NAME : tsp_problem
TYPE : TSP
DIMENSION : 44
EDGE_WEIGHT_TYPE : EXPLICIT
EDGE_WEIGHT_FORMAT : FULL_MATRIX
EDGE_WEIGHT_SECTION
0 540 1085 991 663 801 508 345 1028 1018 576 1037 898 426 485 791 883 887 893 321 891 432 823 392 678 858 520 488 340 441 286 223 1032 791 1025 879 450 438 531 984 832 821 1013 494
674 0 583 489 251 299 570 719 526 517 164 535 1314 295 901 1206 381 385 391 270 389 155 389 459 176 356 107 357 756 622 289 497 531 1206 523 377 518 785 119 483 330 319 511 841
1180 583 0 204 748 495 766 915 211 221 555 201 1819 701 1406 1712 279 263 347 816 292 700 586 821 448 283 615 639 1261 818 834 1042 206 1712 230 272 855 981 664 210 526 321 226 1037
1086 489 204 0 653 400 671 821 204 197 461 194 1725 607 1312 1618 185 169 253 721 197 605 491 727 354 189 520 545 1167 724 740 947 198 1618 204 178 761 887 570 163 432 227 192 943
798 251 748 653 0 308 723 873 691 681 287 700 1437 418 1024 1330 545 549 555 394 553 278 238 583 389 520 231 481 879 776 412 620 695 1330 687 541 641 939 171 647 270 483 675 995
895 299 495 400 308 0 481 630 438 428 271 447 1535 417 1122 1427 293 296 302 531 300 415 146 536 164 267 330 355 977 534 549 757 442 1427 435 288 571 696 379 394 143 230 423 753
469 570 766 671 723 481 0 204 709 699 541 717 1108 405 695 1001 563 567 573 381 571 492 572 182 435 538 579 343 550 107 346 489 713 1001 705 559 216 270 591 665 512 501 693 326
307 719 915 821 873 630 204 0 858 848 691 867 946 554 533 839 713 717 722 530 720 641 721 332 584 687 729 492 388 137 496 463 862 839 855 709 366 134 740 814 662 650 843 191
1123 526 211 204 691 438 709 858 0 220 498 200 1762 644 1349 1655 222 206 290 759 235 643 528 764 391 226 558 582 1204 761 777 985 205 1655 229 215 798 924 607 201 469 264 226 980
1113 517 221 197 681 428 699 848 220 0 488 210 1753 635 1339 1645 212 196 280 749 225 633 519 754 382 217 548 573 1194 752 767 975 215 1645 232 205 788 914 597 191 460 254 219 971
710 164 555 461 287 271 541 691 498 488 0 507 1350 331 936 1242 353 357 362 306 361 190 361 495 148 328 143 393 791 594 325 532 502 1242 495 349 553 757 155 454 302 291 483 813
1132 535 201 194 700 447 717 867 200 210 507 0 1771 653 1358 1664 231 215 299 767 244 652 537 773 400 235 566 591 1213 770 786 994 195 1664 219 224 807 933 616 199 478 273 216 989
808 1283 1821 1727 1406 1536 1110 947 1764 1754 1318 1773 0 1168 598 200 1619 1623 1628 1063 1626 1175 1565 1134 1420 1593 1262 1231 749 1043 1029 965 1768 278 1761 1615 1192 1040 1274 1720 1568 1556 1749 1096
560 295 701 607 418 417 405 554 644 635 331 653 1199 0 786 1092 499 503 509 156 507 187 507 345 370 474 274 243 641 457 174 382 648 1092 641 495 403 620 286 600 448 437 629 677
395 869 1408 1313 993 1123 697 534 1351 1341 905 1360 598 755 0 490 1205 1209 1215 650 1213 761 1152 721 1007 1180 849 817 336 630 616 552 1355 490 1348 1201 779 627 860 1307 1155 1143 1335 683
701 1175 1714 1619 1298 1429 1003 840 1657 1647 1211 1665 200 1061 490 0 1511 1515 1521 956 1519 1067 1458 1027 1313 1486 1155 1123 642 936 922 858 1661 170 1653 1507 1085 933 1166 1613 1460 1449 1641 989
978 381 279 185 545 293 563 713 222 212 353 231 1617 499 1204 1510 0 103 145 613 107 498 383 619 246 81 412 437 1059 616 632 840 226 1510 219 95 653 779 462 178 324 119 207 835
982 385 263 169 549 296 567 717 206 196 357 215 1621 503 1208 1514 103 0 149 617 111 502 387 623 250 85 416 441 1063 620 636 843 210 1514 203 99 657 783 466 162 328 123 191 839
987 391 347 253 555 302 573 722 290 280 362 299 1627 509 1214 1519 145 149 0 623 153 507 393 628 256 126 422 447 1068 626 641 849 294 1519 287 141 662 788 471 246 334 164 275 845
455 270 816 721 394 531 381 530 759 749 306 767 1095 156 681 987 613 617 623 0 621 162 553 240 408 588 250 218 536 433 135 277 763 987 755 609 298 596 261 715 562 551 743 652
986 389 292 197 553 300 571 720 235 225 361 244 1625 507 1212 1518 107 111 153 621 0 505 391 626 254 89 420 445 1067 624 639 847 239 1518 231 103 661 787 469 191 332 126 219 843
566 155 700 605 278 415 492 641 643 633 190 652 1206 187 793 1098 498 502 507 162 505 0 437 351 293 472 134 249 648 545 181 389 647 1098 640 494 410 707 146 599 447 435 628 764
957 389 586 491 238 146 572 721 528 519 361 537 1596 507 1183 1489 383 387 393 553 391 437 0 627 255 358 390 446 1038 624 571 779 533 1489 525 379 661 787 330 485 108 321 513 843
526 459 821 727 583 536 182 332 764 754 495 773 1165 345 752 1058 619 623 628 240 626 351 627 0 490 593 439 398 607 235 206 348 768 1058 761 615 272 398 450 720 568 556 749 454
812 176 448 354 389 164 435 584 391 382 148 400 1452 370 1038 1344 246 250 256 408 254 293 255 490 0 221 207 308 893 487 427 634 396 1344 388 242 524 650 257 348 195 184 376 706
953 356 283 189 520 267 538 687 226 217 328 235 1592 474 1179 1484 81 85 126 588 89 472 358 593 221 0 387 412 1034 591 606 814 230 1485 223 77 628 754 436 182 299 100 211 810
654 107 615 520 231 330 579 729 558 548 143 566 1293 274 880 1186 412 416 422 250 420 134 390 439 207 387 0 337 735 632 268 476 562 1186 554 408 497 795 98 514 362 350 542 851
622 357 639 545 481 355 343 492 582 573 393 591 1262 243 849 1154 437 441 447 218 445 249 446 398 308 412 337 0 704 396 237 445 587 1154 579 433 432 558 348 539 386 375 567 615
250 724 1263 1168 848 978 552 389 1206 1196 760 1215 749 610 336 642 1060 1064 1070 505 1068 616 1007 576 862 1035 704 672 0 485 471 407 1210 642 1203 1056 634 482 715 1162 1010 998 1190 538
402 622 818 724 776 534 107 137 761 752 594 770 1042 457 629 934 616 620 626 433 624 545 624 235 487 591 632 396 484 0 399 541 766 934 758 612 269 204 644 718 565 554 746 260
421 289 834 740 412 549 346 496 777 767 325 786 1060 174 647 953 632 636 641 135 639 181 571 206 427 606 268 237 502 399 0 243 781 953 774 628 264 562 280 733 581 569 762 618
357 497 1042 947 620 757 489 443 985 975 532 994 996 382 583 889 840 843 849 277 847 389 779 348 634 814 476 445 438 539 243 0 989 889 982 835 406 536 488 941 789 777 969 592
1127 531 206 198 695 442 713 862 205 215 502 195 1767 648 1353 1659 226 210 294 763 239 647 533 768 396 230 562 587 1208 766 781 989 0 1659 224 219 802 928 611 204 473 268 220 985
701 1175 1714 1619 1298 1429 1003 840 1657 1647 1211 1665 278 1061 490 170 1511 1515 1521 956 1519 1067 1458 1027 1313 1486 1155 1123 642 936 922 858 1661 0 1653 1507 1085 933 1166 1613 1460 1449 1641 989
1120 523 230 204 687 435 705 855 229 232 495 219 1759 641 1346 1652 219 203 287 755 231 640 525 761 388 223 554 579 1201 758 774 982 224 1652 0 212 795 921 604 197 466 261 226 977
974 377 272 178 541 288 559 709 215 205 349 224 1613 495 1200 1506 95 99 141 609 103 494 379 615 242 77 408 433 1055 612 628 835 219 1506 212 0 649 775 458 171 320 115 200 831
584 518 855 761 641 571 216 366 798 788 553 807 1223 403 810 1116 653 657 662 298 661 410 661 272 524 628 497 432 665 269 264 406 802 1116 795 649 0 432 509 754 602 591 783 488
399 785 981 887 939 696 270 134 924 914 757 933 1039 620 626 931 779 783 788 596 787 707 787 398 650 754 795 558 480 204 562 556 928 931 921 775 432 0 806 880 728 717 909 108
665 119 664 570 171 379 591 740 607 597 155 616 1305 286 892 1197 462 466 471 261 469 146 330 450 257 436 98 348 746 644 280 488 611 1197 604 458 509 806 0 563 390 399 592 863
1079 483 210 163 647 394 665 814 201 191 454 199 1719 600 1305 1611 178 162 246 715 191 599 485 720 348 182 514 539 1160 718 733 941 204 1611 197 171 754 880 563 0 425 220 185 937
927 330 526 432 270 143 512 662 469 460 302 478 1566 448 1153 1459 324 328 334 562 332 447 108 568 195 299 362 386 1008 565 581 789 473 1459 466 320 602 728 390 425 0 262 454 784
916 319 321 227 483 230 501 650 264 254 291 273 1555 437 1142 1448 119 123 164 551 126 435 321 556 184 100 350 375 997 554 569 777 268 1448 261 115 591 717 399 220 262 0 249 773
1108 511 226 192 675 423 693 843 226 219 483 216 1747 629 1334 1640 207 191 275 743 219 628 513 749 376 211 542 567 1189 746 762 969 220 1640 226 200 783 909 592 185 454 249 0 965
456 841 1037 943 995 753 326 191 980 971 813 989 1095 677 682 988 835 839 845 652 843 764 843 454 706 810 851 615 537 260 618 612 985 988 977 831 488 108 863 937 784 773 965 0
EOF