NAME : tsp_problem
TYPE : TSP
DIMENSION : 78
EDGE_WEIGHT_TYPE : EXPLICIT
EDGE_WEIGHT_FORMAT : FULL_MATRIX
EDGE_WEIGHT_SECTION
0 341 520 489 611 351 146 355 1352 326 530 265 363 763 515 359 447 352 563 325 337 515 209 645 496 371 358 470 333 230 446 760 264 439 415 353 455 492 659 1370 513 301 777 282 359 421 518 416 677 666 674 510 330 600 431 141 1115 609 493 555 296 1226 592 353 444 938 376 397 353 202 539 501 276 298 412 350 526 347
341 0 290 258 870 120 274 124 1611 105 299 525 132 1023 284 128 707 612 822 347 125 774 469 904 266 630 617 729 118 489 468 762 286 698 674 375 224 261 919 1629 535 323 1036 541 128 190 778 185 497 486 494 279 111 370 200 401 1374 868 263 814 318 1486 851 155 214 1198 635 656 612 223 798 270 535 557 671 609 785 116
520 290 0 219 1050 256 454 263 1791 261 455 704 255 1202 194 271 886 791 1002 526 282 954 648 1084 194 810 797 909 275 669 648 919 466 878 853 554 193 199 1098 1809 714 502 1216 721 248 202 957 196 654 643 651 199 268 180 211 580 1554 1048 214 994 498 1665 1030 311 203 1377 815 836 792 403 977 189 715 737 851 789 965 228
489 258 219 0 1019 224 422 231 1759 230 424 673 224 1171 224 240 855 760 970 495 251 922 617 1052 224 779 766 877 243 638 616 888 435 847 822 523 204 229 1067 1777 683 471 1184 690 216 170 926 165 622 612 620 229 236 210 180 549 1522 1016 242 963 466 1634 999 280 193 1346 784 804 761 372 946 219 684 705 820 757 934 197
611 870 1050 1019 0 881 631 884 982 856 1059 393 892 394 1044 889 205 304 130 853 867 490 433 66 1026 514 500 639 863 498 976 1290 794 571 512 883 985 1022 80 1000 1043 831 407 359 889 951 444 946 1206 1196 1204 1039 859 1130 961 529 745 37 1023 340 826 857 376 883 974 569 519 711 495 731 323 1031 648 368 388 492 311 877
351 120 256 224 881 0 284 111 1621 92 286 535 119 1033 250 115 717 622 832 357 112 784 479 914 232 641 627 739 105 500 478 749 296 709 684 385 190 227 929 1639 545 333 1046 552 115 157 788 151 484 474 481 245 98 336 166 411 1384 878 229 824 328 1496 861 142 180 1208 646 666 623 234 808 236 546 567 681 619 796 103
146 274 454 422 631 284 0 288 1371 259 463 285 296 783 448 292 467 372 582 258 270 534 229 664 430 391 377 489 266 249 380 693 198 458 434 286 388 425 679 1389 446 234 796 302 292 354 538 349 610 599 607 443 263 534 364 161 1134 628 427 574 229 1246 611 286 378 958 396 416 372 135 558 434 296 317 431 369 546 280
355 124 263 231 884 111 288 0 1625 95 290 538 123 1037 257 119 720 626 836 361 116 788 483 918 239 644 631 743 109 503 482 753 300 712 688 389 197 235 933 1643 549 337 1050 555 119 164 792 158 488 477 485 252 102 343 173 415 1388 882 236 828 332 1500 865 146 187 1212 649 670 626 237 812 244 549 571 685 623 799 107
1353 1612 1792 1761 972 1623 1373 1626 0 1598 1801 1135 1634 719 1786 1631 947 1046 935 1318 1609 1232 1175 936 1768 1113 1228 1105 1605 1240 1491 2032 1536 1036 977 1568 1727 1764 921 1742 1785 1333 732 1101 1631 1693 910 1688 1948 1938 1946 1781 1601 1872 1703 1271 306 976 1765 1082 1568 260 1118 1625 1716 598 1168 1177 1134 1446 1065 1773 1114 1110 1130 1219 1053 1619
326 105 261 230 856 92 259 95 1596 0 270 510 103 1008 256 100 692 597 807 332 97 759 454 889 237 616 602 714 90 475 453 734 271 684 659 360 196 233 904 1614 520 308 1021 527 100 162 763 157 468 458 466 251 83 341 172 386 1359 853 234 799 303 1471 836 126 185 1183 621 641 598 209 783 242 521 542 656 594 771 88
530 299 455 424 1059 286 463 290 1800 270 0 713 298 1212 450 294 895 801 1011 536 291 963 658 1093 431 819 806 918 284 678 657 539 475 887 863 564 390 427 1108 1818 341 512 1225 730 294 356 967 351 274 263 271 445 277 536 366 590 1563 1057 429 1003 507 1674 1040 321 379 1387 824 845 801 412 987 436 724 746 860 798 974 282
265 525 704 673 393 535 285 538 1134 510 713 0 546 546 699 543 230 135 345 509 521 297 88 427 680 168 154 550 517 152 630 944 448 248 297 537 639 676 442 1152 697 485 559 64 543 605 400 600 860 850 858 694 513 784 615 183 897 391 677 337 480 1009 374 537 628 721 173 477 150 386 321 685 399 80 194 146 308 531
363 132 255 224 892 119 296 123 1633 103 298 546 0 1045 249 127 728 634 844 369 124 796 491 926 231 652 639 751 117 511 490 761 308 720 696 397 189 227 941 1651 557 345 1058 563 127 156 800 150 496 485 493 244 110 335 165 423 1396 890 228 836 340 1508 873 154 179 1220 657 678 634 245 820 236 557 579 693 631 807 115
765 1024 1204 1172 383 1034 784 1038 719 1009 1213 547 1046 0 1198 1042 359 458 346 730 1020 644 587 348 1180 525 640 516 1016 652 903 1444 948 448 389 979 1138 1176 332 1154 1196 744 73 513 1042 1105 321 1099 1360 1350 1357 1193 1013 1284 1114 682 482 388 1177 493 980 594 530 1036 1128 306 579 589 546 858 477 1184 526 522 541 630 465 1030
515 284 194 224 1044 250 448 257 1785 256 450 699 249 1197 0 266 881 786 996 521 276 948 643 1078 200 804 791 903 269 663 642 913 460 872 848 549 198 205 1093 1803 709 497 1210 715 242 196 952 191 648 637 645 204 262 185 206 575 1548 1042 219 988 492 1660 1025 306 208 1372 810 830 786 397 972 195 709 731 845 783 959 222
359 128 271 240 889 115 292 119 1629 100 294 543 127 1041 266 0 725 630 840 365 120 792 487 922 247 649 635 747 113 508 486 757 304 716 692 393 206 243 937 1647 553 341 1054 560 123 172 796 167 492 482 489 261 106 352 182 419 1392 886 244 832 336 1504 869 150 195 1216 654 674 631 242 816 252 554 575 689 627 804 111
447 707 886 855 205 717 467 720 946 692 895 230 728 358 881 725 0 141 157 691 703 326 269 239 862 350 336 603 699 334 812 1126 630 430 476 719 821 858 254 964 879 667 371 195 725 787 408 782 1042 1032 1040 876 695 966 797 365 709 203 859 176 662 821 212 719 810 533 355 659 332 567 159 867 581 204 224 328 147 713
352 612 791 760 304 622 372 626 1045 597 801 135 634 457 786 630 141 0 256 596 608 231 175 338 767 255 242 637 604 239 717 1031 535 335 384 624 726 763 353 1063 784 572 470 100 630 692 488 687 948 937 945 781 601 871 702 270 808 302 764 248 567 920 285 624 715 632 260 564 237 473 232 772 486 109 129 233 219 618
563 822 1002 970 130 832 582 836 933 807 1011 345 844 345 996 840 157 256 0 804 818 442 385 164 978 465 452 590 814 450 927 1241 746 522 463 834 936 973 179 952 994 782 358 311 840 902 395 897 1158 1147 1155 991 811 1082 912 480 696 128 975 291 777 808 328 834 925 520 470 663 447 683 275 982 600 319 339 444 262 828
325 347 526 495 821 357 258 361 1350 332 536 509 369 761 521 365 691 596 784 0 343 758 453 786 502 474 589 428 339 474 373 766 271 397 373 359 461 498 770 1591 519 131 775 526 365 427 477 422 683 672 680 516 336 606 437 385 1113 825 499 798 302 1224 835 359 450 936 529 355 495 174 782 507 277 541 655 580 770 353
337 125 282 251 867 112 270 116 1607 97 291 521 124 1019 276 120 703 608 818 343 0 770 465 900 258 627 613 725 110 486 464 755 282 695 670 371 216 254 915 1625 531 319 1032 538 121 183 774 177 489 479 487 271 103 362 192 397 1370 864 255 810 314 1482 847 147 206 1194 632 652 609 220 794 263 532 553 667 605 782 108
515 774 954 922 490 784 534 788 1231 759 963 297 796 642 948 792 326 231 442 758 770 0 337 524 930 417 404 800 766 402 879 1193 698 498 546 786 888 925 538 1249 946 734 656 263 792 854 650 849 1110 1099 1107 943 763 1034 864 432 994 488 927 284 729 1105 207 786 878 818 422 726 399 635 243 934 648 272 185 396 273 780
209 469 648 617 433 479 229 483 1174 454 658 88 491 586 643 487 269 175 385 453 465 337 0 467 624 193 180 553 461 96 574 888 393 274 322 481 583 620 482 1192 641 429 599 104 487 549 426 544 805 794 802 638 458 728 559 127 937 431 621 377 424 1049 414 481 572 761 198 480 175 330 361 629 359 120 234 172 348 475
645 904 1084 1052 66 914 664 918 1015 889 1093 427 926 427 1078 922 239 338 164 886 900 524 467 0 1060 547 534 672 896 532 1010 1323 828 604 545 916 1018 1055 45 1034 1076 864 440 393 922 984 477 979 1240 1229 1237 1073 893 1164 994 562 778 70 1057 373 859 890 410 916 1008 602 552 745 529 765 357 1064 682 402 421 526 345 910
496 266 194 224 1026 232 430 239 1767 237 431 680 231 1178 200 247 862 767 978 502 258 930 624 1060 0 786 773 885 251 645 624 895 442 854 829 530 198 205 1074 1785 690 478 1192 697 224 178 933 172 630 619 627 204 244 186 187 556 1530 1024 219 970 473 1641 1006 287 201 1353 791 812 768 379 953 195 691 713 827 765 941 204
371 630 810 779 514 641 391 644 1144 616 819 168 652 556 804 649 350 255 465 474 627 417 193 547 786 0 260 422 623 258 648 1050 554 150 168 643 745 782 562 1272 803 489 569 185 649 711 272 706 966 956 964 799 619 890 721 289 908 511 783 457 586 1019 494 643 734 731 279 348 247 491 441 791 270 200 314 252 429 637
358 617 797 766 500 627 377 631 1241 602 806 154 639 653 791 635 336 242 452 589 613 404 180 534 773 260 0 537 610 245 723 1037 541 265 283 629 731 769 549 1259 790 577 666 171 636 698 387 692 953 943 951 786 606 877 707 275 1004 498 770 444 573 1115 481 629 721 828 265 463 242 478 428 778 385 187 301 239 415 623
470 729 909 877 607 739 489 743 1136 714 918 550 751 548 903 747 583 637 570 428 725 800 553 572 885 422 537 0 721 573 601 1143 653 345 320 678 843 881 556 1378 896 443 561 567 747 810 217 804 1059 1049 1057 898 718 989 819 485 899 612 882 717 685 1011 754 741 833 723 476 166 442 556 701 890 224 583 697 527 688 735
333 118 275 243 863 105 266 109 1603 90 284 517 117 1015 269 113 699 604 814 339 110 766 461 896 251 623 610 721 0 482 460 747 279 691 666 367 209 247 911 1621 527 315 1028 534 113 176 770 170 482 472 479 264 96 355 185 393 1366 860 248 806 310 1478 843 140 199 1190 628 648 605 216 790 255 528 549 664 601 778 101
230 489 669 638 498 500 249 503 1239 475 678 152 511 650 663 508 334 239 450 474 486 402 96 532 645 258 245 573 482 0 595 909 413 339 387 502 604 641 546 1257 662 450 664 169 508 570 491 565 825 815 823 658 478 749 580 148 1002 496 642 442 445 1113 479 501 593 825 263 500 240 350 426 650 380 185 299 237 413 496
446 468 648 616 976 478 380 482 1523 453 657 630 490 934 642 486 812 717 927 373 464 879 574 959 624 648 723 601 460 595 0 607 237 571 546 199 582 619 943 1735 360 387 948 647 486 548 650 543 523 513 520 637 457 728 558 506 1286 973 621 920 199 1397 956 480 572 1110 702 528 668 329 903 628 450 663 777 715 891 474
760 762 919 888 1290 749 693 753 2030 734 539 944 761 1442 913 757 1126 1031 1241 766 755 1193 888 1323 895 1050 1037 1143 747 909 607 0 551 1112 1087 513 853 891 1338 2049 278 742 1455 961 757 820 1191 814 392 382 389 908 740 999 829 820 1793 1287 892 1234 513 1905 1270 784 843 1617 1055 1070 1032 643 1217 900 955 977 1091 1029 1205 745
264 286 466 435 794 296 198 300 1535 271 475 448 308 946 460 304 630 535 746 271 282 698 393 828 442 554 541 653 279 413 237 551 0 622 598 144 400 438 842 1553 304 247 960 465 305 367 702 361 467 457 465 455 275 546 376 325 1298 792 439 738 143 1409 775 298 390 1122 559 580 536 147 722 447 459 481 595 533 709 293
439 698 878 847 539 709 458 712 1068 684 887 248 720 479 872 716 430 335 502 397 695 498 274 504 854 150 265 345 691 339 571 1112 622 0 91 647 812 850 488 1309 865 412 493 265 717 779 195 774 1028 1018 1026 867 687 958 788 369 831 543 851 538 654 942 575 710 802 654 204 271 171 526 522 859 193 281 395 255 509 705
415 674 853 822 480 684 434 688 1009 659 863 297 696 420 848 692 456 384 443 373 670 546 322 445 829 168 283 320 666 387 546 1087 598 91 0 622 788 825 429 1250 840 387 434 313 692 754 136 749 1004 993 1001 843 663 934 764 418 772 484 827 586 629 883 623 686 777 595 222 247 189 501 570 834 169 329 443 273 557 680
353 375 554 523 883 385 286 389 1599 360 564 537 397 1011 549 393 719 624 834 359 371 786 481 916 530 643 629 678 367 502 199 513 144 647 622 0 489 526 931 1641 266 335 1024 554 393 455 726 450 430 419 427 544 364 634 465 413 1362 880 527 826 106 1474 863 387 478 1186 648 604 625 236 810 535 526 569 683 621 798 381
455 224 193 204 985 190 388 197 1725 196 390 639 189 1137 198 206 821 726 936 461 216 888 583 1018 198 745 731 843 209 604 582 853 400 812 788 489 0 204 1033 1743 649 437 1150 656 182 136 892 131 588 578 585 203 202 184 146 515 1488 982 208 928 432 1600 965 246 159 1312 750 770 727 338 912 194 650 671 785 723 900 162
492 261 199 229 1022 227 425 235 1762 233 427 676 227 1174 205 243 858 763 973 498 254 925 620 1055 205 782 769 881 247 641 619 891 438 850 825 526 204 0 1070 1781 686 474 1187 693 219 173 929 168 625 615 623 209 240 191 183 552 1525 1019 224 966 469 1637 1002 283 197 1349 787 807 764 375 949 200 687 709 823 761 937 200
659 919 1098 1067 80 929 679 933 1030 904 1108 442 941 442 1093 937 254 353 179 901 915 538 482 45 1074 562 549 687 911 546 1024 1338 842 619 560 931 1033 1070 0 1048 1091 879 455 407 937 999 492 994 1255 1244 1252 1088 908 1178 1009 577 793 85 1071 388 874 905 425 931 1022 617 567 760 544 780 372 1079 696 416 436 540 359 925
1370 1629 1809 1777 1000 1639 1389 1643 1741 1614 1818 1152 1651 1152 1803 1647 964 1063 952 1611 1625 1249 1192 1034 1785 1272 1259 1398 1621 1257 1735 1654 1553 1329 1270 1641 1743 1781 1048 0 1801 1589 1166 1118 1647 1710 1202 1704 1940 1930 1938 1798 1618 1889 1719 1287 1504 998 1782 1098 1585 1615 1135 1641 1733 1327 1277 1470 1254 1490 1082 1790 1407 1127 1146 1251 1070 1635
513 535 714 683 1043 545 446 549 1783 520 341 697 557 1195 709 553 879 784 994 519 531 946 641 1076 690 803 790 896 527 662 360 278 304 865 840 266 649 686 1091 1801 0 495 1208 714 553 615 944 610 194 184 191 704 524 794 625 573 1546 1040 687 986 266 1658 1023 547 638 1370 808 822 785 396 970 695 708 729 844 781 958 541
301 323 502 471 831 333 234 337 1364 308 512 485 345 776 497 341 667 572 782 131 319 734 429 800 478 489 577 443 315 450 387 742 247 412 387 335 437 474 784 1589 495 0 789 502 341 403 491 398 659 648 656 492 312 582 413 361 1127 828 475 774 278 1239 811 335 426 951 543 369 509 150 758 483 291 517 632 569 746 329
778 1037 1217 1186 396 1048 797 1051 732 1023 1226 560 1059 73 1211 1056 372 471 360 743 1034 657 600 361 1193 538 653 530 1030 665 916 1457 961 461 402 993 1152 1189 346 1167 1210 758 0 526 1056 1118 334 1113 1373 1363 1371 1206 1026 1297 1128 696 495 401 1190 507 993 607 543 1050 1141 319 593 602 559 871 490 1198 539 535 555 644 478 1044
282 541 721 690 359 552 302 555 1100 527 730 64 563 511 715 560 195 100 311 526 538 263 104 393 697 185 171 567 534 169 647 961 465 265 313 554 656 693 407 1118 714 502 525 0 560 622 417 617 877 867 875 710 530 801 632 200 863 357 694 303 497 974 340 554 645 687 190 494 167 402 287 702 416 59 160 163 274 548
359 128 248 216 889 115 292 119 1629 100 294 543 127 1041 242 123 725 630 840 365 121 792 487 922 224 649 636 747 113 508 486 757 305 717 692 393 182 219 937 1647 553 341 1054 560 0 148 796 143 492 482 489 237 106 328 158 419 1392 886 221 832 336 1504 869 150 171 1216 654 674 631 242 816 228 554 575 690 627 804 111
421 190 202 170 951 157 354 164 1691 162 356 605 156 1103 196 172 787 692 902 427 183 854 549 984 178 711 698 810 176 570 548 820 367 779 754 455 136 173 999 1710 615 403 1116 622 148 0 858 97 554 544 552 191 169 216 112 481 1454 948 175 895 398 1566 931 212 126 1278 716 736 693 304 878 182 616 638 752 690 866 129
518 778 957 926 412 788 538 792 941 763 967 400 800 352 952 796 388 487 375 477 774 650 426 377 933 272 387 217 770 491 650 1191 702 195 136 726 892 929 361 1182 944 491 366 417 796 858 0 853 1108 1097 1105 947 767 1037 868 521 704 417 930 522 733 815 559 790 881 528 326 290 292 605 506 938 273 433 547 377 493 784
416 185 196 165 946 151 349 158 1686 157 351 600 150 1098 191 167 782 687 897 422 177 849 544 979 172 706 692 804 170 565 543 814 361 774 749 450 131 168 994 1704 610 398 1111 617 143 97 853 0 549 539 546 186 163 221 107 476 1449 943 169 889 393 1561 926 207 120 1273 711 731 688 299 873 177 611 632 746 684 861 123
677 497 654 622 1206 484 610 488 1947 468 274 860 496 1359 648 492 1042 948 1158 683 489 1110 805 1240 630 966 953 1059 482 825 523 392 467 1028 1004 430 588 625 1255 1965 194 659 1372 877 492 554 1108 549 0 109 102 643 475 734 564 737 1710 1204 627 1150 429 1821 1187 519 578 1534 971 986 948 559 1134 634 871 893 1007 945 1121 480
666 486 643 612 1196 474 599 477 1936 458 263 850 485 1348 637 482 1032 937 1147 672 479 1099 794 1229 619 956 943 1049 472 815 513 382 457 1018 993 419 578 615 1244 1955 184 648 1361 867 482 544 1097 539 109 0 113 632 465 723 554 726 1699 1193 616 1140 419 1811 1176 508 567 1523 961 975 938 549 1123 624 861 883 997 935 1111 470
674 494 651 620 1204 481 607 485 1944 466 271 858 493 1356 645 489 1040 945 1155 680 487 1107 802 1237 627 964 951 1057 479 823 520 389 465 1026 1001 427 585 623 1252 1962 191 656 1369 875 489 552 1105 546 102 113 0 640 472 731 561 734 1707 1201 624 1147 427 1819 1184 516 575 1531 969 983 946 557 1131 632 869 890 1005 942 1119 477
510 279 199 229 1039 245 443 252 1780 251 445 694 244 1192 204 261 876 781 991 516 271 943 638 1073 204 799 786 898 264 658 637 908 455 867 843 544 203 209 1088 1798 704 492 1205 710 237 191 947 186 643 632 640 0 257 190 201 570 1543 1037 224 983 487 1655 1020 301 213 1367 805 825 781 392 967 200 704 726 840 778 954 217
330 111 268 236 859 98 263 102 1600 83 277 513 110 1012 262 106 695 601 811 336 103 763 458 893 244 619 606 718 96 478 457 740 275 687 663 364 202 240 908 1618 524 312 1025 530 106 169 767 163 475 465 472 257 0 348 178 390 1363 857 241 803 307 1474 840 133 192 1187 624 645 601 212 787 248 524 546 660 598 774 94
600 370 180 210 1130 336 534 343 1871 341 536 784 335 1282 185 352 966 871 1082 606 362 1034 728 1164 186 890 877 989 355 749 728 999 546 958 934 634 184 191 1178 1889 794 582 1296 801 328 216 1037 221 734 723 731 190 348 0 207 660 1634 1128 205 1074 578 1745 1111 391 194 1457 895 916 872 483 1057 181 795 817 931 869 1045 308
431 200 211 180 961 166 364 173 1701 172 366 615 165 1113 206 182 797 702 912 437 192 864 559 994 187 721 707 819 185 580 558 829 376 788 764 465 146 183 1009 1719 625 413 1126 632 158 112 868 107 564 554 561 201 178 207 0 491 1464 958 184 904 408 1576 941 222 135 1288 726 746 703 314 888 192 626 647 761 699 876 138
141 401 580 549 529 411 161 415 1269 386 590 183 423 681 575 419 365 270 480 385 397 432 127 562 556 289 275 485 393 148 506 820 325 369 418 413 515 552 577 1287 573 361 694 200 419 481 521 476 737 726 734 570 390 660 491 0 1032 526 553 472 356 1144 509 413 504 856 294 411 271 262 456 561 291 215 330 267 444 407
1116 1375 1555 1524 735 1386 1136 1389 306 1361 1564 898 1397 482 1549 1394 710 809 698 1081 1372 995 938 699 1531 876 991 868 1368 1003 1255 1795 1299 799 740 1331 1490 1527 684 1505 1548 1096 495 864 1394 1456 673 1451 1711 1701 1709 1544 1364 1635 1466 1034 0 739 1528 845 1331 180 881 1388 1479 361 931 940 897 1209 828 1536 877 873 893 982 816 1382
609 868 1048 1016 37 878 628 882 979 853 1057 391 890 391 1042 886 203 302 128 850 864 488 431 70 1024 511 498 636 860 496 973 1287 792 568 509 880 982 1019 85 998 1040 828 404 357 886 948 441 943 1204 1193 1201 1037 857 1128 958 526 742 0 1021 337 823 854 374 880 971 566 516 709 493 729 321 1028 646 365 385 490 308 874
493 263 214 242 1023 229 427 236 1764 234 429 677 228 1175 219 244 859 764 975 499 255 927 621 1057 219 783 770 882 248 642 621 892 439 851 827 527 208 224 1071 1782 687 475 1189 694 221 175 930 169 627 616 624 224 241 205 184 553 1527 1021 0 967 471 1638 1004 284 198 1350 788 809 765 376 950 214 688 710 824 762 938 201
555 814 994 963 340 824 574 828 1080 799 1003 337 836 492 988 832 176 248 291 798 810 284 377 373 970 457 444 737 806 442 920 1234 738 538 586 826 928 966 388 1098 986 774 505 303 832 895 542 889 1150 1140 1147 983 803 1074 904 472 843 337 967 0 770 955 137 826 918 667 462 767 439 675 174 975 688 312 331 436 204 820
296 318 498 466 826 328 229 332 1566 303 507 480 340 978 492 336 662 567 777 302 314 729 424 859 473 586 573 685 310 445 199 513 143 654 629 106 432 469 874 1585 266 278 991 497 336 398 733 393 429 419 427 487 307 578 408 356 1329 823 471 770 0 1441 806 330 421 1153 591 611 568 179 753 478 491 512 627 565 741 324
1228 1487 1667 1635 846 1497 1247 1501 260 1472 1676 1010 1509 594 1661 1505 822 921 809 1193 1483 1107 1050 811 1643 988 1103 979 1479 1115 1366 1907 1411 911 852 1442 1601 1639 795 1617 1659 1207 607 976 1505 1568 784 1562 1823 1812 1820 1656 1476 1747 1577 1145 180 851 1640 956 1442 0 993 1499 1591 472 1042 1052 1009 1321 940 1647 989 985 1004 1093 928 1493
592 851 1030 999 376 861 611 865 1117 836 1040 374 873 529 1025 869 212 285 328 835 847 207 414 410 1006 494 481 774 843 479 956 1270 775 575 623 863 965 1002 425 1135 1023 811 542 340 869 931 579 926 1187 1176 1184 1020 840 1111 941 509 880 374 1004 137 806 992 0 863 954 704 499 803 476 712 97 1011 725 348 344 473 126 857
353 155 311 280 883 142 286 146 1623 126 321 537 154 1035 306 150 719 624 834 359 147 786 481 916 287 643 629 741 140 501 480 784 298 710 686 387 246 283 931 1641 547 335 1048 554 150 212 790 207 519 508 516 301 133 391 222 413 1386 880 284 826 330 1498 863 0 235 1210 648 668 625 236 810 292 548 569 683 621 798 138
444 214 203 193 974 180 378 187 1715 185 379 628 179 1126 208 195 810 715 925 450 206 878 572 1008 201 734 721 833 199 593 572 843 390 802 777 478 159 197 1022 1733 638 426 1140 645 171 126 881 120 578 567 575 213 192 194 135 504 1478 971 198 918 421 1589 954 235 0 1301 739 760 716 327 901 204 639 661 775 713 889 152
940 1199 1379 1348 558 1209 959 1213 598 1184 1388 722 1221 306 1373 1217 534 633 522 905 1195 819 762 523 1355 700 815 691 1191 827 1078 1619 1123 623 564 1155 1313 1351 508 1329 1372 920 319 688 1218 1280 496 1274 1535 1525 1532 1368 1188 1459 1289 857 361 563 1352 669 1155 472 705 1211 1303 0 754 764 721 1033 652 1360 701 697 716 805 640 1205
376 635 815 784 519 646 396 649 1199 621 824 173 657 610 810 654 355 260 470 529 632 422 198 552 791 279 265 476 628 263 702 1055 559 204 222 648 750 787 567 1277 808 543 624 190 654 716 326 711 971 961 969 805 624 895 726 294 962 516 788 462 591 1073 499 648 739 786 0 403 261 496 446 796 324 205 319 257 434 642
397 656 836 804 679 666 416 670 1208 641 845 477 678 620 830 674 655 564 643 355 652 726 480 644 812 348 463 166 648 500 528 1070 580 271 247 604 770 807 629 1450 822 369 633 494 674 736 290 731 986 975 983 825 645 916 746 411 971 684 809 767 611 1083 803 668 760 795 403 0 369 483 750 816 151 510 624 454 738 662
353 612 792 761 495 623 372 626 1165 598 801 150 634 577 786 631 332 237 447 495 609 399 175 529 768 247 242 442 605 240 668 1032 536 171 189 625 727 764 544 1254 785 509 590 167 631 693 292 688 948 938 946 781 601 872 703 271 928 493 765 439 568 1040 476 625 716 752 261 369 0 473 423 773 291 182 296 234 410 619
202 223 403 372 731 234 135 237 1472 209 412 386 245 884 397 242 567 473 683 174 220 635 330 765 379 491 478 556 216 350 329 643 147 526 501 236 338 375 780 1490 396 150 897 402 242 304 605 299 559 549 557 392 212 483 314 262 1235 729 376 675 179 1347 712 236 327 1059 496 483 473 0 659 384 396 418 532 470 646 230
539 798 977 946 323 808 558 812 1064 783 987 321 820 476 972 816 159 232 275 782 794 243 361 357 953 441 428 721 790 426 903 1217 722 522 570 810 912 949 372 1082 970 758 489 287 816 878 526 873 1134 1123 1131 967 787 1057 888 456 827 321 950 174 753 938 97 810 901 651 446 750 423 659 0 958 672 295 315 420 163 804
501 270 189 219 1031 236 434 244 1771 242 436 685 236 1183 195 252 867 772 982 507 263 934 629 1064 195 791 778 890 255 650 628 900 447 859 834 535 194 200 1079 1790 695 483 1196 702 228 182 938 177 634 624 632 200 248 181 192 561 1534 1028 214 975 478 1646 1011 292 204 1358 796 816 773 384 958 0 696 717 832 770 946 209
276 535 715 684 616 546 296 549 1145 521 724 399 557 557 709 554 581 486 580 277 532 648 359 581 691 270 385 224 528 380 450 955 459 193 169 526 650 687 566 1387 708 291 570 416 554 616 273 611 871 861 869 704 524 795 626 291 908 621 688 688 491 1020 725 548 639 732 324 151 291 396 672 696 0 431 546 375 660 542
298 557 737 705 368 567 317 571 1108 542 746 80 579 520 731 575 204 109 319 541 553 272 120 402 713 200 187 583 549 185 663 977 481 281 329 569 671 709 416 1127 729 517 533 59 575 638 433 632 893 883 890 726 546 817 647 215 872 365 710 312 512 983 348 569 661 695 205 510 182 418 295 717 431 0 169 179 283 563
412 671 851 820 388 681 431 685 1128 656 860 194 693 540 845 689 224 129 339 655 667 185 234 421 827 314 301 697 664 299 777 1091 595 395 443 683 785 823 436 1146 844 632 553 160 690 752 547 746 1007 997 1005 840 660 931 761 330 891 385 824 331 627 1003 344 683 775 715 319 624 296 532 315 832 546 169 0 293 303 678
350 609 789 757 492 619 369 623 1233 594 798 146 631 644 783 627 328 233 444 580 605 396 172 526 765 252 239 527 601 237 715 1029 533 255 273 621 723 761 540 1251 781 569 658 163 627 690 377 684 945 935 942 778 598 869 699 267 996 490 762 436 565 1107 473 621 713 820 257 454 234 470 420 770 375 179 293 0 407 615
526 785 965 934 311 796 546 799 1051 771 974 308 807 463 959 804 147 219 262 770 782 273 348 345 941 429 415 709 778 413 891 1205 709 509 557 798 900 937 359 1070 958 746 476 274 804 866 513 861 1121 1111 1119 954 774 1045 876 444 815 308 938 204 741 926 126 798 889 638 434 738 410 646 163 946 660 283 303 407 0 792
347 116 228 197 877 103 280 107 1617 88 282 531 115 1029 222 111 713 618 828 353 108 780 475 910 204 637 623 735 101 496 474 745 293 705 680 381 162 200 925 1635 541 329 1042 548 111 129 784 123 480 470 477 217 94 308 138 407 1380 874 201 820 324 1492 857 138 152 1204 642 662 619 230 804 209 542 563 678 615 792 0
EOF