NAME : tsp_problem
TYPE : TSP
DIMENSION : 86
EDGE_WEIGHT_TYPE : EXPLICIT
EDGE_WEIGHT_FORMAT : FULL_MATRIX
EDGE_WEIGHT_SECTION
0 654 440 687 1018 716 217 265 338 840 150 503 439 902 341 457 193 796 654 391 650 518 272 334 695 887 523 514 91 534 867 806 345 754 542 142 430 676 512 427 888 254 617 707 271 526 395 671 709 397 980 720 283 426 281 244 854 1068 248 524 705 590 832 429 565 850 958 255 845 1557 502 642 692 108 171 509 488 851 335 827 835 414 529 506 811 525
654 0 253 307 419 336 600 497 444 460 586 734 296 521 362 241 533 415 1153 623 270 1016 412 565 314 507 229 849 629 830 487 425 685 373 773 562 662 295 183 358 507 447 123 326 611 757 627 291 328 302 1479 340 456 658 512 476 473 1566 480 840 324 821 451 660 185 469 578 565 464 958 777 262 312 581 568 741 874 471 567 446 454 912 761 738 430 757
440 253 0 286 623 315 580 477 423 439 517 714 276 501 166 56 319 395 978 603 249 842 391 545 294 486 367 829 415 809 466 405 470 353 753 348 642 275 112 162 487 233 327 306 397 737 606 270 308 106 1304 319 436 637 492 455 453 1392 460 819 304 801 431 640 165 449 557 544 444 1162 757 241 292 367 537 720 812 450 547 426 434 738 740 718 410 737
687 307 286 0 465 106 634 530 477 230 619 768 330 292 395 274 567 186 1187 656 98 1050 445 599 103 277 487 883 663 863 257 196 718 144 807 596 695 69 217 391 278 480 381 126 645 791 660 62 98 336 1512 110 490 691 546 509 244 1600 513 873 94 855 221 694 218 240 348 598 235 1185 811 114 82 614 601 774 908 241 601 216 224 946 794 771 201 790
1018 419 623 465 0 481 970 867 814 605 956 1104 666 667 732 611 897 561 1523 993 473 1386 782 935 479 263 543 1219 993 1200 632 571 1049 361 1143 927 1032 444 553 728 217 811 436 502 975 1127 997 437 474 672 1849 485 826 1028 883 846 619 1936 850 1210 470 1191 597 1030 510 615 723 935 610 826 1147 489 457 945 938 1111 1244 616 937 592 600 1282 1131 1108 305 1127
716 336 315 106 481 0 663 559 506 156 648 797 359 217 424 303 596 111 1216 686 115 1079 474 628 120 294 516 912 692 892 183 121 747 160 836 625 725 86 246 420 294 509 410 143 674 820 689 79 89 365 1541 110 519 720 575 538 169 1629 543 902 83 884 147 723 248 165 274 627 160 1202 840 130 83 643 630 803 937 166 630 142 150 975 823 800 217 820
217 600 580 634 970 663 0 199 272 787 288 436 386 849 485 568 337 743 798 325 597 661 416 267 641 834 666 552 235 532 814 753 488 700 475 286 364 622 510 571 835 397 674 654 415 459 329 618 655 541 1124 667 216 360 215 178 801 1211 182 542 651 523 778 363 512 796 905 267 792 1509 479 589 639 252 270 443 576 798 269 773 781 557 463 440 757 459
265 497 477 530 867 559 199 0 168 683 185 268 282 745 564 464 416 639 687 156 493 550 353 99 538 730 677 383 313 363 710 649 567 597 307 365 195 519 407 581 731 476 571 550 494 291 160 514 552 526 1012 563 113 191 59 67 697 1100 64 373 548 355 675 194 409 693 801 163 688 1406 311 485 536 331 167 274 407 694 100 670 678 446 294 271 654 290
338 444 423 477 814 506 272 168 0 630 257 406 229 692 532 411 421 586 824 294 440 688 300 237 485 677 624 521 386 501 657 596 572 544 444 438 333 466 354 528 678 481 518 497 499 429 298 461 499 473 1150 510 128 329 184 147 644 1238 151 511 495 493 622 332 355 640 748 236 635 1352 449 432 482 403 239 412 545 641 238 617 625 584 432 409 601 428
840 460 439 230 605 156 787 683 630 0 772 921 482 226 548 427 720 181 1339 809 238 1203 598 752 244 418 640 1036 816 1016 220 191 871 284 960 749 848 209 369 544 418 633 534 267 798 944 813 202 196 488 1665 217 643 844 699 662 215 1753 666 1026 190 1008 193 847 371 220 201 751 225 1326 964 254 190 767 754 927 1060 234 753 198 219 1099 947 924 341 943
150 586 517 619 956 648 288 185 257 772 0 422 371 834 418 534 270 728 731 311 582 594 349 253 627 819 600 537 168 517 799 738 422 686 461 219 350 608 496 504 820 331 660 639 348 445 314 603 641 474 1057 652 202 345 200 163 786 1144 168 527 637 509 764 348 498 782 890 252 777 1495 465 574 625 185 247 429 562 783 255 759 767 490 448 426 743 445
503 734 714 768 1104 797 436 268 406 921 422 0 520 983 801 702 653 876 822 292 731 686 590 235 775 968 914 519 551 499 948 887 805 834 96 602 331 756 644 819 968 714 808 787 731 80 190 752 789 763 1148 801 350 327 276 305 935 1236 302 509 785 161 912 330 646 930 1039 401 925 1643 447 723 773 568 404 278 543 932 236 907 915 582 285 61 891 80
439 296 276 330 666 359 386 282 229 482 371 520 0 544 384 263 319 438 938 408 292 802 197 351 337 530 476 635 415 615 510 448 470 396 558 348 447 318 206 381 530 379 370 349 397 543 412 314 351 325 1264 363 242 443 298 261 496 1352 265 625 347 607 474 446 208 492 600 350 487 1205 563 285 335 366 353 526 659 493 352 469 477 698 546 523 453 542
902 521 501 292 667 217 849 745 692 226 834 983 544 0 610 489 781 225 1401 871 300 1265 660 814 306 479 702 1098 877 1078 215 214 933 346 1021 811 910 271 431 606 480 695 596 329 860 1006 875 264 258 550 1727 279 705 906 761 724 210 1815 728 1088 252 1070 189 909 433 215 196 813 221 1387 1026 316 252 829 816 989 1122 230 815 194 231 1161 1009 986 403 1005
341 362 166 395 732 424 485 564 532 548 418 801 384 610 0 165 221 504 880 690 358 743 299 632 402 595 268 739 317 759 575 514 372 462 840 250 729 384 220 173 596 134 362 415 299 824 693 379 416 143 1206 428 545 724 579 542 562 1293 547 750 412 888 539 727 273 558 666 523 553 1270 728 350 400 268 439 808 714 559 634 534 542 639 827 805 519 824
457 241 56 274 611 303 568 464 411 427 534 702 263 489 165 0 337 383 996 590 237 859 379 533 281 474 384 817 433 797 454 393 488 341 741 366 629 263 111 161 475 250 315 294 415 725 594 258 295 106 1322 307 424 625 480 443 441 1409 447 807 291 789 418 628 152 437 545 532 432 1149 745 229 279 384 535 708 830 438 534 413 421 755 728 705 398 724
193 533 319 567 897 596 337 416 421 720 270 653 319 781 221 337 0 675 732 542 530 595 152 484 574 767 402 591 169 611 747 685 184 633 692 102 581 555 392 306 767 133 496 586 111 676 546 551 588 277 1058 600 433 577 432 395 733 1145 399 602 584 740 711 579 445 729 838 376 724 1436 580 522 572 120 291 660 566 730 486 706 714 491 680 657 690 676
796 415 395 186 561 111 743 639 586 181 728 876 438 225 504 383 675 0 1295 765 194 1158 554 707 200 373 596 992 771 972 208 147 827 240 915 705 804 165 325 500 374 589 489 223 753 899 769 158 152 444 1621 173 599 800 655 618 195 1708 622 982 146 963 172 803 327 190 200 707 186 1281 919 210 146 723 710 883 1016 192 709 167 175 1054 903 880 297 899
623 1155 947 1188 1525 1217 767 688 826 1341 700 824 940 1403 849 965 701 1297 0 565 1151 233 780 630 1195 1388 1030 533 564 553 1368 1307 691 1255 786 650 534 1177 1020 935 1389 761 1124 1208 764 847 716 1172 1209 905 510 1221 771 543 697 725 1355 598 722 544 1205 720 1332 539 1066 1351 1459 805 1346 1898 522 1143 1193 616 721 640 508 1352 633 1327 1335 380 659 821 1312 803
391 623 603 656 993 686 325 156 294 809 311 292 408 871 690 590 542 765 564 0 619 427 479 98 664 856 803 260 440 240 837 775 634 723 298 491 73 645 533 707 857 602 697 676 620 315 185 641 678 652 889 690 239 68 165 194 823 977 191 250 674 232 801 71 535 819 927 289 814 1532 188 611 662 457 293 152 285 820 102 796 804 323 171 296 780 315
650 270 249 98 473 115 597 493 440 238 582 731 292 300 358 237 530 194 1149 619 0 1013 408 562 112 286 450 846 626 826 266 204 681 152 769 559 658 77 179 354 286 443 344 135 608 754 623 70 107 298 1475 119 453 654 509 472 252 1563 476 836 103 818 230 657 181 248 356 561 243 1178 774 122 91 577 564 737 870 249 563 225 233 909 757 734 209 753
486 1018 810 1051 1388 1080 630 551 689 1204 563 687 803 1266 712 828 564 1160 233 429 1014 0 643 493 1059 1251 894 396 427 416 1231 1170 555 1118 650 513 397 1040 883 798 1252 625 988 1071 627 710 580 1035 1073 768 558 1084 634 406 560 588 1218 646 585 407 1069 583 1196 402 929 1214 1322 669 1209 1927 385 1006 1056 479 584 503 371 1215 496 1191 1199 244 523 684 1175 666
272 412 391 445 782 474 416 353 300 598 349 590 197 660 299 379 152 554 811 479 408 674 0 421 453 645 481 670 248 685 625 564 303 512 629 181 518 434 322 385 646 212 486 465 230 613 482 429 467 356 1136 478 312 513 368 331 612 1224 336 681 463 677 590 516 323 608 716 420 603 1320 633 400 450 199 370 597 645 609 423 585 593 570 616 594 569 613
334 565 545 599 935 628 267 99 237 752 253 235 351 814 632 533 484 707 629 98 562 492 421 0 606 799 745 325 382 305 779 718 636 665 273 433 137 587 475 650 799 545 639 618 562 258 127 583 620 594 954 632 181 133 107 136 766 1042 133 315 616 297 743 136 477 761 870 232 756 1474 253 554 604 399 235 216 349 763 67 738 746 388 236 238 722 257
695 314 294 103 479 120 641 538 485 244 627 775 337 306 402 281 574 200 1194 664 112 1057 453 606 0 291 494 890 670 870 271 210 725 158 814 603 703 83 224 399 292 488 388 140 652 798 667 76 112 343 1519 124 497 698 553 516 258 1607 521 880 108 862 236 701 226 254 362 605 249 1199 818 128 96 622 609 782 915 255 608 230 238 953 801 779 215 798
887 507 486 277 263 294 834 730 677 418 819 968 530 479 595 474 767 373 1387 856 286 1250 645 799 291 0 687 1083 863 1063 445 383 918 174 1007 796 895 256 417 591 97 680 581 314 845 991 860 250 286 536 1712 298 690 891 746 709 431 1800 713 1073 282 1055 409 894 418 427 536 798 422 984 1011 301 270 814 801 974 1108 429 801 404 412 1146 994 971 117 990
523 229 367 487 543 516 666 677 624 640 600 914 476 702 268 384 402 596 1062 803 450 925 481 745 494 687 0 921 498 941 667 606 554 553 953 431 842 475 363 354 654 316 247 506 480 937 807 471 508 325 1387 520 637 838 693 656 654 1475 660 931 504 1001 631 840 320 649 758 705 645 1081 909 442 492 450 620 921 895 651 747 626 634 821 941 918 610 937
594 849 829 883 1219 912 552 383 521 1036 537 519 635 1098 820 817 672 992 592 260 846 455 705 325 890 1083 1001 0 535 51 1063 1002 662 949 481 621 229 871 759 906 1084 732 923 902 735 542 411 867 904 876 918 916 465 238 392 420 1050 1005 417 41 900 415 1027 233 761 1045 1154 516 1041 1758 154 838 888 587 519 335 55 1047 328 1022 1030 351 354 515 1006 498
91 629 415 663 993 692 235 313 386 816 168 551 415 877 317 433 169 771 595 440 626 459 248 382 670 863 498 455 0 475 843 781 320 729 590 118 456 651 488 402 863 229 592 682 247 574 443 647 684 373 921 696 331 464 329 292 829 1009 297 465 680 638 807 460 541 825 934 273 820 1532 443 618 668 84 189 557 429 827 384 802 810 355 577 554 786 574
574 830 809 863 1200 892 532 363 501 1016 517 499 615 1078 800 797 652 972 573 240 826 436 685 305 870 1063 982 51 515 0 1043 982 643 930 461 601 209 852 739 886 1064 713 904 883 715 522 391 847 884 856 898 896 446 218 372 400 1030 986 397 46 880 395 1008 214 741 1026 1134 496 1021 1738 134 818 868 567 499 315 75 1027 308 1002 1010 332 335 496 987 478
867 487 466 257 632 183 814 710 657 220 799 948 510 215 575 454 747 208 1367 837 266 1230 625 779 271 445 667 1063 843 1043 0 208 898 311 987 776 876 237 397 571 445 660 561 294 825 971 840 230 224 516 1692 244 670 871 726 689 204 1780 694 1053 217 1035 183 874 399 209 190 778 215 1353 991 281 218 794 781 954 1088 224 781 188 225 1126 974 951 368 971
806 425 405 196 571 121 753 649 596 191 738 887 448 214 514 393 685 147 1305 775 204 1169 564 718 210 383 606 1002 781 982 208 0 837 250 925 715 814 175 335 510 384 599 500 233 764 910 779 168 162 454 1631 183 609 810 665 628 204 1719 632 992 156 974 182 813 337 201 189 717 196 1291 930 220 156 733 720 893 1026 202 719 177 185 1065 913 890 307 909
345 685 470 718 1049 747 488 567 572 871 422 805 470 933 372 488 184 827 723 614 681 586 303 636 725 918 554 582 320 602 898 837 0 785 835 253 583 707 543 458 919 284 648 738 166 828 697 702 739 428 1048 751 585 592 583 546 885 1136 550 592 735 769 862 587 596 881 989 527 876 1587 570 673 723 272 442 688 556 882 637 857 865 482 708 808 842 827
754 373 353 144 361 160 700 597 544 284 686 834 396 346 462 341 633 240 1253 723 152 1116 512 665 158 174 553 949 729 930 311 250 785 0 873 663 762 123 283 458 175 547 447 181 711 857 727 116 153 402 1579 164 557 758 613 576 298 1666 580 940 149 921 276 760 285 294 402 665 289 1082 877 168 137 681 668 841 974 295 667 271 279 1012 861 838 142 857
542 773 753 807 1143 836 475 307 444 960 461 96 558 1021 840 741 692 915 785 298 769 648 629 273 814 1007 953 481 590 461 987 925 844 873 0 641 294 795 683 858 1007 752 847 826 770 119 229 791 828 802 1110 840 389 289 315 344 973 1198 341 471 824 108 951 292 685 969 1077 440 964 1682 409 762 812 607 443 204 506 970 275 946 954 544 211 100 930 119
142 562 348 596 927 625 286 365 438 749 219 602 348 811 250 366 102 705 681 491 559 545 181 433 603 796 431 541 118 561 776 715 253 663 641 0 530 585 421 336 797 162 526 616 180 625 495 580 617 306 1007 629 382 526 381 344 763 1095 348 551 613 689 740 529 474 759 867 325 754 1465 529 551 601 135 240 609 515 760 435 735 743 441 629 606 720 625
430 662 642 695 1032 725 364 195 333 848 350 331 447 910 729 629 581 804 533 73 658 396 518 137 703 895 842 229 476 209 876 814 603 762 294 530 0 684 572 746 896 641 736 715 659 354 224 679 717 691 858 728 278 64 204 232 862 946 230 219 713 228 840 67 574 858 966 328 853 1571 157 650 701 496 332 147 254 859 141 835 843 292 167 328 819 310
676 295 275 69 444 86 622 519 466 209 608 756 318 271 384 263 555 165 1175 645 77 1038 434 587 83 256 475 871 651 852 237 175 707 123 795 585 684 0 205 380 257 469 369 106 633 779 649 41 78 324 1501 89 479 680 535 498 223 1588 502 862 74 843 201 682 207 219 327 587 214 1164 799 93 62 603 590 763 896 220 589 196 204 934 783 760 180 779
512 183 112 217 553 246 510 407 354 369 496 644 206 431 220 111 392 325 1051 533 179 915 322 475 224 417 363 759 488 739 397 335 543 283 683 421 572 205 0 216 417 305 257 236 470 667 536 201 238 161 1377 250 366 567 422 385 383 1465 390 749 234 731 361 570 95 379 487 474 374 1092 687 172 222 440 478 651 784 380 477 356 364 810 670 648 340 667
427 358 162 391 728 420 571 581 528 544 504 819 381 606 173 161 306 500 966 707 354 829 385 650 399 591 354 825 402 845 571 510 458 458 858 336 746 380 216 0 592 220 432 411 385 842 711 375 413 211 1291 424 541 742 597 560 558 1379 564 835 409 906 536 745 269 554 662 609 549 1266 814 346 396 354 525 825 800 555 652 531 539 725 845 822 515 841
888 507 487 278 217 294 835 731 678 418 820 968 530 480 596 475 767 374 1387 857 286 1250 646 799 292 97 654 1084 863 1064 445 384 919 175 1007 797 896 257 417 592 0 681 548 315 845 991 861 250 287 536 1713 298 691 892 747 710 432 1801 714 1074 283 1055 410 895 419 428 536 799 423 938 1011 302 271 815 802 975 1108 429 801 405 413 1146 995 972 118 991
254 447 233 480 811 509 397 476 481 633 331 714 379 695 134 250 133 589 793 602 443 656 212 545 488 680 316 652 229 672 660 599 284 547 752 162 641 469 305 220 681 0 410 500 211 737 606 464 502 190 1118 513 493 637 492 455 647 1206 459 662 498 801 625 640 358 643 751 436 638 1350 640 435 485 181 351 720 626 644 546 620 628 552 740 717 604 736
617 123 327 381 436 410 674 571 518 534 660 808 370 596 362 315 496 489 1156 697 344 1019 486 639 388 581 247 923 592 904 561 500 648 447 847 526 736 369 257 432 548 410 0 400 574 831 701 365 402 376 1481 414 530 732 587 550 548 1569 554 914 398 895 525 734 214 543 652 639 538 975 851 336 386 544 642 815 948 545 641 520 528 915 835 812 504 831
707 326 306 126 502 143 654 550 497 267 639 787 349 329 415 294 586 223 1206 676 135 1069 465 618 140 314 506 902 682 883 294 233 738 181 826 616 715 106 236 411 315 500 400 0 664 810 680 99 135 355 1532 147 510 711 566 529 281 1619 533 893 131 874 258 713 238 277 385 618 272 1222 830 151 119 634 621 794 927 278 620 253 261 965 814 791 238 810
271 611 397 645 975 674 415 494 499 798 348 731 397 860 299 415 111 753 795 620 608 658 230 562 652 845 480 654 247 674 825 764 166 711 770 180 655 633 470 385 845 211 574 664 0 754 624 629 666 355 1121 678 511 655 510 473 812 1208 477 665 662 818 789 657 523 807 916 454 802 1514 643 600 650 199 369 738 629 809 564 784 792 554 758 735 768 754
526 757 737 791 1127 820 459 291 429 944 445 80 543 1006 824 725 676 899 846 315 754 709 613 258 798 991 937 542 574 522 971 910 828 857 119 625 354 779 667 842 991 737 831 810 754 0 213 775 812 786 1171 824 373 350 299 328 958 1259 325 532 808 184 935 353 669 953 1062 424 948 1666 470 746 796 591 427 301 566 955 259 930 938 605 308 84 914 103
395 627 606 660 997 689 329 160 298 813 314 190 412 875 693 594 546 769 715 185 623 578 482 127 667 860 807 411 443 391 840 779 697 727 229 495 224 649 536 711 861 606 701 680 624 213 0 644 681 655 1040 693 243 219 169 197 827 1128 194 401 678 294 805 222 538 823 931 293 818 1535 339 615 665 460 296 303 436 824 129 800 807 474 322 194 784 213
671 291 270 62 437 79 618 514 461 202 603 752 314 264 379 258 551 158 1171 641 70 1034 429 583 76 250 471 867 647 847 230 168 702 116 791 580 679 41 201 375 250 464 365 99 629 775 644 0 71 320 1496 83 474 675 530 493 216 1584 497 857 67 839 194 678 202 212 320 582 207 1158 795 86 55 598 585 758 892 213 585 189 197 930 778 755 173 774
709 328 308 98 474 89 655 552 499 196 641 789 351 258 416 295 588 152 1208 678 107 1071 467 620 112 286 508 904 684 884 224 162 739 153 828 617 717 78 238 413 287 502 402 135 666 812 681 71 0 357 1533 119 511 712 567 530 210 1621 535 894 103 876 188 715 240 206 314 619 201 1194 832 123 91 636 623 796 929 207 622 183 191 967 815 793 210 812
397 302 106 336 672 365 541 526 473 488 474 763 325 550 143 106 277 444 936 652 298 800 356 594 343 536 325 796 373 816 516 454 428 402 802 306 691 324 161 211 536 190 376 355 355 786 655 320 357 0 1262 369 485 686 541 504 502 1350 509 806 353 850 480 689 214 498 606 580 493 1211 784 291 341 325 495 770 770 499 596 475 483 696 789 767 459 786
949 1480 1273 1514 1850 1543 1092 1014 1151 1666 1026 1149 1265 1728 1174 1290 1027 1622 510 891 1476 558 1105 956 1521 1714 1356 859 890 879 1694 1632 1017 1580 1112 976 860 1502 1346 1260 1714 1087 1450 1533 1089 1173 1042 1498 1535 1231 0 1547 1096 869 1022 1051 1680 177 1048 869 1531 1046 1658 864 1392 1676 1784 1131 1671 1859 847 1469 1519 941 1046 965 833 1677 959 1653 1661 706 985 1146 1637 1129
720 340 319 110 485 110 667 563 510 217 652 801 363 279 428 307 600 173 1220 690 119 1083 478 632 124 298 520 916 696 896 244 183 751 164 840 629 728 89 250 424 298 513 414 147 678 824 693 83 119 369 1545 0 523 724 579 542 231 1633 546 906 115 888 208 727 251 227 335 631 222 1206 844 134 103 647 634 807 941 228 634 203 211 979 827 804 221 823
283 456 436 490 826 519 216 113 128 643 202 350 242 705 545 424 433 599 769 239 453 632 312 181 497 690 637 465 331 446 670 609 585 557 389 382 278 479 366 541 691 493 530 510 511 373 243 474 511 485 1095 523 0 273 128 92 657 1182 96 456 507 437 634 276 368 653 761 181 648 1365 393 445 495 348 184 357 490 654 183 629 637 528 376 354 614 373
426 658 637 691 1028 720 360 191 329 844 345 327 443 906 724 625 577 800 542 68 654 405 513 133 698 891 838 238 474 218 871 810 612 758 289 526 64 680 567 742 892 637 732 711 655 350 219 675 712 686 867 724 273 0 200 228 858 955 225 228 708 223 835 62 569 854 962 324 849 1566 166 646 696 491 327 143 262 855 136 830 838 301 162 324 815 306
281 512 492 546 883 575 215 59 184 699 200 276 298 761 579 480 432 655 695 165 509 558 368 107 553 746 693 392 329 372 726 665 583 613 315 381 204 535 422 597 747 492 587 566 510 299 169 530 567 541 1021 579 128 200 0 83 713 1108 80 382 563 363 690 203 424 709 817 179 704 1421 319 501 551 346 182 283 416 710 109 685 693 454 303 280 670 299
244 476 455 509 846 538 178 67 147 662 163 305 261 724 542 443 395 618 724 194 472 587 331 136 516 709 656 420 292 400 689 628 546 576 344 344 232 498 385 560 710 455 550 529 473 328 197 493 530 504 1049 542 92 228 83 0 676 1137 57 410 526 392 653 231 387 672 780 142 667 1384 348 464 514 309 145 311 445 673 138 648 656 483 331 308 633 328
854 473 453 244 619 169 801 697 644 215 786 935 496 210 562 441 733 195 1353 823 252 1217 612 766 258 431 654 1050 829 1030 204 204 885 298 973 763 862 223 383 558 432 647 548 281 812 958 827 216 210 502 1679 231 657 858 713 676 0 1767 680 1040 204 1022 178 861 385 205 186 765 210 1339 978 268 204 781 768 941 1074 219 767 183 220 1113 961 938 355 957
1036 1568 1360 1601 1938 1630 1180 1101 1239 1754 1113 1237 1353 1816 1262 1378 1114 1710 598 979 1564 646 1193 1043 1609 1801 1444 946 977 966 1781 1720 1105 1668 1200 1063 947 1590 1433 1348 1802 1175 1538 1621 1177 1260 1130 1585 1623 1318 177 1634 1184 956 1110 1138 1768 0 1135 957 1619 1133 1746 952 1480 1764 1872 1219 1759 1946 935 1556 1606 1029 1134 1053 921 1765 1046 1741 1749 794 1073 1234 1725 1216
248 480 460 513 850 543 182 64 151 666 168 302 265 728 547 447 399 622 721 191 476 584 336 133 521 713 660 417 297 397 694 632 550 580 341 348 230 502 390 564 714 459 554 533 477 325 194 497 535 509 1046 546 96 225 80 57 680 1134 0 407 531 389 658 228 392 676 784 146 671 1389 345 468 519 314 150 308 442 677 135 653 661 480 328 305 637 325
584 840 819 873 1210 902 542 373 511 1026 527 509 625 1088 810 807 662 982 582 250 836 446 695 315 880 1073 992 41 525 46 1053 992 653 940 471 611 219 862 749 896 1074 723 914 893 725 532 401 857 894 866 908 906 456 228 382 410 1040 996 407 0 890 405 1017 224 751 1036 1144 506 1031 1748 144 828 878 577 509 325 66 1037 318 1012 1020 342 344 506 997 488
705 324 304 94 470 83 651 548 495 190 637 785 347 252 412 291 584 146 1204 674 103 1067 463 616 108 282 504 900 680 880 217 156 735 149 824 613 713 74 234 409 283 498 398 131 662 808 678 67 103 353 1529 115 507 708 563 526 204 1617 531 890 0 872 181 711 236 200 308 615 195 1190 828 119 87 632 619 792 925 201 618 176 184 963 811 789 206 808
590 821 801 855 1191 884 523 355 493 1008 509 161 607 1070 888 789 740 963 719 232 818 582 677 297 862 1055 1001 415 638 395 1035 974 789 921 108 689 228 843 731 906 1055 801 895 874 818 184 294 839 876 850 1044 888 437 223 363 392 1022 1132 389 405 872 0 999 226 733 1017 1126 488 1012 1730 343 810 860 655 491 138 440 1019 300 994 1002 478 145 143 978 125
832 451 431 221 597 147 778 675 622 193 764 912 474 189 539 418 711 172 1331 801 230 1194 590 743 236 409 631 1027 807 1008 183 182 862 276 951 740 840 201 361 536 410 625 525 258 789 935 805 194 188 480 1656 208 634 835 690 653 178 1744 658 1017 181 999 0 838 363 183 164 742 188 1317 955 246 182 759 746 919 1052 197 745 161 199 1090 938 916 333 935
429 660 640 694 1030 723 363 194 332 847 348 330 446 909 727 628 579 803 537 71 657 400 516 136 701 894 840 233 477 214 874 813 607 760 292 529 67 682 570 745 895 640 734 713 657 353 222 678 715 689 863 727 276 62 203 231 861 950 228 224 711 226 838 0 572 856 965 327 852 1569 161 649 699 494 330 146 258 858 139 833 841 296 165 326 817 309
565 185 165 218 510 248 512 409 355 371 498 646 208 433 273 152 445 327 1065 535 181 928 323 477 226 418 320 761 541 741 399 337 596 285 685 474 574 207 95 269 419 358 214 238 523 669 538 202 240 214 1390 251 368 569 424 387 385 1478 392 751 236 733 363 572 0 381 489 476 376 1049 689 173 224 493 479 653 786 382 479 358 366 824 672 650 342 669
850 469 449 240 615 165 796 693 640 220 782 930 492 215 558 437 729 190 1349 819 248 1212 608 761 254 427 649 1045 825 1026 209 201 881 294 969 759 858 219 379 554 428 643 543 277 807 953 823 212 206 498 1675 227 653 854 709 672 205 1762 676 1036 200 1017 183 856 381 0 191 761 215 1335 973 264 200 777 764 937 1070 224 763 188 226 1108 957 934 351 953
958 578 557 348 723 274 905 801 748 201 890 1039 600 196 666 545 838 200 1457 927 356 1321 716 870 362 536 758 1154 934 1134 190 189 989 402 1077 867 966 327 487 662 536 751 652 385 916 1062 931 320 314 606 1783 335 761 962 817 780 186 1871 784 1144 308 1126 164 965 489 191 0 869 196 1444 1082 372 308 885 872 1045 1178 205 871 169 206 1217 1065 1042 459 1061
255 565 544 598 935 627 267 163 236 751 252 401 350 813 523 532 376 707 820 289 561 683 420 232 605 798 705 516 273 496 778 717 527 665 440 325 328 587 474 609 799 436 639 618 454 424 293 582 619 580 1145 631 181 324 179 142 765 1233 146 506 615 488 742 327 476 761 869 0 756 1473 444 553 603 290 234 407 540 762 233 737 745 579 427 404 722 423
845 464 444 235 610 160 792 688 635 225 777 925 487 221 553 432 724 186 1344 814 243 1207 603 756 249 422 645 1041 820 1021 215 196 876 289 964 754 853 214 374 549 423 638 538 272 802 948 818 207 201 493 1670 222 648 849 704 667 210 1758 671 1031 195 1012 188 852 376 215 196 756 0 1330 968 259 195 772 759 932 1065 230 758 194 224 1103 952 929 346 948
1592 993 1197 1221 862 1238 1545 1441 1388 1361 1530 1679 1241 1423 1306 1185 1472 1317 1898 1568 1214 1946 1356 1510 1235 1020 1117 1794 1568 1774 1389 1327 1623 1118 1718 1501 1606 1200 1128 1302 974 1385 1011 1258 1550 1702 1571 1193 1230 1247 1859 1242 1401 1602 1457 1420 1375 1946 1424 1784 1226 1766 1353 1605 1085 1371 1479 1509 1366 0 1722 1206 1214 1520 1512 1685 1819 1372 1512 1348 1356 1857 1705 1682 1061 1701
522 777 757 811 1147 840 479 311 449 964 465 447 563 1026 748 745 600 919 520 188 774 383 633 253 818 1011 929 154 463 134 991 930 590 877 409 549 157 799 687 834 1011 660 851 830 663 470 339 795 832 804 846 844 393 166 319 348 978 933 345 144 828 343 955 161 689 973 1082 444 968 1686 0 766 816 515 447 262 179 975 256 950 958 279 282 443 934 426
642 262 241 114 489 130 589 485 432 254 574 723 285 316 350 229 522 210 1142 611 122 1005 400 554 128 301 442 838 618 818 281 220 673 168 762 551 650 93 172 346 302 435 336 151 600 746 615 86 123 291 1467 134 445 646 501 464 268 1555 468 828 119 810 246 649 173 264 372 553 259 1170 766 0 106 569 556 729 863 265 556 241 249 901 749 726 225 745
692 312 292 82 457 83 639 536 482 190 625 773 335 252 400 279 572 146 1192 662 91 1055 450 604 96 270 492 888 668 868 218 156 723 137 812 601 701 62 222 396 271 485 386 119 650 796 665 55 91 341 1517 103 495 696 551 514 204 1605 519 878 87 860 182 699 224 200 308 603 195 1178 816 106 0 619 606 779 913 201 606 177 185 951 799 777 193 796
108 581 367 614 945 643 252 331 403 767 185 568 366 829 268 384 120 723 647 457 577 510 199 399 622 814 450 506 84 526 794 733 272 681 607 135 496 603 440 354 815 181 544 634 199 591 460 598 636 325 972 647 348 491 346 309 781 1060 314 517 632 655 759 494 493 777 885 290 772 1484 495 569 619 0 206 575 481 778 401 754 762 406 594 572 738 591
171 568 537 601 938 630 270 167 239 754 247 404 353 816 439 535 291 710 752 293 564 615 370 235 609 801 620 519 189 499 781 720 442 668 443 240 332 590 478 525 802 351 642 621 369 427 296 585 623 495 1078 634 184 327 182 145 768 1165 150 509 619 491 746 330 479 764 872 234 759 1476 447 556 606 206 0 410 544 765 237 741 749 511 430 408 725 427
509 741 720 774 1111 803 443 274 412 927 429 278 526 989 808 708 660 883 638 152 737 501 597 216 782 974 921 335 557 315 954 893 709 841 204 609 147 763 651 825 975 720 815 794 738 301 303 758 796 770 964 807 357 143 283 311 941 1051 308 325 792 138 919 146 653 937 1045 407 932 1650 262 729 779 575 410 0 359 938 219 914 922 397 200 239 898 221
619 874 854 908 1244 937 576 407 545 1060 562 543 659 1122 844 841 697 1016 617 285 870 480 730 349 915 1108 1026 55 560 75 1088 1026 687 974 506 646 254 896 784 930 1108 757 948 927 760 566 436 892 929 901 942 941 490 262 416 445 1074 1030 442 66 925 440 1052 258 786 1070 1178 540 1065 1783 179 863 913 611 544 359 0 1071 353 1047 1055 376 379 540 1031 522
851 471 450 241 616 166 798 694 641 234 783 932 493 230 559 438 730 192 1350 820 249 1214 609 763 255 429 651 1047 827 1027 224 202 882 295 970 760 859 220 380 555 429 644 545 278 809 955 824 213 207 499 1676 228 654 855 710 673 219 1764 677 1037 201 1019 197 858 382 224 205 762 230 1337 975 265 201 778 765 938 1071 0 764 203 230 1110 958 935 352 954
335 567 547 601 937 630 269 100 238 753 255 236 352 815 634 534 486 709 632 102 563 495 423 67 608 801 747 328 384 308 781 719 637 667 275 435 141 589 477 652 801 546 641 620 564 259 129 585 622 596 957 634 183 136 109 138 767 1045 135 318 618 300 745 139 479 763 871 233 758 1476 256 556 606 401 237 219 353 764 0 740 748 391 239 240 724 259
827 446 426 216 592 142 773 670 617 198 759 907 469 194 534 413 706 167 1326 796 225 1189 585 738 230 404 626 1022 802 1002 188 177 857 271 946 735 835 196 356 531 405 620 520 253 784 930 800 189 183 475 1651 203 629 830 685 648 183 1739 653 1012 176 994 161 833 358 188 169 737 194 1312 950 241 177 754 741 914 1047 203 740 0 204 1085 933 911 328 930
835 454 434 224 600 150 781 678 625 219 767 915 477 231 542 421 714 175 1334 804 233 1197 593 746 238 412 634 1030 810 1010 225 185 865 279 954 743 843 204 364 539 413 628 528 261 792 938 807 197 191 483 1659 211 637 838 693 656 220 1747 661 1020 184 1002 199 841 366 226 206 745 224 1320 958 249 185 762 749 922 1055 230 748 204 0 1093 941 919 336 938
295 833 619 867 1198 896 439 501 590 1020 372 636 619 1082 521 637 373 976 486 378 830 350 452 443 874 1067 702 346 236 366 1047 986 363 934 599 322 347 856 692 607 1068 433 796 887 436 659 529 851 888 577 812 900 535 355 509 496 1034 900 501 356 884 533 1011 351 745 1029 1138 477 1025 1736 334 822 872 288 393 452 320 1031 446 1006 1014 0 472 633 990 615
529 761 740 794 1131 823 463 294 432 947 448 285 546 1009 827 728 680 903 658 171 757 521 616 236 801 994 941 354 577 335 974 913 728 861 211 629 167 783 670 845 995 740 835 814 758 308 322 778 815 789 983 827 376 162 303 331 961 1071 328 344 811 145 938 165 672 957 1065 427 952 1669 282 749 799 594 430 200 379 958 239 933 941 417 0 245 918 228
506 738 718 771 1108 800 440 271 409 924 426 61 523 986 805 705 657 880 819 296 734 682 594 238 779 971 918 515 554 496 951 890 808 838 100 606 328 760 648 822 972 717 812 791 735 84 194 755 793 767 1145 804 354 324 280 308 938 1232 305 506 789 143 916 326 650 934 1042 404 929 1647 443 726 777 572 408 239 540 935 240 911 919 578 245 0 895 84
811 430 410 201 305 217 757 654 601 341 743 891 453 403 519 398 690 297 1310 780 209 1173 569 722 215 117 610 1006 786 987 368 307 842 142 930 720 819 180 340 515 118 604 504 238 768 914 784 173 210 459 1636 221 614 815 670 633 355 1723 637 997 206 978 333 817 342 351 459 722 346 1025 934 225 193 738 725 898 1031 352 724 328 336 1069 918 895 0 914
525 757 737 790 1127 820 459 290 428 943 445 80 542 1005 824 724 676 899 802 315 753 665 613 257 798 990 937 498 574 478 971 909 827 857 119 625 310 779 667 841 991 736 831 810 754 103 213 774 812 786 1127 823 373 306 299 328 957 1215 325 488 808 125 935 309 669 953 1061 423 948 1666 426 745 796 591 427 221 522 954 259 930 938 561 228 84 914 0
EOF