NAME : tsp_problem
TYPE : TSP
DIMENSION : 56
EDGE_WEIGHT_TYPE : EXPLICIT
EDGE_WEIGHT_FORMAT : FULL_MATRIX
EDGE_WEIGHT_SECTION
0 1699 1373 1771 1232 977 1200 278 1768 1184 1033 1792 646 1568 1110 952 952 1121 1043 1801 1865 1612 1816 1052 1913 1001 961 1625 1058 1746 1601 1406 749 1135 1556 1175 1029 946 1585 956 1403 1938 1673 1785 1598 1261 1333 1773 1444 1192 1246 1411 1801 956 1156 2032
1697 0 360 186 860 760 904 1590 183 920 851 207 1147 461 643 791 975 671 696 362 658 196 231 793 707 737 965 218 768 161 174 625 1139 611 199 555 712 980 147 788 348 550 1646 621 168 888 409 188 584 733 874 618 362 911 712 825
1371 360 0 432 534 434 578 1264 430 594 525 454 821 286 317 465 649 345 370 463 526 274 478 467 575 411 639 286 442 407 263 451 813 285 218 229 386 654 247 462 173 599 1320 446 259 562 234 434 409 407 548 443 463 585 386 693
1769 186 432 0 932 832 976 1662 215 992 923 209 1219 533 715 863 1047 743 768 434 730 268 225 865 779 809 1037 290 840 193 246 697 1211 683 271 627 784 1052 219 860 420 622 1718 693 240 960 481 210 656 805 946 690 434 983 784 897
1231 860 534 932 0 546 92 1123 930 108 267 954 681 786 272 325 509 656 230 963 1026 774 978 494 1075 535 499 786 468 907 763 940 673 297 718 337 563 514 747 322 673 1099 1179 946 759 94 734 934 909 433 79 943 963 697 413 1193
1009 760 434 832 546 0 590 901 829 606 537 853 459 622 329 460 460 176 382 863 920 674 877 107 969 56 469 686 113 807 663 460 450 297 618 322 84 455 647 464 457 993 1181 840 659 574 387 834 498 247 560 466 863 183 210 1087
1198 904 578 976 92 590 0 1091 973 151 198 997 648 830 315 292 476 699 273 1007 1070 818 1021 537 1119 579 466 830 512 951 807 984 640 341 762 381 607 481 791 289 717 1143 1147 990 803 137 778 978 953 477 123 987 1007 707 456 1237
278 1591 1265 1663 1125 870 1092 0 1661 1077 926 1685 539 1460 1003 845 844 1014 936 1694 1758 1505 1709 945 1806 894 854 1517 951 1638 1494 1298 642 1028 1449 1068 922 839 1478 849 1295 1831 1565 1677 1490 1153 1225 1665 1336 1085 1139 1304 1694 849 1049 1925
1767 183 430 215 930 829 973 1659 0 989 921 194 1217 530 713 861 1045 741 766 431 728 266 210 863 776 806 1035 287 837 178 244 695 1208 680 268 624 781 1050 216 858 417 619 1715 690 237 958 478 195 654 802 944 687 431 980 782 895
1182 920 594 992 108 606 151 1075 989 0 182 1013 632 846 331 276 461 715 289 1023 1086 834 1037 553 1135 595 451 846 528 967 823 1000 624 357 778 397 623 465 807 274 733 1159 1131 1006 819 153 794 994 969 493 139 1003 1023 691 472 1253
1031 851 525 923 267 537 198 924 921 182 0 945 481 778 263 125 310 647 196 954 1018 765 969 485 1066 527 299 777 460 899 754 931 473 288 709 328 554 314 738 123 664 1091 980 938 751 312 726 926 901 425 298 934 954 540 404 1185
1791 207 454 209 954 853 997 1683 194 1013 945 0 1241 554 737 885 1069 765 790 455 752 290 205 887 800 830 1059 311 861 172 268 719 1232 704 292 648 805 1074 240 882 441 643 1739 714 261 982 502 189 678 826 968 711 455 1004 806 919
646 1149 822 1221 682 427 650 539 1218 634 483 1242 0 1018 560 402 402 571 493 1251 1315 1062 1266 502 1363 451 411 1075 508 1196 1051 856 199 585 1006 625 479 396 1035 406 853 1388 1123 1235 1048 710 783 1223 894 642 696 861 1251 406 606 1482
1599 461 286 533 786 622 830 1492 530 846 778 554 1049 0 569 717 901 533 622 564 346 375 578 663 395 599 891 387 669 508 364 241 1041 537 319 481 574 906 348 714 274 419 1572 266 360 814 335 535 229 659 800 246 551 773 638 513
1109 643 317 715 272 329 315 1001 713 331 263 737 559 569 0 203 387 439 107 746 809 557 761 277 858 318 377 569 251 690 546 723 550 80 501 120 346 392 530 200 456 882 1057 729 542 300 517 717 693 216 286 726 746 480 196 977
950 791 465 863 325 477 292 843 861 276 125 885 400 717 203 0 229 587 136 894 957 705 909 425 1006 466 218 717 399 838 694 871 392 228 649 268 494 233 678 62 604 1030 899 877 690 353 665 865 840 364 339 874 894 459 344 1124
1001 975 649 1047 509 530 476 893 1045 461 310 1069 450 901 387 229 0 674 320 1078 1142 889 1093 605 1190 554 42 901 583 1022 878 959 442 412 833 452 582 36 862 233 788 1214 949 1061 874 537 849 1049 996 548 523 964 1078 509 528 1309
1153 671 345 743 656 176 699 1045 741 715 647 765 603 533 439 587 604 0 491 774 832 585 789 216 880 153 613 597 223 718 574 372 594 406 529 409 128 599 558 584 368 905 1325 751 570 684 298 745 409 356 669 377 774 327 320 999
1042 696 370 768 230 382 273 934 766 289 196 790 492 622 107 136 320 491 0 799 862 610 814 329 911 371 310 622 304 743 599 776 484 133 554 173 399 325 583 133 509 935 990 782 595 258 570 770 745 269 244 779 799 533 248 1029
1800 362 463 434 963 863 1007 1692 431 1023 954 455 1250 564 746 894 1078 774 799 0 372 299 479 896 420 840 1068 321 871 409 277 728 1242 713 301 658 814 1083 250 891 450 263 1749 341 270 991 512 436 687 836 977 720 96 1013 815 539
1863 658 526 730 1026 920 1070 1756 728 1086 1018 752 1313 346 809 957 1142 832 862 372 0 595 776 959 100 897 1131 617 934 705 573 511 1305 777 559 721 872 1146 546 955 514 215 1812 111 567 1055 575 732 470 899 1040 503 346 1071 878 218
1611 196 274 268 774 674 818 1504 266 834 765 290 1061 375 557 705 889 585 610 299 595 0 314 707 643 651 879 155 682 243 111 539 1053 525 135 469 625 894 84 702 261 486 1560 535 105 802 323 270 498 647 788 532 299 825 626 762
1815 231 478 225 978 877 1021 1707 210 1037 969 205 1265 578 761 909 1093 789 814 479 776 314 0 911 824 854 1083 335 885 189 292 743 1256 728 316 672 829 1098 264 906 465 667 1763 738 285 1006 526 205 702 850 992 735 479 1028 830 943
1083 793 467 865 494 107 537 976 863 553 485 887 533 663 277 425 534 216 329 896 959 707 911 0 1008 96 544 719 111 840 696 501 525 244 651 270 124 529 680 422 497 1032 1256 879 692 522 428 867 539 245 508 506 896 257 208 1126
1912 707 575 779 1075 969 1119 1804 776 1135 1066 800 1362 395 858 1006 1190 880 911 420 100 643 824 1008 0 946 1180 665 982 754 622 559 1353 825 607 770 920 1195 594 1003 562 263 1860 159 615 1103 623 781 518 947 1089 552 395 1119 927 146
1032 737 411 809 535 56 579 925 806 595 527 830 482 599 318 466 484 153 371 840 897 651 854 96 946 0 493 663 102 784 640 437 474 286 595 312 73 478 624 464 434 970 1205 817 636 564 364 811 475 236 549 442 840 207 200 1064
990 965 639 1037 499 520 466 883 1035 451 299 1059 440 891 377 218 42 664 310 1068 1131 879 1083 595 1180 544 0 891 573 1012 868 949 432 402 823 442 572 45 852 223 778 1204 939 1051 864 527 839 1039 986 538 513 954 1068 499 518 1299
1623 218 286 290 786 686 830 1516 287 846 777 311 1073 387 569 717 901 597 622 321 617 155 335 719 665 663 891 0 694 265 133 551 1065 537 157 481 638 906 105 714 273 508 1572 547 126 814 335 292 510 659 800 544 320 837 638 784
1090 768 442 840 468 113 512 982 837 528 460 861 540 669 251 399 541 223 304 871 934 682 885 111 982 102 551 694 0 815 671 507 531 219 626 245 130 536 655 396 504 1007 1254 854 667 496 434 842 545 251 482 512 870 264 215 1101
1744 161 407 193 907 807 951 1637 178 967 899 172 1194 508 690 838 1022 718 743 409 705 243 189 840 754 784 1012 265 815 0 221 672 1186 658 246 602 759 1027 194 835 395 597 1693 668 215 935 456 173 631 780 921 665 409 958 759 872
1600 174 263 246 763 663 807 1492 244 823 754 268 1050 364 546 694 878 574 599 277 573 111 292 696 622 640 868 133 671 221 0 528 1042 513 114 458 614 883 62 691 250 465 1549 524 83 791 312 248 487 636 777 520 277 813 615 740
1437 625 451 697 940 460 984 1330 695 1000 931 719 887 241 723 871 888 372 776 728 511 539 743 501 559 437 898 551 507 672 528 0 879 691 483 645 412 883 512 868 371 584 1609 431 524 968 301 700 117 641 954 84 716 611 604 678
749 1140 814 1212 674 419 641 642 1210 626 475 1234 199 1009 552 394 393 563 485 1243 1307 1054 1258 494 1355 443 403 1066 500 1187 1043 848 0 577 998 617 471 388 1027 398 844 1380 1114 1226 1039 702 774 1215 885 634 688 853 1243 398 598 1474
1134 611 285 683 297 297 341 1027 680 357 288 704 584 537 80 228 412 406 133 713 777 525 728 244 825 286 402 537 219 658 513 691 576 0 468 88 314 417 497 225 423 850 1083 697 510 325 485 685 660 184 311 694 713 447 163 944
1555 199 218 271 718 618 762 1448 268 778 709 292 1005 319 501 649 833 529 554 301 559 135 316 651 607 595 823 157 626 246 114 483 997 468 0 413 569 838 86 646 205 489 1504 479 107 746 267 273 442 591 732 475 301 768 570 726
1174 555 229 627 337 322 381 1067 624 397 328 648 624 481 120 268 452 409 173 658 721 469 672 270 770 312 442 481 245 602 458 645 616 88 413 0 339 457 442 265 368 794 1123 641 454 365 429 629 604 210 351 638 658 473 189 888
1060 712 386 784 563 84 607 953 781 623 554 805 510 574 346 494 511 128 399 814 872 625 829 124 920 73 521 638 130 759 614 412 502 314 569 339 0 506 598 491 409 945 1232 792 611 591 339 786 450 264 577 417 814 234 228 1039
1005 980 654 1052 514 535 481 898 1050 465 314 1074 455 906 392 233 36 679 325 1083 1146 894 1098 610 1195 559 45 906 588 1027 883 964 447 417 838 457 587 0 867 238 793 1219 954 1066 879 542 854 1054 1001 553 528 969 1083 514 533 1313
1584 147 247 219 747 647 791 1477 216 807 738 240 1034 348 530 678 862 558 583 250 546 84 264 680 594 624 852 105 655 194 62 512 1026 497 86 442 598 867 0 675 234 437 1533 508 55 775 296 221 471 620 761 504 250 798 599 713
955 788 462 860 322 474 289 847 858 274 123 882 405 714 200 62 233 584 133 891 955 702 906 422 1003 464 223 714 396 835 691 868 397 225 646 265 491 238 675 0 601 1028 903 874 687 350 662 862 838 361 336 871 891 464 341 1122
1434 348 173 420 673 457 717 1326 417 733 664 441 884 274 456 604 788 368 509 450 514 261 465 497 562 434 778 273 504 395 250 371 876 423 205 368 409 793 234 601 0 587 1459 434 247 701 106 422 397 546 687 376 450 608 525 681
1936 550 599 622 1099 993 1143 1829 619 1159 1091 643 1386 419 882 1030 1214 905 935 263 215 486 667 1032 263 970 1204 508 1007 597 465 584 1378 850 489 794 945 1219 437 1028 587 0 1885 184 458 1128 648 624 543 972 1113 576 237 1144 951 382
1671 1646 1320 1718 1179 1201 1147 1564 1715 1131 980 1739 1121 1572 1057 899 949 1345 990 1749 1791 1560 1763 1276 1718 1225 939 1572 1254 1693 1549 1629 1113 1083 1504 1123 1252 954 1533 903 1459 1885 0 1732 1545 1208 1520 1720 1667 1219 1193 1634 1749 1180 1198 1678
1783 621 446 693 946 840 990 1676 690 1006 938 714 1233 266 729 877 1061 751 782 341 111 535 738 879 159 817 1051 547 854 668 524 431 1225 697 479 641 792 1066 508 874 434 184 1732 0 520 974 495 695 389 819 960 423 315 991 798 278
1596 168 259 240 759 659 803 1489 237 819 751 261 1046 360 542 690 874 570 595 270 567 105 285 692 615 636 864 126 667 215 83 524 1038 510 107 454 611 879 55 687 247 458 1545 520 0 787 308 242 483 632 773 517 270 810 611 734
1259 888 562 960 94 574 137 1152 958 153 312 982 709 814 300 353 537 684 258 991 1055 802 1006 522 1103 564 527 814 496 935 791 968 701 325 746 365 591 542 775 350 701 1128 1208 974 787 0 762 963 938 462 108 971 991 725 441 1222
1364 409 234 481 734 387 778 1257 478 794 726 502 814 335 517 665 815 298 570 512 575 323 526 428 623 364 825 335 434 456 312 301 806 485 267 429 339 810 296 662 106 648 1520 495 308 762 0 483 339 568 748 306 512 538 531 742
1771 188 434 210 934 834 978 1664 195 994 926 189 1221 535 717 865 1049 745 770 436 732 270 205 867 781 811 1039 292 842 173 248 700 1213 685 273 629 786 1054 221 862 422 624 1720 695 242 963 483 0 658 807 948 692 436 985 786 900
1475 584 409 656 909 498 953 1367 654 969 901 678 925 229 693 840 926 409 745 687 470 498 702 539 518 475 936 510 545 631 487 117 917 660 442 604 450 921 471 838 397 543 1647 389 483 938 339 658 0 679 923 122 674 649 642 637
1223 733 407 805 433 247 477 1116 802 493 425 826 673 659 216 364 548 356 269 836 899 647 850 245 947 236 538 659 251 780 636 641 665 184 591 210 264 553 620 361 546 972 1219 819 632 462 568 807 679 0 447 646 836 398 285 1066
1245 874 548 946 79 560 123 1137 944 139 298 968 695 800 286 339 523 669 244 977 1040 788 992 508 1089 549 513 800 482 921 777 954 686 311 732 351 577 528 761 336 687 1113 1193 960 773 108 748 948 923 447 0 957 977 711 427 1207
1442 618 443 690 943 466 987 1335 687 1003 934 711 892 246 726 874 893 377 779 720 503 532 735 506 552 442 903 544 512 665 520 84 884 694 475 638 417 888 504 871 376 576 1614 423 517 971 306 692 122 646 957 0 708 616 610 670
1800 362 463 434 963 863 1007 1692 431 1023 954 455 1250 551 746 894 1078 774 799 96 346 299 479 896 395 840 1068 320 870 409 277 716 1242 713 301 658 814 1083 250 891 450 237 1749 315 270 991 512 436 674 836 977 708 0 1013 815 513
988 911 585 983 697 183 687 880 980 671 520 1004 438 773 480 439 439 327 531 1013 1071 825 1028 257 1119 207 448 837 264 958 813 611 429 447 768 473 234 434 798 444 608 1144 1160 991 810 725 538 985 649 398 711 616 1013 0 361 1238
1187 712 386 784 413 210 456 1080 782 472 404 806 637 638 196 344 528 320 248 815 878 626 830 208 927 200 518 638 215 759 615 604 629 163 570 189 228 533 599 341 525 951 1198 798 611 441 531 786 642 285 427 610 815 361 0 1045
2030 825 693 897 1193 1087 1237 1923 895 1253 1185 919 1480 513 977 1124 1309 999 1029 539 218 762 943 1126 146 1064 1299 784 1101 872 740 678 1472 944 726 888 1039 1313 713 1122 681 382 1979 278 734 1222 742 900 637 1066 1207 670 513 1238 1045 0
EOF