NAME : tsp_problem
TYPE : TSP
DIMENSION : 53
EDGE_WEIGHT_TYPE : EXPLICIT
EDGE_WEIGHT_FORMAT : FULL_MATRIX
EDGE_WEIGHT_SECTION
0 854 571 611 849 453 513 858 1155 520 566 854 992 47 866 198 781 223 1032 746 587 618 1041 1094 986 862 354 563 849 854 845 354 202 1105 522 418 570 384 218 799 1033 876 1018 716 58 1177 864 654 936 1009 350 875 696
854 0 370 1110 90 469 529 99 447 536 770 95 1491 850 107 774 639 799 273 873 386 1117 596 335 227 103 548 363 91 371 86 548 778 346 1021 917 774 526 671 315 274 117 259 574 860 1676 440 753 1435 564 658 116 1195
571 370 0 827 365 186 245 374 671 253 487 370 1208 566 382 490 355 515 548 590 103 833 595 610 502 378 265 80 366 370 361 265 495 621 738 634 491 242 388 315 549 392 534 290 577 1393 438 470 1152 563 375 391 912
872 1371 1088 0 1366 970 1030 1375 1672 1038 652 1371 678 868 1383 983 926 1007 1549 832 1104 76 1185 1611 1503 1380 871 1081 1367 1371 1362 871 987 1622 468 680 657 901 735 1147 1550 1393 1535 861 878 864 1008 841 622 1153 867 1392 382
849 90 365 1105 0 464 524 94 442 531 765 90 1486 845 102 769 634 794 268 868 381 1112 591 330 222 98 543 358 86 366 81 543 773 341 1016 912 769 521 666 310 269 112 254 569 855 1671 435 748 1430 559 653 111 1190
453 469 186 710 464 0 128 474 770 136 455 469 1090 449 481 373 454 398 647 635 202 716 695 709 601 478 148 179 465 469 460 148 378 720 620 516 459 125 270 414 648 491 633 390 460 1276 537 395 1034 663 257 490 794
513 529 245 769 524 128 0 533 830 195 515 529 1150 509 541 433 514 458 707 694 261 776 754 769 661 537 207 238 524 529 520 207 437 780 680 576 519 185 330 474 708 551 693 449 519 1335 597 455 1094 722 317 550 854
858 99 374 1115 94 474 533 0 452 541 774 99 1495 854 112 778 643 803 278 878 390 1121 600 339 232 108 553 367 95 375 91 553 783 350 1025 921 779 530 675 320 279 121 263 578 865 1681 444 757 1439 568 662 120 1199
1155 447 671 1411 442 770 830 452 0 837 1065 447 1792 1151 460 1075 934 1100 257 1169 687 1418 617 687 264 456 850 664 443 391 438 850 1079 698 1322 1218 1070 827 972 617 258 469 243 869 1162 1978 735 1048 1736 585 959 468 1496
520 536 253 777 531 136 195 541 837 0 522 536 1158 516 548 440 522 465 714 702 269 783 762 776 668 545 215 246 532 536 527 215 445 787 687 583 526 192 337 481 715 558 700 457 527 1343 604 462 1101 730 324 557 862
546 770 487 424 765 455 515 774 1065 522 0 770 805 542 782 634 318 659 948 224 503 431 577 1010 902 778 408 480 766 764 761 408 638 1021 335 354 49 386 409 539 949 792 934 253 552 990 400 233 749 545 518 791 509
854 95 370 1110 90 469 529 99 447 536 770 0 1491 849 107 774 638 798 273 873 386 1116 596 335 227 103 548 363 90 371 86 548 778 346 1021 917 774 525 671 315 274 117 259 574 860 1676 439 753 1435 564 658 116 1195
993 1493 1209 707 1488 1092 1152 1497 1794 1159 774 1492 0 989 1505 1104 1047 1129 1671 954 1225 713 1307 1733 1625 1501 993 1202 1488 1493 1484 993 1108 1743 589 802 778 1023 856 1269 1672 1514 1657 982 1000 322 1130 963 342 1275 988 1513 467
47 850 566 607 845 449 509 854 1151 516 562 849 988 0 862 194 777 219 1028 742 582 613 1037 1090 982 858 350 559 845 850 841 350 198 1100 517 414 566 380 214 794 1029 872 1014 712 53 1173 859 650 931 1005 345 870 692
866 107 382 1122 102 481 541 112 460 548 782 107 1503 862 0 786 651 811 285 886 398 1129 608 347 239 116 560 375 103 383 98 560 790 358 1033 929 786 538 683 328 286 129 271 586 872 1689 452 765 1447 576 670 128 1207
198 774 490 722 769 373 433 778 1075 440 634 774 1103 194 786 0 701 64 952 814 506 728 961 1014 906 782 274 483 769 774 765 274 43 1025 632 528 638 304 282 719 953 796 938 636 163 1288 783 574 1046 929 269 795 807
781 639 355 697 634 454 514 643 934 522 318 638 1078 777 651 701 0 726 817 285 371 704 446 879 771 647 475 348 634 633 630 475 705 889 608 627 322 453 598 408 818 660 803 121 787 1264 269 301 1022 414 585 659 782
223 799 515 747 794 398 458 803 1100 465 659 798 1127 219 811 64 726 0 977 838 531 753 986 1039 931 807 299 508 794 799 790 299 68 1049 657 553 663 329 307 743 978 821 963 661 188 1313 808 599 1071 954 294 819 831
1032 273 548 1288 268 647 707 278 257 714 948 273 1669 1028 285 952 817 977 0 1052 564 1295 774 513 90 282 726 541 269 549 264 726 956 524 1199 1095 952 704 849 493 84 295 69 752 1038 1854 618 931 1613 742 836 294 1373
726 873 590 604 868 635 694 878 1169 702 224 873 985 722 886 814 285 838 1052 0 606 610 681 1114 1006 882 588 583 869 868 865 588 818 1124 515 534 229 565 589 643 1053 895 1037 356 732 1170 504 413 929 649 698 894 689
587 386 103 843 381 202 261 390 687 269 503 386 1224 582 398 506 371 531 564 606 0 849 611 626 518 394 281 95 382 386 377 281 511 637 754 650 507 258 403 331 565 408 550 306 593 1409 454 486 1167 579 391 407 928
878 1378 1094 76 1373 977 1037 1382 1679 1044 659 1377 685 874 1390 989 932 1014 1556 839 1110 0 1192 1618 1510 1386 878 1087 1373 1378 1369 878 993 1628 474 687 663 908 741 1154 1557 1399 1542 867 885 870 1015 848 629 1160 873 1398 389
1041 596 595 957 591 695 754 600 617 762 577 596 1338 1037 608 961 446 986 774 681 611 964 0 836 728 605 735 588 592 315 587 735 965 847 868 887 582 712 858 386 775 618 760 381 1047 1523 247 560 1282 97 845 617 1042
1094 335 610 1350 330 709 769 339 687 776 1010 335 1731 1090 347 1014 879 1039 513 1114 626 1357 836 0 467 344 788 603 331 611 326 788 1018 151 1261 1157 1014 766 911 555 514 249 499 814 1100 1916 680 993 1675 804 898 356 1435
986 227 502 1242 222 601 661 232 264 668 902 227 1623 982 239 906 771 931 90 1006 518 1249 728 467 0 236 680 495 223 503 218 680 910 478 1153 1049 906 658 803 447 91 249 76 706 992 1808 572 885 1567 696 790 248 1327
862 103 378 1119 98 478 537 108 456 545 778 103 1500 858 116 782 647 807 282 882 394 1125 605 344 236 0 557 371 99 379 95 557 787 354 1029 925 783 534 679 324 283 125 267 582 869 1685 448 761 1443 573 666 124 1204
354 548 265 611 543 148 207 553 850 215 408 548 991 350 560 274 475 299 726 588 281 617 735 788 680 557 0 258 544 548 539 49 279 799 521 417 413 78 171 493 728 570 712 411 361 1177 558 349 935 703 158 569 695
563 363 80 820 358 179 238 367 664 246 480 363 1201 559 375 483 348 508 541 583 95 826 588 603 495 371 258 0 358 363 354 258 488 614 730 626 484 235 380 308 542 385 527 283 570 1386 431 462 1144 556 367 384 905
849 91 366 1106 86 465 524 95 443 532 766 90 1487 845 103 769 634 794 269 869 382 1112 592 331 223 99 544 358 0 366 82 544 774 341 1016 913 770 521 666 311 270 113 255 569 856 1672 435 748 1430 560 654 111 1191
854 371 370 1110 366 469 529 375 391 536 764 371 1491 850 383 774 633 799 549 868 386 1117 315 611 503 379 548 363 366 0 362 548 778 621 1021 917 769 526 671 316 550 393 535 568 860 1677 434 747 1435 283 658 391 1195
845 86 361 1101 81 460 520 91 438 527 761 86 1482 841 98 765 630 790 264 865 377 1108 587 326 218 95 539 354 82 362 0 539 769 337 1012 908 765 517 662 306 265 108 250 565 851 1667 431 744 1426 555 649 107 1186
354 548 265 611 543 148 207 553 850 215 408 548 991 350 560 274 475 299 726 588 281 617 735 788 680 557 49 258 544 548 539 0 279 799 521 417 413 78 171 493 728 570 712 411 361 1177 558 349 935 703 158 569 695
202 778 495 726 773 378 437 783 1079 445 638 778 1107 198 790 43 705 68 956 818 511 733 965 1018 910 787 279 488 774 778 769 279 0 1029 637 533 643 308 287 723 957 800 942 640 167 1292 788 579 1051 933 274 799 811
1105 346 621 1361 341 720 780 350 698 787 1021 346 1742 1100 358 1025 889 1049 524 1124 637 1367 847 151 478 354 799 614 341 621 337 799 1029 0 1272 1168 1025 776 922 566 525 260 510 824 1111 1927 690 1004 1686 815 909 367 1446
523 1022 739 237 1017 622 681 1027 1324 689 304 1022 589 519 1034 634 577 659 1200 483 755 243 837 1262 1154 1031 523 732 1018 1022 1013 523 638 1273 0 331 308 552 386 798 1202 1044 1186 512 530 774 659 493 533 805 518 1043 293
418 917 634 520 912 516 576 921 1218 583 474 917 900 414 929 528 748 553 1095 654 650 526 1007 1157 1049 925 417 626 913 917 908 417 533 1168 430 0 479 447 281 862 1096 939 1081 683 424 1086 830 663 844 975 413 938 604
550 774 491 428 769 459 519 779 1070 526 49 774 809 546 786 638 322 663 952 229 507 435 582 1014 906 783 413 484 770 769 765 413 643 1025 339 358 0 390 413 544 954 796 938 257 557 995 405 238 753 550 522 795 513
384 526 242 640 521 125 185 530 827 192 386 525 1021 380 538 304 453 329 704 565 258 647 712 766 658 534 78 235 521 526 517 78 308 776 551 447 390 0 201 470 705 547 689 388 390 1206 535 326 965 680 188 546 725
218 671 388 474 666 270 330 675 972 337 429 671 855 214 683 282 598 307 849 609 403 481 858 911 803 679 171 380 666 671 662 171 287 922 385 281 433 201 0 616 850 693 835 533 224 1040 681 471 799 826 167 692 559
799 315 315 919 310 414 474 320 617 481 539 315 1300 794 328 719 408 743 493 643 331 925 386 555 447 324 493 308 311 316 306 493 723 566 830 849 544 470 616 0 495 337 479 343 805 1485 209 522 1244 354 603 336 1004
1033 274 549 1289 269 648 708 279 258 715 949 274 1670 1029 286 953 818 978 84 1053 565 1296 775 514 91 283 728 542 270 550 265 728 957 525 1200 1096 954 705 850 495 0 296 70 753 1039 1856 619 932 1614 743 837 295 1374
876 117 392 1132 112 491 551 121 469 558 792 117 1513 872 129 796 660 821 295 895 408 1139 618 249 249 125 570 385 113 393 108 570 800 260 1043 939 796 547 693 337 296 0 281 596 882 1698 461 775 1457 586 680 138 1217
1018 259 534 1274 254 633 693 263 243 700 934 259 1655 1014 271 938 803 963 69 1037 550 1281 760 499 76 267 712 527 255 535 250 712 942 510 1185 1081 938 689 835 479 70 281 0 738 1024 1840 604 917 1599 728 822 280 1359
716 574 290 632 569 390 449 578 869 457 253 574 1013 712 586 636 121 661 752 356 306 639 381 814 706 582 411 283 569 568 565 411 640 824 543 562 257 388 533 343 753 596 738 0 722 1199 204 236 957 349 520 595 717
58 860 577 617 855 460 519 865 1162 527 572 860 998 53 872 163 787 188 1038 752 593 624 1047 1100 992 869 361 570 856 860 851 361 167 1111 528 424 577 390 224 805 1039 882 1024 722 0 1184 870 661 942 1015 356 881 702
1179 1678 1395 892 1673 1277 1337 1682 1979 1344 959 1678 322 1175 1690 1289 1232 1314 1856 1139 1411 899 1492 1918 1810 1686 1178 1387 1673 1678 1669 1178 1294 1929 774 987 963 1208 1042 1454 1857 1700 1842 1167 1185 0 1315 1148 527 1460 1174 1699 653
864 440 438 780 435 537 597 444 735 604 400 439 1161 859 452 783 269 808 618 504 454 786 247 680 572 448 558 431 435 434 431 558 788 690 691 710 405 535 681 209 619 461 604 204 870 1346 0 383 1105 215 668 460 865
654 753 470 613 748 395 455 757 1048 462 233 753 994 650 765 574 301 599 931 413 486 620 560 993 885 761 349 462 748 747 744 349 579 1004 524 543 238 326 471 522 932 775 917 236 661 1179 383 0 938 528 458 774 698
937 1436 1153 650 1431 1036 1095 1441 1738 1103 718 1436 342 933 1448 1048 991 1073 1614 897 1169 657 1251 1676 1568 1445 937 1146 1432 1436 1427 937 1052 1687 533 745 722 966 800 1212 1616 1458 1600 926 944 527 1073 907 0 1219 932 1457 411
1009 564 563 925 559 663 722 568 585 730 545 564 1306 1005 576 929 414 954 742 649 579 932 97 804 696 573 703 556 560 283 555 703 933 815 836 855 550 680 826 354 743 586 728 349 1015 1491 215 528 1250 0 813 585 1010
350 658 375 606 653 257 317 662 959 324 518 658 987 345 670 269 585 294 836 698 391 612 845 898 790 666 158 367 654 658 649 158 274 909 517 413 522 188 167 603 837 680 822 520 356 1172 668 458 931 813 0 679 691
875 116 391 1131 111 490 550 120 468 557 791 116 1512 870 128 795 659 819 294 894 407 1137 617 356 248 124 569 384 111 391 107 569 799 367 1042 938 795 546 692 336 295 138 280 595 881 1697 460 774 1456 585 679 0 1216
697 1197 913 411 1192 796 856 1201 1498 863 478 1196 467 693 1209 808 751 833 1375 658 929 417 1011 1437 1329 1205 697 906 1192 1197 1188 697 813 1447 293 506 482 727 560 973 1376 1219 1361 686 704 653 834 667 411 979 692 1217 0
EOF
