NAME : tsp_problem
TYPE : TSP
DIMENSION : 74
EDGE_WEIGHT_TYPE : EXPLICIT
EDGE_WEIGHT_FORMAT : FULL_MATRIX
EDGE_WEIGHT_SECTION
0 627 801 508 137 115 1054 231 663 820 106 292 424 201 103 869 654 489 560 366 652 639 902 625 1202 395 182 603 510 294 224 79 359 1547 237 852 1412 154 863 725 595 303 294 806 757 1629 644 990 86 143 686 665 210 784 937 109 686 886 575 636 747 553 171 847 917 848 123 461 258 196 108 884 157 644
627 0 404 237 614 561 658 772 267 424 598 369 523 742 607 473 257 942 163 567 431 910 506 325 1473 624 723 383 436 798 765 582 350 1151 778 433 1015 695 467 328 199 532 798 410 1029 1233 290 593 587 618 290 268 751 387 540 631 289 490 179 239 527 781 713 451 521 429 627 204 487 737 612 488 625 248
801 404 0 410 788 734 657 945 440 84 771 543 805 916 780 172 431 1116 271 767 713 1083 506 606 1647 797 897 664 717 971 938 755 523 1150 951 714 1015 869 178 328 372 705 971 88 1202 1232 572 593 760 791 463 442 924 232 540 805 296 489 280 412 808 955 886 167 520 711 801 377 660 911 786 143 798 421
508 237 410 0 495 441 664 652 273 430 478 249 533 623 487 479 263 823 169 474 478 790 512 439 1353 504 604 429 482 678 645 462 230 1157 658 547 1021 576 472 334 205 412 678 416 909 1239 404 599 467 498 295 274 631 393 546 512 295 496 185 245 573 662 593 457 527 543 508 84 367 618 492 494 505 254
137 614 788 495 0 128 1041 282 650 807 120 279 411 252 117 856 641 503 547 352 639 652 889 612 1216 382 233 590 496 308 274 92 346 1534 288 838 1398 205 850 712 582 290 308 793 771 1616 631 977 99 157 673 652 261 770 924 141 673 873 562 622 734 540 222 834 904 835 137 448 245 247 122 871 170 631
115 561 734 441 128 0 988 260 597 754 98 226 358 230 95 803 587 481 493 299 585 615 836 559 1178 329 211 537 443 286 252 70 292 1481 266 785 1345 183 796 658 529 237 285 740 734 1563 577 923 77 135 619 598 238 717 870 119 619 820 509 569 681 486 200 781 851 782 115 395 192 225 100 818 148 578
1056 644 659 665 1043 989 0 1200 605 685 1026 797 687 1171 1035 543 593 1371 526 731 595 1338 382 488 1902 990 1152 546 600 1226 1193 1010 778 650 1206 390 515 1124 537 372 604 803 1226 671 1457 732 454 233 1015 1046 524 617 1179 458 346 1060 404 401 535 653 530 1210 1141 521 366 387 1056 632 845 1166 1041 558 1053 581
231 772 945 652 282 260 1199 0 808 965 251 437 569 188 219 1014 798 634 704 510 797 783 1047 770 1347 540 209 748 654 439 210 224 504 1692 215 996 1556 191 1008 869 740 448 439 951 902 1774 788 1135 231 288 831 810 225 928 1082 183 831 1031 720 780 892 698 208 992 1062 993 255 606 403 193 202 1029 302 789
663 267 440 273 650 597 636 808 0 459 634 405 485 778 643 508 293 978 199 529 393 946 542 286 1509 660 759 344 397 834 801 618 386 1129 814 394 994 731 502 364 235 568 834 445 1064 1211 252 572 622 654 279 304 787 423 576 667 325 525 215 275 488 817 749 486 556 391 663 240 522 773 648 523 661 284
820 424 84 430 807 754 684 965 459 0 791 562 824 935 800 234 450 1135 291 787 732 1103 532 625 1666 816 916 683 737 991 958 775 543 1177 971 733 1041 888 240 354 392 725 991 107 1221 1259 591 619 779 810 482 461 944 294 566 824 315 516 299 432 828 974 906 229 547 730 820 397 679 930 805 184 818 441
106 598 771 478 120 98 1025 251 634 791 0 263 395 221 86 840 624 472 530 336 623 622 873 596 1185 366 202 574 480 277 244 62 330 1518 257 822 1382 174 834 695 566 274 277 777 740 1600 614 961 69 126 657 636 230 754 908 110 656 857 546 606 718 524 192 818 888 819 106 432 229 216 91 855 140 615
292 369 543 249 279 226 796 437 405 562 263 0 318 407 272 611 396 607 302 259 394 575 644 367 1138 289 388 345 398 463 430 247 146 1289 443 593 1153 360 605 467 337 197 463 548 693 1371 386 732 251 283 428 407 416 525 679 296 428 628 317 377 489 446 378 589 659 590 292 203 152 402 277 626 290 386
424 523 805 533 411 358 718 569 485 824 395 318 0 539 404 873 472 739 564 131 277 707 750 250 1270 390 520 228 134 595 562 379 384 1211 575 476 1076 492 867 729 484 165 595 810 826 1293 268 654 384 415 404 497 548 788 714 428 690 769 579 533 372 578 510 851 734 473 424 487 207 534 409 888 422 461
201 742 916 623 252 230 1169 188 778 935 221 407 539 0 190 984 769 604 675 481 767 754 1017 740 1317 510 177 718 625 409 178 194 474 1662 183 967 1527 161 978 840 710 418 409 921 872 1744 759 1105 201 258 801 780 193 899 1052 154 801 1001 690 751 862 668 178 962 1032 963 225 576 373 161 172 999 272 759
103 607 780 487 117 95 1034 219 643 800 86 272 404 190 0 849 634 469 539 345 632 618 882 605 1182 375 171 583 489 274 212 59 339 1527 225 831 1391 143 843 705 575 283 274 786 737 1609 623 970 66 123 666 645 198 763 917 98 666 866 555 615 727 533 160 827 897 828 103 441 238 185 88 864 137 624
869 473 172 479 856 803 542 1014 508 234 840 611 873 984 849 0 499 1184 340 836 781 1152 390 674 1715 865 965 732 786 1040 1006 824 592 1035 1020 634 899 937 66 212 441 774 1040 238 1270 1117 640 478 828 859 531 510 993 120 425 873 217 374 348 481 774 1023 954 55 405 631 869 445 728 979 854 72 867 489
654 257 431 263 641 587 624 798 293 450 624 396 472 769 634 499 0 969 190 516 381 936 532 274 1500 650 750 332 385 824 791 608 376 1117 805 382 981 722 493 355 225 558 824 436 1055 1199 239 559 613 644 267 295 777 413 567 658 316 516 205 265 476 808 739 477 547 379 654 230 513 764 639 514 651 274
489 942 1116 823 503 481 1369 634 978 1135 472 607 739 604 469 1184 969 0 875 681 961 271 1217 934 834 430 585 912 819 271 627 445 674 1862 640 1161 1727 557 1178 1040 910 618 245 1121 389 1944 953 1305 452 509 1001 980 613 1099 1252 494 1001 1201 890 951 1057 191 575 1162 1232 1158 489 776 573 599 474 1199 523 959
560 163 271 169 547 493 525 704 199 291 530 302 564 675 539 340 190 875 0 526 472 842 373 365 1406 556 656 423 476 730 697 514 282 1018 710 473 882 628 334 195 131 464 730 277 961 1100 331 460 519 550 222 201 683 254 407 564 156 357 59 171 567 714 645 318 388 470 560 136 419 670 545 355 557 180
366 567 767 474 352 299 762 510 529 787 336 259 131 481 345 836 516 681 526 0 321 648 794 294 1211 362 462 272 178 536 503 320 326 1255 516 520 1120 433 830 691 528 106 536 773 767 1337 312 698 325 356 448 541 489 750 758 370 652 813 542 577 416 520 451 814 778 517 366 428 149 476 350 851 363 505
652 431 713 478 639 585 626 797 393 732 623 394 277 767 632 781 381 961 472 321 0 929 658 158 1492 580 748 108 189 823 789 607 375 1119 803 265 984 720 775 637 392 393 823 718 1047 1201 176 562 611 642 312 405 775 696 622 656 598 677 487 441 144 800 737 759 642 268 652 432 435 762 637 796 650 369
639 910 1083 790 652 615 1337 783 946 1103 622 575 707 754 618 1152 936 271 842 648 929 0 1185 902 590 397 735 880 786 420 776 594 641 1830 789 1128 1694 707 1146 1007 878 586 395 1089 146 1912 920 1272 601 659 968 947 762 1066 1219 643 968 1169 858 918 1024 159 724 1130 1200 1125 639 744 541 749 624 1167 672 927
902 506 506 512 889 836 421 1047 542 532 873 644 810 1017 882 390 532 1217 373 854 718 1185 0 611 1748 899 998 669 723 1073 1040 857 625 914 1053 513 778 970 384 219 474 807 1073 518 1304 996 577 356 862 893 565 544 1026 305 66 906 250 51 382 514 653 1056 988 368 46 510 902 479 762 1012 887 405 900 523
625 325 606 439 612 559 520 770 286 625 596 367 250 740 605 674 274 934 365 294 158 902 551 0 1465 553 721 109 162 796 763 580 348 1012 776 277 877 693 668 530 285 366 796 611 1021 1095 135 455 585 616 205 298 749 589 515 629 491 570 381 334 253 774 711 652 536 274 625 405 408 735 610 689 623 262
1238 1509 1682 1389 1251 1214 1936 1383 1545 1702 1221 1174 1306 1353 1218 1751 1535 870 1441 1247 1528 626 1784 1501 0 996 1334 1479 1385 1020 1375 1193 1241 1864 1389 1727 1591 1306 1745 1606 1477 1185 994 1688 587 1946 1520 1872 1200 1258 1568 1547 1361 1665 1819 1242 1568 1768 1457 1517 1623 758 1323 1729 1799 1724 1238 1343 1140 1348 1223 1766 1271 1526
395 624 797 504 382 329 1021 540 660 816 366 289 390 510 375 865 650 430 556 362 580 397 899 553 960 0 491 531 437 566 533 350 355 1514 546 779 1379 463 859 721 592 300 553 802 516 1596 571 957 355 386 682 661 519 780 933 399 682 882 572 632 675 269 481 843 913 776 395 458 255 505 380 880 393 641
182 723 897 604 233 211 1150 209 759 916 202 388 520 177 171 965 750 585 656 462 748 735 998 721 1298 491 0 699 605 390 198 175 455 1643 203 947 1507 142 959 821 691 399 390 902 853 1725 740 1086 182 239 782 761 197 879 1033 135 782 982 671 731 843 649 159 943 1013 944 206 557 354 182 153 980 253 740
603 383 664 429 590 537 578 748 344 683 574 345 228 718 583 732 332 912 423 272 108 880 609 109 1443 531 699 0 140 774 741 558 326 1071 754 330 935 671 726 588 343 344 774 669 999 1153 128 513 562 594 263 356 727 647 573 607 549 628 439 392 203 751 689 710 594 332 603 383 386 713 588 747 601 320
510 436 717 482 496 443 631 654 397 737 480 398 134 625 489 786 385 819 476 178 189 786 662 162 1350 437 605 140 0 680 647 464 379 1124 660 389 988 577 779 641 397 250 680 723 905 1206 181 566 469 500 316 410 633 700 626 514 602 682 492 445 284 658 595 764 647 385 509 436 293 620 494 801 507 373
294 798 971 678 308 286 1225 439 834 991 277 463 595 409 274 1040 824 271 730 536 823 420 1073 796 984 566 390 774 680 0 431 250 530 1718 445 1022 1582 362 1034 895 766 474 96 977 539 1800 814 1161 256 314 857 836 418 954 1108 298 856 1057 746 806 918 341 379 1018 1088 1019 294 632 429 404 279 1055 327 815
224 765 938 645 274 252 1192 210 801 958 244 430 562 178 212 1006 791 627 697 503 789 776 1040 763 1339 533 198 741 647 431 0 216 496 1684 204 989 1549 183 1000 862 733 441 431 944 895 1767 781 1127 223 281 823 802 215 921 1074 176 823 1024 713 773 885 690 201 985 1054 986 247 599 396 183 194 1022 294 782
79 582 755 462 92 70 1009 224 618 775 62 247 379 194 59 824 608 445 514 320 607 594 857 580 1158 350 175 558 464 250 216 0 314 1502 230 806 1366 147 818 679 550 258 250 761 713 1584 598 945 41 99 641 620 202 738 892 83 641 841 530 590 702 508 164 802 872 803 79 416 213 189 64 839 112 599
359 350 523 230 346 292 777 504 386 543 330 146 384 474 339 592 376 674 282 326 375 641 625 348 1205 355 455 326 379 530 496 314 0 1270 510 574 1134 427 585 447 318 263 530 529 760 1352 366 712 318 349 408 387 482 506 659 363 408 609 298 358 470 513 444 570 640 571 359 184 218 469 344 607 356 367
1549 1136 1152 1158 1535 1482 650 1693 1098 1178 1519 1290 1180 1664 1528 1036 1085 1864 1019 1224 1088 1831 875 981 1864 1483 1644 1039 1092 1719 1686 1503 1271 0 1699 883 346 1616 1030 865 1097 1296 1719 1164 1950 303 947 726 1508 1539 1017 1110 1672 951 839 1553 896 894 1028 1146 1023 1703 1634 1014 859 880 1548 1125 1338 1659 1533 1051 1546 1074
237 778 951 658 288 266 1205 215 814 971 257 443 575 183 225 1020 805 640 710 516 803 789 1053 776 1353 546 203 754 660 445 204 230 510 1698 0 1002 1562 197 1014 876 746 454 445 957 908 1780 794 1141 237 294 837 816 220 934 1088 189 837 1037 726 786 898 704 213 998 1068 999 261 612 409 188 208 1035 308 795
852 433 714 547 838 785 421 996 394 733 822 593 476 967 831 614 382 1161 473 520 265 1128 453 277 1692 779 947 330 389 1022 989 806 574 914 1002 0 779 919 608 443 393 592 1022 719 1247 996 243 357 811 842 313 406 975 529 417 856 475 472 489 442 167 1000 937 592 437 86 851 514 634 961 836 629 849 370
1413 1001 1016 1023 1400 1346 515 1558 962 1043 1384 1155 1044 1528 1393 901 950 1728 884 1088 952 1696 739 846 1591 1348 1509 904 957 1584 1550 1368 1136 346 1564 747 0 1481 895 730 962 1160 1584 1029 1814 429 811 591 1372 1403 881 975 1537 815 703 1417 761 759 892 1010 887 1567 1498 879 724 744 1413 989 1203 1523 1398 916 1411 938
154 695 869 576 205 183 1122 191 731 888 174 360 492 161 143 937 722 557 628 433 720 707 970 693 1270 463 142 671 577 362 183 147 427 1615 197 919 1479 0 931 793 663 371 362 874 825 1697 712 1058 154 211 754 733 169 851 1005 107 754 954 643 703 815 621 131 915 985 916 178 529 326 156 125 952 225 712
863 467 178 472 850 796 536 1008 502 240 834 605 867 978 843 66 493 1178 334 830 775 1146 384 668 1709 859 959 726 779 1034 1000 818 585 1029 1014 628 893 931 0 206 435 768 1034 244 1264 1111 634 471 822 853 525 504 986 126 419 867 211 368 342 475 768 1017 948 61 399 625 863 439 722 973 848 78 861 483
725 328 328 334 712 658 371 869 364 354 695 467 729 840 705 212 355 1040 195 691 637 1007 219 530 1571 721 821 588 641 895 862 679 447 864 876 463 728 793 206 0 296 629 895 340 1126 946 496 307 684 715 387 366 848 127 254 729 73 203 204 336 603 879 810 191 234 460 725 301 584 835 710 228 722 345
595 199 372 205 582 529 626 740 235 392 566 337 484 710 575 441 225 910 131 528 392 878 474 285 1441 592 691 343 397 766 733 550 318 1119 746 393 983 663 435 296 0 500 766 378 997 1201 251 561 555 586 258 236 719 355 508 599 257 458 147 207 488 749 681 419 489 390 595 172 455 705 580 456 593 216
303 532 705 412 290 237 834 448 568 725 274 197 165 418 283 774 558 618 464 106 393 586 807 366 1149 300 399 344 250 474 441 258 263 1327 454 592 1192 371 768 629 500 0 474 711 705 1409 384 770 263 294 520 569 427 688 830 308 590 791 480 540 488 457 389 752 822 589 303 366 98 413 288 789 301 549
294 798 971 678 308 285 1225 439 834 991 277 463 595 409 274 1040 824 245 730 536 823 395 1073 796 958 553 390 774 680 96 431 250 530 1718 445 1022 1582 362 1034 895 766 474 0 977 513 1800 814 1160 256 314 857 836 418 954 1108 298 856 1057 746 806 918 315 379 1018 1088 1019 294 632 429 404 279 1055 327 815
806 410 88 416 793 740 670 951 445 107 777 548 810 921 786 238 436 1121 277 773 718 1089 518 611 1652 802 902 669 723 977 944 761 529 1163 957 719 1027 874 244 340 378 711 977 0 1207 1245 577 605 765 796 468 447 930 298 552 810 301 502 285 418 814 960 892 233 533 716 806 383 665 916 791 188 804 427
757 1029 1202 909 771 734 1455 902 1064 1221 740 693 826 872 737 1270 1055 389 961 767 1047 146 1304 1021 551 516 853 999 905 539 895 713 760 1948 908 1247 1813 825 1264 1126 997 705 513 1207 0 2030 1039 1391 720 777 1087 1066 881 1185 1338 761 1087 1287 977 1037 1143 278 843 1248 1318 1244 757 863 659 867 742 1285 791 1045
1631 1219 1234 1240 1618 1564 732 1775 1180 1260 1601 1373 1262 1746 1610 1118 1168 1946 1101 1306 1170 1913 957 1063 1946 1565 1727 1121 1175 1801 1768 1585 1353 303 1781 965 429 1699 1112 947 1179 1378 1801 1246 2032 0 1029 808 1590 1621 1099 1192 1754 1033 921 1635 979 976 1110 1228 1105 1785 1716 1096 941 962 1631 1207 1420 1741 1616 1133 1628 1156
644 290 572 404 631 577 485 788 252 591 614 386 268 759 623 640 239 953 331 312 176 920 517 135 1484 571 740 128 181 814 781 598 366 978 794 243 842 712 634 496 251 384 814 577 1039 1060 0 421 603 634 170 264 767 554 481 648 457 536 346 300 272 792 729 618 501 240 644 371 427 754 629 655 641 228
895 476 632 590 882 828 323 1040 438 658 866 637 520 1010 875 516 425 1204 499 564 428 1172 355 321 1735 823 991 379 432 1066 1032 850 618 816 1046 223 681 963 510 345 437 636 1066 644 1290 898 286 0 854 885 356 450 1018 431 319 899 377 374 508 486 362 1043 980 494 339 220 895 557 678 1005 880 531 893 413
86 587 760 467 99 77 1013 231 622 779 69 251 384 201 66 828 613 452 519 325 611 601 862 585 1164 355 182 562 469 256 223 41 318 1506 237 811 1371 154 822 684 555 263 256 765 720 1588 603 949 0 106 645 624 209 743 896 90 645 845 535 595 707 512 171 806 876 808 86 421 217 196 71 843 119 603
143 618 791 498 157 135 1044 288 654 810 126 283 415 258 123 859 644 509 550 356 642 659 893 616 1222 386 239 594 500 314 281 99 349 1537 294 842 1402 211 853 715 586 294 314 796 777 1619 634 980 106 0 676 655 267 774 927 147 676 876 566 626 738 543 229 837 907 839 143 452 249 253 128 874 177 635
686 290 463 295 673 619 555 831 279 482 657 428 404 801 666 531 267 1001 222 448 312 968 565 205 1532 682 782 263 316 857 823 641 408 1048 837 313 912 754 525 387 258 520 857 468 1087 1130 170 491 645 676 0 291 809 446 550 690 348 548 237 298 407 840 771 509 571 310 686 262 545 796 671 546 684 255
665 268 442 274 652 598 648 810 304 461 636 407 497 780 645 510 295 980 201 541 405 947 544 298 1511 661 761 356 410 836 802 620 387 1141 816 406 1006 733 504 366 236 569 836 447 1066 1223 264 584 624 655 291 0 788 425 578 669 327 527 216 277 501 819 750 488 558 403 665 241 524 775 650 525 662 285
210 751 924 631 261 238 1178 225 787 944 230 416 548 193 198 993 777 613 683 489 775 762 1026 749 1326 519 197 727 633 418 215 202 482 1671 220 975 1535 169 986 848 719 427 418 930 881 1753 767 1113 209 267 809 788 0 907 1060 162 809 1010 699 759 871 676 187 971 1041 972 234 585 382 198 180 1008 280 768
784 387 232 393 770 717 456 928 423 294 754 525 788 899 763 120 413 1099 254 750 696 1066 305 589 1629 780 879 647 700 954 921 738 506 949 934 549 814 851 126 127 355 688 954 298 1185 1031 554 392 743 774 446 425 907 0 339 788 131 288 263 395 688 938 869 115 319 546 783 360 643 894 768 132 781 404
937 540 540 546 924 870 455 1082 576 566 908 679 844 1052 917 425 567 1252 407 888 753 1219 66 646 1783 933 1033 704 757 1108 1074 892 659 948 1088 548 812 1005 419 254 508 841 1108 552 1338 1030 611 391 896 927 599 578 1060 339 0 941 285 85 416 549 687 1091 1022 403 50 544 937 513 796 1047 922 440 934 557
109 631 805 512 141 119 1058 183 667 824 110 296 428 154 98 873 658 494 564 370 656 643 906 629 1206 399 135 607 514 298 176 83 363 1551 189 856 1416 107 867 729 599 308 298 810 761 1633 648 994 90 147 690 669 162 788 941 0 690 890 579 640 751 557 124 851 921 852 127 466 262 149 80 888 161 648
686 289 296 295 673 619 402 831 325 315 656 428 690 801 666 217 316 1001 156 652 598 968 250 491 1532 682 782 549 602 856 823 641 408 895 837 495 759 754 211 73 257 590 856 301 1087 977 457 338 645 676 348 327 809 131 285 690 0 234 165 297 634 840 771 195 265 491 686 262 545 796 671 232 683 306
886 490 489 496 873 820 404 1031 525 516 857 628 794 1001 866 374 516 1201 357 838 702 1169 51 595 1732 882 982 653 706 1057 1024 841 609 897 1037 497 762 954 368 203 458 791 1057 502 1287 979 561 340 845 876 548 527 1010 288 85 890 234 0 365 498 636 1040 971 352 65 494 886 463 745 996 871 389 884 506
575 179 280 185 562 509 533 720 215 299 546 317 579 690 555 348 205 890 59 542 487 858 382 381 1421 572 671 439 492 746 713 530 298 1026 726 489 891 643 342 204 147 480 746 285 977 1108 346 469 535 566 237 216 699 263 416 579 165 365 0 187 583 729 661 326 396 485 575 152 435 685 560 363 573 196
636 239 412 245 622 569 666 780 275 432 606 377 533 751 615 481 265 951 171 577 441 918 514 334 1481 632 731 392 445 806 773 590 358 1159 786 442 1023 703 475 336 207 540 806 418 1037 1241 300 602 595 626 298 277 759 395 549 640 297 498 187 0 537 790 721 459 529 439 635 212 495 745 620 496 633 256
747 527 808 573 734 681 561 892 488 828 718 489 372 862 727 754 476 1057 567 416 144 1024 592 253 1587 675 843 203 284 918 885 702 470 1054 898 167 918 815 748 583 488 488 918 814 1143 1136 272 497 707 738 407 501 871 668 556 751 614 612 583 537 0 896 833 732 577 170 747 527 530 857 732 769 745 464
553 781 955 662 540 486 1208 698 817 974 524 446 578 668 533 1023 808 191 714 520 800 159 1056 774 722 269 649 751 658 341 690 508 513 1701 704 1000 1566 621 1017 879 749 457 315 960 278 1783 792 1144 512 543 840 819 676 938 1091 557 840 1040 729 790 896 0 638 1001 1071 997 553 615 412 663 538 1038 551 798
171 713 886 593 222 200 1140 208 749 906 192 378 510 178 160 954 739 575 645 451 737 724 988 711 1287 481 159 689 595 379 201 164 444 1632 213 937 1497 131 948 810 681 389 379 892 843 1715 729 1075 171 229 771 750 187 869 1022 124 771 971 661 721 833 638 0 933 1002 934 195 547 344 173 142 970 242 730
847 451 167 457 834 781 520 992 486 229 818 589 851 962 827 55 477 1162 318 814 759 1130 368 652 1693 843 943 710 764 1018 985 802 570 1013 998 612 877 915 61 191 419 752 1018 233 1248 1095 618 456 806 837 509 488 971 115 403 851 195 352 326 459 752 1001 933 0 383 609 847 424 706 957 832 67 845 467
917 521 520 527 904 851 435 1062 556 547 888 659 825 1032 897 405 547 1232 388 869 733 1200 46 626 1763 913 1013 684 737 1088 1054 872 640 928 1068 528 793 985 399 234 489 822 1088 533 1318 1010 592 371 876 907 579 558 1041 319 50 921 265 65 396 529 667 1071 1002 383 0 525 917 493 776 1027 902 420 915 537
848 429 711 543 835 782 418 993 391 730 819 590 473 963 828 611 379 1158 470 517 268 1125 450 274 1688 776 944 332 385 1019 986 803 571 911 999 86 776 916 605 440 390 589 1019 716 1244 993 240 354 808 839 310 403 972 526 414 852 471 469 485 439 170 997 934 589 434 0 848 510 631 958 833 626 846 367
123 627 801 508 137 115 1054 255 663 820 106 292 424 225 103 869 654 489 560 366 652 639 902 625 1202 395 206 603 509 294 247 79 359 1547 261 851 1411 178 863 725 595 303 294 806 757 1629 644 990 86 143 686 665 234 783 937 127 686 886 575 635 747 553 195 847 917 848 0 461 258 220 108 884 157 644
461 204 377 84 448 395 631 606 240 397 432 203 487 576 441 445 230 776 136 428 432 744 479 405 1307 458 557 383 436 632 599 416 184 1124 612 514 988 529 439 301 172 366 632 383 863 1206 371 566 421 452 262 241 585 360 513 466 262 463 152 212 527 615 547 424 493 510 461 0 321 571 446 461 459 221
258 487 660 367 245 192 877 403 522 679 229 152 207 373 238 728 513 573 419 149 435 541 762 408 1104 255 354 386 293 429 396 213 218 1370 409 634 1234 326 722 584 455 98 429 665 659 1452 427 812 217 249 545 524 382 643 796 262 545 745 435 495 530 412 344 706 776 631 258 321 0 368 243 743 256 503
196 737 911 618 247 225 1164 193 773 930 216 402 534 161 185 979 764 599 670 476 762 749 1012 735 1312 505 182 713 620 404 183 189 469 1657 188 961 1521 156 973 835 705 413 404 916 867 1739 754 1100 196 253 796 775 198 894 1047 149 796 996 685 745 857 663 173 957 1027 958 220 571 368 0 167 994 267 754
108 612 786 492 122 100 1039 202 648 805 91 277 409 172 88 854 639 474 545 350 637 624 887 610 1187 380 153 588 494 279 194 64 344 1532 208 836 1396 125 848 710 580 288 279 791 742 1614 629 975 71 128 671 650 180 768 922 80 671 871 560 620 732 538 142 832 902 833 108 446 243 167 0 869 142 629
884 488 143 494 871 818 557 1029 523 184 855 626 888 999 864 72 514 1199 355 851 796 1167 405 689 1730 880 980 747 801 1055 1022 839 607 1050 1035 649 914 952 78 228 456 789 1055 188 1285 1132 655 493 843 874 546 525 1008 132 440 888 232 389 363 496 789 1038 970 67 420 646 884 461 743 994 869 0 882 505
157 625 798 505 170 148 1052 302 661 818 140 290 422 272 137 867 651 523 557 363 650 672 900 623 1235 393 253 601 507 327 294 112 356 1545 308 849 1409 225 861 722 593 301 327 804 791 1627 641 987 119 177 684 662 280 781 934 161 683 884 573 633 745 551 242 845 915 846 157 459 256 267 142 882 0 642
644 248 421 254 631 578 612 789 284 441 615 386 461 759 624 489 274 959 180 505 369 927 523 262 1490 641 740 320 373 815 782 599 367 1105 795 370 969 712 483 345 216 549 815 427 1045 1187 228 548 603 635 255 285 768 404 557 648 306 506 196 256 464 798 730 467 537 367 644 221 503 754 629 505 642 0
EOF