NAME : tsp_problem
TYPE : TSP
DIMENSION : 66
EDGE_WEIGHT_TYPE : EXPLICIT
EDGE_WEIGHT_FORMAT : FULL_MATRIX
EDGE_WEIGHT_SECTION
0 498 1082 474 419 880 1248 395 856 480 862 399 1050 404 38 950 409 1040 509 798 1035 903 846 863 898 868 846 714 697 559 637 1122 339 400 57 885 881 408 872 1117 492 83 540 866 832 1134 80 59 334 591 869 527 516 459 579 856 702 962 1051 36 217 871 893 489 887 400
498 0 1000 737 682 798 1166 658 774 744 779 316 967 668 502 868 672 1303 81 716 953 821 1110 780 816 785 764 729 711 530 651 1040 318 663 521 802 799 326 789 1034 64 547 130 784 750 1052 544 524 314 509 787 541 87 377 842 870 716 976 969 500 325 789 811 407 805 200
1082 1000 0 1321 1265 314 733 1088 290 1327 295 733 483 1097 1086 238 1256 1887 1010 508 469 337 1693 297 225 302 280 861 844 904 784 121 902 1246 1104 318 315 742 581 115 993 1130 1042 300 542 133 1128 1107 897 583 579 872 1017 668 1426 721 849 806 485 1084 909 305 327 824 321 1092
731 998 1581 0 502 1380 1748 619 1356 76 1361 898 1549 628 723 1450 492 864 1009 1129 1535 1403 670 1362 1398 1367 1346 938 920 782 861 1622 838 483 705 1384 1381 907 1371 1616 992 683 1040 1366 1163 1633 681 708 834 1091 1369 750 1016 959 402 1080 926 1185 1550 727 717 1371 1393 989 1387 900
417 684 1267 271 0 1065 1433 304 1041 277 1047 584 1235 313 408 1135 78 809 694 815 1220 1088 615 1048 1083 1053 1031 623 606 468 546 1307 524 69 391 1070 1066 593 1057 1302 677 368 725 1051 849 1319 366 393 519 776 1054 436 701 644 347 765 611 871 1236 412 402 1056 1078 675 1072 585
880 798 314 1119 1063 0 531 886 88 1125 94 531 282 895 884 182 1054 1685 808 306 267 135 1491 95 130 100 78 659 642 702 582 354 700 1045 902 117 113 540 379 349 791 928 840 98 340 366 926 905 695 382 377 670 815 466 1224 519 647 605 283 882 707 103 125 622 119 890
1248 1166 733 1487 1432 531 0 1249 508 1493 513 899 333 1258 1252 601 1422 2053 1177 674 318 554 1859 514 550 519 497 1022 1004 1064 945 774 1068 1413 1271 536 533 908 467 768 1160 1296 1208 517 708 785 1294 1273 1063 750 464 1033 1183 834 1592 703 1009 692 334 1250 1075 523 544 990 539 1258
310 577 1160 329 274 958 1327 0 935 336 940 477 1128 66 302 1029 264 895 588 761 1114 982 702 941 977 946 925 569 552 414 492 1201 417 255 284 963 960 486 950 1195 571 262 619 945 795 1212 259 287 413 670 948 382 594 538 434 711 557 817 1129 306 296 950 972 568 966 479
856 774 290 1095 1040 88 508 863 0 1102 70 508 258 872 860 158 1030 1661 785 282 244 112 1467 71 107 76 55 636 618 679 559 331 676 1021 879 93 90 517 356 325 768 905 816 75 316 342 902 882 672 358 353 647 792 442 1200 496 623 581 259 858 683 80 102 598 96 866
738 1005 1588 76 508 1386 1754 625 1362 0 1368 905 1556 634 730 1456 498 870 1015 1136 1542 1409 676 1369 1405 1374 1352 944 927 789 867 1628 845 489 712 1391 1387 914 1378 1623 998 689 1047 1372 1170 1640 687 714 840 1097 1375 757 1022 965 409 1086 932 1192 1557 733 723 1377 1399 996 1394 906
862 779 295 1100 1045 94 513 868 70 1107 0 513 263 877 865 164 1035 1666 790 288 249 117 1473 76 112 81 60 641 624 684 564 336 682 1026 884 98 95 522 361 330 773 910 821 80 322 347 908 887 677 363 358 652 797 448 1205 501 629 586 264 863 689 85 107 604 101 872
399 316 733 637 582 531 899 491 508 644 513 0 701 500 403 601 572 1204 327 450 687 554 1010 514 550 519 497 462 445 264 385 773 219 563 421 536 532 59 523 768 310 447 358 517 484 785 445 424 214 242 520 274 334 111 742 604 450 710 702 400 226 522 544 141 539 409
1050 967 483 1288 1233 282 333 1056 258 1295 263 701 0 1065 1053 352 1223 1854 978 476 69 305 1661 264 300 269 248 829 812 872 752 524 870 1214 1072 286 283 710 549 518 961 1098 1009 268 510 535 1096 1075 865 551 546 840 985 636 1393 689 817 774 84 1051 877 273 295 792 289 1060
319 586 1170 338 283 968 1336 66 944 345 949 486 1137 0 311 1038 273 905 597 770 1123 991 711 950 986 955 934 579 561 423 502 1210 427 264 293 972 969 496 959 1204 580 271 628 954 804 1221 269 296 422 679 957 391 604 547 443 720 566 826 1138 315 305 959 981 577 975 488
38 502 1086 478 423 884 1252 399 860 484 865 403 1053 408 0 954 413 1044 513 802 1039 907 850 866 902 872 850 718 701 563 641 1126 343 404 49 888 885 412 876 1120 496 74 544 870 836 1138 72 51 338 595 873 531 520 463 583 860 706 966 1055 34 221 875 897 493 891 404
950 868 238 1189 1133 182 601 956 158 1195 164 601 352 965 954 0 1124 1755 878 376 337 205 1561 165 93 170 148 729 712 772 652 279 770 1115 972 187 183 610 449 273 861 998 910 168 410 290 996 975 765 452 447 740 885 536 1294 590 717 675 353 952 777 173 195 692 189 960
407 674 1257 261 78 1055 1423 294 1032 267 1037 574 1225 303 399 1125 0 799 684 805 1211 1078 605 1038 1074 1043 1021 613 596 458 536 1297 514 59 381 1060 1056 583 1047 1292 667 358 716 1041 839 1309 356 384 509 766 1044 426 691 635 338 755 601 861 1226 403 392 1046 1068 665 1063 575
1038 1305 1888 892 809 1686 2055 926 1663 899 1668 1205 1856 935 1030 1756 799 0 1316 1436 1842 1710 314 1669 1705 1674 1653 1245 1227 1089 1167 1929 1145 790 1012 1691 1688 1214 1678 1923 1299 990 1347 1673 1470 1940 987 1015 1141 1398 1676 1057 1322 1266 621 1386 1232 1492 1857 1034 1023 1678 1700 1296 1694 1206
509 81 1010 748 693 808 1177 669 785 754 790 327 978 678 513 878 683 1314 0 727 964 832 1120 791 827 796 774 739 722 541 662 1051 329 674 532 813 810 336 800 1045 74 557 140 795 761 1062 555 534 324 520 798 552 98 388 853 881 727 987 979 511 336 800 822 418 816 210
798 716 508 901 846 306 674 629 282 907 288 450 476 638 802 376 836 1467 727 0 461 329 1273 289 324 294 272 402 385 445 325 548 618 827 821 311 307 459 298 543 710 834 758 292 83 560 831 824 614 300 295 413 734 385 1006 262 390 368 477 800 625 297 319 540 313 808
1035 953 469 1274 1219 267 318 1042 244 1281 249 687 69 1051 1039 337 1209 1840 964 461 0 291 1647 250 286 255 234 815 797 858 738 510 855 1200 1058 272 269 696 535 504 947 1084 995 254 495 521 1081 1061 851 537 532 826 971 622 1379 675 803 760 70 1037 862 259 281 777 275 1045
903 821 337 1142 1087 135 554 910 112 1148 117 554 305 919 907 205 1077 1708 832 329 291 0 1514 118 154 123 101 682 665 725 605 378 723 1068 926 140 137 564 402 372 815 952 863 121 363 389 949 928 719 405 400 693 838 489 1247 543 670 628 306 905 730 127 148 645 143 913
844 1111 1694 698 615 1493 1861 732 1469 705 1474 1011 1662 741 836 1563 605 314 1122 1242 1648 1516 0 1475 1511 1480 1459 1051 1033 895 974 1735 951 596 818 1497 1494 1020 1484 1729 1105 796 1153 1479 1276 1746 794 821 947 1204 1482 863 1129 1072 427 1193 1039 1298 1663 840 830 1484 1506 1102 1500 1013
863 780 297 1101 1046 95 514 869 71 1108 76 514 264 878 866 165 1036 1667 791 289 250 118 1474 0 113 82 61 642 625 685 565 337 683 1027 885 99 96 523 362 331 774 911 822 81 323 348 909 888 678 364 359 653 798 449 1206 502 630 587 265 864 690 86 108 605 102 873
898 816 225 1137 1082 130 550 905 107 1144 112 550 300 914 902 93 1072 1703 827 324 286 154 1510 113 0 118 97 678 660 721 601 265 718 1063 921 135 132 559 398 259 810 947 858 117 358 277 944 924 714 400 395 689 834 485 1242 538 666 623 301 900 725 122 144 640 138 908
868 785 302 1106 1051 100 519 874 76 1113 81 519 269 883 872 170 1041 1673 796 294 255 123 1479 82 118 0 66 647 630 690 570 342 688 1032 890 104 101 528 367 336 779 916 827 86 328 354 914 893 683 369 365 658 803 454 1211 507 635 592 271 869 695 91 113 610 107 878
846 764 280 1085 1030 78 497 852 55 1091 60 497 248 862 850 148 1020 1651 774 272 234 101 1457 61 97 66 0 625 608 668 548 320 666 1011 869 83 79 506 345 315 758 894 806 64 306 332 892 871 661 348 343 636 781 432 1190 486 613 571 249 848 673 69 91 588 86 856
691 729 861 710 654 659 1022 438 636 716 641 462 829 447 682 729 645 1276 739 402 815 682 1082 642 678 647 625 0 193 254 134 902 631 635 665 664 661 471 645 896 722 642 770 645 436 913 640 667 626 371 643 222 746 455 815 353 198 458 830 686 638 651 672 553 667 821
673 711 844 692 637 642 1004 420 618 699 624 445 812 430 665 712 627 1258 722 385 797 665 1065 625 660 630 608 193 0 236 116 884 613 618 647 647 643 454 628 879 705 625 753 628 419 896 623 650 609 353 625 204 729 438 797 335 45 441 813 669 620 633 655 535 649 803
535 530 904 554 499 702 1064 282 679 560 684 264 872 291 527 772 489 1120 541 445 858 725 926 685 721 690 668 254 236 0 176 944 433 480 509 707 703 273 688 939 524 487 572 688 479 956 484 512 428 414 686 66 548 325 659 395 241 501 873 531 440 693 715 355 710 623
614 651 784 632 577 582 945 361 559 639 564 385 752 370 605 652 567 1199 662 325 738 605 1005 565 601 570 548 134 116 176 0 824 554 558 588 587 584 394 568 819 645 565 693 568 359 836 563 590 549 294 566 145 669 378 737 275 121 381 753 609 561 574 595 476 590 744
1122 1040 121 1361 1306 354 774 1129 331 1367 336 773 524 1138 1126 279 1296 1927 1051 548 510 378 1733 337 265 342 320 902 884 944 824 0 942 1287 1145 359 356 783 621 156 1034 1171 1082 340 582 173 1168 1148 938 624 619 912 1057 708 1466 762 889 847 525 1124 949 346 367 864 362 1132
339 318 902 577 522 700 1068 499 676 584 682 219 870 508 343 770 512 1144 329 618 855 723 950 683 718 688 666 631 613 433 554 942 0 503 361 705 701 228 692 937 312 387 360 686 652 954 385 364 154 411 689 443 336 279 682 773 619 878 871 341 166 691 713 309 707 349
398 665 1248 252 69 1046 1414 285 1022 258 1028 565 1216 294 390 1116 59 790 675 796 1202 1069 596 1029 1065 1034 1012 604 587 449 527 1288 505 0 372 1051 1047 574 1038 1283 658 349 707 1032 830 1300 347 374 500 757 1035 417 682 625 328 746 592 852 1217 393 383 1037 1059 656 1054 566
57 521 1104 497 441 902 1271 418 879 503 884 421 1072 427 49 972 432 1063 532 821 1058 926 869 885 921 890 869 737 720 581 660 1145 361 422 0 907 904 430 894 1139 515 57 563 889 855 1156 54 33 357 614 892 549 538 482 601 879 725 984 1073 52 239 894 916 512 910 422
885 802 318 1123 1068 117 536 891 93 1130 98 536 286 900 888 187 1058 1689 813 311 272 140 1496 99 135 104 83 664 647 707 587 359 705 1049 907 0 118 545 384 353 796 933 844 103 345 370 931 910 700 386 381 675 820 471 1228 524 652 609 287 886 712 108 130 627 124 895
881 799 315 1120 1065 113 533 888 90 1126 95 532 283 897 885 183 1055 1686 810 307 269 137 1492 96 132 101 79 661 643 703 584 356 701 1046 904 118 0 542 380 350 793 930 841 99 341 367 927 907 697 383 378 671 816 467 1225 521 648 606 284 883 708 105 126 623 121 891
408 326 742 647 591 540 908 500 517 653 522 59 710 509 412 610 582 1213 336 459 696 564 1019 523 559 528 506 471 454 273 394 783 228 572 430 545 542 0 532 777 319 456 368 526 493 794 454 433 223 252 530 284 343 120 751 613 459 719 711 410 235 532 553 150 548 418
872 789 581 1110 1055 379 467 872 356 1117 361 523 549 881 876 449 1045 1677 800 298 535 402 1483 362 398 367 345 645 628 688 568 621 692 1036 894 384 380 532 0 616 783 920 831 365 332 633 918 897 687 373 88 656 807 458 1215 327 633 315 550 873 699 371 392 614 387 882
1117 1034 115 1355 1300 349 768 1123 325 1362 330 768 518 1132 1120 273 1290 1922 1045 543 504 372 1728 331 259 336 315 896 879 939 819 156 937 1281 1139 353 350 777 616 0 1028 1165 1076 335 577 167 1163 1142 932 618 613 907 1052 703 1460 756 884 841 519 1118 944 340 362 859 356 1127
492 64 993 731 676 791 1160 652 768 737 773 310 961 661 496 861 666 1297 74 710 947 815 1103 774 810 779 758 722 705 524 645 1034 312 657 515 796 793 319 783 1028 0 540 123 778 744 1045 538 517 308 503 781 535 81 371 836 864 710 970 962 494 319 783 805 401 799 194
83 547 1130 522 467 928 1296 444 905 529 910 447 1098 453 74 998 457 1089 557 847 1084 952 895 911 947 916 894 763 745 607 686 1171 387 448 57 933 930 456 920 1165 540 0 589 914 881 1182 32 59 382 640 918 575 564 508 627 905 750 1010 1099 78 265 920 941 538 936 448
540 130 1042 779 724 840 1208 700 816 786 821 358 1009 710 544 910 714 1345 140 758 995 863 1152 822 858 827 806 770 753 572 693 1082 360 705 563 844 841 368 831 1076 123 589 0 826 792 1093 586 566 356 551 829 583 147 419 884 912 758 1018 1010 542 367 831 853 449 847 260
866 784 300 1105 1050 98 517 872 75 1111 80 517 268 882 870 168 1040 1671 795 292 254 121 1477 81 117 86 64 645 628 688 568 340 686 1031 889 103 99 526 365 335 778 914 826 0 326 352 912 891 681 368 363 656 801 452 1210 506 633 591 269 868 693 89 111 608 106 876
832 750 542 935 880 340 708 663 316 941 322 484 510 672 836 410 870 1501 761 83 495 363 1307 323 358 328 306 436 419 479 359 582 652 861 855 345 341 493 332 577 744 868 792 326 0 594 865 858 648 334 329 447 768 419 1040 296 424 402 511 834 659 331 353 574 347 842
1134 1052 133 1372 1317 366 785 1140 342 1379 347 785 535 1149 1138 290 1307 1939 1062 560 521 389 1745 348 277 354 332 913 896 956 836 173 954 1298 1156 370 367 794 633 167 1045 1182 1093 352 594 0 1180 1159 949 635 631 924 1069 720 1477 773 901 858 537 1136 961 357 379 876 373 1144
80 544 1128 520 465 926 1294 441 902 526 908 445 1096 450 72 996 455 1086 555 844 1081 949 892 909 944 914 892 760 743 605 683 1168 385 446 54 931 927 454 918 1163 538 32 586 912 878 1180 0 57 380 637 915 573 562 505 625 902 748 1008 1097 76 263 917 939 535 933 446
59 524 1107 499 444 905 1273 421 882 506 887 424 1075 430 51 975 434 1066 534 824 1061 928 872 888 924 893 871 740 722 584 663 1148 364 425 33 910 907 433 897 1142 517 59 566 891 858 1159 57 0 359 617 895 552 541 485 604 881 727 987 1076 55 242 897 918 515 913 425
334 314 897 573 518 695 1063 494 672 579 677 214 865 503 338 765 508 1139 324 614 851 719 945 678 714 683 661 626 609 428 549 938 154 499 357 700 697 223 687 932 308 382 356 681 648 949 380 359 0 407 685 439 331 275 678 768 614 874 866 336 161 687 708 305 703 344
591 509 583 830 775 382 750 598 358 836 363 242 551 607 595 452 765 1396 520 300 537 405 1202 364 400 369 348 371 353 414 294 624 411 756 614 386 383 252 373 618 503 640 551 368 334 635 637 617 407 0 371 382 526 177 935 513 358 599 552 593 418 373 395 333 389 601
869 787 579 1108 1053 377 464 870 353 1114 358 520 546 879 873 447 1043 1674 798 295 532 400 1480 359 395 365 343 643 625 686 566 619 689 1034 892 381 378 530 88 613 781 918 829 363 329 631 915 895 685 371 0 654 804 455 1213 325 631 313 548 871 696 368 390 611 384 879
503 541 872 522 467 670 1033 250 647 529 652 274 840 259 495 740 457 1088 552 413 826 693 894 653 689 658 636 222 204 66 145 912 443 448 477 675 671 284 656 907 535 455 583 656 447 924 452 480 439 382 654 0 558 335 627 363 209 469 841 499 450 662 683 365 678 633
516 87 1017 755 699 815 1183 676 792 761 797 334 985 685 520 885 690 1321 98 734 971 838 1127 798 834 803 781 746 729 548 669 1057 336 680 538 820 816 343 807 1052 81 564 147 801 768 1069 562 541 331 526 804 558 0 395 860 888 734 994 986 518 343 806 828 425 823 217
459 377 668 698 643 466 834 551 442 705 448 111 636 560 463 536 633 1264 388 385 622 489 1070 449 485 454 432 455 438 325 378 708 279 624 482 471 467 120 458 703 371 508 419 452 419 720 505 485 275 177 455 335 395 0 803 597 443 683 637 461 286 457 479 201 474 469
577 844 1427 431 347 1225 1593 464 1202 437 1207 744 1395 473 569 1295 338 621 854 975 1381 1248 427 1208 1244 1213 1191 783 766 628 706 1467 684 328 551 1230 1226 753 1217 1462 837 528 886 1211 1009 1479 526 554 679 936 1214 596 861 805 0 925 771 1031 1396 572 562 1216 1238 835 1233 745
832 870 721 851 796 519 703 580 496 858 501 604 689 589 824 590 786 1418 881 262 675 543 1224 502 538 507 486 353 335 395 275 762 773 777 806 524 521 613 327 756 864 784 912 506 296 773 782 809 768 513 325 363 888 597 956 0 340 140 690 828 780 511 533 695 527 963
678 716 849 697 642 647 1009 425 623 704 629 450 817 435 670 717 632 1264 727 390 803 670 1070 630 666 635 613 198 45 241 121 889 619 623 652 652 648 459 633 884 710 630 758 633 424 901 628 655 614 358 631 209 734 443 802 340 0 446 818 674 626 638 660 541 655 809
938 976 806 957 902 605 692 685 581 964 586 710 774 695 930 675 892 1523 987 368 760 628 1330 587 623 592 571 458 441 501 381 847 878 883 912 609 606 719 315 841 970 890 1018 591 402 858 888 915 874 599 313 469 994 683 1062 140 446 0 775 934 885 596 618 800 612 1068
1051 969 485 1289 1234 283 334 1057 259 1296 264 702 84 1066 1055 353 1224 1856 979 477 70 306 1662 265 301 271 249 830 813 873 753 525 871 1215 1073 287 284 711 550 519 962 1099 1010 269 511 537 1097 1076 866 552 548 841 986 637 1394 690 818 775 0 1053 878 274 296 793 290 1061
36 500 1084 476 421 882 1250 397 858 482 863 400 1051 406 34 952 411 1042 511 800 1037 905 848 864 900 869 848 716 699 561 639 1124 341 402 52 886 883 410 873 1118 494 78 542 868 834 1136 76 55 336 593 871 529 518 461 581 858 704 964 1053 0 219 873 895 491 889 402
217 325 909 456 400 707 1075 377 683 462 689 226 877 386 221 777 391 1022 336 625 862 730 828 690 725 695 673 638 620 440 561 949 166 382 239 712 708 235 699 944 319 265 367 693 659 961 263 242 161 418 696 450 343 286 561 780 626 885 878 219 0 698 720 316 714 227
871 789 305 1110 1055 103 523 878 80 1116 85 522 273 887 875 173 1045 1676 800 297 259 127 1482 86 122 91 69 651 633 693 574 346 691 1036 894 108 105 532 371 340 783 920 831 89 331 357 917 897 687 373 368 662 806 457 1215 511 638 596 274 873 698 0 116 613 111 881
893 811 327 1132 1077 125 544 899 102 1138 107 544 295 909 897 195 1067 1698 822 319 281 148 1504 108 144 113 91 672 655 715 595 367 713 1058 916 130 126 553 392 362 805 941 853 111 353 379 939 918 708 395 390 683 828 479 1237 533 660 618 296 895 720 116 0 635 133 903
489 407 824 728 673 622 990 581 598 735 604 141 792 591 493 692 663 1294 418 540 777 645 1101 605 640 610 588 553 535 355 476 864 309 654 512 627 623 150 614 859 401 538 449 608 574 876 535 515 305 333 611 365 425 201 833 695 541 800 793 491 316 613 635 0 629 499
887 805 321 1126 1071 119 539 894 96 1133 101 539 289 903 891 189 1061 1692 816 313 275 143 1499 102 138 107 86 667 649 710 590 362 707 1052 910 124 121 548 387 356 799 936 847 106 347 373 933 913 703 389 384 678 823 474 1231 527 655 612 290 889 714 111 133 629 0 897
400 200 1092 639 583 890 1258 560 866 645 872 409 1060 569 404 960 574 1205 210 808 1045 913 1011 873 908 878 856 821 803 623 744 1132 349 565 422 895 891 418 882 1127 194 448 260 876 842 1144 446 425 344 601 879 633 217 469 744 963 809 1068 1061 402 227 881 903 499 897 0
EOF
