NAME : tsp_problem
TYPE : TSP
DIMENSION : 74
EDGE_WEIGHT_TYPE : EXPLICIT
EDGE_WEIGHT_FORMAT : FULL_MATRIX
EDGE_WEIGHT_SECTION
0 382 1309 428 796 372 1289 410 289 448 575 284 411 525 467 431 458 427 302 562 280 454 430 263 370 1264 354 338 226 626 398 434 1270 288 279 717 146 367 1264 216 574 274 349 589 509 255 386 407 673 341 432 247 607 539 272 1134 458 1138 254 599 442 386 248 344 443 152 846 693 543 468 283 546 422 799
382 0 1657 775 1144 720 1636 185 485 203 728 162 758 873 814 779 806 202 649 910 156 198 204 196 718 1611 130 685 204 974 173 199 1617 191 226 1065 448 563 1611 564 922 218 124 937 856 182 733 182 1021 537 207 168 579 887 164 1482 806 1291 601 571 789 307 596 119 639 348 1193 847 890 816 233 893 197 952
1310 1658 0 917 670 1072 502 1687 1503 1724 1851 1561 939 971 885 1068 974 1703 1039 1198 1557 1730 1706 1539 981 477 1631 1052 1502 1071 1675 1711 483 1564 1556 732 1291 1211 477 1131 1020 1550 1626 1034 1014 1531 967 1684 864 1617 1709 1523 1884 1175 1548 347 974 1419 1213 1876 996 1663 1177 1620 1349 1358 748 1970 1172 885 1559 991 1699 1857
428 775 915 0 402 293 895 804 682 842 968 678 429 131 73 185 391 820 156 315 674 847 823 656 98 870 748 542 619 232 792 828 876 682 673 323 408 701 870 479 180 668 743 195 606 648 457 801 279 734 826 641 1001 292 666 740 409 1532 516 993 362 780 294 738 837 545 452 1087 296 474 676 152 816 1193
797 1145 670 404 0 559 650 1174 990 1211 1338 1048 426 458 372 555 461 1190 526 685 1044 1217 1193 1026 468 625 1118 539 989 558 1162 1198 631 1051 1043 219 778 698 625 618 507 1037 1113 521 501 1018 454 1171 351 1104 1196 1010 1371 662 1035 495 461 1902 700 1363 483 1150 664 1107 836 845 235 1457 659 372 1046 478 1186 1562
372 720 1103 293 590 0 1083 749 627 786 913 623 178 390 332 296 171 765 167 427 619 792 768 601 235 1058 693 291 564 491 737 773 1064 626 618 511 353 450 1058 370 439 612 688 454 459 593 206 746 538 679 771 585 946 404 610 928 170 1476 452 938 193 725 239 682 588 490 640 1032 408 223 621 410 761 1137
1290 1638 502 896 650 1052 0 1667 1483 1704 1831 1541 919 951 865 1047 954 1683 1019 1178 1537 1710 1686 1519 961 195 1611 1032 1482 1051 1655 1691 201 1544 1535 712 1271 1191 136 1111 1000 1530 1606 1014 994 1511 947 1664 844 1597 1688 1503 1864 1155 1528 224 954 1864 1193 1856 976 1643 1157 1600 1329 1338 728 1950 1152 865 1539 971 1679 2055
410 185 1685 804 1172 749 1665 0 513 220 757 191 787 902 843 807 835 230 678 938 184 215 220 224 746 1640 158 714 233 1002 202 216 1646 219 255 1093 477 592 1640 593 950 246 153 965 885 211 762 199 1049 566 235 197 607 915 193 1510 834 1320 630 600 818 336 625 148 668 376 1222 875 919 844 261 922 226 981
289 485 1534 682 1021 627 1514 513 0 551 397 387 597 780 721 686 644 530 556 816 383 557 533 366 624 1489 458 524 329 880 501 537 1495 391 382 942 355 330 1489 471 829 377 452 843 694 358 571 510 928 163 535 350 430 793 375 1359 644 960 508 422 666 489 503 447 243 255 1071 516 797 654 386 800 525 621
448 203 1723 842 1210 786 1703 220 551 0 794 229 825 939 881 845 872 219 715 976 222 194 200 262 784 1678 196 752 271 1040 188 195 1683 257 293 1131 515 629 1678 630 988 284 191 1003 923 249 799 178 1087 603 214 235 645 953 230 1548 872 1358 667 637 856 373 662 185 706 414 1260 913 956 882 299 959 224 1019
575 728 1850 968 1337 913 1830 757 397 794 0 631 946 1066 1007 972 993 773 842 1103 627 800 776 622 911 1804 701 873 615 1167 745 781 1810 634 652 1258 641 679 1804 757 1115 643 696 1130 1043 608 920 754 1214 287 779 594 271 1080 618 1675 993 590 794 263 982 462 789 691 552 541 1387 146 1083 1003 659 1086 769 251
284 162 1559 678 1046 623 1539 191 387 229 631 0 661 776 717 681 709 207 552 812 103 234 210 98 620 1514 135 588 107 876 179 215 1520 111 129 967 351 466 1514 467 824 120 130 839 759 85 636 188 923 440 213 71 481 789 95 1384 708 1194 504 474 692 210 499 125 542 250 1096 749 793 718 135 796 203 855
411 758 970 429 457 178 950 787 597 825 946 661 0 527 468 433 80 803 303 563 657 830 806 640 371 925 731 146 602 627 775 811 931 665 656 378 392 305 925 224 576 651 726 590 316 632 73 784 458 712 809 624 978 540 649 795 80 1509 307 970 102 763 375 721 442 452 507 1064 544 90 659 547 799 1170
525 873 969 131 456 390 949 902 780 939 1066 776 527 0 127 282 489 918 254 294 772 945 921 754 196 924 846 640 717 132 890 926 930 779 770 377 506 799 924 577 197 765 840 115 660 746 554 899 334 832 923 738 1099 271 763 794 507 1629 614 1091 460 878 392 835 934 643 506 1185 232 531 774 186 914 1290
467 814 884 73 371 332 864 843 721 881 1007 717 468 127 0 224 430 859 195 354 713 886 862 695 137 839 787 581 658 228 831 867 844 720 712 292 447 740 839 518 176 707 782 191 575 687 496 840 248 773 865 679 1040 331 705 709 448 1571 555 1032 401 819 333 777 876 584 421 1126 328 445 715 147 855 1231
431 779 1066 185 553 296 1046 807 686 845 972 681 433 282 224 0 395 824 160 213 678 851 827 660 127 1021 752 546 623 294 796 832 1027 685 676 474 412 705 1021 482 331 671 746 339 714 652 460 805 430 738 829 644 1005 190 669 891 413 1535 520 997 366 784 298 741 840 549 603 1091 194 478 680 303 820 1196
458 806 1006 391 493 171 985 835 644 872 993 709 80 489 430 395 0 851 265 526 705 878 854 687 334 960 779 193 650 590 823 859 966 712 703 414 439 353 960 272 538 698 774 553 362 679 108 832 493 759 856 671 1026 503 696 831 72 1557 355 1018 95 811 338 768 490 500 542 1112 506 125 707 509 847 1217
427 202 1702 820 1189 765 1682 230 530 219 773 207 803 918 859 824 851 0 694 955 201 214 219 241 763 1656 175 730 249 1019 208 214 1662 236 271 1110 493 608 1656 609 967 263 169 982 901 228 778 197 1066 582 234 213 624 932 209 1527 851 1337 646 616 834 352 641 164 684 393 1238 892 935 861 278 938 242 997
302 649 1038 156 525 167 1018 678 556 715 842 552 303 254 195 160 265 694 0 291 548 721 697 530 99 992 622 416 493 355 666 702 998 555 547 446 282 575 992 353 303 541 617 318 584 522 331 675 402 608 700 514 875 268 539 863 283 1406 390 867 236 654 168 612 711 419 575 961 271 348 550 274 690 1066
562 910 1197 315 684 427 1177 938 816 976 1103 812 563 294 354 213 526 955 291 0 808 982 958 791 258 1151 882 676 754 184 926 962 1157 816 807 605 543 836 1151 613 311 802 877 229 845 783 591 935 561 869 960 775 1135 80 800 1022 543 1666 650 1127 496 914 429 872 971 679 734 1221 84 608 810 301 950 1327
280 156 1555 674 1042 619 1535 184 383 222 627 103 657 772 713 678 705 201 548 808 0 228 204 94 616 1510 129 584 103 872 173 209 1516 107 125 963 347 462 1510 463 820 116 123 835 755 81 632 181 919 436 206 67 477 785 91 1380 704 1190 500 470 688 206 495 118 538 246 1092 745 789 714 131 792 197 851
454 198 1729 847 1216 792 1709 215 557 194 800 234 830 945 886 851 878 214 721 982 228 0 194 268 790 1683 202 757 276 1046 183 189 1689 263 298 1137 520 635 1683 636 994 290 196 1009 928 254 805 172 1093 609 209 240 651 959 236 1554 878 1363 673 643 861 379 668 191 711 420 1265 919 962 888 305 965 219 1024
430 204 1705 823 1192 768 1684 220 533 200 776 210 806 921 862 827 854 219 697 958 204 194 0 244 766 1659 178 733 252 1022 188 195 1665 239 274 1113 496 611 1659 612 970 266 172 985 904 230 781 178 1069 585 215 216 627 935 212 1530 854 1339 649 619 837 355 644 167 687 396 1241 895 938 864 281 941 224 1000
263 196 1538 656 1025 601 1518 224 366 262 622 98 640 754 695 660 687 241 530 791 94 268 244 0 599 1492 169 567 98 855 212 248 1498 102 120 946 330 444 1492 445 803 111 163 818 737 76 614 221 902 418 246 62 472 768 86 1363 687 1185 482 465 671 201 477 158 520 229 1075 740 771 697 126 774 236 846
370 718 980 98 467 235 960 746 624 784 911 620 371 196 137 127 334 763 99 258 616 790 766 599 0 934 690 484 562 297 734 770 940 624 615 388 351 644 934 421 245 610 685 260 653 591 399 743 344 677 768 583 943 235 608 805 351 1474 458 935 304 722 237 680 779 487 517 1029 238 416 618 216 758 1135
1265 1613 477 871 625 1027 195 1641 1458 1679 1806 1515 894 926 840 1022 929 1658 994 1153 1511 1685 1661 1494 936 0 1586 1007 1457 1026 1629 1665 176 1519 1510 686 1246 1166 170 1086 974 1505 1580 989 969 1486 922 1638 819 1572 1663 1478 1838 1130 1503 198 929 1839 1168 1830 951 1618 1132 1575 1304 1313 703 1925 1127 840 1514 946 1653 2030
354 130 1629 748 1116 693 1609 158 458 196 701 135 731 846 787 752 779 175 622 882 129 202 178 169 690 1584 0 658 177 946 146 182 1590 164 199 1037 421 536 1584 537 895 190 97 909 829 155 706 155 994 510 180 141 552 859 137 1454 778 1264 574 544 762 280 569 92 612 320 1166 820 863 789 206 866 170 925
338 685 1083 542 570 291 1063 714 524 752 873 588 146 640 581 546 193 730 416 676 584 757 733 567 484 1038 658 0 530 740 702 738 1044 592 583 491 319 232 1038 152 689 578 653 703 204 559 120 711 571 639 736 551 905 653 576 908 193 1436 234 897 215 690 421 648 369 379 620 991 657 203 586 660 726 1097
226 204 1501 619 988 564 1481 233 329 271 615 107 602 717 658 623 650 249 493 754 103 276 252 98 562 1455 177 530 0 818 221 257 1461 111 128 909 292 407 1455 408 766 120 172 781 700 85 577 230 865 381 255 70 481 731 95 1326 650 1178 445 473 633 209 440 167 483 192 1038 734 734 660 135 737 245 839
626 974 1070 232 557 491 1050 1002 880 1040 1167 876 627 132 228 294 590 1019 355 184 872 1046 1022 855 297 1025 946 740 818 0 990 1026 1031 880 871 478 607 900 1025 677 149 866 941 67 761 847 655 999 434 933 1024 839 1199 161 864 895 607 1730 714 1191 560 978 493 936 1035 743 607 1285 143 632 874 138 1014 1391
398 173 1673 792 1160 737 1653 202 501 188 745 179 775 890 831 796 823 208 666 926 173 183 188 212 734 1628 146 702 221 990 0 183 1634 208 243 1081 465 580 1628 581 939 234 141 953 873 199 750 166 1038 554 203 185 596 903 181 1498 822 1308 618 588 806 324 613 136 656 364 1210 864 907 833 249 910 213 969
434 199 1709 828 1196 773 1689 216 537 195 781 215 811 926 867 832 859 214 702 962 209 189 195 248 770 1664 182 738 257 1026 183 0 1670 244 279 1117 501 616 1664 617 975 270 177 989 909 235 786 173 1074 590 210 221 632 939 217 1534 858 1344 654 624 842 360 649 172 692 400 1246 900 943 869 285 946 219 1005
1271 1619 483 877 631 1033 201 1647 1464 1685 1812 1521 900 931 846 1028 935 1664 1000 1159 1517 1691 1667 1500 942 176 1591 1013 1463 1032 1635 1671 0 1525 1516 692 1252 1172 176 1091 980 1511 1586 995 975 1492 927 1644 825 1578 1669 1484 1844 1136 1509 204 934 1845 1174 1836 957 1623 1138 1581 1309 1319 709 1930 1132 846 1520 952 1659 2036
288 191 1563 682 1050 626 1543 219 391 257 634 111 665 779 720 685 712 236 555 816 107 263 239 102 624 1518 164 592 111 880 208 244 1523 0 133 971 355 469 1518 470 828 124 158 843 762 89 639 216 927 443 241 75 485 793 99 1388 712 1198 507 477 696 213 502 153 546 254 1100 753 796 722 139 799 231 859
279 226 1554 673 1041 618 1534 255 382 293 652 129 656 770 712 676 703 271 547 807 125 298 274 120 615 1509 199 583 128 871 243 279 1515 133 0 962 346 461 1509 461 819 142 194 834 754 107 631 252 918 434 277 92 503 784 117 1379 703 1216 499 495 687 231 493 189 537 245 1091 771 788 713 157 791 267 876
638 986 838 378 325 393 817 1014 824 1052 1173 888 260 432 347 529 295 1031 501 659 884 1058 1034 867 443 792 959 373 830 533 1002 1038 798 892 883 0 619 532 792 452 481 878 953 496 335 859 288 1011 325 939 1036 851 1205 636 876 663 295 1736 534 1198 317 990 590 948 670 679 374 1292 633 206 887 452 1026 1397
146 448 1290 408 777 353 1270 477 355 515 641 351 392 506 447 412 439 493 282 543 347 520 496 330 351 1244 421 319 292 607 465 501 1250 355 346 698 0 434 1244 197 555 341 416 570 489 322 366 474 654 408 499 314 674 520 339 1115 439 1205 234 666 422 453 229 411 510 218 827 760 523 449 349 526 489 866
367 563 1243 701 730 450 1223 592 330 629 679 466 305 799 740 705 353 608 575 836 462 635 611 444 644 1197 536 232 407 900 580 616 1203 469 461 651 434 0 1197 311 848 455 531 863 403 436 280 589 730 445 614 428 711 813 453 1068 352 1242 393 704 375 568 580 526 176 257 780 798 816 363 464 819 604 903
1265 1613 477 871 625 1027 136 1641 1458 1679 1806 1515 894 926 840 1022 929 1658 994 1153 1511 1685 1661 1494 936 170 1586 1007 1457 1026 1629 1665 176 1519 1510 686 1246 1166 0 1086 974 1505 1580 989 969 1486 922 1638 819 1572 1663 1478 1838 1130 1503 198 929 1839 1168 1831 951 1618 1132 1575 1304 1313 703 1925 1127 840 1514 946 1653 2030
216 564 1162 479 649 370 1142 593 471 630 757 467 224 577 518 482 272 609 353 613 463 636 612 445 421 1117 537 152 408 677 581 617 1123 470 461 570 197 311 1117 0 625 456 532 640 322 437 199 590 650 523 615 429 790 590 454 987 272 1320 305 782 294 569 300 526 448 334 699 876 594 282 465 597 605 981
574 922 1018 180 505 439 998 950 829 988 1115 824 576 197 176 331 538 967 303 311 820 994 970 803 245 973 895 689 766 149 939 975 979 828 819 426 555 848 973 625 0 814 889 132 709 795 603 947 383 881 972 787 1147 288 812 843 556 1678 662 1140 508 927 441 884 983 692 555 1234 249 580 823 204 963 1339
274 218 1549 668 1036 612 1529 246 377 284 643 120 651 765 707 671 698 263 541 802 116 290 266 111 610 1504 190 578 120 866 234 270 1509 124 142 957 341 455 1504 456 814 0 185 829 749 98 625 243 913 429 268 84 494 779 108 1374 698 1207 493 486 682 222 488 180 532 240 1086 762 782 708 148 785 258 868
349 124 1624 743 1111 688 1604 153 452 191 696 130 726 840 782 746 774 169 617 877 123 196 172 163 685 1579 97 653 172 941 141 177 1585 158 194 1032 416 531 1579 532 889 185 0 904 824 150 701 150 988 505 175 136 546 854 132 1449 773 1259 569 539 757 275 564 87 607 315 1161 814 858 783 200 861 165 920
589 937 1033 195 520 454 1013 965 843 1003 1130 839 590 115 191 339 553 982 318 229 835 1009 985 818 260 988 909 703 781 67 953 989 993 843 834 441 570 863 988 640 132 829 904 0 724 810 618 962 397 896 987 802 1162 206 827 858 570 1693 677 1154 523 941 456 899 998 706 570 1248 167 594 837 121 977 1354
509 856 1046 586 533 459 1026 885 694 923 1043 759 316 640 555 714 362 901 584 845 755 928 904 737 651 1000 829 204 700 741 873 909 1006 762 754 454 489 403 1000 322 689 749 824 704 0 729 291 882 533 810 907 721 1076 822 747 871 361 1607 405 1068 384 861 592 819 540 550 583 1162 825 273 757 660 897 1268
255 182 1530 648 1017 593 1510 211 358 249 608 85 632 746 687 652 679 228 522 783 81 254 230 76 591 1484 155 559 85 847 199 235 1490 89 107 938 322 436 1485 437 795 98 150 810 729 0 606 208 894 410 233 49 459 760 73 1355 679 1172 474 451 663 187 469 145 512 221 1067 727 763 689 113 766 223 833
386 733 998 457 485 206 978 762 571 799 920 636 73 554 496 460 108 778 331 591 632 805 781 614 399 953 706 120 577 655 750 786 959 639 631 406 366 280 953 199 603 625 701 618 291 606 0 759 486 686 784 598 953 568 623 823 108 1484 282 945 130 738 403 695 417 427 535 1039 572 118 634 575 774 1145
407 182 1682 801 1169 746 1662 199 510 178 754 188 784 899 840 805 832 197 675 935 181 172 178 221 743 1637 155 711 230 999 166 173 1643 216 252 1090 474 589 1637 590 947 243 150 962 882 208 759 0 1046 563 193 194 604 912 190 1507 831 1317 627 597 815 333 622 145 665 373 1219 872 916 842 258 919 203 978
673 1021 963 279 450 538 943 1049 928 1087 1214 923 578 334 248 430 613 1066 402 561 919 1093 1069 902 344 917 994 691 865 434 1038 1074 923 927 918 371 654 851 917 724 383 913 988 397 653 894 606 1046 0 980 1071 886 1246 538 911 788 613 1777 761 1239 607 1026 540 983 988 791 500 1333 535 524 922 354 1062 1438
341 537 1616 734 1103 679 1596 566 163 603 287 440 712 832 773 738 759 582 608 869 436 609 585 418 677 1570 510 639 381 933 554 590 1576 443 434 1024 408 445 1571 523 881 429 505 896 810 410 686 563 980 0 588 402 320 846 427 1441 759 851 560 312 749 511 555 499 318 307 1153 406 849 769 438 852 578 512
432 207 1707 826 1194 771 1687 235 535 214 779 213 809 923 865 829 856 234 700 960 206 209 215 246 768 1662 180 736 255 1024 203 210 1668 241 277 1115 499 614 1662 615 972 268 175 987 907 233 784 193 1071 588 0 219 629 937 215 1532 856 1342 652 622 840 358 646 170 690 398 1244 897 941 866 283 944 239 1003
247 168 1522 641 1009 585 1502 197 350 235 594 71 624 738 679 644 671 213 514 775 67 240 216 62 583 1477 141 551 70 839 185 221 1482 75 92 930 314 428 1477 429 787 84 136 802 721 49 598 194 886 402 219 0 445 752 59 1347 671 1158 466 437 655 173 461 131 504 213 1059 713 755 681 99 758 209 818
607 579 1882 1001 1369 946 1862 607 430 645 271 481 978 1099 1040 1005 1026 624 875 1135 477 651 627 472 943 1837 552 905 481 1199 596 632 1843 485 503 1290 674 711 1837 790 1147 494 546 1162 1076 459 953 604 1246 320 629 445 0 1112 469 1707 1025 834 827 113 1015 313 822 541 584 573 1419 389 1116 1036 509 1119 620 495
539 887 1174 292 661 404 1154 915 793 953 1080 789 540 271 331 190 503 932 268 80 785 959 935 768 235 1128 859 653 731 161 903 939 1134 793 784 582 520 813 1128 590 288 779 854 206 822 760 568 912 538 846 937 752 1112 0 777 999 520 1643 627 1104 473 891 406 849 948 656 711 1198 61 585 787 278 927 1304
272 164 1547 666 1034 610 1527 193 375 230 618 95 649 763 705 669 696 209 539 800 91 236 212 86 608 1502 137 576 95 864 181 217 1507 99 117 955 339 453 1502 454 812 108 132 827 747 73 623 190 911 427 215 59 469 777 0 1372 696 1182 491 461 680 197 486 126 530 238 1084 737 780 706 123 783 205 843
1136 1483 347 742 495 897 224 1512 1328 1549 1676 1386 764 796 710 893 799 1528 864 1023 1382 1555 1531 1364 806 198 1456 877 1327 897 1500 1536 204 1389 1381 557 1116 1037 198 956 845 1375 1451 859 840 1356 792 1509 689 1442 1534 1348 1709 1000 1373 0 799 1709 1038 1701 822 1488 1002 1446 1174 1183 573 1795 997 710 1384 816 1524 1900
458 806 1005 409 492 170 985 834 644 872 993 708 80 507 448 413 72 851 283 543 704 878 854 687 351 960 778 193 650 607 822 858 966 712 703 413 439 352 960 272 556 698 773 570 361 679 108 831 493 759 856 671 1025 520 696 830 0 1556 354 1017 95 810 356 768 490 499 542 1112 524 125 706 527 846 1217
1174 1327 1419 1568 1936 1512 1864 1356 996 1394 626 1230 1545 1665 1606 1571 1592 1372 1441 1702 1226 1399 1375 1221 1510 1839 1300 1472 1214 1766 1344 1380 1845 1234 1251 1857 1241 1278 1839 1356 1714 1243 1295 1729 1643 1208 1520 1353 1813 887 1378 1193 870 1679 1218 1709 1592 0 1393 862 1582 1061 1388 1290 1151 1140 1986 587 1682 1602 1258 1685 1368 464
254 601 1245 516 732 452 1225 630 508 667 794 504 307 614 555 520 355 646 390 650 500 673 649 482 458 1199 574 234 445 714 618 654 1205 507 499 653 234 393 1199 305 662 493 569 677 405 474 282 627 732 560 652 466 827 627 491 1070 354 1358 0 819 377 606 337 563 531 371 781 913 631 364 502 634 642 1018
599 571 1874 993 1361 938 1854 600 422 637 263 474 970 1091 1032 997 1018 616 867 1127 470 643 619 465 935 1829 544 897 473 1191 588 624 1835 477 495 1282 666 704 1829 782 1140 486 539 1154 1068 451 945 597 1239 312 622 437 113 1104 461 1699 1017 826 819 0 1007 305 814 533 576 565 1411 382 1108 1028 502 1111 612 487
442 789 1028 362 515 193 1008 818 666 856 982 692 102 460 401 366 95 834 236 496 688 861 837 671 304 982 762 215 633 560 806 842 988 696 687 436 422 375 982 294 508 682 757 523 384 663 130 815 515 749 840 655 1015 473 680 853 95 1546 377 1007 0 794 308 752 512 522 565 1101 477 148 690 480 830 1207
386 307 1661 780 1148 725 1641 336 489 373 462 210 763 878 819 784 811 352 654 914 206 379 355 201 722 1616 280 690 209 978 324 360 1622 213 231 1069 453 568 1616 569 927 222 275 941 861 187 738 333 1026 511 358 173 313 891 197 1486 810 1025 606 305 794 0 601 269 644 352 1198 581 895 821 238 898 348 686
248 596 1176 294 663 239 1156 625 503 662 789 499 375 392 333 298 338 641 168 429 495 668 644 477 237 1130 569 421 440 493 613 649 1136 502 493 584 229 580 1130 300 441 488 564 456 592 469 403 622 540 555 646 461 822 406 486 1001 356 1352 337 814 308 601 0 558 657 366 712 908 409 421 497 412 637 1013
344 119 1619 738 1106 682 1599 148 447 185 691 125 721 835 777 741 768 164 612 872 118 191 167 158 680 1574 92 648 167 936 136 172 1580 153 189 1027 411 526 1574 526 884 180 87 899 819 145 695 145 983 499 170 131 541 849 126 1444 768 1254 563 533 752 269 558 0 602 310 1156 809 853 778 195 855 160 915
443 639 1380 837 867 588 1360 668 243 706 552 542 442 934 876 840 490 684 711 971 538 711 687 520 779 1335 612 369 483 1035 656 692 1341 546 537 788 510 176 1335 448 983 532 607 998 540 512 417 665 868 318 690 504 584 948 530 1205 490 1115 531 576 512 644 657 602 0 394 917 670 952 500 540 955 680 776
152 348 1390 545 877 490 1370 376 255 414 541 250 452 643 584 549 500 393 419 679 246 420 396 229 487 1344 320 379 192 743 364 400 1350 254 245 798 218 257 1344 334 692 240 315 706 550 221 427 373 791 307 398 213 573 656 238 1215 499 1104 371 565 522 352 366 310 394 0 926 659 660 509 249 663 388 765
957 1305 570 563 317 718 550 1333 1150 1371 1498 1207 586 617 532 714 621 1350 686 845 1203 1377 1353 1186 628 525 1277 699 1149 718 1321 1357 531 1211 1202 378 938 858 525 777 666 1197 1272 681 661 1178 613 1330 511 1264 1355 1170 1530 822 1195 395 620 1932 860 1522 643 1309 824 1267 995 1005 0 1616 818 532 1205 637 1345 1722
693 847 1944 1087 1455 1032 1948 875 516 913 146 749 1064 1185 1126 1091 1112 892 961 1221 745 919 895 740 1029 1923 820 991 734 1285 864 900 1929 753 771 1376 760 798 1923 876 1234 762 814 1248 1162 727 1039 872 1333 406 897 713 389 1198 737 1793 1112 551 913 382 1101 581 908 809 670 659 1505 0 1202 1122 777 1205 888 212
543 890 1170 296 657 408 1150 919 797 956 1083 793 544 232 328 194 506 935 271 84 789 962 938 771 238 1125 863 657 734 143 907 943 1131 796 788 578 523 816 1125 594 249 782 858 167 825 763 572 916 535 849 941 755 1116 61 780 995 524 1647 631 1108 477 895 409 853 952 660 707 1202 0 589 791 239 931 1307
468 816 916 457 403 223 896 844 654 882 1003 718 90 511 425 478 125 861 348 608 714 888 864 697 416 871 789 203 660 611 833 869 877 722 713 324 449 363 871 282 560 708 783 574 273 689 118 842 404 769 866 681 1036 585 706 741 125 1567 364 1028 148 821 421 778 500 509 453 1122 589 0 717 531 857 1227
283 233 1557 676 1044 621 1537 261 386 299 659 135 659 774 715 680 707 278 550 810 131 305 281 126 618 1512 206 586 135 874 249 285 1518 139 157 965 349 464 1512 465 823 148 200 837 757 113 634 258 922 438 283 99 509 787 123 1383 706 1222 502 502 690 238 497 195 540 249 1094 777 791 717 0 794 273 883
546 893 989 152 476 410 969 922 800 959 1086 796 547 186 147 303 509 938 274 301 792 965 941 774 216 944 866 660 737 138 910 946 950 799 791 397 526 819 944 597 204 785 861 121 680 766 575 919 354 852 944 758 1119 278 783 815 527 1650 634 1111 480 898 412 855 955 663 526 1205 239 551 794 0 934 1310
422 197 1697 816 1184 761 1677 226 525 224 769 203 799 914 855 820 847 242 690 950 197 219 224 236 758 1652 170 726 245 1014 213 219 1658 231 267 1105 489 604 1652 605 963 258 165 977 897 223 774 203 1062 578 239 209 620 927 205 1522 846 1332 642 612 830 348 637 160 680 388 1234 888 931 857 273 934 0 993
785 938 1835 1178 1547 1123 2040 967 607 1005 237 841 1156 1276 1217 1182 1203 983 1052 1313 837 1010 986 832 1121 2014 911 1083 825 1377 955 991 2020 845 862 1468 852 889 2014 967 1325 854 906 1340 1254 818 1130 964 1424 498 989 804 481 1290 829 1885 1203 442 1004 473 1192 672 999 901 762 751 1597 197 1293 1213 869 1296 979 0
EOF