NAME : tsp_problem
TYPE : TSP
DIMENSION : 50
EDGE_WEIGHT_TYPE : EXPLICIT
EDGE_WEIGHT_FORMAT : FULL_MATRIX
EDGE_WEIGHT_SECTION
0 290 504 654 286 360 244 978 784 560 652 810 305 941 997 686 453 946 1002 307 117 738 885 912 251 386 730 1616 720 210 722 206 1135 1173 341 379 222 342 210 1739 213 374 738 314 345 746 362 1598 815 414
290 0 482 632 118 192 222 956 761 537 629 788 554 919 974 935 431 924 979 139 366 716 863 890 229 364 707 1594 697 166 700 160 1113 1151 173 211 200 320 145 1987 173 352 716 146 322 724 195 1576 792 662
504 482 0 571 478 552 404 895 701 312 211 616 436 858 914 636 370 863 918 500 581 544 802 829 408 303 647 1462 526 402 639 398 981 1019 534 572 392 214 402 1688 406 291 655 506 262 552 555 1444 732 364
654 632 571 0 628 702 554 355 160 567 707 283 867 318 373 1066 282 323 378 649 730 331 262 288 557 302 171 992 365 552 99 548 511 550 683 721 541 409 552 1708 555 440 180 656 354 472 704 974 191 794
286 118 478 628 0 188 218 952 757 533 625 784 550 915 970 931 427 920 975 135 362 712 859 886 225 360 703 1590 693 162 696 156 1109 1147 169 207 196 316 141 1983 169 348 712 142 318 720 191 1572 788 658
360 192 552 702 188 0 292 1026 832 607 700 858 624 989 1045 1005 501 994 1049 199 436 786 933 960 299 434 778 1664 767 236 770 231 1183 1221 210 189 270 390 215 2057 244 422 786 194 393 794 205 1646 862 732
244 222 404 554 218 292 0 878 683 459 551 710 508 841 896 889 353 846 901 239 321 638 785 812 183 286 629 1516 619 142 622 138 1035 1073 273 311 155 242 142 1942 146 273 638 246 244 646 295 1498 714 617
978 956 895 355 952 1026 878 0 294 891 1032 607 1191 67 405 1391 607 93 410 974 1055 655 125 126 882 626 496 1025 689 876 297 872 544 582 1008 1046 866 733 876 1741 880 765 505 980 678 796 1029 1007 223 1118
784 761 701 160 757 832 683 294 0 697 837 413 997 339 401 1196 412 245 406 779 860 460 290 211 687 431 301 1021 495 681 127 678 540 578 813 851 671 538 681 1737 685 570 310 785 484 602 834 1003 219 924
560 537 312 567 533 607 459 891 697 0 180 344 713 854 753 913 425 859 748 555 636 271 798 825 463 359 536 1189 253 457 635 453 708 746 589 627 447 314 457 1905 461 230 464 561 317 280 610 1171 727 640
652 629 211 707 625 700 551 1032 837 180 0 485 584 995 893 783 517 1000 888 647 728 412 939 966 555 451 677 1330 394 549 776 545 849 887 681 719 539 361 549 1836 553 371 604 653 409 420 702 1312 868 511
810 788 616 283 784 858 710 607 413 344 485 0 1017 570 524 1217 439 575 518 806 887 108 514 541 714 458 264 960 142 708 351 704 479 517 840 878 698 565 708 1676 712 481 192 812 510 249 861 942 444 945
305 554 436 867 550 624 508 1191 997 713 584 1017 0 1154 1210 487 666 1159 1214 571 263 945 1098 1125 515 599 943 1829 927 474 935 470 1348 1386 605 643 486 510 474 1539 477 587 951 578 558 953 626 1811 1028 215
941 919 858 318 915 989 841 67 339 854 995 570 1154 0 368 1354 570 117 373 937 1018 618 108 150 845 589 459 988 652 839 260 835 507 545 971 1009 829 696 839 1704 843 728 467 943 641 759 992 970 186 1081
997 974 914 373 970 1045 896 405 401 813 954 584 1210 368 0 1409 625 456 38 992 1073 577 312 489 900 644 514 888 611 894 315 890 407 446 1026 1064 884 751 894 1604 898 783 523 998 697 718 1047 870 228 1137
672 921 622 1052 917 991 875 1377 1182 899 769 1203 473 1340 1395 0 852 1345 1400 938 631 1130 1284 1310 882 785 1128 2014 1112 841 1121 837 1533 1572 972 1010 854 695 841 1155 845 772 1137 945 743 1139 994 1996 1213 310
453 431 370 282 427 501 353 607 412 425 517 439 666 570 625 866 0 575 630 448 530 366 513 540 356 146 358 1244 348 351 351 347 763 802 482 520 341 208 351 1918 355 240 367 455 198 375 504 1226 443 593
946 924 863 323 920 994 846 93 245 859 1000 575 1159 117 456 1359 575 0 461 941 1023 623 175 133 850 594 464 1075 657 844 289 840 594 632 976 1013 834 701 844 1791 848 733 472 948 646 764 997 1057 274 1086
1002 979 918 378 975 1049 901 410 406 818 959 589 1214 373 38 1414 630 461 0 997 1078 582 317 494 905 649 519 893 616 899 320 895 412 450 1031 1069 889 756 899 1609 903 788 528 1003 701 723 1052 875 233 1142
307 139 500 649 135 199 239 974 779 555 647 806 571 937 992 952 448 941 997 0 383 733 880 907 246 382 725 1611 715 184 718 178 1130 1169 191 198 218 337 162 2005 191 369 734 163 340 741 212 1593 810 680
117 366 581 730 362 436 321 1055 860 636 728 887 263 1018 1073 645 530 1023 1078 383 0 814 962 988 327 463 806 1692 796 286 799 282 1212 1250 418 455 299 418 286 1697 290 450 815 390 421 823 439 1674 891 372
738 716 544 331 712 786 638 655 460 271 412 108 945 618 517 1145 366 623 511 733 814 0 562 589 641 386 300 953 135 636 399 632 472 510 767 805 625 493 636 1669 639 409 228 740 438 176 788 935 491 872
885 863 802 262 859 933 785 125 290 798 939 514 1098 108 312 1298 513 175 317 880 962 562 0 208 788 533 403 931 596 783 204 779 450 489 914 952 773 640 783 1647 787 672 411 887 585 703 936 913 130 1025
912 890 829 288 886 960 812 126 211 825 966 541 1125 150 489 1324 540 133 494 907 988 589 208 0 815 560 429 1108 623 810 255 806 627 666 941 979 800 667 810 1824 814 698 438 914 612 730 963 1090 307 1052
251 229 408 557 225 299 183 882 687 463 555 714 515 845 900 896 356 850 905 246 327 641 788 815 0 290 633 1519 623 149 626 145 1038 1077 280 318 162 245 149 1949 153 277 642 253 248 650 302 1501 718 624
386 364 303 302 360 434 286 626 431 359 451 458 599 589 644 799 146 594 649 382 463 386 533 560 290 0 377 1264 367 284 370 280 783 821 416 454 274 141 284 1851 288 173 386 388 144 394 437 1246 462 526
730 707 647 171 703 778 629 496 301 536 677 264 943 459 514 1142 358 464 519 725 806 300 403 429 633 377 0 1133 334 627 240 624 653 691 759 797 617 484 627 1849 631 516 256 731 430 441 780 1115 332 870
1618 1595 1430 994 1591 1665 1517 1026 1022 1158 1298 929 1830 989 849 2030 1246 1077 844 1613 1694 922 933 1110 1521 1265 1121 0 956 1515 936 1511 612 539 1647 1685 1505 1372 1515 1147 1519 1295 1049 1619 1317 1063 1668 152 849 1758
720 697 526 365 693 767 619 689 495 253 394 142 927 652 551 1126 348 657 546 715 796 135 596 623 623 367 334 987 0 617 433 613 506 545 749 787 607 474 617 1703 621 390 262 721 419 158 770 969 526 854
210 166 402 552 162 236 142 876 681 457 549 708 474 839 894 855 351 844 899 184 286 636 783 810 149 284 627 1514 617 0 620 103 1033 1071 218 256 120 240 107 1907 111 272 636 190 243 644 239 1496 712 582
722 700 639 99 696 770 622 297 127 635 776 351 935 260 315 1135 351 289 320 718 799 399 204 255 626 370 240 934 433 620 0 616 453 492 752 790 610 477 620 1650 624 509 248 724 422 540 773 916 133 862
206 160 398 548 156 231 138 872 678 453 545 704 470 835 890 851 347 840 895 178 282 632 779 806 145 280 624 1510 613 103 616 0 1029 1067 212 250 116 236 103 1903 107 268 632 185 239 640 233 1492 708 578
1137 1114 949 513 1110 1184 1036 545 541 677 818 448 1350 508 368 1549 765 596 363 1132 1213 441 452 629 1040 784 640 612 475 1034 455 1030 0 169 1166 1204 1024 891 1034 1328 1038 814 568 1138 836 582 1187 594 368 1277
1175 1153 988 551 1149 1223 1075 583 580 715 856 486 1388 546 407 1587 803 634 402 1170 1251 479 490 667 1078 822 678 539 513 1073 493 1069 169 0 1204 1242 1062 929 1073 1255 1076 853 606 1177 875 620 1225 521 406 1315
341 173 534 683 169 210 273 1008 813 589 681 840 605 971 1026 986 482 976 1031 191 418 767 914 941 280 416 759 1645 749 218 752 212 1164 1203 0 209 252 371 196 2039 225 403 768 197 374 775 225 1627 844 714
379 211 572 721 207 189 311 1046 851 627 719 878 643 1009 1064 1024 520 1013 1069 198 455 805 952 979 318 454 797 1683 787 256 790 250 1202 1241 209 0 290 409 234 2077 263 441 806 193 412 813 204 1665 882 752
222 200 392 541 196 270 155 866 671 447 539 698 486 829 884 868 341 834 889 218 299 625 773 800 162 274 617 1504 607 120 610 116 1023 1061 252 290 0 229 120 1920 124 261 626 224 232 634 273 1486 702 595
342 320 214 409 316 390 242 733 538 314 361 565 510 696 751 710 208 701 756 337 418 493 640 667 245 141 484 1371 474 240 477 236 890 928 371 409 229 0 240 1762 243 128 493 344 99 501 392 1353 569 437
210 145 402 552 141 215 142 876 681 457 549 708 474 839 894 855 351 844 899 162 286 636 783 810 149 284 627 1514 617 107 620 103 1033 1071 196 234 120 240 0 1907 111 272 636 169 243 644 218 1496 712 582
1774 2023 1724 1710 2019 2093 1978 1742 1738 1874 1872 1645 1575 1705 1565 1177 1954 1793 1560 2040 1733 1638 1649 1826 1984 1887 1837 1147 1672 1943 1652 1939 1328 1255 2075 2112 1956 1798 1943 0 1947 1874 1764 2047 1845 1779 2096 1129 1565 1412
213 173 406 555 169 244 146 880 685 461 553 712 477 843 898 859 355 848 903 191 290 639 787 814 153 288 631 1518 621 111 624 107 1037 1075 225 263 124 243 111 1911 0 275 640 197 246 648 246 1500 716 586
374 352 291 440 348 422 273 765 570 230 371 481 587 728 783 786 240 733 788 369 450 409 672 698 277 173 516 1326 390 272 509 268 845 884 403 441 261 128 272 1839 275 0 525 376 131 417 424 1308 601 514
738 716 655 180 712 786 638 505 310 464 604 192 951 467 523 1151 367 472 528 734 815 228 411 438 642 386 256 1080 262 636 248 632 599 637 768 806 626 493 636 1796 640 525 0 740 438 369 789 1062 341 878
314 146 506 656 142 194 246 980 785 561 653 812 578 943 998 959 455 948 1003 163 390 740 887 914 253 388 731 1618 721 190 724 185 1137 1175 197 193 224 344 169 2011 197 376 740 0 346 748 209 1600 816 686
345 322 262 354 318 393 244 678 484 317 409 510 558 641 697 757 198 646 701 340 421 438 585 612 248 144 430 1316 419 243 422 239 835 873 374 412 232 99 243 1810 246 131 438 346 0 446 395 1298 514 485
746 724 552 472 720 794 646 796 602 280 420 249 953 759 658 1153 375 764 653 741 823 176 703 730 650 394 441 1094 158 644 540 640 613 651 775 813 634 501 644 1810 648 417 369 748 446 0 797 1076 632 880
362 195 555 704 191 205 295 1029 834 610 702 861 626 992 1047 1008 504 997 1052 212 439 788 936 963 302 437 780 1667 770 239 773 233 1186 1224 225 204 273 392 218 2060 246 424 789 209 395 797 0 1649 865 735
1600 1577 1412 976 1573 1647 1499 1008 1004 1140 1280 911 1812 971 831 2012 1228 1059 826 1595 1676 904 915 1092 1503 1247 1103 152 938 1497 918 1493 594 521 1629 1667 1487 1354 1497 1129 1501 1277 1031 1601 1299 1045 1650 0 831 1740
815 792 732 191 788 862 714 223 219 727 868 444 1028 186 228 1227 443 274 233 810 891 491 130 307 718 462 332 847 526 712 133 708 366 405 844 882 702 569 712 1563 716 601 341 816 514 632 865 829 0 955
414 662 364 794 658 732 617 1118 924 640 511 945 215 1081 1137 324 593 1086 1142 680 372 872 1025 1052 624 526 870 1756 854 582 862 578 1275 1313 714 752 595 437 582 1376 586 514 878 686 485 880 735 1738 955 0
EOF