NAME : tsp_problem
TYPE : TSP
DIMENSION : 32
EDGE_WEIGHT_TYPE : EXPLICIT
EDGE_WEIGHT_FORMAT : FULL_MATRIX
EDGE_WEIGHT_SECTION
0 913 777 238 838 949 1084 726 818 351 912 910 44 1008 447 553 900 732 392 465 900 60 1083 854 260 634 998 1013 902 1054 635 594
913 0 264 722 171 201 335 512 306 976 164 197 918 259 1072 666 152 511 577 853 152 887 334 342 687 768 249 264 184 306 360 718
777 264 0 585 189 301 435 375 169 840 263 261 781 359 935 529 251 374 440 716 251 750 434 205 550 631 349 364 254 405 223 581
238 722 585 0 646 758 892 550 626 301 720 718 243 816 397 361 708 637 200 274 708 212 891 662 68 584 806 821 711 862 443 426
838 171 189 646 0 168 302 437 230 901 131 164 843 227 997 591 119 435 501 778 119 812 301 267 611 692 216 231 151 273 285 642
949 201 301 758 168 0 175 548 342 1012 161 194 954 257 1108 702 149 547 613 889 149 923 174 378 723 804 246 261 181 303 396 754
1084 335 435 892 302 175 0 682 476 1146 295 328 1088 391 1242 836 283 681 747 1023 283 1057 97 512 857 938 380 395 315 437 530 888
645 512 375 550 437 548 682 0 417 545 511 509 640 607 641 403 499 187 405 681 499 675 682 345 515 297 596 611 501 653 234 247
818 306 169 626 230 342 476 417 0 881 305 302 823 400 977 571 293 415 481 758 293 792 475 247 591 672 390 405 295 447 264 622
346 897 761 355 822 934 1068 427 802 0 896 894 341 992 341 451 884 433 509 583 884 375 1067 592 378 335 982 997 887 1038 619 295
912 164 263 720 131 161 295 511 305 975 0 157 917 182 1071 665 111 510 575 852 111 886 294 341 686 767 171 187 143 228 359 717
910 197 261 718 164 194 328 509 302 973 157 0 915 253 1068 662 145 507 573 850 145 884 327 338 683 764 242 257 177 299 356 714
44 918 781 243 843 954 1088 731 823 356 917 915 0 1013 452 558 905 737 396 470 905 65 1088 859 265 639 1002 1017 907 1059 640 599
1008 259 359 816 227 257 391 607 400 1071 182 253 1013 0 1167 761 185 605 671 948 162 982 390 437 782 863 159 174 239 194 455 812
388 1074 937 398 998 1110 1244 610 978 235 1072 1070 383 1168 0 634 1060 616 552 626 1060 418 1243 774 420 518 1158 1173 1063 1215 795 478
553 666 529 361 591 702 836 403 571 569 665 662 558 761 665 0 653 410 216 493 653 527 836 568 327 518 750 765 655 807 387 229
900 152 251 708 119 149 283 499 293 963 111 145 905 185 1059 653 0 498 563 840 99 874 282 329 674 755 174 189 131 231 347 705
652 511 374 637 435 547 681 187 415 552 510 507 647 605 648 410 498 0 492 768 498 682 680 205 602 304 595 610 500 652 379 254
392 577 440 200 501 613 747 405 481 454 575 573 396 671 550 216 563 492 0 331 563 365 746 517 165 600 661 676 566 717 298 281
465 853 716 274 778 889 1023 681 758 528 852 850 470 948 624 493 840 768 331 0 840 439 1023 794 283 811 937 952 842 994 575 558
900 152 251 708 119 149 283 499 293 963 111 145 905 162 1059 653 99 498 563 840 0 874 282 329 674 755 152 167 131 209 347 705
60 887 750 212 812 923 1057 700 792 325 886 884 65 982 421 527 874 706 365 439 874 0 1057 828 234 608 971 987 876 1028 609 568
1083 334 434 891 301 174 97 682 475 1146 294 327 1088 390 1242 836 282 680 746 1023 282 1057 0 512 856 937 379 394 314 436 530 887
810 342 205 662 267 378 512 345 247 710 341 338 805 437 806 568 329 205 517 794 329 828 512 0 628 462 426 441 331 483 301 412
260 687 550 68 611 723 857 515 591 323 686 683 265 782 419 327 674 602 165 283 674 234 856 628 0 606 771 786 676 828 408 391
554 768 631 564 692 804 938 297 672 454 767 764 549 863 549 518 755 304 600 791 755 584 937 462 586 0 852 867 757 909 489 362
998 249 349 806 216 246 380 596 390 1061 171 242 1002 159 1156 750 174 595 661 937 152 971 379 426 771 852 0 164 229 204 444 802
1013 264 364 821 231 261 395 611 405 1076 187 257 1017 174 1171 765 189 610 676 952 167 987 394 441 786 867 164 0 244 188 459 817
902 184 254 711 151 181 315 501 295 965 143 177 907 239 1061 655 131 500 566 842 131 876 314 331 676 757 229 244 0 285 349 707
1054 306 405 862 273 303 437 653 447 1117 228 299 1059 194 1213 807 231 652 717 994 209 1028 436 483 828 909 204 188 285 0 501 859
635 360 223 443 285 396 530 234 264 698 359 356 640 455 793 387 347 379 298 575 347 609 530 301 408 489 444 459 349 501 0 439
514 718 581 426 642 754 888 247 622 414 717 714 508 812 509 229 705 254 281 558 705 543 887 412 391 362 802 817 707 859 439 0
EOF