NAME : tsp_problem
TYPE : TSP
DIMENSION : 52
EDGE_WEIGHT_TYPE : EXPLICIT
EDGE_WEIGHT_FORMAT : FULL_MATRIX
EDGE_WEIGHT_SECTION
0 153 389 407 692 1546 430 1528 553 735 365 567 861 213 827 390 136 941 512 399 423 724 571 825 563 138 931 921 417 1599 710 926 1078 356 397 840 546 562 259 842 480 320 535 1065 1240 830 613 713 460 749 643 765
153 0 376 394 574 1462 312 1444 540 617 352 555 743 283 815 377 123 928 500 386 410 639 559 812 445 126 918 908 404 1515 697 914 994 344 384 827 534 550 247 829 467 307 522 981 1156 817 600 701 447 633 526 648
389 376 0 349 355 1242 146 1224 495 397 131 510 524 519 770 332 359 791 454 341 365 420 513 767 226 361 801 810 359 1295 652 806 775 298 339 782 488 504 325 784 422 108 331 761 936 772 555 655 402 413 306 428
407 394 349 0 658 1506 449 1488 212 701 325 226 827 537 788 84 377 901 171 83 107 684 230 785 529 379 891 881 134 1559 670 886 1038 99 97 800 205 522 500 802 139 280 495 1025 1200 790 272 673 145 709 609 731
692 574 355 658 0 1101 302 1083 804 271 369 819 266 822 738 641 604 649 764 650 674 294 823 735 164 602 659 669 668 1154 620 665 633 608 648 750 798 473 480 752 731 418 205 620 795 740 864 624 711 287 180 166
1547 1430 1211 1507 1070 0 1158 152 1653 929 1225 1668 849 1677 946 1490 1460 834 1613 1499 1523 951 1672 1127 1020 1458 844 854 1517 485 871 849 625 1457 1497 958 1647 1031 1336 1110 1580 1274 1061 612 490 1139 1714 1022 1561 945 956 997
430 312 146 449 302 1189 0 1171 595 344 161 610 471 560 811 432 342 737 555 441 465 366 614 808 173 340 748 757 459 1242 693 753 721 399 439 823 589 546 218 825 522 209 278 708 883 813 656 697 503 360 253 375
1529 1412 1193 1489 1052 152 1140 0 1635 911 1207 1650 831 1659 928 1472 1442 816 1595 1481 1505 933 1654 1109 1002 1440 826 836 1499 466 853 831 607 1439 1479 940 1629 1013 1318 1092 1562 1256 1043 594 472 1121 1696 1004 1543 927 938 979
553 540 495 212 804 1652 595 1634 0 847 471 235 973 683 934 230 523 1047 197 197 216 830 214 931 675 525 1037 1027 280 1705 816 1033 1184 245 243 946 232 669 646 948 165 426 641 1171 1346 936 230 820 291 855 755 877
735 617 397 701 271 960 344 942 847 0 412 861 242 865 509 684 647 508 806 692 717 95 865 506 206 644 519 528 710 1013 391 524 493 650 691 522 840 244 523 523 774 460 247 479 654 512 907 395 754 89 142 345
365 352 131 325 369 1257 161 1239 471 412 0 486 538 495 746 308 335 805 430 317 341 434 490 743 240 337 815 825 335 1310 628 820 789 274 315 758 464 480 339 760 398 84 345 776 951 748 531 632 378 428 321 443
567 555 510 226 819 1667 610 1649 235 861 486 0 988 698 948 244 538 1062 212 212 231 845 200 945 690 540 1052 1042 295 1719 831 1047 1199 260 258 961 225 683 661 963 180 440 656 1186 1361 951 216 834 305 870 770 892
861 743 524 827 266 880 471 862 973 242 538 988 0 991 540 810 773 429 932 819 843 264 991 705 333 771 439 448 837 933 466 444 413 776 817 553 966 443 649 705 900 586 373 399 574 711 1033 594 880 257 269 193
213 283 519 537 822 1676 560 1658 683 865 495 698 991 0 958 520 266 1071 642 529 553 854 702 955 693 269 1061 1051 547 1729 840 1056 1208 486 527 970 676 693 389 972 610 450 665 1195 1370 960 743 844 439 879 774 896
827 815 770 788 738 944 811 926 934 509 746 948 560 958 0 771 798 339 893 779 804 480 952 239 673 800 330 320 798 997 152 325 476 737 778 163 927 311 921 222 861 701 633 463 638 305 994 303 841 505 609 709
390 377 332 84 641 1489 432 1471 230 684 308 244 810 520 771 0 360 884 189 76 100 667 248 768 512 362 874 864 126 1542 653 869 1021 91 90 783 223 505 483 785 157 263 478 1008 1183 773 290 656 137 692 592 714
136 123 359 377 604 1492 342 1474 523 647 335 538 773 266 798 360 0 911 482 369 393 669 541 795 475 108 901 891 387 1545 680 896 1024 326 367 810 516 532 229 812 450 290 505 1011 1186 800 583 683 430 663 556 678
941 928 881 901 740 903 828 885 1047 599 859 1062 519 1071 339 884 911 0 1006 893 917 593 1066 520 690 913 40 50 911 956 265 46 435 851 891 352 1041 425 1006 504 974 814 731 422 597 533 1107 416 954 615 626 667
512 500 454 171 764 1611 555 1593 197 806 430 212 932 642 893 189 482 1006 0 156 176 789 194 890 634 485 997 987 239 1664 775 992 1144 204 203 905 191 628 606 907 124 385 600 1130 1305 896 210 779 250 815 715 837
399 386 341 83 650 1498 441 1480 197 692 317 212 819 529 779 76 369 893 156 0 99 676 216 777 521 371 883 873 126 1551 662 878 1030 91 89 792 190 514 492 794 124 272 487 1017 1192 782 257 665 137 701 601 723
423 410 365 107 674 1522 465 1504 216 717 341 231 843 553 804 100 393 917 176 99 0 700 235 801 545 395 907 897 150 1575 686 902 1054 115 113 816 210 539 516 818 143 296 511 1041 1216 806 276 690 161 725 625 747
724 639 420 684 294 982 366 964 830 95 434 845 264 854 480 667 669 531 789 676 700 0 848 477 229 666 541 551 694 1035 362 546 515 633 674 492 823 214 545 494 757 482 269 501 677 482 890 366 737 111 165 367
571 559 513 230 823 1670 614 1652 214 865 490 200 991 702 952 248 541 1066 194 216 235 848 0 949 694 544 1056 1046 298 1723 834 1051 1203 263 262 965 205 687 665 966 183 444 660 1189 1365 955 195 838 309 874 774 896
825 812 767 785 735 1125 808 1107 931 506 743 945 705 955 239 768 795 520 890 777 801 477 949 0 670 797 511 501 795 1178 296 506 657 734 775 209 924 308 918 82 858 698 630 644 819 88 991 194 838 502 606 808
563 445 226 529 164 1051 173 1033 675 206 240 690 333 693 673 512 475 599 634 521 545 229 694 670 0 473 610 619 539 1104 555 615 583 478 519 685 668 408 351 687 602 288 140 570 745 675 735 559 582 222 115 237
138 126 361 379 602 1489 340 1471 525 644 337 540 771 269 800 362 108 913 485 371 395 666 544 797 473 0 904 894 389 1542 682 899 1021 329 369 812 519 535 232 814 452 292 507 1008 1183 802 586 686 433 660 553 675
931 918 871 891 730 893 818 875 1037 589 849 1052 509 1061 330 874 901 40 997 883 907 583 1056 511 680 904 0 42 901 946 255 38 425 841 881 342 1031 415 996 494 964 804 721 412 587 523 1098 406 945 605 616 658
921 908 861 881 720 883 808 865 1027 579 839 1042 499 1051 320 864 891 50 987 873 897 573 1046 501 670 894 42 0 891 936 245 47 415 831 871 332 1021 405 986 484 954 794 711 402 577 513 1088 396 935 595 606 647
417 404 359 134 668 1516 459 1498 280 710 335 295 837 547 798 126 387 911 239 126 150 694 298 795 539 389 901 891 0 1569 680 896 1048 141 140 810 273 532 510 812 207 290 505 1035 1210 800 340 683 187 719 619 741
1600 1483 1264 1560 1123 485 1211 466 1706 982 1278 1721 902 1730 999 1543 1513 887 1666 1552 1576 1004 1725 1180 1073 1511 897 907 1570 0 924 902 678 1510 1550 1011 1700 1084 1389 1163 1633 1326 1114 665 543 1192 1767 1075 1614 998 1009 1050
710 697 652 670 620 870 693 852 816 391 628 831 486 840 152 653 680 265 775 662 686 362 834 296 555 682 255 245 680 923 0 250 402 619 660 164 809 194 803 313 743 583 515 389 564 301 876 185 723 387 491 634
926 914 866 886 725 888 813 870 1033 584 844 1047 504 1056 325 869 896 46 992 878 902 578 1051 506 675 899 38 47 896 941 250 0 421 836 876 337 1026 410 992 489 959 799 716 407 582 518 1093 401 940 600 611 653
1079 963 743 1040 602 625 690 607 1186 461 758 1200 381 1210 478 1023 993 366 1145 1031 1056 483 1204 659 552 990 376 386 1050 678 404 382 0 989 1030 490 1179 563 869 642 1113 806 593 73 319 671 1246 555 1093 477 488 530
356 344 298 99 608 1455 399 1437 245 650 274 260 776 486 737 91 326 851 204 91 115 633 263 734 478 329 841 831 141 1508 619 836 988 0 105 749 238 472 450 751 172 229 445 974 1149 740 305 623 152 659 559 681
397 384 339 97 648 1496 439 1478 243 691 315 258 817 527 778 90 367 891 203 89 113 674 262 775 519 369 881 871 140 1549 660 876 1028 105 0 790 237 512 490 792 170 270 485 1015 1190 780 304 664 151 699 599 721
840 827 782 800 750 957 823 938 946 522 758 961 573 970 163 783 810 352 905 792 816 492 965 209 685 812 342 332 810 1009 164 337 489 749 790 0 940 324 933 192 873 713 645 476 651 275 1006 315 853 517 621 721
546 534 488 205 798 1645 589 1627 232 840 464 225 966 676 927 223 516 1041 191 190 210 823 205 924 668 519 1031 1021 273 1698 809 1026 1178 238 237 940 0 662 640 941 158 419 635 1164 1339 930 221 813 284 849 749 871
562 550 504 522 473 1030 546 1012 669 244 480 683 443 693 311 505 532 425 628 514 539 214 687 308 408 535 415 405 532 1082 194 410 562 472 512 324 662 0 656 326 595 435 368 549 724 314 729 197 576 240 344 546
259 247 325 500 480 1367 218 1349 646 523 339 661 649 389 921 483 229 916 606 492 516 545 665 918 351 232 926 936 510 1420 803 931 900 450 490 933 640 656 0 935 573 387 456 887 1062 923 706 807 553 539 431 554
842 829 784 802 752 1108 825 1090 948 523 760 963 722 972 222 785 812 504 907 794 818 494 966 82 687 814 494 484 812 1161 313 489 641 751 792 192 941 326 935 0 875 715 647 627 803 105 1008 211 855 519 623 825
480 467 422 139 731 1579 522 1561 165 774 398 180 900 610 861 157 450 974 124 124 143 757 183 858 602 452 964 954 207 1632 743 959 1111 172 170 873 158 595 573 875 0 353 568 1098 1273 863 225 746 218 782 682 804
320 307 108 280 418 1305 209 1287 426 460 84 440 586 450 701 263 290 814 385 272 296 482 444 698 288 292 804 794 290 1358 583 799 837 229 270 713 419 435 387 715 353 0 393 824 999 703 486 586 333 476 369 491
535 522 331 495 205 1092 278 1074 641 247 345 656 373 665 633 478 505 640 600 487 511 269 660 630 140 507 650 660 505 1145 515 656 624 445 485 645 635 368 456 647 568 393 0 611 786 636 701 519 548 263 156 278
1066 949 730 1026 589 612 677 594 1172 448 744 1187 368 1196 465 1009 979 353 1132 1018 1042 470 1191 646 539 977 363 373 1036 665 390 368 73 976 1016 477 1166 550 855 629 1099 793 580 0 306 658 1233 541 1080 464 475 516
1241 1124 905 1201 764 490 852 472 1348 623 920 1362 543 1372 640 1184 1155 528 1307 1193 1218 645 1366 821 714 1152 538 548 1211 543 565 544 319 1151 1191 652 1341 725 1030 804 1274 968 755 306 0 833 1408 716 1255 639 650 691
830 817 772 790 740 1137 813 1119 936 512 748 951 711 960 305 773 800 533 896 782 806 482 955 88 675 802 523 513 800 1190 301 518 670 740 780 275 930 314 923 105 863 703 636 656 832 0 996 199 843 508 611 814
613 600 555 272 864 1712 656 1694 230 907 531 216 1033 743 994 290 583 1107 210 257 276 890 195 991 735 586 1098 1088 340 1765 876 1093 1244 305 304 1006 221 729 706 1008 225 486 701 1231 1406 996 0 880 351 915 816 938
713 701 655 673 624 1021 697 1003 820 395 632 834 594 844 303 656 683 416 779 665 690 366 838 194 559 686 406 396 683 1074 185 401 553 623 664 315 813 197 807 211 746 586 519 540 715 199 880 0 727 391 495 697
460 447 402 145 711 1559 503 1541 291 754 378 305 880 439 841 137 430 954 250 137 161 737 309 838 582 433 945 935 187 1612 723 940 1091 152 151 853 284 576 553 855 218 333 548 1078 1253 843 351 727 0 763 663 785
749 633 413 709 287 976 360 958 855 89 428 870 257 879 505 692 663 524 815 701 725 111 874 502 222 660 534 544 719 1029 387 540 508 659 699 517 849 240 539 519 782 476 263 495 670 508 915 391 763 0 158 360
643 526 306 609 180 987 253 969 755 142 321 770 269 774 609 592 556 536 715 601 625 165 774 606 115 553 546 555 619 1040 491 551 520 559 599 621 749 344 431 623 682 369 156 506 681 611 816 495 663 158 0 253
765 648 428 731 166 1029 375 1011 877 345 443 892 193 896 688 714 678 577 837 723 747 367 896 808 237 675 587 597 741 1081 614 592 561 681 721 701 871 546 554 825 804 491 278 548 723 814 938 697 785 360 253 0
EOF