NAME : tsp_problem
TYPE : TSP
DIMENSION : 56
EDGE_WEIGHT_TYPE : EXPLICIT
EDGE_WEIGHT_FORMAT : FULL_MATRIX
EDGE_WEIGHT_SECTION
0 576 601 526 535 214 676 321 435 700 443 618 542 435 509 689 357 201 606 940 533 326 394 633 563 846 480 444 331 1745 610 628 244 529 534 689 672 724 546 228 67 371 115 357 512 408 324 687 853 150 282 452 110 773 360 369
576 0 223 149 433 737 298 850 333 322 341 240 164 964 144 311 887 723 229 637 430 855 831 142 804 361 378 342 861 1795 233 250 754 181 156 587 294 346 785 758 597 900 499 538 151 582 853 309 369 673 706 889 633 470 889 549
601 223 0 129 458 762 178 875 358 202 366 119 156 989 169 191 912 748 108 820 455 880 856 280 829 544 403 367 886 1977 112 130 779 206 143 612 173 226 810 783 622 925 524 563 176 607 878 189 552 698 731 914 658 653 914 574
526 149 129 0 383 688 204 801 284 228 291 146 115 915 94 217 838 674 134 745 381 806 782 206 755 470 329 293 811 1903 138 156 705 131 107 538 200 252 735 708 548 851 449 488 101 533 804 215 477 623 657 839 583 578 840 500
535 433 458 383 0 666 533 809 292 557 300 475 399 923 366 546 846 682 463 516 389 814 722 489 694 422 337 146 820 1674 467 485 644 386 391 243 528 581 675 717 556 859 458 497 369 473 812 544 430 632 597 779 592 349 848 508
214 737 762 688 666 0 837 489 482 861 479 779 704 521 671 851 526 157 768 1101 384 494 215 794 384 1007 434 605 499 1698 772 789 95 690 695 512 833 885 367 396 236 539 276 387 674 229 492 848 1015 287 102 273 238 934 528 377
676 298 178 204 533 837 0 950 433 194 441 195 231 1064 244 204 987 823 183 895 531 955 932 355 904 619 478 442 961 2053 187 204 854 281 218 687 205 210 885 858 697 1000 599 638 251 682 953 190 627 773 806 989 733 728 989 649
321 850 875 801 809 489 950 0 710 974 717 892 817 549 783 964 126 475 881 1214 807 94 669 907 837 1120 755 718 300 1860 885 902 518 803 808 964 946 998 820 343 283 233 389 632 787 682 264 961 1128 424 556 726 384 1047 128 643
435 333 358 284 292 482 433 710 0 457 59 375 299 824 266 447 747 522 364 697 137 715 538 390 510 603 84 201 720 1855 368 385 460 286 291 355 429 481 491 617 457 760 358 397 270 288 713 444 611 532 412 595 492 530 749 409
700 322 202 228 557 861 194 974 457 0 465 209 255 1088 268 199 1011 847 207 919 555 979 956 379 928 643 502 466 985 2077 211 198 878 305 242 711 199 205 909 882 721 1024 623 662 275 706 977 184 651 797 830 1013 757 752 1013 673
443 341 366 291 300 479 441 717 59 465 0 383 307 831 274 454 754 520 371 705 134 722 535 398 507 611 82 209 728 1863 375 393 457 294 299 352 437 489 488 625 464 768 366 405 277 286 721 452 618 540 410 592 500 538 757 416
618 240 119 146 475 779 195 892 375 209 383 0 173 1006 186 208 929 765 125 837 472 897 873 297 846 561 420 384 903 1995 129 147 796 223 160 629 190 225 827 800 639 942 541 580 193 624 895 204 569 715 748 931 675 670 931 591
542 164 156 115 399 704 231 817 299 255 307 173 0 931 110 244 853 690 161 761 397 821 798 221 770 485 345 308 827 1919 165 183 720 147 123 554 227 279 751 724 563 867 465 504 117 549 820 242 493 639 673 855 599 594 856 515
435 964 989 915 923 603 1064 549 824 1088 831 1006 931 0 897 1078 482 589 995 1328 855 513 480 1021 649 1234 869 832 369 1629 999 1016 609 917 922 983 1060 1112 677 252 397 408 503 746 901 700 361 1075 1242 538 574 537 498 1161 480 757
509 144 169 94 366 671 244 783 266 268 274 186 110 897 0 257 820 657 174 740 364 788 765 201 737 465 312 275 794 1898 178 196 687 126 102 520 240 292 718 691 530 834 432 471 96 516 787 255 472 606 640 822 566 573 823 482
689 311 191 217 546 851 204 964 447 199 454 208 244 1078 257 0 1000 837 197 908 544 969 945 368 918 632 492 455 974 2066 201 208 867 294 231 701 209 215 898 871 710 1014 612 651 264 696 967 194 640 786 820 1002 746 741 1003 662
357 887 912 838 846 526 987 126 747 1011 754 929 853 482 820 1000 0 512 918 1251 844 131 644 944 813 1157 792 755 197 1793 922 939 555 840 845 1001 983 1035 841 275 320 130 426 669 824 719 160 998 1165 461 593 702 421 1084 145 680
201 723 748 674 682 157 823 475 522 847 520 765 690 561 657 837 512 0 754 1087 424 480 255 780 424 993 474 592 485 1739 758 775 135 676 681 552 819 871 407 382 222 525 262 428 660 269 478 835 1001 298 143 313 258 920 514 417
606 229 108 134 463 768 183 881 364 207 371 125 161 995 174 197 918 754 0 825 461 886 862 286 835 550 409 372 891 1983 118 135 784 211 148 618 179 231 815 788 628 931 529 568 181 613 884 194 557 703 737 919 663 658 920 580
940 637 820 745 516 1101 895 1214 697 919 705 837 761 1328 740 908 1251 1087 825 0 794 1219 1190 581 1162 382 742 551 1225 1264 829 847 1112 777 753 670 891 943 1143 1122 961 1264 863 902 747 940 1217 906 389 1037 1064 1247 997 218 1253 913
533 430 455 381 389 384 531 807 137 555 134 472 397 745 364 544 844 424 461 794 0 812 439 487 412 700 159 299 818 1922 465 483 362 383 389 256 526 579 393 715 554 857 456 413 367 190 810 542 708 553 314 497 505 627 846 402
326 855 880 806 814 494 955 94 715 979 722 897 821 513 788 969 131 480 886 1219 812 0 674 912 842 1125 760 723 229 1824 890 907 523 808 813 969 951 1003 825 307 288 162 394 637 792 687 192 966 1133 429 561 731 389 1052 133 648
394 831 856 782 722 215 932 669 538 956 535 873 798 370 765 945 624 255 862 1190 439 656 0 888 211 1095 489 700 511 1548 866 884 193 784 790 568 927 980 239 395 416 551 456 443 768 284 504 943 1103 385 158 122 336 1023 623 432
633 142 280 206 489 794 355 907 390 379 398 297 221 1021 201 368 944 780 286 581 487 912 888 0 861 305 435 399 918 1739 290 307 811 238 213 644 351 403 842 815 654 957 556 595 208 639 910 366 313 730 763 946 690 414 946 606
563 804 829 755 694 384 904 837 510 928 507 846 770 539 737 918 793 424 835 1162 412 825 211 861 0 1068 462 672 680 1716 839 856 362 757 762 540 900 952 179 564 584 720 547 415 741 257 673 915 1076 554 316 139 505 995 791 405
846 361 544 470 422 1007 619 1120 603 643 611 561 485 1234 465 632 1157 993 550 382 700 1125 1095 305 1068 0 648 457 1131 1539 554 571 1018 502 477 576 615 667 1049 1028 867 1170 769 808 472 846 1123 630 113 943 970 1153 903 215 1159 819
480 378 403 329 337 434 478 755 84 502 82 420 345 795 312 492 792 474 409 742 159 760 489 435 462 648 0 247 765 1900 413 430 412 331 336 306 474 526 443 662 502 805 403 443 315 240 758 490 656 577 364 547 537 575 794 452
444 342 367 293 146 605 442 718 201 466 209 384 308 832 275 455 755 592 372 551 299 723 700 399 672 457 247 0 729 1709 376 394 622 295 300 301 438 490 653 626 465 769 367 406 279 451 722 453 465 541 575 757 501 384 758 417
331 861 886 811 820 499 961 300 720 985 728 903 827 369 794 974 197 485 891 1225 818 229 531 918 700 1131 765 729 0 1680 895 913 529 814 819 974 957 1009 728 162 294 139 400 642 797 693 170 972 1138 435 566 589 395 1058 195 653
1747 1831 2013 1939 1709 1667 2088 1861 1891 2112 1898 2030 1955 1540 1934 2102 1794 1707 2019 1300 1891 1826 1516 1774 1685 1575 1936 1745 1681 0 2023 2040 1645 1971 1946 1864 2084 2136 1713 1565 1710 1721 1816 1895 1941 1736 1674 2100 1583 1837 1610 1574 1788 1412 1793 1884
610 233 112 138 467 772 187 885 368 211 375 129 165 999 178 201 922 758 118 829 465 890 866 290 839 554 413 376 895 1987 0 139 788 215 152 622 183 232 819 792 632 935 533 572 185 617 888 198 561 707 741 923 667 662 924 584
628 250 130 156 485 789 204 902 385 198 393 147 183 1016 196 208 939 775 135 847 483 907 884 307 856 571 430 394 913 2005 139 0 806 233 170 639 201 214 837 810 649 952 551 590 203 634 905 194 579 725 758 941 685 680 941 601
244 754 779 705 644 95 854 518 460 878 457 796 720 498 687 867 555 135 784 1112 362 523 193 811 362 1018 412 622 529 1676 788 806 0 707 712 490 850 902 345 426 265 569 306 365 691 206 522 865 1026 265 80 250 216 945 558 355
529 181 206 131 386 690 281 803 286 305 294 223 147 917 126 294 840 676 211 777 383 808 784 238 757 502 331 295 814 1935 215 233 707 0 139 540 277 329 738 711 550 853 452 491 133 535 806 292 509 626 659 842 586 610 842 502
534 156 143 107 391 695 218 808 291 242 299 160 123 922 102 231 845 681 148 753 389 813 790 213 762 477 336 300 819 1911 152 170 712 139 0 545 214 266 743 716 555 858 457 496 109 540 811 229 485 631 664 847 591 586 847 507
689 587 612 538 243 512 687 964 355 711 352 629 554 873 520 701 1001 552 618 670 256 969 568 644 540 576 306 301 974 1828 622 639 490 540 545 0 683 735 521 871 711 1014 612 541 524 318 967 698 584 682 442 625 633 503 1003 531
672 294 173 200 528 833 205 946 429 199 437 190 227 1060 240 209 983 819 179 891 526 951 927 351 900 615 474 438 957 2048 183 201 850 277 214 683 0 215 881 854 693 996 595 634 247 678 949 195 623 769 802 985 729 724 985 645
724 346 226 252 581 885 210 998 481 205 489 225 279 1112 292 215 1035 871 231 943 579 1003 980 403 952 667 526 490 1009 2101 232 214 902 329 266 735 215 0 933 906 745 1048 647 686 299 730 1001 200 675 821 854 1037 781 776 1037 697
546 785 810 735 675 367 885 820 491 909 488 827 751 567 718 898 821 407 815 1143 393 825 239 842 179 1049 443 653 708 1744 819 837 345 738 743 521 881 933 0 592 567 748 527 396 721 237 701 896 1057 537 297 167 488 976 819 385
228 758 783 708 717 396 858 343 617 882 625 800 724 252 691 871 275 382 788 1122 715 307 415 815 584 1028 662 626 162 1563 792 810 426 711 716 871 854 906 612 0 191 202 297 539 694 590 155 869 1035 332 464 472 292 955 274 550
67 597 622 548 556 236 697 283 457 721 464 639 563 397 530 710 320 222 628 961 554 288 416 654 584 867 502 465 294 1708 632 649 265 550 555 711 693 745 567 191 0 334 136 379 534 429 287 708 875 171 303 473 131 794 323 390
371 900 925 851 859 539 1000 233 760 1024 768 942 867 408 834 1014 130 525 931 1264 857 162 571 957 740 1170 805 769 139 1719 935 952 569 853 858 1014 996 1048 768 202 334 0 439 682 837 732 103 1012 1178 475 606 628 435 1097 128 693
115 499 524 449 458 276 599 389 358 623 366 541 465 503 432 612 426 262 529 863 456 394 456 556 547 769 403 367 400 1814 533 551 306 452 457 612 595 647 527 297 136 439 0 280 435 389 392 610 776 212 343 514 172 696 428 292
357 538 563 488 497 387 638 632 397 662 405 580 504 746 471 651 669 428 568 902 413 637 443 595 415 808 443 406 642 1926 572 590 365 491 496 541 634 686 396 539 379 682 280 0 475 258 635 649 816 454 318 500 414 735 671 331
512 151 176 101 369 674 251 787 270 275 277 193 117 901 96 264 824 660 181 747 367 792 768 208 741 472 315 279 797 1905 185 203 691 133 109 524 247 299 721 694 534 837 435 475 0 519 790 262 479 610 643 826 569 580 826 486
408 582 607 533 473 229 682 682 288 706 286 624 549 589 516 696 719 269 613 940 190 687 284 639 257 846 240 451 693 1767 617 634 206 535 540 318 678 730 237 590 429 732 389 258 519 0 685 694 854 398 159 341 349 773 721 247
324 853 878 804 812 492 953 264 713 977 721 895 820 361 787 967 160 478 884 1217 810 192 524 910 693 1123 758 722 170 1672 888 905 522 806 811 967 949 1001 721 155 287 103 392 635 790 685 0 965 1131 428 559 581 388 1050 159 646
687 309 189 215 544 848 190 961 444 184 452 204 242 1075 255 194 998 835 194 906 542 966 943 366 915 630 490 453 972 2064 198 194 865 292 229 698 195 200 896 869 708 1012 610 649 262 694 965 0 638 784 818 1000 744 739 1001 660
853 369 552 477 430 1015 627 1128 611 651 618 569 493 1242 472 640 1165 1001 557 389 708 1133 1103 313 1076 113 656 465 1138 1547 561 579 1026 509 485 584 623 675 1057 1035 875 1178 776 816 479 854 1131 638 0 951 978 1161 910 222 1167 827
150 673 698 623 632 287 773 424 532 797 540 715 639 538 606 786 461 298 703 1037 553 429 385 730 554 943 577 541 435 1849 707 725 265 626 631 682 769 821 537 332 171 475 212 454 610 398 428 784 951 0 272 442 207 870 464 466
282 706 731 657 597 102 806 556 412 830 410 748 673 463 640 820 593 143 737 1064 314 561 158 763 316 970 364 575 566 1641 741 758 80 659 664 442 802 854 297 464 303 606 343 318 643 159 559 818 978 272 0 215 223 897 595 307
452 889 914 839 779 273 989 726 595 1013 592 931 855 427 822 1002 682 313 919 1247 497 713 122 946 139 1153 547 757 569 1605 923 941 250 842 847 625 985 1037 167 452 473 608 514 500 826 341 561 1000 1161 442 215 0 393 1080 680 489
110 633 658 583 592 238 733 384 492 757 500 675 599 498 566 746 421 258 663 997 505 389 336 690 505 903 537 501 395 1809 667 685 216 586 591 633 729 781 488 292 131 435 172 414 569 349 388 744 910 207 223 393 0 830 424 425
773 470 653 578 349 934 728 1047 530 752 538 670 594 1161 573 741 1084 920 658 218 627 1052 1023 414 995 215 575 384 1058 1376 662 680 945 610 586 503 724 776 976 955 794 1097 696 735 580 773 1050 739 222 870 897 1080 830 0 1086 746
360 889 914 840 848 528 989 128 749 1013 757 931 856 480 823 1003 145 514 920 1253 846 133 643 946 811 1159 794 758 195 1791 924 941 558 842 847 1003 985 1037 839 274 323 128 428 671 826 721 159 1001 1167 464 595 700 424 1086 0 682
369 549 574 500 508 377 649 643 409 673 416 591 515 738 482 662 680 417 580 913 402 648 432 606 405 819 452 417 653 1915 584 601 355 502 507 531 645 697 385 550 390 693 292 331 486 247 646 660 827 466 307 489 425 746 682 0
EOF