NAME : tsp_problem
TYPE : TSP
DIMENSION : 56
EDGE_WEIGHT_TYPE : EXPLICIT
EDGE_WEIGHT_FORMAT : FULL_MATRIX
EDGE_WEIGHT_SECTION
0 417 660 369 694 749 731 442 355 1339 644 376 241 172 407 1451 231 220 906 496 356 308 667 238 179 570 683 478 482 889 234 784 647 105 510 240 183 217 480 137 470 1247 647 651 639 572 390 753 915 543 359 1402 533 417 723 257
417 0 984 418 1018 1074 1055 767 679 1675 1020 425 290 302 456 1787 280 285 1242 820 405 357 991 287 286 895 1007 802 807 1225 283 1108 1023 430 835 321 507 278 326 512 845 1583 493 975 964 896 714 599 1250 919 683 1738 857 97 1047 548
660 984 0 936 222 525 177 384 422 1126 723 943 808 739 974 1238 798 787 693 438 923 875 96 805 746 345 112 420 424 676 801 559 726 672 452 807 750 783 1047 755 747 1034 1214 294 68 347 318 1320 701 820 643 1189 308 983 152 824
369 418 936 0 971 1026 1008 719 631 1627 972 232 204 254 209 1739 180 237 1194 772 198 164 943 218 238 847 960 754 759 1178 190 1060 975 382 787 273 460 230 714 464 798 1535 881 927 916 848 666 986 1203 871 635 1691 809 418 999 534
694 1018 222 971 0 368 67 419 457 970 609 977 843 773 1009 1082 832 821 537 472 957 909 149 839 781 189 133 454 459 520 835 403 612 706 486 841 784 818 1081 789 781 877 1248 121 202 191 352 1354 545 752 677 1033 195 1018 92 858
749 1074 525 1026 368 0 405 474 512 870 510 1033 898 828 1064 982 887 876 437 527 1012 965 488 894 836 224 471 509 514 421 890 66 513 762 542 896 840 873 1137 844 725 778 1304 325 504 219 407 1409 446 653 732 934 250 1073 431 914
731 1055 177 1008 67 405 0 456 494 1007 646 1014 880 810 1046 1119 869 858 574 509 994 946 125 876 818 226 108 491 496 557 872 440 649 743 523 878 821 855 1118 826 818 914 1285 138 156 228 389 1391 582 789 714 1070 232 1055 68 895
442 767 384 719 419 474 456 0 205 1075 390 725 591 521 757 1188 580 569 642 220 705 658 391 587 529 295 408 202 207 626 583 508 393 455 235 589 533 566 830 537 414 983 997 375 364 296 114 1102 651 488 425 1139 257 766 447 607
355 679 422 631 457 512 494 205 0 1113 543 638 503 433 669 1225 492 482 680 258 618 570 429 500 441 333 446 240 245 664 496 546 547 367 273 501 445 478 742 450 500 1021 909 413 402 334 152 1014 689 573 338 1177 295 678 485 519
1308 1677 1128 1629 971 831 1008 1054 1115 0 837 1635 1501 1431 1667 246 1490 1479 624 988 1615 1568 1091 1497 1439 827 1074 1009 1103 607 1493 795 840 1295 1055 1499 1442 1476 1740 1207 1052 303 1907 928 1107 822 1010 2012 521 979 1150 459 853 1676 1034 1412
644 1020 723 972 589 450 626 390 543 868 0 978 844 774 1010 980 833 822 435 324 958 911 709 840 782 445 692 345 439 418 836 414 86 631 391 842 786 819 1077 544 242 776 1244 546 702 440 453 1349 443 170 486 931 471 1019 652 749
376 425 943 232 977 1033 1014 725 638 1634 978 0 210 261 219 1746 187 243 1201 779 208 170 950 224 245 853 966 761 766 1184 197 1067 982 388 793 280 466 236 720 471 804 1542 888 934 922 855 673 993 1209 877 642 1697 816 424 1006 540
241 290 808 204 843 898 880 591 503 1499 844 210 0 126 242 1611 104 109 1066 644 190 143 815 111 110 719 831 626 631 1050 107 932 847 254 659 145 332 102 586 336 670 1407 753 799 788 720 538 858 1075 743 507 1563 681 289 871 406
172 302 739 254 773 828 810 521 433 1430 774 261 126 0 292 1542 115 121 997 574 241 193 745 123 122 649 762 556 561 980 119 863 777 184 589 157 262 114 559 267 600 1337 726 729 718 650 468 831 1005 673 437 1493 611 301 801 336
407 456 974 209 1009 1064 1046 757 669 1665 1010 219 242 292 0 1777 218 275 1232 810 178 202 981 256 276 885 997 792 797 1216 228 1098 1013 420 825 311 498 268 752 502 836 1573 919 965 954 886 704 1024 1241 909 673 1729 847 455 1037 572
1420 1789 1240 1741 1083 944 1120 1166 1227 246 949 1748 1613 1543 1779 0 1602 1591 736 1100 1727 1680 1203 1609 1551 939 1186 1121 1215 719 1605 908 952 1407 1167 1611 1555 1588 1852 1319 1164 415 2019 1040 1219 934 1122 2124 633 1091 1262 571 965 1788 1146 1524
231 280 798 180 832 887 869 580 492 1489 833 187 104 115 218 1601 0 98 1056 634 167 119 805 100 100 708 821 616 620 1039 96 922 836 243 648 135 321 91 575 326 659 1396 742 789 777 710 528 848 1064 732 497 1552 671 279 861 395
220 285 787 237 821 876 858 569 482 1478 822 243 109 121 275 1590 98 0 1045 623 223 176 794 105 105 697 810 605 610 1028 101 911 826 232 637 140 310 96 580 315 648 1386 747 778 766 699 517 853 1053 721 486 1541 660 284 850 384
875 1244 695 1196 538 399 575 621 682 624 404 1203 1068 998 1234 736 1057 1046 0 555 1182 1135 658 1064 1006 394 641 576 670 75 1060 363 407 862 622 1066 1010 1043 1307 774 619 531 1474 495 674 389 577 1579 199 546 717 687 420 1243 601 979
496 820 438 772 472 527 509 220 258 1019 324 779 644 574 810 1131 634 623 586 0 759 711 445 641 582 348 461 247 260 569 637 562 327 508 288 643 586 619 883 489 348 927 1050 429 417 350 168 1155 594 422 431 1082 311 819 501 660
356 405 923 198 957 1012 994 705 618 1614 958 208 190 241 178 1726 167 223 1181 759 0 150 930 204 225 833 946 741 745 1164 176 1047 961 368 773 260 446 216 700 451 784 1521 867 914 902 835 653 973 1189 857 622 1677 796 404 986 520
308 357 875 164 909 965 946 658 570 1566 911 170 143 193 202 1678 119 176 1133 711 150 0 882 157 177 785 898 693 698 1116 129 999 914 320 725 212 398 169 653 403 736 1474 820 866 854 787 605 925 1141 810 574 1629 748 356 938 472
667 991 96 943 149 488 125 391 429 1089 729 950 815 745 981 1202 805 794 656 445 930 882 0 812 753 309 119 427 431 640 808 522 732 679 459 814 757 790 1054 762 754 997 1221 221 75 310 325 1326 665 827 650 1153 315 990 151 831
238 287 805 218 839 894 876 587 500 1496 840 224 111 123 256 1608 100 105 1063 641 204 157 812 0 107 715 828 623 627 1046 103 929 843 250 655 142 328 98 582 333 666 1403 749 796 784 717 535 855 1071 739 504 1559 678 286 868 402
179 286 746 238 781 836 818 529 441 1437 782 245 110 122 276 1549 100 105 1004 582 225 177 753 107 0 657 769 564 569 988 103 870 785 192 597 141 270 98 567 274 608 1345 734 737 726 658 476 839 1013 681 445 1501 619 286 809 344
570 895 345 847 189 224 226 295 333 825 465 853 719 649 885 937 708 697 392 348 833 785 309 715 657 0 292 330 335 375 711 258 468 582 363 717 660 694 957 665 657 733 1124 146 325 67 228 1230 400 607 553 888 71 894 252 734
683 1007 112 960 133 471 108 408 446 1073 712 966 831 762 997 1185 821 810 640 461 946 898 119 828 769 292 0 443 448 623 824 506 715 695 475 830 773 807 1070 778 770 980 1237 204 92 294 341 1343 648 844 666 1136 298 1007 134 847
478 802 420 754 454 509 491 202 240 1040 345 761 626 556 792 1152 616 605 607 247 741 693 427 623 564 330 443 0 242 590 619 544 348 490 270 625 568 601 865 509 369 948 1032 410 399 332 150 1137 615 442 452 1103 293 801 482 642
482 807 424 759 459 514 496 207 245 1115 439 766 631 561 797 1228 620 610 683 260 745 698 431 627 569 335 448 242 0 666 623 549 442 495 275 629 573 606 870 577 463 1023 1037 415 404 336 154 1142 691 537 466 1179 297 806 487 647
858 1227 678 1179 521 382 558 604 665 607 387 1186 1051 981 1217 719 1041 1030 75 538 1166 1118 641 1048 989 377 624 559 653 0 1044 346 390 845 605 1050 993 1026 1290 758 602 515 1457 478 657 372 560 1562 182 530 700 670 404 1226 584 963
234 283 801 190 835 890 872 583 496 1492 836 197 107 119 228 1604 96 101 1059 637 176 129 808 103 103 711 824 619 623 1042 0 925 839 246 651 138 324 94 578 329 662 1399 745 792 780 713 531 851 1067 735 500 1555 674 282 864 398
784 1108 559 1060 403 66 440 508 546 905 544 1067 932 863 1098 1017 922 911 472 562 1047 999 522 929 870 258 506 544 549 455 925 0 548 796 576 931 874 908 1171 879 760 812 1338 359 538 254 442 1444 480 687 767 968 285 1108 465 948
647 1023 726 975 592 453 629 393 547 871 86 982 847 777 1013 983 836 826 438 327 961 914 712 843 785 448 695 348 442 421 839 417 0 634 394 845 789 822 1080 547 240 779 1247 549 705 443 456 1352 446 167 489 934 475 1022 655 752
105 430 672 382 706 762 743 455 367 1326 631 388 254 184 420 1438 243 232 893 508 368 320 679 250 192 582 695 490 495 877 246 796 634 0 522 252 195 229 492 124 457 1234 659 663 651 584 402 765 902 530 371 1390 545 429 735 269
510 835 452 787 486 542 523 235 273 1086 391 793 659 589 825 1198 648 637 653 288 773 725 459 655 597 363 475 270 275 636 651 576 394 522 0 657 600 634 897 556 415 994 1064 443 432 364 182 1170 661 488 493 1149 325 834 515 674
240 321 807 273 841 896 878 589 501 1498 842 280 145 157 311 1610 135 140 1065 643 260 212 814 142 141 717 830 625 629 1048 138 931 845 252 657 0 330 133 617 335 668 1405 784 798 786 719 537 889 1073 741 506 1561 680 321 870 404
183 507 750 460 784 840 821 533 445 1441 786 466 332 262 498 1553 321 310 1008 586 446 398 757 328 270 660 773 568 573 991 324 874 789 195 600 330 0 307 346 278 611 1349 513 741 729 662 480 618 1016 685 449 1504 623 507 813 123
217 278 783 230 818 873 855 566 478 1474 819 236 102 114 268 1587 91 96 1042 619 216 169 790 98 98 694 807 601 606 1025 94 908 822 229 634 133 307 0 573 312 645 1382 740 774 763 695 513 846 1050 718 482 1538 656 277 846 381
480 326 1047 714 1081 1137 1118 830 742 1738 1077 720 586 559 752 1850 575 580 1305 883 700 653 1054 582 567 957 1070 865 870 1288 578 1171 1080 492 897 617 346 573 0 575 902 1646 218 1038 1026 959 777 324 1313 976 746 1801 920 372 1110 364
137 512 755 464 789 820 826 537 450 1239 544 471 336 267 502 1351 326 315 806 489 451 403 762 333 274 665 778 509 577 789 329 784 547 124 556 335 278 312 575 0 369 1146 742 746 734 667 485 848 814 443 452 1302 628 512 818 352
470 845 747 798 781 665 818 414 500 1083 242 804 670 600 836 1195 659 648 650 348 784 736 754 666 608 657 770 369 463 633 662 629 240 457 415 668 611 645 902 369 0 991 1070 738 726 655 477 1175 658 166 312 1146 620 845 810 574
1216 1584 1035 1537 879 739 916 962 1023 303 744 1543 1408 1339 1574 415 1398 1387 531 896 1523 1475 999 1405 1346 734 982 916 1010 515 1401 703 747 1203 962 1407 1350 1384 1647 1115 959 0 1814 835 1015 730 918 1920 428 887 1058 229 761 1584 941 1320
647 493 1214 881 1248 1304 1285 997 909 1905 1244 888 753 726 919 2017 742 747 1472 1050 867 820 1221 749 734 1124 1237 1032 1037 1455 745 1338 1247 659 1064 784 513 740 218 742 1070 1813 0 1205 1193 1126 944 212 1480 1143 913 1944 1087 539 1277 531
651 975 294 927 121 325 138 375 413 926 566 934 799 729 965 1038 789 778 493 429 914 866 221 796 737 146 204 410 415 476 792 359 569 663 443 798 741 774 1038 746 738 834 1205 0 273 147 308 1310 501 709 634 989 152 974 164 815
639 964 68 916 202 504 156 364 402 1105 702 922 788 718 954 1218 777 766 673 417 902 854 75 784 726 325 92 399 404 656 780 538 705 651 432 786 729 763 1026 734 726 1013 1193 273 0 326 297 1299 681 800 622 1169 287 963 131 803
572 896 347 848 191 219 228 296 334 821 460 855 720 650 886 933 710 699 388 350 835 787 310 717 658 67 294 332 336 371 713 254 463 584 364 719 662 695 959 667 659 728 1126 147 326 0 230 1231 396 603 555 884 73 895 253 736
390 714 318 666 352 407 389 114 152 1009 453 673 538 468 704 1121 528 517 576 168 653 605 325 535 476 228 341 150 154 559 531 442 456 402 182 537 480 513 777 485 477 916 944 308 297 230 0 1049 584 550 373 1072 191 713 380 554
739 585 1305 972 1340 1395 1377 1088 1000 1996 1335 979 844 817 1010 2109 834 839 1564 1141 959 911 1312 841 825 1216 1329 1123 1128 1547 837 1429 1338 751 1156 875 604 832 310 834 1161 1904 197 1296 1285 1217 1035 0 1572 1234 1004 1835 1178 631 1368 622
883 1252 703 1204 546 407 583 629 690 521 412 1211 1076 1006 1242 633 1066 1055 199 563 1191 1143 666 1073 1014 402 650 584 678 182 1069 371 415 870 630 1075 1018 1051 1315 783 627 428 1482 503 682 397 585 1587 0 555 725 584 429 1251 609 988
543 919 820 871 732 592 769 488 573 1011 170 877 743 673 909 1123 732 721 578 422 857 810 827 739 681 587 835 442 537 561 735 556 167 530 488 741 685 718 976 443 166 918 1143 688 800 583 550 1248 586 0 385 1074 614 918 795 648
359 683 643 635 677 732 714 425 338 1181 486 642 507 437 673 1293 497 486 748 431 622 574 650 504 445 553 666 452 466 732 500 727 489 371 493 506 449 482 746 452 312 1089 913 634 622 555 373 1018 757 385 0 1245 516 682 706 523
1371 1740 1191 1692 1034 895 1071 1117 1178 459 900 1699 1564 1494 1730 571 1554 1543 687 1051 1679 1631 1154 1561 1502 890 1137 1072 1166 670 1557 859 903 1358 1118 1563 1506 1539 1803 1271 1115 229 1970 991 1170 885 1073 1857 584 1043 1213 0 917 1739 1097 1476
533 857 308 809 195 250 232 257 295 852 491 816 681 611 847 964 671 660 419 311 796 748 315 678 619 71 298 293 297 402 674 285 495 545 325 680 623 656 920 628 620 759 1087 152 287 73 191 1193 427 634 516 915 0 856 258 697
417 97 983 418 1018 1073 1055 766 678 1674 1019 424 289 301 455 1787 279 284 1242 819 404 356 990 286 286 894 1007 801 806 1225 282 1108 1022 429 834 321 507 277 372 512 845 1582 539 974 963 895 713 645 1250 918 682 1738 856 0 1046 581
723 1047 152 999 92 431 68 447 485 1032 672 1006 871 801 1037 1144 861 850 599 501 986 938 151 868 809 252 134 482 487 582 864 465 675 735 515 870 813 846 1110 818 810 940 1277 164 131 253 380 1382 607 815 706 1095 258 1046 0 887
257 548 824 534 858 914 895 607 519 1444 749 540 406 336 572 1556 395 384 1011 660 520 472 831 402 344 734 847 642 647 994 398 948 752 269 674 404 123 381 364 352 574 1351 531 815 803 736 554 636 1019 648 523 1507 697 581 887 0
EOF