NAME : tsp_problem
TYPE : TSP
DIMENSION : 42
EDGE_WEIGHT_TYPE : EXPLICIT
EDGE_WEIGHT_FORMAT : FULL_MATRIX
EDGE_WEIGHT_SECTION
0 1135 805 426 675 665 684 103 459 736 802 257 745 689 1061 445 948 732 101 191 812 125 997 149 757 953 824 820 952 827 831 817 1113 882 892 133 561 640 496 151 121 754
1135 0 474 1155 1103 1394 488 1135 978 819 494 943 497 854 731 964 618 961 1133 1131 481 1199 1727 1162 427 623 739 489 252 721 444 523 1843 552 561 1165 1290 1369 1015 1191 1135 983
805 474 0 825 779 1064 248 805 648 494 113 613 115 530 298 634 185 637 803 801 100 869 1396 832 321 190 409 108 516 450 395 142 1513 119 129 835 960 1039 685 861 805 659
426 1155 825 0 393 383 704 470 479 660 822 253 766 613 1082 465 968 656 427 275 832 343 716 306 777 973 748 840 972 751 851 838 832 902 912 395 279 358 516 368 470 663
655 1103 779 373 0 389 659 676 337 331 776 482 720 284 1036 270 922 327 656 504 786 572 721 535 731 927 419 794 920 422 694 792 838 856 866 624 285 364 215 598 676 312
666 1396 1066 385 358 0 945 710 630 625 1062 493 1006 577 1322 563 1209 620 667 515 1073 583 428 546 1018 1214 712 1081 1213 715 988 1078 545 1143 1153 636 244 182 508 609 710 627
684 488 248 704 659 944 0 685 528 374 245 492 189 409 505 513 392 516 682 680 255 749 1276 711 166 397 289 263 305 330 184 261 1392 326 335 714 840 919 564 740 685 539
103 1135 805 470 676 709 685 0 459 737 802 258 746 689 1062 445 948 732 101 271 812 184 1041 229 757 953 824 820 952 827 831 818 1157 882 892 133 605 684 496 159 121 754
459 978 648 479 337 661 528 459 0 397 645 267 589 350 905 288 792 393 457 455 655 523 994 486 600 796 485 663 795 488 674 661 1110 725 735 489 557 636 239 515 460 415
736 819 494 640 331 656 374 737 397 0 491 545 435 146 751 331 638 189 734 733 502 801 988 764 447 643 134 509 636 137 410 507 1104 572 581 766 552 631 276 792 737 211
802 494 113 822 776 1061 245 802 645 491 0 610 135 527 370 630 257 634 800 798 120 866 1393 829 318 261 406 128 513 447 392 162 1509 190 200 831 957 1036 682 857 802 656
257 943 613 253 484 492 492 258 267 545 610 0 554 497 870 253 756 540 255 229 620 297 824 260 565 761 632 628 760 635 639 626 940 690 700 287 388 467 304 313 258 562
745 497 115 766 720 1005 189 746 589 435 135 554 0 471 372 574 259 578 743 742 123 810 1337 773 262 264 350 131 457 391 336 164 1453 193 203 775 901 980 626 801 746 600
689 854 530 593 284 608 409 689 350 146 527 497 471 0 786 283 673 142 687 685 537 753 941 716 482 678 169 545 671 173 445 542 1057 607 617 719 504 583 229 745 690 164
1061 731 298 1082 1036 1321 505 1062 905 751 370 870 372 786 0 890 196 893 1059 1057 336 1126 1653 1089 578 191 666 352 772 707 652 398 1769 216 207 1091 1217 1296 941 1117 1062 916
445 964 634 465 270 594 513 445 288 331 630 253 574 283 890 0 777 326 443 441 641 509 927 472 586 782 418 649 781 421 660 646 1043 711 721 475 490 569 172 501 445 348
948 618 185 968 922 1207 392 948 792 638 257 756 259 673 196 777 0 780 946 944 223 1012 1540 975 464 215 553 238 659 594 538 285 1656 169 178 978 1103 1182 828 1004 949 802
732 961 637 636 327 651 516 732 393 189 634 540 578 142 893 326 780 0 730 728 644 796 984 759 589 785 277 652 778 280 552 650 1100 714 724 762 547 626 271 788 733 71
101 1133 803 427 674 666 682 101 457 734 800 255 743 687 1059 443 946 730 0 192 810 126 998 150 755 951 822 818 950 825 829 815 1114 880 890 131 562 641 494 152 119 752
191 1131 801 275 524 514 680 271 455 733 798 229 742 685 1057 441 944 728 192 0 808 108 846 91 753 949 820 816 948 823 827 814 962 878 888 160 410 489 492 134 289 750
812 481 100 832 786 1071 255 812 655 502 120 620 123 537 336 641 223 644 810 808 0 876 1403 839 328 227 416 115 523 457 402 149 1520 157 166 842 967 1046 692 868 812 666
125 1199 869 343 592 582 749 184 523 801 866 297 810 753 1126 509 1012 796 126 108 876 0 914 67 821 1017 888 884 1016 891 895 882 1031 946 956 94 478 557 560 68 202 818
999 1728 1398 717 690 428 1277 1043 962 957 1395 826 1339 910 1654 896 1541 952 1000 848 1405 916 0 879 1350 1546 1044 1413 1545 1047 1320 1411 327 1475 1485 968 576 515 841 941 1043 959
149 1162 832 306 555 545 711 229 486 764 829 260 773 716 1089 472 975 759 150 91 839 67 877 0 784 980 851 847 979 854 858 845 993 909 919 119 441 520 523 92 247 781
757 427 321 777 731 1016 166 757 600 447 318 565 262 482 578 586 464 589 755 753 328 821 1349 784 0 469 362 336 244 400 123 334 1465 398 408 787 912 991 637 813 758 611
953 623 190 973 927 1212 397 953 796 643 261 761 264 678 191 782 215 785 951 949 227 1017 1545 980 469 0 558 243 664 599 543 290 1661 173 183 983 1108 1187 833 1009 954 807
824 739 409 728 419 743 289 824 485 134 406 632 350 169 666 418 553 277 822 820 416 888 1076 851 362 558 0 424 556 90 362 422 1192 487 496 854 639 718 363 880 824 299
820 489 108 840 794 1079 263 820 663 509 128 628 131 545 352 649 238 652 818 816 115 884 1411 847 336 243 424 0 531 465 410 157 1528 172 182 850 975 1054 700 876 820 674
952 252 516 972 920 1211 305 952 795 636 513 760 457 671 772 781 659 778 950 948 523 1016 1544 979 244 664 556 531 0 538 261 529 1660 593 603 982 1107 1186 832 1008 952 800
827 721 450 731 422 746 330 827 488 137 447 635 391 173 707 421 594 280 825 823 457 891 1079 854 400 599 90 465 538 0 312 463 1195 528 537 857 642 721 366 883 828 302
831 444 395 851 694 1019 184 831 674 410 392 639 336 445 652 660 538 552 829 827 402 895 1351 858 123 543 362 410 261 312 0 408 1467 472 482 861 915 994 639 887 832 574
817 523 142 838 792 1077 261 818 661 507 162 626 164 542 398 646 285 650 815 814 149 882 1409 845 334 290 422 157 529 463 408 0 1525 219 229 847 973 1052 697 873 818 672
1115 1844 1514 833 806 545 1394 1159 1079 1073 1511 942 1455 1026 1771 1012 1658 1069 1116 964 1521 1032 327 995 1466 1662 1161 1529 1661 1164 1436 1527 0 1591 1601 1084 692 631 957 1058 1159 1076
882 552 119 902 856 1141 326 882 725 572 190 690 193 607 216 711 169 714 880 878 157 946 1474 909 398 173 487 172 593 528 472 219 1590 0 112 912 1037 1116 762 938 883 736
892 561 129 912 866 1151 335 892 735 581 200 700 203 617 207 721 178 724 890 888 166 956 1483 919 408 183 496 182 603 537 482 229 1600 112 0 922 1047 1126 772 948 892 746
133 1165 835 395 644 634 714 133 489 766 831 287 775 719 1091 475 978 762 131 160 842 94 966 119 787 983 854 850 982 857 861 847 1083 912 922 0 530 609 526 120 151 784
615 1205 881 334 167 350 761 659 439 433 878 443 822 386 1138 372 1025 429 617 465 888 533 682 496 833 1029 521 896 1022 524 796 894 798 959 968 585 0 325 317 558 660 436
641 1371 1041 360 333 182 920 685 605 600 1037 468 981 552 1297 538 1184 595 642 490 1048 558 515 521 993 1189 687 1056 1188 690 963 1053 631 1118 1128 611 219 0 483 584 685 602
496 1015 685 516 215 540 564 496 239 276 682 304 626 229 941 172 828 271 494 492 692 560 872 523 637 833 363 700 832 366 639 697 988 762 772 526 436 515 0 552 496 294
151 1191 861 368 618 607 740 159 515 792 857 313 801 745 1117 501 1004 788 152 134 868 68 940 92 813 1009 880 876 1008 883 887 873 1056 938 948 120 503 582 552 0 177 810
121 1135 805 470 676 709 685 121 460 737 802 258 746 690 1062 445 949 733 119 289 812 202 1041 247 758 954 824 820 952 828 832 818 1158 883 892 151 605 684 496 177 0 755
754 983 659 643 312 658 539 754 415 211 656 562 600 164 916 348 802 71 752 750 666 818 991 781 611 807 299 674 800 302 574 672 1107 736 746 784 554 633 294 810 755 0
EOF