NAME : tsp_problem
TYPE : TSP
DIMENSION : 36
EDGE_WEIGHT_TYPE : EXPLICIT
EDGE_WEIGHT_FORMAT : FULL_MATRIX
EDGE_WEIGHT_SECTION
0 886 549 696 622 762 557 361 777 433 424 642 793 472 274 284 716 640 464 648 489 438 216 1268 344 1174 221 631 620 467 491 959 611 636 413 373
886 0 545 226 362 206 1178 983 191 1054 1045 398 175 1093 895 660 207 343 989 280 1111 1059 837 1889 965 1857 703 378 308 1089 487 731 341 336 1034 751
549 545 0 355 281 421 830 646 437 717 708 301 452 757 558 323 375 299 488 308 774 722 500 1552 628 1396 366 290 279 752 111 618 270 295 697 250
696 226 355 0 172 148 989 793 163 865 855 209 178 904 706 471 102 153 799 91 921 870 647 1699 775 1668 513 189 119 899 298 541 152 146 844 561
622 362 281 172 0 238 915 719 254 791 782 154 269 830 632 397 192 116 725 125 847 796 573 1625 701 1594 439 134 96 825 224 487 97 112 770 488
762 206 421 148 238 0 1055 859 226 931 922 275 210 970 772 537 168 219 865 157 987 936 713 1765 841 1734 579 255 185 965 364 607 218 212 910 628
557 1178 841 989 915 1055 0 254 1070 559 359 934 1085 490 567 577 1009 933 687 941 425 523 508 1048 258 1017 513 924 913 403 784 1252 904 929 538 757
361 983 646 793 719 859 254 0 874 363 163 739 890 294 371 381 813 737 603 745 229 328 313 965 83 933 318 728 717 207 588 1056 708 733 343 658
777 191 437 163 254 226 1070 874 0 946 937 290 195 985 787 552 183 235 881 172 1002 951 729 1781 856 1749 595 270 200 980 379 623 233 227 925 643
433 1054 717 865 791 931 559 363 946 0 294 810 961 128 443 453 885 809 820 817 227 94 384 1270 345 1238 389 800 789 222 660 1128 780 805 68 729
424 1045 708 855 782 922 359 163 937 294 0 801 952 189 434 444 876 799 709 808 126 222 375 1070 146 1038 380 791 779 121 651 1119 771 796 273 720
642 398 301 209 154 275 934 739 290 810 801 0 305 850 651 416 229 153 745 161 867 815 593 1645 721 1614 459 170 133 845 243 523 133 149 790 507
793 175 452 178 269 210 1085 890 195 961 952 305 0 1001 802 568 198 250 896 187 1018 966 744 1796 872 1765 610 286 216 996 394 638 248 243 941 658
472 1093 757 904 830 970 490 294 985 128 189 850 1001 0 482 492 924 848 839 856 122 133 424 1201 276 1169 428 839 828 117 699 1167 819 844 108 768
274 895 558 706 632 772 567 371 787 443 434 651 802 482 0 294 726 649 476 658 499 448 225 1277 353 1186 230 641 630 477 501 969 621 646 422 385
284 660 323 471 397 537 577 381 552 453 444 416 568 492 294 0 491 415 485 423 509 458 235 1287 363 1256 115 406 395 487 266 734 386 411 432 394
716 207 375 102 192 168 1009 813 183 885 876 229 198 924 726 491 0 173 819 111 941 890 667 1719 795 1688 533 209 139 919 318 561 172 166 864 581
640 343 299 153 116 219 933 737 235 809 799 153 250 848 649 415 173 0 743 123 865 814 591 1643 719 1612 457 133 95 843 242 485 95 111 788 505
464 989 488 799 725 865 556 583 881 820 688 745 896 819 476 485 819 743 0 751 754 825 488 1378 587 1123 527 734 723 732 543 1057 714 739 800 284
648 280 308 91 125 157 941 745 172 817 808 161 187 856 658 423 111 123 751 0 873 822 599 1651 727 1620 466 141 90 851 250 494 104 117 796 514
489 1111 774 921 847 987 425 229 1002 227 126 867 1018 122 499 509 941 865 774 873 0 156 441 1135 211 1104 445 856 845 55 716 1184 836 861 207 786
438 1059 722 870 796 936 523 328 951 94 222 815 966 133 448 458 890 814 825 822 156 0 389 1234 310 1203 394 805 794 150 665 1133 785 810 73 734
216 837 500 647 573 713 508 313 729 384 375 593 744 424 225 235 667 591 488 599 441 389 0 1219 295 1188 172 582 571 419 442 910 562 587 364 397
1268 1889 1552 1699 1625 1765 1048 965 1781 1270 1070 1645 1796 1201 1277 1287 1719 1643 1398 1651 1135 1234 1219 0 969 1727 1224 1634 1623 1113 1494 1938 1614 1639 1249 1467
344 965 628 775 701 841 258 83 856 345 146 721 872 276 353 363 795 719 607 727 211 310 295 969 0 937 300 710 699 189 570 1038 690 715 325 640
1143 1859 1365 1669 1595 1735 908 935 1751 1240 1040 1615 1766 1171 1154 1257 1689 1613 1091 1621 1105 1204 1166 1729 939 0 1194 1604 1593 1083 1420 1932 1584 1609 1219 1161
221 703 366 513 439 579 513 318 595 389 380 459 610 428 230 115 533 457 527 466 445 394 172 1224 300 1192 0 448 437 424 308 776 428 453 369 436
631 378 290 189 134 255 924 728 270 800 791 170 286 839 641 406 209 133 734 141 856 805 582 1634 710 1603 448 0 113 834 233 503 113 129 779 496
620 308 279 119 96 185 913 717 200 789 779 133 216 828 630 395 139 95 723 90 845 794 571 1623 699 1592 437 113 0 823 222 465 76 91 768 485
467 1089 752 899 825 965 403 207 980 222 121 845 996 117 477 487 919 843 752 851 55 150 419 1113 189 1082 424 834 823 0 694 1162 814 839 202 764
491 487 111 298 224 364 784 588 379 660 651 243 394 699 501 266 318 242 543 250 716 665 442 1494 570 1451 308 233 222 694 0 561 213 238 639 305
959 731 618 541 487 607 1252 1056 623 1128 1119 523 638 1167 969 734 561 485 1057 494 1184 1133 910 1962 1038 1931 776 503 465 1162 561 0 466 481 1107 819
611 341 270 152 97 218 904 708 233 780 771 133 248 819 621 386 172 95 714 104 836 785 562 1614 690 1583 428 113 76 814 213 466 0 92 759 477
636 336 295 146 112 212 929 733 227 805 796 149 243 844 646 411 166 111 739 117 861 810 587 1639 715 1608 453 129 91 839 238 481 92 0 784 502
413 1034 697 844 770 910 538 343 925 68 273 790 941 108 422 432 864 788 800 796 207 73 364 1249 325 1218 369 779 768 202 639 1107 759 784 0 709
373 751 250 561 488 628 626 653 643 729 720 507 658 768 385 394 581 505 284 514 786 734 397 1447 640 1193 436 496 485 764 305 819 477 502 709 0
EOF