NAME : tsp_problem
TYPE : TSP
DIMENSION : 24
EDGE_WEIGHT_TYPE : EXPLICIT
EDGE_WEIGHT_FORMAT : FULL_MATRIX
EDGE_WEIGHT_SECTION
0 376 1219 827 513 445 500 662 714 682 512 526 393 697 468 507 331 913 516 437 504 571 509 580
376 0 1406 488 264 197 251 697 749 716 263 331 338 449 285 259 365 574 550 189 255 605 261 331
1188 1407 0 1858 1544 1476 1531 994 1046 1096 1543 1318 1186 1728 1260 1538 1198 1944 891 1469 1535 860 1541 1611
827 488 1856 0 530 481 477 1147 1199 1167 489 592 711 675 736 485 816 389 1001 497 481 1056 523 557
513 264 1543 530 0 155 152 834 885 853 164 559 475 349 422 159 502 798 687 171 156 742 197 231
445 197 1475 481 155 0 103 766 818 785 115 491 407 300 354 110 434 734 619 122 107 675 148 183
500 251 1529 477 152 103 0 820 872 840 111 545 462 274 409 107 489 745 674 119 103 729 145 156
662 697 993 1147 834 766 820 0 149 199 832 980 848 1018 854 828 651 1234 180 758 824 192 830 900
714 749 1044 1199 885 818 872 149 0 93 884 1032 900 1070 906 880 703 1285 232 810 876 244 882 952
682 716 1095 1167 853 785 840 199 93 0 852 1000 867 1037 874 847 671 1253 283 778 844 294 850 920
512 263 1541 489 164 115 111 832 884 852 0 557 474 272 421 119 501 757 686 131 115 741 157 154
526 331 1349 592 559 491 545 980 1032 1000 557 0 171 743 316 553 536 678 834 483 549 885 555 625
393 338 1217 711 475 407 462 848 900 867 474 171 0 659 184 469 404 798 701 399 466 752 471 542
697 449 1727 675 349 300 274 1018 1070 1037 272 743 659 0 606 266 686 943 871 316 280 926 342 231
468 285 1291 736 422 354 409 854 906 874 421 316 184 606 0 416 478 822 707 346 413 763 418 488
507 259 1537 485 159 110 107 828 880 847 119 553 469 266 416 0 496 753 681 126 111 737 152 148
331 365 1230 816 502 434 489 651 703 671 501 536 404 686 478 496 0 902 505 426 492 560 498 568
913 574 1943 389 798 734 745 1234 1285 1253 757 678 798 943 822 753 902 0 1087 726 749 1142 791 825
516 550 889 1001 687 619 674 180 232 283 686 834 701 871 707 681 505 1087 0 611 678 89 683 754
437 189 1467 497 171 122 119 758 810 778 131 483 399 316 346 126 426 726 611 0 123 667 164 199
504 255 1533 481 156 107 103 824 876 844 115 549 466 280 413 111 492 749 678 123 0 733 149 162
571 605 859 1056 742 675 729 192 244 294 741 889 757 926 763 737 560 1142 89 667 733 0 739 809
509 261 1539 523 197 148 145 830 882 850 157 555 471 342 418 152 498 791 683 164 149 739 0 225
580 331 1609 557 231 183 156 900 952 920 154 625 542 231 488 148 568 825 754 199 162 809 225 0
EOF