NAME : tsp_problem
TYPE : TSP
DIMENSION : 26
EDGE_WEIGHT_TYPE : EXPLICIT
EDGE_WEIGHT_FORMAT : FULL_MATRIX
EDGE_WEIGHT_SECTION
0 915 1609 937 557 197 784 1590 733 364 466 884 286 231 920 487 331 550 737 695 1572 643 488 211 918 181
915 0 1007 55 1162 998 570 988 488 744 564 91 941 1033 117 487 711 1154 590 451 970 327 869 1089 119 821
1611 1009 0 1031 1858 1694 948 190 1105 1293 1219 978 1637 1728 1096 1183 1407 1850 913 1131 172 1022 1260 1784 1098 1517
937 55 1029 0 1184 1020 592 1010 510 766 586 97 963 1054 122 509 733 1176 612 473 992 348 891 1111 124 843
557 1162 1856 1184 0 640 1025 1837 980 611 713 1131 313 675 1167 734 488 113 978 942 1819 890 736 731 1165 479
197 998 1692 1020 640 0 867 1673 816 447 549 967 368 215 1003 570 414 632 820 778 1655 726 571 190 1000 264
784 570 979 592 1025 867 0 960 228 460 385 539 810 902 575 387 581 1017 80 255 942 299 427 958 573 690
1591 989 190 1011 1838 1674 929 0 1085 1274 1199 958 1618 1709 1077 1163 1388 1831 894 1111 152 1003 1241 1765 1078 1497
733 488 1136 510 980 816 228 1116 0 562 381 457 759 850 493 305 529 972 236 268 1098 216 583 906 491 639
364 744 1324 766 611 447 460 1305 562 0 295 713 390 481 749 316 160 603 412 524 1287 472 164 537 747 270
466 564 1250 586 713 549 385 1230 381 295 0 533 492 584 569 135 263 705 338 344 1212 292 420 640 566 372
884 91 976 97 1131 967 539 957 457 713 533 0 910 1001 159 456 680 1123 559 420 938 295 838 1057 160 790
286 941 1636 963 313 368 810 1616 759 390 492 910 0 403 946 513 358 305 763 722 1598 669 515 459 944 208
231 1033 1727 1054 675 215 902 1707 850 481 584 1001 403 0 1037 604 449 667 854 813 1689 761 606 196 1035 299
920 117 1095 122 1167 1003 575 1075 493 749 569 159 946 1037 0 492 716 1159 595 456 1057 331 874 1093 145 826
487 487 1181 509 734 570 387 1162 305 316 135 456 513 604 492 0 283 726 406 267 1144 215 441 660 490 393
331 711 1406 733 488 414 581 1386 529 160 263 680 358 449 716 283 0 480 533 492 1368 440 285 505 714 237
550 1154 1849 1176 113 632 1017 1829 972 603 705 1123 305 667 1159 726 480 0 970 935 1811 882 728 723 1157 472
737 590 945 612 978 820 80 925 236 412 338 559 763 854 595 406 533 970 0 263 907 318 379 910 593 643
695 451 1145 473 942 778 255 1125 268 524 344 420 722 813 456 267 492 935 263 0 1107 179 609 869 453 601
1573 971 172 993 1820 1656 911 152 1067 1256 1181 940 1600 1691 1059 1145 1370 1812 876 1093 0 985 1223 1747 1060 1479
643 327 1021 348 890 726 299 1001 216 472 292 295 669 761 331 215 440 882 318 179 983 0 597 817 329 549
488 869 1291 891 736 571 427 1272 583 164 420 838 515 606 874 441 285 728 379 609 1254 597 0 662 871 395
211 1089 1783 1111 731 190 958 1763 906 537 640 1057 459 196 1093 660 505 723 910 869 1745 817 662 0 1091 355
918 119 1096 124 1165 1000 573 1077 491 747 566 160 944 1035 145 490 714 1157 593 453 1059 329 871 1091 0 824
181 821 1515 843 479 264 690 1496 639 270 372 790 208 299 826 393 237 472 643 601 1478 549 395 355 824 0
EOF