NAME : tsp_problem
TYPE : TSP
DIMENSION : 24
EDGE_WEIGHT_TYPE : EXPLICIT
EDGE_WEIGHT_FORMAT : FULL_MATRIX
EDGE_WEIGHT_SECTION
0 452 193 426 604 469 483 648 581 1123 574 629 593 491 322 95 621 479 359 204 576 615 462 794
452 0 532 462 996 889 903 1069 1002 949 995 1049 1013 911 530 516 1042 899 667 624 997 1036 40 1214
193 532 0 272 600 630 644 810 743 1203 648 791 755 653 168 257 783 641 270 365 738 777 542 956
426 392 272 0 602 778 792 957 890 1113 650 938 902 800 136 490 930 788 273 465 885 924 382 1097
604 926 600 602 0 498 512 678 610 1647 202 658 622 520 498 624 651 508 402 515 606 645 916 543
469 889 630 778 498 0 124 290 222 1560 468 270 234 132 674 488 263 120 535 380 218 257 899 486
483 903 644 792 512 124 0 263 213 1574 482 244 208 123 688 502 236 111 549 394 191 230 913 477
648 1069 810 957 678 290 263 0 379 1739 648 189 183 200 853 668 214 256 715 560 198 205 1078 643
581 1002 743 890 610 222 213 379 0 1672 580 360 324 222 786 601 352 210 648 492 307 346 1011 305
1123 949 1203 1133 1667 1560 1574 1739 1672 0 1665 1720 1684 1582 1201 1186 1712 1570 1337 1294 1667 1706 959 1885
574 974 648 650 202 468 482 648 580 1665 0 628 592 490 546 594 621 478 450 486 576 615 964 513
629 1049 791 938 658 270 244 189 360 1720 628 0 183 181 834 649 214 236 696 540 199 205 1059 624
593 1013 755 902 622 234 208 183 324 1684 592 183 0 145 798 613 208 200 660 504 173 199 1023 588
491 911 653 800 520 132 123 200 222 1582 490 181 145 0 696 511 173 117 558 402 128 167 921 486
322 460 168 136 498 674 688 853 786 1181 546 834 798 696 0 386 827 684 169 361 781 820 450 993
95 516 257 490 624 488 502 668 601 1186 594 649 613 511 386 0 641 499 379 223 596 635 525 814
621 1042 783 930 651 263 236 214 352 1712 621 214 208 173 827 641 0 229 688 533 202 230 1052 616
479 899 641 788 508 120 111 256 210 1570 478 236 200 117 684 499 229 0 546 390 184 223 909 474
359 596 270 273 402 535 549 715 648 1317 450 696 660 558 169 379 688 546 0 265 643 682 586 861
204 624 365 465 515 380 394 560 492 1294 486 540 504 402 361 223 533 390 265 0 488 527 634 705
576 997 738 885 606 218 191 198 307 1667 576 199 173 128 781 596 202 184 643 488 0 196 1006 571
615 1036 777 924 645 257 230 205 346 1706 615 205 199 167 820 635 230 223 682 527 196 0 1045 610
462 40 542 472 1006 899 913 1078 1011 959 1004 1059 1023 921 540 525 1052 909 677 634 1006 1045 0 1224
794 1214 956 1097 543 486 477 643 305 1885 513 624 588 486 993 814 616 474 861 705 571 610 1224 0
EOF