NAME : tsp_problem
TYPE : TSP
DIMENSION : 46
EDGE_WEIGHT_TYPE : EXPLICIT
EDGE_WEIGHT_FORMAT : FULL_MATRIX
EDGE_WEIGHT_SECTION
0 483 1904 834 999 1155 1281 808 1161 913 841 607 1306 852 1310 772 1234 945 1419 1068 972 875 1429 1468 834 1405 804 1192 642 1564 829 912 734 1356 996 954 1039 960 1004 1835 1217 1709 1046 2040 1572 672
498 0 1729 477 824 1550 1106 633 986 738 484 432 1131 677 1135 597 1059 588 1244 893 616 519 1255 1293 659 1230 448 1018 467 1389 472 737 559 1181 821 779 682 603 829 1885 1042 1534 871 1865 1397 316
1920 1731 0 1398 1021 899 690 1143 959 1130 1405 1348 845 1136 1000 1185 730 1509 714 892 1537 1407 703 576 1115 729 1368 841 1319 531 1393 1053 1229 895 957 989 1603 1524 950 229 730 380 896 346 428 1507
848 477 1396 0 491 1900 779 301 659 405 100 380 798 344 803 264 726 153 912 560 180 135 922 960 326 897 64 685 289 1056 88 404 227 848 494 446 247 168 496 1552 710 1201 539 1532 1064 202
1013 824 1020 491 0 1846 488 423 499 528 499 503 422 229 426 387 350 602 535 184 630 500 545 584 449 521 461 308 412 679 486 147 349 471 481 83 697 618 336 1176 333 824 379 1156 688 601
1177 1586 899 1936 1848 0 1516 1911 1786 1957 1943 1709 1671 1954 1826 1874 1557 2047 1540 1719 2075 1978 1529 1402 1936 1555 1907 1667 1745 1358 1931 1879 1837 1721 1783 1816 2141 2062 1777 728 1556 1206 1723 1173 1255 1774
1295 1106 721 779 488 1548 0 517 312 505 786 722 501 517 656 559 387 890 370 431 918 788 359 285 489 385 749 215 700 381 774 520 603 551 331 456 984 905 325 877 386 526 271 857 389 888
822 633 1174 301 423 1875 517 0 397 162 308 312 730 276 735 81 658 412 823 492 439 310 812 738 82 829 270 462 221 833 295 336 125 780 233 378 506 427 373 1330 642 978 319 1310 842 410
1175 986 991 659 499 1817 312 397 0 385 666 602 748 397 752 439 656 770 639 510 798 668 629 554 369 654 629 294 580 650 654 411 483 797 211 454 864 785 205 1146 655 795 151 1126 658 768
927 738 1161 405 528 1980 505 162 385 0 413 417 835 381 839 186 763 517 810 597 544 414 800 725 187 825 375 449 326 821 400 441 230 885 220 483 611 532 360 1317 746 966 306 1297 829 515
855 484 1403 100 499 1907 786 308 666 413 0 387 805 351 810 272 733 169 919 567 196 142 929 967 333 904 71 692 296 1063 95 411 234 855 502 453 263 184 503 1559 717 1208 546 1539 1071 210
621 432 1379 380 503 1674 722 312 602 417 387 0 810 355 814 276 737 491 923 572 519 389 933 942 337 909 350 666 146 1038 375 415 238 859 437 458 586 507 507 1534 721 1183 524 1514 1046 489
1320 1131 843 798 422 1670 521 730 748 835 805 810 0 536 226 694 173 909 359 293 937 807 369 407 755 344 768 489 719 503 793 453 656 136 730 390 1003 924 643 999 157 648 669 979 511 907
866 677 1134 344 229 1918 517 276 397 381 351 355 536 0 540 240 464 455 649 298 482 353 659 698 301 635 314 422 264 793 339 141 202 585 379 184 549 470 234 1290 447 938 276 1270 802 453
1324 1135 998 803 426 1824 674 735 752 839 810 814 226 540 0 698 328 914 513 297 941 812 523 562 760 499 772 494 723 658 798 458 661 162 734 394 1008 929 647 1154 311 803 674 1134 666 912
786 597 1216 264 387 1839 559 81 439 186 272 276 694 240 698 0 622 376 808 456 403 273 818 780 106 793 234 504 185 876 259 300 122 744 275 342 470 391 392 1372 605 1021 361 1352 884 374
1248 1059 729 726 350 1555 407 658 675 763 733 737 173 464 328 622 0 837 244 220 865 735 254 292 683 229 696 417 647 388 721 381 584 223 658 318 931 852 570 884 80 533 597 864 396 835
959 588 1507 153 602 2011 890 412 770 517 169 491 909 455 914 376 837 0 1023 671 197 246 1033 1071 437 1008 175 796 400 1167 171 515 338 959 605 557 204 185 607 1663 821 1312 650 1643 1175 314
1433 1244 802 912 535 1629 480 844 749 920 919 923 359 649 513 808 244 1023 0 406 1050 921 40 366 869 53 882 603 832 462 907 567 770 408 747 503 1117 1038 740 958 244 607 686 938 470 1021
1082 893 891 560 184 1717 431 492 510 597 567 572 293 298 297 456 220 671 406 0 699 569 416 454 517 392 530 251 481 550 555 215 418 342 492 152 766 687 405 1046 204 695 431 1026 558 670
986 616 1535 180 630 2039 918 439 798 544 196 519 937 482 941 403 865 197 1050 699 0 273 1060 1099 464 1036 202 823 428 1194 198 542 365 986 633 585 221 213 635 1691 848 1339 677 1671 1203 341
889 519 1405 135 500 1942 788 310 668 414 142 389 807 353 812 273 735 246 921 569 273 0 931 969 335 906 105 694 298 1065 130 413 236 857 503 455 340 261 505 1561 719 1210 548 1541 1073 244
1444 1255 812 922 545 1639 490 854 760 930 929 933 369 659 523 818 254 1033 40 416 1060 931 0 376 879 55 892 613 842 472 917 577 780 419 757 513 1127 1048 750 968 254 617 696 948 480 1031
1397 1208 682 881 590 1508 167 619 436 607 888 824 462 619 617 661 347 992 330 509 1020 890 320 0 592 346 851 317 802 341 876 622 705 512 433 558 1086 1008 427 838 347 486 373 817 350 990
848 659 1146 326 449 1900 489 82 369 187 333 337 755 301 760 106 683 437 795 517 464 335 784 710 0 810 296 434 247 806 321 361 150 805 205 403 531 452 345 1302 667 951 291 1282 814 435
1419 1230 788 897 521 1614 465 829 735 906 904 909 344 635 499 793 229 1008 53 392 1036 906 55 351 854 0 867 588 818 447 892 552 755 394 732 489 1102 1023 726 943 229 592 672 923 455 1006
818 448 1366 64 461 1871 749 270 629 375 71 350 768 314 772 234 696 175 882 530 202 105 892 930 296 867 0 655 259 1026 59 374 196 818 464 416 269 190 466 1522 679 1171 508 1502 1034 173
1207 1018 872 685 308 1698 215 462 294 449 692 666 489 422 494 504 417 796 521 251 823 694 510 436 434 536 655 0 605 531 680 340 543 539 276 276 890 811 269 1028 401 677 215 1008 540 794
656 467 1317 289 412 1709 700 221 580 326 296 146 719 264 723 185 647 400 832 481 428 298 842 881 247 818 259 605 0 977 284 325 147 769 415 367 495 416 417 1473 630 1122 459 1453 985 399
1579 1390 531 1057 681 1358 350 802 619 790 1064 1007 504 795 659 844 390 1168 373 552 1196 1066 363 235 774 388 1027 500 978 0 1052 712 888 554 616 649 1263 1184 610 687 389 336 556 667 199 1167
843 472 1391 88 486 1895 774 295 654 400 95 375 793 339 798 259 721 171 907 555 198 130 917 955 321 892 59 680 284 1051 0 399 221 843 489 441 265 186 491 1547 705 1196 533 1527 1059 197
926 737 1052 404 147 1878 520 336 411 441 411 415 453 141 458 300 381 515 567 215 542 413 577 615 361 552 374 340 325 711 399 0 262 503 394 115 609 530 248 1207 365 856 291 1187 719 513
748 559 1254 227 349 1801 603 125 483 230 234 238 656 202 661 122 584 338 770 418 365 236 780 818 150 755 196 543 147 914 221 262 0 706 319 304 432 353 354 1410 567 1059 396 1390 922 336
1370 1181 893 848 471 1719 571 780 797 885 855 859 136 585 162 744 223 959 408 342 986 857 419 457 805 394 818 539 769 553 843 503 706 0 779 439 1053 974 692 1049 206 698 719 1029 561 957
1010 821 988 494 481 1814 331 233 211 220 502 437 730 379 734 275 653 605 637 492 633 503 626 552 205 652 464 276 415 648 489 394 319 779 0 436 700 621 187 1144 641 793 133 1124 656 604
968 779 988 446 83 1814 456 378 454 483 453 458 390 184 394 342 318 557 503 152 585 455 513 552 403 489 416 276 367 647 441 115 304 439 436 0 652 573 291 1144 301 792 334 1124 656 556
1053 682 1602 247 697 2105 984 506 864 611 263 586 1003 549 1008 470 931 204 1117 766 221 340 1127 1165 531 1102 269 890 495 1261 265 609 432 1053 700 652 0 232 701 1757 915 1406 744 1737 1269 408
974 603 1523 168 618 2026 905 427 785 532 184 507 924 470 929 391 852 185 1038 687 213 261 1048 1086 452 1023 190 811 416 1182 186 530 353 974 621 573 232 0 622 1678 836 1327 665 1658 1190 329
1018 829 982 496 336 1808 325 373 205 360 503 507 643 234 647 392 570 607 630 405 635 505 620 545 345 645 466 269 417 641 491 248 354 692 187 291 701 622 0 1137 554 786 126 1117 649 605
1857 1886 229 1554 1177 728 846 1298 1115 1286 1561 1503 1001 1291 1155 1341 886 1665 869 1048 1692 1563 859 732 1271 884 1523 996 1474 687 1548 1209 1384 1050 1112 1145 1759 1680 1106 0 885 536 1052 502 584 1663
1231 1042 728 710 333 1554 406 642 659 746 717 721 157 447 311 605 80 821 244 204 848 719 254 292 667 229 679 401 630 388 705 365 567 206 641 301 915 836 554 884 0 533 581 864 396 819
1724 1535 380 1202 826 1206 495 947 764 935 1209 1152 649 940 804 989 535 1313 518 697 1341 1211 508 380 920 533 1172 645 1123 336 1197 857 1033 699 761 794 1408 1329 755 536 534 0 701 516 233 1312
1060 871 928 539 379 1754 271 319 151 306 546 524 669 276 674 361 593 650 576 431 677 548 566 491 291 591 508 215 459 587 533 291 396 719 133 334 744 665 126 1083 581 732 0 1063 595 648
2055 1866 346 1533 1157 1173 826 1278 1095 1266 1541 1483 980 1271 1135 1320 866 1644 849 1028 1672 1542 839 712 1251 864 1503 976 1454 667 1528 1189 1364 1030 1092 1125 1739 1660 1086 502 865 516 1032 0 564 1643
1587 1398 428 1066 689 1255 358 810 627 798 1073 1015 513 803 667 853 398 1177 381 560 1204 1075 371 244 783 396 1035 508 986 199 1060 721 896 562 625 657 1271 1192 618 584 397 233 564 564 0 1175
686 316 1506 202 601 1739 888 410 768 515 210 489 907 453 912 374 835 314 1021 670 341 244 1031 1069 435 1006 173 794 399 1165 197 513 336 957 604 556 408 329 605 1661 819 1310 648 1641 1173 0
EOF