NAME : tsp_problem
TYPE : TSP
DIMENSION : 76
EDGE_WEIGHT_TYPE : EXPLICIT
EDGE_WEIGHT_FORMAT : FULL_MATRIX
EDGE_WEIGHT_SECTION
0 758 1278 1394 974 1547 1695 1517 1695 1605 1317 835 1509 1251 1368 1702 1177 1441 1550 1361 1310 1238 1734 1946 996 1228 1804 1128 862 941 1839 1214 1568 1698 1479 1643 1705 1571 1946 1214 870 626 1218 1226 1386 1623 1123 1389 1356 1602 1423 994 1275 1393 1821 1238 1857 1061 1222 1310 1140 1719 1953 1055 1247 1372 1020 1421 1679 1859 1226 1936 1682 1512 1031 1729
722 0 554 709 295 819 967 790 967 877 632 107 781 540 683 974 450 714 822 676 582 553 1006 1783 269 527 1076 400 184 213 1676 529 840 970 794 915 977 844 1233 520 191 159 533 541 702 896 396 662 629 875 738 315 547 666 1658 553 1129 383 537 625 412 991 1225 327 519 687 341 693 951 1695 541 1208 955 784 304 1001
1242 554 0 319 335 666 814 637 814 724 243 491 629 177 294 821 297 561 675 287 429 163 853 1630 396 153 923 247 522 424 1523 139 693 817 405 768 825 691 1080 140 530 679 143 152 312 749 243 509 476 728 349 334 394 513 1505 163 976 258 148 235 259 844 1072 264 366 298 334 546 798 1543 152 1055 802 631 306 848
1358 709 319 0 450 821 969 791 969 879 213 645 783 293 224 976 452 715 830 215 584 188 1008 1785 551 269 1078 402 637 578 1678 223 848 972 185 923 979 845 1235 256 645 794 230 222 189 903 397 663 630 882 210 450 549 667 1660 266 1131 373 237 206 414 999 1227 419 521 219 450 701 953 1697 244 1210 956 786 460 1003
938 295 335 450 0 836 984 807 985 895 374 372 799 308 425 991 467 731 845 418 599 294 1023 1801 533 285 1094 417 217 478 1693 271 863 987 536 938 995 861 1250 271 225 374 274 283 443 919 413 679 646 898 480 97 564 683 1675 295 1146 118 279 367 430 1014 1242 435 536 429 97 716 968 1713 283 1225 972 801 476 1018
1511 819 666 821 836 0 454 277 454 364 744 756 268 652 795 461 562 201 427 788 411 665 493 1223 661 639 563 512 972 689 1116 641 247 457 906 518 464 331 673 632 980 947 645 653 813 501 508 274 428 281 850 836 518 495 1098 665 569 759 649 737 524 398 665 529 553 799 836 362 438 1136 653 648 442 271 571 488
1659 967 814 969 984 454 0 424 297 345 892 904 416 800 943 96 710 283 747 936 559 813 128 1251 809 787 544 660 1120 837 1144 789 567 264 1054 837 300 206 701 780 1128 1095 793 801 961 820 656 422 606 601 998 983 807 643 1126 813 597 907 797 885 672 717 693 677 779 947 983 682 73 1164 801 676 77 252 718 222
1481 790 637 791 807 277 424 0 425 335 715 726 239 622 766 432 532 171 463 759 382 635 464 1241 632 610 534 482 943 659 1133 611 283 428 877 554 435 301 691 602 951 918 615 623 784 537 478 245 428 317 821 806 553 466 1115 635 587 730 619 707 495 434 683 500 589 770 806 398 409 1153 624 666 412 242 541 459
1659 967 814 969 985 454 297 425 0 155 893 904 417 800 943 304 710 284 748 937 559 813 192 1061 810 787 354 660 1120 837 954 789 567 167 1055 690 203 312 511 780 1128 1096 793 801 962 718 656 423 606 561 999 984 807 643 936 813 407 907 797 885 673 570 503 678 779 948 984 682 281 973 801 486 242 229 719 125
1569 877 724 879 895 364 345 335 155 0 803 814 327 710 853 353 620 194 657 847 469 723 276 950 720 697 243 570 1030 747 843 699 477 158 965 579 165 222 400 690 1038 1006 703 711 872 607 566 333 516 450 909 894 717 553 825 723 296 817 707 795 582 459 392 588 689 858 894 592 330 863 711 375 326 139 629 189
1281 632 243 213 374 744 892 715 893 803 0 569 707 216 187 899 375 639 753 181 507 111 931 1708 475 193 1002 325 561 502 1601 146 771 895 200 846 903 769 1158 179 569 718 154 146 204 827 321 587 554 806 225 373 472 591 1583 189 1054 297 161 129 338 922 1150 343 444 192 373 624 876 1621 168 1133 880 709 384 926
799 107 491 645 372 756 904 726 904 814 569 0 718 477 620 911 387 650 759 613 519 489 943 1720 205 464 1013 337 260 194 1613 465 777 907 731 852 914 780 1170 457 268 235 469 478 638 832 332 598 565 811 675 392 484 602 1595 490 1066 459 474 562 349 928 1162 264 456 624 418 630 888 1632 478 1145 891 721 240 938
1473 781 629 783 799 268 416 239 417 327 707 718 0 614 757 424 524 163 454 751 374 627 456 1233 624 601 526 474 935 651 1125 603 273 420 869 544 427 293 683 594 942 910 607 615 776 527 470 237 420 308 813 798 544 457 1107 627 579 722 611 699 487 424 674 492 580 762 798 389 401 1145 615 658 404 233 533 451
1216 540 177 293 308 652 800 622 800 710 216 477 614 0 267 807 283 547 661 261 415 137 839 1616 382 127 909 233 495 410 1509 113 679 803 378 754 810 676 1066 113 503 652 117 125 286 734 229 495 461 713 322 308 380 499 1491 137 962 231 121 209 245 830 1058 250 352 271 308 532 784 1528 125 1041 788 617 291 834
1332 683 294 224 425 795 943 766 943 853 187 620 757 267 0 950 426 690 804 232 558 162 982 1759 525 243 1052 376 612 553 1652 197 822 946 210 897 953 820 1209 230 620 769 205 197 214 877 372 638 605 857 235 424 523 642 1634 240 1105 348 212 180 388 973 1201 393 495 242 424 675 927 1672 219 1184 931 760 435 977
1666 974 821 976 991 461 96 432 304 353 899 911 424 807 950 0 717 291 754 944 566 820 135 1259 816 794 552 667 1127 844 1151 796 574 271 1062 845 308 213 709 787 1135 1103 800 808 969 828 663 430 613 608 1006 991 814 650 1133 820 605 914 804 892 679 725 700 685 786 955 991 689 80 1171 808 684 84 259 726 229
1142 450 297 452 467 562 710 532 710 620 375 387 524 283 426 717 0 457 418 419 325 296 749 1412 292 270 819 114 603 320 1305 272 435 713 537 510 720 586 862 263 611 578 276 284 444 491 127 404 371 470 481 466 137 409 1287 296 758 390 280 368 101 586 854 160 108 430 466 288 694 1324 284 837 698 527 201 744
1406 714 561 715 731 201 283 171 284 194 639 650 163 547 690 291 457 0 494 683 306 559 323 1100 556 534 393 407 867 584 992 536 313 287 801 584 294 160 550 527 875 842 539 548 708 567 402 169 353 348 745 730 554 390 974 560 446 654 544 632 419 464 542 424 526 694 730 429 268 1012 548 525 271 100 465 318
1514 822 675 830 845 427 747 463 748 657 753 759 454 661 804 754 418 494 0 798 302 674 786 1208 602 648 644 470 975 692 1101 650 247 750 916 186 758 624 658 641 983 951 654 662 823 166 483 500 230 281 860 845 319 312 1083 674 554 768 658 746 457 266 650 539 355 809 845 164 731 1121 662 633 735 564 580 781
1326 676 287 215 418 788 936 759 937 847 181 613 751 261 232 944 419 683 798 0 551 156 976 1753 519 237 1046 369 605 546 1645 190 816 940 201 890 947 813 1203 223 613 762 198 190 205 871 365 631 598 850 226 418 517 635 1627 234 1099 341 205 173 382 966 1194 387 488 234 418 668 921 1665 212 1178 924 753 428 971
1274 582 429 584 599 411 559 382 559 469 507 519 374 415 558 566 325 306 302 551 0 428 598 1296 424 402 668 275 735 452 1189 404 320 562 669 395 570 436 746 395 743 710 408 416 576 375 271 254 221 354 613 598 392 258 1171 428 642 522 412 500 287 471 738 292 394 562 598 237 543 1209 416 721 547 376 333 593
1202 553 163 188 294 665 813 635 813 723 111 489 627 137 162 820 296 559 674 156 428 0 852 1629 395 113 922 246 481 422 1522 83 692 816 274 767 823 689 1079 100 489 638 91 83 181 747 241 507 474 726 217 294 393 511 1504 123 975 217 98 104 258 843 1071 263 365 166 294 545 797 1541 105 1054 800 630 304 847
1698 1006 853 1008 1023 493 128 464 192 276 931 943 456 839 982 135 749 323 786 976 598 852 0 1182 848 826 475 699 1159 876 1075 828 606 159 1093 811 195 245 632 819 1167 1135 832 840 1001 839 695 462 645 640 1037 1023 846 682 1057 852 528 946 836 924 711 691 624 716 818 986 1023 721 112 1095 840 607 116 291 758 117
1946 1785 1632 1786 1802 1192 1253 1228 1063 952 1710 1721 1219 1618 1761 1260 1381 1101 1177 1754 1265 1630 1184 0 1565 1605 936 1433 1938 1654 200 1606 977 1065 1872 1076 1073 1130 646 1598 1946 1913 1610 1619 1779 1105 1446 1240 1193 947 1816 1801 1283 1275 260 1631 794 1725 1615 1703 1420 956 749 1495 1318 1765 1801 1127 1237 177 1619 732 1234 1046 1536 1096
960 269 396 551 533 661 809 632 810 720 475 205 624 382 525 816 292 556 602 519 424 395 848 1596 0 369 919 242 422 138 1489 371 620 812 637 694 820 686 1046 362 430 397 375 383 544 675 238 504 471 654 581 553 389 508 1471 395 942 489 379 467 255 771 1038 169 361 530 566 473 793 1509 383 1021 797 626 146 843
1192 527 153 269 285 639 787 610 787 697 193 464 601 127 243 794 270 534 648 237 402 113 826 1603 369 0 896 220 472 397 1496 89 666 790 355 741 797 664 1053 90 479 629 93 101 262 721 216 482 449 701 299 284 367 486 1478 113 949 208 97 185 232 817 1045 237 339 248 284 519 771 1515 101 1028 775 604 279 821
1768 1076 923 1078 1094 563 544 534 354 243 1002 1013 526 909 1052 552 819 393 745 1046 668 922 475 1015 919 896 0 769 1229 946 908 898 545 357 1164 644 364 421 465 889 1237 1205 902 910 1071 672 765 532 715 515 1108 1093 850 752 890 922 361 1016 906 994 781 524 457 787 886 1057 1093 695 529 928 910 440 525 338 828 388
1092 400 247 402 417 512 660 482 660 570 325 337 474 233 376 667 114 407 470 369 275 246 699 1465 242 220 769 0 553 270 1357 222 488 663 487 563 670 536 915 213 561 528 226 234 394 543 89 355 322 522 431 417 189 359 1339 246 810 340 230 318 105 639 906 110 161 380 417 341 644 1377 234 889 648 477 151 694
826 184 522 637 217 972 1120 943 1120 1030 561 260 935 495 612 1127 603 867 975 605 735 481 1159 1936 422 472 1229 553 0 366 1829 457 993 1123 723 1068 1131 997 1386 458 113 263 461 470 630 1049 549 815 782 1028 667 237 700 819 1811 482 1282 305 466 554 565 1144 1378 480 672 616 263 846 1104 1849 470 1361 1108 937 457 1154
905 213 424 578 478 689 837 659 837 747 502 194 651 410 553 844 320 584 692 546 452 422 876 1653 138 397 946 270 366 0 1546 399 710 840 664 785 847 713 1103 390 374 342 402 411 571 765 265 531 498 744 608 498 417 535 1528 423 999 517 407 495 282 861 1095 197 389 557 524 563 821 1565 411 1078 825 654 173 871
1839 1677 1525 1679 1695 1085 1146 1121 955 845 1603 1614 1111 1510 1653 1153 1274 994 1070 1647 1158 1523 1077 200 1458 1497 829 1326 1830 1547 0 1499 870 958 1765 969 965 1022 539 1490 1838 1806 1503 1511 1672 997 1339 1133 1086 840 1709 1694 1175 1168 152 1523 686 1618 1507 1595 1313 849 642 1388 1211 1658 1694 1020 1130 169 1511 625 1127 939 1429 989
1178 529 139 223 271 641 789 611 789 699 146 465 603 113 197 796 272 536 650 190 404 83 828 1605 371 89 898 222 457 399 1498 0 668 792 308 743 799 665 1055 76 465 615 79 87 216 723 217 483 450 702 252 270 369 487 1480 99 951 193 83 139 234 819 1047 239 341 201 270 521 773 1517 87 1030 777 606 280 823
1532 840 693 848 863 247 567 283 567 460 771 777 273 679 822 574 435 313 247 816 320 692 606 1009 620 666 445 488 993 710 901 668 0 570 934 303 577 443 459 659 1001 969 672 680 841 320 501 387 248 101 877 863 337 330 883 692 355 786 676 764 475 183 450 556 373 827 863 182 551 921 680 434 554 384 598 601
1662 970 817 972 987 457 264 428 167 158 895 907 420 803 946 271 713 287 750 940 562 816 159 1064 812 790 357 663 1123 840 956 792 570 0 1057 693 170 315 514 783 1131 1099 796 804 965 721 659 426 609 563 1001 987 810 646 938 816 410 910 800 888 675 573 506 680 782 950 987 685 248 976 804 489 209 232 722 91
1444 794 405 185 536 906 1054 877 1055 965 200 731 869 378 210 1062 537 801 916 201 669 274 1093 1871 637 355 1164 487 723 664 1763 308 934 1057 0 1008 1065 931 1321 341 731 880 316 308 175 989 483 749 716 968 196 536 635 753 1745 352 1217 459 323 207 500 1084 1312 505 606 205 536 786 1039 1783 330 1296 1042 871 546 1089
1607 915 768 923 938 518 837 554 670 559 846 852 544 754 897 845 510 584 186 890 395 767 791 1108 694 741 544 563 1068 785 1000 743 303 673 1008 0 680 714 558 734 1076 1043 747 755 915 179 576 593 322 273 952 937 412 405 982 767 454 861 751 839 550 165 549 631 448 901 937 257 822 1020 755 533 825 654 672 704
1669 977 825 979 995 464 300 435 203 165 903 914 427 810 953 308 720 294 758 947 570 823 195 1071 820 797 364 670 1131 847 964 799 577 170 1065 700 0 322 521 790 1138 1106 803 811 972 728 666 433 616 571 1009 994 818 653 946 823 417 918 807 895 683 580 513 688 789 958 994 693 285 983 811 496 245 239 729 128
1535 844 691 845 861 331 206 301 312 222 769 780 293 676 820 213 586 160 624 813 436 689 245 1128 686 664 421 536 997 713 1021 665 443 315 931 714 322 0 578 656 1005 972 669 678 838 697 532 299 482 478 875 860 684 520 1003 689 474 784 673 761 549 594 570 554 655 824 860 559 190 1040 678 553 194 129 595 339
1927 1235 1082 1236 1252 642 703 678 513 402 1160 1171 669 1068 1211 710 831 551 627 1204 715 1080 634 646 1015 1055 386 883 1388 1104 539 1056 427 515 1322 526 523 580 0 1048 1396 1363 1060 1069 1229 555 896 690 643 397 1266 1251 733 725 521 1081 244 1175 1065 1153 870 406 199 945 768 1215 1251 577 687 558 1069 182 684 496 986 546
1178 520 140 256 271 632 780 602 780 690 179 457 594 113 230 787 263 527 641 223 395 100 819 1596 362 90 889 213 458 390 1489 76 659 783 341 734 790 656 1046 0 466 615 80 88 248 714 209 475 442 693 285 270 360 479 1471 100 942 194 84 172 225 810 1038 230 332 234 270 512 764 1508 88 1021 768 597 271 814
834 191 530 645 225 980 1128 951 1128 1038 569 268 942 503 620 1135 611 875 983 613 743 489 1167 1944 430 479 1237 561 113 374 1837 465 1001 1131 731 1076 1138 1005 1394 466 0 271 469 477 638 1057 557 823 790 1036 675 245 708 827 1819 489 1290 313 473 561 573 1152 1386 488 680 624 271 854 1112 1856 477 1369 1116 945 465 1162
590 159 679 794 374 947 1095 918 1096 1006 718 235 910 652 769 1103 578 842 951 762 710 638 1135 1912 397 629 1205 528 263 342 1804 615 969 1099 880 1043 1106 972 1362 615 271 0 618 627 787 1024 524 790 757 1003 824 395 676 794 1786 639 1258 462 623 711 541 1119 1353 455 647 773 420 822 1080 1824 627 1337 1083 912 432 1130
1182 533 143 230 274 645 793 615 793 703 154 469 607 117 205 800 276 539 654 198 408 91 832 1609 375 93 902 226 461 402 1502 79 672 796 316 747 803 669 1059 80 469 618 0 91 223 727 221 487 454 706 260 274 373 491 1484 103 955 197 87 147 238 823 1051 243 345 209 274 525 777 1521 91 1034 780 610 284 827
1190 541 152 222 283 653 801 623 801 711 146 478 615 125 197 808 284 548 662 190 416 83 840 1617 383 101 910 234 470 411 1510 87 680 804 308 755 811 678 1067 88 477 627 91 0 215 735 230 496 463 714 252 282 381 500 1492 111 963 206 95 138 246 831 1059 251 353 201 282 533 785 1529 99 1042 789 618 293 835
1351 702 312 189 443 813 961 784 962 872 204 638 776 286 214 969 444 708 823 205 576 181 1001 1778 544 262 1071 394 630 571 1670 216 841 965 175 915 972 838 1228 248 638 787 223 215 0 896 390 656 623 875 200 443 542 660 1652 259 1124 366 230 198 407 991 1220 412 513 209 443 694 946 1690 237 1203 949 778 453 996
1587 896 749 903 919 501 820 537 698 587 827 832 527 734 877 828 491 567 166 871 375 747 819 1136 675 721 572 543 1049 765 1029 723 320 701 989 179 708 697 586 714 1057 1024 727 735 896 0 556 573 303 301 933 918 393 385 1011 747 482 842 731 819 530 193 578 612 428 882 918 237 805 1048 735 561 808 637 653 732
1088 396 243 397 413 508 656 478 656 566 321 332 470 229 372 663 127 402 483 365 271 241 695 1472 238 216 765 89 549 265 1365 217 501 659 483 576 666 532 922 209 557 524 221 230 390 556 0 350 317 535 427 412 202 354 1347 242 818 336 226 314 101 652 914 106 174 376 412 354 640 1384 230 897 643 473 147 690
1353 662 509 663 679 274 422 245 423 333 587 598 237 495 638 430 404 169 500 631 254 507 462 1239 504 482 532 355 815 531 1131 483 387 426 749 593 433 299 689 475 823 790 487 496 656 573 350 0 301 422 693 678 502 338 1113 508 585 602 492 580 367 538 680 372 474 642 678 435 407 1151 496 664 410 239 413 457
1320 629 476 630 646 428 606 428 606 516 554 565 420 461 605 613 371 353 230 598 221 474 645 1224 471 449 660 322 782 498 1117 450 248 609 716 322 616 482 674 442 790 757 454 463 623 303 317 301 0 282 660 645 320 305 1099 475 570 569 459 546 334 398 666 339 356 609 645 165 590 1136 463 649 594 423 380 640
1567 875 728 882 898 281 601 317 541 430 806 811 308 713 857 608 470 348 281 850 354 726 640 978 654 701 414 522 1028 744 871 702 101 543 968 273 551 478 428 693 1036 1003 706 714 875 301 535 422 282 0 912 897 372 364 853 726 324 821 710 798 509 153 420 591 407 861 897 216 585 891 715 403 589 418 632 574
1387 738 349 210 480 850 998 821 999 909 225 675 813 322 235 1006 481 745 860 226 613 217 1037 1815 581 299 1108 431 667 608 1707 252 877 1001 196 952 1009 875 1265 285 675 824 260 252 200 933 427 693 660 912 0 479 579 697 1689 295 1161 403 267 232 444 1028 1256 449 550 230 479 730 983 1727 274 1240 986 815 490 1033
958 315 334 450 97 836 983 806 984 894 373 392 798 308 424 991 466 730 845 418 598 294 1023 1800 553 284 1093 417 237 498 1692 270 863 987 536 937 994 860 1250 270 245 395 274 282 443 918 412 678 645 897 479 0 564 682 1674 294 1146 117 278 366 429 1013 1242 434 536 429 96 716 968 1712 282 1225 971 801 475 1018
1239 547 394 549 564 518 807 553 807 717 472 484 544 380 523 814 137 554 319 517 392 393 846 1314 389 367 750 189 700 417 1206 369 337 810 635 412 818 684 764 360 708 676 373 381 542 393 202 502 320 372 579 564 0 402 1188 393 660 487 377 465 176 488 756 257 164 528 564 190 791 1226 381 739 795 624 299 841
1358 666 513 667 683 495 643 466 643 553 591 602 457 499 642 650 409 390 312 635 258 511 682 1307 508 486 743 359 819 535 1199 487 330 646 753 405 653 520 757 479 827 794 491 500 660 385 354 338 305 364 697 682 402 0 1181 512 653 606 496 584 371 481 748 376 438 646 682 247 627 1219 500 732 631 460 417 677
1821 1659 1507 1661 1677 1067 1128 1103 937 827 1585 1596 1093 1492 1635 1135 1256 976 1052 1629 1140 1505 1059 260 1440 1479 811 1308 1812 1529 152 1481 852 940 1747 951 947 1004 521 1472 1820 1788 1485 1493 1654 979 1321 1115 1068 822 1691 1676 1157 1150 0 1505 668 1600 1489 1577 1295 831 624 1370 1193 1640 1676 1002 1112 172 1493 607 1109 921 1411 971
1202 553 163 266 295 665 813 635 813 723 189 490 627 137 240 820 296 560 674 234 428 123 852 1629 395 113 922 246 482 423 1522 99 692 816 352 767 823 689 1079 100 489 639 103 111 259 747 242 508 475 726 295 294 393 512 1504 0 975 218 107 182 258 843 1071 263 365 244 294 545 797 1541 111 1054 801 630 304 847
1736 1044 897 1052 1068 451 652 487 462 351 976 981 477 883 1026 659 640 501 436 1020 524 896 583 900 824 870 336 692 1198 914 792 872 236 465 1138 335 472 529 350 863 1205 1173 876 884 1045 363 705 591 452 206 1082 1067 541 534 774 896 0 990 880 968 679 215 341 761 577 1031 1067 386 636 812 884 325 633 446 802 496
1025 383 258 373 118 759 907 730 907 817 297 459 722 231 348 914 390 654 768 341 522 217 946 1723 489 208 1016 340 305 517 1616 193 786 910 459 861 918 784 1173 194 313 462 197 206 366 842 336 602 569 821 403 117 487 606 1598 218 1069 0 202 290 352 937 1165 358 459 352 117 639 891 1636 206 1148 895 724 399 941
1186 537 148 237 279 649 797 619 797 707 161 474 611 121 212 804 280 544 658 205 412 98 836 1613 379 97 906 230 466 407 1506 83 676 800 323 751 807 673 1063 84 473 623 87 95 230 731 226 492 459 710 267 278 377 496 1488 107 959 202 0 153 242 827 1055 247 349 216 278 529 781 1525 95 1038 785 614 288 831
1274 625 235 206 367 737 885 707 885 795 129 562 699 209 180 892 368 632 746 173 500 104 924 1701 467 185 994 318 554 495 1594 139 764 888 207 839 895 761 1151 172 561 711 147 138 198 819 314 580 546 798 232 366 465 584 1576 182 1047 290 153 0 330 915 1143 335 437 184 366 617 869 1613 160 1126 873 702 376 919
1104 412 259 414 430 524 672 495 673 582 338 349 487 245 388 679 101 419 457 382 287 258 711 1452 255 232 781 105 565 282 1344 234 475 675 500 550 683 549 902 225 573 541 238 246 407 530 101 367 334 509 444 429 176 371 1326 258 798 352 242 330 0 626 893 123 148 393 429 328 656 1364 246 877 660 489 164 706
1683 991 844 999 1014 398 717 434 550 439 922 928 424 830 973 725 586 464 266 966 471 843 671 988 771 817 424 639 1144 861 880 819 183 553 1084 165 560 594 438 810 1152 1119 823 831 991 193 652 538 398 153 1028 1013 488 481 862 843 334 937 827 915 626 0 429 707 524 977 1013 333 702 900 831 413 705 534 748 584
1918 1226 1074 1228 1244 634 695 670 504 394 1152 1163 660 1059 1203 702 823 543 619 1196 707 1072 626 749 1007 1046 378 875 1380 1096 642 1048 419 507 1314 518 514 571 199 1039 1387 1355 1052 1060 1221 546 888 682 635 389 1258 1243 724 717 624 1072 235 1167 1056 1144 862 398 0 937 760 1207 1243 569 679 661 1060 75 676 488 978 538
1019 327 264 419 435 529 677 500 678 588 343 264 492 250 393 685 160 424 539 387 292 263 716 1494 169 237 787 110 480 197 1386 239 556 680 505 631 688 554 944 230 488 455 243 251 412 612 106 372 339 591 449 434 257 376 1368 263 840 358 247 335 123 707 935 0 229 398 434 409 662 1406 251 919 665 494 169 711
1211 519 366 521 536 553 779 589 779 689 444 456 580 352 495 786 108 526 355 488 394 365 818 1350 361 339 786 161 672 389 1242 341 373 782 606 448 789 655 800 332 680 647 345 353 513 428 174 474 356 407 550 536 164 438 1224 365 696 459 349 437 148 524 791 229 0 499 536 226 763 1262 353 775 767 596 271 813
1337 687 298 219 429 799 947 770 948 858 192 624 762 271 242 955 430 694 809 234 562 166 986 1764 530 248 1057 380 616 557 1656 201 827 950 205 901 958 824 1214 234 624 773 209 201 209 882 376 642 609 861 230 429 528 646 1638 244 1110 352 216 184 393 977 1205 398 499 0 429 679 932 1676 223 1189 935 764 439 982
984 341 334 450 97 836 983 806 984 894 373 418 798 308 424 991 466 730 845 418 598 294 1023 1800 566 284 1093 417 263 524 1692 270 863 987 536 937 994 860 1250 270 271 420 274 282 443 918 412 678 645 897 479 96 564 682 1674 294 1146 117 278 366 429 1013 1242 434 536 429 0 716 968 1712 282 1225 971 801 475 1018
1385 693 546 701 716 362 682 398 682 592 624 630 389 532 675 689 288 429 164 668 237 545 721 1158 473 519 594 341 846 563 1051 521 182 685 786 257 693 559 608 512 854 822 525 533 694 237 354 435 165 216 730 716 190 247 1033 545 504 639 529 617 328 333 600 409 226 679 716 0 666 1071 533 583 670 499 451 716
1643 951 798 953 968 438 73 409 281 330 876 888 401 784 927 80 694 268 731 921 543 797 112 1236 793 771 529 644 1104 821 1128 773 551 248 1039 822 285 190 686 764 1112 1080 777 785 946 805 640 407 590 585 983 968 791 627 1110 797 582 891 781 869 656 702 677 662 763 932 968 666 0 1148 785 661 61 236 703 206
1859 1697 1544 1699 1714 1105 1165 1140 975 864 1622 1634 1131 1530 1673 1173 1293 1014 1089 1666 1178 1543 1096 177 1477 1517 849 1346 1850 1567 169 1519 890 978 1784 989 985 1042 558 1510 1858 1826 1523 1531 1692 1017 1359 1152 1105 860 1728 1714 1195 1188 172 1543 706 1637 1527 1615 1333 869 661 1407 1231 1677 1714 1040 1149 0 1531 644 1146 959 1449 1009
1190 541 152 244 283 653 801 624 801 711 168 478 615 125 219 808 284 548 662 212 416 105 840 1617 383 101 910 234 470 411 1510 87 680 804 330 755 811 678 1067 88 477 627 91 99 237 735 230 496 463 715 274 282 381 500 1492 111 963 206 95 160 246 831 1059 251 353 223 282 533 785 1529 0 1042 789 618 293 835
1902 1210 1057 1211 1227 617 678 653 488 377 1135 1146 644 1043 1186 685 806 526 602 1179 690 1055 609 732 990 1030 361 858 1363 1079 625 1031 402 490 1297 501 498 555 182 1023 1371 1338 1035 1044 1204 530 871 665 618 372 1241 1226 708 700 607 1056 219 1150 1040 1128 845 381 75 920 743 1190 1226 552 662 644 1044 0 659 471 961 521
1647 955 802 956 972 442 77 412 242 326 880 891 404 788 931 84 698 271 735 924 547 800 116 1232 797 775 525 648 1108 825 1125 777 554 209 1042 825 245 194 682 768 1116 1083 780 789 949 808 643 410 594 589 986 971 795 631 1107 801 578 895 785 873 660 705 674 665 767 935 971 670 61 1145 789 657 0 240 706 167
1476 784 631 786 801 271 252 242 229 139 709 721 233 617 760 259 527 100 564 753 376 630 291 1045 626 604 338 477 937 654 938 606 384 232 871 654 239 129 495 597 945 912 610 618 778 637 473 239 423 418 815 801 624 460 920 630 391 724 614 702 489 534 487 494 596 764 801 499 236 957 618 470 240 0 535 263
996 304 306 460 476 571 718 541 719 629 384 240 533 291 435 726 201 465 580 428 333 304 758 1535 146 279 828 151 457 173 1427 280 598 722 546 672 729 595 985 271 465 432 284 293 453 653 147 413 380 632 490 475 299 417 1409 304 881 399 288 376 164 748 977 169 271 439 475 451 703 1447 293 960 706 535 0 753
1693 1001 848 1003 1018 488 222 459 125 189 926 938 451 834 977 229 744 318 781 971 593 847 117 1095 843 821 388 694 1154 871 988 823 601 91 1089 724 128 339 545 814 1162 1130 827 835 996 752 690 457 640 594 1033 1018 841 677 970 847 441 941 831 919 706 604 537 711 813 982 1018 716 206 1007 835 520 167 263 753 0
EOF