NAME : tsp_problem
TYPE : TSP
DIMENSION : 44
EDGE_WEIGHT_TYPE : EXPLICIT
EDGE_WEIGHT_FORMAT : FULL_MATRIX
EDGE_WEIGHT_SECTION
0 904 1059 528 238 793 899 1041 481 520 706 514 890 679 1758 60 923 883 392 879 351 880 1230 1006 322 629 344 1068 467 685 777 846 1146 880 672 51 1313 829 771 954 908 1013 912 1074
845 0 1676 1145 855 1301 1516 1658 1098 861 1323 1131 1507 1020 1845 875 201 1500 1009 1496 692 158 1847 1623 939 1205 961 1685 1084 1026 1394 1463 1763 1221 1013 865 1930 1259 1319 1571 1525 1630 1529 1691
1059 1674 0 953 867 426 283 187 982 995 397 939 267 750 1348 1032 1693 253 722 246 1122 1650 638 364 937 545 960 176 996 691 410 261 737 669 700 1039 904 462 405 1724 248 170 256 171
528 1143 953 0 336 687 793 934 123 716 600 79 784 669 1652 502 1163 777 285 773 591 1119 1124 900 291 523 308 962 137 675 671 740 1040 871 662 508 1207 723 665 1193 802 907 806 968
238 853 867 336 0 601 707 849 289 469 514 322 698 584 1566 212 873 691 200 687 301 829 1038 815 130 437 152 876 275 590 585 654 955 785 576 218 1122 637 580 903 716 821 720 882
793 1332 426 687 601 0 267 408 717 614 131 673 258 368 1125 767 1352 250 456 247 780 1308 597 374 672 279 694 435 730 310 144 213 514 288 361 773 681 81 123 1459 275 380 280 441
899 1515 283 793 707 267 0 265 823 835 237 779 134 590 1216 873 1534 120 562 113 962 1491 506 231 778 385 800 293 837 532 250 128 604 510 541 879 771 303 245 1565 133 237 137 298
1041 1656 187 934 849 408 265 0 964 977 379 921 249 732 1330 1014 1675 235 704 228 1103 1632 620 346 919 527 942 210 978 673 392 243 719 651 682 1021 886 444 387 1706 230 204 238 205
481 1097 982 123 289 717 823 964 0 712 630 92 814 699 1682 455 1116 807 315 803 544 1073 1154 930 191 553 208 992 149 705 700 769 1070 901 692 461 1237 753 695 1147 832 936 836 997
439 892 995 716 449 614 835 977 692 0 643 702 826 332 1688 469 911 819 485 815 339 868 1160 943 533 517 555 1004 678 338 713 782 1077 534 325 459 1244 571 631 1165 844 949 848 1010
706 1322 397 600 514 131 237 379 630 643 0 586 229 397 1096 680 1341 221 369 218 769 1298 568 345 585 192 607 406 644 397 115 184 485 375 348 687 652 167 110 1372 246 351 251 412
514 1129 939 79 322 673 779 921 92 702 586 0 770 656 1638 488 1149 763 272 759 577 1105 1110 886 260 509 277 948 105 661 657 726 1026 857 648 494 1193 709 651 1179 788 893 792 954
890 1506 267 784 698 258 134 249 814 826 229 770 0 581 1199 864 1525 103 553 97 953 1482 489 215 769 376 791 276 828 523 241 112 587 501 532 870 755 294 236 1556 116 221 120 282
599 1051 750 669 584 368 590 732 699 332 397 656 581 0 1443 628 1071 574 439 570 499 1027 915 697 654 272 677 759 713 93 468 537 832 288 80 619 999 326 386 1325 599 704 603 765
1794 1845 1384 1688 1602 1161 1251 1366 1718 1724 1132 1674 1235 1479 0 1768 1864 1221 1457 1214 1857 1821 873 1061 1673 1280 1695 1394 1731 1421 1055 1214 699 1228 1435 1774 587 1197 1140 2460 1234 1338 1238 1399
60 878 1032 502 212 767 873 1014 455 494 680 488 864 653 1732 0 897 857 365 853 325 854 1204 980 296 603 318 1042 441 659 750 820 1120 854 646 41 1287 803 745 928 882 987 886 1048
864 201 1695 1164 874 1320 1535 1677 1117 880 1343 1150 1527 1039 1864 894 0 1519 1028 1516 712 128 1866 1643 958 1224 980 1704 1104 1045 1413 1482 1783 1241 1032 884 1950 1278 1338 1590 1544 1649 1548 1710
883 1498 253 777 691 250 120 235 807 819 221 763 103 574 1185 857 1518 0 546 83 946 1474 475 201 762 369 784 262 820 516 234 98 573 494 524 863 740 286 229 1549 102 207 106 268
392 1007 722 285 200 456 562 704 315 485 369 272 553 439 1421 365 1026 546 0 542 454 983 893 670 270 292 293 731 329 445 440 509 810 640 431 372 977 492 435 1057 571 676 575 737
879 1495 246 773 687 247 113 228 803 815 218 759 97 570 1178 853 1514 83 542 0 942 1471 468 194 758 365 780 256 817 512 230 91 567 490 521 859 734 283 225 1545 95 200 100 261
346 798 1043 645 355 661 883 1025 599 221 690 631 874 380 1736 375 817 867 509 863 0 774 1208 990 439 565 462 1052 585 386 761 830 1125 581 373 366 1292 619 679 1072 892 997 896 1058
821 158 1652 1121 831 1277 1492 1634 1074 837 1299 1107 1483 996 1821 851 128 1476 985 1472 668 0 1823 1600 915 1181 937 1661 1060 1002 1370 1439 1740 1197 989 841 1907 1235 1295 1547 1501 1606 1505 1667
1230 1845 638 1124 1038 597 506 620 1154 1160 568 1110 489 915 837 1204 1865 475 893 468 1293 1821 0 316 1109 716 1131 648 1167 857 491 484 225 664 871 1210 392 633 576 1896 488 593 492 654
1006 1622 364 900 815 374 231 346 930 943 345 886 215 697 1025 980 1641 201 670 194 1069 1598 316 0 885 492 907 373 944 639 358 209 414 617 648 987 581 410 352 1672 213 318 218 379
322 937 937 291 130 672 778 919 191 553 585 260 769 654 1637 296 957 762 270 758 385 913 1109 885 0 507 183 947 177 660 655 724 1025 856 647 302 1192 708 650 987 787 891 791 952
629 1236 545 523 437 279 385 527 553 517 192 509 376 272 1244 603 1255 369 292 365 684 1212 716 492 507 0 530 554 566 278 263 332 632 473 265 609 799 315 257 1294 394 499 398 560
344 960 960 308 152 694 800 942 208 575 607 277 791 677 1659 318 979 784 293 780 407 936 1131 907 183 530 0 969 194 682 678 747 1047 878 669 324 1214 730 673 1010 809 914 813 975
1068 1683 176 962 876 435 293 210 992 1004 406 948 276 759 1358 1042 1703 262 731 256 1131 1660 648 373 947 554 969 0 1005 701 419 271 746 679 709 1048 913 471 414 1734 257 193 266 194
467 1083 996 137 275 730 837 978 149 698 644 105 828 713 1696 441 1102 820 329 817 530 1059 1167 944 177 566 194 1005 0 719 714 783 1084 914 706 447 1251 766 709 1133 845 950 850 1011
604 1057 691 675 590 310 532 673 705 338 397 661 523 93 1385 634 1076 516 445 512 504 1033 857 639 660 278 682 701 719 0 409 478 773 230 86 625 940 268 328 1331 541 645 545 706
777 1392 410 671 585 144 250 392 700 713 115 657 241 468 1019 750 1411 234 440 230 840 1368 491 358 655 263 678 419 714 409 0 197 407 387 418 757 574 180 123 1442 259 364 263 425
846 1461 261 740 654 213 128 243 769 782 184 726 112 537 1178 820 1481 98 509 91 909 1437 484 209 724 332 747 271 783 478 197 0 567 456 487 826 734 249 192 1511 111 215 115 276
1146 1762 737 1040 955 514 604 719 1070 1077 485 1026 587 832 663 1120 1781 573 810 567 1209 1738 225 414 1025 632 1047 746 1084 773 407 567 0 580 788 1127 218 550 492 1812 586 691 590 752
800 1252 669 871 785 288 510 651 901 534 375 857 501 288 1192 830 1272 494 640 490 700 1229 664 617 856 473 878 679 914 230 387 456 580 0 281 820 747 246 306 1526 519 623 523 684
591 1044 700 662 576 361 541 682 692 325 348 648 532 80 1400 621 1063 524 431 521 491 1020 871 648 647 265 669 709 706 86 418 487 788 281 0 611 955 319 379 1317 549 654 554 715
51 884 1039 508 218 773 879 1021 461 500 687 494 870 659 1738 41 904 863 372 859 332 860 1210 987 302 609 324 1048 447 665 757 826 1127 861 652 0 1294 809 752 934 888 993 892 1054
1313 1929 904 1207 1122 681 771 886 1237 1244 652 1193 755 999 551 1287 1948 740 977 734 1376 1905 392 581 1192 799 1214 913 1251 940 574 734 218 747 955 1294 0 717 659 1979 753 858 757 919
829 1290 462 723 637 81 303 444 753 571 167 709 294 326 1162 803 1310 286 492 283 738 1266 633 410 708 315 730 471 766 268 180 249 550 246 319 809 717 0 99 1495 311 416 316 477
771 1350 405 665 580 123 245 387 695 631 110 651 236 386 1104 745 1370 229 435 225 798 1326 576 352 650 257 673 414 709 328 123 192 492 306 379 752 659 99 0 1437 254 359 258 420
954 1570 1724 1193 903 1459 1565 1706 1147 1185 1372 1179 1556 1345 1923 928 1589 1549 1057 1545 1017 1546 1896 1672 987 1294 1010 1734 1133 1351 1442 1511 1791 1546 1337 934 1678 1495 1437 0 1574 1678 1578 1739
908 1523 248 802 716 275 133 230 832 844 246 788 116 599 1198 882 1543 102 571 95 971 1500 488 213 787 394 809 257 845 541 259 111 586 519 549 888 753 311 254 1574 0 202 119 263
1013 1628 170 907 821 380 237 204 936 949 351 893 221 704 1302 987 1648 207 676 200 1076 1604 593 318 891 499 914 193 950 645 364 215 691 623 654 993 858 416 359 1678 202 0 210 188
912 1528 256 806 720 280 137 238 836 848 251 792 120 603 1202 886 1547 106 575 100 975 1504 492 218 791 398 813 266 850 545 263 115 590 523 554 892 757 316 258 1578 119 210 0 271
1074 1689 171 968 882 441 298 205 997 1010 412 954 282 765 1363 1048 1709 268 737 261 1137 1665 654 379 952 560 975 194 1011 706 425 276 752 684 715 1054 919 477 420 1739 263 188 271 0
EOF