NAME : tsp_problem
TYPE : TSP
DIMENSION : 72
EDGE_WEIGHT_TYPE : EXPLICIT
EDGE_WEIGHT_FORMAT : FULL_MATRIX
EDGE_WEIGHT_SECTION
0 953 909 930 281 422 903 817 881 984 1096 632 358 710 142 739 829 899 161 321 937 725 730 443 878 961 453 962 750 648 809 312 519 779 425 643 954 678 787 318 1061 157 194 1128 324 780 813 780 277 155 125 306 537 945 226 515 798 730 183 768 570 694 359 523 334 851 536 1320 203 190 810 242
953 0 213 656 937 1130 207 233 186 434 779 640 627 436 1024 271 614 203 826 678 230 792 456 794 663 697 803 204 476 1356 241 829 856 505 775 651 1662 403 253 683 1769 865 990 629 1032 506 172 240 932 863 987 944 856 671 958 865 197 649 931 219 983 420 1067 936 1042 301 499 1003 963 923 535 941
909 213 0 612 893 1086 163 189 142 390 735 596 583 392 980 227 570 159 782 634 197 748 412 750 619 653 759 188 432 1312 197 785 812 461 731 607 1618 359 209 639 1725 821 946 585 988 462 128 196 888 819 943 900 812 627 914 821 153 605 887 175 939 376 1023 892 998 257 455 959 919 879 491 897
930 656 612 0 914 836 606 520 584 674 518 574 604 387 1001 442 208 602 803 656 640 458 367 654 158 117 666 665 229 1062 512 807 523 325 715 456 1367 290 490 660 1475 842 967 550 941 312 516 483 909 840 964 921 522 367 935 539 501 316 908 471 649 397 906 602 931 553 476 742 941 901 232 918
281 937 893 914 0 596 887 801 865 968 1080 616 342 694 161 723 813 883 292 305 921 709 714 427 862 945 436 946 734 822 793 190 503 763 409 627 1128 662 771 302 1236 331 110 1112 499 764 797 764 53 330 206 82 520 929 78 498 782 714 264 752 702 678 533 655 509 834 520 1304 285 271 793 61
461 1035 991 701 635 0 984 899 963 1066 1172 544 525 638 531 821 531 980 377 495 1018 428 618 425 580 663 438 1044 832 485 891 528 294 576 486 426 791 759 869 499 898 345 584 1204 364 564 895 862 630 350 494 642 293 1021 615 310 880 432 438 850 214 660 329 167 355 932 618 1396 471 431 823 632
903 207 163 606 887 1079 0 183 135 383 728 590 576 385 974 220 563 153 775 628 191 741 405 743 612 647 753 194 425 1305 191 779 806 454 725 600 1611 353 203 632 1719 814 939 579 982 455 121 189 882 813 937 894 806 620 907 815 146 599 880 168 932 369 1016 885 992 250 448 952 913 873 485 890
817 233 189 520 801 994 183 0 161 298 642 504 491 299 888 134 477 179 690 542 217 656 319 657 527 561 667 242 340 1220 123 693 720 369 639 515 1526 267 117 546 1633 728 853 493 896 369 110 103 796 727 851 808 720 535 821 729 112 513 795 83 847 283 931 800 906 164 363 867 827 787 399 804
881 186 142 584 865 1058 135 161 0 362 707 568 555 364 952 199 542 131 754 606 169 720 384 722 591 625 731 194 404 1284 169 757 784 433 703 579 1590 331 181 611 1697 793 918 557 960 433 100 168 860 791 915 872 784 599 886 793 125 577 859 147 911 348 995 864 970 229 427 931 891 851 463 869
984 434 390 674 968 1160 383 298 362 0 395 671 658 466 1055 301 644 379 856 709 418 823 486 824 693 716 834 443 507 1387 290 860 887 536 806 682 1692 434 284 713 1800 895 1020 245 1063 536 294 270 963 894 1018 975 887 376 988 896 279 680 962 250 1013 450 1097 967 1073 174 530 619 994 954 553 971
1096 779 735 518 1080 1272 728 642 707 395 0 783 770 578 1167 607 679 724 968 821 762 929 598 936 629 559 946 787 394 1499 634 972 993 647 918 794 1804 455 629 825 1912 1007 1132 271 1175 648 638 615 1075 1006 1130 1087 993 220 1100 1008 624 786 1073 594 1119 562 1209 1073 1185 519 641 251 1106 1066 397 1083
632 640 596 574 616 678 590 504 568 671 783 0 306 397 703 426 404 586 505 357 624 301 417 473 453 536 482 649 438 904 496 508 365 449 454 298 1210 365 475 362 1317 544 669 816 711 436 500 467 611 542 666 623 365 633 637 381 485 305 610 455 491 381 746 444 721 538 223 1007 642 602 497 620
358 627 583 604 342 535 576 491 555 658 770 306 0 384 429 413 561 572 231 83 611 457 404 198 610 645 208 636 424 761 483 234 274 453 180 316 1067 351 461 88 1174 269 394 802 437 454 487 454 337 268 392 349 292 619 363 270 472 462 336 442 473 368 472 426 447 524 209 994 368 328 483 345
710 436 392 387 694 773 385 299 364 466 578 397 384 0 781 221 217 381 583 435 419 395 59 551 266 349 560 444 233 999 291 586 460 108 532 393 1305 160 270 440 1412 622 747 611 789 109 296 263 689 620 744 701 460 428 715 476 281 253 688 250 586 83 824 539 799 333 256 802 720 680 292 698
142 1024 980 1001 161 493 974 888 952 1055 1167 703 429 781 0 810 900 970 232 392 1008 796 801 514 949 1032 523 1033 821 719 880 294 590 850 496 714 1025 749 858 389 1132 228 94 1199 395 851 884 851 156 226 67 186 607 1016 126 586 869 801 125 839 641 765 430 594 405 921 607 1391 145 132 880 143
739 271 227 442 723 916 220 134 199 301 607 426 413 221 810 0 399 216 611 464 254 578 241 579 449 483 589 279 262 1142 126 615 642 291 561 437 1448 189 121 468 1555 650 775 497 818 291 130 107 718 649 773 730 642 457 743 651 115 435 717 86 768 205 852 722 828 168 285 831 749 709 321 726
829 614 570 208 813 665 563 477 542 644 679 404 561 217 900 399 0 559 701 554 597 288 197 484 95 171 496 622 390 892 469 705 353 155 544 286 1197 338 448 558 1305 740 865 711 771 142 473 441 808 739 863 820 352 528 833 368 459 146 806 428 479 239 736 432 761 511 434 903 839 799 330 816
899 203 159 602 883 1075 153 179 131 379 724 586 572 381 970 216 559 0 771 624 187 737 401 739 608 643 749 198 421 1301 187 775 802 450 721 596 1607 349 199 628 1715 810 935 575 978 451 117 185 878 809 933 890 802 616 903 811 142 595 876 164 928 365 1012 881 988 246 444 948 909 869 481 886
161 826 782 803 292 338 775 690 754 856 968 505 231 583 232 611 701 771 0 194 809 598 603 316 750 834 325 834 623 564 682 185 391 652 297 515 870 550 660 191 977 73 284 1001 240 652 686 653 287 71 195 299 409 818 313 387 671 602 139 641 486 567 275 439 250 723 408 1193 171 131 682 296
321 678 634 656 305 498 628 542 606 709 821 357 83 435 392 464 554 624 194 0 662 451 455 168 603 686 178 687 476 724 534 197 244 504 150 368 1030 403 512 57 1137 232 357 853 400 505 538 505 300 231 355 312 262 671 326 240 523 455 299 493 443 419 435 396 410 576 261 1045 331 291 535 308
937 230 197 640 921 1113 191 217 169 418 762 624 611 419 1008 254 597 187 809 662 0 775 439 777 646 681 787 205 460 1339 225 813 840 488 759 635 1645 387 237 666 1753 848 973 613 1016 489 156 223 916 847 971 928 840 654 941 849 180 633 914 202 966 403 1050 919 1026 284 482 986 947 907 519 924
725 792 748 458 709 562 741 656 720 823 929 301 457 395 796 578 288 737 598 451 775 0 375 381 337 420 393 801 589 788 648 602 249 333 441 183 1094 516 626 455 1201 637 762 961 667 321 652 619 704 635 759 716 249 778 730 265 637 189 703 607 291 417 632 315 658 689 375 1153 735 696 580 713
730 456 412 367 714 752 405 319 384 486 598 417 404 59 801 241 197 401 603 455 439 375 0 571 246 329 580 464 253 978 311 606 440 106 552 373 1284 180 290 460 1392 642 766 631 809 107 315 283 709 640 764 721 439 448 735 455 301 233 708 270 566 81 823 519 819 353 276 822 740 700 312 718
443 794 750 654 427 559 743 657 722 824 936 473 198 551 514 579 484 739 316 168 777 381 571 0 533 616 293 802 591 786 649 319 204 529 265 378 1091 518 628 173 1199 355 480 969 522 516 654 621 422 353 477 434 204 786 448 220 639 385 421 608 373 534 557 326 532 691 376 1160 453 413 650 431
878 663 619 158 862 715 612 527 591 693 629 453 610 266 949 449 95 608 750 603 646 337 246 533 0 120 545 671 340 941 519 754 402 204 594 335 1247 387 497 607 1354 789 914 661 820 191 523 490 857 788 912 869 401 478 882 418 508 195 856 478 528 288 785 481 810 560 483 853 888 848 280 865
961 697 653 117 945 798 647 561 625 716 559 536 645 349 1032 483 171 643 834 686 681 420 329 616 120 0 629 706 270 1024 553 837 485 287 677 418 1330 331 531 691 1437 873 997 592 903 275 557 524 940 871 995 952 485 409 966 501 542 278 939 512 611 371 868 564 893 595 517 783 971 931 238 949
453 803 759 666 436 572 753 667 731 834 946 482 208 560 523 589 496 749 325 178 787 393 580 293 545 629 0 812 600 798 659 329 217 541 275 391 1104 528 637 182 1211 364 489 978 532 529 663 630 432 363 486 443 216 795 457 232 648 397 430 618 385 544 566 339 542 700 386 1170 463 423 660 440
962 204 188 665 946 1138 194 242 194 443 787 649 636 444 1033 279 622 198 834 687 205 801 464 802 671 706 812 0 485 1365 250 838 865 513 784 660 1670 412 262 691 1778 873 998 638 1041 514 181 248 941 872 996 953 865 680 966 874 206 658 939 227 991 428 1075 945 1051 309 507 1011 972 932 544 949
750 476 432 229 734 927 425 340 404 507 394 438 424 233 821 262 390 421 623 476 460 589 253 591 340 270 600 485 0 1153 332 627 654 302 573 448 1459 166 310 480 1566 662 787 427 830 303 336 303 729 660 784 741 653 244 755 662 321 447 728 291 780 217 864 733 840 373 296 618 761 721 108 738
649 1357 1313 1030 824 395 1307 1221 1285 1388 1500 873 762 968 720 1143 860 1303 565 725 1341 757 947 754 909 993 767 1366 1155 0 1213 716 623 905 815 755 490 1082 1191 722 598 534 772 1532 553 893 1217 1184 819 539 683 831 623 1350 804 639 1202 761 627 1172 543 989 518 496 544 1255 940 1724 659 620 1152 821
809 241 197 512 793 986 191 123 169 290 634 496 483 291 880 126 469 187 682 534 225 648 311 649 519 553 659 250 332 1212 0 685 712 361 631 507 1518 259 109 538 1625 720 845 485 888 361 118 95 788 719 843 800 712 527 814 721 104 505 787 75 839 275 923 792 898 156 355 859 819 779 391 796
312 829 785 807 190 489 779 693 757 860 972 508 234 586 294 615 705 775 185 197 813 602 606 319 754 837 329 838 627 715 685 0 395 655 301 519 1021 554 664 194 1128 224 243 1005 391 656 689 656 185 222 339 197 413 822 211 391 674 606 290 644 594 570 426 547 401 727 412 1196 322 282 686 194
519 856 812 523 503 428 806 720 784 887 993 365 274 460 590 642 353 802 391 244 840 249 440 204 402 485 217 865 654 654 712 395 0 397 265 247 960 581 691 248 1068 430 555 1026 534 385 716 684 498 429 553 510 72 843 523 89 701 254 497 671 242 482 498 195 524 754 439 1217 529 489 644 506
779 505 461 325 763 710 454 369 433 536 647 449 453 108 850 291 155 450 652 504 488 333 106 529 204 287 541 513 302 936 361 655 397 0 589 331 1242 229 339 509 1350 691 816 680 816 156 365 332 758 689 813 770 397 497 784 413 350 190 757 320 524 130 780 477 806 402 325 872 789 750 361 767
425 775 731 715 409 602 725 639 703 806 918 454 180 532 496 561 544 721 297 150 759 441 552 265 594 677 275 784 573 828 631 301 265 589 0 439 1133 500 610 154 1241 336 461 951 504 577 635 602 404 335 459 416 264 768 429 280 620 445 403 590 434 516 538 387 514 673 358 1142 435 395 632 412
643 651 607 456 627 560 600 515 579 682 794 298 316 393 714 437 286 596 515 368 635 183 373 378 335 418 391 660 448 786 507 519 247 331 439 0 1092 375 485 372 1199 554 679 826 665 318 511 478 622 553 677 634 247 643 647 263 496 187 620 466 373 392 630 327 656 548 234 1018 653 613 507 630
955 1663 1619 1336 1130 701 1613 1527 1591 1694 1806 1179 1068 1274 1026 1449 1166 1609 871 1031 1647 1063 1253 1060 1215 1298 1073 1672 1460 490 1519 1022 929 1211 1121 1061 0 1388 1497 1028 278 840 1078 1838 859 1199 1523 1490 1125 845 989 1137 929 1655 1110 945 1508 1067 933 1478 849 1295 824 802 849 1561 1246 2030 965 926 1458 1127
678 403 359 290 662 854 353 267 331 434 455 365 351 160 749 189 338 349 550 403 387 516 180 518 387 331 528 412 166 1080 259 554 581 229 500 375 1386 0 237 407 1494 589 714 488 757 230 263 230 657 588 711 669 581 305 682 590 248 374 655 218 707 144 791 660 767 301 223 680 688 648 169 665
787 253 209 490 771 964 203 117 181 284 629 475 461 270 858 121 448 199 660 512 237 626 290 628 497 531 637 262 310 1190 109 664 691 339 610 485 1496 237 0 517 1603 699 824 479 867 340 113 90 766 697 821 778 690 505 792 699 98 484 765 69 817 254 901 770 876 151 333 853 797 758 369 775
318 683 639 660 302 495 632 546 611 713 825 362 88 440 389 468 558 628 191 57 666 455 460 173 607 691 182 691 480 721 538 194 248 509 154 372 1027 407 517 0 1134 230 354 858 397 509 543 510 297 228 352 309 266 675 323 244 528 459 296 497 447 423 432 400 407 580 265 1049 328 288 539 305
1063 1771 1727 1444 1237 808 1720 1634 1699 1801 1913 1286 1175 1381 1133 1556 1274 1716 979 1138 1754 1170 1360 1168 1323 1406 1180 1779 1568 598 1626 1130 1036 1318 1228 1168 278 1495 1605 1135 0 947 1186 1946 966 1306 1630 1598 1232 952 1096 1244 1036 1763 1217 1052 1616 1175 1040 1585 956 1403 931 910 957 1668 1353 2137 1073 1033 1565 1234
157 865 821 842 331 307 814 728 793 895 1007 544 269 622 228 650 740 810 73 232 848 637 642 355 789 873 364 873 662 533 720 224 430 691 336 554 839 589 699 230 946 0 280 1040 209 691 725 692 326 67 191 338 448 857 311 426 710 641 134 679 455 605 244 408 219 762 447 1231 167 127 721 328
194 990 946 967 110 545 939 853 918 1020 1132 669 394 747 94 775 865 935 284 357 973 762 766 480 914 997 489 998 787 771 845 243 555 816 461 679 1077 714 824 354 1184 280 0 1165 447 816 849 817 105 278 119 135 573 982 131 551 835 766 177 804 693 730 482 646 457 887 572 1356 197 184 846 113
1128 629 585 550 1112 1305 579 493 557 245 271 816 802 611 1199 497 711 575 1001 853 613 961 631 969 661 592 978 638 427 1531 485 1005 1026 680 951 826 1837 488 479 858 1944 1040 1165 0 1208 681 489 466 1107 1038 1162 1119 1025 252 1133 1040 474 819 1106 445 1152 595 1242 1105 1217 369 674 495 1138 1099 430 1116
324 1032 988 982 499 346 982 896 960 1063 1175 711 437 789 395 818 812 978 240 400 1016 708 809 522 861 944 532 1041 830 573 888 391 574 856 504 706 878 757 867 397 986 209 447 1208 0 844 892 859 494 214 358 506 574 1025 479 590 877 713 302 847 494 773 65 448 46 930 615 1399 335 295 889 496
780 506 462 312 764 698 455 369 433 536 648 436 454 109 851 291 142 451 652 505 489 321 107 516 191 275 529 514 303 924 361 656 385 156 577 318 1230 230 340 509 1337 691 816 681 803 0 365 333 759 690 814 771 385 498 784 401 350 178 758 320 511 131 768 464 794 403 326 872 790 750 362 767
813 172 128 516 797 990 121 110 100 294 638 500 487 296 884 130 473 117 686 538 156 652 315 654 523 557 663 181 336 1216 118 689 716 365 635 511 1522 263 113 543 1629 725 849 489 892 365 0 100 792 723 847 804 716 531 818 725 73 509 791 79 843 279 927 796 902 160 359 863 823 783 395 800
780 240 196 483 764 957 189 103 168 270 615 467 454 263 851 107 441 185 653 505 223 619 283 621 490 524 630 248 303 1183 95 656 684 332 602 478 1489 230 90 510 1596 692 817 466 859 333 100 0 759 690 814 771 683 498 785 692 85 477 758 55 810 247 894 763 869 137 326 839 790 751 362 768
277 932 888 909 53 591 882 796 860 963 1075 611 337 689 156 718 808 878 287 300 916 704 709 422 857 940 432 941 729 818 788 185 498 758 404 622 1123 657 766 297 1231 326 105 1107 494 759 792 759 0 325 202 77 515 924 73 494 777 709 260 747 697 673 528 650 504 829 515 1299 280 267 789 56
155 863 819 840 330 311 813 727 791 894 1006 542 268 620 226 649 739 809 71 231 847 635 640 353 788 871 363 872 660 537 719 222 429 689 335 553 843 588 697 228 950 67 278 1038 214 690 723 690 325 0 189 337 446 855 310 425 708 640 133 678 459 604 248 412 224 760 446 1230 165 125 720 326
125 987 943 964 206 456 937 851 915 1018 1130 666 392 744 67 773 863 933 195 355 971 759 764 477 912 995 486 996 784 682 843 339 553 813 459 677 988 711 821 352 1095 191 119 1162 358 814 847 814 202 189 0 231 570 979 150 548 832 764 108 802 604 728 393 557 368 884 570 1354 128 115 843 167
306 944 900 921 82 603 894 808 872 975 1087 623 349 701 186 730 820 890 299 312 928 716 721 434 869 952 443 953 741 830 800 197 510 770 416 634 1135 669 778 309 1243 338 135 1119 506 771 804 771 77 337 231 0 527 936 103 506 789 721 289 759 709 685 540 662 516 841 527 1311 310 296 801 86
537 856 812 522 520 428 806 720 784 887 993 365 292 460 607 642 352 802 409 262 840 249 439 204 401 485 216 865 653 654 712 413 72 397 264 247 960 581 690 266 1067 448 573 1025 533 385 716 683 515 446 570 527 0 842 541 88 701 253 514 671 241 481 498 194 524 753 439 1217 547 507 644 524
945 671 627 367 929 1122 620 535 599 376 220 633 619 428 1016 457 528 616 818 671 654 778 448 786 478 409 795 680 244 1348 527 822 843 497 768 643 1654 305 505 675 1761 857 982 252 1025 498 531 498 924 855 979 936 842 0 950 857 516 636 923 486 969 412 1059 922 1034 500 491 444 955 916 247 933
226 958 914 935 78 576 907 821 886 988 1100 637 363 715 126 743 833 903 313 326 941 730 735 448 882 966 457 966 755 803 814 211 523 784 429 647 1108 682 792 323 1216 311 131 1133 479 784 818 785 73 310 150 103 541 950 0 519 803 734 208 772 722 698 513 675 489 855 540 1324 229 215 814 82
515 865 821 539 498 444 815 729 793 896 1008 381 270 476 586 651 368 811 387 240 849 265 455 220 418 501 232 874 662 670 721 391 89 413 280 263 976 590 699 244 1083 426 551 1040 549 401 725 692 494 425 548 506 88 857 519 0 710 269 492 680 257 497 514 211 540 763 448 1232 525 485 660 502
798 197 153 501 782 975 146 112 125 279 624 485 472 281 869 115 459 142 671 523 180 637 301 639 508 542 648 206 321 1201 104 674 701 350 620 496 1507 248 98 528 1614 710 835 474 877 350 73 85 777 708 832 789 701 516 803 710 0 494 776 64 828 264 912 781 887 146 344 848 808 768 380 786
730 649 605 316 714 566 599 513 577 680 786 305 462 253 801 435 146 595 602 455 633 189 233 385 195 278 397 658 447 793 505 606 254 190 445 187 1098 374 484 459 1206 641 766 819 672 178 509 477 709 640 764 721 253 636 734 269 494 0 707 464 380 275 637 333 662 547 379 1010 740 700 437 717
183 931 887 908 264 399 880 795 859 962 1073 610 336 688 125 717 806 876 139 299 914 703 708 421 856 939 430 939 728 626 787 290 497 757 403 620 931 655 765 296 1039 134 177 1106 302 758 791 758 260 133 108 289 514 923 208 492 776 707 0 746 547 672 336 501 312 828 513 1298 186 173 787 225
768 219 175 471 752 945 168 83 147 250 594 455 442 250 839 86 428 164 641 493 202 607 270 608 478 512 618 227 291 1171 75 644 671 320 590 466 1477 218 69 497 1584 679 804 445 847 320 79 55 747 678 802 759 671 486 772 680 64 464 746 0 798 234 882 751 857 116 314 818 778 738 350 755
550 983 939 649 702 348 932 847 911 1013 1119 491 473 586 621 768 479 928 466 443 966 291 566 373 528 611 385 991 780 574 839 594 242 524 434 373 880 707 817 447 988 435 673 1152 454 511 843 810 697 439 584 709 241 969 705 257 828 380 527 798 0 608 419 115 444 880 565 1344 560 520 771 705
694 420 376 397 678 794 369 283 348 450 562 381 368 83 765 205 239 365 567 419 403 417 81 534 288 371 544 428 217 1021 275 570 482 130 516 392 1326 144 254 423 1434 605 730 595 773 131 279 247 673 604 728 685 481 412 698 497 264 275 672 234 608 0 808 561 783 317 240 786 704 664 276 681
359 1067 1023 1016 533 381 1016 931 995 1097 1209 746 472 824 430 852 846 1012 275 435 1050 743 844 557 895 978 566 1075 864 607 923 426 609 891 538 740 913 791 901 432 1020 244 482 1242 65 878 927 894 528 248 393 540 608 1059 513 624 912 747 336 882 529 808 0 482 55 964 649 1433 369 329 923 530
503 936 892 602 655 301 885 800 864 967 1073 444 426 539 574 722 432 881 419 396 919 315 519 326 481 564 339 945 733 528 792 547 195 477 387 327 833 660 770 400 941 388 626 1105 407 464 796 763 650 392 537 662 194 922 658 211 781 333 481 751 115 561 372 0 397 833 518 1297 513 473 724 658
334 1042 998 992 509 356 992 906 970 1073 1185 721 447 799 405 828 822 988 250 410 1026 718 819 532 871 954 542 1051 840 582 898 401 584 866 514 716 888 767 876 407 996 219 457 1217 46 854 902 869 504 224 368 516 584 1034 489 600 887 723 312 857 504 783 55 458 0 940 625 1409 344 305 899 506
851 301 257 553 834 1027 250 164 229 174 519 538 524 333 921 168 511 246 723 576 284 689 353 691 560 595 700 309 373 1253 156 727 754 402 673 548 1559 301 151 580 1666 762 887 369 930 403 160 137 829 760 884 841 753 500 855 763 146 547 828 116 880 317 964 833 940 0 396 743 861 821 433 838
536 499 455 476 520 712 448 363 427 530 641 223 209 256 607 285 434 444 408 261 482 375 276 376 483 517 386 507 296 938 355 412 439 325 358 234 1244 223 333 265 1352 447 572 674 615 326 359 326 515 446 570 527 439 491 540 448 344 379 513 314 565 240 649 518 625 396 0 866 546 506 355 523
1306 989 945 728 1290 1482 938 853 917 605 237 993 980 788 1377 817 889 934 1178 1031 972 1139 808 1146 839 769 1156 997 604 1709 845 1182 1203 858 1128 1004 2014 666 839 1035 2122 1217 1342 481 1385 858 849 825 1285 1216 1340 1297 1203 430 1310 1218 834 996 1284 804 1330 772 1419 1283 1395 729 852 0 1316 1276 607 1293
203 963 919 941 285 432 913 827 891 994 1106 642 368 720 145 749 839 909 171 331 947 735 740 453 888 971 463 972 761 658 819 322 529 789 435 653 964 688 797 328 1071 167 197 1138 335 790 823 790 280 165 128 310 547 955 229 525 808 740 186 778 580 704 369 533 344 861 546 1330 0 193 820 245
190 923 879 901 271 392 873 787 851 954 1066 602 328 680 132 709 799 869 131 291 907 696 700 413 848 931 423 932 721 618 779 282 489 750 395 613 924 648 758 288 1031 127 184 1099 295 750 783 751 267 125 115 296 507 916 215 485 768 700 173 738 540 664 329 493 305 821 506 1290 193 0 780 232
810 535 491 232 793 957 485 399 463 553 397 497 483 292 880 321 330 481 682 535 519 580 312 650 280 238 660 544 108 1183 391 686 644 361 632 507 1489 169 369 539 1596 721 846 430 889 362 395 362 789 720 843 801 644 247 814 660 380 437 787 350 771 276 923 724 899 433 355 621 820 780 0 797
242 941 897 918 61 593 890 804 869 971 1083 620 345 698 143 726 816 886 296 308 924 713 718 431 865 949 440 949 738 819 796 194 506 767 412 630 1125 665 775 305 1232 328 113 1116 496 767 800 768 56 326 167 86 524 933 82 502 786 717 225 755 705 681 530 658 506 838 523 1307 245 232 797 0
EOF