NAME : tsp_problem
TYPE : TSP
DIMENSION : 61
EDGE_WEIGHT_TYPE : EXPLICIT
EDGE_WEIGHT_FORMAT : FULL_MATRIX
EDGE_WEIGHT_SECTION
0 862 104 607 1071 346 304 386 329 212 481 518 1098 166 724 100 357 160 484 350 2210 2904 1569 561 261 90 757 685 77 684 144 124 333 676 765 357 858 545 568 292 65 865 675 206 1547 787 554 82 779 325 793 678 77 1202 1360 56 260 685 1032 82 333
862 0 897 500 452 864 822 621 1122 730 500 537 479 959 194 894 876 954 503 585 1591 2285 950 642 1055 884 433 220 871 220 938 917 1127 340 491 592 38 928 649 1086 858 399 558 724 928 513 635 875 505 843 519 343 870 583 741 850 1053 221 413 875 1126
104 897 0 642 1106 381 339 421 256 247 516 553 1133 93 759 135 393 88 520 385 2245 2939 1604 597 296 125 792 720 113 720 71 51 261 711 800 392 893 580 604 220 100 900 710 241 1582 822 589 117 814 360 828 713 112 1237 1395 92 295 720 1067 117 260
607 500 642 0 709 609 567 366 867 474 245 281 736 704 362 638 620 698 248 330 1848 2542 1207 483 799 628 480 323 616 322 682 662 872 313 403 337 496 769 490 830 603 588 399 469 1185 424 476 620 416 588 430 316 615 840 997 595 798 323 670 620 871
1207 572 1242 845 0 1209 998 966 1467 1075 845 882 436 1304 540 1239 1221 1299 848 930 1260 1954 619 711 1400 1229 502 566 1216 565 1283 1262 1472 685 836 937 581 997 718 1431 1203 468 626 1069 597 858 704 1220 850 1019 864 688 1215 252 410 1195 1399 566 341 1220 1471
346 864 381 609 1073 0 306 387 606 214 483 520 1100 443 726 378 78 438 486 351 2212 2906 1571 557 538 368 753 687 355 686 421 401 611 677 767 359 860 266 564 569 342 861 671 208 1549 788 550 359 781 327 794 680 354 1204 1361 334 537 687 1034 359 610
304 822 339 567 895 306 0 346 564 172 441 478 922 401 684 336 317 396 444 310 2034 2728 1393 346 497 326 541 645 313 644 380 359 569 636 725 317 818 350 353 528 300 649 460 166 1371 747 338 317 739 109 753 638 312 1026 1183 292 495 645 856 317 568
386 621 421 366 830 387 346 0 646 253 240 277 857 483 483 417 399 477 243 108 1969 2663 1328 320 578 407 516 444 395 443 461 441 651 435 524 116 617 587 327 609 382 624 434 248 1306 546 313 399 538 366 552 437 394 961 1118 374 577 444 791 399 650
329 1122 256 867 1331 606 564 646 0 472 741 778 1358 280 984 360 618 275 745 610 2471 3164 1829 822 521 350 1017 945 338 945 259 276 158 936 1025 617 1118 805 829 117 325 1125 935 466 1807 1047 814 342 1039 585 1053 938 337 1462 1620 317 520 945 1292 342 158
212 730 247 474 939 214 172 253 472 0 349 386 966 309 592 244 225 304 352 217 2078 2772 1437 429 404 233 624 553 221 552 287 267 477 543 633 224 726 413 436 435 208 732 543 74 1415 654 422 225 646 193 660 546 220 1070 1227 200 403 553 900 225 476
481 500 516 245 709 483 441 240 741 349 0 156 736 579 362 513 495 573 122 204 1848 2542 1207 416 674 503 480 323 490 322 557 536 746 314 403 211 496 682 423 705 477 588 399 344 1185 425 409 494 417 462 431 316 490 840 998 469 673 323 670 494 745
518 537 553 281 746 520 478 277 778 386 156 0 773 615 398 550 531 610 159 241 1885 2579 1244 453 710 540 517 359 527 359 593 573 783 350 440 248 533 719 460 741 514 625 435 380 1222 461 445 531 453 499 467 353 526 877 1034 506 709 360 707 531 782
1359 724 1394 997 199 1361 1150 1118 1619 1227 997 1034 0 1456 691 1391 1373 1451 1000 1082 1412 2106 771 863 1552 1381 654 718 1368 717 1435 1414 1624 837 988 1089 733 1149 870 1583 1355 620 778 1221 749 1010 855 1372 1002 1171 1016 840 1367 404 562 1347 1551 718 493 1372 1623
166 959 93 704 1168 443 401 483 280 309 579 615 1196 0 821 198 455 112 582 447 2308 3001 1666 659 358 187 854 782 175 782 96 113 285 773 862 454 955 642 666 244 162 962 772 304 1644 884 651 179 876 422 890 775 174 1299 1457 154 357 782 1129 179 284
724 194 759 362 403 726 684 483 984 592 362 398 431 821 0 756 737 816 365 447 1543 2236 901 593 916 746 384 82 733 82 799 779 989 202 353 454 190 879 600 947 720 350 509 586 879 375 586 737 367 705 381 204 732 534 692 712 915 83 364 737 988
100 894 135 638 1103 378 336 417 360 244 513 550 1130 198 756 0 389 192 516 381 2242 2936 1601 593 293 122 788 717 109 716 176 155 365 707 797 388 890 577 600 324 96 896 707 238 1579 818 586 113 810 357 824 710 109 1234 1391 88 292 717 1064 113 364
357 876 393 620 1084 78 317 399 618 225 495 531 1112 455 737 389 0 449 498 363 2224 2917 1582 569 550 379 764 698 366 698 433 413 622 689 778 370 872 278 576 581 354 872 683 220 1561 800 561 371 792 338 806 692 366 1215 1373 345 549 699 1045 371 621
160 954 88 698 1163 438 396 477 275 304 573 610 1190 112 816 192 449 0 576 441 2302 2996 1661 653 353 182 848 777 169 776 90 108 280 767 857 448 950 637 660 238 156 956 767 298 1639 878 646 173 870 417 884 770 169 1294 1451 148 352 777 1124 173 279
484 503 520 248 712 486 444 243 745 352 122 159 739 582 365 516 498 576 0 207 1852 2545 1210 419 677 506 483 326 493 326 560 540 749 317 406 214 499 685 426 708 481 591 402 347 1188 428 412 497 420 465 434 319 493 843 1001 472 676 326 673 497 748
350 585 385 330 794 351 310 108 610 217 204 241 821 447 447 381 363 441 207 0 1933 2627 1292 284 542 371 480 408 358 407 425 405 614 398 488 80 581 551 291 573 346 587 398 212 1270 509 277 363 501 330 515 401 358 925 1082 337 541 408 755 363 614
2212 1577 2247 1850 1413 2214 2003 1971 2472 2080 1850 1886 1441 2309 1544 2244 2225 2304 1853 1935 0 742 1222 1716 2404 2234 1506 1570 2221 1570 2287 2267 2477 1690 1841 1942 1585 2002 1723 2435 2208 1473 1631 2074 1200 1863 1708 2225 1855 2024 1869 1692 2220 1168 1013 2200 2403 1571 1346 2225 2476
2905 2271 2941 2543 2107 2907 2697 2664 3166 2773 2544 2580 2134 3003 2238 2937 2919 2997 2547 2628 742 0 1916 2409 3098 2927 2200 2264 2914 2263 2981 2961 3170 2383 2535 2635 2279 2695 2416 3129 2902 2166 2325 2768 1894 2556 2402 2919 2548 2717 2562 2386 2914 1862 1706 2893 3097 2264 2040 2919 3170
1571 936 1606 1208 772 1572 1362 1329 1831 1438 1209 1245 799 1668 903 1602 1584 1662 1212 1293 1222 1916 0 1074 1763 1592 865 929 1579 928 1646 1626 1835 1049 1200 1301 944 1360 1081 1794 1567 831 990 1433 298 1221 1067 1584 1214 1383 1228 1051 1579 527 293 1558 1762 929 705 1584 1835
561 606 597 483 608 557 346 320 822 429 416 453 635 659 573 593 569 653 419 284 1747 2441 1106 0 754 583 254 561 570 561 637 617 826 552 641 292 615 345 65 785 558 362 172 424 1084 663 51 575 655 367 669 555 570 738 896 549 753 562 568 575 826
261 1055 296 799 1263 538 497 578 521 404 674 710 1291 358 916 293 550 353 677 542 2403 3096 1762 754 0 283 949 877 270 877 337 316 526 868 957 549 1051 738 761 485 257 1057 868 399 1740 979 746 274 971 517 985 871 269 1394 1552 249 84 878 1224 274 525
90 884 125 628 1093 368 326 407 350 233 503 540 1120 187 746 122 379 182 506 371 2232 2926 1591 583 283 0 778 706 99 706 166 145 355 697 787 378 880 567 590 314 86 886 697 228 1569 808 576 103 800 347 814 700 98 1224 1381 78 282 707 1054 103 354
757 397 792 480 398 753 541 516 1017 624 480 517 426 854 364 788 764 848 483 480 1538 2231 896 254 949 778 0 390 766 390 832 812 1022 510 638 487 405 540 261 980 753 152 169 619 874 660 246 770 652 562 666 512 765 529 687 745 948 391 359 770 1021
685 220 720 323 429 687 645 444 945 553 323 359 457 782 82 717 698 777 326 408 1569 2262 927 561 877 706 410 0 694 43 760 740 950 163 314 415 217 847 568 908 681 377 477 547 906 336 554 698 328 666 342 165 693 560 718 673 876 44 390 698 949
77 871 113 616 1080 355 313 395 338 221 490 527 1107 175 733 109 366 169 493 358 2219 2913 1578 570 270 99 766 694 0 693 153 133 342 684 774 366 867 554 577 301 73 873 684 215 1556 795 563 90 788 334 802 687 86 1211 1368 65 269 694 1041 90 341
684 220 720 322 429 686 644 443 945 552 322 359 456 782 82 716 698 776 326 407 1568 2262 927 561 877 706 410 43 693 0 760 739 949 162 313 414 216 847 568 908 680 376 476 547 905 335 553 697 327 665 341 165 693 560 717 672 876 43 390 697 948
144 938 71 682 1147 421 380 461 259 287 557 593 1174 96 799 176 433 90 560 425 2286 2980 1645 637 337 166 832 760 153 760 0 91 263 751 840 432 934 621 644 222 140 940 751 282 1623 862 629 157 854 400 868 754 152 1277 1435 132 335 761 1107 157 263
124 917 51 662 1126 401 359 441 276 267 536 573 1153 113 779 155 413 108 540 405 2265 2959 1624 617 316 145 812 740 133 739 91 0 281 731 820 412 913 600 624 240 120 920 730 261 1602 842 609 137 834 380 848 733 132 1257 1415 112 315 740 1087 137 280
333 1127 261 872 1336 611 569 651 158 477 746 783 1363 285 989 365 622 280 749 614 2475 3169 1834 826 526 355 1022 950 342 949 263 281 0 941 1030 622 1123 810 833 122 330 1129 940 471 1812 1052 819 346 1044 590 1058 943 342 1467 1624 321 525 950 1297 346 162
676 340 711 313 549 677 636 435 936 543 314 350 576 773 202 707 689 767 317 398 1688 2382 1047 552 868 697 530 163 684 162 751 731 941 0 305 406 336 838 559 899 672 496 467 538 1025 327 545 689 319 656 333 156 684 680 838 664 867 163 510 689 940
765 491 800 403 700 767 725 524 1025 633 403 440 727 862 353 797 778 857 406 488 1839 2533 1198 641 957 787 638 314 774 313 840 820 1030 305 0 495 487 927 648 989 761 647 557 627 1176 69 634 778 79 746 76 307 773 831 989 753 956 314 661 778 1029
357 592 392 337 801 359 317 116 617 224 211 248 828 454 454 388 370 448 214 80 1940 2634 1299 292 549 378 487 415 366 414 432 412 622 406 495 0 588 558 298 580 353 595 405 219 1277 517 284 370 509 338 523 408 365 932 1090 345 548 415 762 370 621
858 38 893 496 448 860 818 617 1118 726 496 533 475 955 190 890 872 950 499 581 1587 2281 946 638 1051 880 429 217 867 216 934 913 1123 336 487 588 0 924 645 1082 854 395 554 720 924 509 631 871 501 839 515 339 866 579 737 846 1050 217 409 871 1122
545 892 580 769 894 266 350 587 805 413 682 719 921 642 859 577 278 637 685 551 2033 2727 1392 345 738 567 540 847 554 847 621 600 810 838 927 558 900 0 351 769 541 648 458 407 1370 949 337 558 941 371 955 841 553 1024 1182 533 736 848 854 558 809
568 613 604 490 614 564 353 327 829 436 423 460 642 666 580 600 576 660 426 291 1754 2447 1113 65 761 590 261 568 577 568 644 624 833 559 648 298 621 351 0 792 565 369 179 431 1091 670 58 581 662 374 676 562 577 745 903 556 760 569 575 581 832
292 1086 220 830 1295 569 528 609 117 435 705 741 1322 244 947 324 581 238 708 573 2434 3128 1793 785 485 314 980 908 301 908 222 240 122 899 989 580 1082 769 792 0 288 1088 899 430 1771 1010 778 305 1002 548 1016 902 300 1426 1583 280 483 909 1256 305 121
65 858 100 603 1067 342 300 382 325 208 477 514 1094 162 720 96 354 156 481 346 2206 2900 1565 558 257 86 753 681 73 680 140 120 330 672 761 353 854 541 565 288 0 861 671 202 1543 783 550 78 775 321 789 674 73 1198 1356 52 256 681 1028 78 329
937 302 972 575 303 939 781 696 1197 805 575 611 330 1034 269 969 950 1029 578 660 1443 2136 801 493 1129 958 284 295 946 295 1012 992 1202 415 566 667 310 779 500 1160 933 0 409 799 779 588 486 950 580 801 594 417 945 434 592 925 1128 296 264 950 1201
675 522 710 399 523 671 460 434 935 543 399 435 550 772 489 707 683 767 402 398 1662 2356 1021 172 868 697 169 477 684 476 751 730 940 467 557 405 530 458 179 899 671 277 0 537 999 578 165 688 571 480 585 470 683 654 811 663 867 477 484 688 939
206 724 241 469 933 208 166 248 466 74 344 380 961 304 586 238 220 298 347 212 2073 2766 1431 424 399 228 619 547 215 547 282 261 471 538 627 219 720 407 431 430 202 727 537 0 1409 649 416 219 641 187 655 540 215 1064 1222 194 398 547 894 219 470
1549 914 1584 1186 750 1551 1340 1308 1809 1416 1187 1223 778 1646 881 1580 1562 1640 1190 1271 1200 1894 298 1053 1741 1570 843 907 1558 907 1624 1604 1814 1027 1178 1279 922 1339 1059 1772 1545 810 968 1411 0 1200 1045 1562 1192 1361 1206 1029 1557 505 271 1537 1740 907 683 1562 1813
787 513 822 424 722 788 747 546 1047 654 425 461 749 884 375 818 800 878 428 509 1861 2555 1220 663 979 808 660 336 795 335 862 842 1052 327 69 517 509 949 670 1010 783 669 578 649 1198 0 656 800 101 767 97 329 795 853 1010 774 978 336 683 800 1051
554 599 589 476 600 550 338 313 814 422 409 445 627 651 566 586 561 646 412 277 1739 2433 1098 51 746 576 246 554 563 553 629 609 819 545 634 284 607 337 58 778 550 354 165 416 1076 656 0 567 648 359 662 547 562 731 889 542 745 554 561 567 818
82 875 117 620 1084 359 317 399 342 225 494 531 1111 179 737 113 371 173 497 363 2223 2917 1582 575 274 103 770 698 90 697 157 137 346 689 778 370 871 558 581 305 78 878 688 219 1560 800 567 0 792 338 806 691 90 1215 1373 69 273 698 1045 95 346
779 505 814 416 714 781 739 538 1039 646 417 453 741 876 367 810 792 870 420 501 1853 2547 1212 655 971 800 652 328 788 327 854 834 1044 319 79 509 501 941 662 1002 775 661 571 641 1190 101 648 792 0 760 107 321 787 845 1003 767 970 328 675 792 1043
325 843 360 588 916 327 109 366 585 193 462 499 943 422 705 357 338 417 465 330 2055 2749 1414 367 517 347 562 666 334 665 400 380 590 656 746 338 839 371 374 548 321 670 480 187 1392 767 359 338 760 0 774 659 333 1047 1204 313 516 666 877 338 589
793 519 828 430 728 794 753 552 1053 660 431 467 755 890 381 824 806 884 434 515 1867 2561 1226 669 985 814 666 342 802 341 868 848 1058 333 76 523 515 955 676 1016 789 675 585 655 1204 97 662 806 107 774 0 335 801 859 1017 781 984 342 689 806 1057
678 343 713 316 552 680 638 437 938 546 316 353 579 775 204 710 692 770 319 401 1691 2385 1050 555 871 700 532 165 687 165 754 733 943 156 307 408 339 841 562 902 674 499 470 540 1028 329 547 691 321 659 335 0 686 682 840 666 870 166 512 691 942
77 870 112 615 1079 354 312 394 337 220 490 526 1107 174 732 109 366 169 493 358 2219 2912 1577 570 269 98 765 693 86 693 152 132 342 684 773 365 866 553 577 300 73 873 683 215 1555 795 562 90 787 333 801 686 0 1210 1368 65 268 693 1040 90 341
1203 569 1239 841 405 1205 995 962 1464 1071 841 878 432 1301 536 1235 1217 1295 845 926 1168 1862 527 707 1396 1225 498 562 1212 561 1279 1259 1468 681 833 933 577 993 714 1427 1199 464 623 1066 505 854 700 1216 846 1015 860 684 1212 0 317 1191 1395 562 338 1216 1467
1361 726 1396 999 563 1363 1152 1120 1621 1229 999 1036 590 1458 693 1393 1374 1453 1002 1084 1013 1706 293 865 1554 1383 656 719 1370 719 1437 1416 1626 839 990 1091 734 1151 872 1585 1357 622 780 1223 271 1012 857 1374 1004 1173 1018 842 1369 317 0 1349 1552 720 495 1374 1625
56 850 92 595 1059 334 292 374 317 200 469 506 1086 154 712 88 345 148 472 337 2198 2892 1557 549 249 78 745 673 65 672 132 112 321 664 753 345 846 533 556 280 52 852 663 194 1535 774 542 69 767 313 781 666 65 1190 1347 0 248 673 1020 69 320
260 1053 295 798 1262 537 495 577 520 403 673 709 1290 357 915 292 549 352 676 541 2402 3095 1760 753 84 282 948 876 269 876 335 315 525 867 956 548 1050 736 760 483 256 1056 867 398 1739 978 745 273 970 516 984 870 268 1393 1551 248 0 877 1223 273 524
685 221 720 323 430 687 645 444 945 553 323 360 457 782 83 717 699 777 326 408 1569 2263 928 562 878 707 411 44 694 43 761 740 950 163 314 415 217 848 569 909 681 377 477 547 906 336 554 698 328 666 342 166 693 561 718 673 877 0 391 698 949
1033 399 1069 671 235 1035 825 792 1294 901 671 708 262 1131 366 1065 1047 1125 675 756 1346 2040 705 537 1226 1055 328 392 1042 391 1109 1089 1298 511 663 763 407 823 544 1257 1030 294 453 896 683 684 530 1046 676 845 690 514 1042 338 495 1021 1225 392 0 1046 1297
82 875 117 620 1084 359 317 399 342 225 494 531 1111 179 737 113 371 173 497 363 2223 2917 1582 575 274 103 770 698 90 697 157 137 346 689 778 370 871 558 581 305 78 878 688 219 1560 800 567 95 792 338 806 691 90 1215 1373 69 273 698 1045 0 346
333 1126 260 871 1335 610 568 650 158 476 745 782 1362 284 988 364 621 279 748 614 2474 3168 1833 826 525 354 1021 949 341 948 263 280 162 940 1029 621 1122 809 832 121 329 1129 939 470 1811 1051 818 346 1043 589 1057 942 341 1466 1624 320 524 949 1296 346 0
EOF
