NAME : tsp_problem
TYPE : TSP
DIMENSION : 30
EDGE_WEIGHT_TYPE : EXPLICIT
EDGE_WEIGHT_FORMAT : FULL_MATRIX
EDGE_WEIGHT_SECTION
0 235 511 184 637 211 745 708 224 1334 381 150 246 192 859 844 767 672 630 1747 1108 1049 912 537 865 215 678 376 936 528
235 0 533 206 659 233 767 730 246 1356 403 172 268 213 881 866 789 694 652 1769 1130 1071 934 559 887 209 700 398 958 550
511 533 0 381 513 397 621 346 364 1186 167 393 375 489 735 657 643 526 506 1599 960 925 724 413 678 554 554 252 812 123
184 206 381 0 507 115 615 578 94 1204 251 83 116 162 729 714 637 542 500 1617 978 919 782 407 735 228 548 246 806 398
637 659 513 507 0 523 181 754 490 769 384 519 501 615 294 365 202 391 349 1182 543 485 433 159 585 681 113 379 371 530
211 233 397 115 523 0 631 594 110 1220 267 110 132 189 745 730 652 557 515 1633 994 935 798 423 751 255 563 262 821 414
745 767 621 615 181 631 0 862 598 820 492 627 609 723 345 308 252 375 457 1233 593 535 375 267 527 789 163 487 421 639
708 730 346 578 754 594 862 0 573 1450 407 590 595 686 975 955 883 788 746 1863 1224 1166 1023 653 976 752 794 492 1052 364
224 246 364 94 490 110 598 573 0 1187 234 106 111 202 712 697 619 524 482 1600 961 902 765 390 718 268 530 229 788 381
1335 1357 1155 1205 771 1221 805 1452 1188 0 1082 1217 1199 1313 535 534 700 701 862 598 395 513 495 857 691 1379 688 1007 804 1124
381 403 167 251 384 267 492 407 234 1080 0 263 245 359 605 591 513 418 376 1494 854 796 659 283 612 425 424 123 682 184
150 172 393 83 519 110 627 590 106 1216 263 0 128 128 741 726 648 553 511 1629 990 931 794 419 747 193 559 258 818 410
246 268 375 116 501 132 609 595 111 1198 245 128 0 224 723 708 630 535 493 1611 972 913 776 401 729 290 541 240 800 392
192 213 489 162 615 189 723 686 202 1312 359 128 224 0 837 822 745 650 608 1725 1086 1027 890 515 843 193 656 354 914 506
859 881 735 729 294 745 345 975 712 533 605 741 723 837 0 446 366 597 571 946 307 249 407 381 603 903 212 600 328 752
844 866 657 714 365 730 308 955 697 565 591 726 708 822 426 0 202 203 364 978 339 404 104 452 301 888 348 509 606 627
767 789 643 637 202 652 252 883 619 731 513 648 630 745 366 202 0 270 431 1144 505 556 270 289 422 810 185 508 443 660
672 694 526 542 391 557 375 788 524 732 418 553 535 650 593 203 270 0 234 1145 506 571 271 291 224 715 416 379 674 496
630 652 506 500 349 515 457 746 482 893 376 511 493 608 571 364 431 234 0 1307 667 732 432 249 385 673 390 371 648 523
1749 1771 1568 1619 1184 1634 1219 1865 1601 598 1495 1630 1612 1727 948 947 1113 1114 1275 0 808 926 908 1271 1105 1792 1101 1420 1217 1538
1013 1035 825 883 534 899 476 1123 866 485 759 895 877 991 346 205 371 372 533 898 0 324 165 621 362 1056 499 678 615 795
1049 1071 925 919 485 935 535 1166 902 611 796 931 913 1027 249 524 556 691 761 1025 385 0 485 571 682 1093 402 791 518 943
912 934 724 782 433 798 375 1023 765 526 659 794 776 890 387 104 270 271 432 939 300 365 0 520 239 956 416 577 656 694
537 559 413 407 159 423 267 653 390 856 283 419 401 515 381 452 289 291 249 1269 630 571 520 0 485 580 200 278 458 430
865 887 678 735 585 751 527 976 718 723 612 747 729 843 583 301 422 224 385 1136 497 562 239 485 0 909 567 530 825 648
215 209 554 228 681 255 789 752 268 1377 425 193 290 193 903 888 810 715 673 1791 1151 1093 956 580 909 0 721 420 979 572
678 700 554 548 113 563 163 794 530 687 424 559 541 656 212 348 185 416 390 1100 460 402 416 200 567 721 0 419 288 571
376 398 252 246 379 262 487 492 229 1038 123 258 240 354 600 509 508 379 371 1452 812 791 577 278 530 420 419 0 677 269
936 958 812 806 371 821 421 1052 788 803 682 818 800 914 328 606 443 674 648 1216 576 518 674 458 825 979 288 677 0 829
528 550 123 398 530 414 639 364 381 1156 184 410 392 506 752 627 660 496 523 1569 930 943 694 430 648 572 571 269 829 0
EOF