NAME : tsp_problem
TYPE : TSP
DIMENSION : 46
EDGE_WEIGHT_TYPE : EXPLICIT
EDGE_WEIGHT_FORMAT : FULL_MATRIX
EDGE_WEIGHT_SECTION
0 482 644 183 912 324 507 662 498 568 662 553 253 660 1117 392 515 647 345 337 370 405 650 639 393 372 511 560 596 295 696 257 626 786 611 670 605 651 316 505 382 512 495 456 625 643
482 0 240 623 740 619 102 257 120 163 803 694 263 868 1518 250 110 788 312 478 229 546 791 235 266 513 106 418 192 364 292 398 221 1187 207 859 201 246 458 133 822 146 90 487 902 784
644 240 0 785 891 782 235 209 270 168 966 856 425 1030 1680 413 227 951 474 641 391 709 953 215 429 676 165 581 197 526 215 561 183 1349 198 1022 351 220 620 283 985 297 215 649 1065 946
183 623 785 0 1047 326 648 803 639 709 745 635 394 662 1119 417 656 730 347 478 435 487 732 780 395 455 652 695 737 297 837 280 767 788 752 673 746 792 457 646 265 653 636 458 627 725
912 740 891 1047 0 1050 753 908 771 814 1234 1124 693 1299 1948 681 761 1219 742 909 659 977 1221 886 697 944 757 406 843 794 943 829 872 1617 858 1290 581 897 888 784 1247 798 741 637 1333 1214
324 619 782 326 1050 0 644 799 636 706 457 348 391 522 1062 529 652 443 489 258 508 200 445 777 537 168 648 697 734 439 834 395 764 731 749 514 743 789 193 643 327 650 633 600 556 438
507 102 235 648 753 644 0 252 133 158 828 719 288 893 1543 275 123 814 337 503 254 571 816 230 291 538 118 443 187 389 287 424 216 1212 202 884 213 241 483 146 847 159 103 512 927 809
662 257 209 803 908 799 252 0 288 186 983 874 443 1048 1698 430 244 969 492 658 409 726 971 215 447 694 183 598 213 544 215 579 183 1367 198 1039 368 219 638 301 1002 314 232 667 1082 964
498 120 270 639 771 636 133 288 0 194 819 710 279 884 1534 267 141 805 328 495 245 562 807 265 283 530 137 434 222 380 322 415 252 1203 237 876 231 277 474 163 838 177 121 503 918 800
568 163 168 709 814 706 158 186 194 0 889 780 349 954 1604 337 150 875 398 565 315 632 877 163 353 600 89 505 120 450 220 485 150 1273 135 946 275 175 544 207 908 221 139 573 988 870
662 803 966 745 1234 457 828 983 819 889 0 174 574 348 998 713 836 233 774 442 692 312 311 961 729 337 832 881 918 827 1018 579 947 667 933 340 927 972 377 826 598 834 816 950 383 207
553 694 856 635 1124 348 719 874 710 780 174 0 465 218 868 604 727 310 665 333 582 203 353 852 620 228 723 772 809 717 909 469 838 537 824 210 817 863 268 717 468 724 707 840 253 155
253 263 425 394 693 391 288 443 279 349 574 465 0 639 1289 173 296 560 234 249 152 317 562 421 189 285 292 341 378 286 478 170 407 958 393 631 386 432 229 286 593 293 276 409 673 555
711 868 1030 713 1299 522 893 1048 884 954 348 218 639 0 908 778 901 484 839 507 757 377 527 1026 794 402 897 946 983 825 1083 643 1012 577 998 41 991 1037 442 891 508 898 881 986 65 329
1086 1519 1682 1088 1950 1031 1544 1699 1535 1606 1000 870 1290 879 0 1320 1552 1135 1251 1158 1338 1028 1178 1677 1299 1053 1548 1597 1634 1200 1734 1183 1664 516 1649 889 1643 1688 1093 1542 883 1550 1533 1362 844 980
392 250 413 417 681 529 275 430 267 337 713 604 173 778 1352 0 283 698 106 388 123 456 701 408 83 423 279 328 365 158 465 309 395 1021 380 769 374 420 368 273 617 281 264 397 812 694
515 110 227 656 761 652 123 244 141 150 836 727 296 901 1551 283 0 821 345 511 262 579 824 222 299 546 110 451 179 397 279 432 208 1220 194 892 221 233 491 154 855 167 111 520 935 817
647 788 951 730 1219 443 814 969 805 875 233 310 560 484 1134 698 821 0 760 427 677 297 101 946 715 323 818 866 903 812 1003 564 933 803 918 475 912 958 363 812 731 819 802 935 518 226
345 312 474 347 742 489 337 492 328 398 774 665 234 825 1282 106 345 760 0 450 124 517 762 469 84 485 341 390 426 159 526 370 456 951 441 831 435 481 429 335 547 342 325 339 790 755
337 478 641 478 909 258 503 658 495 565 442 333 249 507 1157 388 511 427 450 0 367 185 430 636 404 152 507 556 593 502 693 254 623 825 608 498 602 648 96 501 547 509 492 625 541 423
370 229 391 435 659 508 254 409 245 315 692 582 152 757 1370 123 262 677 124 367 0 435 679 387 101 402 258 307 344 176 444 287 373 1038 359 748 352 398 346 252 634 259 242 375 791 673
405 546 709 487 977 200 571 726 562 632 312 203 317 377 1026 456 579 297 517 185 435 0 299 704 472 80 575 624 661 570 761 322 690 695 676 368 670 715 120 569 489 577 559 693 411 293
650 791 953 732 1221 445 816 971 807 877 311 353 562 527 1177 701 824 101 762 430 679 299 0 948 717 325 820 869 906 814 1006 566 935 846 921 518 914 960 365 814 733 821 804 937 561 304
639 235 215 780 886 777 230 215 265 163 961 852 421 1026 1675 408 222 946 469 636 387 704 948 0 424 671 160 576 192 521 221 556 188 1344 204 1017 346 225 615 278 980 292 210 645 1060 942
393 266 429 395 697 537 291 447 283 353 729 620 189 794 1330 83 299 715 84 404 101 472 717 424 0 440 296 344 381 137 481 325 411 999 396 786 390 436 384 290 595 297 280 387 828 710
372 513 676 455 944 168 538 694 530 600 337 228 285 402 1052 423 546 323 485 152 402 80 325 671 440 0 543 591 628 537 728 289 658 721 643 393 637 683 88 537 456 544 527 660 436 318
511 106 165 652 757 648 118 183 137 89 832 723 292 897 1547 279 110 818 341 507 258 575 820 160 296 543 0 447 117 393 217 428 147 1216 132 888 217 172 487 150 851 163 98 516 931 813
560 418 581 695 406 697 443 598 434 505 881 772 341 946 1596 328 451 866 390 556 307 624 869 576 344 591 447 0 533 442 633 476 563 1265 548 937 511 588 536 441 894 449 432 284 980 862
596 192 197 737 843 734 187 213 222 120 918 809 378 983 1632 365 179 903 426 593 344 661 906 192 381 628 117 533 0 478 219 513 178 1301 164 974 303 203 572 235 937 249 167 602 1017 899
295 364 526 297 794 439 389 544 380 450 827 717 286 775 1232 158 397 812 159 502 176 570 814 521 137 537 393 442 478 0 579 392 508 901 494 785 487 533 481 387 497 394 377 289 739 807
696 292 215 837 943 834 287 215 322 220 1018 909 478 1083 1732 465 279 1003 526 693 444 761 1006 221 481 728 217 633 219 579 0 613 189 1401 204 1074 403 225 672 335 1037 349 267 702 1117 999
257 398 561 280 829 395 424 579 415 485 579 469 170 643 1214 309 432 564 370 254 287 322 566 556 325 289 428 476 513 392 613 0 543 883 528 635 522 568 233 422 479 429 412 545 678 559
626 221 183 767 872 764 216 183 252 150 947 838 407 1012 1662 395 208 933 456 623 373 690 935 188 411 658 147 563 178 508 189 543 0 1331 172 1004 333 193 602 265 967 279 197 631 1046 928
755 1188 1351 757 1619 700 1213 1368 1204 1274 669 539 959 548 516 989 1221 804 920 827 1007 697 847 1346 968 722 1217 1266 1303 869 1403 852 1332 0 1318 558 1312 1357 762 1211 552 1219 1201 1030 513 649
611 207 198 752 858 749 202 198 237 135 933 824 393 998 1648 380 194 918 441 608 359 676 921 204 396 643 132 548 164 494 204 528 172 1316 0 989 318 208 587 250 952 264 182 617 1032 914
702 859 1022 704 1290 514 884 1039 876 946 340 210 631 41 900 769 892 475 831 498 748 368 518 1017 786 393 888 937 974 817 1074 635 1004 569 989 0 983 1029 433 883 499 890 873 978 75 321
605 201 351 746 581 743 213 368 231 275 927 817 386 991 1641 374 221 912 435 602 352 670 914 346 390 637 217 511 303 487 403 522 333 1310 318 983 0 358 581 244 946 258 202 610 1026 907
651 246 220 792 897 789 241 219 277 175 972 863 432 1037 1687 420 233 958 481 648 398 715 960 225 436 683 172 588 203 533 225 568 193 1356 208 1029 358 0 627 290 991 303 222 656 1071 953
316 458 620 457 888 193 483 638 474 544 377 268 229 442 1092 368 491 363 429 96 346 120 365 615 384 88 487 536 572 481 672 233 602 761 587 433 581 627 0 481 482 488 471 604 476 358
505 133 283 646 784 643 146 301 163 207 826 717 286 891 1541 273 154 812 335 501 252 569 814 278 290 537 150 441 235 387 335 422 265 1210 250 883 244 290 481 0 845 190 134 510 925 807
382 822 985 265 1247 327 847 1002 838 908 578 448 593 457 914 617 855 713 547 547 634 489 733 980 595 456 851 894 937 497 1037 479 967 583 952 467 946 991 482 845 0 853 835 658 422 559
512 146 297 653 798 650 159 314 177 221 834 724 293 898 1548 281 167 819 342 509 259 577 821 292 297 544 163 449 249 394 349 429 279 1217 264 890 258 303 488 190 853 0 148 517 933 814
495 90 215 636 741 633 103 232 121 139 816 707 276 881 1531 264 111 802 325 492 242 559 804 210 280 527 98 432 167 377 267 412 197 1200 182 873 202 222 471 134 835 148 0 500 915 797
456 487 649 458 637 600 512 667 503 573 950 840 409 936 1393 397 520 935 339 625 375 693 937 645 387 660 516 284 602 289 702 545 631 1062 617 946 610 656 604 510 658 517 500 0 900 930
745 902 1065 747 1333 556 927 1082 918 988 383 253 673 65 943 812 935 518 873 541 791 411 561 1060 828 436 931 980 1017 860 1117 678 1046 611 1032 75 1026 1071 476 925 542 933 915 1021 0 363
643 784 946 725 1214 438 809 964 800 870 207 155 555 329 979 694 817 226 755 423 673 293 304 942 710 318 813 862 899 807 999 559 928 648 914 321 907 953 358 807 579 814 797 930 363 0
EOF