NAME : tsp_problem
TYPE : TSP
DIMENSION : 84
EDGE_WEIGHT_TYPE : EXPLICIT
EDGE_WEIGHT_FORMAT : FULL_MATRIX
EDGE_WEIGHT_SECTION
0 649 581 300 646 272 590 212 786 320 398 679 449 475 368 534 570 645 248 554 577 656 575 611 463 619 408 670 272 448 681 685 1224 594 617 669 474 699 1007 560 709 403 629 221 630 633 412 353 453 475 322 442 603 609 645 467 987 207 645 468 757 331 349 197 334 585 355 674 461 294 470 660 421 590 392 416 625 655 640 368 615 612 434 191
618 0 1162 664 1227 461 1171 696 1367 708 381 401 1030 1056 535 373 219 1226 402 1135 458 537 1156 642 1044 1200 989 371 461 836 382 391 732 659 1198 584 1055 235 515 1141 1290 593 624 690 1211 360 993 526 1034 1056 501 1023 1184 1190 346 1048 495 595 1226 1050 1338 563 538 778 524 657 828 182 1043 483 1051 1241 468 662 581 605 1206 356 521 535 1196 1193 1015 731
581 1160 0 613 401 823 166 525 591 499 949 992 219 216 681 847 1081 400 798 163 890 969 182 924 195 198 221 1018 822 656 1009 999 1735 907 183 982 138 1210 1518 169 696 760 942 534 188 946 442 666 227 192 873 206 199 208 1043 200 1498 758 400 256 745 645 755 465 792 898 386 1185 243 806 186 199 734 903 750 769 193 1033 953 681 203 188 192 504
300 663 613 0 678 338 622 147 817 501 537 495 481 506 184 350 584 677 386 586 392 471 607 426 495 651 440 521 356 657 511 501 1238 409 649 484 506 712 1020 592 741 262 444 253 662 449 444 168 485 507 592 474 635 641 545 499 1001 477 677 500 789 147 257 229 294 401 387 688 493 308 502 692 237 406 253 272 657 535 456 184 646 644 466 223
646 1225 401 678 0 888 410 590 221 564 1014 1057 285 295 747 912 1146 97 863 374 955 1034 395 989 283 439 286 1084 887 688 1074 1064 1801 972 437 1047 294 1275 1583 380 326 825 1007 599 450 1011 507 731 292 295 938 271 423 429 1108 287 1564 823 97 321 374 710 820 530 857 964 451 1250 308 871 290 480 799 968 816 835 445 1098 1018 747 435 432 257 570
272 493 823 338 888 0 832 369 1022 362 242 543 691 716 281 447 414 887 91 796 489 569 817 523 705 861 650 514 72 490 524 534 1068 506 859 581 716 542 850 802 945 204 542 344 872 502 654 265 695 717 362 684 845 851 488 709 831 249 887 710 993 244 150 439 135 498 482 518 703 95 712 902 334 503 192 217 867 498 553 281 856 854 676 385
590 1169 166 622 410 832 0 534 600 508 958 1001 228 225 690 856 1090 409 807 172 899 978 172 933 204 188 230 1027 831 665 1017 1008 1744 916 173 991 147 1219 1527 178 705 769 951 543 178 955 451 675 236 201 882 215 188 197 1052 209 1507 767 409 265 754 653 764 474 801 907 395 1194 252 815 195 189 743 912 759 778 183 1042 962 690 193 178 201 513
212 694 525 147 590 369 534 0 730 413 568 526 393 419 215 381 615 590 418 498 424 503 519 458 407 564 352 552 387 570 542 533 1269 441 561 516 419 744 1052 504 653 294 476 165 575 480 356 200 397 419 504 386 547 553 577 411 1032 389 590 413 701 178 289 141 326 432 300 719 406 340 414 604 268 437 284 303 570 567 487 215 559 556 378 135
786 1365 591 817 221 1022 600 730 0 704 1148 1197 475 485 886 1052 1286 241 997 565 1094 1174 586 1129 473 630 477 1223 1021 580 1213 1203 1940 1112 627 1187 485 1415 1722 571 218 965 1147 739 641 1151 423 871 482 485 1072 462 614 620 1248 477 1703 957 267 512 267 849 960 670 997 1103 591 1390 499 1011 481 671 939 1108 955 974 636 1238 1158 886 625 623 448 709
320 739 499 501 564 362 508 413 704 0 488 790 367 393 570 735 660 564 337 472 778 857 494 812 381 538 327 760 361 256 770 780 1314 795 535 870 393 789 1096 478 627 493 830 392 549 748 330 554 371 393 412 360 521 528 734 385 1077 297 564 387 676 533 439 353 424 786 158 764 380 384 389 579 622 791 481 505 544 745 841 569 533 531 352 392
398 413 949 537 1014 242 958 568 1148 488 0 463 817 843 480 435 334 1013 183 922 520 600 943 705 831 988 776 434 241 616 444 454 988 705 985 646 843 462 770 928 1071 373 687 471 999 422 780 464 821 843 165 810 971 977 408 835 751 291 1013 837 1119 443 319 565 304 697 608 438 830 264 838 1028 531 702 361 385 994 419 584 480 983 980 802 512
679 404 992 495 1057 568 1001 526 1197 814 488 0 860 886 365 203 325 1057 509 965 288 368 987 473 874 1031 820 60 568 943 51 41 979 489 1028 414 886 454 762 971 1120 516 455 632 1042 128 823 357 864 886 608 853 1014 1021 85 878 742 702 1057 880 1169 394 511 609 548 488 767 429 873 562 882 1072 299 493 506 525 1037 75 352 365 1026 1024 845 603
449 1028 219 481 285 691 228 393 475 367 817 860 0 113 549 715 949 284 666 193 758 837 214 792 101 258 105 886 690 524 876 867 1603 775 255 850 113 1078 1386 199 580 628 810 402 269 814 310 534 110 113 741 90 242 248 911 105 1366 626 284 140 629 512 623 333 660 766 254 1053 127 674 109 299 602 771 618 637 264 901 821 549 253 251 76 372
475 1054 216 506 295 716 225 419 485 393 843 886 113 0 575 741 975 294 692 189 783 863 210 818 111 255 115 912 716 550 902 892 1629 801 252 876 123 1104 1411 195 590 654 836 428 266 840 336 560 120 123 767 100 238 244 937 115 1392 652 294 150 639 538 649 359 686 792 280 1079 137 700 119 295 628 797 644 663 261 927 847 575 250 247 86 398
368 533 681 184 747 281 690 215 886 570 480 365 549 575 0 220 454 746 329 655 263 342 676 297 563 720 509 392 299 726 382 372 1108 280 717 355 575 583 891 661 810 205 315 322 731 319 512 59 553 575 600 542 704 710 416 567 872 487 746 569 858 83 200 298 237 272 456 558 562 251 571 761 107 276 196 215 726 406 326 74 715 713 535 292
534 371 847 350 912 447 856 381 1052 735 455 203 715 741 220 0 292 912 476 820 143 223 842 328 729 886 675 229 464 892 220 210 946 344 883 269 741 421 729 826 975 371 310 487 897 157 678 212 719 741 575 708 869 876 254 733 709 653 912 735 1024 249 366 464 403 343 622 396 728 417 737 926 154 348 361 380 892 244 207 220 881 878 700 458
452 325 1002 590 1068 295 1011 622 1201 541 215 375 870 896 509 347 0 1067 236 976 432 512 997 617 884 1041 830 346 295 670 356 366 900 633 1038 558 896 374 682 982 1125 426 599 524 1052 334 833 501 874 896 335 863 1025 1031 320 888 663 429 1067 890 1173 496 372 619 358 631 661 350 883 317 892 1082 443 636 415 439 1047 330 496 509 1036 1034 856 565
645 1225 400 677 97 887 409 590 241 564 1013 1057 284 294 746 912 1146 0 863 373 954 1034 394 988 282 439 285 1083 887 708 1073 1063 1800 971 436 1046 294 1275 1582 379 346 824 1007 598 450 1011 507 730 291 294 937 270 422 429 1108 286 1563 823 96 320 395 709 819 530 857 963 450 1250 308 870 289 479 799 968 815 834 445 1097 1018 746 434 431 256 569
248 434 798 386 863 91 807 418 997 337 183 484 666 692 329 456 355 863 0 771 537 617 792 572 680 837 626 455 91 466 465 475 1009 554 834 629 692 483 791 777 920 222 590 320 848 443 629 313 670 692 303 659 820 827 429 684 772 225 863 686 969 292 168 415 153 546 457 459 679 113 687 877 382 551 210 235 843 439 601 329 832 829 651 361
554 1133 163 586 374 796 172 498 565 472 922 965 193 189 655 820 1054 373 771 0 863 942 158 897 168 202 194 992 795 629 982 972 1708 880 199 955 111 1183 1491 143 670 733 915 507 213 919 415 639 200 165 846 179 186 192 1016 174 1472 731 373 229 718 618 728 438 765 872 359 1158 216 779 160 225 707 876 724 743 208 1006 926 655 197 195 165 478
577 456 890 392 955 489 899 424 1094 778 540 288 758 783 263 143 377 954 537 863 0 126 884 215 772 928 717 314 507 934 305 295 1031 232 926 157 783 506 814 869 1018 413 198 530 939 242 721 254 762 784 660 751 912 918 339 775 794 696 954 777 1066 291 408 506 446 267 664 481 770 460 779 969 196 271 404 423 934 329 115 263 923 921 743 500
656 536 969 471 1034 569 978 503 1174 857 620 368 837 863 342 223 457 1034 617 942 126 0 963 162 851 1008 796 394 586 1014 384 374 1111 178 1005 103 863 586 893 948 1097 493 144 609 1019 322 800 334 841 863 740 830 991 997 419 855 874 775 1034 857 1146 371 488 585 525 213 744 561 850 539 858 1048 276 217 483 502 1014 408 61 342 1003 1000 822 580
575 1155 182 607 395 817 172 519 586 494 943 987 214 210 676 842 1076 394 792 158 884 963 0 918 189 204 215 1013 817 650 1003 993 1730 901 188 976 132 1204 1512 164 691 754 936 528 193 941 437 660 221 187 867 200 204 213 1037 195 1493 752 394 250 739 639 749 459 786 893 380 1180 237 800 181 204 729 898 745 764 198 1027 948 676 208 193 186 499
611 641 924 426 989 523 933 458 1129 812 722 473 792 818 297 328 562 988 572 897 215 162 918 0 806 963 751 499 541 969 489 479 1216 82 960 152 818 691 998 903 1052 448 117 564 974 427 755 288 796 818 842 785 946 952 523 810 979 730 988 812 1100 326 443 540 480 73 698 666 805 494 813 1003 255 78 438 457 969 513 150 297 958 955 777 534
463 1042 195 495 283 705 204 407 473 381 831 874 101 111 563 729 963 282 680 168 772 851 189 806 0 233 103 900 704 538 890 881 1617 789 231 864 105 1092 1400 174 578 642 824 416 244 828 324 548 108 111 755 88 217 223 925 103 1380 640 282 138 627 526 637 347 674 780 268 1067 125 688 107 274 616 785 632 651 239 915 835 563 229 226 74 386
619 1199 198 651 439 861 188 564 630 538 988 1031 258 255 720 886 1120 439 837 202 928 1008 204 963 233 0 260 1057 861 695 1047 1037 1774 945 205 1020 177 1249 1556 208 735 798 981 573 210 985 481 704 265 231 911 244 220 229 1082 239 1537 797 439 295 783 683 793 504 831 937 424 1224 282 845 225 221 773 942 789 808 215 1072 992 720 225 210 231 543
408 988 221 440 286 650 230 352 477 327 776 820 105 115 509 675 909 285 626 194 717 796 215 751 103 260 0 846 650 483 836 826 1563 734 257 809 115 1038 1345 200 567 587 769 361 271 774 270 493 112 115 700 91 243 249 870 107 1326 585 286 141 615 472 582 292 619 726 213 1013 128 633 110 300 562 731 578 597 266 860 781 509 255 252 77 332
705 430 1018 521 1084 594 1027 552 1223 840 514 60 886 912 392 229 351 1083 535 992 314 394 1013 499 900 1057 846 0 594 969 41 51 1005 515 1054 441 912 480 788 998 1146 542 481 658 1068 154 849 383 890 912 634 879 1041 1047 55 904 768 728 1083 906 1195 420 537 635 574 514 793 455 899 588 908 1098 325 519 533 552 1063 53 378 392 1052 1050 871 629
272 492 822 356 887 72 831 387 1021 361 241 543 690 716 299 464 413 887 91 795 507 586 817 541 704 861 650 513 0 490 524 533 1067 524 858 599 716 542 849 802 945 204 559 344 872 502 653 283 694 716 361 683 845 851 488 708 830 249 887 710 993 262 149 439 135 515 481 517 703 95 712 902 351 520 192 216 867 498 570 299 856 854 675 385
448 867 656 657 688 490 665 570 580 256 616 918 524 550 726 890 788 708 466 629 934 1014 650 969 538 695 483 888 490 0 898 908 1442 952 692 1027 550 917 1224 635 503 621 987 521 706 877 263 711 528 550 540 517 678 684 863 542 1205 425 720 544 552 689 567 510 552 943 376 892 537 512 545 735 779 948 610 634 701 873 998 726 690 687 509 549
695 421 1009 511 1074 584 1017 542 1213 831 504 51 876 902 382 220 342 1073 525 982 305 384 1003 489 890 1047 836 41 584 959 0 46 996 506 1045 431 902 470 778 988 1137 532 471 649 1058 144 840 373 880 902 624 869 1031 1037 66 894 759 718 1073 896 1185 410 527 625 565 504 783 446 889 578 898 1088 315 509 523 542 1053 55 368 382 1042 1040 862 619
685 411 999 501 1064 574 1008 533 1203 821 494 41 867 892 372 210 332 1063 515 972 295 374 993 479 881 1037 826 51 574 949 46 0 986 496 1035 421 892 461 768 978 1127 522 461 639 1048 134 830 363 870 893 615 859 1021 1027 75 884 749 708 1063 886 1175 400 517 615 555 494 773 436 879 569 888 1078 305 499 513 532 1043 65 358 372 1032 1030 852 609
1193 732 1737 1239 1802 1036 1746 1271 1942 1283 956 976 1605 1631 1110 948 794 1801 977 1710 1033 1112 1731 1217 1619 1775 1564 946 1036 1411 957 966 0 1234 1773 1159 1630 810 429 1716 1865 1168 1200 1265 1786 935 1568 1101 1609 1631 1076 1598 1759 1765 921 1623 306 1170 1801 1625 1913 1138 1113 1353 1099 1232 1403 646 1618 1058 1626 1816 1043 1237 1156 1180 1781 931 1096 1110 1771 1768 1590 1306
594 657 907 409 972 506 916 441 1112 795 705 489 775 801 280 344 578 971 554 880 232 178 901 82 789 945 734 515 524 952 506 496 1232 0 943 139 800 707 1015 886 1035 431 100 547 956 443 738 271 779 801 825 768 929 935 540 793 995 713 971 795 1083 308 426 523 463 56 681 682 788 477 796 986 238 61 421 440 951 530 167 280 941 938 760 517
617 1196 183 649 437 859 173 561 627 535 985 1028 255 252 717 883 1117 436 834 199 926 1005 188 960 231 205 257 1054 858 692 1045 1035 1771 943 0 1018 174 1246 1554 204 732 796 978 570 195 982 478 702 263 228 909 242 205 214 1079 236 1534 794 436 292 781 681 791 501 828 934 422 1221 279 842 222 205 770 939 786 805 200 1069 989 717 210 195 228 540
669 582 982 484 1047 581 991 516 1187 870 666 414 850 876 355 269 503 1046 629 955 157 103 976 152 864 1020 809 441 599 1027 431 421 1158 139 1018 0 875 632 940 961 1110 506 134 622 1031 368 813 346 854 876 786 843 1004 1010 465 868 921 788 1046 870 1158 383 501 598 538 131 756 607 863 552 871 1061 313 136 496 515 1026 455 92 355 1016 1013 835 592
474 1054 138 506 294 716 147 419 485 393 843 886 113 123 575 741 975 294 692 111 783 863 132 818 105 177 115 912 716 550 902 892 1629 800 174 875 0 1104 1411 117 590 654 836 428 188 840 336 559 120 102 767 100 160 166 937 111 1392 652 294 150 638 538 648 359 686 792 279 1079 137 700 97 217 628 797 644 663 183 927 847 575 172 169 86 398
777 317 1321 824 1387 621 1330 855 1526 867 541 561 1189 1215 695 532 378 1386 562 1295 617 697 1316 802 1203 1360 1149 531 620 995 541 551 632 818 1357 744 1215 0 415 1301 1449 752 784 850 1371 519 1152 686 1193 1215 661 1182 1344 1350 505 1207 395 755 1386 1209 1498 723 698 938 683 817 987 231 1202 643 1211 1401 628 822 740 765 1366 516 681 695 1355 1353 1174 891
975 515 1519 1021 1584 819 1528 1053 1724 1065 739 759 1387 1413 892 730 576 1584 760 1492 815 895 1513 1000 1401 1558 1346 729 818 1193 739 749 429 1016 1555 941 1413 593 0 1498 1647 950 982 1048 1569 717 1350 884 1391 1413 859 1380 1541 1547 703 1405 192 952 1584 1407 1696 921 896 1136 881 1015 1185 428 1400 841 1408 1598 826 1020 938 962 1564 714 879 892 1553 1550 1372 1089
560 1140 169 592 380 802 178 504 571 478 928 971 199 195 661 826 1061 379 777 143 869 948 164 903 174 208 200 998 802 635 988 978 1715 886 204 961 117 1189 1497 0 676 739 921 513 208 925 421 645 206 171 852 185 192 198 1022 180 1478 737 379 235 724 624 734 444 771 878 365 1165 222 785 166 219 713 883 730 749 213 1012 933 661 203 201 171 484
709 1288 696 741 326 945 705 653 218 627 1071 1120 580 590 810 975 1209 346 920 670 1018 1097 691 1052 578 735 567 1146 945 503 1137 1127 1863 1035 732 1110 590 1338 1646 676 0 888 1070 662 746 1074 346 794 587 590 995 567 719 725 1171 582 1626 880 372 617 100 773 883 593 920 1026 514 1313 604 934 586 776 862 1031 878 897 741 1161 1081 809 730 728 553 632
403 624 760 262 825 204 769 294 965 493 373 516 628 654 205 371 545 824 222 733 413 493 754 448 642 798 587 542 204 621 532 522 1199 431 796 506 654 674 981 739 888 0 466 400 810 470 591 190 632 654 493 621 782 788 567 646 962 381 824 648 936 168 279 376 267 422 534 649 641 226 649 839 258 427 274 293 805 557 477 205 794 791 613 370
629 623 942 444 1007 542 951 476 1147 830 707 455 810 836 315 310 544 1007 590 915 198 144 936 117 824 981 769 481 559 987 471 461 1198 100 978 134 836 673 980 921 1070 466 0 582 992 409 773 307 814 836 827 803 964 970 506 828 961 748 1007 830 1119 344 461 558 498 92 717 648 823 512 831 1021 273 96 456 475 987 496 133 315 976 973 795 553
221 721 534 253 599 344 543 165 739 392 471 632 402 428 322 487 642 598 320 507 530 609 528 564 416 573 361 658 344 521 649 639 1296 547 570 622 428 771 1079 513 662 400 582 0 584 586 365 306 406 428 395 395 556 562 683 420 1060 280 598 422 710 285 395 150 407 538 309 746 415 367 423 613 374 543 390 409 579 673 593 321 568 565 387 144
630 1210 188 662 450 872 178 575 641 549 999 1042 269 266 731 897 1131 450 848 213 939 1019 193 974 244 210 271 1068 872 706 1058 1048 1785 956 195 1031 188 1260 1567 208 746 810 992 584 0 996 492 715 276 242 923 256 210 219 1093 250 1548 808 450 306 794 694 804 515 842 948 435 1235 293 856 236 210 784 953 800 819 204 1083 1003 731 214 200 242 554
633 358 946 449 1011 522 955 480 1151 768 442 128 814 840 319 157 279 1011 463 919 242 322 941 427 828 985 774 154 522 897 144 134 933 443 982 368 840 408 716 925 1074 470 409 586 996 0 777 311 818 840 562 807 968 975 179 832 696 656 1011 834 1123 348 465 563 502 442 721 383 827 516 836 1026 253 447 460 479 991 169 306 319 980 978 799 557
412 991 442 444 507 654 451 356 423 330 780 823 310 336 512 678 912 507 629 415 721 800 437 755 324 481 270 849 653 263 840 830 1566 738 478 813 336 1041 1349 421 346 591 773 365 492 777 0 497 314 336 704 303 464 471 874 328 1329 589 507 330 394 476 586 296 623 729 217 1016 323 637 332 521 565 734 581 600 487 864 784 512 476 473 295 335
353 525 666 168 731 265 675 200 871 554 464 357 534 560 59 212 446 730 313 639 254 334 660 288 548 704 493 383 283 711 373 363 1100 271 702 346 559 575 882 645 794 190 307 306 715 311 497 0 538 560 584 527 688 694 407 552 863 472 730 554 842 67 185 282 222 263 440 550 547 236 555 745 99 268 180 199 710 397 318 59 700 697 519 276
453 1032 227 485 292 695 236 397 482 371 821 864 110 120 553 719 953 291 670 200 762 841 221 796 108 265 112 890 694 528 880 870 1607 779 263 854 120 1082 1389 206 587 632 814 406 276 818 314 538 0 121 745 97 249 255 915 112 1370 630 291 147 636 516 627 337 664 770 258 1057 134 678 116 306 606 775 622 641 271 905 825 553 260 258 83 376
475 1054 192 507 295 717 201 419 485 393 843 886 113 123 575 741 975 294 692 165 784 863 187 818 111 231 115 912 716 550 902 893 1629 801 228 876 102 1104 1412 171 590 654 836 428 242 840 336 560 121 0 767 100 214 221 937 115 1392 652 294 150 639 539 649 359 686 792 280 1079 137 700 119 272 628 797 644 663 237 927 847 575 226 224 86 398
322 533 873 592 938 362 882 504 1072 412 165 584 741 767 600 555 454 937 303 846 640 720 867 825 755 911 700 554 361 540 564 574 1108 825 909 766 767 583 890 852 995 493 807 395 923 542 704 584 745 767 0 734 895 901 528 759 871 164 937 761 1043 563 439 489 424 817 532 558 754 384 762 952 651 822 481 505 918 539 704 600 907 904 726 436
442 1021 206 474 271 684 215 386 462 360 810 853 90 100 542 708 942 270 659 179 751 830 200 785 88 244 91 879 683 517 869 859 1596 768 242 843 100 1071 1378 185 567 621 803 395 256 807 303 527 97 100 734 0 228 234 904 92 1359 619 270 126 615 505 616 326 653 759 247 1046 113 667 95 285 595 764 611 630 251 894 814 542 240 237 62 365
603 1182 199 635 423 845 188 547 614 521 971 1014 242 238 704 869 1103 422 820 186 912 991 204 946 217 220 243 1041 845 678 1031 1021 1758 929 205 1004 160 1232 1540 192 719 782 964 556 210 968 464 688 249 214 895 228 0 230 1065 223 1521 780 422 278 767 667 777 487 814 921 408 1207 265 828 209 221 756 925 773 792 215 1055 975 704 225 210 214 527
609 1189 208 641 429 851 197 553 620 528 977 1021 248 244 710 876 1110 429 827 192 918 997 213 952 223 229 249 1047 851 684 1037 1027 1764 935 214 1010 166 1238 1546 198 725 788 970 562 219 975 471 694 255 221 901 234 230 0 1071 229 1527 786 429 284 773 673 783 493 820 927 414 1214 271 834 215 230 763 932 779 798 224 1061 982 710 234 219 220 533
730 455 1043 545 1108 619 1052 577 1248 865 539 85 911 937 416 254 376 1108 560 1016 339 419 1037 523 925 1082 870 55 618 993 66 75 1030 540 1079 465 937 505 812 1022 1171 567 506 683 1093 179 874 407 915 937 659 904 1065 1071 0 929 793 753 1108 931 1219 445 562 659 599 538 818 480 924 613 932 1122 349 543 557 576 1088 40 403 416 1077 1074 896 653
467 1046 200 499 287 709 209 411 477 385 835 878 105 115 567 733 967 286 684 174 775 855 195 810 103 239 107 904 708 542 894 884 1621 793 236 868 111 1096 1403 180 582 646 828 420 250 832 328 552 112 115 759 92 223 229 929 0 1384 644 286 142 631 530 641 351 678 784 272 1071 129 692 111 280 620 789 636 655 245 919 839 567 234 232 78 390
956 495 1500 1002 1565 799 1509 1034 1705 1046 719 739 1368 1394 873 711 557 1564 740 1473 796 875 1494 980 1382 1538 1327 709 799 1174 720 729 306 997 1536 922 1393 573 192 1479 1628 931 963 1028 1549 698 1331 864 1372 1394 840 1361 1522 1528 684 1386 0 933 1564 1388 1676 901 876 1116 862 995 1166 409 1381 822 1389 1579 806 1000 919 943 1544 694 859 873 1534 1531 1353 1069
207 626 758 477 823 249 767 389 957 297 291 677 626 652 487 649 547 823 225 731 696 775 752 730 640 797 585 647 249 425 658 667 1201 713 794 788 652 676 984 737 880 381 748 280 808 636 589 472 630 652 164 619 780 786 622 644 964 0 823 646 929 451 326 375 312 704 417 651 639 271 647 837 540 709 369 393 803 632 759 487 792 789 611 321
645 1225 400 677 97 887 409 590 267 564 1013 1057 284 294 746 912 1146 96 863 373 954 1034 394 988 282 439 286 1083 887 720 1073 1063 1800 971 436 1046 294 1275 1582 379 372 824 1007 598 450 1011 507 730 291 294 937 270 422 429 1108 286 1563 823 0 321 420 709 819 530 857 963 450 1250 308 871 289 479 799 968 815 834 445 1097 1018 746 434 431 256 569
468 1048 256 500 321 710 265 413 512 387 837 880 140 150 569 735 969 320 686 229 777 857 250 812 138 295 141 906 710 544 896 886 1623 795 292 870 150 1098 1405 235 617 648 830 422 306 834 330 554 147 150 761 126 278 284 931 142 1386 646 321 0 665 532 643 353 680 786 273 1073 163 694 145 335 622 791 638 657 301 921 841 569 290 287 112 392
757 1337 745 789 374 993 754 701 267 676 1119 1169 629 639 858 1024 1258 395 969 718 1066 1146 739 1100 627 783 615 1195 993 552 1185 1175 1912 1083 781 1158 638 1387 1694 724 100 936 1119 710 794 1123 394 842 636 639 1043 615 767 773 1219 631 1675 929 420 665 0 821 931 641 968 1075 562 1362 652 982 634 824 911 1080 927 946 789 1209 1130 858 779 776 601 681
331 562 645 147 710 244 653 178 849 533 443 394 512 538 83 249 483 709 292 618 291 371 639 326 526 683 472 420 262 689 410 400 1137 308 681 383 538 612 919 624 773 168 344 285 694 348 476 67 516 539 563 505 667 673 445 530 900 451 709 532 821 0 163 261 201 300 419 587 525 214 534 724 136 305 159 178 689 435 355 83 678 676 498 255
349 569 755 257 820 150 764 289 960 439 319 511 623 649 200 366 490 819 168 728 408 488 749 443 637 793 582 537 149 567 527 517 1144 426 791 501 648 619 927 734 883 279 461 395 804 465 586 185 627 649 439 616 777 783 562 641 908 326 819 643 931 163 0 371 212 417 529 594 636 172 644 834 253 422 269 288 799 552 472 200 789 786 608 365
197 777 465 229 530 439 474 141 670 353 565 609 333 359 298 464 698 530 415 438 506 585 459 540 347 504 292 635 439 510 625 615 1352 523 501 598 359 827 1134 444 593 376 558 150 515 563 296 282 337 359 489 326 487 493 659 351 1115 375 530 353 641 261 371 0 408 515 240 802 346 422 354 544 351 520 367 386 510 649 570 298 499 496 318 121
334 555 792 294 857 135 801 326 997 424 304 548 660 686 237 403 476 857 153 765 446 525 786 480 674 831 619 574 135 552 565 555 1130 463 828 538 686 605 912 771 920 267 498 407 842 502 623 222 664 686 424 653 814 820 550 678 893 312 857 680 968 201 212 408 0 454 544 580 673 157 681 871 290 459 255 279 837 561 509 237 826 823 645 403
585 656 898 401 964 498 907 432 1103 786 697 488 766 792 272 343 577 963 546 872 267 213 893 73 780 937 726 514 515 943 504 494 1231 56 934 131 792 706 1013 878 1026 422 92 538 948 442 729 263 770 792 817 759 921 927 538 784 994 704 963 786 1075 300 417 515 454 0 673 681 779 468 788 978 230 53 413 432 943 528 202 272 932 930 751 509
355 859 386 387 451 482 395 300 591 158 608 767 254 280 456 622 780 450 457 359 664 744 380 698 268 424 213 793 481 376 783 773 1434 681 422 756 279 909 1216 365 514 534 717 309 435 721 217 440 258 280 532 247 408 414 818 272 1197 417 450 273 562 419 529 240 544 673 0 884 267 504 275 465 509 678 525 544 430 808 728 456 420 417 239 279
643 182 1187 689 1252 486 1196 721 1392 733 406 426 1055 1081 560 398 244 1251 427 1160 483 562 1181 667 1069 1225 1014 396 486 861 407 416 646 684 1223 609 1080 260 428 1166 1315 618 650 715 1236 385 1018 551 1059 1081 526 1048 1209 1215 371 1073 409 620 1251 1075 1363 588 563 803 549 682 853 0 1068 508 1076 1266 493 687 606 630 1231 381 546 560 1221 1218 1040 756
461 1041 243 493 308 703 252 406 499 380 830 873 127 137 562 728 962 308 679 216 770 850 237 805 125 282 128 899 703 537 889 879 1616 788 279 863 137 1091 1398 222 604 641 823 415 293 827 323 547 134 137 754 113 265 271 924 129 1379 639 308 163 652 525 636 346 673 779 267 1066 0 687 132 322 615 784 631 650 288 914 834 562 277 274 99 385
294 515 806 308 871 95 815 340 1011 384 264 562 674 700 251 417 436 870 113 779 460 539 800 494 688 845 633 536 95 512 546 556 1090 477 842 552 700 565 872 785 934 226 512 367 856 516 637 236 678 700 384 667 828 834 510 692 853 271 871 694 982 214 172 422 157 468 504 540 687 0 695 885 304 473 215 239 851 521 523 251 840 837 659 408
470 1050 186 502 290 712 195 414 481 389 838 882 109 119 571 737 971 289 687 160 779 858 181 813 107 225 110 908 712 545 898 888 1625 796 222 871 97 1099 1407 166 586 649 831 423 236 836 332 555 116 119 762 95 209 215 932 111 1388 647 289 145 634 534 644 354 681 788 275 1075 132 695 0 266 624 793 640 659 231 922 843 571 220 218 81 394
660 1240 199 692 480 902 189 604 671 579 1028 1072 299 295 761 926 1161 479 877 225 969 1048 204 1003 274 221 300 1098 902 735 1088 1078 1815 986 205 1061 217 1289 1597 219 776 839 1021 613 210 1026 521 745 306 272 952 285 221 230 1122 280 1578 837 479 335 824 724 834 544 871 978 465 1265 322 885 266 0 814 983 830 849 215 1112 1033 761 225 210 271 584
421 467 734 237 799 334 743 268 939 622 533 299 602 628 107 154 388 799 382 707 196 276 729 255 616 773 562 325 351 779 315 305 1042 238 770 313 628 517 824 713 862 258 273 374 784 253 565 99 606 628 653 595 756 763 349 620 805 540 799 622 911 136 253 351 290 230 509 492 615 304 624 814 0 235 248 267 779 339 260 107 768 766 587 345
590 661 903 406 968 503 912 437 1108 791 702 493 771 797 276 348 582 968 551 876 271 217 898 78 785 942 731 519 520 948 509 499 1236 61 939 136 797 711 1018 883 1031 427 96 543 953 447 734 268 775 797 822 764 925 932 543 789 999 709 968 791 1080 305 422 520 459 53 678 686 784 473 793 983 235 0 418 436 948 533 206 277 937 935 756 514
392 612 750 253 816 192 759 284 955 481 361 506 618 644 196 361 533 815 210 724 404 483 745 438 632 789 578 533 192 610 523 513 1187 421 786 496 644 662 969 730 878 274 456 390 800 460 581 180 622 644 481 611 773 779 557 636 950 369 815 638 927 159 269 367 255 413 525 637 631 215 640 830 248 418 0 284 795 547 467 196 784 782 603 361
416 636 769 272 835 217 778 303 974 505 385 525 637 663 215 380 557 834 235 743 423 502 764 457 651 808 597 552 216 634 542 532 1211 440 805 515 663 686 994 749 897 293 475 409 819 479 600 199 641 663 505 630 792 798 576 655 974 393 834 657 946 178 288 386 279 432 544 661 650 239 659 849 267 436 284 0 814 566 486 215 803 801 622 380
625 1205 193 657 445 867 183 570 636 544 994 1037 264 261 726 892 1126 445 843 208 934 1014 198 969 239 215 266 1063 867 701 1053 1043 1780 951 200 1026 183 1255 1562 213 741 805 987 579 204 991 487 710 271 237 918 251 215 224 1088 245 1543 803 445 301 789 689 799 510 837 943 430 1230 288 851 231 215 779 948 795 814 0 1078 998 726 219 204 237 549
720 445 1033 535 1098 609 1042 567 1238 855 529 75 901 927 406 244 366 1097 550 1006 329 408 1027 513 915 1072 860 53 608 983 55 65 1020 530 1069 455 927 495 802 1012 1161 557 496 673 1083 169 864 397 905 927 649 894 1055 1061 40 919 783 743 1097 921 1209 435 552 649 589 528 808 470 914 603 922 1112 339 533 547 566 1078 0 393 406 1067 1064 886 643
640 520 953 456 1018 553 962 487 1158 841 604 352 821 847 326 207 441 1018 601 926 115 61 948 150 835 992 781 378 570 998 368 358 1095 167 989 92 847 570 877 933 1081 477 133 593 1003 306 784 318 825 847 724 814 975 982 403 839 858 759 1018 841 1130 355 472 570 509 202 728 545 834 523 843 1033 260 206 467 486 998 393 0 327 987 985 806 564
368 534 681 184 747 281 690 215 886 569 480 365 549 575 74 220 455 746 329 655 263 342 676 297 563 720 509 392 299 726 382 372 1109 280 717 355 575 583 891 661 809 205 315 321 731 319 512 59 553 575 600 542 704 710 416 567 872 487 746 569 858 83 200 298 237 272 456 559 562 251 571 761 107 277 196 215 726 406 327 0 715 713 535 292
615 1194 203 646 435 856 193 559 625 533 983 1026 253 250 715 881 1115 434 832 197 923 1003 208 958 229 225 255 1052 856 690 1042 1032 1769 941 210 1016 172 1244 1551 203 730 794 976 568 214 980 476 700 260 226 907 240 225 234 1077 234 1532 792 434 290 779 678 789 499 826 932 420 1219 277 840 220 225 768 937 784 803 219 1067 987 715 0 215 226 538
612 1192 188 644 432 854 178 556 623 531 980 1024 251 247 713 878 1113 431 829 195 921 1000 193 955 226 210 252 1050 854 687 1040 1030 1767 938 195 1013 169 1241 1549 201 728 791 973 565 200 978 473 697 258 224 904 237 210 219 1074 232 1530 789 431 287 776 676 786 496 823 930 417 1217 274 837 218 210 766 935 782 801 204 1064 985 713 215 0 223 536
434 1013 192 466 257 676 201 378 448 352 802 845 76 86 535 700 934 256 651 165 743 822 186 777 74 231 77 871 675 509 862 852 1588 760 228 835 86 1063 1371 171 553 613 795 387 242 799 295 519 83 86 726 62 214 220 896 78 1351 611 256 112 601 498 608 318 645 751 239 1038 99 659 81 271 587 756 603 622 237 886 806 535 226 223 0 357
191 763 504 223 570 385 513 135 709 392 512 603 372 398 292 458 684 569 361 478 500 580 499 534 386 543 332 629 385 549 619 609 1338 517 540 592 398 812 1120 484 632 370 553 144 554 557 335 276 376 398 436 365 527 533 653 390 1101 321 569 392 681 255 365 121 403 509 279 788 385 408 394 584 345 514 361 380 549 643 564 292 538 536 357 0
EOF