NAME : tsp_problem
TYPE : TSP
DIMENSION : 27
EDGE_WEIGHT_TYPE : EXPLICIT
EDGE_WEIGHT_FORMAT : FULL_MATRIX
EDGE_WEIGHT_SECTION
0 695 825 296 210 594 342 752 595 429 988 828 506 361 521 476 501 517 703 340 374 803 687 543 762 589 353
695 0 702 574 692 199 629 289 697 388 525 491 608 648 623 478 603 804 990 541 476 340 224 645 864 591 553
929 839 0 1013 926 806 1236 584 1304 665 775 576 1215 1255 1230 506 1210 1411 1597 775 1084 636 831 1252 1471 477 787
296 574 909 0 294 416 347 632 415 512 868 834 326 366 341 560 321 522 708 424 195 683 567 363 582 672 436
210 692 823 294 0 592 518 749 592 426 985 826 503 537 518 473 498 693 879 338 371 800 685 540 759 586 350
594 199 669 416 592 0 470 256 539 355 492 458 450 490 465 445 445 645 832 440 318 307 191 487 706 558 453
342 629 1099 347 518 470 0 686 470 736 922 888 381 140 395 784 375 295 482 648 249 737 621 417 636 896 660
752 289 448 632 749 256 686 0 755 445 271 237 666 706 681 433 661 861 1047 598 534 86 282 703 922 405 610
595 697 1168 415 592 539 470 755 0 811 991 957 174 489 189 858 169 645 607 723 318 806 690 211 284 971 735
429 388 561 512 426 355 736 445 811 0 681 564 722 756 737 212 717 911 1098 275 590 496 381 759 978 325 287
988 525 638 868 985 492 922 271 991 681 0 427 902 942 917 623 897 1097 1284 834 770 322 518 939 1158 595 846
858 491 450 834 855 458 888 237 957 594 427 0 868 908 883 435 863 1063 1250 704 736 288 484 905 1124 406 716
506 608 1079 326 503 450 381 666 174 722 902 868 0 400 100 769 80 556 518 634 229 717 601 122 341 882 646
361 648 1119 366 537 490 140 706 489 756 942 908 400 0 415 803 395 315 501 667 268 757 641 437 656 916 680
521 623 1094 341 518 465 395 681 189 737 917 883 100 415 0 784 95 571 533 648 243 732 616 137 356 897 661
476 478 403 560 473 445 784 413 858 212 603 405 769 803 784 0 764 959 1145 322 637 464 471 806 1025 166 334
501 603 1074 321 498 445 375 661 169 717 897 863 80 395 95 764 0 550 512 628 223 712 596 116 336 877 641
517 804 1274 522 693 645 295 861 645 911 1097 1063 556 315 571 959 550 0 356 823 424 912 796 592 812 1071 835
703 990 1461 708 879 832 482 1047 607 1098 1284 1250 518 501 533 1145 512 356 0 1009 610 1099 983 554 774 1258 1022
340 541 671 424 338 440 648 598 723 275 834 674 634 667 648 322 628 823 1009 0 502 649 533 670 889 435 198
374 476 947 195 371 318 249 534 318 590 770 736 229 268 243 637 223 424 610 502 0 585 469 265 484 750 514
803 340 499 683 800 307 737 86 806 496 322 288 717 757 732 484 712 912 1099 649 585 0 333 754 973 456 661
687 224 695 567 685 191 621 282 690 381 518 484 601 641 616 471 596 796 983 533 469 333 0 638 857 583 545
543 645 1116 363 540 487 417 703 211 759 939 905 122 437 137 806 116 592 554 670 265 754 638 0 378 919 682
762 864 1335 582 759 706 636 922 284 978 1158 1124 341 656 356 1025 336 812 774 889 484 973 857 378 0 1138 902
720 577 312 804 718 544 974 323 1043 456 513 315 954 994 969 298 949 1149 1336 566 822 374 570 991 1210 0 579
353 553 684 436 350 453 660 610 735 287 846 686 646 680 661 334 641 835 1022 198 514 661 545 682 902 447 0
EOF
