NAME : tsp_problem
TYPE : TSP
DIMENSION : 54
EDGE_WEIGHT_TYPE : EXPLICIT
EDGE_WEIGHT_FORMAT : FULL_MATRIX
EDGE_WEIGHT_SECTION
0 773 835 537 839 473 652 862 234 505 828 291 639 1152 448 568 584 1033 880 540 805 844 1013 320 463 838 242 264 780 560 434 835 991 770 922 707 840 454 949 697 1028 983 600 241 988 373 269 153 937 886 976 443 512 444
773 0 385 501 389 481 236 1474 574 455 378 582 240 427 891 413 841 583 430 798 356 394 551 526 880 388 647 669 106 817 629 385 541 1381 472 167 390 886 499 786 578 533 857 646 1599 648 556 657 487 161 526 532 392 896
835 385 0 499 111 479 234 1496 636 453 100 644 238 481 889 411 839 263 153 796 85 156 286 588 878 111 709 692 328 815 627 107 221 1403 152 255 149 884 179 784 258 213 855 708 1621 646 617 718 210 440 206 530 390 894
537 501 499 0 502 95 349 1112 403 83 491 477 354 822 506 147 456 697 544 412 469 508 677 421 495 502 338 308 444 432 244 499 655 1020 586 371 504 501 613 401 692 646 471 356 1238 262 438 421 601 555 640 147 223 511
839 389 111 502 0 483 237 1500 639 457 104 648 242 485 893 415 843 292 156 799 89 159 290 592 882 115 712 696 332 819 631 111 250 1407 181 259 153 888 208 788 287 241 859 712 1625 649 621 722 213 443 235 534 394 898
473 481 479 95 483 0 330 1049 339 63 472 457 334 802 442 127 392 677 524 348 450 488 658 401 431 482 274 245 424 368 180 479 636 956 566 351 485 437 593 337 672 627 408 292 1174 198 374 357 581 536 620 83 204 447
652 236 234 349 237 330 0 1347 453 304 227 461 89 557 740 262 690 432 279 646 204 243 412 405 729 237 526 543 179 666 478 234 390 1254 321 106 239 735 348 635 427 382 706 525 1472 496 434 535 336 290 375 381 241 745
831 1442 1497 1114 1501 1050 1321 0 904 1082 1490 1045 1308 1820 836 1145 971 1696 1543 928 1468 1507 1676 989 851 1501 911 933 1442 947 1103 1497 1654 303 1585 1370 1503 841 1611 1107 1691 1645 987 911 260 1042 938 822 1600 1554 1639 1013 1181 831
234 574 636 403 639 339 453 935 0 371 629 176 440 953 521 381 618 834 681 575 606 645 814 120 536 639 108 130 581 594 300 636 792 842 723 508 641 526 750 563 829 784 634 108 1060 239 135 118 738 686 777 309 313 517
505 455 453 83 457 63 304 1080 371 0 446 432 308 776 474 115 424 652 499 380 424 463 632 376 463 457 306 276 399 400 212 453 610 988 541 326 459 469 568 369 647 601 439 324 1206 230 405 389 556 510 595 115 178 479
828 378 100 491 104 472 227 1489 629 446 0 637 231 474 882 404 832 247 146 789 78 148 279 581 871 104 701 685 321 808 620 100 206 1396 136 248 142 877 163 777 242 197 848 701 1614 639 610 711 202 432 190 523 383 887
291 582 644 477 648 457 461 1076 176 432 637 0 448 961 662 389 759 842 689 716 615 653 823 89 677 647 249 271 589 735 441 644 801 984 731 516 650 667 758 704 837 792 775 249 1201 381 158 259 746 695 785 451 321 658
639 240 238 354 242 334 89 1339 440 308 231 448 0 561 744 266 694 436 283 651 209 247 417 392 733 241 512 535 183 670 482 238 394 1247 325 110 243 739 352 639 431 386 710 512 1465 501 421 522 340 295 379 385 245 749
1152 427 481 822 485 802 557 1819 953 776 474 961 561 0 1212 734 1162 680 369 1119 459 530 245 905 1201 485 1026 1015 427 1138 951 481 638 1727 569 488 523 1208 596 1107 675 629 1178 1025 1944 969 934 1036 313 320 623 853 713 1217
499 891 889 506 893 442 740 865 572 474 882 713 744 1212 0 537 363 1088 935 320 860 898 1068 657 45 893 579 573 834 339 509 889 1046 773 977 762 895 41 1003 499 1083 1037 379 579 990 527 606 490 991 946 1030 405 614 47
568 413 411 147 415 127 262 1144 381 115 404 389 266 734 537 0 487 609 456 444 382 420 590 333 526 414 369 340 356 463 275 411 568 1052 498 283 416 533 525 432 604 559 503 387 1269 294 363 452 513 468 552 178 135 542
604 841 839 456 843 392 690 970 618 424 832 759 694 1162 363 487 0 1037 884 121 810 848 1018 703 352 843 553 523 784 128 459 839 996 877 926 711 845 358 953 202 1033 987 61 570 1095 477 652 594 941 896 980 355 564 368
1033 583 263 697 292 677 432 1694 834 652 247 842 436 680 1088 609 1037 0 351 994 283 354 484 786 1076 271 907 890 526 1014 826 284 195 1602 220 454 347 1083 194 982 216 220 1053 906 1819 844 816 917 408 638 211 729 588 1093
880 430 153 544 156 524 279 1541 681 499 146 689 283 369 935 456 884 351 0 841 130 201 174 633 923 156 754 737 373 861 673 153 309 1449 240 301 194 930 267 829 346 301 900 753 1666 691 663 764 142 485 294 576 436 940
560 798 796 412 799 348 646 926 575 380 789 716 651 1119 320 444 121 994 841 0 766 805 974 660 308 799 509 480 741 200 415 796 952 834 883 668 801 315 910 273 989 944 132 527 1051 434 609 551 898 852 937 311 520 325
805 356 85 469 89 450 204 1467 606 424 78 615 209 459 860 382 810 283 130 766 0 133 264 559 849 88 679 663 299 786 598 85 242 1374 172 226 126 855 199 755 278 233 826 679 1592 616 588 689 187 410 226 501 361 865
844 394 156 508 159 488 243 1505 645 463 148 653 247 530 898 420 848 354 201 805 133 0 334 597 887 159 718 701 337 825 637 156 312 1413 243 264 197 894 270 793 349 303 864 717 1630 655 627 728 258 449 297 540 399 904
1013 551 286 677 290 658 412 1674 814 632 279 823 417 245 1068 590 1018 484 174 974 264 334 0 767 1057 289 887 870 507 994 806 286 443 1582 373 434 327 1063 400 963 479 434 1034 887 1800 824 796 897 117 444 427 709 569 1073
320 526 588 421 592 401 405 1020 120 376 581 89 392 905 606 333 703 786 633 660 559 597 767 0 621 591 193 215 533 680 385 588 745 928 675 460 594 611 702 648 781 736 719 193 1145 325 102 203 690 639 729 395 265 602
488 880 878 495 882 431 729 854 561 463 871 702 733 1201 45 526 352 1076 923 308 849 887 1057 646 0 882 568 562 823 328 498 878 1035 762 965 750 884 41 992 488 1072 1026 368 568 979 516 595 479 980 935 1019 394 603 51
838 388 111 502 115 482 237 1499 639 457 104 647 241 485 893 414 843 271 156 799 88 159 289 591 882 0 712 695 332 819 631 111 229 1407 160 259 152 888 186 788 266 220 858 712 1625 649 621 722 213 443 214 534 394 898
242 647 709 338 712 274 526 942 108 306 701 249 512 1026 528 369 553 907 754 509 679 718 887 193 543 712 0 95 654 529 265 709 865 850 796 581 714 534 823 498 902 856 569 72 1068 204 142 125 811 759 850 244 385 524
264 669 692 308 696 245 543 964 130 276 685 271 535 1015 551 340 523 890 737 480 663 701 870 215 562 695 95 0 637 499 287 692 848 872 779 564 697 556 806 468 885 840 539 95 1090 226 165 148 794 749 833 214 408 546
780 106 328 444 332 424 179 1441 581 399 321 589 183 427 834 356 784 526 373 741 299 337 507 533 823 332 654 637 0 761 573 328 485 1349 415 166 334 830 442 729 521 476 800 653 1566 591 562 664 430 160 469 476 335 840
580 817 815 432 819 368 666 946 594 400 808 735 670 1138 339 463 128 1014 861 200 786 825 994 680 328 819 529 499 761 0 435 815 972 854 903 688 821 335 929 280 1009 963 139 547 1071 453 629 571 918 872 957 331 540 344
434 629 627 244 631 180 478 1115 300 212 620 441 482 951 509 275 459 826 673 415 598 637 806 385 498 631 265 287 573 435 0 627 784 1023 715 500 633 504 742 404 821 775 475 264 1241 265 334 317 730 684 769 150 352 514
835 385 107 499 111 479 234 1496 636 453 100 644 238 481 889 411 839 284 153 796 85 156 286 588 878 111 709 692 328 815 627 0 243 1403 174 255 149 884 200 784 280 234 855 708 1621 646 617 718 210 440 227 530 390 894
991 541 221 655 250 636 390 1652 792 610 206 801 394 638 1046 568 996 195 309 952 242 312 443 745 1035 229 865 848 485 972 784 243 0 1560 204 412 305 1041 178 941 200 204 1012 865 1778 802 774 875 366 596 195 687 547 1051
739 1350 1405 1021 1409 958 1229 303 811 989 1398 952 1216 1728 744 1053 879 1603 1450 835 1376 1414 1584 897 759 1408 819 841 1350 855 1010 1405 1562 0 1492 1277 1411 749 1519 1015 1598 1553 895 818 429 950 846 730 1507 1462 1546 921 1089 739
922 472 152 586 181 566 321 1583 723 541 136 731 325 569 977 498 926 220 240 883 172 243 373 675 965 160 796 779 415 903 715 174 204 1491 0 343 236 972 163 872 225 197 942 795 1708 733 705 806 297 527 190 618 478 982
707 167 255 371 259 351 106 1368 508 326 248 516 110 488 762 283 711 454 301 668 226 264 434 460 750 259 581 564 166 688 500 255 412 1276 343 0 261 757 369 657 449 403 727 581 1494 518 490 591 358 222 397 403 263 767
840 390 149 504 153 485 239 1501 641 459 142 650 243 523 895 416 845 347 194 801 126 197 327 594 884 152 714 697 334 821 633 149 305 1409 236 261 0 890 263 790 342 297 861 714 1627 651 623 724 251 445 290 536 396 900
494 886 884 501 888 437 735 860 567 469 877 708 739 1208 41 533 358 1083 930 315 855 894 1063 652 41 888 574 569 830 335 504 884 1041 768 972 757 890 0 999 494 1078 1032 374 574 986 522 601 485 987 941 1026 400 609 46
949 499 179 613 208 593 348 1610 750 568 163 758 352 596 1003 525 953 194 267 910 199 270 400 702 992 186 823 806 442 929 742 200 178 1518 163 369 263 999 0 898 199 203 969 822 1735 760 731 833 324 554 193 645 504 1009
697 786 784 401 788 337 635 1105 563 369 777 704 639 1107 499 432 202 982 829 273 755 793 963 648 488 788 498 468 729 280 404 784 941 1013 872 657 790 494 898 0 978 932 213 515 1231 422 598 580 886 841 925 300 509 504
1028 578 258 692 287 672 427 1689 829 647 242 837 431 675 1083 604 1033 216 346 989 278 349 479 781 1072 266 902 885 521 1009 821 280 200 1597 225 449 342 1078 199 978 0 225 1048 902 1815 839 811 912 403 633 215 724 584 1088
983 533 213 646 241 627 382 1644 784 601 197 792 386 629 1037 559 987 220 301 944 233 303 434 736 1026 220 856 840 476 963 775 234 204 1551 197 403 297 1032 203 932 225 0 1003 856 1769 794 765 866 358 588 220 678 538 1042
620 857 855 471 859 408 706 985 634 439 848 775 710 1178 379 503 61 1053 900 132 826 864 1034 719 368 858 569 539 800 139 475 855 1012 893 942 727 861 374 969 213 1048 1003 0 586 1111 493 668 610 957 912 996 371 580 384
241 646 708 356 712 292 525 942 108 324 701 249 512 1025 528 387 570 906 753 527 679 717 887 193 543 712 72 95 653 547 264 708 865 849 795 581 714 533 822 515 902 856 586 0 1067 204 142 125 810 759 849 262 385 524
956 1568 1623 1239 1626 1175 1446 260 1029 1207 1616 1170 1433 1946 961 1271 1096 1821 1668 1053 1593 1632 1801 1114 976 1626 1036 1058 1568 1073 1228 1623 1779 429 1710 1495 1628 966 1737 1232 1816 1771 1112 1036 0 1168 1063 947 1725 1679 1764 1138 1306 957
373 648 646 262 649 198 496 1073 239 230 639 381 501 969 527 294 477 844 691 434 616 655 824 325 516 649 204 226 591 453 265 646 802 981 733 518 651 522 760 422 839 794 493 204 1199 0 274 257 748 702 787 168 370 532
269 556 617 438 621 374 434 969 135 405 610 158 421 934 555 363 652 816 663 609 588 627 796 102 570 621 142 165 562 629 334 617 774 877 705 490 623 561 731 598 811 765 668 142 1095 274 0 152 720 668 759 344 294 551
153 657 718 421 722 357 535 853 118 389 711 259 522 1036 439 452 574 917 764 531 689 728 897 203 454 722 125 148 664 551 317 718 875 761 806 591 724 444 833 580 912 866 590 125 978 257 152 0 821 769 860 327 395 435
937 487 210 601 213 581 336 1598 738 556 202 746 340 313 991 513 941 408 142 898 187 258 117 690 980 213 811 794 430 918 730 210 366 1506 297 358 251 987 324 886 403 358 957 810 1723 748 720 821 0 511 351 633 492 997
886 161 440 555 443 536 290 1552 686 510 432 695 295 320 946 468 896 638 485 852 410 449 444 639 935 443 759 749 160 872 684 440 596 1460 527 222 445 941 554 841 633 588 912 759 1678 702 668 769 511 0 581 587 447 951
976 526 206 640 235 620 375 1637 777 595 190 785 379 623 1030 552 980 211 294 937 226 297 427 729 1019 214 850 833 469 957 769 227 195 1545 190 397 290 1026 193 925 215 220 996 849 1762 787 759 860 351 581 0 672 531 1036
443 532 530 147 534 83 381 1012 309 115 523 451 385 853 405 178 355 729 576 311 501 540 709 395 394 534 244 214 476 331 150 530 687 919 618 403 536 400 645 300 724 678 371 262 1137 168 344 327 633 587 672 0 255 410
512 392 390 223 394 204 241 1212 313 178 383 321 245 713 614 135 564 588 436 520 361 399 569 265 603 394 385 408 335 540 352 390 547 1120 478 263 396 609 504 509 584 538 580 385 1338 370 294 395 492 447 531 255 0 619
504 896 894 511 898 447 745 870 577 479 887 718 749 1217 47 542 368 1093 940 325 865 904 1073 662 51 898 584 578 840 344 514 894 1051 778 982 767 900 46 1009 504 1088 1042 384 584 996 532 611 495 997 951 1036 410 619 0
EOF