NAME : tsp_problem
TYPE : TSP
DIMENSION : 52
EDGE_WEIGHT_TYPE : EXPLICIT
EDGE_WEIGHT_FORMAT : FULL_MATRIX
EDGE_WEIGHT_SECTION
0 554 780 363 518 850 297 998 837 1095 810 347 1120 1238 508 77 964 902 100 953 947 909 612 515 424 672 126 556 1320 656 475 729 718 514 73 885 292 961 489 454 280 416 1126 1197 1047 321 152 837 813 717 930 1003
554 0 898 249 613 969 363 1117 955 1214 929 248 1239 1011 80 535 1082 1021 547 1071 1066 1027 385 70 543 791 486 578 1438 774 594 752 837 629 538 1003 411 983 607 573 341 535 899 970 1166 439 460 653 931 836 1021 1122
780 898 0 708 684 137 780 285 390 615 133 692 458 1583 853 768 251 189 773 240 234 196 957 859 602 225 817 636 839 209 653 477 271 692 764 172 542 524 667 632 758 594 1471 1542 567 505 843 734 100 270 483 290
363 249 708 0 447 778 173 926 765 1024 739 80 1048 933 203 344 892 830 357 881 876 837 307 210 353 600 296 484 1248 584 403 658 647 442 348 813 220 889 417 382 151 345 821 892 975 249 269 575 741 646 858 931
518 493 684 447 0 754 519 902 735 993 714 430 1018 1054 543 506 867 806 512 856 851 812 428 534 265 500 555 80 1217 526 135 254 622 89 503 788 281 485 95 229 497 255 942 1013 945 244 581 362 716 457 523 907
850 969 137 778 754 0 851 346 460 519 194 762 361 1653 923 838 311 250 843 301 295 257 1027 930 673 295 887 706 743 279 723 547 342 763 834 233 613 595 737 702 828 665 1541 1612 470 576 913 804 161 341 553 351
297 363 780 173 519 851 0 999 837 1096 811 157 1120 1048 318 242 964 903 308 953 948 909 422 324 425 673 194 556 1320 656 475 730 719 515 281 885 293 961 489 454 183 417 936 1007 1047 321 167 690 813 718 930 1003
998 1117 285 926 902 346 999 0 608 824 342 910 667 1801 1072 986 215 214 992 225 230 209 1175 1078 821 444 1035 854 1048 427 871 695 490 911 983 232 761 743 885 850 976 813 1689 1760 776 724 1061 952 295 489 702 216
837 955 390 765 735 460 837 608 0 342 420 749 366 1640 910 825 573 512 830 563 557 519 1014 916 659 282 873 687 566 265 710 528 173 749 821 495 599 300 724 689 815 651 1528 1599 293 562 899 785 423 327 259 613
1095 1214 615 1024 993 519 1096 824 342 0 672 1007 263 1898 1169 1083 789 728 1089 779 773 735 1272 1175 918 541 1132 946 251 524 968 786 432 1008 1080 711 858 559 982 947 1073 910 1786 1857 100 821 1158 1043 639 586 518 829
810 929 133 739 714 194 811 342 420 672 0 722 515 1614 884 798 308 246 804 297 291 253 987 890 633 256 847 667 896 239 684 507 302 723 795 229 573 555 697 662 788 625 1501 1572 624 536 873 764 157 301 514 347
347 248 692 80 430 762 157 910 749 1007 722 0 1032 933 203 328 876 814 340 865 859 821 307 209 336 584 280 468 1231 567 387 641 630 426 331 797 204 873 401 366 134 328 821 892 959 232 253 575 725 629 842 915
1120 1239 458 1048 1018 361 1120 667 366 263 515 1032 0 1923 1193 1108 632 571 1113 622 616 578 1297 1200 943 565 1157 970 487 549 993 811 457 1032 1104 554 883 584 1007 972 1098 935 1811 1882 215 846 1183 1068 482 611 543 672
1240 913 1584 935 1023 1655 1049 1803 1641 1900 1615 934 1925 0 963 1221 1768 1707 1233 1757 1752 1713 795 953 1215 1407 1172 988 2124 1433 1086 1161 1523 1039 1224 1689 1097 1393 1045 1179 1027 1205 246 579 1852 1125 1146 1063 1617 1365 1430 1808
508 80 853 203 568 923 318 1072 910 1169 884 203 1193 966 0 489 1037 976 502 1026 1021 982 340 41 498 745 441 533 1393 729 548 706 792 584 493 958 365 937 562 527 296 490 854 925 1120 394 414 608 886 791 975 1076
77 535 768 344 506 838 242 986 825 1083 798 328 1108 1219 489 0 951 890 88 941 935 897 593 496 412 660 113 544 1307 643 463 717 706 502 61 873 280 949 477 442 225 404 1107 1178 1035 308 139 825 801 705 918 991
964 1082 251 892 867 311 964 215 573 789 308 876 632 1767 1037 951 0 208 957 219 224 203 1141 1043 786 409 1000 820 1014 392 837 660 455 876 948 201 726 708 851 816 942 778 1655 1726 741 689 1026 918 261 454 667 210
902 1021 189 830 806 250 903 214 512 728 246 814 571 1705 976 890 208 0 896 207 202 163 1079 982 725 348 939 758 952 331 775 599 394 815 887 139 665 647 789 754 880 717 1593 1664 680 628 965 856 199 393 606 210
100 547 773 357 512 843 308 992 830 1089 804 340 1113 1231 502 88 957 896 0 946 941 902 605 508 418 665 137 549 1313 649 468 723 712 508 84 878 285 954 482 447 291 410 1119 1190 1040 314 163 831 806 711 923 996
953 1071 240 881 856 301 953 225 563 779 297 865 622 1756 1026 941 219 207 946 0 234 213 1130 1032 775 398 990 809 1003 382 826 649 444 865 937 190 715 697 840 805 931 767 1644 1715 730 678 1016 907 250 443 656 220
947 1066 234 876 851 295 948 230 557 773 291 859 616 1750 1021 935 224 202 941 234 0 208 1124 1027 770 393 984 803 997 376 820 644 439 860 932 184 710 692 834 799 925 762 1638 1709 725 673 1010 901 244 438 651 225
909 1027 196 837 812 257 909 209 519 735 253 821 578 1712 982 897 203 163 902 213 208 0 1086 988 731 354 946 765 959 338 782 605 400 821 893 146 671 653 796 761 887 723 1600 1671 686 634 972 863 206 399 612 204
651 324 862 346 294 932 461 1080 913 1172 893 345 1196 885 374 632 1046 984 644 1035 1029 991 0 364 486 678 584 259 1396 704 356 432 801 310 635 967 508 663 316 450 438 476 773 844 1123 495 557 334 895 636 701 1085
515 70 859 210 574 930 324 1078 916 1175 890 209 1200 972 41 496 1043 982 508 1032 1027 988 346 0 504 752 447 539 1399 735 555 713 798 590 499 964 372 944 569 534 302 496 860 931 1127 400 421 615 892 797 982 1083
424 543 602 353 265 673 425 821 659 918 633 336 943 1228 498 412 786 725 418 775 770 731 602 504 0 495 461 272 1142 478 298 445 541 280 409 707 187 677 287 277 403 239 1115 1186 870 150 487 554 635 540 715 826
672 791 225 600 500 295 673 444 282 541 256 584 565 1438 745 660 409 348 665 398 393 354 812 752 495 0 709 452 765 101 545 293 164 515 656 330 435 389 522 524 650 487 1326 1397 492 398 735 550 258 98 375 448
126 486 817 296 555 887 194 1035 873 1132 847 280 1157 1171 441 113 1000 939 137 990 984 946 545 447 461 709 0 593 1356 692 512 766 755 551 110 922 329 997 526 491 177 453 1059 1130 1084 357 120 813 850 754 967 1040
556 458 636 480 80 706 556 854 687 946 667 468 970 1019 508 544 820 758 549 809 803 765 393 498 272 452 593 0 1170 478 143 206 575 96 540 741 318 437 102 236 534 263 907 978 897 282 619 316 669 410 475 859
1305 1424 825 1234 1203 729 1306 1034 552 237 882 1217 473 2109 1379 1293 1000 938 1299 989 983 945 1482 1385 1128 751 1342 1156 0 734 1179 996 642 1218 1290 921 1068 769 1192 1158 1284 1120 1996 1838 310 1031 1368 1254 849 796 728 1039
656 774 209 584 526 279 656 427 265 524 239 567 549 1459 729 643 392 331 649 382 376 338 833 735 478 101 692 478 748 0 529 319 147 541 640 314 418 400 543 508 634 470 1347 1418 476 381 718 576 242 124 359 432
475 556 653 403 135 723 475 871 710 968 684 387 993 1117 548 463 837 775 468 826 820 782 491 555 298 545 512 143 1193 529 0 316 592 151 459 758 237 547 157 291 453 290 1005 1076 920 201 538 424 686 520 585 876
729 631 477 653 254 547 730 695 528 786 507 641 811 1193 682 717 660 599 723 649 644 605 566 672 445 293 766 206 1010 319 316 0 415 269 714 581 492 278 276 410 707 436 1080 1151 738 455 792 304 509 250 316 700
718 837 271 647 622 342 719 490 173 432 302 630 457 1522 792 706 455 394 712 444 439 400 895 798 541 164 755 575 656 147 592 415 0 631 703 376 481 308 605 571 696 533 1409 1480 384 444 781 672 304 209 267 495
514 509 692 442 89 763 515 911 749 1008 723 426 1032 1070 559 502 876 815 508 865 860 821 444 549 280 515 551 96 1232 541 151 269 631 0 498 797 277 501 111 245 492 271 958 1029 959 240 577 378 725 473 539 915
73 538 764 348 503 834 281 983 821 1080 795 331 1104 1222 493 61 948 887 84 937 932 893 596 499 409 656 110 540 1304 640 459 714 703 498 0 869 276 945 473 438 264 401 1110 1181 1031 305 136 822 797 702 914 987
885 1003 172 813 788 233 885 232 495 711 229 797 554 1688 958 873 201 139 878 190 184 146 1062 964 707 330 922 741 935 314 758 581 376 797 869 0 647 629 772 737 863 699 1576 1647 662 610 948 839 182 375 588 227
292 411 542 220 281 613 293 761 599 858 573 204 883 1095 365 280 726 665 285 715 710 671 469 372 187 435 329 318 1082 418 237 492 481 277 276 647 0 723 251 216 270 179 983 1054 810 83 355 600 575 480 693 766
961 863 524 885 485 595 961 743 300 559 555 873 584 1424 913 949 708 647 954 697 692 653 798 903 677 389 997 437 783 400 547 278 308 501 945 629 723 0 507 641 939 667 1312 1383 511 686 1023 535 557 347 117 748
489 515 667 417 95 737 489 885 724 982 697 401 1007 1076 562 477 851 789 482 840 834 796 450 556 287 522 526 102 1207 543 157 276 605 111 473 772 251 507 0 251 467 277 964 1035 934 214 552 384 700 479 545 890
454 573 632 382 229 702 454 850 689 947 662 366 972 1210 527 442 816 754 447 805 799 761 584 534 277 524 491 236 1172 508 291 410 571 245 438 737 216 641 251 0 432 268 1098 1169 899 180 517 518 665 569 679 855
280 341 758 151 497 828 183 976 815 1073 788 134 1098 1025 296 225 942 880 291 931 925 887 399 302 403 650 177 534 1298 634 453 707 696 492 264 863 270 939 467 432 0 394 913 984 1025 299 150 668 791 695 908 981
416 535 594 345 255 665 417 813 651 910 625 328 935 1219 490 404 778 717 410 767 762 723 593 496 239 487 453 263 1134 470 290 436 533 271 401 699 179 667 277 268 394 0 1107 1178 862 142 479 544 627 532 705 818
1128 801 1472 823 911 1543 937 1691 1529 1788 1503 822 1812 246 851 1109 1656 1595 1121 1645 1640 1601 683 841 1103 1295 1060 876 2012 1321 973 1049 1411 927 1112 1577 985 1280 933 1067 915 1093 0 466 1740 1013 1034 951 1505 1253 1318 1696
1199 872 1543 894 982 1614 1008 1762 1600 1859 1574 893 1883 579 922 1180 1727 1666 1192 1716 1711 1672 754 912 1174 1366 1131 947 1860 1392 1044 1120 1482 998 1183 1648 1056 1351 1004 1138 986 1164 466 0 1810 1084 1105 1022 1576 1324 1389 1767
1047 1166 567 975 945 470 1047 776 293 100 624 959 215 1850 1120 1035 741 680 1040 730 725 686 1224 1127 870 492 1084 897 324 476 920 738 384 959 1031 662 810 511 934 899 1025 862 1738 1809 0 773 1110 995 590 538 470 781
321 439 505 249 244 576 321 724 562 821 536 232 846 1124 394 308 689 628 314 678 673 634 498 400 150 398 357 282 1045 381 201 455 444 240 305 610 83 686 214 180 299 142 1012 1082 773 0 383 563 538 443 656 729
152 460 843 269 581 913 167 1061 899 1158 873 253 1183 1144 414 139 1026 965 163 1016 1010 972 518 421 487 735 120 619 1382 718 538 792 781 577 136 948 355 1023 552 517 150 479 1032 1103 1110 383 0 786 876 780 993 1066
837 533 734 555 362 804 670 952 785 1043 764 555 1068 1094 584 825 918 856 831 907 901 863 468 574 554 550 793 316 1268 576 424 304 672 378 822 839 600 535 384 518 648 544 982 1053 995 563 766 0 767 507 573 957
813 931 100 741 716 161 813 295 423 639 157 725 482 1616 886 801 261 199 806 250 244 206 990 892 635 258 850 669 863 242 686 509 304 725 797 182 575 557 700 665 791 627 1504 1575 590 538 876 767 0 303 516 300
717 835 270 646 457 341 718 489 327 586 301 629 611 1396 791 705 454 393 711 443 438 399 770 797 540 98 754 410 810 124 520 250 209 473 702 375 480 347 479 569 695 532 1284 1355 538 443 780 507 303 0 384 494
930 900 483 858 523 553 930 702 259 518 514 842 543 1462 951 918 667 606 923 656 651 612 836 941 715 375 967 475 742 359 585 316 267 539 914 588 693 117 545 679 908 705 1349 1420 470 656 993 573 516 384 0 706
1003 1122 290 931 907 351 1003 216 613 829 347 915 672 1806 1076 991 210 210 996 220 225 204 1180 1083 826 448 1040 859 1053 432 876 700 495 915 987 227 766 748 890 855 981 818 1694 1765 781 729 1066 957 300 494 706 0
EOF