NAME : tsp_problem
TYPE : TSP
DIMENSION : 48
EDGE_WEIGHT_TYPE : EXPLICIT
EDGE_WEIGHT_FORMAT : FULL_MATRIX
EDGE_WEIGHT_SECTION
0 825 230 559 1049 554 266 502 609 423 537 119 288 1027 676 305 689 168 337 184 417 407 540 386 244 380 538 897 259 658 713 637 328 352 297 460 535 628 447 505 654 133 1389 550 308 728 697 543
825 0 1007 1337 251 412 993 601 1387 562 676 744 1066 1804 772 1083 785 931 533 947 1195 455 672 524 1008 1158 634 1675 681 754 420 462 1106 1130 1075 598 631 724 586 608 750 911 590 1024 1086 824 159 638
230 1007 0 371 1231 736 448 684 421 605 719 301 127 839 858 328 871 350 519 366 229 589 722 567 426 253 720 709 441 840 895 819 167 191 326 642 717 810 629 687 836 137 1571 603 147 910 879 725
560 1338 372 0 1562 963 461 1015 235 828 708 632 458 625 1189 659 1202 538 850 617 371 920 1053 871 477 584 1051 495 731 1171 1226 1150 498 521 657 785 1048 1141 803 1018 1167 468 1902 530 478 1241 1210 1055
1035 237 1217 1547 0 622 1203 811 1597 772 886 954 1276 2014 982 1293 995 1141 743 1158 1405 666 882 734 1218 1368 844 1885 891 964 631 672 1316 1340 1285 808 841 934 796 818 960 1121 442 1234 1296 1034 369 849
554 412 736 994 636 0 616 369 1044 291 383 473 795 1462 543 812 556 660 262 676 923 184 408 253 633 887 406 1332 409 525 581 504 835 858 803 327 402 495 315 373 521 639 975 648 815 596 283 410
266 993 448 492 1217 616 0 675 542 481 361 324 507 960 849 524 863 149 510 228 513 581 714 525 88 599 712 830 385 831 887 810 547 570 515 439 708 802 457 679 827 351 1556 344 527 902 864 716
502 601 684 1013 825 369 675 0 1063 239 352 421 743 1481 219 760 232 608 210 624 871 223 119 201 684 835 81 1351 357 201 256 180 783 806 751 275 78 171 263 55 197 587 1164 707 763 271 512 86
720 1498 532 317 1722 1122 620 1174 0 987 867 792 617 525 1348 818 1362 698 1009 777 531 1080 1213 1031 637 744 1211 395 891 1330 1386 1309 657 681 817 945 1207 1301 963 1178 1326 628 1932 689 637 1401 1369 1215
423 562 605 859 786 291 481 239 909 0 158 342 664 1326 413 681 426 529 131 546 793 144 277 122 497 756 275 1197 279 395 450 374 704 728 673 81 272 365 80 242 391 509 1125 513 684 465 434 279
537 676 719 739 900 383 361 352 789 158 0 456 778 1206 526 795 539 439 245 518 760 257 391 202 377 870 389 1077 392 508 564 487 818 841 786 134 385 478 134 356 504 622 1239 393 798 579 547 393
119 744 301 631 968 473 324 421 680 342 456 0 360 1098 595 377 608 225 256 241 489 326 459 304 302 452 457 969 178 576 632 556 400 424 369 378 453 547 366 424 573 205 1307 527 380 647 615 461
288 1066 127 456 1290 795 507 743 506 664 778 360 0 924 917 232 930 408 578 425 314 648 781 626 485 157 779 794 500 899 954 878 193 115 267 700 775 869 688 746 895 196 1629 688 186 969 938 783
1028 1806 840 625 2030 1430 929 1483 703 1295 1175 1100 926 0 1657 1127 1670 1006 1317 1085 839 1388 1521 1339 945 1052 1519 198 1199 1638 1694 1618 965 989 1125 1253 1515 1609 1271 1486 1635 936 1839 997 946 1709 1677 1523
676 772 858 1187 996 543 849 219 1237 413 526 595 917 1655 0 934 182 782 384 798 1045 397 290 375 858 1009 214 1525 531 183 427 351 957 980 925 449 227 197 437 226 222 761 1335 881 937 215 686 165
305 1083 328 657 1307 812 524 760 707 681 795 377 232 1125 934 0 947 426 595 442 515 665 798 643 502 139 796 995 517 916 971 895 245 167 56 718 793 886 705 763 912 238 1647 808 239 986 955 800
689 785 871 1201 1009 556 863 232 1250 426 539 608 930 1668 182 947 0 795 397 811 1059 410 303 388 872 1022 227 1539 545 155 440 364 970 993 939 462 241 186 450 239 204 774 1348 894 950 187 699 178
168 931 350 569 1155 660 149 608 619 529 439 225 408 1037 782 426 795 0 443 290 537 513 646 491 166 501 644 908 365 764 819 743 448 472 417 517 641 734 534 611 760 253 1495 422 429 834 803 648
337 533 519 848 757 262 510 210 898 131 245 256 578 1316 384 595 397 443 0 459 706 115 248 93 519 670 246 1186 192 366 421 345 617 641 586 167 243 336 155 213 362 422 1096 542 598 436 405 250
184 947 366 648 1172 676 228 624 698 546 518 241 425 1116 798 442 811 290 459 0 553 529 662 508 245 517 660 986 381 780 836 759 464 488 433 582 657 750 569 628 776 269 1511 501 445 850 819 665
417 1195 229 430 1419 923 594 871 480 793 840 489 314 898 1045 515 1059 537 706 553 0 777 910 755 610 441 908 768 629 1027 1083 1006 354 378 514 829 904 998 817 875 1023 325 1758 662 335 1098 1066 912
407 455 589 919 680 184 581 223 968 144 257 326 648 1386 397 665 410 513 115 529 777 0 261 106 590 740 259 1257 263 378 434 358 688 711 657 180 255 349 168 226 375 492 1019 612 668 449 327 263
540 672 722 1052 896 408 714 119 1102 277 391 459 781 1519 290 798 303 646 248 662 910 261 0 239 723 873 152 1390 396 272 327 251 821 845 790 313 149 242 301 126 268 626 1235 745 801 342 551 157
386 524 567 897 748 253 525 201 947 122 202 304 626 1365 375 643 388 491 93 508 755 106 239 0 541 718 237 1235 241 357 412 336 666 690 635 125 234 327 124 204 353 471 1088 556 646 427 396 241
244 1008 426 508 1232 633 88 684 558 497 377 302 485 976 858 502 872 166 519 245 529 590 723 541 0 577 721 846 401 840 896 819 525 548 494 455 717 811 473 688 836 329 1571 360 505 911 879 725
380 1158 253 582 1382 887 599 835 632 756 870 452 157 1050 1009 139 1022 501 670 517 441 740 873 718 577 0 871 921 592 991 1046 970 171 92 131 792 868 961 780 838 987 313 1722 815 164 1061 1030 875
538 634 720 1050 858 406 712 81 1099 275 389 457 779 1517 214 796 227 644 246 660 908 259 152 237 721 871 0 1388 394 195 289 213 819 843 788 311 111 166 299 88 192 624 1197 743 799 266 548 97
898 1676 710 495 1900 1301 799 1353 573 1166 1046 970 796 198 1527 997 1540 876 1188 955 709 1258 1391 1209 815 922 1389 0 1069 1509 1564 1488 836 859 995 1124 1386 1479 1141 1356 1505 806 1709 868 816 1579 1548 1393
259 681 441 763 905 409 385 357 812 279 392 178 500 1230 531 517 545 365 192 381 629 263 396 241 401 592 394 1101 0 513 569 492 540 564 509 315 390 484 303 361 509 345 1244 416 520 584 552 398
658 754 840 1169 978 525 831 201 1219 395 508 576 899 1637 183 916 155 764 366 780 1027 378 272 357 840 991 195 1507 513 0 409 333 938 962 907 431 209 178 418 208 204 743 1317 862 919 189 668 147
713 420 895 1225 645 581 887 256 1275 450 564 632 954 1692 427 971 440 819 421 836 1083 434 327 412 896 1046 289 1563 569 409 0 117 994 1018 963 486 286 379 474 264 405 799 984 918 974 479 341 294
637 462 819 1148 686 504 810 180 1198 374 487 556 878 1616 351 895 364 743 345 759 1006 358 251 336 819 970 213 1486 492 333 117 0 918 941 886 410 210 303 398 187 329 722 1025 842 898 403 383 217
328 1106 167 496 1330 835 547 783 546 704 818 400 193 964 957 245 970 448 617 464 354 688 821 666 525 171 819 834 540 938 994 918 0 128 280 740 815 909 728 786 935 236 1669 728 200 1009 977 823
352 1130 191 520 1354 858 570 806 570 728 841 424 115 988 980 167 993 472 641 488 378 711 845 690 548 92 843 858 564 962 1018 941 128 0 202 764 839 933 752 810 958 260 1693 752 121 1033 1001 847
297 1075 326 656 1299 803 515 751 706 673 786 369 267 1123 925 56 939 417 586 433 514 657 790 635 494 131 788 994 509 907 963 886 280 202 0 709 784 878 697 755 903 230 1638 800 273 978 946 792
460 598 642 817 822 327 439 275 867 81 134 378 700 1284 449 718 462 517 167 582 829 180 313 125 455 792 311 1155 315 431 486 410 740 764 709 0 308 401 56 278 427 545 1162 470 720 501 470 315
535 631 717 1046 855 402 708 78 1096 272 385 453 775 1514 227 793 241 641 243 657 904 255 149 234 717 868 111 1384 390 209 286 210 815 839 784 308 0 180 295 85 206 620 1194 739 796 280 545 111
628 724 810 1140 948 495 802 171 1189 365 478 547 869 1607 197 886 186 734 336 750 998 349 242 327 811 961 166 1478 484 178 379 303 909 933 878 401 180 0 389 178 175 713 1287 833 889 219 638 117
447 586 629 834 810 315 457 263 884 80 134 366 688 1302 437 705 450 534 155 569 817 168 301 124 473 780 299 1172 303 418 474 398 728 752 697 56 295 389 0 266 415 533 1149 488 708 489 457 303
505 608 687 1017 833 373 679 55 1067 242 356 424 746 1484 226 763 239 611 213 628 875 226 126 204 688 838 88 1355 361 208 264 187 786 810 755 278 85 178 266 0 204 591 1172 710 766 278 516 93
654 750 836 1165 974 521 827 197 1215 391 504 573 895 1633 222 912 204 760 362 776 1023 375 268 353 836 987 192 1503 509 204 405 329 935 958 903 427 206 175 415 204 0 739 1313 859 915 237 664 143
133 911 137 467 1135 639 351 587 517 509 622 205 196 934 761 238 774 253 422 269 325 492 626 471 329 313 624 805 345 743 799 722 236 260 230 545 620 713 533 591 739 0 1474 636 216 814 782 628
1424 626 1606 1936 464 1011 1592 1200 1986 1161 1275 1343 1665 1839 1371 1682 1384 1530 1132 1547 1794 1055 1271 1123 1607 1757 1233 1709 1280 1353 1020 1061 1705 1729 1674 1197 1230 1323 1185 1208 1349 1510 0 1623 1685 1423 758 1238
550 1024 583 561 1248 648 344 707 611 513 393 527 668 1029 881 808 894 422 542 501 582 612 745 556 360 795 743 899 416 862 918 842 708 732 800 470 739 833 488 710 859 636 1587 0 688 933 896 747
308 1086 147 476 1310 815 527 763 526 684 798 380 186 944 937 239 950 429 598 445 335 668 801 646 505 164 799 815 520 919 974 898 200 121 273 720 796 889 708 766 915 216 1650 709 0 989 958 803
728 824 910 1240 1048 596 902 271 1289 465 579 647 969 1707 215 986 187 834 436 850 1098 449 342 427 911 1061 266 1578 584 189 479 403 1009 1033 978 501 280 219 489 278 237 814 1387 933 989 0 738 217
697 159 879 1208 383 283 864 512 1258 434 547 615 938 1676 686 955 699 803 405 819 1066 327 551 396 879 1030 548 1546 552 668 341 383 977 1001 946 470 545 638 457 516 664 782 722 896 958 738 0 553
543 638 725 1054 863 410 716 86 1104 279 393 461 783 1522 165 800 178 648 250 665 912 263 157 241 725 875 97 1392 398 147 294 217 823 847 792 315 111 117 303 93 143 628 1202 747 803 217 553 0
EOF