NAME : tsp_problem
TYPE : TSP
DIMENSION : 82
EDGE_WEIGHT_TYPE : EXPLICIT
EDGE_WEIGHT_FORMAT : FULL_MATRIX
EDGE_WEIGHT_SECTION
0 702 1029 251 235 698 740 449 631 565 187 183 305 209 448 1082 510 395 177 1537 218 362 939 868 258 219 793 951 1037 965 1072 225 1649 993 408 504 510 886 239 216 958 233 220 965 698 540 238 958 212 619 260 988 1792 188 941 193 1186 246 1052 231 985 963 834 1719 965 386 195 720 1033 1712 1014 606 668 870 735 403 229 567 225 618 626 819
702 0 1032 528 687 364 628 308 164 316 704 561 595 653 347 857 275 409 557 1200 549 652 563 871 531 537 562 954 903 968 868 681 1312 617 331 517 287 885 549 748 961 545 686 968 431 238 520 961 533 443 491 611 1679 672 564 667 849 553 888 675 871 966 837 1383 968 400 629 723 908 1375 1017 620 120 501 511 389 692 300 553 171 584 443
1029 1032 0 855 1014 740 456 790 971 906 1031 888 921 980 789 440 851 678 884 895 876 978 592 226 858 864 509 188 395 202 430 1008 1007 646 749 607 850 244 876 1074 142 872 1012 125 1038 880 847 177 860 677 818 641 1150 999 594 994 544 880 410 1002 343 126 294 1078 184 727 956 363 391 1070 72 461 949 586 1118 743 1019 908 880 900 1191 818
251 528 855 0 236 524 566 275 457 391 253 110 144 202 274 908 336 221 106 1363 98 201 765 694 96 86 619 777 863 791 897 230 1474 819 234 330 336 712 98 297 784 94 235 790 524 366 76 783 82 445 98 813 1618 221 767 216 1012 102 878 224 811 788 660 1545 791 212 178 546 859 1538 840 432 494 696 573 229 241 393 102 444 465 645
235 687 1014 236 0 684 725 435 616 551 201 169 291 204 434 1067 496 381 162 1522 203 348 924 853 243 205 779 936 1023 951 1057 232 1634 978 393 489 495 871 224 230 943 219 235 950 683 525 223 943 197 605 245 973 1777 203 926 208 1171 231 1037 226 970 948 820 1705 950 372 180 705 1019 1697 999 592 653 855 720 388 242 553 210 604 612 804
698 364 740 524 684 0 336 459 450 306 700 558 591 650 337 566 264 348 553 908 546 648 271 579 528 533 270 662 611 676 576 677 1020 325 418 276 277 593 546 744 669 542 682 676 708 524 516 669 530 151 487 319 1387 669 273 664 557 549 596 672 580 674 546 1091 676 396 626 431 616 1083 725 334 281 209 788 379 688 578 549 232 861 151
740 628 456 566 725 336 0 501 683 570 742 599 633 691 500 508 528 389 595 964 587 690 336 295 569 575 220 378 464 392 498 719 1075 390 460 318 540 313 587 786 385 583 724 391 749 592 558 384 571 388 529 385 1219 710 338 705 612 591 479 713 412 389 261 1146 392 438 667 147 460 1139 441 172 545 232 830 455 730 619 591 496 903 414
449 308 790 275 435 459 501 0 237 326 451 309 342 400 209 842 271 156 304 1298 296 399 700 629 279 284 554 712 798 726 832 428 1409 754 169 264 271 647 296 495 719 293 433 725 304 146 267 718 280 380 238 748 1553 420 702 415 946 300 813 423 746 723 595 1480 726 147 376 481 794 1473 775 367 378 631 384 164 439 173 300 379 457 580
631 164 971 457 616 450 683 237 0 402 633 490 524 582 391 943 360 338 486 1286 478 580 648 810 460 466 648 893 980 908 954 610 1397 702 260 446 373 828 478 676 901 474 615 907 360 202 449 900 462 529 420 697 1735 601 650 596 934 482 974 604 927 905 777 1468 907 329 558 663 976 1461 956 549 206 586 440 346 621 229 482 256 513 528
565 316 906 391 551 306 570 326 402 0 567 425 458 517 161 800 212 272 420 1142 413 515 505 745 395 400 504 828 845 842 810 544 1254 559 285 381 211 763 413 611 835 409 549 841 575 417 383 835 396 385 354 553 1621 536 506 531 791 416 830 539 814 839 711 1325 842 230 492 597 850 1317 891 483 233 443 655 204 555 444 416 184 728 385
187 704 1031 253 201 700 742 451 633 567 0 185 307 175 450 1083 512 397 178 1539 219 364 941 870 260 221 795 953 1039 967 1073 192 1650 995 410 505 511 887 241 183 960 235 187 966 699 542 239 959 213 621 261 989 1794 155 942 160 1187 248 1054 197 986 964 836 1721 967 388 196 722 1035 1714 1015 608 669 872 737 405 196 569 227 620 628 821
183 561 888 110 169 558 599 309 490 425 185 0 165 135 308 941 370 255 55 1396 96 222 798 727 117 98 653 810 897 824 931 162 1508 852 267 363 369 745 117 229 817 112 167 824 557 399 97 817 90 479 119 847 1651 154 800 149 1045 123 911 157 844 822 694 1579 824 246 111 579 893 1571 873 466 527 729 594 262 173 427 103 478 486 678
305 595 921 144 291 591 633 342 524 458 307 165 0 257 341 974 403 288 160 1430 153 142 831 760 151 140 686 843 930 858 964 284 1541 886 301 396 402 778 153 351 851 149 289 857 439 433 130 850 137 512 152 880 1685 276 833 271 1078 156 945 279 877 855 727 1612 857 279 233 613 926 1604 906 499 560 763 470 295 295 460 156 511 361 711
209 653 980 202 204 650 691 400 582 517 175 135 257 0 399 1033 462 346 128 1488 169 314 890 819 209 171 745 902 988 916 1023 197 1600 944 359 455 461 837 190 204 909 185 202 916 649 491 189 909 163 571 211 939 1743 177 892 182 1137 197 1003 192 936 914 785 1671 916 338 146 671 985 1663 965 557 619 821 686 354 208 519 176 570 578 770
448 347 789 274 434 337 500 209 391 161 450 308 341 399 0 830 106 155 303 1172 295 398 535 628 277 283 534 711 797 725 831 427 1284 589 168 263 106 646 295 494 718 291 432 724 457 300 266 717 279 379 237 583 1552 418 537 413 821 299 812 421 745 722 594 1355 725 124 375 480 793 1347 774 366 264 473 538 98 438 327 299 214 611 415
1082 988 440 908 1067 696 508 842 1024 930 1083 941 974 1033 841 0 888 731 937 793 929 1031 490 258 911 917 562 552 75 567 40 1060 905 544 801 659 901 254 929 1127 369 925 1065 522 1091 933 900 559 913 730 870 539 1048 1052 492 1047 442 933 60 1055 179 523 436 976 566 780 1009 416 80 968 425 513 905 635 1171 796 1071 961 932 856 1244 760
510 275 851 336 496 264 528 271 360 212 512 370 403 462 106 758 0 217 365 1100 358 460 463 690 340 345 462 773 803 787 768 489 1212 517 230 326 156 708 358 556 780 354 494 786 520 362 328 780 341 343 299 511 1579 481 464 476 749 361 788 484 772 784 656 1283 787 175 437 542 808 1275 836 428 191 401 600 149 500 389 361 142 673 343
395 409 678 221 381 348 389 156 338 272 397 255 288 346 155 731 217 0 250 1186 243 345 588 517 225 230 443 600 687 615 721 374 1298 643 115 198 217 535 243 441 607 239 379 614 405 247 213 607 226 269 184 637 1441 366 590 361 835 246 701 369 634 612 484 1369 614 93 322 369 683 1361 663 256 375 519 485 110 385 274 246 325 558 468
177 557 884 106 162 553 595 304 486 420 178 55 160 128 303 937 365 250 0 1392 89 217 794 723 113 91 648 806 892 820 927 156 1504 848 263 359 365 741 111 222 813 105 160 820 553 395 93 813 83 474 115 843 1647 147 796 142 1041 118 907 150 840 818 689 1575 820 241 104 575 888 1567 869 461 523 725 590 258 166 422 97 473 481 674
1538 1169 897 1364 1524 877 942 1299 1255 1111 1540 1398 1431 1490 1141 684 1069 1188 1393 0 1386 1488 671 715 1368 1373 876 1009 729 1024 694 1517 180 725 1258 1116 1081 711 1386 1584 826 1382 1522 979 1548 1328 1356 1016 1370 956 1327 719 1505 1509 673 1504 482 1389 715 1512 698 980 893 355 1023 1209 1466 873 735 347 881 970 1086 815 1628 1183 1528 1418 1389 1037 1701 940
218 549 876 98 203 546 587 296 478 413 219 96 153 169 295 929 358 243 89 1384 0 210 786 715 105 95 641 798 884 812 919 196 1496 840 255 351 357 733 107 263 805 103 201 812 545 387 85 805 91 467 107 835 1639 188 788 183 1033 111 899 191 832 810 681 1567 812 234 145 567 881 1559 861 453 515 717 582 250 207 415 111 466 474 666
362 652 978 201 348 648 690 399 580 515 364 222 142 314 398 1031 460 345 217 1486 210 0 888 817 208 197 743 900 987 915 1021 341 1598 943 358 453 459 835 210 408 907 206 346 914 383 489 187 907 193 569 209 937 1742 333 890 328 1135 213 1002 336 934 912 784 1669 914 336 290 670 983 1661 963 556 617 819 414 352 352 517 213 568 305 768
939 563 572 765 924 271 336 700 648 505 941 798 831 890 535 359 463 588 794 702 786 888 0 390 768 774 270 662 405 676 370 918 814 119 659 517 475 387 786 984 501 782 922 655 942 722 757 669 770 350 728 113 1181 909 66 904 351 790 390 912 373 656 545 885 676 603 866 431 410 877 557 456 479 209 1023 577 929 812 790 430 1095 312
868 871 226 694 853 579 295 629 810 745 870 727 760 819 628 258 690 517 723 713 715 817 410 0 697 703 348 339 214 353 248 847 825 465 588 446 689 83 715 913 155 711 852 309 877 720 686 345 699 516 657 459 969 838 412 833 362 719 229 841 161 310 222 896 353 566 795 203 210 888 211 300 788 425 957 582 858 747 719 739 1030 657
258 531 858 96 243 528 569 279 460 395 260 117 151 209 277 911 340 225 113 1366 105 208 768 697 0 93 623 780 867 794 901 237 1478 822 237 333 339 715 105 304 787 101 242 794 527 369 83 787 89 449 105 817 1621 228 770 223 1015 109 881 231 814 792 664 1549 794 216 185 549 863 1541 843 435 497 699 580 232 248 397 109 448 472 648
219 537 864 86 205 533 575 284 466 400 221 98 140 171 283 917 345 230 91 1372 95 197 774 703 93 0 628 786 872 800 907 198 1484 828 243 339 345 721 95 265 793 91 203 800 533 375 73 793 79 454 95 823 1627 190 776 185 1021 99 887 193 820 798 669 1555 800 221 147 555 868 1547 849 441 503 705 570 238 209 402 99 453 461 654
793 562 509 619 779 270 220 554 648 504 795 653 686 745 534 562 462 443 648 908 641 743 270 348 623 628 0 431 517 445 552 772 1019 324 513 371 474 366 641 839 438 637 777 445 803 645 611 438 625 349 582 319 1272 764 272 759 556 644 532 767 465 443 314 1090 445 491 721 200 514 1082 494 225 479 166 883 508 783 673 644 430 956 348
951 954 188 777 936 662 378 712 893 828 953 810 843 902 711 552 773 600 806 1008 798 900 662 339 780 786 431 0 508 108 542 930 1119 716 671 529 772 357 798 996 308 794 934 107 960 802 769 100 782 599 740 711 1263 921 664 916 656 802 523 924 456 105 199 1190 107 649 878 285 504 1183 238 383 871 508 1040 665 941 830 802 822 1113 740
1037 944 395 863 1023 652 464 798 980 886 1039 897 930 988 797 75 844 687 892 749 884 987 446 214 867 872 517 508 0 522 65 1016 860 500 757 615 856 210 884 1083 324 881 1021 478 1047 889 855 515 868 685 826 494 1004 1008 448 1002 397 888 47 1010 134 479 391 931 522 735 964 372 36 924 380 469 861 590 1127 752 1027 916 888 812 1200 715
965 968 202 791 951 676 392 726 908 842 967 824 858 916 725 567 787 615 820 1022 812 915 676 353 794 800 445 108 522 0 557 944 1134 731 685 543 786 371 812 1011 323 808 949 121 974 817 783 114 796 613 754 725 1277 935 678 930 671 816 537 938 470 119 214 1205 121 663 892 300 519 1197 253 397 885 522 1055 680 955 844 816 836 1128 755
1072 978 430 897 1057 686 498 832 1014 920 1073 931 964 1023 831 40 878 721 927 783 919 1021 480 248 901 907 552 542 65 557 0 1050 895 534 791 649 891 244 919 1117 359 915 1055 512 1081 923 889 549 903 720 860 529 1038 1042 482 1037 432 923 50 1045 169 513 426 966 556 770 999 406 70 958 415 503 895 624 1161 786 1061 951 922 846 1234 749
225 681 1008 230 232 677 719 428 610 544 192 162 284 197 427 1060 489 374 156 1516 196 341 918 847 237 198 772 930 1016 944 1050 0 1627 972 387 482 488 865 218 221 937 212 225 943 676 519 217 936 190 598 238 966 1771 193 919 198 1164 225 1031 219 964 941 813 1698 944 365 173 699 1012 1691 993 585 646 849 714 382 234 546 204 597 605 798
1650 1280 1008 1476 1635 989 1054 1411 1366 1223 1652 1509 1543 1601 1253 795 1181 1299 1505 180 1497 1600 782 827 1479 1485 988 1121 841 1135 806 1629 0 837 1370 1228 1193 823 1497 1696 937 1493 1634 1091 1659 1440 1468 1128 1481 1068 1439 831 1617 1620 784 1615 594 1501 826 1623 809 1092 1004 466 1135 1321 1577 985 846 459 993 1082 1197 927 1740 1295 1640 1529 1501 1148 1812 1052
993 617 626 819 978 325 390 754 702 559 995 852 886 944 589 414 517 643 848 756 840 943 119 445 822 828 324 716 459 731 424 972 868 0 713 571 529 441 840 1039 555 836 977 709 997 776 811 723 824 404 782 111 1235 963 120 958 405 844 444 966 428 710 600 939 730 657 920 485 464 931 611 510 534 263 1077 631 983 866 844 484 1150 242
408 331 749 234 393 418 460 169 260 285 410 267 301 359 168 801 230 115 263 1257 255 358 659 588 237 243 513 671 757 685 791 387 1368 713 0 223 229 605 255 454 678 251 392 684 327 169 226 677 239 339 197 707 1512 378 660 373 905 259 772 381 704 682 554 1439 685 106 335 440 753 1432 733 326 387 590 407 123 398 197 259 338 480 539
504 517 607 330 489 276 318 264 446 381 505 363 396 455 263 659 326 198 359 1115 351 453 517 446 333 339 371 529 615 543 649 482 1226 571 223 0 325 464 351 549 536 347 487 542 513 355 322 535 335 197 292 565 1370 474 518 469 763 355 630 477 563 540 412 1297 543 202 431 298 611 1290 592 184 483 448 593 218 493 383 354 434 666 397
510 287 850 336 495 277 540 271 373 211 511 369 402 461 106 770 156 217 365 1113 357 459 475 689 339 345 474 772 816 786 780 488 1224 529 229 325 0 707 357 555 779 353 493 786 519 361 328 779 341 356 298 524 1591 480 477 475 761 361 801 483 784 784 655 1295 786 174 437 541 821 1288 835 427 204 413 599 148 499 389 360 155 672 355
886 889 244 712 871 597 313 647 828 763 887 745 778 837 646 254 708 535 741 709 733 835 407 83 715 721 366 357 210 371 244 865 821 461 605 464 707 0 733 931 173 729 869 327 895 737 704 363 717 534 675 455 965 856 408 851 358 737 225 859 157 328 240 892 371 584 813 220 206 884 229 318 806 442 975 600 876 765 737 757 1048 675
239 549 876 98 224 546 587 296 478 413 241 117 153 190 295 929 358 243 111 1384 107 210 786 715 105 95 641 798 884 812 919 218 1496 840 255 351 357 733 0 284 805 103 223 812 545 387 85 805 91 467 107 835 1639 209 788 204 1033 111 899 212 832 810 681 1567 812 234 166 567 881 1559 861 453 515 717 582 250 229 415 111 466 474 666
216 748 1074 297 230 744 786 495 676 611 183 229 351 204 494 1127 556 441 222 1582 263 408 984 913 304 265 839 996 1083 1011 1117 221 1694 1039 454 549 555 931 284 0 1003 279 216 1010 743 586 283 1003 257 665 305 1033 1838 184 986 189 1231 292 1098 226 1030 1008 880 1765 1010 432 227 766 1079 1757 1059 652 713 915 781 448 225 613 271 664 672 864
958 961 142 784 943 669 385 719 901 835 960 817 851 909 718 369 780 607 813 824 805 907 521 155 787 793 438 308 324 323 359 937 936 575 678 536 779 173 805 1003 0 801 942 224 967 810 776 297 789 606 747 570 1079 928 523 923 473 809 339 931 272 226 312 1007 304 656 885 293 321 999 130 390 878 515 1047 673 948 837 809 829 1120 748
233 545 872 94 219 542 583 293 474 409 235 112 149 185 291 925 354 239 105 1380 103 206 782 711 101 91 637 794 881 808 915 212 1492 836 251 347 353 729 103 279 801 0 217 808 541 383 81 801 87 463 103 831 1635 204 784 199 1029 107 895 207 828 806 678 1563 808 230 160 563 877 1555 857 449 511 713 578 246 223 411 107 462 470 662
220 686 1012 235 235 682 724 433 615 549 187 167 289 202 432 1065 494 379 160 1521 201 346 922 852 242 203 777 934 1021 949 1055 225 1632 977 392 487 493 869 223 216 942 217 0 948 681 524 221 941 195 603 243 971 1776 188 924 194 1169 230 1036 224 968 946 818 1703 948 370 178 704 1017 1695 997 590 651 854 719 387 230 551 209 602 610 802
965 968 125 790 950 676 391 725 907 841 966 824 857 916 724 522 786 614 820 978 812 914 675 309 794 800 445 107 478 121 512 943 1089 729 684 542 786 327 812 1010 224 808 948 0 974 816 782 96 796 613 753 724 1233 935 677 930 626 816 493 938 426 101 213 1160 103 663 892 299 474 1153 154 396 884 521 1054 679 954 844 815 835 1127 754
698 431 1038 524 683 708 749 304 360 575 699 557 439 649 457 1091 520 405 553 1546 545 383 942 877 527 533 803 960 1047 974 1081 676 1658 997 327 513 519 895 545 743 967 541 681 974 0 269 516 967 529 629 486 991 1801 668 944 663 1195 549 1061 671 994 972 844 1729 974 396 625 729 1043 1721 1023 615 500 879 111 412 687 213 548 550 184 822
540 238 880 366 525 524 592 146 202 417 542 399 433 491 300 933 362 247 395 1359 387 489 722 720 369 375 645 802 889 817 923 519 1471 776 169 355 361 737 387 586 810 383 524 816 269 0 358 809 371 471 329 771 1644 510 724 505 1008 391 904 513 836 814 686 1542 816 238 467 572 885 1534 865 458 280 660 349 255 530 138 391 330 422 602
238 520 847 76 223 516 558 267 449 383 239 97 130 189 266 900 328 213 93 1355 85 187 757 686 83 73 611 769 855 783 889 217 1467 811 226 322 328 704 85 283 776 81 221 782 516 358 0 776 69 437 85 805 1610 208 759 203 1004 89 870 211 803 780 652 1537 783 204 165 538 851 1530 832 424 486 688 560 221 228 385 88 436 451 637
958 961 177 783 943 669 384 718 900 835 959 817 850 909 717 559 780 607 813 1014 805 907 669 345 787 793 438 100 515 114 549 936 1126 723 677 535 779 363 805 1003 297 801 941 96 967 809 776 0 789 606 746 717 1270 928 670 923 663 809 530 931 462 94 206 1197 96 656 885 292 511 1189 227 389 877 514 1047 672 947 837 808 828 1120 747
212 533 860 82 197 530 571 280 462 396 213 90 137 163 279 913 341 226 83 1368 91 193 770 699 89 79 625 782 868 796 903 190 1480 824 239 335 341 717 91 257 789 87 195 796 529 371 69 789 0 450 91 819 1623 182 772 177 1017 95 883 185 816 794 665 1551 796 217 139 551 864 1543 845 437 499 701 566 234 201 399 95 450 457 650
619 443 677 445 605 151 388 380 529 385 621 479 512 571 379 645 343 269 474 987 467 569 350 516 449 454 349 599 685 613 655 598 1099 404 339 197 356 534 467 665 606 463 603 613 629 471 437 606 450 0 408 398 1440 590 351 585 636 470 675 593 633 611 482 1170 613 317 546 368 682 1162 662 254 360 288 709 334 609 498 470 311 782 230
260 491 818 98 245 487 529 238 420 354 261 119 152 211 237 870 299 184 115 1326 107 209 728 657 105 95 582 740 826 754 860 238 1437 782 197 292 298 675 107 305 747 103 243 753 486 329 85 746 91 408 0 776 1581 230 729 225 974 111 841 233 774 751 623 1508 754 175 187 509 822 1501 803 395 456 659 567 192 249 356 110 407 473 608
988 611 621 813 973 319 385 748 697 553 989 847 880 939 583 408 511 637 843 751 835 937 113 439 817 823 319 711 454 725 419 966 862 111 707 565 524 435 835 1033 550 831 971 703 991 771 805 717 819 398 776 0 1229 958 115 953 399 839 439 961 422 705 594 933 725 652 915 480 459 926 606 505 528 257 1071 626 977 861 838 479 1144 266
1792 1699 1150 1618 1777 1407 1219 1553 1735 1641 1794 1651 1685 1743 1552 1048 1599 1441 1647 1504 1639 1742 1201 969 1621 1627 1272 1263 1004 1277 1038 1771 1615 1255 1512 1370 1611 965 1639 1838 1079 1635 1776 1233 1801 1644 1610 1270 1623 1440 1581 1249 0 1762 1202 1757 1152 1643 1019 1765 952 1234 1146 1686 1277 1490 1719 1127 1000 1679 1135 1224 1616 1345 1767 1507 1782 1671 1643 1566 1930 1470
188 672 999 221 203 669 710 420 601 536 155 154 276 177 418 1052 481 366 147 1507 188 333 909 838 228 190 764 921 1008 935 1042 193 1619 963 378 474 480 856 209 184 928 204 188 935 668 510 208 928 182 590 230 958 1762 0 911 161 1156 216 1022 199 955 933 805 1690 935 357 165 690 1004 1682 984 576 638 840 705 373 197 538 195 589 597 789
941 564 574 767 926 273 338 702 650 506 942 800 833 892 537 361 464 590 796 704 788 890 66 392 770 776 272 664 407 678 372 919 815 120 660 518 477 388 788 986 503 784 924 657 944 724 759 670 772 351 729 115 1182 911 0 906 352 792 392 914 375 658 547 886 678 605 868 433 412 879 559 458 481 211 1024 579 930 814 791 432 1097 290
193 667 994 216 208 664 705 415 596 531 160 149 271 182 413 1047 476 361 142 1502 183 328 904 833 223 185 759 916 1002 930 1037 198 1614 958 373 469 475 851 204 189 923 199 194 930 663 505 203 923 177 585 225 953 1757 161 906 0 1151 211 1017 204 950 928 800 1685 930 352 160 685 999 1677 979 571 633 835 700 368 203 533 190 584 592 784
1187 818 545 1013 1172 526 591 948 903 760 1189 1046 1080 1138 790 332 718 836 1042 482 1034 1137 319 364 1016 1022 525 658 378 672 343 1166 594 374 907 765 730 360 1034 1233 474 1030 1171 628 1196 977 1005 665 1018 605 976 368 1154 1157 321 1152 0 1038 363 1160 346 629 541 665 672 858 1114 522 383 657 530 619 734 464 1277 832 1177 1066 1038 685 1350 589
246 553 880 102 231 549 591 300 482 416 248 123 156 197 299 933 361 246 118 1388 111 213 790 719 109 99 644 802 888 816 923 225 1500 844 259 355 361 737 111 292 809 107 230 816 549 391 89 809 95 470 111 839 1643 216 792 211 1037 0 903 219 836 814 685 1570 816 237 173 571 884 1563 865 457 519 721 586 254 236 418 115 469 477 670
1052 959 410 878 1037 667 479 813 995 901 1054 911 945 1003 812 60 859 701 907 764 899 1002 461 229 881 887 532 523 47 537 50 1031 875 515 772 630 871 225 899 1098 339 895 1036 493 1061 904 870 530 883 700 841 509 1019 1022 462 1017 412 903 0 1025 149 494 406 946 537 750 979 387 51 938 395 484 876 605 1142 767 1042 931 903 826 1214 730
231 675 1002 224 226 672 713 423 604 539 197 157 279 192 421 1055 484 369 150 1510 191 336 912 841 231 193 767 924 1010 938 1045 219 1622 966 381 477 483 859 212 226 931 207 224 938 671 513 211 931 185 593 233 961 1765 199 914 204 1159 219 1025 0 958 936 807 1693 938 360 168 693 1007 1685 987 579 641 843 708 376 230 541 198 592 600 792
985 891 343 811 970 600 412 746 927 834 986 844 877 936 745 179 792 634 840 696 832 934 393 161 814 820 465 456 134 470 169 964 808 448 704 563 804 157 832 1030 272 828 968 426 994 836 803 462 816 633 774 442 952 955 395 950 345 836 149 958 0 427 339 879 470 683 912 319 130 871 328 417 808 538 1074 699 975 864 836 759 1147 663
963 966 126 788 948 674 389 723 905 839 964 822 855 914 722 523 784 612 818 979 810 912 674 310 792 798 443 105 479 119 513 941 1090 728 682 540 784 328 810 1008 226 806 946 101 972 814 780 94 794 611 751 722 1234 933 675 928 627 814 494 936 427 0 211 1161 101 661 890 297 475 1154 156 394 882 519 1052 677 952 842 813 833 1125 752
834 837 294 660 820 546 261 595 777 711 836 694 727 785 594 436 656 484 689 891 681 784 545 222 664 669 314 199 391 214 426 813 1003 600 554 412 655 240 681 880 312 678 818 213 844 686 652 206 665 482 623 594 1146 805 547 800 540 685 406 807 339 211 0 1074 213 532 761 169 388 1066 344 266 754 391 924 549 824 713 685 705 997 624
1721 1351 1079 1547 1706 1060 1125 1482 1437 1294 1723 1580 1614 1672 1324 866 1252 1370 1576 355 1568 1670 853 897 1550 1556 1059 1192 912 1206 877 1700 466 908 1441 1299 1264 894 1568 1767 1008 1564 1705 1162 1730 1511 1539 1199 1552 1139 1510 902 1688 1691 855 1686 665 1572 897 1694 880 1163 1075 0 1206 1392 1648 1056 917 69 1064 1153 1268 998 1810 1366 1711 1600 1572 1219 1883 1123
965 968 184 791 950 676 392 726 907 842 967 824 857 916 725 566 787 614 820 1022 812 914 676 353 794 800 445 107 522 121 556 944 1133 730 685 543 786 371 812 1010 304 808 948 103 974 816 783 96 796 613 754 725 1277 935 678 930 670 816 537 938 470 101 213 1204 0 663 892 299 518 1197 234 397 885 522 1054 679 955 844 816 836 1127 754
386 400 727 212 372 396 438 147 329 230 388 246 279 338 124 780 175 93 241 1235 234 336 603 566 216 221 491 649 735 663 770 365 1347 657 106 202 174 584 234 432 656 230 370 663 396 238 204 656 217 317 175 652 1490 357 605 352 884 237 750 360 683 661 532 1418 663 0 314 418 731 1410 712 304 332 541 476 101 376 265 237 283 549 483
195 629 956 178 180 626 667 376 558 492 196 111 233 146 375 1009 437 322 104 1464 145 290 866 795 185 147 721 878 964 892 999 173 1576 920 335 431 437 813 166 227 885 160 178 892 625 467 165 885 139 546 187 915 1719 165 868 160 1113 173 979 168 912 890 761 1647 892 314 0 647 961 1639 941 533 595 797 662 330 184 495 152 546 554 746
720 723 363 546 705 431 147 481 663 597 722 579 613 671 480 416 542 369 575 872 567 670 431 203 549 555 200 285 372 300 406 699 983 485 440 298 541 220 567 766 293 563 704 299 729 572 538 292 551 368 509 480 1127 690 433 685 520 571 387 693 319 297 169 1054 299 418 647 0 368 1046 348 152 640 277 810 435 710 599 571 591 883 510
1033 940 391 859 1019 648 460 794 976 882 1035 893 926 985 793 80 840 683 888 745 881 983 442 210 863 868 514 504 36 519 70 1012 857 496 753 611 853 206 881 1079 321 877 1017 474 1043 885 851 511 864 682 822 491 1000 1004 444 999 394 884 51 1007 130 475 388 927 518 731 961 368 0 920 376 465 857 586 1123 748 1023 912 884 808 1196 711
1713 1344 1071 1539 1699 1052 1117 1474 1429 1286 1715 1573 1606 1665 1316 859 1244 1363 1568 347 1561 1663 846 890 1543 1548 1051 1184 904 1198 869 1692 459 900 1433 1291 1256 886 1561 1759 1001 1557 1697 1154 1723 1503 1531 1191 1544 1131 1502 894 1680 1684 847 1679 657 1564 889 1687 873 1155 1068 69 1198 1384 1641 1048 909 0 1056 1145 1261 990 1803 1358 1703 1592 1564 1211 1876 1115
1014 1017 72 840 999 725 441 775 956 891 1015 873 906 965 774 425 836 663 869 880 861 963 577 211 843 849 494 238 380 253 415 993 992 631 733 592 835 229 861 1059 130 857 997 154 1023 865 832 227 845 662 803 626 1135 984 579 979 529 865 395 987 328 156 344 1062 234 712 941 348 376 1055 0 445 934 570 1103 728 1004 893 864 885 1176 803
606 620 461 432 592 334 172 367 549 483 608 466 499 557 366 513 428 256 461 969 453 556 456 300 435 441 225 383 469 397 503 585 1080 510 326 184 427 318 453 652 390 449 590 396 615 458 424 389 437 254 395 505 1224 576 458 571 617 457 484 579 417 394 266 1151 397 304 533 152 465 1144 445 0 584 302 696 321 596 485 457 535 769 454
668 120 949 494 653 281 545 378 206 233 669 527 560 619 264 774 191 375 523 1117 515 617 479 788 497 503 479 871 820 885 785 646 1229 534 387 483 204 801 515 713 878 511 651 884 500 280 486 877 499 360 456 528 1596 638 481 633 766 519 805 641 788 882 754 1299 885 332 595 640 825 1292 934 584 0 418 580 306 657 370 518 95 653 359
870 501 586 696 855 209 232 631 586 443 872 729 763 821 473 504 401 519 725 846 717 819 209 425 699 705 166 508 549 522 514 849 958 263 590 448 413 442 717 915 515 713 854 521 879 660 688 514 701 288 659 257 1325 840 211 835 495 721 534 843 518 519 391 1029 522 541 797 277 554 1021 570 302 418 0 959 515 860 749 721 368 1032 287
735 511 1118 573 720 788 830 384 440 655 737 594 470 686 538 1171 600 485 590 1626 582 414 1023 957 580 570 883 1040 1127 1055 1161 714 1738 1077 407 593 599 975 582 781 1047 578 719 1054 111 349 560 1047 566 709 567 1071 1882 705 1024 700 1275 586 1142 708 1074 1052 924 1809 1054 476 662 810 1123 1801 1103 696 580 959 0 492 725 293 586 631 215 902
403 389 743 229 388 379 455 164 346 204 405 262 295 354 98 796 149 110 258 1215 250 352 577 582 232 238 508 665 752 680 786 382 1326 631 123 218 148 600 250 448 673 246 387 679 412 255 221 672 234 334 192 626 1507 373 579 368 863 254 767 376 699 677 549 1397 679 101 330 435 748 1390 728 321 306 515 492 0 393 282 254 257 565 457
229 692 1019 241 242 688 730 439 621 555 196 173 295 208 438 1071 500 385 166 1527 207 352 929 858 248 209 783 941 1027 955 1061 234 1638 983 398 493 499 876 229 225 948 223 230 954 687 530 228 947 201 609 249 977 1782 197 930 203 1175 236 1042 230 975 952 824 1709 955 376 184 710 1023 1702 1004 596 657 860 725 393 0 557 215 608 616 809
567 300 908 393 553 578 619 173 229 444 569 427 460 519 327 961 389 274 422 1416 415 517 812 747 397 402 673 830 916 844 951 546 1528 866 197 383 389 765 415 613 837 411 551 844 213 138 385 837 399 498 356 861 1671 538 814 533 1065 418 931 541 864 842 713 1599 844 265 495 599 912 1591 893 485 370 749 293 282 557 0 418 420 366 692
225 553 880 102 210 549 591 300 482 416 227 103 156 176 299 932 361 246 97 1388 111 213 790 719 109 99 644 802 888 816 922 204 1499 844 259 354 360 737 111 271 809 107 209 815 548 391 88 808 95 470 110 838 1643 195 791 190 1036 115 903 198 836 813 685 1570 816 237 152 571 884 1563 864 457 518 721 586 254 215 418 0 469 477 670
618 171 900 444 604 232 496 379 256 184 620 478 511 570 214 725 142 325 473 1068 466 568 430 739 448 453 430 822 771 836 736 597 1179 484 338 434 155 752 466 664 829 462 602 835 550 330 436 828 450 311 407 479 1546 589 432 584 716 469 756 592 739 833 705 1250 836 283 546 591 776 1243 885 535 95 368 631 257 608 420 469 0 704 310
626 584 1191 465 612 861 903 457 513 728 628 486 361 578 611 1244 673 558 481 1699 474 305 1095 1030 472 461 956 1113 1200 1128 1234 605 1811 1150 480 666 672 1048 474 672 1120 470 610 1127 184 422 451 1120 457 782 473 1144 1955 597 1097 592 1348 477 1214 600 1147 1125 997 1882 1127 549 554 883 1196 1874 1176 769 653 1032 215 565 616 366 477 704 0 975
819 443 818 645 804 151 414 580 528 385 821 678 711 770 415 629 343 468 674 971 666 768 312 657 648 654 348 740 674 755 639 798 1083 242 539 397 355 656 666 864 748 662 802 754 822 602 637 747 650 230 608 266 1450 789 290 784 620 670 659 792 643 752 624 1154 754 483 746 510 679 1146 803 454 359 287 902 457 809 692 670 310 975 0
EOF