NAME : tsp_problem
TYPE : TSP
DIMENSION : 46
EDGE_WEIGHT_TYPE : EXPLICIT
EDGE_WEIGHT_FORMAT : FULL_MATRIX
EDGE_WEIGHT_SECTION
0 680 858 286 740 511 162 85 602 642 619 624 594 898 588 465 602 772 595 849 214 478 335 410 601 973 385 623 734 661 93 387 644 200 241 451 611 582 264 853 895 304 1115 1105 823 640
680 0 1045 654 209 414 729 651 789 498 806 811 447 1091 325 652 789 200 782 1036 539 448 522 976 364 1166 829 810 921 737 659 750 831 568 807 638 804 318 590 1040 1088 870 1191 1181 1016 827
858 1045 0 1030 1105 876 906 829 351 1127 368 372 1076 703 953 489 351 1137 343 163 958 784 642 852 993 778 1129 371 483 1366 837 587 285 944 703 475 641 947 1009 166 882 767 1820 1810 810 388
286 654 1030 0 546 484 334 257 774 410 791 796 362 1070 394 637 774 578 767 1021 188 519 507 582 368 1145 229 795 906 428 265 560 816 173 413 623 784 517 238 1025 1067 476 882 872 995 812
740 209 1105 566 0 474 789 712 849 368 866 871 317 1151 194 713 850 75 842 1097 600 509 582 1037 234 1226 742 870 982 607 720 811 892 628 868 699 865 317 650 1100 1148 931 1061 1050 1077 887
511 414 876 484 474 0 559 482 620 496 637 642 444 921 322 483 620 506 613 867 370 279 353 807 362 997 660 641 752 735 490 581 662 399 638 469 635 316 420 871 919 701 1188 1178 847 657
162 729 906 334 789 559 0 134 651 691 668 672 643 946 637 514 651 821 643 898 262 526 384 458 649 1022 433 672 783 710 142 436 693 248 289 500 660 631 313 902 944 353 1163 1153 872 688
85 651 829 257 712 482 134 0 574 614 591 595 566 869 560 437 574 744 566 821 185 449 306 381 572 945 356 595 706 632 64 359 616 171 212 423 583 554 236 824 867 275 1086 1076 795 611
602 789 351 774 849 620 651 574 0 871 112 116 820 447 697 233 95 881 87 342 702 529 386 596 737 523 873 116 227 1110 581 331 137 688 448 219 385 691 753 346 626 511 1564 1554 555 132
666 498 1127 433 368 496 714 637 871 0 888 893 122 1173 216 734 871 400 864 1118 568 530 604 962 190 1248 609 892 1004 474 645 832 913 554 793 720 887 339 618 1122 1170 856 928 918 1098 909
619 806 368 791 866 637 668 591 112 888 0 133 837 464 714 250 112 898 104 359 719 546 403 613 754 540 890 133 244 1127 598 348 154 705 465 236 402 708 770 363 643 528 1581 1571 572 149
624 811 372 796 871 642 672 595 116 893 133 0 842 469 719 255 117 903 109 364 724 550 408 618 759 544 895 137 249 1132 603 353 159 710 469 241 407 713 774 367 648 533 1586 1575 576 154
614 447 1076 382 317 444 663 586 820 122 837 842 0 1121 165 683 820 348 813 1067 516 479 553 910 139 1197 557 841 952 423 594 781 862 502 742 669 835 287 567 1071 1119 805 876 866 1047 857
898 1091 703 1070 1151 921 946 869 447 1173 464 469 1121 0 999 535 447 1183 440 694 998 830 687 617 1038 141 1169 468 264 1411 877 633 489 984 743 521 406 993 1048 698 245 628 1865 1855 173 485
588 325 953 414 194 322 637 560 697 216 714 719 165 999 0 561 698 226 690 945 448 357 430 885 82 1074 589 718 830 455 568 659 739 476 716 547 713 165 498 948 996 779 909 898 925 735
465 652 489 637 713 483 514 437 233 734 250 255 683 535 561 0 234 744 226 480 566 392 249 459 600 610 736 254 366 973 445 195 275 551 311 83 249 554 616 484 532 374 1427 1417 460 271
602 789 351 774 850 620 651 574 95 871 112 117 820 447 698 234 0 881 88 342 703 529 386 596 737 523 873 116 227 1110 582 331 137 688 448 220 386 691 753 346 627 511 1564 1554 555 132
772 200 1137 598 75 506 821 744 881 400 898 903 348 1183 226 744 881 0 874 1128 632 541 614 1068 266 1258 773 902 1014 639 752 842 923 660 899 730 897 349 682 1132 1180 963 1092 1082 1108 919
595 782 343 767 842 613 643 566 87 864 104 109 813 440 690 226 88 874 0 335 695 521 379 589 730 515 866 108 220 1103 574 324 130 681 440 212 378 684 745 338 619 504 1557 1546 547 125
849 1036 163 1021 1097 867 898 821 342 1118 359 364 1067 694 945 480 342 1128 335 0 949 776 633 843 984 770 1120 363 474 1357 829 578 276 935 695 466 633 938 1000 158 873 758 1811 1801 802 379
214 539 958 188 600 370 262 185 702 544 719 724 496 998 448 566 703 632 695 949 0 405 435 510 487 1073 363 723 835 563 193 488 744 102 341 552 712 442 124 953 995 404 1017 1007 924 740
478 448 784 519 509 279 526 449 529 530 546 550 479 830 357 392 529 541 521 776 405 0 261 754 396 905 694 550 661 769 457 490 571 433 605 378 544 350 455 780 828 668 1223 1213 756 566
335 522 642 507 582 353 384 306 386 604 403 408 553 687 430 249 386 614 379 633 435 261 0 611 470 763 606 407 518 843 314 347 428 421 462 235 401 424 486 637 685 525 1297 1287 613 423
410 976 852 582 1037 807 458 381 596 938 613 618 890 617 885 459 596 1068 589 843 510 754 611 0 897 692 681 617 728 957 389 402 638 496 255 445 330 878 560 847 614 140 1411 1401 542 633
621 364 993 388 234 362 669 592 737 190 754 759 139 1038 82 600 737 266 730 984 487 396 470 917 0 1114 564 758 869 429 600 698 779 509 748 586 752 204 537 988 1036 811 883 873 964 774
973 1166 778 1145 1226 997 1022 945 523 1248 540 544 1197 141 1074 610 523 1258 515 770 1073 905 763 692 1114 0 1244 544 340 1487 952 708 565 1059 819 596 482 1068 1124 774 320 703 1941 1931 248 560
385 829 1129 229 722 660 433 356 873 585 890 895 537 1169 569 736 873 753 866 1120 363 694 606 681 544 1244 0 894 1006 604 364 659 915 349 512 722 883 692 413 1124 1166 575 1058 1048 1095 911
623 810 371 795 870 641 672 595 116 892 133 137 841 468 718 254 116 902 108 363 723 550 407 617 758 544 894 0 248 1131 602 352 158 709 469 240 406 712 774 367 647 532 1585 1575 576 153
734 921 483 906 982 752 783 706 227 1004 244 249 952 264 830 366 227 1014 220 474 835 661 518 728 869 340 1006 248 0 1242 714 464 269 821 580 352 518 824 885 478 443 643 1696 1686 372 265
889 998 1627 657 868 996 938 861 1371 731 1388 1393 683 1672 716 1234 1371 900 1364 1618 791 1030 1104 1185 690 1748 832 1392 1503 0 869 1163 1413 777 1016 1220 1386 838 841 1622 1670 1080 751 741 1598 1408
93 659 837 265 720 490 142 64 581 621 598 603 574 877 568 445 582 752 574 829 193 457 314 389 580 952 364 602 714 640 0 367 624 179 220 431 591 562 244 832 875 283 1094 1084 803 619
387 750 587 560 811 581 436 359 331 832 348 353 781 633 659 195 331 842 324 578 488 490 347 402 698 708 659 352 464 935 367 0 373 474 233 180 347 652 538 582 630 296 1389 1379 558 369
644 831 285 816 892 662 693 616 137 913 154 159 862 489 739 275 137 923 130 276 744 571 428 638 779 565 915 158 269 1152 624 373 0 730 490 261 428 733 795 280 668 553 1606 1596 597 174
200 568 944 173 628 399 248 171 688 530 705 710 482 984 476 551 688 660 681 935 102 433 421 496 489 1059 349 709 821 549 179 474 730 0 327 537 698 470 152 939 981 390 1003 993 910 726
241 807 703 413 868 638 289 212 448 769 465 469 721 743 716 311 448 899 440 695 341 605 462 255 728 819 512 469 580 788 220 233 490 327 0 297 457 709 391 699 741 150 1242 1232 669 485
451 638 475 623 699 469 500 423 219 720 236 241 669 521 547 83 220 730 212 466 552 378 235 445 586 596 722 240 352 959 431 180 261 537 297 0 235 540 602 470 518 360 1413 1403 446 257
611 804 641 784 865 635 660 583 385 887 402 407 835 406 713 249 386 897 378 633 712 544 401 330 752 482 883 406 518 1125 591 347 428 698 457 235 0 707 762 636 404 342 1579 1569 332 423
582 318 947 537 317 316 631 554 691 339 708 713 287 993 165 554 691 349 684 938 442 350 424 878 204 1068 712 712 824 577 562 652 733 470 709 540 707 0 492 942 990 773 1031 1021 918 729
264 590 1009 238 650 420 313 236 753 594 770 774 546 1048 498 616 753 682 745 1000 124 455 486 560 537 1124 413 774 885 613 244 538 795 152 391 602 762 492 0 1004 1046 455 1067 1057 974 790
853 1040 166 1025 1100 871 902 824 346 1122 363 367 1071 698 948 484 346 1132 338 158 953 780 637 847 988 774 1124 367 478 1361 832 582 280 939 699 470 636 942 1004 0 877 762 1815 1805 806 383
895 1088 882 1067 1148 919 944 867 626 1170 643 648 1119 245 996 532 627 1180 619 873 995 828 685 614 1036 320 1166 647 443 1409 875 630 668 981 741 518 404 990 1046 877 0 625 1863 1853 120 664
304 870 767 476 931 701 353 275 511 832 528 533 785 628 779 374 511 963 504 758 404 668 525 140 791 703 575 532 643 851 283 296 553 390 150 360 342 773 455 762 625 0 1305 1295 554 548
1084 1192 1821 851 1062 1190 1132 1055 1565 926 1582 1587 878 1867 910 1428 1565 1094 1558 1812 986 1225 1298 1380 884 1942 1027 1586 1698 780 1063 1358 1607 971 1211 1414 1581 1033 1036 1816 1864 1274 0 534 1792 1603
1073 1182 1811 841 1052 1180 1122 1045 1555 915 1572 1577 868 1857 900 1418 1555 1084 1548 1802 975 1214 1288 1370 874 1932 1016 1576 1687 770 1053 1347 1597 961 1201 1404 1570 1023 1026 1806 1854 1264 534 0 1782 1593
823 1016 810 995 1077 847 872 795 555 1098 572 576 1047 173 925 460 555 1108 547 802 924 756 613 542 964 248 1095 576 372 1337 803 558 597 910 669 446 332 918 974 806 120 554 1791 1781 0 592
640 827 388 812 887 657 688 611 132 909 149 154 857 485 735 271 132 919 125 379 740 566 423 633 774 560 911 153 265 1148 619 369 174 726 485 257 423 729 790 383 664 548 1601 1591 592 0
EOF
