NAME : tsp_problem
TYPE : TSP
DIMENSION : 40
EDGE_WEIGHT_TYPE : EXPLICIT
EDGE_WEIGHT_FORMAT : FULL_MATRIX
EDGE_WEIGHT_SECTION
0 847 948 482 475 939 715 967 112 491 117 807 393 135 699 331 1167 1120 439 128 917 360 958 832 1003 575 294 992 175 856 470 1023 620 681 116 465 811 846 697 962
847 0 176 649 918 482 599 195 793 659 843 74 836 816 241 571 485 1563 882 808 518 534 186 99 545 354 737 220 786 420 912 289 445 506 796 908 762 145 844 190
948 176 0 750 1018 582 699 177 893 759 943 175 936 916 342 671 585 1663 982 909 619 634 180 171 646 455 837 213 887 520 1013 390 545 607 897 1008 863 246 944 182
482 649 750 0 552 702 332 769 427 293 477 608 470 450 501 205 969 1137 516 443 533 168 760 634 621 376 371 794 421 472 547 824 421 378 431 542 493 648 379 764
475 918 1018 552 0 1010 689 1037 529 562 388 877 164 552 769 402 1237 953 70 544 890 430 1028 902 979 645 239 1062 332 830 54 1093 690 736 525 49 644 916 530 1032
939 482 582 702 959 0 457 601 884 714 934 441 927 907 333 663 520 1461 973 900 206 626 592 466 170 446 828 626 878 316 964 644 537 504 888 969 621 480 702 596
715 599 699 332 589 457 0 718 660 344 710 558 587 683 399 439 912 1091 628 676 288 402 709 583 377 326 600 743 654 228 594 774 196 134 664 599 223 597 332 713
967 195 177 769 1037 601 718 0 912 778 962 194 955 935 361 690 604 1682 1001 928 638 653 166 190 665 474 856 193 906 539 1032 409 564 626 916 1027 882 265 963 161
112 793 893 427 529 884 660 912 0 436 206 752 447 80 644 276 1112 1174 493 73 862 305 903 777 948 520 348 937 264 801 524 968 565 627 61 519 822 791 707 907
491 659 759 293 562 714 344 778 436 0 486 618 479 459 510 215 978 1149 525 452 545 178 769 643 634 386 380 803 430 485 556 834 431 391 440 552 505 657 391 773
117 843 943 477 388 934 710 962 206 486 0 802 306 229 694 326 1162 1033 352 222 912 355 953 827 998 570 207 987 108 851 383 1018 615 677 167 378 724 841 609 957
807 74 175 608 877 441 558 194 752 618 802 0 795 775 201 530 445 1522 841 768 478 493 185 59 504 314 696 219 746 379 872 250 404 466 755 867 721 105 803 189
393 836 936 470 164 927 607 955 447 479 306 795 0 470 687 319 1155 871 128 462 808 348 946 820 897 563 157 980 250 748 159 1011 608 654 443 154 562 834 448 950
135 816 916 450 552 907 683 935 80 459 229 775 470 0 667 299 1135 1197 516 96 885 328 926 800 971 543 371 960 287 824 547 991 588 650 84 542 845 814 730 930
699 241 342 501 769 333 399 361 644 510 694 201 687 667 0 422 561 1402 733 660 319 385 352 226 397 206 588 386 638 220 764 417 296 358 648 759 563 240 644 356
331 571 671 205 402 663 439 690 276 215 326 530 319 299 422 0 890 1046 365 292 640 83 681 555 726 298 220 715 270 579 396 746 343 405 280 392 600 569 485 685
1167 485 585 969 1237 520 912 604 1112 978 1162 445 1155 1135 561 890 0 1882 1201 1128 661 853 596 469 584 674 1056 629 1106 739 1232 245 764 826 1116 1227 1076 516 1158 599
1122 1564 1665 1106 874 1429 1059 1684 1175 1118 1034 1523 873 1198 1371 1048 1884 0 914 1191 1261 1076 1675 1548 1349 1291 886 1709 978 1200 879 1739 1168 1106 1172 884 1014 1563 900 1679
439 882 982 516 70 973 653 1001 493 525 352 841 128 516 733 365 1201 917 0 508 854 394 992 866 943 609 203 1026 296 794 65 1057 654 700 489 60 608 880 494 996
128 808 909 443 544 900 676 928 73 452 222 768 462 96 660 292 1128 1189 508 0 877 321 919 793 964 535 363 953 280 817 539 983 580 642 77 534 837 807 723 923
917 518 619 533 790 206 288 638 862 545 912 478 788 885 319 640 661 1292 830 877 0 603 629 503 126 483 801 663 856 147 795 693 398 335 865 800 452 517 534 633
360 534 634 168 430 626 402 653 305 178 355 493 348 328 385 83 853 1075 394 321 603 0 645 518 689 261 249 678 299 542 425 709 306 368 308 420 563 532 449 648
958 186 180 760 1028 592 709 166 903 769 953 185 946 926 352 681 596 1673 992 919 629 645 0 181 656 465 847 203 897 530 1023 400 555 617 907 1018 873 256 954 172
832 99 171 634 902 466 583 190 777 643 827 59 820 800 226 555 469 1547 866 793 503 518 181 0 530 339 721 215 771 404 897 274 429 491 780 892 747 130 828 185
1003 545 646 621 878 170 377 665 948 634 998 504 877 971 397 726 584 1380 918 964 126 689 656 530 0 510 890 690 942 236 883 708 486 423 952 888 540 544 622 660
575 354 455 376 645 446 326 474 520 386 570 314 563 543 206 298 674 1290 609 535 483 261 465 339 510 0 464 499 513 384 640 530 172 234 523 635 489 353 571 469
294 737 837 371 239 828 604 856 348 380 207 696 157 371 588 220 1056 884 203 363 806 249 847 721 892 464 0 881 151 745 234 912 509 570 344 229 575 735 461 851
992 220 213 794 1062 626 743 193 937 803 987 219 980 960 386 715 629 1707 1026 953 663 678 203 215 690 499 881 0 931 564 1057 434 589 651 941 1052 907 290 988 198
175 786 887 421 332 878 654 906 264 430 108 746 250 287 638 270 1106 977 296 280 856 299 897 771 942 513 151 931 0 795 327 962 558 620 225 322 668 785 553 901
856 420 520 472 729 316 228 539 801 485 851 379 728 824 220 579 739 1231 769 817 147 542 530 404 236 384 741 564 795 0 734 595 337 274 805 739 391 418 473 534
470 912 1013 547 54 1004 684 1032 524 556 383 872 159 547 764 396 1232 948 65 539 885 425 1023 897 973 640 234 1057 327 825 0 1088 685 731 520 44 639 911 525 1027
1023 289 390 824 1093 644 774 409 968 834 1018 250 1011 991 417 746 245 1738 1057 983 693 709 400 274 708 530 912 434 962 595 1088 0 620 682 971 1083 937 320 1019 404
620 445 545 421 690 537 196 564 565 431 615 404 608 588 296 343 764 1200 654 580 398 306 555 429 486 172 509 589 558 337 685 620 0 243 568 680 360 443 441 559
681 506 607 378 635 504 134 626 627 391 677 466 634 650 358 405 826 1137 675 642 335 368 617 491 423 234 570 651 620 274 640 682 243 0 630 645 297 505 379 621
116 796 897 431 525 888 664 916 61 440 167 755 443 84 648 280 1116 1170 489 77 865 308 907 780 952 523 344 941 225 805 520 971 568 630 0 515 825 795 711 911
465 908 1008 542 49 999 679 1027 519 552 378 867 154 542 759 392 1227 943 60 534 880 420 1018 892 969 635 229 1052 322 820 44 1083 680 726 515 0 634 906 520 1022
791 762 863 493 544 621 223 882 822 505 704 721 542 845 563 600 1076 1046 584 837 452 563 873 747 540 489 555 907 648 391 549 937 360 297 825 554 0 761 141 877
846 145 246 648 916 480 597 265 791 657 841 105 834 814 240 569 516 1561 880 807 517 532 256 130 544 353 735 290 785 418 911 320 443 505 795 906 761 0 842 260
677 844 944 379 429 702 332 963 707 391 589 803 428 730 644 485 1158 931 469 723 534 449 954 828 622 571 441 988 533 473 434 1019 441 379 711 439 141 842 0 958
962 190 182 764 1032 596 713 161 907 773 957 189 950 930 356 685 599 1677 996 923 633 648 172 185 660 469 851 198 901 534 1027 404 559 621 911 1022 877 260 958 0
EOF