NAME : tsp_problem
TYPE : TSP
DIMENSION : 80
EDGE_WEIGHT_TYPE : EXPLICIT
EDGE_WEIGHT_FORMAT : FULL_MATRIX
EDGE_WEIGHT_SECTION
0 83 259 365 1584 86 158 441 79 787 213 500 250 852 474 1026 583 738 508 269 841 270 530 213 530 136 429 147 486 55 585 207 131 350 862 92 402 164 464 59 79 83 839 749 1059 99 49 641 1158 105 1477 877 768 1602 224 442 603 179 599 320 441 62 471 551 202 444 798 189 607 116 202 175 747 1529 291 314 79 751 768 67
83 0 309 414 1633 135 118 489 109 836 173 549 298 901 523 1075 632 788 558 229 890 320 579 262 579 96 479 107 535 104 634 167 91 399 911 141 452 124 514 98 55 117 888 798 1108 147 97 690 1206 154 1526 926 817 1651 183 491 653 139 648 369 490 110 520 600 252 494 847 149 656 165 162 135 796 1579 340 363 127 800 817 112
259 309 0 161 1535 230 384 461 305 738 439 451 475 803 425 977 534 689 459 495 792 221 481 164 481 361 380 372 282 271 535 433 356 146 813 291 198 390 415 284 304 308 790 700 1010 295 267 591 996 298 1427 828 718 1553 449 393 554 405 550 271 237 275 267 502 153 240 748 415 558 342 428 400 698 1480 143 264 304 702 719 293
365 414 161 0 1569 336 489 440 410 844 545 445 568 908 530 1011 639 795 496 600 897 327 586 269 587 467 486 478 261 377 641 538 462 126 918 397 178 495 410 390 410 414 895 694 1044 400 373 697 975 404 1462 933 824 1659 555 498 660 511 655 376 217 381 247 496 214 220 743 520 552 447 534 506 803 1515 123 370 410 696 824 398
1585 1635 1536 1538 0 1556 1710 1942 1631 1082 1765 1127 1801 961 1184 749 1043 1033 1114 1821 976 1360 1110 1420 1110 1688 1193 1699 1763 1598 1046 1759 1682 1565 952 1618 1679 1716 1175 1610 1630 1634 1133 908 810 1621 1593 979 1946 1625 200 936 1253 1742 1775 1175 1113 1731 1156 1318 1491 1601 1444 1114 1480 1721 956 1741 1170 1668 1754 1727 1232 592 1568 1353 1631 910 1063 1619
86 135 230 336 1555 0 210 493 131 758 265 471 301 823 445 997 554 709 479 321 812 241 501 184 501 188 400 199 457 107 556 259 182 321 833 144 373 216 435 110 130 134 810 720 1030 151 100 611 1170 157 1448 848 739 1573 275 413 574 231 570 291 412 114 442 522 173 415 768 241 578 168 254 227 718 1500 262 285 131 722 739 119
158 118 384 489 1708 210 0 565 165 912 192 624 373 977 599 1150 707 863 633 220 965 395 655 338 655 114 554 125 610 179 709 186 109 475 987 216 527 143 589 154 111 173 963 873 1183 223 172 765 1281 229 1601 1002 892 1727 202 566 728 158 724 444 566 186 596 675 327 569 922 167 731 240 181 153 872 1654 415 438 189 875 893 168
441 489 461 440 1940 493 565 0 485 1143 620 850 241 1208 830 1382 939 1094 865 676 1197 627 886 569 886 542 786 553 248 462 941 614 537 425 1218 499 316 571 815 465 485 489 1195 1099 1415 505 455 997 830 512 1833 1233 1124 1958 630 798 960 586 955 676 516 468 546 901 514 264 1148 595 957 365 609 581 1103 1886 423 670 485 1101 1124 473
79 109 305 410 1629 131 165 485 0 832 221 545 294 897 519 1071 628 784 554 276 886 316 575 258 575 143 475 154 531 100 630 214 138 395 907 137 448 171 510 103 102 127 884 794 1104 143 93 686 1202 150 1522 922 813 1647 231 487 649 187 644 365 486 106 516 596 248 490 843 196 652 161 210 182 792 1575 336 359 123 796 813 111
787 836 738 844 1080 758 912 1143 832 0 967 702 1003 348 386 522 245 197 688 1023 337 749 312 692 312 889 625 900 964 799 248 961 884 829 358 819 881 918 749 812 832 836 149 540 555 823 795 180 1678 826 973 373 304 1098 977 377 457 933 453 798 920 803 950 689 681 923 589 942 745 870 956 928 284 1026 770 555 832 542 207 820
213 173 439 545 1764 265 192 620 221 967 0 679 429 1032 654 1205 763 918 688 225 1021 450 710 393 710 169 609 180 665 234 764 230 164 530 1042 271 582 198 644 209 166 228 1019 929 1238 278 228 820 1337 284 1656 1057 947 1782 229 621 783 213 779 499 621 241 651 730 382 624 977 203 786 295 234 208 927 1709 471 493 244 930 948 223
500 549 451 445 1158 471 624 850 545 702 679 0 716 619 446 600 497 653 86 735 634 268 444 328 445 602 165 613 671 512 499 673 597 473 610 532 588 630 146 525 545 549 753 284 633 535 508 555 1385 539 1051 594 682 1400 690 414 283 645 326 226 399 516 351 86 394 630 333 655 142 582 668 641 661 1104 482 332 545 286 682 533
250 298 475 568 1800 301 373 241 294 1003 429 716 0 1068 690 1242 799 954 724 484 1057 486 746 429 746 351 645 362 376 270 801 422 346 553 1078 308 444 379 680 274 294 298 1055 965 1275 314 264 856 958 320 1692 1093 983 1818 439 658 819 394 815 536 644 277 674 767 418 392 1013 404 823 174 418 390 963 1745 507 530 294 967 984 282
852 901 803 908 990 823 977 1208 897 348 1032 670 1068 0 450 432 310 299 657 1088 45 814 377 757 377 954 690 965 1029 864 313 1026 949 894 42 884 946 983 717 877 897 901 400 451 465 888 860 245 1743 891 883 55 519 1009 1042 442 522 998 518 861 985 868 986 657 746 988 499 1007 713 935 1021 993 499 936 834 620 897 452 329 885
474 523 425 530 1182 445 599 830 519 386 654 446 690 450 0 624 181 337 391 710 439 436 128 379 128 576 312 587 651 486 183 648 571 516 460 506 568 605 493 499 519 523 437 433 657 510 482 239 1365 513 1075 475 366 1201 664 108 202 620 197 485 607 490 637 433 368 610 481 629 489 557 643 615 345 1128 456 242 519 435 366 507
1027 1076 978 979 749 998 1152 1383 1072 524 1207 569 1243 403 626 0 485 475 556 1263 418 802 552 862 552 1129 635 1140 1204 1039 488 1201 1124 1007 393 1059 1121 1158 616 1052 1072 1076 575 350 252 1063 1035 420 1918 1066 642 378 695 1184 1217 617 555 1173 598 760 933 1043 885 556 921 1163 398 1182 612 1110 1196 1168 674 695 1010 795 1072 351 504 1060
583 632 534 639 1042 554 707 939 628 245 763 497 799 310 181 484 0 196 484 818 299 545 107 487 107 685 421 696 760 595 67 756 680 624 320 615 677 713 545 608 628 632 297 484 517 618 591 98 1474 622 934 335 250 1060 773 173 253 729 248 594 715 599 745 484 477 719 533 738 540 665 752 724 230 987 565 351 628 486 226 616
738 788 689 795 1031 709 863 1094 784 197 918 653 954 299 337 473 196 0 640 974 288 700 263 643 263 840 577 851 916 751 199 912 835 780 310 770 832 869 700 763 783 787 132 491 506 774 746 131 1629 777 924 324 287 1050 928 328 408 884 404 750 871 754 901 640 632 874 540 894 696 821 907 879 267 977 721 506 783 493 190 772
508 558 459 496 1145 479 633 865 554 688 688 86 724 606 391 587 484 640 0 744 621 319 431 379 431 611 151 622 686 521 486 682 606 524 596 541 602 639 133 533 553 557 740 271 620 544 516 542 1400 548 1038 581 669 1387 698 359 270 654 313 277 450 524 402 73 403 644 319 664 129 591 677 650 648 1091 491 276 554 273 669 542
269 229 495 600 1819 321 220 676 276 1023 225 735 484 1088 710 1261 818 974 744 0 1076 506 765 448 766 225 665 232 721 290 820 216 220 586 1098 327 638 214 700 265 222 284 1074 984 1294 334 283 876 1392 340 1712 1112 1003 1838 216 677 839 199 834 555 676 297 706 786 438 680 1033 189 842 351 221 204 982 1765 526 549 300 986 1003 279
841 890 792 897 979 812 965 1197 886 337 1021 659 1057 45 439 421 299 288 646 1076 0 803 365 745 365 943 679 954 1018 853 302 1014 938 882 55 873 935 971 706 866 886 890 389 439 454 876 849 234 1732 880 872 70 508 998 1031 431 511 987 506 850 973 857 975 646 735 977 488 996 702 923 1010 982 488 925 823 609 886 441 318 874
270 320 221 327 1392 241 395 627 316 749 450 268 486 814 436 833 545 700 319 506 803 0 492 99 492 373 391 384 448 283 547 444 368 312 824 303 364 401 233 295 315 319 801 517 867 306 278 603 1162 310 1284 828 730 1564 460 404 517 416 559 106 403 286 367 319 165 406 566 426 375 353 439 412 709 1337 253 276 316 519 730 304
530 579 481 586 1109 501 655 886 575 312 710 444 746 377 128 550 107 263 431 765 365 492 0 435 74 632 368 643 707 542 109 704 627 572 387 562 624 661 492 555 575 579 364 431 583 566 538 165 1421 569 1001 402 292 1127 720 120 200 676 196 541 663 546 693 431 424 666 480 685 487 613 699 671 272 1054 512 298 575 433 293 563
213 262 164 269 1452 184 338 569 258 692 393 328 429 757 379 893 487 643 379 448 745 99 435 0 435 315 334 326 390 225 489 387 310 255 767 245 307 344 293 238 258 262 743 577 926 249 221 545 1104 252 1344 781 672 1507 403 346 508 359 503 148 346 229 375 379 107 349 626 368 435 295 382 354 651 1397 195 218 258 579 673 246
530 579 481 587 1108 501 655 886 575 312 710 445 746 377 128 550 107 263 431 766 365 492 74 435 0 632 368 643 707 542 109 704 627 572 387 562 624 661 492 555 575 579 363 431 583 566 538 165 1421 569 1001 402 292 1127 720 120 200 676 196 541 663 546 693 432 424 666 480 685 487 613 699 671 272 1054 512 298 575 433 293 563
136 96 361 467 1686 188 114 542 143 889 169 602 351 954 576 1128 685 840 611 225 943 373 632 315 632 0 532 103 588 157 687 163 87 452 964 194 505 120 567 132 89 150 941 851 1161 200 150 743 1259 207 1579 979 870 1704 180 544 706 135 701 422 543 163 573 653 305 547 900 145 709 218 158 131 849 1632 393 416 167 853 870 146
429 479 380 486 1224 400 554 786 475 625 609 165 645 685 312 666 421 577 151 665 679 391 368 334 368 532 0 542 607 442 423 603 526 471 675 461 523 560 212 454 474 478 677 350 699 465 437 479 1320 468 1117 660 606 1440 619 280 349 575 392 356 529 445 481 152 323 565 398 585 207 512 598 571 585 1170 412 197 475 351 606 463
147 107 372 478 1697 199 125 553 154 900 180 613 362 965 587 1139 696 851 622 232 954 384 643 326 643 103 542 0 599 168 698 174 98 463 975 205 515 131 577 143 100 161 952 862 1172 211 161 754 1270 218 1590 990 881 1715 191 555 717 146 712 433 554 174 584 664 316 558 911 156 720 229 169 142 860 1643 404 427 178 864 881 156
486 535 282 261 1761 457 610 248 531 964 665 671 376 1029 651 1203 760 916 686 721 1018 448 707 390 707 588 607 599 0 498 762 659 583 247 1039 518 137 616 636 511 531 535 1016 920 1236 521 494 818 783 525 1654 1054 945 1779 676 619 781 631 776 497 338 502 367 722 335 85 969 641 778 500 654 627 924 1707 244 491 531 922 945 519
55 104 271 377 1596 107 179 462 100 799 234 512 270 864 486 1038 595 751 521 290 853 283 542 225 542 157 442 168 498 0 597 228 152 362 874 113 415 185 477 80 100 103 851 761 1071 120 69 653 1178 126 1489 889 780 1614 244 454 616 200 611 332 453 83 483 563 215 457 810 210 619 137 223 196 759 1542 303 326 100 763 780 88
585 634 535 641 1045 556 709 941 630 248 764 499 801 313 183 487 67 199 486 820 302 547 109 489 109 687 423 698 762 597 0 758 682 626 323 617 679 715 546 610 630 634 300 486 520 620 593 102 1476 624 938 338 252 1063 775 175 255 730 250 596 717 601 747 486 479 721 534 740 542 667 753 726 231 991 567 352 630 488 229 618
207 167 433 538 1758 259 186 614 214 961 230 673 422 1026 648 1199 756 912 682 216 1014 444 704 387 704 163 603 174 659 228 758 0 158 524 1036 265 576 192 638 203 160 222 1012 922 1232 272 221 814 1330 278 1650 1051 941 1776 220 615 777 204 773 493 615 235 645 724 376 618 971 194 780 289 225 202 921 1703 464 487 238 924 942 217
131 91 356 462 1681 182 109 537 138 884 164 597 346 949 571 1123 680 835 606 220 938 368 627 310 627 87 526 98 583 152 682 158 0 447 959 189 499 115 561 126 84 145 936 846 1156 195 145 738 1254 202 1574 974 865 1699 174 539 701 130 696 417 538 158 568 648 300 541 895 140 704 213 153 126 844 1627 388 411 162 848 865 140
350 399 146 126 1596 321 475 425 395 829 530 473 553 894 516 1038 624 780 524 586 882 312 572 255 572 452 471 463 247 362 626 524 447 0 904 382 163 481 437 375 395 399 880 722 1071 386 358 682 960 389 1489 919 809 1644 540 483 645 496 641 361 202 366 232 524 199 205 771 505 580 433 519 491 789 1542 108 355 395 724 810 383
862 911 813 918 1001 833 987 1218 907 358 1042 680 1078 42 460 442 320 310 667 1098 55 824 387 767 387 964 700 975 1039 874 323 1036 959 904 0 894 956 993 727 887 907 911 410 461 475 898 870 255 1753 901 893 46 530 1019 1052 452 532 1008 528 871 995 878 996 667 756 998 509 1017 723 945 1031 1003 509 946 844 630 907 462 339 895
92 141 291 397 1616 144 216 499 137 819 271 532 308 884 506 1058 615 770 541 327 873 303 562 245 562 194 461 205 518 113 617 265 189 382 894 0 434 222 496 117 137 141 871 781 1091 157 107 673 1216 163 1509 909 800 1634 282 474 636 237 631 352 473 120 503 583 235 477 830 247 639 174 261 233 779 1562 323 346 137 783 800 125
402 452 198 178 1678 373 527 316 448 881 582 588 444 946 568 1120 677 832 602 638 935 364 624 307 624 505 523 515 137 415 679 576 499 163 956 434 0 533 552 427 447 451 933 837 1153 438 410 734 851 441 1570 971 861 1696 592 536 697 548 693 414 254 418 284 639 251 140 886 558 695 485 571 543 841 1623 160 408 448 839 862 436
164 124 390 495 1715 216 143 571 171 918 198 630 379 983 605 1156 713 869 639 214 971 401 661 344 661 120 560 131 616 185 715 192 115 481 993 222 533 0 595 160 117 179 970 880 1189 229 178 771 1287 235 1607 1008 898 1733 208 572 734 164 730 450 572 192 602 681 333 575 928 173 737 246 187 159 878 1660 421 444 195 881 899 174
464 514 415 410 1206 435 589 815 510 749 644 146 680 667 493 648 545 700 133 700 682 233 492 293 492 567 212 577 636 477 546 638 561 437 657 496 552 595 0 489 509 513 801 331 681 500 472 602 1350 503 1098 642 729 1447 654 462 331 610 373 190 364 480 316 133 358 594 380 620 189 547 633 605 709 1151 447 379 509 333 730 498
59 98 284 390 1609 110 154 465 103 812 209 525 274 877 499 1051 608 763 533 265 866 295 555 238 555 132 454 143 511 80 610 203 126 375 887 117 427 160 489 0 91 107 864 774 1084 123 73 666 1182 130 1502 902 793 1627 219 467 628 175 624 345 466 86 496 576 228 469 823 185 632 140 198 171 772 1555 316 339 103 776 793 91
79 55 304 410 1629 130 111 485 102 832 166 545 294 897 519 1071 628 783 553 222 886 315 575 258 575 89 474 100 531 100 630 160 84 395 907 137 447 117 509 91 0 110 884 794 1104 143 93 686 1202 150 1522 922 813 1647 177 487 648 132 644 365 486 106 516 596 248 489 843 142 652 160 156 128 792 1575 336 359 123 796 813 105
83 117 308 414 1633 134 173 489 127 836 228 549 298 901 523 1075 632 787 557 284 890 319 579 262 579 150 478 161 535 103 634 222 145 399 911 141 451 179 513 107 110 0 888 798 1108 147 97 690 1206 154 1526 926 817 1651 238 491 652 194 648 369 490 110 520 600 251 493 847 203 656 164 217 189 796 1578 340 363 127 800 817 115
839 888 790 895 1132 810 963 1195 884 149 1019 753 1055 400 437 574 297 132 740 1074 389 801 364 743 363 941 677 952 1016 851 300 1012 936 880 410 871 933 970 801 864 884 888 0 592 607 874 847 232 1730 878 1025 425 177 1150 1029 429 509 985 505 850 971 855 1001 740 733 975 641 994 796 921 1008 980 156 1078 821 607 884 594 142 872
749 798 700 694 939 720 873 1099 794 520 929 284 965 400 433 381 482 471 271 984 415 517 431 577 431 851 350 862 920 761 485 922 846 722 390 781 837 880 331 774 794 798 572 0 414 784 757 417 1634 788 832 375 669 1181 939 424 270 895 313 475 648 765 600 271 643 879 113 904 327 831 918 890 648 885 731 517 794 66 501 782
1170 1219 1121 1122 632 1141 1295 1526 1215 666 1350 712 1386 546 768 333 628 617 699 1405 561 945 695 1005 695 1272 777 1283 1347 1182 631 1344 1267 1150 536 1202 1264 1301 759 1195 1215 1219 718 492 0 1205 1178 563 1932 1209 525 521 837 1327 1360 760 698 1316 740 903 1076 1186 1028 699 1064 1306 541 1325 755 1252 1339 1311 817 578 1152 938 1215 494 647 1203
99 147 295 400 1619 151 223 505 143 823 278 535 314 888 510 1061 618 774 544 334 876 306 566 249 566 200 465 211 521 120 620 272 195 386 898 157 438 229 500 123 143 147 874 784 1094 0 113 676 1222 170 1512 913 803 1638 288 477 639 244 635 355 477 126 506 586 238 480 833 253 642 181 267 239 782 1565 326 349 143 786 804 131
49 97 267 373 1592 100 172 455 93 795 228 508 264 860 482 1034 591 746 516 283 849 278 538 221 538 150 437 161 494 69 593 221 145 358 870 107 410 178 472 73 93 97 847 757 1067 113 0 648 1172 119 1484 885 776 1610 238 450 611 193 607 328 449 76 479 559 210 452 805 203 615 130 217 189 755 1537 299 322 93 759 776 81
641 690 591 697 977 611 765 997 686 180 820 555 856 245 239 419 98 131 542 876 234 603 165 545 165 743 479 754 818 653 102 814 738 682 255 673 734 771 602 666 686 690 232 437 452 676 648 0 1532 680 870 270 308 995 831 231 311 786 306 652 773 656 803 542 535 777 486 796 598 723 809 782 287 923 623 408 686 439 161 674
1193 1242 1031 1011 1946 1206 1317 866 1238 1714 1372 1421 994 1779 1401 1953 1510 1665 1435 1428 1768 1197 1457 1140 1457 1295 1356 1306 819 1214 1512 1366 1290 996 1789 1251 887 1323 1385 1218 1238 1242 1766 1670 1986 1258 1208 1568 0 1264 1839 1804 1695 2529 1383 1369 1530 1338 1526 1247 1087 1221 1117 1472 1085 835 1719 1348 1528 1118 1361 1334 1674 1422 993 1241 1238 1672 1695 1226
105 154 298 404 1623 157 229 512 150 826 284 539 320 891 513 1065 622 777 548 340 880 310 569 252 569 207 468 218 525 126 624 278 202 389 901 163 441 235 503 130 150 154 878 788 1098 170 119 680 1228 0 1516 916 807 1641 295 481 643 250 638 359 480 133 510 590 242 484 837 260 646 187 273 246 786 1569 330 353 150 790 807 138
1478 1527 1429 1430 200 1449 1603 1834 1523 974 1658 1020 1694 854 1076 642 936 926 1007 1714 869 1253 1003 1313 1003 1580 1086 1591 1655 1490 939 1652 1575 1458 844 1510 1572 1609 1067 1503 1523 1527 1026 800 703 1514 1486 871 1839 1517 0 829 1146 1635 1668 1068 1006 1624 1049 1211 1384 1494 1336 1007 1372 1614 849 1633 1063 1561 1647 1619 1125 484 1460 1246 1523 802 955 1511
877 926 828 933 1015 848 1002 1233 922 373 1057 695 1093 55 475 457 335 324 682 1112 70 839 402 781 402 979 715 990 1054 889 338 1051 974 919 46 909 971 1008 742 902 922 926 425 476 490 913 885 270 1768 916 908 0 544 1034 1067 467 547 1023 543 886 1010 893 1011 682 771 1013 524 1032 738 960 1046 1018 524 961 859 645 922 477 354 910
768 817 718 824 1251 739 892 1124 813 304 947 682 983 519 366 693 250 287 669 1003 508 730 292 672 292 870 606 881 945 780 252 941 865 809 530 800 861 898 729 793 813 817 177 669 726 803 776 308 1659 807 1144 544 0 1270 958 358 438 913 433 779 900 783 930 669 662 904 717 923 725 850 936 909 68 1197 750 535 813 670 297 801
1602 1651 1553 1659 1741 1573 1727 1934 1647 1098 1782 1420 1818 1009 1201 1182 1060 1050 1407 1838 998 1564 1127 1507 1127 1704 1440 1715 1779 1614 1063 1776 1699 1644 1019 1634 1696 1733 1467 1627 1647 1651 1150 1201 1215 1638 1610 995 1899 1641 1633 1034 1270 0 1792 1192 1272 1748 1268 1611 1735 1618 1737 1407 1496 1738 1249 1757 1463 1685 1771 1743 1249 1686 1585 1370 1647 1202 1079 1635
224 183 449 555 1774 275 202 630 231 977 229 690 439 1042 664 1216 773 928 698 216 1031 460 720 403 720 180 619 191 676 244 775 220 174 540 1052 282 592 208 654 219 177 238 1029 939 1249 288 238 831 1347 295 1667 1067 958 1792 0 632 793 204 789 510 631 251 661 741 392 634 988 193 797 305 225 209 937 1719 481 504 255 941 958 233
442 491 393 498 1174 413 566 798 487 377 621 414 658 442 108 616 173 328 359 677 431 404 120 346 120 544 280 555 619 454 175 615 539 483 452 474 536 572 462 467 487 491 429 424 649 477 450 231 1333 481 1067 467 358 1192 632 0 193 587 189 453 574 458 604 401 336 578 473 597 457 524 611 583 337 1120 424 209 487 426 358 475
603 653 554 660 1144 574 728 960 649 457 783 283 819 522 202 586 253 408 270 839 511 517 200 508 200 706 349 717 781 616 255 777 701 645 532 636 697 734 331 628 648 652 509 270 619 639 611 311 1495 643 1037 547 438 1272 793 193 0 749 269 474 648 619 600 270 498 739 319 759 326 686 772 745 417 1090 586 371 649 272 438 637
179 139 405 511 1730 231 158 586 187 933 213 645 394 998 620 1171 729 884 654 199 987 416 676 359 676 135 575 146 631 200 730 204 130 496 1008 237 548 164 610 175 132 194 985 895 1204 244 193 786 1302 250 1622 1023 913 1748 204 587 749 0 745 465 587 207 617 696 348 590 943 177 752 261 202 174 893 1675 437 459 210 896 914 189
599 648 550 655 1187 570 724 955 644 453 779 326 815 518 197 629 248 404 313 834 506 559 196 503 196 701 392 712 776 611 250 773 696 641 528 631 693 730 373 624 644 648 505 313 662 635 607 306 1490 638 1080 543 433 1268 789 189 269 745 0 517 690 615 642 313 493 735 361 754 369 682 768 740 413 1133 581 367 644 314 434 632
320 369 271 376 1350 291 444 676 365 798 499 226 536 810 485 791 594 750 277 555 825 106 541 148 541 422 356 433 497 332 596 493 417 361 801 352 414 450 190 345 365 369 850 475 824 355 328 652 1211 359 1242 786 779 1591 510 453 474 465 517 0 373 336 325 277 214 456 524 475 333 402 488 461 758 1295 302 325 365 477 779 353
441 490 237 217 1523 412 566 516 486 920 621 399 644 984 607 964 715 871 450 676 973 403 663 346 663 543 529 554 338 453 717 615 538 202 974 473 254 572 364 466 486 490 971 648 998 477 449 773 1051 480 1415 959 900 1735 631 574 648 587 690 373 0 457 202 450 290 296 697 596 506 524 610 582 879 1468 199 446 486 650 901 474
62 110 275 381 1600 114 186 468 106 803 241 516 277 868 490 1042 599 754 524 297 857 286 546 229 546 163 445 174 502 83 601 235 158 366 878 120 418 192 480 86 106 110 855 765 1075 126 76 656 1185 133 1492 893 783 1618 251 458 619 207 615 336 457 0 487 567 218 460 813 216 623 144 230 202 763 1545 307 330 106 767 784 94
471 520 267 247 1475 442 596 546 516 950 651 351 674 936 637 917 745 901 402 706 951 367 693 375 693 573 481 584 367 483 747 645 568 232 926 503 284 602 316 496 516 520 1001 600 950 506 479 803 1081 510 1367 911 930 1717 661 604 600 617 642 325 202 487 0 402 320 326 649 626 458 553 640 612 909 1420 229 476 516 602 930 504
551 600 502 496 1145 522 675 901 596 689 730 86 767 606 433 587 484 640 73 786 621 319 431 379 432 653 152 664 722 563 486 724 648 524 597 583 639 681 133 576 596 600 740 271 620 586 559 542 1436 590 1038 581 669 1387 741 401 270 696 313 277 450 567 402 0 445 681 320 706 89 633 720 692 648 1091 533 319 596 273 669 584
202 252 153 214 1478 173 327 514 248 681 382 394 418 746 368 920 477 632 403 438 735 165 424 107 424 305 323 316 335 215 479 376 300 199 756 235 251 333 358 228 248 251 733 643 953 238 210 535 1049 242 1371 771 662 1496 392 336 498 348 493 214 290 218 320 445 0 294 692 358 501 285 371 344 641 1424 185 208 248 645 662 236
444 494 240 220 1720 415 569 264 490 923 624 630 392 988 610 1162 719 874 644 680 977 406 666 349 666 547 565 558 85 457 721 618 541 205 998 477 140 575 594 469 489 493 975 879 1195 480 452 777 799 484 1613 1013 904 1738 634 578 739 590 735 456 296 460 326 681 294 0 928 600 737 516 613 586 883 1666 202 450 490 881 904 478
798 847 748 743 988 768 922 1148 843 569 977 333 1013 448 481 429 531 520 319 1033 463 566 480 626 480 900 398 911 969 810 534 971 895 771 439 830 886 928 380 823 843 847 621 113 462 833 805 466 1683 837 880 424 717 1229 988 473 319 943 361 524 697 813 649 320 692 928 0 953 291 880 966 939 697 933 780 565 843 115 550 831
189 149 415 520 1739 241 167 595 196 942 203 655 404 1007 629 1181 738 894 664 189 996 426 685 368 685 145 585 156 641 210 740 194 140 505 1017 247 558 173 620 185 142 203 994 904 1214 253 203 796 1312 260 1632 1032 923 1757 193 597 759 177 754 475 596 216 626 706 358 600 953 0 762 271 198 182 902 1685 446 469 220 906 923 199
607 656 558 552 1201 578 731 957 652 745 786 142 823 662 489 643 540 696 129 842 677 375 487 435 487 709 207 720 778 619 542 780 704 580 653 639 695 737 189 632 652 656 796 327 676 642 615 598 1492 646 1094 637 725 1443 797 457 326 752 369 333 506 623 458 89 501 737 291 762 0 689 775 748 704 1147 589 375 652 315 725 640
116 165 342 447 1666 168 240 365 161 870 295 582 174 935 557 1108 665 821 591 351 923 353 613 295 613 218 512 229 500 137 667 289 213 433 945 174 485 246 547 140 160 164 921 831 1141 181 130 723 1082 187 1559 960 850 1685 305 524 686 261 682 402 524 144 553 633 285 516 880 271 689 0 284 257 829 1612 373 396 161 833 851 149
202 162 428 534 1753 254 181 609 210 956 234 668 418 1021 643 1194 752 907 677 221 1010 439 699 382 699 158 598 169 654 223 753 225 153 519 1031 261 571 187 633 198 156 217 1008 918 1228 267 217 809 1326 273 1645 1046 936 1771 225 611 772 202 768 488 610 230 640 720 371 613 966 198 775 284 0 197 916 1698 460 482 234 919 937 212
175 135 400 506 1725 227 153 581 182 928 208 641 390 993 615 1167 724 879 650 204 982 412 671 354 671 131 571 142 627 196 726 202 126 491 1003 233 543 159 605 171 128 189 980 890 1200 239 189 782 1298 246 1618 1018 909 1743 209 583 745 174 740 461 582 202 612 692 344 586 939 182 748 257 197 0 888 1671 432 455 206 892 909 185
747 796 698 803 1231 718 872 1103 792 284 927 661 963 499 345 673 230 267 648 982 488 709 272 651 272 849 585 860 924 759 231 921 844 789 509 779 841 878 709 772 792 796 156 648 706 782 755 287 1638 786 1123 524 68 1249 937 337 417 893 413 758 879 763 909 648 641 883 697 902 704 829 916 888 0 1176 729 515 792 650 277 780
1531 1580 1482 1483 592 1502 1656 1887 1576 1027 1711 1073 1747 907 1129 695 989 978 1060 1767 922 1306 1056 1366 1056 1633 1139 1644 1708 1543 992 1705 1628 1511 897 1563 1625 1662 1120 1556 1576 1580 1079 853 756 1567 1539 924 1422 1570 484 882 1199 1688 1721 1121 1059 1677 1101 1264 1437 1547 1389 1060 1425 1667 902 1686 1116 1614 1700 1672 1178 0 1513 1299 1576 855 1008 1564
291 340 143 123 1566 262 415 423 336 770 471 482 507 834 456 1008 565 721 491 526 823 253 512 195 512 393 412 404 244 303 567 464 388 108 844 323 160 421 447 316 336 340 821 731 1041 326 299 623 958 330 1459 859 750 1585 481 424 586 437 581 302 199 307 229 533 185 202 780 446 589 373 460 432 729 1512 0 296 336 733 750 324
314 363 264 370 1352 285 438 670 359 555 493 332 530 620 242 793 351 506 276 549 609 276 298 218 298 416 197 427 491 326 352 487 411 355 630 346 408 444 379 339 359 363 607 517 827 349 322 408 1205 353 1244 645 535 1370 504 209 371 459 367 325 446 330 476 319 208 450 565 469 375 396 482 455 515 1297 296 0 359 518 536 347
79 127 304 410 1629 131 189 485 123 832 244 545 294 897 519 1071 628 783 554 300 886 316 575 258 575 167 475 178 531 100 630 238 162 395 907 137 448 195 509 103 123 127 884 794 1104 143 93 686 1202 150 1522 922 813 1647 255 487 649 210 644 365 486 106 516 596 248 490 843 220 652 161 234 206 792 1575 336 359 0 796 813 111
751 800 702 696 941 722 875 1101 796 522 930 286 967 402 435 383 484 473 273 986 417 519 433 579 433 853 351 864 922 763 487 924 848 724 392 783 839 881 333 776 796 800 574 66 416 786 759 419 1636 790 833 377 670 1182 941 426 272 896 314 477 650 767 602 273 645 881 115 906 315 833 919 892 650 886 733 518 796 0 503 784
768 817 719 824 1061 739 893 1124 813 207 948 682 984 329 366 503 226 190 669 1003 318 730 293 673 293 870 606 881 945 780 229 942 865 810 339 800 862 899 730 793 813 817 142 521 536 804 776 161 1659 807 954 354 297 1079 958 358 438 914 434 779 901 784 930 669 662 904 570 923 725 851 937 909 277 1007 750 536 813 523 0 801
67 112 293 398 1617 119 168 473 111 820 223 533 282 885 507 1059 616 772 542 279 874 304 563 246 563 146 463 156 519 88 618 217 140 383 895 125 436 174 498 91 105 115 872 782 1092 131 81 674 1190 138 1510 910 801 1635 233 475 637 189 632 353 474 94 504 584 236 478 831 199 640 149 212 185 780 1563 324 347 111 784 801 0
EOF