NAME : tsp_problem
TYPE : TSP
DIMENSION : 33
EDGE_WEIGHT_TYPE : EXPLICIT
EDGE_WEIGHT_FORMAT : FULL_MATRIX
EDGE_WEIGHT_SECTION
0 144 140 844 712 364 140 1140 471 1495 370 943 619 721 637 329 717 298 110 193 587 930 712 115 181 1069 320 1239 1044 103 177 1156 940
144 0 142 846 714 365 142 1142 473 1497 372 945 621 723 639 331 719 300 111 194 589 932 714 116 183 1070 322 1240 1046 105 179 1158 942
140 142 0 843 710 254 139 1139 469 1493 261 942 618 720 635 220 716 296 108 83 586 929 710 113 71 1067 319 1237 1043 102 68 1155 939
844 846 843 0 599 1066 842 775 1122 1130 1072 578 1008 357 439 1031 562 1000 812 895 976 257 599 817 883 704 747 874 679 806 879 1626 576
712 714 710 599 0 934 710 555 984 910 940 482 496 477 392 899 93 868 680 763 464 686 88 685 751 484 439 654 459 673 747 1488 479
364 365 254 1066 934 0 362 1362 693 1717 157 1165 841 943 859 115 939 519 331 269 809 1152 934 336 257 1290 542 1460 1266 325 253 1378 1162
140 142 139 842 710 362 0 1138 469 1493 368 941 618 720 635 327 715 296 108 191 586 929 710 113 179 1067 318 1237 1042 102 175 1154 939
1401 1403 1399 1036 784 1623 1399 0 1679 665 1629 689 1192 723 996 1588 789 1557 1369 1452 1160 932 783 1374 1440 498 1135 409 474 1362 1436 2183 687
471 473 469 1122 984 693 469 1418 0 1773 699 1221 617 999 915 658 989 258 438 522 585 1208 984 444 510 1346 598 1516 1322 432 506 751 1218
1496 1498 1495 1132 879 1718 1495 694 1774 0 1725 785 1287 818 1091 1683 884 1652 1464 1547 1255 1027 879 1469 1535 594 1230 416 570 1458 1532 2278 782
370 372 261 1072 940 157 368 1368 699 1723 0 1171 848 950 865 122 945 526 338 275 816 1159 940 343 263 1297 548 1467 1272 332 260 1384 1169
943 945 942 578 602 1165 941 529 1221 884 1171 0 1010 265 538 1130 607 1099 911 994 978 474 602 916 982 457 846 627 433 905 978 1725 31
619 621 618 1008 496 841 618 964 617 1319 848 890 0 885 800 806 501 775 587 670 97 1094 496 592 658 892 367 1062 868 581 655 1120 887
721 723 720 357 477 943 720 462 999 817 950 265 885 0 316 908 439 877 689 772 853 252 477 694 760 390 624 560 366 683 757 1503 262
637 639 635 439 392 859 635 735 915 1090 865 538 800 316 0 824 355 793 605 688 768 525 392 610 676 663 540 833 639 598 672 1418 535
329 331 220 1031 899 115 327 1327 658 1682 122 1130 806 908 824 0 904 485 297 234 774 1117 899 302 222 1256 507 1426 1231 290 218 1343 1127
717 719 716 562 93 939 715 560 989 915 945 487 501 439 355 904 0 873 685 768 469 648 93 690 756 489 444 659 465 679 752 1493 484
298 300 296 1000 868 519 296 1296 258 1651 526 1099 775 877 793 485 873 0 265 348 743 1086 868 271 337 1224 476 1394 1200 259 333 944 1096
110 111 108 812 680 331 108 1108 438 1463 338 911 587 689 605 297 685 265 0 160 555 898 680 82 148 1036 288 1206 1012 71 145 1124 908
193 194 83 895 763 269 191 1191 522 1546 275 994 670 772 688 234 768 348 160 0 638 981 763 165 86 1119 371 1289 1095 154 82 1207 991
587 589 586 976 464 809 586 932 585 1287 816 858 97 853 768 774 469 743 555 638 0 1062 464 560 626 860 335 1030 836 549 623 1088 855
930 932 929 257 686 1152 929 671 1208 1026 1159 474 1094 252 525 1117 648 1086 898 981 1062 0 686 903 969 599 833 769 575 892 966 1712 471
712 714 710 599 88 934 710 555 984 910 940 481 496 477 392 899 93 868 680 763 464 686 0 685 751 484 439 654 459 673 747 1488 479
115 116 113 817 685 336 113 1113 444 1468 343 916 592 694 610 302 690 271 82 165 560 903 685 0 154 1041 293 1211 1017 76 150 1129 913
181 183 71 883 751 257 179 1179 510 1534 263 982 658 760 676 222 756 337 148 86 626 969 751 154 0 1107 359 1277 1083 142 70 1195 979
1070 1072 1069 705 453 1292 1068 267 1348 594 1298 358 861 392 665 1257 458 1226 1038 1121 829 601 453 1043 1109 0 804 338 73 1032 1105 1852 356
320 322 319 747 439 542 318 907 598 1262 548 833 367 624 540 507 444 476 288 371 335 833 439 293 359 835 0 1005 811 282 355 1102 830
1240 1242 1239 875 623 1462 1238 437 1518 416 1468 528 1031 562 835 1427 628 1396 1208 1291 999 771 623 1213 1279 338 974 0 313 1202 1275 2022 526
1046 1048 1044 681 428 1267 1044 243 1324 570 1274 334 837 367 640 1233 433 1202 1013 1097 805 576 428 1019 1085 73 780 313 0 1007 1081 1827 331
103 105 102 806 673 325 102 1102 432 1456 332 905 581 683 598 290 679 259 71 154 549 892 673 76 142 1030 282 1200 1006 0 138 1118 902
177 179 68 879 747 253 175 1175 506 1530 260 978 655 757 672 218 752 333 145 82 623 966 747 150 70 1104 355 1274 1079 138 0 1191 976
755 757 753 1224 1086 977 753 1520 350 1875 983 1323 719 1102 1017 942 1091 543 723 806 687 1311 1086 728 794 1449 700 1619 1425 716 790 0 1321
940 942 939 576 599 1162 939 526 1218 881 1169 31 1007 262 535 1127 604 1096 908 991 975 471 599 913 979 455 843 624 430 902 976 1722 0
EOF
