NAME : tsp_problem
TYPE : TSP
DIMENSION : 72
EDGE_WEIGHT_TYPE : EXPLICIT
EDGE_WEIGHT_FORMAT : FULL_MATRIX
EDGE_WEIGHT_SECTION
0 1597 1672 961 726 1679 879 1866 1028 1516 1864 1134 1831 1164 1527 1533 1000 1266 1600 1241 1183 1686 994 883 1093 1691 1320 1553 1299 1524 870 1950 1856 1397 516 866 980 1191 869 510 1017 650 1528 1251 1688 1031 1486 215 1616 1660 1150 290 1511 1135 1667 894 1158 1204 224 1351 1697 1364 1030 1278 1053 1111 128 1483 983 564 1102 1549
1596 0 571 677 1039 578 946 323 624 415 320 868 287 855 426 432 881 469 499 395 476 585 810 894 536 590 328 452 344 423 772 406 312 251 1265 790 862 445 956 1623 735 1103 427 390 588 697 160 1590 515 559 841 1665 410 866 566 935 556 549 1441 295 596 290 912 364 591 523 1552 163 865 1128 568 448
1671 571 0 752 1113 232 1021 616 699 223 613 943 762 930 244 205 956 544 153 646 551 215 890 975 611 210 403 162 419 190 847 881 605 371 1339 865 937 597 1031 1698 809 1178 198 464 230 772 460 1665 169 213 916 1739 217 941 219 1010 631 624 1516 369 205 365 986 439 666 598 1627 519 940 1203 643 210
960 677 752 0 402 758 310 946 107 595 943 257 911 244 606 612 245 650 680 693 374 766 653 541 173 770 509 632 525 604 136 1029 935 477 629 154 226 644 320 987 290 467 608 570 768 253 565 954 696 739 230 1029 591 255 746 299 238 447 805 475 777 471 276 545 133 421 916 624 229 492 181 628
816 938 1018 441 0 1025 359 1207 508 862 1204 614 1172 644 873 879 480 605 947 580 523 1032 334 223 525 1037 660 899 638 871 350 1290 1196 744 485 346 461 531 349 844 356 323 875 590 1035 371 832 811 963 1006 630 885 858 615 1013 374 590 544 661 691 1044 704 510 618 499 450 773 823 463 348 534 895
1677 578 232 758 1120 0 1027 622 705 230 620 950 769 936 251 212 963 551 160 653 558 224 897 982 617 219 410 169 426 197 853 888 612 378 1346 871 943 604 1037 1705 816 1184 205 471 239 779 466 1672 176 219 922 1746 223 948 226 1016 638 631 1522 376 214 372 993 446 673 605 1634 525 946 1209 649 216
908 946 1021 310 351 1027 0 1215 377 864 1212 483 1180 513 875 881 348 891 949 865 643 1035 619 508 442 1039 778 901 794 873 218 1299 1204 746 577 215 329 816 42 936 559 415 877 839 1037 522 834 903 965 1009 499 977 860 484 1015 45 507 716 753 744 1046 740 379 814 402 690 865 894 332 440 450 897
1865 323 616 946 1308 622 1215 0 893 468 102 1137 273 1124 489 476 1150 738 544 664 746 630 1079 1163 805 634 597 496 613 468 1041 392 109 521 1534 1059 1131 714 1225 1892 1004 1372 472 659 632 966 429 1859 560 603 1110 1934 462 1135 610 1204 825 818 1710 564 641 559 1181 633 860 792 1821 432 1134 1397 837 492
1026 624 699 107 469 705 377 893 0 542 890 299 858 285 553 559 312 597 627 640 322 713 600 489 120 717 456 579 472 551 203 977 883 424 695 220 293 591 387 1054 237 533 555 517 715 200 512 1021 643 687 272 1095 538 297 693 365 185 394 872 422 724 418 342 492 80 368 983 572 295 558 128 575
1514 415 223 595 957 230 864 468 542 0 466 787 615 773 97 84 799 388 152 490 395 237 734 818 454 242 247 104 263 76 690 734 458 215 1183 708 780 441 874 1542 653 1021 80 308 240 616 303 1508 168 211 759 1583 69 785 218 853 475 467 1359 213 248 209 830 283 510 442 1471 362 783 1046 486 100
1862 320 613 943 1305 620 1212 102 890 466 0 1135 271 1121 487 473 1147 736 541 661 743 627 1076 1161 802 632 595 494 611 465 1038 389 113 518 1531 1056 1128 711 1222 1890 1001 1369 469 656 629 964 427 1856 557 601 1107 1931 459 1133 607 1201 823 816 1707 561 638 557 1178 631 858 790 1819 430 1131 1394 834 489
1133 868 943 257 575 950 483 1137 299 787 1135 0 1102 107 798 804 232 841 872 884 566 957 844 732 365 962 700 824 717 796 309 1221 1127 669 802 327 224 835 493 1160 482 640 800 762 960 445 757 1127 888 931 75 1202 782 101 938 472 429 639 978 667 968 663 160 737 325 613 1089 816 191 665 373 820
1830 287 762 911 1272 769 1180 273 858 615 271 1102 0 1089 636 623 1115 703 691 629 710 776 1043 1128 770 781 562 643 578 615 1006 146 263 485 1499 1024 1096 679 1190 1857 968 1337 618 623 779 931 394 1824 707 750 1075 1898 608 1100 757 1169 790 783 1675 528 787 524 1146 598 825 757 1786 397 1099 1362 802 639
1163 855 930 244 605 936 513 1124 285 773 1121 107 1089 0 784 790 315 828 858 871 552 944 831 719 351 948 687 810 703 782 339 1207 1113 655 832 357 308 822 523 1190 468 670 786 748 946 431 743 1157 874 917 79 1231 769 105 924 502 416 625 1008 653 955 649 244 723 311 599 1119 802 275 695 359 806
1525 426 244 606 968 251 875 489 553 97 487 798 636 784 0 104 810 399 172 501 406 258 745 829 465 263 258 125 274 96 701 755 479 226 1194 719 791 452 885 1553 664 1032 100 319 260 627 314 1519 188 232 770 1594 90 796 238 864 486 478 1370 224 269 220 841 294 521 453 1482 373 794 1057 497 121
1531 432 205 612 974 212 881 476 559 84 473 804 623 790 104 0 816 405 133 507 412 219 751 835 471 224 264 105 280 83 707 741 466 232 1200 725 797 458 891 1559 670 1038 87 325 222 633 320 1525 149 193 776 1600 77 802 200 870 492 484 1376 230 230 226 847 300 527 459 1488 379 800 1063 503 107
998 881 956 245 441 963 348 1150 312 799 1147 232 1115 315 810 816 0 854 884 897 579 970 709 598 377 975 713 836 729 808 174 1234 1140 681 667 192 207 848 358 1026 495 505 812 774 972 457 770 993 900 944 284 1067 795 233 950 337 442 651 843 679 981 675 143 749 337 625 955 829 174 530 386 832
1297 469 544 650 740 551 840 738 597 388 736 841 703 828 399 405 854 0 472 233 450 558 477 562 509 563 186 425 164 396 745 822 728 269 966 763 835 184 830 1325 489 804 400 187 561 504 358 1291 488 532 814 1366 383 839 539 855 529 478 1142 216 569 230 885 162 564 385 1254 417 838 829 541 421
1599 499 153 680 1042 160 949 544 627 152 541 872 691 858 172 133 884 472 0 575 480 167 819 903 539 172 331 91 348 119 775 809 533 300 1268 793 865 526 959 1627 738 1106 126 393 170 701 388 1593 98 141 844 1668 145 870 148 938 559 552 1444 298 178 293 915 368 595 526 1556 447 868 1131 571 138
1272 395 646 693 715 653 815 664 640 490 661 884 629 871 501 507 897 233 575 0 432 660 452 537 610 665 288 527 266 499 788 747 653 372 941 801 878 95 805 1299 464 779 503 218 663 479 340 1266 591 634 857 1341 486 882 641 830 631 453 1117 319 671 332 928 246 607 360 1229 280 881 804 642 523
1214 476 551 374 657 558 643 746 322 395 743 566 710 552 406 412 579 450 480 432 0 565 395 479 233 570 309 432 325 404 469 829 735 277 883 487 559 383 654 1242 407 721 408 370 568 395 365 1209 496 539 538 1283 391 564 546 632 254 247 1060 275 576 271 609 345 289 221 1171 424 562 746 266 428
1684 585 215 766 1127 224 1035 630 713 237 627 957 776 944 258 219 970 558 167 660 565 0 904 989 624 195 417 176 433 204 861 895 619 385 1353 878 951 611 1045 1712 823 1192 212 478 215 786 473 1679 183 227 930 1753 230 955 220 1024 645 638 1530 383 190 379 1000 453 680 612 1641 533 953 1217 657 224
1026 810 890 651 468 897 569 1079 600 734 1076 824 1043 831 745 751 689 477 819 452 395 904 0 139 572 909 532 771 510 743 559 1162 1068 616 694 555 670 403 559 1053 424 533 747 462 907 439 704 1020 835 878 817 1094 729 825 885 584 593 415 871 563 915 576 720 490 567 322 982 694 673 558 602 767
914 894 975 539 357 982 457 1163 489 818 1161 712 1128 719 829 835 578 562 903 537 479 989 139 0 482 994 617 856 595 827 448 1247 1153 700 583 444 559 488 447 942 313 421 831 547 991 327 789 909 919 963 705 983 814 713 969 472 547 500 759 647 1000 660 608 575 456 407 871 779 561 446 490 852
1092 536 611 173 535 617 442 805 120 454 802 365 770 351 465 471 377 509 539 610 233 624 572 482 0 629 368 491 384 463 268 888 794 336 761 286 358 561 452 1120 231 599 467 429 627 193 424 1086 555 598 337 1161 450 363 605 431 96 306 937 334 636 330 408 404 88 280 1049 483 361 624 108 487
1689 590 210 770 1132 219 1039 634 717 242 632 962 781 948 263 224 975 563 172 665 570 195 909 994 629 0 422 181 438 209 865 900 624 390 1358 883 955 616 1049 1717 828 1196 217 483 210 791 478 1684 188 222 934 1758 235 960 216 1028 650 643 1534 388 185 384 1005 458 685 617 1646 537 958 1221 661 228
1352 328 403 509 794 410 778 597 456 247 595 700 562 687 258 264 713 186 331 288 309 417 532 617 368 422 0 284 83 255 604 681 587 128 1021 622 694 239 788 1379 544 859 259 106 420 529 217 1346 348 391 673 1421 242 698 398 767 388 381 1197 127 428 122 744 81 423 355 1308 276 697 884 400 280
1551 452 162 632 994 169 901 496 579 104 494 824 643 810 125 105 836 425 91 527 432 176 771 856 491 181 284 0 300 90 727 761 486 252 1220 745 817 478 911 1579 690 1058 98 345 179 653 340 1546 107 150 796 1620 97 822 157 890 512 505 1396 250 187 246 867 320 547 479 1508 399 820 1083 523 109
1330 344 419 525 773 426 794 613 472 263 611 717 578 703 274 280 729 164 348 266 325 433 510 595 384 438 83 300 0 272 620 697 603 145 999 638 710 217 804 1358 522 837 276 84 436 537 233 1324 364 407 689 1399 258 715 414 783 404 397 1175 114 444 127 760 59 440 371 1287 292 713 862 416 296
1523 423 190 604 966 197 873 468 551 76 465 796 615 782 96 83 808 396 119 499 404 204 743 827 463 209 255 90 272 0 699 733 457 224 1192 717 789 450 883 1551 662 1030 79 317 207 625 312 1517 135 178 768 1592 69 794 185 862 483 476 1368 222 216 217 839 292 519 450 1480 371 792 1055 495 99
868 772 847 136 311 853 218 1041 203 690 1038 309 1006 339 701 707 174 745 775 788 469 861 579 468 268 865 604 727 620 699 0 1124 1030 572 537 83 155 739 229 896 385 375 703 665 863 348 660 863 791 834 325 937 686 310 841 207 333 542 713 570 872 566 205 640 228 516 825 720 158 400 276 723
1948 406 881 1029 1391 888 1299 392 977 734 389 1221 146 1207 755 741 1234 822 809 747 829 895 1162 1247 888 900 681 761 697 733 1124 0 382 604 1617 1142 1214 798 1309 1946 1087 1455 737 742 897 1050 513 1943 825 869 1193 2017 727 1219 875 1287 909 902 1793 647 906 643 1264 717 944 876 1905 516 1217 1480 921 757
1854 312 605 935 1297 612 1204 109 883 458 113 1127 263 1113 479 466 1140 728 533 653 735 619 1068 1153 794 624 587 486 603 457 1030 382 0 510 1523 1048 1120 704 1214 1882 993 1361 461 648 622 956 419 1849 550 593 1099 1923 451 1125 600 1193 815 808 1699 553 630 549 1170 623 850 782 1811 422 1123 1386 826 482
1396 251 371 477 839 378 746 521 424 215 518 669 485 655 226 232 681 269 300 372 277 385 616 700 336 390 128 252 145 224 572 604 510 0 1065 590 662 323 756 1424 535 903 228 190 388 498 185 1390 316 359 641 1465 210 667 366 735 356 349 1241 95 396 90 712 165 392 323 1353 199 665 928 368 248
516 1266 1341 630 395 1348 548 1535 697 1184 1532 803 1500 833 1195 1201 669 935 1269 909 852 1355 663 552 762 1360 989 1222 968 1193 539 1619 1525 1066 0 535 649 860 538 543 686 319 1197 920 1357 700 1155 510 1285 1329 819 585 1180 804 1335 563 827 873 361 1020 1366 1033 699 947 722 780 472 1152 652 233 771 1218
864 790 865 154 307 871 215 1059 220 708 1056 327 1024 357 719 725 192 763 793 806 487 878 575 464 286 883 622 745 638 717 83 1142 1048 590 533 0 173 757 225 892 403 371 721 683 881 366 678 859 809 852 343 933 704 328 859 203 351 560 709 588 890 584 223 658 246 534 821 737 176 396 294 741
979 862 937 226 422 943 329 1131 293 780 1128 224 1096 308 791 797 207 835 865 878 559 951 690 579 358 955 694 817 710 789 155 1214 1120 662 648 173 0 829 339 1007 475 486 793 755 953 438 750 973 881 924 277 1048 776 226 931 318 423 632 824 660 962 656 136 730 318 606 936 810 167 511 366 813
1223 445 597 644 665 604 766 714 591 441 711 835 679 822 452 458 848 184 526 95 383 611 403 488 561 616 239 478 217 450 739 798 704 323 892 752 829 0 756 1250 415 730 453 169 614 430 390 1217 542 585 808 1292 436 833 592 781 581 404 1068 270 622 283 878 197 558 311 1179 330 831 755 592 474
918 956 1031 320 361 1037 42 1225 387 874 1222 493 1190 523 885 891 358 901 959 876 654 1045 629 518 452 1049 788 911 804 883 229 1309 1214 756 587 225 339 826 0 946 569 425 887 849 1047 532 844 913 975 1019 509 987 870 494 1025 55 517 726 764 754 1056 750 389 824 412 700 875 904 342 450 460 907
510 1625 1700 989 754 1706 907 1894 1056 1543 1891 1162 1859 1192 1554 1560 1027 1294 1628 1268 1211 1714 1022 911 1121 1718 1348 1580 1326 1552 897 1978 1883 1425 543 894 1008 1219 897 0 1044 678 1556 1278 1716 1059 1513 504 1644 1688 1178 579 1539 1163 1694 922 1186 1232 355 1379 1725 1392 1058 1306 1081 1139 466 1511 1011 592 1129 1576
1048 735 809 290 491 816 559 1004 237 653 1001 482 968 468 664 670 495 489 738 464 407 823 424 313 231 828 544 690 522 662 385 1087 993 535 717 403 475 415 569 1076 0 555 666 474 826 212 623 1042 754 797 454 1117 649 480 804 548 295 428 893 533 835 529 525 502 205 334 1005 682 478 580 239 686
650 1104 1179 468 233 1186 386 1373 535 1023 1371 641 1338 671 1034 1040 507 773 1107 748 690 1193 501 390 600 1198 828 1060 806 1031 377 1457 1363 904 319 373 488 698 376 678 524 0 1035 758 1196 538 993 644 1124 1167 657 719 1018 642 1174 401 665 711 495 858 1204 871 537 785 560 618 607 990 490 182 609 1056
1527 427 198 608 970 205 877 472 555 80 469 800 618 786 100 87 812 400 126 503 408 212 747 831 467 217 259 98 276 79 703 737 461 228 1196 721 793 453 887 1555 666 1034 0 321 215 628 316 1521 143 186 772 1596 73 798 193 866 487 480 1372 226 223 221 843 295 523 454 1484 375 796 1059 499 103
1282 390 464 570 725 471 825 659 517 308 656 762 623 748 319 325 774 187 393 218 370 478 462 547 429 483 106 345 84 317 665 742 648 190 951 683 755 169 815 1310 474 789 321 0 481 489 278 1276 409 452 734 1351 304 760 459 828 450 443 1127 137 490 150 805 82 485 370 1239 337 758 814 461 341
1687 588 230 768 1130 239 1037 632 715 240 629 960 779 946 260 222 972 561 170 663 568 215 907 991 627 210 420 179 436 207 863 897 622 388 1356 881 953 614 1047 1715 826 1194 215 481 0 789 476 1681 186 229 932 1756 233 958 235 1026 648 640 1532 386 204 382 1003 456 683 615 1644 535 956 1219 659 226
1062 697 772 253 505 779 522 966 200 616 964 445 931 431 627 633 457 504 701 479 395 786 439 327 193 791 529 653 537 625 348 1050 956 498 731 366 438 430 532 1090 212 569 628 489 789 0 586 1057 717 760 417 1131 611 443 767 511 258 442 908 496 797 491 488 517 168 349 1019 645 441 594 202 649
1484 160 460 565 927 466 834 429 512 303 427 757 394 743 314 320 770 358 388 340 365 473 704 789 424 478 217 340 233 312 660 513 419 185 1153 678 750 390 844 1512 623 991 316 278 476 586 0 1479 404 447 729 1553 299 755 454 823 445 438 1329 183 485 179 800 253 480 412 1441 108 753 1016 456 336
215 1592 1666 956 721 1673 874 1861 1022 1510 1858 1129 1826 1159 1521 1527 994 1260 1595 1235 1178 1680 989 877 1088 1685 1315 1547 1293 1519 864 1944 1850 1392 510 860 975 1186 864 504 1011 644 1523 1245 1683 1026 1480 0 1611 1654 1145 164 1506 1130 1661 889 1152 1198 218 1346 1692 1359 1025 1273 1048 1105 172 1477 978 558 1096 1543
1615 515 169 696 1058 176 965 560 643 168 557 888 707 874 188 149 900 488 98 591 496 183 835 919 555 188 348 107 364 135 791 825 550 316 1284 809 881 542 975 1643 754 1122 143 409 186 717 404 1609 0 157 860 1684 161 886 164 954 576 568 1460 314 194 310 931 384 611 542 1572 463 884 1147 587 154
1658 559 213 739 1101 219 1009 603 687 211 601 931 750 917 232 193 944 532 141 634 539 227 878 963 598 222 391 150 407 178 834 869 593 359 1327 852 924 585 1019 1686 797 1165 186 452 229 760 447 1653 157 0 903 1727 204 929 207 997 619 612 1503 357 216 353 974 427 654 586 1615 507 927 1190 631 197
1149 841 916 230 591 922 499 1110 272 759 1107 75 1075 79 770 776 284 814 844 857 538 930 817 705 337 934 673 796 689 768 325 1193 1099 641 818 343 277 808 509 1176 454 656 772 734 932 417 729 1143 860 903 0 1218 755 73 910 488 402 611 994 639 941 635 213 709 297 585 1105 789 243 681 345 792
290 1666 1741 1030 795 1748 948 1935 1097 1584 1932 1203 1900 1233 1595 1601 1069 1335 1669 1309 1252 1755 1063 952 1162 1760 1389 1621 1368 1593 939 2019 1925 1466 585 935 1049 1260 938 579 1086 719 1597 1319 1757 1100 1555 164 1685 1729 1219 0 1580 1204 1735 963 1227 1273 292 1420 1766 1433 1099 1347 1122 1180 246 1552 1052 633 1171 1617
1510 410 217 591 953 223 860 462 538 69 459 782 608 769 90 77 795 383 145 486 391 230 729 814 450 235 242 97 258 69 686 727 451 210 1179 704 776 436 870 1537 649 1017 73 304 233 611 299 1504 161 204 755 1579 0 780 211 849 470 463 1355 209 242 204 826 278 505 437 1467 358 779 1042 482 93
1134 866 941 255 576 948 484 1135 297 785 1133 101 1100 105 796 802 233 839 870 882 564 955 842 731 363 960 698 822 715 794 310 1219 1125 667 803 328 226 833 494 1161 480 641 798 760 958 443 755 1128 886 929 73 1203 780 0 936 473 427 637 979 665 966 661 162 735 323 611 1090 814 192 666 371 818
1665 566 219 746 1108 226 1015 610 693 218 607 938 757 924 238 200 950 539 148 641 546 220 885 969 605 216 398 157 414 185 841 875 600 366 1334 859 931 592 1025 1693 804 1172 193 459 235 767 454 1659 164 207 910 1734 211 936 0 1004 626 618 1510 364 210 360 981 434 661 593 1622 513 934 1197 637 204
897 935 1010 299 340 1016 45 1204 365 853 1201 472 1169 502 864 870 337 880 938 854 632 1024 608 497 431 1028 767 890 783 862 207 1287 1193 735 566 203 318 805 55 925 548 404 866 828 1026 511 823 892 954 997 488 966 849 473 1004 0 496 705 742 733 1035 729 368 803 391 679 854 882 321 429 439 886
1157 556 631 238 599 638 507 825 185 475 823 429 790 416 486 492 442 529 559 631 254 645 593 547 96 650 388 512 404 483 333 909 815 356 825 351 423 581 517 1184 295 664 487 450 648 258 445 1151 576 619 402 1225 470 427 626 496 0 326 1002 355 656 350 472 424 152 301 1113 504 426 689 129 508
1235 549 624 447 678 631 716 818 394 467 816 639 783 625 478 484 651 478 552 453 247 638 415 500 306 643 381 505 397 476 542 902 808 349 904 560 632 404 726 1263 428 742 480 443 640 442 438 1230 568 612 611 1304 463 637 618 705 326 0 1080 347 649 343 682 417 362 293 1192 497 635 767 338 501
224 1442 1517 806 571 1524 724 1711 873 1361 1709 979 1676 1009 1372 1378 845 1111 1446 1086 1028 1531 840 728 938 1536 1166 1398 1144 1370 715 1795 1701 1243 361 711 826 1037 715 355 862 495 1373 1096 1534 876 1331 218 1462 1505 995 292 1356 980 1512 739 1003 1049 0 1196 1542 1209 875 1124 898 956 180 1328 828 409 947 1394
1382 295 369 475 825 376 744 564 422 213 561 667 528 653 224 230 679 216 298 319 275 383 563 647 334 388 127 250 114 222 570 647 553 95 1051 588 660 270 754 1410 533 889 226 137 386 496 183 1377 314 357 639 1451 209 665 364 733 355 347 1228 0 394 89 710 112 390 322 1339 242 663 915 366 246
1696 596 205 777 1138 214 1046 641 724 248 638 968 787 955 269 230 981 569 178 671 576 190 915 1000 636 185 428 187 444 216 872 906 630 396 1365 890 962 622 1056 1723 835 1203 223 490 204 797 485 1690 194 216 941 1765 242 966 210 1035 656 649 1541 394 0 390 1012 464 691 623 1652 544 965 1228 668 235
1390 290 365 471 833 372 740 559 418 209 557 663 524 649 220 226 675 230 293 332 271 379 576 660 330 384 122 246 127 217 566 643 549 90 1059 584 656 283 750 1418 529 897 221 150 382 491 179 1384 310 353 635 1459 204 661 360 729 350 343 1235 89 390 0 706 125 386 317 1347 238 659 922 362 242
1029 912 986 276 471 993 379 1181 342 830 1178 160 1146 244 841 847 143 885 915 928 609 1000 740 628 408 1005 744 867 760 839 205 1264 1170 712 698 223 136 878 389 1056 525 536 843 805 1003 488 800 1023 931 974 213 1098 826 162 981 368 472 682 874 710 1012 706 0 780 368 656 985 859 103 561 416 863
1310 364 439 545 752 446 814 633 492 283 631 737 598 723 294 300 749 162 368 246 345 453 490 575 404 458 81 320 59 292 640 717 623 165 978 658 730 197 824 1337 502 817 295 82 456 517 253 1304 384 427 709 1378 278 735 434 803 424 417 1155 112 464 125 780 0 460 391 1266 312 733 842 436 316
1052 591 666 133 495 673 402 860 80 510 858 325 825 311 521 527 337 564 595 607 289 680 567 456 88 685 423 547 440 519 228 944 850 392 721 246 318 558 412 1080 205 559 523 485 683 168 480 1046 611 654 297 1121 505 323 661 391 152 362 897 390 691 386 368 460 0 336 1009 539 321 584 96 543
1142 523 598 421 585 605 685 792 368 442 790 613 757 599 453 459 625 385 526 360 221 612 322 407 280 617 355 479 371 450 516 876 782 323 811 534 606 311 675 1170 334 649 454 370 615 349 412 1136 542 586 585 1211 437 611 593 679 301 293 987 322 623 317 656 391 336 0 1099 471 609 674 312 475
128 1554 1629 918 683 1635 836 1823 985 1472 1820 1091 1788 1121 1483 1489 956 1223 1557 1197 1140 1643 951 840 1050 1647 1277 1509 1256 1481 827 1907 1812 1354 472 823 937 1148 826 466 973 607 1485 1207 1645 988 1442 172 1573 1617 1107 246 1468 1092 1623 851 1115 1161 180 1308 1654 1321 987 1235 1010 1068 0 1440 940 521 1058 1505
1514 163 519 624 957 525 894 432 572 362 430 816 397 802 373 379 829 417 447 280 424 533 694 779 483 537 276 399 292 371 720 516 422 199 1183 737 810 330 904 1542 682 1021 375 337 535 645 108 1509 463 507 789 1583 358 814 513 882 504 497 1359 242 544 238 859 312 539 471 1471 0 812 1046 516 395
982 865 940 229 425 946 332 1134 295 783 1131 191 1099 275 794 800 174 838 868 881 562 953 693 581 361 958 697 820 713 792 158 1217 1123 665 651 176 167 831 342 1009 478 489 796 758 956 441 753 976 884 927 243 1051 779 192 934 321 426 635 827 663 965 659 103 733 321 609 938 812 0 514 369 816
564 1129 1204 493 258 1211 411 1398 560 1048 1396 666 1363 696 1059 1065 532 798 1132 773 715 1218 526 415 625 1223 853 1085 831 1056 402 1482 1388 929 233 398 513 724 402 592 549 182 1060 783 1221 563 1018 558 1149 1192 682 633 1043 667 1199 426 690 736 409 883 1229 896 562 810 585 643 521 1015 515 0 634 1081
1100 568 643 181 543 649 450 837 128 486 834 373 802 359 497 503 386 541 571 642 266 657 602 490 108 661 400 523 416 495 276 921 826 368 769 294 366 592 460 1128 239 607 499 461 659 202 456 1095 587 631 345 1169 482 371 637 439 129 338 945 366 668 362 416 436 96 312 1057 516 369 632 0 519
1547 448 210 628 990 216 897 492 575 100 489 820 639 806 121 107 832 421 138 523 428 224 767 852 487 228 280 109 296 99 723 757 482 248 1216 741 813 474 907 1575 686 1054 103 341 226 649 336 1541 154 197 792 1616 93 818 204 886 508 501 1392 246 235 242 863 316 543 475 1504 395 816 1079 519 0
EOF