NAME : tsp_problem
TYPE : TSP
DIMENSION : 58
EDGE_WEIGHT_TYPE : EXPLICIT
EDGE_WEIGHT_FORMAT : FULL_MATRIX
EDGE_WEIGHT_SECTION
0 501 837 1206 826 506 533 655 787 811 148 500 255 893 349 305 898 676 238 521 497 1606 512 654 644 529 355 626 273 329 682 184 814 586 389 859 840 1557 315 594 498 249 334 791 639 550 223 540 806 879 757 267 777 143 464 917 278 634
501 0 677 786 665 456 372 403 627 650 493 187 622 656 234 672 650 515 360 643 336 1186 829 391 378 368 331 439 641 696 223 512 653 127 228 698 679 1137 682 134 337 617 701 630 324 389 590 423 645 670 297 635 912 511 286 630 646 174
837 677 0 682 133 964 352 488 206 247 829 764 958 368 570 1009 373 195 696 979 456 1082 1165 486 477 355 813 459 977 1033 601 848 128 703 564 55 119 1033 1018 710 457 953 1037 167 472 318 926 998 91 354 724 971 1248 847 863 393 982 618
1208 755 683 0 786 1030 722 779 824 847 1199 761 1329 544 940 1379 538 565 1066 1350 826 585 1535 767 754 725 905 815 1348 1403 564 1219 659 701 893 705 772 536 1389 708 827 1324 1408 821 700 688 1297 998 652 558 663 1341 1619 1217 860 518 1352 616
826 665 133 785 0 953 341 477 96 137 818 752 947 471 558 997 476 298 685 968 444 1185 1154 475 466 344 802 448 966 1021 590 837 211 692 553 138 149 1136 1007 699 446 942 1026 100 461 307 915 987 174 458 827 960 1237 836 851 496 970 607
506 456 964 1062 953 0 660 679 914 938 498 316 627 931 476 678 926 803 320 367 624 1462 553 666 654 656 325 715 646 702 498 517 941 402 515 986 967 1413 654 409 625 622 706 918 600 677 596 122 933 946 573 640 637 516 208 906 651 450
533 372 352 721 341 660 0 184 302 325 525 459 654 407 265 704 412 191 392 675 151 1121 860 182 173 57 509 154 673 728 297 544 328 399 259 374 354 1072 714 406 152 649 733 305 168 64 622 694 321 393 567 666 944 543 558 432 677 314
655 403 488 810 477 679 184 0 438 462 647 410 776 544 387 826 548 327 514 797 273 1210 983 304 295 180 553 277 795 850 247 666 464 349 381 510 491 1161 836 356 274 771 855 442 290 201 744 646 457 530 518 788 1066 665 509 568 799 264
787 627 206 822 96 914 302 438 0 98 779 714 908 509 520 959 514 292 646 929 406 1222 1115 436 427 305 763 409 927 983 551 798 285 653 514 211 110 1174 968 660 407 903 987 61 422 268 876 948 248 495 822 921 1198 797 813 533 932 568
811 650 247 846 137 938 325 462 98 0 802 737 932 532 543 982 537 316 669 952 429 1246 1138 460 450 328 786 432 951 1006 574 822 326 677 537 253 151 1197 992 684 430 927 1011 102 445 291 900 971 289 519 845 944 1222 820 836 557 955 591
148 493 829 1198 818 498 525 647 779 802 0 491 239 884 341 290 889 668 229 513 488 1598 497 645 635 520 347 617 258 314 674 168 805 578 380 851 831 1549 300 585 489 234 318 782 630 541 208 532 798 870 749 252 762 128 455 909 263 625
500 187 764 793 752 316 459 410 714 737 491 0 621 662 379 671 657 602 358 636 481 1193 821 397 385 455 190 445 640 695 229 511 740 133 325 786 766 1144 681 140 482 616 700 717 331 476 589 283 733 677 304 633 905 509 146 637 644 181
255 622 958 1327 947 627 654 776 908 932 239 621 0 1014 470 221 1019 797 359 642 618 1727 603 774 765 650 476 747 219 237 803 275 935 707 509 980 961 1678 406 714 619 195 232 912 760 671 168 661 927 1000 878 213 869 143 585 1038 224 755
893 716 368 582 471 992 407 544 509 532 884 723 1014 0 625 1064 38 250 751 1034 511 982 1220 542 532 410 866 514 1033 1088 525 904 344 662 619 390 457 934 1074 669 512 1009 1093 506 527 373 982 959 337 46 624 1026 1304 902 822 55 1037 577
349 234 570 938 558 476 265 387 520 543 341 379 470 625 0 520 630 408 208 491 229 1338 677 386 376 261 325 358 489 544 415 360 546 319 121 592 572 1290 530 326 230 465 549 523 371 282 438 510 539 611 489 482 760 359 434 649 493 366
305 672 1009 1377 997 678 704 826 959 982 290 671 221 1064 520 0 1069 847 409 692 668 1777 654 825 815 700 526 797 219 205 853 325 985 757 560 1030 1011 1729 456 765 669 183 200 962 810 721 209 711 977 1050 928 209 919 193 635 1088 214 805
898 721 373 587 476 996 412 548 514 537 889 727 1019 38 630 1069 0 255 756 1039 516 987 1225 547 537 415 871 519 1037 1093 530 909 349 667 624 395 462 938 1079 674 517 1013 1098 511 532 378 987 964 342 51 629 1031 1309 907 826 50 1042 582
676 515 195 564 298 803 191 327 292 316 668 602 797 250 408 847 255 0 535 818 294 964 1003 325 316 194 652 297 816 871 440 687 171 542 402 217 284 915 857 549 295 792 876 296 311 156 765 837 164 237 606 809 1087 686 701 275 820 457
238 360 696 1065 685 320 392 514 646 669 229 358 359 751 208 409 756 535 0 335 355 1465 521 512 503 387 214 484 378 433 541 249 672 445 247 718 699 1416 419 452 356 354 438 650 498 409 327 354 665 738 616 371 604 248 323 776 382 493
521 643 979 1348 968 367 675 797 929 952 513 636 642 1034 491 692 1039 818 335 0 639 1748 255 795 786 671 497 768 661 716 818 532 955 722 530 1001 982 1699 356 729 640 637 721 933 781 692 610 401 948 1021 893 654 339 531 528 1059 665 770
497 336 456 824 444 624 151 273 406 429 488 481 618 511 229 668 516 294 355 639 0 1224 824 272 262 147 473 244 637 692 386 508 432 421 223 477 458 1176 678 428 116 613 697 409 257 168 586 657 424 497 592 630 908 506 580 535 641 403
1608 1155 1083 585 1186 1430 1122 1179 1224 1247 1599 1161 1729 944 1340 1779 938 965 1466 1749 1226 0 1935 1167 1154 1125 1305 1215 1748 1803 964 1619 1059 1101 1293 1105 1172 571 1789 1108 1227 1724 1808 1221 1100 1088 1697 1398 1052 958 1063 1741 2019 1617 1260 918 1752 1016
512 829 1165 1534 1154 553 860 983 1115 1138 497 821 603 1220 677 654 1225 1003 521 255 824 1934 0 981 971 856 683 953 622 678 1004 532 1141 908 716 1187 1167 1885 228 915 825 598 682 1118 966 877 571 587 1134 1206 1079 616 392 492 714 1244 627 955
654 391 486 798 475 666 182 304 436 460 645 397 774 542 386 825 547 325 512 795 272 1198 981 0 293 178 541 275 793 849 235 664 463 337 380 508 489 1149 835 344 273 769 853 440 288 199 743 634 455 528 505 787 1064 663 496 566 798 252
644 378 477 786 466 654 173 295 427 450 635 385 765 532 376 815 537 316 503 786 262 1186 971 293 0 168 529 265 784 839 222 655 453 325 370 499 480 1137 825 332 263 760 844 431 279 190 733 621 446 519 493 777 1055 654 484 557 788 239
529 368 355 724 344 656 57 180 305 328 520 455 650 410 261 700 415 194 387 671 147 1124 856 178 168 0 504 150 669 724 292 540 331 395 255 377 357 1075 710 402 148 645 729 308 163 67 618 689 324 396 563 662 940 538 554 435 673 309
355 331 813 936 802 325 509 553 763 786 347 190 476 806 325 526 801 652 214 497 473 1336 683 541 529 504 0 589 495 550 373 366 789 277 364 835 816 1288 536 284 474 471 555 767 474 526 444 292 782 821 448 488 766 365 155 780 499 325
626 439 459 828 448 715 154 277 409 432 617 445 747 514 358 797 519 297 484 768 244 1228 953 275 265 150 589 0 766 821 283 637 435 385 352 481 461 1179 807 392 245 742 826 412 260 171 715 682 428 500 554 759 1037 635 544 538 770 300
273 641 977 1346 966 646 673 795 927 951 258 640 219 1033 489 219 1037 816 378 661 637 1746 622 793 784 669 495 766 0 235 822 294 953 726 528 999 980 1697 425 733 638 213 230 931 779 690 187 680 946 1019 897 232 888 162 604 1057 242 774
329 696 1033 1401 1021 702 728 850 983 1006 314 695 237 1088 544 205 1093 871 433 716 692 1801 678 849 839 724 550 821 235 0 877 349 1009 781 584 1054 1035 1753 480 789 693 199 216 986 834 745 225 735 1001 1074 952 226 943 217 659 1112 230 829
682 223 601 595 590 498 297 247 551 574 674 229 803 465 415 853 460 440 541 818 386 995 1004 235 222 292 373 283 822 877 0 693 577 169 361 623 603 947 863 176 387 798 882 554 168 313 771 466 570 480 303 816 1087 692 328 439 827 84
184 512 848 1217 837 517 544 666 798 822 168 511 275 904 360 325 909 687 249 532 508 1617 532 664 655 540 366 637 294 349 693 0 825 597 399 870 851 1568 335 604 509 270 354 802 650 561 243 551 817 890 768 287 798 163 475 928 298 645
814 653 128 658 211 941 328 464 285 326 805 740 935 344 546 985 349 171 672 955 432 1058 1141 463 453 331 789 435 953 1009 577 825 0 680 540 133 197 1009 995 687 433 929 1014 245 448 294 903 974 170 331 700 947 1225 823 839 369 958 594
586 127 703 732 692 402 399 349 653 677 578 133 707 602 319 757 597 542 445 722 421 1132 908 337 325 395 277 385 726 781 169 597 680 0 265 725 706 1083 767 80 422 702 786 657 270 416 675 369 672 617 204 720 991 596 232 576 730 120
389 228 564 924 553 515 259 381 514 537 380 325 509 619 121 560 624 402 247 530 223 1324 716 380 370 255 364 352 528 584 361 399 540 265 0 586 566 1276 570 272 224 504 588 517 365 276 478 549 533 605 436 522 799 398 424 643 533 313
859 698 55 704 138 986 374 510 211 253 851 786 980 390 592 1030 395 217 718 1001 477 1104 1187 508 499 377 835 481 999 1054 623 870 133 725 586 0 124 1055 1040 732 479 975 1059 172 494 340 948 1020 97 376 746 993 1270 869 885 415 1004 640
840 679 119 771 149 967 354 491 110 151 831 766 961 457 572 1011 462 284 699 982 458 1171 1167 489 480 357 816 461 980 1035 603 851 197 706 566 124 0 1122 1021 713 459 956 1040 113 475 320 929 1001 160 444 813 973 1251 849 865 482 984 621
1559 1106 1034 536 1137 1382 1073 1130 1175 1198 1550 1112 1680 895 1291 1730 889 917 1417 1701 1177 571 1886 1118 1106 1076 1256 1166 1699 1754 915 1570 1011 1052 1244 1056 1124 0 1740 1059 1178 1675 1759 1172 1051 1039 1648 1349 1003 909 1014 1692 1970 1568 1211 869 1703 967
315 682 1018 1387 1007 654 714 836 968 992 300 681 406 1074 530 456 1079 857 419 356 678 1787 228 835 825 710 536 807 425 480 863 335 995 767 570 1040 1021 1738 0 775 679 401 485 972 820 731 374 688 987 1060 938 418 493 294 645 1098 429 815
594 134 710 739 699 409 406 356 660 684 585 140 714 609 326 765 604 549 452 729 428 1139 915 344 332 402 284 392 733 789 176 604 687 80 272 732 713 1091 775 0 429 709 793 664 277 423 683 377 679 624 223 727 999 603 239 584 738 128
498 337 457 825 446 625 152 274 407 430 489 482 619 512 230 669 517 295 356 640 116 1225 825 273 263 148 474 245 638 693 387 509 433 422 224 479 459 1177 679 429 0 614 698 410 258 169 587 658 426 498 593 631 909 507 581 536 642 404
249 617 953 1322 942 622 649 771 903 927 234 616 195 1009 465 183 1013 792 354 637 613 1722 598 769 760 645 471 742 213 199 798 270 929 702 504 975 956 1673 401 709 614 0 194 907 755 666 163 656 922 995 873 203 864 138 580 1033 208 750
334 701 1037 1406 1026 706 733 855 987 1011 318 700 232 1093 549 200 1098 876 438 721 697 1806 682 853 844 729 555 826 230 216 882 354 1014 786 588 1059 1040 1757 485 793 698 194 0 991 839 750 220 740 1006 1079 957 221 948 222 664 1117 225 834
791 630 167 819 100 918 305 442 61 102 782 717 912 506 523 962 511 296 650 933 409 1219 1118 440 431 308 767 412 931 986 554 802 245 657 517 172 113 1170 972 664 410 907 991 0 426 271 880 952 209 492 825 924 1202 800 816 530 935 572
639 324 472 731 461 600 168 290 422 445 630 331 760 527 371 810 532 311 498 781 257 1131 966 288 279 163 474 260 779 834 168 650 448 270 365 494 475 1082 820 277 258 755 839 426 0 185 728 567 441 514 439 772 1050 648 430 552 783 185
550 389 318 687 307 677 64 201 268 291 541 476 671 373 282 721 378 156 409 692 168 1087 877 199 190 67 526 171 690 745 313 561 294 416 276 340 320 1038 731 423 169 666 750 271 185 0 639 711 287 359 584 683 961 559 575 397 694 331
223 590 926 1295 915 596 622 744 876 900 208 589 168 982 438 209 987 765 327 610 586 1695 571 743 733 618 444 715 187 225 771 243 903 675 478 948 929 1646 374 683 587 163 220 880 728 639 0 629 895 968 846 181 837 111 553 1006 192 723
540 423 998 1029 987 122 694 646 948 971 532 283 661 898 510 711 893 837 354 401 657 1429 587 634 621 689 292 682 680 735 466 551 974 369 549 1020 1001 1380 688 377 658 656 740 952 567 711 629 0 967 913 540 673 670 550 176 873 684 417
806 645 91 651 174 933 321 457 248 289 798 733 927 337 539 977 342 164 665 948 424 1051 1134 455 446 324 782 428 946 1001 570 817 170 672 533 97 160 1002 987 679 426 922 1006 209 441 287 895 967 0 323 693 940 1217 816 831 361 950 587
879 702 354 569 458 978 393 530 495 519 870 709 1000 46 611 1050 51 237 738 1021 497 969 1206 528 519 396 853 500 1019 1074 512 890 331 648 605 376 444 920 1060 656 498 995 1079 492 514 359 968 945 323 0 611 1012 1290 888 808 70 1023 563
757 297 704 694 807 573 567 518 822 845 749 304 878 564 489 928 559 586 616 893 592 1094 1079 505 493 563 448 554 897 952 303 768 680 204 436 726 793 1046 938 223 593 873 957 825 439 584 846 540 673 579 0 890 1162 767 403 539 901 291
267 635 971 1339 960 640 666 788 921 944 252 633 213 1026 482 209 1031 809 371 654 630 1739 616 787 777 662 488 759 232 226 816 287 947 720 522 993 973 1691 418 727 631 203 221 924 772 683 181 673 940 1012 890 0 881 156 597 1050 234 767
777 912 1248 1617 1237 637 944 1066 1198 1222 762 905 869 1304 760 919 1309 1087 604 339 908 2017 392 1064 1055 940 766 1037 888 943 1087 798 1225 991 799 1270 1251 1944 493 999 909 864 948 1202 1050 961 837 670 1217 1290 1162 881 0 757 798 1328 892 1039
143 511 847 1216 836 516 543 665 797 820 128 509 143 902 359 193 907 686 248 531 506 1616 492 663 654 538 365 635 162 217 692 163 823 596 398 869 849 1567 294 603 507 138 222 800 648 559 111 550 816 888 767 156 757 0 473 927 166 643
464 286 863 892 851 208 558 509 813 836 455 146 585 761 434 635 756 701 323 528 580 1292 714 496 484 554 155 544 604 659 328 475 839 232 424 885 865 1243 645 239 581 580 664 816 430 575 553 176 831 776 403 597 798 473 0 736 608 280
917 740 393 607 496 1016 432 568 533 557 909 747 1038 55 649 1088 50 275 776 1059 535 1007 1244 566 557 435 891 538 1057 1112 550 928 369 687 643 415 482 958 1098 694 536 1033 1117 530 552 397 1006 983 361 70 649 1050 1328 927 846 0 1061 601
278 646 982 1350 970 651 677 799 932 955 263 644 224 1037 493 214 1042 820 382 665 641 1750 627 798 788 673 499 770 242 230 827 298 958 730 533 1004 984 1702 429 738 642 208 225 935 783 694 192 684 950 1023 901 234 892 166 608 1061 0 778
634 174 618 647 607 450 314 264 568 591 625 181 755 517 366 805 511 457 493 770 403 1047 955 252 239 309 325 300 774 829 84 645 594 120 313 640 621 998 815 128 404 750 834 572 185 331 723 417 587 531 291 767 1039 643 280 491 778 0
EOF