NAME : tsp_problem
TYPE : TSP
DIMENSION : 58
EDGE_WEIGHT_TYPE : EXPLICIT
EDGE_WEIGHT_FORMAT : FULL_MATRIX
EDGE_WEIGHT_SECTION
0 678 847 71 602 516 409 707 653 306 754 164 834 255 515 191 856 915 977 590 871 680 683 623 818 652 1003 279 542 325 234 674 495 275 674 801 156 287 68 194 240 505 686 165 660 295 296 664 591 797 682 439 690 299 545 870 837 391
678 0 256 715 502 504 708 413 92 636 162 808 243 899 503 535 286 1559 1621 295 280 385 149 328 523 358 484 923 546 655 878 103 843 919 103 209 552 784 712 530 884 492 111 567 105 500 793 112 296 206 111 788 117 796 250 1514 245 709
847 256 0 885 671 673 878 582 261 806 207 977 184 1069 672 704 455 1729 1791 465 205 554 318 498 692 527 654 1093 715 825 1048 250 1013 1088 228 172 721 954 882 700 1054 662 193 737 275 669 962 282 466 221 263 957 200 966 420 1683 199 878
71 715 885 0 640 553 446 745 690 344 791 158 872 229 553 228 894 888 950 628 909 717 721 660 855 690 1041 253 579 363 207 711 468 248 711 838 194 325 62 231 214 542 723 203 697 333 326 701 629 834 719 412 727 337 582 843 874 429
602 502 671 640 0 294 253 220 477 373 577 733 658 657 187 459 680 1144 1206 250 695 440 507 447 636 178 821 631 133 397 682 498 389 637 498 625 476 709 637 455 672 305 509 492 484 482 717 488 415 621 505 333 514 721 293 1098 660 254
516 504 673 553 294 0 354 468 479 474 580 646 660 737 288 373 682 1245 1307 416 697 506 509 449 644 426 829 732 234 493 716 500 489 738 500 627 390 622 550 369 723 331 511 405 486 338 631 490 417 623 507 434 516 634 371 1199 662 355
409 708 878 446 253 354 0 427 683 192 784 539 865 518 247 266 887 1005 1067 457 902 646 714 653 842 385 1028 493 193 216 543 704 250 498 704 831 283 515 444 262 533 365 716 299 690 357 524 694 622 827 712 194 720 527 499 960 867 72
707 413 582 745 220 468 427 0 388 547 488 838 569 830 360 564 591 1317 1379 161 606 415 418 358 553 212 738 805 306 571 855 409 562 810 409 536 581 814 742 560 845 478 420 597 395 529 822 399 326 532 416 506 425 826 204 1272 571 427
653 92 261 690 477 479 683 388 0 611 168 783 248 874 478 510 270 1534 1596 270 285 360 133 303 498 333 468 898 521 630 853 88 818 894 88 215 527 759 687 505 859 467 100 542 90 475 768 97 271 211 95 763 104 771 225 1489 251 684
306 636 806 344 373 474 192 547 611 0 712 436 793 528 367 163 815 1125 1187 549 830 638 642 581 776 505 962 552 313 284 506 632 370 547 632 759 180 413 341 159 513 463 644 196 618 254 421 622 550 755 640 314 648 425 503 1080 795 192
754 162 207 791 577 580 784 488 168 712 0 884 194 975 579 611 362 1635 1697 371 231 461 225 404 599 433 560 999 622 731 954 156 919 995 134 161 628 860 788 606 960 568 100 643 181 576 869 188 372 157 169 864 107 872 326 1590 197 784
164 808 977 158 733 646 539 838 783 436 884 0 965 342 645 321 987 1002 1064 721 1001 810 814 753 948 783 1134 366 672 455 321 804 581 361 804 931 287 243 155 324 327 635 816 295 790 426 209 794 722 927 812 526 820 273 675 957 967 522
834 243 184 872 658 660 865 569 248 793 194 965 0 1056 660 691 443 1716 1778 452 200 541 305 485 680 514 641 1080 702 812 1035 237 1000 1075 215 168 708 941 869 687 1041 649 181 724 262 656 949 269 453 216 250 945 187 953 407 1670 194 865
255 899 1069 229 727 737 589 901 874 528 975 342 1056 0 721 412 1078 938 1001 812 1093 901 905 844 1039 859 1225 55 667 547 55 895 518 50 895 1022 378 509 233 415 47 726 907 387 881 517 511 885 813 1019 903 462 911 521 767 893 1058 589
515 503 672 553 187 288 247 360 478 367 579 645 660 650 0 372 682 1137 1199 391 696 505 509 448 643 318 829 625 126 391 675 499 382 630 499 626 389 622 550 368 665 298 511 405 485 337 630 489 417 622 507 327 515 634 370 1092 662 247
191 535 704 228 459 373 266 564 510 163 611 321 691 412 372 0 713 1072 1134 447 728 537 540 480 675 509 860 436 399 182 391 531 456 432 531 658 64 297 225 57 397 362 543 80 517 152 305 521 448 654 538 400 547 309 402 1027 694 248
856 286 455 894 680 682 887 591 270 815 362 987 443 1078 682 713 0 1738 1800 474 479 551 327 507 376 536 248 1102 724 834 1057 282 1022 1097 282 409 730 963 891 709 1063 671 294 746 284 678 971 291 475 405 290 967 298 975 429 1692 445 887
917 1561 1730 890 1112 1213 974 1286 1536 1094 1637 1003 1717 889 1106 1073 1739 0 584 1316 1754 1506 1566 1506 1701 1244 1886 864 1052 1118 914 1557 903 869 1557 1684 1039 1170 894 1076 904 1224 1568 1048 1543 1178 1172 1547 1474 1680 1564 847 1573 1182 1358 477 1719 974
979 1623 1792 952 1175 1275 1036 1348 1598 1156 1699 1065 1779 952 1168 1135 1801 584 0 1378 1816 1568 1628 1568 1763 1306 1948 926 1114 1180 976 1619 965 931 1619 1746 1101 1232 956 1138 966 1286 1630 1110 1605 1240 1234 1609 1536 1742 1626 910 1635 1244 1420 278 1781 1036
590 295 465 628 250 416 457 161 270 549 371 721 452 812 391 447 474 1347 1409 0 489 297 301 241 436 106 621 835 337 568 791 291 592 831 291 418 464 697 625 443 797 405 303 480 277 412 705 281 209 415 299 537 308 709 98 1302 454 457
871 280 205 909 695 697 902 606 285 830 231 1001 200 1093 696 728 479 1753 1815 489 0 578 342 521 716 551 678 1117 739 849 1072 274 1037 1112 252 189 745 978 906 724 1078 686 217 761 299 693 986 306 490 237 287 981 224 990 444 1707 215 902
680 385 554 717 440 506 646 415 360 638 461 810 541 901 505 537 551 1537 1599 297 578 0 390 106 244 360 430 925 526 657 880 381 782 921 381 508 554 786 714 532 886 494 393 569 367 502 795 371 144 504 389 726 397 798 252 1492 544 647
683 149 318 721 507 509 714 418 133 642 225 814 305 905 509 540 327 1565 1627 301 342 390 0 334 529 363 526 929 551 661 884 145 849 924 145 272 557 790 718 536 890 498 157 573 147 505 798 154 302 268 153 793 161 802 256 1519 308 714
623 328 498 660 447 449 653 358 303 581 404 753 485 844 448 480 507 1504 1566 241 521 106 334 0 244 303 429 869 491 600 823 324 789 864 324 451 497 729 658 476 830 438 336 512 310 445 738 314 143 447 332 733 340 741 195 1459 487 654
818 523 692 855 636 644 842 553 498 776 599 948 680 1039 643 675 376 1699 1761 436 716 244 529 244 0 498 255 1063 686 795 1018 519 978 1059 519 646 692 924 852 671 1025 633 531 707 505 640 933 509 282 642 527 922 535 936 390 1654 682 843
652 358 527 690 178 426 385 212 333 505 433 783 514 788 318 509 536 1275 1337 106 551 360 363 303 498 0 683 763 264 529 813 354 520 768 354 481 526 759 687 505 803 436 365 542 340 474 767 344 271 477 361 464 370 771 149 1230 516 385
1003 484 654 1041 821 829 1028 738 468 962 560 1134 641 1225 829 860 248 1885 1947 621 678 430 526 429 255 683 0 1249 871 981 1204 480 1163 1244 480 607 877 1110 1038 856 1210 818 492 893 482 825 1118 489 467 603 488 1108 496 1122 576 1840 643 1028
279 923 1093 253 752 761 613 925 898 552 999 366 1080 55 745 436 1102 963 1025 836 1117 925 929 869 1063 883 1249 0 691 571 80 919 542 35 919 1046 402 533 257 439 70 750 931 411 905 541 535 909 837 1043 927 487 936 545 791 917 1082 613
542 546 715 579 133 234 193 306 521 313 622 672 702 596 126 399 724 1083 1145 337 739 526 551 491 686 264 871 571 0 337 621 542 328 576 542 669 416 648 576 394 611 244 553 431 528 380 657 532 459 665 549 273 558 660 379 1038 704 193
325 655 825 363 397 493 216 571 630 284 731 455 812 547 391 182 834 1149 1211 568 849 657 661 600 795 529 981 571 337 0 525 651 394 566 651 778 199 432 360 178 532 482 663 215 637 273 440 641 569 774 659 339 667 443 522 1104 814 217
234 878 1048 207 706 716 568 880 853 506 954 321 1035 55 700 391 1057 917 979 791 1072 880 884 823 1018 838 1204 80 646 525 0 874 497 75 874 1001 357 488 212 394 41 705 886 365 860 496 489 864 792 997 882 441 890 500 745 872 1037 568
674 103 250 711 498 500 704 409 88 632 156 804 237 895 499 531 282 1555 1617 291 274 381 145 324 519 354 480 919 542 651 874 0 840 915 99 204 548 780 708 526 881 489 105 563 101 496 789 108 293 200 107 784 112 792 246 1510 239 705
475 843 1013 448 389 489 250 562 818 370 919 561 1000 447 382 456 1022 934 996 592 1037 782 849 789 978 520 1163 422 328 394 472 840 0 427 839 967 473 705 452 452 462 500 851 489 826 547 714 829 757 963 847 124 856 717 634 889 1002 250
275 919 1088 248 747 757 608 920 894 547 995 361 1075 50 740 432 1097 958 1020 831 1112 921 924 864 1059 878 1244 35 686 566 75 915 537 0 915 1042 397 528 252 435 65 746 927 406 901 536 530 905 832 1038 923 482 931 540 786 913 1078 609
674 103 228 711 498 500 704 409 88 632 134 804 215 895 499 531 282 1555 1617 291 252 381 145 324 519 354 480 919 542 651 874 99 839 915 0 181 548 780 708 526 880 488 83 563 101 496 789 108 293 178 107 784 89 792 246 1510 217 705
801 209 172 838 625 627 831 536 215 759 161 931 168 1022 626 658 409 1682 1744 418 189 508 272 451 646 481 607 1046 669 778 1001 204 967 1042 181 0 675 907 835 653 1008 616 147 690 228 623 916 236 420 204 216 911 154 919 373 1637 183 832
156 552 721 194 476 390 283 581 527 180 628 287 708 378 389 64 730 1038 1100 464 745 554 557 497 692 526 877 402 416 199 357 548 473 397 548 675 0 263 191 67 363 379 559 59 534 169 271 538 465 671 555 417 564 275 419 992 710 265
287 784 954 325 709 622 515 814 759 413 860 243 941 509 622 297 963 1169 1231 697 978 786 790 729 924 759 1110 533 648 432 488 780 705 528 780 907 263 0 322 300 494 611 792 272 766 402 56 770 698 903 788 650 796 77 651 1123 943 498
68 712 882 62 637 550 444 742 687 341 788 155 869 233 550 225 891 893 955 625 906 714 718 658 852 687 1038 257 576 360 212 708 472 252 708 835 191 322 0 228 218 539 720 200 694 330 324 698 626 832 716 417 724 334 580 847 871 426
194 530 700 231 455 369 262 560 505 159 606 324 687 415 368 57 709 1075 1137 443 724 532 536 476 671 505 856 439 394 178 394 526 452 435 526 653 67 300 228 0 400 357 538 83 512 148 308 516 444 650 534 396 543 312 398 1030 689 244
240 884 1054 214 713 723 574 886 859 513 960 327 1041 47 706 397 1063 924 986 797 1078 886 890 830 1025 844 1210 70 652 532 41 881 503 65 880 1008 363 494 218 400 0 711 892 372 867 502 496 870 798 1004 888 448 897 506 752 878 1043 574
505 492 662 542 305 331 365 478 467 463 568 635 649 726 298 362 671 1255 1317 405 686 494 498 438 633 436 818 743 244 482 705 489 500 746 488 616 379 611 539 357 711 0 500 394 475 326 620 478 406 612 496 444 505 623 360 1210 651 365
686 111 193 723 509 511 716 420 100 644 100 816 181 907 511 543 294 1567 1629 303 217 393 157 336 531 365 492 931 553 663 886 105 851 927 83 147 559 792 720 538 892 500 0 575 113 507 800 120 304 143 118 796 55 804 258 1522 183 716
165 567 737 203 492 405 299 597 542 196 643 295 724 387 405 80 746 1046 1108 480 761 569 573 512 707 542 893 411 431 215 365 563 489 406 563 690 59 272 200 83 372 394 575 0 549 185 280 553 481 687 571 433 579 283 435 1001 726 281
660 105 275 697 484 486 690 395 90 618 181 790 262 881 485 517 284 1541 1603 277 299 367 147 310 505 340 482 905 528 637 860 101 826 901 101 228 534 766 694 512 867 475 113 549 0 482 775 110 279 225 109 770 117 778 232 1496 264 691
295 500 669 333 482 338 357 529 475 254 576 426 656 517 337 152 678 1177 1239 412 693 502 505 445 640 474 825 541 380 273 496 496 547 536 496 623 169 402 330 148 502 326 507 185 482 0 410 486 413 619 503 491 512 414 367 1131 658 339
296 793 962 326 717 631 524 822 768 421 869 209 949 511 630 305 971 1170 1232 705 986 795 798 738 933 767 1118 535 657 440 489 789 714 530 789 916 271 56 324 308 496 620 800 280 775 410 0 779 706 912 796 658 805 86 660 1125 951 506
664 112 282 701 488 490 694 399 97 622 188 794 269 885 489 521 291 1545 1607 281 306 371 154 314 509 344 489 909 532 641 864 108 829 905 108 236 538 770 698 516 870 478 120 553 110 486 779 0 282 232 116 774 125 782 236 1500 271 695
591 296 466 629 415 417 622 326 271 550 372 722 453 813 417 448 475 1473 1535 209 490 144 302 143 282 271 467 837 459 569 792 293 757 832 293 420 465 698 626 444 798 406 304 481 279 413 706 282 0 416 300 702 309 710 164 1427 455 622
797 206 221 834 621 623 827 532 211 755 157 927 216 1019 622 654 405 1678 1740 415 237 504 268 447 642 477 603 1043 665 774 997 200 963 1038 178 204 671 903 832 650 1004 612 143 687 225 619 912 232 416 0 213 907 150 915 369 1633 231 828
682 111 263 719 505 507 712 416 95 640 169 812 250 903 507 538 290 1563 1625 299 287 389 153 332 527 361 488 927 549 659 882 107 847 923 107 216 555 788 716 534 888 496 118 571 109 503 796 116 300 213 0 792 123 800 254 1518 252 712
419 788 957 392 333 434 194 506 763 314 864 506 945 392 327 400 967 879 941 537 981 726 793 733 922 464 1108 366 273 339 417 784 124 372 784 911 417 650 397 396 407 444 796 433 770 491 658 774 702 907 792 0 800 662 579 833 947 195
690 117 200 727 514 516 720 425 104 648 107 820 187 911 515 547 298 1571 1633 308 224 397 161 340 535 370 496 936 558 667 890 112 856 931 89 154 564 796 724 543 897 505 55 579 117 512 805 125 309 150 123 800 0 808 262 1526 189 721
299 796 966 337 721 634 527 826 771 425 872 273 953 521 634 309 975 1181 1243 709 990 798 802 741 936 771 1122 545 660 443 500 792 717 540 792 919 275 77 334 312 506 623 804 283 778 414 86 782 710 915 800 662 808 0 663 1135 955 510
545 250 420 582 293 371 499 204 225 503 326 675 407 767 370 402 429 1390 1452 98 444 252 256 195 390 149 576 791 379 522 745 246 634 786 246 373 419 651 580 398 752 360 258 435 232 367 660 236 164 369 254 579 262 663 0 1344 409 500
871 1515 1685 845 1067 1168 929 1241 1490 1049 1591 958 1672 844 1061 1028 1694 477 278 1271 1709 1460 1521 1460 1655 1199 1841 819 1007 1073 869 1511 858 824 1511 1638 994 1125 849 1031 859 1179 1523 1003 1497 1133 1127 1501 1429 1635 1519 802 1527 1137 1313 0 1674 929
837 245 199 874 660 662 867 571 251 795 197 967 194 1058 662 694 445 1718 1780 454 215 544 308 487 682 516 643 1082 704 814 1037 239 1002 1078 217 183 710 943 871 689 1043 651 183 726 264 658 951 271 455 231 252 947 189 955 409 1673 0 867
391 709 878 429 254 355 72 427 684 192 784 522 865 519 247 248 887 1006 1068 457 902 647 714 654 843 385 1028 493 193 217 543 705 250 498 705 832 265 498 426 244 534 365 716 281 691 339 506 695 622 828 712 195 721 510 500 960 867 0
EOF