NAME : tsp_problem
TYPE : TSP
DIMENSION : 24
EDGE_WEIGHT_TYPE : EXPLICIT
EDGE_WEIGHT_FORMAT : FULL_MATRIX
EDGE_WEIGHT_SECTION
0 594 970 919 1009 150 306 570 869 854 615 821 810 988 847 548 354 912 456 847 989 982 424 520
574 0 853 798 888 606 413 125 437 354 320 701 689 871 727 141 450 412 339 726 869 861 389 403
971 822 0 1577 1667 1092 809 911 1223 1140 1105 1479 1468 152 1505 927 846 1197 683 1505 1647 1640 1082 607
919 798 1576 0 211 890 912 788 492 537 521 185 165 1594 158 797 961 595 1062 104 192 184 533 1126
1009 888 1665 211 0 979 1002 878 582 627 611 275 254 1683 248 887 1050 684 1151 193 189 214 623 1216
150 606 1090 890 979 0 427 541 839 825 585 792 780 1108 818 519 475 882 576 818 960 952 394 641
306 433 808 912 1002 427 0 522 834 751 608 814 803 826 840 538 130 808 294 840 982 975 417 358
570 125 942 788 878 541 502 0 427 344 309 690 679 960 716 88 538 401 428 716 858 851 324 492
869 437 1254 492 582 839 814 427 0 176 423 395 383 1272 421 443 850 233 740 420 563 555 483 804
854 354 1171 537 627 825 731 344 176 0 340 439 428 1189 465 360 768 105 657 465 607 600 527 721
615 320 1136 521 611 585 608 309 423 340 0 423 412 1154 449 325 656 398 622 449 591 584 229 687
821 701 1478 185 275 792 814 690 395 439 423 0 83 1496 113 699 863 497 964 113 255 248 435 1028
810 689 1467 165 254 780 803 679 383 428 412 83 0 1485 93 688 851 486 953 93 235 228 424 1017
989 840 152 1595 1685 1110 827 929 1241 1158 1123 1497 1486 0 1523 945 864 1215 701 1523 1665 1658 1100 625
847 727 1504 158 248 818 840 716 421 465 449 113 93 1522 0 725 889 523 990 102 228 221 461 1054
548 141 958 797 887 519 518 88 443 360 325 699 688 976 725 0 554 418 444 725 867 860 302 508
354 481 857 961 1050 475 130 570 882 799 656 863 851 875 889 586 0 857 343 888 1031 1023 465 407
912 412 1229 595 684 882 788 401 233 105 398 497 486 1247 523 418 825 0 715 523 665 657 584 779
494 205 773 967 1056 615 333 293 605 523 488 869 858 791 895 310 369 580 0 895 1037 1029 557 323
847 726 1504 104 193 818 840 716 420 465 449 113 93 1522 102 725 888 523 990 0 174 166 461 1054
989 869 1646 192 189 960 982 858 563 607 591 255 235 1664 228 867 1031 665 1132 174 0 214 604 1196
982 861 1638 184 214 952 975 851 555 600 584 248 228 1656 221 860 1023 657 1124 166 214 0 596 1189
424 389 1080 533 623 394 417 324 483 527 229 435 424 1098 461 302 465 584 566 461 604 596 0 631
521 372 607 1128 1217 642 360 461 773 690 655 1030 1018 625 1056 477 396 748 233 1055 1198 1190 632 0
EOF