NAME : tsp_problem
TYPE : TSP
DIMENSION : 86
EDGE_WEIGHT_TYPE : EXPLICIT
EDGE_WEIGHT_FORMAT : FULL_MATRIX
EDGE_WEIGHT_SECTION
0 596 365 541 586 442 463 505 326 1210 501 375 482 721 811 274 904 1304 1466 616 682 610 362 632 655 631 642 574 494 557 595 656 360 808 563 365 417 406 318 742 341 492 325 449 482 651 695 663 659 404 649 396 480 491 729 500 217 247 323 293 502 475 497 467 491 643 478 258 1210 632 394 743 242 635 485 473 552 508 478 476 484 496 738 492 741 651
596 0 359 646 159 745 189 135 604 1618 182 822 224 998 581 721 1312 1712 1743 893 959 182 639 909 932 204 919 612 246 131 314 198 354 578 136 812 412 400 765 1150 788 169 602 726 759 928 972 1071 936 570 188 561 171 239 1137 206 494 524 770 571 259 209 491 196 939 194 517 641 1618 909 671 1027 388 912 153 750 126 785 216 163 178 176 1033 190 1018 203
365 359 0 324 349 513 226 267 372 1386 263 591 245 767 484 490 1080 1480 1512 662 727 373 407 678 700 393 688 290 257 320 358 419 123 480 326 581 180 169 533 919 556 255 371 494 528 697 740 840 704 338 412 330 243 254 905 263 263 292 539 339 264 237 169 230 707 405 285 409 1386 677 440 796 157 680 248 518 315 554 241 239 247 259 801 255 787 414
541 646 324 0 635 567 512 554 658 1335 550 500 532 898 580 399 1029 1429 1684 948 1014 660 694 964 987 680 974 122 544 607 644 706 394 576 612 490 334 301 442 867 466 542 657 781 634 983 1027 788 877 176 698 185 530 540 854 550 549 521 448 448 551 524 243 517 616 692 322 318 1335 964 726 868 443 967 535 621 602 840 528 526 534 545 863 542 878 701
586 159 349 635 0 734 178 124 593 1607 171 812 214 988 571 711 1301 1701 1733 883 948 173 628 899 921 193 909 602 235 120 303 208 344 567 126 802 401 390 754 1140 777 158 592 715 749 918 961 1061 925 559 198 551 160 229 1126 195 484 513 760 560 249 199 481 185 928 204 506 630 1607 898 661 1017 378 901 142 739 115 775 206 152 167 166 1022 180 1008 213
442 745 513 567 734 0 611 653 258 1037 649 202 630 527 960 219 731 1131 1272 422 488 759 168 438 461 779 448 600 643 706 743 804 508 956 711 150 517 554 157 569 168 641 257 255 288 457 501 490 465 430 797 421 628 639 556 649 365 395 348 349 650 623 645 616 319 791 504 283 1037 438 200 556 391 441 634 279 701 314 627 625 633 644 562 641 547 799
463 189 226 512 178 611 0 97 470 1484 93 689 98 865 455 588 1179 1579 1610 760 826 203 505 776 799 223 786 479 119 150 187 249 221 451 155 679 278 267 632 1017 655 85 469 593 626 795 838 938 803 436 242 428 73 113 1004 93 361 391 637 437 133 83 358 69 805 235 383 508 1485 776 538 894 255 779 78 616 145 652 90 69 77 88 900 85 885 244
505 135 267 554 124 653 97 0 512 1526 109 731 132 906 489 629 1220 1620 1651 801 867 149 547 817 840 169 827 520 154 96 222 194 262 486 101 721 320 309 673 1058 696 96 511 634 667 836 880 979 844 478 187 469 98 147 1045 127 402 432 678 479 168 117 399 104 847 181 425 549 1526 817 579 936 296 820 80 658 91 694 125 90 105 103 941 117 926 189
326 604 372 658 593 258 470 512 0 1131 508 422 489 512 819 439 825 1225 1257 407 472 618 152 423 446 638 433 625 501 565 602 663 367 815 570 339 424 413 376 664 387 500 116 239 273 442 485 585 450 581 656 573 487 498 650 508 224 254 500 301 509 482 504 475 538 650 529 435 1131 422 185 541 249 426 492 263 559 299 486 483 492 503 546 500 532 658
1179 1619 1388 1304 1609 1006 1486 1527 1133 0 1523 840 1505 849 1834 956 490 186 1635 1130 1005 1633 1028 955 1092 1653 965 1336 1517 1580 1618 1679 1313 1830 1586 929 1253 1429 894 625 870 1515 1132 939 1073 974 1052 686 827 1166 1672 1158 1503 1514 612 1523 1199 1158 1070 1086 1525 1497 1458 1490 849 1665 1241 1020 170 1146 1003 819 1265 958 1508 1060 1575 1022 1501 1499 1507 1519 813 1515 829 1674
501 182 263 550 171 649 93 109 508 1522 0 727 128 902 485 625 1216 1616 1647 797 863 196 543 813 836 216 823 516 150 143 218 242 258 482 148 717 316 305 669 1054 692 115 507 630 663 832 876 975 840 474 235 465 103 143 1041 123 398 428 674 475 164 113 395 100 843 228 421 545 1522 813 575 931 292 816 108 654 138 690 121 99 107 119 937 115 922 237
375 822 591 500 812 202 689 731 422 871 727 0 708 435 1032 152 565 965 1220 585 590 836 331 541 624 857 551 533 720 783 821 882 509 1028 789 125 450 632 90 403 101 718 421 418 269 560 637 324 413 363 875 354 706 717 390 726 395 354 281 282 728 701 654 693 153 869 437 216 871 601 363 404 468 543 711 257 778 478 704 702 710 722 399 718 414 877
482 224 245 532 214 630 98 132 489 1504 128 708 0 884 490 607 1198 1598 1629 779 845 238 525 795 818 258 805 498 155 185 222 284 240 486 190 698 297 286 651 1036 674 120 488 612 645 814 857 957 822 455 277 447 108 148 1023 128 380 410 656 456 168 118 377 105 825 270 402 527 1504 795 557 913 274 798 113 635 180 671 125 104 112 124 919 120 904 279
721 998 767 959 988 527 865 906 512 888 902 495 884 0 1213 611 582 982 1014 509 384 1012 407 334 471 1033 344 992 896 959 997 1058 762 1210 965 584 819 808 549 421 525 894 511 318 542 354 431 342 144 822 1051 813 882 893 407 902 619 649 725 695 904 876 899 869 504 1045 896 675 888 525 382 60 644 337 887 532 954 401 880 878 886 898 66 894 51 1053
811 581 484 580 571 960 455 489 819 1833 485 1032 490 1213 0 930 1527 1927 1958 1108 1174 595 854 1124 1147 615 1134 546 512 542 309 641 569 109 548 1022 627 461 974 1365 997 477 817 941 974 1143 1187 1286 1151 707 634 717 465 505 1352 485 709 739 979 786 526 475 425 462 1148 627 731 850 1833 1124 886 1242 603 1127 470 965 537 1000 482 461 469 481 1248 477 1233 636
274 721 490 399 711 219 588 629 439 987 625 152 607 551 930 0 681 1081 1336 602 668 735 348 619 641 755 629 431 619 682 720 781 408 927 688 142 348 531 107 520 118 617 438 435 286 638 681 441 529 261 774 253 605 616 506 625 294 253 180 181 627 599 553 592 269 767 336 115 987 618 381 520 367 621 610 274 677 495 603 601 609 621 515 617 531 776
873 1313 1082 998 1303 700 1180 1222 827 490 1218 534 1199 544 1528 650 0 585 1329 824 699 1327 722 649 786 1348 659 1030 1211 1274 1312 1373 1007 1525 1280 623 947 1123 588 319 564 1209 826 633 767 669 746 380 522 860 1366 852 1197 1208 306 1217 893 852 764 780 1219 1191 1152 1184 543 1360 935 714 490 840 697 513 959 652 1202 754 1269 716 1195 1193 1201 1213 508 1209 523 1368
1273 1713 1482 1398 1703 1100 1580 1621 1227 186 1617 934 1599 944 1928 1050 585 0 1729 1224 1099 1727 1122 1049 1186 1748 1059 1430 1611 1674 1712 1773 1407 1925 1680 1023 1347 1523 988 719 964 1609 1226 1033 1167 1069 1146 780 922 1260 1766 1252 1597 1608 706 1617 1293 1252 1164 1180 1619 1591 1552 1584 943 1760 1335 1114 264 1240 1097 913 1359 1052 1602 1154 1669 1116 1595 1593 1601 1613 908 1609 923 1768
1466 1743 1512 1704 1733 1272 1610 1651 1257 1633 1647 1240 1629 1014 1934 1356 1327 1727 0 1254 1129 1757 1152 1079 1216 1777 1089 1737 1641 1704 1742 1803 1507 1930 1710 1329 1564 1553 1294 1166 1270 1639 1256 1063 1287 1098 1176 1087 952 1566 1796 1558 1627 1638 1152 1647 1364 1394 1470 1440 1649 1621 1644 1614 1249 1790 1641 1420 1633 1270 1127 1043 1389 1082 1632 1277 1699 1146 1625 1623 1631 1643 1048 1639 1034 1798
616 893 662 948 883 422 760 801 407 1128 797 585 779 509 1108 602 822 1222 1254 0 217 907 302 281 96 927 285 914 791 854 891 953 656 1104 859 503 714 703 540 661 551 789 406 236 436 288 136 582 447 813 946 804 777 787 647 797 514 543 731 590 798 771 793 764 702 939 819 666 1128 73 277 538 539 248 782 427 849 190 775 773 781 793 543 789 529 948
682 959 727 1014 948 488 826 867 472 1003 863 610 845 384 1174 668 698 1098 1129 217 0 973 368 136 144 993 139 980 857 920 957 1019 722 1170 925 569 780 769 606 536 617 855 471 279 502 143 103 457 322 878 1012 870 843 853 523 863 580 609 797 656 864 837 859 830 620 1005 885 732 1003 233 342 413 605 103 848 493 915 350 841 839 847 858 419 855 404 1014
610 182 373 660 173 759 203 149 618 1632 196 836 238 1012 595 735 1326 1726 1757 907 973 0 653 923 946 208 933 626 260 145 328 183 368 592 150 827 426 415 779 1164 802 183 617 740 773 942 986 1085 950 584 173 575 185 253 1151 220 508 538 784 585 274 223 505 210 953 178 531 655 1632 923 685 1041 402 926 167 764 140 800 230 177 192 190 1047 204 1032 188
362 639 407 694 628 168 505 547 152 1027 543 331 525 407 854 348 721 1121 1152 302 368 653 0 318 341 673 328 660 537 600 637 699 402 850 605 248 460 448 286 559 297 535 151 135 182 337 380 480 345 558 691 550 523 533 546 543 259 289 477 336 544 517 539 510 447 685 564 412 1027 318 80 436 285 321 528 173 595 194 521 519 527 538 442 535 427 694
632 909 678 964 899 438 776 817 423 954 813 561 795 334 1124 619 648 1048 1079 281 136 923 318 0 208 943 203 930 807 870 907 969 673 1120 875 519 730 719 556 486 567 805 422 229 453 207 167 407 272 829 962 820 793 804 473 813 530 559 748 606 814 787 810 780 570 955 835 682 954 297 293 363 555 167 798 443 865 312 791 789 797 809 369 805 354 964
655 932 700 987 921 461 799 840 446 1091 836 624 818 471 1147 641 785 1185 1216 96 144 946 341 208 0 966 211 953 830 893 930 992 695 1143 898 542 753 742 579 623 590 828 444 275 475 215 134 544 409 851 985 843 816 826 610 836 553 582 770 629 837 810 832 803 707 978 858 705 1091 112 315 500 578 174 821 466 888 229 814 812 820 831 506 828 491 987
631 204 393 680 193 779 223 169 638 1652 216 857 258 1033 615 755 1346 1746 1777 927 993 208 673 943 966 0 953 646 280 165 348 224 388 612 170 847 446 435 799 1184 822 203 637 760 793 963 1006 1105 970 604 214 595 205 273 1171 240 528 558 804 605 294 243 525 230 973 219 551 675 1652 943 705 1062 422 946 187 784 160 820 251 197 212 210 1067 224 1052 229
642 919 688 974 909 448 786 827 433 964 823 571 805 344 1134 629 658 1058 1089 285 139 933 328 203 211 953 0 941 817 880 918 979 683 1131 886 529 740 729 566 496 577 815 432 239 463 210 171 417 282 839 972 830 803 814 483 823 540 570 758 616 825 797 820 790 580 965 845 693 964 300 303 373 565 170 808 453 875 322 801 799 807 819 379 815 364 974
574 612 290 122 602 600 479 520 625 1367 516 533 498 931 546 431 1062 1462 1717 914 980 626 660 930 953 646 941 0 510 573 610 672 375 543 578 523 367 267 475 900 498 508 624 747 666 950 993 821 909 208 665 218 496 506 887 516 515 545 480 481 517 490 232 483 649 658 354 351 1367 930 693 900 409 933 501 654 568 807 494 492 500 512 895 508 911 667
494 246 257 544 235 643 119 154 501 1516 150 720 155 896 512 619 1210 1610 1641 791 857 260 537 807 830 280 817 510 0 207 244 306 252 508 212 710 310 298 663 1048 686 142 500 624 657 826 870 969 834 468 298 459 130 170 1035 150 392 422 668 468 190 140 389 126 837 292 414 539 1516 807 569 925 286 810 135 648 202 683 147 126 134 145 931 142 916 301
557 131 320 607 120 706 150 96 565 1579 143 783 185 959 542 682 1273 1673 1704 854 920 145 600 870 893 165 880 573 207 0 275 191 315 539 97 774 373 361 726 1111 749 130 564 687 720 889 933 1032 897 531 183 522 132 200 1098 167 455 485 731 532 221 170 452 157 900 177 478 602 1579 870 632 988 349 873 114 711 87 746 177 124 139 137 994 151 979 186
595 314 358 644 303 743 187 222 602 1616 218 821 222 997 309 720 1310 1710 1742 891 957 328 637 907 930 348 918 610 244 275 0 373 352 305 280 811 410 399 763 1148 786 210 601 724 757 927 970 1069 934 568 366 560 197 238 1135 218 492 522 768 569 258 208 489 194 937 360 515 639 1616 907 669 1026 386 910 202 748 269 784 215 193 202 213 1031 210 1016 368
656 198 419 706 208 804 249 194 663 1678 242 882 284 1058 641 781 1372 1772 1803 953 1019 183 699 969 992 224 979 672 306 191 373 0 414 637 196 872 471 460 825 1210 848 229 662 786 819 988 1031 1131 996 629 189 621 230 299 1197 266 554 584 830 630 319 269 551 256 999 195 576 701 1678 969 731 1087 448 972 213 810 185 845 276 223 237 236 1093 250 1078 204
360 354 123 394 344 508 221 262 367 1344 258 509 240 762 569 408 1038 1438 1507 656 722 368 402 673 695 388 683 375 252 315 352 414 0 565 320 500 99 164 452 877 475 250 366 489 522 692 735 798 699 257 407 248 238 249 863 258 257 287 457 334 259 232 255 225 626 400 204 328 1344 672 435 791 152 675 243 513 310 549 236 234 242 254 796 250 781 409
808 578 480 576 567 956 451 486 815 1829 482 1028 486 1210 109 927 1523 1923 1955 1104 1170 592 850 1120 1143 612 1131 543 508 539 305 637 565 0 544 1018 623 457 970 1361 993 474 814 937 970 1140 1183 1282 1147 704 630 713 461 502 1348 482 705 735 975 782 522 472 422 458 1144 624 728 846 1829 1120 882 1239 599 1123 466 961 533 997 479 457 466 477 1244 474 1229 632
563 136 326 612 126 711 155 101 570 1584 148 789 190 965 548 688 1278 1678 1710 859 925 150 605 875 898 170 886 578 212 97 280 196 320 544 0 779 378 367 731 1116 754 135 569 692 725 895 938 1037 902 536 189 528 137 206 1103 172 460 490 736 537 226 176 458 162 905 182 483 607 1584 875 638 994 354 878 119 716 92 752 183 129 144 143 999 157 984 191
365 812 581 490 802 150 679 721 339 960 717 125 698 524 1022 142 654 1054 1309 503 569 827 248 519 542 847 529 523 710 774 811 872 500 1018 779 0 440 622 80 493 91 709 338 335 217 538 581 414 502 353 865 344 696 707 479 716 385 344 271 272 718 691 644 684 242 859 427 206 960 518 281 493 458 522 701 204 768 395 695 692 701 712 488 709 504 867
417 412 180 334 401 517 278 320 424 1284 316 450 297 819 627 348 978 1378 1564 714 780 426 460 730 753 446 740 367 310 373 410 471 99 623 378 440 0 221 392 817 415 308 423 547 580 749 792 738 757 197 464 188 295 306 803 316 315 345 397 391 317 290 312 283 566 458 162 268 1284 730 492 817 209 733 301 571 368 606 294 292 300 311 812 308 828 466
406 400 169 301 390 554 267 309 413 1427 305 632 286 808 461 531 1122 1522 1553 703 769 415 448 719 742 435 729 267 298 361 399 460 164 457 367 622 221 0 575 960 598 296 412 535 569 738 781 881 746 379 453 371 284 295 946 304 304 333 580 380 306 279 146 271 748 447 326 451 1427 718 481 837 198 722 289 559 356 595 282 280 288 300 842 296 828 455
318 765 533 442 754 157 632 673 376 925 669 90 651 489 974 107 619 1019 1274 540 606 779 286 556 579 799 566 475 663 726 763 825 452 970 731 80 392 575 0 457 56 661 375 373 224 576 619 378 467 305 818 297 649 659 444 669 338 297 224 224 670 643 597 636 207 811 379 159 925 556 318 458 411 559 654 212 721 433 647 645 653 664 453 661 468 820
711 1152 920 836 1141 538 1018 1060 665 625 1056 372 1037 382 1367 488 319 719 1167 662 537 1166 560 488 624 1186 498 869 1050 1113 1150 1211 845 1363 1118 461 785 961 426 0 402 1048 664 471 605 507 584 219 360 698 1204 690 1035 1046 73 1056 731 690 602 618 1057 1030 990 1023 381 1198 773 552 625 678 535 351 797 490 1041 593 1107 555 1034 1031 1040 1051 346 1048 361 1206
341 788 556 466 777 168 655 696 387 901 692 101 674 465 997 118 595 995 1250 551 617 802 297 567 590 822 577 498 686 749 786 848 475 993 754 91 415 598 56 434 0 684 386 384 235 586 629 355 443 328 841 320 672 682 420 692 361 320 247 248 693 666 620 659 183 834 402 182 901 567 329 434 434 570 677 222 744 443 670 668 676 687 429 684 445 843
492 169 255 542 158 641 85 96 500 1514 115 718 120 894 477 617 1208 1608 1639 789 855 183 535 805 828 203 815 508 142 130 210 229 250 474 135 709 308 296 661 1046 684 0 499 622 655 824 868 967 832 466 221 457 95 135 1033 115 390 420 666 467 156 105 387 92 835 215 413 537 1514 805 567 923 284 808 100 646 125 681 112 91 99 111 929 107 914 224
325 602 371 657 592 257 469 511 116 1130 507 421 488 511 817 438 824 1224 1256 406 471 617 151 422 444 637 432 624 500 564 601 662 366 814 569 338 423 412 375 663 386 499 0 238 272 441 484 584 449 580 655 572 486 497 649 506 223 253 499 300 508 481 503 474 537 649 528 434 1130 421 184 540 248 424 491 262 558 298 485 482 491 502 545 499 531 657
449 726 494 781 715 255 593 634 239 938 630 418 612 318 941 435 632 1032 1063 236 279 740 135 229 275 760 239 747 624 687 724 786 489 937 692 335 547 535 373 470 384 622 238 0 269 248 315 391 256 645 778 637 610 620 457 630 346 376 564 423 631 604 626 597 534 772 652 499 938 252 109 347 372 232 615 260 682 129 608 606 614 625 353 622 338 781
482 759 528 634 749 288 626 667 273 1104 663 269 645 542 974 286 798 1198 1287 436 502 773 182 453 475 793 463 666 657 720 757 819 522 970 725 217 580 569 224 636 235 655 272 269 0 472 515 557 479 496 812 488 643 654 623 663 380 409 415 416 664 637 660 630 385 805 571 350 1104 452 215 571 405 455 648 293 715 329 641 639 647 659 576 655 562 814
651 928 697 983 918 457 795 836 442 973 832 580 814 354 1143 638 667 1067 1098 288 143 942 337 207 215 963 210 950 826 889 927 988 692 1140 895 538 749 738 576 505 586 824 441 248 472 0 174 426 291 848 981 840 812 823 492 832 549 579 767 625 834 806 829 799 589 975 854 702 973 304 312 383 574 174 817 462 884 331 810 808 816 828 388 824 373 983
695 972 740 1027 961 501 838 880 485 1050 876 657 857 431 1187 681 744 1144 1176 136 103 986 380 167 134 1006 171 993 870 933 970 1031 735 1183 938 581 792 781 619 582 629 868 484 315 515 174 0 503 368 891 1024 883 855 866 569 876 592 622 810 669 877 850 872 843 666 1018 897 745 1050 152 355 460 618 134 861 506 928 269 854 852 860 871 465 868 451 1026
545 992 761 670 982 372 859 900 591 792 896 206 878 356 1201 322 486 886 1141 636 512 1006 501 462 599 1026 472 702 890 953 990 1052 679 1198 959 295 619 802 260 325 236 888 590 446 439 481 558 0 334 532 1045 524 876 887 311 896 565 524 436 452 897 870 824 863 215 1038 607 386 792 652 509 325 638 465 881 426 948 529 874 872 880 892 320 888 336 1047
659 936 704 897 925 465 803 844 450 826 840 433 822 144 1151 549 520 920 952 447 322 950 345 272 409 970 282 929 834 897 934 996 699 1147 902 522 757 746 487 358 463 832 449 256 479 291 368 279 0 759 989 751 820 830 345 840 557 586 663 633 841 814 836 807 442 982 834 613 826 462 319 173 582 275 825 470 892 339 818 816 824 836 179 832 164 991
404 570 338 176 559 430 436 478 581 1197 474 363 455 761 707 261 892 1292 1546 813 878 584 558 829 851 604 839 208 468 531 568 629 257 704 536 353 197 379 305 730 328 466 580 645 496 848 891 651 739 0 622 101 453 464 716 474 424 383 310 311 475 448 330 441 479 616 184 181 1197 828 591 730 367 831 459 484 526 705 452 450 458 469 725 466 741 624
649 188 412 698 198 797 242 187 656 1670 235 875 277 1051 634 774 1365 1765 1796 946 1012 173 691 962 985 214 972 665 298 183 366 189 407 630 189 865 464 453 818 1203 841 221 655 778 812 981 1024 1124 989 622 0 614 223 292 1189 259 547 576 823 623 312 262 544 248 991 185 569 694 1670 961 724 1080 441 965 206 802 178 838 269 216 230 229 1085 243 1071 194
396 561 330 185 551 421 428 469 573 1189 465 354 447 753 717 253 883 1283 1538 804 870 575 550 820 843 595 830 218 459 522 560 621 248 713 528 344 188 371 297 721 320 457 572 637 488 840 883 642 731 101 614 0 445 456 708 465 416 375 302 302 467 439 340 432 471 607 176 173 1189 820 582 722 359 823 450 476 517 697 443 441 449 461 717 457 732 616
480 171 243 530 160 628 73 98 487 1502 103 706 108 882 465 605 1196 1596 1627 777 843 185 523 793 816 205 803 496 130 132 197 230 238 461 137 696 295 284 649 1034 672 95 486 610 643 812 855 955 820 453 223 445 0 123 1021 103 378 408 654 454 143 93 375 80 823 217 400 525 1502 793 555 911 272 796 88 634 126 669 100 79 87 99 917 95 902 225
491 239 254 540 229 639 113 147 498 1512 143 717 148 893 505 616 1206 1606 1638 787 853 253 533 804 826 273 814 506 170 200 238 299 249 502 206 707 306 295 659 1044 682 135 497 620 654 823 866 965 830 464 292 456 123 0 1031 143 389 418 664 465 184 133 386 120 833 285 411 535 1512 803 566 922 283 806 128 644 195 680 140 119 127 139 927 135 913 294
698 1138 907 823 1128 525 1005 1046 652 612 1042 359 1024 368 1353 475 306 706 1154 649 524 1152 547 474 611 1172 484 855 1036 1099 1137 1198 832 1350 1105 448 772 948 413 73 389 1034 651 458 592 493 571 205 346 685 1191 677 1022 1033 0 1042 718 677 589 605 1044 1016 977 1009 368 1184 760 539 612 665 522 338 784 477 1027 579 1094 541 1020 1018 1026 1038 332 1034 348 1193
500 206 263 550 195 649 93 127 508 1522 123 726 128 902 485 625 1216 1616 1647 797 863 220 543 813 836 240 823 516 150 167 218 266 258 482 172 716 316 304 669 1054 692 115 506 630 663 832 876 975 840 474 259 465 103 143 1041 0 398 428 674 475 163 113 395 100 843 252 421 545 1522 813 575 931 292 816 108 654 162 689 120 99 107 119 937 115 922 261
217 494 263 549 484 365 361 402 224 1230 398 395 380 619 709 294 924 1324 1364 514 580 508 259 530 553 528 540 515 392 455 492 554 257 705 460 385 315 304 338 763 361 390 223 346 380 549 592 684 557 424 547 416 378 389 749 398 0 144 343 191 399 372 395 365 512 540 420 278 1230 529 292 648 140 533 383 370 450 406 376 374 382 394 653 390 639 549
247 524 292 521 513 395 391 432 254 1189 428 354 410 649 739 253 883 1283 1394 543 609 538 289 559 582 558 570 545 422 485 522 584 287 735 490 344 345 333 297 721 320 420 253 376 409 579 622 642 586 383 576 375 408 418 708 428 144 0 302 221 429 402 424 395 471 570 450 237 1189 559 321 678 170 562 413 400 480 436 406 404 412 423 683 420 668 579
323 770 539 448 760 348 637 678 500 1101 674 281 656 665 979 180 795 1195 1450 731 797 784 477 748 770 804 758 480 668 731 768 830 457 975 736 271 397 580 224 633 247 666 499 564 415 767 810 554 643 310 823 302 654 664 620 674 343 302 0 230 675 648 602 641 266 816 385 164 1101 747 510 634 416 750 659 403 726 624 652 650 658 670 629 666 644 825
293 571 339 448 560 349 437 479 301 1117 475 282 456 681 786 181 811 1211 1440 590 656 585 336 606 629 605 616 481 468 532 569 630 334 782 537 272 391 380 224 649 248 467 300 423 416 625 669 570 633 311 623 302 454 465 636 475 191 221 230 0 476 449 471 442 398 617 385 165 1117 606 368 650 216 609 459 403 526 482 453 450 459 470 645 467 660 625
502 259 264 551 249 650 133 168 509 1523 164 728 168 904 526 627 1217 1617 1649 798 864 274 544 814 837 294 825 517 190 221 258 319 259 522 226 718 317 306 670 1055 693 156 508 631 664 834 877 976 841 475 312 467 143 184 1042 163 399 429 675 476 0 153 396 140 844 306 422 546 1523 814 576 933 293 817 148 655 215 691 161 139 148 159 938 156 923 314
475 209 237 524 199 623 83 117 482 1496 113 701 118 876 475 599 1190 1590 1621 771 837 223 517 787 810 243 797 490 140 170 208 269 232 472 176 691 290 279 643 1028 666 105 481 604 637 806 850 949 814 448 262 439 93 133 1015 113 372 402 648 449 153 0 369 90 817 255 395 519 1496 787 549 905 266 790 98 628 165 664 110 89 97 109 911 105 896 264
497 491 169 243 481 645 358 399 504 1489 395 654 377 899 425 553 1183 1583 1644 793 859 505 539 810 832 525 820 232 389 452 489 551 255 422 458 644 312 146 597 1021 620 387 503 626 660 829 872 942 836 330 544 340 375 386 1008 395 395 424 602 471 396 369 0 362 771 537 417 473 1489 809 572 928 289 812 380 650 447 686 373 371 379 391 933 387 919 546
467 196 230 517 185 616 69 104 475 1489 100 693 105 869 462 592 1183 1583 1614 764 830 210 510 780 803 230 790 483 126 157 194 256 225 458 162 684 283 271 636 1021 659 92 474 597 630 799 843 942 807 441 248 432 80 120 1008 100 365 395 641 442 140 90 362 0 810 242 388 512 1489 780 542 898 259 783 85 621 152 656 97 76 84 95 904 92 889 251
491 939 707 616 928 319 805 847 538 880 843 153 825 444 1148 269 574 974 1229 702 600 953 447 550 687 973 560 649 837 900 937 999 626 1144 905 242 566 748 207 413 183 835 537 534 385 569 646 334 422 479 991 471 823 833 399 843 512 471 266 398 844 817 771 810 0 985 553 333 880 717 480 413 585 553 828 373 895 594 821 819 827 838 408 835 424 994
643 194 405 692 204 791 235 181 650 1664 228 869 270 1045 627 767 1358 1758 1790 939 1005 178 685 955 978 219 965 658 292 177 360 195 400 624 182 859 458 447 811 1196 834 215 649 772 805 975 1018 1117 982 616 185 607 217 285 1183 252 540 570 816 617 306 255 537 242 985 0 563 687 1664 955 717 1074 434 958 199 796 172 832 263 209 224 222 1079 236 1064 200
478 517 285 322 506 504 383 425 529 1272 421 437 402 835 731 336 966 1366 1621 819 885 531 564 835 858 551 845 354 414 478 515 576 204 728 483 427 162 326 379 804 402 413 528 652 571 854 897 725 814 184 569 176 400 411 791 421 420 450 385 385 422 395 417 388 553 563 0 255 1272 835 597 805 314 838 405 558 472 711 399 396 405 416 800 413 815 571
258 641 409 318 630 283 508 549 435 1051 545 216 527 615 850 115 745 1145 1400 666 732 655 412 682 705 675 693 351 539 602 639 701 328 846 607 206 268 451 159 583 182 537 434 499 350 702 745 504 593 181 694 173 525 535 570 545 278 237 164 165 546 519 473 512 333 687 255 0 1051 682 444 584 351 685 530 338 597 559 523 521 529 540 579 537 594 696
1179 1619 1388 1304 1609 1006 1486 1527 1133 170 1523 840 1505 849 1834 956 490 264 1635 1130 1005 1633 1028 955 1092 1653 965 1336 1517 1580 1618 1679 1313 1831 1586 929 1253 1429 894 625 870 1515 1132 939 1073 974 1052 686 827 1166 1672 1158 1503 1514 612 1523 1199 1158 1070 1086 1525 1497 1458 1490 849 1665 1241 1020 0 1146 1003 819 1265 958 1508 1060 1575 1022 1501 1499 1507 1519 813 1515 829 1674
632 909 677 964 898 438 776 817 422 1144 813 601 795 525 1124 618 838 1238 1270 73 233 923 318 297 112 943 300 930 807 870 907 969 672 1120 875 518 730 718 556 676 567 805 421 252 452 304 152 597 462 828 961 820 793 803 663 813 529 559 747 606 814 787 809 780 717 955 835 682 1144 0 292 554 555 264 798 443 865 206 791 789 797 808 559 805 544 964
394 671 440 726 661 200 538 579 185 1001 575 363 557 382 886 381 695 1095 1127 277 342 685 80 293 315 705 303 693 569 632 669 731 435 882 638 281 492 481 318 534 329 567 184 109 215 312 355 455 319 591 724 582 555 566 520 575 292 321 510 368 576 549 572 542 480 717 597 444 1001 292 0 411 317 295 560 205 627 169 553 551 559 571 416 567 402 726
750 1027 796 988 1017 556 894 936 541 917 931 524 913 60 1242 640 611 1011 1043 538 413 1041 436 363 500 1062 373 1021 925 988 1026 1087 791 1239 994 613 848 837 578 450 554 923 540 347 571 383 460 371 173 851 1080 842 911 922 436 931 648 678 754 724 933 905 928 898 533 1074 925 704 917 554 411 0 673 366 916 561 983 430 909 907 915 927 35 923 40 1082
242 388 157 443 378 391 255 296 249 1264 292 468 274 644 603 367 958 1358 1389 539 605 402 285 555 578 422 565 409 286 349 386 448 152 599 354 458 209 198 411 796 434 284 248 372 405 574 618 717 582 367 441 359 272 283 783 292 140 170 416 216 293 266 289 259 585 434 314 351 1264 555 317 673 0 558 277 396 344 431 270 268 276 288 679 284 664 443
635 912 680 967 901 441 779 820 426 956 816 563 798 337 1127 621 651 1051 1082 248 103 926 321 167 174 946 170 933 810 873 910 972 675 1123 878 522 733 722 559 489 570 808 424 232 455 174 134 410 275 831 965 823 796 806 476 816 533 562 750 609 817 790 812 783 573 958 838 685 957 264 295 366 558 0 801 446 868 315 794 792 800 811 372 808 357 967
485 153 248 535 142 634 78 80 492 1507 108 711 113 887 470 610 1201 1601 1632 782 848 167 528 798 821 187 808 501 135 114 202 213 243 466 119 701 301 289 654 1039 677 100 491 615 648 817 861 960 825 459 206 450 88 128 1026 108 383 413 659 459 148 98 380 85 828 199 405 530 1507 798 560 916 277 801 0 639 109 674 105 84 92 104 922 100 907 208
473 750 518 621 739 279 616 658 263 1091 654 257 635 532 965 274 786 1186 1277 427 493 764 173 443 466 784 453 654 648 711 748 810 513 961 716 204 571 559 212 624 222 646 262 260 293 462 506 545 470 484 802 476 634 644 610 654 370 400 403 403 655 628 650 621 373 796 558 338 1091 443 205 561 396 446 639 0 706 319 632 630 638 649 567 646 552 805
552 126 315 602 115 701 145 91 559 1574 138 778 180 954 537 677 1268 1668 1699 849 915 140 595 865 888 160 875 568 202 87 269 185 310 533 92 768 368 356 721 1106 744 125 558 682 715 884 928 1027 892 526 178 517 126 195 1093 162 450 480 726 526 215 165 447 152 895 172 472 597 1574 865 627 983 344 868 109 706 0 741 172 119 133 132 989 146 974 180
508 785 554 840 775 314 652 694 299 1021 690 478 671 401 1000 495 715 1115 1146 190 350 800 194 312 229 820 322 807 683 746 784 845 549 997 752 395 606 595 433 553 443 681 298 129 329 331 269 474 339 705 838 697 669 680 540 689 406 436 624 482 691 664 686 656 594 832 711 559 1021 206 169 430 431 315 674 319 741 0 667 665 673 685 436 681 421 840
478 216 241 528 206 627 90 125 486 1500 121 704 125 880 482 603 1194 1594 1625 775 841 230 521 791 814 251 801 494 147 177 215 276 236 479 183 695 294 282 647 1032 670 112 485 608 641 810 854 953 818 452 269 443 100 140 1019 120 376 406 652 453 161 110 373 97 821 263 399 523 1500 791 553 909 270 794 105 632 172 667 0 96 104 116 915 112 900 271
476 163 239 526 152 625 69 90 483 1498 99 702 104 878 461 601 1192 1592 1623 773 839 177 519 789 812 197 799 492 126 124 193 223 234 457 129 692 292 280 645 1030 668 91 482 606 639 808 852 951 816 450 216 441 79 119 1017 99 374 404 650 450 139 89 371 76 819 209 396 521 1498 789 551 907 268 792 84 630 119 665 96 0 83 95 913 91 898 218
484 178 247 534 167 633 77 105 492 1506 107 710 112 886 469 609 1200 1600 1631 781 847 192 527 797 820 212 807 500 134 139 202 237 242 466 144 701 300 288 653 1038 676 99 491 614 647 816 860 959 824 458 230 449 87 127 1025 107 382 412 658 459 148 97 379 84 827 224 405 529 1506 797 559 915 276 800 92 638 133 673 104 83 0 103 921 99 906 232
496 176 259 545 166 644 88 103 503 1517 119 722 124 898 481 621 1211 1611 1643 793 858 190 538 809 831 210 819 512 145 137 213 236 254 477 143 712 311 300 664 1050 687 111 502 625 659 828 871 971 836 469 229 461 99 139 1036 119 394 423 670 470 159 109 391 95 838 222 416 540 1517 808 571 927 288 811 104 649 132 685 116 95 103 0 932 111 918 231
756 1033 801 993 1022 562 900 941 546 923 937 530 919 66 1248 646 617 1017 1048 543 419 1047 442 369 506 1067 379 1026 931 994 1031 1093 796 1244 999 619 854 842 584 455 560 929 545 353 576 388 465 376 179 856 1085 848 917 927 442 937 653 683 760 730 938 911 933 904 539 1079 930 710 923 559 416 35 679 372 922 567 989 436 915 913 921 932 0 929 45 1088
492 190 255 542 180 641 85 117 500 1514 115 718 120 894 477 617 1208 1608 1639 789 855 204 535 805 828 224 815 508 142 151 210 250 250 474 157 709 308 296 661 1046 684 107 499 622 655 824 868 967 832 466 243 457 95 135 1033 115 390 420 666 467 156 105 387 92 835 236 413 537 1514 805 567 923 284 808 100 646 146 681 112 91 99 111 929 0 914 245
741 1018 787 979 1008 547 885 926 532 908 922 515 904 51 1233 631 602 1002 1034 529 404 1032 427 354 491 1052 364 1011 916 979 1016 1078 781 1229 984 604 839 828 569 440 545 914 531 338 562 373 451 361 164 841 1071 833 902 913 427 922 639 668 745 715 923 896 919 889 524 1064 916 695 908 544 402 40 664 357 907 552 974 421 900 898 906 918 45 914 0 1073
651 203 414 701 213 799 244 189 658 1673 237 877 279 1053 636 776 1367 1767 1798 948 1014 188 694 964 987 229 974 667 301 186 368 204 409 632 191 867 466 455 820 1205 843 224 657 781 814 983 1026 1126 991 624 194 616 225 294 1192 261 549 579 825 625 314 264 546 251 994 200 571 696 1673 964 726 1082 443 967 208 805 180 840 271 218 232 231 1088 245 1073 0
EOF