NAME : tsp_problem
TYPE : TSP
DIMENSION : 66
EDGE_WEIGHT_TYPE : EXPLICIT
EDGE_WEIGHT_FORMAT : FULL_MATRIX
EDGE_WEIGHT_SECTION
0 418 444 1078 315 636 445 512 967 677 1800 294 590 308 658 619 713 277 801 595 680 1073 1022 569 1023 887 840 290 553 351 299 274 245 301 991 1146 856 988 174 1055 836 551 383 436 536 484 716 1057 356 801 645 834 346 716 298 440 1692 286 536 294 450 270 463 286 632 409
418 0 251 756 357 314 399 190 645 355 1478 248 268 235 336 710 392 218 479 273 358 751 700 247 701 565 518 243 199 305 229 228 518 173 669 824 535 667 285 733 514 197 337 390 214 438 394 735 310 479 323 512 437 361 252 394 1371 240 214 248 404 215 141 240 310 363
444 251 0 956 159 455 598 390 839 555 1678 448 468 434 536 512 591 418 679 473 552 951 894 447 901 759 712 443 163 505 429 427 320 373 869 1024 734 866 485 933 714 161 537 590 414 638 588 935 510 679 523 712 239 325 452 594 1570 440 414 448 603 415 341 440 510 563
1078 756 956 0 1061 818 1058 849 462 516 1001 907 547 894 452 1414 412 878 514 815 727 38 518 624 461 589 554 903 904 964 889 887 1222 833 537 346 255 494 945 410 548 901 997 1049 859 1098 680 55 970 323 700 547 1142 959 911 1054 893 899 871 907 1063 874 649 899 484 1022
315 357 159 1061 0 560 704 495 944 661 1783 553 573 540 641 383 697 524 785 578 658 1056 1000 552 1006 864 817 549 269 610 535 533 191 479 974 1129 840 972 439 1038 819 266 642 695 520 743 693 1040 615 784 629 817 111 431 557 699 1676 545 519 553 709 520 446 545 615 668
636 314 455 748 560 0 616 161 424 572 1296 465 484 452 552 913 550 436 442 90 137 753 479 416 859 344 297 461 340 522 447 445 721 391 827 642 693 825 503 891 500 342 555 607 134 656 173 772 528 637 302 488 640 180 469 612 1189 457 146 465 621 432 359 457 527 580
445 399 598 1058 704 616 0 492 947 657 1780 261 570 288 638 1014 694 257 781 575 660 1053 1002 549 1003 867 820 252 546 186 279 225 640 281 971 1126 837 969 311 1035 816 544 208 200 516 210 696 1037 191 781 625 814 741 708 189 181 1673 245 516 237 204 251 443 224 612 183
512 190 390 815 495 161 492 0 491 449 1364 341 361 328 429 848 485 312 509 157 205 820 547 340 794 411 364 337 337 398 323 321 656 267 762 710 628 760 378 826 568 335 430 483 132 531 240 828 403 572 370 556 575 301 345 487 1257 333 131 341 497 308 234 333 403 456
967 645 839 392 944 424 947 491 0 490 941 796 521 783 426 1297 400 767 292 420 333 397 124 465 624 194 160 792 724 853 778 776 1105 722 678 287 419 658 833 574 351 726 885 938 464 986 286 417 858 487 351 339 1024 564 800 942 833 788 477 796 952 763 538 788 458 911
677 355 555 516 661 572 657 449 490 0 1238 506 147 493 95 1013 151 477 239 532 481 511 546 223 460 356 375 502 503 564 488 486 822 432 429 584 294 426 544 493 273 501 596 649 473 697 434 495 569 238 300 272 741 665 511 653 1130 499 473 507 662 474 248 499 83 622
1801 1480 1679 952 1785 1265 1781 1333 910 1239 0 1631 1271 1618 1175 2137 1135 1601 1134 1262 1175 957 965 1306 1184 1036 1001 1626 1565 1688 1612 1610 1946 1556 1260 794 979 1217 1668 1133 1192 1568 1720 1773 1306 1821 1127 976 1693 1046 1193 1180 1865 1406 1635 1777 200 1623 1318 1631 1786 1598 1373 1623 1207 1746
294 248 448 907 553 465 261 341 796 506 1629 0 419 137 487 863 543 106 631 424 509 902 851 398 852 716 669 119 395 167 128 103 489 131 820 975 686 818 161 884 665 393 199 252 366 300 545 886 172 630 475 663 590 557 127 256 1522 115 365 123 266 100 292 115 461 225
590 268 468 547 573 484 570 361 521 147 1269 419 0 406 127 926 183 390 271 444 394 542 577 135 492 387 406 415 415 476 401 399 734 345 460 615 326 458 456 524 305 413 508 561 386 609 346 526 481 270 212 303 653 577 423 565 1162 411 385 419 575 386 161 411 115 534
308 235 434 894 540 452 288 328 783 493 1616 137 406 0 474 876 530 120 618 411 496 889 838 385 839 703 656 133 382 194 142 117 503 144 807 962 673 805 174 871 652 380 226 279 352 327 532 873 199 617 461 650 604 544 141 283 1509 129 352 137 293 113 279 129 448 252
658 336 536 452 641 552 638 429 426 95 1174 487 127 474 0 994 88 458 175 512 462 447 482 204 397 292 312 483 483 544 469 467 802 413 365 520 231 363 524 429 210 481 576 629 454 677 414 431 549 175 280 208 721 645 491 633 1067 479 453 487 643 454 229 479 63 602
605 695 498 1400 369 899 1000 834 1283 999 2122 849 912 862 980 0 1035 832 1123 917 996 1395 1338 891 1345 1203 1156 845 607 906 854 829 481 817 1313 1468 1178 1310 729 1377 1158 605 938 991 858 1039 1032 1379 911 1122 967 1156 310 769 853 995 2014 841 858 849 1005 825 785 841 954 964
713 392 591 412 697 550 694 485 400 151 1134 543 183 530 88 1049 0 513 150 547 459 407 456 259 357 266 286 538 539 600 525 523 858 468 325 480 191 323 580 389 184 537 632 685 509 733 412 391 605 135 336 182 777 691 547 689 1027 535 509 543 699 510 285 535 119 658
277 218 418 878 524 436 257 312 767 477 1600 106 390 120 458 846 513 0 601 395 480 873 822 369 823 687 640 102 366 163 111 86 472 114 791 946 656 788 144 855 636 364 196 248 336 297 516 857 169 601 445 634 573 528 110 253 1492 98 336 106 262 83 263 98 432 221
801 479 679 514 785 442 781 509 292 239 1165 631 271 618 175 1137 150 601 0 439 351 509 348 347 459 170 178 626 627 688 612 610 946 556 427 511 293 425 668 491 272 625 720 773 483 821 304 493 693 237 370 270 865 583 635 777 1058 623 495 631 786 598 372 623 207 746
595 273 473 744 578 90 575 157 420 532 1293 424 444 411 512 931 547 395 439 0 134 750 476 413 856 341 294 420 390 481 406 404 739 350 824 639 690 822 462 888 497 392 514 566 131 615 169 769 487 634 299 485 659 231 428 571 1186 416 143 424 580 391 318 416 487 539
680 358 552 657 658 137 660 205 333 481 1206 509 394 496 462 1010 459 480 351 134 0 662 389 325 768 253 206 505 437 567 491 489 819 435 737 552 602 734 547 801 410 440 599 652 178 700 146 682 572 546 212 397 738 278 514 656 1098 502 190 510 665 477 398 502 436 625
1073 751 951 38 1056 813 1053 844 458 511 996 902 542 889 447 1409 407 873 509 810 723 0 513 619 456 584 549 898 899 959 884 882 1217 828 532 342 250 489 940 405 544 896 992 1045 854 1093 675 51 965 318 695 542 1137 954 906 1049 888 894 866 902 1058 869 644 894 479 1017
1022 700 894 447 1000 479 1002 547 124 546 996 851 577 838 482 1352 456 822 348 476 389 453 0 520 680 250 215 847 779 908 833 831 1161 777 733 342 475 713 889 629 406 782 941 994 520 1042 341 472 914 542 407 394 1080 620 856 998 889 843 532 852 1007 818 593 843 514 967
569 247 447 624 552 416 549 340 465 223 1338 398 135 385 204 905 259 369 347 413 325 619 520 0 569 385 338 394 395 455 380 378 713 324 537 684 402 534 436 601 381 392 488 540 365 588 278 603 460 346 191 380 632 557 402 545 1230 390 364 398 554 365 140 390 178 513
1023 701 901 461 1006 859 1003 794 644 460 1182 852 492 839 397 1359 357 823 459 856 768 456 700 569 0 575 595 848 848 909 834 832 1167 778 135 528 283 133 889 93 493 846 941 994 819 1042 721 439 914 291 645 491 1086 1000 856 998 1075 844 818 852 1008 819 594 844 428 967
887 565 759 518 864 344 867 411 194 356 1067 716 387 703 292 1217 266 687 170 341 253 524 250 385 575 0 80 712 644 773 698 696 1025 642 543 413 409 541 753 607 228 646 806 858 385 906 206 543 778 353 272 216 945 485 720 863 960 708 397 716 872 683 458 708 324 831
840 518 712 484 817 297 820 364 160 375 1032 669 406 656 312 1170 286 640 178 294 206 489 215 338 595 80 0 665 597 726 651 649 978 595 563 378 429 561 706 627 236 599 758 811 338 859 159 508 731 373 224 224 897 437 673 815 925 661 350 669 825 636 411 661 343 784
290 243 443 903 549 461 252 337 792 502 1625 119 415 133 483 859 538 102 626 420 505 898 847 394 848 712 665 0 391 158 124 99 485 126 816 971 682 814 156 880 661 389 191 244 361 292 541 882 164 626 470 659 586 553 123 248 1518 111 361 119 257 95 288 111 457 216
553 199 163 904 269 340 546 337 724 503 1596 395 415 382 483 621 539 366 627 390 437 899 779 395 848 644 597 391 0 452 377 375 430 321 816 942 682 814 433 880 661 108 485 537 362 586 473 882 458 626 471 660 349 238 399 542 1489 387 361 395 551 362 289 387 458 510
351 305 505 964 610 522 186 398 853 564 1686 167 476 194 544 920 600 163 688 481 567 959 908 455 909 773 726 158 452 0 185 132 546 188 877 1032 743 875 218 941 722 450 124 177 423 225 602 943 97 687 532 720 647 614 96 181 1579 151 422 143 191 157 349 130 518 150
299 229 429 889 535 447 279 323 778 488 1611 128 401 142 469 868 525 111 612 406 491 884 833 380 834 698 651 124 377 185 0 108 494 135 802 957 668 800 165 866 647 375 218 270 347 318 527 868 190 612 456 645 595 539 132 275 1504 120 347 128 284 105 274 120 443 243
274 228 427 887 533 445 225 321 776 486 1609 103 399 117 467 843 523 86 610 404 489 882 831 378 832 696 649 99 375 132 108 0 469 110 800 955 666 798 140 864 645 373 164 217 345 265 525 866 137 610 454 643 570 537 98 221 1502 95 345 103 230 80 272 95 441 190
245 518 320 1222 191 721 640 656 1105 822 1944 489 734 503 802 495 858 472 946 739 819 1217 1161 713 1167 1025 978 485 430 546 494 469 0 497 1135 1290 1001 1133 369 1199 980 427 579 632 681 680 854 1201 552 945 790 978 222 592 494 636 1837 481 680 489 645 466 607 481 776 604
301 173 373 833 479 391 281 267 722 432 1555 131 345 144 413 831 468 114 556 350 435 828 777 324 778 642 595 126 321 188 135 110 497 0 746 901 611 743 168 810 591 319 220 273 291 321 471 812 193 556 400 589 559 483 135 277 1448 123 291 131 286 107 218 123 387 246
991 669 869 537 974 827 971 762 678 429 1259 820 460 807 365 1327 325 791 427 824 737 532 733 537 135 543 563 816 816 877 802 800 1135 746 0 605 315 101 857 184 461 814 910 962 787 1010 689 516 882 259 613 459 1054 968 824 967 1151 812 786 820 976 787 562 812 397 935
1067 745 939 351 1044 524 1047 592 168 590 900 896 622 883 527 1397 501 867 393 521 433 356 224 565 583 295 260 892 824 953 878 876 1205 822 659 0 378 617 934 533 451 827 986 1038 565 1086 386 375 959 446 452 439 1125 665 900 1043 792 888 577 896 1052 863 638 888 558 1011
856 535 734 255 840 693 837 628 439 294 977 686 326 673 231 1193 191 656 293 690 602 250 495 402 283 409 429 682 682 743 668 666 1001 611 315 323 0 313 723 232 327 680 775 828 652 876 555 234 748 102 479 325 920 834 690 832 870 678 652 686 842 653 428 678 262 801
988 667 866 494 972 825 969 760 675 426 1216 818 458 805 363 1324 323 788 425 822 734 489 731 534 133 541 561 814 814 875 800 798 1133 743 101 562 313 0 855 126 459 812 907 960 784 1008 687 473 880 257 611 457 1052 966 822 964 1108 810 784 818 974 785 560 810 394 933
174 285 485 945 439 503 311 378 833 544 1666 161 456 174 524 743 580 144 668 462 547 940 889 436 889 753 706 156 433 218 165 140 369 168 857 1012 723 855 0 921 702 430 250 303 403 351 582 923 223 667 512 700 470 595 165 307 1559 153 402 161 316 137 330 153 499 276
1055 733 933 410 1038 891 1035 826 594 493 1132 884 524 871 429 1391 389 855 491 888 801 405 649 601 93 607 627 880 880 941 866 864 1199 810 184 478 232 126 921 0 525 878 974 1026 851 1074 753 389 946 300 677 523 1118 1032 888 1031 1025 876 850 884 1040 851 626 876 461 999
836 514 714 548 819 500 816 568 351 273 1223 665 305 652 210 1172 184 636 272 497 410 544 406 381 493 228 236 661 661 722 647 645 980 591 461 569 327 459 702 525 0 659 754 807 541 855 362 527 727 271 428 304 899 641 669 811 1116 657 553 665 821 632 407 657 241 780
551 197 161 901 266 342 544 335 726 501 1599 393 413 380 481 619 537 364 625 392 440 896 782 392 846 646 599 389 108 450 375 373 427 319 814 945 680 812 430 878 659 0 482 535 360 583 475 880 455 624 469 657 346 241 397 539 1492 385 359 393 549 360 286 385 455 508
383 337 537 997 642 555 208 430 885 596 1719 199 508 226 576 952 632 196 720 514 599 992 941 488 941 806 758 191 485 124 218 164 579 220 910 1065 775 907 250 974 754 482 0 199 455 210 634 976 130 719 564 753 680 647 128 181 1611 184 454 176 203 189 382 162 551 182
436 390 590 1049 695 607 200 483 938 649 1771 252 561 279 629 1005 685 248 773 566 652 1045 994 540 994 858 811 244 537 177 270 217 632 273 962 1117 828 960 303 1026 807 535 199 0 508 201 687 1028 182 772 617 805 732 700 181 172 1664 236 507 228 195 242 434 215 604 173
536 214 414 788 520 134 516 132 464 473 1337 366 386 352 454 872 509 336 483 131 178 794 520 365 819 385 338 361 362 423 347 345 681 291 787 683 652 784 403 851 541 360 455 508 0 556 213 813 428 597 343 529 600 275 370 512 1230 358 156 366 521 333 259 358 428 481
484 438 638 1098 743 656 210 531 986 697 1819 300 609 327 677 1053 733 297 821 615 700 1093 1042 588 1042 906 859 292 586 225 318 265 680 321 1010 1165 876 1008 351 1074 855 583 210 201 556 0 735 1076 230 820 665 853 781 748 229 183 1712 284 555 276 205 290 482 263 652 184
716 394 588 610 693 173 696 240 286 434 1158 545 346 532 414 1046 412 516 304 169 146 615 341 278 721 206 159 541 473 602 527 525 854 471 689 504 555 687 582 753 362 475 634 687 213 735 0 634 607 499 165 350 773 313 549 691 1051 537 226 545 701 512 351 537 389 660
1057 735 935 55 1040 797 1037 828 441 495 979 886 526 873 431 1393 391 857 493 794 706 51 497 603 439 568 533 882 882 943 868 866 1201 812 516 325 234 473 923 389 527 880 976 1028 838 1076 659 0 948 302 679 525 1120 937 890 1032 872 878 850 886 1042 853 628 878 463 1001
356 310 510 970 615 528 191 403 858 569 1691 172 481 199 549 925 605 169 693 487 572 965 914 460 914 778 731 164 458 97 190 137 552 193 882 1037 748 880 223 946 727 455 130 182 428 230 607 948 0 692 537 725 653 620 101 187 1584 157 427 148 196 162 354 135 524 155
801 479 679 323 784 637 781 572 488 238 1045 630 270 617 175 1137 135 601 237 634 546 318 543 346 291 353 373 626 626 687 612 610 945 556 259 391 102 257 667 300 271 624 719 772 597 820 499 302 692 0 423 269 864 778 634 776 938 622 596 630 786 597 372 622 206 745
645 323 523 675 629 302 625 370 351 300 1224 475 212 461 280 981 336 445 370 299 212 681 407 191 645 272 224 470 471 532 456 454 790 400 613 570 479 611 512 677 428 469 564 617 343 665 165 679 537 423 0 416 709 443 479 621 1117 467 356 475 630 442 216 467 254 590
834 512 712 547 817 488 814 556 339 272 1211 663 303 650 208 1170 182 634 270 485 397 542 394 380 491 216 224 659 660 720 645 643 978 589 459 557 325 457 700 523 304 657 753 805 529 853 350 525 725 269 416 0 897 629 667 810 1104 655 541 663 819 630 405 655 240 778
346 437 239 1142 111 640 741 575 1024 741 1863 590 653 604 721 324 777 573 865 659 738 1137 1080 632 1086 945 897 586 349 647 595 570 222 559 1054 1209 920 1052 470 1118 899 346 680 732 600 781 773 1120 653 864 709 897 0 511 594 737 1756 582 599 590 746 567 526 582 696 705
716 361 325 888 431 180 708 301 564 665 1437 557 577 544 645 783 691 528 583 231 278 893 620 557 1000 485 437 553 238 614 539 537 592 483 968 783 834 966 595 1032 641 241 647 700 275 748 313 913 620 778 443 629 511 0 561 704 1330 549 287 557 713 524 451 549 620 672
298 252 452 911 557 469 189 345 800 511 1633 127 423 141 491 867 547 110 635 428 514 906 856 402 856 720 673 123 399 96 132 98 494 135 824 979 690 822 165 888 669 397 128 181 370 229 549 890 101 634 479 667 594 561 0 185 1526 117 369 109 194 104 296 96 466 154
440 394 594 1054 699 612 181 487 942 653 1776 256 565 283 633 1009 689 253 777 571 656 1049 998 545 998 863 815 248 542 181 275 221 636 277 967 1122 832 964 307 1031 811 539 181 172 512 183 691 1032 187 776 621 810 737 704 185 0 1668 241 511 232 176 246 439 219 608 155
1694 1372 1572 844 1677 1158 1674 1225 802 1132 200 1523 1163 1510 1068 2030 1028 1494 1027 1155 1067 849 858 1199 1077 929 894 1519 1458 1580 1505 1503 1838 1449 1153 686 871 1110 1561 1026 1085 1460 1613 1665 1199 1714 1020 869 1586 939 1086 1073 1758 1298 1527 1670 0 1515 1211 1523 1679 1490 1265 1515 1100 1638
286 240 440 899 545 457 245 333 788 499 1621 115 411 129 479 855 535 98 623 416 502 894 843 390 844 708 661 111 387 151 120 95 481 123 812 967 678 810 153 876 657 385 184 236 358 284 537 878 157 622 467 655 582 549 117 241 1514 0 357 115 250 92 284 107 453 209
536 214 414 801 519 146 516 131 477 473 1350 365 385 352 453 872 509 336 495 143 190 806 532 364 818 397 350 361 361 422 347 345 680 291 786 696 652 784 402 850 553 359 454 507 156 555 226 825 427 596 356 541 599 287 369 511 1242 357 0 365 521 332 258 357 427 480
294 248 448 907 553 465 237 341 796 507 1629 123 419 137 487 863 543 106 631 424 510 902 852 398 852 716 669 119 395 143 128 103 489 131 820 975 686 818 161 884 665 393 176 228 366 276 545 886 148 630 475 663 590 557 109 232 1522 115 365 0 242 100 292 115 461 201
450 404 603 1063 709 621 204 497 952 662 1785 266 575 293 643 1019 699 262 786 580 665 1058 1007 554 1008 872 825 257 551 191 284 230 645 286 976 1131 842 974 316 1040 821 549 203 195 521 205 701 1042 196 786 630 819 746 713 194 176 1678 250 521 242 0 256 448 229 617 178
270 215 415 874 520 432 251 308 763 474 1596 100 386 113 454 839 510 83 598 391 477 869 818 365 819 683 636 95 362 157 105 80 466 107 787 942 653 785 137 851 632 360 189 242 333 290 512 853 162 597 442 630 567 524 104 246 1489 92 332 100 256 0 259 92 428 215
463 141 341 649 446 359 443 234 538 248 1371 292 161 279 229 799 285 263 372 318 398 644 593 140 594 458 411 288 289 349 274 272 607 218 562 717 428 560 330 626 407 286 382 434 259 482 351 628 354 372 216 405 526 451 296 439 1264 284 258 292 448 259 0 284 203 407
286 240 440 899 545 457 224 333 788 499 1621 115 411 129 479 855 535 98 623 416 502 894 843 390 844 708 661 111 387 130 120 95 481 123 812 967 678 810 153 876 657 385 162 215 358 263 537 878 135 622 467 655 582 549 96 219 1514 107 357 115 229 92 284 0 453 188
632 310 510 484 615 527 612 403 458 83 1206 461 115 448 63 968 119 432 207 487 436 479 514 178 428 324 343 457 458 518 443 441 776 387 397 552 262 394 499 461 241 455 551 604 428 652 389 463 524 206 254 240 696 620 466 608 1098 453 427 461 617 428 203 453 0 576
409 363 563 1022 668 580 183 456 911 622 1744 225 534 252 602 978 658 221 746 539 625 1017 967 513 967 831 784 216 510 150 243 190 604 246 935 1090 801 933 276 999 780 508 182 173 481 184 660 1001 155 745 590 778 705 672 154 155 1637 209 480 201 178 215 407 188 576 0
EOF