NAME : tsp_problem
TYPE : TSP
DIMENSION : 82
EDGE_WEIGHT_TYPE : EXPLICIT
EDGE_WEIGHT_FORMAT : FULL_MATRIX
EDGE_WEIGHT_SECTION
0 1173 1560 1721 1655 1412 1662 1652 1816 2102 2091 1358 1915 2084 1941 1798 1586 1570 1891 1565 1954 1869 2047 1723 2061 1947 1545 1667 1827 2281 1557 1825 728 1585 1709 2351 1872 1951 1743 1792 1921 1849 1681 1719 1911 1471 1971 2081 1837 1871 1846 1943 2051 1707 1645 1841 1575 1685 1719 2023 1516 739 2019 1586 1936 1690 2040 1784 1556 1532 1934 1707 1018 1339 2062 1837 1931 1722 1147 1738 1705 1939
1173 0 869 1030 964 1783 971 961 1125 1699 1688 667 1224 1682 1523 1397 895 879 1200 875 1271 1178 1644 1032 1659 1544 854 976 1136 1590 866 1134 502 894 1483 1660 1324 1548 1052 1102 1511 1158 991 1028 1278 1703 1539 1679 1146 1180 1155 1541 1649 1719 954 1150 884 994 1028 1620 826 1864 1616 1866 1533 1000 1638 1093 865 1681 1519 1486 224 1831 1660 1364 1241 1031 195 1047 1014 1537
1609 918 0 389 323 1142 330 320 484 1058 1047 442 624 1041 881 756 530 42 835 38 630 537 1003 667 1017 903 46 583 511 949 225 493 938 55 904 1019 959 907 514 460 870 517 349 387 824 1061 898 1037 519 815 514 899 1008 1078 589 509 47 629 387 979 461 1753 975 1225 892 358 997 452 500 1039 878 901 764 1190 1019 750 876 532 893 406 373 895
1719 1029 389 0 279 1097 132 276 439 1014 1003 553 580 996 837 712 617 379 857 384 585 240 959 719 973 859 404 539 467 1060 223 160 1049 368 859 1129 1011 863 470 416 826 472 139 342 780 1017 853 993 475 867 217 855 963 1034 569 213 374 740 342 935 571 1709 931 1181 848 143 952 408 610 995 834 857 874 1146 974 706 928 488 1003 350 61 851
1654 963 323 279 0 864 219 67 206 781 770 487 346 763 604 479 384 313 624 318 352 259 726 486 740 626 338 306 233 994 157 259 983 302 626 1063 778 630 237 183 593 239 239 109 547 784 620 760 242 634 236 622 730 801 335 231 308 654 109 702 486 1476 698 948 615 248 719 175 418 762 601 624 808 912 741 473 694 255 938 129 263 618
1376 1781 1142 1097 864 0 1038 862 696 741 730 1305 632 724 580 437 920 1131 627 1137 593 1054 686 824 700 586 1156 934 862 1812 975 1054 1801 1120 349 1882 511 590 865 754 560 742 1058 809 550 111 610 720 870 659 1031 582 691 346 945 1026 1127 995 810 662 1023 663 658 225 575 1067 680 721 955 172 573 346 1626 100 702 476 580 883 1756 924 1081 578
1660 969 330 132 219 1038 0 216 380 954 944 493 520 937 778 653 557 320 798 325 526 301 900 660 914 799 345 480 407 1000 163 221 989 308 800 1070 951 803 410 357 766 413 200 283 720 958 794 934 415 808 278 796 904 974 509 273 315 680 283 876 512 1650 872 1121 789 204 893 348 551 936 774 798 815 1086 915 646 868 429 944 303 121 792
1650 960 320 276 67 862 216 0 205 779 768 484 345 761 602 477 382 310 622 315 351 258 724 484 738 624 335 304 232 990 154 257 980 299 624 1060 776 628 235 181 591 238 236 107 545 782 618 758 240 632 235 620 729 799 334 230 305 653 107 700 484 1474 696 946 613 245 718 173 416 760 599 622 805 911 739 471 693 253 934 127 260 616
1814 1124 484 439 206 696 380 205 0 612 601 647 178 595 435 310 354 474 456 479 184 397 557 376 571 457 499 276 204 1154 318 396 1144 463 458 1224 620 461 207 96 424 84 400 152 378 615 452 592 212 487 374 453 562 632 306 369 469 547 152 533 456 1307 529 779 446 409 551 63 389 594 432 455 969 744 573 304 584 225 1098 266 424 449
2066 1698 1058 1014 781 741 954 779 612 0 219 1222 549 209 264 399 843 1048 544 1053 510 971 203 747 188 252 1073 851 778 1729 892 971 1718 1037 546 1798 708 183 781 670 244 658 974 726 466 704 294 229 786 575 948 224 198 445 867 943 1043 918 726 201 945 1353 197 643 208 983 208 638 877 682 257 544 1543 789 231 392 674 799 1673 840 998 217
2055 1687 1047 1003 770 730 944 768 601 219 0 1211 538 220 253 388 832 1037 533 1042 499 960 213 736 198 241 1062 840 767 1718 881 960 1707 1026 535 1787 697 172 771 659 233 648 963 715 456 693 283 239 775 564 937 213 208 434 856 932 1032 907 715 190 934 1342 186 632 197 972 207 627 866 671 246 533 1532 779 229 382 663 789 1662 829 987 206
1358 667 393 554 488 1307 495 485 649 1223 1212 0 748 1206 1046 921 419 403 724 399 795 702 1168 556 1182 1068 378 500 660 1114 390 658 687 418 1007 1184 848 1072 576 626 1035 682 514 552 802 1226 1063 1203 670 704 679 1064 1173 1243 478 674 408 518 552 1144 350 1918 1140 1390 1057 524 1162 617 389 1204 1043 1009 512 1355 1184 888 764 555 642 571 538 1060
1946 1255 624 580 346 632 520 345 178 549 538 779 0 531 372 247 361 614 392 619 121 537 494 265 508 394 639 408 344 1294 458 536 1276 603 395 1364 557 398 347 236 361 224 540 292 315 552 389 528 352 413 514 390 499 569 385 509 609 436 292 470 463 1244 466 716 383 549 488 204 395 530 369 392 1101 681 509 241 473 365 1230 406 564 386
2048 1680 1041 996 763 724 937 761 595 209 220 1204 531 0 247 381 825 1030 526 1036 492 953 204 729 188 235 1055 833 761 1711 874 953 1700 1019 528 1781 691 165 764 653 226 641 957 708 449 686 277 229 769 558 930 206 198 427 850 925 1026 900 709 183 927 1335 179 625 190 966 201 620 860 664 240 526 1525 772 222 375 656 782 1655 823 980 200
1905 1521 881 837 604 580 778 602 435 264 253 1045 372 247 0 222 666 871 367 876 333 794 209 570 223 109 896 674 601 1552 715 794 1541 860 369 1621 531 113 605 493 83 482 797 549 290 527 133 243 610 398 771 105 214 284 691 766 867 741 549 185 768 1192 181 482 98 806 203 461 701 505 96 367 1366 629 225 216 497 623 1496 664 821 101
1762 1396 756 712 479 437 653 477 310 399 388 920 247 381 222 0 541 746 242 751 208 669 344 445 358 243 771 549 476 1427 590 669 1416 735 199 1496 361 248 479 368 210 356 672 424 165 357 238 378 484 273 646 240 348 418 565 641 741 616 424 320 643 1049 316 521 233 681 337 336 575 335 218 197 1241 485 359 90 372 498 1371 538 696 236
1617 926 460 617 384 920 557 382 354 843 832 450 361 825 666 541 0 469 337 465 415 574 788 169 802 688 445 113 273 1181 456 574 947 484 620 1250 460 692 189 331 655 387 577 329 415 840 682 822 283 317 551 684 792 863 91 546 475 303 329 764 134 1532 760 1004 677 586 781 322 101 818 663 622 772 969 803 501 377 168 901 443 601 680
1599 908 42 379 313 1131 320 310 474 1048 1037 432 614 1030 871 746 520 0 825 47 620 527 993 657 1007 893 55 573 501 939 215 483 928 45 894 1009 949 897 504 450 860 507 339 377 814 1051 888 1027 509 805 504 889 998 1068 579 499 41 619 377 969 451 1743 965 1215 882 348 987 442 490 1029 868 891 753 1180 1009 740 865 522 883 396 363 885
1922 1232 765 857 624 627 798 622 456 544 533 756 392 526 367 242 337 775 0 770 353 814 489 241 503 389 750 384 544 1486 735 814 1252 790 389 1556 251 393 459 513 356 502 818 569 134 547 383 523 553 107 791 385 494 564 362 786 780 412 570 465 439 1239 461 711 378 827 483 481 372 525 364 387 1077 676 504 202 168 439 1206 684 841 381
1604 914 38 384 318 1137 325 315 479 1053 1042 437 619 1036 876 751 525 47 831 0 625 532 998 662 1012 898 51 578 506 944 220 488 934 51 899 1014 954 902 509 456 865 512 344 382 819 1056 893 1033 514 810 509 894 1003 1073 584 504 46 624 382 974 456 1748 970 1220 887 354 992 447 495 1034 873 896 759 1185 1014 745 871 527 888 401 368 890
1918 1270 630 585 352 593 526 351 184 510 499 793 121 492 333 208 415 620 353 625 0 543 455 319 469 355 645 422 350 1300 464 542 1290 609 355 1370 517 359 353 242 322 230 546 298 276 513 349 489 358 384 520 351 459 530 439 515 615 489 298 431 517 1205 427 677 344 555 448 209 449 491 330 353 1115 641 470 202 483 371 1244 412 570 347
1867 1177 537 240 259 1054 301 258 397 971 960 700 537 953 794 669 574 527 814 532 543 0 916 676 930 816 552 496 424 1207 371 103 1197 516 816 1277 968 820 427 373 783 430 308 300 737 974 810 950 432 824 80 812 921 991 526 76 522 845 299 892 676 1666 888 1138 805 311 910 365 608 952 791 814 1022 1103 931 663 885 445 1151 213 229 808
2011 1643 1003 959 726 686 900 724 557 203 213 1167 494 204 209 344 788 993 489 998 455 916 0 692 182 197 1018 796 723 1674 837 916 1663 982 491 1743 653 128 727 615 189 604 919 671 412 649 239 204 731 520 893 169 174 390 812 888 988 863 671 146 890 1298 142 588 153 928 163 583 822 627 202 489 1488 735 185 338 619 745 1618 785 943 162
1754 1063 597 719 486 824 660 484 376 747 736 587 265 729 570 445 169 606 241 602 319 676 692 0 706 592 581 215 376 1318 593 676 1083 621 524 1387 364 596 291 433 559 422 680 431 319 744 586 726 385 221 653 588 696 767 193 648 611 204 432 668 271 1436 664 908 581 689 685 401 203 722 567 526 908 873 707 405 281 270 1038 546 703 584
2025 1657 1017 973 740 700 914 738 571 188 198 1181 508 188 223 358 802 1007 503 1012 469 930 182 706 0 211 1032 810 737 1688 851 930 1677 996 505 1757 667 142 741 629 203 618 933 685 426 663 253 208 745 534 907 183 177 404 827 902 1002 877 685 160 904 1312 156 602 167 942 177 597 836 641 216 503 1502 749 199 352 633 759 1632 800 957 176
1911 1543 903 859 626 586 799 624 457 252 241 1067 394 235 109 243 688 893 389 898 355 816 197 592 211 0 918 696 623 1574 737 816 1563 882 391 1643 553 118 626 515 89 503 819 571 311 549 139 231 631 420 793 111 202 290 712 788 888 762 571 173 790 1198 169 488 104 828 191 483 722 527 102 389 1388 634 213 237 519 644 1518 685 843 107
1624 933 46 404 338 1156 345 335 499 1073 1062 457 639 1055 896 771 545 55 850 51 645 552 1018 682 1032 918 0 598 526 964 239 508 953 70 919 1034 974 922 529 475 885 532 364 402 839 1076 913 1052 534 830 529 914 1023 1093 604 524 61 644 402 994 476 1768 990 1240 907 373 1012 467 515 1054 893 916 778 1205 1033 765 890 547 908 421 388 910
1698 1008 541 539 306 934 480 304 276 851 840 531 408 833 674 549 113 551 384 546 422 496 796 215 810 696 526 0 277 1254 417 496 1028 562 666 1323 507 700 193 253 663 309 499 251 462 854 690 830 287 363 473 692 800 870 95 468 556 384 251 772 215 1546 768 1018 685 508 789 245 148 832 671 669 853 982 811 543 424 172 982 366 523 688
1841 1151 511 467 233 862 407 232 204 778 767 674 344 761 601 476 273 501 544 506 350 424 723 376 737 623 526 277 0 1181 345 423 1171 490 624 1251 667 627 234 181 590 237 427 179 544 781 618 757 239 523 401 619 728 798 255 396 496 544 179 699 375 1473 695 945 612 436 717 172 308 759 598 621 996 910 739 470 584 252 1125 293 451 615
2280 1589 949 1060 994 1791 1000 990 1154 1729 1718 1113 1294 1711 1552 1427 1201 939 1506 944 1300 1207 1674 1338 1688 1574 964 1254 1181 0 895 1163 1609 928 1574 191 1629 1578 1185 1131 1541 1187 1020 1057 1495 1732 1568 1708 1190 1485 1184 1570 1678 1749 1260 1179 934 1300 1057 1650 1131 1923 1646 1896 1563 1029 1667 1123 1171 1710 1549 1572 1434 1718 1689 1421 1546 1203 1564 1077 1044 1566
1555 864 225 223 157 975 163 154 318 892 881 388 458 874 715 590 476 215 735 220 464 371 837 597 851 737 239 417 345 895 0 327 884 203 737 965 889 741 348 294 704 351 183 220 658 895 731 871 353 745 348 733 842 912 447 343 210 575 220 813 407 1587 809 1059 726 192 830 286 446 873 712 735 709 1024 852 584 806 366 839 240 207 729
1823 1133 493 160 259 1054 221 257 396 971 960 656 536 953 794 669 574 483 814 488 542 103 916 676 930 816 508 496 423 1163 327 0 1153 472 816 1233 968 820 427 373 782 429 228 299 737 974 810 950 431 824 80 812 920 990 525 75 478 844 299 892 675 1666 888 1137 805 232 909 365 608 952 790 814 978 1102 931 663 884 445 1107 213 149 808
728 502 889 1050 984 1803 991 981 1145 1719 1709 687 1244 1702 1543 1417 915 899 1221 895 1291 1198 1665 1052 1679 1564 874 996 1157 1611 886 1154 0 914 1503 1680 1344 1568 1072 1122 1531 1178 1011 1048 1298 1723 1559 1699 1166 1200 1175 1561 1669 1739 974 1170 904 1014 1048 1641 846 1419 1637 1886 1554 1020 1658 1113 885 1701 1539 1506 347 1851 1680 1384 1261 1051 477 1068 1034 1557
1588 897 55 368 302 1120 308 299 463 1037 1026 421 603 1019 860 735 509 45 814 51 609 516 982 646 996 882 70 562 490 928 203 472 917 0 882 998 937 886 493 439 849 496 328 365 803 1040 876 1016 498 794 493 878 987 1057 568 488 41 608 365 958 439 1732 954 1204 871 337 976 431 479 1018 857 880 742 1169 997 729 854 511 872 385 352 874
1674 1514 904 859 626 349 800 624 458 546 535 1038 395 528 369 199 620 894 389 899 355 816 491 524 505 391 919 666 624 1574 737 816 1534 882 0 1644 238 395 627 516 358 504 820 572 312 269 386 525 632 390 793 387 496 553 644 789 889 694 572 467 722 960 463 432 380 829 485 483 654 247 366 108 1359 397 507 238 280 645 1489 686 843 383
2349 1658 1019 1129 1063 1767 1070 1060 1224 1798 1787 1182 1364 1781 1621 1496 1270 1009 1576 1014 1370 1277 1743 1407 1757 1643 1034 1323 1251 191 965 1233 1679 998 1644 0 1699 1647 1254 1201 1610 1257 1089 1127 1564 1801 1638 1777 1259 1555 1254 1639 1748 1818 1329 1249 1004 1369 1127 1719 1201 1899 1715 1940 1632 1098 1737 1192 1240 1779 1618 1641 1504 1694 1759 1490 1616 1272 1633 1146 1113 1635
1836 1355 888 1011 778 511 951 776 620 708 697 879 557 691 531 361 460 898 251 893 517 968 653 364 667 553 873 507 667 1609 885 968 1375 913 238 1679 0 557 583 678 520 666 971 723 329 431 548 687 677 231 945 549 658 716 485 940 903 535 723 629 563 1123 625 594 542 980 647 645 495 409 528 241 1200 559 669 400 120 562 1330 837 995 545
1915 1547 907 863 630 590 803 628 461 183 172 1071 398 165 113 248 692 897 393 902 359 820 128 596 142 118 922 700 627 1578 741 820 1567 886 395 1647 557 0 630 519 93 507 823 575 315 553 143 162 635 424 797 89 132 294 716 792 892 767 575 104 794 1202 100 492 73 832 121 487 726 531 106 393 1392 638 143 241 523 648 1522 689 847 83
1774 1083 514 470 237 865 410 235 207 781 771 607 347 764 605 479 189 504 459 509 353 427 727 291 741 626 529 193 234 1185 348 427 1103 493 627 1254 583 630 0 184 593 240 430 182 537 785 621 761 242 439 404 623 731 801 171 399 499 459 182 703 291 1476 699 948 616 439 720 175 223 763 601 625 928 913 742 473 499 247 1058 296 454 619
1791 1100 460 416 183 754 357 181 96 670 659 624 236 653 493 368 331 450 513 456 242 373 615 433 629 515 475 253 181 1131 294 373 1120 439 516 1201 678 519 184 0 482 129 376 128 436 673 510 649 189 545 350 511 620 690 283 345 446 602 128 591 433 1365 587 837 504 386 609 108 365 651 490 513 945 802 631 362 642 202 1075 243 400 507
1885 1510 870 826 593 560 766 591 424 244 233 1034 361 226 83 210 655 860 356 865 322 783 189 559 203 89 885 663 590 1541 704 782 1530 849 358 1610 520 93 593 482 0 470 786 538 278 516 113 223 598 387 760 85 193 264 679 755 855 729 538 165 757 1172 161 462 78 795 182 450 689 494 76 356 1355 608 204 204 486 611 1484 652 810 81
1847 1157 517 472 239 742 413 238 84 658 648 680 224 641 482 356 387 507 502 512 230 430 604 422 618 503 532 309 237 1187 351 429 1177 496 504 1257 666 507 240 129 470 0 433 185 424 662 498 638 245 533 407 500 608 678 339 402 502 593 185 580 489 1353 576 825 492 442 597 96 422 640 478 502 1002 790 619 350 631 258 1131 299 457 496
1680 989 349 139 239 1058 200 236 400 974 963 513 540 957 797 672 577 339 818 344 546 308 919 680 933 819 364 499 427 1020 183 228 1009 328 820 1089 971 823 430 376 786 433 0 303 740 977 814 953 435 827 285 815 924 994 529 280 335 700 303 895 531 1669 891 1141 808 210 913 368 571 955 794 817 834 1106 935 666 888 448 964 322 128 811
1717 1026 387 342 109 809 283 107 152 726 715 550 292 708 549 424 329 377 569 382 298 300 671 431 685 571 402 251 179 1057 220 299 1047 365 572 1127 723 575 182 128 538 185 303 0 492 729 566 705 187 579 277 567 676 746 281 272 372 600 74 647 431 1421 643 893 560 312 665 120 363 707 546 569 872 858 687 418 640 200 1001 169 327 563
1875 1310 824 780 547 550 720 545 378 466 456 833 315 449 290 165 415 814 134 819 276 737 412 319 426 311 828 462 544 1495 658 737 1330 803 312 1564 329 315 537 436 278 424 740 492 0 470 306 446 552 166 714 308 416 486 440 709 809 490 492 388 517 1162 384 633 301 749 405 404 450 448 286 310 1155 598 427 125 246 517 1284 606 764 304
1435 1701 1061 1017 784 111 958 782 615 704 693 1225 552 686 527 357 840 1051 547 1056 513 974 649 744 663 549 1076 854 781 1732 895 974 1721 1040 269 1801 431 553 785 673 516 662 977 729 470 0 543 683 790 578 951 545 653 315 865 946 1047 915 729 625 942 722 621 194 538 986 642 641 875 91 524 266 1546 159 664 396 500 803 1676 844 1001 541
1935 1537 898 853 620 610 794 618 452 294 283 1061 389 277 133 238 682 888 383 893 349 810 239 586 253 139 913 690 618 1568 731 810 1557 876 386 1638 548 143 621 510 113 498 814 566 306 543 0 273 626 415 787 135 244 314 707 782 883 757 566 215 784 1222 211 512 128 823 233 477 717 521 126 383 1383 659 255 232 513 639 1512 680 837 131
2045 1677 1037 993 760 720 934 758 592 229 239 1201 528 229 243 378 822 1027 523 1033 489 950 204 726 208 231 1052 830 757 1708 871 950 1697 1016 525 1777 687 162 761 649 223 638 953 705 446 683 273 0 766 554 927 203 208 424 847 922 1023 897 705 180 924 1332 176 622 187 963 197 617 857 661 236 523 1522 769 219 372 653 779 1652 820 977 197
1849 1159 519 475 242 870 415 240 212 786 775 683 352 769 610 484 283 509 553 514 358 432 731 385 745 631 534 287 239 1190 353 431 1179 498 632 1259 677 635 242 189 598 245 435 187 552 790 626 766 0 533 409 627 736 806 265 404 504 554 187 707 385 1481 703 953 620 444 725 180 317 768 606 629 1004 918 747 478 594 260 1133 301 459 623
1902 1211 744 867 634 659 808 632 487 575 564 735 413 558 398 273 317 754 107 750 384 824 520 221 534 420 729 363 523 1465 741 824 1231 769 390 1535 231 424 439 545 387 533 827 579 166 578 415 554 533 0 801 416 525 595 341 796 759 391 579 496 419 1270 492 742 409 836 514 512 351 556 395 392 1056 707 536 233 147 418 1186 693 851 412
1844 1154 514 217 236 1031 278 235 374 948 937 677 514 930 771 646 551 504 791 509 520 80 893 653 907 793 529 473 401 1184 348 80 1174 493 793 1254 945 797 404 350 760 407 285 277 714 951 787 927 409 801 0 789 898 968 503 53 499 822 276 869 653 1643 865 1115 782 288 887 342 585 929 768 791 999 1080 908 640 862 422 1128 190 206 785
1907 1539 899 855 622 582 796 620 453 224 213 1063 390 206 105 240 684 889 385 894 351 812 169 588 183 111 914 692 619 1570 733 812 1559 878 387 1639 549 89 623 511 85 500 815 567 308 545 135 203 627 416 789 0 173 286 709 784 884 759 567 145 786 1194 141 484 100 824 162 479 718 523 98 385 1384 631 184 234 515 641 1514 681 839 103
2016 1648 1008 963 730 691 904 729 562 198 208 1171 499 198 214 348 792 998 494 1003 459 921 174 696 177 202 1023 800 728 1678 842 920 1668 987 496 1748 658 132 731 620 193 608 924 676 416 653 244 208 736 525 898 173 0 394 817 893 993 867 676 150 895 1302 146 593 157 933 168 587 827 631 207 493 1493 739 190 342 623 749 1622 790 948 167
1671 1718 1078 1034 801 346 974 799 632 445 434 1242 569 427 284 418 863 1068 564 1073 530 991 390 767 404 290 1093 870 798 1749 912 990 1738 1057 553 1818 716 294 801 690 264 678 994 746 486 315 314 424 806 595 968 286 394 0 887 963 1063 937 746 366 965 958 362 248 279 1003 383 658 897 376 277 551 1563 395 405 412 693 819 1692 860 1018 282
1676 985 519 569 335 945 509 334 306 867 856 509 385 850 691 565 91 528 362 524 439 526 812 193 827 712 504 95 255 1240 447 525 1006 543 644 1309 485 716 171 283 679 339 529 281 440 865 707 847 265 341 503 709 817 887 0 498 534 362 281 788 193 1557 784 1028 701 538 806 274 125 843 687 647 831 993 828 526 402 150 960 395 553 705
1839 1149 509 213 231 1026 273 230 369 943 932 673 509 925 766 641 546 499 786 504 515 76 888 648 902 788 524 468 396 1179 343 75 1169 488 789 1249 940 792 399 345 755 402 280 272 709 946 782 922 404 796 53 784 893 963 498 0 494 817 272 864 648 1638 860 1110 777 284 882 337 580 924 763 786 994 1075 903 635 857 417 1123 185 202 780
1594 904 47 374 308 1127 315 305 469 1043 1032 427 609 1026 867 741 515 41 821 46 615 522 988 652 1002 888 61 569 496 934 210 478 924 41 889 1004 944 892 499 446 855 502 335 372 809 1047 883 1023 504 800 499 884 993 1063 574 494 0 615 372 964 446 1738 960 1210 877 344 982 437 485 1025 863 886 749 1175 1004 735 861 517 878 391 358 880
1716 1026 559 720 654 995 660 651 547 918 907 549 436 900 741 616 303 569 412 564 489 845 863 204 877 762 544 384 544 1280 555 824 1046 584 694 1349 535 767 459 602 729 593 680 600 490 915 757 897 554 391 822 759 867 937 362 817 574 0 600 839 211 1607 835 1079 752 689 856 572 273 893 737 697 871 1043 878 576 452 439 1000 714 704 755
1717 1026 387 342 109 810 283 107 152 726 715 550 292 709 549 424 329 377 570 382 298 299 671 432 685 571 402 251 179 1057 220 299 1046 365 572 1127 723 575 182 128 538 185 303 74 492 729 566 705 187 579 276 567 676 746 281 272 372 600 0 647 431 1421 643 893 560 312 665 120 364 707 546 569 872 858 687 418 640 200 1001 169 326 563
1987 1619 979 935 702 662 876 700 533 201 190 1143 470 183 185 320 764 969 465 974 431 892 146 668 160 173 994 772 699 1650 813 892 1639 958 467 1719 629 104 703 591 165 580 895 647 388 625 215 180 707 496 869 145 150 366 788 864 964 839 647 0 866 1274 118 564 129 904 139 559 798 603 178 465 1464 711 161 314 595 721 1594 761 919 138
1548 857 390 551 485 1023 492 482 456 945 934 381 463 927 768 643 134 400 439 395 517 676 890 271 904 790 375 215 375 1111 387 655 877 415 722 1181 563 794 291 433 757 489 511 431 517 942 784 924 385 419 653 786 895 965 193 648 405 211 431 866 0 1634 862 1106 779 520 884 424 104 920 765 724 702 1071 905 603 479 270 832 545 535 782
739 1864 1789 1745 1512 699 1685 1510 1343 1389 1378 1953 1280 1371 1228 1085 1568 1779 1275 1784 1241 1702 1334 1472 1348 1234 1804 1582 1509 2460 1623 1701 1419 1768 996 2529 1158 1238 1512 1401 1208 1389 1705 1457 1197 758 1258 1368 1517 1306 1679 1230 1338 994 1592 1674 1774 1643 1457 1310 1670 0 1306 873 1223 1714 1327 1369 1602 819 1221 994 1709 626 1349 1123 1228 1530 1839 1571 1729 1226
1983 1615 975 931 698 658 872 696 529 197 186 1139 466 179 181 316 760 965 461 970 427 888 142 664 156 169 990 768 695 1646 809 888 1635 954 463 1715 625 100 699 587 161 576 891 643 384 621 211 176 703 492 865 141 146 362 784 860 960 835 643 118 862 1270 0 560 125 900 135 555 794 599 174 461 1460 707 157 310 591 717 1590 757 915 134
1550 1865 1225 1181 948 225 1121 946 779 643 632 1389 716 625 482 521 1004 1215 711 1220 677 1138 588 908 602 488 1240 1018 945 1896 1059 1137 1885 1204 432 1965 594 492 948 837 462 825 1141 893 633 194 512 622 953 742 1115 484 593 248 1028 1110 1210 1079 893 564 1106 837 560 0 477 1150 582 805 1038 255 475 430 1710 273 603 559 664 966 1839 1007 1165 480
1900 1532 892 848 615 575 789 613 446 208 197 1056 383 190 98 233 677 882 378 887 344 805 153 581 167 104 907 685 612 1563 726 805 1552 871 380 1632 542 73 616 504 78 492 808 560 301 538 128 187 620 409 782 100 157 279 701 777 877 752 560 129 779 1187 125 477 0 817 146 472 711 516 91 378 1377 624 168 227 508 634 1507 674 832 96
1689 998 358 143 248 1067 204 245 409 983 972 522 549 966 806 681 586 348 827 354 555 311 928 689 942 828 373 508 436 1029 192 232 1018 337 829 1098 980 832 439 386 795 442 210 312 749 986 823 963 444 836 288 824 933 1003 538 284 344 709 312 904 540 1678 900 1150 817 0 922 377 580 964 803 826 843 1115 944 675 897 457 973 331 132 820
2005 1636 997 952 719 680 893 718 551 208 207 1160 488 201 203 337 781 987 483 992 448 910 163 685 177 191 1012 789 717 1667 830 909 1657 976 485 1737 647 121 720 609 182 597 913 665 405 642 233 197 725 514 887 162 168 383 806 882 982 856 665 139 884 1291 135 582 146 922 0 576 816 620 196 482 1482 728 179 331 612 738 1611 779 937 156
1782 1092 452 408 175 721 348 173 63 638 627 616 204 620 461 336 322 442 481 447 209 365 583 401 597 483 467 245 172 1123 286 365 1112 431 483 1192 645 487 175 108 450 96 368 120 404 641 477 617 180 512 342 479 587 658 274 337 437 572 120 559 424 1333 555 805 472 377 576 0 357 619 458 481 937 770 598 330 610 193 1067 234 392 475
1587 896 430 590 418 955 531 416 389 877 866 420 395 860 701 575 101 439 372 435 449 608 822 203 836 722 414 148 308 1151 426 608 916 454 654 1220 495 726 223 365 689 422 551 363 450 875 717 857 317 351 585 718 827 897 125 580 444 273 364 798 104 1567 794 1038 711 560 816 357 0 853 697 657 741 1003 838 535 412 202 871 478 574 714
1497 1679 1039 995 762 172 936 760 594 682 671 1203 530 664 505 335 818 1029 525 1034 491 952 627 722 641 527 1054 832 759 1710 873 952 1699 1018 247 1779 409 531 763 651 494 640 955 707 448 91 521 661 768 556 929 523 631 376 843 924 1025 893 707 603 920 783 599 255 516 964 620 619 853 0 502 244 1524 220 642 374 478 781 1654 822 979 519
1898 1518 878 834 601 573 774 599 432 257 246 1042 369 240 96 218 663 868 364 873 330 791 202 567 216 102 893 671 598 1549 712 790 1538 857 366 1618 528 106 601 490 76 478 794 546 286 524 126 236 606 395 768 98 207 277 687 763 863 737 546 178 765 1185 174 475 91 803 196 458 697 502 0 364 1363 622 218 212 494 619 1492 660 818 94
1671 1517 901 857 624 346 798 622 455 544 533 1041 392 526 367 197 622 891 387 896 353 814 489 526 503 389 916 669 621 1572 735 814 1537 880 108 1641 241 393 625 513 356 502 817 569 310 266 383 523 629 392 791 385 493 551 647 786 886 697 569 465 724 958 461 430 378 826 482 481 657 244 364 0 1362 395 504 236 282 643 1492 683 841 381
1018 224 715 875 809 1628 816 806 970 1544 1534 512 1069 1527 1368 1243 740 724 1046 720 1116 1023 1490 877 1504 1389 699 822 982 1436 711 979 347 739 1328 1505 1169 1393 897 947 1356 1003 836 873 1124 1548 1384 1524 991 1025 1000 1386 1494 1564 799 995 729 840 873 1466 671 1709 1462 1711 1379 845 1483 938 710 1526 1364 1331 0 1676 1505 1209 1086 876 198 893 859 1382
1304 1830 1190 1146 912 100 1086 911 744 789 779 1353 681 772 629 485 969 1180 676 1185 641 1103 735 873 749 634 1205 982 910 1860 1024 1102 1850 1169 397 1930 559 638 913 802 608 790 1106 858 598 159 659 769 918 707 1080 631 739 395 993 1075 1175 1043 858 711 1071 590 707 273 624 1115 728 770 1003 220 622 395 1675 0 750 524 629 931 1804 972 1130 627
2026 1658 1019 974 741 702 915 739 573 231 229 1182 509 222 225 359 803 1009 504 1014 470 931 185 707 199 213 1033 811 739 1689 852 931 1678 997 507 1759 669 143 742 631 204 619 935 687 427 664 255 219 747 536 908 184 190 405 828 903 1004 878 687 161 905 1313 157 603 168 944 179 598 838 642 218 504 1503 750 0 353 634 760 1633 801 958 178
1801 1390 750 706 473 476 646 471 304 392 382 914 241 375 216 90 501 740 202 745 202 663 338 405 352 237 765 543 470 1421 584 663 1410 729 238 1490 400 241 473 362 204 350 666 418 125 396 232 372 478 233 640 234 342 412 526 635 735 576 418 314 603 1088 310 559 227 675 331 330 535 374 212 236 1235 524 353 0 332 491 1365 532 690 230
1905 1272 805 928 694 580 868 693 584 674 663 796 473 656 497 372 377 815 168 810 483 885 619 281 633 519 790 424 584 1526 801 884 1292 830 280 1596 120 523 499 642 486 631 888 640 246 500 513 653 594 147 862 515 623 693 402 857 820 452 640 595 479 1192 591 664 508 897 612 610 412 478 494 282 1117 629 634 332 0 479 1247 754 912 511
1753 1062 532 488 255 883 429 253 225 799 789 586 365 782 623 498 168 522 439 527 371 445 745 270 759 644 547 172 252 1203 366 445 1082 511 645 1272 562 648 247 202 611 258 448 200 517 803 639 779 260 418 422 641 749 819 150 417 517 439 200 721 270 1495 717 966 634 457 738 193 202 781 619 643 908 931 760 491 479 0 1037 314 472 637
1147 195 844 1005 939 1758 946 936 1100 1674 1663 642 1199 1657 1497 1372 870 854 1175 849 1246 1153 1619 1007 1633 1519 829 951 1111 1565 841 1109 477 869 1458 1635 1298 1523 1027 1076 1486 1133 965 1003 1253 1677 1514 1653 1121 1155 1130 1515 1624 1694 929 1125 859 969 1003 1595 800 1839 1591 1841 1508 974 1613 1068 840 1655 1494 1460 198 1806 1635 1339 1215 1006 0 1022 989 1511
1737 1046 406 350 129 924 303 127 266 840 829 570 406 823 664 538 443 396 684 401 412 213 785 546 800 685 421 366 293 1077 240 213 1066 385 686 1146 837 689 296 243 652 299 322 169 606 844 680 820 301 693 190 681 790 860 395 185 391 714 169 761 545 1535 757 1007 674 331 779 234 478 822 660 683 891 972 801 532 754 314 1021 0 339 678
1704 1013 373 61 263 1081 121 260 424 998 987 537 564 980 821 696 601 363 841 368 570 229 943 703 957 843 388 523 451 1044 207 149 1033 352 843 1113 995 847 454 400 810 457 128 327 764 1001 837 977 459 851 206 839 948 1018 553 202 358 724 326 919 555 1693 915 1165 832 132 937 392 594 979 818 841 858 1130 958 690 912 472 988 339 0 835
1903 1535 895 851 618 578 792 616 449 217 206 1059 386 200 101 236 680 885 381 890 347 808 162 584 176 107 910 688 615 1566 729 808 1555 874 383 1635 545 83 619 507 81 496 811 563 304 541 131 197 623 412 785 103 167 282 705 780 880 755 563 138 782 1190 134 480 96 820 156 475 714 519 94 381 1380 627 178 230 511 637 1510 678 835 0
EOF