NAME : tsp_problem
TYPE : TSP
DIMENSION : 82
EDGE_WEIGHT_TYPE : EXPLICIT
EDGE_WEIGHT_FORMAT : FULL_MATRIX
EDGE_WEIGHT_SECTION
0 714 510 111 449 555 605 844 1034 997 949 473 574 631 933 731 749 324 487 702 835 617 850 723 993 485 600 440 824 1602 566 1165 886 954 453 657 822 486 905 840 852 886 716 470 815 626 141 710 774 786 589 558 332 354 544 404 476 1158 756 622 1077 526 429 678 900 836 931 539 730 811 842 391 972 263 269 1039 655 450 832 966 1020 428
714 0 381 709 334 306 242 800 990 958 905 808 444 663 895 106 815 429 357 891 791 952 805 98 1243 284 197 338 780 1851 310 1191 841 910 309 647 778 634 861 796 808 1135 91 275 771 186 829 103 730 741 709 273 668 603 746 597 550 1119 1006 955 1038 296 536 135 856 792 1181 243 105 767 798 443 928 506 480 994 921 516 788 922 975 454
510 381 0 505 297 390 439 457 647 615 562 487 115 321 552 397 473 225 96 549 448 620 463 389 1206 152 266 301 437 1814 400 1154 499 568 119 304 435 292 518 453 465 1098 383 136 428 461 547 394 387 399 366 392 383 566 403 254 208 776 969 612 696 360 499 426 513 449 1144 206 397 424 455 240 585 302 276 652 579 479 445 579 633 417
111 709 505 0 444 550 600 838 1028 991 943 467 568 626 928 725 743 319 481 697 830 611 844 717 988 480 594 435 819 1596 560 1160 880 949 447 652 817 481 900 835 847 880 711 464 810 621 165 705 768 780 583 553 327 348 538 398 471 1152 751 616 1071 520 424 673 895 831 926 534 725 805 837 385 966 257 264 1033 649 444 827 961 1014 422
469 334 297 464 0 152 202 716 906 874 821 724 360 580 811 350 732 345 273 808 707 868 722 343 955 200 219 64 696 1563 162 903 758 826 225 563 694 550 777 712 724 847 336 191 687 223 584 307 646 658 625 155 584 315 662 513 467 1035 718 871 955 123 248 275 772 708 893 136 350 683 714 360 844 422 396 911 838 228 704 838 892 166
575 306 390 570 152 0 136 809 999 967 914 817 453 673 904 323 824 438 366 901 800 961 814 297 1061 293 312 157 789 1670 203 1010 851 919 318 656 787 643 870 805 817 954 308 284 780 142 690 226 739 750 718 167 677 422 755 606 559 1128 824 964 1047 190 354 194 865 801 999 229 304 776 807 453 937 515 489 1003 930 334 797 931 985 272
625 242 439 620 202 136 0 858 1048 1017 963 867 503 722 954 259 874 488 416 950 850 1011 864 233 1111 342 350 206 839 1719 139 1060 900 969 368 706 837 693 920 855 867 1003 244 334 830 78 740 162 789 800 768 103 726 471 805 656 609 1178 874 1014 1097 126 404 130 915 851 1049 279 240 826 857 502 986 564 539 1053 980 384 847 981 1034 322
844 800 457 838 716 809 858 0 266 548 181 420 414 254 485 816 406 644 515 482 132 553 159 808 1625 571 685 720 95 1911 819 1573 156 186 538 237 109 507 137 111 123 1517 802 555 95 880 762 813 126 332 299 811 599 985 336 470 423 485 1388 545 586 779 918 845 132 107 1563 625 816 88 145 659 204 721 695 271 512 898 103 198 290 836
1034 990 647 1028 906 999 1048 266 0 738 204 610 604 444 675 1006 596 834 705 672 322 743 349 998 1815 761 875 910 252 2101 1009 1763 346 199 728 427 299 697 220 280 279 1707 992 745 285 1070 952 1003 316 521 489 1001 789 1175 526 660 613 675 1578 735 776 969 1108 1035 215 274 1753 815 1006 278 335 849 226 911 885 216 702 1088 267 231 480 1026
997 958 615 991 874 967 1017 548 738 0 653 578 573 412 107 974 283 803 673 360 540 431 554 967 1783 729 844 879 529 1435 977 1732 439 659 697 396 527 666 610 545 557 1676 960 714 520 1038 915 972 479 266 457 970 751 1144 495 629 582 191 1546 423 111 938 1076 1004 605 541 1721 784 974 516 547 817 676 879 854 743 389 1056 537 671 295 994
949 905 562 943 821 914 963 181 204 653 0 525 519 359 590 921 511 749 620 587 237 658 264 913 1730 676 790 825 167 2016 924 1678 261 182 643 342 214 612 135 195 194 1622 907 660 200 985 867 918 231 437 404 916 704 1090 441 575 528 590 1493 650 691 884 1023 950 130 189 1668 730 921 193 250 764 202 826 800 199 617 1003 182 196 395 941
473 808 487 467 724 817 867 420 610 578 525 0 444 207 515 824 362 418 545 316 411 231 426 817 1293 579 693 729 400 1902 827 1465 462 530 547 233 398 382 481 416 428 1186 810 564 391 888 391 822 350 362 165 820 228 654 157 299 372 739 1056 236 659 788 729 854 476 412 1231 634 824 387 418 485 548 357 363 615 268 750 408 542 596 728
574 444 115 568 360 453 503 414 604 573 519 444 0 278 510 460 430 289 159 506 406 577 420 453 1269 215 330 365 395 1878 463 1218 456 525 183 262 393 249 476 411 423 1162 446 200 386 524 504 458 345 356 323 456 341 630 361 212 165 734 1032 570 653 424 562 490 471 407 1207 270 460 382 413 303 542 365 340 609 536 542 403 537 590 480
631 663 321 626 580 673 722 254 444 412 359 207 278 0 349 680 269 508 379 346 245 389 259 672 1452 435 549 584 234 1817 683 1437 295 364 402 101 232 371 315 250 262 1344 665 419 225 743 550 677 184 195 98 675 386 812 124 334 287 573 1215 394 492 643 781 709 310 246 1390 489 679 221 252 522 382 515 522 448 375 762 242 376 430 699
933 895 552 928 811 904 954 485 675 107 590 515 510 349 0 911 220 739 610 296 477 367 491 904 1720 666 780 816 465 1512 914 1669 516 596 634 332 464 602 547 482 493 1613 897 650 457 975 852 909 415 202 394 907 688 1081 432 565 519 268 1483 360 187 874 1013 940 541 478 1658 721 911 452 484 754 613 816 791 680 326 993 474 608 372 931
731 106 397 725 350 323 259 816 1006 974 921 824 460 680 911 0 832 445 374 908 807 968 822 114 1259 300 214 355 796 1868 326 1208 858 927 325 663 794 650 877 812 824 1152 108 291 787 202 845 119 746 758 725 289 684 620 762 613 567 1135 1022 971 1055 312 552 151 872 808 1197 260 121 783 814 460 944 522 496 1011 938 532 804 938 992 470
749 815 473 743 732 824 874 406 596 283 511 362 430 269 220 832 0 660 530 217 397 211 411 824 1569 586 701 736 386 1688 835 1589 447 516 554 253 384 523 467 402 414 1462 817 571 377 895 667 829 336 123 315 827 503 930 352 486 439 444 1332 216 364 795 933 861 462 398 1507 641 831 373 404 674 534 633 639 600 247 914 394 528 548 851
324 429 225 319 345 438 488 644 834 803 749 418 289 508 739 445 660 0 202 648 636 562 650 438 1144 200 314 350 625 1753 448 1203 686 755 168 491 623 431 706 641 652 1037 431 185 616 509 439 443 574 586 534 441 277 505 489 349 395 964 908 567 883 408 547 475 701 637 1082 255 445 611 643 288 772 166 172 839 600 527 633 767 820 465
487 357 96 481 273 366 416 515 705 673 620 545 159 379 610 374 530 202 0 607 506 678 521 366 1182 128 243 278 495 1791 376 1131 557 625 96 362 493 349 576 511 523 1075 359 113 486 437 602 371 445 456 424 369 440 543 461 312 266 834 945 670 754 337 475 403 571 507 1120 183 373 482 513 216 643 278 253 710 637 456 503 637 691 393
702 891 549 697 808 901 950 482 672 360 587 316 506 346 296 908 217 648 607 0 473 164 487 900 1523 663 777 812 462 1765 911 1665 524 592 630 329 460 599 543 478 490 1415 893 647 453 971 621 905 412 199 391 903 457 883 387 529 515 520 1286 170 440 871 959 937 538 474 1461 717 907 449 480 714 610 586 593 676 202 979 470 604 624 927
835 791 448 830 707 800 850 132 322 540 237 411 406 245 477 807 397 636 506 473 0 544 177 800 1616 562 676 712 113 1929 810 1565 174 243 530 229 127 499 194 129 141 1509 793 547 113 871 754 805 144 323 290 803 590 977 328 461 415 503 1379 537 604 770 909 837 189 125 1554 617 807 107 163 650 261 712 687 327 503 889 121 255 308 827
617 952 620 611 868 961 1011 553 743 431 658 231 577 389 367 968 211 562 678 164 544 0 559 961 1437 723 837 873 533 1836 971 1609 595 664 691 400 531 526 614 549 561 1330 954 707 524 1032 535 966 483 270 347 964 372 798 301 443 515 592 1200 84 511 931 873 997 609 545 1375 778 968 520 551 629 681 501 507 748 117 893 541 675 695 871
850 805 463 844 722 814 864 159 349 554 264 426 420 259 491 822 411 650 521 487 177 559 0 814 1630 576 691 726 139 1955 825 1579 201 270 544 243 153 513 221 156 167 1523 807 561 140 885 768 819 171 337 305 817 604 991 342 476 429 530 1393 551 631 785 923 851 215 152 1568 631 821 133 190 664 287 726 701 354 517 904 148 282 335 841
723 98 389 717 343 297 233 808 998 967 913 817 453 672 904 114 824 438 366 900 800 961 814 0 1251 292 206 347 789 1860 300 1200 850 919 318 656 787 643 870 805 817 1144 100 283 780 177 837 94 739 750 717 264 676 612 755 606 559 1128 1014 964 1047 287 544 126 865 801 1189 252 96 776 807 452 936 514 489 1003 930 525 797 931 984 462
962 1244 1207 956 956 1063 1112 1626 1816 1785 1731 1262 1271 1420 1721 1261 1538 1113 1184 1491 1618 1406 1632 1253 0 1110 1130 947 1606 1255 1073 1673 1668 1737 1135 1446 1605 1275 1688 1623 1634 278 1246 1101 1598 1133 1076 1217 1556 1568 1378 1065 1121 808 1333 1193 1265 1946 306 1411 1865 1033 936 1186 1682 1619 584 1046 1260 1593 1625 1180 1754 1052 1058 1821 1444 957 1615 1749 1802 935
485 284 152 480 200 293 342 571 761 729 676 579 215 435 666 300 586 200 128 663 562 723 576 292 1109 0 169 204 551 1717 303 1057 613 681 80 418 549 405 632 567 579 1001 286 59 542 364 600 297 501 512 480 295 439 469 517 368 321 890 872 726 809 263 402 329 627 563 1047 109 300 538 569 215 699 277 251 765 693 382 559 693 747 319
600 197 266 594 219 312 350 685 875 844 790 693 330 549 780 214 701 314 243 777 676 837 691 206 1128 169 0 224 665 1737 322 1077 727 796 194 532 664 520 746 681 693 1021 199 160 656 294 714 211 615 627 594 315 553 489 632 482 436 1005 891 840 924 282 421 243 741 678 1066 129 213 652 683 329 813 391 366 880 807 401 673 807 861 339
460 338 301 455 64 157 206 720 910 879 825 729 365 584 816 355 736 350 278 812 712 873 726 347 946 204 224 0 701 1554 167 895 762 831 230 567 699 555 782 717 728 839 340 195 692 228 575 311 650 662 629 159 588 307 667 518 471 1040 709 876 959 127 239 280 777 713 884 141 354 687 719 364 848 426 401 915 842 219 709 843 896 157
824 780 437 819 696 789 839 95 252 529 167 400 395 234 465 796 386 625 495 462 113 533 139 789 1605 551 665 701 0 1891 799 1554 137 173 519 217 89 487 124 91 103 1498 782 536 76 860 743 794 106 312 279 792 579 966 317 450 404 465 1368 526 566 759 898 825 119 87 1543 606 796 69 126 639 190 701 676 257 492 878 83 185 271 816
1571 1853 1816 1565 1565 1671 1721 1946 2136 1471 2051 1871 1879 1853 1548 1869 1724 1722 1792 1800 1965 1872 1991 1861 1255 1719 1738 1556 1927 0 1681 2281 1831 2057 1744 1837 1941 1884 2008 1943 1955 1147 1855 1710 1927 1742 1685 1826 1919 1707 1898 1674 1730 1417 1936 1802 1874 1583 1018 1864 1412 1641 1545 1794 2003 1939 728 1655 1869 1921 1978 1789 2075 1661 1667 2141 1830 1565 1935 2069 1687 1543
586 310 400 580 162 203 139 819 1009 977 924 827 463 683 914 326 835 448 376 911 810 971 825 300 1071 303 322 167 799 1680 0 1020 861 929 328 666 797 653 880 815 827 964 312 294 790 145 700 229 749 761 728 170 687 432 765 616 570 1138 834 974 1058 193 364 197 875 811 1009 239 308 786 817 463 947 525 499 1014 941 344 807 941 995 282
1185 1191 1154 1180 903 1010 1060 1573 1763 1732 1678 1485 1218 1437 1669 1208 1589 1203 1131 1665 1565 1629 1579 1200 1671 1057 1077 895 1554 2280 1020 0 1615 1684 1083 1421 1552 1408 1635 1570 1582 1564 1193 1049 1545 1081 1300 1164 1504 1515 1482 1013 1345 1032 1520 1371 1324 1893 1434 1634 1791 980 964 1133 1630 1566 1609 994 1207 1541 1572 1217 1701 1276 1254 1768 1667 944 1562 1696 1749 882
886 841 499 880 758 851 900 156 346 439 261 462 456 295 516 858 447 686 557 524 174 595 201 850 1666 613 727 762 137 1795 861 1615 0 267 580 279 151 549 218 153 164 1559 843 597 137 921 804 855 168 373 341 853 641 1027 378 512 465 369 1430 587 470 821 960 887 213 149 1604 667 857 130 187 700 284 763 737 351 553 940 145 279 175 877
954 910 568 949 826 919 969 186 199 659 182 530 525 364 596 927 516 755 625 592 243 664 270 919 1735 681 796 831 173 2021 929 1684 267 0 649 348 219 618 141 200 200 1628 912 666 206 990 873 924 237 442 410 922 709 1096 447 581 534 596 1498 656 696 890 1028 956 136 195 1673 736 926 199 256 769 203 831 806 194 622 1009 188 202 401 946
453 309 119 447 225 318 368 538 728 697 643 547 183 402 634 325 554 168 96 630 530 691 544 318 1134 80 194 230 519 1743 328 1083 580 649 0 386 517 373 600 535 546 1027 311 64 510 389 567 323 468 480 447 321 406 495 485 336 289 858 897 694 777 288 427 354 595 531 1072 135 325 505 537 182 666 244 219 733 660 407 527 661 714 345
657 647 304 652 563 656 706 237 427 396 342 233 262 101 332 663 253 491 362 329 229 400 243 656 1472 418 532 567 217 1801 666 1421 279 348 386 0 216 354 299 234 245 1365 649 402 209 727 576 661 167 179 124 659 412 833 150 317 271 557 1235 393 476 626 765 692 293 230 1410 473 663 204 236 506 365 541 543 432 359 745 226 360 413 683
822 778 435 817 694 787 837 109 299 527 214 398 393 232 464 794 384 623 493 460 127 531 153 787 1603 549 664 699 89 1905 797 1552 151 219 517 216 0 486 170 105 117 1496 780 534 90 858 741 792 121 310 277 790 577 964 315 449 402 479 1366 524 580 758 896 824 165 101 1541 604 794 83 140 637 237 699 674 304 490 876 97 231 285 814
486 634 292 481 550 643 693 507 697 666 612 382 249 371 602 650 523 431 349 599 499 526 513 643 1307 405 520 555 487 1915 653 1408 549 618 373 354 486 0 569 504 515 1199 636 390 479 714 405 648 437 449 416 646 241 667 452 305 258 827 1070 531 746 614 743 680 563 500 1245 460 650 474 506 493 635 370 377 702 563 732 496 630 683 670
905 861 518 900 777 870 920 137 220 610 135 481 476 315 547 877 467 706 576 543 194 614 221 870 1686 632 746 782 124 1972 880 1635 218 141 600 299 170 569 0 151 150 1579 863 617 157 941 824 875 188 393 360 873 660 1047 398 532 485 546 1449 607 647 840 979 907 87 146 1624 687 877 150 207 720 158 782 757 225 573 959 139 153 352 897
840 796 453 835 712 805 855 111 280 545 195 416 411 250 482 812 402 641 511 478 129 549 156 805 1621 567 681 717 91 1907 815 1570 153 200 535 234 105 504 151 0 119 1514 798 552 92 876 759 810 123 328 295 808 595 982 333 467 420 481 1384 542 582 775 914 842 146 103 1559 622 812 85 142 655 218 717 692 284 508 894 99 212 287 832
852 808 465 847 724 817 867 123 279 557 194 428 423 262 493 824 414 652 523 490 141 561 167 817 1633 579 693 728 103 1919 827 1582 164 200 546 245 117 515 150 119 0 1526 810 563 103 888 770 821 134 340 307 820 607 994 345 478 432 493 1396 554 594 787 926 853 145 115 1571 634 824 97 154 667 217 729 704 284 520 906 111 211 298 844
855 1137 1100 849 849 955 1005 1519 1709 1677 1624 1155 1163 1313 1614 1153 1430 1006 1076 1384 1510 1298 1525 1146 278 1003 1022 840 1499 1147 965 1565 1561 1629 1028 1339 1497 1168 1580 1515 1527 0 1139 994 1490 1026 969 1110 1449 1460 1271 958 1014 701 1225 1086 1158 1838 198 1304 1758 926 829 1078 1575 1511 477 939 1153 1486 1517 1073 1647 945 951 1714 1336 849 1507 1641 1695 827
716 91 383 711 336 308 244 802 992 960 907 810 446 665 897 108 817 431 359 893 793 954 807 100 1245 286 199 340 782 1853 312 1193 843 912 311 649 780 636 863 798 810 1137 0 277 773 188 831 105 732 743 711 275 669 605 748 599 552 1121 1008 957 1040 298 538 137 858 794 1183 245 107 769 800 445 930 508 482 996 923 518 790 924 977 456
470 275 136 464 191 284 334 555 745 714 660 564 200 419 650 291 571 185 113 647 547 707 561 283 1100 59 160 195 536 1708 294 1049 597 666 64 402 534 390 617 552 563 992 277 0 527 355 584 288 485 497 464 287 423 460 502 353 306 875 863 711 794 254 393 320 612 548 1038 100 291 522 554 199 683 261 236 750 677 373 544 678 731 311
815 771 428 810 687 780 830 95 285 520 200 391 386 225 457 787 377 616 486 453 113 524 140 780 1596 542 656 692 76 1892 790 1545 137 206 510 209 90 479 157 92 103 1489 773 527 0 851 734 785 107 303 270 783 570 957 308 442 395 466 1359 517 567 751 889 817 152 88 1534 597 787 69 126 630 223 692 667 290 483 869 84 218 271 807
646 186 461 641 223 142 78 880 1070 1038 985 888 524 743 975 202 895 509 437 971 871 1032 885 177 1132 364 294 228 860 1741 145 1081 921 990 389 727 858 714 941 876 888 1025 188 355 851 0 761 126 810 821 789 108 747 493 826 677 630 1199 895 1035 1118 132 425 94 936 872 1070 300 184 847 878 523 1008 586 560 1074 1001 405 868 1002 1055 343
141 829 547 165 564 670 720 762 952 915 867 391 504 550 852 845 667 439 602 621 754 535 768 837 1108 600 714 555 743 1716 680 1280 804 873 567 576 741 405 824 759 770 1000 831 584 734 741 0 825 692 704 507 673 223 468 462 322 395 1076 871 540 995 640 544 793 819 755 1046 654 845 729 761 505 890 378 384 957 573 564 751 885 938 542
728 103 394 722 307 226 162 813 1003 972 918 822 458 677 909 119 829 443 371 905 805 966 819 94 1216 297 211 311 794 1824 229 1164 855 924 323 661 792 648 875 810 821 1108 105 288 785 126 842 0 743 755 722 192 681 576 760 611 564 1133 979 969 1052 215 509 131 870 806 1154 257 101 780 812 457 941 519 494 1008 935 489 802 936 989 427
774 730 387 768 646 739 789 126 316 479 231 350 345 184 415 746 336 574 445 412 144 483 171 739 1555 501 615 650 106 1884 749 1504 168 237 468 167 121 437 188 123 134 1448 732 485 107 810 692 743 0 262 229 742 529 916 267 400 354 497 1318 475 559 709 848 775 182 119 1493 556 746 100 157 589 254 651 626 321 442 828 115 249 302 766
786 741 399 780 658 750 800 332 521 266 437 362 356 195 202 758 123 586 456 199 323 270 337 750 1566 512 627 662 312 1671 761 1515 373 442 480 179 310 449 393 328 340 1459 743 497 303 821 704 755 262 0 241 753 540 927 278 412 365 427 1329 263 346 721 859 787 388 324 1504 567 757 299 330 600 460 662 637 526 229 840 320 454 507 777
589 709 366 583 625 718 768 299 489 457 404 165 323 98 394 725 315 534 424 391 290 347 305 717 1409 480 594 629 279 1863 728 1482 341 410 447 124 277 416 360 295 307 1302 711 464 270 789 507 722 229 241 0 721 344 770 82 379 332 618 1172 352 538 688 827 754 355 291 1347 534 725 266 297 568 427 473 479 494 384 807 287 421 475 745
578 273 392 573 155 167 103 811 1001 970 916 820 456 675 907 289 827 441 369 903 803 964 817 264 1064 295 315 159 792 1672 170 1013 853 922 321 659 790 646 873 808 820 957 275 287 783 108 693 192 742 753 721 0 679 425 758 609 562 1131 827 967 1050 156 357 160 868 804 1002 232 271 779 810 455 940 517 492 1006 933 337 800 934 987 275
332 668 383 327 584 677 726 599 789 751 704 228 341 386 688 684 503 277 440 457 590 372 604 676 1153 439 553 588 579 1761 687 1325 641 709 406 412 577 241 660 595 607 1045 669 423 570 747 223 681 529 540 344 679 0 513 298 159 231 912 916 377 832 647 589 713 655 591 1091 493 683 566 597 344 727 216 223 793 409 609 587 721 775 587
220 642 557 214 354 461 510 890 1080 1043 995 520 621 678 980 658 795 371 534 749 882 663 896 651 898 508 528 345 871 1507 471 1071 932 1001 499 704 869 533 952 887 899 791 644 499 862 531 334 615 821 832 636 463 379 0 590 450 523 1204 661 668 1123 431 334 584 947 883 836 444 658 858 889 438 1018 310 316 1085 701 355 879 1013 1066 333
544 746 403 538 662 755 805 336 526 495 441 157 361 124 432 762 352 489 461 387 328 301 342 755 1364 517 632 667 317 1900 765 1520 378 447 485 150 315 452 398 333 345 1257 748 502 308 826 462 760 267 278 82 758 298 725 0 370 370 656 1127 306 575 726 800 792 393 329 1302 572 762 304 335 556 464 428 434 531 339 820 325 459 512 782
404 597 254 398 513 606 656 470 660 629 575 299 212 334 565 613 486 349 312 529 461 443 476 606 1224 368 482 518 450 1833 616 1371 512 581 336 317 449 305 532 467 478 1117 599 353 442 677 322 611 400 412 379 609 159 585 370 0 221 790 987 448 709 577 660 643 526 463 1162 423 613 437 468 416 598 288 294 665 481 681 459 593 646 633
476 550 208 471 467 559 609 423 613 582 528 372 165 287 519 567 439 395 266 515 415 515 429 559 1296 321 436 471 404 1905 570 1324 465 534 289 271 402 258 485 420 432 1189 552 306 395 630 395 564 354 365 332 562 231 657 370 221 0 743 1060 521 662 530 668 596 480 416 1234 376 566 391 422 409 551 360 367 618 545 649 412 546 599 586
1158 1119 776 1152 1035 1128 1178 485 675 191 590 739 734 573 268 1135 444 964 834 520 503 592 530 1128 1944 890 1005 1040 465 1547 1138 1893 369 596 858 557 479 827 546 481 493 1837 1121 875 466 1199 1076 1133 497 427 618 1131 912 1305 656 790 743 0 1707 584 222 1099 1237 1165 541 477 1882 945 1135 459 516 978 613 1040 1015 680 550 1217 473 607 225 1155
725 1007 970 719 719 826 875 1389 1579 1548 1494 1025 1034 1183 1484 1024 1301 876 947 1255 1381 1169 1395 1016 306 873 893 710 1370 1018 836 1436 1431 1500 898 1209 1368 1038 1451 1386 1397 198 1009 864 1361 897 840 980 1319 1331 1141 828 884 571 1096 956 1028 1709 0 1174 1628 796 699 949 1446 1382 347 809 1023 1356 1388 943 1517 815 822 1584 1207 720 1378 1512 1565 698
622 955 612 616 871 964 1014 545 735 423 650 236 570 394 360 971 216 567 670 170 537 84 551 964 1442 726 840 876 526 1828 974 1614 587 656 694 393 524 531 607 542 554 1335 957 711 517 1035 540 969 475 263 352 967 377 803 306 448 521 584 1205 0 503 934 878 1001 602 538 1380 781 971 512 544 634 673 506 512 740 122 898 534 668 688 877
1077 1038 696 1071 955 1047 1097 586 776 111 691 659 653 492 187 1055 364 883 754 440 604 511 631 1047 1863 809 924 959 566 1376 1058 1812 470 696 777 476 580 746 647 582 594 1756 1040 794 567 1118 995 1052 559 346 538 1050 832 1224 575 709 662 222 1626 503 0 1018 1156 1084 642 578 1801 864 1054 560 617 897 714 959 934 781 470 1137 574 708 326 1074
546 296 360 540 123 190 126 779 969 938 884 788 424 643 874 312 795 408 337 871 770 931 785 287 1031 263 282 127 759 1640 193 980 821 890 288 626 758 614 840 775 787 924 298 254 751 132 660 215 709 721 688 156 647 392 726 577 530 1099 794 934 1018 0 324 184 835 772 969 199 294 746 777 423 907 485 460 974 901 305 768 902 955 242
530 536 499 524 248 354 404 918 1108 1076 1023 830 562 781 1013 552 933 547 475 1010 909 974 923 544 1015 402 421 239 898 1624 364 964 960 1028 427 765 896 752 979 914 926 908 538 393 889 425 644 509 848 859 827 357 689 376 864 715 668 1237 778 979 1156 324 0 477 974 910 953 338 552 885 916 562 1046 620 598 1112 1011 51 906 1040 1094 164
698 135 426 693 275 194 130 845 1035 1004 950 854 490 709 940 151 861 475 403 937 837 997 851 126 1184 329 243 280 825 1793 197 1133 887 956 354 692 824 680 907 842 853 1077 137 320 817 94 813 131 775 787 754 160 713 545 792 643 596 1165 947 1001 1084 184 477 0 901 838 1122 289 133 812 844 489 973 551 526 1040 967 457 834 968 1021 395
900 856 513 895 772 865 915 132 215 605 130 476 471 310 541 872 462 701 571 538 189 609 215 865 1681 627 741 777 119 1967 875 1630 213 136 595 293 165 563 87 146 145 1574 858 612 152 936 819 870 182 388 355 868 655 1042 393 526 480 541 1444 602 642 835 974 901 0 140 1619 682 872 145 202 715 153 777 752 220 568 954 133 148 347 892
836 792 449 831 708 801 851 107 274 541 189 412 407 246 478 808 398 637 507 474 125 545 152 801 1617 563 678 713 87 1903 811 1566 149 195 531 230 101 500 146 103 115 1510 794 548 88 872 755 806 119 324 291 804 591 978 329 463 416 477 1380 538 578 772 910 838 140 0 1555 618 808 81 138 651 212 713 688 279 504 890 95 207 283 828
900 1182 1145 894 894 1001 1050 1564 1754 1723 1669 1200 1209 1358 1659 1198 1476 1051 1122 1429 1556 1344 1570 1191 584 1048 1068 885 1544 728 1011 1611 1606 1675 1073 1384 1543 1213 1626 1561 1572 477 1184 1039 1536 1071 1014 1155 1494 1506 1316 1003 1059 746 1271 1131 1203 1884 347 1349 1803 971 874 1124 1620 1557 0 984 1198 1531 1563 1118 1692 990 996 1759 1382 895 1553 1687 1740 873
540 243 206 534 136 229 279 625 815 784 730 634 270 489 721 260 641 255 183 717 617 778 631 252 1045 109 129 141 606 1654 239 994 667 736 135 473 604 460 687 622 634 938 245 100 597 300 654 257 556 567 534 232 493 406 572 423 376 945 808 781 864 199 338 289 682 618 983 0 259 593 624 269 753 331 306 820 747 318 614 748 801 256
730 105 397 725 350 304 240 816 1006 974 921 824 460 679 911 121 831 445 373 907 807 968 821 96 1259 300 213 354 796 1867 308 1207 857 926 325 663 794 650 877 812 824 1151 107 291 787 184 845 101 746 757 725 271 683 619 762 613 566 1135 1022 971 1054 294 552 133 872 808 1197 259 0 783 814 459 944 522 496 1010 937 532 804 938 991 470
811 767 424 805 683 776 826 88 278 516 193 387 382 221 452 783 373 611 482 449 107 520 133 776 1592 538 652 687 69 1885 786 1541 130 199 505 204 83 474 150 85 97 1485 769 522 69 847 729 780 100 299 266 779 566 953 304 437 391 459 1355 512 560 746 885 812 145 81 1530 593 783 0 119 626 217 688 663 283 479 865 77 211 264 803
842 798 455 837 714 807 857 145 335 547 250 418 413 252 484 814 404 643 513 480 163 551 190 807 1623 569 683 719 126 1942 817 1572 187 256 537 236 140 506 207 142 154 1516 800 554 126 878 761 812 157 330 297 810 597 984 335 468 422 516 1386 544 617 777 916 844 202 138 1561 624 814 119 0 657 273 719 694 340 510 896 134 268 321 834
391 443 240 385 360 453 502 659 849 817 764 485 303 522 754 460 674 288 216 714 650 629 664 452 1211 215 329 364 639 1820 463 1217 700 769 182 506 637 493 720 655 667 1104 445 199 630 523 505 457 589 600 568 455 344 572 556 416 409 978 974 634 897 423 562 489 715 651 1149 269 459 626 657 0 787 232 239 853 666 542 647 781 835 479
972 928 585 966 844 937 986 204 226 676 202 548 542 382 613 944 534 772 643 610 261 681 287 936 1753 699 813 848 190 2039 947 1701 284 203 666 365 237 635 158 218 217 1645 930 683 223 1008 890 941 254 460 427 940 727 1113 464 598 551 613 1516 673 714 907 1046 973 153 212 1691 753 944 217 273 787 0 849 823 221 640 1026 205 219 418 964
263 506 302 257 422 515 564 721 911 879 826 357 365 515 816 522 633 166 278 586 712 501 726 514 1083 277 391 426 701 1692 525 1256 763 831 244 541 699 370 782 717 729 976 508 261 692 586 378 519 651 662 473 517 216 444 428 288 360 1040 846 506 959 485 519 551 777 713 1021 331 522 688 719 232 849 0 111 915 539 540 709 843 897 518
269 480 276 264 396 489 539 695 885 854 800 363 340 522 791 496 639 172 253 593 687 507 701 489 1090 251 366 401 676 1698 499 1254 737 806 219 543 674 377 757 692 704 982 482 236 667 560 384 494 626 637 479 492 223 450 434 294 367 1015 853 512 934 460 526 526 752 688 1028 306 496 663 694 239 823 111 0 890 545 546 684 818 871 516
1039 994 652 1033 911 1003 1053 271 216 743 199 615 609 448 680 1011 600 839 710 676 327 748 354 1003 1819 765 880 915 257 2105 1014 1768 351 194 733 432 304 702 225 284 284 1712 996 750 290 1074 957 1008 321 526 494 1006 793 1180 531 665 618 680 1582 740 781 974 1112 1040 220 279 1757 820 1010 283 340 853 221 915 890 0 706 1093 272 226 485 1030
655 921 579 649 838 930 980 512 702 389 617 268 536 375 326 938 247 600 637 202 503 117 517 930 1475 693 807 842 492 1794 941 1647 553 622 660 359 490 563 573 508 520 1367 923 677 483 1001 573 935 442 229 384 933 409 836 339 481 545 550 1238 122 470 901 911 967 568 504 1413 747 937 479 510 666 640 539 545 706 0 931 500 634 654 909
510 516 479 504 228 334 384 898 1088 1056 1003 810 542 762 993 532 914 527 456 990 889 954 904 525 996 382 401 219 878 1604 344 944 940 1009 407 745 876 732 959 894 906 888 518 373 869 405 624 489 828 840 807 337 669 356 844 695 649 1217 759 959 1137 305 51 457 954 890 934 318 532 865 896 542 1026 600 578 1093 992 0 886 1020 1074 144
832 788 445 827 704 797 847 103 267 537 182 408 403 242 474 804 394 633 503 470 121 541 148 797 1613 559 673 709 83 1899 807 1562 145 188 527 226 97 496 139 99 111 1506 790 544 84 868 751 802 115 320 287 800 587 974 325 459 412 473 1376 534 574 768 906 834 133 95 1551 614 804 77 134 647 205 709 684 272 500 886 0 200 279 824
966 922 579 961 838 931 981 198 231 671 196 542 537 376 608 938 528 767 637 604 255 675 282 931 1747 693 807 843 185 2033 941 1696 279 202 661 360 231 630 153 212 211 1640 924 678 218 1002 885 936 249 454 421 934 721 1108 459 593 546 607 1510 668 708 902 1040 968 148 207 1685 748 938 211 268 781 219 843 818 226 634 1020 200 0 413 958
1020 975 633 1014 892 985 1034 290 480 295 395 596 590 430 372 992 548 820 691 624 308 695 335 984 1801 747 861 896 271 1651 995 1749 175 401 714 413 285 683 352 287 298 1693 977 731 271 1055 938 989 302 507 475 987 775 1161 512 646 599 225 1564 688 326 955 1094 1021 347 283 1738 801 991 264 321 835 418 897 871 485 654 1074 279 413 0 1011
448 454 417 442 166 272 322 836 1026 994 941 748 480 699 931 470 851 465 393 927 827 891 841 462 933 319 339 157 816 1542 282 882 877 946 345 683 814 670 897 832 844 826 456 311 807 343 562 427 766 777 745 275 607 294 782 633 586 1155 696 897 1074 242 164 395 892 828 871 256 470 803 834 479 964 538 516 1030 929 144 824 958 1011 0
EOF