NAME : tsp_problem
TYPE : TSP
DIMENSION : 60
EDGE_WEIGHT_TYPE : EXPLICIT
EDGE_WEIGHT_FORMAT : FULL_MATRIX
EDGE_WEIGHT_SECTION
0 95 206 701 526 832 514 812 512 511 887 779 488 887 271 811 72 509 524 490 854 709 522 523 339 622 840 1018 1028 502 335 362 1006 831 338 503 265 498 985 859 217 712 774 571 80 193 966 255 843 523 125 735 1112 479 696 902 542 362 248 796
95 0 229 684 496 815 536 796 535 494 870 762 510 871 294 794 95 480 546 512 837 692 492 494 309 605 823 1007 1018 516 306 384 1028 853 308 473 236 468 1008 842 239 695 757 593 102 215 988 277 832 545 148 724 1101 501 680 885 565 384 219 779
206 229 0 529 690 660 604 641 341 397 716 607 579 716 164 639 206 673 615 318 682 537 685 687 435 451 668 846 857 593 499 190 1096 921 434 666 429 661 1076 687 350 540 602 399 159 86 1057 389 671 351 216 563 940 570 525 730 633 257 412 624
701 684 529 0 804 197 896 178 230 235 278 144 921 278 658 202 700 788 886 534 219 99 800 802 492 288 205 466 476 824 614 377 1551 1376 491 781 544 776 1531 224 647 103 139 470 653 580 1512 611 515 500 710 407 741 1025 87 267 1088 751 527 161
526 496 690 804 0 935 542 916 667 615 991 883 567 991 755 915 544 319 532 971 958 812 289 119 430 726 944 1128 1138 470 260 815 1197 1022 429 98 291 94 1177 963 460 816 877 908 564 677 1158 424 952 938 609 844 1222 671 800 1006 734 845 325 900
832 815 660 197 935 0 1027 177 361 366 409 155 1052 409 789 333 831 919 1017 665 178 188 931 933 623 420 193 597 607 955 745 508 1682 1507 622 912 675 907 1662 173 778 195 150 601 784 711 1643 742 646 631 842 538 872 1156 190 189 1219 882 658 172
594 588 685 896 542 1027 0 1008 759 706 1083 974 55 1083 735 1006 594 335 41 969 1050 904 347 499 522 818 1036 1219 1230 154 328 840 943 768 521 519 383 514 923 1054 552 908 969 999 559 672 904 516 1044 1001 505 936 1313 417 892 1098 480 634 417 992
812 796 641 178 916 177 1008 0 342 346 390 136 1033 390 770 314 812 900 998 646 198 169 912 914 604 400 197 578 588 936 726 489 1663 1488 602 893 656 888 1643 194 759 176 131 582 765 692 1624 723 627 612 822 519 853 1137 171 209 1200 863 639 153
512 535 341 230 667 361 759 342 0 98 417 308 784 417 470 340 512 651 749 397 383 238 663 665 355 151 369 553 564 687 477 189 1402 1228 354 644 407 639 1382 388 510 241 303 333 465 392 1363 474 378 363 522 270 647 876 226 431 939 563 390 325
511 494 397 235 615 366 706 346 98 0 421 313 731 421 468 345 510 598 697 401 388 243 610 612 302 156 374 558 568 634 424 245 1361 1186 301 591 354 586 1341 393 457 246 308 338 463 390 1322 421 383 368 521 274 652 835 230 436 898 561 337 330
887 870 716 278 991 409 1083 390 417 421 0 356 1108 96 845 117 887 974 1073 708 431 286 987 988 678 475 418 237 248 1011 801 564 1738 1563 677 968 730 963 1718 436 834 289 351 644 840 767 1698 798 376 674 897 498 513 1212 274 479 1275 937 713 373
779 762 607 144 883 155 974 136 308 313 356 0 999 356 736 280 778 866 965 612 178 135 878 880 570 367 164 544 554 902 692 455 1629 1454 569 859 622 854 1609 182 725 143 97 548 731 658 1590 690 593 578 789 485 820 1103 137 226 1166 829 605 119
619 613 710 921 567 1052 55 1033 784 731 1108 999 0 1108 760 1031 618 359 66 993 1074 929 372 523 546 842 1060 1244 1255 179 353 865 968 793 545 543 407 538 948 1079 576 932 994 1024 584 697 929 540 1069 1026 530 961 1338 442 917 1122 505 659 442 1016
887 871 716 278 991 409 1083 390 417 421 96 356 1108 0 845 117 887 974 1073 720 431 286 987 988 678 475 418 263 274 1011 801 564 1738 1563 677 968 730 963 1718 436 834 289 351 657 840 767 1698 798 402 687 897 524 539 1212 274 479 1275 937 713 373
271 294 164 658 755 789 654 770 470 468 845 736 629 845 0 768 271 738 665 448 812 666 750 752 500 580 798 975 986 643 564 319 1146 971 499 731 494 726 1126 816 415 670 731 528 224 111 1107 454 800 480 281 692 1070 620 654 860 683 186 477 753
811 794 639 202 915 333 1006 314 340 345 117 280 1031 117 768 0 810 898 997 644 355 210 910 912 602 399 341 305 316 934 724 487 1661 1486 601 891 654 886 1641 360 757 213 275 580 763 690 1622 722 444 610 821 517 581 1135 197 403 1198 861 637 297
72 95 206 700 544 831 513 812 512 510 887 778 488 887 271 810 0 527 524 490 854 708 539 541 357 622 840 1017 1028 502 353 361 1005 830 356 520 283 515 985 858 216 712 773 570 80 193 966 255 842 522 125 734 1112 479 696 902 542 361 266 795
509 480 673 788 319 919 335 900 651 598 974 866 359 974 738 898 527 0 325 955 941 796 163 222 413 709 927 1111 1121 262 219 798 989 815 412 278 274 273 969 946 443 799 861 891 547 660 950 407 936 921 551 827 1205 463 783 989 526 680 308 883
584 578 675 886 532 1017 41 998 749 697 1073 965 66 1073 725 997 584 325 0 959 1040 894 337 489 512 808 1026 1210 1220 144 318 831 934 759 511 509 373 504 914 1045 542 898 959 990 549 662 894 506 1034 992 495 926 1304 407 882 1088 470 624 407 982
490 512 318 534 971 665 888 646 397 401 708 612 863 720 448 644 490 955 898 0 687 542 967 969 658 301 673 576 587 877 781 256 1380 1205 657 948 711 943 1360 692 634 545 607 170 442 369 1341 672 401 122 500 293 670 854 530 735 917 540 694 629
854 837 682 219 958 178 1050 198 383 388 431 178 1074 431 812 355 854 941 1040 687 0 210 953 955 645 442 215 619 630 978 767 531 1705 1530 644 935 697 930 1684 195 801 218 172 624 806 733 1665 765 668 654 864 560 895 1178 212 210 1241 904 680 195
709 692 537 99 812 188 904 169 238 243 286 135 929 286 666 210 708 796 894 542 210 0 808 810 500 296 196 474 484 832 622 385 1559 1384 499 789 552 784 1539 215 655 111 130 478 661 588 1520 619 523 508 718 415 749 1033 95 258 1096 759 535 152
522 492 685 800 289 931 347 912 663 610 987 878 372 987 750 910 539 163 337 967 953 808 0 192 426 722 940 1123 1134 275 232 810 1002 827 424 248 287 243 982 958 455 811 873 903 559 672 962 420 948 933 563 840 1217 476 796 1001 539 693 321 895
523 494 687 802 119 933 499 914 665 612 988 880 523 988 752 912 541 222 489 969 955 810 192 0 427 723 941 1125 1135 427 257 812 1154 979 426 78 288 73 1134 960 457 813 875 905 561 674 1114 421 950 935 606 842 1219 627 798 1003 691 842 323 897
339 309 435 492 430 623 522 604 355 302 678 570 546 678 500 602 357 413 512 658 645 500 426 427 0 413 631 815 825 450 239 502 1177 1002 116 407 169 402 1157 650 273 503 565 595 376 422 1137 237 640 625 422 531 909 650 487 693 714 593 152 587
622 605 451 288 726 420 818 400 151 156 475 367 842 475 580 399 622 709 808 301 442 296 722 723 413 0 428 457 467 746 535 299 1473 1298 412 703 465 698 1453 447 569 300 361 237 575 502 1433 533 282 267 632 173 551 946 284 490 1010 672 448 384
840 823 668 205 944 193 1036 197 369 374 418 164 1060 418 798 341 840 927 1026 673 215 196 940 941 631 428 0 605 616 964 753 517 1691 1516 630 921 683 916 1671 210 787 204 158 610 792 720 1651 751 654 640 850 546 881 1164 198 226 1228 890 666 181
1018 1007 846 466 1128 597 1219 578 553 558 237 544 1244 263 975 305 1017 1111 1210 576 619 474 1123 1125 815 457 605 0 109 1147 937 700 1874 1699 814 1104 867 1099 1854 624 970 477 539 513 970 897 1835 935 245 543 1028 366 382 1348 461 667 1411 1068 850 561
1028 1018 857 476 1138 607 1230 588 564 568 248 554 1255 274 986 316 1028 1121 1220 587 630 484 1134 1135 825 467 616 109 0 1158 948 711 1885 1710 824 1115 877 1110 1865 634 981 488 549 523 981 908 1845 945 255 553 1038 377 392 1359 472 678 1422 1079 860 571
522 516 613 824 470 955 154 936 687 634 1011 902 179 1011 663 934 522 262 144 897 978 832 275 427 450 746 964 1147 1158 0 256 768 871 696 449 447 311 442 851 982 479 836 897 927 487 600 832 444 972 929 433 864 1241 345 820 1026 408 562 345 919
335 306 499 614 260 745 328 726 477 424 801 692 353 801 564 724 353 219 318 781 767 622 232 257 239 535 753 937 948 256 0 624 983 808 238 236 100 231 963 772 269 625 687 717 373 486 943 233 762 747 418 654 1031 457 610 815 520 654 135 709
362 384 190 377 815 508 760 489 189 245 564 455 734 564 319 487 361 798 770 256 531 385 810 812 502 299 517 700 711 748 624 0 1252 1077 501 791 554 786 1232 535 505 389 450 337 314 241 1212 544 525 289 372 417 794 725 373 579 789 412 537 472
974 996 1065 1553 1198 1684 884 1665 1371 1363 1739 1631 859 1739 1115 1663 974 991 895 1349 1706 1561 1003 1155 1178 1474 1692 1876 1886 873 984 1221 0 347 1177 1175 1039 1170 502 1711 1118 1564 1626 1429 939 1052 483 1157 1701 1382 885 1592 1970 657 1548 1754 748 1014 1073 1648
799 822 890 1378 1024 1509 709 1490 1196 1188 1564 1456 684 1564 940 1488 799 816 720 1174 1531 1386 828 980 1003 1299 1517 1701 1711 698 809 1046 347 0 1002 1000 864 995 224 1536 943 1389 1451 1255 764 877 204 982 1526 1207 710 1418 1795 482 1373 1579 573 840 898 1473
338 308 434 491 429 622 521 602 354 301 677 569 545 677 499 601 356 412 511 657 644 499 424 426 116 412 630 814 824 449 238 501 1176 1001 0 406 168 401 1156 649 272 502 564 594 375 421 1136 236 639 624 421 530 908 649 486 692 712 592 151 586
503 473 666 781 98 912 519 893 644 591 968 859 543 968 731 891 520 278 509 948 935 789 248 78 407 703 921 1104 1115 447 236 791 1174 999 406 0 268 53 1154 939 436 793 854 884 540 653 1134 401 929 914 585 821 1198 647 777 983 711 822 302 876
265 236 429 544 291 675 383 656 407 354 730 622 407 730 494 654 283 274 373 711 697 552 287 288 169 465 683 867 877 311 100 554 1038 863 168 268 0 263 1018 702 199 555 617 647 303 416 998 163 692 677 348 584 961 511 539 745 575 584 64 639
498 468 661 776 94 907 514 888 639 586 963 854 538 963 726 886 515 273 504 943 930 784 243 73 402 698 916 1099 1110 442 231 786 1169 994 401 53 263 0 1149 934 432 788 849 879 535 648 1129 396 924 909 580 816 1193 642 772 978 706 817 297 872
954 976 1045 1533 1178 1664 864 1644 1351 1343 1719 1611 839 1719 1095 1643 954 971 875 1329 1686 1541 983 1135 1158 1454 1672 1856 1866 853 964 1200 502 224 1157 1155 1019 1150 0 1691 1098 1544 1606 1409 919 1032 201 1136 1681 1362 865 1572 1950 637 1528 1734 728 994 1053 1628
859 842 687 224 963 173 1054 194 388 393 436 182 1079 436 816 360 858 946 1045 692 195 215 958 960 650 447 210 624 634 982 772 535 1709 1534 649 939 702 934 1689 0 805 222 177 628 811 738 1670 770 673 658 869 565 900 1183 217 205 1246 909 685 199
217 239 350 647 460 778 552 759 510 457 834 725 576 834 415 757 216 443 542 634 801 655 455 457 273 569 787 970 981 479 269 505 1149 974 272 436 199 432 1129 805 0 659 720 714 224 337 1110 267 795 666 269 687 1064 623 643 849 686 505 182 743
712 695 540 103 816 195 908 176 241 246 289 143 932 289 670 213 712 799 898 545 218 111 811 813 503 300 204 477 488 836 625 389 1563 1388 502 793 555 788 1542 222 659 0 137 482 664 591 1523 623 526 512 722 418 753 1036 99 266 1099 762 538 160
774 757 602 139 877 150 969 131 303 308 351 97 994 351 731 275 773 861 959 607 172 130 873 875 565 361 158 539 549 897 687 450 1624 1449 564 854 617 849 1604 177 720 137 0 543 726 653 1585 684 588 573 783 480 814 1098 132 220 1161 824 600 114
571 593 399 470 908 601 969 582 333 338 644 548 943 657 528 580 570 891 979 170 624 478 903 905 595 237 610 513 523 927 717 337 1461 1286 594 884 647 879 1441 628 714 482 543 0 523 450 1421 715 338 202 581 229 607 934 466 672 998 621 630 566
80 102 159 653 564 784 478 765 465 463 840 731 453 840 224 763 80 547 489 442 806 661 559 561 376 575 792 970 981 467 373 314 970 795 375 540 303 535 950 811 224 664 726 523 0 146 931 263 795 475 90 687 1064 444 649 854 507 316 286 748
193 215 86 580 677 711 591 692 392 390 767 658 566 767 111 690 193 660 602 369 733 588 672 674 422 502 720 897 908 580 486 241 1083 908 421 653 416 648 1063 738 337 591 653 450 146 0 1044 376 722 402 203 614 991 557 576 781 620 204 399 675
935 957 1026 1513 1159 1644 845 1625 1332 1323 1700 1591 819 1700 1076 1623 934 952 855 1309 1667 1521 964 1116 1139 1435 1653 1836 1847 833 945 1181 483 204 1138 1136 1000 1131 201 1671 1079 1525 1586 1390 900 1013 0 1117 1661 1342 846 1553 1930 617 1509 1715 709 975 1034 1609
255 277 389 611 424 742 516 723 474 421 798 690 540 798 454 722 255 407 506 672 765 619 420 421 237 533 751 935 945 444 233 544 1171 996 236 401 163 396 1151 770 267 623 684 715 263 376 1131 0 759 705 308 651 1029 644 607 813 708 544 146 707
843 832 671 515 952 646 1044 627 378 383 376 593 1069 402 800 444 842 936 1034 401 668 523 948 950 640 282 654 245 255 972 762 525 1699 1524 639 929 692 924 1679 673 795 526 588 338 795 722 1660 759 0 367 853 191 339 1173 511 716 1236 893 675 610
523 545 351 500 938 631 921 612 363 368 674 578 895 687 480 610 522 921 931 122 654 508 933 935 625 267 640 543 553 909 747 289 1413 1238 624 914 677 909 1393 658 666 512 573 202 475 402 1373 705 367 0 533 259 637 887 496 702 950 573 660 596
125 148 216 710 609 842 424 822 522 521 897 789 399 897 281 821 125 531 435 500 864 718 543 606 422 632 850 1028 1038 413 418 372 916 741 421 585 348 580 896 869 269 722 783 581 90 203 877 308 853 533 0 744 1122 390 706 912 453 273 331 806
735 724 563 407 844 538 936 519 270 274 498 485 961 524 692 517 734 827 926 293 560 415 840 842 531 173 546 366 377 864 654 417 1591 1416 530 821 584 816 1571 565 687 418 480 229 687 614 1552 651 191 259 744 0 460 1065 402 608 1128 785 567 502
1112 1101 940 741 1222 872 1313 853 647 652 513 820 1338 539 1070 581 1112 1205 1304 670 895 749 1217 1219 909 551 881 382 392 1241 1031 794 1944 1793 908 1198 961 1193 1948 900 1064 753 814 607 1064 991 1929 1029 339 637 1122 460 0 1442 737 943 1505 1162 944 837
448 470 539 1026 672 1157 358 1138 845 836 1213 1105 332 1213 589 1137 448 465 368 823 1180 1034 477 629 652 948 1166 1350 1360 346 458 694 657 482 651 649 513 644 637 1184 592 1038 1099 903 413 526 617 630 1174 855 359 1066 1444 0 1022 1228 222 488 547 1122
696 680 525 87 800 190 892 171 226 230 274 137 917 274 654 197 696 783 882 530 212 95 796 798 487 284 198 461 472 820 610 373 1547 1372 486 777 539 772 1527 217 643 99 132 466 649 576 1507 607 511 496 706 402 737 1021 0 260 1084 747 523 154
902 885 730 267 1006 189 1098 209 431 436 479 226 1122 479 860 403 902 989 1088 735 210 258 1001 1003 693 490 226 667 678 1026 815 579 1753 1578 692 983 745 978 1732 205 849 266 220 672 854 781 1713 813 716 702 912 608 943 1226 260 0 1289 952 728 225
621 643 712 1199 845 1330 531 1311 1018 1009 1386 1277 505 1386 762 1309 620 637 541 995 1353 1207 650 802 825 1121 1339 1522 1533 519 631 867 570 395 824 822 686 817 550 1357 765 1211 1272 1076 586 699 531 803 1347 1028 532 1239 1616 303 1195 1401 0 661 720 1295
362 384 257 751 845 882 554 863 563 561 937 829 528 937 186 861 361 660 564 540 904 759 673 825 593 672 890 1068 1079 542 654 412 1046 871 592 822 584 817 1026 909 505 762 824 621 316 204 1006 544 893 573 273 785 1162 519 747 952 583 0 567 846
248 219 412 527 325 658 417 639 390 337 713 605 442 713 477 637 266 308 407 694 680 535 321 323 152 448 666 850 860 345 135 537 1072 897 151 302 64 297 1052 685 182 538 600 630 286 399 1032 146 675 660 331 567 944 546 523 728 609 567 0 622
796 779 624 161 900 172 992 153 325 330 373 119 1016 373 753 297 795 883 982 629 195 152 895 897 587 384 181 561 571 919 709 472 1646 1472 586 876 639 872 1626 199 743 160 114 566 748 675 1607 707 610 596 806 502 837 1120 154 225 1183 846 622 0
EOF