NAME : tsp_problem
TYPE : TSP
DIMENSION : 88
EDGE_WEIGHT_TYPE : EXPLICIT
EDGE_WEIGHT_FORMAT : FULL_MATRIX
EDGE_WEIGHT_SECTION
0 365 609 536 625 526 913 589 1230 355 545 458 599 721 534 542 273 573 121 529 198 276 566 835 215 569 558 571 536 465 702 385 546 246 563 253 522 414 399 1101 548 195 703 781 364 620 639 682 787 485 280 736 551 364 783 553 687 1057 523 449 548 557 498 540 536 792 610 534 136 124 450 445 679 564 786 189 568 527 457 778 783 192 1343 584 540 282 527 747
365 0 713 698 787 415 1075 269 909 163 707 328 761 400 696 221 309 735 284 691 360 145 728 997 199 731 720 733 698 569 590 547 708 408 725 415 411 450 561 780 711 358 382 944 43 782 386 845 949 589 316 898 714 44 462 715 366 1219 685 319 227 719 367 703 698 954 773 638 298 286 554 314 841 726 948 226 731 690 561 457 945 229 1022 263 219 444 206 909
609 713 0 444 533 410 815 721 1239 704 453 807 507 730 437 758 621 482 528 437 604 624 474 738 563 477 467 473 445 217 509 294 454 436 471 443 405 297 308 1110 457 602 711 690 712 529 522 585 695 238 628 638 454 713 791 461 696 960 426 798 896 465 846 449 444 700 519 286 542 531 202 793 582 472 694 537 477 436 209 786 692 540 1351 715 762 472 875 655
536 698 444 0 184 774 523 923 1564 689 103 792 157 1055 368 875 606 132 455 87 531 609 124 626 548 128 117 405 95 581 873 219 105 363 122 370 770 662 233 1435 107 529 1036 340 697 179 887 517 346 602 613 527 385 698 1116 112 1021 848 357 783 881 116 831 99 95 350 169 651 469 457 567 778 513 123 345 522 127 86 574 1111 342 525 1676 917 873 399 860 305
625 787 533 184 0 863 611 1012 1653 778 192 881 101 1144 457 964 695 221 544 176 620 698 213 715 637 216 98 494 184 670 962 308 194 451 210 459 859 750 322 1523 196 617 1125 283 786 122 976 605 289 691 702 616 474 787 1205 201 1110 937 446 872 970 205 920 188 184 294 112 739 558 546 656 867 602 212 288 611 108 175 662 1200 285 614 1765 1006 962 488 949 249
526 395 410 774 863 0 1145 364 882 514 783 656 837 373 766 401 471 811 445 767 521 474 804 1067 413 807 796 803 774 265 229 623 784 484 801 491 49 147 637 753 786 519 354 1019 394 858 166 915 1025 286 478 968 784 394 435 791 339 1289 755 647 578 795 696 779 774 1030 848 334 459 448 251 643 911 802 1024 387 807 765 257 430 1021 390 995 359 405 520 557 985
913 1075 815 523 611 1145 0 1300 1941 1066 531 1169 585 1432 464 1252 983 560 832 515 908 986 552 320 925 556 545 501 523 952 1244 596 533 739 549 747 1141 1033 610 1811 535 905 1413 768 1074 607 1258 300 774 973 990 221 482 1075 1493 540 1397 542 453 1160 1258 544 1208 527 523 778 597 1022 846 834 938 1155 309 551 773 899 555 514 945 1488 770 902 2053 1294 1250 776 1237 733
589 269 841 923 1012 485 1300 0 979 388 931 553 985 470 921 78 534 960 508 916 584 370 953 1222 423 956 945 958 923 697 660 772 933 633 950 640 481 578 786 850 935 582 452 1168 268 1007 456 1069 1174 717 541 1122 938 268 532 940 436 1444 910 544 452 944 592 927 923 1178 997 766 522 511 682 539 1066 951 1173 450 955 914 689 527 1170 453 1092 35 82 669 430 1133
1232 911 1208 1565 1654 851 1942 881 0 1030 1574 1195 1628 696 1563 917 1176 1602 1151 1558 1227 1012 1595 1864 1066 1598 1587 1600 1565 1063 1027 1414 1575 1275 1592 1282 847 945 1428 415 1578 1225 677 1811 910 1649 822 1712 1816 1084 1183 1765 1581 911 786 1582 662 2086 1552 1186 1094 1586 1234 1570 1565 1821 1640 1132 1165 1153 1049 1181 1708 1593 1815 1093 1598 1557 1055 781 1812 1096 218 875 921 1311 1073 1776
355 163 704 689 778 534 1066 388 1029 0 697 319 751 520 687 340 300 726 274 681 350 136 718 988 189 722 711 724 689 559 710 538 699 398 716 406 530 441 552 900 701 348 501 934 162 773 505 835 940 580 307 888 704 163 581 706 486 1210 676 310 346 710 358 693 689 944 763 628 288 277 545 305 832 717 939 216 721 680 551 576 936 219 1141 382 338 435 325 899
545 707 453 103 192 783 531 931 1572 697 0 800 166 1063 377 884 615 140 463 96 540 618 133 635 557 136 125 414 103 590 882 228 113 371 130 378 778 670 242 1443 116 537 1045 349 706 187 895 525 354 611 622 536 394 706 1125 120 1029 857 366 791 890 124 840 108 103 359 178 659 478 466 576 787 522 131 353 531 136 95 582 1120 350 534 1685 926 882 407 869 314
458 328 807 792 881 656 1169 553 1194 319 800 0 854 685 790 505 403 829 377 785 453 239 822 1091 292 825 814 827 792 662 832 641 802 501 819 509 652 544 655 1065 804 451 666 1037 327 876 670 938 1043 683 410 991 807 328 746 809 651 1313 779 84 220 813 132 796 792 1047 866 731 391 380 648 79 935 820 1042 319 824 783 654 741 1039 322 1306 547 503 538 199 1002
599 761 507 157 101 837 585 985 1626 751 166 854 0 1117 431 938 669 194 517 150 593 671 187 689 611 190 71 468 157 644 936 282 167 425 184 432 832 724 296 1497 169 591 1098 257 760 96 949 579 263 664 676 590 448 760 1179 174 1083 911 420 845 944 178 894 162 157 267 86 713 531 520 629 840 576 185 262 585 82 148 636 1174 259 588 1739 980 936 461 923 222
723 402 699 1056 1145 342 1433 372 696 521 1065 686 1119 0 1054 408 667 1093 642 1049 718 503 1086 1355 557 1089 1078 1091 1056 554 518 905 1066 766 1083 773 338 436 920 567 1069 716 69 1302 401 1140 313 1203 1307 575 675 1256 1072 402 277 1073 83 1577 1043 677 585 1077 725 1061 1056 1312 1131 623 656 644 540 672 1199 1084 1306 584 1089 1048 546 272 1303 587 809 366 412 802 564 1267
534 696 437 368 457 766 464 921 1562 687 377 790 431 1053 0 873 604 405 453 361 529 607 398 386 546 401 390 122 368 574 865 217 378 361 395 368 762 654 231 1433 380 527 1034 613 695 452 879 234 619 594 611 287 103 696 1114 385 1019 608 74 781 879 389 829 373 368 624 443 643 467 455 559 776 230 396 618 520 401 359 566 1109 615 523 1674 915 871 397 858 579
542 221 794 875 964 437 1252 78 932 340 884 505 938 423 873 0 486 912 461 868 537 322 905 1174 376 908 897 910 875 649 613 724 885 585 902 592 433 531 738 803 887 534 404 1120 220 959 408 1022 1126 670 493 1075 890 220 484 892 389 1396 862 496 404 896 544 880 875 1131 950 718 475 463 635 491 1018 903 1125 403 908 866 641 479 1122 405 1044 72 34 621 383 1086
273 309 621 606 695 471 983 534 1175 300 615 403 669 666 604 486 0 643 191 599 268 220 636 905 159 639 628 641 606 476 646 455 616 316 633 323 466 358 469 1046 618 265 647 851 308 690 583 752 857 497 224 806 621 309 727 623 632 1127 593 394 492 627 442 610 606 862 680 545 206 194 462 389 749 634 856 133 638 597 468 722 853 136 1287 528 484 352 471 817
573 735 482 132 221 811 560 960 1601 726 140 829 194 1092 405 912 643 0 492 125 568 646 162 664 585 165 154 442 132 619 910 257 142 400 159 407 807 699 271 1472 144 566 1073 377 735 216 924 554 383 639 650 564 423 735 1154 149 1058 886 394 820 918 153 868 136 132 387 206 688 506 495 604 815 550 160 382 560 164 123 611 1149 379 563 1713 954 910 436 897 342
121 284 528 455 544 445 832 508 1149 274 463 377 517 640 453 461 191 492 0 448 116 194 485 754 134 488 477 490 455 383 621 304 465 165 482 172 441 333 318 1020 467 114 621 700 283 539 558 601 706 404 199 654 470 283 702 472 606 976 442 368 467 476 416 459 455 710 529 453 54 43 369 363 598 483 705 108 487 446 376 697 702 111 1262 503 458 201 445 665
529 691 437 87 176 767 515 916 1557 681 96 785 150 1048 361 868 599 125 448 0 524 602 117 619 541 120 110 398 88 574 866 212 97 355 114 363 763 654 226 1427 100 521 1029 333 690 172 880 509 338 595 606 520 378 691 1109 104 1013 841 350 776 874 108 824 92 87 343 162 643 462 450 560 771 506 115 337 515 120 79 566 1104 335 518 1669 910 866 392 853 298
198 360 604 531 620 521 908 584 1225 350 540 453 593 716 529 537 268 568 116 524 0 271 561 830 210 564 553 566 531 460 697 380 541 241 558 248 517 409 394 1096 543 190 697 776 359 615 634 677 782 480 275 731 546 359 778 548 682 1052 518 444 543 552 493 535 531 786 605 529 131 119 445 440 674 559 781 184 563 522 452 773 778 187 1338 579 535 277 522 741
276 145 624 609 698 474 986 370 1011 136 618 239 671 502 607 322 220 646 194 602 271 0 639 908 110 642 631 644 609 479 649 458 619 319 636 326 469 361 472 882 621 268 483 854 145 693 488 755 860 500 227 809 624 145 564 626 468 1130 596 230 328 630 278 613 609 864 683 548 209 197 465 225 752 637 859 136 641 600 471 558 856 139 1123 364 320 355 307 820
566 728 474 124 213 804 552 953 1594 718 133 822 187 1085 398 905 636 162 485 117 561 639 0 656 578 157 147 435 125 611 903 249 134 392 151 400 800 691 263 1464 137 558 1066 370 727 209 917 546 375 632 643 557 415 728 1146 141 1050 878 387 813 911 145 861 129 124 380 199 680 499 487 597 808 543 153 374 552 157 116 603 1141 372 555 1706 947 903 429 890 335
835 997 738 626 715 1067 320 1222 1863 988 635 1091 689 1354 386 1174 905 664 754 619 830 908 656 0 847 659 648 423 627 875 1166 518 636 662 653 669 1063 955 532 1734 639 828 1335 872 996 711 1180 222 877 895 912 143 404 997 1415 643 1320 247 375 1082 1180 647 1130 631 626 882 701 944 768 756 860 1077 231 654 876 821 659 618 867 1410 873 824 1975 1216 1172 698 1159 837
215 199 563 548 637 413 925 423 1064 189 557 292 611 555 546 376 159 585 134 541 210 110 578 847 0 581 570 583 548 418 588 397 558 258 575 265 408 300 411 935 560 207 536 793 198 632 525 695 799 439 166 748 563 198 617 565 521 1069 535 283 382 569 332 553 548 804 623 488 148 136 404 279 691 576 798 75 581 539 411 612 795 78 1177 418 374 294 361 759
569 731 477 128 216 807 556 956 1597 722 136 825 190 1088 401 908 639 165 488 120 564 642 157 659 581 0 150 438 128 614 906 252 138 396 155 403 803 694 266 1468 140 562 1069 373 730 212 920 550 379 635 646 560 418 731 1149 145 1054 881 390 816 914 149 864 132 128 383 202 684 502 490 600 811 546 156 378 555 160 119 606 1144 375 558 1709 950 906 432 893 338
558 720 467 117 98 796 545 945 1586 711 125 814 71 1077 390 897 628 154 477 110 553 631 147 648 570 150 0 427 117 604 895 241 127 385 144 392 792 684 255 1457 129 551 1058 254 720 93 909 539 260 624 635 549 408 720 1139 134 1043 871 379 805 903 138 853 121 117 265 83 673 491 480 589 800 535 145 259 545 41 108 596 1133 256 547 1698 939 895 421 882 220
571 733 473 405 494 803 501 958 1599 724 414 827 468 1090 122 910 641 442 490 398 566 644 435 423 583 438 427 0 405 611 902 254 415 398 432 405 799 691 268 1470 417 564 1071 650 732 489 916 271 656 631 648 324 140 733 1151 422 1056 645 111 818 916 426 866 410 405 661 479 680 504 492 596 813 267 433 655 557 438 396 603 1146 652 560 1711 952 908 434 895 616
536 698 445 95 184 774 523 923 1564 689 103 792 157 1055 368 875 606 132 455 88 531 609 125 627 548 128 117 405 0 582 873 220 105 363 122 370 770 662 234 1435 107 529 1036 340 698 179 887 517 346 602 613 527 386 698 1117 112 1021 849 357 783 881 116 831 99 95 350 169 651 469 458 567 778 513 123 345 523 127 86 574 1112 342 526 1676 917 873 399 860 305
465 569 217 581 670 265 952 576 1094 559 590 662 644 585 574 613 476 619 383 574 460 479 611 875 418 614 604 611 582 0 364 431 591 291 608 298 261 152 445 965 594 457 566 827 568 666 378 722 832 93 484 775 591 568 647 598 551 1097 563 653 752 602 701 586 581 837 656 142 398 386 58 648 719 610 831 393 614 573 64 642 829 396 1207 571 617 327 730 792
702 570 509 873 962 229 1244 540 1058 690 882 832 936 549 865 577 646 910 621 866 697 649 903 1166 588 906 895 902 873 364 0 722 883 583 900 590 224 322 736 929 886 694 530 1119 569 957 341 1014 1124 385 653 1067 883 570 610 890 515 1388 854 823 753 894 871 878 873 1129 948 433 635 623 350 818 1010 901 1123 562 906 865 356 605 1120 565 1170 534 581 619 732 1084
385 547 294 219 308 623 596 772 1413 538 228 641 282 904 217 724 455 257 304 212 380 458 249 518 397 252 241 254 220 431 722 0 229 212 246 219 619 511 83 1284 232 378 885 465 547 304 736 366 470 451 462 419 235 547 966 236 870 740 206 632 730 240 680 224 219 475 294 500 318 307 416 627 362 247 469 372 252 211 423 961 466 375 1525 766 722 248 709 430
546 708 454 105 194 784 533 933 1574 699 113 802 167 1065 378 885 616 142 465 97 541 619 134 636 558 138 127 415 105 591 883 229 0 373 132 380 780 671 243 1445 117 539 1046 350 707 189 897 527 356 612 623 537 395 708 1126 122 1031 858 367 793 891 126 841 109 105 360 179 661 479 467 577 788 523 133 355 532 137 96 584 1121 352 535 1686 927 883 409 870 315
246 408 436 363 451 484 739 633 1273 398 371 501 425 765 361 585 316 400 165 355 241 319 392 662 258 396 385 398 363 291 583 212 373 0 390 80 480 371 226 1144 375 238 746 608 407 447 597 509 614 312 323 562 378 408 826 380 730 884 350 492 591 384 541 367 363 618 437 360 179 167 277 488 506 391 613 232 395 354 283 821 610 235 1386 627 583 108 570 573
563 725 471 122 210 801 549 950 1591 716 130 819 184 1082 395 902 633 159 482 114 558 636 151 653 575 155 144 432 122 608 900 246 132 390 0 397 797 688 260 1462 134 556 1063 367 724 206 914 544 373 629 640 554 412 725 1143 139 1048 875 384 810 908 143 858 126 122 377 196 678 496 484 594 805 540 150 372 549 154 113 600 1138 369 552 1703 944 900 426 887 332
253 415 443 370 459 491 747 640 1281 406 378 509 432 772 368 592 323 407 172 363 248 326 400 669 265 403 392 405 370 298 590 219 380 80 397 0 487 378 233 1152 382 245 753 615 414 454 604 516 621 319 330 569 385 415 833 387 738 891 357 500 598 391 548 374 370 625 444 368 186 174 284 495 513 398 620 239 402 361 290 828 617 242 1393 634 590 116 577 580
522 391 405 770 859 49 1141 360 878 510 778 652 832 369 762 397 466 807 441 763 517 469 800 1063 408 803 792 799 770 261 224 619 780 480 797 487 0 142 633 749 782 515 350 1015 390 854 161 910 1021 281 474 964 779 390 431 787 335 1285 751 643 574 791 691 774 770 1025 844 330 455 443 246 638 907 798 1020 383 802 761 253 426 1017 386 990 355 401 516 552 980
414 450 297 662 750 147 1033 458 976 441 670 544 724 467 654 495 358 699 333 654 409 361 691 955 300 694 684 691 662 152 322 511 671 371 688 378 142 0 525 847 674 406 448 907 449 746 259 802 912 173 365 855 671 450 529 679 433 1177 643 535 633 682 583 666 662 917 736 222 347 335 138 530 799 690 911 274 694 653 145 523 909 277 1088 452 499 407 612 872
399 561 308 233 322 637 610 786 1427 552 242 655 296 918 231 738 469 271 318 226 394 472 263 532 411 266 255 268 234 445 736 83 243 226 260 233 633 525 0 1298 246 392 899 479 561 318 750 380 484 465 476 433 249 561 980 250 884 754 220 646 744 254 694 238 233 489 308 514 332 321 430 641 376 261 483 386 266 225 437 975 480 389 1539 780 736 262 723 444
1103 782 1078 1436 1525 722 1813 751 415 901 1445 1066 1499 567 1434 788 1047 1473 1022 1429 1098 883 1466 1735 937 1469 1458 1471 1436 934 897 1285 1446 1146 1463 1153 718 815 1299 0 1448 1095 548 1681 781 1520 693 1583 1687 954 1054 1636 1451 781 657 1453 533 1957 1423 1057 965 1457 1105 1441 1436 1692 1510 1003 1036 1024 919 1052 1579 1464 1686 963 1469 1427 926 652 1683 966 527 746 792 1182 944 1647
548 711 457 107 196 786 535 935 1576 701 116 804 169 1067 380 887 618 144 467 100 543 621 137 639 560 140 129 417 107 594 886 232 117 375 134 382 782 674 246 1447 0 541 1048 352 710 191 899 529 358 614 626 539 398 710 1129 124 1033 861 370 795 894 128 843 111 107 362 181 663 481 470 579 790 526 135 357 535 139 98 586 1124 354 538 1689 930 885 411 872 318
195 358 602 529 617 519 905 582 1223 348 537 451 591 714 527 534 265 566 114 521 190 268 558 828 207 562 551 564 529 457 694 378 539 238 556 245 515 406 392 1094 541 0 695 774 357 613 632 675 780 478 273 728 544 357 776 546 680 1050 516 442 541 550 490 533 529 784 603 526 128 117 443 437 672 557 779 182 561 520 449 771 776 185 1335 577 532 274 519 739
704 383 680 1037 1126 323 1414 353 677 502 1046 667 1100 69 1035 390 648 1075 623 1030 699 484 1067 1336 538 1070 1059 1072 1038 535 499 887 1047 747 1064 754 319 417 901 548 1050 697 0 1283 382 1122 294 1184 1288 556 656 1237 1053 383 258 1054 64 1558 1024 658 566 1058 707 1042 1037 1293 1112 604 637 625 521 653 1180 1065 1287 565 1070 1029 527 253 1284 568 790 347 393 783 545 1248
781 944 690 340 283 1019 768 1168 1809 934 349 1037 257 1300 613 1120 851 377 700 333 776 854 370 872 793 373 254 650 340 827 1119 465 350 608 367 615 1015 907 479 1680 352 774 1281 0 943 279 1132 762 156 847 859 772 631 943 1362 357 1266 1094 603 1028 1127 361 1076 344 340 160 269 896 714 703 812 1023 759 368 155 768 265 331 819 1357 152 771 1922 1163 1118 644 1105 115
364 43 712 697 786 414 1074 268 909 162 706 327 760 400 695 220 308 735 283 690 359 145 727 996 198 730 720 732 698 568 589 547 707 407 724 414 410 449 561 779 710 357 381 943 0 782 385 844 948 588 316 897 713 43 461 714 365 1218 684 318 226 718 367 702 697 953 772 637 297 285 553 313 840 725 947 225 730 689 560 456 945 228 1021 262 218 443 205 908
620 782 529 179 122 858 607 1007 1648 773 187 876 96 1139 452 959 690 216 539 172 615 693 209 711 632 212 93 489 179 666 957 304 189 447 206 454 854 746 318 1519 191 613 1120 279 782 0 971 601 284 686 697 611 470 782 1201 196 1105 933 441 867 965 200 915 183 179 289 108 735 553 542 651 862 597 207 283 607 104 170 658 1196 280 610 1760 1001 957 483 944 244
626 305 654 959 1048 298 1336 274 792 424 968 589 1022 283 957 311 570 996 544 952 621 406 989 1258 460 992 981 994 959 509 473 808 969 669 986 676 293 391 822 663 971 618 264 1204 304 1043 0 1105 1210 530 577 1159 974 304 345 976 249 1480 946 580 488 980 628 963 959 1215 1033 579 559 547 495 575 1102 987 1209 486 991 950 502 340 1206 489 905 269 315 705 466 1170
682 845 585 517 605 915 300 1069 1710 835 525 938 579 1201 234 1022 752 554 601 509 677 755 546 222 695 550 539 271 517 722 1014 366 527 509 544 516 910 802 380 1581 529 675 1182 762 844 601 1027 0 768 743 760 123 251 844 1263 534 1167 444 223 929 1028 538 977 521 517 772 591 791 615 604 708 924 79 545 767 669 549 508 714 1258 764 672 1823 1064 1019 545 1006 727
787 949 695 346 289 1025 774 1174 1815 940 354 1043 263 1306 619 1126 857 383 706 338 782 860 375 877 799 379 260 656 346 832 1124 470 356 614 373 621 1021 912 484 1686 358 780 1287 156 948 284 1138 768 0 853 864 778 636 949 1367 363 1272 1099 608 1034 1132 367 1082 350 346 166 275 902 720 708 818 1029 764 374 160 773 270 337 824 1362 158 776 1927 1168 1124 650 1111 121
485 589 238 602 691 286 973 597 1115 580 611 683 664 606 594 634 497 639 404 595 480 500 632 895 439 635 624 631 602 93 385 451 612 312 629 319 281 173 465 986 614 478 587 847 588 686 398 743 853 0 504 796 611 589 667 619 572 1117 583 674 772 623 722 606 602 857 676 162 418 407 78 669 739 630 852 413 634 593 85 662 849 416 1227 591 638 348 751 813
280 316 628 613 702 478 990 541 1182 307 622 410 676 673 611 493 224 650 199 606 275 227 643 912 166 646 635 648 613 484 653 462 623 323 640 330 474 365 476 1053 626 273 654 859 316 697 591 760 864 504 0 813 629 316 735 630 639 1134 600 401 499 634 449 618 613 869 688 553 213 201 469 396 756 641 863 141 646 605 476 730 860 144 1294 535 491 359 478 824
736 898 638 527 616 968 221 1122 1763 888 536 991 590 1254 287 1075 806 564 654 520 731 809 557 143 748 560 549 324 527 775 1067 419 537 562 554 569 964 855 433 1634 539 728 1236 772 897 611 1081 123 778 796 813 0 304 897 1316 544 1220 365 276 982 1081 548 1031 532 527 783 601 844 669 657 761 978 132 555 777 722 560 518 767 1311 774 725 1876 1117 1073 598 1060 738
551 714 454 385 474 784 482 938 1579 704 394 807 448 1070 103 890 621 423 470 378 546 624 415 404 563 418 408 140 386 591 883 235 395 378 412 385 779 671 249 1450 398 544 1051 631 713 470 896 251 636 611 629 304 0 713 1132 402 1036 626 92 798 897 406 846 390 385 641 460 660 484 473 576 793 248 414 635 538 418 377 583 1127 633 541 1691 933 888 414 875 596
364 44 713 698 787 414 1075 268 909 163 706 328 760 400 696 220 309 735 283 691 359 145 728 997 198 731 720 733 698 568 590 547 708 408 725 415 410 450 561 780 710 357 381 943 43 782 386 844 949 589 316 897 713 0 462 715 366 1219 685 319 227 719 367 702 698 953 772 637 297 286 554 314 841 726 948 225 730 689 560 457 945 228 1021 263 218 444 205 908
1044 723 1020 1377 1466 663 1754 693 758 842 1386 1007 1440 508 1375 730 988 1415 963 1370 1039 824 1407 1676 878 1410 1399 1412 1378 875 839 1227 1387 1087 1404 1094 659 757 1241 629 1390 1037 489 1623 722 1462 634 1524 1628 896 996 1577 1393 723 0 1394 474 1898 1364 998 906 1398 1047 1382 1377 1633 1452 944 977 965 861 993 1520 1405 1627 905 1410 1369 867 77 1624 908 870 687 733 1123 885 1588
553 715 461 112 201 791 540 940 1581 706 120 809 174 1072 385 892 623 149 472 104 548 626 141 643 565 145 134 422 112 598 890 236 122 380 139 387 787 679 250 1452 124 546 1053 357 714 196 904 534 363 619 630 544 402 715 1133 0 1038 865 374 800 898 133 848 116 112 367 186 668 486 474 584 795 530 140 362 539 144 103 591 1128 359 542 1693 934 890 416 877 322
689 368 664 1022 1111 308 1399 337 662 487 1031 652 1085 83 1020 374 633 1059 608 1015 684 469 1052 1321 523 1055 1044 1057 1022 520 483 871 1032 732 1049 739 304 401 885 533 1034 681 64 1267 367 1106 279 1169 1273 540 640 1222 1037 367 243 1039 0 1543 1009 643 551 1043 691 1027 1022 1278 1097 589 622 610 505 638 1165 1050 1272 550 1055 1013 512 238 1269 552 774 332 378 768 530 1233
1043 1205 946 834 923 1275 528 1430 2071 1196 843 1299 897 1562 594 1382 1113 872 962 827 1038 1116 864 233 1055 867 857 631 835 1083 1374 726 844 870 861 877 1271 1163 740 1942 847 1036 1543 1080 1204 919 1388 430 1085 1103 1120 351 612 1205 1623 851 1528 0 583 1290 1388 855 1338 839 834 1090 909 1152 976 964 1068 1285 439 862 1084 1029 867 826 1075 1618 1082 1032 2183 1424 1380 906 1367 1045
523 685 426 357 446 755 453 910 1551 676 366 779 420 1042 74 862 593 394 442 350 518 596 387 375 535 390 379 111 357 563 854 206 367 350 384 357 751 643 220 1422 370 516 1023 603 684 441 868 223 608 583 600 276 92 685 1103 374 1008 598 0 770 868 378 818 362 357 613 432 632 456 444 548 765 219 385 607 509 390 348 555 1098 604 512 1663 904 860 386 847 568
449 319 798 783 872 647 1160 544 1185 310 791 84 845 676 781 496 394 820 368 776 444 230 813 1082 283 816 805 818 783 653 823 632 793 492 810 500 643 535 646 1055 795 442 657 1028 318 867 661 929 1034 674 401 982 798 319 737 800 642 1304 770 0 194 804 123 787 783 1038 857 722 382 371 639 53 926 811 1033 310 815 774 645 732 1030 313 1297 538 494 529 172 993
548 227 896 881 970 598 1258 452 1092 346 890 220 944 583 879 404 492 918 467 874 543 328 911 1180 382 914 903 916 881 752 773 730 891 591 908 598 594 633 744 963 894 541 565 1127 226 965 569 1028 1132 772 499 1081 897 227 645 898 549 1402 868 194 0 902 260 886 881 1137 956 821 481 469 737 189 1024 909 1131 409 914 873 744 640 1128 412 1205 446 402 627 44 1092
557 719 465 116 205 795 544 944 1585 710 124 813 178 1076 389 896 627 153 476 108 552 630 145 647 569 149 138 426 116 602 894 240 126 384 143 391 791 682 254 1456 128 550 1057 361 718 200 908 538 367 623 634 548 406 719 1137 133 1042 869 378 804 902 0 852 120 116 371 190 672 490 478 588 799 534 144 366 543 148 107 595 1132 363 546 1697 938 894 420 881 326
498 367 846 831 920 696 1208 592 1233 358 840 132 894 724 829 544 442 868 416 824 493 278 861 1130 332 864 853 866 831 701 871 680 841 541 858 548 691 583 694 1104 843 490 705 1076 367 915 710 977 1082 722 449 1031 846 367 786 848 690 1352 818 123 260 852 0 835 831 1087 905 770 431 419 687 119 974 859 1081 358 863 822 693 780 1078 361 1345 586 542 577 238 1042
540 703 449 99 188 779 527 927 1568 693 108 796 162 1059 373 880 610 136 459 92 535 613 129 631 553 132 121 410 99 586 878 224 109 367 126 374 774 666 238 1439 111 533 1040 344 702 183 891 521 350 606 618 532 390 702 1121 116 1025 853 362 787 886 120 835 0 99 355 173 655 473 462 571 782 518 127 349 527 132 90 578 1116 346 530 1681 922 878 403 864 310
536 698 444 95 184 774 523 923 1564 689 103 792 157 1055 368 875 606 132 455 87 531 609 124 626 548 128 117 405 95 581 873 219 105 363 122 370 770 662 233 1435 107 529 1036 340 697 179 887 517 346 602 613 527 385 698 1116 112 1021 848 357 783 881 116 831 99 0 350 169 651 469 457 567 778 513 123 345 522 127 86 574 1111 342 525 1676 917 873 399 860 305
792 954 700 350 294 1030 778 1178 1819 944 359 1047 267 1310 624 1131 862 387 710 343 786 864 380 882 804 383 265 661 350 837 1129 475 360 618 377 625 1025 917 489 1690 362 784 1291 160 953 289 1142 772 166 857 869 783 641 953 1372 367 1276 1104 613 1038 1137 371 1087 355 350 0 279 906 724 713 822 1033 769 378 165 778 275 341 829 1367 162 781 1932 1173 1129 654 1116 126
610 773 519 169 112 848 597 997 1638 763 178 866 86 1129 443 950 680 206 529 162 605 683 199 701 623 202 83 479 169 656 948 294 179 437 196 444 844 736 308 1509 181 603 1110 269 772 108 961 591 275 676 688 601 460 772 1191 186 1095 923 432 857 956 190 905 173 169 279 0 725 543 532 641 852 588 197 274 597 94 160 648 1186 271 600 1751 992 947 473 934 234
534 638 286 651 739 334 1022 646 1163 628 659 731 713 654 643 682 545 688 453 643 529 548 680 944 488 684 673 680 651 142 433 500 661 360 678 368 330 222 514 1034 663 526 635 896 637 735 447 791 902 162 553 844 660 637 716 668 620 1166 632 722 821 672 770 655 651 906 725 0 467 455 127 717 788 679 901 462 683 642 134 711 898 465 1276 640 686 397 800 861
136 298 542 469 558 459 846 522 1163 288 478 391 531 654 467 475 206 506 54 462 131 209 499 768 148 502 491 504 469 398 635 318 479 179 496 186 455 347 332 1034 481 128 635 714 297 553 572 615 720 418 213 669 484 297 716 486 620 990 456 382 481 490 431 473 469 724 543 467 0 57 383 378 612 497 719 122 501 460 390 711 716 125 1276 517 473 215 460 680
124 286 531 457 546 448 834 511 1152 277 466 380 520 643 455 463 194 495 43 450 119 197 487 756 136 490 480 492 458 386 623 307 467 167 484 174 443 335 321 1023 470 117 624 703 285 542 560 604 708 407 201 657 473 286 705 474 609 978 444 371 469 478 419 462 457 713 532 455 57 0 372 366 600 485 707 111 490 449 378 699 705 113 1264 505 461 203 448 668
450 554 202 567 656 251 938 562 1080 545 576 648 629 571 559 599 462 604 369 560 445 465 597 860 404 600 589 596 567 58 350 416 577 277 594 284 246 138 430 951 579 443 552 812 553 651 363 708 818 78 469 761 576 554 632 584 537 1082 548 639 737 588 687 571 567 822 641 127 383 372 0 634 704 595 817 378 599 558 50 627 814 381 1192 556 603 313 716 778
445 314 793 778 867 643 1155 539 1180 305 787 79 840 671 776 491 389 815 363 771 440 225 808 1077 279 811 800 813 778 648 818 627 788 488 805 495 638 530 641 1051 790 437 652 1023 313 862 657 924 1029 669 396 978 793 314 733 795 637 1299 765 53 189 799 119 782 778 1033 852 717 378 366 634 0 921 806 1028 305 810 769 640 727 1025 308 1292 533 489 524 167 989
679 841 582 513 602 911 309 1066 1707 832 522 935 576 1198 230 1018 749 550 598 506 674 752 543 231 691 546 535 267 513 719 1010 362 523 506 540 513 907 799 376 1578 526 672 1179 759 840 597 1024 79 764 739 756 132 248 841 1259 530 1164 453 219 926 1024 534 974 518 513 769 588 788 612 600 704 921 0 541 763 665 546 504 711 1254 760 668 1819 1060 1016 542 1003 724
564 726 472 123 212 802 551 951 1592 717 131 820 185 1083 396 903 634 160 483 115 559 637 153 654 576 156 145 433 123 610 901 247 133 391 150 398 798 690 261 1463 135 557 1064 368 725 207 915 545 374 630 641 555 414 726 1145 140 1049 877 385 811 909 144 859 127 123 378 197 679 497 485 595 806 541 0 373 551 155 114 602 1139 370 553 1704 945 901 427 888 333
786 948 694 345 288 1024 773 1173 1814 939 353 1042 262 1305 618 1125 856 382 705 337 781 859 374 876 798 378 259 655 345 831 1123 469 355 613 372 620 1020 911 483 1685 357 779 1286 155 947 283 1137 767 160 852 863 777 635 948 1366 362 1271 1098 607 1033 1131 366 1081 349 345 165 274 901 719 707 817 1028 763 373 0 772 269 336 823 1361 157 775 1926 1167 1123 649 1110 120
189 226 537 522 611 387 899 450 1091 216 531 319 585 582 520 403 133 560 108 515 184 136 552 821 75 555 545 557 523 393 562 372 532 232 549 239 383 274 386 962 535 182 563 768 225 607 500 669 773 413 141 722 538 225 644 539 548 1044 509 310 409 543 358 527 522 778 597 462 122 111 378 305 665 551 772 0 555 514 385 639 770 53 1204 445 400 268 387 733
568 731 477 127 108 807 555 955 1596 721 136 824 82 1087 401 908 638 164 487 120 563 641 157 659 581 160 41 438 127 614 906 252 137 395 154 402 802 694 266 1467 139 561 1068 265 730 104 919 549 270 634 646 560 418 730 1149 144 1053 881 390 815 914 148 863 132 127 275 94 683 501 490 599 810 546 155 269 555 0 118 606 1144 266 558 1709 950 906 431 893 230
527 690 436 86 175 765 514 914 1555 680 95 783 148 1046 359 866 597 123 446 79 522 600 116 618 539 119 108 396 86 573 865 211 96 354 113 361 761 653 225 1426 98 520 1027 331 689 170 878 508 337 593 605 518 377 689 1108 103 1012 840 348 774 873 107 822 90 86 341 160 642 460 449 558 769 504 114 336 514 118 0 565 1103 333 517 1667 909 864 390 851 297
457 561 209 574 662 257 945 568 1086 551 582 654 636 577 566 605 468 611 376 566 452 471 603 867 411 606 596 603 574 64 356 423 584 283 600 290 253 145 437 957 586 449 558 819 560 658 370 714 824 85 476 767 583 560 639 591 543 1089 555 645 744 595 693 578 574 829 648 134 390 378 50 640 711 602 823 385 606 565 0 634 821 388 1199 563 609 319 722 784
1039 718 1015 1372 1461 658 1749 688 753 837 1381 1002 1435 503 1370 724 983 1409 958 1365 1034 819 1402 1671 873 1405 1394 1407 1372 870 834 1221 1382 1082 1399 1089 654 752 1235 623 1385 1032 484 1618 717 1456 629 1519 1623 891 990 1572 1388 718 77 1389 469 1893 1359 993 901 1393 1041 1377 1372 1628 1447 939 972 960 855 988 1515 1400 1622 900 1405 1364 862 0 1619 903 865 682 728 1118 880 1583
783 945 692 342 285 1021 770 1170 1811 936 350 1039 259 1302 615 1122 853 379 702 335 778 856 372 873 795 375 256 652 342 829 1120 466 352 610 369 617 1017 909 480 1682 354 776 1283 152 945 280 1134 764 158 849 860 774 633 945 1364 359 1268 1096 604 1030 1128 363 1078 346 342 162 271 898 716 705 814 1025 760 370 157 770 266 333 821 1358 0 772 1923 1164 1120 646 1107 117
192 229 540 525 614 390 902 453 1094 219 534 322 588 585 523 405 136 563 111 518 187 139 555 824 78 558 547 560 526 396 565 375 535 235 552 242 386 277 389 965 538 185 566 771 228 610 503 672 776 416 144 725 541 228 647 542 551 1046 512 313 412 546 361 530 525 781 600 465 125 113 381 308 668 553 775 53 558 517 388 642 772 0 1206 448 403 271 390 736
1344 1023 1320 1678 1767 963 2055 993 218 1143 1686 1308 1740 809 1676 1030 1289 1715 1263 1670 1339 1125 1708 1977 1178 1711 1700 1713 1678 1175 1139 1527 1688 1387 1705 1395 959 1057 1541 527 1690 1337 790 1923 1023 1762 935 1824 1929 1196 1296 1877 1693 1023 899 1695 774 2199 1665 1299 1206 1699 1347 1682 1678 1933 1752 1245 1277 1266 1161 1294 1821 1706 1928 1205 1710 1669 1167 893 1925 1208 0 987 1034 1424 1185 1888
584 263 836 917 1006 479 1294 35 974 382 926 547 980 465 915 72 528 954 503 910 579 364 947 1216 418 950 939 952 917 691 655 766 927 627 944 634 475 573 780 845 930 577 446 1163 262 1001 450 1064 1168 712 535 1117 933 263 526 934 431 1438 904 538 446 938 586 922 917 1173 992 760 517 505 677 533 1060 945 1167 445 950 909 683 521 1164 448 1086 0 76 663 425 1128
540 219 792 873 962 435 1250 82 930 338 882 503 936 421 871 34 484 910 458 866 535 320 903 1172 374 906 895 908 873 647 611 722 883 583 900 590 431 529 736 800 885 532 402 1118 218 957 406 1019 1124 668 491 1073 888 218 482 890 386 1394 860 494 402 894 542 878 873 1129 947 716 473 461 632 489 1016 901 1123 400 906 864 639 477 1120 403 1042 76 0 619 380 1084
282 444 472 399 488 520 776 669 1310 435 407 538 461 801 397 621 352 436 201 392 277 355 429 698 294 432 421 434 399 327 619 248 409 108 426 116 516 407 262 1180 411 274 782 644 443 483 633 545 650 348 359 598 414 444 862 416 766 920 386 529 627 420 577 403 399 654 473 397 215 203 313 524 542 427 649 268 431 390 319 857 646 271 1422 663 619 0 606 609
527 206 875 860 949 577 1237 430 1071 325 869 199 923 562 858 383 471 897 445 853 522 307 890 1159 361 893 882 895 860 730 752 709 870 570 887 577 572 612 723 942 872 519 543 1105 205 944 548 1006 1111 751 478 1060 875 205 624 877 528 1381 847 172 44 881 238 864 860 1116 934 800 460 448 716 167 1003 888 1110 387 893 851 722 619 1107 390 1184 425 380 606 0 1071
747 909 655 305 249 985 733 1133 1774 899 314 1002 222 1265 579 1086 817 342 665 298 741 820 335 837 759 338 220 616 305 792 1084 430 315 573 332 580 980 872 444 1645 318 739 1246 115 908 244 1097 727 121 813 824 738 596 908 1327 322 1231 1059 568 993 1092 326 1042 310 305 126 234 861 680 668 778 989 724 333 120 733 230 297 784 1322 117 736 1887 1128 1084 609 1071 0
EOF
