NAME : tsp_problem
TYPE : TSP
DIMENSION : 62
EDGE_WEIGHT_TYPE : EXPLICIT
EDGE_WEIGHT_FORMAT : FULL_MATRIX
EDGE_WEIGHT_SECTION
0 395 170 1668 825 250 601 181 404 189 199 582 141 730 824 465 728 896 525 612 918 745 499 380 167 848 963 1716 229 244 950 800 1023 775 523 496 744 1008 696 952 821 963 867 204 348 521 167 590 157 257 658 731 231 620 943 1076 528 221 1090 318 364 1604
395 0 441 1738 896 321 672 290 475 283 485 217 357 801 895 536 799 967 596 683 989 816 570 451 271 919 599 1787 300 315 1021 871 1094 845 478 533 815 1079 767 1023 892 1034 938 439 419 592 283 225 280 328 695 802 302 691 1014 1146 599 292 1161 118 435 1675
170 441 0 1714 871 296 647 227 450 235 183 628 187 776 870 511 774 942 571 658 964 791 545 426 213 894 1009 1762 275 290 996 846 1069 821 569 542 790 1054 742 998 867 1009 913 187 394 567 213 636 203 303 704 777 277 666 989 1122 574 267 1136 364 410 1650
1669 1740 1715 0 885 1563 1224 1564 1316 1557 1759 1876 1631 984 890 1256 1157 847 1200 1213 1155 1094 1244 1341 1544 1043 1857 571 1550 1559 1124 996 874 1115 1592 1503 967 889 1117 1122 894 1050 1014 1713 1417 1286 1557 1884 1554 1566 1344 1072 1494 1122 894 732 1203 1547 746 1663 1433 459
825 896 871 884 0 719 544 720 629 713 915 1032 787 141 67 691 328 408 729 555 311 345 441 605 701 603 1231 933 707 715 280 401 239 659 749 721 496 224 296 278 64 206 575 869 574 746 713 1040 710 722 873 332 650 278 455 292 471 703 307 819 589 821
250 321 296 1561 719 0 494 145 297 138 340 508 212 624 717 359 621 790 418 506 812 638 392 273 126 741 889 1610 155 170 844 694 916 668 417 389 638 901 589 846 714 857 761 295 242 414 138 516 135 183 551 625 157 513 837 969 422 147 984 244 257 1498
601 672 647 1255 544 494 0 496 405 489 691 808 563 449 542 449 446 444 392 331 637 463 217 381 476 396 1007 1304 482 491 669 387 741 323 524 497 292 726 414 671 539 682 415 645 349 478 488 816 485 498 536 450 426 338 491 663 247 478 678 595 365 1192
181 290 227 1563 720 145 496 0 299 107 271 477 143 625 719 360 623 791 420 507 813 640 394 275 95 743 858 1611 124 139 845 695 918 670 418 391 639 903 591 847 716 858 762 225 243 416 107 485 104 152 553 626 126 515 838 971 423 116 985 213 259 1499
404 475 450 1347 629 297 405 299 0 291 494 611 366 534 628 106 532 537 165 416 722 549 303 80 279 488 810 1396 285 294 754 479 827 415 327 300 384 812 500 757 625 768 507 448 152 161 291 618 288 301 347 535 229 424 583 755 332 281 770 398 168 1284
189 283 235 1555 713 138 489 107 291 0 279 470 151 618 711 353 615 784 412 500 806 632 386 268 87 735 851 1604 116 131 838 688 910 662 411 383 632 895 583 840 708 851 755 233 236 409 99 477 96 145 545 619 119 507 831 963 416 108 978 206 251 1492
199 485 183 1757 915 340 691 271 494 279 0 672 230 820 913 555 818 986 615 702 1008 834 588 470 257 938 1053 1806 318 334 1040 890 1112 864 613 586 834 1098 786 1042 911 1053 957 216 438 611 257 680 247 347 748 821 321 710 1033 1165 618 311 1180 408 454 1694
582 217 628 1874 1032 508 808 477 611 470 672 0 544 937 1030 672 935 1097 732 819 1125 951 705 587 457 1049 487 1923 486 502 1157 1007 1229 975 366 422 945 1214 903 1159 1028 1170 1068 626 510 728 470 113 466 515 584 938 489 826 1144 1282 735 479 1297 305 480 1811
141 357 187 1629 787 212 563 143 366 151 230 544 0 692 785 427 690 858 487 574 880 706 460 342 129 810 925 1678 190 206 912 762 984 736 485 458 706 970 658 914 783 925 829 185 310 483 129 552 119 219 620 693 193 582 905 1037 490 183 1052 280 326 1566
730 801 776 983 141 624 449 625 534 618 820 937 692 0 139 596 233 488 634 460 257 250 346 511 606 637 1137 1032 612 620 289 306 338 564 654 626 401 323 201 291 136 279 654 775 479 652 618 945 615 627 778 237 556 183 534 391 376 608 406 724 494 920
824 895 870 888 67 717 542 719 628 711 913 1030 785 139 0 689 327 412 727 553 310 344 440 604 699 607 1230 937 705 713 278 399 243 657 747 720 494 229 295 276 62 205 579 868 572 745 711 1038 708 721 871 330 649 276 459 296 469 701 311 817 588 825
465 536 511 1288 691 359 449 360 106 353 555 672 427 596 689 0 580 477 143 438 784 517 364 130 341 428 872 1336 347 355 816 420 786 355 389 361 325 801 540 818 686 829 448 510 214 211 353 680 350 362 287 495 291 485 524 696 394 343 710 459 229 1224
728 799 774 1171 328 621 446 623 532 615 818 935 690 233 327 580 0 377 523 457 421 248 344 508 603 527 1134 1219 609 618 453 277 526 454 651 624 290 511 199 456 324 467 544 772 476 609 615 942 612 625 667 234 553 181 424 579 374 605 593 722 492 1107
896 967 942 879 388 790 444 791 537 784 986 1097 858 487 392 477 377 0 420 434 658 314 465 561 772 217 1297 928 778 786 626 217 377 290 814 724 187 392 338 624 397 553 189 941 645 506 784 1105 781 793 564 292 722 435 115 287 424 774 301 890 660 815
525 596 571 1231 729 418 392 420 165 412 615 732 487 634 727 143 523 420 0 382 822 461 413 189 400 372 931 1280 406 415 854 363 729 299 448 390 268 744 484 856 724 867 391 569 273 173 412 739 409 422 231 439 350 545 467 639 372 402 654 519 289 1168
612 683 658 1245 555 506 331 507 416 500 702 819 574 460 553 438 457 434 382 0 648 474 228 392 487 385 1018 1293 493 502 680 377 743 312 535 508 282 737 425 682 550 693 405 656 361 468 500 827 497 509 526 452 437 349 481 653 258 490 667 606 376 1181
918 989 964 1154 311 812 637 813 722 806 1008 1125 880 257 310 784 421 675 822 648 0 438 534 698 794 825 1324 1203 800 808 131 494 509 752 842 814 589 494 389 133 307 162 842 963 667 839 806 1133 803 815 966 425 743 371 722 562 564 796 576 912 682 1090
745 816 791 1125 345 638 463 640 549 632 834 951 706 250 344 517 248 314 461 474 438 0 361 525 620 464 1151 1174 626 635 470 215 543 391 668 641 228 528 216 472 341 483 481 789 493 547 632 959 629 642 604 251 570 197 361 533 390 622 548 738 509 1062
499 570 545 1276 441 392 217 394 303 386 588 705 460 346 440 364 344 465 413 228 534 361 0 279 374 416 905 1324 380 389 566 408 639 343 422 395 313 624 312 569 437 580 436 543 247 420 386 713 383 396 557 347 324 236 512 684 144 376 698 492 263 1212
380 451 426 1372 605 273 381 275 80 268 470 587 342 511 604 130 508 561 189 392 698 525 279 0 255 513 786 1421 261 270 730 504 803 439 303 276 409 788 476 733 601 744 532 424 128 186 268 595 264 277 371 511 205 400 608 780 309 258 794 374 144 1308
167 271 213 1543 701 126 476 95 279 87 257 457 129 606 699 341 603 772 400 487 794 620 374 255 0 723 839 1592 104 119 825 676 898 650 399 371 619 883 571 828 696 839 743 212 224 396 87 465 84 133 533 606 106 495 819 951 404 96 966 193 239 1480
848 919 894 1074 583 741 396 743 488 735 938 1049 810 637 587 428 527 217 372 385 825 464 416 513 723 0 1248 1123 729 738 821 367 572 166 765 675 272 587 488 819 592 748 179 892 596 458 735 1057 732 745 516 442 673 585 193 482 375 725 497 842 612 1011
949 585 995 1835 1217 875 993 844 796 837 1039 473 911 1122 1216 858 1120 1283 917 1004 1310 1137 891 772 825 1234 0 2109 854 869 1342 1192 1415 1161 552 607 1130 1400 1088 1345 1213 1356 1254 994 695 913 837 481 834 882 769 1123 817 1012 1330 1468 920 846 1482 672 666 1996
1718 1789 1764 571 934 1611 1273 1613 1365 1605 1808 1925 1680 1033 939 1305 1205 896 1249 1262 1204 1143 1293 1389 1593 1091 2124 0 1599 1608 1172 1045 923 1164 1641 1552 1016 938 1166 1171 943 1099 1063 1762 1466 1335 1605 1932 1602 1615 1393 1121 1543 1171 943 780 1252 1595 795 1712 1482 246
229 300 275 1549 707 155 482 124 285 116 318 486 190 612 705 347 609 778 406 493 800 626 380 261 104 729 868 1598 0 148 831 682 904 656 404 377 625 889 577 834 702 845 749 273 229 402 116 494 113 162 539 612 135 501 825 957 410 125 972 222 245 1486
244 315 290 1557 715 170 491 139 294 131 334 502 206 620 713 355 618 786 415 502 808 635 389 270 119 738 883 1606 148 0 840 690 913 664 413 386 634 898 586 842 711 853 757 288 238 411 131 509 128 177 548 621 151 510 833 965 418 140 980 238 254 1494
950 1021 996 1122 280 844 669 845 754 838 1040 1157 912 289 278 816 453 646 854 680 131 470 566 730 825 841 1356 1171 831 840 0 526 477 784 873 846 621 462 421 145 275 130 813 994 699 871 838 1165 835 847 997 456 775 403 693 530 596 828 545 944 714 1059
800 871 846 1028 401 694 387 695 479 688 890 1007 762 306 399 420 277 217 363 377 494 215 408 504 676 367 1207 1076 682 690 526 0 526 294 724 666 130 541 238 528 396 539 384 845 549 449 688 1015 685 697 507 193 626 253 264 436 367 678 450 794 564 964
1023 1094 1069 953 239 916 741 918 827 910 1112 1229 984 338 243 886 526 477 830 752 509 543 639 803 898 672 1429 1002 904 913 477 598 0 745 946 919 597 46 494 475 248 404 644 1067 771 916 910 1237 907 920 974 529 848 475 524 361 668 900 376 1016 787 890
775 845 821 1146 655 668 323 670 415 662 864 975 736 564 657 355 454 290 299 312 752 391 343 439 650 166 1175 1195 656 664 784 294 644 0 692 602 199 659 414 786 655 797 186 819 523 385 662 983 659 672 443 369 600 511 266 554 302 652 569 768 539 1083
523 478 569 1591 749 417 524 418 327 411 613 366 485 654 747 389 651 814 448 535 842 668 422 303 399 765 566 1640 404 413 873 724 946 692 0 138 662 931 619 876 744 887 785 567 227 444 411 374 408 420 300 654 348 543 861 999 452 401 1014 517 197 1528
496 533 542 1534 721 389 497 391 300 383 586 422 458 626 720 361 624 724 390 508 814 641 395 276 371 675 621 1583 377 386 846 666 919 602 138 0 571 904 592 848 717 859 694 540 199 417 383 430 380 393 238 627 321 516 771 942 424 373 957 489 169 1471
744 815 790 998 496 638 292 639 384 632 834 945 706 401 494 325 290 187 268 282 589 228 313 409 619 272 1145 1047 625 634 621 130 496 199 662 571 0 511 251 623 491 634 291 788 493 354 632 953 629 641 412 206 569 348 234 406 271 622 421 738 508 935
1008 1079 1054 938 224 901 726 903 812 895 1098 1214 970 323 229 871 511 462 815 737 494 528 624 788 883 658 1414 987 889 898 462 583 46 730 931 904 582 0 479 461 233 389 629 1052 756 901 895 1222 892 905 959 514 833 460 509 346 654 885 361 1002 772 875
696 767 742 1139 296 589 414 591 500 583 786 903 658 201 295 540 199 338 484 425 389 216 312 476 571 488 1102 1188 577 586 421 238 494 414 619 592 251 479 0 424 292 435 505 740 444 570 583 910 580 593 628 202 521 149 385 547 342 573 561 690 460 1075
952 1023 998 1120 278 846 671 847 757 840 1042 1159 914 291 276 818 456 644 856 682 133 472 569 733 828 839 1359 1169 834 842 145 528 475 786 876 848 623 461 424 0 274 128 811 997 701 874 840 1167 837 850 1000 459 778 405 691 528 598 830 543 946 716 1057
821 892 867 893 64 714 539 716 625 708 911 1028 783 136 62 686 324 417 724 550 307 341 437 601 696 612 1227 942 702 711 275 396 248 655 744 717 491 233 292 274 0 202 584 865 569 742 708 1035 705 718 868 327 646 273 464 301 467 698 315 815 585 829
963 1034 1009 1049 206 857 682 858 768 851 1053 1170 925 279 205 829 467 573 867 693 162 483 580 744 839 768 1370 1098 845 853 130 539 404 797 887 859 634 389 435 128 202 0 740 1008 712 885 851 1178 848 861 1011 470 789 416 620 457 609 841 471 957 727 985
867 938 913 1046 555 761 415 762 507 755 957 1068 829 654 559 448 544 189 391 405 825 481 436 532 743 179 1268 1094 749 757 793 384 544 186 785 694 291 559 505 791 564 720 0 911 616 477 755 1076 752 764 535 459 692 602 165 454 395 745 468 861 631 982
204 439 187 1712 869 295 645 225 448 233 216 626 185 775 868 510 772 941 569 656 963 789 543 424 212 892 1008 1761 273 288 994 845 1067 819 567 540 788 1052 740 997 865 1008 911 0 392 565 211 634 202 302 702 775 275 664 988 1120 573 265 1135 362 408 1649
348 419 394 1416 574 242 349 243 152 236 438 510 310 479 572 214 476 645 273 361 667 493 247 128 224 596 710 1465 229 238 699 549 771 523 227 199 493 756 444 701 569 712 616 392 0 269 236 518 233 245 361 479 173 368 692 824 277 226 839 342 112 1353
521 592 567 1317 746 414 478 416 161 409 611 728 483 652 745 211 609 506 173 468 839 547 420 186 396 458 927 1366 402 411 871 449 815 385 444 417 354 830 570 874 742 885 477 565 269 0 409 736 405 418 316 525 346 541 553 725 450 399 740 515 285 1254
167 283 213 1555 713 138 488 107 291 99 257 470 129 618 711 353 615 784 412 500 806 632 386 268 87 735 851 1604 116 131 838 688 910 662 411 383 632 895 583 840 708 851 755 211 236 409 0 477 96 145 545 619 119 507 831 963 416 108 978 206 251 1492
590 225 636 1882 1040 516 816 485 618 477 680 113 552 945 1038 680 942 1105 739 827 1133 959 713 595 465 1057 495 1931 494 509 1165 1015 1237 983 374 430 953 1222 910 1167 1035 1178 1076 634 518 736 477 0 474 523 592 946 497 834 1152 1290 743 487 1305 313 488 1819
157 280 203 1552 710 135 485 104 288 96 247 466 119 615 708 350 612 781 409 497 803 629 383 264 84 732 848 1601 113 128 835 685 907 659 408 380 629 892 580 837 705 848 752 202 233 405 96 474 0 142 542 616 115 504 828 960 413 105 975 202 248 1489
257 328 303 1565 722 183 498 152 301 145 347 515 219 627 721 362 625 793 422 509 815 642 396 277 133 745 896 1614 162 177 847 697 920 672 420 393 641 905 593 850 718 861 764 302 245 418 145 523 142 0 555 628 164 517 840 973 425 154 987 251 261 1501
658 695 704 1375 873 551 536 553 347 545 748 584 620 778 871 287 667 564 231 526 966 604 557 371 533 516 783 1424 539 548 997 507 873 443 300 238 412 888 628 1000 868 1011 535 702 361 316 545 592 542 555 0 583 483 678 611 783 515 535 798 652 331 1312
731 802 777 1103 332 625 450 626 535 619 821 938 693 237 330 495 234 292 439 452 425 251 347 511 606 442 1137 1152 612 621 456 193 529 369 654 627 206 514 202 459 327 470 459 775 479 525 619 946 616 628 583 0 556 184 339 511 377 609 526 725 495 1040
231 302 277 1493 650 157 426 126 229 119 321 489 193 556 649 291 553 722 350 437 743 570 324 205 106 673 831 1542 135 151 775 626 848 600 348 321 569 833 521 778 646 789 692 275 173 346 119 497 115 164 483 556 0 445 768 901 354 128 916 225 189 1430
620 691 666 1120 278 513 338 515 424 507 710 826 582 183 276 485 181 435 545 349 371 197 236 400 495 585 1026 1169 501 510 403 253 475 511 543 516 348 460 149 405 273 416 602 664 368 541 507 834 504 517 678 184 445 0 481 528 266 497 543 614 384 1057
943 1014 989 926 435 837 491 838 583 831 1033 1144 905 534 439 524 424 115 467 481 705 361 512 608 819 193 1344 974 825 833 673 264 424 266 861 771 234 439 385 671 444 600 165 988 692 553 831 1152 828 840 611 339 768 481 0 334 471 821 348 937 707 862
997 1068 1043 838 347 890 545 892 637 884 1086 1198 959 446 351 577 477 168 521 534 617 415 565 661 872 363 1397 886 878 887 585 317 336 436 914 824 288 351 438 583 355 512 335 1041 745 607 884 1205 881 894 665 393 822 535 215 0 524 874 260 990 761 774
528 599 574 1234 471 422 247 423 332 416 618 735 490 376 469 394 374 424 372 258 564 390 144 309 404 375 935 1283 410 418 596 367 668 302 452 424 271 654 342 598 467 609 395 573 277 450 416 743 413 425 515 377 354 266 471 642 0 406 657 522 292 1171
221 292 267 1545 703 147 478 116 281 108 311 479 183 608 701 343 605 774 402 490 796 622 376 258 96 725 860 1594 125 140 828 678 900 652 401 373 622 885 573 830 698 841 745 265 226 399 108 487 105 154 535 609 128 497 821 953 406 0 968 215 241 1482
995 1066 1041 836 345 889 544 890 636 883 1085 1196 957 444 350 576 476 167 520 533 615 413 564 660 871 362 1396 885 877 885 584 316 334 435 913 823 286 349 437 582 354 510 334 1040 744 605 883 1204 880 893 663 392 821 534 214 244 523 873 0 989 759 773
318 118 364 1661 819 244 595 213 398 206 408 305 280 724 817 459 722 890 519 606 912 738 492 374 193 842 686 1710 222 238 944 794 1016 768 517 489 738 1002 690 946 815 957 861 362 342 515 206 313 202 251 652 725 225 614 937 1069 522 215 1084 0 358 1598
364 435 410 1432 589 257 365 259 168 251 454 480 326 494 588 229 492 660 289 376 682 509 263 144 239 612 680 1480 245 254 714 564 787 539 197 169 508 772 460 716 585 727 631 408 112 285 251 488 248 261 331 495 189 384 707 840 292 241 854 358 0 1368
1606 1677 1652 459 822 1499 1161 1501 1253 1493 1696 1812 1568 921 827 1193 1093 784 1137 1150 1092 1031 1181 1277 1481 979 2012 246 1487 1496 1060 933 811 1052 1529 1440 904 826 1054 1059 831 987 951 1650 1354 1223 1493 1820 1490 1503 1280 1009 1431 1058 831 668 1140 1483 683 1600 1370 0
EOF