NAME : tsp_problem
TYPE : TSP
DIMENSION : 32
EDGE_WEIGHT_TYPE : EXPLICIT
EDGE_WEIGHT_FORMAT : FULL_MATRIX
EDGE_WEIGHT_SECTION
0 187 1067 362 1186 958 174 798 626 246 538 282 1686 810 996 1649 218 1249 437 275 308 244 460 594 439 180 225 654 992 770 698 592
187 0 1069 364 1187 960 176 800 628 248 539 283 1688 811 998 1650 219 1250 439 277 310 246 462 596 441 181 192 656 993 772 699 594
1067 1069 0 1016 427 354 974 552 1229 918 850 909 928 563 533 890 914 490 664 848 923 889 839 690 1094 979 1046 742 388 631 1076 971
362 364 1016 0 1135 907 269 748 305 213 487 231 1636 759 946 1598 210 1198 386 225 258 194 410 543 118 275 341 604 941 720 383 511
1187 1189 348 1137 0 474 1094 579 1350 1038 694 1029 631 604 377 594 1034 222 784 968 1044 1009 772 642 1214 1099 1166 586 508 475 1196 1091
958 960 354 907 473 0 865 443 1120 809 807 800 973 454 579 936 805 536 555 739 814 780 730 581 985 870 937 730 125 619 967 862
174 176 974 269 1093 865 0 706 533 153 445 189 1593 717 903 1556 125 1156 344 182 215 152 368 501 347 87 153 561 899 677 605 499
798 800 552 748 610 443 706 0 961 649 493 641 1111 295 382 1073 646 674 396 579 655 621 571 421 825 711 777 385 477 274 808 702
626 628 1229 305 1348 1120 533 961 0 477 700 495 1849 972 1153 1811 474 1411 599 489 522 458 623 756 217 539 605 811 1154 927 184 312
246 248 918 213 1037 809 153 649 477 0 389 133 1537 661 847 1500 111 1100 288 126 159 95 311 445 290 158 225 505 843 621 549 443
538 539 750 487 725 807 445 493 700 389 0 380 1226 518 497 1188 385 789 286 319 394 360 134 357 564 450 517 155 841 270 547 442
282 283 909 231 1028 800 189 641 495 133 380 0 1528 652 838 1491 129 1091 279 144 177 113 303 436 308 194 261 496 834 612 540 434
1688 1689 849 1637 631 975 1595 1080 1850 1539 1195 1530 0 1105 877 172 1535 723 1285 1469 1544 1510 1273 1143 1714 1600 1666 1087 1009 976 1697 1592
810 811 563 759 635 454 717 295 972 661 518 652 1136 0 406 1098 657 698 407 591 666 632 582 432 836 722 788 410 488 298 819 714
996 998 432 946 408 559 903 382 1153 847 497 838 909 406 0 871 843 471 593 777 853 818 575 445 1023 908 975 389 592 277 1000 894
1650 1652 811 1600 594 937 1557 1042 1812 1501 1157 1492 172 1067 840 0 1497 685 1247 1431 1507 1472 1235 1105 1677 1562 1629 1049 971 938 1659 1554
218 219 914 210 1033 805 125 646 474 111 385 129 1533 657 843 1496 0 1096 284 123 156 92 308 441 287 130 196 502 839 617 545 440
1360 1362 521 1309 303 647 1267 752 1522 1211 867 1202 545 777 550 507 1207 0 957 1141 1216 1182 945 815 1387 1272 1339 759 681 648 1369 1264
437 439 664 386 783 555 344 396 599 288 286 279 1283 407 593 1246 284 846 0 218 293 259 209 191 464 349 416 398 589 367 446 341
275 277 848 225 967 739 182 579 489 126 319 144 1467 591 777 1430 123 1030 218 0 171 107 241 375 302 188 254 435 773 551 479 373
308 310 923 258 1042 814 215 655 522 159 394 177 1543 666 853 1505 156 1105 293 171 0 140 317 450 335 221 287 511 848 627 554 449
244 246 889 194 1008 780 152 621 458 95 360 113 1508 632 818 1471 92 1071 259 107 140 0 283 416 271 157 223 477 814 592 520 415
460 462 828 410 803 730 368 571 623 311 134 303 1304 582 575 1266 308 867 209 241 317 283 0 366 487 373 439 233 764 348 470 364
594 596 690 543 673 581 501 421 756 445 357 436 1174 432 445 1136 441 737 191 375 450 416 366 0 621 506 573 249 615 218 603 498
439 441 1094 118 1212 985 347 825 217 290 564 308 1713 836 1023 1675 287 1275 464 302 335 271 487 621 0 352 418 681 1018 797 295 424
180 181 979 275 1098 870 87 711 539 158 450 194 1598 722 908 1561 130 1161 349 188 221 157 373 506 352 0 158 567 904 682 610 505
225 192 1046 341 1164 937 153 777 605 225 517 261 1665 788 975 1627 196 1228 416 254 287 223 439 573 418 158 0 633 971 749 676 571
654 656 642 604 617 730 561 385 811 505 155 496 1118 410 389 1080 502 681 398 435 511 477 233 249 681 567 633 0 764 162 658 552
992 993 388 941 507 125 899 477 1154 843 841 834 1007 488 612 970 839 570 589 773 848 814 764 615 1018 904 971 764 0 652 1001 896
770 772 531 720 506 619 677 274 927 621 270 612 1007 298 277 969 617 569 367 551 627 592 348 218 797 682 749 162 652 0 774 668
698 699 1076 383 1195 967 605 808 184 549 547 540 1695 819 1000 1658 545 1258 446 479 554 520 470 603 295 610 676 658 1001 774 0 159
592 594 971 511 1090 862 499 702 312 443 442 434 1590 714 894 1552 440 1153 341 373 449 415 364 498 424 505 571 552 896 668 159 0
EOF