NAME : tsp_problem
TYPE : TSP
DIMENSION : 66
EDGE_WEIGHT_TYPE : EXPLICIT
EDGE_WEIGHT_FORMAT : FULL_MATRIX
EDGE_WEIGHT_SECTION
0 1595 1105 889 1149 190 884 1861 948 215 1174 1673 1675 1098 1143 1159 1068 1694 1323 864 1245 162 164 1585 1714 1040 1359 1531 1628 510 1356 1676 1046 956 558 1850 1011 1498 1025 1521 1235 1088 1392 1173 820 1600 1042 1653 1017 994 1177 849 1092 1643 1537 1527 1632 1639 1685 1476 1517 1333 1728 1087 1195 1031
1593 0 526 938 849 1574 940 544 768 1599 476 160 583 901 501 858 696 180 602 959 393 1580 1668 1630 346 597 293 140 115 1268 568 163 682 680 1131 533 738 131 915 172 575 539 300 872 846 87 741 140 799 884 517 974 715 130 202 133 119 126 172 167 165 310 215 561 445 921
1136 526 0 679 590 1117 682 792 272 1142 299 605 607 643 242 599 392 625 448 675 370 1123 1211 1371 645 165 317 463 560 811 481 608 370 421 674 782 334 429 656 453 360 280 323 613 350 532 482 585 303 625 302 660 416 575 468 459 564 571 617 408 449 334 660 212 320 662
892 938 679 0 493 872 37 1204 568 897 794 1016 1018 441 654 502 506 1037 943 55 828 878 966 928 1057 659 729 874 971 566 975 1019 493 299 429 1193 548 841 368 864 854 431 735 516 439 943 385 996 636 337 797 70 525 987 880 870 976 982 1028 820 860 745 1072 706 814 374
1148 849 590 493 0 1128 495 1115 520 1154 801 927 929 110 565 84 418 948 948 514 739 1134 1222 1184 968 666 640 785 883 822 914 930 404 235 686 1104 459 752 217 775 862 342 646 80 653 854 190 907 805 288 804 529 436 898 791 781 887 893 939 731 771 656 983 714 791 211
190 1575 1086 869 1130 0 864 1841 929 136 1155 1653 1655 1078 1123 1139 1049 1674 1304 844 1225 176 264 1565 1694 1020 1339 1511 1609 490 1336 1657 1027 936 539 1831 991 1478 1005 1501 1215 1068 1372 1153 800 1580 1022 1633 997 974 1158 829 1073 1624 1517 1507 1613 1619 1665 1457 1497 1313 1709 1067 1175 1011
894 940 682 37 495 875 0 1206 570 900 796 1019 1021 444 656 504 509 1039 945 51 831 880 969 931 1059 661 731 877 974 569 978 1022 495 301 432 1196 551 843 370 867 857 433 738 518 442 946 388 999 639 340 799 66 528 989 883 873 978 985 1031 822 863 748 1074 709 817 376
1859 544 792 1204 1115 1840 1206 0 1028 1865 742 622 255 1167 767 1124 962 643 587 1225 659 1845 1934 1896 274 857 559 480 578 1534 553 625 948 946 1397 109 1004 448 1181 489 664 805 521 1138 1106 549 1007 602 1059 1150 724 1240 981 593 519 476 582 588 634 484 482 576 678 821 711 1187
979 768 272 543 520 960 538 1028 0 985 341 846 842 573 309 529 192 867 490 518 411 966 1054 1239 887 206 525 704 802 654 522 849 170 351 517 1017 135 671 586 694 401 292 565 543 193 773 413 826 344 556 344 503 216 817 710 700 806 812 858 650 690 499 902 253 361 592
215 1600 1111 894 1155 136 889 1866 954 0 1180 1679 1681 1104 1148 1164 1074 1699 1329 869 1251 201 290 1590 1719 1045 1364 1537 1634 516 1362 1682 1052 961 564 1856 1017 1503 1030 1527 1241 1093 1397 1178 826 1606 1047 1659 1023 1000 1183 854 1098 1649 1542 1533 1638 1644 1691 1482 1523 1338 1734 1092 1200 1036
1206 476 299 769 801 1186 764 742 341 1211 0 554 556 854 337 810 461 575 236 744 157 1192 1280 1465 595 169 233 412 510 880 268 558 439 632 743 732 404 379 867 402 147 512 273 824 419 481 693 534 372 836 90 729 485 525 418 408 514 520 566 358 398 207 610 134 107 873
1672 160 605 1016 927 1652 1019 622 846 1677 554 0 661 980 579 936 774 229 680 1037 471 1658 1746 1708 424 675 372 219 193 1346 646 229 761 758 1209 612 816 209 993 251 653 617 378 950 924 165 820 208 877 963 595 1052 793 208 280 212 197 204 219 245 243 388 235 640 523 999
1674 583 607 1018 929 1654 1021 255 842 1679 556 661 0 982 581 938 776 682 401 1039 473 1660 1748 1710 402 671 374 519 616 1348 367 664 763 760 1211 245 818 486 995 509 478 619 335 952 920 588 822 641 874 964 538 1054 795 631 525 515 620 627 673 464 505 390 716 636 525 1001
1096 901 643 441 110 1077 444 1167 573 1102 854 980 982 0 617 137 470 1000 1001 462 792 1083 1171 1133 1020 719 692 838 935 771 967 983 456 287 634 1157 512 804 130 828 914 394 699 133 644 907 243 960 841 201 857 477 489 950 844 834 939 946 992 783 824 709 1035 766 844 124
1174 501 242 654 565 1154 656 767 309 1180 337 579 581 617 0 574 412 600 486 675 391 1160 1249 1345 620 202 292 437 535 849 519 582 398 396 712 756 372 404 631 427 398 255 298 588 387 506 457 559 340 600 340 690 431 550 443 433 539 545 591 383 423 308 635 249 357 637
1157 858 599 502 84 1137 504 1124 529 1163 810 936 938 137 574 0 427 957 957 523 748 1143 1231 1193 977 675 649 794 892 832 923 939 413 244 695 1113 468 761 244 784 871 351 655 107 662 863 199 916 814 315 813 538 445 907 800 790 896 902 948 740 780 665 992 723 800 238
1099 696 392 506 418 1080 509 962 192 1105 461 774 776 470 412 427 0 795 610 528 531 1086 1174 1198 815 326 487 632 730 774 642 777 251 248 637 951 255 599 483 622 521 189 493 441 313 701 310 754 464 453 464 543 284 745 638 628 734 740 786 578 618 503 830 373 481 489
1692 180 625 1037 948 1673 1039 643 867 1698 575 229 682 1000 600 957 795 0 701 1058 492 1678 1767 1729 445 696 392 239 213 1367 667 209 781 779 1230 632 837 230 1014 271 674 638 399 971 945 186 840 188 898 983 616 1073 814 198 301 232 208 203 200 266 264 409 215 660 544 1020
1354 602 448 918 948 1335 913 587 490 1360 236 680 401 1001 486 957 610 701 0 893 306 1341 1429 1614 720 318 393 538 635 1029 122 683 588 779 892 576 552 504 1014 528 126 638 354 971 568 607 840 660 521 983 185 878 634 650 544 534 639 646 692 483 524 394 735 283 256 1020
913 959 700 55 514 893 51 1225 589 918 815 1037 1039 462 675 523 528 1058 964 0 849 899 987 949 1078 680 750 895 993 587 996 1041 514 320 450 1214 569 862 389 885 876 452 756 537 461 964 406 1017 658 358 818 46 547 1008 901 891 997 1003 1049 841 881 767 1093 727 835 395
1276 393 370 828 739 1257 831 659 411 1282 157 471 473 792 391 748 531 492 306 815 0 1262 1351 1520 512 240 150 329 426 951 339 474 509 570 814 648 474 296 805 319 218 429 190 762 489 398 632 451 443 774 161 800 556 441 335 325 430 437 483 274 315 124 526 205 159 811
162 1581 1091 875 1136 176 870 1847 934 201 1161 1659 1661 1084 1129 1145 1054 1680 1309 850 1231 0 179 1571 1700 1026 1345 1517 1615 496 1342 1662 1033 942 545 1836 997 1484 1011 1507 1221 1074 1378 1159 806 1586 1028 1639 1003 980 1164 835 1079 1630 1523 1513 1619 1625 1671 1463 1503 1319 1715 1073 1181 1017
164 1669 1180 963 1224 264 958 1935 1023 290 1249 1748 1749 1172 1217 1233 1143 1768 1398 938 1319 179 0 1659 1788 1114 1433 1605 1703 585 1430 1751 1121 1030 633 1925 1086 1572 1099 1595 1309 1162 1466 1247 895 1674 1116 1727 1091 1069 1252 923 1167 1718 1611 1601 1707 1713 1760 1551 1591 1407 1803 1161 1269 1105
1583 1630 1371 928 1184 1564 931 1896 1259 1589 1485 1708 1710 1133 1345 1193 1198 1729 1634 949 1520 1570 1658 0 1749 1351 1421 1566 1663 1258 1667 1711 1185 990 1121 1885 1240 1533 1060 1556 1546 1123 1427 1207 1131 1635 1077 1688 1328 1029 1489 964 1217 1678 1572 1562 1667 1674 1720 1511 1552 1437 1763 1398 1506 1066
1712 346 645 1057 968 1692 1059 274 887 1718 595 424 402 1020 620 977 815 445 720 1078 512 1698 1787 1749 0 716 412 282 379 1387 687 427 801 799 1250 263 857 250 1034 291 693 658 418 991 965 351 860 404 918 1003 636 1093 834 394 321 278 383 390 436 286 284 429 479 680 564 1040
1071 597 165 634 666 1051 630 857 206 1076 169 675 671 719 202 675 326 696 318 610 240 1057 1145 1331 716 0 354 533 630 745 351 678 304 497 608 846 269 500 732 523 230 414 394 689 284 602 559 655 237 702 173 594 350 645 539 529 634 641 687 478 519 328 730 146 190 738
1384 293 317 729 640 1365 731 559 525 1390 233 372 374 692 292 649 487 392 393 750 150 1370 1459 1421 412 354 0 230 327 1059 359 375 473 471 922 549 529 196 706 220 332 330 90 663 603 299 532 352 556 675 274 765 506 342 236 226 331 338 384 175 216 101 427 319 202 712
1529 140 463 874 785 1510 877 480 704 1535 412 219 519 838 437 794 632 239 538 895 329 1516 1604 1566 282 533 230 0 174 1204 504 222 619 616 1067 470 674 67 851 108 511 475 236 808 782 146 678 199 735 820 453 910 651 189 138 95 178 185 231 103 101 246 274 498 381 857
1627 115 560 971 883 1607 974 578 802 1632 510 193 616 935 535 892 730 213 635 993 426 1613 1701 1663 379 630 327 174 0 1301 602 197 716 713 1165 567 771 164 948 206 608 572 333 906 880 120 775 173 833 918 551 1008 749 164 235 167 153 159 204 200 199 344 219 595 478 954
510 1269 780 563 824 490 558 1535 623 516 849 1348 1350 772 817 833 743 1368 998 538 920 496 585 1259 1388 714 1033 1205 1303 0 1030 1351 721 630 233 1525 686 1172 699 1195 909 762 1066 847 495 1274 716 1327 691 669 852 523 767 1318 1211 1201 1307 1313 1360 1151 1191 1007 1403 761 869 705
1387 568 481 951 914 1367 946 553 522 1393 268 646 367 967 519 923 642 667 122 926 339 1373 1462 1647 687 351 359 504 602 1062 0 649 620 745 925 543 585 471 980 494 158 604 320 937 600 573 807 626 554 950 218 911 666 617 510 500 606 612 658 450 490 375 702 316 289 986
1675 163 608 1019 930 1655 1022 625 849 1680 558 229 664 983 582 939 777 209 683 1041 474 1661 1749 1711 427 678 375 222 197 1349 649 0 764 761 1212 615 819 212 996 254 656 620 381 953 927 168 823 188 881 966 599 1055 796 198 283 215 201 204 200 248 247 391 215 643 526 1002
1078 682 370 493 404 1058 495 948 170 1083 439 761 763 456 398 413 251 781 588 514 509 1064 1152 1185 801 304 473 619 716 752 620 764 0 235 615 938 233 585 470 609 499 175 479 427 291 688 296 741 442 439 442 529 270 731 625 615 720 727 773 564 605 490 816 351 459 476
954 680 421 299 235 934 301 946 351 960 632 758 760 287 396 244 248 779 779 320 570 940 1029 990 799 497 471 616 713 629 745 761 235 0 492 935 290 583 276 606 693 173 477 258 484 685 127 738 636 245 635 335 267 729 622 612 718 724 770 562 602 487 814 545 622 282
558 1132 643 426 687 539 421 1398 486 564 712 1211 1213 636 681 696 606 1231 861 402 783 545 633 1123 1251 577 896 1069 1166 233 894 1214 584 493 0 1388 549 1035 562 1059 773 625 929 710 358 1138 580 1191 555 532 715 386 630 1181 1075 1065 1170 1177 1223 1014 1055 870 1266 625 733 568
1849 533 782 1193 1104 1829 1196 109 1017 1854 732 612 245 1157 756 1113 951 632 576 1214 648 1835 1923 1885 263 846 549 470 567 1523 543 615 938 935 1386 0 993 437 1170 479 653 794 510 1127 1095 539 997 592 1049 1140 713 1229 970 582 508 466 571 578 624 473 472 565 667 811 700 1176
1042 738 334 548 459 1023 551 1004 135 1048 404 816 818 512 372 468 255 837 552 569 474 1028 1117 1240 857 269 529 674 771 717 585 819 233 290 580 993 0 641 525 664 464 231 535 482 255 743 352 796 407 495 407 566 279 786 680 670 775 782 828 619 660 545 871 316 424 531
1496 131 429 841 752 1477 843 448 671 1502 379 209 486 804 404 761 599 230 504 862 296 1482 1571 1533 250 500 196 67 164 1171 471 212 585 583 1034 437 641 0 818 76 478 442 202 775 749 136 644 189 702 787 420 877 618 179 105 63 168 175 221 70 69 213 264 464 348 824
1023 915 656 368 217 1003 370 1181 586 1029 867 993 995 130 631 244 483 1014 1014 389 805 1009 1098 1060 1034 732 706 851 948 698 980 996 470 276 561 1170 525 818 0 841 928 408 712 240 571 920 350 973 768 143 870 404 502 963 857 847 952 959 1005 796 837 722 1048 779 857 66
1519 172 453 864 775 1500 867 489 694 1525 402 251 509 828 427 784 622 271 528 885 319 1506 1594 1556 291 523 220 108 206 1194 494 254 609 606 1057 479 664 76 841 0 501 465 226 798 772 177 667 230 725 810 443 900 641 221 147 104 210 216 263 112 110 236 306 488 371 847
1266 575 360 830 862 1247 825 664 401 1272 147 653 478 914 398 871 521 674 126 805 218 1252 1341 1526 693 230 332 511 608 941 158 656 499 693 804 653 464 478 928 501 0 610 372 885 479 580 754 633 433 897 105 790 545 623 517 507 612 619 665 456 497 306 708 195 168 934
1086 539 280 431 342 1067 433 805 292 1092 512 617 619 394 255 351 189 638 638 452 429 1072 1161 1123 658 414 330 475 572 761 604 620 175 173 624 794 231 442 408 465 610 0 336 365 424 544 234 597 553 377 552 467 208 587 481 471 576 583 629 420 461 346 672 462 481 414
1390 300 323 735 646 1371 738 521 565 1396 273 378 335 699 298 655 493 399 354 756 190 1377 1465 1427 418 394 90 236 333 1065 320 381 479 477 928 510 535 202 712 226 372 336 0 669 643 305 538 358 596 681 314 771 512 348 242 232 337 344 390 181 222 107 433 358 242 718
1171 872 613 516 80 1151 518 1138 543 1177 824 950 952 133 588 107 441 971 971 537 762 1157 1245 1207 991 689 663 808 906 846 937 953 427 258 709 1127 482 775 240 798 885 365 669 0 676 877 213 930 828 311 827 552 459 921 814 804 910 916 962 754 794 679 1006 737 814 234
851 846 350 415 653 832 410 1106 193 857 419 924 920 624 387 662 313 945 568 390 489 838 926 1111 965 284 603 782 880 526 600 927 291 482 389 1095 255 749 551 772 479 424 643 676 0 851 545 904 239 520 422 375 337 895 788 778 884 890 936 728 768 577 980 331 439 557
1598 87 532 943 854 1579 946 549 773 1604 481 165 588 907 506 863 701 186 607 964 398 1585 1673 1635 351 602 299 146 120 1273 573 168 688 685 1136 539 743 136 920 177 580 544 305 877 851 0 746 145 804 889 522 979 720 135 207 139 124 131 177 172 170 315 220 567 450 926
1040 741 482 385 190 1021 388 1007 413 1046 693 820 822 243 457 199 310 840 840 406 632 1027 1115 1077 860 559 532 678 775 715 807 823 296 127 578 997 352 644 350 667 754 234 538 213 545 746 0 800 697 331 697 421 329 790 683 673 779 785 832 623 664 549 875 606 684 344
1651 140 585 996 907 1632 999 602 826 1657 534 208 641 960 559 916 754 188 660 1017 451 1638 1726 1688 404 655 352 199 173 1326 626 188 741 738 1189 592 796 189 973 230 633 597 358 930 904 145 800 0 857 942 575 1032 773 177 260 192 177 182 178 225 223 368 194 620 503 979
1048 799 303 612 805 1029 607 1059 344 1054 372 877 874 821 340 814 464 898 521 587 443 1034 1123 1308 918 237 556 735 833 723 554 881 442 636 586 1049 407 702 748 725 433 553 596 828 239 804 697 857 0 717 375 572 488 848 741 731 837 843 890 681 721 530 933 284 393 754
993 884 625 337 288 973 340 1150 556 998 836 963 964 201 600 315 453 983 983 358 774 979 1067 1029 1003 702 675 820 918 667 950 966 439 245 530 1140 495 787 143 810 897 377 681 311 540 889 331 942 737 0 840 373 472 933 826 816 922 928 975 766 806 692 1018 749 827 137
1209 517 302 772 804 1189 768 724 344 1214 90 595 538 857 340 813 464 616 185 748 161 1195 1283 1469 636 173 274 453 551 883 218 599 442 635 746 713 407 420 870 443 105 552 314 827 422 522 697 575 375 840 0 732 488 566 459 449 555 561 607 399 439 248 651 137 110 876
928 974 715 70 529 908 66 1240 604 933 830 1052 1054 477 690 538 543 1073 979 46 864 914 1002 964 1093 695 765 910 1008 602 1011 1055 529 335 465 1229 584 877 404 900 890 467 771 552 476 979 421 1032 672 373 833 0 562 1023 916 906 1012 1018 1064 856 896 781 1108 742 850 410
1124 715 416 525 436 1104 528 981 216 1129 485 793 795 489 431 445 284 814 634 547 556 1110 1198 1217 834 350 506 651 749 798 666 796 270 267 661 970 279 618 502 641 545 208 512 459 337 720 329 773 488 472 488 562 0 764 657 647 753 759 805 597 637 522 849 397 505 508
1642 130 575 987 898 1622 989 593 817 1648 525 208 631 950 550 907 745 198 650 1008 441 1628 1716 1678 394 645 342 189 164 1316 617 198 731 729 1180 582 786 179 963 221 623 587 348 921 895 135 790 177 848 933 566 1023 764 0 250 182 168 174 188 215 214 359 204 610 494 969
1535 202 468 880 791 1516 883 519 710 1541 418 280 525 844 443 800 638 301 544 901 335 1522 1610 1572 321 539 236 138 235 1210 510 283 625 622 1073 508 680 105 857 147 517 481 242 814 788 207 683 260 741 826 459 916 657 250 0 134 239 246 292 141 140 252 335 503 387 863
1525 133 459 870 781 1506 873 476 700 1531 408 212 515 834 433 790 628 232 534 891 325 1512 1600 1562 278 529 226 95 167 1200 500 215 615 612 1063 466 670 63 847 104 507 471 232 804 778 139 673 192 731 816 449 906 647 182 134 0 171 178 224 99 97 242 267 494 377 853
1631 119 564 976 887 1611 978 582 806 1636 514 197 620 939 539 896 734 208 639 997 430 1617 1705 1667 383 634 331 178 153 1305 606 201 720 718 1169 571 775 168 952 210 612 576 337 910 884 124 779 177 837 922 555 1012 753 168 239 171 0 163 199 204 203 348 214 599 483 958
1637 126 571 982 893 1618 985 588 812 1643 520 204 627 946 545 902 740 203 646 1003 437 1624 1712 1674 390 641 338 185 159 1312 612 204 727 724 1175 578 782 175 959 216 619 583 344 916 890 131 785 182 843 928 561 1018 759 174 246 178 163 0 194 211 209 354 209 605 489 965
1684 172 617 1028 939 1664 1031 634 858 1689 566 219 673 992 591 948 786 200 692 1049 483 1670 1758 1720 436 687 384 231 204 1358 658 200 773 770 1221 624 828 221 1005 263 665 629 390 962 936 177 832 178 890 975 607 1064 805 188 292 224 199 194 0 257 255 400 205 652 535 1011
1475 167 408 820 731 1455 822 484 650 1481 358 245 464 783 383 740 578 266 483 841 274 1461 1549 1511 286 478 175 103 200 1149 450 248 564 562 1013 473 619 70 796 112 456 420 181 754 728 172 623 225 681 766 399 856 597 215 141 99 204 211 257 0 105 192 300 443 327 803
1515 165 449 860 771 1496 863 482 690 1521 398 243 505 824 423 780 618 264 524 881 315 1502 1590 1552 284 519 216 101 199 1190 490 247 605 602 1053 472 660 69 837 110 497 461 222 794 768 170 664 223 721 806 439 896 637 214 140 97 203 209 255 105 0 232 299 484 367 843
1364 310 334 745 656 1344 748 576 499 1370 207 388 390 709 308 665 503 409 394 767 124 1350 1438 1437 429 328 101 246 344 1038 375 391 490 487 902 565 545 213 722 236 306 346 107 679 577 315 549 368 530 692 248 781 522 359 252 242 348 354 400 192 232 0 444 293 176 728
1727 215 660 1072 983 1707 1074 678 902 1732 610 235 716 1035 635 992 830 215 735 1093 526 1713 1801 1763 479 730 427 274 219 1401 702 215 816 814 1265 667 871 264 1048 306 708 672 433 1006 980 220 875 194 933 1018 651 1108 849 204 335 267 214 209 205 300 299 444 0 695 579 1054
1118 561 212 682 714 1098 677 821 253 1124 134 640 636 766 249 723 373 660 283 657 205 1104 1193 1378 680 146 319 498 595 793 316 643 351 545 656 811 316 464 779 488 195 462 358 737 331 567 606 620 284 749 137 642 397 610 503 494 599 605 652 443 484 293 695 0 155 786
1226 445 320 790 791 1206 785 711 361 1232 107 523 525 844 357 800 481 544 256 765 159 1212 1301 1486 564 190 202 381 478 901 289 526 459 622 764 700 424 348 857 371 168 481 242 814 439 450 684 503 393 827 110 750 505 494 387 377 483 489 535 327 367 176 579 155 0 863
1029 921 662 374 211 1010 376 1187 592 1035 873 999 1001 124 637 238 489 1020 1020 395 811 1015 1104 1066 1040 738 712 857 954 704 986 1002 476 282 567 1176 531 824 66 847 934 414 718 234 577 926 344 979 774 137 876 410 508 969 863 853 958 965 1011 803 843 728 1054 786 863 0
EOF