NAME : tsp_problem
TYPE : TSP
DIMENSION : 54
EDGE_WEIGHT_TYPE : EXPLICIT
EDGE_WEIGHT_FORMAT : FULL_MATRIX
EDGE_WEIGHT_SECTION
0 388 651 528 246 478 245 512 275 753 1357 261 334 359 95 110 224 660 644 1377 570 379 647 647 376 161 825 522 183 1410 394 665 572 889 739 939 475 784 1339 179 736 402 206 189 651 340 270 246 723 325 567 392 234 392
388 0 946 781 228 773 540 858 570 1005 1664 607 629 654 390 405 263 955 990 1684 865 200 994 900 219 507 1132 869 478 1717 185 960 867 1196 1035 1246 770 1079 1646 257 1031 700 501 535 946 360 565 252 1018 199 862 172 231 738
651 946 0 1087 804 411 521 527 550 1311 1135 811 349 634 653 669 782 306 714 1155 337 937 717 1205 934 770 603 592 741 1188 953 103 338 668 506 718 242 550 1117 738 502 952 527 798 303 898 828 804 161 883 334 951 792 660
528 781 1087 0 639 913 681 993 710 251 1804 689 770 794 485 455 636 1096 1125 1824 1006 772 1128 146 769 647 1272 1003 394 1857 787 1100 1007 1337 1175 1387 911 1219 1786 615 1171 559 641 676 1086 462 342 639 1158 718 1003 785 627 873
246 228 804 639 0 631 398 716 428 863 1522 465 487 512 248 263 121 813 848 1541 723 219 852 757 216 365 990 727 336 1575 235 818 725 1054 893 1104 628 937 1504 115 889 557 359 393 804 218 423 123 876 165 720 232 111 596
478 773 411 913 631 0 347 170 377 1137 1058 442 175 452 479 495 609 420 345 1078 330 764 348 1032 761 495 526 223 568 1111 779 425 332 590 499 640 235 544 1040 564 495 583 353 459 410 725 654 631 482 710 327 777 619 291
245 540 521 681 398 347 0 385 144 905 1230 416 204 228 247 263 376 530 517 1250 440 531 520 799 528 364 698 395 335 1283 547 534 441 763 609 812 345 653 1212 332 605 557 121 392 520 492 422 398 592 478 437 545 386 265
512 858 527 993 716 170 385 0 344 1217 960 344 292 354 565 581 694 537 247 979 446 849 250 1112 846 397 428 125 653 1013 865 541 448 492 533 542 351 488 942 650 538 485 439 361 527 810 734 716 599 795 444 863 704 193
275 570 550 710 428 377 144 344 0 935 1189 375 233 258 277 292 406 559 476 1209 469 561 479 829 558 394 657 354 365 1242 576 564 471 721 639 771 374 683 1171 361 635 515 150 392 550 522 452 428 622 507 467 574 416 224
739 991 1297 237 849 1123 891 1203 920 0 2014 899 980 1004 695 666 846 1306 1335 2034 1216 982 1338 197 979 858 1482 1213 604 1838 997 1310 1217 1547 1385 1597 1121 1429 1996 825 1381 769 852 886 1296 672 552 849 1368 928 1213 995 837 1083
1326 1665 1137 1806 1523 1027 1199 929 1158 2030 0 1158 1068 1168 1372 1388 1501 955 855 190 845 1657 858 1925 1653 1211 701 840 1460 485 1672 1110 840 625 859 703 936 813 152 1457 864 1298 1246 1175 946 1618 1547 1523 1052 1603 849 1670 1511 1007
261 607 811 689 465 442 416 344 375 913 1189 0 552 385 314 330 443 820 476 1209 730 599 479 807 595 146 657 354 400 1242 614 825 732 721 762 771 635 717 1171 399 768 180 425 110 811 560 430 465 883 545 727 612 453 224
334 629 349 770 487 175 204 292 233 994 1067 552 0 317 336 351 465 358 479 1086 268 620 482 888 617 453 535 357 424 1120 636 363 269 599 437 649 173 482 1049 420 433 645 209 481 348 581 511 487 420 566 265 633 475 401
359 654 634 794 512 452 228 354 258 1018 1199 385 317 0 361 376 490 643 486 1219 553 645 489 913 642 438 667 364 449 1252 660 648 555 732 723 781 458 727 1181 445 719 526 234 402 634 606 535 512 706 591 550 658 500 234
95 390 653 485 248 479 247 565 277 710 1371 314 336 361 0 112 226 662 697 1390 572 381 700 604 378 214 839 575 185 1424 396 667 574 903 741 953 477 786 1353 181 738 361 208 242 653 342 227 248 725 327 569 394 236 445
110 405 669 455 263 495 263 581 292 680 1386 330 351 376 112 0 241 678 713 1406 588 397 716 574 393 229 854 591 166 1439 412 682 589 919 757 968 492 801 1368 197 753 331 223 257 668 358 197 263 740 343 585 410 251 460
224 263 782 636 121 609 376 694 406 860 1500 443 465 490 226 241 0 791 826 1519 701 254 829 755 251 343 968 704 314 1553 269 796 703 1032 870 1082 606 915 1482 112 867 535 337 371 782 215 401 120 854 200 698 267 108 574
660 955 306 1096 813 420 530 537 559 1320 954 820 358 643 662 678 791 0 575 973 155 946 579 1214 943 779 422 561 750 1007 962 226 157 486 324 536 226 369 936 747 321 961 536 807 196 907 837 813 167 893 152 960 801 669
644 990 714 1125 848 345 517 247 476 1349 886 476 479 486 697 713 826 555 0 906 445 982 86 1244 978 529 354 158 786 939 997 710 440 418 459 468 536 414 868 782 464 617 571 494 546 943 866 848 652 928 449 995 836 314
1346 1685 1157 1826 1543 1046 1219 948 1178 2050 190 1177 1088 1188 1392 1407 1521 975 874 0 864 1676 877 1944 1673 1231 721 860 1480 504 1692 1130 860 644 879 723 956 833 172 1476 884 1318 1265 1195 965 1637 1567 1543 1071 1622 869 1689 1531 1027
570 865 337 1006 723 330 440 446 469 1230 843 730 268 553 572 588 701 155 465 863 0 856 468 1124 853 689 311 450 660 896 872 310 67 375 214 425 136 258 825 657 210 871 446 717 146 817 747 723 252 803 62 870 711 579
379 200 937 772 219 764 531 849 561 996 1655 599 620 645 381 397 254 946 982 1675 856 0 985 891 229 498 1123 860 469 1708 195 951 858 1187 1026 1237 761 1070 1637 248 1022 691 492 526 937 351 556 243 1009 190 854 182 222 729
647 994 717 1128 852 348 520 250 479 1352 889 479 482 489 700 716 829 559 86 909 448 985 0 1247 982 532 357 161 789 942 1000 713 443 421 462 471 539 417 871 785 467 620 574 497 549 946 869 851 655 931 452 998 840 311
647 900 1205 146 757 1032 799 1112 829 212 1923 807 888 913 604 574 755 1214 1244 1943 1124 891 1247 0 888 766 1391 1122 513 1946 906 1219 1126 1455 1294 1505 1029 1338 1905 734 1290 678 760 794 1205 581 460 757 1277 837 1122 904 745 991
376 219 934 769 216 761 528 846 558 993 1652 595 617 642 378 393 251 943 978 1672 853 229 982 888 0 495 1120 857 466 1705 214 948 855 1184 1023 1234 758 1067 1634 245 1019 687 489 523 934 348 553 240 1006 187 850 201 219 726
161 507 770 647 365 495 364 397 394 872 1242 146 453 438 214 229 343 779 529 1262 689 498 532 766 495 0 710 407 302 1295 513 784 691 775 816 824 594 770 1224 298 821 287 325 164 770 459 389 365 842 444 686 511 353 277
691 1037 642 1172 895 392 564 293 523 1396 791 523 525 533 744 759 873 461 220 811 350 1028 223 1290 1025 576 0 205 832 844 1044 615 345 323 364 373 441 319 773 828 369 663 618 540 451 989 913 895 557 974 354 1041 883 372
522 869 592 1003 727 223 395 125 354 1227 871 354 357 364 575 591 704 541 158 891 430 860 161 1122 857 407 339 0 664 924 875 606 425 403 444 453 416 399 853 660 450 495 449 372 531 821 744 726 637 806 434 873 715 203
183 478 741 394 336 568 335 653 365 618 1459 400 424 449 185 166 314 750 786 1479 660 469 789 513 466 302 927 664 0 1512 485 755 662 991 830 1041 565 874 1441 270 826 270 296 330 741 430 135 336 813 415 658 482 324 533
1379 1718 1190 1859 1576 1080 1252 982 1211 1860 485 1211 1121 1221 1425 1441 1554 1008 908 504 897 1710 911 1978 1706 1264 754 893 1513 0 1725 1163 893 678 912 756 989 866 466 1510 917 1351 1299 1228 999 1670 1600 1576 1105 1656 902 1723 1564 1060
394 185 953 787 235 779 547 865 576 1011 1670 614 636 660 396 412 269 962 997 1690 872 195 1000 906 214 513 1138 875 485 1723 0 966 873 1203 1041 1253 777 1085 1652 263 1037 706 507 542 952 366 571 259 1024 204 869 167 237 745
665 960 103 1100 818 425 534 541 564 1324 1108 825 363 648 667 682 796 226 728 1128 310 951 731 1219 948 784 576 606 755 1161 966 0 311 641 479 691 255 523 1090 751 475 966 540 812 222 912 842 818 152 897 307 964 806 674
572 867 338 1007 725 332 441 448 471 1231 839 732 269 555 574 589 703 157 460 858 67 858 463 1126 855 691 307 445 662 892 873 311 0 371 209 421 137 254 821 658 205 873 447 719 147 819 749 725 253 804 64 871 713 581
858 1198 669 1338 1056 559 731 461 690 1562 625 690 600 700 904 920 1034 488 387 644 377 1189 390 1457 1186 743 233 372 993 678 1204 642 372 0 391 235 468 346 607 989 396 831 778 708 478 1150 1079 1056 584 1135 381 1202 1044 539
739 1035 506 1175 893 499 609 574 639 1399 878 803 437 723 741 757 870 324 500 898 214 1026 503 1294 1023 856 346 485 830 931 1041 479 209 411 0 461 305 75 860 826 36 944 615 821 315 987 916 892 421 972 218 1039 881 652
1018 1357 829 1498 1215 718 891 620 850 1722 525 850 760 860 1064 1080 1193 647 546 545 536 1348 550 1616 1345 903 393 532 1152 578 1364 802 532 317 551 0 628 505 507 1149 556 990 938 867 637 1309 1239 1215 744 1295 541 1362 1203 699
475 770 242 911 628 235 345 351 374 1135 934 635 173 458 477 492 606 226 538 954 136 761 541 1029 758 594 402 416 565 987 777 255 137 467 305 517 0 349 916 562 301 776 351 622 216 722 652 628 313 707 133 774 616 484
784 1079 550 1219 937 544 653 618 683 1444 923 848 482 767 786 801 915 369 544 942 258 1070 548 1338 1067 901 391 530 874 976 1085 523 254 455 75 505 349 0 905 870 80 988 659 865 359 1031 961 937 465 1016 262 1083 925 697
1308 1647 1119 1788 1505 1009 1181 911 1140 2012 152 1140 1050 1150 1354 1370 1483 937 837 172 827 1639 840 1907 1635 1193 683 822 1442 466 1654 1092 822 607 841 685 918 795 0 1439 846 1280 1228 1157 928 1600 1529 1505 1034 1585 831 1652 1493 989
179 257 738 615 115 564 332 650 361 839 1455 399 420 445 181 197 112 747 782 1475 657 248 785 734 245 298 923 660 270 1508 263 751 658 988 826 1038 562 870 1437 0 822 491 292 327 737 209 356 115 809 194 654 261 103 530
736 1031 502 1171 889 495 605 570 635 1395 875 799 433 719 738 753 867 321 496 894 210 1022 499 1290 1019 853 343 481 826 927 1037 475 205 407 36 457 301 80 857 822 0 940 611 817 311 983 912 889 417 968 214 1035 877 648
402 700 952 559 557 583 557 485 515 783 1330 180 645 526 361 331 535 961 617 1349 871 691 620 678 687 287 798 495 270 1383 706 966 873 862 903 912 776 857 1312 491 908 0 517 251 951 652 300 557 1023 637 868 704 545 364
206 501 527 641 359 353 121 439 150 866 1244 425 209 234 208 223 337 536 571 1264 446 492 574 760 489 325 712 449 296 1297 507 540 447 777 615 827 351 659 1226 292 611 517 0 353 526 453 383 359 598 438 443 505 347 319
189 535 798 676 393 459 392 361 392 900 1206 110 481 402 242 257 371 807 494 1226 717 526 497 794 523 164 674 372 330 1259 542 812 719 739 780 789 622 734 1188 327 785 251 353 0 798 487 417 393 870 472 715 539 381 241
651 946 303 1086 804 410 520 527 550 1310 944 811 348 634 653 668 782 196 566 964 146 937 569 1205 934 770 412 551 741 997 952 222 147 476 315 526 216 359 926 737 311 951 526 798 0 898 827 804 164 883 143 950 792 660
340 360 898 462 218 725 492 810 522 686 1616 560 581 606 342 358 215 907 943 1636 817 351 946 581 348 459 1084 821 430 1669 366 912 819 1148 987 1198 722 1031 1598 209 983 652 453 487 898 0 517 218 970 297 815 364 206 690
270 565 828 342 423 654 422 734 452 566 1546 430 511 535 227 197 401 837 866 1565 747 556 869 460 553 389 1014 744 135 1599 571 842 749 1078 916 1128 652 961 1528 356 912 300 383 417 827 517 0 423 899 502 744 569 411 614
246 252 804 639 123 631 398 716 428 863 1522 465 487 512 248 263 120 813 848 1541 723 243 851 757 240 365 990 726 336 1575 259 818 725 1054 892 1104 628 937 1504 115 889 557 359 393 804 218 423 0 876 189 720 256 111 596
723 1018 161 1158 876 482 592 599 622 1382 1050 883 420 706 725 740 854 167 672 1070 252 1009 675 1277 1006 842 518 657 813 1103 1024 152 253 582 421 632 313 465 1032 809 417 1023 598 870 164 970 899 876 0 955 249 1022 864 732
325 199 883 718 165 710 478 795 507 942 1601 545 566 591 327 343 200 893 928 1621 803 190 931 837 187 444 1069 806 415 1654 204 897 804 1133 972 1183 707 1016 1583 194 968 637 438 472 883 297 502 189 955 0 800 192 168 675
567 862 334 1003 720 327 437 444 467 1227 847 727 265 550 569 585 698 152 469 867 62 854 472 1122 850 686 315 454 658 900 869 307 64 380 218 430 133 262 829 654 214 868 443 715 143 815 744 720 249 800 0 867 708 577
392 172 951 785 232 777 545 863 574 1009 1668 612 633 658 394 410 267 960 995 1688 870 182 998 904 201 511 1136 873 482 1721 167 964 871 1201 1039 1250 774 1083 1650 261 1035 704 505 539 950 364 569 256 1022 192 867 0 235 742
234 231 792 627 111 619 386 704 416 851 1510 453 475 500 236 251 108 801 836 1529 711 222 840 745 219 353 978 715 324 1563 237 806 713 1042 881 1092 616 925 1492 103 877 545 347 381 792 206 411 111 864 168 708 235 0 584
392 738 660 873 596 291 265 193 224 1097 1038 224 401 234 445 460 574 669 314 1058 579 729 311 991 726 277 506 203 533 1091 745 674 581 570 611 620 484 566 1020 530 617 364 319 241 660 690 614 596 732 675 577 742 584 0
EOF