NAME : tsp_problem
TYPE : TSP
DIMENSION : 36
EDGE_WEIGHT_TYPE : EXPLICIT
EDGE_WEIGHT_FORMAT : FULL_MATRIX
EDGE_WEIGHT_SECTION
0 557 542 823 548 356 1131 839 1115 1970 261 683 73 1423 494 635 544 580 800 583 547 577 823 1046 453 680 657 554 805 755 1070 683 792 613 1121 632
557 0 931 1212 937 745 1520 1228 1505 1511 650 411 533 1813 883 1024 934 970 1189 973 937 966 1213 1436 842 1070 1047 944 1194 1145 1460 1073 1182 1003 1510 1022
540 930 0 488 349 412 627 504 612 2342 605 1055 516 920 104 131 413 382 465 79 43 73 692 543 321 549 154 355 470 624 566 294 289 482 617 128
854 1244 488 0 799 849 399 101 384 2656 919 1369 830 692 554 402 351 831 62 477 493 470 348 315 458 205 551 805 67 280 339 743 344 420 390 400
546 936 349 799 0 418 938 815 923 2348 611 1061 522 1231 301 442 724 84 776 390 354 384 1003 854 632 860 465 58 781 935 877 223 600 793 928 439
455 844 412 862 418 0 1001 878 986 2256 520 970 430 1294 364 505 691 451 839 453 417 447 970 917 599 827 528 424 844 902 940 553 663 760 991 502
1129 1519 627 399 938 1001 0 415 102 2931 1194 1644 1105 607 693 542 666 971 377 616 632 610 642 179 772 520 690 944 381 595 202 883 483 735 108 539
870 1260 504 101 815 865 415 0 400 2672 935 1385 846 708 570 419 367 848 78 493 509 486 364 331 474 221 567 821 83 296 355 760 360 436 406 416
1114 1503 612 384 923 986 102 400 0 2916 1179 1629 1089 591 678 526 650 955 361 600 617 594 627 164 757 505 675 929 366 580 187 867 468 719 92 524
1970 1511 2344 2625 2350 2158 2933 2641 2917 0 2063 1824 1945 3225 2296 2436 2346 2382 2602 2385 2349 2379 2625 2848 2254 2482 2459 2356 2607 2557 2872 2485 2594 2415 2923 2434
492 622 866 1147 872 680 1455 1163 1440 2034 0 748 468 1748 818 959 869 905 1124 907 871 901 1148 1371 777 1005 982 878 1129 1080 1394 1007 1117 938 1445 956
683 411 1057 1338 1063 871 1646 1354 1631 1824 776 0 659 1939 1009 1150 1059 1096 1315 1098 1062 1092 1339 1562 968 1196 1173 1069 1320 1271 1585 1198 1308 1129 1636 1147
73 533 517 798 523 331 1106 814 1091 1945 237 659 0 1399 469 610 520 556 775 559 523 552 799 1022 428 656 633 530 780 731 1046 659 768 589 1097 608
1422 1811 920 692 1231 1294 607 708 591 3224 1487 1937 1397 0 986 834 952 1263 669 908 925 902 654 523 1059 807 983 1237 674 703 546 1175 776 1022 597 832
492 882 104 554 301 364 693 570 678 2294 557 1007 468 986 0 197 479 334 531 146 110 139 758 609 388 615 220 307 536 690 633 246 355 548 683 194
633 1023 131 402 442 505 542 419 526 2435 698 1148 609 834 197 0 386 475 380 120 136 113 645 457 362 522 194 448 385 597 481 387 203 455 532 43
575 965 413 351 724 570 666 367 650 2377 640 1091 551 952 479 386 0 757 328 402 418 396 351 581 179 208 476 730 333 283 605 669 327 142 656 383
579 968 382 831 84 451 971 848 955 2381 644 1094 555 1263 334 475 757 0 809 423 387 417 1036 886 665 893 497 90 814 968 910 256 632 826 961 472
831 1221 465 62 776 826 377 78 361 2633 896 1346 807 669 531 380 328 809 0 454 470 448 325 292 435 182 528 782 44 257 316 721 321 397 367 377
582 971 79 477 390 453 616 493 600 2383 647 1097 557 908 146 120 402 423 454 0 85 62 681 532 310 538 143 397 459 613 555 335 277 471 606 117
546 935 43 493 354 417 632 509 617 2347 611 1061 521 925 110 136 418 387 470 85 0 78 698 548 327 554 159 361 475 629 572 299 294 488 623 134
575 965 73 470 384 447 610 486 594 2377 640 1091 551 902 139 113 396 417 448 62 78 0 675 525 304 532 136 390 452 607 549 329 271 465 600 111
854 1244 692 348 1003 849 642 364 627 2656 919 1370 830 654 758 645 351 1036 325 681 698 675 0 558 458 206 755 1009 330 102 582 948 587 421 633 643
1045 1435 543 315 854 917 179 331 164 2847 1110 1560 1021 523 609 457 581 886 292 532 548 525 558 0 688 436 606 860 297 511 118 798 399 651 169 455
484 873 321 458 632 479 772 474 757 2286 549 999 459 1059 388 362 179 665 435 310 327 304 458 688 0 315 385 639 440 390 712 577 434 248 763 359
711 1101 549 205 860 706 520 221 505 2513 776 1227 687 807 615 522 208 893 182 538 554 532 206 436 315 0 612 866 187 138 459 805 463 278 510 519
656 1046 154 551 465 528 690 567 675 2458 721 1171 632 983 220 194 476 497 528 143 159 136 755 606 385 612 0 471 533 687 630 409 352 545 680 191
552 942 355 805 58 424 944 821 929 2354 617 1068 528 1237 307 448 730 90 782 397 361 390 1009 860 639 866 471 0 787 941 884 188 606 800 934 445
836 1226 470 67 781 831 381 83 366 2638 901 1351 812 674 536 385 333 814 44 459 475 452 330 297 440 187 533 787 0 262 321 726 326 402 372 382
786 1176 624 280 935 781 595 296 580 2588 851 1302 762 703 690 597 283 968 257 613 629 607 102 511 390 138 687 941 262 0 534 880 538 353 585 594
1069 1458 566 339 877 940 202 355 187 2870 1134 1584 1044 546 633 481 605 910 316 555 572 549 582 118 712 459 630 884 321 534 0 822 422 674 193 478
682 1071 294 743 223 553 883 760 867 2484 747 1197 657 1175 246 387 669 256 721 335 299 329 948 798 577 805 409 188 726 880 822 0 544 738 873 384
791 1180 289 344 600 663 483 360 468 2593 856 1306 766 776 355 203 327 632 321 277 294 271 587 399 434 463 352 606 326 538 422 544 0 397 473 201
645 1034 482 420 793 639 735 436 719 2446 710 1160 620 1022 548 455 142 826 397 471 488 465 421 651 248 278 545 800 402 353 674 738 397 0 725 453
1119 1509 617 390 928 991 108 406 92 2921 1184 1635 1095 597 683 532 656 961 367 606 623 600 633 169 763 510 680 934 372 585 193 873 473 725 0 529
630 1020 128 400 439 502 539 416 524 2432 695 1146 606 832 194 43 383 472 377 117 134 111 643 455 359 519 191 445 382 594 478 384 201 453 529 0
EOF
