NAME : tsp_problem
TYPE : TSP
DIMENSION : 50
EDGE_WEIGHT_TYPE : EXPLICIT
EDGE_WEIGHT_FORMAT : FULL_MATRIX
EDGE_WEIGHT_SECTION
0 455 286 629 308 326 412 304 689 300 706 502 726 296 575 823 282 304 828 169 1427 467 161 367 275 296 465 342 656 380 379 209 571 390 702 726 264 432 709 758 384 605 201 279 631 475 372 371 881 143
455 0 279 874 244 571 657 183 934 231 951 747 971 245 820 1068 682 549 1073 414 1673 643 561 191 257 224 710 311 1014 625 624 454 816 213 947 971 237 789 954 1003 741 851 447 264 876 445 197 616 1126 487
286 279 0 705 132 402 488 128 765 124 782 578 802 120 651 899 513 380 904 245 1504 497 392 190 111 120 541 165 868 456 455 285 647 214 778 802 91 643 785 834 595 682 278 118 707 299 196 447 957 318
629 874 705 0 727 745 332 723 125 719 326 579 353 715 466 238 855 440 243 588 843 1041 734 785 694 715 194 760 1230 516 739 628 364 809 412 353 682 1006 146 276 957 399 620 697 425 894 791 730 296 660
308 244 132 727 0 424 510 110 787 123 804 600 824 119 673 921 535 402 926 267 1526 496 414 156 110 119 563 164 867 478 477 307 669 179 800 824 89 642 807 856 594 704 299 117 729 298 161 469 979 340
326 571 402 745 424 0 528 420 805 416 822 306 842 413 379 820 553 420 815 285 1272 738 432 483 391 413 581 458 927 385 184 161 583 506 506 842 380 703 825 874 655 449 164 395 443 591 488 176 725 358
412 657 488 332 510 528 0 506 392 502 409 421 429 499 375 525 639 223 531 371 1130 824 518 569 477 499 168 544 1013 300 580 411 273 592 490 429 466 789 412 460 741 308 403 481 334 677 574 572 584 444
304 183 128 723 110 420 506 0 783 97 800 596 820 111 669 917 531 398 922 263 1522 492 410 94 106 89 559 160 863 474 473 303 665 117 796 820 86 638 803 852 590 700 296 113 725 294 100 465 975 336
689 934 765 125 787 805 392 783 0 779 232 640 312 775 527 319 916 500 324 648 924 1101 795 846 754 776 254 821 1290 577 799 688 425 869 493 294 743 1066 186 182 1018 460 680 758 485 954 851 791 377 721
300 231 124 719 123 416 502 97 779 0 796 591 816 111 664 912 526 394 918 259 1517 488 406 143 102 111 555 156 858 470 469 299 660 166 791 816 81 634 799 847 586 695 291 109 721 289 148 461 971 332
706 951 782 326 804 822 409 800 232 796 0 657 102 793 544 520 933 517 525 665 1125 1118 812 863 771 793 271 838 1307 594 816 705 442 886 658 84 760 1083 239 116 1035 477 698 775 502 971 869 808 578 738
502 747 578 579 600 306 421 596 640 591 657 0 677 588 146 586 722 265 581 460 1038 908 496 658 567 588 416 633 1097 152 232 337 349 681 273 676 555 873 660 708 824 215 339 570 209 767 664 224 491 533
726 971 802 353 824 842 429 820 312 816 102 677 0 812 564 547 952 537 552 685 1152 1138 832 883 791 812 291 858 1327 613 836 725 462 906 678 121 780 1103 319 153 1055 496 717 794 522 991 888 828 605 758
296 245 120 715 119 413 499 111 775 111 793 588 812 0 661 909 523 390 914 255 1514 484 402 157 98 107 552 153 855 467 466 295 657 180 788 812 78 631 796 844 582 692 288 105 717 286 162 457 967 328
575 820 651 466 673 379 375 669 527 664 544 146 564 661 0 473 795 338 468 533 925 981 569 731 640 661 303 706 1170 224 305 410 236 754 160 563 628 946 547 595 897 102 412 643 96 840 737 297 378 606
823 1068 899 238 921 910 525 917 319 912 520 677 547 909 564 0 1049 634 54 781 903 1235 928 979 888 909 388 954 1424 710 836 822 558 1002 472 547 876 1200 339 470 1151 593 814 891 615 1088 985 828 356 854
282 682 513 855 535 553 639 531 916 526 933 722 952 523 795 1049 0 530 1054 305 1654 255 261 593 502 523 692 500 444 607 528 436 797 616 922 952 490 220 936 984 172 832 428 505 857 402 599 538 1107 244
304 549 380 440 402 420 223 398 500 394 517 265 537 390 338 634 530 0 639 263 1230 716 409 460 369 390 276 436 905 191 424 303 381 484 465 537 357 681 520 569 632 408 295 372 401 569 466 416 684 335
828 1073 904 243 926 916 531 922 324 918 525 682 552 914 569 54 1054 639 0 787 908 1240 933 984 893 914 393 960 1429 715 841 827 563 1008 477 552 881 1205 345 475 1156 598 819 896 620 1093 990 833 361 859
169 414 245 588 267 285 371 263 648 259 665 460 685 255 533 781 305 263 787 0 1386 491 184 326 234 255 424 301 680 339 338 168 529 349 660 685 223 455 668 716 407 564 160 237 590 434 331 330 840 166
1429 1674 1505 845 1527 1241 1132 1523 926 1519 1127 1007 1153 1515 894 834 1655 1199 829 1388 0 1841 1430 1586 1494 1515 994 1561 2030 1086 1166 1271 1085 1609 802 1153 1483 1806 946 1077 1758 951 1274 1497 945 1694 1591 1158 686 1460
467 643 497 1041 496 738 824 492 1101 488 1118 908 1138 484 981 1235 255 716 1240 491 1840 0 447 554 475 484 877 372 498 792 714 621 983 578 1108 1138 454 273 1121 1170 225 1018 613 482 1043 274 560 724 1293 429
161 561 392 734 414 432 518 410 795 406 812 496 832 402 569 928 261 409 933 184 1462 447 0 472 381 402 571 447 636 486 303 315 676 495 696 831 369 412 815 863 364 639 307 384 633 581 478 312 915 123
367 191 190 785 156 483 569 94 846 143 863 658 883 157 731 979 593 460 984 326 1584 554 472 0 169 135 622 223 925 537 536 366 727 126 858 882 148 701 866 914 653 762 358 176 787 356 108 528 1037 398
275 257 111 694 110 391 477 106 754 102 771 567 791 98 640 888 502 369 893 234 1492 475 381 169 0 98 530 144 846 445 444 274 636 192 767 791 69 622 774 823 573 671 266 96 696 277 174 436 946 307
296 224 120 715 119 413 499 89 776 111 793 588 812 107 661 909 523 390 914 255 1514 484 402 135 98 0 552 153 855 467 466 295 657 158 788 812 78 631 796 844 582 692 288 105 717 286 141 457 967 328
465 710 541 194 563 581 168 559 254 555 271 416 291 552 303 388 692 276 393 424 992 877 571 622 530 552 0 597 1066 353 575 464 201 645 417 291 519 842 274 323 794 236 457 534 261 730 628 567 446 497
342 311 165 760 164 458 544 160 821 156 838 633 858 153 706 954 500 436 960 301 1559 372 447 223 144 153 597 0 743 512 511 341 702 246 833 857 123 519 841 889 470 737 333 151 763 174 229 503 1012 373
642 1000 854 1216 853 913 999 849 1276 844 1293 1083 1313 841 1156 1410 430 891 1415 666 2014 483 622 911 832 841 1052 729 0 967 889 796 1158 934 1283 1313 811 237 1296 1345 310 1192 788 839 1218 631 917 899 1468 604
380 625 456 516 478 385 300 474 577 470 594 152 613 467 224 665 607 191 660 339 1117 792 486 537 445 467 353 512 981 0 311 379 428 560 351 613 434 757 597 645 709 294 371 449 288 645 542 302 570 412
379 624 455 739 477 184 580 473 799 469 816 232 836 466 305 746 528 424 741 338 1197 714 303 536 444 466 575 511 903 311 0 214 509 559 432 836 433 679 819 867 631 375 217 448 368 644 542 101 651 390
209 454 285 628 307 161 411 303 688 299 705 337 725 295 410 822 436 303 827 168 1302 621 315 366 274 295 464 341 810 379 214 0 569 389 537 725 263 586 708 757 538 479 59 277 473 474 371 206 755 241
571 816 647 364 669 583 273 665 425 660 442 349 462 657 236 558 797 381 563 529 1116 983 676 727 636 657 201 702 1172 428 509 569 0 750 351 461 624 947 445 493 899 251 562 639 245 836 733 500 569 602
390 213 214 809 179 506 592 117 869 166 886 681 906 180 754 1002 616 484 1008 349 1607 578 495 126 192 158 645 246 948 560 559 389 750 0 881 906 171 724 889 937 676 785 381 199 811 379 131 551 1061 421
702 947 778 392 800 506 490 796 473 791 658 273 678 788 160 382 922 465 377 660 833 1108 696 858 767 788 417 833 1297 351 432 537 351 881 0 678 755 1073 493 624 1024 217 539 770 211 967 864 424 287 733
726 971 802 353 824 842 429 820 294 816 84 676 121 812 563 547 952 537 552 685 1151 1138 831 882 791 812 291 857 1327 613 836 725 461 906 678 0 779 1103 301 135 1054 496 717 794 522 991 888 827 605 757
264 237 91 682 89 380 466 86 743 81 760 555 780 78 628 876 490 357 881 223 1481 454 369 148 69 78 519 123 825 434 433 263 624 171 755 779 0 601 763 811 553 659 255 76 684 256 154 425 934 295
432 789 643 1006 642 703 789 638 1066 634 1083 873 1103 631 946 1200 220 681 1205 455 1804 273 412 701 622 631 842 519 251 757 679 586 947 724 1073 1103 601 0 1086 1135 100 982 578 629 1008 420 707 689 1258 394
709 954 785 146 807 825 412 803 186 799 239 660 319 796 547 339 936 520 345 668 944 1121 815 866 774 796 274 841 1310 597 819 708 445 889 513 301 763 1086 0 189 1038 480 701 778 505 974 872 811 397 741
758 1003 834 276 856 874 460 852 182 847 116 708 153 844 595 470 984 569 475 716 1075 1170 863 914 823 844 323 889 1359 645 867 757 493 937 644 135 811 1135 189 0 1086 528 749 826 553 1023 920 859 528 789
384 741 595 957 594 655 741 590 1018 586 1035 824 1055 582 897 1151 172 632 1156 407 1756 225 364 653 573 582 794 470 324 709 631 538 899 676 1024 1054 553 100 1038 1086 0 934 530 580 959 372 658 640 1209 346
605 851 682 399 704 449 308 700 460 695 477 215 496 692 102 531 832 408 526 564 982 1018 639 762 671 692 236 737 1207 294 375 479 251 785 217 496 659 982 480 528 934 0 482 674 111 871 768 366 436 637
201 447 278 620 299 164 403 296 680 291 698 339 717 288 412 814 428 295 819 160 1305 613 307 358 266 288 457 333 802 371 217 59 562 381 539 717 255 578 701 749 530 482 0 270 476 466 364 209 758 233
279 264 118 697 117 395 481 113 758 109 775 570 794 105 643 891 505 372 896 237 1496 482 384 176 96 105 534 151 853 449 448 277 639 199 770 794 76 629 778 826 580 674 270 0 699 284 181 439 949 310
631 876 707 425 729 443 334 725 485 721 502 209 522 717 96 524 857 401 519 590 976 1043 633 787 696 717 261 763 1232 288 368 473 245 811 211 522 684 1008 505 553 959 111 476 699 0 896 793 360 429 662
475 445 299 894 298 591 677 294 954 289 971 767 991 286 840 1088 402 569 1093 434 1692 274 581 356 277 286 730 174 645 645 644 474 836 379 967 991 256 420 974 1023 372 871 466 284 896 0 362 636 1146 507
372 197 196 791 161 488 574 100 851 148 869 664 888 162 737 985 599 466 990 331 1590 560 478 108 174 141 628 229 931 542 542 371 733 131 864 888 154 707 872 920 658 768 364 181 793 362 0 533 1043 404
371 616 447 730 469 176 572 465 791 461 808 224 828 457 297 737 538 416 732 330 1189 724 312 528 436 457 567 503 913 302 101 206 500 551 424 827 425 689 811 859 640 366 209 439 360 636 533 0 642 400
802 1047 878 351 900 607 590 896 432 892 633 373 660 888 260 341 1022 565 336 761 792 1208 796 959 867 888 501 934 1397 452 532 637 451 982 168 659 856 1173 452 583 1125 317 640 870 311 1067 964 524 0 833
143 487 318 660 340 358 444 336 721 332 738 533 758 328 606 854 244 335 859 166 1459 429 123 398 307 328 497 373 618 412 390 241 602 421 733 757 295 394 741 789 346 637 233 310 662 507 404 400 912 0
EOF