NAME : tsp_problem
TYPE : TSP
DIMENSION : 34
EDGE_WEIGHT_TYPE : EXPLICIT
EDGE_WEIGHT_FORMAT : FULL_MATRIX
EDGE_WEIGHT_SECTION
0 496 786 432 214 102 869 762 892 974 930 676 526 253 949 312 355 441 858 992 527 816 971 678 817 94 1158 121 872 954 522 669 1177 542
496 0 420 287 366 477 749 434 772 854 810 215 95 545 828 460 401 215 737 871 551 696 512 217 666 468 988 496 752 833 111 549 1008 536
786 420 0 589 655 767 414 131 437 519 475 475 397 835 493 750 691 517 402 536 810 361 292 477 361 758 1248 786 417 498 413 214 1267 796
432 287 589 0 301 412 684 577 707 790 745 385 265 481 764 395 336 256 673 807 509 631 682 387 632 404 1139 432 687 769 280 484 1159 524
214 366 655 301 0 194 738 632 761 844 800 545 395 344 818 282 224 310 727 861 396 685 840 547 686 185 1027 213 741 823 391 538 1046 411
102 477 767 412 194 0 849 743 873 955 911 657 506 172 929 232 328 421 838 972 501 796 952 658 797 56 1131 84 853 934 502 650 1150 515
869 749 414 684 738 849 0 390 519 159 558 837 759 918 576 832 773 693 485 424 946 443 318 839 163 841 1576 869 499 581 774 251 1596 961
762 434 131 577 632 743 390 0 413 495 451 489 412 811 469 726 667 531 378 512 825 337 306 491 337 734 1262 762 393 474 428 190 1282 810
892 772 437 707 761 873 519 413 0 625 160 866 788 941 178 855 797 716 233 367 969 173 622 868 467 864 1600 892 102 183 797 320 1619 984
974 854 519 790 844 955 159 495 625 0 663 942 865 1023 681 938 879 798 439 295 1051 549 423 944 269 946 1682 974 605 686 879 357 1701 1066
930 810 475 745 800 911 558 451 160 663 0 904 827 979 194 894 835 754 271 405 1007 211 660 906 505 902 1638 930 140 188 835 358 1657 1022
676 215 475 385 545 657 837 489 866 942 904 0 193 557 922 471 386 313 831 965 400 790 568 66 722 648 838 676 846 927 209 643 857 385
526 95 397 265 395 506 759 412 788 865 827 193 0 575 845 489 430 192 754 888 528 712 490 195 644 498 966 526 768 850 89 565 985 514
253 545 835 481 344 172 918 811 941 1023 979 577 575 0 997 120 212 489 906 1040 385 865 1020 579 865 207 1015 234 921 1002 570 718 1035 400
949 828 493 764 818 929 576 469 178 681 194 922 845 997 0 912 853 773 289 423 1026 230 678 924 524 921 1656 948 158 215 854 376 1675 1041
312 460 750 395 282 232 832 726 855 938 894 491 489 120 912 0 127 404 821 955 299 779 934 493 780 267 930 294 835 917 485 632 949 314
355 401 691 336 224 328 773 667 797 879 835 406 430 212 853 127 0 345 762 896 214 720 876 408 721 326 844 354 777 858 426 574 864 229
441 215 517 256 310 421 693 531 716 798 754 313 192 489 773 404 345 0 682 816 518 640 610 314 641 413 1086 441 696 777 208 493 1105 533
858 737 402 673 727 838 485 378 233 439 271 831 754 906 289 821 762 682 0 175 935 156 587 833 433 829 1565 857 213 294 763 285 1584 949
992 871 536 807 861 972 424 512 367 295 405 965 888 1040 423 955 896 816 175 0 1069 290 688 967 533 964 1699 991 347 428 897 419 1718 1084
527 573 861 509 396 501 946 839 969 1051 1007 451 579 385 1026 299 214 518 935 1069 0 893 954 452 894 499 889 527 949 1030 595 746 908 45
816 696 361 631 685 796 443 337 173 549 211 790 712 865 230 779 720 640 156 290 893 0 546 792 391 788 1523 816 153 235 721 243 1543 908
971 512 292 682 840 952 318 306 622 423 660 568 490 1020 678 934 876 610 587 688 903 546 0 569 243 943 1341 971 602 683 506 354 1360 888
678 217 477 387 547 658 839 491 868 944 906 66 195 559 924 473 388 314 833 967 402 792 569 0 724 650 839 678 848 929 211 645 859 387
817 666 361 632 686 797 163 337 467 269 505 722 644 865 524 780 721 641 433 533 894 391 243 724 0 789 1495 816 447 528 660 199 1514 909
94 468 758 404 185 56 841 734 864 946 902 648 498 207 921 267 326 413 829 964 499 788 943 650 789 0 1129 76 844 925 494 641 1149 514
1159 957 1217 1127 1028 1132 1578 1231 1601 1683 1639 806 935 1017 1658 931 846 1054 1567 1701 860 1525 1309 808 1464 1131 0 1159 1581 1662 951 1378 201 845
121 496 786 432 213 84 869 762 892 974 930 676 526 234 948 294 354 441 857 991 527 816 971 678 816 76 1157 0 872 953 522 669 1177 542
872 752 417 687 741 853 499 393 102 605 140 846 768 921 158 835 777 696 213 347 949 153 602 848 447 844 1580 872 0 163 777 300 1599 964
954 833 498 769 823 934 581 474 183 686 188 927 850 1002 215 917 858 777 294 428 1030 235 683 929 528 925 1661 953 163 0 858 381 1680 1045
522 111 413 280 391 502 774 428 797 879 835 209 89 570 854 485 426 208 763 897 544 721 506 211 660 494 982 522 777 858 0 574 1001 529
669 549 214 484 538 650 251 190 320 357 358 643 565 718 376 632 574 493 285 419 746 243 354 645 199 641 1377 669 300 381 574 0 1396 761
1178 976 1236 1146 1047 1152 1597 1251 1620 1703 1659 826 954 1036 1677 951 865 1074 1586 1720 879 1544 1329 827 1483 1150 201 1178 1600 1682 970 1397 0 864
542 588 876 524 411 515 961 854 984 1066 1022 465 594 400 1041 314 229 533 949 1084 45 908 969 467 909 514 904 542 964 1045 610 761 923 0
EOF