NAME : tsp_problem
TYPE : TSP
DIMENSION : 50
EDGE_WEIGHT_TYPE : EXPLICIT
EDGE_WEIGHT_FORMAT : FULL_MATRIX
EDGE_WEIGHT_SECTION
0 662 914 939 553 941 988 992 982 366 899 796 917 932 659 431 274 1068 986 924 904 479 404 896 849 1709 426 894 103 1131 440 489 426 704 1205 766 252 753 922 1166 606 937 1033 831 929 1208 1094 1036 654 933
923 0 1382 1408 1021 1410 1456 1461 1451 835 1368 834 1386 1400 755 900 1010 1536 623 562 1372 947 873 1365 1148 2177 724 1363 875 1599 909 958 724 843 1674 404 988 1221 1391 1635 503 1405 671 1131 1398 1677 1563 1505 792 1402
914 1121 0 140 529 142 189 194 183 697 100 883 118 133 674 532 810 269 1445 1383 105 580 558 97 325 1143 885 95 866 565 542 465 885 763 457 1225 788 229 123 367 1065 138 1492 307 130 460 571 237 712 134
939 1147 140 0 554 167 214 219 209 722 126 908 143 158 700 558 835 294 1470 1408 130 605 583 123 350 1168 910 120 891 590 567 490 910 788 482 1250 813 255 149 392 1090 163 1518 333 155 485 596 262 738 160
553 761 529 554 0 556 603 607 597 336 514 684 532 547 399 172 449 683 1084 1022 519 219 197 511 464 1324 524 509 505 746 181 104 524 445 820 864 427 368 537 781 704 552 1132 446 544 823 709 651 395 548
941 1149 142 167 556 0 216 221 211 724 128 911 145 160 702 560 837 296 1472 1410 132 608 586 125 353 1170 913 122 893 592 569 492 913 790 485 1253 816 257 151 395 1092 165 1520 335 158 488 598 265 740 162
988 1196 189 214 603 216 0 122 112 771 175 957 192 207 749 607 884 343 1519 1457 179 654 632 172 399 1217 959 169 940 639 616 539 959 837 531 1299 862 304 198 296 1139 212 1567 381 204 534 645 311 787 209
992 1200 194 219 607 221 122 0 117 776 179 962 197 212 753 611 889 348 1523 1461 184 659 637 176 404 1221 964 174 944 643 621 544 964 842 536 1304 867 308 202 301 1144 216 1571 386 209 539 649 316 791 213
982 1190 183 209 597 211 112 117 0 765 169 952 187 201 743 601 878 337 1513 1451 173 649 627 166 394 1211 954 164 934 633 610 533 954 831 526 1294 857 298 192 290 1133 206 1561 376 199 529 639 306 781 203
366 574 697 722 336 724 771 776 765 0 682 708 700 715 442 214 324 851 897 836 687 262 187 679 632 1492 338 677 318 914 223 272 338 487 988 678 303 536 705 949 518 720 945 614 712 991 877 819 437 716
899 1107 100 126 514 128 175 179 169 682 0 869 104 118 660 518 795 255 1430 1368 91 566 544 83 311 1128 871 81 851 550 527 451 871 748 443 1211 774 215 109 353 1051 123 1478 293 116 446 556 223 698 120
776 605 883 908 684 911 957 962 952 688 869 0 887 901 325 562 840 1037 929 867 873 610 588 866 643 1673 577 864 728 1095 572 621 577 413 1169 709 818 722 892 1136 549 906 976 625 899 1172 1058 1006 363 903
917 1125 118 143 532 145 192 197 187 700 104 887 0 136 678 536 813 272 1448 1386 108 583 561 101 328 1146 888 98 869 568 545 468 888 766 460 1228 791 233 127 370 1068 141 1496 311 133 463 574 240 716 138
932 1139 133 158 547 160 207 212 201 715 118 901 136 0 693 551 828 287 1463 1401 123 598 576 115 343 1161 903 113 884 583 560 483 903 781 475 1243 806 247 141 385 1083 156 1510 325 148 478 589 255 730 153
659 526 674 700 399 702 749 753 743 442 660 325 678 693 0 277 555 829 850 788 665 325 303 657 434 1464 498 655 611 886 287 335 498 128 960 630 533 514 683 927 470 697 897 416 690 963 849 797 78 694
431 639 532 558 172 560 607 611 601 214 518 562 536 551 277 0 327 687 962 900 523 98 75 515 467 1328 403 513 383 750 59 108 403 323 824 742 305 372 541 785 582 555 1010 450 548 827 713 655 273 552
274 749 810 835 449 837 884 889 878 324 795 840 813 828 555 327 0 964 1072 1010 800 375 300 792 745 1605 513 790 226 1027 336 385 513 600 1101 853 69 649 818 1062 693 833 1120 727 825 1104 990 932 550 829
1068 1275 269 294 683 296 343 348 337 851 255 1037 272 287 829 687 964 0 1599 1537 259 734 712 252 479 929 1039 249 1020 350 696 619 1039 917 243 1379 942 384 277 521 1219 292 1647 461 284 246 458 76 867 289
987 652 1446 1471 1085 1474 1520 1525 1515 899 1432 897 1449 1464 818 963 1074 1600 0 224 1436 1011 937 1429 1212 2241 788 1426 939 1663 973 1022 788 907 1738 379 1052 1285 1455 1699 567 1469 334 1194 1462 1740 1626 1568 856 1466
925 590 1384 1409 1023 1412 1458 1463 1453 837 1370 835 1387 1402 756 901 1012 1538 224 0 1374 949 875 1367 1150 2179 726 1364 877 1601 911 960 726 845 1676 317 990 1223 1393 1637 505 1407 193 1132 1400 1678 1564 1506 794 1404
904 1112 105 130 519 132 179 184 173 687 91 873 108 123 665 523 800 259 1435 1373 0 570 548 88 315 1133 875 85 856 555 532 455 875 753 447 1215 778 220 113 357 1055 128 1483 297 120 450 561 227 703 125
479 686 580 605 219 608 654 659 649 262 566 610 583 598 325 98 375 734 1010 948 570 0 123 563 515 1375 450 560 431 797 107 156 450 371 872 790 353 419 589 833 630 603 1058 497 596 874 761 702 320 600
404 612 558 583 197 586 632 637 627 187 544 588 561 576 303 75 300 712 935 873 548 123 0 541 493 1353 376 538 356 775 85 134 376 349 850 715 279 397 567 811 555 581 983 475 574 852 738 680 298 578
896 1104 97 123 511 125 172 176 166 679 83 866 101 115 657 515 792 252 1427 1365 88 563 541 0 308 1125 868 78 848 547 524 448 868 745 440 1208 771 212 106 350 1048 120 1475 290 113 443 553 220 695 117
849 920 325 350 464 353 399 404 394 632 311 643 328 343 434 467 745 479 1244 1182 315 515 493 308 0 1120 820 305 801 542 477 400 820 522 617 1024 723 164 334 578 864 348 1291 67 341 619 506 447 472 345
1307 1515 741 767 922 769 815 820 810 1091 727 1271 745 759 1063 926 1204 527 1838 1776 731 974 952 724 719 0 1279 722 1259 225 936 859 1279 1151 350 1619 1182 623 750 994 1459 764 1886 701 757 353 383 548 1100 761
426 479 885 910 524 913 959 964 954 338 871 613 888 903 534 403 513 1039 803 741 875 450 376 868 820 1680 0 865 378 1102 412 461 30 622 1177 583 491 724 894 1138 423 908 850 802 901 1179 1066 1007 572 905
894 1102 95 120 509 122 169 174 164 677 81 864 98 113 655 513 790 249 1425 1363 85 560 538 78 305 1123 865 0 846 545 522 445 865 743 437 1205 768 210 104 347 1045 118 1473 288 110 440 551 217 693 115
103 614 866 891 505 893 940 944 934 318 851 748 869 884 611 383 226 1020 938 876 856 431 356 848 801 1661 378 846 0 1083 392 441 378 656 1157 718 204 705 874 1118 558 889 985 783 881 1160 1046 988 606 885
1131 1338 565 590 746 592 639 643 633 914 550 1095 568 583 886 750 1027 350 1662 1600 555 797 775 547 542 626 1102 545 1083 0 759 682 1102 974 173 1442 1005 446 573 817 1282 587 1710 524 580 176 207 372 924 584
440 648 542 567 181 569 616 621 610 223 527 572 545 560 287 59 336 696 971 909 532 107 85 524 477 1337 412 522 392 759 0 117 412 332 833 751 315 381 550 794 591 565 1019 459 557 836 722 664 282 561
489 697 465 490 104 492 539 544 533 272 451 621 468 483 335 108 385 619 1020 958 455 156 134 448 400 1260 461 445 441 682 117 0 461 381 756 800 363 304 473 717 640 488 1068 382 480 759 645 587 331 485
426 479 885 910 524 913 959 964 954 338 871 613 888 903 534 403 513 1039 803 741 875 450 376 868 820 1680 30 865 378 1102 412 461 0 622 1177 583 491 724 894 1138 423 908 850 802 901 1179 1066 1007 572 905
704 615 763 788 445 790 837 842 831 487 748 413 766 781 128 323 600 917 938 876 753 371 349 745 522 1552 586 743 656 974 332 381 586 0 1048 718 579 602 771 1015 558 786 986 504 778 1051 937 885 124 782
1205 1413 457 482 820 485 531 536 526 988 443 1169 460 475 960 824 1101 243 1736 1674 447 872 850 440 617 751 1177 437 1157 173 833 756 1177 1048 0 1516 1079 521 466 710 1356 480 1784 599 473 68 281 264 998 477
767 432 1226 1252 866 1254 1301 1305 1295 679 1212 678 1230 1245 599 744 854 1381 379 317 1217 792 717 1209 993 2022 569 1207 719 1444 753 802 569 687 1518 0 833 1066 1235 1479 347 1249 427 975 1242 1521 1407 1349 637 1246
252 727 788 813 427 816 862 867 857 303 774 818 791 806 533 305 69 942 1051 989 778 353 279 771 723 1583 491 768 204 1005 315 363 491 579 1079 831 0 627 797 1040 671 811 1099 705 803 1082 968 910 528 808
753 961 229 255 368 257 304 308 298 536 215 722 233 247 514 372 649 384 1284 1222 220 419 397 212 164 1025 724 210 705 446 381 304 724 602 521 1064 627 0 238 482 904 252 1332 146 245 524 410 352 552 249
922 1130 123 149 537 151 198 202 192 705 109 892 127 141 683 541 818 277 1453 1391 113 589 567 106 334 1151 894 104 874 573 550 473 894 771 466 1234 797 238 0 376 1073 146 1501 316 139 469 579 246 721 143
1166 1374 367 392 781 395 296 301 290 949 353 1136 370 385 927 785 1062 521 1697 1635 357 833 811 350 578 1395 1138 347 1118 817 794 717 1138 1015 710 1477 1040 482 376 0 1317 390 1745 560 383 712 823 489 965 387
607 272 1066 1092 706 1094 1140 1145 1135 519 1052 518 1070 1084 439 584 694 1220 567 505 1056 631 557 1049 833 1861 408 1047 559 1283 593 642 408 527 1358 347 672 905 1075 1319 0 1089 615 815 1082 1361 1247 1189 477 1086
937 1144 138 163 552 165 212 216 206 720 123 906 141 156 697 555 833 292 1468 1406 128 603 581 120 348 1166 908 118 889 587 565 488 908 786 480 1248 811 252 146 390 1088 0 1515 330 153 483 593 260 735 157
1035 700 1494 1519 1133 1521 1568 1573 1563 947 1480 945 1497 1512 866 1011 1122 1648 334 193 1484 1059 984 1477 1260 2289 836 1474 987 1711 1020 1069 836 954 1785 427 1100 1333 1503 1746 615 1517 0 1242 1509 1788 1674 1616 904 1514
831 902 307 333 446 335 381 386 376 614 293 625 311 325 416 450 727 461 1226 1164 297 497 475 290 67 1102 802 288 783 524 459 382 802 504 599 1006 705 146 316 560 846 330 1273 0 323 602 488 430 454 327
929 1137 130 155 544 158 204 209 199 712 116 899 133 148 690 548 825 284 1460 1398 120 596 574 113 341 1158 901 110 881 580 557 480 901 778 473 1240 803 245 139 383 1080 153 1508 323 0 475 586 252 728 150
1208 1416 460 485 823 488 534 539 529 991 446 1172 463 478 963 827 1104 246 1739 1677 450 874 852 443 619 754 1179 440 1160 176 836 759 1179 1051 68 1519 1082 524 469 712 1359 483 1787 602 475 0 284 267 1001 480
1094 1302 571 596 709 598 645 649 639 877 556 1058 574 589 849 713 990 458 1625 1563 561 761 738 553 506 785 1066 551 1046 207 722 645 1066 937 281 1405 968 410 579 823 1245 593 1673 488 586 284 0 480 887 590
1036 1244 237 262 651 265 311 316 306 819 223 1006 240 255 797 655 932 76 1567 1505 227 702 680 220 447 950 1007 217 988 372 664 587 1007 885 264 1347 910 352 246 489 1187 260 1615 430 252 267 480 0 835 257
654 564 712 738 395 740 787 791 781 437 698 363 716 730 78 273 550 867 888 826 703 320 298 695 472 1502 536 693 606 924 282 331 536 124 998 668 528 552 721 965 508 735 935 454 728 1001 887 835 0 732
933 1141 134 160 548 162 209 213 203 716 120 903 138 153 694 552 829 289 1464 1402 125 600 578 117 345 1162 905 115 885 584 561 485 905 782 477 1245 808 249 143 387 1085 157 1512 327 150 480 590 257 732 0
EOF
