NAME : tsp_problem
TYPE : TSP
DIMENSION : 60
EDGE_WEIGHT_TYPE : EXPLICIT
EDGE_WEIGHT_FORMAT : FULL_MATRIX
EDGE_WEIGHT_SECTION
0 849 627 920 149 313 251 745 153 239 672 650 520 157 798 684 161 272 801 236 356 790 690 542 724 573 277 509 818 929 164 536 514 177 718 157 722 817 391 393 291 257 248 840 551 623 390 624 472 142 915 924 814 788 245 328 723 594 147 308
849 0 542 432 843 575 946 167 847 660 1128 265 537 851 714 313 855 967 549 931 574 705 191 341 161 489 617 489 734 422 777 452 658 842 452 851 443 712 497 779 986 952 646 109 328 277 782 1080 407 836 437 427 561 536 700 1023 266 311 826 1002
627 543 0 338 622 547 724 637 626 473 912 542 694 630 240 292 634 745 219 709 352 231 384 499 418 109 511 460 260 347 556 138 747 620 136 630 141 259 624 626 764 730 424 534 486 435 624 864 423 615 333 343 232 207 479 801 331 486 604 781
920 533 338 0 914 839 1016 672 918 765 1205 738 890 922 525 584 926 1037 345 1002 645 524 545 695 515 402 803 752 552 40 848 430 1011 913 248 922 239 508 850 919 1057 1023 716 524 682 631 916 1156 715 907 54 45 357 332 771 1094 620 682 896 1073
149 843 622 914 0 308 210 739 111 234 631 644 515 115 793 678 119 188 796 152 351 784 684 537 718 567 272 504 812 923 123 530 508 135 712 89 717 812 385 387 207 173 243 835 546 617 385 582 467 100 909 919 808 783 240 287 717 588 105 224
313 575 547 828 308 0 410 470 311 125 598 375 246 316 718 502 319 431 720 395 276 709 415 268 450 492 81 428 737 817 241 455 367 306 637 315 642 737 134 312 450 416 167 566 319 348 310 550 391 301 833 823 733 708 165 487 455 319 290 466
251 946 724 1016 210 410 0 842 213 336 462 746 617 218 895 780 221 333 898 297 453 886 786 639 821 670 374 606 915 1026 225 633 610 238 815 217 819 914 487 489 352 318 345 937 648 720 487 414 569 202 1011 1021 910 885 342 118 819 690 208 368
745 167 637 572 739 470 842 0 743 556 1024 144 433 747 808 407 751 862 688 827 470 800 320 237 301 583 513 385 828 562 673 546 554 738 592 747 583 827 393 675 882 848 542 193 224 253 678 976 303 732 577 567 701 676 596 919 360 184 721 898
153 847 626 918 111 311 213 743 0 237 634 648 519 119 796 682 123 216 799 181 355 788 688 541 722 571 275 507 816 927 126 534 512 139 716 118 720 816 389 391 236 202 246 839 549 621 389 586 470 104 913 923 812 787 243 290 721 592 109 252
239 660 473 765 234 125 336 556 237 0 524 461 332 242 643 529 245 357 646 321 202 635 501 354 535 418 122 354 663 774 167 381 359 232 563 241 567 663 202 238 376 342 93 652 396 434 236 476 317 227 760 770 659 634 90 413 541 405 216 392
672 1128 912 1205 631 598 462 1024 634 524 0 929 629 639 1083 968 642 754 1086 718 641 1075 969 822 1003 858 562 794 1103 1214 607 821 518 659 1003 638 1007 1102 676 397 773 739 533 1119 836 902 395 100 757 624 1200 1209 1099 1073 485 374 1008 873 629 789
650 265 542 637 644 375 746 144 648 461 929 0 337 652 713 312 656 767 716 731 375 704 225 142 259 487 417 290 733 627 578 451 458 642 632 652 637 732 297 580 786 752 446 291 129 158 582 880 207 637 642 632 728 703 501 823 265 89 626 803
520 537 694 790 515 246 617 433 519 332 629 337 0 523 865 464 527 638 868 602 483 857 377 230 412 640 288 442 885 780 449 603 158 513 785 523 789 884 168 280 657 623 375 528 281 311 282 580 360 508 795 785 881 856 372 694 418 281 497 674
157 851 630 922 115 316 218 747 119 242 639 652 523 0 801 686 127 225 804 189 359 792 692 545 726 575 280 512 820 931 131 538 516 143 720 123 725 820 393 395 244 210 251 843 554 625 393 590 475 108 917 927 816 791 248 295 725 596 113 261
798 714 240 525 793 718 895 808 796 643 1083 713 865 801 0 463 804 916 239 880 523 56 554 670 589 280 681 631 102 535 726 308 918 791 324 800 328 84 795 797 935 901 595 705 657 606 795 1035 594 786 520 530 209 225 650 972 502 657 775 951
684 313 292 566 678 502 780 407 682 529 968 312 464 686 463 0 690 801 466 765 408 454 153 269 188 237 544 417 483 556 612 201 585 676 382 686 387 482 424 682 820 786 480 304 256 205 680 920 334 671 571 561 478 453 535 857 151 256 660 837
161 855 634 926 119 319 221 751 123 245 642 656 527 127 804 690 0 208 807 173 363 796 696 549 730 579 283 515 824 935 134 542 520 147 724 110 728 823 397 399 228 194 254 847 557 629 397 594 478 112 921 931 820 795 251 298 729 600 117 244
272 967 745 1037 188 431 333 862 216 357 754 767 638 225 916 801 208 0 919 172 474 907 807 660 842 690 395 627 935 1046 246 653 631 258 835 147 840 935 508 510 197 172 366 958 669 740 508 705 590 172 1032 1042 931 906 363 410 840 711 228 183
801 569 219 345 796 720 898 709 799 646 1086 716 868 804 239 466 807 919 0 883 526 273 557 673 551 283 684 634 319 354 729 311 921 794 143 803 147 221 798 800 938 904 598 560 660 609 798 1038 597 789 339 349 163 179 653 975 505 660 778 954
236 931 709 1002 152 395 297 827 181 321 718 731 602 189 880 765 173 172 883 0 438 872 771 624 806 655 359 591 900 1011 210 618 596 223 800 111 804 899 472 475 192 158 330 922 633 705 472 670 554 136 996 1006 895 870 327 374 805 675 193 208
356 574 352 645 351 276 453 470 355 202 641 375 483 359 523 408 363 474 526 438 0 515 415 332 449 298 240 234 543 654 285 261 476 349 443 359 447 542 353 355 493 459 198 565 276 348 353 593 197 344 640 649 539 513 208 530 448 319 333 510
790 705 231 524 784 709 886 800 788 635 1075 704 857 792 56 454 796 907 273 872 515 0 546 661 580 272 673 622 94 533 718 300 909 782 322 792 326 75 786 789 927 893 586 697 648 598 786 1026 585 777 519 528 243 260 641 964 494 648 766 943
690 191 384 445 684 415 786 320 688 501 969 225 377 692 554 153 696 807 557 771 415 546 0 182 101 329 457 330 574 434 618 292 498 682 464 692 456 574 337 620 827 792 486 183 169 118 622 920 248 677 450 439 570 545 541 863 107 169 666 843
542 341 499 594 537 268 639 237 541 354 822 142 230 545 670 269 549 660 673 624 332 661 182 0 216 445 310 247 690 584 471 408 351 535 590 545 594 689 190 473 679 645 397 333 86 115 475 773 165 530 599 589 685 660 394 716 222 86 519 696
724 161 418 414 718 450 821 301 722 535 1003 259 412 726 589 188 730 842 531 806 449 580 101 216 0 364 492 364 609 404 652 327 533 717 434 726 425 608 372 654 861 827 521 153 203 152 657 955 282 711 419 409 543 518 575 898 141 203 701 877
573 489 109 402 567 492 670 583 571 418 858 487 640 575 280 237 579 690 283 655 298 272 329 445 364 0 456 405 300 411 501 83 693 566 200 575 204 299 570 572 710 676 369 480 431 381 569 810 368 560 396 406 295 270 424 747 277 432 549 726
277 617 511 803 272 81 374 513 275 122 562 417 288 280 681 544 283 395 684 359 240 673 457 310 492 456 0 392 701 812 205 419 397 270 601 279 605 700 158 276 414 380 131 608 361 390 274 514 355 264 798 808 697 672 128 451 497 361 254 430
509 489 460 743 504 428 606 385 507 354 794 290 442 512 631 417 515 627 634 591 234 622 330 247 364 405 392 0 650 732 437 369 563 502 550 511 555 650 402 508 646 612 306 481 234 263 506 746 305 497 747 738 646 621 361 683 370 234 486 662
818 734 260 552 812 737 915 828 816 663 1103 733 885 820 102 483 824 935 319 900 543 94 574 690 609 300 701 650 0 561 746 328 938 811 350 820 355 121 815 817 955 921 615 725 676 626 814 1055 613 805 547 557 289 305 669 992 522 677 794 971
929 542 347 40 923 848 1026 682 927 774 1214 747 900 931 535 594 935 1046 354 1011 654 533 554 704 524 411 812 761 561 0 857 439 1021 922 257 931 248 517 860 928 1066 1032 726 533 691 640 925 1166 724 916 45 35 366 341 780 1103 629 691 905 1082
164 777 556 848 123 241 225 673 126 167 607 578 449 131 726 612 134 246 729 210 285 718 618 471 652 501 205 437 746 857 0 464 442 151 646 130 650 745 319 321 265 231 176 768 479 551 319 559 400 115 843 852 742 717 173 302 651 522 121 281
536 452 138 430 530 455 633 546 534 381 821 451 603 538 308 201 542 653 311 618 261 300 292 408 327 83 419 369 328 439 464 0 656 529 228 538 232 328 533 535 673 639 333 443 394 344 532 773 331 523 425 435 324 299 387 710 240 395 512 689
514 658 747 911 508 367 610 554 512 359 518 458 158 516 918 585 520 631 921 596 476 909 498 351 533 693 397 563 938 900 442 656 0 506 838 516 842 937 289 232 651 617 368 649 402 431 229 470 481 501 916 906 933 908 320 654 539 402 490 667
177 842 620 913 135 306 238 738 139 232 659 642 513 143 791 676 147 258 794 223 349 782 682 535 717 566 270 502 811 922 151 529 506 0 711 143 715 810 383 386 278 244 241 833 544 616 383 610 465 128 907 917 806 781 238 315 716 586 133 294
718 472 136 248 712 637 815 612 716 563 1003 632 785 720 324 382 724 835 143 800 443 322 474 590 454 200 601 550 350 257 646 228 838 711 0 720 64 306 715 717 855 821 514 464 576 526 714 955 513 705 243 252 155 130 569 892 422 577 694 871
157 851 630 922 89 315 217 747 118 241 638 652 523 123 800 686 110 147 803 111 359 792 692 545 726 575 279 511 820 931 130 538 516 143 720 0 725 820 393 395 166 132 250 843 553 625 393 590 474 73 917 927 816 791 248 294 725 596 113 183
722 463 141 239 717 642 819 603 720 567 1007 637 789 725 328 387 728 840 147 804 447 326 476 594 445 204 605 555 355 248 650 232 842 715 64 725 0 310 719 721 859 825 519 455 581 530 719 959 518 710 234 244 159 134 574 896 426 581 699 876
817 732 259 508 812 737 914 827 816 663 1102 732 884 820 84 482 823 935 221 899 542 75 574 689 608 299 700 650 121 517 745 328 937 810 306 820 310 0 814 816 954 920 614 724 676 625 814 1054 613 805 503 512 191 207 669 991 521 676 794 971
391 497 624 750 385 134 487 393 389 202 676 297 168 393 795 424 397 508 798 472 353 786 337 190 372 570 158 402 815 739 319 533 289 383 715 393 719 814 0 389 528 494 245 488 241 270 387 627 320 378 755 745 810 785 242 564 377 241 367 544
393 779 626 919 387 312 489 675 391 238 397 580 280 395 797 682 399 510 800 475 355 789 620 473 654 572 276 508 817 928 321 535 232 386 717 395 721 816 389 0 530 496 247 771 524 553 108 349 471 380 913 923 812 787 199 533 660 524 369 546
291 986 764 1057 207 450 352 882 236 376 773 786 657 244 935 820 228 197 938 192 493 927 827 679 861 710 414 646 955 1066 265 673 651 278 855 166 859 954 528 530 0 213 385 977 688 760 527 725 609 191 1052 1061 950 925 382 429 860 730 248 224
257 952 730 1023 173 416 318 848 202 342 739 752 623 210 901 786 194 172 904 158 459 893 792 645 827 676 380 612 921 1032 231 639 617 244 821 132 825 920 494 496 213 0 351 943 654 726 493 691 575 157 1017 1027 916 891 348 395 826 696 214 198
248 646 424 716 243 167 345 542 246 93 533 446 375 251 595 480 254 366 598 330 198 586 486 397 521 369 131 306 615 726 176 333 368 241 514 250 519 614 245 247 385 351 0 637 348 419 245 485 269 235 711 721 610 585 99 422 519 390 225 401
840 109 534 424 835 566 937 193 839 652 1119 291 528 843 705 304 847 958 540 922 565 697 183 333 153 480 608 481 725 413 768 443 649 833 444 843 435 703 488 771 977 943 637 0 319 269 773 1071 398 828 429 419 553 527 692 1014 257 320 817 994
551 328 486 581 546 319 648 224 549 396 836 129 281 554 657 256 557 669 660 633 276 648 169 86 203 431 361 234 676 571 479 394 402 544 576 553 581 676 241 524 688 654 348 319 0 102 526 788 151 539 586 576 672 647 403 725 209 73 528 704
623 277 435 531 617 348 720 253 621 434 902 158 311 625 606 205 629 740 609 705 348 598 118 115 152 381 390 263 626 520 551 344 431 616 526 625 530 625 270 553 760 726 419 269 102 0 556 854 181 610 536 525 621 596 474 797 158 102 599 776
390 782 624 916 385 310 487 678 389 236 395 582 282 393 795 680 397 508 798 472 353 786 622 475 657 569 274 506 814 925 319 532 229 383 714 393 719 814 387 108 527 493 245 773 526 556 0 346 469 378 911 921 810 785 197 531 663 526 367 544
624 1080 864 1156 582 550 414 976 586 476 100 880 580 590 1035 920 594 705 1038 670 593 1026 920 773 955 810 514 746 1055 1166 559 773 470 610 955 590 959 1054 627 349 725 691 485 1071 788 854 346 0 709 575 1151 1161 1050 1025 437 326 959 824 580 741
472 407 423 660 467 391 569 303 470 317 757 207 360 475 594 334 478 590 597 554 197 585 248 165 282 368 355 305 613 650 400 331 481 465 513 474 518 613 320 471 609 575 269 398 151 181 469 709 0 459 665 655 609 584 323 646 288 152 449 625
142 836 615 907 100 301 202 732 104 227 624 637 508 108 786 671 112 172 789 136 344 777 677 530 711 560 264 497 805 916 115 523 501 128 705 73 710 805 378 380 191 157 235 828 539 610 378 575 459 0 902 912 801 776 233 280 710 581 98 208
915 528 333 54 909 834 1011 667 913 760 1200 733 885 917 520 579 921 1032 339 996 640 519 540 690 510 396 798 747 547 45 843 425 1006 907 243 917 234 503 845 913 1052 1017 711 519 677 626 911 1151 710 902 0 50 352 327 766 1088 615 677 891 1068
924 537 343 45 919 844 1021 677 923 770 1209 743 895 927 530 589 931 1042 349 1006 649 528 550 700 520 406 808 757 557 35 852 435 1016 917 252 927 244 512 855 923 1061 1027 721 529 686 636 921 1161 720 912 50 0 361 336 776 1098 624 687 901 1078
814 581 232 357 808 733 910 721 812 659 1099 728 881 816 209 478 820 931 163 895 539 243 570 685 563 295 697 646 289 366 742 324 933 806 155 816 159 191 810 812 950 916 610 573 672 621 810 1050 609 801 352 361 0 149 665 987 517 672 790 967
788 556 207 332 783 708 885 696 787 634 1073 703 856 791 225 453 795 906 179 870 513 260 545 660 538 270 672 621 305 341 717 299 908 781 130 791 134 207 785 787 925 891 585 547 647 596 785 1025 584 776 327 336 149 0 640 962 492 647 765 942
245 700 479 771 240 165 342 596 243 90 485 501 372 248 650 535 251 363 653 327 208 641 541 394 575 424 128 361 669 780 173 387 320 238 569 248 574 669 242 199 382 348 99 692 403 474 197 437 323 233 766 776 665 640 0 419 574 445 222 399
328 1023 801 1094 287 487 118 919 290 413 374 823 694 295 972 857 298 410 975 374 530 964 863 716 898 747 451 683 992 1103 302 710 654 315 892 294 896 991 564 533 429 395 422 1014 725 797 531 326 646 280 1088 1098 987 962 419 0 897 767 285 445
723 266 331 519 717 455 819 360 721 541 1008 265 418 725 502 151 729 840 505 805 448 494 107 222 141 277 497 370 522 509 651 240 539 716 422 725 426 521 377 660 860 826 519 257 209 158 663 959 288 710 524 514 517 492 574 897 0 209 699 876
594 311 486 581 588 319 690 184 592 405 873 89 281 596 657 256 600 711 660 675 319 648 169 86 203 432 361 234 677 571 522 395 402 586 577 596 581 676 241 524 730 696 390 320 73 102 526 824 152 581 586 576 672 647 445 767 209 0 570 747
147 826 604 896 105 290 208 721 109 216 629 626 497 113 775 660 117 228 778 193 333 766 666 519 701 549 254 486 794 905 121 512 490 133 694 113 699 794 367 369 248 214 225 817 528 599 367 580 449 98 891 901 790 765 222 285 699 570 0 264
308 1002 781 1073 224 466 368 898 252 392 789 803 674 261 951 837 244 183 954 208 510 943 843 696 877 726 430 662 971 1082 281 689 667 294 871 183 876 971 544 546 224 198 401 994 704 776 544 741 625 208 1068 1078 967 942 399 445 876 747 264 0
EOF