NAME : tsp_problem
TYPE : TSP
DIMENSION : 87
EDGE_WEIGHT_TYPE : EXPLICIT
EDGE_WEIGHT_FORMAT : FULL_MATRIX
EDGE_WEIGHT_SECTION
0 564 2370 183 739 148 395 561 258 569 564 598 896 583 554 391 477 606 563 652 822 433 670 669 135 237 107 431 379 723 321 389 431 440 571 477 750 585 561 377 608 254 640 612 669 637 213 1014 552 830 550 284 458 753 719 684 712 713 633 210 307 815 230 558 659 575 549 568 386 653 521 469 570 694 177 579 438 946 1077 567 585 1106 607 566 738 591 610
564 0 2837 689 249 654 522 72 764 79 907 108 1363 93 64 459 603 865 907 779 332 219 796 796 641 743 613 216 447 850 282 515 499 509 81 545 876 712 688 445 1074 760 1106 122 796 764 438 1481 679 340 677 353 526 263 846 811 503 839 1100 434 376 325 454 68 169 85 59 1035 512 163 648 596 80 821 683 89 223 512 1544 810 95 1572 118 910 1205 101 120
2339 2838 0 2265 3013 2231 2385 2835 2134 2843 2158 2872 1636 2857 2828 2448 2467 2201 2158 2476 3096 2707 2493 2493 2415 2319 2388 2705 2436 2356 2602 2379 2488 2498 2845 2534 2382 2264 2194 2434 2037 2130 2069 2886 2492 2460 2494 1754 2313 3104 2311 2558 2515 3027 2351 2507 2991 2345 2063 2491 2581 3089 2511 2831 2933 2848 2823 1970 2376 2927 2344 2459 2844 2518 2260 2853 2712 3225 1357 2161 2858 1846 2881 2160 1791 2865 2884
183 689 2296 0 863 74 278 686 184 694 490 722 822 707 679 341 360 532 489 536 946 558 553 553 259 120 232 555 330 607 445 272 382 391 695 427 633 469 445 327 533 180 566 736 552 520 338 940 435 954 433 409 408 877 602 567 836 596 559 334 432 939 354 682 783 699 674 494 269 778 405 353 694 578 61 703 562 1070 1003 493 709 1032 732 492 664 715 734
739 249 3011 863 0 829 696 246 938 254 1081 282 1537 267 239 633 777 1039 1081 953 506 393 971 970 815 917 787 391 622 1024 456 689 673 683 255 719 1051 886 862 619 1248 934 1281 296 970 938 612 1655 853 514 851 527 700 69 1020 985 411 1014 1274 609 550 499 629 242 343 259 234 1209 687 337 822 770 254 995 858 263 398 318 1718 984 269 1746 292 1084 1379 275 294
148 654 2262 74 829 0 287 651 150 659 455 688 788 673 644 350 368 498 455 544 912 523 561 561 225 128 197 521 338 615 411 280 390 399 661 436 641 477 453 335 499 145 532 702 561 529 303 906 444 920 442 374 417 843 611 576 802 604 525 300 397 905 320 648 749 664 639 460 277 743 413 361 660 586 69 669 528 1036 969 458 674 997 697 458 630 681 700
395 522 2383 278 696 287 0 519 396 526 454 555 909 540 511 131 150 412 453 326 779 390 343 343 471 332 444 388 120 397 454 62 171 181 528 217 423 258 234 117 621 392 653 569 342 310 550 1027 225 787 223 241 198 710 392 357 675 386 647 547 265 772 567 515 616 532 506 582 59 610 194 143 527 368 273 536 395 908 1090 356 542 1119 565 456 751 548 567
561 72 2834 686 246 651 519 0 761 76 904 105 1360 90 61 456 600 862 904 776 329 216 793 793 638 740 610 213 444 847 279 512 496 506 78 542 873 709 685 442 1071 757 1103 119 793 761 435 1478 676 337 674 350 523 260 843 808 500 836 1097 431 373 322 451 65 166 82 56 1032 509 160 645 593 77 818 680 86 220 509 1541 807 92 1569 115 907 1202 98 117
258 764 2165 184 938 150 396 761 0 769 359 798 691 783 754 459 478 401 358 654 1021 633 671 671 334 238 307 630 448 557 521 390 499 509 770 545 583 464 394 445 403 49 435 811 670 638 413 809 514 1030 512 484 526 952 552 685 911 546 428 410 507 1014 430 757 858 774 749 363 387 853 522 471 769 696 179 779 637 1145 872 362 784 901 807 361 533 790 809
569 79 2842 694 254 659 526 76 769 0 912 113 1367 98 69 464 608 870 912 784 337 224 801 801 645 747 618 221 452 855 287 520 504 513 86 550 881 717 693 450 1079 765 1111 127 801 768 442 1486 684 345 681 357 531 268 850 815 508 844 1105 439 381 330 459 73 174 89 64 1040 517 168 653 601 85 826 688 94 228 517 1549 815 99 1577 122 914 1210 106 125
684 907 2257 610 1081 576 454 904 479 912 0 941 783 926 897 517 535 72 29 544 1164 776 562 561 760 664 733 774 505 425 839 448 557 566 914 603 451 333 263 503 494 475 526 954 561 529 839 901 382 1173 380 627 584 1096 420 576 1060 414 520 836 650 1158 856 900 1001 917 892 455 445 996 413 528 912 586 605 922 780 1294 964 168 927 992 950 32 625 933 952
598 108 2870 722 282 688 555 105 798 113 941 0 1396 127 98 493 637 899 940 813 365 252 830 830 674 776 647 250 481 884 316 549 533 542 115 579 910 745 721 478 1108 793 1140 155 829 797 471 1514 712 374 710 386 560 296 879 844 537 873 1134 468 409 358 488 101 202 118 93 1069 546 197 681 630 113 855 717 123 257 546 1577 843 128 1606 151 943 1239 134 153
865 1364 1636 791 1538 756 911 1361 660 1369 684 1398 0 1383 1354 974 992 726 683 1001 1621 1233 1019 1018 941 845 914 1230 962 882 1127 904 1014 1023 1371 1060 908 789 719 960 563 656 595 1411 1018 986 1020 202 839 1630 837 1084 1041 1552 877 1033 1517 871 588 1016 1107 1614 1036 1357 1458 1374 1349 495 901 1453 870 985 1369 1043 785 1379 1237 1751 343 687 1384 293 1407 686 317 1390 1409
583 93 2856 707 267 673 540 90 783 98 926 127 1381 0 83 478 622 884 925 798 350 238 815 815 659 761 632 235 466 869 301 534 518 527 100 564 895 730 706 463 1093 778 1125 140 814 782 456 1500 697 359 695 371 545 282 864 829 522 858 1119 453 394 344 473 86 187 103 78 1054 531 182 666 615 98 840 702 108 242 531 1562 828 113 1591 136 928 1224 119 139
554 64 2827 679 239 644 511 61 754 69 897 98 1352 83 0 449 593 855 897 769 322 209 786 786 630 732 603 206 437 840 272 505 489 498 71 535 866 702 678 435 1064 750 1096 112 786 753 427 1471 668 330 666 342 516 253 835 800 493 829 1090 424 366 315 444 57 159 74 49 1025 502 153 638 586 70 811 673 79 213 502 1533 800 84 1562 107 899 1195 91 110
391 459 2447 341 633 350 131 456 459 464 517 493 972 478 449 0 213 475 516 389 716 328 406 406 467 395 439 325 57 460 391 125 109 118 465 155 486 321 297 54 684 455 716 506 405 373 545 1090 288 724 286 179 136 647 455 420 612 449 710 542 202 709 562 452 553 469 444 645 122 548 257 206 464 431 336 474 332 846 1153 419 479 1182 502 519 815 485 504
477 603 2465 360 777 368 150 600 478 608 535 637 991 622 593 213 0 493 535 407 860 472 425 424 553 414 525 470 201 478 535 144 253 263 610 299 505 340 316 199 702 474 735 650 424 392 631 1109 307 869 305 323 280 792 474 439 756 468 728 628 346 854 648 596 697 613 588 663 141 692 276 224 608 449 355 618 476 990 1172 438 623 1200 646 538 833 629 649
642 865 2215 568 1039 534 412 862 437 870 72 899 741 884 855 475 493 0 72 502 1122 734 520 519 718 622 691 731 463 383 797 405 515 524 872 561 409 290 220 461 452 433 484 912 519 487 797 859 340 1131 338 585 542 1053 378 534 1018 372 478 794 608 1115 814 858 959 875 850 413 403 954 371 486 870 544 563 880 738 1252 922 125 885 950 908 74 583 891 910
684 907 2256 610 1081 575 453 904 479 912 29 940 782 925 897 516 535 72 0 544 1164 776 561 561 760 663 732 773 505 424 839 447 557 566 913 602 451 332 262 502 494 474 526 954 561 528 838 900 382 1172 380 626 583 1095 420 576 1060 414 520 835 650 1157 855 900 1001 917 892 455 444 995 413 528 912 586 604 921 780 1294 963 167 927 992 950 31 624 933 952
652 779 2474 536 953 544 326 776 654 784 544 813 1000 798 769 389 407 502 544 0 1036 648 87 105 729 590 701 645 377 179 711 319 429 438 785 475 246 349 325 375 711 649 744 826 87 54 807 1118 316 1045 314 499 456 967 215 102 932 209 737 804 522 1029 824 772 873 789 764 672 316 868 285 400 784 130 530 794 652 1166 1181 447 799 1209 822 547 842 805 824
822 332 3094 946 506 912 779 329 1021 337 1164 365 1620 350 322 716 860 1122 1164 1036 0 476 1054 1053 898 1000 870 474 705 1107 539 772 756 766 338 802 1134 969 945 702 1331 1017 1364 379 1053 1021 695 1738 936 162 934 610 783 520 1103 1068 760 1097 1357 692 633 147 711 325 280 342 317 1292 770 275 905 853 337 1078 941 346 480 770 1801 1067 352 1829 375 1167 1462 358 377
433 219 2706 558 393 523 390 216 633 224 776 252 1231 238 209 328 472 734 776 648 476 0 665 665 509 611 482 85 316 719 151 384 368 377 225 414 745 581 557 314 943 629 975 266 665 632 306 1350 547 484 545 221 395 407 714 679 372 708 969 303 245 469 323 212 313 229 204 904 381 308 517 465 224 690 552 234 92 606 1412 679 239 1441 262 778 1074 245 264
670 796 2492 553 971 561 343 793 671 801 562 830 1017 815 786 406 425 520 561 87 1054 665 0 122 746 607 719 663 395 196 729 337 446 456 803 492 264 366 342 392 729 667 761 844 104 72 825 1135 333 1062 331 516 473 985 233 119 949 227 755 821 539 1047 841 790 891 806 781 690 334 885 302 417 802 147 548 811 670 1183 1198 464 816 1227 839 564 860 823 842
669 796 2491 553 970 561 343 793 671 801 561 830 1017 815 786 406 424 519 561 105 1053 665 122 0 746 607 718 662 394 213 728 336 446 455 802 492 281 366 342 392 728 666 761 843 121 89 824 1135 333 1062 331 516 473 984 250 136 949 244 754 821 539 1046 841 789 890 806 781 689 333 885 302 417 801 147 547 811 669 1183 1198 464 816 1226 839 564 859 822 841
135 641 2446 259 815 225 471 638 334 645 640 674 972 659 630 467 553 682 639 729 898 509 746 746 0 313 183 507 455 800 397 465 507 516 647 553 826 661 637 453 684 330 716 688 745 713 289 1090 628 906 626 360 534 829 795 760 788 789 710 286 384 891 306 634 735 651 625 645 462 729 597 545 646 770 254 655 514 1022 1153 643 661 1182 684 642 815 667 686
237 743 2350 120 917 128 332 740 238 747 544 776 876 761 732 395 414 586 543 590 1000 611 607 607 313 0 285 609 384 661 499 326 435 445 749 481 687 522 498 381 587 233 620 790 606 574 391 994 489 1008 487 462 462 931 656 621 890 650 613 388 486 993 408 736 837 753 727 548 323 831 458 407 748 632 115 757 616 1124 1057 546 763 1085 786 546 718 769 788
107 613 2419 232 787 197 444 610 307 618 613 647 945 632 603 439 525 655 612 701 870 482 719 718 183 285 0 480 428 772 370 437 480 489 620 525 799 634 610 425 656 302 689 660 718 686 262 1063 601 879 599 333 506 802 768 733 760 762 682 259 356 863 279 606 707 623 598 617 435 702 570 518 618 743 226 628 486 994 1126 615 633 1154 656 615 787 639 658
431 216 2703 555 391 521 388 213 630 221 774 250 1229 235 206 325 470 731 773 645 474 85 663 662 507 609 480 0 314 716 149 382 365 375 223 411 743 578 554 311 940 626 973 264 662 630 304 1347 545 482 543 219 392 405 712 677 369 706 966 301 242 467 321 210 311 226 201 901 379 305 514 462 222 687 550 231 90 603 1410 676 236 1438 259 776 1071 243 262
379 447 2435 330 622 338 120 444 448 452 505 481 961 466 437 57 201 463 505 377 705 316 395 394 455 384 428 314 0 448 380 113 97 107 454 143 475 310 286 43 672 443 705 495 394 362 534 1079 277 713 275 167 124 636 444 409 600 437 698 531 190 698 551 440 542 457 432 633 111 536 246 194 453 419 325 462 321 834 1142 408 467 1170 490 508 803 474 493
723 850 2354 607 1024 615 397 847 577 855 425 884 880 869 840 460 478 383 424 179 1107 719 196 213 800 661 772 716 448 0 782 390 500 509 856 546 90 275 205 445 591 572 624 897 195 163 878 998 325 1116 323 570 527 1038 60 210 1003 53 617 875 593 1100 895 843 944 860 835 552 387 939 356 471 855 238 601 865 723 1237 1061 327 870 1090 893 427 722 876 895
321 282 2633 445 456 411 454 279 521 287 826 316 1159 301 272 391 535 797 826 711 539 151 729 728 397 499 370 149 380 782 0 448 431 441 289 477 809 644 620 377 870 516 903 330 728 696 194 1277 611 548 609 285 458 471 778 743 435 772 896 191 308 533 211 275 377 292 267 831 445 371 580 528 288 753 440 297 156 669 1340 742 302 1368 325 829 1001 308 328
389 515 2377 272 689 280 62 512 390 520 448 549 903 534 505 125 144 405 447 319 772 384 337 336 465 326 437 382 113 390 448 0 165 175 522 211 417 252 228 111 614 386 647 563 336 304 543 1021 219 781 217 235 192 704 386 351 668 380 640 540 258 766 560 508 610 525 500 575 53 604 188 136 521 361 267 530 389 902 1084 350 535 1112 558 450 745 542 561
431 499 2487 382 673 390 171 496 499 504 557 533 1012 518 489 109 253 515 557 429 756 368 446 446 507 435 480 365 97 500 431 165 0 158 506 195 526 362 338 95 724 495 756 546 446 413 586 1131 328 765 326 219 176 687 495 460 652 489 750 582 242 749 602 492 593 509 484 685 162 588 298 246 504 471 376 514 372 886 1193 460 519 1222 542 559 855 525 544
440 509 2496 391 683 399 181 506 509 513 566 542 1022 527 498 118 263 524 566 438 766 377 456 455 516 445 489 375 107 509 441 175 158 0 515 204 536 371 347 104 733 505 766 556 455 423 595 1140 338 774 336 228 185 697 505 470 662 499 759 592 251 759 612 502 603 519 493 694 172 597 307 255 514 480 386 523 382 895 1203 469 529 1231 552 569 864 535 554
571 81 2843 695 255 661 528 78 770 86 914 115 1369 100 71 465 610 872 913 785 338 225 803 802 647 749 620 223 454 856 289 522 506 515 0 551 883 718 694 451 1080 766 1113 128 802 770 444 1487 685 347 683 359 532 269 852 817 510 846 1106 441 382 331 461 74 175 91 66 1041 519 170 654 602 86 827 690 96 230 519 1550 816 101 1579 124 916 1211 107 126
477 545 2533 427 719 436 217 542 545 550 603 579 1058 564 535 155 299 561 602 475 802 414 492 492 553 481 525 411 143 546 477 211 195 204 551 0 572 407 384 140 770 541 802 592 491 459 631 1177 374 811 372 265 222 733 541 506 698 535 796 628 288 795 648 538 639 555 530 731 208 634 343 292 550 517 422 560 418 932 1239 505 565 1268 588 605 901 571 590
750 876 2381 633 1051 641 423 873 603 881 451 910 906 895 866 486 505 409 451 246 1134 745 264 281 826 687 799 743 475 90 809 417 526 536 883 572 0 302 232 472 618 599 650 924 263 231 905 1025 351 1142 349 596 553 1065 86 278 1029 80 644 901 619 1127 921 870 971 886 861 579 414 965 382 497 882 306 628 891 750 1263 1088 354 896 1116 919 453 749 903 922
585 712 2262 469 886 477 258 709 484 717 333 745 788 730 702 321 340 290 332 349 969 581 366 366 661 522 634 578 310 275 644 252 362 371 718 407 302 0 113 307 499 480 532 759 366 334 740 906 187 977 185 432 388 900 271 381 865 265 525 737 455 962 757 705 806 722 697 460 249 800 218 333 717 391 463 726 585 1099 969 235 732 997 755 335 630 738 757
561 688 2192 445 862 453 234 685 414 693 263 721 718 706 678 297 316 220 262 325 945 557 342 342 637 498 610 554 286 205 620 228 338 347 694 384 232 113 0 283 429 410 462 735 342 310 716 836 163 953 161 408 364 876 201 357 841 195 455 713 431 938 733 681 782 698 673 390 225 777 194 309 693 367 439 702 561 1075 899 165 708 927 731 265 560 714 733
377 445 2432 327 619 335 117 442 445 450 503 478 958 463 435 54 199 461 502 375 702 314 392 392 453 381 425 311 43 445 377 111 95 104 451 140 472 307 283 0 669 441 702 492 391 359 531 1076 274 710 272 165 121 633 441 406 598 435 695 528 188 695 548 438 539 455 430 630 108 533 243 191 450 416 322 459 318 832 1139 405 465 1168 488 505 800 471 490
711 1210 1884 637 1384 603 757 1207 506 1215 530 1244 410 1229 1200 820 839 572 529 848 1467 1079 865 865 787 691 760 1077 808 728 974 751 860 870 1217 906 754 636 566 806 0 502 441 1257 864 832 866 528 685 1476 683 930 887 1399 723 879 1363 717 435 863 953 1461 883 1203 1304 1220 1195 341 748 1299 716 831 1215 889 632 1225 1084 1597 591 533 1230 619 1253 532 252 1236 1256
254 760 2161 180 934 145 392 757 49 765 355 793 687 778 750 455 474 397 354 649 1017 629 667 666 330 233 302 626 443 552 516 386 495 505 766 541 579 460 390 441 398 0 431 807 666 634 408 805 510 1025 508 480 522 948 548 681 907 542 424 405 503 1010 425 753 854 770 745 359 383 848 518 466 765 691 174 774 633 1141 868 357 780 896 803 357 529 786 805
868 1367 2041 794 1542 760 914 1364 663 1372 687 1401 567 1386 1357 977 996 730 687 1005 1624 1236 1022 1022 944 848 917 1234 965 885 1131 908 1017 1027 1374 1063 911 793 723 963 204 659 0 1415 1021 989 1023 685 842 1633 840 1087 1044 1556 880 1036 1520 874 76 1020 1110 1618 1040 1360 1462 1377 1352 498 905 1456 873 988 1373 1047 789 1382 1241 1754 748 690 1387 776 1410 689 409 1394 1413
612 122 2884 736 296 702 569 119 811 127 954 155 1410 140 112 506 650 912 954 826 379 266 844 843 688 790 660 264 495 897 330 563 546 556 128 592 924 759 735 492 1121 807 1154 0 843 811 485 1528 726 387 724 400 573 310 893 858 550 887 1147 482 423 372 502 115 216 132 107 1082 560 211 695 643 127 868 731 136 271 560 1591 857 142 1619 165 957 1252 148 167
669 796 2491 552 970 561 342 793 670 801 561 829 1017 814 786 405 424 519 561 87 1053 665 104 121 745 606 718 662 394 195 728 336 446 455 802 491 263 366 342 391 728 666 760 843 0 71 824 1135 333 1061 331 515 472 984 232 118 949 226 754 821 539 1046 841 789 890 806 781 689 333 884 302 417 801 146 547 810 669 1183 1198 464 816 1226 839 564 859 822 841
637 764 2459 520 938 529 310 761 638 768 529 797 984 782 753 373 392 487 528 54 1021 632 72 89 713 574 686 630 362 163 696 304 413 423 770 459 231 334 310 359 696 634 728 811 71 0 792 1103 300 1029 298 483 440 952 200 86 917 194 722 789 506 1014 808 757 858 774 748 657 301 852 269 384 769 114 515 778 637 1150 1165 431 784 1194 807 531 827 790 809
213 438 2525 338 612 303 550 435 413 442 719 471 1051 456 427 545 631 761 718 807 695 306 825 824 289 391 262 304 534 878 194 543 586 595 444 631 905 740 716 531 762 408 795 485 824 792 0 1169 707 703 705 439 612 626 874 839 585 868 788 83 462 688 103 431 532 448 422 723 541 526 676 624 443 849 332 452 311 819 1232 721 458 1260 481 721 893 464 483
983 1482 1754 909 1657 875 1029 1479 778 1487 802 1516 202 1501 1472 1092 1111 845 802 1120 1739 1351 1137 1137 1059 963 1032 1349 1080 1000 1246 1023 1132 1142 1489 1178 1026 908 838 1078 681 774 713 1530 1136 1104 1138 0 957 1748 955 1202 1159 1671 995 1151 1635 989 707 1135 1225 1733 1155 1475 1577 1492 1467 613 1020 1571 988 1103 1488 1162 904 1497 1356 1869 461 805 1502 228 1525 804 435 1509 1528
552 679 2312 435 853 444 225 676 534 684 382 712 838 697 668 288 307 340 382 316 936 547 333 333 628 489 601 545 277 325 611 219 328 338 685 374 351 187 163 274 549 530 581 726 333 300 707 956 0 944 152 398 355 867 321 347 832 314 575 704 422 929 724 672 773 689 664 510 216 767 185 300 684 358 430 693 552 1066 1019 285 699 1047 722 385 680 705 724
830 340 3102 954 514 920 787 337 1030 345 1173 374 1628 359 330 724 869 1131 1172 1045 162 484 1062 1062 906 1008 879 482 713 1116 548 781 765 774 347 811 1142 977 953 710 1340 1025 1372 387 1061 1029 703 1746 944 0 942 618 792 528 1111 1076 769 1105 1365 700 641 155 720 333 289 350 325 1301 778 283 913 862 345 1087 949 355 489 778 1809 1075 360 1838 383 1175 1470 366 385
550 677 2310 433 851 442 223 674 532 681 380 710 836 695 666 286 305 338 380 314 934 545 331 331 626 487 599 543 275 323 609 217 326 336 683 372 349 185 161 272 547 528 579 724 331 298 705 954 152 942 0 396 353 865 318 345 830 312 573 702 420 927 722 670 771 687 661 508 214 765 183 298 682 356 428 691 550 1063 1017 283 697 1045 720 382 678 703 722
284 353 2557 409 527 374 241 350 484 357 627 386 1082 371 342 179 323 585 626 499 610 221 516 516 360 462 333 219 167 570 285 235 219 228 359 265 596 432 408 165 794 480 826 400 515 483 439 1201 398 618 396 0 246 541 565 530 506 559 820 436 95 603 456 346 447 363 337 755 232 441 367 316 358 541 403 367 226 739 1263 529 373 1292 396 629 925 379 398
458 526 2514 408 700 417 198 523 526 531 584 560 1039 545 516 136 280 542 583 456 783 395 473 473 534 462 506 392 124 527 458 192 176 185 532 222 553 388 364 121 751 522 783 573 472 440 612 1158 355 792 353 246 0 714 522 487 679 516 777 609 269 776 629 519 620 536 511 712 189 615 324 273 531 498 403 541 399 913 1220 486 546 1249 569 586 882 552 571
753 263 3025 877 69 843 710 260 952 268 1096 296 1551 282 253 647 792 1053 1095 967 520 407 985 984 829 931 802 405 636 1038 471 704 687 697 269 733 1065 900 876 633 1262 948 1295 310 984 952 626 1669 867 528 865 541 714 0 1034 999 425 1028 1288 623 564 513 643 256 357 273 248 1223 701 352 836 784 268 1009 872 278 412 333 1732 998 283 1760 306 1098 1393 289 308
719 846 2350 602 1020 611 392 843 572 850 420 879 876 864 835 455 474 378 420 215 1103 714 233 250 795 656 768 712 444 60 778 386 495 505 852 541 86 271 201 441 587 568 619 893 232 200 874 994 321 1111 318 565 522 1034 0 247 999 49 613 871 588 1096 891 839 940 856 830 548 383 934 352 467 851 275 597 860 719 1232 1057 323 866 1085 889 423 718 872 891
684 811 2506 567 985 576 357 808 685 815 576 844 1031 829 800 420 439 534 576 102 1068 679 119 136 760 621 733 677 409 210 743 351 460 470 817 506 278 381 357 406 743 681 775 858 118 86 839 1150 347 1076 345 530 487 999 247 0 964 241 769 836 554 1061 856 804 905 821 795 704 348 899 317 432 816 161 562 825 684 1197 1212 479 831 1241 854 578 874 837 856
712 503 2990 836 411 802 675 500 911 508 1060 537 1516 522 493 612 756 1018 1060 932 760 372 949 949 788 890 760 369 600 1003 435 668 652 662 510 698 1029 865 841 598 1227 907 1259 550 949 917 585 1634 832 769 830 506 679 425 999 964 0 992 1253 582 529 753 602 496 597 513 488 1188 665 592 801 749 508 974 831 518 376 309 1697 963 523 1725 546 1063 1358 529 548
713 839 2344 596 1014 604 386 836 566 844 414 873 869 858 829 449 468 372 414 209 1097 708 227 244 789 650 762 706 437 53 772 380 489 499 846 535 80 265 195 435 581 562 613 887 226 194 868 988 314 1105 312 559 516 1028 49 241 992 0 607 864 582 1090 884 832 934 849 824 542 377 928 345 460 845 269 591 854 713 1226 1050 317 859 1079 882 416 712 866 885
862 1361 2034 788 1535 753 907 1358 657 1366 681 1394 560 1380 1351 970 989 723 680 998 1618 1230 1016 1015 938 841 910 1227 959 878 1124 901 1011 1020 1367 1057 905 786 716 956 197 652 76 1408 1015 983 1016 678 836 1626 834 1081 1038 1549 874 1030 1514 868 0 1013 1104 1611 1033 1354 1455 1371 1346 492 898 1450 867 982 1366 1040 782 1375 1234 1748 741 683 1381 770 1404 683 402 1387 1406
210 434 2522 334 609 300 547 431 410 439 715 468 1048 453 424 542 628 758 715 804 692 303 821 821 286 388 259 301 531 875 191 540 582 592 441 628 901 737 713 528 759 405 791 482 821 789 83 1166 704 700 702 436 609 623 871 836 582 864 785 0 459 685 100 427 529 444 419 720 537 523 673 621 440 846 329 449 308 815 1229 718 454 1257 477 718 890 461 480
307 376 2580 432 550 397 265 373 507 381 650 409 1105 394 366 202 346 608 650 522 633 245 539 539 384 486 356 242 190 593 308 258 242 251 382 288 619 455 431 188 817 503 849 423 539 506 462 1224 422 641 420 95 269 564 588 554 529 582 843 459 0 626 479 369 470 386 361 778 255 464 391 339 381 564 426 390 249 763 1287 553 396 1315 419 652 948 402 421
815 325 3087 939 499 905 772 322 1014 330 1158 358 1613 344 315 709 854 1115 1157 1029 147 469 1047 1046 891 993 863 467 698 1100 533 766 749 759 331 795 1127 962 938 695 1324 1010 1357 372 1046 1014 688 1731 929 155 927 603 776 513 1096 1061 753 1090 1350 685 626 0 705 318 274 335 310 1285 763 268 898 846 330 1071 934 339 474 763 1794 1060 345 1822 368 1160 1455 351 370
230 454 2542 354 629 320 567 451 430 459 735 488 1068 473 444 562 648 778 735 824 711 323 841 841 306 408 279 321 551 895 211 560 602 612 461 648 921 757 733 548 779 425 811 502 841 808 103 1186 724 720 722 456 629 643 891 856 602 884 805 100 479 705 0 447 549 464 439 740 557 543 693 641 460 866 349 469 328 835 1249 738 474 1277 497 738 910 481 500
558 68 2830 682 242 648 515 65 757 73 900 101 1356 86 57 452 596 858 900 772 325 212 790 789 634 736 606 210 440 843 275 508 492 502 74 538 870 705 681 438 1067 753 1099 115 789 757 431 1474 672 333 670 346 519 256 839 804 496 832 1093 427 369 318 447 0 162 78 52 1028 506 156 641 589 73 814 677 82 216 506 1537 803 88 1565 111 903 1198 94 113
659 169 2931 783 343 749 616 166 858 174 1001 202 1457 187 159 553 697 959 1001 873 280 313 891 890 735 837 707 311 542 944 377 610 593 603 175 639 971 806 782 539 1168 854 1201 216 890 858 532 1575 773 289 771 447 620 357 940 905 597 934 1194 529 470 274 549 162 0 179 154 1129 607 112 742 690 174 915 778 183 318 607 1638 904 189 1666 212 1004 1299 195 214
575 85 2847 699 259 664 532 82 774 89 917 118 1373 103 74 469 613 875 917 789 342 229 806 806 651 753 623 226 457 860 292 525 509 519 91 555 886 722 698 455 1084 770 1116 132 806 774 448 1491 689 350 687 363 536 273 856 821 513 849 1110 444 386 335 464 78 179 0 69 1045 522 173 658 606 90 831 693 99 233 523 1554 820 105 1582 128 920 1215 111 130
549 59 2822 674 234 639 506 56 749 64 892 93 1347 78 49 444 588 850 892 764 317 204 781 781 625 727 598 201 432 835 267 500 484 493 66 530 861 697 673 430 1059 745 1091 107 781 748 422 1466 664 325 661 337 511 248 830 795 488 824 1085 419 361 310 439 52 154 69 0 1020 497 148 633 581 65 806 668 74 208 497 1528 795 79 1557 102 894 1190 86 105
537 1036 1970 463 1211 429 583 1033 332 1041 356 1070 495 1055 1026 646 665 399 356 674 1294 905 691 691 613 517 586 903 635 554 800 577 686 696 1043 732 580 462 392 632 235 328 267 1084 690 658 692 613 511 1302 509 756 713 1225 549 705 1190 543 261 689 779 1287 709 1030 1131 1046 1021 0 574 1125 542 657 1042 716 458 1051 910 1423 676 359 1056 705 1079 358 338 1063 1082
386 512 2374 269 687 277 59 509 387 517 445 546 900 531 502 122 141 403 444 316 770 381 334 333 462 323 435 379 111 387 445 53 162 172 519 208 414 249 225 108 611 383 644 560 333 301 541 1018 216 778 214 232 189 701 383 348 665 377 637 537 255 763 557 506 607 522 497 572 0 601 185 133 518 358 264 527 386 899 1081 347 532 1109 555 447 742 539 558
653 163 2926 778 337 743 610 160 853 168 996 197 1451 182 153 548 692 954 995 868 275 308 885 885 729 831 702 305 536 939 371 604 588 597 170 634 965 800 777 533 1163 848 1195 211 884 852 526 1570 767 283 765 441 615 352 934 899 592 928 1189 523 464 268 543 156 112 173 148 1124 601 0 736 685 169 910 772 178 312 601 1632 898 183 1661 206 998 1294 189 209
521 648 2343 405 822 413 194 645 522 653 413 681 869 666 638 257 276 371 413 285 905 517 302 302 597 458 570 514 246 356 580 188 298 307 654 343 382 218 194 243 580 518 612 695 302 269 676 987 185 913 183 367 324 836 352 317 801 345 606 673 391 898 693 641 742 658 633 541 185 736 0 269 653 327 399 662 521 1035 1050 316 668 1078 691 416 711 674 693
469 596 2458 353 770 361 143 593 471 601 528 630 984 615 586 206 224 486 528 400 853 465 417 417 545 407 518 462 194 471 528 136 246 255 602 292 497 333 309 191 695 466 727 643 417 384 624 1102 300 862 298 316 273 784 467 432 749 460 721 621 339 846 641 589 690 606 581 656 133 685 269 0 601 442 347 611 469 983 1165 431 616 1193 639 531 826 622 641
570 80 2842 694 254 660 527 77 769 85 912 113 1368 98 70 464 608 870 912 784 337 224 802 801 646 748 618 222 453 855 288 521 504 514 86 550 882 717 693 450 1079 765 1112 127 801 769 443 1486 684 345 682 358 531 268 851 816 508 845 1105 440 381 330 460 73 174 90 65 1040 518 169 653 601 0 826 689 94 229 518 1549 815 100 1577 123 915 1210 106 125
694 821 2516 578 995 586 368 818 696 826 586 855 1042 840 811 431 449 544 586 130 1078 690 147 147 770 632 743 687 419 238 753 361 471 480 827 517 306 391 367 416 753 691 786 868 146 114 849 1160 358 1087 356 541 498 1009 275 161 974 269 779 846 564 1071 866 814 915 831 806 714 358 910 327 442 826 0 572 836 694 1208 1223 489 841 1251 864 589 884 847 866
177 683 2291 61 858 69 273 680 179 688 484 717 817 702 673 336 355 527 484 530 941 552 548 547 254 115 226 550 325 601 440 267 376 386 690 422 628 463 439 322 528 174 560 731 547 515 332 935 430 949 428 403 403 872 597 562 831 591 554 329 426 934 349 677 778 693 668 489 264 772 399 347 689 572 0 698 557 1064 998 487 703 1026 726 487 659 710 729
579 89 2851 703 263 669 536 86 779 94 922 123 1377 108 79 474 618 880 921 794 346 234 811 811 655 757 628 231 462 865 297 530 514 523 96 560 891 726 702 459 1089 774 1121 136 810 778 452 1495 693 355 691 367 541 278 860 825 518 854 1115 449 390 339 469 82 183 99 74 1050 527 178 662 611 94 836 698 0 238 527 1558 824 109 1587 132 924 1220 115 134
438 223 2710 562 398 528 395 220 637 228 780 257 1236 242 213 332 476 738 780 652 480 92 670 669 514 616 486 90 321 723 156 389 372 382 230 418 750 585 561 318 947 633 980 271 669 637 311 1354 552 489 550 226 399 412 719 684 376 713 973 308 249 474 328 216 318 233 208 908 386 312 521 469 229 694 557 238 0 610 1417 683 243 1445 266 783 1078 250 269
946 512 3224 1070 318 1036 908 509 1145 517 1294 546 1749 531 502 846 990 1252 1294 1166 770 606 1183 1183 1022 1124 994 603 834 1237 669 902 886 895 519 932 1263 1099 1075 832 1461 1141 1493 560 1183 1150 819 1868 1066 778 1063 739 913 333 1232 1197 309 1226 1487 815 763 763 835 506 607 523 497 1422 899 601 1035 983 518 1208 1064 527 610 0 1931 1197 533 1959 556 1296 1592 539 558
1046 1545 1357 972 1719 938 1092 1542 841 1550 865 1579 343 1564 1535 1155 1173 907 864 1182 1802 1414 1200 1199 1122 1026 1095 1411 1143 1063 1308 1085 1195 1204 1552 1241 1089 970 900 1141 744 837 776 1592 1199 1167 1201 461 1020 1811 1018 1265 1222 1733 1058 1214 1698 1052 770 1197 1288 1795 1217 1538 1639 1555 1530 676 1083 1634 1051 1166 1550 1224 966 1560 1418 1932 0 868 1565 552 1588 867 498 1571 1590
587 810 2159 513 984 478 356 807 382 815 168 843 685 828 800 419 438 125 167 447 1067 679 464 464 663 567 635 676 408 327 742 350 460 469 816 505 354 235 165 405 397 377 429 857 464 431 742 803 285 1075 283 529 486 998 323 479 963 317 423 738 553 1060 758 803 904 820 795 358 347 898 316 431 815 489 507 824 683 1197 866 0 830 895 853 170 527 836 855
585 95 2857 709 269 674 542 92 784 99 927 128 1383 113 84 479 623 885 927 799 352 239 816 816 661 763 633 236 467 870 302 535 519 529 101 565 896 732 708 465 1094 780 1126 142 816 784 458 1501 699 360 697 373 546 283 866 831 523 859 1120 454 396 345 474 88 189 105 79 1055 532 183 668 616 100 841 703 109 243 533 1564 830 0 1592 138 930 1225 121 140
1074 1574 1846 1000 1748 966 1120 1571 869 1578 893 1607 293 1592 1563 1183 1202 936 893 1211 1831 1442 1228 1228 1150 1054 1123 1440 1172 1091 1337 1114 1223 1233 1580 1269 1117 999 929 1169 772 865 804 1621 1228 1195 1229 228 1049 1839 1046 1293 1250 1762 1087 1242 1727 1080 798 1226 1316 1824 1246 1567 1668 1584 1558 705 1111 1662 1080 1195 1579 1253 995 1588 1447 1960 552 896 1594 0 1617 896 527 1600 1619
607 118 2880 732 292 697 565 115 807 122 950 151 1406 136 107 502 646 908 950 822 375 262 839 839 684 786 656 259 490 893 325 558 542 552 124 588 919 755 731 488 1117 803 1149 165 839 807 481 1524 722 383 720 396 569 306 889 854 546 882 1143 477 419 368 497 111 212 128 102 1078 555 206 691 639 123 864 726 132 266 556 1587 853 138 1615 0 953 1248 144 163
687 910 2259 613 1084 578 456 907 482 914 32 943 785 928 899 519 538 74 31 547 1167 778 564 564 763 666 735 776 508 427 842 450 559 569 916 605 453 335 265 505 496 477 529 957 564 531 841 903 385 1175 382 629 586 1098 423 578 1063 416 522 838 652 1160 858 903 1004 920 894 457 447 998 416 531 915 589 607 924 783 1296 966 170 930 994 953 0 627 936 955
707 1206 1791 633 1381 599 753 1203 502 1211 526 1240 317 1225 1196 816 835 569 526 844 1464 1075 861 861 783 687 756 1073 805 724 970 747 856 866 1213 902 750 632 562 802 405 498 437 1254 860 828 862 435 681 1472 679 926 883 1395 719 875 1359 713 431 859 949 1457 879 1199 1301 1216 1191 338 744 1295 712 827 1212 886 628 1221 1080 1593 498 529 1226 527 1249 528 0 1233 1252
591 101 2863 715 275 681 548 98 790 106 933 134 1389 119 91 485 629 891 933 805 358 245 823 822 667 769 639 243 474 876 308 542 525 535 107 571 903 738 714 471 1100 786 1133 148 822 790 464 1507 705 366 703 379 552 289 872 837 529 866 1126 461 402 351 481 94 195 111 86 1061 539 189 674 622 106 847 710 115 250 539 1570 836 121 1598 144 936 1231 0 146
610 120 2882 734 294 700 567 117 809 125 952 153 1408 139 110 504 649 910 952 824 377 264 842 841 686 788 658 262 493 895 328 561 544 554 126 590 922 757 733 490 1119 805 1152 167 841 809 483 1526 724 385 722 398 571 308 891 856 548 885 1145 480 421 370 500 113 214 130 105 1080 558 209 693 641 125 866 729 134 269 558 1589 855 140 1617 163 955 1250 146 0
EOF
