NAME : tsp_problem
TYPE : TSP
DIMENSION : 70
EDGE_WEIGHT_TYPE : EXPLICIT
EDGE_WEIGHT_FORMAT : FULL_MATRIX
EDGE_WEIGHT_SECTION
0 953 692 146 796 758 503 355 128 953 1104 828 919 602 584 88 174 752 158 464 679 568 150 934 879 163 288 914 136 1608 78 572 170 498 1541 1095 811 833 429 248 907 263 945 668 284 421 936 87 567 197 390 166 1169 832 556 879 720 837 757 68 429 786 655 581 92 181 509 607 632 946
953 0 720 887 213 587 812 820 869 31 432 451 401 389 424 936 915 581 898 929 518 534 890 49 144 904 753 397 877 936 926 1037 910 807 869 422 640 456 611 1134 1415 1149 428 341 748 603 418 972 876 937 855 906 497 505 522 553 549 510 239 916 894 615 984 1271 978 922 1198 394 660 427
692 647 0 626 632 242 269 384 608 648 627 313 782 465 448 675 654 236 638 662 542 490 630 665 626 643 492 778 616 1132 666 770 649 264 1065 618 295 317 350 874 1148 889 809 531 488 343 420 712 333 676 419 646 692 696 478 743 204 700 620 655 628 270 441 1004 717 661 932 470 116 430
146 887 626 0 730 692 437 289 62 887 1038 763 853 536 518 130 108 686 92 398 613 502 84 868 813 97 222 848 70 1542 120 506 104 432 1475 1029 745 767 363 328 841 343 879 602 218 355 870 166 501 131 324 100 1103 766 490 813 654 771 691 110 363 720 589 515 172 115 443 541 566 880
796 213 652 730 0 484 745 663 712 213 364 384 244 232 267 779 758 478 741 772 362 377 733 194 139 747 596 240 720 869 769 880 753 740 802 355 537 388 454 977 1258 992 271 184 592 447 350 816 809 780 698 749 429 349 365 396 482 353 82 759 737 512 917 1114 821 765 1041 237 592 360
758 514 242 692 484 0 334 450 674 515 494 180 607 290 272 741 720 61 703 728 367 382 695 532 493 709 558 602 682 999 731 836 715 329 932 485 120 184 416 939 1214 954 633 356 554 409 288 778 398 742 484 711 559 520 370 567 71 525 445 721 693 94 507 1070 783 727 997 295 182 297
503 740 269 437 725 334 0 195 419 740 720 405 875 558 540 486 465 329 449 473 635 582 441 758 718 454 303 871 427 1225 477 582 461 75 1157 711 388 410 443 685 960 700 901 624 299 436 513 523 144 488 230 457 785 789 571 836 297 793 713 467 439 362 252 815 529 472 743 563 209 522
355 820 384 289 663 450 195 0 271 820 835 520 786 469 452 339 318 444 301 331 546 435 293 802 746 307 155 782 280 1340 329 440 313 190 1273 826 503 525 296 537 818 552 813 535 151 289 628 375 259 340 82 309 900 700 424 747 412 704 624 319 297 478 367 673 381 325 601 474 324 638
128 869 608 62 712 674 419 271 0 869 1020 745 835 518 500 112 90 668 74 380 595 484 66 850 795 79 204 830 52 1524 102 488 86 414 1457 1011 727 749 345 310 823 325 861 584 200 337 852 148 483 113 306 82 1085 748 472 795 636 753 673 92 345 702 571 497 154 98 425 523 548 862
953 31 720 887 213 587 813 820 869 0 432 452 402 389 424 936 915 582 899 929 519 534 890 49 144 904 753 397 877 936 927 1037 910 808 869 423 641 456 611 1134 1415 1150 428 341 749 604 418 973 876 937 855 906 497 506 522 553 550 510 239 916 894 615 985 1271 978 922 1198 395 660 427
1105 381 596 1039 366 463 689 804 1021 381 0 328 554 542 577 1089 1067 458 1051 1081 671 686 1043 399 359 1056 905 549 1030 672 1079 1190 1063 684 605 59 517 332 763 1287 1568 1302 580 494 901 756 294 1125 753 1090 839 1059 261 658 675 705 426 663 392 1069 1047 491 861 1423 1131 1075 1351 547 536 303
828 379 313 763 364 180 405 520 745 379 359 0 552 403 386 812 791 174 774 799 480 495 766 397 357 780 629 548 753 864 802 907 786 400 797 350 233 49 487 1010 1285 1025 579 469 624 480 152 848 469 813 555 782 424 634 483 681 142 638 390 792 764 208 577 1141 854 798 1068 408 253 161
919 401 782 853 244 607 875 786 835 402 552 572 0 355 390 902 881 601 865 895 485 500 856 383 327 870 719 60 843 1057 893 1003 876 870 990 543 661 577 577 1100 1381 1116 90 307 715 570 539 939 939 903 821 872 617 163 488 210 612 167 205 882 860 635 1047 1237 944 888 1164 361 722 548
602 389 465 536 232 290 558 469 518 389 540 403 355 0 73 585 564 284 547 578 167 183 539 370 315 553 402 351 526 1045 575 686 559 553 978 531 343 407 260 783 1064 798 382 104 397 252 511 621 621 586 504 555 605 269 171 316 295 273 193 565 543 317 730 920 627 571 847 43 405 520
584 424 448 518 267 272 540 452 500 424 575 386 390 73 0 567 546 267 530 560 150 165 522 405 350 535 384 386 508 1080 558 668 542 535 1013 566 326 390 242 766 1046 781 417 139 380 235 493 604 604 569 486 538 640 304 153 351 277 308 228 547 526 300 712 902 610 553 830 78 388 503
88 936 675 130 779 741 486 339 112 936 1087 812 902 585 567 0 158 736 141 447 662 551 133 917 862 147 271 898 120 1592 61 555 153 481 1525 1078 795 816 412 269 891 284 929 651 267 405 920 108 550 180 373 149 1152 816 540 863 704 820 740 51 413 769 638 565 113 165 492 590 616 929
174 915 654 108 758 720 465 318 90 915 1066 791 881 564 546 158 0 714 120 426 641 530 112 896 841 126 250 877 99 1571 148 534 132 460 1503 1057 774 795 391 356 869 371 907 630 246 384 899 194 529 159 352 128 1131 795 518 842 682 799 719 138 391 748 617 544 200 144 471 569 595 908
752 509 236 686 478 61 329 444 668 509 489 174 601 284 267 736 714 0 698 723 361 376 690 527 487 703 552 597 677 994 726 831 710 324 926 480 115 179 410 934 1209 949 628 350 548 403 282 772 393 737 479 706 554 515 365 562 66 519 439 716 688 89 501 1064 778 722 992 289 176 291
158 898 638 92 741 703 449 301 74 899 1050 774 865 547 530 141 120 698 0 410 624 514 96 880 824 109 234 860 82 1554 132 518 115 444 1487 1040 757 779 374 339 853 355 891 614 229 367 882 178 513 142 336 112 1115 778 502 825 666 783 702 121 375 731 600 527 183 127 455 553 578 891
464 929 662 398 772 728 473 331 380 929 1080 799 895 578 560 447 426 723 410 0 655 544 402 910 855 415 264 891 388 1585 438 267 421 468 1517 1071 782 803 405 645 645 661 921 644 260 398 907 484 537 448 366 417 1145 808 532 856 691 813 733 427 125 756 350 501 489 433 429 583 603 916
679 518 542 613 362 367 635 546 595 519 670 480 485 167 150 662 641 361 624 655 0 260 616 500 444 630 479 480 603 1174 652 763 636 630 1107 661 420 484 337 860 1141 875 511 234 474 330 588 698 698 663 581 632 735 398 248 445 372 403 323 642 620 394 807 997 704 648 924 173 482 597
568 534 490 502 377 382 582 435 484 534 685 495 500 183 165 551 530 376 514 544 260 0 506 515 460 519 368 495 492 1189 542 652 525 577 1122 676 435 499 226 749 1030 765 526 249 364 219 603 588 646 552 470 521 750 413 137 460 387 418 338 531 509 410 735 886 593 537 813 188 430 612
150 890 630 84 733 695 441 293 66 890 1041 766 856 539 522 133 112 690 96 402 616 506 0 872 816 101 225 852 74 1546 124 510 107 436 1479 1032 749 770 366 331 845 347 883 605 221 359 874 170 505 134 328 103 1106 770 494 817 658 774 694 113 367 723 592 519 175 119 446 545 570 883
934 49 701 868 194 568 794 802 850 49 413 433 383 370 405 917 896 563 880 910 500 515 872 0 125 885 734 378 858 918 908 1018 891 789 850 404 622 437 592 1115 1396 1131 409 322 730 585 399 954 857 918 836 887 478 487 503 534 531 491 220 897 876 596 966 1252 959 903 1179 376 641 408
879 144 646 813 139 513 738 746 795 144 358 377 327 315 350 862 841 507 824 855 444 460 816 125 0 830 679 323 803 862 852 963 836 733 795 348 567 382 537 1060 1341 1075 354 267 674 529 344 898 802 863 781 832 423 431 448 479 475 436 165 842 820 541 910 1197 904 848 1124 320 586 353
163 904 643 97 747 709 454 307 79 904 1055 780 870 553 535 147 126 703 109 415 630 519 101 885 830 0 239 866 88 1560 137 523 121 449 1492 1046 763 784 380 345 858 360 896 619 235 373 888 183 518 148 341 117 1120 784 507 831 671 788 708 127 380 737 606 533 189 133 460 558 584 897
288 753 492 222 596 558 303 155 204 753 904 629 719 402 384 271 250 552 234 264 479 368 225 734 679 239 0 714 212 1408 261 372 245 298 1341 895 611 633 229 469 750 484 745 468 84 221 736 308 367 272 190 241 969 632 356 679 520 637 557 251 229 586 455 606 313 257 533 407 432 746
914 397 778 848 240 602 871 782 830 397 548 568 60 351 386 898 877 597 860 891 480 495 852 378 323 866 714 0 839 1053 888 999 872 865 985 539 656 572 573 1096 1377 1111 86 303 710 565 534 934 934 899 817 868 613 200 484 247 608 204 201 878 856 630 1043 1232 940 884 1160 356 718 543
136 877 616 70 720 682 427 280 52 877 1028 753 843 526 508 120 99 677 82 388 603 492 74 858 803 88 212 839 0 1533 110 496 94 422 1465 1019 736 757 353 318 832 333 870 592 208 346 861 156 491 121 314 90 1093 757 481 804 645 761 681 100 354 710 579 506 162 106 433 531 557 870
1610 885 1101 1544 870 968 1193 1309 1526 886 672 833 1059 1046 1081 1593 1572 962 1556 1586 1176 1191 1548 903 864 1561 1410 1054 1534 0 1584 1694 1567 1188 449 663 1022 837 1268 1791 2072 1807 1085 998 1406 1261 799 1630 1257 1594 1343 1563 765 1163 1179 1210 930 1167 896 1573 1551 996 1366 1928 1635 1579 1855 1052 1041 808
78 926 666 120 769 731 477 329 102 927 1077 802 893 575 558 61 148 726 132 438 652 542 124 908 852 137 261 888 110 1582 0 546 143 472 1515 1068 785 807 402 260 881 275 919 641 257 395 910 98 541 170 364 139 1142 806 530 853 694 810 730 41 403 759 628 555 104 155 482 581 606 919
572 1037 770 506 880 836 582 440 488 1037 1188 907 1003 686 668 555 534 831 518 267 763 652 510 1018 963 523 372 999 496 1693 546 0 529 577 1625 1179 890 911 513 753 453 769 1029 752 368 506 1015 592 645 556 474 526 1253 917 641 964 799 921 841 535 233 864 458 309 597 541 236 691 711 1024
170 910 649 104 753 715 461 313 86 910 1061 786 876 559 542 153 132 710 115 421 636 525 107 891 836 121 245 872 94 1566 143 529 0 456 1499 1052 769 790 386 351 865 366 903 625 241 379 894 189 524 154 347 123 1126 790 514 837 678 794 714 133 387 743 612 539 195 139 466 564 590 903
498 735 264 432 720 329 75 190 414 735 715 400 870 553 535 481 460 324 444 468 630 577 436 753 713 449 298 865 422 1220 472 577 456 0 1152 706 383 405 438 680 955 695 896 619 294 431 508 518 139 483 225 452 780 783 566 831 292 788 708 461 434 357 247 810 524 467 738 558 204 517
1543 818 1033 1477 803 901 1126 1241 1459 819 605 765 991 979 1014 1526 1505 895 1489 1519 1109 1124 1480 836 796 1494 1343 987 1467 449 1516 1627 1500 1121 0 596 954 770 1201 1724 2005 1739 1018 931 1339 1194 732 1563 1190 1527 1276 1496 698 1096 1112 1143 863 1100 829 1506 1484 929 1298 1861 1568 1512 1788 984 974 741
1096 372 587 1030 357 454 680 795 1012 372 59 319 545 533 568 1079 1058 449 1042 1072 662 677 1034 390 350 1047 896 540 1020 663 1070 1180 1054 675 596 0 508 323 754 1278 1558 1293 571 484 892 747 285 1116 743 1081 830 1050 252 649 666 696 417 653 383 1059 1038 482 852 1414 1122 1065 1342 538 527 294
811 568 295 745 537 120 388 503 727 569 548 233 661 343 326 795 774 115 757 782 420 435 749 586 546 763 611 656 736 1053 785 890 769 383 986 539 0 238 470 993 1268 1008 687 410 607 462 341 831 452 796 538 765 613 574 424 621 125 579 498 775 747 148 560 1124 837 781 1051 349 236 351
833 384 317 767 368 184 410 525 749 384 363 49 557 407 390 816 795 179 779 803 484 499 770 401 362 784 633 552 757 868 807 911 790 405 801 354 238 0 491 1014 1289 1030 583 474 629 484 157 853 473 817 560 786 428 638 488 685 147 643 394 796 769 212 582 1145 858 802 1073 413 257 166
429 611 350 363 454 416 443 296 345 611 762 487 577 260 242 412 391 410 374 405 337 226 366 592 537 380 229 573 353 1267 402 513 386 438 1199 753 470 491 0 610 891 625 603 326 224 80 595 448 507 413 331 382 827 490 214 538 378 495 415 392 370 444 595 747 454 398 674 265 290 604
248 1134 874 328 977 939 685 537 310 1134 1285 1010 1100 783 766 269 356 934 339 645 860 749 331 1115 1060 345 469 1096 318 1790 260 753 351 680 1723 1276 993 1014 610 0 1089 155 1127 849 465 603 1118 268 748 378 572 347 1350 1014 738 1061 902 1018 938 249 611 967 836 763 274 363 690 788 814 1127
893 1401 1134 827 1244 1200 946 804 809 1401 1552 1271 1367 1050 1032 877 855 1195 839 631 1127 1016 831 1382 1327 844 736 1363 817 2057 867 439 851 941 1989 1543 1254 1275 877 1075 0 1090 1393 1116 732 870 1379 913 1009 837 838 847 1617 1281 1004 1328 1163 1285 1205 857 597 1228 822 528 919 862 456 1055 1075 1388
263 1149 889 343 992 954 700 552 325 1150 1301 1025 1116 798 781 284 371 949 355 661 875 765 347 1131 1075 360 484 1111 333 1805 275 769 366 695 1738 1291 1008 1030 625 155 1104 0 1142 864 480 618 1133 283 764 393 587 362 1365 1029 753 1076 917 1033 953 265 626 982 851 778 289 378 705 804 829 1142
945 428 809 879 271 633 901 813 861 428 579 599 90 382 417 929 907 628 891 921 511 526 883 409 354 896 745 86 870 1083 919 1029 903 896 1016 570 687 603 603 1127 1408 1142 0 334 741 596 565 965 965 930 848 899 644 231 515 278 638 235 232 909 887 661 1074 1263 971 915 1191 387 749 574
668 341 531 602 184 356 624 535 584 341 492 469 307 104 139 651 630 350 614 644 234 249 605 322 267 619 468 303 592 997 641 752 625 619 930 483 410 474 326 849 1130 864 334 0 464 319 478 688 688 652 570 621 557 221 237 268 361 225 145 631 609 384 796 986 693 637 913 110 471 488
284 748 488 218 592 554 299 151 200 749 900 624 715 397 380 267 246 548 229 260 474 364 221 730 674 235 84 710 208 1404 257 368 241 294 1337 891 607 629 224 465 746 480 741 464 0 217 732 304 363 268 186 237 965 628 352 675 516 633 553 247 225 581 451 602 309 253 529 403 428 741
421 603 343 355 447 409 436 289 337 604 755 480 570 252 235 405 384 403 367 398 330 219 359 585 529 373 221 565 346 1259 395 506 379 431 1192 746 462 484 80 603 884 618 596 319 217 0 587 441 500 406 324 375 820 483 207 530 371 488 408 385 363 437 588 739 447 391 667 258 283 597
1009 284 552 943 269 419 645 760 925 284 264 284 457 445 480 992 971 414 954 985 575 590 946 302 262 960 809 453 933 769 982 1093 966 640 702 255 473 288 667 1190 1471 1205 484 397 805 660 0 1029 709 993 795 962 329 562 578 609 382 566 295 972 950 447 817 1327 1034 978 1254 450 492 66
87 972 712 166 816 778 523 375 148 973 1124 848 939 621 604 108 194 772 178 484 698 588 170 954 898 183 308 934 156 1628 98 592 189 518 1561 1115 831 853 448 268 927 283 965 688 304 441 956 0 587 216 410 186 1189 852 576 899 740 857 777 88 449 805 675 601 112 201 529 627 652 965
567 804 333 501 789 398 144 259 483 804 784 469 939 621 604 550 529 393 513 537 698 646 505 822 782 518 367 934 491 1288 541 645 524 139 1221 775 452 473 507 748 1023 764 965 688 363 500 577 587 0 551 294 520 849 852 634 899 361 857 777 530 503 426 316 879 592 536 807 627 273 586
197 937 676 131 780 742 488 340 113 937 1088 813 903 586 569 180 159 737 142 448 663 552 134 918 863 148 272 899 121 1593 170 556 154 483 1526 1079 796 817 413 378 851 393 930 652 268 406 921 216 551 0 374 150 1153 817 541 864 705 821 741 160 414 770 639 525 222 166 452 591 617 930
390 855 419 324 698 484 230 82 306 855 870 555 821 504 486 373 352 479 336 366 581 470 328 836 781 341 190 817 314 1375 364 474 347 225 1307 861 538 560 331 572 852 587 848 570 186 324 663 410 294 374 0 344 935 735 459 782 447 739 659 353 332 512 402 708 415 359 636 509 359 672
166 906 646 100 749 711 457 309 82 906 1057 782 872 555 538 149 128 706 112 417 632 521 103 887 832 117 241 868 90 1562 139 526 123 452 1495 1048 765 786 382 347 861 362 899 621 237 375 890 186 520 150 344 0 1122 786 510 833 674 790 710 129 383 739 608 535 191 135 462 560 586 899
1430 705 920 1364 690 788 1013 1128 1346 706 492 652 878 866 901 1413 1392 782 1375 1406 996 1011 1367 723 683 1381 1230 874 1354 737 1403 1514 1387 1008 670 483 841 657 1088 1611 1892 1626 905 818 1226 1081 619 1450 1077 1414 1163 1383 0 983 999 1030 750 987 716 1393 1371 816 1185 1748 1455 1399 1675 871 861 628
832 505 696 766 349 520 789 700 748 506 657 634 163 269 304 816 795 515 778 808 398 413 770 487 431 784 632 200 757 1161 806 917 790 783 1094 648 574 638 490 1014 1295 1029 231 221 628 483 643 852 852 817 735 786 722 0 402 86 526 43 310 796 774 548 961 1150 858 802 1078 274 636 652
556 522 478 490 365 370 571 424 472 522 673 483 488 171 153 540 518 365 502 532 248 137 494 503 448 507 356 484 481 1178 530 641 514 566 1111 664 424 488 214 738 1019 753 515 237 352 207 591 576 634 541 459 510 738 402 0 449 375 406 326 520 498 398 723 874 582 526 802 176 418 601
879 553 743 813 396 567 836 747 795 553 704 681 210 316 351 863 842 562 825 856 445 460 817 534 479 831 679 247 804 1208 853 964 837 831 1141 695 621 685 538 1061 1342 1076 278 268 675 530 690 899 899 864 782 833 769 86 449 0 573 90 357 843 821 595 1008 1197 905 849 1125 321 683 699
720 477 204 654 462 71 297 412 636 477 457 142 612 295 277 704 682 66 666 691 372 387 658 495 455 671 520 608 645 962 694 799 678 292 894 448 125 147 378 902 1177 917 638 361 516 371 250 740 361 705 447 674 522 526 375 573 0 530 450 684 656 99 469 1033 746 690 960 300 145 259
837 510 700 771 353 525 793 704 753 510 661 638 167 273 308 820 799 519 783 813 403 418 774 491 436 788 637 204 761 1166 810 921 794 788 1099 652 579 643 495 1018 1299 1033 235 225 633 488 647 857 857 821 739 790 726 43 406 90 530 0 314 800 778 553 965 1155 862 806 1082 279 640 657
757 239 620 691 82 445 713 624 673 239 390 410 205 193 228 740 719 439 702 733 323 338 694 220 165 708 557 201 681 895 730 841 714 708 828 381 498 414 415 938 1219 953 232 145 553 408 377 777 777 741 659 710 455 310 326 357 450 314 0 720 698 473 885 1075 782 726 1002 198 560 386
68 916 655 110 759 721 467 319 92 916 1067 792 882 565 547 51 138 716 121 427 642 531 113 897 842 127 251 878 100 1572 41 535 133 461 1505 1058 775 796 392 249 871 265 909 631 247 385 900 88 530 160 353 129 1132 796 520 843 684 800 720 0 393 749 618 545 93 145 472 570 596 909
429 894 628 363 737 693 439 297 345 894 1045 764 860 543 526 413 391 688 375 125 620 509 367 876 820 380 229 856 354 1550 403 233 387 434 1483 1036 747 769 370 611 611 626 887 609 225 363 872 449 503 414 332 383 1110 774 498 821 656 778 698 393 0 721 315 467 455 399 394 548 568 881
786 542 270 720 512 94 362 478 702 543 522 208 635 317 300 769 748 89 731 756 394 410 723 560 521 737 586 630 710 1027 759 864 743 357 960 513 148 212 444 967 1242 982 661 384 581 437 315 805 426 770 512 739 587 548 398 595 99 553 473 749 721 0 534 1098 811 755 1025 323 210 325
655 912 441 589 897 507 252 367 571 913 892 577 1047 730 712 638 617 501 600 350 807 735 592 930 890 606 455 1043 579 1397 628 458 612 247 1330 883 560 582 595 836 836 851 1074 796 451 588 685 675 316 639 402 608 957 961 723 1008 469 965 885 618 315 534 0 692 680 624 619 735 381 695
581 1271 1004 515 1114 1070 815 673 497 1271 1422 1141 1237 920 902 565 544 1064 527 501 997 886 519 1252 1197 533 606 1232 506 1926 555 309 539 810 1859 1413 1124 1145 747 763 542 778 1263 986 602 739 1249 601 879 525 708 535 1487 1150 874 1197 1033 1155 1075 545 467 1098 692 0 607 551 144 925 945 1258
92 978 717 172 821 783 529 381 154 978 1129 854 944 627 610 113 200 778 183 489 704 593 175 959 904 189 313 940 162 1634 104 597 195 524 1567 1120 837 858 454 274 933 289 971 693 309 447 962 112 592 222 415 191 1194 858 582 905 746 862 782 93 455 811 680 607 0 207 534 632 658 971
181 922 661 115 765 727 472 325 98 922 1073 798 888 571 553 165 144 722 127 433 648 537 119 903 848 133 257 884 106 1578 155 541 139 467 1510 1064 781 802 398 363 877 378 915 637 253 391 906 201 536 166 359 135 1138 802 526 849 690 806 726 145 399 755 624 551 207 0 478 576 602 915
509 1198 932 443 1041 997 743 601 425 1198 1349 1068 1164 847 830 492 471 992 455 429 924 813 446 1179 1124 460 533 1160 433 1854 482 236 466 738 1787 1340 1051 1073 674 690 470 705 1191 913 529 667 1176 529 807 452 636 462 1414 1078 802 1125 960 1082 1002 472 394 1025 619 144 534 478 0 852 872 1185
607 394 470 541 237 295 563 474 523 395 546 408 361 43 78 590 569 289 553 583 173 188 545 376 320 558 407 356 531 1050 581 691 564 558 983 536 349 413 265 788 1069 804 387 110 403 258 516 627 627 591 509 560 611 274 176 321 300 279 198 570 548 323 735 925 632 576 852 0 411 525
632 588 116 566 572 182 209 324 548 588 567 253 722 405 388 616 595 176 578 603 482 430 570 605 566 584 432 718 557 1072 606 711 590 204 1005 558 236 257 290 814 1089 829 749 471 428 283 361 652 273 617 359 586 632 636 418 683 145 640 560 596 568 210 381 945 658 602 872 411 0 370
1018 293 561 952 278 428 654 769 934 294 273 293 466 454 489 1001 980 423 964 994 584 599 955 311 272 969 818 462 942 778 991 1102 975 649 711 264 482 298 676 1199 1480 1215 493 406 814 669 66 1038 718 1002 804 971 338 571 587 618 391 575 304 981 959 456 826 1336 1043 987 1263 460 502 0
EOF
