NAME : tsp_problem
TYPE : TSP
DIMENSION : 40
EDGE_WEIGHT_TYPE : EXPLICIT
EDGE_WEIGHT_FORMAT : FULL_MATRIX
EDGE_WEIGHT_SECTION
0 705 211 1423 1019 1124 937 175 354 764 664 515 559 271 894 371 381 1050 1066 452 1509 233 168 476 532 961 1075 1085 997 649 365 1131 764 664 268 1062 957 334 128 274
705 0 759 1971 422 1051 376 842 1022 203 1212 1062 1227 819 332 1039 705 488 504 646 2057 780 567 286 749 400 513 524 435 629 1033 1679 85 1332 815 501 396 1001 676 942
211 759 0 1258 1073 1178 991 349 528 818 499 349 733 325 948 545 435 1104 1120 506 1344 287 222 530 586 1015 1129 1139 1051 703 540 965 818 833 322 1116 1011 508 182 448
1726 2273 1560 0 2587 2692 2505 1780 1638 2332 1126 1255 1368 1528 2462 1560 1949 2618 2634 2020 104 1629 1737 2044 2101 2529 2643 2653 2565 2218 1683 636 2332 1246 1531 2631 2526 1604 1696 1659
1018 422 1072 2284 0 1448 773 1156 1335 599 1525 1376 1540 1132 729 1352 665 885 901 606 2370 1094 880 683 709 797 910 921 832 589 1347 1992 384 1646 1129 898 793 1315 989 1255
1135 1063 1189 2401 1460 0 1295 1273 1452 1122 1642 1493 1657 1249 1251 1469 1142 1408 1423 1213 2487 1211 997 834 1294 1319 1433 1443 1355 1411 1464 2109 1122 1763 1246 1420 1315 1432 1106 1372
937 376 991 2203 773 1284 0 1075 1254 195 1444 1294 1459 1051 67 1271 944 141 194 996 2289 1013 799 518 1095 98 166 177 134 980 1265 1911 435 1564 1048 154 95 1234 908 1174
175 842 349 1477 1157 1262 1075 0 288 902 802 652 460 409 1031 305 519 1187 1203 589 1564 370 306 614 670 1099 1212 1223 1134 787 299 1185 902 565 405 1200 1095 267 187 208
354 1022 528 1335 1336 1441 1254 288 0 1081 791 832 318 588 1211 285 698 1367 1383 769 1422 550 485 793 849 1278 1392 1402 1314 966 408 1043 1081 423 585 1380 1275 329 367 384
764 203 818 2030 599 1111 195 902 1081 0 1271 1121 1286 878 152 1098 771 308 324 823 2116 840 626 345 922 219 333 343 255 806 1092 1738 262 1391 875 321 216 1060 735 1001
664 1212 499 824 1526 1631 1444 802 791 1271 0 193 521 467 1401 713 888 1557 1572 959 910 567 675 983 1039 1468 1582 1592 1504 1156 836 532 1271 399 470 1569 1464 758 635 812
515 1062 349 952 1376 1481 1294 652 832 1121 193 0 650 317 1251 842 738 1407 1423 809 1038 418 526 834 890 1318 1432 1443 1354 1007 843 660 1122 528 320 1420 1315 811 485 751
559 1227 733 1066 1541 1646 1459 460 318 1286 521 650 0 793 1416 240 903 1572 1588 974 1152 755 690 998 1054 1483 1597 1607 1519 1171 363 773 1286 276 790 1584 1479 285 572 339
271 819 325 1225 1133 1238 1051 409 588 878 467 317 793 0 1007 605 495 1164 1179 566 1312 347 282 590 646 1075 1189 1199 1111 763 599 933 878 801 341 1176 1071 568 242 508
894 332 948 2159 729 1240 67 1031 1211 152 1401 1251 1416 1007 0 1228 901 179 195 953 2246 969 755 475 1052 91 205 215 126 936 1222 1867 392 1521 1004 192 87 1190 864 1130
371 1039 545 1258 1353 1458 1271 305 285 1098 713 842 240 605 1228 0 715 1384 1400 786 1344 567 502 810 866 1295 1409 1419 1331 983 330 965 1098 346 602 1397 1292 252 384 306
381 705 435 1647 666 1131 944 519 698 771 888 738 903 495 901 715 0 1057 1073 98 1733 456 243 483 179 968 1082 1092 1004 296 709 1355 667 1008 492 1070 964 677 352 618
1050 488 1104 2316 885 1396 141 1187 1367 308 1557 1407 1572 1164 179 1384 1057 0 77 1109 2402 1125 912 631 1208 178 54 64 142 1092 1378 2023 548 1677 1160 42 190 1346 1021 1286
1066 504 1120 2331 901 1412 194 1203 1383 324 1572 1423 1588 1179 195 1400 1073 77 0 1125 2418 1141 927 646 1224 125 58 47 89 1108 1394 2039 564 1693 1176 67 138 1362 1036 1302
452 647 506 1718 607 1202 997 589 769 824 959 809 974 566 953 786 98 1110 1125 0 1804 527 314 554 142 1021 1135 1145 1057 237 780 1425 608 1079 562 1122 1017 748 423 689
1635 2183 1470 245 2497 2602 2415 1690 1547 2242 1036 1164 1278 1438 2372 1470 1859 2528 2543 1930 0 1538 1646 1954 2010 2439 2553 2563 2475 2127 1592 545 2242 1155 1440 2540 2435 1514 1606 1568
233 780 287 1326 1095 1200 1013 370 550 840 567 418 755 347 969 567 456 1125 1141 527 1413 0 244 552 608 1037 1150 1161 1072 725 561 1034 840 860 343 1138 1033 529 204 469
168 567 222 1434 881 986 799 306 485 626 675 526 690 282 755 502 243 912 927 314 1520 244 0 338 394 823 937 947 859 511 497 1142 626 796 279 924 819 465 139 405
476 286 530 1742 683 823 518 614 793 345 983 834 998 590 475 810 483 631 646 554 1828 552 338 0 635 542 656 666 578 752 804 1450 345 1103 587 643 538 773 447 713
532 749 586 1798 709 1282 1095 670 849 922 1039 890 1054 646 1052 866 179 1208 1224 142 1884 608 394 635 0 1119 1233 1244 1155 340 861 1506 711 1160 643 1221 1116 829 503 769
961 400 1015 2227 797 1308 98 1099 1278 219 1468 1318 1483 1075 91 1295 968 178 125 1020 2313 1037 823 542 1119 0 159 148 56 1003 1289 1935 459 1588 1072 167 35 1257 932 1198
1075 513 1129 2341 910 1421 166 1212 1392 333 1582 1432 1597 1189 205 1409 1082 54 58 1134 2427 1150 937 656 1233 159 0 67 123 1117 1403 2049 573 1702 1185 67 171 1371 1046 1312
1085 524 1139 2351 921 1432 177 1223 1402 343 1592 1443 1607 1199 215 1419 1092 64 47 1144 2437 1161 947 666 1244 148 67 0 112 1128 1413 2059 583 1712 1196 76 160 1382 1056 1322
997 435 1051 2263 832 1343 134 1134 1314 255 1504 1354 1519 1111 126 1331 1004 142 89 1056 2349 1072 859 578 1155 56 123 112 0 1039 1325 1970 495 1624 1107 132 69 1293 968 1233
496 644 550 1762 604 1246 994 634 813 821 1003 853 1018 610 951 830 142 1107 1123 84 1848 571 358 598 186 1018 1132 1142 1054 0 824 1470 605 1123 607 1119 1014 792 467 733
365 1033 540 1380 1347 1452 1265 299 408 1092 836 843 363 599 1222 330 709 1378 1394 780 1467 561 497 804 861 1289 1403 1413 1325 978 0 1088 1093 468 596 1391 1286 374 378 398
1131 1679 965 333 1993 2098 1911 1185 1043 1738 532 660 773 933 1867 965 1355 2023 2039 1425 420 1034 1142 1450 1506 1935 2049 2059 1970 1623 1088 0 1738 651 936 2036 1931 1010 1102 1064
764 85 818 2030 384 1111 435 902 1081 262 1271 1122 1286 878 392 1098 666 548 564 607 2116 840 626 345 710 459 573 583 495 591 1093 1738 0 1392 875 560 455 1061 735 1001
664 1332 833 943 1646 1751 1564 565 423 1391 399 528 276 801 1521 346 1008 1677 1693 1079 1030 860 796 1103 1160 1588 1702 1712 1624 1277 468 651 1392 0 804 1690 1585 390 677 444
268 815 322 1228 1130 1235 1048 405 585 875 470 320 790 341 1004 602 492 1160 1176 562 1315 343 279 587 643 1072 1185 1196 1107 760 596 936 875 804 0 1173 1068 564 239 505
1062 501 1116 2328 898 1409 154 1200 1380 321 1569 1420 1584 1176 192 1397 1070 42 67 1122 2415 1138 924 643 1221 167 67 76 132 1105 1391 2036 560 1690 1173 0 180 1359 1033 1299
957 396 1011 2223 793 1304 95 1095 1275 216 1464 1315 1479 1071 87 1292 964 190 138 1016 2309 1033 819 538 1116 35 171 160 69 1000 1286 1931 455 1585 1068 180 0 1254 928 1194
334 1001 508 1302 1315 1420 1234 267 329 1060 758 811 285 568 1190 252 677 1346 1362 748 1388 529 465 773 829 1257 1371 1382 1293 946 374 1010 1061 390 564 1359 1254 0 346 350
128 676 182 1394 990 1095 908 187 367 735 635 485 572 242 864 384 352 1021 1036 423 1480 204 139 447 503 932 1046 1056 968 620 378 1102 735 677 239 1033 928 346 0 286
274 942 448 1356 1256 1361 1174 208 384 1001 812 751 339 508 1130 306 618 1286 1302 689 1443 469 405 713 769 1198 1312 1322 1233 886 398 1064 1001 444 505 1299 1194 350 286 0
EOF