NAME : tsp_problem
TYPE : TSP
DIMENSION : 70
EDGE_WEIGHT_TYPE : EXPLICIT
EDGE_WEIGHT_FORMAT : FULL_MATRIX
EDGE_WEIGHT_SECTION
0 1494 2069 255 1834 1623 1595 376 579 1078 1217 1415 1355 2340 1791 1542 1074 936 1920 1451 58 1553 159 281 1212 1183 200 1188 2426 1763 1133 1128 206 76 513 1185 246 1408 945 1382 145 1596 1215 1170 54 166 2113 99 173 1412 1125 1026 1117 432 1700 1891 1784 1231 104 82 1774 1080 1402 1311 1431 270 1010 1671 1690 70
1494 0 616 1286 381 1746 170 1160 970 1201 297 129 196 1160 611 1665 457 588 740 93 1485 128 1381 1248 1335 686 1336 691 1246 338 872 631 1312 1472 1125 688 1278 138 1068 200 1388 171 934 353 1470 1357 660 1442 1393 251 874 746 1069 1084 1823 438 332 951 1433 1468 342 1032 261 814 745 1275 512 246 266 1445
2069 616 0 1861 320 2321 515 1735 1545 1776 872 704 771 684 426 2240 1032 1163 263 668 2060 572 1956 1823 1909 929 1911 956 770 381 1446 988 1886 2047 1699 959 1852 713 1643 774 1963 521 1509 928 2045 1932 113 2017 1968 826 1449 1321 1644 1659 2398 378 360 1526 2008 2043 371 1607 836 862 683 1850 1087 458 421 2020
255 1286 1861 0 1626 1415 1387 168 371 870 1009 1207 1147 2132 1583 1334 866 728 1712 1243 247 1345 142 85 1004 975 107 980 2218 1555 925 920 113 233 305 977 114 1200 737 1174 149 1388 1007 962 232 118 1905 203 154 1204 917 818 909 224 1492 1683 1576 1023 195 230 1566 872 1194 1103 1223 112 802 1463 1483 207
1834 381 320 1626 0 2086 280 1500 1310 1541 637 469 537 865 315 2005 797 928 445 434 1825 338 1721 1588 1675 695 1676 722 951 147 1212 755 1652 1812 1465 725 1618 478 1409 540 1728 286 1274 693 1811 1697 365 1782 1733 591 1215 1086 1409 1424 2163 143 125 1291 1773 1808 136 1372 601 628 449 1615 853 223 186 1785
1623 1746 2321 1415 2086 0 1847 1289 1099 603 1470 1667 1608 2592 2043 182 1327 1188 2172 1703 1615 1805 1510 1378 460 1435 1466 1440 2679 2016 1404 1380 1441 1601 1254 1437 1407 1661 798 1634 1517 1849 1467 1422 1600 1486 2366 1571 1522 1664 1407 1279 1602 1214 122 2144 2037 1484 1563 1598 2026 1565 1655 1563 1684 1405 1262 1923 1943 1575
1595 170 515 1387 280 1847 0 1261 1071 1302 398 231 298 1059 510 1766 558 689 639 195 1587 229 1482 1349 1436 787 1438 792 1146 252 973 732 1413 1573 1226 789 1379 239 1170 301 1489 273 1036 454 1572 1458 559 1543 1494 352 976 847 1170 1186 1924 337 231 1052 1535 1570 242 1133 362 822 644 1376 614 329 291 1547
376 1160 1735 168 1500 1289 1261 0 245 744 883 1081 1021 2006 1457 1208 740 602 1586 1117 367 1219 263 130 878 849 218 854 2092 1429 799 794 193 354 179 851 159 1074 611 1048 270 1262 881 836 352 239 1779 324 275 1078 791 692 783 138 1366 1557 1450 897 315 350 1440 746 1068 977 1097 157 676 1337 1357 327
579 970 1545 371 1310 1099 1071 245 0 554 693 891 831 1816 1267 1018 550 412 1396 927 570 1028 466 333 687 659 421 664 1902 1239 628 604 397 557 210 661 363 884 421 858 473 1072 691 646 555 442 1589 527 478 888 631 502 813 169 1176 1367 1260 707 518 553 1250 777 878 787 907 360 485 1147 1166 530
1078 1201 1776 870 1541 603 1302 744 554 0 924 1122 1062 2047 1498 522 781 643 1627 1158 1069 1260 965 832 192 890 920 895 2133 1470 859 835 896 1056 709 892 862 1115 291 1089 972 1303 922 877 1055 941 1820 1026 977 1119 862 733 1057 668 680 1599 1491 939 1017 1052 1481 1020 1109 1018 1139 859 717 1378 1398 1029
1217 297 872 1009 637 1470 398 883 693 924 0 317 258 1416 867 1388 180 311 996 321 1209 355 1104 972 1058 409 1060 414 1502 566 595 354 1035 1195 848 411 1001 311 792 284 1111 399 658 76 1194 1080 916 1165 1116 314 598 469 792 808 1546 694 587 674 1157 1192 577 756 305 537 658 999 236 474 493 1169
1415 129 704 1207 469 1667 231 1081 891 1122 317 0 257 1249 700 1586 378 509 829 154 1406 188 1302 1169 1256 607 1257 612 1335 399 793 552 1233 1393 1046 609 1199 198 990 260 1309 232 855 274 1392 1278 749 1363 1314 311 796 667 990 1005 1744 527 420 872 1354 1389 409 953 321 735 833 1196 433 307 326 1366
1355 196 771 1147 537 1608 298 1021 831 1062 258 257 0 1316 767 1526 318 450 896 221 1347 255 1242 1110 1196 547 1198 552 1402 466 733 492 1173 1333 986 549 1139 266 930 327 1249 299 796 215 1332 1218 816 1304 1254 378 736 607 931 946 1684 594 487 812 1295 1330 476 894 388 675 796 1137 374 374 393 1307
2642 1463 986 2434 1167 2895 1362 2308 2118 2349 1719 1551 1618 0 998 2813 1726 1737 765 1515 2634 1419 2529 2397 2483 1500 2485 1528 104 1228 2020 1560 2460 2620 2273 1531 2426 1560 2217 1621 2536 1368 2083 1775 2619 2505 1031 2590 2541 1673 2023 1894 2218 2233 2971 1225 1207 2099 2582 2617 1218 2181 1683 1433 1255 2424 1659 1305 1268 2594
1791 611 426 1583 315 2043 510 1457 1267 1498 867 700 767 696 0 1962 874 885 275 664 1782 568 1678 1545 1631 649 1633 676 782 377 1168 708 1608 1768 1421 679 1574 708 1365 770 1685 516 1231 923 1767 1654 471 1739 1690 821 1171 1043 1366 1381 2119 373 356 1248 1730 1765 366 1329 831 582 403 1572 807 453 416 1742
1542 1665 2240 1334 2005 182 1766 1208 1018 522 1388 1586 1526 2511 1962 0 1245 1107 2091 1622 1533 1724 1429 1296 378 1354 1384 1359 2597 1934 1323 1299 1360 1520 1173 1356 1326 1579 716 1553 1436 1767 1386 1341 1518 1405 2284 1490 1441 1583 1326 1197 1521 1132 184 2062 1955 1402 1481 1516 1945 1484 1573 1482 1602 1323 1181 1842 1861 1493
1074 457 1032 866 797 1327 558 740 550 781 180 378 318 1423 874 1245 0 168 1003 414 1066 516 961 829 915 266 917 271 1509 726 452 211 892 1052 705 268 858 371 649 345 968 559 515 133 1051 937 1076 1022 973 375 455 326 649 665 1403 854 747 531 1014 1049 737 612 365 394 515 855 93 634 654 1026
936 588 1163 728 928 1188 689 602 412 643 311 509 450 1434 885 1107 168 0 1014 545 927 647 823 690 777 277 778 282 1520 857 314 222 754 914 567 279 720 502 511 476 830 690 376 264 913 799 1207 884 835 506 317 188 511 526 1265 986 878 393 875 910 868 474 497 405 526 717 104 765 785 887
1920 740 263 1712 445 2172 639 1586 1396 1627 996 829 896 463 275 2091 1003 1014 0 793 1911 697 1807 1674 1761 778 1762 805 549 506 1297 837 1737 1898 1551 808 1704 837 1494 899 1814 645 1360 1052 1896 1783 308 1868 1819 950 1300 1172 1495 1510 2249 502 485 1377 1859 1894 495 1458 960 711 532 1701 936 582 545 1871
1451 93 668 1243 434 1703 195 1117 927 1158 321 154 221 1213 664 1622 414 545 793 0 1442 152 1338 1205 1292 643 1293 648 1299 363 829 588 1269 1429 1082 645 1235 163 1026 224 1345 196 892 310 1428 1314 713 1399 1350 275 832 703 1026 1041 1780 491 384 908 1391 1426 373 989 285 771 797 1232 470 271 290 1403
58 1485 2060 247 1825 1615 1587 367 570 1069 1209 1406 1347 2331 1782 1533 1066 927 1911 1442 0 1544 125 272 1203 1174 192 1179 2418 1755 1125 1120 197 105 504 1176 238 1400 937 1373 173 1588 1206 1162 72 194 2105 66 202 1403 1116 1018 1108 423 1691 1883 1776 1223 70 49 1765 1071 1394 1302 1423 261 1001 1662 1682 99
1553 128 572 1345 338 1805 229 1219 1028 1260 355 188 255 1117 568 1724 516 647 697 152 1544 0 1440 1307 1393 745 1395 750 1203 310 930 690 1370 1530 1183 746 1336 197 1127 258 1447 230 993 412 1529 1416 617 1501 1452 309 933 805 1128 1143 1881 395 289 1010 1492 1527 299 1091 319 873 701 1334 571 305 324 1504
159 1381 1956 142 1721 1510 1482 263 466 965 1104 1302 1242 2227 1678 1429 961 823 1807 1338 125 1440 0 168 1099 1070 87 1075 2313 1650 1020 1015 93 206 400 1072 133 1295 832 1269 129 1483 1102 1057 173 98 2000 82 134 1299 1012 913 1003 319 1587 1778 1671 1118 73 108 1661 967 1289 1198 1318 157 896 1558 1577 187
281 1248 1823 85 1588 1378 1349 130 333 832 972 1169 1110 2094 1545 1296 829 690 1674 1205 272 1307 168 0 966 937 133 942 2181 1518 888 882 111 259 267 939 77 1163 700 1136 175 1351 969 924 258 144 1868 229 180 1166 879 781 871 186 1454 1646 1539 986 220 255 1528 834 1157 1065 1186 74 764 1425 1445 232
1212 1335 1909 1004 1675 460 1436 878 687 192 1058 1256 1196 2181 1631 378 915 777 1761 1292 1203 1393 1099 966 0 1024 1054 1029 2267 1604 993 969 1029 1189 842 1025 995 1249 386 1223 1106 1437 1056 1011 1188 1075 1954 1160 1111 1253 996 867 1190 802 536 1732 1625 1072 1151 1186 1614 1153 1243 1152 1272 993 850 1512 1531 1163
1183 686 929 975 695 1435 787 849 659 890 409 607 547 1198 649 1354 266 277 778 643 1174 745 1070 937 1024 0 1025 311 1284 756 561 320 1001 1161 814 314 967 600 758 574 1077 788 624 362 1160 1046 973 1131 1082 604 564 435 758 773 1512 752 735 640 1123 1158 745 721 594 216 289 964 202 833 795 1135
200 1336 1911 107 1676 1466 1438 218 421 920 1060 1257 1198 2182 1633 1384 917 778 1762 1293 192 1395 87 133 1054 1025 0 1030 2269 1606 976 971 58 178 355 1027 98 1251 788 1224 94 1439 1057 1013 177 63 1956 148 99 1254 967 869 959 274 1542 1734 1627 1074 140 175 1616 922 1245 1154 1274 122 852 1513 1533 152
1188 691 956 980 722 1440 792 854 664 895 414 612 552 1225 676 1359 271 282 805 648 1179 750 1075 942 1029 311 1030 0 1312 784 566 325 1006 1166 819 341 972 605 763 579 1082 793 629 367 1165 1051 1001 1136 1087 609 569 440 763 778 1517 780 763 645 1128 1163 773 726 599 244 317 969 207 860 823 1140
2552 1372 896 2344 1077 2804 1271 2218 2028 2259 1628 1461 1528 245 908 2723 1635 1646 675 1425 2543 1329 2439 2306 2393 1410 2395 1438 0 1138 1930 1470 2370 2530 2183 1440 2336 1470 2127 1531 2446 1278 1993 1685 2529 2415 940 2500 2451 1582 1933 1804 2127 2142 2881 1134 1117 2009 2492 2527 1127 2090 1592 1343 1164 2333 1569 1215 1177 2504
1763 338 381 1555 147 2016 252 1429 1239 1470 566 399 466 926 377 1934 726 857 506 363 1755 310 1650 1518 1604 756 1606 784 1012 0 1141 816 1581 1741 1394 787 1547 407 1338 469 1657 258 1204 622 1740 1626 426 1711 1662 520 1144 1015 1338 1354 2092 204 98 1220 1703 1738 108 1301 530 689 510 1545 782 195 158 1715
1134 872 1446 926 1212 1404 973 800 628 859 595 793 733 1718 1168 1323 452 314 1297 829 1125 930 1021 888 993 561 976 566 1804 1141 0 506 952 1112 647 562 918 786 727 759 1028 974 125 548 1111 997 1491 1082 1033 790 65 165 237 724 1481 1269 1162 141 1073 1108 1151 200 780 689 809 915 387 1049 1068 1086
1128 631 988 920 755 1380 732 794 604 835 354 552 492 1258 708 1299 211 222 837 588 1120 690 1015 882 969 320 971 325 1344 816 506 0 946 1106 759 322 912 545 703 519 1022 733 569 307 1105 991 1033 1076 1027 549 509 380 703 719 1457 812 795 585 1068 1103 805 666 540 276 349 909 147 808 828 1080
206 1312 1886 113 1652 1441 1413 193 397 896 1035 1233 1173 2158 1608 1360 892 754 1737 1269 197 1370 93 111 1029 1001 58 1006 2244 1581 951 946 0 184 330 1002 104 1226 763 1199 100 1414 1033 988 183 69 1931 154 105 1230 943 844 934 249 1517 1709 1602 1049 146 181 1591 897 1220 1129 1249 127 827 1489 1508 158
76 1472 2047 233 1812 1601 1573 354 557 1056 1195 1393 1333 2318 1768 1520 1052 914 1898 1429 105 1530 206 259 1189 1161 178 1166 2404 1741 1111 1106 184 0 491 1163 224 1386 923 1360 122 1574 1193 1148 53 143 2091 146 151 1390 1103 1004 1094 410 1677 1869 1762 1209 151 129 1752 1058 1380 1289 1409 248 987 1649 1668 48
513 1125 1699 305 1465 1254 1226 179 210 709 848 1046 986 1971 1421 1173 705 567 1551 1082 504 1183 400 267 842 814 355 819 2057 1394 646 759 330 491 0 815 297 1039 576 1013 407 1227 731 801 489 376 1744 461 412 1043 638 657 629 103 1330 1522 1415 747 452 487 1404 592 1033 942 1062 294 640 1302 1321 464
1185 688 959 977 725 1437 789 851 661 892 411 609 549 1228 679 1356 268 279 808 645 1176 746 1072 939 1025 314 1027 341 1315 787 562 322 1002 1163 815 0 968 602 759 576 1079 790 625 364 1161 1048 1004 1133 1084 606 565 437 760 775 1514 783 765 642 1124 1159 776 723 596 247 320 966 203 863 826 1136
246 1278 1852 114 1618 1407 1379 159 363 862 1001 1199 1139 2124 1574 1326 858 720 1704 1235 238 1336 133 77 995 967 98 972 2210 1547 917 912 104 224 297 968 0 1192 729 1166 140 1380 999 954 223 109 1897 194 145 1196 909 810 900 215 1483 1675 1568 1015 186 221 1557 863 1186 1095 1215 104 793 1455 1474 198
1408 138 713 1200 478 1661 239 1074 884 1115 311 198 266 1258 708 1579 371 502 837 163 1400 197 1295 1163 1249 600 1251 605 1344 407 786 545 1226 1386 1039 602 1192 0 983 269 1302 240 849 268 1385 1271 758 1356 1307 320 789 660 983 999 1737 536 428 865 1348 1383 418 947 330 728 842 1190 427 315 335 1360
945 1068 1643 737 1409 798 1170 611 421 291 792 990 930 1915 1365 716 649 511 1494 1026 937 1127 832 700 386 758 788 763 2001 1338 727 703 763 923 576 759 729 983 0 956 839 1171 790 745 922 808 1688 894 844 987 730 601 924 536 874 1466 1359 806 885 920 1348 887 977 886 1006 727 584 1246 1265 897
1382 200 774 1174 540 1634 301 1048 858 1089 284 260 327 1319 770 1553 345 476 899 224 1373 258 1269 1136 1223 574 1224 579 1405 469 759 519 1199 1360 1013 576 1166 269 956 0 1276 302 822 241 1358 1245 819 1330 1281 381 762 634 957 972 1711 597 490 839 1321 1356 479 920 391 702 822 1163 400 377 396 1333
145 1388 1963 149 1728 1517 1489 270 473 972 1111 1309 1249 2234 1685 1436 968 830 1814 1345 173 1447 129 175 1106 1077 94 1082 2320 1657 1027 1022 100 122 407 1079 140 1302 839 1276 0 1490 1109 1064 121 105 2007 190 141 1306 1019 920 1011 326 1594 1785 1678 1125 182 198 1668 974 1296 1205 1325 164 904 1565 1584 96
1596 171 521 1388 286 1849 273 1262 1072 1303 399 232 299 1066 516 1767 559 690 645 196 1588 230 1483 1351 1437 788 1439 793 1152 258 974 733 1414 1574 1227 790 1380 240 1171 302 1490 0 1037 455 1573 1459 566 1544 1495 353 977 848 1171 1187 1925 344 237 1053 1536 1571 248 1134 363 829 650 1378 615 335 298 1548
1215 934 1509 1007 1274 1467 1036 881 691 922 658 855 796 1781 1231 1386 515 376 1360 892 1206 993 1102 969 1056 624 1057 629 1867 1204 125 569 1033 1193 732 625 999 849 790 822 1109 1037 0 611 1192 1078 1554 1163 1114 853 128 228 322 805 1544 1332 1225 46 1154 1189 1214 285 843 752 872 996 450 1112 1131 1166
1170 353 928 962 693 1422 454 836 646 877 76 274 215 1473 923 1341 133 264 1052 310 1162 412 1057 924 1011 362 1013 367 1559 622 548 307 988 1148 801 364 954 268 745 241 1064 455 611 0 1147 1033 973 1118 1069 271 551 422 745 761 1499 751 643 627 1110 1145 633 708 262 490 611 951 189 530 550 1122
54 1470 2045 232 1811 1600 1572 352 555 1055 1194 1392 1332 2317 1767 1518 1051 913 1896 1428 72 1529 173 258 1188 1160 177 1165 2403 1740 1110 1105 183 53 489 1161 223 1385 922 1358 121 1573 1192 1147 0 142 2090 113 150 1389 1101 1003 1093 408 1676 1868 1761 1208 118 96 1750 1056 1379 1288 1408 246 986 1648 1667 47
166 1357 1932 118 1697 1486 1458 239 442 941 1080 1278 1218 2203 1654 1405 937 799 1783 1314 194 1416 98 144 1075 1046 63 1051 2289 1626 996 991 69 143 376 1048 109 1271 808 1245 105 1459 1078 1033 142 0 1976 159 110 1275 988 889 980 295 1563 1754 1647 1094 151 186 1637 943 1265 1174 1294 133 872 1534 1553 117
2113 660 113 1905 365 2366 559 1779 1589 1820 916 749 816 728 471 2284 1076 1207 308 713 2105 617 2000 1868 1954 973 1956 1001 814 426 1491 1033 1931 2091 1744 1004 1897 758 1688 819 2007 566 1554 973 2090 1976 0 2061 2012 870 1494 1365 1688 1704 2442 422 405 1570 2053 2088 415 1652 880 906 727 1895 1132 502 465 2065
99 1442 2017 203 1782 1571 1543 324 527 1026 1165 1363 1304 2288 1739 1490 1022 884 1868 1399 66 1501 82 229 1160 1131 148 1136 2374 1711 1081 1076 154 146 461 1133 194 1356 894 1330 190 1544 1163 1118 113 159 2061 0 195 1360 1073 975 1065 380 1648 1840 1732 1180 78 56 1722 1028 1351 1259 1380 218 958 1619 1639 140
173 1393 1968 154 1733 1522 1494 275 478 977 1116 1314 1254 2239 1690 1441 973 835 1819 1350 202 1452 134 180 1111 1082 99 1087 2325 1662 1032 1027 105 151 412 1084 145 1307 844 1281 141 1495 1114 1069 150 110 2012 195 0 1311 1024 925 1015 331 1599 1790 1683 1130 187 222 1673 979 1301 1210 1330 169 908 1570 1589 125
1412 251 826 1204 591 1664 352 1078 888 1119 314 311 378 1370 821 1583 375 506 950 275 1403 309 1299 1166 1253 604 1254 609 1457 520 790 549 1230 1390 1043 606 1196 320 987 381 1306 353 853 271 1389 1275 870 1360 1311 0 793 664 987 1002 1741 648 541 869 1352 1387 531 950 442 732 852 1193 431 428 447 1364
1126 874 1449 918 1215 1407 976 792 631 862 598 796 736 1721 1171 1326 455 317 1300 832 1117 933 1013 880 996 564 968 569 1807 1144 65 509 943 1103 638 565 909 789 730 762 1020 977 128 551 1102 989 1494 1074 1025 793 0 168 229 716 1484 1272 1165 144 1065 1100 1154 192 783 692 812 907 390 1052 1071 1077
1026 746 1321 818 1086 1279 847 692 502 733 469 667 607 1592 1043 1197 326 188 1172 703 1018 805 913 781 867 435 869 440 1678 1015 165 380 844 1004 657 437 810 660 601 634 920 848 228 422 1003 889 1365 975 925 664 168 0 363 617 1355 1143 1036 245 966 1001 1026 326 654 563 683 808 262 923 942 978
1131 916 1491 923 1256 1449 1017 797 672 903 639 837 777 1762 1212 1367 496 358 1342 873 1123 974 1018 886 1037 605 974 610 1848 1185 84 550 949 1109 644 607 915 830 771 804 1025 1018 169 592 1108 994 1535 1079 1030 834 75 210 0 722 1525 1313 1206 185 1071 1106 1196 197 824 733 853 913 431 1093 1112 1083
432 1084 1659 224 1424 1214 1186 138 169 668 808 1005 946 1930 1381 1132 665 526 1510 1041 423 1143 319 186 802 773 274 778 2017 1354 724 719 249 410 103 775 215 999 536 972 326 1187 805 761 408 295 1704 380 331 1002 715 617 707 0 1290 1482 1375 822 371 406 1364 670 993 901 1022 213 600 1261 1281 383
1700 1823 2398 1492 2163 122 1924 1366 1176 680 1546 1744 1684 2669 2119 184 1403 1265 2249 1780 1691 1881 1587 1454 536 1512 1542 1517 2755 2092 1481 1457 1517 1677 1330 1514 1483 1737 874 1711 1594 1925 1544 1499 1676 1563 2442 1648 1599 1741 1484 1355 1678 1290 0 2220 2113 1560 1639 1674 2103 1641 1731 1640 1760 1481 1338 2000 2019 1651
1891 438 378 1683 143 2144 337 1557 1367 1599 694 527 594 922 373 2062 854 986 502 491 1883 395 1778 1646 1732 752 1734 780 1009 204 1269 812 1709 1869 1522 783 1675 536 1466 597 1785 344 1332 751 1868 1754 422 1840 1790 648 1272 1143 1467 1482 2220 0 183 1348 1831 1866 194 1430 658 685 507 1673 910 281 243 1843
1784 332 360 1576 125 2037 231 1450 1260 1491 587 420 487 905 356 1955 747 878 485 384 1776 289 1671 1539 1625 735 1627 763 991 98 1162 795 1602 1762 1415 765 1568 428 1359 490 1678 237 1225 643 1761 1647 405 1732 1683 541 1165 1036 1359 1375 2113 183 0 1241 1724 1759 87 1323 551 668 489 1566 803 174 137 1736
1231 951 1526 1023 1291 1484 1052 897 707 939 674 872 812 1797 1248 1402 531 393 1377 908 1223 1010 1118 986 1072 640 1074 645 1883 1220 141 585 1049 1209 748 642 1015 865 806 839 1125 1053 46 627 1208 1094 1570 1180 1130 869 144 245 339 822 1560 1348 1241 0 1171 1206 1231 302 859 768 888 1013 467 1128 1148 1183
104 1433 2008 195 1773 1563 1535 315 518 1017 1157 1354 1295 2280 1730 1481 1014 875 1859 1391 70 1492 73 220 1151 1123 140 1128 2366 1703 1073 1068 146 151 452 1124 186 1348 885 1321 182 1536 1154 1110 118 151 2053 78 187 1352 1064 966 1056 371 1639 1831 1724 1171 0 61 1713 1019 1342 1251 1371 209 949 1611 1630 145
82 1468 2043 230 1808 1598 1570 350 553 1052 1192 1389 1330 2315 1765 1516 1049 910 1894 1426 49 1527 108 255 1186 1158 175 1163 2401 1738 1108 1103 181 129 487 1159 221 1383 920 1356 198 1571 1189 1145 96 186 2088 56 222 1387 1099 1001 1091 406 1674 1866 1759 1206 61 0 1748 1054 1377 1286 1406 244 984 1646 1665 123
1774 342 371 1566 136 2026 242 1440 1250 1481 577 409 476 915 366 1945 737 868 495 373 1765 299 1661 1528 1614 745 1616 773 1002 108 1151 805 1591 1752 1404 776 1557 418 1348 479 1668 248 1214 633 1750 1637 415 1722 1673 531 1154 1026 1349 1364 2103 194 87 1231 1713 1748 0 1312 541 679 500 1555 792 185 148 1725
1120 905 1479 912 1245 1437 1006 786 661 892 628 826 766 1751 1201 1356 485 347 1331 862 1112 963 1007 874 1026 594 963 599 1837 1174 73 539 938 1098 633 595 904 819 760 793 1014 1007 158 581 1097 983 1524 1068 1019 823 64 198 223 711 1514 1302 1195 174 1060 1095 1184 0 813 722 842 901 420 1082 1101 1072
1402 261 836 1194 601 1655 362 1068 878 1109 305 321 388 1380 831 1573 365 497 960 285 1394 319 1289 1157 1243 594 1245 599 1467 530 780 540 1220 1380 1033 596 1186 330 977 391 1296 363 843 262 1379 1265 880 1351 1301 442 783 654 978 993 1731 658 551 859 1342 1377 541 941 0 722 843 1184 421 438 457 1354
1311 814 862 1103 628 1563 822 977 787 1018 537 735 675 1131 582 1482 394 405 711 771 1302 873 1198 1065 1152 216 1154 244 1217 689 689 276 1129 1289 942 247 1095 728 886 702 1205 829 752 490 1288 1174 906 1259 1210 732 692 563 886 901 1640 685 668 768 1251 1286 679 849 722 0 222 1092 330 766 728 1263
1431 745 683 1223 449 1684 644 1097 907 1139 658 833 796 952 403 1602 515 526 532 797 1423 701 1318 1186 1272 289 1274 317 1038 510 809 349 1249 1409 1062 320 1215 842 1006 822 1325 650 872 611 1408 1294 727 1380 1330 852 812 683 1007 1022 1760 507 489 888 1371 1406 500 970 843 222 0 1213 448 587 550 1383
270 1275 1850 112 1615 1405 1376 157 360 859 999 1196 1137 2121 1572 1323 855 717 1701 1232 261 1334 157 74 993 964 122 969 2208 1545 915 909 127 248 294 966 104 1190 727 1163 164 1378 996 951 246 133 1895 218 169 1193 906 808 898 213 1481 1673 1566 1013 209 244 1555 861 1184 1092 1213 0 791 1452 1472 221
1010 512 1087 802 853 1262 614 676 485 717 236 433 374 1356 807 1181 93 104 936 470 1001 571 896 764 850 202 852 207 1443 782 387 147 827 987 640 203 793 427 584 400 904 615 450 189 986 872 1132 958 908 431 390 262 585 600 1338 910 803 467 949 984 792 548 421 330 448 791 0 690 709 961
1671 246 458 1463 223 1923 329 1337 1147 1378 474 307 374 1003 453 1842 634 765 582 271 1662 305 1558 1425 1512 833 1513 860 1089 195 1049 808 1489 1649 1302 863 1455 315 1246 377 1565 335 1112 530 1648 1534 502 1619 1570 428 1052 923 1246 1261 2000 281 174 1128 1611 1646 185 1209 438 766 587 1452 690 0 235 1623
1690 266 421 1483 186 1943 291 1357 1166 1398 493 326 393 965 416 1861 654 785 545 290 1682 324 1577 1445 1531 795 1533 823 1052 158 1068 828 1508 1668 1321 826 1474 335 1265 396 1584 298 1131 550 1667 1553 465 1639 1589 447 1071 942 1266 1281 2019 243 137 1148 1630 1665 148 1229 457 728 550 1472 709 235 0 1642
70 1445 2020 207 1785 1575 1547 327 530 1029 1169 1366 1307 2292 1742 1493 1026 887 1871 1403 99 1504 187 232 1163 1135 152 1140 2378 1715 1085 1080 158 48 464 1136 198 1360 897 1333 96 1548 1166 1122 47 117 2065 140 125 1364 1076 978 1068 383 1651 1843 1736 1183 145 123 1725 1031 1354 1263 1383 221 961 1623 1642 0
EOF