NAME : tsp_problem
TYPE : TSP
DIMENSION : 22
EDGE_WEIGHT_TYPE : EXPLICIT
EDGE_WEIGHT_FORMAT : FULL_MATRIX
EDGE_WEIGHT_SECTION
0 601 556 1004 245 659 226 440 867 726 400 978 847 363 464 657 958 1321 975 646 637 765
601 0 475 923 806 981 549 763 386 966 723 897 1170 924 786 980 877 1643 894 565 960 684
556 475 0 591 761 936 503 717 741 634 677 565 1124 848 741 934 544 1598 561 233 914 351
1004 923 591 0 1209 1385 952 1166 1189 881 1126 48 1573 1094 1190 1383 163 2047 146 406 1363 257
245 806 761 1209 0 864 431 645 1072 702 605 1183 1052 339 669 862 1163 1526 1180 851 842 970
659 981 936 1385 864 0 492 604 1248 1345 289 1358 358 982 304 427 1338 831 1355 1027 434 1145
226 549 503 952 431 492 0 273 815 912 233 926 680 549 297 490 905 1154 922 594 470 712
440 763 717 1166 645 604 273 0 1029 1126 345 1140 792 763 409 602 1119 956 1136 808 582 926
867 386 741 1189 1072 1248 815 1029 0 1233 989 1163 1436 1190 1052 1246 1143 1909 1160 832 1226 950
725 966 634 881 701 1344 912 1126 1233 0 1086 855 1533 583 1149 1343 834 2006 851 523 1323 641
400 723 677 1126 605 289 233 345 989 1086 0 1099 478 723 94 288 1079 951 1096 768 268 886
978 897 565 48 1183 1358 926 1140 1163 855 1099 0 1547 1068 1163 1357 157 2020 140 380 1337 231
847 1170 1124 1573 1052 358 680 792 1436 1533 478 1547 0 1170 459 341 1526 515 1543 1215 348 1333
210 771 725 1109 185 829 396 610 1037 597 570 1083 1017 0 634 827 1063 1491 1079 751 807 870
464 786 741 1190 669 304 297 409 1052 1150 94 1163 459 787 0 302 1143 933 1160 832 282 950
657 980 934 1383 862 427 490 602 1246 1344 288 1357 341 980 302 0 1336 815 1353 1025 417 1144
958 877 544 163 1163 1338 905 1119 1143 834 1079 157 1526 1048 1143 1336 0 2000 91 359 1317 211
1321 1643 1598 2047 1526 831 1154 956 1909 2007 951 2020 515 1644 933 815 2000 0 2017 1689 821 1807
975 894 561 146 1180 1355 922 1136 1160 851 1096 140 1543 1065 1160 1353 91 2017 0 376 1333 228
646 565 233 406 851 1027 594 808 832 523 768 380 1215 737 832 1025 359 1689 376 0 1005 166
637 960 914 1363 842 434 470 582 1226 1324 268 1337 348 960 282 417 1317 821 1333 1005 0 1124
765 684 351 257 970 1145 712 926 950 641 886 231 1333 855 950 1144 211 1807 228 166 1124 0
EOF