NAME : tsp_problem
TYPE : TSP
DIMENSION : 56
EDGE_WEIGHT_TYPE : EXPLICIT
EDGE_WEIGHT_FORMAT : FULL_MATRIX
EDGE_WEIGHT_SECTION
0 631 908 960 818 365 895 965 1573 890 857 133 750 200 833 263 854 921 874 1061 1182 963 592 628 586 719 348 905 613 814 721 767 838 1157 639 412 1306 541 865 866 873 413 613 422 803 754 790 1023 642 449 976 608 258 898 943 632
631 0 1291 376 1201 748 875 1348 1956 869 274 705 166 753 1216 835 271 338 291 1041 1162 380 975 1011 565 698 731 322 996 1197 1104 530 1221 1540 1022 795 1689 233 1248 283 1256 796 996 805 220 517 1173 439 1025 832 393 991 830 315 359 1015
908 1291 0 1619 204 588 1555 181 790 1549 1516 981 1409 1048 491 1111 1513 1580 1534 1721 1842 1622 741 761 1245 1378 623 1565 775 502 256 1616 147 373 806 854 524 1200 492 1525 445 532 738 559 1463 1603 542 1682 785 891 1636 727 1106 1558 1602 769
960 376 1619 0 1529 1076 1203 1676 2285 1197 146 1033 228 1081 1544 1163 148 103 159 1369 1490 140 1304 1339 894 1026 1059 190 1324 1525 1432 858 1549 1868 1351 1123 2017 561 1576 151 1584 1124 1324 1133 203 845 1501 88 1353 1160 55 1319 1158 82 91 1343
818 1201 204 1529 0 499 1465 211 820 1459 1427 892 1319 959 521 1022 1424 1491 1444 1631 1752 1533 772 791 1156 1288 533 1475 806 533 167 1526 177 404 836 765 554 1110 523 1436 475 443 769 470 1373 1513 573 1592 815 802 1546 758 1016 1468 1512 800
365 748 588 1076 499 0 1012 645 1254 1006 974 439 866 506 733 569 971 1038 991 1178 1299 1080 492 528 703 835 248 1022 513 714 402 1073 519 837 540 312 988 657 765 983 773 313 513 322 920 1060 690 1139 542 349 1093 508 563 1015 1059 532
895 875 1555 1203 1465 1012 0 1612 2220 166 1100 969 993 1036 1480 1099 1097 1165 1118 591 339 1206 1239 1275 430 235 995 1149 1260 1461 1368 1282 1485 1804 1286 1059 1953 784 1512 1110 1520 1060 1260 1069 1047 1270 1437 1266 1289 1096 1220 1255 1094 1142 1186 1279
965 1348 181 1676 211 645 1612 0 752 1606 1573 1038 1466 1105 350 1168 1570 1637 1591 1778 1899 1679 600 619 1302 1435 680 1622 634 361 314 1673 154 335 664 810 384 1257 351 1582 303 589 597 616 1520 1660 401 1739 643 761 1693 586 1163 1615 1659 628
1883 2266 1099 2594 1130 1564 2530 1062 0 2524 2492 1957 2384 2024 1372 2087 2489 2556 2509 2696 2817 2598 1622 1641 2221 2353 1598 2540 1656 1383 1232 2591 1072 769 1686 1830 990 2175 1373 2501 1325 1507 1619 1535 2438 2578 1423 2657 1665 1784 2611 1608 2081 2533 2577 1650
890 869 1549 1197 1459 1006 166 1606 2215 0 1095 964 988 1030 1475 1093 1092 1159 1112 705 453 1201 1234 1270 424 229 989 1143 1254 1456 1363 1277 1479 1798 1281 1053 1947 778 1506 1104 1514 1054 1254 1063 1041 1264 1431 1260 1284 1090 1214 1249 1088 1136 1181 1274
857 274 1516 146 1427 974 1100 1573 2182 1095 0 931 125 979 1442 1060 49 107 60 1266 1387 149 1201 1237 791 923 957 91 1221 1423 1330 755 1446 1765 1248 1020 1914 459 1474 52 1481 1022 1222 1030 104 742 1398 208 1251 1057 162 1216 1055 84 129 1241
133 705 981 1033 892 439 969 1038 1647 964 931 0 823 110 907 173 928 995 948 1135 1256 1037 666 702 660 792 422 979 686 888 795 678 912 1231 713 486 1379 614 939 940 947 487 687 496 877 665 863 1096 716 522 1050 681 168 972 1016 706
750 166 1409 228 1319 866 993 1466 2075 988 125 823 0 872 1335 953 122 189 142 1159 1280 231 1094 1130 684 816 849 173 1114 1316 1223 648 1339 1658 1141 913 1807 351 1366 134 1374 914 1114 923 72 635 1291 291 1144 950 245 1109 948 166 211 1134
200 754 1048 1082 959 506 1036 1105 1714 1030 979 110 872 0 974 125 976 1044 997 1202 1323 1086 733 769 727 859 489 1028 753 955 862 607 979 1297 780 552 1446 681 1006 989 1014 554 754 562 926 594 930 1145 783 589 1099 748 119 1021 1065 773
833 1216 491 1544 521 733 1480 350 1062 1475 1442 907 1335 974 0 1037 1439 1506 1459 1646 1767 1548 299 318 1171 1303 716 1490 333 255 624 1541 464 645 363 509 521 1125 306 1451 313 781 296 790 1388 1528 230 1607 342 460 1561 285 1031 1483 1528 327
263 835 1111 1163 1022 569 1099 1168 1777 1093 1060 173 953 125 1037 0 1057 1125 1078 1265 1386 1166 796 832 790 922 552 1109 816 1018 925 692 1042 1360 843 615 1509 744 1069 1070 1077 617 817 625 1007 679 993 1226 846 652 1180 811 24 1102 1146 836
854 271 1513 148 1424 971 1097 1570 2179 1092 49 928 122 976 1439 1057 0 110 63 1263 1384 152 1198 1234 788 920 954 94 1218 1420 1327 752 1443 1762 1245 1017 1911 456 1471 55 1478 1019 1219 1027 107 739 1395 211 1248 1054 165 1213 1052 87 132 1238
921 338 1580 103 1491 1038 1165 1637 2246 1159 107 995 189 1043 1506 1125 110 0 121 1330 1452 175 1265 1301 855 988 1021 152 1285 1487 1394 819 1511 1829 1312 1084 1978 523 1538 113 1546 1086 1286 1094 165 806 1462 123 1315 1121 90 1280 1119 44 86 1305
874 291 1534 159 1444 991 1118 1591 2199 1112 60 948 142 996 1459 1078 63 121 0 1284 1405 117 1218 1254 808 941 974 105 1239 1440 1347 773 1464 1783 1265 1038 1932 476 1491 66 1499 1039 1239 1048 118 760 1416 177 1268 1075 176 1234 1073 98 143 1258
1073 1052 1732 1380 1642 1189 591 1789 2398 705 1277 1146 1170 1213 1657 1276 1274 1342 1295 0 353 1384 1417 1452 968 774 1172 1326 1437 1638 1545 1460 1662 1981 1464 1236 2130 961 1689 1287 1697 1237 1437 1246 1224 1447 1614 1443 1466 1273 1397 1432 1271 1319 1363 1456
1182 1162 1842 1490 1752 1299 339 1899 2507 453 1387 1256 1280 1323 1767 1386 1384 1452 1405 353 0 1493 1526 1562 716 522 1282 1436 1547 1748 1655 1569 1772 2091 1573 1346 2240 1071 1799 1397 1807 1347 1547 1356 1334 1556 1724 1553 1576 1383 1507 1542 1381 1429 1473 1566
963 380 1622 140 1533 1080 1206 1679 2288 1201 149 1037 231 1085 1548 1166 152 175 117 1372 1493 0 1307 1343 897 1029 1063 96 1327 1529 1436 861 1553 1871 1354 1126 2020 565 1580 120 1588 1128 1328 1136 207 848 1504 81 1357 1163 122 1322 1161 187 157 1347
592 975 741 1304 772 492 1239 600 1312 1234 1201 666 1094 733 299 796 1198 1265 1218 1405 1526 1307 0 343 930 1062 475 1249 358 280 849 1300 714 896 388 268 771 885 331 1210 339 541 321 549 1147 1287 255 1366 367 252 1320 310 791 1242 1287 352
628 1011 761 1339 791 528 1275 619 1332 1270 1237 702 1130 769 318 832 1234 1301 1254 1441 1562 1343 343 0 966 1098 511 1285 377 299 885 1336 734 915 408 304 791 920 350 1246 358 576 340 585 1183 1323 275 1402 387 288 1356 329 827 1278 1323 371
586 565 1245 894 1156 703 430 1302 1911 424 791 660 684 727 1171 790 788 855 808 968 716 897 930 966 0 291 686 839 950 1152 1059 973 1176 1494 977 749 1643 475 1203 800 1211 751 951 759 737 960 1127 957 980 786 910 945 784 832 877 970
719 698 1378 1026 1288 835 235 1435 2043 229 923 792 816 859 1303 922 920 988 941 774 522 1029 1062 1098 291 0 818 972 1083 1284 1191 1106 1308 1627 1109 882 1776 607 1335 933 1343 883 1083 892 870 1093 1260 1089 1112 919 1043 1078 917 965 1009 1102
348 731 623 1059 533 248 995 680 1289 989 957 422 849 489 716 552 954 1021 974 1161 1282 1063 475 511 686 818 0 1005 496 697 437 1056 553 872 522 295 1023 640 748 966 756 296 496 305 903 1043 673 1122 525 332 1076 491 546 998 1042 515
905 322 1565 190 1475 1022 1149 1622 2230 1143 91 979 173 1027 1490 1109 94 152 105 1315 1436 96 1249 1285 839 972 1005 0 1270 1471 1378 804 1495 1814 1296 1069 1963 507 1522 97 1530 1070 1270 1079 149 791 1447 156 1299 1106 196 1265 1104 129 174 1289
613 996 775 1324 806 513 1260 634 1347 1254 1221 686 1114 753 333 816 1218 1285 1239 1426 1547 1327 358 377 950 1083 496 1270 0 314 869 1321 748 930 422 288 806 905 365 1230 373 561 355 569 1168 1308 289 1387 401 273 1341 344 811 1263 1307 386
814 1197 502 1525 533 714 1461 361 1074 1456 1423 888 1316 955 255 1018 1420 1487 1440 1627 1748 1529 280 299 1152 1284 697 1471 314 0 635 1522 475 657 344 490 533 1106 287 1432 294 762 277 771 1369 1509 211 1588 323 441 1542 266 1012 1464 1509 308
721 1104 256 1432 167 402 1368 314 922 1363 1330 795 1223 862 624 925 1327 1394 1347 1534 1655 1436 849 885 1059 1191 437 1378 869 635 0 1429 187 506 896 668 656 1013 625 1339 577 346 869 373 1276 1416 675 1495 899 705 1449 860 920 1371 1416 889
767 530 1615 858 1525 1072 1282 1672 2281 1277 755 677 648 606 1540 691 752 819 773 1448 1569 861 1300 1335 973 1106 1055 804 1320 1521 1428 0 1545 1864 1347 1119 2013 641 1572 764 1580 1120 1320 1129 702 161 1497 921 1349 1156 875 1315 686 797 841 1339
838 1221 147 1549 177 519 1485 154 762 1479 1446 912 1339 979 464 1042 1443 1511 1464 1651 1772 1553 714 734 1176 1308 553 1495 748 475 187 1546 0 346 778 785 497 1130 465 1456 418 462 711 489 1393 1533 515 1612 758 822 1566 700 1036 1488 1532 742
1157 1540 373 1868 404 837 1804 335 459 1798 1765 1231 1658 1297 645 1360 1762 1829 1783 1970 2091 1871 896 915 1494 1627 872 1814 930 657 506 1865 346 0 960 1104 263 1449 646 1775 599 781 893 808 1712 1852 697 1931 939 1057 1885 882 1355 1807 1851 924
639 1022 806 1351 836 540 1286 664 1377 1281 1248 713 1141 780 363 843 1245 1312 1265 1452 1573 1354 388 408 977 1109 522 1296 422 344 896 1347 778 960 0 315 836 932 395 1257 403 588 385 596 1194 1334 319 1413 432 299 1367 374 838 1289 1334 416
412 795 854 1123 765 312 1059 810 1520 1053 1020 486 913 552 509 615 1017 1084 1038 1225 1346 1126 268 304 749 882 295 1069 288 490 668 1120 785 1104 315 0 981 704 541 1030 548 360 289 368 967 1107 465 1186 318 124 1140 283 610 1062 1106 308
1306 1689 524 2017 554 988 1953 384 680 1947 1914 1379 1807 1446 521 1509 1911 1978 1932 2119 2240 2020 771 791 1643 1776 1023 1963 806 533 656 2014 497 263 836 981 0 1598 522 1924 475 932 768 959 1861 2001 572 2080 815 933 2034 757 1504 1956 2000 799
541 233 1200 561 1110 657 784 1257 1866 778 459 614 351 681 1125 744 456 523 476 950 1071 565 885 920 475 607 640 507 905 1106 1013 641 1130 1449 932 704 1598 0 1157 468 1165 705 905 714 405 628 1082 624 934 741 578 900 739 500 544 924
865 1248 492 1576 523 765 1512 351 1063 1506 1474 939 1366 1006 306 1069 1471 1538 1491 1678 1799 1580 331 350 1203 1335 748 1522 365 287 625 1573 465 646 395 541 522 1157 0 1483 345 813 328 822 1420 1560 262 1639 374 492 1593 317 1063 1515 1559 358
866 283 1525 151 1436 983 1110 1582 2191 1104 52 940 134 988 1451 1070 55 113 66 1276 1397 120 1210 1246 800 933 966 97 1230 1432 1339 764 1456 1775 1257 1030 1924 468 1483 0 1491 1031 1231 1040 110 751 1407 180 1260 1067 168 1225 1064 90 134 1250
873 1256 445 1584 475 773 1520 303 1016 1514 1481 947 1374 1014 313 1077 1478 1546 1499 1686 1807 1588 339 358 1211 1343 756 1530 373 294 577 1581 418 599 403 548 475 1165 345 1491 0 821 336 830 1428 1568 270 1647 382 500 1601 325 1071 1523 1567 366
413 796 532 1124 443 313 1060 589 1198 1054 1022 487 914 554 781 617 1019 1086 1039 1226 1347 1128 541 576 751 883 296 1070 561 762 346 1121 462 781 588 360 932 705 813 1031 821 0 561 317 968 1108 738 1187 590 397 1141 556 611 1063 1107 580
613 996 738 1324 769 513 1260 597 1309 1254 1222 687 1114 754 296 817 1219 1286 1239 1426 1547 1328 321 340 951 1083 496 1270 355 277 869 1321 711 893 385 289 768 905 328 1231 336 561 0 570 1168 1308 252 1387 364 273 1341 307 811 1263 1307 349
422 805 559 1133 470 322 1069 616 1225 1063 1030 496 923 562 790 625 1027 1094 1048 1235 1356 1136 549 585 759 892 305 1079 569 771 373 1130 489 808 596 368 959 714 822 1040 830 317 570 0 977 1117 746 1196 599 405 1150 564 620 1072 1116 589
803 220 1463 203 1373 920 1047 1520 2128 1041 104 877 72 925 1388 1007 107 165 118 1213 1334 207 1147 1183 737 870 903 149 1168 1369 1276 702 1393 1712 1194 967 1861 405 1420 110 1428 968 1168 977 0 689 1345 266 1197 1004 220 1163 1002 142 187 1187
754 517 1602 845 1512 1059 1270 1659 2268 1264 742 664 635 593 1527 678 739 806 760 1435 1556 848 1287 1323 960 1093 1042 791 1307 1508 1416 161 1532 1851 1334 1106 2000 628 1559 751 1567 1107 1307 1116 689 0 1484 908 1336 1143 862 1302 673 784 828 1326
790 1173 542 1501 573 690 1437 401 1113 1431 1398 863 1291 930 230 993 1395 1462 1416 1602 1724 1504 255 275 1127 1260 673 1447 289 211 675 1497 515 697 319 465 572 1082 262 1407 270 738 252 746 1345 1485 0 1564 299 417 1518 241 988 1440 1484 283
1023 439 1682 88 1592 1139 1266 1739 2347 1260 208 1096 291 1144 1607 1226 211 123 177 1432 1553 81 1366 1402 957 1089 1122 156 1387 1588 1495 921 1612 1931 1413 1186 2080 624 1639 180 1647 1187 1387 1196 266 908 1564 0 1416 1223 70 1382 1221 148 106 1406
642 1025 785 1353 815 542 1289 643 1356 1284 1251 716 1144 783 342 846 1248 1315 1268 1455 1576 1357 367 387 980 1112 525 1299 401 323 899 1350 758 939 432 318 815 934 374 1260 382 590 364 599 1197 1337 299 1416 0 302 1370 353 840 1292 1336 395
449 832 891 1160 802 349 1096 761 1474 1090 1057 522 950 589 460 652 1054 1121 1075 1262 1383 1163 252 288 786 919 332 1106 273 441 705 1157 822 1057 299 124 933 741 492 1067 500 397 273 405 1004 1144 417 1223 302 0 1177 267 647 1099 1143 292
976 393 1636 55 1546 1093 1220 1693 2301 1214 162 1050 245 1098 1561 1180 165 90 176 1386 1507 122 1320 1356 910 1043 1076 196 1341 1542 1449 875 1566 1885 1367 1140 2034 578 1593 168 1601 1141 1341 1150 220 862 1518 70 1370 1177 0 1336 1175 99 72 1360
608 991 727 1319 758 508 1255 586 1299 1249 1216 681 1109 748 285 811 1213 1280 1234 1420 1542 1322 310 329 945 1078 491 1265 344 266 860 1315 700 882 374 283 757 900 317 1225 325 556 307 564 1163 1303 241 1382 353 267 1336 0 806 1257 1302 338
258 830 1106 1158 1016 563 1094 1163 1772 1088 1055 168 948 119 1031 24 1052 1119 1073 1260 1381 1161 791 827 784 917 546 1104 811 1012 920 686 1036 1355 838 610 1504 739 1063 1064 1071 611 811 620 1002 674 988 1221 840 647 1175 806 0 1097 1141 830
898 315 1558 82 1468 1015 1142 1615 2223 1136 84 972 166 1020 1483 1102 87 44 98 1308 1429 187 1242 1278 832 965 998 129 1263 1464 1371 797 1488 1807 1289 1062 1956 500 1515 90 1523 1063 1263 1072 142 784 1440 148 1292 1099 99 1257 1097 0 65 1282
943 359 1602 91 1512 1059 1186 1659 2268 1181 129 1016 211 1065 1528 1146 132 86 143 1352 1473 157 1287 1323 877 1009 1042 174 1307 1509 1416 841 1532 1851 1334 1106 2000 544 1559 134 1567 1107 1307 1116 187 828 1484 106 1336 1143 72 1302 1141 65 0 1327
632 1015 769 1343 800 532 1279 628 1340 1274 1241 706 1134 773 327 836 1238 1305 1258 1445 1566 1347 352 371 970 1102 515 1289 386 308 889 1340 742 924 416 308 799 924 358 1250 366 580 349 589 1187 1327 283 1406 395 292 1360 338 830 1282 1327 0
EOF