NAME : tsp_problem
TYPE : TSP
DIMENSION : 28
EDGE_WEIGHT_TYPE : EXPLICIT
EDGE_WEIGHT_FORMAT : FULL_MATRIX
EDGE_WEIGHT_SECTION
0 2607 2620 1528 2023 1662 2587 2485 998 2942 2618 1218 1775 1175 1780 2581 2442 2342 2181 1419 2565 2529 2488 2200 1726 1305 1727 1560
2305 0 128 1153 1090 1370 875 165 1756 1636 100 1739 1135 1480 1177 868 192 308 1045 1518 79 99 162 894 1039 1636 939 1373
2318 128 0 1166 1103 1383 887 178 1768 1649 52 1752 1148 1492 1190 881 205 320 1058 1530 170 206 175 907 1052 1649 952 1386
1225 1153 1166 0 569 602 1133 1030 676 1488 1164 773 367 400 409 1126 988 887 726 750 1111 1075 1033 746 271 860 273 605
1721 1091 1103 569 0 786 598 968 1171 1455 1101 1154 551 895 592 592 925 825 192 933 1048 1013 971 713 455 1052 355 789
1359 1370 1383 602 786 0 1350 1248 810 1705 1381 520 264 864 302 1344 1205 1105 943 299 1328 1292 1251 963 368 417 490 309
2284 875 887 1132 598 1349 0 752 1735 1698 885 1718 1114 1459 1156 167 709 609 552 1497 832 797 755 956 1018 1615 918 1352
2182 165 178 1030 967 1248 752 0 1633 1513 176 1616 1013 1357 1054 746 79 185 922 1395 123 87 49 771 917 1513 816 1251
696 1756 1768 676 1171 810 1735 1633 0 2091 1766 366 923 323 928 1729 1590 1490 1329 568 1713 1678 1636 1348 874 453 875 708
2640 1636 1649 1488 1455 1705 1698 1513 2091 0 1646 2074 1470 1815 1512 1692 1471 1370 1613 1853 1593 1558 1516 781 1374 1971 1274 1708
2316 100 52 1164 1101 1381 885 176 1766 1646 0 1749 1146 1490 1187 879 203 318 1055 1528 142 178 173 904 1050 1647 950 1384
915 1739 1752 773 1154 520 1719 1616 366 2074 1749 0 633 420 638 1712 1574 1473 1312 299 1696 1661 1619 1332 737 185 859 418
1473 1135 1148 367 551 264 1115 1013 923 1470 1146 633 0 694 71 1108 970 870 708 412 1093 1057 1016 728 133 530 255 268
873 1480 1492 400 895 864 1459 1357 323 1815 1490 420 694 0 735 1453 1314 1214 1053 622 1437 1401 1360 1072 598 508 599 763
1477 1177 1190 409 592 302 1157 1054 928 1512 1187 638 71 735 0 1150 1012 911 750 417 1134 1099 1057 770 175 535 297 305
2278 868 881 1126 591 1343 167 746 1728 1692 879 1711 1108 1452 1149 0 703 603 546 1490 826 790 749 950 1012 1609 912 1346
2140 192 205 988 925 1205 709 79 1590 1471 203 1574 970 1314 1012 703 0 142 880 1352 150 114 76 729 874 1471 774 1208
2039 308 320 887 824 1105 609 185 1490 1370 318 1473 870 1214 911 603 142 0 779 1252 265 229 188 628 774 1371 673 1108
1751 1085 1098 599 64 816 593 963 1201 1485 1096 1184 581 925 622 586 920 820 0 963 1043 1007 966 743 485 1082 385 819
1117 1518 1530 750 933 299 1497 1395 568 1853 1528 299 412 622 417 1491 1352 1252 1091 0 1475 1440 1398 1110 516 305 637 197
2263 79 170 1111 1047 1328 832 123 1713 1593 142 1696 1093 1437 1134 826 150 265 1002 1475 0 56 120 851 997 1594 897 1331
2227 99 206 1075 1012 1292 797 87 1678 1558 178 1661 1057 1401 1099 790 114 229 967 1440 56 0 84 816 961 1558 861 1295
2185 162 175 1033 970 1251 755 49 1636 1516 173 1619 1016 1360 1057 749 76 188 925 1398 120 84 0 774 920 1516 819 1254
1898 894 907 746 713 963 956 771 1348 781 904 1332 728 1072 770 950 729 628 871 1110 851 816 774 0 632 1229 532 966
1423 1039 1052 271 455 368 1019 917 874 1374 1050 737 133 598 175 1012 874 774 612 516 997 961 920 632 0 634 159 371
1003 1636 1649 860 1052 417 1616 1513 453 1971 1647 185 530 508 535 1609 1471 1371 1209 305 1594 1558 1516 1229 634 0 756 315
1425 939 952 273 355 490 919 816 875 1274 950 859 255 599 297 912 774 673 512 637 897 861 819 532 159 756 0 493
1258 1373 1386 605 789 309 1353 1251 708 1708 1384 418 268 763 305 1347 1208 1108 947 197 1331 1295 1254 966 371 315 493 0
EOF