NAME : tsp_problem
TYPE : TSP
DIMENSION : 60
EDGE_WEIGHT_TYPE : EXPLICIT
EDGE_WEIGHT_FORMAT : FULL_MATRIX
EDGE_WEIGHT_SECTION
0 1767 1644 1563 603 1615 1469 1262 1691 1327 1363 1464 1405 1923 1954 1338 1522 1099 2144 1654 1805 1301 1634 1915 1466 1614 460 1923 2366 1478 1782 798 1638 1649 1659 1598 1365 1428 182 420 2026 1188 1380 1289 1601 1598 1648 2589 1490 1514 1575 1423 1624 2592 1535 1385 1664 1667 166 1619
1767 0 840 305 1222 1506 1360 531 733 598 467 735 1296 508 448 825 1413 990 427 163 622 789 824 207 1357 832 1355 253 648 1369 127 1089 1447 891 881 846 853 376 1686 1399 420 609 432 1181 1492 1489 849 869 1381 1406 1466 1314 847 873 1426 1276 758 754 1669 840
1644 840 0 711 1098 1383 1237 410 256 354 511 288 1173 393 423 702 1290 867 613 802 275 666 346 714 1234 354 1232 761 835 1246 830 966 1323 413 403 368 730 576 1562 1275 496 485 528 1057 1369 1366 371 1332 1258 1282 1343 1191 370 1335 1303 1153 280 276 1546 362
1563 305 711 0 1018 1302 1157 330 759 394 311 532 1092 766 706 622 1210 787 685 192 873 586 702 454 1154 681 1152 462 906 1166 321 886 1243 717 727 666 650 220 1482 1195 679 405 276 977 1289 1286 715 1127 1177 1202 1263 1111 692 1131 1223 1073 732 735 1466 686
603 1222 1098 1018 0 1069 923 717 1146 781 818 919 859 1378 1408 792 977 554 1599 1108 1260 756 1089 1370 920 1068 192 1378 1820 933 1237 291 1093 1104 1114 1053 820 883 522 235 1481 643 835 744 1056 1052 1102 2043 944 969 1029 878 1079 2047 990 840 1119 1122 506 1073
1615 1506 1383 1302 1069 0 189 1001 1430 1066 1102 1203 261 1662 1693 1077 202 570 1883 1393 1544 1040 1373 1654 192 1353 1203 1662 2105 195 1521 937 888 1388 1398 1337 1104 1168 1533 1246 1765 927 1120 367 105 49 1387 2328 155 120 99 218 1363 2331 151 253 1403 1406 1517 1358
1469 1360 1237 1157 923 189 0 855 1284 920 957 1057 119 1516 1547 931 96 424 1737 1247 1398 895 1227 1508 49 1207 1057 1516 1959 52 1375 791 742 1243 1252 1191 958 1022 1387 1100 1619 781 974 221 175 172 1241 2182 64 88 149 76 1217 2185 109 111 1257 1260 1371 1212
1262 531 410 330 717 1001 855 0 457 93 130 230 791 690 720 320 908 485 910 418 571 284 400 679 852 380 850 687 1132 864 546 584 942 416 425 364 348 195 1181 894 792 104 147 676 987 984 414 1353 876 901 961 809 390 1356 921 771 430 433 1164 385
1691 733 256 759 1146 1430 1284 457 0 402 559 335 1220 286 316 749 1337 914 506 849 168 713 239 607 1281 247 1279 654 728 1293 723 1013 1371 306 296 261 777 624 1610 1323 389 533 576 1105 1416 1413 264 1225 1305 1330 1390 1238 263 1228 1350 1200 173 169 1593 255
1327 598 354 394 781 1066 920 93 402 0 194 175 855 634 664 385 973 550 854 484 516 349 345 746 917 324 915 754 1076 929 613 649 1006 360 370 309 413 259 1245 958 737 168 211 740 1052 1049 358 1420 941 965 1026 874 335 1423 986 836 375 378 1229 329
1363 467 511 311 818 1102 957 130 559 194 0 332 892 791 821 422 1010 587 847 354 673 386 502 615 954 481 952 623 1067 966 482 686 1043 517 527 466 450 296 1282 995 840 205 248 777 1089 1086 515 1289 977 1002 1063 911 492 1292 1023 873 532 535 1266 486
1464 735 288 532 919 1203 1057 230 335 175 332 0 993 535 565 522 1111 688 756 622 417 486 279 856 1054 258 1052 891 977 1067 750 786 1144 294 304 243 550 397 1383 1096 638 306 349 878 1190 1186 292 1474 1078 1103 1163 1012 269 1477 1123 974 309 312 1366 263
1405 1296 1173 1092 859 261 119 791 1220 855 892 993 0 1452 1483 866 169 360 1673 1183 1334 830 1163 1444 122 1143 993 1452 1895 125 1311 727 678 1178 1188 1127 894 957 1323 1036 1555 717 909 157 248 244 1177 2118 136 161 221 120 1153 2121 182 82 1193 1196 1307 1148
1923 508 393 766 1378 1662 1516 690 286 634 791 535 1452 0 213 982 1570 1147 281 623 305 946 377 382 1513 384 1512 428 502 1526 497 1246 1603 444 434 399 1010 836 1842 1555 185 765 808 1337 1649 1646 401 999 1537 1562 1623 1471 400 1003 1583 1433 311 307 1826 393
1954 448 423 706 1408 1693 1547 720 316 664 821 565 1483 213 0 1012 1600 1177 221 564 327 976 407 322 1544 415 1542 369 443 1556 438 1276 1633 474 464 429 1040 777 1872 1585 126 796 833 1367 1679 1676 432 940 1568 1592 1653 1501 431 943 1613 1463 341 337 1856 423
1338 825 702 622 792 1077 931 320 749 385 422 522 866 982 1012 0 984 561 1202 712 863 149 693 973 928 672 926 981 1424 940 840 660 665 708 718 657 120 487 1256 969 1084 247 439 751 1063 1060 706 1647 952 976 1037 885 683 1651 997 847 723 726 1240 677
1522 1413 1290 1210 977 202 96 908 1337 973 1010 1111 169 1570 1600 984 0 478 1790 1300 1452 948 1281 1562 99 1260 1111 1570 2012 102 1429 844 796 1296 1306 1245 1012 1075 1441 1154 1673 835 1027 275 151 222 1294 2235 114 138 125 126 1271 2239 159 161 1311 1314 1424 1265
1099 990 867 787 554 570 424 485 914 550 587 688 360 1147 1177 561 478 0 1367 877 1028 525 858 1138 421 837 687 1147 1589 434 1006 421 594 873 883 822 589 652 1018 731 1250 412 604 245 557 553 871 1812 445 470 530 379 848 1816 491 341 888 891 1001 842
2144 427 613 685 1599 1883 1737 910 506 854 847 756 1673 281 221 1202 1790 1367 0 543 395 1166 597 301 1734 605 1732 348 422 1746 417 1466 1823 664 654 619 1230 756 2062 1776 194 986 812 1557 1869 1866 622 919 1758 1783 1843 1691 621 922 1803 1653 531 527 2046 613
1654 163 802 192 1108 1393 1247 418 849 484 354 622 1183 623 564 712 1300 877 543 0 738 676 792 311 1244 771 1242 319 764 1256 178 976 1333 807 817 756 740 263 1572 1285 536 495 319 1067 1379 1376 805 985 1268 1292 1353 1201 782 988 1313 1163 822 825 1556 777
1805 622 275 873 1260 1544 1398 571 168 516 673 417 1334 305 327 863 1452 1028 395 738 0 827 258 496 1395 266 1393 542 617 1407 612 1127 1485 325 315 280 891 738 1724 1437 299 647 690 1219 1530 1527 283 1113 1419 1444 1504 1352 282 1117 1464 1314 192 188 1707 274
1301 789 666 586 756 1040 895 284 713 349 386 486 830 946 976 149 948 525 1166 676 827 0 656 937 892 636 890 945 1388 904 804 624 701 672 681 621 156 451 1220 933 1048 211 403 715 1027 1024 670 1611 915 940 1001 849 647 1615 961 811 686 690 1204 641
1634 824 346 702 1089 1373 1227 400 239 345 502 279 1163 377 407 693 1281 858 597 792 258 656 0 698 1224 338 1223 744 819 1237 814 956 1314 397 387 352 720 567 1553 1266 479 476 519 1048 1360 1356 355 1316 1248 1273 1333 1182 354 1319 1293 1144 264 260 1536 346
1915 207 714 454 1370 1654 1508 679 607 746 615 856 1444 382 322 973 1562 1138 301 311 496 937 698 0 1505 706 1503 127 522 1517 197 1237 1595 765 755 720 1001 524 1834 1547 294 757 580 1329 1640 1637 723 743 1529 1554 1614 1462 722 747 1574 1424 632 628 1817 714
1466 1357 1234 1154 920 192 49 852 1281 917 954 1054 122 1513 1544 928 99 421 1734 1244 1395 892 1224 1505 0 1204 1054 1513 1956 55 1372 788 739 1240 1249 1188 955 1019 1384 1097 1616 778 971 218 178 175 1238 2179 67 91 152 79 1214 2182 112 114 1254 1257 1368 1209
1614 832 354 681 1068 1353 1207 380 247 324 481 258 1143 384 415 672 1260 837 605 771 266 636 338 706 1204 0 1202 752 827 1216 821 936 1293 405 394 360 700 546 1532 1245 487 455 498 1027 1339 1336 362 1323 1228 1252 1313 1161 361 1327 1273 1123 272 267 1516 354
460 1355 1232 1152 192 1203 1057 850 1279 915 952 1052 993 1512 1542 926 1111 687 1732 1242 1393 890 1223 1503 1054 1202 0 1511 1954 1066 1370 386 1226 1238 1248 1187 954 1017 378 91 1614 777 969 878 1189 1186 1236 2177 1078 1103 1163 1011 1213 2181 1123 973 1253 1256 362 1207
1923 253 761 462 1378 1662 1516 687 654 754 623 891 1452 428 369 981 1570 1147 348 319 542 945 744 127 1513 752 1511 0 568 1525 243 1245 1603 811 801 766 1009 532 1842 1555 341 765 588 1337 1649 1645 769 790 1537 1562 1622 1471 768 793 1582 1432 678 674 1825 760
2366 648 835 906 1820 2105 1959 1132 728 1076 1067 977 1895 502 443 1424 2012 1589 422 764 617 1388 819 522 1956 827 1954 568 0 1968 638 1688 2045 886 876 841 1452 977 2284 1997 415 1207 1033 1779 2091 2088 844 725 1980 2004 2065 1913 842 728 2025 1875 753 749 2268 835
1478 1369 1246 1166 933 195 52 864 1293 929 966 1067 125 1526 1556 940 102 434 1746 1256 1407 904 1237 1517 55 1216 1066 1525 1968 0 1384 800 751 1252 1262 1201 968 1031 1397 1110 1629 791 983 231 146 178 1250 2191 70 94 120 82 1227 2195 115 117 1267 1270 1380 1221
1782 127 830 321 1237 1521 1375 546 723 613 482 750 1311 497 438 840 1429 1006 417 178 612 804 814 197 1372 821 1370 243 638 1384 0 1104 1462 881 871 836 868 391 1701 1414 410 624 447 1196 1508 1504 839 859 1396 1421 1481 1330 837 863 1441 1291 748 744 1684 830
798 1089 966 886 291 937 791 584 1013 649 686 786 727 1246 1276 660 844 421 1466 976 1127 624 956 1237 788 936 386 1245 1688 800 1104 0 960 972 981 920 688 751 716 430 1348 511 703 611 923 920 970 1911 812 837 897 745 946 1915 857 707 986 990 700 941
1638 1446 1323 1242 1093 888 742 941 1370 1005 1042 1143 678 1602 1633 664 796 594 1823 1333 1484 700 1313 1594 739 1292 1226 1602 2045 751 1461 960 0 1328 1338 1277 625 1107 1556 1270 1705 867 1059 563 875 871 1326 2268 763 788 848 697 1303 2271 808 658 1343 1346 1540 1298
1649 891 413 717 1104 1388 1243 416 306 360 517 294 1178 444 474 708 1296 873 664 807 325 672 397 765 1240 405 1238 811 886 1252 881 972 1329 0 454 419 736 582 1568 1281 546 491 534 1063 1375 1372 422 1382 1263 1288 1349 1197 420 1386 1309 1159 331 327 1552 413
1659 881 403 727 1114 1398 1252 425 296 370 527 304 1188 434 464 718 1306 883 654 817 315 681 387 755 1249 394 1248 801 876 1262 871 981 1339 454 0 409 745 592 1578 1291 536 501 544 1073 1385 1381 412 1372 1273 1298 1358 1207 410 1376 1318 1169 321 317 1561 403
1598 846 368 666 1053 1337 1191 364 261 309 466 243 1127 399 429 657 1245 822 619 756 280 621 352 720 1188 360 1187 766 841 1201 836 920 1278 419 409 0 684 531 1517 1230 501 440 483 1012 1324 1320 377 1338 1212 1237 1297 1146 376 1341 1258 1108 286 282 1501 368
1365 853 730 650 820 1104 958 348 777 413 450 550 894 1010 1040 120 1012 589 1230 740 891 156 720 1001 955 700 954 1009 1452 968 868 688 625 736 745 684 0 515 1284 997 1112 275 467 779 1091 1088 734 1675 979 1004 1065 913 710 1679 1025 875 750 754 1268 705
1428 376 576 220 883 1168 1022 195 624 259 296 397 957 836 777 487 1075 652 756 263 738 451 567 524 1019 546 1017 532 977 1031 391 751 1108 582 592 531 515 0 1347 1060 749 270 313 842 1154 1151 580 1198 1042 1067 1128 976 557 1201 1088 938 597 600 1331 551
182 1686 1562 1482 522 1533 1387 1181 1610 1245 1282 1383 1323 1842 1872 1256 1441 1018 2062 1572 1724 1220 1553 1834 1384 1532 378 1842 2284 1397 1701 716 1556 1568 1578 1517 1284 1347 0 339 1945 1107 1299 1208 1520 1516 1566 2507 1408 1433 1493 1342 1543 2511 1454 1304 1583 1586 84 1537
420 1399 1275 1195 235 1246 1100 894 1323 958 995 1096 1036 1555 1585 969 1154 731 1776 1285 1437 933 1266 1547 1097 1245 91 1555 1997 1110 1414 430 1270 1281 1291 1230 997 1060 339 0 1658 820 1012 921 1233 1229 1279 2220 1121 1146 1206 1055 1256 2224 1167 1017 1296 1299 323 1250
2026 420 496 679 1481 1765 1619 792 389 737 840 638 1555 185 126 1084 1673 1250 194 536 299 1048 479 294 1616 487 1614 341 415 1629 410 1348 1706 546 536 501 1112 749 1945 1658 0 868 805 1440 1752 1748 504 912 1640 1665 1725 1574 503 915 1685 1536 414 409 1928 495
1188 609 485 405 643 927 781 104 533 168 205 306 717 765 796 247 835 412 986 495 647 211 476 757 778 455 777 765 1207 791 624 511 868 491 501 440 275 270 1107 820 868 0 222 602 914 910 489 1431 802 827 887 736 466 1434 848 698 506 509 1091 460
1380 432 528 276 835 1120 974 147 576 211 248 349 909 808 833 439 1027 604 812 319 690 403 519 580 971 498 969 588 1033 983 447 703 1060 534 544 483 467 313 1299 1012 805 222 0 794 1106 1103 532 1254 994 1019 1080 928 509 1258 1040 890 549 552 1283 503
1289 1181 1057 977 744 367 221 676 1105 740 777 878 157 1337 1367 751 275 245 1557 1067 1219 715 1048 1329 218 1027 878 1337 1779 231 1196 611 563 1063 1073 1012 779 842 1208 921 1440 602 794 0 354 350 1061 2002 242 267 327 176 1038 2006 287 138 1078 1081 1192 1032
1601 1492 1369 1289 1056 105 175 987 1416 1052 1089 1190 248 1649 1679 1063 151 557 1869 1379 1530 1027 1360 1640 178 1339 1189 1649 2091 146 1508 923 875 1375 1385 1324 1091 1154 1520 1233 1752 914 1106 354 0 129 1373 2314 193 200 48 205 1350 2318 100 240 1390 1393 1503 1344
1598 1489 1366 1286 1052 49 172 984 1413 1049 1086 1186 244 1646 1676 1060 222 553 1866 1376 1527 1024 1356 1637 175 1336 1186 1645 2088 178 1504 920 871 1372 1381 1320 1088 1151 1516 1229 1748 910 1103 350 129 0 1370 2311 138 110 123 202 1346 2315 175 237 1386 1389 1500 1341
1648 849 371 715 1102 1387 1241 414 264 358 515 292 1177 401 432 706 1294 871 622 805 283 670 355 723 1238 362 1236 769 844 1250 839 970 1327 422 412 377 734 580 1566 1279 504 489 532 1061 1373 1370 0 1340 1262 1286 1347 1195 378 1344 1307 1157 289 285 1550 371
2898 1179 1641 1437 2353 2637 2492 1663 1534 1729 1598 1784 2427 1309 1249 1957 2545 2122 1228 1294 1423 1921 1625 1053 2489 1633 2487 1099 1034 2501 1169 2221 2578 1692 1682 1647 1985 1507 2817 2530 1222 1740 1564 2312 2624 2621 1650 0 2512 2537 2598 2446 1649 339 2558 2408 1559 1555 2801 1641
1490 1381 1258 1177 944 155 64 876 1305 941 977 1078 136 1537 1568 952 114 445 1758 1268 1419 915 1248 1529 67 1228 1078 1537 1980 70 1396 812 763 1263 1273 1212 979 1042 1408 1121 1640 802 994 242 193 138 1262 2203 0 55 166 93 1238 2206 126 128 1278 1281 1392 1233
1514 1406 1282 1202 969 120 88 901 1330 965 1002 1103 161 1562 1592 976 138 470 1783 1292 1444 940 1273 1554 91 1252 1103 1562 2004 94 1421 837 788 1288 1298 1237 1004 1067 1433 1146 1665 827 1019 267 200 110 1286 2228 55 0 191 118 1263 2231 151 153 1303 1306 1417 1257
1575 1466 1343 1263 1029 99 149 961 1390 1026 1063 1163 221 1623 1653 1037 125 530 1843 1353 1504 1001 1333 1614 152 1313 1163 1622 2065 120 1481 897 848 1349 1358 1297 1065 1128 1493 1206 1725 887 1080 327 48 123 1347 2288 166 191 0 179 1323 2292 73 214 1363 1366 1477 1318
1423 1314 1191 1111 878 218 76 809 1238 874 911 1012 120 1471 1501 885 126 379 1691 1201 1352 849 1182 1462 79 1161 1011 1471 1913 82 1330 745 697 1197 1207 1146 913 976 1342 1055 1574 736 928 176 205 202 1195 2136 93 118 179 0 1172 2140 139 100 1212 1215 1325 1166
1624 847 370 692 1079 1363 1217 390 263 335 492 269 1153 400 431 683 1271 848 621 782 282 647 354 722 1214 361 1213 768 842 1227 837 946 1304 420 410 376 710 557 1543 1256 503 466 509 1038 1350 1346 378 1339 1238 1263 1323 1172 0 1343 1284 1134 288 283 1527 370
2895 1175 1638 1433 2349 2634 2488 1659 1531 1726 1595 1780 2424 1305 1246 1953 2541 2118 1225 1291 1419 1917 1621 1049 2485 1629 2483 1095 1031 2497 1165 2217 2574 1688 1678 1643 1981 1504 2813 2526 1218 1737 1560 2308 2620 2617 1646 332 2509 2533 2594 2442 1645 0 2554 2404 1556 1551 2797 1637
1535 1426 1303 1223 990 151 109 921 1350 986 1023 1123 182 1583 1613 997 159 491 1803 1313 1464 961 1293 1574 112 1273 1123 1582 2025 115 1441 857 808 1309 1318 1258 1025 1088 1454 1167 1685 848 1040 287 100 175 1307 2248 126 151 73 139 1284 2252 0 174 1324 1327 1437 1278
1385 1276 1153 1073 840 253 111 771 1200 836 873 974 82 1433 1463 847 161 341 1653 1163 1314 811 1144 1424 114 1123 973 1432 1875 117 1291 707 658 1159 1169 1108 875 938 1304 1017 1536 698 890 138 240 237 1157 2098 128 153 214 100 1134 2102 174 0 1174 1177 1287 1128
1664 758 280 732 1119 1403 1257 430 173 375 532 309 1193 311 341 723 1311 888 531 822 192 686 264 632 1254 272 1253 678 753 1267 748 986 1344 331 321 286 750 597 1583 1296 414 506 549 1078 1390 1386 289 1250 1278 1303 1363 1212 288 1253 1324 1174 0 194 1567 280
1667 754 276 735 1122 1406 1260 433 169 378 535 312 1196 307 337 726 1314 891 527 825 188 690 260 628 1257 267 1256 674 749 1270 744 990 1347 327 317 282 754 600 1586 1299 409 509 552 1081 1393 1389 285 1245 1281 1306 1366 1215 283 1249 1327 1177 194 0 1570 276
166 1669 1546 1466 506 1517 1371 1164 1593 1229 1266 1366 1307 1826 1856 1240 1424 1001 2046 1556 1707 1204 1536 1817 1368 1516 362 1825 2268 1380 1684 700 1540 1552 1561 1501 1268 1331 84 323 1928 1091 1283 1192 1503 1500 1550 2491 1392 1417 1477 1325 1527 2495 1437 1287 1567 1570 0 1521
1619 840 362 686 1073 1358 1212 385 255 329 486 263 1148 393 423 677 1265 842 613 777 274 641 346 714 1209 354 1207 760 835 1221 830 941 1298 413 403 368 705 551 1537 1250 495 460 503 1032 1344 1341 371 1332 1233 1257 1318 1166 370 1335 1278 1128 280 276 1521 0
EOF