NAME : tsp_problem
TYPE : TSP
DIMENSION : 72
EDGE_WEIGHT_TYPE : EXPLICIT
EDGE_WEIGHT_FORMAT : FULL_MATRIX
EDGE_WEIGHT_SECTION
0 346 343 216 1339 1367 1343 915 832 1336 1146 1122 317 982 1183 385 380 1275 1254 699 1314 318 588 583 643 1546 793 401 1057 698 350 1234 576 613 857 1644 772 1209 885 688 1278 1391 408 730 1331 1303 506 704 356 275 845 1369 1356 1392 830 329 412 1332 1290 802 840 666 492 496 423 832 393 299 1402 1562 966 1211
346 0 327 200 1330 1357 1333 899 822 1327 1136 1113 301 972 1174 368 364 1265 1245 690 1304 302 579 574 634 1536 784 385 1048 689 334 1224 567 597 840 1634 762 1199 875 679 1269 1382 391 720 1321 1293 490 695 339 258 829 1360 1347 1382 814 313 396 1316 1281 792 824 656 482 479 407 822 377 283 1393 1553 957 1201
343 327 0 196 1304 1331 1307 896 796 1300 1110 1086 298 946 1147 365 360 1239 1218 664 1278 299 552 547 607 1510 757 382 1021 662 331 1198 541 594 837 1608 736 1173 849 652 1242 1355 388 694 1295 1267 487 668 336 255 826 1333 1320 1356 811 310 393 1312 1254 766 821 630 456 476 404 796 374 280 1366 1526 931 1175
216 200 196 0 1442 1469 1445 740 934 1439 1248 1225 170 1084 1286 238 233 1377 1357 802 1416 171 691 686 746 1649 896 254 1160 801 203 1336 679 438 681 1746 874 1312 718 791 1381 1494 261 832 1433 1406 332 807 209 128 670 1472 1459 1495 655 183 266 1157 1393 781 665 769 595 342 277 745 246 152 1505 1665 1069 1313
1339 1330 1304 1442 0 118 140 1868 1163 858 229 245 1543 380 203 1329 1347 94 159 1031 97 1544 1136 1131 975 1474 603 1338 324 1029 1576 148 1124 1840 1424 1571 1073 154 1432 1019 82 99 1351 1061 78 192 1732 1252 1582 1501 1798 146 55 99 1478 1319 1639 2285 195 1349 1463 997 1040 1722 1650 1380 1619 1525 88 1490 1065 152
1367 1357 1331 1469 118 0 46 1895 1191 885 257 273 1571 407 231 1357 1375 190 141 1058 142 1572 1164 1159 1002 1501 631 1366 351 1057 1604 176 1152 1867 1452 1599 1101 182 1460 1047 178 53 1378 1089 123 98 1760 1280 1609 1528 1825 52 100 54 1505 1346 1666 2312 149 1377 1490 1025 1067 1749 1677 1407 1647 1553 64 1517 1092 179
1343 1333 1307 1445 140 46 0 1871 1166 861 232 249 1547 383 207 1333 1351 183 117 1034 164 1548 1140 1135 978 1477 607 1342 327 1033 1580 152 1128 1843 1427 1575 1076 158 1436 1023 187 70 1354 1065 145 73 1736 1256 1585 1504 1801 48 122 71 1481 1322 1642 2288 125 1353 1466 1001 1043 1725 1653 1383 1623 1529 81 1493 1068 155
915 899 896 740 1868 1895 1871 0 1360 1865 1674 1651 639 1510 1712 937 932 1803 1783 1228 1842 645 805 778 1172 2074 1322 953 1586 1227 646 1762 781 502 469 2172 1300 1737 506 1217 1807 1920 960 1258 1859 1831 485 662 604 697 120 1898 1885 1920 443 882 545 459 1819 568 453 1194 903 495 523 532 582 657 1931 2091 1495 1739
832 822 796 934 1163 1191 1166 1360 0 692 969 946 1036 805 1007 822 840 1098 1078 210 1138 1037 629 624 228 1370 617 831 881 161 1069 1057 617 1332 916 1467 128 1033 925 171 1102 1215 843 134 1154 1127 1225 745 1074 993 1290 1193 1180 1216 970 811 1131 1777 1114 842 955 210 532 1214 1142 872 1112 1018 1226 1386 322 1034
1335 1326 1300 1438 858 885 861 1864 691 0 664 640 1539 500 702 1325 1343 793 773 713 832 1540 1132 1127 732 1553 683 1334 576 665 1572 752 1120 1836 1420 1651 598 727 1428 675 797 910 1347 638 849 821 1728 1248 1578 1497 1794 887 875 910 1474 1315 1635 2281 809 1345 1459 713 1036 1718 1646 1376 1615 1521 921 1569 589 729
1146 1136 1110 1248 229 257 232 1674 969 664 0 51 1349 186 85 1135 1154 164 144 837 203 1351 942 937 781 1280 409 1145 130 836 1382 133 930 1646 1230 1378 879 111 1239 826 168 281 1157 867 220 193 1539 1058 1388 1307 1604 259 246 282 1284 1125 1445 2091 180 1156 1269 803 846 1528 1456 1186 1425 1332 292 1296 871 112
1122 1113 1086 1225 245 273 249 1651 946 640 51 0 1326 162 89 1112 1130 180 160 813 220 1327 919 914 757 1256 386 1121 107 812 1359 139 907 1622 1207 1354 856 115 1215 802 184 297 1133 844 236 209 1515 1035 1365 1283 1581 275 262 298 1261 1101 1421 2067 196 1132 1245 780 823 1505 1432 1162 1402 1308 308 1273 847 116
317 301 298 170 1543 1571 1547 639 1036 1540 1349 1326 0 1186 1387 339 334 1478 1458 903 1518 273 792 787 847 1750 997 355 1261 902 304 1438 780 337 581 1847 976 1413 617 892 1482 1595 362 934 1535 1507 231 774 310 229 569 1573 1560 1596 554 284 291 1056 1494 680 564 870 696 242 270 644 329 254 1606 1766 1170 1415
982 972 946 1084 380 407 383 1510 805 500 186 162 1186 0 224 971 990 315 295 673 354 1187 778 773 617 1116 245 981 138 672 1218 274 767 1482 1066 1214 715 249 1075 662 319 432 993 703 371 343 1375 895 1224 1143 1440 410 397 432 1120 961 1281 1927 331 992 1105 639 682 1364 1292 1022 1261 1168 443 1132 707 251
1183 1174 1147 1286 203 231 207 1712 1007 702 85 89 1387 224 0 1173 1191 138 118 875 178 1388 980 975 818 1318 447 1182 168 873 1420 107 968 1683 1268 1415 917 113 1276 863 142 255 1194 905 195 167 1576 1096 1426 1345 1642 233 220 256 1322 1163 1483 2128 154 1193 1307 841 884 1566 1493 1223 1463 1369 266 1334 909 111
385 368 365 238 1329 1357 1333 937 822 1326 1135 1112 339 971 1173 0 402 1264 1244 689 1304 340 578 573 633 1536 783 423 1047 688 372 1224 566 635 866 1633 762 1199 874 678 1268 1381 430 720 1321 1293 528 694 378 297 867 1359 1346 1382 852 351 434 1354 1280 791 862 656 482 518 445 822 415 321 1392 1552 956 1201
380 364 360 233 1347 1375 1351 932 840 1344 1154 1130 334 990 1191 402 0 1282 1262 707 1322 335 596 591 651 1554 801 418 1065 706 367 1242 584 631 874 1652 780 1217 893 696 1286 1399 425 738 1339 1311 523 712 373 292 862 1377 1364 1400 847 347 430 1349 1298 809 857 674 500 513 440 840 410 316 1410 1570 974 1219
1275 1265 1239 1377 94 190 183 1803 1098 793 164 180 1478 315 138 1264 1282 0 95 966 69 1479 1071 1066 910 1409 538 1274 259 964 1511 83 1059 1775 1359 1506 1008 89 1368 954 35 171 1286 996 86 143 1667 1187 1517 1436 1733 209 111 171 1413 1254 1574 2220 131 1284 1398 932 975 1657 1585 1315 1554 1460 160 1425 1000 87
1254 1245 1218 1357 159 141 117 1783 1078 773 144 160 1458 295 118 1244 1262 95 0 945 134 1459 1051 1046 889 1389 518 1253 239 944 1491 63 1039 1754 1339 1486 988 69 1347 934 98 166 1265 976 151 123 1647 1167 1497 1416 1713 143 176 166 1393 1234 1553 2199 110 1264 1378 912 955 1637 1564 1294 1534 1440 177 1405 980 67
699 690 664 802 1031 1058 1034 1228 210 714 837 813 903 673 875 689 707 966 945 0 1005 904 496 491 123 1237 485 698 749 178 936 925 484 1200 784 1335 150 900 792 168 969 1083 711 156 1022 994 1092 612 942 861 1158 1060 1048 1083 838 679 999 1645 981 709 823 146 400 1082 1010 740 979 885 1094 1254 344 902
1314 1304 1278 1416 97 142 164 1842 1138 832 203 220 1518 354 178 1304 1322 69 134 1005 0 1519 1111 1106 949 1448 578 1313 298 1004 1551 123 1099 1814 1398 1546 1047 129 1407 994 56 123 1325 1036 102 183 1707 1227 1556 1475 1772 170 79 123 1452 1293 1613 2259 170 1324 1437 972 1014 1696 1624 1354 1594 1500 112 1464 1039 126
318 302 299 171 1544 1572 1548 645 1037 1541 1351 1327 273 1187 1388 340 335 1479 1459 904 1519 0 793 788 848 1751 998 357 1262 903 306 1439 781 344 587 1849 977 1414 624 893 1483 1596 363 935 1536 1508 237 780 311 230 575 1574 1561 1597 560 285 298 1062 1495 686 571 871 697 248 276 650 335 255 1607 1767 1171 1416
588 579 552 691 1136 1164 1140 805 629 1133 942 919 792 778 980 578 596 1071 1051 496 1111 793 0 311 440 1343 590 587 854 495 825 1030 314 780 361 1440 569 1006 370 485 1075 1188 599 527 1128 1100 763 195 831 750 735 1166 1153 1189 415 568 823 1222 1087 287 400 463 289 773 801 317 860 774 1199 1359 763 1007
583 574 547 686 1131 1159 1135 778 624 1128 937 914 787 773 975 573 591 1066 1046 491 1106 788 311 0 435 1338 585 582 849 490 820 1025 287 752 334 1435 564 1001 342 480 1070 1183 594 522 1123 1095 735 168 826 745 708 1161 1148 1184 388 563 795 1194 1082 259 372 458 284 745 773 289 833 769 1194 1354 758 1002
643 634 607 746 975 1002 978 1172 228 733 781 757 847 617 818 633 651 910 889 123 949 848 440 435 0 1181 428 642 692 122 880 869 428 1143 728 1279 168 844 736 112 913 1026 654 154 966 938 1036 556 886 805 1102 1004 991 1027 782 623 942 1588 925 653 767 90 344 1026 953 683 923 829 1037 1197 363 846
1546 1536 1510 1649 1474 1501 1477 2074 1370 1553 1280 1256 1750 1116 1318 1536 1554 1409 1389 1237 1448 1751 1343 1338 1181 0 928 1545 1192 1236 1783 1368 1331 2046 1631 166 1310 1343 1639 1226 1412 1526 1557 1268 1465 1437 1939 1459 1789 1707 2005 1503 1491 1526 1684 1525 1845 2491 1424 1556 1669 1204 1246 1928 1856 1586 1826 1732 1537 84 1504 1345
793 784 757 896 603 631 607 1322 617 683 409 386 997 245 447 783 801 538 518 485 578 998 590 585 428 928 0 792 321 483 1030 498 578 1293 878 1025 557 473 886 473 542 655 804 515 595 567 1186 706 1036 955 1252 633 620 656 932 773 1093 1738 554 803 917 451 494 1176 1103 834 1073 979 666 944 752 475
401 385 382 254 1338 1366 1342 953 831 1335 1145 1121 355 981 1182 423 418 1274 1253 698 1313 357 587 582 642 1545 792 0 1056 697 388 1233 575 652 875 1643 771 1208 884 687 1277 1390 446 729 1330 1302 545 703 394 313 884 1368 1355 1391 869 368 451 1370 1289 801 879 665 491 534 462 831 431 338 1401 1561 965 1210
1057 1048 1021 1160 324 351 327 1586 881 576 130 107 1261 138 168 1047 1065 259 239 749 298 1262 854 849 692 1192 321 1056 0 747 1294 218 842 1557 1142 1289 791 193 1150 737 263 376 1068 779 315 287 1450 970 1300 1219 1516 354 341 376 1196 1037 1357 2002 275 1067 1181 715 758 1440 1367 1097 1337 1243 387 1208 783 195
698 689 662 801 1029 1057 1033 1227 161 666 836 812 902 672 873 688 706 964 944 178 1004 903 495 490 122 1236 483 697 747 0 935 924 483 1198 783 1334 101 899 791 145 968 1081 709 108 1021 993 1091 611 941 859 1157 1059 1046 1082 837 677 997 1643 980 708 821 145 399 1081 1008 738 978 884 1092 1252 296 901
350 334 331 203 1576 1604 1580 646 1069 1573 1382 1359 304 1218 1420 372 367 1511 1491 936 1551 306 825 820 880 1783 1030 388 1294 935 0 1471 813 345 588 1880 1009 1446 625 925 1515 1628 395 967 1568 1540 238 781 343 262 577 1606 1593 1629 562 317 299 1063 1527 687 572 903 729 249 277 651 336 287 1639 1799 1203 1448
1234 1224 1198 1336 148 176 152 1762 1057 752 133 139 1438 274 107 1224 1242 83 63 925 123 1439 1030 1025 869 1368 498 1233 218 924 1471 0 1019 1734 1318 1466 967 58 1327 914 87 200 1245 955 140 112 1627 1147 1476 1395 1692 178 165 201 1372 1213 1533 2179 99 1244 1357 892 934 1616 1544 1274 1513 1420 211 1384 959 56
576 567 541 679 1124 1152 1128 781 617 1121 930 907 780 767 968 566 584 1059 1039 484 1099 781 314 287 428 1331 578 575 842 483 813 1019 0 756 337 1428 557 994 346 473 1063 1176 588 515 1116 1088 738 171 819 738 711 1154 1141 1177 391 556 799 1198 1075 263 376 451 277 749 777 293 836 762 1187 1347 751 996
613 597 594 438 1840 1867 1843 502 1332 1836 1646 1622 337 1482 1683 635 631 1775 1754 1200 1814 344 780 752 1143 2046 1293 652 1557 1198 345 1734 756 0 444 2144 1272 1709 480 1188 1778 1891 658 1230 1831 1803 183 637 303 395 432 1869 1856 1892 417 580 243 919 1790 543 427 1166 878 194 221 507 281 355 1903 2062 1467 1711
857 840 837 681 1424 1452 1427 469 916 1421 1230 1207 581 1066 1268 866 874 1359 1339 784 1398 587 361 334 728 1631 878 875 1142 783 588 1318 337 444 0 1728 857 1294 62 773 1363 1476 887 815 1415 1388 426 218 546 638 399 1454 1441 1477 88 823 487 886 1375 124 73 751 459 437 465 88 524 598 1487 1647 1051 1295
1644 1634 1608 1746 1571 1599 1575 2172 1467 1651 1378 1354 1847 1214 1415 1633 1652 1506 1486 1335 1546 1849 1440 1435 1279 166 1025 1643 1289 1334 1880 1466 1428 2144 1728 0 1407 1441 1737 1324 1510 1623 1655 1365 1563 1535 2037 1556 1886 1805 2102 1601 1588 1624 1782 1623 1943 2589 1522 1654 1767 1301 1344 2026 1954 1684 1923 1830 1634 182 1602 1443
772 762 736 874 1074 1101 1077 1300 128 598 880 856 976 716 918 762 780 1009 989 150 1048 977 569 564 168 1310 557 771 792 101 1009 968 557 1272 857 1407 0 943 865 111 1013 1126 783 74 1065 1037 1165 685 1014 933 1230 1103 1091 1126 910 751 1071 1717 1025 782 895 150 472 1154 1082 812 1052 958 1137 1326 229 945
1209 1199 1173 1312 154 182 158 1737 1033 727 111 115 1413 249 113 1199 1217 89 69 900 129 1414 1006 1001 844 1343 473 1208 193 899 1446 58 994 1709 1294 1441 943 0 1302 889 93 206 1220 931 146 118 1602 1122 1451 1370 1668 184 171 207 1347 1188 1508 2154 105 1219 1332 867 909 1591 1519 1249 1489 1395 217 1360 934 62
885 875 849 718 1432 1460 1436 506 925 1429 1239 1215 617 1075 1276 874 893 1368 1347 792 1407 624 370 342 736 1639 886 884 1150 791 625 1327 346 480 62 1737 865 1302 0 781 1371 1484 896 823 1424 1396 463 227 582 675 436 1462 1449 1485 116 860 523 922 1383 144 100 759 467 473 501 115 561 635 1495 1655 1059 1304
688 679 652 791 1019 1047 1023 1217 171 675 826 802 892 662 863 678 696 954 934 168 994 893 485 480 112 1226 473 687 737 145 925 914 473 1188 773 1324 111 889 781 0 958 1071 699 118 1011 983 1081 601 931 849 1147 1049 1036 1072 826 667 987 1633 970 698 811 135 389 1071 998 728 968 874 1082 1242 306 891
1278 1269 1242 1381 82 178 187 1807 1102 797 168 184 1482 319 142 1268 1286 35 98 969 56 1483 1075 1070 913 1412 542 1277 263 968 1515 87 1063 1778 1363 1510 1012 93 1371 958 0 159 1289 1000 73 147 1671 1191 1521 1440 1737 206 99 159 1417 1257 1577 2223 134 1288 1401 936 979 1661 1588 1318 1558 1464 148 1429 1003 91
1391 1382 1355 1494 99 53 70 1920 1215 910 281 297 1595 432 255 1381 1399 171 166 1083 123 1596 1188 1183 1026 1526 655 1390 376 1081 1628 200 1176 1891 1476 1623 1125 206 1484 1071 159 0 1402 1113 104 122 1784 1304 1634 1553 1850 76 81 78 1530 1371 1690 2336 173 1401 1515 1049 1092 1774 1701 1431 1671 1577 67 1542 1117 204
408 391 388 261 1351 1378 1354 960 843 1347 1157 1133 362 993 1194 430 425 1286 1265 711 1325 363 599 594 654 1557 804 446 1068 709 395 1245 588 658 887 1655 783 1220 896 699 1289 1402 0 741 1342 1314 551 716 401 319 890 1380 1367 1403 875 374 457 1377 1301 813 885 677 503 541 468 843 438 344 1413 1573 978 1222
730 720 694 832 1061 1089 1065 1258 134 638 867 844 934 703 905 720 738 996 976 156 1036 935 527 522 154 1268 515 729 779 108 967 955 515 1230 815 1365 74 931 823 118 1000 1113 741 0 1053 1025 1123 643 972 891 1188 1091 1078 1114 868 709 1029 1675 1012 740 853 156 430 1112 1040 770 1010 916 1124 1284 269 932
1331 1321 1295 1433 78 123 145 1859 1154 849 220 236 1535 371 195 1321 1339 86 151 1022 102 1536 1128 1123 966 1465 595 1330 315 1021 1568 140 1116 1831 1415 1563 1064 146 1424 1011 73 104 1342 1053 0 196 1724 1244 1573 1492 1789 151 60 104 1469 1310 1630 2276 187 1341 1454 989 1031 1713 1641 1371 1611 1517 93 1481 1056 143
1303 1293 1267 1406 192 98 73 1831 1127 821 193 209 1507 343 167 1293 1311 143 123 994 183 1508 1100 1095 938 1437 567 1302 287 993 1540 112 1088 1803 1388 1535 1037 118 1396 983 147 122 1314 1025 196 0 1696 1216 1546 1464 1762 100 174 123 1441 1282 1602 2248 159 1313 1426 961 1003 1685 1613 1343 1583 1489 133 1454 1028 116
506 490 487 332 1732 1760 1736 485 1225 1729 1539 1515 231 1375 1576 528 523 1667 1647 1092 1707 237 763 735 1036 1939 1186 545 1450 1091 238 1627 738 183 426 2037 1165 1602 463 1081 1671 1784 551 1123 1724 1696 0 619 196 289 415 1762 1749 1785 400 473 137 901 1683 525 410 1059 860 87 115 489 174 249 1795 1955 1359 1604
704 695 668 807 1252 1280 1256 662 745 1249 1058 1035 774 895 1096 694 712 1187 1167 612 1227 780 195 168 556 1459 706 703 970 611 781 1147 171 637 218 1556 685 1122 227 601 1191 1304 716 643 1244 1216 619 0 739 832 592 1282 1269 1305 272 684 680 1079 1203 144 257 579 293 630 658 174 717 792 1315 1475 879 1124
356 339 336 209 1582 1609 1585 604 1074 1579 1388 1365 310 1224 1426 378 373 1517 1497 942 1556 311 831 826 886 1789 1036 394 1300 941 343 1476 819 303 546 1886 1014 1451 582 931 1521 1634 401 972 1573 1546 196 739 0 268 534 1612 1599 1635 519 322 257 1021 1533 645 530 908 735 207 235 609 294 292 1645 1805 1209 1453
275 258 255 128 1501 1528 1504 697 993 1497 1307 1283 229 1143 1345 297 292 1436 1416 861 1475 230 750 745 805 1707 955 313 1219 859 262 1395 738 395 638 1805 933 1370 675 849 1440 1553 319 891 1492 1464 289 832 268 0 627 1530 1518 1553 612 241 324 1113 1452 738 622 827 653 299 327 701 305 211 1564 1724 1128 1372
845 829 826 670 1798 1825 1801 120 1290 1795 1604 1581 569 1440 1642 867 862 1733 1713 1158 1772 575 735 708 1102 2005 1252 884 1516 1157 577 1692 711 432 399 2102 1230 1668 436 1147 1737 1850 890 1188 1789 1762 415 592 534 627 0 1828 1815 1851 373 812 475 537 1749 498 383 1125 833 425 453 462 512 587 1861 2021 1425 1669
1369 1360 1333 1472 146 52 48 1898 1193 887 259 275 1573 410 233 1359 1377 209 143 1060 170 1574 1166 1161 1004 1503 633 1368 354 1059 1606 178 1154 1869 1454 1601 1103 184 1462 1049 206 76 1380 1091 151 100 1762 1282 1612 1530 1828 0 128 77 1508 1348 1668 2314 151 1379 1492 1027 1070 1752 1679 1409 1649 1555 87 1520 1094 182
1356 1347 1320 1459 55 100 122 1885 1180 875 246 262 1560 397 220 1346 1364 111 176 1048 79 1561 1153 1148 991 1491 620 1355 341 1046 1593 165 1141 1856 1441 1588 1090 171 1449 1036 99 81 1367 1078 60 174 1749 1269 1599 1518 1815 128 0 81 1495 1336 1656 2301 212 1366 1480 1014 1057 1739 1666 1396 1636 1542 70 1507 1082 169
1392 1382 1356 1495 99 54 71 1920 1216 910 282 298 1596 432 256 1382 1400 171 166 1083 123 1597 1189 1184 1027 1526 656 1391 376 1082 1629 201 1177 1892 1477 1624 1126 207 1485 1072 159 78 1403 1114 104 123 1785 1305 1635 1553 1851 77 81 0 1530 1371 1691 2337 174 1402 1515 1050 1092 1774 1702 1432 1672 1578 67 1543 1117 205
830 814 811 655 1478 1505 1481 443 970 1475 1284 1261 554 1120 1322 852 847 1413 1393 838 1452 560 415 388 782 1684 932 869 1196 837 562 1372 391 417 88 1782 910 1347 116 826 1417 1530 875 868 1469 1441 400 272 519 612 373 1508 1495 1530 0 797 460 859 1429 178 127 804 513 410 438 142 497 572 1541 1701 1105 1349
329 313 310 183 1319 1346 1322 882 811 1315 1125 1101 284 961 1163 351 347 1254 1234 679 1293 285 568 563 623 1525 773 368 1037 677 317 1213 556 580 823 1623 751 1188 860 667 1257 1371 374 709 1310 1282 473 684 322 241 812 1348 1336 1371 797 0 379 1299 1269 781 807 645 471 462 390 811 360 266 1382 1542 946 1190
412 396 393 266 1639 1666 1642 545 1131 1635 1445 1421 291 1281 1483 434 430 1574 1553 999 1613 298 823 795 942 1845 1093 451 1357 997 299 1533 799 243 487 1943 1071 1508 523 987 1577 1690 457 1029 1630 1602 137 680 257 324 475 1668 1656 1691 460 379 0 962 1589 586 470 965 791 148 176 550 235 309 1702 1861 1266 1510
1641 1625 1622 1466 2594 2622 2598 769 2087 2591 2400 2377 1365 2236 2438 1663 1659 2529 2509 1954 2569 1372 1532 1504 1898 2801 2048 1680 2312 1953 1373 2489 1507 1228 1195 2898 2027 2464 1232 1943 2533 2646 1686 1985 2586 2558 1211 1388 1331 1423 846 2624 2611 2647 1169 1608 1271 0 2545 1294 1179 1921 1629 1222 1249 1258 1309 1383 2657 2817 2221 2466
1290 1281 1254 1393 195 149 125 1819 1114 809 180 196 1494 331 154 1280 1298 131 110 981 170 1495 1087 1082 925 1424 554 1289 275 980 1527 99 1075 1790 1375 1522 1024 105 1383 970 134 173 1301 1012 187 159 1683 1203 1533 1452 1749 151 212 174 1429 1269 1589 2235 0 1300 1413 948 991 1673 1600 1330 1570 1476 184 1441 1015 103
802 792 766 781 1349 1377 1353 568 842 1346 1156 1132 680 992 1193 791 809 1284 1264 709 1324 686 287 259 653 1556 803 801 1067 708 687 1244 263 543 124 1654 782 1219 144 698 1288 1401 813 740 1341 1313 525 144 645 738 498 1379 1366 1402 178 781 586 985 1300 0 163 676 384 536 564 91 623 698 1412 1572 976 1221
840 824 821 665 1463 1490 1466 453 955 1459 1269 1245 564 1105 1307 862 857 1398 1378 823 1437 571 400 372 767 1669 917 879 1181 821 572 1357 376 427 73 1767 895 1332 100 811 1401 1515 885 853 1454 1426 410 257 530 622 383 1492 1480 1515 127 807 470 869 1413 163 0 789 498 420 448 127 508 582 1526 1686 1090 1334
666 656 630 769 997 1025 1001 1194 210 714 803 780 870 639 841 656 674 932 912 146 972 871 463 458 90 1204 451 665 715 145 903 892 451 1166 751 1301 150 867 759 135 936 1049 677 156 989 961 1059 579 908 827 1125 1027 1014 1050 804 645 965 1611 948 676 789 0 366 1048 976 706 946 852 1060 1220 344 869
492 482 456 595 1040 1067 1043 903 532 1037 846 823 696 682 884 482 500 975 955 400 1014 697 289 284 344 1246 494 491 758 399 729 934 277 878 459 1344 472 909 467 389 979 1092 503 430 1031 1003 860 293 735 653 833 1070 1057 1092 513 471 791 1320 991 384 498 366 0 871 802 415 772 678 1103 1263 667 911
496 479 476 342 1722 1749 1725 495 1214 1719 1528 1505 242 1364 1566 518 513 1657 1637 1082 1696 248 773 745 1026 1928 1176 534 1440 1081 249 1616 749 194 437 2026 1154 1591 473 1071 1661 1774 541 1112 1713 1685 87 630 207 299 425 1752 1739 1774 410 462 148 912 1673 536 420 1048 871 0 126 500 185 259 1785 1945 1349 1593
423 407 404 277 1650 1677 1653 523 1142 1646 1456 1432 270 1292 1493 445 440 1585 1564 1010 1624 276 801 773 953 1856 1103 462 1367 1008 277 1544 777 221 465 1954 1082 1519 501 998 1588 1701 468 1040 1641 1613 115 658 235 327 453 1679 1666 1702 438 390 176 940 1600 564 448 976 802 126 0 528 213 287 1712 1872 1277 1521
832 822 796 745 1380 1407 1383 532 872 1376 1186 1162 644 1022 1223 822 840 1315 1294 740 1354 650 317 289 683 1586 834 831 1097 738 651 1274 293 507 88 1684 812 1249 115 728 1318 1431 843 770 1371 1343 489 174 609 701 462 1409 1396 1432 142 811 550 949 1330 91 127 706 415 500 528 0 587 662 1443 1602 1007 1251
393 377 374 246 1619 1647 1623 582 1112 1616 1425 1402 329 1261 1463 415 410 1554 1534 979 1594 335 860 833 923 1826 1073 431 1337 978 336 1513 836 281 524 1923 1052 1489 561 968 1558 1671 438 1010 1611 1583 174 717 294 305 512 1649 1636 1672 497 360 235 999 1570 623 508 946 772 185 213 587 0 330 1682 1842 1246 1490
299 283 280 152 1525 1553 1529 657 1018 1522 1332 1308 254 1168 1369 321 316 1460 1440 885 1500 255 774 769 829 1732 979 338 1243 884 287 1420 762 355 598 1830 958 1395 635 874 1464 1577 344 916 1517 1489 249 792 292 211 587 1555 1542 1578 572 266 309 1074 1476 698 582 852 678 259 287 662 330 0 1588 1748 1152 1397
1402 1393 1366 1505 88 64 81 1931 1226 921 292 308 1606 443 266 1392 1410 160 177 1094 112 1607 1199 1194 1037 1537 666 1401 387 1092 1639 211 1187 1903 1487 1634 1136 217 1495 1082 148 67 1413 1124 93 133 1795 1315 1645 1564 1861 87 70 67 1541 1382 1702 2347 184 1412 1526 1060 1103 1785 1712 1443 1682 1588 0 1553 1128 215
1562 1553 1526 1665 1490 1517 1493 2091 1386 1569 1296 1273 1766 1132 1334 1552 1570 1425 1405 1254 1464 1767 1359 1354 1197 84 944 1561 1208 1252 1799 1384 1347 2062 1647 182 1326 1360 1655 1242 1429 1542 1573 1284 1481 1454 1955 1475 1805 1724 2021 1520 1507 1543 1701 1542 1861 2507 1441 1572 1686 1220 1263 1945 1872 1602 1842 1748 1553 0 1521 1361
813 804 777 916 1079 1107 1083 1342 169 604 886 862 1017 722 923 803 821 1014 994 191 1054 1018 610 605 210 1351 598 812 797 142 1050 974 598 1313 898 1449 75 949 906 152 1018 1131 824 115 1071 1043 1206 726 1056 974 1272 1109 1096 1132 951 792 1112 1758 1030 823 936 191 514 1196 1123 853 1093 999 1142 1367 0 951
1211 1201 1175 1313 152 179 155 1739 1034 729 112 116 1415 251 111 1201 1219 87 67 902 126 1416 1007 1002 846 1345 475 1210 195 901 1448 56 996 1711 1295 1443 944 62 1304 891 91 204 1222 932 143 116 1604 1124 1453 1372 1669 182 169 205 1349 1190 1510 2156 103 1221 1334 869 911 1593 1521 1251 1490 1397 215 1361 936 0
EOF