NAME : tsp_problem
TYPE : TSP
DIMENSION : 19
EDGE_WEIGHT_TYPE : EXPLICIT
EDGE_WEIGHT_FORMAT : FULL_MATRIX
EDGE_WEIGHT_SECTION
0 2038 1018 1175 159 1531 299 1935 1527 1533 1976 369 89 1154 216 321 55 998 1495
2038 0 1679 1165 1945 2192 1792 747 913 920 788 1815 2046 1412 1900 1767 2012 1659 881
1018 1679 0 816 925 810 772 1576 1168 1174 1617 795 1026 795 880 747 992 277 1136
1175 1165 816 0 1082 1329 929 789 381 387 830 952 1183 549 1037 904 1149 796 349
159 1945 925 1082 0 1438 207 1842 1434 1441 1884 277 167 1062 124 229 133 906 1402
1531 2192 810 1329 1438 0 1286 2089 1681 1688 2130 1308 1539 1308 1393 1260 1505 790 1649
299 1792 772 929 207 1286 0 1690 1282 1288 1731 124 307 909 161 76 274 753 1249
1935 747 1576 789 1842 2089 1690 0 537 544 164 1712 1943 1309 1797 1664 1909 1556 505
1527 913 1168 381 1434 1681 1282 537 0 136 578 1304 1535 901 1389 1256 1501 1148 97
1533 920 1174 387 1441 1688 1288 544 136 0 585 1311 1542 908 1396 1263 1508 1155 104
1976 788 1617 830 1884 2130 1731 164 578 585 0 1753 1984 1350 1838 1705 1950 1597 546
369 1815 795 952 277 1308 124 1712 1304 1311 1753 0 378 932 232 98 344 775 1272
89 2046 1026 1183 167 1539 307 1943 1535 1542 1984 378 0 1163 225 329 64 1006 1503
1154 1412 795 549 1062 1308 909 1309 901 908 1350 932 1163 0 1017 883 1129 776 869
216 1900 880 1037 124 1393 161 1797 1389 1396 1838 232 225 1017 0 183 191 860 1357
321 1767 747 904 229 1260 76 1664 1256 1263 1705 98 329 883 183 0 296 727 1224
55 2012 992 1149 133 1505 274 1909 1501 1508 1950 344 64 1129 191 296 0 973 1469
998 1659 277 796 906 790 753 1556 1148 1155 1597 775 1006 776 860 727 973 0 1116
1495 881 1136 349 1402 1649 1249 505 97 104 546 1272 1503 869 1357 1224 1469 1116 0
EOF
