NAME : tsp_problem
TYPE : TSP
DIMENSION : 83
EDGE_WEIGHT_TYPE : EXPLICIT
EDGE_WEIGHT_FORMAT : FULL_MATRIX
EDGE_WEIGHT_SECTION
0 1939 1055 2305 37 1575 908 179 71 1704 213 438 1279 48 1297 345 995 1273 1809 886 1554 1695 1408 1019 155 1748 1856 1662 1029 196 91 72 1786 1548 1764 204 1127 1782 98 173 114 1405 873 73 1350 2213 221 1293 1397 950 1830 176 811 1483 1025 906 193 175 1393 1435 1404 825 79 171 1374 174 177 1556 1374 491 1898 1109 56 1369 1080 1745 1212 196 450 1087 146 1371 194
1939 0 1868 763 1930 2388 1101 2072 1907 394 1810 1740 897 1941 740 1647 1188 716 499 1078 472 296 673 1428 1800 438 546 352 1438 2031 1926 1908 244 466 454 2040 1940 240 1934 1818 1949 2218 1685 1966 619 672 2056 911 662 1143 431 2011 1623 2296 946 1316 2028 2067 661 703 669 1201 1972 2064 643 1792 2070 474 818 1590 588 1518 1949 634 949 2558 830 1793 1550 1496 2039 640 1792
1055 1868 0 2234 1046 661 838 1189 1023 1633 926 856 1208 1057 1226 763 924 1202 1738 815 1483 1624 1337 948 917 1677 1785 1591 958 1147 1043 1024 1715 1477 1693 1156 213 1711 1050 935 1065 491 440 1082 1280 2143 1172 1222 1326 879 1759 1127 378 569 954 836 1145 1184 1322 1364 1334 754 1088 1180 1304 908 1186 1485 1303 707 1827 1038 1065 1298 1009 831 1141 909 666 1016 1155 1301 908
2427 886 2357 0 2419 2877 1590 2561 2396 1157 2299 2229 1384 2430 1227 2136 1677 1203 1262 1567 959 1059 1435 1917 2289 1201 1308 1115 1927 2520 2415 2397 731 953 1216 2528 2428 727 2422 2307 2438 2707 2174 2455 1106 239 2545 1398 1424 1632 1193 2500 2112 2785 1706 1805 2517 2556 1148 1190 1432 1690 2460 2553 1130 2281 2559 961 1305 2079 1351 2007 2438 1396 1711 3047 1317 2282 2038 1985 2528 1127 2281
37 1930 1046 2296 0 1566 900 170 63 1695 204 429 1270 39 1288 337 986 1264 1800 877 1545 1686 1399 1010 146 1739 1847 1653 1020 187 82 63 1777 1539 1755 195 1118 1773 89 164 105 1396 864 64 1342 2205 212 1284 1388 941 1821 167 802 1474 1016 898 184 166 1384 1426 1396 816 70 162 1365 165 168 1547 1365 482 1889 1100 47 1360 1071 1737 1203 187 441 1078 137 1363 185
1575 2388 661 2754 1566 0 1358 1709 1543 2153 1446 1376 1728 1577 1746 1284 1444 1722 2259 1335 2003 2145 1857 1468 1437 2197 2305 2111 1478 1667 1563 1544 2235 1997 2213 1676 499 2231 1570 1455 1585 242 960 1602 1800 2663 1692 1742 1846 1399 2279 1647 898 478 1474 1356 1665 1704 1842 1884 1854 1274 1608 1700 1824 1428 1706 2005 1823 1227 2347 1558 1585 1818 1529 582 1661 1429 1186 1536 1675 1821 1428
908 1101 838 1467 900 1358 0 1042 877 867 780 710 441 911 459 617 158 435 972 48 717 858 571 398 770 911 1018 825 408 1001 896 878 948 710 926 1009 909 944 903 788 919 1188 655 935 513 1376 1026 456 559 113 992 981 593 1266 187 286 998 1037 555 598 567 171 941 1034 537 762 1040 719 536 560 1061 488 919 532 242 1528 374 763 519 466 1009 534 762
179 2072 1189 2439 170 1709 1042 0 205 1838 346 572 1412 161 1431 479 1129 1406 1943 1020 1688 1829 1542 1153 289 1882 1990 1796 1163 104 225 206 1919 1681 1897 133 1261 1916 232 307 247 1539 1006 161 1484 2347 129 1427 1531 1084 1963 132 944 1617 1158 1040 149 67 1527 1569 1538 959 167 89 1508 308 70 1690 1508 624 2032 1243 144 1503 1214 1879 1345 329 584 1221 64 1505 328
71 1907 1023 2273 63 1543 877 205 0 1672 181 406 1247 74 1265 314 963 1241 1777 854 1522 1663 1376 987 123 1716 1824 1630 997 164 59 41 1754 1516 1732 172 1095 1750 66 141 82 1373 841 98 1319 2182 189 1261 1365 918 1798 144 779 1451 993 875 161 200 1361 1403 1373 793 104 197 1343 143 203 1524 1342 459 1866 1077 82 1337 1048 1714 1180 164 418 1055 172 1340 162
1704 394 1633 1034 1695 2153 867 1838 1672 0 1576 1506 752 1707 596 1413 953 572 155 844 328 151 439 1194 1566 94 202 118 1204 1797 1692 1673 515 322 110 1805 1705 511 1699 1584 1714 1984 1451 1731 474 943 1821 767 427 908 285 1777 1389 2061 712 1081 1794 1833 517 559 435 966 1737 1829 498 1558 1835 330 673 1356 244 1284 1714 400 714 2324 686 1559 1315 1262 1804 495 1557
213 1810 926 2176 204 1446 780 346 181 1576 0 310 1150 215 1168 217 867 1144 1681 757 1426 1567 1280 891 74 1620 1727 1534 900 305 200 182 1657 1419 1635 314 998 1653 208 92 223 1277 744 240 1222 2085 330 1165 1268 822 1701 285 682 1354 896 778 302 341 1264 1307 1276 697 246 338 1246 66 344 1428 1245 362 1770 980 223 1241 951 1617 1083 67 321 959 313 1243 66
438 1740 856 2106 429 1376 710 572 406 1506 310 0 1080 441 1098 147 797 1074 1611 687 1356 1497 1209 820 300 1550 1657 1464 830 531 426 407 1587 1349 1565 539 928 1583 433 318 449 1207 674 465 1152 2015 556 1095 1198 751 1631 511 612 1284 826 708 528 567 1194 1236 1206 627 471 564 1176 292 570 1357 1175 292 1700 910 448 1171 881 1547 1013 293 251 888 538 1173 292
1279 897 1208 1261 1270 1728 441 1412 1247 752 1150 1080 0 1281 253 987 528 229 858 418 511 655 941 768 1140 797 904 711 778 1371 1266 1248 742 504 812 1380 1280 738 1274 1158 1289 1558 1026 1306 307 1170 1396 250 929 483 789 1351 963 1636 557 656 1368 1407 349 391 937 541 1312 1404 331 1132 1410 512 330 930 947 858 1289 902 612 1898 168 1133 890 836 1379 328 1132
48 1941 1057 2307 39 1577 911 161 74 1707 215 441 1281 0 1299 348 998 1275 1812 888 1557 1698 1410 1022 158 1751 1858 1665 1031 193 94 75 1788 1550 1766 207 1129 1784 101 176 116 1408 875 54 1353 2216 217 1296 1399 953 1832 178 813 1485 1027 909 196 156 1395 1438 1407 828 60 152 1377 177 158 1559 1376 493 1901 1111 37 1372 1082 1748 1214 198 452 1090 127 1374 197
1297 740 1226 1105 1288 1746 459 1431 1265 596 1168 1098 253 1299 0 1005 546 73 701 437 354 498 875 786 1158 640 748 554 796 1389 1285 1266 586 348 656 1398 1298 582 1292 1177 1307 1576 1044 1324 150 1014 1414 268 864 501 633 1369 982 1654 575 674 1387 1426 193 235 871 559 1330 1422 174 1150 1428 356 174 948 790 876 1307 836 631 1916 186 1151 908 855 1397 171 1150
345 1647 763 2013 337 1284 617 479 314 1413 217 147 987 348 1005 0 704 981 1518 594 1263 1404 1117 728 207 1457 1565 1371 737 438 333 315 1494 1256 1472 447 835 1490 340 225 356 1114 581 373 1059 1922 463 1002 1105 659 1538 418 519 1191 733 615 435 474 1101 1144 1113 534 378 471 1083 199 477 1265 1082 199 1607 817 356 1078 788 1454 920 200 158 796 446 1080 199
995 1188 924 1554 986 1444 158 1129 963 953 867 797 528 998 546 704 0 522 1059 135 804 945 657 485 857 998 1105 912 495 1088 983 964 1035 797 1013 1096 996 1031 990 875 1005 1275 742 1022 600 1463 1113 543 646 199 1079 1068 680 1352 274 372 1085 1124 642 684 654 257 1028 1121 624 849 1127 805 623 647 1148 575 1005 619 329 1615 461 850 606 553 1095 621 849
1273 716 1202 1081 1264 1722 435 1406 1241 572 1144 1074 229 1275 73 981 522 0 677 412 330 474 851 762 1134 616 724 530 772 1365 1260 1242 562 323 632 1374 1274 558 1268 1152 1283 1552 1020 1300 126 989 1390 244 839 477 608 1345 957 1630 551 650 1362 1401 169 211 847 535 1306 1398 150 1126 1404 332 150 924 766 852 1283 812 606 1892 162 1127 884 830 1373 147 1126
1809 499 1738 1139 1800 2259 972 1943 1777 155 1681 1611 858 1812 701 1518 1059 677 0 949 433 256 544 1299 1671 200 170 223 1309 1902 1797 1778 620 427 126 1910 1810 616 1804 1689 1820 2089 1556 1836 580 1048 1927 872 533 1013 391 1882 1494 2166 817 1186 1899 1938 622 664 540 1072 1842 1935 604 1663 1941 435 778 1461 212 1389 1820 505 819 2429 791 1664 1420 1367 1909 601 1663
886 1078 815 1445 877 1335 48 1020 854 844 757 687 418 888 437 594 135 412 949 0 694 835 548 375 747 888 996 802 385 978 874 855 926 687 904 987 887 922 881 766 896 1165 633 913 490 1353 1003 433 537 90 969 958 571 1243 164 263 976 1015 533 575 544 148 919 1011 514 739 1017 696 514 537 1038 465 896 509 220 1505 352 740 497 444 986 511 739
1554 472 1483 837 1545 2003 717 1688 1522 328 1426 1356 511 1557 354 1263 804 330 433 694 0 230 607 1044 1416 372 480 286 1054 1647 1542 1523 318 80 388 1655 1555 314 1549 1434 1565 1834 1301 1581 232 745 1672 525 596 758 365 1627 1239 1911 833 931 1644 1683 275 317 603 816 1587 1680 256 1408 1686 88 431 1206 522 1134 1564 568 882 2174 444 1409 1165 1112 1654 253 1408
1695 296 1624 936 1686 2145 858 1829 1663 151 1567 1497 655 1698 498 1404 945 474 256 835 230 0 430 1185 1557 195 303 109 1195 1788 1683 1664 417 224 211 1796 1696 413 1690 1575 1706 1975 1442 1722 377 845 1813 669 419 899 188 1768 1380 2052 703 1072 1785 1824 419 461 426 958 1728 1821 401 1549 1827 232 575 1347 345 1275 1706 391 705 2315 588 1550 1306 1253 1795 398 1549
1408 673 1337 1313 1399 1857 571 1542 1376 439 1280 1209 941 1410 875 1117 657 851 544 548 607 430 0 898 1270 483 590 397 908 1500 1396 1377 793 600 498 1509 1409 790 1403 1288 1418 1688 1155 1435 753 1221 1525 955 131 612 564 1480 1093 1765 415 785 1498 1537 795 838 139 670 1441 1533 777 1261 1539 609 952 1060 633 988 1418 104 418 2028 874 1263 1019 966 1508 774 1261
1019 1428 948 1794 1010 1468 398 1153 987 1194 891 820 768 1022 786 728 485 762 1299 375 1044 1185 898 0 881 1238 1346 1152 51 1112 1007 988 1275 1037 1253 1120 1020 1272 1014 899 1029 1299 766 1046 840 1703 1136 783 887 440 1319 1091 704 1376 514 185 1109 1148 882 925 894 315 1052 1144 864 872 1150 1046 864 671 1388 131 1029 859 569 1639 701 874 630 109 1119 861 872
155 1800 917 2166 146 1437 770 289 123 1566 74 300 1140 158 1158 207 857 1134 1671 747 1416 1557 1270 881 0 1610 1718 1524 891 248 143 124 1647 1409 1625 256 988 1643 150 35 165 1267 734 182 1212 2075 272 1155 1258 812 1691 228 672 1345 886 768 245 284 1254 1297 1266 687 188 280 1236 36 286 1418 1235 352 1760 971 165 1231 941 1607 1073 57 312 949 255 1233 56
1748 438 1677 1078 1739 2197 911 1882 1716 94 1620 1550 797 1751 640 1457 998 616 200 888 372 195 483 1238 1610 0 246 162 1248 1841 1736 1717 559 366 154 1849 1749 555 1743 1628 1759 2028 1495 1775 519 987 1866 811 472 952 330 1821 1433 2105 756 1125 1838 1877 561 603 479 1011 1781 1874 543 1602 1880 374 717 1400 289 1328 1758 444 758 2368 730 1603 1359 1306 1848 540 1602
1856 546 1785 1186 1847 2305 1018 1990 1824 202 1727 1657 904 1858 748 1565 1105 724 170 996 480 303 590 1346 1718 246 0 270 1356 1948 1844 1825 667 473 173 1957 1857 663 1851 1736 1866 2136 1603 1883 626 1094 1973 919 579 1060 437 1928 1541 2213 863 1233 1946 1985 669 711 587 1118 1889 1981 650 1709 1987 482 825 1508 196 1436 1866 552 866 2476 837 1711 1467 1414 1956 647 1709
1662 352 1591 992 1653 2111 825 1796 1630 118 1534 1464 711 1665 554 1371 912 530 223 802 286 109 397 1152 1524 162 270 0 1162 1755 1650 1631 473 280 177 1763 1663 469 1657 1542 1672 1942 1409 1689 432 901 1779 725 385 866 243 1735 1347 2019 670 1039 1752 1791 475 517 393 924 1695 1788 456 1516 1793 288 631 1314 312 1242 1672 358 672 2282 644 1517 1273 1220 1762 453 1515
1029 1438 958 1804 1020 1478 408 1163 997 1204 900 830 778 1031 796 737 495 772 1309 385 1054 1195 908 51 891 1248 1356 1162 0 1121 1017 998 1285 1047 1263 1130 1030 1281 1024 909 1039 1308 776 1056 850 1713 1146 793 896 450 1329 1101 714 1386 524 195 1119 1158 892 935 904 325 1062 1154 874 882 1160 1056 873 681 1398 125 1039 869 579 1649 711 883 640 103 1129 871 882
196 2031 1147 2397 187 1667 1001 104 164 1797 305 531 1371 193 1389 438 1088 1365 1902 978 1647 1788 1500 1112 248 1841 1948 1755 1121 0 184 165 1878 1640 1856 46 1219 1874 191 266 206 1498 965 193 1443 2306 42 1386 1489 1043 1922 45 903 1575 1117 999 62 100 1485 1528 1497 918 199 121 1467 267 102 1649 1466 583 1991 1201 176 1462 1172 1838 1304 288 542 1180 96 1464 287
91 1926 1043 2293 82 1563 896 225 59 1692 200 426 1266 94 1285 333 983 1260 1797 874 1542 1683 1396 1007 143 1736 1844 1650 1017 184 0 60 1773 1535 1751 192 1114 1770 86 161 101 1393 860 118 1338 2201 208 1281 1385 938 1817 163 798 1471 1012 894 181 220 1381 1423 1392 813 124 216 1362 162 222 1544 1362 478 1886 1097 101 1357 1068 1733 1199 183 438 1075 191 1359 182
72 1908 1024 2274 63 1544 878 206 41 1673 182 407 1248 75 1266 315 964 1242 1778 855 1523 1664 1377 988 124 1717 1825 1631 998 165 60 0 1755 1517 1733 173 1096 1751 67 142 83 1374 842 99 1320 2183 190 1262 1366 919 1799 145 780 1452 994 876 162 201 1362 1404 1374 794 105 198 1343 143 204 1525 1343 460 1867 1078 83 1338 1049 1715 1181 165 419 1056 173 1341 163
1786 244 1715 609 1777 2235 948 1919 1754 515 1657 1587 742 1788 586 1494 1035 562 620 926 318 417 793 1275 1647 559 667 473 1285 1878 1773 1755 0 311 574 1887 1787 86 1781 1665 1796 2065 1533 1813 464 517 1903 757 782 990 551 1858 1471 2143 1064 1163 1876 1915 506 549 790 1048 1819 1911 488 1639 1917 320 663 1437 709 1365 1796 755 1069 2405 675 1640 1397 1344 1886 485 1639
1548 466 1477 830 1539 1997 710 1681 1516 322 1419 1349 504 1550 348 1256 797 323 427 687 80 224 600 1037 1409 366 473 280 1047 1640 1535 1517 311 0 381 1649 1549 307 1543 1427 1558 1827 1295 1575 226 739 1665 519 589 752 358 1620 1233 1905 826 925 1637 1676 268 311 597 810 1581 1673 250 1401 1679 81 425 1199 516 1127 1558 561 876 2167 437 1402 1159 1105 1648 247 1401
1764 454 1693 1093 1755 2213 926 1897 1732 110 1635 1565 812 1766 656 1472 1013 632 126 904 388 211 498 1253 1625 154 173 177 1263 1856 1751 1733 574 381 0 1865 1765 571 1759 1643 1774 2043 1511 1791 534 1002 1881 827 487 968 345 1836 1449 2121 771 1141 1854 1893 576 619 495 1026 1797 1889 558 1617 1895 390 733 1415 215 1343 1774 459 774 2383 745 1618 1375 1322 1864 555 1617
204 2040 1156 2406 195 1676 1009 133 172 1805 314 539 1380 207 1398 447 1096 1374 1910 987 1655 1796 1509 1120 256 1849 1957 1763 1130 46 192 173 1887 1649 1865 0 1228 1883 199 274 215 1506 974 221 1451 2315 70 1394 1498 1051 1931 53 912 1584 1126 1007 71 128 1494 1536 1506 926 227 149 1475 275 130 1657 1475 592 1999 1210 204 1470 1181 1846 1313 297 551 1188 124 1472 295
1127 1940 213 2306 1118 499 909 1261 1095 1705 998 928 1280 1129 1298 835 996 1274 1810 887 1555 1696 1409 1020 988 1749 1857 1663 1030 1219 1114 1096 1787 1549 1765 1228 0 1783 1122 1006 1137 329 512 1154 1351 2214 1244 1294 1398 951 1831 1199 450 407 1026 907 1217 1256 1394 1436 1405 826 1160 1252 1375 980 1258 1557 1375 778 1899 1110 1137 1370 1081 669 1213 981 738 1088 1227 1372 980
1782 240 1711 605 1773 2231 944 1916 1750 511 1653 1583 738 1784 582 1490 1031 558 616 922 314 413 790 1272 1643 555 663 469 1281 1874 1770 1751 86 307 571 1883 1783 0 1777 1662 1792 2061 1529 1809 460 513 1899 753 778 986 547 1854 1467 2139 1060 1159 1872 1911 502 545 786 1044 1815 1907 484 1635 1913 316 659 1434 705 1361 1792 751 1065 2402 671 1636 1393 1340 1882 481 1635
98 1934 1050 2300 89 1570 903 232 66 1699 208 433 1274 101 1292 340 990 1268 1804 881 1549 1690 1403 1014 150 1743 1851 1657 1024 191 86 67 1781 1543 1759 199 1122 1777 0 168 109 1400 868 125 1345 2208 216 1288 1392 945 1825 171 806 1478 1020 901 188 227 1388 1430 1399 820 131 224 1369 169 230 1551 1369 486 1893 1104 108 1364 1075 1740 1207 191 445 1082 198 1366 189
173 1818 935 2185 164 1455 788 307 141 1584 92 318 1158 176 1177 225 875 1152 1689 766 1434 1575 1288 899 35 1628 1736 1542 909 266 161 142 1665 1427 1643 274 1006 1662 168 0 184 1285 752 200 1230 2093 291 1173 1277 830 1709 246 690 1363 904 786 263 302 1273 1315 1284 705 206 299 1254 54 305 1436 1254 370 1778 989 183 1249 960 1625 1091 75 330 967 273 1251 74
114 1949 1065 2315 105 1585 919 247 82 1714 223 449 1289 116 1307 356 1005 1283 1820 896 1565 1706 1418 1029 165 1759 1866 1672 1039 206 101 83 1796 1558 1774 215 1137 1792 109 184 0 1416 883 141 1361 2224 231 1303 1407 960 1840 186 821 1493 1035 917 203 242 1403 1445 1415 836 147 239 1385 185 245 1566 1384 501 1909 1119 124 1379 1090 1756 1222 206 460 1097 214 1382 205
1405 2218 491 2584 1396 242 1188 1539 1373 1984 1277 1207 1558 1408 1576 1114 1275 1552 2089 1165 1834 1975 1688 1299 1267 2028 2136 1942 1308 1498 1393 1374 2065 1827 2043 1506 329 2061 1400 1285 1416 0 790 1432 1630 2493 1523 1573 1676 1230 2109 1478 728 308 1304 1186 1495 1534 1672 1715 1684 1105 1438 1531 1654 1259 1537 1836 1653 1057 2178 1388 1415 1649 1359 413 1491 1260 1016 1367 1505 1651 1259
873 1685 440 2052 864 960 655 1006 841 1451 744 674 1026 875 1044 581 742 1020 1556 633 1301 1442 1155 766 734 1495 1603 1409 776 965 860 842 1533 1295 1511 974 512 1529 868 752 883 790 0 900 1097 1960 990 1040 1144 697 1577 945 196 868 772 653 963 1002 1140 1182 1151 572 906 998 1121 726 1004 1303 1121 524 1645 856 883 1116 827 1131 959 727 484 834 973 1118 726
73 1966 1082 2332 64 1602 935 161 98 1731 240 465 1306 54 1324 373 1022 1300 1836 913 1581 1722 1435 1046 182 1775 1883 1689 1056 193 118 99 1813 1575 1791 221 1154 1809 125 200 141 1432 900 0 1377 2241 218 1320 1424 977 1857 203 838 1510 1052 934 220 156 1420 1462 1432 852 60 153 1401 201 159 1583 1401 518 1925 1136 37 1396 1107 1772 1239 223 477 1114 127 1399 221
1350 619 1280 983 1342 1800 513 1484 1319 474 1222 1152 307 1353 150 1059 600 126 580 490 232 377 753 840 1212 519 626 432 850 1443 1338 1320 464 226 534 1451 1351 460 1345 1230 1361 1630 1097 1377 0 892 1468 321 742 555 511 1423 1035 1708 629 728 1440 1479 71 113 750 613 1383 1476 53 1204 1482 234 228 1002 669 930 1361 714 684 1970 240 1205 961 908 1451 50 1204
2525 983 2454 110 2516 2974 1687 2658 2493 1254 2396 2326 1481 2527 1325 2233 1774 1300 1359 1664 1057 1156 1532 2014 2386 1298 1406 1212 2024 2617 2512 2494 828 1050 1313 2626 2526 825 2520 2404 2535 2804 2272 2552 1203 0 2642 1496 1521 1729 1290 2597 2210 2882 1803 1902 2614 2653 1245 1288 1529 1787 2558 2650 1227 2378 2656 1058 1402 2176 1448 2104 2535 1494 1808 3144 1414 2379 2136 2082 2625 1224 2378
221 2056 1172 2422 212 1692 1026 129 189 1821 330 556 1396 217 1414 463 1113 1390 1927 1003 1672 1813 1525 1136 272 1866 1973 1779 1146 42 208 190 1903 1665 1881 70 1244 1899 216 291 231 1523 990 218 1468 2331 0 1411 1514 1067 1947 70 928 1600 1142 1024 87 124 1510 1552 1522 943 224 146 1492 292 127 1673 1491 608 2016 1226 201 1486 1197 1863 1329 313 567 1204 121 1489 312
1293 911 1222 1276 1284 1742 456 1427 1261 767 1165 1095 250 1296 268 1002 543 244 872 433 525 669 955 783 1155 811 919 725 793 1386 1281 1262 757 519 827 1394 1294 753 1288 1173 1303 1573 1040 1320 321 1184 1411 0 944 497 804 1366 978 1650 572 670 1383 1422 364 406 952 555 1326 1419 345 1147 1425 527 345 945 961 873 1303 917 627 1913 183 1148 904 851 1393 342 1146
1397 662 1326 1301 1388 1846 559 1531 1365 427 1268 1198 929 1399 864 1105 646 839 533 537 596 419 131 887 1258 472 579 385 896 1489 1385 1366 782 589 487 1498 1398 778 1392 1277 1407 1676 1144 1424 742 1210 1514 944 0 601 553 1469 1082 1754 404 774 1487 1526 784 827 128 659 1430 1522 766 1250 1528 597 941 1049 621 976 1407 92 407 2017 863 1251 1008 955 1497 763 1250
950 1143 879 1509 941 1399 113 1084 918 908 822 751 483 953 501 659 199 477 1013 90 758 899 612 440 812 952 1060 866 450 1043 938 919 990 752 968 1051 951 986 945 830 960 1230 697 977 555 1418 1067 497 601 0 1034 1022 635 1307 229 327 1040 1079 597 639 609 212 983 1075 579 803 1081 760 578 602 1102 530 960 573 284 1570 416 805 561 508 1050 576 803
1830 431 1759 1070 1821 2279 992 1963 1798 285 1701 1631 789 1832 633 1538 1079 608 391 969 365 188 564 1319 1691 330 437 243 1329 1922 1817 1799 551 358 345 1931 1831 547 1825 1709 1840 2109 1577 1857 511 979 1947 804 553 1034 0 1902 1515 2187 837 1207 1920 1959 553 596 560 1092 1863 1955 535 1683 1961 366 710 1481 479 1409 1840 525 840 2449 722 1684 1441 1387 1930 532 1683
176 2011 1127 2377 167 1647 981 132 144 1777 285 511 1351 178 1369 418 1068 1345 1882 958 1627 1768 1480 1091 228 1821 1928 1735 1101 45 163 145 1858 1620 1836 53 1199 1854 171 246 186 1478 945 203 1423 2286 70 1366 1469 1022 1902 0 883 1555 1097 979 42 127 1465 1508 1477 898 209 149 1447 247 129 1629 1446 563 1971 1181 186 1442 1152 1818 1284 268 522 1160 123 1444 267
811 1623 378 1990 802 898 593 944 779 1389 682 612 963 813 982 519 680 957 1494 571 1239 1380 1093 704 672 1433 1541 1347 714 903 798 780 1471 1233 1449 912 450 1467 806 690 821 728 196 838 1035 1898 928 978 1082 635 1515 883 0 806 709 591 901 940 1078 1120 1089 510 844 936 1059 664 942 1241 1059 462 1583 794 821 1054 765 1068 897 665 422 772 911 1056 664
1483 2296 569 2662 1474 478 1266 1617 1451 2061 1354 1284 1636 1485 1654 1191 1352 1630 2166 1243 1911 2052 1765 1376 1345 2105 2213 2019 1386 1575 1471 1452 2143 1905 2121 1584 407 2139 1478 1363 1493 308 868 1510 1708 2571 1600 1650 1754 1307 2187 1555 806 0 1382 1264 1573 1612 1750 1792 1762 1182 1516 1608 1732 1336 1614 1913 1731 1135 2255 1466 1493 1726 1437 648 1569 1337 1094 1444 1583 1729 1336
1025 946 954 1583 1016 1474 187 1158 993 712 896 826 557 1027 575 733 274 551 817 164 833 703 415 514 886 756 863 670 524 1117 1012 994 1064 826 771 1126 1026 1060 1020 904 1035 1304 772 1052 629 1492 1142 572 404 229 837 1097 709 1382 0 402 1114 1153 671 714 412 287 1058 1150 653 878 1156 835 653 676 906 604 1035 377 87 1644 490 879 636 582 1125 650 878
906 1316 836 1682 898 1356 286 1040 875 1081 778 708 656 909 674 615 372 650 1186 263 931 1072 785 185 768 1125 1233 1039 195 999 894 876 1163 925 1141 1007 907 1159 901 786 917 1186 653 934 728 1591 1024 670 774 327 1207 979 591 1264 402 0 996 1035 770 812 782 202 939 1032 752 760 1038 933 751 558 1275 275 917 746 457 1526 589 761 517 253 1007 749 760
193 2028 1145 2395 184 1665 998 149 161 1794 302 528 1368 196 1387 435 1085 1362 1899 976 1644 1785 1498 1109 245 1838 1946 1752 1119 62 181 162 1876 1637 1854 71 1217 1872 188 263 203 1495 963 220 1440 2303 87 1383 1487 1040 1920 42 901 1573 1114 996 0 144 1483 1525 1494 915 226 166 1464 264 147 1646 1464 580 1988 1199 203 1459 1170 1835 1302 285 540 1177 141 1461 284
175 2067 1184 2434 166 1704 1037 67 200 1833 341 567 1407 156 1426 474 1124 1401 1938 1015 1683 1824 1537 1148 284 1877 1985 1791 1158 100 220 201 1915 1676 1893 128 1256 1911 227 302 242 1534 1002 156 1479 2342 124 1422 1526 1079 1959 127 940 1612 1153 1035 144 0 1522 1564 1533 954 162 84 1503 303 65 1685 1503 619 2027 1238 139 1498 1209 1874 1341 324 579 1216 59 1500 323
1393 661 1322 1025 1384 1842 555 1527 1361 517 1264 1194 349 1395 193 1101 642 169 622 533 275 419 795 882 1254 561 669 475 892 1485 1381 1362 506 268 576 1494 1394 502 1388 1273 1403 1672 1140 1420 71 934 1510 364 784 597 553 1465 1078 1750 671 770 1483 1522 0 156 792 655 1426 1518 95 1246 1524 277 270 1044 711 972 1403 757 727 2012 282 1247 1004 951 1493 92 1246
1435 703 1364 1068 1426 1884 598 1569 1403 559 1307 1236 391 1438 235 1144 684 211 664 575 317 461 838 925 1297 603 711 517 935 1528 1423 1404 549 311 619 1536 1436 545 1430 1315 1445 1715 1182 1462 113 976 1552 406 827 639 596 1508 1120 1792 714 812 1525 1564 156 0 834 697 1468 1560 137 1289 1566 319 312 1087 753 1015 1445 799 769 2055 325 1290 1046 993 1535 134 1288
1404 669 1334 1309 1396 1854 567 1538 1373 435 1276 1206 937 1407 871 1113 654 847 540 544 603 426 139 894 1266 479 587 393 904 1497 1392 1374 790 597 495 1506 1405 786 1399 1284 1415 1684 1151 1432 750 1218 1522 952 128 609 560 1477 1089 1762 412 782 1494 1533 792 834 0 667 1437 1530 773 1258 1536 605 948 1056 629 984 1415 100 415 2024 870 1259 1015 962 1505 771 1258
825 1201 754 1567 816 1274 171 959 793 966 697 627 541 828 559 534 257 535 1072 148 816 958 670 315 687 1011 1118 924 325 918 813 794 1048 810 1026 926 826 1044 820 705 836 1105 572 852 613 1476 943 555 659 212 1092 898 510 1182 287 202 915 954 655 697 667 0 858 951 637 679 957 818 636 477 1161 405 835 631 342 1445 474 680 436 383 925 634 679
79 1972 1088 2338 70 1608 941 167 104 1737 246 471 1312 60 1330 378 1028 1306 1842 919 1587 1728 1441 1052 188 1781 1889 1695 1062 199 124 105 1819 1581 1797 227 1160 1815 131 206 147 1438 906 60 1383 2247 224 1326 1430 983 1863 209 844 1516 1058 939 226 162 1426 1468 1437 858 0 159 1407 207 165 1589 1407 524 1931 1142 43 1402 1113 1778 1245 229 483 1120 133 1404 227
171 2064 1180 2430 162 1700 1034 89 197 1829 338 564 1404 152 1422 471 1121 1398 1935 1011 1680 1821 1533 1144 280 1874 1981 1788 1154 121 216 198 1911 1673 1889 149 1252 1907 224 299 239 1531 998 153 1476 2339 146 1419 1522 1075 1955 149 936 1608 1150 1032 166 84 1518 1560 1530 951 159 0 1500 300 87 1681 1499 616 2024 1234 136 1495 1205 1871 1337 321 575 1212 56 1497 320
1374 643 1304 1007 1365 1824 537 1508 1343 498 1246 1176 331 1377 174 1083 624 150 604 514 256 401 777 864 1236 543 650 456 874 1467 1362 1343 488 250 558 1475 1375 484 1369 1254 1385 1654 1121 1401 53 916 1492 345 766 579 535 1447 1059 1732 653 752 1464 1503 95 137 773 637 1407 1500 0 1228 1506 258 251 1026 692 954 1385 738 708 1994 264 1229 985 932 1475 74 1228
174 1792 908 2158 165 1428 762 308 143 1558 66 292 1132 177 1150 199 849 1126 1663 739 1408 1549 1261 872 36 1602 1709 1516 882 267 162 143 1639 1401 1617 275 980 1635 169 54 185 1259 726 201 1204 2067 292 1147 1250 803 1683 247 664 1336 878 760 264 303 1246 1289 1258 679 207 300 1228 0 306 1409 1227 344 1752 962 185 1223 933 1599 1065 49 303 941 275 1225 48
177 2070 1186 2436 168 1706 1040 70 203 1835 344 570 1410 158 1428 477 1127 1404 1941 1017 1686 1827 1539 1150 286 1880 1987 1793 1160 102 222 204 1917 1679 1895 130 1258 1913 230 305 245 1537 1004 159 1482 2345 127 1425 1528 1081 1961 129 942 1614 1156 1038 147 65 1524 1566 1536 957 165 87 1506 306 0 1687 1505 622 2030 1240 142 1501 1211 1877 1343 327 581 1218 62 1503 326
1556 474 1485 839 1547 2005 719 1690 1524 330 1428 1357 512 1559 356 1265 805 332 435 696 88 232 609 1046 1418 374 482 288 1056 1649 1544 1525 320 81 390 1657 1557 316 1551 1436 1566 1836 1303 1583 234 747 1673 527 597 760 366 1629 1241 1913 835 933 1646 1685 277 319 605 818 1589 1681 258 1409 1687 0 433 1208 524 1136 1566 570 884 2176 445 1411 1167 1114 1656 255 1409
1374 818 1303 1182 1365 1823 536 1508 1342 673 1245 1175 330 1376 174 1082 623 150 778 514 431 575 952 864 1235 717 825 631 873 1466 1362 1343 663 425 733 1475 1375 659 1369 1254 1384 1653 1121 1401 228 1091 1491 345 941 578 710 1446 1059 1731 653 751 1464 1503 270 312 948 636 1407 1499 251 1227 1505 433 0 1026 867 953 1384 913 708 1994 263 1228 985 932 1474 249 1227
491 1590 707 1956 482 1227 560 624 459 1356 362 292 930 493 948 199 647 924 1461 537 1206 1347 1060 671 352 1400 1508 1314 681 583 478 460 1437 1199 1415 592 778 1434 486 370 501 1057 524 518 1002 1865 608 945 1049 602 1481 563 462 1135 676 558 580 619 1044 1087 1056 477 524 616 1026 344 622 1208 1026 0 1550 761 501 1021 731 1397 863 345 102 739 591 1023 344
1898 588 1827 1228 1889 2347 1061 2032 1866 244 1770 1700 947 1901 790 1607 1148 766 212 1038 522 345 633 1388 1760 289 196 312 1398 1991 1886 1867 709 516 215 1999 1899 705 1893 1778 1909 2178 1645 1925 669 1137 2016 961 621 1102 479 1971 1583 2255 906 1275 1988 2027 711 753 629 1161 1931 2024 692 1752 2030 524 867 1550 0 1478 1908 594 908 2518 880 1753 1509 1456 1998 690 1752
1109 1518 1038 1884 1100 1558 488 1243 1077 1284 980 910 858 1111 876 817 575 852 1389 465 1134 1275 988 131 971 1328 1436 1242 125 1201 1097 1078 1365 1127 1343 1210 1110 1361 1104 989 1119 1388 856 1136 930 1793 1226 873 976 530 1409 1181 794 1466 604 275 1199 1238 972 1015 984 405 1142 1234 954 962 1240 1136 953 761 1478 0 1119 949 659 1729 791 963 720 40 1209 951 962
56 1949 1065 2315 47 1585 919 144 82 1714 223 448 1289 37 1307 356 1005 1283 1820 896 1564 1706 1418 1029 165 1758 1866 1672 1039 176 101 83 1796 1558 1774 204 1137 1792 108 183 124 1415 883 37 1361 2224 201 1303 1407 960 1840 186 821 1493 1035 917 203 139 1403 1445 1415 835 43 136 1385 185 142 1566 1384 501 1908 1119 0 1379 1090 1756 1222 206 460 1097 111 1382 205
1369 634 1298 1274 1360 1818 532 1503 1337 400 1241 1171 902 1372 836 1078 619 812 505 509 568 391 104 859 1231 444 552 358 869 1462 1357 1338 755 561 459 1470 1370 751 1364 1249 1379 1649 1116 1396 714 1182 1486 917 92 573 525 1442 1054 1726 377 746 1459 1498 757 799 100 631 1402 1495 738 1223 1501 570 913 1021 594 949 1379 0 379 1989 835 1224 980 927 1469 735 1222
1080 949 1009 1588 1071 1529 242 1214 1048 714 951 881 612 1082 631 788 329 606 819 220 882 705 418 569 941 758 866 672 579 1172 1068 1049 1069 876 774 1181 1081 1065 1075 960 1090 1359 827 1107 684 1497 1197 627 407 284 840 1152 765 1437 87 457 1170 1209 727 769 415 342 1113 1205 708 933 1211 884 708 731 908 659 1090 379 0 1699 546 934 691 638 1180 705 933
1745 2558 831 2924 1737 582 1528 1879 1714 2324 1617 1547 1898 1748 1916 1454 1615 1892 2429 1505 2174 2315 2028 1639 1607 2368 2476 2282 1649 1838 1733 1715 2405 2167 2383 1846 669 2402 1740 1625 1756 413 1131 1772 1970 2833 1863 1913 2017 1570 2449 1818 1068 648 1644 1526 1835 1874 2012 2055 2024 1445 1778 1871 1994 1599 1877 2176 1994 1397 2518 1729 1756 1989 1699 0 1831 1600 1356 1707 1846 1991 1599
1212 830 1141 1194 1203 1661 374 1345 1180 686 1083 1013 168 1214 186 920 461 162 791 352 444 588 874 701 1073 730 837 644 711 1304 1199 1181 675 437 745 1313 1213 671 1207 1091 1222 1491 959 1239 240 1103 1329 183 863 416 722 1284 897 1569 490 589 1302 1341 282 325 870 474 1245 1337 264 1065 1343 445 263 863 880 791 1222 835 546 1831 0 1066 823 769 1312 261 1065
196 1793 909 2159 187 1429 763 329 164 1559 67 293 1133 198 1151 200 850 1127 1664 740 1409 1550 1263 874 57 1603 1711 1517 883 288 183 165 1640 1402 1618 297 981 1636 191 75 206 1260 727 223 1205 2068 313 1148 1251 805 1684 268 665 1337 879 761 285 324 1247 1290 1259 680 229 321 1229 49 327 1411 1228 345 1753 963 206 1224 934 1600 1066 0 304 942 296 1226 49
450 1550 666 1916 441 1186 519 584 418 1315 321 251 890 452 908 158 606 884 1420 497 1165 1306 1019 630 312 1359 1467 1273 640 542 438 419 1397 1159 1375 551 738 1393 445 330 460 1016 484 477 961 1825 567 904 1008 561 1441 522 422 1094 636 517 540 579 1004 1046 1015 436 483 575 985 303 581 1167 985 102 1509 720 460 980 691 1356 823 304 0 698 550 982 303
1087 1496 1016 1863 1078 1536 466 1221 1055 1262 959 888 836 1090 855 796 553 830 1367 444 1112 1253 966 109 949 1306 1414 1220 103 1180 1075 1056 1344 1105 1322 1188 1088 1340 1082 967 1097 1367 834 1114 908 1771 1204 851 955 508 1387 1160 772 1444 582 253 1177 1216 951 993 962 383 1120 1212 932 941 1218 1114 932 739 1456 40 1097 927 638 1707 769 942 698 0 1187 929 940
146 2039 1155 2405 137 1675 1009 64 172 1804 313 538 1379 127 1397 446 1095 1373 1909 986 1654 1795 1508 1119 255 1848 1956 1762 1129 96 191 173 1886 1648 1864 124 1227 1882 198 273 214 1505 973 127 1451 2314 121 1393 1497 1050 1930 123 911 1583 1125 1007 141 59 1493 1535 1505 925 133 56 1475 275 62 1656 1474 591 1998 1209 111 1469 1180 1846 1312 296 550 1187 0 1472 294
1371 640 1301 1004 1363 1821 534 1505 1340 495 1243 1173 328 1374 171 1080 621 147 601 511 253 398 774 861 1233 540 647 453 871 1464 1359 1341 485 247 555 1472 1372 481 1366 1251 1382 1651 1118 1399 50 913 1489 342 763 576 532 1444 1056 1729 650 749 1461 1500 92 134 771 634 1404 1497 74 1225 1503 255 249 1023 690 951 1382 735 705 1991 261 1226 982 929 1472 0 1225
194 1792 908 2158 185 1428 762 328 162 1557 66 292 1132 197 1150 199 849 1126 1663 739 1408 1549 1261 872 56 1602 1709 1515 882 287 182 163 1639 1401 1617 295 980 1635 189 74 205 1259 726 221 1204 2067 312 1146 1250 803 1683 267 664 1336 878 760 284 323 1246 1288 1258 679 227 320 1228 48 326 1409 1227 344 1752 962 205 1222 933 1599 1065 49 303 940 294 1225 0
EOF
