NAME : tsp_problem
TYPE : TSP
DIMENSION : 87
EDGE_WEIGHT_TYPE : EXPLICIT
EDGE_WEIGHT_FORMAT : FULL_MATRIX
EDGE_WEIGHT_SECTION
0 147 1192 1299 177 39 809 139 895 54 1410 405 1751 1746 1374 2218 1399 1372 202 116 1812 1485 1296 1748 1095 910 1550 1073 94 1027 1832 197 452 1353 101 1766 888 1340 1585 410 193 909 161 998 127 79 1665 1410 1107 74 1567 1707 1281 373 1901 1668 2023 1090 169 158 176 1438 165 1067 1188 911 813 1275 1559 217 48 1069 943 1788 1082 197 246 899 348 1407 1858 156 1674 2307 1580 207 1398
147 0 1310 1417 295 157 927 63 1013 148 1529 524 1869 1864 1492 2336 1517 1490 320 234 1930 1604 1414 1866 1213 1028 1668 1191 212 1145 1950 315 571 1471 219 1884 1006 1458 1703 528 117 1027 85 1116 51 198 1783 1528 1225 192 1685 1825 1399 491 2019 1787 2142 1208 93 82 294 1556 283 1185 1306 1029 931 1393 1677 141 166 1187 1061 1906 1200 121 364 1017 466 1525 1977 80 1792 2425 1698 131 1517
1066 1184 0 831 917 1054 341 1175 830 1090 942 725 1282 1278 906 1750 931 903 969 1074 1343 1420 827 1683 158 845 1082 605 1051 559 1364 917 674 885 1058 1298 420 871 1117 834 1156 229 1197 529 1164 1037 1196 941 639 1032 1502 1238 813 797 1432 1200 1555 153 1205 1195 943 969 933 131 719 442 748 807 1090 1181 1063 63 264 1320 614 1160 966 220 772 939 1390 1192 1206 1839 1515 1170 1334
1299 1417 957 0 1150 1288 540 1409 1063 1324 875 959 640 636 171 1016 864 836 1202 1307 701 1654 268 1916 860 1078 348 622 1285 575 633 1150 908 150 1292 656 437 137 383 1067 1389 674 1431 546 1397 1270 554 874 655 1265 1735 596 253 1030 790 558 823 855 1439 1428 1177 235 1166 832 160 459 982 73 356 1414 1297 834 708 586 631 1394 1199 664 1005 871 748 1426 564 1105 1748 1404 1567
177 295 1043 1150 0 165 660 286 746 201 1261 256 1602 1597 1225 2069 1250 1223 80 185 1663 1336 1147 1599 946 761 1401 924 162 878 1683 48 303 1204 169 1617 739 1191 1436 261 267 760 308 849 275 148 1516 1260 958 143 1418 1558 1132 224 1752 1519 1874 941 316 306 54 1289 44 918 1039 762 664 1126 1409 292 174 920 794 1639 933 271 97 750 199 1258 1709 303 1525 2158 1430 281 1249
39 157 1181 1288 165 0 798 149 883 64 1399 394 1739 1735 1363 2207 1388 1360 190 105 1800 1474 1284 1737 1083 898 1539 1062 82 1016 1821 185 441 1342 89 1755 877 1328 1574 398 187 898 170 986 137 68 1653 1398 1096 63 1555 1695 1270 362 1889 1657 2012 1078 179 168 164 1426 154 1056 1176 900 802 1264 1547 212 37 1057 932 1777 1071 191 235 888 337 1396 1847 166 1663 2296 1568 201 1387
809 927 467 540 660 798 0 919 573 834 652 469 992 987 615 1459 640 613 712 817 1053 1164 537 1426 370 588 791 314 794 268 1073 660 418 594 802 1007 129 581 826 577 899 184 940 239 907 780 906 651 348 775 1245 948 522 540 1142 910 1264 364 949 938 686 679 676 342 429 152 492 516 800 924 807 344 218 1029 323 904 709 174 515 648 1100 935 915 1548 1258 914 1077
139 63 1302 1409 286 149 919 0 1004 139 1520 515 1860 1856 1483 2328 1509 1481 311 225 1921 1595 1405 1857 1204 1019 1659 1183 203 1136 1942 306 562 1462 210 1876 998 1449 1695 519 83 1018 50 1107 42 189 1774 1519 1216 183 1676 1816 1390 482 2010 1778 2133 1199 59 48 285 1547 275 1177 1297 1020 923 1384 1668 107 158 1178 1053 1898 1192 87 356 1009 457 1516 1968 46 1784 2417 1689 97 1508
895 1013 956 1063 746 883 573 1004 0 919 1174 554 1515 1510 1138 1982 1163 1136 798 902 1576 887 1060 1150 859 312 1314 837 880 791 1596 746 503 1117 887 1530 652 1104 1349 663 985 673 1026 762 992 866 1429 1174 871 860 969 1471 1045 626 1665 1432 1787 854 1034 1024 772 1202 761 831 952 675 215 1039 1323 1010 892 833 707 1552 846 989 795 663 601 1171 1622 1021 1438 2071 982 999 801
54 148 1217 1324 201 64 834 139 919 0 1435 430 1775 1771 1399 2243 1424 1396 226 141 1836 1510 1320 1772 1119 934 1575 1098 118 1052 1857 221 477 1377 125 1791 913 1364 1610 434 193 934 161 1022 127 104 1689 1434 1132 98 1591 1731 1306 398 1925 1693 2048 1114 169 159 200 1462 190 1092 1212 935 838 1300 1583 218 73 1093 968 1813 1107 198 271 924 373 1432 1883 156 1699 2332 1604 208 1423
1410 1529 1068 875 1261 1399 652 1520 1174 1435 0 1070 483 478 774 1223 131 104 1314 1418 544 1765 955 2028 971 1189 600 443 1396 415 564 1261 1019 753 1403 498 548 915 635 1178 1500 785 1542 657 1508 1382 397 141 443 1376 1846 439 941 1142 633 400 755 966 1550 1539 1288 838 1277 943 847 571 1093 851 609 1525 1408 945 820 793 418 1505 1311 775 1117 139 590 1537 406 1313 1859 1515 1678
405 524 852 959 256 394 469 515 554 430 1070 0 1410 1406 1033 1878 1059 1031 308 413 1471 1145 955 1407 754 569 1210 733 391 686 1492 256 112 1012 398 1426 548 999 1245 173 495 568 537 657 503 376 1324 1069 766 371 1226 1366 940 136 1560 1328 1683 749 545 534 283 1097 272 727 847 570 473 934 1218 520 403 728 603 1448 742 500 306 559 111 1066 1518 532 1334 1967 1239 510 1058
1751 1869 1409 640 1602 1739 992 1860 1515 1775 483 1410 0 244 540 989 472 444 1654 1759 200 2105 811 2368 1311 1530 366 783 1736 756 330 1602 1359 519 1743 154 888 681 401 1519 1841 1125 1882 998 1848 1722 162 482 783 1716 2187 94 797 1482 289 166 521 1306 1890 1880 1628 603 1618 1284 703 911 1433 616 374 1866 1748 1285 1160 559 758 1845 1651 1116 1457 479 246 1877 172 1078 2200 1855 2018
1746 1864 1404 636 1597 1735 987 1856 1510 1771 478 1406 244 0 535 984 467 439 1649 1754 305 2101 807 2363 1307 1525 361 779 1731 751 325 1597 1355 514 1739 259 884 676 396 1514 1836 1121 1877 993 1844 1717 158 477 778 1712 2182 199 792 1477 394 161 516 1302 1886 1875 1623 599 1613 1279 699 906 1429 612 370 1861 1744 1281 1155 554 754 1841 1646 1111 1452 475 351 1873 167 1073 2195 1851 2014
1374 1492 1032 171 1225 1363 615 1483 1138 1399 774 1033 540 535 0 915 763 735 1277 1382 601 1729 342 1991 935 1153 247 696 1359 650 532 1225 982 50 1366 555 511 212 282 1142 1464 749 1505 621 1472 1345 453 773 730 1340 1810 495 328 1105 690 457 722 929 1513 1503 1251 134 1241 907 234 534 1056 147 255 1489 1371 908 783 485 705 1468 1274 739 1080 771 647 1500 463 1004 1823 1478 1642
2529 2647 2187 1327 2380 2518 1770 2639 2293 2554 1535 2189 1300 1296 1226 0 1523 1496 2432 2537 1361 2884 1498 3146 2090 2308 1052 1835 2515 1805 1292 2380 2138 1205 2522 1315 1667 1367 1087 2297 2619 1904 2661 1776 2627 2500 1214 1534 1835 2495 2965 1256 1483 2260 1450 1218 1068 2085 2669 2658 2407 1290 2396 2062 1390 1689 2212 1303 1061 2644 2527 2064 1938 831 1810 2624 2429 1894 2235 1531 1408 2656 1224 112 2978 2634 2797
1399 1517 1057 864 1250 1388 640 1509 1163 1424 131 1059 472 467 763 1212 0 92 1302 1407 533 1754 944 2017 960 1178 589 432 1385 404 553 1250 1008 742 1392 487 537 904 624 1167 1489 774 1531 646 1497 1370 385 130 432 1365 1835 427 929 1130 621 389 744 955 1539 1528 1277 827 1266 932 836 559 1082 839 597 1514 1397 934 808 782 407 1494 1300 764 1105 128 579 1526 395 1301 1848 1504 1667
1372 1490 1030 836 1223 1360 613 1481 1136 1396 104 1031 444 439 735 1185 92 0 1275 1379 505 1726 917 1989 932 1151 561 404 1357 377 525 1222 980 714 1364 459 509 876 597 1140 1462 746 1503 619 1469 1343 358 103 404 1337 1808 400 902 1103 594 362 716 927 1511 1501 1249 799 1238 905 809 532 1054 812 570 1486 1369 906 781 755 379 1466 1272 737 1078 100 552 1498 367 1274 1821 1476 1639
202 320 1095 1202 80 190 712 311 798 226 1314 308 1654 1649 1277 2121 1302 1275 0 209 1715 1388 1199 1651 998 813 1453 976 187 930 1735 100 355 1256 194 1669 791 1243 1488 313 292 812 333 901 299 173 1568 1313 1010 167 1470 1610 1184 276 1804 1571 1926 993 341 330 79 1341 68 970 1091 814 716 1178 1462 316 199 972 846 1691 985 296 149 802 251 1310 1762 328 1577 2210 1483 306 1301
116 234 1200 1307 185 105 817 225 902 141 1418 413 1759 1754 1382 2226 1407 1379 209 0 1820 1493 1303 1756 1103 917 1558 1081 101 1035 1840 205 460 1361 109 1774 896 1347 1593 418 206 917 247 1005 214 87 1672 1417 1115 82 1574 1714 1289 381 1909 1676 2031 1097 256 245 184 1445 173 1075 1196 919 821 1283 1566 231 114 1076 951 1796 1090 211 254 907 356 1415 1866 242 1682 2315 1587 220 1406
1812 1930 1470 701 1663 1800 1053 1921 1576 1836 544 1471 200 305 601 1050 533 505 1715 1820 0 2166 872 2429 1372 1591 427 844 1797 817 391 1663 1420 580 1804 126 949 742 462 1580 1902 1186 1943 1059 1909 1783 223 543 844 1777 2248 155 858 1543 212 227 582 1367 1951 1941 1689 664 1679 1345 764 972 1494 677 435 1927 1809 1346 1221 620 819 1906 1712 1177 1518 540 170 1938 233 1139 2261 1916 2080
1485 1604 1547 1654 1336 1474 1164 1595 887 1510 1765 1145 2105 2101 1729 2573 1754 1726 1388 1493 2166 0 1650 648 1450 902 1905 1428 1471 1382 2187 1336 1094 1708 1478 2121 1243 1694 1940 1253 1575 1264 1617 1352 1583 1456 2019 1764 1462 1451 281 2061 1636 1216 2255 2023 2378 1444 1625 1614 1363 1792 1352 1422 1542 1266 806 1630 1913 1600 1483 1423 1298 2143 1437 1580 1386 1254 1191 1762 2213 1612 2029 2662 480 1590 299
1296 1414 954 268 1147 1284 537 1405 1060 1320 955 955 811 807 342 1187 944 917 1199 1303 872 1650 0 1913 856 1075 519 618 1281 572 804 1146 904 321 1288 827 433 308 554 1064 1386 670 1427 543 1393 1267 725 954 652 1261 1732 767 250 1027 961 729 994 851 1435 1425 1173 406 1162 829 156 456 978 244 527 1411 1293 830 705 757 627 1390 1196 661 1002 952 919 1422 735 1276 1745 1400 1563
1748 1866 1809 1916 1599 1737 1426 1857 1150 1772 2028 1407 2368 2363 1991 2835 2017 1989 1651 1756 2429 648 1913 0 1712 1165 2167 1690 1733 1644 2449 1599 1356 1970 1740 2383 1505 1957 2202 1516 1838 1526 1879 1615 1846 1719 2282 2027 1724 1714 729 2324 1898 1479 2518 2286 2641 1707 1887 1877 1625 2055 1615 1684 1805 1528 1068 1892 2176 1863 1745 1686 1561 2405 1699 1842 1648 1516 1454 2024 2476 1874 2291 2924 585 1852 403
1095 1213 285 860 946 1083 370 1204 859 1119 971 754 1311 1307 935 1779 960 932 998 1103 1372 1450 856 1712 0 874 1111 634 1080 588 1393 946 703 914 1087 1327 449 900 1146 863 1185 258 1226 558 1193 1066 1225 970 668 1061 1531 1267 842 826 1461 1229 1584 24 1234 1224 972 998 962 160 748 472 777 836 1119 1210 1092 161 293 1349 643 1189 995 249 801 968 1419 1221 1235 1868 1544 1199 1363
910 1028 971 1078 761 898 588 1019 312 934 1189 569 1530 1525 1153 1997 1178 1151 813 917 1591 902 1075 1165 874 0 1329 852 895 806 1611 760 518 1132 902 1545 667 1119 1364 678 1000 688 1041 777 1007 881 1444 1189 886 875 984 1486 1060 641 1680 1447 1802 869 1049 1038 787 1217 776 846 967 690 230 1054 1337 1024 907 848 722 1567 861 1004 810 678 616 1186 1637 1036 1453 2086 997 1014 816
1550 1668 1208 348 1401 1539 791 1659 1314 1575 600 1210 366 361 247 741 589 561 1453 1558 427 1905 519 2167 1111 1329 0 872 1535 826 358 1401 1159 226 1543 381 687 388 108 1318 1640 925 1681 797 1648 1521 280 599 901 1516 1986 322 504 1281 516 283 548 1105 1690 1679 1427 311 1417 1083 411 710 1233 323 81 1665 1548 1084 959 311 876 1645 1450 915 1256 597 473 1676 289 830 1999 1655 1818
1073 1191 731 622 924 1062 314 1183 837 1098 443 733 783 779 696 1524 432 404 976 1081 844 1428 618 1690 634 852 872 0 1059 78 865 924 682 675 1066 799 211 662 908 841 1163 448 1205 320 1171 1044 697 442 140 1039 1509 739 603 804 933 701 1056 629 1213 1202 951 760 940 606 510 233 756 597 881 1188 1071 608 482 1094 115 1168 973 438 779 440 891 1200 707 1613 1522 1178 1341
94 212 1177 1285 162 82 794 203 880 118 1396 391 1736 1731 1359 2203 1385 1357 187 101 1797 1471 1281 1733 1080 895 1535 1059 0 1012 1817 182 438 1338 86 1751 874 1325 1571 395 184 894 225 983 191 65 1650 1395 1092 59 1552 1692 1266 358 1886 1654 2009 1075 233 222 161 1423 150 1053 1173 896 798 1260 1544 208 91 1054 929 1773 1068 188 232 885 333 1392 1844 220 1660 2293 1565 198 1384
1027 1145 685 575 878 1016 268 1136 791 1052 415 686 756 751 650 1494 404 377 930 1035 817 1382 572 1644 588 806 826 78 1012 0 837 878 636 629 1020 771 164 616 861 795 1117 402 1158 274 1125 998 670 414 112 993 1463 712 557 758 906 673 1028 582 1167 1156 904 714 894 560 464 187 709 551 835 1142 1025 561 436 1064 87 1122 927 392 733 412 863 1153 679 1583 1476 1131 1295
1832 1950 1490 633 1683 1821 1073 1942 1596 1857 564 1492 330 325 532 981 553 525 1735 1840 391 2187 804 2449 1393 1611 358 865 1817 837 0 1683 1441 511 1825 345 969 673 393 1600 1922 1207 1963 1079 1930 1803 243 563 864 1798 2268 285 789 1563 479 247 513 1387 1972 1961 1709 596 1699 1365 696 992 1515 608 366 1947 1830 1367 1241 551 840 1927 1732 1197 1538 560 437 1959 253 1070 2281 1937 2100
197 315 1043 1150 48 185 660 306 746 221 1261 256 1602 1597 1225 2069 1250 1222 100 205 1663 1336 1146 1599 946 760 1401 924 182 878 1683 0 303 1204 189 1617 739 1190 1436 261 287 760 328 849 294 168 1515 1260 958 162 1417 1557 1132 224 1752 1519 1874 940 336 326 74 1288 64 918 1039 762 664 1126 1409 312 194 919 794 1639 933 291 97 750 199 1258 1709 323 1525 2158 1430 301 1249
452 571 801 908 303 441 418 562 503 477 1019 112 1359 1355 982 1827 1008 980 355 460 1420 1094 904 1356 703 518 1159 682 438 636 1441 303 0 961 445 1375 497 948 1194 220 542 517 584 606 550 424 1273 1018 716 418 1175 1315 890 184 1509 1277 1632 698 592 581 330 1046 319 676 796 519 422 884 1167 567 450 677 552 1397 691 547 353 508 158 1015 1467 579 1283 1916 1188 557 1007
1353 1471 1011 150 1204 1342 594 1462 1117 1377 753 1012 519 514 50 894 742 714 1256 1361 580 1708 321 1970 914 1132 226 675 1338 629 511 1204 961 0 1345 534 490 191 261 1121 1443 728 1484 600 1451 1324 432 752 709 1319 1789 474 307 1084 669 436 701 908 1492 1482 1230 113 1220 886 213 513 1035 126 234 1468 1350 887 762 464 684 1447 1253 718 1059 750 626 1479 442 983 1802 1457 1621
101 219 1185 1292 169 89 802 210 887 125 1403 398 1743 1739 1366 2211 1392 1364 194 109 1804 1478 1288 1740 1087 902 1543 1066 86 1020 1825 189 445 1345 0 1759 881 1332 1578 402 191 901 232 990 198 72 1657 1402 1099 66 1559 1699 1274 366 1893 1661 2016 1082 240 230 168 1430 158 1060 1180 903 806 1268 1551 216 98 1061 936 1781 1075 195 239 892 340 1399 1851 227 1667 2300 1572 205 1391
1766 1884 1424 656 1617 1755 1007 1876 1530 1791 498 1426 154 259 555 1004 487 459 1669 1774 126 2121 827 2383 1327 1545 381 799 1751 771 345 1617 1375 534 1759 0 904 696 416 1534 1856 1141 1897 1013 1864 1737 177 497 798 1732 2202 110 812 1497 215 181 536 1322 1906 1895 1643 619 1633 1299 719 926 1449 632 390 1881 1764 1301 1175 574 774 1861 1666 1131 1472 495 173 1893 187 1093 2215 1871 2034
888 1006 546 437 739 877 129 998 652 913 548 548 888 884 511 1356 537 509 791 896 949 1243 433 1505 449 667 687 211 874 164 969 739 497 490 881 904 0 477 723 656 978 263 1020 135 986 859 802 547 244 854 1324 844 418 619 1038 806 1161 444 1028 1017 766 575 755 421 325 48 571 412 696 1003 886 423 297 926 220 983 788 253 594 544 996 1015 812 1445 1337 993 1156
1340 1458 998 137 1191 1328 581 1449 1104 1364 915 999 681 676 212 1056 904 876 1243 1347 742 1694 308 1957 900 1119 388 662 1325 616 673 1190 948 191 1332 696 477 0 423 1108 1430 714 1471 587 1437 1311 595 914 696 1305 1776 637 293 1071 831 598 863 895 1479 1468 1217 276 1206 873 200 500 1022 113 396 1454 1337 874 749 626 671 1434 1240 705 1046 912 788 1466 604 1145 1789 1444 1607
1585 1703 1243 383 1436 1574 826 1695 1349 1610 635 1245 401 396 282 776 624 597 1488 1593 462 1940 554 2202 1146 1364 108 908 1571 861 393 1436 1194 261 1578 416 723 423 0 1353 1675 960 1717 832 1683 1556 315 634 936 1551 2021 357 539 1316 551 318 583 1141 1725 1714 1463 346 1452 1118 446 745 1268 359 117 1700 1583 1120 994 346 911 1680 1485 950 1291 632 509 1712 324 865 2034 1690 1853
410 528 960 1067 261 398 577 519 663 434 1178 173 1519 1514 1142 1986 1167 1140 313 418 1580 1253 1064 1516 863 678 1318 841 395 795 1600 261 220 1121 402 1534 656 1108 1353 0 500 677 541 766 507 381 1433 1177 875 375 1335 1475 1049 141 1669 1436 1791 857 549 539 287 1205 277 835 956 679 581 1043 1326 525 407 837 711 1556 850 504 310 667 116 1175 1626 536 1442 2075 1347 514 1166
193 117 1282 1389 267 187 899 83 985 193 1500 495 1841 1836 1464 2308 1489 1462 292 206 1902 1575 1386 1838 1185 1000 1640 1163 184 1117 1922 287 542 1443 191 1856 978 1430 1675 500 0 999 104 1088 96 169 1755 1500 1197 164 1657 1797 1371 463 1991 1758 2113 1180 91 102 266 1528 255 1157 1278 1001 903 1365 1649 42 196 1159 1033 1878 1172 22 336 989 438 1497 1948 100 1764 2397 1670 32 1488
909 1027 356 674 760 898 184 1018 673 934 785 568 1125 1121 749 1593 774 746 812 917 1186 1264 670 1526 258 688 925 448 894 402 1207 760 517 728 901 1141 263 714 960 677 999 0 1040 372 1007 880 1039 784 482 875 1345 1081 656 640 1275 1043 1398 253 1048 1038 786 812 776 231 562 286 591 650 933 1024 906 232 107 1163 457 1003 809 63 615 782 1233 1035 1049 1682 1358 1013 1177
161 85 1323 1431 308 170 940 50 1026 161 1542 537 1882 1877 1505 2349 1531 1503 333 247 1943 1617 1427 1879 1226 1041 1681 1205 225 1158 1963 328 584 1484 232 1897 1020 1471 1717 541 104 1040 0 1129 64 211 1796 1541 1238 205 1698 1838 1412 504 2032 1800 2155 1221 81 70 307 1569 297 1199 1319 1042 944 1406 1690 129 179 1200 1075 1919 1214 109 378 1031 479 1538 1990 67 1806 2439 1711 119 1530
998 1116 656 546 849 986 239 1107 762 1022 657 657 998 993 621 1465 646 619 901 1005 1059 1352 543 1615 558 777 797 320 983 274 1079 849 606 600 990 1013 135 587 832 766 1088 372 1129 0 1095 969 912 656 354 963 1434 953 528 729 1148 915 1270 553 1137 1127 875 684 864 531 435 158 680 522 805 1113 995 532 407 1035 329 1092 898 363 704 654 1105 1124 921 1554 1447 1102 1265
127 51 1290 1397 275 137 907 42 992 127 1508 503 1848 1844 1472 2316 1497 1469 299 214 1909 1583 1393 1846 1193 1007 1648 1171 191 1125 1930 294 550 1451 198 1864 986 1437 1683 507 96 1007 64 1095 0 177 1762 1507 1205 172 1664 1804 1379 471 1998 1766 2121 1187 72 62 273 1535 263 1165 1285 1009 911 1373 1656 121 146 1166 1041 1886 1180 101 344 997 446 1505 1956 59 1772 2405 1677 111 1496
79 198 1163 1270 148 68 780 189 866 104 1382 376 1722 1717 1345 2189 1370 1343 173 87 1783 1456 1267 1719 1066 881 1521 1044 65 998 1803 168 424 1324 72 1737 859 1311 1556 381 169 880 211 969 177 0 1636 1381 1078 45 1538 1678 1252 344 1872 1640 1994 1061 219 208 147 1409 136 1038 1159 882 784 1246 1530 194 77 1040 914 1759 1053 174 217 870 319 1378 1830 206 1645 2278 1551 184 1370
1665 1783 1322 554 1516 1653 906 1774 1429 1689 397 1324 162 158 453 903 385 358 1568 1672 223 2019 725 2282 1225 1444 280 697 1650 670 243 1515 1273 432 1657 177 802 595 315 1433 1755 1039 1796 912 1762 1636 0 396 697 1630 2101 118 711 1396 312 80 435 1220 1804 1793 1542 517 1531 1198 617 825 1347 530 288 1779 1662 1199 1074 473 672 1759 1565 1030 1371 393 270 1791 86 992 2114 1769 1932
1410 1528 1067 874 1260 1398 651 1519 1174 1434 141 1069 482 477 773 1223 130 103 1313 1417 543 1764 954 2027 970 1189 599 442 1395 414 563 1260 1018 752 1402 497 547 914 634 1177 1500 784 1541 656 1507 1381 396 0 442 1375 1845 438 940 1141 632 399 754 965 1549 1538 1287 837 1276 943 846 570 1092 850 608 1524 1407 944 819 793 417 1504 1310 775 1116 138 589 1536 405 1312 1858 1514 1677
1107 1225 765 655 958 1096 348 1216 871 1132 443 766 783 778 730 1524 432 404 1010 1115 844 1462 652 1724 668 886 901 140 1092 112 864 958 716 709 1099 798 244 696 936 875 1197 482 1238 354 1205 1078 697 442 0 1073 1543 739 637 838 933 701 1056 662 1247 1236 984 794 974 640 544 267 789 631 909 1222 1104 641 516 1094 115 1201 1007 472 813 439 891 1233 707 1613 1556 1211 1375
74 192 1158 1265 143 63 775 183 860 98 1376 371 1716 1712 1340 2184 1365 1337 167 82 1777 1451 1261 1714 1061 875 1516 1039 59 993 1798 162 418 1319 66 1732 854 1305 1551 375 164 875 205 963 172 45 1630 1375 1073 0 1532 1672 1247 339 1866 1634 1989 1055 213 203 141 1403 131 1033 1153 877 779 1241 1524 189 71 1034 909 1754 1048 168 212 865 314 1373 1824 200 1640 2273 1545 178 1364
1567 1685 1628 1735 1418 1555 1245 1676 969 1591 1846 1226 2187 2182 1810 2654 1835 1808 1470 1574 2248 281 1732 729 1531 984 1986 1509 1552 1463 2268 1417 1175 1789 1559 2202 1324 1776 2021 1335 1657 1345 1698 1434 1664 1538 2101 1845 1543 1532 0 2143 1717 1298 2337 2104 2459 1526 1706 1695 1444 1874 1433 1503 1624 1347 887 1711 1994 1681 1564 1505 1379 2224 1518 1661 1467 1335 1273 1843 2294 1693 2110 2743 561 1671 380
1707 1825 1364 596 1558 1695 948 1816 1471 1731 439 1366 94 199 495 945 427 400 1610 1714 155 2061 767 2324 1267 1486 322 739 1692 712 285 1557 1315 474 1699 110 844 637 357 1475 1797 1081 1838 953 1804 1678 118 438 739 1672 2143 0 752 1438 244 122 477 1262 1846 1835 1584 559 1573 1240 659 867 1389 572 330 1821 1704 1241 1116 515 714 1801 1607 1072 1413 435 202 1833 127 1034 2155 1811 1974
1281 1399 939 253 1132 1270 522 1390 1045 1306 941 940 797 792 328 1172 929 902 1184 1289 858 1636 250 1898 842 1060 504 603 1266 557 789 1132 890 307 1274 812 418 293 539 1049 1371 656 1412 528 1379 1252 711 940 637 1247 1717 752 0 1012 947 714 979 836 1421 1410 1158 391 1148 814 142 441 963 229 512 1396 1279 815 690 742 612 1376 1181 646 987 937 904 1407 720 1261 1730 1385 1549
373 491 923 1030 224 362 540 482 626 398 1142 136 1482 1477 1105 1949 1130 1103 276 381 1543 1216 1027 1479 826 641 1281 804 358 758 1563 224 184 1084 366 1497 619 1071 1316 141 463 640 504 729 471 344 1396 1141 838 339 1298 1438 1012 0 1632 1400 1754 821 513 502 250 1169 240 798 919 642 544 1006 1290 488 371 800 674 1519 813 468 273 630 79 1138 1590 499 1405 2038 1311 477 1130
1901 2019 1559 790 1752 1889 1142 2010 1665 1925 633 1560 289 394 690 1139 621 594 1804 1909 212 2255 961 2518 1461 1680 516 933 1886 906 479 1752 1509 669 1893 215 1038 831 551 1669 1991 1275 2032 1148 1998 1872 312 632 933 1866 2337 244 947 1632 0 316 671 1456 2040 2030 1778 753 1768 1434 853 1061 1583 766 524 2016 1898 1435 1310 709 908 1995 1801 1266 1607 629 196 2027 322 1228 2350 2005 2168
1668 1787 1326 558 1519 1657 910 1778 1432 1693 400 1328 166 161 457 907 389 362 1571 1676 227 2023 729 2286 1229 1447 283 701 1654 673 247 1519 1277 436 1661 181 806 598 318 1436 1758 1043 1800 915 1766 1640 80 399 701 1634 2104 122 714 1400 316 0 438 1224 1808 1797 1546 521 1535 1201 621 828 1351 534 292 1783 1666 1203 1077 477 676 1763 1569 1033 1374 397 274 1795 89 996 2117 1773 1936
2023 2142 1681 823 1874 2012 1264 2133 1787 2048 755 1683 521 516 722 757 744 716 1926 2031 582 2378 994 2641 1584 1802 548 1056 2009 1028 513 1874 1632 701 2016 536 1161 863 583 1791 2113 1398 2155 1270 2121 1994 435 754 1056 1989 2459 477 979 1754 671 438 0 1579 2163 2152 1901 786 1890 1556 886 1183 1706 799 557 2138 2021 1558 1432 327 1031 2118 1924 1388 1729 752 628 2150 444 846 2472 2128 2291
1090 1208 279 855 941 1078 364 1199 854 1114 966 749 1306 1302 929 1773 955 927 993 1097 1367 1444 851 1707 24 869 1105 629 1075 582 1387 940 698 908 1082 1322 444 895 1141 857 1180 253 1221 553 1187 1061 1220 965 662 1055 1526 1262 836 821 1456 1224 1579 0 1229 1218 967 993 956 155 743 466 772 830 1114 1204 1087 156 288 1344 638 1184 990 243 796 962 1414 1216 1230 1863 1538 1194 1357
169 93 1332 1439 316 179 949 59 1034 169 1550 545 1890 1886 1513 2358 1539 1511 341 256 1951 1625 1435 1887 1234 1049 1690 1213 233 1167 1972 336 592 1492 240 1906 1028 1479 1725 549 91 1048 81 1137 72 219 1804 1549 1247 213 1706 1846 1421 513 2040 1808 2163 1229 0 78 315 1577 305 1207 1327 1050 953 1415 1698 115 188 1208 1083 1928 1222 95 386 1039 487 1546 1998 76 1814 2447 1719 105 1538
158 82 1321 1428 306 168 938 48 1024 159 1539 534 1880 1875 1503 2347 1528 1501 330 245 1941 1614 1425 1877 1224 1038 1679 1202 222 1156 1961 326 581 1482 230 1895 1017 1468 1714 539 102 1038 70 1127 62 208 1793 1538 1236 203 1695 1835 1410 502 2030 1797 2152 1218 78 0 305 1566 294 1196 1317 1040 942 1404 1687 127 177 1198 1072 1917 1211 106 375 1028 477 1536 1987 65 1803 2436 1708 116 1527
176 294 1069 1177 54 164 686 285 772 200 1288 283 1628 1623 1251 2095 1277 1249 79 184 1689 1363 1173 1625 972 787 1427 951 161 904 1709 74 330 1230 168 1643 766 1217 1463 287 266 786 307 875 273 147 1542 1287 984 141 1444 1584 1158 250 1778 1546 1901 967 315 305 0 1315 42 945 1065 788 690 1152 1436 291 173 946 821 1665 960 270 124 777 225 1284 1736 302 1551 2185 1457 280 1276
1438 1556 1095 235 1289 1426 679 1547 1202 1462 838 1097 603 599 134 979 827 799 1341 1445 664 1792 406 2055 998 1217 311 760 1423 714 596 1288 1046 113 1430 619 575 276 346 1205 1528 812 1569 684 1535 1409 517 837 794 1403 1874 559 391 1169 753 521 786 993 1577 1566 1315 0 1304 971 298 598 1120 211 319 1552 1435 972 847 549 769 1532 1338 803 1144 834 711 1564 527 1068 1886 1542 1705
165 283 1059 1166 44 154 676 275 761 190 1277 272 1618 1613 1241 2085 1266 1238 68 173 1679 1352 1162 1615 962 776 1417 940 150 894 1699 64 319 1220 158 1633 755 1206 1452 277 255 776 297 864 263 136 1531 1276 974 131 1433 1573 1148 240 1768 1535 1890 956 305 294 42 1304 0 934 1055 778 680 1142 1425 280 163 935 810 1655 949 260 113 766 215 1274 1725 292 1541 2174 1446 270 1265
1067 1185 257 832 918 1056 342 1177 831 1092 943 727 1284 1279 907 1751 932 905 970 1075 1345 1422 829 1684 160 846 1083 606 1053 560 1365 918 676 886 1060 1299 421 873 1118 835 1157 231 1199 531 1165 1038 1198 943 640 1033 1503 1240 814 798 1434 1201 1556 155 1207 1196 945 971 934 0 721 444 750 808 1092 1182 1065 134 265 1321 615 1162 967 221 773 940 1391 1194 1207 1840 1516 1172 1335
1188 1306 846 160 1039 1176 429 1297 952 1212 847 847 703 699 234 1079 836 809 1091 1196 764 1542 156 1805 748 967 411 510 1173 464 696 1039 796 213 1180 719 325 200 446 956 1278 562 1319 435 1285 1159 617 846 544 1153 1624 659 142 919 853 621 886 743 1327 1317 1065 298 1055 721 0 348 870 136 419 1303 1185 722 597 649 519 1282 1088 553 894 844 811 1314 627 1168 1637 1292 1455
911 1029 569 459 762 900 152 1020 675 935 571 570 911 906 534 1378 559 532 814 919 972 1266 456 1528 472 690 710 233 896 187 992 762 519 513 903 926 48 500 745 679 1001 286 1042 158 1009 882 825 570 267 877 1347 867 441 642 1061 828 1183 466 1050 1040 788 598 778 444 348 0 593 435 719 1026 908 445 320 948 242 1005 811 276 617 567 1018 1037 834 1467 1360 1015 1179
813 931 875 982 664 802 492 923 215 838 1093 473 1433 1429 1056 1901 1082 1054 716 821 1494 806 978 1068 777 230 1233 756 798 709 1515 664 422 1035 806 1449 571 1022 1268 581 903 591 944 680 911 784 1347 1092 789 779 887 1389 963 544 1583 1351 1706 772 953 942 690 1120 680 750 870 593 0 957 1241 928 811 751 626 1471 765 908 713 582 519 1089 1541 940 1357 1990 900 918 719
1275 1393 933 73 1126 1264 516 1384 1039 1300 851 934 616 612 147 991 839 812 1178 1283 677 1630 244 1892 836 1054 323 597 1260 551 608 1126 884 126 1268 632 412 113 359 1043 1365 650 1406 522 1373 1246 530 850 631 1241 1711 572 229 1006 766 534 799 830 1415 1404 1152 211 1142 808 136 435 957 0 332 1390 1273 809 684 562 606 1370 1175 640 981 847 724 1401 540 1081 1724 1380 1543
1559 1677 1216 356 1409 1547 800 1668 1323 1583 609 1218 374 370 255 749 597 570 1462 1566 435 1913 527 2176 1119 1337 81 881 1544 835 366 1409 1167 234 1551 390 696 396 117 1326 1649 933 1690 805 1656 1530 288 608 909 1524 1994 330 512 1290 524 292 557 1114 1698 1687 1436 319 1425 1092 419 719 1241 332 0 1673 1556 1093 968 320 884 1653 1459 924 1265 605 482 1685 298 839 2007 1663 1826
217 141 1307 1414 292 212 924 107 1010 218 1525 520 1866 1861 1489 2333 1514 1486 316 231 1927 1600 1411 1863 1210 1024 1665 1188 208 1142 1947 312 567 1468 216 1881 1003 1454 1700 525 42 1024 129 1113 121 194 1779 1524 1222 189 1681 1821 1396 488 2016 1783 2138 1204 115 127 291 1552 280 1182 1303 1026 928 1390 1673 0 221 1183 1058 1903 1197 47 361 1014 463 1522 1973 124 1789 2422 1694 57 1513
48 166 1190 1297 174 37 807 158 892 73 1408 403 1748 1744 1371 2216 1397 1369 199 114 1809 1483 1293 1745 1092 907 1548 1071 91 1025 1830 194 450 1350 98 1764 886 1337 1583 407 196 906 179 995 146 77 1662 1407 1104 71 1564 1704 1279 371 1898 1666 2021 1087 188 177 173 1435 163 1065 1185 908 811 1273 1556 221 0 1066 941 1786 1080 200 244 897 345 1404 1856 175 1672 2305 1577 210 1396
1069 1187 189 834 920 1057 344 1178 833 1093 945 728 1285 1281 908 1753 934 906 972 1076 1346 1423 830 1686 161 848 1084 608 1054 561 1367 919 677 887 1061 1301 423 874 1120 837 1159 232 1200 532 1166 1040 1199 944 641 1034 1505 1241 815 800 1435 1203 1558 156 1208 1198 946 972 935 134 722 445 751 809 1093 1183 1066 0 267 1323 617 1163 969 223 775 941 1393 1195 1209 1842 1518 1173 1336
943 1061 390 708 794 932 218 1053 707 968 820 603 1160 1155 783 1627 808 781 846 951 1221 1298 705 1561 293 722 959 482 929 436 1241 794 552 762 936 1175 297 749 994 711 1033 107 1075 407 1041 914 1074 819 516 909 1379 1116 690 674 1310 1077 1432 288 1083 1072 821 847 810 265 597 320 626 684 968 1058 941 267 0 1197 491 1038 844 97 649 816 1268 1070 1083 1716 1392 1048 1211
1788 1906 1446 586 1639 1777 1029 1898 1552 1813 793 1448 559 554 485 520 782 755 1691 1796 620 2143 757 2405 1349 1567 311 1094 1773 1064 551 1639 1397 464 1781 574 926 626 346 1556 1878 1163 1919 1035 1886 1759 473 793 1094 1754 2224 515 742 1519 709 477 327 1344 1928 1917 1665 549 1655 1321 649 948 1471 562 320 1903 1786 1323 1197 0 1069 1883 1688 1153 1494 790 667 1915 482 609 2237 1893 2056
1082 1200 740 631 933 1071 323 1192 846 1107 418 742 758 754 705 1499 407 379 985 1090 819 1437 627 1699 643 861 876 115 1068 87 840 933 691 684 1075 774 220 671 911 850 1172 457 1214 329 1180 1053 672 417 115 1048 1518 714 612 813 908 676 1031 638 1222 1211 960 769 949 615 519 242 765 606 884 1197 1080 617 491 1069 0 1177 982 447 788 415 866 1209 682 1588 1531 1187 1350
197 121 1287 1394 271 191 904 87 989 198 1505 500 1845 1841 1468 2313 1494 1466 296 211 1906 1580 1390 1842 1189 1004 1645 1168 188 1122 1927 291 547 1447 195 1861 983 1434 1680 504 22 1003 109 1092 101 174 1759 1504 1201 168 1661 1801 1376 468 1995 1763 2118 1184 95 106 270 1532 260 1162 1282 1005 908 1370 1653 47 200 1163 1038 1883 1177 0 341 994 442 1501 1953 104 1769 2402 1674 36 1493
246 364 1092 1199 97 235 709 356 795 271 1311 306 1651 1646 1274 2118 1300 1272 149 254 1712 1386 1196 1648 995 810 1450 973 232 927 1732 97 353 1253 239 1666 788 1240 1485 310 336 809 378 898 344 217 1565 1310 1007 212 1467 1607 1181 273 1801 1569 1924 990 386 375 124 1338 113 967 1088 811 713 1175 1459 361 244 969 844 1688 982 341 0 799 248 1307 1759 373 1574 2207 1480 351 1299
899 1017 346 664 750 888 174 1009 663 924 775 559 1116 1111 739 1583 764 737 802 907 1177 1254 661 1516 249 678 915 438 885 392 1197 750 508 718 892 1131 253 705 950 667 989 63 1031 363 997 870 1030 775 472 865 1335 1072 646 630 1266 1033 1388 243 1039 1028 777 803 766 221 553 276 582 640 924 1014 897 223 97 1153 447 994 799 0 605 772 1223 1026 1039 1672 1348 1004 1167
348 466 898 1005 199 337 515 457 601 373 1117 111 1457 1452 1080 1924 1105 1078 251 356 1518 1191 1002 1454 801 616 1256 779 333 733 1538 199 158 1059 340 1472 594 1046 1291 116 438 615 479 704 446 319 1371 1116 813 314 1273 1413 987 79 1607 1374 1729 796 487 477 225 1144 215 773 894 617 519 981 1265 463 345 775 649 1494 788 442 248 605 0 1113 1565 474 1380 2013 1286 452 1104
1407 1525 1065 871 1258 1396 648 1516 1171 1432 139 1066 479 475 771 1220 128 100 1310 1415 540 1762 952 2024 968 1186 597 440 1392 412 560 1258 1015 750 1399 495 544 912 632 1175 1497 782 1538 654 1505 1378 393 138 439 1373 1843 435 937 1138 629 397 752 962 1546 1536 1284 834 1274 940 844 567 1089 847 605 1522 1404 941 816 790 415 1501 1307 772 1113 0 587 1533 403 1309 1856 1511 1675
1858 1977 1516 748 1709 1847 1100 1968 1622 1883 590 1518 246 351 647 1097 579 552 1762 1866 170 2213 919 2476 1419 1637 473 891 1844 863 437 1709 1467 626 1851 173 996 788 509 1626 1948 1233 1990 1105 1956 1830 270 589 891 1824 2294 202 904 1590 196 274 628 1414 1998 1987 1736 711 1725 1391 811 1018 1541 724 482 1973 1856 1393 1268 667 866 1953 1759 1223 1565 587 0 1985 279 1186 2307 1963 2126
156 80 1318 1426 303 166 935 46 1021 156 1537 532 1877 1873 1500 2345 1526 1498 328 242 1938 1612 1422 1874 1221 1036 1676 1200 220 1153 1959 323 579 1479 227 1893 1015 1466 1712 536 100 1035 67 1124 59 206 1791 1536 1233 200 1693 1833 1407 499 2027 1795 2150 1216 76 65 302 1564 292 1194 1314 1037 940 1401 1685 124 175 1195 1070 1915 1209 104 373 1026 474 1533 1985 0 1801 2434 1706 114 1525
1674 1792 1332 564 1525 1663 915 1784 1438 1699 406 1334 172 167 463 912 395 367 1577 1682 233 2029 735 2291 1235 1453 289 707 1660 679 253 1525 1283 442 1667 187 812 604 324 1442 1764 1049 1806 921 1772 1645 86 405 707 1640 2110 127 720 1405 322 89 444 1230 1814 1803 1551 527 1541 1207 627 834 1357 540 298 1789 1672 1209 1083 482 682 1769 1574 1039 1380 403 279 1801 0 1002 2123 1779 1942
2430 2548 2088 1227 2281 2419 1671 2539 2194 2455 1435 2089 1201 1196 1127 242 1424 1396 2333 2438 1262 2785 1398 3047 1991 2209 953 1736 2415 1706 1193 2281 2038 1106 2422 1216 1567 1268 988 2198 2520 1805 2561 1677 2528 2401 1115 1434 1736 2396 2866 1157 1384 2161 1351 1118 968 1985 2569 2559 2307 1190 2297 1963 1290 1590 2112 1203 961 2545 2427 1964 1839 731 1711 2524 2330 1795 2136 1432 1308 2556 1124 0 2879 2534 2698
1580 1698 1641 1748 1430 1568 1258 1689 982 1604 1859 1239 2200 2195 1823 2667 1848 1821 1483 1587 2261 480 1745 585 1544 997 1999 1522 1565 1476 2281 1430 1188 1802 1572 2215 1337 1789 2034 1347 1670 1358 1711 1447 1677 1551 2114 1858 1556 1545 561 2155 1730 1311 2350 2117 2472 1538 1719 1708 1457 1886 1446 1516 1637 1360 900 1724 2007 1694 1577 1518 1392 2237 1531 1674 1480 1348 1286 1856 2307 1706 2123 2756 0 1684 235
207 131 1297 1404 281 201 914 97 999 208 1515 510 1855 1851 1478 2323 1504 1476 306 220 1916 1590 1400 1852 1199 1014 1655 1178 198 1131 1937 301 557 1457 205 1871 993 1444 1690 514 32 1013 119 1102 111 184 1769 1514 1211 178 1671 1811 1385 477 2005 1773 2128 1194 105 116 280 1542 270 1172 1292 1015 918 1380 1663 57 210 1173 1048 1893 1187 36 351 1004 452 1511 1963 114 1779 2412 1684 0 1503
1398 1517 1460 1567 1249 1387 1077 1508 801 1423 1678 1058 2018 2014 1642 2486 1667 1639 1301 1406 2080 299 1563 403 1363 816 1818 1341 1384 1295 2100 1249 1007 1621 1391 2034 1156 1607 1853 1166 1488 1177 1530 1265 1496 1370 1932 1677 1375 1364 380 1974 1549 1130 2168 1936 2291 1357 1538 1527 1276 1705 1265 1335 1455 1179 719 1543 1826 1513 1396 1336 1211 2056 1350 1493 1299 1167 1104 1675 2126 1525 1942 2575 235 1503 0
EOF
