NAME : tsp_problem
TYPE : TSP
DIMENSION : 37
EDGE_WEIGHT_TYPE : EXPLICIT
EDGE_WEIGHT_FORMAT : FULL_MATRIX
EDGE_WEIGHT_SECTION
0 1149 908 1157 1247 1171 1160 1038 713 603 873 570 909 1715 1324 1128 868 896 873 711 524 192 603 1308 1648 1008 1329 1016 639 1263 1385 916 1298 690 229 124 1480
1149 0 294 80 1869 1792 82 130 931 1225 1495 1191 294 2336 1946 51 1490 1517 1495 1332 1145 1025 1225 1526 1866 204 1950 212 571 1884 1604 302 1517 524 1061 1230 1698
908 294 0 302 1628 1551 305 182 690 984 1254 951 53 2095 1705 273 1249 1277 1254 1091 904 784 984 1285 1625 153 1709 161 330 1643 1363 61 1276 283 821 989 1457
1157 80 302 0 1877 1801 65 138 940 1233 1503 1200 303 2345 1954 59 1498 1526 1503 1341 1153 1033 1233 1534 1874 212 1959 220 579 1893 1612 310 1525 532 1070 1238 1706
1247 1869 1628 1877 0 172 1880 1757 1433 783 543 783 1629 989 325 1848 444 472 717 730 756 1123 783 2028 2368 1728 330 1736 1359 154 2105 1636 2018 1410 1160 1328 2200
1171 1792 1551 1801 172 0 1803 1681 1357 706 466 707 1552 912 248 1772 367 395 641 653 679 1047 707 1951 2291 1652 253 1660 1283 187 2029 1559 1942 1334 1083 1251 2123
1160 82 305 65 1880 1803 0 141 942 1236 1506 1202 305 2347 1956 62 1501 1528 1505 1343 1156 1036 1236 1537 1877 215 1961 222 581 1895 1614 312 1527 534 1072 1240 1708
1038 130 182 138 1757 1681 141 0 820 1113 1384 1080 183 2225 1834 110 1378 1406 1383 1221 1034 913 1114 1414 1755 93 1839 100 459 1773 1492 190 1405 412 950 1118 1586
713 931 690 940 1433 1357 942 820 0 789 1059 756 691 1901 1510 911 1054 1082 1059 897 709 589 789 728 1068 791 1515 798 422 1449 806 698 719 473 626 794 900
603 1225 984 1233 783 706 1236 1113 789 0 733 139 985 1524 860 1204 404 431 732 570 112 479 139 1384 1724 1084 864 1092 715 798 1461 992 1374 766 516 684 1556
873 1495 1254 1503 543 466 1506 1384 1059 733 0 699 1255 918 530 1475 738 766 251 264 653 749 733 1654 1994 1354 535 1362 985 558 1732 1262 1645 1036 786 954 1826
570 1191 951 1200 783 707 1202 1080 756 139 699 0 951 1524 860 1171 404 432 699 537 78 446 140 1350 1690 1051 865 1059 682 799 1428 958 1341 733 482 650 1522
909 294 53 303 1629 1552 305 183 691 985 1255 951 0 2096 1705 274 1249 1277 1254 1092 905 784 985 1286 1626 154 1710 161 330 1644 1363 61 1276 283 821 989 1457
2026 2647 2407 2656 1300 1224 2658 2536 2212 1835 1229 1835 2407 0 1288 2627 1496 1523 1404 1416 1805 1902 1835 2806 3146 2507 1292 2515 2138 1315 2884 2414 2797 2189 1938 2106 2978
1324 1946 1705 1954 325 248 1956 1834 1510 860 530 860 1705 977 0 1925 521 548 705 717 832 1200 860 2105 2445 1805 65 1813 1436 340 2182 1712 2095 1487 1237 1405 2276
1128 51 273 59 1848 1772 62 110 911 1204 1475 1171 274 2316 1925 0 1469 1497 1474 1312 1125 1004 1205 1505 1846 184 1930 191 550 1864 1583 281 1496 503 1041 1209 1677
868 1490 1249 1498 444 367 1501 1378 1054 404 738 404 1249 1185 521 1469 0 92 913 835 377 744 404 1649 1989 1349 525 1357 980 459 1726 1257 1639 1031 781 949 1821
896 1517 1277 1526 472 395 1528 1406 1082 431 766 432 1277 1212 548 1497 92 0 941 863 404 772 432 1676 2017 1377 553 1385 1008 487 1754 1284 1667 1059 808 976 1848
873 1495 1254 1503 717 641 1505 1383 1059 732 251 699 1254 1093 705 1474 913 941 0 263 653 749 732 1653 1994 1354 710 1362 985 733 1731 1261 1644 1036 785 953 1825
711 1332 1091 1341 730 653 1343 1221 897 570 264 537 1092 1105 717 1312 835 863 263 0 490 587 570 1491 1831 1192 722 1199 823 745 1569 1099 1482 874 623 791 1663
524 1145 904 1153 756 679 1156 1034 709 112 653 78 905 1494 832 1125 377 404 653 490 0 399 112 1304 1644 1005 837 1012 636 771 1382 912 1295 686 436 604 1476
192 1025 784 1033 1123 1047 1036 913 589 479 749 446 784 1591 1200 1004 744 772 749 587 399 0 479 1184 1524 884 1205 892 515 1139 1261 792 1174 566 105 273 1356
603 1225 984 1233 783 707 1236 1114 789 139 733 140 985 1524 860 1205 404 432 732 570 112 479 0 1384 1724 1085 864 1092 716 798 1462 992 1375 766 516 684 1556
1308 1526 1285 1534 2028 1951 1537 1414 728 1384 1654 1350 1286 2495 2105 1505 1649 1676 1653 1491 1304 1184 1384 0 413 1385 2109 1393 1016 2043 308 1293 63 1067 1220 1388 244
1648 1866 1625 1874 2368 2291 1877 1755 1068 1724 1994 1690 1626 2835 2445 1846 1989 2017 1994 1831 1644 1524 1724 413 0 1726 2449 1733 1356 2383 648 1633 403 1407 1561 1729 585
1008 204 153 212 1728 1652 215 93 791 1084 1354 1051 154 2196 1805 184 1349 1377 1354 1192 1005 884 1085 1385 1726 0 1810 71 430 1744 1463 161 1376 383 921 1089 1557
1329 1950 1709 1959 330 253 1961 1839 1515 864 535 865 1710 981 65 1930 525 553 710 722 837 1205 864 2109 2449 1810 0 1817 1441 345 2187 1717 2100 1492 1241 1409 2281
1016 212 161 220 1736 1660 222 100 798 1092 1362 1059 161 2203 1813 191 1357 1385 1362 1199 1012 892 1092 1393 1733 71 1817 0 438 1751 1471 169 1384 391 929 1097 1565
639 571 330 579 1359 1283 581 459 422 715 985 682 330 1827 1436 550 980 1008 985 823 636 515 716 1016 1356 430 1441 438 0 1375 1094 337 1007 112 552 720 1188
1263 1884 1643 1893 154 187 1895 1773 1449 798 558 799 1644 1004 340 1864 459 487 733 745 771 1139 798 2043 2383 1744 345 1751 1375 0 2121 1651 2034 1426 1175 1343 2215
1385 1604 1363 1612 2105 2029 1614 1492 806 1461 1732 1428 1363 2573 2182 1583 1726 1754 1731 1569 1382 1261 1462 308 648 1463 2187 1471 1094 2121 0 1370 299 1145 1298 1466 480
916 302 61 310 1636 1559 312 190 698 992 1262 958 61 2103 1712 281 1257 1284 1261 1099 912 792 992 1293 1633 161 1717 169 337 1651 1370 0 1283 290 828 996 1464
1298 1517 1276 1525 2018 1942 1527 1405 719 1374 1645 1341 1276 2486 2095 1496 1639 1667 1644 1482 1295 1174 1375 63 403 1376 2100 1384 1007 2034 299 1283 0 1058 1211 1379 235
690 524 283 532 1410 1334 534 412 473 766 1036 733 283 1878 1487 503 1031 1059 1036 874 686 566 766 1067 1407 383 1492 391 112 1426 1145 290 1058 0 603 771 1239
229 1061 821 1070 1160 1083 1072 950 626 516 786 482 821 1627 1237 1041 781 808 785 623 436 105 516 1220 1561 921 1241 929 552 1175 1298 828 1211 603 0 309 1392
124 1230 989 1238 1328 1251 1240 1118 794 684 954 650 989 1795 1405 1209 949 976 953 791 604 273 684 1388 1729 1089 1409 1097 720 1343 1466 996 1379 771 309 0 1560
1480 1698 1457 1706 2200 2123 1708 1586 900 1556 1826 1522 1457 2667 2276 1677 1821 1848 1825 1663 1476 1356 1556 244 585 1557 2281 1565 1188 2215 480 1464 235 1239 1392 1560 0
EOF
