NAME : tsp_problem
TYPE : TSP
DIMENSION : 50
EDGE_WEIGHT_TYPE : EXPLICIT
EDGE_WEIGHT_FORMAT : FULL_MATRIX
EDGE_WEIGHT_SECTION
0 1252 389 694 813 862 358 174 1035 1085 935 689 1235 721 745 624 525 739 1004 611 3240 1147 413 792 556 218 674 1292 579 725 1169 1170 227 700 296 1459 1042 262 630 720 643 708 832 852 764 461 1188 601 533 739
1252 0 922 1329 2017 877 993 1380 245 218 461 1324 91 1356 1163 1259 1160 1158 291 1029 4443 148 1619 1525 1191 1424 1309 108 997 1360 2374 112 1432 1335 1098 1474 228 1059 1722 1355 1061 1343 1501 437 1399 1096 1203 1019 1739 1582
389 922 0 466 1154 532 130 516 705 755 605 461 905 493 415 396 297 409 673 281 3579 816 755 662 328 561 446 962 249 497 1511 840 569 471 234 1129 712 196 859 492 313 480 637 522 536 233 858 271 875 719
694 1329 466 0 813 939 357 822 1112 1162 1012 399 1312 307 822 377 278 816 1081 688 3239 1224 783 321 309 866 376 1369 656 302 1444 1247 874 377 540 1536 1119 501 518 425 720 393 297 929 262 264 1265 678 808 378
813 2017 1154 813 0 1627 1044 683 1800 1850 1699 806 2000 713 1509 812 933 1504 1768 1376 2981 1911 524 533 885 620 782 2057 1343 709 770 1935 656 783 1057 2223 1807 1023 371 831 1407 799 572 1617 668 951 1953 1366 426 480
862 877 532 939 1627 0 603 989 660 710 559 934 860 966 773 869 770 767 628 639 4052 771 1228 1135 801 1034 919 917 607 970 1984 795 1042 944 707 636 667 669 1332 965 671 953 1110 477 1009 706 366 629 1348 1192
358 993 130 357 1044 603 0 485 776 826 676 351 976 384 486 286 187 480 745 352 3470 887 725 553 219 530 337 1033 320 387 1480 911 538 362 204 1200 783 165 749 382 384 371 528 593 427 124 929 342 845 609
174 1380 516 822 683 989 485 0 1162 1213 1062 816 1363 842 872 751 652 867 1131 738 3110 1274 283 662 683 88 802 1420 706 838 1038 1298 115 827 418 1586 1170 384 500 847 770 836 701 980 797 588 1316 728 403 609
1035 245 705 1112 1800 660 776 1162 0 78 244 1107 228 1139 946 1042 943 941 73 812 4225 139 1401 1308 974 1207 1092 285 780 1143 2157 163 1215 1117 880 1256 35 842 1505 1138 844 1126 1283 220 1182 879 986 802 1521 1365
1085 218 755 1162 1850 710 826 1213 78 0 294 1157 201 1190 996 1092 993 991 124 863 4276 122 1452 1359 1024 1257 1143 258 830 1193 2208 136 1266 1168 931 1307 61 892 1555 1188 894 1177 1334 271 1232 929 1036 853 1572 1415
935 461 605 1012 1699 559 676 1062 244 294 0 1006 444 1039 731 942 842 726 212 705 4125 355 1301 1208 874 1107 992 501 680 1043 2057 379 1115 1017 780 1156 251 742 1404 1038 677 1026 1183 120 1082 779 886 702 1421 1265
689 1324 461 399 806 934 351 816 1107 1157 1006 0 1307 300 816 372 273 811 1075 683 3231 1218 775 314 304 861 369 1364 650 295 1436 1242 869 370 534 1530 1114 496 511 418 714 386 289 924 255 258 1260 672 801 371
1235 91 905 1312 2000 860 976 1363 228 201 444 1307 0 1340 1146 1242 1143 1141 274 1013 4426 132 1602 1509 1174 1407 1293 125 980 1343 2358 95 1416 1318 1081 1457 211 1042 1705 1338 1044 1327 1484 421 1382 1079 1186 1002 1722 1565
721 1356 493 307 713 966 384 842 1139 1190 1039 300 1340 0 849 306 305 844 1108 715 3139 1251 683 221 337 779 276 1397 683 203 1344 1275 816 277 567 1563 1147 528 418 325 747 293 197 957 163 291 1292 705 708 278
745 1163 415 822 1509 773 486 872 946 996 732 816 1146 849 0 751 652 24 914 161 3935 1057 1111 1018 684 916 802 1203 210 852 1867 1081 925 827 590 1370 953 552 1214 847 134 836 993 763 892 588 1099 171 1231 1074
624 1259 396 377 812 869 286 751 1042 1092 942 372 1242 306 751 0 208 746 1010 618 3238 1153 782 320 239 796 357 1299 586 301 1443 1177 804 376 469 1466 1049 431 517 403 649 391 296 859 261 193 1195 608 807 377
525 1160 297 278 933 770 187 652 943 993 842 273 1143 305 652 208 0 647 911 519 3359 1054 891 441 140 697 258 1200 486 309 1564 1078 705 283 370 1366 950 332 638 304 550 292 417 760 348 94 1096 509 928 498
739 1158 409 816 1504 767 480 867 941 991 726 811 1141 844 24 746 647 0 909 156 3930 1052 1106 1012 678 911 796 1198 204 847 1862 1076 920 822 585 1364 948 546 1209 842 129 830 988 758 886 583 1094 166 1226 1069
1004 291 673 1081 1768 628 745 1131 73 124 212 1075 274 1108 914 1010 911 909 0 781 4194 185 1370 1277 943 1175 1061 331 749 1111 2126 209 1184 1086 849 1225 81 811 1473 1106 812 1095 1252 189 1151 847 954 771 1490 1333
611 1029 281 688 1376 639 352 738 812 863 705 683 1013 715 161 618 519 156 781 0 3801 924 977 884 550 783 668 1070 145 719 1733 948 791 693 456 1236 820 418 1081 714 108 702 859 630 758 455 965 145 1097 941
3240 4443 3579 3239 2981 4052 3470 3110 4225 4276 4125 3231 4426 3139 3935 3238 3359 3930 4194 3801 0 4337 2951 2958 3311 3047 3208 4483 3769 3134 3612 4361 3083 3209 3484 4649 4233 3450 2797 3257 3833 3225 2998 4043 3094 3377 4379 3791 2976 2906
1147 148 816 1224 1911 771 887 1274 139 122 355 1218 132 1251 1057 1153 1054 1052 185 924 4337 0 1513 1420 1085 1318 1204 188 892 1254 2269 67 1327 1229 992 1368 122 954 1616 1249 955 1238 1395 332 1293 990 1097 914 1633 1476
413 1619 755 783 524 1228 725 283 1401 1452 1301 775 1602 683 1111 782 891 1106 1370 977 2951 1513 0 502 855 229 752 1659 945 678 879 1537 256 753 657 1825 1409 623 341 801 1009 769 542 1219 638 828 1555 967 244 450
792 1525 662 321 533 1135 553 662 1308 1359 1208 314 1509 221 1018 320 441 1012 1277 884 2958 1420 502 0 394 598 290 1565 852 217 1163 1444 635 291 736 1732 1316 697 259 340 916 308 211 1126 177 460 1461 874 528 292
556 1191 328 309 885 801 219 683 974 1024 874 304 1174 337 684 239 140 678 943 550 3311 1085 855 394 0 728 289 1231 518 340 1516 1109 736 315 402 1398 981 363 590 335 582 323 369 791 335 126 1127 540 881 450
218 1424 561 866 620 1034 530 88 1207 1257 1107 861 1407 779 916 796 697 911 1175 783 3047 1318 229 598 728 0 846 1464 751 774 975 1342 62 849 462 1631 1214 428 437 892 815 865 638 1024 734 633 1360 773 340 546
674 1309 446 376 782 919 337 802 1092 1143 992 369 1293 276 802 357 258 796 1061 668 3208 1204 752 290 289 846 0 1350 636 272 1413 1228 855 346 520 1516 1100 481 487 394 700 362 266 910 232 244 1245 658 777 347
1292 108 962 1369 2057 917 1033 1420 285 258 501 1364 125 1397 1203 1299 1200 1198 331 1070 4483 188 1659 1565 1231 1464 1350 0 1037 1400 2415 197 1473 1375 1138 1514 268 1099 1762 1395 1101 1383 1541 477 1439 1136 1243 1059 1779 1622
579 997 249 656 1343 607 320 706 780 830 680 650 980 683 210 586 486 204 749 145 3769 892 945 852 518 751 636 1037 0 686 1701 915 759 661 424 1204 787 386 1048 681 156 670 827 597 726 423 933 135 1065 908
725 1360 497 302 709 970 387 838 1143 1193 1043 295 1343 203 852 301 309 847 1111 719 3134 1254 678 217 340 774 272 1400 686 0 1339 1278 811 273 570 1567 1150 532 414 321 750 289 192 960 158 294 1296 709 704 274
1294 2500 1637 1569 896 2110 1606 1164 2283 2333 2183 1562 2483 1470 1993 1568 1690 1987 2252 1859 3738 2395 1005 1289 1642 1101 1539 2540 1827 1465 0 2418 1138 1539 1538 2707 2290 1504 1127 1588 1891 1556 1329 2100 1425 1708 2436 1849 908 1237
1170 112 840 1247 1935 795 911 1298 163 136 379 1242 95 1275 1081 1177 1078 1076 209 948 4361 67 1537 1444 1109 1342 1228 197 915 1278 2293 0 1351 1253 1016 1392 146 977 1640 1273 979 1262 1419 356 1317 1014 1121 938 1657 1500
227 1432 569 874 656 1042 538 115 1215 1266 1115 869 1416 816 925 804 705 920 1184 791 3083 1327 256 635 736 62 855 1473 759 811 1012 1351 0 880 471 1639 1223 437 473 900 823 889 675 1033 771 641 1368 781 376 582
700 1335 471 377 783 944 362 827 1117 1168 1017 370 1318 277 827 376 283 822 1086 693 3209 1229 753 291 315 849 346 1375 661 273 1414 1253 880 0 545 1541 1125 506 488 395 725 363 267 935 232 269 1270 683 778 348
296 1098 234 540 1057 707 204 418 880 931 780 534 1081 567 590 469 370 585 849 456 3484 992 657 736 402 462 520 1138 424 570 1413 1016 471 545 0 1304 888 270 874 565 488 554 711 698 610 307 1034 446 777 792
1459 1474 1129 1536 2223 636 1200 1586 1256 1307 1156 1530 1457 1563 1370 1466 1366 1364 1225 1236 4649 1368 1825 1732 1398 1631 1516 1514 1204 1567 2581 1392 1639 1541 1304 0 1264 1266 1928 1561 1268 1550 1707 1074 1606 1303 323 1226 1945 1789
1042 228 712 1119 1807 667 783 1170 35 61 251 1114 211 1147 953 1049 950 948 81 820 4233 122 1409 1316 981 1214 1100 268 787 1150 2165 146 1223 1125 888 1264 0 849 1512 1145 851 1134 1291 228 1189 886 993 810 1529 1372
262 1059 196 501 1023 669 165 384 842 892 742 496 1042 528 552 431 332 546 811 418 3450 954 623 697 363 428 481 1099 386 532 1378 977 437 506 270 1266 849 0 840 527 450 515 673 659 571 268 995 408 743 754
630 1722 859 518 371 1332 749 500 1505 1555 1404 511 1705 418 1214 517 638 1209 1473 1081 2797 1616 341 259 590 437 487 1762 1048 414 1002 1640 473 488 874 1928 1512 840 0 536 1112 504 299 1322 373 656 1658 1071 366 207
720 1355 492 425 831 965 382 847 1138 1188 1038 418 1338 325 847 403 304 842 1106 714 3257 1249 801 340 335 892 394 1395 681 321 1462 1273 900 395 565 1561 1145 527 536 0 745 412 315 955 281 289 1291 704 827 396
643 1061 313 720 1407 671 384 770 844 894 678 714 1044 747 134 649 550 129 812 108 3833 955 1009 916 582 815 700 1101 156 750 1765 979 823 725 488 1268 851 450 1112 745 0 734 891 661 790 487 997 118 1129 972
708 1343 480 393 799 953 371 836 1126 1177 1026 386 1327 293 836 391 292 830 1095 702 3225 1238 769 308 323 865 362 1383 670 289 1430 1262 889 363 554 1550 1134 515 504 412 734 0 283 944 249 278 1279 692 794 364
832 1501 637 297 572 1110 528 701 1283 1334 1183 289 1484 197 993 296 417 988 1252 859 2998 1395 542 211 369 638 266 1541 827 192 1203 1419 675 267 711 1707 1291 673 299 315 891 283 0 1101 152 435 1437 849 568 268
852 437 522 929 1617 477 593 980 220 271 120 924 421 957 763 859 760 758 189 630 4043 332 1219 1126 791 1024 910 477 597 960 1975 356 1033 935 698 1074 228 659 1322 955 661 944 1101 0 999 696 803 620 1339 1182
764 1399 536 262 668 1009 427 797 1182 1232 1082 255 1382 163 892 261 348 886 1151 758 3094 1293 638 177 335 734 232 1439 726 158 1299 1317 771 232 610 1606 1189 571 373 281 790 249 152 999 0 334 1335 748 664 233
461 1096 233 264 951 706 124 588 879 929 779 258 1079 291 588 193 94 583 847 455 3377 990 828 460 126 633 244 1136 423 294 1582 1014 641 269 307 1303 886 268 656 289 487 278 435 696 334 0 1032 445 947 516
1188 1203 858 1265 1953 366 929 1316 986 1036 886 1260 1186 1292 1099 1195 1096 1094 954 965 4379 1097 1555 1461 1127 1360 1245 1243 933 1296 2310 1121 1368 1270 1034 323 993 995 1658 1291 997 1279 1437 803 1335 1032 0 955 1675 1518
601 1019 271 678 1366 629 342 728 802 853 702 672 1002 705 171 608 509 166 771 145 3791 914 967 874 540 773 658 1059 135 709 1723 938 781 683 446 1226 810 408 1071 704 118 692 849 620 748 445 955 0 1087 931
533 1739 875 808 426 1348 845 403 1521 1572 1421 801 1722 708 1231 807 928 1226 1490 1097 2976 1633 244 528 881 340 777 1779 1065 704 782 1657 376 778 777 1945 1529 743 366 827 1129 794 568 1339 664 947 1675 1087 0 475
739 1582 719 378 480 1192 609 609 1365 1415 1265 371 1565 278 1074 377 498 1069 1333 941 2906 1476 450 292 450 546 347 1622 908 274 1111 1500 582 348 792 1789 1372 754 207 396 972 364 268 1182 233 516 1518 931 475 0
EOF