NAME : tsp_problem
TYPE : TSP
DIMENSION : 50
EDGE_WEIGHT_TYPE : EXPLICIT
EDGE_WEIGHT_FORMAT : FULL_MATRIX
EDGE_WEIGHT_SECTION
0 482 258 60 1520 1504 406 1020 583 981 615 421 937 1084 981 785 749 903 1074 1104 274 846 294 321 633 697 308 150 1062 956 958 465 483 541 841 686 304 882 372 967 495 488 668 1113 1150 1329 1186 509 138 1086
482 0 653 455 1643 1410 801 927 978 1376 161 816 843 991 888 908 656 810 980 1227 668 969 688 715 179 1091 702 352 968 863 865 859 178 935 747 1081 698 788 495 873 618 611 791 659 1057 1236 1092 903 381 993
258 653 0 229 1338 1675 222 1191 399 796 786 237 1108 1256 1152 739 920 1075 1245 921 360 720 390 291 804 512 377 321 1233 1127 1130 280 654 356 1012 501 368 1053 543 1138 666 659 839 1284 1321 1501 1357 324 309 1258
60 455 229 0 1492 1477 376 993 554 951 588 392 910 1058 954 758 723 877 1047 1076 244 820 264 291 606 667 278 124 1035 929 932 435 456 511 814 656 274 855 345 940 468 461 641 1086 1124 1303 1159 479 111 1060
1830 1953 1647 1802 0 2975 1466 2492 1309 990 2087 1473 2408 2556 2452 1072 2221 2375 2545 769 1633 1053 1663 1564 2104 1211 1650 1700 2533 2427 2430 1423 1954 1373 2312 1222 1641 2353 1532 2438 1437 1388 1232 2584 2622 2801 2657 1372 1729 2558
1504 1410 1675 1477 2665 0 1823 1545 2000 2398 1544 1838 1461 1609 1506 1930 874 1428 1599 2249 1690 1991 1710 1737 1561 2113 1724 1374 1587 1481 1483 1881 1411 1957 1366 2103 1720 680 1517 1492 1640 1633 1813 1721 1675 202 1711 1925 1403 1611
406 801 222 376 1157 1823 0 1339 246 616 934 84 1256 1404 1300 558 1068 1223 1393 740 207 539 238 138 952 332 224 469 1381 1275 1278 128 802 203 1160 342 216 1201 691 1286 814 807 718 1432 1469 1649 1505 171 457 1406
1020 927 1191 993 2182 1545 1339 0 1516 1914 1060 1354 111 107 91 1446 791 163 96 1765 1207 1508 1227 1254 1078 1630 1241 890 84 119 95 1398 928 1474 221 1619 1237 923 1033 104 1157 1150 1330 749 173 1371 208 1442 920 109
583 978 399 554 999 2000 246 1516 0 458 1112 261 1433 1581 1477 401 1246 1400 1570 582 384 382 415 315 1129 174 401 647 1558 1452 1455 305 979 336 1337 185 393 1378 860 1463 766 717 561 1609 1647 1826 1682 335 634 1583
981 1376 796 951 680 2398 616 1914 458 0 1509 622 1831 1978 1875 497 1643 1797 1968 263 782 477 813 713 1527 360 799 1044 1956 1850 1852 572 1377 522 1735 371 791 1776 956 1861 862 813 656 2007 2044 2223 2080 521 1032 1980
615 161 786 588 1777 1544 934 1060 1112 1509 0 949 977 1125 1021 1042 790 944 1114 1360 802 1103 822 849 47 1225 836 486 1102 996 999 993 210 1069 881 1214 832 922 629 1007 752 745 925 685 1191 1370 1226 1037 515 1127
421 816 237 392 1163 1838 84 1354 261 622 949 0 1271 1419 1315 565 1084 1238 1408 747 222 546 253 153 967 338 239 485 1396 1290 1293 143 817 218 1175 349 231 1216 706 1301 829 822 725 1447 1485 1664 1520 186 472 1421
937 843 1108 910 2098 1461 1256 111 1433 1831 977 1271 0 172 107 1363 707 79 161 1682 1123 1424 1143 1170 994 1546 1157 807 149 82 84 1314 844 1390 138 1536 1153 840 950 92 1073 1066 1246 665 238 1287 273 1358 836 174
1084 991 1256 1058 2246 1609 1404 107 1581 1978 1125 1419 172 0 151 1511 855 227 157 1829 1271 1572 1291 1318 1142 1694 1305 955 44 179 156 1462 992 1538 285 1683 1301 988 1098 165 1221 1214 1394 813 153 1435 123 1506 984 170
981 888 1152 954 2143 1506 1300 91 1477 1875 1021 1315 107 151 0 1407 752 124 140 1726 1168 1469 1187 1215 1039 1591 1202 851 128 126 129 1359 889 1434 182 1580 1198 884 994 137 1117 1110 1291 709 217 1332 253 1403 880 153
785 908 739 758 762 1930 558 1446 401 497 1042 565 1363 1511 1407 0 1176 1330 1500 346 725 100 756 656 1059 303 742 655 1488 1382 1385 515 909 465 1267 314 734 1308 486 1393 392 343 187 1539 1577 1756 1612 464 684 1513
749 656 920 723 1911 874 1068 791 1246 1643 790 1084 707 855 752 1176 0 674 844 1494 936 1237 956 983 807 1359 970 620 832 727 729 1127 657 1203 611 1348 966 291 763 737 886 879 1059 966 921 700 957 1171 649 857
903 810 1075 877 2065 1428 1223 163 1400 1797 944 1238 79 227 124 1330 674 0 217 1649 1090 1391 1110 1137 961 1513 1124 774 205 99 101 1281 811 1357 107 1502 1120 807 917 110 1040 1033 1213 632 293 1254 329 1325 803 229
1074 980 1245 1047 2235 1599 1393 96 1570 1968 1114 1408 161 157 140 1500 844 217 0 1819 1260 1562 1280 1307 1131 1683 1294 944 134 169 145 1452 981 1527 275 1673 1290 977 1087 154 1210 1203 1383 802 149 1424 184 1495 973 159
1104 1227 921 1076 459 2249 740 1765 582 263 1360 747 1682 1829 1726 346 1494 1649 1819 0 906 327 937 837 1378 485 924 974 1807 1701 1704 697 1228 646 1586 495 915 1627 805 1712 711 662 506 1858 1895 2074 1931 645 1003 1831
274 668 360 244 1323 1690 207 1207 384 782 802 222 1123 1271 1168 725 936 1090 1260 906 0 706 376 276 819 497 362 337 1248 1143 1145 266 669 341 1027 487 354 1068 558 1153 681 674 855 1300 1337 1516 1372 309 324 1273
846 969 720 820 743 1991 539 1508 382 477 1103 546 1424 1572 1469 100 1237 1391 1562 327 706 0 736 637 1121 284 723 717 1550 1444 1446 496 971 446 1329 294 714 1370 548 1455 454 405 248 1601 1638 1817 1674 445 746 1574
294 688 390 264 1354 1710 238 1227 415 813 822 253 1143 1291 1187 756 956 1110 1280 937 376 736 0 307 839 528 393 357 1268 1162 1165 297 689 372 1047 518 385 1088 578 1173 701 694 874 1319 1357 1536 1392 340 344 1293
321 715 291 291 1254 1737 138 1254 315 713 849 153 1170 1318 1215 656 983 1137 1307 837 276 637 307 0 866 428 293 384 1295 1190 1192 197 716 272 1074 418 285 1115 605 1200 728 721 816 1347 1384 1563 1419 240 371 1320
633 179 804 606 1795 1561 952 1078 1129 1527 47 967 994 1142 1039 1059 807 961 1131 1378 819 1121 839 866 0 1242 853 503 1119 1014 1016 1011 227 1086 899 1232 849 940 646 1025 769 762 942 703 1208 1387 1244 1054 532 1144
697 1091 512 667 901 2113 332 1630 174 360 1225 338 1546 1694 1591 303 1359 1513 1683 485 497 284 528 428 1242 0 515 760 1671 1566 1568 289 1092 238 1450 87 506 1491 763 1576 668 619 463 1723 1760 1939 1795 237 747 1696
308 702 377 278 1340 1724 224 1241 401 799 836 239 1157 1305 1202 742 970 1124 1294 924 362 723 393 293 853 515 0 371 1282 1177 1179 283 703 358 1061 504 371 1102 592 1187 715 708 889 1334 1371 1550 1406 327 358 1307
150 352 321 124 1390 1374 469 890 647 1044 486 485 807 955 851 655 620 774 944 974 337 717 357 384 503 760 371 0 932 826 829 528 353 604 711 749 367 752 242 837 365 358 538 983 1021 1200 1056 572 128 957
1062 968 1233 1035 2223 1587 1381 84 1558 1956 1102 1396 149 44 128 1488 832 205 134 1807 1248 1550 1268 1295 1119 1671 1282 932 0 157 133 1440 969 1515 263 1661 1278 965 1075 142 1198 1191 1371 790 178 1412 148 1483 961 147
956 863 1127 929 2118 1481 1275 119 1452 1850 996 1290 82 179 126 1382 727 99 169 1701 1143 1444 1162 1190 1014 1566 1177 826 157 0 104 1334 864 1409 157 1555 1173 859 969 112 1092 1085 1266 684 245 1307 281 1378 855 182
958 865 1130 932 2120 1483 1278 95 1455 1852 999 1293 84 156 129 1385 729 101 145 1704 1145 1446 1165 1192 1016 1568 1179 829 133 104 0 1336 866 1412 159 1557 1175 862 972 114 1095 1088 1268 687 222 1309 257 1380 858 158
465 859 280 435 1113 1881 128 1398 305 572 993 143 1314 1462 1359 515 1127 1281 1452 697 266 496 297 197 1011 289 283 528 1440 1334 1336 0 861 262 1219 299 275 1260 750 1345 873 832 675 1491 1528 1707 1564 230 516 1464
483 178 654 456 1645 1411 802 928 979 1377 210 817 844 992 889 909 657 811 981 1228 669 971 689 716 227 1092 703 353 969 864 866 861 0 936 749 1082 699 790 496 875 619 612 792 707 1058 1237 1094 904 382 994
541 935 356 511 1063 1957 203 1474 336 522 1069 218 1390 1538 1434 465 1203 1357 1527 646 341 446 372 272 1086 238 358 604 1515 1409 1412 262 936 0 1294 249 350 1335 825 1420 830 781 625 1566 1604 1783 1639 306 591 1540
841 747 1012 814 2002 1366 1160 221 1337 1735 881 1175 138 285 182 1267 611 107 275 1586 1027 1329 1047 1074 899 1450 1061 711 263 157 159 1219 749 1294 0 1440 1057 744 854 168 977 970 1150 569 351 1192 387 1262 740 287
686 1081 501 656 912 2103 342 1619 185 371 1214 349 1536 1683 1580 314 1348 1502 1673 495 487 294 518 418 1232 87 504 749 1661 1555 1557 299 1082 249 1440 0 496 1481 773 1566 679 630 473 1712 1749 1928 1785 248 737 1685
304 698 368 274 1332 1720 216 1237 393 791 832 231 1153 1301 1198 734 966 1120 1290 915 354 714 385 285 849 506 371 367 1278 1173 1175 275 699 350 1057 496 0 1098 588 1183 711 704 885 1330 1367 1546 1402 318 354 1303
882 788 1053 855 2043 680 1201 923 1378 1776 922 1216 840 988 884 1308 291 807 977 1627 1068 1370 1088 1115 940 1491 1102 752 965 859 862 1260 790 1335 744 1481 1098 0 895 870 1018 1011 1191 1099 1054 506 1089 1303 781 990
372 495 543 345 1222 1517 691 1033 860 956 629 706 950 1098 994 486 763 917 1087 805 558 548 578 605 646 763 592 242 1075 969 972 750 496 825 854 773 588 895 0 980 244 195 370 1126 1164 1343 1199 793 271 1100
967 873 1138 940 2128 1492 1286 104 1463 1861 1007 1301 92 165 137 1393 737 110 154 1712 1153 1455 1173 1200 1025 1576 1187 837 142 112 114 1345 875 1420 168 1566 1183 870 980 0 1103 1096 1276 695 231 1318 266 1388 866 167
495 618 666 468 1127 1640 814 1157 766 862 752 829 1073 1221 1117 392 886 1040 1210 711 681 454 701 728 769 668 715 365 1198 1092 1095 873 619 830 977 679 711 1018 244 1103 0 101 275 1249 1287 1466 1322 829 394 1223
488 611 659 461 1079 1633 807 1150 717 813 745 822 1066 1214 1110 343 879 1033 1203 662 674 405 694 721 762 619 708 358 1191 1085 1088 832 612 781 970 630 704 1011 195 1096 101 0 227 1242 1280 1459 1315 780 387 1216
668 791 839 641 922 1813 718 1330 561 656 925 725 1246 1394 1291 187 1059 1213 1383 506 855 248 874 816 942 463 889 538 1371 1266 1268 675 792 625 1150 473 885 1191 370 1276 275 227 0 1423 1460 1639 1495 624 568 1396
1112 658 1283 1086 2274 1721 1431 749 1609 2006 684 1447 665 813 709 1539 966 632 802 1857 1299 1600 1319 1346 702 1722 1333 983 790 684 687 1490 707 1566 569 1711 1329 1099 1126 695 1249 1242 1422 0 879 1547 914 1534 1012 815
1150 1057 1321 1124 2312 1675 1469 173 1647 2044 1191 1485 238 153 217 1577 921 293 149 1895 1337 1638 1357 1384 1208 1760 1371 1021 178 245 222 1528 1058 1604 351 1749 1367 1054 1164 231 1287 1280 1460 879 0 1501 64 1572 1050 98
1329 1236 1501 1303 2491 202 1649 1371 1826 2223 1370 1664 1287 1435 1332 1756 700 1254 1424 2074 1516 1817 1536 1563 1387 1939 1550 1200 1412 1307 1309 1707 1237 1783 1192 1928 1546 506 1343 1318 1466 1459 1639 1547 1501 0 1537 1751 1229 1437
1186 1092 1357 1159 2347 1711 1505 208 1682 2080 1226 1520 273 123 253 1612 957 329 184 1931 1372 1674 1392 1419 1244 1795 1406 1056 148 281 257 1564 1094 1639 387 1785 1402 1089 1199 266 1322 1315 1495 914 64 1537 0 1607 1085 133
509 903 324 479 1062 1925 171 1442 335 521 1037 186 1358 1506 1403 464 1171 1325 1495 645 309 445 340 240 1054 237 327 572 1483 1378 1380 230 904 306 1262 248 318 1303 793 1388 829 780 624 1535 1572 1751 1607 0 559 1508
138 381 309 111 1420 1403 457 920 634 1032 515 472 836 984 880 684 649 803 973 1003 324 746 344 371 532 747 358 128 961 855 858 516 382 591 740 737 354 781 271 866 394 387 568 1012 1050 1229 1085 559 0 986
1086 993 1258 1060 2248 1611 1406 109 1583 1980 1127 1421 174 170 153 1513 857 229 159 1831 1273 1574 1293 1320 1144 1696 1307 957 147 182 158 1464 994 1540 287 1685 1303 990 1100 167 1223 1216 1396 815 98 1437 133 1508 986 0
EOF