NAME : tsp_problem
TYPE : TSP
DIMENSION : 62
EDGE_WEIGHT_TYPE : EXPLICIT
EDGE_WEIGHT_FORMAT : FULL_MATRIX
EDGE_WEIGHT_SECTION
0 736 1097 360 491 405 413 672 1386 966 1726 591 310 838 350 1309 454 1337 1240 556 717 582 428 1263 3267 694 1296 336 704 634 1345 1323 328 266 987 670 838 1284 649 282 896 1217 1203 972 708 765 1397 1374 419 705 1178 664 380 294 391 331 710 409 546 373 1568 1094
736 0 812 413 275 700 730 156 1679 1258 1442 523 532 770 916 1025 745 1053 955 488 650 515 714 979 3833 118 1012 747 108 161 1061 1039 748 832 703 1066 134 1000 154 848 1188 932 919 688 120 1001 1113 1090 684 156 894 1230 709 550 715 750 643 975 1112 384 1284 1386
1097 812 0 774 635 1061 1091 749 2039 1619 1399 884 893 1131 1277 254 1106 282 185 849 1011 876 1075 209 4194 771 241 1108 781 711 291 269 1109 1193 172 1427 914 229 726 1208 1549 162 149 645 785 1362 343 319 1045 782 124 1591 1070 911 1076 1111 1004 1336 1473 745 1241 1747
360 413 774 0 168 324 354 349 1423 1003 1403 268 156 515 540 986 370 1014 917 233 394 259 339 941 3458 371 973 371 381 311 1022 1000 373 457 665 811 515 961 326 472 933 894 880 649 385 746 1074 1051 309 382 855 854 334 175 339 375 387 599 737 128 1245 1131
491 275 635 168 0 455 485 211 1434 1014 1265 279 288 526 671 848 501 875 778 244 405 270 470 802 3589 233 835 502 243 173 884 862 504 588 526 822 376 823 188 603 944 755 742 511 247 757 936 913 440 244 717 986 465 306 470 506 398 730 868 139 1107 1142
405 700 1061 324 455 0 354 636 1327 906 1690 555 274 802 290 1273 394 1301 1204 520 681 546 369 1228 3208 658 1260 276 668 598 1309 1287 268 207 952 611 802 1248 613 222 837 1181 1168 936 672 706 1361 1338 360 669 1143 605 321 258 332 272 674 349 487 337 1532 1034
413 730 1091 354 485 354 0 666 1335 915 1720 585 304 832 299 1303 403 1331 1234 550 711 576 377 1258 3217 688 1290 285 698 628 1339 1318 277 216 982 619 832 1278 643 231 845 1211 1198 966 702 714 1391 1368 368 699 1173 613 329 288 340 280 704 358 496 367 1562 1043
672 156 749 349 211 636 666 0 1615 1194 1378 459 468 706 852 961 681 989 892 424 586 451 650 915 3769 135 948 683 145 97 997 975 684 769 639 1002 210 936 90 784 1125 869 855 624 149 937 1049 1026 621 146 830 1166 645 486 651 686 579 911 1048 320 1220 1322
1688 1981 2342 1726 1737 1629 1638 1917 0 765 2971 1531 1828 1255 1380 2554 1678 2582 2485 1629 1433 1504 1653 2509 3828 1939 2541 1560 1949 1879 2590 2569 1552 1463 2233 1058 2083 2529 1894 1469 842 2462 2449 2217 1953 1049 2642 2619 1643 1951 2424 1225 1604 1780 1615 1556 1385 1322 1218 1696 2813 636
966 1258 1619 1003 1014 906 915 1194 463 0 2249 808 1106 532 657 1831 956 1859 1762 906 711 781 930 1786 3105 1217 1819 837 1227 1157 1868 1846 829 740 1510 335 1360 1807 1172 747 120 1739 1726 1494 1231 327 1920 1896 921 1228 1701 502 882 1057 893 833 662 599 495 974 2091 171
1726 1442 1399 1403 1265 1690 1720 1378 2669 2249 0 1514 1522 1760 1906 1611 1736 1639 1542 1478 1640 1505 1704 1566 4823 1400 1599 1737 1410 1340 1648 1626 1738 1823 1290 2056 1544 1587 1355 1838 2179 1519 1506 874 1414 1991 1700 1676 1675 1411 1481 2220 1699 1541 1705 1741 1633 1965 2103 1374 184 2377
591 523 884 268 279 555 585 459 1228 808 1514 0 387 320 771 1096 601 1124 1027 343 247 317 569 1051 3386 482 1084 602 492 422 1133 1111 603 688 775 616 625 1072 437 703 738 1004 991 759 496 551 1185 1161 540 493 966 783 564 405 570 606 198 830 776 239 1356 936
310 532 893 156 288 274 304 468 1526 1106 1522 387 0 634 490 1105 319 1133 1036 352 513 379 288 1060 3407 490 1092 321 500 430 1141 1120 322 406 784 810 634 1080 445 421 1036 1013 1000 768 504 865 1193 1170 258 501 975 804 283 124 289 324 506 548 686 169 1364 1234
838 770 1131 515 526 802 832 706 952 532 1760 320 634 0 662 1343 847 1371 1274 418 222 293 816 1298 3110 728 1330 842 738 668 1380 1358 834 745 1022 340 872 1318 683 751 462 1251 1238 1006 742 275 1431 1408 786 740 1213 507 811 652 817 838 174 604 500 485 1602 660
350 916 1277 540 671 290 299 852 1077 657 1906 771 490 662 0 1489 340 1517 1420 736 840 762 314 1444 2958 874 1476 221 884 814 1525 1503 213 152 1168 361 1018 1464 829 167 587 1397 1384 1152 888 456 1577 1554 305 885 1359 355 266 441 277 217 792 294 259 553 1748 785
1309 1025 254 986 848 1273 1303 961 2252 1831 1611 1096 1105 1343 1489 0 1318 196 112 1061 1223 1088 1287 126 4406 983 159 1320 993 923 192 113 1321 1406 343 1639 1127 147 938 1421 1762 116 153 857 997 1574 122 98 1258 994 182 1803 1282 1123 1288 1324 1216 1548 1685 957 1454 1960
454 745 1106 370 501 394 403 681 1376 956 1736 601 319 847 340 1318 0 1346 1249 565 727 592 418 1273 3257 704 1306 325 714 644 1355 1333 318 256 997 660 847 1294 659 271 886 1226 1213 981 718 755 1407 1383 409 715 1188 654 370 304 381 321 720 399 536 382 1578 1084
1337 1053 282 1014 875 1301 1331 989 2280 1859 1639 1124 1133 1371 1517 196 1346 0 140 1089 1251 1116 1315 103 4434 1011 187 1348 1021 951 78 191 1349 1433 371 1667 1154 73 966 1448 1789 143 181 885 1025 1602 104 118 1285 1022 209 1831 1310 1151 1316 1351 1244 1576 1713 985 1481 1987
1240 955 185 917 778 1204 1234 892 2182 1762 1542 1027 1036 1274 1420 112 1249 140 0 992 1154 1019 1218 67 4337 914 99 1251 924 854 148 126 1252 1336 274 1570 1057 87 869 1351 1692 56 93 788 928 1505 200 177 1188 925 122 1734 1213 1054 1219 1254 1147 1478 1616 887 1384 1890
556 488 849 233 244 520 550 424 1326 906 1478 343 352 418 736 1061 565 1089 992 0 345 335 534 1016 3484 446 1049 567 456 387 1098 1076 568 652 740 714 590 1037 402 668 836 969 956 724 460 649 1150 1126 505 458 931 881 529 370 535 570 296 795 874 204 1321 1034
717 650 1011 394 405 681 711 586 1131 711 1640 247 513 222 840 1223 727 1251 1154 345 0 220 696 1177 3289 608 1210 728 618 548 1259 1237 730 814 901 519 752 1198 563 829 641 1131 1117 886 622 454 1311 1288 666 619 1092 685 691 532 696 732 101 782 679 365 1482 839
582 515 876 259 270 546 576 451 1201 781 1505 317 379 293 762 1088 592 1116 1019 335 220 0 561 1042 3359 473 1075 593 483 413 1124 1102 595 679 767 589 617 1063 428 694 711 996 982 751 487 524 1176 1153 531 484 957 756 556 397 561 597 171 821 749 230 1347 909
428 714 1075 339 470 369 377 650 1350 930 1704 569 288 816 314 1287 418 1315 1218 534 696 561 0 1242 3231 672 1275 300 683 613 1324 1302 292 231 966 634 816 1263 628 246 860 1195 1182 950 686 729 1376 1352 383 684 1157 628 344 273 355 295 689 373 511 351 1547 1058
1263 979 209 941 802 1228 1258 915 2206 1786 1566 1051 1060 1298 1444 126 1273 103 67 1016 1177 1042 1242 0 4361 938 114 1275 948 878 112 141 1276 1360 298 1594 1081 51 893 1375 1716 70 108 812 952 1529 189 191 1212 949 136 1758 1237 1078 1242 1278 1170 1502 1640 911 1408 1914
3267 3833 4194 3458 3589 3208 3217 3769 3525 3105 4823 3386 3407 3110 2958 4406 3257 4434 4337 3484 3289 3359 3231 4361 0 3791 4393 3139 3801 3732 4443 4421 3131 3041 4085 2809 3935 4381 3747 3048 3035 4314 4301 4069 3805 2904 4495 4471 3222 3803 4276 2629 3183 3359 3194 3134 3240 2901 2797 3470 4666 3233
694 118 771 371 233 658 688 135 1637 1217 1400 482 490 728 874 983 704 1011 914 446 608 473 672 938 3791 0 970 705 145 119 1019 997 706 791 662 1024 171 958 112 806 1147 891 877 646 157 959 1071 1048 643 168 853 1188 667 509 673 709 601 933 1071 342 1242 1345
1296 1012 241 973 835 1260 1290 948 2239 1819 1599 1084 1092 1330 1476 159 1306 187 99 1049 1210 1075 1275 114 4393 970 0 1307 980 910 195 164 1309 1393 331 1627 1114 134 925 1408 1749 103 140 844 984 1562 173 150 1245 981 169 1790 1269 1111 1275 1311 1203 1535 1673 944 1441 1947
336 747 1108 371 502 276 285 683 1258 837 1737 602 321 842 221 1320 325 1348 1251 567 728 593 300 1275 3139 705 1307 0 715 645 1356 1335 199 138 999 542 849 1295 660 153 768 1228 1215 983 719 637 1408 1385 291 716 1190 536 252 305 263 203 721 280 418 384 1579 965
704 108 781 381 243 668 698 145 1647 1227 1410 492 500 738 884 993 714 1021 924 456 618 483 683 948 3801 145 980 715 0 129 1029 1007 717 801 672 1035 161 968 122 816 1157 901 888 656 147 969 1081 1058 653 178 863 1198 677 519 683 719 611 943 1081 352 1252 1355
634 161 711 311 173 598 628 97 1577 1157 1340 422 430 668 814 923 644 951 854 387 548 413 613 878 3732 119 910 645 129 0 960 938 647 731 602 965 263 898 74 746 1087 831 818 586 133 900 1011 988 583 131 793 1128 608 449 613 649 541 873 1011 282 1182 1285
1345 1061 291 1022 884 1309 1339 997 2288 1868 1648 1133 1141 1380 1525 192 1355 78 148 1098 1259 1124 1324 112 4443 1019 195 1356 1029 960 0 186 1358 1442 380 1676 1163 82 975 1457 1798 152 190 894 1033 1611 99 113 1294 1031 218 1840 1319 1160 1324 1360 1252 1584 1722 993 1490 1996
1323 1039 269 1000 862 1287 1318 975 2266 1846 1626 1111 1120 1358 1503 113 1333 191 126 1076 1237 1102 1302 141 4421 997 164 1335 1007 938 186 0 1336 1420 358 1654 1141 162 953 1435 1776 130 168 872 1011 1589 116 93 1272 1009 196 1818 1297 1138 1302 1338 1230 1562 1700 971 1468 1974
328 748 1109 373 504 268 277 684 1250 829 1738 603 322 834 213 1321 318 1349 1252 568 730 595 292 1276 3131 706 1309 199 717 647 1358 1336 0 130 1000 534 850 1297 662 145 760 1229 1216 984 720 629 1410 1386 283 718 1191 528 244 307 255 195 723 272 410 385 1581 957
266 832 1193 457 588 207 216 769 1160 740 1823 688 406 745 152 1406 256 1433 1336 652 814 679 231 1360 3041 791 1393 138 801 731 1442 1420 130 0 1084 444 934 1381 746 84 670 1313 1300 1068 805 539 1494 1470 222 802 1275 438 183 358 193 134 807 211 342 469 1665 868
987 703 172 665 526 952 982 639 1930 1510 1290 775 784 1022 1168 343 997 371 274 740 901 767 966 298 4085 662 331 999 672 602 380 358 1000 1084 0 1318 805 319 617 1099 1440 251 238 536 676 1253 432 408 936 673 213 1482 961 802 966 1002 895 1226 1364 635 1132 1638
670 1066 1427 811 822 611 619 1002 756 335 2056 616 810 340 361 1639 660 1667 1570 714 519 589 634 1594 2809 1024 1627 542 1035 965 1676 1654 534 444 1318 0 1168 1615 980 451 265 1547 1534 1302 1038 135 1728 1704 625 1036 1509 206 586 761 597 537 470 303 199 782 1899 463
838 134 914 515 376 802 832 210 1781 1360 1544 625 634 872 1018 1127 847 1154 1057 590 752 617 816 1081 3935 171 1114 849 161 263 1163 1141 850 934 805 1168 0 1102 228 949 1290 1034 1021 790 173 1103 1215 1192 786 210 996 1332 811 652 817 852 745 1077 1214 486 1386 1488
1284 1000 229 961 823 1248 1278 936 2227 1807 1587 1072 1080 1318 1464 147 1294 73 87 1037 1198 1063 1263 51 4381 958 134 1295 968 898 82 162 1297 1381 319 1615 1102 0 913 1396 1737 91 128 832 972 1550 159 173 1233 969 157 1778 1257 1099 1263 1299 1191 1523 1661 932 1429 1935
649 154 726 326 188 613 643 90 1592 1172 1355 437 445 683 829 938 659 966 869 402 563 428 628 893 3747 112 925 660 122 74 975 953 662 746 617 980 228 913 0 761 1102 846 833 601 126 915 1026 1003 598 123 808 1143 623 464 628 664 556 888 1026 297 1197 1300
282 848 1208 472 603 222 231 784 1167 747 1838 703 421 751 167 1421 271 1448 1351 668 829 694 246 1375 3048 806 1408 153 816 746 1457 1435 145 84 1099 451 949 1396 761 0 677 1328 1315 1084 820 546 1509 1486 237 817 1290 445 198 373 209 149 822 226 349 485 1680 875
896 1188 1549 933 944 837 845 1125 540 120 2179 738 1036 462 587 1762 886 1789 1692 836 641 711 860 1716 3035 1147 1749 768 1157 1087 1798 1776 760 670 1440 265 1290 1737 1102 677 0 1669 1656 1424 1161 257 1850 1826 851 1158 1631 432 812 987 823 763 592 529 425 904 2021 248
1217 932 162 894 755 1181 1211 869 2159 1739 1519 1004 1013 1251 1397 116 1226 143 56 969 1131 996 1195 70 4314 891 103 1228 901 831 152 130 1229 1313 251 1547 1034 91 846 1328 1669 0 97 765 905 1482 204 180 1165 902 125 1711 1190 1031 1196 1231 1124 1455 1593 864 1361 1867
1203 919 149 880 742 1168 1198 855 2146 1726 1506 991 1000 1238 1384 153 1213 181 93 956 1117 982 1182 108 4301 877 140 1215 888 818 190 168 1216 1300 238 1534 1021 128 833 1315 1656 97 0 752 891 1469 241 218 1152 889 126 1698 1177 1018 1182 1218 1110 1442 1580 851 1348 1854
972 688 645 649 511 936 966 624 1915 1494 874 759 768 1006 1152 857 981 885 788 724 886 751 950 812 4069 646 844 983 656 586 894 872 984 1068 536 1302 790 832 601 1084 1424 765 752 0 660 1237 945 922 920 657 727 1466 945 786 951 986 879 1211 1348 620 716 1622
708 120 785 385 247 672 702 149 1651 1231 1414 496 504 742 888 997 718 1025 928 460 622 487 686 952 3805 157 984 719 147 133 1033 1011 720 805 676 1038 173 972 126 820 1161 905 891 660 0 973 1085 1062 657 182 866 1202 681 522 687 723 615 947 1084 356 1256 1359
765 1001 1362 746 757 706 714 937 747 327 1991 551 865 275 456 1574 755 1602 1505 649 454 524 729 1529 2904 959 1562 637 969 900 1611 1589 629 539 1253 135 1103 1550 915 546 257 1482 1469 1237 973 0 1663 1639 720 971 1444 301 681 856 692 632 405 398 294 717 1834 455
1397 1113 343 1074 936 1361 1391 1049 2340 1920 1700 1185 1193 1431 1577 122 1407 104 200 1150 1311 1176 1376 189 4495 1071 173 1408 1081 1011 99 116 1410 1494 432 1728 1215 159 1026 1509 1850 204 241 945 1085 1663 0 54 1346 1083 270 1891 1371 1212 1376 1412 1304 1636 1774 1045 1542 2048
1374 1090 319 1051 913 1338 1368 1026 2317 1896 1676 1161 1170 1408 1554 98 1383 118 177 1126 1288 1153 1352 191 4471 1048 150 1385 1058 988 113 93 1386 1470 408 1704 1192 173 1003 1486 1826 180 218 922 1062 1639 54 0 1322 1059 246 1868 1347 1188 1353 1388 1281 1613 1750 1022 1518 2024
419 684 1045 309 440 360 368 621 1341 921 1675 540 258 786 305 1258 409 1285 1188 505 666 531 383 1212 3222 643 1245 291 653 583 1294 1272 283 222 936 625 786 1233 598 237 851 1165 1152 920 657 720 1346 1322 0 654 1127 619 335 243 346 286 659 364 501 321 1517 1049
705 156 782 382 244 669 699 146 1648 1228 1411 493 501 740 885 994 715 1022 925 458 619 484 684 949 3803 168 981 716 178 131 1031 1009 718 802 673 1036 210 969 123 817 1158 902 889 657 182 971 1083 1059 654 0 864 1200 679 520 684 720 612 944 1082 353 1254 1356
1178 894 124 855 717 1143 1173 830 2121 1701 1481 966 975 1213 1359 182 1188 209 122 931 1092 957 1157 136 4276 853 169 1190 863 793 218 196 1191 1275 213 1509 996 157 808 1290 1631 125 126 727 866 1444 270 246 1127 864 0 1673 1152 993 1157 1193 1085 1417 1555 826 1323 1829
664 1230 1591 854 986 605 613 1166 922 502 2220 783 804 507 355 1803 654 1831 1734 881 685 756 628 1758 2629 1188 1790 536 1198 1128 1840 1818 528 438 1482 206 1332 1778 1143 445 432 1711 1698 1466 1202 301 1891 1868 619 1200 1673 0 580 756 591 531 637 297 194 867 2062 630
380 709 1070 334 465 321 329 645 1302 882 1699 564 283 811 266 1282 370 1310 1213 529 691 556 344 1237 3183 667 1269 252 677 608 1319 1297 244 183 961 586 811 1257 623 198 812 1190 1177 945 681 681 1371 1347 335 679 1152 580 0 267 307 247 684 325 462 346 1542 1010
294 550 911 175 306 258 288 486 1477 1057 1541 405 124 652 441 1123 304 1151 1054 370 532 397 273 1078 3359 509 1111 305 519 449 1160 1138 307 358 802 761 652 1099 464 373 987 1031 1018 786 522 856 1212 1188 243 520 993 756 267 0 273 309 525 500 638 187 1383 1185
391 715 1076 339 470 332 340 651 1313 893 1705 570 289 817 277 1288 381 1316 1219 535 696 561 355 1242 3194 673 1275 263 683 613 1324 1302 255 193 966 597 817 1263 628 209 823 1196 1182 951 687 692 1376 1353 346 684 1157 591 307 273 0 258 689 336 473 352 1547 1021
331 750 1111 375 506 272 280 686 1253 833 1741 606 324 838 217 1324 321 1351 1254 570 732 597 295 1278 3134 709 1311 203 719 649 1360 1338 195 134 1002 537 852 1299 664 149 763 1231 1218 986 723 632 1412 1388 286 720 1193 531 247 309 258 0 725 276 414 387 1583 961
710 643 1004 387 398 674 704 579 1082 662 1633 198 506 174 792 1216 720 1244 1147 296 101 171 689 1170 3240 601 1203 721 611 541 1252 1230 723 807 895 470 745 1191 556 822 592 1124 1110 879 615 405 1304 1281 659 612 1085 637 684 525 689 725 0 734 630 358 1475 790
409 975 1336 599 730 349 358 911 1019 599 1965 830 548 604 294 1548 399 1576 1478 795 782 821 373 1502 2901 933 1535 280 943 873 1584 1562 272 211 1226 303 1077 1523 888 226 529 1455 1442 1211 947 398 1636 1613 364 944 1417 297 325 500 336 276 734 0 202 612 1807 727
546 1112 1473 737 868 487 496 1048 915 495 2103 776 686 500 259 1685 536 1713 1616 874 679 749 511 1640 2797 1071 1673 418 1081 1011 1722 1700 410 342 1364 199 1214 1661 1026 349 425 1593 1580 1348 1084 294 1774 1750 501 1082 1555 194 462 638 473 414 630 202 0 749 1945 623
373 384 745 128 139 337 367 320 1394 974 1374 239 169 485 553 957 382 985 887 204 365 230 351 911 3470 342 944 384 352 282 993 971 385 469 635 782 486 932 297 485 904 864 851 620 356 717 1045 1022 321 353 826 867 346 187 352 387 358 612 749 0 1216 1102
1568 1284 1241 1245 1107 1532 1562 1220 2511 2091 184 1356 1364 1602 1748 1454 1578 1481 1384 1321 1482 1347 1547 1408 4666 1242 1441 1579 1252 1182 1490 1468 1581 1665 1132 1899 1386 1429 1197 1680 2021 1361 1348 716 1256 1834 1542 1518 1517 1254 1323 2062 1542 1383 1547 1583 1475 1807 1945 1216 0 2219
1094 1386 1747 1131 1142 1034 1043 1322 333 171 2377 936 1234 660 785 1960 1084 1987 1890 1034 839 909 1058 1914 3233 1345 1947 965 1355 1285 1996 1974 957 868 1638 463 1488 1935 1300 875 248 1867 1854 1622 1359 455 2048 2024 1049 1356 1829 630 1010 1185 1021 961 790 727 623 1102 2219 0
EOF