NAME : tsp_problem
TYPE : TSP
DIMENSION : 68
EDGE_WEIGHT_TYPE : EXPLICIT
EDGE_WEIGHT_FORMAT : FULL_MATRIX
EDGE_WEIGHT_SECTION
0 1161 923 437 566 703 610 437 991 1485 601 1094 884 1084 620 936 609 1004 1069 892 403 828 759 198 805 1124 959 343 564 802 523 783 587 1004 505 599 616 1051 203 596 493 342 1076 1116 560 815 725 733 1063 489 314 875 1185 1068 1163 364 1514 808 1002 517 1133 268 602 1117 418 1030 875 642
1161 0 256 1003 1348 1486 1393 1220 218 1647 1383 148 319 150 1186 2024 1392 2090 1231 1055 1491 1610 922 1281 405 118 2045 1126 1347 1887 1090 1868 632 180 1287 1382 1704 191 986 1379 1059 1125 167 131 1343 489 1811 466 1226 1578 1160 309 55 185 53 1452 1676 1896 183 1083 113 1051 1385 873 1506 174 549 1208
923 256 0 765 1110 1247 1155 981 86 1409 1145 189 81 178 948 1786 1153 1852 993 816 1253 1372 684 1042 166 219 1807 888 1109 1649 851 1630 393 99 1049 1144 1466 146 748 1141 821 886 171 211 1105 251 1572 228 988 1339 921 71 280 163 257 1214 1438 1658 97 845 228 813 1147 635 1268 125 310 970
437 1003 765 0 624 761 669 495 833 1326 659 936 726 925 223 1300 667 1365 910 733 767 886 601 556 646 966 1321 402 623 1162 154 1143 428 846 563 657 980 893 262 654 123 400 917 958 618 657 1086 575 905 853 435 716 1027 910 1004 728 1355 1172 844 148 975 326 660 720 782 872 717 245
566 1348 1110 624 0 238 400 300 1178 1672 410 1282 1071 1271 807 1050 283 842 1256 1079 847 363 946 685 992 1311 798 531 337 639 710 621 774 1191 368 394 627 1238 390 415 680 255 1263 1303 370 1003 563 920 1250 741 564 1062 1373 1255 1350 857 1701 922 1190 704 1320 335 292 1304 837 1217 1062 829
703 1486 1247 761 238 0 261 326 1315 1809 271 1419 1208 1408 944 875 144 667 1393 1216 672 224 1084 822 1129 1448 622 668 198 464 848 445 911 1328 252 255 451 1375 528 276 817 392 1400 1440 231 1140 387 1057 1387 565 701 1199 1510 1392 1487 688 1838 747 1327 841 1457 472 153 1441 662 1354 1199 966
610 1393 1155 669 400 261 0 345 1223 1717 433 1326 1116 1316 852 1073 306 865 1301 1124 870 386 991 730 1037 1356 821 575 359 662 755 643 819 1236 413 417 649 1283 435 438 725 299 1308 1348 392 1047 586 965 1295 764 609 1107 1417 1300 1395 887 1746 945 1234 749 1365 380 315 1349 860 1262 1107 874
437 1220 981 495 300 326 345 0 1049 1543 335 1153 943 1142 678 1138 343 930 1127 950 767 450 818 556 863 1183 885 402 299 727 582 708 645 1062 239 333 714 1109 262 331 551 126 1134 1174 295 874 651 791 1121 828 435 933 1244 1126 1221 728 1572 1010 1061 575 1191 206 337 1175 782 1088 933 700
991 218 86 833 1178 1315 1223 1049 0 1477 1213 151 149 140 1016 1854 1221 1920 1061 884 1321 1440 752 1110 234 181 1875 956 1177 1717 919 1698 461 97 1117 1211 1534 108 816 1209 889 954 133 173 1173 319 1640 296 1056 1407 989 139 242 125 219 1282 1506 1726 99 913 190 880 1215 703 1336 91 378 1038
1485 1647 1409 1326 1672 1809 1717 1543 1477 0 1707 1581 1370 1570 1510 2348 1715 2413 468 651 1815 1934 845 1604 1291 1610 2369 1450 1671 2210 1413 2191 1073 1490 1611 1705 2028 1537 1310 1702 1383 1448 1562 1602 1666 1302 2134 1219 582 1901 1483 1361 1672 1554 1649 1776 54 2220 1489 1407 1619 1374 1708 1685 1830 1516 1361 1531
601 1383 1145 659 410 271 433 335 1213 1707 0 1316 1106 1306 842 1084 317 876 1291 1114 881 396 981 720 1027 1346 831 565 370 673 745 654 809 1226 403 427 660 1273 425 448 715 289 1298 1338 403 1038 596 955 1285 774 599 1097 1407 1290 1385 892 1736 956 1224 739 1355 370 325 1339 871 1252 1097 864
1094 148 189 936 1282 1419 1326 1153 151 1581 1316 0 252 157 1119 1957 1325 2023 1165 988 1424 1543 855 1214 338 95 1978 1059 1280 1820 1023 1801 565 114 1221 1315 1637 73 919 1312 992 1058 46 86 1276 422 1744 399 1159 1511 1093 242 134 56 181 1386 1609 1829 116 1017 103 984 1318 806 1439 107 482 1141
884 319 81 726 1071 1208 1116 943 149 1370 1106 252 0 241 909 1747 1114 1813 954 777 1214 1333 645 1004 184 282 1768 849 1070 1610 812 1591 355 162 1010 1105 1427 209 709 1102 782 847 234 274 1066 212 1533 189 949 1300 883 89 343 226 320 1175 1399 1619 160 806 291 774 1108 596 1229 188 272 931
1084 150 178 925 1271 1408 1316 1142 140 1570 1306 157 241 0 1109 1947 1314 2012 1154 977 1413 1533 844 1203 327 187 1968 1049 1269 1809 1012 1790 554 103 1210 1304 1627 114 908 1301 981 1047 138 179 1265 412 1733 388 1148 1500 1082 231 174 131 151 1375 1599 1819 105 1006 195 973 1307 796 1429 96 471 1130
620 1186 948 223 807 944 852 678 1016 1510 842 1119 909 1109 0 1483 850 1549 1094 917 950 1069 784 739 830 1149 1504 585 806 1346 129 1327 612 1029 746 840 1163 1076 445 838 204 583 1101 1141 802 726 1269 758 1088 1036 618 900 1210 1093 1188 911 1538 1355 1027 138 1158 509 844 674 965 1055 688 40
936 2024 1786 1300 1050 875 1073 1138 1854 2348 1084 1957 1747 1947 1483 0 957 436 1932 1755 581 732 1622 790 1668 1987 391 1034 1010 649 1386 630 1450 1867 1064 1067 463 1914 1064 1088 1356 1204 1939 1979 1043 1679 573 1596 1926 474 906 1738 2049 1931 2026 597 2377 171 1865 1380 1996 1131 965 1980 571 1893 1738 1505
609 1392 1153 667 283 144 306 343 1221 1715 317 1325 1114 1314 850 957 0 749 1299 1122 754 269 990 728 1035 1354 704 574 243 546 754 527 817 1234 297 300 533 1281 433 321 723 298 1306 1346 276 1046 469 963 1293 647 607 1105 1416 1298 1393 770 1744 829 1233 747 1363 378 198 1347 744 1260 1105 872
1004 2090 1852 1365 842 667 865 930 1920 2413 876 2023 1813 2012 1549 436 749 0 1997 1820 648 524 1688 858 1733 2053 113 1102 802 441 1452 422 1515 1933 856 859 428 1980 1132 880 1421 996 2004 2045 835 1744 365 1662 1992 541 973 1803 2114 1997 2091 664 2442 308 1931 1446 2061 1076 758 2045 638 1959 1803 1570
1069 1231 993 910 1256 1393 1301 1127 1061 468 1291 1165 954 1154 1094 1932 1299 1997 0 235 1399 1518 430 1188 875 1194 1953 1034 1255 1794 997 1776 657 1074 1195 1289 1612 1121 894 1286 967 1032 1146 1186 1250 886 1718 803 166 1485 1067 945 1256 1138 1233 1360 497 1804 1073 991 1203 958 1292 1270 1414 1100 945 1115
892 1055 816 733 1079 1216 1124 950 884 651 1114 988 777 977 917 1755 1122 1820 235 0 1222 1341 291 1011 698 1017 1776 857 1078 1617 820 1599 480 897 1018 1112 1435 944 717 1109 790 855 969 1009 1073 709 1541 626 229 1308 890 768 1079 961 1056 1183 680 1627 896 814 1026 781 1115 1093 1237 923 768 939
403 1491 1253 767 847 672 870 767 1321 1815 881 1424 1214 1413 950 581 754 648 1399 1222 0 530 1089 257 1135 1454 603 501 807 446 853 427 917 1334 834 864 261 1381 531 885 823 672 1406 1446 840 1145 370 1063 1393 198 372 1204 1515 1398 1492 73 1843 453 1332 847 1463 598 763 1447 127 1360 1205 972
828 1610 1372 886 363 224 386 450 1440 1934 396 1543 1333 1533 1069 732 269 524 1518 1341 530 0 1208 739 1254 1573 480 792 322 321 972 303 1036 1453 377 380 309 1500 652 401 942 516 1525 1565 356 1265 245 1182 1512 423 826 1324 1635 1517 1612 546 1963 604 1451 966 1582 597 278 1566 519 1479 1324 1091
759 922 684 601 946 1084 991 818 752 845 981 855 645 844 784 1622 990 1688 430 291 1089 1208 0 879 565 885 1643 724 945 1485 688 1466 347 765 885 980 1302 812 584 977 657 723 837 877 941 576 1409 494 424 1176 758 635 946 829 923 1051 874 1494 763 681 894 649 983 960 1104 791 636 806
198 1281 1042 556 685 822 730 556 1110 1604 720 1214 1004 1203 739 790 728 858 1188 1011 257 739 879 0 924 1244 813 296 684 656 643 637 706 1124 624 718 470 1170 323 716 612 461 1195 1235 679 935 579 852 1182 343 168 994 1305 1187 1282 218 1633 662 1122 637 1252 387 721 1236 272 1150 994 761
805 405 166 646 992 1129 1037 863 234 1291 1027 338 184 327 830 1668 1035 1733 875 698 1135 1254 565 924 0 368 1689 770 991 1530 733 1511 275 248 931 1025 1348 294 630 1022 703 768 319 359 986 133 1454 109 869 1221 803 174 429 311 406 1096 1320 1540 246 727 376 694 1028 517 1150 274 192 851
1124 118 219 966 1311 1448 1356 1183 181 1610 1346 95 282 187 1149 1987 1354 2053 1194 1017 1454 1573 885 1244 368 0 2008 1089 1310 1850 1053 1831 595 143 1250 1345 1667 103 949 1342 1022 1087 76 95 1306 452 1773 429 1189 1541 1123 272 104 86 151 1415 1639 1859 146 1046 78 1014 1348 836 1469 137 512 1171
959 2045 1807 1321 798 622 821 885 1875 2369 831 1978 1768 1968 1504 391 704 113 1953 1776 603 480 1643 813 1689 2008 0 1057 757 397 1407 378 1471 1888 812 815 384 1935 1087 836 1377 951 1960 2000 790 1699 320 1617 1947 497 929 1759 2069 1952 2047 620 2398 263 1886 1401 2017 1032 713 2001 593 1914 1759 1526
343 1126 888 402 531 668 575 402 956 1450 565 1059 849 1049 585 1034 574 1102 1034 857 501 792 724 296 770 1089 1057 0 529 900 488 881 552 969 469 564 714 1016 168 561 458 307 1041 1081 525 780 823 698 1028 587 342 840 1150 1033 1127 462 1478 906 967 482 1098 233 567 1082 516 995 840 607
564 1347 1109 623 337 198 359 299 1177 1671 370 1280 1070 1269 806 1010 243 802 1255 1078 807 322 945 684 991 1310 757 529 0 599 709 580 773 1190 350 353 586 1237 389 374 679 253 1262 1302 329 1001 523 919 1249 700 563 1060 1371 1254 1348 823 1699 882 1188 703 1319 334 252 1303 797 1216 1061 828
802 1887 1649 1162 639 464 662 727 1717 2210 673 1820 1610 1809 1346 649 546 441 1794 1617 446 321 1485 656 1530 1850 397 900 599 0 1249 88 1312 1730 653 656 225 1777 929 677 1219 793 1801 1842 632 1541 145 1459 1789 339 771 1600 1911 1794 1888 463 2239 521 1728 1243 1858 873 555 1842 436 1756 1600 1367
523 1090 851 154 710 848 755 582 919 1413 745 1023 812 1012 129 1386 754 1452 997 820 853 972 688 643 733 1053 1407 488 709 1249 0 1230 515 932 649 744 1066 979 348 741 156 487 1004 1044 705 678 1173 661 991 940 522 803 1114 996 1091 815 1442 1258 931 90 1061 413 747 625 868 958 640 150
783 1868 1630 1143 621 445 643 708 1698 2191 654 1801 1591 1790 1327 630 527 422 1776 1599 427 303 1466 637 1511 1831 378 881 580 88 1230 0 1293 1711 634 637 206 1758 910 658 1200 774 1783 1823 613 1522 143 1440 1770 321 752 1581 1892 1775 1869 444 2220 502 1709 1224 1840 854 536 1823 417 1737 1582 1348
587 632 393 428 774 911 819 645 461 1073 809 565 355 554 612 1450 817 1515 657 480 917 1036 347 706 275 595 1471 552 773 1312 515 1293 0 475 713 807 1130 521 412 804 485 550 546 586 768 286 1236 203 651 1003 585 345 656 538 633 878 1102 1322 473 509 603 476 810 670 932 501 345 633
1004 180 99 846 1191 1328 1236 1062 97 1490 1226 114 162 103 1029 1867 1234 1933 1074 897 1334 1453 765 1124 248 143 1888 969 1190 1730 932 1711 475 0 1130 1225 1547 70 829 1222 902 967 95 135 1186 332 1653 309 1069 1420 1002 152 205 87 182 1295 1519 1739 62 926 152 894 1228 716 1349 53 392 1051
505 1287 1049 563 368 252 413 239 1117 1611 403 1221 1010 1210 746 1064 297 856 1195 1018 834 377 885 624 931 1250 812 469 350 653 649 634 713 1130 0 401 640 1177 329 398 619 193 1202 1242 362 942 577 859 1189 755 503 1001 1312 1194 1289 796 1640 936 1129 643 1259 274 306 1243 850 1156 1001 768
599 1382 1144 657 394 255 417 333 1211 1705 427 1315 1105 1304 840 1067 300 859 1289 1112 864 380 980 718 1025 1345 815 564 353 656 744 637 807 1225 401 0 643 1272 424 432 713 288 1296 1336 386 1036 580 954 1284 758 597 1095 1406 1288 1383 881 1734 939 1223 738 1353 368 309 1337 854 1251 1095 862
616 1704 1466 980 627 451 649 714 1534 2028 660 1637 1427 1627 1163 463 533 428 1612 1435 261 309 1302 470 1348 1667 384 714 586 225 1066 206 1130 1547 640 643 0 1594 744 664 1036 780 1619 1659 619 1358 149 1276 1606 154 586 1418 1728 1611 1706 277 2056 335 1545 1060 1676 811 542 1660 250 1573 1418 1185
1051 191 146 893 1238 1375 1283 1109 108 1537 1273 73 209 114 1076 1914 1281 1980 1121 944 1381 1500 812 1170 294 103 1935 1016 1237 1777 979 1758 521 70 1177 1272 1594 0 876 1269 949 1014 55 95 1233 379 1700 356 1116 1467 1049 199 189 47 193 1342 1566 1786 72 973 112 941 1275 763 1396 64 439 1098
203 986 748 262 390 528 435 262 816 1310 425 919 709 908 445 1064 433 1132 894 717 531 652 584 323 630 949 1087 168 389 929 348 910 412 829 329 424 744 876 0 421 318 167 901 941 385 640 853 558 888 617 202 699 1010 893 987 492 1338 936 827 342 958 93 427 942 546 855 700 467
596 1379 1141 654 415 276 438 331 1209 1702 448 1312 1102 1301 838 1088 321 880 1286 1109 885 401 977 716 1022 1342 836 561 374 677 741 658 804 1222 398 432 664 1269 421 0 711 285 1294 1334 407 1033 601 951 1281 778 594 1092 1403 1286 1380 887 1731 960 1220 735 1351 365 330 1334 875 1248 1093 859
493 1059 821 123 680 817 725 551 889 1383 715 992 782 981 204 1356 723 1421 967 790 823 942 657 612 703 1022 1377 458 679 1219 156 1200 485 902 619 713 1036 949 318 711 0 456 974 1014 674 713 1142 631 961 909 491 772 1083 966 1060 784 1411 1228 900 166 1031 382 716 701 838 928 715 226
342 1125 886 400 255 392 299 126 954 1448 289 1058 847 1047 583 1204 298 996 1032 855 672 516 723 461 768 1087 951 307 253 793 487 774 550 967 193 288 780 1014 167 285 456 0 1039 1079 249 779 717 696 1026 758 340 838 1149 1031 1126 633 1477 1076 966 480 1096 111 291 1080 687 993 838 605
1076 167 171 917 1263 1400 1308 1134 133 1562 1298 46 234 138 1101 1939 1306 2004 1146 969 1406 1525 837 1195 319 76 1960 1041 1262 1801 1004 1783 546 95 1202 1296 1619 55 901 1294 974 1039 0 68 1257 404 1725 380 1140 1492 1074 223 153 37 200 1367 1591 1811 97 998 85 965 1299 788 1421 88 463 1123
1116 131 211 958 1303 1440 1348 1174 173 1602 1338 86 274 179 1141 1979 1346 2045 1186 1009 1446 1565 877 1235 359 95 2000 1081 1302 1842 1044 1823 586 135 1242 1336 1659 95 941 1334 1014 1079 68 0 1298 444 1765 421 1181 1532 1114 264 116 78 163 1407 1631 1851 137 1038 91 1005 1340 828 1461 129 503 1163
560 1343 1105 618 370 231 392 295 1173 1666 403 1276 1066 1265 802 1043 276 835 1250 1073 840 356 941 679 986 1306 790 525 329 632 705 613 768 1186 362 386 619 1233 385 407 674 249 1257 1298 0 997 556 915 1245 733 558 1056 1367 1250 1344 851 1695 915 1184 699 1314 329 285 1298 830 1212 1056 823
815 489 251 657 1003 1140 1047 874 319 1302 1038 422 212 412 726 1679 1046 1744 886 709 1145 1265 576 935 133 452 1699 780 1001 1541 677 1522 286 332 942 1036 1358 379 640 1033 713 779 404 444 997 0 1465 120 880 1232 814 203 513 396 491 1107 1330 1551 330 687 461 705 1039 409 1160 358 85 747
725 1811 1572 1086 563 387 586 651 1640 2134 596 1744 1533 1733 1269 573 469 365 1718 1541 370 245 1409 579 1454 1773 320 823 523 145 1173 143 1236 1653 577 580 149 1700 853 601 1142 717 1725 1765 556 1465 0 1382 1712 263 695 1524 1835 1717 1812 386 2163 445 1652 1166 1782 797 478 1766 360 1679 1524 1291
733 466 228 575 920 1057 965 791 296 1219 955 399 189 388 758 1596 963 1662 803 626 1063 1182 494 852 109 429 1617 698 919 1459 661 1440 203 309 859 954 1276 356 558 951 631 696 380 421 915 120 1382 0 798 1149 731 179 490 372 467 1024 1248 1468 307 655 437 623 957 504 1078 335 179 780
1063 1226 988 905 1250 1387 1295 1121 1056 582 1285 1159 949 1148 1088 1926 1293 1992 166 229 1393 1512 424 1182 869 1189 1947 1028 1249 1789 991 1770 651 1069 1189 1284 1606 1116 888 1281 961 1026 1140 1181 1245 880 1712 798 0 1479 1061 939 1250 1132 1227 1354 610 1798 1067 985 1197 953 1287 1264 1408 1095 939 1110
489 1578 1339 853 741 565 764 828 1407 1901 774 1511 1300 1500 1036 474 647 541 1485 1308 198 423 1176 343 1221 1541 497 587 700 339 940 321 1003 1420 755 758 154 1467 617 778 909 758 1492 1532 733 1232 263 1149 1479 0 459 1291 1602 1484 1579 160 1930 346 1419 933 1549 684 656 1533 213 1446 1291 1058
314 1160 921 435 564 701 609 435 989 1483 599 1093 883 1082 618 906 607 973 1067 890 372 826 758 168 803 1123 929 342 563 771 522 752 585 1002 503 597 586 1049 202 594 491 340 1074 1114 558 814 695 731 1061 459 0 873 1184 1066 1161 334 1512 778 1001 515 1131 266 600 1115 388 1028 873 640
875 309 71 716 1062 1199 1107 933 139 1361 1097 242 89 231 900 1738 1105 1803 945 768 1204 1324 635 994 174 272 1759 840 1060 1600 803 1581 345 152 1001 1095 1418 199 699 1092 772 838 223 264 1056 203 1524 179 939 1291 873 0 333 216 310 1166 1390 1610 150 797 280 764 1098 587 1220 178 262 921
1185 55 280 1027 1373 1510 1417 1244 242 1672 1407 134 343 174 1210 2049 1416 2114 1256 1079 1515 1635 946 1305 429 104 2069 1150 1371 1911 1114 1892 656 205 1312 1406 1728 189 1010 1403 1083 1149 153 116 1367 513 1835 490 1250 1602 1184 333 0 171 77 1477 1700 1920 207 1108 99 1075 1409 897 1530 198 573 1232
1068 185 163 910 1255 1392 1300 1126 125 1554 1290 56 226 131 1093 1931 1298 1997 1138 961 1398 1517 829 1187 311 86 1952 1033 1254 1794 996 1775 538 87 1194 1288 1611 47 893 1286 966 1031 37 78 1250 396 1717 372 1132 1484 1066 216 171 0 209 1359 1583 1803 89 990 94 957 1292 780 1413 81 455 1115
1163 53 257 1004 1350 1487 1395 1221 219 1649 1385 181 320 151 1188 2026 1393 2091 1233 1056 1492 1612 923 1282 406 151 2047 1127 1348 1888 1091 1869 633 182 1289 1383 1706 193 987 1380 1060 1126 200 163 1344 491 1812 467 1227 1579 1161 310 77 209 0 1454 1677 1898 184 1085 146 1052 1386 875 1508 175 550 1209
364 1452 1214 728 857 688 887 728 1282 1776 892 1386 1175 1375 911 597 770 664 1360 1183 73 546 1051 218 1096 1415 620 462 823 463 815 444 878 1295 796 881 277 1342 492 887 784 633 1367 1407 851 1107 386 1024 1354 160 334 1166 1477 1359 1454 0 1805 469 1294 808 1424 559 779 1408 88 1321 1166 933
1514 1676 1438 1355 1701 1838 1746 1572 1506 54 1736 1609 1399 1599 1538 2377 1744 2442 497 680 1843 1963 874 1633 1320 1639 2398 1478 1699 2239 1442 2220 1102 1519 1640 1734 2056 1566 1338 1731 1411 1477 1591 1631 1695 1330 2163 1248 610 1930 1512 1390 1700 1583 1677 1805 0 2249 1517 1436 1648 1403 1737 1714 1858 1545 1390 1560
808 1896 1658 1172 922 747 945 1010 1726 2220 956 1829 1619 1819 1355 171 829 308 1804 1627 453 604 1494 662 1540 1859 263 906 882 521 1258 502 1322 1739 936 939 335 1786 936 960 1228 1076 1811 1851 915 1551 445 1468 1798 346 778 1610 1920 1803 1898 469 2249 0 1737 1252 1868 1003 837 1852 443 1765 1610 1377
1002 183 97 844 1190 1327 1234 1061 99 1489 1224 116 160 105 1027 1865 1233 1931 1073 896 1332 1451 763 1122 246 146 1886 967 1188 1728 931 1709 473 62 1129 1223 1545 72 827 1220 900 966 97 137 1184 330 1652 307 1067 1419 1001 150 207 89 184 1294 1517 1737 0 925 154 892 1226 714 1347 55 390 1049
517 1083 845 148 704 841 749 575 913 1407 739 1017 806 1006 138 1380 747 1446 991 814 847 966 681 637 727 1046 1401 482 703 1243 90 1224 509 926 643 738 1060 973 342 735 166 480 998 1038 699 688 1166 655 985 933 515 797 1108 990 1085 808 1436 1252 925 0 1055 407 741 635 862 952 649 160
1133 113 228 975 1320 1457 1365 1191 190 1619 1355 103 291 195 1158 1996 1363 2061 1203 1026 1463 1582 894 1252 376 78 2017 1098 1319 1858 1061 1840 603 152 1259 1353 1676 112 958 1351 1031 1096 85 91 1314 461 1782 437 1197 1549 1131 280 99 94 146 1424 1648 1868 154 1055 0 1022 1356 845 1478 146 520 1180
268 1051 813 326 335 472 380 206 880 1374 370 984 774 973 509 1131 378 1076 958 781 598 597 649 387 694 1014 1032 233 334 873 413 854 476 894 274 368 811 941 93 365 382 111 965 1005 329 705 797 623 953 684 266 764 1075 957 1052 559 1403 1003 892 407 1022 0 371 1006 613 920 764 531
602 1385 1147 660 292 153 315 337 1215 1708 325 1318 1108 1307 844 965 198 758 1292 1115 763 278 983 721 1028 1348 713 567 252 555 747 536 810 1228 306 309 542 1275 427 330 716 291 1299 1340 285 1039 478 957 1287 656 600 1098 1409 1292 1386 779 1737 837 1226 741 1356 371 0 1340 752 1254 1098 865
1116 873 635 719 1303 1440 1348 1174 703 1685 1338 806 596 796 673 1979 1346 2045 1270 1093 1446 1565 960 1235 517 836 2000 1081 1302 1842 625 1823 670 716 1242 1336 1659 763 941 1334 700 1079 788 828 1298 409 1765 504 1264 1532 1114 587 897 780 875 1407 1714 1851 714 634 845 1005 1340 0 1461 742 371 695
418 1506 1268 782 837 662 860 782 1336 1830 871 1439 1229 1429 965 571 744 638 1414 1237 127 519 1104 272 1150 1469 593 516 797 436 868 417 932 1349 850 854 250 1396 546 875 838 687 1421 1461 830 1160 360 1078 1408 213 388 1220 1530 1413 1508 88 1858 443 1347 862 1478 613 752 1462 0 1375 1220 987
1030 174 125 872 1217 1354 1262 1088 91 1516 1252 107 188 96 1055 1893 1260 1959 1100 923 1360 1479 791 1150 274 137 1914 995 1216 1756 958 1737 501 53 1156 1251 1573 64 855 1248 928 993 88 129 1212 358 1679 335 1095 1446 1028 178 198 81 175 1321 1545 1765 55 952 146 920 1254 742 1375 0 418 1077
875 549 310 717 1062 1199 1107 933 378 1361 1097 482 272 471 687 1738 1105 1803 945 768 1205 1324 636 994 192 512 1759 840 1061 1600 639 1582 345 392 1001 1095 1418 439 700 1093 715 838 463 503 1056 85 1524 179 939 1291 873 262 573 455 550 1166 1390 1610 390 648 520 764 1098 371 1220 418 0 709
642 1208 970 245 829 966 874 700 1038 1531 864 1141 931 1130 40 1505 872 1570 1115 939 972 1091 806 761 851 1171 1526 607 828 1367 150 1348 633 1051 768 862 1185 1098 467 859 226 605 1123 1163 823 748 1291 780 1110 1058 640 921 1232 1115 1209 933 1560 1377 1049 160 1180 531 865 695 987 1077 710 0
EOF