NAME : tsp_problem
TYPE : TSP
DIMENSION : 55
EDGE_WEIGHT_TYPE : EXPLICIT
EDGE_WEIGHT_FORMAT : FULL_MATRIX
EDGE_WEIGHT_SECTION
0 2093 945 302 1177 1709 1584 273 784 984 1253 147 821 1285 1230 271 1158 61 1463 42 918 1705 206 752 787 370 173 306 280 1029 287 2095 263 960 274 330 1643 772 176 411 929 140 899 686 273 946 1455 788 1665 1276 299 1623 1284 1434 53
2404 0 2060 2653 1325 1290 1254 2625 1900 1833 1498 2498 1936 2804 1203 2623 1481 2412 1085 2394 2034 1286 2558 2272 2306 2176 2525 2657 2632 2548 2295 20 2614 1808 2626 2136 1313 2291 2527 2050 1777 2491 2014 1768 2625 2061 2974 1687 828 2795 2650 1293 1529 1057 2405
945 1749 0 1194 832 1365 1240 1165 229 640 909 1038 265 1344 886 1163 814 952 1118 934 106 1361 1098 812 846 716 1065 1198 1172 1088 835 1751 1155 615 1166 676 1299 831 1067 591 585 1031 86 342 1165 134 1514 444 1321 1335 1190 1279 940 1090 945
302 2342 1194 0 1426 1959 1833 59 1033 1233 1502 206 1070 1534 1479 153 1407 310 1712 292 1167 1954 162 1002 1036 619 175 66 114 1278 536 2345 144 1209 128 579 1893 1021 156 660 1178 199 1148 935 59 1195 1704 1037 1915 1525 84 1873 1533 1683 303
1177 1014 832 1426 0 633 596 1397 672 655 840 1270 708 1576 150 1395 253 1184 383 1166 806 628 1330 1044 1078 948 1297 1430 1404 1320 1067 1016 1387 631 1398 908 656 1063 1299 823 600 1263 786 540 1397 834 1746 459 586 1567 1422 636 871 354 1177
1709 979 1365 1959 633 0 285 1930 1205 864 529 1803 1241 2109 511 1928 789 1717 393 1699 1339 65 1863 1577 1611 1481 1830 1962 1937 1853 1600 981 1920 840 1931 1441 345 1596 1832 1356 809 1796 1319 1073 1930 1367 2279 992 551 2100 1955 325 560 365 1710
1584 943 1240 1833 596 285 0 1804 1079 739 404 1678 1116 1984 474 1802 752 1592 357 1573 1213 281 1737 1451 1486 1356 1704 1837 1811 1728 1475 945 1794 714 1805 1315 110 1471 1707 1230 684 1671 1194 948 1804 1241 2153 867 515 1974 1829 199 435 328 1584
273 2314 1165 59 1397 1930 1804 0 1004 1205 1474 177 1041 1505 1451 149 1379 281 1683 263 1139 1925 133 973 1007 591 146 63 111 1249 507 2316 141 1180 124 550 1864 992 127 631 1149 170 1119 907 30 1166 1675 1009 1886 1496 56 1844 1505 1654 274
784 1588 229 1033 672 1205 1079 1004 0 479 748 878 105 1184 725 1002 653 792 958 773 202 1200 937 651 686 556 904 1037 1011 928 675 1591 994 455 1005 515 1139 671 907 430 424 871 183 182 1004 230 1353 283 1161 1174 1030 1119 779 929 784
984 1522 640 1233 655 864 739 1205 479 0 408 1078 516 1384 709 1203 637 992 936 974 614 860 1137 851 886 756 1104 1237 1211 1128 875 1524 1194 115 1206 716 798 871 1107 630 84 1071 594 348 1204 641 1554 267 1094 1375 1230 778 439 907 985
1253 1187 909 1502 840 529 404 1474 748 408 0 1347 785 1653 718 1472 906 1261 601 1243 882 525 1406 1120 1155 1025 1373 1506 1480 1397 1144 1189 1463 383 1474 984 463 1140 1376 899 353 1340 863 617 1473 910 1823 536 759 1644 1499 443 104 572 1254
147 2187 1038 206 1270 1803 1678 177 878 1078 1347 0 914 1379 1324 175 1252 154 1556 136 1012 1799 110 846 881 464 77 210 184 1123 381 2189 167 1053 178 424 1737 866 79 505 1023 43 993 780 177 1040 1549 882 1759 1370 202 1717 1378 1528 147
821 1625 265 1070 708 1241 1116 1041 105 516 785 914 0 1220 762 1039 690 828 994 810 239 1237 974 688 722 593 941 1074 1048 964 711 1627 1031 491 1042 552 1175 707 943 467 461 907 219 218 1041 267 1390 320 1197 1211 1066 1155 816 966 821
1285 2493 1344 1534 1576 2109 1984 1505 1184 1384 1653 1379 1220 0 1630 1504 1558 1293 1862 1275 1318 2105 1438 790 825 1057 1405 1538 1512 352 1176 2495 1495 1359 1506 1016 2043 810 1408 931 1329 1372 1299 1086 1505 1346 242 1188 2065 63 1531 2023 1684 1834 1286
1230 892 886 1479 150 511 474 1451 725 709 718 1324 762 1630 0 1449 307 1238 261 1220 860 506 1383 1097 1132 1002 1350 1483 1457 1374 1121 894 1440 684 1451 961 534 1117 1353 876 654 1317 840 594 1450 887 1800 513 464 1621 1476 514 750 232 1231
271 2312 1163 153 1395 1928 1802 149 1002 1203 1472 175 1039 1504 1449 0 1377 279 1681 261 1137 1923 235 971 1005 589 202 134 85 1248 506 2314 68 1178 79 548 1862 990 204 629 1147 168 1117 905 149 1164 1673 1007 1884 1494 174 1842 1503 1652 272
1158 1170 814 1407 253 789 752 1379 653 637 906 1252 690 1558 307 1377 0 1166 539 1148 788 784 1312 1026 1060 930 1279 1411 1385 1302 1049 1172 1368 612 1380 890 812 1045 1281 804 582 1245 768 522 1378 815 1728 441 742 1549 1404 792 937 511 1159
61 2101 952 310 1184 1717 1592 281 792 992 1261 154 828 1293 1238 279 1166 0 1470 50 926 1712 214 760 795 378 181 314 288 1037 295 2103 271 967 282 337 1651 780 183 418 937 147 906 694 281 954 1462 796 1673 1283 306 1631 1292 1442 61
1463 774 1118 1712 383 393 357 1683 958 936 601 1556 994 1862 261 1681 539 1470 0 1452 1092 389 1616 1330 1364 1234 1583 1716 1690 1606 1353 776 1673 911 1684 1194 416 1349 1585 1109 880 1549 1072 826 1683 1120 2032 745 346 1853 1708 396 632 115 1463
42 2083 934 292 1166 1699 1573 263 773 974 1243 136 810 1275 1220 261 1148 50 1452 0 908 1694 196 742 776 360 163 295 270 1019 277 2085 253 949 264 319 1633 761 165 400 918 129 888 676 263 935 1444 778 1655 1265 288 1613 1274 1424 43
918 1723 106 1167 806 1339 1213 1139 202 614 882 1012 239 1318 860 1137 788 926 1092 908 0 1334 1071 785 820 690 1038 1171 1145 1062 809 1725 1128 589 1139 649 1273 805 1041 564 558 1005 60 316 1138 107 1488 418 1295 1309 1164 1253 914 1063 919
1705 974 1361 1954 628 65 281 1925 1200 860 525 1799 1237 2105 506 1923 784 1712 389 1694 1334 0 1858 1572 1606 1477 1825 1958 1932 1849 1595 977 1915 835 1926 1436 340 1591 1828 1351 804 1792 1315 1069 1925 1362 2274 988 547 2095 1950 320 556 360 1705
206 2247 1098 162 1330 1863 1737 133 937 1137 1406 110 974 1438 1383 235 1312 214 1616 196 1071 1858 0 906 940 524 79 166 214 1182 440 2249 226 1113 227 483 1797 925 60 564 1082 103 1052 840 133 1099 1608 941 1819 1429 159 1777 1437 1587 207
752 1960 812 1002 1044 1577 1451 973 651 851 1120 846 688 790 1097 971 1026 760 1330 742 785 1572 906 0 292 524 873 1005 980 534 643 1963 963 827 974 484 1511 277 875 399 796 839 766 554 973 813 960 655 1533 781 998 1491 1151 1301 753
787 1995 846 1036 1078 1611 1486 1007 686 886 1155 881 722 825 1132 1005 1060 795 1364 776 820 1606 940 292 0 559 907 1040 1014 569 678 1997 997 861 1008 518 1545 312 910 433 831 874 800 588 1007 848 995 690 1567 816 1033 1525 1186 1336 787
370 1865 716 619 948 1481 1356 591 556 756 1025 464 593 1057 1002 589 930 378 1234 360 690 1477 524 524 559 0 491 623 598 801 261 1867 580 731 592 102 1415 544 493 183 701 457 671 458 591 718 1227 560 1437 1048 616 1395 1056 1206 371
173 2213 1065 175 1297 1830 1704 146 904 1104 1373 77 941 1405 1350 202 1279 181 1583 163 1038 1825 79 873 907 491 0 178 210 1149 407 2216 193 1080 204 450 1764 892 48 531 1049 70 1019 807 146 1066 1575 908 1786 1396 171 1744 1404 1554 174
306 2346 1198 66 1430 1962 1837 63 1037 1237 1506 210 1074 1538 1483 134 1411 314 1716 295 1171 1958 166 1005 1040 623 178 0 96 1282 540 2348 126 1212 109 583 1896 1025 159 664 1182 203 1152 939 63 1199 1708 1041 1918 1529 88 1876 1537 1687 306
280 2320 1172 114 1404 1937 1811 111 1011 1211 1480 184 1048 1512 1457 85 1385 288 1690 270 1145 1932 214 980 1014 598 210 96 0 1256 514 2323 77 1187 60 557 1871 999 207 638 1156 177 1126 914 110 1173 1682 1015 1893 1503 136 1851 1511 1661 281
1029 2237 1088 1278 1320 1853 1728 1249 928 1128 1397 1123 964 352 1374 1248 1302 1037 1606 1019 1062 1849 1182 534 569 801 1149 1282 1256 0 920 2239 1239 1103 1250 760 1787 554 1152 675 1073 1116 1043 830 1249 1090 522 932 1809 343 1275 1767 1428 1578 1030
287 1984 835 536 1067 1600 1475 507 675 875 1144 381 711 1176 1121 506 1049 295 1353 277 809 1595 440 643 678 261 407 540 514 920 0 1986 497 850 508 220 1534 663 410 301 820 374 789 577 507 837 1345 679 1556 1166 533 1514 1175 1325 288
2407 20 2062 2656 1327 1292 1256 2627 1902 1835 1500 2500 1938 2806 1205 2625 1483 2414 1087 2396 2036 1288 2560 2274 2308 2178 2527 2660 2634 2550 2297 0 2617 1810 2628 2138 1315 2293 2529 2053 1780 2493 2016 1770 2627 2064 2976 1689 831 2797 2652 1296 1531 1059 2407
263 2303 1155 144 1387 1920 1794 141 994 1194 1463 167 1031 1495 1440 68 1368 271 1673 253 1128 1915 226 963 997 580 193 126 77 1239 497 2306 0 1170 71 540 1854 982 196 621 1139 160 1109 896 141 1156 1665 998 1876 1486 166 1834 1494 1644 264
960 1497 615 1209 631 840 714 1180 455 115 383 1053 491 1359 684 1178 612 967 911 949 589 835 1113 827 861 731 1080 1212 1187 1103 850 1499 1170 0 1181 691 774 846 1082 606 59 1046 569 323 1180 617 1529 242 1069 1350 1205 754 415 882 960
274 2315 1166 128 1398 1931 1805 124 1005 1206 1474 178 1042 1506 1451 79 1380 282 1684 264 1139 1926 227 974 1008 592 204 109 60 1250 508 2317 71 1181 0 551 1865 993 207 632 1150 171 1120 908 124 1167 1676 1009 1887 1497 149 1845 1506 1655 275
330 1825 676 579 908 1441 1315 550 515 716 984 424 552 1016 961 548 890 337 1194 319 649 1436 483 484 518 102 450 583 557 760 220 1827 540 691 551 0 1375 503 452 142 660 416 630 418 550 677 1186 519 1397 1007 575 1355 1015 1165 330
1643 1002 1299 1893 656 345 110 1864 1139 798 463 1737 1175 2043 534 1862 812 1651 416 1633 1273 340 1797 1511 1545 1415 1764 1896 1871 1787 1534 1004 1854 774 1865 1375 0 1530 1766 1290 743 1730 1253 1007 1864 1301 2213 926 574 2034 1889 259 495 388 1644
772 1980 831 1021 1063 1596 1471 992 671 871 1140 866 707 810 1117 990 1045 780 1349 761 805 1591 925 277 312 544 892 1025 999 554 663 1982 982 846 993 503 1530 0 895 418 816 859 785 573 992 833 980 675 1552 801 1018 1510 1171 1321 772
176 2216 1067 156 1299 1832 1707 127 907 1107 1376 79 943 1408 1353 204 1281 183 1585 165 1041 1828 60 875 910 493 48 159 207 1152 410 2218 196 1082 207 452 1766 895 0 533 1052 72 1022 809 127 1069 1577 911 1788 1398 152 1746 1407 1557 176
411 1739 591 660 823 1356 1230 631 430 630 899 505 467 931 876 629 804 418 1109 400 564 1351 564 399 433 183 531 664 638 675 301 1742 621 606 632 142 1290 418 533 0 575 497 545 332 631 592 1101 434 1312 922 656 1270 930 1080 411
929 1466 585 1178 600 809 684 1149 424 84 353 1023 461 1329 654 1147 582 937 880 918 558 804 1082 796 831 701 1049 1182 1156 1073 820 1469 1139 59 1150 660 743 816 1052 575 0 1016 539 293 1149 586 1498 212 1039 1319 1175 723 384 852 929
140 2180 1031 199 1263 1796 1671 170 871 1071 1340 43 907 1372 1317 168 1245 147 1549 129 1005 1792 103 839 874 457 70 203 177 1116 374 2182 160 1046 171 416 1730 859 72 497 1016 0 986 773 170 1033 1541 875 1752 1362 195 1710 1371 1521 140
899 1703 86 1148 786 1319 1194 1119 183 594 863 993 219 1299 840 1117 768 906 1072 888 60 1315 1052 766 800 671 1019 1152 1126 1043 789 1705 1109 569 1120 630 1253 785 1022 545 539 986 0 296 1119 88 1468 398 1275 1289 1144 1233 894 1044 899
686 1457 342 935 540 1073 948 907 182 348 617 780 218 1086 594 905 522 694 826 676 316 1069 840 554 588 458 807 939 914 830 577 1459 896 323 908 418 1007 573 809 332 293 773 296 0 907 344 1256 152 1029 1077 932 987 648 798 687
273 2313 1165 59 1397 1930 1804 30 1004 1204 1473 177 1041 1505 1450 149 1378 281 1683 263 1138 1925 133 973 1007 591 146 63 110 1249 507 2316 141 1180 124 550 1864 992 127 631 1149 170 1119 907 0 1166 1675 1008 1886 1496 55 1844 1504 1654 274
946 1750 134 1195 834 1367 1241 1166 230 641 910 1040 267 1346 887 1164 815 954 1120 935 107 1362 1099 813 848 718 1066 1199 1173 1090 837 1753 1156 617 1167 677 1301 833 1069 592 586 1033 88 344 1166 0 1515 445 1323 1336 1192 1281 941 1091 946
1455 2663 1514 1704 1746 2279 2153 1675 1353 1554 1823 1549 1390 242 1800 1673 1728 1462 2032 1444 1488 2274 1608 960 995 1227 1575 1708 1682 522 1345 2665 1665 1529 1676 1186 2213 980 1577 1101 1498 1541 1468 1256 1675 1515 0 1358 2235 233 1700 2193 1854 2003 1455
788 1376 444 1037 459 992 867 1009 283 267 536 882 320 1188 513 1007 441 796 745 778 418 988 941 655 690 560 908 1041 1015 932 679 1378 998 242 1009 519 926 675 911 434 212 875 398 152 1008 445 1358 0 948 1179 1034 906 567 717 789
1665 517 1321 1915 586 551 515 1886 1161 1094 759 1759 1197 2065 464 1884 742 1673 346 1655 1295 547 1819 1533 1567 1437 1786 1918 1893 1809 1556 520 1876 1069 1887 1397 574 1552 1788 1312 1039 1752 1275 1029 1886 1323 2235 948 0 2056 1911 554 790 318 1666
1276 2484 1335 1525 1567 2100 1974 1496 1174 1375 1644 1370 1211 63 1621 1494 1549 1283 1853 1265 1309 2095 1429 781 816 1048 1396 1529 1503 343 1166 2486 1486 1350 1497 1007 2034 801 1398 922 1319 1362 1289 1077 1496 1336 233 1179 2056 0 1521 2014 1675 1824 1276
299 2339 1190 84 1422 1955 1829 56 1030 1230 1499 202 1066 1531 1476 174 1404 306 1708 288 1164 1950 159 998 1033 616 171 88 136 1275 533 2341 166 1205 149 575 1889 1018 152 656 1175 195 1144 932 55 1192 1700 1034 1911 1521 0 1869 1530 1680 299
1623 982 1279 1873 636 325 199 1844 1119 778 443 1717 1155 2023 514 1842 792 1631 396 1613 1253 320 1777 1491 1525 1395 1744 1876 1851 1767 1514 984 1834 754 1845 1355 259 1510 1746 1270 723 1710 1233 987 1844 1281 2193 906 554 2014 1869 0 475 368 1624
1284 1218 940 1533 871 560 435 1505 779 439 104 1378 816 1684 750 1503 937 1292 632 1274 914 556 1437 1151 1186 1056 1404 1537 1511 1428 1175 1220 1494 415 1506 1015 495 1171 1407 930 384 1371 894 648 1504 941 1854 567 790 1675 1530 475 0 603 1285
1434 745 1090 1683 354 365 328 1654 929 907 572 1528 966 1834 232 1652 511 1442 115 1424 1063 360 1587 1301 1336 1206 1554 1687 1661 1578 1325 748 1644 882 1655 1165 388 1321 1557 1080 852 1521 1044 798 1654 1091 2003 717 318 1824 1680 368 603 0 1434
53 2094 945 303 1177 1710 1584 274 784 985 1254 147 821 1286 1231 272 1159 61 1463 43 919 1705 207 753 787 371 174 306 281 1030 288 2096 264 960 275 330 1644 772 176 411 929 140 899 687 274 946 1455 789 1666 1276 299 1624 1285 1434 0
EOF
