NAME : tsp_problem
TYPE : TSP
DIMENSION : 60
EDGE_WEIGHT_TYPE : EXPLICIT
EDGE_WEIGHT_FORMAT : FULL_MATRIX
EDGE_WEIGHT_SECTION
0 1021 1056 1553 70 184 64 1505 1674 1682 266 1487 76 1187 1432 123 1103 1401 1372 1412 1383 1387 1128 590 1304 1421 1634 1402 1647 1396 2059 1645 148 1537 1254 208 1795 1423 666 624 1223 1711 1931 217 177 1423 947 1682 1037 1136 1393 343 1495 1186 1266 1196 1060 1419 1426 1526
1021 0 64 1181 975 908 985 512 679 690 802 492 998 195 1059 919 110 409 380 418 390 394 585 485 311 428 1262 410 655 404 1064 652 896 1164 262 855 803 431 412 539 850 1338 936 827 872 430 104 687 262 390 400 699 501 193 894 203 284 427 433 531
1056 64 0 1216 1010 944 1021 469 717 647 837 530 1033 230 1095 955 146 366 337 455 347 351 620 521 268 385 1297 367 612 361 1102 609 932 1200 219 890 760 388 447 574 886 1374 974 863 908 387 139 725 297 426 357 735 538 150 929 239 320 384 391 569
1553 1181 1216 0 1507 1441 1517 1665 1834 1842 1334 1647 1530 1347 353 1452 1263 1561 1532 1572 1543 1547 1521 1018 1463 1581 182 1562 1807 1556 2219 1805 1429 84 1414 1387 1955 1583 944 1071 378 184 2091 1360 1405 1583 1107 1842 1197 1326 1553 1232 1655 1346 339 1356 1220 1579 1586 1686
70 975 1010 1507 0 212 100 1459 1628 1636 220 1441 90 1141 1386 90 1057 1355 1326 1366 1337 1341 1082 544 1257 1375 1588 1356 1601 1350 2013 1599 99 1491 1208 162 1749 1377 620 578 1177 1665 1885 171 176 1377 901 1636 991 1090 1347 297 1449 1140 1220 1150 1014 1373 1380 1480
184 908 944 1441 212 0 149 1393 1562 1570 154 1375 162 1075 1320 157 991 1289 1260 1300 1271 1275 1015 478 1191 1309 1522 1290 1535 1284 1947 1533 134 1424 1142 96 1683 1311 554 512 1111 1599 1819 105 110 1311 835 1570 925 1024 1281 231 1383 1074 1154 1084 948 1307 1314 1413
64 985 1021 1517 100 149 0 1469 1638 1647 231 1452 42 1152 1396 153 1067 1366 1337 1377 1347 1351 1092 554 1268 1385 1599 1367 1612 1361 2023 1609 178 1501 1219 173 1760 1388 631 589 1187 1675 1895 182 141 1387 912 1646 1002 1101 1357 308 1460 1150 1231 1160 1025 1384 1391 1490
1505 512 469 1665 1459 1393 1469 0 539 246 1286 681 1482 679 1544 1404 595 254 207 781 223 231 1069 970 263 130 1746 216 211 246 868 209 1381 1649 310 1339 332 251 896 1023 1335 1823 740 1312 1357 134 588 585 746 874 200 1184 718 406 1378 688 769 138 129 665
1674 679 717 1834 1628 1562 1638 539 0 382 1455 221 1651 524 1712 1572 646 753 706 311 722 729 1238 1138 762 629 1915 714 398 745 455 404 1550 1817 809 1508 284 749 1065 1192 1503 1991 327 1480 1526 632 757 127 915 1043 698 1352 248 846 1547 551 937 637 628 207
1682 690 647 1842 1636 1570 1647 246 382 0 1463 524 1659 836 1721 1581 772 431 384 623 400 408 1246 1147 440 307 1923 393 289 423 710 294 1558 1826 488 1516 174 428 1073 1200 1512 2000 582 1489 1534 311 765 428 923 1052 377 1361 561 583 1555 863 946 315 307 508
266 802 837 1334 220 154 231 1286 1455 1463 0 1268 244 968 1213 165 884 1182 1153 1193 1164 1168 909 371 1085 1202 1415 1183 1428 1177 1840 1426 142 1318 1035 104 1576 1204 447 405 1004 1492 1712 113 118 1204 728 1463 818 917 1174 124 1276 967 1047 977 841 1200 1207 1307
1487 492 530 1647 1441 1375 1452 681 221 524 1268 0 1464 337 1526 1386 459 875 846 124 857 861 1051 952 777 771 1728 857 541 870 597 546 1363 1631 728 1321 426 892 878 1005 1317 1805 469 1294 1339 774 570 229 728 857 840 1166 62 660 1360 364 751 779 770 73
76 998 1033 1530 90 162 42 1482 1651 1659 244 1464 0 1164 1409 142 1080 1379 1350 1390 1360 1364 1105 567 1281 1398 1611 1380 1624 1374 2036 1622 167 1514 1231 186 1773 1400 643 601 1200 1688 1908 194 154 1400 924 1659 1015 1113 1370 321 1473 1163 1243 1173 1037 1397 1403 1503
1187 195 230 1347 1141 1075 1152 679 524 836 968 337 1164 0 1226 1086 277 575 546 263 557 561 751 652 478 595 1428 576 821 570 909 819 1063 1331 428 1022 738 597 578 705 1017 1505 781 994 1039 597 270 532 428 557 567 866 346 360 1060 317 451 593 600 376
1443 1071 1106 353 1397 1331 1408 1555 1724 1732 1224 1537 1420 1237 0 1342 1153 1451 1422 1462 1433 1437 1411 908 1354 1471 434 1452 1697 1446 2109 1695 1319 336 1304 1277 1845 1473 834 961 630 510 1981 1250 1295 1473 997 1732 1088 1216 1443 1122 1545 1236 591 1246 1110 1469 1476 1576
123 919 955 1452 90 157 153 1404 1572 1581 165 1386 142 1086 1330 0 1001 1300 1271 1311 1282 1285 1026 489 1202 1319 1533 1301 1546 1295 1957 1543 44 1435 1153 107 1694 1322 565 523 1121 1609 1829 116 121 1322 846 1580 936 1035 1291 242 1394 1084 1165 1094 959 1318 1325 1424
1103 110 146 1263 1057 991 1067 595 646 772 884 459 1080 277 1142 1001 0 491 462 384 473 476 667 568 393 510 1344 492 737 486 1031 735 979 1246 344 937 860 513 494 621 932 1420 903 909 955 513 186 654 344 472 482 782 467 275 976 285 366 509 516 498
1401 409 366 1561 1355 1289 1366 254 753 431 1182 875 1379 575 1440 1300 491 0 392 801 408 416 965 866 368 315 1643 401 396 431 1081 394 1277 1545 319 1236 545 436 792 919 1231 1719 953 1208 1253 319 484 799 642 771 385 1080 884 303 1274 584 665 323 315 879
1372 380 337 1532 1326 1260 1337 207 706 384 1153 846 1350 546 1411 1271 462 392 0 771 361 369 936 837 339 268 1614 354 349 384 1034 347 1248 1516 289 1207 497 389 763 890 1202 1690 906 1179 1224 272 455 752 613 742 338 1051 855 274 1245 555 636 276 267 832
1412 418 455 1572 1366 1300 1377 781 311 623 1193 124 1390 263 1451 1311 384 801 771 0 782 786 976 877 703 820 1654 802 640 796 696 645 1288 1556 653 1247 525 822 803 930 1242 1730 568 1219 1264 822 495 319 653 782 792 1091 144 585 1285 290 676 819 825 163
1383 390 347 1543 1337 1271 1347 223 722 400 1164 857 1360 557 1422 1282 473 408 361 782 0 385 947 848 350 284 1624 370 365 400 1050 363 1259 1527 300 1217 513 405 774 901 1213 1701 922 1190 1235 288 466 768 624 752 354 1062 865 284 1256 566 647 292 283 847
1387 394 351 1547 1341 1275 1351 231 729 408 1168 861 1364 561 1426 1285 476 416 369 786 385 0 951 852 353 292 1628 377 373 408 1058 371 1263 1530 304 1221 521 412 778 905 1216 1704 930 1193 1239 295 470 775 628 756 361 1066 869 288 1260 569 650 300 291 855
1142 431 467 1367 1096 1030 1107 916 1084 1093 923 898 1119 598 1246 1041 514 812 783 823 794 797 0 672 714 831 1449 813 1058 807 1470 1056 1018 1351 665 977 1206 834 598 725 1037 1525 1342 949 994 834 358 1092 210 75 804 821 906 597 1080 607 191 830 837 936
590 485 521 1018 544 478 554 970 1138 1147 371 952 567 652 897 489 568 866 837 877 848 852 813 0 768 886 1099 867 1112 861 1524 1110 466 1001 719 424 1260 888 131 108 687 1176 1396 397 442 888 412 1147 502 631 858 269 960 651 731 661 525 884 891 990
1304 311 268 1463 1257 1191 1268 263 762 440 1085 777 1281 478 1342 1202 393 368 339 703 350 353 868 768 0 324 1545 369 405 363 1091 403 1179 1447 221 1138 554 390 695 822 1133 1621 963 1110 1155 328 387 808 544 673 359 982 786 205 1177 486 567 332 324 816
1421 428 385 1581 1375 1309 1385 130 629 307 1202 771 1398 595 1460 1319 510 315 268 820 284 292 985 886 324 0 1662 277 272 307 957 270 1297 1564 338 1255 421 312 812 939 1250 1738 829 1227 1273 195 504 675 662 790 261 1100 808 322 1294 603 684 199 191 755
1634 1262 1297 182 1588 1522 1599 1746 1915 1923 1415 1728 1611 1428 434 1533 1344 1643 1614 1654 1624 1628 1602 1099 1545 1662 0 1644 1888 1638 2300 1886 1510 166 1495 1469 2037 1664 1025 1152 460 122 2172 1441 1486 1664 1188 1923 1279 1407 1634 1313 1737 1427 420 1437 1301 1661 1667 1767
1402 410 367 1562 1356 1290 1367 216 714 393 1183 857 1380 576 1441 1301 492 401 354 802 370 377 966 867 369 277 1644 0 358 393 1043 356 1278 1546 320 1237 506 398 793 920 1232 1720 915 1209 1254 280 485 761 643 772 346 1081 885 304 1275 585 666 285 276 840
1647 655 612 1807 1601 1535 1612 211 398 289 1428 541 1624 821 1686 1546 737 396 349 640 365 373 1211 1112 405 272 1888 358 0 388 727 311 1523 1791 453 1481 191 393 1038 1165 1477 1965 599 1454 1499 276 730 445 888 1017 342 1326 577 548 1520 830 911 280 272 524
1396 404 361 1556 1350 1284 1361 246 745 423 1177 870 1374 570 1435 1295 486 431 384 796 400 408 960 861 363 307 1638 393 388 0 1074 386 1272 1540 313 1231 537 428 787 914 1226 1714 946 1203 1248 311 479 791 637 766 377 1075 879 298 1269 579 660 315 307 871
2059 1064 1102 2219 2013 1947 2023 868 455 710 1840 597 2036 909 2098 1957 1031 1081 1034 696 1050 1058 1623 1524 1091 957 2300 1043 727 1074 0 732 1935 2203 1138 1893 613 1078 1450 1577 1889 2377 171 1865 1911 961 1142 501 1300 1428 1027 1738 634 1232 1932 936 1322 965 957 581
1645 652 609 1805 1599 1533 1609 209 404 294 1426 546 1622 819 1684 1543 735 394 347 645 363 371 1209 1110 403 270 1886 356 311 386 732 0 1521 1789 450 1479 196 391 1036 1163 1475 1963 604 1451 1497 274 728 450 886 1014 339 1324 582 546 1518 828 908 278 269 530
148 896 932 1429 99 134 178 1381 1550 1558 142 1363 167 1063 1308 44 979 1277 1248 1288 1259 1263 1003 466 1179 1297 1510 1278 1523 1272 1935 1521 0 1412 1130 84 1671 1299 542 500 1099 1587 1807 93 98 1299 823 1558 913 1012 1269 219 1371 1062 1142 1072 936 1295 1302 1401
1537 1164 1200 84 1491 1424 1501 1649 1817 1826 1318 1631 1514 1331 336 1435 1246 1545 1516 1556 1527 1530 1504 1001 1447 1564 166 1546 1791 1540 2203 1789 1412 0 1398 1371 1939 1567 928 1055 362 202 2074 1343 1389 1567 1091 1825 1181 1310 1536 1215 1639 1329 323 1339 1204 1563 1570 1669
1254 262 219 1414 1208 1142 1219 310 809 488 1035 728 1231 428 1293 1153 344 319 289 653 300 304 818 719 221 338 1495 320 453 313 1138 450 1130 1398 0 1088 601 340 645 772 1084 1572 1010 1061 1106 340 337 855 495 624 310 933 736 155 1127 437 518 337 343 767
208 855 890 1387 162 96 173 1339 1508 1516 104 1321 186 1022 1266 107 937 1236 1207 1247 1217 1221 962 424 1138 1255 1469 1237 1481 1231 1893 1479 84 1371 1088 0 1630 1257 501 459 1057 1545 1765 55 60 1257 781 1516 872 970 1227 178 1330 1020 1100 1030 895 1254 1260 1360
1795 803 760 1955 1749 1683 1760 332 284 174 1576 426 1773 738 1834 1694 860 545 497 525 513 521 1359 1260 554 421 2037 506 191 537 613 196 1671 1939 601 1630 0 541 1186 1313 1625 2113 485 1602 1647 424 878 330 1036 1165 490 1474 463 697 1668 765 1059 428 420 410
1423 431 388 1583 1377 1311 1388 251 749 428 1204 892 1400 597 1462 1322 513 436 389 822 405 412 987 888 390 312 1664 398 393 428 1078 391 1299 1567 340 1257 541 0 814 941 1253 1741 950 1230 1275 315 506 796 664 793 381 1102 905 324 1296 606 687 320 311 875
666 412 447 944 620 554 631 896 1065 1073 447 878 643 578 823 565 494 792 763 803 774 778 752 131 695 812 1025 793 1038 787 1450 1036 542 928 645 501 1186 814 0 184 614 1102 1322 473 518 814 338 1073 428 557 784 345 886 577 657 587 451 810 817 917
624 539 574 1071 578 512 589 1023 1192 1200 405 1005 601 705 950 523 621 919 890 930 901 905 848 108 822 939 1152 920 1165 914 1577 1163 500 1055 772 459 1313 941 184 0 741 1229 1449 431 476 941 465 1200 556 684 911 303 1013 704 784 714 578 937 944 1044
1223 850 886 378 1177 1111 1187 1335 1503 1512 1004 1317 1200 1017 630 1121 932 1231 1202 1242 1213 1216 1190 687 1133 1250 460 1232 1477 1226 1889 1475 1099 362 1084 1057 1625 1253 614 741 0 536 1761 1029 1075 1253 777 1511 867 996 1223 901 1325 1015 91 1025 890 1249 1256 1355
1711 1338 1374 184 1665 1599 1675 1823 1991 2000 1492 1805 1688 1505 510 1609 1420 1719 1690 1730 1701 1704 1678 1176 1621 1738 122 1720 1965 1714 2377 1963 1587 202 1572 1545 2113 1741 1102 1229 536 0 2249 1517 1563 1741 1265 1999 1355 1484 1711 1390 1813 1504 497 1514 1378 1737 1744 1843
1931 936 974 2091 1885 1819 1895 740 327 582 1712 469 1908 781 1970 1829 903 953 906 568 922 930 1495 1396 963 829 2172 915 599 946 171 604 1807 2074 1010 1765 485 950 1322 1449 1761 2249 0 1737 1783 833 1014 373 1172 1300 899 1610 506 1104 1804 808 1194 837 829 453
217 827 863 1360 171 105 182 1312 1480 1489 113 1294 194 994 1238 116 909 1208 1179 1219 1190 1193 934 397 1110 1227 1441 1209 1454 1203 1865 1451 93 1343 1061 55 1602 1230 473 431 1029 1517 1737 0 69 1230 754 1488 844 943 1199 150 1302 992 1073 1002 867 1226 1233 1332
177 872 908 1405 176 110 141 1357 1526 1534 118 1339 154 1039 1284 121 955 1253 1224 1264 1235 1239 980 442 1155 1273 1486 1254 1499 1248 1911 1497 98 1389 1106 60 1647 1275 518 476 1075 1563 1783 69 0 1275 799 1534 889 988 1245 195 1347 1038 1118 1048 912 1271 1278 1378
1423 430 387 1583 1377 1311 1387 134 632 311 1204 774 1400 597 1462 1322 513 319 272 822 288 295 987 888 328 195 1664 280 276 311 961 274 1299 1567 340 1257 424 315 814 941 1253 1741 833 1230 1275 0 506 678 664 792 264 1102 811 324 1296 606 686 203 194 758
947 104 139 1107 901 835 912 588 757 765 728 570 924 270 986 846 186 484 455 495 466 470 511 412 387 504 1188 485 730 479 1142 728 823 1091 337 781 878 506 338 465 777 1265 1014 754 799 506 0 765 188 317 476 626 578 269 820 279 211 502 509 609
1682 687 725 1842 1636 1570 1646 585 127 428 1463 229 1659 532 1721 1580 654 799 752 319 768 775 1246 1147 808 675 1923 761 445 791 501 450 1558 1825 855 1516 330 796 1073 1200 1511 1999 373 1488 1534 678 765 0 923 1051 744 1361 256 854 1555 559 945 683 674 253
1037 262 297 1197 991 925 1002 746 915 923 818 728 1015 428 1076 936 344 642 613 653 624 628 363 502 544 662 1279 643 888 637 1300 886 913 1181 495 872 1036 664 428 556 867 1355 1172 844 889 664 188 923 0 168 634 716 736 427 910 437 90 660 667 767
1137 390 426 1326 1091 1025 1101 874 1043 1052 918 857 1114 557 1205 1035 472 771 742 782 752 756 229 631 673 790 1407 772 1017 766 1428 1014 1013 1310 624 971 1165 793 557 684 996 1484 1300 943 989 792 317 1051 168 0 762 816 865 555 1039 565 150 789 796 895
1393 400 357 1553 1347 1281 1357 200 698 377 1174 840 1370 567 1432 1291 482 385 338 792 354 361 957 858 359 261 1634 346 342 377 1027 339 1269 1536 310 1227 490 381 784 911 1223 1711 899 1199 1245 264 476 744 634 762 0 1072 875 294 1266 576 656 269 260 824
343 699 735 1232 297 231 308 1184 1352 1361 124 1166 321 866 1111 242 782 1080 1051 1091 1062 1066 806 269 982 1100 1313 1081 1326 1075 1738 1324 219 1215 933 178 1474 1102 345 303 901 1390 1610 150 195 1102 626 1361 716 815 1072 0 1174 865 945 875 739 1098 1105 1204
1495 501 538 1655 1449 1383 1460 718 248 561 1276 62 1473 346 1534 1394 467 884 855 144 865 869 1059 960 786 808 1737 885 577 879 634 582 1371 1639 736 1330 463 905 886 1013 1325 1813 506 1302 1347 811 578 256 736 865 875 1174 0 668 1368 373 759 816 807 100
1186 193 150 1346 1140 1074 1150 406 846 583 967 660 1163 360 1225 1084 275 303 274 585 284 288 750 651 205 322 1427 304 548 298 1232 546 1062 1329 155 1020 697 324 577 704 1015 1504 1104 992 1038 324 269 854 427 555 294 865 668 0 1059 368 449 321 327 698
1266 894 929 339 1220 1154 1231 1378 1547 1555 1047 1360 1243 1060 591 1165 976 1274 1245 1285 1256 1260 1234 731 1177 1294 420 1275 1520 1269 1932 1518 1142 323 1127 1100 1668 1296 657 784 91 497 1804 1073 1118 1296 820 1555 910 1039 1266 945 1368 1059 0 1069 933 1292 1299 1399
1196 203 239 1356 1150 1084 1160 688 551 863 977 364 1173 317 1235 1094 285 584 555 290 566 569 760 661 486 603 1437 585 830 579 936 828 1072 1339 437 1030 765 606 587 714 1025 1514 808 1002 1048 606 279 559 437 565 576 875 373 368 1069 0 459 602 609 403
1060 284 320 1220 1014 948 1025 769 937 946 841 751 1037 451 1099 959 366 665 636 676 647 650 344 525 567 684 1301 666 911 660 1322 908 936 1204 518 895 1059 687 451 578 890 1378 1194 867 912 686 211 945 90 150 656 739 759 449 933 459 0 683 690 789
1419 427 384 1579 1373 1307 1384 138 637 315 1200 779 1397 593 1458 1318 509 323 276 819 292 300 983 884 332 199 1661 285 280 315 965 278 1295 1563 337 1254 428 320 810 937 1249 1737 837 1226 1271 203 502 683 660 789 269 1098 816 321 1292 602 683 0 198 763
1426 433 391 1586 1380 1314 1391 129 628 307 1207 770 1403 600 1465 1325 516 315 267 825 283 291 990 891 324 191 1667 276 272 307 957 269 1302 1570 343 1260 420 311 817 944 1256 1744 829 1233 1278 194 509 674 667 796 260 1105 807 327 1299 609 690 198 0 754
1526 531 569 1686 1480 1413 1490 665 207 508 1307 73 1503 376 1564 1424 498 879 832 163 847 855 1090 990 816 755 1767 840 524 871 581 530 1401 1669 767 1360 410 875 917 1044 1355 1843 453 1332 1378 758 609 253 767 895 824 1204 100 698 1399 403 789 763 754 0
EOF