NAME : tsp_problem
TYPE : TSP
DIMENSION : 77
EDGE_WEIGHT_TYPE : EXPLICIT
EDGE_WEIGHT_FORMAT : FULL_MATRIX
EDGE_WEIGHT_SECTION
0 816 946 237 535 1092 680 325 1105 69 1264 1567 820 925 637 148 636 1006 333 406 315 334 926 477 826 664 559 924 958 697 667 1445 1095 731 918 572 836 477 631 461 634 713 626 1011 865 287 825 1478 487 351 1274 852 937 311 828 655 810 534 1072 257 354 447 705 932 943 925 592 636 362 202 728 627 559 361 818 474 1161
816 0 1675 966 330 365 1409 1054 1834 798 1993 837 1549 1654 256 694 572 368 879 1135 1044 1063 1655 1206 1555 600 1288 1652 1687 317 603 2174 1824 1460 1647 1301 1565 1206 568 1190 253 1442 563 372 1594 833 1554 748 1216 1080 2003 1581 1666 852 1557 275 80 1263 433 804 1083 417 1434 1661 1672 1654 1321 431 1091 931 1457 1356 354 1090 88 444 522
946 1675 0 1061 1393 1950 316 1150 1526 927 1685 2425 219 51 1495 1006 1494 1864 1191 1231 1140 1159 145 898 1247 1522 491 170 83 1556 1525 1866 1517 320 117 993 234 611 1490 1286 1492 302 1485 1869 160 1145 166 2336 524 652 1696 148 63 1170 147 1513 1668 466 1930 1116 1178 1306 294 131 141 51 1013 1495 1187 1027 364 559 1417 1185 1677 1332 2019
237 966 1061 0 684 1241 795 229 1220 218 1379 1716 936 1041 786 297 785 1155 482 310 219 239 1042 593 942 813 674 1039 1074 847 816 1561 1211 846 1033 688 951 593 781 366 783 828 776 1160 980 436 941 1627 603 467 1390 968 1053 461 943 804 959 649 1221 407 258 597 821 1048 1058 1041 707 785 267 107 844 742 708 265 968 623 1310
535 330 1393 684 0 608 1127 772 1552 516 1711 1081 1268 1372 150 412 816 612 597 853 762 782 1374 924 1274 844 1006 1371 1405 211 847 1892 1543 1178 1365 1020 1283 924 812 909 147 1160 807 616 1312 551 1273 991 934 798 1722 1300 1384 576 1275 169 323 981 677 522 801 136 1153 1380 1390 1373 1039 150 809 650 1175 1074 73 808 332 162 766
1092 365 1950 1241 608 0 1684 1329 2109 1073 2268 1070 1825 1930 535 969 529 325 865 1410 1319 1339 1931 1481 1831 557 1563 1928 1962 596 560 2449 2100 1735 1922 1577 1840 1481 525 1466 532 1717 520 330 1869 837 1830 981 1492 1356 2279 1857 1942 809 1832 553 358 1538 391 1079 1358 696 1710 1937 1947 1930 1596 710 1367 1207 1732 1631 633 1365 366 722 479
680 1409 316 795 1127 1684 0 883 1260 661 1419 2159 191 296 1229 740 1228 1598 925 965 874 893 297 632 981 1256 225 294 328 1290 1259 1600 1250 101 288 727 206 345 1224 1020 1226 83 1219 1603 235 879 196 2070 257 385 1429 223 308 904 198 1247 1402 200 1664 850 912 1040 76 303 313 296 747 1228 921 761 98 293 1151 919 1411 1066 1753
325 1054 1150 229 772 1329 883 0 1308 306 1467 1804 1024 1129 874 385 873 1243 570 126 51 70 1130 681 1030 901 762 1127 1162 935 904 1649 1299 934 1121 776 1039 681 869 181 871 916 864 1248 1068 524 1029 1715 691 555 1478 1056 1141 549 1031 892 1047 737 1309 495 74 685 909 1136 1146 1129 795 873 98 195 932 830 796 96 1056 711 1398
1105 1834 1526 1220 1552 2109 1260 1308 0 1086 389 2584 1400 1505 1654 1165 1653 2023 1350 1390 1299 1318 1506 838 329 1681 1139 1504 1538 1715 1684 413 63 1311 1498 790 1416 1057 1649 1445 1651 1293 1644 2028 1445 1304 1405 2495 1067 931 242 1432 1517 1329 1408 1672 1827 1114 2089 1275 1337 1465 1286 1512 1523 1505 810 1653 1346 1186 1308 1207 1576 1344 1836 1491 2178
69 798 927 218 516 1073 661 306 1086 0 1245 1548 802 907 618 129 617 987 314 387 296 316 908 458 808 645 540 905 939 679 648 1426 1077 712 899 554 817 458 613 443 615 694 608 992 846 268 807 1459 469 332 1256 834 919 293 809 636 791 515 1053 239 335 429 687 914 924 907 573 617 344 184 709 608 540 342 800 455 1142
1264 1993 1685 1379 1711 2268 1419 1467 389 1245 0 2743 1559 1664 1813 1324 1812 2182 1509 1548 1457 1477 1665 997 488 1840 1298 1662 1697 1874 1843 729 380 1470 1657 949 1574 1216 1808 1604 1810 1452 1802 2187 1604 1463 1564 2654 1226 1090 559 1591 1676 1488 1567 1831 1986 1273 2248 1434 1496 1624 1444 1671 1681 1664 969 1812 1505 1345 1467 1366 1735 1503 1994 1650 2337
1690 959 2548 1839 1203 1193 2282 1927 2707 1671 2866 0 2422 2527 1130 1567 1401 1196 1736 2008 1917 1937 2528 2079 2428 1429 2161 2526 2560 1190 1432 3047 2698 2333 2520 2174 2438 2079 1396 2064 1127 2315 1391 1201 2467 1706 2427 242 2089 1953 2877 2455 2539 1680 2430 1148 953 2136 1262 1677 1956 1290 2308 2534 2545 2528 2194 1305 1964 1805 2330 2229 1227 1963 961 1317 1351
820 1549 219 936 1268 1825 191 1024 1400 802 1559 2300 0 198 1369 881 1368 1739 1066 1105 1014 1033 199 773 1122 1396 366 197 231 1430 1399 1740 1391 194 191 868 109 486 1364 1160 1366 176 1359 1743 138 1020 98 2211 398 526 1570 125 210 1044 101 1388 1543 340 1804 990 1053 1180 169 205 216 198 887 1369 1061 901 239 433 1292 1060 1551 1207 1893
925 1654 51 1041 1372 1930 296 1129 1505 907 1664 2405 198 0 1474 986 1473 1844 1171 1210 1119 1138 124 877 1227 1501 470 149 63 1535 1504 1845 1496 299 96 973 213 591 1469 1265 1471 281 1464 1848 140 1124 146 2316 503 631 1675 127 42 1149 127 1493 1647 445 1909 1095 1158 1285 274 110 121 30 992 1474 1166 1006 344 538 1397 1165 1656 1312 1998
637 256 1495 786 150 535 1229 874 1654 618 1813 1007 1369 1474 0 514 742 538 699 955 864 883 1475 1026 1375 770 1108 1473 1507 137 773 1994 1645 1280 1467 1121 1385 1026 738 1011 74 1262 733 543 1414 653 1374 918 1036 900 1824 1401 1486 678 1377 95 250 1083 604 624 903 237 1255 1481 1492 1475 1141 251 911 752 1277 1176 174 910 258 264 692
148 694 1006 297 412 969 740 385 1165 129 1324 1445 881 986 514 0 513 884 211 466 375 395 987 538 887 541 619 984 1018 575 544 1505 1156 791 978 633 896 537 509 522 511 773 504 888 925 164 886 1356 548 412 1335 913 998 189 888 533 687 594 949 135 414 325 766 993 1003 986 652 514 423 263 788 687 437 421 696 352 1038
636 572 1494 785 816 529 1228 873 1653 617 1812 1278 1368 1473 742 513 0 443 408 954 863 882 1474 1025 1374 101 1107 1472 1506 803 104 1993 1644 1279 1466 1120 1384 1025 69 1009 739 1261 64 448 1413 381 1373 1189 1035 899 1823 1400 1485 353 1376 761 566 1082 509 623 902 813 1254 1480 1491 1474 1140 917 910 751 1276 1175 840 909 574 839 598
1006 368 1864 1155 612 325 1598 1243 2023 987 2182 1073 1739 1844 538 884 443 0 779 1324 1233 1253 1845 1395 1745 472 1477 1842 1876 599 475 2363 2014 1649 1836 1491 1754 1395 439 1380 535 1631 434 244 1783 751 1744 984 1406 1270 2193 1771 1856 723 1746 556 361 1452 305 993 1272 699 1624 1851 1861 1844 1510 713 1281 1121 1646 1545 636 1279 370 725 394
333 879 1191 482 597 865 925 570 1350 314 1509 1613 1066 1171 699 211 408 779 0 652 561 580 1172 723 1072 436 804 1169 1204 760 440 1690 1341 976 1163 818 1081 722 404 707 696 958 399 783 1110 78 1071 1524 733 597 1520 1098 1183 84 1073 718 872 779 844 320 599 510 951 1178 1188 1171 837 699 608 448 973 872 622 606 881 537 933
406 1135 1231 310 853 1410 965 126 1390 387 1548 1885 1105 1210 955 466 954 1324 652 0 132 151 1211 762 1111 982 844 1208 1243 1016 985 1730 1380 1016 1203 857 1120 762 950 120 952 997 945 1329 1150 605 1110 1796 772 636 1559 1137 1222 630 1113 973 1128 819 1390 576 155 766 990 1217 1227 1210 876 955 179 276 1013 911 877 177 1137 792 1479
315 1044 1140 219 762 1319 874 51 1299 296 1457 1794 1014 1119 864 375 863 1233 561 132 0 60 1120 671 1020 891 753 1117 1152 925 894 1639 1289 925 1112 766 1029 671 859 187 861 906 854 1238 1059 514 1019 1705 681 545 1468 1046 1131 539 1022 882 1037 728 1299 485 79 675 899 1126 1136 1119 785 864 88 185 922 820 786 86 1046 701 1388
334 1063 1159 239 782 1339 893 70 1318 316 1477 1814 1033 1138 883 395 882 1253 580 151 60 0 1139 690 1039 911 772 1137 1171 944 914 1658 1309 944 1131 785 1049 690 878 206 881 926 873 1257 1078 534 1038 1725 700 564 1488 1065 1150 558 1041 902 1057 747 1318 504 99 694 919 1145 1156 1139 805 883 107 204 941 840 806 106 1065 721 1407
926 1655 145 1042 1374 1931 297 1130 1506 908 1665 2406 199 124 1475 987 1474 1845 1172 1211 1120 1139 0 879 1228 1502 472 79 109 1536 1506 1846 1497 300 46 974 215 592 1470 1266 1472 282 1465 1849 234 1126 204 2317 504 632 1676 221 111 1150 207 1494 1649 447 1910 1096 1159 1286 275 60 70 124 993 1475 1167 1007 345 539 1398 1166 1657 1313 1999
477 1206 898 593 924 1481 632 681 838 458 997 1957 773 877 1026 538 1025 1395 723 762 671 690 879 0 559 1053 511 876 910 1087 1056 1178 828 683 870 305 788 429 1021 817 1023 665 1016 1400 817 676 778 1867 439 303 1007 805 889 701 780 1045 1199 486 1461 647 710 837 658 884 895 878 325 1026 718 558 680 579 949 717 1208 863 1550
826 1555 1247 942 1274 1831 981 1030 329 808 488 2306 1122 1227 1375 887 1374 1745 1072 1111 1020 1039 1228 559 0 1402 860 1225 1259 1436 1405 669 320 1032 1219 512 1137 778 1370 1166 1372 1014 1365 1749 1166 1026 1127 2217 789 653 499 1154 1239 1050 1129 1394 1549 835 1810 996 1059 1186 1007 1234 1244 1227 531 1375 1067 907 1029 928 1298 1066 1557 1213 1899
664 600 1522 813 844 557 1256 901 1681 645 1840 1306 1396 1501 770 541 101 472 436 982 891 911 1502 1053 1402 0 1135 1500 1534 831 132 2021 1672 1307 1494 1148 1412 1053 97 1038 767 1289 92 476 1441 409 1401 1217 1063 927 1851 1428 1513 381 1404 789 594 1110 537 651 930 841 1282 1508 1519 1502 1168 945 938 779 1304 1203 868 937 602 867 626
559 1288 491 674 1006 1563 225 762 1139 540 1298 2038 366 470 1108 619 1107 1477 804 844 753 772 472 511 860 1135 0 469 503 1169 1138 1479 1130 276 463 606 381 224 1103 899 1105 258 1098 1482 410 758 371 1949 136 265 1309 398 482 783 373 1126 1281 79 1543 729 791 919 251 477 488 471 626 1107 800 640 273 172 1030 798 1290 945 1632
924 1652 170 1039 1371 1928 294 1127 1504 905 1662 2403 197 149 1473 984 1472 1842 1169 1208 1117 1137 79 876 1225 1500 469 0 134 1533 1503 1844 1494 297 71 971 212 589 1467 1264 1470 279 1462 1847 241 1123 202 2314 501 629 1673 229 136 1147 204 1491 1646 444 1908 1093 1156 1283 272 85 95 149 990 1472 1164 1005 342 537 1395 1163 1654 1310 1997
958 1687 83 1074 1405 1962 328 1162 1538 939 1697 2438 231 63 1507 1018 1506 1876 1204 1243 1152 1171 109 910 1259 1534 503 134 0 1568 1537 1878 1529 332 81 1005 246 623 1502 1298 1504 314 1497 1881 172 1157 178 2348 536 664 1708 160 49 1182 159 1525 1680 478 1942 1128 1190 1318 306 96 106 63 1025 1507 1199 1039 376 571 1430 1198 1689 1344 2031
697 317 1556 847 211 596 1290 935 1715 679 1874 1068 1430 1535 137 575 803 599 760 1016 925 944 1536 1087 1436 831 1169 1533 1568 0 834 2055 1705 1341 1528 1182 1445 1087 799 1071 134 1323 794 603 1475 714 1435 979 1097 961 1884 1462 1547 738 1438 156 311 1144 664 684 964 298 1315 1542 1552 1535 1202 312 972 812 1338 1236 235 971 319 325 753
667 603 1525 816 847 560 1259 904 1684 648 1843 1309 1399 1504 773 544 104 475 440 985 894 914 1506 1056 1405 132 1138 1503 1537 834 0 2024 1675 1310 1497 1151 1415 1056 100 1041 771 1292 95 479 1444 412 1404 1220 1066 930 1854 1432 1516 384 1407 792 597 1113 540 654 933 844 1285 1511 1522 1505 1171 948 941 782 1307 1206 871 940 605 870 629
1445 2174 1866 1561 1892 2449 1600 1649 413 1426 729 2924 1740 1845 1994 1505 1993 2363 1690 1730 1639 1658 1846 1178 669 2021 1479 1844 1878 2055 2024 0 403 1651 1838 1131 1756 1397 1989 1785 1991 1633 1984 2368 1785 1644 1745 2835 1407 1271 582 1772 1857 1669 1748 2012 2167 1454 2429 1615 1677 1805 1626 1852 1863 1846 1150 1994 1686 1526 1648 1547 1916 1684 2176 1831 2518
1095 1824 1517 1211 1543 2100 1250 1299 63 1077 380 2575 1391 1496 1645 1156 1644 2014 1341 1380 1289 1309 1497 828 320 1672 1130 1494 1529 1705 1675 403 0 1301 1488 781 1406 1048 1639 1436 1642 1283 1634 2018 1435 1295 1396 2486 1058 922 233 1423 1508 1319 1398 1663 1818 1104 2080 1265 1328 1455 1276 1503 1513 1496 801 1644 1336 1177 1299 1197 1567 1335 1826 1482 2168
731 1460 320 846 1178 1735 101 934 1311 712 1470 2210 194 299 1280 791 1279 1649 976 1016 925 944 300 683 1032 1307 276 297 332 1341 1310 1651 1301 0 292 778 209 396 1275 1071 1277 86 1270 1654 239 930 199 2121 308 437 1481 226 311 955 202 1298 1453 251 1715 901 963 1091 79 306 316 299 798 1279 972 812 149 344 1202 970 1462 1117 1804
918 1647 117 1033 1365 1922 288 1121 1498 899 1657 2397 191 96 1467 978 1466 1836 1163 1203 1112 1131 46 870 1219 1494 463 71 81 1528 1497 1838 1488 292 0 965 206 583 1462 1258 1464 273 1457 1841 206 1117 196 2308 495 623 1667 193 83 1142 193 1485 1640 438 1902 1088 1150 1278 266 32 42 96 985 1466 1159 999 336 531 1389 1157 1649 1304 1991
572 1301 993 688 1020 1577 727 776 790 554 949 2052 868 973 1121 633 1120 1491 818 857 766 785 974 305 512 1148 606 971 1005 1182 1151 1131 781 778 965 0 883 524 1116 912 1118 760 1111 1495 912 772 873 1963 535 399 960 900 985 796 875 1140 1295 581 1556 742 805 932 753 980 990 973 277 1121 813 653 775 674 1044 812 1303 959 1645
836 1565 234 951 1283 1840 206 1039 1416 817 1574 2315 109 213 1385 896 1384 1754 1081 1120 1029 1049 215 788 1137 1412 381 212 246 1445 1415 1756 1406 209 206 883 0 501 1379 1176 1382 191 1374 1759 153 1035 114 2226 413 541 1585 141 225 1059 116 1403 1558 356 1820 1005 1068 1196 184 220 231 214 902 1384 1076 917 254 449 1307 1075 1566 1222 1909
477 1206 611 593 924 1481 345 681 1057 458 1216 1956 486 591 1026 537 1025 1395 722 762 671 690 592 429 778 1053 224 589 623 1087 1056 1397 1048 396 583 524 501 0 1021 817 1023 378 1016 1400 530 676 491 1867 153 183 1227 518 603 701 493 1044 1199 199 1461 647 709 837 371 598 608 591 544 1026 718 558 393 292 948 716 1208 863 1550
631 568 1490 781 812 525 1224 869 1649 613 1808 1274 1364 1469 738 509 69 439 404 950 859 878 1470 1021 1370 97 1103 1467 1502 799 100 1989 1639 1275 1462 1116 1379 1021 0 1005 735 1257 60 444 1409 377 1369 1185 1031 895 1818 1396 1481 349 1372 757 561 1078 505 619 898 809 1249 1476 1486 1469 1136 913 906 746 1272 1171 836 905 570 835 594
461 1190 1286 366 909 1466 1020 181 1445 443 1604 1941 1160 1265 1011 522 1009 1380 707 120 187 206 1266 817 1166 1038 899 1264 1298 1071 1041 1785 1436 1071 1258 912 1176 817 1005 0 1008 1053 1000 1384 1205 661 1165 1852 827 691 1615 1192 1277 685 1168 1029 1184 874 1445 631 210 821 1046 1272 1283 1266 932 1010 234 331 1068 967 933 233 1192 848 1534
634 253 1492 783 147 532 1226 871 1651 615 1810 1004 1366 1471 74 511 739 535 696 952 861 881 1472 1023 1372 767 1105 1470 1504 134 771 1991 1642 1277 1464 1118 1382 1023 735 1008 0 1259 730 540 1411 650 1371 915 1033 897 1821 1399 1483 675 1374 92 247 1080 601 621 900 234 1252 1478 1489 1472 1138 249 908 749 1274 1173 171 907 255 261 690
713 1442 302 828 1160 1717 83 916 1293 694 1452 2192 176 281 1262 773 1261 1631 958 997 906 926 282 665 1014 1289 258 279 314 1323 1292 1633 1283 86 273 760 191 378 1257 1053 1259 0 1251 1636 220 912 181 2103 290 418 1462 208 293 937 183 1280 1435 233 1697 883 945 1073 61 288 298 281 780 1261 954 794 131 326 1184 952 1443 1099 1786
626 563 1485 776 807 520 1219 864 1644 608 1802 1269 1359 1464 733 504 64 434 399 945 854 873 1465 1016 1365 92 1098 1462 1497 794 95 1984 1634 1270 1457 1111 1374 1016 60 1000 730 1251 0 439 1404 371 1364 1180 1026 890 1813 1391 1476 344 1367 751 556 1073 500 613 893 803 1244 1471 1481 1464 1131 908 901 741 1267 1165 831 900 565 830 589
1011 372 1869 1160 616 330 1603 1248 2028 992 2187 1078 1743 1848 543 888 448 244 783 1329 1238 1257 1849 1400 1749 476 1482 1847 1881 603 479 2368 2018 1654 1841 1495 1759 1400 444 1384 540 1636 439 0 1788 756 1748 989 1410 1274 2197 1775 1860 728 1751 561 366 1457 200 998 1277 703 1629 1855 1866 1848 1515 717 1285 1125 1651 1550 640 1284 374 730 289
865 1594 160 980 1312 1869 235 1068 1445 846 1604 2344 138 140 1414 925 1413 1783 1110 1150 1059 1078 234 817 1166 1441 410 241 172 1475 1444 1785 1435 239 206 912 153 530 1409 1205 1411 220 1404 1788 0 1064 85 2255 442 571 1615 67 152 1089 66 1432 1587 385 1849 1035 1097 1225 213 220 230 140 932 1413 1106 946 283 478 1336 1104 1596 1251 1938
287 833 1145 436 551 837 879 524 1304 268 1463 1583 1020 1124 653 164 381 751 78 605 514 534 1126 676 1026 409 758 1123 1157 714 412 1644 1295 930 1117 772 1035 676 377 661 650 912 371 756 1064 0 1025 1494 686 550 1474 1052 1136 57 1027 671 826 733 817 274 553 464 905 1131 1142 1125 791 653 561 402 927 826 575 560 835 490 906
825 1554 166 941 1273 1830 196 1029 1405 807 1564 2305 98 146 1374 886 1373 1744 1071 1110 1019 1038 204 778 1127 1401 371 202 178 1435 1404 1745 1396 199 196 873 114 491 1369 1165 1371 181 1364 1748 85 1025 0 2216 403 531 1575 73 158 1049 48 1393 1548 345 1809 995 1058 1185 174 210 221 146 892 1374 1066 906 244 438 1297 1065 1556 1212 1898
1789 1059 2647 1938 1303 1292 2381 2026 2806 1770 2965 112 2522 2627 1229 1667 1500 1296 1835 2107 2016 2036 2628 2179 2528 1528 2260 2625 2660 1290 1531 3146 2797 2432 2619 2274 2537 2178 1496 2163 1226 2414 1491 1300 2566 1805 2527 0 2189 2053 2976 2554 2639 1780 2529 1247 1052 2235 1361 1776 2055 1390 2407 2634 2644 2627 2293 1404 2064 1904 2429 2328 1327 2062 1061 1416 1450
487 1216 524 603 934 1492 257 691 1067 469 1226 1967 398 503 1036 548 1035 1406 733 772 681 700 504 439 789 1063 136 501 536 1097 1066 1407 1058 308 495 535 413 153 1031 827 1033 290 1026 1410 442 686 403 1878 0 193 1237 430 515 711 405 1055 1210 111 1471 657 720 847 283 510 520 503 554 1036 728 568 306 204 959 727 1218 874 1560
351 1080 652 467 798 1356 385 555 931 332 1090 1831 526 631 900 412 899 1270 597 636 545 564 632 303 653 927 265 629 664 961 930 1271 922 437 623 399 541 183 895 691 897 418 890 1274 571 550 531 1742 193 0 1101 558 643 575 533 919 1073 239 1335 521 584 711 411 638 648 631 418 900 592 432 434 332 823 591 1082 738 1424
1274 2003 1696 1390 1722 2279 1429 1478 242 1256 559 2754 1570 1675 1824 1335 1823 2193 1520 1559 1468 1488 1676 1007 499 1851 1309 1673 1708 1884 1854 582 233 1481 1667 960 1585 1227 1818 1615 1821 1462 1813 2197 1615 1474 1575 2665 1237 1101 0 1602 1687 1498 1577 1842 1997 1284 2259 1444 1507 1634 1455 1682 1692 1675 980 1823 1515 1356 1478 1376 1746 1514 2005 1661 2347
852 1581 148 968 1300 1857 223 1056 1432 834 1591 2332 125 127 1401 913 1400 1771 1098 1137 1046 1065 221 805 1154 1428 398 229 160 1462 1432 1772 1423 226 193 900 141 518 1396 1192 1399 208 1391 1775 67 1052 73 2243 430 558 1602 0 139 1076 54 1420 1575 373 1836 1022 1085 1212 201 208 218 127 919 1401 1093 934 271 465 1324 1092 1583 1239 1925
937 1666 63 1053 1384 1942 308 1141 1517 919 1676 2417 210 42 1486 998 1485 1856 1183 1222 1131 1150 111 889 1239 1513 482 136 49 1547 1516 1857 1508 311 83 985 225 603 1481 1277 1483 293 1476 1860 152 1136 158 2328 515 643 1687 139 0 1161 139 1505 1659 457 1921 1107 1170 1297 286 97 107 42 1004 1486 1178 1018 356 550 1409 1177 1668 1324 2010
311 852 1170 461 576 809 904 549 1329 293 1488 1558 1044 1149 678 189 353 723 84 630 539 558 1150 701 1050 381 783 1147 1182 738 384 1669 1319 955 1142 796 1059 701 349 685 675 937 344 728 1089 57 1049 1469 711 575 1498 1076 1161 0 1052 696 845 758 789 299 578 489 929 1156 1166 1149 816 677 586 426 952 851 600 585 854 515 878
828 1557 147 943 1275 1832 198 1031 1408 809 1567 2307 101 127 1377 888 1376 1746 1073 1113 1022 1041 207 780 1129 1404 373 204 159 1438 1407 1748 1398 202 193 875 116 493 1372 1168 1374 183 1367 1751 66 1027 48 2218 405 533 1577 54 139 1052 0 1395 1550 348 1812 998 1060 1188 176 207 217 127 895 1376 1069 909 246 441 1299 1067 1559 1214 1901
655 275 1513 804 169 553 1247 892 1672 636 1831 1025 1388 1493 95 533 761 556 718 973 882 902 1494 1045 1394 789 1126 1491 1525 156 792 2012 1663 1298 1485 1140 1403 1044 757 1029 92 1280 751 561 1432 671 1393 936 1055 919 1842 1420 1505 696 1395 0 268 1101 622 642 921 256 1273 1500 1510 1493 1159 270 930 770 1295 1194 193 928 277 282 711
810 80 1668 959 323 358 1402 1047 1827 791 1986 830 1543 1647 250 687 566 361 872 1128 1037 1057 1649 1199 1549 594 1281 1646 1680 311 597 2167 1818 1453 1640 1295 1558 1199 561 1184 247 1435 556 366 1587 826 1548 741 1210 1073 1997 1575 1659 845 1550 268 0 1256 427 797 1076 411 1428 1655 1665 1648 1314 425 1084 925 1450 1349 348 1083 81 437 516
534 1263 466 649 981 1538 200 737 1114 515 1273 2013 340 445 1083 594 1082 1452 779 819 728 747 447 486 835 1110 79 444 478 1144 1113 1454 1104 251 438 581 356 199 1078 874 1080 233 1073 1457 385 733 345 1924 111 239 1284 373 457 758 348 1101 1256 0 1518 704 766 894 226 452 463 446 601 1082 775 615 248 147 1005 773 1265 920 1607
1072 433 1930 1221 677 391 1664 1309 2089 1053 2248 1139 1804 1909 604 949 509 305 844 1390 1299 1318 1910 1461 1810 537 1543 1908 1942 664 540 2429 2080 1715 1902 1556 1820 1461 505 1445 601 1697 500 200 1849 817 1809 1050 1471 1335 2259 1836 1921 789 1812 622 427 1518 0 1059 1338 764 1690 1916 1927 1909 1576 778 1346 1186 1712 1611 701 1345 435 791 212
257 804 1116 407 522 1079 850 495 1275 239 1434 1554 990 1095 624 135 623 993 320 576 485 504 1096 647 996 651 729 1093 1128 684 654 1615 1265 901 1088 742 1005 647 619 631 621 883 613 998 1035 274 995 1465 657 521 1444 1022 1107 299 998 642 797 704 1059 0 524 435 875 1102 1113 1095 762 623 532 372 898 797 546 531 805 461 1148
354 1083 1178 258 801 1358 912 74 1337 335 1496 1833 1053 1158 903 414 902 1272 599 155 79 99 1159 710 1059 930 791 1156 1190 964 933 1677 1328 963 1150 805 1068 709 898 210 900 945 893 1277 1097 553 1058 1744 720 584 1507 1085 1170 578 1060 921 1076 766 1338 524 0 714 938 1165 1175 1158 824 902 127 224 960 859 825 125 1085 740 1427
447 417 1306 597 136 696 1040 685 1465 429 1624 1168 1180 1285 237 325 813 699 510 766 675 694 1286 837 1186 841 919 1283 1318 298 844 1805 1455 1091 1278 932 1196 837 809 821 234 1073 803 703 1225 464 1185 1079 847 711 1634 1212 1297 489 1188 256 411 894 764 435 714 0 1065 1292 1303 1285 952 237 722 562 1088 987 160 721 419 75 853
705 1434 294 821 1153 1710 76 909 1286 687 1444 2185 169 274 1255 766 1254 1624 951 990 899 919 275 658 1007 1282 251 272 306 1315 1285 1626 1276 79 266 753 184 371 1249 1046 1252 61 1244 1629 213 905 174 2096 283 411 1455 201 286 929 176 1273 1428 226 1690 875 938 1065 0 281 291 274 772 1254 946 787 124 319 1177 945 1436 1092 1778
932 1661 131 1048 1380 1937 303 1136 1512 914 1671 2412 205 110 1481 993 1480 1851 1178 1217 1126 1145 60 884 1234 1508 477 85 96 1542 1511 1852 1503 306 32 980 220 598 1476 1272 1478 288 1471 1855 220 1131 210 2323 510 638 1682 208 97 1156 207 1500 1655 452 1916 1102 1165 1292 281 0 57 111 999 1481 1173 1013 351 545 1404 1172 1663 1319 2005
943 1672 141 1058 1390 1947 313 1146 1523 924 1681 2422 216 121 1492 1003 1491 1861 1188 1227 1136 1156 70 895 1244 1519 488 95 106 1552 1522 1863 1513 316 42 990 231 608 1486 1283 1489 298 1481 1866 230 1142 221 2333 520 648 1692 218 107 1166 217 1510 1665 463 1927 1113 1175 1303 291 57 0 121 1010 1491 1183 1024 361 556 1414 1182 1673 1329 2016
925 1654 51 1041 1373 1930 296 1129 1505 907 1664 2405 198 30 1475 986 1474 1844 1171 1210 1119 1139 124 878 1227 1502 471 149 63 1535 1505 1846 1496 299 96 973 214 591 1469 1266 1472 281 1464 1848 140 1125 146 2316 503 631 1675 127 42 1149 127 1493 1648 446 1909 1095 1158 1285 274 111 121 0 992 1474 1166 1007 344 538 1397 1165 1656 1312 1998
592 1321 1013 707 1039 1596 747 795 810 573 969 2071 887 992 1141 652 1140 1510 837 876 785 805 993 325 531 1168 626 990 1025 1202 1171 1150 801 798 985 277 902 544 1136 932 1138 780 1131 1515 932 791 892 1982 554 418 980 919 1004 816 895 1159 1314 601 1576 762 824 952 772 999 1010 992 0 1140 833 673 795 694 1063 831 1323 978 1665
636 431 1495 785 150 710 1228 873 1653 617 1812 1182 1369 1474 251 514 917 713 699 955 864 883 1475 1026 1375 945 1107 1472 1507 312 948 1994 1644 1279 1466 1121 1384 1026 913 1010 249 1261 908 717 1413 653 1374 1093 1036 900 1823 1401 1486 677 1376 270 425 1082 778 623 902 237 1254 1481 1491 1474 1140 0 911 751 1277 1175 174 909 433 263 867
362 1091 1187 267 809 1367 921 98 1346 344 1505 1842 1061 1166 911 423 910 1281 608 179 88 107 1167 718 1067 938 800 1164 1199 972 941 1686 1336 972 1159 813 1076 718 906 234 908 954 901 1285 1106 561 1066 1753 728 592 1515 1093 1178 586 1069 930 1084 775 1346 532 127 722 946 1173 1183 1166 833 911 0 232 969 868 834 134 1093 749 1435
202 931 1027 107 650 1207 761 195 1186 184 1345 1682 901 1006 752 263 751 1121 448 276 185 204 1007 558 907 779 640 1005 1039 812 782 1526 1177 812 999 653 917 558 746 331 749 794 741 1125 946 402 906 1593 568 432 1356 934 1018 426 909 770 925 615 1186 372 224 562 787 1013 1024 1007 673 751 232 0 809 708 674 231 933 589 1275
728 1457 364 844 1175 1732 98 932 1308 709 1467 2207 239 344 1277 788 1276 1646 973 1013 922 941 345 680 1029 1304 273 342 376 1338 1307 1648 1299 149 336 775 254 393 1272 1068 1274 131 1267 1651 283 927 244 2118 306 434 1478 271 356 952 246 1295 1450 248 1712 898 960 1088 124 351 361 344 795 1277 969 809 0 341 1199 967 1459 1114 1801
627 1356 559 742 1074 1631 293 830 1207 608 1366 2106 433 538 1176 687 1175 1545 872 911 820 840 539 579 928 1203 172 537 571 1236 1206 1547 1197 344 531 674 449 292 1171 967 1173 326 1165 1550 478 826 438 2017 204 332 1376 465 550 851 441 1194 1349 147 1611 797 859 987 319 545 556 538 694 1175 868 708 341 0 1098 866 1357 1013 1700
559 354 1417 708 73 633 1151 796 1576 540 1735 1105 1292 1397 174 437 840 636 622 877 786 806 1398 949 1298 868 1030 1395 1430 235 871 1916 1567 1202 1389 1044 1307 948 836 933 171 1184 831 640 1336 575 1297 1016 959 823 1746 1324 1409 600 1299 193 348 1005 701 546 825 160 1177 1404 1414 1397 1063 174 834 674 1199 1098 0 832 356 186 790
361 1090 1185 265 808 1365 919 96 1344 342 1503 1840 1060 1165 910 421 909 1279 606 177 86 106 1166 717 1066 937 798 1163 1198 971 940 1684 1335 970 1157 812 1075 716 905 233 907 952 900 1284 1104 560 1065 1751 727 591 1514 1092 1177 585 1067 928 1083 773 1345 531 125 721 945 1172 1182 1165 831 909 134 231 967 866 832 0 1092 747 1434
818 88 1677 968 332 366 1411 1056 1836 800 1994 839 1551 1656 258 696 574 370 881 1137 1046 1065 1657 1208 1557 602 1290 1654 1689 319 605 2176 1826 1462 1649 1303 1566 1208 570 1192 255 1443 565 374 1596 835 1556 749 1218 1082 2005 1583 1668 854 1559 277 81 1265 435 805 1085 419 1436 1663 1673 1656 1323 433 1093 933 1459 1357 356 1092 0 445 524
474 444 1332 623 162 722 1066 711 1491 455 1650 1194 1207 1312 264 352 839 725 537 792 701 721 1313 863 1213 867 945 1310 1344 325 870 1831 1482 1117 1304 959 1222 863 835 848 261 1099 830 730 1251 490 1212 1105 874 738 1661 1239 1324 515 1214 282 437 920 791 461 740 75 1092 1319 1329 1312 978 263 749 589 1114 1013 186 747 445 0 880
1161 522 2019 1310 766 479 1753 1398 2178 1142 2337 1228 1893 1998 692 1038 598 394 933 1479 1388 1407 1999 1550 1899 626 1632 1997 2031 753 629 2518 2168 1804 1991 1645 1909 1550 594 1534 690 1786 589 289 1938 906 1898 1139 1560 1424 2347 1925 2010 878 1901 711 516 1607 212 1148 1427 853 1778 2005 2016 1998 1665 867 1435 1275 1801 1700 790 1434 524 880 0
EOF
