NAME : tsp_problem
TYPE : TSP
DIMENSION : 78
EDGE_WEIGHT_TYPE : EXPLICIT
EDGE_WEIGHT_FORMAT : FULL_MATRIX
EDGE_WEIGHT_SECTION
0 785 1527 617 1577 726 780 1930 1511 1382 1549 541 1149 898 751 1393 364 1601 1042 748 1077 1539 1756 764 553 474 249 741 711 342 1330 1853 756 695 768 1443 733 742 100 784 755 1058 1130 2924 1467 263 774 909 908 1484 647 1456 940 1300 772 160 734 648 519 725 558 1479 1566 714 1901 147 739 1446 611 1191 1363 1385 933 1139 979 1059 762 187
785 0 1101 193 1150 299 83 1504 1084 956 1123 1026 723 472 312 967 603 1175 615 288 651 1113 1329 329 295 1232 585 284 289 614 903 1427 294 269 324 1017 279 308 846 310 223 632 704 3407 1041 746 319 483 482 1058 327 1030 513 874 303 660 304 322 312 274 406 1053 1140 268 1475 854 258 1020 363 765 937 958 507 713 552 633 1520 668
1527 1101 0 936 92 1313 1096 1626 184 196 186 2040 415 997 1325 182 1617 116 1141 1302 505 829 1452 1343 1037 1974 1328 1298 1302 1628 244 1549 1307 862 1338 126 1293 1321 1589 1323 1237 1158 539 4421 141 1760 1333 1009 1007 158 1341 129 1039 269 1317 1402 1318 1336 1054 1287 1420 1175 168 1282 1597 1597 1272 124 1377 358 188 173 1033 1006 1059 1159 2263 1411
617 193 936 0 985 405 189 1338 919 791 958 1132 558 306 418 802 709 1010 450 394 485 948 1164 435 130 1064 418 390 395 720 738 1262 400 104 431 852 385 414 679 416 329 467 539 3513 876 853 425 318 316 893 433 864 348 709 409 492 410 428 147 380 512 888 975 374 1310 687 364 855 470 600 771 793 342 548 387 468 1353 501
1577 1150 92 985 0 1362 1146 1675 153 245 118 2089 465 1047 1375 231 1666 53 1191 1351 554 879 1501 1392 1087 2023 1377 1347 1352 1677 293 1599 1357 912 1388 176 1342 1371 1638 1373 1286 1207 589 4470 190 1810 1382 1058 1057 190 1391 144 1089 318 1366 1452 1367 1385 1104 1337 1469 1225 100 1331 1646 1646 1321 173 1427 407 238 222 1082 1055 1109 1208 2312 1460
726 299 1313 405 1362 0 246 1715 1296 1168 1335 827 935 683 372 1178 405 1386 827 370 862 1325 1541 385 506 1035 797 362 332 415 1115 1639 377 481 390 1229 354 363 706 405 376 843 916 3209 1253 548 395 695 693 1270 268 1241 725 1086 393 849 355 269 524 346 208 1265 1351 335 1686 753 360 1232 232 977 1148 1170 719 925 764 845 1324 880
780 83 1096 189 1146 246 0 1499 1080 951 1118 973 718 467 258 962 550 1170 611 235 646 1108 1325 276 290 1180 580 231 235 561 899 1422 240 264 271 1013 226 254 842 256 170 627 699 3354 1036 693 266 478 477 1053 274 1025 509 870 250 655 251 269 307 220 353 1048 1135 215 1470 850 205 1016 310 761 932 954 503 708 548 628 1469 663
1930 1504 1626 1338 1675 1715 1499 0 1609 1481 1648 2442 1248 1400 1728 1492 2019 1700 1544 1704 1176 1721 202 1746 1440 2377 1730 1701 1705 2030 1428 122 1710 1265 1741 1542 1695 1724 1991 1726 1640 1560 1229 4823 1566 2163 1736 1411 1410 1583 1744 1554 1442 1399 1719 1805 1720 1738 1457 1690 1823 610 1665 1684 54 1999 1675 1545 1780 1290 1461 1483 1436 1641 1481 1561 2665 1813
1511 1084 184 919 153 1296 1080 1609 0 179 103 2023 399 981 1309 165 1600 134 1125 1285 489 813 1435 1326 1021 1957 1311 1282 1286 1611 227 1533 1291 846 1322 110 1276 1305 1572 1307 1221 1141 523 4404 73 1744 1316 992 991 56 1325 113 1023 252 1300 1386 1301 1319 1038 1271 1404 1159 90 1265 1581 1580 1256 107 1361 341 172 156 1017 989 1043 1142 2246 1394
1382 956 196 791 245 1168 951 1481 179 0 218 1895 271 853 1181 112 1472 270 996 1157 360 684 1307 1198 892 1829 1183 1153 1157 1483 99 1405 1162 717 1193 122 1148 1177 1444 1178 1092 1013 394 4276 136 1615 1188 864 863 153 1196 125 894 124 1172 1257 1173 1191 909 1143 1275 1031 235 1137 1452 1452 1127 119 1232 213 82 104 888 861 915 1014 2118 1266
1549 1123 186 958 118 1335 1118 1648 103 218 0 2061 437 1019 1347 203 1639 99 1163 1324 527 851 1474 1365 1059 1996 1349 1320 1324 1650 266 1571 1329 884 1360 148 1314 1343 1611 1345 1259 1180 561 4443 112 1782 1355 1031 1029 94 1363 151 1061 291 1338 1424 1339 1358 1076 1309 1442 1197 55 1304 1619 1619 1294 146 1399 380 210 194 1055 1028 1081 1181 2285 1432
541 1026 2040 1132 2089 827 973 2442 2023 1895 2061 0 1662 1410 852 1905 465 2113 1554 850 1589 2052 2268 865 1067 436 764 842 813 443 1842 2366 857 1207 870 1956 835 844 522 886 856 1570 1642 3025 1980 365 876 1421 1420 1997 749 1968 1452 1813 874 664 835 750 1033 827 660 1992 2078 816 2413 568 841 1959 713 1704 1875 1897 1446 1652 1491 1571 725 701
1149 723 415 558 465 935 718 1248 399 271 437 1662 0 620 948 281 1239 489 763 924 127 510 1074 965 659 1596 950 920 924 1250 218 1172 929 484 960 332 915 944 1211 945 859 780 162 4043 356 1382 955 631 630 372 963 344 661 189 939 1024 940 958 676 910 1042 798 454 904 1219 1219 894 335 999 80 251 273 655 687 700 781 1885 1033
898 472 997 306 1047 683 467 1400 981 853 1019 1410 620 0 696 863 987 1071 171 672 547 669 1226 714 408 1345 698 669 673 998 800 1324 678 233 709 914 663 692 959 694 608 188 600 3791 938 1131 704 168 145 954 712 926 118 771 687 773 688 706 425 658 791 950 1036 652 1371 967 643 917 748 662 833 855 127 269 108 189 1633 781
751 312 1325 418 1375 372 258 1728 1309 1181 1347 852 948 696 0 1191 430 1399 840 395 875 1338 1554 410 519 1060 809 387 357 440 1128 1652 402 493 415 1242 380 388 731 430 395 856 928 3234 1266 573 420 707 706 1282 293 1254 738 1099 418 874 380 294 536 371 233 1278 1364 360 1699 778 386 1245 257 990 1161 1183 732 938 777 857 1349 893
1393 967 182 802 231 1178 962 1492 165 112 203 1905 281 863 1191 0 1483 255 1007 1168 371 695 1318 1209 903 1840 1193 1164 1168 1493 110 1415 1173 728 1204 107 1158 1187 1455 1189 1103 1023 405 4287 122 1626 1199 875 873 138 1207 110 905 135 1182 1268 1183 1202 920 1153 1286 1041 220 1147 1463 1463 1138 104 1243 224 92 114 899 872 925 1025 2128 1276
364 603 1617 709 1666 405 550 2019 1600 1472 1639 465 1239 987 430 1483 0 1690 1131 427 1166 1629 1845 442 811 673 586 420 390 176 1419 1943 434 785 447 1533 412 421 344 463 433 1148 1220 2847 1557 186 453 999 997 1574 326 1545 1029 1390 451 487 412 327 828 404 266 1569 1656 393 1990 391 418 1536 290 1281 1452 1474 1023 1229 1068 1149 962 523
1601 1175 116 1010 53 1386 1170 1700 134 270 99 2113 489 1071 1399 255 1690 0 1215 1376 579 903 1526 1417 1111 2048 1401 1372 1376 1701 318 1623 1381 936 1412 200 1366 1395 1663 1397 1311 1231 613 4495 189 1834 1407 1083 1081 171 1415 169 1113 343 1390 1476 1391 1410 1128 1361 1494 1249 81 1355 1671 1671 1346 197 1451 432 262 246 1107 1080 1133 1233 2336 1484
1042 615 1141 450 1191 827 611 1544 1125 996 1163 1554 763 171 840 1007 1131 1215 0 816 691 685 1370 857 552 1488 842 812 817 1142 944 1467 822 376 853 1057 807 836 1103 838 751 46 744 3935 1081 1274 847 210 161 1098 855 1070 134 914 831 916 832 850 569 802 934 1093 1180 796 1515 1111 786 1060 892 805 977 999 143 285 125 47 1777 925
748 288 1302 394 1351 370 235 1704 1285 1157 1324 850 924 672 395 1168 427 1376 816 0 852 1314 1530 407 496 1058 786 385 355 438 1104 1628 399 470 412 1218 377 386 729 428 372 833 905 3231 1242 571 418 684 683 1259 291 1230 714 1075 416 861 377 292 513 369 231 1254 1341 358 1676 775 383 1221 255 966 1137 1159 708 914 753 834 1347 869
1077 651 505 485 554 862 646 1176 489 360 527 1589 127 547 875 371 1166 579 691 852 0 600 1001 893 587 1524 877 848 852 1177 308 1099 857 412 888 421 842 871 1138 873 787 707 108 3970 445 1310 883 558 557 462 891 434 589 278 866 952 867 886 604 837 970 725 544 831 1147 1147 822 424 927 169 341 363 583 777 628 708 1812 960
1539 1112 829 947 879 1324 1108 1721 813 684 851 2051 510 668 1337 695 1628 903 684 1313 600 0 1547 1354 1049 1985 1339 1309 1314 1639 632 1644 1319 874 1350 746 1304 1333 1600 1335 1248 701 634 4432 769 1772 1344 707 658 786 1353 758 631 603 1328 1414 1329 1347 1066 1299 1431 1270 868 1293 1692 1608 1283 749 1389 493 665 687 640 546 599 702 2274 1422
1756 1329 1452 1164 1501 1541 1325 202 1435 1307 1474 2268 1074 1226 1554 1318 1845 1526 1370 1530 1001 1547 0 1571 1266 2203 1556 1527 1531 1856 1254 166 1536 1091 1567 1368 1521 1550 1817 1552 1466 1386 1055 4649 1392 1989 1561 1237 1236 1409 1570 1380 1268 1225 1545 1631 1546 1564 1283 1516 1649 436 1491 1510 206 1825 1501 1371 1606 1116 1287 1309 1262 1467 1307 1387 2491 1639
764 329 1343 435 1392 385 276 1746 1326 1198 1365 865 965 714 410 1209 442 1417 857 407 893 1355 1571 0 537 1073 827 400 370 453 1145 1669 415 511 428 1259 392 401 744 443 413 874 946 3247 1283 586 433 725 724 1300 306 1272 755 1116 431 887 393 307 554 384 246 1295 1382 373 1717 791 398 1262 270 1007 1179 1200 749 955 794 875 1362 910
553 295 1037 130 1087 506 290 1440 1021 892 1059 1067 659 408 519 903 811 1111 552 496 587 1049 1266 537 0 1000 354 492 496 821 840 1363 501 205 532 954 486 515 615 517 431 568 640 3450 977 789 527 419 418 994 535 966 450 811 510 428 511 530 248 481 614 989 1076 475 1411 623 466 957 571 701 873 895 444 649 489 569 1289 437
474 1232 1974 1064 2023 1035 1180 2377 1957 1829 1996 436 1596 1345 1060 1840 673 2048 1488 1058 1524 1986 2203 1073 1000 0 696 1050 1021 651 1777 2300 1065 1142 1078 1890 1043 1052 455 1094 1064 1505 1577 3233 1914 573 1084 1356 1355 1931 957 1903 1386 1747 1081 597 1043 957 965 1034 868 1926 2013 1024 2348 501 1049 1893 921 1638 1810 1832 1380 1586 1425 1506 330 634
249 585 1328 418 1377 797 580 1730 1311 1183 1349 764 950 698 809 1193 586 1401 842 786 877 1340 1556 827 354 696 0 782 786 564 1130 1654 791 495 822 1244 777 805 311 807 721 858 930 3146 1268 485 817 709 708 1284 825 1256 740 1101 801 124 802 820 319 771 781 1280 1366 766 1701 319 756 1247 834 992 1163 1185 734 940 779 859 985 144
741 284 1298 390 1347 362 231 1701 1282 1153 1320 842 920 669 387 1164 420 1372 812 385 848 1310 1527 400 492 1050 782 0 347 431 1101 1624 392 466 405 1214 370 378 722 420 368 829 901 3224 1238 563 410 680 679 1255 283 1227 710 1071 408 857 370 284 509 361 223 1250 1337 350 1672 768 376 1217 247 962 1134 1156 704 910 750 830 1339 865
711 289 1302 395 1352 332 235 1705 1286 1157 1324 813 924 673 357 1168 390 1376 817 355 852 1314 1531 370 496 1021 786 347 0 401 1105 1628 362 470 375 1219 340 349 692 391 361 833 905 3194 1242 533 381 684 683 1259 254 1231 715 1076 379 834 340 255 513 332 193 1254 1341 321 1676 738 346 1222 218 966 1138 1160 709 914 754 834 1309 869
342 614 1628 720 1677 415 561 2030 1611 1483 1650 443 1250 998 440 1493 176 1701 1142 438 1177 1640 1856 453 821 651 564 431 401 0 1430 1954 445 796 458 1544 423 432 322 474 444 1158 1231 2825 1568 164 464 1010 1008 1585 337 1556 1040 1401 462 465 423 338 833 415 277 1580 1666 404 2001 369 429 1547 301 1292 1463 1485 1034 1240 1079 1160 940 501
1330 903 244 738 293 1115 899 1428 227 99 266 1842 218 800 1128 110 1419 318 944 1104 308 632 1254 1145 840 1777 1130 1101 1105 1430 0 1352 1110 665 1141 160 1095 1124 1391 1126 1040 960 342 4223 184 1563 1136 811 810 201 1144 172 842 74 1119 1205 1120 1138 857 1090 1223 978 283 1084 1400 1399 1075 163 1180 163 79 101 836 808 862 961 2065 1213
1853 1427 1549 1262 1599 1639 1422 122 1533 1405 1571 2366 1172 1324 1652 1415 1943 1623 1467 1628 1099 1644 166 1669 1363 2300 1654 1624 1628 1954 1352 0 1633 1188 1664 1466 1619 1648 1915 1649 1563 1484 1152 4747 1490 2086 1659 1335 1334 1506 1667 1478 1365 1323 1643 1728 1644 1662 1380 1614 1746 534 1588 1608 126 1923 1598 1469 1703 1214 1385 1407 1359 1565 1404 1485 2589 1737
756 294 1307 400 1357 377 240 1710 1291 1162 1329 857 929 678 402 1173 434 1381 822 399 857 1319 1536 415 501 1065 791 392 362 445 1110 1633 0 475 420 1224 384 393 736 435 377 838 910 3239 1247 578 425 689 688 1264 298 1236 720 1081 423 866 385 299 518 376 238 1259 1346 365 1681 783 390 1227 262 971 1143 1165 714 919 759 839 1354 874
695 269 862 104 912 481 264 1265 846 717 884 1207 484 233 493 728 785 936 376 470 412 874 1091 511 205 1142 495 466 470 796 665 1188 475 0 506 778 460 489 757 491 405 393 465 3589 802 928 501 244 243 819 509 791 275 635 484 570 485 504 222 455 588 814 901 450 1236 765 440 781 545 526 698 720 268 474 314 394 1431 578
768 324 1338 431 1388 390 271 1741 1322 1193 1360 870 960 709 415 1204 447 1412 853 412 888 1350 1567 428 532 1078 822 405 375 458 1141 1664 420 506 0 1254 397 406 749 448 408 869 941 3251 1278 591 438 720 719 1295 311 1267 751 1111 436 892 398 312 549 389 251 1290 1377 378 1712 796 403 1257 275 1002 1174 1196 744 950 790 870 1367 905
1443 1017 126 852 176 1229 1013 1542 110 122 148 1956 332 914 1242 107 1533 200 1057 1218 421 746 1368 1259 954 1890 1244 1214 1219 1544 160 1466 1224 778 1254 0 1209 1238 1505 1240 1153 1074 456 4337 67 1676 1249 925 924 83 1257 55 955 185 1233 1318 1234 1252 971 1204 1336 1092 165 1198 1513 1513 1188 49 1293 274 114 98 949 922 976 1075 2179 1327
733 279 1293 385 1342 354 226 1695 1276 1148 1314 835 915 663 380 1158 412 1366 807 377 842 1305 1521 392 486 1043 777 370 340 423 1095 1619 384 460 397 1209 0 371 714 413 362 823 895 3216 1233 556 403 674 673 1250 276 1221 705 1066 401 851 362 277 503 354 216 1245 1331 343 1666 760 368 1212 240 957 1128 1150 699 905 744 824 1332 860
742 308 1321 414 1371 363 254 1724 1305 1177 1343 844 944 692 388 1187 421 1395 836 386 871 1334 1550 401 515 1052 805 378 349 432 1124 1648 393 489 406 1238 371 0 723 422 391 852 924 3225 1262 564 412 703 702 1278 285 1250 734 1095 409 865 371 285 532 362 224 1274 1360 352 1695 769 377 1241 249 986 1157 1179 728 933 773 853 1340 889
100 846 1589 679 1638 706 842 1991 1572 1444 1611 522 1211 959 731 1455 344 1663 1103 729 1138 1601 1817 744 615 455 311 722 692 322 1391 1915 736 757 749 1505 714 723 0 765 735 1120 1192 2904 1529 244 755 971 969 1546 628 1517 1001 1362 753 221 714 629 580 706 539 1541 1628 695 1963 127 720 1508 592 1253 1424 1446 995 1201 1040 1121 743 248
784 310 1323 416 1373 405 256 1726 1307 1178 1345 886 945 694 430 1189 463 1397 838 428 873 1335 1552 443 517 1094 807 420 391 474 1126 1649 435 491 448 1240 413 422 765 0 393 854 926 3267 1263 607 454 705 704 1280 327 1252 736 1097 452 882 413 328 534 405 266 1275 1362 394 1697 811 419 1243 291 987 1159 1181 730 935 775 855 1382 890
755 223 1237 329 1286 376 170 1640 1221 1092 1259 856 859 608 395 1103 433 1311 751 372 787 1249 1466 413 431 1064 721 368 361 444 1040 1563 377 405 408 1153 362 391 735 393 0 768 840 3238 1177 577 403 619 618 1194 297 1166 649 1010 386 796 384 298 448 357 237 1189 1276 351 1611 782 342 1156 261 901 1073 1095 643 849 689 769 1353 804
1058 632 1158 467 1207 843 627 1560 1141 1013 1180 1570 780 188 856 1023 1148 1231 46 833 707 702 1386 874 568 1505 858 829 833 1158 960 1484 838 393 869 1074 823 852 1120 854 768 0 761 3952 1098 1291 864 226 178 1115 872 1086 150 931 847 933 848 867 585 818 951 1110 1196 812 1531 1128 803 1077 908 822 993 1015 160 302 141 63 1793 941
1130 704 539 539 589 916 699 1229 523 394 561 1642 162 600 928 405 1220 613 744 905 108 634 1055 946 640 1577 930 901 905 1231 342 1152 910 465 941 456 895 924 1192 926 840 761 0 4024 479 1363 936 612 610 496 944 468 642 313 919 1005 920 939 657 890 1023 778 578 885 1200 1200 875 459 980 204 375 397 636 811 681 762 1866 1013
2924 3407 4421 3513 4470 3209 3354 4823 4404 4276 4443 3025 4043 3791 3234 4287 2847 4495 3935 3231 3970 4433 4649 3247 3450 3233 3146 3224 3194 2825 4223 4747 3239 3589 3251 4337 3216 3225 2904 3267 3238 3952 4024 0 4361 2686 3257 3803 3801 4378 3130 4349 3833 4194 3255 3047 3217 3131 3415 3208 3041 4373 4460 3197 4795 2951 3222 4340 3094 4085 4256 4278 3827 4033 3872 3953 3522 3083
1467 1041 141 876 190 1253 1036 1566 73 136 112 1980 356 938 1266 122 1557 189 1081 1242 445 769 1392 1283 977 1914 1268 1238 1242 1568 184 1490 1247 802 1278 67 1233 1262 1529 1263 1177 1098 479 4361 0 1700 1273 949 948 47 1281 70 979 209 1257 1342 1258 1276 994 1228 1360 1116 129 1222 1537 1537 1212 64 1317 298 128 113 973 946 1000 1099 2203 1351
263 746 1760 853 1810 548 693 2163 1744 1615 1782 365 1382 1131 573 1626 186 1834 1274 571 1310 1772 1989 586 789 573 485 563 533 164 1563 2086 578 928 591 1676 556 564 244 607 577 1291 1363 2686 1700 0 596 1142 1141 1717 469 1689 1173 1533 594 386 556 470 755 547 381 1712 1799 537 2134 290 562 1679 434 1424 1596 1618 1166 1372 1212 1292 861 423
774 319 1333 425 1382 395 266 1736 1316 1188 1355 876 955 704 420 1199 453 1407 847 418 883 1345 1561 433 527 1084 817 410 381 464 1136 1659 425 501 438 1249 403 412 755 454 403 864 936 3257 1273 596 0 715 714 1290 317 1262 745 1106 442 892 403 318 544 394 256 1285 1372 384 1707 801 409 1252 281 997 1169 1191 739 945 784 865 1372 900
909 483 1009 318 1058 695 478 1411 992 864 1031 1421 631 168 707 875 999 1083 210 684 558 707 1237 725 419 1356 709 680 684 1010 811 1335 689 244 720 925 674 703 971 705 619 226 612 3803 949 1142 715 0 178 966 723 937 156 782 698 784 699 718 436 669 802 961 1048 664 1383 979 654 928 759 673 844 866 166 307 147 227 1645 792
908 482 1007 316 1057 693 477 1410 991 863 1029 1420 630 145 706 873 997 1081 161 683 557 659 1236 724 418 1355 708 679 683 1008 810 1334 688 243 719 924 673 702 969 704 618 178 610 3801 948 1141 714 178 0 964 722 936 108 781 697 783 698 717 435 668 801 960 1046 662 1381 977 653 927 758 672 843 865 117 259 98 179 1643 791
1484 1058 158 893 190 1270 1053 1583 56 153 94 1997 372 954 1282 138 1574 171 1098 1259 462 786 1409 1300 994 1931 1284 1255 1259 1585 201 1506 1264 819 1295 83 1250 1278 1546 1280 1194 1115 496 4378 47 1717 1290 966 964 0 1298 86 996 226 1274 1359 1275 1293 1011 1244 1377 1132 111 1239 1554 1554 1229 81 1334 315 145 130 990 963 1016 1116 2220 1368
647 327 1341 433 1391 268 274 1744 1325 1196 1363 749 963 712 293 1207 326 1415 855 291 891 1353 1570 306 535 957 825 283 254 337 1144 1667 298 509 311 1257 276 285 628 327 297 872 944 3130 1281 469 317 723 722 1298 0 1270 754 1114 315 770 276 191 552 267 129 1293 1380 257 1715 674 282 1260 154 1005 1177 1199 747 953 793 873 1245 807
1456 1030 129 864 144 1241 1025 1554 113 125 151 1968 344 926 1254 110 1545 169 1070 1230 434 758 1380 1272 966 1903 1256 1227 1231 1556 172 1478 1236 791 1267 55 1221 1250 1517 1252 1166 1086 468 4349 70 1689 1262 937 936 86 1270 0 968 197 1245 1331 1246 1264 983 1216 1349 1104 168 1210 1526 1525 1201 52 1306 286 117 101 962 934 988 1087 2191 1339
940 513 1039 348 1089 725 509 1442 1023 894 1061 1452 661 118 738 905 1029 1113 134 714 589 632 1268 755 450 1386 740 710 715 1040 842 1365 720 275 751 955 705 734 1001 736 649 150 642 3833 979 1173 745 156 108 996 754 968 0 812 729 815 730 748 467 700 832 991 1078 694 1413 1009 684 958 790 703 875 897 90 232 71 152 1675 823
1300 874 269 709 318 1086 870 1399 252 124 291 1813 189 771 1099 135 1390 343 914 1075 278 603 1225 1116 811 1747 1101 1071 1076 1401 74 1323 1081 635 1111 185 1066 1095 1362 1097 1010 931 313 4194 209 1533 1106 782 781 226 1114 197 812 0 1090 1175 1091 1109 828 1061 1193 949 308 1055 1370 1370 1045 188 1151 172 104 126 806 779 833 932 2036 1184
772 303 1317 409 1366 393 250 1719 1300 1172 1338 874 939 687 418 1182 451 1390 831 416 866 1329 1545 431 510 1081 801 408 379 462 1119 1643 423 484 436 1233 401 409 753 452 386 847 919 3255 1257 594 442 698 697 1274 315 1245 729 1090 0 875 401 315 527 392 254 1269 1355 382 1690 799 407 1236 279 981 1152 1174 723 929 768 848 1370 884
160 660 1402 492 1452 849 655 1805 1386 1257 1424 664 1024 773 874 1268 487 1476 916 861 952 1414 1631 887 428 597 124 857 834 465 1205 1728 866 570 892 1318 851 865 221 882 796 933 1005 3047 1342 386 892 784 783 1359 770 1331 815 1175 875 0 857 771 394 846 681 1354 1441 837 1776 229 831 1321 734 1066 1238 1260 808 1014 854 934 886 62
734 304 1318 410 1367 355 251 1720 1301 1173 1339 835 940 688 380 1183 412 1391 832 377 867 1330 1546 393 511 1043 802 370 340 423 1120 1644 385 485 398 1234 362 371 714 413 384 848 920 3217 1258 556 403 699 698 1275 276 1246 730 1091 401 857 0 277 528 354 216 1270 1356 343 1691 761 368 1237 240 982 1153 1175 724 930 769 849 1332 885
648 322 1336 428 1385 269 269 1738 1319 1191 1358 750 958 706 294 1202 327 1410 850 292 886 1348 1564 307 530 957 820 284 255 338 1138 1662 299 504 312 1252 277 285 629 328 298 867 939 3131 1276 470 318 718 717 1293 191 1264 748 1109 315 771 277 0 547 268 130 1288 1375 258 1710 675 283 1255 155 1000 1171 1193 742 948 787 868 1246 808
519 312 1054 147 1104 524 307 1457 1038 909 1076 1033 676 425 536 920 828 1128 569 513 604 1066 1283 554 248 965 319 509 513 833 857 1380 518 222 549 971 503 532 580 534 448 585 657 3415 994 755 544 436 435 1011 552 983 467 828 527 394 528 547 0 498 631 1006 1093 492 1428 588 483 974 588 719 890 912 461 666 506 586 1254 402
725 274 1287 380 1337 346 220 1690 1271 1143 1309 827 910 658 371 1153 404 1361 802 369 837 1300 1516 384 481 1034 771 361 332 415 1090 1614 376 455 389 1204 354 362 706 405 357 818 890 3208 1228 547 394 669 668 1244 267 1216 700 1061 392 846 354 268 498 0 207 1240 1326 335 1661 752 360 1207 232 952 1123 1145 694 900 739 819 1323 855
558 406 1420 512 1469 208 353 1823 1404 1275 1442 660 1042 791 233 1286 266 1494 934 231 970 1432 1649 246 614 868 781 223 193 277 1223 1746 238 588 251 1336 216 224 539 266 237 951 1023 3041 1360 381 256 802 801 1377 129 1349 832 1193 254 681 216 130 631 207 0 1372 1459 196 1794 585 222 1339 93 1084 1256 1278 826 1032 872 952 1157 718
1479 1053 1175 888 1225 1265 1048 610 1159 1031 1197 1992 798 950 1278 1041 1569 1249 1093 1254 725 1270 436 1295 989 1926 1280 1250 1254 1580 978 534 1259 814 1290 1092 1245 1274 1541 1275 1189 1110 778 4373 1116 1712 1285 961 960 1132 1293 1104 991 949 1269 1354 1270 1288 1006 1240 1372 0 1214 1234 582 1549 1224 1095 1329 840 1011 1033 985 1191 1030 1111 2215 1363
1566 1140 168 975 100 1351 1135 1665 90 235 55 2078 454 1036 1364 220 1656 81 1180 1341 544 868 1491 1382 1076 2013 1366 1337 1341 1666 283 1588 1346 901 1377 165 1331 1360 1628 1362 1276 1196 578 4460 129 1799 1372 1048 1046 111 1380 168 1078 308 1355 1441 1356 1375 1093 1326 1459 1214 0 1320 1636 1636 1311 162 1416 397 227 211 1072 1045 1098 1198 2301 1449
714 268 1282 374 1331 335 215 1684 1265 1137 1304 816 904 652 360 1147 393 1355 796 358 831 1294 1510 373 475 1024 766 350 321 404 1084 1608 365 450 378 1198 343 352 695 394 351 812 885 3197 1222 537 384 664 662 1239 257 1210 694 1055 382 837 343 258 492 335 196 1234 1320 0 1655 741 349 1201 221 946 1117 1139 688 894 733 814 1312 849
1901 1475 1597 1310 1646 1686 1470 54 1581 1452 1619 2413 1219 1371 1699 1463 1990 1671 1515 1676 1147 1692 206 1717 1411 2348 1701 1672 1676 2001 1400 126 1681 1236 1712 1513 1666 1695 1963 1697 1611 1531 1200 4795 1537 2134 1707 1383 1381 1554 1715 1526 1413 1370 1690 1776 1691 1710 1428 1661 1794 582 1636 1655 0 1971 1646 1516 1751 1261 1433 1455 1407 1613 1452 1533 2636 1784
147 854 1597 687 1646 753 850 1999 1580 1452 1619 568 1219 967 778 1463 391 1671 1111 775 1147 1609 1825 791 623 501 319 768 738 369 1399 1923 783 765 796 1513 760 769 127 811 782 1128 1200 2951 1537 290 801 979 977 1554 674 1525 1009 1370 799 229 761 675 588 752 585 1549 1636 741 1971 0 766 1516 638 1261 1432 1454 1003 1209 1048 1129 790 256
739 258 1272 364 1321 360 205 1675 1256 1127 1294 841 894 643 386 1138 418 1346 786 383 822 1284 1501 398 466 1049 756 376 346 429 1075 1598 390 440 403 1188 368 377 720 419 342 803 875 3222 1212 562 409 654 653 1229 282 1201 684 1045 407 831 368 283 483 360 222 1224 1311 349 1646 766 0 1191 246 936 1108 1130 678 884 724 804 1338 839
1446 1020 124 855 173 1232 1016 1545 107 119 146 1959 335 917 1245 104 1536 197 1060 1221 424 749 1371 1262 957 1893 1247 1217 1222 1547 163 1469 1227 781 1257 49 1212 1241 1508 1243 1156 1077 459 4340 64 1679 1252 928 927 81 1260 52 958 188 1236 1321 1237 1255 974 1207 1339 1095 162 1201 1516 1516 1191 0 1297 277 111 95 952 925 979 1078 2182 1330
611 363 1377 470 1427 232 310 1780 1361 1232 1399 713 999 748 257 1243 290 1451 892 255 927 1389 1606 270 571 921 834 247 218 301 1180 1703 262 545 275 1293 240 249 592 291 261 908 980 3094 1317 434 281 759 758 1334 154 1306 790 1151 279 734 240 155 588 232 93 1329 1416 221 1751 638 246 1297 0 1041 1213 1235 784 989 829 909 1209 771
1191 765 358 600 407 977 761 1290 341 213 380 1704 80 662 990 224 1281 432 805 966 169 493 1116 1007 701 1638 992 962 966 1292 163 1214 971 526 1002 274 957 986 1253 987 901 822 204 4085 298 1424 997 673 672 315 1005 286 703 172 981 1066 982 1000 719 952 1084 840 397 946 1261 1261 936 277 1041 0 193 215 697 670 724 823 1927 1075
1363 937 188 771 238 1148 932 1461 172 82 210 1875 251 833 1161 92 1452 262 977 1137 341 665 1287 1179 873 1810 1163 1134 1138 1463 79 1385 1143 698 1174 114 1128 1157 1424 1159 1073 993 375 4256 128 1596 1169 844 843 145 1177 117 875 104 1152 1238 1153 1171 890 1123 1256 1011 227 1117 1433 1432 1108 111 1213 193 0 84 869 841 895 994 2098 1246
1385 958 173 793 222 1170 954 1483 156 104 194 1897 273 855 1183 114 1474 246 999 1159 363 687 1309 1200 895 1832 1185 1156 1160 1485 101 1407 1165 720 1196 98 1150 1179 1446 1181 1095 1015 397 4278 113 1618 1191 866 865 130 1199 101 897 126 1174 1260 1175 1193 912 1145 1278 1033 211 1139 1455 1454 1130 95 1235 215 84 0 891 863 917 1016 2120 1268
933 507 1033 342 1082 719 503 1436 1017 888 1055 1446 655 127 732 899 1023 1107 143 708 583 641 1262 749 444 1380 734 704 709 1034 836 1359 714 268 744 949 699 728 995 730 643 160 636 3827 973 1166 739 166 117 990 747 962 90 806 723 808 724 742 461 694 826 985 1072 688 1407 1003 678 952 784 697 869 891 0 241 80 161 1669 817
1012 585 1046 420 1096 797 581 1514 1030 901 1068 1524 727 141 810 912 1101 1120 158 786 661 586 1340 827 522 1459 812 783 787 1112 849 1437 792 347 823 963 777 806 1073 808 722 174 714 3905 986 1245 818 180 131 1003 826 975 104 820 801 887 802 820 539 772 905 1063 1085 766 1485 1081 757 966 862 711 882 904 113 0 73 175 1747 895
979 552 1060 387 1110 764 548 1481 1044 915 1082 1491 700 108 777 926 1068 1134 125 753 628 600 1307 794 489 1425 779 750 754 1079 863 1404 759 314 790 976 744 773 1040 775 689 141 681 3872 1000 1212 784 147 98 1017 793 989 71 833 768 854 769 787 506 739 872 1030 1099 733 1452 1048 724 979 829 724 896 918 80 200 0 142 1714 862
1059 633 1159 468 1208 845 628 1561 1142 1014 1181 1571 781 189 857 1025 1149 1233 47 834 708 703 1387 875 569 1506 859 830 834 1160 961 1485 839 394 870 1075 824 853 1121 855 769 63 762 3953 1099 1292 865 227 179 1116 873 1087 152 932 848 934 849 868 586 819 952 1111 1198 814 1533 1129 804 1078 909 823 994 1016 161 303 142 0 1795 942
1072 1830 2572 1663 2622 1633 1779 2975 2556 2427 2594 1034 2194 1943 1659 2438 1271 2646 2087 1656 2122 2584 2801 1671 1598 639 1294 1649 1619 1249 2375 2898 1663 1740 1676 2489 1641 1650 1053 1692 1662 2103 2175 3832 2512 1171 1682 1954 1953 2529 1555 2501 1985 2346 1680 1195 1641 1556 1564 1633 1466 2524 2611 1622 2946 1099 1647 2492 1519 2236 2408 2430 1979 2184 2024 2104 0 1232
187 668 1411 501 1460 880 663 1813 1394 1266 1432 701 1033 781 893 1276 523 1484 925 869 960 1423 1639 910 437 634 144 865 869 501 1213 1737 874 578 905 1327 860 889 248 890 804 941 1013 3083 1351 423 900 792 791 1368 807 1339 823 1184 884 62 885 808 402 855 718 1363 1449 849 1784 256 839 1330 771 1075 1246 1268 817 1023 862 942 922 0
EOF