NAME : tsp_problem
TYPE : TSP
DIMENSION : 46
EDGE_WEIGHT_TYPE : EXPLICIT
EDGE_WEIGHT_FORMAT : FULL_MATRIX
EDGE_WEIGHT_SECTION
0 894 320 771 852 110 1310 872 316 986 615 700 364 1087 430 782 412 1164 195 936 1021 985 501 910 457 94 409 247 942 531 687 1338 546 793 679 850 1059 416 189 744 932 984 448 230 987 3513
894 0 969 1017 1097 976 468 1118 965 1231 1480 945 1230 1953 1296 1647 657 323 1060 1181 1266 1231 1368 1776 1323 858 1274 895 1270 1399 1555 497 1414 1039 1547 91 591 1281 1054 1612 1177 1229 1316 1096 1233 4379
320 969 0 847 928 402 1385 948 147 1062 907 679 657 1379 723 1074 487 1240 487 1011 1096 1061 795 1202 749 285 701 133 665 825 981 1414 840 869 973 926 1135 708 481 1038 1008 1060 742 522 1063 3805
771 1017 847 0 114 854 1433 125 843 239 1358 334 1108 1831 1174 1525 417 1287 938 188 273 238 1246 1653 1200 736 1152 773 658 1276 1432 1461 1291 84 1424 973 1183 1159 932 1490 185 237 1193 974 240 4256
852 1097 928 114 0 934 1513 63 924 177 1439 415 1188 1911 1254 1606 498 1368 1019 126 211 176 1327 1734 1281 816 1233 854 739 1357 1513 1542 1372 98 1505 1054 1263 1240 1013 1570 123 175 1274 1054 178 4337
110 976 402 854 934 0 1392 955 399 1068 697 782 447 1054 513 864 494 1246 277 1018 1103 1067 467 878 539 177 491 329 1024 498 654 1420 513 875 646 932 1142 498 271 711 1014 1066 415 312 1070 3481
1310 468 1385 1433 1513 1392 0 1534 1381 1647 1896 1361 1646 2369 1712 2063 1073 206 1476 1597 1682 1646 1784 2191 1739 1274 1690 1311 1685 1815 1971 54 1830 1455 1963 507 482 1697 1470 2028 1593 1645 1731 1512 1649 4795
872 1118 948 125 63 955 1534 0 944 142 1459 435 1209 1932 1275 1626 518 1389 1039 138 177 141 1347 1754 1302 837 1253 874 760 1378 1534 1563 1393 109 1526 1075 1284 1260 1033 1591 134 186 1294 1075 143 4358
316 965 147 843 924 399 1381 944 0 1058 903 667 653 1376 719 1070 483 1236 483 1007 1092 1057 791 1198 745 281 697 129 653 821 977 1410 837 865 969 922 1131 704 477 1035 1004 1056 738 519 1059 3801
986 1231 1062 239 177 1068 1647 142 1058 0 1573 549 1322 2045 1388 1740 632 1502 1153 93 65 30 1461 1868 1415 951 1367 988 873 1491 1647 1676 1506 223 1639 1188 1397 1374 1147 1704 137 96 1408 1188 53 4471
615 1480 907 1358 1439 697 1896 1459 903 1573 0 1286 324 521 236 258 998 1751 781 1522 1607 1572 624 344 211 681 357 833 1528 571 491 1925 560 1380 445 1437 1646 369 455 350 1519 1571 650 460 1574 2947
700 945 678 334 415 782 1361 435 666 549 1286 0 1036 1759 1102 1453 345 1216 866 498 583 548 1174 1582 1129 664 1080 702 371 1205 1361 1390 1220 356 1353 902 1111 1087 860 1418 495 547 1122 902 550 4185
364 1230 657 1108 1188 447 1646 1209 653 1322 324 1036 0 796 286 491 748 1501 531 1272 1357 1321 839 619 261 431 407 583 1278 846 766 1675 836 1130 720 1187 1396 419 205 625 1268 1320 786 243 1324 3222
1087 1953 1379 1831 1911 1054 2369 1932 1376 2045 521 1759 796 0 709 381 1471 2223 932 1995 2080 2044 656 378 684 1154 829 1306 2001 603 524 2398 593 1852 477 1909 2119 841 928 384 1991 2043 683 933 2047 2981
430 1296 723 1174 1254 513 1712 1275 719 1388 236 1102 286 709 0 403 814 1567 597 1338 1423 1387 811 531 173 497 319 649 1344 758 678 1741 748 1196 632 1253 1462 331 271 537 1334 1386 838 309 1390 3134
782 1647 1074 1525 1606 864 2063 1626 1070 1740 258 1453 491 381 403 0 1165 1918 760 1689 1774 1739 484 204 378 848 524 1000 1695 431 351 2092 421 1547 305 1604 1813 536 622 210 1686 1738 510 627 1741 2807
412 657 487 417 498 494 1073 518 483 632 998 345 748 1471 814 1165 0 928 578 581 666 631 886 1293 841 376 792 413 670 917 1073 1102 932 439 1065 614 823 799 572 1130 578 630 834 614 633 3897
1164 323 1240 1287 1368 1246 206 1389 1236 1502 1751 1216 1501 2223 1567 1918 928 0 1331 1452 1537 1501 1639 2046 1593 1129 1545 1166 1540 1669 1825 202 1684 1309 1817 362 336 1552 1325 1882 1448 1500 1586 1366 1503 4649
195 1060 487 938 1019 277 1476 1039 483 1153 781 866 531 932 597 760 578 1331 0 1102 1187 1152 346 756 624 261 575 413 1108 376 532 1505 391 960 524 1017 1226 582 355 589 1099 1151 293 397 1154 3359
936 1181 1011 188 126 1018 1597 138 1007 93 1522 498 1272 1995 1338 1689 581 1452 1102 0 127 92 1411 1818 1365 900 1317 938 823 1441 1597 1626 1456 173 1589 1138 1347 1323 1096 1654 197 169 1358 1138 94 4421
1021 1266 1096 273 211 1103 1682 177 1092 65 1607 583 1357 2080 1423 1774 666 1537 1187 127 0 64 1495 1903 1450 985 1401 1023 908 1526 1682 1711 1541 257 1674 1223 1432 1408 1181 1739 112 71 1443 1223 87 4506
985 1231 1061 238 176 1067 1646 141 1057 30 1572 548 1321 2044 1387 1739 631 1501 1152 92 64 0 1460 1867 1414 950 1366 987 872 1490 1646 1675 1505 222 1638 1187 1396 1373 1146 1703 142 101 1407 1187 52 4470
501 1368 795 1246 1327 467 1784 1347 791 1461 624 1174 839 656 811 484 886 1639 346 1411 1495 1460 0 480 786 569 884 721 1416 100 256 1813 116 1268 248 1325 1534 890 663 314 1407 1459 115 705 1462 3083
910 1776 1202 1653 1734 878 2191 1754 1198 1868 344 1582 619 378 531 204 1293 2046 756 1818 1903 1867 480 0 506 976 652 1128 1823 427 348 2220 417 1675 301 1732 1941 664 751 206 1814 1866 507 756 1869 2629
457 1323 749 1200 1281 539 1739 1302 745 1415 211 1129 261 684 173 378 841 1593 624 1365 1450 1414 786 506 0 523 294 676 1371 733 654 1767 723 1222 607 1279 1488 306 298 512 1361 1413 813 335 1416 3110
94 858 285 736 816 177 1274 837 281 951 681 664 431 1154 497 848 376 1129 261 900 985 950 569 976 523 0 475 211 906 599 755 1303 615 758 747 815 1024 482 255 813 897 949 516 297 952 3579
409 1274 701 1152 1233 491 1690 1253 697 1367 357 1080 407 829 319 524 792 1545 575 1317 1401 1366 884 652 294 475 0 627 1322 879 799 1719 869 1174 753 1231 1440 452 250 658 1313 1365 831 287 1368 3255
247 895 133 773 854 329 1311 874 129 988 833 702 583 1306 649 1000 413 1166 413 938 1023 987 721 1128 676 211 627 0 754 752 908 1340 767 795 900 852 1061 634 407 965 934 986 668 449 989 3732
941 1270 664 658 739 1023 1685 760 652 873 1527 371 1277 2000 1343 1694 670 1540 1107 823 908 872 1416 1823 1370 905 1322 754 0 1446 1602 1714 1461 680 1594 1226 1435 1328 1101 1659 819 871 1363 1143 875 4426
531 1399 825 1276 1357 498 1815 1378 821 1491 571 1205 846 603 758 431 917 1669 376 1441 1526 1490 100 427 733 599 879 752 1447 0 253 1843 127 1298 207 1355 1564 891 694 261 1437 1489 127 735 1492 3030
687 1555 981 1432 1513 654 1971 1534 977 1647 491 1361 766 524 678 351 1073 1825 532 1597 1682 1646 256 348 654 755 799 908 1603 253 0 1999 243 1454 127 1511 1721 811 850 181 1593 1645 283 891 1649 2951
1338 497 1414 1461 1542 1420 54 1563 1410 1676 1925 1390 1675 2398 1741 2092 1102 202 1505 1626 1711 1675 1813 2220 1767 1303 1719 1340 1714 1843 1999 0 1858 1483 1991 536 510 1726 1499 2056 1622 1674 1760 1541 1677 4823
546 1414 840 1291 1372 513 1830 1393 837 1506 560 1220 836 593 748 421 932 1684 391 1456 1541 1505 116 417 723 615 869 767 1462 127 243 1858 0 1313 197 1370 1580 881 709 250 1452 1504 142 750 1508 3020
793 1039 869 84 98 875 1455 109 865 223 1380 356 1130 1852 1196 1547 439 1309 960 173 257 222 1268 1675 1222 758 1174 795 680 1298 1454 1483 1313 0 1446 995 1204 1181 954 1511 169 221 1215 995 224 4278
679 1547 973 1424 1505 646 1963 1526 969 1639 445 1353 720 477 632 305 1065 1817 524 1589 1674 1638 248 301 607 747 753 900 1595 207 127 1991 197 1446 0 1503 1712 765 842 135 1585 1637 275 856 1640 2904
850 91 926 973 1054 932 507 1075 922 1188 1437 902 1187 1909 1253 1604 614 362 1017 1138 1223 1187 1325 1732 1279 815 1231 852 1226 1355 1511 536 1370 995 1503 0 630 1238 1011 1568 1134 1186 1272 1052 1189 4335
1071 591 1146 1194 1274 1153 482 1295 1142 1409 1657 1122 1407 2130 1473 1824 834 336 1237 1358 1443 1408 1545 1953 1500 1035 1451 1073 1447 1576 1732 510 1591 1216 1724 630 0 1458 1231 1789 1355 1407 1493 1273 1410 4556
416 1281 708 1159 1240 498 1697 1260 704 1374 369 1087 419 841 331 536 799 1552 582 1323 1408 1373 890 664 306 482 452 634 1329 891 811 1726 881 1181 765 1238 1447 0 256 670 1320 1372 838 294 1375 3267
189 1054 481 932 1013 271 1470 1033 477 1147 455 860 205 928 271 622 572 1325 355 1096 1181 1146 663 751 298 255 250 407 1102 694 850 1499 709 954 842 1011 1220 256 0 757 1093 1145 611 71 1148 3354
744 1612 1038 1490 1570 711 2028 1591 1035 1704 350 1418 625 384 537 210 1130 1882 589 1654 1739 1703 314 206 512 813 658 965 1660 261 181 2056 250 1511 135 1568 1778 670 757 0 1650 1702 340 761 1706 2809
932 1177 1008 185 123 1014 1593 134 1004 137 1519 495 1268 1991 1334 1686 578 1448 1099 197 112 142 1407 1814 1361 897 1313 934 819 1437 1593 1622 1452 169 1585 1134 1343 1320 1093 1650 0 80 1354 1134 170 4417
984 1229 1060 237 175 1066 1645 186 1056 96 1571 547 1320 2043 1386 1738 630 1500 1151 169 71 101 1459 1866 1413 949 1365 986 871 1489 1645 1674 1504 221 1637 1186 1395 1372 1145 1702 80 0 1406 1186 129 4469
448 1316 742 1193 1274 415 1731 1294 738 1408 650 1122 786 683 838 510 834 1586 293 1358 1443 1407 115 507 813 516 831 668 1363 127 283 1760 142 1215 275 1272 1481 838 611 340 1354 1406 0 652 1409 3110
230 1096 522 974 1054 312 1512 1075 519 1188 460 902 243 933 309 627 614 1366 397 1138 1223 1187 705 756 335 297 287 449 1144 735 891 1541 750 995 856 1052 1262 294 71 761 1134 1186 652 0 1190 3359
987 1233 1063 240 178 1070 1649 143 1059 53 1574 550 1324 2047 1390 1741 633 1503 1154 94 87 52 1462 1869 1416 952 1368 989 875 1492 1649 1677 1508 224 1640 1189 1399 1375 1148 1706 170 129 1409 1190 0 4472
3513 4379 3805 4256 4337 3481 4795 4358 3801 4471 2947 4185 3222 2981 3134 2807 3897 4649 3359 4421 4506 4470 3083 2629 3110 3579 3255 3732 4427 3030 2951 4823 3020 4278 2904 4335 4544 3267 3354 2809 4417 4469 3110 3359 4472 0
EOF