NAME : tsp_problem
TYPE : TSP
DIMENSION : 78
EDGE_WEIGHT_TYPE : EXPLICIT
EDGE_WEIGHT_FORMAT : FULL_MATRIX
EDGE_WEIGHT_SECTION
0 274 1010 1113 1291 1281 1395 496 1242 1082 305 955 1283 241 369 1183 1352 282 1475 1436 414 1252 653 690 305 568 1260 465 229 252 1334 849 1219 885 1359 1805 750 395 1372 296 933 1370 324 1553 542 701 746 275 255 805 1419 825 612 268 401 1173 322 1529 647 1028 988 1314 152 128 230 627 1528 738 1724 993 622 832 289 412 325 266 1431 697
274 0 823 1332 1105 1095 1209 714 1056 895 393 768 1097 329 295 997 1166 370 1289 1250 632 1066 467 503 392 786 1073 279 317 340 1148 663 1032 699 1173 1619 563 613 1186 362 747 1184 412 1367 760 807 560 362 343 618 1233 1043 830 356 619 986 344 1343 460 842 802 1128 240 216 318 845 1342 777 1537 807 840 679 377 226 413 354 1245 915
1010 823 0 1793 970 960 1074 1120 921 761 1128 633 962 828 700 748 1031 829 1154 1115 1367 931 549 585 874 1248 939 632 1052 833 1013 188 897 160 1038 1484 645 1348 1051 768 144 1049 1148 1232 1128 888 642 848 812 245 1098 1505 987 1091 1185 851 750 1208 393 707 40 993 908 951 1053 1307 1207 858 1402 46 972 761 833 627 854 818 1110 1377
1423 1641 2103 0 2384 2375 2489 1053 2336 2175 1309 2048 2377 1608 1736 2277 2446 1649 2569 2529 1247 2346 1629 1564 1671 1002 2353 1830 1365 1619 2427 1943 2312 1979 2452 2898 1532 1228 2466 1662 2027 2464 1271 2647 1099 1258 1535 1641 1622 1898 2512 639 1169 1331 1062 2266 1689 2623 1740 2122 2081 2408 1519 1466 1372 846 2622 1294 2817 2087 1179 1388 1656 1779 1692 1633 2524 769
1291 1105 970 2075 0 56 122 1401 71 351 1409 393 35 1109 981 251 79 1110 202 163 1649 81 830 866 1155 1529 816 913 1333 1114 61 810 114 845 86 1362 926 1630 99 1049 863 97 1429 280 1409 1170 923 1130 1094 765 146 1786 1268 1372 1466 166 1031 256 674 317 948 41 1189 1232 1335 1588 255 1140 1280 953 1253 1042 1114 908 1135 1100 988 1658
1281 1095 960 2065 56 0 160 1391 64 342 1400 384 48 1099 972 242 117 1101 240 201 1639 74 820 857 1145 1519 807 903 1324 1105 99 800 107 836 124 1352 917 1620 137 1040 854 135 1419 318 1399 1160 913 1120 1084 755 184 1777 1258 1363 1456 159 1021 294 665 308 938 79 1180 1223 1325 1579 293 1130 1271 944 1243 1033 1104 899 1126 1090 978 1649
1395 1209 1074 2179 122 160 0 1505 175 456 1513 498 139 1213 1085 355 79 1214 123 83 1753 185 934 971 1259 1633 920 1017 1438 1219 122 914 218 949 93 1466 1030 1734 56 1153 967 58 1533 201 1513 1274 1027 1234 1198 869 67 1890 1372 1476 1570 271 1135 177 778 421 1052 114 1293 1336 1439 1692 176 1244 1384 1057 1357 1147 1218 1013 1240 1204 1092 1762
496 714 1120 743 1401 1391 1505 0 1352 1192 382 1065 1393 681 809 1293 1462 722 1585 1546 320 1362 646 580 744 197 1370 846 438 692 1444 959 1329 995 1469 1915 548 301 1482 735 1043 1480 344 1663 127 275 551 714 695 915 1529 455 197 404 135 1283 762 1639 757 1138 1098 1424 592 539 445 257 1638 311 1834 1103 207 405 729 842 765 706 1541 327
1242 1056 921 2026 71 64 175 1352 0 303 1361 345 63 1060 933 203 132 1062 255 216 1600 89 782 818 1107 1480 768 865 1285 1066 114 761 122 797 139 1313 878 1581 152 1001 815 150 1380 333 1361 1121 875 1081 1045 716 199 1738 1220 1324 1418 174 982 309 626 269 900 94 1141 1184 1286 1540 308 1091 1232 905 1204 994 1066 860 1087 1051 939 1610
1082 895 761 1866 351 342 456 1192 303 0 1200 184 344 900 772 244 413 901 536 496 1439 313 621 657 946 1320 607 704 1124 905 394 600 279 636 419 1152 717 1421 433 840 684 431 1220 614 1200 961 714 920 885 556 479 1577 1059 1163 1257 233 822 590 465 108 739 375 980 1023 1125 1379 589 930 1071 744 1044 833 905 699 926 890 778 1449
305 393 1128 999 1409 1400 1513 382 1361 1200 0 1073 1402 360 488 1302 1471 400 1594 1554 299 1371 772 808 423 453 1378 583 329 371 1452 968 1337 1003 1477 1923 860 281 1490 414 1052 1489 235 1672 428 587 863 393 374 923 1537 710 497 294 287 1291 440 1648 765 1147 1106 1433 271 246 335 512 1647 623 1842 1112 508 717 408 530 444 384 1549 582
955 768 633 1738 393 384 498 1065 345 184 1073 0 386 773 645 286 455 774 578 538 1312 355 494 530 819 1193 480 577 997 778 436 473 321 509 461 1025 590 1293 475 713 557 473 1093 656 1073 834 587 793 757 428 521 1450 932 1036 1130 275 695 632 338 131 612 417 853 896 998 1252 631 803 944 617 917 706 778 572 799 763 651 1322
1283 1097 962 2067 35 48 139 1393 63 344 1402 386 0 1101 974 244 97 1103 220 180 1641 73 823 859 1148 1521 809 906 1326 1107 78 802 107 838 103 1354 919 1622 116 1042 856 115 1421 298 1401 1162 916 1122 1086 757 163 1779 1261 1365 1459 159 1023 274 667 310 941 59 1182 1225 1327 1581 273 1132 1273 946 1245 1035 1107 901 1128 1092 980 1651
241 329 828 1299 1109 1099 1213 681 1060 900 360 773 1101 0 299 1001 1170 337 1293 1254 599 1070 471 508 359 753 1078 283 284 307 1152 667 1037 703 1177 1623 568 580 1190 350 751 1188 379 1371 727 811 564 329 310 623 1237 1010 797 322 586 991 348 1347 465 846 806 1132 207 183 285 812 1346 781 1542 811 807 684 344 230 380 321 1249 882
369 295 700 1426 981 972 1085 809 933 772 488 645 974 299 0 874 1043 300 1166 1126 727 943 344 380 345 881 950 155 412 304 1024 540 909 575 1049 1495 440 708 1062 239 624 1061 507 1244 855 683 437 320 284 495 1109 1138 782 450 714 863 221 1220 337 719 678 1005 335 310 413 940 1219 653 1414 684 767 556 304 102 325 289 1121 1010
1183 997 747 1967 251 242 355 1293 203 244 1302 286 244 1001 874 0 313 1003 435 396 1541 212 722 759 1047 1421 709 805 1226 1007 294 702 179 687 319 1254 819 1522 332 942 638 330 1321 513 1301 1062 815 1022 986 657 379 1679 1160 1265 1358 133 923 489 567 210 726 275 1082 1125 1227 1481 488 1032 1173 731 1145 935 1006 801 1028 992 880 1551
1352 1166 1031 2136 79 117 79 1462 132 413 1471 455 97 1170 1043 313 0 1172 150 110 1710 142 892 928 1217 1590 878 975 1395 1176 120 871 176 907 120 1423 988 1691 82 1111 925 85 1490 228 1471 1231 985 1191 1155 826 93 1848 1330 1434 1528 228 1092 204 736 379 1010 100 1251 1294 1396 1650 203 1201 1342 1015 1314 1104 1176 970 1197 1161 1049 1720
282 370 829 1339 1110 1101 1214 722 1062 901 400 774 1103 337 300 1003 1172 0 1294 1255 639 1071 473 509 400 793 1079 284 324 347 1153 669 1038 704 1178 1624 569 621 1191 368 752 1190 420 1373 768 812 566 370 350 624 1238 1050 837 363 627 992 350 1348 466 848 807 1134 247 223 325 852 1347 782 1543 812 847 685 385 231 420 361 1250 922
1475 1289 1154 2259 202 240 123 1585 255 536 1594 578 220 1293 1166 435 150 1294 0 69 1833 265 1014 1051 1339 1713 1001 1097 1518 1299 192 994 298 1029 164 1546 1111 1814 126 1233 1047 129 1613 123 1593 1354 1107 1314 1278 949 86 1970 1452 1556 1650 351 1215 137 859 501 1132 185 1374 1416 1519 1772 142 1324 1464 1138 1437 1227 1298 1093 1320 1284 1172 1842
1436 1250 1115 2220 163 201 83 1546 216 496 1554 538 180 1254 1126 396 110 1255 69 0 1794 226 975 1011 1300 1674 961 1058 1478 1259 153 954 259 990 125 1506 1071 1775 87 1194 1008 89 1574 171 1554 1315 1068 1275 1239 910 47 1931 1413 1517 1611 311 1176 185 819 462 1093 145 1334 1377 1479 1733 190 1284 1425 1098 1398 1187 1259 1053 1280 1244 1132 1803
414 632 1367 938 1649 1639 1753 320 1600 1439 299 1312 1641 599 727 1541 1710 639 1833 1794 0 1610 897 831 662 392 1617 823 356 610 1692 1207 1576 1243 1717 2163 799 88 1730 653 1291 1728 262 1911 366 526 802 632 613 1162 1777 649 436 321 225 1530 680 1887 1005 1386 1346 1672 510 457 363 451 1886 562 2081 1351 446 656 647 770 683 624 1789 521
1252 1066 931 2036 81 74 185 1362 89 313 1371 355 73 1070 943 212 142 1071 265 226 1610 0 791 828 1116 1490 777 874 1295 1076 124 771 132 806 149 1323 887 1591 162 1010 824 160 1390 343 1370 1131 884 1091 1055 726 209 1747 1229 1333 1427 184 992 319 635 278 909 104 1151 1193 1296 1549 318 1101 1241 914 1214 1004 1075 870 1097 1061 949 1619
653 467 549 1320 830 820 934 646 782 621 772 494 823 471 344 722 892 473 1014 975 897 791 0 229 517 774 799 275 696 477 873 389 758 424 898 1344 289 878 911 412 472 909 791 1092 654 415 285 492 456 344 958 1031 513 735 711 712 393 1068 186 568 527 854 552 595 697 833 1067 384 1263 532 498 293 476 271 498 462 970 903
690 503 585 1254 866 857 971 580 818 657 808 530 859 508 380 759 928 509 1051 1011 831 828 229 0 554 708 835 312 732 513 909 425 794 461 934 1380 325 812 948 448 509 946 828 1129 588 349 322 528 492 380 994 965 447 771 645 748 430 1105 222 604 563 890 588 631 733 767 1104 319 1299 569 432 227 513 307 534 498 1006 837
305 392 874 1362 1155 1145 1259 744 1107 946 423 819 1148 359 345 1047 1217 400 1339 1300 662 1116 517 554 0 816 1124 329 347 370 1198 714 1083 749 1223 1669 614 643 1236 413 797 1234 442 1417 791 857 610 393 373 669 1283 1073 860 386 649 1037 394 1393 511 893 852 1179 270 246 348 875 1392 827 1588 857 870 730 407 276 443 384 1295 945
568 786 1248 692 1529 1519 1633 197 1480 1320 453 1193 1521 753 881 1421 1590 793 1713 1674 392 1490 774 708 816 0 1498 974 510 764 1572 1087 1457 1123 1597 2043 676 373 1610 807 1171 1608 416 1791 244 403 679 786 767 1043 1657 403 313 475 206 1411 833 1767 885 1267 1226 1552 664 611 516 283 1766 439 1962 1231 323 533 801 923 837 777 1669 275
1260 1073 939 2043 816 807 920 1370 768 607 1378 480 809 1078 950 709 878 1079 1001 961 1617 777 799 835 1124 1498 0 882 1302 1083 859 778 744 814 884 603 895 1599 897 1018 862 896 1398 1079 1378 1139 892 1098 1062 733 944 1755 1237 1341 1435 698 1000 1055 643 554 917 840 1158 1201 1303 1557 1054 1108 522 922 1222 1011 1083 877 1104 1068 229 1627
465 279 632 1520 913 903 1017 846 865 704 583 577 906 283 155 805 975 284 1097 1058 823 874 275 312 329 974 882 0 508 289 956 472 841 507 981 1427 372 804 994 223 555 992 603 1175 854 615 368 304 268 427 1041 1232 713 546 810 795 205 1151 269 651 610 937 363 406 509 1034 1150 585 1346 615 698 488 288 83 310 274 1053 1104
229 317 1052 1056 1333 1324 1438 438 1285 1124 329 997 1326 284 412 1226 1395 324 1518 1478 356 1295 696 732 347 510 1302 508 0 295 1376 892 1261 928 1401 1847 792 337 1415 338 976 1413 291 1596 485 644 789 317 298 847 1461 767 554 310 343 1215 364 1572 689 1071 1030 1357 195 170 273 569 1571 680 1766 1036 564 774 332 454 368 308 1473 639
252 340 833 1309 1114 1105 1219 692 1066 905 371 778 1107 307 304 1007 1176 347 1299 1259 610 1076 477 513 370 764 1083 289 295 0 1157 673 1042 709 1182 1628 573 591 1196 361 757 1194 390 1377 738 817 570 340 321 628 1242 1021 808 333 597 996 354 1353 470 852 811 1138 218 193 296 823 1352 786 1547 817 818 689 355 235 391 332 1254 893
1334 1148 1013 2118 61 99 122 1444 114 394 1452 436 78 1152 1024 294 120 1153 192 153 1692 124 873 909 1198 1572 859 956 1376 1157 0 853 157 888 126 1405 969 1673 125 1092 906 127 1472 270 1452 1213 966 1173 1137 808 136 1829 1311 1415 1509 209 1074 246 717 360 991 82 1232 1275 1378 1631 245 1183 1323 996 1296 1085 1157 951 1178 1143 1031 1701
849 663 188 1633 810 800 914 959 761 600 968 473 802 667 540 702 871 669 994 954 1207 771 389 425 714 1087 778 472 892 673 853 0 737 127 877 1324 485 1188 891 608 111 889 987 1072 967 728 482 688 652 112 938 1345 826 931 1024 691 589 1048 233 547 166 833 748 791 893 1147 1047 698 1242 171 811 601 672 467 694 658 950 1217
1219 1032 897 2002 114 107 218 1329 122 279 1337 321 107 1037 909 179 176 1038 298 259 1576 132 758 794 1083 1457 744 841 1261 1042 157 737 0 773 182 1289 854 1557 195 977 791 193 1357 376 1337 1097 851 1057 1021 692 242 1714 1196 1300 1394 168 958 352 602 245 876 138 1117 1160 1262 1516 351 1067 1208 881 1181 970 1042 836 1063 1027 915 1586
885 699 160 1669 845 836 949 995 797 636 1003 509 838 703 575 688 907 704 1029 990 1243 806 424 461 749 1123 814 507 928 709 888 127 773 0 913 1359 520 1224 926 643 83 925 1023 1108 1003 764 517 724 688 148 973 1380 862 966 1060 727 625 1083 268 583 138 869 784 826 929 1182 1082 734 1278 143 847 637 708 503 730 694 985 1252
1359 1173 1038 2143 86 124 93 1469 139 419 1477 461 103 1177 1049 319 120 1178 164 125 1717 149 898 934 1223 1597 884 981 1401 1182 126 877 182 913 0 1430 994 1698 97 1117 931 99 1497 242 1477 1238 991 1198 1162 833 108 1854 1336 1440 1534 234 1099 218 742 385 1016 107 1257 1300 1403 1656 217 1208 1348 1021 1321 1110 1182 976 1203 1168 1056 1726
1805 1619 1484 2589 1362 1352 1466 1915 1313 1152 1923 1025 1354 1623 1495 1254 1423 1624 1546 1506 2163 1323 1344 1380 1669 2043 603 1427 1847 1628 1405 1324 1289 1359 1430 0 1440 2144 1443 1563 1407 1441 1943 1624 1923 1684 1437 1644 1608 1279 1490 2300 1782 1886 1980 1243 1545 1600 1188 1099 1462 1385 1703 1746 1849 2102 1599 1654 182 1467 1767 1556 1628 1422 1649 1614 534 2172
750 563 645 1222 926 917 1030 548 878 717 860 590 919 568 440 819 988 569 1111 1071 799 887 289 325 614 676 895 372 792 573 969 485 854 520 994 1440 0 780 1007 508 569 1006 823 1189 556 317 341 588 552 440 1054 933 415 831 613 808 489 1165 282 664 623 950 648 691 793 735 1164 287 1359 629 400 195 573 367 594 558 1066 805
395 613 1348 919 1630 1620 1734 301 1581 1421 281 1293 1622 580 708 1522 1691 621 1814 1775 88 1591 878 812 643 373 1599 804 337 591 1673 1188 1557 1224 1698 2144 780 0 1711 634 1272 1709 243 1892 348 507 783 613 594 1143 1758 630 417 303 206 1511 661 1868 986 1367 1327 1653 491 438 344 432 1867 543 2062 1332 427 637 628 751 664 605 1770 502
1372 1186 1051 2156 99 137 56 1482 152 433 1490 475 116 1190 1062 332 82 1191 126 87 1730 162 911 948 1236 1610 897 994 1415 1196 125 891 195 926 97 1443 1007 1711 0 1130 944 62 1510 205 1490 1251 1004 1211 1175 846 70 1867 1349 1453 1547 248 1112 180 755 398 1029 118 1271 1313 1416 1669 179 1221 1361 1034 1334 1124 1195 990 1217 1181 1069 1739
296 362 768 1353 1049 1040 1153 735 1001 840 414 713 1042 350 239 942 1111 368 1233 1194 653 1010 412 448 413 807 1018 223 338 361 1092 608 977 643 1117 1563 508 634 1130 0 691 1129 433 1312 782 751 505 384 351 563 1177 1064 850 377 640 931 289 1287 405 787 746 1073 261 237 339 866 1286 721 1482 751 834 624 372 170 393 357 1189 936
933 747 144 1717 864 854 968 1043 816 684 1052 557 856 751 624 638 925 752 1048 1009 1291 825 472 509 797 1171 862 555 976 757 907 111 792 83 932 1407 569 1272 945 691 0 943 1071 1126 1051 812 565 772 736 168 992 1428 910 1014 1108 746 673 1102 317 631 122 887 832 874 977 1230 1101 782 1326 128 895 685 756 551 778 742 1033 1300
1370 1184 1049 2154 97 135 58 1480 150 431 1489 473 115 1188 1061 330 85 1190 129 89 1728 160 909 946 1234 1608 896 992 1413 1194 127 889 193 925 99 1441 1006 1709 62 1129 943 0 1508 207 1488 1249 1002 1209 1173 844 72 1865 1347 1451 1545 246 1110 183 754 397 1027 118 1269 1312 1414 1668 182 1219 1360 1033 1332 1122 1193 988 1215 1179 1067 1737
324 412 1148 962 1429 1419 1533 344 1380 1220 235 1093 1421 379 507 1321 1490 420 1613 1574 262 1390 791 828 442 416 1398 603 291 390 1472 987 1357 1023 1497 1943 823 243 1510 433 1071 1508 0 1691 391 550 826 412 393 942 1557 673 460 257 249 1310 460 1667 785 1166 1126 1452 290 266 298 475 1666 586 1861 1131 470 680 427 550 463 404 1569 545
1553 1367 1232 2337 280 318 201 1663 333 614 1672 656 298 1371 1244 513 228 1373 123 171 1911 343 1092 1129 1417 1791 1079 1175 1596 1377 270 1072 376 1108 242 1624 1189 1892 205 1312 1126 207 1691 0 1671 1432 1185 1392 1356 1027 189 2049 1530 1635 1728 429 1293 55 937 580 1210 263 1452 1495 1597 1851 54 1402 1543 1216 1515 1305 1376 1171 1398 1362 1250 1920
542 760 1128 790 1409 1399 1513 127 1361 1200 428 1073 1401 727 855 1301 1471 768 1593 1554 366 1370 654 588 791 244 1378 854 485 738 1452 967 1337 1003 1477 1923 556 348 1490 782 1051 1488 391 1671 0 283 559 761 741 923 1537 501 243 450 181 1291 808 1647 765 1147 1106 1432 638 585 491 303 1646 319 1842 1111 253 413 775 850 811 752 1549 373
701 807 888 949 1170 1160 1274 275 1121 961 587 834 1162 811 683 1062 1231 812 1354 1315 526 1131 415 349 857 403 1139 615 644 817 1213 728 1097 764 1238 1684 317 507 1251 751 812 1249 550 1432 283 0 320 832 796 683 1298 660 142 609 340 1051 733 1408 526 907 867 1193 797 745 650 462 1407 91 1602 872 127 174 816 611 838 802 1310 532
746 560 642 1225 923 913 1027 551 875 714 863 587 916 564 437 815 985 566 1107 1068 802 884 285 322 610 679 892 368 789 570 966 482 851 517 991 1437 341 783 1004 505 565 1002 826 1185 559 320 0 585 549 437 1051 936 418 828 616 805 486 1161 279 661 620 947 645 688 790 738 1160 290 1356 625 403 198 569 364 591 555 1063 808
275 362 848 1332 1130 1120 1234 714 1081 920 393 793 1122 329 320 1022 1191 370 1314 1275 632 1091 492 528 393 786 1098 304 317 340 1173 688 1057 724 1198 1644 588 613 1211 384 772 1209 412 1392 761 832 585 0 343 643 1258 1043 830 356 619 1011 369 1368 485 867 827 1153 240 216 318 845 1367 802 1562 832 840 704 377 251 413 354 1270 915
255 343 812 1312 1094 1084 1198 695 1045 885 374 757 1086 310 284 986 1155 350 1278 1239 613 1055 456 492 373 767 1062 268 298 321 1137 652 1021 688 1162 1608 552 594 1175 351 736 1173 393 1356 741 796 549 343 0 607 1222 1024 811 336 600 975 333 1332 450 831 791 1117 221 196 299 826 1331 766 1526 796 821 668 358 215 394 335 1234 896
805 618 245 1588 765 755 869 915 716 556 923 428 757 623 495 657 826 624 949 910 1162 726 344 380 669 1043 733 427 847 628 808 112 692 148 833 1279 440 1143 846 563 168 844 942 1027 923 683 437 643 607 0 893 1300 782 886 980 646 544 1003 188 502 223 788 703 746 848 1102 1002 653 1197 228 767 556 628 422 649 613 905 1172
1419 1233 1098 2203 146 184 67 1529 199 479 1537 521 163 1237 1109 379 93 1238 86 47 1777 209 958 994 1283 1657 944 1041 1461 1242 136 938 242 973 108 1490 1054 1758 70 1177 991 72 1557 189 1537 1298 1051 1258 1222 893 0 1914 1396 1500 1594 294 1159 191 802 445 1076 128 1317 1360 1463 1716 190 1268 1408 1081 1381 1170 1242 1036 1263 1228 1116 1786
825 1043 1505 330 1786 1777 1890 455 1738 1577 710 1450 1779 1010 1138 1679 1848 1050 1970 1931 649 1747 1031 965 1073 403 1755 1232 767 1021 1829 1345 1714 1380 1854 2300 933 630 1867 1064 1428 1865 673 2049 501 660 936 1043 1024 1300 1914 0 571 732 463 1668 1091 2024 1142 1524 1483 1810 921 868 773 248 2023 696 2219 1488 581 790 1058 1180 1094 1034 1926 171
612 830 987 859 1268 1258 1372 197 1220 1059 497 932 1261 797 782 1160 1330 837 1452 1413 436 1229 513 447 860 313 1237 713 554 808 1311 826 1196 862 1336 1782 415 417 1349 850 910 1347 460 1530 243 142 418 830 811 782 1396 571 0 519 250 1150 831 1506 624 1006 965 1291 708 655 560 373 1505 178 1701 970 127 272 845 709 881 821 1408 443
268 356 1091 1021 1372 1363 1476 404 1324 1163 294 1036 1365 322 450 1265 1434 363 1556 1517 321 1333 735 771 386 475 1341 546 310 333 1415 931 1300 966 1440 1886 831 303 1453 377 1014 1451 257 1635 450 609 828 356 336 886 1500 732 519 0 309 1254 403 1610 728 1110 1069 1396 233 209 311 534 1609 645 1805 1074 530 739 371 493 406 347 1512 604
401 619 1185 752 1466 1456 1570 135 1418 1257 287 1130 1459 586 714 1358 1528 627 1650 1611 225 1427 711 645 649 206 1435 810 343 597 1509 1024 1394 1060 1534 1980 613 206 1547 640 1108 1545 249 1728 181 340 616 619 600 980 1594 463 250 309 0 1348 667 1704 822 1204 1163 1490 497 444 350 265 1703 376 1899 1168 261 470 634 757 670 611 1606 335
1173 986 851 1956 166 159 271 1283 174 233 1291 275 159 991 863 133 228 992 351 311 1530 184 712 748 1037 1411 698 795 1215 996 209 691 168 727 234 1243 808 1511 248 931 745 246 1310 429 1291 1051 805 1011 975 646 294 1668 1150 1254 1348 0 912 405 556 199 830 190 1071 1114 1216 1470 404 1021 1162 835 1135 924 996 790 1017 981 869 1540
322 344 750 1379 1031 1021 1135 762 982 822 440 695 1023 348 221 923 1092 350 1215 1176 680 992 393 430 394 833 1000 205 364 354 1074 589 958 625 1099 1545 489 661 1112 289 673 1110 460 1293 808 733 486 369 333 544 1159 1091 831 403 667 912 0 1269 387 768 728 1054 288 263 366 893 1268 703 1463 733 816 606 353 152 375 339 1171 963
1529 1343 1208 2313 256 294 177 1639 309 590 1648 632 274 1347 1220 489 204 1348 137 185 1887 319 1068 1105 1393 1767 1055 1151 1572 1353 246 1048 352 1083 218 1600 1165 1868 180 1287 1101 183 1667 55 1647 1408 1161 1368 1332 1003 191 2024 1506 1610 1704 405 1269 0 913 555 1186 239 1428 1470 1573 1826 30 1378 1518 1192 1491 1281 1352 1147 1374 1338 1226 1896
647 460 393 1431 674 665 778 757 626 465 765 338 667 465 337 567 736 466 859 819 1005 635 186 222 511 885 643 269 689 470 717 233 602 268 742 1188 282 986 755 405 317 754 785 937 765 526 279 485 450 188 802 1142 624 728 822 556 387 913 0 412 371 698 545 588 690 944 912 495 1107 376 609 398 470 264 491 455 814 1014
1028 842 707 1812 317 308 421 1138 269 108 1147 131 310 846 719 210 379 848 501 462 1386 278 568 604 893 1267 554 651 1071 852 360 547 245 583 385 1099 664 1367 398 787 631 397 1166 580 1147 907 661 867 831 502 445 1524 1006 1110 1204 199 768 555 412 0 686 341 927 970 1072 1326 554 877 1018 691 990 780 852 646 873 837 725 1396
988 802 40 1772 948 938 1052 1098 900 739 1106 612 941 806 678 726 1010 807 1132 1093 1346 909 527 563 852 1226 917 610 1030 811 991 166 876 138 1016 1462 623 1327 1029 746 122 1027 1126 1210 1106 867 620 827 791 223 1076 1483 965 1069 1163 830 728 1186 371 686 0 971 886 929 1031 1285 1185 837 1381 24 950 739 811 605 832 796 1088 1355
1314 1128 993 2098 41 79 114 1424 94 375 1433 417 59 1132 1005 275 100 1134 185 145 1672 104 854 890 1179 1552 840 937 1357 1138 82 833 138 869 107 1385 950 1653 118 1073 887 118 1452 263 1432 1193 947 1153 1117 788 128 1810 1291 1396 1490 190 1054 239 698 341 971 0 1213 1256 1358 1612 238 1163 1304 977 1276 1066 1137 932 1159 1123 1011 1682
152 240 908 1209 1189 1180 1293 592 1141 980 271 853 1182 207 335 1082 1251 247 1374 1334 510 1151 552 588 270 664 1158 363 195 218 1232 748 1117 784 1257 1703 648 491 1271 261 832 1269 290 1452 638 797 645 240 221 703 1317 921 708 233 497 1071 288 1428 545 927 886 1213 0 93 196 723 1427 834 1622 892 718 764 255 310 291 232 1329 793
128 216 951 1157 1232 1223 1336 539 1184 1023 246 896 1225 183 310 1125 1294 223 1416 1377 457 1193 595 631 246 611 1201 406 170 193 1275 791 1160 826 1300 1746 691 438 1313 237 874 1312 266 1495 585 745 688 216 196 746 1360 868 655 209 444 1114 263 1470 588 970 929 1256 93 0 171 670 1469 781 1665 934 665 807 231 353 266 207 1372 740
230 318 1053 1062 1335 1325 1439 445 1286 1125 335 998 1327 285 413 1227 1396 325 1519 1479 363 1296 697 733 348 516 1303 509 273 296 1378 893 1262 929 1403 1849 793 344 1416 339 977 1414 298 1597 491 650 790 318 299 848 1463 773 560 311 350 1216 366 1573 690 1072 1031 1358 196 171 0 575 1572 686 1767 1037 571 780 333 455 369 309 1475 645
627 845 1307 537 1588 1579 1692 257 1540 1379 512 1252 1581 812 940 1481 1650 852 1772 1733 451 1549 833 767 875 283 1557 1034 569 823 1631 1147 1516 1182 1656 2102 735 432 1669 866 1230 1668 475 1851 303 462 738 845 826 1102 1716 248 373 534 265 1470 893 1826 944 1326 1285 1612 723 670 575 0 1825 498 2021 1290 383 592 860 982 896 837 1728 120
1528 1342 1207 2312 255 293 176 1638 308 589 1647 631 273 1346 1219 488 203 1347 142 190 1886 318 1067 1104 1392 1766 1054 1150 1571 1352 245 1047 351 1082 217 1599 1164 1867 179 1286 1101 182 1666 54 1646 1407 1160 1367 1331 1002 190 2023 1505 1609 1703 404 1268 30 912 554 1185 238 1427 1469 1572 1825 0 1377 1517 1191 1490 1280 1351 1146 1373 1337 1225 1895
738 777 858 985 1140 1130 1244 311 1091 930 623 803 1132 781 653 1032 1201 782 1324 1284 562 1101 384 319 827 439 1108 585 680 786 1183 698 1067 734 1208 1654 287 543 1221 721 782 1219 586 1402 319 91 290 802 766 653 1268 696 178 645 376 1021 703 1378 495 877 837 1163 834 781 686 498 1377 0 1572 842 163 144 786 580 807 771 1280 568
1724 1537 1402 2507 1280 1271 1384 1834 1232 1071 1842 944 1273 1542 1414 1173 1342 1543 1464 1425 2081 1241 1263 1299 1588 1962 522 1346 1766 1547 1323 1242 1208 1278 1348 182 1359 2062 1361 1482 1326 1360 1861 1543 1842 1602 1356 1562 1526 1197 1408 2219 1701 1805 1899 1162 1463 1518 1107 1018 1381 1304 1622 1665 1767 2021 1517 1572 0 1386 1686 1475 1547 1341 1568 1532 453 2091
993 807 46 1777 953 944 1057 1103 905 744 1112 617 946 811 684 732 1015 812 1138 1098 1351 914 532 569 857 1231 922 615 1036 817 996 171 881 143 1021 1467 629 1332 1034 751 128 1033 1131 1216 1111 872 625 832 796 228 1081 1488 970 1074 1168 835 733 1192 376 691 24 977 892 934 1037 1290 1191 842 1386 0 955 745 816 611 838 802 1093 1360
622 840 972 869 1253 1243 1357 207 1204 1044 508 917 1245 807 767 1145 1314 847 1437 1398 446 1214 498 432 870 323 1222 698 564 818 1296 811 1181 847 1321 1767 400 427 1334 834 895 1332 470 1515 253 127 403 840 821 767 1381 581 127 530 261 1135 816 1491 609 990 950 1276 718 665 571 383 1490 163 1686 955 0 257 855 694 891 832 1393 453
832 679 761 1079 1042 1033 1147 405 994 833 717 706 1035 684 556 935 1104 685 1227 1187 656 1004 293 227 730 533 1011 488 774 689 1085 601 970 637 1110 1556 195 637 1124 624 685 1122 680 1305 413 174 198 704 668 556 1170 790 272 739 470 924 606 1281 398 780 739 1066 764 807 780 592 1280 144 1475 745 257 0 689 483 710 674 1182 662
289 377 833 1347 1114 1104 1218 729 1066 905 408 778 1107 344 304 1006 1176 385 1298 1259 647 1075 476 513 407 801 1083 288 332 355 1157 672 1042 708 1182 1628 573 628 1195 372 756 1193 427 1376 775 816 569 377 358 628 1242 1058 845 371 634 996 353 1352 470 852 811 1137 255 231 333 860 1351 786 1547 816 855 689 0 235 428 369 1254 930
412 226 627 1469 908 899 1013 842 860 699 530 572 901 230 102 801 970 231 1093 1053 770 870 271 307 276 923 877 83 454 235 951 467 836 503 976 1422 367 751 990 170 551 988 550 1171 850 611 364 251 215 422 1036 1180 709 493 757 790 152 1147 264 646 605 932 310 353 455 982 1146 580 1341 611 694 483 235 0 256 220 1048 1052
325 413 854 1382 1135 1126 1240 765 1087 926 444 799 1128 380 325 1028 1197 420 1320 1280 683 1097 498 534 443 837 1104 310 368 391 1178 694 1063 730 1203 1649 594 664 1217 393 778 1215 463 1398 811 838 591 413 394 649 1263 1094 881 406 670 1017 375 1374 491 873 832 1159 291 266 369 896 1373 807 1568 838 891 710 428 256 0 405 1275 966
266 354 818 1323 1100 1090 1204 706 1051 890 384 763 1092 321 289 992 1161 361 1284 1244 624 1061 462 498 384 777 1068 274 308 332 1143 658 1027 694 1168 1614 558 605 1181 357 742 1179 404 1362 752 802 555 354 335 613 1228 1034 821 347 611 981 339 1338 455 837 796 1123 232 207 309 837 1337 771 1532 802 832 674 369 220 405 0 1240 906
1431 1245 1110 2215 988 978 1092 1541 939 778 1549 651 980 1249 1121 880 1049 1250 1172 1132 1789 949 970 1006 1295 1669 229 1053 1473 1254 1031 950 915 985 1056 534 1066 1770 1069 1189 1033 1067 1569 1250 1549 1310 1063 1270 1234 905 1116 1926 1408 1512 1606 869 1171 1226 814 725 1088 1011 1329 1372 1475 1728 1225 1280 453 1093 1393 1182 1254 1048 1275 1240 0 1798
697 915 1377 459 1658 1649 1762 327 1610 1449 582 1322 1651 882 1010 1551 1720 922 1842 1803 521 1619 903 837 945 275 1627 1104 639 893 1701 1217 1586 1252 1726 2172 805 502 1739 936 1300 1737 545 1920 373 532 808 915 896 1172 1786 171 443 604 335 1540 963 1896 1014 1396 1355 1682 793 740 645 120 1895 568 2091 1360 453 662 930 1052 966 906 1798 0
EOF