NAME : tsp_problem
TYPE : TSP
DIMENSION : 58
EDGE_WEIGHT_TYPE : EXPLICIT
EDGE_WEIGHT_FORMAT : FULL_MATRIX
EDGE_WEIGHT_SECTION
0 363 486 412 615 810 83 804 660 698 1026 713 577 298 686 749 1427 333 1175 465 956 981 846 483 488 150 823 651 1114 1020 958 610 351 548 319 310 495 614 482 583 1225 615 130 3407 1058 1504 268 929 555 303 288 874 324 713 585 368 1015 449
363 0 762 688 797 497 310 491 734 718 713 708 853 271 373 1026 1703 610 1451 152 1232 1257 592 759 764 427 510 927 1391 1297 1235 886 133 236 281 291 771 301 758 271 1501 892 321 3094 1334 1780 221 1205 832 279 255 1151 275 989 834 645 1292 726
486 762 0 133 742 1038 481 1202 787 825 1424 840 487 696 1084 660 1338 460 1085 863 866 891 973 182 615 356 1221 561 1025 931 869 168 749 947 718 708 622 1012 147 982 1135 173 528 3805 968 1414 666 839 113 701 686 785 723 271 712 496 926 149
412 688 133 0 668 965 407 1128 713 752 1350 767 413 622 1011 586 1264 387 1011 790 793 818 900 131 541 282 1147 487 951 857 795 258 676 873 644 634 548 938 129 908 1061 263 454 3732 895 1340 592 766 203 627 613 711 649 361 638 422 852 97
615 797 742 668 0 340 611 507 88 127 727 142 834 826 500 1006 1684 418 1431 701 1213 1238 275 740 174 485 526 907 1371 1277 1215 867 813 604 847 838 222 528 738 587 1481 872 658 3110 1315 1760 796 1186 812 831 816 1131 852 970 91 320 1272 706
810 497 1038 965 340 0 757 206 277 261 428 250 1130 650 199 1302 1980 714 1728 401 1509 1534 135 1036 470 782 225 1204 1667 1573 1511 1163 512 303 660 670 519 227 1035 287 1778 1168 700 2809 1611 2056 600 1482 1108 658 634 1427 654 1266 376 616 1568 1002
83 310 481 407 611 757 0 751 655 694 973 709 572 244 633 745 1422 329 1170 412 951 976 842 478 483 146 770 646 1110 1016 954 605 298 495 266 256 490 561 477 530 1220 611 76 3354 1053 1499 215 924 551 250 235 870 271 708 580 364 1011 445
804 491 1202 1128 507 206 751 0 444 427 422 417 1293 644 194 1466 2144 881 1891 395 1673 1698 301 1200 637 867 88 1367 1831 1737 1675 1327 506 297 654 664 685 221 1198 281 1941 1332 694 2629 1775 2220 594 1646 1272 652 628 1591 648 1430 543 783 1732 1166
660 734 787 713 88 277 655 444 0 73 664 88 878 870 437 1051 1728 462 1476 638 1257 1282 221 784 218 530 463 952 1415 1321 1260 911 750 541 892 882 267 465 783 524 1526 916 702 3047 1359 1805 837 1230 857 875 861 1175 892 1014 124 364 1317 751
698 718 825 752 127 261 694 427 73 0 648 127 917 871 420 1089 1767 501 1515 622 1296 1321 207 823 257 569 446 990 1454 1360 1298 950 733 524 881 891 305 448 821 508 1564 955 741 3030 1398 1843 821 1269 895 879 855 1214 875 1053 163 403 1355 789
1026 713 1424 1350 727 428 973 422 664 648 0 638 1515 866 415 1688 2366 1102 2113 617 1895 1920 522 1421 858 1089 441 1589 2053 1959 1897 1549 728 519 876 886 906 443 1420 502 2163 1554 916 3025 1997 2442 816 1868 1494 874 850 1813 870 1652 764 1004 1954 1388
713 708 840 767 142 250 709 417 88 127 638 0 932 861 410 1104 1782 516 1530 612 1311 1336 197 838 272 584 436 1006 1469 1375 1313 965 723 514 871 881 321 438 837 497 1580 970 756 3020 1413 1858 811 1284 910 869 845 1229 865 1068 178 418 1370 804
577 853 487 413 834 1130 572 1293 878 917 1515 932 0 787 1176 347 1025 552 655 955 436 461 1065 485 706 447 1312 131 595 501 439 612 841 1038 809 799 713 1103 483 1073 823 617 619 3897 538 1102 757 409 557 792 778 355 814 715 803 587 614 451
298 271 696 622 826 650 244 644 870 871 866 861 787 0 526 960 1638 544 1385 305 1167 1192 745 693 698 361 663 861 1325 1231 1169 821 286 388 434 444 705 454 692 423 1435 826 288 3247 1268 1714 374 1140 766 431 408 1085 428 924 796 579 1226 660
686 373 1084 1011 500 199 633 194 437 420 415 410 1176 526 0 1348 2026 874 1774 299 1555 1580 294 1082 630 749 212 1250 1713 1619 1557 1209 389 202 536 546 679 126 1081 185 1824 1214 577 2797 1657 2103 476 1528 1154 534 511 1473 531 1312 536 776 1614 1048
749 1026 660 586 1006 1302 745 1466 1051 1089 1688 1104 347 960 1348 0 798 724 945 1127 727 752 1237 657 879 620 1485 421 885 791 729 784 1013 1211 981 972 886 1276 656 1246 968 790 792 4069 829 874 930 700 730 965 950 645 987 887 976 759 386 624
1427 1703 1338 1264 1684 1980 1422 2144 1728 1767 2366 1782 1025 1638 2026 798 0 1402 1623 1805 1405 1430 1915 1335 1556 1297 2163 1099 1563 1469 1407 1462 1691 1888 1659 1649 1563 1954 1334 1923 434 1467 1470 4747 1506 122 1608 1378 1407 1643 1628 1323 1664 1565 1654 1437 460 1301
333 610 460 387 418 714 329 881 462 501 1102 516 552 544 874 724 1402 0 1150 711 931 956 649 458 296 204 900 626 1089 995 933 585 597 795 565 556 345 860 456 830 1200 590 376 3484 1033 1478 514 904 530 549 534 849 571 688 388 343 990 424
1175 1451 1085 1011 1431 1728 1170 1891 1476 1515 2113 1530 655 1385 1774 945 1623 1150 0 1553 270 241 1663 1083 1304 1045 1910 579 104 197 246 1210 1439 1636 1407 1397 1311 1701 1081 1671 1421 1215 1217 4495 171 1700 1355 281 1125 1390 1376 343 1412 1080 1401 1185 1212 1049
465 152 863 790 701 401 412 395 638 622 617 612 955 305 299 1127 1805 711 1553 0 1334 1359 496 861 832 528 414 1028 1492 1398 1336 988 168 270 315 325 873 327 859 305 1602 993 355 2998 1436 1881 255 1307 933 313 289 1252 309 1091 738 746 1393 827
956 1232 866 793 1213 1509 951 1673 1257 1296 1895 1311 436 1167 1555 727 1405 931 270 1334 0 126 1444 864 1085 826 1692 360 209 119 104 991 1220 1417 1188 1178 1092 1483 863 1452 1202 996 999 4276 153 1481 1137 74 906 1172 1157 124 1193 861 1183 966 993 830
981 1257 891 818 1238 1534 976 1698 1282 1321 1920 1336 461 1192 1580 752 1430 956 241 1359 126 0 1469 889 1110 851 1717 385 181 91 129 1016 1245 1442 1213 1203 1117 1508 888 1477 1227 1021 1024 4301 125 1506 1162 99 931 1197 1182 149 1218 886 1208 991 1018 855
846 592 973 900 275 135 842 301 221 207 522 197 1065 745 294 1237 1915 649 1663 496 1444 1469 0 971 405 717 320 1138 1602 1508 1446 1098 607 398 755 765 454 322 969 382 1712 1103 795 2904 1546 1991 695 1417 1043 753 729 1362 749 1201 311 551 1503 937
483 759 182 131 740 1036 478 1200 784 823 1421 838 485 693 1082 657 1335 458 1083 861 864 889 971 0 612 353 1219 558 1022 928 866 204 747 944 715 705 619 1010 178 979 1132 210 525 3803 966 1411 664 837 150 698 684 782 720 307 709 493 923 146
488 764 615 541 174 470 483 637 218 257 858 272 706 698 630 879 1556 296 1304 832 1085 1110 405 612 0 358 656 780 1244 1150 1088 739 752 734 720 710 101 658 611 717 1354 745 530 3240 1187 1633 668 1058 685 703 689 1004 725 842 144 198 1145 579
150 427 356 282 485 782 146 867 530 569 1089 584 447 361 749 620 1297 204 1045 528 826 851 717 353 358 0 886 521 985 890 829 480 414 612 382 373 365 677 352 647 1095 486 193 3470 928 1374 331 799 426 366 351 745 388 583 455 239 886 320
823 510 1221 1147 526 225 770 88 463 446 441 436 1312 663 212 1485 2163 900 1910 414 1692 1717 320 1219 656 886 0 1386 1850 1756 1694 1346 525 316 673 683 704 240 1217 299 1960 1351 713 2613 1794 2239 613 1665 1291 671 647 1610 667 1449 562 802 1751 1185
651 927 561 487 907 1204 646 1367 952 990 1589 1006 131 861 1250 421 1099 626 579 1028 360 385 1138 558 780 521 1386 0 518 424 363 686 914 1112 883 873 787 1177 557 1147 897 691 693 3970 462 1176 831 333 631 866 852 278 888 777 877 661 687 525
1114 1391 1025 951 1371 1667 1110 1831 1415 1454 2053 1469 595 1325 1713 885 1563 1089 104 1492 209 181 1602 1022 1244 985 1850 518 0 137 186 1149 1378 1576 1346 1337 1251 1641 1021 1611 1360 1154 1157 4434 86 1639 1295 220 1064 1330 1315 282 1352 1019 1341 1124 1151 989
1020 1297 931 857 1277 1573 1016 1737 1321 1360 1959 1375 501 1231 1619 791 1469 995 197 1398 119 91 1508 928 1150 890 1756 424 137 0 95 1055 1284 1481 1252 1243 1157 1547 927 1516 1266 1060 1063 4340 81 1545 1201 130 970 1236 1221 188 1257 925 1247 1030 1057 895
958 1235 869 795 1215 1511 954 1675 1260 1298 1897 1313 439 1169 1557 729 1407 933 246 1336 104 129 1446 866 1088 829 1694 363 186 95 0 993 1222 1420 1191 1181 1095 1485 865 1455 1204 999 1001 4278 130 1483 1139 77 909 1174 1159 126 1196 863 1185 968 995 833
610 886 168 258 867 1163 605 1327 911 950 1549 965 612 821 1209 784 1462 585 1210 988 991 1016 1098 204 739 480 1346 686 1149 1055 993 0 874 1071 842 832 746 1137 156 1106 1260 24 653 3930 1093 1538 791 964 122 826 811 909 847 280 837 620 1050 204
351 133 749 676 813 512 298 506 750 733 728 723 841 286 389 1013 1691 597 1439 168 1220 1245 607 747 752 414 525 914 1378 1284 1222 874 0 251 296 306 759 316 745 286 1488 879 336 3110 1322 1767 236 1193 819 294 270 1138 291 977 849 632 1279 713
548 236 947 873 604 303 495 297 541 524 519 514 1038 388 202 1211 1888 795 1636 270 1417 1442 398 944 734 612 316 1112 1576 1481 1420 1071 251 0 399 409 782 230 943 289 1686 1077 439 2901 1519 1965 339 1390 1017 396 373 1336 393 1174 640 830 1477 911
319 281 718 644 847 660 266 654 892 881 876 871 809 434 536 981 1659 565 1407 315 1188 1213 755 715 720 382 673 883 1346 1252 1191 842 296 399 0 454 727 464 714 434 1457 847 309 3257 1290 1736 384 1161 787 442 418 1106 438 945 817 601 1248 681
310 291 708 634 838 670 256 664 882 891 886 881 799 444 546 972 1649 556 1397 325 1178 1203 765 705 710 373 683 873 1337 1243 1181 832 306 409 454 0 717 474 704 444 1447 838 299 3267 1280 1726 394 1151 778 452 428 1097 448 935 807 591 1238 672
495 771 622 548 222 519 490 685 267 305 906 321 713 705 679 886 1563 345 1311 873 1092 1117 454 619 101 365 704 787 1251 1157 1095 746 759 782 727 717 0 706 618 766 1361 752 537 3289 1194 1640 675 1065 692 710 696 1011 732 849 192 247 1152 586
614 301 1012 938 528 227 561 221 465 448 443 438 1103 454 126 1276 1954 860 1701 327 1483 1508 322 1010 658 677 240 1177 1641 1547 1485 1137 316 230 464 474 706 0 1008 213 1751 1142 504 2825 1585 2030 404 1456 1082 462 438 1401 458 1240 564 804 1542 976
482 758 147 129 738 1035 477 1198 783 821 1420 837 483 692 1081 656 1334 456 1081 859 863 888 969 178 611 352 1217 557 1021 927 865 156 745 943 714 704 618 1008 0 978 1131 161 524 3801 964 1410 662 836 101 697 683 781 719 259 708 492 922 145
583 271 982 908 587 287 530 281 524 508 502 497 1073 423 185 1246 1923 830 1671 305 1452 1477 382 979 717 647 299 1147 1611 1516 1455 1106 286 289 434 444 766 213 978 0 1721 1112 474 2884 1554 2000 374 1425 1052 431 408 1371 428 1209 623 863 1512 946
1236 1512 1146 1073 1493 1789 1231 1953 1537 1576 2174 1591 834 1446 1835 968 434 1211 1432 1614 1213 1238 1724 1144 1365 1106 1972 908 1372 1277 1216 1271 1500 1697 1468 1458 1372 1763 1142 1732 0 1276 1278 4556 1315 510 1417 1186 1216 1451 1437 1132 1473 1374 1462 1246 630 1110
615 892 173 263 872 1168 611 1332 916 955 1554 970 617 826 1214 790 1467 590 1215 993 996 1021 1103 210 745 486 1351 691 1154 1060 999 24 879 1077 847 838 752 1142 161 1112 1265 0 658 3935 1098 1544 796 969 128 831 816 914 853 285 842 625 1056 210
130 321 528 454 658 700 76 694 702 741 916 756 619 288 577 792 1470 376 1217 355 999 1024 795 525 530 193 713 693 1157 1063 1001 653 336 439 309 299 537 504 524 474 1267 658 0 3297 1100 1546 258 972 598 293 278 917 314 756 628 411 1058 492
3407 3094 3805 3732 3110 2809 3354 2629 3047 3030 3025 3020 3897 3247 2797 4069 4747 3484 4495 2998 4276 4301 2904 3803 3240 3470 2613 3970 4434 4340 4278 3930 3110 2901 3257 3267 3289 2825 3801 2884 4544 3935 3297 0 4378 4823 3197 4249 3875 3255 3231 4194 3251 4033 3146 3386 4335 3769
1058 1334 968 895 1315 1611 1053 1775 1359 1398 1997 1413 538 1268 1657 829 1506 1033 171 1436 153 125 1546 966 1187 928 1794 462 86 81 130 1093 1322 1519 1290 1280 1194 1585 964 1554 1304 1098 1100 4378 0 1583 1239 164 1008 1274 1259 226 1295 963 1284 1068 1095 932
1504 1780 1414 1340 1760 2056 1499 2220 1805 1843 2442 1858 1102 1714 2103 874 122 1478 1700 1881 1481 1506 1991 1411 1633 1374 2239 1176 1639 1545 1483 1538 1767 1965 1736 1726 1640 2030 1410 2000 510 1544 1546 4823 1583 0 1684 1454 1484 1719 1704 1399 1741 1641 1730 1514 536 1378
268 221 666 592 796 600 215 594 837 821 816 811 757 374 476 930 1608 514 1355 255 1137 1162 695 664 668 331 613 831 1295 1201 1139 791 236 339 384 394 675 404 662 374 1405 796 258 3197 1239 1684 0 1110 736 382 358 1055 378 894 766 549 1196 630
929 1205 839 766 1186 1482 924 1646 1230 1269 1868 1284 409 1140 1528 700 1378 904 281 1307 74 99 1417 837 1058 799 1665 333 220 130 77 964 1193 1390 1161 1151 1065 1456 836 1425 1175 969 972 4249 164 1454 1110 0 879 1145 1130 97 1166 834 1156 939 966 803
555 832 113 203 812 1108 551 1272 857 895 1494 910 557 766 1154 730 1407 530 1126 933 907 932 1043 150 685 426 1291 631 1065 971 909 122 819 1017 787 778 692 1082 101 1052 1205 128 598 3875 1009 1484 736 880 0 771 756 825 793 192 782 565 996 150
303 279 701 627 831 658 250 652 875 879 874 869 792 431 534 965 1643 549 1390 313 1172 1197 753 698 703 366 671 866 1330 1236 1174 826 294 396 442 452 710 462 697 431 1440 831 293 3255 1274 1719 382 1145 771 0 416 1090 436 929 801 584 1231 665
288 255 686 613 816 634 235 628 861 855 850 845 778 408 511 950 1628 534 1376 289 1157 1182 729 684 689 351 647 852 1315 1221 1159 811 270 373 418 428 696 438 683 408 1426 816 278 3231 1259 1704 358 1130 756 416 0 1075 412 914 786 569 1216 650
874 1151 785 711 1131 1427 870 1591 1175 1214 1813 1229 355 1085 1473 645 1323 849 343 1252 124 149 1362 782 1004 745 1610 278 282 188 126 909 1138 1336 1106 1097 1011 1401 781 1371 1120 914 917 4194 226 1399 1055 97 824 1090 1075 0 1111 779 1101 884 911 749
324 275 723 649 852 654 271 648 892 875 870 865 814 428 531 987 1664 571 1412 309 1193 1218 749 720 725 388 667 888 1352 1257 1196 847 291 393 438 448 732 458 719 428 1462 853 314 3251 1295 1741 378 1166 793 436 412 1111 0 950 822 606 1253 687
585 862 144 233 842 1138 581 1302 887 925 1524 940 587 796 1184 760 1437 560 1120 963 901 926 1073 180 715 456 1321 661 1060 966 904 152 849 1047 818 808 722 1112 131 1082 1235 158 628 3905 1003 1514 766 874 64 801 786 820 823 0 812 595 1026 180
585 834 712 638 91 376 580 543 124 163 764 178 803 796 536 976 1654 388 1401 738 1183 1208 311 709 144 455 562 877 1341 1247 1185 837 849 640 817 807 192 564 708 623 1451 842 628 3146 1284 1730 766 1156 782 801 786 1101 822 940 0 290 1242 676
368 645 496 422 320 616 364 783 364 403 1004 418 587 579 776 759 1437 343 1185 746 966 991 551 493 198 239 802 661 1124 1030 968 620 632 830 601 591 247 804 492 863 1235 625 411 3386 1068 1514 549 939 565 584 569 884 606 723 290 0 1025 459
1015 1292 926 852 1272 1568 1011 1732 1317 1355 1954 1370 614 1226 1614 386 460 990 1212 1393 993 1018 1503 923 1145 886 1751 687 1151 1057 995 1050 1279 1477 1248 1238 1152 1542 922 1512 630 1056 1058 4335 1095 536 1196 966 996 1231 1216 911 1253 1153 1242 1025 0 890
449 726 149 97 706 1002 445 1166 751 789 1388 804 451 660 1048 624 1301 424 1049 827 830 855 937 146 579 320 1185 525 989 895 833 204 713 911 681 672 586 976 145 946 1099 210 492 3769 932 1378 630 803 150 665 650 749 687 307 676 459 890 0
EOF