NAME : tsp_problem
TYPE : TSP
DIMENSION : 46
EDGE_WEIGHT_TYPE : EXPLICIT
EDGE_WEIGHT_FORMAT : FULL_MATRIX
EDGE_WEIGHT_SECTION
0 169 1382 1011 572 1530 1421 1233 1049 1402 1386 1663 1311 1395 200 1407 1361 1081 1399 1791 1125 1045 1249 1494 197 246 67 171 1212 1774 2069 1231 936 166 1193 1417 1372 1243 1026 206 2426 255 204 613 1542 1117
169 0 1237 866 427 1384 1276 1087 904 1257 1241 1517 1166 1250 55 1262 1216 936 1254 1645 980 900 1104 1349 52 101 180 86 1066 1629 1924 1086 791 66 1048 1272 1227 1098 881 61 2281 110 59 468 1397 971
1382 1237 0 619 1072 814 1432 840 656 391 338 698 702 355 1224 387 338 689 364 770 762 357 1260 200 1227 1166 1393 1265 1223 479 774 839 476 1245 294 376 354 310 634 1199 1405 1174 1201 911 1553 957
1011 866 619 0 702 767 1061 281 97 639 623 900 548 632 854 644 598 129 636 1028 203 282 890 731 857 795 1023 895 852 1011 1306 279 173 874 430 654 609 480 74 829 1663 803 831 541 1182 398
572 427 1072 702 0 1220 1111 710 715 1093 1077 1353 1001 1085 415 1097 1051 666 1089 1481 599 735 939 1184 418 356 583 455 902 1464 1759 709 626 435 883 1107 1062 933 717 390 2116 364 392 303 1232 591
1530 1384 814 767 1220 0 1580 988 804 875 822 197 321 839 1372 871 821 837 847 313 910 584 1408 655 1375 1313 1541 1413 1370 410 593 987 624 1393 732 860 837 782 782 1347 949 1322 1349 1059 1701 1105
1432 1287 1443 1073 1122 1591 0 1294 1110 1464 1448 1724 1372 1456 1274 1468 1422 1142 1460 1852 1216 1106 705 1555 1277 1216 1443 1315 630 1835 2130 1293 997 1295 1255 1478 1433 1304 1088 1250 2487 1224 1251 961 353 1411
1233 1087 840 281 711 988 1282 0 227 861 845 1121 769 853 1075 865 819 179 857 1249 145 503 1111 952 1078 1016 1244 1116 1073 1232 1527 63 394 1095 652 875 830 701 246 1050 1884 1025 1052 762 1404 340
1049 904 656 97 715 804 1099 227 0 677 661 937 586 670 892 681 636 145 674 1065 150 320 927 769 895 833 1060 932 890 1048 1343 226 211 912 468 691 647 518 90 867 1701 841 869 578 1220 344
1402 1257 391 639 1093 875 1452 861 677 0 400 759 722 416 1245 448 399 709 425 831 783 378 1281 261 1248 1186 1413 1286 1243 541 836 859 497 1265 315 438 415 331 654 1220 1467 1194 1222 932 1573 978
1386 1241 338 623 1077 822 1436 845 661 400 0 706 706 363 1229 395 346 693 372 778 767 362 1265 208 1232 1170 1397 1270 1227 488 783 843 481 1249 299 385 362 315 638 1204 1414 1178 1206 916 1557 962
1663 1517 698 900 1353 197 1712 1121 937 759 706 0 454 723 1505 755 706 969 731 197 1043 717 1541 539 1508 1446 1674 1546 1503 294 477 1120 757 1526 865 744 722 809 915 1480 833 1455 1482 1192 1834 1238
1311 1166 702 548 1001 321 1361 769 586 722 706 454 0 715 1154 727 681 618 719 582 692 365 1189 814 1157 1095 1322 1194 1152 679 862 768 405 1174 513 737 692 563 563 1129 1217 1103 1131 840 1482 886
1395 1250 355 632 1085 839 1445 853 670 416 363 723 715 0 1238 412 362 702 388 794 776 371 1274 224 1241 1179 1406 1278 1236 504 799 852 489 1258 308 401 378 323 647 1213 1430 1187 1215 924 1566 970
200 55 1224 854 415 1372 1263 1075 892 1245 1229 1505 1154 1238 0 1249 1204 924 1242 1633 967 887 1092 1336 49 98 211 83 1054 1616 1911 1074 778 63 1036 1259 1214 1085 869 58 2269 107 56 456 1384 959
1407 1262 387 644 1097 871 1457 865 681 448 395 755 727 412 1249 0 394 714 420 827 787 382 1285 256 1252 1191 1418 1290 1248 536 831 864 501 1270 319 433 410 335 659 1224 1462 1199 1226 936 1578 982
1361 1216 338 598 1051 821 1411 819 636 399 346 706 681 362 1204 394 0 668 371 777 742 337 1240 207 1207 1145 1372 1244 1202 487 782 818 455 1224 274 384 361 289 613 1179 1413 1153 1181 890 1532 936
1081 936 689 129 667 837 1131 179 145 709 693 969 618 702 924 714 668 0 706 1097 101 352 960 801 927 865 1092 964 922 1081 1376 178 243 944 500 724 679 550 122 899 1733 873 901 610 1252 296
1399 1254 364 636 1089 847 1449 857 674 425 372 731 719 388 1242 420 371 706 0 803 780 375 1278 233 1245 1183 1410 1282 1240 513 808 856 493 1262 312 410 387 327 651 1217 1439 1191 1219 928 1570 974
1791 1645 770 1028 1481 313 1840 1249 1065 831 778 197 582 794 1633 827 777 1097 803 0 1171 845 1669 611 1636 1574 1802 1674 1631 366 426 1248 885 1654 976 816 793 881 1043 1608 782 1583 1610 1320 1962 1366
1126 980 762 203 600 910 1205 145 150 783 767 1043 692 776 968 787 742 101 780 1171 0 426 1033 874 971 909 1137 1009 996 1154 1449 144 317 989 574 797 752 624 168 943 1807 918 945 684 1326 229
1045 900 357 282 735 584 1095 503 320 378 362 717 365 371 887 382 337 352 375 845 426 0 923 469 890 829 1056 928 886 749 1044 502 139 908 169 392 347 219 297 863 1480 837 864 574 1216 620
1249 1104 1260 890 939 1408 705 1111 927 1281 1265 1541 1189 1274 1092 1285 1240 960 1278 1669 1033 923 0 1372 1095 1033 1260 1132 195 1652 1947 1110 814 1112 1072 1295 1250 1121 905 1067 2305 1041 1069 778 453 1228
1494 1349 200 731 1184 655 1544 952 769 261 208 539 814 224 1336 256 207 801 233 611 874 469 1372 0 1339 1278 1505 1377 1335 342 616 951 588 1357 406 246 223 310 746 1312 1246 1286 1313 1023 1665 1069
197 52 1227 857 418 1375 1266 1078 895 1248 1232 1508 1157 1241 49 1252 1207 927 1245 1636 970 890 1095 1339 0 95 208 81 1057 1619 1914 1077 781 60 1039 1262 1217 1088 872 55 2272 104 53 459 1387 962
246 101 1166 795 356 1313 1204 1016 833 1186 1170 1446 1095 1179 98 1191 1145 865 1183 1574 909 829 1033 1278 95 0 257 130 995 1557 1852 1015 720 109 977 1200 1156 1027 810 104 2210 114 102 397 1326 900
67 180 1393 1023 583 1541 1432 1244 1060 1413 1397 1674 1322 1406 211 1418 1372 1092 1410 1802 1136 1056 1260 1505 208 257 0 160 1223 1785 2080 1242 947 177 1204 1428 1383 1254 1037 217 2437 266 215 624 1553 1128
171 86 1265 895 455 1413 1304 1116 932 1286 1270 1546 1194 1278 83 1290 1244 964 1282 1674 1008 928 1132 1377 81 130 160 0 1095 1657 1952 1115 819 95 1077 1300 1255 1126 910 89 2309 138 87 496 1425 1000
1212 1066 1223 852 902 1370 630 1073 890 1243 1227 1503 1152 1236 1054 1248 1202 922 1240 1631 996 886 195 1335 1057 995 1223 1095 0 1614 1909 1072 777 1075 1034 1257 1213 1084 867 1029 2267 1004 1031 741 378 1190
1774 1629 479 1011 1464 410 1824 1232 1048 541 488 294 679 504 1616 536 487 1081 513 366 1154 749 1652 342 1619 1557 1785 1657 1614 0 371 1231 868 1637 686 526 503 590 1026 1591 1002 1566 1593 1303 1945 1349
2069 1924 774 1306 1759 593 2119 1527 1343 836 783 477 862 799 1911 831 782 1376 808 426 1449 1044 1947 616 1914 1852 2080 1952 1909 371 0 1526 1163 1932 981 821 798 885 1321 1886 770 1861 1888 1598 2240 1644
1231 1086 839 279 710 987 1281 63 226 859 843 1120 768 852 1074 864 818 178 856 1248 144 502 1110 951 1077 1015 1242 1115 1072 1231 1526 0 393 1094 650 874 829 700 245 1049 1883 1023 1051 761 1402 339
936 791 476 173 626 624 986 394 211 497 481 757 405 489 778 501 455 243 493 885 317 139 814 588 781 720 947 819 777 868 1163 393 0 799 288 511 466 337 188 754 1520 728 755 465 1107 511
166 66 1245 874 435 1393 1284 1095 912 1265 1249 1526 1174 1258 63 1270 1224 944 1262 1654 988 908 1112 1357 60 109 177 95 1075 1637 1932 1094 799 0 1056 1280 1235 1106 889 69 2289 118 67 476 1405 980
1193 1048 294 430 883 732 1243 652 468 315 299 865 513 308 1036 319 274 500 312 976 574 169 1072 406 1039 977 1204 1077 1034 686 981 650 288 1056 0 329 284 156 445 1011 1612 985 1013 722 1364 769
1417 1272 376 654 1107 860 1467 875 691 438 385 744 737 401 1259 433 384 724 410 816 797 392 1295 246 1262 1200 1428 1300 1257 526 821 874 511 1280 329 0 400 345 669 1234 1452 1209 1236 946 1588 992
1372 1227 354 609 1062 837 1422 830 647 415 362 722 692 378 1214 410 361 679 387 793 752 347 1250 223 1217 1156 1383 1255 1213 503 798 829 466 1235 284 400 0 300 624 1190 1429 1164 1191 901 1543 947
1243 1098 310 480 933 782 1293 701 518 331 315 809 563 323 1085 335 289 550 327 881 624 219 1121 310 1088 1027 1254 1126 1084 590 885 700 337 1106 156 345 300 0 495 1061 1516 1035 1062 772 1414 818
1026 881 634 74 717 782 1076 246 90 654 638 915 563 647 869 659 613 122 651 1043 168 297 905 746 872 810 1037 910 867 1026 1321 245 188 889 445 669 624 495 0 844 1678 818 846 556 1197 363
206 61 1199 829 390 1347 1238 1050 867 1220 1204 1480 1129 1213 58 1224 1179 899 1217 1608 943 863 1067 1312 55 104 217 89 1029 1591 1886 1049 754 69 1011 1234 1190 1061 844 0 2244 113 62 431 1360 934
2552 2407 1531 1789 2242 1075 2602 2010 1827 1592 1539 959 1343 1556 2395 1588 1539 1859 1565 908 1933 1606 2430 1372 2398 2336 2563 2435 2393 1127 896 2009 1646 2415 1738 1577 1555 1642 1804 2370 0 2344 2372 2081 2723 2127
255 110 1174 803 364 1322 1213 1025 841 1194 1178 1455 1103 1187 107 1199 1153 873 1191 1583 917 837 1041 1286 104 114 266 138 1004 1566 1861 1023 728 118 985 1209 1164 1035 818 113 2218 0 111 405 1334 909
204 59 1201 831 392 1349 1240 1052 869 1222 1206 1482 1131 1215 56 1226 1181 901 1219 1610 944 864 1069 1313 53 102 215 87 1031 1593 1888 1051 755 67 1013 1236 1191 1062 846 62 2246 111 0 433 1361 936
613 468 911 541 303 1059 950 762 578 932 916 1192 840 924 456 936 890 610 928 1320 684 574 778 1023 459 397 624 496 741 1303 1598 761 465 476 722 946 901 772 556 431 1955 405 433 0 1071 848
1542 1397 1553 1182 1232 1701 353 1404 1220 1573 1557 1834 1482 1566 1384 1578 1532 1252 1570 1962 1326 1216 453 1665 1387 1326 1553 1425 378 1945 2240 1402 1107 1405 1364 1588 1543 1414 1197 1360 2597 1334 1361 1071 0 1521
1131 986 804 244 605 951 1246 186 191 824 808 1084 733 817 974 829 783 142 821 1212 75 467 1075 916 977 915 1142 1014 1037 1196 1491 185 358 994 615 839 794 665 210 949 1848 923 951 725 1367 0
EOF