NAME : tsp_problem
TYPE : TSP
DIMENSION : 60
EDGE_WEIGHT_TYPE : EXPLICIT
EDGE_WEIGHT_FORMAT : FULL_MATRIX
EDGE_WEIGHT_SECTION
0 1084 984 1385 1077 1033 522 634 486 1240 973 1101 504 1008 643 1095 723 133 496 712 997 687 1085 891 968 945 982 126 877 947 459 964 762 1338 1050 1379 1221 751 676 720 494 554 702 869 805 1061 742 723 1651 713 820 928 147 710 678 888 1025 1737 1256 692
1084 0 1673 2074 1765 1722 638 1322 686 1928 294 366 686 1696 1332 87 414 1011 776 536 1685 473 1774 1580 1657 207 185 1026 1566 202 656 1652 373 2026 1739 371 212 1440 1364 410 745 590 496 1557 342 1749 500 531 915 541 349 1616 1081 513 1719 259 1713 1002 1945 518
984 1673 0 1570 202 195 1111 388 1074 1424 1562 1690 1092 170 828 1683 1311 910 1084 1300 159 1275 173 140 131 1533 1570 925 154 1535 1047 1148 1350 1522 212 1968 1809 275 331 1309 1082 1142 1290 145 1393 149 1330 1311 2239 1301 1408 99 980 1298 809 1476 187 2325 1441 1280
1385 2074 1570 0 1662 1619 1512 1219 1475 206 1963 2091 1493 1593 781 2084 1712 1311 1485 1701 1583 1676 1671 1477 1554 1934 1971 1326 1463 1936 1448 582 1751 126 1636 2369 2210 1337 1261 1710 1483 1543 1691 1455 1794 1646 1731 1712 2640 1702 1809 1513 1381 1699 1698 1877 1610 2726 188 1681
1077 1765 202 1662 0 66 1203 481 1166 1517 1654 1782 1185 89 920 1776 1403 1003 1176 1393 151 1367 58 233 138 1625 1662 1018 247 1627 1139 1241 1442 1615 48 2060 1902 367 423 1401 1174 1234 1383 238 1485 77 1423 1403 2331 1394 1500 192 1073 1391 901 1569 70 2418 1533 1372
1033 1722 195 1619 66 0 1160 437 1123 1474 1611 1739 1141 97 877 1732 1360 960 1133 1349 192 1324 99 190 94 1582 1619 975 203 1584 1096 1197 1399 1571 55 2017 1858 324 380 1358 1131 1191 1339 194 1442 118 1380 1360 2288 1351 1457 148 1029 1347 858 1525 78 2374 1490 1329
522 638 1111 1512 1203 1160 0 760 124 1366 856 928 124 1134 770 648 309 449 405 622 1123 273 1212 1018 1095 498 535 464 1004 500 94 1090 348 1464 1177 933 774 878 802 307 404 140 288 995 358 1187 652 309 1477 299 373 1054 519 296 1157 441 1151 1564 1383 278
634 1322 388 1219 481 437 760 0 723 1074 1211 1339 742 412 477 1333 960 560 733 950 401 924 489 296 372 1182 1219 575 281 1184 696 798 999 1172 454 1617 1459 155 80 958 731 791 940 273 1042 465 980 960 1888 951 1057 332 630 948 517 1126 429 1975 1090 929
486 686 1074 1475 1166 1123 124 723 0 1329 846 974 106 1097 733 697 324 412 368 585 1086 289 1175 981 1058 546 583 427 967 548 60 1053 363 1427 1140 981 823 841 765 322 367 155 304 958 406 1150 615 324 1524 315 421 1017 482 312 1120 490 1114 1610 1346 294
1240 1928 1424 206 1517 1474 1366 1074 1329 0 1817 1945 1348 1448 636 1939 1567 1166 1339 1556 1437 1531 1526 1332 1409 1789 1826 1181 1318 1791 1303 436 1606 166 1491 2223 2065 1192 1116 1564 1338 1398 1546 1309 1649 1501 1586 1567 2495 1557 1664 1368 1236 1554 1553 1732 1465 2581 84 1536
973 294 1562 1963 1654 1611 856 1211 846 1817 0 197 865 1585 1220 284 632 900 551 311 1574 692 1663 1469 1546 404 382 915 1455 398 820 1541 592 1915 1628 477 320 1329 1253 629 521 809 714 1446 539 1638 275 749 747 759 546 1505 969 731 1607 456 1602 833 1834 736
1101 366 1690 2091 1782 1739 928 1339 974 1945 197 0 976 1713 1348 356 704 1028 679 439 1702 764 1791 1597 1674 475 453 1043 1583 470 947 1669 664 2043 1756 426 392 1457 1381 700 649 881 786 1574 611 1766 403 821 696 831 617 1633 1097 803 1735 528 1730 782 1962 808
504 686 1092 1493 1185 1141 124 742 106 1348 865 976 0 1116 751 697 324 430 387 604 1105 289 1193 1000 1077 546 584 445 985 548 76 1072 364 1446 1158 981 823 859 784 322 385 156 304 977 406 1169 634 324 1526 315 421 1036 500 312 1138 490 1133 1612 1364 294
1008 1696 170 1593 89 97 1134 412 1097 1448 1585 1713 1116 0 851 1707 1334 934 1107 1324 183 1299 123 164 69 1556 1594 949 178 1559 1071 1172 1374 1546 79 1991 1833 298 354 1332 1106 1166 1314 169 1416 142 1354 1335 2263 1325 1432 123 1004 1322 832 1500 102 2349 1464 1304
643 1332 828 781 920 877 770 477 733 636 1220 1348 751 851 0 1342 970 569 743 959 840 934 929 735 812 1192 1229 584 721 1194 706 360 1009 734 894 1627 1468 595 519 967 741 801 949 712 1052 904 989 970 1898 960 1067 771 639 957 956 1135 868 1984 652 939
1095 87 1683 2084 1776 1732 648 1333 697 1939 284 356 697 1707 1342 0 424 1021 765 525 1696 484 1784 1591 1667 196 174 1036 1576 191 667 1663 384 2037 1749 360 202 1450 1375 421 735 601 506 1568 332 1760 489 541 905 551 338 1627 1091 523 1729 249 1724 991 1955 528
723 414 1311 1712 1403 1360 309 960 324 1567 632 704 324 1334 970 424 0 649 606 822 1324 258 1412 1218 1295 274 311 664 1204 276 294 1290 158 1664 1377 709 550 1078 1002 195 604 340 280 1196 134 1387 838 315 1253 325 149 1254 719 298 1357 217 1351 1339 1583 302
133 1011 910 1311 1003 960 449 560 412 1166 900 1028 430 934 569 1021 649 0 422 638 923 613 1011 818 895 871 908 74 803 873 385 890 688 1264 976 1306 1147 677 602 647 420 480 628 795 731 987 668 649 1577 639 746 854 129 636 767 814 951 1663 1182 618
496 776 1084 1485 1176 1133 405 733 368 1339 551 679 387 1107 743 765 606 422 0 290 1096 570 1185 991 1068 828 863 437 977 830 342 1063 645 1437 1150 959 802 851 775 603 314 437 585 968 688 1160 320 606 1228 596 703 1027 492 593 1130 771 1124 1315 1356 575
712 536 1300 1701 1393 1349 622 950 585 1556 311 439 604 1324 959 525 822 638 290 0 1313 786 1401 1208 1284 645 623 653 1193 640 558 1280 834 1654 1366 719 562 1067 992 820 259 653 802 1185 781 1377 91 822 988 813 787 1244 708 809 1346 698 1341 1075 1572 791
997 1685 159 1583 151 192 1123 401 1086 1437 1574 1702 1105 183 840 1696 1324 923 1096 1313 0 1288 122 153 143 1546 1583 938 167 1548 1060 1161 1363 1535 174 1980 1822 287 343 1321 1095 1155 1303 158 1406 98 1343 1324 2252 1314 1421 112 993 1311 821 1489 196 2338 1454 1293
687 473 1275 1676 1367 1324 273 924 289 1531 692 764 289 1299 934 484 258 613 570 786 1288 0 1376 1182 1259 333 371 628 1168 336 259 1254 218 1628 1341 768 610 1042 966 255 568 304 340 1160 193 1352 817 375 1313 385 209 1219 683 357 1321 277 1316 1399 1547 362
1085 1774 173 1671 58 99 1212 489 1175 1526 1663 1791 1193 123 929 1784 1412 1011 1185 1401 122 1376 0 241 171 1634 1671 1026 255 1636 1148 1249 1451 1623 81 2069 1910 376 432 1410 1183 1243 1391 246 1494 53 1431 1412 2340 1402 1509 200 1081 1399 910 1577 104 2426 1542 1381
891 1580 140 1477 233 190 1018 296 981 1332 1469 1597 1000 164 735 1591 1218 818 991 1208 153 1182 241 0 125 1440 1477 833 137 1442 954 1056 1257 1430 207 1875 1717 182 238 1216 989 1049 1198 129 1300 217 1238 1218 2146 1209 1315 93 888 1206 716 1384 181 2233 1348 1187
968 1657 131 1554 138 94 1095 372 1058 1409 1546 1674 1077 69 812 1667 1295 895 1068 1284 143 1259 171 125 0 1517 1554 910 138 1519 1031 1132 1334 1506 111 1952 1794 259 315 1293 1066 1126 1275 130 1377 190 1315 1295 2223 1286 1392 83 964 1282 793 1460 86 2309 1425 1264
945 207 1533 1934 1625 1582 498 1182 546 1789 404 475 546 1556 1192 196 274 871 828 645 1546 333 1634 1440 1517 0 294 886 1426 311 516 1512 233 1886 1599 480 321 1300 1224 270 826 450 356 1418 209 1609 609 391 1025 401 224 1476 941 373 1579 292 1573 1111 1805 378
982 185 1570 1971 1662 1619 535 1219 583 1826 382 453 584 1594 1229 174 311 908 863 623 1583 371 1671 1477 1554 294 0 923 1463 289 554 1549 271 1923 1636 458 299 1337 1261 307 833 488 393 1455 246 1647 587 428 1003 438 261 1513 978 410 1616 330 1611 1089 1842 415
126 1026 925 1326 1018 975 464 575 427 1181 915 1043 445 949 584 1036 664 74 437 653 938 628 1026 833 910 886 923 0 818 888 400 905 703 1279 991 1321 1162 692 617 662 435 495 643 810 746 1002 683 664 1592 654 761 869 122 651 733 829 966 1678 1197 633
877 1566 154 1463 247 203 1004 281 967 1318 1455 1583 985 178 721 1576 1204 803 977 1193 167 1168 255 137 138 1426 1463 818 0 1428 940 1041 1243 1415 220 1861 1702 168 224 1202 975 1035 1183 114 1286 231 1223 1204 2132 1194 1301 107 873 1191 702 1369 195 2218 1334 1173
947 202 1535 1936 1627 1584 500 1184 548 1791 398 470 548 1559 1194 191 276 873 830 640 1548 336 1636 1442 1519 311 289 888 1428 0 519 1514 236 1888 1601 475 316 1302 1226 272 828 453 358 1420 211 1612 604 393 1019 403 226 1478 943 375 1581 294 1576 1106 1807 380
459 656 1047 1448 1139 1096 94 696 60 1303 820 947 76 1071 706 667 294 385 342 558 1060 259 1148 954 1031 516 554 400 940 519 0 1026 334 1400 1113 951 793 814 738 292 340 126 274 932 376 1124 588 295 1496 285 392 990 455 282 1093 460 1087 1582 1319 264
964 1652 1148 582 1241 1197 1090 798 1053 436 1541 1669 1072 1172 360 1663 1290 890 1063 1280 1161 1254 1249 1056 1132 1512 1549 905 1041 1514 1026 0 1329 534 1214 1947 1789 915 840 1288 1061 1121 1270 1033 1372 1225 1310 1290 2218 1281 1387 1092 960 1278 1277 1456 1189 2305 453 1259
762 373 1350 1751 1442 1399 348 999 363 1606 592 664 364 1374 1009 384 158 688 645 834 1363 218 1451 1257 1334 233 271 703 1243 236 334 1329 0 1703 1416 668 510 1117 1041 155 643 335 240 1235 93 1427 797 275 1213 285 109 1293 758 257 1396 177 1391 1299 1622 262
1338 2026 1522 126 1615 1571 1464 1172 1427 166 1915 2043 1446 1546 734 2037 1664 1264 1437 1654 1535 1628 1623 1430 1506 1886 1923 1279 1415 1888 1400 534 1703 0 1588 2321 2163 1289 1214 1662 1435 1495 1644 1407 1746 1599 1684 1664 2592 1655 1761 1466 1334 1652 1651 1830 1563 2679 182 1633
1050 1739 212 1636 48 55 1177 454 1140 1491 1628 1756 1158 79 894 1749 1377 976 1150 1366 174 1341 81 207 111 1599 1636 991 220 1601 1113 1214 1416 1588 0 2034 1875 341 397 1375 1148 1208 1356 211 1459 100 1396 1377 2305 1367 1474 165 1046 1364 875 1542 60 2391 1507 1346
1379 371 1968 2369 2060 2017 933 1617 981 2223 477 426 981 1991 1627 360 709 1306 959 719 1980 768 2069 1875 1952 480 458 1321 1861 475 951 1947 668 2321 2034 0 397 1735 1659 705 929 885 791 1852 616 2044 683 826 684 836 622 1911 1376 808 2014 533 2008 770 2240 813
1221 212 1809 2210 1902 1858 774 1459 823 2065 320 392 823 1833 1468 202 550 1147 802 562 1822 610 1910 1717 1794 321 299 1162 1702 316 793 1789 510 2163 1875 397 0 1576 1501 547 771 727 632 1694 457 1886 526 667 941 677 464 1753 1217 649 1855 374 1850 1027 2081 654
751 1440 275 1337 367 324 878 155 841 1192 1329 1457 859 298 595 1450 1078 677 851 1067 287 1042 376 182 259 1300 1337 692 168 1302 814 915 1117 1289 341 1735 1576 0 138 1076 849 909 1057 159 1160 351 1097 1078 2006 1068 1175 218 747 1065 576 1243 315 2092 1208 1047
676 1364 331 1261 423 380 802 80 765 1116 1253 1381 784 354 519 1375 1002 602 775 992 343 966 432 238 315 1224 1261 617 224 1226 738 840 1041 1214 397 1659 1501 138 0 1000 773 833 982 215 1084 407 1022 1002 1930 993 1099 274 672 990 500 1168 371 2017 1132 971
720 410 1309 1710 1401 1358 307 958 322 1564 629 700 322 1332 967 421 195 647 603 820 1321 255 1410 1216 1293 270 307 662 1202 272 292 1288 155 1662 1375 705 547 1076 1000 0 602 338 277 1193 130 1385 834 312 1250 322 145 1252 717 294 1355 213 1349 1336 1581 299
494 745 1082 1483 1174 1131 404 731 367 1338 521 649 385 1106 741 735 604 420 314 259 1095 568 1183 989 1066 826 833 435 975 828 340 1061 643 1435 1148 929 771 849 773 602 0 435 583 967 686 1159 289 604 1198 594 701 1025 490 591 1128 769 1123 1284 1354 573
554 590 1142 1543 1234 1191 140 791 155 1398 809 881 156 1166 801 601 340 480 437 653 1155 304 1243 1049 1126 450 488 495 1035 453 126 1121 335 1495 1208 885 727 909 833 338 435 0 320 1027 310 1219 683 340 1430 331 326 1085 550 327 1188 394 1183 1516 1414 309
702 496 1290 1691 1383 1339 288 940 304 1546 714 786 304 1314 949 506 280 628 585 802 1303 340 1391 1198 1275 356 393 643 1183 358 274 1270 240 1644 1356 791 632 1057 982 277 583 320 0 1175 216 1367 832 398 1335 408 231 1234 698 380 1336 299 1331 1422 1562 385
869 1557 145 1455 238 194 995 273 958 1309 1446 1574 977 169 712 1568 1196 795 968 1185 158 1160 246 129 130 1418 1455 810 114 1420 932 1033 1235 1407 211 1852 1694 159 215 1193 967 1027 1175 0 1278 222 1215 1196 2124 1186 1293 98 865 1183 693 1361 186 2210 1326 1165
805 342 1393 1794 1485 1442 358 1042 406 1649 539 611 406 1416 1052 332 134 731 688 781 1406 193 1494 1300 1377 209 246 746 1286 211 376 1372 93 1746 1459 616 457 1160 1084 130 686 310 216 1278 0 1469 745 251 1160 261 84 1336 801 233 1439 152 1433 1246 1665 238
1061 1749 149 1646 77 118 1187 465 1150 1501 1638 1766 1169 142 904 1760 1387 987 1160 1377 98 1352 53 217 190 1609 1647 1002 231 1612 1124 1225 1427 1599 100 2044 1886 351 407 1385 1159 1219 1367 222 1469 0 1407 1388 2316 1378 1485 176 1057 1375 885 1553 123 2402 1517 1357
742 500 1330 1731 1423 1380 652 980 615 1586 275 403 634 1354 989 489 838 668 320 91 1343 817 1431 1238 1315 609 587 683 1223 604 588 1310 797 1684 1396 683 526 1097 1022 834 289 683 832 1215 745 1407 0 852 952 843 751 1274 738 840 1376 662 1371 1038 1602 822
723 531 1311 1712 1403 1360 309 960 324 1567 749 821 324 1335 970 541 315 649 606 822 1324 375 1412 1218 1295 391 428 664 1204 393 295 1290 275 1664 1377 826 667 1078 1002 312 604 340 398 1196 251 1388 852 0 1370 442 266 1254 719 415 1357 334 1352 1457 1583 420
1953 1218 2541 2942 2634 2590 1780 2191 1826 2797 1049 998 1828 2565 2200 1207 1556 1879 1531 1291 2554 1615 2642 2449 2526 1327 1305 1894 2434 1322 1798 2521 1515 2895 2607 986 1244 2308 2233 1552 1500 1732 1638 2426 1463 2618 1255 1673 0 1683 1469 2485 1949 1655 2587 1380 2582 104 2813 1660
713 541 1301 1702 1394 1351 299 951 315 1557 759 831 315 1325 960 551 325 639 596 813 1314 385 1402 1209 1286 401 438 654 1194 403 285 1281 285 1655 1367 836 677 1068 993 322 594 331 408 1186 261 1378 843 442 1380 0 276 1245 709 425 1347 344 1342 1467 1573 430
820 349 1408 1809 1500 1457 373 1057 421 1664 546 617 421 1432 1067 338 149 746 703 787 1421 209 1509 1315 1392 224 261 761 1301 226 392 1387 109 1761 1474 622 464 1175 1099 145 701 326 231 1293 84 1485 751 266 1167 276 0 1351 816 248 1454 167 1448 1253 1680 253
928 1616 99 1513 192 148 1054 332 1017 1368 1505 1633 1036 123 771 1627 1254 854 1027 1244 112 1219 200 93 83 1476 1513 869 107 1478 990 1092 1293 1466 165 1911 1753 218 274 1252 1025 1085 1234 98 1336 176 1274 1254 2182 1245 1351 0 924 1242 752 1420 140 2269 1384 1224
147 1081 980 1381 1073 1029 519 630 482 1236 969 1097 500 1004 639 1091 719 129 492 708 993 683 1081 888 964 941 978 122 873 943 455 960 758 1334 1046 1376 1217 747 672 717 490 550 698 865 801 1057 738 719 1647 709 816 924 0 706 666 884 1021 1733 1252 688
710 513 1298 1699 1391 1347 296 948 312 1554 731 803 312 1322 957 523 298 636 593 809 1311 357 1399 1206 1282 373 410 651 1191 375 282 1278 257 1652 1364 808 649 1065 990 294 591 327 380 1183 233 1375 840 415 1352 425 248 1242 706 0 1344 316 1339 1439 1570 402
677 1718 809 1698 901 858 1156 517 1119 1553 1607 1735 1137 832 956 1728 1356 767 1129 1345 821 1320 910 716 793 1578 1615 732 702 1580 1092 1277 1395 1651 875 2013 1854 576 500 1354 1127 1187 1335 693 1438 885 1376 1356 2284 1347 1453 752 665 1343 0 1521 849 2370 1569 1325
888 259 1476 1877 1569 1525 441 1126 490 1732 456 528 490 1500 1135 249 217 814 771 698 1489 277 1577 1384 1460 292 330 829 1369 294 460 1456 177 1830 1542 533 374 1243 1168 213 769 394 299 1361 152 1553 662 334 1077 344 167 1420 884 316 1522 0 1517 1163 1748 321
1025 1713 187 1610 70 78 1151 429 1114 1465 1602 1730 1133 102 868 1724 1351 951 1124 1341 196 1316 104 181 86 1573 1611 966 195 1576 1087 1189 1391 1563 60 2008 1850 315 371 1349 1123 1183 1331 186 1433 123 1371 1352 2280 1342 1448 140 1021 1339 849 1517 0 2366 1481 1321
1863 1127 2451 2852 2543 2500 1690 2100 1736 2707 959 908 1738 2475 2110 1117 1465 1789 1440 1200 2464 1525 2552 2358 2435 1237 1215 1804 2344 1231 1708 2430 1425 2804 2517 896 1153 2218 2142 1462 1410 1642 1547 2336 1372 2528 1164 1582 245 1592 1379 2395 1859 1565 2497 1289 2492 0 2723 1569
1256 1945 1441 188 1533 1490 1383 1090 1346 84 1834 1962 1364 1464 652 1955 1583 1182 1356 1572 1454 1547 1542 1348 1425 1805 1842 1197 1334 1807 1319 453 1622 182 1507 2240 2081 1208 1132 1581 1354 1414 1562 1326 1665 1517 1602 1583 2511 1573 1680 1384 1252 1570 1569 1748 1481 2597 0 1552
692 518 1280 1681 1372 1329 278 929 294 1536 736 808 294 1304 939 528 302 618 575 791 1293 362 1381 1187 1264 378 415 633 1173 380 264 1259 262 1633 1346 813 654 1047 971 299 573 309 385 1165 238 1357 822 420 1357 430 253 1224 688 402 1326 321 1321 1444 1552 0
EOF