NAME : tsp_problem
TYPE : TSP
DIMENSION : 66
EDGE_WEIGHT_TYPE : EXPLICIT
EDGE_WEIGHT_FORMAT : FULL_MATRIX
EDGE_WEIGHT_SECTION
0 297 579 1470 1286 130 246 1372 1114 216 1360 1420 1406 231 263 679 588 1794 1823 1157 1439 686 222 224 740 338 655 1336 1433 1432 208 1349 251 1084 1225 1442 1505 237 769 1495 266 1042 183 216 1312 381 718 1485 1649 171 457 681 731 558 233 868 246 1416 211 896 1032 1052 1300 1746 353 616
297 0 302 1194 1009 312 474 1096 837 269 1084 1143 1129 278 195 402 311 1517 1546 1413 1162 409 248 298 996 566 756 1060 1157 1156 289 1072 314 808 948 1165 1228 213 492 1218 493 766 273 294 1035 637 711 1209 1372 399 713 702 454 814 302 1124 319 1140 439 619 756 775 1024 1470 76 807
579 302 0 951 766 495 756 852 594 451 840 900 886 461 377 261 102 1274 1303 1421 919 268 431 480 1005 848 615 816 914 912 471 829 497 564 705 922 985 396 249 975 775 522 455 476 792 919 569 965 1129 681 995 561 211 686 484 1133 502 897 721 376 512 532 780 1226 255 666
1470 1194 951 0 232 1386 1648 1226 405 1343 191 93 98 1352 1269 1153 913 1647 1676 2313 886 1160 1322 1372 1896 1740 1506 177 118 880 1363 145 1389 408 274 113 65 1287 1026 55 1667 466 1347 1368 183 1811 1461 72 1502 1573 1887 1452 988 1578 1376 2024 1393 137 1613 632 1056 905 218 1600 1147 1558
1286 1009 766 232 0 1202 1463 1041 220 1158 122 182 167 1168 1085 968 728 1463 1492 2128 702 975 1138 1187 1712 1555 1322 107 195 695 1178 110 1204 224 89 203 266 1103 841 256 1483 281 1163 1183 113 1626 1276 247 1318 1388 1702 1268 803 1393 1191 1840 1209 178 1428 447 872 721 137 1415 962 1373
130 312 495 1386 1202 0 307 1288 1030 277 1276 1336 1321 292 324 595 504 1710 1738 1246 1355 602 283 285 829 399 745 1252 1349 1348 269 1264 312 1000 1141 1358 1421 298 684 1410 327 958 244 277 1227 470 808 1401 1564 232 547 771 647 648 294 957 307 1332 272 812 948 967 1216 1662 269 706
246 474 756 1648 1463 307 0 1549 1291 393 1537 1597 1583 408 440 836 765 1971 2000 999 1616 833 399 401 582 195 497 1513 1611 1609 385 1526 428 1261 1402 1619 1682 414 946 1672 235 1219 360 393 1489 223 561 1662 1826 335 299 524 908 401 410 710 423 1594 289 1073 1209 1229 1477 1923 530 458
1372 1096 852 1226 1041 1288 1549 0 869 1245 1116 1175 1161 1254 1171 1054 814 582 610 2215 1277 1061 1224 1274 1798 1642 1408 1092 1189 1270 1265 1104 1290 840 980 1197 1260 1189 927 1250 1569 798 1249 1270 1067 1712 1363 1241 436 1475 1789 1354 890 1479 1278 1926 1295 1172 1514 651 1191 360 1056 534 1048 1459
1114 837 594 405 220 1030 1291 869 0 986 294 354 340 996 912 796 556 1291 1320 1956 530 803 966 1015 1540 1383 1150 271 368 523 1006 283 1032 92 159 376 439 931 669 429 1310 109 991 1011 246 1454 1104 419 1146 1216 1530 1096 631 1221 1019 1668 1037 351 1256 275 700 549 234 1243 790 1201
216 269 451 1343 1158 277 393 1245 986 0 1233 1293 1278 377 344 551 460 1666 1695 1332 1311 558 368 371 915 485 830 1209 1306 1305 354 1221 397 957 1097 1314 1377 362 641 1367 412 915 329 362 1184 556 860 1358 1521 318 632 851 603 733 380 1043 392 1289 358 768 905 924 1173 1619 226 791
1360 1084 840 191 122 1276 1537 1116 294 1233 0 141 126 1242 1159 1042 802 1537 1566 2203 776 1049 1212 1262 1786 1630 1396 67 103 769 1253 70 1278 298 163 112 178 1177 915 189 1557 356 1237 1258 72 1700 1351 155 1392 1463 1777 1342 878 1467 1266 1914 1283 86 1502 521 946 795 108 1490 1036 1447
1420 1143 900 93 182 1336 1597 1175 354 1293 141 0 113 1302 1219 1102 862 1597 1626 2263 836 1109 1272 1321 1846 1689 1456 126 191 829 1313 129 1338 358 223 186 127 1237 975 117 1617 415 1297 1318 132 1760 1411 145 1452 1522 1837 1402 938 1527 1325 1974 1343 197 1562 581 1006 855 168 1549 1096 1507
1406 1129 886 98 167 1321 1583 1161 340 1278 126 113 0 1287 1204 1088 848 1583 1611 2248 821 1095 1258 1307 1831 1675 1441 112 196 815 1298 115 1324 343 209 192 133 1223 961 123 1602 401 1282 1303 118 1746 1396 151 1437 1508 1822 1388 923 1513 1311 1960 1328 183 1548 567 991 840 153 1535 1082 1493
231 278 461 1352 1168 292 408 1254 996 377 1242 1302 1287 0 353 561 470 1676 1704 1347 1321 568 383 386 930 500 845 1218 1315 1314 370 1230 412 966 1107 1324 1387 372 650 1376 427 924 344 377 1193 571 869 1367 1530 333 647 861 613 748 395 1058 407 1298 373 778 914 934 1182 1628 235 806
263 195 377 1269 1085 324 440 1171 912 344 1159 1219 1204 353 0 478 387 1592 1621 1379 1237 484 324 373 963 533 831 1135 1232 1231 364 1147 390 883 1023 1241 1304 289 567 1293 460 841 348 369 1110 603 786 1284 1447 366 680 777 530 781 377 1091 394 1215 405 695 831 850 1099 1545 152 839
679 402 261 1153 968 595 836 1054 796 551 1042 1102 1088 561 478 0 270 1476 1505 1198 1121 287 531 580 781 760 391 1019 1116 1114 572 1031 597 767 907 1124 1187 496 451 1177 799 725 556 576 994 698 346 1168 1331 781 775 337 413 462 584 909 602 1099 821 578 714 734 982 1428 355 443
588 311 102 913 728 504 765 814 556 460 802 862 848 470 387 270 0 1236 1265 1431 881 277 440 489 1014 857 624 778 875 874 481 791 506 526 667 884 947 405 211 937 785 484 465 485 754 928 578 927 1091 690 1005 570 173 695 493 1142 511 859 730 338 474 494 742 1188 264 675
1794 1517 1274 1647 1463 1710 1971 582 1291 1666 1537 1597 1583 1676 1592 1476 1236 0 54 2636 1698 1483 1646 1695 2220 2063 1830 1513 1610 1692 1686 1526 1712 1261 1402 1619 1682 1611 1349 1672 1990 1219 1671 1691 1489 2134 1784 1662 206 1896 2210 1776 1311 1901 1699 2348 1717 1593 1936 1073 1613 781 1477 126 1470 1881
1823 1546 1303 1676 1492 1738 2000 610 1320 1695 1566 1626 1611 1704 1621 1505 1265 54 0 2665 1727 1512 1675 1724 2249 2092 1858 1542 1639 1721 1715 1554 1741 1290 1430 1648 1711 1640 1378 1700 2019 1248 1699 1720 1517 2163 1813 1691 202 1925 2239 1805 1340 1930 1728 2377 1746 1622 1965 1102 1641 810 1506 122 1499 1910
1466 1722 1731 2623 2438 1556 1309 2524 2266 1641 2512 2572 2558 1656 1689 1507 1740 2946 2975 0 2591 1504 1647 1650 769 1232 1169 2489 2586 2584 1633 2501 1676 2236 2377 2594 2657 1662 1921 2647 1271 2194 1608 1641 2464 1171 1232 2637 2801 1372 1247 1195 1883 1072 1659 639 1671 2569 1325 2048 2184 2204 2452 2898 1779 1130
1438 1161 918 886 702 1354 1615 1277 530 1310 776 836 821 1320 1237 1120 880 1698 1727 2281 0 1127 1290 1339 1864 1707 1474 752 849 167 1331 764 1356 500 640 858 921 1255 713 910 1635 517 1315 1335 727 1778 1428 901 1553 1540 1854 1420 767 1545 1343 1992 1361 832 1580 683 552 956 716 1651 1114 1525
686 409 268 1160 975 602 833 1061 803 558 1049 1109 1095 568 484 287 277 1483 1512 1194 1128 0 538 587 778 756 388 1025 1123 1121 578 1038 604 773 914 1131 1194 503 458 1184 795 731 563 583 1001 695 342 1174 1338 788 771 334 420 459 591 906 609 1106 828 585 721 741 989 1435 362 439
222 248 431 1322 1138 283 399 1224 966 368 1212 1272 1258 383 324 531 440 1646 1675 1338 1291 538 0 377 921 491 836 1188 1285 1284 360 1201 403 936 1077 1294 1357 342 621 1347 418 894 335 368 1164 562 839 1337 1501 324 638 831 583 739 386 1049 398 1268 364 748 884 904 1152 1598 205 797
224 298 480 1372 1187 285 401 1274 1015 371 1262 1321 1307 386 373 580 489 1695 1724 1340 1340 587 377 0 924 494 839 1238 1335 1334 363 1250 406 986 1126 1343 1406 391 670 1396 421 944 338 371 1213 564 889 1387 1550 327 641 865 632 742 388 1052 401 1318 366 797 933 953 1202 1648 254 800
740 996 1005 1896 1712 829 582 1798 1540 915 1786 1846 1831 930 963 781 1014 2220 2249 459 1865 778 921 924 0 506 443 1762 1859 1858 907 1775 950 1510 1651 1868 1931 936 1194 1920 545 1468 882 915 1737 445 506 1911 2074 645 521 469 1157 346 932 171 945 1842 599 1322 1458 1478 1726 2172 1052 404
338 566 848 1740 1555 399 195 1642 1383 485 1630 1689 1675 500 533 760 857 2063 2092 922 1708 756 491 494 506 0 421 1606 1703 1702 477 1618 520 1354 1494 1711 1774 506 1038 1764 158 1312 452 485 1581 147 484 1755 1918 258 223 447 1000 324 502 634 515 1686 212 1165 1301 1321 1569 2016 622 382
655 756 615 1506 1322 745 497 1408 1150 830 1396 1456 1441 845 831 391 624 1830 1858 859 1475 388 836 839 443 421 0 1372 1469 1468 822 1384 865 1120 1261 1478 1541 850 804 1530 460 1078 797 830 1347 360 116 1521 1684 560 436 88 767 213 847 571 860 1452 514 932 1068 1087 1336 1782 709 193
1336 1060 816 177 107 1252 1513 1092 271 1209 67 126 112 1218 1135 1019 778 1513 1542 2179 752 1025 1188 1238 1762 1606 1372 0 140 746 1229 55 1254 274 139 148 211 1153 892 201 1533 332 1213 1234 58 1676 1327 192 1368 1439 1753 1318 854 1443 1242 1890 1259 123 1478 498 922 771 93 1466 1013 1424
1433 1157 914 118 195 1349 1611 1189 368 1306 103 191 196 1315 1232 1116 875 1610 1639 2276 849 1123 1285 1335 1859 1703 1469 140 0 843 1326 143 1352 371 236 78 93 1250 989 104 1630 429 1310 1331 146 1773 1424 70 1465 1536 1850 1415 951 1541 1339 1987 1356 102 1576 595 1019 868 181 1563 1110 1521
1431 1155 912 880 695 1347 1609 1270 523 1304 769 829 815 1313 1230 1114 874 1692 1721 2274 167 1121 1283 1333 1857 1701 1467 746 843 0 1324 758 1350 493 634 851 914 1248 707 904 1628 510 1308 1329 721 1772 1422 894 1547 1534 1848 1414 760 1539 1337 1985 1354 826 1574 676 546 950 709 1644 1108 1519
208 289 471 1363 1178 269 385 1265 1006 354 1253 1313 1298 370 364 572 481 1686 1715 1324 1331 578 360 363 907 477 822 1229 1326 1325 0 1241 390 977 1117 1335 1397 376 661 1387 405 935 321 355 1204 548 880 1378 1541 310 624 849 623 726 372 1035 385 1309 350 788 925 944 1193 1639 246 783
1349 1072 829 145 110 1264 1526 1104 283 1221 70 129 115 1230 1147 1031 791 1526 1554 2191 764 1038 1201 1250 1775 1618 1384 55 143 758 1241 0 1267 286 152 151 180 1166 904 169 1545 344 1225 1246 61 1689 1339 195 1380 1451 1765 1331 866 1456 1254 1903 1272 126 1491 510 934 783 96 1478 1025 1436
251 314 497 1389 1204 312 428 1290 1032 397 1278 1338 1324 412 390 597 506 1712 1741 1367 1357 604 403 406 950 520 865 1254 1352 1350 390 1267 0 1002 1143 1360 1423 408 687 1413 447 960 364 398 1230 591 905 1403 1567 353 667 892 649 768 415 1078 428 1335 393 814 950 970 1218 1664 271 826
1084 808 564 408 224 1000 1261 840 92 957 298 358 343 966 883 767 526 1261 1290 1927 500 773 936 986 1510 1354 1120 274 371 493 977 286 1002 0 162 380 443 901 639 432 1281 80 961 982 249 1424 1075 423 1116 1187 1501 1066 602 1191 990 1638 1007 354 1226 245 670 519 238 1214 761 1171
1225 948 705 274 89 1141 1402 980 159 1097 163 223 209 1107 1023 907 667 1402 1430 2067 640 914 1077 1126 1651 1494 1261 139 236 634 1117 152 1143 162 0 245 308 1042 780 298 1421 220 1101 1122 115 1565 1215 288 1256 1327 1641 1207 742 1332 1130 1779 1148 220 1367 386 811 660 103 1354 901 1312
1442 1165 922 113 203 1358 1619 1197 376 1314 112 186 192 1324 1241 1124 884 1619 1648 2285 858 1131 1294 1343 1868 1711 1478 148 78 851 1335 151 1360 380 245 0 88 1259 997 99 1639 437 1319 1339 154 1782 1432 66 1474 1544 1858 1424 960 1549 1347 1996 1365 97 1584 603 1028 877 190 1571 1118 1529
1505 1228 985 65 266 1421 1682 1260 439 1377 178 127 133 1387 1304 1187 947 1682 1711 2347 921 1194 1357 1406 1931 1774 1541 211 93 914 1397 180 1423 443 308 88 0 1322 1060 67 1702 500 1382 1402 217 1845 1495 47 1537 1607 1921 1487 1023 1612 1410 2059 1428 112 1647 666 1091 940 253 1634 1181 1592
237 213 396 1287 1103 298 414 1189 931 362 1177 1237 1223 372 289 496 405 1611 1640 1353 1256 503 342 391 936 506 850 1153 1250 1249 376 1166 408 901 1042 1259 1322 0 586 1312 433 859 350 384 1129 577 804 1302 1466 339 653 796 548 755 395 1064 413 1233 379 713 849 869 1117 1563 170 812
769 492 249 1026 841 684 946 927 669 641 915 975 961 650 567 451 211 1349 1378 1611 714 458 621 670 1194 1038 804 892 989 707 661 904 687 639 780 997 1060 586 0 1050 965 597 645 666 867 1109 759 1040 1204 871 1185 751 97 876 674 1322 691 972 911 451 307 607 855 1301 445 856
1495 1218 975 55 256 1410 1672 1250 429 1367 189 117 123 1376 1293 1177 937 1672 1700 2337 910 1184 1347 1396 1920 1764 1530 201 104 904 1387 169 1413 432 298 99 67 1312 1050 0 1691 490 1371 1392 207 1835 1485 58 1526 1597 1911 1477 1012 1602 1400 2049 1417 123 1637 656 1080 929 242 1624 1171 1582
266 493 775 1667 1483 327 235 1569 1310 412 1557 1617 1602 427 460 799 785 1990 2019 962 1635 795 418 421 545 158 460 1533 1630 1629 405 1545 447 1281 1421 1639 1702 433 965 1691 0 1239 379 412 1508 186 523 1682 1845 298 262 487 928 364 430 673 442 1613 252 1093 1229 1248 1497 1943 550 421
1042 766 522 466 281 958 1219 798 109 915 356 415 401 924 841 725 484 1219 1248 1885 517 731 894 944 1468 1312 1078 332 429 510 935 344 960 80 220 437 500 859 597 490 1239 0 919 940 307 1382 1033 481 1074 1145 1459 1024 560 1149 948 1596 965 412 1184 203 687 477 296 1172 718 1129
183 273 455 1347 1163 244 360 1249 991 329 1237 1297 1282 344 348 556 465 1671 1699 1299 1315 563 335 338 882 452 797 1213 1310 1309 321 1225 364 961 1101 1319 1382 350 645 1371 379 919 0 329 1188 523 860 1362 1525 285 599 823 608 700 347 1010 359 1293 325 773 909 928 1177 1623 230 758
216 294 476 1368 1183 277 393 1270 1011 362 1258 1318 1303 377 369 576 485 1691 1720 1332 1336 583 368 371 915 485 830 1234 1331 1330 355 1246 398 982 1122 1339 1402 384 666 1392 412 940 329 0 1209 556 885 1383 1546 318 632 857 628 734 380 1043 393 1314 358 793 930 949 1198 1644 251 791
1312 1035 792 183 113 1227 1489 1067 246 1184 72 132 118 1193 1110 994 754 1489 1517 2154 727 1001 1164 1213 1737 1581 1347 58 146 721 1204 61 1230 249 115 154 217 1129 867 207 1508 307 1188 1209 0 1652 1302 197 1343 1414 1728 1294 829 1419 1217 1865 1234 129 1454 473 897 746 99 1441 988 1399
381 637 919 1811 1626 470 223 1712 1454 556 1700 1760 1746 571 603 698 928 2134 2163 861 1779 695 562 564 445 147 360 1676 1773 1772 548 1689 591 1424 1565 1782 1845 577 1109 1835 186 1382 523 556 1652 0 423 1825 1989 286 145 386 1071 263 573 573 586 1757 240 1236 1372 1392 1640 2086 693 321
718 711 569 1461 1276 808 561 1363 1104 860 1351 1411 1396 869 786 346 578 1784 1813 922 1429 342 839 889 506 484 116 1327 1424 1423 880 1339 905 1075 1215 1432 1495 804 759 1485 523 1033 860 885 1302 423 0 1476 1639 624 499 62 721 187 893 634 910 1407 577 886 1023 1042 1291 1737 663 167
1485 1209 965 72 247 1401 1662 1241 419 1358 155 145 151 1367 1284 1168 927 1662 1691 2328 901 1174 1337 1387 1911 1755 1521 192 70 894 1378 195 1403 423 288 66 47 1302 1040 58 1682 481 1362 1383 197 1825 1476 0 1517 1588 1902 1467 1003 1592 1391 2039 1408 89 1627 646 1071 920 233 1615 1162 1572
1649 1372 1129 1502 1318 1564 1826 436 1146 1521 1392 1452 1437 1530 1447 1331 1091 206 202 2491 1553 1338 1501 1550 2074 1918 1684 1368 1465 1547 1541 1380 1567 1116 1256 1474 1537 1466 1204 1526 1845 1074 1525 1546 1343 1989 1639 1517 0 1751 2065 1631 1166 1756 1554 2203 1571 1448 1791 928 1467 636 1332 166 1325 1736
171 399 681 1573 1388 232 335 1475 1216 318 1463 1522 1508 333 366 781 690 1896 1925 1062 1541 788 324 327 645 258 560 1439 1536 1535 310 1451 353 1187 1327 1544 1607 339 871 1597 298 1145 285 318 1414 286 624 1588 1751 0 363 587 833 464 335 773 348 1519 313 998 1134 1154 1403 1849 455 521
457 713 995 1887 1702 547 299 1789 1530 632 1777 1837 1822 647 680 775 1005 2210 2239 938 1855 771 638 641 521 223 436 1753 1850 1849 624 1765 667 1501 1641 1858 1921 653 1185 1911 262 1459 599 632 1728 145 499 1902 2065 363 0 463 1147 339 649 649 662 1833 316 1312 1449 1468 1717 2163 770 397
681 702 561 1452 1268 771 524 1354 1096 851 1342 1402 1388 861 777 337 570 1776 1805 886 1421 334 831 865 469 447 88 1318 1415 1414 849 1331 892 1066 1207 1424 1487 796 751 1477 487 1024 823 857 1294 386 62 1467 1631 587 463 0 713 160 874 597 887 1398 541 878 1014 1034 1282 1728 655 140
731 454 211 988 803 647 908 890 631 603 878 938 923 613 530 413 173 1311 1340 1573 767 420 583 632 1157 1000 767 854 951 761 623 866 649 602 742 960 1023 548 97 1012 928 560 608 628 829 1071 721 1003 1166 833 1147 713 0 838 636 1285 654 934 873 413 361 569 818 1264 407 818
558 814 686 1578 1393 648 401 1479 1221 733 1467 1527 1513 748 781 462 695 1901 1930 762 1546 459 739 742 346 324 213 1443 1541 1539 726 1456 768 1191 1332 1549 1612 755 876 1602 364 1149 700 734 1419 263 187 1592 1756 464 339 160 838 0 751 474 764 1524 418 1003 1139 1159 1407 1853 780 177
233 302 484 1376 1191 294 410 1278 1019 380 1266 1325 1311 395 377 584 493 1699 1728 1349 1344 591 386 388 932 502 847 1242 1339 1338 372 1254 415 990 1130 1347 1410 395 674 1400 430 948 347 380 1217 573 893 1391 1554 335 649 874 636 751 0 1060 410 1322 375 801 938 957 1206 1652 258 808
868 1124 1133 2024 1840 957 710 1926 1668 1043 1914 1974 1960 1058 1091 909 1142 2348 2377 330 1993 906 1049 1052 171 634 571 1890 1987 1986 1035 1903 1078 1638 1779 1996 2059 1064 1322 2049 673 1596 1010 1043 1865 573 634 2039 2203 773 649 597 1285 474 1060 0 1073 1970 727 1450 1586 1606 1854 2300 1180 532
246 319 502 1393 1209 307 423 1295 1037 392 1283 1343 1328 407 394 602 511 1717 1746 1362 1362 609 398 401 945 515 860 1259 1356 1355 385 1272 428 1007 1148 1365 1428 413 691 1417 442 965 359 393 1234 586 910 1408 1571 348 662 887 654 764 410 1073 0 1339 388 819 955 975 1223 1669 276 821
1416 1140 897 137 178 1332 1594 1172 351 1289 86 197 183 1298 1215 1099 859 1593 1622 2259 832 1106 1268 1318 1842 1686 1452 123 102 826 1309 126 1335 354 220 97 112 1233 972 123 1613 412 1293 1314 129 1757 1407 89 1448 1519 1833 1398 934 1524 1322 1970 1339 0 1559 578 1002 851 164 1546 1093 1504
211 439 721 1613 1428 272 289 1514 1256 358 1502 1562 1548 373 405 821 730 1936 1965 1016 1581 828 364 366 599 212 514 1478 1576 1574 350 1491 393 1226 1367 1584 1647 379 911 1637 252 1184 325 358 1454 240 577 1627 1791 313 316 541 873 418 375 727 388 1559 0 1038 1174 1194 1442 1888 495 475
896 619 376 632 447 812 1073 651 275 768 521 581 567 778 695 578 338 1073 1102 1738 683 585 748 797 1322 1165 932 498 595 676 788 510 814 245 386 603 666 713 451 656 1093 203 773 793 473 1236 886 646 928 998 1312 878 413 1003 801 1450 819 578 1038 0 715 331 461 1025 572 983
905 628 385 1097 912 820 1082 1063 740 777 986 1046 1032 786 703 587 347 1485 1514 1747 593 594 757 806 1331 1174 940 963 1060 586 797 975 823 711 851 1068 1131 722 180 1121 1101 727 781 802 938 1245 895 1112 1340 1007 1321 887 233 1012 810 1459 827 1043 1047 587 0 743 926 1437 581 992
1052 775 532 905 721 967 1229 360 549 924 795 855 840 934 850 734 494 781 810 1894 956 741 904 953 1478 1321 1087 771 868 950 944 783 970 519 660 877 940 869 607 929 1248 477 928 949 746 1392 1042 920 636 1154 1468 1034 569 1159 957 1606 975 851 1194 331 871 0 735 734 728 1139
1300 1024 780 218 137 1216 1477 1056 234 1173 108 168 153 1182 1099 982 742 1477 1506 2143 716 989 1152 1202 1726 1569 1336 93 181 709 1193 96 1218 238 103 190 253 1117 855 242 1497 296 1177 1198 99 1640 1291 233 1332 1403 1717 1282 818 1407 1206 1854 1223 164 1442 461 886 735 0 1430 976 1387
1746 1470 1226 1600 1415 1662 1923 534 1243 1619 1490 1549 1535 1628 1545 1428 1188 126 122 2589 1651 1435 1598 1648 2172 2016 1782 1466 1563 1644 1639 1478 1664 1214 1354 1571 1634 1563 1301 1624 1943 1172 1623 1644 1441 2086 1737 1615 166 1849 2163 1728 1264 1853 1652 2300 1669 1546 1888 1025 1565 734 1430 0 1422 1833
353 76 255 1147 962 269 530 1048 790 226 1036 1096 1082 235 152 355 264 1470 1499 1469 1115 362 205 254 1052 622 709 1013 1110 1108 246 1025 271 761 901 1118 1181 170 445 1171 550 718 230 251 988 693 663 1162 1325 455 770 655 407 780 258 1180 276 1093 495 572 708 728 976 1422 0 760
616 807 666 1558 1373 706 458 1459 1201 791 1447 1507 1493 806 839 443 675 1881 1910 820 1526 439 797 800 404 382 193 1424 1521 1519 783 1436 826 1171 1312 1529 1592 812 856 1582 421 1129 758 791 1399 321 167 1572 1736 521 397 140 818 177 808 532 821 1504 475 983 1119 1139 1387 1833 760 0
EOF