NAME : tsp_problem
TYPE : TSP
DIMENSION : 36
EDGE_WEIGHT_TYPE : EXPLICIT
EDGE_WEIGHT_FORMAT : FULL_MATRIX
EDGE_WEIGHT_SECTION
0 949 975 744 431 1059 690 445 64 1064 400 764 410 492 412 316 614 816 921 738 404 418 409 709 342 389 942 430 876 687 748 617 598 679 954 284
949 0 60 1667 1352 1360 1611 1149 985 1987 1321 220 1331 1415 595 1021 1535 181 196 257 1325 1341 1330 282 1046 1310 836 1351 103 1610 219 1541 1521 1602 849 989
975 60 0 1693 1377 1386 1636 1175 1010 2013 1347 246 1356 1441 620 1046 1560 207 174 283 1350 1366 1355 308 1072 1336 862 1377 129 1636 245 1566 1546 1628 875 1014
744 1667 1693 0 654 1778 287 1163 782 463 603 1482 619 277 1130 1035 343 1534 1639 1456 650 376 658 1427 1060 586 1660 537 1594 181 1466 154 211 135 1673 1002
431 1352 1377 654 0 1462 428 847 388 1078 381 1166 398 892 814 719 352 1218 1324 1141 428 822 436 1111 744 364 1344 315 1278 796 1150 768 826 749 1357 687
1071 1372 1397 1789 1473 0 1732 1271 1106 2109 1443 1186 1452 1537 834 1142 1656 1238 1344 1161 1446 1462 1451 1132 1168 1432 1447 1473 1298 1732 1170 1662 1642 1724 1460 1110
690 1611 1636 287 428 1721 0 1106 647 710 377 1425 393 524 1073 978 329 1477 1583 1400 423 623 431 1371 1003 360 1603 311 1537 428 1409 401 458 382 1616 946
445 1149 1175 1163 847 1260 1106 0 480 1483 817 964 827 911 612 156 1030 1016 1121 938 821 837 826 909 138 806 674 847 1076 1106 948 1036 1016 1098 686 204
64 985 1010 782 388 1095 647 480 0 1102 357 799 367 530 447 352 571 851 957 774 361 455 366 745 377 346 977 387 911 725 783 655 635 717 990 320
1064 1987 2013 463 1078 2098 710 1483 1102 0 1027 1802 1043 597 1450 1355 767 1854 1960 1777 1074 696 1081 1747 1380 1010 1980 961 1914 501 1786 474 532 455 1993 1322
400 1321 1347 603 381 1432 377 817 357 1027 0 1136 346 840 784 689 301 1188 1293 1111 377 792 385 1081 714 313 1314 264 1248 744 1120 717 775 698 1327 656
764 220 246 1482 1166 1175 1425 964 799 1802 1136 0 1146 1230 409 836 1349 99 193 72 1140 1156 1145 97 861 1125 651 1166 147 1425 34 1355 1335 1417 664 803
410 1331 1356 619 398 1441 393 827 367 1043 346 1146 0 857 793 698 317 1198 1303 1120 393 802 401 1091 724 329 1323 280 1258 761 1130 734 791 714 1336 666
492 1415 1441 277 892 1526 524 911 530 597 840 1230 857 0 878 783 581 1282 1388 1205 870 124 875 1175 808 823 1408 774 1342 229 1214 160 140 221 1421 751
412 595 620 1130 814 823 1073 612 447 1450 784 409 793 878 0 483 997 461 567 384 787 803 792 355 509 773 670 814 521 1073 393 1003 983 1065 683 451
316 1021 1046 1035 719 1131 978 156 352 1355 689 836 698 783 483 0 902 888 993 810 692 708 697 781 117 677 653 719 948 977 820 908 888 969 666 145
614 1535 1560 343 352 1645 329 1030 571 767 301 1349 317 581 997 902 0 1401 1507 1324 348 680 355 1295 928 284 1527 235 1461 485 1333 458 515 438 1540 870
816 181 207 1534 1218 1227 1477 1016 851 1854 1188 99 1198 1282 461 888 1401 0 153 124 1192 1208 1197 149 913 1177 703 1218 108 1477 86 1407 1387 1469 716 855
921 196 174 1639 1324 1332 1583 1121 957 1960 1293 193 1303 1388 567 993 1507 153 0 229 1297 1313 1302 254 1019 1282 808 1324 126 1582 191 1513 1493 1574 821 961
738 257 283 1456 1141 1149 1400 938 774 1777 1111 72 1120 1205 384 810 1324 124 229 0 1114 1130 1119 74 836 1099 625 1141 184 1399 56 1330 1310 1391 638 778
404 1325 1350 650 428 1435 423 821 361 1074 377 1140 393 870 787 692 348 1192 1297 1114 0 796 431 1085 718 360 1317 311 1252 791 1124 764 822 745 1330 660
418 1341 1366 376 822 1451 623 837 455 696 792 1156 802 124 803 708 680 1208 1313 1130 796 0 801 1101 734 781 1333 822 1268 319 1140 249 229 311 1346 676
409 1330 1355 658 436 1440 431 826 366 1081 385 1145 401 875 792 697 355 1197 1302 1119 431 801 0 1090 723 368 1322 319 1257 799 1129 772 830 753 1335 665
709 282 308 1427 1111 1120 1371 909 745 1747 1081 97 1091 1175 355 781 1295 149 254 74 1085 1101 1090 0 806 1070 596 1111 209 1370 81 1300 1281 1362 609 749
342 1046 1072 1060 744 1157 1003 138 377 1380 714 861 724 808 509 117 928 913 1019 836 718 734 723 806 0 703 635 744 973 1003 845 933 914 995 648 166
389 1310 1336 586 364 1420 360 806 346 1010 313 1125 329 823 773 677 284 1177 1282 1099 360 781 368 1070 703 0 1303 247 1237 727 1109 700 758 681 1315 645
941 836 862 1659 1343 1435 1602 673 976 1979 1313 651 1323 1407 670 652 1526 703 808 625 1316 1333 1322 596 634 1302 0 1343 763 1602 635 1532 1512 1594 161 700
430 1351 1377 537 315 1462 311 847 387 961 264 1166 280 774 814 719 235 1218 1324 1141 311 822 319 1111 744 247 1344 0 1278 678 1150 651 709 632 1357 686
876 103 129 1594 1278 1287 1537 1076 911 1914 1248 147 1258 1342 521 948 1461 108 126 184 1252 1268 1257 209 973 1237 763 1278 0 1537 146 1467 1447 1529 776 915
687 1610 1636 181 796 1721 428 1106 725 501 744 1425 761 229 1073 977 485 1477 1582 1399 791 319 799 1370 1003 727 1603 678 1537 0 1409 147 204 127 1616 945
748 219 245 1466 1150 1159 1409 948 783 1786 1120 34 1130 1214 393 820 1333 86 191 56 1124 1140 1129 81 845 1109 635 1150 146 1409 0 1339 1319 1401 648 787
617 1541 1566 154 768 1651 401 1036 655 474 717 1355 734 160 1003 908 458 1407 1513 1330 764 249 772 1300 933 700 1533 651 1467 147 1339 0 177 100 1546 876
598 1521 1546 211 826 1631 458 1016 635 532 775 1335 791 140 983 888 515 1387 1493 1310 822 229 830 1281 914 758 1513 709 1447 204 1319 177 0 158 1526 856
679 1602 1628 135 749 1712 382 1098 717 455 698 1417 714 221 1065 969 438 1469 1574 1391 745 311 753 1362 995 681 1595 632 1529 127 1401 100 158 0 1607 937
954 849 875 1672 1356 1448 1615 686 989 1992 1326 664 1335 1420 683 665 1539 716 821 638 1329 1345 1334 609 647 1315 161 1356 776 1615 648 1545 1525 1607 0 713
284 989 1014 1002 687 1099 946 204 320 1322 656 803 666 751 451 145 870 855 961 778 660 676 665 749 166 645 701 686 915 945 787 876 856 937 714 0
EOF