NAME : tsp_problem
TYPE : TSP
DIMENSION : 28
EDGE_WEIGHT_TYPE : EXPLICIT
EDGE_WEIGHT_FORMAT : FULL_MATRIX
EDGE_WEIGHT_SECTION
0 1563 163 1141 1033 1620 703 107 249 657 1131 1144 944 242 840 738 1579 1095 1281 854 318 306 1130 938 1306 1040 181 774
1563 0 1679 474 579 143 919 1500 1765 1392 601 469 1274 1465 789 853 375 556 338 1215 1834 1822 485 1269 298 577 1697 810
163 1679 0 1257 1150 1737 819 221 129 774 1248 1260 1060 358 957 855 1695 1212 1398 970 197 186 1247 1055 1423 1156 60 890
1141 474 1257 0 725 531 497 1078 1343 970 325 194 852 1043 532 430 763 280 192 792 1412 1400 822 847 217 301 1275 387
1033 579 1150 725 0 637 389 970 1235 862 716 728 745 935 262 323 592 679 832 685 1304 1292 144 739 792 624 1167 358
1620 143 1737 531 637 0 976 1557 1823 1449 658 527 1332 1522 847 910 432 613 395 1272 1891 1880 543 1327 355 634 1754 867
703 919 819 497 389 976 0 640 905 532 487 500 415 605 196 94 935 451 637 355 974 962 486 409 662 396 837 130
107 1500 221 1078 970 1557 640 0 307 595 1068 1081 881 179 777 676 1516 1032 1219 791 376 364 1067 876 1243 977 239 711
249 1765 129 1343 1235 1823 905 307 0 860 1334 1346 1146 444 1042 941 1781 1298 1484 1056 116 125 1333 1141 1509 1242 143 976
657 1392 774 970 862 1449 532 595 860 0 960 973 773 559 669 567 1408 924 1110 713 929 917 959 767 1135 869 792 603
1131 601 1248 325 716 658 487 1068 1334 960 0 321 843 1033 522 421 890 407 319 783 1402 1391 813 838 344 398 1265 378
1144 469 1260 194 728 527 500 1081 1346 973 321 0 855 1046 535 433 759 276 188 796 1415 1403 825 850 213 297 1278 391
944 1274 1060 852 745 1332 415 881 1146 773 843 855 0 732 552 450 1290 807 993 128 1215 1203 842 24 1018 751 1078 486
242 1465 358 1043 935 1522 605 179 444 559 1033 1046 731 0 742 640 1481 997 1183 638 513 501 1032 726 1208 942 376 676
840 789 957 532 262 847 196 777 1042 669 522 535 552 742 0 130 802 486 673 492 1111 1099 354 546 697 431 974 165
738 853 855 430 323 910 94 676 941 567 421 433 450 640 130 0 866 385 571 390 1010 998 418 445 596 329 872 64
1579 375 1695 763 592 432 935 1516 1781 1408 890 759 1290 1481 802 866 0 845 627 1230 1850 1838 498 1285 587 866 1713 904
1095 556 1212 280 679 613 451 1032 1298 924 407 276 807 997 486 385 845 0 274 747 1366 1355 777 802 299 362 1229 342
1281 338 1398 192 832 395 637 1219 1484 1110 319 188 993 1183 673 571 627 274 0 933 1553 1541 738 988 211 296 1416 528
854 1215 971 792 685 1272 355 792 1057 713 783 796 128 638 492 390 1230 747 933 0 1126 1114 782 122 958 691 989 426
318 1834 197 1412 1304 1891 974 376 116 929 1402 1415 1215 513 1111 1010 1850 1366 1553 1125 0 66 1401 1210 1577 1311 166 1045
306 1822 186 1400 1292 1880 962 364 125 917 1391 1403 1203 501 1099 998 1838 1355 1541 1113 66 0 1390 1198 1565 1299 154 1033
1130 485 1247 822 144 543 486 1067 1333 959 813 825 842 1032 354 418 498 777 738 782 1401 1390 0 837 698 721 1264 455
938 1269 1055 847 739 1327 409 876 1141 767 838 850 24 726 546 445 1285 802 988 122 1210 1198 837 0 1012 746 1073 480
1306 298 1423 217 792 355 662 1243 1509 1135 344 213 1018 1208 697 596 587 299 211 958 1577 1565 698 1012 0 320 1440 553
1040 577 1156 301 624 634 396 977 1242 869 398 297 751 942 431 329 866 362 296 691 1311 1299 721 746 320 0 1174 286
181 1697 60 1275 1167 1754 837 239 143 792 1265 1278 1078 376 974 872 1713 1229 1416 988 166 154 1264 1073 1440 1174 0 908
774 810 890 387 358 867 130 711 976 603 378 391 486 676 165 64 904 342 528 426 1045 1033 455 480 553 286 908 0
EOF