NAME : tsp_problem
TYPE : TSP
DIMENSION : 22
EDGE_WEIGHT_TYPE : EXPLICIT
EDGE_WEIGHT_FORMAT : FULL_MATRIX
EDGE_WEIGHT_SECTION
0 772 749 496 790 1036 713 483 478 992 713 1083 720 664 612 168 714 759 747 882 689 961
772 0 122 878 768 1418 203 865 860 242 1095 333 1102 1045 303 761 599 1141 1128 132 1071 939
749 122 0 854 744 1394 179 841 836 285 1071 376 1078 1021 279 737 576 1117 1105 176 1047 915
496 878 854 0 895 613 819 372 367 1098 602 1189 609 552 717 485 1133 648 636 988 578 1066
790 768 744 895 0 1435 709 882 877 988 1112 1079 1119 1062 607 778 1106 1158 1146 878 1088 229
1036 1418 1394 613 1435 0 1358 810 757 1637 643 1728 654 600 1257 1024 1673 497 512 1528 641 1606
713 203 179 819 709 1358 0 805 801 422 1036 513 1043 986 244 702 422 1082 1069 313 1012 880
483 865 841 372 882 810 805 0 83 1084 318 1175 324 268 704 472 1120 363 351 975 294 1053
478 860 836 367 877 757 801 83 0 1080 264 1171 271 215 699 467 1115 310 298 970 240 1048
992 242 285 1098 988 1637 422 1084 1080 0 1315 134 1322 1265 523 981 819 1361 1348 137 1291 1159
713 1095 1071 602 1112 643 1036 318 264 1315 0 1406 422 367 934 702 1350 264 280 1205 409 1284
1083 333 376 1189 1079 1728 513 1175 1171 134 1406 0 1413 1356 614 1072 910 1452 1439 228 1382 1250
720 1102 1078 609 1119 654 1043 324 271 1322 422 1413 0 378 941 709 1357 275 291 1212 420 1290
664 1045 1021 552 1062 600 986 268 215 1265 367 1356 378 0 885 652 1300 221 236 1155 365 1234
612 303 279 717 607 1257 244 704 699 523 934 614 941 885 0 600 641 980 968 413 910 778
168 761 737 485 778 1024 702 472 467 981 702 1072 709 652 600 0 675 748 735 871 678 950
713 599 576 1132 1106 1672 422 1119 1114 819 1349 910 1356 1300 641 675 0 1395 1383 709 1325 1277
759 1141 1117 648 1158 497 1082 363 310 1361 264 1452 275 221 980 748 1396 0 133 1251 262 1329
747 1128 1105 636 1146 512 1069 351 298 1348 280 1439 291 236 968 735 1383 133 0 1238 278 1317
882 132 176 988 878 1528 313 975 970 137 1205 228 1212 1155 413 871 709 1251 1238 0 1181 1049
689 1071 1047 578 1088 641 1012 294 240 1291 409 1382 420 365 910 678 1326 262 278 1181 0 1259
961 939 915 1066 229 1606 880 1053 1048 1159 1284 1250 1290 1234 778 950 1277 1329 1317 1049 1259 0
EOF