NAME : tsp_problem
TYPE : TSP
DIMENSION : 62
EDGE_WEIGHT_TYPE : EXPLICIT
EDGE_WEIGHT_FORMAT : FULL_MATRIX
EDGE_WEIGHT_SECTION
0 1049 567 135 1059 210 867 451 915 579 670 890 1037 811 621 204 946 749 424 578 1025 933 945 630 903 146 492 972 518 320 1701 778 961 1038 284 677 1611 651 780 932 459 856 660 911 855 787 386 715 739 701 366 965 226 959 1002 869 681 656 852 1026 948 759
1049 0 1292 1071 1784 1215 206 1176 189 1304 1395 1212 66 262 1346 1210 1671 343 1150 613 53 1255 1671 1355 1628 1083 1217 123 1243 1045 2426 318 122 1763 1010 1402 2336 1376 297 171 1185 1581 1385 1636 241 279 1111 376 332 897 1092 1690 1231 134 1728 204 1407 1381 1577 54 173 1484
567 1292 0 589 554 733 1110 478 1159 606 373 1133 1281 1054 324 728 440 992 451 822 1268 1177 808 333 397 601 195 1215 221 268 1469 1021 1204 533 311 380 1379 354 1023 1176 486 839 363 405 1099 1031 413 958 982 1224 393 460 750 1202 667 1112 384 359 347 1269 1191 786
135 1071 589 0 1081 171 889 473 938 601 692 912 1059 833 643 166 968 771 446 600 1047 955 967 652 925 168 514 994 540 342 1723 800 983 1060 306 699 1633 673 802 954 482 878 682 933 877 810 408 737 761 662 389 987 188 981 1024 891 704 678 874 1048 970 781
1059 1784 554 1081 0 1225 1602 738 1651 619 515 1625 1773 1546 512 1220 174 1484 863 1313 1760 1668 330 487 238 1092 587 1707 601 760 991 1513 1696 98 803 551 901 484 1515 1667 765 361 537 191 1591 1523 829 1450 1474 1716 860 137 1241 1694 189 1604 547 528 249 1761 1683 463
210 1215 733 171 1225 0 1033 617 1081 745 836 1056 1203 977 786 24 1112 914 590 744 1191 1099 1111 796 1069 210 658 1138 684 486 1867 944 1127 1204 450 843 1777 817 946 1098 625 1022 826 1077 1021 953 552 881 905 679 532 1131 46 1125 1168 1034 847 822 1018 1192 1114 925
867 206 1110 889 1602 1033 0 994 72 1122 1213 1029 194 118 1164 1027 1489 160 967 431 182 1073 1488 1173 1446 900 1035 129 1061 863 2244 135 118 1581 827 1220 2154 1194 115 89 1002 1399 1203 1454 99 97 929 193 150 714 909 1508 1049 116 1545 62 1224 1199 1395 183 105 1302
451 1176 478 473 738 617 994 0 1042 171 580 1017 1164 938 531 611 836 876 335 705 1152 1060 532 541 813 484 402 1099 428 230 1288 905 1088 760 195 588 1198 561 907 1059 317 443 570 821 982 914 296 842 866 1108 277 799 633 1086 589 996 592 566 762 1153 1075 346
915 189 1159 938 1651 1081 72 1042 0 1170 1262 1078 197 128 1212 1076 1537 209 1016 479 190 1121 1537 1222 1494 949 1084 86 1109 911 2293 184 126 1630 876 1269 2203 1242 163 47 1051 1447 1252 1502 108 146 977 242 199 763 958 1557 1098 73 1594 70 1273 1247 1444 191 114 1351
579 1304 606 601 619 745 1122 171 1170 0 708 1145 1292 1066 659 739 717 1004 296 833 1280 1188 413 668 781 612 530 1227 556 358 1169 1033 1216 641 323 716 1079 689 1035 1187 198 323 698 734 1110 1042 262 970 994 1236 293 680 761 1214 470 1124 720 694 792 1281 1203 227
670 1395 373 692 515 836 1213 580 1262 708 0 1236 1383 1157 377 830 401 1095 554 924 1371 1279 769 352 358 703 298 1318 323 371 1430 1124 1307 494 414 416 1340 349 1126 1278 589 800 402 366 1202 1134 515 1061 1085 1327 496 421 852 1305 628 1215 412 393 308 1372 1294 889
890 1212 1133 912 1625 1056 1029 1017 1078 1145 1236 0 1200 973 1187 1050 1512 911 990 741 1187 91 1511 1196 1469 923 1058 1134 1084 886 2267 940 1123 1604 850 1243 2177 1217 942 1095 1025 1422 1226 1477 1018 950 952 878 901 1226 932 1531 1072 1121 1568 1031 1248 1222 1418 1188 1111 1325
1037 66 1281 1059 1773 1203 194 1164 197 1292 1383 1200 0 250 1334 1198 1659 331 1138 601 42 1243 1659 1344 1616 1071 1206 132 1231 1033 2415 306 110 1751 998 1391 2325 1364 285 180 1173 1569 1374 1624 230 268 1099 364 321 885 1080 1679 1220 142 1716 192 1395 1369 1565 42 162 1473
811 262 1054 833 1546 977 118 938 128 1066 1157 973 250 0 1108 971 1433 104 911 375 238 1017 1432 1117 1390 844 979 185 1005 807 2188 79 174 1525 771 1164 2098 1138 59 145 947 1343 1147 1398 107 41 873 138 94 658 854 1452 993 172 1490 118 1169 1143 1339 239 161 1246
621 1346 324 643 512 786 1164 531 1212 659 377 1187 1334 1108 0 781 399 1045 505 875 1321 1230 766 349 356 654 248 1268 274 321 1427 1075 1258 491 364 413 1338 346 1077 1229 540 797 399 364 1152 1084 466 1012 1036 1278 447 418 803 1256 625 1165 409 390 305 1322 1245 839
204 1210 728 166 1220 24 1027 611 1076 739 830 1050 1198 971 781 0 1106 909 585 739 1185 1094 1106 791 1063 204 653 1132 678 480 1862 938 1121 1198 445 838 1772 811 941 1093 620 1016 821 1071 1016 948 546 876 900 674 527 1126 40 1119 1163 1029 842 816 1012 1186 1109 920
946 1671 440 968 174 1112 1489 836 1537 717 401 1512 1659 1433 399 1106 0 1371 830 1200 1647 1555 428 374 336 979 474 1594 488 647 1089 1400 1583 195 690 438 999 371 1402 1554 863 458 423 289 1477 1409 791 1337 1361 1603 772 235 1128 1581 287 1490 434 415 330 1648 1570 561
749 343 992 771 1484 914 160 876 209 1004 1095 911 331 104 1045 909 1371 0 849 313 318 954 1370 1055 1328 782 917 265 943 745 2126 74 254 1463 709 1102 2036 1076 73 226 884 1281 1085 1336 149 81 811 132 89 596 791 1390 931 252 1427 162 1106 1081 1277 319 241 1184
424 1150 451 446 863 590 967 335 1016 296 554 990 1138 911 505 585 830 849 0 679 1125 1034 657 514 787 458 376 1072 402 204 1413 878 1061 884 168 561 1323 535 880 1033 343 567 544 795 956 888 270 816 840 1082 250 849 607 1059 714 969 565 540 736 1126 1049 471
578 613 822 600 1313 744 431 705 479 833 924 741 601 375 875 739 1200 313 679 0 589 784 1200 885 1157 612 746 536 772 574 1955 342 525 1292 539 932 1866 905 344 496 714 1110 914 1165 419 351 640 279 303 628 621 1220 761 523 1257 433 936 910 1106 590 512 1013
1025 53 1268 1047 1760 1191 182 1152 190 1280 1371 1187 42 238 1321 1185 1647 318 1125 589 0 1231 1646 1331 1604 1058 1193 142 1219 1021 2402 293 98 1739 985 1378 2312 1352 273 190 1160 1557 1361 1612 217 255 1087 351 308 872 1067 1666 1207 153 1703 179 1382 1357 1553 30 149 1460
933 1255 1177 955 1668 1099 1073 1060 1121 1188 1279 91 1243 1017 1230 1094 1555 954 1034 784 1231 0 1555 1239 1512 967 1101 1177 1127 929 2310 984 1167 1647 894 1286 2220 1260 986 1138 1069 1465 1269 1520 1061 993 995 921 945 1270 976 1575 1115 1165 1612 1074 1291 1265 1461 1231 1154 1368
945 1671 808 967 330 1111 1488 532 1537 413 769 1511 1659 1432 766 1106 428 1370 657 1200 1646 1555 0 741 492 979 841 1593 855 725 879 1399 1582 351 687 806 790 738 1401 1554 559 204 791 445 1477 1409 623 1337 1361 1603 654 391 1128 1580 181 1490 801 783 502 1647 1570 256
630 1355 333 652 487 796 1173 541 1222 668 352 1196 1344 1117 349 791 374 1055 514 885 1331 1239 741 0 331 664 258 1278 284 331 1402 1084 1267 466 374 388 1312 321 1086 1239 549 772 374 339 1162 1094 475 1021 1045 1287 456 393 812 1265 600 1175 384 365 280 1332 1254 849
903 1628 397 925 238 1069 1446 813 1494 781 358 1469 1616 1390 356 1063 336 1328 787 1157 1604 1512 492 331 0 936 431 1551 445 604 1153 1357 1540 259 647 395 1063 328 1359 1511 822 523 380 345 1434 1366 748 1294 1318 1560 729 299 1085 1538 351 1448 391 372 287 1605 1527 625
146 1083 601 168 1092 210 900 484 949 612 703 923 1071 844 654 204 979 782 458 612 1058 967 979 664 936 0 525 1005 551 353 1734 811 994 1071 318 711 1645 684 813 966 493 889 693 944 889 821 419 749 772 701 400 999 226 992 1036 902 715 689 885 1059 981 792
492 1217 195 514 587 658 1035 402 1084 530 298 1058 1206 979 248 653 474 917 376 746 1193 1101 841 258 431 525 0 1140 145 193 1502 946 1129 566 236 305 1413 279 948 1100 411 807 288 439 1024 956 337 883 907 1149 318 493 674 1127 700 1037 309 284 380 1194 1116 711
972 123 1215 994 1707 1138 129 1099 86 1227 1318 1134 132 185 1268 1132 1594 265 1072 536 142 1177 1593 1278 1551 1005 1140 0 1166 968 2349 240 183 1686 932 1325 2259 1299 220 69 1107 1504 1308 1559 164 202 1034 298 255 819 1014 1613 1154 78 1650 126 1329 1304 1500 137 170 1407
518 1243 221 540 601 684 1061 428 1109 556 323 1084 1231 1005 274 678 488 943 402 772 1219 1127 855 284 445 551 145 1166 0 219 1516 972 1155 580 262 331 1426 304 974 1126 437 833 313 453 1049 981 363 909 933 1175 344 507 700 1153 714 1062 335 309 394 1220 1142 736
320 1045 268 342 760 486 863 230 911 358 371 886 1033 807 321 480 647 745 204 574 1021 929 725 331 604 353 193 968 219 0 1480 774 957 739 64 378 1390 352 776 928 239 635 361 612 851 783 165 711 735 977 146 666 502 955 782 864 382 357 553 1022 944 538
1827 2552 1595 1849 1117 1993 2370 1413 2418 1294 1556 2393 2540 2314 1553 1987 1215 2252 1538 2081 2528 2436 1005 1528 1279 1860 1628 2475 1642 1606 0 2281 2464 1138 1569 1592 242 1525 2283 2435 1440 1036 1578 1231 2358 2290 1504 2218 2242 2484 1535 1177 2009 2462 968 2372 1588 1569 1289 2529 2451 1138
778 318 1021 800 1513 944 135 905 184 1033 1124 940 306 79 1075 938 1400 74 878 342 293 984 1399 1084 1357 811 946 240 972 774 2155 0 229 1492 738 1131 2065 1105 48 201 913 1310 1114 1365 124 56 840 107 64 625 820 1419 960 227 1456 137 1136 1110 1306 294 217 1213
961 122 1204 983 1696 1127 118 1088 126 1216 1307 1123 110 174 1258 1121 1583 254 1061 525 98 1167 1582 1267 1540 994 1129 183 1155 957 2338 229 0 1675 921 1314 2248 1288 209 143 1096 1493 1297 1548 153 191 1023 287 244 808 1003 1602 1143 170 1639 116 1318 1293 1489 98 159 1396
1038 1763 533 1060 98 1204 1581 760 1630 641 494 1604 1751 1525 491 1198 195 1463 884 1292 1739 1647 351 466 259 1071 566 1686 580 739 1012 1492 1675 0 782 530 922 463 1494 1646 787 382 516 212 1569 1502 850 1429 1453 1695 864 158 1220 1673 210 1583 526 507 270 1740 1662 484
284 1010 311 306 803 450 827 195 876 323 414 850 998 771 364 445 690 709 168 539 985 894 687 374 647 318 236 932 262 64 1443 738 921 782 0 421 1353 395 740 893 203 598 404 655 816 748 130 676 699 942 110 709 467 919 744 829 425 400 596 986 908 501
677 1402 380 699 551 843 1220 588 1269 716 416 1243 1391 1164 413 838 438 1102 561 932 1378 1286 806 388 395 711 305 1325 331 378 1467 1131 1314 530 421 0 1377 385 1133 1286 596 836 438 403 1209 1141 522 1068 1092 1334 503 457 859 1312 664 1222 448 430 344 1379 1301 896
1921 2646 1689 1943 1211 2087 2464 1507 2512 1388 1650 2487 2634 2408 1647 2081 1309 2346 1632 2175 2622 2530 1099 1622 1373 1954 1722 2569 1736 1700 107 2375 2558 1232 1663 1686 0 1619 2377 2529 1535 1130 1672 1325 2452 2384 1598 2312 2336 2578 1629 1271 2103 2556 1062 2466 1682 1663 1383 2623 2545 1232
651 1376 354 673 484 817 1194 561 1242 689 349 1217 1364 1138 346 811 371 1076 535 905 1352 1260 738 321 328 684 279 1299 304 352 1399 1105 1288 463 395 385 1309 0 1107 1259 570 769 371 336 1182 1114 496 1042 1066 1308 477 390 833 1286 597 1196 381 362 277 1353 1275 869
780 297 1023 802 1515 946 115 907 163 1035 1126 942 285 59 1077 941 1402 73 880 344 273 986 1401 1086 1359 813 948 220 974 776 2157 48 209 1494 740 1133 2067 1107 0 180 916 1312 1116 1367 103 35 842 107 63 628 823 1421 962 207 1459 116 1138 1112 1308 274 196 1215
932 171 1176 954 1667 1098 89 1059 47 1187 1278 1095 180 145 1229 1093 1554 226 1033 496 190 1138 1554 1239 1511 966 1100 69 1126 928 2309 201 143 1646 893 1286 2220 1259 180 0 1068 1464 1268 1519 125 163 994 259 216 780 975 1574 1115 56 1611 87 1290 1264 1460 185 131 1368
459 1185 486 482 765 625 1002 317 1051 198 589 1025 1173 947 540 620 863 884 343 714 1160 1069 559 549 822 493 411 1107 437 239 1315 913 1096 787 203 596 1225 570 916 1068 0 470 579 830 991 923 305 851 875 1117 285 826 642 1094 616 1004 601 575 771 1161 1084 373
856 1581 839 878 361 1022 1399 443 1447 323 800 1422 1569 1343 797 1016 458 1281 567 1110 1557 1465 204 772 523 889 807 1504 833 635 910 1310 1493 382 598 836 820 769 1312 1464 470 0 822 475 1387 1319 533 1247 1271 1513 564 421 1038 1491 211 1401 832 813 533 1558 1480 167
660 1385 363 682 537 826 1203 570 1252 698 402 1226 1374 1147 399 821 423 1085 544 914 1361 1269 791 374 380 693 288 1308 313 361 1452 1114 1297 516 404 438 1362 371 1116 1268 579 822 0 388 1192 1124 505 1051 1075 1317 486 443 842 1295 650 1205 434 415 330 1362 1284 879
911 1636 405 933 191 1077 1454 821 1502 734 366 1477 1624 1398 364 1071 289 1336 795 1165 1612 1520 445 339 345 944 439 1559 453 612 1106 1365 1548 212 655 403 1016 336 1367 1519 830 475 388 0 1442 1374 756 1302 1326 1568 737 252 1093 1546 303 1455 399 380 294 1613 1535 577
855 241 1099 877 1591 1021 99 982 108 1110 1202 1018 230 107 1152 1016 1477 149 956 419 217 1061 1477 1162 1434 889 1024 164 1049 851 2233 124 153 1569 816 1209 2143 1182 103 125 991 1387 1192 1442 0 86 917 182 139 703 898 1497 1038 151 1534 97 1213 1187 1384 218 140 1291
787 279 1031 810 1523 953 97 914 146 1042 1134 950 268 41 1084 948 1409 81 888 351 255 993 1409 1094 1366 821 956 202 981 783 2165 56 191 1502 748 1141 2075 1114 35 163 923 1319 1124 1374 86 0 849 114 71 635 830 1429 970 189 1466 99 1145 1119 1316 256 178 1223
386 1111 413 408 829 552 929 296 977 262 515 952 1099 873 466 546 791 811 270 640 1087 995 623 475 748 419 337 1034 363 165 1378 840 1023 850 130 522 1289 496 842 994 305 533 505 756 917 849 0 777 801 1043 212 811 568 1021 680 931 527 501 697 1088 1010 437
715 376 958 737 1450 881 193 842 242 970 1061 878 364 138 1012 876 1337 132 816 279 351 921 1337 1021 1294 749 883 298 909 711 2092 107 287 1429 676 1068 2002 1042 107 259 851 1247 1051 1302 182 114 777 0 122 563 758 1357 897 285 1394 195 1073 1047 1243 352 275 1150
739 332 982 761 1474 905 150 866 199 994 1085 901 321 94 1036 900 1361 89 840 303 308 945 1361 1045 1318 772 907 255 933 735 2116 64 244 1453 699 1092 2026 1066 63 216 875 1271 1075 1326 139 71 801 122 0 587 782 1380 921 242 1418 152 1097 1071 1267 309 231 1174
700 897 1224 662 1715 678 714 1107 763 1235 1326 1226 885 658 1277 673 1602 596 1081 628 872 1270 1602 1287 1559 700 1148 819 1174 976 2357 625 808 1694 941 1334 2268 1307 628 780 1116 1512 1316 1567 703 635 1042 563 587 0 1023 1622 695 806 1659 716 1338 1312 1508 873 796 1416
366 1092 393 389 860 532 909 277 958 293 496 932 1080 854 447 527 772 791 250 621 1067 976 654 456 729 400 318 1014 344 146 1409 820 1003 864 110 503 1320 477 823 975 285 564 486 737 898 830 212 758 782 1024 0 791 549 1001 711 911 507 482 678 1068 991 467
965 1690 460 987 137 1131 1508 799 1557 680 421 1531 1679 1452 418 1126 235 1390 849 1220 1666 1575 391 393 299 999 493 1613 507 666 1052 1419 1602 158 709 457 962 390 1421 1574 826 421 443 252 1497 1429 811 1357 1380 1622 791 0 1148 1600 249 1510 453 434 309 1667 1589 523
226 1231 750 188 1241 46 1049 633 1098 761 852 1072 1220 993 803 40 1128 931 607 761 1207 1115 1128 812 1085 226 674 1154 700 502 1883 960 1143 1220 467 859 1793 833 962 1115 642 1038 842 1093 1038 970 568 897 921 695 549 1148 0 1141 1185 1051 864 838 1034 1208 1130 941
959 134 1202 981 1694 1125 116 1086 73 1214 1305 1121 142 172 1256 1119 1581 252 1059 523 153 1165 1580 1265 1538 992 1127 78 1153 955 2336 227 170 1673 919 1312 2246 1286 207 56 1094 1491 1295 1546 151 189 1021 285 242 806 1001 1600 1141 0 1637 114 1316 1291 1487 148 157 1394
1002 1728 667 1024 189 1168 1545 589 1594 470 628 1568 1716 1490 625 1163 287 1427 714 1257 1703 1612 181 600 351 1036 700 1650 714 782 842 1456 1639 210 744 664 752 597 1459 1611 616 211 650 303 1534 1466 680 1394 1418 1660 711 249 1185 1637 0 1547 660 641 361 1704 1627 314
869 204 1112 891 1604 1034 62 996 70 1124 1215 1031 192 118 1165 1029 1490 162 969 433 179 1074 1490 1175 1448 902 1037 126 1062 864 2246 137 116 1583 829 1222 2156 1196 116 87 1004 1401 1205 1455 97 99 931 195 152 716 911 1510 1051 114 1547 0 1226 1201 1397 180 103 1304
681 1407 384 704 547 847 1224 592 1273 720 412 1248 1395 1169 409 842 434 1106 565 936 1382 1291 801 384 391 715 309 1329 335 382 1462 1136 1318 526 425 448 1372 381 1138 1290 601 832 434 399 1213 1145 527 1073 1097 1339 507 453 864 1316 660 1226 0 425 340 1383 1306 900
656 1381 359 678 528 822 1199 566 1247 694 393 1222 1369 1143 390 816 415 1081 540 910 1357 1265 783 365 372 689 284 1304 309 357 1444 1110 1293 507 400 430 1354 362 1112 1264 575 813 415 380 1187 1119 501 1047 1071 1313 482 434 838 1291 641 1201 425 0 321 1358 1280 874
852 1577 347 874 249 1018 1395 762 1444 792 308 1418 1565 1339 305 1012 330 1277 736 1106 1553 1461 502 280 287 885 380 1500 394 553 1163 1306 1489 270 596 344 1074 277 1308 1460 771 533 330 294 1384 1316 697 1243 1267 1509 678 309 1034 1487 361 1397 340 321 0 1554 1476 635
1026 54 1269 1048 1761 1192 183 1153 191 1281 1372 1188 42 239 1322 1186 1648 319 1126 590 30 1231 1647 1332 1605 1059 1194 137 1220 1022 2403 294 98 1740 986 1379 2313 1353 274 185 1161 1558 1362 1613 218 256 1088 352 309 873 1068 1667 1208 148 1704 180 1383 1358 1554 0 150 1461
948 173 1191 970 1683 1114 105 1075 114 1203 1294 1111 162 161 1245 1109 1570 241 1049 512 149 1154 1570 1254 1527 981 1116 170 1142 944 2325 217 159 1662 908 1301 2235 1275 196 131 1084 1480 1284 1535 140 178 1010 275 231 796 991 1589 1130 157 1627 103 1306 1280 1476 150 0 1383
759 1484 786 781 463 925 1302 346 1351 227 889 1325 1473 1246 839 920 561 1184 471 1013 1460 1368 256 849 625 792 711 1407 736 538 1012 1213 1396 484 501 896 922 869 1215 1368 373 167 879 577 1291 1223 437 1150 1174 1416 467 523 941 1394 314 1304 900 874 635 1461 1383 0
EOF