NAME : tsp_problem
TYPE : TSP
DIMENSION : 68
EDGE_WEIGHT_TYPE : EXPLICIT
EDGE_WEIGHT_FORMAT : FULL_MATRIX
EDGE_WEIGHT_SECTION
0 1162 223 889 805 826 651 624 1102 1004 746 1086 226 168 1015 1076 917 1678 422 598 556 618 703 660 646 736 810 818 1027 853 380 1592 781 691 669 788 923 757 649 1002 544 1026 782 653 765 607 601 1036 913 978 363 464 991 1588 1279 628 692 469 880 245 733 126 246 1003 659 657 654 575
1162 0 1346 1773 414 1710 649 639 451 1888 457 145 995 1291 223 1960 1801 1027 770 638 1439 632 510 555 1530 499 1694 1702 1911 339 831 941 1665 525 662 1672 366 1641 683 1886 680 212 436 562 1649 613 1485 202 1797 1862 1486 774 1875 938 2163 647 1576 713 364 1367 1617 1221 1369 1887 673 1541 677 1459
223 1346 0 1073 988 1010 835 807 1285 1188 929 1269 409 122 1198 1260 1101 1862 605 781 739 802 886 844 830 920 993 1002 1210 1036 563 1775 964 874 852 971 1106 941 832 1185 728 1209 965 837 948 791 784 1220 1097 1161 317 647 1175 1772 1462 811 876 653 1063 40 917 168 41 1186 842 726 838 758
889 1773 1073 0 1416 90 1262 1235 1713 143 1357 1697 837 988 1626 1284 102 2289 1033 1209 476 1229 1314 1271 291 1347 109 118 166 1464 991 2203 144 1302 1280 125 1534 160 1260 141 1155 1637 1393 1264 142 1218 808 1647 98 117 980 1075 176 2199 1486 1239 239 1080 1491 1094 941 948 1095 142 1270 376 1265 352
805 414 988 1416 0 1352 292 282 627 1530 128 338 637 933 310 1602 1444 1203 412 280 1082 274 152 197 1173 675 1336 1345 1553 515 690 1117 1307 168 305 1314 542 1283 325 1528 322 299 612 738 1291 255 1127 289 1440 1504 1128 417 1518 1113 1805 289 1219 355 262 1010 1260 863 1011 1529 315 1183 319 1101
826 1710 1010 90 1352 0 1199 1172 1650 205 1294 1634 774 925 1563 1221 118 2226 970 1146 413 1166 1251 1208 228 1284 122 130 228 1401 928 2140 93 1238 1217 100 1471 97 1197 203 1092 1574 1330 1201 79 1155 745 1584 114 179 916 1012 192 2136 1423 1176 176 1017 1428 1031 878 885 1032 204 1207 313 1202 289
651 649 835 1262 292 1199 0 387 862 1377 233 573 484 780 502 1449 1290 1439 258 386 928 380 257 302 1019 893 1183 1191 1400 751 536 1352 1154 273 410 1161 778 1130 430 1375 377 513 847 809 1138 360 974 523 1286 1351 974 296 1364 1349 1652 395 1065 302 367 856 1106 710 857 1376 420 1030 425 948
624 639 807 1235 282 1172 387 0 852 1350 223 563 457 752 492 1422 1263 1429 231 376 901 370 247 292 992 865 1156 1164 1373 741 509 1343 1126 263 400 1134 768 1103 420 1347 350 503 837 782 1110 350 946 513 1259 1323 947 269 1337 1339 1624 385 1038 274 357 829 1079 683 830 1348 410 1003 415 920
1102 451 1285 1713 627 1650 862 852 0 1828 670 375 935 1230 436 1900 1741 626 982 851 1379 845 723 768 1470 436 1634 1642 1851 276 767 540 1604 738 875 1612 303 1581 896 1825 893 425 373 498 1588 826 1424 415 1737 1801 1425 987 1815 537 2102 860 1516 926 577 1307 1557 1161 1308 1826 886 1481 890 1398
1004 1888 1188 143 1530 205 1377 1350 1828 0 1472 1812 952 1103 1741 1399 200 2404 1148 1324 591 1344 1429 1386 406 1462 224 233 77 1579 1106 2318 259 1416 1395 240 1649 275 1375 52 1270 1752 1508 1379 257 1333 923 1762 206 48 1094 1190 128 2314 1601 1354 354 1195 1606 1209 1056 1063 1210 53 1385 491 1380 467
746 457 929 1357 128 1294 233 223 670 1472 0 381 579 874 338 1544 1385 1246 353 222 1023 216 93 138 1114 718 1278 1286 1495 558 631 1160 1248 109 246 1256 585 1225 266 1469 263 342 655 781 1232 196 1068 332 1381 1445 1069 358 1459 1157 1746 231 1160 297 203 951 1201 805 952 1470 256 1125 261 1042
1086 145 1269 1697 338 1634 573 563 375 1812 381 0 919 1215 147 1884 1725 951 693 562 1363 556 434 478 1454 423 1618 1626 1835 263 755 865 1588 449 586 1596 290 1565 607 1810 603 136 360 485 1572 537 1409 125 1721 1785 1409 698 1799 861 2086 571 1500 637 287 1291 1541 1145 1292 1811 596 1465 601 1382
226 995 409 837 637 774 484 457 935 952 579 919 0 355 848 1024 865 1511 255 431 503 451 536 493 594 569 758 766 975 686 213 1425 728 523 502 736 755 705 482 950 377 859 615 486 712 440 549 869 861 926 549 297 939 1421 1226 461 640 302 713 431 681 285 432 951 492 605 487 522
168 1291 122 989 933 925 780 752 1230 1103 874 1215 355 0 1144 1205 1017 1807 551 726 684 747 832 789 746 865 909 918 1126 982 509 1721 880 819 797 887 1051 856 778 1101 673 1154 910 782 864 736 730 1165 1013 1077 229 592 1091 1717 1407 756 792 598 1009 144 862 113 145 1102 787 638 783 703
1015 223 1198 1626 310 1563 502 492 436 1741 338 147 848 1144 0 1813 1654 1012 622 491 1292 485 363 407 1383 484 1547 1555 1764 324 816 926 1518 378 515 1525 351 1494 536 1739 533 108 421 547 1502 466 1338 98 1650 1715 1338 627 1728 922 2016 500 1429 566 259 1220 1470 1074 1221 1740 526 1394 530 1312
1088 1972 1271 1295 1614 1232 1460 1433 1911 1410 1555 1895 1035 1216 1824 0 1323 2487 1231 1407 961 1427 1512 1469 1052 1545 1216 1224 1433 1662 1189 2401 1186 1500 1478 1194 1732 1163 1458 1408 1354 1835 1591 1462 1170 1417 968 1845 1319 1384 1411 1273 1397 2398 434 1437 1098 1278 1689 1293 774 1146 1294 1409 1468 1063 1464 980
917 1801 1101 102 1444 118 1290 1263 1741 200 1385 1725 865 1016 1654 1312 0 2317 1061 1237 504 1257 1342 1299 319 1375 137 146 153 1492 1019 2231 172 1330 1308 153 1562 188 1288 172 1184 1665 1421 1292 171 1246 837 1675 25 191 1008 1103 101 2228 1514 1267 267 1108 1519 1123 969 976 1124 167 1298 404 1294 380
1804 1153 1987 2415 1329 2352 1565 1555 752 2530 1372 1077 1637 1933 1138 2602 2443 0 1685 1553 2081 1547 1425 1470 2172 1138 2336 2344 2553 978 1470 245 2306 1440 1577 2314 1005 2283 1598 2528 1595 1127 1075 1200 2290 1528 2127 1117 2439 2504 2127 1690 2517 242 2804 1562 2218 1628 1279 2009 2259 1863 2010 2529 1588 2183 1592 2100
422 770 605 1033 412 970 258 231 982 1148 353 693 255 551 622 1220 1061 1559 0 205 699 226 310 268 790 663 954 962 1171 780 307 1473 924 298 276 932 850 901 256 1146 152 633 709 580 908 215 745 643 1057 1122 745 71 1135 1469 1422 235 836 76 487 627 877 481 628 1147 266 801 262 718
598 638 781 1209 280 1146 386 376 851 1324 222 562 431 726 491 1396 1237 1427 205 0 875 368 246 291 966 839 1130 1138 1347 739 483 1341 1100 261 398 1108 766 1077 419 1321 324 501 836 756 1084 349 920 512 1233 1297 921 243 1311 1338 1598 383 1012 248 356 803 1053 657 804 1322 409 977 413 894
556 1439 739 476 1082 413 928 901 1379 591 1023 1363 503 684 1292 950 504 1955 699 875 0 895 980 937 233 1013 397 405 614 1130 657 1869 367 968 946 375 1200 344 926 589 822 1303 1059 930 351 885 475 1313 500 565 848 741 578 1866 1152 905 279 746 1157 761 607 614 762 590 936 244 932 162
618 632 802 1229 274 1166 380 370 845 1344 216 556 451 747 485 1416 1257 1421 226 368 895 0 240 285 986 860 1150 1158 1367 733 503 1335 1121 255 392 1128 760 1097 413 1342 344 495 830 777 1105 343 941 506 1253 1318 941 263 1331 1332 1619 377 1032 269 350 823 1073 677 824 1343 403 997 407 915
703 510 886 1314 152 1251 257 247 723 1429 93 434 536 832 363 1501 1342 1299 310 246 980 240 0 163 1071 771 1235 1243 1452 611 588 1213 1205 133 270 1213 638 1182 291 1427 288 373 708 834 1189 221 1026 384 1338 1403 1026 348 1416 1209 1703 255 1117 321 228 908 1158 762 909 1428 281 1082 285 999
660 555 844 1271 197 1208 302 292 768 1386 138 478 493 789 407 1458 1299 1344 268 291 937 285 163 0 1028 816 1192 1200 1409 656 545 1258 1163 178 315 1170 683 1139 336 1384 332 418 752 819 1147 266 983 428 1295 1360 983 305 1373 1254 1661 300 1074 311 272 865 1115 719 866 1385 325 1039 330 957
646 1530 830 291 1173 228 1019 992 1470 406 1114 1454 594 745 1383 1041 319 2046 790 966 233 986 1071 1028 0 1104 212 220 429 1221 748 1960 182 1059 1037 190 1291 159 1017 404 912 1394 1150 1021 166 975 565 1404 315 380 737 832 393 1956 1243 996 168 837 1248 851 698 705 853 405 1027 133 1022 109
736 499 920 1347 675 1284 893 865 436 1462 718 423 569 865 484 1534 1375 1012 663 839 1013 860 771 816 1104 0 1268 1276 1485 187 402 926 1239 786 910 1246 256 1215 890 1460 786 473 116 144 1223 849 1059 463 1371 1436 1059 705 1449 922 1737 869 1150 711 625 941 1191 795 942 1461 900 1115 896 1033
810 1694 993 109 1336 122 1183 1156 1634 224 1278 1618 758 909 1547 1204 137 2210 954 1130 397 1150 1235 1192 212 1268 0 114 247 1385 912 2124 77 1222 1200 84 1454 81 1181 222 1076 1557 1313 1185 63 1139 729 1568 133 198 900 995 211 2120 1407 1159 159 1001 1412 1015 862 869 1016 223 1191 297 1186 273
818 1702 1002 118 1345 130 1191 1164 1642 233 1286 1626 766 917 1555 1213 146 2218 962 1138 405 1158 1243 1200 220 1276 114 0 256 1393 920 2132 85 1231 1209 92 1463 89 1189 231 1085 1566 1322 1193 72 1147 737 1576 142 207 909 1004 220 2128 1415 1168 168 1009 1420 1023 870 877 1025 232 1199 305 1194 281
1027 1911 1210 166 1553 228 1400 1373 1851 77 1495 1835 975 1126 1764 1421 153 2427 1171 1347 614 1367 1452 1409 429 1485 247 256 0 1602 1129 2341 282 1439 1417 263 1671 298 1398 54 1293 1774 1530 1402 280 1356 946 1785 159 71 1117 1212 81 2337 1624 1376 376 1218 1629 1232 1079 1086 1233 55 1407 513 1403 490
853 339 1036 1464 515 1401 751 741 276 1579 558 263 686 982 324 1651 1492 852 780 739 1130 733 611 656 1221 187 1385 1393 1602 0 519 766 1355 627 764 1363 147 1332 784 1577 781 314 213 249 1339 714 1176 303 1488 1553 1176 822 1566 762 1853 748 1267 814 465 1058 1308 912 1059 1578 774 1232 778 1149
380 831 563 991 690 928 536 509 767 1106 631 755 213 509 816 1178 1019 1344 307 483 657 503 588 545 748 402 912 920 1129 519 0 1258 882 576 554 890 588 859 534 1104 430 805 447 319 866 492 703 795 1015 1080 703 349 1093 1254 1380 513 794 354 765 585 835 439 586 1105 544 759 540 676
1894 1244 2078 2505 1419 2442 1655 1645 842 2620 1463 1167 1727 2023 1228 2692 2533 104 1775 1643 2172 1637 1515 1560 2262 1228 2426 2434 2643 1068 1560 0 2397 1531 1668 2404 1095 2373 1688 2618 1685 1218 1165 1291 2381 1618 2217 1207 2529 2594 2218 1780 2607 332 2895 1653 2308 1719 1369 2099 2349 1953 2101 2619 1678 2273 1683 2191
781 1665 964 144 1307 93 1154 1126 1604 259 1248 1588 728 879 1518 1175 172 2181 924 1100 367 1121 1205 1163 182 1239 77 85 282 1355 882 2094 0 1193 1171 55 1425 51 1151 257 1047 1528 1284 1156 34 1110 700 1539 168 232 871 966 246 2091 1378 1130 130 972 1382 986 832 839 987 258 1161 267 1157 244
691 525 874 1302 168 1238 273 263 738 1416 109 449 523 819 378 1488 1330 1315 298 261 968 255 133 178 1059 786 1222 1231 1439 627 576 1228 1193 0 286 1200 654 1169 306 1414 303 389 723 849 1177 236 1013 399 1325 1390 1014 335 1404 1225 1691 270 1105 336 243 896 1146 749 897 1415 296 1069 301 987
669 662 852 1280 305 1217 410 400 875 1395 246 586 502 797 515 1467 1308 1452 276 398 946 392 270 315 1037 910 1200 1209 1417 764 554 1365 1171 286 0 1179 791 1148 443 1392 394 526 860 827 1155 373 991 536 1304 1368 992 314 1382 1362 1669 407 1083 319 380 874 1124 728 875 1393 433 1047 438 965
788 1672 971 125 1314 100 1161 1134 1612 240 1256 1596 736 887 1525 1183 153 2188 932 1108 375 1128 1213 1170 190 1246 84 92 263 1363 890 2102 55 1200 1179 0 1432 59 1159 238 1054 1536 1291 1163 41 1117 707 1546 149 214 878 974 227 2098 1385 1137 138 979 1390 993 840 847 994 239 1169 275 1164 251
923 366 1106 1534 542 1471 778 768 303 1649 585 290 755 1051 351 1721 1562 879 850 766 1200 760 638 683 1291 256 1454 1463 1671 147 588 793 1425 654 791 1432 0 1401 811 1646 808 341 243 319 1409 741 1245 330 1558 1622 1246 891 1636 790 1923 775 1337 841 492 1128 1378 981 1129 1647 801 1301 806 1219
757 1641 941 160 1283 97 1130 1103 1581 275 1225 1565 705 856 1494 1152 188 2157 901 1077 344 1097 1182 1139 159 1215 81 89 298 1332 859 2071 51 1169 1148 59 1401 0 1128 273 1023 1505 1261 1132 35 1086 676 1515 184 249 847 943 262 2067 1354 1107 107 948 1359 962 809 816 963 274 1138 244 1133 220
649 683 832 1260 325 1197 430 420 896 1375 266 607 482 778 536 1447 1288 1472 256 419 926 413 291 336 1017 890 1181 1189 1398 784 534 1386 1151 306 443 1159 811 1128 0 1373 375 546 881 807 1135 394 972 557 1284 1349 972 294 1362 1382 1649 428 1063 299 401 854 1104 708 855 1374 454 1028 458 945
1002 1886 1185 141 1528 203 1375 1347 1825 52 1469 1810 950 1101 1739 1396 172 2402 1146 1321 589 1342 1427 1384 404 1460 222 231 54 1577 1104 2316 257 1414 1392 238 1646 273 1373 0 1268 1749 1505 1377 255 1331 921 1760 178 46 1092 1187 100 2312 1599 1351 351 1193 1604 1207 1054 1061 1208 30 1382 488 1378 465
544 680 728 1155 322 1092 377 350 893 1270 263 603 377 673 533 1342 1184 1469 152 324 822 344 288 332 912 786 1076 1085 1293 781 430 1383 1047 303 394 1054 808 1023 375 1268 0 543 831 703 1031 333 867 554 1179 1244 868 189 1257 1379 1545 353 958 195 397 750 1000 603 751 1269 384 923 380 841
1026 212 1209 1637 299 1574 513 503 425 1752 342 136 859 1154 108 1824 1665 1002 633 501 1303 495 373 418 1394 473 1557 1566 1774 314 805 915 1528 389 526 1536 341 1505 546 1749 543 0 410 536 1512 476 1348 87 1661 1725 1349 638 1739 912 2026 511 1440 577 249 1231 1481 1084 1232 1750 536 1404 541 1322
782 436 965 1393 612 1330 847 837 373 1508 655 360 615 910 421 1580 1421 949 709 836 1059 830 708 752 1150 116 1313 1322 1530 213 447 863 1284 723 860 1291 243 1261 881 1505 831 410 0 178 1268 811 1104 400 1417 1481 1105 750 1495 859 1782 845 1196 756 562 987 1237 840 988 1506 871 1160 875 1078
653 562 837 1264 738 1201 809 782 498 1379 781 485 486 782 547 1451 1292 1075 580 756 930 777 834 819 1021 144 1185 1193 1402 249 319 988 1156 849 827 1163 319 1132 807 1377 703 536 178 0 1140 766 976 525 1288 1353 976 622 1366 985 1654 786 1067 628 687 858 1108 712 859 1378 817 1032 813 950
765 1649 948 142 1291 79 1138 1110 1588 257 1232 1572 712 863 1502 1159 171 2165 908 1084 351 1105 1189 1147 166 1223 63 72 280 1339 866 2078 34 1177 1155 41 1409 35 1135 255 1031 1512 1268 1140 0 1094 684 1523 166 231 855 950 245 2075 1362 1114 114 956 1366 970 816 823 971 256 1145 251 1141 228
607 613 791 1218 255 1155 360 350 826 1333 196 537 440 736 466 1405 1246 1402 215 349 885 343 221 266 975 849 1139 1147 1356 714 492 1316 1110 236 373 1117 741 1086 394 1331 333 476 811 766 1094 0 930 487 1242 1307 931 252 1320 1312 1608 358 1021 258 331 812 1062 666 814 1332 384 986 388 904
601 1485 784 808 1127 745 974 946 1424 923 1068 1409 549 730 1338 968 837 2001 745 920 475 941 1026 983 565 1059 729 737 946 1176 703 1915 700 1013 991 707 1245 676 972 921 867 1348 1104 976 684 930 0 1359 832 897 924 786 910 1911 798 950 611 792 1203 806 291 660 807 922 981 576 977 494
1036 202 1220 1647 289 1584 523 513 415 1762 332 125 869 1165 98 1834 1675 991 643 512 1313 506 384 428 1404 463 1568 1576 1785 303 795 905 1539 399 536 1546 330 1515 557 1760 554 87 400 525 1523 487 1359 0 1671 1736 1359 648 1749 901 2037 521 1450 587 238 1241 1491 1095 1242 1761 547 1415 551 1333
913 1797 1097 98 1440 114 1286 1259 1737 206 1381 1721 861 1012 1650 1308 25 2313 1057 1233 500 1253 1338 1295 315 1371 133 142 159 1488 1015 2227 168 1325 1304 149 1558 184 1284 178 1179 1661 1417 1288 166 1242 832 1671 0 187 1003 1099 99 2223 1510 1263 263 1104 1515 1118 965 972 1119 173 1294 400 1289 376
978 1862 1161 117 1504 179 1351 1323 1801 48 1445 1785 926 1076 1715 1372 191 2378 1122 1297 565 1318 1403 1360 380 1436 198 207 71 1553 1080 2292 232 1390 1368 214 1622 249 1349 46 1244 1725 1481 1353 231 1307 897 1736 187 0 1068 1163 122 2288 1575 1327 327 1169 1580 1183 1029 1037 1184 47 1358 464 1354 441
210 1332 163 994 974 931 821 794 1272 1109 916 1256 396 75 1185 1246 1022 1848 592 768 725 788 873 830 751 906 915 923 1132 1023 550 1762 886 860 839 893 1092 862 819 1107 714 1196 951 823 870 777 771 1206 1018 1083 0 634 1096 1758 1449 797 797 639 1050 185 903 155 186 1108 829 644 824 738
464 774 647 1075 417 1012 296 269 987 1190 358 698 297 592 627 1262 1103 1564 71 243 741 263 348 305 832 705 995 1004 1212 822 349 1477 966 335 314 974 891 943 294 1187 189 638 750 622 950 252 786 648 1099 1163 787 0 1177 1474 1464 273 878 114 492 669 919 522 670 1188 304 842 299 760
991 1875 1175 176 1518 192 1364 1337 1815 128 1459 1799 939 1090 1728 1386 101 2391 1135 1311 578 1331 1416 1373 393 1449 211 220 81 1566 1093 2305 246 1404 1382 227 1636 262 1362 100 1257 1739 1495 1366 245 1320 910 1749 99 122 1082 1177 0 2301 1588 1341 341 1182 1593 1196 1043 1050 1198 95 1372 478 1367 454
1898 1247 2081 2509 1423 2446 1659 1649 846 2624 1466 1171 1731 2027 1232 2696 2537 107 1779 1647 2175 1641 1519 1564 2266 1232 2430 2438 2647 1072 1564 339 2400 1534 1671 2408 1099 2377 1692 2622 1689 1222 1169 1294 2384 1622 2221 1211 2533 2598 2221 1784 2611 0 2898 1656 2312 1722 1373 2103 2353 1957 2104 2623 1682 2277 1686 2194
1279 2163 1462 1486 1805 1423 1652 1624 2102 1601 1746 2086 1226 1407 2016 434 1514 2679 1422 1598 1152 1619 1703 1661 1243 1737 1407 1415 1624 1853 1380 2592 1378 1691 1669 1385 1923 1354 1649 1599 1545 2026 1782 1654 1362 1608 798 2037 1510 1575 1602 1464 1588 2589 0 1628 1289 1470 1880 1484 603 1338 1485 1600 1659 1254 1655 1172
628 647 811 1239 289 1176 395 385 860 1354 231 571 461 756 500 1426 1267 1436 235 383 905 377 255 300 996 869 1159 1168 1376 748 513 1350 1130 270 407 1137 775 1107 428 1351 353 511 845 786 1114 358 950 521 1263 1327 951 273 1341 1347 1628 0 1042 278 365 833 1083 686 834 1352 418 1006 422 924
692 1576 876 239 1219 176 1065 1038 1516 354 1160 1500 640 791 1429 1087 267 2092 836 1012 279 1032 1117 1074 168 1150 159 168 376 1267 794 2006 130 1105 1083 138 1337 107 1063 351 958 1440 1196 1067 114 1021 611 1450 263 327 783 878 341 2002 1289 1042 0 883 1294 897 744 751 899 352 1073 179 1068 155
469 713 653 1080 355 1017 302 274 926 1195 297 637 302 598 566 1267 1108 1502 76 248 746 269 321 311 837 711 1001 1009 1218 814 354 1416 972 336 319 979 841 948 299 1193 195 577 756 628 956 258 792 587 1104 1169 792 114 1182 1413 1470 278 883 0 431 674 924 528 675 1194 309 848 305 766
880 364 1063 1491 262 1428 367 357 577 1606 203 287 713 1009 259 1678 1519 1153 487 356 1157 350 228 272 1248 625 1412 1420 1629 465 765 1067 1382 243 380 1390 492 1359 401 1604 397 249 562 687 1366 331 1203 238 1515 1580 1203 492 1593 1063 1880 365 1294 431 0 1085 1335 939 1086 1605 391 1259 395 1176
245 1367 40 1094 1010 1031 856 829 1307 1209 951 1291 431 144 1220 1281 1123 1883 627 803 761 823 908 865 851 941 1015 1023 1232 1058 585 1797 986 896 874 993 1128 962 854 1207 750 1231 987 858 970 812 806 1241 1118 1183 339 669 1196 1793 1484 833 897 674 1085 0 939 190 63 1208 864 748 859 780
733 1617 917 941 1260 878 1106 1079 1557 1056 1201 1541 681 862 1470 774 969 2133 877 1053 607 1073 1158 1115 698 1191 862 870 1079 1308 835 2047 832 1146 1124 840 1378 809 1104 1054 1000 1481 1237 1108 816 1062 291 1491 965 1029 1057 919 1043 2043 603 1083 744 924 1335 939 0 792 940 1055 1114 709 1109 626
126 1221 168 948 863 885 710 683 1161 1063 805 1145 285 113 1074 1135 976 1737 481 657 614 677 762 719 705 795 869 877 1086 912 439 1651 839 749 728 847 981 816 708 1061 603 1084 840 712 823 666 660 1095 972 1037 308 522 1050 1647 1338 686 751 528 939 190 792 0 191 1062 718 716 713 634
246 1369 41 1095 1011 1032 857 830 1308 1210 952 1292 432 145 1221 1282 1124 1884 628 804 762 824 909 866 853 942 1016 1025 1233 1059 586 1798 987 897 875 994 1129 963 855 1208 751 1232 988 859 971 814 807 1242 1119 1184 340 670 1198 1795 1485 834 899 675 1086 63 940 191 0 1209 865 749 861 781
1003 1887 1186 142 1529 204 1376 1348 1826 53 1470 1811 951 1101 1740 1397 167 2403 1147 1322 590 1343 1428 1385 405 1461 223 232 55 1578 1105 2317 258 1415 1393 239 1647 274 1374 30 1269 1750 1506 1378 256 1332 922 1761 173 47 1093 1188 95 2313 1600 1352 352 1194 1605 1208 1055 1062 1209 0 1383 489 1379 466
659 673 842 1270 315 1207 420 410 886 1385 256 596 492 787 526 1457 1298 1462 266 409 936 403 281 325 1027 900 1191 1199 1407 774 544 1376 1161 296 433 1169 801 1138 454 1382 384 536 871 817 1145 384 981 547 1294 1358 982 304 1372 1372 1659 418 1073 309 391 864 1114 718 865 1383 0 1038 448 955
657 1541 726 376 1183 313 1030 1003 1481 491 1125 1465 605 638 1394 1051 404 2057 801 977 244 997 1082 1039 133 1115 297 305 513 1232 759 1971 267 1069 1047 275 1301 244 1028 488 923 1404 1160 1032 251 986 576 1415 400 464 629 842 478 1967 1254 1006 179 848 1259 747 709 716 749 489 1038 0 1033 120
654 677 838 1265 319 1202 425 415 890 1380 261 601 487 783 530 1452 1294 1467 262 413 932 407 285 330 1022 896 1186 1194 1403 778 540 1380 1157 301 438 1164 806 1133 458 1378 380 541 875 813 1141 388 977 551 1289 1354 978 299 1367 1377 1655 422 1068 305 395 859 1109 713 861 1379 448 1033 0 951
575 1459 758 352 1101 289 948 920 1398 467 1042 1382 522 703 1312 969 380 1975 718 894 162 915 999 957 109 1033 273 281 490 1149 676 1888 244 987 965 251 1219 220 945 465 841 1322 1078 950 228 904 494 1333 376 441 724 760 454 1885 1172 924 155 766 1176 780 626 634 781 466 955 120 951 0
EOF