NAME : tsp_problem
TYPE : TSP
DIMENSION : 70
EDGE_WEIGHT_TYPE : EXPLICIT
EDGE_WEIGHT_FORMAT : FULL_MATRIX
EDGE_WEIGHT_SECTION
0 1348 289 676 977 924 312 865 1072 156 803 823 922 1034 298 501 321 810 304 546 508 678 1048 634 1060 387 604 883 421 873 1141 1185 1138 310 169 500 1116 212 465 686 813 955 993 669 526 859 532 76 3407 1170 697 1077 327 1169 1106 1194 595 1234 1612 330 1522 288 571 883 268 1036 574 1011 948 751
1348 0 1531 1918 1309 1256 1554 1817 436 1398 1756 2065 1254 362 1540 1237 1563 1882 1546 1789 1750 1631 1380 1586 1392 1339 1556 1216 1664 1825 1474 1517 1553 1552 1200 1236 1448 1164 1707 1928 1146 1287 1325 1001 1262 1192 1268 1303 4649 1502 1939 323 1570 1501 2074 1526 928 2203 2581 1283 2491 1530 1307 1215 1510 1368 1310 1343 1280 636
289 1531 0 463 1160 1107 357 692 1254 304 711 610 1105 1217 371 684 263 597 340 333 295 834 1231 817 1242 570 786 1066 209 738 1324 1367 1321 391 352 683 1299 395 252 473 996 1138 1176 852 709 1042 715 259 3194 1353 484 1260 254 1352 893 1377 778 1021 1399 513 1309 355 754 1066 321 1219 757 1194 1130 934
676 1918 463 0 1547 1494 502 305 1642 580 324 223 1492 1604 516 1071 407 210 485 217 252 447 1618 510 1630 787 547 1453 353 351 1711 1755 1708 536 739 1070 1686 782 310 108 1383 1525 1563 1239 1096 1429 1102 646 2807 1740 98 1647 399 1739 506 1764 1165 634 1012 816 922 500 1141 1453 466 1606 1144 1581 1518 1321
977 1309 1160 1547 0 81 1183 1446 1033 1027 1385 1694 101 995 1169 866 1192 1511 1175 1418 1379 1260 101 1215 113 968 1185 356 1293 1454 194 238 693 1181 829 865 169 793 1336 1557 212 84 122 363 891 159 897 932 4278 223 1568 1039 1199 222 1704 247 439 1832 2210 912 2120 1159 917 116 1139 98 909 104 77 712
924 1256 1107 1494 81 0 1130 1393 980 974 1332 1641 48 942 1116 813 1139 1459 1122 1365 1326 1207 152 1162 163 916 1132 303 1240 1401 245 288 640 1128 776 812 220 740 1283 1505 159 59 97 310 838 107 844 879 4225 274 1515 986 1146 273 1651 298 386 1779 2157 859 2067 1107 864 63 1086 139 856 115 51 660
312 1554 357 502 1183 1130 0 731 1278 327 751 649 1128 1240 410 707 302 636 380 373 334 874 1254 840 1266 593 809 1089 248 778 1347 1391 1344 430 375 706 1322 418 292 513 1019 1161 1199 875 732 1065 738 282 3234 1376 523 1283 293 1375 932 1400 801 1060 1439 536 1349 395 777 1089 360 1242 780 1217 1154 957
865 1817 692 305 1446 1393 731 0 1541 809 100 320 1391 1503 745 971 637 135 714 404 438 221 1517 275 1529 551 311 1353 546 127 1611 1654 1607 765 717 969 1585 679 496 294 1283 1424 1462 1138 995 1329 1001 820 2904 1639 284 1547 628 1638 327 1663 1065 455 833 580 743 729 1040 1352 695 1505 1043 1480 1417 1220
1072 436 1254 1642 1033 980 1278 1541 0 1121 1479 1789 978 195 1264 961 1287 1606 1270 1512 1473 1354 1104 1310 1116 1063 1280 939 1387 1549 1197 1241 1277 1275 923 960 1172 888 1431 1652 869 1011 1049 725 985 915 991 1026 4373 1226 1663 166 1293 1225 1798 1250 651 1926 2305 1006 2215 1254 1030 939 1234 1092 1033 1067 1004 360
156 1398 304 580 1027 974 327 809 1121 0 828 727 972 1084 313 551 337 714 320 450 412 728 1098 683 1109 437 653 933 326 855 1191 1234 1188 325 219 550 1166 262 369 590 863 1005 1043 719 575 909 582 126 3311 1220 601 1127 343 1219 1010 1244 645 1138 1516 380 1426 304 621 933 284 1085 624 1061 997 801
803 1756 711 324 1385 1332 751 100 1479 828 0 339 1330 1442 764 909 656 154 734 423 458 160 1456 213 1467 489 249 1291 565 147 1549 1592 1546 784 655 908 1524 617 515 314 1221 1363 1401 1077 933 1267 940 758 2924 1578 303 1485 647 1577 346 1602 1003 474 852 519 762 748 979 1291 714 1443 982 1419 1355 1159
823 2065 610 223 1694 1641 649 320 1789 727 339 0 1639 1751 663 1219 555 225 632 321 356 463 1765 526 1777 802 562 1600 464 366 1858 1902 1855 683 886 1217 1833 929 414 212 1530 1672 1710 1386 1243 1576 1249 793 2613 1887 202 1794 546 1886 521 1911 1312 649 1027 831 938 647 1288 1600 613 1753 1291 1728 1665 1468
922 1254 1105 1492 101 48 1128 1391 978 972 1330 1639 0 940 1114 811 1137 1456 1120 1363 1324 1205 172 1160 184 913 1130 301 1238 1399 266 309 638 1126 774 810 240 738 1281 1502 159 79 117 308 836 107 842 877 4223 294 1513 984 1144 293 1649 318 384 1777 2155 857 2065 1104 862 64 1084 160 854 135 72 657
1034 362 1217 1604 995 942 1240 1503 195 1084 1442 1751 940 0 1226 923 1249 1568 1232 1475 1436 1317 1066 1272 1078 1025 1242 902 1350 1511 1160 1203 1239 1238 886 922 1134 850 1393 1614 832 973 1011 687 948 878 954 989 4335 1188 1625 91 1256 1187 1761 1212 614 1889 2267 969 2177 1216 993 901 1196 1054 996 1029 966 322
298 1540 371 516 1169 1116 410 745 1264 313 764 663 1114 1226 0 693 315 650 393 386 348 870 1240 826 1252 579 796 1075 261 791 1333 1377 1330 444 361 692 1308 404 305 526 1005 1147 1185 861 718 1051 724 268 3247 1362 537 1269 307 1361 946 1386 787 1074 1452 522 1362 408 763 1075 374 1228 766 1203 1140 943
501 1237 684 1071 866 813 707 971 961 551 909 1219 811 923 693 0 716 1036 699 942 903 784 937 740 949 493 709 715 817 979 1031 1074 714 705 353 178 1005 318 861 1082 703 844 882 558 166 749 156 456 3803 1059 1092 967 723 1058 1228 1083 485 1356 1734 436 1645 684 147 772 664 925 150 900 837 640
321 1563 263 407 1192 1139 302 637 1287 337 656 555 1137 1249 315 716 0 542 285 278 239 779 1263 842 1275 602 819 1098 153 683 1356 1400 1353 336 384 715 1331 427 197 418 1028 1170 1208 884 741 1074 747 291 3139 1385 428 1292 198 1384 837 1409 810 965 1344 545 1254 300 786 1098 266 1251 789 1226 1163 966
810 1882 597 210 1511 1459 636 135 1606 714 154 225 1456 1568 650 1036 542 0 619 309 343 277 1582 340 1594 616 376 1418 451 181 1676 1719 1673 670 782 1035 1650 744 401 199 1348 1490 1528 1204 1060 1394 1066 780 2809 1704 189 1612 533 1703 335 1728 1130 463 842 645 752 634 1105 1418 600 1570 1108 1545 1482 1286
304 1546 340 485 1175 1122 380 714 1270 320 734 632 1120 1232 393 699 285 619 0 356 317 857 1246 832 1258 585 802 1081 231 761 1339 1383 1336 413 367 698 1314 410 275 496 1011 1153 1191 867 724 1057 730 274 3217 1368 506 1275 276 1367 915 1392 793 1043 1422 528 1332 377 769 1081 343 1234 772 1209 1146 949
546 1789 333 217 1418 1365 373 404 1512 450 423 321 1363 1475 386 942 278 309 356 0 310 546 1489 609 1500 828 645 1324 224 450 1582 1625 1579 406 609 941 1556 652 268 207 1254 1396 1434 1110 966 1300 972 516 2906 1610 196 1518 269 1609 604 1635 1036 732 1111 771 1021 371 1011 1324 336 1476 1014 1451 1388 1192
508 1750 295 252 1379 1326 334 438 1473 412 458 356 1324 1436 348 903 239 343 317 310 0 581 1450 644 1461 789 680 1285 185 485 1543 1587 1540 368 571 902 1518 614 229 242 1215 1357 1395 1071 928 1261 934 478 2941 1572 231 1479 231 1571 639 1596 997 767 1146 732 1056 332 973 1285 298 1438 976 1413 1349 1153
678 1631 834 447 1260 1207 874 221 1354 728 160 463 1205 1317 870 784 779 277 857 546 581 0 1331 88 1342 364 124 1166 688 229 1424 1467 1421 882 530 783 1398 492 638 437 1096 1238 1276 952 808 1142 815 633 3047 1452 426 1360 770 1452 469 1477 878 597 975 394 886 861 854 1166 837 1318 857 1294 1230 1034
1048 1380 1231 1618 101 152 1254 1517 1104 1098 1456 1765 172 1066 1240 937 1263 1582 1246 1489 1450 1331 0 1286 70 1040 1256 427 1364 1525 151 195 764 1252 900 936 126 864 1407 1629 283 117 82 434 962 231 968 1003 4349 145 1639 1110 1270 144 1775 169 510 1903 2281 983 2191 1230 988 187 1210 55 980 61 136 783
634 1586 817 510 1215 1162 840 275 1310 683 213 526 1160 1272 826 740 842 340 832 609 644 88 1286 0 1298 320 91 1122 751 283 1380 1423 1376 838 485 738 1354 448 701 500 1051 1193 1231 907 764 1097 770 588 3110 1408 489 1316 833 1407 532 1432 834 660 1038 349 949 816 809 1121 796 1274 812 1249 1186 989
1060 1392 1242 1630 113 163 1266 1529 1116 1109 1467 1777 184 1078 1252 949 1275 1594 1258 1500 1461 1342 70 1298 0 1051 1268 439 1375 1537 112 155 776 1263 911 948 86 876 1419 1640 294 128 93 445 973 242 979 1014 4361 191 1651 1121 1281 190 1786 189 521 1914 2293 994 2203 1242 1000 199 1222 67 991 72 147 795
387 1339 570 787 968 916 593 551 1063 437 489 802 913 1025 579 493 602 616 585 828 789 364 1040 320 1051 0 290 875 703 559 1133 1176 1130 591 239 492 1107 203 746 776 805 947 985 661 517 851 523 342 3386 1161 765 1069 609 1160 808 1185 587 936 1315 322 1225 569 562 875 549 1027 565 1002 939 743
604 1556 786 547 1185 1132 809 311 1280 653 249 562 1130 1242 796 709 819 376 802 645 680 124 1256 91 1268 290 0 1091 787 319 1349 1393 1346 807 455 708 1324 418 738 536 1021 1163 1201 877 734 1067 740 558 3146 1378 525 1285 825 1377 568 1402 803 696 1075 319 985 786 779 1091 766 1244 782 1219 1156 959
883 1216 1066 1453 356 303 1089 1353 939 933 1291 1600 301 902 1075 715 1098 1418 1081 1324 1285 1166 427 1122 439 875 1091 0 1199 1361 520 564 384 1087 735 666 495 700 1243 1464 192 334 372 269 648 238 639 838 4185 549 1474 945 1105 548 1610 573 345 1738 2116 818 2027 1066 607 262 1046 415 599 390 326 619
421 1664 209 353 1293 1240 248 546 1387 326 565 464 1238 1350 261 817 153 451 231 224 185 688 1364 751 1375 703 787 1199 0 592 1457 1500 1454 282 485 816 1432 528 143 349 1129 1271 1309 985 841 1175 848 392 3048 1486 338 1393 144 1485 747 1510 911 875 1253 646 1163 246 887 1199 212 1351 890 1327 1263 1067
873 1825 738 351 1454 1401 778 127 1549 855 147 366 1399 1511 791 979 683 181 761 450 485 229 1525 283 1537 559 319 1361 592 0 1619 1662 1616 811 725 977 1593 687 542 341 1291 1432 1471 1147 1003 1337 1009 828 2951 1647 330 1555 674 1646 373 1671 1073 501 879 588 790 775 1048 1361 741 1513 1051 1488 1425 1228
1141 1474 1324 1711 194 245 1347 1611 1197 1191 1549 1858 266 1160 1333 1031 1356 1676 1339 1582 1543 1424 151 1380 112 1133 1349 520 1457 1619 0 66 858 1345 993 1029 97 958 1501 1722 376 210 175 527 1055 324 1061 1096 4443 113 1732 1203 1363 118 1868 99 603 1996 2374 1076 2285 1324 1081 280 1304 148 1073 154 229 877
1185 1517 1367 1755 238 288 1391 1654 1241 1234 1592 1902 309 1203 1377 1074 1400 1719 1383 1625 1587 1467 195 1423 155 1176 1393 564 1500 1662 66 0 901 1388 1036 1073 89 1001 1544 1765 419 253 218 570 1098 367 1104 1139 4486 72 1776 1246 1406 77 1911 58 646 2039 2418 1120 2328 1367 1125 324 1347 192 1116 197 272 920
1137 1553 1320 1707 693 640 1343 1607 1277 1187 1545 1854 638 1239 1329 713 1352 1672 1335 1578 1539 1420 764 1376 776 1129 1345 384 1453 1615 858 901 0 1341 989 665 832 954 1497 1718 530 671 709 606 647 576 638 1092 4439 886 1728 1282 1359 885 1864 910 683 1992 2370 1072 2281 1320 606 599 1300 752 598 727 664 956
310 1552 391 536 1181 1128 430 765 1275 325 784 683 1126 1238 444 705 336 670 413 406 368 882 1252 838 1263 591 807 1087 282 811 1345 1388 1342 0 373 704 1320 416 325 546 1017 1159 1197 873 730 1063 736 280 3267 1374 557 1281 327 1373 966 1398 799 1094 1472 534 1382 428 775 1087 394 1240 778 1215 1151 955
169 1200 352 739 829 776 375 717 923 219 655 886 774 886 361 353 384 782 367 609 571 530 900 485 911 239 455 735 485 725 993 1036 990 373 0 352 968 64 528 749 665 807 845 521 377 711 384 124 3470 1022 760 929 391 1021 974 1046 447 1102 1480 182 1390 351 423 735 331 887 426 863 799 603
500 1236 683 1070 865 812 706 969 960 550 908 1217 810 922 692 178 715 1035 698 941 902 783 936 738 948 492 708 667 816 977 1029 1073 666 704 352 0 1004 316 859 1081 701 843 881 557 117 747 108 455 3801 1058 1091 965 722 1057 1227 1082 483 1355 1733 435 1643 683 98 771 662 924 101 899 836 639
1116 1448 1299 1686 169 220 1322 1585 1172 1166 1524 1833 240 1134 1308 1005 1331 1650 1314 1556 1518 1398 126 1354 86 1107 1324 495 1432 1593 97 89 832 1320 968 1004 0 932 1475 1696 351 185 150 501 1029 298 1036 1071 4417 137 1707 1177 1337 142 1842 123 578 1970 2349 1051 2259 1298 1056 255 1278 123 1047 129 203 851
212 1164 395 782 793 740 418 679 888 262 617 929 738 850 404 318 427 744 410 652 614 492 864 448 876 203 418 700 528 687 958 1001 954 416 64 316 932 0 571 792 630 771 809 485 342 676 348 167 3513 986 803 894 433 985 936 1010 412 1064 1443 147 1353 394 387 699 374 852 390 827 764 567
465 1707 252 310 1336 1283 292 496 1431 369 515 414 1281 1393 305 861 197 401 275 268 229 638 1407 701 1419 746 738 1243 143 542 1501 1544 1497 325 528 859 1475 571 0 299 1173 1314 1352 1028 885 1219 891 435 2998 1529 289 1437 188 1528 697 1553 955 825 1203 690 1113 289 930 1242 255 1395 933 1370 1307 1110
686 1928 473 108 1557 1505 513 294 1652 590 314 212 1502 1614 526 1082 418 199 496 207 242 437 1629 500 1640 776 536 1464 349 341 1722 1765 1719 546 749 1081 1696 792 299 0 1394 1536 1574 1250 1106 1440 1112 656 2797 1750 87 1658 409 1749 495 1774 1176 623 1002 805 912 511 1151 1464 476 1616 1154 1591 1528 1332
813 1146 996 1383 212 159 1019 1283 869 863 1221 1530 159 832 1005 703 1028 1348 1011 1254 1215 1096 283 1051 294 805 1021 192 1129 1291 376 419 530 1017 665 701 351 630 1173 1394 0 190 228 199 727 168 733 768 4115 405 1404 875 1035 404 1540 429 275 1668 2046 748 1956 996 753 174 975 271 745 246 182 549
955 1287 1138 1525 84 59 1161 1424 1011 1005 1363 1672 79 973 1147 844 1170 1490 1153 1396 1357 1238 117 1193 128 947 1163 334 1271 1432 210 253 671 1159 807 843 185 771 1314 1536 190 0 100 341 869 138 875 910 4256 239 1546 1017 1177 238 1682 263 417 1810 2188 890 2098 1137 895 94 1117 114 887 118 55 690
993 1325 1176 1563 122 97 1199 1462 1049 1043 1401 1710 117 1011 1185 882 1208 1528 1191 1434 1395 1276 82 1231 93 985 1201 372 1309 1471 175 218 709 1197 845 881 150 809 1352 1574 228 100 0 379 907 176 913 948 4294 204 1584 1055 1215 203 1720 228 455 1848 2226 928 2136 1176 933 132 1155 79 925 85 93 729
669 1001 852 1239 363 310 875 1138 725 719 1077 1386 308 687 861 558 884 1204 867 1110 1071 952 434 907 445 661 877 269 985 1147 527 570 606 873 521 557 501 485 1028 1250 199 341 379 0 583 245 589 624 3970 555 1260 731 891 554 1396 580 131 1524 1902 604 1812 852 628 269 831 421 631 397 333 405
526 1262 709 1096 891 838 732 995 985 575 933 1243 836 948 718 166 741 1060 724 966 928 808 962 764 973 517 734 649 841 1003 1055 1098 648 730 377 117 1029 342 885 1106 727 869 907 583 0 773 90 480 3827 1083 1117 991 747 1082 1252 1108 509 1380 1759 461 1669 708 80 797 688 949 83 925 861 665
859 1192 1042 1429 159 107 1065 1329 915 909 1267 1576 107 878 1051 749 1074 1394 1057 1300 1261 1142 231 1097 242 851 1067 238 1175 1337 324 367 576 1063 711 747 298 676 1219 1440 168 138 176 245 773 0 779 814 4161 352 1450 921 1081 351 1586 376 321 1714 2092 794 2002 1042 799 122 1021 218 791 193 130 595
532 1268 715 1102 897 844 738 1001 991 582 940 1249 842 954 724 156 747 1066 730 972 934 815 968 770 979 523 740 640 848 1009 1061 1104 638 736 384 108 1036 348 891 1112 733 875 913 589 90 779 0 487 3833 1090 1123 997 754 1089 1258 1114 515 1386 1765 467 1675 714 71 803 694 955 74 931 867 671
76 1303 259 646 932 879 282 820 1026 126 758 793 877 989 268 456 291 780 274 516 478 633 1003 588 1014 342 558 838 392 828 1096 1139 1093 280 124 455 1071 167 435 656 768 910 948 624 480 814 487 0 3377 1125 667 1032 298 1124 1076 1149 550 1204 1582 285 1492 258 526 838 238 990 529 966 902 706
3407 4649 3194 2807 4278 4225 3234 2904 4373 3311 2924 2613 4223 4335 3247 3803 3139 2809 3217 2906 2941 3047 4349 3110 4361 3386 3146 4185 3048 2951 4443 4486 4439 3267 3470 3801 4417 3513 2998 2797 4115 4256 4294 3970 3827 4161 3833 3377 0 4471 2786 4379 3130 4470 3105 4495 3897 3233 3612 3415 3522 3231 3872 4184 3197 4337 3875 4312 4249 4052
1170 1502 1353 1740 223 274 1376 1639 1226 1220 1578 1887 294 1188 1362 1059 1385 1704 1368 1610 1572 1452 145 1408 191 1161 1378 549 1486 1647 113 72 886 1374 1022 1058 137 986 1529 1750 405 239 204 555 1083 352 1090 1125 4471 0 1761 1231 1392 30 1896 55 632 2024 2403 1105 2313 1352 1110 309 1332 177 1101 183 258 905
697 1939 484 98 1568 1515 523 284 1663 601 303 202 1513 1625 537 1092 428 189 506 196 231 426 1639 489 1651 765 525 1474 338 330 1732 1776 1729 557 760 1091 1707 803 289 87 1404 1546 1584 1260 1117 1450 1123 667 2786 1761 0 1668 420 1760 485 1785 1186 613 991 795 901 521 1162 1474 487 1627 1165 1602 1539 1342
1077 323 1260 1647 1039 986 1283 1547 166 1127 1485 1794 984 91 1269 967 1292 1612 1275 1518 1479 1360 1110 1316 1121 1069 1285 945 1393 1555 1203 1246 1282 1281 929 965 1177 894 1437 1658 875 1017 1055 731 991 921 997 1032 4379 1231 1668 0 1299 1231 1804 1256 657 1932 2310 1012 2220 1260 1036 945 1239 1097 1039 1073 1009 366
327 1570 254 399 1199 1146 293 628 1293 343 647 546 1144 1256 307 723 198 533 276 269 231 770 1270 833 1281 609 825 1105 144 674 1363 1406 1360 327 391 722 1337 433 188 409 1035 1177 1215 891 747 1081 754 298 3130 1392 420 1299 0 1391 829 1416 817 957 1335 552 1245 291 793 1105 257 1257 796 1233 1169 973
1169 1501 1352 1739 222 273 1375 1638 1225 1219 1577 1886 293 1187 1361 1058 1384 1703 1367 1609 1571 1452 144 1407 190 1160 1377 548 1485 1646 118 77 885 1373 1021 1057 142 985 1528 1749 404 238 203 554 1082 351 1089 1124 4470 30 1760 1231 1391 0 1895 54 631 2023 2402 1104 2312 1351 1109 308 1331 176 1101 182 257 904
1106 2074 893 506 1704 1651 932 327 1798 1010 346 521 1649 1761 946 1228 837 335 915 604 639 469 1775 532 1786 808 568 1610 747 373 1868 1911 1865 966 974 1227 1842 936 697 495 1540 1682 1720 1396 1252 1586 1258 1076 3105 1896 485 1804 829 1895 0 1920 1322 171 549 837 459 930 1297 1610 896 1762 1300 1737 1674 1478
1194 1526 1377 1764 247 298 1400 1663 1250 1244 1602 1911 318 1212 1386 1083 1409 1728 1392 1635 1596 1477 169 1432 189 1185 1402 573 1510 1671 99 58 910 1398 1046 1082 123 1010 1553 1774 429 263 228 580 1108 376 1114 1149 4495 55 1785 1256 1416 54 1920 0 656 2049 2427 1129 2337 1376 1134 333 1356 201 1126 207 282 929
595 928 778 1165 439 386 801 1065 651 645 1003 1312 384 614 787 485 810 1130 793 1036 997 878 510 834 521 587 803 345 911 1073 603 646 683 799 447 483 578 412 955 1176 275 417 455 131 509 321 515 550 3897 632 1186 657 817 631 1322 656 0 1450 1828 530 1738 778 554 345 757 498 557 473 409 331
1234 2203 1021 634 1832 1779 1060 455 1926 1138 474 649 1777 1889 1074 1356 965 463 1043 732 767 597 1903 660 1914 936 696 1738 875 501 1996 2039 1993 1094 1102 1355 1970 1064 825 623 1668 1810 1848 1524 1380 1714 1386 1204 3233 2024 613 1932 957 2023 171 2049 1450 0 420 965 330 1058 1425 1738 1024 1890 1428 1865 1802 1606
1738 2707 1525 1138 2336 2283 1565 959 2430 1642 978 1153 2281 2393 1578 1860 1470 968 1547 1237 1271 1101 2407 1164 2418 1440 1200 2242 1379 1005 2500 2543 2497 1598 1606 1859 2475 1569 1329 1127 2172 2314 2352 2028 1885 2218 1891 1708 3738 2529 1117 2436 1461 2528 675 2553 1954 545 0 1470 242 1562 1930 2242 1528 2395 1933 2370 2306 2110
330 1283 513 816 912 859 536 580 1006 380 519 831 857 969 522 436 545 645 528 771 732 394 983 349 994 322 319 818 646 588 1076 1120 1073 534 182 435 1051 147 690 805 748 890 928 604 461 794 467 285 3415 1105 795 1012 552 1104 837 1129 530 965 1344 0 1254 513 506 818 492 971 509 946 882 686
1832 2801 1619 1232 2430 2377 1659 1053 2524 1736 1072 1247 2375 2487 1672 1954 1564 1062 1641 1331 1365 1195 2501 1258 2512 1535 1294 2336 1473 1099 2594 2637 2591 1692 1700 1953 2569 1663 1423 1222 2266 2408 2446 2122 1979 2312 1985 1802 3832 2623 1211 2530 1555 2622 769 2647 2048 639 107 1564 0 1656 2024 2336 1622 2489 2027 2464 2400 2204
288 1530 355 500 1159 1107 395 729 1254 304 748 647 1104 1216 408 684 300 634 377 371 332 861 1230 816 1242 569 786 1066 246 775 1324 1367 1321 428 351 683 1298 394 289 511 996 1137 1176 852 708 1042 714 258 3231 1352 521 1260 291 1351 930 1376 778 1058 1436 513 1347 0 753 1066 358 1218 756 1193 1130 934
571 1307 754 1141 918 865 777 1040 1030 621 979 1288 863 993 763 147 786 1105 769 1011 973 854 989 809 1000 562 779 608 887 1048 1082 1125 607 775 423 98 1057 387 930 1151 754 896 934 628 80 800 71 526 3872 1111 1162 1036 793 1110 1297 1135 554 1425 1804 506 1714 753 0 824 733 976 65 952 888 710
883 1215 1066 1453 116 63 1089 1352 939 933 1291 1600 64 901 1075 772 1098 1418 1081 1324 1285 1166 187 1121 199 875 1091 262 1199 1361 280 324 599 1087 735 771 255 699 1242 1464 174 94 132 269 797 122 803 838 4184 309 1474 945 1105 308 1610 333 345 1738 2116 818 2026 1066 823 0 1045 175 815 150 87 619
268 1510 321 466 1139 1086 360 695 1234 284 714 613 1084 1196 374 664 266 600 343 336 298 837 1210 796 1222 549 766 1046 212 741 1304 1347 1300 394 331 662 1278 374 255 476 975 1117 1155 831 688 1021 694 238 3197 1332 487 1239 257 1331 896 1356 757 1024 1402 492 1312 358 733 1045 0 1198 736 1173 1110 913
1036 1368 1219 1606 98 139 1242 1505 1092 1085 1443 1753 160 1054 1228 925 1251 1570 1234 1476 1438 1318 55 1274 67 1027 1244 415 1351 1513 148 192 752 1240 887 924 123 852 1395 1616 271 114 79 421 949 218 955 990 4337 177 1627 1097 1257 176 1762 201 498 1890 2269 971 2179 1218 976 175 1198 0 967 58 133 771
574 1310 757 1144 909 856 780 1043 1033 624 982 1291 854 996 766 150 789 1108 772 1014 976 857 980 812 992 565 782 600 890 1051 1074 1117 598 778 426 101 1048 390 933 1154 746 887 925 631 83 792 74 529 3875 1102 1165 1039 796 1101 1300 1126 557 1428 1807 509 1717 756 65 816 736 968 0 943 880 713
1011 1343 1194 1581 104 115 1217 1480 1067 1061 1419 1728 135 1029 1203 900 1226 1545 1209 1451 1413 1294 61 1249 72 1002 1219 390 1327 1488 154 197 727 1215 863 899 129 827 1370 1591 246 118 85 397 925 193 931 966 4312 183 1602 1073 1233 182 1737 207 473 1865 2244 946 2154 1193 951 150 1173 58 943 0 111 746
948 1280 1130 1518 77 51 1154 1417 1004 997 1355 1665 72 966 1140 837 1163 1482 1146 1388 1349 1230 136 1186 147 939 1156 326 1263 1425 229 272 664 1151 799 836 203 764 1307 1528 182 55 93 333 861 130 867 902 4249 258 1539 1009 1169 257 1674 282 409 1802 2181 882 2091 1130 888 87 1110 133 879 111 0 683
751 636 934 1321 712 660 957 1220 360 801 1159 1468 657 322 943 640 966 1286 949 1192 1153 1034 783 989 795 743 959 619 1067 1228 877 920 956 955 603 639 851 567 1110 1332 549 690 729 405 665 595 671 706 4052 905 1342 366 973 904 1478 929 331 1606 1984 686 1894 934 710 619 913 771 713 746 683 0
EOF