NAME : tsp_problem
TYPE : TSP
DIMENSION : 42
EDGE_WEIGHT_TYPE : EXPLICIT
EDGE_WEIGHT_FORMAT : FULL_MATRIX
EDGE_WEIGHT_SECTION
0 1370 1768 1138 1111 883 1105 1076 847 1184 1277 1097 124 1610 779 1300 354 149 1747 320 229 628 241 1010 1370 237 781 1102 81 771 816 2039 291 1108 1004 1463 1116 1296 1066 1229 135 1813
1370 0 2369 1739 1712 1483 1705 1676 1448 1784 1877 1697 1452 2210 1613 1901 1682 1477 2348 1649 1558 781 1570 1611 1971 1565 1381 1702 1409 1371 1650 2640 1619 1708 1604 2063 1717 1896 1666 1830 1463 2413
1768 2369 0 684 826 929 815 768 951 656 533 841 1850 397 1607 497 2080 1875 391 2047 1956 1627 1968 812 524 1963 1376 836 1807 1366 1644 684 2017 713 813 381 821 521 790 593 1861 113
1138 1739 684 0 291 631 280 233 321 786 192 306 1220 525 977 627 1450 1245 936 1416 1325 996 1337 277 654 1333 745 301 1177 735 1014 1228 1387 178 752 378 286 211 255 723 1231 728
1111 1712 826 291 0 604 422 375 295 905 334 448 1193 667 950 768 1423 1218 1078 1390 1299 970 1311 408 796 1306 719 442 1150 709 987 1370 1360 320 725 520 428 353 397 865 1204 870
883 1483 929 631 604 0 597 568 340 342 769 589 964 771 721 459 1194 989 906 1161 1070 741 1082 503 529 1077 490 594 921 480 758 1198 1131 600 168 756 609 788 558 388 975 973
1105 1705 815 280 422 597 0 364 288 899 323 437 1187 656 943 758 1416 1211 1067 1383 1292 963 1304 401 785 1299 712 432 1144 702 980 1359 1353 309 718 509 417 342 386 854 1197 859
1076 1676 768 233 375 568 364 0 259 869 277 391 1157 610 914 711 1387 1182 1021 1354 1263 934 1275 361 738 1270 683 385 1114 673 951 1313 1324 263 689 463 370 296 340 808 1168 813
847 1448 951 321 295 340 288 259 0 641 460 280 929 793 686 758 1159 954 1204 1126 1035 706 1047 193 828 1042 455 285 886 445 723 1496 1096 291 461 646 299 479 249 687 940 996
1184 1784 656 786 905 342 899 869 641 0 635 890 1266 499 1023 187 1495 1291 634 1462 1371 1042 1383 804 256 1378 791 896 1223 781 1059 926 1432 816 227 484 910 624 860 116 1276 701
1277 1877 533 192 334 769 323 277 460 635 0 350 1359 374 1115 475 1588 1384 785 1555 1464 1135 1476 320 502 1471 884 344 1316 874 1152 1077 1525 221 792 270 329 255 299 572 1369 577
1097 1697 841 306 448 589 437 391 280 890 350 0 1178 683 935 784 1408 1203 1094 1375 1284 955 1296 393 811 1291 704 458 1135 694 972 1386 1345 336 710 536 443 369 413 881 1189 886
124 1452 1850 1220 1193 964 1187 1157 929 1266 1359 1178 0 1692 861 1382 281 126 1829 248 157 710 169 1092 1452 164 863 1184 61 853 898 2121 218 1190 1085 1545 1198 1378 1148 1311 112 1895
1610 2210 397 525 667 771 656 610 793 499 374 683 1692 0 1449 339 1921 1717 649 1888 1797 1468 1809 653 366 1804 1217 677 1649 1207 1486 941 1858 555 656 223 662 363 632 436 1702 441
820 1485 1479 849 823 594 816 787 559 895 988 808 901 1321 0 1012 1131 926 1459 1098 1007 743 1019 722 1081 1014 131 813 858 141 223 1751 1068 819 715 1174 827 1007 777 940 912 1524
1300 1901 497 627 768 459 758 711 758 187 475 784 1382 339 1139 0 1612 1407 474 1579 1488 1159 1500 755 147 1495 908 778 1339 898 1176 766 1549 656 343 324 764 464 733 213 1393 541
354 1682 2080 1450 1423 1194 1416 1387 1159 1495 1588 1408 281 1921 1091 1612 0 253 2059 87 148 940 184 1322 1682 156 1092 1413 291 1082 1128 2351 88 1419 1315 1774 1428 1607 1377 1541 266 2124
149 1477 1875 1245 1218 989 1211 1182 954 1291 1384 1203 126 1717 886 1407 253 0 1854 219 128 735 140 1117 1477 135 888 1209 86 877 923 2146 190 1215 1110 1569 1223 1403 1173 1336 137 1920
1747 2348 391 936 1078 906 1067 1021 1204 634 785 1094 1829 649 1586 474 2059 1854 0 2026 1935 1606 1947 1064 501 1942 1355 1088 1786 1345 1623 333 1996 965 790 634 1073 773 1043 571 1840 436
320 1649 2047 1416 1390 1161 1383 1354 1126 1462 1555 1375 248 1888 1058 1579 87 219 2026 0 206 907 151 1289 1649 122 1059 1380 257 1049 1094 2318 146 1386 1282 1741 1395 1574 1344 1508 233 2091
229 1558 1956 1325 1299 1070 1292 1263 1035 1371 1464 1284 157 1797 967 1488 148 128 1935 206 0 816 134 1198 1558 129 968 1289 166 958 1003 2227 82 1295 1191 1650 1304 1483 1253 1417 142 2000
628 781 1627 996 970 741 963 934 706 1042 1135 955 710 1468 871 1159 940 735 1606 907 816 0 828 869 1228 823 639 960 667 629 907 1898 877 966 862 1321 975 1154 924 1087 721 1671
241 1570 1968 1337 1311 1082 1304 1275 1047 1383 1476 1296 169 1809 979 1500 184 140 1947 151 134 828 0 1210 1570 141 980 1301 178 970 1015 2239 195 1307 1203 1662 1316 1495 1265 1429 154 2012
1010 1611 812 277 408 503 401 361 193 804 320 393 1092 653 849 755 1322 1117 1064 1289 1198 869 1210 0 782 1205 618 398 1049 608 886 1356 1259 306 624 506 413 339 362 850 1103 856
1370 1971 524 654 796 529 785 738 828 256 502 811 1452 366 1209 147 1682 1477 501 1649 1558 1228 1570 782 0 1565 977 806 1409 967 1246 793 1619 683 413 351 791 491 760 243 1463 568
237 1565 1963 1333 1306 1077 1299 1270 1042 1378 1471 1291 164 1804 974 1495 156 135 1942 122 129 823 141 1205 1565 0 975 1296 173 965 1011 2234 190 1302 1198 1657 1311 1490 1260 1424 149 2007
781 1381 1376 745 719 490 712 683 455 791 884 704 863 1217 259 908 1092 888 1355 1059 968 639 980 618 977 975 0 709 820 145 296 1647 1029 715 611 1070 724 903 673 837 873 1420
1102 1702 836 301 442 594 432 385 285 896 344 458 1184 677 941 778 1413 1209 1088 1380 1289 960 1301 398 806 1296 709 0 1141 699 978 1380 1351 330 716 530 438 363 407 875 1194 880
81 1409 1807 1177 1150 921 1144 1114 886 1223 1316 1135 61 1649 818 1339 291 86 1786 257 166 667 178 1049 1409 173 820 1141 0 810 855 2078 228 1147 1042 1502 1155 1335 1105 1268 72 1852
771 1371 1366 735 709 480 702 673 445 781 874 694 853 1207 269 898 1082 877 1345 1049 958 629 970 608 967 965 145 699 810 0 306 1637 1019 705 601 1060 714 893 663 826 863 1410
831 1496 1491 860 834 605 827 798 570 906 999 819 913 1332 197 1023 1142 938 1470 1109 1018 754 1030 733 1092 1025 142 824 870 152 0 1762 1079 830 726 1185 839 1018 788 951 923 1535
2342 2942 986 1531 1673 1500 1662 1615 1798 1228 1380 1688 2424 1244 2181 1068 2653 2449 636 2620 2529 2200 2541 1659 1095 2536 1949 1683 2381 1939 2218 0 2590 1560 1385 1228 1668 1368 1637 1165 2434 1031
291 1619 2017 1387 1360 1131 1353 1324 1096 1432 1525 1345 218 1858 1028 1549 88 190 1996 146 82 877 195 1259 1619 190 1029 1351 228 1019 1065 2288 0 1356 1252 1711 1365 1544 1314 1478 203 2061
1108 1708 713 178 320 600 309 263 291 816 221 336 1190 555 947 656 1419 1215 965 1386 1295 966 1307 306 683 1302 715 330 1147 705 983 1258 1356 0 721 407 315 240 285 752 1200 758
1004 1604 813 752 725 168 718 689 461 227 792 710 1085 656 842 343 1315 1110 790 1282 1191 862 1203 624 413 1198 611 716 1042 601 879 1082 1252 721 0 641 730 780 679 272 1096 858
1463 2063 381 378 520 756 509 463 646 484 270 536 1545 223 1301 324 1774 1569 634 1741 1650 1321 1662 506 351 1657 1070 530 1502 1060 1338 926 1711 407 641 0 515 258 485 421 1555 426
1116 1717 821 286 428 609 417 370 299 910 329 443 1198 662 955 764 1428 1223 1073 1395 1304 975 1316 413 791 1311 724 438 1155 714 992 1365 1365 315 730 515 0 348 392 860 1209 865
1296 1896 521 211 353 788 342 296 479 624 255 369 1378 363 1134 464 1607 1403 773 1574 1483 1154 1495 339 491 1490 903 363 1335 893 1171 1066 1544 240 780 258 348 0 318 560 1388 566
1066 1666 790 255 397 558 386 340 249 860 299 413 1148 632 905 733 1377 1173 1043 1344 1253 924 1265 362 760 1260 673 407 1105 663 941 1335 1314 285 679 485 392 318 0 830 1158 835
1229 1830 593 723 865 388 854 808 687 116 572 881 1311 436 1068 213 1541 1336 571 1508 1417 1087 1429 850 243 1424 837 875 1268 826 1105 863 1478 752 272 421 860 560 830 0 1322 638
135 1463 1861 1231 1204 975 1197 1168 940 1276 1369 1189 112 1702 872 1393 266 137 1840 233 142 721 154 1103 1463 149 873 1194 72 863 909 2132 203 1200 1096 1555 1209 1388 1158 1322 0 1905
1813 2413 113 728 870 973 859 813 996 701 577 886 1895 441 1652 541 2124 1920 436 2091 2000 1671 2012 856 568 2007 1420 880 1852 1410 1688 728 2061 758 858 426 865 566 835 638 1905 0
EOF