NAME : tsp_problem
TYPE : TSP
DIMENSION : 86
EDGE_WEIGHT_TYPE : EXPLICIT
EDGE_WEIGHT_FORMAT : FULL_MATRIX
EDGE_WEIGHT_SECTION
0 407 205 1469 548 1057 628 1110 481 269 364 1181 990 728 1101 509 663 718 251 271 355 694 254 264 1158 290 572 550 801 487 1013 860 495 1011 146 1080 954 970 367 693 1180 757 627 445 530 1115 298 353 271 1093 276 467 561 1145 307 268 1422 976 258 580 454 1096 189 877 1108 646 83 240 368 745 220 256 745 850 230 490 751 1064 477 982 1148 988 962 1170 1122 266
407 0 583 1573 200 898 281 951 133 647 422 1023 831 569 943 161 721 560 628 329 413 752 632 642 1000 348 413 928 642 865 854 701 873 852 282 921 795 811 425 1071 1285 965 279 97 908 767 676 731 649 934 654 119 938 986 365 645 1264 818 636 638 832 938 247 719 761 487 430 618 746 398 598 634 586 908 608 548 1128 905 129 1087 989 829 803 1011 963 644
205 583 0 1338 724 1233 804 1285 657 283 540 1357 1165 904 1277 684 839 894 368 447 531 846 377 392 1334 466 748 418 977 356 1188 1036 364 1187 321 1256 1130 1146 543 562 1049 625 803 621 399 1291 261 222 403 1268 398 643 429 1320 483 291 1598 1152 386 756 323 1272 364 1053 1284 822 258 390 237 921 360 419 920 766 335 666 619 1240 653 851 1324 1164 1138 1346 1297 409
1779 1883 1647 0 2024 2533 2104 2586 1957 1556 1535 2657 2466 2204 2577 1985 1232 2194 1641 1629 1507 1179 1650 1665 2634 1598 2048 1271 2277 1373 2489 2336 1325 2487 1700 2556 2430 2446 1532 1171 639 1062 2103 1921 1309 2591 1534 1466 1676 2569 1671 1943 1249 2621 1564 1564 2898 2452 1659 1294 1365 2572 1663 2353 2584 2122 1832 1663 1473 2221 1633 1692 2221 1099 1608 1437 1228 2540 1953 846 2624 2464 2438 2646 2598 1682
548 200 724 1714 0 1021 142 1073 110 787 562 1145 953 710 1065 71 862 700 769 469 554 892 773 783 1122 489 554 1068 647 1006 976 824 1014 993 423 1044 918 934 566 1212 1425 1105 141 147 1049 607 816 872 790 1057 794 108 1079 1108 506 786 1404 940 777 779 973 1060 387 859 600 628 571 759 887 237 739 775 727 1048 748 689 1269 1028 98 1228 1112 952 926 1134 1086 784
1057 898 1233 2223 1020 0 1119 73 972 1297 1072 148 91 816 65 1000 1371 376 1278 979 1063 1401 1282 1292 167 998 542 1577 400 1515 87 219 1523 1099 932 44 133 114 1075 1721 1935 1615 1118 936 1558 797 1325 1381 1299 56 1304 958 1588 108 1015 1295 1510 128 1286 1288 1482 162 896 965 790 466 1080 1268 1396 1003 1248 1284 832 1558 1257 1198 1778 129 968 1737 206 93 142 159 187 1294
628 281 804 1795 142 1119 0 1172 191 868 643 1244 1052 790 1164 152 942 781 849 550 634 973 853 863 1221 569 635 1149 749 1086 1075 922 1094 1073 503 1142 1016 1032 646 1292 1506 1186 63 227 1129 709 897 952 870 1155 875 189 1160 1207 586 866 1485 1039 857 859 1053 1159 468 940 703 708 652 839 967 340 819 855 807 1129 829 769 1350 1126 179 1308 1210 1050 1025 1233 1184 865
1110 951 1285 2276 1073 73 1172 0 1025 1349 1124 93 143 868 95 1053 1424 429 1331 1031 1116 1454 1335 1345 112 1051 595 1630 452 1568 140 272 1576 1151 985 95 186 167 1128 1773 1987 1667 1171 989 1611 849 1378 1433 1352 102 1356 1011 1641 61 1068 1348 1563 181 1339 1341 1535 191 949 1017 843 518 1133 1321 1448 1056 1301 1337 885 1610 1310 1251 1831 182 1021 1789 151 146 195 104 145 1346
481 133 657 1647 110 972 191 1025 0 720 496 1096 905 643 1016 120 795 634 702 402 487 825 706 716 1073 422 487 1001 716 939 928 775 947 926 356 995 869 885 499 1145 1359 1038 190 149 982 678 749 805 723 1008 728 157 1012 1060 439 719 1338 891 710 712 906 1011 320 792 671 561 504 692 820 308 672 708 660 981 681 622 1202 979 147 1161 1063 903 877 1085 1037 718
269 647 283 1246 787 1297 868 1349 720 0 603 1421 1229 967 1341 748 808 958 277 510 595 755 285 301 1398 530 812 327 1040 264 1252 1100 272 1250 385 1319 1193 1210 607 470 957 534 867 684 307 1355 170 130 312 1332 307 706 338 1384 547 199 1662 1216 294 820 231 1336 428 1117 1348 886 322 299 145 985 268 328 984 675 244 730 528 1304 717 760 1388 1227 1202 1410 1361 318
364 422 540 1225 562 1072 643 1124 496 603 0 1196 1004 743 1116 523 373 733 585 285 317 403 589 599 1173 305 587 826 815 822 1027 875 830 1025 239 1094 968 985 341 725 936 616 642 459 863 1130 632 688 606 1107 610 482 804 1159 322 602 1437 991 593 290 789 1111 203 892 1123 661 387 575 703 760 555 591 759 559 564 247 783 1079 492 738 1163 1002 977 1185 1136 601
1181 1023 1357 2347 1144 148 1244 93 1096 1421 1196 0 215 940 106 1124 1495 500 1402 1103 1187 1526 1406 1416 76 1122 666 1702 524 1639 211 343 1647 1223 1056 123 257 238 1199 1845 2059 1739 1242 1060 1682 921 1450 1505 1423 112 1428 1082 1712 71 1139 1419 1634 253 1410 1412 1606 127 1021 1089 914 590 1204 1392 1520 1128 1372 1408 957 1682 1382 1322 1903 156 1092 1861 87 217 266 67 81 1418
990 831 1165 2156 953 91 1052 143 905 1229 1004 215 0 748 135 932 1304 309 1211 911 996 1334 1215 1225 192 931 475 1510 332 1448 56 152 1455 1031 864 114 102 82 1007 1653 1867 1547 1051 869 1490 729 1258 1313 1231 126 1236 891 1521 178 948 1228 1443 97 1219 1221 1415 130 829 897 723 398 1013 1201 1328 936 1181 1217 765 1490 1190 1131 1711 98 901 1669 182 62 111 204 155 1226
728 569 904 1894 710 816 790 868 643 967 743 940 748 0 860 671 1042 477 949 650 734 1072 953 963 917 669 331 1248 559 1186 771 619 1194 322 603 838 712 729 746 1392 1606 1286 789 607 1229 956 996 1052 970 851 975 629 1259 903 686 966 734 735 957 959 1153 855 567 274 950 405 751 939 1067 907 919 955 141 1228 928 869 1449 823 639 1408 907 746 721 929 880 965
1101 943 1277 2268 1065 65 1164 95 1016 1341 1116 106 135 860 0 1044 1416 421 1323 1023 1107 1446 1327 1336 125 1042 586 1622 444 1559 132 264 1567 1143 976 86 178 158 1119 1765 1979 1659 1163 980 1602 841 1370 1425 1343 99 1348 1002 1633 73 1059 1340 1555 173 1331 1333 1526 203 941 1009 834 510 1125 1312 1440 1048 1293 1328 877 1602 1302 1242 1823 174 1013 1781 163 137 187 116 157 1338
509 161 684 1675 71 1000 152 1053 120 748 523 1124 932 671 1044 0 823 661 730 430 515 853 734 744 1101 450 515 1029 678 967 955 803 975 954 384 1023 897 913 527 1173 1386 1066 150 156 1010 638 777 832 751 1036 755 118 1040 1088 467 747 1365 919 738 740 934 1039 348 820 632 589 532 720 848 269 700 736 688 1009 709 650 1230 1007 108 1188 1091 931 905 1113 1065 745
663 721 839 922 862 1371 942 1424 795 808 373 1495 1304 1042 1416 823 0 1033 885 467 346 100 889 899 1473 437 886 523 1115 625 1327 1174 577 1325 538 1394 1268 1284 370 423 634 314 941 759 561 1429 786 718 905 1407 910 781 501 1459 402 816 1737 1291 893 144 617 1411 501 1191 1423 960 687 874 725 1059 855 890 1059 256 860 275 480 1378 791 436 1462 1302 1276 1484 1436 900
718 560 894 1885 700 376 781 429 634 958 733 500 309 477 421 661 1033 0 940 640 725 1063 944 954 477 659 203 1239 120 1176 332 179 1184 760 593 399 273 289 736 1382 1596 1276 780 597 1219 517 987 1042 960 412 965 620 1250 464 676 957 1172 296 948 950 1143 415 558 626 510 127 742 929 1057 724 910 945 494 1219 919 859 1440 383 630 1398 467 307 281 489 441 955
251 628 368 1332 769 1278 849 1331 702 277 585 1402 1211 949 1323 730 885 940 0 492 576 840 371 387 1380 511 793 412 1022 350 1234 1081 358 1232 367 1301 1175 1191 588 556 1043 619 848 666 393 1336 256 216 398 1314 393 688 423 1366 528 285 1644 1198 380 802 317 1318 410 1098 1330 867 304 385 231 966 354 413 966 761 329 711 613 1285 698 845 1369 1209 1183 1391 1343 403
271 329 447 1320 469 979 550 1031 402 510 285 1103 911 650 1023 430 467 640 492 0 277 498 496 506 1080 212 494 791 722 729 934 782 737 932 146 1001 875 892 289 820 1031 711 549 366 772 1037 539 595 513 1014 517 389 802 1066 229 509 1344 898 500 384 696 1018 110 799 1030 568 294 482 610 667 462 498 666 654 471 341 878 986 399 833 1070 909 884 1092 1043 507
355 413 531 1198 554 1063 634 1116 487 595 317 1187 996 734 1107 515 346 725 576 277 0 376 580 590 1164 296 578 799 807 813 1019 866 821 1017 230 1086 960 976 314 698 909 589 633 451 836 1121 624 679 597 1099 602 473 777 1151 313 593 1428 982 584 263 780 1102 195 883 1114 652 379 566 694 751 546 582 751 532 556 220 756 1070 483 711 1154 994 968 1176 1128 592
694 752 846 869 892 1401 973 1454 825 755 403 1526 1334 1072 1446 853 100 1063 840 498 376 0 849 864 1503 467 917 470 1145 572 1357 1204 524 1355 569 1424 1298 1314 400 370 581 261 972 789 508 1459 733 665 875 1437 870 811 448 1489 432 763 1767 1321 857 163 564 1441 531 1222 1453 990 717 862 672 1090 832 891 1089 253 807 305 427 1409 821 383 1492 1332 1307 1515 1466 881
254 632 377 1340 773 1282 853 1335 706 285 589 1406 1215 953 1327 734 889 944 371 496 580 849 0 395 1383 515 797 421 1026 358 1238 1085 366 1236 371 1305 1179 1195 592 564 1052 628 852 670 401 1340 264 224 406 1318 401 692 432 1370 532 293 1648 1202 388 805 326 1321 414 1102 1334 871 308 393 239 970 362 422 970 769 338 715 622 1289 702 854 1373 1213 1187 1395 1347 412
264 642 392 1356 783 1292 863 1345 716 301 599 1416 1225 963 1336 744 899 954 387 506 590 864 395 0 1393 525 807 436 1036 374 1248 1095 382 1246 381 1315 1189 1205 602 580 1067 643 862 680 417 1350 280 240 422 1328 417 702 447 1380 542 309 1658 1211 404 815 341 1331 424 1112 1344 881 318 409 255 980 378 437 980 785 353 725 637 1299 712 869 1383 1223 1197 1405 1357 427
1158 1000 1334 2325 1122 167 1221 112 1073 1398 1173 76 192 917 125 1101 1473 477 1380 1080 1164 1503 1383 1393 0 1099 643 1679 501 1616 188 321 1624 1200 1033 142 235 215 1176 1822 2036 1716 1220 1037 1659 898 1427 1482 1400 132 1405 1059 1690 91 1116 1397 1611 230 1388 1390 1583 104 998 1066 891 567 1182 1369 1497 1105 1350 1385 934 1659 1359 1299 1880 133 1070 1838 64 194 244 66 58 1395
290 348 466 1289 489 998 569 1051 422 530 305 1122 931 669 1042 450 437 659 511 212 296 467 515 525 1099 0 513 811 742 748 954 801 756 952 165 1021 895 911 308 789 1000 680 568 386 791 1056 559 614 532 1034 537 408 821 1086 248 528 1363 917 519 354 715 1037 130 818 1049 587 313 501 629 686 481 517 686 623 491 311 847 1005 418 802 1089 929 903 1111 1063 527
572 413 748 1738 554 542 635 595 487 812 587 666 475 331 586 515 886 203 793 494 578 917 797 807 643 513 0 1093 286 1030 498 345 1038 614 447 565 439 455 590 1236 1450 1130 633 451 1073 683 841 896 814 578 819 473 1103 630 530 810 1025 461 801 803 997 581 412 480 676 131 595 783 911 752 763 799 347 1073 773 713 1293 549 483 1252 633 473 447 655 607 809
550 928 418 962 1068 1577 1149 1630 1001 327 826 1702 1510 1248 1622 1029 523 1239 412 791 799 470 421 436 1679 811 1093 0 1321 299 1533 1380 252 1531 666 1600 1474 1490 823 186 673 249 1148 965 235 1635 305 266 447 1613 442 987 176 1665 828 335 1943 1497 430 586 291 1617 709 1398 1629 1166 603 434 281 1266 404 463 1265 391 379 728 243 1584 997 475 1668 1508 1483 1690 1642 453
801 642 977 1967 646 400 749 452 716 1040 815 524 332 559 444 677 1115 120 1022 722 807 1145 1026 1036 501 742 286 1321 0 1259 355 203 1267 842 676 422 297 313 819 1465 1679 1358 747 680 1302 422 1069 1125 1043 435 1047 702 1332 487 759 1039 1254 319 1030 1032 1226 439 640 709 416 210 824 1012 1140 629 992 1028 576 1301 1001 942 1522 407 705 1481 491 330 305 513 464 1038
487 865 356 1063 1006 1515 1086 1568 939 264 822 1639 1448 1186 1559 967 625 1176 350 729 813 572 358 374 1616 748 1030 299 1259 0 1471 1318 345 1469 604 1538 1412 1428 825 287 774 351 1085 903 336 1573 243 203 385 1551 380 925 277 1603 765 272 1880 1434 367 687 304 1554 647 1335 1566 1104 541 372 218 1203 341 401 1203 492 317 830 345 1522 935 577 1606 1446 1420 1628 1580 391
1013 854 1188 2179 976 87 1075 140 928 1252 1027 211 56 771 132 955 1327 332 1234 934 1019 1357 1238 1248 188 954 498 1533 355 1471 0 175 1478 1054 887 110 98 79 1030 1676 1890 1570 1074 892 1513 752 1281 1336 1254 123 1259 914 1544 175 971 1251 1466 93 1242 1244 1438 126 852 920 746 421 1036 1224 1351 959 1204 1240 788 1513 1213 1154 1734 94 924 1692 178 58 107 200 152 1249
860 701 1036 2026 823 219 922 272 775 1100 875 343 152 619 264 803 1174 179 1081 782 866 1204 1085 1095 321 801 345 1380 203 1318 175 0 1326 901 735 242 116 132 878 1524 1738 1418 921 739 1361 599 1128 1184 1102 255 1107 761 1391 307 818 1098 1313 139 1089 1091 1285 259 699 768 593 269 883 1071 1199 806 1051 1087 635 1361 1060 1001 1581 226 771 1540 310 150 124 332 284 1097
495 873 364 1016 1014 1523 1094 1576 947 272 830 1647 1455 1194 1567 975 577 1184 358 737 821 524 366 382 1624 756 1038 252 1267 345 1478 1326 0 1477 612 1546 1420 1436 833 240 727 303 1093 911 289 1581 251 211 393 1559 388 933 230 1611 773 280 1888 1442 375 640 312 1562 655 1343 1574 1112 548 380 226 1211 349 409 1211 445 325 782 297 1530 943 529 1614 1454 1428 1636 1588 399
1011 852 1187 2177 993 1099 1073 1151 926 1250 1025 1223 1031 322 1143 954 1325 760 1232 932 1017 1355 1236 1246 1200 952 614 1531 842 1469 1054 901 1477 0 886 1121 995 1011 1029 1675 1889 1568 1072 890 1512 1239 1279 1335 1253 1134 1257 912 1542 1186 969 1249 460 1018 1240 1242 1436 1138 850 192 1233 687 1034 1222 1350 1190 1202 1238 386 1511 1211 1152 1732 1106 922 1691 1189 1029 1004 1212 1163 1248
146 282 321 1390 423 932 503 985 356 385 239 1056 864 603 976 384 538 593 367 146 230 569 371 381 1033 165 447 666 676 604 887 735 612 886 0 955 829 845 242 810 1102 782 502 320 647 990 414 469 388 968 392 342 677 1020 182 384 1297 851 375 455 571 971 64 752 983 521 169 357 485 620 337 373 620 725 346 365 867 939 352 904 1023 863 837 1045 997 382
1080 921 1256 2246 1043 44 1142 95 995 1319 1094 123 114 838 86 1023 1394 399 1301 1001 1086 1424 1305 1315 142 1021 565 1600 422 1538 110 242 1546 1121 955 0 156 137 1098 1744 1957 1637 1141 959 1581 819 1348 1404 1322 78 1326 981 1611 91 1038 1318 1533 151 1309 1311 1505 184 919 988 813 489 1103 1291 1419 1026 1271 1307 855 1580 1280 1221 1801 152 991 1760 181 116 165 134 175 1316
954 795 1130 2120 917 133 1016 186 869 1193 968 257 102 712 178 897 1268 273 1175 875 960 1298 1179 1189 235 895 439 1474 297 1412 98 116 1420 995 829 156 0 122 972 1618 1832 1511 1015 833 1455 693 1222 1278 1196 169 1200 855 1485 221 912 1192 1407 129 1183 1185 1379 173 793 862 687 363 977 1165 1293 900 1145 1181 729 1454 1154 1095 1675 140 865 1634 224 104 114 246 198 1191
970 811 1146 2136 933 114 1032 167 885 1210 985 238 82 729 158 913 1284 289 1191 892 976 1314 1195 1205 215 911 455 1490 313 1428 79 132 1436 1011 845 137 122 0 988 1634 1848 1528 1031 849 1471 709 1238 1294 1212 150 1217 871 1501 202 928 1208 1423 120 1199 1201 1395 153 809 878 703 379 993 1181 1309 916 1161 1197 745 1471 1170 1111 1691 121 881 1650 205 85 130 227 179 1207
367 425 543 1222 566 1075 646 1128 499 607 341 1199 1007 746 1119 527 370 736 588 289 314 400 592 602 1176 308 590 823 819 825 1030 878 833 1029 242 1098 972 988 0 722 933 613 645 463 860 1133 636 691 609 1111 614 485 801 1163 325 605 1440 994 596 287 792 1114 207 895 1126 664 390 578 706 763 558 594 763 556 568 244 780 1082 495 735 1166 1006 980 1188 1140 604
693 1071 562 861 1212 1721 1292 1773 1145 470 725 1845 1653 1392 1765 1173 423 1382 556 820 698 370 564 580 1822 789 1236 186 1465 287 1676 1524 240 1675 810 1744 1618 1634 722 0 573 149 1291 1109 223 1779 449 381 591 1757 586 1131 164 1808 755 478 2086 1640 573 485 280 1760 853 1541 1772 1310 746 578 387 1409 547 607 1409 290 523 628 143 1728 1141 375 1812 1652 1626 1834 1785 596
1180 1285 1049 330 1425 1935 1506 1987 1359 957 936 2059 1867 1606 1979 1386 634 1596 1043 1031 909 581 1052 1067 2036 1000 1450 673 1679 774 1890 1738 727 1889 1102 1957 1832 1848 933 573 0 463 1505 1322 710 1993 936 868 1078 1970 1073 1345 651 2022 965 965 2300 1854 1060 696 767 1974 1064 1755 1986 1524 1234 1065 875 1623 1034 1094 1622 501 1010 839 630 1942 1355 248 2026 1865 1840 2048 1999 1084
757 965 625 752 1105 1615 1186 1667 1038 534 616 1739 1547 1286 1659 1066 314 1276 619 711 589 261 628 643 1716 680 1130 249 1358 351 1570 1418 303 1568 782 1637 1511 1528 613 149 463 0 1185 1002 287 1673 512 444 654 1650 649 1024 227 1702 645 542 1980 1534 636 376 343 1654 744 1435 1666 1204 810 641 451 1303 611 670 1302 181 586 519 206 1622 1035 265 1706 1545 1520 1728 1679 660
627 279 803 1793 141 1118 63 1171 190 867 642 1242 1051 789 1163 150 941 780 848 549 633 972 852 862 1220 568 633 1148 748 1085 1074 921 1093 1072 502 1141 1015 1031 645 1291 1505 1185 0 226 1128 708 896 951 869 1154 874 188 1158 1206 585 865 1484 1038 856 858 1052 1158 467 939 702 707 650 838 966 339 818 854 806 1128 828 768 1348 1125 178 1307 1209 1049 1023 1231 1183 864
445 97 621 1611 147 936 227 989 149 684 459 1060 869 607 980 156 759 597 666 366 451 789 670 680 1037 386 451 965 680 903 892 739 911 890 320 959 833 849 463 1109 1322 1002 226 0 946 714 713 769 687 972 691 135 976 1024 403 683 1301 855 674 676 870 975 284 756 707 525 468 656 784 344 636 672 624 945 645 586 1166 943 145 1125 1027 867 841 1049 1001 681
530 908 399 999 1049 1558 1129 1611 982 307 863 1682 1490 1229 1602 1010 561 1219 393 772 836 508 401 417 1659 791 1073 235 1302 336 1513 1361 289 1512 647 1581 1455 1471 860 223 710 287 1128 946 0 1616 286 246 428 1594 423 968 213 1646 808 315 1923 1477 410 623 329 1597 690 1378 1609 1147 584 415 261 1246 384 444 1246 428 360 766 281 1565 978 512 1649 1489 1463 1671 1623 434
1114 767 1290 2281 606 797 709 849 677 1354 1129 921 729 956 841 638 1428 517 1335 1036 1120 1459 1339 1349 898 1055 683 1635 422 1572 752 599 1580 1239 989 819 693 709 1132 1778 1992 1672 708 713 1615 0 1383 1438 1356 832 1361 675 1646 884 1072 1352 1651 716 1343 1345 1539 836 954 1106 167 606 1137 1325 1453 589 1305 1341 973 1615 1315 1255 1836 804 665 1794 887 727 702 910 861 1351
298 676 261 1225 816 1325 897 1378 749 170 632 1450 1258 996 1370 777 786 987 256 539 624 733 264 280 1427 559 841 305 1069 243 1281 1128 251 1279 414 1348 1222 1238 636 449 936 512 896 713 286 1383 0 109 291 1361 286 735 316 1413 576 178 1691 1245 273 849 210 1365 457 1146 1377 914 351 278 124 1014 247 306 1013 654 222 759 506 1333 745 738 1416 1256 1231 1439 1390 296
353 731 222 1157 872 1381 952 1433 805 130 688 1505 1313 1052 1425 832 718 1042 216 595 679 665 224 240 1482 614 896 266 1125 203 1336 1184 211 1335 469 1404 1278 1294 691 381 868 444 951 769 246 1439 109 0 251 1416 246 791 277 1468 631 138 1746 1300 233 781 170 1420 512 1201 1432 970 406 238 84 1069 207 266 1068 585 183 814 438 1388 801 670 1472 1312 1286 1494 1445 256
271 649 403 1367 790 1299 870 1352 723 312 606 1423 1231 970 1343 751 905 960 398 513 597 875 406 422 1400 532 814 447 1043 385 1254 1102 393 1253 388 1322 1196 1212 609 591 1078 654 869 687 428 1357 291 251 0 1335 428 709 458 1387 549 320 1664 1218 415 822 352 1338 431 1119 1350 888 324 420 266 987 389 448 987 796 364 732 648 1306 719 880 1390 1230 1204 1412 1364 438
1093 934 1268 2259 1056 56 1155 102 1008 1332 1107 112 126 851 99 1036 1407 412 1314 1014 1099 1437 1318 1328 132 1034 578 1613 435 1551 123 255 1559 1134 968 78 169 150 1111 1757 1970 1650 1154 972 1594 832 1361 1416 1335 0 1339 994 1624 80 1051 1331 1546 164 1322 1324 1518 197 932 1001 826 501 1116 1304 1432 1039 1284 1320 868 1593 1293 1234 1814 165 1004 1772 170 129 178 123 164 1329
276 654 398 1362 794 1304 875 1356 728 307 610 1428 1236 975 1348 755 910 965 393 517 602 870 401 417 1405 537 819 442 1047 380 1259 1107 388 1257 392 1326 1200 1217 614 586 1073 649 874 691 423 1362 286 246 428 1339 0 714 453 1391 554 315 1669 1223 410 827 347 1343 435 1124 1355 893 329 415 261 992 384 443 991 791 359 737 643 1311 724 875 1395 1234 1209 1417 1368 433
467 119 643 1633 108 958 189 1011 157 706 482 1082 891 629 1002 118 781 620 688 389 473 811 692 702 1059 408 473 987 702 925 914 761 933 912 342 981 855 871 485 1131 1345 1024 188 135 968 675 735 791 709 994 714 0 998 1046 425 705 1324 877 696 698 892 997 306 778 669 547 490 678 806 306 658 694 646 967 667 608 1188 965 145 1147 1049 889 863 1071 1023 704
561 938 429 940 1079 1588 1160 1641 1012 338 804 1712 1521 1259 1633 1040 501 1250 423 802 777 448 432 447 1690 821 1103 176 1332 277 1544 1391 230 1542 677 1611 1485 1501 801 164 651 227 1158 976 213 1646 316 277 458 1624 453 998 0 1676 833 346 1954 1508 440 564 270 1628 720 1408 1640 1177 614 445 292 1277 415 474 1276 369 390 706 221 1595 1008 453 1679 1519 1493 1701 1653 464
1145 986 1320 2311 1108 108 1207 61 1060 1384 1159 71 178 903 73 1088 1459 464 1366 1066 1151 1489 1370 1380 91 1086 630 1665 487 1603 175 307 1611 1186 1020 91 221 202 1163 1808 2022 1702 1206 1024 1646 884 1413 1468 1387 80 1391 1046 1676 0 1103 1383 1598 216 1374 1376 1570 169 984 1052 878 553 1168 1356 1483 1091 1336 1372 920 1645 1345 1286 1866 198 1056 1824 129 181 230 82 123 1381
307 365 483 1254 506 1015 586 1068 439 547 322 1139 948 686 1059 467 402 676 528 229 313 432 532 542 1116 248 530 828 759 765 971 818 773 969 182 1038 912 928 325 755 965 645 585 403 808 1073 576 631 549 1051 554 425 833 1103 0 545 1380 934 536 319 732 1054 147 835 1066 604 330 518 646 703 498 534 703 588 508 276 812 1022 435 767 1106 946 920 1128 1080 544
268 645 291 1254 786 1295 866 1348 719 199 602 1419 1228 966 1340 747 816 957 285 509 593 763 293 309 1397 528 810 335 1039 272 1251 1098 280 1249 384 1318 1192 1208 605 478 965 542 865 683 315 1353 178 138 320 1331 315 705 346 1383 545 0 1661 1215 302 819 239 1335 427 1115 1347 884 321 307 153 983 276 336 983 683 252 728 536 1302 715 768 1386 1226 1200 1408 1360 325
1422 1264 1598 2589 1404 1510 1485 1563 1338 1662 1437 1634 1443 734 1555 1365 1737 1172 1644 1344 1428 1767 1648 1658 1611 1363 1025 1943 1254 1880 1466 1313 1888 460 1297 1533 1407 1423 1440 2086 2300 1980 1484 1301 1923 1651 1691 1746 1664 1546 1669 1324 1954 1598 1380 1661 0 1430 1652 1654 1847 1549 1262 603 1644 1099 1446 1633 1761 1602 1614 1649 798 1923 1623 1563 2144 1517 1334 2102 1601 1441 1415 1623 1575 1659
976 818 1152 2143 940 128 1039 181 891 1216 991 253 97 735 173 919 1291 296 1198 898 982 1321 1202 1211 230 917 461 1497 319 1434 93 139 1442 1018 851 151 129 120 994 1640 1854 1534 1038 855 1477 716 1245 1300 1218 164 1223 877 1508 216 934 1215 1430 0 1206 1208 1401 168 816 884 709 385 1000 1187 1315 923 1168 1203 752 1477 1177 1117 1698 135 888 1656 219 99 137 241 193 1213
258 636 386 1349 777 1286 857 1339 710 294 593 1410 1219 957 1331 738 893 948 380 500 584 857 388 404 1388 519 801 430 1030 367 1242 1089 375 1240 375 1309 1183 1199 596 573 1060 636 856 674 410 1344 273 233 415 1322 410 696 440 1374 536 302 1652 1206 0 809 334 1325 418 1106 1338 875 312 402 248 974 371 430 974 778 347 719 631 1293 706 862 1377 1217 1191 1399 1351 420
580 638 756 985 779 1288 859 1341 712 820 290 1412 1221 959 1333 740 144 950 802 384 263 163 805 815 1390 354 803 586 1032 687 1244 1091 640 1242 455 1311 1185 1201 287 485 696 376 858 676 623 1346 849 781 822 1324 827 698 564 1376 319 819 1654 1208 809 0 680 1328 418 1108 1340 877 604 791 787 976 771 807 976 319 781 192 543 1295 708 498 1379 1219 1193 1401 1353 817
454 832 323 1056 973 1482 1053 1535 906 231 789 1606 1415 1153 1526 934 617 1143 317 696 780 564 326 341 1583 715 997 291 1226 304 1438 1285 312 1436 571 1505 1379 1395 792 280 767 343 1052 870 329 1540 210 170 352 1518 347 892 270 1570 732 239 1847 1401 334 680 0 1521 614 1302 1533 1071 508 339 185 1170 308 368 1170 485 284 822 337 1489 902 569 1573 1413 1387 1595 1547 358
1096 938 1272 2263 1059 162 1159 191 1011 1336 1111 127 130 855 203 1039 1411 415 1318 1018 1102 1441 1321 1331 104 1037 581 1617 439 1554 126 259 1562 1138 971 184 173 153 1114 1760 1974 1654 1158 975 1597 836 1365 1420 1338 197 1343 997 1628 169 1054 1335 1549 168 1325 1328 1521 0 936 1004 829 505 1120 1307 1435 1043 1287 1323 872 1597 1297 1237 1818 136 1007 1776 94 132 182 116 68 1333
189 247 364 1353 387 896 468 949 320 428 203 1021 829 567 941 348 501 558 410 110 195 531 414 424 998 130 412 709 640 647 852 699 655 850 64 919 793 809 207 853 1064 744 467 284 690 954 457 512 431 932 435 306 720 984 147 427 1262 816 418 418 614 936 0 717 948 485 212 400 528 585 380 416 584 687 389 330 910 904 316 866 987 827 802 1010 961 425
877 719 1053 2043 859 965 940 1017 792 1117 892 1089 897 274 1009 820 1191 626 1098 799 883 1222 1102 1112 1066 818 480 1398 709 1335 920 768 1343 192 752 988 862 878 895 1541 1755 1435 939 756 1378 1106 1146 1201 1119 1001 1124 778 1408 1052 835 1115 603 884 1106 1108 1302 1004 717 0 1099 554 900 1088 1216 1057 1068 1104 291 1378 1078 1018 1599 972 788 1557 1056 896 870 1078 1029 1114
1108 760 1283 2274 599 790 702 843 670 1347 1122 914 723 950 834 631 1422 510 1329 1029 1114 1452 1333 1343 891 1049 676 1628 416 1566 746 593 1574 1233 983 813 687 703 1126 1772 1985 1665 701 707 1609 167 1376 1431 1350 826 1354 668 1639 878 1066 1346 1644 709 1337 1339 1533 829 947 1099 0 600 1131 1319 1447 583 1299 1335 966 1608 1308 1249 1829 797 658 1787 881 721 695 903 855 1344
646 487 822 1812 628 466 708 518 561 886 661 590 398 405 510 589 960 127 867 568 652 990 871 881 567 587 131 1166 210 1104 421 269 1112 687 521 489 363 379 664 1310 1524 1204 707 525 1147 606 914 970 888 501 893 547 1177 553 604 884 1099 385 875 877 1071 505 485 554 600 0 669 857 985 813 837 873 421 1147 846 787 1367 473 557 1326 557 397 371 579 530 883
83 430 258 1522 571 1080 652 1133 504 322 387 1204 1013 751 1125 532 687 742 304 294 379 717 308 318 1182 313 595 603 824 541 1036 883 548 1034 169 1103 977 993 390 746 1234 810 650 468 584 1138 351 406 324 1116 329 490 614 1168 330 321 1446 1000 312 604 508 1120 212 900 1132 669 0 294 421 769 274 310 768 873 283 513 804 1087 500 1036 1171 1011 985 1193 1145 319
240 618 390 1354 759 1268 839 1321 692 299 575 1392 1201 939 1312 720 874 929 385 482 566 862 393 409 1369 501 783 434 1012 372 1224 1071 380 1222 357 1291 1165 1181 578 578 1065 641 838 656 415 1326 278 238 420 1304 415 678 445 1356 518 307 1633 1187 402 791 339 1307 400 1088 1319 857 294 0 253 956 376 435 956 783 351 701 635 1275 688 867 1359 1199 1173 1381 1333 425
368 746 237 1163 887 1396 967 1448 820 145 703 1520 1328 1067 1440 848 725 1057 231 610 694 672 239 255 1497 629 911 281 1140 218 1351 1199 226 1350 485 1419 1293 1309 706 387 875 451 966 784 261 1454 124 84 266 1432 261 806 292 1483 646 153 1761 1315 248 787 185 1435 528 1216 1447 985 421 253 0 1084 222 282 1084 592 198 829 445 1403 816 677 1487 1327 1301 1509 1461 271
592 244 768 1758 84 1018 186 1071 155 831 607 1142 951 754 1063 115 906 738 813 514 598 936 817 827 1119 533 598 1112 644 1050 974 821 1058 1037 467 1041 915 931 610 1256 1470 1150 185 191 1093 604 860 916 834 1054 839 152 1123 1106 550 830 1449 938 821 823 1017 1057 431 903 597 672 615 803 931 0 783 819 771 1092 792 733 1313 1025 142 1272 1109 949 923 1131 1083 829
220 598 360 1323 739 1248 819 1301 672 268 555 1372 1181 919 1293 700 855 910 354 462 546 832 362 378 1350 481 763 404 992 341 1204 1051 349 1202 337 1271 1145 1161 558 547 1034 611 818 636 384 1306 247 207 389 1284 384 658 415 1336 498 276 1614 1168 371 771 308 1287 380 1068 1300 837 274 376 222 936 0 405 936 752 321 681 605 1255 668 837 1339 1179 1153 1361 1313 394
256 634 419 1382 775 1284 855 1337 708 328 591 1408 1217 955 1328 736 890 945 413 498 582 891 422 437 1385 517 799 463 1028 401 1240 1087 409 1238 373 1307 1181 1197 594 607 1094 670 854 672 444 1342 306 266 448 1320 443 694 474 1372 534 336 1649 1203 430 807 368 1323 416 1104 1335 873 310 435 282 972 405 0 972 811 380 717 664 1291 704 896 1375 1215 1189 1397 1349 454
745 586 920 1911 727 832 807 885 660 984 759 957 765 141 877 688 1059 494 966 666 751 1089 970 980 934 686 347 1265 576 1203 788 635 1211 386 620 855 729 745 763 1409 1622 1302 806 624 1246 973 1013 1068 987 868 991 646 1276 920 703 983 798 752 974 976 1170 872 584 291 966 421 768 956 1084 924 936 972 0 1245 945 886 1466 839 656 1424 923 763 737 945 897 981
850 908 766 790 1048 1558 1129 1610 981 675 559 1682 1490 1228 1602 1009 256 1219 761 654 532 253 769 785 1659 623 1073 391 1301 492 1513 1361 445 1511 725 1580 1454 1471 556 290 501 181 1128 945 428 1616 654 585 796 1593 791 967 369 1645 588 683 1923 1477 778 319 485 1597 687 1378 1609 1147 873 783 592 1246 752 811 1245 0 727 462 348 1565 977 303 1649 1488 1463 1671 1622 801
230 608 335 1299 748 1257 829 1310 681 244 564 1382 1190 928 1302 709 860 919 329 471 556 807 338 353 1359 491 773 379 1001 317 1213 1060 325 1211 346 1280 1154 1170 568 523 1010 586 828 645 360 1315 222 183 364 1293 359 667 390 1345 508 252 1623 1177 347 781 284 1297 389 1078 1309 846 283 351 198 946 321 380 945 727 0 691 580 1265 677 812 1348 1188 1163 1371 1322 370
490 548 666 1127 689 1198 769 1251 622 730 247 1322 1131 869 1242 650 275 859 711 341 220 305 715 725 1299 311 713 728 942 830 1154 1001 782 1152 365 1221 1095 1111 244 628 839 519 768 586 766 1256 759 814 732 1234 737 608 706 1286 276 728 1563 1117 719 192 822 1237 330 1018 1249 787 513 701 829 886 681 717 886 462 691 0 685 1205 618 641 1289 1129 1103 1311 1263 727
751 1128 619 919 1269 1778 1350 1831 1202 528 783 1903 1711 1449 1823 1230 480 1440 613 878 756 427 622 637 1880 847 1293 243 1522 345 1734 1581 297 1732 867 1801 1675 1691 780 143 630 206 1348 1166 281 1836 506 438 648 1814 643 1188 221 1866 812 536 2144 1698 631 543 337 1818 910 1599 1830 1367 804 635 445 1467 605 664 1466 348 580 685 0 1785 1198 432 1869 1709 1683 1891 1843 654
1064 905 1240 2230 1027 129 1126 182 979 1304 1079 156 98 823 174 1007 1378 383 1285 986 1070 1409 1289 1299 133 1005 549 1584 407 1522 94 226 1530 1106 939 152 140 121 1082 1728 1942 1622 1125 943 1565 804 1333 1388 1306 165 1311 965 1595 198 1022 1302 1517 135 1293 1295 1489 136 904 972 797 473 1087 1275 1403 1011 1255 1291 839 1565 1265 1205 1785 0 975 1744 122 100 149 145 96 1301
477 129 653 1643 98 968 179 1021 147 717 492 1092 901 639 1013 108 791 630 698 399 483 821 702 712 1070 418 483 997 705 935 924 771 943 922 352 991 865 881 495 1141 1355 1035 178 145 978 666 745 801 719 1004 724 145 1008 1056 435 715 1334 888 706 708 902 1007 316 788 659 557 500 688 816 296 668 704 656 977 677 618 1198 975 0 1157 1059 899 873 1081 1033 714
982 1087 851 537 1228 1737 1308 1789 1161 760 738 1861 1669 1408 1781 1188 436 1398 845 833 711 383 854 869 1838 802 1252 475 1481 577 1692 1540 529 1691 904 1760 1634 1650 735 375 248 265 1307 1125 512 1795 738 670 880 1772 875 1147 453 1824 767 768 2102 1656 862 498 569 1776 866 1557 1788 1326 1036 867 677 1425 837 896 1424 303 812 641 432 1744 1157 0 1828 1668 1642 1850 1801 886
1148 989 1324 2314 1111 206 1210 151 1063 1388 1163 87 182 907 163 1091 1462 467 1369 1070 1154 1492 1373 1383 64 1089 633 1668 491 1606 178 310 1614 1189 1023 181 224 205 1166 1812 2026 1706 1209 1027 1649 887 1416 1472 1390 170 1395 1049 1679 129 1106 1386 1601 219 1377 1379 1573 94 987 1056 881 557 1171 1359 1487 1094 1339 1375 923 1649 1348 1289 1869 122 1059 1828 0 184 233 76 48 1385
988 829 1164 2154 951 93 1050 146 903 1227 1002 217 62 746 137 931 1302 307 1209 909 994 1332 1213 1223 194 929 473 1508 330 1446 58 150 1454 1029 863 116 104 85 1006 1652 1865 1545 1049 867 1489 727 1256 1312 1230 129 1234 889 1519 181 946 1226 1441 99 1217 1219 1413 132 827 896 721 397 1011 1199 1327 934 1179 1215 763 1488 1188 1129 1709 100 899 1668 184 0 113 206 158 1224
962 803 1138 2128 925 142 1025 195 877 1202 977 266 111 721 187 905 1276 281 1183 884 968 1307 1187 1197 244 903 447 1483 305 1420 107 124 1428 1004 837 165 114 130 980 1626 1840 1520 1023 841 1463 702 1231 1286 1204 178 1209 863 1493 230 920 1200 1415 137 1191 1193 1387 182 802 870 695 371 985 1173 1301 909 1153 1189 737 1463 1163 1103 1683 149 873 1642 233 113 0 255 207 1199
1170 1011 1346 2336 1133 159 1233 104 1085 1410 1185 67 204 929 116 1113 1484 489 1391 1092 1176 1515 1395 1405 66 1111 655 1690 513 1628 200 332 1636 1212 1045 134 246 227 1188 1834 2048 1728 1231 1049 1671 910 1439 1494 1412 123 1417 1071 1701 82 1128 1408 1623 241 1399 1401 1595 116 1010 1078 903 579 1193 1381 1509 1117 1361 1397 945 1671 1371 1311 1891 145 1081 1850 76 206 255 0 70 1407
1122 963 1297 2288 1085 187 1184 145 1037 1361 1136 81 155 880 157 1065 1436 441 1343 1043 1128 1466 1347 1357 58 1063 607 1642 464 1580 152 284 1588 1163 997 175 198 179 1140 1785 1999 1679 1183 1001 1623 861 1390 1445 1364 164 1368 1023 1653 123 1080 1360 1575 193 1351 1353 1547 68 961 1029 855 530 1145 1333 1461 1068 1313 1349 897 1622 1322 1263 1843 96 1033 1801 48 158 207 70 0 1358
266 644 409 1372 784 1294 865 1346 718 318 601 1418 1226 965 1338 745 900 955 403 507 592 881 412 427 1395 527 809 453 1038 391 1249 1097 399 1248 382 1316 1191 1207 604 596 1084 660 864 681 434 1352 296 256 438 1329 433 704 464 1381 544 325 1659 1213 420 817 358 1333 425 1114 1345 883 319 425 271 982 394 454 981 801 370 727 654 1301 714 886 1385 1224 1199 1407 1358 0
EOF