NAME : tsp_problem
TYPE : TSP
DIMENSION : 22
EDGE_WEIGHT_TYPE : EXPLICIT
EDGE_WEIGHT_FORMAT : FULL_MATRIX
EDGE_WEIGHT_SECTION
0 1265 470 665 1236 937 233 603 1434 211 412 465 306 635 526 556 139 465 755 675 1431 186
1265 0 1705 1428 54 1700 1400 1838 2669 1378 1176 1699 1541 1399 1290 1320 1374 1229 1519 1910 2665 1420
470 1705 0 1105 1676 1377 673 209 1313 651 852 307 273 1076 966 996 352 905 1196 769 1309 477
665 1428 1105 0 1400 318 800 1238 2069 778 308 1099 940 74 163 159 774 342 137 1310 2065 820
1236 54 1676 1400 0 1672 1371 1809 2640 1349 1147 1671 1512 1370 1261 1291 1345 1200 1490 1881 2636 1392
937 1700 1377 318 1672 0 1072 1510 2341 1050 580 1371 1212 343 432 429 1046 614 205 1582 2337 1092
233 1400 673 800 1371 1072 0 806 1637 135 547 667 509 771 662 691 342 600 891 878 1633 389
603 1838 209 1238 1809 1510 806 0 1167 784 985 198 373 1208 1099 1129 485 1038 1328 623 1163 610
1737 2971 1615 2371 2942 2643 1939 1469 0 1917 2118 1604 1780 2342 2233 2262 1696 2172 2462 1126 332 1626
211 1378 651 778 1349 1050 135 784 1615 0 525 645 486 749 639 669 320 578 869 856 1611 366
412 1176 852 308 1147 580 547 985 1816 525 0 846 688 278 169 199 521 108 398 1057 1812 568
465 1699 307 1099 1671 1371 667 198 1302 645 846 0 267 1070 961 991 346 900 1190 758 1299 471
306 1541 273 940 1512 1212 509 373 1477 486 688 267 0 911 802 832 187 741 1031 802 1474 312
635 1399 1076 74 1370 343 771 1208 2039 749 278 1070 911 0 172 184 745 313 162 1281 2036 791
526 1290 966 163 1261 432 662 1099 1930 639 169 961 802 172 0 92 635 204 251 1171 1927 682
556 1320 996 159 1291 429 691 1129 1960 669 199 991 832 184 92 0 665 233 248 1201 1956 712
139 1374 352 774 1345 1046 342 485 1394 320 521 346 187 745 635 665 0 574 864 635 1390 146
465 1229 905 342 1200 614 600 1038 1869 578 108 900 741 313 204 233 574 0 433 1110 1866 621
755 1519 1196 137 1490 205 891 1328 2159 869 398 1190 1031 162 251 248 864 433 0 1401 2156 911
675 1910 769 1310 1881 1582 878 623 824 856 1057 758 802 1281 1171 1201 635 1110 1401 0 820 564
1740 2975 1619 2375 2946 2647 1943 1473 339 1921 2122 1608 1784 2346 2236 2266 1700 2175 2466 1130 0 1629
186 1420 477 820 1392 1092 389 610 1323 366 568 471 312 791 682 712 146 621 911 564 1320 0
EOF