NAME : tsp_problem
TYPE : TSP
DIMENSION : 32
EDGE_WEIGHT_TYPE : EXPLICIT
EDGE_WEIGHT_FORMAT : FULL_MATRIX
EDGE_WEIGHT_SECTION
0 2104 1598 1564 2545 1309 2122 2577 2578 2336 2524 2533 2621 1222 1650 1979 2540 1729 1625 2377 2081 1663 2594 1466 2556 2801 1171 1985 1473 1802 1372 1700
1795 0 569 586 1131 1129 708 1164 696 922 1111 1119 1207 1232 853 161 1126 532 840 963 41 468 1181 952 1142 1387 1292 152 967 606 1054 503
1289 569 0 248 1010 791 587 1042 1043 801 989 998 1086 840 515 444 1005 194 502 842 546 130 1059 614 1021 1266 789 450 629 268 716 165
1254 586 248 0 1027 808 604 1059 1060 818 1006 1015 1103 805 532 461 1022 211 519 859 563 147 1076 631 1038 1283 755 467 646 285 733 182
2235 1131 1010 1027 0 1570 478 179 796 231 1148 134 222 1673 1294 1006 141 973 1281 196 1109 908 195 1393 157 1424 1733 1012 1408 1047 1495 944
999 1129 791 808 1570 0 1147 1602 1603 1361 1549 1558 1646 185 401 1003 1565 634 377 1402 1106 690 1619 246 1581 1826 223 1010 261 554 335 647
1812 708 587 604 478 1147 0 510 594 269 725 466 553 1250 871 583 473 550 858 310 686 485 527 970 489 1001 1310 589 985 624 1072 521
2268 1164 1042 1059 179 1602 510 0 828 264 1181 65 73 1705 1327 1038 174 1005 1313 228 1141 941 91 1425 86 1457 1765 1044 1440 1079 1528 976
2268 696 1042 1059 796 1602 594 828 0 587 1264 784 871 1705 1326 634 791 1005 1313 628 673 941 845 1425 806 1540 1765 625 1440 1079 1527 976
2026 922 801 818 231 1361 269 264 587 0 939 219 307 1464 1085 797 226 764 1072 63 900 699 280 1184 242 1215 1524 803 1199 838 1286 735
2215 1111 989 1006 1148 1549 725 1181 1264 939 0 1136 1224 1652 1274 985 1143 953 1260 980 1088 888 1197 1372 1159 436 1712 991 1387 1026 1475 923
2223 1119 998 1015 134 1558 466 65 784 219 1136 0 108 1661 1282 994 129 961 1269 184 1097 896 82 1381 44 1412 1721 1000 1396 1035 1483 932
2311 1207 1086 1103 222 1646 553 73 871 307 1224 108 0 1748 1370 1081 198 1049 1356 271 1184 984 56 1468 91 1500 1808 1088 1483 1122 1571 1020
912 1232 840 805 1673 185 1250 1705 1706 1464 1652 1661 1748 0 504 1106 1668 737 479 1505 1209 792 1722 342 1683 1928 136 1112 349 656 248 749
1340 853 515 532 1294 401 871 1327 1327 1085 1274 1282 1370 504 0 728 1289 358 355 1126 830 414 1343 224 1305 1550 564 734 239 278 327 371
1669 161 444 461 1006 1003 583 1038 635 797 985 994 1081 1106 728 0 1001 407 714 838 138 342 1055 826 1017 1262 1166 90 841 480 929 377
2230 1126 1005 1022 141 1565 473 174 791 226 1143 129 198 1668 1289 1001 0 968 1276 191 1104 904 190 1388 152 1420 1728 1007 1403 1042 1490 939
1420 532 194 211 973 634 550 1005 1006 764 953 961 1049 737 358 407 968 0 345 805 509 93 1022 457 984 1229 797 413 472 111 559 128
1316 840 502 519 1281 377 858 1313 1314 1072 1260 1269 1356 479 355 714 1276 345 0 1113 817 400 1330 200 1291 1536 540 720 215 264 302 357
2067 963 842 859 196 1402 310 228 628 63 980 184 271 1505 1126 838 191 805 1113 0 941 740 245 1225 207 1256 1565 844 1240 879 1327 776
1772 41 546 563 1109 1106 686 1141 674 900 1088 1097 1184 1209 830 138 1104 509 817 941 0 445 1158 929 1119 1364 1269 129 944 583 1031 480
1353 468 130 147 908 690 485 941 942 699 888 896 984 792 414 342 904 93 400 740 445 0 958 512 919 1164 853 348 528 167 615 64
2285 1181 1059 1076 195 1619 527 91 845 280 1197 82 56 1722 1343 1055 190 1022 1330 245 1158 958 0 1442 103 1474 1782 1061 1457 1096 1544 993
1157 952 614 631 1393 246 970 1425 1426 1184 1372 1381 1468 342 224 826 1388 457 200 1225 929 512 1442 0 1404 1649 381 832 84 376 171 469
2246 1142 1021 1038 157 1581 489 86 806 242 1159 44 91 1683 1305 1017 152 984 1291 207 1119 919 103 1404 0 1435 1744 1023 1419 1058 1506 955
2491 1387 1266 1283 1424 1826 1001 1457 1540 1215 436 1412 1500 1928 1550 1262 1420 1229 1536 1256 1364 1164 1474 1649 1435 0 1989 1268 1664 1303 1751 1200
861 1292 789 755 1733 223 1310 1765 1766 1524 1712 1721 1808 136 564 1166 1728 797 540 1565 1269 853 1782 381 1744 1989 0 1173 387 717 286 810
1675 152 450 467 1012 1010 589 1044 625 803 991 1000 1088 1112 734 90 1007 413 720 844 129 348 1061 832 1023 1268 1173 0 848 487 935 384
1163 967 629 646 1408 261 985 1440 1441 1199 1387 1396 1483 349 239 841 1403 472 215 1240 944 528 1457 84 1419 1664 387 848 0 392 186 485
1492 606 268 285 1047 554 624 1079 1080 838 1026 1035 1122 656 278 480 1042 111 264 879 583 167 1096 376 1058 1303 717 487 392 0 479 124
1062 1054 716 733 1495 335 1072 1528 1528 1286 1475 1483 1571 248 327 929 1490 559 302 1327 1031 615 1544 171 1506 1751 286 935 186 479 0 572
1390 503 165 182 944 647 521 976 977 735 923 932 1020 749 371 377 939 128 357 776 480 64 993 469 955 1200 810 384 485 124 572 0
EOF