NAME : tsp_problem
TYPE : TSP
DIMENSION : 72
EDGE_WEIGHT_TYPE : EXPLICIT
EDGE_WEIGHT_FORMAT : FULL_MATRIX
EDGE_WEIGHT_SECTION
0 745 1203 282 859 637 612 1544 1291 1359 1143 1395 1407 327 188 268 289 1283 369 1028 1436 627 255 827 1528 1398 465 338 241 849 873 1281 1564 1352 401 617 1464 324 542 1431 211 930 1336 305 355 933 309 1479 417 1491 863 1128 528 1553 1260 1707 1113 701 573 274 1805 750 790 993 673 647 412 711 1437 1553 1440 435
745 0 1284 564 490 268 388 1174 921 989 773 1025 1038 773 607 826 735 914 435 659 1066 708 547 458 1159 1028 367 695 563 480 216 912 1194 983 586 973 1095 795 529 1061 769 561 967 577 409 564 604 1109 404 1121 494 758 237 1183 890 1338 1194 289 439 558 1435 311 420 624 303 277 362 342 1067 1184 1070 340
1329 1410 0 1555 1859 1637 1075 2543 2290 2358 2142 2395 2407 1155 1461 1237 1117 2283 1642 2028 2435 752 1528 1827 2528 2398 1736 1077 1514 1849 1343 2281 2563 2352 968 940 2464 1177 1005 2430 1289 1930 2336 1578 1628 1933 1582 2478 1690 2490 1863 2127 1606 2552 2259 2707 242 1164 1036 1547 2804 1438 1789 1993 1504 1646 1685 1538 2436 2553 2439 1708
282 564 1429 0 679 457 837 1363 1110 1178 962 1214 1227 431 283 363 513 1103 300 848 1255 852 350 647 1347 1217 284 563 337 669 692 1101 1383 1172 627 842 1284 420 768 1250 306 750 1156 400 274 752 405 1298 269 1310 683 947 347 1372 1079 1527 1339 812 798 370 1624 569 609 812 492 466 231 531 1256 1373 1259 255
859 490 1733 679 0 281 837 1073 820 888 672 924 936 1008 722 941 1091 812 550 557 964 1157 662 145 1057 927 482 1141 677 145 618 810 1092 881 1035 1420 993 997 977 960 884 98 865 692 524 101 719 1007 519 659 147 296 352 1081 788 1236 1643 738 888 673 1334 495 129 161 418 243 477 456 965 1082 968 455
637 268 1511 457 281 0 615 965 712 780 564 816 829 786 500 719 869 705 328 450 857 935 440 249 950 819 260 919 455 271 396 703 985 774 813 1198 886 775 755 852 662 352 758 470 302 355 497 900 297 912 285 549 130 974 681 1129 1421 516 666 451 1226 273 211 415 196 102 255 234 858 975 861 233
612 388 949 837 837 615 0 1521 1268 1336 1120 1372 1384 438 744 519 400 1261 782 1006 1413 373 811 804 1505 1375 713 360 797 826 321 1258 1541 1330 250 638 1441 460 243 1408 572 907 1313 861 756 910 865 1456 750 1468 840 1105 584 1530 1237 1684 859 142 193 830 1782 415 767 970 482 624 709 516 1414 1530 1417 687
1544 1174 2418 1363 1073 965 1521 0 271 233 423 192 195 1693 1406 1625 1776 288 1234 570 138 1841 1347 1040 77 189 1166 1825 1362 1063 1302 309 47 218 1719 2105 151 1682 1662 1241 1569 1125 238 1377 1209 1116 1403 145 1203 894 1077 1108 1036 58 1069 1517 2328 1423 1572 1358 1615 1179 1003 1206 1102 927 1162 1141 1246 58 125 1139
1291 921 2165 1110 820 712 1268 271 0 86 170 122 134 1440 1153 1372 1523 35 981 317 163 1588 1094 787 255 125 913 1572 1109 810 1049 56 291 79 1466 1852 191 1429 1409 988 1316 872 63 1124 956 863 1150 206 950 641 823 855 783 279 816 1264 2075 1170 1319 1105 1362 926 750 953 849 674 908 888 993 280 166 886
1359 989 2233 1178 888 780 1336 233 86 0 238 93 96 1508 1221 1440 1591 103 1049 385 125 1656 1162 855 217 91 981 1640 1177 877 1117 124 253 120 1534 1920 153 1497 1477 1056 1384 940 129 1192 1024 931 1218 168 1018 709 891 923 851 241 884 1332 2143 1238 1387 1173 1430 994 818 1021 917 742 976 956 1061 242 128 954
1143 773 2017 962 672 564 1120 423 170 238 0 274 286 1292 1005 1224 1375 162 833 169 315 1440 946 639 407 277 765 1424 961 662 901 163 443 232 1318 1704 343 1281 1261 840 1168 724 215 976 808 715 1002 358 802 493 676 707 635 432 668 1116 1927 1022 1171 957 1214 778 602 805 701 526 761 740 845 432 319 738
1395 1025 2269 1214 924 816 1372 192 122 93 274 0 55 1544 1257 1476 1627 139 1085 421 83 1692 1198 892 176 49 1017 1676 1213 914 1154 160 211 79 1570 1956 112 1533 1513 1092 1420 976 98 1228 1060 967 1254 126 1054 746 928 959 887 200 920 1368 2179 1274 1424 1209 1466 1030 854 1057 954 778 1013 992 1097 201 87 990
1407 1038 2281 1227 936 829 1384 195 134 96 286 55 0 1556 1270 1489 1639 152 1098 434 86 1705 1210 904 144 52 1030 1689 1225 926 1166 172 180 82 1582 1968 115 1545 1525 1104 1432 988 101 1240 1072 980 1267 129 1067 758 940 971 900 169 933 1380 2191 1286 1436 1221 1478 1043 866 1070 966 791 1025 1004 1110 169 90 1003
327 773 1030 431 1008 786 438 1693 1440 1508 1292 1544 1556 0 337 235 115 1432 518 1177 1585 453 404 976 1677 1547 614 164 390 998 706 1430 1712 1501 227 443 1613 176 369 1580 287 1079 1485 454 504 1082 458 1628 565 1640 1012 1277 677 1701 1408 1856 940 528 399 423 1954 801 938 1142 821 796 561 860 1585 1702 1588 584
188 607 1335 283 722 500 744 1406 1153 1221 1005 1257 1270 337 0 269 420 1146 343 891 1298 759 257 690 1391 1260 327 469 243 712 735 1144 1426 1215 533 749 1327 326 674 1293 213 793 1199 307 317 796 311 1341 312 1353 726 990 391 1415 1122 1570 1245 833 705 276 1667 612 652 855 535 509 274 574 1299 1416 1302 298
268 826 1111 363 941 719 519 1625 1372 1440 1224 1476 1489 235 269 0 196 1365 450 1110 1517 534 336 908 1609 1479 546 245 322 931 788 1363 1645 1434 309 524 1546 257 450 1512 292 1011 1418 386 437 1014 391 1560 498 1572 945 1209 609 1634 1341 1789 1021 609 480 356 1886 831 871 1074 754 728 493 792 1518 1635 1521 516
289 735 991 513 1091 869 400 1776 1523 1591 1375 1627 1639 115 420 196 0 1515 601 1260 1667 415 487 1059 1760 1630 697 125 473 1081 668 1513 1795 1584 189 405 1696 137 330 1663 249 1162 1568 537 587 1165 541 1711 648 1723 1095 1359 760 1784 1491 1939 901 489 361 506 2037 763 1021 1225 829 878 643 863 1668 1785 1671 667
1283 914 2157 1103 812 705 1261 288 35 103 162 139 152 1432 1146 1365 1515 0 974 310 180 1581 1086 780 273 142 906 1565 1101 802 1042 48 308 97 1459 1844 209 1421 1401 980 1308 864 81 1116 948 856 1143 223 943 634 816 847 776 297 809 1256 2067 1162 1312 1097 1354 919 742 946 842 667 901 880 986 298 184 879
369 435 1516 300 550 328 782 1234 981 1049 833 1085 1098 518 343 450 601 974 0 719 1126 940 284 518 1219 1088 155 651 299 540 563 972 1254 1043 714 930 1155 507 855 1121 394 621 1027 313 145 624 340 1169 140 1181 554 818 219 1243 950 1398 1426 683 833 295 1495 440 480 684 363 337 102 402 1127 1244 1130 126
1028 659 1902 848 557 450 1006 570 317 385 169 421 434 1177 891 1110 1260 310 719 0 462 1326 831 525 554 424 651 1310 846 547 787 308 590 379 1204 1589 491 1166 1147 725 1053 628 363 861 693 631 888 505 688 600 561 813 521 579 554 1001 1812 907 1057 842 1099 664 487 691 587 412 646 626 731 580 466 624
1436 1066 2309 1255 964 857 1413 138 163 125 315 83 86 1585 1298 1517 1667 180 1126 462 0 1733 1239 932 190 81 1058 1717 1254 954 1194 201 160 110 1611 1997 143 1574 1554 1132 1460 1016 130 1268 1100 1008 1295 158 1095 786 968 1000 928 171 961 1409 2220 1315 1464 1250 1506 1071 895 1098 994 819 1053 1033 1138 171 35 1031
627 708 626 852 1157 935 373 1841 1588 1656 1440 1692 1705 453 759 534 415 1581 940 1326 1733 0 826 1125 1825 1695 1034 375 812 1147 641 1579 1861 1650 265 315 1762 475 303 1728 587 1228 1634 876 926 1230 880 1776 987 1788 1161 1425 904 1850 1557 2005 537 462 334 845 2102 735 1087 1290 802 944 982 836 1734 1851 1737 1006
255 547 1402 350 662 440 811 1347 1094 1162 946 1198 1210 404 257 336 487 1086 284 831 1239 826 0 630 1331 1201 268 537 310 652 675 1084 1366 1155 600 816 1267 393 741 1234 280 733 1139 374 258 736 378 1282 252 1294 666 931 331 1355 1062 1510 1312 796 772 343 1608 552 592 796 475 450 215 514 1239 1356 1242 238
827 458 1701 647 145 249 804 1040 787 855 639 892 904 976 690 908 1059 780 518 525 932 1125 630 0 1025 895 449 1109 645 135 586 778 1060 849 1002 1388 961 965 945 927 852 147 833 660 492 150 687 975 486 707 149 344 320 1049 756 1204 1611 706 856 641 1301 463 97 210 386 211 445 424 933 1050 936 423
1528 1159 2402 1347 1057 950 1505 77 255 217 407 176 144 1677 1391 1609 1760 273 1219 554 190 1825 1331 1025 0 173 1150 1810 1346 1047 1287 293 64 203 1703 2089 98 1666 1646 1225 1553 1109 222 1361 1193 1101 1388 92 1187 879 1061 1092 1021 53 1054 1501 2312 1407 1557 1342 1599 1164 987 1191 1087 912 1146 1125 1231 54 178 1124
1398 1028 2272 1217 927 819 1375 189 125 91 277 49 52 1547 1260 1479 1630 142 1088 424 81 1695 1201 895 173 0 1020 1679 1216 917 1157 163 208 76 1573 1959 109 1536 1516 1095 1423 979 95 1231 1063 970 1257 124 1057 749 931 962 890 197 923 1371 2182 1277 1427 1212 1469 1033 857 1060 957 781 1016 995 1100 198 84 993
465 367 1610 284 482 260 713 1166 913 981 765 1017 1030 614 327 546 697 906 155 651 1058 1034 268 449 1150 1020 0 746 283 472 495 903 1186 975 810 1026 1086 603 854 1053 490 552 958 298 130 555 324 1101 124 1113 486 750 150 1175 882 1329 1520 615 765 279 1427 372 412 615 295 269 83 333 1059 1175 1062 60
338 695 951 563 1141 919 360 1825 1572 1640 1424 1676 1689 164 469 245 125 1565 651 1310 1717 375 537 1109 1810 1679 746 0 523 1131 628 1563 1845 1634 149 365 1746 186 290 1712 298 1212 1618 586 637 1215 591 1760 698 1772 1145 1409 810 1834 1541 1989 861 449 321 556 2086 722 1071 1274 789 928 693 823 1718 1835 1721 717
241 563 1388 337 677 455 797 1362 1109 1177 961 1213 1225 390 243 322 473 1101 299 846 1254 812 310 645 1346 1216 283 523 0 667 691 1099 1382 1170 586 802 1282 379 727 1249 266 748 1154 360 273 751 364 1297 267 1309 681 946 346 1371 1078 1525 1299 811 758 329 1623 568 608 811 491 465 230 529 1255 1371 1257 253
849 480 1723 669 145 271 826 1063 810 877 662 914 926 998 712 931 1081 802 540 547 954 1147 652 135 1047 917 472 1131 667 0 608 800 1082 871 1024 1410 983 987 967 950 874 108 855 682 514 111 709 997 509 669 157 306 342 1071 778 1226 1633 728 878 663 1324 485 119 171 408 233 467 446 955 1072 958 445
873 216 1217 692 618 396 321 1302 1049 1117 901 1154 1166 706 735 788 668 1042 563 787 1194 641 675 586 1287 1157 495 628 691 608 0 1040 1322 1111 519 906 1223 728 462 1189 840 689 1095 705 537 692 732 1237 532 1249 622 886 365 1311 1018 1466 1127 222 372 686 1563 244 548 752 311 405 490 345 1195 1312 1198 468
1281 912 2155 1101 810 703 1258 309 56 124 163 160 172 1430 1144 1363 1513 48 972 308 201 1579 1084 778 293 163 903 1563 1099 800 1040 0 329 117 1456 1842 229 1419 1399 978 1306 862 101 1114 946 854 1141 244 940 632 814 845 774 318 807 1254 2065 1160 1310 1095 1352 917 740 944 840 665 899 878 984 318 205 877
1564 1194 2437 1383 1092 985 1541 47 291 253 443 211 180 1712 1426 1645 1795 308 1254 590 160 1861 1366 1060 64 208 1186 1845 1382 1082 1322 329 0 238 1739 2124 133 1702 1682 1260 1588 1144 257 1396 1228 1136 1423 127 1223 914 1096 1128 1056 67 1089 1537 2347 1443 1592 1377 1634 1199 1023 1226 1122 947 1181 1161 1266 67 148 1159
1352 983 2226 1172 881 774 1330 218 79 120 232 79 82 1501 1215 1434 1584 97 1043 379 110 1650 1155 849 203 76 975 1634 1170 871 1111 117 238 0 1528 1913 139 1490 1471 1049 1377 933 122 1185 1017 925 1212 153 1012 703 885 916 845 227 878 1325 2136 1231 1381 1166 1423 988 811 1015 911 736 970 949 1055 228 114 948
401 586 842 627 1035 813 250 1719 1466 1534 1318 1570 1582 227 533 309 189 1459 714 1204 1611 265 600 1002 1703 1573 810 149 586 1024 519 1456 1739 1528 0 428 1639 249 181 1606 361 1105 1511 650 700 1108 654 1654 761 1666 1038 1303 782 1728 1435 1882 752 340 211 619 1980 613 965 1168 680 822 757 714 1612 1728 1615 780
617 973 814 842 1420 1198 638 2105 1852 1920 1704 1956 1968 443 749 524 405 1844 930 1589 1997 315 816 1388 2089 1959 1026 365 802 1410 906 1842 2124 1913 428 0 2025 465 568 1992 577 1491 1897 866 916 1494 870 2040 977 2052 1424 1688 1089 2113 1820 2268 725 727 599 835 2366 1001 1350 1554 1067 1207 973 1102 1997 2114 2000 996
1464 1095 2338 1284 993 886 1441 151 191 153 343 112 115 1613 1327 1546 1696 209 1155 491 143 1762 1267 961 98 109 1086 1746 1282 983 1223 229 133 139 1639 2025 0 1602 1582 1161 1489 1045 158 1297 1129 1037 1324 113 1123 815 997 1028 957 122 990 1437 2248 1343 1493 1278 1535 1100 923 1127 1023 848 1082 1061 1167 123 147 1060
324 795 1052 420 997 775 460 1682 1429 1497 1281 1533 1545 176 326 257 137 1421 507 1166 1574 475 393 965 1666 1536 603 186 379 987 728 1419 1702 1490 249 465 1602 0 391 1569 309 1068 1474 443 493 1071 447 1617 555 1629 1001 1266 666 1690 1398 1845 962 550 421 412 1943 823 928 1131 811 785 550 849 1575 1691 1577 573
542 529 879 768 977 755 243 1662 1409 1477 1261 1513 1525 369 674 450 330 1401 855 1147 1554 303 741 945 1646 1516 854 290 727 967 462 1399 1682 1471 181 568 1582 391 0 1549 502 1048 1454 791 841 1051 796 1597 891 1609 981 1246 725 1671 1378 1825 790 283 204 760 1923 556 908 1111 623 765 850 657 1555 1671 1558 828
1431 1061 2305 1250 960 852 1408 1241 988 1056 840 1092 1104 1580 1293 1512 1663 980 1121 725 1132 1728 1234 927 1225 1095 1053 1712 1249 950 1189 978 1260 1049 1606 1992 1161 1569 1549 0 1456 1030 1033 1264 1096 1033 1290 1175 1090 1270 964 1228 923 1249 229 436 2215 1310 1459 1245 534 1066 890 1093 989 814 1048 1028 166 1250 1136 1026
211 769 1163 306 884 662 572 1569 1316 1384 1168 1420 1432 287 213 292 249 1308 394 1053 1460 587 280 852 1553 1423 490 298 266 874 840 1306 1588 1377 361 577 1489 309 502 1456 0 955 1361 330 380 958 334 1503 441 1516 888 1152 553 1577 1284 1732 1074 662 533 299 1830 774 814 1018 697 671 436 736 1461 1578 1464 460
930 561 1804 750 98 352 907 1125 872 940 724 976 989 1079 793 1011 1162 865 621 628 1017 1228 733 147 1110 979 552 1212 748 108 689 863 1145 934 1105 1491 1046 1068 1048 1030 955 0 918 763 595 65 790 1060 589 600 110 237 423 1134 859 1307 1714 809 959 744 1404 566 200 125 489 314 548 527 1036 1135 1021 526
1336 967 2210 1156 865 758 1313 238 63 129 215 98 101 1485 1199 1418 1568 81 1027 363 130 1634 1139 833 222 95 958 1618 1154 855 1095 101 257 122 1511 1897 158 1474 1454 1033 1361 917 0 1169 1001 909 1196 173 995 687 869 900 829 246 862 1309 2120 1215 1365 1150 1407 972 795 999 895 720 954 933 1039 247 133 932
305 577 1452 400 692 470 861 1377 1124 1192 976 1228 1240 454 307 386 537 1116 313 861 1268 876 374 660 1361 1231 298 586 360 682 705 1114 1396 1185 650 866 1297 443 791 1264 330 763 1169 0 288 766 428 1312 282 1324 696 960 361 1385 1092 1540 1362 826 822 393 1638 582 622 826 505 479 244 544 1269 1386 1272 268
355 409 1502 274 524 302 756 1209 956 1024 808 1060 1072 504 317 437 587 948 145 693 1100 926 258 492 1193 1063 130 637 273 514 537 946 1228 1017 700 916 1129 493 841 1096 380 595 1001 288 0 598 314 1143 114 1156 528 792 193 1217 924 1372 1413 658 807 269 1470 414 454 658 337 311 76 376 1101 1218 1104 100
933 564 1807 752 101 355 910 1117 864 932 716 968 980 1082 796 1014 1165 856 624 631 1009 1230 736 150 1101 971 555 1215 751 111 692 854 1137 925 1108 1494 1037 1071 1051 1033 958 65 909 766 598 0 793 1052 592 592 113 229 426 1126 862 1310 1717 812 962 747 1407 569 203 128 492 317 551 530 1039 1126 1013 529
309 604 1457 405 719 497 865 1403 1150 1218 1002 1254 1267 458 311 391 541 1143 340 888 1295 880 378 687 1388 1257 324 591 364 709 732 1141 1423 1212 654 870 1324 447 796 1290 334 790 1196 428 314 793 0 1338 309 1350 723 987 388 1412 1119 1567 1367 852 826 397 1664 609 649 853 532 506 271 571 1296 1413 1299 295
1479 1109 2352 1298 1007 900 1456 145 206 168 358 126 129 1628 1341 1560 1711 223 1169 505 158 1776 1282 975 92 124 1101 1760 1297 997 1237 244 127 153 1654 2040 113 1617 1597 1175 1503 1059 173 1312 1143 1051 1338 0 1138 829 1011 1043 971 116 1004 1452 2263 1358 1507 1293 1549 1114 938 1141 1037 862 1096 1076 1181 117 162 1074
417 404 1564 269 519 297 750 1203 950 1018 802 1054 1067 565 312 498 648 943 140 688 1095 987 252 486 1187 1057 124 698 267 509 532 940 1223 1012 761 977 1123 555 891 1090 441 589 995 282 114 592 309 1138 0 1150 522 787 187 1212 919 1366 1474 652 802 263 1464 409 449 652 332 306 71 370 1096 1212 1099 94
1490 1121 2364 1309 658 912 1467 894 641 709 493 746 758 1639 1353 1571 1722 634 1181 600 786 1787 1293 707 879 749 1112 1772 1308 668 1249 632 914 703 1665 2051 815 1628 1608 1270 1515 599 687 1323 1155 591 1350 829 1149 0 670 583 983 903 1099 1547 2274 1369 1519 1304 1644 1126 760 684 1049 874 1108 1087 1276 904 790 1086
863 494 1737 683 147 285 840 1077 823 891 676 928 940 1012 726 945 1095 816 554 561 968 1161 666 149 1061 931 486 1145 681 157 622 814 1096 885 1038 1424 997 1001 981 964 888 110 869 696 528 113 723 1011 522 671 0 308 356 1085 792 1240 1647 742 892 677 1338 499 133 173 422 247 481 460 969 1086 972 459
974 605 1848 794 142 396 951 1123 870 938 722 974 986 1123 837 1056 1206 862 665 672 1014 1272 777 191 1107 977 597 1256 792 152 733 860 1142 931 1150 1535 1043 1112 1092 1075 999 84 915 807 639 75 834 1057 634 597 155 0 467 1131 903 1351 1758 853 1003 788 1449 610 244 169 533 358 592 571 1080 1132 1018 570
528 237 1480 347 352 130 584 1036 783 851 635 887 900 677 391 609 760 776 219 521 928 904 331 320 1021 890 150 810 346 342 365 774 1056 845 782 1089 957 666 725 923 553 423 829 361 193 426 388 971 187 983 356 620 0 1045 752 1200 1390 485 635 342 1297 242 282 486 165 139 146 204 929 1046 932 124
1553 1183 2426 1372 1081 974 1530 58 279 241 432 200 169 1701 1415 1634 1784 297 1243 579 171 1850 1355 1049 53 197 1175 1834 1371 1071 1311 318 67 227 1728 2113 122 1690 1671 1249 1577 1133 246 1385 1217 1125 1412 116 1212 903 1085 1117 1045 0 1078 1526 2336 1431 1581 1366 1623 1188 1011 1215 1111 936 1170 1150 1255 78 159 1148
1260 890 2133 1079 788 681 1237 1069 816 884 668 920 933 1408 1122 1341 1491 809 950 554 961 1557 1062 756 1054 923 882 1541 1078 778 1018 807 1089 878 1435 1820 990 1398 1378 229 1284 859 862 1092 924 862 1119 1004 919 1099 792 1057 752 1078 0 506 2043 1139 1288 1073 603 895 719 922 818 643 877 857 235 1079 965 855
1707 1338 2581 1527 1236 1129 1684 1517 1264 1332 1116 1368 1380 1856 1570 1789 1939 1256 1398 1001 1409 2005 1510 1204 1501 1371 1329 1989 1525 1226 1466 1254 1537 1325 1882 2268 1437 1845 1825 436 1732 1307 1309 1540 1372 1310 1567 1452 1366 1547 1240 1504 1200 1526 506 0 2491 1586 1736 1521 166 1343 1166 1370 1266 1091 1325 1304 323 1526 1412 1303
1423 1504 107 1649 1953 1731 1169 2637 2384 2452 2236 2489 2501 1249 1555 1331 1211 2377 1736 2122 2529 846 1622 1921 2622 2492 1830 1171 1608 1943 1437 2375 2657 2446 1062 1034 2558 1271 1099 2524 1383 2024 2430 1672 1722 2027 1676 2572 1784 2584 1957 2221 1700 2646 2353 2801 0 1258 1130 1641 2898 1532 1883 2087 1598 1740 1779 1632 2530 2647 2533 1802
701 289 1038 812 738 516 142 1423 1170 1238 1022 1274 1286 528 833 609 489 1162 683 907 1315 462 796 706 1407 1277 615 449 811 728 222 1160 1443 1231 340 727 1343 550 283 1310 662 809 1215 826 658 812 852 1358 652 1370 742 1007 485 1431 1139 1586 949 0 193 807 1684 317 668 872 384 526 611 418 1316 1432 1318 588
573 439 910 798 888 666 193 1572 1319 1387 1171 1424 1436 399 705 480 361 1312 833 1057 1464 334 772 856 1557 1427 765 321 758 878 372 1310 1592 1381 211 599 1493 421 204 1459 533 959 1365 822 807 962 826 1507 802 1519 892 1156 635 1581 1288 1736 820 193 0 791 1833 467 818 1022 533 675 760 567 1465 1582 1468 738
274 558 1421 370 673 451 830 1358 1105 1173 957 1209 1221 423 276 356 506 1097 295 842 1250 845 343 641 1342 1212 279 556 329 663 686 1095 1377 1166 619 835 1278 412 760 1245 299 744 1150 393 269 747 397 1293 263 1305 677 941 342 1366 1073 1521 1332 807 791 0 1619 563 603 807 486 460 226 525 1250 1367 1253 249
1805 1435 2679 1624 1334 1226 1782 1615 1362 1430 1214 1466 1478 1954 1667 1886 2037 1354 1495 1099 1506 2102 1608 1301 1599 1469 1427 2086 1623 1324 1563 1352 1634 1423 1980 2366 1535 1943 1923 534 1830 1404 1407 1638 1470 1407 1664 1549 1464 1644 1338 1602 1297 1623 603 166 2589 1684 1833 1619 0 1440 1264 1467 1363 1188 1422 1402 420 1624 1510 1400
750 311 1312 569 495 273 415 1179 926 994 778 1030 1043 801 612 831 763 919 440 664 1071 735 552 463 1164 1033 372 722 568 485 244 917 1199 988 613 1001 1100 823 556 1066 774 566 972 582 414 569 609 1114 409 1126 499 763 242 1188 895 1343 1222 317 467 563 1440 0 425 629 308 282 367 347 1072 1189 1075 345
790 420 1663 609 129 211 767 1003 750 818 602 854 866 938 652 871 1021 742 480 487 895 1087 592 97 987 857 412 1071 608 119 548 740 1023 811 965 1350 923 928 908 890 814 200 795 622 454 203 649 938 449 761 133 398 282 1011 719 1166 1573 668 818 603 1264 425 0 263 348 173 407 387 895 1012 898 385
993 624 1867 812 161 415 970 1206 953 1021 805 1057 1070 1142 855 1074 1225 946 684 691 1098 1290 796 210 1191 1060 615 1274 811 171 752 944 1226 1015 1168 1554 1127 1131 1111 1093 1018 125 999 826 658 128 853 1141 652 685 173 322 486 1215 922 1370 1777 872 1022 807 1467 629 263 0 552 376 611 590 1099 1216 1102 588
673 303 1378 492 418 196 482 1102 849 917 701 954 966 821 535 754 829 842 363 587 994 802 475 386 1087 957 295 789 491 408 311 840 1122 911 680 1067 1023 811 623 989 697 489 895 505 337 492 532 1037 332 1049 422 686 165 1111 818 1266 1289 384 533 486 1363 308 348 552 0 205 290 270 995 1112 998 268
647 277 1520 466 243 102 624 927 674 742 526 778 791 796 509 728 878 667 337 412 819 944 450 211 912 781 269 928 465 233 405 665 947 736 822 1207 848 785 765 814 671 314 720 479 311 317 506 862 306 874 247 511 139 936 643 1091 1431 526 675 460 1188 282 173 376 205 0 264 244 820 937 823 242
412 362 1559 231 477 255 709 1162 908 976 761 1013 1025 561 274 493 643 901 102 646 1053 982 215 445 1146 1016 83 693 230 467 490 899 1181 970 757 973 1082 550 850 1048 436 548 954 244 76 551 271 1096 71 1108 481 745 146 1170 877 1325 1469 611 760 226 1422 367 407 611 290 264 0 329 1054 1171 1057 53
711 342 1413 531 456 234 516 1141 888 956 740 992 1004 860 574 792 863 880 402 626 1033 836 514 424 1125 995 333 823 529 446 345 878 1161 949 714 1102 1061 849 657 1028 736 527 933 544 376 530 571 1076 370 1088 460 725 204 1150 857 1304 1323 418 567 525 1402 347 387 590 270 244 329 0 1034 1150 1037 307
1437 1067 2310 1256 965 858 1414 1246 993 1061 845 1097 1110 1585 1299 1518 1668 986 1127 731 1138 1734 1239 933 1231 1100 1059 1718 1255 955 1195 984 1266 1055 1612 1997 1167 1575 1555 166 1461 1036 1039 1269 1101 1039 1296 1181 1096 1276 969 1234 929 1255 235 323 2220 1316 1465 1250 420 1072 895 1099 995 820 1054 1034 0 1256 1142 1032
1553 1184 2427 1373 1082 975 1530 58 280 242 432 201 169 1702 1416 1635 1785 298 1244 580 171 1851 1356 1050 54 198 1175 1835 1371 1072 1312 318 67 228 1728 2114 123 1691 1671 1250 1578 1134 247 1386 1218 1126 1413 117 1212 904 1086 1117 1046 78 1079 1526 2337 1432 1582 1367 1624 1189 1012 1216 1112 937 1171 1150 1256 0 159 1149
1440 1070 2313 1259 968 861 1417 125 166 128 319 87 90 1588 1302 1521 1671 184 1130 466 35 1737 1242 936 178 84 1062 1721 1257 958 1198 205 148 114 1615 2000 147 1577 1558 1136 1464 1020 133 1272 1104 1012 1299 162 1099 790 972 1003 932 159 965 1412 2223 1318 1468 1253 1510 1075 898 1102 998 823 1057 1037 1142 159 0 1035
435 340 1582 255 455 233 687 1139 886 954 738 990 1003 584 298 516 667 879 126 624 1031 1006 238 423 1124 993 60 717 253 445 468 877 1159 948 780 996 1060 573 828 1026 460 526 932 268 100 529 295 1074 94 1086 459 723 124 1148 855 1303 1492 588 738 249 1400 345 385 588 268 242 53 307 1032 1149 1035 0
EOF