NAME : tsp_problem
TYPE : TSP
DIMENSION : 73
EDGE_WEIGHT_TYPE : EXPLICIT
EDGE_WEIGHT_FORMAT : FULL_MATRIX
EDGE_WEIGHT_SECTION
0 244 1823 1650 1686 1748 1825 1545 962 1392 2195 585 1258 1706 2756 1604 982 1480 561 2472 1360 1476 1480 1789 1544 2147 997 1457 1825 1009 1565 1446 2233 1677 1853 1802 1587 1863 1401 1347 2307 1667 1587 995 1577 2215 1430 1711 1572 2665 2261 2281 1821 900 1103 2114 1522 1670 1518 1551 1580 1534 1684 1663 2237 1674 1538 663 2364 1432 1449 1858 1724
244 0 1651 1478 1515 1576 1653 1373 790 1220 2023 413 1086 1534 2584 1432 810 1308 389 2300 1188 1304 1308 1617 1372 1975 825 1286 1653 838 1393 1275 2061 1505 1681 1630 1415 1691 1230 1176 2136 1495 1416 823 1405 2043 1259 1539 1400 2493 2089 2109 1649 728 931 1942 1350 1498 1346 1379 1408 1362 1512 1491 2065 1502 1367 491 2192 1260 1277 1687 1552
1823 1651 0 1444 1481 171 249 1340 1118 783 535 1991 615 1500 1004 1399 1138 870 1810 722 534 650 871 212 935 398 1153 1252 739 1023 1359 1241 481 1472 767 50 1382 778 576 1142 647 1461 1382 1151 1371 555 1225 1505 1366 913 601 532 735 1056 897 453 696 1464 908 1345 1374 708 1478 261 485 1468 929 1301 612 1226 1243 773 147
1650 1478 1444 0 133 1369 1446 144 945 1013 1816 1818 879 127 2377 203 965 1101 1637 2093 981 1097 1101 1410 1165 1768 980 246 1446 850 163 235 1854 123 1474 1423 186 1484 1022 480 1928 42 186 978 176 1836 267 132 171 2286 1882 1902 1442 883 603 1735 1143 45 1139 149 178 1155 59 1284 1858 49 1160 1127 1985 268 285 1480 1345
1686 1515 1481 133 0 1406 1483 181 982 1050 1853 1855 916 68 2414 137 1002 1138 1674 2130 1018 1134 1138 1447 1202 1805 1017 283 1483 887 200 272 1891 40 1511 1460 120 1521 1059 517 1965 150 223 1015 155 1873 304 73 208 2323 1919 1939 1479 920 640 1772 1180 105 1176 186 136 1192 120 1321 1895 110 1197 1164 2022 305 322 1516 1382
1748 1576 171 1369 1406 0 174 1265 1044 708 636 1916 540 1426 1105 1324 1063 796 1735 823 459 575 796 137 860 498 1078 1177 840 949 1285 1166 582 1397 868 150 1307 879 501 1067 748 1387 1307 1076 1297 656 1150 1431 1292 1014 701 633 836 982 823 554 622 1389 834 1270 1299 634 1404 186 586 1394 855 1226 712 1151 1168 874 73
1825 1653 249 1446 1483 174 0 1342 1121 785 713 1994 617 1503 1182 1401 1140 873 1812 900 536 653 873 214 937 575 1155 1254 917 1026 1362 1243 659 1474 945 228 1384 956 578 1144 825 1464 1384 1153 1374 733 1227 1508 1369 1091 778 710 913 1059 900 631 699 1466 911 1347 1376 711 1481 263 663 1471 932 1303 789 1228 1245 951 150
1545 1373 1340 144 181 1265 1342 0 841 909 1712 1714 775 200 2273 98 860 996 1532 1989 877 993 997 1305 1061 1663 875 142 1342 746 59 131 1750 172 1370 1319 82 1380 918 375 1824 161 82 873 71 1732 162 205 66 2182 1777 1798 1337 779 499 1630 1039 164 1034 45 74 1051 178 1180 1754 168 1055 1023 1880 164 181 1375 1241
962 790 1118 945 982 1044 1121 841 0 688 1491 1131 554 1002 2052 900 277 775 949 1768 655 772 776 1084 839 1442 292 753 1120 305 860 742 1529 973 1148 1097 883 1159 697 643 1603 963 883 290 873 1511 726 1006 868 1960 1556 1577 1116 196 399 1409 818 965 813 846 875 830 980 959 1533 970 834 440 1659 727 744 1154 1020
1392 1220 783 1013 1050 708 785 909 688 0 1155 1561 218 1070 1716 968 707 229 1379 1432 320 436 229 749 293 1107 722 821 785 593 929 810 1193 1041 813 762 951 823 362 711 1268 1031 951 720 941 1175 794 1075 936 1625 1221 1241 781 626 467 1074 482 1033 267 914 943 494 1048 623 1197 1038 288 870 1324 795 812 819 684
2195 2023 535 1816 1853 636 713 1712 1491 1155 0 2363 987 1873 1073 1771 1510 1243 2182 516 906 751 1243 676 1307 191 1525 1624 443 1395 1731 1613 551 1844 472 514 1754 482 948 1514 351 1834 1754 1523 1744 259 1597 1877 1739 982 305 325 439 1429 1270 158 779 1836 1281 1717 1746 757 1851 725 554 1841 1302 1673 681 1598 1615 477 612
585 413 1991 1818 1855 1916 1994 1714 1131 1561 2363 0 1426 1874 2924 1772 1150 1648 729 2641 1528 1644 1649 1957 1712 2315 1165 1626 1993 1178 1733 1615 2402 1846 2021 1970 1756 2031 1570 1516 2476 1835 1756 1163 1745 2383 1599 1879 1740 2833 2429 2449 1989 1068 1271 2282 1690 1838 1686 1719 1748 1703 1852 1831 2405 1842 1707 831 2532 1600 1617 2027 1892
1258 1086 615 879 916 540 617 775 554 218 987 1426 0 935 1548 834 573 306 1245 1264 152 268 306 581 370 939 588 687 617 458 794 676 1025 907 645 594 817 655 194 577 1100 896 817 586 807 1007 660 940 802 1457 1053 1073 613 492 332 906 314 899 344 780 809 326 914 455 1029 904 364 736 1156 661 678 651 516
1706 1534 1500 127 68 1426 1503 200 1002 1070 1873 1874 935 0 2434 156 1021 1157 1693 2150 1037 1153 1158 1466 1221 1824 1036 303 1502 906 220 292 1911 59 1530 1479 139 1541 1079 536 1985 144 242 1034 175 1893 323 67 227 2342 1938 1959 1498 940 660 1791 1200 100 1195 206 156 1212 114 1341 1915 104 1216 1184 2041 324 341 1536 1401
2879 2707 1127 2500 2537 1227 1305 2396 2174 1839 1196 3047 1671 2556 0 2455 2194 1926 2866 968 1590 1706 1927 1268 1991 1059 2209 2308 1401 2079 2415 2297 727 2528 1429 1106 2438 1439 1632 2198 1308 2517 2438 2207 2427 1216 2281 2561 2422 239 1262 1193 1396 2112 1953 1115 1736 2520 1964 2401 2430 1714 2534 1317 731 2524 1985 2357 561 2282 2299 1434 1203
1604 1432 1399 203 137 1324 1401 98 900 968 1771 1772 834 156 2332 0 919 1055 1591 2048 935 1052 1056 1364 1119 1722 934 201 1400 805 118 190 1809 127 1428 1377 37 1439 977 434 1883 220 141 932 73 1791 221 161 125 2241 1836 1857 1396 838 558 1689 1098 193 1093 104 54 1110 208 1239 1813 198 1114 1082 1939 223 240 1434 1300
982 810 1138 965 1002 1063 1140 860 277 707 1510 1150 573 1021 2071 919 0 795 969 1787 675 791 795 1104 859 1462 312 772 1140 325 880 761 1548 992 1168 1117 902 1178 717 663 1622 982 902 310 892 1530 746 1026 887 1980 1576 1596 1136 215 418 1429 837 985 833 866 895 849 999 978 1552 989 854 460 1679 747 764 1174 1039
1480 1308 870 1101 1138 796 873 996 775 229 1243 1648 306 1157 1804 1055 795 0 1467 1520 407 524 44 836 108 1194 810 909 872 680 1016 898 1281 1128 900 849 1039 911 449 799 1355 1118 1039 808 1028 1263 882 1162 1023 1712 1308 1329 868 713 554 1161 570 1121 97 1002 1031 582 1135 711 1285 1125 102 957 1411 883 900 906 772
561 389 1810 1637 1674 1735 1812 1532 949 1379 2182 729 1245 1693 2743 1591 969 1467 0 2459 1347 1463 1467 1776 1531 2134 984 1444 1812 997 1552 1433 2220 1664 1840 1789 1574 1850 1388 1335 2294 1654 1574 982 1564 2202 1417 1698 1559 2652 2248 2268 1808 887 1090 2101 1509 1657 1505 1538 1567 1521 1671 1650 2224 1661 1526 650 2351 1419 1436 1845 1711
2472 2300 722 2093 2130 823 900 1989 1768 1432 516 2641 1264 2150 846 2048 1787 1520 2459 0 1183 1028 1520 863 1584 379 1802 1901 721 1673 2009 1890 323 2121 749 701 2031 759 1225 1791 628 2111 2031 1800 2021 536 1874 2155 2016 754 582 513 716 1706 1547 435 1056 2113 1558 1994 2023 1034 2128 912 327 2118 1579 1950 453 1875 1892 754 799
1360 1188 534 981 1018 459 536 877 655 320 906 1528 152 1037 1467 935 675 407 1347 1183 0 187 408 500 472 858 690 789 536 560 896 778 944 1009 564 513 919 574 113 679 1018 998 919 688 908 926 762 1042 903 1376 972 992 532 593 434 825 233 1001 445 882 911 245 1015 374 948 1005 466 838 1075 763 780 570 435
1476 1304 650 1097 1134 575 653 993 772 436 751 1644 268 1153 1583 1052 791 524 1463 1028 187 0 524 616 588 703 806 905 381 676 1012 894 1060 1125 409 629 1035 419 229 795 863 1114 1035 804 1025 771 878 1158 1020 1492 817 837 377 709 550 670 78 1117 561 998 1027 90 1131 490 1064 1122 582 954 1191 879 896 414 551
1480 1308 871 1101 1138 796 873 997 776 229 1243 1649 306 1158 1804 1056 795 44 1467 1520 408 524 0 837 108 1195 810 909 873 681 1017 898 1281 1129 901 850 1039 911 450 799 1356 1119 1039 808 1029 1263 882 1163 1024 1713 1309 1329 869 714 555 1162 570 1121 98 1002 1031 582 1136 711 1285 1126 103 958 1412 883 900 907 772
1789 1617 212 1410 1447 137 214 1305 1084 749 676 1957 581 1466 1145 1364 1104 836 1776 863 500 616 837 0 900 539 1119 1217 881 989 1325 1206 622 1437 909 191 1347 919 541 1108 788 1427 1347 1117 1337 696 1190 1471 1332 1054 742 673 876 1022 863 595 662 1430 874 1311 1340 674 1444 227 626 1434 895 1266 753 1192 1209 914 113
1544 1372 935 1165 1202 860 937 1061 839 293 1307 1712 370 1221 1868 1119 859 108 1531 1584 472 588 108 900 0 1258 874 973 936 744 1080 962 1345 1193 965 914 1103 975 513 863 1419 1182 1103 872 1092 1327 946 1226 1087 1777 1372 1393 932 777 618 1225 634 1185 161 1066 1095 646 1199 775 1349 1189 24 1022 1475 947 964 970 836
2147 1975 398 1768 1805 498 575 1663 1442 1107 191 2315 939 1824 936 1722 1462 1194 2134 379 858 703 1195 539 1258 0 1477 1576 395 1347 1683 1565 413 1795 423 377 1706 433 899 1466 303 1785 1706 1475 1695 211 1549 1829 1690 845 256 188 391 1380 1221 109 730 1788 1232 1669 1698 708 1802 588 417 1792 1253 1624 544 1550 1567 429 474
997 825 1153 980 1017 1078 1155 875 292 722 1525 1165 588 1036 2086 934 312 810 984 1802 690 806 810 1119 874 1477 0 787 1155 340 895 776 1563 1007 1183 1132 917 1193 731 678 1637 997 917 325 907 1545 760 1041 902 1995 1591 1611 1151 230 433 1444 852 1000 848 881 910 864 1014 993 1567 1004 869 474 1694 762 779 1189 1054
1457 1286 1252 246 283 1177 1254 142 753 821 1624 1626 687 303 2185 201 772 909 1444 1901 789 905 909 1217 973 1576 787 0 1254 658 161 43 1662 274 1282 1231 184 1292 830 288 1736 264 184 785 174 1644 75 307 169 2094 1690 1710 1249 691 411 1542 951 266 946 147 176 963 281 1092 1666 271 967 935 1792 76 93 1287 1153
1825 1653 739 1446 1483 840 917 1342 1120 785 443 1993 617 1502 1278 1400 1140 872 1812 721 536 381 873 881 936 395 1155 1254 0 1025 1361 1243 755 1474 101 718 1384 111 577 1144 556 1463 1384 1153 1373 463 1227 1507 1368 1187 509 529 69 1058 899 362 408 1466 910 1347 1376 387 1480 839 759 1470 931 1302 885 1228 1245 107 816
1009 838 1023 850 887 949 1026 746 305 593 1395 1178 458 906 1957 805 325 680 997 1673 560 676 681 989 744 1347 340 658 1025 0 765 647 1434 878 1053 1002 788 1064 602 548 1508 867 788 338 778 1415 631 911 773 1865 1461 1481 1021 243 303 1314 723 870 718 751 780 735 884 863 1437 875 739 487 1564 632 649 1059 924
1565 1393 1359 163 200 1285 1362 59 860 929 1731 1733 794 220 2293 118 880 1016 1552 2009 896 1012 1017 1325 1080 1683 895 161 1361 765 0 150 1770 191 1389 1338 101 1400 938 395 1844 181 101 893 91 1751 182 225 86 2201 1797 1817 1357 798 519 1650 1059 184 1054 65 94 1071 198 1199 1773 188 1075 1043 1900 183 200 1395 1260
1446 1275 1241 235 272 1166 1243 131 742 810 1613 1615 676 292 2174 190 761 898 1433 1890 778 894 898 1206 962 1565 776 43 1243 647 150 0 1651 263 1271 1220 173 1281 819 277 1725 253 173 774 163 1633 64 297 158 2083 1679 1699 1238 680 400 1531 940 255 935 136 165 952 270 1081 1655 260 956 924 1782 65 82 1276 1142
2233 2061 481 1854 1891 582 659 1750 1529 1193 551 2402 1025 1911 605 1809 1548 1281 2220 323 944 1060 1281 622 1345 413 1563 1662 755 1434 1770 1651 0 1882 783 460 1792 793 986 1552 663 1872 1792 1561 1782 571 1635 1916 1777 513 616 547 751 1467 1308 469 1090 1874 1319 1755 1784 1068 1889 671 86 1879 1340 1711 212 1636 1653 789 558
1677 1505 1472 123 40 1397 1474 172 973 1041 1844 1846 907 59 2405 127 992 1128 1664 2121 1009 1125 1129 1437 1193 1795 1007 274 1474 878 191 263 1882 0 1502 1451 111 1512 1050 507 1956 141 214 1005 146 1864 294 64 198 2314 1909 1930 1469 911 631 1762 1171 96 1166 177 127 1183 111 1312 1886 101 1187 1155 2012 296 313 1507 1373
1853 1681 767 1474 1511 868 945 1370 1148 813 472 2021 645 1530 1306 1428 1168 900 1840 749 564 409 901 909 965 423 1183 1282 101 1053 1389 1271 783 1502 0 746 1412 140 606 1172 584 1491 1412 1181 1401 492 1255 1535 1396 1215 537 557 97 1086 927 390 436 1494 938 1375 1404 415 1508 867 787 1498 959 1331 913 1256 1273 135 844
1802 1630 50 1423 1460 150 228 1319 1097 762 514 1970 594 1479 983 1377 1117 849 1789 701 513 629 850 191 914 377 1132 1231 718 1002 1338 1220 460 1451 746 0 1361 757 555 1121 626 1440 1361 1130 1350 534 1204 1484 1345 892 580 511 714 1035 876 432 675 1443 887 1324 1353 687 1457 240 464 1447 908 1280 590 1205 1222 752 126
1587 1415 1382 186 120 1307 1384 82 883 951 1754 1756 817 139 2315 37 902 1039 1574 2031 919 1035 1039 1347 1103 1706 917 184 1384 788 101 173 1792 111 1412 1361 0 1422 960 418 1866 203 124 915 56 1774 205 144 108 2224 1820 1840 1379 821 541 1672 1081 176 1076 87 37 1093 191 1222 1796 181 1097 1065 1922 206 223 1417 1283
1863 1691 778 1484 1521 879 956 1380 1159 823 482 2031 655 1541 1316 1439 1178 911 1850 759 574 419 911 919 975 433 1193 1292 111 1064 1400 1281 793 1512 140 757 1422 0 616 1182 594 1502 1422 1191 1412 502 1265 1546 1407 1225 547 568 107 1097 938 400 447 1504 949 1385 1414 425 1519 878 797 1509 970 1341 924 1266 1283 145 854
1401 1230 576 1022 1059 501 578 918 697 362 948 1570 194 1079 1509 977 717 449 1388 1225 113 229 450 541 513 899 731 830 577 602 938 819 986 1050 606 555 960 616 0 720 1060 1040 960 729 950 968 803 1084 945 1418 1013 1034 573 635 476 866 275 1043 487 924 953 287 1057 416 990 1047 508 879 1116 805 822 611 477
1347 1176 1142 480 517 1067 1144 375 643 711 1514 1516 577 536 2075 434 663 799 1335 1791 679 795 799 1108 863 1466 678 288 1144 548 395 277 1552 507 1172 1121 418 1182 720 0 1626 497 418 676 407 1534 261 541 402 1984 1580 1600 1140 581 301 1433 841 500 837 381 410 853 514 982 1556 504 857 825 1683 262 279 1177 1043
2307 2136 647 1928 1965 748 825 1824 1603 1268 351 2476 1100 1985 1186 1883 1622 1355 2294 628 1018 863 1356 788 1419 303 1637 1736 556 1508 1844 1725 663 1956 584 626 1866 594 1060 1626 0 1946 1866 1635 1856 173 1709 1990 1851 1094 170 437 552 1541 1382 270 891 1948 1393 1830 1858 869 1963 837 667 1953 1414 1785 793 1711 1727 589 724
1667 1495 1461 42 150 1387 1464 161 963 1031 1834 1835 896 144 2395 220 982 1118 1654 2111 998 1114 1119 1427 1182 1785 997 264 1463 867 181 253 1872 141 1491 1440 203 1502 1040 497 1946 0 203 995 193 1854 284 149 188 2303 1899 1920 1459 901 621 1752 1161 62 1156 167 196 1173 77 1302 1876 67 1177 1145 2002 285 302 1497 1362
1587 1416 1382 186 223 1307 1384 82 883 951 1754 1756 817 242 2315 141 902 1039 1574 2031 919 1035 1039 1347 1103 1706 917 184 1384 788 101 173 1792 214 1412 1361 124 1422 960 418 1866 203 0 915 114 1774 205 247 109 2224 1820 1840 1379 821 541 1672 1081 206 1076 87 116 1093 220 1222 1796 211 1097 1065 1923 206 223 1417 1283
995 823 1151 978 1015 1076 1153 873 290 720 1523 1163 586 1034 2084 932 310 808 982 1800 688 804 808 1117 872 1475 325 785 1153 338 893 774 1561 1005 1181 1130 915 1191 729 676 1635 995 915 0 905 1543 758 1039 900 1993 1589 1609 1149 228 431 1442 850 998 846 879 908 862 1012 991 1565 1002 867 472 1692 760 777 1186 1052
1577 1405 1371 176 155 1297 1374 71 873 941 1744 1745 807 175 2305 73 892 1028 1564 2021 908 1025 1029 1337 1092 1695 907 174 1373 778 91 163 1782 146 1401 1350 56 1412 950 407 1856 193 114 905 0 1764 194 179 98 2213 1809 1830 1369 811 531 1662 1071 196 1066 77 48 1083 210 1212 1786 200 1087 1055 1912 196 213 1407 1273
2215 2043 555 1836 1873 656 733 1732 1511 1175 259 2383 1007 1893 1093 1791 1530 1263 2202 536 926 771 1263 696 1327 211 1545 1644 463 1415 1751 1633 571 1864 492 534 1774 502 968 1534 173 1854 1774 1543 1764 0 1617 1897 1759 1002 126 345 459 1449 1290 177 799 1856 1301 1737 1766 777 1871 745 574 1861 1322 1693 701 1618 1635 497 632
1430 1259 1225 267 304 1150 1227 162 726 794 1597 1599 660 323 2158 221 746 882 1417 1874 762 878 882 1190 946 1549 760 75 1227 631 182 64 1635 294 1255 1204 205 1265 803 261 1709 284 205 758 194 1617 0 328 189 2067 1663 1683 1222 664 384 1515 924 287 919 168 197 936 301 1065 1639 291 940 908 1766 49 66 1260 1126
1711 1539 1505 132 73 1431 1508 205 1006 1075 1877 1879 940 67 2439 161 1026 1162 1698 2155 1042 1158 1163 1471 1226 1829 1041 307 1507 911 225 297 1916 64 1535 1484 144 1546 1084 541 1990 149 247 1039 179 1897 328 0 232 2347 1943 1963 1503 944 665 1796 1205 104 1200 211 161 1217 119 1345 1919 109 1221 1189 2046 329 346 1541 1406
1572 1400 1366 171 208 1292 1369 66 868 936 1739 1740 802 227 2300 125 887 1023 1559 2016 903 1020 1024 1332 1087 1690 902 169 1368 773 86 158 1777 198 1396 1345 108 1407 945 402 1851 188 109 900 98 1759 189 232 0 2208 1804 1825 1364 806 526 1657 1066 191 1061 72 101 1078 205 1207 1781 195 1082 1050 1907 191 208 1402 1268
2976 2804 1224 2597 2634 1325 1402 2493 2272 1936 1293 3144 1768 2653 110 2552 2291 2024 2963 1066 1687 1803 2024 1365 2088 1156 2306 2405 1498 2176 2512 2394 825 2625 1526 1203 2535 1536 1729 2295 1406 2614 2535 2304 2525 1313 2378 2658 2520 0 1359 1290 1494 2210 2050 1212 1833 2617 2061 2498 2527 1811 2632 1414 828 2622 2082 2454 658 2379 2396 1531 1300
2261 2089 601 1882 1919 701 778 1777 1556 1221 305 2429 1053 1938 1139 1836 1576 1308 2248 582 972 817 1309 742 1372 256 1591 1690 509 1461 1797 1679 616 1909 537 580 1820 547 1013 1580 170 1899 1820 1589 1809 126 1663 1943 1804 1048 0 391 505 1494 1335 223 844 1902 1346 1783 1812 823 1916 791 620 1906 1367 1738 747 1664 1681 543 677
2281 2109 532 1902 1939 633 710 1798 1577 1241 325 2449 1073 1959 1070 1857 1596 1329 2268 513 992 837 1329 673 1393 188 1611 1710 529 1481 1817 1699 547 1930 557 511 1840 568 1034 1600 437 1920 1840 1609 1830 345 1683 1963 1825 979 391 0 525 1515 1356 243 865 1922 1367 1803 1832 843 1937 722 551 1927 1387 1759 678 1684 1701 563 608
1821 1649 735 1442 1479 836 913 1337 1116 781 439 1989 613 1498 1274 1396 1136 868 1808 716 532 377 869 876 932 391 1151 1249 69 1021 1357 1238 751 1469 97 714 1379 107 573 1140 552 1459 1379 1149 1369 459 1222 1503 1364 1182 505 525 0 1054 895 358 404 1462 906 1343 1372 382 1476 835 755 1466 927 1298 881 1224 1241 103 812
900 728 1056 883 920 982 1059 779 196 626 1429 1068 492 940 1990 838 215 713 887 1706 593 709 714 1022 777 1380 230 691 1058 243 798 680 1467 911 1086 1035 821 1097 635 581 1541 901 821 228 811 1449 664 944 806 1898 1494 1515 1054 0 337 1347 756 903 751 784 813 768 918 897 1471 908 772 378 1597 665 682 1092 957
1103 931 897 603 640 823 900 499 399 467 1270 1271 332 660 1831 558 418 554 1090 1547 434 550 555 863 618 1221 433 411 899 303 519 400 1308 631 927 876 541 938 476 301 1382 621 541 431 531 1290 384 665 526 1739 1335 1356 895 337 0 1188 597 623 592 505 533 609 638 738 1312 628 613 581 1438 385 402 933 798
2114 1942 453 1735 1772 554 631 1630 1409 1074 158 2282 906 1791 992 1689 1429 1161 2101 435 825 670 1162 595 1225 109 1444 1542 362 1314 1650 1531 469 1762 390 432 1672 400 866 1433 270 1752 1672 1442 1662 177 1515 1796 1657 901 223 243 358 1347 1188 0 697 1755 1199 1636 1665 675 1769 644 473 1759 1220 1591 599 1517 1534 396 530
1522 1350 696 1143 1180 622 699 1039 818 482 779 1690 314 1200 1613 1098 837 570 1509 1056 233 78 570 662 634 730 852 951 408 723 1059 940 1090 1171 436 675 1081 447 275 841 891 1161 1081 850 1071 799 924 1205 1066 1522 844 865 404 756 597 697 0 1163 608 1044 1073 118 1178 537 1094 1168 629 1000 1221 925 942 442 597
1670 1498 1464 45 105 1389 1466 164 965 1033 1836 1838 899 100 2397 193 985 1121 1657 2113 1001 1117 1121 1430 1185 1788 1000 266 1466 870 184 255 1874 96 1494 1443 176 1504 1043 500 1948 62 206 998 196 1856 287 104 191 2306 1902 1922 1462 903 623 1755 1163 0 1159 169 193 1175 32 1304 1878 22 1180 1147 2005 288 305 1500 1365
1518 1346 908 1139 1176 834 911 1034 813 267 1281 1686 344 1195 1842 1093 833 97 1505 1558 445 561 98 874 161 1232 848 946 910 718 1054 935 1319 1166 938 887 1076 949 487 837 1393 1156 1076 846 1066 1301 919 1200 1061 1750 1346 1367 906 751 592 1199 608 1159 0 1040 1069 620 1173 749 1323 1163 156 995 1449 921 938 944 809
1551 1379 1345 149 186 1270 1347 45 846 914 1717 1719 780 206 2278 104 866 1002 1538 1994 882 998 1002 1311 1066 1669 881 147 1347 751 65 136 1755 177 1375 1324 87 1385 924 381 1830 167 87 879 77 1737 168 211 72 2187 1783 1803 1343 784 505 1636 1044 169 1040 0 79 1056 184 1185 1759 174 1061 1028 1886 169 186 1381 1246
1580 1408 1374 178 136 1299 1376 74 875 943 1746 1748 809 156 2307 54 895 1031 1567 2023 911 1027 1031 1340 1095 1698 910 176 1376 780 94 165 1784 127 1404 1353 37 1414 953 410 1858 196 116 908 48 1766 197 161 101 2216 1812 1832 1372 813 533 1665 1073 193 1069 79 0 1085 207 1214 1788 197 1090 1057 1915 198 215 1410 1275
1534 1362 708 1155 1192 634 711 1051 830 494 757 1703 326 1212 1591 1110 849 582 1521 1034 245 90 582 674 646 708 864 963 387 735 1071 952 1068 1183 415 687 1093 425 287 853 869 1173 1093 862 1083 777 936 1217 1078 1500 823 843 382 768 609 675 118 1175 620 1056 1085 0 1190 549 1072 1180 641 1012 1199 937 954 420 610
1684 1512 1478 59 120 1404 1481 178 980 1048 1851 1852 914 114 2412 208 999 1135 1671 2128 1015 1131 1136 1444 1199 1802 1014 281 1480 884 198 270 1889 111 1508 1457 191 1519 1057 514 1963 77 220 1012 210 1871 301 119 205 2320 1916 1937 1476 918 638 1769 1178 32 1173 184 207 1190 0 1319 1893 36 1194 1162 2019 303 320 1514 1380
1663 1491 261 1284 1321 186 263 1180 959 623 725 1831 455 1341 1194 1239 978 711 1650 912 374 490 711 227 775 588 993 1092 839 863 1199 1081 671 1312 867 240 1222 878 416 982 837 1302 1222 991 1212 745 1065 1345 1207 1103 791 722 835 897 738 644 537 1304 749 1185 1214 549 1319 0 675 1309 769 1141 802 1066 1083 873 162
2237 2065 485 1858 1895 586 663 1754 1533 1197 554 2405 1029 1915 609 1813 1552 1285 2224 327 948 1064 1285 626 1349 417 1567 1666 759 1437 1773 1655 86 1886 787 464 1796 797 990 1556 667 1876 1796 1565 1786 574 1639 1919 1781 517 620 551 755 1471 1312 473 1094 1878 1323 1759 1788 1072 1893 675 0 1883 1344 1715 216 1640 1657 793 562
1674 1502 1468 49 110 1394 1471 168 970 1038 1841 1842 904 104 2402 198 989 1125 1661 2118 1005 1122 1126 1434 1189 1792 1004 271 1470 875 188 260 1879 101 1498 1447 181 1509 1047 504 1953 67 211 1002 200 1861 291 109 195 2310 1906 1927 1466 908 628 1759 1168 22 1163 174 197 1180 36 1309 1883 0 1184 1152 2009 293 310 1504 1370
1538 1367 929 1160 1197 855 932 1055 834 288 1302 1707 364 1216 1863 1114 854 102 1526 1579 466 582 103 895 24 1253 869 967 931 739 1075 956 1340 1187 959 908 1097 970 508 857 1414 1177 1097 867 1087 1322 940 1221 1082 1771 1367 1387 927 772 613 1220 629 1180 156 1061 1090 641 1194 769 1344 1184 0 1016 1470 942 959 965 830
663 491 1301 1127 1164 1226 1303 1023 440 870 1673 831 736 1184 2234 1082 460 957 650 1950 838 954 958 1266 1022 1624 474 935 1302 487 1043 924 1711 1155 1331 1280 1065 1341 879 825 1785 1145 1065 472 1055 1693 908 1189 1050 2143 1738 1759 1298 378 581 1591 1000 1147 995 1028 1057 1012 1162 1141 1715 1152 1016 0 1841 909 926 1336 1202
2364 2192 612 1985 2022 712 789 1880 1659 1324 681 2532 1156 2041 438 1939 1679 1411 2351 453 1075 1191 1412 753 1475 544 1694 1792 885 1564 1900 1782 212 2012 913 590 1922 924 1116 1683 793 2002 1923 1692 1912 701 1766 2046 1907 347 747 678 881 1597 1438 599 1221 2005 1449 1886 1915 1199 2019 802 216 2009 1470 1841 0 1767 1784 919 688
1432 1260 1226 268 305 1151 1228 164 727 795 1598 1600 661 324 2159 223 747 883 1419 1875 763 879 883 1192 947 1550 762 76 1228 632 183 65 1636 296 1256 1205 206 1266 805 262 1711 285 206 760 196 1618 49 329 191 2068 1664 1684 1224 665 385 1517 925 288 921 169 198 937 303 1066 1640 293 942 909 1767 0 67 1262 1127
1449 1277 1243 285 322 1168 1245 181 744 812 1615 1617 678 341 2176 240 764 900 1436 1892 780 896 900 1209 964 1567 779 93 1245 649 200 82 1653 313 1273 1222 223 1283 822 279 1727 302 223 777 213 1635 66 346 208 2085 1681 1701 1241 682 402 1534 942 305 938 186 215 954 320 1083 1657 310 959 926 1784 67 0 1279 1144
1858 1687 773 1480 1516 874 951 1375 1154 819 477 2027 651 1536 1312 1434 1174 906 1845 754 570 414 907 914 970 429 1189 1287 107 1059 1395 1276 789 1507 135 752 1417 145 611 1177 589 1497 1417 1186 1407 497 1260 1541 1402 1220 543 563 103 1092 933 396 442 1500 944 1381 1410 420 1514 873 793 1504 965 1336 919 1262 1279 0 850
1724 1552 147 1345 1382 73 150 1241 1020 684 612 1892 516 1401 1081 1300 1039 772 1711 799 435 551 772 113 836 474 1054 1153 816 924 1260 1142 558 1373 844 126 1283 854 477 1043 724 1362 1283 1052 1273 632 1126 1406 1268 989 677 608 812 957 798 530 597 1365 809 1246 1275 610 1380 162 562 1370 830 1202 688 1127 1144 850 0
EOF
