NAME : tsp_problem
TYPE : TSP
DIMENSION : 82
EDGE_WEIGHT_TYPE : EXPLICIT
EDGE_WEIGHT_FORMAT : FULL_MATRIX
EDGE_WEIGHT_SECTION
0 681 275 619 1251 563 608 710 1131 769 1157 732 717 906 1177 768 405 1127 873 650 1198 737 276 705 396 901 869 372 622 1129 686 631 787 216 679 829 311 1073 582 701 454 613 1288 849 1210 1276 641 392 727 829 1152 1205 675 886 1189 782 840 728 1299 711 1223 1286 730 1049 548 341 696 1563 267 618 1117 1018 468 746 345 1322 1131 706 706 704 977 220
681 0 855 669 1301 613 658 392 1327 819 1207 389 405 827 1228 818 455 1323 266 700 1248 384 498 384 446 952 919 783 672 1179 354 357 837 553 487 309 481 1123 777 376 706 339 1338 900 1260 1326 837 725 394 222 1202 1255 335 936 1240 349 890 404 1350 906 1273 1336 268 1100 598 462 332 1614 846 668 1168 1068 244 796 520 1372 1181 415 346 624 1027 546
275 855 0 792 1424 736 781 884 926 942 1330 905 890 701 1351 941 578 922 675 823 1371 910 402 879 569 1075 1042 167 795 1302 860 804 960 342 473 624 437 1246 376 874 248 786 1461 1023 1383 1449 436 187 900 725 1325 1378 849 1059 1363 577 1013 523 1473 506 1396 1459 808 1223 721 467 869 1737 62 791 1291 1191 641 920 471 1495 1304 501 880 499 1150 346
619 669 792 0 1022 123 168 698 1648 227 928 720 705 1421 949 226 244 1645 861 156 969 725 436 693 282 673 640 889 182 900 674 619 558 491 1082 904 419 844 1099 689 971 601 1059 307 981 1048 1158 909 715 817 923 976 664 344 961 944 612 999 1071 1228 994 1057 718 821 131 400 684 1335 784 178 889 790 456 204 458 1094 902 1010 695 1219 749 484
1251 1301 1424 1022 0 966 1011 1330 2280 1172 137 1352 1337 2053 103 1171 875 2276 1492 1053 73 1356 1068 1325 914 371 868 1521 1025 146 1306 1250 518 1123 1713 1536 1051 202 1730 1321 1602 1232 118 1019 187 60 1789 1541 1346 1448 1151 182 1295 1056 1189 1576 553 1630 112 1859 196 61 1349 219 951 1031 1316 1563 1415 1021 181 1017 1087 1149 1089 93 143 1641 1326 1850 315 1116
563 613 736 123 966 0 112 642 1592 246 872 664 649 1365 893 245 188 1588 805 154 913 669 380 637 226 617 584 833 126 844 618 563 502 435 1026 848 363 788 1043 633 915 544 1003 326 925 991 1102 853 659 761 867 920 607 363 905 888 556 942 1015 1172 938 1001 662 765 74 344 628 1279 728 122 833 733 400 223 402 1037 846 953 638 1162 692 428
608 658 781 168 1011 112 0 687 1637 189 917 709 694 1410 938 188 233 1633 849 118 958 714 425 682 271 662 629 878 157 889 663 608 547 480 1071 893 408 833 1087 678 959 589 1048 269 970 1036 1147 898 704 806 912 965 652 306 950 933 600 987 1059 1217 983 1046 706 810 119 389 673 1324 773 145 877 778 445 166 446 1082 891 998 683 1207 737 473
710 392 884 698 1330 642 687 0 1374 848 1236 436 452 874 1257 847 484 1370 313 729 1277 431 527 431 475 981 948 830 701 1208 401 386 866 582 534 357 510 1152 824 423 753 368 1367 929 1289 1355 884 772 442 269 1231 1284 382 965 1269 396 919 451 1379 953 1302 1365 315 1129 627 491 379 1643 875 697 1197 1097 273 826 549 1401 1210 462 393 671 1056 575
1433 1629 1228 1951 2582 1894 1939 1676 0 2101 2488 1673 1688 1031 2509 2099 1737 332 1419 1981 2529 1668 1560 1668 1727 2233 2200 1126 1953 2460 1637 1659 2118 1500 1218 1368 1595 2404 998 1660 1049 1685 2619 2181 2541 2607 842 1068 1678 1469 2483 2536 1618 2218 2521 1322 2172 1268 2631 765 2554 2617 1552 2381 1879 1626 1615 2895 1191 1949 2449 2349 1798 2078 1629 2653 2462 1246 1630 1244 2308 1504
769 819 942 227 1172 246 189 848 1798 0 1078 870 855 1571 1099 63 394 1795 1011 152 1119 875 586 843 432 823 790 1039 191 1050 824 769 708 641 1232 1054 569 994 1249 839 1121 751 1209 303 1131 1198 1308 1059 865 967 1073 1126 814 340 1111 1094 762 1149 1221 1378 1144 1207 868 971 281 550 834 1485 934 179 1039 940 606 41 608 1244 1052 1160 845 1369 899 634
1157 1207 1330 928 137 872 917 1236 2185 1078 0 1257 1243 1959 64 1077 781 2182 1398 958 84 1262 974 1231 819 277 774 1427 931 55 1212 1156 424 1028 1619 1442 957 111 1636 1227 1508 1138 174 925 96 162 1695 1446 1252 1354 1057 91 1201 962 1095 1481 459 1536 186 1765 109 172 1255 125 857 937 1222 1469 1321 927 91 923 993 1055 995 208 53 1547 1232 1756 221 1022
732 389 905 720 1352 664 709 436 1370 870 1257 0 448 870 1278 869 506 1367 309 751 1299 428 549 428 497 1002 970 826 723 1230 397 408 888 604 531 353 532 1174 821 420 749 390 1389 950 1311 1377 880 768 438 266 1253 1306 378 987 1290 393 941 447 1400 950 1324 1387 312 1150 649 513 375 1664 892 719 1218 1119 295 847 571 1423 1231 458 390 667 1078 597
717 405 890 705 1337 649 694 452 1386 855 1243 448 0 886 1263 854 491 1382 325 736 1284 443 534 444 482 987 955 842 708 1215 413 393 873 589 546 369 517 1159 837 435 765 375 1374 935 1296 1362 896 784 454 282 1238 1291 394 972 1275 409 926 463 1385 966 1309 1372 328 1135 634 498 391 1649 882 704 1203 1104 280 832 556 1408 1217 474 405 683 1063 582
906 827 701 1421 2053 1365 1410 874 728 1571 1959 870 886 0 1980 1570 1207 725 617 1452 2000 865 1033 866 1198 1704 1671 599 1424 1931 835 856 1589 973 415 566 1067 1875 471 857 522 883 2090 1652 2012 2078 315 541 876 667 1954 2007 816 1688 1992 519 1642 465 2102 308 2025 2088 750 1852 1350 1098 813 2366 664 1420 1920 1820 996 1549 1102 2124 1933 443 827 441 1779 977
1177 1228 1351 949 103 893 938 1257 2206 1099 64 1278 1263 1980 0 1098 802 2203 1419 979 51 1283 994 1252 840 298 795 1447 952 72 1233 1177 445 1049 1640 1463 977 128 1657 1247 1529 1159 191 946 114 129 1716 1467 1273 1375 1078 109 1222 983 1116 1502 479 1557 197 1786 126 138 1276 146 878 958 1242 1490 1342 948 108 944 1014 1076 1016 178 70 1568 1253 1777 242 1042
768 818 941 226 1171 245 188 847 1797 63 1077 869 854 1570 1098 0 393 1793 1010 150 1118 874 585 842 431 822 789 1038 190 1049 823 768 707 640 1231 1053 568 993 1248 838 1120 750 1208 302 1130 1196 1307 1058 864 966 1072 1125 812 339 1110 1093 761 1148 1220 1377 1143 1206 867 970 279 549 833 1484 933 178 1038 939 605 40 607 1242 1051 1158 843 1367 897 633
405 455 578 244 875 188 233 484 1434 394 781 506 491 1207 802 393 0 1431 647 275 823 511 222 479 102 526 494 675 247 754 460 405 412 277 868 690 205 698 885 475 757 387 913 474 835 901 944 695 501 603 777 830 450 511 814 730 465 785 924 1014 848 910 504 674 173 186 470 1188 570 243 742 643 242 371 244 947 755 796 481 1005 602 270
1437 1633 1232 1954 2586 1898 1943 1680 339 2104 2492 1676 1692 1034 2512 2103 1740 0 1423 1985 2533 1671 1564 1672 1731 2236 2204 1130 1957 2464 1641 1662 2122 1504 1222 1372 1598 2408 1002 1663 1053 1689 2623 2184 2545 2611 846 1072 1682 1473 2487 2540 1622 2221 2524 1325 2175 1271 2634 769 2558 2621 1556 2384 1883 1629 1619 2898 1195 1953 2452 2353 1802 2081 1632 2657 2466 1249 1633 1247 2312 1507
873 266 675 861 1492 805 849 313 1117 1011 1398 309 325 617 1419 1010 647 1113 0 891 1440 305 690 305 637 1143 1110 573 863 1370 274 296 1028 745 299 230 673 1314 568 297 496 322 1529 1091 1452 1518 627 515 315 143 1393 1447 255 1128 1431 270 1082 324 1541 697 1464 1527 189 1291 790 653 252 1805 638 859 1359 1260 435 988 711 1564 1372 327 267 414 1219 738
650 700 823 156 1053 154 118 729 1679 152 958 751 736 1452 979 150 275 1675 891 0 1000 755 467 724 313 703 671 920 120 931 705 649 589 522 1112 935 450 875 1129 720 1001 631 1090 232 1012 1078 1188 940 745 848 954 1007 694 269 991 975 642 1029 1101 1258 1025 1088 748 851 161 430 715 1365 815 108 919 820 487 129 488 1124 932 1040 725 1249 779 515
1198 1248 1371 969 73 913 958 1277 2227 1119 84 1299 1284 2000 51 1118 823 2223 1440 1000 0 1304 1015 1272 861 319 816 1468 972 93 1253 1198 466 1070 1661 1483 998 149 1678 1268 1550 1179 173 967 134 99 1737 1488 1294 1396 1099 129 1242 1003 1136 1523 500 1577 167 1807 147 108 1297 166 898 979 1263 1510 1363 968 128 965 1035 1097 1037 148 91 1588 1273 1797 263 1063
737 384 910 725 1356 669 714 431 1365 875 1262 428 443 865 1283 874 511 1362 305 755 1304 0 554 423 502 1007 975 821 728 1234 392 413 893 609 526 348 537 1179 816 415 744 394 1393 955 1316 1382 875 764 433 261 1257 1311 373 992 1295 388 946 442 1405 945 1328 1391 307 1155 654 517 370 1669 887 724 1223 1124 299 852 575 1428 1236 453 385 662 1083 602
276 498 402 436 1068 380 425 527 1258 586 974 549 534 1033 994 585 222 1254 690 467 1015 554 0 522 213 719 686 499 439 946 503 448 604 320 805 733 248 890 708 518 580 430 1105 666 1027 1093 767 519 544 646 969 1022 492 703 1006 773 657 828 1116 837 1040 1103 547 866 365 229 513 1380 394 435 934 835 285 563 287 1139 948 833 524 831 794 313
705 384 879 693 1325 637 682 431 1366 843 1231 428 444 866 1252 842 479 1362 305 724 1272 423 522 0 470 976 943 822 696 1203 393 381 861 577 526 349 505 1147 816 415 745 363 1362 924 1284 1350 876 764 434 261 1226 1279 374 960 1264 388 914 443 1374 946 1297 1360 307 1124 622 486 371 1638 870 692 1192 1092 268 821 544 1396 1205 454 385 663 1051 570
396 446 569 282 914 226 271 475 1425 432 819 497 482 1198 840 431 102 1421 637 313 861 502 213 470 0 564 532 666 285 792 451 396 450 268 859 681 196 736 875 466 747 377 951 512 873 939 935 686 492 594 815 868 440 549 852 721 503 775 962 1005 886 949 495 712 211 177 461 1226 561 281 780 681 233 409 234 985 793 786 471 995 640 261
901 952 1075 673 371 617 662 981 1930 823 277 1002 987 1704 298 822 526 1927 1143 703 319 1007 719 976 564 0 519 1171 676 249 957 901 169 773 1364 1187 701 193 1381 971 1253 883 408 670 331 397 1440 1191 997 1099 802 326 946 707 840 1226 204 1281 420 1510 343 406 1000 170 602 682 966 1214 1066 672 238 668 738 800 740 443 251 1292 977 1501 138 767
869 919 1042 640 868 584 629 948 1898 790 774 970 955 1671 795 789 494 1894 1110 671 816 975 686 943 532 519 0 1139 643 746 924 869 405 741 1332 1154 669 690 1348 939 1220 850 905 871 828 894 1408 1159 965 1067 322 823 913 907 360 1194 458 1248 917 1478 840 903 967 667 569 650 934 734 1034 639 735 274 706 767 707 940 748 1259 944 1468 595 734
372 783 167 889 1521 833 878 830 824 1039 1427 826 842 599 1447 1038 675 820 573 920 1468 821 499 822 666 1171 1139 0 892 1399 791 812 1057 439 371 521 533 1343 274 813 158 839 1558 1119 1480 1546 334 177 832 623 1422 1475 772 1156 1459 475 1110 421 1569 404 1493 1556 706 1319 818 564 769 1833 140 888 1387 1288 738 1016 567 1592 1401 399 783 397 1247 443
622 672 795 182 1025 126 157 701 1651 191 931 723 708 1424 952 190 247 1647 863 120 972 728 439 696 285 676 643 892 0 903 677 622 561 494 1084 907 422 847 1101 692 973 603 1062 271 984 1050 1161 912 718 820 926 979 666 308 964 947 614 1001 1073 1231 997 1060 720 823 133 402 687 1338 787 147 891 792 459 168 460 1096 905 1012 697 1221 751 487
1129 1179 1302 900 146 844 889 1208 2158 1050 55 1230 1215 1931 72 1049 754 2154 1370 931 93 1234 946 1203 792 249 746 1399 903 0 1184 1129 397 1001 1591 1414 929 118 1608 1199 1480 1110 183 897 105 171 1668 1419 1224 1327 1029 100 1173 934 1067 1454 431 1508 194 1737 118 181 1227 97 829 909 1194 1441 1294 899 99 896 966 1027 967 217 62 1519 1204 1728 193 994
686 354 860 674 1306 618 663 401 1335 824 1212 397 413 835 1233 823 460 1332 274 705 1253 392 503 393 451 957 924 791 677 1184 0 362 842 558 495 318 486 1128 786 384 714 344 1343 905 1265 1331 845 733 403 231 1207 1260 343 941 1245 358 895 412 1355 915 1278 1341 277 1105 603 467 340 1619 851 673 1173 1073 249 802 525 1377 1186 423 354 632 1032 551
631 357 804 619 1250 563 608 386 1356 769 1156 408 393 856 1177 768 405 1353 296 649 1198 413 448 381 396 901 869 812 622 1129 362 0 787 503 517 339 431 1073 807 377 735 289 1287 849 1210 1276 866 755 403 252 1152 1205 351 886 1189 379 840 433 1299 936 1223 1285 298 1049 548 412 361 1563 796 618 1117 1018 193 746 469 1322 1130 444 376 653 977 496
787 837 960 558 518 502 547 866 1816 708 424 888 873 1589 445 707 412 1812 1028 589 466 893 604 861 450 169 405 1057 561 397 842 787 0 659 1250 1072 587 341 1267 857 1138 768 555 777 478 544 1326 1077 883 985 687 473 831 813 725 1112 108 1166 567 1396 491 553 886 317 487 568 852 1099 952 557 385 554 624 686 626 590 398 1177 862 1386 245 652
216 553 342 491 1123 435 480 582 1198 641 1028 604 589 973 1049 640 277 1194 745 522 1070 609 320 577 268 773 741 439 494 1001 558 503 659 0 745 788 303 945 649 573 521 484 1160 721 1082 1148 708 459 599 701 1024 1077 547 758 1061 828 712 795 1171 778 1095 1158 602 921 420 284 568 1435 334 490 989 890 340 618 342 1194 1002 773 578 771 849 287
679 487 473 1082 1713 1026 1071 534 915 1232 1619 531 546 415 1640 1231 868 912 299 1112 1661 526 805 526 859 1364 1332 371 1084 1591 495 517 1250 745 0 248 840 1536 366 518 294 543 1750 1312 1673 1739 425 314 536 349 1614 1668 476 1349 1652 202 1303 148 1762 495 1685 1748 410 1512 1011 871 473 2026 437 1081 1580 1481 656 1209 874 1785 1593 126 488 212 1440 749
829 309 624 904 1536 848 893 357 1066 1054 1442 353 369 566 1463 1053 690 1062 230 935 1483 348 733 349 681 1187 1154 521 907 1414 318 339 1072 788 248 0 716 1358 516 340 445 366 1573 1134 1495 1561 575 464 359 186 1437 1490 299 1171 1475 313 1125 298 1584 645 1508 1571 232 1335 833 697 296 1849 587 903 1403 1303 479 1031 755 1607 1416 276 310 363 1262 781
311 481 437 419 1051 363 408 510 1292 569 957 532 517 1067 977 568 205 1289 673 450 998 537 248 505 196 701 669 533 422 929 486 431 587 303 840 716 0 873 743 501 615 413 1088 649 1010 1076 802 553 527 629 952 1005 475 686 989 756 640 811 1099 872 1023 1086 530 849 348 212 496 1363 428 418 917 818 268 546 270 1122 931 821 506 866 777 296
1073 1123 1246 844 202 788 833 1152 2102 994 111 1174 1159 1875 128 993 698 2098 1314 875 149 1179 890 1147 736 193 690 1343 847 118 1128 1073 341 945 1536 1358 873 0 1552 1143 1424 1054 239 841 161 227 1612 1363 1169 1271 973 156 1117 878 1011 1398 375 1452 250 1682 174 237 1171 41 773 854 1138 1385 1238 843 107 840 910 971 911 273 118 1463 1148 1672 138 938
582 777 376 1099 1730 1043 1087 824 696 1249 1636 821 837 471 1657 1248 885 692 568 1129 1678 816 708 816 875 1381 1348 274 1101 1608 786 807 1267 649 366 516 743 1552 0 808 197 833 1767 1329 1690 1756 283 217 827 617 1631 1685 767 1366 1669 470 1320 416 1779 275 1702 1765 700 1529 1028 774 764 2043 340 1097 1597 1498 947 1226 777 1802 1610 394 778 392 1457 652
701 376 874 689 1321 633 678 423 1357 839 1227 420 435 857 1247 838 475 1354 297 720 1268 415 518 415 466 971 939 813 692 1199 384 377 857 573 518 340 501 1143 808 0 736 359 1358 919 1280 1346 867 756 425 253 1222 1275 365 956 1259 380 910 434 1369 937 1293 1356 299 1119 618 482 362 1633 866 688 1187 1088 264 816 540 1392 1201 445 377 654 1047 566
454 706 248 971 1602 915 959 753 747 1121 1508 749 765 522 1529 1120 757 743 496 1001 1550 744 580 745 747 1253 1220 158 973 1480 714 735 1138 521 294 445 615 1424 197 736 0 762 1639 1201 1562 1628 257 100 755 546 1503 1557 695 1238 1541 398 1192 344 1651 327 1574 1637 629 1401 900 646 692 1915 221 969 1469 1370 820 1098 649 1674 1482 322 706 320 1329 524
613 339 786 601 1232 544 589 368 1383 751 1138 390 375 883 1159 750 387 1379 322 631 1179 394 430 363 377 883 850 839 603 1110 344 289 768 484 543 366 413 1054 833 359 762 0 1269 831 1191 1257 893 781 384 278 1133 1186 333 868 1171 405 822 460 1281 963 1204 1267 324 1031 530 393 354 1545 777 599 1099 1000 175 728 451 1304 1112 471 364 680 958 478
1288 1338 1461 1059 118 1003 1048 1367 2317 1209 174 1389 1374 2090 191 1208 913 2313 1529 1090 173 1393 1105 1362 951 408 905 1558 1062 183 1343 1287 555 1160 1750 1573 1088 239 1767 1358 1639 1269 0 1056 150 95 1826 1578 1383 1486 1188 121 1332 1093 1226 1613 590 1667 42 1896 98 96 1386 256 988 1068 1353 1600 1452 1058 218 1055 1125 1186 1126 65 180 1678 1363 1887 352 1153
722 772 895 180 1060 198 141 801 1751 175 966 823 808 1524 986 174 347 1747 963 104 1007 827 539 796 385 711 743 992 144 938 777 722 661 594 1184 1007 522 882 1201 792 1073 703 1097 0 1019 1085 1261 1012 818 920 1026 1014 766 223 1063 1047 714 1101 1108 1331 1032 1095 820 858 233 502 787 1437 887 131 926 892 559 152 560 1131 940 1112 797 1321 786 587
1210 1260 1383 981 187 925 970 1289 2239 1131 96 1311 1296 2012 114 1130 835 2235 1452 1012 134 1316 1027 1284 873 331 828 1480 984 105 1265 1210 478 1082 1673 1495 1010 161 1690 1280 1562 1191 150 979 0 212 1749 1500 1306 1408 1111 141 1254 1015 1148 1535 512 1589 162 1819 159 222 1309 178 910 991 1275 1522 1375 980 140 977 1047 1109 1049 184 103 1600 1285 1809 275 1075
1276 1326 1449 1048 60 991 1036 1355 2305 1198 162 1377 1362 2078 129 1196 901 2301 1518 1078 99 1382 1093 1350 939 397 894 1546 1050 171 1331 1276 544 1148 1739 1561 1076 227 1756 1346 1628 1257 95 1045 212 0 1815 1566 1372 1474 1177 196 1320 1082 1214 1601 578 1656 90 1885 174 38 1375 245 976 1057 1341 1588 1441 1046 207 1043 1113 1175 1115 70 169 1666 1351 1875 341 1141
641 837 436 1158 1789 1102 1147 884 540 1308 1695 880 896 315 1716 1307 944 537 627 1188 1737 875 767 876 935 1440 1408 334 1161 1668 845 866 1326 708 425 575 802 1612 283 867 257 893 1826 1388 1749 1815 0 276 886 677 1691 1744 826 1425 1728 529 1379 475 1838 120 1762 1824 760 1588 1087 833 823 2102 399 1157 1656 1557 1006 1285 836 1861 1669 453 837 451 1516 711
392 725 187 909 1541 853 898 772 766 1059 1446 768 784 541 1467 1058 695 762 515 940 1488 764 519 764 686 1191 1159 177 912 1419 733 755 1077 459 314 464 553 1363 217 756 100 781 1578 1139 1500 1566 276 0 774 565 1442 1495 714 1176 1479 418 1130 364 1589 346 1513 1575 648 1339 838 584 711 1853 160 908 1407 1308 758 1036 587 1612 1420 342 726 339 1267 462
727 394 900 715 1346 659 704 442 1376 865 1252 438 454 876 1273 864 501 1372 315 745 1294 433 544 434 492 997 965 832 718 1224 403 403 883 599 536 359 527 1169 827 425 755 384 1383 945 1306 1372 886 774 0 271 1248 1301 384 982 1285 399 936 453 1395 956 1318 1381 318 1145 644 507 381 1659 892 714 1213 1114 289 842 565 1418 1226 464 395 673 1073 592
829 222 725 817 1448 761 806 269 1167 967 1354 266 282 667 1375 966 603 1163 143 848 1396 261 646 261 594 1099 1067 623 820 1327 231 252 985 701 349 186 629 1271 617 253 546 278 1486 1047 1408 1474 677 565 271 0 1350 1403 212 1084 1387 226 1038 281 1497 747 1421 1483 145 1247 746 610 209 1761 688 816 1315 1216 392 944 668 1520 1328 292 223 464 1175 694
1152 1202 1325 923 1151 867 912 1231 2181 1073 1057 1253 1238 1954 1078 1072 777 2177 1393 954 1099 1257 969 1226 815 802 322 1422 926 1029 1207 1152 687 1024 1614 1437 952 973 1631 1222 1503 1133 1188 1153 1111 1177 1691 1442 1248 1350 0 1106 1196 1190 195 1477 741 1531 1200 1761 1123 1186 1250 950 852 932 1217 460 1317 922 1018 192 989 1050 990 1223 1031 1542 1227 1751 878 1017
1205 1255 1378 976 182 920 965 1284 2234 1126 91 1306 1291 2007 109 1125 830 2230 1447 1007 129 1311 1022 1279 868 326 823 1475 979 100 1260 1205 473 1077 1668 1490 1005 156 1685 1275 1557 1186 121 974 141 196 1744 1495 1301 1403 1106 0 1249 1011 1143 1530 507 1584 133 1814 142 198 1304 173 905 986 1270 1517 1370 975 135 972 1042 1104 1044 156 98 1595 1280 1804 270 1070
675 335 849 664 1295 607 652 382 1316 814 1201 378 394 816 1222 812 450 1312 255 694 1242 373 492 374 440 946 913 772 666 1173 343 351 831 547 476 299 475 1117 767 365 695 333 1332 894 1254 1320 826 714 384 212 1196 1249 0 931 1234 339 885 393 1344 896 1267 1330 258 1094 592 456 321 1608 837 662 1162 1062 238 791 514 1366 1175 404 335 613 1021 541
733 783 906 191 1071 210 152 812 1762 186 977 834 819 1535 998 185 358 1758 974 115 1018 839 550 807 396 722 754 1003 155 949 788 733 672 605 1196 1018 533 893 1212 803 1084 714 1108 197 1030 1096 1272 1023 829 931 1037 1025 777 0 1075 1058 725 1112 1119 1342 1043 1106 831 870 244 514 798 1449 898 142 938 903 570 163 571 1142 951 1123 808 1332 797 598
1189 1240 1363 961 1189 905 950 1269 2218 1111 1095 1290 1275 1992 1116 1110 814 2215 1431 991 1136 1295 1006 1264 852 840 360 1459 964 1067 1245 1189 725 1061 1652 1475 989 1011 1669 1259 1541 1171 1226 1191 1148 1214 1728 1479 1285 1387 195 1143 1234 1228 0 1514 778 1569 1237 1798 1161 1224 1288 988 890 970 1254 534 1354 960 1056 229 1026 1088 1028 1260 1069 1580 1265 1789 915 1054
782 349 577 944 1576 888 933 396 1019 1094 1481 393 409 519 1502 1093 730 1016 270 975 1523 388 773 388 721 1226 1194 475 947 1454 358 379 1112 828 202 313 756 1398 470 380 398 405 1613 1174 1535 1601 529 418 399 226 1477 1530 339 1211 1514 0 1165 252 1624 599 1548 1611 272 1374 873 737 336 1888 541 943 1442 1343 519 1071 795 1647 1455 230 350 316 1302 821
840 890 1013 612 553 556 600 919 1869 762 459 941 926 1642 479 761 465 1866 1082 642 500 946 657 914 503 204 458 1110 614 431 895 840 108 712 1303 1125 640 375 1320 910 1192 822 590 811 512 578 1379 1130 936 1038 741 507 885 848 778 1165 0 1220 601 1449 525 588 939 351 541 621 905 1152 1005 610 419 607 677 739 679 624 433 1231 916 1439 279 705
728 404 523 999 1630 942 987 451 965 1149 1536 447 463 465 1557 1148 785 962 324 1029 1577 442 828 443 775 1281 1248 421 1001 1508 412 433 1166 795 148 298 811 1452 416 434 344 460 1667 1229 1589 1656 475 364 453 281 1531 1584 393 1266 1569 252 1220 0 1679 545 1602 1665 327 1429 928 791 390 1943 487 997 1497 1398 573 1126 849 1702 1510 176 405 262 1357 799
1299 1350 1473 1071 112 1015 1059 1379 2328 1221 186 1400 1385 2102 197 1220 924 2325 1541 1101 167 1405 1116 1374 962 420 917 1569 1073 194 1355 1299 567 1171 1762 1584 1099 250 1779 1369 1651 1281 42 1068 162 90 1838 1589 1395 1497 1200 133 1344 1105 1237 1624 601 1679 0 1908 110 91 1398 268 1000 1080 1364 1611 1464 1070 230 1066 1136 1198 1138 76 192 1690 1375 1899 364 1164
711 906 506 1228 1859 1172 1217 953 463 1378 1765 950 966 308 1786 1377 1014 459 697 1258 1807 945 837 946 1005 1510 1478 404 1231 1737 915 936 1396 778 495 645 872 1682 275 937 327 963 1896 1458 1819 1885 120 346 956 747 1761 1814 896 1495 1798 599 1449 545 1908 0 1831 1894 829 1658 1157 903 893 2172 469 1227 1726 1627 1076 1355 906 1931 1739 523 907 521 1586 781
1223 1273 1396 994 196 938 983 1302 2252 1144 109 1324 1309 2025 126 1143 848 2248 1464 1025 147 1328 1040 1297 886 343 840 1493 997 118 1278 1223 491 1095 1685 1508 1023 174 1702 1293 1574 1204 98 991 159 174 1762 1513 1318 1421 1123 142 1267 1028 1161 1548 525 1602 110 1831 0 175 1321 191 923 1003 1288 1535 1388 993 153 990 1060 1121 1061 133 116 1613 1298 1822 287 1088
1286 1336 1459 1057 61 1001 1046 1365 2315 1207 172 1387 1372 2088 138 1206 910 2311 1527 1088 108 1391 1103 1360 949 406 903 1556 1060 181 1341 1285 553 1158 1748 1571 1086 237 1765 1356 1637 1267 96 1054 222 38 1824 1575 1381 1483 1186 198 1330 1091 1224 1611 588 1665 91 1894 175 0 1384 254 986 1066 1351 1598 1450 1056 216 1052 1122 1184 1124 71 178 1676 1361 1885 350 1151
730 268 808 718 1349 662 706 315 1250 868 1255 312 328 750 1276 867 504 1246 189 748 1297 307 547 307 495 1000 967 706 720 1227 277 298 886 602 410 232 530 1171 700 299 629 324 1386 948 1309 1375 760 648 318 145 1250 1304 258 985 1288 272 939 327 1398 829 1321 1384 0 1148 647 510 255 1662 771 717 1216 1117 292 845 568 1421 1229 338 269 547 1076 595
1049 1100 1223 821 219 765 810 1129 2078 971 125 1150 1135 1852 146 970 674 2075 1291 851 166 1155 866 1124 712 170 667 1319 823 97 1105 1049 317 921 1512 1335 849 41 1529 1119 1401 1031 256 818 178 245 1588 1339 1145 1247 950 173 1094 855 988 1374 351 1429 268 1658 191 254 1148 0 750 830 1114 1362 1214 820 86 816 886 948 888 291 99 1440 1125 1649 114 914
548 598 721 131 951 74 119 627 1577 281 857 649 634 1350 878 279 173 1573 790 161 898 654 365 622 211 602 569 818 133 829 603 548 487 420 1011 833 348 773 1028 618 900 530 988 361 910 976 1087 838 644 746 852 905 592 398 890 873 541 928 1000 1157 923 986 647 750 0 329 613 1264 713 129 818 719 385 258 387 1023 831 938 623 1147 677 413
341 462 467 400 1031 344 389 491 1323 550 937 513 498 1098 958 549 186 1320 653 430 979 517 229 486 177 682 650 564 402 909 467 412 568 284 871 697 212 854 774 482 646 393 1068 630 991 1057 833 584 507 610 932 986 456 667 970 737 621 791 1080 903 1003 1066 510 830 329 0 477 1344 459 399 898 799 249 527 250 1103 911 802 487 897 758 277
696 332 869 684 1316 628 673 379 1313 834 1222 375 391 813 1242 833 470 1309 252 715 1263 370 513 371 461 966 934 769 687 1194 340 361 852 568 473 296 496 1138 764 362 692 354 1353 914 1275 1341 823 711 381 209 1217 1270 321 951 1254 336 905 390 1364 893 1288 1351 255 1114 613 477 0 1628 834 683 1182 1083 259 811 535 1387 1196 401 332 610 1042 561
1563 1614 1737 1335 1563 1279 1324 1643 2592 1485 1469 1664 1649 2366 1490 1484 1188 2589 1805 1365 1510 1669 1380 1638 1226 1214 734 1833 1338 1441 1619 1563 1099 1435 2026 1849 1363 1385 2043 1633 1915 1545 1600 1565 1522 1588 2102 1853 1659 1761 460 1517 1608 1602 534 1888 1152 1943 1611 2172 1535 1598 1662 1362 1264 1344 1628 0 1728 1334 1430 603 1400 1462 1402 1634 1443 1954 1639 2163 1289 1428
267 846 62 784 1415 728 773 875 889 934 1321 892 882 664 1342 933 570 886 638 815 1363 887 394 870 561 1066 1034 140 787 1294 851 796 952 334 437 587 428 1238 340 866 221 777 1452 1014 1375 1441 399 160 892 688 1317 1370 837 1051 1354 541 1005 487 1464 469 1388 1450 771 1214 713 459 834 1728 0 783 1282 1183 633 911 462 1487 1295 465 849 463 1142 337
618 668 791 178 1021 122 145 697 1647 179 927 719 704 1420 948 178 243 1643 859 108 968 724 435 692 281 672 639 888 147 899 673 618 557 490 1081 903 418 843 1097 688 969 599 1058 259 980 1046 1157 908 714 816 922 975 662 296 960 943 610 997 1070 1227 993 1056 717 820 129 399 683 1334 783 0 888 788 455 156 456 1092 901 1008 693 1217 747 483
1117 1168 1291 889 181 833 877 1197 2146 1039 91 1218 1203 1920 108 1038 742 2143 1359 919 128 1223 934 1192 780 238 735 1387 891 99 1173 1117 385 989 1580 1403 917 107 1597 1187 1469 1099 218 886 140 207 1656 1407 1213 1315 1018 135 1162 923 1056 1442 419 1497 230 1726 153 216 1216 86 818 898 1182 1430 1282 888 0 884 954 1016 956 253 97 1508 1193 1717 182 982
1018 1068 1191 790 1017 733 778 1097 2047 940 923 1119 1104 1820 944 939 643 2043 1260 820 965 1124 835 1092 681 668 274 1288 792 896 1073 1018 554 890 1481 1303 818 840 1498 1088 1370 1000 1055 1020 977 1043 1557 1308 1114 1216 192 972 1062 1057 229 1343 607 1398 1066 1627 990 1052 1117 816 719 799 1083 603 1183 788 884 0 855 917 857 1089 897 1408 1093 1617 744 883
468 244 641 456 1087 400 445 273 1496 606 993 295 280 996 1014 605 242 1492 435 487 1035 299 285 268 233 738 706 738 459 966 249 193 624 340 656 479 268 910 947 264 820 175 1125 686 1047 1113 1006 758 289 392 989 1042 238 723 1026 519 677 573 1136 1076 1060 1122 292 886 385 249 259 1400 633 455 954 855 0 583 307 1159 967 584 269 793 814 333
746 796 920 204 1149 223 166 826 1775 41 1055 847 832 1549 1076 40 371 1772 988 129 1097 852 563 821 409 800 767 1016 168 1027 802 746 686 618 1209 1031 546 971 1226 816 1098 728 1186 280 1109 1175 1285 1036 842 944 1050 1104 791 317 1088 1071 739 1126 1198 1355 1121 1184 845 948 258 527 811 1462 911 156 1016 917 583 0 585 1221 1029 1137 822 1346 876 611
345 520 471 458 1089 402 446 549 1326 608 995 571 556 1102 1016 607 244 1323 711 488 1037 575 287 544 234 740 707 567 460 967 525 469 626 342 874 755 270 911 777 540 649 451 1126 688 1049 1115 836 587 565 668 990 1044 514 725 1028 795 679 849 1138 906 1061 1124 568 888 387 250 535 1402 462 456 956 857 307 585 0 1161 969 860 545 900 816 335
1322 1372 1495 1094 93 1037 1082 1401 2351 1244 208 1423 1408 2124 178 1242 947 2347 1564 1124 148 1428 1139 1396 985 443 940 1592 1096 217 1377 1322 590 1194 1785 1607 1122 273 1802 1392 1674 1304 65 1091 184 70 1861 1612 1418 1520 1223 156 1366 1128 1260 1647 624 1702 76 1931 133 71 1421 291 1023 1103 1387 1634 1487 1092 253 1089 1159 1221 1161 0 215 1712 1397 1921 387 1187
1131 1181 1304 902 143 846 891 1210 2159 1052 53 1231 1217 1933 70 1051 755 2156 1372 932 91 1236 948 1205 793 251 748 1401 905 62 1186 1130 398 1002 1593 1416 931 118 1610 1201 1482 1112 180 899 103 169 1669 1420 1226 1328 1031 98 1175 936 1069 1455 433 1510 192 1739 116 178 1229 99 831 911 1196 1443 1295 901 97 897 967 1029 969 215 0 1521 1206 1730 195 996
706 415 501 1010 1641 953 998 462 943 1160 1547 458 474 443 1568 1158 796 940 327 1040 1588 453 833 454 786 1292 1259 399 1012 1519 423 444 1177 773 126 276 821 1463 394 445 322 471 1678 1240 1600 1666 453 342 464 292 1542 1595 404 1277 1580 230 1231 176 1690 523 1613 1676 338 1440 938 802 401 1954 465 1008 1508 1408 584 1137 860 1712 1521 0 415 240 1367 777
706 346 880 695 1326 638 683 393 1327 845 1232 390 405 827 1253 843 481 1324 267 725 1273 385 524 385 471 977 944 783 697 1204 354 376 862 578 488 310 506 1148 778 377 706 364 1363 925 1285 1351 837 726 395 223 1227 1280 335 962 1265 350 916 405 1375 907 1298 1361 269 1125 623 487 332 1639 849 693 1193 1093 269 822 545 1397 1206 415 0 624 1052 572
704 624 499 1219 1850 1162 1207 671 941 1369 1756 667 683 441 1777 1367 1005 938 414 1249 1797 662 831 663 995 1501 1468 397 1221 1728 632 653 1386 771 212 363 866 1672 392 654 320 680 1887 1449 1809 1875 451 339 673 464 1751 1804 613 1486 1789 316 1439 262 1899 521 1822 1885 547 1649 1147 897 610 2163 463 1217 1717 1617 793 1346 900 1921 1730 240 624 0 1576 775
977 1027 1150 749 315 692 737 1056 2006 899 221 1078 1063 1779 242 897 602 2002 1219 779 263 1083 794 1051 640 138 595 1247 751 193 1032 977 245 849 1440 1262 777 138 1457 1047 1329 958 352 746 275 341 1516 1267 1073 1175 878 270 1021 783 915 1302 279 1357 364 1586 287 350 1076 114 677 758 1042 1289 1142 747 182 744 814 876 816 387 195 1367 1052 1576 0 842
220 546 346 484 1116 428 473 575 1201 634 1022 597 582 977 1042 633 270 1198 738 515 1063 602 313 570 261 767 734 443 487 994 551 496 652 287 749 781 296 938 652 566 524 478 1153 714 1075 1141 711 462 592 694 1017 1070 541 751 1054 821 705 799 1164 781 1088 1151 595 914 413 277 561 1428 337 483 982 883 333 611 335 1187 996 777 572 775 842 0
EOF