NAME : tsp_problem
TYPE : TSP
DIMENSION : 58
EDGE_WEIGHT_TYPE : EXPLICIT
EDGE_WEIGHT_FORMAT : FULL_MATRIX
EDGE_WEIGHT_SECTION
0 335 484 920 509 532 781 344 1423 345 973 3458 1131 348 353 866 803 1124 694 271 515 413 407 941 457 168 516 737 111 266 318 634 649 1074 797 476 268 997 311 274 1050 1014 175 811 371 334 854 1003 1026 371 1076 1049 705 1075 358 597 665 156
335 0 782 1217 807 830 1079 392 1343 354 1271 3224 1050 400 408 1164 1101 1422 992 569 812 710 704 1238 223 466 282 503 255 564 350 400 946 1372 563 774 566 1294 609 368 1347 1311 269 627 669 337 621 922 1323 292 842 1346 1003 1373 378 363 962 284
484 782 0 1247 837 859 1108 791 988 792 1300 3146 696 796 801 1193 1130 1451 1021 287 91 740 734 1268 781 495 738 536 558 259 766 623 976 1401 485 803 290 1324 638 721 1377 1341 622 376 698 781 543 568 1353 819 764 1376 1032 1402 805 645 992 604
920 1217 1247 0 1055 1078 923 1227 2185 1227 96 4340 1893 1231 1236 104 163 1266 274 1033 1277 958 952 64 1339 781 1398 1619 993 1028 1201 1516 791 197 1679 501 1030 120 857 1156 173 137 1057 1573 917 1216 1737 1765 149 1254 1959 172 358 198 1241 1479 277 1039
509 807 837 1055 0 41 917 816 1775 817 1109 3930 1483 821 826 1002 938 1260 830 623 867 129 138 1076 929 371 988 1209 583 618 791 1106 784 1210 1269 612 620 1132 258 746 1185 1149 647 1163 166 806 1327 1355 1161 844 1549 1184 726 1210 830 1069 800 629
532 830 859 1078 41 0 940 839 1798 840 1131 3953 1506 843 848 1025 961 1282 853 646 890 152 161 1099 952 394 1011 1232 606 641 814 1129 807 1233 1292 635 643 1155 281 769 1208 1172 670 1186 189 829 1350 1378 1184 866 1571 1207 749 1233 853 1092 823 652
781 1079 1108 923 917 940 0 1088 2047 1089 977 4202 1755 1092 1097 870 807 774 698 895 1139 820 814 944 1201 643 1260 1481 855 890 1062 1378 291 1078 1541 480 892 1001 719 1018 1054 1017 919 1435 778 1078 1599 1627 1029 1115 1820 1052 709 1079 1102 1341 668 900
344 392 791 1227 816 839 1088 0 1357 368 1280 3239 1065 415 423 1173 1110 1431 1001 578 822 720 714 1247 238 475 297 518 264 573 365 415 956 1381 578 783 575 1304 618 377 1357 1321 278 641 678 351 635 937 1333 307 857 1356 1012 1382 393 378 971 294
1726 1645 1291 2488 2078 2101 2349 1660 0 1621 2541 3828 636 1668 1676 2434 2371 2692 2262 1528 1255 1981 1975 2509 1463 1737 1419 1218 1798 1500 1618 1305 2217 2642 1167 2044 1531 2565 1879 1659 2618 2582 1780 1058 1939 1604 1225 765 2594 1560 1031 2617 2273 2643 1646 1327 2233 1828
345 354 792 1227 817 840 1089 368 1319 0 1281 3200 1027 377 385 1174 1111 1432 1002 579 822 720 714 1248 200 476 258 479 264 574 327 377 956 1382 540 784 576 1304 619 367 1357 1321 279 603 679 313 597 899 1333 269 819 1356 1013 1382 355 339 972 294
973 1271 1300 96 1109 1131 977 1280 2239 1281 0 4393 1947 1284 1289 154 217 1320 327 1087 1330 1012 1006 114 1393 835 1452 1673 1047 1082 1254 1570 844 173 1733 554 1084 170 910 1210 149 187 1111 1627 970 1269 1790 1819 125 1307 2012 222 412 174 1294 1533 331 1092
3458 3224 3146 4340 3930 3953 4202 3239 3525 3200 4393 0 3233 3247 3255 4287 4223 4544 4115 3383 3110 3833 3827 4361 3041 3589 2998 2797 3377 3356 3197 2884 4069 4495 2686 3897 3386 4417 3732 3238 4470 4434 3359 2809 3791 3183 2629 3105 4446 3139 3025 4469 4125 4495 3225 2906 4085 3407
1131 1050 696 1893 1483 1506 1755 1065 333 1027 1947 3233 0 1074 1081 1840 1777 2098 1668 933 660 1386 1380 1914 868 1142 825 623 1204 906 1024 710 1622 2048 573 1450 936 1970 1285 1064 2023 1987 1185 463 1345 1010 630 171 1999 965 436 2022 1679 2049 1052 732 1638 1234
348 400 796 1231 821 843 1092 415 1366 377 1284 3247 1074 0 431 1177 1114 1435 1005 582 826 724 718 1252 246 479 305 526 268 577 374 423 960 1385 586 787 579 1308 622 381 1361 1325 282 650 682 360 644 946 1337 315 866 1360 1016 1386 402 386 976 298
353 408 801 1236 826 848 1097 423 1374 385 1289 3255 1081 431 0 1182 1119 1440 1010 587 831 729 723 1257 254 484 313 534 273 582 382 431 965 1390 594 792 584 1313 627 386 1366 1330 287 658 687 368 652 953 1342 323 874 1365 1021 1391 409 394 981 303
866 1164 1193 104 1002 1025 870 1173 2132 1174 154 4287 1840 1177 1182 0 110 1213 220 980 1223 905 899 122 1286 728 1345 1566 940 975 1147 1463 737 255 1626 447 977 178 803 1103 231 195 1004 1520 863 1163 1683 1712 207 1200 1905 230 305 256 1187 1426 224 985
803 1101 1130 163 938 961 807 1110 2069 1111 217 4223 1777 1114 1119 110 0 1149 159 917 1160 842 836 184 1223 665 1281 1502 877 912 1084 1400 674 318 1563 384 913 240 740 1040 293 257 940 1456 800 1099 1620 1649 269 1137 1842 292 242 318 1124 1363 163 922
1135 1433 1462 1277 1271 1294 774 1442 2401 1443 1331 4556 2109 1446 1451 1224 1161 0 1052 1249 1493 1174 1168 1298 1555 997 1614 1835 1209 1244 1417 1732 968 1432 1895 834 1246 1355 1073 1372 1408 1372 1273 1789 1132 1432 1953 1981 1384 1469 2174 1407 1063 1433 1456 1695 1022 1255
694 992 1021 274 830 853 698 1001 1960 1002 327 4115 1668 1005 1010 220 159 1041 0 808 1051 733 727 294 1114 556 1173 1394 768 803 975 1291 565 428 1454 275 805 351 631 931 404 368 832 1348 691 991 1511 1540 380 1028 1733 403 133 429 1015 1254 92 813
271 569 287 1033 623 646 895 578 1225 579 1087 3383 933 582 587 980 917 1238 808 0 317 527 520 1054 691 282 750 773 345 311 552 860 763 1188 722 590 341 1111 425 508 1164 1128 409 613 485 568 780 805 1140 605 1001 1163 819 1189 592 831 778 390
515 812 91 1277 867 890 1139 822 952 822 1330 3110 660 826 831 1223 1160 1481 1051 317 0 770 764 1298 745 526 701 500 588 289 796 587 1006 1431 449 834 320 1354 668 751 1407 1371 652 340 728 811 507 532 1383 842 727 1406 1062 1432 836 609 1022 634
413 710 740 958 129 152 820 720 1679 720 1012 3833 1386 724 729 905 842 1163 733 527 770 0 90 979 832 275 891 1112 487 522 694 1010 688 1113 1173 515 523 1036 161 649 1089 1053 550 1066 118 709 1230 1258 1065 747 1452 1088 678 1114 734 972 703 532
407 704 734 952 138 161 814 714 1672 714 1006 3827 1380 718 723 899 836 1157 727 520 764 90 0 973 826 268 885 1106 480 515 688 1003 681 1107 1166 509 517 1029 155 643 1082 1046 544 1060 127 703 1224 1252 1058 741 1446 1081 688 1108 728 966 697 526
941 1238 1268 64 1076 1099 944 1247 2206 1248 114 4361 1914 1252 1257 122 184 1287 294 1054 1298 979 973 0 1360 802 1419 1640 1014 1049 1222 1537 812 189 1700 521 1051 86 878 1177 190 103 1078 1594 938 1237 1758 1786 166 1275 1980 138 379 189 1262 1500 298 1060
457 223 781 1339 929 952 1201 238 1160 200 1393 3041 868 246 254 1286 1223 1544 1114 691 745 832 826 1360 0 588 128 342 376 686 196 246 1068 1494 381 896 688 1416 731 237 1469 1433 358 444 791 183 438 740 1445 138 660 1468 1125 1495 224 209 1084 406
168 466 495 781 371 394 643 475 1434 476 835 3589 1142 479 484 728 665 986 556 282 526 275 268 802 588 0 647 868 242 277 450 765 511 936 928 338 279 859 173 405 912 875 306 822 233 465 986 1014 887 502 1207 910 567 937 489 728 526 288
516 282 738 1398 988 1011 1260 297 1117 258 1452 2998 825 305 313 1345 1281 1602 1173 750 701 891 885 1419 128 647 0 299 435 745 255 305 1127 1553 338 955 746 1475 790 296 1528 1492 417 401 849 241 395 697 1504 197 617 1527 1183 1553 283 268 1143 465
737 503 536 1619 1209 1232 1481 518 915 479 1673 2797 623 526 534 1566 1502 1824 1394 773 500 1112 1106 1640 342 868 299 0 656 745 476 185 1348 1774 136 1176 776 1696 1011 517 1749 1713 638 199 1071 462 194 495 1725 418 415 1748 1404 1774 504 207 1364 686
111 255 558 993 583 606 855 264 1496 264 1047 3377 1204 268 273 940 877 1198 768 345 588 487 480 1014 376 242 435 656 0 340 238 554 723 1148 717 550 342 1071 385 193 1124 1087 94 780 445 253 774 1076 1099 291 996 1122 779 1149 278 516 738 76
266 564 259 1028 618 641 890 573 1198 574 1082 3356 906 577 582 975 912 1233 803 311 289 522 515 1049 686 277 745 745 340 0 547 833 758 1183 695 585 314 1106 420 503 1159 1123 404 586 480 563 752 778 1135 600 973 1158 814 1184 587 826 773 385
318 350 766 1201 791 814 1062 365 1316 327 1254 3197 1024 374 382 1147 1084 1405 975 552 796 694 688 1222 196 450 255 476 238 547 0 374 930 1355 537 757 549 1278 592 351 1331 1295 252 600 652 310 594 896 1307 266 816 1330 986 1356 352 336 946 268
634 400 623 1516 1106 1129 1378 415 1003 377 1570 2884 710 423 431 1463 1400 1721 1291 860 587 1010 1003 1537 246 765 305 185 554 833 374 0 1246 1671 223 1073 863 1594 908 414 1647 1611 535 287 968 360 281 582 1623 315 502 1646 1302 1672 401 294 1261 584
649 946 976 791 784 807 291 956 1915 956 844 4069 1622 960 965 737 674 968 565 763 1006 688 681 812 1068 511 1127 1348 723 758 930 1246 0 945 1409 347 759 868 586 885 921 885 786 1302 646 945 1466 1494 897 983 1688 920 576 946 970 1208 536 768
1074 1372 1401 197 1210 1233 1078 1381 2340 1382 173 4495 2048 1385 1390 255 318 1421 428 1188 1431 1113 1107 189 1494 936 1553 1774 1148 1183 1355 1671 945 0 1834 655 1185 123 1011 1311 53 104 1212 1728 1071 1371 1891 1920 70 1408 2113 82 513 78 1395 1634 432 1193
797 563 485 1679 1269 1292 1541 578 865 540 1733 2686 573 586 594 1626 1563 1884 1454 722 449 1173 1166 1700 381 928 338 136 717 695 537 223 1409 1834 0 1236 725 1757 1071 577 1810 1773 698 149 1131 523 143 445 1785 478 365 1808 1465 1835 564 245 1424 746
476 774 803 501 612 635 480 783 1742 784 554 3897 1450 787 792 447 384 823 275 590 834 515 509 521 896 338 955 1176 550 585 757 1073 347 655 1236 0 587 578 413 713 631 595 614 1130 473 773 1293 1322 607 810 1515 630 286 656 797 1036 245 595
268 566 290 1030 620 643 892 575 1228 576 1084 3386 936 579 584 977 913 1235 805 341 320 523 517 1051 688 279 746 776 342 314 549 863 759 1185 725 587 0 1107 422 505 1160 1124 405 616 482 564 783 808 1136 602 1004 1159 815 1185 589 828 775 387
997 1294 1324 120 1132 1155 1001 1304 2263 1304 170 4417 1970 1308 1313 178 240 1343 351 1111 1354 1036 1029 86 1416 859 1475 1696 1071 1106 1278 1594 868 123 1757 578 1107 0 934 1233 142 102 1134 1650 994 1293 1814 1842 164 1331 2036 80 435 123 1318 1556 354 1116
311 609 638 857 258 281 719 618 1577 619 910 3732 1285 622 627 803 740 1061 631 425 668 161 155 878 731 173 790 1011 385 420 592 908 586 1011 1071 413 422 934 0 548 987 951 449 965 119 608 1128 1157 963 645 1350 986 642 1012 632 871 602 430
274 368 721 1156 746 769 1018 377 1356 367 1210 3238 1064 381 386 1103 1040 1361 931 508 751 649 643 1177 237 405 296 517 193 503 351 414 885 1311 577 713 505 1233 548 0 1286 1250 208 640 608 350 634 936 1262 306 856 1285 942 1312 391 377 901 223
1050 1347 1377 173 1185 1208 1054 1357 2316 1357 149 4470 2023 1361 1366 231 293 1396 404 1164 1407 1089 1082 190 1469 912 1528 1749 1124 1159 1331 1647 921 53 1810 631 1160 142 987 1286 0 123 1187 1703 1047 1346 1867 1895 46 1384 2089 101 488 54 1371 1609 407 1169
1014 1311 1341 137 1149 1172 1017 1321 2280 1321 187 4434 1987 1325 1330 195 257 1360 368 1128 1371 1053 1046 103 1433 875 1492 1713 1087 1123 1295 1611 885 104 1773 595 1124 102 951 1250 123 0 1151 1667 1011 1310 1831 1859 145 1348 2053 61 452 104 1335 1573 371 1133
175 269 622 1057 647 670 919 278 1477 279 1111 3359 1185 282 287 1004 940 1262 832 409 652 550 544 1078 358 306 417 638 94 404 252 535 786 1212 698 614 405 1134 449 208 1187 1151 0 761 509 267 756 1057 1163 305 977 1186 842 1212 292 498 802 124
811 627 376 1573 1163 1186 1435 641 756 603 1627 2809 463 650 658 1520 1456 1778 1348 613 340 1066 1060 1594 444 822 401 199 780 586 600 287 1302 1728 149 1130 616 1650 965 640 1703 1667 761 0 1024 586 206 335 1679 542 428 1702 1358 1728 628 309 1318 810
371 669 698 917 166 189 778 678 1637 679 970 3791 1345 682 687 863 800 1121 691 485 728 118 127 938 791 233 849 1071 445 480 652 968 646 1071 1131 473 482 994 119 608 1047 1011 509 1024 0 667 1188 1217 1023 705 1410 1046 702 1072 692 931 662 490
334 337 781 1216 806 829 1078 351 1302 313 1269 3183 1010 360 368 1163 1099 1420 991 568 811 709 703 1237 183 465 241 462 253 563 310 360 945 1371 523 773 564 1293 608 350 1346 1310 267 586 667 0 580 882 1322 252 802 1345 1001 1371 338 322 961 283
854 621 543 1737 1327 1350 1599 635 922 597 1790 2629 630 644 652 1683 1620 1941 1511 780 507 1230 1224 1758 438 986 395 194 774 752 594 281 1466 1891 143 1293 783 1814 1128 634 1867 1831 756 206 1188 580 0 502 1843 536 422 1866 1522 1892 622 303 1482 804
1003 922 568 1765 1355 1378 1627 937 463 899 1819 3105 171 946 953 1712 1649 1970 1540 805 532 1258 1252 1786 740 1014 697 495 1076 778 896 582 1494 1920 445 1322 808 1842 1157 936 1895 1859 1057 335 1217 882 502 0 1871 837 308 1894 1551 1920 924 604 1510 1106
1026 1323 1353 149 1161 1184 1029 1333 2292 1333 125 4446 1999 1337 1342 207 269 1372 380 1140 1383 1065 1058 166 1445 887 1504 1725 1099 1135 1307 1623 897 70 1785 607 1136 164 963 1262 46 145 1163 1679 1023 1322 1843 1871 0 1360 2065 123 464 71 1347 1585 383 1145
371 292 819 1254 844 866 1115 307 1258 269 1307 3139 965 315 323 1200 1137 1458 1028 605 842 747 741 1275 138 502 197 418 291 600 266 315 983 1408 478 810 602 1331 645 306 1384 1348 305 542 705 252 536 837 1360 0 758 1383 1039 1409 293 278 999 321
1076 842 764 1959 1549 1571 1820 857 728 819 2012 3025 436 866 874 1905 1842 2163 1733 1001 727 1452 1446 1980 660 1207 617 415 996 973 816 502 1688 2113 365 1515 1004 2036 1350 856 2089 2053 977 428 1410 802 422 308 2065 758 0 2088 1744 2114 844 524 1704 1026
1049 1346 1376 172 1184 1207 1052 1356 2315 1356 222 4469 2022 1360 1365 230 292 1395 403 1163 1406 1088 1081 138 1468 910 1527 1748 1122 1158 1330 1646 920 82 1808 630 1159 80 986 1285 101 61 1186 1702 1046 1345 1866 1894 123 1383 2088 0 487 82 1370 1608 406 1168
705 1003 1032 358 726 749 709 1012 1971 1013 412 4125 1679 1016 1021 305 242 1051 133 819 1062 677 687 379 1125 567 1183 1404 779 814 986 1302 576 513 1465 286 815 435 642 942 488 452 842 1358 702 1001 1522 1551 464 1039 1744 487 0 513 1026 1265 103 824
1075 1373 1402 198 1210 1233 1079 1382 2341 1382 174 4495 2049 1386 1391 256 318 1421 429 1189 1432 1114 1108 189 1495 937 1553 1774 1149 1184 1356 1672 946 78 1835 656 1185 123 1012 1312 54 104 1212 1728 1072 1371 1892 1920 71 1409 2114 82 513 0 1396 1635 432 1194
358 378 805 1241 830 853 1102 393 1344 355 1294 3225 1052 402 409 1187 1124 1445 1015 592 836 734 728 1262 224 489 283 504 278 587 352 401 970 1395 564 797 589 1318 632 391 1371 1335 292 628 692 338 622 924 1347 293 844 1370 1026 1396 0 364 986 308
597 363 645 1479 1069 1092 1341 378 1025 339 1533 2906 732 386 394 1426 1363 1684 1254 831 609 972 966 1500 209 728 268 207 516 826 336 294 1208 1634 245 1036 828 1556 871 377 1609 1573 498 309 931 322 303 604 1585 278 524 1608 1265 1635 364 0 1224 546
665 962 992 277 800 823 668 971 1930 972 331 4085 1638 976 981 224 163 1011 92 778 1022 703 697 298 1084 526 1143 1364 738 773 946 1261 536 432 1424 245 775 354 602 901 407 371 802 1318 662 961 1482 1510 383 999 1704 406 103 432 986 1224 0 784
156 284 604 1039 629 652 900 294 1526 294 1092 3407 1234 298 303 985 922 1243 813 390 634 532 526 1060 406 288 465 686 76 385 268 584 768 1193 746 595 387 1116 430 223 1169 1133 124 810 490 283 804 1106 1145 321 1026 1168 824 1194 308 546 784 0
EOF