NAME : tsp_problem
TYPE : TSP
DIMENSION : 64
EDGE_WEIGHT_TYPE : EXPLICIT
EDGE_WEIGHT_FORMAT : FULL_MATRIX
EDGE_WEIGHT_SECTION
0 922 2144 658 597 422 1430 774 919 1188 1737 661 344 438 1709 1128 1466 378 1830 1823 605 1691 652 303 1630 355 804 1683 1166 1903 708 1823 1673 867 1891 1941 847 491 580 591 1348 1143 143 183 1776 1367 432 1778 1440 1449 502 1880 1711 1783 1836 1200 243 345 2062 1620 1467 444 1775 206
1225 0 2895 1683 1621 1031 2181 1798 332 1939 2488 1685 1368 1463 2460 1879 2217 1126 2581 2574 1629 2442 1676 1327 2381 1380 1828 2434 1917 2653 1732 2574 2424 1696 2642 2692 1595 1515 1604 1615 2099 1894 1167 1207 2526 2118 842 2529 2191 2200 765 2631 2462 2533 2587 1951 1268 1369 2813 2371 2218 1191 2526 1058
2144 2592 0 1655 1634 2366 1565 1400 2589 1324 1469 1545 1849 1746 1441 1264 798 1833 1644 1555 1614 1423 1643 1886 1362 1830 1446 1415 1301 1634 1495 1638 1405 1297 1623 434 1363 1703 1623 1628 1484 1279 2086 2037 420 1099 2102 1510 1172 734 2172 1611 1443 1514 1651 1335 1943 1880 182 1352 1602 1728 1506 1980
658 1380 1655 0 391 880 941 285 1377 699 1248 380 363 261 1220 639 977 836 1341 1334 399 1202 446 401 1141 344 315 1194 677 1413 331 1334 1184 378 1402 1452 522 285 374 385 859 654 601 551 1286 878 890 1289 951 960 960 1391 1222 1294 1347 711 457 395 1573 1131 978 887 1286 664
597 1319 1634 391 0 819 920 264 1316 679 1227 359 302 200 1199 619 956 775 1320 1313 338 1182 385 339 1120 283 294 1174 656 1393 310 1314 1163 357 1382 1432 502 224 313 324 839 634 540 490 1266 858 829 1269 930 940 899 1370 1201 1273 1327 690 396 334 1553 1111 957 840 1265 603
422 728 2366 880 819 0 1652 996 725 1410 1959 883 566 660 1931 1350 1688 599 2052 2045 827 1913 874 524 1852 577 1026 1905 1388 2124 930 2045 1895 1089 2113 2163 1067 713 802 813 1570 1365 365 405 1997 1589 315 2000 1662 1671 308 2102 1933 2004 2058 1421 465 567 2284 1842 1688 664 1997 428
1302 1751 1437 813 793 1524 0 559 1747 141 966 703 1007 905 938 233 760 992 586 1051 772 920 801 1045 858 988 604 912 180 1131 654 580 901 456 1120 1235 522 862 781 787 174 198 1245 1195 1069 661 1261 1007 727 743 1331 1108 940 1011 593 180 1101 1039 1356 849 223 887 1003 1138
774 1496 1400 285 264 996 686 0 1492 445 993 175 479 376 966 385 723 738 1086 1079 244 948 273 516 886 460 76 940 423 1159 126 1080 929 124 1148 1198 268 334 253 259 605 400 717 667 1032 624 1006 1035 696 706 1076 1136 967 1039 1093 456 573 511 1319 877 723 633 1031 780
1228 339 2898 1686 1625 1034 2184 1802 0 1943 2492 1689 1372 1466 2464 1883 2221 1130 2584 2577 1633 2446 1680 1331 2384 1383 1832 2438 1921 2657 1736 2578 2427 1700 2646 2696 1598 1519 1608 1619 2103 1898 1171 1211 2530 2122 846 2533 2194 2204 769 2634 2466 2537 2591 1954 1271 1373 2817 2375 2221 1195 2529 1062
1188 1637 1324 699 679 1410 269 445 1633 0 917 589 893 791 889 119 646 878 669 1002 658 871 687 931 810 874 490 863 135 1082 540 662 853 342 1071 1121 408 748 667 673 188 112 1131 1081 955 547 1147 958 620 629 1217 1059 891 962 675 168 987 925 1242 800 306 773 954 1024
1737 2185 1469 1248 1227 1959 925 993 2182 917 0 1138 1442 1339 55 857 791 1427 749 129 1207 76 1236 1479 125 1423 1039 104 895 208 1088 742 119 890 197 1266 957 1297 1216 1222 1077 872 1679 1630 1100 424 1695 84 335 774 1765 186 53 88 755 928 1536 1474 1387 163 962 1321 81 1573
661 1383 1545 380 359 883 831 175 1379 589 1138 0 366 263 1110 530 867 839 1231 1224 339 1092 368 403 1031 347 205 1085 567 1304 221 1224 1074 268 1292 1342 413 288 348 354 750 544 603 554 1177 768 893 1179 841 850 963 1281 1112 1184 1237 601 460 397 1463 1021 868 777 1176 667
344 1066 1849 363 302 566 1134 479 1062 893 1442 366 0 171 1414 833 1171 521 1535 1528 309 1396 357 311 1335 255 509 1388 871 1607 413 1528 1378 572 1596 1646 716 196 285 296 1053 848 286 237 1480 1072 575 1483 1145 1154 645 1584 1416 1487 1541 904 298 306 1767 1325 1171 587 1479 350
438 1160 1746 261 200 660 1032 376 1157 791 1339 263 171 0 1312 731 1068 616 1432 1425 207 1294 254 209 1232 152 406 1286 769 1505 310 1426 1275 469 1494 1544 614 93 183 193 951 746 381 332 1378 970 670 1381 1042 1052 740 1482 1313 1385 1439 802 266 203 1665 1223 1069 681 1377 444
1709 2158 1441 1220 1199 1931 897 966 2154 889 55 1110 1414 1312 0 829 763 1399 721 137 1179 85 1208 1451 97 1395 1011 113 867 217 1061 714 127 863 206 1238 929 1269 1188 1194 1049 844 1652 1602 1073 397 1668 93 307 746 1737 194 62 97 727 900 1508 1446 1360 135 934 1294 89 1545
1128 1577 1264 639 619 1350 361 385 1573 119 857 530 833 731 829 0 586 818 761 943 598 811 627 871 750 814 430 803 97 1023 480 754 793 282 1011 1061 348 688 608 613 279 74 1071 1021 895 487 1087 898 560 569 1157 1000 831 903 767 131 928 865 1182 740 398 713 895 965
1466 1915 798 977 956 1688 887 723 1911 646 791 867 1171 1068 763 586 0 1156 966 877 936 745 965 1208 684 1152 768 737 624 957 818 960 727 620 945 968 686 1026 945 951 806 601 1409 1359 430 421 1424 832 494 141 1494 934 765 837 973 657 1265 1203 716 674 924 1051 829 1302
378 824 1833 836 775 599 1119 738 820 878 1427 839 521 616 1399 818 1156 0 1519 1512 783 1381 830 480 1319 533 783 1373 856 1592 833 1513 1362 635 1581 1631 533 669 758 769 1038 833 321 361 1465 1057 334 1468 1129 1139 404 1569 1401 1472 1526 889 421 523 1752 1310 1156 140 1464 211
1829 2278 1644 1340 1319 2051 546 1086 2274 668 749 1230 1534 1431 721 760 966 1519 0 834 1299 703 1328 1571 641 1515 1131 695 707 914 1181 154 684 983 903 1442 1049 1389 1308 1314 701 725 1772 1722 1276 600 1787 790 510 950 1857 891 723 794 167 707 1628 1566 1563 632 583 1414 786 1665
1823 2271 1555 1334 1313 2045 1011 1079 2268 1002 129 1224 1528 1425 137 943 877 1512 834 0 1293 158 1322 1565 211 1509 1125 187 980 106 1174 828 201 976 116 1352 1042 1382 1302 1307 1163 958 1765 1716 1186 510 1781 65 421 860 1851 125 135 68 841 1014 1622 1559 1473 249 1048 1407 78 1659
605 1327 1614 399 338 827 900 244 1323 658 1207 339 309 207 1179 598 936 783 1300 1293 0 1161 392 347 1100 290 274 1153 636 1372 289 1293 1143 337 1361 1411 481 232 321 332 818 613 547 497 1245 837 837 1248 910 919 906 1350 1181 1252 1306 669 404 341 1532 1090 936 846 1244 611
1691 2140 1423 1202 1182 1913 880 948 2136 871 76 1092 1396 1294 85 811 745 1381 703 158 1161 0 1190 1434 79 1377 993 130 849 238 1043 697 120 845 227 1221 911 1251 1170 1176 1031 826 1634 1584 1055 379 1650 114 289 729 1720 215 82 118 709 882 1490 1428 1342 117 916 1276 110 1528
652 1374 1643 446 385 874 929 273 1370 687 1236 368 357 254 1208 627 965 830 1329 1322 392 1190 0 394 1129 338 303 1182 665 1401 319 1322 1172 366 1390 1440 510 279 368 379 847 642 594 545 1274 866 884 1277 939 948 953 1379 1210 1281 1335 698 451 388 1561 1119 965 875 1274 658
303 1025 1886 401 339 524 1172 516 1021 931 1479 403 311 209 1451 871 1208 480 1572 1565 347 1434 394 0 1372 292 546 1426 908 1645 450 1566 1415 609 1634 1684 754 233 322 333 1091 886 245 196 1518 1110 534 1521 1182 1192 604 1622 1453 1525 1579 942 257 343 1805 1363 1209 546 1517 309
1630 2078 1362 1141 1120 1852 818 886 2075 810 125 1031 1335 1232 97 750 684 1319 641 211 1100 79 1129 1372 0 1316 932 72 787 291 981 635 61 783 279 1159 849 1189 1109 1114 970 765 1572 1523 993 317 1588 166 228 667 1658 268 99 171 648 821 1429 1366 1280 56 855 1214 163 1466
355 1077 1830 344 283 577 1115 460 1074 874 1423 347 255 152 1395 814 1152 533 1516 1509 290 1377 338 292 1316 0 490 1369 852 1588 394 1509 1359 553 1577 1627 697 177 266 277 1034 829 298 249 1461 1053 587 1464 1126 1135 657 1565 1397 1468 1522 885 309 287 1748 1306 1152 598 1460 361
804 1526 1446 315 294 1026 732 76 1522 490 1039 205 509 406 1011 430 768 783 1132 1125 274 993 303 546 932 490 0 985 468 1204 156 1125 975 169 1193 1243 313 364 283 289 650 445 746 697 1077 669 1036 1080 742 751 1106 1182 1013 1084 1138 501 603 541 1364 922 769 678 1077 810
1683 2132 1415 1194 1174 1905 872 940 2128 863 104 1085 1388 1286 113 803 737 1373 695 187 1153 130 1182 1426 72 1369 985 0 841 266 1035 689 112 837 255 1213 903 1243 1163 1168 1023 818 1626 1576 1047 371 1642 142 281 721 1712 244 111 146 702 875 1483 1420 1334 110 909 1268 138 1520
1166 1615 1301 677 656 1388 307 423 1611 135 895 567 871 769 867 97 624 856 707 980 636 849 665 908 787 852 468 841 0 1060 518 701 830 320 1049 1099 386 726 645 651 226 90 1109 1059 933 525 1125 936 597 607 1194 1037 869 940 714 146 965 903 1220 778 344 751 932 1002
1903 2351 1634 1413 1393 2124 1091 1159 2347 1082 208 1304 1607 1505 217 1023 957 1592 914 106 1372 238 1401 1645 291 1588 1204 266 1060 0 1254 908 281 1056 67 1432 1122 1462 1382 1387 1242 1037 1845 1795 1266 590 1861 148 500 940 1931 76 215 142 921 1094 1702 1639 1553 329 1128 1487 160 1739
708 1430 1495 331 310 930 781 126 1426 540 1088 221 413 310 1061 480 818 833 1181 1174 289 1043 319 450 981 394 156 1035 518 1254 0 1175 1024 219 1243 1293 363 335 299 304 700 495 651 601 1127 719 940 1130 791 801 1010 1231 1062 1134 1188 551 507 445 1414 972 818 728 1126 714
1823 2271 1638 1334 1313 2045 540 1079 2268 662 742 1224 1527 1425 714 754 960 1512 154 828 1292 697 1322 1565 635 1508 1125 689 700 908 1174 0 678 976 897 1435 1042 1382 1302 1307 695 719 1765 1715 1270 594 1781 784 504 943 1851 885 716 788 161 700 1622 1559 1556 625 576 1407 780 1659
1673 2121 1405 1184 1163 1895 861 929 2118 853 119 1074 1378 1275 127 793 727 1362 684 201 1143 120 1172 1415 61 1359 975 112 830 281 1024 678 0 826 270 1202 892 1232 1152 1157 1013 808 1615 1566 1036 360 1631 157 271 710 1701 258 125 161 691 864 1472 1409 1323 99 898 1257 153 1509
867 1394 1297 378 357 1089 583 124 1390 342 890 268 572 469 863 282 620 635 983 976 337 845 366 609 783 553 169 837 320 1056 219 977 826 0 1045 1095 165 427 346 352 502 297 810 760 929 521 904 932 593 603 974 1033 864 936 990 353 666 604 1216 774 620 530 928 782
1891 2340 1623 1402 1382 2113 1080 1148 2336 1071 197 1292 1596 1494 206 1011 945 1581 903 116 1361 227 1390 1634 279 1577 1193 255 1049 67 1243 897 270 1045 0 1421 1111 1451 1371 1376 1231 1026 1834 1784 1255 579 1850 159 489 929 1920 66 204 153 910 1083 1690 1628 1542 318 1117 1476 171 1728
1953 2401 434 1464 1443 2174 1374 1209 2398 1132 1277 1354 1657 1555 1250 1073 968 1642 1453 1363 1422 1232 1451 1695 1170 1638 1255 1224 1110 1443 1304 1447 1213 1106 1432 0 1172 1512 1432 1437 1293 1088 1895 1845 591 908 1911 1319 980 904 1981 1420 1251 1323 1460 1144 1752 1689 353 1161 1411 1537 1315 1789
847 1292 1363 522 502 1067 649 268 1289 408 957 413 716 614 929 348 686 533 1049 1042 481 911 510 754 849 697 313 903 386 1122 363 1043 892 165 1111 1161 0 571 491 496 568 363 789 829 995 587 802 998 659 669 872 1099 931 1002 1056 419 811 748 1282 840 686 428 994 680
491 1213 1703 285 224 713 989 334 1209 748 1297 288 196 93 1269 688 1026 669 1389 1382 232 1251 279 233 1189 177 364 1243 726 1462 335 1383 1232 427 1451 1501 571 0 207 218 908 703 434 384 1335 927 723 1338 999 1009 793 1439 1271 1342 1396 759 290 228 1622 1180 1026 734 1334 497
580 1302 1623 374 313 802 909 253 1299 667 1216 348 285 183 1188 608 945 758 1309 1302 321 1170 368 322 1109 266 283 1163 645 1382 299 1303 1152 346 1371 1420 491 207 0 307 828 623 523 473 1255 846 812 1257 919 928 882 1359 1190 1262 1315 679 379 317 1542 1099 946 823 1254 586
591 1313 1628 385 324 813 914 259 1309 673 1222 354 296 193 1194 613 951 769 1314 1307 332 1176 379 333 1114 277 289 1168 651 1387 304 1308 1157 352 1376 1426 496 218 307 0 833 628 533 484 1260 852 823 1263 924 934 893 1364 1196 1267 1321 684 390 328 1547 1105 951 834 1259 597
1348 1797 1484 859 839 1570 302 605 1793 188 1077 750 1053 951 1049 279 806 1038 702 1163 818 1031 847 1091 970 1034 650 1023 226 1242 700 695 1013 502 1231 1281 568 908 828 833 0 245 1291 1241 1115 707 1307 1118 780 789 1377 1220 1051 1123 708 226 1148 1085 1402 960 339 933 1115 1185
1143 1592 1279 654 634 1365 326 400 1588 112 872 544 848 746 844 74 601 833 726 958 613 826 642 886 765 829 445 818 90 1037 495 720 808 297 1026 1076 363 703 623 628 245 0 1086 1036 910 502 1102 913 575 584 1172 1015 846 917 733 123 942 880 1197 755 363 728 910 980
143 865 2086 601 540 365 1372 717 861 1131 1679 603 286 381 1652 1071 1409 321 1772 1765 547 1634 594 245 1572 298 746 1626 1109 1845 651 1766 1615 810 1834 1884 789 434 523 533 1291 1086 0 125 1718 1310 375 1721 1382 1392 445 1822 1653 1725 1779 1142 186 287 2005 1563 1409 386 1717 149
183 905 2037 551 490 405 1323 667 901 1081 1630 554 237 332 1602 1021 1359 361 1723 1716 497 1584 545 196 1523 249 697 1576 1059 1795 601 1716 1566 760 1784 1834 829 384 473 484 1241 1036 125 0 1668 1260 415 1671 1333 1342 485 1773 1604 1675 1729 1092 137 238 1955 1513 1359 426 1667 189
1776 2224 420 1286 1266 1997 1197 1032 2220 955 1100 1177 1480 1378 1073 895 430 1465 1276 1186 1245 1055 1274 1518 993 1461 1077 1047 933 1266 1127 1270 1036 929 1255 591 995 1335 1255 1260 1115 910 1718 1668 0 731 1734 1142 803 366 1804 1243 1074 1146 1282 967 1575 1512 339 984 1234 1360 1138 1612
1367 1816 1099 878 858 1589 777 624 1812 547 424 768 1072 970 397 487 421 1057 600 510 837 379 866 1110 317 1053 669 371 525 590 719 594 360 521 579 897 587 927 846 852 707 502 1310 1260 731 0 1326 466 127 405 1396 567 398 470 606 558 1166 1104 1018 308 813 952 462 1204
432 540 2102 890 829 315 1388 1006 537 1147 1695 893 575 670 1668 1087 1424 334 1788 1781 837 1650 884 534 1588 587 1036 1642 1125 1861 940 1782 1631 904 1850 1900 802 723 812 823 1307 1102 375 415 1734 1326 0 1737 1398 1408 120 1838 1669 1741 1795 1158 475 577 2021 1579 1425 399 1733 265
1778 2227 1510 1289 1269 2000 967 1035 2223 958 84 1179 1483 1381 93 898 832 1468 790 65 1248 114 1277 1521 166 1464 1080 142 936 148 1130 784 157 932 159 1308 998 1338 1257 1263 1118 913 1721 1671 1142 466 1737 0 376 816 1807 167 91 25 797 969 1577 1515 1429 205 1003 1363 35 1615
1440 1888 1172 951 930 1662 687 696 1885 620 335 841 1145 1042 307 560 494 1129 510 421 910 289 939 1182 228 1126 742 281 597 500 791 504 271 593 489 969 659 999 919 924 780 575 1382 1333 803 127 1398 376 0 477 1468 477 309 380 517 631 1239 1176 1090 218 724 1024 372 1276
1449 1898 734 960 940 1671 871 706 1894 629 774 850 1154 1052 746 569 141 1139 950 860 919 729 948 1192 667 1135 751 721 607 940 801 943 710 603 929 904 669 1009 928 934 789 584 1392 1342 366 405 1408 816 477 0 1478 917 748 820 956 640 1248 1186 652 657 907 1034 812 1286
502 463 2172 960 899 308 1458 1076 459 1217 1765 963 645 740 1737 1157 1494 404 1858 1851 906 1720 953 604 1658 657 1106 1712 1194 1931 1010 1852 1701 974 1920 1970 872 793 882 893 1377 1172 445 485 1804 1396 120 1807 1468 1478 0 1908 1739 1811 1865 1228 545 646 2091 1649 1495 469 1803 335
1880 2328 1611 1391 1370 2102 1068 1136 2325 1059 186 1281 1584 1482 194 1000 934 1569 891 125 1350 215 1379 1622 268 1565 1182 244 1037 76 1231 885 258 1033 66 1409 1099 1439 1359 1364 1220 1015 1822 1773 1243 567 1838 167 477 917 1908 0 192 162 898 1071 1679 1616 1530 306 1105 1464 180 1716
1711 2159 1443 1222 1201 1933 899 967 2156 891 53 1112 1416 1313 62 831 765 1401 723 135 1181 82 1210 1453 99 1397 1013 111 869 215 1062 716 125 864 204 1240 931 1271 1190 1196 1051 846 1653 1604 1074 398 1669 91 309 748 1739 192 0 95 729 902 1510 1448 1361 137 936 1295 87 1547
1783 2231 1514 1294 1273 2004 971 1039 2228 962 88 1184 1487 1385 97 903 837 1472 794 68 1252 118 1281 1525 171 1468 1084 146 940 142 1134 788 161 936 153 1312 1002 1342 1262 1267 1123 917 1725 1675 1146 470 1741 25 380 820 1811 162 95 0 801 974 1582 1519 1433 209 1008 1367 37 1619
1836 2284 1651 1347 1326 2057 552 1092 2281 675 755 1237 1540 1438 727 767 973 1525 167 841 1305 709 1334 1578 648 1521 1137 702 713 921 1187 161 691 989 910 1448 1055 1395 1315 1320 708 732 1778 1728 1282 606 1794 797 517 956 1864 898 729 801 0 713 1635 1572 1569 638 589 1420 793 1672
1200 1648 1335 711 690 1421 307 456 1645 168 928 601 904 802 900 131 657 889 707 1014 669 882 698 942 821 885 501 875 146 1094 551 701 864 353 1083 1132 419 759 679 684 226 123 1142 1092 967 558 1158 969 631 640 1228 1071 902 974 714 0 999 936 1254 811 344 784 966 1036
243 965 1943 457 396 465 1229 573 962 987 1536 460 298 266 1508 928 1265 421 1629 1622 404 1490 451 257 1429 309 603 1483 965 1702 507 1622 1472 666 1690 1740 811 290 379 390 1148 942 186 137 1575 1166 475 1577 1239 1248 545 1679 1510 1582 1635 999 0 299 1861 1419 1266 487 1574 249
345 1067 1880 395 334 567 1166 511 1063 925 1474 397 306 203 1446 865 1203 523 1566 1559 341 1428 388 343 1366 287 541 1420 903 1639 445 1560 1409 604 1628 1678 748 228 317 328 1085 880 287 238 1512 1104 577 1515 1176 1186 646 1616 1448 1519 1573 936 299 0 1799 1357 1203 588 1511 351
2062 2511 182 1573 1553 2284 1484 1319 2507 1242 1387 1463 1767 1665 1360 1182 716 1752 1563 1473 1532 1342 1561 1805 1280 1748 1364 1334 1220 1553 1414 1556 1323 1216 1542 353 1282 1622 1542 1547 1402 1197 2005 1955 339 1018 2021 1429 1090 652 2091 1530 1361 1433 1569 1254 1861 1799 0 1271 1521 1647 1425 1899
1620 2069 1352 1131 1111 1842 808 877 2065 800 163 1021 1325 1223 135 740 674 1310 632 249 1090 117 1119 1363 56 1306 922 110 778 329 972 625 99 774 318 1149 840 1180 1099 1105 960 755 1563 1513 984 308 1579 205 218 657 1649 306 137 209 638 811 1419 1357 1271 0 845 1205 201 1456
1313 1762 1449 824 804 1535 197 570 1758 152 977 714 1018 916 949 244 771 1003 597 1063 783 931 812 1056 870 999 615 923 191 1142 665 591 913 467 1131 1246 533 873 792 798 185 210 1256 1206 1080 672 1272 1018 738 754 1342 1119 951 1022 604 191 1112 1050 1367 860 0 898 1014 1150
444 889 1728 887 840 664 1014 633 886 773 1321 777 587 681 1294 713 1051 140 1414 1407 846 1276 875 546 1214 598 678 1268 751 1487 728 1408 1257 530 1476 1526 428 734 823 834 933 728 386 426 1360 952 399 1363 1024 1034 469 1464 1295 1367 1421 784 487 588 1647 1205 1051 0 1359 277
1775 2223 1506 1286 1265 1997 963 1031 2220 954 81 1176 1479 1377 89 895 829 1464 786 78 1244 110 1274 1517 163 1460 1077 138 932 160 1126 780 153 928 171 1304 994 1334 1254 1259 1115 910 1717 1667 1138 462 1733 35 372 812 1803 180 87 37 793 966 1574 1511 1425 201 1000 1359 0 1611
206 756 1980 664 603 428 1266 780 752 1024 1573 667 350 444 1545 965 1302 211 1666 1659 611 1528 658 309 1466 361 810 1520 1002 1739 714 1660 1509 782 1728 1778 680 497 586 597 1185 980 149 189 1612 1204 265 1615 1276 1286 335 1716 1547 1619 1673 1036 249 351 1899 1456 1303 277 1611 0
EOF