NAME : tsp_problem
TYPE : TSP
DIMENSION : 82
EDGE_WEIGHT_TYPE : EXPLICIT
EDGE_WEIGHT_FORMAT : FULL_MATRIX
EDGE_WEIGHT_SECTION
0 168 832 993 1285 156 1106 1510 1504 1364 840 24 371 876 509 204 1260 1141 911 1050 1064 800 678 1109 1163 1132 1210 822 1538 1772 1149 767 886 830 746 1184 1201 1069 1121 546 1269 867 728 680 964 40 746 847 802 1016 842 1220 1093 791 653 874 1101 688 1186 838 1098 258 527 585 1355 166 758 618 138 129 610 944 830 1185 1119 726 929 1073 806 1175 1136 817
168 0 708 869 1161 147 981 1385 1379 1240 716 173 247 751 385 182 1135 1016 787 926 940 676 554 984 1038 1008 1086 697 1414 1647 1025 643 762 706 622 1060 1077 945 997 422 1145 742 603 671 839 190 622 723 677 891 718 1095 968 666 528 749 976 679 1062 713 973 133 402 460 1231 157 634 494 129 120 486 820 705 1061 995 716 805 948 681 1050 1011 693
832 708 0 1181 896 704 811 1697 841 1552 437 838 491 1063 360 705 1447 1328 882 1238 1252 987 325 1296 670 1320 1398 405 1726 1382 1337 955 291 422 393 1372 1388 406 1309 517 607 838 375 1335 1151 854 717 448 413 1203 454 557 1280 394 299 306 1288 1087 1374 458 765 634 498 556 966 694 945 589 730 736 310 282 1017 1373 1307 1028 266 1260 380 1362 1323 397
993 869 1181 0 1634 865 1454 1455 1852 1309 1189 999 720 159 858 866 1204 178 1260 995 101 215 1027 145 1511 169 247 1170 1483 2120 186 712 1235 1179 1095 221 238 1418 158 895 1618 1215 1076 687 77 1015 1095 1196 1150 129 1191 1568 130 1139 1001 1222 137 356 223 1186 1446 795 875 933 1704 855 273 967 891 897 958 1293 212 222 156 297 1278 109 1154 211 173 1166
1285 1161 896 1634 0 1157 303 2150 271 2005 869 1290 944 1516 933 1158 1900 1781 399 1691 1705 1440 940 1749 265 1772 1851 837 2179 537 1789 1408 723 854 866 1824 1841 534 1762 802 375 462 893 1788 1604 1307 641 880 845 1656 886 415 1733 826 926 738 1741 1540 1826 890 257 1087 833 836 120 1147 1398 708 1182 1188 1034 677 1470 1825 1760 1481 670 1713 812 1815 1776 829
156 147 704 865 1157 0 977 1381 1376 1236 712 161 243 747 381 178 1131 1013 783 922 936 672 550 980 1035 1004 1082 693 1410 1643 1021 639 758 702 618 1056 1073 941 993 418 1141 738 599 659 836 178 618 719 673 888 714 1091 964 662 524 745 972 667 1058 709 969 129 399 456 1227 145 630 490 117 108 482 816 701 1057 991 705 801 944 677 1046 1007 689
1106 981 811 1454 303 977 0 1971 524 1825 785 1111 765 1337 754 979 1721 1602 229 1511 1525 1261 855 1570 181 1593 1671 753 1999 790 1610 1228 638 769 782 1645 1662 450 1582 623 290 283 808 1609 1425 1128 462 796 760 1477 801 330 1554 741 841 654 1562 1361 1647 806 127 908 654 657 373 967 1219 529 1003 1009 854 592 1291 1646 1580 1301 585 1534 727 1636 1597 744
1510 1385 1697 1455 2150 1381 1971 0 2369 206 1705 1515 1236 1337 1374 1383 482 1602 1776 507 1526 1261 1543 1570 2028 1593 1672 1686 54 2636 1610 781 1751 1695 1611 1645 1662 1934 1583 1411 2134 1731 1592 1692 1425 1531 1611 1712 1666 1477 1707 2084 1554 1655 1517 1739 1562 1361 1647 1702 1963 1311 1392 1450 2220 1371 1219 1483 1407 1413 1475 1809 1291 1646 1581 1302 1794 1534 1671 1636 1597 1682
1504 1379 841 1852 271 1376 524 2369 0 2223 815 1509 1163 1735 1032 1377 2119 2000 620 1909 1924 1659 885 1968 384 1991 2069 783 2398 680 2008 1627 668 799 812 2043 2060 480 1980 1023 320 683 838 2007 1823 1526 862 826 790 1875 831 360 1952 771 872 684 1960 1759 2045 836 477 1306 1054 1057 263 1366 1617 929 1401 1407 981 622 1689 2044 1978 1699 616 1932 757 2034 1995 774
1364 1240 1552 1309 2005 1236 1825 206 2223 0 1560 1370 1091 1192 1229 1237 336 1457 1631 362 1380 1116 1398 1424 1882 1448 1526 1541 202 2491 1465 636 1606 1550 1466 1500 1517 1789 1437 1266 1989 1586 1447 1547 1280 1386 1466 1567 1521 1332 1561 1939 1409 1510 1372 1593 1417 1216 1502 1557 1817 1166 1246 1304 2074 1226 1074 1338 1262 1268 1329 1664 1146 1501 1435 1156 1649 1389 1525 1491 1452 1536
840 716 437 1189 869 712 785 1705 815 1560 0 846 499 1071 368 713 1455 1336 881 1246 1260 996 333 1304 643 1328 1406 379 1734 1356 1345 963 264 395 401 1380 1397 380 1317 525 580 846 383 1344 1160 862 725 422 386 1211 427 530 1288 367 308 280 1296 1095 1382 432 738 642 506 564 939 702 954 597 738 744 318 255 1025 1381 1315 1036 240 1268 353 1370 1331 370
24 173 838 999 1290 161 1111 1515 1509 1370 846 0 376 881 515 210 1265 1146 916 1056 1070 805 684 1114 1168 1138 1216 827 1544 1777 1154 773 892 836 751 1189 1206 1074 1127 552 1274 872 733 685 969 46 752 853 807 1021 847 1225 1098 796 658 879 1106 693 1192 843 1103 263 532 590 1360 171 763 624 143 134 615 949 835 1191 1125 732 934 1078 811 1180 1141 822
371 247 491 720 944 243 765 1236 1163 1091 499 376 0 602 168 244 986 867 570 777 791 526 337 835 822 859 937 481 1265 1431 875 494 545 489 405 910 927 728 848 205 928 526 387 874 690 393 405 506 460 742 501 878 819 450 311 533 827 626 913 497 757 173 186 244 1014 233 484 277 268 275 269 603 556 912 846 567 588 799 465 901 862 476
876 751 1063 159 1516 747 1337 1337 1735 1192 1071 881 602 0 740 749 1087 307 1142 878 231 138 909 275 1394 298 376 1052 1366 2002 315 595 1117 1061 977 350 367 1300 287 777 1500 1097 958 569 130 897 977 1078 1032 182 1073 1450 259 1021 883 1105 267 238 352 1068 1329 677 758 816 1586 737 155 849 773 779 841 1175 168 351 285 179 1160 239 1037 341 302 1048
509 385 360 858 933 381 754 1374 1032 1229 368 515 168 740 0 382 1124 1005 559 915 929 665 206 973 811 997 1075 349 1403 1420 1014 632 414 358 274 1049 1066 597 986 194 797 515 255 1012 829 531 394 375 329 880 370 747 957 318 180 402 965 764 1051 365 746 311 175 233 1003 371 623 266 407 413 138 472 694 1050 984 705 457 937 334 1039 1000 345
204 182 705 866 1158 178 979 1383 1377 1237 713 210 244 749 382 0 1132 1014 784 923 937 673 551 981 1036 1005 1083 695 1411 1645 1022 640 759 703 619 1057 1074 942 994 419 1142 740 601 707 837 226 619 720 674 889 715 1092 966 664 525 747 974 715 1059 711 971 131 400 458 1228 168 631 491 166 156 483 817 703 1058 992 713 802 945 679 1048 1009 690
1271 1146 1458 1216 1911 1142 1732 482 2130 336 1466 1276 997 1098 1135 1144 0 1363 1537 630 1287 1022 1304 1331 1789 1355 1433 1448 510 2398 1372 904 1512 1456 1372 1407 1423 1695 1344 1172 1895 1493 1354 1453 1186 1293 1372 1473 1427 1238 1468 1845 1315 1417 1278 1500 1323 1122 1409 1464 1724 1073 1153 1211 1981 1132 980 1244 1168 1174 1236 1570 1052 1408 1342 1063 1555 1295 1432 1397 1358 1443
1141 1016 1328 178 1781 1013 1602 1602 2000 1457 1336 1146 867 307 1005 1014 1352 0 1407 1143 134 363 1174 179 1659 99 116 1318 1631 2268 95 860 1382 1327 1242 73 83 1565 191 1042 1765 1363 1224 834 212 1163 1242 1343 1298 173 1338 1716 78 1287 1149 1370 68 503 131 1334 1594 943 1023 1081 1851 1002 421 1114 1038 1044 1106 1440 359 135 86 444 1425 143 1302 72 203 1313
911 787 882 1260 399 783 229 1776 620 1631 881 916 570 1142 559 784 1526 1407 0 1317 1331 1066 728 1375 277 1398 1477 849 1805 886 1415 1034 734 865 796 1450 1467 546 1388 428 386 88 777 1414 1230 933 267 892 851 1282 892 426 1359 837 702 750 1367 1166 1452 887 221 713 459 462 469 773 1024 334 808 815 660 688 1096 1452 1386 1107 681 1339 823 1441 1402 840
1050 926 1238 995 1691 922 1511 507 1909 362 1246 1056 777 878 915 923 630 1143 1317 0 1066 802 1084 1111 1568 1134 1212 1227 536 2177 1151 322 1292 1236 1152 1186 1203 1475 1123 952 1675 1272 1133 1233 966 1072 1152 1253 1207 1018 1248 1625 1095 1196 1058 1279 1103 902 1188 1243 1503 852 932 990 1761 912 760 1024 948 954 1015 1350 832 1187 1121 842 1335 1075 1211 1177 1138 1223
1064 940 1252 101 1705 936 1525 1526 1924 1380 1260 1070 791 231 929 937 1276 134 1331 1066 0 286 1098 102 1582 126 169 1241 1554 2191 143 783 1306 1250 1166 178 195 1489 115 966 1689 1286 1147 758 136 1086 1166 1267 1221 96 1262 1639 86 1210 1072 1293 94 427 145 1257 1517 866 947 1004 1775 926 344 1038 962 968 1030 1364 283 144 113 368 1349 66 1225 168 129 1237
800 676 987 215 1440 672 1261 1261 1659 1116 996 805 526 138 665 673 1011 363 1066 802 286 0 833 331 1318 354 432 977 1290 1927 371 519 1041 986 901 406 423 1224 343 701 1424 1022 883 493 186 822 901 1002 957 238 997 1375 315 946 808 1029 323 163 408 993 1253 602 682 740 1510 662 80 773 697 703 765 1099 92 407 341 103 1084 295 961 397 358 972
678 554 325 1027 940 550 855 1543 885 1398 333 684 337 909 206 551 1293 1174 728 1084 1098 833 0 1142 714 1166 1244 315 1572 1426 1183 801 335 323 239 1218 1234 450 1155 363 651 683 221 1181 997 700 563 340 295 1049 335 601 1126 284 145 350 1134 933 1220 331 809 480 344 402 1010 540 791 435 575 582 155 326 863 1219 1153 874 310 1106 299 1208 1169 310
1109 984 1296 145 1749 980 1570 1570 1968 1424 1304 1114 835 275 973 981 1320 179 1375 1111 102 331 1142 0 1627 170 174 1285 1599 2235 187 828 1350 1294 1210 222 202 1533 159 1010 1733 1330 1191 802 180 1130 1210 1311 1265 140 1306 1683 131 1254 1116 1337 138 471 150 1301 1562 910 991 1049 1819 970 388 1082 1006 1012 1074 1408 327 149 157 412 1393 110 1269 212 164 1281
1163 1038 670 1511 265 1035 181 2028 384 1882 643 1168 822 1394 811 1036 1778 1659 277 1568 1582 1318 714 1627 0 1650 1728 611 2056 752 1667 1286 497 628 640 1702 1719 309 1639 680 149 340 667 1666 1482 1185 519 654 619 1534 660 189 1611 600 700 512 1619 1418 1704 664 135 965 711 714 335 1024 1276 586 1060 1066 810 451 1348 1703 1637 1358 444 1591 586 1693 1654 603
1132 1008 1320 169 1772 1004 1593 1593 1991 1448 1328 1138 859 298 997 1005 1343 99 1398 1134 126 354 1166 170 1650 0 123 1309 1622 2259 102 851 1374 1318 1233 80 89 1556 183 1034 1757 1354 1215 826 203 1154 1234 1335 1289 164 1329 1707 69 1278 1140 1361 59 495 137 1325 1585 934 1014 1072 1842 994 412 1106 1029 1036 1097 1432 351 142 78 435 1416 134 1293 79 197 1304
1210 1086 1398 247 1851 1082 1671 1672 2069 1526 1406 1216 937 376 1075 1083 1421 116 1477 1212 169 432 1244 174 1728 123 0 1387 1700 2337 104 929 1452 1396 1312 82 58 1635 123 1112 1835 1432 1293 904 282 1232 1312 1413 1367 242 1407 1785 171 1356 1218 1439 153 573 55 1403 1663 1012 1092 1150 1920 1072 490 1184 1108 1114 1175 1510 429 54 134 513 1495 166 1371 81 117 1382
822 697 405 1170 837 693 753 1686 783 1541 379 827 481 1052 349 695 1436 1318 849 1227 1241 977 315 1285 611 1309 1387 0 1715 1324 1326 944 232 363 376 1361 1378 348 1298 506 548 827 364 1325 1141 843 706 390 354 1193 395 498 1270 335 289 248 1278 1077 1363 400 706 623 487 545 907 683 935 578 719 725 299 223 1006 1362 1296 1017 208 1249 321 1351 1313 338
1538 1414 1726 1483 2179 1410 1999 54 2398 202 1734 1544 1265 1366 1403 1411 510 1631 1805 536 1554 1290 1572 1599 2056 1622 1700 1715 0 2665 1639 810 1780 1724 1640 1674 1691 1963 1611 1440 2163 1760 1621 1721 1454 1560 1640 1741 1695 1506 1736 2113 1583 1684 1546 1767 1591 1390 1676 1731 1991 1340 1420 1478 2249 1400 1248 1512 1436 1442 1504 1838 1320 1675 1609 1330 1823 1563 1699 1665 1626 1711
2081 1957 1692 2430 846 1953 1099 2946 990 2801 1665 2087 1740 2312 1729 1954 2696 2577 1195 2487 2501 2236 1736 2545 1062 2569 2647 1633 2975 0 2586 2204 1519 1650 1662 2621 2637 1331 2558 1598 1171 1258 1689 2584 2400 2103 1437 1676 1641 2452 1682 1211 2529 1622 1722 1534 2537 2336 2623 1686 1053 1883 1629 1632 769 1943 2194 1504 1979 1985 1830 1473 2266 2622 2556 2277 1466 2509 1608 2611 2572 1625
1149 1025 1337 186 1789 1021 1610 1610 2008 1465 1345 1154 875 315 1014 1022 1360 95 1415 1151 143 371 1183 187 1667 102 104 1326 1639 2276 0 868 1391 1335 1250 61 70 1573 196 1051 1773 1371 1232 843 220 1171 1251 1352 1306 181 1346 1724 86 1295 1157 1378 76 512 118 1342 1602 951 1031 1089 1859 1011 429 1123 1046 1053 1114 1448 368 123 95 452 1433 151 1310 60 191 1321
767 643 955 712 1408 639 1228 781 1627 636 963 773 494 595 632 640 904 860 1034 322 783 519 801 828 1286 851 929 944 810 1894 868 0 1009 953 869 903 920 1192 840 669 1392 989 850 950 683 789 869 970 924 735 965 1342 812 913 775 996 820 619 905 960 1220 569 650 707 1478 629 477 741 665 671 733 1067 549 904 838 559 1052 792 928 894 855 940
886 762 291 1235 723 758 638 1751 668 1606 264 892 545 1117 414 759 1501 1382 734 1292 1306 1041 335 1350 497 1374 1452 232 1780 1209 1391 1009 0 249 261 1426 1442 233 1363 571 434 797 288 1389 1205 908 771 275 240 1257 281 384 1334 221 321 133 1342 1141 1428 285 592 688 552 610 793 748 999 643 784 790 363 109 1071 1427 1361 1082 93 1314 207 1416 1377 224
830 706 422 1179 854 702 769 1695 799 1550 395 836 489 1061 358 703 1445 1327 865 1236 1250 986 323 1294 628 1318 1396 363 1724 1340 1335 953 249 0 391 1370 1387 364 1307 515 564 836 373 1334 1150 852 715 406 371 1202 412 515 1278 352 298 264 1286 1085 1372 416 723 632 496 554 924 692 944 587 728 734 308 239 1015 1371 1305 1026 224 1258 338 1360 1321 355
746 622 393 1095 866 618 782 1611 812 1466 401 751 405 977 274 619 1361 1242 796 1152 1166 901 239 1210 640 1233 1312 376 1640 1353 1250 869 261 391 0 1285 1302 377 1223 431 577 751 289 1249 1065 768 631 408 362 1117 403 527 1194 351 213 277 1202 1001 1287 398 735 548 412 469 936 608 859 503 643 649 223 252 931 1286 1221 942 237 1174 350 1276 1237 367
1184 1060 1372 221 1824 1056 1645 1645 2043 1500 1380 1189 910 350 1049 1057 1395 73 1450 1186 178 406 1218 222 1702 80 82 1361 1674 2311 61 903 1426 1370 1285 0 49 1608 175 1086 1808 1406 1267 878 255 1206 1286 1387 1341 216 1381 1759 121 1330 1192 1413 110 547 96 1377 1637 986 1066 1124 1894 1046 464 1158 1081 1088 1149 1483 403 101 91 487 1468 186 1345 38 169 1356
1201 1077 1388 238 1841 1073 1662 1662 2060 1517 1397 1206 927 367 1066 1074 1412 83 1467 1203 195 423 1234 202 1719 89 58 1378 1691 2328 70 920 1442 1387 1302 49 0 1625 151 1102 1825 1423 1284 894 272 1223 1302 1403 1358 233 1398 1776 138 1347 1209 1430 120 564 72 1394 1654 1003 1083 1141 1911 1063 481 1174 1098 1104 1166 1500 419 77 100 504 1485 194 1362 48 145 1373
1069 945 406 1418 534 941 450 1934 480 1789 380 1074 728 1300 597 942 1684 1565 546 1475 1489 1224 450 1533 309 1556 1635 348 1963 1021 1573 1192 233 364 377 1608 1625 0 1546 754 245 609 403 1572 1388 1091 788 391 356 1440 396 196 1517 336 437 249 1525 1324 1610 401 404 871 735 792 604 931 1182 826 966 972 546 224 1254 1609 1543 1265 209 1497 322 1599 1560 339
1121 997 1309 158 1762 993 1582 1583 1980 1437 1317 1127 848 287 986 994 1332 191 1388 1123 115 343 1155 159 1639 183 123 1298 1611 2248 196 840 1363 1307 1223 175 151 1546 0 1023 1746 1343 1204 815 193 1143 1223 1324 1278 153 1318 1696 143 1267 1129 1350 151 484 98 1314 1574 923 1003 1061 1831 983 401 1095 1019 1025 1086 1421 340 98 170 424 1406 123 1282 174 113 1293
546 422 517 895 802 418 623 1411 1023 1266 525 552 205 777 194 419 1161 1042 428 952 966 701 363 1010 680 1034 1112 506 1440 1289 1051 669 571 515 431 1086 1102 754 1023 0 789 384 413 1049 865 568 311 532 486 917 527 829 994 475 337 559 1002 801 1088 522 615 348 212 270 872 408 659 303 444 450 295 629 731 1087 1021 742 614 974 491 1076 1037 502
1269 1145 607 1618 375 1141 290 2134 320 1989 580 1274 928 1500 797 1142 1884 1765 386 1675 1689 1424 651 1733 149 1757 1835 548 2163 861 1773 1392 434 564 577 1808 1825 245 1746 789 0 449 603 1772 1588 1291 628 591 556 1640 596 125 1717 537 637 449 1725 1524 1811 601 244 1071 820 823 445 1131 1382 695 1166 1173 746 387 1454 1810 1744 1465 381 1697 523 1799 1760 540
867 742 838 1215 462 738 283 1731 683 1586 846 872 526 1097 515 740 1481 1363 88 1272 1286 1022 683 1330 340 1354 1432 827 1760 949 1371 989 797 836 751 1406 1423 609 1343 384 449 0 733 1370 1186 888 222 852 807 1238 847 489 1315 796 658 813 1323 1122 1408 843 275 668 415 418 532 728 980 289 764 770 615 751 1051 1407 1341 1062 745 1294 811 1396 1358 822
728 603 375 1076 893 599 808 1592 838 1447 383 733 387 958 255 601 1342 1224 777 1133 1147 883 221 1191 667 1215 1293 364 1621 1379 1232 850 288 373 289 1267 1284 403 1204 413 603 733 0 1231 1047 750 613 390 344 1099 384 554 1176 333 195 303 1184 983 1269 380 762 530 393 451 963 589 841 484 625 631 205 278 912 1268 1202 923 263 1155 348 1257 1219 359
679 670 1335 687 1787 658 1608 1692 2006 1547 1343 684 874 569 1012 707 1442 834 1414 1233 758 493 1181 802 1665 826 904 1324 1721 2274 843 950 1389 1333 1248 878 894 1571 815 1049 1772 1369 1230 0 657 701 1249 1350 1304 709 1344 1722 786 1293 1155 1376 794 377 880 1340 1600 760 1029 1087 1857 668 510 1121 640 631 1112 1447 523 879 813 416 1431 766 1308 868 829 1319
964 839 1151 77 1604 836 1425 1425 1823 1280 1160 969 690 130 829 837 1175 212 1230 966 136 186 997 180 1482 203 282 1141 1454 2091 220 683 1205 1150 1065 255 272 1388 193 865 1588 1186 1047 657 0 986 1065 1166 1121 99 1161 1539 164 1110 972 1193 172 326 258 1157 1417 766 846 904 1674 826 244 937 861 867 929 1263 182 257 191 267 1248 144 1125 246 207 1136
40 190 854 1015 1307 178 1128 1531 1526 1386 862 46 393 897 531 226 1281 1163 933 1072 1086 822 700 1130 1185 1154 1232 843 1560 1793 1171 789 908 852 768 1206 1223 1091 1143 568 1291 888 750 702 986 0 768 869 823 1038 864 1241 1115 812 674 896 1123 710 1208 859 1120 279 549 607 1377 188 780 640 160 150 632 966 851 1207 1141 748 951 1094 828 1196 1158 839
746 622 717 1095 641 618 462 1611 862 1466 725 752 405 977 394 619 1361 1242 267 1152 1166 901 563 1210 519 1234 1312 706 1640 1127 1251 869 771 715 631 1286 1302 788 1223 311 628 222 613 1249 1065 768 0 732 686 1117 727 668 1194 675 537 759 1202 1001 1288 722 454 548 341 345 711 608 859 216 644 650 495 829 931 1287 1221 942 814 1174 691 1276 1237 702
847 723 448 1196 880 719 796 1712 826 1567 422 853 506 1078 375 720 1462 1343 892 1253 1267 1002 340 1311 654 1335 1413 390 1741 1367 1352 970 275 406 408 1387 1403 391 1324 532 591 852 390 1350 1166 869 732 0 397 1218 438 541 1295 378 314 291 1303 1102 1389 442 749 649 513 571 950 709 960 604 744 751 324 266 1032 1388 1322 1043 251 1275 364 1377 1338 381
802 677 413 1150 845 673 760 1666 790 1521 386 807 460 1032 329 674 1416 1298 851 1207 1221 957 295 1265 619 1289 1367 354 1695 1332 1306 924 240 371 362 1341 1358 356 1278 486 556 807 344 1305 1121 823 686 397 0 1173 403 506 1250 343 269 255 1257 1056 1343 407 714 603 467 525 915 663 915 558 699 705 279 231 986 1342 1276 997 216 1229 329 1331 1293 346
1016 891 1203 129 1656 888 1477 1477 1875 1332 1211 1021 742 182 880 889 1227 173 1282 1018 96 238 1049 140 1534 164 242 1193 1506 2143 181 735 1257 1202 1117 216 233 1440 153 917 1640 1238 1099 709 99 1038 1117 1218 1173 0 1213 1591 125 1162 1024 1245 133 378 218 1209 1469 818 898 956 1726 877 296 989 913 919 981 1315 234 217 151 319 1300 104 1177 207 168 1188
842 718 454 1191 886 714 801 1707 831 1561 427 847 501 1073 370 715 1457 1338 892 1248 1262 997 335 1306 660 1329 1407 395 1736 1372 1346 965 281 412 403 1381 1398 396 1318 527 596 847 384 1345 1161 864 727 438 403 1213 0 547 1290 384 309 296 1298 1097 1383 448 755 644 507 565 956 704 955 599 739 745 319 271 1027 1382 1316 1038 256 1270 370 1372 1333 387
1220 1095 557 1568 415 1091 330 2084 360 1939 530 1225 878 1450 747 1092 1834 1716 426 1625 1639 1375 601 1683 189 1707 1785 498 2113 901 1724 1342 384 515 527 1759 1776 196 1696 829 125 489 554 1723 1539 1241 668 541 506 1591 547 0 1667 487 587 399 1675 1474 1761 551 284 1021 860 863 485 1081 1333 735 1117 1123 697 338 1404 1760 1694 1415 332 1647 473 1749 1711 490
1093 968 1280 130 1733 964 1554 1554 1952 1409 1288 1098 819 259 957 966 1304 78 1359 1095 86 315 1126 131 1611 69 171 1270 1583 2220 86 812 1334 1278 1194 121 138 1517 143 994 1717 1315 1176 786 164 1115 1194 1295 1250 125 1290 1667 0 1239 1100 1322 37 455 185 1286 1546 895 975 1033 1803 954 372 1066 990 996 1058 1392 311 190 56 396 1377 95 1254 111 158 1265
791 666 394 1139 826 662 741 1655 771 1510 367 796 450 1021 318 664 1405 1287 837 1196 1210 946 284 1254 600 1278 1356 335 1684 1312 1295 913 221 352 351 1330 1347 336 1267 475 537 796 333 1294 1110 812 675 378 343 1162 384 487 1239 0 258 236 1246 1046 1332 388 695 592 456 514 896 652 904 547 688 694 268 212 975 1331 1265 986 196 1218 310 1320 1282 327
653 528 299 1001 926 524 841 1517 872 1372 308 658 311 883 180 525 1267 1149 702 1058 1072 808 145 1116 700 1140 1218 289 1546 1413 1157 775 321 298 213 1192 1209 437 1129 337 637 658 195 1156 972 674 537 314 269 1024 309 587 1100 258 0 336 1108 907 1194 305 795 454 318 376 996 514 766 409 550 556 130 312 837 1193 1127 848 297 1080 273 1182 1143 284
874 749 306 1222 738 745 654 1739 684 1593 280 879 533 1105 402 747 1488 1370 750 1279 1293 1029 350 1337 512 1361 1439 248 1767 1225 1378 996 133 264 277 1413 1430 249 1350 559 449 813 303 1377 1193 896 759 291 255 1245 296 399 1322 236 336 0 1330 1129 1415 301 607 676 539 597 808 735 987 631 771 777 351 124 1059 1414 1348 1069 109 1302 222 1404 1365 239
1101 976 1288 137 1741 972 1562 1562 1960 1417 1296 1106 827 267 965 974 1312 68 1367 1103 94 323 1134 138 1619 59 153 1278 1591 2228 76 820 1342 1286 1202 110 120 1525 151 1002 1725 1323 1184 794 172 1123 1202 1303 1257 133 1298 1675 37 1246 1108 1330 0 463 167 1294 1554 903 983 1041 1811 962 380 1074 998 1004 1066 1400 319 172 46 404 1385 102 1262 101 166 1273
687 678 1087 356 1540 666 1361 1361 1759 1216 1095 692 626 238 764 715 1111 503 1166 902 427 163 933 471 1418 495 573 1077 1390 2027 512 619 1141 1085 1001 547 564 1324 484 801 1524 1122 983 377 326 709 1001 1102 1056 378 1097 1474 455 1046 907 1129 463 0 549 1093 1353 702 782 840 1610 676 179 873 648 639 865 1199 192 548 482 85 1184 435 1061 537 498 1072
1186 1062 1374 223 1826 1058 1647 1647 2045 1502 1382 1192 913 352 1051 1059 1397 131 1452 1188 145 408 1220 150 1704 137 55 1363 1676 2313 118 905 1428 1372 1287 96 72 1610 98 1088 1811 1408 1269 880 258 1208 1288 1389 1343 218 1383 1761 185 1332 1194 1415 167 549 0 1379 1639 988 1068 1126 1896 1048 466 1160 1083 1090 1151 1486 405 30 148 489 1470 142 1347 95 93 1358
838 713 458 1186 890 709 806 1702 836 1557 432 843 497 1068 365 711 1452 1334 887 1243 1257 993 331 1301 664 1325 1403 400 1731 1377 1342 960 285 416 398 1377 1394 401 1314 522 601 843 380 1341 1157 859 722 442 407 1209 448 551 1286 388 305 301 1294 1093 1379 0 759 639 503 561 960 699 951 594 735 741 315 276 1022 1378 1312 1033 261 1265 374 1367 1329 391
1098 973 765 1446 257 969 127 1963 477 1817 738 1103 757 1329 746 971 1712 1594 221 1503 1517 1253 809 1562 135 1585 1663 706 1991 743 1602 1220 592 723 735 1637 1654 404 1574 615 244 275 762 1601 1417 1120 454 749 714 1469 755 284 1546 695 795 607 1554 1353 1639 759 0 900 646 649 327 959 1211 521 995 1001 846 546 1283 1638 1572 1293 539 1526 681 1628 1589 698
258 133 634 795 1087 129 908 1311 1306 1166 642 263 173 677 311 131 1061 943 713 852 866 602 480 910 965 934 1012 623 1340 1573 951 569 688 632 548 986 1003 871 923 348 1071 668 530 761 766 279 548 649 603 818 644 1021 895 592 454 676 903 702 988 639 900 0 329 387 1157 119 560 420 155 161 412 746 631 987 921 642 731 874 608 976 938 619
527 402 498 875 833 399 654 1392 1054 1246 506 532 186 758 175 400 1142 1023 459 932 947 682 344 991 711 1014 1092 487 1420 1320 1031 650 552 496 412 1066 1083 735 1003 212 820 415 393 1030 846 549 341 513 467 898 507 860 975 456 318 539 983 782 1068 503 646 329 0 250 903 389 640 284 424 430 275 610 712 1067 1001 722 595 955 471 1057 1018 482
585 460 556 933 836 456 657 1450 1057 1304 564 590 244 816 233 458 1200 1081 462 990 1004 740 402 1049 714 1072 1150 545 1478 1323 1089 707 610 554 469 1124 1141 792 1061 270 823 418 451 1088 904 607 345 571 525 956 565 863 1033 514 376 597 1041 840 1126 561 649 387 250 0 906 446 698 342 482 488 333 668 770 1125 1059 780 652 1013 529 1115 1076 540
1355 1231 966 1704 120 1227 373 2220 263 2074 939 1360 1014 1586 1003 1228 1970 1851 469 1761 1775 1510 1010 1819 335 1842 1920 907 2249 459 1859 1478 793 924 936 1894 1911 604 1831 872 445 532 963 1858 1674 1377 711 950 915 1726 956 485 1803 896 996 808 1811 1610 1896 960 327 1157 903 906 0 1217 1468 778 1252 1258 1104 747 1540 1895 1829 1551 740 1783 882 1885 1846 899
166 157 694 855 1147 145 967 1371 1366 1226 702 171 233 737 371 168 1121 1002 773 912 926 662 540 970 1024 994 1072 683 1400 1633 1011 629 748 692 608 1046 1063 931 983 408 1131 728 589 669 826 188 608 709 663 877 704 1081 954 652 514 735 962 677 1048 699 959 119 389 446 1217 0 620 480 127 118 472 806 691 1047 981 702 791 934 667 1036 997 679
758 634 945 273 1398 630 1219 1219 1617 1074 954 763 484 155 623 631 969 421 1024 760 344 80 791 388 1276 412 490 935 1248 1885 429 477 999 944 859 464 481 1182 401 659 1382 980 841 510 244 780 859 960 915 296 955 1333 372 904 766 987 380 179 466 951 1211 560 640 698 1468 620 0 731 655 661 723 1057 109 465 399 120 1042 352 919 454 415 930
618 494 589 967 708 490 529 1483 929 1338 597 624 277 849 266 491 1233 1114 334 1024 1038 773 435 1082 586 1106 1184 578 1512 1194 1123 741 643 587 503 1158 1174 826 1095 303 695 289 484 1121 937 640 216 604 558 989 599 735 1066 547 409 631 1074 873 1160 594 521 420 284 342 778 480 731 0 515 522 367 701 803 1159 1093 814 686 1046 563 1148 1109 574
138 129 730 891 1182 117 1003 1407 1401 1262 738 143 268 773 407 166 1157 1038 808 948 962 697 575 1006 1060 1029 1108 719 1436 1669 1046 665 784 728 643 1081 1098 966 1019 444 1166 764 625 641 861 160 644 744 699 913 739 1117 990 688 550 771 998 649 1083 735 995 155 424 482 1252 127 655 515 0 90 507 841 727 1082 1017 688 826 970 703 1072 1033 714
129 120 736 897 1188 108 1009 1413 1407 1268 744 134 275 779 413 156 1163 1044 815 954 968 703 582 1012 1066 1036 1114 725 1442 1675 1053 671 790 734 649 1088 1104 972 1025 450 1173 770 631 632 867 150 650 751 705 919 745 1123 996 694 556 777 1004 640 1090 741 1001 161 430 488 1258 118 661 522 90 0 513 848 733 1089 1023 678 832 976 709 1078 1039 720
610 486 310 958 1034 482 854 1475 981 1329 318 615 269 841 138 483 1225 1106 660 1015 1030 765 155 1074 810 1097 1175 299 1504 1520 1114 733 363 308 223 1149 1166 546 1086 295 746 615 205 1113 929 632 495 324 279 981 319 697 1058 268 130 351 1066 865 1151 315 846 412 275 333 1104 472 723 367 507 513 0 421 795 1150 1084 805 406 1038 283 1140 1101 294
944 820 282 1293 677 816 592 1809 622 1664 255 949 603 1175 472 817 1559 1440 688 1350 1364 1099 326 1408 451 1432 1510 223 1838 1163 1448 1067 109 239 252 1483 1500 224 1421 629 387 751 278 1447 1263 966 829 266 231 1315 271 338 1392 212 312 124 1400 1199 1486 276 546 746 610 668 747 806 1057 701 841 848 421 0 1129 1485 1419 1140 84 1372 198 1474 1435 215
830 705 1017 212 1470 701 1291 1291 1689 1146 1025 835 556 168 694 703 1041 359 1096 832 283 92 863 327 1348 351 429 1006 1320 1956 368 549 1071 1015 931 403 419 1254 340 731 1454 1051 912 523 182 851 931 1032 986 234 1027 1404 311 975 837 1059 319 192 405 1022 1283 631 712 770 1540 691 109 803 727 733 795 1129 0 404 338 133 1114 291 991 393 354 1002
1185 1061 1373 222 1825 1057 1646 1646 2044 1501 1381 1191 912 351 1050 1058 1396 135 1452 1187 144 407 1219 149 1703 142 54 1362 1675 2312 123 904 1427 1371 1286 101 77 1609 98 1087 1810 1407 1268 879 257 1207 1287 1388 1342 217 1382 1760 190 1331 1193 1414 172 548 30 1378 1638 987 1067 1125 1895 1047 465 1159 1082 1089 1150 1485 404 0 153 488 1469 141 1346 100 92 1357
1119 995 1307 156 1760 991 1580 1581 1978 1435 1315 1125 846 285 984 992 1330 86 1386 1121 113 341 1153 157 1637 78 134 1296 1609 2246 95 838 1361 1305 1221 91 100 1543 170 1021 1744 1341 1202 813 191 1141 1221 1322 1276 151 1316 1694 56 1265 1127 1348 46 482 148 1312 1572 921 1001 1059 1829 981 399 1093 1017 1023 1084 1419 338 153 0 422 1404 121 1280 90 184 1291
726 716 1028 297 1481 705 1301 1302 1699 1156 1036 731 567 179 705 713 1051 444 1107 842 368 103 874 412 1358 435 513 1017 1330 1967 452 559 1082 1026 942 487 504 1265 424 742 1465 1062 923 416 267 747 942 1043 997 319 1038 1415 396 986 848 1069 404 85 489 1033 1293 642 722 780 1551 702 120 814 687 677 805 1140 133 488 422 0 1125 376 1001 478 439 1013
929 805 266 1278 670 801 585 1794 616 1649 240 934 588 1160 457 802 1544 1425 681 1335 1349 1084 310 1393 444 1416 1495 208 1823 1157 1433 1052 93 224 237 1468 1485 209 1406 614 381 745 263 1432 1248 951 814 251 216 1300 256 332 1377 196 297 109 1385 1184 1470 261 539 731 595 652 740 791 1042 686 826 832 406 84 1114 1469 1404 1125 0 1357 183 1459 1420 200
1073 948 1260 109 1713 944 1534 1534 1932 1389 1268 1078 799 239 937 945 1284 143 1339 1075 66 295 1106 110 1591 134 166 1249 1563 2199 151 792 1314 1258 1174 186 194 1497 123 974 1697 1294 1155 766 144 1094 1174 1275 1229 104 1270 1647 95 1218 1080 1302 102 435 142 1265 1526 874 955 1013 1783 934 352 1046 970 976 1038 1372 291 141 121 376 1357 0 1234 176 138 1245
806 681 380 1154 812 677 727 1671 757 1525 353 811 465 1037 334 679 1420 1302 823 1211 1225 961 299 1269 586 1293 1371 321 1699 1299 1310 928 207 338 350 1345 1362 322 1282 491 523 811 348 1309 1125 828 691 364 329 1177 370 473 1254 310 273 222 1262 1061 1347 374 681 608 471 529 882 667 919 563 703 709 283 198 991 1346 1280 1001 183 1234 0 1336 1297 313
1175 1050 1362 211 1815 1046 1636 1636 2034 1491 1370 1180 901 341 1039 1048 1386 72 1441 1177 168 397 1208 212 1693 79 81 1351 1665 2301 60 894 1416 1360 1276 38 48 1599 174 1076 1799 1396 1257 868 246 1196 1276 1377 1331 207 1372 1749 111 1320 1182 1404 101 537 95 1367 1628 976 1057 1115 1885 1036 454 1148 1072 1078 1140 1474 393 100 90 478 1459 176 1336 0 168 1347
1136 1011 1323 173 1776 1007 1597 1597 1995 1452 1331 1141 862 302 1000 1009 1347 203 1402 1138 129 358 1169 164 1654 197 117 1313 1626 2263 191 855 1377 1321 1237 169 145 1560 113 1037 1760 1358 1219 829 207 1158 1237 1338 1293 168 1333 1711 158 1282 1143 1365 166 498 93 1329 1589 938 1018 1076 1846 997 415 1109 1033 1039 1101 1435 354 92 184 439 1420 138 1297 168 0 1308
817 693 397 1166 829 689 744 1682 774 1536 370 822 476 1048 345 690 1432 1313 840 1223 1237 972 310 1281 603 1304 1382 338 1711 1316 1321 940 224 355 367 1356 1373 339 1293 502 540 822 359 1320 1136 839 702 381 346 1188 387 490 1265 327 284 239 1273 1072 1358 391 698 619 482 540 899 679 930 574 714 720 294 215 1002 1357 1291 1013 200 1245 313 1347 1308 0
EOF