NAME : tsp_problem
TYPE : TSP
DIMENSION : 62
EDGE_WEIGHT_TYPE : EXPLICIT
EDGE_WEIGHT_FORMAT : FULL_MATRIX
EDGE_WEIGHT_SECTION
0 742 511 526 913 306 484 376 924 928 671 205 484 859 393 690 802 730 247 624 868 778 526 1434 626 499 497 405 242 314 504 643 470 765 1265 211 785 675 282 878 910 927 827 862 901 755 822 986 884 777 533 501 947 243 394 781 398 491 848 830 502 690
742 0 1223 238 218 1018 296 1021 230 1640 1384 917 1197 164 1038 99 108 1442 891 1336 1580 93 1238 2146 378 1211 1209 1117 954 940 1216 884 1182 1477 1506 855 1497 1387 994 1591 216 233 133 168 207 97 1534 1227 190 1018 1245 1213 253 888 1039 91 1110 1203 153 135 1215 1403
511 1223 0 1007 1393 314 965 857 1405 586 329 537 431 1339 874 1171 1283 388 728 860 526 1259 857 1365 1107 417 438 413 299 794 307 1124 407 423 1746 691 442 821 614 536 1391 1408 1308 1343 1382 1236 649 1467 1365 1257 286 433 1428 724 875 1262 730 443 1328 1311 315 348
526 238 1007 0 408 802 80 805 420 1424 1168 701 981 354 822 186 298 1226 676 1120 1364 274 1022 1930 163 996 993 901 738 724 1000 668 966 1261 1290 639 1281 1171 778 1375 406 423 323 358 397 251 1318 1011 380 802 1029 997 443 672 823 277 895 987 343 326 999 1187
913 218 1393 408 0 1188 466 1192 42 1811 1554 1088 1367 137 1208 258 191 1613 1062 1506 1750 177 1408 2317 549 1382 1379 1287 1125 1110 1386 1055 1352 1648 1676 1026 1667 1558 1165 1761 96 72 167 93 95 180 1704 1397 113 1188 1415 1383 65 1058 1209 174 1281 1374 98 121 1385 1573
306 1018 314 802 1188 0 760 652 1200 698 441 332 287 1134 669 966 1078 500 522 750 638 1054 652 1477 902 302 299 208 94 589 307 919 273 535 1541 486 555 802 409 648 1186 1203 1103 1138 1177 1031 761 1262 1160 1052 335 304 1223 519 670 1057 525 294 1123 1106 305 460
484 296 965 80 466 760 0 763 477 1382 1126 659 939 412 780 244 356 1184 634 1078 1322 332 980 1888 179 954 951 859 696 700 958 626 924 1219 1248 597 1239 1129 736 1333 464 481 380 415 454 309 1276 969 437 760 987 955 500 630 781 335 852 945 401 383 957 1145
376 1021 857 805 1192 652 763 0 1203 1274 1018 552 831 1138 46 969 1081 1077 173 970 1214 1057 872 1781 693 846 843 751 588 125 850 922 816 1112 1544 210 1131 1022 629 1225 1189 1206 1106 1141 1180 1034 1168 1265 1163 1056 879 847 1226 161 47 1060 745 838 1127 1109 849 1037
924 230 1405 420 42 1200 477 1203 0 1822 1565 1099 1379 132 1220 269 197 1624 1073 1518 1762 188 1420 2328 560 1393 1391 1299 1136 1122 1398 1066 1364 1659 1688 1037 1679 1569 1176 1773 91 67 162 104 90 192 1716 1409 108 1200 1427 1395 76 1070 1221 186 1292 1385 110 133 1397 1584
928 1640 586 1424 1811 698 1382 1274 1822 0 298 789 594 1757 1291 1588 1700 240 1145 360 136 1676 449 865 1524 580 601 577 717 1212 470 1541 571 223 2163 1109 186 321 722 125 1808 1825 1725 1760 1799 1653 149 1884 1782 1675 449 596 1845 1141 1292 1679 579 607 1746 1728 478 286
671 1384 329 1168 1554 441 1126 1018 1565 298 0 697 338 1500 1034 1332 1444 294 888 572 259 1420 662 1077 1267 323 344 320 460 955 213 1284 314 330 1906 852 309 533 774 249 1552 1569 1468 1503 1542 1397 361 1627 1525 1418 192 340 1588 884 1035 1423 792 350 1489 1471 221 255
205 917 537 701 1088 332 659 552 1099 789 697 0 510 1034 568 865 977 756 422 482 840 954 384 1292 801 525 522 431 268 489 530 818 496 791 1440 386 811 533 308 829 1086 1102 1002 1037 1076 931 680 1161 1059 952 559 527 1122 418 569 957 262 517 1023 1005 528 716
484 1197 431 981 1367 287 939 831 1379 594 338 510 0 1313 847 1145 1257 396 701 869 534 1233 831 1374 1080 425 446 386 273 768 315 1097 416 431 1719 665 451 830 587 545 1365 1382 1281 1317 1355 1210 658 1440 1338 1231 294 442 1401 697 848 1236 703 452 1302 1284 323 357
859 164 1339 354 137 1134 412 1138 132 1757 1500 1034 1313 0 1154 203 86 1559 1008 1452 1696 123 1354 2263 495 1328 1325 1233 1071 1056 1332 1001 1298 1594 1622 972 1613 1504 1111 1707 80 89 59 197 79 126 1650 1343 97 1134 1361 1329 112 1004 1155 120 1227 1320 183 165 1331 1519
393 1038 874 822 1208 669 780 46 1220 1291 1034 568 847 1154 0 986 1098 1093 190 987 1231 1074 888 1797 710 862 859 768 605 141 867 939 833 1128 1560 226 1148 1038 645 1241 1206 1223 1123 1158 1196 1051 1185 1281 1180 1072 896 864 1242 178 63 1077 761 854 1143 1125 865 1053
690 99 1171 186 258 966 244 969 269 1588 1332 865 1145 203 986 0 147 1390 839 1284 1528 133 1186 2094 326 1160 1157 1065 902 888 1164 832 1130 1425 1454 803 1445 1335 942 1539 255 272 172 207 246 112 1482 1175 229 966 1193 1161 292 836 987 130 1058 1151 193 175 1163 1351
802 108 1283 298 191 1078 356 1081 197 1700 1444 977 1257 86 1098 147 0 1502 952 1396 1640 67 1298 2206 439 1272 1269 1177 1014 1000 1276 944 1242 1537 1566 915 1557 1447 1054 1651 138 155 55 141 129 70 1594 1287 112 1078 1305 1273 178 948 1099 64 1170 1263 126 109 1275 1463
730 1442 388 1226 1613 500 1184 1077 1624 240 294 756 396 1559 1093 1390 1502 0 947 514 202 1478 604 1019 1326 382 403 379 519 1014 272 1343 373 289 1965 911 252 475 833 191 1611 1627 1527 1562 1601 1455 303 1686 1584 1477 251 399 1647 943 1094 1481 734 409 1548 1530 280 313
247 891 728 676 1062 522 634 173 1073 1145 888 422 701 1008 190 839 952 947 0 840 1084 928 742 1651 679 716 713 622 459 110 720 792 686 982 1414 149 1001 892 499 1095 1060 1077 976 1011 1050 905 1038 1135 1033 926 749 718 1096 147 191 931 615 708 997 979 719 907
624 1336 860 1120 1506 750 1078 970 1518 360 572 482 869 1452 987 1284 1396 514 840 0 410 1372 142 863 1220 854 875 850 687 907 745 1237 845 497 1858 804 460 193 415 400 1504 1521 1421 1456 1495 1349 250 1580 1478 1370 723 871 1541 837 988 1375 272 881 1441 1424 752 560
868 1580 526 1364 1750 638 1322 1214 1762 136 259 840 534 1696 1231 1528 1640 202 1084 410 0 1616 500 915 1464 520 541 517 656 1151 410 1481 511 185 2103 1048 148 371 773 87 1748 1765 1665 1700 1739 1593 199 1824 1722 1614 389 536 1785 1081 1232 1619 630 546 1685 1668 418 248
778 93 1259 274 177 1054 332 1057 188 1676 1420 954 1233 123 1074 133 67 1478 928 1372 1616 0 1274 2182 415 1248 1245 1153 990 976 1252 920 1218 1513 1542 892 1533 1424 1030 1627 175 192 91 126 165 56 1570 1263 148 1054 1281 1249 211 924 1075 49 1147 1240 112 94 1251 1439
526 1238 857 1022 1408 652 980 872 1420 449 662 384 831 1354 888 1186 1298 604 742 142 500 1274 0 952 1122 846 843 751 588 809 834 1139 816 587 1760 706 550 193 317 489 1406 1423 1323 1358 1396 1251 340 1481 1380 1272 813 847 1443 738 890 1277 174 838 1343 1325 842 650
1737 2449 1668 2233 2619 1780 2191 2083 2631 1167 1380 1595 1676 2565 2099 2397 2509 1322 1953 1165 1218 2485 1255 0 2332 1662 1683 1659 1798 2020 1552 2349 1653 1305 2971 1917 1268 1126 1528 1207 2617 2634 2533 2569 2607 2462 1058 2692 2590 2483 1531 1678 2653 1949 2101 2488 1385 1688 2554 2536 1560 1368
626 378 1107 163 549 902 179 692 560 1524 1267 801 1080 495 709 326 439 1326 678 1220 1464 415 1122 2030 0 1095 1093 1001 838 607 1100 768 1066 1361 1390 715 1381 1271 878 1474 547 564 463 498 537 392 1418 1111 520 902 1129 1097 583 666 710 418 994 1087 484 466 1098 1286
499 1211 417 996 1382 302 954 846 1393 580 323 525 425 1328 862 1160 1272 382 716 854 520 1248 846 1359 1095 0 432 401 288 783 301 1112 401 417 1734 680 436 815 602 530 1380 1397 1296 1331 1370 1225 643 1455 1353 1246 280 427 1416 712 863 1251 718 437 1317 1299 309 342
497 1209 438 993 1379 299 951 843 1391 601 344 522 446 1325 859 1157 1269 403 713 875 541 1245 843 1380 1093 432 0 398 285 780 322 1109 422 438 1731 677 457 836 599 551 1377 1394 1294 1329 1367 1222 664 1452 1351 1243 301 448 1413 709 861 1248 716 458 1314 1296 330 363
405 1117 413 901 1287 208 859 751 1299 577 320 431 386 1233 768 1065 1177 379 622 850 517 1153 751 1356 1001 401 398 0 193 689 298 1018 372 414 1640 586 433 812 508 527 1285 1302 1202 1237 1276 1130 640 1361 1259 1152 277 403 1322 618 769 1156 624 393 1223 1205 306 339
242 954 299 738 1125 94 696 588 1136 717 460 268 273 1071 605 902 1014 519 459 687 656 990 588 1496 838 288 285 193 0 526 292 855 258 554 1477 423 573 738 345 667 1122 1139 1039 1074 1113 967 780 1198 1096 989 321 289 1159 455 606 993 461 280 1060 1042 291 479
314 940 794 724 1111 589 700 125 1122 1212 955 489 768 1057 141 888 1000 1014 110 907 1151 976 809 1718 608 783 780 689 526 0 787 859 753 1049 1481 147 1068 959 566 1162 1108 1125 1025 1060 1099 953 1105 1202 1082 993 816 784 1145 98 142 979 682 775 1046 1028 786 974
504 1216 307 1000 1386 307 958 850 1398 470 213 530 315 1332 867 1164 1276 272 720 745 410 1252 834 1250 1100 301 322 298 292 787 0 1117 292 307 1738 684 327 706 607 421 1384 1401 1301 1336 1375 1229 534 1460 1358 1250 170 318 1421 717 868 1255 723 328 1321 1304 199 232
643 884 1124 668 1055 919 626 922 1066 1541 1284 818 1097 1001 939 832 944 1343 792 1237 1481 920 1139 2047 768 1112 1109 1018 855 859 1117 0 1083 1378 680 756 1398 1288 895 1491 1052 1069 969 1004 1043 897 1435 774 1026 192 1146 1114 1089 788 940 923 1011 1104 990 972 1115 1303
470 1182 407 966 1352 273 924 816 1364 571 314 496 416 1298 833 1130 1242 373 686 845 511 1218 816 1350 1066 401 422 372 258 753 292 1083 0 408 1704 650 427 806 573 521 1350 1367 1267 1302 1341 1195 634 1426 1324 1216 270 418 1387 683 834 1221 689 428 1287 1270 300 333
765 1477 423 1261 1648 535 1219 1112 1659 223 330 791 431 1594 1128 1425 1537 289 982 497 185 1513 587 1003 1361 417 438 414 554 1049 307 1378 408 0 2000 946 235 458 860 174 1646 1662 1562 1597 1636 1490 287 1721 1619 1512 286 434 1682 978 1129 1516 717 444 1583 1565 315 335
1265 1506 1746 1290 1676 1541 1248 1544 1688 2163 1906 1440 1719 1622 1560 1454 1566 1965 1414 1858 2103 1542 1760 2669 1390 1734 1731 1640 1477 1481 1738 680 1704 2000 0 1378 2019 1910 1517 2113 1674 1691 1591 1626 1665 1519 2056 510 1648 536 1767 1736 1711 1410 1561 1545 1633 1726 1611 1594 1737 1925
211 855 691 639 1026 486 597 210 1037 1109 852 386 665 972 226 803 915 911 149 804 1048 892 706 1615 715 680 677 586 423 147 684 756 650 946 1378 0 965 856 463 1059 1024 1040 940 975 1014 869 1002 1099 997 890 713 681 1060 145 227 895 579 672 961 943 683 871
785 1497 442 1281 1667 555 1239 1131 1679 186 309 811 451 1613 1148 1445 1557 252 1001 460 148 1533 550 965 1381 436 457 433 573 1068 327 1398 427 235 2019 965 0 421 823 137 1665 1682 1582 1617 1656 1510 249 1740 1639 1531 305 453 1702 997 1149 1536 680 463 1602 1584 335 298
675 1387 821 1171 1558 802 1129 1022 1569 321 533 533 830 1504 1038 1335 1447 475 892 193 371 1424 193 824 1271 815 836 812 738 959 706 1288 806 458 1910 856 421 0 467 361 1556 1572 1472 1507 1546 1401 211 1631 1529 1422 684 832 1592 888 1039 1427 323 842 1493 1475 713 521
282 994 614 778 1165 409 736 629 1176 722 774 308 587 1111 645 942 1054 833 499 415 773 1030 317 1225 878 602 599 508 345 566 607 895 573 860 1517 463 823 467 0 763 1163 1179 1079 1114 1153 1007 613 1238 1136 1029 636 604 1199 495 646 1033 195 594 1100 1082 605 793
878 1591 536 1375 1761 648 1333 1225 1773 125 249 829 545 1707 1241 1539 1651 191 1095 400 87 1627 489 905 1474 530 551 527 667 1162 421 1491 521 174 2113 1059 137 361 763 0 1759 1776 1675 1711 1749 1604 189 1834 1732 1625 399 547 1795 1091 1242 1630 619 557 1696 1678 428 237
910 216 1391 406 96 1186 464 1189 91 1808 1552 1086 1365 80 1206 255 138 1611 1060 1504 1748 175 1406 2315 547 1380 1377 1285 1122 1108 1384 1052 1350 1646 1674 1024 1665 1556 1163 1759 0 49 110 169 38 178 1702 1395 56 1186 1413 1381 71 1056 1207 172 1279 1372 175 198 1383 1571
927 233 1408 423 72 1203 481 1206 67 1825 1569 1102 1382 89 1223 272 155 1627 1077 1521 1765 192 1423 2331 564 1397 1394 1302 1139 1125 1401 1069 1367 1662 1691 1040 1682 1572 1179 1776 49 0 120 145 48 195 1719 1412 66 1203 1430 1398 47 1073 1224 189 1296 1388 151 173 1400 1588
827 133 1308 323 167 1103 380 1106 162 1725 1468 1002 1281 59 1123 172 55 1527 976 1421 1665 91 1323 2231 463 1296 1294 1202 1039 1024 1301 969 1267 1562 1591 940 1582 1472 1079 1675 110 120 0 166 101 95 1619 1312 85 1103 1330 1298 142 972 1124 88 1195 1288 151 133 1299 1487
862 168 1343 358 93 1138 415 1141 104 1760 1503 1037 1317 197 1158 207 141 1562 1011 1456 1700 126 1358 2266 498 1331 1329 1237 1074 1059 1336 1004 1302 1597 1626 975 1617 1507 1114 1711 169 145 166 0 168 130 1654 1347 186 1138 1365 1333 127 1007 1159 124 1230 1323 113 136 1335 1522
901 207 1382 397 95 1177 454 1180 90 1799 1542 1076 1355 79 1196 246 129 1601 1050 1495 1739 165 1396 2305 537 1370 1367 1276 1113 1098 1375 1043 1341 1636 1665 1014 1656 1546 1153 1749 38 48 101 168 0 169 1693 1386 55 1177 1404 1372 70 1046 1198 162 1269 1362 174 196 1373 1561
755 97 1236 251 180 1031 309 1034 192 1653 1397 931 1210 126 1051 112 70 1455 905 1349 1593 56 1251 2159 392 1225 1222 1130 967 953 1229 897 1195 1490 1519 869 1510 1401 1007 1604 178 195 95 130 169 0 1547 1240 152 1031 1258 1226 215 901 1052 53 1124 1217 116 98 1228 1416
822 1534 649 1318 1704 761 1276 1168 1716 149 361 680 658 1650 1185 1482 1594 303 1038 250 199 1570 340 756 1418 643 664 640 780 1105 534 1435 634 287 2056 1002 249 211 613 189 1702 1719 1619 1654 1693 1547 0 1778 1676 1568 512 660 1739 1035 1186 1573 470 670 1639 1622 542 350
997 1238 1478 1022 1409 1273 980 1276 1420 1895 1638 1172 1451 1355 1293 1186 1298 1697 1146 1591 1835 1274 1493 2401 1122 1466 1464 1372 1209 1213 1471 774 1437 1732 510 1110 1752 1642 1249 1845 1407 1423 1323 1358 1397 1251 1789 0 1380 630 1500 1468 1443 1142 1294 1277 1365 1458 1344 1326 1469 1657
884 190 1365 380 113 1160 437 1163 108 1782 1525 1059 1338 97 1180 229 112 1584 1033 1478 1722 148 1380 2288 520 1353 1351 1259 1096 1081 1358 1026 1324 1619 1648 997 1639 1529 1136 1732 56 66 85 186 55 152 1676 1369 0 1160 1387 1355 88 1029 1181 146 1252 1345 192 190 1356 1544
777 1018 1257 802 1188 1052 760 1056 1200 1675 1418 952 1231 1134 1072 966 1078 1477 926 1370 1614 1054 1272 2181 902 1246 1243 1152 989 993 1250 192 1216 1512 536 890 1531 1422 1029 1625 1186 1203 1103 1138 1177 1031 1568 630 1160 0 1279 1248 1223 922 1073 1057 1145 1238 1123 1106 1249 1437
533 1245 286 1029 1415 335 987 879 1427 449 192 559 294 1361 896 1193 1305 251 749 723 389 1281 813 1228 1129 280 301 277 321 816 170 1146 270 286 1767 713 305 684 636 399 1413 1430 1330 1365 1404 1258 512 1488 1387 1279 0 296 1450 745 897 1284 752 306 1350 1333 178 211
501 1213 433 997 1383 304 955 847 1395 596 340 527 442 1329 864 1161 1273 399 718 871 536 1249 847 1376 1097 427 448 403 289 784 318 1114 418 434 1736 681 453 832 604 547 1381 1398 1298 1333 1372 1226 660 1457 1355 1248 296 0 1418 714 865 1252 720 454 1318 1301 325 359
947 253 1428 443 65 1223 500 1226 76 1845 1588 1122 1401 112 1242 292 178 1647 1096 1541 1785 211 1443 2351 583 1416 1413 1322 1159 1144 1421 1089 1387 1682 1711 1060 1702 1592 1199 1795 71 47 142 127 70 215 1739 1432 88 1223 1450 1418 0 1092 1244 208 1315 1408 133 156 1419 1607
243 888 724 672 1058 519 630 161 1070 1141 884 418 697 1004 178 836 948 943 147 837 1081 924 738 1647 667 712 709 618 455 98 717 788 683 978 1410 145 997 888 495 1091 1056 1073 972 1007 1046 901 1035 1131 1029 922 745 714 1092 0 179 927 611 704 993 975 715 903
394 1039 875 823 1209 670 781 47 1221 1292 1035 569 848 1155 63 987 1099 1094 191 988 1232 1075 890 1798 711 863 861 769 606 142 868 940 834 1129 1561 227 1149 1039 646 1242 1207 1224 1124 1159 1198 1052 1186 1282 1181 1073 897 865 1244 179 0 1078 762 855 1144 1126 866 1054
781 91 1262 277 174 1057 335 1060 186 1679 1423 957 1236 120 1077 130 64 1481 931 1375 1619 49 1277 2185 418 1251 1248 1156 993 979 1255 923 1221 1516 1545 895 1536 1427 1033 1630 172 189 88 124 162 53 1573 1266 146 1057 1284 1252 208 927 1078 0 1150 1243 109 91 1254 1442
398 1110 730 895 1281 525 852 745 1292 579 792 262 703 1227 761 1058 1170 734 615 272 630 1147 174 1082 994 718 716 624 461 682 723 1011 689 717 1633 579 680 323 195 619 1279 1296 1195 1230 1269 1124 470 1354 1252 1145 752 720 1315 611 762 1150 0 710 1216 1198 721 780
491 1203 443 987 1374 294 945 838 1385 607 350 517 452 1320 854 1151 1263 409 708 881 546 1240 838 1386 1087 437 458 393 280 775 328 1104 428 444 1726 672 463 842 594 557 1372 1388 1288 1323 1362 1217 670 1447 1345 1238 306 454 1408 704 855 1243 710 0 1309 1291 336 369
848 153 1328 343 98 1123 401 1127 110 1746 1489 1023 1302 183 1143 193 126 1548 997 1441 1685 112 1343 2252 484 1317 1314 1223 1060 1045 1321 990 1287 1583 1611 961 1602 1493 1100 1696 175 151 151 113 174 116 1639 1332 192 1123 1350 1318 133 993 1144 109 1216 1309 0 142 1320 1508
830 135 1311 326 121 1106 383 1109 133 1728 1471 1005 1284 165 1125 175 109 1530 979 1424 1668 94 1325 2234 466 1299 1296 1205 1042 1027 1304 972 1270 1565 1594 943 1584 1475 1082 1678 198 173 133 136 196 98 1622 1315 190 1106 1333 1301 156 975 1126 91 1198 1291 142 0 1302 1490
502 1215 315 999 1385 305 957 849 1397 478 221 528 323 1331 865 1163 1275 280 719 752 418 1251 842 1258 1098 309 330 306 291 786 199 1115 300 315 1737 683 335 713 605 428 1383 1400 1299 1335 1373 1228 542 1458 1356 1249 178 325 1419 715 866 1254 721 336 1320 1302 0 240
690 1403 348 1187 1573 460 1145 1037 1584 286 255 716 357 1519 1053 1351 1463 313 907 560 248 1439 650 1066 1286 342 363 339 479 974 232 1303 333 335 1925 871 298 521 793 237 1571 1588 1487 1522 1561 1416 350 1646 1544 1437 211 359 1607 903 1054 1442 780 369 1508 1490 240 0
EOF