NAME : tsp_problem
TYPE : TSP
DIMENSION : 28
EDGE_WEIGHT_TYPE : EXPLICIT
EDGE_WEIGHT_FORMAT : FULL_MATRIX
EDGE_WEIGHT_SECTION
0 1588 38 100 1593 1364 211 227 90 910 1320 60 1010 1158 81 1150 1474 90 1507 901 1561 2301 81 1355 620 1373 1416 72
1588 0 1598 1599 1880 1652 1407 1385 1611 798 1608 1563 1297 1446 1624 1437 1761 1533 182 1188 1849 2589 1623 1643 1025 1661 1703 1555
38 1598 0 101 1603 1374 221 237 91 920 1330 61 1020 1168 82 1159 1483 91 1516 910 1571 2311 82 1365 630 1383 1426 73
100 1599 101 0 1604 1375 222 238 42 921 1331 123 1021 1169 54 1160 1485 153 1517 912 1572 2312 53 1366 631 1384 1427 135
1593 1880 1603 1604 0 367 1412 1390 1616 1203 331 1568 604 541 1629 822 218 1538 1799 722 306 1063 1628 388 1030 272 228 1559
1364 1652 1374 1375 367 0 1183 1161 1388 974 360 1339 375 312 1400 593 248 1309 1570 493 335 1349 1399 418 801 302 257 1331
211 1407 221 222 1412 1183 0 84 235 729 1139 186 829 977 247 968 1293 156 1326 720 1380 2120 246 1174 439 1192 1235 178
227 1385 237 238 1390 1161 84 0 250 707 1117 202 807 955 263 947 1271 172 1304 698 1358 2098 262 1152 417 1170 1213 193
90 1611 91 42 1616 1388 235 250 0 934 1344 112 1033 1182 67 1173 1497 142 1530 924 1584 2325 66 1379 643 1397 1439 125
910 798 920 921 1203 974 729 707 934 0 930 885 620 768 946 759 1084 855 716 511 1171 1911 945 965 347 983 1026 877
1320 1608 1330 1331 331 360 1139 1117 1344 930 0 1295 331 268 1356 549 212 1265 1526 450 299 1312 1355 382 757 266 221 1287
60 1563 61 123 1568 1339 186 202 112 885 1295 0 985 1133 104 1124 1448 95 1481 875 1536 2276 104 1330 595 1348 1391 95
1010 1297 1020 1021 604 375 829 807 1033 620 331 985 0 169 1046 239 485 955 1216 139 572 1390 1045 366 447 384 427 976
1158 1446 1168 1169 541 312 977 955 1182 768 268 1133 169 0 1194 387 421 1103 1364 288 509 1522 1193 303 595 321 364 1125
81 1624 82 54 1629 1400 247 263 67 946 1356 104 1046 1194 0 1185 1510 134 1543 937 1597 2337 78 1391 656 1409 1452 116
1150 1437 1159 1160 822 593 968 947 1173 759 549 1124 239 387 1185 0 703 1094 1356 279 790 1225 1185 584 587 602 645 1116
1474 1761 1483 1485 218 248 1293 1271 1497 1084 212 1448 485 421 1510 703 0 1419 1680 603 186 1163 1509 269 911 153 109 1440
90 1533 91 153 1538 1309 156 172 142 855 1265 95 955 1103 134 1094 1419 0 1452 846 1506 2246 134 1300 565 1318 1361 86
1507 182 1516 1517 1799 1570 1326 1304 1530 716 1526 1481 1216 1364 1543 1356 1680 1452 0 1107 1767 2507 1542 1561 944 1579 1622 1473
901 1188 910 912 722 493 720 698 924 511 450 875 139 288 937 279 603 846 1107 0 690 1431 936 484 338 502 545 867
1561 1849 1571 1572 306 335 1380 1358 1584 1171 299 1536 572 509 1597 790 186 1506 1767 690 0 1062 1596 357 998 240 196 1528
2611 2898 2621 2622 1373 1659 2430 2408 2634 2221 1622 2586 1700 1832 2647 1535 1473 2556 2817 1740 1372 0 2646 1680 2048 1564 1519 2577
81 1623 82 53 1628 1399 246 262 66 945 1355 104 1045 1193 78 1185 1509 134 1542 936 1596 2336 0 1390 655 1408 1451 116
1355 1643 1365 1366 388 418 1174 1152 1379 965 382 1330 366 303 1391 584 269 1300 1561 484 357 1370 1390 0 792 323 279 1322
620 1025 630 631 1030 801 439 417 643 347 757 595 447 595 656 587 911 565 944 338 998 1738 655 792 0 810 853 586
1373 1661 1383 1384 272 302 1192 1170 1397 983 266 1348 384 321 1409 602 153 1318 1579 502 240 1254 1408 323 810 0 163 1340
1416 1703 1426 1427 228 257 1235 1213 1439 1026 221 1391 427 364 1452 645 109 1361 1622 545 196 1209 1451 279 853 163 0 1382
72 1555 73 135 1559 1331 178 193 125 877 1287 95 976 1125 116 1116 1440 86 1473 867 1528 2268 116 1322 586 1340 1382 0
EOF