NAME : tsp_problem
TYPE : TSP
DIMENSION : 78
EDGE_WEIGHT_TYPE : EXPLICIT
EDGE_WEIGHT_FORMAT : FULL_MATRIX
EDGE_WEIGHT_SECTION
0 37 1298 1464 1304 455 1583 126 1250 1803 315 86 1292 990 1479 1733 153 1484 125 1554 964 87 1033 1077 1359 4378 1280 1008 1255 793 1000 1244 94 138 1254 1611 185 2220 928 69 89 975 963 180 1519 1138 311 1058 130 1176 1506 1239 1511 1315 47 2223 1300 372 1997 1268 163 1259 1275 1674 1194 110 1554 538 1100 1478 138 1068 86 1095 1717 1392 180 259
37 0 1306 1472 1312 463 1591 133 1257 1811 323 94 1299 998 1487 1741 161 1492 133 1562 972 95 1041 1084 1367 4386 1288 1016 1263 801 1008 1252 85 146 1262 1619 167 2228 936 59 97 983 971 188 1527 1146 319 1066 137 1184 1514 1246 1519 1323 55 2231 1308 380 2004 1276 171 1267 1282 1682 1202 118 1562 546 1108 1486 120 1076 76 1103 1725 1400 162 267
1298 1306 0 705 1465 1105 1744 1309 276 829 1005 1270 198 747 232 759 1196 647 1221 1715 722 1234 574 327 770 3130 327 796 283 1360 990 267 1363 1207 243 533 1392 1245 391 1337 1233 516 953 1146 272 1299 1035 327 1199 324 1667 257 264 833 1281 1249 306 963 749 307 1153 254 276 700 735 1215 307 817 317 231 1406 609 1354 1256 469 144 1403 1081
1464 1472 705 0 1631 1271 1910 1475 791 404 1171 1436 713 914 521 334 1362 177 1387 1881 888 1401 567 783 140 2981 842 962 798 1526 1156 783 1529 1373 758 211 1558 820 635 1504 1399 564 1119 1312 475 1465 1201 765 1365 839 1833 772 523 193 1447 824 821 1129 599 822 1319 769 791 274 372 1381 458 983 807 515 1572 470 1521 1422 321 623 1569 1247
1315 1323 1476 1642 0 1122 510 1326 1427 1981 1022 1287 1469 1168 1657 1911 1213 1662 1238 482 1142 1251 1211 1255 1537 4556 1458 1216 1433 1460 1411 1422 1380 1224 1432 1789 1409 2398 1106 1355 1250 1153 1374 1163 1697 591 1052 1236 1216 1354 434 1417 1689 1493 1298 2401 1478 980 2174 1446 1170 1437 1452 1852 1372 1232 1732 834 1278 1656 1423 1246 1372 630 1895 1570 1420 1098
455 463 1105 1271 1111 0 1390 466 1056 1610 163 427 1098 648 1286 1540 353 1291 378 1361 666 392 840 883 1166 4185 1087 599 1062 384 591 1051 520 364 1061 1418 549 2027 735 495 390 782 554 303 1326 945 192 865 356 983 1313 1046 1318 1122 439 2030 1107 179 1803 1075 310 1066 1081 1481 1001 372 1361 345 907 1285 564 875 512 902 1524 1199 560 238
1583 1591 1744 1910 510 1390 0 1594 1695 2249 1290 1554 1737 1436 1925 2179 1481 1930 1506 54 1410 1519 1478 1522 1805 4823 1726 1484 1701 1727 1678 1690 1648 1492 1699 2056 1676 2665 1374 1622 1517 1420 1641 1430 1965 497 1320 1504 1483 1621 122 1684 1957 1760 1566 2669 1746 1248 2442 1714 1438 1705 1720 2119 1640 1499 2000 1102 1546 1924 1691 1514 1639 536 2163 1838 1688 1366
126 133 1309 1475 1315 466 1594 0 1260 1814 326 97 1302 1001 1490 1744 164 1495 135 1565 975 98 1044 1087 1370 4389 1291 1019 1266 804 1011 1255 190 149 1265 1622 121 2230 939 165 100 986 974 191 1530 1149 322 1069 140 1186 1517 1249 1522 1325 109 2234 1311 383 2007 1279 173 1270 1285 1685 1205 121 1565 549 1111 1489 173 1079 182 1106 1728 1403 133 270
1250 1257 276 791 1416 1056 1695 1260 0 915 957 1221 285 699 318 845 1148 733 1173 1666 673 1186 525 279 851 3216 413 747 370 1311 941 354 1314 1158 329 619 1343 1332 342 1289 1184 467 905 1097 358 1250 986 279 1150 344 1619 343 350 807 1233 1335 392 915 835 393 1105 340 362 786 686 1166 393 768 269 317 1358 560 1306 1207 556 231 1355 1032
1803 1811 829 404 1970 1610 2249 1814 915 0 1510 1775 837 1252 645 120 1701 346 1726 2220 1227 1739 906 1106 469 3105 966 1300 922 1865 1495 906 1868 1712 882 335 1896 459 974 1842 1737 903 1458 1651 599 1804 1540 1104 1704 963 2172 896 646 532 1786 463 945 1468 308 946 1658 893 915 275 711 1720 582 1322 996 639 1911 808 1859 1761 445 747 1908 1586
315 323 1005 1171 1011 163 1290 326 957 1510 0 286 999 697 1187 1440 213 1191 238 1261 672 251 740 784 1066 4085 987 715 962 500 707 952 380 224 961 1318 408 1927 635 354 249 682 670 162 1226 845 92 765 215 883 1214 946 1218 1022 298 1930 1007 80 1704 976 170 966 982 1381 901 232 1261 245 808 1186 423 775 371 802 1424 1099 420 138
86 94 1270 1436 1276 427 1554 97 1221 1775 286 0 1263 962 1451 1705 125 1456 96 1526 936 59 1004 1048 1331 4349 1252 980 1227 764 971 1216 151 110 1225 1582 145 2191 900 126 61 947 934 152 1491 1110 283 1030 101 1147 1478 1210 1483 1286 70 2195 1272 344 1968 1240 134 1231 1246 1645 1166 82 1526 510 1072 1450 195 1040 143 1066 1689 1364 157 231
1292 1299 198 713 1458 1098 1737 1302 285 837 999 1263 0 741 240 768 1190 656 1215 1708 715 1228 567 321 779 3139 336 789 292 1353 983 276 1356 1200 252 542 1385 1254 384 1331 1226 509 947 1139 280 1292 1028 321 1192 332 1661 266 272 842 1275 1258 315 957 758 315 1147 263 285 708 728 1208 315 810 311 239 1400 602 1348 1249 478 153 1397 1074
990 998 747 914 1157 649 1436 1001 699 1252 697 962 741 0 929 1182 888 933 913 1407 117 926 482 526 808 3827 730 83 704 648 278 694 1055 899 703 1060 1083 1669 377 1029 925 424 241 838 968 991 727 507 891 625 1359 688 961 764 973 1672 749 655 1446 718 845 709 724 1123 644 907 1003 509 550 928 1098 517 1046 948 1166 841 1095 773
1479 1487 232 521 1646 1286 1925 1490 318 645 1187 1451 240 929 0 575 1378 464 1403 1896 903 1416 755 509 587 2947 369 977 325 1541 1171 309 1544 1388 285 350 1573 1062 572 1519 1414 697 1134 1327 313 1480 1216 509 1380 366 1849 299 306 650 1463 1066 348 1145 566 349 1335 296 318 516 829 1396 335 998 399 273 1588 790 1536 1437 286 186 1584 1262
1733 1741 759 334 1900 1540 2179 1744 845 120 1440 1705 768 1182 575 0 1631 276 1656 2150 1157 1669 836 1036 399 3035 896 1230 852 1795 1425 837 1798 1642 812 265 1826 537 904 1772 1668 833 1388 1581 529 1734 1470 1034 1634 893 2102 826 577 462 1716 540 875 1398 315 876 1588 823 845 283 641 1650 512 1252 926 569 1841 738 1789 1691 375 677 1838 1516
153 161 1196 1362 1202 353 1481 164 1148 1701 213 125 1190 888 1378 1631 0 1382 126 1452 863 125 931 975 1257 4276 1178 906 1153 691 898 1143 218 112 1152 1509 246 2118 826 192 127 873 861 78 1417 1036 209 956 104 1074 1405 1137 1409 1213 136 2121 1198 271 1895 1167 61 1157 1173 1572 1092 120 1452 436 999 1376 261 966 209 993 1615 1290 258 157
1484 1492 647 177 1651 1291 1930 1495 733 346 1191 1456 656 933 464 276 1382 0 1407 1901 908 1420 587 803 160 2924 784 982 741 1546 1176 725 1549 1393 700 154 1578 762 655 1524 1419 584 1139 1332 418 1485 1221 785 1385 781 1853 714 465 213 1467 766 764 1149 541 764 1339 711 734 217 392 1401 401 1003 814 458 1592 489 1541 1442 263 565 1589 1267
125 133 1221 1387 1227 378 1506 135 1173 1726 238 96 1215 913 1403 1656 126 1407 0 1477 888 97 956 1000 1282 4301 1203 931 1178 716 923 1168 190 137 1177 1534 218 2143 851 164 99 898 886 103 1442 1061 234 981 129 1099 1430 1162 1434 1238 108 2146 1223 296 1920 1192 86 1182 1198 1597 1117 120 1477 461 1024 1401 233 991 181 1018 1640 1315 230 182
1554 1562 1715 1881 482 1361 54 1565 1666 2220 1261 1526 1708 1407 1896 2150 1452 1901 1477 0 1381 1490 1450 1493 1776 4795 1697 1455 1672 1698 1650 1661 1619 1463 1671 2028 1647 2636 1345 1593 1489 1392 1613 1402 1936 468 1291 1475 1455 1592 126 1655 1928 1731 1537 2640 1717 1219 2413 1685 1409 1676 1691 2091 1611 1471 1971 1073 1517 1895 1662 1485 1610 507 2134 1809 1659 1337
964 972 722 888 1131 667 1410 975 673 1227 672 936 715 117 903 1157 863 908 888 1381 0 901 456 500 783 3801 704 101 679 666 296 668 1029 873 677 1035 1058 1643 352 1004 899 399 259 812 943 965 701 482 865 599 1334 662 935 738 948 1647 724 630 1420 692 820 683 698 1097 618 881 978 483 524 902 1073 492 1021 922 1141 816 1070 747
87 95 1234 1401 1240 392 1519 98 1186 1739 251 59 1228 926 1416 1669 125 1420 97 1490 901 0 969 1013 1295 4314 1217 944 1191 729 936 1181 152 111 1190 1547 180 2156 864 126 62 911 899 116 1455 1074 248 994 102 1112 1443 1175 1448 1251 70 2159 1236 309 1933 1205 99 1196 1211 1610 1131 82 1490 475 1037 1415 195 1004 143 1031 1653 1328 192 195
1033 1041 574 567 1200 840 1478 1044 525 906 740 1004 567 482 755 836 931 587 956 1450 456 969 0 352 462 3484 556 530 531 1095 725 520 1098 942 529 714 1126 1323 204 1072 967 250 688 880 795 1034 770 333 933 451 1402 514 787 418 1016 1326 575 698 1102 544 888 535 550 777 345 949 830 552 376 754 1141 343 1089 990 823 668 1138 816
1077 1084 327 783 1243 883 1522 1087 279 1106 784 1048 321 526 509 1036 975 803 1000 1493 500 1013 352 0 678 3407 310 574 284 1138 769 274 1141 985 283 810 1170 1522 169 1116 1011 294 732 924 548 1077 813 106 977 205 1446 268 541 634 1060 1526 329 742 1026 298 932 289 304 976 513 993 584 595 130 508 1185 387 1133 1034 746 421 1182 859
1359 1367 770 140 1526 1166 1805 1370 851 469 1066 1331 779 808 587 399 1257 160 1282 1776 783 1295 462 678 0 3047 882 857 857 1421 1051 846 1424 1268 823 277 1452 886 530 1398 1294 459 1014 1207 541 1360 1096 660 1260 777 1728 837 588 88 1342 889 887 1024 664 870 1214 834 857 340 267 1276 524 878 702 581 1467 364 1415 1317 386 688 1464 1142
4378 4386 3130 2981 4544 4185 4823 4389 3216 3105 4085 4349 3139 3827 2947 3035 4276 2924 4301 4795 3801 4314 3484 3407 3047 0 3267 3875 3224 4439 4070 3208 4443 4287 3183 2809 4471 3522 3470 4417 4312 3481 4033 4225 2901 4379 4115 3407 4278 3264 4747 3197 2948 3110 4361 3525 3247 4043 3025 3247 4233 3194 3217 2976 3289 4294 2884 3897 3297 2941 4486 3386 4434 4335 2686 3048 4483 4161
1280 1288 327 842 1447 1087 1726 1291 413 966 987 1252 336 730 369 896 1178 784 1203 1697 704 1217 556 310 882 3267 0 778 420 1342 972 405 1345 1189 380 670 1374 1382 373 1320 1215 498 935 1128 409 1281 1017 310 1181 375 1649 394 401 838 1263 1386 443 945 886 444 1135 391 413 837 717 1197 444 799 299 368 1388 591 1337 1238 607 282 1385 1063
1009 1017 796 962 1205 600 1484 1020 747 1300 716 980 789 83 977 1230 907 982 932 1455 101 945 530 574 857 3875 778 0 752 598 229 742 1074 918 751 1108 1102 1717 426 1048 943 472 192 856 1017 1039 746 555 909 673 1407 736 1009 812 992 1721 797 703 1494 766 864 757 772 1171 692 925 1052 557 598 976 1117 565 1065 996 1215 890 1114 792
1255 1263 283 798 1422 1062 1701 1266 370 922 962 1227 292 704 325 852 1153 741 1178 1672 679 1191 531 284 857 3224 420 752 0 1317 947 361 1320 1164 337 627 1348 1339 347 1294 1190 473 910 1103 365 1256 992 284 1156 350 1624 350 357 812 1238 1343 400 920 842 400 1110 347 370 793 692 1172 400 774 274 324 1363 566 1311 1213 563 238 1360 1038
793 801 1359 1525 1448 384 1727 804 1310 1864 500 764 1352 647 1540 1794 691 1545 716 1698 665 729 1094 1137 1420 4439 1341 598 1316 0 589 1305 858 702 1315 1672 886 2281 989 832 727 1036 552 640 1580 1282 530 1119 693 1237 1651 1300 1572 1376 776 2284 1361 517 2057 1329 648 1320 1335 1735 1255 709 1615 683 1161 1539 901 1129 849 1239 1778 1453 898 576
1014 1022 837 1003 1246 605 1525 1025 788 1342 722 986 830 125 1018 1272 913 1023 938 1496 142 951 571 615 898 3916 819 75 794 604 0 783 1079 923 792 1150 1108 1758 467 1054 949 514 197 862 1058 1080 751 597 915 714 1449 777 1050 853 998 1762 839 738 1535 807 870 798 813 1212 733 931 1093 598 639 1017 1123 607 1071 1037 1256 931 1119 797
1244 1252 267 783 1411 1051 1690 1255 354 906 952 1216 276 694 309 837 1143 725 1168 1661 668 1181 520 274 846 3208 405 742 361 1306 936 0 1309 1153 321 611 1338 1323 337 1284 1179 462 900 1092 349 1245 981 274 1145 339 1614 335 341 802 1228 1327 384 910 827 384 1100 332 354 777 681 1161 384 763 264 308 1353 555 1301 1202 547 222 1350 1027
94 85 1363 1529 1369 520 1648 190 1314 1868 380 151 1356 1055 1544 1798 218 1549 190 1619 1029 152 1098 1141 1424 4443 1345 1073 1320 858 1065 1309 0 203 1319 1676 113 2285 993 97 154 1040 1028 245 1584 1203 376 1123 194 1241 1571 1304 1576 1380 112 2288 1365 437 2061 1333 228 1324 1339 1739 1259 175 1619 603 1165 1543 66 1133 78 1160 1782 1457 108 324
138 146 1207 1373 1213 364 1492 149 1158 1712 224 110 1200 899 1388 1642 112 1393 137 1463 873 111 942 985 1268 4287 1189 917 1164 702 909 1153 203 0 1163 1520 232 2128 837 178 113 884 872 89 1428 1047 220 967 114 1085 1415 1147 1420 1223 122 2132 1209 281 1905 1177 72 1168 1183 1583 1103 130 1463 447 1009 1387 247 977 195 1004 1626 1301 244 168
1254 1262 243 758 1420 1061 1699 1265 329 882 961 1225 252 703 285 812 1152 700 1177 1671 677 1190 529 283 823 3183 380 751 337 1315 946 321 1319 1163 0 586 1347 1299 346 1293 1188 471 909 1101 325 1255 991 283 1154 348 1623 310 317 811 1237 1302 359 919 802 360 1109 307 329 753 691 1170 360 773 273 284 1362 564 1310 1211 523 198 1359 1037
1611 1619 533 211 1778 1418 2056 1622 619 335 1318 1582 542 1060 350 265 1509 154 1534 2028 1035 1547 714 810 277 2809 670 1108 627 1673 1303 611 1676 1520 586 0 1704 752 782 1650 1545 711 1266 1459 303 1612 1348 810 1511 667 1980 600 351 340 1594 756 649 1276 428 650 1466 597 619 206 519 1528 287 1130 700 343 1719 616 1667 1568 149 451 1716 1394
185 167 1392 1558 1397 549 1676 121 1343 1896 408 145 1385 1083 1573 1826 246 1578 218 1647 1058 180 1126 1170 1452 4471 1374 1101 1348 886 1093 1338 113 232 1347 1704 0 2313 1022 137 183 1068 1056 274 1613 1231 405 1151 223 1269 1600 1332 1605 1408 191 2317 1393 466 2090 1362 256 1353 1368 1767 1288 204 1648 632 1194 1572 72 1161 118 1188 1811 1486 42 352
2529 2537 1555 1130 2696 2336 2975 2540 1641 769 2236 2501 1564 1979 1372 846 2427 1072 2452 2946 1953 2466 1632 1832 1195 3832 1692 2027 1649 2591 2221 1633 2594 2438 1608 1062 2623 0 1700 2569 2464 1629 2184 2377 1325 2530 2266 1830 2430 1689 2898 1622 1373 1258 2512 339 1671 2194 1034 1672 2384 1619 1641 1002 1437 2446 1309 2048 1722 1365 2637 1535 2586 2487 1171 1473 2634 2312
928 936 391 635 1095 735 1374 939 342 974 635 900 384 377 572 904 826 655 851 1345 352 864 204 169 530 3470 373 426 347 990 620 337 993 837 346 782 1022 1390 0 968 863 146 583 776 612 929 665 150 829 268 1297 331 604 485 911 1394 392 593 1089 361 783 352 367 845 365 845 647 447 193 571 1036 239 985 886 810 485 1033 711
69 59 1337 1504 1343 495 1622 165 1289 1842 354 126 1331 1029 1519 1772 192 1524 164 1593 1004 126 1072 1116 1398 4417 1320 1047 1294 832 1039 1284 97 178 1293 1650 137 2259 968 0 129 1014 1002 220 1559 1177 351 1097 169 1215 1546 1278 1551 1354 86 2263 1339 412 2036 1308 202 1299 1314 1713 1234 150 1594 578 1140 1518 89 1107 102 1134 1757 1432 132 298
89 97 1233 1399 1238 390 1517 100 1184 1737 249 61 1226 925 1414 1668 127 1419 99 1489 899 62 967 1011 1294 4312 1215 943 1190 727 934 1179 154 113 1188 1545 183 2154 863 129 0 909 897 115 1454 1073 246 992 104 1110 1441 1173 1446 1249 72 2158 1234 307 1931 1203 97 1194 1209 1608 1129 85 1489 473 1035 1413 197 1002 146 1029 1652 1327 194 193
975 983 516 564 1142 782 1420 986 467 903 682 947 509 424 697 833 873 584 898 1392 399 911 250 294 459 3481 498 472 473 1037 667 462 1040 884 471 711 1068 1320 146 1014 909 0 630 823 737 976 712 275 875 393 1344 456 729 415 958 1323 517 640 1098 486 830 477 492 774 341 892 772 494 318 696 1083 285 1031 932 820 610 1080 758
1003 1011 826 992 1235 594 1514 1014 777 1331 711 975 819 113 1007 1261 901 1012 926 1485 131 940 560 604 887 3905 808 64 783 593 223 772 1068 912 781 1138 1097 1747 456 1043 938 502 0 851 1047 1069 740 585 904 703 1437 766 1039 842 986 1751 827 727 1524 796 858 787 802 1201 722 920 1082 587 628 1006 1112 595 1060 1026 1245 920 1108 786
180 188 1146 1312 1152 303 1430 191 1097 1651 162 152 1139 838 1327 1581 78 1332 103 1402 812 116 880 924 1207 4225 1128 856 1103 640 847 1092 245 89 1101 1459 274 2067 776 220 115 823 811 0 1367 986 159 906 81 1023 1354 1086 1359 1162 163 2071 1148 220 1844 1116 35 1107 1122 1521 1042 97 1402 386 948 1326 288 916 236 942 1565 1240 285 107
1519 1527 272 475 1686 1326 1965 1530 358 599 1226 1491 280 968 313 529 1417 418 1442 1936 943 1455 795 548 541 2901 409 1017 365 1581 1211 349 1584 1428 325 303 1613 1016 612 1559 1454 737 1174 1367 0 1520 1256 548 1420 405 1888 339 345 604 1502 1019 388 1184 519 388 1374 336 358 470 782 1436 289 1038 439 312 1627 830 1576 1477 240 226 1624 1302
1138 1146 1299 1465 591 945 497 1149 1250 1804 845 1110 1292 991 1480 1734 1036 1485 1061 468 965 1074 1034 1077 1360 4379 1281 1039 1256 1282 1234 1245 1203 1047 1255 1612 1231 2220 929 1177 1073 976 1197 986 1520 0 875 1059 1039 1177 420 1239 1512 1316 1121 2224 1301 803 1997 1269 993 1260 1275 1675 1195 1055 1555 657 1101 1479 1246 1069 1194 91 1718 1393 1243 921
311 319 1035 1201 1041 192 1320 322 986 1540 92 283 1028 727 1216 1470 209 1221 234 1291 701 248 770 813 1096 4115 1017 745 992 530 737 981 376 220 991 1348 405 1956 665 351 246 712 700 159 1256 875 0 795 212 912 1243 975 1248 1051 294 1960 1037 109 1733 1005 166 996 1011 1411 931 228 1291 275 837 1215 419 805 368 832 1454 1129 416 168
1058 1066 327 765 1225 865 1504 1069 279 1104 765 1030 321 507 509 1034 956 785 981 1475 482 994 333 106 660 3407 310 555 284 1120 750 274 1123 967 283 810 1151 1520 150 1097 992 275 713 906 548 1059 795 0 958 205 1427 268 541 615 1041 1524 329 723 1026 298 913 289 304 974 495 975 583 577 130 508 1166 368 1114 1015 746 421 1163 841
130 137 1199 1365 1204 356 1483 140 1150 1704 215 101 1192 891 1380 1634 104 1385 129 1455 865 102 933 977 1260 4278 1181 909 1156 693 900 1145 194 114 1154 1511 223 2120 829 169 104 875 863 81 1420 1039 212 958 0 1076 1407 1139 1412 1215 113 2124 1200 273 1897 1169 63 1160 1175 1574 1095 122 1455 439 1001 1379 238 968 186 995 1618 1293 235 159
1176 1184 324 839 1342 983 1621 1186 344 963 883 1147 332 625 366 893 1074 781 1099 1592 599 1112 451 205 777 3264 375 673 350 1237 868 339 1241 1085 348 667 1269 1379 268 1215 1110 393 831 1023 405 1177 912 205 1076 0 1545 333 397 733 1159 1383 394 841 883 363 1031 354 369 833 613 1092 440 695 195 364 1284 486 1232 1133 603 278 1281 958
1506 1514 1667 1833 434 1313 122 1517 1619 2172 1214 1478 1661 1359 1849 2102 1405 1853 1430 126 1334 1443 1402 1446 1728 4747 1649 1407 1624 1651 1602 1614 1571 1415 1623 1980 1600 2589 1297 1546 1441 1344 1565 1354 1888 420 1243 1427 1407 1545 0 1608 1880 1684 1490 2592 1669 1172 2366 1638 1362 1628 1644 2043 1563 1423 1923 1025 1470 1847 1615 1437 1563 460 2086 1761 1611 1289
1239 1246 257 772 1405 1046 1684 1249 343 896 946 1210 266 688 299 826 1137 714 1162 1655 662 1175 514 268 837 3197 394 736 350 1300 931 335 1304 1147 310 600 1332 1312 331 1278 1173 456 894 1086 339 1239 975 268 1139 333 1608 0 331 796 1222 1316 373 904 816 374 1094 321 343 767 675 1155 374 757 258 298 1347 549 1295 1196 537 212 1344 1021
1511 1519 264 523 1678 1318 1957 1522 350 646 1218 1483 272 961 306 577 1409 465 1434 1928 935 1448 787 541 588 2948 401 1009 357 1573 1203 341 1576 1420 317 351 1605 1063 604 1551 1446 729 1166 1359 345 1512 1248 541 1412 397 1880 331 0 651 1494 1067 380 1176 567 380 1366 328 350 517 830 1428 336 1030 431 304 1619 822 1568 1469 287 218 1616 1294
1315 1323 833 193 1481 1122 1760 1325 807 532 1022 1286 842 764 650 462 1213 213 1238 1731 738 1251 418 634 88 3110 838 812 812 1376 1007 802 1380 1223 811 340 1408 949 485 1354 1249 415 970 1162 604 1316 1051 615 1215 733 1684 796 651 0 1298 952 857 980 727 826 1170 817 832 403 222 1231 587 834 658 644 1423 320 1371 1272 449 751 1420 1097
47 55 1281 1447 1287 439 1566 109 1233 1786 298 70 1275 973 1463 1716 136 1467 108 1537 948 70 1016 1060 1342 4361 1263 991 1238 776 983 1228 112 122 1237 1594 191 2203 911 86 72 958 946 163 1502 1121 294 1041 113 1159 1490 1222 1494 1298 0 2206 1283 356 1980 1252 146 1242 1258 1657 1177 93 1537 521 1084 1461 155 1051 103 1078 1700 1375 197 242
2526 2533 1551 1126 2692 2332 2971 2536 1637 765 2233 2497 1560 1975 1368 842 2424 1068 2449 2942 1949 2462 1629 1828 1191 3828 1688 2023 1645 2587 2218 1629 2590 2434 1604 1058 2619 332 1696 2565 2460 1626 2181 2373 1322 2526 2262 1826 2426 1685 2895 1618 1369 1255 2509 0 1668 2191 1031 1668 2381 1615 1638 998 1433 2442 1305 2044 1719 1362 2634 1531 2582 2483 1167 1469 2631 2308
1300 1308 306 821 1467 1107 1746 1311 392 945 1007 1272 315 749 348 875 1198 764 1223 1717 724 1236 575 329 887 3247 443 797 400 1362 992 384 1365 1209 359 649 1393 1362 392 1339 1234 517 955 1148 388 1301 1037 329 1200 394 1669 373 380 857 1283 1365 0 965 865 423 1155 370 393 816 737 1217 423 819 319 347 1408 610 1356 1257 586 261 1405 1083
372 380 963 1129 969 179 1248 383 915 1468 80 344 957 655 1145 1398 271 1149 296 1219 630 309 698 742 1024 4043 945 703 920 517 724 910 437 281 919 1276 466 1885 593 412 307 640 687 220 1184 803 109 723 273 841 1172 904 1176 980 356 1888 965 0 1662 934 228 924 940 1339 859 289 1219 203 766 1143 481 733 429 760 1382 1057 477 155
1997 2004 749 599 2163 1803 2442 2007 835 308 1704 1968 758 1446 566 315 1895 541 1920 2413 1420 1933 1102 1026 664 3025 886 1494 842 2058 1688 827 2061 1905 802 428 2090 725 1089 2036 1931 1098 1652 1844 519 1997 1733 1026 1897 883 2366 816 567 727 1980 728 865 1662 0 866 1852 813 835 471 906 1913 502 1515 916 559 2105 1004 2053 1954 365 667 2102 1779
1268 1276 307 822 1435 1075 1714 1279 393 946 976 1240 315 718 349 876 1167 764 1192 1685 692 1205 544 298 870 3247 444 766 400 1330 960 384 1333 1177 360 650 1362 1362 361 1308 1203 486 924 1116 388 1269 1005 298 1169 363 1638 374 380 826 1252 1366 423 934 866 0 1124 371 393 816 705 1185 423 787 288 348 1377 579 1325 1226 586 261 1374 1051
163 171 1153 1319 1159 310 1438 173 1105 1658 170 134 1147 845 1335 1588 61 1339 86 1409 820 99 888 932 1214 4233 1135 863 1110 648 855 1100 228 72 1109 1466 256 2075 783 202 97 830 818 35 1374 993 166 913 63 1031 1362 1094 1366 1170 146 2078 1155 228 1852 1124 0 1114 1130 1529 1049 79 1409 393 956 1333 271 923 219 950 1572 1247 268 114
1259 1267 254 769 1426 1066 1705 1270 340 893 966 1231 263 709 296 823 1157 711 1182 1676 683 1196 535 289 834 3194 391 757 347 1321 951 332 1324 1168 307 597 1353 1309 352 1299 1194 477 914 1107 336 1260 996 289 1160 354 1628 321 328 817 1242 1313 370 924 813 371 1114 0 340 764 696 1176 371 778 279 295 1367 570 1316 1217 533 209 1364 1042
1275 1282 276 791 1441 1081 1720 1285 362 915 982 1246 285 724 318 845 1173 734 1198 1691 698 1211 550 304 857 3217 413 772 370 1336 966 354 1339 1183 329 619 1368 1332 367 1314 1209 492 930 1122 358 1275 1011 304 1175 369 1644 343 350 832 1258 1335 393 940 835 393 1130 340 0 786 711 1191 393 793 294 317 1383 585 1331 1232 556 231 1380 1057
1674 1682 700 274 1840 1481 2119 1685 786 275 1381 1645 708 1123 516 283 1572 217 1597 2091 1097 1610 777 976 340 2976 837 1171 793 1735 1366 777 1739 1583 753 206 1767 692 845 1713 1608 774 1329 1521 470 1675 1411 974 1574 833 2043 767 517 403 1657 696 816 1339 471 816 1529 764 786 0 582 1590 453 1193 867 510 1782 679 1730 1631 315 617 1779 1457
1194 1202 735 372 1361 1001 1640 1205 686 711 901 1166 728 644 829 641 1092 392 1117 1611 618 1131 345 513 267 3289 717 692 692 1256 886 681 1259 1103 691 519 1288 1127 365 1234 1129 341 849 1042 782 1195 931 495 1095 613 1563 675 830 222 1177 1131 737 859 906 705 1049 696 711 582 0 1111 766 713 537 822 1302 247 1251 1152 628 829 1299 977
110 118 1215 1381 1221 372 1499 121 1166 1720 232 82 1208 907 1396 1650 120 1401 120 1471 881 82 949 993 1276 4294 1197 925 1172 709 916 1161 175 130 1170 1528 204 2136 845 150 85 892 880 97 1436 1055 228 975 122 1092 1423 1155 1428 1231 93 2140 1217 289 1913 1185 79 1176 1191 1590 1111 0 1471 455 1017 1395 218 985 167 1011 1634 1309 215 176
1554 1562 307 458 1721 1361 2000 1565 393 582 1261 1526 315 1003 335 512 1452 401 1477 1971 978 1490 830 584 524 2884 444 1052 400 1616 1246 384 1619 1463 360 287 1648 999 647 1594 1489 772 1209 1402 289 1555 1291 583 1455 440 1923 374 336 587 1537 1003 423 1219 502 423 1409 371 393 453 766 1471 0 1073 474 329 1662 863 1611 1512 223 261 1659 1337
538 546 817 983 823 345 1102 549 768 1322 245 510 810 509 998 1252 436 1003 461 1073 483 475 552 595 878 3897 799 557 774 683 752 763 603 447 773 1130 632 1738 447 578 473 494 715 386 1038 657 275 577 439 695 1025 757 1030 834 521 1742 819 203 1515 787 393 778 793 1193 713 455 1073 0 619 997 646 587 595 614 1236 911 643 321
1100 1108 317 807 1267 907 1546 1111 269 996 808 1072 311 550 399 926 999 814 1024 1517 524 1037 376 130 702 3297 299 598 274 1162 792 264 1165 1009 273 700 1194 1413 193 1140 1035 318 756 948 439 1101 837 130 1001 195 1470 258 431 658 1084 1416 319 766 916 288 956 279 294 867 537 1017 474 619 0 398 1209 411 1157 1058 637 312 1206 883
1478 1486 231 515 1645 1285 1924 1489 317 639 1186 1450 239 928 273 569 1376 458 1401 1895 902 1415 754 508 581 2941 368 976 324 1540 1170 308 1543 1387 284 343 1572 1056 571 1518 1413 696 1133 1326 312 1479 1215 508 1379 364 1847 298 304 644 1461 1059 347 1143 559 348 1333 295 317 510 822 1395 329 997 398 0 1587 789 1535 1436 280 185 1583 1261
138 120 1406 1572 1412 564 1691 173 1358 1911 423 195 1400 1098 1588 1841 261 1592 233 1662 1073 195 1141 1185 1467 4486 1388 1116 1363 901 1108 1353 66 247 1362 1719 72 2328 1036 89 197 1083 1071 288 1627 1246 419 1166 238 1284 1615 1347 1619 1423 155 2331 1408 481 2105 1377 271 1367 1383 1782 1302 218 1662 646 1209 1587 0 1176 70 1203 1825 1500 67 367
1068 1076 609 470 1235 875 1514 1079 560 808 775 1040 602 517 790 738 966 489 991 1485 492 1004 343 387 364 3386 591 565 566 1130 760 555 1133 977 564 616 1161 1225 239 1107 1002 285 723 916 830 1069 805 368 968 486 1437 549 822 320 1051 1228 610 733 1004 579 923 570 585 679 247 985 863 587 411 789 1176 0 1124 1025 725 703 1173 851
86 76 1354 1521 1360 512 1639 182 1306 1859 371 143 1348 1046 1536 1789 209 1541 181 1610 1021 143 1089 1133 1415 4434 1337 1064 1311 849 1056 1301 78 195 1310 1667 118 2276 985 102 146 1031 1019 236 1576 1194 368 1114 186 1232 1563 1295 1568 1371 103 2280 1356 429 2053 1325 219 1316 1331 1730 1251 167 1611 595 1157 1535 70 1124 0 1151 1773 1448 112 315
1095 1103 1256 1422 630 902 536 1106 1207 1761 802 1066 1249 948 1437 1691 993 1442 1018 507 922 1031 990 1034 1317 4335 1238 996 1213 1239 1190 1202 1160 1004 1211 1568 1188 2177 886 1134 1029 932 1153 942 1477 91 832 1015 995 1133 460 1196 1469 1272 1078 2181 1257 760 1954 1226 950 1217 1232 1631 1152 1011 1512 614 1058 1436 1203 1025 1151 0 1675 1350 1200 878
1717 1725 469 321 1884 1524 2163 1728 556 445 1424 1689 478 1166 286 375 1615 263 1640 2134 1141 1653 823 746 386 2686 607 1215 563 1779 1409 547 1782 1626 523 149 1811 861 810 1757 1652 820 1372 1565 240 1718 1454 746 1618 603 2086 537 287 449 1700 865 586 1382 365 586 1572 533 556 315 628 1634 223 1236 637 280 1825 725 1773 1675 0 387 1822 1500
1392 1400 144 623 1559 1199 1838 1403 231 747 1099 1364 153 841 186 677 1290 565 1315 1809 816 1328 668 421 688 3048 282 890 238 1454 1084 222 1457 1301 198 451 1486 1163 485 1432 1327 610 1047 1240 226 1393 1129 421 1293 278 1761 212 218 751 1375 1167 261 1057 667 261 1247 209 231 617 829 1309 261 911 312 185 1500 703 1448 1350 387 0 1497 1175
180 162 1403 1569 1409 560 1688 133 1355 1908 420 157 1397 1095 1584 1838 258 1589 230 1659 1070 192 1138 1182 1464 4483 1385 1113 1360 898 1105 1350 108 244 1359 1716 42 2325 1033 132 194 1080 1068 285 1624 1243 416 1163 235 1281 1611 1344 1616 1420 197 2328 1405 477 2102 1374 268 1364 1380 1779 1299 215 1659 643 1206 1583 67 1173 112 1200 1822 1497 0 364
259 267 1081 1247 1087 238 1366 270 1032 1586 138 231 1074 773 1262 1516 157 1267 182 1337 747 195 816 859 1142 4161 1063 791 1038 576 783 1027 324 168 1037 1394 352 2002 711 298 193 758 746 107 1302 921 168 841 159 958 1289 1021 1294 1097 242 2006 1083 155 1779 1051 114 1042 1057 1457 977 176 1337 321 883 1261 367 851 315 878 1500 1175 364 0
EOF