NAME : tsp_problem
TYPE : TSP
DIMENSION : 24
EDGE_WEIGHT_TYPE : EXPLICIT
EDGE_WEIGHT_FORMAT : FULL_MATRIX
EDGE_WEIGHT_SECTION
0 202 656 2065 771 632 1485 1855 1875 1486 897 1822 521 392 1369 639 886 1887 995 866 1162 727 463 823
202 0 530 1939 735 506 1359 1729 1749 1359 860 1696 485 356 1242 513 760 1761 869 829 1036 601 426 697
656 530 0 1560 597 387 980 1350 1370 980 506 1317 939 810 863 394 381 1382 490 525 657 333 881 318
2065 1939 1560 0 1338 1546 700 1553 1491 1504 1246 1437 2074 1945 1387 1527 1200 1502 1129 1266 1181 1398 1631 1329
771 735 597 1338 0 583 758 1128 1148 758 284 1095 778 649 641 564 237 1160 268 303 435 435 334 367
632 506 387 1546 583 0 966 1336 1356 966 492 1303 915 786 849 370 367 1368 476 511 643 320 857 304
1485 1359 980 700 758 966 0 973 910 924 666 857 1494 1365 807 946 620 922 549 686 601 818 1051 749
1854 1728 1349 1553 1127 1335 973 0 875 589 1036 821 1864 1735 709 1316 989 886 918 1055 732 1187 1420 1119
1875 1749 1370 1491 1148 1356 910 875 0 1082 1057 174 1885 1756 1198 1337 1010 95 939 1076 991 1208 1441 1140
1332 1206 827 1351 605 813 771 604 1096 0 514 1043 1342 1212 186 794 467 1108 396 533 210 665 898 597
897 860 506 1246 284 492 666 1037 1057 667 0 1003 903 774 550 473 146 1068 177 212 344 344 459 275
1822 1696 1317 1437 1095 1303 857 821 174 1028 1003 0 1831 1702 1144 1284 957 98 886 1023 938 1155 1388 1086
521 485 939 2074 778 915 1494 1865 1885 1495 903 1831 0 275 1378 922 974 1896 1005 872 1172 1010 469 1104
392 356 810 1945 649 786 1365 1735 1756 1366 774 1702 275 0 1249 793 845 1767 875 743 1043 881 340 974
1369 1242 863 1387 641 849 807 709 1198 340 550 1144 1378 1249 0 830 503 1209 432 569 246 701 934 633
639 513 394 1527 564 370 946 1317 1337 947 473 1284 922 793 830 0 347 1348 457 492 624 300 857 284
886 760 381 1200 237 367 620 990 1010 620 146 957 974 845 503 347 0 1022 130 165 297 219 530 150
1887 1761 1382 1502 1160 1368 922 886 95 1093 1068 98 1896 1767 1209 1348 1022 0 951 1088 1003 1220 1452 1151
995 869 490 1129 268 476 549 919 939 549 177 886 1005 875 432 457 130 951 0 196 226 328 561 260
866 829 525 1266 303 511 686 1056 1076 686 212 1023 872 743 569 492 165 1088 196 0 363 363 428 295
1162 1036 657 1181 435 643 601 733 991 363 344 938 1172 1043 246 624 297 1003 226 363 0 495 728 427
727 601 333 1398 435 320 818 1188 1208 818 344 1155 1010 881 701 300 219 1220 328 363 495 0 728 155
463 426 881 1631 334 857 1051 1421 1441 1051 459 1388 469 340 934 857 530 1452 561 428 728 728 0 660
823 697 318 1329 367 304 749 1120 1140 750 275 1086 1104 974 633 284 150 1151 260 295 427 155 660 0
EOF