NAME : tsp_problem
TYPE : TSP
DIMENSION : 86
EDGE_WEIGHT_TYPE : EXPLICIT
EDGE_WEIGHT_FORMAT : FULL_MATRIX
EDGE_WEIGHT_SECTION
0 2000 1705 129 78 1164 363 1181 1333 307 1005 828 1318 1340 86 1594 1065 1277 132 1336 1224 68 1633 1526 1106 1143 1343 2045 1781 1567 83 95 99 163 178 1979 2271 1363 941 1602 1382 1328 1059 1149 134 1765 1174 274 174 1235 1512 1622 1851 72 1287 1016 1659 1327 586 1416 1038 116 1716 1163 193 1565 1146 1081 201 1338 503 1116 1011 1602 1528 943 1343 1107 1348 834 1602 1307 228 359 1631 1242
2000 0 371 1914 1952 1527 1659 1947 719 1735 1032 2001 783 713 1978 477 1446 796 1911 815 838 1960 399 515 981 933 709 113 271 475 2060 2008 1991 2047 1852 391 684 683 1087 2369 668 841 988 872 1924 320 885 1768 1963 813 554 421 263 2034 771 1379 384 799 1471 656 1401 2069 360 1526 1831 480 1509 1057 1850 831 1759 959 1607 458 521 1306 826 932 821 2007 524 768 1800 1689 2398 862
1705 371 0 1619 1657 1232 1364 1652 536 1440 737 1706 488 418 1683 294 1151 501 1616 520 543 1665 126 242 686 638 414 415 425 202 1765 1713 1696 1752 1557 623 915 500 792 2074 373 546 805 577 1629 136 590 1473 1668 630 371 148 495 1739 476 1084 199 504 1176 473 1106 1774 87 1231 1536 207 1214 874 1555 536 1464 776 1312 185 248 1011 531 749 526 1712 341 473 1505 1394 2103 679
129 1914 1619 0 81 1078 277 1095 1247 221 920 742 1232 1254 107 1508 979 1191 49 1251 1138 88 1547 1441 1020 1057 1257 1959 1695 1481 189 137 120 175 95 1893 2185 1277 855 1516 1297 1243 974 1063 52 1679 1088 188 91 1150 1427 1536 1765 162 1201 931 1573 1241 501 1330 952 197 1630 1077 111 1479 1060 995 119 1252 418 1030 925 1516 1442 857 1257 1022 1262 749 1516 1222 142 274 1545 1157
78 1952 1657 81 0 1116 315 1132 1284 259 957 780 1270 1292 56 1546 1016 1229 83 1288 1176 37 1585 1478 1058 1095 1295 1997 1733 1519 138 86 69 209 130 1931 2223 1315 893 1554 1334 1280 1011 1100 86 1717 1126 226 126 1187 1464 1574 1803 111 1239 968 1611 1278 538 1368 990 171 1667 1115 145 1517 1098 1033 153 1290 455 1068 963 1554 1479 895 1295 1059 1300 786 1554 1259 180 311 1583 1194
1164 1527 1232 1078 1116 0 823 1111 859 899 532 696 845 866 1142 1121 142 804 1075 863 751 1124 1160 1053 633 670 870 1571 1308 1094 1224 1172 1155 1210 1016 1506 1798 890 468 1533 909 855 586 675 1087 1292 701 932 1126 762 1039 1149 1378 1198 814 191 1186 853 635 942 161 1233 1242 63 994 1092 47 608 1014 865 711 643 303 1129 1054 281 870 634 875 703 1129 834 963 853 1561 769
363 1659 1364 277 315 823 0 840 992 138 665 487 977 999 341 1253 724 936 274 996 883 323 1292 1186 765 802 1002 1704 1440 1226 423 371 354 410 215 1638 1930 1022 600 1261 1041 987 719 808 286 1424 833 172 326 895 1171 1281 1510 397 946 676 1318 986 245 1075 697 432 1375 822 193 1224 805 740 213 997 163 775 670 1261 1187 602 1002 767 1007 493 1261 966 162 92 1290 901
1181 1947 1652 1095 1132 1111 840 0 1280 915 953 1264 1265 1287 1159 1541 1030 1224 1092 1284 1171 1140 1580 1473 1053 1090 1290 1992 1728 1514 1241 1189 1172 1227 1033 1926 2218 1310 888 582 1329 1275 1006 1096 1104 1712 1121 949 1143 1182 1459 1569 1798 1214 1234 964 1606 1274 651 1363 985 1249 1663 1110 1011 1512 1093 1028 1031 1285 939 1063 1191 1549 1475 890 1290 1054 1295 1270 1549 1254 980 869 610 1189
1333 719 536 1247 1284 859 992 1280 0 1067 484 1333 797 819 1311 311 779 756 1244 815 703 1292 564 680 585 622 822 764 498 640 1393 1341 1324 1379 1185 696 988 91 418 1701 834 807 319 628 1256 485 653 1101 1295 144 229 586 568 1366 766 712 376 805 803 144 734 1401 525 858 1163 645 842 388 1183 817 1091 290 940 623 686 638 822 263 827 1340 319 786 1132 1021 1730 192
307 1735 1440 221 259 899 138 915 1067 0 740 563 1052 1074 285 1329 799 1012 218 1071 958 267 1367 1261 841 878 1078 1779 1516 1302 367 315 298 354 159 1714 2006 1097 676 1337 1117 1063 794 883 231 1500 909 132 270 970 1247 1357 1586 341 1021 751 1394 1061 321 1150 773 376 1450 897 138 1300 881 816 157 1073 238 851 746 1337 1262 677 1078 842 1083 569 1337 1042 107 168 1366 977
1005 1032 737 920 957 532 665 953 484 740 0 1006 349 371 984 746 452 309 917 368 255 965 664 558 138 175 375 1076 933 599 1066 1014 997 1052 858 1131 1423 515 93 1374 414 360 211 180 929 797 206 774 968 387 664 654 1003 1039 318 385 811 358 476 568 407 1074 747 531 836 597 515 233 855 370 764 268 612 634 559 311 375 259 380 1012 754 339 805 694 1403 394
828 2000 1705 742 780 696 487 1264 1333 563 1005 0 1318 1340 806 1594 593 1277 739 1336 1224 788 1633 1526 1106 1143 1343 2045 1781 1567 888 836 819 875 680 1979 2271 1363 941 1685 1382 1328 1059 1148 751 1765 1174 596 791 1235 1512 1622 1851 862 1287 664 1659 1326 670 1416 634 897 1715 695 658 1565 678 1081 678 1338 371 1116 540 1602 1527 754 1343 1107 1348 154 1602 1307 628 517 1714 1242
1318 783 488 1232 1270 845 977 1265 797 1052 349 1318 0 277 1296 706 764 360 1229 379 364 1278 415 309 299 283 273 827 837 350 1378 1326 1309 1364 1170 1035 1327 827 405 1686 232 405 524 289 1241 548 315 1086 1280 700 783 405 907 1351 335 697 611 363 788 880 719 1386 498 843 1148 348 827 545 1168 395 1077 580 925 385 310 623 390 572 385 1325 753 332 1117 1006 1715 706
1340 713 418 1254 1292 866 999 1287 819 1074 371 1340 277 0 1318 637 786 291 1251 309 332 1299 346 239 321 305 203 758 768 280 1400 1348 1331 1386 1192 965 1258 842 427 1708 163 336 545 311 1263 478 337 1108 1302 721 713 335 837 1373 266 719 542 293 810 816 741 1408 428 865 1170 278 849 567 1190 325 1098 602 947 315 240 645 320 593 315 1347 683 263 1139 1028 1737 728
86 1978 1683 107 56 1142 341 1159 1311 285 984 806 1296 1318 0 1572 1043 1256 110 1315 1202 46 1611 1505 1084 1121 1322 2023 1760 1546 100 95 78 181 156 1957 2250 1341 919 1581 1361 1307 1038 1127 113 1744 1153 252 152 1214 1491 1600 1829 90 1265 995 1637 1305 565 1394 1017 134 1694 1141 172 1543 1125 1059 179 1316 482 1094 989 1581 1506 921 1322 1086 1326 813 1580 1286 207 338 1609 1221
1594 477 294 1508 1546 1121 1253 1541 311 1329 746 1595 706 637 1572 0 1040 720 1505 738 762 1554 322 438 846 856 632 522 257 398 1654 1602 1585 1640 1446 455 747 275 679 1963 592 765 580 795 1517 244 809 1362 1557 405 158 344 327 1628 695 973 135 723 1065 248 995 1663 284 1120 1424 404 1103 649 1444 755 1353 551 1201 382 445 900 749 524 744 1601 127 692 1393 1283 1991 454
1065 1446 1151 979 1017 142 724 1030 779 800 452 594 764 786 1044 1040 0 724 976 783 670 1025 1079 973 552 589 789 1491 1228 1014 1125 1073 1057 1112 918 1425 1718 809 387 1452 829 775 506 595 989 1212 621 833 1028 682 959 1068 1297 1099 733 110 1105 773 554 862 80 1134 1162 141 896 1011 125 527 915 784 608 562 200 1049 974 200 790 554 794 600 1048 754 865 754 1481 689
1277 796 501 1191 1229 804 936 1224 756 1012 309 1278 360 291 1256 720 724 0 1188 392 324 1237 429 323 258 243 286 841 851 364 1337 1285 1268 1324 1130 1049 1341 786 364 1646 246 419 483 248 1201 562 274 1045 1240 659 797 418 921 1311 349 657 625 377 748 839 678 1346 512 803 1108 361 786 505 1127 409 1036 540 884 399 324 583 403 531 398 1284 766 346 1077 966 1675 666
132 1911 1616 49 83 1075 274 1092 1244 218 917 739 1229 1251 110 1505 976 1188 0 1248 1135 91 1544 1438 1017 1054 1254 1956 1692 1478 192 140 123 178 98 1890 2182 1274 852 1513 1293 1240 971 1060 55 1676 1085 185 94 1147 1424 1533 1762 165 1198 928 1570 1238 498 1327 949 200 1627 1074 114 1476 1057 992 122 1249 415 1027 922 1513 1439 854 1254 1019 1259 746 1513 1219 139 271 1542 1154
1336 815 520 1251 1288 863 996 1284 815 1071 368 1337 379 309 1315 738 783 392 1248 0 383 1296 447 341 318 302 304 859 869 382 1397 1345 1328 1383 1189 1067 1359 846 424 1705 264 437 542 308 1260 580 333 1105 1299 718 815 436 939 1370 367 716 643 395 807 899 738 1405 530 862 1167 380 846 564 1187 427 1095 599 943 417 342 642 422 590 417 1344 785 364 1136 1025 1734 725
1224 838 543 1138 1176 751 883 1171 703 958 255 1224 364 332 1202 762 670 324 1135 383 0 1184 471 364 205 189 328 883 893 405 1284 1232 1215 1270 1076 1091 1383 733 311 1592 288 375 430 195 1147 603 221 992 1186 606 839 460 963 1257 333 603 667 373 695 786 625 1292 554 750 1054 403 733 451 1074 384 983 486 831 440 366 530 390 478 394 1231 808 354 1023 912 1621 613
68 1960 1665 88 37 1124 323 1140 1292 267 965 788 1278 1299 46 1554 1024 1237 91 1296 1184 0 1592 1486 1066 1103 1303 2004 1741 1527 120 76 59 200 137 1939 2231 1323 901 1562 1342 1288 1019 1108 94 1725 1134 234 133 1195 1472 1582 1811 101 1246 976 1619 1286 546 1375 998 153 1675 1123 153 1525 1106 1041 161 1298 463 1076 971 1562 1487 903 1303 1067 1308 794 1562 1267 188 319 1591 1202
1633 399 126 1547 1585 1160 1292 1580 564 1367 664 1633 415 346 1611 322 1079 429 1544 447 471 1592 0 270 614 565 341 443 453 230 1693 1641 1624 1679 1485 651 943 528 720 2001 301 474 833 504 1556 164 518 1401 1595 658 399 176 523 1666 404 1012 227 432 1103 501 1034 1701 115 1158 1463 235 1142 860 1483 464 1392 804 1240 213 276 938 458 777 453 1640 369 401 1432 1321 2030 706
1526 515 242 1441 1478 1053 1186 1473 680 1261 558 1527 309 239 1505 438 973 323 1438 341 364 1486 270 0 508 459 235 559 569 312 1587 1535 1518 1573 1379 767 1059 644 614 1895 195 368 732 398 1450 280 412 1295 1489 774 515 291 639 1560 298 906 343 326 997 617 928 1595 231 1052 1357 310 1036 754 1376 358 1285 789 1133 329 273 832 352 780 347 1533 485 295 1326 1215 1924 822
1106 981 686 1020 1058 633 765 1053 585 841 138 1107 299 321 1084 846 552 258 1017 318 205 1066 614 508 0 124 324 1026 1034 548 1166 1114 1097 1153 958 1232 1524 615 193 1475 363 310 312 130 1030 746 155 874 1069 488 765 603 1104 1140 268 486 810 308 577 668 507 1175 697 632 937 546 615 333 956 319 865 368 713 583 509 412 324 360 329 1113 854 289 906 795 1504 495
1143 933 638 1057 1095 670 802 1090 622 878 175 1144 283 305 1121 856 589 243 1054 302 189 1103 565 459 124 0 309 977 987 500 1203 1151 1134 1190 995 1185 1477 652 230 1512 348 294 349 114 1067 698 140 911 1106 525 802 555 1057 1177 252 522 761 292 614 705 544 1212 648 669 974 498 652 370 993 304 902 405 750 535 460 449 309 397 314 1150 891 273 943 832 1541 532
1343 709 414 1257 1295 870 1002 1290 822 1078 375 1344 273 203 1322 632 789 286 1254 304 328 1303 341 235 324 309 0 753 763 276 1403 1351 1334 1390 1196 961 1253 838 430 1712 158 331 549 314 1267 474 340 1111 1306 725 709 330 833 1377 261 723 537 289 814 811 744 1412 424 869 1174 274 852 570 1193 321 1102 606 950 311 236 649 315 597 310 1350 678 258 1143 1032 1741 732
2045 113 415 1959 1997 1571 1704 1992 764 1779 1076 2045 827 758 2023 522 1491 841 1956 859 883 2004 443 559 1026 977 753 0 315 519 2105 2053 2036 2091 1897 436 728 727 1132 2413 713 886 1033 916 1968 365 930 1813 2007 858 599 465 308 2078 816 1424 428 844 1515 701 1446 2113 405 1570 1875 524 1554 1102 1895 876 1803 1004 1652 502 566 1350 870 977 865 2052 568 813 1844 1733 2442 906
1781 271 425 1695 1733 1308 1440 1728 498 1516 933 1782 837 768 1760 257 1228 851 1692 869 893 1741 453 569 1034 987 763 315 0 529 1841 1789 1772 1828 1634 248 540 462 866 2150 723 896 767 926 1705 375 940 1549 1744 592 334 475 120 1815 826 1161 265 854 1252 436 1182 1850 415 1307 1612 534 1290 836 1631 886 1540 738 1388 512 575 1087 880 711 875 1788 303 823 1581 1470 2179 641
1567 475 202 1481 1519 1094 1226 1514 640 1302 599 1568 350 280 1546 398 1014 364 1478 382 405 1527 230 312 548 500 276 519 529 0 1627 1576 1559 1614 1420 727 1019 604 655 1936 236 409 773 439 1491 240 453 1336 1530 734 475 252 599 1601 339 947 303 366 1038 577 968 1636 191 1093 1398 311 1077 795 1417 399 1326 830 1174 289 313 873 393 821 388 1574 445 336 1367 1256 1965 782
83 2060 1765 189 138 1224 423 1241 1393 367 1066 888 1378 1400 100 1654 1125 1337 192 1397 1284 120 1693 1587 1166 1203 1403 2105 1841 1627 0 70 89 105 238 2039 2331 1423 1001 1662 1442 1388 1120 1209 195 1825 1234 334 173 1296 1572 1682 1911 48 1347 1077 1719 1387 646 1476 1098 58 1776 1223 253 1625 1206 1141 261 1398 564 1176 1071 1662 1588 1003 1403 1168 1408 894 1662 1367 288 419 1691 1302
95 2008 1713 137 86 1172 371 1189 1341 315 1014 836 1326 1348 95 1602 1073 1285 140 1345 1232 76 1641 1535 1114 1151 1351 2053 1789 1576 70 0 102 151 186 1987 2280 1371 949 1610 1391 1337 1068 1157 143 1773 1183 282 182 1244 1521 1630 1859 60 1295 1025 1667 1335 595 1424 1046 104 1724 1171 202 1573 1154 1089 209 1346 512 1124 1019 1611 1536 951 1352 1116 1356 843 1610 1316 236 368 1639 1251
99 1991 1696 120 69 1155 354 1172 1324 298 997 819 1309 1331 78 1585 1056 1268 123 1328 1215 59 1624 1518 1097 1134 1334 2036 1772 1559 89 102 0 170 169 1970 2263 1354 932 1593 1374 1320 1051 1140 126 1757 1166 265 165 1227 1504 1613 1842 79 1278 1008 1650 1318 578 1407 1029 123 1707 1154 185 1556 1138 1072 192 1329 495 1107 1002 1594 1519 934 1335 1099 1339 826 1593 1299 220 351 1622 1234
163 2047 1752 175 209 1210 410 1227 1379 354 1052 875 1364 1386 181 1640 1111 1324 178 1383 1270 200 1679 1573 1153 1190 1390 2091 1828 1614 105 151 170 0 224 2026 2318 1409 987 1649 1429 1375 1106 1195 146 1812 1221 320 122 1282 1559 1668 1898 128 1333 1063 1706 1373 633 1462 1085 76 1762 1209 240 1612 1193 1127 248 1385 550 1163 1058 1649 1574 989 1390 1154 1395 881 1649 1354 275 406 1677 1289
178 1852 1557 95 130 1016 215 1033 1185 159 858 680 1170 1192 156 1446 917 1130 98 1189 1076 137 1485 1379 958 995 1196 1897 1634 1420 238 186 169 224 0 1832 2124 1215 793 1455 1235 1181 912 1001 101 1618 1027 126 140 1088 1365 1474 1704 211 1139 869 1511 1179 439 1268 891 246 1568 1015 84 1418 999 933 104 1191 356 968 863 1455 1380 795 1196 960 1200 687 1454 1160 81 212 1483 1095
1979 391 623 1893 1931 1506 1638 1926 696 1714 1131 1980 1035 965 1957 455 1425 1049 1890 1067 1091 1939 651 767 1232 1185 961 436 248 727 2039 1987 1970 2026 1832 0 333 660 1064 2348 921 1094 965 1124 1903 573 1138 1747 1942 790 532 673 171 2013 1024 1359 463 1052 1450 634 1380 2048 613 1505 1810 732 1488 1034 1829 1084 1738 936 1586 710 773 1285 1078 909 1073 1986 501 1021 1779 1668 2377 839
2574 986 1218 2488 2526 2101 2233 2521 1291 2308 1726 2574 1630 1560 2552 1049 2020 1643 2485 1662 1685 2533 1246 1362 1826 1780 1556 1031 842 1322 2634 2582 2565 2620 2426 636 0 1255 1659 2942 1515 1688 1560 1719 2497 1167 1732 2342 2536 1385 1126 1268 765 2607 1618 1953 1058 1646 2044 1228 1975 2642 1207 2099 2404 1327 2083 1629 2424 1678 2332 1531 2181 1305 1368 1879 1673 1504 1668 2581 1095 1615 2373 2262 2971 1433
1363 683 500 1277 1315 890 1022 1310 91 1097 515 1363 827 842 1341 275 809 786 1274 846 733 1323 528 644 615 652 838 727 462 604 1423 1371 1354 1409 1215 660 952 0 448 1731 797 838 349 658 1286 449 683 1131 1325 174 193 550 532 1396 796 742 340 836 834 115 764 1431 489 888 1193 609 872 418 1213 847 1122 320 970 587 650 668 852 293 857 1370 283 817 1162 1051 1760 222
941 1087 792 855 893 468 600 888 418 676 93 942 405 427 919 679 387 364 852 424 311 901 720 614 193 230 430 1132 866 655 1001 949 932 987 793 1064 1356 448 0 1310 470 416 147 236 864 853 262 709 904 323 598 709 936 975 374 320 744 414 412 501 342 1010 803 467 771 652 450 168 791 425 700 203 548 690 615 247 431 195 435 948 687 395 740 630 1338 330
1602 2369 2074 1516 1554 1533 1261 582 1701 1337 1374 1685 1686 1708 1581 1963 1452 1646 1513 1705 1592 1562 2001 1895 1475 1512 1712 2413 2150 1936 1662 1610 1593 1649 1455 2348 2640 1731 1310 0 1751 1697 1428 1517 1526 2134 1543 1370 1565 1604 1881 1990 2220 1636 1655 1385 2028 1695 1073 1784 1407 1671 2084 1531 1433 1934 1515 1450 1452 1707 1361 1485 1613 1971 1896 1311 1712 1476 1717 1692 1971 1676 1402 1291 54 1611
1382 668 373 1297 1334 909 1041 1329 834 1117 414 1383 232 163 1361 592 829 246 1293 264 288 1342 301 195 363 348 158 713 723 236 1442 1391 1374 1429 1235 921 1213 797 470 1751 0 291 588 321 1306 434 335 1151 1345 764 669 290 793 1416 221 762 497 249 853 771 784 1451 384 908 1213 233 892 610 1232 281 1141 645 989 271 196 688 275 636 270 1389 638 218 1182 1071 1780 771
1328 841 546 1243 1280 855 987 1275 807 1063 360 1329 405 336 1307 765 775 419 1240 437 375 1288 474 368 310 294 331 886 896 409 1388 1337 1320 1375 1181 1094 1386 838 416 1697 291 0 534 299 1252 607 325 1097 1291 710 842 463 966 1362 394 708 670 422 799 890 730 1397 557 854 1159 406 838 556 1178 454 1087 591 935 444 369 634 448 582 443 1335 811 391 1128 1017 1726 717
1059 988 805 974 1011 586 719 1006 319 794 211 1060 524 545 1038 580 506 483 971 542 430 1019 833 732 312 349 549 1033 767 773 1120 1068 1051 1106 912 965 1258 349 147 1428 588 534 0 354 983 755 380 828 1022 227 499 828 837 1093 492 439 645 532 530 402 461 1128 795 585 890 771 569 287 909 544 818 322 666 808 733 365 549 313 554 1066 588 513 859 748 1457 276
1149 872 577 1063 1100 675 808 1096 628 883 180 1149 289 311 1127 795 595 248 1060 308 195 1108 504 398 130 114 314 916 926 439 1209 1157 1140 1195 1001 1124 1416 658 236 1517 321 299 354 0 1072 637 145 917 1111 530 807 493 996 1182 258 528 700 298 619 711 550 1217 587 674 979 437 658 376 999 309 907 411 756 474 399 454 314 402 319 1156 841 279 948 837 1546 537
134 1924 1629 52 86 1087 286 1104 1256 231 929 751 1241 1263 113 1517 988 1201 55 1260 1147 94 1556 1450 1030 1067 1267 1968 1705 1491 195 143 126 146 101 1903 2195 1286 864 1526 1306 1252 983 1072 0 1689 1098 197 97 1159 1436 1545 1775 168 1210 940 1582 1250 510 1339 962 169 1639 1086 117 1489 1070 1004 125 1262 427 1040 934 1526 1451 866 1267 1031 1272 758 1525 1231 152 283 1554 1166
1765 320 136 1679 1717 1292 1424 1712 485 1500 797 1766 548 478 1744 244 1212 562 1676 580 603 1725 164 280 746 698 474 365 375 240 1825 1773 1757 1812 1618 573 865 449 853 2134 434 607 755 637 1689 0 651 1533 1728 579 321 186 445 1799 537 1145 149 564 1236 423 1166 1834 125 1291 1596 245 1274 823 1615 596 1524 725 1372 223 286 1071 591 698 586 1772 290 533 1565 1454 2163 628
1174 885 590 1088 1126 701 833 1121 653 909 206 1175 315 337 1153 809 621 274 1085 333 221 1134 518 412 155 140 340 930 940 453 1234 1183 1166 1221 1027 1138 1430 683 262 1543 335 325 380 145 1098 651 0 943 1137 556 833 507 1010 1208 284 554 714 323 645 736 575 1243 601 700 1005 450 684 402 1024 335 933 437 781 488 413 480 340 428 345 1181 855 304 974 863 1572 563
274 1768 1473 188 226 932 172 949 1101 132 774 596 1086 1108 252 1362 833 1045 185 1105 992 234 1401 1295 874 911 1111 1813 1549 1336 334 282 265 320 126 1747 2039 1131 709 1370 1151 1097 828 917 197 1533 943 0 237 1004 1281 1390 1619 308 1055 785 1427 1095 355 1184 806 343 1484 931 104 1333 914 849 124 1106 272 884 779 1371 1296 711 1111 876 1116 603 1370 1076 73 184 1399 1011
174 1963 1668 91 126 1126 326 1143 1295 270 968 791 1280 1302 152 1557 1027 1240 94 1299 1186 133 1595 1489 1069 1106 1306 2007 1744 1530 173 182 165 122 140 1942 2234 1325 904 1565 1345 1291 1022 1111 97 1728 1137 237 0 1198 1475 1584 1814 196 1249 979 1622 1289 549 1378 1001 145 1678 1125 156 1528 1109 1044 164 1301 466 1079 974 1565 1490 905 1306 1070 1311 797 1565 1270 191 322 1594 1205
1235 813 630 1150 1187 762 895 1182 144 970 387 1236 700 721 1214 405 682 659 1147 718 606 1195 658 774 488 525 725 858 592 734 1296 1244 1227 1282 1088 790 1082 174 323 1604 764 710 227 530 1159 579 556 1004 1198 0 323 680 662 1269 668 615 470 708 706 227 637 1304 619 761 1066 739 745 296 1085 720 994 198 842 717 780 541 725 171 730 1242 413 689 1035 924 1633 101
1512 554 371 1427 1464 1039 1171 1459 229 1247 664 1513 783 713 1491 158 959 797 1424 815 839 1472 399 515 765 802 709 599 334 475 1572 1521 1504 1559 1365 532 824 193 598 1881 669 842 499 807 1436 321 833 1281 1475 323 0 421 404 1546 772 892 211 800 983 167 914 1581 361 1038 1343 480 1022 567 1362 832 1271 470 1119 458 521 818 826 443 821 1519 204 769 1312 1201 1910 372
1622 421 148 1536 1574 1149 1281 1569 586 1357 654 1622 405 335 1600 344 1068 418 1533 436 460 1582 176 291 603 555 330 465 475 252 1682 1630 1613 1668 1474 673 965 550 709 1990 290 463 828 493 1545 186 507 1390 1584 680 421 0 545 1656 393 1001 249 421 1093 523 1023 1690 137 1148 1452 257 1131 849 1472 453 1381 826 1229 235 298 928 447 799 442 1629 391 390 1421 1310 2019 728
1851 263 495 1765 1803 1378 1510 1798 568 1586 1003 1852 907 837 1829 327 1297 921 1762 939 963 1811 523 639 1104 1057 833 308 120 599 1911 1859 1842 1898 1704 171 463 532 936 2220 793 966 837 996 1775 445 1010 1619 1814 662 404 545 0 1885 896 1231 335 924 1322 506 1252 1920 485 1377 1682 604 1360 906 1701 956 1610 808 1458 582 645 1157 950 781 945 1858 373 893 1651 1540 2249 711
72 2034 1739 162 111 1198 397 1214 1366 341 1039 862 1351 1373 90 1628 1098 1311 165 1370 1257 101 1666 1560 1140 1177 1377 2078 1815 1601 48 60 79 128 211 2013 2305 1396 975 1636 1416 1362 1093 1182 168 1799 1208 308 196 1269 1546 1656 1885 0 1320 1050 1693 1360 620 1449 1072 81 1749 1196 227 1599 1180 1115 235 1372 537 1150 1045 1636 1561 976 1377 1141 1382 868 1636 1341 262 393 1665 1276
1287 771 476 1201 1239 814 946 1234 766 1021 318 1287 335 266 1265 695 733 349 1198 367 333 1246 404 298 268 252 261 816 826 339 1347 1295 1278 1333 1139 1024 1316 796 374 1655 221 394 492 258 1210 537 284 1055 1249 668 772 393 896 1320 0 666 600 352 757 849 688 1355 487 812 1117 336 796 514 1137 384 1046 549 894 374 299 592 378 541 373 1294 741 321 1086 975 1684 675
1016 1379 1084 931 968 191 676 964 712 751 385 665 697 719 995 973 110 657 928 716 603 976 1012 906 486 522 723 1424 1161 947 1077 1025 1008 1063 869 1359 1651 742 320 1385 762 708 439 528 940 1145 554 785 979 615 892 1001 1231 1050 666 0 1038 706 487 795 129 1085 1095 190 847 945 173 460 866 718 679 496 271 982 907 133 723 487 728 671 981 687 816 705 1414 622
1659 384 199 1573 1611 1186 1318 1606 376 1394 811 1660 611 542 1637 135 1105 625 1570 643 667 1619 227 343 810 761 537 428 265 303 1719 1667 1650 1706 1511 463 756 340 744 2028 497 670 645 700 1582 149 714 1427 1622 470 211 249 335 1693 600 1038 0 628 1130 314 1060 1728 189 1185 1490 309 1168 714 1509 660 1418 616 1266 287 350 965 654 589 649 1666 181 597 1459 1348 2056 519
1327 799 504 1241 1278 853 986 1274 805 1061 358 1327 363 293 1305 723 773 377 1238 395 373 1286 432 326 308 292 289 844 854 366 1387 1335 1318 1373 1179 1052 1344 836 414 1695 249 422 532 298 1250 564 323 1095 1289 708 800 421 924 1360 352 706 628 0 797 889 728 1395 515 852 1157 364 836 554 1177 412 1085 589 933 401 327 632 406 580 401 1334 769 349 1126 1015 1724 715
586 1471 1176 501 538 635 245 651 803 321 476 670 788 810 565 1065 554 748 498 807 695 546 1103 997 577 614 814 1515 1252 1038 646 595 578 633 439 1450 1742 834 412 1073 853 799 530 619 510 1236 645 355 549 706 983 1093 1322 620 757 487 1130 797 0 886 509 655 1186 633 417 1036 617 552 436 809 345 587 715 1073 998 413 814 578 819 676 1073 778 386 275 1102 713
1416 656 473 1330 1368 942 1075 1363 144 1150 568 1416 880 816 1394 248 862 839 1327 899 786 1375 501 617 668 705 811 701 436 577 1476 1424 1407 1462 1268 634 926 115 501 1784 771 890 402 711 1339 423 736 1184 1378 227 167 523 506 1449 849 795 314 889 886 0 817 1484 463 941 1246 582 925 471 1266 900 1174 373 1023 561 624 721 905 346 910 1423 256 869 1215 1104 1813 275
1038 1401 1106 952 990 161 697 985 734 773 407 635 719 741 1017 995 80 678 949 738 625 998 1034 928 507 544 744 1446 1182 968 1098 1046 1029 1085 891 1380 1672 764 342 1407 784 730 461 550 962 1166 575 806 1001 637 914 1023 1252 1072 688 129 1060 728 509 817 0 1107 1117 160 869 966 143 482 888 739 649 517 241 1003 929 155 744 509 749 641 1003 709 838 727 1436 644
116 2069 1774 197 171 1233 432 1249 1401 376 1074 897 1386 1408 134 1663 1133 1346 200 1405 1292 153 1701 1595 1175 1212 1412 2113 1850 1636 58 104 123 76 246 2048 2340 1431 1010 1671 1451 1397 1128 1217 169 1834 1243 343 145 1304 1581 1690 1920 81 1355 1085 1728 1395 655 1484 1107 0 1784 1231 262 1634 1215 1150 270 1407 572 1185 1080 1671 1596 1011 1412 1176 1417 903 1671 1376 297 428 1700 1311
1716 360 87 1630 1667 1242 1375 1663 525 1450 747 1716 498 428 1694 284 1162 512 1627 530 554 1675 115 231 697 648 424 405 415 191 1776 1724 1707 1762 1568 613 905 489 803 2084 384 557 795 587 1639 125 601 1484 1678 619 361 137 485 1749 487 1095 189 515 1186 463 1117 1784 0 1241 1546 196 1225 863 1566 547 1474 765 1323 174 237 1021 541 738 536 1723 330 484 1515 1404 2113 668
1163 1526 1231 1077 1115 63 822 1110 858 897 531 695 843 865 1141 1120 141 803 1074 862 750 1123 1158 1052 632 669 869 1570 1307 1093 1223 1171 1154 1209 1015 1505 1797 888 467 1531 908 854 585 674 1086 1291 700 931 1125 761 1038 1148 1377 1196 812 190 1185 852 633 941 160 1231 1241 0 993 1091 46 607 1013 864 710 642 302 1128 1053 279 869 633 874 702 1128 833 962 851 1560 768
193 1831 1536 111 145 994 193 1011 1163 138 836 658 1148 1170 172 1424 895 1108 114 1167 1054 153 1463 1357 937 974 1174 1875 1612 1398 253 202 185 240 84 1810 2102 1193 771 1433 1213 1159 890 979 117 1596 1005 104 156 1066 1343 1452 1682 227 1117 847 1490 1157 417 1246 869 262 1546 993 0 1396 977 911 82 1169 334 947 841 1433 1358 773 1174 938 1179 665 1432 1138 59 190 1461 1073
1565 480 207 1479 1517 1092 1224 1512 645 1300 597 1566 348 278 1543 404 1011 361 1476 380 403 1525 235 310 546 498 274 524 534 311 1625 1573 1556 1612 1418 732 1025 609 652 1934 233 406 771 437 1489 245 450 1333 1528 739 480 257 604 1599 336 945 309 364 1036 582 966 1634 196 1091 1396 0 1074 792 1415 396 1324 828 1172 294 311 871 391 819 386 1572 450 333 1365 1254 1963 788
1146 1509 1214 1060 1098 47 805 1093 842 881 515 679 827 849 1125 1103 125 786 1057 846 733 1106 1142 1036 615 652 852 1554 1290 1077 1206 1154 1138 1193 999 1488 1781 872 450 1515 892 838 569 658 1070 1274 684 914 1109 745 1022 1131 1360 1180 796 173 1168 836 617 925 143 1215 1225 46 977 1074 0 590 996 847 693 625 285 1112 1037 263 853 617 857 685 1111 817 946 835 1544 752
1081 1057 874 995 1033 608 740 1028 388 816 233 1082 545 567 1059 649 527 505 992 564 451 1041 860 754 333 370 570 1102 836 795 1141 1089 1072 1127 933 1034 1326 418 168 1450 610 556 287 376 1004 823 402 849 1044 296 567 849 906 1115 514 460 714 554 552 471 482 1150 863 607 911 792 590 0 931 565 840 343 688 830 755 387 571 335 575 1088 657 535 880 770 1478 345
201 1850 1555 119 153 1014 213 1031 1183 157 855 678 1168 1190 179 1444 915 1127 122 1187 1074 161 1483 1376 956 993 1193 1895 1631 1417 261 209 192 248 104 1829 2121 1213 791 1452 1232 1178 909 999 125 1615 1024 124 164 1085 1362 1472 1701 235 1137 866 1509 1177 436 1266 888 270 1566 1013 82 1415 996 931 0 1188 353 966 861 1452 1378 793 1193 957 1198 684 1452 1157 78 209 1481 1092
1338 831 536 1252 1290 865 997 1285 817 1073 370 1339 395 325 1316 755 784 409 1249 427 384 1298 464 358 319 304 321 876 886 399 1398 1346 1329 1385 1191 1084 1376 847 425 1707 281 454 544 309 1262 596 335 1106 1301 720 832 453 956 1372 384 718 660 412 809 900 739 1407 547 864 1169 396 847 565 1188 0 1097 601 945 434 359 644 438 592 433 1345 801 381 1138 1027 1736 727
503 1759 1464 418 455 710 163 939 1091 238 764 371 1077 1098 482 1353 607 1036 415 1095 983 463 1392 1285 865 902 1102 1803 1540 1326 564 512 495 550 356 1738 2030 1122 700 1361 1141 1087 818 907 427 1524 933 272 466 994 1271 1381 1610 537 1046 678 1418 1085 345 1174 648 572 1474 709 334 1324 692 840 353 1097 0 875 554 1361 1286 702 1102 866 1107 377 1361 1066 303 192 1390 1001
1116 959 776 1030 1068 643 775 1063 290 851 268 1117 580 602 1094 551 562 540 1027 599 486 1076 804 789 368 405 606 1004 738 830 1176 1124 1107 1163 968 936 1228 320 203 1485 645 591 322 411 1040 725 437 884 1079 198 470 826 808 1150 549 496 616 589 587 373 517 1185 765 642 947 828 625 343 966 601 875 0 723 863 790 422 606 317 610 1123 559 570 916 805 1514 247
1051 1479 1184 966 1003 175 711 1063 812 786 485 580 797 819 1030 1073 73 757 963 816 703 1011 1112 1006 585 622 823 1524 1261 1047 1112 1060 1043 1098 904 1459 1751 842 420 1485 862 808 539 628 975 1245 654 820 1014 715 992 1101 1331 1085 766 144 1138 806 587 895 113 1120 1195 174 882 1045 158 560 901 818 594 595 0 1082 1007 233 823 587 827 586 1081 787 851 740 1514 722
1602 458 185 1516 1554 1129 1261 1549 623 1337 634 1603 385 315 1581 382 1049 399 1513 417 440 1562 213 329 583 535 311 502 512 289 1662 1611 1594 1649 1455 710 1003 587 690 1971 271 444 808 474 1526 223 488 1371 1565 717 458 235 582 1636 374 982 287 401 1073 561 1003 1671 174 1128 1433 294 1112 830 1452 434 1361 863 1209 0 335 908 428 836 423 1609 428 371 1402 1291 2000 766
1528 521 248 1442 1479 1054 1187 1475 686 1262 559 1528 310 240 1506 445 974 324 1439 342 366 1487 276 273 509 460 236 566 575 313 1588 1536 1519 1574 1380 773 1066 650 615 1896 196 369 733 399 1451 286 413 1296 1490 780 521 298 645 1561 299 907 350 327 998 624 929 1596 237 1053 1358 311 1037 755 1378 359 1286 790 1134 335 0 833 353 781 348 1535 491 296 1327 1216 1925 829
943 1306 1011 857 895 281 602 890 638 677 311 754 623 645 921 900 200 583 854 642 530 903 938 832 412 449 649 1350 1087 873 1003 951 934 989 795 1285 1577 668 247 1311 688 634 365 454 866 1071 480 711 905 541 818 928 1157 976 592 133 965 632 413 721 155 1011 1021 279 773 871 263 387 793 644 702 422 361 908 833 0 649 413 654 761 908 613 742 631 1340 548
1343 826 531 1257 1295 870 1002 1290 822 1078 375 1344 390 320 1322 749 790 403 1254 422 390 1303 458 352 324 309 315 870 880 393 1403 1352 1335 1390 1196 1078 1370 852 431 1712 275 448 549 314 1267 591 340 1111 1306 725 826 447 950 1377 378 723 654 406 814 905 744 1412 541 869 1174 391 853 571 1193 438 1102 606 950 428 353 649 0 597 428 1350 796 375 1143 1032 1741 732
1107 932 749 1022 1059 634 767 1054 263 842 259 1108 572 593 1086 524 554 531 1019 590 478 1067 777 780 360 397 597 977 711 821 1168 1116 1099 1154 960 909 1201 293 195 1476 636 582 313 402 1031 698 428 876 1070 171 443 799 781 1141 541 487 589 580 578 346 509 1176 738 633 938 819 617 335 957 592 866 317 714 836 781 413 597 0 602 1114 532 561 907 796 1505 220
1348 821 526 1262 1300 875 1007 1295 827 1083 380 1349 385 315 1326 744 794 398 1259 417 394 1308 453 347 329 314 310 865 875 388 1408 1356 1339 1395 1200 1073 1365 857 435 1717 270 443 554 319 1272 586 345 1116 1311 730 821 442 945 1382 373 728 649 401 819 910 749 1417 536 874 1179 386 857 575 1198 433 1107 610 955 423 348 654 428 602 0 1355 791 370 1148 1037 1746 737
834 2006 1711 749 786 702 493 1270 1339 569 1012 154 1324 1346 813 1600 599 1283 746 1343 1230 794 1639 1533 1112 1149 1349 2051 1787 1574 894 843 826 881 687 1985 2278 1369 947 1692 1389 1335 1066 1155 758 1772 1181 603 797 1242 1519 1628 1857 868 1293 670 1665 1333 676 1422 640 903 1722 701 665 1571 684 1087 684 1344 377 1122 546 1609 1534 760 1350 1114 1354 0 1608 1314 634 523 1721 1249
1602 524 341 1516 1554 1129 1261 1549 319 1337 754 1603 753 683 1580 127 1048 766 1513 785 808 1562 369 485 854 891 678 568 303 445 1662 1610 1593 1649 1454 501 793 283 687 1971 638 811 588 841 1525 290 855 1370 1565 413 204 391 373 1636 741 981 181 769 1073 256 1003 1671 330 1128 1432 450 1111 657 1452 801 1361 559 1209 428 491 908 796 532 791 1609 0 738 1401 1291 1999 462
1307 768 473 1222 1259 834 966 1254 786 1042 339 1308 332 263 1286 692 754 346 1219 364 354 1267 401 295 289 273 258 813 823 336 1367 1316 1299 1354 1160 1021 1313 817 395 1676 218 391 513 279 1231 533 304 1076 1270 689 769 390 893 1341 321 687 597 349 778 869 709 1376 484 833 1138 333 817 535 1157 381 1066 570 914 371 296 613 375 561 370 1314 738 0 1107 996 1705 696
228 1800 1505 142 180 963 162 980 1132 107 805 628 1117 1139 207 1393 864 1077 139 1136 1023 188 1432 1326 906 943 1143 1844 1581 1367 288 236 220 275 81 1779 2071 1162 740 1402 1182 1128 859 948 152 1565 974 73 191 1035 1312 1421 1651 262 1086 816 1459 1126 386 1215 838 297 1515 962 59 1365 946 880 78 1138 303 916 811 1402 1327 742 1143 907 1148 634 1401 1107 0 159 1430 1042
359 1689 1394 274 311 853 92 869 1021 168 694 517 1006 1028 338 1283 753 966 271 1025 912 319 1321 1215 795 832 1032 1733 1470 1256 419 368 351 406 212 1668 1960 1051 630 1291 1071 1017 748 837 283 1454 863 184 322 924 1201 1310 1540 393 975 705 1348 1015 275 1104 727 428 1404 851 190 1254 835 770 209 1027 192 805 700 1291 1216 631 1032 796 1037 523 1291 996 159 0 1320 931
1631 2398 2103 1545 1583 1561 1290 610 1730 1366 1403 1714 1715 1737 1609 1991 1481 1675 1542 1734 1621 1591 2030 1924 1504 1541 1741 2442 2179 1965 1691 1639 1622 1677 1483 2377 2669 1760 1338 54 1780 1726 1457 1546 1554 2163 1572 1399 1594 1633 1910 2019 2249 1665 1684 1414 2056 1724 1102 1813 1436 1700 2113 1560 1461 1963 1544 1478 1481 1736 1390 1514 1641 2000 1925 1340 1741 1505 1746 1721 1999 1705 1430 1320 0 1640
1242 862 679 1157 1194 769 901 1189 192 977 394 1243 706 728 1221 454 689 666 1154 725 613 1202 706 822 495 532 732 906 641 782 1302 1251 1234 1289 1095 839 1131 222 330 1611 771 717 276 537 1166 628 563 1011 1205 101 372 728 711 1276 675 622 519 715 713 275 644 1311 668 768 1073 788 752 345 1092 727 1001 247 849 766 829 548 732 220 737 1249 462 696 1042 931 1640 0
EOF