NAME : tsp_problem
TYPE : TSP
DIMENSION : 66
EDGE_WEIGHT_TYPE : EXPLICIT
EDGE_WEIGHT_FORMAT : FULL_MATRIX
EDGE_WEIGHT_SECTION
0 377 232 623 208 822 362 1715 481 349 1351 299 350 1265 1270 1324 346 1076 248 827 385 1206 1186 1141 1313 719 524 223 405 310 726 1325 1361 583 1338 1249 700 332 767 827 385 753 1093 321 925 267 315 1280 977 400 1639 1557 1035 1397 843 605 1414 506 778 1241 1686 1170 545 1386 348 498
377 0 262 618 238 816 392 1710 475 344 1346 294 380 1259 1265 1354 376 1071 278 822 415 1201 1181 1135 1307 714 518 253 400 340 756 1319 1356 578 1333 1244 694 362 762 822 415 783 1088 351 919 297 309 1275 971 430 1633 1552 1065 1392 838 635 1444 501 808 1236 1681 1165 540 1381 378 528
232 262 0 688 93 886 247 1780 545 414 1416 364 236 1329 1335 1209 232 1141 133 892 270 1271 1251 1205 1377 784 588 109 470 196 611 1389 1426 648 1403 1314 764 218 832 797 271 638 1158 207 989 152 335 1345 1041 285 1703 1622 921 1462 908 491 1299 571 664 1306 1751 1235 610 1451 233 384
623 618 688 0 731 258 609 1340 173 311 976 430 873 890 895 1573 598 701 676 263 654 831 811 766 938 155 365 746 247 833 838 761 986 425 963 874 541 613 203 668 908 908 719 608 361 790 480 905 602 639 1264 1182 1285 1023 279 1128 1663 348 1028 866 1311 795 387 1011 871 1021
208 238 93 731 0 929 223 1823 588 457 1459 406 211 1372 1378 1157 207 1184 109 934 246 1313 1294 1248 1420 826 631 84 512 171 558 1432 1468 691 1445 1357 807 193 874 745 246 585 1201 183 1032 128 310 1388 1084 261 1746 1665 868 1505 951 438 1246 614 611 1349 1794 1278 652 1494 209 332
822 816 886 258 929 0 807 1538 371 509 1175 629 1071 1088 1094 1772 796 900 874 24 852 1029 1010 964 1136 138 563 944 445 1031 1036 680 1184 623 1161 1073 739 811 122 867 1106 1106 917 806 280 988 678 1104 800 838 1462 1381 1483 1221 40 1327 1862 546 1226 1064 1510 993 585 1210 1069 1220
362 392 247 609 223 807 0 1701 466 335 1337 284 365 1250 1256 1339 361 1062 263 812 400 1191 1172 1126 1298 704 509 238 390 325 741 1310 1346 569 1323 1235 685 347 752 812 400 768 1079 337 910 282 300 1266 962 415 1624 1543 1050 1383 829 621 1429 492 793 1227 1672 1156 531 1372 363 513
1715 1710 1780 1340 1823 1538 1701 0 1265 1403 1665 1522 1965 610 497 2665 1690 1390 1767 1544 1746 1519 1499 1454 1626 1436 1457 1838 1338 1925 1930 1721 1674 1517 1651 1563 1633 1705 1484 1760 2000 1999 680 1699 1641 1881 1572 1594 1290 1731 122 184 2377 1711 1560 2220 2755 1440 2119 1554 54 1483 1478 1700 1963 2113
481 475 545 173 588 371 466 1265 0 168 901 288 730 814 820 1431 455 626 533 376 511 755 736 690 862 268 222 603 104 690 695 874 910 282 887 799 398 470 317 526 765 765 643 465 474 647 337 830 526 497 1188 1107 1142 947 393 986 1520 205 885 791 1236 720 244 936 728 878
349 344 414 311 457 509 335 1403 168 0 1039 156 599 953 958 1420 324 764 402 515 380 894 874 829 1000 407 211 472 93 559 684 1012 1049 271 1026 937 387 339 455 515 634 754 781 334 612 516 206 968 665 365 1327 1245 1131 1085 531 854 1509 194 874 929 1374 858 233 1074 597 747
1351 1346 1416 976 1459 1175 1337 1665 901 1039 0 1158 1601 1214 1220 2301 1326 297 1404 1180 1382 169 192 246 168 1072 1093 1474 975 1561 1566 868 38 1153 122 176 1269 1341 1090 1396 1636 1636 1043 1336 1045 1518 1208 196 397 1367 1588 1507 2013 70 1196 1856 2391 1076 1756 168 1636 211 1115 81 1599 1749
299 294 364 430 406 629 284 1522 288 156 1158 0 548 1072 1077 1522 274 883 351 634 329 1013 993 948 1120 526 330 421 212 509 803 1132 1168 390 1145 1056 506 289 574 634 584 873 900 283 732 465 156 1087 784 315 1446 1364 1234 1204 650 804 1612 313 976 1048 1493 977 352 1193 546 697
350 380 236 873 211 1071 365 1965 730 599 1601 548 0 1514 1520 1016 349 1326 251 1077 388 1455 1436 1390 1562 968 773 226 655 313 418 1574 1611 833 1588 1499 734 336 1017 604 289 445 1343 325 1174 270 453 1530 1226 403 1888 1807 727 1647 1093 297 1106 756 470 1491 1936 1420 795 1636 311 191
1265 1259 1329 890 1372 1088 1250 610 814 953 1214 1072 1514 0 166 2215 1240 939 1317 1093 1295 1069 1049 1004 1175 985 1006 1387 888 1475 1479 1270 1224 1066 1201 1112 1182 1254 1033 1310 1549 1549 229 1249 1191 1431 1121 1143 840 1281 534 453 1926 1260 1110 1770 2305 989 1669 1104 582 1033 1028 1249 1512 1663
1270 1265 1335 895 1378 1094 1256 497 820 958 1220 1077 1520 166 0 2220 1245 945 1323 1099 1301 1074 1055 1009 1181 991 1012 1393 894 1480 1485 1276 1229 1072 1206 1118 1188 1260 1039 1316 1555 1555 235 1255 1197 1437 1127 1149 845 1286 420 339 1932 1266 1115 1776 2310 995 1675 1110 468 1039 1034 1255 1518 1668
1633 1663 1519 1883 1466 2081 1649 2975 1740 1729 2611 1832 1325 2524 2530 0 1633 2336 1534 2087 1671 2466 2446 2400 2572 1979 1564 1473 1663 1372 1072 2584 2621 1532 2598 2509 1388 1619 2027 1258 1309 1099 2353 1608 2184 1423 1736 2540 2236 1686 2898 2817 639 2657 2103 1228 107 1598 1002 2501 2946 2430 1632 2646 1331 1211
346 376 232 598 207 796 361 1690 455 324 1326 274 349 1240 1245 1323 0 1051 247 802 384 1181 1161 1116 1287 694 498 222 380 309 725 1300 1336 558 1313 1224 674 332 742 802 384 752 1068 321 900 266 289 1255 952 399 1614 1532 1034 1372 818 605 1413 481 777 1216 1661 1145 520 1361 347 497
1076 1071 1141 701 1184 900 1062 1390 626 764 297 883 1326 939 945 2026 1051 0 1128 905 1107 152 132 87 259 797 818 1199 699 1286 1291 593 307 878 284 195 994 1066 815 1121 1361 1361 768 1060 770 1242 933 226 162 1092 1313 1232 1738 343 921 1581 2116 801 1480 187 1361 116 840 332 1324 1474
248 278 133 676 109 874 263 1767 533 402 1404 351 251 1317 1323 1225 247 1128 0 879 286 1258 1238 1193 1365 771 576 124 457 211 627 1377 1413 636 1390 1302 752 233 819 813 286 654 1146 222 977 168 350 1333 1029 301 1691 1610 936 1450 896 506 1315 559 679 1293 1739 1222 597 1439 249 399
827 822 892 263 934 24 812 1544 376 515 1180 634 1077 1093 1099 1777 802 905 879 0 857 1034 1015 969 1141 143 569 949 450 1037 1042 685 1189 629 1166 1078 745 817 128 872 1112 1111 922 811 285 993 684 1109 805 843 1467 1386 1488 1226 46 1332 1867 552 1231 1070 1515 999 590 1215 1074 1225
385 415 270 654 246 852 400 1746 511 380 1382 329 388 1295 1301 1362 384 1107 286 857 0 1236 1217 1171 1343 749 554 261 435 348 764 1355 1391 614 1368 1280 730 370 797 857 423 791 1124 359 955 305 345 1311 1007 438 1669 1588 1073 1428 874 643 1452 537 816 1272 1717 1200 575 1417 386 536
1206 1201 1271 831 1313 1029 1191 1519 755 894 169 1013 1455 1069 1074 2156 1181 152 1258 1034 1236 0 82 112 130 926 948 1328 829 1416 1420 723 178 1007 155 67 1124 1196 944 1251 1490 1490 897 1190 899 1372 1062 98 251 1222 1443 1361 1867 215 1051 1711 2246 931 1610 59 1490 102 969 204 1453 1604
1186 1181 1251 811 1294 1010 1172 1499 736 874 192 993 1436 1049 1055 2136 1161 132 1238 1015 1217 82 0 93 153 907 928 1309 809 1396 1401 703 202 988 179 90 1104 1176 925 1231 1471 1471 878 1170 880 1352 1043 121 232 1202 1423 1342 1848 238 1031 1691 2226 911 1590 82 1471 122 949 227 1434 1584
1141 1135 1205 766 1248 964 1126 1454 690 829 246 948 1390 1004 1009 2091 1116 87 1193 969 1171 112 93 0 207 861 882 1263 764 1351 1355 657 255 942 232 144 1058 1130 879 1186 1425 1425 832 1125 834 1307 997 175 186 1157 1378 1296 1802 292 986 1646 2181 865 1545 136 1425 77 904 281 1388 1539
1313 1307 1377 938 1420 1136 1298 1626 862 1000 168 1120 1562 1175 1181 2263 1287 259 1365 1141 1343 130 153 207 0 1033 1054 1435 936 1522 1527 829 169 1114 68 138 1230 1302 1051 1358 1597 1597 1004 1297 1006 1479 1169 136 358 1329 1549 1468 1974 127 1158 1818 2352 1037 1717 129 1597 173 1076 116 1560 1711
719 714 784 155 826 138 704 1436 268 407 1072 526 968 985 991 1669 694 797 771 143 749 926 907 861 1033 0 461 841 342 929 933 641 1081 520 1058 970 637 709 83 764 1003 1003 814 703 241 885 575 1001 697 735 1359 1278 1380 1118 160 1224 1759 444 1123 962 1407 891 482 1107 966 1117
524 518 588 365 631 563 509 1457 222 211 1093 330 773 1006 1012 1254 498 818 576 569 554 948 928 882 1054 461 0 646 147 733 519 1066 1103 325 1080 991 227 513 509 349 808 588 835 508 666 690 380 1022 719 540 1380 1299 965 1139 585 812 1344 248 708 983 1428 912 287 1128 771 795
223 253 109 746 84 944 238 1838 603 472 1474 421 226 1387 1393 1163 222 1199 124 949 261 1328 1309 1263 1435 841 646 0 528 186 565 1447 1483 706 1461 1372 822 209 890 751 261 592 1216 198 1047 143 326 1403 1099 276 1761 1680 875 1520 966 445 1253 629 617 1364 1809 1293 668 1509 224 338
405 400 470 247 512 445 390 1338 104 93 975 212 655 888 894 1353 380 699 457 450 435 829 809 764 936 342 147 528 0 615 617 948 984 207 961 872 323 395 390 448 690 687 717 389 548 571 262 904 600 421 1262 1181 1064 1021 467 910 1443 130 807 864 1310 793 168 1010 652 803
310 340 196 833 171 1031 325 1925 690 559 1561 509 313 1475 1480 1062 309 1286 211 1037 348 1416 1396 1351 1522 929 733 186 615 0 464 1535 1571 793 1548 1459 780 296 977 650 335 491 1303 285 1134 230 413 1490 1187 363 1849 1767 773 1607 1053 344 1152 716 516 1451 1896 1380 755 1596 311 237
726 756 611 838 558 1036 741 1930 695 684 1566 803 418 1479 1485 762 725 1291 627 1042 764 1420 1401 1355 1527 933 519 565 617 464 0 1539 1575 486 1553 1464 343 711 982 213 401 147 1308 700 1139 515 828 1495 1191 778 1853 1772 474 1612 1058 321 852 553 217 1456 1901 1385 587 1601 423 303
1324 1319 1389 760 1431 679 1309 1721 874 1012 868 1131 1574 1270 1276 2274 1299 593 1376 684 1354 723 703 657 829 640 1066 1447 947 1534 1539 0 878 1126 855 766 1242 1314 591 1369 1609 1608 1099 1308 546 1490 1181 797 493 1340 1644 1563 1985 914 701 1829 2364 1049 1728 758 1692 687 1087 903 1571 1722
1361 1356 1426 986 1468 1184 1346 1674 910 1049 38 1168 1611 1224 1229 2311 1336 307 1413 1189 1391 178 202 255 169 1081 1103 1483 984 1571 1575 878 0 1163 123 186 1279 1351 1099 1406 1646 1645 1052 1345 1054 1527 1218 198 406 1377 1598 1516 2022 71 1206 1866 2401 1086 1765 178 1645 221 1124 82 1608 1759
583 578 648 425 691 623 569 1517 282 271 1153 390 833 1066 1072 1222 558 878 636 629 614 1007 988 942 1114 520 325 706 207 793 486 1126 1163 0 1140 1051 195 573 569 317 860 556 895 568 726 750 440 1082 778 599 1440 1359 933 1199 645 780 1312 308 676 1043 1488 972 347 1188 831 763
1338 1333 1403 963 1445 1161 1323 1651 887 1026 122 1145 1588 1201 1206 2288 1313 284 1390 1166 1368 155 179 232 68 1058 1080 1461 961 1548 1553 855 123 1140 0 117 1256 1328 1076 1383 1623 1622 1029 1322 1031 1504 1195 96 383 1354 1575 1493 1999 81 1183 1843 2378 1063 1742 120 1622 198 1101 70 1585 1736
1249 1244 1314 874 1357 1073 1235 1563 799 937 176 1056 1499 1112 1118 2199 1224 195 1302 1078 1280 67 90 144 138 970 991 1372 872 1459 1464 766 186 1051 117 0 1167 1239 988 1294 1534 1534 941 1234 943 1416 1106 105 295 1265 1486 1405 1911 177 1094 1754 2289 974 1654 66 1534 109 1013 166 1497 1647
700 694 764 541 807 739 685 1633 398 387 1269 506 734 1182 1188 1079 674 994 752 745 730 1124 1104 1058 1230 637 227 822 323 780 343 1242 1279 195 1256 1167 0 689 685 174 717 413 1011 684 842 832 556 1198 895 716 1556 1475 790 1315 761 637 1169 262 533 1159 1604 1088 296 1304 739 619
332 362 218 613 193 811 347 1705 470 339 1341 289 336 1254 1260 1309 332 1066 233 817 370 1196 1176 1130 1302 709 513 209 395 296 711 1314 1351 573 1328 1239 689 0 757 817 371 738 1083 307 914 252 304 1270 966 385 1628 1547 1021 1387 833 591 1399 496 764 1231 1676 1160 535 1376 333 484
767 762 832 203 874 122 752 1484 317 455 1091 574 1017 1033 1039 1717 742 816 819 128 797 945 925 880 1052 83 509 890 390 977 982 592 1100 569 1077 989 685 757 0 812 1052 1051 862 751 192 933 624 1020 716 783 1407 1326 1428 1137 144 1272 1807 492 1171 980 1455 909 530 1126 1014 1165
827 822 797 668 745 867 812 1760 526 515 1396 634 604 1310 1316 949 802 1121 813 872 857 1251 1231 1186 1358 764 349 751 448 650 213 1370 1406 317 1383 1294 174 817 812 0 587 283 1139 811 970 701 683 1325 1022 843 1684 1602 660 1443 888 507 1038 384 403 1286 1731 1215 418 1431 609 489
385 415 271 908 246 1106 400 2000 765 634 1636 584 289 1549 1555 999 384 1361 286 1112 423 1490 1471 1425 1597 1003 808 261 690 335 401 1609 1646 860 1623 1534 717 371 1052 587 0 428 1378 360 1209 305 488 1565 1261 438 1923 1842 710 1682 1128 281 1089 791 453 1526 1971 1455 830 1671 294 174
753 783 638 908 585 1106 768 1999 765 754 1636 873 445 1549 1555 790 752 1361 654 1111 791 1490 1471 1425 1597 1003 588 592 687 491 147 1609 1645 556 1622 1534 413 738 1051 283 428 0 1378 727 1209 542 855 1565 1261 806 1923 1842 501 1682 1128 348 879 623 244 1525 1971 1454 657 1671 450 330
1093 1088 1158 719 1201 917 1079 680 643 781 1043 900 1343 229 235 2043 1068 768 1146 922 1124 897 878 832 1004 814 835 1216 717 1303 1308 1099 1052 895 1029 941 1011 1083 862 1139 1378 1378 0 1078 1020 1260 950 972 668 1109 603 522 1755 1089 939 1599 2133 818 1498 933 651 862 857 1078 1341 1491
321 351 207 608 183 806 337 1699 465 334 1336 283 325 1249 1255 1299 321 1060 222 811 359 1190 1170 1125 1297 703 508 198 389 285 700 1309 1345 568 1322 1234 684 307 751 811 360 727 1078 0 909 241 299 1265 961 374 1623 1542 1010 1382 828 580 1388 491 753 1225 1671 1154 529 1371 322 473
797 792 862 233 905 152 783 1514 347 485 1085 604 1047 1063 1069 1747 772 810 849 158 827 940 920 874 1046 113 539 920 420 1007 1012 586 1095 599 1072 983 715 787 64 842 1082 1081 892 781 0 963 654 1014 711 813 1437 1356 1459 1131 174 1302 1837 522 1201 975 1485 904 560 1120 1045 1195
267 297 152 790 128 988 282 1881 647 516 1518 465 270 1431 1437 1113 266 1242 168 993 305 1372 1352 1307 1479 885 690 143 571 230 515 1491 1527 750 1504 1416 832 252 933 701 305 542 1260 241 1091 0 369 1447 1143 319 1805 1724 825 1564 1010 395 1203 673 568 1407 1853 1336 711 1553 268 289
315 309 335 480 310 678 300 1572 337 206 1208 156 453 1121 1127 1426 289 933 350 684 345 1062 1043 997 1169 575 380 326 262 413 828 1181 1218 440 1195 1106 556 304 624 683 488 855 950 299 781 369 0 1137 833 331 1495 1414 1138 1254 700 708 1516 363 881 1098 1543 1027 402 1243 450 601
1280 1275 1345 905 1388 1104 1266 1594 830 968 196 1087 1530 1143 1149 2230 1255 226 1333 1109 1311 98 121 175 136 1001 1022 1403 904 1490 1495 797 198 1082 96 105 1198 1270 1019 1325 1565 1565 972 1265 974 1447 1137 0 326 1296 1517 1436 1942 156 1125 1785 2320 1005 1685 97 1565 140 1044 145 1528 1678
977 971 1041 602 1084 800 962 1290 526 665 397 784 1226 840 845 1927 952 162 1029 805 1007 251 232 186 358 697 719 1099 600 1187 1191 493 406 778 383 295 895 966 715 1022 1261 1261 668 961 670 1143 833 326 0 993 1214 1132 1638 443 822 1482 2017 701 1381 286 1261 215 740 432 1224 1375
400 430 285 639 261 838 415 1731 497 365 1367 315 403 1281 1286 1377 399 1092 301 843 438 1222 1202 1157 1329 735 540 276 421 363 778 1341 1377 599 1354 1265 716 385 783 843 438 806 1109 374 941 319 331 1296 993 0 1655 1573 1088 1413 859 658 1467 522 831 1257 1702 1186 561 1402 401 551
1639 1633 1703 1264 1746 1462 1624 122 1188 1327 1588 1446 1888 534 420 2589 1614 1313 1691 1467 1669 1443 1423 1378 1549 1359 1380 1761 1262 1849 1853 1644 1598 1440 1575 1486 1556 1628 1407 1684 1923 1923 603 1623 1565 1805 1495 1517 1214 1655 0 182 2300 1634 1484 2144 2679 1363 2043 1478 126 1407 1402 1623 1886 2037
1557 1552 1622 1182 1665 1381 1543 184 1107 1245 1507 1364 1807 453 339 2507 1532 1232 1610 1386 1588 1361 1342 1296 1468 1278 1299 1680 1181 1767 1772 1563 1516 1359 1493 1405 1475 1547 1326 1602 1842 1842 522 1542 1484 1724 1414 1436 1132 1573 182 0 2219 1553 1402 2062 2597 1282 1962 1397 188 1326 1321 1542 1805 1955
1035 1065 921 1285 868 1483 1050 2377 1142 1131 2013 1234 727 1926 1932 330 1034 1738 936 1488 1073 1867 1848 1802 1974 1380 965 875 1064 773 474 1986 2022 933 1999 1911 790 1021 1428 660 710 501 1755 1010 1586 825 1138 1942 1638 1088 2300 2219 0 2059 1505 630 420 1000 403 1903 2348 1832 1034 2048 732 613
1397 1392 1462 1023 1505 1221 1383 1711 947 1085 70 1204 1647 1260 1266 2347 1372 343 1450 1226 1428 215 238 292 127 1118 1139 1520 1021 1607 1612 914 71 1199 81 177 1315 1387 1136 1443 1682 1682 1089 1382 1091 1564 1254 156 443 1413 1634 1553 2059 0 1242 1903 2437 1122 1802 180 1682 257 1161 67 1645 1795
843 838 908 279 951 40 829 1560 393 531 1196 650 1093 1110 1115 1793 818 921 896 46 874 1051 1031 986 1158 160 585 966 467 1053 1058 702 1206 645 1183 1094 761 833 144 888 1128 1128 939 828 302 1010 700 1125 822 859 1484 1402 1505 1242 0 1348 1883 568 1248 1086 1531 1015 607 1231 1091 1241
605 635 491 1128 438 1327 621 2220 986 854 1856 804 297 1770 1776 919 605 1581 506 1332 643 1711 1691 1646 1818 1224 812 445 910 344 321 1830 1866 780 1843 1754 637 591 1272 507 281 348 1599 580 1430 395 708 1785 1482 658 2144 2062 630 1903 1348 0 1009 847 373 1746 2191 1675 881 1891 303 183
1539 1569 1425 1789 1372 1987 1555 2881 1646 1635 2517 1738 1231 2430 2436 242 1539 2242 1440 1993 1577 2372 2352 2306 2478 1885 1470 1379 1569 1278 978 2490 2527 1438 2504 2415 1294 1525 1933 1164 1215 1005 2259 1514 2090 1329 1642 2446 2142 1592 2804 2723 545 2563 2009 1134 0 1504 908 2407 2852 2336 1538 2552 1237 1117
506 501 571 348 614 546 492 1440 205 194 1076 313 756 989 995 1289 481 801 559 552 537 931 911 865 1037 444 248 629 130 716 553 1049 1086 308 1063 974 262 496 492 384 791 623 818 491 649 673 363 1005 701 522 1363 1282 1000 1122 568 847 1378 0 743 966 1411 895 270 1111 754 829
778 808 664 1028 611 1226 793 2119 885 874 1756 976 470 1669 1675 692 777 1480 679 1231 816 1610 1590 1545 1717 1123 708 617 807 516 217 1729 1765 676 1742 1654 533 764 1171 403 453 244 1498 753 1329 568 881 1685 1381 831 2043 1962 403 1802 1248 373 782 743 0 1645 2091 1574 777 1791 475 356
1241 1236 1306 866 1349 1064 1227 1554 791 929 168 1048 1491 1104 1110 2191 1216 187 1293 1070 1272 59 82 136 129 962 983 1364 864 1451 1456 758 178 1043 120 66 1159 1231 980 1286 1526 1525 933 1225 934 1407 1098 97 286 1257 1478 1397 1903 180 1086 1746 2281 966 1645 0 1526 101 1004 169 1489 1639
1686 1681 1751 1311 1794 1510 1672 54 1236 1374 1636 1493 1936 582 468 2636 1661 1361 1739 1515 1717 1490 1471 1425 1597 1407 1428 1809 1310 1896 1901 1692 1645 1488 1622 1534 1604 1676 1455 1731 1971 1971 651 1671 1613 1853 1543 1565 1261 1702 126 188 2348 1682 1531 2191 2726 1411 2091 1526 0 1455 1450 1671 1934 2084
1170 1165 1235 795 1278 993 1156 1483 720 858 211 977 1420 1033 1039 2120 1145 116 1222 999 1200 102 122 77 173 891 912 1293 793 1380 1385 687 221 972 198 109 1088 1160 909 1215 1455 1454 862 1154 863 1336 1027 140 215 1186 1407 1326 1832 257 1015 1675 2210 895 1574 101 1455 0 933 246 1418 1568
545 540 610 387 652 585 531 1478 244 233 1115 352 795 1028 1034 1323 520 840 597 590 575 969 949 904 1076 482 287 668 168 755 587 1088 1124 347 1101 1013 296 535 530 418 830 657 857 529 688 711 402 1044 740 561 1402 1321 1034 1161 607 881 1413 270 777 1004 1450 933 0 1150 792 863
1386 1381 1451 1011 1494 1210 1372 1700 936 1074 81 1193 1636 1249 1255 2336 1361 332 1439 1215 1417 204 227 281 116 1107 1128 1509 1010 1596 1601 903 82 1188 70 166 1304 1376 1125 1431 1671 1671 1078 1371 1080 1553 1243 145 432 1402 1623 1542 2048 67 1231 1891 2426 1111 1791 169 1671 246 1150 0 1634 1784
348 378 233 871 209 1069 363 1963 728 597 1599 546 311 1512 1518 1021 347 1324 249 1074 386 1453 1434 1388 1560 966 771 224 652 311 423 1572 1608 831 1585 1497 739 333 1014 609 294 450 1341 322 1172 268 450 1528 1224 401 1886 1805 732 1645 1091 303 1111 754 475 1489 1934 1418 792 1634 0 196
498 528 384 1021 332 1220 513 2113 878 747 1749 697 191 1663 1668 901 497 1474 399 1225 536 1604 1584 1539 1711 1117 795 338 803 237 303 1723 1759 763 1736 1647 619 484 1165 489 174 330 1491 473 1323 289 601 1678 1375 551 2037 1955 613 1795 1241 183 991 829 356 1639 2084 1568 863 1784 196 0
EOF