NAME : tsp_problem
TYPE : TSP
DIMENSION : 72
EDGE_WEIGHT_TYPE : EXPLICIT
EDGE_WEIGHT_FORMAT : FULL_MATRIX
EDGE_WEIGHT_SECTION
0 149 255 42 274 907 133 273 281 1683 1664 1041 986 110 171 1507 127 1505 1844 1393 72 1050 2038 1124 1171 1285 631 1474 1656 170 445 213 1183 51 538 127 109 299 141 1004 1180 1265 1437 1508 1165 294 1882 1654 1848 1008 1312 1583 470 2405 1095 1474 30 121 1804 973 997 1762 124 100 1187 992 1204 507 503 1909 110 911
149 0 253 136 272 905 235 271 279 1681 1662 1039 984 212 170 1505 229 1504 1842 1391 144 1048 2037 1123 1169 1283 629 1473 1654 168 444 212 1181 170 537 204 211 297 68 1002 1178 1264 1435 1506 1163 293 1880 1652 1847 1007 1310 1581 469 2403 1093 1472 149 95 1802 971 995 1760 79 75 1185 990 1203 506 501 1908 85 909
255 253 0 267 35 668 188 35 43 1444 1426 802 747 165 123 1269 182 1267 1605 1155 297 812 1800 886 932 1047 393 1236 1418 122 207 165 945 276 300 158 164 61 245 766 941 1027 1199 1270 926 56 1643 1416 1610 770 1073 1345 232 2166 857 1235 255 272 1566 734 758 1524 256 252 949 754 966 269 264 1671 262 672
42 136 267 0 286 919 145 285 293 1695 1676 1053 998 122 183 1519 139 1517 1856 1405 59 1062 2050 1136 1183 1297 643 1486 1668 182 457 225 1195 63 550 139 121 311 127 1016 1192 1277 1449 1520 1177 306 1894 1666 1860 1020 1324 1595 482 2417 1107 1486 42 107 1816 985 1009 1774 111 87 1199 1004 1216 519 515 1921 97 923
274 272 35 286 0 687 207 53 61 1463 1444 821 766 184 142 1287 201 1286 1624 1173 316 830 1819 905 951 1065 411 1255 1436 140 226 184 963 294 319 176 183 79 264 784 960 1046 1217 1288 945 75 1662 1434 1629 789 1092 1363 251 2185 875 1254 274 291 1584 753 777 1542 275 271 967 772 985 288 283 1690 281 691
907 905 668 919 687 0 840 686 694 826 1245 218 129 817 775 651 834 1086 987 537 949 194 1182 268 314 429 332 618 800 773 515 817 326 927 608 809 816 712 896 182 323 443 581 652 342 660 1025 798 992 152 455 1164 540 1548 239 617 907 924 948 554 174 906 908 904 364 573 348 577 469 1053 914 492
133 235 188 145 207 840 0 206 214 1616 1597 974 919 43 104 1440 60 1438 1777 1326 175 983 1972 1058 1104 1218 564 1407 1589 103 378 147 1116 154 471 60 42 232 226 937 1113 1198 1370 1441 1098 227 1815 1587 1781 941 1245 1516 404 2338 1028 1407 133 224 1737 906 930 1695 227 204 1120 925 1137 440 436 1842 214 844
273 271 35 285 53 686 206 0 61 1463 1444 821 766 183 141 1287 200 1285 1623 1173 315 830 1818 904 951 1065 411 1254 1436 140 225 184 963 294 318 176 182 79 263 784 960 1045 1217 1288 945 74 1662 1434 1628 788 1091 1363 250 2185 875 1254 273 291 1584 752 777 1542 274 270 967 772 984 287 283 1689 280 690
281 279 43 293 61 694 214 61 0 1470 1452 828 773 191 149 1294 208 1293 1631 1181 323 837 1826 912 958 1073 418 1262 1443 147 233 191 970 302 326 183 190 86 271 792 967 1053 1225 1295 952 82 1669 1442 1636 796 1099 1370 258 2192 883 1261 281 298 1592 760 784 1550 282 278 975 780 992 295 290 1697 288 698
1683 1681 1444 1695 1463 826 1616 1463 1470 0 2021 994 723 1593 1551 634 1610 1862 396 554 1725 787 501 861 908 446 1109 285 117 1549 1291 1593 914 1703 1384 1585 1592 1488 1673 958 911 1219 423 635 1118 1436 342 115 401 745 472 1940 1316 865 832 460 1683 1700 357 1330 950 315 1684 1680 1141 1349 936 1353 1245 462 1690 1268
1664 1662 1426 1676 1444 1245 1597 1444 1452 2021 0 1379 1324 1574 1532 1845 1591 389 2182 1732 1706 1388 2377 1463 1509 1624 1090 1813 1994 1531 1273 1574 1521 1685 1366 1567 1573 1470 1654 1343 1518 1604 1776 1846 1503 1417 2220 1993 2187 1347 1650 281 1298 2743 1434 1812 1664 1681 2143 949 1335 2101 1665 1661 1526 969 1543 1335 1226 2248 1671 887
1041 1039 802 1053 821 218 974 821 828 994 1379 0 297 951 909 819 968 1220 1155 705 1083 362 1350 436 482 597 467 786 968 907 649 951 494 1061 742 943 950 846 1031 105 491 366 749 820 265 794 1193 966 1160 320 623 1298 674 1716 407 785 1041 1058 1116 688 97 1074 1042 1038 288 707 516 711 603 1221 1048 626
986 984 747 998 766 129 919 766 773 723 1324 297 0 896 854 547 913 1165 884 433 1028 90 1078 164 211 325 412 514 696 852 594 896 223 1006 687 888 895 791 976 261 220 522 477 548 421 739 922 694 888 48 352 1243 619 1445 135 514 986 1003 844 633 253 802 987 983 444 652 244 656 548 949 993 571
110 212 165 122 184 817 43 183 191 1593 1574 951 896 0 82 1417 37 1415 1754 1303 152 960 1949 1035 1081 1195 541 1385 1566 80 356 124 1093 131 448 37 20 209 203 914 1090 1176 1347 1418 1075 205 1792 1564 1758 919 1222 1493 381 2315 1005 1384 111 201 1714 883 907 1672 204 181 1097 902 1114 418 413 1820 191 821
171 170 123 183 142 775 104 141 149 1551 1532 909 854 82 0 1375 98 1373 1712 1261 213 918 1907 993 1039 1153 499 1343 1524 38 314 82 1051 192 406 74 81 167 161 872 1048 1134 1305 1376 1033 162 1750 1522 1716 877 1180 1451 339 2273 963 1342 172 189 1672 841 865 1630 172 168 1055 860 1072 375 371 1777 178 779
1507 1505 1269 1519 1287 651 1440 1287 1294 634 1845 819 547 1417 1375 0 1434 1687 477 954 1549 611 672 414 442 846 933 776 608 1374 1116 1417 420 1528 1208 1410 1416 1313 1497 782 417 1043 914 141 943 1260 789 606 482 570 873 1764 1141 1312 656 951 1507 1524 438 1154 775 396 1508 1504 965 1174 442 1177 1069 543 1514 1092
127 229 182 139 201 834 60 200 208 1610 1591 968 913 37 98 1434 0 1432 1771 1320 169 977 1966 1052 1098 1212 558 1401 1583 97 373 141 1110 148 465 54 36 226 220 931 1107 1192 1364 1435 1092 221 1809 1581 1775 935 1239 1510 398 2332 1022 1401 127 218 1731 900 924 1689 221 198 1114 919 1131 434 430 1836 208 838
1505 1504 1267 1517 1286 1086 1438 1285 1293 1862 389 1220 1165 1415 1373 1687 1432 0 2023 1573 1547 1230 2218 1304 1350 1465 931 1654 1836 1372 1114 1416 1362 1526 1207 1408 1414 1311 1495 1184 1359 1445 1617 1688 1344 1259 2061 1834 2028 1188 1491 308 1139 2584 1275 1653 1505 1523 1984 790 1176 1942 1506 1502 1367 810 1384 1176 1067 2089 1512 728
1844 1842 1605 1856 1624 987 1777 1623 1631 396 2182 1155 884 1754 1712 477 1771 2023 0 807 1886 948 434 751 779 699 1270 538 370 1710 1452 1754 757 1864 1545 1746 1753 1649 1834 1119 754 1380 676 478 1279 1597 551 368 244 906 725 2101 1477 1073 993 713 1844 1861 199 1491 1111 158 1845 1841 1302 1510 778 1514 1406 305 1851 1429
1393 1391 1155 1405 1173 537 1326 1173 1181 554 1732 705 433 1303 1261 954 1320 1573 807 0 1435 497 911 572 618 156 819 345 527 1260 1002 1303 630 1414 1095 1296 1302 1199 1383 668 627 929 308 955 829 1146 753 525 811 456 183 1650 1027 1276 543 345 1393 1411 767 1040 661 725 1394 1390 851 1060 652 1064 955 872 1400 978
72 144 297 59 316 949 175 315 323 1725 1706 1083 1028 152 213 1549 169 1547 1886 1435 0 1092 2081 1167 1213 1327 673 1516 1698 212 487 256 1225 93 580 169 151 341 135 1046 1222 1307 1479 1550 1207 336 1924 1696 1890 1050 1354 1625 513 2447 1137 1516 72 115 1846 1015 1039 1804 119 95 1229 1034 1246 549 545 1951 105 953
1050 1048 812 1062 830 194 983 830 837 787 1388 362 90 960 918 611 977 1230 948 497 1092 0 1143 229 275 389 476 579 760 917 659 960 287 1071 751 953 959 856 1040 325 284 586 541 612 486 803 986 758 952 113 416 1307 684 1509 199 578 1050 1067 908 697 317 866 1051 1047 508 717 308 720 612 1013 1057 635
2038 2037 1800 2050 1819 1182 1972 1818 1826 501 2377 1350 1078 1949 1907 672 1966 2218 434 911 2081 1143 0 946 974 803 1464 643 474 1905 1647 1949 952 2059 1740 1941 1948 1844 2028 1313 949 1575 781 673 1474 1792 240 472 438 1101 830 2296 1672 763 1188 818 2039 2056 394 1685 1306 352 2040 2036 1496 1705 973 1709 1600 499 2045 1623
1124 1123 886 1136 905 268 1058 904 912 861 1463 436 164 1035 993 414 1052 1304 751 572 1167 229 946 0 78 464 550 653 835 991 733 1035 90 1145 826 1027 1034 930 1114 399 87 661 616 415 560 878 1060 833 756 187 490 1382 758 1583 274 653 1125 1142 712 772 392 670 1126 1122 582 791 112 795 686 817 1131 709
1171 1169 932 1183 951 314 1104 951 958 908 1509 482 211 1081 1039 442 1098 1350 779 618 1213 275 974 78 0 510 597 699 881 1037 779 1081 118 1191 872 1073 1080 976 1161 446 115 707 662 443 606 924 1090 879 783 233 537 1428 804 1613 320 699 1171 1188 739 818 438 697 1172 1168 629 837 139 841 733 844 1178 756
1285 1283 1047 1297 1065 429 1218 1065 1073 446 1624 597 325 1195 1153 846 1212 1465 699 156 1327 389 803 464 510 0 711 237 419 1152 894 1196 522 1306 987 1188 1194 1091 1275 560 519 821 200 847 721 1039 645 417 703 348 75 1542 919 1168 435 237 1285 1303 659 932 553 617 1286 1282 743 952 544 956 847 764 1292 870
631 629 393 643 411 332 564 411 418 1109 1090 467 412 541 499 933 558 931 1270 819 673 476 1464 550 597 711 0 900 1082 497 239 541 609 652 332 533 540 437 621 430 606 691 863 934 591 384 1308 1080 1274 434 738 1009 265 1831 521 900 631 648 1230 399 423 1188 632 628 613 418 630 301 193 1335 638 337
1474 1473 1236 1486 1255 618 1407 1254 1262 285 1813 786 514 1385 1343 776 1401 1654 538 345 1516 579 643 653 699 237 900 0 258 1341 1083 1385 711 1495 1176 1377 1384 1280 1464 749 708 1011 215 777 910 1228 484 256 543 537 264 1732 1108 1007 624 251 1475 1492 498 1121 742 456 1475 1471 932 1141 733 1145 1036 604 1481 1059
1656 1654 1418 1668 1436 800 1589 1436 1443 117 1994 968 696 1566 1524 608 1583 1836 370 527 1698 760 474 835 881 419 1082 258 0 1523 1265 1566 887 1677 1357 1559 1565 1462 1646 931 884 1192 396 609 1092 1409 316 88 374 719 445 1913 1290 839 805 433 1656 1673 330 1303 924 288 1657 1653 1114 1323 909 1326 1218 435 1663 1241
170 168 122 182 140 773 103 140 147 1549 1531 907 852 80 38 1374 97 1372 1710 1260 212 917 1905 991 1037 1152 497 1341 1523 0 312 80 1049 190 405 72 79 166 160 871 1046 1132 1304 1375 1031 161 1748 1521 1715 875 1178 1449 337 2271 962 1340 170 187 1671 839 863 1629 171 167 1054 859 1071 374 369 1776 177 777
445 444 207 457 226 515 378 225 233 1291 1273 649 594 356 314 1116 373 1114 1452 1002 487 659 1647 733 779 894 239 1083 1265 312 0 356 791 466 147 348 355 251 435 613 788 874 1046 1117 773 199 1490 1263 1457 617 920 1191 79 2013 704 1082 446 463 1413 581 605 1371 447 442 796 601 813 116 111 1518 452 519
213 212 165 225 184 817 147 184 191 1593 1574 951 896 124 82 1417 141 1416 1754 1303 256 960 1949 1035 1081 1196 541 1385 1566 80 356 0 1093 234 449 116 123 209 203 914 1090 1176 1347 1418 1075 205 1792 1565 1759 919 1222 1493 381 2315 1005 1384 214 231 1714 883 907 1672 215 211 1097 902 1115 418 413 1820 220 821
1183 1181 945 1195 963 326 1116 963 970 914 1521 494 223 1093 1051 420 1110 1362 757 630 1225 287 952 90 118 522 609 711 887 1049 791 1093 0 1204 884 1085 1092 988 1173 458 93 719 674 421 618 936 1068 886 761 245 549 1440 816 1591 332 711 1183 1200 717 830 450 675 1184 1180 641 849 117 853 745 823 1190 768
51 170 276 63 294 927 154 294 302 1703 1685 1061 1006 131 192 1528 148 1526 1864 1414 93 1071 2059 1145 1191 1306 652 1495 1677 190 466 234 1204 0 559 147 130 320 161 1025 1200 1286 1458 1529 1185 315 1902 1675 1869 1029 1332 1604 491 2425 1116 1495 51 141 1825 993 1017 1783 145 121 1208 1013 1225 528 524 1930 131 931
538 537 300 550 319 608 471 318 326 1384 1366 742 687 448 406 1208 465 1207 1545 1095 580 751 1740 826 872 987 332 1176 1357 405 147 449 884 559 0 441 447 344 528 706 881 967 1139 1209 866 292 1583 1356 1550 710 1013 1284 172 2106 797 1175 538 556 1506 674 698 1464 539 535 888 694 906 63 204 1611 545 612
127 204 158 139 176 809 60 176 183 1585 1567 943 888 37 74 1410 54 1408 1746 1296 169 953 1941 1027 1073 1188 533 1377 1559 72 348 116 1085 147 441 0 36 202 196 907 1082 1168 1340 1410 1067 197 1784 1557 1751 911 1214 1485 373 2307 998 1376 127 217 1707 875 899 1665 207 197 1090 895 1107 410 405 1812 207 813
109 211 164 121 183 816 42 182 190 1592 1573 950 895 20 81 1416 36 1414 1753 1302 151 959 1948 1034 1080 1194 540 1384 1565 79 355 123 1092 130 447 36 0 208 202 913 1089 1175 1346 1417 1074 204 1791 1563 1757 918 1221 1492 380 2314 1004 1383 110 200 1713 882 906 1671 203 180 1096 901 1113 417 412 1819 190 820
299 297 61 311 79 712 232 79 86 1488 1470 846 791 209 167 1313 226 1311 1649 1199 341 856 1844 930 976 1091 437 1280 1462 166 251 209 988 320 344 202 208 0 289 810 985 1071 1243 1314 970 100 1687 1460 1654 814 1117 1388 276 2210 901 1279 299 316 1610 778 802 1568 300 296 993 798 1010 313 308 1715 306 716
141 68 245 127 264 896 226 263 271 1673 1654 1031 976 203 161 1497 220 1495 1834 1383 135 1040 2028 1114 1161 1275 621 1464 1646 160 435 203 1173 161 528 196 202 289 0 994 1170 1255 1427 1498 1155 284 1872 1644 1838 998 1302 1573 460 2395 1085 1464 141 87 1794 963 987 1752 71 67 1177 982 1194 497 493 1899 77 901
1004 1002 766 1016 784 182 937 784 792 958 1343 105 261 914 872 782 931 1184 1119 668 1046 325 1313 399 446 560 430 749 931 871 613 914 458 1025 706 907 913 810 994 0 455 329 712 783 229 757 1157 929 1123 283 587 1261 638 1680 370 749 1004 1022 1079 651 61 1037 1005 1001 251 671 479 675 566 1184 1011 589
1180 1178 941 1192 960 323 1113 960 967 911 1518 491 220 1090 1048 417 1107 1359 754 627 1222 284 949 87 115 519 606 708 884 1046 788 1090 93 1200 881 1082 1089 985 1170 455 0 716 671 418 615 933 1065 882 758 242 546 1437 813 1588 329 708 1180 1197 714 827 447 672 1181 1177 638 846 114 850 742 819 1187 765
1265 1264 1027 1277 1046 443 1198 1045 1053 1219 1604 366 522 1176 1134 1043 1192 1445 1380 929 1307 586 1575 661 707 821 691 1011 1192 1132 874 1176 719 1286 967 1168 1175 1071 1255 329 716 0 973 1044 233 1019 1418 1190 1384 545 848 1523 899 1941 631 1010 1266 1283 1340 912 322 1298 1266 1262 97 932 740 936 827 1445 1272 850
1437 1435 1199 1449 1217 581 1370 1217 1225 423 1776 749 477 1347 1305 914 1364 1617 676 308 1479 541 781 616 662 200 863 215 396 1304 1046 1347 674 1458 1139 1340 1346 1243 1427 712 671 973 0 915 873 1190 622 395 681 500 227 1694 1071 1145 587 214 1437 1454 637 1084 705 595 1438 1434 895 1104 696 1108 999 742 1444 1022
1508 1506 1270 1520 1288 652 1441 1288 1295 635 1846 820 548 1418 1376 141 1435 1688 478 955 1550 612 673 415 443 847 934 777 609 1375 1117 1418 421 1529 1209 1410 1417 1314 1498 783 418 1044 915 0 943 1261 790 607 483 571 874 1765 1142 1313 657 952 1508 1525 439 1155 775 397 1509 1505 966 1174 443 1178 1070 544 1515 1093
1165 1163 926 1177 945 342 1098 945 952 1118 1503 265 421 1075 1033 943 1092 1344 1279 829 1207 486 1474 560 606 721 591 910 1092 1031 773 1075 618 1185 866 1067 1074 970 1155 229 615 233 873 943 0 918 1317 1090 1284 444 747 1422 798 1840 531 909 1165 1182 1240 812 221 1198 1166 1162 155 831 640 835 727 1345 1172 750
294 293 56 306 75 660 227 74 82 1436 1417 794 739 205 162 1260 221 1259 1597 1146 336 803 1792 878 924 1039 384 1228 1409 161 199 205 936 315 292 197 204 100 284 757 933 1019 1190 1261 918 0 1635 1408 1602 762 1065 1336 224 2158 849 1227 294 312 1557 726 750 1515 295 291 940 746 958 261 256 1663 301 664
1882 1880 1643 1894 1662 1025 1815 1662 1669 342 2220 1193 922 1792 1750 789 1809 2061 551 753 1924 986 240 1060 1090 645 1308 484 316 1748 1490 1792 1068 1902 1583 1784 1791 1687 1872 1157 1065 1418 622 790 1317 1635 0 314 555 944 671 2139 1515 605 1031 659 1882 1899 511 1529 1149 469 1883 1879 1340 1548 1090 1552 1444 616 1889 1467
1654 1652 1416 1666 1434 798 1587 1434 1442 115 1993 966 694 1564 1522 606 1581 1834 368 525 1696 758 472 833 879 417 1080 256 88 1521 1263 1565 886 1675 1356 1557 1563 1460 1644 929 882 1190 395 607 1090 1408 314 0 372 717 444 1911 1288 837 804 431 1654 1672 328 1301 922 286 1655 1651 1112 1321 907 1325 1216 433 1661 1239
1848 1847 1610 1860 1629 992 1781 1628 1636 401 2187 1160 888 1758 1716 482 1775 2028 244 811 1890 952 438 756 783 703 1274 543 374 1715 1457 1759 761 1869 1550 1751 1757 1654 1838 1123 758 1384 681 483 1284 1602 555 372 0 911 730 2105 1482 1078 998 717 1848 1866 94 1495 1116 162 1849 1845 1306 1515 783 1519 1410 200 1855 1433
1008 1007 770 1020 789 152 941 788 796 745 1347 320 48 919 877 570 935 1188 906 456 1050 113 1101 187 233 348 434 537 719 875 617 919 245 1029 710 911 918 814 998 283 242 545 500 571 444 762 944 717 911 0 374 1266 642 1467 158 536 1009 1026 867 655 276 825 1009 1005 466 675 267 679 570 972 1015 593
1312 1310 1073 1324 1092 455 1245 1091 1099 472 1650 623 352 1222 1180 873 1239 1491 725 183 1354 416 830 490 537 75 738 264 445 1178 920 1222 549 1332 1013 1214 1221 1117 1302 587 546 848 227 874 747 1065 671 444 730 374 0 1569 945 1194 461 263 1312 1329 686 959 579 644 1313 1309 769 978 570 982 874 791 1319 897
1583 1581 1345 1595 1363 1164 1516 1363 1370 1940 281 1298 1243 1493 1451 1764 1510 308 2101 1650 1625 1307 2296 1382 1428 1542 1009 1732 1913 1449 1191 1493 1440 1604 1284 1485 1492 1388 1573 1261 1437 1523 1694 1765 1422 1336 2139 1911 2105 1266 1569 0 1216 2662 1352 1731 1583 1600 2061 868 1254 2019 1584 1580 1444 887 1461 1253 1145 2166 1590 806
470 469 232 482 251 540 404 250 258 1316 1298 674 619 381 339 1141 398 1139 1477 1027 513 684 1672 758 804 919 265 1108 1290 337 79 381 816 491 172 373 380 276 460 638 813 899 1071 1142 798 224 1515 1288 1482 642 945 1216 0 2038 729 1107 471 488 1438 606 630 1396 472 468 821 626 838 141 136 1543 477 544
2527 2526 2289 2539 2308 1671 2460 2307 2315 988 2866 1839 1567 2438 2396 1434 2455 2707 1196 1398 2569 1632 886 1706 1736 1290 1953 1130 961 2394 2136 2438 1714 2548 2229 2430 2437 2333 2517 1802 1711 2064 1268 1435 1963 2281 727 959 1201 1590 1317 2785 2161 0 1677 1305 2528 2545 1157 2174 1795 1115 2528 2524 1985 2194 1735 2198 2089 1262 2534 2112
1095 1093 857 1107 875 239 1028 875 883 832 1434 407 135 1005 963 656 1022 1275 993 543 1137 199 1188 274 320 435 521 624 805 962 704 1005 332 1116 797 998 1004 901 1085 370 329 631 587 657 531 849 1031 804 998 158 461 1352 729 1554 0 623 1095 1113 953 742 363 912 1096 1092 553 762 354 766 657 1059 1102 680
1474 1472 1235 1486 1254 617 1407 1254 1261 460 1812 785 514 1384 1342 951 1401 1653 713 345 1516 578 818 653 699 237 900 251 433 1340 1082 1384 711 1495 1175 1376 1383 1279 1464 749 708 1010 214 952 909 1227 659 431 717 536 263 1731 1107 1182 623 0 1474 1491 673 1121 741 631 1475 1471 932 1140 732 1144 1036 778 1481 1059
30 149 255 42 274 907 133 273 281 1683 1664 1041 986 111 172 1507 127 1505 1844 1393 72 1050 2039 1125 1171 1285 631 1475 1656 170 446 214 1183 51 538 127 110 299 141 1004 1180 1266 1437 1508 1165 294 1882 1654 1848 1009 1312 1583 471 2405 1095 1474 0 121 1804 973 997 1762 124 101 1187 992 1204 507 503 1909 111 911
121 95 272 107 291 924 224 291 298 1700 1681 1058 1003 201 189 1524 218 1523 1861 1411 115 1067 2056 1142 1188 1303 648 1492 1673 187 463 231 1200 141 556 217 200 316 87 1022 1197 1283 1454 1525 1182 312 1899 1672 1866 1026 1329 1600 488 2422 1113 1491 121 0 1821 990 1014 1779 70 47 1204 1010 1222 525 520 1927 57 928
1804 1802 1566 1816 1584 948 1737 1584 1592 357 2143 1116 844 1714 1672 438 1731 1984 199 767 1846 908 394 712 739 659 1230 498 330 1671 1413 1714 717 1825 1506 1707 1713 1610 1794 1079 714 1340 637 439 1240 1557 511 328 94 867 686 2061 1438 1034 953 673 1804 1821 0 1451 1072 118 1805 1801 1262 1471 739 1475 1366 155 1811 1389
973 971 734 985 753 554 906 752 760 1330 949 688 633 883 841 1154 900 790 1491 1040 1015 697 1685 772 818 932 399 1121 1303 839 581 883 830 993 674 875 882 778 963 651 827 912 1084 1155 812 726 1529 1301 1495 655 959 868 606 2052 742 1121 973 990 1451 0 644 1409 974 970 834 277 851 643 535 1556 980 196
997 995 758 1009 777 174 930 777 784 950 1335 97 253 907 865 775 924 1176 1111 661 1039 317 1306 392 438 553 423 742 924 863 605 907 450 1017 698 899 906 802 987 61 447 322 705 775 221 750 1149 922 1116 276 579 1254 630 1672 363 741 997 1014 1072 644 0 1030 998 994 243 663 472 667 559 1177 1004 582
1762 1760 1524 1774 1542 906 1695 1542 1550 315 2101 1074 802 1672 1630 396 1689 1942 158 725 1804 866 352 670 697 617 1188 456 288 1629 1371 1672 675 1783 1464 1665 1671 1568 1752 1037 672 1298 595 397 1198 1515 469 286 162 825 644 2019 1396 992 912 631 1762 1779 118 1409 1030 0 1763 1759 1220 1429 697 1433 1324 223 1769 1347
124 79 256 111 275 908 227 274 282 1684 1665 1042 987 204 172 1508 221 1506 1845 1394 119 1051 2040 1126 1172 1286 632 1475 1657 171 447 215 1184 145 539 207 203 300 71 1005 1181 1266 1438 1509 1166 295 1883 1655 1849 1009 1313 1584 472 2406 1096 1475 124 70 1805 974 998 1763 0 50 1188 993 1205 508 504 1910 60 912
100 75 252 87 271 904 204 270 278 1680 1661 1038 983 181 168 1504 198 1502 1841 1390 95 1047 2036 1122 1168 1282 628 1471 1653 167 442 211 1180 121 535 197 180 296 67 1001 1177 1262 1434 1505 1162 291 1879 1651 1845 1005 1309 1580 468 2402 1092 1471 101 47 1801 970 994 1759 50 0 1184 989 1201 504 500 1906 36 908
1187 1185 949 1199 967 364 1120 967 975 1141 1526 288 444 1097 1055 965 1114 1367 1302 851 1229 508 1496 582 629 743 613 932 1114 1054 796 1097 641 1208 888 1090 1096 993 1177 251 638 97 895 966 155 940 1340 1112 1306 466 769 1444 821 1863 553 932 1187 1204 1262 834 243 1220 1188 1184 0 854 662 857 749 1367 1194 772
992 990 754 1004 772 573 925 772 780 1349 969 707 652 902 860 1174 919 810 1510 1060 1034 717 1705 791 837 952 418 1141 1323 859 601 902 849 1013 694 895 901 798 982 671 846 932 1104 1174 831 746 1548 1321 1515 675 978 887 626 2071 762 1140 992 1010 1471 277 663 1429 993 989 854 0 871 663 554 1576 999 215
1204 1203 966 1216 985 348 1137 984 992 936 1543 516 244 1114 1072 442 1131 1384 778 652 1246 308 973 112 139 544 630 733 909 1071 813 1115 117 1225 906 1107 1113 1010 1194 479 114 740 696 443 640 958 1090 907 783 267 570 1461 838 1613 354 732 1204 1222 739 851 472 697 1205 1201 662 871 0 875 766 844 1211 789
507 506 269 519 288 577 440 287 295 1353 1335 711 656 418 375 1177 434 1176 1514 1064 549 720 1709 795 841 956 301 1145 1326 374 116 418 853 528 63 410 417 313 497 675 850 936 1108 1178 835 261 1552 1325 1519 679 982 1253 141 2075 766 1144 507 525 1475 643 667 1433 508 504 857 663 875 0 173 1580 514 581
503 501 264 515 283 469 436 283 290 1245 1226 603 548 413 371 1069 430 1067 1406 955 545 612 1600 686 733 847 193 1036 1218 369 111 413 745 524 204 405 412 308 493 566 742 827 999 1070 727 256 1444 1216 1410 570 874 1145 136 1967 657 1036 503 520 1366 535 559 1324 504 500 749 554 766 173 0 1471 510 473
1909 1908 1671 1921 1690 1053 1842 1689 1697 462 2248 1221 949 1820 1777 543 1836 2089 305 872 1951 1013 499 817 844 764 1335 604 435 1776 1518 1820 823 1930 1611 1812 1819 1715 1899 1184 819 1445 742 544 1345 1663 616 433 200 972 791 2166 1543 1139 1059 778 1909 1927 155 1556 1177 223 1910 1906 1367 1576 844 1580 1471 0 1916 1494
110 85 262 97 281 914 214 280 288 1690 1671 1048 993 191 178 1514 208 1512 1851 1400 105 1057 2045 1131 1178 1292 638 1481 1663 177 452 220 1190 131 545 207 190 306 77 1011 1187 1272 1444 1515 1172 301 1889 1661 1855 1015 1319 1590 477 2412 1102 1481 111 57 1811 980 1004 1769 60 36 1194 999 1211 514 510 1916 0 918
911 909 672 923 691 492 844 690 698 1268 887 626 571 821 779 1092 838 728 1429 978 953 635 1623 709 756 870 337 1059 1241 777 519 821 768 931 612 813 820 716 901 589 765 850 1022 1093 750 664 1467 1239 1433 593 897 806 544 1990 680 1059 911 928 1389 196 582 1347 912 908 772 215 789 581 473 1494 918 0
EOF
