NAME : tsp_problem
TYPE : TSP
DIMENSION : 52
EDGE_WEIGHT_TYPE : EXPLICIT
EDGE_WEIGHT_FORMAT : FULL_MATRIX
EDGE_WEIGHT_SECTION
0 1014 344 1057 875 790 715 1094 1648 3803 619 703 673 493 226 669 900 684 551 146 718 1083 1048 747 131 885 123 619 711 1377 353 1092 903 861 147 936 150 227 703 1071 307 994 436 1219 210 976 699 168 654 716 282 1645
1014 0 1048 73 187 1009 503 106 2271 4426 1242 359 363 1116 1163 1293 137 1307 1174 980 1341 116 72 1370 943 1509 958 1242 1334 2000 976 1716 1526 1484 1065 1559 1056 1164 1327 125 1011 191 1059 1842 1146 174 1323 1002 1277 1340 905 2268
191 1063 0 1106 923 903 605 1142 1762 3916 733 751 722 607 185 783 949 797 665 191 831 1132 1096 860 244 999 210 733 824 1491 467 1206 1017 974 84 1050 75 186 817 1119 197 1043 550 1332 169 1025 813 152 768 830 396 1758
1057 73 1091 0 230 1052 547 71 2315 4469 1285 403 406 1159 1206 1336 181 1350 1218 1024 1384 82 38 1413 986 1552 1001 1286 1377 2043 1020 1759 1570 1527 1108 1603 1099 1207 1370 91 1054 175 1103 1885 1189 198 1366 1046 1320 1383 949 2311
875 187 909 230 0 870 364 266 2132 4287 1103 220 224 977 1023 1153 113 1168 1035 841 1202 256 220 1231 803 1369 818 1103 1194 1861 837 1576 1387 1345 925 1420 917 1025 1187 244 872 167 920 1702 1007 149 1183 863 1138 1200 766 2128
790 1009 1057 1052 870 0 768 1089 2047 4202 1018 698 668 892 939 1068 896 1083 950 756 1117 1079 1043 1146 719 1284 733 1018 1109 1776 752 1491 1302 1260 859 1335 862 940 1102 1066 1020 990 835 1617 922 972 1098 778 1053 1115 681 2043
715 503 591 547 364 768 0 583 2030 4185 1001 192 163 875 709 1051 390 1066 933 715 1100 573 537 1129 702 1267 717 1001 1093 1759 735 1474 1285 1243 607 1318 599 710 1085 560 554 484 818 1600 692 466 1081 676 1036 1098 664 2027
1094 106 1128 71 266 1089 583 0 2351 4506 1322 439 443 1196 1242 1372 217 1387 1254 1060 1421 67 70 1450 1023 1588 1037 1322 1413 2080 1056 1795 1606 1564 1144 1639 1136 1244 1406 76 1091 133 1139 1921 1226 156 1402 1082 1357 1419 985 2347
1951 2574 2218 2617 2434 2349 2332 2653 0 3828 1659 2262 2233 1531 2099 1629 2460 1653 1732 1917 1552 2643 2607 1531 1879 1380 1894 1433 1683 986 1696 1207 1362 1419 2020 1369 2023 2101 1646 2631 2181 2554 1560 1244 2083 2536 1638 1939 1643 1560 1727 332
3803 4426 4070 4469 4287 4202 4185 4506 3525 0 3238 4115 4085 3386 3952 3208 4312 3231 3311 3769 3131 4495 4460 3110 3732 2958 3747 3289 3261 2981 3470 2786 2941 2998 3872 2948 3875 3953 3225 4483 4033 4406 3415 2613 3935 4389 3217 3791 3222 3139 3579 3522
619 1242 886 1285 1103 1018 1001 1322 1356 3238 0 931 901 505 768 357 1129 372 239 586 298 1312 1276 277 548 320 563 631 398 812 286 527 338 296 689 371 691 769 391 1299 849 1223 448 653 751 1205 384 608 342 306 396 1353
703 359 737 403 220 698 192 439 1960 4115 931 0 92 805 851 981 246 996 863 669 1030 429 393 1059 631 1197 646 931 1022 1689 665 1404 1215 1173 753 1248 745 853 1015 416 700 340 748 1530 835 322 1011 691 966 1028 594 1956
673 363 707 406 224 668 163 443 1930 4085 901 92 0 775 822 952 249 966 833 639 1000 432 397 1029 602 1168 617 901 993 1659 635 1375 1186 1143 724 1218 715 823 986 420 670 343 719 1501 805 326 982 662 936 999 564 1927
493 1116 760 1159 977 892 875 1196 1228 3386 505 805 775 0 642 555 1002 569 437 459 603 1185 1150 632 422 771 437 247 596 959 239 765 789 746 562 822 565 643 589 1173 723 1096 322 802 625 1079 585 482 540 602 270 1225
226 1163 339 1206 1023 939 710 1242 1797 3952 768 851 822 642 0 818 1049 833 700 226 867 1232 1196 896 279 1034 245 768 859 1526 502 1241 1052 1010 141 1085 144 63 852 1220 302 1143 585 1367 46 1125 848 188 803 865 431 1793
669 1293 936 1336 1153 1068 1051 1372 1327 3208 357 981 952 555 818 0 1179 369 289 636 268 1362 1326 247 598 290 613 681 399 782 337 497 308 266 739 341 742 819 362 1350 900 1273 498 624 802 1255 354 658 360 276 446 1323
900 137 934 181 113 896 390 217 2158 4312 1129 246 249 1002 1049 1179 0 1193 1061 867 1227 207 171 1256 829 1395 844 1129 1220 1886 863 1602 1413 1370 951 1446 943 1050 1213 194 897 118 946 1728 1033 100 1209 889 1164 1226 792 2154
684 1307 951 1350 1168 1083 1066 1387 1350 3231 372 996 966 569 833 369 1193 0 304 650 292 1376 1341 270 613 314 628 696 422 806 351 521 332 289 753 365 756 834 386 1364 914 1287 513 647 816 1270 377 672 383 300 461 1347
551 1174 818 1218 1035 950 933 1254 1430 3311 239 863 833 437 700 289 1061 304 0 518 338 1244 1208 350 480 394 495 563 331 885 219 601 412 369 621 445 624 701 323 1231 781 1155 380 727 684 1137 320 540 274 337 328 1426
146 980 344 1024 841 756 715 1060 1615 3769 586 669 639 459 226 636 867 650 518 0 684 1050 1014 713 97 852 90 586 677 1343 320 1059 870 827 147 903 150 227 670 1037 307 961 403 1185 210 943 666 135 621 683 249 1611
718 1341 985 1384 1202 1117 1100 1421 1250 3131 298 1030 1000 603 867 268 1227 292 338 684 0 1410 1375 170 647 213 662 730 322 705 385 421 231 189 787 264 790 868 285 1398 948 1321 547 547 850 1304 277 706 283 199 495 1246
1083 116 1117 82 256 1079 573 67 2341 4495 1312 429 432 1185 1232 1362 207 1376 1244 1050 1410 0 81 1439 1012 1578 1027 1312 1403 2069 1046 1785 1596 1553 1134 1629 1126 1233 1396 67 1080 123 1129 1911 1216 145 1392 1072 1347 1409 975 2337
1048 72 1082 38 220 1043 537 70 2305 4460 1276 393 397 1150 1196 1326 171 1341 1208 1014 1375 81 0 1404 976 1542 991 1276 1367 2034 1010 1749 1560 1518 1098 1593 1090 1198 1360 90 1045 174 1093 1875 1180 196 1356 1036 1311 1373 939 2301
747 1370 1014 1413 1231 1146 1129 1450 1228 3110 277 1059 1029 632 896 247 1256 270 350 713 170 1439 1404 0 676 192 691 759 301 684 414 399 210 168 816 243 819 897 264 1427 977 1350 576 525 879 1333 256 735 261 178 523 1225
131 943 398 986 803 719 702 1023 1577 3732 548 631 602 422 279 598 829 613 480 97 647 1012 976 676 0 814 74 548 639 1306 282 1021 832 790 200 865 203 281 632 1000 361 923 365 1147 263 905 628 119 583 645 211 1573
885 1509 1152 1552 1369 1284 1267 1588 1077 2958 320 1197 1168 771 1034 290 1395 314 394 852 213 1578 1542 192 814 0 829 840 344 533 553 249 254 211 955 287 958 1035 308 1565 1115 1489 714 374 1018 1471 299 874 305 221 662 1074
123 958 363 1001 818 733 717 1037 1592 3747 563 646 617 437 245 613 844 628 495 90 662 1027 991 691 74 829 0 563 654 1321 297 1036 847 805 165 880 168 246 647 1015 326 938 380 1162 228 920 643 112 598 660 226 1588
619 1242 886 1286 1103 1018 1001 1322 1131 3289 631 931 901 247 768 681 1129 696 563 586 730 1312 1276 759 548 840 563 0 722 862 365 668 822 873 689 830 692 769 715 1299 849 1223 276 704 752 1205 711 608 666 728 396 1127
711 1334 978 1377 1194 1109 1093 1413 1380 3261 398 1022 993 596 859 399 1220 422 331 677 322 1403 1367 301 639 344 654 722 0 836 378 551 362 319 780 395 783 861 416 1391 941 1314 540 677 843 1296 408 699 413 330 487 1377
1377 2000 1644 2043 1861 1776 1759 2080 684 2981 812 1689 1659 959 1526 782 1886 806 885 1343 705 2069 2034 684 1306 533 1321 862 836 0 1044 360 515 572 1446 522 1449 1527 799 2057 1607 1980 988 397 1509 1963 791 1366 796 713 1154 680
353 976 620 1020 837 752 735 1056 1394 3470 286 665 635 239 502 337 863 351 219 320 385 1046 1010 414 282 553 297 365 378 1044 0 760 571 528 423 604 426 503 371 1033 583 957 182 886 486 939 367 342 321 384 130 1390
1092 1716 1359 1759 1576 1491 1474 1795 905 2786 527 1404 1375 765 1241 497 1602 521 601 1059 421 1785 1749 399 1021 249 1036 668 551 360 760 0 231 289 1162 238 1165 1242 515 1773 1323 1696 795 202 1225 1678 506 1081 512 428 869 901
903 1526 1170 1570 1387 1302 1285 1606 1059 2941 338 1215 1186 789 1052 308 1413 332 412 870 231 1596 1560 210 832 254 847 822 362 515 571 231 0 229 973 304 976 1053 326 1583 1133 1507 732 356 1036 1489 317 892 323 239 680 1056
861 1484 1128 1527 1345 1260 1243 1564 1117 2998 296 1173 1143 746 1010 266 1370 289 369 827 189 1553 1518 168 790 211 805 873 319 572 528 289 229 0 930 262 933 1011 283 1541 1091 1464 690 414 993 1447 275 849 280 197 637 1113
147 1065 237 1108 926 859 608 1145 1718 3872 689 754 724 562 141 739 952 753 621 147 787 1135 1099 816 200 955 165 689 780 1446 423 1162 973 930 0 1006 65 142 773 1122 200 1046 506 1288 125 1028 769 108 724 786 352 1714
936 1559 1203 1603 1420 1335 1318 1639 1067 2948 371 1248 1218 822 1085 341 1446 365 445 903 264 1629 1593 243 865 287 880 830 395 522 604 238 304 262 1006 0 1009 1086 358 1616 1166 1540 765 364 1069 1522 350 925 356 272 713 1063
150 1057 229 1100 918 862 600 1137 1721 3875 691 746 716 565 144 742 943 756 624 150 790 1126 1091 819 203 958 168 692 783 1449 426 1165 976 933 65 1009 0 145 776 1114 192 1037 509 1291 128 1020 772 111 726 789 355 1717
227 1164 340 1207 1025 940 711 1244 1798 3953 769 853 823 643 63 819 1050 834 701 227 868 1233 1198 897 281 1035 246 769 861 1527 503 1242 1053 1011 142 1086 145 0 853 1221 303 1144 586 1369 47 1126 849 189 804 866 432 1795
703 1327 970 1370 1187 1102 1085 1406 1344 3225 391 1015 986 589 852 362 1213 386 323 670 285 1396 1360 264 632 308 647 715 416 799 371 515 326 283 773 358 776 853 0 1383 933 1307 532 641 836 1289 371 692 377 293 480 1340
1071 125 1105 91 244 1066 560 76 2328 4483 1299 416 420 1173 1220 1350 194 1364 1231 1037 1398 67 90 1427 1000 1565 1015 1299 1391 2057 1033 1773 1583 1541 1122 1616 1113 1221 1383 0 1068 110 1116 1899 1203 133 1380 1059 1334 1397 962 2325
180 1051 223 1095 912 892 594 1131 1751 3905 722 740 711 595 174 772 938 786 654 180 820 1121 1085 849 233 988 198 722 813 1479 456 1195 1006 963 73 1039 64 175 806 1108 0 1032 539 1321 158 1014 802 141 757 819 385 1747
994 191 1028 175 167 990 484 133 2252 4406 1223 340 343 1096 1143 1273 118 1287 1155 961 1321 123 174 1350 923 1489 938 1223 1314 1980 957 1696 1507 1464 1045 1540 1037 1144 1307 110 991 0 1040 1822 1127 142 1303 983 1258 1320 886 2248
436 1059 703 1103 920 835 818 1139 1258 3415 448 748 719 322 585 498 946 513 380 403 547 1129 1093 576 365 714 380 276 540 988 182 795 732 690 506 765 509 586 532 1116 666 1040 0 831 569 1022 528 425 483 545 213 1254
1219 1842 1486 1885 1702 1617 1600 1921 941 2613 653 1530 1501 802 1367 624 1728 647 727 1185 547 1911 1875 525 1147 374 1162 704 677 397 886 202 356 414 1288 364 1291 1369 641 1899 1449 1822 831 0 1351 1804 632 1207 638 555 995 938
210 1146 322 1189 1007 922 693 1226 1781 3935 751 835 805 625 46 802 1033 816 684 210 850 1216 1180 879 263 1018 228 752 843 1509 486 1225 1036 993 125 1069 128 47 836 1203 285 1127 569 1351 0 1109 832 171 786 849 415 1777
976 174 1011 198 149 972 466 156 2234 4389 1205 322 326 1079 1125 1255 100 1270 1137 943 1304 145 196 1333 905 1471 920 1205 1296 1963 939 1678 1489 1447 1027 1522 1019 1126 1289 133 974 142 1022 1804 1109 0 1285 965 1240 1302 868 2230
699 1323 966 1366 1183 1098 1081 1402 1335 3217 384 1011 982 585 848 354 1209 377 320 666 277 1392 1356 256 628 299 643 711 408 791 367 506 317 275 769 350 772 849 371 1380 930 1303 528 632 832 1285 0 688 368 285 476 1332
168 1002 306 1046 863 778 677 1082 1637 3791 608 691 662 482 188 658 889 672 540 135 706 1072 1036 735 119 874 112 608 699 1366 342 1081 892 849 108 925 111 189 692 1059 269 983 425 1207 171 965 688 0 643 705 271 1633
654 1277 921 1320 1138 1053 1036 1357 1341 3222 342 966 936 540 803 360 1164 383 274 621 283 1347 1311 261 583 305 598 666 413 796 321 512 323 280 724 356 726 804 377 1334 884 1258 483 638 786 1240 368 643 0 291 431 1338
716 1340 983 1383 1200 1115 1098 1419 1258 3139 306 1028 999 602 865 276 1226 300 337 683 199 1409 1373 178 645 221 660 728 330 713 384 428 239 197 786 272 789 866 293 1397 947 1320 545 555 849 1302 285 705 291 0 493 1254
282 905 549 949 766 681 664 985 1425 3579 396 594 564 270 431 446 792 461 328 249 495 975 939 523 211 662 226 396 487 1154 130 869 680 637 352 713 355 432 480 962 512 886 213 995 415 868 476 271 431 493 0 1421
1954 2577 2221 2621 2438 2353 2336 2657 339 3832 1662 2266 2236 1535 2103 1633 2464 1656 1736 1921 1556 2647 2611 1534 1883 1383 1898 1437 1686 990 1700 1211 1365 1423 2024 1373 2027 2104 1650 2634 2184 2558 1564 1247 2087 2540 1641 1943 1647 1564 1731 0
EOF