NAME : tsp_problem
TYPE : TSP
DIMENSION : 52
EDGE_WEIGHT_TYPE : EXPLICIT
EDGE_WEIGHT_FORMAT : FULL_MATRIX
EDGE_WEIGHT_SECTION
0 511 253 1631 1853 1207 1937 981 1942 532 1869 789 1492 358 1959 1683 1241 865 1070 1817 1962 366 864 1803 431 1710 1955 1684 1840 608 1329 553 65 1699 1092 2100 809 1825 432 437 1902 678 673 1939 188 560 1387 1798 1930 992 1799 969
511 0 442 1152 1374 728 1457 894 1462 50 1390 307 1012 226 1479 1204 762 657 983 1338 1483 234 709 1324 619 1231 1476 1205 1361 126 849 742 506 1220 613 1621 654 1345 621 626 1423 590 191 1460 377 750 908 1319 1451 513 1320 490
253 442 0 1473 1695 1049 1779 912 1784 463 1711 720 1334 289 1801 1525 1083 707 1002 1660 1804 298 706 1645 362 1552 1797 1526 1682 540 1171 395 248 1541 934 1942 651 1667 274 279 1744 609 604 1781 119 403 1230 1640 1772 834 1641 812
1631 1152 1473 0 951 708 545 2017 550 1173 478 1080 204 1349 567 292 742 854 2106 426 571 1357 906 412 1740 319 564 293 449 1074 830 1198 1626 308 627 1197 851 433 1652 1657 511 1714 1139 548 1497 1206 888 406 538 710 407 687
1853 1374 1695 951 0 930 1256 2239 1261 1395 1189 1302 811 1571 1278 1003 964 1076 2328 1137 1282 1580 1128 1123 1962 1030 1275 1004 1160 1296 1052 1420 1849 1019 849 343 1073 1144 1874 1880 1222 1936 1361 1259 1719 1428 1111 1117 1249 932 1118 909
1207 728 1049 708 930 0 1013 1593 1018 749 946 656 568 925 1035 760 107 429 1682 894 1039 933 481 880 1316 787 1032 761 917 650 194 774 1202 776 202 1177 426 901 1228 1233 979 1289 714 1016 1072 782 253 875 1007 286 876 263
1937 1457 1779 545 1256 1013 0 2323 97 1478 220 1385 510 1655 114 281 1048 1159 2412 198 96 1663 1211 184 2045 281 136 303 220 1380 1135 1504 1932 270 932 1503 1156 205 1957 1963 59 2019 1444 120 1802 1511 1194 178 111 1015 179 993
1292 1205 1224 2328 2550 1904 2634 0 2639 1226 2566 1483 2189 1052 2656 2380 1938 1833 112 2515 2660 1061 1835 2500 985 2407 2652 2381 2537 1303 2026 1523 1288 2396 1789 2797 1780 2522 1402 1408 2599 660 1367 2636 1158 1531 2085 2495 2627 1689 2496 1667
1942 1462 1784 550 1261 1018 97 2328 0 1483 152 1390 515 1659 46 286 1053 1164 2417 203 49 1668 1216 189 2050 286 67 308 225 1384 1140 1509 1937 275 937 1508 1161 210 1962 1968 110 2024 1449 51 1807 1516 1199 183 42 1020 184 998
532 50 463 1173 1395 749 1478 915 1483 0 1411 328 1033 247 1500 1225 783 678 1004 1359 1504 255 730 1345 640 1252 1497 1226 1382 147 870 763 527 1241 634 1642 675 1366 642 647 1444 612 212 1481 398 771 929 1340 1472 534 1341 511
1869 1390 1711 478 1189 946 220 2255 152 1411 0 1318 442 1587 169 214 980 1092 2344 131 172 1596 1144 116 1978 213 165 235 153 1312 1068 1436 1865 202 865 1435 1089 138 1890 1896 215 1952 1377 149 1735 1444 1127 111 140 948 112 925
789 307 720 1080 1302 656 1385 1172 1390 328 1318 0 940 504 1407 1132 690 585 1261 1266 1411 512 637 1252 897 1159 1404 1133 1289 229 778 929 784 1148 541 1549 582 1274 899 904 1351 869 293 1388 655 937 836 1247 1379 441 1248 418
1492 1012 1334 204 811 568 510 1878 515 1033 442 940 0 1210 532 256 603 714 1967 391 536 1218 766 376 1600 283 528 257 413 934 690 1059 1487 272 487 1058 711 398 1512 1518 475 1574 999 512 1357 1066 749 371 503 570 372 548
358 226 289 1349 1571 925 1655 741 1659 247 1587 504 1210 0 1676 1401 959 854 830 1535 1680 81 900 1521 466 1428 1673 1402 1558 323 1047 589 353 1417 810 1818 845 1543 468 473 1620 438 388 1657 224 597 1105 1516 1648 710 1517 687
1959 1479 1801 567 1278 1035 114 2345 46 1500 169 1407 532 1676 0 303 1070 1181 2434 220 66 1685 1233 206 2067 303 84 324 242 1401 1157 1526 1954 292 954 1525 1178 227 1979 1985 127 2041 1466 68 1824 1533 1216 200 59 1037 201 1015
1683 1204 1525 292 1003 760 281 2069 286 1225 214 1132 256 1401 303 0 794 906 2158 162 307 1409 958 148 1792 55 300 49 185 1126 882 1250 1678 44 679 1249 903 169 1704 1709 247 1766 1191 284 1549 1258 941 143 275 762 143 739
1241 762 1083 742 964 107 1048 1627 1053 783 980 690 603 959 1070 794 0 464 1716 929 1074 968 516 914 1350 821 1066 795 951 684 229 808 1237 810 237 1211 461 936 1262 1268 1013 1324 749 1050 1107 816 288 909 1041 320 910 297
865 657 707 854 1076 429 1159 1522 1164 678 1092 585 714 854 1181 906 464 0 1611 1040 1185 862 139 1026 974 932 1178 907 1062 579 551 432 860 921 314 1322 84 1047 886 891 1125 1219 643 1162 730 439 610 1020 1152 215 1021 192
1193 1106 1124 2229 2451 1805 2534 242 2539 1127 2467 1384 2089 953 2556 2281 1839 1734 0 2415 2560 961 1735 2401 886 2308 2553 2282 2438 1203 1926 1424 1188 2297 1690 2698 1680 2422 1303 1308 2500 561 1268 2537 1059 1432 1985 2396 2528 1590 2397 1567
1817 1338 1660 426 1137 894 198 2203 203 1359 131 1266 391 1535 220 162 929 1040 2293 0 224 1544 1092 65 1926 161 216 183 101 1260 1016 1385 1813 150 813 1384 1037 86 1838 1844 163 1900 1325 200 1683 1392 1075 59 191 896 60 874
1962 1483 1804 571 1282 1039 96 2348 49 1504 172 1411 536 1680 66 307 1074 1185 2438 224 0 1689 1237 210 2071 306 88 328 246 1405 1161 1530 1958 295 958 1529 1182 231 1983 1989 109 2045 1470 72 1828 1537 1220 204 63 1041 205 1018
366 234 298 1357 1580 933 1663 749 1668 255 1596 512 1218 81 1685 1409 968 862 839 1544 1689 0 909 1530 474 1436 1681 1411 1566 332 1055 597 362 1425 818 1826 854 1551 476 482 1629 446 396 1665 232 605 1114 1524 1656 719 1525 696
864 709 706 906 1128 481 1211 1524 1216 730 1144 637 766 900 1233 958 516 139 1613 1092 1237 909 0 1078 973 985 1230 959 1115 631 603 431 860 974 367 1374 84 1099 885 891 1177 1220 696 1214 730 439 662 1072 1204 267 1073 244
1803 1324 1645 412 1123 880 184 2189 189 1345 116 1252 376 1521 206 148 914 1026 2278 65 210 1530 1078 0 1912 147 202 169 87 1246 1002 1370 1799 136 799 1370 1023 72 1824 1830 149 1886 1311 186 1669 1378 1061 45 177 882 46 859
431 619 362 1740 1962 1316 2045 674 2050 640 1978 897 1600 466 2067 1792 1350 974 763 1926 2071 474 973 1912 0 1819 2064 1793 1949 716 1438 662 426 1808 1201 2209 918 1934 541 546 2011 371 781 2048 296 669 1496 1907 2039 1101 1908 1078
1710 1231 1552 319 1030 787 281 2096 286 1252 213 1159 283 1428 303 55 821 932 2185 161 306 1436 985 147 1819 0 299 76 184 1153 909 1277 1705 43 705 1276 929 169 1731 1736 246 1792 1217 283 1576 1285 967 142 274 789 143 766
1955 1476 1797 564 1275 1032 136 2341 67 1497 165 1404 528 1673 84 300 1066 1178 2430 216 88 1681 1230 202 2064 299 0 321 239 1398 1154 1522 1950 288 951 1521 1175 224 1976 1981 149 2038 1463 65 1821 1530 1212 197 56 1034 198 1011
1684 1205 1526 293 1004 761 303 2070 308 1226 235 1133 257 1402 324 49 795 907 2159 183 328 1411 959 169 1793 76 321 0 206 1127 883 1251 1680 65 680 1250 904 191 1705 1711 268 1767 1192 305 1550 1259 942 164 296 763 165 740
1840 1361 1682 449 1160 917 220 2226 225 1382 153 1289 413 1558 242 185 951 1062 2315 101 246 1566 1115 87 1949 184 239 206 0 1283 1039 1407 1835 173 836 1406 1059 109 1861 1866 186 1923 1347 223 1706 1415 1097 82 214 919 83 896
608 126 540 1074 1296 650 1380 991 1384 147 1312 229 934 323 1401 1126 684 579 1081 1260 1405 332 631 1246 716 1153 1398 1127 1283 0 772 839 604 1142 535 1543 576 1268 718 724 1345 688 113 1382 474 847 830 1241 1373 435 1242 412
1329 849 1171 830 1052 194 1135 1715 1140 870 1068 778 690 1047 1157 882 229 551 1804 1016 1161 1055 603 1002 1438 909 1154 883 1039 772 0 896 1324 898 324 1298 548 1023 1350 1355 1101 1411 836 1138 1194 903 102 996 1128 407 997 385
553 742 395 1198 1420 774 1504 1212 1509 763 1436 929 1059 589 1526 1250 808 432 1301 1385 1530 597 431 1370 662 1277 1522 1251 1407 839 896 0 548 1266 659 1667 376 1392 574 579 1469 909 904 1506 419 128 955 1365 1497 559 1366 537
65 506 248 1626 1849 1202 1932 977 1937 527 1865 784 1487 353 1954 1678 1237 860 1066 1813 1958 362 860 1799 426 1705 1950 1680 1835 604 1324 548 0 1694 1087 2095 804 1820 427 433 1897 673 668 1934 183 556 1383 1793 1925 988 1794 965
1699 1220 1541 308 1019 776 270 2085 275 1241 202 1148 272 1417 292 44 810 921 2174 150 295 1425 974 136 1808 43 288 65 173 1142 898 1266 1694 0 695 1265 918 158 1720 1725 235 1782 1206 272 1565 1274 956 131 263 778 132 755
1092 613 934 627 849 202 932 1478 937 634 865 541 487 810 954 679 237 314 1567 813 958 818 367 799 1201 705 951 680 836 535 324 659 1087 695 0 1095 311 820 1113 1118 898 1175 599 935 958 667 383 793 925 171 794 148
2100 1621 1942 1197 343 1177 1503 2486 1508 1642 1435 1549 1058 1818 1525 1249 1211 1322 2575 1384 1529 1826 1374 1370 2209 1276 1521 1250 1406 1543 1298 1667 2095 1265 1095 0 1319 1391 2121 2126 1468 2182 1607 1505 1966 1675 1357 1364 1496 1179 1365 1156
809 654 651 851 1073 426 1156 1469 1161 675 1089 582 711 845 1178 903 461 84 1558 1037 1182 854 84 1023 918 929 1175 904 1059 576 548 376 804 918 311 1319 0 1044 830 835 1122 1165 640 1159 675 384 607 1017 1149 212 1018 189
1825 1345 1667 433 1144 901 205 2211 210 1366 138 1274 398 1543 227 169 936 1047 2300 86 231 1551 1099 72 1934 169 224 191 109 1268 1023 1392 1820 158 820 1391 1044 0 1846 1851 171 1907 1332 208 1690 1399 1082 66 198 903 67 881
432 621 274 1652 1874 1228 1957 1091 1962 642 1890 899 1512 468 1979 1704 1262 886 1180 1838 1983 476 885 1824 541 1731 1976 1705 1861 718 1350 574 427 1720 1113 2121 830 1846 0 211 1923 788 783 1960 297 581 1408 1819 1951 1013 1820 990
437 626 279 1657 1880 1233 1963 1097 1968 647 1896 904 1518 473 1985 1709 1268 891 1186 1844 1989 482 891 1830 546 1736 1981 1711 1866 724 1355 579 433 1725 1118 2126 835 1851 211 0 1928 793 788 1965 303 587 1414 1824 1956 1018 1825 996
1902 1423 1744 511 1222 979 59 2288 110 1444 215 1351 475 1620 127 247 1013 1125 2377 163 109 1629 1177 149 2011 246 149 268 186 1345 1101 1469 1897 235 898 1468 1122 171 1923 1928 0 1985 1410 133 1768 1477 1160 144 123 981 145 958
678 590 609 1714 1936 1289 2019 349 2024 612 1952 869 1574 438 2041 1766 1324 1219 438 1900 2045 446 1220 1886 371 1792 2038 1767 1923 688 1411 909 673 1782 1175 2182 1165 1907 788 793 1985 0 753 2022 544 917 1470 1880 2012 1075 1881 1052
673 191 604 1139 1361 714 1444 1056 1449 212 1377 293 999 388 1466 1191 749 643 1145 1325 1470 396 696 1311 781 1217 1463 1192 1347 113 836 904 668 1206 599 1607 640 1332 783 788 1410 753 0 1447 539 912 895 1305 1437 500 1306 477
1939 1460 1781 548 1259 1016 120 2325 51 1481 149 1388 512 1657 68 284 1050 1162 2414 200 72 1665 1214 186 2048 283 65 305 223 1382 1138 1506 1934 272 935 1505 1159 208 1960 1965 133 2022 1447 0 1805 1514 1197 181 40 1018 182 995
188 377 119 1497 1719 1072 1802 847 1807 398 1735 655 1357 224 1824 1549 1107 730 936 1683 1828 232 730 1669 296 1576 1821 1550 1706 474 1194 419 183 1565 958 1966 675 1690 297 303 1768 544 539 1805 0 426 1253 1663 1795 858 1664 835
560 750 403 1206 1428 782 1511 1220 1516 771 1444 937 1066 597 1533 1258 816 439 1309 1392 1537 605 439 1378 669 1285 1530 1259 1415 847 903 128 556 1274 667 1675 384 1399 581 587 1477 917 912 1514 426 0 962 1373 1505 567 1374 544
1387 908 1230 888 1111 253 1194 1773 1199 929 1127 836 749 1105 1216 941 288 610 1863 1075 1220 1114 662 1061 1496 967 1212 942 1097 830 102 955 1383 956 383 1357 607 1082 1408 1414 1160 1470 895 1197 1253 962 0 1055 1187 466 1056 444
1798 1319 1640 406 1117 875 178 2184 183 1340 111 1247 371 1516 200 143 909 1020 2273 59 204 1524 1072 45 1907 142 197 164 82 1241 996 1365 1793 131 793 1364 1017 66 1819 1824 144 1880 1305 181 1663 1373 1055 0 172 877 41 854
1930 1451 1772 538 1249 1007 111 2316 42 1472 140 1379 503 1648 59 275 1041 1152 2405 191 63 1656 1204 177 2039 274 56 296 214 1373 1128 1497 1925 263 925 1496 1149 198 1951 1956 123 2012 1437 40 1795 1505 1187 172 0 1009 173 986
992 513 834 710 932 286 1015 1378 1020 534 948 441 570 710 1037 762 320 215 1467 896 1041 719 267 882 1101 789 1034 763 919 435 407 559 988 778 171 1179 212 903 1013 1018 981 1075 500 1018 858 567 466 877 1009 0 878 48
1799 1320 1641 407 1118 876 179 2185 184 1341 112 1248 372 1517 201 143 910 1021 2274 60 205 1525 1073 46 1908 143 198 165 83 1242 997 1366 1794 132 794 1365 1018 67 1820 1825 145 1881 1306 182 1664 1374 1056 41 173 878 0 855
969 490 812 687 909 263 993 1356 998 511 925 418 548 687 1015 739 297 192 1445 874 1018 696 244 859 1078 766 1011 740 896 412 385 537 965 755 148 1156 189 881 990 996 958 1052 477 995 835 544 444 854 986 48 855 0
EOF
