NAME : tsp_problem
TYPE : TSP
DIMENSION : 57
EDGE_WEIGHT_TYPE : EXPLICIT
EDGE_WEIGHT_FORMAT : FULL_MATRIX
EDGE_WEIGHT_SECTION
0 839 921 1085 74 938 210 902 960 1314 927 1338 919 1194 807 1178 608 936 1509 766 214 1467 250 1200 743 1183 940 1024 1328 1384 1081 137 911 900 822 879 1192 1175 1379 929 1130 155 825 925 553 125 581 791 335 1677 1091 911 1358 1190 1053 1156 1159
839 0 1174 1337 810 787 947 1155 810 1567 776 1591 769 1447 1060 1028 861 1189 997 616 678 1720 971 1049 230 1033 1193 874 816 1637 569 874 760 1153 1075 1132 1041 1024 1632 779 980 891 1078 1178 806 846 834 641 588 1165 940 761 1611 1040 902 1005 1008
921 1174 0 277 892 1273 1029 270 1295 506 1262 622 1254 478 349 1513 727 794 1844 1101 760 661 1053 1535 1078 1518 799 1359 1663 669 1416 956 1246 92 364 71 1527 1510 663 1264 1465 973 193 784 671 928 699 1126 636 2012 1426 1246 553 1525 1388 1491 1494
1085 1337 277 0 1056 1436 1192 433 1459 320 1425 435 1418 292 512 1677 884 608 2007 1265 924 474 1216 1698 1241 1681 612 1523 1826 482 1580 1119 1409 255 527 234 1690 1673 476 1428 1629 1137 356 597 835 1092 862 1290 800 2176 1589 1409 366 1689 1551 1654 1657
74 810 892 1056 0 909 181 873 932 1285 898 1309 891 1166 778 1150 579 907 1480 737 185 1438 221 1171 714 1154 911 995 1299 1356 1052 108 882 871 793 850 1163 1146 1350 900 1101 126 796 896 524 96 552 762 306 1649 1062 882 1329 1162 1024 1127 1130
938 787 1273 1436 909 0 1045 1254 124 1665 42 1689 35 1546 1158 294 960 1287 1457 225 777 1818 1069 315 690 299 1292 140 1276 1736 1029 972 74 1251 1173 1230 307 291 1730 92 246 990 1177 1277 904 945 932 250 686 1625 206 54 1709 306 168 271 274
210 947 1029 1192 181 1045 0 1010 1068 1422 1035 1445 1027 1302 915 1286 716 1043 1617 874 322 1575 358 1307 850 1291 1048 1132 1436 1492 1189 102 1019 1008 929 987 1299 1283 1487 1037 1238 120 933 1033 661 233 688 899 443 1785 1198 1019 1466 1298 1160 1264 1266
902 1155 270 433 873 1254 1010 0 1277 663 1243 778 1235 635 330 1495 708 951 1825 1082 741 818 1034 1516 1059 1499 956 1340 1644 825 1397 937 1227 249 345 228 1508 1491 820 1245 1446 955 174 941 653 909 680 1107 617 1994 1407 1227 710 1507 1369 1472 1475
960 810 1295 1459 932 124 1068 1277 0 1688 113 1712 105 1569 1181 364 982 1310 1480 248 799 1841 1092 386 713 369 1314 210 1299 1759 1052 995 97 1274 1196 1253 378 361 1753 115 316 1013 1199 1300 927 967 955 273 709 1648 277 97 1732 376 239 342 345
1314 1567 506 320 1285 1665 1422 663 1688 0 1655 620 1647 477 742 1906 1069 793 2237 1494 1153 244 1446 1928 1471 1911 797 1752 2056 667 1809 1349 1639 485 757 464 1919 1903 661 1657 1858 1366 586 782 1064 1321 1092 1519 1029 2405 1819 1639 551 1918 1781 1884 1887
927 776 1262 1425 898 42 1035 1243 113 1655 0 1679 24 1535 1148 283 949 1276 1446 215 766 1808 1059 305 680 288 1281 129 1265 1725 1019 962 64 1241 1162 1220 297 280 1720 82 235 979 1166 1266 894 934 921 240 676 1615 196 44 1699 295 158 261 264
1338 1591 622 435 1309 1689 1445 778 1712 620 1679 0 1671 227 858 1930 819 543 2261 1518 1177 499 1470 1951 1494 1935 547 1776 2080 170 1833 1372 1663 601 872 580 1943 1927 164 1681 1882 1390 701 533 817 1345 844 1543 1053 2429 1842 1663 391 1942 1804 1908 1910
919 769 1254 1418 891 35 1027 1235 105 1647 24 1671 0 1528 1140 276 941 1269 1439 207 758 1800 1051 297 672 280 1273 122 1258 1718 1011 954 56 1233 1155 1212 289 272 1712 74 228 972 1158 1258 886 926 914 232 668 1607 188 36 1691 288 150 253 256
1194 1447 478 292 1166 1546 1302 635 1569 477 1535 227 1528 0 714 1787 676 399 2117 1374 1033 356 1326 1808 1351 1791 404 1632 1936 274 1689 1229 1519 457 729 436 1800 1783 268 1537 1738 1247 558 389 673 1201 701 1400 910 2286 1699 1519 247 1799 1661 1764 1767
807 1060 349 512 778 1158 915 330 1181 742 1148 858 1140 714 0 1399 612 940 1730 987 646 897 939 1421 963 1404 944 1245 1549 904 1302 842 1132 328 250 307 1412 1396 899 1150 1351 859 253 929 557 814 585 1012 522 1898 1312 1132 789 1411 1274 1377 1380
1178 1028 1513 1677 1150 294 1286 1495 364 1906 283 1930 276 1787 1399 0 1200 1528 1698 466 1017 2059 1310 93 931 76 1532 190 1517 1977 1270 1213 315 1492 1414 1471 85 141 1971 333 144 1231 1417 1517 1145 1185 1173 491 927 1866 154 295 1950 83 219 170 145
608 861 727 884 579 960 716 708 982 1069 949 819 941 676 612 1200 0 417 1531 788 447 949 740 1222 765 1205 422 1046 1350 866 1103 643 933 705 627 684 1214 1197 861 951 1152 660 631 407 87 615 115 813 323 1699 1113 933 840 1212 1075 1178 1181
936 1189 794 608 907 1287 1043 951 1310 793 1276 543 1269 399 940 1528 417 0 1858 1116 775 672 1067 1549 1092 1532 145 1374 1677 589 1431 970 1260 773 954 752 1541 1524 584 1279 1480 988 874 130 414 943 442 1141 651 2027 1440 1260 563 1540 1402 1505 1508
1509 997 1844 2007 1480 1457 1617 1825 1480 2237 1446 2261 1439 2117 1730 1698 1531 1858 0 1286 1348 2390 1641 1719 900 1702 1863 1544 235 2307 524 1544 1430 1823 1745 1802 1711 1694 2302 1449 1650 1561 1748 1848 1476 1516 1504 1311 1258 585 1610 1430 2281 1710 1572 1675 1678
766 616 1101 1265 737 225 874 1082 248 1494 215 1518 207 1374 987 466 788 1116 1286 0 605 1647 898 487 519 471 1120 312 1104 1565 858 801 199 1080 1002 1059 479 463 1559 217 418 819 1005 1105 733 773 761 79 515 1454 378 199 1538 478 340 444 447
214 678 760 924 185 777 322 741 799 1153 766 1177 758 1033 646 1017 447 775 1348 605 0 1306 346 1039 582 1022 779 863 1167 1223 920 249 750 739 661 718 1031 1014 1218 768 969 266 664 764 392 221 420 630 174 1516 930 750 1197 1029 892 995 998
1467 1720 661 474 1438 1818 1575 818 1841 244 1808 499 1800 356 897 2059 949 672 2390 1647 1306 0 1599 2081 1623 2064 677 1905 2209 546 1962 1502 1792 640 911 619 2072 2056 541 1810 2011 1519 740 662 946 1474 974 1672 1182 2558 1972 1792 431 2071 1934 2037 2040
124 845 927 1090 95 943 231 908 966 1320 933 1343 925 1200 813 1184 614 941 1515 772 220 1473 0 1205 748 1189 946 1030 1334 1390 1087 158 917 906 827 885 1197 1181 1385 935 1136 176 831 931 559 131 586 797 341 1683 1096 917 1364 1196 1058 1162 1164
1200 1049 1535 1698 1171 315 1307 1516 386 1928 305 1951 297 1808 1421 93 1222 1549 1719 487 1039 2081 1332 0 953 97 1554 212 1538 1998 1291 1234 336 1513 1435 1492 81 115 1993 355 118 1252 1439 1539 1167 1207 1194 513 949 1887 175 316 1972 57 240 144 119
743 230 1078 1241 714 690 850 1059 713 1471 680 1494 672 1351 963 931 765 1092 900 519 582 1623 875 953 0 936 1097 777 719 1541 472 777 664 1056 978 1035 944 928 1535 682 883 795 982 1082 709 750 737 544 492 1068 844 664 1515 943 806 909 912
1183 1033 1518 1681 1154 299 1291 1499 369 1911 288 1935 280 1791 1404 76 1205 1532 1702 471 1022 2064 1315 97 936 0 1537 195 1521 1981 1275 1218 320 1497 1419 1476 89 146 1976 338 149 1235 1422 1522 1150 1190 1178 496 932 1871 159 300 1955 88 224 174 149
940 1193 799 612 911 1292 1048 956 1314 797 1281 547 1273 404 944 1532 422 145 1863 1120 779 677 1072 1554 1097 1537 0 1378 1682 594 1435 975 1265 778 959 757 1546 1529 589 1283 1484 992 879 135 419 947 447 1145 655 2031 1445 1265 568 1544 1407 1510 1513
1024 874 1359 1523 995 140 1132 1340 210 1752 129 1776 122 1632 1245 190 1046 1374 1544 312 863 1905 1156 212 777 195 1378 0 1362 1822 1116 1059 161 1338 1260 1317 204 187 1817 179 142 1077 1263 1363 991 1031 1019 337 773 1712 103 141 1796 203 65 168 171
1328 816 1663 1826 1299 1276 1436 1644 1299 2056 1265 2080 1258 1936 1549 1517 1350 1677 235 1104 1167 2209 1460 1538 719 1521 1682 1362 0 2126 343 1363 1249 1642 1563 1621 1530 1513 2121 1267 1468 1380 1567 1667 1295 1335 1322 1130 1077 403 1429 1249 2100 1529 1391 1494 1497
1384 1637 669 482 1356 1736 1492 825 1759 667 1725 170 1718 274 904 1977 866 589 2307 1565 1223 546 1516 1998 1541 1981 594 1822 2126 0 1880 1419 1709 647 919 626 1990 1973 211 1727 1928 1437 748 579 863 1391 891 1590 1100 2476 1889 1709 437 1989 1851 1954 1957
1081 569 1416 1580 1052 1029 1189 1397 1052 1809 1019 1833 1011 1689 1302 1270 1103 1431 524 858 920 1962 1213 1291 472 1275 1435 1116 343 1880 0 1116 1003 1395 1317 1374 1283 1267 1874 1021 1222 1134 1320 1420 1048 1088 1076 883 830 692 1182 1003 1853 1282 1144 1248 1250
137 874 956 1119 108 972 102 937 995 1349 962 1372 954 1229 842 1213 643 970 1544 801 249 1502 285 1234 777 1218 975 1059 1363 1419 1116 0 946 935 856 914 1226 1210 1414 964 1165 47 860 960 588 160 615 826 370 1712 1125 946 1393 1225 1087 1191 1193
911 760 1246 1409 882 74 1019 1227 97 1639 64 1663 56 1519 1132 315 933 1260 1430 199 750 1792 1043 336 664 320 1265 161 1249 1709 1003 946 0 1225 1146 1204 328 312 1704 66 267 963 1150 1250 878 918 905 224 660 1599 227 48 1683 327 189 293 295
900 1153 92 255 871 1251 1008 249 1274 485 1241 601 1233 457 328 1492 705 773 1823 1080 739 640 1032 1513 1056 1497 778 1338 1642 647 1395 935 1225 0 342 50 1505 1489 642 1243 1444 952 171 763 650 907 678 1105 615 1991 1404 1225 532 1504 1366 1470 1472
822 1075 364 527 793 1173 929 345 1196 757 1162 872 1155 729 250 1414 627 954 1745 1002 661 911 954 1435 978 1419 959 1260 1563 919 1317 856 1146 342 0 321 1427 1411 914 1165 1366 874 268 944 572 829 600 1027 537 1913 1326 1147 804 1426 1288 1391 1394
879 1132 71 234 850 1230 987 228 1253 464 1220 580 1212 436 307 1471 684 752 1802 1059 718 619 1011 1492 1035 1476 757 1317 1621 626 1374 914 1204 50 321 0 1484 1468 621 1222 1423 931 150 742 629 886 657 1084 594 1970 1383 1204 511 1483 1345 1449 1451
1192 1041 1527 1690 1163 307 1299 1508 378 1919 297 1943 289 1800 1412 85 1214 1541 1711 479 1031 2072 1323 81 944 89 1546 204 1530 1990 1283 1226 328 1505 1427 1484 0 129 1984 346 132 1244 1431 1531 1158 1199 1186 504 940 1879 167 308 1963 71 232 157 133
1175 1024 1510 1673 1146 291 1283 1491 361 1903 280 1927 272 1783 1396 141 1197 1524 1694 463 1014 2056 1307 115 928 146 1529 187 1513 1973 1267 1210 312 1489 1411 1468 129 0 1968 330 70 1227 1414 1514 1142 1182 1169 488 924 1863 224 292 1947 106 216 95 70
1379 1632 663 476 1350 1730 1487 820 1753 661 1720 164 1712 268 899 1971 861 584 2302 1559 1218 541 1511 1993 1535 1976 589 1817 2121 211 1874 1414 1704 642 914 621 1984 1968 0 1722 1923 1431 743 574 858 1386 886 1584 1094 2470 1884 1704 432 1983 1846 1949 1952
929 779 1264 1428 900 92 1037 1245 115 1657 82 1681 74 1537 1150 333 951 1279 1449 217 768 1810 1061 355 682 338 1283 179 1267 1727 1021 964 66 1243 1165 1222 346 330 1722 0 285 982 1168 1268 896 936 924 242 678 1617 246 66 1701 345 208 311 314
1130 980 1465 1629 1101 246 1238 1446 316 1858 235 1882 228 1738 1351 144 1152 1480 1650 418 969 2011 1262 118 883 149 1484 142 1468 1928 1222 1165 267 1444 1366 1423 132 70 1923 285 0 1182 1369 1469 1097 1137 1125 443 879 1818 209 247 1902 109 171 51 53
155 891 973 1137 126 990 120 955 1013 1366 979 1390 972 1247 859 1231 660 988 1561 819 266 1519 302 1252 795 1235 992 1077 1380 1437 1134 47 963 952 874 931 1244 1227 1431 982 1182 0 877 978 605 177 633 844 387 1730 1143 963 1410 1243 1105 1208 1211
825 1078 193 356 796 1177 933 174 1199 586 1166 701 1158 558 253 1417 631 874 1748 1005 664 740 957 1439 982 1422 879 1263 1567 748 1320 860 1150 171 268 150 1431 1414 743 1168 1369 877 0 864 575 832 603 1030 540 1916 1330 1150 633 1430 1292 1395 1398
925 1178 784 597 896 1277 1033 941 1300 782 1266 533 1258 389 929 1517 407 130 1848 1105 764 662 1057 1539 1082 1522 135 1363 1667 579 1420 960 1250 763 944 742 1531 1514 574 1268 1469 978 864 0 404 932 432 1130 640 2017 1430 1250 553 1530 1392 1495 1498
553 806 671 835 524 904 661 653 927 1064 894 817 886 673 557 1145 87 414 1476 733 392 946 685 1167 709 1150 419 991 1295 863 1048 588 878 650 572 629 1158 1142 858 896 1097 605 575 404 0 560 60 758 268 1644 1058 878 837 1157 1020 1123 1126
125 846 928 1092 96 945 233 909 967 1321 934 1345 926 1201 814 1185 615 943 1516 773 221 1474 257 1207 750 1190 947 1031 1335 1391 1088 160 918 907 829 886 1199 1182 1386 936 1137 177 832 932 560 0 588 798 342 1684 1098 918 1365 1198 1060 1163 1166
581 834 699 862 552 932 688 680 955 1092 921 844 914 701 585 1173 115 442 1504 761 420 974 712 1194 737 1178 447 1019 1322 891 1076 615 905 678 600 657 1186 1169 886 924 1125 633 603 432 60 588 0 786 296 1672 1085 906 865 1185 1047 1150 1153
791 641 1126 1290 762 250 899 1107 273 1519 240 1543 232 1400 1012 491 813 1141 1311 79 630 1672 923 513 544 496 1145 337 1130 1590 883 826 224 1105 1027 1084 504 488 1584 242 443 844 1030 1130 758 798 786 0 540 1479 404 224 1563 503 366 469 472
335 588 636 800 306 686 443 617 709 1029 676 1053 668 910 522 927 323 651 1258 515 174 1182 467 949 492 932 655 773 1077 1100 830 370 660 615 537 594 940 924 1094 678 879 387 540 640 268 342 296 540 0 1426 840 660 1073 939 802 905 908
1677 1165 2012 2176 1649 1625 1785 1994 1648 2405 1615 2429 1607 2286 1898 1866 1699 2027 585 1454 1516 2558 1809 1887 1068 1871 2031 1712 403 2476 692 1712 1599 1991 1913 1970 1879 1863 2470 1617 1818 1730 1916 2017 1644 1684 1672 1479 1426 0 1778 1599 2449 1878 1740 1844 1846
1091 940 1426 1589 1062 206 1198 1407 277 1819 196 1842 188 1699 1312 154 1113 1440 1610 378 930 1972 1223 175 844 159 1445 103 1429 1889 1182 1125 227 1404 1326 1383 167 224 1884 246 209 1143 1330 1430 1058 1098 1085 404 840 1778 0 207 1863 166 131 235 227
911 761 1246 1409 882 54 1019 1227 97 1639 44 1663 36 1519 1132 295 933 1260 1430 199 750 1792 1043 316 664 300 1265 141 1249 1709 1003 946 48 1225 1147 1204 308 292 1704 66 247 963 1150 1250 878 918 906 224 660 1599 207 0 1683 307 169 273 275
1358 1611 553 366 1329 1709 1466 710 1732 551 1699 391 1691 247 789 1950 840 563 2281 1538 1197 431 1490 1972 1515 1955 568 1796 2100 437 1853 1393 1683 532 804 511 1963 1947 432 1701 1902 1410 633 553 837 1365 865 1563 1073 2449 1863 1683 0 1962 1825 1928 1931
1190 1040 1525 1689 1162 306 1298 1507 376 1918 295 1942 288 1799 1411 83 1212 1540 1710 478 1029 2071 1322 57 943 88 1544 203 1529 1989 1282 1225 327 1504 1426 1483 71 106 1983 345 109 1243 1430 1530 1157 1198 1185 503 939 1878 166 307 1962 0 231 134 109
1053 902 1388 1551 1024 168 1160 1369 239 1781 158 1804 150 1661 1274 219 1075 1402 1572 340 892 1934 1185 240 806 224 1407 65 1391 1851 1144 1087 189 1366 1288 1345 232 216 1846 208 171 1105 1292 1392 1020 1060 1047 366 802 1740 131 169 1825 231 0 197 199
1156 1005 1491 1654 1127 271 1264 1472 342 1884 261 1908 253 1764 1377 170 1178 1505 1675 444 995 2037 1288 144 909 174 1510 168 1494 1954 1248 1191 293 1470 1391 1449 157 95 1949 311 51 1208 1395 1495 1123 1163 1150 469 905 1844 235 273 1928 134 197 0 79
1159 1008 1494 1657 1130 274 1266 1475 345 1887 264 1910 256 1767 1380 145 1181 1508 1678 447 998 2040 1291 119 912 149 1513 171 1497 1957 1250 1193 295 1472 1394 1451 133 70 1952 314 53 1211 1398 1498 1126 1166 1153 472 908 1846 227 275 1931 109 199 79 0
EOF
