NAME : tsp_problem
TYPE : TSP
DIMENSION : 50
EDGE_WEIGHT_TYPE : EXPLICIT
EDGE_WEIGHT_FORMAT : FULL_MATRIX
EDGE_WEIGHT_SECTION
0 1582 791 1357 1533 1148 942 1071 1990 1575 396 487 427 1613 327 1474 523 447 235 1667 550 1702 1445 1589 965 1281 673 1629 1740 1266 137 997 1642 965 1577 451 364 811 186 1508 475 1001 849 573 1310 344 298 1265 1574 1419
1582 0 983 267 91 1123 917 1016 1562 1146 1273 1367 1267 59 1301 137 1375 1303 1562 167 1323 142 172 138 2231 323 1939 794 1312 1008 1675 972 191 940 25 1281 1492 1002 1725 97 1741 976 1041 1039 319 1554 1487 837 37 209
791 983 0 758 934 549 344 472 1392 976 482 459 476 1014 510 875 467 513 772 1068 415 1103 846 991 1323 682 1031 1030 1142 667 860 399 1043 366 979 491 584 212 820 909 833 402 250 249 712 646 697 666 975 820
1357 267 758 0 218 897 692 791 1337 921 1048 1142 1042 298 1076 159 1150 1078 1337 352 1097 387 130 275 2006 138 1714 569 1087 783 1450 747 327 715 263 1056 1267 777 1500 193 1516 751 816 814 168 1329 1262 611 259 107
1533 91 934 218 0 1074 869 967 1513 1097 1224 1318 1218 123 1252 98 1327 1254 1513 177 1274 211 133 99 2182 274 1890 746 1263 959 1627 924 152 892 87 1233 1443 954 1676 58 1692 928 992 990 271 1505 1439 788 83 160
1148 1123 549 897 1074 0 245 144 1531 1115 839 933 833 1154 867 1015 941 869 1128 1208 888 1242 986 1130 1797 822 1505 702 1281 339 1241 178 1183 226 1118 847 1058 568 1291 1049 1307 190 607 605 851 1120 1053 806 1115 960
942 917 344 692 869 245 0 168 1326 910 634 728 628 949 662 810 736 664 923 1003 683 1037 781 925 1592 617 1300 726 1076 363 1036 122 978 90 913 642 853 363 1086 844 1102 126 402 400 646 915 848 601 910 755
1071 1017 472 792 968 144 168 0 1455 1039 762 857 756 1048 790 909 865 793 1052 1102 812 1137 880 1025 1721 716 1428 592 1205 229 1165 101 1077 150 1013 771 982 492 1215 943 1230 113 530 529 746 1043 977 730 1009 854
1990 1562 1392 1337 1513 1531 1326 1455 0 468 1682 1776 1676 1593 1710 1455 1784 1712 1971 1647 1731 1682 1425 1570 2640 1261 2348 1692 482 1650 2084 1381 1622 1349 1558 1690 1901 1411 2134 1489 2150 1385 1450 1448 1291 1963 1896 845 1554 1400
1575 1146 976 921 1097 1115 910 1039 468 0 1266 1360 1260 1177 1294 1039 1368 1296 1555 1231 1316 1266 1009 1154 2224 845 1932 1276 591 1234 1668 965 1206 933 1142 1274 1485 995 1718 1073 1734 969 1034 1032 875 1547 1480 430 1138 984
396 1273 482 1048 1224 839 634 762 1682 1266 0 840 361 1304 261 1166 875 381 377 1358 822 1393 1136 1281 1319 972 1027 1320 1432 957 490 689 1333 656 1269 385 717 502 540 1199 829 693 540 264 1002 698 302 956 1265 1111
487 1367 459 1142 1318 933 728 857 1776 1360 840 0 861 1398 771 1260 62 892 524 1452 88 1487 1230 1375 889 1066 597 1414 1526 1051 426 783 1427 751 1363 875 160 428 386 1294 399 787 462 633 1096 221 587 1051 1359 1205
427 1267 476 1042 1218 833 628 756 1676 1260 361 861 0 1298 292 1159 869 412 408 1352 816 1387 1130 1275 1350 966 1058 1314 1426 951 521 683 1327 650 1263 416 748 496 571 1193 860 686 534 258 996 729 333 950 1259 1104
1613 59 1014 298 123 1154 949 1047 1593 1177 1304 1398 1298 0 1332 169 1407 1335 1594 137 1354 112 203 170 2263 354 1970 826 1343 1039 1707 1004 164 972 56 1313 1524 1034 1757 129 1772 1008 1072 1071 351 1585 1519 868 69 240
327 1301 510 1076 1252 867 662 790 1710 1294 261 771 292 1332 0 1193 808 312 307 1386 834 1421 1164 1309 1250 1000 957 1348 1460 985 421 717 1361 684 1297 315 648 530 470 1227 760 720 568 292 1030 629 232 984 1293 1138
1474 137 875 159 98 1015 810 909 1455 1039 1166 1260 1159 169 1193 0 1268 1196 1455 223 1215 257 77 145 2124 215 1832 687 1204 900 1568 865 198 833 133 1174 1385 895 1618 104 1634 869 933 932 212 1446 1380 729 130 101
523 1375 467 1150 1327 941 736 865 1784 1368 875 62 869 1407 808 1268 0 905 561 1461 115 1495 1239 1383 926 1075 634 1423 1534 1059 463 791 1436 759 1371 884 187 437 423 1302 436 795 471 641 1104 248 624 1059 1368 1213
447 1303 513 1078 1254 869 664 793 1712 1296 381 892 412 1335 312 1196 905 0 428 1389 852 1423 1166 1311 1370 1002 1078 1350 1462 987 541 719 1364 687 1299 436 768 532 591 1230 880 723 571 295 1032 749 353 987 1295 1141
235 1562 772 1337 1513 1128 923 1052 1971 1555 377 524 408 1594 307 1455 561 428 0 1648 587 1682 1425 1570 1003 1261 710 1609 1721 1246 174 978 1623 946 1558 431 401 791 223 1489 512 982 830 554 1291 382 335 1246 1554 1400
1667 167 1068 352 177 1208 1003 1101 1647 1231 1358 1452 1352 137 1386 223 1461 1389 1648 0 1408 65 258 150 2317 408 2024 880 1397 1093 1761 1058 47 1026 173 1367 1578 1088 1811 183 1826 1062 1126 1125 405 1639 1573 922 185 294
550 1323 415 1097 1274 888 683 812 1731 1316 822 88 816 1354 834 1215 115 852 587 1408 0 1443 1186 1330 952 1022 660 1370 1481 1007 489 738 1383 706 1318 831 213 384 449 1249 462 742 418 588 1051 275 650 1006 1315 1160
1702 142 1103 387 211 1242 1037 1136 1682 1266 1393 1487 1387 112 1421 257 1495 1423 1682 65 1443 0 292 184 2351 443 2059 914 1432 1128 1795 1092 81 1060 148 1401 1612 1122 1845 217 1861 1096 1161 1159 439 1674 1607 957 160 329
1445 172 846 130 133 986 781 879 1425 1009 1136 1230 1130 203 1164 77 1239 1166 1425 258 1186 292 0 180 2094 186 1802 657 1175 871 1539 836 232 803 168 1145 1355 865 1588 111 1604 839 904 902 182 1417 1351 700 164 72
1589 138 991 275 99 1130 925 1024 1570 1154 1281 1375 1275 170 1309 145 1383 1311 1570 150 1330 184 180 0 2239 331 1947 802 1320 1015 1683 980 125 948 134 1289 1500 1010 1733 105 1749 984 1049 1047 327 1562 1495 844 131 217
1268 2533 1626 2308 2485 2099 1894 2023 2942 2526 1621 1191 1653 2565 1552 2426 1228 1673 1305 2619 1255 2653 2397 2541 0 2233 636 2581 2692 2218 1207 1949 2594 1917 2529 1676 1068 1595 1167 2460 842 1953 1629 1798 2262 1049 1368 2217 2526 2371
1281 323 682 138 274 822 617 715 1261 845 972 1066 966 354 1000 215 1075 1002 1261 408 1022 443 186 331 1930 0 1638 493 1011 707 1375 672 383 639 319 981 1191 701 1424 249 1440 676 740 738 92 1253 1187 536 315 163
673 1939 1031 1714 1890 1505 1300 1428 2348 1932 1027 597 1058 1970 957 1832 634 1078 710 2024 660 2059 1802 1947 333 1638 0 1986 2098 1623 613 1355 1999 1322 1935 1081 474 1000 573 1865 248 1359 1034 1204 1668 455 773 1622 1931 1777
1628 794 1029 569 746 701 725 591 1692 1276 1319 1414 1313 826 1347 687 1422 1350 1609 880 1369 914 657 802 2278 493 1985 0 1442 583 1722 658 855 707 790 1328 1539 1049 1772 721 1787 670 1087 1086 523 1600 1534 966 786 632
1752 1323 1153 1098 1274 1293 1088 1216 482 591 1443 1537 1437 1355 1471 1216 1545 1473 1732 1409 1493 1443 1186 1331 2401 1022 2109 1453 0 1411 1845 1142 1384 1110 1319 1451 1662 1172 1895 1250 1911 1146 1211 1209 1052 1724 1657 968 1315 1161
1112 1022 514 797 974 185 210 75 1496 1080 804 898 797 1054 831 915 906 834 1093 1108 853 1142 886 1030 1762 722 1470 597 1246 0 1206 142 1083 191 1018 812 1023 533 1256 949 1272 155 571 570 751 1084 1018 771 1014 860
137 1675 860 1450 1627 1241 1036 1165 2084 1668 490 426 521 1707 421 1568 463 541 174 1761 489 1795 1539 1683 905 1375 613 1723 1834 1359 0 1091 1736 1059 1671 545 303 829 125 1602 415 1095 863 667 1404 284 237 1359 1667 1513
997 972 399 747 924 178 122 101 1381 965 689 783 683 1004 717 865 791 719 978 1058 738 1092 836 980 1647 672 1355 659 1131 296 1091 0 1033 145 968 697 908 418 1141 899 1157 147 456 455 701 969 903 656 964 810
1642 191 1043 327 152 1183 978 1076 1622 1206 1333 1427 1327 164 1361 198 1436 1364 1623 47 1383 81 232 125 2292 383 1999 855 1372 1068 1736 1033 0 1001 187 1342 1553 1063 1785 158 1801 1037 1101 1099 380 1614 1548 897 183 269
965 940 366 715 892 226 90 150 1349 933 656 751 650 972 684 833 759 687 946 1026 706 1060 803 948 1615 639 1322 707 1099 344 1059 145 1001 0 936 665 876 386 1109 867 1125 149 424 423 669 937 871 624 932 778
1577 25 979 263 87 1118 913 1012 1558 1142 1269 1363 1263 56 1297 133 1371 1299 1558 173 1318 148 168 134 2227 319 1935 790 1308 1003 1671 968 187 936 0 1277 1488 998 1721 93 1737 972 1037 1035 315 1550 1483 832 35 205
451 1281 491 1056 1233 847 642 771 1690 1274 385 875 416 1313 315 1174 884 436 431 1367 831 1401 1145 1289 1374 981 1081 1329 1440 965 545 697 1342 665 1277 0 772 510 594 1208 884 701 549 273 1010 753 357 965 1274 1119
364 1492 584 1267 1443 1058 853 982 1901 1485 717 160 748 1524 648 1385 187 768 401 1578 213 1612 1355 1500 766 1191 474 1539 1651 1176 303 908 1553 876 1488 772 0 553 263 1419 276 912 587 758 1221 100 464 1176 1484 1330
811 1002 212 777 954 568 363 492 1411 995 502 428 496 1034 530 895 437 532 791 1088 384 1122 865 1010 1292 701 1000 1049 1161 686 829 418 1063 386 998 510 553 0 789 929 802 422 270 268 731 615 716 686 994 840
186 1725 820 1500 1676 1291 1086 1215 2134 1718 540 386 571 1757 470 1618 423 591 223 1811 449 1845 1588 1733 865 1424 573 1772 1884 1409 125 1141 1785 1109 1721 594 263 789 0 1652 375 1145 823 717 1454 244 286 1409 1717 1563
1508 97 909 193 58 1049 844 943 1489 1073 1199 1294 1193 129 1227 104 1302 1230 1489 183 1249 217 111 105 2158 249 1865 721 1238 934 1602 899 158 867 93 1208 1419 929 1652 0 1668 903 967 966 246 1480 1414 763 89 135
475 1741 833 1516 1692 1307 1102 1230 2150 1734 829 399 860 1772 760 1634 436 880 512 1826 462 1861 1604 1749 540 1440 248 1788 1900 1425 415 1157 1801 1125 1737 884 276 802 375 1668 0 1161 836 1006 1470 257 575 1424 1733 1579
1001 976 402 751 928 190 126 113 1385 969 693 787 686 1008 720 869 795 723 982 1062 742 1096 839 984 1651 676 1359 671 1135 308 1095 147 1037 149 972 701 912 422 1145 903 1161 0 460 459 705 973 907 660 968 814
849 1041 250 816 992 607 402 530 1450 1034 540 462 534 1072 568 933 471 571 830 1126 418 1161 904 1049 1326 740 1034 1088 1200 725 863 456 1101 424 1037 549 587 270 823 967 836 460 0 307 770 649 755 724 1033 878
573 1039 249 814 990 605 400 529 1448 1032 264 633 258 1071 292 932 641 295 554 1125 588 1159 902 1047 1496 738 1204 1086 1198 723 667 455 1099 423 1035 273 758 268 717 966 1006 459 307 0 768 820 479 723 1031 877
1310 319 712 168 271 851 646 745 1291 875 1002 1096 996 351 1030 212 1104 1032 1291 405 1051 439 182 327 1960 92 1668 523 1041 737 1404 701 380 669 315 1010 1221 731 1454 246 1470 705 770 768 0 1283 1216 565 311 159
344 1554 646 1329 1505 1120 915 1043 1963 1547 698 221 729 1585 629 1446 248 749 382 1639 275 1674 1417 1562 747 1253 455 1601 1712 1238 284 969 1614 937 1550 753 100 615 244 1480 257 973 649 820 1283 0 445 1237 1546 1391
298 1487 697 1262 1439 1053 848 977 1896 1480 302 587 333 1519 232 1380 624 353 335 1573 650 1607 1351 1495 1066 1187 773 1535 1646 1171 237 903 1548 871 1483 357 464 716 286 1414 575 907 755 479 1216 445 0 1171 1479 1325
1265 837 666 611 788 806 601 730 845 430 956 1051 950 868 984 729 1059 987 1246 922 1006 957 700 844 1915 536 1622 966 968 924 1359 656 897 624 832 965 1176 686 1409 763 1424 660 724 723 565 1237 1171 0 829 674
1574 37 975 259 83 1115 910 1008 1554 1138 1265 1359 1259 69 1293 130 1368 1295 1554 185 1315 160 164 131 2223 315 1931 786 1304 1000 1667 964 183 932 35 1274 1484 994 1717 89 1733 968 1033 1031 311 1546 1479 829 0 201
1419 209 820 107 160 960 755 854 1400 984 1111 1205 1104 240 1138 101 1213 1141 1400 294 1160 329 72 217 2069 163 1777 632 1149 845 1513 810 269 778 205 1119 1330 840 1563 135 1579 814 878 877 159 1391 1325 674 201 0
EOF