NAME : tsp_problem
TYPE : TSP
DIMENSION : 74
EDGE_WEIGHT_TYPE : EXPLICIT
EDGE_WEIGHT_FORMAT : FULL_MATRIX
EDGE_WEIGHT_SECTION
0 1387 1277 2215 1095 1264 1026 1110 610 1090 1317 582 1111 1053 1274 1112 534 1189 1249 1061 1249 1175 1728 1285 1354 1227 360 1241 890 1798 1140 1245 923 840 1372 725 424 1254 1159 1096 1270 1606 1066 1056 1281 1067 1642 2218 1652 1310 1265 1030 1069 1459 453 1191 1269 1264 1541 939 778 1041 1260 1028 1293 1136 1275 814 195 1214 798 1290 1287 1473
1387 0 1454 1163 1354 261 392 966 1838 373 124 1809 967 421 239 1372 1761 829 1509 701 198 1435 677 271 688 1487 1067 1500 746 747 1400 231 485 1099 84 985 1084 209 1419 312 231 451 706 1315 276 1327 353 1167 349 751 223 887 1328 623 1680 1047 269 1441 546 1199 1038 1301 1520 668 144 1396 282 603 1350 1474 1057 149 153 185
1277 1453 0 2281 755 1329 1092 708 1727 1156 1383 1698 709 1119 1339 773 1651 1255 910 1127 1315 836 1794 1351 1420 887 956 901 767 1864 801 1310 989 500 1438 606 973 1320 819 1161 1335 1672 1132 716 1347 727 1707 2284 1718 1376 1331 606 729 1525 1569 552 1334 161 1607 384 641 702 921 1094 1359 797 1341 880 1239 875 517 1356 1352 1539
2524 1473 2591 0 2492 1672 1802 2103 2975 1784 1534 2946 2104 1830 1650 2509 2898 1437 2646 1504 1608 2572 846 1682 1195 2624 2204 2637 1883 769 2537 1641 1700 2236 1466 2122 2221 1619 2556 1722 1641 1062 1532 2452 1686 2464 1232 339 1222 1258 1633 2024 2466 1130 2817 2184 1680 2578 1053 2336 2175 2438 2657 1632 1555 2533 1692 1740 2487 2611 2194 1559 1564 1365
1095 1354 755 2182 0 1231 993 1077 1545 1057 1284 1516 1078 1020 1241 60 1469 1157 197 1028 1216 124 1695 1252 1321 175 774 189 857 1765 88 1212 890 277 1339 424 791 1222 107 1063 1237 1573 1033 91 1248 55 1609 2185 1619 1277 1232 979 53 1427 1387 925 1236 742 1508 418 459 104 208 995 1260 84 1243 781 1057 162 335 1257 1254 1441
1264 261 1330 1362 1231 0 268 842 1714 282 286 1685 843 298 402 1248 1638 705 1385 577 360 1312 876 434 870 1363 943 1377 622 946 1276 393 361 976 246 861 960 371 1295 288 393 650 582 1192 438 1203 516 1366 526 826 385 763 1205 822 1556 924 431 1317 745 1075 914 1177 1396 544 307 1272 444 479 1226 1350 934 311 315 348
1026 392 1093 1492 993 268 0 605 1477 94 321 1448 606 60 278 1011 1400 468 1148 340 253 1074 1006 289 633 1126 706 1139 385 1076 1039 249 124 738 376 624 723 259 1058 100 274 780 345 954 285 966 646 1496 656 588 269 526 967 738 1319 686 273 1080 820 838 677 940 1159 307 298 1035 280 242 989 1113 696 294 291 478
1110 966 708 1793 1077 842 605 0 1560 669 896 1531 63 632 852 1094 1484 768 1231 640 828 1158 1307 864 933 1209 789 1223 279 1377 1123 823 502 822 951 707 806 833 1141 674 848 1185 645 1038 859 1049 1220 1797 1231 888 843 141 1051 1038 1402 302 847 695 1120 710 761 1023 1242 607 872 1118 854 393 1072 1196 780 869 865 1052
610 1838 1727 2665 1545 1714 1477 1560 0 1541 1767 54 1561 1504 1724 1563 122 1640 1700 1512 1699 1626 2179 1736 1805 1677 810 1691 1340 2249 1591 1695 1374 1290 1823 1176 874 1705 1609 1546 1720 2056 1517 1506 1731 1517 2092 2669 2103 1760 1715 1481 1519 1910 184 1641 1719 1714 1991 1390 1229 1492 1711 1478 1744 1587 1726 1265 536 1665 1248 1741 1737 1924
1090 373 1157 1474 1057 282 94 669 1541 0 335 1512 670 124 292 1075 1464 532 1212 404 267 1138 987 304 697 1190 770 1203 449 1057 1103 263 187 802 358 688 786 273 1121 114 288 761 409 1018 299 1029 627 1477 638 652 283 589 1031 802 1383 750 287 1144 856 902 741 1004 1223 370 312 1099 294 306 1052 1177 760 309 305 459
1317 124 1383 1225 1284 286 321 896 1767 335 0 1739 897 351 264 1302 1691 759 1439 631 222 1365 738 296 750 1416 996 1430 676 808 1330 255 414 1029 109 914 1013 233 1348 336 256 512 636 1245 301 1256 378 1228 389 813 248 816 1258 684 1610 977 294 1371 607 1129 968 1231 1450 597 169 1325 306 533 1279 1404 987 173 178 210
582 1809 1698 2636 1516 1685 1448 1531 54 1512 1739 0 1533 1475 1695 1534 126 1611 1671 1483 1671 1597 2150 1707 1776 1649 781 1662 1311 2220 1562 1666 1345 1261 1794 1147 845 1676 1581 1517 1691 2028 1488 1477 1702 1489 2063 2640 2074 1731 1686 1452 1490 1881 188 1613 1690 1685 1963 1361 1200 1463 1682 1450 1715 1558 1697 1236 507 1636 1219 1712 1708 1895
1111 967 709 1795 1078 843 606 63 1561 670 897 1533 0 633 853 1095 1485 769 1233 641 829 1159 1308 865 934 1210 790 1224 281 1378 1124 824 503 823 952 708 807 834 1142 675 849 1186 646 1039 861 1050 1221 1798 1232 890 845 142 1052 1039 1404 303 848 696 1121 711 762 1025 1244 608 873 1119 855 394 1073 1198 781 870 866 1053
1053 421 1120 1520 1020 298 60 632 1504 124 351 1475 633 0 308 1038 1427 495 1175 367 283 1101 1034 319 660 1153 733 1166 412 1104 1066 279 150 765 406 651 749 289 1084 130 304 810 372 981 315 992 676 1524 686 615 299 552 994 765 1346 713 303 1107 846 865 704 967 1186 333 327 1062 310 269 1015 1140 723 324 321 508
1274 239 1340 1340 1241 402 278 852 1724 292 264 1695 853 308 0 1258 1648 715 1395 587 338 1321 854 412 865 1373 953 1387 632 924 1286 371 371 986 224 871 970 349 1305 298 371 628 592 1202 416 1213 494 1344 504 836 363 773 1215 800 1566 933 409 1327 723 1085 924 1187 1406 554 285 1282 422 489 1236 1360 944 289 293 326
1112 1372 773 2199 60 1248 1011 1094 1563 1075 1302 1534 1095 1038 1258 0 1486 1174 166 1046 1234 138 1713 1270 1339 143 792 194 874 1783 102 1229 908 295 1357 442 808 1239 121 1080 1254 1591 1051 104 1265 69 1626 2203 1637 1294 1249 996 67 1444 1405 943 1253 760 1526 435 476 118 177 1013 1278 98 1260 799 1075 176 352 1275 1271 1458
534 1761 1651 2589 1469 1638 1400 1484 122 1464 1691 126 1485 1427 1648 1486 0 1563 1623 1435 1623 1549 2102 1659 1728 1601 734 1615 1264 2172 1514 1619 1297 1214 1746 1099 798 1628 1533 1470 1644 1980 1440 1430 1655 1441 2016 2592 2026 1684 1639 1404 1443 1833 182 1565 1643 1638 1915 1313 1152 1415 1634 1402 1667 1510 1649 1188 460 1588 1172 1664 1661 1847
1189 829 1256 1127 1157 705 468 768 1640 532 759 1611 769 495 715 1174 1563 0 1311 216 691 1237 641 727 267 1289 869 1302 548 711 1202 686 365 901 814 787 886 696 1221 537 711 519 244 1117 722 1129 689 1131 679 222 706 689 1131 372 1482 849 710 1243 454 1001 840 1103 1322 345 735 1198 717 405 1152 1276 859 732 728 822
1249 1509 910 2336 197 1385 1148 1231 1700 1212 1439 1671 1233 1175 1395 166 1623 1311 0 1183 1371 116 1850 1407 1476 76 929 58 1011 1920 153 1366 1045 432 1494 579 945 1376 134 1217 1391 1728 1188 241 1402 206 1763 2340 1774 1431 1386 1133 204 1581 1542 1080 1390 897 1663 572 613 255 67 1150 1415 159 1397 936 1212 81 489 1412 1408 1595
1061 701 1128 1194 1028 577 340 640 1512 404 631 1483 641 367 587 1046 1435 216 1183 0 563 1109 708 599 334 1161 741 1174 420 778 1074 558 237 773 686 659 758 568 1093 409 583 586 311 989 594 1001 756 1198 745 289 578 561 1002 439 1354 721 582 1115 521 873 712 975 1194 342 607 1070 589 277 1024 1148 731 604 600 787
1249 198 1315 1299 1216 360 253 828 1699 267 222 1671 829 283 338 1234 1623 691 1371 563 0 1297 812 370 823 1348 928 1362 608 882 1262 329 346 961 183 846 945 307 1280 273 329 586 568 1177 374 1188 452 1302 462 811 321 748 1190 758 1542 909 368 1303 681 1061 900 1163 1382 529 243 1257 380 465 1211 1336 919 247 252 284
1175 1435 836 2263 124 1312 1074 1158 1626 1138 1365 1597 1159 1101 1321 138 1549 1237 116 1109 1297 0 1776 1333 1402 94 855 145 938 1846 166 1293 971 358 1420 505 872 1302 184 1143 1318 1654 1114 168 1329 132 1689 2266 1700 1358 1313 1059 130 1507 1468 1006 1317 823 1589 498 539 182 127 1076 1341 162 1323 862 1138 168 415 1338 1335 1521
1728 677 1795 537 1695 876 1006 1307 2179 987 738 2150 1308 1034 854 1713 2102 641 1850 708 812 1776 0 886 399 1828 1408 1841 1087 120 1741 845 904 1440 670 1326 1424 823 1760 926 845 265 735 1656 890 1668 436 540 425 462 837 1228 1669 334 2021 1388 884 1782 257 1540 1379 1642 1861 836 759 1737 896 944 1691 1815 1398 763 768 569
1285 271 1352 1372 1252 434 289 864 1736 304 296 1707 865 319 412 1270 1659 727 1407 599 370 1333 886 0 892 1385 965 1398 644 956 1298 403 382 997 256 883 981 381 1316 309 403 660 604 1213 448 1224 526 1376 536 847 395 784 1226 832 1578 945 442 1339 755 1097 936 1199 1418 565 317 1294 454 501 1248 1372 955 321 325 358
1354 688 1421 886 1321 870 633 933 1805 697 750 1776 934 660 865 1339 1728 267 1476 334 823 1402 399 892 0 1454 1034 1467 713 469 1367 851 530 1066 681 952 1051 834 1386 702 857 277 361 1282 887 1294 447 889 437 88 849 854 1295 140 1647 1014 875 1408 221 1166 1005 1268 1487 462 770 1363 882 570 1317 1441 1024 774 779 581
1227 1487 887 2314 175 1363 1126 1209 1677 1190 1416 1649 1210 1153 1373 143 1601 1289 76 1161 1348 94 1828 1385 1454 0 907 105 989 1898 200 1344 1023 410 1472 557 923 1354 181 1195 1369 1706 1166 219 1380 184 1741 2318 1752 1409 1364 1111 182 1559 1520 1058 1368 875 1640 550 591 233 87 1127 1393 206 1375 914 1189 128 467 1390 1386 1573
360 1067 956 1894 774 943 706 789 810 770 996 781 790 733 953 792 734 869 929 741 928 855 1408 965 1034 907 0 920 569 1478 820 924 603 519 1052 405 141 934 838 775 949 1286 746 735 960 746 1321 1898 1332 989 944 710 748 1139 652 871 948 943 1220 619 458 721 940 707 973 816 955 494 322 894 477 970 966 1153
1241 1500 901 2328 189 1377 1139 1223 1691 1203 1430 1662 1224 1166 1387 194 1615 1302 58 1174 1362 145 1841 1398 1467 105 920 0 1003 1911 120 1358 1036 423 1485 570 937 1367 100 1209 1383 1719 1179 233 1394 197 1755 2331 1765 1423 1378 1125 195 1572 1533 1071 1382 888 1654 564 605 247 47 1141 1406 125 1388 927 1203 48 481 1403 1400 1587
890 746 767 1573 857 622 385 279 1340 449 676 1311 281 412 632 874 1264 548 1011 420 608 938 1087 644 713 989 569 1003 0 1157 903 603 282 602 731 487 586 613 921 454 628 965 425 818 639 829 1000 1577 1011 668 623 200 831 818 1182 361 627 754 900 702 541 803 1023 387 652 898 634 173 852 976 560 649 645 832
1798 747 1865 459 1765 946 1076 1377 2249 1057 808 2220 1378 1104 924 1783 2172 711 1920 778 882 1846 120 956 469 1898 1478 1911 1157 0 1811 915 974 1510 740 1396 1494 893 1829 996 915 335 805 1726 960 1737 506 463 495 532 907 1297 1739 404 2091 1458 953 1852 327 1610 1449 1712 1931 906 829 1807 966 1014 1761 1885 1468 833 837 639
1140 1400 801 2228 88 1276 1039 1123 1591 1103 1330 1562 1124 1066 1286 102 1514 1202 153 1074 1262 166 1741 1298 1367 200 820 120 903 1811 0 1257 936 323 1385 470 837 1267 46 1108 1282 1619 1079 133 1294 97 1654 2231 1665 1323 1278 1024 95 1472 1433 971 1281 788 1554 463 504 146 142 1041 1306 25 1288 827 1103 101 380 1303 1299 1486
1245 231 1311 1332 1212 393 249 823 1695 263 255 1666 824 279 371 1229 1619 686 1366 558 329 1293 845 403 851 1344 924 1358 603 915 1257 0 342 957 216 842 941 340 1276 269 362 619 563 1173 407 1184 485 1335 495 807 354 744 1186 791 1537 905 401 1298 714 1056 895 1158 1377 525 276 1253 413 460 1207 1331 915 280 285 317
923 485 990 1390 890 361 124 502 1374 187 414 1345 503 150 371 908 1297 365 1045 237 346 971 904 382 530 1023 603 1036 282 974 936 342 0 635 469 521 620 352 955 193 367 782 242 851 378 863 739 1394 749 485 362 423 864 635 1216 583 366 977 717 735 574 837 1056 204 391 932 373 139 886 1010 593 387 384 571
840 1099 500 1927 277 976 738 822 1290 802 1029 1261 823 765 986 295 1214 901 432 773 961 358 1440 997 1066 410 519 423 602 1510 323 957 635 0 1084 169 536 966 341 808 982 1318 778 238 993 249 1354 1930 1364 1022 977 724 251 1171 1132 670 981 487 1253 163 204 224 443 740 1005 319 987 526 802 397 80 1002 999 1186
1372 84 1439 1157 1339 246 376 951 1823 358 109 1794 952 406 224 1357 1746 814 1494 686 183 1420 670 256 681 1472 1052 1485 731 740 1385 216 469 1084 0 970 1068 193 1404 297 216 444 691 1300 261 1312 338 1160 342 745 208 872 1313 616 1665 1032 254 1426 539 1184 1023 1286 1505 652 129 1381 266 588 1335 1459 1042 134 138 170
725 985 606 1812 424 861 624 707 1176 688 914 1147 708 651 871 442 1099 787 579 659 846 505 1326 883 952 557 405 570 487 1396 470 842 521 169 970 0 421 852 489 693 867 1204 664 385 878 397 1239 1816 1250 907 862 628 398 1057 1018 777 866 594 1138 269 108 371 590 626 891 466 873 412 687 544 127 888 884 1071
424 1084 973 1911 791 960 723 806 874 786 1013 845 807 749 970 808 798 886 945 758 945 872 1424 981 1051 923 141 937 586 1494 837 941 620 536 1068 421 0 951 855 792 966 1302 763 752 977 763 1338 1915 1348 1006 961 727 765 1156 716 887 965 960 1237 636 475 737 957 724 990 832 972 511 386 910 494 986 983 1170
1254 209 1321 1309 1222 371 259 833 1705 273 233 1676 834 289 349 1239 1628 696 1376 568 307 1302 823 381 834 1354 934 1367 613 893 1267 340 352 966 193 852 951 0 1286 279 340 597 573 1182 385 1194 463 1313 473 817 332 754 1196 769 1547 914 379 1308 692 1066 905 1168 1387 535 254 1263 391 470 1217 1341 924 258 263 295
1159 1419 819 2246 107 1295 1058 1141 1609 1121 1348 1581 1142 1084 1305 121 1533 1221 134 1093 1280 184 1760 1316 1386 181 838 100 921 1829 46 1276 955 341 1404 489 855 1286 0 1127 1301 1637 1098 151 1312 116 1673 2250 1683 1341 1296 1043 114 1491 1452 989 1300 806 1572 482 523 165 123 1059 1325 44 1307 846 1121 90 399 1322 1318 1505
1096 312 1162 1413 1063 288 100 674 1546 114 336 1517 675 130 298 1080 1470 537 1217 409 273 1143 926 309 702 1195 775 1209 454 996 1108 269 193 808 297 693 792 279 1127 0 294 700 414 1024 305 1035 566 1416 577 658 289 595 1037 807 1388 756 293 1149 795 907 746 1009 1228 376 317 1104 299 311 1058 1182 766 314 311 398
1270 231 1336 1332 1237 393 274 848 1720 288 256 1691 849 304 371 1254 1644 711 1391 583 329 1318 845 403 857 1369 949 1383 628 915 1282 362 367 982 216 867 966 340 1301 294 0 619 588 1198 408 1209 485 1335 496 832 355 769 1211 791 1562 930 401 1323 714 1081 920 1183 1402 550 276 1278 413 485 1232 1356 940 280 285 317
1606 451 1673 752 1573 650 780 1185 2056 761 512 2028 1186 810 628 1591 1980 519 1728 586 586 1654 265 660 277 1706 1286 1719 965 335 1619 619 782 1318 444 1204 1302 597 1637 700 619 0 613 1534 664 1545 210 756 199 340 611 1105 1547 211 1899 1266 658 1660 135 1418 1257 1520 1739 714 533 1615 670 822 1568 1693 1276 537 542 343
1066 706 1133 1222 1033 582 345 645 1517 409 636 1488 646 372 592 1051 1440 244 1188 311 568 1114 735 604 361 1166 746 1179 425 805 1079 563 242 778 691 664 763 573 1098 414 588 613 0 994 599 1006 784 1225 773 317 583 566 1007 467 1359 726 587 1120 548 878 717 980 1199 347 612 1075 594 282 1029 1153 736 609 605 792
1056 1315 716 2143 91 1192 954 1038 1506 1018 1245 1477 1039 981 1202 104 1430 1117 241 989 1177 168 1656 1213 1282 219 735 233 818 1726 133 1173 851 238 1300 385 752 1182 151 1024 1198 1534 994 0 1209 99 1569 2146 1580 1238 1193 940 97 1387 1348 886 1197 703 1469 378 419 137 253 956 1221 128 1203 742 1018 207 296 1218 1215 1401
1281 276 1347 1377 1248 438 285 859 1731 299 301 1702 861 315 416 1265 1655 722 1402 594 374 1329 890 448 887 1380 960 1394 639 960 1294 407 378 993 261 878 977 385 1312 305 408 664 599 1209 0 1220 530 1380 541 843 400 780 1222 836 1573 941 446 1334 759 1093 932 1194 1413 561 321 1289 458 497 1243 1367 951 325 330 362
1067 1327 727 2154 55 1203 966 1049 1517 1029 1256 1489 1050 992 1213 69 1441 1129 206 1001 1188 132 1668 1224 1294 184 746 197 829 1737 97 1184 863 249 1312 397 763 1194 116 1035 1209 1545 1006 99 1220 0 1581 2158 1591 1249 1204 951 62 1399 1360 897 1208 714 1480 390 431 113 217 967 1233 93 1215 754 1029 171 307 1230 1226 1413
1642 353 1708 922 1609 516 646 1220 2092 627 378 2063 1221 676 494 1626 2016 689 1763 756 452 1689 436 526 447 1741 1321 1755 1000 506 1654 485 739 1354 338 1239 1338 463 1673 566 485 210 784 1569 530 1581 0 926 108 510 477 1141 1583 382 1934 1301 524 1695 305 1453 1292 1555 1774 884 399 1650 536 857 1604 1728 1312 403 407 252
2521 1469 2587 332 2488 1668 1798 2099 2971 1780 1531 2942 2101 1826 1646 2505 2895 1433 2642 1500 1604 2569 842 1678 1191 2620 2200 2634 1879 765 2533 1637 1696 2233 1463 2118 2217 1615 2552 1719 1638 1058 1528 2449 1683 2460 1228 0 1218 1255 1630 2020 2462 1126 2813 2181 1676 2574 1049 2332 2172 2434 2653 1629 1551 2529 1688 1737 2483 2607 2191 1556 1560 1362
1652 349 1719 912 1619 526 656 1231 2103 638 389 2074 1232 686 504 1637 2026 679 1774 745 462 1700 425 536 437 1752 1332 1765 1011 495 1665 495 749 1364 342 1250 1348 473 1683 577 496 199 773 1580 541 1591 108 915 0 500 488 1151 1593 371 1945 1312 534 1706 294 1464 1303 1566 1785 874 409 1661 546 868 1614 1739 1322 414 418 242
1310 751 1376 949 1277 826 588 888 1760 652 813 1731 890 615 836 1294 1684 222 1431 289 811 1358 462 847 88 1409 989 1423 668 532 1323 807 485 1022 745 907 1006 817 1341 658 832 340 317 1238 843 1249 510 952 500 0 827 809 1251 193 1602 970 831 1363 275 1122 961 1223 1443 418 833 1318 838 526 1272 1396 980 838 842 644
1265 223 1331 1324 1232 385 269 843 1715 283 248 1686 845 299 363 1249 1639 706 1386 578 321 1313 837 395 849 1364 944 1378 623 907 1278 354 362 977 208 862 961 332 1296 289 355 611 583 1193 400 1204 477 1327 488 827 0 764 1206 783 1557 925 393 1318 706 1077 916 1178 1397 545 268 1273 405 481 1227 1351 935 273 277 309
1030 887 607 1714 979 763 526 141 1481 589 816 1452 142 552 773 997 1404 689 1134 561 748 1060 1228 784 854 1112 710 1125 200 1297 1025 744 423 724 872 628 727 754 1044 595 769 1105 566 940 780 952 1141 1718 1151 809 764 0 953 959 1323 200 768 594 1040 608 681 926 1145 527 793 1021 775 314 993 1099 700 789 786 973
1069 1328 729 2156 53 1205 967 1051 1519 1031 1258 1490 1052 994 1215 67 1443 1131 204 1002 1190 130 1669 1226 1295 182 748 195 831 1739 95 1186 864 251 1313 398 765 1196 114 1037 1211 1547 1007 97 1222 62 1583 2159 1593 1251 1206 953 0 1401 1361 899 1210 716 1482 392 433 111 215 969 1234 91 1217 755 1031 169 309 1231 1228 1415
1459 623 1526 820 1427 822 738 1038 1910 802 684 1881 1039 765 800 1444 1833 372 1581 439 758 1507 334 832 140 1559 1139 1572 818 404 1472 791 635 1171 616 1057 1156 769 1491 807 791 211 467 1387 836 1399 382 824 371 193 783 959 1401 0 1752 1119 830 1513 158 1271 1110 1373 1592 567 705 1468 842 675 1422 1546 1129 709 713 515
453 1680 1569 2507 1387 1556 1319 1402 184 1383 1610 188 1404 1346 1566 1405 182 1482 1542 1354 1542 1468 2021 1578 1647 1520 652 1533 1182 2091 1433 1537 1216 1132 1665 1018 716 1547 1452 1388 1562 1899 1359 1348 1573 1360 1934 2511 1945 1602 1557 1323 1361 1752 0 1484 1561 1556 1834 1232 1071 1334 1553 1321 1586 1429 1568 1107 378 1507 1090 1583 1579 1766
1063 920 593 1747 966 796 559 174 1514 622 849 1485 175 585 806 983 1437 722 1120 594 781 1046 1261 818 887 1098 743 1112 233 1331 1011 777 456 711 905 661 760 787 1030 628 802 1138 599 926 813 938 1174 1751 1184 842 797 73 940 992 1356 0 801 580 1073 594 714 912 1131 560 826 1007 808 347 1026 1085 727 823 819 1006
1269 269 1335 1370 1236 431 273 847 1719 287 294 1690 848 303 409 1253 1643 710 1390 582 368 1317 884 442 875 1368 948 1382 627 953 1281 401 366 981 254 866 965 379 1300 293 401 658 587 1197 446 1208 524 1374 534 831 393 768 1210 830 1561 929 0 1322 753 1080 919 1182 1401 549 315 1277 452 484 1231 1355 939 319 323 355
1264 1440 161 2268 742 1316 1079 695 1714 1143 1370 1685 696 1106 1326 760 1638 1242 897 1114 1302 823 1781 1338 1407 875 943 888 754 1851 788 1298 976 487 1425 594 960 1307 806 1148 1323 1659 1119 703 1334 714 1694 2271 1705 1363 1318 593 716 1512 1556 540 1322 0 1594 371 628 689 908 1081 1346 784 1328 867 1226 862 504 1343 1340 1526
1541 546 1607 743 1508 745 820 1120 1991 856 607 1963 1121 846 723 1526 1915 454 1663 521 681 1589 257 755 221 1640 1220 1654 900 327 1554 714 717 1253 539 1138 1237 692 1572 795 714 135 548 1469 759 1480 305 747 294 275 706 1040 1482 158 1834 1201 753 1595 0 1353 1192 1455 1674 649 628 1550 765 757 1503 1628 1211 632 637 438
939 1199 384 2027 418 1075 838 709 1390 902 1129 1361 710 865 1085 435 1313 1001 572 873 1061 498 1540 1097 1166 550 619 564 702 1610 463 1056 735 163 1184 269 636 1066 482 907 1081 1418 878 378 1093 390 1453 2030 1464 1122 1077 607 392 1271 1232 554 1080 371 1353 0 303 364 583 840 1105 459 1087 626 902 537 179 1102 1098 1285
778 1038 641 1866 459 914 677 761 1229 741 968 1200 762 704 924 476 1152 840 613 712 900 539 1379 936 1005 591 458 605 541 1449 504 895 574 204 1023 108 475 905 523 746 920 1257 717 419 932 431 1292 1869 1303 961 916 681 433 1110 1071 811 919 628 1192 303 0 405 624 679 944 500 926 465 741 578 162 941 937 1124
1041 1301 702 2128 104 1177 940 1023 1492 1004 1231 1463 1025 967 1187 118 1415 1103 255 975 1163 182 1642 1199 1268 233 721 247 803 1712 146 1158 837 224 1286 371 737 1168 165 1009 1183 1520 980 137 1194 113 1555 2132 1566 1223 1178 925 111 1373 1334 872 1182 689 1455 364 405 0 266 942 1207 142 1189 728 1004 220 281 1204 1200 1387
1260 1520 921 2347 208 1396 1159 1242 1711 1223 1450 1682 1244 1186 1406 177 1634 1322 67 1194 1382 127 1861 1418 1487 87 940 47 1023 1931 142 1377 1056 443 1505 590 957 1387 123 1228 1402 1739 1199 253 1413 217 1774 2351 1785 1443 1397 1144 215 1592 1553 1091 1401 908 1674 583 624 266 0 1161 1426 148 1408 947 1223 70 500 1423 1419 1606
1028 668 1095 1323 995 544 307 607 1478 370 597 1450 608 333 554 1013 1402 345 1150 342 529 1076 836 565 462 1127 707 1141 387 906 1041 525 204 740 652 626 724 535 1059 376 550 714 347 956 561 967 884 1326 874 418 545 527 969 567 1321 688 549 1082 649 840 679 942 1161 0 574 1037 556 244 990 1115 698 570 567 754
1293 144 1360 1245 1260 307 298 872 1744 312 169 1715 873 327 285 1278 1667 735 1415 607 243 1341 759 317 770 1393 973 1406 652 829 1306 276 391 1005 129 891 990 254 1325 317 276 533 612 1221 321 1233 399 1249 409 833 268 793 1234 705 1586 953 315 1347 628 1105 944 1207 1426 574 0 1302 327 509 1256 1380 963 194 198 231
1136 1396 797 2223 84 1272 1035 1118 1587 1099 1325 1558 1119 1062 1282 98 1510 1198 159 1070 1257 162 1737 1294 1363 206 816 125 898 1807 25 1253 932 319 1381 466 832 1263 44 1104 1278 1615 1075 128 1289 93 1650 2227 1661 1318 1273 1020 91 1468 1429 967 1277 784 1550 459 500 142 148 1037 1302 0 1284 823 1099 99 376 1299 1295 1482
1275 282 1342 1382 1243 444 280 854 1726 294 306 1697 855 310 422 1260 1649 717 1397 589 380 1323 896 454 882 1375 955 1388 634 966 1288 413 373 987 266 873 972 391 1307 299 413 670 594 1203 458 1215 536 1386 546 838 405 775 1217 842 1568 935 452 1329 765 1087 926 1189 1408 556 327 1284 0 491 1238 1362 945 331 336 368
814 603 881 1431 781 479 242 393 1265 306 533 1236 394 269 489 799 1188 405 936 277 465 862 944 501 570 914 494 927 173 1014 827 460 139 526 588 412 511 470 846 311 485 822 282 742 497 754 857 1434 868 526 481 314 755 675 1107 474 484 868 757 626 465 728 947 244 509 823 491 0 777 901 484 506 502 689
195 1350 1239 2177 1057 1226 989 1072 536 1052 1279 507 1073 1015 1236 1075 460 1152 1212 1024 1211 1138 1691 1248 1317 1189 322 1203 852 1761 1103 1207 886 802 1335 687 386 1217 1121 1058 1232 1568 1029 1018 1243 1029 1604 2181 1614 1272 1227 993 1031 1422 378 1153 1231 1226 1503 902 741 1004 1223 990 1256 1099 1238 777 0 1177 760 1253 1249 1436
1214 1474 875 2301 162 1350 1113 1196 1665 1177 1404 1636 1198 1140 1360 176 1588 1276 81 1148 1336 168 1815 1372 1441 128 894 48 976 1885 101 1331 1010 397 1459 544 910 1341 90 1182 1356 1693 1153 207 1367 171 1728 2305 1739 1396 1351 1098 169 1546 1507 1045 1355 862 1628 537 578 220 70 1115 1380 99 1362 901 1177 0 454 1377 1373 1560
798 1057 517 1885 335 934 696 780 1248 760 987 1219 781 723 944 352 1172 859 489 731 919 415 1398 955 1024 467 477 481 560 1468 380 915 593 80 1042 127 494 924 399 766 940 1276 736 296 951 307 1312 1888 1322 980 935 700 309 1129 1090 687 939 504 1211 179 162 281 500 698 963 376 945 484 760 454 0 960 957 1143
1290 149 1357 1250 1257 311 294 869 1741 309 173 1712 870 324 289 1275 1664 732 1412 604 247 1338 763 321 774 1390 970 1403 649 833 1303 280 387 1002 134 888 986 258 1322 314 280 537 609 1218 325 1230 403 1253 414 838 273 789 1231 709 1583 950 319 1344 632 1102 941 1204 1423 570 194 1299 331 506 1253 1377 960 0 203 235
1287 153 1353 1254 1254 315 291 865 1737 305 178 1708 866 321 293 1271 1661 728 1408 600 252 1335 768 325 779 1386 966 1400 645 837 1299 285 384 999 138 884 983 263 1318 311 285 542 605 1215 330 1226 407 1258 418 842 277 786 1228 713 1579 947 323 1340 637 1098 937 1200 1419 567 198 1295 336 502 1249 1373 957 203 0 239
1473 185 1540 1056 1441 348 478 1052 1924 459 210 1895 1053 508 326 1458 1847 822 1595 787 284 1521 569 358 581 1573 1153 1587 832 639 1486 317 571 1186 170 1071 1170 295 1505 398 317 343 792 1401 362 1413 252 1059 242 644 309 973 1415 515 1766 1133 355 1527 438 1285 1124 1387 1606 754 231 1482 368 689 1436 1560 1143 235 239 0
EOF