NAME : tsp_problem
TYPE : TSP
DIMENSION : 32
EDGE_WEIGHT_TYPE : EXPLICIT
EDGE_WEIGHT_FORMAT : FULL_MATRIX
EDGE_WEIGHT_SECTION
0 1704 1168 1107 513 786 628 1315 377 385 353 1066 304 1314 1350 1230 295 235 1376 708 748 1267 1104 332 1114 934 860 500 270 689 361 1066
1704 0 1492 1430 1457 1730 1355 1639 1720 1701 1621 1390 1572 1721 1674 1554 1741 1499 1700 1436 1930 1591 1428 1924 1438 810 2179 2092 1767 1633 1711 1390
1168 1492 0 89 920 1193 818 195 1183 1164 1085 364 1035 695 230 110 1204 962 256 899 1393 146 110 1387 72 721 1642 1555 1231 1096 1174 124
1107 1430 89 0 859 1132 757 236 1122 1103 1023 303 974 634 271 152 1143 901 298 838 1332 188 48 1326 35 660 1581 1494 1169 1035 1113 63
513 1457 920 859 0 319 380 1068 528 509 430 818 380 1066 1103 983 549 307 1129 461 519 1019 857 732 866 686 767 816 576 227 519 818
786 1730 1193 1132 319 0 653 1341 802 782 703 1091 653 1340 1376 1256 822 580 1402 734 249 1292 1130 680 1140 959 498 547 849 144 792 1091
628 1355 818 757 380 653 0 966 643 624 544 717 495 726 1001 881 664 422 1027 148 853 917 755 847 765 584 1102 1015 691 556 634 716
1315 1639 195 236 1068 1341 966 0 1331 1311 1232 512 1183 843 61 143 1351 1110 104 1046 1541 76 257 1535 219 868 1789 1703 1378 1244 1321 272
377 1720 1183 1122 528 802 643 1331 0 370 369 1081 320 1330 1366 1246 280 251 1392 724 734 1282 1120 317 1130 949 845 485 256 704 346 1081
385 1701 1164 1103 509 782 624 1311 370 0 350 1062 300 1310 1346 1227 288 231 1373 704 741 1263 1101 324 1110 930 852 492 263 685 354 1062
353 1621 1085 1023 430 703 544 1232 369 350 0 983 221 1231 1267 1147 328 152 1293 625 781 1184 1021 364 1031 850 893 533 303 606 359 982
1066 1390 364 303 818 1091 717 512 1081 1062 983 0 933 377 547 427 1102 860 573 648 1291 463 301 1285 310 619 1540 1453 1129 994 1072 262
304 1572 1035 974 380 653 495 1183 320 300 221 933 0 1181 1218 1098 340 102 1244 575 828 1134 972 412 981 801 940 580 350 556 310 933
1313 1721 695 634 1066 1339 725 843 1329 1309 1230 377 1181 0 878 758 1349 1108 904 640 1539 794 632 1533 641 950 1787 1701 1376 1242 1319 593
1350 1674 230 271 1103 1376 1001 61 1366 1346 1267 547 1218 878 0 178 1386 1145 82 1081 1575 110 292 1570 254 903 1824 1738 1413 1279 1356 307
1230 1554 110 152 983 1256 881 143 1246 1227 1147 427 1098 758 178 0 1267 1025 169 962 1456 94 172 1450 134 783 1705 1618 1293 1159 1237 187
295 1741 1204 1143 549 822 664 1351 280 288 328 1102 340 1350 1386 1267 0 271 1413 744 651 1303 1141 235 1150 970 763 403 173 725 264 1102
235 1499 962 901 307 580 422 1110 251 231 152 860 102 1108 1145 1025 271 0 1171 503 780 1061 899 454 908 728 982 622 298 483 241 860
1376 1700 256 298 1129 1402 1027 104 1392 1373 1293 573 1244 904 82 169 1413 1171 0 1108 1602 153 318 1596 280 929 1851 1764 1439 1305 1382 333
708 1436 899 838 461 734 148 1046 724 704 625 649 575 641 1081 962 744 503 1108 0 933 998 836 928 845 665 1182 1096 771 637 714 797
748 1930 1393 1332 519 249 853 1541 734 741 781 1291 828 1539 1575 1456 651 780 1602 933 0 1492 1330 458 1339 1159 276 324 627 343 717 1291
1267 1591 146 188 1019 1292 917 76 1282 1263 1184 463 1134 794 110 94 1303 1061 153 998 1492 0 209 1486 171 820 1741 1654 1330 1195 1273 223
1104 1428 110 48 857 1130 755 257 1120 1101 1021 301 972 632 292 172 1141 899 318 836 1330 209 0 1324 56 657 1579 1492 1167 1033 1111 64
332 1924 1387 1326 732 680 847 1535 317 324 364 1285 412 1533 1570 1450 235 454 1596 928 458 1486 1324 0 1333 1153 569 252 210 774 301 1285
1114 1438 72 35 866 1140 765 219 1130 1110 1031 310 981 641 254 134 1150 908 280 845 1339 171 56 1333 0 667 1588 1502 1177 1042 1120 71
934 810 721 660 686 959 584 868 949 930 850 619 801 950 903 783 970 728 929 665 1159 820 657 1153 667 0 1408 1321 996 862 940 619
860 2179 1642 1581 767 498 1102 1789 845 852 893 1540 940 1788 1824 1705 763 982 1851 1182 276 1741 1579 569 1588 1408 0 436 738 592 829 1540
500 2092 1555 1494 816 547 1015 1703 485 492 533 1453 580 1702 1738 1618 403 622 1764 1096 324 1654 1492 252 1502 1321 436 0 378 641 469 1453
270 1767 1231 1169 576 849 691 1378 256 263 303 1129 350 1377 1413 1293 173 298 1439 771 627 1330 1167 210 1177 996 738 378 0 752 239 1128
689 1633 1096 1035 227 144 556 1244 704 685 606 994 556 1242 1279 1159 725 483 1305 637 343 1195 1033 774 1042 862 592 641 752 0 695 994
361 1711 1174 1113 519 792 634 1321 346 354 359 1072 310 1320 1356 1237 264 241 1382 714 717 1273 1111 301 1120 940 829 469 239 695 0 1072
1066 1390 124 63 818 1091 716 272 1081 1062 982 262 933 593 307 187 1102 860 333 797 1291 223 64 1285 71 619 1540 1453 1128 994 1072 0
EOF