NAME : tsp_problem
TYPE : TSP
DIMENSION : 47
EDGE_WEIGHT_TYPE : EXPLICIT
EDGE_WEIGHT_FORMAT : FULL_MATRIX
EDGE_WEIGHT_SECTION
0 443 110 945 1143 475 144 53 511 1477 1469 1629 1091 1262 1444 1620 1442 133 285 898 1165 185 123 1777 215 1125 1013 1882 883 2093 1928 1182 1152 144 958 268 850 603 1468 247 1139 1122 480 1345 149 1130 178
443 0 482 606 804 136 339 472 172 1138 1130 1290 753 923 1105 1281 1103 480 242 559 826 380 471 1438 410 786 674 1543 544 1754 1590 844 813 491 619 225 511 265 1130 224 800 783 141 1006 496 791 373
110 482 0 985 1183 515 183 111 550 1516 1509 1668 1131 1302 1483 1659 1481 51 324 937 1204 121 42 1816 152 1164 1053 1921 923 2133 1968 1222 1192 63 998 308 889 643 1508 286 1178 1161 519 1384 67 1170 139
945 606 985 0 818 535 841 974 674 1151 1144 1303 766 937 1118 1295 1116 982 744 572 839 882 973 1451 912 799 688 1556 196 1768 1603 857 827 993 633 727 305 399 781 726 813 796 643 1020 998 805 875
1143 804 1183 818 0 733 1039 1172 872 440 432 881 561 731 696 872 404 1180 942 333 634 1080 1171 739 1110 106 482 844 756 1056 891 652 115 1191 211 925 723 597 1341 924 608 84 841 597 1196 599 1073
475 136 515 535 733 0 371 504 204 1066 1059 1218 681 852 1033 1210 1031 512 274 487 754 412 503 1366 442 714 603 1471 473 1683 1518 772 742 524 548 257 439 193 1058 256 728 711 173 934 528 720 405
144 339 183 841 1039 371 0 172 406 1373 1365 1524 987 1158 1340 1516 1337 181 181 793 1061 81 172 1672 111 1020 909 1777 779 1989 1824 1078 1048 192 854 164 746 499 1364 143 1034 1017 375 1241 197 1026 74
53 472 111 974 1172 504 172 0 539 1506 1498 1657 1120 1291 1472 1649 1470 133 314 926 1193 203 124 1805 234 1153 1042 1910 912 2122 1957 1211 1181 145 987 297 879 632 1497 275 1167 1150 508 1374 149 1159 207
511 172 550 674 872 204 406 539 0 1206 1198 1357 820 991 1173 1349 1171 548 310 627 894 447 538 1506 478 854 742 1611 612 1822 1657 911 881 559 687 293 579 332 1197 292 868 851 63 1074 564 859 441
1477 1138 1516 1151 440 1066 1373 1506 1206 0 128 605 894 1065 771 597 100 1514 1276 667 968 1414 1505 435 1444 439 816 540 1089 752 587 985 415 1525 544 1259 1056 930 1675 1258 941 384 1175 847 1530 933 1407
1469 1130 1509 1144 432 1059 1365 1498 1198 128 0 597 887 1057 763 589 92 1506 1268 659 960 1406 1497 427 1436 432 808 533 1082 744 579 978 407 1517 537 1251 1049 923 1667 1250 934 376 1167 839 1522 925 1399
1629 1290 1668 1303 881 1218 1524 1657 1357 605 597 0 1046 1216 255 81 570 1665 1428 818 1119 1565 1656 330 1596 862 968 435 1241 557 482 1137 884 1677 696 1411 1208 1082 1826 1409 1093 854 1326 332 1681 1085 1559
1091 753 1131 766 561 681 987 1120 820 894 887 1046 0 211 861 1037 859 1128 891 315 114 1028 1119 1194 1059 542 219 1299 704 1511 1346 132 569 1140 375 874 671 545 1289 872 88 539 789 762 1144 79 1022
1136 797 1175 810 605 725 1032 1164 865 939 931 1090 85 0 906 1082 903 1173 935 359 158 1073 1164 1238 1103 586 264 1343 748 1555 1390 176 614 1184 420 918 715 589 1334 917 63 583 834 807 1189 124 1066
1444 1105 1483 1118 696 1033 1340 1472 1173 771 763 255 861 1032 0 247 735 1481 1243 634 935 1381 1472 495 1411 678 783 601 1056 722 647 952 705 1492 511 1226 1023 897 1642 1225 908 675 1142 147 1497 900 1374
1620 1281 1659 1295 872 1210 1516 1649 1349 597 589 81 1037 1208 247 0 561 1657 1419 810 1111 1557 1648 322 1587 854 959 427 1233 548 473 1128 876 1668 687 1402 1199 1073 1818 1401 1084 845 1318 323 1673 1076 1550
1442 1103 1481 1116 404 1031 1337 1470 1171 100 92 570 859 1030 735 561 0 1479 1241 631 932 1378 1469 400 1409 404 781 505 1054 716 552 950 379 1490 509 1224 1021 895 1639 1223 906 349 1140 812 1495 898 1372
133 480 51 982 1180 512 181 133 548 1514 1506 1665 1128 1299 1481 1657 1479 0 322 935 1202 119 40 1814 149 1162 1050 1919 920 2130 1965 1219 1189 60 995 305 887 640 1505 284 1176 1159 517 1382 65 1167 136
285 242 324 744 942 274 181 314 310 1276 1268 1428 891 1061 1243 1419 1241 322 0 697 964 222 313 1576 252 924 812 1681 682 1892 1727 982 951 333 757 67 649 402 1267 66 938 921 279 1144 338 929 215
898 559 937 572 333 487 793 926 627 667 659 818 315 486 634 810 631 935 697 0 388 834 925 966 865 314 237 1072 510 1283 1118 406 342 946 148 680 477 351 1095 679 362 311 596 535 951 354 828
1165 826 1204 839 634 754 1061 1193 894 968 960 1119 114 285 935 1111 932 1202 964 388 0 1102 1193 1267 1132 615 293 1372 777 1584 1419 47 643 1213 449 947 744 618 1363 946 161 612 863 836 1218 137 1095
185 380 121 882 1080 412 81 203 447 1414 1406 1565 1028 1199 1381 1557 1378 119 222 834 1102 0 110 1713 49 1061 950 1819 820 2030 1865 1119 1089 130 895 205 787 540 1405 184 1075 1058 417 1282 135 1067 36
123 471 42 973 1171 503 172 124 538 1505 1497 1656 1119 1290 1472 1648 1469 40 313 925 1193 110 0 1804 140 1152 1041 1909 911 2121 1956 1210 1180 51 986 296 878 631 1496 275 1166 1149 507 1373 56 1158 127
1777 1438 1816 1451 739 1366 1672 1805 1506 435 427 330 1194 1364 495 322 400 1814 1576 966 1267 1713 1804 0 1744 739 1116 155 1389 477 202 1285 714 1825 844 1559 1356 1230 1974 1558 1241 684 1475 572 1829 1233 1707
215 410 152 912 1110 442 111 234 478 1444 1436 1596 1059 1229 1411 1587 1409 149 252 865 1132 49 140 1744 0 1092 980 1849 850 2060 1896 1150 1119 160 925 235 817 571 1435 214 1106 1089 447 1312 165 1097 66
1125 786 1164 799 106 714 1020 1153 854 439 432 862 542 712 678 854 404 1162 924 314 615 1061 1152 739 1092 0 464 844 737 1056 891 633 115 1173 192 907 704 578 1322 906 589 84 823 579 1178 581 1055
1013 674 1053 688 482 603 909 1042 742 816 808 968 219 390 783 959 781 1050 812 237 293 950 1041 1116 980 464 0 1221 626 1432 1268 310 491 1061 297 795 593 467 1211 794 267 461 711 684 1066 258 943
1882 1543 1921 1556 844 1471 1777 1910 1611 540 533 435 1299 1470 601 427 505 1919 1681 1072 1372 1819 1909 155 1849 844 1221 0 1494 582 170 1390 819 1930 949 1664 1461 1335 2080 1663 1346 789 1580 677 1935 1338 1812
883 544 923 196 756 473 779 912 612 1089 1082 1241 704 875 1056 1233 1054 920 682 510 777 820 911 1389 850 737 626 1494 0 1706 1541 795 765 931 571 665 243 337 719 664 751 734 581 957 936 743 813
2093 1754 2133 1768 1056 1683 1989 2122 1822 752 744 557 1511 1681 722 548 716 2130 1892 1283 1584 2030 2121 477 2060 1056 1432 582 1706 0 628 1602 1031 2142 1161 1875 1673 1547 2291 1874 1558 1000 1791 799 2146 1549 2023
1928 1590 1968 1603 891 1518 1824 1957 1657 587 579 482 1346 1516 647 473 552 1965 1727 1118 1419 1865 1956 202 1896 891 1268 170 1541 628 0 1437 866 1977 996 1711 1508 1382 2126 1709 1393 835 1626 724 1981 1384 1858
1182 844 1222 857 652 772 1078 1211 911 985 978 1137 132 302 952 1128 950 1219 982 406 47 1119 1210 1285 1150 633 310 1390 795 1602 1437 0 660 1231 466 965 762 636 1380 963 179 630 880 853 1235 155 1113
1152 813 1192 827 115 742 1048 1181 881 415 407 884 569 740 705 876 379 1189 951 342 643 1089 1180 714 1119 115 491 819 765 1031 866 660 0 1200 220 934 732 606 1350 933 617 59 850 606 1205 608 1082
144 491 63 993 1191 524 192 145 559 1525 1517 1677 1140 1310 1492 1668 1490 60 333 946 1213 130 51 1825 160 1173 1061 1930 931 2142 1977 1231 1200 0 1006 316 898 652 1517 295 1187 1170 528 1393 76 1178 147
958 619 998 633 211 548 854 987 687 544 537 696 375 546 511 687 509 995 757 148 449 895 986 844 925 192 297 949 571 1161 996 466 220 1006 0 740 538 412 1156 739 423 189 656 412 1011 414 888
268 225 308 727 925 257 164 297 293 1259 1251 1411 874 1044 1226 1402 1224 305 67 680 947 205 296 1559 235 907 795 1664 665 1875 1711 965 934 316 740 0 632 385 1250 49 921 904 262 1127 321 912 198
850 511 889 305 723 439 746 879 579 1056 1049 1208 671 841 1023 1199 1021 887 649 477 744 787 878 1356 817 704 593 1461 243 1673 1508 762 732 898 538 632 0 303 828 631 718 701 548 924 903 710 780
603 265 643 399 597 193 499 632 332 930 923 1082 545 715 897 1073 895 640 402 351 618 540 631 1230 571 578 467 1335 337 1547 1382 636 606 652 412 385 303 0 922 384 592 575 301 798 656 584 533
1468 1130 1508 781 1341 1058 1364 1497 1197 1675 1667 1826 1289 1460 1642 1818 1639 1505 1267 1095 1363 1405 1496 1974 1435 1322 1211 2080 719 2291 2126 1380 1350 1517 1156 1250 828 922 0 1249 1336 1319 1166 1543 1521 1328 1398
247 224 286 726 924 256 143 275 292 1258 1250 1409 872 1043 1225 1401 1223 284 66 679 946 184 275 1558 214 906 794 1663 664 1874 1709 963 933 295 739 49 631 384 1249 0 920 903 261 1126 300 911 177
1139 800 1178 813 608 728 1034 1167 868 941 934 1093 88 189 908 1084 906 1176 938 362 161 1075 1166 1241 1106 589 267 1346 751 1558 1393 179 617 1187 423 921 718 592 1336 920 0 586 837 809 1192 127 1069
1122 783 1161 796 84 711 1017 1150 851 384 376 854 539 710 675 845 349 1159 921 311 612 1058 1149 684 1089 84 461 789 734 1000 835 630 59 1170 189 904 701 575 1319 903 586 0 820 576 1175 578 1052
480 141 519 643 841 173 375 508 63 1175 1167 1326 789 960 1142 1318 1140 517 279 596 863 417 507 1475 447 823 711 1580 581 1791 1626 880 850 528 656 262 548 301 1166 261 837 820 0 1043 533 828 410
1345 1006 1384 1020 597 934 1241 1374 1074 847 839 332 762 933 147 323 812 1382 1144 535 836 1282 1373 572 1312 579 684 677 957 799 724 853 606 1393 412 1127 924 798 1543 1126 809 576 1043 0 1398 801 1275
149 496 67 998 1196 528 197 149 564 1530 1522 1681 1144 1315 1497 1673 1495 65 338 951 1218 135 56 1829 165 1178 1066 1935 936 2146 1981 1235 1205 76 1011 321 903 656 1521 300 1192 1175 533 1398 0 1183 152
1130 791 1170 805 599 720 1026 1159 859 933 925 1085 79 250 900 1076 898 1167 929 354 137 1067 1158 1233 1097 581 258 1338 743 1549 1384 155 608 1178 414 912 710 584 1328 911 127 578 828 801 1183 0 1060
178 373 139 875 1073 405 74 207 441 1407 1399 1559 1022 1192 1374 1550 1372 136 215 828 1095 36 127 1707 66 1055 943 1812 813 2023 1858 1113 1082 147 888 198 780 533 1398 177 1069 1052 410 1275 152 1060 0
EOF
