NAME : tsp_problem
TYPE : TSP
DIMENSION : 42
EDGE_WEIGHT_TYPE : EXPLICIT
EDGE_WEIGHT_FORMAT : FULL_MATRIX
EDGE_WEIGHT_SECTION
0 528 1272 1830 661 1776 1128 1348 243 922 301 1732 1840 643 878 976 1430 378 751 348 1866 221 183 536 1467 1758 337 1367 804 881 1903 613 594 756 1803 1630 1166 507 2062 630 143 919
528 0 790 1348 324 1294 647 867 327 1250 629 1250 1358 307 510 495 948 705 269 675 1384 338 421 199 985 1276 231 886 322 568 1421 277 258 595 1321 1148 684 834 1581 957 470 1246
1272 790 0 592 673 1039 203 144 1071 1721 1043 996 1074 797 472 355 192 1449 551 1051 1100 1082 1165 789 229 992 976 631 574 530 1137 747 736 557 1037 864 150 812 1326 1428 1215 1717
1829 1347 591 0 1230 1276 760 701 1628 2278 1600 1233 851 1354 1029 912 546 2006 1108 1608 878 1639 1722 1346 583 769 1533 600 1131 1087 914 1304 1293 1114 815 641 707 1369 1563 1985 1772 2274
661 324 673 1231 0 1177 530 750 460 1383 762 1133 1241 394 393 377 831 838 152 808 1267 471 554 332 868 1159 364 768 205 451 1304 344 333 478 1204 1031 567 733 1463 1091 603 1379
1776 1294 1039 1276 1177 0 895 1115 1575 2224 1547 91 1203 1301 976 858 1197 1953 1054 1555 1229 1585 1668 1292 1234 1121 1479 731 1077 1034 1266 1250 1239 1060 1167 993 933 1316 339 1932 1718 2220
1128 647 203 761 530 895 0 279 928 1577 900 852 960 654 329 211 361 1306 407 908 986 938 1021 645 398 878 832 487 430 387 1023 603 592 413 923 750 97 668 1182 1285 1071 1573
1348 867 144 702 750 1115 279 0 1148 1797 1120 1072 1180 874 549 431 302 1526 627 1128 1206 1158 1241 865 339 1098 1052 707 650 607 1242 823 812 633 1143 970 226 888 1402 1505 1291 1793
243 327 1071 1629 460 1575 928 1148 0 965 344 1531 1639 442 791 775 1229 421 550 391 1665 176 137 335 1266 1557 291 1166 603 849 1702 412 393 799 1602 1429 965 550 1861 673 186 962
1225 1552 2023 2581 1685 2526 1879 2099 1268 0 1049 2483 2590 1668 1626 1727 2181 986 1775 1095 2617 1246 1207 1560 2218 2509 1362 2118 1828 1629 2653 1637 1618 1504 2554 2381 1917 1255 2813 636 1167 332
301 629 1043 1601 762 1547 900 1120 344 747 0 1503 1611 744 646 747 1201 477 842 127 1637 322 284 637 1238 1529 438 1138 865 649 1674 714 695 524 1574 1401 937 275 1834 455 244 743
1732 1250 996 1233 1133 91 852 1072 1531 2181 1503 0 1160 1257 932 815 1153 1909 1011 1511 1186 1542 1625 1249 1190 1078 1436 687 1034 990 1223 1207 1196 1017 1123 950 890 1272 378 1889 1675 2177
1840 1358 1073 851 1241 1203 960 1180 1639 2288 1611 1160 0 1365 1040 922 1028 2017 1118 1619 56 1650 1732 1356 1065 112 1543 527 1141 1098 88 1314 1304 1124 192 228 997 1380 1490 1996 1782 2285
643 307 797 1355 394 1301 654 874 442 1365 744 1257 1365 0 517 502 955 821 276 791 1391 453 536 315 992 1283 347 893 329 575 1428 392 373 602 1328 1155 691 857 1588 1073 586 1362
878 510 472 1030 393 976 329 549 791 1323 646 932 1040 517 0 177 630 1054 271 654 1066 802 860 509 667 958 696 568 294 250 1103 467 456 277 1003 830 366 415 1263 1031 820 1320
976 495 355 912 377 858 211 431 775 1425 747 815 922 502 177 0 512 1154 255 755 949 786 869 493 549 840 680 450 278 234 985 451 440 261 886 712 249 516 1145 1133 919 1421
1302 820 64 586 703 1069 233 174 1101 1751 1073 1026 1068 827 502 385 0 1479 581 1081 1095 1112 1195 819 223 986 1006 661 604 560 1131 777 766 587 1032 858 180 842 1356 1459 1245 1747
378 705 1449 2007 838 1953 1306 1526 421 684 477 1909 2017 821 1054 1154 1607 0 928 524 2043 399 360 713 1644 1935 515 1545 981 1057 2080 790 771 932 1980 1807 1343 683 2240 391 320 680
751 269 551 1108 152 1054 407 627 550 1473 842 1011 1118 276 271 255 708 928 0 850 1145 561 643 268 745 1036 454 646 83 329 1181 226 215 355 1082 908 445 611 1341 1180 693 1469
348 675 1051 1609 808 1555 908 1128 391 793 127 1511 1619 791 654 755 1209 524 850 0 1645 369 330 683 1246 1537 485 1147 873 657 1682 760 741 532 1582 1409 945 283 1842 501 290 790
1866 1384 1099 878 1267 1229 986 1206 1665 2315 1637 1186 56 1391 1066 949 1054 2043 1145 1645 0 1676 1759 1383 1091 138 1570 553 1168 1124 71 1341 1330 1151 175 254 1024 1406 1516 2022 1808 2311
221 338 1082 1640 471 1585 938 1158 176 943 322 1542 1650 453 802 786 1240 399 561 369 1676 0 115 346 1277 1568 270 1177 614 860 1712 423 404 777 1613 1440 976 528 1872 651 164 940
183 421 1165 1723 554 1668 1021 1241 137 905 284 1625 1732 536 860 869 1323 360 643 330 1759 115 0 428 1359 1651 231 1260 697 863 1795 506 487 738 1696 1523 1059 489 1955 613 125 901
536 199 789 1347 332 1292 645 865 335 1258 637 1249 1356 315 509 493 947 713 268 683 1383 346 428 0 983 1275 239 884 321 567 1419 285 266 593 1320 1147 683 842 1579 965 478 1254
1313 831 75 597 714 1080 244 185 1112 1762 1084 1037 1079 839 514 396 197 1491 592 1092 1106 1123 1206 830 0 998 1017 672 615 571 1142 788 777 598 1043 870 191 853 1367 1470 1256 1758
1758 1276 991 769 1159 1121 878 1098 1557 2206 1529 1078 112 1283 958 840 946 1935 1036 1537 138 1568 1651 1275 983 0 1461 445 1060 1016 178 1233 1222 1042 126 146 915 1298 1408 1914 1700 2203
337 231 976 1533 364 1479 832 1052 291 1059 438 1436 1543 347 696 680 1133 515 454 485 1570 270 231 239 1170 1461 0 1071 508 754 1606 317 298 780 1507 1333 870 644 1766 767 280 1056
1367 886 631 600 768 731 487 707 1166 1816 1138 687 527 893 568 450 777 1545 646 1147 553 1177 1260 884 813 445 1071 0 669 626 590 842 831 652 491 317 525 907 1018 1524 1310 1812
804 322 574 1132 205 1077 430 650 603 1526 865 1034 1141 329 294 278 732 981 83 873 1168 614 697 321 769 1060 508 669 0 352 1204 279 268 379 1105 932 468 634 1364 1234 746 1522
881 568 530 1088 451 1034 387 607 849 1326 649 990 1098 575 250 234 688 1057 329 657 1124 860 863 567 725 1016 754 626 352 0 1161 525 514 335 1061 888 424 418 1321 1034 823 1323
1903 1421 1136 914 1304 1266 1023 1242 1702 2351 1674 1223 88 1428 1103 985 1091 2080 1181 1682 71 1712 1795 1419 1128 178 1606 590 1204 1161 0 1377 1366 1187 133 291 1060 1443 1553 2059 1845 2347
613 277 747 1305 344 1250 603 823 412 1335 714 1207 1314 392 467 451 905 790 226 760 1341 423 506 285 941 1233 317 842 279 525 1377 0 343 551 1278 1105 641 807 1537 1043 556 1332
594 258 736 1294 333 1239 592 812 393 1316 695 1196 1304 373 456 440 894 771 215 741 1330 404 487 266 931 1222 298 831 268 514 1366 343 0 541 1267 1094 630 796 1526 1024 537 1312
756 595 557 1114 478 1060 413 633 799 1201 524 1017 1124 602 277 261 714 932 355 532 1151 777 738 593 751 1042 780 652 379 335 1187 551 541 0 1088 914 451 293 1347 909 698 1198
1803 1321 1037 815 1204 1167 923 1143 1602 2252 1574 1123 192 1328 1003 886 991 1980 1082 1582 175 1613 1696 1320 1028 126 1507 491 1105 1061 133 1278 1267 1088 0 191 961 1343 1454 1960 1746 2248
1630 1148 863 641 1031 993 750 970 1429 2078 1401 950 228 1155 830 712 818 1807 908 1409 254 1440 1523 1147 855 146 1333 317 932 888 291 1105 1094 914 191 0 787 1170 1280 1786 1572 2075
1166 684 150 707 567 933 97 226 965 1615 937 890 997 691 366 249 307 1343 445 945 1024 976 1059 683 344 915 870 525 468 424 1060 641 630 451 961 787 0 706 1220 1322 1109 1611
507 834 812 1370 733 1316 668 888 550 952 275 1272 1380 857 415 516 970 683 611 283 1406 528 489 842 1007 1298 644 907 634 418 1443 807 796 293 1343 1170 706 0 1602 660 449 949
2062 1581 1326 1563 1463 339 1182 1402 1861 2511 1834 378 1490 1588 1263 1145 1484 2240 1341 1842 1516 1872 1955 1579 1521 1408 1766 1018 1364 1321 1553 1537 1526 1347 1454 1280 1220 1602 0 2219 2005 2507
630 957 1428 1986 1091 1932 1285 1505 673 333 455 1889 1996 1073 1031 1133 1586 391 1180 501 2022 651 613 965 1623 1914 767 1524 1234 1034 2059 1043 1024 909 1960 1786 1322 660 2219 0 573 330
143 470 1215 1772 603 1718 1071 1291 186 865 244 1675 1782 586 820 919 1372 320 693 290 1808 164 125 478 1409 1700 280 1310 746 823 1845 556 537 698 1746 1572 1109 449 2005 573 0 861
1228 1556 2027 2584 1689 2530 1883 2103 1271 339 1053 2487 2594 1671 1629 1731 2184 990 1779 1099 2621 1249 1211 1564 2221 2512 1365 2122 1832 1632 2657 1641 1622 1507 2558 2384 1921 1258 2817 639 1171 0
EOF