NAME : tsp_problem
TYPE : TSP
DIMENSION : 18
EDGE_WEIGHT_TYPE : EXPLICIT
EDGE_WEIGHT_FORMAT : FULL_MATRIX
EDGE_WEIGHT_SECTION
0 1053 1559 98 881 1739 1288 402 67 219 216 1160 2016 2211 1033 1661 1364 1332
1053 0 1496 1058 414 1272 822 828 1027 1178 1175 210 1549 1744 99 1194 898 866
1559 1496 0 1564 1324 2182 1732 1335 1533 1685 1681 1604 2459 2654 1477 2104 1808 1776
98 1058 1564 0 886 1744 1293 407 72 166 221 1165 2021 2216 1038 1666 1369 1337
881 414 1324 886 0 884 433 656 855 1006 1003 522 1161 1356 395 806 509 477
1739 1272 2182 1744 884 0 807 1514 1713 1864 1861 1380 516 984 1253 161 439 676
1288 822 1732 1293 433 807 0 1064 1262 1414 1411 929 994 1187 802 729 917 308
402 828 1335 407 656 1514 1064 0 376 528 525 936 1791 1986 809 1436 1140 1108
67 1027 1533 72 855 1713 1262 376 0 193 190 1135 1990 2185 1007 1635 1338 1306
219 1178 1685 166 1006 1864 1414 528 193 0 141 1286 2142 2336 1159 1787 1490 1458
216 1175 1681 221 1003 1861 1411 525 190 141 0 1283 2138 2333 1156 1783 1486 1454
1160 210 1604 1165 522 1380 929 936 1135 1286 1283 0 1657 1852 206 1302 1005 973
2016 1549 2459 2021 1161 516 994 1791 1990 2142 2138 1657 0 757 1530 438 716 863
2522 2055 2965 2527 1667 1296 1498 2297 2496 2647 2644 2163 1068 0 2036 1218 1496 1367
1033 99 1477 1038 395 1253 802 809 1007 1159 1156 206 1530 1725 0 1175 878 846
1661 1194 2104 1666 806 161 729 1436 1635 1787 1783 1302 438 907 1175 0 362 598
1364 898 1808 1369 509 439 917 1140 1338 1490 1486 1005 716 1185 878 362 0 876
1332 866 1776 1337 477 676 308 1108 1306 1458 1454 973 863 1056 846 598 876 0
EOF
