NAME : tsp_problem
TYPE : TSP
DIMENSION : 60
EDGE_WEIGHT_TYPE : EXPLICIT
EDGE_WEIGHT_FORMAT : FULL_MATRIX
EDGE_WEIGHT_SECTION
0 1551 1639 1412 1559 1318 1511 713 1491 1428 1566 939 380 1009 774 264 342 647 380 541 1006 1446 1619 1390 511 1030 357 1628 825 268 562 722 1494 350 1166 748 203 487 238 388 1957 567 345 1880 1783 1527 445 604 1629 1086 903 243 259 1448 1176 1328 351 1409 299 1512
1551 0 112 169 99 255 69 897 134 150 826 1008 1308 1047 1970 1332 1309 932 1339 1116 1056 129 89 185 1071 578 1294 123 1111 1334 1452 859 86 1314 1002 1034 1416 1093 1707 1313 1622 2036 1814 1546 1448 170 1166 968 123 1155 972 1361 1686 126 412 265 1650 192 1613 1177
1639 112 0 257 106 343 160 985 177 238 914 1096 1396 1136 2059 1421 1397 1021 1428 1204 1144 217 47 273 1159 666 1383 67 1199 1423 1541 947 178 1402 1091 1122 1505 1181 1795 1401 1711 2124 1903 1634 1537 184 1254 1056 67 1244 1060 1450 1774 215 500 354 1739 281 1702 1266
1412 169 257 0 178 116 130 758 109 122 687 869 1169 909 1832 1193 1170 793 1200 977 917 104 238 84 932 439 1156 246 972 1196 1313 720 113 1175 863 895 1278 954 1568 1174 1483 1897 1675 1407 1309 145 1027 829 247 1016 833 1222 1547 102 273 126 1511 104 1474 1039
1559 99 106 178 0 264 78 905 143 158 834 1016 1317 1056 1979 1341 1318 941 1348 1125 1065 137 83 193 1079 586 1303 116 1119 1343 1461 867 95 1323 1011 1042 1425 1101 1716 1322 1631 2045 1823 1555 1457 179 1174 976 116 1164 980 1370 1694 135 421 274 1659 201 1622 1186
1318 255 343 116 264 0 216 664 195 132 593 775 1075 815 1738 1100 1076 699 1107 883 823 150 324 94 838 345 1062 332 878 1102 1220 626 199 1081 770 801 1184 860 1474 1080 1390 1803 1581 1313 1215 231 933 735 333 922 739 1128 1453 152 179 89 1418 114 1380 945
1511 69 160 130 78 216 0 857 95 110 786 968 1268 1008 1931 1293 1270 893 1300 1077 1016 89 138 145 1031 538 1255 171 1071 1295 1413 819 47 1275 963 994 1377 1053 1667 1274 1583 1997 1775 1506 1409 131 1126 928 171 1116 932 1322 1646 87 372 226 1611 153 1574 1138
713 897 985 758 905 664 857 0 837 774 912 285 470 355 1133 495 471 94 502 278 352 792 965 736 233 376 457 974 273 497 615 102 840 476 512 196 579 255 869 475 1303 1198 976 1226 1129 873 328 130 975 432 249 523 848 793 522 673 813 755 775 858
1491 134 177 109 143 195 95 837 0 90 766 948 1248 988 1911 1273 1249 872 1280 1056 996 69 194 125 1011 518 1235 166 1051 1275 1393 799 78 1254 943 974 1357 1033 1647 1253 1563 1976 1754 1486 1389 110 1106 908 166 1095 912 1302 1626 67 352 206 1591 133 1553 1118
1428 150 238 122 158 132 110 774 90 0 703 885 1185 925 1848 1210 1186 809 1217 993 933 85 218 100 948 455 1172 227 988 1212 1330 736 93 1191 880 911 1294 970 1584 1190 1499 1913 1691 1423 1325 126 1043 845 228 1032 849 1238 1563 82 289 142 1528 120 1490 1055
1566 826 914 687 834 593 786 912 766 703 0 670 1323 591 1985 1347 1324 947 1354 1131 599 721 894 665 1086 676 1309 903 1126 1349 1467 874 769 1329 546 1049 1431 1108 1722 1328 1721 2051 1829 1644 1547 802 1181 983 904 702 707 1376 1701 723 510 603 1665 684 1628 1276
939 1008 1096 869 1016 775 968 285 948 885 671 0 696 113 1359 720 697 320 728 504 110 903 1077 847 459 487 683 1085 499 723 840 247 952 702 271 422 805 481 1095 701 1414 1424 1202 1338 1240 984 554 356 1086 191 149 749 1074 905 634 785 1038 866 1001 969
380 1308 1396 1169 1317 1075 1268 470 1248 1185 1324 696 0 766 1074 307 385 404 423 298 763 1203 1377 1147 268 787 400 1385 582 311 861 479 1252 393 924 505 246 244 537 431 1714 866 644 1638 1540 1284 313 361 1386 843 660 286 516 1205 934 1085 650 1167 443 1269
1009 1048 1137 909 1057 816 1009 355 989 925 592 113 766 0 1428 790 767 390 797 574 65 943 1117 887 529 557 752 1126 569 792 910 317 992 772 192 492 874 551 1165 771 1484 1494 1272 1407 1310 1025 624 426 1126 145 150 819 1144 945 703 825 1108 907 1071 1039
774 1970 2059 1832 1979 1738 1931 1133 1911 1848 1986 1359 1074 1428 0 957 1035 1064 1073 1234 1425 1865 2039 1810 1204 1450 1050 2048 933 961 571 1142 1914 1043 1586 1000 868 1180 613 1081 2377 436 630 2300 2203 1947 1138 1102 2049 1506 1322 936 634 1867 1596 1747 463 1829 673 1932
264 1332 1421 1193 1341 1100 1293 495 1273 1210 1348 720 307 790 957 0 269 428 307 322 787 1227 1401 1171 292 812 284 1410 607 195 745 504 1276 277 948 530 130 269 421 315 1738 750 528 1662 1564 1309 338 385 1410 868 684 170 399 1229 958 1109 534 1191 327 1294
342 1309 1397 1170 1318 1076 1270 471 1249 1186 1325 697 385 767 1035 269 0 405 385 299 764 1204 1378 1148 269 788 362 1386 583 273 822 481 1253 355 925 506 208 246 498 393 1715 827 605 1639 1541 1285 315 362 1387 845 661 248 477 1206 935 1086 611 1168 405 1270
647 932 1021 793 941 699 893 94 872 809 948 320 404 390 1064 428 405 0 435 212 387 827 1001 771 167 412 390 1010 207 430 546 104 876 410 548 130 512 189 803 409 1338 1132 910 1262 1164 908 262 64 1010 468 284 457 782 829 558 709 744 791 709 894
380 1339 1428 1200 1348 1107 1300 502 1280 1217 1355 728 423 797 1073 307 385 435 0 329 794 1234 1408 1179 299 819 400 1417 614 310 860 511 1283 393 955 537 246 276 536 431 1746 865 643 1669 1571 1316 345 392 1417 875 691 286 515 1236 965 1116 649 1198 442 1301
541 1116 1204 977 1125 883 1077 278 1056 993 1132 504 298 574 1234 322 299 212 329 0 571 1011 1185 955 76 595 284 1193 390 324 732 288 1060 304 732 313 406 83 697 303 1522 1026 804 1446 1348 1092 156 169 1194 652 468 351 676 1013 742 893 810 975 603 1077
1006 1057 1145 918 1065 824 1017 352 997 934 600 110 763 65 1425 787 764 387 794 571 0 952 1125 896 526 554 750 1134 566 789 907 314 1000 769 200 489 872 548 1162 768 1481 1491 1269 1404 1307 1033 621 423 1135 142 147 816 1141 953 700 833 1105 915 1068 1036
1446 129 217 104 137 150 89 792 69 85 721 903 1203 943 1865 1227 1204 827 1234 1011 951 0 197 118 966 473 1190 206 1006 1230 1347 754 72 1209 897 929 1312 988 1602 1208 1517 1931 1709 1441 1343 105 1061 863 207 1050 867 1256 1581 62 307 160 1545 127 1508 1073
1619 89 47 238 83 324 138 965 194 218 894 1077 1377 1116 2039 1401 1378 1001 1408 1185 1125 197 0 253 1139 646 1363 58 1179 1403 1521 927 155 1383 1071 1102 1485 1162 1776 1382 1691 2105 1883 1615 1517 202 1234 1036 58 1224 1040 1430 1755 195 481 334 1719 261 1682 1246
1390 185 273 84 193 94 145 736 125 100 665 847 1147 887 1810 1171 1148 771 1179 955 895 118 253 0 910 417 1134 262 950 1174 1291 698 128 1153 841 873 1256 932 1546 1152 1461 1875 1653 1385 1287 161 1005 807 263 994 811 1200 1525 118 251 104 1490 82 1452 1017
511 1071 1159 932 1079 838 1031 233 1011 948 1086 459 268 529 1204 292 269 167 299 76 526 966 1139 910 0 550 255 1148 345 294 687 242 1014 274 686 268 376 53 667 273 1477 996 774 1400 1303 1047 126 124 1149 606 423 321 646 967 696 847 780 929 573 1032
1030 578 666 439 586 345 538 376 518 455 676 487 787 557 1450 812 788 412 819 595 554 473 646 417 550 0 774 655 590 814 932 338 521 793 715 513 896 572 1186 792 1102 1515 1293 1025 928 554 645 447 656 635 451 841 1165 475 203 355 1130 436 1093 657
357 1294 1383 1156 1303 1062 1255 457 1235 1172 1310 683 400 752 1050 284 362 390 400 284 750 1190 1363 1134 255 774 0 1372 569 288 837 466 1238 370 910 492 223 231 513 408 1701 842 621 1624 1527 1271 300 347 1373 830 647 263 492 1191 920 1071 627 1153 420 1256
1628 123 67 246 116 332 171 974 166 227 903 1085 1385 1125 2048 1410 1386 1010 1417 1193 1133 206 58 262 1148 655 1372 0 1188 1412 1530 936 189 1391 1080 1111 1494 1170 1784 1390 1700 2113 1891 1623 1526 173 1243 1045 78 1233 1049 1439 1763 204 489 343 1728 270 1690 1255
825 1111 1199 972 1119 878 1071 273 1051 988 1126 499 582 569 933 607 583 207 614 390 566 1006 1179 950 345 590 569 1188 0 609 415 282 1054 588 726 308 691 367 763 587 1517 1001 780 1440 1343 1087 440 242 1189 646 463 636 784 1007 736 887 613 969 823 1072
268 1334 1423 1196 1343 1102 1295 497 1275 1212 1350 723 311 792 961 195 273 430 310 324 789 1230 1403 1174 294 814 288 1412 609 0 748 506 1278 280 950 532 134 271 424 319 1741 753 531 1664 1567 1311 340 387 1413 870 686 173 403 1231 960 1111 537 1193 330 1296
562 1452 1541 1313 1461 1220 1413 615 1393 1330 1468 840 861 910 571 745 822 546 860 732 907 1347 1521 1291 687 932 837 1530 415 748 0 624 1396 830 1068 482 655 709 400 869 1858 638 417 1782 1684 1429 782 584 1530 988 804 723 421 1349 1078 1229 250 1311 460 1414
722 859 947 720 867 626 819 102 799 736 874 247 479 317 1142 504 481 104 511 288 314 754 927 698 242 338 466 936 282 506 624 0 802 485 474 205 588 264 878 484 1265 1207 986 1188 1091 835 337 139 937 394 211 533 857 755 484 635 822 717 785 820
1494 86 178 113 95 199 47 840 78 93 769 952 1252 991 1914 1276 1253 876 1283 1060 1000 72 155 128 1014 521 1238 189 1054 1278 1396 802 0 1258 946 977 1360 1036 1651 1257 1566 1980 1758 1490 1392 114 1109 911 189 1099 915 1305 1630 70 356 209 1594 136 1557 1121
350 1314 1402 1175 1323 1081 1275 476 1254 1191 1330 702 393 772 1043 277 355 410 393 304 769 1209 1383 1153 274 793 370 1391 588 280 830 485 1258 0 930 511 216 251 506 401 1720 835 613 1644 1546 1290 320 367 1392 849 666 256 485 1211 940 1091 619 1173 412 1275
1039 1043 1131 904 1051 810 1003 385 983 920 586 144 796 64 1459 820 797 420 827 604 73 938 1112 882 559 587 783 1120 599 823 940 347 986 802 0 522 905 581 1195 801 1514 1524 1302 1437 1340 1019 654 456 1121 175 180 849 1174 940 727 820 1138 901 1101 1069
748 1034 1122 895 1042 801 994 196 974 911 1049 422 505 492 1000 530 506 130 537 313 489 929 1102 873 268 513 492 1111 308 532 482 205 977 511 649 0 614 290 829 510 1440 1067 847 1363 1266 1010 363 165 1112 569 386 559 850 931 659 811 680 892 811 995
203 1416 1505 1278 1425 1184 1377 579 1357 1294 1432 805 246 874 868 130 208 512 246 406 872 1312 1485 1256 376 896 223 1494 691 134 655 588 1360 216 1032 614 0 353 332 254 1823 660 438 1746 1649 1393 310 469 1495 952 769 109 338 1313 1042 1193 444 1275 266 1378
487 1093 1181 954 1101 860 1053 255 1033 970 1108 481 244 551 1180 269 246 189 276 83 548 988 1162 932 53 572 231 1170 367 271 709 264 1036 251 708 290 353 0 643 250 1499 973 751 1422 1325 1069 102 146 1171 628 445 298 622 990 718 870 757 951 550 1054
238 1707 1795 1568 1716 1474 1667 869 1647 1584 1723 1095 537 1165 613 421 498 803 536 697 1162 1602 1776 1546 667 1186 513 1784 763 424 400 878 1651 506 1323 829 332 643 0 545 2113 405 183 2037 1939 1683 601 760 1785 1242 1059 399 98 1604 1333 1484 189 1566 137 1668
388 1313 1401 1174 1322 1080 1274 475 1253 1190 1329 701 431 771 1081 315 393 409 431 303 768 1208 1382 1152 273 792 408 1390 587 319 869 484 1257 401 929 510 254 250 545 0 1719 874 652 1643 1545 1289 319 366 1391 848 665 294 524 1210 939 1090 658 1172 451 1274
1957 1622 1711 1483 1631 1390 1583 1303 1563 1499 1721 1414 1714 1484 2377 1738 1715 1338 1746 1522 1481 1517 1691 1461 1477 1102 1701 1700 1517 1741 1858 1265 1566 1720 1641 1440 1823 1499 2113 1719 0 2442 2220 122 202 1599 1572 1374 1700 1561 1378 1767 2092 1519 1248 1399 2056 1481 2019 497
567 2036 2124 1897 2045 1803 1997 1198 1976 1913 2052 1424 866 1494 436 750 827 1132 865 1026 1491 1931 2105 1875 996 1515 842 2113 1001 753 638 1207 1980 835 1652 1067 660 973 405 874 2442 0 422 2366 2268 2012 930 1089 2114 1571 1388 728 426 1933 1662 1813 428 1895 465 1997
345 1814 1903 1675 1823 1581 1775 976 1754 1691 1830 1202 644 1272 630 528 605 910 643 804 1269 1709 1883 1653 774 1293 621 1891 780 531 417 986 1758 613 1430 847 438 751 183 652 2220 422 0 2144 2046 1790 708 867 1892 1350 1166 506 204 1711 1440 1591 206 1673 243 1776
1880 1546 1634 1407 1555 1313 1506 1226 1486 1423 1644 1338 1638 1407 2300 1662 1639 1262 1669 1446 1404 1441 1615 1385 1400 1025 1624 1623 1440 1664 1782 1188 1490 1644 1565 1363 1746 1422 2037 1643 122 2366 2144 0 166 1522 1495 1297 1624 1485 1301 1691 2016 1443 1172 1323 1980 1405 1943 420
1783 1448 1537 1309 1457 1215 1409 1129 1389 1325 1547 1240 1540 1310 2203 1564 1541 1164 1571 1348 1307 1343 1517 1287 1303 928 1527 1526 1343 1567 1684 1091 1392 1546 1467 1266 1649 1325 1939 1545 202 2268 2046 166 0 1424 1398 1200 1526 1387 1204 1593 1918 1345 1074 1225 1882 1307 1845 323
1527 170 184 145 179 231 131 873 110 126 802 984 1284 1024 1947 1309 1285 908 1316 1092 1032 105 202 161 1047 554 1271 173 1087 1311 1429 835 114 1290 979 1010 1393 1069 1683 1289 1599 2012 1790 1522 1424 0 1142 944 174 1131 948 1337 1662 103 388 241 1627 169 1589 1154
445 1166 1254 1027 1174 933 1126 328 1106 1043 1181 554 313 624 1138 338 315 262 345 156 621 1061 1234 1005 126 645 300 1243 440 340 782 337 1109 320 781 363 310 102 601 319 1572 930 708 1495 1398 1142 0 219 1244 701 518 350 580 1062 791 943 714 1024 507 1127
604 968 1056 829 976 735 928 130 908 845 983 356 361 426 1102 385 362 64 392 169 423 863 1036 807 124 447 347 1045 242 387 584 139 911 367 583 165 469 146 760 366 1374 1089 867 1297 1200 944 219 0 1046 503 320 414 739 864 593 745 782 826 666 929
1629 123 67 247 116 333 171 975 166 228 904 1086 1386 1126 2049 1410 1387 1010 1417 1194 1134 207 58 263 1149 656 1373 78 1189 1413 1530 937 189 1392 1080 1112 1495 1171 1785 1391 1700 2114 1892 1624 1526 174 1244 1046 0 1233 1050 1439 1764 205 490 343 1728 270 1691 1256
1086 1155 1244 1016 1164 922 1116 432 1095 1032 703 191 843 145 1506 868 845 468 875 652 142 1050 1224 994 606 635 830 1233 646 870 988 394 1099 849 303 569 952 628 1242 848 1561 1571 1350 1485 1387 1131 701 503 1233 0 227 897 1221 1052 781 932 1186 1014 1149 1117
903 972 1060 833 980 739 932 249 912 849 707 149 660 150 1322 684 661 284 691 468 147 867 1040 811 423 451 647 1049 463 686 804 211 915 666 307 386 769 445 1059 665 1378 1388 1166 1301 1204 948 518 320 1050 227 0 713 1038 869 597 749 1002 830 965 933
243 1361 1450 1222 1370 1128 1322 523 1302 1238 1377 749 286 819 936 170 248 457 286 351 816 1256 1430 1200 321 841 263 1439 636 173 723 533 1305 256 977 559 109 298 399 294 1767 728 506 1691 1593 1337 350 414 1439 897 713 0 378 1258 987 1138 512 1220 305 1323
259 1686 1774 1547 1694 1453 1646 848 1626 1563 1702 1074 516 1144 634 399 477 782 515 676 1141 1581 1755 1525 646 1165 492 1763 784 403 421 857 1630 485 1301 850 338 622 98 524 2092 426 204 2016 1918 1662 580 739 1764 1221 1038 378 0 1583 1312 1463 210 1545 158 1647
1448 126 215 102 135 152 87 793 67 82 723 905 1205 944 1867 1229 1206 829 1236 1013 953 62 195 118 967 475 1191 204 1007 1231 1349 755 70 1211 899 931 1313 990 1604 1210 1519 1933 1711 1443 1345 103 1062 864 205 1052 869 1258 1583 0 309 162 1547 125 1510 1074
1176 412 500 273 421 179 372 522 352 289 510 634 934 703 1596 958 935 558 965 742 700 307 481 251 696 203 920 489 736 960 1078 484 356 940 687 659 1042 718 1333 939 1248 1662 1440 1172 1074 388 791 593 490 781 597 987 1312 309 0 189 1276 271 1239 803
1328 265 354 126 274 89 226 673 206 142 603 785 1085 824 1747 1109 1086 709 1116 893 833 160 334 104 847 355 1071 343 887 1111 1229 635 209 1091 779 811 1193 870 1484 1090 1399 1813 1591 1323 1225 241 943 745 343 932 749 1138 1463 162 189 0 1427 124 1390 954
351 1650 1739 1511 1659 1418 1611 813 1591 1528 1666 1038 650 1108 463 534 611 744 649 810 1105 1545 1719 1490 780 1130 627 1728 613 537 250 822 1594 619 1266 680 444 757 189 658 2056 428 206 1980 1882 1627 714 782 1728 1186 1002 512 210 1547 1276 1427 0 1509 249 1612
1409 192 281 104 201 114 153 755 133 120 684 866 1167 906 1829 1191 1168 791 1198 975 915 127 261 82 929 436 1153 270 969 1193 1311 717 136 1173 861 892 1275 951 1566 1172 1481 1895 1673 1405 1307 169 1024 826 270 1014 830 1220 1545 125 271 124 1509 0 1472 1036
299 1613 1702 1474 1622 1380 1574 775 1553 1490 1629 1001 443 1071 673 327 405 709 442 603 1068 1508 1682 1452 573 1093 420 1690 823 330 460 785 1557 412 1229 811 266 550 137 451 2019 465 243 1943 1845 1589 507 666 1691 1149 965 305 158 1510 1239 1390 249 1472 0 1575
1512 1177 1266 1039 1186 945 1138 858 1118 1055 1276 969 1269 1039 1932 1294 1270 894 1301 1077 1036 1073 1246 1017 1032 657 1256 1255 1072 1296 1414 820 1121 1275 1197 995 1378 1054 1668 1274 497 1997 1776 420 323 1154 1127 929 1256 1117 933 1323 1647 1074 803 954 1612 1036 1575 0
EOF