NAME : tsp_problem
TYPE : TSP
DIMENSION : 69
EDGE_WEIGHT_TYPE : EXPLICIT
EDGE_WEIGHT_FORMAT : FULL_MATRIX
EDGE_WEIGHT_SECTION
0 4746 4094 6275 4965 4124 6062 5993 5424 4244 4905 5998 4422 5028 3704 4570 4604 4251 5942 6256 4066 4373 4869 6106 4731 4752 5072 4653 4719 5338 5075 6601 4676 5140 4296 3123 5187 4595 3210 3960 5179 4697 4691 4846 4759 133 4655 4684 4924 5050 4677 4287 4504 4576 4652 4245 5455 5990 6163 4711 6116 4598 4230 5111 4841 4176 5737 3456 6135
4746 0 1148 1728 1190 3226 1562 1493 877 4102 770 1451 3602 807 2806 606 989 4109 1395 1709 4017 900 309 1559 779 396 1010 1179 910 791 1013 2101 314 593 822 2225 929 1121 1841 1283 632 123 1003 286 986 4742 1127 109 393 503 117 4145 3679 709 766 3347 908 1443 1663 903 1616 870 4088 1217 628 3278 1190 1604 1588
4094 1148 0 2414 904 2112 2002 1932 1563 2990 844 2137 2670 967 1692 710 543 2997 2081 2227 3102 312 1048 2077 870 891 1012 592 658 1478 1014 2540 1088 1104 435 1111 1126 534 927 169 1149 1099 630 1025 699 4090 594 1085 864 1021 1079 3033 2565 517 592 2233 1426 1960 2102 650 2056 537 2976 1050 781 2364 1876 673 2274
6275 1728 2414 0 2431 4492 2646 2576 896 5368 2010 484 4868 1984 4072 1993 2230 5375 484 847 5283 2165 1611 845 2197 1787 2251 2429 2151 1182 2253 3184 1852 1770 2088 3491 2106 2371 3107 2549 1368 1679 2243 1588 2227 6270 2368 1665 1635 1445 1659 5411 4945 1958 2011 4613 1097 960 2746 2144 2700 2115 5354 2457 1874 4544 985 2870 559
4965 1190 904 2431 0 2983 1366 1297 1580 3861 541 2155 3541 664 2563 1053 436 3868 2099 2232 3973 656 1074 2082 1213 920 377 592 357 1495 379 1905 1131 751 779 1982 491 534 1798 1039 1154 1142 309 1051 257 4961 433 1128 890 1026 1122 3903 3436 860 576 3104 1431 1965 1467 349 1421 521 3847 374 604 3234 1894 1544 2291
4124 3226 2112 4492 2983 0 4081 4011 3641 910 2923 4216 591 3046 493 2788 2622 917 4160 4305 1027 2391 3126 4156 2948 2970 3091 2671 2737 3556 3093 4619 3166 3183 2514 1106 3205 2613 1427 1978 3228 3177 2709 3103 2777 4120 2673 3164 2943 3100 3158 953 486 2596 2671 153 3505 4039 4181 2729 4135 2616 896 3129 2859 290 3955 1659 4352
6053 1553 1992 2614 1357 4071 0 151 1835 4949 1330 2408 4629 1108 3651 1818 1524 4956 2353 2207 5061 1744 1436 2136 2023 1613 1177 1680 1445 1794 1179 630 1677 997 1867 3070 980 1622 2886 2128 1453 1504 1397 1413 1319 6049 1521 1491 1279 1325 1484 4991 4524 1601 1526 4192 1730 2020 192 1437 275 1609 4935 1383 1315 4322 2149 2632 2377
5984 1484 1923 2545 1288 4002 151 0 1766 4880 1261 2339 4560 1039 3582 1749 1454 4887 2284 2138 4992 1675 1367 2067 1954 1544 1107 1610 1376 1725 1110 690 1608 928 1798 3001 911 1553 2817 2058 1384 1435 1328 1344 1250 5980 1452 1421 1210 1255 1415 4922 4455 1532 1457 4123 1661 1951 252 1368 175 1540 4866 1314 1246 4253 2080 2562 2308
5424 877 1563 896 1580 3641 1848 1778 0 4517 1160 620 4017 1134 3221 1142 1379 4524 563 897 4432 1314 760 748 1346 936 1400 1578 1300 331 1403 2386 1001 919 1237 2640 1256 1521 2256 1698 519 828 1393 737 1376 5419 1517 814 784 596 808 4560 4094 1107 1161 3762 248 631 1948 1293 1902 1265 4503 1607 1023 3693 359 2019 756
4678 4553 3630 5819 4501 1550 5598 5529 4968 0 4441 5543 1056 4564 2011 4115 4140 114 5486 5801 776 3909 4453 5651 4275 4297 4608 4189 4254 4883 4611 6137 4493 4684 3840 2624 4723 4131 2754 3496 4723 4504 4226 4430 4295 4673 4191 4491 4461 4595 4484 908 1128 4113 4188 1459 5000 5534 5699 4247 5652 4134 93 4647 4377 1311 5282 3001 5679
4905 770 844 2010 541 2923 1339 1270 1160 3800 0 1734 3481 243 2502 705 339 3807 1678 1811 3913 596 653 1661 909 499 360 540 261 1074 363 1878 710 414 718 1922 475 482 1737 979 733 721 353 630 336 4900 477 707 469 605 701 3843 3376 469 394 3043 1010 1545 1440 253 1393 425 3786 567 183 3174 1473 1483 1871
5998 1451 2137 484 2155 4216 2420 2351 620 5092 1734 0 4592 1708 3795 1717 1954 5099 162 738 5006 1889 1335 735 1921 1511 1974 2153 1875 906 1977 2959 1575 1494 1811 3215 1830 2095 2831 2273 1092 1402 1967 1311 1951 5994 2091 1389 1359 1169 1383 5134 4669 1682 1735 4336 821 851 2521 1867 2475 1839 5078 2181 1597 4267 709 2594 344
4422 3602 2670 4868 3541 591 4639 4569 4017 593 3481 4592 0 3604 1051 3164 3180 600 4535 4850 519 2949 3502 4700 3324 3346 3649 3229 3295 3932 3651 5177 3542 3734 2889 1664 3763 3171 1803 2536 3772 3553 3267 3479 3335 4417 3231 3540 3501 3644 3534 635 168 3154 3229 500 4049 4583 4739 3287 4693 3174 579 3687 3417 360 4331 2050 4728
5028 807 967 1984 664 3046 1117 1048 1134 3923 243 1708 3604 0 2626 750 463 3931 1652 1785 4036 719 690 1635 955 545 483 663 384 1049 486 1656 756 256 841 2045 484 605 1860 1102 707 758 476 667 460 5023 600 745 514 579 739 3966 3499 514 440 3166 984 1519 1218 376 1171 543 3910 690 229 3297 1447 1606 1845
3704 2806 1692 4072 2563 493 3660 3591 3221 1370 2502 3795 1051 2626 0 2368 2202 1377 3739 3885 1487 1971 2706 3735 2528 2549 2670 2250 2316 3135 2673 4199 2746 2763 2093 686 2785 2193 1007 1558 2808 2757 2288 2683 2357 3700 2252 2743 2523 2679 2737 1413 946 2175 2250 613 3084 3619 3761 2309 3714 2195 1356 2709 2439 751 3534 1238 3932
4570 606 710 1994 1053 2788 1828 1759 1143 3664 705 1717 3164 750 2368 0 692 3671 1661 1975 3578 461 628 1825 441 418 945 741 807 1057 948 2367 546 859 383 1787 1060 683 1403 845 898 557 779 605 847 4566 743 544 644 769 537 3706 3241 644 701 2908 1174 1709 1929 799 1882 686 3650 1152 564 2840 1456 1166 1854
4604 989 543 2230 436 2622 1533 1464 1379 3500 339 1954 3180 463 2202 692 0 3507 1898 2030 3612 295 873 1880 852 719 543 231 153 1294 546 2072 930 633 418 1621 658 173 1437 678 953 940 230 850 230 4600 194 927 688 824 920 3542 3075 499 373 2743 1229 1764 1634 146 1587 318 3486 582 403 2873 1693 1182 2090
4685 4560 3637 5826 4508 1558 5605 5536 4975 114 4448 5550 1063 4571 2018 4122 4147 0 5493 5808 783 3916 4460 5658 4282 4304 4615 4196 4262 4890 4618 6144 4500 4692 3848 2631 4730 4138 2761 3503 4730 4511 4234 4437 4302 4680 4198 4498 4468 4602 4492 915 1135 4120 4195 1466 5007 5541 5706 4254 5659 4141 100 4654 4384 1318 5289 3008 5686
5942 1395 2081 484 2099 4160 2366 2297 563 5035 1678 162 4535 1652 3739 1660 1898 5042 0 738 4950 1833 1278 736 1865 1455 1918 2097 1819 849 1921 2905 1519 1438 1755 3159 1774 2039 2774 2216 1037 1346 1911 1255 1895 5938 2035 1333 1303 1114 1326 5078 4612 1626 1679 4280 766 851 2467 1811 2420 1783 5021 2125 1541 4211 653 2538 345
6256 1709 2227 847 2232 4305 2239 2170 897 5183 1811 738 4850 1785 3885 1974 2030 5190 738 0 5264 1978 1592 186 2179 1769 2051 2229 1952 1184 2054 2778 1833 1571 2069 3304 1907 2172 3089 2362 1168 1660 2044 1569 2027 6252 2168 1647 1436 1246 1640 5226 4758 1770 1812 4426 898 302 2340 1944 2293 1916 5169 2258 1674 4525 1211 2852 610
4066 4017 3102 5283 3973 1025 5070 5001 4432 342 3913 5006 519 4036 1485 3578 3612 349 4950 5264 0 3381 3917 5114 3739 3760 4080 3661 3727 4346 4083 5609 3957 4148 3304 2099 4195 3603 2218 2968 4187 3968 3699 3894 3767 4062 3663 3954 3932 4058 3948 385 602 3584 3661 934 4463 4998 5171 3719 5124 3606 328 4119 3849 774 4745 2464 5143
4373 900 312 2165 656 2391 1753 1684 1314 3269 596 1889 2949 719 1971 461 295 3276 1833 1978 3381 0 799 1828 622 643 763 344 409 1229 766 2292 840 856 187 1390 878 286 1206 448 901 851 381 776 450 4369 346 837 616 772 831 3311 2844 268 343 2512 1177 1712 1854 402 1807 289 3255 802 532 2642 1628 952 2026
4869 309 1047 1611 1074 3126 1446 1376 760 4002 653 1335 3502 690 2705 574 873 4009 1278 1592 3916 799 0 1443 779 369 894 1068 794 675 896 1984 433 476 721 2125 813 1010 1741 1183 515 260 886 82 870 4865 1011 247 277 386 240 4044 3579 592 650 3246 792 1326 1546 787 1500 754 3988 1100 512 3177 1073 1504 1471
6106 1559 2077 845 2082 4156 2149 2080 748 5033 1661 735 4700 1635 3735 1825 1880 5040 736 186 5114 1828 1443 0 2029 1619 1901 2080 1802 1034 1904 2688 1683 1421 1919 3155 1757 2022 2939 2212 1019 1510 1894 1420 1877 6102 2018 1497 1286 1096 1491 5076 4609 1620 1662 4276 748 152 2250 1794 2203 1766 5019 2108 1524 4375 1061 2702 608
4731 779 870 2198 1213 2948 2033 1964 1347 3824 909 1922 3324 955 2528 441 852 3831 1865 2180 3739 622 832 2030 0 623 1150 901 967 1262 1152 2571 552 1063 544 1947 1264 843 1563 1005 1102 730 939 809 1008 4726 903 717 849 974 711 3867 3401 824 901 3069 1379 1913 2134 959 2087 846 3810 1356 768 3000 1661 1326 2058
4752 396 891 1788 920 2970 1623 1554 937 3845 499 1512 3346 545 2549 418 719 3853 1455 1770 3760 643 422 1620 623 0 740 914 640 852 742 2161 336 653 565 1969 854 856 1585 1026 692 347 732 399 716 4748 857 334 439 564 328 3888 3422 438 496 3090 969 1503 1724 633 1677 600 3831 946 358 3021 1251 1348 1648
5072 1010 1012 2251 377 3091 1186 1117 1400 3968 360 1974 3649 483 2670 945 543 3975 1918 2051 4080 763 894 1901 1150 740 0 699 464 1315 34 1725 951 570 886 2090 311 641 1905 1147 974 961 416 871 338 5068 540 947 709 845 941 4011 3543 709 634 3211 1250 1785 1287 457 1240 628 3954 403 423 3342 1714 1651 2111
4653 1179 592 2429 592 2671 1689 1620 1578 3548 540 2153 3229 663 2250 741 231 3555 2097 2229 3661 344 1068 2080 901 914 699 0 354 1493 702 2228 1119 834 466 1670 814 131 1485 727 1152 1130 317 1045 386 4648 281 1117 883 1024 1110 3591 3124 548 567 2791 1429 1963 1790 347 1743 512 3534 738 603 2922 1892 1231 2289
4719 910 658 2151 357 2737 1454 1385 1300 3614 261 1875 3295 384 2316 807 153 3621 1819 1952 3727 409 794 1802 967 640 464 354 0 1215 467 1993 851 555 532 1736 579 296 1551 793 874 862 167 771 151 4714 292 848 610 746 842 3657 3190 609 294 2857 1151 1685 1555 67 1508 239 3600 503 324 2988 1614 1297 2011
5338 791 1478 1182 1495 3556 1804 1734 331 4432 1074 906 3932 1049 3135 1057 1294 4439 849 1184 4346 1229 675 1034 1261 851 1315 1493 1215 0 1317 2342 915 834 1151 2555 1171 1435 2171 1613 783 743 1307 652 1291 5334 1432 729 699 655 723 4474 4009 1022 1075 3676 534 917 1904 1208 1858 1179 4418 1521 938 3608 645 1934 1042
5075 1013 1014 2253 379 3093 1189 1119 1403 3971 363 1977 3651 486 2673 948 546 3978 1921 2054 4083 766 896 1904 1152 742 34 702 467 1317 0 1727 953 573 889 2092 313 644 1908 1149 976 964 419 873 341 5071 543 950 712 848 944 4013 3546 712 637 3214 1253 1788 1289 459 1243 631 3957 405 426 3344 1716 1654 2114
6592 2092 2531 3153 1896 4610 630 690 2374 5487 1869 2947 5168 1646 4189 2357 2062 5495 2892 2746 5600 2283 1975 2675 2561 2151 1715 2218 1984 2333 1718 0 2216 1536 2405 3609 1518 2161 3424 2666 1992 2043 1935 1952 1858 6587 2060 2029 1818 1863 2023 5530 5063 2140 2065 4730 2268 2559 543 1976 813 2148 5473 1922 1854 4861 2687 3170 2916
4676 314 1088 1856 1131 3166 1691 1622 1005 4042 710 1580 3542 756 2746 546 930 4049 1523 1838 3957 840 438 1688 552 336 951 1119 851 920 953 2229 0 721 762 2165 1058 1061 1781 1223 760 265 943 415 927 4672 1068 252 522 632 245 4085 3619 649 707 3287 1037 1571 1792 844 1745 811 4028 1157 569 3218 1319 1544 1716
5140 593 1104 1770 751 3183 1007 937 919 4061 414 1494 3734 256 2763 858 633 4068 1438 1571 4148 856 476 1421 1063 653 570 834 555 834 573 1545 717 0 953 2182 374 776 1972 1240 493 544 647 453 630 5136 771 531 319 365 524 4103 3636 648 579 3304 770 1304 1107 547 1061 683 4047 777 368 3409 1233 1736 1630
4296 822 435 2088 779 2514 1876 1807 1237 3389 718 1811 2889 841 2093 383 418 3396 1755 2069 3304 187 722 1919 544 565 886 466 532 1151 889 2415 762 953 0 1513 1001 409 1128 570 992 773 504 699 573 4292 468 759 737 863 753 3432 2966 389 466 2634 1268 1803 1977 525 1930 411 3375 925 655 2565 1550 892 1948
3123 2225 1111 3491 1982 1106 3080 3010 2640 1984 1922 3215 1664 2045 686 1787 1621 1991 3159 3304 2100 1390 2125 3155 1947 1969 2090 1670 1736 2555 2092 3618 2165 2182 1513 0 2204 1612 426 977 2227 2176 1708 2102 1776 3119 1672 2163 1942 2099 2157 2027 1559 1595 1670 1227 2504 3038 3180 1728 3134 1615 1970 2128 1858 1361 2954 658 3351
5187 929 1126 2106 491 3205 989 920 1256 4083 475 1830 3763 484 2785 1060 658 4090 1774 1907 4195 878 813 1757 1264 854 311 814 579 1171 313 1528 1053 374 1001 2204 0 756 2020 1261 830 881 531 790 453 5183 655 867 656 701 861 4125 3658 824 749 3326 1106 1641 1090 571 1043 743 4069 517 538 3456 1570 1766 1967
4595 1121 534 2371 534 2613 1631 1562 1521 3491 482 2095 3171 605 2193 683 173 3498 2039 2172 3603 286 1010 2022 843 856 641 131 296 1435 644 2170 1061 776 409 1612 756 0 1428 669 1094 1072 259 987 328 4591 223 1059 825 966 1053 3533 3066 490 509 2734 1371 1905 1732 289 1685 455 3477 680 546 2864 1834 1173 2231
3210 1841 927 3107 1798 1427 2895 2826 2256 2303 1737 2831 1803 1860 1007 1403 1437 2310 2774 3089 2218 1206 1741 2939 1563 1585 1905 1485 1551 2171 1908 3434 1781 1972 1128 426 2020 1428 0 793 2011 1792 1523 1718 1592 3205 1487 1779 1757 1883 1773 2346 1880 1409 1485 1548 2288 2822 2996 1544 2949 1430 2289 1944 1674 1479 2570 289 2967
3960 1283 169 2549 1039 1978 2137 2068 1698 2856 979 2273 2536 1102 1558 845 678 2863 2216 2362 2968 448 1183 2212 1005 1026 1147 727 793 1613 1149 2675 1223 1240 570 977 1261 669 793 0 1284 1234 765 1160 834 3956 729 1221 999 1156 1214 2898 2431 652 727 2099 1561 2096 2238 785 2191 672 2842 1186 916 2229 2012 539 2409
5179 632 1149 1368 1154 3228 1462 1393 519 4106 733 1092 3772 707 2808 897 953 4113 1037 1168 4187 901 515 1019 1101 691 974 1152 874 783 976 2001 756 493 992 2227 830 1094 2011 1284 0 583 966 492 950 5174 1091 569 358 168 563 4148 3681 693 734 3349 368 902 1563 867 1517 838 4092 1180 597 3448 832 1774 1228
4697 123 1099 1679 1142 3177 1513 1444 828 4053 721 1402 3553 758 2757 557 940 4060 1346 1660 3968 851 260 1510 730 347 961 1130 862 743 964 2052 265 544 773 2176 881 1072 1792 1234 583 0 954 237 937 4693 1078 60 345 454 68 4096 3630 660 717 3298 859 1394 1614 854 1568 821 4039 1168 579 3229 1141 1556 1539
4691 1003 630 2243 309 2709 1406 1337 1393 3586 353 1967 3267 476 2288 779 230 3593 1911 2044 3699 381 886 1894 939 732 416 317 167 1307 419 1945 943 647 504 1708 531 259 1523 765 966 954 0 863 103 4686 158 940 702 838 934 3629 3162 586 387 2829 1243 1778 1507 160 1460 332 3572 455 416 2960 1706 1269 2104
4846 286 1024 1588 1051 3103 1423 1353 737 3979 630 1311 3479 667 2682 551 850 3986 1255 1569 3893 776 82 1420 756 346 871 1045 771 652 873 1961 410 453 698 2102 790 987 1718 1160 492 237 863 0 847 4842 988 224 254 363 217 4021 3556 569 627 3223 769 1303 1523 764 1477 731 3965 1077 489 3154 1050 1481 1448
4759 986 699 2227 257 2777 1328 1259 1376 3655 336 1951 3335 460 2357 847 230 3662 1895 2027 3767 450 870 1877 1008 716 338 386 151 1291 341 1867 927 630 573 1776 453 328 1592 834 950 937 103 847 0 4755 227 924 685 821 917 3698 3230 654 370 2898 1226 1761 1429 144 1382 315 3641 403 400 3029 1690 1338 2087
133 4742 4090 6270 4961 4120 6058 5989 5419 4240 4900 5994 4417 5023 3700 4566 4600 4247 5938 6252 4062 4369 4865 6102 4726 4748 5068 4648 4714 5334 5071 6597 4672 5136 4292 3119 5183 4591 3205 3956 5174 4693 4686 4842 4755 0 4650 4679 4920 5046 4673 4282 4500 4572 4648 4241 5451 5986 6159 4707 6112 4593 4226 5107 4837 4172 5733 3452 6130
4655 1127 594 2368 433 2673 1530 1461 1517 3550 477 2091 3231 600 2252 743 194 3557 2035 2168 3663 346 1011 2018 903 857 540 281 292 1432 543 2069 1068 771 468 1672 655 223 1487 729 1091 1078 158 988 227 4650 0 1064 826 962 1058 3593 3126 550 511 2793 1367 1902 1631 284 1584 456 3536 579 540 2924 1831 1233 2228
4684 109 1085 1665 1128 3164 1500 1431 814 4040 707 1389 3540 745 2743 544 927 4047 1333 1647 3954 837 247 1497 717 334 947 1117 848 729 950 2039 252 531 759 2163 867 1059 1779 1221 569 60 940 224 924 4679 1064 0 331 441 55 4082 3617 646 704 3284 846 1381 1601 840 1554 808 4026 1154 566 3215 1128 1542 1525
4924 393 864 1635 890 2943 1289 1220 784 3821 469 1359 3501 514 2523 644 688 3828 1303 1436 3932 616 277 1286 849 439 709 883 610 699 712 1827 517 319 737 1942 656 825 1757 999 358 345 702 254 685 4920 826 331 0 230 325 3863 3396 408 465 3064 635 1169 1390 602 1343 569 3807 916 328 3193 1098 1504 1495
5050 503 1021 1445 1026 3100 1334 1265 596 3977 605 1169 3644 579 2679 768 824 3984 1114 1246 4058 772 386 1096 973 563 845 1024 746 655 848 1873 627 365 863 2099 701 966 1883 1156 168 454 838 363 821 5046 962 441 230 0 435 4020 3552 564 606 3220 445 979 1435 738 1388 710 3963 1052 468 3319 910 1646 1305
4677 117 1079 1659 1122 3158 1494 1424 808 4033 701 1383 3534 739 2737 537 920 4040 1326 1640 3948 831 240 1491 711 328 941 1110 842 723 944 2032 245 524 753 2157 861 1053 1773 1214 563 68 934 217 917 4673 1058 55 325 435 0 4076 3610 640 697 3278 840 1374 1594 834 1548 801 4019 1148 560 3209 1122 1536 1519
4611 4486 3563 5752 4434 1483 5531 5462 4901 172 4374 5476 989 4497 1944 4048 4073 179 5419 5734 709 3842 4386 5584 4208 4229 4541 4122 4187 4816 4544 6070 4426 4617 3773 2557 4656 4064 2687 3429 4656 4437 4159 4363 4228 4606 4124 4424 4394 4528 4417 0 1061 4046 4121 1392 4933 5467 5632 4180 5585 4067 158 4580 4310 1243 5215 2934 5612
4506 3679 2565 4945 3436 486 4533 4464 4094 487 3376 4669 168 3499 946 3241 3075 494 4612 4758 604 2844 3579 4609 3401 3422 3543 3124 3190 4009 3546 5072 3619 3636 2966 1559 3658 3066 1880 2431 3681 3630 3162 3556 3230 4502 3126 3617 3396 3552 3610 530 0 3048 3123 394 3958 4492 4634 3182 4587 3069 473 3582 3312 444 4408 2112 4805
4576 709 517 1958 860 2596 1610 1541 1107 3473 469 1682 3154 514 2175 644 499 3480 1626 1770 3584 268 592 1620 824 438 709 548 609 1022 712 2149 649 648 389 1595 824 490 1409 652 693 660 586 569 654 4572 550 646 408 564 640 3516 3048 0 465 2716 969 1504 1711 602 1664 493 3459 916 327 2846 1421 1156 1819
4652 766 592 2011 576 2671 1536 1466 1161 3548 394 1735 3229 440 2250 701 373 3555 1679 1812 3661 343 650 1662 901 496 634 567 294 1075 637 2074 707 579 466 1670 749 509 1485 727 734 717 387 627 370 4648 511 704 465 606 697 3591 3123 465 0 2791 1011 1546 1636 286 1590 168 3534 722 253 2922 1474 1231 1872
4245 3347 2233 4613 3104 153 4201 4132 3762 819 3043 4336 500 3166 613 2908 2743 826 4280 4426 935 2512 3247 4276 3069 3090 3211 2791 2857 3676 3214 4740 3287 3304 2634 1227 3326 2734 1548 2099 3349 3298 2829 3224 2898 4241 2793 3284 3064 3220 3278 862 394 2716 2791 0 3625 4160 4302 2850 4255 2736 805 3250 2980 357 4075 1779 4473
5455 908 1426 1097 1431 3505 1739 1670 248 4382 1010 821 4049 984 3084 1174 1229 4389 766 898 4463 1177 792 748 1378 968 1250 1429 1151 534 1253 2278 1032 770 1268 2504 1106 1371 2288 1561 368 859 1243 769 1226 5451 1367 846 635 445 840 4425 3958 969 1011 3625 0 632 1840 1143 1793 1115 4368 1457 873 3724 562 2051 958
5990 1443 1960 960 1965 4039 2033 1963 631 4917 1545 851 4583 1519 3619 1708 1764 4924 851 302 4998 1712 1326 152 1913 1503 1785 1963 1685 917 1788 2571 1567 1304 1803 3038 1641 1905 2822 2096 902 1394 1778 1303 1761 5986 1902 1381 1169 979 1374 4959 4492 1504 1546 4160 632 0 2133 1678 2087 1649 4903 1991 1408 4259 945 2586 723
6154 1654 2093 2715 1458 4172 192 252 1936 5050 1431 2509 4730 1209 3752 1919 1624 5057 2454 2308 5162 1845 1537 2237 2124 1714 1277 1780 1546 1895 1280 543 1778 1098 1968 3171 1081 1723 2987 2228 1554 1605 1498 1514 1420 6150 1622 1591 1380 1425 1585 5092 4625 1702 1627 4293 1831 2121 0 1538 375 1710 5036 1484 1416 4423 2250 2732 2478
4711 903 650 2144 349 2729 1447 1377 1293 3607 253 1867 3287 376 2309 799 146 3614 1811 1944 3719 402 787 1794 959 633 457 347 67 1208 459 1985 844 547 525 1728 571 289 1544 785 867 854 160 764 144 4707 284 840 602 738 834 3649 3182 602 286 2850 1143 1678 1547 0 1501 232 3593 495 317 2980 1607 1290 2004
6107 1607 2046 2668 1411 4125 275 175 1889 5003 1384 2462 4683 1162 3705 1872 1578 5010 2408 2261 5115 1798 1490 2191 2077 1667 1231 1734 1499 1848 1233 813 1731 1051 1921 3124 1034 1676 2940 2182 1507 1558 1451 1467 1373 6103 1575 1545 1334 1379 1538 5045 4578 1655 1580 4246 1784 2074 375 1491 0 1663 4989 1437 1369 4376 2203 2686 2431
4598 870 537 2115 521 2616 1618 1549 1265 3493 425 1839 3174 543 2195 686 318 3500 1783 1916 3606 289 754 1766 846 600 628 512 239 1179 631 2157 811 683 411 1615 743 455 1430 672 838 821 332 731 315 4593 456 808 569 710 801 3536 3069 493 168 2736 1115 1649 1719 232 1673 0 3479 667 357 2867 1578 1176 1975
4664 4539 3616 5805 4487 1537 5584 5515 4954 93 4427 5529 1042 4550 1997 4101 4126 100 5472 5787 762 3895 4439 5637 4261 4283 4594 4175 4241 4869 4597 6123 4479 4671 3826 2610 4709 4117 2740 3482 4709 4490 4213 4416 4281 4659 4177 4477 4447 4581 4471 894 1114 4099 4174 1445 4986 5520 5685 4233 5638 4120 0 4633 4363 1297 5268 2987 5665
5111 1217 1050 2457 374 3129 1393 1323 1607 4007 567 2181 3687 690 2709 1152 582 4014 2125 2258 4119 802 1100 2108 1356 946 403 738 503 1521 405 1931 1157 777 925 2128 517 680 1944 1186 1180 1168 455 1077 403 5107 579 1154 916 1052 1148 4049 3582 916 722 3250 1457 1991 1493 495 1447 667 3993 0 630 3380 1920 1690 2317
4841 628 781 1874 604 2859 1325 1255 1023 3737 183 1597 3417 229 2439 564 403 3744 1541 1674 3849 532 512 1524 768 358 423 603 324 938 426 1863 569 368 655 1858 538 546 1674 916 597 579 416 489 400 4837 540 566 328 468 560 3780 3312 327 253 2980 873 1408 1425 317 1379 357 3723 630 0 3111 1337 1420 1734
4176 3278 2364 4544 3234 290 4332 4262 3693 859 3174 4267 360 3297 751 2840 2873 867 4211 4525 774 2642 3178 4375 3000 3021 3342 2922 2988 3608 3344 4870 3218 3409 2565 1361 3456 2864 1479 2229 3448 3229 2960 3155 3029 4172 2924 3215 3193 3319 3209 902 444 2846 2922 357 3724 4259 4432 2980 4386 2867 846 3380 3111 0 4006 1725 4404
5737 1190 1876 985 1894 3955 2161 2092 359 4831 1473 709 4331 1447 3534 1455 1693 4838 653 1211 4745 1628 1073 1061 1660 1250 1714 1892 1614 645 1716 2700 1314 1233 1550 2954 1570 1834 2570 2012 832 1141 1706 1050 1690 5733 1831 1128 1098 910 1122 4873 4408 1421 1474 4075 562 945 2262 1607 2215 1578 4817 1920 1337 4006 0 2333 845
3456 1604 673 2870 1544 1659 2641 2572 2019 2536 1483 2594 2050 1606 1238 1166 1182 2543 2538 2852 2464 952 1504 2702 1326 1348 1651 1231 1297 1934 1654 3180 1544 1736 892 658 1766 1173 289 539 1774 1556 1269 1481 1338 3452 1233 1542 1504 1646 1536 2579 2112 1156 1231 1779 2051 2586 2742 1290 2695 1176 2522 1690 1420 1725 2333 0 2731
6135 1588 2274 559 2291 4352 2409 2340 756 5228 1871 344 4728 1845 3932 1853 2090 5235 345 610 5143 2026 1471 608 2058 1648 2111 2289 2011 1042 2114 2948 1712 1630 1948 3351 1967 2231 2967 2409 1228 1539 2104 1448 2087 6130 2228 1525 1495 1305 1519 5271 4805 1819 1872 4473 958 723 2510 2004 2463 1975 5214 2317 1734 4404 845 2731 0
EOF
