NAME : tsp_problem
TYPE : TSP
DIMENSION : 45
EDGE_WEIGHT_TYPE : EXPLICIT
EDGE_WEIGHT_FORMAT : FULL_MATRIX
EDGE_WEIGHT_SECTION
0 2125 1810 3445 2445 622 3660 2941 3158 1614 1988 1814 1754 2616 1926 1087 1961 2635 1927 1663 1675 2287 2304 98 900 2166 1754 886 1473 2217 1837 4869 2104 1580 1967 3400 2154 3064 1221 1821 2118 1575 3742 2454 2452
2125 0 350 1465 680 2656 1680 1177 1381 827 680 623 782 838 567 3121 602 871 3960 719 730 1096 566 2132 2904 975 510 1484 3477 738 3841 6842 340 590 4001 1420 963 1084 3254 632 426 3608 5715 782 1261
1810 350 0 1729 793 2341 1944 1290 1494 542 395 475 496 951 281 2806 316 984 3646 571 582 947 677 1817 2615 827 193 1195 3188 590 3552 6552 453 279 3686 1685 815 1348 2940 483 471 3294 5426 824 1112
3436 1456 1720 0 2063 3967 571 2515 2519 2210 2063 1691 2165 2175 1949 4432 1984 2209 5271 1892 1903 2041 1459 3443 4240 1920 1880 2821 4813 1684 5177 8178 1723 1966 5312 90 1909 812 4565 1743 1809 4919 7051 2165 2206
2445 680 793 2072 0 2975 2287 536 941 973 825 1230 927 398 712 3441 747 229 4278 1327 1338 1703 1174 2451 3050 1582 953 1630 3623 1346 3987 6987 379 911 4319 2028 1571 1692 3574 1239 571 3891 5860 927 1868
622 2656 2341 3976 2975 0 4190 3472 3689 2145 2519 2345 2285 3147 2457 545 2492 3166 1384 2194 2205 2817 2835 629 357 2697 2285 1416 930 2748 1294 5400 2635 2111 1425 3931 2685 3595 678 2352 2649 1032 4273 2985 2982
3650 1670 1934 571 2278 4181 0 2730 2734 2425 2277 1906 2379 2390 2164 4646 2199 2424 5486 2106 2118 2256 1673 3657 4455 2135 2094 3035 5028 1898 5392 8392 1937 2180 5526 527 2123 1027 4780 1957 2023 5134 7265 2379 2421
2941 1177 1290 2528 536 3472 2742 0 910 1469 1322 1727 1424 524 1209 3937 1244 355 4775 1823 1835 2200 1670 2948 3546 2079 1450 2126 4119 1843 4483 7484 875 1408 4815 2483 2068 2147 4070 1736 1068 4388 6357 1424 2365
3158 1381 1494 2532 941 3689 2747 910 0 1855 1707 1931 1809 726 1594 4154 1629 760 4994 2027 2039 2404 1874 3165 3932 2283 1654 2512 4505 2047 4869 7869 1277 1624 5034 2487 2272 2151 4288 1940 1453 4642 6742 1809 2569
1614 828 542 2220 974 2145 2435 1470 1856 0 464 725 230 1313 402 2610 437 1164 3448 575 586 1198 1186 1621 2219 1077 666 799 2792 1100 3156 6156 633 490 3488 2176 1066 1839 2743 733 647 3060 5029 930 1363
1988 681 395 2073 826 2519 2287 1323 1708 464 0 836 418 1165 167 2984 202 1016 3822 933 944 1309 1038 1995 2593 1188 555 1173 3166 952 3530 6530 485 508 3862 2028 1177 1692 3117 845 454 3434 5403 566 1474
1814 623 475 1700 1230 2345 1915 1727 1931 725 836 0 866 1388 723 2810 758 1421 3649 270 281 504 559 1821 2618 384 360 1199 3191 473 3555 6556 890 691 3690 1656 372 1319 2943 147 913 3297 5429 1266 669
1754 782 496 2175 928 2285 2389 1424 1810 230 418 866 0 1267 356 2750 391 1118 3588 715 726 1338 1140 1761 2359 1218 656 939 2932 1054 3296 6296 587 610 3628 2130 1206 1794 2883 873 602 3200 5170 885 1503
2616 838 951 2188 398 3147 2402 524 726 1312 1165 1388 1266 0 1051 3612 1086 218 4451 1485 1496 1861 1331 2623 3389 1740 1111 1969 3962 1504 4326 7326 735 1081 4492 2143 1729 1807 3745 1397 910 4099 6200 1267 2026
1926 567 281 1959 713 2457 2174 1209 1595 402 167 723 356 1052 0 2922 89 903 3760 819 831 1196 925 1933 2531 1075 441 1111 3104 839 3468 6468 372 395 3800 1915 1064 1578 3055 732 386 3372 5342 597 1361
1087 3121 2806 4441 3441 545 4656 3937 4154 2610 2984 2810 2750 3612 2922 0 2957 3631 874 2659 2671 3282 3300 1094 505 3162 2750 1881 422 3213 784 5865 3100 2576 914 4396 3150 4060 167 2817 3114 522 4738 3450 3447
1961 602 316 1994 748 2492 2209 1244 1630 437 202 758 391 1087 89 2957 0 938 3795 854 866 1231 960 1968 2566 1110 476 1146 3139 874 3503 6503 407 430 3835 1950 1099 1614 3090 767 421 3407 5377 632 1396
2635 871 984 2222 229 3166 2436 355 760 1163 1016 1421 1118 218 902 3631 937 0 4469 1517 1528 1894 1364 2642 3240 1773 1144 1820 3813 1536 4177 7178 569 1102 4509 2177 1762 1841 3764 1430 762 4081 6051 1118 2059
1927 3960 3646 5280 4278 1384 5495 4775 4994 3448 3822 3649 3588 4451 3760 874 3795 4469 0 3499 3510 4122 4139 1934 1261 4001 3590 2719 1156 4053 415 5946 3938 3416 165 5236 3990 4900 770 3657 3952 460 4819 4288 4287
1663 719 571 1901 1327 2194 2116 1823 2027 575 933 270 715 1485 819 2659 854 1517 3499 0 98 743 760 1670 2468 622 454 1048 3041 673 3405 6405 986 541 3539 1857 611 1520 2793 277 1009 3147 5279 1362 908
1675 730 582 1912 1338 2205 2127 1835 2039 586 944 281 726 1496 831 2671 866 1528 3510 98 0 754 771 1682 2479 633 466 1059 3052 685 3416 6417 997 552 3550 1868 622 1531 2804 288 1020 3158 5290 1373 919
2287 1096 947 2050 1703 2817 2265 2200 2404 1198 1309 504 1338 1861 1196 3282 1231 1894 4122 743 754 0 909 2293 3091 354 832 1671 3664 822 4028 7028 1362 1164 4162 2006 219 1669 3416 620 1385 3770 5902 1738 292
2304 566 677 1468 1174 2835 1682 1670 1874 1186 1038 559 1140 1331 925 3300 960 1364 4139 760 771 909 0 2311 3108 788 837 1689 3681 552 4045 7046 833 922 4180 1423 777 1087 3433 611 919 3787 5919 1275 1074
98 2132 1817 3452 2451 629 3667 2948 3165 1621 1995 1821 1761 2623 1933 1094 1968 2642 1934 1670 1682 2293 2311 0 907 2173 1761 892 1480 2224 1844 4876 2111 1587 1974 3407 2161 3071 1228 1828 2125 1582 3749 2461 2458
900 2904 2615 4249 3050 357 4464 3546 3932 2219 2593 2618 2359 3389 2531 505 2566 3240 1261 2468 2479 3091 3108 907 0 2970 2559 1491 605 3022 969 5474 2709 2384 1302 4205 2959 3869 559 2626 2723 874 4347 3059 3256
2166 975 827 1929 1582 2697 2144 2079 2283 1077 1188 384 1218 1740 1075 3162 1110 1773 4001 622 633 354 788 2173 2970 0 712 1551 3543 702 3907 6908 1242 1043 4042 1885 222 1549 3295 499 1265 3649 5781 1618 519
1754 510 193 1889 953 2285 2104 1450 1654 666 555 360 656 1111 441 2750 476 1144 3590 454 466 832 837 1761 2559 712 0 1139 3132 750 3496 6496 613 439 3630 1845 700 1508 2883 367 631 3237 5369 984 997
886 1484 1195 2830 1630 1416 3044 2126 2512 799 1173 1199 939 1969 1111 1881 1146 1820 2719 1048 1059 1671 1689 892 1491 1551 1139 0 2064 1602 2428 5428 1289 964 2760 2785 1539 2449 2015 1206 1304 2332 4301 1640 1836
1473 3477 3188 4822 3623 930 5037 4119 4505 2792 3166 3191 2932 3962 3104 422 3139 3813 1156 3041 3052 3664 3681 1480 605 3543 3132 2064 0 3595 864 6047 3282 2957 1196 4778 3532 4442 476 3199 3296 769 4920 3632 3829
2217 738 590 1693 1346 2748 1908 1843 2047 1100 952 473 1054 1504 839 3213 874 1536 4053 673 685 822 552 2224 3022 702 750 1602 3595 0 3959 6959 1005 836 4093 1648 690 1312 3347 524 1028 3701 5832 1381 987
1837 3841 3552 5187 3987 1294 5401 4483 4869 3156 3530 3555 3296 4326 3468 784 3503 4177 415 3405 3416 4028 4045 1844 969 3907 3496 2428 864 3959 0 6034 3646 3321 455 5142 3896 4806 680 3563 3660 326 4907 3996 4193
4869 6842 6552 8187 6987 5400 8402 7484 7869 6156 6530 6556 6296 7326 6468 5865 6503 7178 5946 6405 6417 7028 7046 4876 5474 6908 6496 5428 6047 6959 6034 0 6646 6321 5987 8142 6896 7806 5998 6563 6622 6236 2309 6440 7193
2104 340 453 1732 379 2635 1947 875 1277 632 485 890 587 735 371 3100 406 569 3938 986 997 1362 833 2111 2709 1242 613 1289 3282 1005 3646 6646 0 571 3978 1687 1230 1351 3233 899 231 3550 5520 587 1528
1580 590 279 1975 911 2111 2190 1408 1624 490 508 691 610 1081 395 2576 430 1102 3416 541 552 1164 922 1587 2384 1043 439 964 2957 836 3321 6321 571 0 3456 1930 1032 1594 2709 698 585 3064 5194 938 1329
2608 4624 4327 5961 4770 2065 6176 5266 5652 3939 4313 4330 4079 5109 4251 1554 4286 4960 806 4180 4191 4803 4820 2615 1753 4682 4270 3211 1647 4733 906 6420 4429 4096 0 5917 4671 5580 1451 4337 4444 1109 5294 4780 4968
3391 1411 1675 90 2019 3922 527 2471 2475 2166 2018 1647 2120 2131 1905 4387 1940 2165 5227 1847 1859 1996 1414 3398 4196 1876 1835 2776 4769 1639 5133 8133 1678 1921 5267 0 1864 768 4520 1698 1764 4875 7006 2120 2161
2154 963 815 1918 1571 2685 2133 2068 2272 1066 1177 372 1206 1729 1064 3150 1099 1762 3990 611 622 219 777 2161 2959 222 700 1539 3532 690 3896 6896 1230 1032 4030 1874 0 1537 3284 488 1253 3638 5770 1606 384
3055 1075 1339 812 1682 3586 1027 2134 2139 1829 1682 1310 1784 1794 1569 4051 1604 1828 4890 1511 1522 1660 1078 3062 3859 1539 1499 2440 4432 1303 4796 7797 1342 1585 4931 768 1528 0 4184 1362 1428 4538 6670 1784 1825
1221 3254 2940 4574 3574 678 4789 4070 4288 2743 3117 2943 2883 3745 3055 167 3090 3764 770 2793 2804 3416 3433 1228 559 3295 2883 2015 476 3347 680 5998 3233 2709 810 4530 3284 4193 0 2950 3248 418 4871 3584 3581
1821 632 483 1752 1239 2352 1967 1736 1940 733 845 147 873 1397 732 2817 767 1430 3657 277 288 620 611 1828 2626 499 367 1206 3199 524 3563 6563 899 698 3697 1708 488 1371 2950 0 922 3304 5436 1274 785
2118 426 471 1818 571 2649 2033 1068 1453 594 446 913 548 910 333 3114 368 762 3952 1009 1020 1385 919 2125 2723 1265 631 1303 3296 1028 3660 6622 231 585 3992 1773 1253 1437 3247 922 0 3564 5495 549 1550
1575 3608 3294 4928 3891 1032 5143 4388 4642 3060 3434 3297 3200 4099 3372 522 3407 4081 460 3147 3158 3770 3787 1582 874 3649 3237 2332 769 3701 326 6236 3550 3064 500 4884 3638 4547 418 3304 3565 0 5110 3901 3935
3742 5715 5426 7060 5860 4273 7275 6357 6742 5029 5403 5429 5170 6200 5342 4738 5377 6051 4819 5279 5290 5902 5919 3749 4347 5781 5369 4301 4920 5832 4907 2309 5520 5194 4860 7016 5770 6679 4871 5436 5495 5110 0 5313 6067
2454 782 824 2174 927 2985 2389 1424 1809 930 566 1266 885 1267 597 3450 632 1118 4288 1362 1373 1738 1275 2461 3059 1618 984 1640 3632 1381 3996 6440 587 938 4329 2130 1606 1793 3584 1274 549 3901 5313 0 1903
2452 1261 1112 2215 1868 2982 2430 2365 2569 1363 1474 669 1503 2026 1361 3447 1396 2059 4287 908 919 292 1074 2458 3256 519 997 1836 3829 987 4193 7193 1528 1329 4327 2171 384 1834 3581 785 1550 3935 6067 1903 0
EOF
