NAME : tsp_problem
TYPE : TSP
DIMENSION : 19
EDGE_WEIGHT_TYPE : EXPLICIT
EDGE_WEIGHT_FORMAT : FULL_MATRIX
EDGE_WEIGHT_SECTION
0 3986 1801 3080 1866 1620 1511 4715 2321 1621 5312 7146 1615 2145 4891 4783 4451 5534 2721
3995 0 2337 1142 2419 2524 2605 814 3535 2474 1411 3245 2520 3160 987 882 546 1629 3721
1811 2337 0 1430 171 275 359 3065 1285 369 3662 5496 270 911 3243 3133 2802 3886 1473
3089 1142 1430 0 1313 1545 1699 1671 2597 1568 2268 4102 1541 2223 2011 1739 1607 2689 2616
1875 2419 171 1313 0 284 442 2948 1337 451 3545 5379 280 962 3287 3016 2884 3965 1355
1629 2524 275 1545 284 0 317 3180 1090 555 3777 5611 34 716 3430 3248 2989 4072 1255
1521 2605 359 1699 442 317 0 3334 1263 339 3931 5765 312 888 3511 3402 3070 4153 1463
4724 814 3065 1671 2948 3180 3334 0 4232 3203 696 2530 3176 3858 439 395 367 1117 4251
2334 3535 1285 2597 1337 1090 1263 4232 0 1545 4829 6663 1086 522 4440 4300 4000 5083 890
1630 2474 369 1568 451 555 339 3203 1545 0 3799 5633 551 1171 3379 3270 2939 4022 1745
5321 1411 3662 2268 3545 3777 3931 696 4829 3799 0 1908 3773 4454 456 992 962 494 4847
7172 3260 5513 4119 5396 5628 5782 2547 6680 5650 1925 0 5624 6305 2307 2843 2811 2308 6698
1625 2520 270 1541 280 34 312 3176 1086 551 3773 5606 0 711 3425 3243 2985 4068 1251
2158 3160 911 2223 962 716 888 3858 522 1171 4454 6288 711 0 4066 3925 3625 4708 691
4901 987 3243 2011 3287 3430 3511 439 4440 3379 456 2290 3425 4066 0 734 537 719 4590
4792 882 3133 1739 3016 3248 3402 395 4300 3270 992 2826 3243 3925 734 0 435 1412 4318
4460 546 2802 1607 2884 2989 3070 367 4000 2939 962 2795 2985 3625 537 435 0 1180 4186
5793 1879 4135 2749 4026 4257 4403 1177 5310 4271 554 2334 4253 4935 937 1473 1429 0 5328
2734 3721 1473 2616 1355 1255 1463 4251 890 1745 4847 6681 1251 691 4590 4318 4186 5268 0
EOF
