NAME : tsp_problem
TYPE : TSP
DIMENSION : 33
EDGE_WEIGHT_TYPE : EXPLICIT
EDGE_WEIGHT_FORMAT : FULL_MATRIX
EDGE_WEIGHT_SECTION
0 2541 2384 3433 341 576 3090 2016 2708 1397 1529 1231 2232 2670 3740 1594 344 2826 1992 1737 1727 566 1437 1502 2251 1291 401 2287 1760 1857 2293 1892 2389
2541 0 200 4882 2480 3042 1056 775 618 3862 3995 1591 4697 5135 6205 1716 2326 642 1190 830 1168 3031 1668 1104 663 1651 2375 327 1039 745 4759 1639 600
2384 200 0 4724 2323 2884 898 618 460 3705 3837 1433 4540 4977 6048 1558 2169 484 1033 672 1011 2873 1510 947 506 1494 2217 170 882 588 4601 1481 443
3433 4882 4724 0 3698 3463 5431 4357 5049 4283 4416 4548 4362 4783 4733 4776 3701 5166 4332 4078 4310 3452 4728 4156 4592 4648 3758 4627 4117 4198 4347 4699 4729
341 2480 2323 3698 0 842 3029 1955 2648 1662 1795 1170 2497 2935 4006 1534 283 2765 1931 1677 1667 831 1376 1442 2190 1230 340 2226 1699 1796 2559 1831 2328
576 3042 2884 3463 842 0 3423 2349 3041 1382 1528 1732 2029 2656 3739 1896 735 3327 2318 2238 2030 74 1738 2003 2752 1592 702 2787 2062 2358 2292 2193 2721
3090 1056 898 5431 3029 3423 0 1141 741 4411 4544 2140 5080 5684 6754 2083 2795 635 1558 1395 1536 3412 2035 1653 1232 2032 2755 896 1407 1314 5308 2006 967
2016 775 618 4357 1955 2349 1141 0 760 3337 3470 1065 4006 4610 5680 1009 1721 1060 484 321 462 2338 961 579 835 958 1681 521 333 441 4234 932 440
2708 618 460 5049 2648 3041 741 760 0 4029 4162 1758 4698 5302 6373 1702 2413 384 1176 1014 1154 3030 1654 1271 850 1650 2373 515 1025 932 4926 1625 585
1397 3862 3705 4283 1662 1382 4411 3337 4029 0 220 2552 910 1360 2431 2906 1665 4147 3313 3058 3040 1371 2748 2823 3572 2602 1712 3608 3072 3178 984 3203 3709
1529 3995 3837 4416 1795 1528 4544 3470 4162 220 0 2685 1033 1471 2541 3048 1798 4279 3445 3191 3181 1518 2891 2956 3705 2745 1855 3740 3213 3311 1095 3346 3842
1231 1591 1433 4548 1170 1732 2140 1065 1758 2552 2685 0 3387 3825 4895 645 1016 1875 1041 787 777 1721 487 552 1301 341 1064 1336 809 907 3449 942 1438
2232 4697 4540 4362 2497 2029 5080 4006 4698 910 1033 3387 0 676 1759 3553 2392 4982 3975 3894 3687 2018 3395 3659 4408 3249 2359 4443 3719 4013 313 3850 4378
2670 5135 4977 4783 2935 2656 5684 4610 5302 1360 1471 3825 676 0 2180 4180 2938 5420 4586 4331 4314 2645 4022 4096 4845 3876 2986 4880 4346 4451 733 4477 4982
3757 6223 6065 4733 4023 3755 6772 5698 6390 2448 2558 4912 1777 2197 0 5276 4025 6507 5673 5419 5409 3744 5119 5184 5933 4973 4082 5968 5441 5539 1761 5574 6070
1594 1716 1558 4776 1534 1896 2083 1009 1702 2906 3048 645 3553 4180 5259 0 1268 2000 704 912 664 1885 268 686 1426 347 1228 1461 743 1032 3812 441 1382
344 2326 2169 3701 283 735 2795 1721 2413 1665 1798 1016 2392 2938 4008 1268 0 2611 1690 1523 1402 724 1110 1288 2036 964 74 2072 1434 1642 2562 1565 2093
2826 642 484 5166 2765 3327 635 1060 384 4147 4279 1875 4982 5420 6490 2000 2611 0 1475 1114 1453 3316 1952 1389 948 1936 2659 612 1324 1030 5043 1923 885
1992 1190 1033 4332 1931 2318 1558 484 1176 3313 3445 1041 3975 4586 5656 704 1690 1475 0 387 401 2307 656 555 901 803 1650 936 309 507 4209 543 856
1737 830 672 4078 1677 2238 1395 321 1014 3058 3191 787 3894 4331 5402 912 1523 1114 387 0 365 2227 864 300 540 848 1571 575 236 146 3955 835 694
1727 1168 1011 4310 1667 2030 1536 462 1154 3040 3181 777 3687 4314 5392 664 1402 1453 401 365 0 2019 616 292 879 624 1362 914 287 484 3945 587 834
566 3031 2873 3452 831 74 3412 2338 3030 1371 1518 1721 2018 2645 3728 1885 724 3316 2307 2227 2019 0 1727 1992 2741 1581 691 2776 2051 2347 2282 2182 2710
1437 1668 1510 4728 1376 1738 2035 961 1654 2748 2891 487 3395 4022 5101 268 1110 1952 656 864 616 1727 0 638 1378 190 1070 1413 695 984 3655 533 1334
1502 1104 947 4156 1442 2003 1653 579 1271 2823 2956 552 3659 4096 5167 686 1288 1389 555 300 292 1992 638 0 814 613 1336 850 324 420 3720 609 951
2251 663 506 4592 2190 2752 1232 835 850 3572 3705 1301 4408 4845 5916 1426 2036 948 901 540 879 2741 1378 814 0 1362 2085 409 750 455 4469 1349 682
1291 1651 1494 4648 1230 1592 2032 958 1650 2602 2745 341 3249 3876 4955 347 964 1936 803 848 624 1581 190 613 1362 0 924 1397 671 967 3509 645 1330
401 2375 2217 3758 340 702 2755 1681 2373 1712 1855 1064 2359 2986 4065 1228 74 2659 1650 1571 1362 691 1070 1336 2085 924 0 2120 1394 1691 2619 1525 2053
2287 327 170 4627 2226 2787 896 521 515 3608 3740 1336 4443 4880 5951 1461 2072 612 936 575 914 2776 1413 850 409 1397 2120 0 785 491 4504 1384 346
1760 1039 882 4117 1699 2062 1407 333 1025 3072 3213 809 3719 4346 5424 743 1434 1324 309 236 287 2051 695 324 750 671 1394 785 0 355 3978 666 705
1857 745 588 4198 1796 2358 1314 441 932 3178 3311 907 4013 4451 5522 1032 1642 1030 507 146 484 2347 984 420 455 967 1691 491 355 0 4075 955 764
2293 4759 4601 4347 2559 2291 5308 4234 4926 984 1095 3449 313 733 1744 3812 2562 5043 4209 3955 3945 2280 3655 3720 4469 3509 2619 4504 3978 4075 0 4110 4606
1892 1639 1481 4699 1831 2193 2006 932 1625 3203 3346 942 3850 4477 5556 441 1565 1923 543 835 587 2182 533 609 1349 645 1525 1384 666 955 4110 0 1305
2389 600 443 4729 2328 2721 967 440 585 3709 3842 1438 4378 4982 6053 1382 2093 885 856 694 834 2710 1334 951 682 1330 2053 346 705 764 4606 1305 0
EOF
