NAME : tsp_problem
TYPE : TSP
DIMENSION : 67
EDGE_WEIGHT_TYPE : EXPLICIT
EDGE_WEIGHT_FORMAT : FULL_MATRIX
EDGE_WEIGHT_SECTION
0 701 3201 1326 3145 3725 3264 867 3157 638 2680 3336 3065 3936 3345 3072 5167 3791 2239 3192 1044 3755 922 3279 3483 3710 520 2242 3366 5193 4188 3376 3273 3304 3974 742 3579 3480 3091 2316 1638 1364 2004 3640 4850 3886 3685 4475 3362 3064 1762 4744 2022 3356 5277 3264 3204 3636 3183 419 5154 3692 5200 2097 602 2883 3568
701 0 3751 1885 3696 4275 3814 1426 3715 1197 3239 3886 3615 4485 3894 3630 5713 4349 2797 3742 1590 4313 789 3829 4042 4268 1079 2800 3924 5743 4747 3934 3823 3854 4523 1301 4129 4038 3641 2180 2197 1910 2550 4190 5409 4445 4243 5034 3920 3622 2308 5294 2568 3906 5140 3823 3754 4186 3741 319 5704 4242 5750 2643 465 3441 4118
3201 3751 0 2018 441 624 214 2441 651 2890 677 200 202 835 494 566 2645 994 1046 143 2419 677 3783 230 778 1119 2772 1089 841 2092 1573 772 185 216 873 2995 478 761 228 5376 1708 1917 1237 535 2054 1089 607 1678 837 558 1664 1643 1255 359 4182 657 59 531 677 3479 2053 592 2099 1331 3661 377 463
1326 1885 2018 0 1962 2541 2081 566 1973 1015 1497 2153 1882 2752 2161 1888 3984 2608 1055 2009 747 2572 2106 2096 2300 2527 897 1058 2182 4010 3005 2193 2090 2120 2790 1120 2396 2297 1908 3500 455 729 821 2457 3667 2703 2502 3292 2178 1880 579 3561 839 2173 4172 2081 2021 2453 1999 1603 3971 2509 4016 914 1786 1699 2385
3145 3696 441 1962 0 925 503 2385 594 2834 620 575 304 968 393 509 2690 701 989 431 2363 659 3727 518 465 806 2716 1033 528 2137 1268 459 512 543 1006 2938 780 447 330 5319 1652 1861 1182 522 1761 797 589 1386 524 157 1609 1688 1200 455 3869 344 443 518 620 3422 2098 725 2143 1275 3604 320 450
3725 4275 624 2541 925 0 738 2965 1127 3414 1200 509 725 655 762 1089 2465 1182 1569 666 2942 781 4306 753 966 1307 3296 1613 1028 1912 1760 959 586 457 693 3518 237 948 752 5899 2232 2440 1761 723 2241 1277 795 1866 1024 1057 2187 1463 1779 668 4369 845 607 719 1153 4002 1873 412 1919 1854 4184 900 650
3264 3814 214 2081 503 738 0 2504 714 2953 740 358 264 949 646 629 2759 1151 1108 115 2481 835 3845 57 931 1267 2835 1152 923 2206 1730 924 286 317 987 3057 592 913 291 5438 1771 1979 1300 693 2210 1246 765 1835 919 621 1726 1757 1318 511 4329 810 217 689 740 3541 2167 706 2213 1393 3723 440 621
867 1426 2441 566 2385 2965 2504 0 2396 556 1920 2576 2305 3175 2584 2311 4407 3031 1479 2432 622 2995 1647 2519 2723 2950 438 1482 2606 4433 3428 2616 2513 2544 3213 661 2819 2720 2331 3041 878 604 1244 2880 4090 3126 2925 3715 2601 2303 1002 3984 1262 2596 4595 2504 2444 2876 2422 1144 4394 2932 4440 1337 1327 2122 2808
3157 3715 651 1973 594 1127 714 2396 0 2846 632 786 515 1170 595 469 2873 872 1001 642 2573 836 3936 729 564 738 2728 1045 393 2320 1269 404 723 754 1208 2950 981 561 541 5331 1664 2071 1392 724 1931 967 765 1556 389 513 1819 1871 1411 656 3800 345 654 720 210 3434 2281 927 2327 1486 3616 332 652
638 1197 2890 1015 2834 3414 2953 556 2846 0 2369 3025 2754 3625 3034 2761 4856 3480 1928 2881 736 3444 1417 2968 3172 3399 209 1931 3055 4882 3877 3065 2962 2993 3663 382 3268 3169 2780 2812 1327 1053 1693 3329 4539 3575 3374 4164 3051 2753 1451 4433 1711 3045 5045 2953 2893 3325 2872 915 4843 3381 4889 1786 1098 2572 3257
2680 3239 677 1497 620 1200 740 1920 632 2369 0 812 541 1411 820 547 3222 1266 525 668 2097 1230 3460 755 958 1185 2251 568 841 2669 1663 851 749 779 1449 2474 1055 955 567 4854 1187 1595 917 1116 2326 1361 1160 1950 837 539 1342 2220 935 832 4247 739 680 1112 658 2957 2630 1168 2675 1010 3140 358 1044
3336 3886 200 2153 575 509 358 2576 786 3025 812 0 337 720 379 701 2531 879 1181 286 2553 563 3917 373 664 1005 2907 1224 726 1978 1458 657 303 174 758 3129 364 646 363 5510 1843 2051 1372 420 1939 975 493 1564 722 693 1799 1529 1390 244 4067 543 183 417 812 3613 1939 477 1984 1465 3795 512 348
3065 3615 202 1882 304 725 264 2305 515 2754 541 337 0 936 452 430 2746 980 910 193 2282 814 3646 280 744 1068 2636 953 724 2193 1546 734 273 304 974 2858 580 726 92 5239 1572 1780 1101 672 2040 1076 744 1665 720 422 1528 1744 1119 357 4130 622 204 668 541 3342 2154 693 2200 1194 3524 241 599
3936 4485 835 2752 968 655 949 3175 1170 3625 1411 720 936 0 805 1300 2197 966 1780 877 3153 512 4517 964 794 1155 3507 1824 1071 1643 1545 982 797 668 219 3729 509 776 962 6110 2443 2651 1971 657 2025 1061 579 1650 1067 1100 2398 1194 1990 867 4235 888 818 655 1196 4213 1605 455 1650 2065 4395 1111 693
3345 3894 494 2161 393 762 646 2584 595 3034 820 379 452 805 0 709 2527 654 1189 574 2562 502 3926 661 434 775 2916 1233 497 1974 1233 427 597 467 843 3138 617 416 478 5519 1852 2060 1381 359 1714 750 431 1339 492 526 1807 1525 1399 214 3838 313 476 355 621 3622 1935 562 1981 1474 3804 520 287
3072 3630 566 1888 509 1089 629 2311 469 2761 547 701 430 1300 709 0 3111 1155 916 557 2488 1119 3851 644 847 1023 2643 960 678 2558 1552 689 638 668 1338 2865 944 844 456 5246 1579 1986 1307 1005 2215 1250 1049 1839 674 428 1734 2109 1326 721 4085 628 569 1001 495 3349 2519 1057 2564 1401 3531 247 933
5167 5713 2645 3984 2690 2465 2759 4407 2873 4856 3222 2531 2746 2197 2527 3111 0 2534 3590 2687 4380 2080 5744 2774 2362 2723 4738 3634 2774 2213 3038 2550 2607 2478 2235 4960 2319 2344 2773 7341 3705 3878 3782 2225 3240 2629 2147 3142 2770 2805 3584 1764 3800 2588 5803 2591 2628 2223 2899 5444 2174 2265 2220 3875 5626 2922 2298
3791 4349 994 2608 701 1182 1151 3031 871 3480 1266 879 980 966 654 1155 2534 0 1635 1079 3040 496 4404 1166 360 721 3362 1679 772 1981 671 548 1097 967 1004 3584 1036 343 1007 5965 2298 2537 1858 649 1150 186 426 775 768 803 2285 1532 1876 715 3801 590 977 502 897 4068 1942 981 1988 1951 4250 966 577
2239 2797 1046 1055 989 1569 1108 1479 1001 1928 525 1181 910 1780 1189 916 3590 1635 0 1037 1655 1599 3018 1124 1328 1554 1810 127 1210 3037 2033 1220 1117 1148 1818 2032 1424 1324 936 4413 746 1153 476 1485 2695 1731 1529 2320 1206 908 901 2588 495 1201 4463 1109 1048 1481 1027 2516 2998 1537 3044 570 2698 727 1412
3192 3742 143 2009 431 666 115 2432 642 2881 668 286 193 877 574 557 2687 1079 1037 0 2410 764 3774 130 859 1195 2763 1080 851 2134 1658 853 214 245 915 2985 521 841 219 5366 1699 1907 1228 622 2139 1175 694 1764 847 549 1655 1685 1246 440 4257 738 145 618 668 3469 2095 634 2141 1321 3652 368 549
1044 1590 2419 747 2363 2942 2481 622 2573 736 2097 2553 2282 3153 2562 2488 4380 3040 1655 2410 0 2997 1621 2496 2803 3127 618 1658 2782 4410 3605 2793 2490 2521 3191 840 2796 2786 2309 3218 1055 577 1217 2858 4099 3135 2927 3724 2778 2480 976 3961 1235 2573 4772 2681 2421 2854 2599 1321 4371 2910 4417 1310 1503 2299 2785
3755 4313 677 2572 659 781 835 2995 835 3444 1230 563 814 512 502 1119 2080 496 1599 764 2997 0 4361 851 324 685 3326 1643 736 1527 1075 512 780 650 550 3548 635 306 840 5929 2262 2495 1816 295 1555 591 109 1180 732 767 2243 1078 1834 563 3765 553 660 185 861 4032 1488 581 1534 1909 4214 930 260
845 235 3895 2029 3840 4419 3958 1570 3859 1341 3383 4030 3759 4630 4039 3774 5857 4493 2941 3886 1734 4457 0 3973 4186 4412 1223 2944 4068 5887 4891 4079 3967 3998 4667 1445 4273 4182 3785 2324 2341 2054 2694 4334 5553 4589 4387 5178 4064 3766 2452 5438 2712 4050 5285 3967 3898 4330 3885 463 5848 4386 5894 2787 609 3585 4262
3279 3829 230 2096 518 753 57 2519 729 2968 755 373 280 964 661 644 2774 1166 1124 130 2496 851 3860 0 946 1282 2850 1167 938 2221 1745 939 301 332 1002 3072 607 928 306 5453 1786 1994 1315 709 2226 1261 781 1850 934 636 1742 1772 1333 526 4344 825 232 705 755 3556 2182 721 2228 1408 3738 455 636
3483 4042 778 2300 465 966 931 2723 563 3172 958 664 744 794 434 847 2362 360 1328 859 2803 324 4168 946 0 413 3054 1371 465 1809 875 240 881 752 832 3277 820 49 771 5657 1990 2301 1622 478 1420 456 254 1045 461 496 2049 1360 1640 495 3494 282 761 331 589 3760 1770 766 1816 1715 3943 658 405
3710 4268 1119 2527 806 1307 1267 2950 738 3399 1185 1005 1068 1155 775 1023 2723 721 1554 1195 3127 685 4489 1282 413 0 3281 1598 431 2169 1118 428 1222 1092 1193 3503 1161 410 1094 5884 2217 2624 1946 838 1780 816 615 1405 427 738 2372 1720 1964 836 3395 525 1102 691 695 3987 2131 1107 2176 2039 4169 885 766
520 1079 2772 897 2716 3296 2835 438 2728 209 2251 2907 2636 3507 2916 2643 4738 3362 1810 2763 618 3326 1300 2850 3054 3281 0 1813 2937 4764 3759 2947 2844 2875 3545 313 3150 3051 2662 2694 1209 935 1575 3211 4422 3457 3256 4046 2933 2635 1333 4315 1593 2927 4927 2835 2775 3207 2754 797 4725 3264 4771 1668 980 2454 3139
2242 2800 1089 1058 1033 1613 1152 1482 1045 1931 568 1224 953 1824 1233 960 3634 1679 127 1080 1658 1643 3021 1167 1371 1598 1813 0 1254 3081 2076 1264 1161 1192 1862 2035 1467 1368 979 4416 749 1156 520 1528 2738 1774 1573 2363 1250 952 904 2632 538 1244 4466 1152 1092 1524 1071 2519 3042 1581 3088 613 2701 771 1456
3366 3924 841 2182 528 1028 923 2606 393 3055 841 726 724 1071 497 678 2775 773 1210 851 2782 737 4145 938 465 431 2937 1254 0 2222 1170 305 932 814 1109 3159 883 462 750 5540 1873 2280 1602 626 1833 868 667 1457 83 460 2028 1773 1620 558 3449 246 824 622 351 3643 2183 828 2229 1695 3825 541 553
5184 5733 2083 4000 2127 1903 2197 4423 2310 4873 2659 1968 2184 1634 1964 2548 2213 1971 3028 2125 4401 1518 5765 2212 1800 2160 4755 3072 2212 0 2506 1987 2045 1916 1672 4977 1757 1782 2210 7358 3691 3899 3219 1663 2707 2067 1585 2610 2208 2243 3646 560 3238 2026 5241 2029 2066 1661 2336 5461 253 1703 655 3313 5643 2359 1736
4188 4747 1573 3005 1268 1760 1730 3428 1268 3877 1663 1458 1546 1545 1233 1552 3041 671 2033 1658 3605 1075 4967 1745 875 1118 3759 2076 1170 2518 0 945 1675 1546 1583 3981 1615 871 1573 6362 2695 3103 2424 1228 1032 558 1004 506 1165 1201 2850 2069 2442 1294 4198 987 1556 1081 1294 4465 2479 1560 2525 2517 4648 1363 1155
3376 3934 772 2193 459 959 924 2616 404 3065 851 657 734 1002 427 689 2706 704 1220 853 2793 668 4155 939 396 428 2947 1264 305 2153 1101 0 874 745 1040 3169 814 393 761 5550 1883 2291 1612 557 1764 799 598 1388 301 391 2038 1704 1630 489 3500 177 755 553 430 3653 2114 759 2160 1705 3835 551 484
3273 3823 185 2090 512 586 286 2513 723 2962 749 303 273 797 597 638 2607 1097 1117 214 2490 780 3854 301 881 1222 2844 1161 932 2054 1675 874 0 165 835 3066 441 863 300 5447 1780 1988 1309 638 2156 1192 710 1781 928 630 1736 1605 1327 462 4284 760 187 634 749 3550 2015 554 2061 1402 3732 449 565
3304 3854 216 2120 543 457 317 2544 754 2993 779 174 304 668 467 668 2478 967 1148 245 2521 650 3885 332 752 1092 2875 1192 814 1925 1546 745 165 0 706 3097 311 734 331 5478 1811 2019 1340 508 2027 1063 580 1652 810 661 1766 1476 1358 333 4155 631 218 504 780 3581 1886 425 1932 1433 3763 479 436
3974 4523 873 2790 1006 693 987 3213 1208 3663 1449 758 974 219 843 1338 2235 1004 1818 915 3191 550 4555 1002 832 1193 3545 1862 1109 1681 1583 1020 835 706 0 3767 547 814 1000 6148 2481 2689 2009 695 2063 1099 617 1688 1105 1138 2436 1232 2028 904 4273 926 856 693 1234 4251 1643 493 1688 2103 4433 1149 731
742 1301 2995 1120 2938 3518 3057 661 2950 382 2474 3129 2858 3729 3138 2865 4960 3584 2032 2985 840 3548 1522 3072 3277 3503 313 2035 3159 4986 3981 3169 3066 3097 3767 0 3372 3273 2885 2916 1432 1157 1797 3433 4644 3679 3478 4268 3155 2857 1555 4537 1815 3149 5149 3057 2997 3429 2976 1019 4947 3486 4993 1890 1202 2676 3361
3579 4129 478 2396 780 237 592 2819 981 3268 1055 364 580 509 617 944 2319 1036 1424 521 2796 635 4160 607 820 1161 3150 1467 883 1766 1615 814 441 311 547 3372 0 802 606 5753 2086 2294 1615 577 2095 1131 649 1720 879 912 2042 1317 1633 523 4224 699 461 573 1007 3856 1727 266 1773 1708 4038 755 504
3480 4038 761 2297 447 948 913 2720 560 3169 955 646 726 776 416 844 2344 343 1324 841 2786 306 4150 928 49 410 3051 1368 461 1791 871 237 863 734 814 3273 802 0 753 5654 1987 2283 1604 460 1402 438 236 1027 457 492 2031 1342 1622 477 3490 279 743 313 586 3757 1752 748 1798 1697 3939 655 387
3091 3641 228 1908 330 752 291 2331 541 2780 567 363 92 962 478 456 2773 1007 936 219 2309 840 3673 306 771 1094 2662 979 750 2220 1573 761 300 331 1000 2885 606 753 0 5265 1598 1806 1127 698 2066 1102 770 1691 746 448 1554 1771 1145 383 4156 649 231 694 567 3368 2181 719 2227 1220 3551 267 626
2334 2197 5393 3518 5336 5916 5455 3059 5348 2829 4872 5527 5256 6127 5536 5263 7357 5982 4430 5384 3234 5946 2435 5470 5675 5901 2712 4433 5557 7384 6379 5567 5464 5495 6165 2934 5770 5671 5283 0 3830 3553 4193 5832 7042 6078 5876 6667 5553 5255 3952 6935 4212 5547 5636 5455 5395 5828 5374 1952 7345 5884 7391 4287 2039 5074 5759
1638 2197 1708 455 1652 2232 1771 878 1664 1327 1187 1843 1572 2443 1852 1579 3705 2298 746 1699 1055 2262 2418 1786 1990 2217 1209 749 1873 3700 2695 1883 1780 1811 2481 1432 2086 1987 1598 3812 0 553 542 2147 3357 2393 2192 2982 1869 1571 300 3251 560 1863 3795 1771 1711 2143 1690 1915 3661 2200 3707 635 2098 1390 2075
1364 1910 1917 729 1861 2440 1979 604 2071 1053 1595 2051 1780 2651 2060 1986 3878 2537 1153 1907 577 2495 1941 1994 2301 2624 935 1156 2280 3908 3103 2291 1988 2019 2689 1157 2294 2283 1806 3538 553 0 715 2355 3597 2633 2425 3222 2276 1978 473 3459 733 2071 4270 2179 1919 2351 2097 1641 3869 2408 3915 808 1823 1797 2283
2004 2550 1237 821 1182 1761 1300 1244 1392 1693 917 1372 1101 1971 1381 1307 3782 1858 476 1228 1217 1816 2581 1315 1622 1946 1575 520 1602 3229 2424 1612 1309 1340 2009 1797 1615 1604 1127 4178 542 715 0 1676 2918 1954 1746 2542 1598 1300 463 2780 54 1392 4259 1500 1240 1672 1419 2281 3190 1728 3236 129 2463 1118 1604
3640 4190 535 2457 522 723 693 2880 724 3329 1116 420 672 657 359 1005 2225 649 1485 622 2858 295 4222 709 478 838 3211 1528 626 1672 1228 557 638 508 695 3433 577 460 698 5814 2147 2355 1676 0 1709 745 262 1334 622 655 2103 1223 1694 421 3919 442 518 186 750 3917 1633 523 1679 1769 4100 816 118
4850 5409 2054 3667 1761 2241 2210 4090 1930 4539 2326 1939 2040 2025 1714 2215 3262 1150 2695 2139 4099 1555 5463 2226 1420 1780 4422 2738 1832 2739 1032 1607 2156 2027 2063 4644 2095 1402 2066 7025 3357 3597 2918 1709 0 1037 1485 865 1828 1863 3344 2290 2936 1775 4861 1649 2036 1562 1956 5128 2700 2041 2746 3011 5310 2026 1636
3886 4445 1089 2703 797 1277 1246 3126 966 3575 1361 975 1076 1061 750 1250 2629 186 1731 1175 3135 591 4499 1261 456 816 3457 1774 868 2076 558 643 1192 1063 1099 3679 1131 438 1102 6060 2393 2633 1954 745 1037 0 521 662 864 899 2380 1627 1972 811 3896 685 1072 597 992 4163 2037 1077 2083 2047 4346 1061 672
3685 4243 607 2502 589 795 765 2925 765 3374 1160 493 744 579 431 1049 2147 426 1529 694 2927 109 4291 781 254 615 3256 1573 666 1594 1004 442 710 580 617 3478 649 236 770 5859 2192 2425 1746 262 1485 521 0 1110 662 697 2173 1145 1764 493 3695 483 590 115 791 3962 1555 595 1601 1839 4144 860 190
4475 5034 1678 3292 1386 1866 1835 3715 1555 4164 1950 1564 1665 1650 1339 1839 3145 775 2320 1764 3724 1180 5088 1850 1045 1405 4046 2363 1457 2622 506 1232 1781 1652 1688 4268 1720 1027 1691 6649 2982 3222 2542 1334 865 662 1110 0 1453 1488 2969 2173 2561 1400 4485 1274 1661 1186 1581 4752 2583 1666 2629 2636 4935 1650 1261
3362 3920 837 2178 524 1024 919 2601 389 3051 837 722 720 1067 492 674 2771 769 1206 847 2778 733 4141 934 461 427 2933 1250 83 2218 1166 301 928 810 1105 3155 879 458 746 5536 1869 2276 1598 622 1828 864 663 1453 0 456 2024 1769 1616 554 3489 242 820 618 347 3639 2179 824 2225 1691 3821 537 549
3064 3622 558 1880 157 1057 621 2303 513 2753 539 693 422 1100 526 428 2805 803 908 549 2480 767 3843 636 496 738 2635 952 460 2252 1201 391 630 661 1138 2857 912 492 448 5238 1571 1978 1300 655 1863 899 697 1488 456 0 1726 1803 1318 587 3801 277 561 651 539 3341 2213 857 2259 1393 3523 239 582
1762 2308 1664 579 1609 2187 1726 1002 1819 1451 1342 1799 1528 2398 1807 1734 3584 2285 901 1655 976 2243 2340 1742 2049 2372 1333 904 2028 3655 2850 2038 1736 1766 2436 1555 2042 2031 1554 3936 300 473 463 2103 3344 2380 2173 2969 2024 1726 0 3206 481 1819 4018 1926 1666 2099 1845 2039 3617 2155 3662 556 2222 1545 2030
4735 5284 1634 3551 1678 1454 1748 3974 1861 4424 2210 1519 1735 1185 1515 2099 1764 1522 2579 1676 3952 1069 5316 1763 1351 1711 4306 2623 1763 560 2057 1538 1596 1467 1223 4528 1308 1333 1761 6909 3242 3450 2770 1214 2258 1618 1136 2161 1759 1794 3197 0 2789 1577 4792 1580 1617 1212 1887 5012 521 1254 567 2864 5194 1910 1287
2022 2568 1255 839 1200 1779 1318 1262 1411 1711 935 1390 1119 1990 1399 1326 3800 1876 495 1246 1235 1834 2599 1333 1640 1964 1593 538 1620 3247 2442 1630 1327 1358 2028 1815 1633 1622 1145 4196 560 733 54 1694 2936 1972 1764 2561 1616 1318 481 2798 0 1410 4278 1518 1258 1690 1437 2299 3208 1747 3254 147 2481 1137 1622
3356 3906 359 2173 455 668 511 2596 656 3045 832 244 357 867 214 721 2588 715 1201 440 2573 563 3938 526 495 836 2927 1244 558 2035 1294 489 462 333 904 3149 523 477 383 5530 1863 2071 1392 421 1775 811 493 1400 554 587 1819 1586 1410 0 3899 374 342 417 682 3633 1996 623 2042 1485 3816 532 348
5277 5140 4182 4172 3869 4369 4329 4595 3800 5045 4247 4067 4130 4235 3838 4085 5803 3801 4463 4257 4772 3765 5379 4344 3494 3395 4927 4466 3449 5250 4198 3500 4284 4155 4273 5149 4224 3490 4156 5636 3795 4270 4259 3919 4861 3896 3695 4485 3489 3801 4018 4801 4278 3899 0 3587 4165 3771 3757 4895 5211 4169 5257 4353 4982 3947 3846
3264 3823 657 2081 344 845 810 2504 345 2953 739 543 622 888 313 628 2591 590 1109 738 2681 553 4043 825 282 525 2835 1152 246 2038 987 177 760 631 926 3057 699 279 649 5438 1771 2179 1500 442 1649 685 483 1274 242 277 1926 1589 1518 374 3587 0 640 438 371 3541 1999 645 2045 1593 3724 439 370
3204 3754 59 2021 443 607 217 2444 654 2893 680 183 204 818 476 569 2628 977 1048 145 2421 660 3785 232 761 1102 2775 1092 824 2075 1556 755 187 218 856 2997 461 743 231 5378 1711 1919 1240 518 2036 1072 590 1661 820 561 1666 1626 1258 342 4165 640 0 514 680 3481 2036 575 2082 1333 3663 380 445
3636 4186 531 2453 518 719 689 2876 720 3325 1112 417 668 655 355 1001 2223 502 1481 618 2854 185 4218 705 331 691 3207 1524 622 1670 1081 518 634 504 693 3429 573 313 694 5810 2143 2351 1672 186 1562 597 115 1186 618 651 2099 1221 1690 417 3771 438 514 0 746 3913 1631 519 1677 1765 4096 812 114
3183 3741 677 1999 620 1153 740 2422 210 2872 658 812 541 1196 621 495 2900 898 1027 668 2599 862 3962 755 590 695 2754 1071 351 2346 1295 430 749 780 1234 2976 1007 587 567 5357 1690 2097 1419 750 1957 993 792 1582 347 539 1845 1897 1437 682 3757 371 680 746 0 3460 2308 953 2353 1512 3642 358 678
613 498 3466 1793 3410 3989 3528 1334 3620 1109 3144 3600 3329 4200 3609 3535 5427 4086 2702 3456 1304 4044 530 3543 3850 4173 991 2705 3829 5457 4652 3840 3537 3568 4238 1214 3843 3832 3355 2127 2102 1624 2264 3904 5146 4182 3974 4771 3825 3527 2022 5008 2282 3620 5088 3728 3468 3900 3646 0 5418 3957 5464 2357 413 3346 3832
5145 5695 2044 3961 2088 1864 2158 4385 2272 4834 2620 1929 2145 1595 1925 2509 2174 1933 2989 2086 4362 1479 5726 2173 1761 2121 4716 3033 2173 253 2467 1949 2006 1877 1633 4938 1718 1743 2172 7319 3652 3860 3181 1624 2669 2028 1546 2571 2169 2204 3607 521 3199 1987 5202 1990 2027 1622 2298 5422 0 1664 616 3274 5604 2320 1697
3692 4242 592 2509 725 412 706 2932 927 3381 1168 477 693 455 562 1057 2265 981 1537 634 2910 581 4274 721 766 1107 3264 1581 828 1712 1560 759 554 425 493 3486 266 748 719 5867 2200 2408 1728 523 2041 1077 595 1666 824 857 2155 1263 1747 623 4169 645 575 519 953 3970 1673 0 1719 1822 4152 868 450
5190 5740 2090 4007 2134 1910 2203 4430 2317 4879 2666 1975 2191 1641 1971 2555 2220 1978 3035 2132 4408 1525 5772 2219 1807 2167 4761 3078 2219 655 2513 1994 2052 1923 1679 4984 1764 1789 2217 7365 3697 3906 3226 1670 2714 2074 1591 2617 2215 2250 3653 567 3244 2033 5248 2036 2073 1668 2343 5468 616 1710 0 3320 5650 2366 1742
2097 2643 1331 914 1275 1854 1393 1337 1486 1786 1010 1465 1194 2065 1474 1401 3875 1951 570 1321 1310 1909 2675 1408 1715 2039 1668 613 1695 3322 2517 1705 1402 1433 2103 1890 1708 1697 1220 4271 635 808 129 1769 3011 2047 1839 2636 1691 1393 556 2873 147 1485 4353 1593 1333 1765 1512 2374 3283 1822 3329 0 2557 1212 1697
602 465 3661 1786 3604 4184 3723 1327 3616 1098 3140 3795 3524 4395 3804 3531 5625 4250 2698 3652 1502 4214 704 3738 3943 4169 980 2701 3825 5652 4648 3835 3732 3763 4433 1202 4038 3939 3551 2022 2098 1822 2462 4100 5310 4346 4144 4935 3821 3523 2220 5203 2480 3816 4982 3724 3663 4096 3642 220 5613 4152 5659 2555 0 3342 4027
2883 3441 377 1699 320 900 440 2122 332 2572 358 512 241 1111 520 247 2922 966 727 368 2299 930 3662 455 658 885 2454 771 541 2369 1363 551 449 479 1149 2676 755 655 267 5057 1390 1797 1118 816 2026 1061 860 1650 537 239 1545 1920 1137 532 3947 439 380 812 358 3160 2330 868 2375 1212 3342 0 744
3568 4118 463 2385 450 650 621 2808 652 3257 1044 348 599 693 287 933 2298 577 1412 549 2785 260 4149 636 405 766 3139 1456 553 1745 1155 484 565 436 731 3361 504 387 626 5742 2075 2283 1604 118 1636 672 190 1261 549 582 2030 1296 1622 348 3846 370 445 114 678 3845 1706 450 1752 1697 4027 744 0
EOF
