NAME : tsp_problem
TYPE : TSP
DIMENSION : 13
EDGE_WEIGHT_TYPE : EXPLICIT
EDGE_WEIGHT_FORMAT : FULL_MATRIX
EDGE_WEIGHT_SECTION
0 590 2278 880 1030 1274 2386 3254 3789 380 715 1501 4244
590 0 1860 947 560 1522 2143 3011 3371 514 783 1083 3998
2278 1860 0 2635 1624 3210 547 1182 1540 2121 2471 893 2167
880 946 2635 0 1386 674 2917 3785 4146 1199 286 1858 4773
1030 560 1624 1386 0 1961 1906 2774 3134 873 1222 846 3761
1274 1521 3210 674 1961 0 3324 4192 4721 1592 880 2433 5182
2386 2143 547 2917 1906 3324 0 907 1471 2204 2753 1175 1896
3254 3011 1182 3785 2774 4192 907 0 640 3072 3621 2043 1065
3789 3371 1540 4146 3134 4721 1471 640 0 3632 3981 2404 658
380 514 2121 1199 873 1592 2204 3072 3632 0 1034 1344 4061
715 782 2471 286 1222 880 2753 3621 3981 1034 0 1693 4609
1501 1083 893 1858 846 2433 1175 2043 2404 1344 1693 0 3031
4340 3922 2091 4696 3685 5271 2009 1178 581 4174 4532 2954 0
EOF
