NAME : tsp_problem
TYPE : TSP
DIMENSION : 60
EDGE_WEIGHT_TYPE : EXPLICIT
EDGE_WEIGHT_FORMAT : FULL_MATRIX
EDGE_WEIGHT_SECTION
0 2077 2612 2055 1608 2069 5549 2608 3172 4338 2074 455 3060 2753 2411 2324 2472 5596 3625 2172 2443 2149 2043 3615 2575 6504 2022 1929 1526 2296 2513 2467 1982 3114 1906 1809 1922 2123 5248 6524 1975 2681 1525 1619 2141 4840 1825 1992 3102 2074 2533 1935 2576 1912 2613 2210 1820 4911 1616 2829
2086 0 1130 1452 649 648 4068 1231 1691 3057 288 1987 1691 1377 1035 903 1191 4115 2343 661 1448 1212 1440 2134 1580 5023 1051 733 812 920 549 1472 197 1651 936 812 952 327 3767 4592 464 1200 1057 661 344 3558 629 481 1621 746 569 1105 1199 673 1156 1607 1217 3630 504 1453
2621 1130 0 1280 1106 1229 3093 1813 716 2082 1146 2523 716 1958 1616 1484 328 3140 1369 515 2029 739 1268 1159 2162 4049 719 833 1183 1501 670 2054 1054 676 797 1000 813 865 2792 4068 733 176 1350 1118 882 2583 895 749 646 666 657 730 1781 1254 181 1435 1165 2655 1086 2034
2064 1452 1280 0 913 1526 4217 2109 1840 3006 1467 1966 1728 2255 1913 1781 1140 4264 2293 1138 2144 817 68 2283 2277 5172 690 895 958 1798 1292 2169 1375 1782 574 775 590 1187 3916 5192 1038 1349 793 924 1204 3508 870 1055 1770 1089 1279 603 2077 1369 1281 461 567 3579 1073 2331
1617 649 1106 913 0 641 4043 1224 1667 2833 646 1519 1555 1370 1028 896 966 4090 2119 622 1260 683 900 2109 1392 4999 511 362 193 913 965 1284 554 1609 396 273 412 575 3742 5018 426 1176 588 39 592 3334 258 443 1597 506 984 565 1193 484 1108 1067 677 3406 188 1446
2078 648 1229 1526 641 0 4167 913 1790 3156 645 1980 1790 1058 716 584 1290 4214 2442 743 1149 1295 1514 2233 1282 5123 1125 811 804 601 1084 1174 553 1750 1009 886 1025 694 3866 5142 547 1299 1049 653 712 3657 707 563 1720 828 1104 1178 881 575 1255 1681 1291 3729 496 1134
5558 4068 3093 4217 4043 4167 0 4750 2443 1440 4083 5459 2533 4896 4554 4422 3128 76 2199 3453 4967 3676 4205 2022 5099 1169 3656 3769 4120 4439 3607 4991 3992 2493 3734 3937 3750 3802 368 4099 3670 3162 4286 4055 3819 810 3832 3687 2579 3603 3594 3667 4718 4192 2980 4371 4102 694 4023 4972
2620 1231 1813 2109 1224 913 4750 0 2373 3739 1228 2522 2373 239 228 691 1873 4797 3026 1326 885 1879 2097 2816 924 5706 1708 1395 1387 337 1667 909 1136 2333 1592 1469 1608 1278 4449 5725 1130 1882 1632 1236 1295 4241 1291 1146 2304 1411 1687 1761 62 808 1838 2264 1874 4312 1080 315
3182 1691 716 1840 1667 1790 2443 2373 0 1432 1707 3083 223 2519 2177 2045 751 2490 719 1076 2590 1300 1828 509 2723 3399 1279 1393 1744 2062 1231 2615 1615 183 1357 1561 1373 1426 2142 3418 1294 786 1910 1678 1443 1934 1456 1310 160 1227 1218 1290 2342 1815 604 1995 1725 2005 1647 2595
4348 3057 2082 3006 2833 3156 1441 3739 1432 0 3072 4249 1413 3885 3543 3411 1917 1488 986 2442 3788 2466 2994 1012 3920 2397 2445 2559 2910 3428 2597 3812 2981 1467 2523 2727 2539 2791 1140 3921 2659 2151 3076 2844 2809 728 2622 2676 1568 2394 2583 2456 3707 3012 1947 3161 2891 800 2838 3961
2083 288 1146 1467 646 645 4083 1228 1707 3072 0 1984 1706 1373 1032 900 1206 4130 2359 675 1445 1227 1455 2149 1577 5039 1066 748 809 916 732 1469 179 1666 950 827 966 342 3782 4796 479 1215 1053 657 359 3574 644 495 1637 760 752 1119 1196 669 1171 1622 1232 3645 501 1449
455 1978 2513 1957 1509 1970 5450 2509 3074 4240 1975 0 2962 2655 2313 2225 2373 5497 3526 2073 2344 2050 1944 3516 2477 6406 1923 1831 1428 2198 2414 2369 1884 3016 1808 1710 1823 2025 5149 6425 1877 2583 1427 1521 2042 4741 1727 1893 3004 1975 2434 1836 2477 1814 2515 2111 1721 4813 1518 2731
3070 1691 716 1728 1555 1790 2533 2373 223 1413 1706 2971 0 2519 2177 2045 639 2580 699 1076 2510 1188 1716 599 2642 3489 1167 1281 1632 2062 1231 2534 1615 99 1245 1449 1261 1426 2232 3508 1294 786 1798 1566 1443 1914 1344 1310 359 1116 1217 1178 2342 1734 604 1883 1613 1986 1560 2595
2766 1377 1958 2255 1370 1058 4896 239 2519 3885 1373 2667 2519 0 373 837 2019 4942 3171 1472 892 2024 2242 2962 763 5851 1854 1540 1533 482 1813 1051 1282 2478 1738 1615 1754 1423 4595 5871 1275 2027 1778 1381 1441 4386 1436 1292 2449 1557 1833 1907 208 954 1984 2409 2020 4458 1225 107
2424 1035 1616 1913 1028 716 4554 228 2177 3543 1032 2325 2177 373 0 495 1677 4601 2829 1130 689 1682 1901 2620 821 5509 1512 1198 1191 141 1471 713 940 2136 1396 1273 1412 1081 4253 5529 933 1686 1436 1040 1099 4044 1094 950 2107 1215 1491 1565 196 612 1642 2068 1678 4116 883 449
2333 903 1484 1781 896 584 4422 691 2045 3411 900 2234 2045 837 495 0 1545 4469 2697 998 928 1550 1769 2488 1060 5377 1380 1066 1059 380 1339 952 808 2004 1264 1141 1280 949 4121 5397 801 1554 1304 908 967 3912 962 818 1975 1083 1359 1433 660 830 1510 1936 1546 3984 751 913
2481 1191 328 1140 966 1290 3128 1873 751 1917 1206 2382 639 2019 1677 1545 0 3175 1204 576 1921 599 1128 1194 2053 4083 579 692 1043 1562 730 1945 1115 693 657 860 673 925 2827 4103 793 397 1209 978 943 2419 755 810 681 527 717 590 1841 1146 192 1294 1025 2490 971 2095
5605 4115 3140 4264 4090 4214 76 4797 2490 1487 4130 5506 2580 4942 4601 4469 3175 0 2246 3499 5014 3723 4252 2069 5146 1216 3703 3816 4167 4485 3654 5038 4038 2540 3781 3984 3797 3849 415 4146 3717 3209 4333 4102 3866 857 3879 3734 2626 3650 3641 3714 4765 4238 3027 4418 4149 740 4070 5018
3634 2343 1369 2293 2119 2442 2201 3026 719 986 2359 3536 699 3171 2829 2697 1204 2248 0 1728 3074 1752 2281 298 3206 3156 1732 1846 2196 2714 1883 3099 2267 753 1810 2013 1826 2078 1900 3207 1946 1438 2362 2131 2095 1488 1908 1962 854 1680 1870 1743 2994 2299 1233 2448 2178 1559 2124 3247
2181 661 515 1138 622 743 3453 1326 1076 2442 675 2083 1076 1472 1130 998 576 3499 1728 0 1543 597 1125 1519 1675 4408 577 514 699 1015 528 1567 584 1035 654 593 670 395 3152 4428 247 584 1015 633 413 2943 410 263 1006 179 514 587 1295 768 541 1292 998 3015 599 1548
2455 1448 2029 2144 1260 1149 4967 885 2590 3788 1445 2357 2510 892 689 928 1921 5014 3074 1543 0 1914 2132 3033 185 5922 1743 1430 1423 574 1884 269 1353 2549 1628 1504 1644 1494 4666 5942 1346 2099 1667 1271 1512 4289 1326 1363 2520 1458 1904 1796 853 842 2055 2299 1909 4361 1115 899
2158 1212 739 817 683 1295 3676 1879 1300 2466 1227 2060 1188 2024 1682 1550 599 3723 1752 597 1914 0 805 1742 2046 4632 256 658 729 1567 752 1938 1136 1242 343 546 359 946 3375 4651 803 809 887 695 964 2967 635 820 1230 548 738 267 1847 1139 740 972 702 3039 844 2100
2052 1440 1268 68 900 1514 4205 2097 1828 2994 1455 1954 1716 2242 1901 1769 1128 4252 2281 1125 2132 805 0 2271 2265 5160 677 883 946 1786 1280 2157 1363 1770 562 763 578 1175 3904 5180 1026 1337 780 912 1192 3496 858 1043 1758 1077 1267 590 2065 1357 1269 449 554 3567 1061 2319
3624 2134 1159 2283 2109 2233 2022 2816 509 1012 2149 3525 599 2962 2620 2488 1194 2069 298 1519 3033 1742 2271 0 3165 2978 1722 1836 2186 2505 1673 3057 2058 559 1800 2003 1816 1868 1722 2998 1736 1228 2352 2121 1886 1513 1898 1753 645 1669 1660 1733 2784 2258 1046 2438 2168 1585 2089 3038
2588 1580 2162 2277 1392 1282 5099 924 2723 3920 1577 2489 2642 763 821 1060 2053 5146 3206 1675 185 2046 2265 3165 0 6055 1876 1562 1555 706 2016 401 1485 2682 1760 1637 1776 1627 4798 6074 1479 2231 1800 1403 1644 4421 1458 1495 2653 1591 2036 1929 892 975 2187 2431 2042 4493 1247 770
6531 5041 4066 5190 5016 5140 1186 5723 3416 2412 5056 6432 3506 5868 5527 5395 4100 1233 3172 4425 5940 4649 5177 2995 6072 0 4629 4742 5093 5411 4580 5964 4964 3466 4707 4910 4722 4775 1341 3994 4643 4135 5259 5028 4792 1783 4805 4660 3552 4576 4567 4639 5691 5164 3953 5344 5075 1666 4996 5944
2031 1051 719 690 511 1125 3656 1708 1279 2445 1066 1932 1167 1854 1512 1380 579 3703 1732 577 1743 256 677 1722 1876 4612 0 492 557 1397 731 1768 974 1221 171 374 187 786 3355 4631 637 788 759 523 803 2947 469 654 1209 528 718 208 1676 968 720 844 574 3018 672 1930
1939 733 833 895 362 811 3769 1395 1393 2559 748 1840 1281 1540 1198 1066 692 3816 1846 514 1430 658 883 1836 1562 4725 492 0 439 1083 845 1454 656 1335 376 334 392 468 3469 4745 319 902 756 374 485 3061 151 336 1323 399 832 546 1363 655 834 1050 739 3132 450 1616
1536 812 1183 958 193 804 4120 1387 1744 2910 809 1437 1632 1533 1191 1059 1043 4167 2196 699 1423 729 946 2186 1555 5076 557 439 0 1076 1042 1447 717 1686 442 318 458 652 3819 5095 503 1253 506 204 669 3411 335 520 1674 584 1062 611 1356 647 1185 1113 723 3483 351 1609
2309 920 1501 1798 913 601 4439 337 2062 3428 916 2210 2062 482 141 380 1562 4485 2714 1015 574 1567 1786 2505 706 5394 1397 1083 1076 0 1356 598 825 2021 1281 1158 1297 966 4138 5414 818 1570 1321 924 984 3929 979 835 1992 1100 1376 1450 305 497 1527 1952 1563 4001 768 558
2523 549 670 1292 965 1085 3607 1668 1231 2597 732 2424 1231 1814 1472 1340 730 3654 1883 528 1885 752 1280 1673 2017 4563 731 845 1042 1357 0 1909 640 1190 809 936 825 451 3307 4583 588 739 1358 976 468 3098 753 605 1161 678 56 742 1636 1110 695 1447 1177 3170 941 1890
2480 1472 2054 2169 1284 1174 4991 909 2615 3812 1469 2381 2534 1051 713 952 1945 5038 3099 1567 269 1938 2157 3057 401 5947 1768 1454 1447 598 1908 0 1378 2574 1652 1529 1668 1519 4690 5966 1371 2123 1692 1296 1536 4314 1350 1387 2545 1483 1928 1821 878 867 2079 2324 1934 4385 1139 1057
1991 197 1054 1375 554 553 3992 1136 1615 2981 179 1893 1615 1282 940 808 1115 4038 2267 584 1353 1136 1363 2058 1485 4947 974 656 717 825 640 1378 0 1574 859 735 875 251 3691 4704 387 1123 962 566 268 3482 552 404 1545 669 660 1028 1105 578 1080 1530 1140 3554 410 1358
3123 1651 676 1782 1609 1750 2493 2333 183 1467 1666 3025 99 2478 2136 2004 693 2540 753 1035 2549 1242 1770 559 2682 3448 1221 1335 1686 2021 1190 2574 1574 0 1299 1503 1315 1385 2192 3468 1253 745 1852 1620 1402 1968 1398 1270 318 1170 1177 1232 2301 1774 563 1937 1667 2040 1606 2554
1915 936 797 574 396 1009 3734 1592 1357 2523 950 1817 1245 1738 1396 1264 657 3781 1810 654 1628 343 562 1800 1760 4689 171 376 442 1281 809 1652 859 1299 0 259 71 670 3433 4709 521 866 644 408 688 3025 354 538 1287 602 796 225 1561 853 798 729 459 3096 557 1814
1818 812 1000 775 273 886 3937 1469 1561 2727 827 1719 1449 1615 1273 1141 860 3984 2013 593 1504 546 763 2003 1637 4893 374 334 318 1158 936 1529 735 1503 259 0 275 547 3636 4912 398 1070 557 284 564 3228 230 415 1491 478 956 428 1437 729 1002 930 540 3300 433 1691
1931 952 813 590 412 1025 3750 1608 1373 2539 966 1833 1261 1754 1412 1280 673 3797 1826 670 1644 359 578 1816 1776 4705 187 392 458 1297 825 1668 875 1315 71 275 0 686 3449 4725 537 882 659 423 703 3041 370 554 1303 618 812 241 1577 869 814 745 475 3112 572 1830
2133 327 865 1187 575 695 3802 1278 1426 2791 342 2035 1426 1424 1082 950 925 3849 2078 395 1495 946 1175 1868 1627 4758 786 468 652 967 451 1520 251 1385 670 547 686 0 3501 4777 199 934 968 586 79 3293 364 215 1356 480 471 839 1247 720 890 1342 952 3364 551 1500
5257 3767 2792 3916 3742 3866 368 4449 2142 1140 3782 5159 2232 4595 4253 4121 2827 415 1900 3152 4666 3375 3904 1722 4798 1324 3355 3469 3819 4138 3307 4690 3691 2192 3433 3636 3449 3501 0 4254 3369 2861 3985 3754 3519 511 3531 3386 2278 3302 3293 3366 4418 3891 2680 4071 3801 394 3722 4671
6533 4592 4068 5192 5018 5142 4099 5725 3418 3921 4796 6435 3508 5871 5529 5397 4103 4146 3207 4428 5942 4651 5180 2998 6074 3994 4631 4745 5095 5414 4583 5966 4704 3468 4709 4912 4725 4777 4254 0 4645 4137 5262 5030 4795 4422 4807 4662 3554 4578 4569 4642 5694 5167 3956 5347 5077 4494 4998 5947
1985 464 733 1038 426 547 3670 1130 1294 2659 479 1886 1294 1275 933 801 793 3717 1946 247 1346 803 1026 1736 1479 4626 637 319 503 818 588 1371 387 1253 521 398 537 199 3369 4645 0 802 820 438 216 3161 215 67 1224 331 608 690 1098 571 758 1193 803 3232 403 1351
2691 1200 176 1349 1176 1299 3162 1882 786 2151 1215 2592 786 2027 1686 1554 397 3209 1438 584 2099 809 1337 1228 2231 4118 788 902 1253 1570 739 2123 1123 745 866 1070 882 934 2861 4137 802 0 1419 1187 951 2653 965 819 716 735 726 799 1850 1323 250 1504 1234 2724 1155 2103
1534 1057 1350 793 588 1049 4286 1632 1910 3076 1053 1436 1798 1778 1436 1304 1209 4333 2362 1015 1667 887 780 2352 1800 5242 759 756 506 1321 1358 1692 962 1852 644 557 659 968 3985 5262 820 1419 0 599 986 3577 652 836 1840 900 1349 672 1600 892 1351 947 557 3649 596 1854
1629 661 1118 924 39 653 4055 1236 1678 2844 657 1530 1566 1381 1040 908 978 4102 2131 633 1271 695 912 2121 1403 5010 523 374 204 924 976 1296 566 1620 408 284 423 586 3754 5030 438 1187 599 0 604 3346 270 454 1608 518 996 576 1204 496 1119 1079 689 3417 200 1457
2151 344 882 1204 592 713 3819 1296 1443 2809 359 2052 1443 1441 1099 967 943 3866 2095 413 1512 964 1192 1886 1645 4775 803 485 669 984 468 1537 268 1402 688 564 703 79 3519 4795 216 951 986 604 0 3310 381 233 1373 498 488 856 1264 737 908 1359 969 3382 569 1517
4849 3558 2583 3508 3334 3657 812 4241 1934 728 3574 4751 1914 4386 4044 3912 2419 859 1488 2943 4289 2967 3496 1513 4421 1768 2947 3061 3411 3929 3098 4314 3482 1968 3025 3228 3041 3293 511 4422 3161 2653 3577 3346 3310 0 3123 3177 2069 2895 3085 2958 4209 3514 2448 3663 3393 171 3339 4462
1835 629 895 870 258 707 3832 1291 1456 2622 644 1736 1344 1436 1094 962 755 3879 1908 410 1326 635 858 1898 1458 4788 469 151 335 979 753 1350 552 1398 354 230 370 364 3531 4807 215 965 652 270 381 3123 0 232 1386 295 773 522 1259 551 897 1025 635 3195 346 1512
2001 481 749 1055 443 563 3687 1146 1310 2676 495 1903 1310 1292 950 818 810 3734 1962 263 1363 820 1043 1753 1495 4643 654 336 520 835 605 1387 404 1270 538 415 554 215 3386 4662 67 819 836 454 233 3177 232 0 1240 348 625 707 1115 588 775 1209 820 3249 419 1368
3112 1621 646 1770 1597 1720 2579 2304 160 1568 1637 3013 359 2449 2107 1975 681 2626 854 1006 2520 1230 1758 645 2653 3535 1209 1323 1674 1992 1161 2545 1545 318 1287 1491 1303 1356 2278 3554 1224 716 1840 1608 1373 2069 1386 1240 0 1157 1148 1220 2272 1745 534 1925 1655 2141 1577 2525
2083 746 666 1089 506 828 3603 1411 1227 2394 760 1984 1116 1557 1215 1083 527 3650 1680 179 1458 548 1077 1669 1591 4559 528 399 584 1100 678 1483 669 1170 602 478 618 480 3302 4578 331 735 900 518 498 2895 295 348 1157 0 665 539 1380 683 669 1244 883 2967 508 1633
2543 569 657 1279 984 1105 3594 1688 1218 2583 752 2444 1217 1833 1492 1360 717 3641 1870 514 1905 738 1267 1660 2037 4550 718 832 1062 1376 56 1929 660 1177 796 956 812 471 3293 4569 608 726 1349 996 488 3085 773 625 1148 665 0 729 1656 1129 682 1434 1164 3156 961 1909
1944 1105 730 603 565 1178 3667 1761 1290 2456 1119 1845 1178 1907 1565 1433 590 3714 1743 587 1796 267 590 1733 1929 4622 208 546 611 1450 742 1821 1028 1232 225 428 241 839 3366 4642 690 799 672 576 856 2958 522 707 1220 539 729 0 1730 1021 731 757 487 3029 725 1983
2588 1199 1781 2077 1193 881 4718 62 2342 3707 1196 2490 2342 208 196 660 1841 4765 2994 1295 853 1847 2065 2784 892 5674 1676 1363 1356 305 1636 878 1105 2301 1561 1437 1577 1246 4418 5694 1098 1850 1600 1204 1263 4209 1259 1115 2272 1380 1656 1730 0 777 1806 2232 1842 4280 1048 284
1921 673 1254 1369 484 575 4192 808 1815 3012 669 1823 1734 954 612 830 1146 4238 2299 768 842 1139 1357 2258 975 5147 968 655 647 497 1109 867 578 1774 853 729 869 719 3891 5167 571 1323 892 496 737 3514 551 588 1745 683 1129 1021 777 0 1280 1524 1134 3585 340 1030
2622 1156 181 1281 1108 1255 2980 1838 604 1947 1171 2524 604 1984 1642 1510 192 3027 1233 541 2055 740 1269 1046 2187 3936 720 834 1185 1527 695 2079 1080 563 798 1002 814 890 2680 3956 758 250 1351 1119 908 2448 897 775 534 669 682 731 1806 1280 0 1436 1166 2520 1111 2060
2219 1607 1435 461 1067 1681 4371 2264 1995 3161 1622 2121 1883 2409 2068 1936 1294 4418 2448 1292 2299 972 449 2438 2431 5327 844 1050 1113 1952 1447 2324 1530 1937 729 930 745 1342 4071 5347 1193 1504 947 1079 1359 3663 1025 1209 1925 1244 1434 757 2232 1524 1436 0 721 3734 1228 2485
1829 1217 1165 567 677 1291 4102 1874 1725 2891 1232 1731 1613 2020 1678 1546 1025 4149 2178 998 1909 702 554 2168 2042 5057 574 739 723 1563 1177 1934 1140 1667 459 540 475 952 3801 5077 803 1234 557 689 969 3393 635 820 1655 883 1164 487 1842 1134 1166 721 0 3464 838 2096
4921 3630 2655 3579 3406 3729 695 4312 2005 800 3645 4822 1986 4458 4116 3984 2490 742 1559 3015 4361 3039 3567 1585 4493 1651 3018 3132 3483 4001 3170 4385 3554 2040 3096 3300 3112 3364 394 4494 3232 2724 3649 3417 3382 171 3195 3249 2141 2967 3156 3029 4280 3585 2520 3734 3464 0 3411 4534
1625 504 1086 1073 188 496 4023 1080 1647 2838 501 1527 1560 1225 883 751 971 4070 2124 599 1115 844 1061 2089 1247 4979 672 450 351 768 940 1139 410 1606 557 433 572 551 3722 4998 403 1155 596 200 568 3339 346 419 1577 508 960 725 1048 340 1111 1228 838 3411 0 1301
2842 1453 2034 2331 1446 1134 4972 315 2595 3961 1449 2743 2595 107 449 913 2095 5018 3247 1548 899 2100 2319 3038 770 5927 1930 1616 1609 558 1889 1057 1358 2554 1814 1691 1830 1499 4671 5947 1351 2103 1854 1457 1517 4462 1512 1368 2525 1633 1909 1983 284 1030 2060 2485 2096 4534 1301 0
EOF
