NAME : tsp_problem
TYPE : TSP
DIMENSION : 57
EDGE_WEIGHT_TYPE : EXPLICIT
EDGE_WEIGHT_FORMAT : FULL_MATRIX
EDGE_WEIGHT_SECTION
0 803 239 4263 500 1138 769 620 956 447 1066 1821 3662 792 871 596 564 993 3601 784 1159 851 632 766 2415 1492 1547 4175 212 868 2313 440 584 2439 754 1719 872 1643 2642 5798 896 1602 875 987 822 784 449 544 333 1800 394 1994 909 3260 1300 714 4858
803 0 602 3531 463 1847 439 737 851 905 1762 1089 2944 1344 283 421 919 290 2901 675 1855 299 346 1317 1715 1099 1943 3475 681 316 1613 468 957 2835 1449 1019 173 912 1910 5098 1606 870 770 288 90 425 1159 1253 801 2196 596 1263 346 2528 2009 646 4158
239 602 0 4061 314 1283 600 511 775 357 1210 1620 3475 792 691 411 409 807 3430 615 1303 671 446 765 2244 1311 1457 4004 122 688 2142 239 430 2349 897 1548 701 1442 2441 5627 1041 1400 694 816 621 603 594 689 243 1710 304 1793 729 3059 1445 533 4687
4352 3644 4174 0 4035 5397 3820 4309 4423 4471 5142 2719 778 4724 3855 3993 4299 3862 797 4055 5235 3871 3918 4698 2008 4671 5515 596 4236 3888 2418 4040 4338 5824 4830 3085 3553 2782 1765 2220 5155 2822 4342 3668 3663 3997 4708 4803 4357 5769 4168 2568 3918 1203 5558 4218 1280
500 463 314 3923 0 1544 542 321 585 489 1471 1481 3336 1053 423 143 649 540 3292 557 1564 403 179 1027 2106 1046 1588 3866 347 420 2004 181 687 2480 1158 1410 564 1303 2302 5490 1302 1262 504 679 431 336 855 950 387 1842 262 1654 462 2920 1706 343 4550
1138 1847 1283 5307 1544 0 1814 1664 2000 1491 1206 2865 4706 1160 1916 1640 1608 2037 4645 1829 1225 1896 1676 1133 3459 2537 2350 5220 1257 1913 3357 1484 1629 3211 894 2763 1917 2687 3686 6843 1036 2646 1919 2031 1866 1828 741 835 1377 2604 1439 3039 1954 4304 765 1758 5903
770 439 600 3896 542 1814 0 738 1003 888 1560 1457 3129 1142 650 638 664 657 3068 421 1653 666 674 1115 1882 1467 1988 3642 654 683 1780 467 703 2880 1247 1186 340 1191 2277 5266 1573 1238 922 403 458 792 1126 1220 774 2242 594 1630 714 2895 1976 761 4326
620 737 511 4196 321 1664 738 0 581 217 1591 1755 3610 1173 497 417 845 620 3566 753 1685 477 453 1147 2380 1118 1317 4140 457 494 2278 377 875 2209 1279 1684 838 1577 2575 5763 1422 1535 500 953 705 410 976 1070 344 1571 458 1928 535 3193 1826 339 4823
956 851 775 4310 585 2000 1003 581 0 601 1927 1868 3723 1509 647 681 1109 725 3680 1018 2020 626 717 1482 2494 900 1455 4254 792 644 2392 641 1147 2347 1614 1798 952 1691 2689 5877 1758 1649 117 1067 819 559 1311 1406 679 1709 722 2042 544 3307 2162 348 4937
447 905 357 4364 489 1491 888 217 601 0 1418 1923 3777 1000 665 585 682 788 3719 903 1512 645 621 974 2533 1138 1140 4293 284 662 2431 545 703 2032 1106 1837 991 1745 2743 5917 1250 1703 521 1105 873 578 803 897 171 1393 476 2096 703 3361 1653 507 4977
1066 1762 1210 5219 1471 1206 1559 1591 1927 1418 0 2779 4452 885 1843 1567 1354 1964 4391 1574 189 1823 1603 859 3205 2464 2477 4965 1184 1840 3103 1400 1374 3338 395 2509 1662 2513 3600 6588 437 2560 1846 1777 1780 1755 669 764 1304 2730 1366 2953 1881 4218 1042 1685 5648
1821 1089 1620 2606 1481 2865 1457 1755 1868 1923 2779 0 2019 2362 1300 1438 1936 1307 1980 1692 2873 1316 1364 2335 794 2117 2961 2554 1698 1334 723 1486 1975 3853 2467 726 1191 309 985 4177 2623 268 1788 1305 1108 1443 2176 2271 1819 3214 1614 338 1364 1603 3027 1664 3237
3662 2944 3475 842 3336 4706 3129 3610 3723 3777 4452 2019 0 4034 3155 3293 3609 3162 107 3365 4545 3171 3219 4007 1318 3972 4816 601 3546 3189 1728 3341 3648 5125 4139 2395 2863 2092 1066 2224 4464 2123 3643 2978 2963 3298 4017 4112 3666 5069 3469 1869 3219 504 4868 3519 1284
792 1344 792 4801 1053 1160 1141 1173 1509 1000 885 2362 4034 0 1425 1149 936 1546 3973 1156 978 1405 1185 71 2787 2046 2100 4547 766 1422 2685 982 956 2992 572 2091 1244 2095 3182 6170 918 2142 1428 1359 1363 1338 622 717 887 2354 948 2535 1463 3800 1321 1267 5230
871 283 691 3742 423 1916 650 497 647 665 1843 1300 3155 1425 0 320 1025 157 3112 885 1936 50 392 1398 1926 895 1739 3686 708 67 1824 557 1063 2631 1530 1229 384 1122 2121 5309 1674 1081 566 498 250 185 1227 1322 595 1992 638 1474 174 2739 2078 442 4369
596 421 411 3880 143 1640 638 417 681 585 1567 1438 3293 1149 320 0 745 436 3250 653 1660 300 275 1123 2064 943 1685 3824 443 317 1962 277 783 2577 1255 1368 522 1261 2259 5447 1398 1219 600 637 389 232 951 1046 484 1938 358 1612 358 2877 1802 439 4507
564 919 409 4376 649 1608 664 845 1109 682 1354 1936 3609 936 1025 745 0 1136 3548 295 1447 1005 781 909 2362 1646 1782 4122 447 1022 2260 573 273 2674 1041 1665 819 1670 2757 5745 1366 1717 1028 856 937 938 919 1014 568 2035 629 2110 1063 3375 1770 867 4805
993 290 807 3749 540 2037 657 620 725 788 1964 1307 3162 1546 157 436 1136 0 3119 893 2057 173 508 1520 1933 973 1817 3693 831 190 1831 674 1175 2709 1651 1237 391 1130 2128 5316 1795 1088 644 506 258 308 1348 1443 718 2071 755 1481 220 2746 2199 520 4376
3601 2901 3430 874 3292 4645 3068 3566 3680 3719 4391 1980 107 3973 3112 3250 3548 3119 0 3304 4484 3128 3175 3947 1257 3929 4772 620 3485 3145 1667 3297 3587 5085 4078 2334 2802 2031 1026 2243 4404 2079 3599 2917 2920 3254 3957 4051 3605 5026 3424 1830 3176 544 4807 3475 1303
785 675 615 4132 557 1829 421 753 1018 903 1575 1692 3365 1157 885 653 295 893 3304 0 1668 902 689 1130 2118 1554 2003 3878 669 919 2016 482 501 2895 1262 1421 575 1426 2513 5501 1588 1473 937 598 693 846 1141 1235 789 2257 609 1866 949 3131 1991 776 4561
1159 1855 1303 5312 1564 1225 1652 1685 2020 1512 189 2873 4545 978 1936 1660 1447 2057 4484 1667 0 1916 1696 952 3298 2557 2570 5058 1277 1933 3196 1493 1467 3431 488 2602 1755 2607 3693 6681 388 2653 1939 1870 1874 1849 762 857 1398 2824 1459 3046 1974 4311 992 1778 5741
851 299 671 3758 403 1896 666 477 626 645 1823 1316 3171 1405 50 300 1005 173 3128 902 1916 0 371 1378 1942 875 1719 3702 688 47 1840 537 1043 2611 1510 1246 400 1139 2137 5325 1654 1097 546 515 267 165 1207 1302 575 1972 618 1490 191 2755 2057 421 4385
632 346 446 3806 179 1676 674 453 717 621 1603 1364 3219 1185 392 275 781 508 3175 689 1696 371 0 1158 1989 1015 1720 3749 479 389 1887 313 819 2612 1290 1293 447 1186 2185 5373 1434 1145 636 562 314 304 987 1082 519 1974 394 1537 430 2803 1838 475 4433
766 1317 765 4775 1027 1133 1115 1147 1482 974 859 2335 4007 71 1398 1123 909 1520 3947 1130 952 1378 1158 0 2760 2019 2074 4521 739 1395 2658 955 930 2965 546 2064 1218 2069 3155 6144 891 2116 1402 1332 1336 1311 596 690 860 2327 921 2509 1436 3773 1295 1240 5204
2415 1715 2244 2085 2106 3459 1882 2380 2494 2533 3205 794 1318 2787 1926 2064 2362 1933 1257 2118 3298 1942 1989 2760 0 2743 3586 1831 2299 1959 481 2110 2401 3899 2892 1148 1616 845 498 3454 3217 893 2413 1731 1734 2068 2770 2865 2419 3840 2238 644 1989 1087 3621 2289 2514
1492 1099 1311 4559 1046 2537 1467 1118 900 1138 2464 2117 3972 2046 895 943 1646 973 3929 1554 2557 875 1015 2019 2743 0 1992 4503 1329 892 2641 1178 1684 2884 2151 2046 1201 1939 2938 6126 2295 1898 819 1315 1067 808 1848 1943 1216 2246 1259 2291 793 3556 2698 885 5186
1538 1934 1447 5393 1579 2338 1978 1308 1446 1131 2464 2952 4807 2091 1730 1676 1773 1808 4763 1993 2558 1710 1711 2064 3577 1983 0 5337 1374 1727 3475 1636 1793 1887 2152 2881 2035 2774 3773 6960 2294 2732 1365 2150 1902 1642 1893 1988 1261 598 1566 3125 1627 4390 2499 1431 6020
4175 3475 4004 691 3866 5220 3642 4140 4254 4293 4965 2552 601 4547 3686 3824 4122 3693 620 3878 5058 3702 3749 4521 1831 4503 5346 0 4059 3719 2241 3871 4161 5658 4652 2908 3376 2605 1598 1983 4978 2653 4173 3491 3494 3828 4531 4625 4180 5600 3998 2402 3750 1036 5381 4049 1043
212 681 122 4140 347 1257 653 457 792 284 1184 1698 3546 766 708 443 447 831 3485 668 1277 688 479 739 2299 1329 1384 4059 0 705 2197 318 468 2275 871 1602 756 1521 2519 5682 1015 1479 712 871 699 621 568 663 170 1637 241 1872 746 3137 1419 550 4742
868 316 688 3775 420 1913 683 494 644 662 1840 1334 3189 1422 67 317 1022 190 3145 919 1933 47 389 1395 1959 892 1736 3719 705 0 1857 554 1060 2628 1527 1263 417 1156 2154 5342 1671 1114 563 532 284 182 1224 1319 592 1989 635 1507 208 2772 2074 438 4402
2313 1613 2142 2495 2004 3357 1780 2278 2392 2431 3103 723 1728 2685 1824 1962 2260 1831 1667 2016 3196 1840 1887 2658 481 2641 3484 2241 2197 1857 0 2009 2299 3828 2790 1046 1514 743 876 3864 3116 791 2311 1629 1632 1966 2669 2763 2317 3738 2136 573 1888 1494 3519 2187 2924
440 468 239 3928 181 1484 467 377 641 545 1400 1486 3341 982 557 277 573 674 3297 482 1493 537 313 955 2110 1178 1645 3871 318 554 2009 0 611 2537 1087 1414 568 1308 2307 5494 1243 1267 560 682 487 470 796 890 438 1898 233 1660 595 2925 1646 399 4554
584 957 430 4415 687 1629 703 875 1147 703 1374 1975 3648 956 1063 783 273 1175 3587 501 1467 1043 819 930 2401 1684 1802 4161 468 1060 2299 611 0 2694 1061 1704 858 1709 2796 5784 1387 1756 1067 921 976 976 940 1034 589 2056 650 2149 1101 3414 1790 905 4844
2439 2835 2348 5711 2480 3209 2879 2209 2347 2032 3335 3853 5125 2992 2631 2577 2674 2709 5085 2894 3429 2611 2612 2965 3899 2884 1887 5659 2275 2628 3828 2537 2694 0 3023 3782 2936 3675 4091 7282 3165 3633 2266 3051 2803 2543 2794 2889 2162 2141 2467 3788 2528 4709 3370 2332 6342
754 1449 897 4906 1158 894 1246 1279 1614 1106 395 2467 4139 572 1530 1255 1041 1651 4078 1261 488 1510 1290 546 2892 2151 2164 4652 871 1527 2790 1087 1061 3025 0 2196 1349 2201 3287 6275 501 2247 1533 1464 1468 1443 356 451 992 2418 1053 2640 1568 3905 1055 1372 5336
1719 1019 1548 3162 1410 2763 1186 1684 1798 1837 2509 726 2395 2091 1229 1368 1665 1237 2334 1421 2602 1246 1293 2064 1148 2046 2890 2908 1602 1263 1046 1414 1704 3782 2196 0 920 458 1543 4531 2521 506 1717 1034 1037 1372 2074 2169 1723 3143 1542 899 1293 2161 2925 1593 3591
872 173 701 3630 564 1917 340 838 952 991 1662 1191 2863 1244 384 522 819 391 2802 575 1755 400 447 1218 1616 1201 2044 3376 756 417 1514 568 858 2936 1349 920 0 925 2011 4999 1675 971 871 188 192 526 1228 1323 877 2298 696 1364 447 2629 2078 747 4060
1643 912 1442 2751 1303 2687 1191 1577 1691 1745 2513 309 2092 2095 1122 1261 1670 1130 2031 1426 2607 1139 1186 2069 845 1939 2783 2605 1521 1156 743 1308 1709 3675 2201 458 925 0 1130 4228 2445 90 1610 1039 930 1265 1998 2093 1641 3036 1436 483 1186 1748 2849 1486 3288
2642 1910 2441 1652 2302 3686 2277 2575 2689 2743 3600 985 1066 3182 2121 2259 2757 2128 1026 2513 3693 2137 2185 3155 498 2938 3782 1600 2519 2154 876 2307 2796 4091 3287 1543 2011 1130 0 3223 3444 1089 2608 2126 1929 2263 2997 3092 2640 4035 2435 835 2185 649 3848 2485 2283
5815 5115 5644 2331 5507 6860 5283 5780 5894 5934 6605 4193 2241 6187 5326 5464 5762 5333 2261 5518 6699 5342 5390 6161 3471 6143 6987 2000 5699 5359 3881 5511 5801 7298 6293 4548 5017 4245 3239 0 6618 4294 5813 5131 5134 5468 6171 6266 5820 7240 5639 4042 5390 2677 7022 5690 1145
896 1606 1041 5065 1302 1036 1572 1422 1758 1250 437 2623 4464 918 1674 1398 1366 1795 4404 1587 388 1654 1434 891 3217 2295 2307 4978 1015 1671 3116 1243 1387 3168 501 2521 1675 2445 3444 6601 0 2404 1677 1789 1624 1587 499 593 1136 2560 1197 2797 1712 4062 1135 1516 5661
1602 870 1400 2710 1262 2646 1238 1535 1649 1703 2560 268 2123 2142 1081 1219 1717 1088 2079 1473 2653 1097 1145 2116 893 1898 2742 2653 1479 1114 791 1267 1756 3633 2247 506 971 90 1089 4277 2404 0 1568 1086 889 1223 1957 2052 1600 2995 1395 441 1145 1707 2808 1444 3337
875 770 694 4229 504 1919 922 500 117 521 1846 1788 3643 1428 566 600 1028 644 3599 937 1939 546 636 1402 2413 819 1375 4173 712 563 2311 560 1067 2266 1533 1717 871 1610 2608 5796 1677 1568 0 986 738 478 1230 1325 598 1628 642 1961 463 3226 2081 267 4856
987 288 816 3745 679 2031 403 953 1067 1105 1777 1305 2978 1359 498 637 856 506 2917 598 1870 515 562 1332 1731 1315 2159 3491 871 532 1629 682 921 3051 1464 1034 188 1039 2126 5114 1789 1086 986 0 306 641 1343 1437 991 2412 810 1479 562 2744 2193 862 4174
822 90 621 3550 431 1866 458 705 819 873 1780 1108 2963 1363 250 389 937 258 2920 693 1874 267 314 1336 1734 1067 1911 3494 699 284 1632 487 976 2803 1468 1037 192 930 1929 5117 1624 889 738 306 0 393 1177 1272 772 2164 615 1282 314 2547 2028 614 4177
784 425 603 3884 336 1828 792 410 559 578 1755 1443 3298 1338 185 232 938 308 3254 846 1849 165 304 1311 2068 808 1652 3828 621 182 1966 470 976 2543 1443 1372 526 1265 2263 5451 1587 1223 478 641 393 0 1140 1234 508 1905 551 1616 224 2881 1990 354 4511
449 1159 594 4618 855 741 1125 976 1311 803 669 2176 4017 622 1227 951 919 1348 3957 1140 762 1207 987 596 2770 1848 1902 4531 568 1224 2669 796 940 2794 356 2074 1228 1998 2997 6154 499 1957 1230 1343 1177 1140 0 146 689 2156 750 2350 1265 3615 902 1069 5214
544 1253 689 4713 950 835 1220 1070 1406 897 764 2271 4112 717 1322 1046 1014 1443 4051 1235 857 1302 1082 690 2865 1943 1997 4625 663 1319 2763 890 1034 2889 451 2169 1323 2093 3092 6249 593 2052 1325 1437 1272 1234 146 0 783 2251 844 2445 1360 3710 997 1164 5309
333 801 243 4261 387 1377 774 344 679 171 1304 1819 3666 887 595 484 568 718 3605 789 1398 575 519 860 2419 1216 1270 4180 170 592 2317 438 589 2162 992 1723 877 1641 2640 5803 1136 1600 598 991 772 508 689 783 0 1524 362 1993 633 3258 1539 437 4863
1791 2187 1701 5647 1833 2591 2232 1561 1700 1384 2718 3205 5060 2345 1983 1929 2026 2061 5017 2247 2811 1963 1965 2318 3830 2236 598 5591 1628 1980 3729 1889 2047 2141 2405 3134 2288 3027 4026 7214 2548 2986 1619 2403 2155 1896 2147 2241 1515 0 1820 3379 1881 4644 2753 1685 6274
394 596 304 4056 262 1439 594 458 722 476 1366 1614 3469 948 638 358 629 755 3424 609 1459 618 394 921 2238 1259 1576 3998 241 635 2136 233 650 2467 1053 1542 696 1436 2435 5622 1197 1395 642 810 615 551 750 844 362 1829 0 1787 676 3053 1600 481 4682
1994 1263 1793 2456 1654 3039 1630 1928 2042 2096 2953 338 1869 2535 1474 1612 2110 1481 1830 1866 3046 1490 1537 2509 644 2291 3134 2404 1872 1507 573 1660 2149 3788 2640 899 1364 483 835 4027 2797 441 1961 1479 1282 1616 2350 2445 1993 3388 1787 0 1538 1453 3201 1837 3087
909 346 729 3806 462 1954 714 535 544 703 1881 1364 3219 1463 174 358 1063 220 3176 949 1974 191 430 1436 1989 793 1637 3750 746 208 1888 595 1101 2528 1568 1293 447 1186 2185 5373 1712 1145 463 562 314 224 1265 1360 633 1890 676 1538 0 2803 2115 339 4433
3260 2528 3059 1090 2920 4304 2895 3193 3307 3361 4218 1603 504 3800 2739 2877 3375 2746 544 3131 4311 2755 2803 3773 1087 3556 4400 1038 3137 2772 1494 2925 3414 4709 3905 2161 2629 1748 649 2661 4062 1707 3226 2744 2547 2881 3615 3710 3258 4653 3053 1453 2803 0 4466 3102 1721
1300 2009 1445 5469 1706 765 1975 1826 2162 1653 1042 3027 4868 1321 2078 1802 1770 2199 4807 1990 992 2057 1838 1295 3621 2698 2512 5381 1419 2074 3519 1646 1790 3373 1055 2925 2078 2849 3848 7004 1135 2808 2081 2193 2028 1990 902 997 1539 2765 1600 3201 2115 4466 0 1920 6064
714 646 533 4105 343 1758 761 339 348 507 1685 1664 3519 1267 442 439 867 520 3475 776 1778 421 475 1240 2289 885 1441 4049 550 438 2187 399 905 2332 1372 1593 747 1486 2485 5672 1516 1444 267 862 614 354 1069 1164 437 1694 481 1837 339 3102 1920 0 4732
4876 4175 4705 1391 4567 5920 4343 4841 4954 4994 5665 3253 1301 5248 4386 4524 4822 4393 1321 4578 5759 4402 4450 5221 2532 5203 6047 1060 4759 4420 2941 4571 4861 6358 5353 3608 4077 3305 2299 1145 5678 3354 4874 4191 4194 4529 5231 5326 4880 6300 4699 3102 4450 1737 6082 4750 0
EOF
