NAME : tsp_problem
TYPE : TSP
DIMENSION : 28
EDGE_WEIGHT_TYPE : EXPLICIT
EDGE_WEIGHT_FORMAT : FULL_MATRIX
EDGE_WEIGHT_SECTION
0 2243 2454 2461 2540 4041 1649 3376 698 1623 2285 712 2135 2220 3434 3289 2326 2771 3699 2500 2488 2722 388 2814 3679 2752 3439 1946
2243 0 429 436 516 2060 3772 1395 2822 3743 182 1762 179 659 1453 1222 302 665 1705 939 510 655 2512 833 1685 758 1372 333
2454 429 0 39 225 1769 3983 1105 3032 3952 536 1972 457 867 1163 1046 169 467 1414 825 315 718 2722 543 1394 468 1196 595
2461 436 39 0 232 1776 3990 1112 3039 3959 543 1979 464 874 1170 1053 176 474 1421 832 322 725 2729 550 1401 475 1203 602
2540 516 225 232 0 1589 4069 925 3119 4015 608 2059 544 930 983 856 256 277 1235 885 135 666 2808 363 1215 288 1006 681
4041 2060 1769 1776 1589 0 5568 868 4619 5341 2162 3559 2088 2256 926 2410 1800 1831 850 2212 1642 2220 4309 1378 917 1354 2467 2182
1898 4022 4232 4239 4302 5628 0 4963 1264 632 4064 2491 3914 3807 5021 5067 4105 4544 5455 4088 4267 4501 1767 4401 5435 4508 5218 3724
3376 1395 1105 1112 925 868 4903 0 3954 4676 1497 2894 1423 1591 213 1745 1135 1166 939 1547 978 1556 3644 713 919 691 1855 1517
698 2822 3032 3039 3119 4619 1015 3954 0 989 2864 1291 2714 2798 4012 3867 2905 3350 4277 3079 3067 3301 567 3392 4257 3331 4018 2524
1622 3743 3952 3959 4015 5341 589 4676 988 0 3785 2214 3635 3520 4734 4788 3825 4256 5167 3800 3987 4222 1491 4114 5147 4221 4939 3445
2285 182 536 543 608 2162 3814 1497 2864 3785 0 1804 221 700 1555 1124 409 571 1807 981 617 558 2553 935 1787 860 1275 375
712 1762 1972 1979 2059 3559 2241 2894 1291 2216 1804 0 1654 1738 2952 2807 1845 2290 3217 2019 2007 2241 981 2332 3198 2271 2958 1464
2135 179 457 464 544 2088 3664 1423 2714 3635 221 1654 0 551 1481 1260 330 693 1733 831 539 693 2404 861 1713 787 1411 225
2220 659 867 874 930 2256 3747 1591 2798 3520 700 1738 551 0 1649 1704 740 1171 2082 664 902 1137 2488 1029 2062 1136 1855 361
3434 1453 1163 1170 983 926 4961 213 4012 4734 1555 2952 1481 1649 0 1803 1193 1224 997 1605 1036 1614 3702 771 977 749 1913 1575
3108 1041 865 872 675 2229 4637 1565 3687 4608 944 2627 1080 1524 1623 0 889 439 1875 1525 775 582 3377 1003 1855 928 818 1198
2326 302 169 176 256 1800 3856 1135 2905 3825 409 1845 330 740 1193 1069 0 490 1445 698 251 591 2595 573 1425 499 1220 468
2771 665 467 474 277 1831 4300 1166 3350 4256 571 2290 693 1171 1224 619 490 0 1476 1127 377 430 3040 604 1456 530 770 861
3699 1705 1414 1421 1235 850 5228 939 4277 5167 1807 3217 1733 2082 997 2055 1445 1476 0 2038 1288 1866 3967 1225 104 1000 1965 1840
2500 939 825 832 886 2212 4028 1547 3079 3800 981 2019 831 664 1605 1707 698 1128 2039 0 860 1247 2769 985 2019 1092 1857 642
2488 510 315 322 135 1642 4017 978 3067 3987 617 2007 539 902 1036 956 251 377 1288 860 0 766 2757 416 1268 341 1106 629
2722 655 718 725 666 2220 4251 1556 3301 4222 558 2241 693 1137 1614 763 591 430 1866 1247 766 0 2990 994 1846 919 913 812
388 2512 2722 2729 2808 4309 1518 3644 567 1493 2553 981 2404 2488 3702 3557 2595 3040 3967 2769 2757 2990 0 3082 3947 3021 3708 2214
2814 833 543 550 363 1378 4341 713 3392 4114 935 2332 861 1029 771 1183 573 604 1225 985 416 994 3082 0 1205 479 1334 955
3679 1685 1394 1401 1215 917 5208 919 4257 5147 1787 3198 1713 2062 977 2035 1425 1456 104 2018 1268 1846 3947 1205 0 980 1945 1820
2752 758 468 475 288 1354 4281 691 3331 4221 860 2271 787 1136 749 1108 499 530 1000 1091 341 919 3021 479 980 0 1259 893
3430 1363 1187 1194 997 2435 4959 1842 4009 4930 1266 2949 1401 1845 1900 376 1210 760 1952 1847 1097 904 3698 1325 1932 1250 0 1520
1946 333 595 602 681 2182 3475 1517 2524 3445 375 1464 225 361 1575 1379 468 861 1840 642 629 812 2214 955 1820 893 1529 0
EOF
