NAME : tsp_problem
TYPE : TSP
DIMENSION : 31
EDGE_WEIGHT_TYPE : EXPLICIT
EDGE_WEIGHT_FORMAT : FULL_MATRIX
EDGE_WEIGHT_SECTION
0 1367 2035 1239 2141 1658 2742 4066 3799 3934 720 2207 760 2209 2038 2059 823 4210 2595 853 4644 2309 2285 2288 3328 967 3266 1280 2573 3338 2366
1367 0 953 466 860 376 1660 2984 2686 2852 718 925 1805 1127 756 977 764 3128 1513 1898 4522 1227 1203 1206 2047 438 4311 109 1460 2056 3412
2035 953 0 837 374 646 772 2096 2003 1964 1564 439 2673 239 271 133 1631 2240 625 2766 4036 339 315 318 1545 1305 5179 1019 777 1555 4279
1239 466 837 0 944 576 1544 2868 2601 2736 768 1009 1877 1011 841 861 835 3012 1397 1970 4606 1111 1087 1090 2131 509 4383 495 1376 2141 3484
2141 860 374 944 0 552 1081 2405 2106 2273 1492 294 2579 548 177 398 1538 2549 934 2673 3864 648 624 627 1467 1212 5086 926 881 1477 4186
1658 376 646 576 552 0 1353 2677 2378 2544 1008 618 2096 819 449 669 1054 2820 1205 2189 4214 919 895 899 1739 728 4602 442 1153 1749 3703
2742 1660 772 1544 1081 1353 0 2027 2400 1894 2271 1147 3380 644 978 841 2339 2170 888 3473 4443 499 718 722 1943 2012 5886 1727 1174 1952 4987
4057 2975 2087 2859 2396 2668 2018 0 2514 367 3586 2183 4695 1959 2293 2155 3653 643 1558 4788 5050 1813 1932 1935 2424 3327 7201 3041 1700 2433 6302
3799 2686 2003 2601 2106 2378 2400 2546 0 2413 3318 1847 4405 2113 2003 2055 3364 2689 1743 4498 4714 1968 1725 1729 934 3038 6911 2752 1274 943 6012
3924 2842 1954 2726 2263 2535 1885 367 2382 0 3453 2050 4562 1826 2160 2023 3521 301 1425 4655 4917 1681 1799 1803 2291 3194 7068 2909 1567 2301 6169
720 718 1564 768 1492 1008 2271 3595 3318 3462 0 1558 1184 1738 1389 1587 174 3738 2124 1277 3995 1838 1813 1817 2679 318 3690 631 2092 2689 2791
2207 925 439 1009 294 618 1147 2193 1847 2060 1558 0 2645 613 242 463 1603 2336 678 2738 3630 713 584 587 1208 1277 5151 991 622 1218 4252
760 1805 2673 1877 2579 2096 3380 4704 4405 4571 1184 2645 0 2846 2476 2696 1261 4847 3232 213 5082 2946 2922 2926 3766 1405 2626 1718 3180 3776 1727
2209 1127 239 1011 548 819 644 1968 2113 1835 1738 613 2846 0 445 307 1805 2111 601 2940 4156 210 430 434 1656 1479 5353 1193 888 1665 4453
2038 756 271 841 177 449 978 2302 2003 2169 1389 242 2476 445 0 294 1435 2445 830 2569 3839 545 520 524 1364 1108 4982 823 777 1373 4083
2059 977 133 861 398 669 841 2165 2055 2032 1587 463 2696 307 294 0 1655 2308 693 2789 4059 407 383 387 1585 1329 5202 1043 829 1594 4303
823 764 1631 835 1538 1054 2339 3663 3364 3530 174 1603 1261 1805 1435 1655 0 3806 2191 1354 3991 1905 1881 1885 2725 364 3767 677 2138 2735 2868
4200 3118 2230 3003 2539 2811 2161 643 2658 301 3729 2326 4838 2102 2436 2299 3797 0 1701 4931 5193 1957 2075 2079 2567 3470 7344 3185 1843 2577 6445
2595 1513 625 1397 934 1205 888 1567 1743 1435 2124 678 3232 601 830 693 2191 1711 0 3325 3857 456 408 412 1285 1865 5738 1579 517 1295 4839
853 1898 2766 1970 2673 2189 3473 4797 4498 4664 1277 2738 213 2940 2569 2789 1354 4940 3325 0 5175 3040 3015 3019 3860 1498 2492 1811 3273 3869 1592
4644 4522 4036 4606 3864 4214 4443 5059 4714 4926 3995 3630 5082 4156 3839 4059 3991 5202 3857 5175 0 4011 3763 3767 4075 4185 5695 4498 3488 4084 4796
2309 1227 339 1111 648 919 499 1823 1968 1690 1838 713 2946 210 545 407 1905 1966 456 3040 4011 0 285 289 1511 1579 5453 1293 742 1520 4553
2285 1203 315 1087 624 895 718 1941 1725 1808 1813 584 2922 430 520 383 1881 2084 408 3015 3763 285 0 40 1267 1555 5428 1269 499 1277 4529
2288 1206 318 1090 627 899 722 1945 1729 1812 1817 587 2926 434 524 387 1885 2088 412 3019 3767 289 40 0 1271 1558 5432 1273 503 1281 4533
3328 2047 1545 2131 1467 1739 1943 2436 934 2304 2679 1208 3766 1656 1364 1585 2725 2580 1285 3860 4075 1511 1267 1271 0 2399 6273 2113 817 120 5373
967 438 1305 509 1212 728 2012 3336 3038 3204 318 1277 1405 1479 1108 1329 364 3480 1865 1498 4185 1579 1555 1558 2399 0 3911 350 1812 2408 3012
3281 4329 5196 4400 5103 4619 5903 7227 6929 7094 3707 5168 2644 5370 4999 5220 3784 7370 5756 2509 5695 5470 5445 5449 6290 3929 0 4241 5703 6299 1151
1280 109 1019 495 926 442 1727 3051 2752 2918 631 991 1718 1193 823 1043 677 3194 1579 1811 4498 1293 1269 1273 2113 350 4224 0 1526 2123 3325
2573 1460 777 1376 881 1153 1174 1709 1274 1577 2092 621 3180 888 777 829 2138 1853 517 3273 3488 742 499 503 817 1812 5686 1526 0 826 4787
3338 2056 1555 2141 1477 1749 1952 2446 943 2313 2689 1217 3776 1665 1373 1594 2735 2589 1295 3869 4084 1520 1277 1281 120 2408 6282 2123 826 0 5383
2382 3429 4297 3501 4204 3720 5004 6328 6029 6195 2808 4269 1744 4471 4100 4320 2885 6471 4856 1610 4796 4571 4546 4550 5391 3029 1151 3342 4804 5400 0
EOF
