NAME : tsp_problem
TYPE : TSP
DIMENSION : 47
EDGE_WEIGHT_TYPE : EXPLICIT
EDGE_WEIGHT_FORMAT : FULL_MATRIX
EDGE_WEIGHT_SECTION
0 2414 3111 2116 618 3121 646 3761 1303 860 1889 2560 2565 2033 791 576 816 1663 550 480 491 1770 1032 621 1149 4374 935 2830 1581 551 1109 3114 313 3473 2422 920 1332 1863 2129 498 1391 484 167 4117 762 1177 647
2405 0 5231 2696 2226 5042 1909 5057 2244 1703 2469 4680 4685 492 2911 2184 1962 3584 1959 2054 2130 3690 1853 1927 1625 6494 2081 4950 2543 2462 2050 5234 2233 5395 165 1588 2294 2825 4050 2409 2333 2581 2524 6237 1840 2182 1902
3111 5241 0 4943 3628 471 3472 5612 4129 3686 4716 628 656 4859 2415 3587 3694 1883 3377 3307 3318 1605 3858 3499 3975 4625 3813 898 4408 3448 3935 456 3111 815 5248 3746 4159 4690 1275 3394 4218 2671 3230 1459 3589 4003 3473
2116 2709 4943 0 1891 4785 1703 4722 2628 1859 484 4392 4397 2327 2622 1849 1627 3327 1624 1733 1808 3433 2236 1592 2061 6206 1746 4662 1114 2127 2433 4946 1976 5138 2716 1533 865 866 3793 2074 2716 2316 2235 5948 1505 1080 2058
618 2236 3628 1891 0 3638 591 3282 1519 751 1664 3076 3082 1854 1307 98 373 2180 325 604 679 2286 1128 394 1077 4780 492 3346 1356 493 1325 3630 829 3990 2244 698 1108 1639 2646 439 1608 1001 484 4633 491 952 950
3121 5051 471 4785 3638 0 3283 5385 3940 3496 4558 646 669 4670 2426 3597 3705 1689 3387 3119 3130 1411 3668 3509 3786 4397 3824 916 4418 3458 3746 393 2922 384 5059 3557 4169 4700 1082 3405 4028 2658 3240 1230 3599 4014 3284
646 1918 3472 1703 591 3283 0 3734 1105 415 1476 2921 2926 1537 1152 549 656 1825 323 400 476 1931 792 448 742 4735 775 3191 1350 827 911 3475 474 3636 1926 362 1101 1632 2291 774 1193 822 765 4478 535 945 534
3761 5066 5612 4722 3282 5382 3734 0 4662 3894 4494 5061 5066 4685 4450 3241 3197 4164 3468 3747 3822 4271 4271 3391 4178 1889 3316 5331 4187 3636 4468 5238 3972 5218 5074 3649 3938 4469 4630 3583 4751 4144 3627 4724 3315 3782 4093
1303 2254 4129 2628 1519 3940 1105 4662 0 889 2400 3578 3583 1872 1809 1478 1585 2482 1251 1300 1311 2588 830 1376 988 5392 1704 3848 2274 1639 531 4132 1131 4293 2261 1122 2025 2556 2948 1586 121 1478 1422 5135 1464 1869 800
860 1712 3686 1859 751 3496 415 3894 889 0 1632 3134 3140 1331 1365 709 817 2038 483 560 636 2145 497 608 447 4948 936 3404 1506 987 695 3688 687 3850 1720 354 1257 1788 2504 934 977 1035 978 4691 695 1101 356
1889 2482 4716 484 1664 4558 1476 4494 2400 1632 0 4164 4170 2100 2395 1622 1400 3100 1397 1505 1581 3206 2009 1365 1834 5979 1519 4434 887 1900 2206 4719 1749 4911 2489 1306 638 1095 3566 1847 2489 2089 2008 5721 1277 853 1831
2560 4689 628 4392 3076 646 2921 5061 3578 3134 4164 0 105 4308 1864 3035 3143 1331 2825 2755 2767 1053 3306 2948 3423 4073 3262 347 3857 2896 3384 631 2559 990 4697 3195 3608 4139 723 2843 3666 2119 2678 1634 3037 3452 2921
2565 4695 656 4397 3082 669 2926 5066 3583 3140 4170 105 0 4313 1870 3041 3149 1337 2831 2761 2772 1059 3312 2953 3429 4079 3268 375 3862 2902 3389 659 2565 1018 4702 3200 3613 4144 729 2849 3672 2125 2684 1662 3043 3458 2927
2024 492 4850 2315 1844 4661 1528 4675 1863 1322 2088 4298 4304 0 2529 1803 1580 3202 1577 1673 1748 3309 1471 1546 1244 6112 1699 4568 2161 2081 1669 4853 1851 5014 500 1206 1912 2443 3668 2028 1952 2199 2142 5855 1458 1801 1521
791 2920 2415 2622 1307 2426 1152 4450 1809 1365 2395 1864 1870 2539 0 1266 1374 967 1056 986 997 1074 1537 1178 1654 3678 1493 2134 2087 1127 1614 2418 790 2777 2928 1425 1839 2370 1433 1074 1897 350 909 3421 1268 1683 1152
576 2194 3587 1850 98 3597 549 3241 1478 709 1623 3035 3041 1813 1266 0 332 2138 284 562 638 2245 1086 353 1036 4738 451 3305 1315 451 1284 3589 788 3948 2202 656 1066 1597 2604 398 1566 959 443 4592 450 911 908
816 1971 3694 1627 373 3705 656 3197 1585 817 1400 3143 3149 1590 1374 332 0 2246 391 670 745 2353 1194 305 1083 4694 207 3413 1092 727 1391 3697 896 4056 1979 554 843 1374 2712 674 1674 1067 718 4700 220 687 1015
1663 3593 1883 3327 2180 1689 1825 4164 2482 2038 3100 1331 1337 3211 967 2138 2246 0 1929 1660 1671 338 2210 2051 2327 3176 2365 1601 2960 1999 2287 1885 1463 2043 3601 2098 2711 3242 697 1946 2570 1200 1782 2888 2141 2555 1825
550 1968 3377 1624 325 3387 323 3468 1251 483 1397 2825 2831 1587 1056 284 391 1929 0 336 412 2035 860 182 809 4639 510 3095 1089 562 1057 3379 578 3739 1976 430 840 1371 2395 509 1340 750 668 4382 270 684 682
480 2063 3307 1733 604 3119 400 3747 1300 560 1505 2755 2761 1682 986 562 670 1660 336 0 142 1767 937 461 887 4569 789 3025 1367 816 1105 3309 309 3472 2071 507 1118 1649 2126 763 1388 657 598 4312 548 963 643
491 2139 3318 1808 679 3130 476 3822 1311 636 1581 2767 2772 1758 997 638 745 1671 412 142 0 1778 1013 536 962 4581 864 3037 1443 827 1117 3321 320 3483 2147 583 1194 1725 2137 774 1399 668 610 4323 624 1038 654
1770 3700 1605 3433 2286 1411 1931 4271 2588 2145 3206 1053 1059 3318 1074 2245 2353 338 2035 1767 1778 0 2317 2157 2434 3283 2472 1323 3067 2106 2394 1607 1570 1765 3707 2205 2818 3349 419 2053 2677 1307 1888 2610 2247 2662 1932
1032 1862 3858 2236 1128 3668 792 4271 830 497 2009 3306 3312 1481 1537 1086 1194 2210 860 937 1013 2317 0 985 596 5120 1313 3576 1883 1364 635 3860 859 4022 1870 731 1634 2165 2676 1311 918 1207 1150 4863 1072 1478 528
621 2093 3499 1748 394 3509 448 3391 1376 608 1521 2948 2953 1711 1178 353 305 2051 182 461 536 2157 985 0 934 4762 424 3217 1213 631 1182 3502 700 3861 2101 555 965 1496 2517 578 1465 872 739 4504 394 809 806
1149 1635 3975 2061 1077 3786 742 4178 988 447 1834 3423 3429 1253 1654 1036 1083 2327 809 887 962 2434 596 934 0 5237 1202 3693 1708 1314 794 3978 976 4139 1642 680 1459 1990 2793 1261 1076 1324 1267 4980 960 1303 646
4374 6503 4625 6206 4780 4395 4735 1889 5392 4948 5979 4073 4079 6122 3678 4738 4694 3176 4639 4569 4581 3283 5120 4762 5237 0 4813 4343 5671 4710 5198 4250 4374 4230 6511 5009 5422 5953 3642 4657 5480 3933 4492 3736 4812 5266 4735
935 2090 3813 1746 492 3824 775 3316 1704 936 1519 3262 3268 1709 1493 451 207 2365 510 789 864 2472 1313 424 1202 4813 0 3532 1211 846 1510 3816 1015 4175 2098 673 962 1493 2831 793 1793 1186 837 4819 339 806 1134
2830 4959 898 4662 3346 916 3191 5331 3848 3404 4434 347 375 4578 2134 3305 3413 1601 3095 3025 3037 1323 3576 3217 3693 4343 3532 0 4127 3166 3654 901 2829 1260 4967 3465 3878 4409 993 3113 3936 2389 2948 1904 3307 3722 3191
1581 2555 4408 1114 1356 4418 1350 4187 2274 1506 887 3857 3862 2174 2087 1314 1092 2960 1089 1367 1443 3067 1883 1057 1708 5671 1211 4127 0 1592 2080 4411 1609 4770 2563 1180 310 616 3426 1539 2363 1781 1700 5413 970 526 1704
551 2472 3448 2128 493 3458 827 3636 1639 987 1901 2896 2902 2091 1127 451 727 1999 562 816 827 2106 1364 631 1314 4710 846 3166 1593 0 1445 3450 649 3809 2480 934 1344 1875 2465 109 1728 820 418 4453 774 1189 983
1109 2059 3935 2433 1325 3746 911 4468 531 695 2206 3384 3389 1678 1614 1284 1391 2287 1057 1105 1117 2394 635 1182 794 5198 1510 3654 2080 1445 0 3938 936 4099 2067 928 1831 2362 2753 1392 620 1284 1227 4940 1269 1675 606
3114 5243 456 4946 3630 393 3475 5238 4132 3688 4719 631 659 4862 2418 3589 3697 1885 3379 3309 3321 1607 3860 3502 3978 4250 3816 901 4411 3450 3938 0 3114 439 5251 3749 4162 4693 1278 3397 4220 2674 3232 1083 3592 4006 3475
313 2242 3111 1976 829 2922 474 3972 1131 687 1749 2559 2565 1860 790 788 896 1463 578 309 320 1570 859 700 976 4374 1015 2829 1609 649 936 3114 0 3275 2250 747 1361 1892 1929 596 1219 460 431 4116 790 1205 474
3924 6045 1266 5756 4441 1024 4277 5651 4934 4490 5529 1441 1469 5663 3228 4399 4507 2683 4190 4112 4123 2405 4662 4312 4779 4664 4626 1711 5221 4260 4739 890 3915 0 6053 4550 4972 5503 2075 4207 5022 3484 4043 1496 4402 4816 4277
2413 165 5239 2704 2234 5050 1917 5064 2252 1711 2477 4688 4693 500 2918 2192 1970 3591 1966 2062 2138 3698 1861 1935 1633 6502 2089 4958 2550 2470 2058 5242 2240 5403 0 1595 2302 2832 4057 2417 2341 2588 2531 6244 1847 2190 1910
920 1597 3746 1533 698 3557 362 3649 1122 354 1306 3195 3200 1215 1425 656 554 2098 430 507 583 2205 731 520 680 5009 673 3465 1180 934 928 3749 747 3910 1605 0 931 1462 2564 881 1211 1095 1038 4751 432 775 552
1332 2306 4159 865 1107 4169 1101 3938 2025 1257 638 3608 3613 1925 1839 1066 843 2711 840 1118 1194 2818 1634 809 1459 5422 962 3878 310 1344 1831 4162 1361 4521 2314 931 0 592 3177 1291 2114 1532 1451 5165 721 277 1456
1863 2837 4690 866 1638 4700 1632 4469 2556 1788 1095 4139 4144 2456 2370 1597 1374 3242 1371 1649 1725 3349 2165 1340 1990 5953 1493 4409 616 1875 2362 4693 1892 5052 2845 1462 592 0 3708 1821 2645 2063 1982 5695 1252 808 1986
2129 4059 1275 3793 2646 1082 2291 4630 2948 2504 3566 723 729 3677 1433 2604 2712 697 2395 2126 2137 419 2676 2517 2793 3642 2831 993 3426 2465 2753 1278 1929 1435 4067 2564 3177 3708 0 2412 3036 1666 2248 2280 2607 3021 2291
498 2419 3394 2075 439 3405 774 3583 1586 934 1848 2843 2849 2038 1074 398 674 1946 509 763 774 2053 1311 578 1261 4657 793 3113 1540 109 1392 3397 596 3756 2427 881 1291 1822 2412 0 1675 767 365 4400 721 1135 930
1391 2342 4218 2716 1608 4028 1193 4751 121 977 2489 3666 3672 1961 1897 1566 1674 2570 1340 1388 1399 2677 918 1465 1076 5480 1793 3936 2363 1728 620 4220 1219 4382 2350 1211 2114 2645 3036 1675 0 1567 1510 5223 1552 1958 888
484 2590 2671 2316 1001 2658 822 4144 1478 1035 2089 2119 2125 2208 350 959 1067 1200 750 657 668 1307 1207 872 1324 3933 1186 2389 1781 820 1284 2674 460 3012 2598 1095 1532 2063 1666 767 1567 0 603 3676 962 1376 822
167 2533 3230 2235 484 3240 765 3627 1422 978 2008 2678 2684 2151 909 443 718 1782 668 598 610 1888 1150 739 1267 4492 837 2948 1700 418 1227 3232 431 3592 2541 1038 1451 1982 2248 365 1510 603 0 4235 836 1295 765
4134 6263 1476 5965 4650 1244 4495 4724 5152 4708 5738 1651 1679 5882 3438 4609 4717 2903 4399 4329 4340 2625 4880 4521 4997 3736 4836 1921 5431 4470 4958 1100 4133 1080 6271 4768 5182 5713 2296 4417 5240 3693 4252 0 4611 5026 4495
710 1849 3589 1505 484 3599 535 3315 1464 695 1277 3037 3043 1468 1268 443 220 2140 270 548 624 2247 1072 186 960 4812 339 3307 970 721 1269 3591 790 3950 1857 432 721 1252 2606 668 1552 961 829 4594 0 565 894
1177 2192 4003 1080 951 4014 945 3782 1869 1101 853 3452 3458 1810 1683 910 687 2555 684 963 1038 2662 1478 653 1303 5266 806 3722 526 1188 1675 4006 1205 4365 2199 775 277 808 3021 1135 1958 1376 1295 5009 565 0 1300
647 1911 3473 2058 950 3284 534 4093 800 356 1831 2921 2927 1530 1152 908 1015 1825 682 643 654 1932 528 806 646 4735 1134 3191 1704 983 606 3475 474 3637 1919 552 1456 1986 2291 930 888 822 765 4478 894 1300 0
EOF
