NAME : tsp_problem
TYPE : TSP
DIMENSION : 44
EDGE_WEIGHT_TYPE : EXPLICIT
EDGE_WEIGHT_FORMAT : FULL_MATRIX
EDGE_WEIGHT_SECTION
0 2203 449 4591 1792 827 434 4375 667 561 1623 864 3774 759 317 928 770 1410 1677 271 655 1908 5133 737 4499 531 1933 621 1586 74 549 5289 685 818 883 787 3953 5154 833 948 2319 653 664 806
2193 0 2456 6419 2807 1875 1883 5971 2137 2441 2807 1828 5602 1489 1949 2157 1616 2594 2480 2023 1884 544 6961 1785 6328 1715 3561 1653 2588 2210 1777 7117 2514 1897 2511 1964 5583 6982 1956 2576 594 2234 1892 1854
449 2466 0 4663 2055 900 697 4578 739 633 1886 937 3846 1022 580 1191 1033 1673 1940 642 918 2171 5205 1001 4572 795 2005 885 1849 467 812 5361 757 890 956 860 4025 5226 905 1021 2582 856 927 1070
4608 6445 4680 0 6081 4601 4722 3907 4440 4387 5912 4638 1229 5045 4606 5217 4906 5699 5967 4821 4944 6150 1050 5027 416 4821 3098 4907 5875 4625 4838 1206 3957 4592 4018 4561 1484 1071 4606 3925 6561 5202 4953 5096
1791 2839 2054 6064 0 2145 1664 5569 2140 2086 362 2098 5247 1793 1547 969 1991 854 708 1622 1171 2544 6606 1329 5973 1430 3406 1713 462 1808 1269 6762 2158 2167 2357 2094 5426 6627 2227 2422 2955 1832 1180 1192
827 1884 900 4584 2145 0 595 4612 302 606 1976 77 3767 588 679 1282 344 1763 1849 910 1008 1589 5126 909 4493 795 1726 482 1758 845 902 5282 679 62 677 198 3748 5147 121 742 2000 1292 1017 978
434 1892 697 4705 1664 595 0 4524 582 727 1495 548 3888 430 189 800 441 1282 1380 420 527 1597 5247 440 4614 306 1848 293 1289 451 421 5403 799 617 799 544 3870 5268 677 864 2008 802 536 509
4375 5980 4578 3907 5569 4612 4524 0 4452 4398 5400 4649 4150 4744 4407 4705 4860 5187 5455 4203 4432 5685 4448 4515 3815 4309 3142 4664 5363 4392 4326 4605 3968 4603 4029 4572 4406 4470 4618 3937 6096 4121 4441 4584
667 2146 739 4423 2140 302 582 4452 0 446 1971 339 3606 746 665 1276 607 1758 1857 880 1003 1851 4965 917 4332 782 1566 640 1765 684 897 5121 518 293 516 262 3587 4986 307 581 2262 1261 1012 986
561 2450 633 4370 2086 606 727 4398 446 0 1917 643 3553 1050 611 1222 911 1704 1971 774 949 2155 4911 1031 4278 825 1711 913 1880 578 842 5067 464 597 662 566 3731 4933 612 727 2566 1052 957 1100
1622 2820 1885 5895 362 1976 1495 5400 1971 1917 0 1929 5078 1625 1378 800 1823 685 860 1453 1002 2525 6437 1162 5804 1261 3237 1544 349 1639 1100 6593 1989 1999 2188 1926 5257 6458 2058 2253 2936 1663 1011 1025
864 1837 937 4621 2098 77 548 4649 339 643 1929 0 3804 541 632 1235 297 1716 1802 863 961 1542 5163 862 4530 749 1763 435 1711 881 855 5319 716 99 713 235 3785 5184 158 778 1953 1245 970 931
3774 5611 3846 1212 5247 3767 3888 4150 3606 3553 5078 3804 0 4211 3772 4383 4071 4865 5133 3987 4110 5316 1754 4193 1120 3987 2264 4073 5041 3791 4004 1910 3123 3757 3184 3727 650 1775 3772 3091 5727 4368 4119 4262
759 1498 1022 5028 1793 588 430 4744 746 1050 1625 541 4211 0 514 930 434 1412 1498 745 657 1203 5570 558 4937 488 2170 205 1406 776 550 5726 1123 611 1121 538 4192 5591 670 1185 1614 1007 665 627
317 1958 580 4589 1547 679 189 4407 665 611 1378 632 3772 514 0 683 525 1165 1432 303 410 1663 5131 492 4498 286 1931 376 1341 334 304 5287 683 701 881 628 3951 5152 760 946 2074 685 419 561
927 2166 1190 5200 969 1282 800 4705 1276 1222 800 1235 4383 930 683 0 1128 586 874 758 308 1871 5742 611 5109 567 2542 850 769 945 406 5898 1294 1304 1493 1231 4562 5763 1363 1558 2282 968 316 680
770 1626 1033 4888 1991 344 441 4860 607 911 1823 297 4071 434 525 1128 0 1609 1695 756 854 1331 5430 755 4797 642 2031 328 1604 787 748 5586 983 366 981 434 4052 5451 426 1046 1741 1138 863 824
1409 2607 1672 5682 854 1763 1282 5187 1758 1704 685 1716 4865 1412 1165 586 1609 0 984 1240 789 2312 6224 949 5591 1048 3024 1331 655 1426 887 6380 1776 1785 1975 1712 5044 6245 1845 2039 2722 1450 798 812
1677 2493 1940 5950 708 1849 1380 5455 1857 1971 860 1802 5133 1498 1432 874 1695 984 0 1507 1077 2198 6491 1033 5858 1199 3123 1417 959 1694 1171 6647 2044 1872 2073 1798 5145 6513 1931 2138 2609 1718 1086 897
271 2037 642 4804 1626 910 420 4203 880 774 1457 863 3987 745 303 762 756 1244 1512 0 489 1742 5346 572 4712 366 2146 607 1420 288 383 5502 898 932 1096 859 4166 5367 991 1161 2153 475 498 641
654 1893 917 4927 1171 1008 527 4432 1003 949 1002 961 4110 657 410 308 854 789 1077 485 0 1598 5469 338 4836 293 2269 576 972 671 132 5625 1021 1031 1220 957 4289 5490 1090 1285 2009 695 43 407
1898 544 2161 6124 2512 1580 1588 5676 1842 2146 2512 1533 5307 1194 1653 1862 1321 2299 2185 1728 1589 0 6666 1490 6032 1420 3266 1358 2293 1915 1482 6822 2218 1602 2216 1669 5288 6687 1661 2281 660 1939 1597 1559
5150 6987 5222 1050 6623 5143 5264 4448 4982 4929 6454 5180 1771 5587 5148 5759 5447 6241 6509 5363 5486 6692 0 5569 958 5363 3640 5449 6417 5167 5380 274 4499 5133 4560 5103 2026 139 5148 4467 7103 5744 5495 5638
737 1794 1000 5010 1329 909 440 4515 917 1031 1162 862 4193 558 492 611 755 949 1033 567 338 1499 5551 0 4918 259 2183 477 942 754 232 5707 1104 932 1133 858 4205 5573 991 1198 1910 778 346 162
4517 6354 4589 416 5990 4510 4631 3815 4349 4295 5821 4547 1138 4954 4515 5126 4814 5608 5875 4730 4853 6059 958 4935 0 4729 3007 4816 5784 4534 4747 1114 3866 4500 3927 4470 1393 980 4515 3834 6470 5111 4862 5004
531 1724 794 4804 1430 795 306 4309 782 825 1261 749 3987 488 286 567 642 1048 1199 361 293 1429 5345 259 4712 0 2049 408 1107 548 187 5501 898 818 999 745 4070 5367 877 1064 1840 572 302 328
1933 3571 2005 3082 3406 1726 1848 3142 1566 1711 3237 1763 2265 2170 1931 2542 2031 3024 3123 2146 2269 3275 3624 2183 2991 2049 0 2033 3032 1950 2163 3780 1282 1717 1143 1686 2242 3645 1732 1051 3686 2527 2278 2252
621 1662 885 4890 1713 482 293 4664 640 913 1544 435 4073 205 376 850 328 1331 1417 607 576 1367 5432 477 4799 408 2033 0 1326 639 470 5588 985 504 983 431 4054 5453 563 1048 1778 926 585 546
1585 2600 1848 5858 462 1758 1289 5363 1765 1880 349 1711 5041 1406 1341 769 1604 655 959 1416 972 2305 6400 942 5767 1107 3032 1326 0 1603 1070 6556 1952 1780 1982 1707 5054 6421 1840 2047 2716 1626 981 805
74 2220 467 4608 1809 845 451 4392 684 578 1640 881 3791 776 334 945 787 1427 1695 288 672 1925 5150 755 4517 549 1950 639 1603 0 566 5306 702 835 901 804 3970 5171 850 965 2336 670 681 824
548 1787 811 4821 1269 902 421 4326 897 842 1100 855 4004 550 304 406 748 887 1171 378 132 1492 5363 232 4729 187 2163 470 1070 565 0 5519 915 924 1113 851 4183 5384 984 1178 1902 589 141 300
5306 7143 5378 1206 6779 5299 5420 4605 5138 5085 6610 5336 1927 5743 5304 5915 5603 6397 6665 5519 5642 6848 274 5725 1114 5519 3796 5605 6573 5323 5536 0 4655 5289 4716 5259 2182 295 5304 4623 7259 5900 5651 5794
685 2523 757 3940 2158 679 799 3968 518 464 1989 716 3123 1123 683 1294 983 1776 2044 898 1021 2228 4482 1104 3849 898 1282 985 1952 702 915 4638 0 669 233 638 3302 4503 684 298 2639 1279 1030 1173
818 1906 890 4574 2167 62 617 4603 293 597 1999 99 3757 611 701 1304 366 1785 1872 932 1031 1611 5116 932 4483 818 1717 504 1780 835 924 5272 669 0 667 188 3738 5137 112 732 2022 1314 1039 1001
883 2521 956 4001 2357 677 799 4029 516 662 2188 713 3184 1121 881 1493 981 1975 2073 1096 1220 2226 4543 1133 3909 999 1143 983 1982 901 1113 4699 233 667 0 636 3165 4564 682 158 2636 1478 1228 1202
787 1973 860 4544 2094 198 544 4572 262 566 1926 235 3727 538 628 1231 434 1712 1798 859 957 1678 5086 858 4452 745 1686 431 1707 804 851 5242 638 188 636 0 3708 5107 203 701 2089 1241 966 927
4013 5842 4085 1510 5486 3998 4119 4449 3837 3792 5317 4034 693 4441 4011 4622 4302 5104 5372 4226 4349 5546 2052 4432 1419 4226 2492 4304 5280 4030 4243 2208 3362 3988 3414 3957 0 2073 4003 3322 5957 4607 4358 4501
5171 7008 5243 1071 6644 5164 5285 4470 5003 4950 6475 5201 1792 5608 5169 5780 5469 6262 6530 5384 5507 6713 139 5590 980 5384 3661 5470 6438 5188 5401 295 4520 5155 4581 5124 2047 0 5169 4488 7124 5766 5516 5659
833 1965 905 4589 2227 121 677 4618 307 612 2058 158 3772 670 760 1363 426 1845 1931 991 1090 1670 5131 991 4498 877 1732 563 1840 850 984 5287 684 112 682 203 3753 5152 0 747 2081 1374 1099 1060
948 2586 1021 3908 2422 742 864 3937 581 727 2253 778 3091 1185 946 1558 1046 2039 2138 1161 1285 2290 4450 1198 3817 1064 1051 1048 2047 965 1178 4606 298 732 158 701 3072 4471 747 0 2701 1543 1293 1267
2309 594 2572 6535 2923 1990 1999 6087 2253 2557 2923 1943 5718 1604 2064 2273 1732 2710 2596 2139 1999 660 7076 1901 6443 1831 3677 1769 2703 2326 1893 7232 2629 2013 2627 2080 5699 7098 2072 2692 0 2350 2008 1970
653 2243 856 5185 1832 1292 802 4121 1261 1052 1663 1245 4368 1007 685 968 1138 1450 1718 475 695 1948 5727 778 5094 572 2527 926 1626 670 589 5883 1279 1314 1478 1241 4547 5748 1374 1543 2359 0 704 847
663 1902 926 4936 1180 1017 536 4441 1012 957 1011 970 4119 665 419 316 863 798 1086 493 43 1607 5478 346 4844 302 2278 585 981 680 141 5634 1030 1039 1228 966 4298 5499 1099 1293 2017 704 0 415
806 1863 1069 5079 1192 978 509 4584 986 1100 1025 931 4262 627 561 680 824 812 897 636 407 1568 5620 162 4987 328 2252 546 805 823 300 5776 1173 1001 1202 927 4274 5642 1060 1267 1979 847 415 0
EOF
