NAME : tsp_problem
TYPE : TSP
DIMENSION : 59
EDGE_WEIGHT_TYPE : EXPLICIT
EDGE_WEIGHT_FORMAT : FULL_MATRIX
EDGE_WEIGHT_SECTION
0 829 1221 993 345 2760 1168 369 1250 1081 1578 1044 947 640 1503 1260 1706 2953 515 3417 369 734 1389 5556 214 2108 552 800 744 1816 2434 4124 153 3684 158 1765 788 808 4095 808 1539 1300 3485 3743 2226 1596 1845 826 312 824 1082 1056 222 560 4863 1794 1249 1007 649
829 0 628 601 709 3024 374 643 455 640 1642 1132 1211 248 1679 465 1999 3216 493 3643 904 644 1453 5620 648 1314 530 379 654 1223 2498 4386 712 3282 717 2030 1582 718 4357 718 1832 707 3567 3807 2490 1861 1252 889 862 734 640 1120 657 565 4927 1000 454 1095 249
1221 628 0 264 1101 3429 491 1035 573 183 2215 1705 1616 640 2172 212 2349 3622 885 4086 1297 1217 2027 6193 1041 972 923 953 1228 766 3072 4793 1104 3856 1109 2435 1974 1292 4765 1291 2182 163 4140 4381 2896 2266 796 1463 1254 1308 184 1693 1049 957 5501 714 572 1669 783
993 601 264 0 873 3201 584 807 666 125 1987 1477 1388 412 1944 305 2163 3394 657 3858 1069 989 1799 5966 813 1152 695 725 1000 859 2844 4565 876 3628 881 2207 1746 1064 4537 1063 1996 343 3912 4153 2668 2038 889 1235 1026 1080 125 1465 821 729 5273 839 665 1441 555
345 709 1101 873 0 2861 1048 99 1129 961 1679 1145 1048 520 1604 1140 1660 3054 262 3518 566 685 1490 5657 165 1988 299 743 696 1696 2535 4225 228 3636 233 1867 1098 759 4197 759 1493 1180 3587 3845 2328 1698 1725 927 378 776 962 1157 173 269 4964 1674 1128 1109 573
2760 3024 3429 3201 2861 0 3363 2854 3444 3289 1446 1986 1889 2848 1464 3455 4431 450 2997 914 3094 2903 1656 4561 2730 4304 3035 2986 2687 4024 592 1621 2715 5084 2720 1080 3225 2560 1593 2604 4264 3508 983 1245 610 1235 4053 2407 2538 2435 3290 2135 2738 3069 2364 3989 3443 1950 2837
1168 374 491 584 1048 3363 0 983 263 503 1981 1471 1551 588 2019 329 2339 3556 833 3983 1244 983 1793 5959 988 1178 870 719 994 1086 2838 4726 1051 3622 1056 2369 1922 1058 4697 1057 2172 570 3906 4147 2830 2200 1116 1229 1201 1074 504 1459 997 904 5267 863 262 1435 589
369 643 1035 807 99 2854 983 0 1064 896 1672 1138 1041 454 1597 1074 1690 3047 292 3511 595 678 1483 5650 189 1923 329 677 688 1630 2528 4218 252 3580 257 1860 1122 752 4190 752 1523 1114 3579 3837 2321 1691 1660 920 402 768 896 1150 197 298 4957 1609 1063 1101 508
1250 455 573 666 1129 3444 263 1064 0 584 2063 1552 1632 669 2100 410 2420 3637 914 4064 1325 1065 1874 6041 1069 1259 951 800 1075 1168 2919 4807 1132 3703 1138 2450 2003 1139 4778 1139 2253 652 3988 4228 2911 2282 1197 1310 1283 1155 585 1540 1078 986 5348 945 81 1516 670
1081 640 183 125 961 3289 503 896 584 0 2076 1565 1476 500 2032 223 2252 3482 746 3946 1157 1078 1887 6054 901 1071 783 813 1088 778 2932 4653 964 3716 969 2295 1834 1152 4625 1152 2085 262 4001 4241 2756 2126 807 1323 1114 1168 44 1553 909 817 5361 758 583 1529 643
1578 1642 2215 1987 1679 1446 1981 1672 2063 2076 0 627 707 1634 259 2073 3249 1639 1790 2066 1912 1521 231 4043 1547 2922 1827 1604 1305 2810 921 2809 1533 4472 1538 611 2043 1179 2780 1223 3082 2294 1990 2230 913 442 2840 1025 1356 1053 2076 753 1556 1862 3350 2607 2062 591 1474
1044 1132 1705 1477 1145 1986 1471 1138 1552 1565 627 0 173 1124 665 1563 2715 2179 1280 2629 1378 1011 438 4605 1014 2412 1317 1094 795 2300 1484 3350 999 3962 1004 992 1509 668 3322 712 2548 1784 2552 2793 1453 823 2330 515 822 543 1566 243 1022 1351 3912 2097 1551 57 964
947 1211 1616 1388 1048 1889 1551 1041 1632 1476 707 173 0 1035 632 1642 2618 2082 1184 2546 1281 1091 518 4685 917 2491 1221 1173 875 2211 1563 3253 902 4041 907 895 1412 748 3225 792 2451 1695 2614 2872 1356 726 2240 594 725 622 1477 323 925 1256 3992 2177 1631 136 1024
640 248 640 412 520 2848 588 454 669 500 1634 1124 1035 0 1591 679 1810 3041 304 3505 716 636 1446 5612 460 1528 342 372 647 1235 2491 4212 523 3275 528 1854 1393 711 4184 710 1643 719 3559 3800 2315 1685 1264 882 673 727 501 1112 468 376 4920 1214 668 1088 202
1503 1679 2172 1944 1604 1464 2019 1597 2100 2032 259 665 632 1591 0 2110 3175 1657 1740 2121 1837 1559 313 4170 1473 2959 1778 1642 1343 2767 1049 2829 1458 4509 1464 470 1968 1216 2800 1260 3007 2251 2117 2358 931 301 2797 1062 1282 1090 2033 790 1481 1812 3477 2645 2099 628 1512
1260 465 212 305 1140 3455 329 1074 410 223 2073 1563 1642 679 2110 0 2389 3648 924 4075 1336 1075 1884 6051 1080 898 962 810 1085 807 2929 4817 1143 3713 1148 2461 2013 1149 4789 1149 2222 291 3998 4239 2921 2292 836 1320 1293 1165 224 1551 1088 996 5358 584 409 1526 680
1697 1990 2336 2154 1651 4422 2329 1681 2411 2242 3240 2706 2609 1801 3165 2377 0 4615 1539 5079 1597 2289 3051 7218 1787 3153 1577 2024 2299 2733 4096 5786 1816 4927 1821 3428 2327 2363 5758 2363 254 2415 5147 5405 3889 3259 2762 2488 1975 2379 2243 2718 1796 1546 6525 2911 2410 2669 1854
2953 3216 3622 3394 3054 450 3556 3047 3637 3482 1639 2179 2082 3041 1657 3648 4624 0 3190 505 3287 3096 1849 4754 2923 4497 3227 3179 2880 4217 785 1213 2908 5277 2913 1273 3418 2753 1184 2797 4457 3701 574 836 803 1428 4246 2600 2731 2628 3483 2328 2931 3262 1955 4182 3636 2142 3030
515 493 885 657 262 2997 833 292 914 746 1790 1280 1184 304 1740 924 1549 3190 0 3654 454 792 1601 5768 334 1773 80 527 802 1480 2646 4361 398 3430 403 2003 1184 866 4333 866 1381 964 3715 3955 2464 1834 1510 1037 548 882 746 1268 343 114 5075 1459 913 1243 358
3417 3643 4086 3858 3518 914 3983 3511 4064 3946 2066 2629 2546 3505 2121 4075 5088 505 3654 0 3751 3523 2276 5102 3387 4924 3691 3606 3307 4681 1208 801 3372 5625 3377 1737 3882 3180 772 3224 4921 4165 118 380 1267 1892 4710 3027 3195 3055 3947 2755 3395 3726 1499 4609 4063 2592 3476
369 904 1297 1069 566 3094 1244 595 1325 1157 1912 1378 1281 716 1837 1336 1606 3287 454 3751 0 1068 1723 5890 548 2184 491 939 1079 1892 2768 4458 488 3841 493 2100 999 1143 4430 1142 1439 1376 3819 4078 2561 1931 1921 1160 647 1159 1157 1390 557 460 5197 1870 1324 1341 769
734 644 1218 990 685 2903 984 678 1065 1078 1521 1011 1091 637 1559 1076 2299 3096 793 3523 1068 0 1333 5389 554 1925 830 561 274 1813 2378 4266 617 3038 622 1909 1487 397 4237 477 2132 1297 3446 3687 2370 1741 1842 691 767 562 1079 999 562 864 4807 1610 1064 975 477
1389 1453 2027 1799 1490 1656 1793 1483 1874 1887 231 438 518 1446 313 1884 3060 1849 1601 2276 1723 1333 0 4223 1359 2733 1638 1415 1117 2622 1131 3018 1344 4283 1349 665 1854 990 2990 1034 2893 2106 2199 2440 1122 496 2651 836 1167 864 1887 564 1367 1673 3559 2419 1873 402 1285
5556 5620 6193 5966 5657 4561 5959 5650 6041 6054 4043 4605 4685 5612 4170 6051 7227 4754 5768 5102 5890 5389 4223 0 5525 6900 5805 5543 5283 6788 4036 5167 5511 2695 5516 3911 6021 5157 5139 5201 7060 6272 5026 4749 4028 4066 6818 5003 5334 5031 6054 4731 5534 5840 4571 6585 6040 4569 5452
214 648 1041 813 165 2730 988 189 1069 901 1547 1014 917 460 1473 1080 1796 2923 334 3387 548 554 1359 5525 0 1928 372 620 564 1636 2404 4094 97 3504 102 1735 967 628 4065 628 1629 1120 3455 3713 2196 1566 1665 796 247 644 901 1026 42 405 4833 1614 1068 977 469
2108 1314 972 1152 1988 4304 1178 1923 1259 1071 2922 2412 2491 1528 2959 898 3185 4497 1773 4924 2184 1924 2733 6900 1928 0 1810 1659 1934 963 3778 5666 1991 4562 1996 3310 2862 1998 5638 1998 3018 877 4847 5087 3770 3141 931 2169 2141 2014 1071 2400 1937 1845 6207 503 1258 2375 1529
552 530 923 695 299 3035 870 329 951 783 1827 1317 1221 342 1778 962 1586 3227 80 3691 491 829 1638 5805 372 1810 0 564 839 1518 2684 4399 435 3467 440 2040 1222 903 4370 903 1419 1002 3752 3993 2501 1871 1547 1075 585 920 783 1305 380 152 5112 1496 950 1280 395
800 379 953 725 743 2986 719 677 800 813 1604 1094 1173 372 1641 810 2033 3179 527 3606 939 554 1415 5543 620 1659 564 0 564 1548 2460 4348 683 3192 688 1992 1553 628 4320 628 1866 1032 3529 3769 2452 1823 1577 800 833 644 814 1082 628 599 4889 1345 799 1057 212
744 655 1228 1001 696 2687 994 688 1076 1089 1305 795 875 648 1343 1086 2309 2880 803 3307 1079 274 1117 5283 564 1935 840 580 0 1823 2162 4050 627 3224 632 1693 1498 329 4021 260 2142 1308 3230 3471 2154 1524 1853 502 777 346 1089 783 573 875 4591 1620 1075 759 487
1816 1223 766 859 1696 4024 1086 1630 1168 778 2810 2300 2211 1235 2767 807 2745 4217 1480 4681 1892 1812 2622 6788 1636 963 1518 1548 1823 0 3667 5388 1699 4451 1704 3030 2569 1887 5360 1886 2578 845 4735 4976 3491 2861 265 2058 1849 1903 779 2288 1644 1552 6096 872 1167 2264 1378
2434 2498 3072 2844 2535 592 2838 2528 2919 2932 921 1484 1563 2491 1049 2929 4105 785 2646 1208 2768 2378 1131 4036 2404 3778 2684 2461 2162 3667 0 1951 2389 4559 2395 758 2899 2035 1922 2079 3938 3151 1131 1372 607 914 3696 1881 2213 1910 2933 1610 2412 2718 2492 3464 2918 1447 2331
4236 4309 4883 4655 4338 1734 4649 4331 4730 4743 2732 3295 3366 4302 2860 4740 5908 1325 4457 882 4571 4189 2942 5073 4206 5589 4495 4272 3973 5478 1874 0 4192 5597 4197 2557 4702 3846 155 3890 5741 4962 805 528 2086 2712 5507 3692 4015 3721 4744 3421 4215 4529 1470 5275 4729 3258 4142
153 712 1104 876 228 2715 1051 252 1132 964 1533 999 902 523 1458 1143 1825 2908 398 3372 488 617 1344 5511 97 1991 435 683 627 1699 2389 4079 0 3567 41 1721 907 691 4051 691 1658 1183 3440 3699 2182 1552 1728 781 232 707 965 1011 105 468 4818 1677 1132 963 532
3684 3282 3856 3628 3636 5084 3622 3580 3703 3716 4472 3962 4041 3275 4509 3713 4936 5277 3430 5625 3841 3038 4283 2695 3504 4562 3467 3192 3224 4451 4559 5691 3567 0 3572 4434 4438 3347 5662 3427 4769 3935 5549 5272 4551 4590 4480 3642 3717 3512 3716 3950 3512 3502 5094 4248 3702 3925 3114
158 717 1109 881 233 2720 1056 257 1138 969 1538 1004 907 528 1464 1148 1830 2913 403 3377 493 622 1349 5516 102 1996 440 688 632 1704 2395 4084 41 3572 0 1726 912 696 4056 696 1663 1188 3446 3704 2187 1557 1733 786 237 712 970 1016 110 473 4823 1682 1137 968 537
1765 2030 2435 2207 1867 1080 2369 1860 2450 2295 611 992 895 1854 470 2461 3437 1273 2003 1737 2100 1909 665 3911 1735 3310 2040 1992 1693 3030 758 2444 1721 4434 1726 0 2231 1566 2416 1610 3270 2514 1805 2067 547 241 3059 1413 1544 1441 2295 1141 1744 2075 3187 2995 2449 955 1842
788 1582 1974 1746 1098 3225 1922 1122 2003 1834 2043 1509 1412 1393 1968 2013 2336 3418 1184 3882 999 1487 1854 6021 967 2862 1222 1553 1498 2569 2899 4589 907 4438 912 2231 0 1445 4561 1489 2169 2053 3950 4208 2692 2062 2599 1291 778 1319 1835 1521 975 1191 5328 2548 2002 1472 1402
808 719 1292 1064 759 2560 1058 752 1139 1153 1179 668 748 711 1216 1150 2373 2753 867 3180 1143 397 990 5157 628 1999 904 681 329 1887 2035 3923 691 3347 696 1566 1445 0 3894 247 2206 1371 3104 3344 2027 1398 1917 375 758 219 1153 656 636 939 4464 1684 1139 632 551
4208 4281 4854 4626 4309 1705 4620 4302 4702 4715 2704 3266 3337 4273 2831 4712 5879 1296 4429 853 4542 4160 2913 5045 4178 5561 4466 4243 3944 5449 1845 155 4163 5568 4168 2528 4673 3818 0 3862 5712 4933 776 500 2058 2683 5479 3664 3987 3692 4715 3392 4186 4501 1442 5246 4701 3230 4113
808 719 1292 1064 759 2604 1058 752 1139 1152 1223 712 792 711 1260 1150 2373 2797 867 3224 1142 477 1034 5201 628 1999 904 681 260 1887 2079 3967 691 3427 696 1610 1489 247 3938 0 2206 1371 3148 3388 2071 1442 1917 419 802 263 1153 700 636 938 4508 1684 1138 676 551
1530 1823 2169 1987 1484 4255 2162 1514 2244 2075 3073 2539 2442 1634 2998 2210 254 4448 1372 4912 1430 2122 2884 7051 1620 2986 1410 1857 2132 2566 3929 5619 1649 4760 1654 3261 2160 2196 5591 2196 0 2248 4980 5238 3722 3092 2595 2321 1808 2212 2076 2551 1629 1379 6358 2744 2243 2502 1687
1300 707 163 343 1180 3508 570 1114 652 262 2294 1784 1695 719 2251 291 2428 3701 964 4165 1376 1296 2106 6272 1120 877 1002 1032 1307 845 3151 4872 1183 3935 1188 2514 2053 1371 4844 1370 2261 0 4219 4460 2975 2345 875 1542 1333 1387 263 1772 1128 1036 5580 619 651 1748 862
3485 3567 4140 3912 3587 983 3906 3579 3988 4001 1990 2552 2614 3559 2117 3998 5157 574 3715 118 3819 3446 2199 5026 3455 4847 3752 3529 3230 4735 1131 869 3440 5549 3446 1805 3950 3104 841 3148 4990 4219 0 303 1335 1961 4765 2950 3264 2978 4001 2678 3464 3787 1423 4532 3987 2516 3399
3743 3807 4381 4153 3845 1245 4147 3837 4228 4241 2230 2793 2872 3800 2358 4239 5415 836 3955 380 4078 3687 2440 4749 3713 5087 3993 3770 3471 4976 1372 605 3699 5272 3704 2067 4208 3344 577 3388 5248 4460 303 0 1597 2223 5005 3191 3522 3219 4242 2919 3722 4027 1146 4773 4227 2756 3640
2226 2490 2896 2668 2328 610 2830 2321 2911 2756 913 1453 1356 2315 931 2921 3898 803 2464 1267 2561 2370 1122 4028 2196 3770 2501 2452 2154 3491 607 1974 2182 4551 2187 547 2692 2027 1945 2071 3731 2975 1335 1597 0 702 3520 1873 2005 1901 2756 1601 2205 2536 2717 3456 2910 1416 2303
1596 1861 2266 2038 1698 1235 2200 1691 2282 2126 442 823 726 1685 301 2292 3268 1428 1834 1892 1931 1741 496 4066 1566 3141 1871 1823 1524 2861 914 2599 1552 4590 1557 241 2062 1398 2571 1442 3101 2345 1961 2223 702 0 2890 1244 1375 1272 2127 972 1575 1906 3342 2826 2281 786 1673
1845 1252 796 889 1725 4053 1116 1660 1197 807 2840 2330 2240 1264 2797 836 2775 4246 1510 4710 1921 1842 2651 6818 1665 931 1547 1577 1852 265 3696 5418 1728 4480 1733 3059 2599 1916 5389 1916 2608 875 4765 5005 3520 2890 0 2087 1878 1932 808 2318 1674 1581 6125 840 1196 2293 1408
826 889 1463 1235 927 2407 1229 920 1310 1323 1025 515 594 882 1062 1320 2497 2600 1037 3027 1160 691 836 5003 796 2169 1075 852 502 2058 1881 3769 781 3642 786 1413 1291 375 3741 419 2330 1542 2950 3191 1873 1244 2087 0 604 249 1324 503 804 1109 4310 1855 1309 478 722
312 862 1254 1026 378 2538 1201 402 1283 1114 1356 822 725 673 1282 1293 1984 2731 548 3195 647 767 1167 5334 247 2141 585 833 777 1849 2213 3903 232 3717 237 1544 778 758 3874 802 1817 1333 3264 3522 2005 1375 1878 604 0 632 1115 835 255 618 4641 1827 1282 786 682
824 735 1309 1081 776 2435 1075 768 1156 1169 1053 543 622 728 1090 1166 2389 2628 883 3055 1159 562 864 5031 644 2015 920 697 346 1904 1910 3797 707 3512 712 1441 1319 219 3769 263 2222 1388 2978 3219 1901 1272 1933 249 632 0 1169 531 653 955 4338 1701 1155 506 567
1082 640 184 125 962 3290 504 896 585 44 2076 1566 1477 501 2033 224 2252 3483 746 3947 1157 1078 1887 6054 901 1071 783 814 1089 779 2933 4654 965 3716 970 2295 1835 1152 4625 1152 2085 263 4001 4242 2756 2127 808 1324 1115 1169 0 1554 910 818 5362 758 584 1529 644
1056 1120 1693 1465 1157 2135 1459 1150 1540 1553 753 243 323 1112 790 1551 2727 2328 1268 2755 1390 999 564 4731 1026 2400 1305 1082 783 2288 1610 3497 1011 3950 1016 1141 1521 656 3469 700 2560 1772 2678 2919 1601 972 2318 503 835 531 1554 0 1034 1339 4038 2085 1539 206 952
222 657 1049 821 173 2738 997 197 1078 909 1556 1022 925 468 1481 1088 1805 2931 343 3395 557 562 1367 5534 42 1937 380 628 573 1644 2412 4102 105 3512 110 1744 975 636 4074 636 1638 1128 3464 3722 2205 1575 1674 804 255 653 910 1034 0 413 4841 1623 1077 986 477
560 565 957 729 269 3069 904 298 986 817 1862 1351 1256 376 1812 996 1555 3262 114 3726 460 864 1673 5840 405 1845 152 599 874 1552 2718 4433 468 3502 473 2075 1191 938 4405 938 1388 1036 3787 4027 2536 1906 1581 1109 618 954 818 1339 413 0 5147 1531 985 1315 429
4880 4944 5518 5290 4981 2380 5284 4974 5365 5378 3367 3930 4009 4937 3495 5375 6551 1971 5092 1516 5214 4824 3576 4571 4850 6224 5130 4907 4608 6113 2509 1582 4835 5094 4840 3203 5345 4481 1553 4525 6384 5597 1440 1163 2732 3358 6142 4327 4659 4355 5379 4055 4858 5164 0 5910 5364 3893 4777
1794 1000 714 839 1674 3989 863 1609 945 758 2607 2097 2177 1214 2645 584 2924 4182 1459 4609 1870 1609 2419 6585 1614 503 1496 1345 1620 872 3464 5352 1677 4248 1682 2995 2548 1684 5323 1683 2756 619 4532 4773 3456 2826 840 1855 1827 1700 758 2085 1623 1531 5893 0 944 2061 1215
1249 454 572 665 1128 3443 262 1063 81 583 2062 1551 1631 668 2099 409 2419 3636 913 4063 1324 1064 1873 6040 1068 1258 950 799 1074 1167 2918 4806 1132 3702 1137 2449 2002 1138 4777 1138 2252 651 3987 4227 2910 2281 1196 1309 1282 1154 584 1539 1077 985 5347 944 0 1515 669
1007 1095 1669 1441 1109 1950 1435 1101 1516 1529 591 57 136 1088 628 1526 2679 2142 1243 2592 1341 975 402 4569 977 2375 1280 1057 759 2264 1447 3314 963 3925 968 955 1472 632 3285 676 2512 1748 2516 2756 1416 786 2293 478 786 506 1529 206 986 1315 3876 2061 1515 0 927
649 249 783 555 573 2837 589 508 670 643 1474 964 1024 202 1512 680 1864 3030 358 3476 769 476 1285 5452 469 1529 395 212 487 1378 2331 4201 532 3114 537 1842 1402 550 4172 550 1697 862 3399 3640 2303 1673 1408 722 682 567 644 952 477 429 4759 1215 669 927 0
EOF
