NAME : tsp_problem
TYPE : TSP
DIMENSION : 44
EDGE_WEIGHT_TYPE : EXPLICIT
EDGE_WEIGHT_FORMAT : FULL_MATRIX
EDGE_WEIGHT_SECTION
0 715 3370 3273 2429 1755 3688 3165 1703 3989 2473 3627 3084 2507 4557 5203 253 4011 4350 1533 1434 531 1199 3794 2114 1077 2662 1831 3197 4694 3253 4014 346 3366 3850 3710 3215 3382 4045 3268 837 3245 3358 3615
715 0 3950 3862 3009 2343 4268 3754 2291 4577 3061 4215 3672 3087 5136 5791 841 4590 4234 2113 1318 1111 1788 4373 2702 1666 3242 2411 3785 5273 3842 4594 768 3954 4430 4299 3804 3971 4625 3848 1417 3834 3947 4204
3370 3950 0 781 1414 2053 398 677 2001 1307 1119 794 772 933 1704 2414 3343 1158 4340 2046 4669 2937 2476 941 1495 2511 834 1607 885 1841 761 1161 3595 973 997 1028 903 990 1192 280 2587 933 966 783
3273 3862 781 0 1334 1774 880 505 1722 892 839 490 334 853 1547 2106 3064 1182 4595 1966 4589 2848 2197 667 1215 2232 755 1527 257 1684 56 1186 3316 268 1021 613 353 285 1216 859 2507 452 261 479
2429 3009 1414 1334 0 1112 1731 1225 1060 2050 843 1688 1145 550 2600 3264 2402 2054 3722 1105 3728 1996 1535 1837 557 1570 706 666 1258 2737 1314 2058 2654 1426 1893 1771 1276 1443 2088 1312 1646 1306 1419 1676
1755 2343 2053 1774 1112 0 2371 1666 162 2490 973 2128 1585 1190 3072 3704 1546 2694 3111 452 3074 1329 678 2302 615 713 1345 514 1698 3209 1754 2697 1797 1866 2533 2211 1716 1883 2728 1951 993 1746 1859 2116
3688 4268 398 880 1731 2371 0 776 2319 1229 1436 894 1089 1250 1490 2200 3661 944 4099 2363 4986 3255 2794 727 1813 2828 1152 1924 1062 1627 860 947 3913 1072 783 1128 1157 1089 978 611 2905 1251 1065 691
3165 3754 677 505 1225 1666 776 0 1614 1030 731 518 384 744 1459 2155 2956 1082 4486 1857 4480 2739 2089 690 1107 2124 645 1418 497 1596 484 1086 3208 666 922 752 516 683 1117 750 2398 546 658 507
1703 2291 2001 1722 1060 162 2319 1614 0 2438 921 2076 1532 1138 3020 3652 1494 2642 3059 400 3022 1277 626 2250 563 661 1293 462 1646 3156 1702 2645 1745 1814 2481 2159 1664 1831 2676 1899 941 1694 1807 2064
3989 4577 1307 892 2050 2490 1229 1030 2438 0 1555 702 1050 1569 1809 1748 3780 1445 5170 2682 5304 3563 2912 629 1931 2947 1471 2243 870 1946 872 1448 4032 739 1284 568 824 693 1479 1404 3223 1025 732 729
2473 3061 1119 839 843 973 1436 731 921 1555 0 1193 650 372 2137 2769 2264 1759 3794 1165 3788 2047 1396 1367 415 1431 411 726 763 2274 819 1763 2515 931 1599 1276 781 948 1793 1017 1707 811 924 1181
3627 4215 794 490 1688 2128 894 518 2076 702 1193 0 688 1207 1484 1673 3418 1120 4835 2319 4942 3201 2550 308 1569 2585 1109 1880 472 1621 470 1123 3669 482 959 537 566 499 1154 891 2861 672 475 252
3084 3672 772 334 1145 1585 1089 384 1532 1050 650 688 0 664 1789 2264 2875 1412 4405 1776 4399 2658 2007 896 1026 2042 566 1337 258 1926 314 1415 3126 427 1251 771 276 443 1446 670 2318 306 419 707
2507 3087 933 853 550 1190 1250 744 1138 1569 372 1207 664 0 2119 2783 2480 1573 3811 1182 3805 2074 1613 1356 633 1648 225 743 777 2256 833 1577 2732 945 1412 1290 795 962 1607 831 1724 825 938 1195
4557 5136 1703 1547 2600 3072 1490 1459 3020 1809 2137 1484 1789 2119 0 2540 4362 939 5432 3232 5855 4123 3494 1308 2513 3529 2021 2793 1724 314 1527 943 4614 1734 778 1790 1819 1751 973 1800 3773 1923 1727 1271
5193 5782 2404 2096 3254 3694 2191 2146 3642 1739 2759 1664 2254 2773 2527 0 4984 2407 6133 3886 6509 4768 4117 1591 3135 4152 2675 3447 2074 2664 2076 2410 5236 1944 2246 1772 2029 1898 2441 2501 4427 2230 1937 1692
253 841 3343 3064 2402 1546 3661 2956 1494 3780 2264 3418 2875 2480 4362 4994 0 3984 4401 1509 1573 490 990 3593 1905 868 2635 1804 2988 4499 3044 3987 296 3157 3823 3501 3006 3173 4018 3242 813 3036 3149 3406
4011 4590 1157 1182 2054 2694 944 1082 2642 1445 1759 1120 1412 1573 939 2416 3984 0 4886 2686 5309 3577 3116 943 2135 3151 1475 2247 1359 1076 1162 92 4236 1370 212 1425 1454 1386 351 1254 3227 1558 1362 907
4350 4234 4340 4595 3722 3111 4099 4486 3059 5170 3794 4835 4405 3811 5432 6142 4401 4886 0 3104 3833 3995 3534 4669 3471 3569 3966 3135 4518 5569 4575 4889 4413 4687 4725 5032 4537 4704 4920 4553 3645 4567 4680 4633
1533 2113 2046 1966 1105 452 2363 1857 400 2682 1165 2319 1776 1182 3232 3895 1509 2686 3104 0 2831 1100 799 2469 811 677 1338 506 1890 3369 1946 2689 1761 2058 2525 2403 1908 2075 2720 1944 750 1938 2051 2308
1451 1336 4686 4606 3745 3090 5003 4497 3038 5322 3805 4960 4416 3822 5872 6536 1588 5326 3833 2848 0 1847 2534 5109 3449 2412 3978 3147 4530 6009 4586 5330 1515 4698 5165 5043 4548 4715 5360 4584 2153 4578 4691 4948
531 1111 2937 2848 1996 1329 3255 2739 1277 3563 2047 3201 2658 2074 4123 4777 490 3577 3995 1100 1829 0 773 3360 1688 651 2229 1398 2771 4260 2828 3581 742 2940 3417 3284 2790 2957 3612 2835 404 2820 2932 3190
1199 1788 2476 2197 1535 678 2794 2089 626 2912 1396 2550 2007 1613 3494 4126 990 3116 3534 799 2519 773 0 2725 1038 158 1768 937 2121 3631 2177 3120 1242 2289 2956 2634 2139 2306 3151 2374 437 2169 2282 2539
3794 4373 940 667 1837 2302 727 690 2250 629 1367 308 896 1356 1308 1601 3593 943 4669 2469 5092 3360 2725 0 1744 2760 1258 2030 680 1445 647 946 3844 690 782 662 775 707 977 1037 3010 880 683 228
2114 2702 1495 1215 557 615 1813 1107 563 1931 415 1569 1026 633 2513 3145 1905 2135 3471 811 3434 1688 1038 1744 0 1072 787 441 1139 2650 1195 2139 2157 1308 1975 1652 1157 1324 2170 1393 1352 1187 1300 1557
1077 1666 2511 2232 1570 713 2828 2124 661 2947 1431 2585 2042 1648 3529 4161 868 3151 3569 677 2397 651 158 2760 1072 0 1803 972 2155 3666 2212 3155 1120 2324 2991 2669 2174 2341 3185 2409 315 2204 2317 2574
2662 3242 834 755 706 1345 1152 645 1293 1471 411 1109 566 225 2021 2685 2635 1475 3966 1338 3960 2229 1768 1258 787 1803 0 899 679 2158 735 1478 2887 847 1314 1192 697 864 1509 732 1879 727 840 1097
1831 2411 1607 1527 666 514 1924 1418 462 2243 726 1880 1337 743 2793 3457 1804 2247 3135 506 3129 1398 937 2030 441 972 899 0 1451 2930 1507 2251 2056 1619 2086 1964 1469 1636 2281 1505 1048 1499 1612 1869
3197 3785 885 257 1258 1698 1062 497 1646 870 763 472 258 777 1724 2083 2988 1359 4518 1890 4513 2771 2121 680 1139 2155 679 1451 0 1861 237 1363 3240 246 1199 591 165 263 1394 783 2431 233 239 492
4694 5273 1840 1684 2737 3209 1627 1596 3156 1946 2274 1621 1926 2256 314 2677 4499 1076 5569 3369 5992 4260 3631 1445 2650 3666 2158 2930 1861 0 1664 1079 4750 1871 915 1926 1955 1888 1110 1937 3910 2060 1864 1408
3253 3842 761 56 1314 1754 860 484 1702 872 819 470 314 833 1527 2085 3044 1162 4575 1946 4569 2828 2177 647 1195 2212 735 1507 237 1664 0 1165 3296 248 1001 593 333 265 1196 839 2487 432 241 459
4014 4594 1160 1186 2058 2697 947 1086 2645 1448 1763 1123 1415 1577 943 2420 3987 92 4889 2689 5312 3581 3120 946 2139 3155 1478 2251 1363 1079 1165 0 4239 1373 216 1428 1457 1390 355 1257 3231 1561 1366 910
346 768 3595 3316 2654 1797 3913 3208 1745 4032 2515 3669 3126 2732 4614 5246 296 4236 4416 1761 1500 742 1242 3844 2157 1120 2887 2056 3240 4750 3296 4239 0 3408 4075 3753 3258 3425 4270 3493 1065 3288 3401 3658
3366 3954 973 268 1426 1866 1072 666 1814 739 931 482 427 945 1734 1953 3157 1370 4687 2058 4681 2940 2289 690 1308 2324 847 1619 246 1871 248 1373 3408 0 1209 461 201 133 1404 952 2600 402 109 502
3850 4430 996 1021 1893 2533 783 922 2481 1284 1599 959 1251 1412 778 2255 3823 212 4725 2525 5148 3417 2956 782 1975 2991 1314 2086 1199 915 1001 216 4075 1209 0 1264 1293 1226 247 1093 3067 1397 1202 746
3710 4299 1028 613 1771 2211 1128 752 2159 568 1276 537 771 1290 1790 1781 3501 1425 5032 2403 5026 3284 2634 662 1652 2669 1192 1964 591 1926 593 1428 3753 461 1264 0 545 415 1459 1125 2944 747 454 557
3215 3804 903 353 1276 1716 1157 516 1664 824 781 566 276 795 1819 2038 3006 1454 4537 1908 4531 2790 2139 775 1157 2174 697 1469 165 1955 333 1457 3258 201 1293 545 0 218 1488 801 2449 252 193 586
3382 3971 990 285 1443 1883 1089 683 1831 693 948 499 443 962 1751 1907 3173 1386 4704 2075 4698 2957 2306 707 1324 2341 864 1636 263 1888 265 1390 3425 133 1226 415 218 0 1421 968 2616 419 126 519
4045 4625 1191 1216 2088 2728 978 1117 2676 1479 1793 1154 1446 1607 973 2450 4018 351 4920 2720 5343 3612 3151 977 2170 3185 1509 2281 1394 1110 1196 355 4270 1404 247 1459 1488 1421 0 1288 3262 1592 1396 941
3268 3848 280 859 1312 1951 611 750 1899 1404 1017 891 670 831 1801 2511 3242 1255 4553 1944 4567 2835 2374 1037 1393 2409 732 1505 783 1937 839 1258 3493 952 1094 1125 801 968 1289 0 2485 831 944 880
837 1417 2587 2507 1646 993 2905 2398 941 3223 1707 2861 2318 1724 3773 4437 813 3227 3645 750 2135 404 437 3010 1352 315 1879 1048 2431 3910 2487 3231 1065 2600 3067 2944 2449 2616 3262 2485 0 2479 2592 2849
3245 3834 933 452 1306 1746 1251 546 1694 1025 811 672 306 825 1923 2239 3036 1558 4567 1938 4561 2820 2169 880 1187 2204 727 1499 233 2060 432 1561 3288 402 1397 747 252 419 1592 831 2479 0 395 692
3358 3947 966 261 1419 1859 1065 658 1807 732 924 475 419 938 1727 1946 3149 1362 4680 2051 4674 2932 2282 683 1300 2317 840 1612 239 1864 241 1366 3401 109 1202 454 193 126 1396 944 2592 395 0 495
3615 4204 783 479 1676 2116 691 507 2064 729 1181 252 707 1195 1271 1701 3406 907 4633 2308 4931 3190 2539 228 1557 2574 1097 1869 492 1408 459 910 3658 502 746 557 586 519 941 880 2849 692 495 0
EOF
