NAME : tsp_problem
TYPE : TSP
DIMENSION : 23
EDGE_WEIGHT_TYPE : EXPLICIT
EDGE_WEIGHT_FORMAT : FULL_MATRIX
EDGE_WEIGHT_SECTION
0 4190 820 1874 1362 2079 4551 1759 205 2030 3424 2394 5183 2574 417 621 3250 807 834 1530 3164 2205 4401
4190 0 3881 3357 2931 3567 5634 3247 4041 3518 4508 3675 5509 4524 3883 3961 4334 3515 3392 3100 4445 3683 5317
820 3881 0 1565 1052 1769 4241 1450 961 1720 3114 2085 4873 2603 865 399 2941 410 525 1221 2855 1896 4092
1874 3357 1565 0 578 324 2965 331 1725 313 1839 841 3597 1992 1567 1826 1665 1199 1076 480 1610 446 2847
1362 2931 1052 578 0 772 3285 453 1213 723 2158 1135 3917 1649 1054 1314 1984 687 563 234 1905 900 3142
2079 3567 1769 324 772 0 2868 402 1930 339 1741 743 3500 2018 1771 2031 1567 1404 1280 689 1513 207 2750
4551 5634 4241 2965 3285 2868 0 3182 4401 3128 1152 2394 691 4806 4243 4490 1362 3875 3752 3187 1814 2957 423
1759 3247 1450 331 453 402 3182 0 1610 307 2055 1057 3814 1734 1452 1711 1881 1084 960 370 1827 529 3064
205 4041 961 1725 1213 1930 4401 1610 0 1881 3275 2245 5034 2565 268 761 3101 658 685 1381 3015 2056 4252
2030 3518 1720 313 723 339 3128 307 1881 0 2001 1003 3760 1769 1722 1982 1827 1355 1231 640 1773 467 3010
3424 4508 3114 1839 2158 1741 1152 2055 3275 2001 0 1267 1784 3680 3116 3363 236 2749 2625 2060 687 1830 1038
2394 3675 2085 841 1135 743 2394 1057 2245 1003 1267 0 3024 2682 2087 2165 1093 1719 1596 1061 839 832 2076
5691 5833 5381 4128 4431 4031 1222 4344 5542 4291 2314 3366 0 5969 5383 5461 2525 5015 4892 4350 2786 4120 1370
2542 4515 2591 1983 1640 2008 4797 1724 2553 1759 3670 2672 5429 0 2394 2852 3497 2225 2147 1818 3442 2136 4679
417 3883 865 1567 1054 1771 4243 1452 268 1722 3116 2087 4875 2407 0 973 2942 499 527 1223 2857 1897 4094
621 3961 399 1826 1314 2031 4490 1711 761 1982 3363 2165 5120 2864 973 0 3189 672 786 1482 2935 2157 4172
3250 4334 2941 1665 1984 1567 1362 1881 3101 1827 236 1093 1995 3506 2942 3189 0 2575 2451 1887 513 1656 1248
807 3515 410 1199 687 1404 3875 1084 658 1355 2749 1719 4508 2237 499 672 2575 0 159 855 2489 1530 3726
834 3392 525 1076 563 1280 3752 960 685 1231 2625 1596 4384 2157 527 786 2451 159 0 732 2366 1406 3603
1530 3100 1221 480 234 689 3187 370 1381 640 2060 1061 3819 1828 1223 1482 1887 855 732 0 1831 811 3068
3164 4445 2855 1610 1905 1513 1814 1827 3015 1773 687 839 2444 3452 2857 2935 513 2489 2366 1831 0 1602 1496
2205 3683 1896 446 900 207 2957 529 2056 467 1830 832 3589 2145 1897 2157 1656 1530 1406 811 1602 0 2839
4401 5317 4092 2847 3142 2750 423 3064 4252 3010 1038 2076 1029 4689 4094 4172 1248 3726 3603 3068 1496 2839 0
EOF
