NAME : tsp_problem
TYPE : TSP
DIMENSION : 41
EDGE_WEIGHT_TYPE : EXPLICIT
EDGE_WEIGHT_FORMAT : FULL_MATRIX
EDGE_WEIGHT_SECTION
0 210 1343 1041 1673 1227 569 2071 1097 280 420 2870 1591 780 2373 4131 607 3727 1936 1657 501 668 2086 1815 1858 1095 1693 2884 517 1236 182 518 596 1152 3769 1248 2292 1994 1257 1078 4393
210 0 1234 950 1565 1137 461 1963 1007 181 312 2781 1483 690 2283 4041 499 3637 1846 1549 411 560 1978 1707 1750 987 1603 2795 409 1128 74 410 488 1062 3679 1140 2202 1904 1149 970 4303
1343 1234 0 1600 1910 1797 813 2309 1657 1309 990 3637 541 1344 2971 4898 977 4326 2534 1894 1251 1147 2323 761 2096 617 2379 3651 995 758 1206 996 840 1712 4535 769 3059 2761 779 1557 4993
1041 950 1600 0 1580 233 827 1979 195 850 859 2421 1849 305 1724 3681 1047 3078 1287 1564 636 493 1993 2073 1765 1535 1132 2435 647 1675 922 648 854 174 3319 1687 1842 1544 1697 608 3745
1664 1555 1898 1571 0 1724 1369 708 1487 1630 1401 3911 2146 1536 3214 5172 1588 4568 2777 293 1572 1187 722 2169 494 2032 2622 3925 1189 2172 1527 1190 1396 1542 4810 2184 3333 3035 2194 1107 5236
1227 1137 1797 233 1733 0 1024 2132 280 1037 1056 2467 2045 496 1770 3727 1243 3124 1332 1717 828 691 2146 2269 1919 1731 1177 2481 845 1871 1109 846 1050 258 3365 1883 1888 1590 1893 761 3791
569 461 813 827 1378 1024 0 1777 884 536 217 2864 1061 571 2198 4125 404 3552 1761 1362 478 373 1791 1286 1564 748 1606 2878 222 889 433 223 67 939 3762 901 2286 1988 910 784 4220
2062 1954 2296 1969 708 2123 1768 0 1886 2028 1800 4310 2544 1935 3613 5571 1987 4967 3176 444 1971 1585 512 2568 576 2430 3021 4324 1587 2571 1926 1588 1794 1941 5208 2583 3732 3433 2592 1505 5634
1097 1007 1657 195 1497 280 884 1895 0 907 916 2467 1905 362 1770 3728 1104 3124 1333 1481 693 550 1909 2130 1682 1591 1178 2481 704 1732 979 705 911 98 3365 1744 1889 1591 1753 525 3792
280 181 1313 850 1644 1037 540 2042 907 0 391 2681 1561 589 2183 3941 578 3537 1746 1628 310 639 2056 1786 1829 1066 1503 2694 488 1207 153 488 567 962 3579 1218 2102 1804 1228 930 4203
420 312 990 859 1410 1056 217 1809 916 386 0 2715 1238 603 2217 3975 239 3571 1780 1395 329 406 1823 1463 1596 726 1537 2729 254 867 284 255 244 971 3613 879 2136 1838 888 816 4237
2870 2781 3637 2421 3921 2467 2864 4319 2467 2681 2715 0 3885 2542 1006 1292 2902 890 1237 3905 2483 2838 4333 4110 4106 3390 1311 45 2812 3531 2753 2812 2891 2446 929 3542 690 1129 3552 2949 1553
1591 1483 541 1849 2158 2045 1061 2557 1905 1557 1238 3885 0 1592 3220 5146 1225 4574 2782 2143 1499 1395 2571 279 2344 865 2627 3899 1244 938 1455 1244 1088 1960 4784 950 3307 3009 960 1805 5241
780 690 1344 305 1545 496 571 1944 362 589 603 2542 1592 0 1845 3803 791 3199 1408 1529 375 401 1958 1817 1731 1278 1253 2556 482 1419 662 483 598 417 3440 1431 1964 1666 1440 662 3866
2373 2283 2971 1724 3223 1770 2198 3622 1770 2183 2217 1006 3220 1845 0 2266 2404 1659 536 3208 1985 2141 3636 3444 3409 2892 704 1020 2139 3033 2255 2140 2225 1748 1904 3045 428 631 3054 2252 2326
4131 4041 4898 3681 5181 3727 4125 5580 3728 3941 3975 1292 5146 3803 2265 0 4163 669 2496 5165 3743 4099 5594 5371 5367 4650 2571 1305 4072 4791 4013 4073 4152 3706 406 4803 1950 2389 4812 4209 651
607 499 977 1047 1598 1243 404 1996 1104 574 239 2902 1225 791 2404 4163 0 3759 1968 1582 516 593 2010 1450 1783 709 1725 2916 442 850 471 442 431 1158 3800 862 2324 2026 871 1003 4424
3727 3637 4326 3078 4578 3124 3552 4976 3124 3537 3571 890 4574 3199 1659 670 3759 0 1890 4562 3339 3495 4990 4798 4763 4246 2058 904 3494 4387 3609 3495 3579 3103 308 4399 1549 1985 4408 3606 730
1936 1846 2534 1287 2786 1332 1761 3185 1333 1746 1780 1237 2782 1408 536 2498 1968 1890 0 2771 1548 1704 3199 3007 2972 2456 266 1251 1702 2596 1818 1703 1788 1311 2135 2608 659 679 2618 1815 2557
1648 1540 1882 1555 293 1708 1353 444 1472 1614 1385 3896 2130 1520 3198 5156 1573 4553 2761 0 1556 1171 458 2153 231 2016 2606 3910 1173 2157 1512 1174 1380 1526 4794 2168 3317 3019 2178 1091 5220
501 411 1251 636 1581 828 478 1980 693 310 329 2483 1499 375 1985 3743 516 3339 1548 1566 0 455 1994 1724 1767 1004 1305 2497 425 1144 383 426 505 748 3381 1156 1904 1606 1166 716 4005
668 560 1147 493 1196 691 373 1595 550 634 406 2838 1395 401 2141 4099 593 3495 1704 1180 455 0 1609 1619 1381 1081 1549 2852 193 1221 532 194 400 605 3736 1233 2260 1962 1243 573 4162
2076 1968 2311 1984 722 2137 1782 512 1900 2043 1814 4324 2559 1949 3627 5585 2001 4981 3190 458 1985 1600 0 2582 590 2445 3035 4338 1602 2585 1940 1602 1809 1955 5222 2597 3746 3448 2607 1520 5649
1815 1707 761 2073 2201 2269 1286 2599 2130 1782 1463 4110 279 1817 3444 5371 1450 4798 3007 2185 1724 1619 2614 0 2386 995 2852 4124 1468 806 1679 1469 1313 2185 5008 817 3532 3234 827 2030 5466
1849 1741 2083 1756 494 1909 1554 576 1673 1815 1586 4097 2331 1721 3400 5357 1774 4754 2962 231 1757 1372 590 2354 0 2217 2807 4111 1374 2358 1713 1375 1581 1728 4995 2369 3518 3220 2379 1292 5421
1095 987 617 1535 2044 1731 748 2443 1591 1062 726 3390 865 1278 2892 4650 709 4246 2456 2028 1004 1081 2457 995 2230 0 2212 3404 929 266 959 930 775 1646 4288 278 2811 2513 287 1491 4912
1693 1603 2379 1132 2631 1177 1606 3030 1178 1503 1537 1311 2627 1253 704 2571 1725 2058 266 2616 1305 1549 3044 2852 2817 2212 0 1325 1547 2353 1575 1548 1633 1156 2209 2365 732 434 2374 1660 2725
2884 2795 3651 2435 3934 2481 2878 4333 2481 2694 2729 45 3899 2556 1020 1305 2916 904 1251 3919 2497 2852 4347 4124 4120 3404 1325 0 2825 3544 2767 2826 2905 2459 943 3556 703 1143 3566 2963 1567
517 409 995 647 1198 845 222 1597 704 483 254 2812 1244 482 2139 4072 442 3494 1702 1182 425 193 1611 1468 1383 929 1547 2825 0 1070 381 43 249 759 3710 1082 2233 1935 1091 604 4161
1236 1128 758 1675 2185 1871 889 2583 1732 1202 867 3531 938 1419 3033 4791 850 4387 2596 2169 1144 1221 2598 806 2370 266 2353 3544 1070 0 1100 1071 916 1787 4429 88 2952 2654 98 1632 5053
182 74 1206 922 1537 1109 433 1935 979 153 284 2753 1455 662 2255 4013 471 3609 1818 1521 383 532 1949 1679 1722 959 1575 2767 381 1100 0 382 460 1034 3651 1111 2174 1876 1121 942 4275
518 410 996 648 1199 846 223 1597 705 484 255 2812 1244 483 2140 4073 442 3495 1703 1183 426 194 1612 1469 1384 930 1548 2826 43 1071 382 0 250 760 3711 1083 2234 1936 1092 604 4162
596 488 840 854 1405 1050 67 1804 911 563 244 2891 1088 598 2225 4152 431 3579 1788 1389 505 400 1818 1313 1590 775 1633 2905 249 916 460 250 0 966 3789 928 2313 2015 937 811 4247
1152 1062 1712 174 1551 258 939 1950 98 962 971 2446 1960 417 1748 3706 1158 3103 1311 1536 748 605 1964 2185 1737 1646 1156 2459 759 1787 1034 760 966 0 3344 1799 1867 1569 1808 580 3770
3769 3679 4535 3319 4819 3365 3762 5217 3365 3579 3613 929 4784 3440 1904 406 3800 308 2135 4803 3381 3736 5232 5008 5004 4288 2209 943 3710 4429 3651 3711 3789 3344 0 4440 1588 2027 4450 3847 668
1248 1140 769 1687 2197 1883 901 2595 1744 1214 879 3542 950 1431 3045 4803 862 4399 2608 2181 1156 1233 2609 817 2382 278 2365 3556 1082 88 1111 1083 928 1799 4440 0 2964 2666 110 1643 5064
2292 2202 3059 1842 3342 1888 2286 3741 1889 2102 2136 690 3307 1964 428 1950 2324 1549 659 3326 1904 2260 3755 3532 3528 2811 732 703 2233 2952 2174 2234 2313 1867 1588 2964 0 550 2973 2371 2212
1994 1904 2761 1544 3044 1590 1988 3443 1591 1804 1838 1129 3009 1666 631 2389 2026 1985 679 3028 1606 1962 3457 3234 3230 2513 434 1143 1935 2654 1876 1936 2015 1569 2027 2666 550 0 2675 2072 2651
1257 1149 779 1697 2206 1893 910 2605 1753 1224 888 3552 960 1440 3054 4812 871 4408 2618 2190 1166 1243 2619 827 2392 287 2374 3566 1091 98 1121 1092 937 1808 4450 110 2973 2675 0 1653 5074
1078 970 1557 608 1116 761 784 1515 525 930 816 2949 1805 662 2252 4209 1003 3606 1815 1100 716 573 1529 2030 1301 1491 1660 2963 604 1632 942 604 811 580 3847 1643 2371 2072 1653 0 4273
4453 4363 5220 3995 5494 4041 4446 5893 4041 4263 4297 1613 5468 4116 2576 694 4484 980 2807 5479 4065 4412 5907 5692 5680 4972 2893 1627 4394 5113 4335 4395 4473 4019 728 5125 2272 2711 5134 4523 0
EOF
