NAME : tsp_problem
TYPE : TSP
DIMENSION : 44
EDGE_WEIGHT_TYPE : EXPLICIT
EDGE_WEIGHT_FORMAT : FULL_MATRIX
EDGE_WEIGHT_SECTION
0 347 1786 1228 2103 264 662 3026 730 830 876 3929 921 1020 2613 2337 363 1045 516 156 619 1556 674 338 1851 2037 836 874 616 1855 139 1340 2124 1481 2055 1639 2022 682 855 656 278 492 748 1011
343 0 1693 1117 1794 282 552 3166 619 863 770 4068 759 914 2646 2370 201 736 297 461 324 1247 478 355 1541 1728 526 764 801 1761 269 1178 2032 1387 1962 1330 1713 373 762 689 409 678 655 702
1786 1693 0 1907 3329 1585 1639 4665 1443 1003 1255 3723 2394 1399 1253 977 1836 2028 1637 1895 1737 2860 1792 1639 3076 3263 2140 1552 1672 291 1888 2813 561 655 491 2865 3248 1969 1234 1235 2027 1548 1099 1995
1228 1117 1907 0 2093 1011 632 4208 661 1151 795 5110 1810 797 2934 2658 1252 792 1015 1337 864 2264 918 1084 1840 2027 1544 510 1415 1976 1329 2230 2246 1602 2176 1629 2012 918 818 978 1469 1291 869 759
2089 1784 3320 2083 0 2028 1782 4912 2073 2563 2207 5815 2389 2209 4346 4070 1875 1605 1900 2207 1684 2643 1681 2101 410 596 2167 1895 2548 3388 2016 2809 3658 3014 3588 678 581 1488 2231 2390 2155 2424 2281 1571
264 282 1585 1011 2037 0 445 3244 512 628 664 4147 855 808 2412 2136 297 844 299 373 402 1491 456 120 1785 1972 770 657 567 1654 365 1275 1923 1280 1854 1574 1957 616 654 455 505 444 547 810
662 552 1639 632 1791 445 0 3642 393 883 527 4545 1245 529 2665 2389 687 491 449 772 298 1698 353 518 1539 1726 978 276 966 1707 763 1664 1978 1333 1908 1328 1711 500 550 709 903 842 601 457
3026 3166 4665 4208 4922 3244 3642 0 3710 3809 3856 978 3740 4000 4823 4547 3182 3864 3425 2955 3452 4375 3606 3318 4669 4856 3654 3854 3428 4409 2958 4159 4335 4460 4265 4458 4841 3501 3835 3635 3097 3304 3728 3830
730 619 1443 661 2083 512 393 3710 0 686 330 4612 1317 462 2469 2193 759 782 517 839 486 1770 541 586 1830 2017 1050 306 950 1511 831 1736 1781 1137 1711 1619 2002 688 354 513 970 826 404 748
830 863 1003 1151 2573 628 883 3809 686 0 499 4268 1437 643 1829 1553 879 1272 879 938 981 2072 1035 682 2320 2507 1352 796 715 1071 931 1856 1341 697 1271 2109 2492 1198 477 278 1070 592 370 1238
876 770 1255 795 2216 664 527 3856 330 499 0 4720 1468 286 2281 2005 910 916 668 985 656 1922 710 728 1964 2151 1201 440 762 1323 977 1887 1593 949 1524 1753 2136 857 166 325 1117 638 216 882
3929 4068 3723 5110 5824 4147 4545 978 4612 4268 4720 0 4642 4864 3881 3605 4084 4766 4327 3858 4355 5277 4508 4220 5572 5758 4557 4757 4330 3467 3860 5062 3393 4120 3323 5361 5744 4403 4699 4500 4000 4207 4564 4732
916 759 2394 1810 2401 855 1245 3740 1317 1437 1468 4642 0 1612 3220 2944 596 1385 945 1035 973 758 1127 929 2149 2336 358 1457 1375 2462 843 522 2732 2088 2662 1938 2321 1022 1462 1263 983 1252 1355 1351
1020 914 1399 797 2219 808 529 4000 462 643 286 4864 1612 0 2425 2149 1054 918 812 1129 667 2066 721 872 1966 2153 1345 442 906 1467 1121 2031 1737 1093 1668 1755 2138 868 310 469 1261 782 360 885
2613 2646 1253 2934 4355 2412 2665 4823 2469 1829 2281 3881 3220 2425 0 316 2662 3055 2663 2722 2763 3855 2818 2465 4103 4290 3135 2579 2498 997 2714 3640 923 1682 853 3892 4275 2981 2260 2062 2854 2375 2125 3021
2337 2370 977 2658 4079 2136 2389 4547 2193 1553 2005 3605 2944 2149 316 0 2386 2779 2387 2446 2487 3579 2542 2189 3827 4014 2859 2303 2222 721 2438 3364 647 1406 577 3616 3999 2705 1984 1786 2578 2099 1849 2745
358 201 1836 1252 1885 297 687 3182 759 879 910 4084 596 1054 2662 2386 0 826 387 476 415 1248 569 371 1632 1819 528 899 817 1904 285 1016 2174 1530 2104 1421 1804 464 904 705 425 693 797 793
1040 736 2028 792 1614 844 491 3864 782 1272 916 4766 1385 918 3055 2779 826 0 848 1158 635 1838 632 917 1362 1548 1118 604 1364 2097 967 1804 2367 1723 2297 1151 1533 439 939 1098 1106 1241 990 75
516 297 1637 1015 1909 299 449 3425 517 879 668 4327 945 812 2663 2387 387 848 0 626 406 1399 461 372 1657 1844 679 661 820 1706 528 1365 1976 1332 1906 1446 1829 488 691 706 667 696 599 814
156 465 1895 1337 2221 373 772 2955 839 938 985 3858 1039 1129 2722 2446 481 1163 626 0 728 1674 783 447 1969 2155 954 983 557 1964 257 1459 2233 1590 2163 1758 2140 800 964 765 396 433 857 1129
619 324 1737 864 1693 402 298 3452 486 981 656 4355 973 667 2763 2487 415 635 406 728 0 1427 180 475 1441 1627 706 510 922 1805 555 1393 2076 1431 2006 1230 1612 272 679 807 695 799 699 601
1552 1247 2860 2264 2655 1491 1698 4375 1770 2072 1922 5277 758 2066 3855 3579 1248 1838 1399 1670 1427 0 1580 1564 2403 2590 811 1910 2010 2929 1478 1173 3199 2555 3129 2192 2575 1476 1929 1898 1618 1887 1822 1805
674 478 1792 918 1690 456 353 3606 541 1035 710 4508 1127 721 2818 2542 569 632 461 783 180 1580 0 530 1438 1624 860 565 977 1860 709 1546 2130 1486 2060 1227 1609 269 734 862 848 853 753 598
338 355 1639 1084 2111 120 518 3318 586 682 728 4220 929 872 2465 2189 371 917 372 447 475 1564 530 0 1858 2045 843 730 641 1707 439 1348 1977 1333 1907 1647 2030 690 707 508 578 517 600 883
1837 1532 3067 1831 410 1776 1530 4660 1821 2311 1955 5563 2137 1957 4094 3818 1623 1352 1648 1955 1431 2391 1429 1849 0 344 1914 1643 2296 3136 1763 2556 3406 2762 3336 426 329 1236 1978 2137 1903 2172 2029 1319
2024 1719 3254 2018 596 1962 1717 4847 2008 2498 2142 5749 2323 2144 4280 4004 1810 1539 1834 2142 1618 2577 1615 2036 344 0 2101 1830 2482 3322 1950 2743 3592 2948 3523 612 160 1422 2165 2324 2090 2359 2216 1505
831 526 2140 1544 2176 770 978 3654 1050 1352 1201 4557 358 1345 3135 2859 528 1118 679 949 706 811 860 843 1924 2110 0 1190 1290 2208 758 778 2478 1834 2409 1712 2095 755 1208 1178 897 1166 1101 1084
874 764 1552 510 1905 657 276 3854 306 796 440 4757 1457 442 2579 2303 899 604 661 983 510 1910 565 730 1652 1839 1190 0 1059 1621 975 1876 1891 1247 1821 1441 1824 711 463 622 1115 936 514 571
616 802 1672 1415 2558 567 966 3428 950 715 762 4330 1376 906 2498 2222 818 1364 820 557 922 2011 977 641 2305 2492 1290 1059 0 1741 717 1795 2010 1366 1940 2094 2477 1137 741 542 856 197 634 1331
1855 1761 291 1976 3397 1654 1707 4409 1511 1071 1323 3467 2462 1467 997 721 1904 2097 1706 1964 1805 2929 1860 1707 3145 3332 2208 1621 1741 0 1956 2882 305 724 235 2934 3317 2038 1302 1304 2096 1617 1167 2063
139 269 1888 1329 2025 365 763 2958 831 931 977 3860 843 1121 2714 2438 285 967 528 257 555 1478 709 439 1773 1959 758 975 717 1956 0 1263 2226 1582 2156 1562 1944 604 956 757 200 593 849 933
1336 1178 2813 2230 2821 1275 1664 4159 1736 1856 1887 5062 522 2031 3640 3364 1016 1804 1365 1454 1393 1173 1546 1348 2569 2755 778 1876 1795 2882 1263 0 3151 2508 3082 2358 2740 1441 1882 1683 1402 1671 1775 1771
2124 2032 561 2246 3667 1923 1978 4335 1781 1341 1593 3393 2732 1737 923 647 2174 2367 1976 2233 2076 3199 2130 1977 3415 3602 2478 1891 2010 305 2226 3151 0 994 161 3204 3587 2308 1572 1573 2365 1887 1437 2333
1481 1387 655 1602 3023 1280 1333 4460 1137 697 949 4120 2088 1093 1682 1406 1530 1723 1332 1590 1431 2555 1486 1333 2771 2958 1834 1247 1366 724 1582 2508 994 0 924 2560 2943 1664 928 930 1722 1243 793 1689
2055 1962 491 2176 3598 1854 1908 4265 1711 1271 1524 3323 2662 1668 853 577 2104 2297 1906 2163 2006 3129 2060 1907 3345 3532 2409 1821 1940 235 2156 3082 161 924 0 3134 3517 2238 1502 1503 2295 1817 1368 2264
1626 1321 2856 1620 678 1565 1319 4449 1610 2100 1744 5351 1926 1746 3883 3607 1412 1141 1437 1744 1220 2179 1217 1638 426 612 1703 1432 2084 2925 1552 2345 3195 2551 3125 0 598 1024 1767 1926 1692 1961 1818 1108
2009 1704 3239 2003 581 1947 1702 4832 1993 2483 2127 5734 2308 2129 4265 3989 1795 1524 1819 2127 1603 2562 1600 2021 329 160 2086 1815 2467 3307 1935 2728 3578 2933 3508 598 0 1407 2150 2309 2075 2344 2201 1491
678 373 1969 918 1497 616 500 3501 688 1198 857 4403 1022 868 2981 2705 464 439 488 796 272 1476 269 690 1245 1431 755 711 1136 2038 604 1441 2308 1664 2238 1034 1417 0 880 1024 744 1013 931 405
855 762 1234 818 2240 654 550 3835 354 477 166 4699 1462 310 2260 1984 904 939 691 964 679 1929 734 707 1987 2174 1208 463 741 1302 956 1882 1572 928 1502 1776 2159 880 0 304 1096 617 195 906
656 689 1235 978 2399 455 709 3635 513 278 325 4500 1263 469 2062 1786 705 1098 706 765 807 1898 862 508 2147 2333 1178 622 542 1304 757 1683 1573 930 1503 1936 2318 1024 304 0 897 418 197 1065
278 409 2027 1469 2165 505 903 3097 970 1070 1117 4000 983 1261 2854 2578 425 1106 667 396 695 1618 848 578 1912 2099 897 1115 856 2096 200 1402 2365 1722 2295 1701 2084 744 1096 897 0 733 989 1073
492 678 1548 1291 2434 444 842 3304 826 592 638 4207 1252 782 2375 2099 694 1241 696 433 799 1887 853 517 2182 2369 1167 936 197 1617 593 1672 1887 1243 1817 1971 2354 1013 617 418 733 0 510 1207
748 655 1099 869 2290 547 601 3728 404 370 216 4564 1355 360 2125 1849 797 990 599 857 699 1822 753 600 2038 2225 1101 514 634 1167 849 1775 1437 793 1368 1827 2210 931 195 197 989 510 0 956
1007 702 1995 759 1580 810 457 3830 748 1238 882 4732 1351 885 3021 2745 793 75 814 1125 601 1805 598 883 1328 1515 1084 571 1331 2063 933 1771 2333 1689 2264 1117 1500 405 906 1065 1073 1207 956 0
EOF
