NAME : tsp_problem
TYPE : TSP
DIMENSION : 60
EDGE_WEIGHT_TYPE : EXPLICIT
EDGE_WEIGHT_FORMAT : FULL_MATRIX
EDGE_WEIGHT_SECTION
0 2997 3089 1862 1389 1041 205 2237 2527 1016 2353 1754 771 1249 1890 844 793 1831 1213 1131 2222 2544 596 776 1188 96 2140 1567 2145 2725 865 578 1136 1010 436 1718 460 1467 407 1122 1269 1167 1407 3959 2702 437 801 2637 151 790 802 710 1242 2417 596 2349 426 1151 874 839
2997 0 206 4763 4123 3941 3106 4964 583 3742 5087 1869 3498 2003 4624 3745 3694 4565 4114 3865 4956 5270 3497 3502 4089 2996 933 4467 927 5451 3591 3479 2101 3911 2671 1399 2622 4194 2746 3848 3996 3894 1750 4168 5429 2664 3702 5364 3052 3691 3528 3437 3968 5318 3497 5083 3327 3878 3601 3565
3452 737 0 5197 4724 4376 3540 5587 1017 4366 5688 2303 4121 2627 5225 4179 4128 5166 4548 4466 5557 5893 3931 4126 4523 3431 1379 4902 1551 6075 4215 3913 2535 4345 3294 2022 3245 4817 3180 4472 4619 4517 2184 4585 6052 3098 4136 5987 3486 4125 4152 4060 4592 5752 3931 5684 3761 4501 4224 4189
1862 4763 4856 0 685 878 1813 2211 4272 1225 753 3499 1822 3017 473 1193 1382 637 847 985 934 2517 1702 1750 1220 1841 3886 724 3913 2698 1635 1683 2882 1026 2205 3486 2229 1724 2153 1299 1785 1403 3153 5705 2676 2182 1148 2611 1759 1137 1692 1429 1758 648 1701 773 1532 1445 1679 1425
1389 4123 4216 685 0 422 1339 1598 3799 570 992 3026 1167 2376 530 720 909 471 595 331 862 1904 1228 1095 747 1368 3412 761 3272 2085 981 1210 2409 552 1563 2845 1587 1070 1680 645 1131 748 2679 5232 2062 1709 675 1997 1285 664 1037 786 1103 1238 1228 989 1058 791 1025 770
1041 3941 4034 878 422 0 991 1431 3451 403 1386 2678 1000 2195 923 372 561 864 230 164 1255 1737 880 928 399 1019 3064 583 3091 1918 814 862 2060 204 1383 2664 1407 903 1331 478 964 582 2331 4883 1895 1360 327 1830 937 316 871 607 936 1433 880 1382 710 624 858 603
205 3106 3199 1813 1339 991 0 2212 2615 988 2303 1842 746 1360 1840 794 743 1781 1164 1081 2172 2518 547 750 1138 184 2228 1517 2256 2699 840 528 1225 960 548 1829 572 1442 496 1096 1244 1142 1495 4048 2677 525 752 2612 101 741 776 683 1216 2367 546 2300 377 1126 849 813
2228 4955 5048 2198 1588 1421 2203 0 4662 1443 2125 3889 1586 3207 2043 1630 1819 1786 1594 1330 2177 521 2092 1514 1657 2231 4265 1947 4103 702 1540 2073 3271 1462 2394 3676 2418 1208 2542 1274 1322 1232 3542 6094 679 2572 1585 614 2149 1574 1456 1682 1294 2681 2091 2145 1922 1179 1443 1551
2527 583 676 4272 3799 3451 2615 4671 0 3448 4763 1378 3205 1714 4300 3254 3203 4241 3623 3541 4632 4977 3006 3210 3598 2506 454 3977 641 5158 3299 2988 1610 3420 2378 1110 2329 3901 2255 3555 3703 3601 1259 4433 5136 2173 3211 5071 2561 3200 3235 3143 3676 4827 3006 4759 2836 3585 3308 3272
1016 3742 3835 1225 570 403 988 1452 3448 0 1534 2675 760 1994 1071 371 560 1012 576 312 1403 1758 877 688 639 1017 3053 929 2890 1939 573 859 2058 444 1182 2463 1206 921 1329 425 723 471 2328 4881 1917 1358 326 1852 934 315 630 405 696 1779 877 1530 707 455 617 359
2353 5087 5180 753 992 1386 2303 2157 4763 1534 0 3990 2131 3339 887 1684 1873 556 1357 1294 208 2463 2192 2059 1711 2331 4376 1235 4235 2644 1944 2173 3372 1516 2527 3808 2550 2033 2643 1608 2094 1712 3643 6195 2622 2672 1639 2557 2249 1628 2001 1749 2067 709 2192 46 2022 1754 1988 1734
1754 1869 1962 3499 3026 2678 1842 3898 1378 2675 3990 0 2432 942 3527 2481 2430 3468 2851 2768 3859 4204 2234 2437 2825 1733 991 3204 1023 4386 2526 2215 838 2647 1605 657 1556 3128 1483 2783 2930 2828 435 3661 4363 1401 2439 4298 1788 2427 2463 2370 2903 4054 2233 3986 2064 2812 2535 2500
771 3498 3591 1822 1167 1000 746 1595 3205 760 2131 2432 0 1750 1668 815 832 1609 1173 909 2000 1901 635 134 1172 774 2808 1526 2646 2083 328 617 1815 978 938 2219 962 825 1086 615 627 661 2085 4638 2060 1115 770 1995 692 759 159 573 600 2376 635 2127 465 614 232 441
1249 2003 2096 3017 2376 2195 1360 3216 1714 1994 3339 942 1750 0 2876 1999 1947 2818 2368 2117 3209 3522 1751 1755 2342 1250 1314 2721 1152 3704 1844 1732 355 2164 923 724 874 2446 1000 2100 2248 2146 595 3178 3681 918 1956 3616 1306 1945 1781 1689 2221 3572 1751 3336 1581 2130 1853 1818
1890 4624 4717 473 530 923 1840 2056 4300 1071 887 3527 1668 2876 0 1221 1410 482 894 831 873 2362 1729 1596 1248 1868 3913 772 3772 2543 1481 1711 2909 1053 2064 3345 2088 1571 2180 1145 1631 1249 3180 5732 2520 2209 1176 2455 1786 1165 1538 1287 1604 782 1729 906 1559 1291 1525 1271
844 3745 3838 1194 721 372 794 1640 3254 371 1684 2481 815 1999 1221 0 234 1163 545 462 1554 1946 632 743 394 823 2867 898 2895 2127 628 614 1864 341 1187 2468 1211 976 1135 480 778 526 2134 4687 2104 1164 133 2039 740 122 685 413 751 1749 632 1681 462 510 673 414
793 3694 3786 1383 910 562 743 1829 3203 560 1874 2430 832 1947 1411 234 0 1352 734 652 1743 2135 581 836 448 771 2816 1088 2844 2316 818 528 1812 494 1135 2416 1159 1166 1083 669 968 715 2083 4635 2294 1113 322 2229 689 311 862 602 940 1938 580 1870 411 699 862 603
1831 4565 4658 637 471 864 1781 1798 4241 1012 556 3468 1609 2818 482 1162 1351 0 836 773 426 2104 1670 1537 1189 1810 3854 713 3714 2286 1423 1652 2851 995 2005 3287 2029 1512 2122 1087 1573 1190 3121 5674 2263 2151 1117 2198 1727 1106 1479 1228 1545 1190 1670 553 1500 1233 1467 1212
1213 4114 4207 847 595 230 1164 1603 3623 576 1357 2851 1173 2368 894 544 734 836 0 336 1227 1909 1053 1101 572 1192 3237 551 3264 2091 986 1034 2233 377 1556 2837 1580 1076 1504 650 1136 754 2504 5056 2068 1533 500 2003 1110 489 1043 780 1109 1402 1052 1354 883 796 1031 776
1131 3865 3958 985 331 164 1081 1339 3541 312 1294 2768 909 2117 831 462 651 773 336 0 1164 1645 970 837 489 1109 3154 690 3013 1827 722 952 2150 294 1305 2586 1329 812 1421 386 872 490 2421 4973 1804 1451 417 1739 1027 406 779 528 845 1540 970 1291 800 532 767 512
2222 4956 5049 934 862 1255 2172 2189 4632 1403 208 3859 2000 3209 873 1553 1742 426 1227 1164 0 2495 2061 1928 1580 2201 4245 1104 4105 2677 1813 2043 3241 1385 2396 3677 2420 1903 2513 1478 1963 1581 3512 6065 2654 2542 1508 2589 2118 1497 1870 1619 1936 890 2061 204 1891 1624 1858 1603
2534 5261 5354 2504 1894 1727 2509 521 4968 1749 2431 4195 1892 3513 2349 1936 2125 2092 1900 1636 2483 0 2398 1820 1963 2537 4571 2253 4409 529 1846 2379 3577 1768 2700 3982 2724 1514 2848 1580 1628 1538 3848 6400 228 2878 1891 163 2455 1880 1762 1988 1600 2987 2397 2451 2228 1485 1750 1857
596 3497 3590 1702 1228 880 547 2101 3006 877 2192 2234 635 1751 1729 632 581 1670 1053 970 2061 2407 0 639 976 575 2620 1406 2647 2588 729 366 1616 849 939 2220 963 1331 887 985 1133 1031 1887 4439 2566 916 641 2501 493 630 665 572 1105 2256 94 2189 214 1015 738 702
776 3502 3595 1750 1095 928 750 1523 3210 688 2059 2437 134 1755 1596 743 836 1537 1101 837 1928 1829 639 0 1100 778 2813 1454 2651 2010 256 621 1819 906 942 2224 966 753 1090 543 555 589 2090 4642 1988 1119 698 1923 696 687 87 577 528 2304 639 2055 469 542 160 369
1188 4089 4181 1220 747 399 1138 1666 3598 639 1711 2825 1172 2342 1248 394 448 1189 572 489 1580 1972 976 1100 0 1166 3211 925 3239 2153 986 902 2207 315 1530 2811 1554 1138 1478 713 1136 817 2478 4768 2131 1508 490 2066 1084 479 1042 770 1108 1775 975 1707 806 859 1030 771
96 2996 3089 1841 1368 1019 184 2240 2506 1017 2331 1733 774 1250 1868 823 771 1810 1192 1109 2201 2546 575 778 1166 0 2119 1545 2146 2727 867 556 1115 988 438 1719 462 1470 386 1124 1272 1169 1386 3938 2704 415 780 2639 130 769 804 712 1244 2396 575 2328 405 1153 877 841
2140 933 1026 3886 3412 3064 2228 4275 454 3053 4376 991 2808 1314 3913 2867 2816 3854 3237 3154 4245 4581 2620 2813 3211 2119 0 3590 238 4762 2902 2601 1224 3033 1981 709 1932 3504 1869 3159 3306 3204 873 4047 4739 1787 2825 4674 2174 2814 2839 2747 3279 4440 2619 4373 2450 3188 2911 2876
1567 4467 4560 724 761 583 1517 1957 3977 929 1235 3204 1526 2721 772 898 1087 713 551 690 1104 2263 1406 1454 925 1545 3590 0 3617 2444 1340 1388 2586 730 1909 3190 1933 1429 1857 1004 1490 1108 2857 5409 2421 1886 853 2356 1463 842 1397 1133 1462 1279 1406 1231 1236 1150 1384 1129
2145 927 1020 3913 3272 3091 2256 4112 641 2890 4235 1023 2646 1152 3772 2895 2844 3714 3264 3013 4105 4418 2647 2651 3239 2146 238 3617 0 4600 2740 2629 1251 3060 1819 547 1770 3342 1896 2997 3144 3042 904 4074 4577 1814 2852 4512 2202 2841 2677 2585 3117 4468 2647 4232 2477 3026 2749 2714
2716 5442 5535 2686 2076 1909 2690 702 5149 1930 2613 4376 2073 3694 2530 2117 2306 2273 2081 1817 2664 529 2579 2001 2144 2718 4753 2435 4590 0 2027 2561 3759 1949 2882 4163 2906 1696 3030 1761 1809 1719 4029 6582 687 3059 2072 622 2636 2061 1943 2169 1782 3168 2579 2632 2409 1667 1931 2038
865 3591 3684 1635 981 814 840 1549 3299 573 1944 2526 328 1844 1481 628 818 1423 986 722 1813 1855 729 256 986 867 2902 1340 2740 2036 0 710 1908 791 1031 2313 1055 779 1179 428 581 474 2179 4731 2013 1208 583 1948 786 572 198 662 553 2189 728 1941 559 427 186 253
578 3479 3571 1683 1210 862 528 2083 2988 859 2173 2215 617 1732 1711 614 528 1652 1034 952 2043 2389 366 621 902 556 2601 1388 2629 2570 710 0 1597 831 920 2201 944 1312 868 967 1114 1012 1868 4420 2547 898 622 2482 474 611 647 554 1087 2238 365 2170 196 996 719 684
1136 2101 2194 2882 2409 2060 1225 3281 1610 2058 3372 838 1815 355 2909 1864 1812 2851 2233 2150 3241 3587 1616 1819 2207 1115 1224 2586 1251 3768 1908 1597 0 2029 987 824 938 2510 865 2165 2312 2210 491 2993 3745 783 1821 3680 1171 1810 1845 1752 2285 3436 1615 3369 1446 2194 1917 1882
1009 3910 4003 1026 552 204 960 1471 3419 444 1516 2647 978 2164 1053 288 477 995 377 294 1385 1777 797 906 315 988 3033 730 3060 1959 791 779 2029 0 1352 2633 1376 944 1300 518 941 622 2300 4813 1936 1329 296 1871 906 285 848 576 914 1580 797 1513 627 664 836 577
436 2671 2764 2205 1563 1383 548 2404 2378 1182 2527 1605 938 923 2064 1187 1135 2005 1556 1305 2396 2710 939 942 1530 438 1981 1909 1819 2891 1031 920 987 1352 0 1392 134 1634 679 1288 1436 1333 1258 3810 2868 597 1144 2803 494 1133 968 877 1408 2760 939 2523 769 1317 1040 1005
1718 1399 1491 3486 2845 2664 1829 3685 1110 2463 3808 657 2219 724 3345 2468 2416 3287 2837 2586 3677 3991 2220 2224 2811 1719 709 3190 547 4173 2313 2201 824 2633 1392 0 1343 2915 1469 2569 2717 2615 538 3647 4150 1387 2425 4085 1775 2414 2249 2158 2690 4041 2220 3805 2050 2599 2322 2287
460 2622 2715 2229 1587 1407 572 2428 2329 1206 2550 1556 962 874 2088 1211 1159 2029 1580 1329 2420 2734 963 966 1554 462 1932 1933 1770 2915 1055 944 938 1376 134 1343 0 1657 630 1312 1459 1357 1209 3761 2892 548 1168 2827 518 1157 992 900 1432 2783 962 2547 793 1341 1064 1029
1467 4194 4287 1724 1070 903 1442 1218 3901 921 2033 3128 825 2446 1571 976 1166 1512 1076 812 1903 1524 1331 753 1138 1470 3504 1429 3342 1705 779 1312 2510 944 1634 2915 1657 0 1782 755 561 714 2781 5334 1682 1811 931 1617 1388 920 695 1010 534 2279 1331 2030 1161 661 683 879
407 2746 2839 2153 1680 1331 496 2552 2255 1329 2643 1483 1086 1000 2180 1135 1083 2122 1504 1421 2513 2858 887 1090 1478 386 1869 1857 1896 3039 1179 868 865 1300 679 1469 630 1782 0 1436 1584 1481 1136 3688 3016 165 1092 2951 442 1081 1116 1024 1556 2707 886 2640 717 1465 1188 1153
1122 3848 3941 1299 645 478 1096 1283 3555 425 1608 2783 615 2100 1145 480 669 1087 650 386 1478 1589 985 543 713 1124 3159 1004 2997 1770 428 967 2165 518 1288 2569 1312 755 1436 0 578 196 2436 4988 1747 1465 435 1682 1042 424 485 514 551 1854 985 1605 815 239 473 382
1269 3996 4089 1785 1131 964 1244 1331 3703 723 2094 2930 627 2248 1631 778 968 1573 1136 872 1963 1637 1133 555 1136 1272 3306 1490 3144 1818 581 1114 2312 941 1436 2717 1459 561 1584 578 0 624 2583 5136 1796 1613 733 1731 1190 722 497 812 76 2339 1133 2091 963 577 485 681
1167 3894 3987 1403 748 582 1142 1241 3601 471 1712 2828 661 2146 1249 526 715 1190 754 490 1581 1547 1031 589 817 1169 3204 1108 3042 1729 474 1012 2210 622 1333 2615 1357 714 1481 196 624 0 2481 5033 1706 1511 480 1641 1088 469 531 559 597 1957 1030 1709 861 134 518 428
1407 1750 1843 3153 2679 2331 1495 3551 1259 2328 3643 435 2085 595 3180 2134 2083 3121 2504 2421 3512 3857 1887 2090 2478 1386 873 2857 904 4039 2179 1868 491 2300 1258 538 1209 2781 1136 2436 2583 2481 0 3314 4016 1054 2092 3951 1441 2081 2116 2023 2556 3707 1886 3640 1717 2465 2188 2153
3959 4168 4261 5705 5232 4883 4048 6104 4433 4881 6195 3661 4638 3178 5732 4687 4635 5674 5056 4973 6065 6410 4439 4642 4768 3938 4047 5409 4074 6591 4731 4420 2993 4813 3810 3647 3761 5334 3688 4988 5136 5033 3314 0 6568 3606 4644 6503 3994 4633 4668 4575 5108 6259 4438 6192 4269 5017 4740 4705
2693 5419 5512 2663 2053 1886 2668 679 5127 1907 2590 4354 2051 3672 2508 2094 2284 2251 2059 1795 2642 228 2557 1979 2122 2695 4730 2412 4568 687 2004 2538 3736 1927 2859 4141 2883 1673 3007 1738 1787 1697 4007 6559 0 3036 2050 156 2614 2039 1921 2147 1759 3146 2556 2609 2387 1644 1908 2015
437 2664 2757 2182 1709 1360 525 2581 2173 1358 2672 1401 1115 918 2209 1164 1113 2151 1533 1451 2542 2887 916 1119 1508 415 1787 1886 1814 3068 1208 898 783 1329 597 1387 548 1811 165 1465 1613 1511 1054 3606 3046 0 1121 2981 471 1110 1145 1053 1585 2737 916 2669 746 1494 1218 1182
801 3702 3795 1148 675 327 752 1594 3211 326 1639 2439 770 1956 1176 133 322 1117 500 417 1508 1900 641 698 490 780 2825 853 2852 2081 583 622 1821 296 1144 2425 1168 931 1092 435 733 480 2092 4644 2059 1121 0 1994 698 76 640 368 705 1703 640 1635 471 464 627 368
2628 5354 5447 2598 1988 1821 2603 614 5062 1842 2525 4289 1986 3607 2443 2029 2219 2186 1994 1730 2577 163 2492 1914 2057 2630 4665 2347 4503 622 1939 2473 3671 1862 2794 4076 2818 1608 2942 1673 1722 1632 3942 6494 156 2971 1985 0 2548 1974 1856 2082 1694 3081 2491 2544 2322 1579 1843 1950
151 3052 3145 1759 1285 937 101 2158 2561 934 2249 1788 692 1306 1786 740 689 1727 1110 1027 2118 2464 493 696 1084 130 2174 1463 2202 2645 786 474 1171 906 494 1775 518 1388 442 1042 1190 1088 1441 3994 2623 471 698 2558 0 687 722 629 1162 2313 492 2246 323 1072 795 759
790 3691 3784 1137 664 316 741 1583 3200 315 1628 2427 759 1945 1165 122 311 1106 489 406 1497 1889 630 687 479 769 2814 842 2841 2070 572 611 1810 285 1133 2414 1157 920 1081 424 722 469 2081 4633 2048 1110 76 1983 687 0 629 357 694 1692 629 1624 460 453 616 357
802 3528 3621 1692 1037 871 776 1465 3235 630 2001 2463 159 1781 1538 685 862 1479 1043 779 1870 1771 665 87 1042 804 2839 1397 2677 1953 198 647 1845 848 968 2249 992 695 1116 485 497 531 2116 4668 1930 1145 640 1865 722 629 0 603 470 2246 665 1998 495 484 102 311
710 3437 3530 1429 786 607 683 1691 3143 405 1749 2370 573 1689 1287 413 602 1228 780 528 1619 1997 572 577 770 712 2747 1133 2585 2179 662 554 1752 576 877 2158 900 1010 1024 514 812 559 2023 4575 2156 1053 368 2091 629 357 603 0 785 1983 572 1746 402 543 675 447
1242 3968 4061 1758 1103 936 1216 1304 3676 696 2067 2903 600 2221 1604 751 940 1545 1109 845 1936 1610 1105 528 1108 1244 3279 1462 3117 1791 553 1087 2285 914 1408 2690 1432 534 1556 551 76 597 2556 5108 1768 1585 705 1703 1162 694 470 785 0 2312 1105 2063 935 549 457 653
2417 5318 5410 648 1238 1433 2367 2713 4827 1779 709 4054 2376 3572 782 1748 1937 1190 1402 1540 890 3019 2256 2304 1775 2396 4440 1279 4468 3200 2189 2238 3436 1580 2760 4041 2783 2279 2707 1854 2339 1957 3707 6259 3177 2737 1703 3112 2313 1692 2246 1983 2312 0 2256 728 2086 2000 2234 1979
596 3497 3589 1701 1228 880 546 2101 3006 877 2192 2233 635 1751 1729 632 580 1670 1052 970 2061 2407 94 639 975 575 2619 1406 2647 2588 728 365 1615 849 939 2220 962 1331 886 985 1133 1030 1886 4438 2565 916 640 2500 492 629 665 572 1105 2256 0 2188 214 1014 737 702
2349 5083 5176 773 989 1382 2300 2176 4759 1530 46 3986 2127 3336 906 1680 1869 553 1354 1291 204 2482 2189 2055 1707 2328 4373 1231 4232 2664 1941 2170 3369 1513 2523 3805 2547 2030 2640 1605 2091 1709 3640 6192 2641 2669 1635 2576 2246 1624 1998 1746 2063 728 2188 0 2019 1751 1985 1730
426 3327 3420 1532 1058 710 377 1931 2836 707 2022 2064 465 1581 1559 462 411 1500 883 800 1891 2237 214 469 806 405 2450 1236 2477 2418 559 196 1446 679 769 2050 793 1161 717 815 963 861 1717 4269 2396 746 471 2331 323 460 495 402 935 2086 214 2019 0 845 568 532
1151 3878 3971 1445 791 624 1126 1189 3585 455 1754 2812 614 2130 1291 510 699 1233 796 532 1624 1495 1015 542 859 1153 3188 1150 3026 1676 427 996 2194 664 1317 2599 1341 661 1465 239 577 134 2465 5017 1653 1494 464 1588 1072 453 484 543 549 2000 1014 1751 845 0 471 412
874 3601 3694 1679 1025 858 849 1453 3308 617 1988 2535 232 1853 1525 673 862 1467 1031 767 1858 1759 738 160 1030 877 2911 1384 2749 1940 186 719 1917 836 1040 2322 1064 683 1188 473 485 518 2188 4740 1917 1218 627 1852 795 616 102 675 457 2234 737 1985 568 471 0 298
839 3565 3658 1425 770 603 813 1560 3272 359 1734 2500 441 1818 1271 414 603 1212 776 512 1603 1866 702 369 771 841 2876 1129 2714 2047 253 684 1882 577 1005 2287 1029 879 1153 382 681 428 2153 4705 2025 1182 368 1960 759 357 311 447 653 1979 702 1730 532 412 298 0
EOF
