NAME : tsp_problem
TYPE : TSP
DIMENSION : 55
EDGE_WEIGHT_TYPE : EXPLICIT
EDGE_WEIGHT_FORMAT : FULL_MATRIX
EDGE_WEIGHT_SECTION
0 493 928 1074 1876 3461 1418 3417 3641 1665 4033 2246 2187 2369 1948 2382 1768 3147 1385 2365 2880 3922 418 2953 3475 736 2070 801 3333 2091 2253 3638 2051 2755 758 2608 1559 2954 3442 750 2475 2215 2096 2807 2360 2360 1797 3582 2992 2557 2163 2035 2520 2496 2622
493 0 493 671 1441 3026 983 2983 3206 1231 3598 1811 1752 1934 1513 1947 2185 2712 950 1930 2445 3487 835 2518 3040 1153 1635 1213 2898 1656 1818 3204 1616 2321 1170 2173 1124 2519 3007 346 2040 1781 1662 2372 1926 1925 1363 3147 2557 2122 1728 1600 2086 2061 2187
928 493 0 346 1013 2597 554 3417 2778 802 3170 1382 1323 1505 1084 1518 2619 2284 521 1502 2017 3059 1269 2090 2612 1587 1207 1648 3333 1228 1390 2775 1187 1892 1605 1745 695 2091 2579 595 1611 1352 1233 1944 1497 1497 934 2719 2129 1693 1300 1172 1657 1632 1758
1074 671 346 0 936 2720 679 3595 2732 725 3093 1505 1246 1628 1207 1544 2564 2407 646 1625 1940 2982 1416 2044 2535 1720 1330 1591 3510 1151 1313 2898 1310 2015 1548 1868 819 2214 2702 379 1559 1275 1156 1867 1620 1421 1057 2842 2083 1616 1223 1095 1605 1555 1681
1876 1441 1013 936 0 1861 545 4365 1873 239 2234 646 387 769 348 685 3370 1548 565 765 1080 2123 2218 1185 1676 2526 471 2397 4281 291 454 2039 451 1156 2354 1009 461 1355 1842 1185 700 416 297 1008 761 562 198 1983 1224 757 364 235 746 696 822
3461 3026 2597 2720 1861 0 2130 5950 1224 2023 2834 1525 2065 1427 1904 1249 5152 560 2149 1423 1722 2723 3802 761 2276 4120 1657 4180 5436 1774 1886 346 1638 1642 4138 1492 2017 591 103 2969 1270 1933 1943 1892 1419 1398 1754 289 800 1678 1687 1992 1316 1501 2133
1418 983 554 679 545 2130 0 3907 2310 335 2702 915 856 1038 617 1051 3109 1816 106 1034 1549 2591 1759 1622 2144 2077 739 2137 3822 760 922 2308 720 1424 2095 1277 228 1623 2111 928 1144 885 765 1476 1030 1029 467 2251 1661 1226 832 704 1190 1165 1291
3417 2983 3417 3595 4365 5950 3907 0 6130 4155 6522 4735 4676 4765 4437 4871 4352 5636 3874 4761 5369 6411 3759 5442 5964 4077 4559 4137 836 4580 4742 6128 4540 4688 4094 4786 4048 5443 5931 3270 4964 4705 4585 5296 4757 4849 4287 6071 5481 5046 4652 4524 5010 4985 5111
3641 3206 2778 2732 1873 1224 2310 6130 0 2035 2633 1706 2064 1607 2085 1312 5166 985 2330 1604 1721 2522 3982 759 2075 4301 1838 4193 5617 1773 1885 1081 1818 1823 4150 1672 2198 792 1149 2981 1269 1932 1942 1891 1599 1397 1934 1025 798 1677 1686 2004 1315 1500 2132
1665 1231 802 725 239 2023 335 4155 2035 0 2395 808 549 931 510 847 3159 1710 354 927 1242 2285 2007 1347 1838 2315 633 2186 4070 453 615 2201 613 1318 2143 1171 360 1517 2004 974 862 578 459 1169 923 724 360 2145 1386 919 526 397 908 858 984
4024 3589 3161 3083 2224 2822 2693 6513 2621 2386 0 2135 2002 2037 2468 1742 5517 2508 2713 2033 1261 421 4365 2177 704 4674 2268 4544 6047 2052 1823 2830 2248 2253 4501 2102 2581 2315 2801 3332 1652 1871 2021 1549 2029 1790 2318 2774 2216 1586 1986 2198 1617 1649 1843
2246 1811 1382 1505 646 1526 915 4735 1706 808 2145 0 929 173 638 447 3937 1212 934 170 992 2034 2587 1018 1587 2905 322 2965 4339 645 761 1704 370 560 2923 413 802 1019 1507 1754 540 809 819 1026 165 427 539 1647 1057 625 558 777 586 564 1009
2187 1752 1323 1246 387 2065 856 4676 2064 549 2012 929 0 998 631 896 3680 1751 876 994 859 1901 2528 1376 1454 2836 753 2707 4592 460 232 2242 734 1385 2664 1237 744 1558 2046 1495 850 194 197 786 989 726 481 2186 1415 640 532 360 815 610 600
2369 1934 1505 1628 769 1431 1038 4765 1612 931 2051 173 998 0 761 353 4060 1118 1057 60 898 1940 2710 924 1493 3028 445 3088 4239 702 819 1609 494 453 3046 303 925 925 1413 1877 445 866 876 1067 55 484 662 1553 963 682 615 900 491 621 1066
1948 1513 1084 1207 348 1904 617 4437 2085 510 2477 638 631 761 0 825 3639 1591 636 757 1324 2366 2289 1396 1919 2607 462 2668 4353 535 697 2082 443 1044 2625 1000 504 1398 1886 1456 918 660 540 1251 753 804 241 2026 1435 1001 607 479 964 940 1066
2382 1947 1518 1544 685 1249 1051 4871 1312 847 1751 446 896 348 825 0 3978 935 1070 344 598 1640 2723 624 1193 3041 579 3005 4358 601 717 1427 559 564 2962 413 938 742 1230 1793 146 765 775 767 340 273 675 1370 663 554 514 816 191 377 965
2110 2526 2961 3094 3900 5493 3450 4676 5674 3690 6057 4278 4211 4401 3981 4415 0 5180 3417 4398 4904 5946 1799 4986 5499 1461 4103 1588 4592 4115 4277 5671 4083 4788 1622 4641 3591 4987 5475 2770 4507 4240 4120 4831 4393 4385 3830 5615 5025 4581 4187 4059 4553 4520 4646
3147 2712 2284 2407 1548 560 1816 5636 985 1710 2521 1212 1751 1113 1591 935 4839 0 1836 1110 1409 2410 3489 448 1963 3807 1344 3867 5123 1460 1572 738 1324 1329 3824 1179 1704 278 541 2656 956 1620 1630 1578 1105 1084 1440 681 487 1365 1374 1678 1002 1187 1820
1385 950 521 646 565 2149 106 3874 2330 354 2722 934 876 1057 636 1070 3076 1836 0 1054 1569 2611 1726 1642 2164 2044 759 2104 3789 780 942 2327 739 1444 2062 1297 247 1643 2131 895 1163 904 785 1496 1049 1049 486 2271 1681 1245 852 724 1209 1185 1311
2365 1930 1502 1625 765 1428 1034 4761 1608 927 2047 170 994 60 757 349 4056 1114 1054 0 894 1936 2706 920 1489 3024 441 3085 4235 698 815 1605 490 450 3042 299 922 921 1409 1874 442 862 872 1063 51 480 658 1549 959 679 612 896 487 618 1062
2872 2438 2009 1932 1073 1715 1542 5362 1714 1235 1276 984 851 886 1317 590 4366 1401 1561 882 0 1166 3214 1025 718 3522 1116 3393 4895 900 672 1892 1096 1101 3350 951 1430 1208 1696 2181 500 720 870 398 877 638 1166 1836 1064 434 835 1046 465 497 692
3913 3478 3050 2973 2113 2711 2582 6402 2510 2275 421 2024 1892 1926 2357 1631 5407 2397 2602 1923 1150 0 4254 2066 593 4563 2157 4433 5936 1941 1713 2719 2137 2142 4391 1991 2470 2204 2690 3222 1541 1760 1910 1438 1918 1679 2207 2663 2105 1475 1876 2087 1506 1538 1733
418 835 1269 1416 2218 3802 1759 3759 3982 2007 4375 2587 2528 2710 2289 2723 1457 3489 1726 2706 3221 4264 0 3294 3817 425 2412 568 3674 2432 2594 3980 2392 3097 602 2950 1900 3296 3783 1091 2816 2557 2438 3149 2702 2702 2139 3924 3333 2898 2505 2376 2862 2837 2963
2953 2518 2090 2044 1185 761 1622 5442 759 1347 2186 1017 1376 919 1396 624 4478 448 1642 916 1033 2075 3294 0 1628 3612 1150 3505 4929 1085 1197 938 1130 1135 3462 984 1510 255 741 2293 581 1244 1254 1202 911 708 1246 881 110 989 998 1316 627 812 1444
3466 3031 2603 2526 1666 2264 2135 5955 2063 1828 704 1577 1445 1479 1910 1184 4959 1950 2155 1475 703 593 3807 1619 0 4116 1710 3986 5489 1494 1265 2272 1690 1695 3943 1544 2023 1757 2243 2774 1094 1313 1463 991 1471 1232 1760 2216 1658 1028 1428 1640 1059 1091 1285
736 1153 1587 1720 2526 4120 2077 4077 4301 2315 4683 2905 2836 3028 2607 3041 1107 3807 2044 3024 3530 4572 425 3612 4125 0 2730 213 3993 2741 2903 4298 2710 3415 248 3268 2218 3614 4102 1395 3134 2865 2746 3457 3020 3011 2457 4242 3651 3206 2813 2685 3180 3145 3271
2070 1635 1207 1330 471 1658 739 4559 1839 633 2278 322 753 445 462 579 3762 1345 759 441 1124 2167 2412 1150 1720 2730 0 2790 4475 658 820 1836 195 831 2747 684 627 1152 1640 1579 672 782 663 1158 436 559 363 1780 1189 758 690 602 718 697 1141
801 1213 1648 1591 2397 4180 2137 4137 4193 2186 4553 2965 2707 3088 2668 3005 1057 3867 2104 3085 3400 4443 568 3505 3995 213 2790 0 4053 2611 2773 4358 2770 3475 119 3328 2279 3674 4162 1266 3020 2736 2617 3327 3080 2881 2517 4302 3544 3077 2683 2555 3066 3016 3142
3333 2898 3333 3510 4281 5436 3822 836 5617 4070 6056 4339 4592 4239 4353 4358 4268 5123 3789 4235 4903 5945 3674 4929 5498 3993 4475 4053 0 4496 4658 5614 4455 4161 4010 4259 3964 4930 5418 3186 4450 4620 4501 5072 4230 4578 4202 5558 4968 4849 4568 4440 4496 4681 5027
2091 1656 1228 1151 291 1774 760 4580 1773 453 2061 645 460 702 535 601 3585 1460 780 698 908 1950 2432 1085 1503 2741 658 2611 4496 0 281 1951 638 1089 2569 942 648 1267 1755 1400 569 329 338 835 694 431 385 1895 1123 544 151 371 615 483 650
2253 1818 1390 1313 454 1886 922 4742 1885 615 1833 761 232 819 697 717 3747 1572 942 815 679 1722 2594 1197 1275 2903 820 2773 4658 281 0 2063 800 1206 2731 1058 810 1379 1867 1562 671 100 250 607 810 547 547 2007 1236 461 353 427 636 431 421
3638 3204 2775 2898 2039 346 2308 6128 1081 2201 2862 1703 2242 1605 2082 1427 5330 738 2327 1601 1899 2751 3980 938 2304 4298 1835 4358 5614 1951 2063 0 1816 1820 4315 1670 2195 769 270 3147 1447 2111 2121 2069 1597 1575 1932 90 977 1856 1864 2170 1493 1678 2310
2051 1616 1187 1310 451 1638 720 4540 1819 613 2258 370 734 494 443 560 3742 1325 739 490 1105 2147 2392 1131 1700 2710 195 2770 4455 638 800 1816 0 880 2728 733 607 1132 1620 1559 652 762 643 1139 485 539 344 1760 1170 738 671 582 698 677 1121
2755 2321 1892 2015 1156 1642 1424 4688 1823 1318 2262 560 1385 453 1044 564 4447 1329 1444 450 1109 2151 3097 1135 1704 3415 831 3475 4161 1089 1206 1820 880 0 3432 193 1312 1136 1624 2264 656 1253 1263 1278 445 784 1048 1764 1174 1065 1003 1287 702 887 1453
758 1170 1605 1548 2354 4138 2095 4094 4150 2143 4511 2923 2664 3046 2625 2962 1092 3824 2062 3042 3357 4400 602 3462 3953 248 2747 119 4010 2569 2731 4315 2728 3432 0 3285 2236 3631 4119 1223 2977 2693 2574 3285 3037 2839 2474 4259 3501 3034 2641 2513 3023 2973 3099
2608 2173 1745 1868 1009 1492 1277 4786 1672 1171 2111 413 1237 303 1000 413 4300 1179 1297 299 958 2000 2950 984 1553 3268 684 3328 4259 942 1058 1670 733 193 3285 0 1165 986 1473 2117 506 1106 1116 1128 295 634 901 1613 1023 914 855 1140 552 737 1305
1559 1124 695 819 461 2017 228 4048 2198 360 2590 802 744 925 504 938 3250 1704 247 922 1437 2480 1900 1510 2032 2218 627 2279 3964 648 810 2195 607 1312 2236 1165 0 1511 1999 1068 1031 773 654 1364 917 917 354 2139 1549 1114 720 592 1077 1053 1179
2954 2519 2091 2214 1355 591 1623 5443 792 1517 2328 1019 1558 921 1398 742 4646 278 1643 917 1216 2217 3296 255 1770 3614 1151 3674 4930 1267 1379 769 1131 1136 3631 986 1511 0 573 2463 763 1427 1437 1385 912 891 1247 713 294 1172 1181 1486 809 994 1627
3442 3007 2579 2702 1842 103 2111 5931 1149 2004 2814 1506 2046 1408 1886 1230 5133 541 2131 1405 1703 2703 3783 741 2256 4102 1639 4162 5418 1755 1867 270 1619 1624 4119 1473 1999 573 0 2951 1251 1914 1924 1873 1400 1379 1735 214 780 1659 1668 1973 1297 1482 2114
750 346 595 379 1185 2969 928 3270 2981 974 3342 1754 1495 1877 1456 1793 2239 2656 895 1874 2188 3231 1091 2293 2784 1395 1579 1266 3186 1400 1562 3147 1559 2264 1223 2117 1068 2463 2951 0 1808 1524 1405 2116 1869 1670 1306 3091 2332 1865 1472 1344 1854 1804 1930
2475 2040 1611 1559 700 1270 1144 4964 1269 862 1661 539 850 441 918 146 3993 956 1163 437 508 1550 2816 581 1103 3134 671 3020 4450 569 671 1447 652 656 2977 506 1031 763 1251 1808 0 719 729 677 433 193 768 1391 620 464 483 816 101 286 919
2215 1781 1352 1275 416 1933 885 4705 1932 578 1880 809 194 866 660 765 3709 1620 904 862 727 1769 2557 1244 1322 2865 782 2736 4620 329 100 2111 762 1253 2693 1106 773 1427 1914 1524 719 0 225 654 858 595 509 2054 1283 508 401 389 684 479 469
2096 1662 1233 1156 297 1943 765 4585 1942 459 2030 819 197 876 540 775 3590 1630 785 872 877 1920 2438 1254 1473 2746 663 2617 4501 338 250 2121 643 1263 2574 1116 654 1437 1924 1405 729 225 0 804 868 605 390 2064 1293 518 410 270 694 489 619
2807 2372 1944 1867 1008 1892 1476 5296 1891 1169 1558 1026 786 1063 1251 767 4301 1578 1496 1059 405 1448 3149 1202 1000 3457 1158 3327 5072 835 607 2069 1139 1278 3285 1128 1364 1385 1873 2116 677 654 804 0 1054 812 1101 2013 1241 611 858 981 642 674 627
2360 1926 1497 1620 761 1423 1030 4757 1604 923 2042 165 989 55 753 344 4052 1110 1049 51 889 1932 2702 915 1485 3020 436 3080 4230 694 810 1601 485 445 3037 295 917 917 1405 1869 437 858 868 1059 0 475 654 1545 954 674 607 892 483 613 1058
2360 1925 1497 1421 562 1398 1029 4849 1397 724 1799 427 726 484 804 273 3855 1084 1049 480 646 1688 2702 708 1241 3011 559 2881 4578 431 547 1575 539 784 2839 634 917 891 1379 1670 193 595 605 812 475 0 653 1519 747 411 344 678 239 350 795
1797 1363 934 1057 198 1754 467 4287 1934 360 2327 539 481 662 241 675 3489 1440 486 658 1174 2216 2139 1246 1769 2457 363 2517 4202 385 547 1932 344 1048 2474 901 354 1247 1735 1306 768 509 390 1101 654 653 0 1875 1285 850 457 329 813 790 916
3582 3147 2719 2842 1983 289 2251 6071 1025 2145 2806 1647 2186 1548 2026 1370 5273 681 2271 1545 1843 2695 3924 881 2248 4242 1779 4302 5558 1895 2007 90 1759 1764 4259 1613 2139 713 214 3091 1391 2054 2064 2013 1540 1519 1875 0 920 1799 1808 2113 1437 1622 2254
2992 2557 2129 2083 1224 800 1661 5481 798 1386 2225 1056 1415 958 1435 663 4517 487 1681 955 1072 2114 3333 110 1667 3651 1189 3544 4968 1123 1236 977 1169 1174 3501 1023 1549 294 780 2332 620 1283 1293 1241 950 747 1285 920 0 1028 1037 1354 665 851 1483
2557 2122 1693 1616 757 1678 1226 5046 1677 919 1595 625 640 682 1001 554 4050 1365 1245 679 442 1484 2898 989 1037 3206 758 3077 4849 544 461 1856 738 1065 3034 914 1114 1172 1659 1865 464 508 518 611 674 411 850 1799 1028 0 458 730 429 224 708
2163 1728 1300 1223 364 1687 832 4652 1686 526 1996 558 532 615 607 514 3657 1374 852 612 842 1885 2505 998 1438 2813 690 2683 4568 151 353 1864 671 1003 2641 855 720 1181 1668 1472 483 401 410 858 607 344 457 1808 1037 458 0 444 529 397 722
2035 1600 1172 1095 235 1992 704 4524 2004 397 2207 777 360 900 479 816 3528 1678 724 896 1054 2096 2376 1316 1649 2685 602 2555 4440 371 427 2170 582 1287 2513 1140 592 1486 1973 1344 816 389 270 981 892 678 329 2113 1354 730 444 0 862 701 795
2520 2086 1657 1605 746 1316 1190 5010 1315 908 1626 585 815 487 964 191 4039 1002 1209 483 473 1515 2862 627 1068 3180 717 3066 4496 615 636 1493 697 702 3023 552 1077 809 1297 1854 101 684 694 642 478 239 813 1437 665 429 529 862 0 252 884
2496 2061 1632 1555 696 1501 1165 4985 1500 858 1658 564 610 621 940 377 3989 1187 1185 618 505 1547 2837 812 1100 3145 697 3016 4681 483 431 1678 677 887 2973 737 1053 994 1482 1804 286 479 489 674 613 350 790 1622 851 224 397 701 252 0 678
2622 2187 1758 1681 822 2133 1291 5111 2132 984 1853 1009 600 1066 1066 965 4115 1820 1311 1062 699 1742 2963 1444 1295 3271 1141 3142 5027 650 421 2310 1121 1453 3099 1305 1179 1627 2114 1930 919 469 619 627 1058 795 916 2254 1483 708 722 795 884 678 0
EOF
