NAME : tsp_problem
TYPE : TSP
DIMENSION : 65
EDGE_WEIGHT_TYPE : EXPLICIT
EDGE_WEIGHT_FORMAT : FULL_MATRIX
EDGE_WEIGHT_SECTION
0 1494 1492 301 477 1318 1340 2028 371 1668 2291 614 1435 1380 389 1094 1401 2659 328 1094 1311 512 412 6513 1814 3262 4106 1221 785 396 1006 543 542 850 1134 576 1074 1411 1530 1388 677 2904 3084 555 1331 406 1694 2243 3599 458 2674 593 2985 572 1149 548 1907 736 737 1611 990 2342 2038 240 1263
1494 0 2907 1626 1147 2733 2248 3443 1265 2915 3538 1489 551 678 1363 2340 128 4074 1399 2341 2726 1758 1252 7928 1828 4677 5521 2467 1040 1722 676 1761 1295 1105 432 967 510 2657 105 2296 932 4151 4368 1773 447 1300 3109 2257 5014 1408 4089 1101 3581 1081 1675 1766 1921 1332 1386 910 1778 3589 3453 1706 2509
1492 2907 0 1766 1889 442 2569 682 1836 322 944 1843 2847 2792 1854 665 2813 1312 1558 666 435 1214 1804 5099 3179 1916 2760 542 2197 1861 2418 1772 2007 2262 2546 1988 2486 408 2943 2617 2090 1558 1737 1784 2744 1871 347 3609 2253 1687 1327 2005 4017 1985 2408 1777 3273 2201 2068 3024 2219 995 692 1521 585
301 1627 1766 0 610 1592 1614 2303 421 1943 2565 889 1568 1512 325 1368 1534 2933 603 1369 1585 786 545 6787 1947 3536 4380 1495 918 248 1139 817 463 982 1266 709 1206 1685 1663 1663 810 3179 3358 829 1464 456 1968 2376 3873 733 2948 684 2738 664 1282 822 2040 489 869 1744 1261 2616 2312 412 1537
477 1147 1889 610 0 1715 1220 2408 249 1867 2489 461 1088 1202 346 1292 1054 3056 381 1292 1708 710 235 6910 1453 3659 4503 1418 432 705 829 728 434 496 956 300 727 1609 1183 1268 324 3103 3319 740 984 284 2091 1883 3988 376 3070 415 2877 395 771 734 1547 628 358 1434 750 2540 2418 688 1461
1318 2733 442 1592 1715 0 2396 979 1663 619 1241 1670 2674 2619 1681 529 2640 1609 1384 530 217 1040 1630 5463 3006 2213 3056 656 2024 1688 2245 1598 1834 2088 2373 1815 2313 705 2769 2444 1916 1855 2034 1610 2570 1698 644 3435 2549 1514 1624 1831 4276 1811 2234 1604 3099 2027 1894 2850 2046 1292 989 1347 698
1340 2248 2569 1614 1220 2396 0 3088 1370 2547 3169 847 2188 2315 1467 1971 2154 3736 1406 1972 2389 1389 1356 7591 1849 4340 5184 2098 1258 1710 1941 1077 1555 1239 2069 1421 1827 2288 2284 94 1384 3783 3999 1088 2085 1405 2771 2278 4668 977 3751 1536 3998 1516 1078 1082 1943 1749 1024 2546 848 3220 3098 1369 2140
2028 3443 682 2303 2408 979 3088 0 2373 806 293 2362 3384 3329 2391 1148 3350 679 2095 1149 972 1732 2341 5703 3698 1282 2126 1026 2734 2398 2955 2291 2544 2798 3083 2525 3023 892 3479 3136 2626 907 1104 2303 3280 2408 372 4127 1619 2206 694 2541 4621 2521 2927 2296 3792 2737 2587 3560 2738 344 36 2057 1068
371 1266 1836 421 249 1663 1370 2373 0 2013 2636 611 1207 1152 162 1438 1173 3003 332 1439 1656 856 184 6858 1586 3607 4451 1565 557 599 778 879 241 621 906 348 846 1756 1302 1418 449 3249 3429 891 1103 91 2038 2015 3944 526 3018 364 2684 344 921 884 1679 434 509 1383 901 2687 2383 584 1608
1668 2915 322 1943 1867 619 2547 806 2013 0 886 1821 2856 2969 2031 607 2822 1458 1735 608 612 1191 1981 5343 3157 2061 2905 484 2200 2038 2595 1749 2184 2264 2723 2068 2495 350 2951 2595 2092 1500 1716 1761 2752 2048 493 3586 2385 1665 1473 2182 4261 2161 2385 1754 3250 2378 2045 3200 2197 937 816 1698 527
2291 3538 944 2565 2489 1241 3169 293 2636 886 0 2443 3478 3591 2653 1229 3444 610 2357 1230 1234 1813 2603 5966 3779 1211 2055 1107 2822 2661 3217 2372 2807 2887 3345 2691 3117 973 3573 3217 2714 650 866 2383 3375 2670 639 4208 1535 2287 625 2804 4884 2784 3007 2377 3872 3000 2668 3823 2819 87 303 2320 1149
614 1489 1843 889 461 1670 847 2362 611 1821 2443 0 1429 1556 708 1245 1395 3010 681 1246 1663 663 596 6865 1458 3614 4458 1372 498 984 1182 360 796 563 1310 662 1068 1563 1524 895 624 3057 3273 371 1325 646 2045 1887 3942 215 3025 777 3239 757 686 365 1551 990 310 1787 497 2494 2372 643 1415
1434 551 2847 1567 1088 2674 2188 3384 1206 2856 3478 1429 0 619 1303 2281 457 4014 1340 2281 2667 1699 1192 7869 1967 4618 5462 2408 981 1662 616 1701 1235 1045 373 908 451 2598 586 2237 873 4092 4308 1713 127 1241 3049 2396 4954 1349 4029 1041 3522 1021 1615 1707 2060 1272 1327 508 1719 3529 3394 1647 2450
1379 678 2792 1512 1202 2619 2315 3329 1151 2969 3591 1556 619 0 1248 2394 585 3959 1285 2395 2612 1812 1137 7814 2095 4563 5407 2521 1107 1607 541 1828 1180 1172 298 970 579 2711 714 2363 999 4205 4384 1840 515 1186 2994 2524 4899 1475 3974 986 3467 966 1742 1833 2188 1217 1453 551 1845 3642 3339 1592 2563
389 1363 1854 325 346 1681 1467 2391 162 2031 2653 708 1304 1249 0 1456 1270 3021 429 1457 1673 874 281 6875 1683 3625 4469 1583 654 533 875 905 203 718 1003 445 943 1773 1399 1516 546 3267 3446 917 1200 196 2056 2112 3961 624 3036 424 2646 404 1018 911 1776 397 606 1480 998 2704 2401 602 1625
1094 2340 665 1368 1292 529 1971 1148 1438 607 1229 1245 2281 2394 1456 0 2247 1801 1160 32 522 616 1406 5686 2581 2404 3248 159 1624 1463 2020 1174 1609 1689 2148 1493 1920 349 2376 2019 1517 1843 2059 1186 2177 1473 836 3011 2728 1089 1816 1607 4052 1587 1810 1179 2675 1803 1470 2626 1621 1280 1158 1123 201
1400 128 2813 1533 1054 2640 2154 3350 1172 2822 3444 1395 457 585 1269 2247 0 3980 1306 2247 2633 1665 1158 7835 1735 4584 5428 2374 947 1628 582 1667 1201 1011 339 874 417 2564 164 2203 839 4058 4274 1679 354 1207 3015 2164 4920 1315 3995 1007 3488 987 1581 1673 1828 1238 1293 816 1685 3495 3360 1613 2416
2659 4074 1312 2933 3056 1609 3736 679 3003 1458 610 3010 4014 3959 3021 1801 3980 0 2725 1801 1602 2381 2971 6334 4346 901 1745 1678 3364 3028 3585 2939 3174 3429 3713 3155 3653 1544 4110 3784 3257 568 722 2951 3911 3038 1003 4776 1237 2854 263 3172 5252 3152 3575 2944 4440 3368 3235 4191 3386 661 689 2688 1720
328 1399 1558 603 381 1384 1406 2095 332 1735 2357 681 1340 1285 429 1160 1306 2725 0 1161 1377 578 297 6579 1719 3329 4172 1287 690 698 911 609 516 755 1039 481 979 1477 1435 1455 582 2971 3150 621 1236 367 1760 2148 3665 525 2740 498 2960 477 1053 614 1812 710 641 1516 1033 2408 2105 357 1329
1094 2341 666 1369 1292 530 1972 1149 1439 608 1230 1246 2281 2395 1457 32 2247 1801 1161 0 523 616 1407 5687 2582 2405 3249 159 1625 1464 2021 1175 1610 1690 2149 1494 1920 350 2376 2020 1517 1844 2060 1186 2178 1474 837 3011 2729 1090 1816 1607 4053 1587 1810 1180 2675 1803 1471 2626 1622 1281 1159 1123 202
1311 2726 435 1585 1708 217 2389 972 1656 612 1234 1663 2667 2612 1673 522 2633 1602 1377 523 0 1033 1623 5456 2999 2205 3049 649 2017 1681 2238 1591 1827 2081 2366 1808 2306 698 2762 2437 1909 1848 2027 1603 2563 1691 637 3428 2542 1507 1617 1824 4269 1804 2227 1597 3092 2020 1887 2843 2039 1285 982 1340 691
512 1758 1214 786 710 1040 1389 1732 856 1191 1813 663 1699 1812 874 616 1665 2381 578 616 1033 0 824 6235 1999 2984 3828 742 1042 881 1438 592 1027 1107 1566 911 1338 933 1794 1437 935 2427 2643 604 1595 891 1416 2429 3312 507 2396 1025 3470 1005 1228 597 2093 1221 888 2044 1039 1864 1742 541 785
412 1252 1804 545 235 1630 1356 2341 184 1981 2603 596 1192 1137 281 1406 1158 2971 297 1407 1623 824 0 6825 1571 3575 4419 1533 542 640 763 855 368 607 891 333 831 1723 1287 1404 434 3217 3396 867 1088 219 2006 2000 3911 512 2986 350 2812 330 906 861 1665 562 494 1368 886 2654 2351 603 1575
6513 7928 5099 6787 6910 5463 7591 5703 6858 5343 5966 6865 7869 7814 6875 5686 7835 6334 6579 5687 5456 6235 6825 0 8201 6218 5867 5563 7219 6883 7440 6793 6936 7283 7567 7010 7508 5430 7964 7639 7111 6580 6680 6805 7765 6893 5369 8630 6500 6709 6349 6987 4817 6967 7429 6799 8294 6771 7089 8045 7241 6017 5713 6542 5606
1804 1815 3170 1937 1444 2997 1840 3689 1576 3148 3770 1448 1955 2082 1673 2572 1722 4337 1710 2573 2990 1990 1562 8192 0 4941 5785 2699 1070 2032 1753 1678 1605 998 1836 1278 1639 2889 1851 1888 1196 4384 4600 1689 1851 1611 3372 645 5269 1578 4352 1411 3891 1391 1214 1683 310 1642 1337 2314 1370 3821 3699 1970 2741
3262 4677 1916 3536 3659 2213 4340 1282 3607 2061 1211 3614 4618 4563 3625 2404 4584 901 3329 2405 2205 2984 3575 6218 4950 0 901 2281 3968 3632 4189 3543 3778 4032 4317 3759 4257 2148 4713 4388 3860 694 519 3554 4514 3642 1606 5379 394 3458 916 3775 5136 3755 4178 3548 5043 3971 3838 4794 3990 1262 1292 3291 2324
4123 5538 2777 4397 4520 3074 5201 2143 4468 2921 2070 4475 5479 5424 4486 3264 5445 1762 4190 3264 3067 3845 4436 5867 5811 918 0 3141 4829 4493 5050 4404 4639 4893 5178 4620 5118 3007 5574 5249 4721 1553 1380 4415 5375 4503 2467 6240 1200 4319 1777 4636 4805 4616 5039 4409 5904 4832 4699 5655 4851 2121 2153 4152 3183
1221 2467 542 1495 1418 656 2098 1026 1565 484 1107 1372 2408 2521 1583 159 2374 1678 1287 159 649 742 1533 5563 2708 2281 3125 0 1751 1590 2147 1301 1736 1816 2275 1620 2046 226 2503 2146 1644 1720 1937 1313 2304 1600 713 3138 2606 1216 1693 1734 4179 1714 1937 1306 2802 1930 1597 2753 1748 1158 1036 1250 78
784 1040 2197 917 432 2024 1258 2734 556 2200 2822 498 981 1107 653 1624 947 3364 690 1625 2017 1042 542 7219 1079 3968 4812 1751 0 1012 733 772 585 114 861 258 620 1942 1076 1306 176 3436 3652 784 877 591 2399 1508 4304 582 3379 391 2872 371 685 777 1172 622 396 1338 788 2873 2744 997 1794
396 1722 1861 248 705 1688 1710 2398 599 2038 2661 984 1663 1608 533 1463 1629 3028 698 1464 1681 881 640 6883 2042 3632 4476 1590 1013 0 1234 913 670 1078 1362 804 1302 1781 1758 1758 905 3274 3454 924 1559 634 2063 2471 3969 828 3043 821 2945 800 1377 918 2135 696 965 1839 1357 2712 2408 609 1633
1005 676 2418 1138 829 2245 1941 2955 777 2595 3217 1182 616 541 874 2020 582 3585 911 2021 2238 1438 763 7440 1762 4189 5033 2147 733 1233 0 1454 806 798 295 596 576 2338 712 1989 625 3831 4010 1466 513 812 2620 2191 4526 1102 3600 612 3093 592 1368 1459 1856 844 1079 773 1471 3268 2965 1218 2190
543 1761 1772 817 728 1598 1077 2291 879 1749 2372 360 1701 1828 905 1174 1667 2939 609 1175 1591 592 855 6793 1687 3543 4386 1301 772 913 1454 0 1059 837 1582 930 1340 1491 1797 1125 898 2985 3202 44 1598 914 1974 2116 3871 483 2954 1045 3501 1024 915 50 1780 1252 584 2059 727 2423 2301 572 1343
542 1299 2007 463 434 1834 1555 2544 241 2184 2807 796 1240 1185 203 1609 1206 3174 516 1610 1827 1027 368 6936 1619 3778 4622 1736 590 670 811 1059 0 654 939 381 879 1927 1335 1603 482 3420 3600 1071 1136 276 2209 2048 4115 711 3189 345 2576 325 1106 1064 1712 327 693 1416 1085 2858 2554 755 1779
849 1105 2262 981 496 2088 1239 2798 621 2264 2887 563 1045 1172 718 1689 1011 3429 755 1690 2081 1107 607 7283 1007 4032 4876 1816 114 1077 798 837 650 0 926 322 684 2006 1140 1287 240 3500 3717 848 941 655 2464 1436 4369 647 3444 456 2936 436 613 842 1100 687 461 1403 769 2938 2808 1061 1858
1133 432 2546 1266 956 2373 2069 3083 905 2723 3345 1310 373 298 1002 2148 339 3713 1039 2149 2366 1566 891 7567 1849 4317 5161 2275 861 1361 295 1582 934 926 0 724 333 2465 468 2117 753 3959 4138 1594 269 940 2748 2278 4653 1229 3728 740 3221 720 1496 1587 1942 971 1207 529 1599 3396 3093 1346 2317
575 967 1988 708 300 1815 1421 2525 347 2068 2691 662 908 970 444 1493 874 3155 481 1494 1808 911 333 7010 1287 3759 4603 1620 258 803 596 930 376 322 724 0 547 1810 1003 1470 150 3305 3521 942 804 382 2190 1716 4095 578 3170 182 2663 162 892 935 1380 414 560 1201 952 2742 2535 788 1662
1073 510 2486 1206 727 2313 1827 3023 845 2495 3117 1068 451 579 942 1920 417 3653 979 1920 2306 1338 831 7508 1649 4257 5101 2046 620 1301 576 1340 874 684 333 547 0 2237 546 1876 512 3731 3947 1352 347 880 2688 2078 4593 988 3668 680 3161 660 1254 1346 1742 911 966 810 1358 3168 3033 1286 2089
1411 2657 408 1685 1609 705 2288 892 1756 350 973 1563 2598 2711 1773 349 2564 1544 1477 350 698 933 1723 5430 2899 2148 2992 226 1942 1781 2338 1491 1927 2006 2465 1810 2237 0 2693 2337 1834 1587 1803 1503 2494 1790 579 3328 2472 1407 1559 1924 4348 1904 2127 1496 2992 2120 1787 2943 1939 1024 902 1440 268
1530 105 2943 1662 1183 2769 2284 3479 1301 2951 3573 1524 586 714 1398 2376 164 4110 1435 2376 2762 1794 1287 7964 1864 4713 5557 2503 1076 1758 712 1797 1331 1140 468 1003 546 2693 0 2332 968 4187 4403 1808 483 1336 3145 2293 5050 1444 4124 1137 3617 1116 1710 1802 1957 1368 1422 946 1814 3624 3489 1742 2545
1388 2296 2617 1663 1268 2444 94 3136 1418 2595 3217 895 2237 2363 1516 2019 2203 3784 1455 2020 2437 1437 1404 7639 1897 4388 5232 2146 1306 1758 1989 1125 1603 1287 2117 1470 1876 2337 2332 0 1432 3831 4047 1136 2133 1453 2819 2327 4716 1025 3799 1584 4046 1564 1126 1130 1991 1797 1072 2594 896 3268 3146 1417 2189
677 932 2090 809 324 1916 1384 2626 448 2092 2714 624 873 999 545 1517 839 3257 582 1517 1909 935 434 7111 1205 3860 4704 1644 176 905 625 898 478 240 753 150 512 1834 968 1432 0 3328 3544 910 769 483 2292 1634 4197 555 3271 284 2764 263 811 903 1298 515 522 1231 914 2765 2636 889 1686
2904 4151 1558 3179 3103 1855 3783 907 3249 1500 650 3057 4092 4205 3267 1843 4058 568 2971 1844 1848 2427 3217 6580 4393 694 1538 1720 3436 3274 3831 2985 3420 3500 3959 3305 3731 1587 4187 3831 3328 0 349 2997 3988 3284 1251 4822 1018 2901 583 3418 5497 3398 3621 2991 4486 3614 3281 4436 3433 701 917 2934 1763
3084 4368 1737 3358 3319 2034 3999 1104 3429 1716 866 3273 4308 4384 3446 2059 4274 722 3150 2060 2027 2643 3396 6680 4609 519 1363 1937 3652 3454 4010 3202 3600 3717 4138 3521 3947 1803 4403 4047 3544 349 0 3213 4205 3463 1428 5038 856 3117 737 3597 5598 3577 3837 3207 4702 3793 3498 4616 3649 917 1114 3113 1979
555 1773 1784 829 740 1610 1088 2303 891 1761 2383 371 1713 1840 917 1186 1679 2951 621 1186 1603 604 867 6805 1699 3554 4398 1313 784 924 1466 44 1071 848 1594 942 1352 1503 1808 1136 910 2997 3213 0 1610 925 1986 2128 3882 495 2966 1056 3513 1036 927 61 1792 1264 596 2071 739 2434 2313 584 1355
1331 447 2744 1463 984 2570 2085 3280 1102 2752 3375 1325 127 515 1199 2177 354 3911 1236 2178 2563 1595 1088 7765 1863 4514 5358 2304 877 1559 513 1598 1132 941 269 804 347 2494 483 2133 769 3988 4205 1610 0 1137 2946 2293 4851 1245 3926 938 3418 918 1512 1603 1957 1169 1223 610 1615 3426 3290 1543 2346
406 1301 1871 456 284 1698 1405 2408 91 2048 2670 646 1242 1187 196 1473 1208 3038 367 1474 1691 891 219 6893 1621 3642 4486 1600 592 634 813 914 276 656 941 383 881 1790 1337 1453 484 3284 3463 925 1138 0 2073 2050 3978 561 3053 399 2718 379 956 919 1714 469 543 1418 935 2721 2418 619 1643
1694 3109 347 1968 2091 644 2771 372 2038 493 639 2045 3049 2994 2056 836 3015 1003 1760 837 637 1416 2006 5369 3381 1606 2450 713 2399 2063 2620 1974 2209 2464 2748 2190 2688 579 3145 2819 2292 1251 1428 1986 2946 2073 0 3811 1943 1889 1018 2207 4287 2187 2610 1979 3475 2403 2270 3226 2421 690 382 1723 755
2233 2245 3599 2366 1873 3426 2269 4118 2005 3577 4199 1877 2384 2512 2102 3001 2151 4766 2139 3002 3419 2419 1991 8621 645 5370 6214 3128 1499 2461 2182 2107 2034 1427 2265 1707 2069 3319 2280 2317 1625 4813 5029 2118 2280 2040 3801 0 5698 2007 4781 1840 4321 1820 1643 2112 491 2071 1766 2743 1799 4250 4128 2399 3171
3599 5014 2253 3873 3988 2549 4668 1619 3944 2385 1535 3942 4954 4899 3961 2728 4920 1237 3665 2729 2542 3312 3911 6500 5278 394 1183 2606 4304 3969 4526 3871 4115 4369 4653 4095 4593 2472 5050 4716 4197 1018 856 3882 4851 3978 1943 5707 0 3786 1252 4112 5418 4092 4506 3876 5371 4308 4167 5131 4318 1586 1629 3628 2648
458 1408 1687 733 376 1514 977 2206 526 1665 2287 215 1349 1475 624 1089 1315 2854 525 1090 1507 507 512 6709 1587 3458 4302 1216 582 828 1102 483 711 647 1229 578 988 1407 1444 1025 555 2901 3117 495 1245 561 1889 2016 3786 0 2869 692 3154 672 815 488 1680 905 440 1707 627 2338 2216 487 1259
2674 4089 1327 2948 3070 1624 3751 694 3018 1473 625 3025 4029 3974 3036 1816 3995 263 2740 1816 1617 2396 2986 6349 4361 916 1760 1693 3379 3043 3600 2954 3189 3444 3728 3170 3668 1559 4124 3799 3271 583 737 2966 3926 3053 1018 4791 1252 2869 0 3187 5267 3167 3590 2959 4455 3383 3250 4206 3401 676 704 2703 1735
539 1101 2004 672 415 1831 1536 2541 311 2181 2804 777 1041 986 408 1606 1007 3171 498 1607 1824 1024 350 6987 1420 3775 4619 1733 391 767 612 1045 340 456 740 182 680 1924 1137 1584 284 3417 3597 1056 938 346 2206 1849 4112 692 3186 0 2627 126 1026 1050 1514 377 674 1218 1066 2855 2551 752 1776
2985 3581 4017 2738 2877 4276 3998 4621 2684 4261 4884 3239 3522 3467 2646 4052 3488 5252 2960 4053 4269 3470 2812 4817 3901 5136 4805 4179 2872 2945 3093 3501 2576 2936 3221 2663 3161 4348 3617 4046 2764 5497 5598 3513 3418 2718 4287 4330 5418 3154 5267 2627 0 2606 3506 3506 3994 2411 3136 3698 3528 4935 4631 3095 4221
519 1081 1984 652 395 1811 1516 2521 291 2161 2783 757 1021 966 388 1586 987 3151 477 1587 1804 1004 330 6967 1400 3755 4599 1713 371 747 592 1024 320 436 720 162 660 1904 1116 1564 263 3397 3576 1036 918 326 2186 1829 4092 672 3166 126 2606 0 1006 1030 1494 357 654 1198 1046 2834 2531 732 1756
1149 1675 2408 1282 771 2234 1078 2927 921 2385 3007 686 1615 1742 1018 1810 1581 3575 1053 1810 2227 1228 906 7429 1223 4178 5022 1937 685 1377 1368 915 1106 613 1496 892 1254 2127 1710 1126 811 3621 3837 927 1512 956 2610 1652 4506 815 3590 1026 3506 1006 0 920 1317 1257 575 1973 608 3058 2937 1208 1979
548 1766 1777 822 734 1604 1082 2296 884 1754 2377 365 1707 1833 911 1179 1673 2944 614 1180 1597 597 861 6799 1692 3548 4392 1306 777 918 1459 50 1064 842 1587 935 1346 1496 1802 1130 903 2991 3207 61 1603 919 1979 2121 3876 488 2959 1050 3506 1030 920 0 1785 1257 589 2064 732 2428 2306 577 1348
1897 1909 3264 2030 1538 3090 1933 3782 1669 3241 3863 1542 2048 2176 1766 2666 1815 4431 1803 2666 3083 2084 1655 8285 310 5034 5878 2793 1163 2125 1846 1771 1698 1091 1930 1371 1733 2983 1945 1982 1289 4477 4693 1783 1944 1704 3466 491 5362 1671 4446 1504 3985 1484 1307 1776 0 1736 1430 2407 1463 3914 3792 2064 2835
736 1332 2201 489 628 2027 1749 2737 434 2378 3000 990 1272 1217 397 1803 1238 3368 710 1803 2020 1221 562 6771 1652 3971 4815 1930 622 696 844 1252 327 687 971 414 911 2120 1368 1797 515 3614 3793 1264 1169 469 2403 2081 4308 905 3383 377 2411 357 1257 1257 1745 0 887 1449 1279 3051 2747 846 1972
737 1386 2068 869 358 1894 1024 2587 509 2045 2668 310 1327 1453 606 1470 1293 3235 641 1471 1887 888 494 7089 1346 3838 4682 1597 396 965 1079 584 693 461 1207 560 966 1787 1422 1072 522 3281 3498 596 1223 543 2270 1776 4167 440 3250 674 3136 654 575 589 1440 887 0 1685 554 2719 2597 868 1639
1611 910 3024 1743 1434 2850 2546 3560 1382 3200 3823 1787 508 551 1479 2626 816 4191 1516 2626 2843 2044 1368 8045 2326 4794 5638 2753 1338 1839 773 2059 1412 1403 529 1201 810 2943 946 2594 1231 4436 4616 2071 610 1417 3226 2755 5131 1707 4206 1218 3698 1198 1973 2064 2420 1449 1685 0 2076 3874 3570 1823 2795
990 1778 2219 1261 750 2046 848 2738 901 2197 2819 497 1719 1845 998 1621 1685 3386 1033 1622 2039 1039 886 7241 1379 3990 4834 1748 788 1357 1471 727 1085 769 1599 952 1358 1939 1814 896 914 3433 3649 739 1615 935 2421 1809 4318 627 3401 1066 3528 1046 608 732 1473 1279 554 2076 0 2870 2748 1019 1791
2342 3589 995 2616 2540 1292 3220 344 2687 937 87 2494 3529 3642 2704 1280 3495 661 2408 1281 1285 1864 2654 6017 3830 1262 2106 1158 2873 2712 3268 2423 2858 2938 3396 2742 3168 1024 3624 3268 2765 701 917 2434 3426 2721 690 4259 1586 2338 676 2855 4935 2835 3058 2428 3923 3051 2719 3874 2870 0 354 2371 1200
2038 3453 692 2312 2418 989 3098 36 2383 816 303 2372 3394 3339 2401 1158 3360 689 2105 1159 982 1742 2351 5713 3708 1292 2136 1036 2744 2408 2965 2301 2554 2808 3093 2535 3033 902 3489 3146 2636 917 1114 2313 3290 2418 382 4137 1629 2216 704 2551 4631 2531 2937 2306 3802 2747 2597 3570 2748 354 0 2067 1078
240 1706 1521 412 688 1347 1369 2057 584 1698 2320 643 1647 1592 602 1123 1613 2688 357 1123 1340 541 603 6542 1979 3291 4135 1250 997 609 1218 572 755 1061 1346 788 1286 1440 1742 1417 889 2934 3113 584 1543 619 1723 2409 3628 487 2703 804 3095 784 1208 577 2073 846 868 1823 1019 2371 2067 0 1292
1263 2509 585 1537 1461 698 2140 1068 1608 527 1149 1415 2450 2563 1625 201 2416 1720 1329 202 691 785 1575 5606 2751 2324 3168 78 1794 1633 2190 1343 1779 1858 2317 1662 2089 268 2545 2189 1686 1763 1979 1355 2346 1643 755 3180 2648 1259 1735 1776 4221 1756 1979 1348 2844 1972 1639 2795 1791 1200 1078 1292 0
EOF
