NAME : tsp_problem
TYPE : TSP
DIMENSION : 35
EDGE_WEIGHT_TYPE : EXPLICIT
EDGE_WEIGHT_FORMAT : FULL_MATRIX
EDGE_WEIGHT_SECTION
0 2309 3745 2058 3615 2005 2258 1690 2292 2004 3769 2949 1685 1826 1522 1809 1813 677 2570 1900 3006 3511 1678 566 3474 2967 2436 1970 3145 1843 757 2696 1568 1243 2154
2309 0 1633 322 1950 348 1024 3620 544 757 1657 1508 789 788 3252 806 608 1739 1130 531 4986 2070 675 2496 2034 1709 524 606 5075 547 1619 4676 923 1100 233
3735 1624 0 1748 1871 1774 2013 5046 1619 1920 60 2189 2215 2125 4679 2232 2034 3166 2055 1957 6030 2751 2101 3922 2635 2589 1396 1944 6501 1973 3045 6102 2349 2526 1659
2058 322 1757 0 2074 97 1025 3369 545 758 1781 1509 538 732 3002 555 357 1489 1131 280 4735 2071 424 2245 2035 1710 648 368 4824 296 1368 4425 672 850 234
3615 1976 1883 2100 0 2127 1845 4926 1877 1753 1908 928 2177 1971 4589 2301 2017 3076 1069 2024 5863 1490 2170 3802 1454 1328 1748 1906 6380 2156 2924 5982 2228 2405 1982
2005 348 1784 97 2101 0 1009 3316 528 742 1808 1493 485 678 2948 502 304 1435 1115 226 4681 2055 371 2191 2019 1693 656 315 4770 242 1314 4372 618 796 255
2258 1024 2022 1025 1845 1009 0 3569 791 357 2047 1179 989 801 3401 1113 862 1889 801 869 4230 1741 982 2445 1705 1198 667 751 5024 1006 1568 4363 871 1049 832
1690 3620 5056 3369 4926 3316 3569 0 3603 3315 5080 4260 2996 3137 595 3120 3124 1957 3881 3211 4367 4822 2989 1255 4785 4278 3747 3281 1547 3154 2068 4057 2879 2554 3465
2292 544 1628 545 1877 528 791 3603 0 589 1653 1211 772 621 3235 820 550 1722 833 509 4808 1773 689 2479 1737 1412 273 439 5058 525 1602 4659 906 1083 352
2004 757 2085 758 1909 742 357 3315 589 0 2110 1242 735 533 3147 859 595 1635 864 602 4366 1805 728 2191 1768 1261 730 483 4770 738 1314 4371 617 795 565
3760 1648 60 1772 1895 1799 2037 5071 1643 1944 0 2213 2240 2150 4703 2257 2059 3190 2079 1981 6054 2776 2126 3947 2660 2614 1420 1968 6525 1997 3069 6127 2373 2551 1683
2949 1508 2201 1509 928 1493 1179 4260 1211 1086 2226 0 1511 1305 3923 1634 1351 2410 403 1358 5196 634 1503 3135 597 662 1087 1239 5714 1490 2258 5316 1561 1739 1316
1685 789 2224 538 2177 485 989 2996 772 735 2249 1511 0 358 2628 289 292 1115 1132 379 4362 2073 158 1872 2036 1698 931 450 4451 323 995 4052 299 476 634
1826 788 2135 732 1971 678 801 3137 621 533 2159 1305 358 0 2771 482 486 1258 927 573 4503 1867 351 2013 1831 1494 780 515 4592 516 1136 4194 439 617 596
1522 3252 4688 3002 4589 2948 3401 595 3235 3147 4712 3923 2628 2771 0 2752 2756 1585 3545 2843 4198 4485 2621 1089 4449 4110 3394 2913 1970 2786 1900 3889 2711 2386 3098
1809 806 2241 555 2301 502 1113 3120 820 859 2266 1634 289 482 2752 0 416 1239 1256 396 4486 2197 175 1996 2160 1822 948 467 4575 340 1118 4176 422 600 651
1813 608 2043 357 2017 304 862 3124 550 595 2068 1351 292 486 2756 416 0 1243 973 163 4489 1913 285 1999 1877 1551 709 233 4578 300 1122 4180 426 604 453
677 1739 3175 1489 3076 1435 1889 1957 1722 1635 3199 2410 1115 1258 1585 1239 1243 0 2032 1330 3354 2972 1108 833 2936 2598 1881 1400 3411 1273 546 3044 1198 874 1585
2570 1130 2064 1131 1069 1115 801 3881 833 708 2089 403 1132 927 3545 1256 973 2032 0 979 4818 965 1125 2757 928 604 709 861 5336 1111 1879 4937 1183 1361 938
1900 531 1966 280 2024 226 869 3211 509 602 1990 1358 379 573 2843 396 163 1330 979 0 4576 1920 265 2086 1883 1558 637 174 4665 222 1209 4267 513 691 375
3006 4986 6039 4735 5863 4681 4230 4367 4808 4366 6064 5196 4362 4503 4198 4486 4489 3354 4818 4576 0 5759 4355 3242 5722 5215 4684 4647 3928 4520 3434 437 4245 3920 4831
3511 2070 2764 2071 1490 2055 1741 4822 1773 1649 2788 634 2073 1867 4485 2197 1913 2972 965 1920 5759 0 2066 3698 422 1129 1650 1802 6276 2052 2820 5878 2124 2301 1878
1678 675 2110 424 2170 371 982 2989 689 728 2135 1503 158 351 2621 175 285 1108 1125 265 4355 2066 0 1865 2029 1691 817 336 4443 209 987 4045 291 469 520
566 2496 3931 2245 3802 2191 2445 1255 2479 2191 3956 3135 1872 2013 1089 1996 1999 833 2757 2086 3242 3698 1865 0 3661 3154 2623 2157 2710 2030 944 2933 1755 1430 2341
3474 2034 2667 2035 1454 2019 1705 4785 1737 1612 2692 597 2036 1831 4449 2160 1877 2936 928 1883 5722 422 2029 3661 0 884 1613 1765 6240 2015 2784 5841 2087 2265 1842
2967 1709 2602 1710 1328 1693 1198 4278 1412 1105 2626 662 1698 1494 4110 1822 1551 2598 604 1558 5215 1129 1691 3154 884 0 1288 1440 5733 1690 2277 5335 1580 1758 1517
2436 524 1405 648 1722 656 667 3747 273 574 1429 1087 931 780 3394 948 709 1881 709 637 4684 1650 817 2623 1613 1288 0 598 5202 653 1746 4803 1049 1227 479
1970 606 1953 368 1906 315 751 3281 439 483 1977 1239 450 515 2913 467 233 1400 861 174 4647 1802 336 2157 1765 1440 598 0 4736 311 1279 4337 583 761 414
3162 5092 6527 4841 6398 4787 5041 1564 5075 4787 6552 5731 4468 4609 1985 4592 4595 3427 5353 4682 3928 6294 4461 2727 6257 5750 5219 4753 0 4626 3540 3618 4351 4026 4937
1843 547 1982 296 2156 242 1006 3154 525 738 2006 1490 323 516 2786 340 300 1273 1111 222 4520 2052 209 2030 2015 1690 653 311 4609 0 1152 4210 456 634 392
757 1619 3054 1368 2924 1314 1568 2068 1602 1314 3078 2258 995 1136 1900 1118 1122 546 1879 1209 3434 2820 987 944 2784 2277 1746 1279 3523 1152 0 3124 877 553 1464
2696 4676 6112 4425 5982 4372 4363 4057 4659 4371 6136 5316 4052 4194 3889 4176 4180 3044 4937 4267 437 5878 4045 2933 5841 5335 4803 4337 3618 4210 3124 0 3935 3610 4521
1568 923 2358 672 2228 618 871 2879 906 617 2383 1561 299 439 2711 422 426 1198 1183 513 4245 2124 291 1755 2087 1580 1049 583 4333 456 877 3935 0 358 768
1243 1100 2536 850 2405 796 1049 2554 1083 795 2560 1739 476 617 2386 600 604 874 1361 691 3920 2301 469 1430 2265 1758 1227 761 4009 634 553 3610 358 0 945
2154 233 1668 234 1982 255 832 3465 352 565 1692 1316 634 596 3098 651 453 1585 938 375 4831 1878 520 2341 1842 1517 479 414 4920 392 1464 4521 768 945 0
EOF
