NAME : tsp_problem
TYPE : TSP
DIMENSION : 50
EDGE_WEIGHT_TYPE : EXPLICIT
EDGE_WEIGHT_FORMAT : FULL_MATRIX
EDGE_WEIGHT_SECTION
0 1223 1562 1606 5000 1452 1299 2006 2344 2358 516 1222 1309 385 3193 316 1591 4148 1514 1505 1304 1132 2027 2372 2063 250 1367 5868 1706 3538 1550 3645 320 1290 1517 1249 3104 4899 1161 3688 782 1383 1147 1002 2350 1416 1295 462 1620 1717
1223 0 568 638 4032 454 363 1515 1853 1866 1634 441 372 1503 2256 1434 655 3210 520 511 367 133 1033 1881 1572 1368 672 4930 712 2583 556 2707 1438 291 518 468 2166 3961 466 2751 1224 415 148 270 1413 418 296 1580 885 779
1562 568 0 416 3810 154 549 1540 1878 1892 1973 627 558 1842 2034 1773 757 2989 315 306 553 477 531 1906 1597 1707 947 4709 208 2361 342 2486 1777 319 135 654 1945 3740 742 2530 1563 601 492 599 1191 277 319 1919 671 559
1606 638 416 0 3454 367 571 1857 2195 2208 2017 647 581 1886 1679 1817 429 2633 632 623 556 547 847 2222 1914 1751 954 4353 440 2005 659 2130 1822 544 366 674 1589 3384 764 2174 1595 277 562 684 836 344 471 1964 988 231
5227 4281 4059 3703 0 4010 4023 5500 5838 5851 5638 4099 4032 5506 2071 5437 3881 1127 4275 4266 4007 4190 4490 5865 5557 5372 4405 4483 4083 1757 4302 2184 5442 4187 4009 4126 2493 604 4216 1574 5046 3920 4205 4310 2962 3987 4114 5584 4631 3682
1452 454 154 367 3760 0 435 1630 1968 1981 1864 513 444 1732 1985 1663 708 2939 405 396 439 362 620 1995 1687 1597 833 4660 298 2312 432 2437 1668 278 104 540 1896 3691 628 2480 1454 486 378 500 1142 228 205 1810 761 509
1299 363 549 571 3963 435 0 1628 1966 1979 1711 174 105 1579 1990 1510 388 2944 501 492 100 271 1013 1994 1685 1444 494 4664 692 2334 537 2441 1515 272 499 201 1900 3695 289 2485 1119 349 287 383 1147 398 277 1657 866 513
1993 1506 1531 1847 5241 1620 1619 0 493 507 2405 1541 1628 2273 3466 2204 1910 4420 1380 1371 1623 1414 1628 521 212 2138 1686 6140 1534 3792 1274 3917 2209 1407 1602 1568 3376 5171 1480 3961 2195 1688 1429 1275 2623 1606 1484 2191 1169 1990
2331 1844 1869 2185 5579 1958 1957 493 0 484 2743 1879 1966 2611 3804 2542 2248 4758 1718 1709 1961 1752 1966 498 481 2476 2024 6478 1872 4130 1612 4255 2547 1745 1940 1906 3714 5509 1818 4299 2533 2027 1767 1613 2961 1944 1823 2529 1507 2328
2345 1857 1882 2199 5592 1972 1970 507 484 0 2756 1892 1979 2625 3817 2556 2261 4771 1731 1722 1975 1766 1979 512 495 2490 2038 6492 1886 4144 1626 4269 2560 1758 1953 1920 3728 5523 1832 4312 2546 2040 1781 1626 2974 1958 1836 2543 1520 2342
516 1634 1973 2017 5411 1864 1711 2417 2755 2769 0 1633 1720 169 3604 273 2002 4559 1925 1916 1715 1543 2438 2783 2474 338 1778 6279 2117 3949 1962 4056 731 1701 1928 1660 3515 5310 1572 4100 1193 1794 1558 1413 2761 1827 1706 420 2032 2128
1378 441 627 647 4039 513 174 1706 2044 2058 1789 0 183 1657 2065 1589 410 3020 579 570 179 350 1092 2072 1763 1523 362 4740 771 2410 615 2517 1593 350 577 69 1976 3771 367 2561 1198 427 365 461 1222 477 355 1735 944 538
1309 372 558 581 3972 444 105 1637 1975 1989 1720 183 0 1588 1999 1519 397 2953 510 501 109 281 1022 2003 1694 1454 503 4673 701 2343 546 2450 1524 281 508 211 1909 3704 298 2494 1128 358 296 392 1156 408 286 1666 875 523
385 1503 1842 1886 5279 1732 1579 2286 2624 2637 169 1501 1588 0 3473 142 1870 4427 1794 1785 1583 1411 2306 2651 2343 207 1647 6147 1985 3817 1830 3924 600 1570 1797 1529 3383 5178 1441 3968 1061 1662 1426 1282 2630 1696 1574 288 1900 1997
3193 2256 2034 1679 2011 1985 1990 3475 3813 3826 3604 2065 1999 3473 0 3404 1848 992 2250 2241 1974 2164 2466 3841 3532 3338 2372 3224 2058 382 2277 490 3409 2163 1985 2093 460 1743 2183 533 3013 1894 2179 2277 929 1962 2090 3551 2606 1649
316 1434 1773 1817 5211 1663 1510 2217 2555 2568 273 1433 1519 142 3404 0 1801 4358 1725 1716 1515 1343 2238 2583 2274 138 1578 6079 1917 3749 1761 3856 531 1501 1728 1460 3315 5110 1372 3899 993 1594 1358 1213 2561 1627 1506 219 1831 1928
1591 655 757 429 3821 708 388 1920 2258 2271 2002 410 397 1871 1848 1802 0 2802 793 784 392 563 1188 2286 1977 1736 717 4522 781 2192 829 2299 1807 564 708 438 1758 3553 581 2343 1411 616 578 675 1005 685 568 1949 1158 320
4148 3210 2989 2633 1067 2939 2944 4429 4767 4781 4559 3020 2953 4427 992 4358 2802 0 3204 3195 2928 3118 3420 4795 4486 4293 3326 4178 3012 678 3231 1105 4363 3117 2939 3047 1414 799 3137 495 3967 2848 3133 3231 1883 2917 3044 4505 3560 2603
1514 520 315 632 4025 405 501 1389 1727 1740 1925 579 510 1794 2250 1725 793 3204 0 118 505 429 641 1755 1446 1659 899 4924 318 2577 191 2701 1730 271 386 606 2161 3955 694 2745 1515 553 444 551 1407 470 349 1872 520 774
1505 511 306 623 4017 396 492 1380 1718 1732 1916 570 501 1785 2241 1716 784 3195 118 0 496 420 632 1746 1437 1650 890 4916 310 2568 182 2693 1721 262 377 597 2152 3947 685 2736 1507 544 435 542 1398 461 340 1863 511 766
1304 367 553 556 3947 439 100 1632 1970 1984 1715 179 109 1583 1974 1515 392 2928 505 496 0 276 1018 1998 1689 1449 499 4648 697 2318 541 2425 1519 276 503 206 1884 3679 293 2469 1124 353 291 388 1131 403 281 1661 870 498
1132 133 477 547 3940 362 271 1423 1761 1775 1543 350 281 1411 2164 1343 563 3118 429 420 276 0 941 1789 1480 1277 580 4838 620 2492 465 2616 1347 200 427 377 2075 3869 374 2659 1133 323 57 179 1321 326 205 1489 794 688
2027 1033 531 847 4241 620 1013 1637 1975 1989 2438 1092 1022 2306 2466 2238 1188 3420 641 632 1018 941 0 2003 1694 2172 1412 5140 534 2792 562 2917 2242 783 602 1119 2376 4171 1206 2961 2028 1036 956 1064 1623 744 786 2384 768 990
2359 1871 1897 2213 5607 1986 1984 521 498 512 2770 1907 1994 2639 3831 2570 2276 4786 1745 1737 1989 1780 1994 0 509 2504 2052 6506 1900 4158 1640 4283 2575 1772 1968 1934 3742 5537 1846 4327 2560 2054 1795 1640 2988 1972 1850 2557 1534 2356
2051 1563 1588 1904 5298 1677 1676 212 481 495 2462 1598 1685 2330 3523 2261 1967 4477 1437 1428 1680 1471 1685 509 0 2196 1744 6197 1591 3849 1332 3974 2266 1464 1659 1625 3433 5228 1537 4018 2252 1746 1486 1332 2680 1663 1542 2249 1226 2047
250 1368 1707 1751 5145 1597 1444 2151 2489 2502 338 1367 1454 207 3338 138 1736 4293 1659 1650 1449 1277 2172 2517 2208 0 1512 6013 1851 3683 1695 3790 465 1435 1662 1394 3249 5044 1306 3833 927 1528 1292 1147 2495 1561 1440 285 1765 1862
1367 672 947 954 4345 833 494 1696 2034 2047 1778 362 503 1647 2372 1578 717 3326 899 890 499 580 1412 2062 1753 1512 0 4784 1091 2717 936 2823 1583 670 898 389 2283 4077 304 2867 1187 747 595 451 1529 797 675 1725 1069 844
5868 4930 4709 4353 4441 4660 4664 6149 6487 6501 6279 4740 4673 6147 3224 6079 4522 4178 4924 4916 4648 4838 5140 6515 6206 6013 4784 0 4732 3568 4952 3675 6083 4837 4659 4767 3085 4096 4818 3719 5688 4568 4854 4951 3603 4637 4764 6225 5280 4324
1706 712 208 440 3833 298 692 1543 1881 1895 2117 771 701 1985 2058 1917 781 3012 318 310 697 620 534 1909 1600 1851 1091 4732 0 2385 346 2509 1921 462 279 798 1968 3763 885 2553 1707 628 635 743 1215 421 463 2063 674 582
3538 2583 2361 2005 1681 2312 2334 3802 4140 4153 3949 2410 2343 3817 382 3749 2192 678 2577 2568 2318 2492 2792 4167 3859 3683 2717 3568 2385 0 2604 495 3753 2489 2311 2437 804 1429 2527 219 3358 2222 2507 2622 1273 2289 2416 3895 2933 1994
1550 556 342 659 4052 432 537 1284 1622 1635 1962 615 546 1830 2277 1761 829 3231 191 182 541 465 562 1649 1341 1695 936 4952 346 2604 0 2729 1766 307 413 643 2188 3983 730 2772 1552 589 480 587 1434 507 385 1908 415 802
3645 2707 2486 2130 2124 2437 2441 3926 4264 4278 4056 2517 2450 3924 490 3856 2299 1105 2701 2693 2425 2616 2917 4292 3983 3790 2823 3675 2509 495 2729 0 3860 2614 2436 2544 911 1856 2634 646 3465 2345 2631 2728 1380 2414 2541 4002 3057 2101
320 1438 1777 1822 5215 1668 1515 2221 2559 2573 731 1437 1524 600 3409 531 1806 4363 1730 1721 1519 1347 2242 2587 2278 465 1583 6083 1921 3753 1766 3860 0 1505 1732 1464 3319 5114 1376 3904 997 1598 1362 1218 2566 1632 1510 678 1836 1932
1290 291 319 544 3938 278 272 1416 1754 1767 1701 350 281 1570 2163 1501 564 3117 271 262 276 200 783 1782 1473 1435 670 4837 462 2489 307 2614 1505 0 342 378 2073 3868 465 2658 1291 324 215 337 1320 241 120 1647 636 687
1517 518 135 366 3760 104 499 1611 1949 1963 1928 577 508 1797 1985 1728 708 2939 386 377 503 427 602 1977 1668 1662 898 4659 279 2311 413 2436 1732 342 0 605 1895 3690 692 2480 1518 551 442 564 1142 228 269 1874 742 509
1405 468 654 674 4066 540 201 1733 2071 2085 1816 69 211 1685 2093 1616 438 3047 606 597 206 377 1119 2099 1791 1550 389 4767 798 2437 643 2544 1620 378 605 0 2003 3798 394 2588 1225 454 392 489 1250 504 382 1762 971 565
3104 2166 1945 1589 2433 1896 1900 3385 3723 3737 3515 1976 1909 3383 460 3315 1758 1414 2161 2152 1884 2075 2376 3751 3443 3249 2283 3085 1968 804 2188 911 3319 2073 1895 2003 0 2165 2093 955 2924 1805 2090 2188 839 1873 2000 3461 2516 1560
4899 3961 3740 3384 561 3691 3695 5180 5518 5532 5310 3771 3704 5178 1743 5110 3553 799 3955 3947 3679 3869 4171 5546 5237 5044 4077 4096 3763 1429 3983 1856 5114 3868 3690 3798 2165 0 3888 1246 4718 3599 3885 3982 2634 3668 3795 5256 4311 3355
1161 466 742 764 4155 628 289 1490 1828 1841 1572 159 298 1441 2182 1372 527 3137 694 685 293 374 1206 1855 1547 1306 304 4818 885 2527 730 2634 1376 465 692 186 2093 3888 0 2677 981 542 389 245 1339 591 470 1518 863 655
3688 2751 2530 2174 1514 2480 2485 3970 4308 4322 4100 2561 2494 3968 533 3899 2343 495 2745 2736 2469 2659 2961 4336 4027 3833 2867 3719 2553 219 2772 646 3904 2658 2480 2588 955 1246 2678 0 3508 2389 2674 2772 1424 2457 2585 4046 3101 2144
782 1224 1563 1595 4986 1454 1119 2207 2545 2559 1193 1042 1128 1061 3013 993 1410 3967 1515 1507 1124 1133 2028 2573 2264 927 1187 5688 1707 3358 1552 3465 997 1291 1518 1069 2924 4718 981 3508 0 1372 1148 1004 2170 1418 1296 1086 1622 1537
1383 415 601 277 3670 486 349 1698 2036 2049 1794 427 358 1662 1894 1594 616 2848 553 544 353 323 1036 2064 1755 1528 747 4568 628 2222 589 2345 1598 324 551 454 1805 3599 542 2389 1372 0 338 460 1051 450 328 1740 918 418
1147 148 492 562 3956 378 287 1438 1776 1790 1558 365 296 1426 2179 1358 578 3133 444 435 291 57 956 1804 1496 1292 595 4854 635 2507 480 2631 1362 215 442 392 2090 3885 389 2674 1148 338 0 194 1336 341 220 1504 809 703
1002 270 599 684 4077 500 383 1284 1622 1636 1413 305 392 1282 2277 1213 674 3231 551 542 388 179 1064 1650 1341 1147 451 4951 743 2622 587 2728 1218 337 564 333 2188 3982 245 2772 1004 460 194 0 1434 463 342 1360 657 801
2350 1413 1191 836 2902 1142 1147 2632 2970 2984 2761 1222 1156 2630 929 2561 1005 1883 1407 1398 1131 1321 1623 2998 2689 2495 1529 3603 1215 1273 1434 1380 2566 1320 1142 1250 839 2634 1340 1424 2170 1051 1336 1434 0 1119 1247 2708 1763 806
1416 418 277 344 3738 228 398 1615 1953 1967 1827 477 408 1696 1962 1627 685 2917 470 461 403 326 744 1981 1673 1561 797 4637 421 2289 507 2414 1632 241 228 504 1873 3668 591 2457 1418 450 341 463 1119 0 169 1774 835 487
1295 296 319 471 3865 205 277 1494 1832 1845 1706 355 286 1574 2090 1506 568 3044 349 340 281 205 786 1860 1551 1440 675 4764 463 2416 385 2541 1510 120 269 382 2000 3795 470 2585 1296 328 220 342 1247 169 0 1652 714 614
462 1580 1919 1964 5357 1810 1657 2223 2561 2575 420 1579 1666 288 3551 219 1948 4505 1872 1863 1661 1489 2384 2589 2280 285 1725 6225 2063 3895 1908 4002 678 1647 1874 1606 3461 5256 1518 4046 1086 1740 1504 1360 2708 1774 1652 0 1978 2074
1620 885 671 988 4381 761 866 1178 1516 1529 2032 923 875 1900 2606 1831 1158 3560 520 511 870 794 768 1544 1235 1765 1069 5280 674 2933 415 3057 1836 636 742 951 2516 4311 863 3101 1622 918 809 657 1763 835 714 1978 0 1130
1717 779 559 231 3622 509 513 1999 2337 2351 2128 538 523 1997 1649 1928 320 2603 774 766 498 688 990 2365 2056 1862 844 4324 582 1994 802 2101 1932 687 509 565 1560 3355 706 2144 1537 418 703 801 806 487 614 2074 1130 0
EOF
