NAME : tsp_problem
TYPE : TSP
DIMENSION : 34
EDGE_WEIGHT_TYPE : EXPLICIT
EDGE_WEIGHT_FORMAT : FULL_MATRIX
EDGE_WEIGHT_SECTION
0 5000 5369 5618 4429 4943 5683 4890 5759 6082 6268 4004 5802 6288 5600 4409 4770 4626 4787 5106 4578 5111 5382 4326 4998 5255 4786 5557 5595 4887 5228 4289 5198 5543
5000 0 3525 958 1717 246 1599 1114 1099 1291 1477 2161 1011 1497 1334 1697 505 654 1324 1021 630 320 722 2682 732 595 1322 1473 5845 584 4143 1849 3554 1277
5369 3525 0 3525 2130 3336 4544 3034 3666 4697 4883 1470 4417 4902 4293 2110 3463 3247 2488 3967 3325 3726 3577 1178 3691 3198 2486 4418 2366 3308 660 1990 742 4236
5618 958 3525 0 1716 800 2298 1114 184 1797 1983 2160 1518 2003 2033 1696 1204 1091 1323 1721 1090 826 677 2681 1432 421 1321 2172 5844 1022 4142 1848 3554 1976
4429 1717 2130 1716 0 1528 2536 1026 1858 2888 3074 766 2609 3094 2453 59 1623 1239 480 1959 1317 1917 1768 1087 1851 1389 478 2410 4250 1498 2746 212 1960 2396
4943 246 3336 800 1528 0 1541 925 941 1478 1665 1972 1199 1684 1277 1508 447 464 1134 964 464 507 564 2493 675 437 1133 1416 5656 395 3954 1660 3365 1220
5683 1599 4544 2298 2536 1541 0 1933 2439 2639 2825 3179 2360 2845 390 2516 1135 1469 2142 917 1312 1709 2062 3501 948 1935 2141 162 6664 1486 5160 2668 4373 459
4890 1114 3034 1114 1026 925 1933 0 1255 2286 2472 1669 2006 2491 1849 1006 1020 584 633 1355 663 1314 1166 1991 1248 787 631 1807 5154 895 3650 1158 2864 1793
5759 1099 3666 184 1858 941 2439 1255 0 1939 2125 2302 1659 2144 2174 1837 1345 1233 1464 1862 1232 967 819 2823 1573 563 1463 2313 5986 1163 4284 1989 3695 2117
6073 1282 4688 1788 2879 1469 2627 2276 1929 0 303 3323 446 323 2361 2859 1577 1859 2486 2094 1702 1028 1552 3844 1805 1548 2484 2501 7007 1657 5305 3011 4717 2304
6259 1468 4874 1974 3065 1655 2813 2463 2115 303 0 3509 632 65 2547 3045 1763 2045 2672 2280 1888 1214 1738 4030 1991 1734 2670 2687 7193 1844 5491 3197 4903 2490
4004 2161 1470 2160 766 1972 3179 1669 2302 3332 3518 0 3053 3538 2928 745 2099 1882 1123 2602 1961 2361 2212 631 2326 1833 1122 3054 3793 1943 2088 625 1503 2871
5793 1002 4408 1508 2599 1189 2347 1997 1650 446 632 3043 0 652 2081 2579 1298 1579 2206 1815 1423 749 1272 3564 1526 1268 2204 2222 6727 1378 5025 2731 4437 2024
6278 1488 4893 1994 3085 1675 2832 2482 2135 323 65 3529 652 0 2567 3064 1783 2064 2691 2300 1908 1234 1758 4050 2011 1754 2690 2707 7213 1863 5511 3216 4922 2510
5600 1334 4293 2033 2453 1277 390 1849 2174 2373 2560 2928 2094 2579 0 2432 869 1385 2059 854 1229 1445 1797 3418 682 1670 2058 407 6581 1221 4910 2585 4290 139
4409 1697 2110 1696 59 1508 2516 1006 1837 2868 3054 745 2588 3074 2432 0 1603 1219 460 1938 1297 1897 1748 1067 1831 1369 458 2390 4230 1478 2726 192 1939 2375
4770 505 3463 1204 1623 447 1135 1020 1345 1587 1773 2099 1307 1792 869 1603 0 556 1230 702 400 615 968 2588 268 841 1228 1009 5751 392 4081 1755 3461 812
4626 654 3247 1091 1239 464 1469 584 1233 1869 2055 1882 1589 2074 1386 1219 557 0 846 892 198 897 855 2204 785 728 844 1344 5367 433 3863 1371 3076 1329
4787 1324 2488 1323 480 1134 2142 633 1464 2495 2681 1123 2215 2701 2059 460 1230 846 0 1565 924 1524 1375 1445 1458 996 85 2017 4608 1105 3104 612 2318 2002
5106 1021 3967 1721 1959 964 917 1355 1862 2103 2290 2602 1824 2309 854 1938 702 891 1565 0 735 1132 1485 2924 742 1358 1564 792 6087 909 4583 2091 3796 797
4578 653 3325 1090 1317 464 1468 663 1232 1868 2054 1961 1588 2073 1385 1297 556 198 924 891 0 896 855 2282 784 727 922 1343 5445 432 3941 1449 3155 1328
5103 313 3718 819 1910 500 1702 1307 960 1044 1230 2354 764 1249 1437 1889 608 889 1516 1125 733 0 583 2875 836 579 1515 1576 6038 688 4336 2041 3747 1380
5382 722 3577 677 1768 564 2062 1166 819 1561 1747 2212 1282 1767 1797 1748 968 855 1375 1485 855 590 0 2733 1196 437 1373 1936 5896 786 4194 1900 3606 1740
4326 2682 1178 2681 1087 2493 3501 1991 2823 3853 4039 631 3574 4059 3418 1067 2588 2204 1445 2924 2282 2882 2733 0 2816 2354 1443 3375 3295 2463 1791 947 1004 3361
4998 732 3691 1432 1851 675 948 1248 1573 1815 2001 2326 1535 2020 682 1831 268 784 1458 742 628 843 1196 2816 0 1069 1456 823 5979 620 4309 1983 3689 625
5255 595 3198 421 1389 437 1935 787 563 1557 1743 1833 1278 1763 1670 1369 841 728 996 1358 727 586 437 2354 1069 0 994 1809 5517 659 3815 1521 3227 1613
4786 1322 2486 1321 478 1133 2141 631 1463 2493 2679 1122 2214 2699 2058 458 1228 844 85 1564 922 1522 1373 1443 1456 994 0 2015 4606 1103 3102 610 2316 2001
5557 1473 4418 2172 2410 1416 162 1807 2313 2514 2700 3054 2234 2719 407 2390 1009 1343 2017 792 1187 1584 1936 3375 823 1809 2015 0 6538 1360 5034 2542 4248 477
5595 5862 2381 5861 4267 5673 6681 5171 6003 7033 7220 3809 6754 7239 6598 4247 5768 5384 4625 6104 5462 6062 5913 3312 5996 5534 4624 6555 0 5643 2156 4127 2854 6541
4887 584 3308 1022 1498 395 1486 895 1163 1667 1853 1943 1387 1872 1221 1478 392 433 1105 909 432 696 786 2463 620 659 1103 1360 5626 0 3925 1630 3335 1164
5552 4674 1191 4673 3087 4485 5501 3991 4814 5845 6031 2618 5565 6051 5418 3067 4589 4204 3445 4924 4283 4874 4725 2132 4817 4346 3444 5376 2463 4456 0 2947 1674 5361
4289 1849 1990 1848 212 1660 2668 1158 1989 3020 3206 625 2740 3226 2585 192 1755 1371 612 2091 1449 2049 1900 947 1983 1521 610 2542 4110 1630 2606 0 1819 2528
5198 3554 742 3554 1960 3365 4373 2864 3695 4726 4912 1503 4446 4931 4290 1939 3461 3076 2318 3796 3155 3755 3606 1004 3689 3227 2316 4248 2837 3335 1333 1819 0 4233
5543 1277 4236 1976 2396 1220 459 1793 2117 2316 2503 2871 2037 2522 139 2375 812 1328 2002 797 1172 1388 1740 3361 625 1613 2001 477 6524 1164 4853 2528 4233 0
EOF
