NAME : tsp_problem
TYPE : TSP
DIMENSION : 32
EDGE_WEIGHT_TYPE : EXPLICIT
EDGE_WEIGHT_FORMAT : FULL_MATRIX
EDGE_WEIGHT_SECTION
0 1094 766 433 2712 1943 1356 189 474 286 4095 948 466 545 1540 241 166 530 1124 2504 176 3038 1405 2096 2096 2180 2188 933 3441 2346 347 712
1094 0 1737 1404 3775 3006 2348 1090 1450 1278 5087 2011 1442 770 2604 1305 1093 1593 955 3496 1078 4101 2468 3159 3159 3243 3251 1996 4433 3410 1410 1775
766 1737 0 383 2656 1887 1197 896 350 568 3936 892 341 1253 1484 957 682 817 1831 2345 884 2982 1348 2039 2039 2123 2131 877 3282 2290 1045 981
433 1404 383 0 2761 1992 1302 563 292 235 4041 997 283 920 1589 624 349 580 1498 2450 551 3087 1453 2144 2144 2228 2236 982 3387 2395 712 765
2712 3775 2656 2761 0 842 1562 2753 2586 2616 1585 1920 2577 3110 1236 2789 2848 2348 3688 395 2740 433 1372 995 728 567 575 1905 896 394 2876 2512
1943 3006 1887 1992 842 0 793 1984 1817 1847 2320 1151 1808 2341 467 2020 2078 1579 2919 730 1971 1168 603 226 225 309 317 1136 1631 476 2107 1743
1356 2348 1197 1302 1562 793 0 1494 1127 1158 2842 662 1119 1851 390 1530 1414 1090 2429 1251 1482 1888 526 946 945 1029 1037 647 2188 1196 1617 1253
189 1090 896 563 2753 1984 1494 0 609 425 4231 988 601 408 1581 282 252 570 986 2641 39 3079 1445 2137 2136 2220 2228 973 3542 2387 387 753
474 1450 350 292 2586 1817 1127 609 0 276 3866 822 47 966 1414 665 486 622 1544 2275 597 2912 1278 1970 1969 2053 2061 807 3212 2220 753 806
286 1278 568 235 2616 1847 1158 425 276 0 3897 851 268 782 1444 477 344 433 1360 2306 412 2942 1308 2000 1999 2083 2091 837 3243 2250 565 618
4250 5313 4185 4290 1645 2380 3091 4291 4115 4146 0 3458 4107 4648 2774 4327 4385 3886 5226 1920 4278 1293 2910 2533 2266 2105 2113 3443 949 1932 4414 4050
948 2011 892 997 1920 1151 662 988 822 851 3398 0 813 1345 748 1024 1083 583 1923 1809 976 2246 613 1304 1304 1388 1396 80 2709 1554 1111 747
466 1442 341 283 2577 1808 1119 601 47 268 3857 813 0 957 1406 657 477 613 1536 2266 588 2903 1270 1961 1961 2045 2053 799 3204 2212 745 797
545 770 1253 920 3110 2341 1851 408 966 782 4587 1345 957 0 1938 639 609 927 663 2998 396 3436 1802 2493 2493 2577 2585 1330 3899 2744 744 1109
1540 2604 1484 1589 1236 467 390 1581 1414 1444 2714 748 1406 1938 0 1617 1676 1176 2516 1124 1569 1562 200 620 619 703 711 734 2025 870 1704 1340
241 1305 957 624 2789 2020 1530 282 665 477 4267 1024 657 639 1617 0 377 622 1217 2677 270 3115 1481 2173 2172 2256 2264 1009 3578 2423 148 637
166 1093 682 349 2848 2078 1414 252 486 344 4153 1083 477 609 1676 377 0 665 1187 2562 240 3173 1540 2231 2231 2315 2323 1068 3499 2482 482 847
530 1593 817 580 2348 1579 1090 570 622 433 3826 583 613 927 1176 622 665 0 1505 2237 558 2674 1041 1732 1732 1816 1824 569 3137 1982 710 673
1124 955 1831 1498 3688 2919 2429 986 1544 1360 5166 1923 1536 663 2516 1217 1187 1505 0 3576 974 4014 2380 3072 3071 3155 3163 1908 4477 3322 1323 1688
2504 3496 2345 2450 395 730 1251 2641 2275 2306 1670 1809 2266 2998 1124 2677 2562 2237 3576 0 2629 720 1261 883 681 520 528 1794 1017 348 2764 2400
176 1078 884 551 2740 1971 1482 39 597 412 4218 976 588 396 1569 270 240 558 974 2629 0 3066 1433 2124 2124 2208 2216 961 3529 2375 375 740
3038 4101 2982 3087 433 1168 1888 3079 2912 2942 1233 2246 2903 3436 1562 3115 3173 2674 4014 720 3066 0 1698 1321 1054 893 901 2231 544 720 3202 2838
1405 2468 1348 1453 1372 603 526 1445 1278 1308 2850 613 1270 1802 200 1481 1540 1041 2380 1261 1433 1698 0 756 756 840 848 598 2161 1006 1568 1204
2096 3159 2039 2144 995 226 946 2137 1970 2000 2472 1304 1961 2493 620 2173 2231 1732 3072 883 2124 1321 756 0 378 462 470 1289 1784 629 2260 1895
2096 3159 2039 2144 728 225 945 2136 1969 1999 2205 1304 1961 2493 619 2172 2231 1732 3071 681 2124 1054 756 378 0 195 203 1289 1517 362 2259 1895
2180 3243 2123 2228 567 309 1029 2220 2053 2083 2044 1388 2045 2577 703 2256 2315 1816 3155 520 2208 893 840 462 195 0 42 1373 1356 201 2343 1979
2188 3251 2131 2236 575 317 1037 2228 2061 2091 2052 1396 2053 2585 711 2264 2323 1824 3163 528 2216 901 848 470 203 42 0 1381 1364 209 2351 1987
933 1996 877 982 1905 1136 647 973 807 837 3383 80 799 1330 734 1009 1068 569 1908 1794 961 2231 598 1289 1289 1373 1381 0 2694 1540 1096 732
3441 4433 3282 3387 896 1631 2188 3542 3212 3243 731 2709 3204 3899 2025 3578 3499 3137 4477 1017 3529 544 2161 1784 1517 1356 1364 2694 0 1183 3665 3301
2346 3410 2290 2395 394 476 1196 2387 2220 2250 1872 1554 2212 2744 870 2423 2482 1982 3322 348 2375 720 1006 629 362 201 209 1540 1183 0 2510 2146
347 1410 1045 712 2876 2107 1617 387 753 565 4354 1111 745 744 1704 148 482 710 1323 2764 375 3202 1568 2260 2259 2343 2351 1096 3665 2510 0 556
713 1776 981 765 2512 1743 1253 753 806 618 3989 747 797 1110 1340 637 848 673 1688 2400 741 2838 1204 1895 1895 1979 1987 732 3301 2146 556 0
EOF
