NAME : tsp_problem
TYPE : TSP
DIMENSION : 27
EDGE_WEIGHT_TYPE : EXPLICIT
EDGE_WEIGHT_FORMAT : FULL_MATRIX
EDGE_WEIGHT_SECTION
0 2922 1040 1373 1900 1451 1729 2708 2017 3943 2985 1253 2554 3680 2109 196 1181 2531 1025 1021 1397 1664 1215 924 949 820 1576
2922 0 2103 2060 2139 2005 1646 414 1167 1112 164 1976 392 849 3259 3079 2082 3681 2006 1943 1590 1444 1755 3191 3159 2561 1729
1040 2103 0 567 1094 464 923 1720 1030 3123 1997 265 1735 2860 1544 1197 193 1966 219 200 579 845 397 1124 1092 493 770
1373 2060 567 0 761 625 591 1877 1164 3081 2133 582 1693 2818 1351 1531 619 1773 416 459 538 751 357 1655 1623 1025 437
1900 2139 1094 761 0 1022 534 1956 1242 3160 2212 979 1771 2897 1596 2057 1082 2018 943 941 935 830 753 2181 2150 1552 521
1452 2005 464 625 1022 0 851 1623 933 3026 1900 285 1638 2763 1867 1609 398 2289 542 450 498 748 317 1553 1521 922 698
1729 1646 923 591 534 851 0 1463 750 2667 1719 808 1278 2404 1653 1887 912 2075 772 771 533 337 583 2011 1979 1381 229
2708 414 1720 1877 1956 1623 1463 0 807 1435 309 1594 532 1172 3076 2865 1700 3498 1797 1706 1406 1261 1571 2808 2776 2178 1546
2017 1167 1030 1164 1242 933 750 807 0 2188 1084 904 799 1925 2362 2175 1010 2784 1107 1016 693 548 858 2118 2086 1488 832
3943 1112 3123 3081 3160 3026 2667 1435 2188 0 1185 2997 1413 397 4279 4100 3103 4702 3026 2964 2610 2465 2776 4212 4180 3581 2750
2985 164 1997 2133 2212 1900 1719 309 1084 1185 0 1871 465 922 3331 3142 1977 3753 2075 1983 1662 1517 1828 3086 3054 2455 1801
1409 1976 421 582 979 285 808 1594 904 2997 1871 0 1609 2734 1824 1566 401 2246 499 407 455 719 274 1510 1478 879 655
2554 392 1735 1693 1771 1638 1278 532 799 1413 465 1609 0 1150 2891 2712 1715 3313 1638 1575 1222 1077 1387 2824 2792 2193 1361
3680 849 2860 2818 2897 2763 2404 1172 1925 397 922 2734 1150 0 4016 3837 2840 4439 2763 2701 2348 2202 2513 3949 3917 3318 2487
2097 3249 1535 1342 1587 1857 1644 3066 2353 4270 3322 1658 2881 4007 0 2254 1586 767 1384 1427 1789 1940 1607 2577 2547 1993 1631
196 3079 1197 1531 2057 1609 1887 2865 2175 4100 3142 1410 2712 3837 2267 0 1338 2689 1183 1179 1554 1821 1372 797 821 978 1733
1181 2082 193 619 1082 391 912 1700 1009 3103 1977 192 1715 2840 1596 1338 0 2018 271 179 559 824 377 1282 1250 651 758
2519 3672 1957 1764 2009 2279 2066 3489 2775 4692 3744 2081 3304 4429 767 2676 2009 0 1806 1849 2211 2362 2029 2999 2969 2415 2053
1025 2006 219 416 943 541 772 1797 1107 3026 2075 343 1638 2763 1393 1183 271 1815 0 111 480 747 299 1307 1276 677 619
1021 1943 200 459 941 450 771 1706 1016 2964 1983 251 1575 2701 1436 1179 179 1858 111 0 418 685 236 1288 1256 657 617
1397 1590 579 538 935 498 533 1406 693 2610 1662 455 1222 2348 1798 1554 559 2220 480 418 0 331 230 1667 1635 1037 612
1664 1444 845 751 830 748 337 1261 548 2465 1517 719 1077 2202 1949 1821 825 2372 747 685 331 0 497 1933 1901 1303 420
1215 1755 397 357 753 317 583 1571 858 2776 1828 274 1387 2513 1616 1372 377 2039 299 236 230 497 0 1485 1453 855 430
924 3191 1124 1655 2181 1552 2011 2808 2118 4212 3086 1353 2824 3949 2589 797 1282 3012 1307 1288 1667 1933 1485 0 152 901 1858
949 3159 1092 1623 2150 1520 1979 2776 2086 4180 3054 1321 2792 3917 2559 821 1250 2981 1276 1256 1635 1901 1453 152 0 869 1826
820 2561 493 1025 1552 922 1381 2178 1488 3581 2455 723 2193 3318 2002 978 651 2424 677 657 1037 1303 855 901 869 0 1228
1576 1729 770 437 521 698 229 1546 832 2750 1801 655 1361 2487 1640 1733 758 2062 619 617 612 420 430 1858 1826 1228 0
EOF
