NAME : tsp_problem
TYPE : TSP
DIMENSION : 25
EDGE_WEIGHT_TYPE : EXPLICIT
EDGE_WEIGHT_FORMAT : FULL_MATRIX
EDGE_WEIGHT_SECTION
0 579 3952 1570 1488 1434 1251 1127 1101 1119 1266 1263 803 1542 4556 1027 1151 1796 1029 6700 1967 2537 873 844 1488
587 0 3520 1380 1299 1244 819 937 669 687 834 831 560 1217 4123 594 719 1606 686 6268 1838 2347 452 1358 1056
3959 3520 0 4060 3978 3911 3592 3616 3045 3005 2972 2970 3258 3182 703 3054 3492 4286 3086 5486 4518 4907 3181 4730 2850
1577 1380 4060 0 379 697 1999 507 1622 1384 1689 1687 1113 1571 4663 1547 1899 298 1072 6777 530 2567 1228 2107 1564
1496 1299 3978 379 0 615 1918 425 1541 1302 1608 1605 1032 1490 4582 1466 1818 605 991 6695 837 2485 1146 2224 1483
1442 1244 3911 697 615 0 1863 743 1486 1248 1553 1551 977 1254 4347 1411 1763 923 925 6459 1155 2249 1092 2212 1247
1259 819 3592 1999 1918 1863 0 1556 742 760 906 904 921 1461 4196 667 375 2225 1046 6341 2458 2885 812 2030 1129
1134 937 3616 507 425 743 1556 0 1179 940 1246 1244 670 1128 4220 1104 1456 733 629 6333 965 2123 784 1905 1121
1109 669 3045 1622 1541 1486 742 1179 0 381 359 356 544 913 3648 203 642 1848 669 5793 2081 2508 435 1880 581
1127 687 3005 1384 1302 1248 760 940 381 0 449 447 421 874 3609 306 660 1610 426 5754 1842 2265 313 1898 542
1273 834 2972 1689 1608 1553 906 1246 359 449 0 36 612 841 3576 368 806 1915 732 5720 2148 2565 504 2044 509
1271 831 2970 1687 1605 1551 904 1244 356 447 36 0 610 838 3573 365 804 1913 729 5718 2145 2563 501 2042 506
810 560 3258 1113 1032 977 921 670 544 421 612 610 0 805 3862 469 821 1339 274 6007 1572 2080 149 1581 795
1550 1217 3182 1572 1491 1255 1461 1129 913 874 841 838 805 0 3619 922 1361 1798 630 5731 2031 1930 806 2321 519
4563 4123 703 4663 4582 4347 4196 4220 3648 3609 3576 3573 3862 3619 0 3657 4096 4890 3690 5149 5122 5343 3784 5334 3287
1034 594 3054 1547 1466 1411 667 1104 203 306 368 365 469 922 3657 0 567 1773 594 5802 2006 2433 360 1805 590
1159 719 3492 1899 1818 1763 375 1456 642 660 806 804 821 1361 4096 567 0 2125 946 6240 2358 2785 712 1930 1029
1803 1606 4286 298 605 923 2225 733 1848 1610 1915 1913 1339 1797 4890 1773 2125 0 1298 7003 280 2699 1454 2333 1790
1037 686 3086 1072 991 925 1046 629 669 426 732 729 274 630 3690 594 946 1298 0 5833 1531 1937 274 1807 621
6708 6268 5486 6777 6695 6459 6341 6333 5793 5754 5720 5718 6007 5731 5149 5802 6240 7003 5833 0 7235 6754 5929 7478 5399
2006 1838 4518 530 837 1155 2458 965 2081 1842 2148 2145 1572 2030 5122 2006 2358 280 1531 7235 0 2475 1686 2520 2023
2544 2347 4907 2567 2485 2249 2885 2123 2508 2265 2565 2563 2080 1930 5343 2433 2785 2699 1937 6754 2475 0 2113 3315 2243
880 452 3181 1228 1146 1092 812 784 435 313 504 501 149 806 3784 360 712 1454 274 5929 1686 2113 0 1651 717
829 1348 4721 2095 2212 2203 2020 1896 1871 1888 2035 2032 1572 2311 5325 1796 1920 2321 1798 7469 2488 3306 1642 0 2257
1496 1056 2850 1564 1483 1247 1129 1121 581 542 509 506 795 519 3287 590 1029 1790 621 5399 2023 2243 717 2267 0
EOF
