NAME : tsp_problem
TYPE : TSP
DIMENSION : 44
EDGE_WEIGHT_TYPE : EXPLICIT
EDGE_WEIGHT_FORMAT : FULL_MATRIX
EDGE_WEIGHT_SECTION
0 6169 6067 4428 5758 7259 5555 5479 6219 5006 5787 4717 5404 4125 7624 4400 7326 5206 5915 5897 5795 6075 4572 7191 5897 5863 4806 7025 5304 6650 6881 6196 5690 7192 5580 6099 6106 5843 5970 6526 4559 5504 5879 6472
6169 0 456 1998 608 1428 851 3520 1057 4940 873 1495 3445 2215 1793 1928 1495 3246 872 556 449 197 1816 1259 600 522 1468 912 3345 537 767 1034 575 1360 848 131 319 534 334 596 2600 968 481 883
6067 456 0 1895 361 1312 590 3417 646 4837 775 1392 3342 2112 1677 1794 1379 3144 461 613 614 315 1713 1659 766 578 1334 1312 3242 937 1168 623 444 1245 571 386 574 287 330 995 2497 866 234 731
4428 1998 1895 0 1586 3088 1383 1778 2047 3199 1616 546 1703 473 3452 699 3154 1505 1743 1819 1886 1903 400 3019 2037 1784 635 2853 1603 2479 2709 2024 1519 3020 1409 1928 1934 1672 1798 2355 858 1332 1708 2301
5758 608 361 1586 0 1615 357 3108 713 4528 792 1083 3033 1803 1980 1485 1682 2835 409 630 698 477 1404 1811 849 596 1025 1464 2933 1089 1319 690 462 1548 378 538 726 138 347 1146 2188 557 174 917
7250 1419 1303 3078 1606 0 1743 4600 1466 6021 2001 2575 4525 3295 628 2977 104 4327 1405 1684 1576 1277 2896 2408 1728 1649 2518 2229 4425 1900 2084 1443 1689 553 1724 1349 1536 1532 1424 1913 3680 2050 1479 1240
5555 851 590 1383 357 1752 0 2905 711 4325 638 880 2830 1600 2117 1282 1818 2632 407 840 907 736 1201 2041 1059 806 822 1706 2730 1332 1562 689 341 1684 73 781 956 443 606 1376 1985 354 433 965
5479 3520 3417 1778 3108 4609 2905 0 3569 2068 3138 2068 523 1525 4974 1719 4676 374 3265 3340 3407 3425 1922 4541 3559 3306 2157 4375 423 4001 4231 3546 3040 4542 2930 3450 3456 3194 3320 3877 1105 2854 3230 3823
6219 1057 646 2047 713 1475 711 3569 0 4990 1245 1544 3494 2264 1840 1946 1542 3296 336 1084 1151 915 1865 2259 1302 1049 1487 1912 3394 1538 1768 68 915 1407 693 987 1174 758 800 1595 2649 1018 705 688
5006 4957 4855 3216 4546 6047 4343 2085 5007 0 4576 3505 2010 2962 6412 3155 6114 1812 4703 4778 4845 4863 3360 5979 4997 4743 3594 5813 1910 5438 5669 4984 4478 5980 4368 4887 4894 4631 4758 5314 2543 4292 4667 5260
5787 874 775 1616 792 2011 638 3138 1245 4558 0 1113 3063 1833 2376 1715 2078 2865 998 426 493 780 1434 1896 644 391 1255 1730 2963 1355 1586 1222 744 1943 663 804 810 718 676 1231 2218 495 665 1331
4717 1495 1392 546 1083 2585 880 2068 1544 3488 1113 0 1993 763 2949 646 2651 1794 1240 1316 1383 1400 364 2516 1534 1281 441 2350 1892 1976 2206 1522 1016 2517 906 1425 1431 1169 1295 1852 1148 829 1205 1798
5404 3445 3342 1703 3033 4535 2830 523 3494 1993 3063 1993 0 1450 4899 1644 4601 299 3190 3265 3333 3350 1847 4466 3484 3231 2082 4300 138 3926 4156 3471 2966 4467 2856 3375 3381 3119 3245 3802 1030 2779 3155 3748
4125 2215 2112 473 1803 3305 1600 1525 2264 2945 1833 763 1450 0 3669 446 3371 1251 1960 2035 2103 2120 617 3236 2254 2001 852 3070 1350 2696 2926 2241 1736 3237 1626 2145 2151 1889 2015 2572 605 1549 1925 2518
7615 1783 1668 3443 1971 628 2107 4965 1831 6386 2366 2940 4890 3660 0 3342 694 4692 1769 2049 1941 1642 3261 2773 2093 2014 2883 2593 4790 2264 2449 1808 2054 917 2088 1713 1901 1897 1789 2277 4045 2414 1844 1605
4400 1928 1794 699 1485 2987 1282 1719 1946 3140 1715 646 1644 446 3351 0 3053 1446 1642 1917 1985 1828 658 3118 2136 1883 534 2784 1544 2409 2639 1923 1419 2919 1308 1858 2033 1571 1698 2454 800 1431 1607 2200
7317 1485 1370 3145 1673 104 1809 4667 1532 6088 2068 2642 4592 3362 694 3044 0 4394 1471 1751 1643 1344 2963 2475 1795 1716 2584 2295 4492 1966 2151 1510 1756 619 1790 1415 1603 1599 1491 1979 3747 2116 1546 1307
5206 3246 3144 1505 2835 4336 2632 374 3296 1795 2865 1794 299 1251 4701 1446 4403 0 2992 3067 3134 3152 1649 4268 3286 3032 1883 4102 199 3727 3958 3273 2767 4269 2657 3176 3183 2920 3047 3603 832 2581 2956 3549
5915 872 461 1743 409 1414 407 3265 336 4686 998 1240 3190 1960 1779 1642 1480 2992 0 899 967 731 1561 2075 1118 865 1182 1728 3090 1353 1584 313 702 1346 388 802 990 494 616 1411 2345 714 445 627
5897 561 613 1819 630 1698 840 3340 1084 4761 426 1316 3265 2035 2062 1917 1764 3067 899 0 173 466 1636 1582 324 71 1458 1416 3165 1042 1272 1061 582 1630 866 491 497 556 514 918 2420 738 503 1153
5795 449 614 1886 698 1586 907 3407 1151 4828 493 1383 3333 2103 1950 1985 1652 3134 967 173 0 355 1704 1471 198 138 1525 1305 3232 930 1160 1128 649 1518 933 379 385 623 491 806 2488 805 571 1041
6075 197 315 1903 477 1287 736 3425 915 4846 779 1400 3350 2120 1651 1828 1353 3152 731 462 355 0 1721 1399 506 427 1368 1052 3250 678 908 892 475 1219 717 127 314 403 202 735 2505 874 350 742
4572 1816 1713 400 1404 2906 1201 1922 1865 3343 1434 364 1847 617 3270 658 2972 1649 1561 1636 1704 1721 0 2837 1855 1602 453 2671 1747 2297 2527 1842 1337 2838 1227 1746 1752 1490 1616 2173 1002 1150 1526 2119
7191 1259 1659 3019 1811 2440 2041 4541 2259 5962 1895 2516 4466 3236 2805 3118 2507 4268 2075 1578 1471 1399 2837 0 1622 1543 2659 485 4366 987 599 2236 1767 2372 2051 1334 1120 1736 1536 693 3621 1990 1684 2086
5897 600 766 2037 849 1737 1059 3559 1302 4979 644 1534 3484 2254 2102 2136 1804 3286 1118 324 198 506 1855 1622 0 289 1676 1456 3384 1081 1312 1279 800 1670 1084 530 537 775 643 957 2639 956 722 1193
5863 526 578 1784 596 1663 806 3306 1049 4726 391 1281 3231 2001 2028 1883 1729 3032 865 71 138 432 1602 1548 289 0 1423 1382 3131 1007 1237 1026 547 1595 831 456 462 522 479 883 2386 703 469 1118
4806 1468 1334 635 1025 2527 822 2157 1487 3577 1255 441 2082 852 2892 534 2594 1883 1182 1458 1525 1368 453 2659 1676 1423 0 2324 1982 1949 2180 1464 959 2460 848 1399 1573 1111 1238 1994 1237 972 1147 1740
7025 912 1312 2853 1464 2241 1706 4375 1912 5796 1729 2350 4300 3070 2606 2784 2308 4102 1728 1412 1305 1052 2671 485 1456 1377 2324 0 4200 640 252 1889 1431 2173 1704 987 974 1390 1189 547 3455 1824 1337 1739
5304 3345 3242 1603 2933 4434 2730 423 3394 1893 2963 1892 138 1350 4799 1544 4501 199 3090 3165 3232 3250 1747 4366 3384 3131 1982 4200 0 3826 4056 3371 2865 4367 2755 3275 3281 3019 3145 3701 930 2679 3055 3648
6650 537 937 2479 1089 1909 1332 4001 1538 5421 1354 1976 3926 2696 2274 2409 1976 3727 1353 1037 930 678 2297 987 1081 1003 1949 640 3826 0 496 1515 1056 1841 1329 612 750 1015 815 324 3081 1449 962 1364
6881 767 1168 2709 1319 2097 1562 4231 1768 5652 1585 2206 4156 2926 2461 2639 2163 3958 1584 1268 1160 908 2527 599 1312 1233 2180 252 4056 496 0 1745 1287 2029 1559 843 830 1245 1045 403 3311 1680 1192 1595
6196 1034 623 2024 690 1452 689 3546 68 4967 1222 1522 3471 2241 1817 1923 1519 3273 313 1061 1128 892 1842 2236 1279 1026 1464 1889 3371 1515 1745 0 892 1385 670 964 1151 735 778 1572 2626 996 682 665
5690 575 444 1519 462 1699 341 3040 915 4461 744 1016 2966 1736 2063 1419 1765 2767 702 582 649 475 1337 1767 800 547 959 1431 2865 1056 1287 892 0 1631 367 505 681 388 345 1102 2121 489 335 1001
7182 1351 1236 3011 1539 553 1675 4533 1398 5953 1933 2508 4458 3228 917 2910 619 4259 1337 1616 1509 1210 2829 2341 1660 1582 2450 2161 4358 1832 2017 1375 1622 0 1656 1281 1469 1464 1357 1845 3613 1982 1412 1172
5580 848 571 1409 378 1733 73 2930 693 4351 663 906 2856 1626 2098 1308 1800 2657 388 866 933 717 1227 2051 1084 831 848 1704 2755 1329 1559 670 367 1665 0 778 966 463 587 1386 2011 380 414 946
6099 131 386 1928 538 1358 781 3450 987 4870 804 1425 3375 2145 1723 1858 1425 3176 802 486 379 127 1746 1334 530 452 1399 987 3275 612 843 964 505 1290 778 0 249 464 264 670 2530 898 411 813
6106 319 574 1934 726 1546 956 3456 1174 4876 810 1431 3381 2151 1910 2033 1612 3183 990 493 385 314 1752 1120 537 458 1573 974 3281 750 830 1151 681 1478 966 249 0 652 451 455 2536 904 599 1001
5843 534 287 1672 138 1541 443 3194 758 4614 718 1169 3119 1889 1906 1571 1608 2920 494 556 623 403 1490 1736 775 522 1111 1390 3019 1015 1245 735 388 1474 463 464 652 0 273 1072 2274 643 100 843
5970 334 330 1798 347 1434 606 3320 800 4740 676 1295 3245 2015 1798 1698 1500 3047 616 514 491 202 1616 1536 643 479 1238 1189 3145 815 1045 778 345 1366 587 264 451 273 0 872 2400 769 220 886
6526 596 995 2355 1146 1925 1376 3877 1595 5297 1230 1852 3802 2572 2290 2454 1992 3603 1411 913 806 735 2173 693 957 879 1994 547 3701 324 403 1572 1102 1858 1386 670 455 1072 872 0 2957 1325 1019 1422
4559 2600 2497 858 2188 3690 1985 1105 2649 2525 2218 1148 1030 605 4054 800 3756 832 2345 2420 2488 2505 1002 3621 2639 2386 1237 3455 930 3081 3311 2626 2121 3622 2011 2530 2536 2274 2400 2957 0 1934 2310 2903
5504 968 866 1332 557 2059 354 2854 1018 4275 495 829 2779 1549 2424 1431 2125 2581 714 738 805 874 1150 1990 956 703 972 1824 2679 1449 1680 996 489 1991 380 898 904 643 769 1325 1934 0 679 1272
5879 481 234 1708 174 1488 433 3230 705 4650 665 1205 3155 1925 1853 1607 1555 2956 445 503 571 350 1526 1684 722 469 1147 1337 3055 962 1192 682 335 1421 414 411 599 100 220 1019 2310 679 0 790
6472 883 731 2301 917 1249 965 3823 688 5243 1331 1798 3748 2518 1614 2200 1316 3549 627 1149 1041 742 2119 2086 1193 1114 1740 1739 3648 1364 1595 665 1001 1182 946 813 1001 843 886 1422 2903 1272 790 0
EOF
