NAME : tsp_problem
TYPE : TSP
DIMENSION : 69
EDGE_WEIGHT_TYPE : EXPLICIT
EDGE_WEIGHT_FORMAT : FULL_MATRIX
EDGE_WEIGHT_SECTION
0 4745 4122 1597 195 869 1463 951 1507 3858 1347 2107 2532 1664 670 3654 753 2529 1969 608 277 451 944 2962 332 466 207 834 1362 1026 640 3065 678 1649 1398 656 176 2732 1263 966 976 4111 2090 974 1669 3173 4744 718 3355 1126 774 624 423 3476 736 3875 385 302 1597 1417 842 837 930 1471 3953 763 1855 3926 1318
4762 0 1595 6069 4666 3945 5935 5376 5979 1331 3696 6532 2822 6089 4386 1146 5071 2501 2842 4672 4944 4589 3904 1920 4800 4937 4659 4984 5834 5344 4408 2024 4393 6074 5870 4975 4648 2366 5735 5438 5126 1585 2719 5446 6094 2131 3973 4717 1670 3884 4499 5096 4894 1627 4461 1348 4856 4747 6069 5448 5160 5155 4654 5943 1409 4792 2995 1399 3528
4045 1484 0 5352 3950 3228 5219 4651 5262 601 2971 5807 2105 5363 3660 429 4345 1774 2125 3946 4227 3872 3188 1203 4075 4213 3942 4259 5117 4619 3691 1307 3668 5349 5153 4249 3931 1638 5018 4721 4401 105 2002 4729 5368 1415 4394 3992 942 3158 3773 4379 4169 910 3735 618 4132 4030 5352 4722 4434 4430 3929 5226 218 4066 2278 669 2811
1441 6052 5429 0 1499 2176 220 1852 264 5165 2654 2818 3839 2374 1977 4960 2048 3836 3276 1908 1462 1810 2251 4269 1631 1447 1512 2129 318 2062 1998 4372 1985 2359 281 1952 1480 4039 430 709 2271 5418 3397 887 2379 4480 6051 2013 4662 2433 2074 1215 1565 4782 2036 5181 1527 1661 34 2713 2013 2132 2229 749 5259 2058 3162 5233 2625
195 4649 4026 1499 0 774 1366 853 1409 3762 1251 2009 2437 1566 575 3558 655 2434 1873 510 390 409 849 2867 234 368 109 736 1264 928 596 2970 582 1551 1300 558 78 2636 1165 868 878 4015 1995 876 1571 3078 4648 620 3259 1031 676 526 325 3380 638 3779 288 259 1499 1319 744 739 832 1373 3857 665 1760 3830 1223
869 3928 3284 2176 774 0 2043 1460 2086 3020 507 2616 1715 2172 469 2837 1154 1690 1152 755 1051 696 128 2145 884 1022 766 1068 1941 1428 515 2249 477 2158 1977 1058 755 1892 1842 1545 1210 3273 1274 1553 2177 2357 3927 801 2515 286 582 1203 978 2659 544 3037 941 854 2176 1531 1243 1239 738 2050 3136 875 1038 3088 502
1307 5918 5295 220 1366 2043 0 1719 84 5031 2520 2832 3706 2389 1844 4827 1915 3703 3142 1774 1328 1677 2118 4136 1498 1314 1378 1996 138 1929 1865 4239 1851 2374 101 1818 1347 3905 250 576 2138 5284 3264 754 2394 4347 5917 1880 4528 2300 1941 1081 1432 4649 1902 5048 1394 1527 221 2579 1880 1999 2096 880 5126 1925 3029 5099 2492
788 5352 4531 1845 846 1452 1711 0 1755 4267 1753 1298 3139 854 1077 4260 495 2936 2576 857 808 1157 1551 3569 668 613 859 577 1610 457 1299 3672 1034 840 1646 522 827 3139 1511 1214 719 4520 2697 1041 859 3780 5351 688 3762 1533 988 872 694 3920 950 4284 656 1007 1845 1160 408 580 1001 1538 4551 733 2462 4335 1925
1351 5962 5339 264 1409 2086 84 1762 0 5075 2564 2876 3749 2432 1887 4871 1958 3746 3186 1818 1372 1721 2161 4179 1542 1357 1422 2039 181 1972 1908 4282 1895 2418 144 1862 1390 3949 294 620 2181 5328 3307 797 2437 4390 5961 1923 4572 2343 1984 1125 1475 4693 1946 5092 1438 1571 264 2623 1923 2042 2140 923 5170 1968 3072 5143 2536
4309 1748 1129 5616 4213 3492 5482 4914 5526 0 3235 6071 2369 5627 3924 693 4609 2037 2389 4210 4491 4136 3451 1467 4339 4476 4206 4523 5380 4882 3955 1570 3932 5612 5416 4513 4195 1902 5282 4985 4665 1118 2266 4993 5632 1678 4657 4256 1206 3422 4037 4643 4433 1174 3999 124 4396 4294 5616 4986 4698 4694 4193 5490 482 4330 2542 933 3075
1347 3679 2858 2654 1251 507 2520 1761 2564 2594 0 2917 1467 2473 770 2588 1456 1264 903 1056 1529 1174 605 1897 1185 1323 1244 1369 2418 1729 993 2000 778 2459 2454 1359 1232 1467 2320 2023 1511 2848 1025 1862 2478 2108 3678 1102 2090 268 883 1681 1279 2248 845 2611 1242 1332 2654 1832 1544 1540 1039 2359 2879 1176 790 2662 525
1942 6506 5685 2786 2000 2607 2820 1282 2863 5421 2908 0 4293 473 2231 5415 1650 4091 3730 2011 1963 2312 2705 4723 1822 1767 2013 1731 2720 1611 2453 4827 2188 935 2756 1676 1981 4293 2621 2324 1873 5674 3851 2195 597 4934 6505 1842 4916 2687 2142 2026 1848 5074 2104 5438 1811 2162 2786 2314 1562 1734 2156 2448 5705 1887 3616 5489 3080
2532 2805 2182 3839 2437 1715 3706 3146 3749 1918 1467 4302 0 3859 2156 1714 2841 593 612 2442 2714 2359 1675 1022 2571 2707 2429 2754 3604 3114 2178 1126 2164 3844 3640 2745 2418 796 3505 3208 2897 2171 490 3216 3864 1234 3654 2487 1418 1654 2269 2866 2664 1536 2231 1935 2626 2517 3839 3218 2930 2925 2424 3713 2013 2562 765 1986 1298
1498 6062 5241 2342 1556 2163 2376 839 2420 4977 2464 473 3849 0 1787 4971 1206 3647 3286 1568 1519 1868 2262 4280 1379 1323 1569 1287 2276 1168 2010 4383 1744 491 2312 1233 1538 3850 2178 1881 1429 5230 3408 1752 154 4491 6061 1398 4473 2244 1698 1583 1405 4631 1660 4994 1367 1718 2342 1871 1118 1290 1712 2004 5261 1443 3172 5045 2636
670 4369 3548 1977 575 469 1844 1084 1887 3284 770 2240 2156 1797 0 3277 779 1953 1593 380 852 497 568 2586 508 646 567 692 1742 1052 316 2689 102 1782 1778 683 556 2156 1643 1346 835 3537 1714 1186 1802 2797 4368 425 2779 550 207 1004 603 2937 169 3301 565 655 1977 1156 868 863 362 1682 3568 500 1479 3352 942
3840 1321 496 5147 3745 3001 5014 4255 5057 232 2575 5411 1903 4967 3264 0 3950 1378 1923 3550 4022 3667 2983 1006 3679 3817 3737 3863 4912 4223 3486 1109 3272 4953 4948 3853 3726 1243 4813 4516 4005 485 1800 4356 4972 1217 4231 3596 547 2762 3377 4174 3773 546 3339 249 3736 3825 5147 4326 4038 4034 3533 4853 516 3670 2074 300 2606
753 5054 4233 2048 655 1154 1915 503 1958 3969 1456 1659 2841 1215 779 3963 0 2638 2278 559 948 967 1253 3271 459 725 668 279 1813 471 1001 3374 736 1201 1849 224 636 2841 1715 1418 421 4222 2399 1244 1220 3482 5053 390 3464 1235 690 1075 635 3622 652 3986 598 817 2048 862 286 117 704 1741 4253 435 2164 4037 1628
2529 2486 1661 3836 2434 1690 3703 2944 3746 1397 1264 4100 593 3656 1953 1395 2638 0 613 2239 2711 2356 1672 703 2368 2506 2426 2552 3601 2912 2175 807 1961 3642 3637 2542 2415 269 3502 3205 2694 1650 490 3045 3661 914 3651 2285 892 1451 2066 2863 2462 1050 2028 1414 2425 2514 3836 3015 2727 2723 2222 3542 1681 2359 762 1465 1295
1969 2825 2202 3276 1873 1152 3142 2583 3186 1938 903 3739 612 3295 1593 1734 2278 613 0 1878 2151 1796 1111 1042 2007 2144 1866 2191 3040 2551 1615 1146 1600 3281 3076 2181 1855 816 2942 2645 2333 2191 170 2653 3300 1254 3091 1924 1438 1090 1706 2303 2101 1556 1668 1955 2063 1954 3276 2654 2367 2362 1861 3150 2033 1998 202 2006 734
608 4654 3834 1908 510 755 1774 865 1818 3570 1056 2021 2442 1577 380 3563 559 2239 1878 0 803 783 854 2872 314 580 523 473 1673 832 602 2975 337 1563 1709 463 491 2442 1574 1277 615 3823 2000 1104 1582 3083 4654 235 3065 836 291 935 491 3223 253 3586 453 672 1908 936 648 644 446 1601 3854 280 1765 3638 1228
277 4927 4304 1462 390 1051 1328 816 1372 4040 1529 1972 2714 1528 852 3835 948 2711 2151 803 0 427 1126 3144 527 346 403 1030 1226 1026 822 3247 860 1514 1263 852 371 2914 1128 831 1172 4293 2272 839 1533 3355 4663 913 3537 1308 965 489 529 3657 927 4056 491 276 1462 1613 977 1033 1121 1336 4134 958 2037 4108 1500
451 4572 3949 1811 409 696 1678 1165 1721 3685 1174 2322 2359 1878 497 3481 967 2356 1796 783 427 0 771 2789 546 681 422 1048 1576 1240 467 2893 505 1863 1612 871 390 2559 1477 1181 1191 3938 1917 1189 1883 3000 4571 829 3182 953 610 838 637 3303 572 3702 600 231 1812 1559 1056 1051 766 1686 3780 903 1682 3753 1146
944 3887 3264 2251 849 128 2118 1558 2161 3000 605 2714 1675 2271 568 2796 1253 1672 1111 854 1126 771 0 2105 983 1119 841 1167 2016 1526 590 2208 576 2256 2052 1157 830 1874 1917 1620 1309 3253 1233 1628 2276 2316 3886 900 2497 385 681 1278 1076 2618 643 3017 1038 929 2251 1630 1342 1337 837 2125 3095 974 998 3068 461
2962 1903 1280 4269 2867 2145 4136 3576 4179 1016 1897 4732 1022 4289 2586 812 3271 703 1042 2872 3144 2789 2105 0 3001 3137 2859 3185 4034 3544 2608 129 2594 4274 4070 3175 2848 571 3935 3638 3327 1269 919 3646 4294 237 4084 2917 538 2084 2699 3296 3094 634 2661 1033 3056 2947 4269 3648 3360 3355 2854 4143 1111 2992 1195 1084 1728
332 4783 3962 1631 234 884 1498 675 1542 3698 1185 1831 2571 1388 508 3692 459 2368 2007 314 527 546 983 3001 0 304 247 540 1397 732 731 3104 465 1373 1433 363 215 2571 1298 1001 682 3952 2129 828 1393 3212 4782 424 3194 965 480 659 214 3352 442 3715 177 396 1632 1124 548 543 636 1325 3982 469 1894 3766 1357
325 4920 4100 1447 368 1022 1314 620 1357 3836 1323 1776 2707 1333 646 3829 725 2506 2144 580 346 681 1119 3137 304 0 381 807 1212 830 867 3241 654 1318 1248 629 350 2708 1114 817 949 4089 2265 643 1338 3348 4919 690 3331 1102 747 474 333 3489 709 3853 296 531 1447 1390 781 810 902 1140 4120 735 2030 3904 1494
207 4642 4019 1512 109 766 1378 866 1422 3755 1244 2022 2429 1578 567 3551 668 2426 1866 523 403 422 841 2859 247 381 0 749 1277 941 589 2963 575 1564 1313 571 91 2629 1178 881 891 4008 1987 889 1583 3070 4641 633 3252 1023 680 539 338 3373 642 3772 300 272 1512 1332 756 752 836 1386 3850 678 1752 3823 1216
834 4967 4146 2129 736 1068 1996 584 2039 3882 1369 1740 2754 1297 692 3876 279 2552 2191 473 1030 1048 1167 3185 540 807 749 0 1894 552 915 3288 649 1282 1931 306 717 2755 1796 1499 273 4136 2313 1326 1302 3396 4966 303 3378 1149 603 1157 717 3536 565 3899 679 899 2130 734 368 363 617 1823 4166 348 2077 3950 1541
1206 5816 5193 318 1264 1941 138 1617 181 4929 2418 2732 3604 2288 1742 4725 1813 3601 3040 1673 1226 1575 2016 4034 1397 1212 1277 1894 0 1828 1763 4137 1749 2274 70 1717 1245 3803 147 474 2037 5183 3162 654 2294 4245 5815 1778 4426 2198 1839 979 1330 4547 1801 4946 1293 1425 318 2478 1778 1898 1995 977 5024 1823 2927 4997 2390
1005 5327 4506 2062 928 1428 1929 465 1972 4242 1729 1621 3114 1177 1052 4236 471 2912 2551 832 1026 1240 1526 3544 732 830 941 552 1828 0 1274 3648 1009 1162 1864 498 909 3114 1729 1432 694 4495 2672 1259 1182 3755 5326 663 3737 1508 963 1090 909 3895 925 4259 871 1090 2063 1135 383 555 977 1756 4526 708 2437 4310 1901
640 4391 3768 1998 596 515 1865 1306 1908 3504 993 2462 2178 2019 316 3299 1001 2175 1615 602 822 467 590 2608 731 867 589 915 1763 1274 0 2711 324 2004 1799 905 577 2378 1665 1368 1057 3757 1736 1376 2024 2819 4390 648 3001 772 429 1025 823 3121 391 3521 786 625 1999 1378 1090 1085 585 1873 3599 722 1501 3572 964
3065 2006 1383 4372 2970 2249 4239 3680 4282 1119 2000 4836 1126 4392 2689 915 3374 807 1146 2975 3247 2893 2208 129 3104 3241 2963 3288 4137 3648 2711 0 2697 4378 4173 3278 2951 674 4039 3742 3430 1373 1022 3750 4397 216 4188 3021 641 2187 2802 3399 3197 737 2764 1136 3160 3051 4373 3751 3463 3459 2958 4247 1214 3095 1299 1187 1831
678 4376 3555 1985 582 477 1851 1041 1895 3291 778 2197 2164 1754 102 3285 736 1961 1600 337 860 505 576 2594 465 654 575 649 1749 1009 324 2697 0 1739 1785 640 564 2164 1651 1354 791 3545 1722 1193 1759 2805 4375 382 2787 558 164 1012 611 2945 126 3308 573 663 1985 1113 825 820 319 1690 3576 456 1487 3359 950
1484 6048 5227 2328 1542 2148 2362 824 2405 4963 2450 935 3835 491 1773 4957 1192 3633 3272 1553 1505 1853 2247 4265 1364 1309 1555 1273 2262 1153 1995 4368 1730 0 2298 1218 1523 3835 2163 1866 1415 5216 3393 1737 496 4476 6047 1384 4458 2229 1684 1568 1390 4616 1646 4980 1353 1704 2328 1856 1104 1276 1698 1990 5247 1429 3158 5031 2622
1242 5852 5229 281 1300 1977 101 1653 144 4965 2454 2768 3640 2325 1778 4761 1849 3637 3076 1709 1263 1611 2052 4070 1433 1248 1313 1931 70 1864 1799 4173 1785 2310 0 1753 1281 3839 183 510 2073 5219 3198 690 2330 4281 5852 1814 4463 2234 1875 1015 1366 4583 1837 4982 1329 1462 281 2514 1814 1934 2031 940 5060 1859 2963 5033 2426
656 4957 4137 1952 558 1058 1818 530 1862 3873 1359 1686 2745 1242 683 3866 224 2542 2181 463 852 871 1157 3175 363 629 571 306 1717 498 905 3278 640 1228 1753 0 540 2745 1618 1321 448 4126 2303 1148 1247 3386 4957 294 3368 1139 594 979 539 3526 556 3889 502 721 1952 889 313 309 607 1645 4157 339 2068 3941 1531
176 4631 4008 1480 78 755 1347 834 1390 3743 1232 1990 2418 1547 556 3539 636 2415 1855 491 371 390 830 2848 215 350 91 717 1245 909 577 2951 564 1532 1281 540 0 2618 1146 849 859 3997 1976 858 1552 3059 4630 601 3241 1012 657 507 306 3361 619 3760 269 240 1480 1301 725 720 813 1354 3838 646 1741 3811 1204
2732 2351 1526 4039 2636 1892 3905 3147 3949 1262 1467 4303 796 3859 2156 1260 2841 269 816 2442 2914 2559 1874 571 2571 2708 2629 2755 3803 3114 2378 674 2164 3845 3839 2745 2618 0 3705 3408 2897 1515 693 3248 3864 782 3854 2488 757 1654 2269 3066 2665 915 2231 1279 2628 2717 4039 3218 2930 2926 2425 3745 1546 2562 965 1330 1498
1107 5718 5095 430 1165 1842 250 1519 294 4831 2320 2634 3505 2190 1643 4627 1715 3502 2942 1574 1128 1477 1917 3935 1298 1114 1178 1796 147 1729 1665 4039 1651 2176 183 1618 1146 3705 0 376 1938 5084 3063 555 2195 4146 5717 1680 4328 2099 1741 881 1232 4449 1703 4848 1194 1327 431 2379 1680 1799 1896 901 4926 1725 2828 4899 2292
810 5421 4798 709 868 1545 576 1222 620 4534 2023 2337 3208 1893 1346 4330 1418 3205 2645 1277 831 1180 1620 3638 1001 817 881 1499 474 1432 1368 3742 1354 1879 510 1321 849 3408 376 0 1641 4787 2766 258 1898 3850 5420 1383 4031 1803 1444 584 935 4152 1406 4551 897 1030 710 2082 1383 1502 1599 604 4629 1428 2531 4602 1995
976 5109 4288 2271 878 1210 2138 726 2181 4024 1511 1882 2897 1439 835 4018 421 2694 2333 615 1172 1191 1309 3327 682 949 891 273 2037 694 1057 3430 791 1424 2073 448 859 2897 1938 1641 0 4278 2455 1468 1444 3538 5108 445 3520 1291 745 1299 859 3678 707 4041 821 1041 2272 876 510 505 759 1965 4309 491 2220 4092 1683
4034 1473 105 5341 3939 3218 5208 4640 5251 590 2960 5796 2094 5352 3649 418 4335 1763 2114 3935 4216 3861 3177 1192 4064 4202 3931 4248 5106 4608 3680 1296 3657 5338 5142 4238 3920 1628 5007 4710 4390 0 1991 4718 5357 1404 4383 3981 931 3147 3762 4368 4158 899 3724 607 4121 4019 5341 4711 4423 4419 3918 5215 207 4055 2268 658 2800
2090 2702 2079 3397 1995 1274 3264 2704 3307 1815 1025 3861 490 3417 1714 1610 2399 490 170 2000 2272 1917 1233 919 2129 2265 1987 2313 3162 2672 1736 1022 1722 3402 3198 2303 1976 693 3063 2766 2455 2068 0 2774 3422 1130 3212 2046 1314 1212 1827 2424 2222 1432 1789 1831 2184 2075 3397 2776 2488 2484 1983 3271 1909 2120 324 1883 856
818 5429 4640 887 876 1553 754 1048 797 4375 1862 2205 3216 1761 1186 4338 1244 3045 2653 1104 839 1188 1628 3646 828 643 889 1326 654 1259 1376 3750 1193 1746 690 1148 858 3248 555 258 1468 4629 2774 0 1766 3858 5428 1209 3871 1642 1270 763 761 4029 1232 4392 724 1038 888 1909 1209 1329 1426 580 4637 1254 2539 4443 2003
1503 6067 5246 2347 1561 2168 2381 844 2425 4982 2469 597 3855 154 1792 4976 1211 3652 3291 1573 1524 1873 2267 4285 1384 1328 1574 1292 2281 1173 2015 4388 1749 496 2317 1238 1543 3855 2183 1886 1435 5236 3413 1757 0 4496 6066 1403 4478 2249 1703 1588 1410 4636 1665 4999 1372 1723 2347 1876 1123 1295 1717 2009 5267 1449 3178 5050 2641
3173 2114 1491 4480 3078 2357 4347 3788 4390 1227 2108 4944 1234 4500 2797 1023 3482 914 1254 3083 3355 3000 2316 237 3212 3348 3070 3396 4245 3755 2819 216 2805 4486 4281 3386 3059 782 4146 3850 3538 1480 1130 3858 4505 0 4295 3129 749 2295 2910 3507 3305 845 2872 1244 3268 3158 4480 3859 3571 3567 3066 4354 1322 3203 1407 1295 1939
4744 3973 4488 6051 4648 3927 5917 5358 5961 4224 3678 6514 3654 6070 4368 4038 5053 3651 3091 4654 4663 4571 3886 4084 4782 4919 4641 4966 5815 5326 4390 4188 4375 6056 5852 4957 4630 3854 5717 5420 5108 4477 3212 5428 6076 4295 0 4699 4477 3866 4481 5078 4876 4519 4443 4241 4838 4729 6051 5430 5142 5137 4636 5925 4301 4773 2977 4292 3510
718 4700 3879 2013 620 801 1880 695 1923 3615 1102 1851 2487 1408 425 3609 390 2285 1924 235 913 829 900 2917 424 690 633 303 1778 663 648 3021 382 1393 1814 294 601 2488 1680 1383 445 3868 2046 1209 1413 3129 4699 0 3111 882 336 1040 600 3268 298 3632 563 782 2013 767 479 474 350 1706 3899 111 1810 3683 1274
3355 1655 830 4662 3259 2515 4528 3770 4572 566 2090 4926 1418 4482 2779 564 3464 892 1438 3065 3537 3182 2497 538 3194 3331 3252 3378 4426 3737 3001 641 2787 4468 4463 3368 3241 757 4328 4031 3520 819 1314 3871 4487 749 4477 3111 0 2277 2892 3689 3288 219 2854 583 3251 3340 4662 3841 3553 3549 3048 4368 850 3185 1588 634 2121
1126 3866 3046 2433 1031 286 2300 1541 2343 2782 268 2697 1654 2253 550 2775 1235 1451 1090 836 1308 953 385 2084 965 1102 1023 1149 2198 1508 772 2187 558 2239 2234 1139 1012 1654 2099 1803 1291 3035 1212 1642 2258 2295 3866 882 2277 0 663 1460 1059 2435 625 2798 1022 1111 2433 1612 1324 1320 819 2139 3066 956 977 2850 712
774 4482 3661 2074 676 582 1941 995 1984 3397 883 2151 2269 1708 207 3390 690 2066 1706 291 965 610 681 2699 480 747 680 603 1839 963 429 2802 164 1693 1875 594 657 2269 1741 1444 745 3650 1827 1270 1713 2910 4481 336 2892 663 0 1101 657 3050 80 3414 619 768 2074 1067 779 774 273 1767 3681 411 1592 3465 1055
468 5079 4456 1215 526 1203 1081 880 1125 4192 1681 2036 2866 1592 1004 3988 1075 2863 2303 935 489 838 1278 3296 659 474 539 1157 979 1090 1025 3399 1012 1578 1015 979 507 3066 881 584 1299 4445 2424 763 1597 3507 5078 1040 3689 1460 1101 0 592 3810 1063 4209 555 688 1215 1740 1040 1160 1257 1109 4287 1085 2189 4260 1653
423 4876 4057 1565 325 978 1432 701 1475 3793 1279 1857 2664 1414 603 3785 635 2462 2101 491 529 637 1076 3094 214 333 338 717 1330 909 823 3197 611 1399 1366 539 306 2665 1232 935 859 4046 2222 761 1419 3305 4876 600 3288 1059 657 592 0 3446 619 3810 110 487 1565 1300 724 720 812 1258 4077 645 1987 3861 1450
3476 1610 829 4782 3380 2659 4649 3927 4693 565 2248 5083 1536 4640 2937 518 3622 1050 1556 3223 3657 3303 2618 634 3352 3489 3373 3536 4547 3895 3121 737 2945 4625 4583 3526 3361 915 4449 4152 3678 818 1432 4029 4645 845 4519 3268 219 2435 3050 3810 3446 0 3012 582 3408 3461 4783 3999 3711 3706 3205 4526 817 3343 1709 633 2241
736 4444 3623 2036 638 544 1902 957 1946 3359 845 2113 2231 1670 169 3352 652 2028 1668 253 927 572 643 2661 442 709 642 565 1801 925 391 2764 126 1655 1837 556 619 2231 1703 1406 707 3612 1789 1232 1675 2872 4443 298 2854 625 80 1063 619 3012 0 3376 581 730 2036 1029 741 736 235 1729 3643 373 1554 3427 1017
4326 1765 1146 5633 4230 3509 5499 4931 5543 124 3252 6087 2386 5644 3941 710 4626 2054 2406 4227 4508 4153 3468 1484 4356 4493 4223 4540 5397 4899 3972 1587 3949 5629 5433 4530 4211 1919 5299 5002 4682 1135 2283 5010 5649 1695 4674 4272 1223 3439 4054 4660 4450 1191 4016 0 4412 4311 5633 5003 4715 4710 4209 5507 499 4347 2559 950 3091
385 4839 4019 1527 288 941 1394 664 1438 3755 1242 1820 2626 1376 565 3748 598 2425 2063 453 491 600 1038 3056 177 296 300 679 1293 871 786 3160 573 1362 1329 502 269 2628 1194 897 821 4008 2184 724 1381 3268 4838 563 3251 1022 619 555 110 3408 581 3772 0 450 1528 1263 687 682 775 1221 4039 608 1949 3823 1413
302 4730 4107 1661 259 854 1528 1016 1571 3843 1332 2172 2517 1728 655 3639 817 2514 1954 672 276 231 929 2947 396 531 272 899 1426 1090 625 3051 663 1714 1462 721 240 2717 1328 1031 1041 4096 2075 1039 1733 3158 4729 782 3340 1111 768 688 487 3461 730 3860 450 0 1662 1482 906 902 924 1536 3938 827 1840 3911 1304
1441 6052 5429 34 1499 2176 221 1852 264 5165 2654 2818 3839 2374 1977 4961 2048 3836 3276 1908 1462 1811 2251 4269 1632 1447 1512 2130 318 2063 1999 4373 1985 2360 281 1952 1480 4039 431 710 2272 5418 3397 888 2379 4480 6051 2013 4662 2433 2074 1215 1565 4783 2036 5182 1528 1661 0 2713 2013 2133 2230 749 5260 2058 3162 5233 2626
1417 5430 4610 2713 1319 1531 2579 1168 2623 4346 1832 2324 3218 1880 1156 4339 862 3015 2654 936 1613 1559 1630 3648 1124 1390 1332 734 2478 1135 1378 3751 1113 1866 2514 889 1301 3218 2379 2082 876 4599 2776 1909 1885 3859 5430 767 3841 1612 1067 1740 1300 3999 1029 4362 1263 1482 2713 0 951 947 1080 2406 4630 812 2541 4414 2004
842 5143 4322 2013 744 1243 1880 415 1923 4058 1544 1571 2930 1127 868 4051 286 2727 2367 648 977 1056 1342 3360 548 781 756 368 1778 383 1090 3463 825 1113 1814 313 725 2930 1680 1383 510 4311 2488 1209 1133 3571 5142 479 3553 1324 779 1040 724 3711 741 4075 687 906 2013 951 0 371 792 1706 4342 524 2253 4126 1716
837 5138 4317 2132 739 1239 1999 587 2042 4053 1540 1743 2925 1300 863 4047 117 2723 2362 644 1033 1051 1337 3355 543 810 752 363 1898 555 1085 3459 820 1285 1934 309 720 2926 1799 1502 505 4306 2484 1329 1305 3567 5137 474 3549 1320 774 1160 720 3706 736 4070 682 902 2133 947 371 0 788 1826 4337 519 2248 4121 1712
930 4637 3816 2229 832 738 2096 1009 2140 3552 1039 2165 2424 1721 362 3546 704 2222 1861 446 1121 766 837 2854 636 902 836 617 1995 977 585 2958 319 1707 2031 607 813 2425 1896 1599 759 3805 1983 1426 1726 3066 4636 350 3048 819 273 1257 812 3205 235 3569 775 924 2230 1080 792 788 0 1923 3836 424 1747 3620 1211
1315 5926 5136 749 1373 2050 880 1545 923 4872 2359 2460 3713 2017 1682 4835 1741 3542 3150 1601 1336 1685 2125 4143 1325 1140 1386 1823 977 1756 1873 4247 1690 2002 940 1645 1354 3745 901 604 1965 5126 3271 580 2022 4354 5925 1706 4368 2139 1767 1109 1258 4526 1729 4889 1221 1535 749 2406 1706 1826 1923 0 5134 1751 3036 4940 2500
3953 1392 773 5259 3857 3136 5126 4558 5170 509 2879 5714 2013 5271 3568 336 4253 1681 2033 3854 4134 3780 3095 1111 3982 4120 3850 4166 5024 4526 3599 1214 3576 5256 5060 4157 3838 1546 4926 4629 4309 762 1909 4637 5276 1322 4301 3899 850 3066 3681 4287 4077 817 3643 526 4039 3938 5260 4630 4342 4337 3836 5134 0 3974 2186 577 2718
763 4774 3954 2058 665 875 1925 740 1968 3690 1176 1896 2562 1453 500 3683 435 2359 1998 280 958 903 974 2992 469 735 678 348 1823 708 722 3095 456 1438 1859 339 646 2562 1725 1428 491 3943 2120 1254 1458 3203 4773 111 3185 956 411 1085 645 3343 373 3706 608 827 2058 812 524 519 424 1751 3974 0 1885 3758 1348
1855 2978 2355 3162 1760 1038 3029 2469 3072 2091 790 3625 765 3182 1479 1887 2164 762 202 1765 2037 1682 998 1195 1894 2030 1752 2077 2927 2437 1501 1299 1487 3167 2963 2068 1741 965 2828 2531 2220 2344 324 2539 3187 1407 2977 1810 1588 977 1592 2189 1987 1709 1554 2108 1949 1840 3162 2541 2253 2248 1747 3036 2186 1885 0 2159 621
4267 1706 338 5574 4172 3450 5441 4873 5484 197 3193 6029 2327 5585 3882 651 4567 1996 2347 4168 4449 4094 3410 1425 4297 4435 4164 4481 5339 4841 3913 1529 3890 5571 5375 4471 4153 1860 5240 4943 4623 327 2224 4951 5590 1637 4616 4214 1164 3380 3995 4601 4391 1132 3957 214 4354 4252 5574 4944 4656 4652 4151 5448 440 4288 2500 0 3033
1318 3510 2887 2625 1223 502 2492 1933 2536 2623 525 3089 1298 2645 942 2419 1628 1295 734 1228 1500 1146 461 1728 1357 1494 1216 1541 2390 1901 964 1831 950 2631 2426 1531 1204 1498 2292 1995 1683 2877 856 2003 2650 1939 3510 1274 2121 712 1055 1653 1450 2241 1017 2640 1413 1304 2626 2004 1716 1712 1211 2500 2718 1348 621 2691 0
EOF
