NAME : tsp_problem
TYPE : TSP
DIMENSION : 21
EDGE_WEIGHT_TYPE : EXPLICIT
EDGE_WEIGHT_FORMAT : FULL_MATRIX
EDGE_WEIGHT_SECTION
0 767 1813 459 444 1073 428 2084 462 928 1910 692 3997 869 682 3649 936 1880 587 2005 441
767 0 2062 422 514 1284 954 2333 1186 840 1184 604 3270 781 594 2923 1147 2130 1111 1278 404
1813 2062 0 1804 1897 1563 1430 438 1683 1967 3174 1772 5269 1974 1761 4944 1609 101 1294 3268 1787
459 422 1804 0 205 1027 645 2075 877 582 1565 347 3652 523 336 3304 889 1872 805 1659 96
444 514 1897 205 0 1119 662 2167 862 675 1657 439 3744 616 428 3396 982 1964 822 1751 188
1073 1284 1563 1027 1119 0 754 1833 1007 752 2228 773 4323 759 763 4164 391 1630 618 2322 1009
428 954 1430 645 662 754 0 1701 557 894 2097 699 4184 902 688 3836 683 1498 205 2192 628
2084 2333 438 2075 2167 1833 1701 0 1954 2237 3445 2043 5540 2245 2032 5215 1880 364 1565 3539 2058
462 1186 1683 877 862 1007 557 1954 0 1276 2329 1081 4416 1284 1071 4068 1053 1751 458 2423 860
928 840 1967 582 675 752 894 2238 1276 0 1783 441 3879 96 430 3720 447 2035 1023 1878 565
1910 1184 3174 1565 1657 2228 2097 3445 2329 1783 0 1548 2286 1724 1537 2127 2090 3242 2229 128 1548
692 604 1773 347 439 773 699 2043 1081 441 1548 0 3643 448 83 3484 636 1840 828 1642 329
3997 3270 5269 3652 3744 4323 4184 5540 4416 3879 2286 3643 0 3820 3632 543 4186 5337 4325 2380 3634
869 781 1975 523 616 759 902 2246 1284 96 1724 448 3820 0 438 3661 455 2043 1030 1819 506
682 594 1762 336 428 763 688 2033 1071 430 1537 83 3632 438 0 3474 625 1830 817 1631 319
4290 3563 5562 3944 4036 4615 4477 5833 4708 4171 2578 3935 516 4112 3925 0 4478 5630 4617 2673 3927
936 1147 1614 889 982 391 683 1884 1058 447 2090 636 4186 455 625 4027 0 1681 669 2185 872
1880 2130 101 1872 1964 1630 1498 364 1751 2034 3242 1840 5337 2042 1829 5012 1677 0 1362 3336 1855
587 1111 1294 805 822 618 205 1565 458 1022 2229 827 4325 1030 817 3993 665 1362 0 2324 788
2005 1278 3268 1659 1751 2322 2192 3539 2423 1878 128 1642 2380 1819 1631 2221 2185 3336 2324 0 1642
441 404 1787 96 188 1009 628 2058 860 565 1548 329 3634 506 319 3287 872 1855 788 1642 0
EOF
