NAME : tsp_problem
TYPE : TSP
DIMENSION : 23
EDGE_WEIGHT_TYPE : EXPLICIT
EDGE_WEIGHT_FORMAT : FULL_MATRIX
EDGE_WEIGHT_SECTION
0 2045 2291 1985 1378 1610 3256 1870 1850 1260 2483 2221 2374 3256 3041 1944 2468 858 534 1233 2324 1677 2653
2045 0 792 199 3325 3557 1253 258 3819 1022 520 258 1162 1300 1038 699 754 1299 2503 3180 532 803 690
2291 792 0 755 3391 3623 1834 658 4065 1088 1242 980 568 1162 1619 472 374 1545 2731 3246 563 1050 1412
1985 355 755 0 3284 3515 1566 200 3758 982 793 531 1125 1613 1351 662 932 1238 2442 3139 638 692 963
1378 3325 3391 3284 0 335 4387 3169 781 2360 3783 3521 3474 4356 4173 3044 3568 2157 912 275 3424 2977 3953
1610 3557 3623 3515 335 0 4619 3401 518 2591 4014 3752 3705 4587 4404 3275 3799 2389 1143 507 3656 3208 4184
3256 1253 1834 1410 4387 4619 0 1469 5030 2084 892 1106 2204 2056 501 1741 1752 2510 3714 4242 1530 2014 691
1870 258 658 200 3169 3401 1469 0 3644 867 696 434 1028 1516 1254 565 835 1123 2327 3024 541 628 866
1937 3884 3950 3843 663 380 4946 3728 0 2919 4342 4080 4033 4915 4732 3603 4127 2717 1471 834 3983 3536 4512
1260 1022 1088 982 2360 2591 2084 867 3034 0 1480 1218 1171 2053 1870 741 1265 530 1700 2214 1121 674 1650
2483 520 1242 637 3783 4014 892 696 4257 1480 0 314 1613 1706 678 1149 1160 1737 2941 3637 938 1242 270
2221 258 980 375 3521 3752 1106 434 3995 1218 314 0 1351 1444 892 887 898 1475 2679 3375 676 980 484
2374 1162 568 1125 3474 3705 2204 1028 4147 1171 1613 1351 0 1533 1989 554 745 1627 2814 3328 933 1133 1783
3247 1291 1153 1448 4347 4578 2044 1507 5021 2044 1697 1435 1523 0 1829 1428 1018 2500 3687 4201 1042 2006 1822
3041 1038 1619 1195 4173 4404 501 1254 4815 1870 678 892 1989 1842 0 1526 1537 2295 3499 4027 1315 1800 476
1944 699 472 662 3044 3275 1741 565 3717 741 1149 887 554 1437 1526 0 649 1197 2384 2898 470 703 1319
2468 754 374 911 3568 3799 1752 835 4242 1265 1160 898 745 1028 1537 649 0 1722 2908 3422 506 1227 1330
858 1299 1545 1238 2157 2389 2510 1123 2632 530 1737 1475 1627 2510 2295 1197 1722 0 1316 2012 1578 931 1907
534 2503 2731 2442 912 1143 3714 2327 1404 1700 2941 2679 2814 3696 3499 2384 2908 1316 0 766 2764 2135 3111
1233 3180 3246 3139 275 507 4242 3024 953 2214 3637 3375 3328 4210 4027 2898 3422 2012 766 0 3279 2831 3807
2324 532 563 638 3424 3656 1530 541 4098 1121 938 676 933 1051 1315 470 506 1578 2764 3279 0 1083 1108
1677 803 1050 692 2977 3208 2014 628 3451 674 1242 980 1133 2015 1800 703 1227 931 2135 2831 1083 0 1412
2653 690 1412 807 3953 4184 691 866 4427 1650 270 484 1783 1835 476 1319 1330 1907 3111 3807 1108 1412 0
EOF
