NAME : tsp_problem
TYPE : TSP
DIMENSION : 54
EDGE_WEIGHT_TYPE : EXPLICIT
EDGE_WEIGHT_FORMAT : FULL_MATRIX
EDGE_WEIGHT_SECTION
0 5330 321 1822 476 1284 497 511 1617 571 1610 915 4660 2075 1107 710 1285 1738 1855 692 1829 492 711 386 1131 548 563 1882 1434 1023 577 1199 3146 1282 4444 587 1224 153 955 1258 2748 652 790 766 355 2795 509 756 1673 1879 1876 679 511 2077
5347 0 5211 6730 5669 6192 5401 5661 3842 5675 6803 6108 4807 7269 5994 4704 6193 6931 6944 4729 3888 5643 5599 5020 4274 5782 5446 3673 6627 4456 5211 6393 2378 4138 1221 5638 6314 5387 4423 6166 2657 5845 5983 5675 5245 2703 5392 5950 6582 3517 3667 4697 5704 7270
321 5194 0 1944 497 1407 620 633 1481 694 1631 936 4524 2097 1224 574 1407 1759 1977 556 1693 615 829 250 995 641 676 1746 1455 887 441 1221 3010 1146 4308 710 1347 361 819 1381 2612 673 811 889 73 2659 622 778 1796 1743 1740 543 532 2098
1822 6713 1944 0 1796 622 1392 1491 3200 1344 2395 1985 6043 2860 1674 2093 623 2523 674 2275 3213 1473 1450 1769 2715 1638 1458 3265 2219 2407 1616 2027 4693 2666 5828 1298 675 1703 2538 596 4142 2149 2406 1156 1978 4188 1403 1961 212 3462 3259 2086 1839 2862
476 5652 497 1796 0 1258 475 489 1939 550 1280 585 4982 1746 1085 1032 1258 1408 1829 1014 2152 471 689 708 1453 358 541 2204 1104 1346 698 870 3469 1605 4766 565 1198 458 1277 1232 3070 490 721 740 531 3117 487 427 1647 2201 2198 1001 181 1747
1284 6175 1407 622 1258 0 854 953 2661 806 1858 1447 5505 2324 1135 1555 84 1986 856 1737 2675 935 912 1230 2176 1100 919 2727 1683 1869 1078 1489 4154 2128 5289 759 226 1165 2000 58 3603 1611 1868 618 1440 3650 865 1423 474 2924 2721 1548 1301 2326
497 5384 620 1392 475 854 0 324 1870 338 1512 924 4714 1977 672 764 854 1639 1606 946 1884 306 277 439 1385 447 128 1936 1336 1078 287 1101 3363 1337 4498 300 976 379 1209 828 2812 829 1086 336 654 2859 74 765 1244 2133 1930 757 519 1979
511 5644 633 1491 489 953 324 0 1932 336 1393 937 4974 1858 847 1024 954 1520 1524 1007 2144 55 538 699 1446 460 389 2196 1217 1338 547 982 3462 1597 4758 305 894 392 1270 927 3063 842 1100 435 667 3110 335 779 1343 2194 2190 994 533 1860
1617 3826 1481 3200 1939 2661 1870 1932 0 1946 3073 2378 3187 3538 2463 1173 2662 3200 3245 999 357 1914 2068 1489 542 2052 1916 378 2897 925 1680 2662 1639 607 2940 1962 2615 1657 692 2636 1240 2115 2252 2144 1514 1287 1861 2219 3051 371 372 1143 1974 3540
571 5658 694 1344 550 806 338 336 1946 0 1282 830 4988 1748 635 1038 806 1410 1377 1021 2158 317 411 713 1460 482 404 2210 1106 1352 561 872 3476 1611 4772 93 746 453 1284 780 3078 903 1160 288 728 3124 349 806 1195 2208 2204 1008 593 1749
1601 6777 1622 2382 1271 1846 1502 1383 3063 1273 0 1143 6107 897 1784 2157 1846 559 2152 2139 3276 1365 1560 1833 2578 1141 1568 3329 225 2470 1726 468 4593 2729 5891 1242 1785 1503 2401 1820 4195 1360 1617 1373 1656 4242 1514 1119 2234 3326 3323 2126 1173 899
915 6091 936 1985 585 1447 924 937 2378 830 1152 0 5421 1618 1341 1471 1448 1280 2018 1453 2591 919 1117 1147 1892 698 989 2643 977 1785 1146 742 3908 2044 5205 799 1388 906 1716 1421 3509 674 932 930 970 3556 935 434 1837 2640 2637 1440 488 1620
4660 4807 4524 6043 4982 5505 4714 4974 3187 4988 6116 5421 0 6582 4750 4017 5506 6244 6257 4042 3151 4956 4819 4332 3620 5095 4759 3253 5940 3769 4524 5706 4602 3450 3922 4951 5627 4700 3735 5479 4129 5158 5296 4988 4558 4176 4705 5263 5895 3450 3247 4010 5017 6583
2066 7242 2087 2848 1737 2311 1968 1849 3529 1739 897 1609 6572 0 2250 2622 2312 549 2618 2604 3742 1831 2026 2298 3044 1607 2033 3794 721 2936 2192 934 5059 3195 6357 1708 2251 1969 2867 2286 4661 1825 2083 1838 2121 4707 1979 1585 2700 3791 3788 2591 1639 528
1107 5977 1224 1674 1085 1135 672 847 2463 635 1793 1341 4750 2259 0 1357 1136 1921 1888 1539 2477 828 445 1032 1978 993 738 2529 1617 1670 896 1383 3956 1929 5091 581 1257 988 1802 1110 3405 1438 1696 618 1258 3452 684 1317 1525 2725 2523 1349 1129 2260
710 4687 574 2093 1032 1555 764 1024 1173 1038 2166 1471 4017 2631 1357 0 1555 2294 2307 249 1187 1006 962 382 689 1145 809 1239 1990 381 573 1755 2666 640 3801 1001 1677 750 512 1529 2115 1208 1346 1037 607 2162 755 1312 1945 1436 1233 60 1067 2633
1285 6176 1407 623 1258 84 854 954 2662 806 1859 1448 5506 2325 1136 1555 0 1987 857 1738 2675 935 912 1231 2177 1100 920 2728 1683 1869 1078 1490 4155 2128 5290 760 226 1166 2000 59 3604 1611 1869 618 1441 3650 866 1424 474 2924 2722 1548 1302 2326
1728 6904 1750 2510 1399 1974 1630 1511 3191 1401 559 1271 6235 549 1912 2284 1974 0 2280 2266 3404 1493 1688 1960 2706 1269 1696 3456 383 2598 1854 596 4721 2857 6019 1370 1913 1631 2529 1948 4323 1487 1745 1501 1783 4369 1641 1247 2362 3454 3450 2254 1301 550
1855 6927 1977 674 1829 856 1606 1524 3245 1377 2184 2018 6257 2649 1888 2307 857 2312 0 2321 3427 1506 1664 1983 2760 1671 1672 3479 2008 2621 1830 2031 4775 2880 6042 1346 795 1736 2583 830 4356 2182 2439 1387 2011 4402 1618 1994 712 3508 3473 2300 1872 2651
692 4712 556 2275 1014 1737 946 1007 999 1021 2148 1453 4042 2613 1539 249 1738 2276 2321 0 1212 989 1144 564 513 1127 991 1264 1972 563 756 1737 2529 664 3826 1037 1690 732 337 1711 2130 1190 1328 1219 589 2177 937 1294 2127 1261 1258 218 1049 2615
1829 3871 1693 3213 2152 2675 1884 2144 357 2158 3286 2591 3151 3751 2477 1187 2675 3413 3427 1212 0 2126 2082 1502 790 2265 1929 423 3110 938 1693 2875 1850 620 2985 2121 2797 1870 905 2649 1299 2328 2465 2157 1727 1346 1875 2432 3065 619 417 1180 2186 3753
492 5626 615 1473 471 935 306 55 1914 317 1374 919 4956 1840 828 1006 935 1502 1506 989 2126 0 520 681 1428 442 371 2178 1199 1319 529 964 3444 1578 4740 287 875 374 1252 909 3045 824 1081 417 649 3092 317 760 1324 2176 2172 976 515 1842
711 5582 829 1454 689 916 277 538 2068 416 1574 1121 4819 2039 445 962 917 1702 1668 1144 2082 520 0 637 1583 661 342 2134 1398 1275 501 1163 3561 1534 4696 362 1038 592 1407 890 3010 1042 1300 399 863 3057 288 979 1306 2330 2128 955 733 2041
386 5002 250 1769 708 1230 439 699 1489 713 1842 1147 4332 2307 1032 382 1231 1970 1983 564 1502 681 637 0 1004 821 485 1554 1666 696 249 1431 2982 955 4117 676 1352 426 827 1205 2431 884 1022 713 283 2477 430 988 1620 1751 1548 375 743 2309
1131 4259 995 2715 1453 2176 1385 1446 542 1460 2587 1892 3620 3053 1978 689 2177 2715 2760 513 790 1428 1583 1004 0 1566 1431 811 2411 442 1195 2177 2071 280 3373 1476 2130 1171 207 2151 1673 1629 1767 1659 1029 1720 1376 1734 2566 804 805 658 1488 3055
548 5765 641 1638 358 1100 447 460 2052 482 1150 698 5095 1616 993 1145 1100 1278 1671 1127 2265 442 661 821 1566 0 512 2317 974 1459 670 740 3582 1718 4879 451 1040 430 1390 1074 3183 711 969 582 675 3230 458 648 1489 2314 2311 1114 402 1618
563 5429 676 1458 541 919 128 389 1916 404 1577 989 4759 2043 738 809 920 1705 1672 991 1929 371 342 485 1431 512 0 1981 1401 1123 332 1167 3408 1382 4544 365 1041 444 1254 894 2857 894 1152 402 710 2904 119 831 1309 2178 1975 802 585 2044
1882 3656 1746 3265 2204 2727 1936 2196 378 2210 3338 2643 3253 3804 2529 1239 2728 3466 3479 1264 423 2178 2134 1554 811 2317 1981 0 3162 991 1746 2928 1636 672 2771 2173 2849 1922 957 2701 1085 2380 2518 2209 1780 1131 1927 2485 3117 641 48 1232 2239 3805
1425 6601 1446 2207 1095 1670 1327 1208 2888 1097 225 967 5931 721 1608 1981 1671 383 1976 1963 3101 1189 1384 1657 2402 965 1392 3153 0 2295 1550 292 4418 2553 5715 1066 1609 1327 2226 1644 4019 1184 1441 1197 1480 4066 1338 944 2058 3150 3147 1950 997 723
1023 4439 887 2407 1346 1869 1078 1338 925 1352 2480 1785 3769 2945 1670 381 1869 2607 2621 563 938 1319 1275 696 442 1459 1123 991 2304 0 887 2069 2418 391 3553 1315 1991 1064 519 1843 1867 1522 1659 1351 921 1914 1069 1626 2259 1187 985 373 1380 2947
577 5194 441 1616 698 1078 287 547 1680 561 1735 1146 4524 2201 896 573 1078 1863 1830 756 1693 529 501 249 1195 670 332 1746 1560 887 0 1325 3173 1146 4308 524 1200 601 1018 1052 2622 1051 1213 560 475 2668 278 988 1468 1942 1740 566 742 2203
1192 6368 1213 2020 862 1482 1094 975 2655 864 483 735 5698 949 1375 1748 1482 611 1991 1730 2868 957 1152 1424 2169 732 1159 2920 308 2062 1318 0 4185 2321 5482 833 1422 1094 1993 1456 3786 951 1209 964 1247 3833 1105 711 1871 2917 2914 1717 765 951
3146 2361 3010 4693 3469 4154 3363 3462 1639 3476 4603 3908 4602 5068 3956 2666 4155 4730 4775 2529 1850 3444 3561 2982 2071 3582 3408 1636 4427 2418 3173 4192 0 2100 1476 3492 4145 3187 2222 4128 619 3645 3782 3637 3044 665 3354 3749 4544 1314 1629 2659 3503 5070
1282 4120 1146 2666 1605 2128 1337 1597 607 1611 2739 2044 3450 3204 1929 640 2128 2866 2880 664 620 1578 1534 955 280 1718 1382 672 2563 391 1146 2328 2100 0 3235 1574 2250 1323 358 2102 1549 1781 1918 1610 1180 1595 1328 1885 2518 869 666 632 1639 3206
4461 1221 4325 5845 4784 5306 4516 4776 2956 4790 5917 5223 3922 6383 5108 3818 5307 6045 6059 3843 3002 4757 4713 4134 3389 4896 4561 2788 5742 3570 4325 5507 1493 3252 0 4753 5428 4501 3537 5281 1771 4960 5097 4789 4359 1818 4507 5064 5696 2631 2782 3811 4818 6385
587 5621 710 1298 565 759 300 305 1962 93 1251 799 4951 1717 581 1001 760 1379 1346 1037 2121 287 358 676 1476 451 365 2173 1075 1315 524 841 3492 1574 4735 0 716 468 1300 734 3049 918 1176 242 743 3096 311 775 1149 2224 2167 994 609 1719
1224 6297 1347 675 1198 226 976 894 2615 746 1798 1388 5627 2263 1257 1677 226 1925 795 1690 2797 875 1034 1352 2130 1040 1041 2849 1622 1991 1200 1430 4145 2250 5411 716 0 1106 1953 200 3725 1551 1809 756 1381 3772 987 1364 527 2877 2843 1670 1242 2265
153 5370 361 1703 458 1165 379 392 1657 453 1512 906 4700 1978 988 750 1166 1640 1736 732 1870 374 592 426 1171 430 444 1922 1337 1064 601 1102 3187 1323 4484 468 1106 0 995 1140 2788 692 830 648 395 2835 390 748 1555 1919 1916 719 502 1980
955 4405 819 2538 1277 2000 1209 1270 692 1284 2411 1716 3735 2876 1802 512 2000 2538 2583 337 905 1252 1407 827 207 1390 1254 957 2235 519 1018 2000 2222 358 3520 1300 1953 995 0 1974 1824 1453 1590 1482 852 1870 1200 1557 2390 955 951 481 1312 2878
1258 6149 1381 596 1232 58 828 927 2636 780 1833 1421 5479 2298 1110 1529 59 1960 830 1711 2649 909 886 1205 2151 1074 894 2701 1657 1843 1052 1463 4128 2102 5264 734 200 1140 1974 0 3578 1585 1843 592 1415 3624 839 1398 448 2898 2695 1522 1276 2300
2748 2639 2612 4142 3070 3603 2812 3063 1240 3078 4204 3509 4129 4670 3405 2115 3604 4332 4356 2130 1299 3045 3010 2431 1673 3183 2857 1085 4028 1867 2622 3794 619 1549 1754 3049 3725 2788 1824 3578 0 3246 3384 3086 2646 98 2803 3351 3993 916 1078 2108 3105 4672
652 5828 673 2149 490 1611 829 842 2115 903 1369 674 5158 1834 1438 1208 1611 1497 2182 1190 2328 824 1042 884 1629 711 894 2380 1193 1522 1051 958 3645 1781 4942 918 1551 692 1453 1585 3246 0 627 1093 707 3293 840 515 2000 2377 2374 1177 393 1836
790 5966 811 2406 721 1868 1086 1100 2252 1160 1626 932 5296 2092 1696 1346 1869 1754 2439 1328 2465 1081 1300 1022 1767 969 1152 2518 1451 1659 1213 1216 3782 1918 5080 1176 1809 830 1590 1843 3384 627 0 1351 845 3431 1097 773 2258 2515 2512 1315 650 2094
766 5657 889 1156 740 618 336 435 2144 288 1382 930 4988 1848 618 1037 618 1510 1387 1219 2157 417 394 713 1659 582 402 2209 1206 1351 560 972 3637 1610 4772 242 756 648 1482 592 3086 1093 1351 0 923 3132 348 906 1008 2406 2203 1030 784 1849
355 5228 73 1978 531 1440 654 667 1514 728 1665 970 4558 2130 1258 607 1441 1793 2011 589 1727 649 863 283 1029 675 710 1780 1489 921 475 1254 3044 1180 4342 743 1381 395 852 1415 2646 707 845 923 0 2693 656 811 1830 1777 1774 577 566 2132
2795 2686 2659 4188 3117 3650 2859 3110 1287 3124 4251 3556 4176 4717 3452 2162 3650 4379 4402 2177 1346 3092 3057 2477 1720 3230 2904 1131 4075 1914 2668 3841 665 1595 1800 3096 3772 2835 1870 3624 98 3293 3431 3132 2693 0 2850 3398 4040 962 1125 2155 3152 4718
509 5375 622 1403 487 865 74 335 1861 349 1523 935 4705 1989 684 755 866 1651 1618 937 1875 317 288 430 1376 458 119 1927 1347 1069 278 1113 3354 1328 4490 311 987 390 1200 839 2803 840 1097 348 656 2850 0 776 1255 2124 1921 748 531 1990
756 5932 778 1961 427 1423 765 779 2219 806 1129 434 5263 1594 1317 1312 1424 1256 1994 1294 2432 760 979 988 1734 648 831 2485 953 1626 988 718 3749 1885 5047 775 1364 748 1557 1398 3351 515 773 906 811 3398 776 0 1813 2482 2478 1282 329 1596
1673 6565 1796 212 1647 474 1244 1343 3051 1195 2247 1837 5895 2712 1525 1945 474 2374 712 2127 3065 1324 1302 1620 2566 1489 1309 3117 2071 2259 1468 1879 4544 2518 5679 1149 527 1555 2390 448 3993 2000 2258 1008 1830 4040 1255 1813 0 3314 3111 1938 1691 2714
1879 3501 1743 3462 2201 2924 2133 2194 371 2208 3335 2640 3450 3801 2725 1436 2924 3463 3508 1261 619 2176 2330 1751 804 2314 2178 641 3159 1187 1942 2925 1314 869 2616 2224 2877 1919 955 2898 916 2377 2515 2406 1777 962 2124 2482 3314 0 635 1406 2236 3802
1876 3650 1740 3259 2198 2721 1930 2190 372 2204 3332 2637 3247 3797 2523 1233 2722 3460 3473 1258 417 2172 2128 1548 805 2311 1975 48 3156 985 1740 2921 1629 666 2765 2167 2843 1916 951 2695 1078 2374 2512 2203 1774 1125 1921 2478 3111 635 0 1226 2233 3799
679 4680 543 2086 1001 1548 757 994 1143 1008 2135 1440 4010 2601 1349 60 1548 2263 2300 218 1180 976 955 375 658 1114 802 1232 1959 373 566 1725 2659 632 3794 994 1670 719 481 1522 2108 1177 1315 1030 577 2155 748 1282 1938 1406 1226 0 1036 2602
511 5687 532 1839 181 1301 519 533 1974 593 1183 488 5017 1648 1129 1067 1302 1310 1872 1049 2186 515 733 743 1488 402 585 2239 1007 1380 742 772 3503 1639 4801 609 1242 502 1312 1276 3105 393 650 784 566 3152 531 329 1691 2236 2233 1036 0 1650
2068 7244 2089 2850 1738 2313 1970 1851 3531 1740 899 1610 6574 528 2251 2624 2314 550 2619 2606 3744 1833 2028 2300 3045 1608 2035 3796 723 2938 2194 935 5061 3197 6358 1709 2252 1970 2869 2287 4662 1827 2085 1840 2123 4709 1981 1587 2701 3793 3790 2593 1641 0
EOF
