NAME : tsp_problem
TYPE : TSP
DIMENSION : 52
EDGE_WEIGHT_TYPE : EXPLICIT
EDGE_WEIGHT_FORMAT : FULL_MATRIX
EDGE_WEIGHT_SECTION
0 1868 171 1792 3509 5134 1786 5975 3310 1751 414 2408 890 993 1830 5554 1527 1205 1164 634 4696 2027 992 2535 4767 821 1793 2470 1572 4908 3076 1789 4325 2106 166 1740 2728 839 1024 283 2535 980 2874 1122 1611 2131 3345 2555 2240 1139 1360 3494
1868 0 1869 224 2140 3733 416 4606 1940 349 2041 1038 1369 2023 271 4457 422 874 966 1485 3326 626 2022 1998 3397 1300 225 1933 339 3507 1684 337 2924 736 1773 288 1327 1690 1984 1995 1165 928 1504 1126 392 1594 1975 1154 673 805 554 2124
171 1869 0 1793 3510 5135 1787 5976 3311 1752 296 2409 891 875 1831 5555 1528 1206 1165 635 4697 2028 874 2536 4768 822 1794 2471 1572 4909 3077 1790 4326 2107 167 1741 2729 840 905 164 2536 981 2875 1123 1612 2132 3346 2556 2241 1140 1361 3495
1792 224 1793 0 2309 3902 586 4775 2109 519 1965 1208 1294 1947 441 4627 346 798 890 1409 3496 795 1946 1859 3567 1225 48 1794 263 3676 1854 507 3093 906 1697 458 1496 1614 1908 1919 1335 852 1673 1050 317 1455 2145 1323 496 729 479 2294
3509 2140 3510 2309 0 1885 1797 3411 234 1902 3682 1217 2829 3483 2010 3263 2263 2346 2426 2945 1280 1551 3482 4083 1351 2760 2310 4019 2424 1658 480 1969 1080 1478 3414 1920 969 3150 3444 3636 1039 2569 873 2586 2087 3679 269 1046 2759 2493 2504 78
5224 3845 5225 4015 1808 0 3512 4352 1948 3608 5397 2932 4544 5198 3716 4203 3969 4060 4140 4659 559 3257 5197 5789 1008 4475 4016 5724 4130 544 2195 3675 996 3192 5128 3626 2671 4864 5158 5350 2754 4284 2587 4300 3793 5385 1984 2748 4465 4208 4210 1793
1786 416 1787 586 1797 3588 0 4263 1598 207 1958 696 1106 1759 287 4115 540 622 702 1221 2984 484 1758 2360 3055 1037 587 2295 701 3362 1364 246 2781 394 1690 197 1184 1426 1720 1912 823 845 1162 862 364 1956 1633 1012 1036 769 781 1782
5975 4606 5976 4775 3411 4446 4263 0 3211 4368 6148 3683 5295 5949 4476 743 4729 4812 4892 5411 4220 4017 5948 6549 4669 5226 4776 6485 4890 4220 2977 4435 4395 3944 5880 4386 3466 5616 5910 6102 3505 5035 3169 5052 4553 6146 3247 3543 5225 4959 4970 3396
3310 1940 3311 2109 234 2025 1598 3211 0 1703 3483 1018 2630 3283 1810 3063 2063 2146 2226 2745 1420 1352 3282 3884 1491 2561 2111 3819 2225 1798 281 1769 1220 1278 3214 1720 769 2950 3244 3436 840 2370 673 2386 1888 3480 69 846 2559 2294 2304 218
1751 349 1752 519 1902 3496 207 4368 1703 0 1923 801 1239 1893 220 4220 473 736 836 1355 3089 389 1892 2293 3160 1170 520 2228 634 3269 1447 179 2687 499 1655 130 1089 1560 1854 1877 928 810 1267 996 297 1889 1738 917 968 728 714 1887
414 2041 296 1965 3682 5307 1958 6148 3483 1923 0 2581 1063 876 2003 5727 1700 1378 1336 807 4869 2200 875 2708 4940 994 1966 2643 1744 5080 3249 1962 4498 2279 419 1913 2901 1012 906 189 2708 1153 3047 1295 1784 2304 3518 2728 2413 1312 1532 3667
2408 1038 2409 1208 1217 3009 696 3683 1018 801 2581 0 1728 2382 908 3535 1161 1245 1324 1843 2404 466 2381 2982 2475 1659 1209 2917 1323 2782 784 868 2201 376 2312 819 606 2048 2342 2534 243 1468 582 1484 986 2578 1053 434 1657 1392 1403 1202
890 1369 891 1294 2829 4621 1106 5295 2630 1239 1063 1728 0 843 1319 4874 1029 565 467 305 4016 1516 843 2277 4087 121 1295 2213 1073 4394 2396 1278 3813 1426 794 1229 2216 510 804 1016 1855 627 2194 422 1113 1874 2665 2044 1742 640 861 2814
993 2023 875 1947 3483 5274 1759 5949 3283 1893 876 2382 843 0 1972 5528 1682 1219 1121 588 4670 2169 147 2890 4741 774 1948 2825 1727 5048 3049 1932 4467 2080 1003 1883 2870 568 178 769 2509 1136 2848 1076 1767 2486 3319 2697 2396 1294 1515 3468
1830 271 1831 441 2010 3603 287 4476 1810 220 2003 908 1319 1972 0 4327 395 816 915 1434 3196 496 1971 2215 3267 1250 442 2150 556 3377 1555 207 2794 606 1735 159 1197 1639 1933 1957 1035 890 1374 1075 326 1811 1846 1024 890 793 667 1994
5554 4457 5555 4627 3263 4297 4115 743 3063 4220 5727 3535 4874 5528 4327 0 4581 4391 4471 4989 4072 3869 5527 6175 4520 4805 4628 6110 4742 4071 2829 4287 4246 3795 5459 4238 3318 5195 5489 5681 3357 4614 3021 4630 4405 5771 3098 3395 5076 4538 4758 3247
1527 422 1528 346 2263 3856 540 4729 2063 473 1700 1161 1029 1682 395 4581 0 529 625 1144 3450 749 1681 2019 3521 960 347 1954 402 3630 1808 461 3047 860 1432 412 1450 1349 1643 1654 1288 587 1627 785 235 1615 2099 1277 796 474 378 2248
1205 874 1206 798 2346 4120 622 4812 2146 736 1378 1245 565 1219 816 4391 529 0 162 680 3533 1013 1218 1826 3604 496 799 1761 577 3893 1912 775 3311 943 1110 726 1713 885 1180 1332 1371 265 1710 321 613 1422 2182 1541 1246 189 410 2331
1164 966 1165 890 2426 4217 702 4892 2226 836 1336 1324 467 1121 915 4471 625 162 0 582 3613 1112 1120 1874 3684 398 891 1809 670 3991 1992 875 3410 1023 1068 826 1813 787 1081 1290 1451 223 1790 223 709 1470 2262 1640 1338 237 458 2411
634 1485 635 1409 2945 4736 1221 5411 2745 1355 807 1843 305 588 1434 4989 1144 680 582 0 4131 1631 587 2352 4202 236 1410 2287 1188 4510 2511 1393 3929 1541 539 1344 2332 254 548 761 1970 598 2309 538 1228 1948 2781 2159 1857 756 976 2929
4696 3326 4697 3496 1280 635 2984 4220 1420 3089 4869 2404 4016 4670 3196 4072 3450 3533 3613 4131 0 2738 4669 5270 480 3947 3497 5205 3611 409 1667 3156 480 2664 4601 3107 2155 4336 4631 4823 2226 3756 2059 3772 3274 4866 1456 2232 3945 3680 3691 1265
2027 626 2028 795 1551 3145 484 4017 1352 389 2200 466 1516 2169 496 3869 749 1013 1112 1631 2738 0 2168 2570 2809 1447 796 2505 911 2918 1096 455 2336 164 1932 406 738 1836 2130 2154 593 1087 932 1272 574 2166 1387 566 1245 1005 990 1536
992 2022 874 1946 3482 5273 1758 5948 3282 1892 875 2381 843 147 1971 5527 1681 1218 1120 587 4669 2168 0 2889 4740 773 1948 2824 1726 5047 3048 1931 4466 2079 1002 1882 2869 567 177 768 2508 1135 2847 1075 1766 2485 3318 2696 2395 1293 1514 3467
2522 1989 2523 1849 4074 5667 2351 6540 3874 2284 2695 2973 2268 2877 2206 6166 2009 1817 1865 2339 5261 2560 2876 0 5332 2199 1850 551 1739 5441 3619 2272 4858 2671 2427 2223 3261 2544 2838 2649 3099 1826 3438 2025 2082 572 3910 3088 2134 1704 1690 4059
4767 3397 4768 3567 1351 1085 3055 4669 1491 3160 4940 2475 4087 4741 3267 4520 3521 3604 3684 4202 480 2809 4740 5341 0 4018 3568 5276 3682 859 1738 3227 632 2735 4672 3178 2226 4407 4701 4894 2297 3827 2130 3843 3345 4937 1527 2303 4016 3751 3762 1336
821 1300 822 1225 2760 4552 1037 5226 2561 1170 994 1659 121 774 1250 4805 960 496 398 236 3947 1447 773 2208 4018 0 1226 2144 1004 4325 2327 1209 3744 1357 725 1160 2147 441 735 947 1786 558 2125 353 1044 1805 2596 1975 1673 571 792 2745
1793 225 1794 48 2310 3903 587 4776 2111 520 1966 1209 1295 1948 442 4628 347 799 891 1410 3497 796 1948 1860 3568 1226 0 1795 264 3677 1855 508 3094 907 1698 459 1497 1615 1909 1920 1336 853 1675 1051 318 1456 2146 1324 498 730 480 2295
2458 1924 2459 1785 4009 5603 2286 6475 3810 2219 2630 2908 2203 2813 2141 6101 1945 1752 1800 2274 5196 2496 2812 551 5267 2134 1786 0 1674 5376 3554 2207 4794 2606 2362 2158 3196 2480 2774 2584 3035 1762 3374 1960 2017 508 3845 3024 2069 1639 1626 3994
1572 339 1572 263 2424 4018 701 4890 2225 634 1744 1323 1073 1727 556 4742 402 577 670 1188 3611 911 1726 1748 3682 1004 264 1683 0 3791 1969 622 3209 1021 1476 573 1611 1393 1687 1698 1450 631 1789 829 422 1344 2260 1439 711 508 258 2409
5525 4147 5526 4316 2110 1072 3813 4653 2250 3910 5698 3233 4845 5499 4017 4505 4270 4362 4442 4961 860 3559 5498 6091 1310 4776 4317 6026 4432 0 2496 3976 1297 3493 5430 3927 2972 5166 5460 5652 3055 4585 2888 4602 4095 5687 2285 3049 4766 4509 4511 2094
3076 1684 3077 1854 480 2247 1364 2977 281 1447 3249 784 2396 3049 1555 2829 1808 1912 1992 2511 1667 1096 3048 3628 1738 2327 1855 3563 1969 2021 0 1514 1438 1044 2980 1465 509 2716 3010 3202 606 2136 439 2152 1632 3224 316 586 2303 2059 2049 465
1789 337 1790 507 1969 3562 246 4435 1769 179 1962 868 1278 1932 207 4287 461 775 875 1393 3156 455 1931 2281 3227 1209 508 2216 622 3336 1514 0 2753 566 1694 118 1156 1598 1892 1916 994 849 1333 1034 285 1877 1805 983 956 767 702 1954
4325 2924 4326 3093 1080 883 2781 4395 1220 2687 4498 2201 3813 4467 2794 4246 3047 3311 3410 3929 480 2336 4466 4868 632 3744 3094 4803 3209 657 1438 2753 0 2461 4230 2704 1749 4134 4428 4452 2023 3385 1856 3570 2872 4464 1256 1826 3543 3303 3288 1065
2106 736 2107 906 1478 3269 394 3944 1278 499 2279 376 1426 2080 606 3795 860 943 1023 1541 2664 164 2079 2680 2735 1357 907 2615 1021 3042 1044 566 2461 0 2011 517 865 1746 2041 2233 503 1166 842 1182 684 2276 1313 692 1355 1090 1101 1462
166 1773 167 1697 3414 5039 1690 5880 3214 1655 419 2312 794 1003 1735 5459 1432 1110 1068 539 4601 1932 1002 2439 4672 725 1698 2375 1476 4812 2980 1694 4230 2011 0 1645 2632 744 1033 292 2439 884 2778 1027 1516 2036 3250 2460 2145 1044 1264 3399
1740 288 1741 458 1920 3513 197 4386 1720 130 1913 819 1229 1883 159 4238 412 726 826 1344 3107 406 1882 2232 3178 1160 459 2167 573 3287 1465 118 2704 517 1645 0 1107 1550 1844 1867 946 800 1285 985 236 1828 1756 934 907 718 653 1905
2728 1327 2729 1496 969 2558 1184 3466 769 1089 2901 606 2216 2870 1197 3318 1450 1713 1813 2332 2155 738 2869 3270 2226 2147 1497 3206 1611 2332 509 1156 1749 865 2632 1107 0 2537 2831 2854 585 1788 928 1973 1274 2867 805 229 1946 1705 1691 953
839 1690 840 1614 3150 4941 1426 5616 2950 1560 1012 2048 510 568 1639 5195 1349 885 787 254 4336 1836 567 2557 4407 441 1615 2492 1393 4715 2716 1598 4134 1746 744 1550 2537 0 529 966 2175 803 2514 743 1433 2153 2986 2364 2062 961 1182 3134
1024 1984 905 1908 3444 5235 1720 5910 3244 1854 906 2342 804 178 1933 5489 1643 1180 1081 548 4631 2130 177 2851 4701 735 1909 2786 1687 5009 3010 1892 4428 2041 1033 1844 2831 529 0 799 2469 1097 2808 1037 1727 2447 3280 2658 2356 1255 1476 3429
283 1995 164 1919 3636 5261 1912 6102 3436 1877 189 2534 1016 769 1957 5681 1654 1332 1290 761 4823 2154 768 2661 4894 947 1920 2597 1698 5034 3202 1916 4452 2233 292 1867 2854 966 799 0 2661 1106 3000 1249 1738 2258 3472 2682 2367 1266 1486 3621
2535 1165 2536 1335 1039 2830 823 3505 840 928 2708 243 1855 2509 1035 3357 1288 1371 1451 1970 2226 593 2508 3109 2297 1786 1336 3044 1450 2604 606 994 2023 503 2439 946 585 2175 2469 2661 0 1595 554 1611 1113 2705 875 412 1784 1519 1530 1024
980 928 981 852 2569 4194 845 5035 2370 810 1153 1468 627 1136 890 4614 587 265 223 598 3756 1087 1135 1836 3827 558 853 1771 631 3967 2136 849 3385 1166 884 800 1788 803 1097 1106 1595 0 1934 383 671 1432 2405 1615 1300 199 419 2554
2874 1504 2875 1673 873 2664 1162 3169 673 1267 3047 582 2194 2848 1374 3021 1627 1710 1790 2309 2059 932 2847 3448 2130 2125 1675 3383 1789 2437 439 1333 1856 842 2778 1285 928 2514 2808 3000 554 1934 0 1950 1452 3044 708 788 2123 1858 1869 857
1122 1126 1123 1050 2586 4377 862 5052 2386 996 1295 1484 422 1076 1075 4630 785 321 223 538 3772 1272 1075 2034 3843 353 1051 1969 829 4151 2152 1034 3570 1182 1027 985 1973 743 1037 1249 1611 383 1950 0 869 1630 2422 1800 1498 397 617 2570
1611 392 1612 317 2087 3681 364 4553 1888 297 1784 986 1113 1767 326 4405 235 613 709 1228 3274 574 1766 2091 3345 1044 318 2026 422 3454 1632 285 2872 684 1516 236 1274 1433 1727 1738 1113 671 1452 869 0 1687 1923 1102 766 558 462 2072
2119 1585 2120 1446 3670 5264 1947 6136 3471 1880 2291 2569 1864 2474 1802 5762 1606 1413 1461 1935 4857 2157 2473 572 4928 1795 1447 508 1335 5037 3215 1868 4455 2267 2023 1819 2857 2140 2434 2245 2696 1423 3035 1621 1678 0 3506 2685 1730 1300 1287 3655
3345 1975 3346 2145 269 2060 1633 3247 69 1738 3518 1053 2665 3319 1846 3098 2099 2182 2262 2781 1456 1387 3318 3919 1527 2596 2146 3854 2260 1834 316 1805 1256 1313 3250 1756 805 2986 3280 3472 875 2405 708 2422 1923 3515 0 882 2594 2329 2340 254
2555 1154 2556 1323 1046 2635 1012 3543 846 917 2728 434 2044 2697 1024 3395 1277 1541 1640 2159 2232 566 2696 3098 2303 1975 1324 3033 1439 2409 586 983 1826 692 2460 934 229 2364 2658 2682 412 1615 788 1800 1102 2694 882 0 1773 1533 1518 1030
2240 673 2241 496 2759 4352 1036 5225 2559 968 2413 1657 1742 2396 890 5076 796 1246 1338 1857 3945 1245 2395 2143 4016 1673 498 2078 711 4126 2303 956 3543 1355 2145 907 1946 2062 2356 2367 1784 1300 2123 1498 766 1739 2594 1773 0 1177 927 2743
1139 805 1140 729 2493 4112 769 4959 2294 728 1312 1392 640 1294 793 4538 474 189 237 756 3680 1005 1293 1713 3751 571 730 1648 508 3885 2059 767 3303 1090 1044 718 1705 961 1255 1266 1519 199 1858 397 558 1309 2329 1533 1177 0 296 2478
1360 554 1361 479 2504 4097 781 4970 2304 714 1532 1403 861 1515 667 4758 378 410 458 976 3691 990 1514 1700 3762 792 480 1635 258 3871 2049 702 3288 1101 1264 653 1691 1182 1476 1486 1530 419 1869 617 462 1296 2340 1518 927 296 0 2489
3494 2124 3495 2294 78 1869 1782 3396 218 1887 3667 1202 2814 3468 1994 3247 2248 2331 2411 2929 1265 1536 3467 4068 1336 2745 2295 4003 2409 1643 465 1954 1065 1462 3399 1905 953 3134 3429 3621 1024 2554 857 2570 2072 3664 254 1030 2743 2478 2489 0
EOF
