NAME : tsp_problem
TYPE : TSP
DIMENSION : 41
EDGE_WEIGHT_TYPE : EXPLICIT
EDGE_WEIGHT_FORMAT : FULL_MATRIX
EDGE_WEIGHT_SECTION
0 920 6072 3145 1989 628 781 704 449 639 928 1278 656 928 2843 1315 1908 1335 961 1812 1071 1316 998 3035 1043 1263 931 3857 1290 1110 1937 384 694 4937 827 701 5299 1999 1031 2489 4249
920 0 6721 3793 2594 904 1429 1352 1098 915 1576 1927 1304 1576 3491 1963 2557 1983 1107 2461 1719 1964 1646 3684 1692 1911 854 4506 1938 1758 2585 1033 1342 5586 1476 1349 5948 2648 1680 3137 4898
6089 6738 0 5793 6973 6105 5812 5654 5791 6438 5691 5149 5615 5960 3286 5200 4412 5819 6759 6008 5374 5186 5178 3160 5323 5458 6730 5712 6032 6094 4185 5726 5644 1302 5617 5732 1312 4157 5971 3783 1914
3145 3793 5793 0 4075 3161 2868 2726 2847 3493 3015 3103 2671 3015 4457 3310 3888 3340 3814 3818 3072 3296 2925 4650 3039 2923 3785 902 3377 3196 3916 2782 2716 4565 2914 2787 5020 3979 2456 4053 5144
1979 2582 6947 4066 0 1814 1240 1444 1682 1902 1387 2153 1430 1251 3717 1803 2583 1357 2223 1834 1682 1833 1919 3910 1781 2184 2194 4779 1259 960 2794 1616 1434 5812 1531 1313 6174 2874 1953 3363 5124
628 904 6088 3161 1823 0 616 538 686 422 763 1294 525 763 2859 1149 1755 1170 744 1647 905 1163 1014 3052 889 1279 714 3873 1125 944 1953 621 529 4953 662 535 5315 2015 1047 2505 4265
781 1429 5795 2868 1250 616 0 245 483 948 189 1001 232 189 2566 710 1456 596 1269 1073 496 740 721 2759 590 986 1240 3580 551 370 1660 418 236 4660 332 115 5022 1722 754 2212 3972
704 1352 5637 2726 1453 538 245 0 406 871 392 843 90 393 2408 684 1274 709 1192 1186 440 682 564 2600 408 830 1163 3438 754 574 1485 341 47 4502 292 165 4864 1564 612 2054 3814
449 1098 5774 2847 1691 686 483 406 0 818 630 980 358 630 2545 1017 1610 1037 1139 1515 773 1018 700 2738 745 965 1110 3559 992 812 1639 86 396 4639 530 403 5001 1701 733 2191 3951
639 915 6421 3493 1914 422 948 871 818 0 1095 1627 857 1095 3191 1482 2088 1502 366 1979 1238 1495 1346 3384 1222 1611 337 4205 1457 1276 2285 753 861 5285 994 867 5648 2348 1379 2837 4598
928 1576 5674 3015 1397 763 189 392 630 1095 0 881 379 336 2445 561 1310 447 1416 925 347 591 603 2637 447 869 1387 3727 661 517 1521 565 383 4539 347 261 4901 1601 901 2091 3851
1278 1927 5131 3103 2163 1294 1001 843 980 1627 881 0 804 1149 1902 389 967 1008 1948 1197 563 375 316 2095 512 596 1919 3816 1222 1284 996 915 833 3996 805 921 4358 1058 1005 1548 3308
656 1304 5598 2671 1440 525 232 90 358 857 379 804 0 379 2369 717 1307 742 1178 1219 473 715 524 2562 441 789 1149 3383 741 561 1463 293 80 4463 278 151 4825 1525 557 2015 3775
928 1576 5943 3015 1260 763 189 393 630 1095 336 1149 379 0 2713 857 1603 660 1416 1137 643 887 868 2906 737 1133 1387 3727 562 381 1807 565 383 4807 480 262 5170 1870 901 2359 4120
2843 3491 3269 4457 3727 2859 2566 2408 2545 3191 2445 1902 2369 2713 0 1953 1165 2572 3512 2761 2127 1939 1932 232 2076 2212 3483 4376 2786 2848 938 2480 2398 2133 2370 2485 2496 910 2724 537 1446
1315 1963 5183 3310 1812 1149 710 684 1017 1482 561 389 717 857 1953 0 819 657 1803 847 359 69 419 2146 365 699 1774 4023 871 933 1030 952 674 4048 600 739 4410 1110 1212 1599 3360
1908 2557 4395 3888 2592 1755 1456 1274 1610 2088 1310 967 1307 1603 1165 819 0 1437 2409 1626 992 804 997 1358 942 1277 2380 4600 1651 1713 242 1545 1264 3259 1236 1376 3622 388 1789 811 2572
1335 1983 5801 3340 1366 1170 596 709 1037 1502 447 1008 742 660 2572 657 1437 0 1823 689 625 687 881 2765 725 1147 1794 4053 425 487 1649 972 699 4666 625 669 5028 1729 1242 2218 3978
961 1107 6742 3814 2236 744 1269 1192 1139 366 1416 1948 1178 1416 3512 1803 2409 1823 0 2301 1559 1817 1667 3705 1543 1932 292 4527 1778 1598 2606 1074 1182 5607 1316 1189 5969 2669 1701 3158 4919
1812 2461 5991 3818 1844 1647 1073 1186 1515 1979 925 1197 1219 1137 2761 847 1626 689 2301 0 863 877 1227 2954 1173 1507 2271 4530 903 964 1838 1449 1176 4856 1102 1146 5218 1918 1719 2407 4168
1071 1719 5356 3072 1691 905 496 440 773 1238 347 563 473 643 2127 359 992 625 1559 863 0 349 593 2320 456 873 1530 3784 839 812 1204 708 430 4221 356 495 4583 1284 973 1773 3533
1316 1964 5168 3296 1842 1163 740 682 1018 1495 591 375 715 887 1939 69 804 687 1817 877 349 0 405 2132 350 685 1787 4008 901 963 1016 953 672 4033 630 769 4395 1095 1197 1585 3345
998 1647 5161 2925 1929 1014 721 564 700 1347 603 316 524 869 1932 419 997 881 1668 1227 593 405 0 2125 542 314 1639 3638 1095 1050 1026 635 555 4026 527 641 4388 1088 827 1578 3338
3035 3684 3142 4650 3919 3052 2759 2600 2738 3384 2637 2095 2562 2906 232 2146 1358 2765 3705 2954 2320 2132 2125 0 2269 2404 3676 4569 2978 3040 1131 2672 2591 2007 2563 2678 2369 1103 2917 729 1319
1043 1692 5306 3039 1791 889 590 408 745 1222 447 512 441 737 2076 365 942 725 1543 1173 456 350 542 2269 0 821 1514 3752 938 912 1154 680 398 4170 370 510 4533 1233 941 1722 3483
1264 1912 5441 2923 2194 1280 987 830 966 1612 869 596 790 1134 2212 699 1277 1147 1933 1507 873 685 314 2404 821 0 1904 3636 1360 1315 1306 901 820 4306 792 906 4668 1368 825 1858 3618
931 854 6713 3785 2206 714 1240 1163 1110 337 1387 1919 1149 1387 3483 1774 2380 1794 292 2271 1530 1787 1638 3676 1514 1903 0 4497 1749 1569 2577 1045 1153 5577 1286 1159 5940 2640 1671 3129 4890
3857 4506 5712 902 4788 3873 3580 3438 3559 4205 3727 3816 3383 3727 4376 4023 4600 4053 4527 4530 3784 4008 3638 4569 3752 3636 4497 0 4089 3909 4424 3494 3429 4484 3627 3500 4939 4396 3168 3973 5063
1290 1938 6015 3377 1268 1125 551 754 992 1457 661 1222 741 562 2786 871 1651 425 1778 903 839 901 1095 2978 938 1360 1749 4089 0 389 1862 927 745 4880 838 624 5242 1942 1263 2432 4192
1102 1750 6070 3189 975 937 363 566 804 1269 510 1276 553 374 2840 925 1705 480 1590 957 804 955 1042 3033 904 1307 1561 3901 382 0 1917 739 557 4934 653 436 5296 1997 1075 2486 4246
1937 2585 4167 3916 2803 1953 1660 1485 1639 2285 1521 996 1463 1807 938 1030 242 1649 2606 1838 1204 1016 1026 1131 1154 1306 2577 4424 1862 1924 0 1574 1476 3032 1448 1579 3394 161 1818 584 2344
384 1033 5709 2782 1626 621 418 341 86 753 565 915 293 565 2480 952 1545 972 1074 1449 708 953 635 2672 680 900 1045 3494 927 747 1574 0 331 4574 464 338 4936 1636 668 2126 3886
694 1342 5627 2716 1443 529 236 47 396 861 383 833 80 383 2398 674 1264 699 1182 1176 430 672 555 2591 398 820 1153 3429 745 564 1476 331 0 4492 282 155 4854 1554 602 2044 3804
4949 5598 1302 4565 5833 4966 4673 4514 4652 5298 4551 4009 4476 4820 2146 4060 3272 4679 5619 4868 4234 4046 4039 2020 4183 4318 5590 4484 4892 4954 3045 4587 4505 0 4477 4592 529 3017 4831 2643 774
827 1476 5599 2914 1540 662 332 292 530 994 347 805 278 480 2370 600 1236 625 1316 1102 356 630 527 2563 370 792 1286 3627 838 661 1448 464 282 4464 0 252 4826 1527 801 2016 3776
701 1349 5715 2787 1322 535 115 165 403 867 261 921 151 262 2485 739 1376 669 1189 1146 495 769 640 2678 510 905 1159 3500 624 443 1579 338 155 4580 252 0 4942 1642 674 2131 3892
5316 5965 1312 5020 6200 5332 5039 4881 5018 5665 4918 4376 4842 5187 2513 4427 3639 5046 5986 5235 4601 4413 4405 2387 4550 4685 5957 4939 5259 5321 3412 4953 4871 529 4844 4959 0 3384 5198 3010 1141
1999 2648 4140 3979 2883 2015 1722 1564 1701 2348 1601 1058 1525 1870 910 1110 388 1729 2669 1918 1284 1095 1088 1103 1233 1368 2640 4396 1942 2004 161 1636 1554 3004 1527 1642 3367 0 1881 556 2317
1031 1680 5954 2456 1962 1047 754 612 733 1379 901 1005 557 901 2724 1212 1789 1242 1701 1719 973 1197 827 2917 941 825 1671 3168 1263 1083 1818 668 602 4818 801 674 5180 1881 0 2370 4130
2489 3137 3766 4053 3373 2505 2212 2054 2191 2837 2091 1548 2015 2359 537 1599 811 2218 3158 2407 1773 1585 1578 729 1722 1858 3129 3973 2432 2494 584 2126 2044 2631 2016 2131 2993 556 2370 0 1943
4249 4898 1897 5144 5133 4265 3972 3814 3951 4598 3851 3308 3775 4120 1446 3360 2572 3978 4919 4168 3533 3345 3338 1319 3483 3618 4890 5063 4192 4254 2344 3886 3804 762 3776 3892 1124 2317 4130 1943 0
EOF
