NAME : tsp_problem
TYPE : TSP
DIMENSION : 52
EDGE_WEIGHT_TYPE : EXPLICIT
EDGE_WEIGHT_FORMAT : FULL_MATRIX
EDGE_WEIGHT_SECTION
0 1584 823 809 936 828 505 983 845 1000 4534 2391 836 920 821 1222 3531 1214 2785 2953 336 3149 2353 774 1886 712 3899 845 887 689 3378 2339 4162 853 3318 986 370 1326 935 731 969 3994 2503 3863 9470 1857 1349 879 2965 920 1061 5464
1584 0 986 1017 850 879 1332 740 802 701 5100 2255 1418 1486 1060 1804 3897 1977 3151 3509 1321 3515 2217 1044 1750 1329 4267 887 858 928 3745 2203 4530 837 3884 1351 1363 1908 796 895 990 4361 2367 4429 10036 2620 1931 1445 3520 835 818 6029
823 986 0 173 256 338 794 673 280 320 4256 2188 884 642 661 1271 3054 1444 2307 2665 713 2671 2150 645 1683 486 3423 347 207 529 2901 2136 3686 580 3040 508 519 1375 255 355 288 3518 2300 3585 9192 2086 1397 601 2677 240 750 5185
809 1017 173 0 287 330 790 704 311 351 4243 2219 899 629 692 1285 3040 1446 2294 2652 699 2658 2181 676 1714 472 3410 338 238 560 2887 2167 3673 611 3026 494 506 1390 286 386 319 3504 2331 3572 9179 2089 1412 588 2663 271 781 5172
936 850 256 287 0 306 762 537 230 252 4369 2052 847 755 489 1233 3167 1407 2421 2779 751 2785 2014 474 1547 599 3536 314 83 358 3014 2000 3799 444 3153 621 633 1338 188 322 260 3631 2164 3698 9306 2049 1360 715 2790 60 615 5299
828 879 338 330 306 0 576 565 137 297 4306 2080 666 692 504 1052 3103 1226 2357 2715 565 2721 2042 457 1575 535 3473 52 313 372 2950 2028 3736 472 3090 557 569 1157 393 212 484 3567 2192 3635 9242 1868 1179 651 2726 290 643 5235
505 1332 794 790 762 576 0 731 593 752 4515 2139 584 901 569 970 3512 962 2765 2934 242 3130 2101 522 1634 692 3880 593 769 437 3359 2087 4143 601 3299 966 726 1074 848 479 940 3974 2251 3844 9451 1605 1097 859 2945 746 809 5444
983 740 673 704 537 565 731 0 489 388 4787 1654 817 1173 459 1203 3584 1376 2838 3196 720 3202 1616 443 1149 1016 3954 574 544 327 3431 1602 4217 236 3571 1038 1050 1307 483 569 677 4048 1766 4116 9723 2019 1330 1132 3207 522 114 5716
845 802 280 311 230 137 593 489 0 221 4394 2004 683 780 441 1069 3192 1243 2445 2803 582 2809 1966 426 1499 624 3561 145 237 310 3039 1952 3824 396 3178 646 657 1173 317 154 414 3656 2116 3723 9330 1885 1196 739 2815 214 566 5323
1000 701 320 351 252 297 752 388 221 0 4433 1902 838 819 480 1224 3231 1397 2484 2842 742 2849 1864 465 1397 663 3600 305 204 348 3078 1850 3863 295 3217 685 697 1328 130 314 324 3695 2014 3762 9369 2040 1351 779 2854 237 465 5363
4552 5117 4273 4260 4387 4323 4532 4804 4411 4451 0 6319 4810 3732 4792 5196 1256 5188 2154 1669 4442 1705 6281 4745 5814 4215 1108 4331 4338 4660 1429 6267 1371 4711 1285 3797 4248 5301 4386 4486 4419 1202 6431 995 5064 5831 5323 3828 1680 4371 4881 1058
2381 2246 2178 2209 2043 2071 1974 1645 1995 1893 6292 0 1821 2678 1608 2207 5090 2336 4343 4701 2118 4707 567 1685 936 2522 5459 2079 2050 1744 4937 109 5722 1742 5076 2544 2555 2266 1989 1986 2183 5554 716 5621 11228 2810 2288 2637 4713 2027 1722 7221
835 1418 884 899 847 666 428 817 683 838 4793 1830 0 1179 583 426 3622 601 2875 3212 572 3239 1792 420 1325 1022 3991 683 854 523 3469 1778 4254 687 3577 1076 1055 530 933 569 1030 4086 1942 4122 9729 1242 553 1137 3223 832 894 5722
920 1486 642 629 755 692 901 1173 780 819 3714 2687 1179 0 1160 1565 2711 1557 1965 2133 810 2329 2649 1114 2183 583 3079 700 707 1029 2558 2636 3342 1080 2498 166 617 1669 755 855 788 3174 2799 3043 8650 2200 1692 197 2145 740 1250 4644
821 1060 661 692 489 504 569 459 441 480 4775 1617 583 1160 0 969 3572 1142 2826 3184 558 3190 1579 210 1112 1004 3942 521 497 165 3419 1565 4205 329 3558 1026 1038 1073 576 407 674 4036 1729 4103 9711 1785 1096 1120 3195 474 536 5704
1221 1804 1271 1285 1233 1052 814 1203 1069 1224 5179 2217 426 1565 969 0 4008 234 3262 3598 958 3626 2179 806 1712 1408 4378 1070 1241 909 3855 2165 4641 1073 3963 1462 1442 164 1320 955 1416 4472 2329 4508 10115 875 186 1524 3610 1218 1280 6108
3531 3897 3054 3040 3167 3103 3512 3584 3192 3231 1242 5099 3622 2711 3572 4008 0 4168 932 635 3421 483 5061 3525 4594 3194 404 3111 3118 3440 207 5047 667 3491 272 2578 3228 4112 3166 3266 3200 498 5211 571 6178 4811 4135 2808 646 3151 3662 2171
1213 1977 1444 1446 1407 1226 806 1376 1243 1397 5171 2349 601 1557 1142 234 4168 0 3422 3590 950 3786 2311 979 1844 1400 4536 1243 1414 1082 4015 2297 4799 1246 3955 1623 1434 187 1493 1129 1590 4630 2461 4500 10107 697 209 1516 3601 1391 1454 6100
2785 3151 2307 2294 2421 2357 2765 2838 2445 2484 2139 4353 2875 1965 2826 3262 932 3422 0 544 2675 550 4315 2779 3848 2448 1302 2365 2372 2694 779 4301 1565 2745 925 1831 2482 3366 2420 2520 2453 1396 4465 1468 7075 4064 3388 2062 555 2405 2915 3068
2953 3509 2665 2652 2779 2715 2934 3196 2803 2842 1652 4711 3212 2133 3184 3598 635 3590 544 0 2843 252 4673 3137 4206 2616 1004 2723 2730 3052 482 4659 1267 3103 435 2189 2650 3702 2778 2878 2811 1099 4823 980 6588 4233 3725 2230 65 2763 3273 2581
336 1321 713 699 751 565 242 720 582 742 4425 2128 573 810 558 959 3421 951 2675 2843 0 3039 2090 511 1623 602 3789 582 758 426 3269 2076 4052 590 3208 876 580 1063 826 468 859 3884 2240 3753 9361 1594 1086 769 2855 735 798 5354
3149 3515 2671 2658 2785 2721 3130 3202 2809 2849 1690 4717 3239 2329 3190 3626 483 3786 550 252 3039 0 4679 3143 4212 2812 853 2729 2736 3058 330 4665 1116 3109 553 2195 2846 3730 2784 2884 2817 947 4829 1018 6626 4429 3753 2426 264 2769 3279 2619
2343 2208 2140 2171 2005 2033 1936 1607 1957 1855 6254 567 1783 2640 1570 2169 5052 2298 4305 4663 2080 4669 0 1647 898 2484 5421 2041 2012 1706 4899 515 5684 1704 5038 2506 2517 2228 1951 1948 2145 5516 201 5583 11190 2772 2250 2599 4675 1989 1684 7183
774 1044 645 676 474 457 522 443 426 465 4728 1694 420 1114 210 806 3525 979 2779 3137 511 3143 1656 0 1189 957 3895 474 481 149 3373 1642 4158 313 3512 979 991 910 560 360 658 3989 1806 4057 9664 1622 933 1073 3149 458 521 5657
1876 1741 1674 1705 1538 1566 1469 1140 1490 1388 5787 936 1316 2173 1103 1703 4585 1831 3839 4196 1613 4203 898 1180 0 2017 4954 1574 1545 1239 4432 885 5217 1237 4571 2039 2051 1761 1484 1481 1678 5049 1048 5116 10723 2305 1783 2133 4208 1522 1217 6717
712 1329 486 472 599 535 692 1016 624 663 4197 2531 1022 583 1004 1408 3194 1400 2448 2616 602 2812 2493 957 2026 0 3562 543 550 872 3041 2479 3825 923 2981 649 408 1512 598 698 632 3657 2643 3526 9133 2043 1535 542 2628 583 1094 5127
4350 4907 4064 4050 4177 4113 4331 4594 4201 4241 1525 6109 4609 3530 4582 4995 1044 4987 1942 1467 4240 1493 6071 4535 5604 4013 0 4121 4128 4450 1217 6057 1156 4501 1083 3588 4047 5099 4176 4276 4209 988 6221 853 6461 5630 5122 3627 1479 4161 4671 2454
845 887 347 338 314 52 593 574 145 305 4314 2088 683 700 521 1070 3111 1243 2365 2723 582 2729 2050 474 1583 543 3481 0 321 389 2959 2036 3744 480 3098 565 577 1174 401 220 492 3575 2200 3643 9250 1885 1196 659 2734 298 651 5243
887 858 207 238 83 313 769 544 237 204 4321 2059 854 707 497 1241 3118 1414 2372 2730 758 2736 2021 481 1554 550 3488 321 0 365 2965 2007 3751 451 3105 572 584 1345 139 330 211 3582 2171 3650 9257 2056 1367 666 2741 67 622 5250
689 928 529 560 358 372 437 327 310 348 4643 1753 523 1029 165 909 3440 1082 2694 3052 426 3058 1715 149 1248 872 3810 389 365 0 3288 1701 4073 197 3427 894 906 1013 444 275 542 3904 1865 3972 9579 1725 1036 988 3064 342 405 5572
3378 3745 2901 2887 3014 2950 3359 3431 3039 3078 1413 4946 3469 2558 3419 3855 207 4015 779 482 3269 330 4908 3373 4441 3041 576 2959 2965 3288 0 4894 839 3339 277 2425 3075 3959 3014 3113 3047 671 5058 742 6349 4658 3982 2655 493 2999 3509 2342
2329 2194 2127 2158 1991 2019 1922 1593 1943 1841 6240 109 1769 2626 1556 2156 5038 2284 4292 4650 2066 4656 515 1633 885 2470 5407 2027 1998 1692 4885 0 5670 1690 5024 2492 2504 2214 1937 1934 2131 5502 665 5569 11176 2758 2236 2586 4661 1975 1670 7170
4085 4642 3799 3785 3912 3848 4066 4329 3937 3976 1260 5844 4344 3265 4317 4730 779 4722 1677 1203 3976 1228 5806 4270 5339 3748 629 3856 3863 4185 952 5792 0 4236 818 3323 3782 4835 3911 4011 3945 723 5956 589 6196 5365 4857 3362 1214 3896 4407 2189
853 837 580 611 444 472 601 236 396 295 4694 1751 687 1080 329 1073 3491 1246 2745 3103 590 3109 1713 313 1246 923 3861 480 451 197 3339 1699 4124 0 3478 945 957 1177 390 439 584 3955 1863 4023 9630 1889 1200 1039 3114 429 314 5623
3318 3884 3040 3026 3153 3090 3299 3571 3178 3217 1267 5085 3577 2498 3558 3963 272 3955 925 435 3208 553 5047 3512 4580 2981 632 3098 3105 3427 277 5033 895 3478 0 2564 3015 4067 3153 3252 3186 727 5197 596 6203 4598 4090 2595 447 3138 3648 2197
986 1351 508 494 621 557 966 1038 646 685 3780 2553 1076 166 1026 1462 2578 1623 1831 2189 876 2195 2515 979 2048 649 2947 565 572 894 2425 2501 3210 945 2564 0 683 1566 620 720 654 3042 2665 3109 8716 2265 1589 263 2201 606 1116 4709
370 1363 519 506 633 569 726 1050 657 697 4231 2565 1055 617 1038 1442 3228 1434 2482 2650 580 2846 2527 991 2060 408 3596 577 584 906 3075 2513 3859 957 3015 683 0 1546 632 732 665 3690 2677 3560 9167 2076 1569 576 2661 617 1127 5160
1326 1908 1375 1390 1338 1157 918 1307 1173 1328 5284 2278 530 1669 1073 164 4112 187 3366 3702 1063 3730 2240 910 1773 1512 4482 1174 1345 1013 3959 2226 4745 1177 4067 1566 1546 0 1424 1060 1521 4576 2390 4612 10220 741 52 1628 3714 1322 1385 6213
935 796 255 286 188 393 848 483 317 130 4369 1998 933 755 576 1320 3166 1493 2420 2778 826 2784 1960 560 1493 598 3536 401 139 444 3014 1946 3799 390 3153 620 632 1424 0 409 259 3630 2110 3698 9305 2135 1446 714 2789 172 561 5298
731 895 355 386 322 212 479 569 154 314 4469 1995 569 855 407 955 3266 1129 2520 2878 468 2884 1957 360 1490 698 3636 220 330 275 3113 1943 3899 439 3252 720 732 1060 409 0 501 3730 2107 3798 9405 1771 1082 814 2889 307 647 5398
969 990 288 319 260 484 940 677 414 324 4402 2192 1030 788 674 1416 3200 1590 2453 2811 859 2817 2154 658 1687 632 3569 492 211 542 3047 2140 3832 584 3186 654 665 1521 259 501 0 3664 2304 3731 9338 2232 1543 747 2823 244 754 5331
4335 4892 4048 4035 4161 4098 4315 4579 4186 4225 1509 6094 4594 3515 4567 4980 1029 4972 1927 1452 4225 1478 6056 4520 5589 3998 252 4106 4113 4435 1201 6042 391 4486 1068 3572 4032 5084 4161 4261 4194 0 6205 838 6445 5615 5107 3612 1464 4146 4656 2438
2493 2358 2290 2321 2155 2183 2086 1756 2107 2005 6404 716 1933 2790 1720 2319 5202 2448 4455 4813 2230 4819 201 1797 1048 2634 5571 2191 2162 1856 5049 665 5834 1854 5188 2656 2667 2378 2101 2098 2294 5666 0 5733 11340 2922 2400 2749 4825 2139 1834 7333
3863 4429 3585 3572 3698 3635 3844 4116 3723 3762 978 5630 4122 3043 4103 4508 568 4500 1466 980 3753 1017 5592 4057 5126 3526 420 3643 3650 3972 740 5579 683 4023 596 3109 3560 4612 3698 3798 3731 514 5742 0 5914 5143 4635 3140 992 3683 4193 1907
9488 10053 9209 9196 9323 9259 9468 9740 9347 9387 5064 11255 9746 8668 9728 10133 6192 10124 7090 6605 9378 6641 11217 9681 10750 9151 6044 9267 9274 9596 6365 11203 6307 9647 6221 8733 9184 10237 9322 9422 9355 6138 11367 5931 0 10767 10259 8764 6616 9307 9817 4520
1856 2620 2086 2089 2049 1868 1449 2019 1885 2040 5814 2842 1242 2200 1785 875 4811 697 4064 4233 1593 4429 2804 1622 2337 2043 5179 1885 2056 1725 4658 2790 5442 1889 4598 2265 2076 741 2135 1771 2232 5273 2954 5143 10750 0 764 2158 4244 2034 2096 6743
1348 1931 1397 1412 1360 1179 941 1330 1196 1351 5306 2301 553 1692 1096 186 4135 209 3388 3725 1085 3753 2263 933 1796 1535 4504 1196 1367 1036 3982 2249 4767 1200 4090 1589 1569 52 1446 1082 1543 4599 2413 4635 10242 764 0 1651 3736 1345 1407 6235
879 1445 601 588 715 651 859 1132 739 779 3811 2647 1137 197 1120 1524 2808 1516 2062 2230 769 2426 2609 1073 2142 542 3176 659 666 988 2655 2595 3439 1039 2595 263 576 1628 714 814 747 3270 2759 3140 8747 2158 1651 0 2241 699 1209 4740
2965 3520 2677 2663 2790 2726 2945 3207 2815 2854 1663 4722 3223 2145 3195 3610 646 3601 555 65 2855 264 4684 3149 4217 2628 1016 2734 2741 3064 493 4670 1279 3114 447 2201 2661 3714 2789 2889 2823 1110 4834 992 6599 4244 3736 2241 0 2775 3285 2592
920 835 240 271 60 290 746 522 214 237 4354 2036 832 740 474 1218 3151 1391 2405 2763 735 2769 1998 458 1532 583 3521 298 67 342 2999 1985 3784 429 3138 606 617 1322 172 307 244 3615 2148 3683 9290 2034 1345 699 2775 0 599 5283
1061 818 750 781 615 643 809 114 566 465 4864 1731 894 1250 536 1280 3662 1454 2915 3273 798 3279 1693 521 1226 1094 4031 651 622 405 3509 1679 4294 314 3648 1116 1127 1385 561 647 754 4126 1843 4193 9800 2096 1407 1209 3285 599 0 5793
5481 6046 5203 5189 5316 5252 5461 5733 5340 5380 1058 7248 5739 4661 5721 6126 2186 6117 3084 2598 5371 2634 7210 5674 6743 5144 2037 5260 5267 5589 2358 7196 2300 5640 2214 4727 5177 6230 5315 5415 5348 2132 7360 1925 4520 6760 6252 4757 2609 5300 5811 0
EOF
