NAME : tsp_problem
TYPE : TSP
DIMENSION : 44
EDGE_WEIGHT_TYPE : EXPLICIT
EDGE_WEIGHT_FORMAT : FULL_MATRIX
EDGE_WEIGHT_SECTION
0 1819 359 3345 192 3497 3168 453 557 4072 383 643 2566 530 3172 1837 160 1937 1885 1498 2589 393 3313 2019 799 1061 1678 1843 2890 634 3863 351 1060 1807 1455 439 1829 1491 4423 570 1581 2517 665 438
1819 0 1524 4716 1883 4668 4339 1436 1320 5243 1748 1607 3737 2100 4343 3208 1851 512 771 2356 3760 2083 4684 2877 1113 1962 960 1125 4071 1396 5034 1744 1510 157 441 1811 791 435 5594 1333 2439 3689 1836 1564
359 1524 0 3451 423 3602 3273 249 258 4177 288 344 2671 640 3277 1942 392 1642 1590 1351 2694 625 3419 1872 504 915 1383 1548 2995 334 3968 284 760 1512 1160 545 1534 1197 4529 270 1434 2623 771 234
3345 4716 3451 0 3289 477 955 3640 3445 886 3566 3185 1027 3713 959 1764 3343 4847 4795 4681 1050 3266 123 5201 3709 4244 4588 4753 688 3440 677 3534 3931 4704 4352 2977 4739 4401 4148 3458 4764 1632 3203 3625
192 1883 423 3289 0 3441 3112 517 622 4016 307 591 2510 454 3116 1781 84 2002 1949 1422 2533 328 3257 1943 863 985 1742 1907 2834 698 3807 275 1124 1871 1519 383 1893 1556 4367 634 1505 2461 609 502
3497 4668 3602 477 3441 0 900 3791 3397 698 3717 3335 976 3864 903 1919 3494 4967 4915 4832 999 3418 445 5353 3829 4395 4708 4873 653 3392 489 3685 3883 4655 4304 3129 4859 4522 3960 3410 4915 1581 3155 3776
3168 4339 3273 955 3112 900 0 3463 3069 1475 3388 3007 647 3536 74 1590 3166 4639 4586 4504 670 3089 924 5024 3500 4067 4380 4545 325 3063 1266 3357 3554 4327 3975 2800 4530 4193 4008 3081 4586 1253 2826 3448
453 1436 249 3640 517 3791 3463 0 447 4366 382 533 2861 734 3466 2132 485 1554 1502 1185 2884 719 3608 1706 416 748 1295 1460 3184 523 4158 378 758 1424 1072 734 1446 1108 4718 460 1268 2812 960 198
557 1320 258 3445 622 3397 3069 447 0 3972 486 337 2467 839 3072 1937 590 1620 1568 1532 2490 818 3414 2052 481 1095 1361 1526 2800 126 3764 482 552 1308 956 540 1511 1174 4324 62 1614 2418 565 432
4072 5243 4177 883 4016 698 1475 4366 3972 0 4292 3911 1551 4439 1478 2493 4069 5543 5490 5407 1574 3993 852 5928 4404 4970 5283 5448 1229 3967 397 4260 4458 5231 4879 3704 5434 5097 3305 3985 5490 2156 3730 4351
383 1748 288 3566 307 3717 3388 382 486 4292 0 572 2786 487 3392 2057 275 1866 1814 1287 2809 605 3534 1807 728 850 1607 1772 3110 563 4083 168 988 1736 1384 660 1758 1420 4644 499 1369 2738 886 367
643 1607 344 3185 591 3335 3007 533 337 3911 572 0 2405 924 3010 1677 645 1737 1685 1635 2428 568 3153 2156 599 1198 1478 1643 2730 413 3702 568 839 1595 1243 279 1628 1291 4262 349 1718 2356 504 518
2566 3737 2671 1027 2510 976 647 2861 2467 1551 2786 2405 0 2934 651 988 2564 4037 3984 3902 68 2487 995 4422 2898 3465 3778 3943 379 2461 1342 2755 2952 3725 3373 2198 3928 3591 3406 2479 3984 651 2224 2846
530 2100 640 3713 454 3864 3536 734 839 4439 487 924 2934 0 3539 2205 423 2219 2166 1412 2957 752 3681 1933 1080 975 1959 2124 3257 915 4231 520 1341 2088 1736 807 2110 1773 4791 851 1495 2885 1033 719
3172 4343 3277 959 3116 903 74 3466 3072 1478 3392 3010 651 3539 0 1594 3169 4642 4590 4507 674 3093 927 5028 3504 4070 4383 4548 328 3067 1270 3360 3558 4330 3979 2804 4534 4196 4012 3085 4590 1256 2830 3451
1837 3208 1942 1764 1781 1919 1590 2132 1937 2494 2057 1677 988 2205 1594 0 1835 3339 3287 3173 1012 1758 1732 3693 2201 2736 3080 3245 1308 1931 2285 2026 2423 3195 2844 1469 3230 2893 2877 1950 3255 940 1695 2117
160 1851 392 3343 84 3494 3166 485 590 4069 275 645 2564 423 3169 1835 0 1970 1917 1391 2587 382 3311 1911 831 954 1711 1876 2887 666 3861 244 1092 1839 1488 437 1861 1524 4421 603 1473 2515 663 471
1937 512 1642 4847 2002 4967 4639 1554 1620 5543 1866 1737 4037 2219 4642 3339 1970 0 286 2113 4060 2202 4816 2634 1232 1934 533 698 4370 1696 5334 1862 1809 626 910 1942 364 904 5894 1633 2196 3988 2136 1683
1885 771 1590 4795 1949 4915 4586 1502 1568 5490 1814 1685 3984 2166 4590 3287 1917 286 0 2224 4007 2150 4763 2744 1180 2028 480 645 4318 1643 5281 1810 1757 885 933 1889 316 968 5841 1580 2307 3936 2083 1630
1489 2344 1342 4672 1413 4823 4494 1176 1522 5398 1277 1626 3892 1403 4498 3163 1381 2082 2211 0 3915 1711 4640 898 1370 495 2005 2170 4216 1598 5189 1311 1712 2333 1981 1766 2155 2016 5749 1535 460 3844 1992 1159
2589 3760 2694 1050 2533 999 670 2884 2490 1574 2809 2428 68 2957 674 1012 2587 4060 4007 3925 0 2510 1018 4445 2921 3488 3801 3966 402 2484 1365 2778 2975 3748 3396 2221 3951 3614 3429 2502 4007 674 2247 2869
393 2083 625 3266 328 3418 3089 719 818 3993 605 568 2487 752 3093 1758 382 2202 2150 1720 2510 0 3235 2241 1064 1283 1943 2108 2811 823 3784 573 1314 2072 1720 361 2093 1756 4344 830 1803 2439 586 704
3313 4684 3419 123 3257 445 924 3608 3414 854 3534 3153 995 3681 927 1732 3311 4816 4763 4649 1018 3235 0 5170 3677 4212 4556 4721 656 3408 645 3502 3899 4672 4320 2946 4707 4370 4116 3426 4732 1600 3171 3593
2010 2864 1863 5192 1934 5344 5015 1697 2043 5919 1798 2147 4413 1923 5019 3684 1902 2602 2732 898 4436 2231 5160 0 1890 1015 2525 2690 4737 2119 5710 1832 2232 2854 2502 2286 2676 2537 6270 2056 543 4364 2512 1680
799 1113 504 3709 863 3829 3500 416 481 4404 728 599 2898 1080 3504 2201 831 1232 1180 1379 2921 1064 3677 1900 0 942 973 1138 3232 557 4195 724 671 1103 751 803 1123 786 4755 494 1462 2850 997 544
1054 1954 907 4236 978 4388 4059 741 1087 4963 842 1191 3457 967 4063 2728 946 1894 2020 510 3480 1276 4205 1031 934 0 1814 1979 3781 1163 4754 876 1277 1943 1591 1331 1964 1627 5314 1100 593 3409 1557 724
1678 960 1383 4588 1742 4708 4380 1295 1361 5283 1607 1478 3778 1959 4383 3080 1711 533 480 2017 3801 1943 4556 2538 973 1821 0 212 4111 1436 5075 1603 1550 1074 726 1682 344 761 5635 1373 2100 3729 1876 1424
1843 1125 1548 4753 1907 4873 4545 1460 1526 5448 1772 1643 3943 2124 4548 3245 1876 698 645 2182 3966 2108 4721 2703 1138 1986 212 0 4276 1601 5240 1768 1715 1239 891 1847 509 926 5800 1538 2265 3894 2041 1589
2890 4071 2995 688 2834 653 325 3184 2800 1229 3110 2730 379 3257 328 1308 2887 4370 4318 4225 402 2811 656 4746 3232 3788 4111 4276 0 2794 1020 3078 3286 4058 3706 2522 4262 3924 3740 2813 4308 984 2558 3169
634 1397 334 3440 698 3392 3063 523 126 3967 563 413 2461 915 3067 1931 666 1696 1644 1608 2484 823 3408 2129 558 1171 1437 1602 2794 0 3758 559 559 1384 1033 534 1588 1250 4318 139 1691 2412 508 509
3863 5034 3968 675 3807 489 1266 4158 3764 397 4083 3702 1342 4231 1270 2284 3861 5334 5281 5198 1365 3784 643 5719 4195 4762 5075 5240 1020 3758 0 4052 4249 5022 4670 3495 5225 4888 3658 3776 5281 1948 3521 4143
351 1744 284 3534 275 3685 3357 378 482 4260 168 568 2755 520 3360 2026 244 1862 1810 1320 2778 573 3502 1841 724 883 1603 1768 3078 559 4052 0 985 1732 1380 628 1754 1416 4612 495 1403 2706 854 363
1060 1510 760 3931 1124 3883 3554 758 552 4458 988 839 2952 1341 3558 2423 1092 1809 1757 1721 2975 1314 3899 2242 671 1284 1550 1715 3286 559 4249 985 0 1497 1146 1026 1701 1363 4253 565 1804 2904 896 886
1807 157 1512 4704 1871 4655 4327 1424 1308 5231 1736 1595 3725 2088 4330 3195 1839 626 885 2346 3748 2072 4672 2866 1103 1950 1074 1239 4058 1384 5022 1732 1497 0 429 1798 905 549 5582 1321 2429 3676 1824 1552
1455 441 1160 4352 1519 4304 3975 1072 956 4879 1384 1243 3373 1736 3979 2844 1488 910 933 1994 3396 1720 4320 2515 751 1598 726 891 3706 1032 4670 1380 1146 429 0 1447 877 539 5230 969 2077 3324 1472 1200
439 1811 545 2977 383 3129 2800 734 540 3704 660 279 2198 807 2804 1469 437 1942 1889 1775 2221 361 2946 2296 803 1338 1682 1847 2522 534 3495 628 1026 1798 1447 0 1833 1496 4055 553 1858 2150 298 719
1829 791 1534 4739 1893 4859 4530 1446 1511 5434 1758 1628 3928 2110 4534 3230 1861 364 316 2168 3951 2093 4707 2688 1123 1972 344 509 4262 1587 5225 1754 1701 905 877 1833 0 912 5785 1524 2250 3880 2027 1574
1491 435 1197 4401 1556 4522 4193 1108 1174 5097 1420 1291 3591 1773 4196 2893 1524 904 968 2029 3614 1756 4370 2550 786 1635 761 926 3924 1250 4888 1416 1363 549 539 1496 912 0 5448 1187 2112 3542 1690 1237
4423 5594 4529 4145 4367 3960 4008 4718 4324 3305 4644 4262 3406 4791 4012 2877 4421 5894 5841 5759 3429 4344 4113 6279 4755 5322 5635 5800 3740 4318 3658 4612 4253 5582 5230 4055 5785 5448 0 4336 5842 3358 4081 4703
570 1333 270 3458 634 3410 3081 460 62 3985 499 349 2479 851 3085 1950 603 1633 1580 1544 2502 830 3426 2065 494 1107 1373 1538 2813 139 3776 495 565 1321 969 553 1524 1187 4336 0 1627 2431 578 445
1572 2427 1425 4754 1496 4906 4577 1259 1605 5481 1360 1709 3975 1485 4581 3246 1464 2164 2294 460 3998 1794 4723 543 1452 577 2087 2252 4299 1681 5272 1394 1795 2416 2064 1849 2238 2099 5832 1618 0 3927 2075 1242
2517 3689 2623 1632 2461 1581 1253 2812 2418 2156 2738 2356 651 2885 1256 940 2515 3988 3936 3853 674 2439 1600 4374 2850 3416 3729 3894 984 2412 1948 2706 2904 3676 3324 2150 3880 3542 3358 2431 3936 0 2176 2797
665 1836 771 3203 609 3155 2826 960 565 3730 886 504 2224 1033 2830 1695 663 2136 2083 2001 2247 586 3171 2522 997 1564 1876 2041 2558 508 3521 854 896 1824 1472 298 2027 1690 4081 578 2084 2176 0 945
438 1564 234 3625 502 3776 3448 198 432 4351 367 518 2846 719 3451 2117 471 1683 1630 1168 2869 704 3593 1689 544 732 1424 1589 3169 509 4143 363 886 1552 1200 719 1574 1237 4703 445 1251 2797 945 0
EOF
