NAME : tsp_problem
TYPE : TSP
DIMENSION : 68
EDGE_WEIGHT_TYPE : EXPLICIT
EDGE_WEIGHT_FORMAT : FULL_MATRIX
EDGE_WEIGHT_SECTION
0 1861 1448 1032 1184 2767 1029 618 1230 2882 605 1377 1384 1101 1013 344 1494 955 2830 1309 882 1221 1402 213 1172 1484 1233 953 2534 809 2008 2179 2106 1335 1226 857 1296 1037 2683 793 2880 175 2241 1691 1423 2497 1609 1179 1012 2895 1035 2621 1413 1748 1277 1811 1245 1261 2153 2539 2152 1619 2626 1107 2854 1451 1125 1404
1861 0 3041 1380 2777 4360 1440 1484 698 2194 2198 2969 618 985 1239 2137 1475 971 4621 1049 2675 889 642 2006 1029 621 944 969 1001 2601 286 3934 574 584 3018 1083 1197 920 4473 2585 2192 1968 4034 648 751 965 1710 936 1273 2207 1261 1088 1005 537 940 89 713 2854 3746 817 430 1173 1094 1008 4456 1264 1313 995
1448 3041 0 2412 304 1887 2408 1630 2410 4262 1045 497 2661 2481 2193 1152 2874 2334 2149 2688 957 2601 2757 1270 2352 2664 2413 2332 3883 948 3187 1461 3455 2627 578 2037 2476 2217 2001 932 4260 1307 1564 3040 2603 3846 2989 2559 2392 4275 2215 3970 2793 3097 2657 2991 2424 287 1274 3719 3332 2999 3975 2287 1983 2831 2505 2784
1032 1380 2412 0 2148 3731 283 856 758 1976 1569 2341 911 439 612 1309 588 554 3795 462 1847 547 787 1178 770 1012 832 552 2041 1773 1527 3143 1613 863 2190 455 894 636 3647 1758 1974 1139 3206 1198 967 2004 703 517 228 1989 634 2128 612 1255 476 1330 773 2226 3118 2058 1671 713 2133 705 3819 545 219 602
1184 2777 304 2148 0 1622 2145 1366 2146 3998 782 232 2397 2217 1929 888 2610 2070 1883 2425 692 2337 2493 1006 2088 2400 2149 2068 3619 684 2924 1196 3191 2363 313 1773 2212 1953 1736 668 3996 1043 1299 2776 2339 3582 2725 2295 2128 4011 1951 3706 2529 2833 2393 2727 2161 117 1009 3455 3068 2735 3711 2023 1718 2567 2241 2520
2767 4360 1887 3731 1622 0 3727 2948 3729 5581 2364 1496 3980 3800 3512 2469 4193 3653 651 4007 1954 3920 4075 2587 3670 3982 3732 3651 5201 2265 4506 641 4774 3946 1575 3355 3794 3536 503 2249 5579 2626 580 4358 3922 5165 4308 3877 3711 5594 3534 5289 4112 4416 3976 4309 3743 1700 1261 5038 4650 4318 5294 3606 468 4150 3824 4102
1029 1440 2408 283 2145 3727 0 852 813 2133 1565 2337 966 494 608 1305 745 550 3791 568 1843 608 848 1174 766 1067 828 548 2100 1770 1587 3139 1673 917 2186 451 890 632 3643 1754 2131 1135 3202 1257 1018 2064 860 571 263 2146 630 2187 673 1315 537 1390 828 2222 3114 2118 1731 870 2193 702 3815 702 376 663
618 1484 1630 856 1366 2948 852 0 854 2706 787 1558 1105 925 636 728 1318 778 3210 1132 1264 1045 1200 597 795 1107 857 776 2326 1190 1631 2523 1899 1070 1607 480 919 661 3062 1174 2704 565 2623 1483 1047 2290 1433 1002 835 2719 659 2413 1237 1541 1101 1434 868 1443 2335 2162 1775 1442 2419 730 3045 1274 949 1227
1230 698 2410 758 2146 3729 813 854 0 1966 1567 2339 318 358 608 1506 853 340 3990 427 2044 262 414 1375 399 321 314 338 1540 1970 845 3303 1112 284 2387 452 567 289 3843 1955 1964 1337 3403 697 276 1504 1088 309 651 1979 631 1627 454 755 318 648 82 2223 3115 1376 989 810 1633 378 3825 642 691 444
2873 2185 4253 1967 3989 5571 2123 2696 1957 0 3409 4181 1760 1933 2452 3149 1834 2047 5635 1767 3687 1763 1592 3018 2288 1879 2203 2045 2601 3614 2287 4983 2173 1711 4030 2296 2456 2179 5487 3598 141 2979 5046 2002 2010 2564 2070 1884 1999 513 2474 2688 1561 2060 1692 2135 1971 4066 4958 2818 2431 1479 2504 2267 5659 1623 1899 1551
605 2198 1045 1569 782 2364 1565 787 1567 3419 0 974 1818 1638 1350 627 2031 1491 2626 1845 680 1758 1914 496 1509 1821 1570 1489 3040 606 2344 1939 2612 1784 1023 1194 1632 1374 2478 590 3417 464 2039 2197 1760 3003 2146 1715 1549 3432 1372 3127 1950 2254 1814 2147 1581 859 1751 2876 2489 2156 3132 1444 2460 1988 1662 1940
1377 2969 497 2341 232 1496 2337 1558 2339 4191 974 0 2590 2410 2122 1080 2803 2263 1757 2617 565 2530 2685 1199 2280 2592 2342 2261 3811 876 3116 1070 3384 2556 187 1965 2404 2146 1610 860 4189 1236 1173 2968 2532 3775 2918 2487 2321 4204 2144 3899 2722 3026 2586 2919 2353 310 882 3648 3260 2928 3904 2216 1592 2760 2434 2712
1384 618 2661 911 2397 3980 966 1105 318 1769 1818 2590 0 511 859 1660 1006 493 4146 580 2198 415 217 1529 649 241 564 491 1343 2125 765 3494 915 87 2541 703 817 540 3999 2109 1767 1491 3557 500 371 1306 1241 462 803 1782 882 1430 580 557 471 568 333 2474 3366 1296 909 748 1435 628 4076 795 844 570
1101 985 2481 439 2217 3800 494 925 358 1942 1638 2410 511 0 680 1378 656 430 3864 385 1916 220 482 1247 690 612 605 428 1645 1842 1131 3212 1218 462 2259 524 858 579 3716 1826 1940 1208 3275 802 567 1609 771 116 331 1955 702 1732 412 860 275 935 373 2294 3187 1663 1276 768 1738 669 3887 600 372 402
1013 1239 2193 612 1929 3512 608 636 608 2461 1350 2122 859 680 0 1289 1073 533 3773 888 1827 800 955 1158 499 862 560 531 2081 1753 1386 3086 1654 825 2170 235 623 416 3625 1737 2459 1120 3186 1238 750 2045 1188 758 591 2474 362 2168 993 1296 856 1189 623 2006 2898 1917 1530 1198 2174 434 3608 1030 704 983
344 2137 1152 1309 888 2470 1305 728 1506 3158 627 1080 1660 1378 1289 0 1770 1232 2530 1585 582 1498 1678 163 1448 1760 1510 1230 2810 508 2284 1878 2383 1612 925 1133 1572 1314 2382 493 3156 204 1941 1967 1699 2774 1886 1455 1288 3172 1312 2898 1690 2025 1553 2087 1521 965 1857 2815 2428 1895 2903 1383 2554 1727 1402 1680
1494 1475 2874 588 2610 4193 745 1318 853 1843 2031 2803 1006 656 1073 1770 0 925 4257 556 2309 641 882 1639 1184 1107 1100 923 2136 2235 1622 3605 1708 957 2652 917 1353 1073 4109 2219 1841 1601 3668 1293 1062 2099 650 733 621 1857 1095 2223 707 1350 570 1425 868 2687 3580 2153 1766 580 2228 1164 4280 412 521 697
955 971 2334 554 2070 3653 550 778 340 2056 1491 2263 493 430 533 1232 925 0 3718 499 1770 334 511 1101 672 594 587 62 1643 1696 1118 3066 1216 444 2113 376 815 213 3570 1680 2054 1062 3129 800 549 1607 1131 381 533 2069 555 1730 526 858 389 921 355 2147 3040 1649 1262 882 1736 627 3742 714 647 516
3080 4681 2209 4044 1944 694 4041 3270 4051 5894 2686 1818 4302 4113 3833 2779 4506 3967 0 4321 2265 4233 4397 2898 3992 4304 4054 3965 5523 2576 4828 963 5096 4267 1886 3677 4116 3858 812 2560 5892 2939 891 4680 4244 5487 4621 4191 4024 5907 3856 5610 4425 4738 4289 4631 4065 2022 1582 5359 4972 4631 5616 3927 316 4463 4137 4416
1309 1049 2688 462 2425 4007 568 1132 427 1776 1845 2617 580 385 888 1585 556 499 4071 0 2123 216 456 1454 759 681 674 497 1710 2050 1196 3419 1282 531 2466 731 927 648 3923 2034 1774 1415 3482 867 636 1673 792 336 400 1790 910 1797 281 924 145 999 442 2502 3394 1727 1340 513 1802 738 4095 345 394 271
882 2675 957 1847 692 1955 1843 1264 2044 3696 680 565 2198 1916 1827 582 2309 1770 2015 2123 0 2036 2216 701 1986 2298 2047 1768 3349 378 2822 1363 2921 2150 410 1671 2110 1851 1867 362 3695 742 1426 2506 2237 3312 2424 1993 1826 3710 1849 3436 2228 2563 2091 2625 2059 770 1342 3353 2966 2433 3441 1921 2039 2265 1940 2218
1221 889 2601 547 2337 3920 608 1045 262 1773 1758 2530 415 220 800 1498 641 334 3984 216 2036 0 386 1367 593 516 509 332 1549 1962 1035 3332 1122 366 2379 644 761 482 3836 1946 1771 1328 3395 706 471 1513 877 171 439 1786 823 1636 243 764 106 839 277 2414 3307 1567 1180 598 1642 573 4008 430 479 233
1402 642 2757 787 2493 4075 848 1200 414 1601 1914 2685 217 482 955 1678 882 511 4164 456 2216 386 0 1547 745 337 660 509 1302 2143 789 3513 875 168 2560 799 913 636 4017 2127 1599 1509 3575 459 467 1266 1117 434 680 1614 977 1390 412 517 347 592 429 2570 3462 1320 933 580 1395 724 4172 671 720 402
213 2006 1270 1178 1006 2589 1174 597 1375 3027 496 1199 1529 1247 1158 163 1639 1101 2649 1454 701 1367 1547 0 1317 1629 1379 1099 2679 627 2153 1997 2252 1481 1044 1002 1441 1183 2501 611 3025 73 2060 1836 1568 2643 1755 1324 1157 3041 1181 2767 1559 1894 1422 1956 1390 1084 1976 2684 2297 1764 2772 1252 2673 1596 1271 1549
1172 1030 2352 770 2088 3670 766 795 399 2298 1509 2280 650 690 499 1448 1184 672 3932 759 1986 593 746 1317 0 617 143 670 1872 1912 1176 3245 1444 616 2329 394 376 575 3784 1896 2296 1279 3345 1029 333 1835 1347 641 750 2311 521 1959 786 1086 649 980 413 2165 3057 1708 1321 1141 1964 267 3767 973 863 776
1483 621 2663 1012 2399 3982 1067 1107 321 1889 1820 2592 241 612 810 1760 1107 594 4244 681 2297 516 337 1629 599 0 515 592 1463 2224 767 3557 1035 207 2641 706 767 543 4096 2208 1887 1590 3656 620 322 1426 1342 563 904 1902 833 1550 700 677 572 571 336 2476 3369 1299 912 868 1555 579 4078 896 945 690
1233 945 2413 832 2149 3732 828 857 314 2213 1570 2342 565 605 560 1510 1100 587 3994 674 2047 509 661 1379 143 531 0 585 1787 1974 1092 3307 1359 531 2391 456 438 536 3846 1958 2211 1340 3406 944 246 1750 1335 556 811 2226 583 1874 701 1001 564 895 329 2227 3119 1623 1236 1057 1879 329 3828 889 925 691
953 969 2332 552 2068 3651 548 776 338 2054 1489 2261 491 428 531 1230 923 62 3716 497 1768 332 509 1099 670 592 585 0 1641 1694 1116 3064 1214 442 2111 374 813 211 3568 1678 2052 1060 3127 798 547 1605 1129 379 531 2067 553 1728 524 856 387 919 353 2145 3038 1647 1260 880 1734 625 3740 712 645 514
2534 1001 3883 2041 3619 5201 2100 2326 1540 2613 3040 3811 1343 1645 2081 2810 2136 1643 5297 1710 3349 1549 1302 2679 1871 1463 1786 1641 0 3275 777 4645 473 1294 3692 1925 2039 1762 5149 3259 2611 2641 4708 936 1593 498 2371 1597 1933 2627 2103 387 1666 824 1600 951 1555 3696 4588 914 921 1834 380 1850 5298 1925 1974 1656
809 2601 948 1773 684 2266 1770 1190 1970 3623 606 876 2125 1842 1753 508 2235 1696 2326 2050 378 1962 2143 627 1912 2224 1974 1694 3275 0 2748 1674 2847 2076 721 1597 2036 1778 2178 100 3621 669 1737 2432 2163 3239 2350 1920 1753 3636 1776 3362 2154 2490 2018 2551 1985 761 1653 3279 2892 2360 3367 1847 2350 2192 1866 2145
2008 286 3187 1527 2924 4506 1587 1631 845 2299 2344 3116 765 1131 1386 2284 1622 1118 4768 1196 2822 1035 789 2153 1176 767 1091 1116 777 2748 0 4081 349 730 3165 1230 1344 1067 4620 2732 2298 2114 4181 423 898 740 1857 1083 1419 2313 1408 864 1152 312 1087 236 860 3001 3893 593 206 1320 869 1155 4602 1411 1460 1142
2179 3934 1461 3143 1196 641 3139 2523 3303 4993 1939 1070 3494 3212 3086 1878 3605 3066 746 3419 1363 3332 3513 1997 3245 3557 3307 3064 4645 1674 4081 0 4217 3446 984 2930 3369 3110 598 1658 4991 2038 157 3802 3496 4608 3720 3289 3122 5006 3108 4732 3524 3859 3388 3884 3318 1275 835 4612 4225 3729 4737 3180 737 3562 3236 3514
2106 574 3455 1613 3191 4774 1673 1899 1112 2186 2612 3384 915 1218 1654 2383 1708 1216 4869 1282 2921 1122 875 2252 1443 1035 1358 1214 473 2847 349 4217 0 867 3264 1497 1611 1334 4721 2832 2184 2213 4280 508 1166 436 1943 1169 1506 2199 1676 560 1238 397 1173 523 1127 3268 4161 880 493 1406 565 1422 4870 1497 1546 1228
1335 584 2627 863 2363 3946 917 1070 284 1720 1784 2556 87 462 825 1612 957 444 4098 531 2150 366 168 1481 615 207 530 442 1294 2076 730 3446 867 0 2493 669 783 506 3950 2060 1718 1442 3509 451 337 1258 1193 414 755 1734 847 1381 531 509 422 534 299 2440 3332 1262 875 700 1387 594 4042 746 795 521
1226 3018 578 2190 313 1577 2186 1607 2387 4040 1023 187 2541 2259 2170 925 2652 2113 1636 2466 410 2379 2560 1044 2329 2641 2391 2111 3692 721 3165 984 3264 2493 0 2014 2453 2194 1489 705 4038 1085 1047 2849 2580 3655 2767 2336 2169 4053 2192 3779 2571 2906 2435 2968 2402 391 963 3696 3309 2776 3784 2264 1660 2608 2283 2561
857 1083 2037 455 1773 3355 451 480 452 2305 1194 1965 703 524 235 1133 917 376 3617 731 1671 644 799 1002 394 706 456 374 1925 1597 1230 2930 1497 669 2014 0 518 260 3469 1581 2303 964 3030 1082 645 1888 1032 602 435 2318 257 2012 836 1139 700 1033 467 1850 2742 1761 1374 1042 2017 329 3452 874 548 827
1296 1198 2476 894 2212 3794 890 919 567 2466 1632 2404 818 858 623 1572 1353 815 4056 927 2110 761 914 1441 376 821 438 813 2040 2036 1344 3369 1612 784 2453 518 0 698 3908 2020 2464 1403 3469 1197 607 2003 1471 809 874 2479 645 2127 954 1254 817 1148 581 2289 3181 1876 1489 1309 2132 229 3891 1141 987 944
1037 920 2217 636 1953 3536 632 661 289 2188 1374 2146 540 579 416 1314 1073 213 3798 648 1851 482 636 1183 575 543 536 211 1762 1778 1067 3110 1334 506 2194 260 698 0 3650 1762 2186 1144 3210 919 498 1725 1213 530 615 2201 438 1849 675 976 538 870 304 2030 2923 1598 1211 1030 1854 510 3632 862 729 665
3213 4815 2342 4178 2077 827 4174 3404 4184 6027 2820 1951 4435 4246 3967 2913 4639 4101 467 4454 2398 4367 4531 3032 4126 4438 4187 4099 5657 2709 4961 1096 5229 4401 2019 3811 4250 3991 0 2693 6025 3073 1024 4814 4377 5620 4755 4324 4157 6041 3989 5744 4559 4871 4422 4765 4199 2155 1716 5493 5106 4764 5749 4061 449 4596 4271 4549
793 2585 932 1758 668 2250 1754 1174 1955 3607 590 860 2109 1826 1737 493 2219 1680 2310 2034 362 1946 2127 611 1896 2208 1958 1678 3259 100 2732 1658 2832 2060 705 1581 2020 1762 2163 0 3605 653 1721 2416 2148 3223 2334 1904 1737 3620 1760 3346 2139 2474 2002 2535 1969 745 1637 3263 2876 2344 3352 1831 2334 2176 1850 2129
2871 2183 4251 1965 3987 5569 2121 2694 1955 141 3408 4179 1758 1931 2450 3147 1832 2045 5633 1765 3685 1761 1590 3016 2286 1877 2201 2043 2599 3612 2285 4981 2171 1709 4028 2294 2454 2177 5485 3596 0 2978 5044 2000 2008 2562 2068 1882 1997 511 2472 2686 1559 2058 1690 2133 1970 4064 4956 2816 2429 1478 2502 2265 5657 1621 1898 1550
175 1968 1307 1139 1043 2626 1135 565 1337 2989 464 1236 1491 1208 1120 204 1601 1062 2690 1415 742 1328 1509 73 1279 1591 1340 1060 2641 669 2114 2038 2213 1442 1085 964 1403 1144 2542 653 2987 0 2101 1798 1530 2604 1716 1285 1119 3002 1142 2728 1520 1855 1384 1918 1351 1121 2013 2646 2259 1726 2733 1214 2714 1558 1232 1510
2241 4034 1564 3206 1299 583 3202 2623 3403 5055 2039 1173 3557 3275 3186 1941 3668 3129 642 3482 1426 3395 3575 2060 3345 3657 3406 3127 4708 1737 4181 157 4280 3509 1047 3030 3469 3210 494 1721 5054 2101 0 3865 3596 4671 3783 3352 3185 5069 3208 4795 3587 3922 3450 3984 3418 1377 942 4712 4325 3792 4800 3280 665 3624 3299 3577
1691 648 3040 1198 2776 4358 1257 1483 697 2011 2197 2968 500 802 1238 1967 1293 800 4454 867 2506 706 459 1836 1028 620 943 798 936 2432 423 3802 508 451 2849 1082 1196 919 4306 2416 2010 1798 3865 0 750 899 1528 754 1090 2025 1260 1023 823 150 757 598 712 2853 3745 955 567 991 1028 1007 4455 1082 1131 813
1423 756 2603 967 2339 3922 1018 1047 276 2024 1760 2532 376 567 750 1699 1062 549 4183 636 2237 471 472 1568 333 326 246 547 1598 2163 902 3496 1170 342 2580 645 607 498 4036 2148 2022 1530 3596 755 0 1561 1297 519 860 2037 772 1685 663 812 527 705 291 2416 3308 1434 1047 1003 1690 518 4018 851 900 654
2497 965 3846 2004 3582 5165 2064 2290 1504 2577 3003 3775 1306 1609 2045 2774 2099 1607 5260 1673 3312 1513 1266 2643 1834 1426 1750 1605 498 3239 740 4608 436 1258 3655 1888 2002 1725 5112 3223 2575 2604 4671 899 1557 0 2334 1560 1897 2590 2067 665 1629 788 1564 914 1518 3659 4552 1197 884 1797 663 1814 5261 1888 1937 1619
1609 1710 2989 703 2725 4308 860 1433 1088 2079 2146 2918 1241 771 1188 1886 650 1131 4372 792 2424 877 1117 1755 1347 1342 1335 1129 2371 2350 1857 3720 1943 1193 2767 1032 1471 1213 4224 2334 2077 1716 3783 1528 1297 2334 0 848 736 2092 1211 2458 942 1585 806 1660 1103 2802 3695 2389 2001 816 2463 1282 4396 648 636 932
1179 936 2559 517 2295 3877 571 1002 309 1893 1715 2487 462 116 758 1455 733 381 3941 336 1993 171 434 1324 641 563 556 379 1597 1920 1083 3289 1169 414 2336 602 809 530 3793 1904 1891 1285 3352 754 519 1560 848 0 409 1907 780 1684 363 811 227 886 324 2372 3264 1614 1227 719 1689 620 3965 551 450 354
1012 1273 2392 228 2128 3711 263 835 651 2009 1549 2321 803 331 591 1288 621 533 3774 400 1826 439 680 1157 750 904 811 531 1933 1753 1419 3122 1506 755 2169 435 874 615 3627 1737 2007 1119 3185 1090 860 1897 736 409 0 2022 613 2020 505 1148 368 1223 665 2205 3097 1951 1564 746 2026 685 3798 578 321 495
2886 2198 4266 1980 4002 5585 2137 2710 1970 513 3423 4195 1773 1946 2465 3162 1847 2060 5649 1780 3701 1777 1605 3031 2301 1893 2216 2058 2614 3627 2300 4997 2187 1724 4044 2309 2469 2192 5501 3611 511 2993 5060 2016 2023 2578 2083 1897 2013 0 2487 2701 1575 2073 1706 2148 1985 4079 4971 2832 2445 1493 2517 2280 5672 1636 1913 1565
1035 1261 2215 634 1951 3534 630 659 631 2483 1372 2144 882 702 362 1312 1095 555 3795 910 1849 823 977 1181 521 884 583 553 2103 1776 1408 3108 1676 847 2192 257 645 438 3648 1760 2481 1142 3208 1260 772 2067 1211 780 613 2496 0 2190 1015 1318 878 1211 645 2028 2921 1939 1552 1220 2196 456 3630 1052 727 1005
2621 1088 3970 2128 3706 5289 2187 2413 1627 2700 3127 3899 1430 1732 2168 2898 2223 1730 5384 1797 3436 1636 1390 2767 1958 1550 1873 1728 387 3362 864 4732 560 1381 3779 2012 2126 1849 5236 3346 2699 2728 4795 1023 1680 665 2458 1684 2020 2714 2190 0 1753 912 1687 1038 1642 3783 4675 926 1008 1921 341 1937 5385 2012 2061 1743
1413 1005 2793 612 2529 4112 673 1237 454 1571 1950 2722 580 412 993 1690 707 526 4176 281 2228 243 412 1559 786 700 701 524 1666 2154 1152 3524 1238 531 2571 836 954 675 4028 2139 1569 1520 3587 823 663 1629 942 363 505 1584 1015 1753 0 880 172 955 469 2607 3499 1683 1296 550 1758 765 4200 496 545 31
1748 537 3097 1255 2833 4416 1315 1541 755 2069 2254 3026 557 860 1296 2025 1350 858 4511 924 2563 764 517 1894 1085 677 1001 856 824 2490 312 3859 397 509 2906 1139 1253 976 4363 2474 2067 1855 3922 150 808 788 1585 811 1148 2082 1318 912 880 0 815 486 769 2910 3803 843 456 1048 917 1065 4512 1139 1188 870
1277 940 2657 476 2393 3976 537 1101 318 1702 1814 2586 471 275 856 1553 570 389 4039 145 2091 106 347 1422 649 572 564 387 1600 2018 1087 3388 1173 422 2435 700 817 538 3892 2002 1700 1384 3450 757 527 1564 806 227 368 1715 878 1687 172 815 0 890 332 2470 3362 1618 1231 527 1693 628 4063 359 408 162
1811 89 2991 1330 2727 4309 1390 1434 648 2144 2147 2919 568 935 1189 2087 1425 921 4571 999 2625 839 592 1956 979 571 894 919 951 2551 236 3884 523 534 2968 1033 1147 870 4423 2535 2142 1918 3984 598 701 914 1660 886 1223 2157 1211 1038 955 486 890 0 663 2804 3696 767 380 1123 1043 958 4406 1214 1263 945
1245 713 2424 773 2161 3743 828 868 82 1981 1581 2353 333 373 623 1521 868 355 4005 442 2059 277 429 1390 413 336 329 353 1555 1985 860 3318 1127 299 2402 467 581 304 3857 1969 1979 1351 3418 712 291 1518 1103 324 665 1994 645 1642 469 769 332 663 0 2238 3130 1391 1004 825 1647 393 3839 657 706 459
1261 2854 287 2226 117 1700 2222 1443 2223 4075 859 310 2474 2294 2006 965 2687 2147 1962 2502 770 2414 2570 1084 2165 2477 2227 2145 3696 761 3001 1275 3268 2440 391 1850 2289 2030 1814 745 4073 1121 1377 2853 2416 3659 2802 2372 2205 4088 2028 3783 2607 2910 2470 2804 2238 0 1087 3532 3145 2812 3788 2100 1796 2644 2318 2597
2153 3746 1274 3118 1009 1261 3114 2335 3115 4967 1751 882 3366 3187 2898 1857 3580 3040 1522 3394 1342 3307 3462 1976 3057 3369 3119 3038 4588 1653 3893 835 4161 3332 963 2742 3181 2923 1374 1637 4965 2013 942 3745 3308 4552 3695 3264 3097 4981 2921 4675 3499 3803 3362 3696 3130 1087 0 4424 4037 3704 4681 2992 1357 3536 3211 3489
2539 817 3719 2058 3455 5038 2118 2162 1376 2831 2876 3648 1296 1663 1917 2815 2153 1649 5299 1727 3353 1567 1320 2684 1707 1299 1622 1647 914 3279 593 4612 880 1262 3696 1761 1875 1598 5151 3263 2829 2646 4712 955 1429 1197 2389 1614 1951 2844 1939 926 1683 843 1618 767 1391 3532 4424 0 512 1851 612 1686 5134 1942 1991 1673
2152 430 3332 1671 3068 4650 1731 1775 989 2444 2489 3260 909 1276 1530 2428 1766 1262 4912 1340 2966 1180 933 2297 1320 912 1235 1260 921 2892 206 4225 493 875 3309 1374 1488 1211 4764 2876 2442 2259 4325 567 1042 884 2001 1227 1564 2457 1552 1008 1296 456 1231 380 1004 3145 4037 512 0 1464 930 1299 4747 1555 1604 1286
1619 1173 2999 713 2735 4318 870 1442 810 1489 2156 2928 748 768 1198 1895 580 882 4381 513 2433 598 580 1764 1141 868 1057 880 1834 2360 1320 3729 1406 700 2776 1042 1309 1030 4234 2344 1487 1726 3792 991 998 1797 816 719 746 1502 1220 1921 550 1048 527 1123 825 2812 3704 1851 1464 0 1926 1121 4405 369 646 540
2626 1094 3975 2133 3711 5294 2193 2419 1633 2535 3132 3904 1435 1738 2174 2903 2228 1736 5389 1802 3441 1642 1395 2772 1963 1555 1878 1734 380 3367 869 4737 565 1387 3784 2017 2131 1854 5241 3352 2533 2733 4800 1028 1686 663 2463 1689 2026 2549 2196 341 1758 917 1693 1043 1647 3788 4681 612 930 1926 0 1942 5390 2017 2066 1748
1107 1009 2287 705 2023 3606 702 730 378 2277 1444 2216 629 669 434 1383 1164 627 3867 738 1921 573 725 1252 267 632 329 625 1851 1847 1156 3180 1423 595 2264 329 229 510 3719 1831 2275 1214 3280 1008 518 1814 1282 620 685 2290 456 1938 765 1065 628 959 393 2100 2992 1687 1300 1121 1943 0 3702 953 798 755
2854 4456 1983 3819 1718 468 3815 3045 3825 5668 2460 1592 4076 3887 3608 2554 4280 3742 734 4095 2039 4008 4172 2673 3767 4079 3828 3740 5298 2350 4602 737 4870 4042 1660 3452 3891 3632 586 2334 5666 2714 665 4455 4018 5261 4396 3965 3798 5682 3630 5385 4200 4512 4063 4406 3839 1796 1357 5134 4747 4405 5390 3702 0 4237 3912 4190
1451 1264 2831 545 2567 4150 702 1274 642 1632 1988 2760 795 600 1030 1727 412 714 4213 345 2265 430 671 1596 973 896 889 712 1925 2192 1411 3562 1497 746 2608 874 1141 862 4066 2176 1630 1558 3624 1082 851 1888 648 551 578 1646 1052 2012 496 1139 359 1214 657 2644 3536 1942 1555 369 2017 953 4237 0 478 486
1125 1313 2505 219 2241 3824 376 949 691 1909 1662 2434 844 372 704 1402 521 647 3888 394 1940 479 720 1271 863 945 925 645 1974 1866 1460 3236 1546 795 2283 548 987 729 3740 1850 1907 1232 3299 1131 900 1937 636 450 321 1922 727 2061 545 1188 408 1263 706 2318 3211 1991 1604 646 2066 798 3912 478 0 535
1404 995 2784 602 2520 4102 663 1227 444 1561 1940 2712 570 402 983 1680 697 516 4166 271 2218 233 402 1549 776 690 691 514 1656 2145 1142 3514 1228 521 2561 827 944 665 4018 2129 1559 1510 3577 813 654 1619 932 354 495 1574 1005 1743 31 870 162 945 459 2597 3489 1673 1286 540 1748 755 4190 486 535 0
EOF
