NAME : tsp_problem
TYPE : TSP
DIMENSION : 18
EDGE_WEIGHT_TYPE : EXPLICIT
EDGE_WEIGHT_FORMAT : FULL_MATRIX
EDGE_WEIGHT_SECTION
0 4515 138 1323 4158 683 613 634 1175 943 1354 1627 1347 1308 798 748 1010 1232
4515 0 4596 5781 463 4733 4602 4395 3836 5274 5503 5777 5805 5457 4947 4488 4427 5381
138 4596 0 1251 4239 611 585 715 1256 1025 1435 1708 1275 1389 879 676 1091 1313
1314 5772 1242 0 5415 1577 1690 1891 2385 1956 2565 2768 66 2520 2011 1738 2221 2444
4158 463 4239 5424 0 4703 4537 4336 4210 4917 5146 5419 5448 5100 4590 4757 4283 5024
683 4733 611 1586 4703 0 269 768 964 1570 1980 2253 1610 1934 1425 316 800 1858
613 4602 585 1700 4537 269 0 637 833 1409 1819 2093 1724 1774 1264 328 669 1697
634 4395 715 1900 4336 768 637 0 626 1393 1622 1896 1925 1576 1067 523 461 1500
1175 3836 1256 2394 4210 964 833 626 0 1933 2163 2436 2418 2117 1607 718 658 2040
943 5274 1025 1968 4917 1570 1409 1393 1933 0 973 1247 1993 929 419 1633 1769 853
1354 5503 1435 2577 5146 1980 1819 1622 2163 973 0 471 2601 162 628 2044 1998 155
1627 5777 1708 2799 5419 2253 2093 1896 2436 1247 471 0 2824 482 902 2317 2272 475
1338 5796 1266 66 5439 1601 1715 1915 2409 1980 2589 2792 0 2545 2035 1762 2245 2468
1308 5457 1389 2533 5100 1934 1774 1576 2117 929 162 482 2557 0 582 1998 1952 107
798 4947 879 2023 4590 1425 1264 1067 1607 419 628 902 2047 582 0 1488 1443 506
748 4488 676 1747 4757 316 328 523 718 1633 2044 2317 1771 1998 1488 0 555 1922
1010 4427 1091 2230 4283 800 669 461 658 1769 1998 2272 2254 1952 1443 555 0 1876
1232 5381 1313 2457 5024 1858 1697 1500 2040 853 155 475 2481 107 506 1922 1876 0
EOF
