NAME : tsp_problem
TYPE : TSP
DIMENSION : 17
EDGE_WEIGHT_TYPE : EXPLICIT
EDGE_WEIGHT_FORMAT : FULL_MATRIX
EDGE_WEIGHT_SECTION
0 3036 1732 730 1007 2056 871 1597 1965 2673 1840 531 509 2373 2090 2315 1351
3036 0 1772 2386 3414 1757 2527 1642 2264 602 1772 2558 2858 2385 2221 3156 2220
1732 1772 0 1082 1928 415 1223 515 613 1432 823 1254 1373 734 570 1505 570
730 2386 1082 0 1127 1406 221 947 1315 2023 1190 252 572 1723 1439 1706 701
1007 3414 1928 1127 0 2252 1269 1806 2161 3051 2218 929 1046 2570 2286 2311 1547
2056 1757 415 1406 2252 0 1548 500 778 1417 808 1578 1697 899 735 1670 779
871 2527 1223 221 1269 1548 0 1089 1456 2165 1331 394 714 1865 1581 1847 842
1597 1642 515 947 1806 500 1089 0 800 1301 691 1120 1251 1128 925 1604 606
1965 2264 613 1315 2161 778 1456 800 0 1923 1244 1487 1606 771 487 1254 687
2673 602 1432 2023 3051 1417 2165 1301 1923 0 1410 2195 2496 2044 1880 2816 1857
1840 1772 823 1190 2218 808 1332 691 1244 1410 0 1363 1663 1436 1272 2030 1025
531 2558 1254 252 929 1578 394 1120 1487 2195 1362 0 373 1896 1612 1837 873
509 2858 1373 572 1046 1697 714 1251 1606 2496 1663 373 0 2015 1731 1955 992
2373 2385 734 1723 2570 899 1865 1128 771 2044 1436 1896 2015 0 686 1663 1096
2090 2221 570 1439 2286 735 1581 925 487 1880 1272 1612 1731 686 0 1379 812
2302 3147 1496 1696 2299 1661 1838 1594 1245 2806 2020 1824 1942 1654 1370 0 1069
1351 2220 570 701 1547 779 842 606 687 1857 1024 873 992 1096 812 1078 0
EOF
