NAME : tsp_problem
TYPE : TSP
DIMENSION : 47
EDGE_WEIGHT_TYPE : EXPLICIT
EDGE_WEIGHT_FORMAT : FULL_MATRIX
EDGE_WEIGHT_SECTION
0 712 677 635 1546 544 727 296 201 376 117 692 754 693 2039 1713 1600 2046 1136 1552 328 297 279 635 1890 1547 278 2020 520 301 2984 3069 2755 3598 1630 662 1485 719 1943 586 448 2000 602 1352 1405 2115 933
712 0 1021 941 2047 1045 974 620 725 484 654 540 318 722 2540 1831 1718 1609 1254 2053 443 554 677 882 2391 1110 535 1583 767 699 3485 3570 3256 4099 1194 780 1603 459 2062 1087 378 2501 1103 1853 1907 1679 1051
677 1021 0 593 1307 253 458 507 612 571 619 825 1064 1160 1999 1699 1405 2249 1122 1312 794 678 588 381 1850 1749 745 2222 321 610 2745 2829 2715 3358 1833 648 1471 1028 1930 295 720 1761 563 1312 1366 2318 919
635 941 593 0 1463 461 649 428 532 491 576 770 984 1117 1957 1651 1526 2187 1074 1469 751 636 546 557 1808 1688 702 2160 442 567 2901 2986 2673 3515 1771 600 1423 948 1881 503 640 1917 521 1270 1324 2256 871
1546 2047 1307 1463 0 1174 1691 1606 1572 1747 1488 2004 2090 2029 763 2879 2585 3381 2302 76 1663 1547 1457 1613 614 2882 1614 3355 1500 1479 1509 1593 1479 2122 2966 1828 2651 2054 3109 1216 1783 525 1032 561 615 3451 2099
544 1045 253 461 1174 0 637 604 570 745 486 1002 1088 1027 1866 1877 1582 2380 1300 1180 661 545 455 559 1717 1880 612 2353 498 477 2612 2696 2582 3225 1964 825 1648 1052 2107 84 781 1628 430 1179 1233 2449 1096
727 974 458 649 1691 637 0 460 564 523 669 625 1000 1243 2383 1500 1206 2049 923 1697 841 848 831 177 2234 1550 829 2023 273 853 3129 3213 3099 3743 1634 449 1272 980 1730 679 672 2145 947 1697 1750 2118 720
296 620 507 428 1606 604 460 0 134 170 238 455 663 814 2099 1446 1333 1866 869 1612 448 418 400 368 1950 1367 399 1839 253 422 3044 3129 2815 3658 1450 395 1217 627 1676 646 319 2060 662 1412 1465 1935 666
201 725 612 532 1572 570 564 134 0 275 143 559 768 719 2065 1551 1438 1970 974 1578 354 323 305 473 1916 1471 304 1944 358 327 3010 3094 2781 3624 1555 499 1322 732 1781 612 424 2026 628 1378 1431 2040 770
376 484 571 491 1747 745 523 170 275 0 318 349 526 753 2239 1505 1392 1729 928 1752 351 358 341 432 2091 1230 340 1703 316 363 3185 3269 2955 3798 1313 453 1276 490 1735 787 183 2201 803 1552 1606 1798 724
117 654 619 576 1488 486 669 238 143 318 0 634 696 635 1980 1655 1542 1988 1078 1494 269 239 221 577 1832 1489 220 1961 462 243 2926 3010 2696 3539 1572 604 1427 660 1885 528 390 1942 544 1293 1347 2057 875
692 540 824 770 2004 1002 621 455 559 349 634 0 447 986 2522 1365 1252 1496 787 2010 668 674 658 530 2373 997 656 1470 570 679 3442 3527 3238 4056 1081 313 1136 723 1595 1044 499 2459 1086 1835 1889 1566 584
754 318 1064 984 2090 1088 996 663 768 526 696 447 0 764 2582 1739 1626 1517 1162 2095 485 596 720 904 2433 1018 578 1491 809 741 3528 3612 3298 4141 1102 688 1511 501 1969 1130 421 2544 1146 1895 1949 1586 959
693 722 1160 1117 2029 1027 1243 814 719 753 635 986 764 0 2521 2225 2112 2056 1648 2034 460 535 659 1152 2372 1556 517 2029 1036 680 3467 3551 3237 4080 1640 1173 1996 728 2455 1069 647 2483 1085 1834 1888 2125 1445
2039 2540 1999 1957 763 1866 2383 2099 2065 2239 1980 2522 2582 2521 0 3403 3277 3874 2826 768 2155 2040 1950 2305 216 3375 2106 3847 2192 1971 1112 1196 878 1725 3458 2351 3174 2546 3633 1908 2276 715 1524 731 785 3943 2623
1713 1831 1699 1651 2879 1877 1496 1446 1551 1505 1655 1365 1739 2225 3403 0 988 2547 674 2885 1823 1830 1813 1404 3254 2048 1811 2521 1445 1834 4317 4401 4119 4931 2132 1098 871 1962 483 1919 1654 3333 1967 2716 2770 2616 809
1600 1718 1404 1526 2585 1582 1201 1333 1438 1392 1542 1252 1626 2112 3277 988 0 2634 562 2590 1710 1717 1700 1110 3128 2135 1698 2608 1151 1722 4023 4107 3993 4636 2219 985 405 1849 1125 1624 1541 3039 1841 2590 2644 2703 698
2037 1600 2239 2178 3372 2370 2036 1856 1961 1720 1979 1487 1508 2046 3865 2535 2622 0 2202 3378 1768 1879 2002 1944 3716 666 1860 174 1985 2024 4810 4894 4581 5424 620 1728 2505 1784 2765 2412 1703 3826 2428 3178 3231 269 1999
1136 1254 1122 1074 2302 1300 919 869 974 928 1078 787 1162 1648 2826 674 562 2211 0 2308 1246 1253 1236 827 2677 1712 1234 2185 868 1257 3740 3824 3542 4353 1796 521 446 1385 904 1342 1077 2756 1390 2139 2193 2280 232
1552 2053 1312 1469 76 1180 1697 1612 1578 1752 1494 2010 2095 2034 768 2885 2590 3387 2308 0 1668 1553 1463 1619 619 2888 1619 3360 1506 1484 1514 1599 1484 2128 2971 1833 2656 2059 3115 1222 1789 530 1037 567 621 3456 2104
328 443 794 751 1663 661 841 448 354 351 269 668 485 460 2155 1823 1710 1777 1246 1668 0 170 293 750 2006 1278 151 1750 634 315 3101 3185 2871 3714 1361 772 1594 449 2053 703 246 2117 719 1468 1522 1846 1043
297 554 678 636 1547 545 848 418 323 358 239 674 596 535 2040 1830 1717 1888 1253 1553 170 0 246 757 1891 1389 120 1862 641 267 2985 3069 2756 3599 1472 778 1601 560 2060 587 290 2001 603 1353 1406 1957 1049
279 677 588 546 1457 455 831 400 305 341 221 658 720 659 1950 1813 1700 2011 1236 1463 293 246 0 740 1801 1512 244 1985 624 64 2895 2979 2666 3509 1596 762 1584 684 2043 497 413 1911 513 1263 1316 2081 1033
635 882 381 557 1613 559 177 368 473 432 577 686 925 1152 2305 1560 1266 2109 983 1619 750 757 740 0 2156 1610 738 2083 181 761 3051 3135 3021 3665 1694 509 1332 889 1791 601 581 2067 869 1619 1672 2179 780
1890 2391 1850 1808 614 1717 2234 1950 1916 2091 1832 2373 2433 2372 216 3254 3128 3725 2677 619 2006 1891 1801 2156 0 3226 1957 3699 2043 1822 1166 1250 932 1779 3309 2203 3026 2397 3484 1759 2127 567 1375 582 636 3794 2474
1538 1101 1739 1678 2873 1871 1536 1357 1462 1221 1479 988 1009 1547 3365 2035 2122 666 1703 2878 1268 1380 1503 1445 3216 0 1361 639 1486 1525 4311 4395 4081 4924 250 1229 2006 1284 2266 1913 1204 3327 1929 2678 2732 735 1500
278 535 745 702 1614 612 829 399 304 340 220 656 578 517 2106 1811 1698 1869 1234 1619 151 120 244 738 1957 1370 0 1843 623 265 3052 3136 2822 3665 1454 760 1583 542 2041 654 271 2068 670 1419 1473 1939 1031
2010 1574 2212 2151 3346 2344 2009 1830 1935 1693 1952 1461 1482 2020 3838 2508 2595 174 2176 3351 1741 1852 1976 1918 3689 639 1834 0 1958 1997 4784 4868 4554 5397 594 1701 2478 1757 2739 2386 1676 3800 2402 3151 3205 155 1972
520 767 321 442 1500 498 273 253 358 316 462 570 809 1036 2192 1445 1151 1994 868 1506 634 641 624 181 2043 1495 623 1968 0 646 2938 3023 2908 3552 1578 394 1216 773 1675 540 466 1955 757 1506 1560 2063 665
301 699 610 567 1479 477 853 422 327 363 243 679 741 680 1971 1834 1722 2033 1257 1484 315 267 64 761 1822 1534 265 2007 646 0 2917 3001 2687 3530 1617 783 1606 706 2065 519 435 1933 535 1284 1338 2102 1054
2984 3485 2745 2901 1509 2612 3129 3044 3010 3185 2926 3442 3528 3467 1112 4317 4023 4819 3740 1514 3101 2985 2895 3051 1166 4320 3052 4793 2938 2917 0 329 307 908 4404 3266 4088 3492 4547 2654 3221 1226 2469 1680 1734 4888 3537
3069 3570 2829 2986 1593 2696 3213 3129 3094 3269 3010 3527 3612 3551 1196 4401 4107 4904 3824 1599 3185 3069 2979 3135 1250 4405 3136 4877 3023 3001 329 0 391 992 4488 3350 4173 3576 4632 2738 3306 1310 2554 1765 1819 4973 3621
2755 3256 2715 2673 1479 2582 3099 2815 2781 2955 2696 3238 3298 3237 878 4119 3993 4590 3542 1484 2871 2756 2666 3021 932 4091 2822 4563 2908 2687 307 391 0 918 4174 3068 3890 3262 4349 2624 2992 1200 2240 1447 1501 4659 3339
3598 4099 3358 3515 2122 3225 3743 3658 3624 3798 3539 4056 4141 4080 1725 4931 4636 5433 4353 2128 3714 3599 3509 3665 1779 4934 3665 5406 3552 3530 908 992 918 0 5017 3879 4702 4105 5161 3267 3835 1839 3083 2294 2348 5502 4150
1621 1185 1823 1762 2957 1955 1620 1441 1546 1304 1563 1072 1092 1631 3449 2119 2206 620 1786 2962 1352 1463 1587 1528 3300 250 1445 594 1569 1608 4394 4479 4165 5008 0 1312 2089 1368 2349 1997 1287 3411 2013 2762 2816 689 1583
662 780 647 600 1828 825 444 395 499 453 604 313 688 1173 2351 1098 985 1737 521 1833 772 778 762 353 2203 1238 760 1711 394 783 3266 3350 3068 3879 1321 0 870 911 1328 867 603 2282 915 1664 1718 1806 318
1485 1603 1470 1423 2651 1648 1267 1217 1322 1276 1427 1136 1511 1996 3174 871 405 2517 446 2656 1594 1601 1584 1176 3026 2018 1583 2491 1216 1606 4088 4173 3890 4702 2102 870 0 1733 1102 1690 1426 3105 1738 2487 2541 2586 581
719 459 1028 948 2054 1052 980 627 732 490 660 723 501 728 2546 1962 1849 1793 1385 2059 449 560 684 889 2397 1294 542 1766 773 706 3492 3576 3262 4105 1377 911 1733 0 2192 1094 385 2508 1110 1859 1913 1862 1182
1943 2062 1929 1881 3109 2107 1726 1676 1781 1735 1885 1595 1969 2455 3633 483 1125 2778 904 3115 2053 2060 2043 1634 3484 2278 2041 2751 1675 2065 4547 4632 4349 5161 2362 1328 1102 2192 0 2149 1885 3564 2197 2946 3000 2847 1039
586 1087 295 503 1216 84 679 646 612 787 528 1044 1130 1069 1908 1919 1624 2422 1342 1222 703 587 497 601 1759 1922 654 2395 540 519 2654 2738 2624 3267 2006 867 1690 1094 2149 0 823 1670 472 1221 1275 2491 1138
448 378 720 640 1783 781 672 319 424 183 390 499 421 647 2276 1654 1541 1712 1077 1789 246 290 413 581 2127 1213 271 1686 466 435 3221 3306 2992 3835 1297 603 1426 385 1885 823 0 2237 840 1589 1643 1781 874
2000 2501 1761 1917 525 1628 2145 2060 2026 2201 1942 2459 2544 2483 715 3333 3039 3836 2756 530 2117 2001 1911 2067 567 3336 2068 3809 1955 1933 1226 1310 1200 1839 3420 2282 3105 2508 3564 1670 2237 0 1486 697 751 3905 2553
602 1103 563 521 1032 430 947 662 628 803 544 1086 1146 1085 1524 1967 1841 2438 1390 1037 719 603 513 869 1375 1938 670 2411 757 535 2469 2554 2240 3083 2022 915 1738 1110 2197 472 840 1486 0 837 891 2507 1186
1352 1853 1312 1270 561 1179 1697 1412 1378 1552 1293 1835 1895 1834 731 2716 2590 3187 2139 567 1468 1353 1263 1619 582 2688 1419 3160 1506 1284 1680 1765 1447 2294 2771 1664 2487 1859 2946 1221 1589 697 837 0 98 3256 1936
1405 1907 1366 1324 615 1233 1750 1465 1431 1606 1347 1889 1949 1888 785 2770 2644 3241 2193 621 1522 1406 1316 1672 636 2741 1473 3214 1560 1338 1734 1819 1501 2348 2825 1718 2541 1913 3000 1275 1643 751 891 98 0 3310 1989
2106 1669 2308 2247 3441 2440 2105 1926 2030 1789 2048 1556 1577 2116 3934 2604 2691 269 2271 3447 1837 1948 2071 2013 3785 735 1929 155 2054 2093 4879 4964 4650 5493 689 1797 2574 1853 2834 2482 1772 3896 2498 3247 3301 0 2068
933 1051 918 871 2099 1096 715 666 770 724 875 584 959 1445 2623 809 698 2008 232 2104 1043 1049 1033 624 2474 1509 1031 1982 665 1054 3537 3621 3339 4150 1592 318 581 1182 1039 1138 874 2553 1186 1936 1989 2077 0
EOF
