NAME : tsp_problem
TYPE : TSP
DIMENSION : 28
EDGE_WEIGHT_TYPE : EXPLICIT
EDGE_WEIGHT_FORMAT : FULL_MATRIX
EDGE_WEIGHT_SECTION
0 1139 500 232 1089 507 483 1068 1130 610 985 137 1081 835 622 949 788 1019 122 1100 444 967 495 843 437 937 948 1013
1139 0 887 1034 974 832 980 953 1015 1592 870 1157 76 720 689 834 672 143 1121 984 736 852 699 728 823 822 833 898
500 887 0 395 837 94 132 815 877 953 732 518 828 582 369 697 535 767 482 847 192 714 236 590 123 685 696 760
232 1034 395 0 984 402 378 963 1025 685 880 235 976 730 517 844 682 914 214 995 339 862 390 738 332 832 843 908
1089 974 837 984 0 783 930 112 289 1542 207 1107 916 358 639 243 399 855 1071 259 686 225 649 324 773 256 245 175
507 832 94 402 783 0 166 761 823 960 678 525 774 528 315 643 481 713 489 793 137 660 189 536 157 631 642 706
483 980 132 378 930 166 0 908 970 935 825 501 921 675 462 790 628 860 465 940 285 808 307 683 195 778 789 853
1068 953 815 963 112 761 908 0 311 1520 229 1086 894 380 618 265 378 833 1050 280 665 247 627 302 752 278 267 197
1130 1015 877 1025 289 823 970 311 0 1582 406 1148 956 487 680 442 440 895 1112 46 726 424 689 364 814 455 444 374
296 1277 638 370 1228 646 621 1206 1268 0 1123 314 1219 973 760 1088 926 1157 278 1238 582 1105 634 981 575 1076 1086 1151
985 870 732 880 207 678 825 229 406 1437 0 1002 811 172 535 101 258 750 967 376 581 84 544 349 669 114 104 167
137 1157 518 235 1107 525 501 1086 1148 628 1002 0 1098 852 639 967 805 1037 140 1117 462 985 513 860 455 955 966 1030
1081 76 828 976 916 774 921 894 956 1533 811 1098 0 661 631 776 614 85 1063 926 677 793 640 669 765 764 775 839
835 720 582 730 358 528 675 380 487 1287 172 852 661 0 385 136 117 600 817 456 431 154 394 199 519 124 135 317
622 689 369 517 639 315 462 618 680 1074 535 639 631 385 0 499 337 569 604 649 218 517 181 393 306 487 498 563
949 834 697 844 243 643 790 265 442 1402 101 967 776 136 499 0 223 714 931 412 546 119 509 314 633 150 139 202
788 672 535 682 399 481 628 378 440 1240 258 805 614 117 337 223 0 553 770 409 384 241 347 152 472 211 222 322
1019 143 767 914 855 713 860 833 895 1472 750 1037 85 600 569 714 553 0 1001 865 616 732 579 608 703 702 713 778
122 1121 482 214 1071 489 465 1050 1112 592 967 140 1063 817 604 931 770 1001 0 1082 426 949 477 825 419 919 930 995
1100 984 847 995 259 793 940 280 46 1552 376 1117 926 456 649 412 409 865 1082 0 696 394 659 334 784 425 414 344
444 736 192 339 686 137 285 665 726 897 581 462 677 431 218 546 384 616 426 696 0 564 92 439 128 534 545 609
967 852 714 862 225 660 808 247 424 1420 84 985 793 154 517 119 241 732 949 394 564 0 527 332 651 132 122 184
495 699 236 390 649 189 307 627 689 948 544 513 640 394 181 509 347 579 477 659 92 527 0 402 179 497 508 572
843 728 590 738 324 536 683 302 364 1295 349 860 669 199 393 314 152 608 825 334 439 332 402 0 527 302 313 209
437 823 123 332 773 157 195 752 814 889 669 455 765 519 306 633 472 703 419 784 128 651 179 527 0 621 632 697
937 822 685 832 256 631 778 278 455 1390 114 955 764 124 487 150 211 702 919 425 534 132 497 302 621 0 152 215
948 833 696 843 245 642 789 267 444 1401 104 966 775 135 498 139 222 713 930 414 545 122 508 313 632 152 0 204
1013 898 760 908 175 706 853 197 374 1465 167 1030 839 317 563 202 322 778 995 344 609 184 572 209 697 215 204 0
EOF