NAME : tsp_problem
TYPE : TSP
DIMENSION : 81
EDGE_WEIGHT_TYPE : EXPLICIT
EDGE_WEIGHT_FORMAT : FULL_MATRIX
EDGE_WEIGHT_SECTION
0 1015 921 236 903 936 925 1128 955 501 1018 475 355 848 449 583 878 987 437 469 895 1071 347 571 789 686 449 997 425 1109 1020 582 240 494 175 1014 872 585 862 850 682 1000 1039 246 490 404 390 444 473 978 490 1131 756 992 948 1065 513 1021 997 327 867 1042 260 1048 165 560 800 372 461 836 396 515 794 681 496 928 610 1143 986 975 917
1015 0 758 867 740 773 302 965 331 1434 144 753 1289 685 898 603 715 824 1371 747 271 908 801 726 626 523 1382 374 1359 946 857 601 1050 815 1121 851 709 605 699 687 519 377 876 1056 768 681 667 893 750 815 1424 508 285 829 785 442 790 858 834 1260 704 879 1194 885 919 1493 251 1306 617 673 1330 1449 632 518 791 765 1543 981 112 812 754
921 758 0 772 38 324 668 387 697 1340 761 658 1195 367 804 509 267 355 1277 652 637 205 707 632 150 429 1288 740 1265 252 409 507 955 720 1027 272 261 511 381 369 425 743 173 961 673 587 573 799 656 367 1330 874 498 361 82 808 696 410 366 1166 386 430 1099 437 824 1399 543 1211 522 197 1235 1354 537 280 697 316 1449 293 729 343 51
236 867 772 0 755 788 777 979 806 655 870 327 510 700 301 435 730 838 592 321 746 922 198 422 641 537 603 848 580 961 872 433 271 346 342 866 724 437 713 702 534 852 890 277 342 255 242 296 324 830 645 983 607 844 799 917 364 873 849 482 718 893 415 900 140 714 652 527 313 687 551 670 646 533 347 780 764 995 838 826 768
903 740 38 755 0 307 650 369 679 1322 743 640 1177 349 786 491 249 337 1259 634 619 187 689 614 132 411 1270 722 1247 234 391 489 937 703 1009 254 243 493 363 352 407 725 155 943 656 569 555 781 638 349 1312 856 480 343 64 790 678 392 348 1148 368 412 1081 419 807 1381 525 1194 504 179 1217 1336 519 262 679 299 1431 275 711 325 33
936 773 324 788 307 0 683 245 712 1355 776 673 1210 382 819 524 154 262 1292 667 652 427 722 647 193 444 1303 755 1280 348 137 522 970 736 1042 493 148 526 396 384 440 758 395 976 688 602 588 814 671 96 1345 889 513 268 351 823 711 138 273 1181 401 159 1114 165 840 1414 558 1226 537 239 1250 1369 552 295 712 73 1464 261 744 251 320
925 302 668 777 650 683 0 875 60 1344 305 662 1199 595 808 513 625 734 1281 656 181 818 711 636 536 433 1292 102 1269 856 767 511 959 725 1031 761 619 515 609 597 429 105 785 965 678 591 577 803 660 725 1334 236 195 739 695 170 700 768 744 1170 614 788 1103 795 829 1403 161 1216 526 583 1240 1358 541 428 701 675 1453 890 273 722 664
1128 965 387 979 369 245 875 0 904 1547 968 865 1402 454 1011 716 346 316 1484 859 844 292 914 839 385 636 1495 947 1471 213 219 714 1162 927 1234 358 340 717 468 457 632 950 260 1168 880 794 780 1005 862 177 1537 1081 705 322 414 1015 903 220 327 1373 473 240 1306 191 1031 1606 750 1418 729 431 1442 1561 744 487 904 265 1656 126 936 304 383
955 331 697 806 679 712 60 904 0 1374 334 692 1228 625 838 542 655 763 1310 686 211 847 741 666 566 462 1322 131 1298 886 797 541 989 754 1060 790 649 544 638 627 459 135 815 995 707 621 607 832 689 755 1364 266 224 769 724 200 730 798 774 1200 643 818 1133 825 858 1433 191 1245 556 612 1269 1388 571 458 731 705 1483 920 303 751 693
327 1260 1166 481 1148 1181 1170 1373 1200 0 1263 720 354 1093 695 829 1124 1232 436 714 1140 1316 592 816 1034 931 447 1242 593 1355 1265 827 495 739 438 1259 1118 830 1107 1095 927 1245 1284 502 736 649 635 689 718 1223 489 1377 1001 1237 1193 1310 758 1266 1242 325 1112 1287 239 1293 410 133 1046 370 706 1081 394 89 1040 927 741 1173 608 1389 1232 1220 1162
1018 144 761 870 743 776 305 968 334 1437 0 756 1292 688 901 606 718 827 1374 750 274 911 804 729 629 526 1385 377 1362 949 860 604 1053 818 1124 854 712 608 702 690 522 380 879 1059 771 684 670 896 753 818 1427 511 288 832 788 445 793 861 837 1263 707 882 1197 888 922 1496 254 1309 620 676 1333 1452 635 521 794 768 1546 984 115 815 757
475 753 658 327 640 673 662 865 692 894 756 0 749 585 220 321 616 724 831 68 632 808 261 188 527 423 842 734 819 847 757 319 510 136 581 751 610 323 599 588 419 738 776 516 89 123 109 214 71 716 884 869 493 730 685 802 111 759 735 721 604 779 654 786 379 953 538 766 198 573 790 909 532 419 112 665 1003 881 724 712 654
493 1427 1333 648 1315 1348 1337 1540 1366 252 1430 887 0 1260 861 995 1290 1398 189 881 1306 1483 759 982 1201 1098 200 1409 760 1521 1432 994 662 906 604 1426 1284 997 1273 1262 1094 1412 1450 668 902 816 802 856 884 1390 242 1543 1167 1404 1360 1477 925 1433 1409 492 1279 1453 405 1460 577 311 1212 123 873 1247 147 266 1206 1093 908 1340 361 1555 1398 1386 1329
848 685 367 700 349 382 595 454 625 1267 688 585 1122 0 731 436 325 423 1204 579 564 273 634 559 236 356 1215 667 1192 320 466 434 882 648 954 206 319 438 54 43 352 670 241 888 601 514 500 726 583 425 1257 801 425 428 394 735 623 468 433 1093 59 488 1026 495 752 1326 470 1139 449 282 1163 1281 464 207 624 374 1376 360 656 411 363
449 898 804 301 786 819 808 1011 838 869 901 220 723 731 0 467 762 870 805 214 778 954 217 207 672 569 817 880 793 993 903 465 484 130 555 897 756 468 745 733 565 883 922 490 235 269 255 68 217 861 858 1015 639 875 831 948 257 904 880 695 750 925 628 931 353 927 684 740 344 719 764 883 678 565 131 811 978 1027 870 858 800
583 603 509 435 491 524 513 716 542 1003 606 321 857 436 467 0 466 574 939 315 482 659 369 294 377 274 950 585 927 697 608 33 618 383 689 602 460 36 449 438 270 588 626 624 336 249 236 461 318 566 992 719 343 580 536 653 358 609 585 829 454 629 762 636 487 1061 388 874 185 423 898 1017 382 269 359 516 1111 731 574 562 504
878 715 267 730 249 154 625 346 655 1297 718 616 1152 325 762 466 0 178 1234 610 595 379 664 589 135 386 1245 697 1222 300 238 464 913 678 984 446 63 468 338 327 382 701 347 919 631 544 531 756 613 197 1287 832 456 183 294 765 653 239 188 1124 343 260 1057 267 782 1356 501 1169 480 182 1193 1312 495 238 654 146 1406 341 687 166 263
987 824 355 838 337 262 734 316 763 1406 827 724 1260 423 870 574 178 0 1342 718 703 261 773 698 243 494 1354 805 1330 182 347 573 1021 786 1092 327 172 576 436 425 491 809 229 1027 739 653 639 864 721 305 1395 940 564 65 382 874 762 348 70 1232 442 368 1165 375 890 1465 609 1277 588 290 1301 1420 603 346 763 255 1515 222 795 47 351
389 1323 1229 544 1211 1244 1233 1436 1263 137 1326 783 416 1156 757 891 1186 1295 0 777 1202 1379 655 879 1097 994 85 1305 656 1417 1328 890 558 802 500 1322 1180 893 1170 1158 990 1308 1347 564 798 712 698 752 781 1286 163 1439 1064 1300 1256 1373 821 1329 1305 388 1175 1349 301 1356 473 196 1108 433 769 1144 457 151 1102 989 804 1236 282 1451 1294 1283 1225
469 747 652 321 634 667 656 859 686 888 750 68 743 579 214 315 610 718 825 0 626 802 255 182 521 417 836 728 813 841 751 313 504 130 575 745 604 317 593 582 413 732 770 510 83 117 103 208 65 710 878 863 487 724 679 796 105 753 729 715 598 773 648 780 373 947 532 760 192 567 784 903 526 413 106 659 997 875 718 706 648
895 271 637 746 619 652 181 844 211 1314 274 632 1168 564 778 482 595 703 1250 626 0 787 680 605 506 402 1262 253 1238 826 737 481 929 694 1000 730 589 484 578 567 399 256 755 935 647 561 547 772 629 695 1303 388 164 709 664 321 670 738 714 1140 583 758 1073 765 798 1373 131 1185 496 552 1209 1328 511 398 670 644 1423 860 243 691 633
1071 908 205 922 187 427 818 292 847 1490 911 808 1345 273 954 659 379 261 1427 802 787 0 857 782 300 579 1438 890 1414 158 400 657 1105 870 1177 177 373 660 286 275 575 893 79 1111 823 737 723 948 805 359 1480 1024 648 266 232 958 846 402 271 1316 292 422 1249 373 974 1549 693 1361 672 347 1385 1504 687 430 847 447 1599 198 879 249 201
347 801 707 198 689 722 711 914 741 766 804 261 621 634 217 369 664 773 703 255 680 857 0 350 575 472 714 783 690 895 806 368 381 273 453 800 658 371 648 636 468 786 824 387 276 190 176 212 258 764 756 917 541 778 734 851 299 807 783 592 653 827 525 834 250 825 586 637 247 622 661 780 580 467 275 714 875 929 772 761 703
571 726 632 422 614 647 636 839 666 990 729 188 844 559 207 294 589 698 926 182 605 782 350 0 500 397 938 708 914 820 731 293 605 123 676 725 583 296 572 561 393 711 749 611 203 237 223 201 185 689 979 842 466 703 659 776 225 732 708 816 578 752 749 759 474 1049 511 861 172 547 885 1004 505 392 99 639 1099 854 697 686 628
789 626 150 641 132 193 536 385 566 1208 629 527 1063 236 672 377 135 243 1145 521 506 300 575 500 0 297 1156 608 1133 347 277 375 824 589 895 366 129 379 249 238 293 611 268 830 542 455 442 667 524 235 1198 743 367 249 177 676 564 278 254 1034 254 298 968 305 693 1267 412 1080 391 65 1104 1223 406 148 565 185 1317 388 598 232 146
686 523 429 537 411 444 433 636 462 1105 526 423 960 356 569 274 386 494 1042 417 402 579 472 397 297 0 1053 505 1030 617 528 272 720 485 792 522 380 276 369 358 20 508 546 726 438 352 338 564 421 486 1095 639 263 500 456 573 461 529 505 931 375 549 864 556 590 1164 308 976 287 343 1000 1119 212 189 462 436 1214 651 494 482 425
350 1283 1189 505 1171 1204 1193 1396 1223 97 1286 744 377 1116 718 852 1147 1255 459 737 1163 1339 615 839 1057 954 0 1265 616 1378 1288 850 519 762 461 1282 1141 854 1130 1118 950 1269 1307 525 759 672 658 712 741 1246 512 1400 1024 1260 1216 1333 781 1289 1265 348 1135 1310 262 1316 433 156 1069 394 729 1104 417 112 1063 950 764 1196 631 1412 1255 1243 1185
997 374 740 848 722 755 102 947 131 1416 377 734 1271 667 880 585 697 805 1353 728 253 890 783 708 608 505 1364 0 1341 928 839 583 1031 796 1103 833 691 587 680 669 501 39 857 1037 749 663 649 875 732 797 1406 170 267 811 767 103 772 840 816 1242 686 860 1175 867 901 1475 233 1287 598 654 1311 1430 613 500 773 747 1525 962 345 793 736
195 1128 1034 349 1016 1049 1038 1241 1068 482 1131 588 336 961 563 697 992 1100 418 582 1008 1184 460 684 902 799 430 1110 0 1223 1133 695 363 607 306 1127 986 698 975 963 795 1113 1152 370 604 517 503 557 586 1091 471 1245 869 1105 1061 1178 626 1134 1110 308 980 1155 241 1161 278 541 914 353 574 949 377 496 908 795 609 1041 591 1257 1100 1088 1030
1109 946 252 961 234 348 856 213 886 1528 949 847 1383 320 993 697 300 182 1465 841 826 158 895 820 347 617 1476 928 1453 0 321 695 1144 909 1215 224 294 699 333 322 613 932 126 1150 862 775 762 987 844 280 1518 1063 687 187 279 996 884 323 192 1355 339 343 1288 294 1013 1587 732 1400 711 393 1424 1543 726 469 885 368 1637 119 918 170 248
1020 857 409 872 391 137 767 219 797 1439 860 757 1294 466 903 608 238 347 1376 751 737 400 806 731 277 528 1387 839 1364 321 0 606 1054 820 1126 467 232 610 480 469 524 842 368 1061 773 686 672 898 755 69 1429 973 598 352 436 907 795 112 357 1265 485 133 1198 139 924 1498 642 1311 621 323 1335 1453 636 379 796 157 1548 235 828 335 404
582 601 507 433 489 522 511 714 541 1001 604 319 856 434 465 33 464 573 938 313 481 657 368 293 375 272 949 583 925 695 606 0 616 381 688 600 458 35 448 436 268 586 625 622 334 248 234 459 316 564 991 718 342 578 534 651 357 607 583 827 453 628 760 634 485 1060 387 872 183 422 896 1015 381 267 358 514 1110 730 573 561 503
240 1050 955 271 937 970 959 1162 989 669 1053 510 524 882 484 618 913 1021 606 504 929 1105 381 605 824 720 617 1031 594 1144 1054 616 0 528 103 1048 907 620 896 885 716 1035 1073 37 525 438 425 478 507 1013 659 1166 790 1027 982 1099 547 1056 1032 496 901 1076 429 1083 181 728 835 541 495 870 565 684 829 716 530 962 778 1178 1021 1009 951
494 815 720 346 703 736 725 927 754 913 818 136 768 648 130 383 678 786 850 130 694 870 273 123 589 485 861 796 838 909 820 381 528 0 600 814 672 385 661 650 482 800 838 535 151 185 172 124 133 778 903 931 555 792 747 865 174 821 797 739 666 841 672 848 398 972 600 785 261 635 809 927 594 481 48 728 1022 943 786 774 716
175 1121 1027 342 1009 1042 1031 1234 1060 612 1124 581 466 954 555 689 984 1092 548 575 1000 1177 453 676 895 792 560 1103 536 1215 1126 688 103 600 0 1120 978 691 967 956 788 1106 1144 109 596 510 496 550 578 1084 601 1237 861 1098 1054 1171 619 1127 1103 438 973 1147 371 1154 253 671 906 483 567 942 507 626 900 787 602 1034 721 1249 1092 1081 1023
1014 851 272 866 254 493 761 358 790 1433 854 751 1288 206 897 602 446 327 1370 745 730 177 800 725 366 522 1381 833 1358 224 467 600 1048 814 1120 0 440 604 220 208 518 836 145 1054 766 680 666 892 749 425 1423 967 591 333 299 901 789 468 338 1259 225 488 1192 439 918 1492 636 1305 615 413 1328 1447 630 373 790 513 1542 265 822 315 267
872 709 261 724 243 148 619 340 649 1291 712 610 1146 319 756 460 63 172 1228 604 589 373 658 583 129 380 1239 691 1216 294 232 458 907 672 978 440 0 462 332 321 376 695 341 913 625 538 525 750 607 190 1281 826 450 177 288 759 647 233 182 1118 337 254 1051 260 776 1350 495 1163 474 176 1187 1306 489 232 648 140 1400 335 681 160 257
585 605 511 437 493 526 515 717 544 1004 608 323 859 438 468 36 468 576 941 317 484 660 371 296 379 276 952 587 929 699 610 35 620 385 691 604 462 0 451 440 272 590 628 626 338 251 238 463 320 568 994 721 345 582 537 655 360 611 587 831 456 631 764 638 489 1063 390 876 187 425 900 1019 384 271 361 518 1113 733 576 564 506
862 699 381 713 363 396 609 468 638 1281 702 599 1135 54 745 449 338 436 1217 593 578 286 648 572 249 369 1229 680 1205 333 480 448 896 661 967 220 332 451 0 56 366 684 254 902 614 528 514 739 596 438 1270 815 439 442 408 749 637 481 447 1107 73 501 1040 508 765 1340 484 1152 463 296 1176 1295 478 221 637 388 1390 374 670 424 377
850 687 369 702 352 384 597 457 627 1269 690 588 1124 43 733 438 327 425 1206 582 567 275 636 561 238 358 1217 669 1194 322 469 436 885 650 956 208 321 440 56 0 354 672 243 891 603 516 503 728 585 427 1259 804 428 431 396 737 625 470 436 1095 61 490 1029 497 754 1328 473 1141 452 284 1165 1284 467 209 626 377 1378 363 659 413 365
682 519 425 534 407 440 429 632 459 1101 522 419 956 352 565 270 382 491 1038 413 399 575 468 393 293 20 1049 501 1026 613 524 268 716 482 788 518 376 272 366 354 0 504 543 723 435 348 334 560 417 482 1091 635 260 496 452 569 457 525 501 927 371 546 860 552 586 1160 304 973 283 340 997 1115 208 185 458 432 1210 647 490 479 421
1000 377 743 852 725 758 105 950 135 1419 380 738 1274 670 883 588 701 809 1356 732 256 893 786 711 611 508 1367 39 1344 932 842 586 1035 800 1106 836 695 590 684 672 504 0 861 1041 753 666 653 878 735 800 1409 173 270 814 770 107 775 843 819 1246 689 864 1179 870 904 1478 237 1291 602 658 1315 1434 617 504 776 750 1528 966 348 797 739
1039 876 173 890 155 395 785 260 815 1458 879 776 1312 241 922 626 347 229 1394 770 755 79 824 749 268 546 1406 857 1382 126 368 625 1073 838 1144 145 341 628 254 243 543 861 0 1079 791 705 691 916 773 327 1447 992 616 234 200 926 814 369 239 1284 259 390 1217 341 942 1517 661 1329 640 314 1353 1472 655 398 814 415 1567 166 847 217 169
246 1056 961 277 943 976 965 1168 995 675 1059 516 530 888 490 624 919 1027 612 510 935 1111 387 611 830 726 623 1037 600 1150 1061 622 37 535 109 1054 913 626 902 891 723 1041 1079 0 531 444 431 484 513 1019 665 1172 796 1033 988 1106 553 1062 1038 502 907 1082 435 1089 187 734 841 547 502 876 571 690 835 722 536 968 784 1184 1027 1015 957
490 768 673 342 656 688 678 880 707 910 771 89 764 601 235 336 631 739 846 83 647 823 276 203 542 438 857 749 834 862 773 334 525 151 596 766 625 338 614 603 435 753 791 531 0 138 124 229 86 731 899 884 508 745 700 818 127 774 750 736 619 794 669 801 394 968 553 781 214 588 805 924 547 434 127 681 1018 896 739 727 669
404 681 587 255 569 602 591 794 621 823 684 123 678 514 269 249 544 653 760 117 561 737 190 237 455 352 771 663 748 775 686 248 438 185 510 680 538 251 528 516 348 666 705 444 138 0 38 263 120 644 813 797 422 658 614 731 161 687 663 649 533 708 582 714 307 882 466 694 127 502 718 837 460 347 161 594 932 809 652 641 583
390 667 573 242 555 588 577 780 607 809 670 109 664 500 255 236 531 639 746 103 547 723 176 223 442 338 757 649 734 762 672 234 425 172 496 666 525 238 514 503 334 653 691 431 124 38 0 250 107 631 799 784 408 645 600 717 147 674 650 635 519 694 569 701 294 868 453 681 113 488 705 824 447 334 148 580 918 796 639 627 569
444 893 799 296 781 814 803 1005 832 863 896 214 718 726 68 461 756 864 800 208 772 948 212 201 667 564 811 875 788 987 898 459 478 124 550 892 750 463 739 728 560 878 916 484 229 263 250 0 211 856 853 1009 633 870 826 943 252 899 875 689 744 919 622 926 348 922 678 735 339 713 759 877 672 559 126 806 972 1021 864 852 794
473 750 656 324 638 671 660 862 689 892 753 71 746 583 217 318 613 721 828 65 629 805 258 185 524 421 840 732 816 844 755 316 507 133 578 749 607 320 596 585 417 735 773 513 86 120 107 211 0 713 881 866 490 727 682 800 109 756 732 718 601 776 651 783 376 951 535 763 196 570 787 906 529 416 110 663 1001 878 721 709 651
978 815 367 830 349 96 725 177 755 1397 818 716 1252 425 861 566 197 305 1334 710 695 359 764 689 235 486 1345 797 1322 280 69 564 1013 778 1084 425 190 568 438 427 482 800 327 1019 731 644 631 856 713 0 1387 932 556 310 394 865 753 70 315 1224 443 91 1157 97 882 1456 601 1269 580 282 1293 1412 595 337 754 116 1506 193 787 293 363
793 1727 1633 948 1615 1648 1637 1839 1666 548 1730 1187 820 1560 1161 1295 1590 1698 484 1181 1606 1782 1058 1282 1501 1398 496 1709 1059 1821 1732 1293 962 1206 904 1726 1584 1297 1573 1562 1394 1712 1750 968 1202 1116 1102 1156 1184 1690 0 1843 1467 1704 1660 1777 1225 1733 1709 792 1578 1753 705 1760 876 607 1512 837 1173 1547 861 562 1506 1393 1207 1640 245 1855 1698 1686 1628
1131 508 874 983 856 889 236 1081 266 1551 511 869 1405 801 1015 719 832 940 1487 863 388 1024 917 842 743 639 1498 170 1475 1063 973 718 1166 931 1237 967 826 721 815 804 635 173 992 1172 884 797 784 1009 866 932 1540 0 401 946 901 114 906 975 951 1377 820 995 1310 1002 1035 1609 368 1422 733 789 1446 1565 748 635 907 881 1659 1097 480 928 870
756 285 498 607 480 513 195 705 224 1175 288 493 1029 425 639 343 456 564 1111 487 164 648 541 466 367 263 1123 267 1099 687 598 342 790 555 861 591 450 345 439 428 260 270 616 796 508 422 408 633 490 556 1164 401 0 570 525 335 531 599 575 1001 444 619 934 626 659 1234 70 1046 357 413 1070 1189 372 259 531 505 1284 721 256 552 494
992 829 361 844 343 268 739 322 769 1411 832 730 1266 428 875 580 183 65 1348 724 709 266 778 703 249 500 1359 811 1336 187 352 578 1027 792 1098 333 177 582 442 431 496 814 234 1033 745 658 645 870 727 310 1401 946 570 0 388 879 767 353 75 1237 447 374 1171 380 896 1470 615 1283 594 296 1307 1426 609 351 768 260 1520 228 801 53 357
948 785 82 799 64 351 695 414 724 1367 788 685 1222 394 831 536 294 382 1304 679 664 232 734 659 177 456 1315 767 1292 279 436 534 982 747 1054 299 288 537 408 396 452 770 200 988 700 614 600 826 682 394 1357 901 525 388 0 835 723 437 393 1193 413 457 1126 464 851 1426 570 1238 549 224 1262 1381 564 307 724 343 1476 320 756 370 78
1065 442 808 917 790 823 170 1015 200 1484 445 802 1339 735 948 653 765 874 1421 796 321 958 851 776 676 573 1432 103 1409 996 907 651 1099 865 1171 901 759 655 749 737 569 107 926 1106 818 731 717 943 800 865 1474 114 335 879 835 0 840 908 884 1310 754 929 1243 935 969 1543 301 1356 666 723 1380 1498 681 568 841 815 1593 1030 413 862 804
513 790 696 364 678 711 700 903 730 932 793 111 787 623 257 358 653 762 869 105 670 846 299 225 564 461 880 772 857 884 795 357 547 174 619 789 647 360 637 625 457 775 814 553 127 161 147 252 109 753 922 906 531 767 723 840 0 796 772 758 642 817 691 823 416 991 575 803 236 611 827 946 569 456 150 703 1041 918 761 750 692
1021 858 410 873 392 138 768 220 798 1440 861 759 1295 468 904 609 239 348 1377 753 738 402 807 732 278 529 1388 840 1365 323 112 607 1056 821 1127 468 233 611 481 470 525 843 369 1062 774 687 674 899 756 70 1430 975 599 353 437 908 796 0 358 1266 486 134 1200 140 925 1499 644 1312 623 325 1336 1455 638 380 797 159 1549 236 830 336 406
997 834 366 849 348 273 744 327 774 1416 837 735 1271 433 880 585 188 70 1353 729 714 271 783 708 254 505 1364 816 1341 192 357 583 1032 797 1103 338 182 587 447 436 501 819 239 1038 750 663 650 875 732 315 1406 951 575 75 393 884 772 358 0 1242 452 379 1176 385 901 1475 620 1288 599 301 1312 1431 614 356 773 265 1525 233 806 58 362
478 1412 1318 633 1300 1333 1322 1525 1352 237 1415 872 92 1245 846 980 1275 1383 174 866 1291 1468 744 967 1186 1083 185 1394 745 1506 1417 979 647 891 589 1411 1269 982 1258 1247 1079 1397 1435 653 887 801 787 841 869 1375 227 1528 1152 1389 1345 1462 910 1418 1394 0 1264 1438 390 1445 562 296 1197 109 858 1233 133 251 1191 1078 893 1325 346 1540 1383 1372 1314
867 704 386 718 368 401 614 473 643 1286 707 604 1140 59 750 454 343 442 1222 598 583 292 653 578 254 375 1234 686 1210 339 485 453 901 666 973 225 337 456 73 61 371 689 259 907 619 533 519 744 601 443 1276 820 444 447 413 754 642 486 452 1112 0 507 1045 513 770 1345 489 1157 468 301 1181 1300 483 226 643 393 1395 379 675 430 382
1042 879 430 893 412 159 788 240 818 1461 882 779 1315 488 925 629 260 368 1397 773 758 422 827 752 298 549 1409 860 1385 343 133 628 1076 841 1147 488 254 631 501 490 546 864 390 1082 794 708 694 919 776 91 1450 995 619 374 457 929 817 134 379 1287 507 0 1220 161 945 1520 664 1332 643 345 1356 1475 658 401 817 179 1570 256 850 356 426
148 1082 988 303 970 1003 992 1194 1021 452 1085 542 306 915 516 650 945 1053 388 536 961 1137 413 637 856 753 400 1064 414 1176 1087 648 317 561 259 1081 939 652 928 917 749 1067 1105 323 557 471 457 511 539 1045 441 1198 822 1059 1015 1132 580 1088 1064 278 933 1108 0 1115 231 511 867 323 528 902 347 466 861 748 562 995 561 1210 1053 1041 983
1048 885 437 900 419 165 795 191 825 1467 888 786 1322 495 931 636 267 375 1404 780 765 373 834 759 305 556 1415 867 1392 294 139 634 1083 848 1154 439 260 638 508 497 552 870 341 1089 801 714 701 926 783 97 1457 1002 626 380 464 935 823 140 385 1293 513 161 1227 0 952 1526 671 1339 650 352 1363 1482 665 407 824 186 1576 207 857 363 433
165 919 824 140 807 840 829 1031 858 584 922 379 439 752 353 487 782 890 521 373 798 974 250 474 693 590 532 901 508 1013 924 485 181 398 253 918 776 489 765 754 586 904 942 187 394 307 294 348 376 882 574 1035 659 896 851 969 416 925 901 410 770 945 343 952 0 643 704 455 365 739 479 598 698 585 399 832 693 1047 890 878 820
378 1312 1217 533 1199 1232 1221 1424 1251 550 1315 772 405 1144 746 880 1175 1283 487 766 1191 1367 643 867 1086 982 498 1293 644 1406 1316 878 547 790 489 1310 1169 882 1158 1147 978 1297 1335 553 787 700 687 740 769 1275 540 1428 1052 1289 1244 1361 809 1318 1294 376 1163 1338 290 1345 461 0 1097 422 758 1132 446 140 1091 978 792 1224 659 1440 1283 1271 1213
800 251 543 652 525 558 161 750 191 1220 254 538 1074 470 684 388 501 609 1156 532 131 693 586 511 412 308 1168 233 1144 732 642 387 835 600 906 636 495 390 484 473 304 237 661 841 553 466 453 678 535 601 1209 368 70 615 570 301 575 644 620 1046 489 664 979 671 704 1279 0 1091 402 458 1115 1234 417 304 576 550 1329 766 223 597 539
433 1367 1272 588 1254 1287 1277 1479 1306 192 1370 827 460 1200 801 935 1230 1338 128 821 1246 1422 698 922 1141 1037 140 1348 699 1461 1372 933 602 846 544 1365 1224 937 1213 1202 1034 1352 1390 608 842 755 742 796 824 1330 182 1483 1107 1344 1299 1417 864 1373 1349 431 1218 1393 345 1400 516 251 1152 0 813 1187 87 206 1146 1033 847 1280 301 1495 1338 1326 1268
461 617 522 313 504 537 526 729 556 880 620 198 735 449 344 185 480 588 817 192 496 672 247 172 391 287 828 598 805 711 621 183 495 261 567 615 474 187 463 452 283 602 640 502 214 127 113 339 196 580 870 733 357 594 549 666 236 623 599 706 468 643 640 650 365 939 402 752 0 437 776 895 396 283 237 529 989 745 588 576 518
836 673 197 687 179 239 583 431 612 1255 676 573 1109 282 719 423 182 290 1191 567 552 347 622 547 65 343 1203 654 1179 393 323 422 870 635 942 413 176 425 296 284 340 658 314 876 588 502 488 713 570 282 1245 789 413 296 224 723 611 325 301 1081 301 345 1014 352 739 1314 458 1126 437 0 1150 1269 452 195 612 231 1364 434 644 278 192
407 1341 1247 562 1229 1262 1251 1454 1280 166 1344 801 434 1174 775 909 1204 1312 103 795 1220 1397 673 896 1115 1012 114 1323 674 1435 1346 908 576 820 518 1340 1198 911 1187 1176 1008 1326 1364 582 816 730 716 770 798 1304 156 1457 1081 1318 1274 1391 839 1347 1323 406 1193 1367 319 1374 491 225 1126 451 787 1162 0 180 1120 1007 822 1254 275 1469 1312 1301 1243
302 1235 1141 456 1123 1156 1145 1348 1175 474 1238 695 329 1068 670 804 1098 1207 411 689 1115 1291 567 791 1009 906 422 1217 568 1329 1240 802 470 714 413 1234 1092 805 1082 1070 902 1220 1259 477 711 624 610 664 693 1198 464 1352 976 1212 1168 1285 733 1241 1217 300 1087 1262 213 1268 385 533 1021 345 681 1056 369 0 1015 901 716 1148 583 1364 1207 1195 1137
794 632 537 646 519 552 541 744 571 1214 635 532 1068 464 678 382 495 603 1150 526 511 687 580 505 406 212 1162 613 1138 726 636 381 829 594 900 630 489 384 478 467 208 617 655 835 547 460 447 672 529 595 1203 748 372 609 564 681 569 638 614 1040 483 658 973 665 698 1272 417 1085 396 452 1109 1228 0 298 570 544 1323 760 603 591 533
681 518 280 533 262 295 428 487 458 1100 521 419 955 207 565 269 238 346 1037 413 398 430 467 392 148 189 1048 500 1025 469 379 267 716 481 787 373 232 271 221 209 185 504 398 722 434 347 334 559 416 337 1090 635 259 351 307 568 456 380 356 927 226 401 860 407 585 1159 304 972 283 195 996 1115 298 0 457 287 1209 503 490 334 276
496 791 697 347 679 712 701 904 731 915 794 112 769 624 131 359 654 763 851 106 670 847 275 99 565 462 863 773 839 885 796 358 530 48 602 790 648 361 637 626 458 776 814 536 127 161 148 126 110 754 905 907 531 768 724 841 150 797 773 741 643 817 674 824 399 974 576 786 237 612 810 929 570 457 0 704 1024 919 762 751 693
928 765 316 780 299 73 675 265 705 1347 768 665 1202 374 811 516 146 255 1284 659 644 447 714 639 185 436 1295 747 1272 368 157 514 962 728 1034 513 140 518 388 377 432 750 415 968 681 594 580 806 663 116 1337 881 505 260 343 815 703 159 265 1173 393 179 1106 186 832 1406 550 1219 529 231 1243 1361 544 287 704 0 1456 281 736 243 312
665 1599 1504 820 1486 1519 1508 1711 1538 419 1602 1059 692 1431 1033 1167 1462 1570 356 1053 1478 1654 930 1154 1373 1269 367 1580 931 1693 1603 1165 834 1077 776 1597 1456 1169 1445 1434 1266 1584 1622 840 1074 987 974 1027 1056 1562 434 1715 1339 1576 1531 1649 1096 1605 1581 663 1450 1625 577 1632 748 478 1384 709 1045 1419 733 434 1378 1265 1079 1511 0 1727 1570 1558 1500
1143 981 293 995 275 261 890 126 920 1563 984 881 1417 360 1027 731 341 222 1499 875 860 198 929 854 388 651 1511 962 1487 119 235 730 1178 943 1249 265 335 733 374 363 647 966 166 1184 896 809 796 1021 878 193 1552 1097 721 228 320 1030 918 236 233 1389 379 256 1322 207 1047 1622 766 1434 745 434 1458 1577 760 503 919 281 1672 0 952 210 289
986 112 729 838 711 744 273 936 303 1406 115 724 1260 656 870 574 687 795 1342 718 243 879 772 697 598 494 1354 345 1330 918 828 573 1021 786 1092 822 681 576 670 659 490 348 847 1027 739 652 639 864 721 787 1395 480 256 801 756 413 761 830 806 1232 675 850 1165 857 890 1465 223 1277 588 644 1301 1420 603 490 762 736 1515 952 0 783 725
975 812 343 826 325 251 722 304 751 1394 815 712 1248 411 858 562 166 47 1330 706 691 249 761 686 232 482 1342 793 1318 170 335 561 1009 774 1081 315 160 564 424 413 479 797 217 1015 727 641 627 852 709 293 1384 928 552 53 370 862 750 336 58 1220 430 356 1153 363 878 1453 597 1265 576 278 1289 1408 591 334 751 243 1503 210 783 0 339
917 754 51 768 33 320 664 383 693 1336 757 654 1190 363 800 504 263 351 1272 648 633 201 703 628 146 425 1284 736 1260 248 404 503 951 716 1023 267 257 506 377 365 421 739 169 957 669 583 569 794 651 363 1326 870 494 357 78 804 692 406 362 1162 382 426 1095 433 820 1395 539 1207 518 192 1231 1350 533 276 693 312 1445 289 725 339 0
EOF
