NAME : tsp_problem
TYPE : TSP
DIMENSION : 50
EDGE_WEIGHT_TYPE : EXPLICIT
EDGE_WEIGHT_FORMAT : FULL_MATRIX
EDGE_WEIGHT_SECTION
0 143 1069 508 394 417 585 518 548 1254 685 797 1241 433 818 485 461 216 691 790 44 626 650 798 375 416 658 635 607 421 493 721 549 1230 488 532 636 1227 650 541 525 158 499 969 606 392 996 415 602 1244
143 0 973 413 299 321 489 423 453 1158 590 702 1146 337 723 390 365 120 595 694 111 531 554 703 280 321 562 540 512 325 398 626 454 1135 392 436 541 1132 555 446 429 187 403 874 511 296 900 319 507 1148
1207 1111 0 1296 1182 1205 1373 1306 936 285 1473 1585 272 814 510 955 931 1094 1479 601 1175 1414 1438 1586 1163 1204 1446 1423 1395 1027 1281 1509 1337 261 774 1320 1424 258 1438 1329 1313 1250 785 394 1394 997 609 1203 889 275
508 413 1158 0 261 283 193 608 638 1343 203 887 1331 523 908 575 551 396 209 879 476 716 258 323 167 134 747 725 125 511 583 811 389 1320 577 398 726 1317 740 398 391 552 588 1059 214 481 1085 150 692 1334
394 299 1044 261 0 127 337 494 524 1229 358 773 1217 409 794 461 437 282 363 766 362 602 402 449 128 168 633 611 359 397 469 697 175 1206 464 158 612 1203 626 167 151 438 475 945 359 367 971 167 578 1220
417 321 1067 283 127 0 359 516 546 1252 336 795 1239 431 816 483 459 304 342 788 385 624 424 427 150 191 656 633 382 419 491 719 154 1228 486 136 634 1225 648 146 129 461 497 967 381 390 994 189 600 1242
585 489 1235 193 337 359 0 685 715 1420 276 964 1407 599 985 652 627 473 282 956 553 793 92 240 243 210 824 802 291 587 660 888 433 1397 654 451 803 1394 817 443 459 629 665 1136 48 558 1162 227 769 1410
518 423 1168 608 494 516 685 0 648 1353 785 437 1341 533 918 585 561 406 791 890 486 153 750 898 475 516 297 162 707 521 285 361 649 1330 588 631 276 1327 290 641 625 562 599 1069 706 491 1095 515 702 1344
548 453 798 638 524 546 715 648 0 983 815 927 970 214 547 90 107 436 821 519 516 756 780 928 505 546 787 765 737 368 623 851 679 959 181 661 766 956 780 671 654 592 171 698 736 339 725 545 84 973
1072 976 378 1162 1048 1070 1238 1172 801 0 1339 1451 53 680 375 820 796 959 1344 467 1040 1279 1303 1452 1029 1070 1311 1289 1260 892 1147 1375 1203 66 640 1185 1290 66 1304 1195 1178 1116 651 259 1260 862 475 1068 754 554
685 590 1335 203 358 336 276 785 815 1520 0 1064 1508 700 1085 752 728 573 52 1056 653 893 211 137 344 311 924 902 122 688 760 988 203 1497 755 221 903 1494 917 212 229 729 765 1236 254 658 1262 324 869 1511
797 702 1447 887 773 795 964 437 927 1632 1064 0 1620 812 1197 864 840 685 1070 1168 765 545 1029 1177 754 795 157 554 986 800 564 95 928 1609 867 910 187 1606 249 920 904 841 877 1348 985 770 1374 794 981 1623
1059 964 366 1149 1035 1058 1226 1159 789 53 1326 1438 0 667 363 808 784 947 1332 454 1027 1267 1291 1439 1016 1057 1298 1276 1248 879 1134 1362 1190 78 627 1173 1277 78 1291 1182 1166 1103 638 247 1247 850 462 1056 741 542
433 337 676 523 409 431 599 533 214 861 700 812 849 0 426 181 157 321 706 397 401 641 665 813 390 431 672 650 622 253 508 736 564 838 96 546 651 835 665 556 539 477 106 577 621 224 603 429 210 852
818 723 372 908 794 816 985 918 547 557 1085 1197 544 426 0 567 542 706 1091 213 786 1026 1050 1198 775 816 1057 1035 1007 638 893 1121 949 534 386 931 1036 530 1050 941 925 862 397 272 1006 609 299 815 500 547
485 390 817 575 461 483 652 585 90 1002 752 864 989 181 567 0 92 373 758 538 453 693 717 865 442 483 724 702 674 305 560 788 616 979 236 598 703 975 717 608 592 529 238 718 673 276 744 482 151 992
461 365 793 551 437 459 627 561 107 978 728 840 965 157 542 92 0 349 734 514 429 669 692 841 418 459 700 678 650 281 536 764 592 955 212 574 679 951 693 584 567 505 223 693 649 252 720 457 167 968
216 120 956 396 282 304 473 406 436 1141 573 685 1129 321 706 373 349 0 579 677 184 514 538 686 263 304 545 523 495 309 381 609 437 1118 375 419 524 1115 538 429 412 260 386 857 494 279 883 302 490 1132
691 595 1341 209 363 342 282 791 821 1526 52 1070 1514 706 1091 758 734 579 0 1062 659 899 217 143 349 316 930 908 128 693 766 994 209 1503 760 227 909 1500 923 218 235 735 771 1242 260 664 1268 329 875 1516
790 694 463 879 766 788 956 890 519 648 1056 1168 636 397 213 538 514 677 1062 0 758 997 1021 1169 747 787 1029 1007 978 610 864 1092 920 625 358 903 1007 622 1021 912 896 834 368 364 977 580 390 786 472 639
44 111 1037 476 362 385 553 486 516 1221 653 765 1209 401 786 453 429 184 659 758 0 594 618 766 343 384 626 603 575 389 461 689 517 1198 456 500 604 1195 618 509 493 126 467 937 574 359 964 383 570 1212
626 531 1276 716 602 624 793 153 756 1461 893 545 1449 641 1026 693 669 514 899 997 594 0 858 1006 583 624 405 132 815 629 393 468 757 1438 695 739 384 1435 398 749 732 670 706 1177 814 599 1203 622 810 1452
650 554 1300 258 402 424 92 750 780 1485 211 1029 1473 665 1050 717 692 538 217 1021 618 858 0 175 308 275 889 867 287 652 725 953 368 1462 719 386 868 1459 882 377 394 694 730 1201 70 623 1227 292 834 1475
798 703 1448 323 449 427 240 898 928 1633 137 1177 1621 813 1198 865 841 686 143 1169 766 1006 175 0 457 423 1037 1015 214 801 873 1101 295 1610 867 312 1016 1607 1030 304 320 842 878 1349 218 771 1375 415 982 1624
375 280 1025 167 128 150 243 475 505 1210 344 754 1198 390 775 442 418 263 349 747 343 583 308 457 0 75 614 592 266 378 450 678 283 1187 445 265 593 1184 607 275 258 419 456 926 265 348 952 73 559 1201
416 321 1066 134 168 191 210 516 546 1251 311 795 1239 431 816 483 459 304 316 787 384 624 275 423 75 0 655 633 232 419 491 719 323 1228 485 306 634 1225 648 315 299 460 496 967 232 389 993 58 600 1242
658 562 1308 747 633 656 824 297 787 1492 924 157 1480 672 1057 724 700 545 930 1029 626 405 889 1037 614 655 0 414 846 660 424 81 788 1469 727 771 233 1466 109 780 764 701 738 1208 845 630 1235 654 841 1483
635 540 1285 725 611 633 802 162 765 1470 902 554 1458 650 1035 702 678 523 908 1007 603 132 867 1015 592 633 414 0 824 638 402 478 766 1447 705 748 393 1444 407 758 742 679 715 1186 823 608 1212 632 819 1461
607 512 1257 125 359 382 291 707 737 1442 122 986 1430 622 1007 674 650 495 128 978 575 815 287 214 266 232 846 824 0 610 682 910 280 1419 676 297 825 1416 839 289 305 651 687 1158 313 580 1184 249 791 1433
421 325 889 511 397 419 587 521 368 1074 688 800 1061 253 638 305 281 309 693 610 389 629 652 801 378 419 660 638 610 0 496 724 552 1050 308 534 639 1047 653 544 527 465 319 789 609 67 816 417 422 1064
493 398 1143 583 469 491 660 285 623 1328 760 564 1316 508 893 560 536 381 766 864 461 393 725 873 450 491 424 402 682 496 0 488 624 1305 562 606 403 1302 417 616 600 537 573 1044 681 466 1070 490 677 1319
721 626 1371 811 697 719 888 361 851 1556 988 95 1544 736 1121 788 764 609 994 1092 689 468 953 1101 678 719 81 478 910 724 488 0 852 1533 790 834 262 1530 173 844 828 765 801 1272 909 694 1298 718 905 1547
549 454 1199 389 175 154 433 649 679 1384 203 928 1372 564 949 616 592 437 209 920 517 757 368 295 283 323 788 766 280 552 624 852 0 1361 618 119 767 1358 781 111 127 593 629 1100 412 522 1126 322 733 1375
1049 953 355 1139 1025 1047 1215 1149 778 66 1316 1428 78 657 352 797 773 936 1321 444 1017 1256 1280 1428 1006 1046 1288 1266 1237 869 1124 1352 1179 0 617 1162 1267 89 1281 1172 1155 1093 628 236 1237 839 452 1045 731 531
488 392 636 577 464 486 654 588 181 821 755 867 809 96 386 236 212 375 760 358 456 695 719 867 445 485 727 705 676 308 562 790 618 798 0 601 706 795 720 611 594 532 49 537 675 278 563 484 152 812
532 436 1182 398 158 136 451 631 661 1367 221 910 1354 546 931 598 574 419 227 903 500 739 386 312 265 306 771 748 297 534 606 834 119 1343 601 0 749 1340 763 129 145 576 612 1082 429 505 1109 304 715 1357
636 541 1286 726 612 634 803 276 766 1471 903 187 1459 651 1036 703 679 524 909 1007 604 384 868 1016 593 634 233 393 825 639 403 262 767 1448 706 749 0 1445 226 759 743 680 716 1187 824 609 1213 633 820 1462
1046 950 352 1135 1021 1044 1212 1145 775 66 1312 1424 78 653 349 794 770 933 1318 440 1014 1253 1277 1425 1002 1043 1285 1262 1234 866 1120 1348 1176 89 613 1159 1263 0 1277 1168 1152 1089 624 233 1233 836 448 1042 728 528
650 555 1300 740 626 648 817 290 780 1485 917 249 1473 665 1050 717 693 538 923 1021 618 398 882 1030 607 648 109 407 839 653 417 173 781 1462 720 763 226 1459 0 773 757 694 730 1201 838 623 1227 647 834 1476
541 446 1191 398 167 146 443 641 671 1376 212 920 1364 556 941 608 584 429 218 912 509 749 377 304 275 315 780 758 289 544 616 844 111 1353 611 129 759 1350 773 0 136 585 621 1092 421 514 1118 314 725 1367
525 429 1175 391 151 129 459 625 654 1360 229 904 1347 539 925 592 567 412 235 896 493 732 394 320 258 299 764 742 305 527 600 828 127 1337 594 145 743 1333 757 136 0 569 605 1075 437 498 1102 298 708 1350
158 187 1112 552 438 461 629 562 592 1297 729 841 1285 477 862 529 505 260 735 834 126 670 694 842 419 460 701 679 651 465 537 765 593 1274 532 576 680 1271 694 585 569 0 543 1013 650 435 1023 459 646 1288
499 403 647 588 475 497 665 599 171 832 765 877 820 106 397 238 223 386 771 368 467 706 730 878 456 496 738 715 687 319 573 801 629 809 49 612 716 806 730 621 605 543 0 548 686 289 574 495 141 823
865 769 302 954 840 863 1031 964 594 487 1131 1243 475 472 168 613 589 752 1137 259 833 1072 1096 1244 821 862 1104 1081 1053 685 939 1167 995 464 432 978 1082 461 1096 987 971 909 443 0 1052 655 267 861 547 478
606 511 1256 214 359 381 48 706 736 1441 254 985 1429 621 1006 673 649 494 260 977 574 814 70 218 265 232 845 823 313 609 681 909 412 1418 675 429 824 1415 838 421 437 650 686 1157 0 579 1183 248 790 1432
392 296 859 481 367 390 558 491 339 1044 658 770 1032 224 609 276 252 279 664 580 359 599 623 771 348 389 630 608 580 67 466 694 522 1021 278 505 609 1018 623 514 498 435 289 760 579 0 786 388 393 1035
992 896 413 1082 968 990 1158 1092 721 598 1259 1371 586 600 295 740 716 880 1264 387 960 1200 1223 1372 949 990 1231 1209 1180 812 1067 1295 1123 575 560 1105 1210 572 1224 1115 1098 1036 571 314 1180 782 0 988 674 589
415 319 1065 150 167 189 227 515 545 1250 324 794 1237 429 815 482 457 302 329 786 383 622 292 415 73 58 654 632 249 417 490 718 322 1227 484 304 633 1223 647 314 298 459 495 965 248 388 992 0 598 1240
602 507 751 692 578 600 769 702 84 935 869 981 923 210 500 151 167 490 875 472 570 810 834 982 559 600 841 819 791 422 677 905 733 912 152 715 820 909 834 725 708 646 141 651 790 393 678 598 0 926
1424 1328 730 1514 1400 1422 1590 1524 1153 498 1691 1803 485 1032 727 1172 1148 1311 1696 819 1392 1631 1655 1803 1381 1422 1663 1641 1612 1244 1499 1727 1555 475 992 1537 1642 471 1656 1547 1530 1468 1003 611 1612 1214 827 1420 1106 0
EOF