NAME : tsp_problem
TYPE : TSP
DIMENSION : 32
EDGE_WEIGHT_TYPE : EXPLICIT
EDGE_WEIGHT_FORMAT : FULL_MATRIX
EDGE_WEIGHT_SECTION
0 973 407 1165 1000 331 1643 847 1217 431 817 237 907 802 1062 924 728 1488 1908 307 359 1048 913 1034 1883 934 1571 891 1206 215 432 1650
973 0 721 266 83 809 743 403 303 570 710 789 338 256 162 201 622 589 1009 808 770 148 190 134 983 210 671 123 306 859 682 750
407 721 0 914 749 130 1391 596 966 202 566 421 655 551 810 673 477 1237 1657 365 148 797 662 783 1631 683 1320 640 955 491 313 1399
1165 266 914 0 293 1002 632 596 104 763 903 982 530 448 231 393 814 478 898 1001 963 217 382 203 872 403 561 316 116 1052 874 640
1000 83 749 293 0 836 770 430 276 598 738 817 365 283 189 228 649 616 1036 835 798 176 217 162 1010 238 699 150 288 887 709 778
331 809 130 1002 836 0 1479 683 1053 290 653 456 743 638 898 760 564 1325 1745 289 81 884 750 870 1719 770 1408 727 1042 433 287 1486
1698 798 1447 688 826 1534 0 1128 739 1296 1436 1515 1063 981 764 926 1347 346 355 1533 1496 750 915 736 329 936 429 848 729 1585 1407 59
847 403 596 596 430 683 1073 0 647 445 585 663 89 184 492 235 496 919 1339 682 645 478 246 464 1313 226 1002 321 636 734 556 1080
1217 303 966 104 276 1053 684 647 0 815 955 1034 582 500 202 445 866 530 950 1052 1015 216 434 230 924 455 613 367 64 1104 926 691
431 570 202 763 598 290 1240 445 815 0 415 248 504 400 659 522 326 1086 1506 266 251 646 511 632 1480 532 1169 489 804 318 140 1248
817 710 566 903 738 653 1380 585 955 415 0 634 644 540 799 662 111 1226 1646 652 615 786 651 772 1620 672 1309 629 944 704 526 1388
237 789 421 982 817 456 1459 663 1034 248 634 0 723 619 878 741 545 1305 1725 249 470 865 730 851 1699 751 1388 708 1023 124 251 1467
907 338 655 530 365 743 1008 89 582 504 644 723 0 123 426 170 556 853 1273 742 704 413 181 399 1247 161 936 256 571 793 616 1015
802 256 551 448 283 638 926 184 500 400 540 619 123 0 345 207 451 772 1191 637 600 331 196 317 1166 217 854 174 489 689 511 933
1062 162 810 231 189 898 708 492 202 659 799 878 426 345 0 289 711 554 974 897 859 96 279 82 948 299 637 212 214 948 771 716
924 201 673 393 228 760 871 235 445 522 662 741 170 207 289 0 573 716 1136 759 722 276 123 262 1110 144 799 119 434 811 633 878
728 622 477 814 649 564 1292 496 866 326 111 545 556 451 711 573 0 1137 1557 563 526 697 562 683 1532 583 1220 540 855 615 437 1299
1441 541 1190 430 568 1277 272 871 482 1038 1178 1257 806 724 506 669 1090 0 538 1276 1239 493 658 479 512 679 165 591 471 1327 1150 280
1850 950 1599 840 978 1686 682 1280 891 1448 1588 1667 1215 1133 916 1078 1499 491 0 1685 1648 902 1067 888 45 1088 574 1000 881 1737 1559 689
307 808 365 1001 835 289 1478 682 1052 266 652 249 742 637 897 759 563 1324 1744 0 317 883 749 869 1718 769 1407 726 1041 319 269 1485
359 770 148 963 798 81 1440 645 1015 251 615 470 704 600 859 722 526 1286 1706 317 0 846 711 832 1680 732 1369 689 1004 461 316 1448
1048 148 797 217 176 884 695 478 216 646 786 865 413 331 96 276 697 540 960 883 846 0 265 68 935 286 623 198 228 935 757 702
913 190 662 382 217 750 860 246 434 511 651 730 181 196 279 123 562 705 1125 749 711 265 0 251 1100 133 788 108 423 800 622 867
1034 134 783 203 162 870 681 464 230 632 772 851 399 317 82 262 683 527 946 869 832 68 251 0 921 272 609 184 242 921 743 688
1824 924 1573 814 952 1660 656 1254 865 1422 1562 1641 1189 1107 890 1052 1473 466 45 1659 1622 876 1041 862 0 1062 548 974 855 1711 1533 663
934 210 683 403 238 770 880 226 455 532 672 751 161 217 299 144 583 726 1146 769 732 286 133 272 1120 0 809 129 444 821 643 888
1390 490 1139 380 517 1226 610 820 431 988 1128 1206 755 673 455 618 1039 456 876 1225 1188 442 607 428 850 628 0 540 420 1276 1099 617
891 123 640 316 150 727 793 321 367 489 629 708 256 174 212 119 540 639 1059 726 689 198 108 184 1033 129 722 0 356 778 600 800
1206 306 955 116 288 1042 673 636 64 804 944 1023 571 489 214 434 855 519 939 1041 1004 228 423 242 913 444 602 356 0 1093 915 680
215 859 491 1052 887 433 1529 734 1104 318 704 124 793 689 948 811 615 1375 1795 319 461 935 800 921 1769 821 1458 778 1093 0 321 1537
432 682 313 874 709 287 1352 556 926 140 526 251 616 511 771 633 437 1198 1617 269 316 757 622 743 1592 643 1280 600 915 321 0 1359
1705 805 1454 695 833 1542 59 1136 747 1303 1443 1522 1070 988 771 933 1354 354 362 1541 1503 757 922 743 336 943 436 856 736 1592 1414 0
EOF