NAME : tsp_problem
TYPE : TSP
DIMENSION : 34
EDGE_WEIGHT_TYPE : EXPLICIT
EDGE_WEIGHT_FORMAT : FULL_MATRIX
EDGE_WEIGHT_SECTION
0 1123 469 1445 476 777 1173 493 473 958 1257 1375 1061 546 667 359 440 1076 1264 1399 757 356 760 468 89 608 1237 542 1091 391 1048 630 767 325
1305 0 809 362 930 1543 314 912 691 381 160 401 102 762 530 1125 959 117 333 822 620 1122 502 867 1280 1374 305 758 132 791 471 670 508 1091
651 809 0 1131 143 889 858 125 159 643 943 1060 746 212 353 471 180 761 950 1084 443 468 446 144 626 720 922 221 777 136 734 316 452 437
1627 362 1131 0 1251 1865 318 1233 1012 702 229 152 427 1084 852 1447 1281 445 214 1143 942 1444 823 1188 1602 1696 235 1080 395 1112 793 992 830 1413
657 930 143 1251 0 895 979 79 280 764 1064 1181 867 198 474 477 58 882 1071 1205 563 474 567 98 632 727 1043 207 897 175 855 436 573 443
207 1216 562 1538 568 0 1265 586 566 1051 1350 1468 1154 638 760 452 533 1169 1357 1491 850 449 853 560 182 312 1329 635 1184 484 1141 723 859 418
1354 314 858 318 979 1592 0 961 740 430 181 358 309 811 580 1174 1008 324 292 871 669 1171 551 916 1329 1424 440 807 339 840 521 719 557 1140
675 912 125 1233 79 913 961 0 262 746 1046 1163 849 179 455 495 76 864 1052 1187 545 492 548 80 650 744 1025 189 879 157 837 418 555 461
655 691 159 1012 280 893 740 262 0 525 825 942 628 113 234 475 309 643 831 966 324 472 328 217 630 724 804 109 658 141 616 197 334 441
1139 381 643 702 764 1377 430 746 525 0 515 632 318 596 365 960 794 333 522 656 455 957 336 701 1114 1209 494 593 348 625 207 505 342 926
1439 160 943 229 1064 1677 181 1046 825 515 0 268 224 896 664 1259 1093 242 203 956 754 1256 636 1001 1414 1508 351 892 193 925 605 804 642 1225
1556 401 1060 152 1181 1794 358 1163 942 632 268 0 381 1013 782 1377 1211 396 253 1073 872 1373 753 1118 1531 1626 165 1010 411 1042 723 921 759 1342
1242 102 746 427 867 1480 309 849 628 318 224 381 0 699 468 1063 897 54 270 759 558 1060 439 804 1217 1312 243 696 69 728 409 608 445 1029
727 762 212 1084 198 965 811 179 113 596 896 1013 699 0 306 547 234 714 903 1037 396 544 399 198 702 797 875 135 729 213 687 269 405 513
849 530 353 852 474 1087 580 455 234 365 664 782 468 306 0 669 503 483 671 806 108 666 167 411 824 918 644 302 498 334 455 214 174 635
265 1263 609 1585 615 503 1312 633 613 1098 1397 1515 1201 685 807 0 580 1216 1404 1538 897 50 900 607 240 334 1376 682 1231 531 1188 770 906 465
621 959 180 1281 58 859 1008 76 309 794 1093 1211 897 234 503 442 0 912 1100 1234 593 439 596 135 596 691 1072 244 927 212 884 466 602 408
1257 117 761 445 882 1495 324 864 643 333 242 396 54 714 483 1078 912 0 285 774 573 1075 454 819 1232 1327 258 711 84 743 424 623 460 1043
1446 333 950 214 1071 1684 292 1052 831 522 203 253 270 903 671 1266 1100 285 0 962 761 1263 643 1008 1421 1515 318 899 300 931 612 811 649 1232
1580 822 1084 1143 1205 1818 871 1187 966 656 956 1073 759 1037 806 1400 1234 774 962 0 895 1397 777 1142 1555 1650 935 1033 789 1066 747 945 783 1366
939 620 443 942 563 1177 669 545 324 455 754 872 558 396 108 759 593 573 761 895 0 756 183 501 914 1008 733 392 588 424 545 180 169 725
262 1260 606 1582 612 500 1309 630 610 1095 1394 1511 1198 682 804 50 577 1213 1401 1535 894 0 897 604 237 331 1373 679 1228 528 1185 767 903 462
942 502 446 823 567 1180 551 548 328 336 636 753 439 399 167 762 596 454 643 777 183 759 0 504 917 1011 615 395 469 428 427 307 127 728
649 867 144 1188 98 887 916 80 217 701 1001 1118 804 198 411 469 135 819 1008 1142 501 466 504 0 624 719 980 207 834 117 792 373 510 435
89 1098 444 1420 450 751 1147 468 448 933 1232 1350 1036 520 642 334 415 1051 1239 1373 732 331 735 442 0 583 1211 517 1066 366 1023 605 741 300
427 1430 776 1751 782 254 1479 800 780 1264 1564 1681 1367 852 974 665 746 1382 1571 1705 1063 662 1067 774 402 0 1543 848 1397 698 1355 936 1073 631
1418 305 922 235 1043 1656 440 1025 804 494 351 165 243 875 644 1238 1072 258 318 935 733 1235 615 980 1393 1488 0 871 273 904 585 783 621 1204
723 758 221 1080 207 961 807 189 109 593 892 1010 696 135 302 544 244 711 899 1033 392 541 395 207 698 793 871 0 726 209 683 265 401 510
1272 132 777 395 897 1510 339 879 658 348 193 411 69 729 498 1093 927 84 300 789 588 1090 469 834 1247 1342 273 726 0 758 439 638 475 1059
573 791 136 1112 175 811 840 157 141 625 925 1042 728 213 334 393 212 743 931 1066 424 390 428 117 548 642 904 209 758 0 716 297 434 359
1230 471 734 793 855 1468 521 837 616 207 605 723 409 687 455 1050 884 424 612 747 545 1047 427 792 1205 1299 585 683 439 716 0 595 433 1016
812 670 316 992 436 1050 719 418 197 505 804 921 608 269 214 632 466 623 811 945 180 629 307 373 786 881 783 265 638 297 595 0 300 598
948 508 452 830 573 1186 557 555 334 342 642 759 445 405 174 768 602 460 649 783 169 765 127 510 923 1018 621 401 475 434 433 300 0 734
266 1264 610 1586 616 504 1313 634 614 1098 1398 1515 1201 686 808 86 580 1216 1405 1539 898 83 901 608 241 335 1377 683 1232 532 1189 771 907 0
EOF