NAME : tsp_problem
TYPE : TSP
DIMENSION : 38
EDGE_WEIGHT_TYPE : EXPLICIT
EDGE_WEIGHT_FORMAT : FULL_MATRIX
EDGE_WEIGHT_SECTION
0 817 674 656 411 1081 1146 495 39 541 429 34 374 564 572 424 643 264 405 314 655 532 419 477 638 511 558 35 499 1027 579 413 1020 28 1022 961 688 466
712 0 1244 1227 981 606 670 331 733 1112 389 728 510 431 409 383 1214 515 365 450 1226 1103 990 1047 1209 1082 215 727 1069 551 1150 372 545 720 546 486 1259 1037
674 1349 0 101 760 1613 1678 1027 694 430 961 689 906 1096 1104 956 993 796 937 846 298 882 769 366 988 185 1090 689 195 1559 111 945 1552 681 1554 1493 1038 816
656 1331 101 0 743 1596 1660 1009 676 413 944 671 889 1078 1087 938 975 778 920 829 216 864 751 348 970 168 1073 671 177 1541 93 927 1535 664 1536 1476 1020 798
411 1085 760 743 0 1350 1415 764 431 628 698 426 643 833 841 692 375 533 674 583 742 264 151 563 280 598 827 425 585 1296 666 682 1289 418 1291 1230 303 198
1137 820 1669 1651 1406 0 151 755 1157 1536 813 1152 934 856 833 808 1638 940 789 875 1650 1527 1414 1472 1633 1506 639 1152 1494 468 1574 797 462 1144 463 403 1683 1461
1013 696 1545 1527 1282 403 0 631 1033 1412 689 1028 811 732 709 684 1514 816 665 751 1526 1403 1290 1348 1509 1383 515 1028 1370 348 1450 673 342 1020 344 283 1560 1337
495 435 1027 1009 764 700 764 0 515 894 171 510 292 137 122 166 996 298 147 233 1008 885 772 830 991 864 177 510 852 645 932 155 639 502 641 580 1041 819
39 837 694 676 431 1101 1166 515 0 561 449 41 394 584 593 444 663 284 425 335 675 552 439 497 658 532 579 41 519 1047 599 433 1041 34 1042 982 709 486
541 1216 430 413 628 1481 1545 894 561 0 829 557 774 963 972 823 860 663 805 714 412 749 636 232 855 268 958 556 255 1426 336 812 1420 549 1422 1361 906 683
429 493 961 944 698 758 822 171 449 829 0 445 227 160 200 83 931 232 64 167 943 819 707 764 926 799 235 444 786 703 867 72 697 437 699 638 976 754
34 832 689 671 426 1097 1161 510 41 557 445 0 390 579 588 439 658 279 421 330 670 547 434 492 653 527 574 36 514 1042 595 428 1036 29 1037 977 704 481
374 614 906 889 643 879 944 292 394 774 227 390 0 362 370 221 876 177 203 94 888 764 652 709 871 744 356 389 731 825 812 210 818 382 820 759 921 699
564 535 1096 1078 833 800 865 137 584 963 160 579 362 0 60 166 1065 367 181 302 1077 954 841 899 1060 934 248 579 921 746 1001 176 739 571 741 680 1111 888
572 513 1104 1087 841 778 842 122 593 972 200 588 370 60 0 205 1074 375 221 310 1086 963 850 907 1069 942 233 587 929 723 1010 216 717 580 718 658 1119 897
424 487 956 938 692 752 817 166 444 823 83 439 221 166 205 0 925 227 59 161 937 814 701 759 920 793 229 438 780 698 861 66 691 431 693 632 970 748
643 1318 993 975 375 1583 1647 996 663 860 931 658 876 1065 1074 925 0 765 907 816 974 360 275 796 245 830 1060 658 818 1528 898 914 1522 651 1523 1463 204 236
264 620 796 778 533 884 949 298 284 663 232 279 177 367 375 227 765 0 208 117 777 654 541 599 760 633 361 278 621 830 701 216 823 271 825 764 810 588
405 469 937 920 674 734 799 147 425 805 64 421 203 181 221 59 907 208 0 143 919 795 683 740 902 775 211 420 762 679 843 48 673 413 675 614 952 730
314 554 846 829 583 819 884 233 335 714 167 330 94 302 310 161 816 117 143 0 828 705 592 649 811 684 296 329 671 765 752 151 758 322 760 699 861 639
655 1330 298 216 742 1595 1659 1008 675 412 943 670 888 1077 1086 937 974 777 919 828 0 863 750 347 969 200 1072 670 188 1540 268 926 1534 663 1535 1475 1019 797
532 1207 882 864 264 1472 1536 885 552 749 819 547 764 954 963 814 360 654 795 705 863 0 164 685 133 719 949 547 706 1417 787 803 1411 539 1412 1352 183 192
419 1094 769 751 151 1359 1423 772 439 636 707 434 652 841 850 701 275 541 683 592 750 164 0 572 270 606 836 434 594 1304 674 690 1298 427 1299 1239 320 98
477 1152 366 348 563 1416 1481 830 497 232 764 492 709 899 907 759 796 599 740 649 347 685 572 0 791 204 893 492 191 1362 272 748 1355 484 1357 1296 841 619
638 1313 988 970 280 1578 1642 991 658 855 926 653 871 1060 1069 920 245 760 902 811 969 133 270 791 0 825 1055 653 813 1523 893 909 1517 646 1519 1458 68 298
511 1186 185 168 598 1451 1516 864 532 268 799 527 744 934 942 793 830 633 775 684 200 719 606 204 825 0 928 526 44 1396 91 782 1390 519 1392 1331 876 653
558 319 1090 1073 827 584 648 177 579 958 235 574 356 248 233 229 1060 361 211 296 1072 949 836 893 1055 928 0 573 915 529 996 218 523 566 525 464 1105 883
35 831 689 671 425 1096 1161 510 41 556 444 36 389 579 587 438 658 278 420 329 670 547 434 492 653 526 573 0 513 1042 594 428 1035 29 1037 976 703 481
499 1173 195 177 585 1438 1503 852 519 255 786 514 731 921 929 780 818 621 762 671 188 706 594 191 813 44 915 513 0 1384 100 770 1377 506 1379 1318 863 641
1207 890 1739 1721 1476 156 221 825 1227 1606 883 1222 1004 926 903 878 1708 1010 859 945 1720 1597 1484 1542 1703 1576 709 1221 1564 0 1644 867 76 1214 74 473 1753 1531
579 1254 111 93 666 1519 1583 932 599 336 867 595 812 1001 1010 861 898 701 843 752 268 787 674 272 893 91 996 594 100 1464 0 850 1458 587 1460 1399 944 721
413 477 945 927 682 741 806 155 433 812 72 428 210 176 216 66 914 216 48 151 926 803 690 748 909 782 218 428 770 687 850 0 680 420 682 621 959 737
1200 883 1732 1715 1469 150 214 819 1220 1600 877 1216 998 919 897 871 1702 1003 853 938 1714 1591 1478 1535 1697 1570 703 1215 1557 76 1638 860 0 1208 83 466 1747 1525
28 824 681 664 418 1089 1154 502 34 549 437 29 382 571 580 431 651 271 413 322 663 539 427 484 646 519 566 29 506 1034 587 420 1028 0 1030 969 696 474
1202 885 1734 1716 1471 152 216 820 1222 1602 879 1217 1000 921 898 873 1703 1005 855 940 1715 1592 1479 1537 1698 1572 705 1217 1559 74 1640 862 83 1210 0 468 1749 1526
1264 947 1796 1779 1533 214 278 883 1284 1664 941 1279 1062 983 960 935 1765 1067 917 1002 1778 1654 1542 1599 1761 1634 767 1279 1621 159 1702 924 153 1272 154 0 1811 1589
688 1363 1038 1020 303 1628 1693 1041 709 906 976 704 921 1111 1119 970 204 810 952 861 1019 183 320 841 68 876 1105 703 863 1574 944 959 1567 696 1569 1508 0 339
466 1141 816 798 198 1406 1470 819 486 683 754 481 699 888 897 748 236 588 730 639 797 192 98 619 298 653 883 481 641 1351 721 737 1345 474 1347 1286 339 0
EOF