NAME : tsp_problem
TYPE : TSP
DIMENSION : 56
EDGE_WEIGHT_TYPE : EXPLICIT
EDGE_WEIGHT_FORMAT : FULL_MATRIX
EDGE_WEIGHT_SECTION
0 1046 999 1218 1009 1040 759 1025 1045 736 1546 180 1008 1014 1494 1091 1563 1500 1109 979 1047 1564 1605 1026 498 1117 769 734 879 208 780 1177 1121 1128 998 911 926 1073 1616 1547 976 1407 960 847 804 899 948 928 894 1692 1038 1025 1602 766 843 858
1046 0 877 1096 117 82 637 101 923 342 1424 884 886 123 1373 969 1442 1378 204 857 925 1442 1483 904 684 132 379 389 758 974 659 1055 999 142 128 162 218 951 1494 1425 118 1285 201 298 683 777 826 806 772 1570 916 233 1480 644 721 216
999 877 0 503 839 870 407 856 330 566 831 836 92 845 780 377 849 785 939 115 74 850 891 73 636 948 600 565 138 926 252 463 407 958 829 741 757 359 902 833 806 693 790 677 635 118 90 175 124 977 65 855 888 414 182 689
1218 1096 503 0 1059 1090 626 1075 301 786 499 1055 440 1064 447 269 516 452 1158 411 484 517 558 458 855 1167 819 784 489 1145 511 176 252 1177 1048 960 976 287 569 500 1026 360 1009 896 854 508 496 360 503 645 476 1074 555 633 574 908
1009 117 839 1059 0 110 600 129 886 304 1387 847 849 119 1335 932 1404 1340 232 820 888 1405 1446 867 647 159 387 352 720 937 621 1018 962 170 103 125 246 914 1457 1388 81 1248 229 325 645 740 789 769 735 1533 879 261 1443 607 684 179
1040 82 870 1090 110 0 631 94 917 335 1418 878 880 115 1366 963 1435 1371 197 851 919 1436 1477 898 678 124 372 383 751 968 652 1049 993 135 120 156 210 945 1488 1419 112 1279 193 290 676 771 820 800 766 1564 910 225 1474 638 715 210
759 637 407 626 600 631 0 616 453 327 954 596 416 605 903 499 972 908 699 387 455 972 1014 434 396 708 360 325 288 686 189 585 529 719 589 501 517 481 1024 955 567 815 551 437 395 307 356 336 302 1100 446 616 1010 38 251 449
1025 101 856 1075 129 94 616 0 902 321 1403 863 865 134 1352 948 1421 1357 216 836 904 1421 1462 883 663 143 391 368 736 953 638 1034 978 154 119 141 230 930 1473 1404 97 1264 213 309 661 756 805 785 751 1549 895 244 1459 623 700 195
1045 923 330 301 886 917 453 902 0 613 629 882 267 891 578 140 647 583 985 238 312 647 688 285 682 994 646 611 316 972 339 189 123 1004 875 787 803 139 699 630 853 490 836 723 681 336 323 187 330 775 303 901 685 460 401 735
736 342 566 786 304 335 327 321 613 0 1114 574 576 309 1062 659 1131 1067 404 547 615 1132 1173 594 374 412 114 79 447 664 348 745 689 423 293 206 222 641 1184 1115 271 975 304 142 372 467 516 496 462 1260 606 320 1170 334 411 154
1498 1376 783 451 1339 1370 906 1355 581 1066 0 1335 720 1344 481 627 125 486 1438 691 765 162 167 738 1135 1447 1099 1064 769 1425 792 590 657 1457 1328 1240 1256 609 177 76 1306 393 1289 1176 1134 788 776 640 783 289 756 1354 163 913 854 1188
180 884 836 1055 847 878 596 863 882 574 1383 0 845 852 1332 929 1401 1337 946 816 884 1402 1443 863 335 955 607 572 717 291 618 1014 959 965 836 748 764 910 1453 1385 814 1245 797 684 642 737 785 765 731 1529 875 862 1440 604 680 696
1008 886 92 440 849 880 416 865 267 576 768 845 0 854 717 313 786 722 948 114 73 786 828 72 645 957 609 574 204 935 302 399 344 968 838 750 766 295 838 769 816 629 800 686 644 184 156 132 190 914 64 864 824 423 248 698
1014 123 845 1064 119 115 605 134 891 309 1392 852 854 0 1341 937 1409 1346 237 825 893 1410 1451 872 652 165 392 357 725 942 626 1023 967 175 108 130 251 919 1462 1393 86 1253 234 330 650 745 794 774 740 1538 884 266 1448 612 689 184
1506 1384 792 459 1347 1378 914 1363 589 1074 126 1343 728 1352 0 635 144 69 1446 699 773 145 186 746 1143 1455 1107 1072 777 1433 800 598 665 1466 1336 1248 1264 617 197 128 1314 401 1298 1184 1142 797 784 648 791 272 764 1362 183 921 862 1196
1091 969 377 269 932 963 499 948 140 659 675 929 313 937 624 0 693 629 1031 284 358 693 735 331 728 1040 692 657 362 1019 385 137 71 1051 921 833 849 107 745 676 899 536 883 769 727 382 369 233 376 821 349 948 731 506 447 781
1397 1275 683 350 1238 1269 805 1254 480 965 431 1235 620 1243 380 526 0 385 1337 590 664 450 66 637 1035 1346 998 963 668 1325 691 489 557 1357 1227 1139 1155 508 77 433 1205 293 1189 1075 1033 688 675 540 682 577 655 1254 63 812 753 1087
1511 1389 797 464 1352 1383 919 1368 594 1079 131 1348 733 1357 69 640 149 0 1451 704 778 150 191 751 1148 1460 1112 1077 782 1438 805 603 670 1471 1341 1253 1269 622 202 133 1319 406 1303 1189 1147 802 789 653 796 278 769 1368 188 926 867 1201
1109 204 939 1158 232 197 699 216 985 404 1486 946 948 237 1435 1031 1504 1440 0 919 987 1504 1546 966 746 91 486 451 820 1036 721 1117 1062 101 243 341 333 1013 1556 1487 265 1347 316 412 745 839 888 868 834 1632 978 110 1542 706 783 317
979 857 115 411 820 851 387 836 238 547 739 816 114 825 688 284 757 693 919 0 96 757 799 95 616 928 580 545 227 906 272 370 314 938 809 721 737 266 809 740 787 600 770 657 615 207 179 103 213 885 87 835 795 394 271 669
1047 925 74 484 888 919 455 904 312 615 812 884 73 893 761 358 830 766 987 96 0 831 872 54 684 996 648 613 186 974 300 444 388 1007 877 789 805 340 883 814 855 674 838 725 683 166 138 156 172 959 44 903 869 462 231 737
1867 1745 1152 820 1708 1739 1275 1724 950 1435 483 1704 1089 1713 850 996 501 855 1807 1060 1134 0 543 1107 1504 1816 1468 1433 1138 1794 1161 959 1026 1827 1697 1609 1625 978 553 484 1675 762 1659 1545 1503 1158 1145 1009 1152 218 1125 1723 539 1282 1223 1557
1424 1302 709 377 1265 1296 832 1281 507 992 458 1261 646 1270 407 553 475 412 1364 617 690 476 0 664 1061 1373 1025 990 695 1351 717 515 583 1383 1254 1166 1182 535 78 459 1232 319 1215 1102 1060 714 702 566 709 604 682 1280 89 839 780 1114
1026 904 73 458 867 898 434 883 285 594 786 863 72 872 735 331 804 740 966 95 54 804 845 0 663 975 627 592 186 953 299 417 361 985 856 768 784 313 856 787 834 647 817 704 662 166 138 150 171 932 45 882 842 441 230 716
498 684 636 855 647 678 396 663 682 374 1183 335 645 652 1132 728 1201 1137 746 616 684 1201 1243 663 0 755 407 372 517 425 418 814 759 765 636 548 564 710 1253 1184 614 1045 597 484 442 537 585 565 531 1329 675 662 1239 403 480 496
1117 132 948 1167 159 124 708 143 994 412 1495 955 957 165 1443 1040 1512 1449 91 928 996 1513 1554 975 755 0 421 460 828 1045 729 1126 1070 57 170 268 260 1022 1565 1496 192 1356 243 339 753 848 897 877 843 1641 987 119 1551 715 792 322
769 379 600 819 387 372 360 391 646 114 1147 607 609 392 1096 692 1164 1101 486 580 648 1165 1206 627 407 421 0 85 480 697 381 778 722 432 376 288 304 674 1217 1148 354 1008 211 224 405 500 549 529 495 1293 639 402 1203 367 444 236
734 389 565 784 352 383 325 368 611 79 1112 572 574 357 1061 657 1130 1066 451 545 613 1130 1172 592 372 460 85 0 446 662 347 743 687 471 341 253 269 639 1182 1113 319 973 265 189 371 465 514 494 460 1258 604 368 1168 332 409 201
879 758 138 489 720 751 288 736 316 447 816 717 204 725 765 362 834 770 820 227 186 835 876 186 517 828 480 446 0 807 173 448 392 839 709 622 638 344 887 818 687 678 671 558 515 39 130 199 33 963 177 736 873 295 197 570
208 974 926 1145 937 968 686 953 972 664 1473 291 935 942 1422 1019 1491 1427 1036 906 974 1492 1533 953 425 1045 697 662 807 0 708 1104 1049 1055 926 838 854 1000 1543 1475 904 1335 887 774 732 827 875 855 821 1619 965 952 1530 694 770 786
780 659 252 511 621 652 189 638 339 348 839 618 302 626 788 385 857 793 721 272 300 858 899 299 418 729 381 347 173 708 0 471 415 740 610 523 539 367 910 841 588 701 572 459 416 193 241 222 187 986 291 637 896 196 119 471
1177 1055 463 176 1018 1049 585 1034 189 745 637 1014 399 1023 586 137 655 591 1117 370 444 656 697 417 814 1126 778 743 448 1104 471 0 120 1137 1007 919 935 156 708 639 985 499 969 855 813 468 455 319 462 784 435 1034 694 592 533 867
1121 999 407 252 962 993 529 978 123 689 705 959 344 967 654 71 723 659 1062 314 388 724 765 361 759 1070 722 687 392 1049 415 120 0 1081 951 863 879 90 775 707 929 567 913 800 757 412 399 264 407 851 379 978 762 537 477 811
1128 142 958 1177 170 135 719 154 1004 423 1505 965 968 175 1454 1051 1523 1459 101 938 1007 1524 1565 985 765 57 432 471 839 1055 740 1137 1081 0 181 278 271 1033 1576 1507 203 1367 253 350 764 859 907 888 853 1651 998 130 1562 726 802 332
998 128 829 1048 103 120 589 119 875 293 1376 836 838 108 1324 921 1393 1330 243 809 877 1394 1435 856 636 170 376 341 709 926 610 1007 951 181 0 114 257 903 1446 1377 70 1237 239 322 634 729 778 758 724 1522 868 271 1432 596 673 168
911 162 741 960 125 156 501 141 787 206 1288 748 750 130 1237 833 1306 1242 341 721 789 1306 1348 768 548 268 288 253 622 838 523 919 863 278 114 0 315 815 1358 1289 92 1149 337 235 547 641 690 670 636 1434 780 285 1344 508 585 91
926 218 757 976 246 210 517 230 803 222 1304 764 766 251 1253 849 1322 1258 333 737 805 1322 1364 784 564 260 304 269 638 854 539 935 879 271 257 315 0 831 1374 1305 279 1165 203 106 563 657 706 686 652 1450 796 361 1360 524 601 262
1073 951 359 287 914 945 481 930 139 641 657 910 295 919 606 107 675 611 1013 266 340 675 717 313 710 1022 674 639 344 1000 367 156 90 1033 903 815 831 0 727 658 881 518 865 751 709 364 351 215 358 803 331 930 713 488 429 763
1434 1313 720 387 1275 1306 843 1291 517 1002 468 1272 657 1280 417 564 486 422 1375 628 701 487 78 674 1072 1383 1035 1001 705 1362 728 526 594 1394 1264 1177 1193 546 0 470 1242 330 1226 1113 1070 725 712 577 720 615 692 1291 78 850 790 1125
1499 1377 785 452 1340 1371 907 1356 582 1067 76 1337 722 1345 482 628 126 487 1439 692 766 163 168 739 1137 1448 1100 1065 770 1427 793 591 659 1459 1329 1241 1257 610 179 0 1307 395 1291 1177 1135 790 777 642 784 291 757 1356 165 914 855 1189
976 118 806 1026 81 112 567 97 853 271 1354 814 816 86 1302 899 1371 1307 265 787 855 1372 1413 834 614 192 354 319 687 904 588 985 929 203 70 92 279 881 1424 1355 0 1215 261 300 612 707 756 736 702 1500 846 293 1410 574 651 146
1579 1457 865 532 1420 1451 987 1436 662 1147 199 1416 801 1425 148 708 217 153 1519 772 846 218 259 819 1216 1528 1180 1145 850 1506 873 671 739 1539 1409 1321 1337 690 270 201 1387 0 1371 1257 1215 870 857 721 864 346 837 1436 256 994 935 1269
960 201 790 1009 229 193 551 213 836 304 1337 797 800 234 1286 883 1355 1291 316 770 838 1356 1397 817 597 243 211 265 671 887 572 969 913 253 239 337 203 865 1408 1339 261 1199 0 283 596 691 739 720 685 1483 830 344 1394 558 634 391
847 298 677 896 325 290 437 309 723 142 1224 684 686 330 1173 769 1242 1178 412 657 725 1242 1284 704 484 339 224 189 558 774 459 855 800 350 322 235 106 751 1294 1225 300 1085 283 0 483 577 626 606 572 1370 716 349 1280 444 521 183
804 683 635 854 645 676 395 661 681 372 1182 642 644 650 1131 727 1199 1136 745 615 683 1200 1241 662 442 753 405 371 515 732 416 813 757 764 634 547 563 709 1252 1183 612 1043 596 483 0 535 584 564 530 1328 674 661 1238 402 479 495
899 777 118 508 740 771 307 756 336 467 836 737 184 745 785 382 854 790 839 207 166 855 896 166 537 848 500 465 39 827 193 468 412 859 729 641 657 364 907 838 707 698 691 577 535 0 111 219 46 983 158 756 893 314 177 589
948 826 90 496 789 820 356 805 323 516 824 785 156 794 773 369 842 778 888 179 138 842 883 138 585 897 549 514 130 875 241 455 399 907 778 690 706 351 894 825 756 685 739 626 584 111 0 206 116 970 129 804 880 363 175 638
928 806 175 360 769 800 336 785 187 496 688 765 132 774 637 233 706 642 868 103 156 706 748 150 565 877 529 494 199 855 222 319 264 888 758 670 686 215 758 689 736 550 720 606 564 219 206 0 213 834 147 785 744 343 284 618
894 772 124 503 735 766 302 751 330 462 831 731 190 740 780 376 849 785 834 213 172 849 891 171 531 843 495 460 33 821 187 462 407 853 724 636 652 358 901 832 702 692 685 572 530 46 116 213 0 977 163 750 887 309 183 584
1747 1625 1033 700 1588 1619 1156 1604 830 1315 363 1585 970 1593 730 877 381 735 1688 941 1014 407 423 987 1385 1696 1348 1314 1018 1675 1041 839 907 1707 1577 1490 1505 858 434 365 1555 643 1539 1426 1383 1038 1025 890 1033 0 1005 1604 420 1163 1103 1437
1038 916 65 476 879 910 446 895 303 606 803 875 64 884 752 349 821 757 978 87 44 822 863 45 675 987 639 604 177 965 291 435 379 998 868 780 796 331 874 805 846 665 830 716 674 158 129 147 163 950 0 894 860 453 222 728
1025 233 855 1074 261 225 616 244 901 320 1402 862 864 266 1351 948 1420 1356 110 835 903 1421 1462 882 662 119 402 368 736 952 637 1034 978 130 271 285 361 930 1473 1404 293 1264 344 349 661 756 804 785 750 1548 894 0 1459 623 699 233
1420 1299 706 373 1261 1292 829 1278 504 988 454 1258 643 1266 403 550 472 408 1361 614 687 473 89 661 1058 1369 1021 987 691 1348 714 512 580 1380 1250 1163 1179 532 78 456 1228 316 1212 1099 1056 711 699 563 706 601 678 1277 0 836 776 1111
766 644 414 633 607 638 38 623 460 334 961 604 423 612 910 506 979 915 706 394 462 979 1021 441 403 715 367 332 295 694 196 592 537 726 596 508 524 488 1031 962 574 822 558 444 402 314 363 343 309 1107 453 623 1017 0 258 456
843 721 182 574 684 715 251 700 401 411 902 680 248 689 851 447 919 856 783 271 231 920 961 230 480 792 444 409 197 770 119 533 477 802 673 585 601 429 972 903 651 763 634 521 479 177 175 284 183 1048 222 699 958 258 0 533
858 216 689 908 179 210 449 195 735 154 1236 696 698 184 1185 781 1254 1190 317 669 737 1254 1295 716 496 322 236 201 570 786 471 867 811 332 168 91 262 763 1306 1237 146 1097 391 183 495 589 638 618 584 1382 728 233 1292 456 533 0
EOF