NAME : tsp_problem
TYPE : TSP
DIMENSION : 34
EDGE_WEIGHT_TYPE : EXPLICIT
EDGE_WEIGHT_FORMAT : FULL_MATRIX
EDGE_WEIGHT_SECTION
0 994 1083 877 391 894 343 157 592 1020 1079 489 414 1008 519 1034 663 862 907 973 979 1150 75 804 337 1168 993 1155 929 840 992 741 1140 620
994 0 862 170 787 190 739 1037 701 1775 857 1243 633 1763 1273 325 1418 286 203 54 757 928 1034 359 732 947 1747 187 442 1595 771 1496 219 1375
1083 862 0 745 876 761 828 1126 790 1864 283 1332 722 1852 1362 901 1507 729 774 840 131 113 1123 671 821 196 1836 1022 796 1684 218 1585 1007 1464
877 170 745 0 670 73 622 920 584 1658 740 1126 516 1646 1156 341 1301 169 86 149 640 811 917 242 615 830 1630 331 367 1477 654 1379 319 1258
391 787 876 670 0 686 118 434 235 1172 871 640 207 1160 670 826 815 654 699 765 771 942 431 597 111 961 1144 947 722 991 785 892 932 772
894 190 761 73 686 0 639 937 601 1675 757 1143 532 1663 1173 323 1318 186 76 169 657 828 933 258 632 846 1647 351 384 1494 670 1395 291 1275
343 739 828 622 118 639 0 386 291 1124 823 592 159 1112 622 779 767 607 652 717 723 895 383 549 64 913 1096 900 674 944 737 845 885 724
157 1037 1126 920 434 937 386 0 635 943 1121 411 457 931 441 1077 586 905 950 1015 1021 1193 103 847 379 1211 915 1198 972 762 1035 663 1183 543
592 701 790 584 235 601 291 635 0 1373 786 841 214 1361 871 741 1016 569 614 680 686 857 631 511 287 875 1345 862 636 1192 699 1093 847 973
962 1717 1805 1599 1113 1616 1066 884 1314 0 1801 1013 1136 32 1043 1756 594 1584 1629 1695 1701 1872 964 1526 1059 1891 51 1877 1651 205 1715 708 1862 587
1079 857 283 740 871 757 823 1121 786 1859 0 1328 717 1847 1358 897 1503 725 770 835 199 194 1118 667 817 108 1832 1018 792 1679 108 1580 1003 1459
345 1100 1189 983 497 999 449 267 697 873 1184 0 520 861 384 1139 516 967 1012 1078 1084 1255 348 909 442 1274 846 1260 1035 693 1098 594 1245 473
414 633 722 516 207 532 159 457 214 1195 717 663 0 1183 693 672 838 500 545 611 617 789 454 443 152 807 1167 794 568 1015 631 916 779 795
950 1705 1794 1588 1101 1604 1054 872 1302 32 1789 1001 1125 0 1031 1744 582 1572 1617 1683 1689 1860 953 1514 1047 1879 54 1865 1640 194 1703 696 1850 575
315 1070 1158 952 466 969 419 237 667 843 1154 324 490 831 0 1109 486 937 982 1048 1054 1225 317 879 412 1244 815 1230 1004 663 1068 564 1215 443
1034 325 901 341 826 323 779 1077 741 1815 897 1283 672 1803 1313 0 1458 189 291 347 797 968 1073 280 772 986 1787 265 157 1634 810 1535 134 1415
482 1237 1325 1119 633 1136 586 404 834 895 1321 533 656 884 563 1276 0 1104 1149 1215 1221 1392 484 1046 579 1411 868 1397 1171 715 1235 616 1382 495
862 286 729 169 654 186 607 905 569 1643 725 1111 500 1631 1141 189 1286 0 199 264 625 796 901 227 600 814 1615 434 326 1462 638 1363 303 1243
907 203 774 86 699 76 652 950 614 1688 770 1156 545 1676 1186 291 1331 199 0 182 670 841 946 272 645 859 1660 364 397 1507 683 1408 260 1288
973 54 840 149 765 169 717 1015 680 1753 835 1222 611 1741 1252 347 1397 264 182 0 735 907 1012 337 711 925 1726 210 462 1573 749 1474 241 1353
979 757 131 640 771 657 723 1021 686 1759 199 1228 617 1747 1258 797 1402 625 670 735 0 198 1018 567 717 281 1732 918 692 1579 113 1480 903 1359
1150 928 113 811 942 828 895 1193 857 1931 194 1399 789 1919 1429 968 1574 796 841 907 198 0 1189 738 888 107 1903 1089 863 1750 284 1651 1074 1531
75 1034 1123 917 431 933 383 103 631 1023 1118 491 454 1011 521 1073 666 901 946 1012 1018 1189 0 844 376 1208 995 1194 969 843 1032 744 1180 623
804 359 671 242 597 258 549 847 511 1585 667 1053 443 1573 1083 280 1228 227 272 337 567 738 844 0 542 757 1557 506 146 1404 581 1305 375 1185
337 732 821 615 111 632 64 379 287 1117 817 586 152 1106 616 772 761 600 645 711 717 888 376 542 0 906 1090 893 667 937 730 838 878 717
1168 947 196 830 961 846 913 1211 875 1949 108 1417 807 1937 1447 986 1592 814 859 925 281 107 1208 757 906 0 1921 1108 882 1769 198 1670 1093 1549
934 1689 1778 1572 1086 1588 1038 857 1287 51 1773 985 1109 54 1015 1729 566 1557 1602 1667 1673 1845 937 1499 1031 1863 0 1850 1624 178 1687 680 1835 559
1155 187 1022 331 947 351 900 1198 862 1936 1018 1404 794 1924 1434 265 1579 434 364 210 918 1089 1194 506 893 1108 1908 0 382 1755 931 1656 159 1536
929 442 796 367 722 384 674 972 636 1710 792 1178 568 1698 1208 157 1353 326 397 462 692 863 969 146 667 882 1682 382 0 1529 706 1431 251 1310
781 1536 1625 1419 933 1436 885 704 1134 205 1621 833 956 194 863 1576 414 1404 1449 1515 1520 1692 784 1346 879 1710 178 1697 1471 0 1534 527 1682 406
992 771 218 654 785 670 737 1035 699 1773 108 1241 631 1761 1271 810 1416 638 683 749 113 284 1032 581 730 198 1745 931 706 1593 0 1494 917 1373
796 1551 1640 1434 948 1451 900 719 1149 381 1635 848 971 369 878 1591 435 1419 1464 1529 1535 1707 799 1361 893 1725 353 1712 1486 200 1549 0 1697 417
1140 219 1007 319 932 291 885 1183 847 1921 1003 1389 779 1909 1419 134 1564 303 260 241 903 1074 1180 375 878 1093 1893 159 251 1740 917 1641 0 1521
923 1678 1767 1561 1075 1577 1027 846 1276 507 1762 974 1098 496 1004 1717 562 1545 1590 1656 1662 1833 926 1488 1020 1852 480 1839 1613 327 1676 228 1824 0
EOF