NAME : tsp_problem
TYPE : TSP
DIMENSION : 26
EDGE_WEIGHT_TYPE : EXPLICIT
EDGE_WEIGHT_FORMAT : FULL_MATRIX
EDGE_WEIGHT_SECTION
0 1563 416 427 1538 1373 1587 757 627 677 825 227 1644 792 1503 679 1583 1028 1509 1593 1301 1514 754 1404 851 1488
1622 0 1488 1499 333 316 927 847 1311 1360 959 1746 984 1054 181 1362 923 686 287 85 388 282 888 284 808 311
214 1668 0 72 1642 1477 1691 862 732 781 930 338 1749 897 1607 783 1687 1132 1613 1698 1405 1618 859 1509 956 1593
225 1679 72 0 1653 1488 1702 873 743 792 941 349 1760 908 1618 794 1698 1143 1624 1709 1416 1629 870 1520 967 1604
1596 333 1462 1473 0 464 902 822 1286 1335 933 1721 959 1028 402 1337 898 661 72 306 392 78 862 495 783 79
1431 316 1297 1308 464 0 736 657 1120 1170 768 1556 794 863 259 1172 733 496 435 288 94 440 697 76 618 414
1645 927 1511 1522 902 736 0 871 1335 1384 982 1770 104 1077 866 1386 43 710 872 957 665 878 911 768 832 852
816 847 682 693 822 657 871 0 505 555 153 940 929 248 787 556 867 312 793 878 585 798 82 688 135 772
410 1449 276 287 1424 1258 1473 643 0 149 711 535 1530 678 1388 151 1469 914 1394 1479 1187 1400 640 1290 737 1374
333 1372 199 210 1346 1181 1395 566 436 0 634 457 1453 601 1311 66 1391 836 1317 1402 1109 1322 563 1213 660 1296
884 959 750 761 933 768 982 153 573 622 0 1008 1040 122 898 624 978 423 904 989 696 910 132 800 247 884
406 1419 272 283 1394 1229 1443 614 484 533 681 0 1501 648 1359 535 1439 884 1365 1449 1157 1370 610 1260 707 1344
1703 984 1569 1580 959 794 104 929 1392 1442 1040 1827 0 1135 924 1443 82 768 930 1015 722 935 969 826 890 909
851 1054 717 728 1028 863 1077 248 540 589 122 975 1135 0 993 591 1074 519 999 1084 791 1005 189 895 342 979
1561 181 1427 1438 402 259 866 787 1250 1300 898 1685 924 993 0 1302 862 626 356 154 331 351 827 227 748 380
335 1374 201 212 1348 1183 1397 568 438 66 636 459 1455 602 1313 0 1393 838 1319 1404 1111 1324 564 1215 662 1298
1641 923 1508 1518 898 733 43 867 1331 1380 978 1766 82 1074 862 1382 0 706 868 953 661 874 907 764 828 848
1086 686 953 963 661 496 710 312 776 825 423 1211 768 519 626 827 706 0 632 716 424 637 352 527 273 611
1567 287 1433 1444 72 435 872 793 1256 1306 904 1691 930 999 356 1308 868 632 0 260 363 48 833 459 754 50
1652 85 1518 1529 306 288 957 878 1341 1390 989 1776 1015 1084 154 1392 953 716 260 0 361 255 918 257 839 284
1359 388 1225 1236 392 94 665 585 1049 1098 696 1484 722 791 331 1100 661 424 363 361 0 368 625 125 546 342
1572 282 1439 1450 78 440 878 798 1262 1311 910 1697 935 1005 351 1313 874 637 48 255 368 0 838 454 759 56
813 888 679 690 862 697 911 82 502 551 132 937 969 189 827 553 907 352 833 918 625 838 0 729 176 812
1463 284 1329 1340 495 76 768 688 1152 1201 800 1587 826 895 227 1203 764 527 459 257 125 454 729 0 650 446
910 808 776 787 783 618 832 135 599 648 247 1034 890 342 748 650 828 273 754 839 546 759 176 650 0 733
1547 311 1413 1424 79 414 852 772 1236 1285 884 1671 909 979 380 1287 848 611 50 284 342 56 812 446 733 0
EOF