NAME : tsp_problem
TYPE : TSP
DIMENSION : 24
EDGE_WEIGHT_TYPE : EXPLICIT
EDGE_WEIGHT_FORMAT : FULL_MATRIX
EDGE_WEIGHT_SECTION
0 446 394 596 1165 533 474 1129 361 502 1244 1058 1165 1235 547 953 1130 1113 326 455 1167 1069 339 240
556 0 440 757 1325 166 635 1290 522 662 1405 1219 1326 1396 179 1114 1291 1274 486 66 1327 1230 500 400
631 153 0 832 1400 240 710 1365 596 737 1480 1293 1401 1471 254 1189 1366 1349 561 162 1402 1305 574 475
640 745 694 0 675 832 163 640 348 135 755 569 676 746 846 464 641 624 493 754 677 580 386 398
1208 1314 1262 675 0 1401 731 247 917 704 146 211 805 331 1415 232 474 412 1061 1323 806 307 954 967
450 386 334 651 1219 0 529 1184 416 556 1299 1112 1220 1290 62 1008 1185 1168 380 395 1221 1124 393 294
518 624 572 163 731 711 0 696 227 68 811 624 732 802 724 520 697 680 371 632 733 636 264 277
1173 1279 1227 640 247 1366 696 0 882 669 131 307 769 344 1379 334 252 235 1026 1287 771 95 919 931
405 510 458 348 917 597 227 882 0 254 997 810 918 988 611 706 883 865 228 519 919 822 150 163
545 651 599 135 704 738 68 669 254 0 784 597 705 775 752 493 670 652 398 660 706 609 291 304
1288 1394 1342 755 146 1481 811 131 997 784 0 248 884 242 1494 358 368 324 1141 1402 886 191 1034 1047
1101 1207 1155 569 211 1294 624 307 810 597 248 0 698 413 1308 262 309 291 955 1216 699 247 847 860
1209 1315 1263 676 805 1402 732 769 918 705 884 698 0 875 1415 593 771 753 1062 1323 346 709 955 968
1279 1385 1333 746 331 1472 802 344 988 775 242 413 875 0 1485 439 228 165 1132 1393 876 297 1025 1037
463 400 348 664 1233 62 543 1198 429 570 1313 1126 1234 1304 0 1022 1199 1181 394 408 1235 1138 407 308
997 1103 1051 464 232 1190 520 334 706 493 358 262 593 439 1203 0 335 317 850 1111 595 274 743 755
1174 1280 1228 641 474 1367 697 252 883 670 368 309 771 228 1381 335 0 106 1027 1289 772 192 920 933
1157 1263 1211 624 412 1349 680 235 865 652 324 291 753 165 1363 317 106 0 1010 1271 754 175 903 915
369 475 423 493 1061 562 371 1026 228 398 1141 955 1062 1132 576 850 1027 1010 0 484 1063 966 203 137
564 66 449 765 1334 174 644 1299 530 671 1414 1227 1335 1405 188 1123 1300 1282 495 0 1336 1239 508 409
1210 1316 1264 677 806 1403 733 771 919 706 886 699 346 876 1417 595 772 754 1063 1325 0 711 956 969
1113 1219 1167 580 307 1306 636 95 822 609 191 247 709 297 1319 274 192 175 966 1227 711 0 859 871
382 488 436 386 954 575 264 919 150 291 1034 847 955 1025 589 743 920 903 203 497 956 859 0 141
283 389 337 398 967 476 277 931 163 304 1047 860 968 1037 490 755 933 915 137 398 969 871 141 0
EOF