NAME : tsp_problem
TYPE : TSP
DIMENSION : 46
EDGE_WEIGHT_TYPE : EXPLICIT
EDGE_WEIGHT_FORMAT : FULL_MATRIX
EDGE_WEIGHT_SECTION
0 1089 476 1434 222 1924 1595 1204 1113 792 222 265 807 53 1022 415 974 705 1194 975 1504 299 440 1568 403 622 889 944 1633 720 1554 1587 236 1523 1214 1010 377 749 796 873 1090 320 1593 717 513 382
1089 0 695 1429 968 1919 1590 1198 1108 787 1019 967 802 1064 113 708 133 700 1189 509 1499 944 799 1563 722 617 884 939 1628 714 1549 1582 982 1518 1209 1005 869 744 791 868 1085 912 1587 712 731 863
476 695 0 1040 356 1530 1201 809 719 398 372 354 413 451 628 96 580 311 800 581 1110 287 186 1174 110 228 495 550 1239 325 1160 1193 369 1129 820 615 212 354 402 479 695 299 1198 322 91 207
1230 1225 836 0 1109 831 503 309 400 929 1161 1108 625 1205 1158 849 1110 566 317 1111 412 1085 940 476 863 758 524 463 541 673 461 495 1123 431 253 352 1010 522 614 569 427 1053 500 670 872 1004
222 968 356 1313 0 1803 1474 1083 992 672 317 360 686 197 902 294 853 584 1074 854 1383 394 329 1447 282 501 768 823 1512 599 1433 1466 45 1402 1093 889 472 628 675 752 969 314 1472 596 392 478
1865 1860 1471 1031 1745 0 634 944 1035 1564 1796 1743 1260 1840 1794 1485 1745 1201 953 1746 508 1720 1575 571 1499 1393 1159 1098 636 1308 557 590 1758 562 888 987 1645 1158 1249 1204 1062 1688 632 1305 1508 1640
1775 1770 1381 941 1654 432 0 853 944 1473 1705 1653 1169 1750 1703 1394 1655 1111 862 1656 424 1630 1485 488 1408 1303 1069 1008 553 1218 473 507 1668 468 798 897 1555 1067 1159 1114 972 1598 58 1215 1417 1549
1204 1198 809 512 1083 1002 673 0 119 902 1134 1081 598 1178 1132 823 1084 539 88 1084 583 1058 914 646 837 731 497 436 711 646 632 665 1096 601 79 224 983 496 587 542 147 1026 671 644 846 978
1113 1108 719 603 992 1093 765 119 0 811 1043 991 508 1088 1041 732 993 449 110 994 674 968 823 738 746 641 407 346 803 556 723 756 1006 693 177 125 893 405 497 452 48 936 762 553 755 887
792 787 398 1116 672 1622 1293 902 811 0 723 670 505 767 721 412 672 403 893 673 1203 647 502 1267 426 221 588 642 1331 418 1252 1285 685 1222 912 708 572 447 494 571 788 615 1291 415 435 567
222 1019 372 1364 317 1854 1525 1134 1043 723 0 123 737 197 953 345 904 635 1125 905 1435 105 246 1499 334 552 820 874 1563 650 1484 1517 331 1454 1144 940 183 679 726 803 1020 177 1523 647 320 188
265 967 354 1312 360 1802 1473 1081 991 670 123 0 685 240 900 293 852 582 1072 853 1382 200 328 1446 281 500 767 822 1511 597 1431 1465 374 1401 1091 887 278 626 674 751 967 81 1470 594 391 283
807 802 413 828 686 1318 990 598 508 505 737 685 0 782 735 426 687 143 589 688 899 662 517 963 440 335 202 282 1028 250 948 981 700 918 608 404 586 143 118 173 484 630 987 247 449 581
53 1064 451 1409 197 1898 1570 1178 1088 767 197 240 782 0 997 389 949 679 1169 949 1479 274 415 1543 378 596 864 919 1608 694 1528 1562 211 1498 1188 984 352 723 771 847 1064 294 1567 691 487 357
1022 113 628 1362 902 1852 1523 1132 1041 721 953 900 735 997 0 641 66 633 1123 443 1433 877 732 1496 655 550 818 872 1561 648 1482 1515 915 1451 1142 938 802 677 724 801 1018 845 1521 645 665 796
415 708 96 1053 294 1543 1214 823 732 412 345 293 426 389 641 0 593 324 814 594 1123 345 125 1187 78 241 508 563 1252 339 1173 1206 308 1142 833 629 269 368 415 492 709 238 1212 336 132 264
974 133 580 1314 853 1804 1475 1084 993 672 904 852 687 949 66 593 0 585 1074 394 1384 829 684 1448 607 502 769 824 1513 599 1434 1467 867 1403 1094 890 754 629 676 753 970 797 1473 597 616 748
705 700 311 770 584 1260 931 539 449 403 635 582 143 679 633 324 585 0 530 585 840 560 415 904 338 232 225 280 969 148 890 923 598 859 550 346 484 85 132 209 426 527 928 145 347 479
1194 1189 800 521 1074 1011 682 88 110 893 1125 1072 589 1169 1123 814 1074 530 0 1075 592 1049 904 655 828 722 488 427 720 637 641 674 1087 610 88 215 974 487 578 533 138 1017 680 635 837 969
975 509 581 1315 854 1804 1476 1084 994 673 905 853 688 949 443 594 394 585 1075 0 1385 830 685 1449 608 502 770 825 1514 600 1434 1468 868 1404 1094 890 754 629 677 754 970 798 1473 597 617 749
1456 1451 1062 622 1336 554 225 535 626 1155 1387 1334 851 1431 1385 1076 1336 792 544 1337 0 1311 1166 162 1090 984 750 689 227 899 148 181 1349 154 479 579 1236 749 840 795 654 1279 223 897 1099 1231
299 944 287 1289 394 1779 1450 1058 968 647 105 200 662 274 877 345 829 560 1049 830 1359 0 249 1423 336 477 744 799 1488 574 1409 1442 408 1378 1069 864 98 603 651 728 944 254 1447 572 235 103
440 799 186 1144 329 1634 1305 914 823 502 246 328 517 415 732 125 684 415 904 685 1214 249 0 1278 113 332 599 654 1343 430 1264 1297 343 1233 924 720 327 459 506 583 800 273 1303 427 223 332
1387 1382 992 552 1266 873 544 465 556 1085 1317 1264 781 1361 1315 1006 1267 723 474 1267 453 1241 1097 0 1020 914 680 619 158 830 78 72 1279 472 410 509 1166 679 770 725 584 1209 542 827 1029 1161
403 722 110 1067 282 1557 1228 837 746 426 334 281 440 378 655 78 607 338 828 608 1137 336 113 1201 0 255 522 577 1266 353 1187 1220 296 1156 847 643 283 382 429 506 723 226 1226 350 146 278
622 617 228 962 501 1451 1123 731 641 221 552 500 335 596 550 241 502 232 722 502 1032 477 332 1096 255 0 417 472 1161 247 1081 1115 515 1051 741 537 401 276 324 401 617 445 1120 244 264 396
889 884 495 728 768 1218 889 497 407 588 820 767 202 864 818 508 769 225 488 770 798 744 599 862 522 417 0 205 927 332 848 881 782 817 508 303 669 182 212 121 383 712 886 329 532 663
944 939 550 667 823 1157 828 436 346 642 874 822 282 919 872 563 824 280 427 825 737 799 654 801 577 472 205 0 866 387 786 820 837 756 446 242 724 236 293 201 322 767 825 384 586 718
1319 1314 925 485 1198 805 476 397 488 1017 1249 1197 713 1293 1247 938 1199 655 406 1199 386 1174 1029 449 952 846 613 551 0 762 435 468 1212 404 342 441 1098 611 702 657 516 1142 474 759 961 1093
720 714 325 877 599 1367 1038 646 556 418 650 597 250 694 648 339 599 148 637 600 947 574 430 1011 353 247 332 387 1076 0 997 1030 612 966 657 453 499 192 239 316 533 542 1035 33 362 494
1372 1367 978 538 1251 858 530 450 542 1070 1302 1250 767 1347 1300 991 1252 708 459 1253 439 1227 1082 78 1005 900 666 605 143 815 0 85 1265 458 395 494 1152 664 756 711 569 1195 527 812 1014 1146
1405 1400 1011 571 1285 892 563 484 575 1104 1336 1283 800 1380 1334 1025 1285 741 493 1286 472 1260 1115 72 1039 933 699 638 176 848 85 0 1298 491 428 528 1185 698 789 744 603 1228 560 846 1048 1180
236 982 369 1327 45 1817 1488 1096 1006 685 331 374 700 211 915 308 867 598 1087 868 1397 408 343 1461 296 515 782 837 1526 612 1447 1480 0 1416 1107 902 486 641 689 766 982 328 1485 609 406 491
1826 1821 1432 992 1705 483 154 904 995 1524 1756 1704 1220 1801 1754 1445 1706 1162 913 1707 475 1681 1536 539 1459 1354 1120 1059 604 1269 524 558 1719 0 849 948 1606 1118 1210 1165 1023 1649 152 1266 1468 1600
1214 1209 820 457 1093 947 618 79 177 912 1144 1091 608 1188 1142 833 1094 550 88 1094 527 1069 924 591 847 741 508 446 656 657 577 610 1107 546 0 282 993 506 597 552 205 1036 616 654 856 988
1010 1005 615 556 889 1046 717 224 125 708 940 887 404 984 938 629 890 346 215 890 626 864 720 690 643 537 303 242 755 453 676 709 902 645 282 0 789 302 393 348 102 832 715 450 652 784
377 869 212 1214 472 1703 1375 983 893 572 183 278 586 352 802 269 754 484 974 754 1284 98 327 1348 283 401 669 724 1413 499 1333 1367 486 1303 993 789 0 528 576 652 869 332 1372 496 159 136
749 744 354 726 628 1216 887 496 405 447 679 626 143 723 677 368 629 85 487 629 797 603 459 860 382 276 182 236 925 192 846 879 641 815 506 302 528 0 132 165 382 571 885 189 391 523
796 791 402 818 675 1307 979 587 497 494 726 674 118 771 724 415 676 132 578 677 888 651 506 952 429 324 212 293 1017 239 937 971 689 907 597 393 576 132 0 184 473 619 976 236 438 570
873 868 479 773 752 1262 934 542 452 571 803 751 173 847 801 492 753 209 533 754 843 728 583 907 506 401 121 201 972 316 892 926 766 862 552 348 652 165 184 0 428 696 931 313 515 647
1090 1085 695 631 969 1121 792 147 48 788 1020 967 484 1064 1018 709 970 426 138 970 701 944 800 765 723 617 383 322 830 533 751 784 982 720 205 102 869 382 473 428 0 912 790 530 732 864
320 912 299 1257 314 1747 1418 1026 936 615 177 81 630 294 845 238 797 527 1017 798 1327 254 273 1391 226 445 712 767 1456 542 1377 1410 328 1346 1036 832 332 571 619 696 912 0 1415 539 336 338
1772 1767 1378 938 1652 430 58 851 942 1471 1703 1650 1167 1747 1701 1392 1652 1108 860 1653 421 1627 1482 485 1406 1300 1066 1005 550 1215 471 504 1665 465 795 894 1552 1065 1156 1111 970 1595 0 1213 1415 1547
717 712 322 874 596 1364 1035 644 553 415 647 594 247 691 645 336 597 145 635 597 944 572 427 1008 350 244 329 384 1073 33 994 1027 609 963 654 450 496 189 236 313 530 539 1033 0 359 491
513 731 91 1076 392 1566 1237 846 755 435 320 391 449 487 665 132 616 347 837 617 1147 235 223 1210 146 264 532 586 1275 362 1196 1229 406 1165 856 652 159 391 438 515 732 336 1235 359 0 154
382 863 207 1208 478 1698 1369 978 887 567 188 283 581 357 796 264 748 479 969 749 1278 103 332 1342 278 396 663 718 1407 494 1328 1361 491 1297 988 784 136 523 570 647 864 338 1367 491 154 0
EOF