NAME : tsp_problem
TYPE : TSP
DIMENSION : 20
EDGE_WEIGHT_TYPE : EXPLICIT
EDGE_WEIGHT_FORMAT : FULL_MATRIX
EDGE_WEIGHT_SECTION
0 216 940 741 718 132 604 1701 1088 682 1480 137 793 794 246 157 1415 1721 1117 1493
216 0 775 577 554 136 439 1537 923 517 1315 135 629 629 412 342 1250 1556 952 1328
940 775 0 378 477 855 498 861 239 758 640 854 870 871 979 809 575 881 215 653
741 577 378 0 162 656 300 1139 525 560 918 655 671 672 780 610 853 1159 554 931
718 554 477 162 0 634 277 1238 624 537 1017 632 648 649 757 587 952 1258 653 1030
132 136 855 656 634 0 519 1616 1003 597 1395 86 708 709 328 258 1330 1636 1032 1408
604 439 498 300 277 519 0 1260 646 422 1038 518 534 535 643 473 973 1279 675 1051
1375 1210 535 813 912 1290 933 0 502 1193 259 1289 1305 1306 1414 1243 195 53 531 236
1088 923 239 525 624 1003 646 829 0 906 607 1002 1017 1018 1126 956 543 848 73 621
682 517 758 560 537 597 422 1520 906 0 1298 596 611 612 720 550 1233 1539 935 1311
1660 1495 819 1097 1196 1575 1218 325 787 1478 0 1574 1589 1590 1698 1528 475 345 816 528
137 135 854 655 632 86 518 1615 1002 596 1394 0 707 708 332 263 1329 1635 1031 1407
793 629 870 671 648 708 534 1631 1017 611 1410 707 0 32 832 662 1345 1651 1046 1423
794 629 871 672 649 709 535 1632 1018 612 1411 708 32 0 833 663 1346 1652 1047 1424
246 412 979 780 757 328 643 1740 1126 720 1519 332 832 833 0 372 1454 1760 1155 1532
157 342 809 610 587 258 473 1570 956 550 1348 263 662 663 372 0 1284 1589 985 1362
1718 1553 878 1156 1255 1633 1276 383 846 1536 162 1632 1648 1649 1757 1587 0 403 875 587
1394 1230 554 832 931 1309 952 53 522 1212 279 1308 1324 1325 1433 1263 214 0 551 256
1117 952 215 554 653 1032 675 858 73 935 636 1031 1046 1047 1155 985 572 877 0 650
1159 994 319 597 696 1074 717 654 287 977 432 1073 1089 1090 1198 1028 367 673 316 0
EOF