NAME : tsp_problem
TYPE : TSP
DIMENSION : 64
EDGE_WEIGHT_TYPE : EXPLICIT
EDGE_WEIGHT_FORMAT : FULL_MATRIX
EDGE_WEIGHT_SECTION
0 1543 1725 1629 1721 821 1171 1091 1295 1699 948 1651 1143 1584 1784 920 1266 815 1297 612 1528 942 1802 552 810 1129 948 1560 1606 1749 556 1729 619 1618 1779 882 673 556 782 1118 1715 880 1789 1151 1543 1141 1202 1650 1543 1595 1554 1587 497 1480 1778 310 1209 1531 411 1279 606 605 1292 1799
1601 0 663 108 200 855 427 646 415 274 862 312 583 298 498 834 522 849 417 1282 55 856 740 1258 1092 685 636 39 320 342 1225 666 1288 97 304 702 989 1226 1063 673 653 735 422 701 481 519 458 588 257 533 491 301 1203 104 716 1427 587 245 1528 541 1276 1275 413 513
1784 663 0 749 842 1038 609 829 597 819 1045 771 765 704 904 1016 704 1032 600 1464 648 1038 462 1441 1274 867 818 680 726 869 1408 137 1471 738 899 884 1171 1408 1246 855 375 917 909 883 663 702 640 310 663 251 194 707 1386 600 438 1609 770 651 1710 723 1458 1457 595 919
1688 108 749 0 115 941 513 732 501 188 949 227 669 294 417 920 608 936 504 1368 122 942 826 1344 1178 771 722 106 272 256 1312 753 1375 142 218 788 1075 1312 1150 759 739 821 337 787 567 606 544 674 343 619 578 299 1289 172 803 1513 674 331 1614 627 1362 1361 499 432
1780 200 842 115 0 1034 606 825 593 93 1041 132 761 199 322 1013 700 1028 596 1460 215 1034 919 1437 1270 863 815 183 177 161 1404 845 1467 126 123 880 1168 1404 1242 852 832 913 241 880 659 698 637 767 248 712 670 204 1382 264 895 1606 766 291 1707 720 1455 1454 591 337
879 855 1038 941 1034 0 483 403 607 1011 178 963 456 896 1096 206 578 110 609 560 840 185 1115 536 370 442 261 872 918 1061 503 1041 566 930 1091 194 267 504 341 430 1028 192 1102 464 855 454 514 963 856 908 866 899 481 792 1091 705 522 843 806 591 554 553 605 1111
1229 427 609 513 606 483 0 274 179 583 490 535 211 468 668 462 132 477 181 910 412 484 686 886 720 296 264 444 490 633 853 613 916 502 663 330 617 854 691 301 600 363 673 300 427 147 68 534 427 479 438 471 831 364 663 1055 215 415 1156 134 904 903 177 683
1150 646 829 732 825 403 274 0 398 802 411 754 189 687 887 382 245 398 400 830 631 404 906 806 640 78 184 663 709 852 774 832 837 721 882 250 537 774 612 94 819 283 893 83 646 232 305 754 647 699 657 690 751 583 882 975 165 634 1076 221 824 823 396 902
1353 415 597 501 593 607 179 398 0 571 614 523 334 456 655 586 274 601 34 1034 400 607 674 1010 843 436 388 432 478 621 977 601 1040 490 651 453 741 977 815 425 587 487 661 453 415 271 210 522 415 467 426 459 955 352 650 1179 339 403 1280 293 1028 1027 38 671
1757 274 819 188 93 1011 583 802 571 0 1018 136 738 132 341 990 678 1005 573 1438 288 1012 896 1414 1248 840 792 257 110 180 1381 822 1444 199 142 858 1145 1381 1219 829 809 891 261 857 636 675 614 744 182 689 647 138 1359 337 872 1583 743 224 1684 697 1432 1431 568 357
1007 862 1045 949 1041 178 490 411 614 1018 0 970 463 904 1103 71 585 186 617 687 848 50 1122 664 497 449 268 880 926 1068 631 1048 694 938 1098 202 394 631 469 437 1035 157 1109 471 862 461 521 970 863 915 873 906 609 799 1098 833 529 850 933 598 681 680 612 1118
1709 312 771 227 132 963 535 754 523 136 970 0 691 84 380 942 630 957 525 1390 327 964 848 1366 1200 792 744 296 62 219 1333 774 1396 238 181 810 1097 1334 1171 781 761 843 300 809 588 627 566 696 134 641 599 90 1311 302 824 1535 695 176 1636 649 1384 1383 521 395
1202 583 765 669 761 456 211 189 334 738 463 691 0 624 823 435 180 450 337 882 568 456 842 859 692 152 237 600 646 788 826 768 889 658 818 302 590 826 664 168 755 335 829 157 582 167 242 690 583 635 593 626 804 519 818 1028 100 570 1128 156 877 876 332 838
1642 298 704 294 199 896 468 687 456 132 904 84 624 0 408 875 563 890 458 1323 283 897 781 1299 1133 726 677 315 58 286 1267 708 1329 305 248 743 1030 1267 1104 714 694 776 367 742 522 560 499 629 129 574 532 85 1244 235 757 1468 629 128 1569 582 1317 1316 454 423
1842 498 904 417 322 1096 668 887 655 341 1103 380 823 408 0 1075 762 1090 658 1522 483 1096 981 1499 1332 925 877 486 425 284 1466 907 1529 428 245 942 1230 1466 1304 914 894 976 107 942 721 760 699 829 367 774 732 411 1444 434 957 1668 828 355 1769 782 1517 1516 653 30
978 834 1016 920 1013 206 462 382 586 990 71 942 435 875 1075 0 557 214 588 659 819 78 1093 635 469 421 239 851 897 1040 602 1020 665 909 1070 173 366 603 440 409 1007 171 1080 442 834 432 493 941 834 886 845 878 580 771 1070 804 501 822 905 570 653 652 583 1090
1324 522 704 608 700 578 132 245 274 678 585 630 180 563 762 557 0 572 276 1005 507 578 781 981 814 208 359 539 585 728 948 708 1011 597 757 424 712 948 786 224 694 458 768 213 522 198 127 629 522 574 532 566 926 459 757 1150 130 510 1251 47 999 998 271 778
873 849 1032 936 1028 110 477 398 601 1005 186 957 450 890 1090 214 572 0 604 554 834 192 1109 530 364 436 255 866 912 1055 498 1035 561 925 1085 189 261 498 335 424 1022 187 1096 458 849 448 508 957 850 902 860 893 475 786 1085 699 516 837 800 585 548 547 599 1105
1356 417 600 504 596 609 181 400 34 573 617 525 337 458 658 588 276 604 0 1036 402 610 677 1012 846 439 390 434 480 623 980 603 1043 493 653 456 743 980 818 427 590 489 664 455 417 274 212 525 418 470 428 461 957 354 653 1181 342 405 1282 295 1030 1029 39 673
410 1462 1644 1548 1640 740 1090 1010 1213 1618 867 1570 1062 1503 1702 839 1184 734 1216 0 1447 860 1721 478 729 1048 867 1479 1525 1668 470 1647 59 1537 1697 801 599 470 701 1037 1634 799 1708 1070 1461 1060 1121 1569 1462 1514 1472 1506 423 1398 1697 236 1128 1450 336 1198 77 67 1211 1718
1586 55 648 122 215 840 412 631 400 288 848 327 568 283 483 819 507 834 402 1267 0 841 725 1243 1077 670 621 53 305 356 1211 652 1273 111 318 687 974 1211 1048 658 638 720 437 686 466 504 443 573 242 518 476 286 1188 119 701 1412 572 230 1513 526 1261 1260 398 498
1000 856 1038 942 1034 185 484 404 607 1012 50 964 456 897 1096 78 578 192 610 680 841 0 1115 657 490 442 261 873 919 1061 624 1041 687 931 1091 195 388 624 462 431 1028 164 1102 464 855 454 515 963 856 908 866 900 602 792 1091 826 522 843 927 591 675 674 605 1112
1861 740 462 826 919 1115 686 906 674 896 1122 848 842 781 981 1093 781 1109 677 1541 725 1115 0 1518 1351 944 895 757 803 946 1485 466 1548 815 976 961 1248 1485 1323 932 271 994 986 960 740 779 717 206 740 332 290 784 1463 677 71 1686 847 728 1787 800 1535 1534 672 996
854 1077 1259 1163 1255 355 705 625 828 1232 482 1185 677 1118 1317 454 799 349 831 534 1062 475 1336 0 344 663 482 1094 1140 1282 478 1262 541 1152 1312 416 207 478 316 652 1249 414 1323 685 1076 675 736 1184 1077 1129 1087 1120 456 1013 1312 680 743 1064 780 812 529 528 826 1332
593 1230 1412 1316 1408 508 858 778 981 1386 635 1338 830 1271 1470 607 952 502 984 274 1215 628 1489 250 0 816 635 1247 1293 1435 217 1415 280 1305 1465 569 371 218 469 805 1402 567 1476 838 1229 828 889 1337 1230 1282 1240 1274 195 1166 1465 419 896 1217 520 965 268 267 979 1486
1188 685 867 771 863 442 296 78 436 840 449 792 152 726 925 421 208 436 439 868 670 442 944 845 678 0 223 702 748 890 812 870 875 760 920 288 576 812 650 57 857 321 931 46 684 196 272 792 685 737 695 728 790 621 920 1014 128 672 1114 185 863 862 434 940
1007 636 818 722 815 261 264 184 388 792 268 744 237 677 877 239 359 255 390 687 621 261 895 664 497 223 0 653 699 842 631 822 694 711 872 107 394 631 469 211 809 140 883 245 636 235 295 744 636 688 647 680 609 573 872 833 303 624 933 372 682 681 386 892
1618 39 680 106 183 872 444 663 432 257 880 296 600 315 486 851 539 866 434 1299 53 873 757 1275 1109 702 653 0 337 325 1243 684 1305 95 287 719 1006 1243 1080 690 670 752 405 718 498 536 475 605 274 550 508 318 1220 103 733 1444 604 262 1545 558 1293 1292 430 501
1664 320 726 272 177 918 490 709 478 110 926 62 646 58 425 897 585 912 480 1345 305 919 803 1321 1155 748 699 337 0 265 1289 730 1351 283 226 765 1052 1289 1126 736 716 798 345 764 544 582 521 651 107 596 554 63 1266 257 779 1490 650 150 1591 604 1339 1338 476 441
1807 342 869 256 161 1061 633 852 621 180 1068 219 788 286 284 1040 728 1055 623 1488 356 1061 946 1464 1297 890 842 325 265 0 1431 872 1494 267 84 908 1195 1431 1269 879 859 941 203 907 686 725 664 794 333 739 697 292 1409 400 922 1633 793 320 1734 747 1482 1481 618 299
476 1528 1711 1615 1707 806 1156 1077 1280 1684 934 1636 1129 1569 1769 905 1251 800 1283 157 1513 927 1788 545 796 1115 934 1545 1591 1734 0 1714 163 1603 1764 868 666 63 768 1103 1701 866 1775 1137 1528 1127 1187 1636 1529 1581 1539 1572 490 1465 1764 302 1195 1516 403 1264 151 150 1278 1784
1787 666 137 753 845 1041 613 832 601 822 1048 774 768 708 907 1020 708 1035 603 1468 652 1041 466 1444 1277 870 822 684 730 872 1411 0 1474 742 902 887 1175 1411 1249 859 379 921 913 887 666 705 644 314 667 255 197 710 1389 603 442 1613 773 654 1714 727 1462 1461 598 922
416 1468 1651 1555 1647 746 1096 1017 1220 1624 874 1576 1069 1509 1709 845 1191 740 1223 59 1453 867 1728 485 736 1055 874 1485 1531 1674 477 1654 0 1543 1704 808 606 477 708 1043 1641 806 1715 1077 1468 1067 1127 1576 1469 1521 1479 1512 430 1405 1704 242 1135 1456 343 1204 71 57 1218 1724
1677 97 738 142 126 930 502 721 490 199 938 238 658 305 428 909 597 925 493 1357 111 931 815 1333 1167 760 711 95 283 267 1301 742 1364 0 229 777 1064 1301 1139 748 728 810 347 776 556 594 533 663 333 608 567 310 1278 161 791 1502 663 320 1603 616 1351 1350 488 443
1837 304 899 218 123 1091 663 882 651 142 1098 181 818 248 245 1070 757 1085 653 1517 318 1091 976 1494 1327 920 872 287 226 84 1461 902 1524 229 0 937 1225 1461 1299 909 889 971 165 937 716 755 694 824 298 769 727 254 1439 367 952 1663 823 340 1764 777 1512 1511 648 260
941 702 884 788 880 194 330 250 453 858 202 810 302 743 942 173 424 189 456 621 687 195 961 597 431 288 107 719 765 908 565 887 628 777 937 0 328 565 403 277 874 74 948 310 702 300 361 809 702 754 712 746 542 638 937 766 368 690 867 438 615 614 451 958
728 951 1133 1037 1129 229 579 499 702 1107 356 1059 551 992 1191 328 673 223 705 408 936 349 1210 385 218 537 356 968 1014 1157 352 1136 415 1026 1186 290 0 352 190 526 1123 288 1197 559 950 549 610 1058 951 1003 961 995 330 887 1186 554 617 938 654 687 403 402 700 1207
476 1528 1711 1615 1707 806 1156 1077 1280 1684 934 1636 1129 1569 1769 905 1251 801 1283 157 1513 927 1788 545 796 1115 934 1545 1591 1734 63 1714 164 1604 1764 868 666 0 768 1103 1701 866 1775 1137 1528 1127 1187 1636 1529 1581 1539 1572 490 1465 1764 302 1195 1516 403 1264 151 150 1278 1784
599 1235 1418 1321 1414 513 863 783 987 1391 641 1343 836 1276 1476 612 958 507 989 279 1220 634 1495 256 89 822 641 1252 1298 1441 223 1421 286 1310 1471 574 377 223 0 810 1408 572 1482 844 1235 834 894 1343 1235 1288 1246 1279 201 1172 1471 425 902 1223 525 971 274 273 985 1491
1176 673 855 759 852 430 301 94 425 829 437 781 168 714 914 409 224 424 427 857 658 431 932 833 667 57 211 690 736 879 800 859 863 748 909 277 564 801 638 0 845 310 919 61 673 211 287 780 673 725 684 717 778 610 909 1002 143 661 1103 200 851 850 422 929
1774 653 375 739 832 1028 600 819 587 809 1035 761 755 694 894 1007 694 1022 590 1454 638 1028 271 1431 1264 857 809 670 716 859 1398 379 1461 728 889 874 1161 1398 1236 845 0 907 900 873 653 692 631 86 654 245 204 697 1376 590 247 1600 760 641 1700 714 1449 1448 585 909
939 735 917 821 913 192 363 283 487 891 157 843 335 776 976 171 458 187 489 619 720 164 994 595 429 321 140 752 798 941 563 921 626 810 971 74 326 563 401 310 907 0 981 343 735 333 394 842 735 787 746 779 540 672 970 764 401 723 865 471 613 612 484 991
1848 422 909 337 241 1102 673 893 661 261 1109 300 829 367 107 1080 768 1096 664 1528 437 1102 986 1505 1338 931 883 405 345 203 1472 913 1535 347 165 948 1235 1472 1310 919 900 981 0 947 727 766 704 835 373 779 738 372 1450 440 963 1673 834 361 1774 787 1522 1521 659 122
1210 701 883 787 880 464 300 83 453 857 471 809 157 742 942 442 213 458 455 890 686 464 960 867 700 46 245 718 764 907 834 887 897 776 937 310 597 834 672 61 873 343 947 0 701 200 276 808 701 753 712 745 812 638 936 1036 132 689 1136 189 884 883 450 957
1601 481 663 567 659 855 427 646 415 636 862 588 582 522 721 834 522 849 417 1282 466 855 740 1258 1091 684 636 498 544 686 1225 666 1288 556 716 702 989 1225 1063 673 653 735 727 701 0 519 458 588 481 533 491 524 1203 417 716 1427 587 468 1528 541 1276 1275 412 736
1200 519 702 606 698 454 147 232 271 675 461 627 167 560 760 432 198 448 274 880 504 454 779 857 690 196 235 536 582 725 824 705 887 594 755 300 587 824 662 211 692 333 766 200 519 0 178 627 520 572 530 563 802 456 755 1025 87 507 1126 174 874 873 269 775
1260 458 640 544 637 514 68 305 210 614 521 566 242 499 699 493 127 508 212 941 443 515 717 917 751 272 295 475 521 664 884 644 947 533 694 361 648 885 722 287 631 394 704 276 458 178 0 565 458 510 469 502 862 395 694 1086 194 446 1187 110 935 934 208 714
1709 588 310 674 767 963 534 754 522 744 970 696 690 629 829 941 629 957 525 1389 573 963 206 1366 1199 792 744 605 651 794 1333 314 1396 663 824 809 1096 1333 1171 780 86 842 835 808 588 627 565 0 588 180 138 632 1311 525 182 1535 695 576 1635 649 1383 1382 520 844
1602 257 663 343 248 856 427 647 415 182 863 134 583 129 367 834 522 850 418 1282 242 856 740 1259 1092 685 636 274 107 333 1226 667 1289 333 298 702 989 1226 1064 673 654 735 373 701 481 520 458 588 0 533 492 135 1204 194 717 1427 588 87 1528 541 1276 1275 413 383
1654 533 251 619 712 908 479 699 467 689 915 641 635 574 774 886 574 902 470 1334 518 908 332 1311 1144 737 688 550 596 739 1278 255 1341 608 769 754 1041 1278 1116 725 245 787 779 753 533 572 510 180 533 0 83 577 1256 470 308 1479 640 521 1580 593 1328 1327 465 789
1612 491 194 578 670 866 438 657 426 647 873 599 593 532 732 845 532 860 428 1292 476 866 290 1269 1102 695 647 508 554 697 1236 197 1299 567 727 712 1000 1236 1074 684 204 746 738 712 491 530 469 138 492 83 0 535 1214 428 267 1438 598 479 1539 552 1287 1286 423 747
1645 301 707 299 204 899 471 690 459 138 906 90 626 85 411 878 566 893 461 1326 286 900 784 1302 1136 728 680 318 63 292 1269 710 1332 310 254 746 1033 1269 1107 717 697 779 372 745 524 563 502 632 135 577 535 0 1247 238 760 1471 631 131 1572 585 1320 1319 456 426
544 1155 1338 1242 1334 433 783 704 907 1311 561 1263 756 1196 1396 532 878 427 910 224 1140 554 1415 165 423 742 561 1172 1218 1361 168 1341 231 1231 1391 495 286 168 395 730 1328 493 1402 764 1155 754 814 1263 1156 1208 1166 1199 0 1092 1391 370 822 1143 471 891 219 218 905 1411
1538 104 600 172 264 792 364 583 352 337 799 302 519 235 434 771 459 786 354 1219 119 792 677 1195 1028 621 573 103 257 400 1162 603 1225 161 367 638 926 1162 1000 610 590 672 440 638 417 456 395 525 194 470 428 238 1140 0 653 1364 524 182 1465 478 1213 1212 349 450
1837 716 438 803 895 1091 663 882 650 872 1098 824 818 757 957 1070 757 1085 653 1517 701 1091 71 1494 1327 920 872 733 779 922 1461 442 1524 791 952 937 1225 1461 1299 909 247 970 963 936 716 755 694 182 717 308 267 760 1439 653 0 1663 823 704 1763 777 1512 1511 648 972
643 1254 1437 1340 1433 532 882 803 1006 1410 660 1362 855 1295 1495 631 977 526 1008 323 1239 653 1514 264 522 841 660 1271 1317 1460 267 1440 330 1329 1490 593 385 267 493 829 1427 591 1501 863 1254 853 913 1362 1255 1307 1265 1298 209 1191 1490 0 921 1242 122 990 318 317 1004 1510
1268 587 770 674 766 522 215 165 339 743 529 695 100 629 828 501 130 516 342 948 572 522 847 925 758 128 303 604 650 793 892 773 955 663 823 368 655 892 730 143 760 401 834 132 587 87 194 695 588 640 598 631 870 524 823 1094 0 575 1194 106 943 942 337 843
1589 245 651 331 291 843 415 634 403 224 850 176 570 128 355 822 510 837 405 1270 230 843 728 1246 1079 672 624 262 150 320 1213 654 1276 320 340 690 977 1213 1051 661 641 723 361 689 468 507 446 576 87 521 479 131 1191 182 704 1415 575 0 1516 529 1264 1263 400 370
590 1201 1384 1288 1380 479 829 750 953 1357 607 1309 802 1242 1442 578 924 473 956 270 1186 600 1461 211 469 788 607 1218 1264 1407 214 1387 277 1276 1437 541 332 214 441 776 1374 539 1448 810 1201 800 860 1309 1202 1254 1212 1245 156 1138 1437 416 868 1189 0 937 265 264 951 1457
1337 541 723 627 720 591 134 221 293 697 598 649 156 582 782 570 47 585 295 1018 526 591 800 994 827 185 372 558 604 747 961 727 1024 616 777 438 725 961 799 200 714 471 787 189 541 174 110 649 541 593 552 585 939 478 777 1163 106 529 1264 0 1012 1011 291 797
404 1456 1638 1542 1635 734 1084 1004 1208 1612 861 1564 1057 1497 1697 833 1179 728 1210 77 1441 855 1715 472 723 1043 861 1473 1519 1662 465 1642 71 1531 1692 795 593 465 695 1031 1628 793 1702 1064 1456 1054 1115 1563 1456 1508 1467 1500 417 1393 1691 230 1122 1444 331 1192 0 70 1205 1712
403 1455 1637 1541 1634 733 1083 1003 1207 1611 860 1563 1056 1496 1696 832 1178 727 1209 67 1440 854 1714 471 722 1042 860 1472 1518 1661 464 1641 57 1530 1691 794 592 464 694 1030 1627 792 1701 1063 1455 1053 1114 1562 1455 1507 1466 1499 416 1392 1691 229 1121 1443 330 1191 70 0 1204 1711
1351 413 595 499 591 605 177 396 38 568 612 521 332 454 653 583 271 599 39 1031 398 605 672 1008 841 434 386 430 476 618 975 598 1038 488 648 451 738 975 813 422 585 484 659 450 412 269 208 520 413 465 423 456 953 349 648 1177 337 400 1277 291 1026 1025 0 669
1857 513 919 432 337 1111 683 902 671 357 1118 395 838 423 30 1090 778 1105 673 1538 498 1112 996 1514 1348 940 892 501 441 299 1481 922 1544 443 260 958 1245 1481 1319 929 909 991 122 957 736 775 714 844 383 789 747 426 1459 450 972 1683 843 370 1784 797 1532 1531 669 0
EOF