NAME : tsp_problem
TYPE : TSP
DIMENSION : 26
EDGE_WEIGHT_TYPE : EXPLICIT
EDGE_WEIGHT_FORMAT : FULL_MATRIX
EDGE_WEIGHT_SECTION
0 85 550 1262 358 387 353 217 140 387 1170 386 1377 578 401 868 354 791 717 1259 544 815 1066 1293 374 703
85 0 613 1326 421 451 416 213 203 450 1233 449 1441 641 464 932 350 855 780 1323 607 878 1130 1357 438 767
550 613 0 1398 269 199 265 745 583 522 1305 522 1513 713 188 1004 882 927 283 1395 325 950 1202 1429 510 839
1081 1144 1216 0 1024 1054 1019 1276 1114 871 493 1053 700 627 1068 438 1413 572 1383 582 1211 505 389 192 858 576
358 421 269 1206 0 107 45 553 391 330 1113 329 1320 521 121 812 690 735 436 1202 264 758 1010 1236 318 646
387 451 199 1235 107 0 102 583 421 360 1143 359 1350 551 55 842 720 764 366 1232 193 788 1039 1266 347 676
353 416 265 1201 45 102 0 548 386 325 1109 325 1316 516 116 807 686 730 432 1198 259 754 1005 1232 313 642
217 213 745 1458 553 583 548 0 335 582 1366 582 1573 773 597 1064 154 987 912 1455 740 1011 1262 1489 570 899
140 203 583 1296 391 421 386 335 0 420 1203 419 1410 611 434 902 473 825 750 1292 577 848 1100 1326 408 737
387 450 522 1052 330 360 325 582 420 0 960 358 1167 368 373 658 719 581 689 1049 517 605 856 1083 41 493
1122 1186 1258 202 1065 1095 1061 1318 1155 912 0 1094 353 668 1109 480 1455 614 1425 235 1252 547 431 233 900 618
386 449 522 1234 329 359 325 582 419 358 1142 0 1349 550 373 840 719 763 689 1231 516 787 1038 1265 346 675
1319 1382 1454 399 1262 1292 1257 1514 1352 1109 306 1291 0 865 1306 676 1651 810 1621 432 1449 743 627 430 1096 814
578 641 713 809 521 551 516 773 611 368 716 550 923 0 565 415 910 337 880 805 708 361 613 839 355 249
401 464 188 1249 121 55 116 597 434 373 1157 373 1364 565 0 855 734 778 354 1246 182 802 1053 1280 361 690
868 932 1004 620 812 842 807 1064 902 658 528 840 735 415 855 0 1201 164 1171 617 998 147 424 651 646 259
354 350 882 1595 690 720 686 154 473 719 1503 719 1710 910 734 1201 0 1124 1049 1592 877 1148 1399 1626 707 1036
791 855 927 754 735 764 730 987 825 581 661 763 869 337 778 164 1124 0 1094 751 921 88 558 785 569 115
717 780 283 1565 436 366 432 912 750 689 1472 689 1680 880 354 1171 1049 1094 0 1562 298 1117 1369 1596 677 1006
1439 1502 1575 526 1382 1412 1378 1635 1472 1229 434 1411 229 985 1426 797 1772 930 1741 0 1569 864 748 557 1217 935
544 607 325 1392 264 193 259 740 577 517 1300 516 1507 708 182 998 877 921 298 1389 0 945 1196 1423 504 833
815 878 950 687 758 788 754 1011 848 605 594 787 802 361 802 147 1148 88 1117 684 945 0 491 718 593 183
1204 1268 1340 295 1148 1177 1143 1400 1238 994 203 1176 410 751 1191 562 1537 696 1507 292 1334 629 0 326 982 700
979 1042 1114 483 922 952 917 1174 1012 769 391 951 598 525 966 336 1312 470 1281 480 1109 403 288 0 756 474
374 438 510 1040 318 347 313 570 408 41 948 346 1155 355 361 646 707 569 677 1037 504 593 844 1071 0 481
703 767 839 758 646 676 642 899 737 493 666 675 873 249 690 259 1036 115 1006 755 833 183 562 789 481 0
EOF