NAME : tsp_problem
TYPE : TSP
DIMENSION : 56
EDGE_WEIGHT_TYPE : EXPLICIT
EDGE_WEIGHT_FORMAT : FULL_MATRIX
EDGE_WEIGHT_SECTION
0 866 850 1117 294 480 563 604 686 1106 625 708 86 1083 588 85 228 330 169 338 1533 1241 838 301 1283 780 549 556 427 356 263 435 422 434 1236 1295 929 230 672 553 636 200 558 125 351 309 509 375 1238 165 619 601 113 1358 642 440
866 0 200 373 967 514 413 516 1038 362 360 442 820 339 500 918 804 1045 1010 914 788 496 213 1007 538 129 583 908 597 1154 838 1151 591 786 492 551 127 937 479 905 988 1041 585 775 1148 1066 421 1082 494 1005 353 953 789 613 377 610
850 200 0 536 950 498 397 500 1022 525 344 426 803 502 484 902 788 1028 993 898 951 659 101 991 701 199 567 892 580 1137 822 1134 575 770 655 714 138 920 463 888 972 1024 569 759 1132 1050 404 1065 657 989 337 937 773 777 360 594
1255 511 674 0 1356 903 803 905 1427 45 749 831 1209 650 889 1307 1193 1434 1399 1303 517 225 602 1396 267 518 972 1297 986 1543 1228 1540 980 1175 221 280 574 1326 868 1294 1377 1430 974 1164 1537 1455 810 1471 223 1394 742 1342 1178 342 766 999
294 967 950 1218 0 581 663 705 787 1207 726 808 339 1184 689 234 185 234 137 120 1633 1341 938 273 1383 880 650 656 528 261 150 339 522 535 1337 1396 1030 462 772 653 737 125 658 300 255 213 610 376 1339 155 719 702 314 1458 742 541
480 514 498 765 581 0 210 188 652 754 273 263 434 731 204 532 418 659 624 528 1180 888 485 621 930 428 111 522 211 768 453 765 205 400 884 943 577 551 225 519 602 655 105 389 762 680 157 696 886 619 266 567 403 1006 289 224
563 413 397 665 663 210 0 136 735 653 173 185 516 631 151 614 501 741 706 611 1080 788 385 704 830 327 206 605 293 850 535 847 288 483 784 843 477 633 147 601 685 737 192 472 844 763 117 778 786 702 166 650 486 905 189 306
604 516 500 767 705 188 136 0 776 756 201 125 558 733 65 656 542 783 748 652 1182 890 487 745 932 430 119 646 335 892 576 889 329 524 886 945 579 675 86 643 726 779 106 513 886 804 113 820 888 743 217 691 527 1008 185 348
686 1038 1022 1289 787 652 735 776 0 1278 797 880 640 1255 760 738 624 865 830 734 1705 1413 1010 827 1455 952 721 155 599 974 659 971 594 606 1408 1467 1101 757 844 725 97 861 730 595 968 886 681 902 1410 825 791 313 609 1530 814 612
1244 500 663 45 1345 892 791 894 1416 0 738 820 1198 639 878 1296 1182 1423 1388 1292 506 214 591 1385 256 507 961 1286 975 1532 1216 1529 969 1164 209 268 563 1315 857 1283 1366 1419 963 1153 1526 1444 799 1460 211 1383 731 1331 1167 331 754 988
625 360 344 611 726 273 173 201 797 600 0 111 579 577 217 677 563 804 769 673 1027 734 331 766 777 274 271 667 356 913 598 910 351 546 730 789 423 696 140 664 747 800 258 534 907 825 180 841 732 764 95 712 548 852 118 369
708 442 426 693 808 263 185 125 880 682 111 0 661 659 140 759 645 886 851 755 1109 817 414 848 859 356 194 749 438 995 680 992 433 628 812 872 506 778 64 746 830 882 181 617 989 907 219 923 814 847 127 794 631 934 95 451
86 820 803 1071 339 434 516 558 640 1060 579 661 0 1037 542 130 182 292 214 292 1486 1194 791 254 1236 733 503 509 381 401 216 398 375 388 1190 1249 883 184 625 506 590 245 511 78 395 313 462 329 1192 209 572 555 67 1311 595 394
1000 255 419 374 1100 647 547 650 1172 363 494 576 953 0 634 1052 938 1178 1143 1048 790 497 347 1141 540 262 717 1042 730 1287 972 1284 725 920 493 552 319 1070 612 1038 1122 1174 719 909 1282 1200 554 1215 495 1139 487 1087 923 615 510 744
588 500 484 751 689 204 151 65 760 740 217 140 542 717 0 640 526 767 732 636 1167 874 471 729 917 414 135 630 319 876 561 873 313 508 870 929 563 659 102 627 710 763 122 497 870 788 98 804 872 727 233 675 511 992 201 332
85 918 902 1169 234 532 614 656 738 1158 677 759 130 1135 640 0 280 270 109 288 1584 1292 889 308 1334 832 601 608 479 296 315 375 473 486 1288 1347 981 282 723 604 688 140 610 177 290 248 561 412 1290 105 670 653 165 1410 693 492
228 804 788 1055 185 418 501 542 624 1044 563 645 182 1021 526 280 0 398 301 132 1471 1178 775 369 1221 718 487 494 365 424 97 503 360 372 1174 1233 867 299 609 490 574 288 496 138 419 377 447 444 1176 319 556 539 152 1296 580 378
330 1045 1028 1296 234 659 741 783 865 1285 804 886 292 1262 767 270 398 0 173 288 1711 1419 1016 97 1461 958 728 734 605 170 363 249 600 613 1415 1474 1108 281 850 731 815 160 736 303 165 123 687 286 1417 191 797 780 292 1536 820 619
169 1010 993 1261 137 624 706 748 830 1250 769 851 214 1227 732 109 301 173 0 191 1676 1384 981 211 1426 923 693 700 571 199 266 277 565 578 1380 1439 1073 374 815 696 780 63 701 268 193 151 653 314 1382 94 762 745 257 1501 785 584
338 914 898 1165 120 528 611 652 734 1154 673 755 292 1131 636 288 132 288 191 0 1581 1288 885 327 1331 828 597 604 475 315 97 393 470 482 1284 1343 977 409 719 600 684 179 606 248 309 267 557 430 1286 209 666 649 262 1406 690 488
1206 462 625 466 1307 854 753 856 1378 455 700 782 1160 601 840 1258 1144 1384 1350 1254 0 200 553 1347 207 469 923 1248 936 1493 1178 1491 931 1126 160 255 525 1276 819 1245 1328 1381 925 1115 1488 1406 761 1421 198 1345 693 1293 1129 282 716 950
1543 799 962 803 1644 1191 1091 1193 1715 792 1037 1119 1497 938 1177 1595 1481 1722 1687 1591 389 0 890 1684 551 806 1260 1585 1274 1831 1516 1828 1269 1464 504 152 862 1614 1156 1582 1665 1718 1262 1452 1825 1743 1098 1759 83 1683 1031 1630 1466 626 1054 1287
838 213 101 464 938 485 385 487 1010 453 331 414 791 430 471 889 775 1016 981 885 880 588 0 978 630 127 554 879 568 1125 810 1122 563 758 583 642 163 908 450 876 960 1012 557 747 1119 1037 392 1053 585 977 325 924 761 705 348 581
301 1007 991 1258 273 621 704 745 827 1247 766 848 254 1224 729 308 369 97 211 327 1674 1381 978 0 1424 921 690 697 568 209 401 287 563 575 1377 1436 1070 243 812 694 777 198 699 266 203 119 650 324 1379 229 760 742 254 1499 783 581
1101 357 520 361 1202 749 648 751 1273 350 595 677 1055 496 735 1153 1039 1280 1245 1149 776 484 448 1242 0 364 818 1143 831 1389 1073 1386 826 1021 480 539 420 1172 714 1140 1223 1276 820 1010 1383 1301 656 1316 482 1240 588 1188 1024 177 611 845
780 129 199 380 880 428 327 430 952 369 274 356 733 346 414 832 718 958 923 828 795 503 127 921 545 0 497 822 510 1067 752 1064 505 700 499 558 192 850 393 818 902 954 499 689 1062 980 334 995 501 919 267 867 703 620 290 524
549 583 567 834 650 111 206 119 721 823 271 194 503 800 135 601 487 728 693 597 1249 957 554 690 999 497 0 591 280 837 522 834 274 469 953 1012 646 620 156 588 671 724 36 458 831 749 214 765 955 688 287 636 472 1075 255 293
556 908 892 1159 656 522 605 646 155 1148 667 749 509 1125 630 608 494 734 700 604 1574 1282 879 697 1324 822 591 0 469 843 528 840 464 476 1278 1337 971 626 713 594 105 731 600 465 838 756 551 771 1280 695 660 183 479 1400 684 482
427 597 580 848 528 211 293 335 599 836 356 438 381 814 319 479 365 605 571 475 1263 971 568 568 1013 510 280 469 0 714 399 711 32 347 967 1026 660 497 402 465 549 602 288 336 709 627 239 642 969 566 349 514 350 1088 372 58
356 1154 1137 1405 261 768 850 892 974 1394 913 995 401 1371 876 296 424 170 199 315 1820 1528 1125 209 1570 1067 837 843 714 0 390 119 709 722 1524 1583 1217 280 959 840 924 187 845 412 63 149 796 156 1526 217 906 889 401 1645 929 728
263 838 822 1090 150 453 535 576 659 1078 598 680 216 1056 561 315 97 363 266 97 1505 1213 810 401 1255 752 522 528 399 390 0 468 394 407 1209 1268 902 333 644 525 609 253 530 172 384 342 481 478 1211 284 591 573 186 1330 614 413
435 1151 1134 1402 339 765 847 889 971 1391 910 992 398 1368 873 375 503 249 277 393 1817 1525 1122 287 1567 1064 834 840 711 119 468 0 706 719 1521 1580 1214 277 956 837 921 265 842 409 113 227 793 153 1523 296 903 886 398 1642 926 725
422 591 575 842 522 205 288 329 594 831 351 433 375 809 313 473 360 600 565 470 1258 966 563 563 1008 505 274 464 32 709 394 706 0 342 962 1021 655 492 397 460 544 596 283 331 703 622 234 637 964 561 344 509 345 1083 367 53
434 786 770 1037 535 400 483 524 606 1026 546 628 388 1004 508 486 372 613 578 482 1453 1161 758 575 1203 700 469 476 347 722 407 719 342 0 1157 1216 850 505 592 168 556 609 478 343 716 634 429 650 1159 573 539 521 357 1278 562 361
1070 326 489 330 1171 718 617 720 1242 319 564 646 1024 465 704 1122 1008 1249 1214 1118 745 453 417 1211 71 333 787 1112 801 1358 1042 1355 795 990 0 508 389 1141 683 1109 1192 1245 789 979 1352 1270 625 1286 451 1209 557 1157 993 146 580 814
1475 731 894 735 1576 1123 1023 1125 1647 724 969 1051 1429 870 1109 1527 1413 1654 1619 1523 321 466 822 1616 483 738 1192 1517 1206 1763 1448 1760 1201 1396 436 0 794 1546 1088 1514 1597 1650 1194 1384 1757 1675 1030 1691 463 1614 963 1562 1398 558 986 1219
929 127 138 436 1030 577 477 579 1101 425 423 506 883 402 563 981 867 1108 1073 977 851 559 163 1070 601 192 646 971 660 1217 902 1214 655 850 555 614 0 1000 542 968 1052 1104 649 839 1211 1129 484 1145 557 1069 417 1016 853 677 440 673
230 937 920 1188 462 551 633 675 757 1177 696 778 184 1154 659 282 299 281 374 409 1603 1311 908 243 1353 850 620 626 497 280 333 277 492 505 1307 1366 1000 0 742 623 707 405 628 195 275 302 579 208 1309 369 689 672 184 1428 712 511
672 479 463 730 772 225 147 86 844 719 140 64 625 696 102 723 609 850 815 719 1145 853 450 812 895 393 156 713 402 959 644 956 397 592 849 908 542 742 0 710 794 846 143 581 953 871 181 887 851 811 156 758 595 971 124 415
553 905 888 1156 653 519 601 643 725 1145 664 746 506 1009 627 604 490 731 696 600 1571 1279 876 694 1321 818 588 594 465 840 525 837 460 168 1275 1334 968 623 710 0 675 727 596 462 834 752 547 768 1277 692 657 640 476 1396 680 479
636 988 972 1239 737 602 685 726 97 1228 747 830 590 1205 710 688 574 815 780 684 1655 1363 960 777 1405 902 671 105 549 924 609 921 544 556 1358 1418 1052 707 794 675 0 811 680 545 918 836 631 852 1360 775 741 263 559 1480 764 562
200 1041 1024 1292 125 655 737 779 861 1281 800 882 245 1258 763 140 288 160 63 179 1707 1415 1012 198 1457 954 724 731 602 187 253 265 596 609 1411 1470 1104 405 846 727 811 0 732 299 181 139 684 302 1413 81 793 776 288 1532 816 615
558 585 569 836 658 105 192 106 730 825 258 181 511 802 122 610 496 736 701 606 1252 960 557 699 1002 499 36 600 288 845 530 842 283 478 955 1015 649 628 143 596 680 732 0 467 840 758 201 773 957 697 274 645 481 1077 242 302
125 775 759 1026 300 389 472 513 595 1015 534 617 78 992 497 177 138 303 268 248 1442 1150 747 266 1192 689 458 465 336 412 172 409 331 343 1145 1205 839 195 581 462 545 299 467 0 407 325 418 340 1147 264 528 510 78 1267 551 349
351 1148 1132 1399 255 762 844 886 968 1388 907 989 395 1365 870 290 419 165 193 309 1814 1522 1119 203 1564 1062 831 838 709 63 384 113 703 716 1518 1577 1211 275 953 834 918 181 840 407 0 143 791 151 1520 212 900 883 395 1640 923 722
309 1066 1050 1317 213 680 763 804 886 1306 825 907 313 1283 788 248 377 123 151 267 1732 1440 1037 119 1482 980 749 756 627 149 342 227 622 634 1436 1495 1129 302 871 752 836 139 758 325 143 0 709 264 1438 170 818 801 313 1558 842 640
509 421 404 672 610 157 117 113 681 661 180 219 462 638 98 561 447 687 653 557 1087 795 392 650 837 334 214 551 239 796 481 793 234 429 791 850 484 579 181 547 631 684 201 418 791 709 0 724 793 648 173 596 432 913 196 253
375 1082 1065 1333 376 696 778 820 902 1322 841 923 329 1299 804 412 444 286 314 430 1748 1456 1053 324 1498 995 765 771 642 156 478 153 637 650 1452 1511 1145 208 887 768 852 302 773 340 151 264 724 0 1454 333 834 817 329 1573 857 656
1541 797 960 801 1642 1189 1088 1191 1713 790 1035 1117 1495 936 1175 1593 1479 1720 1685 1589 387 83 888 1682 548 804 1258 1583 1272 1829 1514 1826 1266 1461 502 150 860 1612 1154 1580 1663 1716 1260 1450 1823 1741 1096 1757 0 1680 1028 1628 1464 624 1052 1285
165 1005 989 1256 155 619 702 743 825 1245 764 847 209 1222 727 105 319 191 94 209 1672 1380 977 229 1422 919 688 695 566 217 284 296 561 573 1376 1435 1069 369 811 692 775 81 697 264 212 170 648 333 1378 0 758 740 252 1497 781 579
619 353 337 604 719 266 166 217 791 593 95 127 572 571 233 670 556 797 762 666 1020 728 325 760 770 267 287 660 349 906 591 903 344 539 724 783 417 689 156 657 741 793 274 528 900 818 173 834 726 758 0 706 542 845 111 362
601 953 937 1204 702 567 650 691 313 1193 712 794 555 1170 675 653 539 780 745 649 1620 1328 924 742 1370 867 636 183 514 889 573 886 509 521 1323 1382 1016 672 758 640 263 776 645 510 883 801 596 817 1325 740 706 0 524 1445 729 527
113 789 773 1040 314 403 486 527 609 1029 548 631 67 1006 511 165 152 292 257 262 1456 1164 761 254 1206 703 472 479 350 401 186 398 345 357 1159 1219 853 184 595 476 559 288 481 78 395 313 432 329 1161 252 542 524 0 1281 565 363
947 203 366 207 1048 595 495 597 1119 196 441 523 901 342 581 999 885 1126 1091 995 622 330 294 1088 372 210 664 989 678 1235 920 1232 673 868 326 385 266 1018 560 986 1069 1122 666 856 1229 1147 502 1163 328 1087 435 1034 870 0 458 691
642 377 360 628 742 289 189 185 814 616 118 95 595 594 201 693 580 820 785 690 1043 751 348 783 793 290 255 684 372 929 614 926 367 562 747 806 440 712 124 680 764 816 242 551 923 842 196 857 749 781 111 729 565 868 0 386
440 610 594 861 541 224 306 348 612 850 369 451 394 827 332 492 378 619 584 488 1276 984 581 581 1026 524 293 482 58 728 413 725 53 361 980 1039 673 511 415 479 562 615 302 349 722 640 253 656 982 579 362 527 363 1102 386 0
EOF