NAME : tsp_problem
TYPE : TSP
DIMENSION : 52
EDGE_WEIGHT_TYPE : EXPLICIT
EDGE_WEIGHT_FORMAT : FULL_MATRIX
EDGE_WEIGHT_SECTION
0 850 1123 409 772 883 216 398 189 1024 1023 831 821 1014 189 871 721 1105 128 759 553 720 101 381 327 1090 716 920 430 803 1118 992 1182 637 937 1125 165 457 461 1028 1145 122 937 852 553 310 896 995 1028 715 963 728
850 0 429 691 98 1465 690 679 703 465 462 272 262 679 878 58 1303 769 773 107 575 1301 793 663 609 754 1297 361 1012 244 782 433 378 1219 378 315 742 562 626 336 809 786 378 516 1134 582 337 436 469 1296 404 1309
1123 429 0 964 487 1738 964 953 976 211 127 414 405 952 1151 409 1576 1043 1047 473 848 1574 1067 937 882 1028 1571 266 1285 387 1056 153 153 1492 219 142 1016 835 900 238 1082 1060 318 789 1408 855 369 155 215 1570 187 1583
409 691 964 0 613 1023 249 73 261 865 863 671 661 855 436 711 861 945 332 599 179 860 352 89 141 930 856 761 570 644 958 833 1022 778 778 965 301 181 137 869 985 345 778 692 693 150 737 836 868 855 804 868
772 98 487 613 0 1387 613 602 625 388 386 194 184 601 800 119 1225 692 696 94 497 1224 716 586 531 677 1220 284 934 167 705 356 454 1141 301 391 665 484 549 392 731 709 301 439 1057 504 259 358 391 1219 326 1232
669 1251 1524 809 1173 0 633 798 589 1425 1423 1231 1221 1415 517 1271 307 1505 716 1159 953 269 612 782 727 1490 265 1321 370 1204 1518 1393 1582 187 1338 1525 685 858 861 1429 1545 729 1338 1252 696 710 1297 1396 1428 300 1364 313
216 690 964 249 613 847 0 238 85 865 863 671 661 855 260 711 685 945 138 599 393 684 176 222 167 930 680 761 394 644 958 833 1022 601 778 965 107 297 301 869 985 151 778 692 517 150 736 835 868 679 803 692
398 679 953 73 602 1012 238 0 250 854 852 660 650 844 425 700 850 934 321 588 190 849 341 99 138 919 845 750 559 633 947 821 1011 766 767 954 290 191 147 858 974 334 767 681 682 139 725 824 857 844 792 857
189 703 976 261 625 803 85 250 0 877 875 683 674 867 216 723 641 957 168 611 406 640 132 234 180 943 636 773 350 656 971 845 1034 557 790 978 137 310 313 881 997 181 790 704 473 162 749 848 880 635 816 648
1024 465 211 865 388 1639 865 854 877 0 110 315 305 853 1052 486 1477 944 947 374 749 1475 968 837 783 929 1472 167 1186 288 957 80 270 1393 119 259 917 736 801 355 983 960 294 690 1309 756 381 83 45 1471 88 1484
1023 462 127 863 386 1637 863 852 875 110 0 313 304 851 1050 442 1475 942 946 372 747 1474 966 836 781 927 1470 166 1184 286 955 53 186 1391 118 175 915 734 799 271 982 959 292 689 1307 754 379 54 114 1469 86 1482
831 272 414 671 194 1445 671 660 683 315 313 0 84 659 858 292 1283 750 754 180 555 1282 774 644 589 735 1278 211 992 67 763 283 383 1199 228 319 723 542 607 319 789 767 228 497 1115 562 101 286 318 1277 254 1290
821 262 405 661 184 1435 661 650 674 305 304 84 0 650 849 282 1274 740 744 170 545 1272 764 634 580 725 1268 201 982 57 753 273 432 1190 218 368 713 533 597 309 780 757 219 487 1105 552 150 276 309 1267 244 1280
1014 679 952 855 601 1629 855 844 867 853 851 659 650 0 1042 699 1467 267 938 587 739 1465 958 828 773 277 1462 749 1176 632 257 821 1011 1383 766 954 907 726 791 857 283 951 766 373 1299 746 725 824 857 1461 792 1474
189 878 1151 436 800 731 260 425 216 1052 1050 858 849 1042 0 898 569 1132 272 786 581 568 239 409 355 1117 564 948 278 831 1145 1020 1209 485 965 1152 310 485 488 1056 1172 267 965 879 401 337 924 1023 1055 563 991 576
871 58 409 711 119 1485 711 700 723 486 442 292 282 699 898 0 1323 790 794 127 595 1322 814 684 629 775 1318 382 1032 265 803 454 358 1239 399 294 763 582 647 315 830 807 396 537 1155 602 320 457 489 1317 425 1330
901 1483 1756 1041 1405 260 865 1030 821 1657 1655 1463 1454 1647 749 1503 0 1737 948 1391 1186 508 844 1014 960 1722 504 1553 609 1436 1750 1625 1814 426 1570 1757 917 1090 1093 1661 1777 961 1570 1484 928 942 1529 1628 1660 78 1596 55
1105 769 1043 945 692 1719 945 934 957 944 942 750 740 267 1132 790 1557 0 1028 678 829 1556 1048 918 863 104 1552 839 1266 723 32 911 1101 1474 856 1044 997 817 881 947 58 1041 857 463 1389 836 815 914 947 1551 882 1564
128 773 1047 332 696 930 138 321 168 947 946 754 744 938 272 794 768 1028 0 682 476 766 184 305 250 1013 762 843 477 726 1041 915 1105 684 860 1048 107 380 384 951 1068 64 861 775 600 233 819 918 951 761 886 775
759 107 473 599 94 1373 599 588 611 374 372 180 170 587 786 127 1211 678 682 0 483 1210 702 572 517 663 1206 270 920 153 691 342 463 1127 287 400 651 470 535 378 717 695 287 425 1043 490 246 345 377 1205 313 1218
553 575 848 179 497 1167 393 190 406 749 747 555 545 739 581 595 1006 829 476 483 0 1004 496 205 258 814 1000 645 714 528 842 717 906 922 662 849 445 133 114 753 869 489 662 576 837 284 621 720 752 999 688 1012
424 1005 1279 564 928 612 388 553 344 1180 1178 986 976 1170 272 1026 450 1260 470 914 708 0 367 537 482 1245 445 1076 124 959 1273 1147 1337 366 1093 1280 440 612 616 1184 1300 484 1093 1007 451 465 1051 1150 1183 444 1118 457
101 793 1067 352 716 826 176 341 132 968 966 774 764 958 239 814 664 1048 184 702 496 663 0 325 270 1033 659 863 373 747 1061 935 1125 580 880 1068 221 400 404 971 1088 179 881 795 496 253 839 938 971 658 906 671
381 663 937 89 586 996 222 99 234 837 836 644 634 828 409 684 834 918 305 572 205 832 325 0 122 903 829 733 543 616 931 805 995 750 750 938 274 207 163 841 958 318 751 665 666 123 709 808 841 828 776 841
327 609 882 141 531 941 167 138 180 783 781 589 580 773 355 629 780 863 250 517 258 778 270 122 0 849 774 679 488 562 877 751 940 696 696 884 219 216 215 787 903 263 696 610 611 68 655 754 786 773 722 786
1090 754 1028 930 677 1704 930 919 943 929 927 735 725 277 1117 775 1543 104 1013 663 814 1541 1033 903 849 0 1537 825 1251 708 118 896 1086 1459 842 1029 982 802 866 933 144 1026 842 448 1374 821 800 899 932 1536 867 1549
534 1116 1389 674 1038 722 498 663 454 1290 1288 1096 1087 1280 382 1136 560 1370 581 1024 819 134 477 647 593 1355 0 1186 235 1069 1383 1258 1447 477 1203 1391 550 723 726 1294 1410 594 1203 1117 561 575 1162 1261 1293 554 1229 567
920 361 266 761 284 1535 761 750 773 167 166 211 201 749 948 382 1373 839 843 270 645 1371 863 733 679 825 1367 0 1082 184 853 135 325 1289 80 314 813 632 697 281 879 856 190 586 1205 652 277 138 171 1366 106 1380
392 973 1247 532 896 580 356 521 312 1148 1146 954 944 1138 240 994 418 1228 438 882 676 416 335 505 450 1213 413 1043 0 927 1241 1115 1305 334 1060 1248 408 580 584 1151 1268 451 1061 975 419 433 1019 1118 1151 412 1086 425
803 244 387 644 167 1418 644 633 656 288 286 67 57 632 831 265 1256 723 726 153 528 1254 747 616 562 708 1251 184 965 0 736 256 417 1172 201 353 696 515 580 292 762 740 201 469 1088 535 132 259 291 1250 227 1263
1118 782 1056 958 705 1732 958 947 971 957 955 763 753 257 1145 803 1570 32 1041 691 842 1569 1061 931 877 118 1565 853 1279 736 0 924 1114 1487 870 1057 1010 830 894 961 48 1054 870 476 1402 849 828 927 960 1564 895 1577
992 433 153 833 356 1607 833 821 845 80 53 283 273 821 1020 454 1445 911 915 342 717 1443 935 805 751 896 1439 135 1154 256 924 0 212 1361 87 201 885 704 769 297 951 928 262 658 1276 724 349 51 83 1438 56 1451
1182 378 153 1022 454 1796 1022 1011 1034 270 186 383 432 1011 1209 358 1634 1101 1105 463 906 1633 1125 995 940 1086 1629 325 1343 417 1114 212 0 1550 277 91 1074 893 958 187 1141 1118 267 848 1466 913 318 213 273 1628 246 1641
590 1171 1444 730 1093 389 553 718 509 1345 1343 1151 1142 1335 437 1191 227 1426 636 1079 874 189 533 702 648 1411 186 1241 290 1124 1439 1313 1503 0 1258 1446 605 778 781 1349 1465 649 1258 1173 617 631 1217 1316 1349 221 1284 234
937 378 219 778 301 1552 778 767 790 119 118 228 218 766 965 399 1390 856 860 287 662 1388 880 750 696 842 1384 80 1099 201 870 87 277 1306 0 266 830 649 714 298 896 873 207 603 1222 669 294 90 123 1383 74 1397
1125 315 142 965 391 1739 965 954 978 259 175 319 368 954 1152 294 1578 1044 1048 400 849 1576 1068 938 884 1029 1572 314 1286 353 1057 201 91 1494 266 0 1017 837 901 123 1084 1061 204 791 1409 856 254 203 263 1571 235 1584
165 742 1016 301 665 899 107 290 137 917 915 723 713 907 310 763 737 997 107 651 445 736 221 274 219 982 732 813 446 696 1010 885 1074 653 830 1017 0 349 353 921 1037 101 830 744 569 202 788 887 920 731 855 744
457 562 835 181 484 1071 297 191 310 736 734 542 533 726 485 582 910 817 380 470 133 908 400 207 216 802 904 632 619 515 830 704 893 826 649 837 349 0 116 740 856 393 649 563 741 188 608 707 739 903 675 916
461 626 900 137 549 1075 301 147 313 801 799 607 597 791 488 647 913 881 384 535 114 912 404 163 215 866 908 697 622 580 894 769 958 829 714 901 353 116 0 805 921 397 714 628 745 192 672 771 804 907 739 920
1028 336 238 869 392 1643 869 858 881 355 271 319 309 857 1056 315 1481 947 951 378 753 1479 971 841 787 933 1475 281 1190 292 961 297 187 1397 298 123 921 740 805 0 987 964 107 694 1313 760 275 298 358 1474 324 1488
1145 809 1082 985 731 1759 985 974 997 983 982 789 780 283 1172 830 1597 58 1068 717 869 1596 1088 958 903 144 1592 879 1306 762 48 951 1141 1513 896 1084 1037 856 921 987 0 1081 896 503 1429 876 855 954 987 1591 922 1604
122 786 1060 345 709 943 151 334 181 960 959 767 757 951 267 807 781 1041 64 695 489 779 179 318 263 1026 775 856 490 740 1054 928 1118 697 873 1061 101 393 397 964 1081 0 874 788 613 246 832 931 964 774 899 788
937 378 318 778 301 1552 778 767 790 294 292 228 219 766 965 396 1390 857 861 287 662 1388 881 751 696 842 1385 190 1099 201 870 262 267 1306 207 204 830 649 714 107 896 874 0 604 1222 669 294 265 298 1384 233 1397
852 516 789 692 439 1466 692 681 704 690 689 497 487 373 879 537 1304 463 775 425 576 1303 795 665 610 448 1299 586 1013 469 476 658 848 1220 603 791 744 563 628 694 503 788 604 0 1136 583 562 661 694 1298 629 1311
368 950 1223 509 872 671 332 497 288 1124 1122 930 921 1114 216 970 509 1204 415 858 653 508 311 481 427 1190 504 1020 218 903 1218 1092 1281 425 1037 1225 384 557 560 1128 1244 428 1037 951 0 409 996 1095 1127 503 1063 516
310 582 855 150 504 924 150 139 162 756 754 562 552 746 337 602 762 836 233 490 284 761 253 123 68 821 757 652 471 535 849 724 913 678 669 856 202 188 192 760 876 246 669 583 594 0 628 727 759 756 694 769
896 337 369 737 259 1511 736 725 749 381 379 101 150 725 924 320 1349 815 819 246 621 1347 839 709 655 800 1343 277 1058 132 828 349 318 1265 294 254 788 608 672 275 855 832 294 562 1180 628 0 352 384 1342 320 1355
995 436 155 836 358 1610 835 824 848 83 54 286 276 824 1023 457 1448 914 918 345 720 1446 938 808 754 899 1442 138 1157 259 927 51 213 1364 90 203 887 707 771 298 954 931 265 661 1279 727 352 0 86 1441 59 1454
1028 469 215 868 391 1642 868 857 880 45 114 318 309 857 1055 489 1480 947 951 377 752 1479 971 841 786 932 1475 171 1189 291 960 83 273 1396 123 263 920 739 804 358 987 964 298 694 1312 759 384 86 0 1474 92 1487
895 1476 1750 1035 1399 254 859 1024 815 1650 1649 1457 1447 1641 743 1497 78 1731 941 1385 1179 502 838 1008 953 1716 498 1546 602 1429 1744 1618 1808 419 1563 1751 911 1083 1087 1654 1771 954 1564 1478 922 936 1522 1621 1654 0 1589 66
963 404 187 804 326 1578 803 792 816 88 86 254 244 792 991 425 1416 882 886 313 688 1414 906 776 722 867 1410 106 1125 227 895 56 246 1332 74 235 855 675 739 324 922 899 233 629 1247 694 320 59 92 1409 0 1422
908 1489 1763 1048 1412 267 872 1037 828 1664 1662 1470 1460 1654 756 1510 55 1744 954 1398 1192 515 851 1021 966 1729 511 1559 615 1443 1757 1631 1821 432 1576 1764 924 1096 1100 1667 1784 967 1577 1491 935 949 1535 1634 1667 66 1602 0
EOF