NAME : tsp_problem
TYPE : TSP
DIMENSION : 24
EDGE_WEIGHT_TYPE : EXPLICIT
EDGE_WEIGHT_FORMAT : FULL_MATRIX
EDGE_WEIGHT_SECTION
0 643 1085 980 1417 340 808 1463 857 1473 1395 1199 1282 1444 280 1353 673 1354 1346 1251 1282 474 1260 982
505 0 538 432 869 756 260 916 309 925 847 651 734 896 695 806 180 807 798 703 734 230 712 434
947 538 0 263 518 1198 410 564 398 573 496 209 382 545 1137 454 695 455 447 352 382 672 270 265
842 432 263 0 595 1093 304 641 292 650 572 376 459 621 1032 531 590 532 524 429 459 566 437 30
1279 869 518 595 0 1530 741 896 729 445 367 631 714 876 1469 786 1027 787 778 376 157 1003 692 597
671 812 1254 1148 1585 0 976 1632 1025 1641 1563 1367 1450 1612 469 1522 841 1523 1514 1419 1450 643 1428 1150
670 260 410 304 741 920 0 788 167 797 719 523 606 768 859 678 417 679 670 575 606 394 584 306
1325 916 564 641 896 1576 788 0 776 951 874 678 278 268 1515 348 1073 174 343 730 760 1050 739 643
719 309 398 292 729 969 167 776 0 785 707 511 594 756 909 666 467 667 658 563 594 443 572 294
1334 925 573 650 445 1585 797 951 785 0 241 687 770 932 1524 841 1082 842 834 431 309 1059 748 652
1257 847 496 572 367 1508 719 874 707 241 0 609 692 854 1447 764 1005 765 756 354 231 981 670 575
1061 651 209 376 631 1312 523 678 511 687 609 0 496 658 1251 568 809 569 560 465 496 785 169 379
1144 734 382 459 714 1394 606 278 594 770 692 496 0 223 1334 141 892 169 134 548 579 868 557 462
1306 896 545 621 876 1557 768 268 756 932 854 658 223 0 1496 107 1054 332 124 710 741 1030 719 624
735 875 1317 1212 1649 157 1039 1695 1088 1704 1627 1431 1513 1676 0 1585 905 1586 1578 1483 1513 706 1492 1214
1215 806 454 531 786 1466 678 348 666 841 764 568 141 107 1405 0 963 241 64 620 650 940 629 533
535 180 695 590 1027 786 417 1073 467 1082 1005 809 892 1054 725 963 0 964 956 861 891 230 870 592
1216 807 455 532 787 1467 679 174 667 842 765 569 169 332 1406 241 964 0 234 621 651 941 630 534
1208 798 447 524 778 1459 670 343 658 834 756 560 134 124 1398 64 956 234 0 613 643 932 621 526
1113 703 352 429 376 1364 575 730 563 431 354 465 548 710 1303 620 861 621 613 0 240 838 526 431
1144 734 382 459 157 1394 606 760 594 309 231 496 579 741 1333 650 891 651 643 240 0 868 557 461
336 230 672 566 1003 587 394 1050 443 1059 981 785 868 1030 526 940 230 941 932 838 868 0 846 568
1122 712 270 437 692 1373 584 739 572 748 670 169 557 719 1312 629 870 630 621 526 557 846 0 440
844 434 265 30 597 1095 306 643 294 652 575 379 462 624 1034 533 592 534 526 431 461 568 440 0
EOF