NAME : tsp_problem
TYPE : TSP
DIMENSION : 46
EDGE_WEIGHT_TYPE : EXPLICIT
EDGE_WEIGHT_FORMAT : FULL_MATRIX
EDGE_WEIGHT_SECTION
0 112 344 572 598 294 580 395 113 1094 383 339 273 337 662 1084 384 583 462 258 275 420 133 447 120 596 627 497 490 183 255 277 1039 942 257 283 263 266 169 201 804 783 508 577 385 330
112 0 271 661 687 382 669 322 165 1183 471 428 362 264 750 1173 311 672 389 310 364 509 60 536 172 685 716 586 579 110 182 366 1128 1031 184 371 190 193 96 254 893 871 596 665 474 419
344 271 0 893 919 615 901 71 283 1415 703 660 594 171 983 1405 59 904 181 137 596 741 249 768 275 917 948 818 811 178 125 598 1360 1263 240 603 235 125 200 194 1125 1103 829 897 706 651
572 661 893 0 960 655 942 944 662 563 744 382 452 886 230 554 933 944 1011 807 454 451 682 808 668 164 96 859 350 732 804 456 509 411 806 462 811 814 718 750 273 252 869 145 228 692
598 687 919 960 0 327 64 970 688 1482 310 727 661 912 1050 1472 959 67 1038 833 663 808 709 171 695 984 1015 243 878 758 831 665 1427 1330 832 670 838 841 744 776 1192 1170 254 965 773 718
294 382 615 655 327 0 309 666 383 1177 111 422 357 608 745 1168 655 311 733 528 358 503 404 176 390 679 711 226 574 454 526 361 1123 1025 528 366 533 536 440 472 888 866 236 660 469 414
580 669 901 942 64 309 0 953 670 1464 292 709 643 895 1032 1455 941 49 1020 815 645 790 691 154 677 966 997 225 860 740 813 647 1410 1312 815 653 820 823 727 758 1174 1153 236 947 755 701
395 322 71 944 970 666 953 0 314 1466 755 711 646 128 1034 1457 91 955 138 168 647 792 301 819 306 968 999 870 863 229 157 649 1412 1314 198 655 192 156 252 226 1176 1155 880 949 758 703
113 165 283 662 688 383 670 314 0 1184 472 429 363 391 751 1174 303 673 424 167 365 510 187 537 124 686 717 587 580 237 309 367 1129 1032 311 372 316 319 223 110 894 872 597 666 475 420
1397 1485 1717 866 1784 1480 1767 1769 1486 0 1569 1207 1277 1711 1050 509 1757 1769 1836 1631 1279 1276 1507 1633 1493 989 897 1684 1175 1557 1629 1281 464 954 1631 1286 1636 1639 1543 1575 899 872 1694 970 1052 1517
383 471 703 744 310 111 292 755 472 1266 0 511 445 697 834 1257 743 295 822 617 447 592 493 159 479 768 799 209 662 543 615 449 1212 1114 617 455 622 625 529 561 976 955 220 749 558 503
339 428 660 382 727 422 709 711 429 904 511 0 220 653 472 895 700 712 778 574 221 108 449 576 436 406 438 626 185 499 571 224 850 752 573 229 579 582 485 517 615 593 636 387 196 459
273 362 594 452 661 357 643 646 363 974 445 220 0 588 542 965 634 646 713 508 59 301 384 510 370 476 508 560 371 433 506 62 920 823 507 67 513 516 420 451 685 663 571 457 266 393
337 264 171 886 912 608 895 128 391 1408 697 653 588 0 976 1399 140 897 187 269 589 734 281 761 398 910 941 812 805 330 257 591 1354 1256 96 597 91 257 317 326 1119 1097 822 891 700 645
662 750 983 230 1050 745 1032 1034 751 747 834 472 542 976 0 737 1023 1034 1101 897 544 541 772 898 758 93 189 949 440 822 894 546 692 595 896 551 901 904 808 840 204 207 959 111 317 782
918 1007 1239 387 1306 1002 1288 1290 1008 458 1090 729 799 1232 571 0 1279 1291 1358 1153 800 797 1029 1155 1015 510 418 1205 697 1078 1151 803 404 476 1152 808 1158 1161 1064 1096 421 394 1216 491 574 1038
384 311 59 933 959 655 941 91 303 1455 743 700 634 140 1023 1445 0 944 150 157 636 781 289 808 295 957 988 858 851 218 145 638 1400 1303 209 643 204 145 241 215 1165 1143 869 938 746 691
583 672 904 944 67 311 49 955 673 1466 295 712 646 897 1034 1457 944 0 1022 818 647 793 693 156 679 968 1000 228 863 743 815 650 1412 1315 817 655 822 825 729 761 1177 1155 238 949 758 703
462 389 181 1011 1038 733 1020 138 424 1533 822 778 713 187 1101 1524 150 1022 0 278 714 859 406 886 416 1035 1067 937 930 339 267 717 1479 1381 256 722 251 266 362 336 1244 1222 947 1016 825 770
258 310 137 807 833 528 815 168 167 1329 617 574 508 269 897 1319 157 818 278 0 510 655 332 682 159 831 862 732 725 295 223 512 1274 1177 338 517 333 222 318 146 1039 1017 742 811 620 565
275 364 596 454 663 358 645 647 365 976 447 221 59 589 544 966 636 647 714 510 0 302 385 511 371 478 509 562 372 435 507 39 921 824 509 38 514 517 421 453 686 664 572 459 267 395
420 509 741 451 808 503 790 792 510 973 592 108 301 734 541 963 781 793 859 655 302 0 531 657 517 475 506 707 122 580 652 305 918 821 654 310 660 663 566 598 683 661 718 456 264 540
133 60 249 682 709 404 691 301 187 1204 493 449 384 281 772 1195 289 693 406 332 385 531 0 557 194 706 738 608 601 99 161 388 1150 1052 201 393 206 171 85 275 915 893 618 687 496 441
447 536 768 808 171 176 154 819 537 1330 159 576 510 761 898 1321 808 156 886 682 511 657 557 0 544 832 864 92 727 607 679 514 1276 1179 681 519 686 690 593 625 1041 1019 102 813 622 567
120 172 275 668 695 390 677 306 124 1190 479 436 370 398 758 1181 295 679 416 159 371 517 194 544 0 692 724 594 587 243 316 374 1136 1039 318 379 323 326 230 102 901 879 604 673 482 427
596 685 917 164 984 679 966 968 686 686 768 406 476 910 93 676 957 968 1035 831 478 475 706 832 692 0 219 883 374 756 828 480 631 534 830 486 835 838 742 774 244 247 893 151 251 716
627 716 948 96 1015 711 997 999 717 594 799 438 508 941 189 584 988 1000 1067 862 509 506 738 864 724 219 0 914 406 787 860 512 539 442 861 517 867 870 773 805 199 202 925 200 283 747
497 586 818 859 243 226 225 870 587 1381 209 626 560 812 949 1371 858 228 937 732 562 707 608 92 594 883 914 0 777 657 730 564 1326 1229 731 569 737 740 644 675 1091 1069 34 864 672 617
490 579 811 350 878 574 860 863 580 872 662 185 371 805 440 863 851 863 930 725 372 122 601 727 587 374 406 777 0 650 723 375 818 721 724 380 730 733 637 668 583 561 788 355 164 610
183 110 178 732 758 454 740 229 237 1254 543 499 433 330 822 1244 218 743 339 295 435 580 99 607 243 756 787 657 650 0 89 437 1199 1102 250 443 256 100 134 325 964 943 668 737 545 490
255 182 125 804 831 526 813 157 309 1326 615 571 506 257 894 1317 145 815 267 223 507 652 161 679 316 828 860 730 723 89 0 510 1272 1174 323 515 321 77 112 281 1037 1015 740 809 618 563
277 366 598 456 665 361 647 649 367 978 449 224 62 591 546 969 638 650 717 512 39 305 388 514 374 480 512 564 375 437 510 0 924 827 511 37 517 520 423 455 689 667 575 461 270 397
963 1052 1284 432 1351 1047 1333 1335 1053 503 1135 774 844 1277 616 69 1324 1336 1402 1198 845 842 1074 1200 1060 555 463 1250 742 1123 1196 848 0 521 1197 853 1203 1206 1109 1141 466 439 1261 536 619 1083
838 927 1159 307 1226 921 1208 1210 928 493 1010 648 718 1152 491 483 1199 1210 1277 1073 720 717 948 1074 935 430 338 1125 616 998 1070 722 438 0 1072 728 1077 1080 984 1016 340 313 1135 411 494 958
257 184 240 806 832 528 815 198 311 1328 617 573 507 96 896 1319 209 817 256 338 509 654 201 681 318 830 861 731 724 250 323 511 1274 1176 0 517 84 326 236 396 1038 1017 742 811 619 565
283 371 603 462 670 366 653 655 372 984 455 229 67 597 551 974 643 655 722 517 38 310 393 519 379 486 517 569 380 443 515 37 929 832 517 0 522 525 429 461 694 672 580 466 275 403
263 190 235 811 838 533 820 192 316 1333 622 579 513 91 901 1324 204 822 251 333 514 660 206 686 323 835 867 737 730 256 321 517 1279 1182 84 522 0 321 242 390 1044 1022 747 816 625 570
266 193 125 814 841 536 823 156 319 1336 625 582 516 257 904 1327 145 825 266 222 517 663 171 690 326 838 870 740 733 100 77 520 1282 1185 326 525 321 0 122 280 1047 1025 750 819 628 573
169 96 200 718 744 440 727 252 223 1240 529 485 420 317 808 1231 241 729 362 318 421 566 85 593 230 742 773 644 637 134 112 423 1186 1088 236 429 242 122 0 311 950 929 654 723 532 477
201 254 194 750 776 472 758 226 110 1272 561 517 451 326 840 1262 215 761 336 146 453 598 275 625 102 774 805 675 668 325 281 455 1217 1120 396 461 390 280 311 0 982 961 686 755 563 508
804 893 1125 273 1192 888 1174 1176 894 596 976 615 685 1119 204 587 1165 1177 1244 1039 686 683 915 1041 901 244 199 1091 583 964 1037 689 542 445 1038 694 1044 1047 950 982 0 50 1102 263 460 924
783 871 1103 252 1170 866 1153 1155 872 569 955 593 663 1097 207 560 1143 1155 1222 1017 664 661 893 1019 879 247 202 1069 561 943 1015 667 515 418 1017 672 1022 1025 929 961 50 0 1080 266 438 903
508 596 829 869 254 236 236 880 597 1391 220 636 571 822 959 1382 869 238 947 742 572 718 618 102 604 893 925 34 788 668 740 575 1337 1239 742 580 747 750 654 686 1102 1080 0 874 683 628
577 665 897 145 965 660 947 949 666 667 749 387 457 891 111 657 938 949 1016 811 459 456 687 813 673 151 200 864 355 737 809 461 612 515 811 466 816 819 723 755 263 266 874 0 232 697
385 474 706 228 773 469 755 758 475 749 558 196 266 700 317 740 746 758 825 620 267 264 496 622 482 251 283 672 164 545 618 270 695 598 619 275 625 628 532 563 460 438 683 232 0 505
330 419 651 692 718 414 701 703 420 1214 503 459 393 645 782 1205 691 703 770 565 395 540 441 567 427 716 747 617 610 490 563 397 1160 1046 565 403 570 573 477 508 924 903 628 697 505 0
EOF