NAME : tsp_problem
TYPE : TSP
DIMENSION : 30
EDGE_WEIGHT_TYPE : EXPLICIT
EDGE_WEIGHT_FORMAT : FULL_MATRIX
EDGE_WEIGHT_SECTION
0 1205 1551 817 1153 1752 878 1661 1415 1019 1034 1562 1444 1654 1459 1751 1648 693 1520 778 193 1541 725 1732 1198 719 1205 1028 1792 944
1025 0 513 573 251 714 368 623 377 416 431 524 406 616 421 713 610 569 482 901 1145 503 601 694 31 842 32 309 754 517
1372 513 0 919 597 222 715 787 317 762 777 688 346 297 361 221 118 916 646 1247 1492 443 948 202 506 1188 513 655 918 863
637 573 919 0 521 1119 245 1029 782 387 402 930 811 1021 826 1118 1016 181 888 513 757 908 213 1100 565 454 573 396 1160 175
973 251 597 521 0 797 316 707 460 248 229 608 490 699 504 797 694 517 566 849 1093 586 549 778 243 790 251 221 838 465
1572 714 222 1119 797 0 915 987 411 963 978 888 382 159 368 57 130 1116 846 1447 1692 285 1148 74 706 1388 713 855 1118 1063
698 368 715 245 316 915 0 824 578 182 197 725 607 817 622 914 811 242 683 573 818 704 274 895 361 514 368 191 955 189
1481 623 787 1029 707 987 824 0 650 872 887 122 679 889 694 986 884 1025 295 1357 1601 776 1057 968 616 1298 623 765 148 973
1235 377 317 782 460 411 578 650 0 626 641 551 87 385 73 410 414 779 509 1111 1355 147 811 427 369 1051 376 518 781 727
839 416 762 387 248 963 182 872 626 0 71 773 655 865 670 962 859 383 731 715 959 752 415 943 409 656 416 203 1003 331
854 431 777 402 229 978 197 887 641 71 0 788 670 880 685 977 874 398 746 730 974 767 430 958 424 671 431 183 1018 346
1382 524 688 930 608 888 725 122 551 773 788 0 580 790 595 887 785 926 196 1258 1502 677 958 869 517 1199 524 666 253 874
1264 406 346 811 490 382 607 679 87 655 670 580 0 356 44 381 443 808 538 1140 1384 118 840 398 398 1081 406 548 811 756
1474 616 297 1021 699 159 817 889 385 865 880 790 356 0 342 159 260 1018 748 1349 1594 259 1050 176 608 1290 615 757 1020 965
1279 421 361 826 504 368 622 694 73 670 685 595 44 342 0 367 457 823 553 1154 1399 104 855 384 413 1095 420 562 825 770
1571 713 221 1118 797 57 914 986 410 962 977 887 381 159 367 0 129 1115 845 1447 1691 284 1147 73 705 1388 713 855 1118 1063
1468 610 118 1016 694 130 811 884 414 859 874 785 443 260 457 129 0 1012 743 1344 1588 386 1044 111 603 1285 610 752 1015 960
513 569 916 181 517 1116 242 1025 779 383 398 926 808 1018 823 1115 1012 0 884 389 633 905 72 1096 562 330 569 392 1156 308
1340 482 646 888 566 846 683 295 509 731 746 196 538 748 553 845 743 884 0 1216 1460 635 916 827 475 1157 482 624 427 832
196 912 1259 524 860 1459 585 1368 1122 726 741 1269 1151 1361 1166 1458 1355 400 1227 0 316 1248 432 1440 905 426 912 735 1500 651
348 1039 1385 651 987 1586 712 1495 1249 853 868 1396 1278 1488 1293 1585 1482 527 1354 612 0 1375 559 1566 1032 553 1039 862 1626 778
1361 503 443 908 586 285 704 776 147 752 767 677 118 259 104 284 386 905 635 1237 1481 0 937 301 495 1178 502 644 907 853
545 601 948 213 549 1148 274 1057 811 415 430 958 840 1050 855 1147 1044 72 916 421 665 937 0 1129 594 362 601 424 1189 276
1552 694 202 1100 778 74 895 968 427 943 958 869 398 176 384 73 111 1096 827 1428 1673 301 1129 0 687 1369 694 836 1099 1044
1018 31 506 565 243 706 361 616 369 409 424 517 398 608 413 705 603 562 475 894 1138 495 594 687 0 835 33 301 747 510
264 980 1326 592 928 1526 652 1436 1189 794 809 1337 1219 1428 1233 1526 1423 468 1295 139 384 1316 500 1507 973 0 980 803 1567 719
1025 32 513 573 251 713 368 623 376 416 431 524 406 615 420 713 610 569 482 901 1145 502 601 694 33 842 0 309 754 517
848 309 655 396 221 855 191 765 518 203 183 666 548 757 562 855 752 392 624 724 968 644 424 836 301 665 309 0 896 340
1612 754 918 1160 838 1118 955 148 781 1003 1018 253 811 1020 825 1118 1015 1156 427 1488 1732 907 1189 1099 747 1429 754 896 0 1104
764 517 863 175 465 1063 189 973 727 331 346 874 756 965 770 1063 960 308 832 640 884 853 276 1044 510 581 517 340 1104 0
EOF