NAME : tsp_problem
TYPE : TSP
DIMENSION : 39
EDGE_WEIGHT_TYPE : EXPLICIT
EDGE_WEIGHT_FORMAT : FULL_MATRIX
EDGE_WEIGHT_SECTION
0 1644 944 899 1532 1879 668 402 1162 602 1780 920 1634 1708 1752 1793 1592 1577 965 785 1443 1572 1057 1634 1747 1747 437 1134 1721 1585 1699 1637 321 1807 1513 299 1580 1695 1578
1341 0 788 867 202 930 1481 1626 825 1415 831 765 76 759 195 360 643 274 809 1179 494 268 906 76 444 190 1660 797 772 412 395 80 1544 858 564 1523 407 372 405
641 788 0 166 677 1023 780 925 306 714 924 64 778 852 896 937 736 721 109 479 588 716 206 778 891 891 960 278 865 729 843 781 844 952 658 822 724 839 722
596 867 166 0 755 1102 735 880 385 669 1002 143 856 930 974 1016 814 800 188 434 666 794 276 856 970 970 915 357 944 807 921 860 799 1030 736 777 802 917 800
1230 202 677 755 0 818 1369 1514 713 1303 719 653 191 647 309 378 531 162 698 1068 383 157 795 191 332 305 1549 685 661 300 284 195 1433 747 453 1411 295 280 293
1576 930 1023 1102 818 0 1715 1861 1060 1649 155 1000 920 213 1038 1079 878 863 1044 1414 729 858 1141 919 1033 1033 1895 1032 547 871 984 923 1779 189 799 1758 866 981 864
469 1166 466 421 1055 1401 0 754 684 542 1302 442 1156 1230 1274 1315 1114 1099 487 307 966 1094 579 1156 1269 1269 788 656 1243 1107 1221 1159 672 1330 1036 650 1102 1217 1100
482 1567 867 822 1456 1802 585 0 1085 519 1703 843 1557 1631 1675 1716 1515 1500 888 708 1367 1495 980 1557 1670 1670 353 1057 1645 1508 1622 1560 112 1731 1437 146 1503 1618 1501
859 825 306 385 713 1060 999 1144 0 933 960 283 814 889 933 974 773 758 327 697 624 753 424 814 928 928 1178 56 902 765 879 818 1063 988 694 1041 760 876 758
536 1233 533 488 1121 1468 250 820 751 0 1369 509 1223 1297 1341 1382 1181 1166 554 374 1032 1161 646 1222 1336 1336 855 723 1310 1174 1288 1226 739 1396 1102 717 1169 1284 1167
1477 831 924 1002 719 155 1616 1761 960 1550 0 900 820 114 938 980 779 764 945 1315 630 758 1042 820 934 934 1796 933 448 771 885 824 1680 89 700 1658 766 881 764
617 765 64 143 653 1000 757 902 283 691 900 0 754 828 872 914 712 697 86 455 564 692 182 754 868 868 937 255 842 705 819 758 821 928 634 799 700 815 698
1331 76 778 856 191 920 1470 1615 814 1404 820 754 0 748 184 350 633 263 799 1169 484 258 896 66 433 179 1650 787 762 402 385 70 1534 848 554 1512 397 361 395
1405 759 852 930 647 213 1544 1689 889 1478 114 828 748 0 867 908 707 692 873 1243 558 686 970 748 862 862 1724 861 376 699 813 752 1608 142 628 1586 694 810 692
1449 195 896 974 309 1038 1588 1733 933 1522 938 872 184 867 0 224 751 344 917 1287 602 339 1014 184 394 53 1768 905 880 276 345 188 1652 966 672 1630 271 235 269
1490 360 937 1016 378 1079 1630 1775 974 1564 980 914 350 908 224 0 792 295 959 1328 644 290 1055 350 196 219 1810 946 921 441 148 354 1694 1008 714 1672 436 275 434
1289 643 736 814 531 878 1428 1574 773 1362 779 712 633 707 751 792 0 576 757 1127 262 571 854 632 746 746 1608 745 720 583 697 636 1492 806 120 1471 578 694 576
1274 274 721 800 162 863 1413 1559 758 1347 764 697 263 692 344 295 576 0 742 1112 427 46 839 263 249 339 1593 730 705 345 200 267 1477 791 497 1456 340 169 338
662 809 109 188 698 1044 802 947 327 736 945 86 799 873 917 959 757 742 0 500 609 737 210 799 912 912 981 300 887 750 864 803 865 973 679 844 745 860 743
220 1331 631 585 1219 1566 359 505 849 293 1466 607 1320 1395 1439 1480 1279 1264 652 0 1130 1259 744 1320 1434 1434 539 821 1408 1271 1385 1324 423 1494 1200 401 1266 1382 1264
1141 494 588 666 383 729 1280 1425 624 1214 630 564 484 558 602 644 262 427 609 979 0 422 706 484 597 597 1460 596 572 435 549 487 1344 658 184 1322 430 545 428
1269 268 716 794 157 858 1408 1553 753 1342 758 692 258 686 339 290 571 46 737 1107 422 0 834 258 244 334 1588 725 700 340 195 262 1472 786 492 1450 335 164 333
754 906 206 276 795 1141 893 1039 424 827 1042 182 896 970 1014 1055 854 839 210 592 706 834 0 896 1009 1009 1073 397 984 847 961 899 957 1070 776 936 842 957 840
1331 76 778 856 191 919 1470 1615 814 1404 820 754 66 748 184 350 632 263 799 1169 484 258 896 0 433 179 1650 787 762 402 385 69 1534 848 554 1512 397 361 395
1444 444 891 970 332 1033 1584 1729 928 1518 934 868 433 862 394 196 746 249 912 1282 597 244 1009 433 0 389 1763 900 875 515 102 437 1648 961 667 1626 510 367 508
1444 190 891 970 305 1033 1584 1729 928 1518 934 868 179 862 53 219 746 339 912 1282 597 334 1009 179 389 0 1763 900 875 271 340 183 1648 961 667 1626 266 230 264
182 1268 568 523 1157 1503 286 467 786 220 1404 544 1258 1332 1376 1417 1216 1201 589 409 1067 1196 681 1258 1371 1371 0 758 1345 1209 1323 1261 386 1431 1138 364 1204 1319 1202
831 797 278 357 685 1032 971 1116 56 905 933 255 787 861 905 946 745 730 300 669 596 725 397 787 900 900 1151 0 874 738 852 790 1035 960 666 1013 733 848 731
1418 772 865 944 661 547 1558 1703 902 1492 448 842 762 376 880 921 720 705 887 1256 572 700 984 762 875 875 1738 874 0 713 827 765 1622 475 642 1600 708 823 706
1282 412 729 807 300 871 1421 1566 765 1355 771 705 402 699 276 441 583 345 750 1120 435 340 847 402 515 271 1601 738 713 0 467 405 1485 799 505 1463 94 453 92
1396 395 843 921 284 984 1535 1680 879 1469 885 819 385 813 345 148 697 200 864 1234 549 195 961 385 102 340 1715 852 827 467 0 388 1599 913 619 1577 462 318 460
1334 80 781 860 195 923 1474 1619 818 1408 824 758 70 752 188 354 636 267 803 1172 487 262 899 69 437 183 1654 790 765 405 388 0 1538 851 558 1516 400 365 398
400 1486 786 741 1374 1721 504 112 1004 438 1622 762 1476 1550 1594 1635 1434 1419 807 627 1285 1414 899 1476 1589 1589 272 976 1563 1427 1541 1479 0 1649 1355 65 1422 1537 1420
1505 858 952 1030 747 189 1644 1789 988 1578 89 928 848 142 966 1008 806 791 973 1343 658 786 1070 848 961 961 1824 960 475 799 913 851 1708 0 728 1686 794 909 792
1211 564 658 736 453 799 1350 1495 694 1284 700 634 554 628 672 714 120 497 679 1049 184 492 776 554 667 667 1530 666 642 505 619 558 1414 728 0 1392 500 615 498
378 1464 764 719 1353 1699 482 146 982 416 1600 740 1454 1528 1572 1613 1412 1397 785 605 1264 1392 877 1454 1567 1567 250 954 1541 1405 1519 1457 65 1628 1334 0 1400 1515 1398
1277 407 724 802 295 866 1416 1561 760 1350 766 700 397 694 271 436 578 340 745 1115 430 335 842 397 510 266 1596 733 708 94 462 400 1480 794 500 1458 0 448 87
1392 372 839 917 280 981 1531 1676 876 1465 881 815 361 810 235 275 694 169 860 1230 545 164 957 361 367 230 1711 848 823 453 318 365 1595 909 615 1573 448 0 446
1275 405 722 800 293 864 1414 1559 758 1348 764 698 395 692 269 434 576 338 743 1113 428 333 840 395 508 264 1594 731 706 92 460 398 1478 792 498 1456 87 446 0
EOF
