NAME : tsp_problem
TYPE : TSP
DIMENSION : 70
EDGE_WEIGHT_TYPE : EXPLICIT
EDGE_WEIGHT_FORMAT : FULL_MATRIX
EDGE_WEIGHT_SECTION
0 622 1343 561 952 976 600 728 532 587 1216 898 122 805 558 762 368 1366 643 638 536 703 277 776 1687 610 361 1004 249 272 1309 322 651 311 77 1337 256 110 380 225 1340 1465 307 941 957 807 809 320 84 295 631 283 685 309 871 1635 571 891 130 200 904 237 198 943 968 544 504 521 1661 317
622 0 806 102 415 439 503 632 253 172 680 801 517 708 279 665 671 829 69 74 440 607 368 238 1150 514 619 467 555 635 772 715 203 569 589 800 782 621 679 682 804 928 498 844 421 711 272 578 563 622 534 410 81 567 774 1098 475 354 660 605 368 495 720 407 432 118 408 242 1125 600
1645 1109 0 1126 782 944 1527 1655 1276 1196 969 1825 1540 1732 1302 1689 1694 532 1130 1125 1464 1630 1392 1086 441 1537 1642 835 1579 1658 500 1739 1260 1593 1613 69 1806 1645 1703 1706 74 219 1521 1868 788 1735 943 1602 1587 1645 1558 1433 1172 1591 1798 389 1498 842 1683 1629 855 1519 1743 985 799 1142 1432 1266 416 1623
561 102 823 0 432 456 442 571 192 111 696 740 455 647 218 604 609 846 124 118 379 546 307 256 1167 453 557 484 494 573 789 654 175 508 528 817 721 560 618 621 821 945 436 783 437 650 289 517 502 561 473 349 165 506 713 1115 414 371 598 544 385 434 658 423 448 68 347 181 1141 539
952 415 479 432 0 191 833 962 582 502 353 1131 846 1038 609 995 1000 503 437 431 770 937 698 392 823 843 948 123 885 964 446 1045 566 899 919 474 1112 951 1009 1012 477 601 827 1174 76 1041 249 908 893 952 864 740 478 897 1104 772 805 148 989 935 161 825 1049 232 88 448 738 572 798 930
976 439 641 456 191 0 857 986 607 526 515 1155 871 1062 633 1019 1024 664 461 455 794 961 722 416 985 868 972 139 909 988 607 1069 590 923 943 635 1136 975 1033 1036 639 763 851 1198 185 1065 201 932 917 976 888 764 502 921 1128 933 829 124 1013 959 110 849 1073 62 175 472 762 596 960 954
600 503 1224 442 833 857 0 302 413 468 1097 471 494 378 439 335 648 1247 525 519 418 277 346 657 1568 184 596 885 533 612 1190 693 533 547 567 1218 760 599 657 660 1222 1346 475 514 838 381 690 556 541 600 512 388 566 545 444 1516 75 772 637 583 786 473 697 825 850 426 386 403 1543 578
728 632 1353 571 962 986 302 0 542 597 1226 192 623 173 568 56 777 1376 653 648 546 47 474 786 1697 160 725 1014 662 741 1319 822 661 676 696 1347 889 728 785 788 1350 1475 604 253 967 101 819 684 669 728 641 516 695 674 165 1645 274 901 766 712 914 601 826 953 978 554 514 531 1671 706
532 253 974 192 582 607 413 542 0 218 847 711 426 618 51 575 580 997 274 269 350 516 278 407 1318 423 528 635 465 544 940 625 282 479 499 968 692 531 589 592 971 1095 407 754 588 621 440 488 473 532 444 320 316 477 684 1266 385 522 569 515 535 405 629 574 599 175 318 30 1292 510
587 172 893 111 502 526 468 597 218 0 767 766 482 674 244 630 636 916 194 188 405 572 333 281 1237 479 584 554 521 600 859 681 99 534 554 887 747 586 644 647 891 1015 463 809 508 676 359 543 528 587 500 375 197 532 740 1185 440 441 625 570 455 460 685 494 519 95 373 208 1212 565
1073 536 468 553 209 371 954 1083 703 623 0 1252 967 1159 730 1116 1121 491 557 552 891 1057 819 513 812 964 1069 262 1006 1085 434 1166 687 1020 1040 462 1233 1072 1130 1133 466 590 948 1295 215 1162 370 1029 1014 1072 985 860 599 1018 1225 760 926 269 1110 1056 282 946 1170 412 226 569 859 693 787 1051
898 801 1522 740 1131 1155 471 192 711 766 1396 0 793 220 737 161 946 1545 823 817 716 217 644 955 1866 329 894 1183 831 910 1488 991 831 845 865 1516 1058 897 955 958 1520 1644 773 82 1137 107 988 854 839 898 810 686 864 843 146 1814 443 1070 935 881 1084 771 995 1123 1148 724 684 701 1841 876
122 517 1237 455 846 871 494 623 426 482 1111 793 0 700 453 657 307 1261 538 533 431 598 172 671 1582 505 255 899 323 272 1204 352 546 206 89 1232 361 121 316 319 1235 1359 265 835 852 702 704 215 96 259 526 177 580 204 766 1530 466 785 160 305 799 132 303 838 863 439 399 416 1556 237
805 708 1429 647 1038 1062 378 173 618 674 1303 220 700 0 644 206 854 1452 730 725 623 148 551 863 1773 236 802 1091 738 818 1395 898 738 752 772 1423 965 804 862 865 1427 1551 681 155 1044 252 895 761 746 805 717 593 772 750 315 1721 350 977 843 788 991 678 903 1030 1055 631 591 608 1748 783
558 279 1000 218 609 633 439 568 51 244 873 737 453 644 0 601 606 1023 300 295 376 543 304 433 1344 450 554 661 491 570 966 651 308 505 525 994 718 557 615 618 997 1122 433 780 614 647 466 514 499 558 470 346 342 503 710 1292 411 548 595 541 561 431 655 600 625 201 344 56 1318 536
762 665 1386 604 995 1019 335 56 575 630 1260 161 657 206 601 0 810 1409 687 681 580 81 508 819 1730 193 758 1047 695 774 1352 855 695 709 729 1380 922 761 819 822 1384 1508 637 222 1001 70 852 718 703 762 674 550 728 707 134 1678 307 934 799 745 948 635 859 987 1012 588 548 565 1705 740
368 671 1391 609 1000 1024 648 777 580 636 1265 946 307 854 606 810 0 1414 692 687 585 752 326 825 1735 659 114 1053 449 298 1357 71 700 232 380 1386 138 378 57 299 1389 1513 419 989 1006 856 857 241 354 285 680 331 734 230 919 1683 620 939 330 400 953 222 271 992 1017 593 553 570 1710 263
1184 648 465 664 321 483 1066 1194 815 735 508 1364 1079 1271 841 1228 1233 0 669 664 1002 1169 930 625 809 1076 1181 373 1118 1197 431 1278 799 1132 1151 459 1345 1184 1241 1244 463 587 1060 1407 327 1273 481 1140 1125 1184 1097 972 711 1130 1337 757 1037 380 1222 1168 394 1057 1282 524 338 681 970 805 784 1162
643 69 828 124 437 461 525 653 274 194 701 823 538 730 300 687 692 851 0 53 462 628 390 217 1172 535 640 489 577 656 794 737 182 591 611 822 804 643 701 704 825 949 519 866 442 733 294 600 585 643 556 431 60 589 796 1120 496 376 681 627 389 517 741 428 453 140 430 264 1146 621
638 74 822 118 431 455 519 648 269 188 696 817 533 725 295 681 687 845 53 0 456 623 384 222 1166 530 635 484 572 651 788 732 187 585 605 816 798 638 695 698 820 944 514 860 437 727 288 594 579 638 551 426 65 583 791 1114 491 370 676 621 384 511 736 423 448 135 424 259 1141 616
536 440 1161 379 770 794 418 546 350 405 1034 716 431 623 376 580 585 1184 462 456 0 521 282 594 1505 428 533 822 470 549 1127 630 469 484 504 1155 697 536 594 597 1159 1283 412 759 775 626 627 493 478 536 144 324 503 482 689 1453 389 709 574 520 723 410 634 761 786 362 142 339 1479 514
703 607 1328 546 937 961 277 47 516 572 1201 217 598 148 543 81 752 1351 628 623 521 0 449 761 1672 135 700 989 637 716 1294 797 636 651 670 1322 864 703 760 763 1325 1449 579 278 942 126 794 659 644 703 616 491 670 649 190 1620 248 876 741 687 889 576 801 928 953 529 489 506 1646 681
277 368 1089 307 698 722 346 474 278 333 962 644 172 551 304 508 326 1112 390 384 282 449 0 522 1433 356 274 750 211 290 1055 371 397 224 244 1083 437 276 334 337 1086 1211 153 687 703 553 555 233 218 277 377 65 431 222 617 1381 317 637 315 260 650 150 375 689 714 290 250 267 1407 255
776 238 783 256 392 416 657 786 407 281 657 955 671 863 433 819 825 806 217 222 594 761 522 0 1127 668 773 444 709 789 749 869 224 723 743 777 936 775 833 836 781 905 652 998 398 865 249 732 717 776 689 564 175 721 928 1075 629 331 814 759 345 649 874 384 409 272 562 396 1102 754
1628 1092 521 1108 765 927 1510 1638 1259 1179 952 1808 1523 1715 1285 1672 1677 508 1113 1108 1446 1613 1374 1069 0 1520 1625 817 1562 1641 487 1722 1243 1576 1596 515 1789 1628 1685 1688 518 643 1504 1851 771 1717 925 1584 1569 1628 1541 1416 1155 1574 1781 365 1481 824 1666 1612 838 1501 1726 968 782 1125 1414 1249 392 1606
610 514 1235 453 843 868 184 160 423 479 1108 329 505 236 450 193 659 1258 535 530 428 135 356 668 1579 0 607 896 544 623 1201 704 543 558 577 1229 771 610 667 670 1232 1356 486 372 849 239 701 566 551 610 523 398 577 556 302 1527 155 782 648 594 796 483 708 835 860 436 396 413 1553 588
361 619 1339 557 948 972 596 725 528 584 1213 894 255 802 554 758 114 1362 640 635 533 700 274 773 1683 607 0 1001 425 246 1305 159 648 180 328 1334 226 360 123 293 1337 1461 367 937 954 804 805 189 302 233 628 279 682 178 867 1631 568 887 398 475 901 170 331 940 965 541 501 518 1658 211
1004 467 532 484 123 139 885 1014 635 554 405 1183 899 1091 661 1047 1053 555 489 484 822 989 750 444 876 896 1001 0 938 1017 498 1098 619 951 971 526 1164 1003 1061 1064 530 654 880 1226 129 1093 301 960 945 1004 917 792 530 949 1156 824 857 200 1042 987 214 877 1102 180 140 500 790 625 850 982
249 555 1276 494 885 909 533 662 465 521 1150 831 323 738 491 695 449 1299 577 572 470 637 211 709 1620 544 425 938 0 353 1242 403 585 376 282 1270 337 259 461 306 1274 1398 79 874 891 741 742 384 316 376 564 173 618 374 804 1568 505 824 211 148 838 301 278 877 902 478 438 455 1595 398
272 635 1355 573 964 988 612 741 544 600 1229 910 272 818 570 774 298 1379 656 651 549 716 290 789 1699 623 246 1017 353 0 1322 300 664 90 305 1350 234 282 306 64 1353 1477 383 953 970 820 822 92 318 48 644 295 698 102 884 1648 584 903 235 304 917 186 101 956 981 557 517 534 1674 70
1638 1101 90 1118 775 936 1519 1648 1269 1188 962 1817 1533 1724 1295 1681 1686 524 1123 1117 1456 1623 1384 1078 434 1530 1634 827 1571 1651 0 1731 1252 1585 1605 84 1798 1637 1695 1698 87 211 1514 1860 780 1727 935 1594 1579 1638 1550 1426 1164 1583 1790 382 1491 834 1676 1621 848 1511 1736 977 791 1134 1424 1258 408 1616
322 715 1436 654 1045 1069 693 822 625 681 1310 991 352 898 651 855 71 1459 737 732 630 797 371 869 1780 704 159 1098 403 300 1402 0 745 277 355 1430 92 332 84 253 1434 1558 461 1034 1051 901 902 286 389 323 724 376 778 275 964 1728 665 984 284 354 998 267 225 1037 1062 638 598 615 1755 308
651 203 957 175 566 590 533 661 282 99 831 831 546 738 308 695 700 981 182 187 469 636 397 224 1301 543 648 619 585 664 923 745 0 599 619 952 812 651 709 712 955 1079 527 874 572 740 423 608 593 651 564 439 141 597 804 1249 504 505 689 635 519 525 749 558 583 159 437 272 1276 629
311 569 1290 508 899 923 547 676 479 534 1164 845 206 752 505 709 232 1313 591 585 484 651 224 723 1634 558 180 951 376 90 1256 277 599 0 279 1284 299 311 241 129 1288 1412 318 888 905 755 756 112 253 113 578 230 632 102 818 1582 519 838 300 370 852 121 166 891 916 492 452 469 1609 134
77 589 1310 528 919 943 567 696 499 554 1183 865 89 772 525 729 380 1333 611 605 504 670 244 743 1654 577 328 971 282 305 1276 355 619 279 0 1304 289 77 388 258 1308 1432 338 908 924 775 776 287 51 328 598 250 652 277 838 1602 539 858 115 233 872 204 230 911 935 512 472 488 1629 309
1640 1103 69 1120 776 938 1521 1650 1271 1190 963 1819 1535 1726 1297 1683 1688 526 1125 1119 1458 1625 1386 1080 436 1532 1636 829 1573 1652 494 1733 1254 1587 1607 0 1800 1639 1697 1700 82 213 1515 1862 782 1729 937 1596 1581 1640 1552 1428 1166 1585 1792 384 1493 836 1677 1623 849 1513 1737 979 793 1136 1426 1260 410 1618
256 782 1503 721 1112 1136 760 889 692 747 1377 1058 361 965 718 922 138 1526 804 798 697 864 437 936 1847 771 226 1164 337 234 1469 92 812 299 289 1497 0 266 151 187 1501 1625 395 1101 1118 968 969 301 323 257 791 443 845 312 1031 1795 732 1051 218 288 1065 333 159 1104 1129 705 665 682 1822 279
110 621 1342 560 951 975 599 728 531 586 1216 897 121 804 557 761 378 1365 643 638 536 703 276 775 1686 610 360 1003 259 282 1308 332 651 311 77 1336 266 0 391 235 1340 1464 317 940 957 807 808 320 84 306 630 282 684 309 870 1634 571 890 141 210 904 237 208 943 968 544 504 521 1661 327
380 679 1400 618 1009 1033 657 785 589 644 1273 955 316 862 615 819 57 1423 701 695 594 760 334 833 1744 667 123 1061 461 306 1366 84 709 241 388 1394 151 391 0 312 1398 1522 428 998 1014 865 866 250 362 293 688 340 742 239 928 1692 628 948 343 412 962 230 284 1000 1025 601 562 578 1718 271
225 682 1403 621 1012 1036 660 788 592 647 1276 958 319 865 618 822 299 1426 704 698 597 763 337 836 1747 670 293 1064 306 64 1369 253 712 129 258 1397 187 235 312 0 1401 1525 364 1001 1017 868 869 130 293 87 691 343 745 141 931 1695 631 951 187 257 965 233 129 1003 1028 604 565 581 1721 109
1643 1107 74 1123 780 942 1525 1653 1274 1194 967 1823 1538 1730 1300 1687 1692 530 1128 1123 1461 1628 1389 1084 439 1535 1640 832 1577 1656 498 1737 1258 1591 1610 82 1804 1643 1700 1703 0 217 1519 1866 786 1732 940 1599 1584 1643 1556 1431 1170 1589 1796 387 1496 839 1681 1627 853 1516 1741 983 797 1140 1429 1264 414 1621
1520 983 408 1000 657 818 1401 1530 1151 1070 844 1699 1415 1607 1177 1563 1569 406 1005 1000 1338 1505 1266 960 316 1412 1517 709 1453 1533 374 1613 1135 1467 1487 402 1680 1519 1577 1580 406 0 1396 1742 662 1609 817 1476 1461 1520 1433 1308 1046 1465 1672 264 1373 716 1558 1503 730 1393 1618 859 673 1016 1306 1140 290 1498
307 498 1218 436 827 851 475 604 407 463 1092 773 265 681 433 637 419 1242 519 514 412 579 153 652 1562 486 367 880 79 383 1184 461 527 318 338 1213 395 317 428 364 1216 1340 0 816 833 683 684 327 312 370 507 131 561 316 747 1510 447 766 269 129 780 244 336 819 844 420 380 397 1537 348
941 844 1565 783 1174 1198 514 253 754 809 1439 82 835 155 780 222 989 1588 866 860 759 278 687 998 1909 372 937 1226 874 953 1531 1034 874 888 908 1559 1101 940 998 1001 1563 1687 816 0 1179 168 1031 897 882 941 853 729 907 886 207 1857 486 1113 978 924 1127 814 1038 1166 1191 767 727 744 1884 919
957 421 485 437 76 185 838 967 588 508 358 1137 852 1044 614 1001 1006 508 442 437 775 942 703 398 829 849 954 129 891 970 451 1051 572 905 924 479 1118 957 1014 1017 483 607 833 1179 0 1046 254 913 898 957 870 745 484 902 1110 777 810 153 995 941 167 830 1055 226 93 454 743 578 804 935
807 711 1432 650 1041 1065 381 101 621 676 1305 107 702 252 647 70 856 1455 733 727 626 126 553 865 1776 239 804 1093 741 820 1398 901 740 755 775 1426 968 807 865 868 1430 1554 683 168 1046 0 898 764 749 807 720 595 774 753 81 1724 353 980 845 791 994 681 905 1032 1057 633 594 610 1750 785
809 272 640 289 249 201 690 819 440 359 513 988 704 895 466 852 857 663 294 288 627 794 555 249 984 701 805 301 742 822 606 902 423 756 776 634 969 808 866 869 637 762 684 1031 254 898 0 765 750 809 721 597 335 754 961 932 662 188 846 792 201 682 906 160 265 305 595 429 958 787
320 578 1299 517 908 932 556 684 488 543 1172 854 215 761 514 718 241 1322 600 594 493 659 233 732 1643 566 189 960 384 92 1265 286 608 112 287 1293 301 320 250 130 1297 1421 327 897 913 764 765 0 261 115 587 239 641 110 827 1591 527 847 301 371 861 129 168 899 924 500 461 477 1617 137
84 563 1284 502 893 917 541 669 473 528 1157 839 96 746 499 703 354 1307 585 579 478 644 218 717 1628 551 302 945 316 318 1250 389 593 253 51 1278 323 84 362 293 1282 1406 312 882 898 749 750 261 0 305 572 224 626 251 812 1576 512 832 122 267 846 178 265 884 909 485 446 462 1602 283
295 622 1343 561 952 976 600 728 532 587 1216 898 259 805 558 762 285 1366 643 638 536 703 277 776 1687 610 233 1004 376 48 1309 323 651 113 328 1337 257 306 293 87 1340 1464 370 941 957 807 809 115 305 0 631 283 685 125 871 1635 571 891 258 327 904 173 124 943 968 544 504 521 1661 93
631 534 1255 473 864 888 512 641 444 500 1016 810 526 717 470 674 680 1278 556 551 144 616 377 689 1599 523 628 917 564 644 1221 724 564 578 598 1249 791 630 688 691 1253 1377 507 853 870 720 721 587 572 631 0 419 598 576 783 1547 484 803 669 614 817 504 729 856 881 457 237 434 1574 609
283 410 1131 349 740 764 388 516 320 375 1004 686 177 593 346 550 331 1154 431 426 324 491 65 564 1475 398 279 792 173 295 1097 376 439 230 250 1125 443 282 340 343 1128 1252 131 729 745 595 597 239 224 283 419 0 473 228 659 1423 359 679 320 223 692 156 380 731 756 332 292 309 1449 261
685 81 869 165 478 502 566 695 316 197 743 864 580 772 342 728 734 892 60 65 503 670 431 175 1213 577 682 530 618 698 835 778 141 632 652 863 845 684 742 745 867 991 561 907 484 774 335 641 626 685 598 473 0 630 837 1161 538 417 723 668 431 558 783 470 495 181 471 305 1188 663
309 567 1288 506 897 921 545 674 477 532 1162 843 204 750 503 707 230 1311 589 583 482 649 222 721 1632 556 178 949 374 102 1254 275 597 102 277 1282 312 309 239 141 1286 1410 316 886 902 753 754 110 251 125 576 228 630 0 816 1580 517 836 312 382 850 118 179 889 914 490 450 467 1607 132
871 774 1495 713 1104 1128 444 165 684 740 1369 146 766 315 710 134 919 1518 796 791 689 190 617 928 1839 302 867 1156 804 884 1461 964 804 818 838 1489 1031 870 928 931 1493 1617 747 207 1110 81 961 827 812 871 783 659 837 816 0 1787 416 1043 909 854 1057 744 969 1096 1121 697 657 674 1814 849
1308 772 201 788 445 607 1189 1318 939 859 632 1488 1203 1395 965 1352 1357 188 793 788 1126 1293 1054 749 545 1200 1305 497 1242 1321 167 1402 923 1256 1275 195 1469 1308 1365 1368 198 322 1184 1531 450 1397 605 1264 1249 1308 1221 1096 835 1254 1461 0 1161 504 1346 1292 518 1181 1406 647 462 805 1094 929 72 1286
571 475 1196 414 805 829 75 274 385 440 1069 443 466 350 411 307 620 1219 496 491 389 248 317 629 1540 155 568 857 505 584 1162 665 504 519 539 1190 732 571 628 631 1193 1318 447 486 810 353 662 527 512 571 484 359 538 517 416 1488 0 744 609 555 757 444 669 796 821 397 357 374 1514 549
891 354 539 371 148 124 772 901 522 441 412 1070 785 977 548 934 939 562 376 370 709 876 637 331 883 782 887 200 824 903 505 984 505 838 858 533 1051 890 948 951 536 661 766 1113 153 980 188 847 832 891 803 679 417 836 1043 831 744 0 928 874 82 764 988 165 164 387 677 511 857 869
130 660 1380 598 989 1013 637 766 569 625 1254 935 160 843 595 799 330 1404 681 676 574 741 315 814 1724 648 398 1042 211 235 1346 284 689 300 115 1375 218 141 343 187 1378 1502 269 978 995 845 846 301 122 258 669 320 723 312 909 1672 609 928 0 162 942 275 160 981 1006 582 542 559 1699 280
200 605 1326 544 935 959 583 712 515 570 1200 881 305 788 541 745 400 1349 627 621 520 687 260 759 1670 594 475 987 148 304 1292 354 635 370 233 1320 288 210 412 257 1324 1448 129 924 941 791 792 371 267 327 614 223 668 382 854 1618 555 874 162 0 888 351 230 927 952 528 488 505 1645 349
904 368 552 385 161 110 786 914 535 455 426 1084 799 991 561 948 953 576 389 384 723 889 650 345 897 796 901 214 838 917 519 998 519 852 872 547 1065 904 962 965 550 674 780 1127 167 994 201 861 846 904 817 692 431 850 1057 845 757 82 942 888 0 778 1002 151 178 401 691 525 871 882
237 495 1216 434 825 849 473 601 405 460 1089 771 132 678 431 635 222 1239 517 511 410 576 150 649 1560 483 170 877 301 186 1182 267 525 121 204 1210 333 237 230 233 1214 1338 244 814 830 681 682 129 178 173 504 156 558 118 744 1508 444 764 275 351 778 0 271 816 841 417 378 394 1534 151
198 720 1440 658 1049 1073 697 826 629 685 1314 995 303 903 655 859 271 1464 741 736 634 801 375 874 1784 708 331 1102 278 101 1406 225 749 166 230 1435 159 208 284 129 1438 1562 336 1038 1055 905 906 168 265 124 729 380 783 179 969 1732 669 988 160 230 1002 271 0 1041 1066 642 602 619 1759 146
943 407 682 423 232 62 825 953 574 494 555 1123 838 1030 600 987 992 705 428 423 761 928 689 384 1026 835 940 180 877 956 648 1037 558 891 911 676 1104 943 1000 1003 680 804 819 1166 226 1032 160 899 884 943 856 731 470 889 1096 974 796 165 981 927 151 816 1041 0 215 440 729 564 1001 921
968 432 496 448 88 175 850 978 599 519 370 1148 863 1055 625 1012 1017 519 453 448 786 953 714 409 840 860 965 140 902 981 462 1062 583 916 935 490 1129 968 1025 1028 494 618 844 1191 93 1057 265 924 909 968 881 756 495 914 1121 788 821 164 1006 952 178 841 1066 215 0 465 754 589 815 946
544 118 839 68 448 472 426 554 175 95 713 724 439 631 201 588 593 862 140 135 362 529 290 272 1183 436 541 500 478 557 805 638 159 492 512 833 705 544 601 604 837 961 420 767 454 633 305 500 485 544 457 332 181 490 697 1131 397 387 582 528 401 417 642 440 465 0 330 165 1158 522
504 408 1129 347 738 762 386 514 318 373 1002 684 399 591 344 548 553 1152 430 424 142 489 250 562 1473 396 501 790 438 517 1095 598 437 452 472 1123 665 504 562 565 1127 1251 380 727 743 594 595 461 446 504 237 292 471 450 657 1421 357 677 542 488 691 378 602 729 754 330 0 307 1447 482
521 242 963 181 572 596 403 531 30 208 837 701 416 608 56 565 570 986 264 259 339 506 267 396 1307 413 518 625 455 534 929 615 272 469 488 957 682 521 578 581 961 1085 397 744 578 610 429 477 462 521 434 309 305 467 674 1255 374 511 559 505 525 394 619 564 589 165 307 0 1282 499
1335 798 227 815 471 633 1216 1345 966 885 658 1514 1229 1421 992 1378 1383 214 820 814 1153 1320 1081 775 571 1227 1331 524 1268 1347 193 1428 949 1282 1302 221 1495 1334 1392 1395 225 349 1210 1557 477 1424 632 1291 1276 1335 1247 1123 861 1280 1487 72 1188 531 1372 1318 544 1208 1432 674 488 831 1121 955 0 1313
317 600 1321 539 930 954 578 706 510 565 1194 876 237 783 536 740 263 1344 621 616 514 681 255 754 1665 588 211 982 398 70 1287 308 629 134 309 1315 279 327 271 109 1318 1443 348 919 935 785 787 137 283 93 609 261 663 132 849 1613 549 869 280 349 882 151 146 921 946 522 482 499 1639 0
EOF