NAME : tsp_problem
TYPE : TSP
DIMENSION : 28
EDGE_WEIGHT_TYPE : EXPLICIT
EDGE_WEIGHT_FORMAT : FULL_MATRIX
EDGE_WEIGHT_SECTION
0 452 401 522 1751 1038 1665 1459 861 1455 1629 1694 626 331 1091 1442 547 106 1147 1537 985 1547 1661 1564 1027 1500 1547 1442
250 0 462 146 1815 1103 1729 1524 926 1519 1694 1758 691 402 1156 1507 611 177 1212 1601 1050 1612 1725 1628 1092 1564 1611 1507
322 148 0 218 1887 1175 1801 1595 998 1591 1766 1830 762 474 1228 1579 683 249 1283 1673 1122 1684 1797 1700 1164 1636 1683 1579
195 458 407 0 1760 1048 1674 1469 871 1464 1639 1703 636 347 1101 1452 556 122 1157 1546 995 1557 1670 1574 1037 1510 1556 1452
1809 1635 1584 1705 0 808 1116 910 930 343 220 96 1420 1550 861 340 1361 1736 780 988 938 998 1112 220 764 273 236 365
1097 923 872 993 808 0 722 516 218 512 686 751 708 838 131 500 649 1024 204 594 225 604 718 621 85 557 604 500
1723 1549 1498 1619 1116 722 0 364 844 820 994 1059 1334 1464 775 807 1275 1650 694 441 852 452 284 929 678 865 912 807
1517 1344 1293 1413 910 516 364 0 639 614 789 853 1129 1258 569 602 1069 1444 489 123 646 134 360 723 472 659 706 602
920 746 695 816 930 218 844 639 0 634 809 873 531 661 271 622 472 847 327 716 165 727 840 743 207 680 726 622
1513 1339 1288 1409 343 512 820 614 634 0 437 314 1124 1254 565 304 1065 1440 485 692 642 702 816 310 468 363 200 374
1688 1514 1463 1584 220 686 994 789 809 437 0 163 1299 1428 739 418 1239 1615 659 866 816 877 990 315 643 348 330 244
1752 1578 1527 1648 96 751 1059 853 873 314 163 0 1363 1493 804 311 1304 1679 723 931 881 941 1055 191 707 245 207 308
443 270 219 339 1593 881 1507 1301 704 1297 1472 1536 0 184 933 1285 389 370 989 1379 827 1389 1503 1406 870 1342 1389 1285
377 204 153 273 1502 790 1416 1210 613 1206 1381 1445 377 0 843 1194 298 304 898 1288 737 1299 1412 1315 779 1251 1298 1194
1150 976 925 1046 861 131 775 569 271 565 739 804 761 890 0 552 701 1077 257 647 207 657 771 674 137 610 657 553
1501 1327 1276 1397 340 500 807 602 622 304 418 311 1112 1242 552 0 1052 1428 472 679 629 690 803 308 456 288 121 231
651 478 427 547 1256 544 1170 964 367 960 1135 1199 263 392 597 948 0 578 652 1042 491 1053 1166 1069 533 1005 1052 948
547 373 322 443 1672 960 1586 1380 783 1376 1551 1615 547 252 1013 1364 468 0 1068 1458 906 1468 1582 1485 949 1421 1468 1364
1205 1032 981 1101 780 204 694 489 327 485 659 723 817 946 257 472 757 1132 0 566 334 577 690 594 160 530 576 472
1595 1421 1370 1491 988 594 441 123 716 692 866 931 1206 1336 647 679 1147 1522 566 0 724 73 437 801 550 737 784 679
1044 870 819 940 938 225 852 646 165 642 816 881 655 784 207 629 595 971 334 724 0 734 848 751 214 687 734 629
1606 1432 1381 1502 998 604 452 134 727 702 877 941 1217 1346 657 690 1157 1533 577 73 734 0 448 812 561 748 794 690
1719 1545 1494 1615 1112 718 284 360 840 816 990 1055 1330 1460 771 803 1271 1646 690 437 848 448 0 925 674 861 908 804
1622 1449 1398 1518 220 621 929 723 743 310 315 191 1234 1363 674 308 1174 1549 594 801 751 812 925 0 577 80 203 225
1086 912 861 982 764 85 678 472 207 468 643 707 697 827 137 456 638 1013 160 550 214 561 674 577 0 513 560 456
1558 1385 1334 1454 273 557 865 659 680 363 348 245 1170 1299 610 288 1110 1485 530 737 687 748 861 80 513 0 256 161
1605 1431 1380 1501 236 604 912 706 726 200 330 207 1216 1346 657 121 1157 1532 576 784 734 794 908 203 560 256 0 335
1501 1327 1276 1397 365 500 807 602 622 374 244 308 1112 1242 553 231 1053 1428 472 679 629 690 804 225 456 161 335 0
EOF