NAME : tsp_problem
TYPE : TSP
DIMENSION : 62
EDGE_WEIGHT_TYPE : EXPLICIT
EDGE_WEIGHT_FORMAT : FULL_MATRIX
EDGE_WEIGHT_SECTION
0 976 520 148 600 889 661 165 284 828 717 720 358 1206 448 710 252 1498 553 726 409 455 832 776 452 762 767 851 465 460 631 704 457 630 467 563 210 837 700 815 756 639 596 907 629 117 569 644 530 437 119 1254 1503 699 957 246 1207 266 677 577 661 781
976 0 926 850 1006 115 1067 1031 1150 171 1122 1126 763 520 568 1116 1118 813 959 1132 1275 678 1238 236 676 1168 1172 154 552 683 386 1110 681 1035 691 969 924 174 1106 184 250 1045 1001 105 417 984 975 1050 936 843 879 568 817 1105 47 1113 521 1132 1082 665 1067 230
520 926 0 394 327 838 163 575 694 778 443 446 307 1156 398 369 662 1448 280 452 819 404 468 725 402 274 433 801 415 409 581 430 407 356 417 65 468 787 426 764 706 365 322 857 579 528 296 307 480 163 423 1203 1453 380 907 657 1156 676 275 527 163 731
148 850 394 0 475 763 536 203 322 702 591 594 232 1080 323 584 290 1373 428 600 447 329 707 650 327 637 641 726 339 334 505 578 332 504 342 437 96 712 574 689 631 513 470 782 503 156 444 519 405 311 51 1128 1377 574 832 285 1081 304 551 452 535 656
600 1006 327 475 0 919 347 656 774 858 265 268 388 1236 478 136 742 1529 74 274 899 485 374 806 483 232 315 881 495 490 661 252 487 178 498 370 548 868 248 845 787 120 272 937 659 608 245 320 561 195 504 1284 1533 125 988 737 1237 756 307 608 348 811
889 115 838 763 919 0 980 944 1062 230 1035 1038 676 428 481 1028 1031 720 872 1044 1188 591 1151 301 588 1081 1085 239 464 596 299 1022 593 948 603 881 836 179 1018 216 281 957 914 189 330 896 888 963 849 755 792 475 725 1018 132 1025 428 1044 995 577 979 306
661 1067 163 536 347 980 0 717 835 919 438 441 449 1297 539 238 803 1589 380 343 960 546 337 867 544 143 302 942 556 551 722 365 548 445 558 139 609 928 421 906 848 309 233 998 720 669 260 176 622 305 565 1345 1594 249 1049 798 1298 817 144 668 52 872
165 1031 575 203 656 944 717 0 138 883 772 775 413 1261 504 765 106 1554 609 781 263 510 888 831 508 818 822 907 520 515 686 759 513 685 523 618 265 893 755 870 812 694 651 963 684 173 625 700 586 492 174 1309 1558 754 1013 101 1262 139 732 633 716 837
284 1150 694 322 774 1062 835 138 0 1002 890 894 531 1380 622 884 56 1672 727 900 145 628 1006 949 626 936 940 1025 639 633 805 878 631 803 641 737 384 1011 874 988 930 813 770 1081 803 291 743 818 704 611 293 1427 1677 873 1131 61 1380 258 850 751 835 955
828 171 778 702 858 230 919 883 1002 0 975 978 616 547 421 968 970 839 811 984 1127 530 1090 209 528 1020 1025 127 404 535 238 962 533 888 543 821 776 178 958 138 221 897 854 109 270 836 827 902 788 695 732 595 844 957 188 965 548 984 935 517 919 204
717 1122 443 591 265 1035 438 772 890 975 0 45 504 1352 595 366 859 1645 218 121 1016 601 228 922 599 323 162 998 611 606 777 99 604 119 614 486 664 984 67 961 903 303 388 1054 775 724 362 430 677 311 620 1400 1649 364 1104 853 1353 873 397 724 439 928
720 1126 446 594 268 1038 441 775 894 978 45 0 507 1356 598 369 862 1648 221 125 1019 604 231 925 602 326 166 1001 615 609 781 103 607 123 617 489 668 987 65 964 906 307 391 1057 779 728 365 433 680 314 623 1403 1653 367 1107 857 1357 876 401 727 442 931
358 763 307 232 388 676 449 413 531 616 504 507 0 993 236 497 500 1286 341 513 657 242 620 563 240 550 554 639 252 247 418 491 245 417 255 350 305 625 487 602 544 426 383 695 416 365 357 432 219 225 261 1041 1290 487 745 494 994 514 464 365 448 569
1217 531 1167 1092 1247 439 1308 1272 1391 558 1364 1367 1005 0 810 1357 1359 388 1200 1373 1516 919 1479 629 917 1409 1414 649 793 924 627 1351 922 1277 932 1210 1165 508 1347 545 610 1286 1243 578 659 1225 1216 1291 1177 1084 1121 144 393 1346 508 1354 60 1373 1324 906 1308 635
448 568 398 323 478 481 539 504 622 421 595 598 236 798 0 588 590 1091 431 604 747 150 710 368 148 640 645 444 57 155 223 582 153 508 163 441 396 430 578 407 349 517 474 500 221 456 447 522 408 315 352 846 1095 577 550 585 799 604 555 170 539 374
710 1116 369 584 136 1028 238 765 884 968 366 369 497 1346 588 0 852 1638 169 271 1009 594 265 915 592 123 230 991 605 599 771 293 597 287 607 326 658 977 349 954 896 98 287 1047 769 718 314 230 670 304 613 1393 1643 103 1097 846 1346 866 198 717 239 921
252 1118 662 290 742 1031 803 106 56 970 859 862 500 1348 590 852 0 1640 695 868 175 597 974 918 594 904 909 993 607 602 773 846 599 772 609 705 352 979 842 957 898 781 738 1049 771 259 711 786 672 579 261 1396 1645 841 1099 67 1349 226 819 719 803 923
1272 587 1222 1147 1303 494 1364 1328 1446 613 1419 1422 1060 565 865 1412 1414 0 1256 1428 1571 975 1534 685 972 1465 1469 704 848 979 683 1406 977 1332 987 1265 1220 563 1402 600 665 1341 1298 633 714 1280 1272 1346 1233 1139 1176 188 473 1401 563 1409 566 1428 1379 961 1363 690
553 959 280 428 74 872 380 609 727 811 218 221 341 1189 431 169 695 1481 0 227 852 438 333 759 436 265 268 834 448 443 614 205 440 131 450 322 501 821 201 798 740 113 225 890 612 561 198 273 514 148 457 1237 1486 158 941 690 1190 709 305 560 381 764
726 1132 452 600 274 1044 343 781 900 984 121 125 513 1361 604 271 868 1654 227 0 1025 610 133 931 608 228 68 1007 621 615 786 53 613 129 623 431 673 993 104 970 912 312 392 1063 785 733 371 335 686 320 629 1409 1658 282 1113 862 1362 882 303 733 344 937
409 1275 819 447 899 1188 960 263 145 1127 1016 1019 657 1505 747 1009 175 1797 852 1025 0 754 1131 1075 751 1061 1066 1150 764 759 930 1003 756 929 766 862 509 1136 999 1114 1055 938 895 1206 928 416 868 943 829 736 418 1553 1802 998 1256 180 1506 262 976 876 960 1080
455 678 404 329 485 591 546 510 628 530 601 604 242 908 150 594 597 1200 438 610 754 0 717 478 37 647 651 553 167 37 333 588 36 514 43 447 402 539 584 517 458 523 480 609 331 462 454 529 415 322 358 956 1205 584 660 591 909 611 561 279 545 483
832 1238 468 707 374 1151 337 888 1006 1090 228 231 620 1468 710 265 974 1760 333 133 1131 717 0 1038 714 222 92 1113 727 722 893 155 719 235 729 425 780 1099 211 1077 1018 336 386 1169 891 840 413 329 792 426 736 1516 1765 276 1219 969 1469 988 297 839 338 1043
776 236 725 650 806 301 867 831 949 209 922 925 563 618 368 915 918 910 759 931 1075 478 1038 0 476 968 972 102 352 483 186 909 480 835 490 768 723 243 905 223 147 844 801 174 217 783 775 850 736 643 679 666 915 905 253 912 619 932 882 464 866 128
452 676 402 327 483 588 544 508 626 528 599 602 240 906 148 592 594 1198 436 608 751 37 714 476 0 645 649 551 165 33 331 586 31 512 39 445 400 537 582 514 456 521 478 607 329 460 452 526 413 319 356 953 1203 581 657 589 907 608 559 277 543 481
762 1168 274 637 232 1081 143 818 936 1020 323 326 550 1398 640 123 904 1691 265 228 1061 647 222 968 645 0 187 1043 657 652 823 250 650 330 660 231 710 1030 306 1007 949 194 192 1099 821 770 219 135 723 357 666 1446 1695 134 1150 899 1399 918 103 770 144 973
767 1172 433 641 315 1085 302 822 940 1025 162 166 554 1402 645 230 909 1695 268 68 1066 651 92 972 649 187 0 1048 661 656 827 89 654 169 664 390 714 1034 145 1011 953 301 351 1104 825 774 377 294 727 361 670 1450 1699 241 1154 903 1403 923 262 774 303 978
851 154 801 726 881 239 942 907 1025 127 998 1001 639 637 444 991 993 930 834 1007 1150 553 1113 102 551 1043 1048 0 427 558 261 985 556 911 566 844 799 161 981 141 116 920 877 92 293 859 850 925 811 718 755 685 934 980 171 988 638 1007 958 540 942 97
465 552 415 339 495 464 556 520 639 404 611 615 252 782 57 605 607 1074 448 621 764 167 727 352 165 657 661 427 0 172 207 598 170 524 180 458 412 413 594 391 332 533 490 483 205 472 464 539 425 332 368 830 1079 594 533 601 783 621 571 154 556 357
460 683 409 334 490 596 551 515 633 535 606 609 247 913 155 599 602 1205 443 615 759 37 722 483 33 652 656 558 172 0 338 593 32 519 40 452 407 544 589 522 463 528 485 614 336 467 459 534 420 327 363 961 1210 589 664 596 914 616 566 284 550 488
631 386 581 505 661 299 722 686 805 238 777 781 418 616 223 771 773 909 614 786 930 333 893 186 331 823 827 261 207 338 0 764 336 690 346 624 578 248 760 225 167 699 656 317 72 638 630 705 591 498 534 664 913 760 368 767 617 787 737 320 722 191
704 1110 430 578 252 1022 365 759 878 962 99 103 491 1339 582 293 846 1632 205 53 1003 588 155 909 586 250 89 985 598 593 764 0 591 107 601 453 651 971 82 948 890 290 375 1041 763 711 349 357 664 298 607 1387 1636 304 1091 840 1340 860 325 711 366 915
457 681 407 332 487 593 548 513 631 533 604 607 245 910 153 597 599 1203 440 613 756 36 719 480 31 650 654 556 170 32 336 591 0 517 38 450 405 542 587 519 461 526 483 612 334 465 456 531 418 324 361 958 1208 586 662 594 911 613 564 282 548 486
630 1035 356 504 178 948 445 685 803 888 119 123 417 1265 508 287 772 1558 131 129 929 514 235 835 512 330 169 911 524 519 690 107 517 0 527 399 577 897 103 874 816 216 301 967 688 637 274 349 590 224 533 1313 1562 277 1017 766 1266 785 382 637 446 841
467 691 417 342 498 603 558 523 641 543 614 617 255 921 163 607 609 1213 450 623 766 43 729 490 39 660 664 566 180 40 346 601 38 527 0 460 415 552 597 529 471 536 493 622 344 475 466 541 428 334 371 968 1218 596 672 604 921 623 574 292 558 496
563 969 65 437 370 881 139 618 737 821 486 489 350 1199 441 326 705 1491 322 431 862 447 425 768 445 231 390 844 458 452 624 453 450 399 460 0 511 830 469 807 749 397 321 900 622 571 338 264 523 206 466 1246 1496 337 950 699 1199 719 232 570 140 774
210 924 468 96 548 836 609 265 384 776 664 668 305 1153 396 658 352 1446 501 673 509 402 780 723 400 710 714 799 412 407 578 651 405 577 415 511 0 785 647 762 704 586 543 855 576 218 517 592 478 385 113 1201 1450 647 905 347 1154 366 624 525 608 729
837 174 787 712 868 179 928 893 1011 178 984 987 625 497 430 977 979 789 821 993 1136 539 1099 243 537 1030 1034 161 413 544 248 971 542 897 552 830 785 0 967 165 230 906 863 112 279 845 837 911 798 704 741 545 794 966 191 974 498 993 944 526 928 238
700 1106 426 574 248 1018 421 755 874 958 67 65 487 1335 578 349 842 1628 201 104 999 584 211 905 582 306 145 981 594 589 760 82 587 103 597 469 647 967 0 944 886 286 371 1037 758 707 345 413 660 294 603 1383 1632 347 1087 836 1336 856 380 707 422 911
815 184 764 689 845 216 906 870 988 138 961 964 602 533 407 954 957 826 798 970 1114 517 1077 223 514 1007 1011 141 391 522 225 948 519 874 529 807 762 165 944 0 207 883 840 123 256 822 814 889 775 682 718 581 830 944 202 951 534 971 921 503 905 218
756 250 706 631 787 281 848 812 930 221 903 906 544 599 349 896 898 891 740 912 1055 458 1018 147 456 949 953 116 332 463 167 890 461 816 471 749 704 230 886 207 0 825 782 188 198 764 756 830 717 623 660 646 896 885 267 893 600 912 863 445 847 142
639 1045 365 513 120 957 309 694 813 897 303 307 426 1274 517 98 781 1567 113 312 938 523 336 844 521 194 301 920 533 528 699 290 526 216 536 397 586 906 286 883 825 0 310 976 697 646 284 301 599 233 542 1322 1571 87 1026 775 1275 795 268 646 310 850
596 1001 322 470 272 914 233 651 770 854 388 391 383 1231 474 287 738 1524 225 392 895 480 386 801 478 192 351 877 490 485 656 375 483 301 493 321 543 863 371 840 782 310 0 933 654 603 64 74 556 190 499 1279 1528 298 983 732 1232 752 106 603 234 807
907 105 857 782 937 189 998 963 1081 109 1054 1057 695 566 500 1047 1049 859 890 1063 1206 609 1169 174 607 1099 1104 92 483 614 317 1041 612 967 622 900 855 112 1037 123 188 976 933 0 349 915 906 981 867 774 811 614 864 1036 122 1044 567 1063 1014 596 998 169
629 417 579 503 659 330 720 684 803 270 775 779 416 647 221 769 771 940 612 785 928 331 891 217 329 821 825 293 205 336 72 763 334 688 344 622 576 279 758 256 198 697 654 349 0 636 628 703 589 496 532 695 944 758 399 765 648 785 735 305 720 223
117 984 528 156 608 896 669 173 291 836 724 728 365 1213 456 718 259 1506 561 733 416 462 840 783 460 770 774 859 472 467 638 711 465 637 475 571 218 845 707 822 764 646 603 915 636 0 577 652 538 445 126 1261 1510 707 965 254 1214 273 684 585 668 789
569 975 296 444 245 888 260 625 743 827 362 365 357 1205 447 314 711 1497 198 371 868 454 413 775 452 219 377 850 464 459 630 349 456 274 466 338 517 837 345 814 756 284 64 906 628 577 0 100 530 164 473 1253 1502 325 957 706 1206 725 133 576 261 780
644 1050 307 519 320 963 176 700 818 902 430 433 432 1280 522 230 786 1572 273 335 943 529 329 850 526 135 294 925 539 534 705 357 531 349 541 264 592 911 413 889 830 301 74 981 703 652 100 0 605 238 548 1328 1577 241 1032 781 1281 800 136 651 177 855
530 936 480 405 561 849 622 586 704 788 677 680 219 1166 408 670 672 1459 514 686 829 415 792 736 413 723 727 811 425 420 591 664 418 590 428 523 478 798 660 775 717 599 556 867 589 538 530 605 0 397 434 1214 1463 659 918 667 1167 686 637 538 621 741
437 843 163 311 195 755 305 492 611 695 311 314 225 1073 315 304 579 1365 148 320 736 322 426 643 319 357 361 718 332 327 498 298 324 224 334 206 385 704 294 682 623 233 190 774 496 445 164 238 397 0 341 1121 1370 293 824 574 1074 593 271 444 304 648
119 879 423 51 504 792 565 174 293 732 620 623 261 1109 352 613 261 1402 457 629 418 358 736 679 356 666 670 755 368 363 534 607 361 533 371 466 113 741 603 718 660 542 499 811 532 126 473 548 434 341 0 1157 1406 603 861 255 1110 275 580 481 564 685
1206 520 1156 1080 1236 428 1297 1261 1380 547 1352 1356 993 498 798 1346 1348 402 1189 1361 1505 908 1468 618 906 1398 1402 637 782 913 616 1339 910 1265 921 1199 1153 497 1335 533 599 1274 1231 567 647 1213 1205 1280 1166 1073 1109 0 406 1335 497 1342 499 1362 1312 895 1296 623
1444 759 1394 1319 1475 666 1535 1500 1618 785 1591 1594 1232 737 1037 1584 1586 193 1428 1600 1743 1146 1706 856 1144 1637 1641 876 1020 1151 855 1578 1149 1504 1159 1437 1392 735 1574 772 837 1513 1470 805 886 1452 1444 1518 1405 1311 1348 360 0 1573 735 1581 738 1600 1551 1133 1535 862
699 1105 380 574 125 1018 249 754 873 957 364 367 487 1335 577 103 841 1627 158 282 998 584 276 905 581 134 241 980 594 589 760 304 586 277 596 337 647 966 347 944 885 87 298 1036 758 707 325 241 659 293 603 1383 1632 0 1086 836 1336 855 209 706 250 910
957 47 907 832 988 132 1049 1013 1131 188 1104 1107 745 497 550 1097 1099 789 941 1113 1256 660 1219 253 657 1150 1154 171 533 664 368 1091 662 1017 672 950 905 191 1087 202 267 1026 983 122 399 965 957 1032 918 824 861 544 794 1086 0 1094 497 1113 1064 646 1048 248
246 1113 657 285 737 1025 798 101 61 965 853 857 494 1342 585 846 67 1635 690 862 180 591 969 912 589 899 903 988 601 596 767 840 594 766 604 699 347 974 836 951 893 775 732 1044 765 254 706 781 667 574 255 1390 1639 836 1094 0 1343 221 813 714 797 918
1218 532 1168 1092 1248 440 1309 1273 1392 559 1365 1368 1005 60 811 1358 1360 389 1201 1374 1517 920 1480 630 918 1410 1415 649 794 925 628 1352 923 1277 933 1211 1166 509 1348 546 611 1287 1244 579 659 1226 1217 1292 1178 1085 1121 145 394 1347 509 1355 0 1374 1324 907 1309 636
266 1132 676 304 756 1044 817 139 258 984 873 876 514 1362 604 866 226 1654 709 882 262 611 988 932 608 918 923 1007 621 616 787 860 613 785 623 719 366 993 856 971 912 795 752 1063 785 273 725 800 686 593 275 1410 1659 855 1113 221 1363 0 832 733 817 937
677 1082 275 551 307 995 144 732 850 935 397 401 464 1312 555 198 819 1605 305 303 976 561 297 882 559 103 262 958 571 566 737 325 564 382 574 232 624 944 380 921 863 268 106 1014 735 684 133 136 637 271 580 1360 1609 209 1064 813 1313 832 0 684 145 888
577 665 527 452 608 577 668 633 751 517 724 727 365 895 170 717 719 1187 560 733 876 279 839 464 277 770 774 540 154 284 320 711 282 637 292 570 525 526 707 503 445 646 603 596 305 585 576 651 538 444 481 942 1192 706 646 714 895 733 684 0 668 470
661 1067 163 535 348 979 52 716 835 919 439 442 448 1296 539 239 803 1589 381 344 960 545 338 866 543 144 303 942 556 550 722 366 548 446 558 140 608 928 422 905 847 310 234 998 720 668 261 177 621 304 564 1344 1594 250 1048 797 1297 817 145 668 0 872
781 230 731 656 811 306 872 837 955 204 928 931 569 623 374 921 923 916 764 937 1080 483 1043 128 481 973 978 97 357 488 191 915 486 841 496 774 729 238 911 218 142 850 807 169 223 789 780 855 741 648 685 671 920 910 248 918 624 937 888 470 872 0
EOF