NAME : tsp_problem
TYPE : TSP
DIMENSION : 38
EDGE_WEIGHT_TYPE : EXPLICIT
EDGE_WEIGHT_FORMAT : FULL_MATRIX
EDGE_WEIGHT_SECTION
0 452 396 1573 1089 956 1097 1544 1416 1337 1539 1531 1566 173 73 1567 671 1014 1640 936 638 785 1069 969 1251 1349 957 1598 890 741 1415 498 256 1520 640 1459 1044 1584
633 0 74 1288 804 671 812 1259 1131 1053 1254 1246 1281 717 629 1282 386 729 1355 651 353 500 784 684 967 1064 672 1313 605 456 1131 206 800 1235 355 1174 759 1299
577 74 0 1232 748 615 756 1203 1075 996 1198 1190 1225 661 573 1226 330 673 1299 595 297 444 728 628 910 1008 616 1257 549 400 1074 150 744 1179 299 1118 703 1243
1518 1470 1414 0 664 830 754 396 448 594 401 425 822 1601 1514 341 1024 600 294 693 1238 958 643 842 508 382 715 58 939 973 209 1516 1684 294 1239 361 619 840
1034 986 930 664 0 274 117 635 506 428 629 621 656 1117 1030 658 540 116 730 209 754 474 142 256 342 440 231 689 455 489 506 1031 1200 610 755 549 117 674
901 853 797 830 274 0 181 800 672 594 795 787 822 984 897 824 407 270 896 192 621 341 295 91 508 605 214 855 322 356 672 898 1067 776 622 715 301 840
1041 994 937 754 117 181 0 725 596 518 719 711 746 1125 1038 748 547 206 820 181 761 481 138 162 432 529 160 779 463 497 596 1039 1208 700 763 639 155 764
1489 1441 1385 396 635 800 725 0 268 565 140 164 793 1572 1485 230 995 571 159 664 1209 929 614 813 479 333 686 421 910 944 288 1486 1655 266 1210 111 590 811
1360 1313 1256 448 506 672 596 268 0 436 273 152 665 1444 1357 363 866 443 292 536 1080 800 486 685 350 88 557 474 782 816 291 1358 1527 395 1082 334 461 683
1282 1234 1178 594 428 594 518 565 436 0 559 551 586 1366 1278 588 788 364 660 457 1002 722 407 607 182 370 479 619 704 738 436 1280 1449 540 1004 479 383 604
1483 1435 1379 401 629 795 719 140 273 559 0 169 788 1567 1480 235 989 565 164 659 1203 923 609 808 473 339 680 427 905 939 283 1481 1650 272 1205 105 584 806
1475 1428 1371 425 621 787 711 164 152 551 169 0 780 1559 1472 259 981 558 188 651 1195 915 601 800 465 202 672 450 897 931 406 1473 1642 295 1197 248 576 798
1510 1463 1406 822 656 822 746 793 665 586 788 780 0 1594 1507 816 1016 593 888 686 1230 950 636 835 500 598 707 847 932 966 664 1508 1677 769 1232 708 611 51
385 301 245 1429 945 812 952 1399 1271 1193 1394 1386 1421 0 381 1423 526 869 1495 791 493 640 924 824 1107 1204 813 1454 745 596 1271 347 104 1375 495 1314 900 1439
73 449 393 1569 1085 952 1093 1540 1412 1334 1535 1527 1562 169 0 1563 667 1010 1636 932 634 781 1065 965 1248 1345 953 1595 886 737 1412 494 252 1516 636 1455 1040 1580
1512 1464 1408 341 658 824 748 230 363 588 235 259 816 1595 1508 0 1018 594 128 687 1232 952 637 836 502 376 709 367 933 967 203 1510 1678 64 1233 314 613 834
616 568 512 1024 540 407 547 995 866 788 989 981 1016 699 612 1018 0 465 1090 386 336 235 519 420 702 800 408 1049 275 191 866 613 782 970 337 909 495 1034
959 911 855 600 116 270 206 571 443 364 565 558 593 1042 955 594 465 0 666 134 679 399 95 283 278 376 156 625 380 414 442 956 1125 546 680 485 71 611
1584 1536 1480 294 730 896 820 159 292 660 164 188 888 1668 1580 128 1090 666 0 760 1304 1024 710 909 574 357 781 319 1006 1040 275 1582 1751 136 1306 243 685 907
880 832 776 693 209 192 181 664 536 457 659 651 686 964 876 687 386 134 760 0 600 320 189 205 372 469 59 718 302 336 535 878 1047 640 602 579 164 704
341 293 237 1410 925 792 933 1380 1252 1174 1375 1367 1402 425 337 1404 507 850 1476 772 0 621 905 805 1088 1185 794 1435 726 577 1252 339 508 1356 476 1295 881 1420
729 681 625 958 474 341 481 929 800 722 923 915 950 813 725 952 235 399 1024 320 449 0 453 354 636 734 342 983 169 171 800 727 896 904 451 843 429 968
1013 965 909 643 142 295 138 614 486 407 609 601 636 1097 1009 637 519 95 710 189 733 453 0 277 322 419 210 668 435 469 486 1011 1180 590 735 529 97 654
914 866 810 842 256 91 162 813 685 607 808 800 835 997 910 836 420 283 909 205 634 354 277 0 521 618 210 868 335 369 685 911 1080 789 635 728 294 853
1196 1148 1092 508 342 508 432 479 350 182 473 465 500 1280 1192 502 702 278 574 372 916 636 322 521 0 284 393 533 618 652 350 1194 1363 454 918 393 297 518
1294 1246 1190 382 440 605 529 333 88 370 339 202 598 1377 1290 376 800 376 357 469 1014 734 419 618 284 0 491 407 715 749 224 1291 1460 328 1015 267 395 616
902 854 798 715 231 214 160 686 557 479 680 672 707 985 898 709 408 156 781 59 622 342 210 210 393 491 0 740 323 357 557 899 1068 661 623 600 186 725
1543 1495 1439 58 689 855 779 421 474 619 427 450 847 1627 1539 367 1049 625 319 718 1263 983 668 868 533 407 740 0 965 999 234 1541 1710 319 1265 386 644 865
834 786 730 939 455 322 463 910 782 704 905 897 932 918 831 933 275 380 1006 302 554 169 435 335 618 715 323 965 0 196 782 832 1001 886 556 825 410 950
685 638 581 973 489 356 497 944 816 738 939 931 966 769 682 967 191 414 1040 336 405 171 469 369 652 749 357 999 196 0 816 683 852 920 407 859 444 984
1360 1312 1256 209 506 672 596 288 291 436 283 406 664 1444 1356 203 866 442 275 535 1080 800 486 685 350 224 557 234 782 816 0 1358 1527 155 1082 203 461 682
450 402 346 1105 621 488 629 1076 948 869 1070 1063 1098 534 446 1099 203 546 1171 467 170 316 600 501 783 881 489 1130 422 273 947 0 617 1051 172 991 576 1116
314 230 174 1358 874 741 881 1329 1201 1122 1323 1315 1350 398 310 1352 456 799 1424 720 423 569 853 754 1036 1134 742 1383 674 525 1200 276 0 1304 424 1243 829 1369
1464 1416 1360 294 610 776 700 266 395 540 272 295 769 1548 1460 64 970 546 136 640 1184 904 590 789 454 328 661 319 886 920 155 1462 1631 0 1186 307 565 787
342 294 238 1411 927 794 935 1382 1254 1175 1376 1369 1404 426 339 1405 509 852 1477 773 476 622 906 807 1089 1187 795 1436 728 579 1253 340 509 1357 0 1297 882 1422
1403 1355 1299 361 549 715 639 111 334 479 105 248 708 1487 1400 314 909 485 243 579 1123 843 529 728 393 267 600 386 825 859 203 1401 1570 307 1125 0 504 726
989 941 885 619 117 301 155 590 461 383 584 576 611 1072 985 613 495 71 685 164 709 429 97 294 297 395 186 644 410 444 461 987 1155 565 710 504 0 629
1528 1481 1424 840 674 840 764 811 683 604 806 798 51 1612 1525 834 1034 611 907 704 1248 968 654 853 518 616 725 865 950 984 682 1526 1695 787 1250 726 629 0
EOF