NAME : tsp_problem
TYPE : TSP
DIMENSION : 59
EDGE_WEIGHT_TYPE : EXPLICIT
EDGE_WEIGHT_FORMAT : FULL_MATRIX
EDGE_WEIGHT_SECTION
0 762 793 1682 1834 1832 439 880 1724 1134 1739 1559 1609 1705 1611 1542 1446 1558 1151 155 87 1499 1755 1248 1821 896 1577 1191 1719 1726 1477 853 1799 805 1175 1150 1380 1438 1632 1775 1040 88 1690 1569 1710 861 1591 1150 1650 1786 1616 1368 862 1675 877 1672 1595 645 1749
197 0 89 1391 1544 1541 153 589 1434 844 1449 1269 1319 1415 1320 1251 1156 1267 861 280 220 1209 1465 957 1530 606 1286 901 1429 1436 1187 563 1509 101 885 860 1090 1148 1342 1484 750 221 1400 1279 1420 157 1301 859 1360 1496 1325 1078 158 1385 587 1381 1305 359 1459
215 489 0 1409 1561 1559 171 607 1451 861 1467 1287 1336 1433 1338 1269 1173 1285 878 298 238 1226 1482 975 1548 624 1304 918 1446 1453 1204 580 1526 119 902 877 1108 1165 1359 1502 767 238 1418 1296 1437 174 1318 877 1377 1513 1343 1096 175 1402 604 1399 1323 377 1476
1379 1240 1271 0 349 966 1335 1188 240 880 316 185 370 358 745 167 581 692 726 1462 1402 634 890 565 335 1122 711 784 340 379 612 964 934 1283 750 603 515 349 392 173 973 1403 343 704 845 1339 351 724 785 184 376 503 1340 810 1103 806 356 1541 265
1531 1392 1423 349 0 1119 1487 1341 283 1033 121 364 412 241 898 347 733 845 878 1615 1554 786 1042 717 141 1275 864 936 145 262 764 1116 1086 1436 902 756 667 501 435 216 1126 1555 171 856 997 1491 394 877 937 227 419 656 1492 962 1255 959 399 1694 308
1529 1390 1421 966 1119 0 1485 1338 1009 1030 1024 844 893 990 895 826 730 534 876 1612 1552 476 135 715 1105 1272 401 934 1004 1011 454 1114 128 1433 900 753 665 722 916 1059 1123 1552 975 853 534 1488 875 874 292 1070 900 653 1489 250 1253 176 880 1691 1034
118 367 398 1287 1440 1437 0 485 1329 739 1345 1165 1214 1311 1216 1147 1051 1163 757 201 141 1104 1360 853 1426 502 1182 796 1324 1331 1082 458 1404 411 780 756 986 1043 1237 1380 646 141 1296 1174 1316 466 1196 755 1255 1391 1221 974 467 1281 482 1277 1201 244 1354
576 437 468 1242 1394 1392 532 0 1284 694 1299 1119 1169 1265 1130 1102 1006 1118 711 659 599 1059 1315 808 1381 456 1137 751 1279 1286 1037 413 1359 480 735 710 940 998 1192 1335 600 599 1251 991 1270 535 1151 710 1210 1346 1176 929 536 1235 437 1232 1155 738 1309
1421 1282 1313 240 283 1009 1377 1231 0 923 250 345 178 370 787 327 623 734 768 1505 1444 676 932 607 269 1165 754 826 274 391 654 1006 976 1326 792 645 557 374 201 107 1015 1445 300 746 887 1381 160 767 827 119 184 545 1382 852 1145 848 164 1584 73
831 692 723 880 1033 1030 787 641 923 0 938 758 808 904 809 740 645 756 211 915 854 698 954 446 1019 575 775 142 918 925 676 416 998 736 235 349 579 636 831 973 425 855 889 768 909 791 790 209 849 985 814 567 792 874 555 870 794 993 948
1436 1297 1329 316 121 1024 1393 1246 250 938 0 269 379 147 803 252 638 750 784 1520 1460 691 947 622 108 1180 769 841 51 167 669 1021 991 1341 807 661 573 406 402 183 1031 1460 76 761 902 1396 361 782 842 194 386 561 1397 867 1161 864 365 1599 275
1256 1117 1149 185 364 844 1213 1066 345 758 269 0 267 235 623 44 458 570 604 1340 1279 511 767 442 351 1000 589 661 249 256 489 841 811 1161 627 481 393 226 290 278 851 1280 221 581 722 1216 249 602 662 289 274 381 1217 687 980 684 253 1419 370
1306 1167 1198 370 412 893 1262 1116 178 808 379 267 0 413 672 249 508 619 653 1390 1329 561 817 492 399 1050 639 711 403 434 539 891 861 1211 677 530 442 276 86 237 900 1330 398 631 772 1266 45 652 712 248 69 430 1267 737 1030 733 49 1468 203
1402 1263 1295 358 241 990 1359 1212 370 904 147 235 413 0 769 218 604 716 750 1486 1425 657 913 588 228 1146 735 807 126 133 635 987 957 1307 773 627 539 372 436 303 997 1426 98 727 868 1362 395 748 808 314 420 527 1363 833 1126 830 399 1565 395
1308 1169 1200 745 898 895 1264 1117 787 809 803 623 672 769 0 605 205 621 655 1391 1331 562 818 494 884 1051 640 713 782 789 540 893 863 1212 679 532 345 501 695 838 902 1331 754 240 774 1267 654 653 713 849 679 342 1268 739 1032 735 659 1470 812
1239 1100 1131 167 347 826 1195 1048 327 740 252 44 249 218 605 0 440 552 586 1322 1262 494 750 425 333 982 571 644 232 239 472 824 794 1143 610 463 375 209 272 260 833 1263 203 563 705 1199 231 584 644 271 256 363 1199 670 963 666 236 1401 352
1143 1004 1035 581 733 730 1099 953 623 645 638 458 508 604 205 440 0 456 490 1226 1166 398 654 329 719 886 475 548 618 625 376 728 698 1047 514 367 180 337 531 673 737 1167 589 163 609 1103 490 489 549 685 514 177 1104 574 867 570 494 1305 648
1255 1116 1147 692 845 534 1211 1064 734 756 750 570 619 716 621 552 456 0 602 1338 1278 132 458 441 831 998 279 660 730 737 110 840 502 1159 626 479 391 448 642 785 849 1278 701 579 413 1214 601 600 353 796 626 379 1215 378 979 374 606 1417 759
848 709 740 726 878 876 804 658 768 211 784 604 653 750 655 586 490 602 0 932 871 543 799 292 865 592 621 114 763 770 521 433 843 753 80 194 425 482 676 819 443 872 735 613 754 808 635 55 694 830 660 413 809 719 572 716 640 1011 793
469 722 753 1642 1795 1792 400 840 1684 1094 1700 1520 1569 1666 1571 1502 1406 1518 1112 0 492 1459 1715 1208 1781 857 1537 1151 1680 1687 1438 813 1760 766 1135 1111 1341 1398 1592 1735 1001 492 1651 1529 1671 821 1551 1110 1610 1746 1576 1329 822 1636 837 1632 1556 606 1709
87 785 816 1705 1857 1855 462 903 1747 1157 1762 1582 1632 1728 1634 1565 1469 1581 1174 178 0 1522 1778 1271 1844 919 1600 1214 1742 1749 1500 876 1822 828 1198 1173 1403 1461 1655 1798 1063 31 1713 1592 1733 884 1614 1173 1673 1809 1639 1391 885 1698 900 1695 1618 668 1772
1196 1057 1088 634 786 476 1152 1006 676 698 691 511 561 657 562 494 398 132 543 1280 1219 0 399 382 773 940 221 601 671 678 52 781 443 1101 567 420 332 390 584 727 790 1220 642 521 354 1156 543 542 294 738 568 320 1157 319 920 316 547 1359 701
1452 1313 1344 890 1042 135 1408 1262 932 954 947 767 817 913 818 750 654 458 799 1536 1475 399 0 638 1029 1196 324 857 927 934 377 1037 240 1357 823 676 588 646 840 983 1046 1476 898 777 458 1412 799 798 216 994 824 576 1413 241 1176 99 803 1615 957
945 806 837 565 717 715 901 754 607 446 622 442 492 588 494 425 329 441 292 1028 968 382 638 0 704 688 460 350 602 609 360 530 682 849 316 169 263 321 515 658 539 969 573 452 593 905 474 290 533 669 499 251 906 558 669 555 478 1107 632
1518 1379 1410 335 141 1105 1474 1327 269 1019 108 351 399 228 884 333 719 831 865 1601 1541 773 1029 704 0 1261 850 923 132 249 751 1103 1073 1422 889 742 654 488 422 202 1112 1542 157 842 984 1478 381 863 923 214 405 642 1478 949 1242 945 385 1680 294
593 454 485 1122 1275 1272 549 403 1165 575 1180 1000 1050 1146 1051 982 886 998 592 677 616 940 1196 688 1261 0 1017 631 1160 1167 918 290 1240 498 616 591 821 878 1072 1215 227 617 1131 1009 1151 553 1031 590 1090 1227 1056 809 554 1116 57 1112 1036 756 1190
1274 1135 1166 711 864 401 1230 1083 754 775 769 589 639 735 640 571 475 279 621 1357 1297 221 324 460 850 1017 0 679 749 756 199 859 368 1178 645 498 410 467 661 804 868 1298 720 598 167 1233 620 619 219 815 645 398 1234 244 998 241 625 1436 779
888 749 780 784 936 934 844 698 826 142 841 661 711 807 713 644 548 660 114 971 911 601 857 350 923 631 679 0 821 828 579 473 901 792 138 252 482 540 734 877 482 912 792 671 812 848 693 113 752 888 718 470 849 777 612 774 697 1050 851
1416 1277 1308 340 145 1004 1372 1226 274 918 51 249 403 126 782 232 618 730 763 1500 1439 671 927 602 132 1160 749 821 0 147 649 1001 971 1321 787 640 552 386 426 207 1011 1440 56 741 882 1376 385 762 822 218 410 540 1377 847 1140 843 390 1579 299
1423 1284 1315 379 262 1011 1379 1233 391 925 167 256 434 133 789 239 625 737 770 1507 1446 678 934 609 249 1167 756 828 147 0 656 1008 978 1328 794 647 559 393 457 324 1018 1447 118 748 889 1383 416 769 829 335 440 547 1384 854 1147 850 420 1586 416
1174 1035 1066 612 764 454 1130 984 654 676 669 489 539 635 540 472 376 110 521 1258 1197 52 377 360 751 918 199 579 649 656 0 759 421 1079 545 398 310 368 562 705 768 1198 620 499 332 1134 521 520 272 716 546 298 1135 297 898 294 525 1337 679
550 411 442 964 1116 1114 506 360 1006 416 1021 841 891 987 893 824 728 840 433 634 573 781 1037 530 1103 290 859 473 1001 1008 759 0 1081 455 457 432 663 720 914 1057 304 574 973 851 992 510 873 432 932 1068 898 651 511 957 270 954 877 712 1031
1496 1357 1388 934 1086 128 1452 1306 976 998 991 811 861 957 863 794 698 502 843 1580 1519 443 240 682 1073 1240 368 901 971 978 421 1081 0 1401 867 720 632 690 884 1027 1091 1520 942 821 502 1456 843 842 190 1038 868 620 1457 146 1220 281 847 1659 1001
150 424 455 1344 1497 1494 106 542 1387 796 1402 1222 1271 1368 1273 1204 1108 1220 814 233 173 1162 1418 910 1483 559 1239 853 1382 1389 1140 515 1462 0 837 813 1043 1100 1294 1437 703 174 1353 1231 1373 109 1253 812 1312 1448 1278 1031 110 1338 539 1334 1258 312 1412
872 733 764 750 902 900 828 682 792 235 807 627 677 773 679 610 514 626 80 955 895 567 823 316 889 616 645 138 787 794 545 457 867 777 0 218 448 506 700 843 466 896 758 637 778 832 659 79 718 854 684 436 833 743 596 740 663 1034 817
847 708 739 603 756 753 803 657 645 349 661 481 530 627 532 463 367 479 194 931 870 420 676 169 742 591 498 252 640 647 398 432 720 752 218 0 302 359 553 696 442 871 612 490 631 807 512 193 571 707 537 290 808 597 571 593 517 1010 670
1078 938 970 515 667 665 1034 887 557 579 573 393 442 539 345 375 180 391 425 1161 1101 332 588 263 654 821 410 482 552 559 310 663 632 982 448 302 0 271 465 608 672 1101 524 303 543 1037 424 423 483 619 449 112 1038 508 802 505 429 1240 582
1135 996 1027 349 501 722 1091 944 374 636 406 226 276 372 501 209 337 448 482 1218 1158 390 646 321 488 878 467 540 386 393 368 720 690 1039 506 359 271 0 299 433 729 1159 358 460 601 1095 258 481 541 444 283 259 1096 566 859 562 262 1297 399
1329 1190 1221 392 435 916 1285 1139 201 831 402 290 86 436 695 272 531 642 676 1412 1352 584 840 515 422 1072 661 734 426 457 562 914 884 1233 700 553 465 299 0 260 923 1353 421 654 795 1289 67 675 735 271 92 453 1290 760 1053 756 72 1491 226
1472 1333 1364 173 216 1059 1428 1281 107 973 183 278 237 303 838 260 673 785 819 1555 1495 727 983 658 202 1215 804 877 207 324 705 1057 1027 1376 843 696 608 433 260 0 1066 1496 233 797 938 1432 219 817 877 52 243 596 1433 903 1196 899 223 1634 132
737 598 629 973 1126 1123 693 547 1015 425 1031 851 900 997 902 833 737 849 443 821 760 790 1046 539 1112 227 868 482 1011 1018 768 304 1091 642 466 442 672 729 923 1066 0 761 982 860 1002 697 882 441 941 1077 907 660 698 967 208 963 887 900 1040
88 786 817 1705 1858 1855 463 903 1748 1158 1763 1583 1633 1729 1634 1565 1470 1581 1175 179 31 1523 1779 1271 1844 920 1600 1215 1743 1750 1501 877 1823 829 1199 1174 1404 1462 1656 1798 1064 0 1714 1593 1734 884 1615 1173 1674 1810 1639 1392 885 1699 901 1695 1619 669 1773
1388 1249 1280 343 171 975 1344 1197 300 889 76 221 398 98 754 203 589 701 735 1471 1411 642 898 573 157 1131 720 792 56 118 620 973 942 1292 758 612 524 358 421 233 982 1411 0 712 853 1347 380 733 793 244 405 512 1348 819 1112 815 384 1550 325
1266 1127 1158 704 856 853 1222 1076 746 768 761 581 631 727 240 563 163 579 613 1349 1289 521 777 452 842 1009 598 671 741 748 499 851 821 1170 637 490 303 460 654 797 860 1290 712 0 732 1226 613 612 672 808 638 300 1227 697 990 693 617 1428 771
1407 1268 1299 845 997 534 1363 1217 887 909 902 722 772 868 774 705 609 413 754 1491 1430 354 458 593 984 1151 167 812 882 889 332 992 502 1312 778 631 543 601 795 938 1002 1431 853 732 0 1367 754 753 353 949 779 531 1368 378 1131 374 758 1570 912
156 430 461 1350 1502 1500 112 548 1392 802 1408 1227 1277 1373 1279 1210 1114 1226 819 239 179 1167 1423 916 1489 564 1245 859 1387 1394 1145 521 1467 473 843 818 1049 1106 1300 1443 708 179 1359 1237 1378 0 1259 818 1318 1454 1284 1037 33 1343 545 1340 1263 318 1417
1288 1149 1180 351 394 875 1244 1098 160 790 361 249 45 395 654 231 490 601 635 1371 1311 543 799 474 381 1031 620 693 385 416 521 873 843 1192 659 512 424 258 67 219 882 1312 380 613 754 1248 0 634 694 230 51 412 1249 719 1012 715 31 1450 185
847 708 739 724 877 874 803 656 767 209 782 602 652 748 653 584 489 600 55 930 870 542 798 290 863 590 619 113 762 769 520 432 842 751 79 193 423 481 675 817 441 871 733 612 753 806 634 0 693 829 658 411 807 718 571 714 638 1009 792
1347 1208 1239 785 937 292 1303 1157 827 849 842 662 712 808 713 644 549 353 694 1430 1370 294 216 533 923 1090 219 752 822 829 272 932 190 1251 718 571 483 541 735 877 941 1371 793 672 353 1307 694 693 0 889 718 471 1308 66 1071 132 698 1509 852
1483 1344 1375 184 227 1070 1439 1293 119 985 194 289 248 314 849 271 685 796 830 1567 1506 738 994 669 214 1227 815 888 218 335 716 1068 1038 1388 854 707 619 444 271 52 1077 1507 244 808 949 1443 230 829 889 0 255 607 1444 914 1207 910 234 1645 144
1313 1174 1205 376 419 900 1269 1122 184 814 386 274 69 420 679 256 514 626 660 1396 1336 568 824 499 405 1056 645 718 410 440 546 898 868 1217 684 537 449 283 92 243 907 1337 405 638 779 1273 51 658 718 255 0 437 1274 744 1037 740 56 1475 209
1066 927 958 503 656 653 1022 875 545 567 561 381 430 527 342 363 177 379 413 1149 1089 320 576 251 642 809 398 470 540 547 298 651 620 970 436 290 112 259 453 596 660 1089 512 300 531 1025 412 411 471 607 437 0 1026 496 790 493 417 1228 570
156 431 462 1351 1503 1501 113 549 1393 803 1408 1228 1278 1374 1280 1211 1115 1227 820 240 180 1168 1424 917 1490 565 1246 860 1388 1395 1146 522 1468 474 844 819 1050 1107 1301 1444 709 180 1360 1238 1379 33 1260 819 1319 1455 1285 1038 0 1344 546 1341 1264 319 1418
1372 1233 1264 810 962 250 1328 1182 852 874 867 687 737 833 739 670 574 378 719 1456 1395 319 241 558 949 1116 244 777 847 854 297 957 146 1277 743 597 508 566 760 903 967 1396 819 697 378 1332 719 718 66 914 744 496 1333 0 1096 158 723 1535 877
574 435 466 1103 1255 1253 530 384 1145 555 1161 980 1030 1126 1032 963 867 979 572 657 597 920 1176 669 1242 57 998 612 1140 1147 898 270 1220 478 596 571 802 859 1053 1196 208 598 1112 990 1131 534 1012 571 1071 1207 1037 790 535 1096 0 1093 1016 736 1170
1369 1230 1261 806 959 176 1325 1178 848 870 864 684 733 830 735 666 570 374 716 1452 1392 316 99 555 945 1112 241 774 843 850 294 954 281 1273 740 593 505 562 756 899 963 1392 815 693 374 1328 715 714 132 910 740 493 1329 158 1093 0 720 1531 873
1292 1153 1185 356 399 880 1248 1102 164 794 365 253 49 399 659 236 494 606 640 1376 1315 547 803 478 385 1036 625 697 390 420 525 877 847 1197 663 517 429 262 72 223 887 1316 384 617 758 1252 31 638 698 234 56 417 1253 723 1016 720 0 1455 189
446 307 338 1227 1379 1377 402 425 1269 679 1284 1104 1154 1250 1156 1087 991 1103 696 529 469 1044 1300 793 1366 441 1122 736 1264 1271 1022 398 1344 350 720 695 926 983 1177 1320 585 470 1236 1114 1255 406 1136 695 1195 1331 1161 914 407 1220 422 1217 1140 0 1294
1446 1307 1338 265 308 1034 1402 1256 73 948 275 370 203 395 812 352 648 759 793 1530 1469 701 957 632 294 1190 779 851 299 416 679 1031 1001 1351 817 670 582 399 226 132 1040 1470 325 771 912 1406 185 792 852 144 209 570 1407 877 1170 873 189 1609 0
EOF
