NAME : tsp_problem
TYPE : TSP
DIMENSION : 54
EDGE_WEIGHT_TYPE : EXPLICIT
EDGE_WEIGHT_FORMAT : FULL_MATRIX
EDGE_WEIGHT_SECTION
0 898 1066 529 899 833 992 400 694 930 1013 869 169 850 794 1058 1041 958 753 575 377 843 430 1025 795 907 711 1109 1065 373 1111 952 904 859 811 247 876 127 1054 1031 502 155 822 417 723 1080 381 692 865 1012 1113 697 713 763
898 0 832 614 311 302 1608 539 1310 88 226 1485 760 616 560 310 196 115 1369 1191 760 609 637 1640 114 319 477 875 831 756 877 718 61 625 222 929 259 875 403 380 1118 847 1437 795 1339 289 649 1308 631 235 356 1313 256 1378
1066 832 0 781 832 767 1775 707 1477 864 946 1653 927 476 294 992 975 891 1537 1358 927 469 804 1808 729 840 645 138 354 923 140 425 837 332 744 1097 810 1043 988 965 1285 1015 1605 962 1506 1014 816 1475 338 946 1047 1480 647 1546
529 614 781 0 614 548 1239 170 941 645 728 1116 391 565 509 774 757 673 1000 822 224 558 172 1271 511 622 427 824 780 233 826 667 619 574 526 560 592 506 769 746 749 478 1068 215 970 795 206 939 580 728 828 944 429 1009
899 311 832 614 0 376 1608 540 1310 342 297 1486 760 617 560 170 302 370 1370 1191 761 609 637 1641 208 33 478 875 831 756 877 718 316 625 137 930 420 876 166 143 1118 848 1438 795 1339 192 649 1309 632 297 225 1313 256 1379
833 302 767 548 376 0 1543 474 1245 280 305 1420 695 551 495 390 276 243 1304 1126 695 544 571 1575 273 384 412 810 766 691 812 653 297 560 288 864 100 810 483 460 1052 782 1372 730 1274 368 584 1243 566 315 436 1248 147 1313
665 1281 1449 912 1282 1216 0 783 195 1313 1395 370 583 1233 1177 1441 1424 1340 218 464 760 1226 813 78 1178 1290 1094 1492 1448 755 1494 1335 1287 1242 1194 449 1259 575 1437 1414 371 547 322 800 188 1463 764 157 1248 1395 1496 162 1096 263
400 539 707 170 540 474 1109 0 811 571 654 987 261 491 435 700 682 599 870 692 261 484 138 1142 437 548 352 750 706 257 752 593 545 500 452 430 518 377 695 672 619 349 939 296 840 721 150 809 506 653 754 814 354 880
997 1613 1780 1244 1613 1548 384 1114 0 1644 1727 261 915 1565 1508 1773 1756 1672 556 796 1091 1557 1145 416 1510 1621 1426 1823 1779 1087 1825 1666 1618 1573 1525 781 1591 907 1769 1745 703 879 213 1131 526 1795 1096 495 1579 1727 1827 500 1428 154
930 88 864 645 342 280 1640 571 1342 0 203 1517 792 648 592 288 174 141 1401 1222 792 641 668 1672 146 350 509 907 862 788 909 750 93 657 254 961 237 907 381 358 1149 879 1469 827 1371 266 680 1340 663 213 334 1345 287 1410
1013 226 946 728 297 305 1722 654 1424 203 0 1599 874 730 674 187 74 166 1483 1305 874 723 751 1755 322 305 592 989 945 870 991 832 220 739 251 1043 262 990 281 258 1232 962 1552 909 1453 166 763 1422 745 113 233 1427 370 1493
763 1379 1546 1010 1380 1314 143 880 293 1411 1493 0 681 1331 1274 1539 1522 1438 316 562 857 1323 911 176 1276 1388 1192 1590 1545 853 1591 1432 1384 1340 1291 547 1357 673 1535 1512 469 645 420 898 285 1561 862 255 1346 1493 1594 259 1194 361
169 760 927 391 760 695 910 261 612 792 874 787 0 712 655 920 903 819 671 493 238 704 292 942 657 768 573 970 926 234 972 813 765 720 672 231 738 177 916 893 420 149 739 279 641 942 243 610 726 874 975 615 575 680
850 616 476 565 617 551 1560 491 1262 648 730 1437 712 0 204 776 759 675 1321 1143 712 31 588 1592 513 625 429 519 475 708 521 362 622 269 529 881 594 827 772 749 1069 799 1389 747 1291 798 601 1260 275 730 831 1265 431 1330
794 560 294 509 560 495 1503 435 1205 592 674 1381 655 204 0 720 703 619 1264 1086 655 196 532 1536 457 568 373 337 293 651 339 180 565 87 472 825 538 771 716 693 1013 743 1333 690 1234 742 544 1203 93 674 775 1208 375 1274
1058 310 992 774 170 390 1768 700 1470 288 187 1645 920 776 720 0 158 251 1529 1351 920 769 797 1801 367 181 638 1035 991 916 1037 878 305 785 296 1089 347 1035 120 97 1278 1007 1598 955 1499 48 809 1468 791 197 81 1473 416 1539
1041 196 975 757 302 276 1751 682 1453 174 74 1628 903 759 703 158 0 137 1512 1334 903 752 780 1783 294 313 620 1018 974 899 1020 861 191 768 279 1072 233 1018 251 228 1261 990 1580 938 1482 137 792 1451 774 84 204 1456 399 1521
958 115 891 673 370 243 1667 599 1369 141 166 1544 819 675 619 251 137 0 1428 1250 819 668 696 1700 174 378 537 934 890 815 936 777 121 684 282 988 200 935 344 321 1177 907 1497 854 1398 229 708 1367 690 176 297 1372 315 1438
572 1187 1355 818 1188 1122 787 689 490 1219 1302 665 489 1139 1083 1348 1330 1247 0 370 666 1132 720 820 1085 1196 1000 1398 1354 662 1400 1241 1193 1148 1100 356 1166 481 1343 1320 278 453 617 706 86 1369 670 488 1154 1301 1402 493 1002 558
713 1329 1496 960 1329 1264 515 830 217 1360 1443 393 631 1281 1224 1489 1472 1388 276 0 807 1273 861 548 1226 1337 1142 1539 1495 803 1541 1382 1334 1289 1241 497 1307 623 1485 1461 419 595 345 847 246 1511 812 215 1295 1443 1544 220 1144 286
377 760 927 224 761 695 1086 261 788 792 874 964 238 712 655 920 903 819 847 669 0 704 186 1119 657 769 573 971 926 82 972 813 765 720 672 407 738 354 916 893 596 326 916 64 817 942 194 786 727 874 975 791 575 857
843 609 469 558 609 544 1552 484 1254 641 723 1430 704 31 196 769 752 668 1313 1135 704 0 581 1585 506 617 422 512 467 700 513 354 614 262 521 873 587 820 765 741 1062 792 1382 739 1283 791 593 1252 268 723 824 1257 424 1323
430 637 804 172 637 571 1140 138 842 668 751 1017 292 588 532 797 780 696 901 723 186 581 0 1172 534 645 450 847 803 195 849 690 642 597 549 461 615 407 793 769 650 379 969 177 871 819 167 840 603 751 851 845 452 911
698 1314 1481 945 1314 1249 78 815 227 1345 1428 403 616 1266 1209 1474 1457 1373 250 497 792 1258 846 0 1211 1322 1127 1524 1480 788 1526 1367 1319 1274 1226 482 1292 608 1470 1446 404 580 355 832 220 1496 797 189 1280 1428 1529 194 1129 296
795 114 729 511 208 273 1505 437 1207 146 322 1382 657 513 457 367 294 174 1266 1088 657 506 534 1538 0 216 375 772 728 653 774 615 120 522 120 826 316 772 363 340 1015 744 1334 692 1236 386 546 1205 528 321 422 1210 153 1276
907 319 840 622 33 384 1616 548 1318 350 305 1494 768 625 568 181 313 378 1378 1199 769 617 645 1649 216 0 486 884 839 765 885 726 324 633 145 938 428 884 177 154 1126 856 1446 803 1347 203 657 1317 640 305 236 1321 264 1387
711 477 645 427 478 412 1421 352 1123 509 592 1298 573 429 373 638 620 537 1182 1004 573 422 450 1453 375 486 0 688 644 569 690 531 483 438 390 742 456 688 633 610 931 660 1250 608 1152 659 462 1121 444 591 692 1126 292 1191
1109 875 138 824 875 810 1818 750 1520 907 989 1696 970 519 337 1035 1018 934 1580 1401 971 512 847 1851 772 884 688 0 273 966 59 468 880 375 787 1140 853 1086 1031 1008 1328 1058 1648 1005 1549 1057 859 1519 381 989 1090 1523 690 1589
1065 831 354 780 831 766 1774 706 1476 862 945 1651 926 475 293 991 974 890 1535 1357 926 467 803 1807 728 839 644 273 0 922 241 424 836 331 743 1095 809 1042 987 963 1284 1014 1604 961 1505 1013 815 1474 337 945 1045 1479 646 1545
373 756 923 233 756 691 1082 257 784 788 870 959 234 708 651 916 899 815 843 665 82 700 195 1115 653 765 569 966 922 0 968 809 761 716 668 403 734 350 912 889 592 322 912 73 813 938 203 782 723 870 971 787 571 853
1111 877 140 826 877 812 1820 752 1522 909 991 1698 972 521 339 1037 1020 936 1581 1403 972 513 849 1853 774 885 690 59 241 968 0 470 882 377 789 1142 855 1088 1033 1010 1330 1060 1650 1007 1551 1059 861 1520 383 991 1092 1525 692 1591
952 718 425 667 718 653 1661 593 1363 750 832 1539 813 362 180 878 861 777 1423 1244 813 354 690 1694 615 726 531 468 424 809 470 0 723 214 630 983 696 929 874 851 1171 901 1491 848 1392 900 702 1361 112 832 933 1366 533 1432
904 61 837 619 316 297 1613 545 1315 93 220 1491 765 622 565 305 191 121 1374 1196 765 614 642 1646 120 324 483 880 836 761 882 723 0 630 228 934 254 881 398 375 1123 853 1443 800 1344 283 654 1313 636 230 351 1318 261 1384
859 625 332 574 625 560 1568 500 1270 657 739 1446 720 269 87 785 768 684 1330 1151 720 262 597 1601 522 633 438 375 331 716 377 214 630 0 537 890 603 836 781 758 1078 808 1398 755 1299 807 609 1268 127 739 840 1273 440 1339
811 222 744 526 137 288 1520 452 1222 254 251 1398 672 529 472 296 279 282 1281 1103 672 521 549 1553 120 145 390 787 743 668 789 630 228 537 0 842 331 788 292 269 1030 760 1350 707 1251 318 561 1220 543 250 351 1225 168 1291
247 929 1097 560 930 864 776 430 478 961 1043 653 231 881 825 1089 1072 988 537 359 407 873 461 808 826 938 742 1140 1095 403 1142 983 934 890 842 0 907 223 1085 1062 286 195 605 448 507 1111 412 476 896 1043 1144 481 744 547
876 259 810 592 420 100 1586 518 1288 237 262 1463 738 594 538 347 233 200 1347 1169 738 587 615 1619 316 428 456 853 809 734 855 696 254 603 331 907 0 853 440 417 1096 825 1415 773 1317 325 627 1286 609 272 393 1291 191 1357
127 875 1043 506 876 810 902 377 604 907 990 779 177 827 771 1035 1018 935 663 485 354 820 407 934 772 884 688 1086 1042 350 1088 929 881 836 788 223 853 0 1031 1008 412 123 731 394 633 1057 358 602 842 989 1090 607 690 672
1054 403 988 769 166 483 1764 695 1466 381 281 1641 916 772 716 120 251 344 1525 1347 916 765 793 1796 363 177 633 1031 987 912 1033 874 398 781 292 1085 440 1031 0 71 1274 1003 1593 951 1495 141 805 1464 787 291 174 1469 412 1534
1031 380 965 746 143 460 1740 672 1443 358 258 1618 893 749 693 97 228 321 1502 1323 893 741 769 1773 340 154 610 1008 963 889 1010 851 375 758 269 1062 417 1008 71 0 1250 980 1570 928 1472 118 781 1441 764 267 151 1446 388 1511
373 989 1156 620 989 924 720 490 422 1021 1103 597 291 941 884 1149 1132 1048 481 303 467 933 521 753 886 997 802 1199 1155 463 1201 1042 994 949 901 157 967 283 1145 1122 0 255 550 508 451 1171 472 420 956 1103 1204 425 804 491
155 847 1015 478 848 782 874 349 576 879 962 751 149 799 743 1007 990 907 635 457 326 792 379 906 744 856 660 1058 1014 322 1060 901 853 808 760 195 825 123 1003 980 384 0 703 366 605 1029 330 574 814 961 1062 579 662 644
877 1493 1660 1124 1493 1428 264 994 402 1524 1607 141 795 1445 1388 1653 1636 1552 436 676 971 1437 1025 296 1390 1501 1306 1703 1659 967 1705 1546 1498 1453 1405 661 1471 787 1649 1625 583 759 0 1011 406 1675 976 375 1459 1607 1708 380 1308 471
417 795 962 215 795 730 1127 296 829 827 909 1004 279 747 690 955 938 854 888 709 64 739 177 1159 692 803 608 1005 961 73 1007 848 800 755 707 448 773 394 951 928 636 366 956 0 858 977 185 827 762 909 1010 832 610 897
542 1157 1325 788 1158 1092 757 659 459 1189 1272 635 459 1109 1053 1317 1300 1217 86 340 636 1102 689 790 1054 1166 970 1368 1324 632 1370 1211 1163 1118 1070 325 1135 451 1313 1290 247 423 587 676 0 1339 640 457 1124 1271 1372 462 972 528
1080 289 1014 795 192 368 1790 721 1492 266 166 1667 942 798 742 48 137 229 1551 1373 942 791 819 1822 386 203 659 1057 1013 938 1059 900 283 807 318 1111 325 1057 141 118 1299 1029 1619 977 1521 0 831 1490 813 176 94 1495 437 1560
381 649 816 206 649 584 1091 150 793 680 763 968 243 601 544 809 792 708 852 674 194 593 167 1123 546 657 462 859 815 203 861 702 654 609 561 412 627 358 805 781 601 330 920 185 822 831 0 791 615 763 863 796 464 861
644 1260 1428 891 1261 1195 472 762 174 1292 1374 349 562 1212 1156 1420 1403 1319 197 443 738 1205 792 504 1157 1269 1073 1471 1426 734 1473 1314 1265 1221 1173 428 1238 554 1416 1393 350 526 301 779 167 1442 743 0 1227 1374 1475 49 1075 242
865 631 338 580 632 566 1574 506 1277 663 745 1452 726 275 93 791 774 690 1336 1157 727 268 603 1607 528 640 444 381 337 723 383 112 636 127 543 896 609 842 787 764 1084 814 1404 762 1306 813 615 1275 0 745 846 1280 446 1345
1012 235 946 728 297 315 1722 653 1424 213 113 1599 874 730 674 197 84 176 1483 1305 874 723 751 1754 321 305 591 989 945 870 991 832 230 739 250 1043 272 989 291 267 1232 961 1551 909 1453 176 763 1422 745 0 243 1427 370 1492
1113 356 1047 828 225 436 1823 754 1525 334 233 1700 975 831 775 81 204 297 1584 1406 975 824 851 1855 422 236 692 1090 1045 971 1092 933 351 840 351 1144 393 1090 174 151 1332 1062 1652 1010 1554 94 863 1523 846 243 0 1528 470 1593
649 1265 1433 896 1266 1200 476 766 179 1297 1379 354 567 1217 1161 1425 1408 1324 202 448 743 1209 797 509 1162 1274 1078 1476 1431 739 1478 1319 1270 1226 1178 433 1243 559 1421 1398 355 531 306 784 172 1447 748 49 1232 1379 1480 0 1080 247
713 256 647 429 256 147 1423 354 1125 287 370 1300 575 431 375 416 399 315 1184 1006 575 424 452 1455 153 264 292 690 646 571 692 533 261 440 168 744 191 690 412 388 933 662 1252 610 1154 437 464 1123 446 370 470 1128 0 1193
943 1558 1726 1189 1559 1493 329 1060 468 1590 1673 207 860 1510 1454 1719 1701 1618 502 741 1037 1503 1090 362 1455 1567 1371 1769 1725 1033 1771 1612 1564 1519 1471 726 1536 852 1714 1691 648 824 159 1077 472 1740 1041 441 1525 1672 1773 446 1373 0
EOF