NAME : tsp_problem
TYPE : TSP
DIMENSION : 32
EDGE_WEIGHT_TYPE : EXPLICIT
EDGE_WEIGHT_FORMAT : FULL_MATRIX
EDGE_WEIGHT_SECTION
0 1213 1010 576 1158 1126 582 751 336 554 1053 730 1191 1099 375 476 1224 309 1086 502 335 435 426 1233 1373 1201 788 1047 1219 1138 498 620
1419 0 636 704 784 444 709 695 1059 1524 679 1700 818 726 1344 1445 850 1278 712 1472 937 1405 1396 860 219 827 597 673 846 98 1468 864
1216 636 0 500 182 549 506 492 856 1321 94 1496 260 140 1141 1242 293 1075 127 1268 734 1202 1193 302 796 225 394 470 244 561 1265 661
782 704 500 0 648 616 54 236 422 887 543 1063 682 590 707 808 714 641 577 835 300 768 759 724 863 691 279 537 710 628 831 210
1364 784 182 648 0 697 654 640 1004 1469 122 1644 241 84 1289 1390 341 1223 89 1417 882 1350 1341 433 944 124 542 618 98 709 1413 809
1332 444 549 616 697 0 622 608 971 1437 592 1612 730 638 1257 1358 763 1191 625 1384 850 1318 1309 772 604 740 510 586 758 369 1380 777
788 709 506 54 654 622 0 231 427 892 549 1068 687 595 713 814 720 647 582 840 305 773 764 729 869 697 284 543 715 633 836 205
957 695 492 236 640 608 231 0 596 1061 535 1237 673 581 882 983 706 816 568 1009 475 942 933 715 855 683 270 529 702 620 1005 207
542 1059 856 422 1004 971 427 596 0 647 899 822 1037 945 467 568 1070 401 932 595 180 528 519 1079 1219 1046 634 892 1065 983 591 466
398 1579 1376 942 1524 1492 948 1117 702 0 1419 267 1557 1465 741 424 1590 675 1452 475 701 409 400 1599 1739 1567 1154 1413 1586 1504 472 986
1259 679 94 543 122 592 549 535 899 1364 0 1539 303 85 1184 1285 336 1118 90 1312 777 1245 1236 345 839 165 437 513 183 604 1308 704
453 1641 1438 1004 1586 1554 1010 1179 764 594 1481 0 1619 1527 803 479 1652 737 1514 541 763 475 466 1661 1801 1629 1216 1475 1647 1565 537 1048
1397 818 260 682 241 730 687 673 1037 1502 303 1678 0 308 1322 1423 299 1256 313 1450 915 1383 1374 356 977 208 575 651 182 742 1446 842
1305 726 140 590 84 638 595 581 945 1410 85 1586 308 0 1230 1331 382 1164 52 1358 823 1291 1282 391 885 127 483 559 146 650 1354 750
178 1356 1152 719 1300 1268 724 893 478 283 1195 459 1334 1242 0 205 1366 451 1228 231 477 164 155 1376 1515 1343 931 1189 1362 1280 227 763
75 1264 1060 627 1209 1176 632 801 387 605 1104 780 1242 1150 425 0 1274 359 1137 553 385 486 477 1284 1424 1251 839 1097 1270 1188 549 671
1430 850 293 714 341 763 720 706 1070 1535 336 1710 299 382 1355 1456 0 1289 369 1483 948 1416 1407 119 1010 308 608 684 282 775 1479 875
239 1416 1213 779 1361 1329 785 954 539 344 1256 519 1394 1302 164 265 1427 0 1289 292 538 225 216 1436 1576 1404 991 1250 1423 1341 288 823
1292 712 127 577 89 625 582 568 932 1397 90 1572 313 52 1217 1318 369 1151 0 1345 810 1278 1269 378 872 132 470 546 151 637 1341 737
470 1652 1448 1015 1596 1564 1020 1189 774 164 1491 339 1630 1538 813 496 1662 747 1525 0 773 481 472 1672 1811 1639 1227 1485 1658 1576 45 1059
541 937 734 300 882 850 305 475 180 645 777 821 915 823 466 567 948 400 810 593 0 526 517 957 1097 925 512 771 943 861 589 344
526 1708 1505 1071 1653 1620 1076 1245 831 220 1548 395 1686 1594 869 552 1719 803 1581 168 829 0 68 1728 1868 1695 1283 1541 1714 1632 164 1115
517 1699 1495 1062 1643 1611 1067 1236 821 211 1538 386 1677 1585 860 543 1709 794 1571 158 820 68 0 1719 1858 1686 1274 1532 1705 1623 154 1106
1439 860 302 724 433 772 729 715 1079 1544 345 1720 356 391 1364 1466 119 1298 378 1492 957 1425 1416 0 1019 400 617 693 374 784 1488 884
1579 219 796 863 944 604 869 855 1219 1684 839 1859 977 885 1504 1605 1010 1438 872 1632 1097 1565 1556 1019 0 987 757 833 1006 258 1628 1024
1407 827 225 691 124 740 697 683 1046 1511 165 1687 208 127 1332 1433 308 1266 132 1459 925 1392 1383 400 987 0 585 660 65 751 1455 851
994 597 394 279 542 510 284 270 634 1099 437 1275 575 483 920 1021 608 853 470 1047 512 980 971 617 757 585 0 431 603 521 1043 439
1253 673 470 537 618 586 543 529 892 1357 513 1533 651 559 1178 1279 684 1112 546 1305 771 1238 1229 693 833 660 431 0 679 597 1301 697
1425 846 244 710 98 758 715 702 1065 1530 183 1706 182 146 1351 1452 282 1285 151 1478 943 1411 1402 374 1006 65 603 679 0 770 1474 870
1343 98 561 628 709 369 633 620 983 1448 604 1624 742 650 1269 1370 775 1203 637 1396 861 1329 1320 784 258 751 521 597 770 0 1392 788
466 1648 1444 1011 1592 1560 1016 1185 770 160 1487 335 1626 1534 809 492 1658 743 1521 45 769 477 468 1668 1807 1635 1223 1481 1654 1572 0 1055
826 864 661 210 809 777 205 207 466 931 704 1107 842 750 752 853 875 685 737 879 344 812 803 884 1024 851 439 697 870 788 875 0
EOF