NAME : tsp_problem
TYPE : TSP
DIMENSION : 56
EDGE_WEIGHT_TYPE : EXPLICIT
EDGE_WEIGHT_FORMAT : FULL_MATRIX
EDGE_WEIGHT_SECTION
0 520 735 428 85 462 201 97 680 763 823 545 118 295 62 619 312 641 726 68 531 582 431 246 685 842 159 164 607 812 693 782 772 825 117 666 757 738 209 705 731 243 546 279 273 854 926 1057 761 504 331 943 848 486 743 236
520 0 1215 908 565 189 469 487 1160 713 372 113 598 774 514 215 792 237 676 519 99 1061 380 552 280 1321 610 615 1086 326 265 732 314 775 597 262 263 334 689 211 681 722 496 758 405 1334 1405 1536 710 230 810 1422 798 435 1222 715
1038 1518 0 858 994 1459 1198 1094 864 1760 1820 1542 1028 785 1060 1616 1041 1638 1723 1065 1528 934 1428 1243 1682 607 1156 1161 790 1809 1690 1779 1769 1822 1027 1663 1754 1735 942 1702 1728 852 1543 802 1270 620 280 411 1758 1501 990 297 1845 1483 64 969
428 908 555 0 384 849 588 484 500 1150 1210 932 418 175 450 1006 213 1028 1113 455 918 402 818 633 1072 662 546 551 427 1199 1080 1169 1159 1212 417 1053 1144 1125 286 1092 1118 242 933 192 660 674 746 877 1148 891 162 763 1235 873 563 258
85 565 691 384 0 507 245 141 636 807 867 589 75 251 107 663 268 685 770 112 575 538 475 290 729 798 203 208 563 856 737 826 816 869 74 710 801 782 165 749 775 199 590 234 317 810 882 1013 805 548 287 898 892 530 699 192
462 189 1157 849 507 0 411 429 1102 655 436 213 540 716 456 287 734 309 618 461 199 1003 322 494 353 1263 552 557 1028 390 253 674 378 717 539 335 327 406 630 304 623 664 438 700 347 1276 1347 1478 652 126 752 1364 739 377 1164 657
201 469 895 588 245 411 0 167 840 712 772 493 278 455 194 568 472 590 675 199 480 742 379 111 633 1002 196 191 767 760 642 731 720 774 277 615 706 687 369 654 680 403 495 438 221 1014 1086 1217 709 452 491 1102 796 434 902 396
97 487 791 484 141 429 167 0 736 730 790 511 174 351 90 586 368 608 693 96 498 638 397 185 651 898 163 157 663 778 660 749 738 792 173 633 724 705 265 672 698 299 513 334 239 910 982 1113 727 470 387 998 814 452 799 292
692 1171 158 512 648 1113 851 748 0 1414 1474 1195 681 438 713 1270 694 1292 1377 719 1182 588 1081 896 1335 265 809 815 444 1462 1344 1433 1422 1476 680 1317 1408 1389 596 1356 1382 506 1197 456 923 278 349 480 1411 1154 643 366 1498 1136 166 623
763 713 1457 1150 807 655 712 730 1402 0 1016 737 840 1017 756 812 1034 833 277 762 724 1304 623 795 877 1564 852 858 1329 1004 885 330 964 114 839 859 949 930 931 897 51 965 278 1000 647 1576 1648 1779 49 696 1053 1664 136 370 1465 958
823 372 1518 1210 867 436 772 790 1463 1016 0 338 901 1077 817 255 1095 245 979 822 361 1364 683 855 161 1624 913 918 1389 74 203 1035 125 1078 900 184 137 111 991 177 984 1025 799 1061 708 1637 1708 1839 1013 394 1113 1725 1100 738 1525 1018
545 113 1239 932 589 213 493 511 1184 737 338 0 622 799 538 239 816 261 701 543 124 1086 405 577 305 1346 634 639 1111 292 232 757 280 799 621 286 229 358 713 177 705 746 520 782 429 1358 1430 1561 735 254 835 1446 822 460 1246 740
118 598 725 418 75 540 278 174 670 840 901 622 0 284 140 696 302 718 804 145 608 572 508 247 762 831 200 194 597 889 770 860 849 902 89 744 834 815 199 782 808 232 623 268 350 844 915 1046 838 581 320 932 925 563 732 225
295 774 482 175 251 716 455 351 427 1017 1077 799 284 0 316 873 297 895 980 322 785 329 684 499 938 589 412 418 354 1065 947 1036 1026 1079 283 920 1011 992 199 959 985 109 800 86 526 601 673 804 1014 757 247 689 1101 739 489 226
62 514 757 450 107 456 194 90 702 756 817 538 140 316 0 612 334 634 720 43 524 603 424 203 678 863 134 139 628 805 686 776 765 818 139 660 750 731 231 698 724 264 539 300 266 876 947 1078 754 497 352 964 841 479 764 257
619 215 1313 1006 663 287 568 586 1258 812 255 239 696 873 612 0 890 208 775 618 226 1160 479 651 251 1420 708 714 1185 209 274 831 169 874 695 233 209 305 787 249 780 821 595 857 504 1433 1504 1635 809 329 909 1521 896 534 1321 814
312 792 738 213 268 734 472 368 683 1034 1095 816 302 297 334 890 0 912 998 339 803 584 702 517 956 844 430 435 609 1083 964 1054 1043 1096 301 938 1028 1009 125 976 1002 225 817 281 544 857 928 1059 1032 775 71 945 1119 757 745 98
641 237 1335 1028 685 309 590 608 1280 833 245 261 718 895 634 208 912 0 797 640 247 1182 501 673 106 1442 730 736 1207 291 420 853 342 896 717 96 354 159 809 394 802 843 617 879 525 1454 1526 1657 831 350 931 1543 918 556 1343 836
726 676 1421 1113 770 618 675 693 1366 277 979 701 804 980 720 775 998 797 0 725 687 1267 586 758 840 1527 816 821 1292 967 849 158 928 303 803 822 913 894 894 861 245 928 241 964 611 1540 1611 1742 274 659 1016 1628 284 334 1428 921
68 519 762 455 112 461 199 96 707 762 822 543 145 322 43 618 339 640 725 0 530 609 429 198 683 869 139 145 634 810 692 781 771 824 144 665 756 737 236 704 730 270 545 305 271 881 953 1084 759 502 358 969 846 484 770 263
531 99 1226 918 575 199 480 498 1171 724 361 124 608 785 524 226 803 247 687 530 0 1072 391 563 291 1332 620 626 1097 315 254 743 303 786 608 273 252 344 699 200 692 733 507 769 416 1345 1416 1547 721 241 821 1433 808 446 1233 726
498 978 494 319 454 920 658 554 439 1220 1281 1002 488 245 520 1077 501 1099 1184 525 989 0 888 703 1142 600 616 621 365 1269 1150 1240 1229 1283 487 1124 1214 1195 403 1162 1188 313 1003 262 730 613 684 815 1218 961 450 701 1305 943 501 429
431 380 1125 818 475 322 379 397 1070 623 683 405 508 684 424 479 702 501 586 429 391 971 0 462 545 1231 520 525 997 672 553 642 632 685 507 526 617 598 599 565 591 632 406 668 315 1244 1315 1446 621 363 720 1332 708 346 1132 625
246 552 940 633 290 494 111 185 885 795 855 577 247 499 203 651 517 673 758 198 563 786 462 0 717 1046 109 103 812 844 725 814 804 857 258 698 789 770 414 737 763 447 578 483 304 1059 1130 1261 792 535 535 1147 879 517 947 440
685 280 1379 1072 729 353 633 651 1324 877 161 305 762 938 678 251 956 106 840 683 291 1226 545 717 0 1485 774 779 1251 207 336 896 258 939 761 45 270 76 853 310 845 886 660 922 569 1498 1569 1701 875 394 975 1586 962 600 1386 880
527 1007 408 348 483 949 687 583 353 1249 1310 1031 517 274 549 1106 530 1128 1213 554 1018 424 917 732 1171 0 645 650 280 1298 1179 1269 1258 1312 516 1153 1243 1224 432 1191 1217 342 1032 291 759 73 598 729 1247 990 479 615 1334 972 415 458
159 610 853 546 203 552 196 163 798 852 913 634 200 412 134 708 430 730 816 139 620 699 520 109 774 959 0 56 724 901 782 872 861 914 210 756 846 827 327 794 820 360 635 396 362 972 1043 1174 850 593 448 1060 937 575 860 353
164 615 858 551 208 557 191 157 803 858 918 639 194 418 139 714 435 736 821 145 626 705 525 103 779 965 56 0 730 906 788 877 867 920 205 761 852 833 332 800 826 366 641 401 367 977 1049 1180 855 598 454 1065 942 580 866 359
745 1224 212 565 701 1166 905 801 157 1467 1527 1249 735 492 766 1323 747 1345 1430 772 1235 641 1135 950 1389 318 863 868 0 1516 1397 1486 1476 1529 734 1370 1461 1442 649 1409 1435 559 1250 509 977 331 402 533 1465 1208 697 419 1552 1190 219 676
812 326 1506 1199 856 390 760 778 1451 1004 74 292 889 1065 805 209 1083 291 967 810 315 1353 672 844 207 1612 901 906 1378 0 157 1023 79 1066 888 230 91 157 980 131 972 1013 787 1049 696 1625 1696 1827 1002 348 1102 1713 1089 727 1513 1006
693 265 1387 1080 737 253 642 660 1332 885 203 232 770 947 686 274 964 420 849 692 254 1234 553 725 336 1494 782 788 1259 157 0 905 145 948 769 359 94 286 861 71 853 895 668 930 577 1506 1578 1709 883 211 983 1594 970 608 1395 888
782 732 1477 1169 826 674 731 749 1422 330 1035 757 860 1036 776 831 1054 853 158 781 743 1323 642 814 896 1583 872 877 1348 1023 905 0 984 234 859 878 969 950 950 917 301 984 297 1020 667 1596 1667 1798 328 715 1072 1684 216 390 1484 977
772 314 1466 1159 816 378 720 738 1411 964 125 280 849 1026 765 169 1043 342 928 771 303 1313 632 804 258 1573 861 867 1338 79 145 984 0 1026 848 281 79 208 940 119 932 974 747 1009 656 1585 1657 1788 962 336 1062 1673 1049 687 1474 967
825 775 1519 1212 869 717 774 792 1464 114 1078 799 902 1079 818 874 1096 896 303 824 786 1366 685 857 939 1626 914 920 1391 1066 948 234 1026 0 901 921 1012 993 993 960 113 1027 340 1063 710 1639 1710 1841 111 758 1115 1727 40 432 1527 1020
117 597 724 417 74 539 277 173 669 839 900 621 89 283 139 695 301 717 803 144 608 571 507 258 761 830 210 205 596 888 769 859 848 901 0 743 833 814 198 781 807 231 622 267 349 843 914 1045 837 580 319 931 924 562 731 224
666 262 1361 1053 710 335 615 633 1306 859 184 286 744 920 660 233 938 96 822 665 273 1207 526 698 45 1467 756 761 1232 230 359 878 281 921 743 0 293 98 834 333 827 868 642 904 551 1480 1551 1682 856 376 956 1568 943 581 1368 861
757 263 1451 1144 801 327 706 724 1396 949 137 229 834 1011 750 209 1028 354 913 756 252 1298 617 789 270 1558 846 852 1323 91 94 969 79 1012 833 293 0 220 925 68 917 959 732 995 641 1570 1642 1773 947 285 1047 1659 1034 672 1459 952
738 334 1432 1125 782 406 687 705 1377 930 111 358 815 992 731 305 1009 159 894 737 344 1279 598 770 76 1539 827 833 1304 157 286 950 208 993 814 98 220 0 906 260 898 940 713 975 622 1551 1623 1754 928 447 1028 1639 1015 653 1440 933
209 689 640 286 165 630 369 265 585 931 991 713 199 199 231 787 125 809 894 236 699 486 599 414 853 746 327 332 511 980 861 950 940 993 198 834 925 906 0 873 899 147 714 183 441 759 830 961 929 672 144 847 1016 654 647 123
705 211 1399 1092 749 304 654 672 1344 897 177 177 782 959 698 249 976 394 861 704 200 1246 565 737 310 1506 794 800 1271 131 71 917 119 960 781 333 68 260 873 0 865 907 680 942 589 1518 1590 1721 895 262 995 1606 982 620 1407 900
731 681 1425 1118 775 623 680 698 1370 51 984 705 808 985 724 780 1002 802 245 730 692 1272 591 763 845 1532 820 826 1297 972 853 301 932 113 807 827 917 898 899 865 0 933 246 969 615 1544 1616 1747 49 664 1021 1632 136 338 1433 926
243 722 550 242 199 664 403 299 495 965 1025 746 232 109 264 821 225 843 928 270 733 396 632 447 886 656 360 366 421 1013 895 984 974 1027 231 868 959 940 147 907 933 0 748 93 474 669 740 871 962 705 174 757 1049 687 557 174
546 496 1240 933 590 438 495 513 1185 278 799 520 623 800 539 595 817 617 241 545 507 1087 406 578 660 1347 635 641 1112 787 668 297 747 340 622 642 732 713 714 680 246 748 0 783 430 1359 1431 1562 276 479 836 1447 363 153 1248 741
279 758 499 192 234 700 438 334 444 1000 1061 782 268 86 300 857 281 879 964 305 769 346 668 483 922 606 396 401 371 1049 930 1020 1009 1063 267 904 995 975 183 942 969 93 783 0 510 618 690 821 998 741 230 706 1085 723 507 210
273 405 967 660 317 347 221 239 912 647 708 429 350 526 266 504 544 525 611 271 416 813 315 304 569 1073 362 367 839 696 577 667 656 710 349 551 641 622 441 589 615 474 430 510 0 1086 1157 1288 645 388 562 1174 732 370 974 467
540 1020 420 360 496 961 700 596 366 1262 1322 1044 530 287 562 1118 543 1140 1225 567 1030 436 930 745 1184 73 658 663 292 1311 1192 1281 1271 1324 529 1165 1256 1237 444 1204 1230 354 1045 304 772 0 611 742 1260 1003 492 628 1347 985 428 471
867 1347 359 687 823 1289 1027 923 693 1589 1650 1371 857 614 889 1445 870 1467 1553 894 1358 764 1257 1072 1511 430 985 990 619 1638 1519 1609 1598 1651 856 1493 1583 1564 772 1531 1557 682 1372 631 1099 442 0 157 1587 1330 819 119 1674 1312 367 798
998 1478 490 818 954 1420 1158 1054 824 1720 1781 1502 988 745 1020 1577 1001 1598 1684 1025 1489 895 1388 1203 1642 561 1116 1121 751 1769 1650 1740 1729 1783 987 1624 1714 1695 903 1662 1688 813 1503 762 1230 573 157 0 1718 1461 950 250 1805 1443 498 929
761 710 1455 1148 805 652 709 727 1400 49 1013 735 838 1014 754 809 1032 831 274 759 721 1302 621 792 875 1561 850 855 1327 1002 883 328 962 111 837 856 947 928 929 895 49 962 276 998 645 1574 1645 1776 0 693 1050 1662 134 368 1462 955
504 230 1198 891 548 126 452 470 1143 696 394 254 581 757 497 329 775 350 659 502 241 1044 363 535 394 1304 593 598 1070 348 211 715 336 758 580 376 285 447 672 262 664 705 479 741 388 1317 1388 1519 693 0 793 1405 781 419 1205 698
331 810 687 162 287 752 491 387 632 1053 1113 835 320 247 352 909 71 931 1016 358 821 534 720 535 975 793 448 454 559 1102 983 1072 1062 1115 319 956 1047 1028 144 995 1021 174 836 230 562 806 877 1009 1050 793 0 894 1137 775 694 116
770 1249 261 590 726 1191 929 826 595 1492 1552 1273 759 516 791 1348 772 1370 1455 797 1260 666 1159 974 1413 332 887 893 522 1540 1422 1511 1500 1554 758 1395 1486 1467 674 1434 1460 584 1275 534 1001 345 452 583 1489 1232 721 0 1576 1214 269 701
848 798 1542 1235 892 739 796 814 1487 136 1100 822 925 1101 841 896 1119 918 284 846 808 1389 708 879 962 1648 937 942 1414 1089 970 216 1049 40 924 943 1034 1015 1016 982 136 1049 363 1085 732 1661 1732 1863 134 781 1137 1749 0 455 1549 1042
486 435 1180 873 530 377 434 452 1125 370 738 460 563 739 479 534 757 556 334 484 446 1027 346 517 600 1286 575 580 1052 727 608 390 687 432 562 581 672 653 654 620 338 687 153 723 370 1299 1370 1501 368 419 775 1387 455 0 1187 680
1045 1525 64 866 1001 1467 1205 1101 871 1767 1828 1549 1035 792 1067 1624 1048 1646 1731 1072 1536 942 1435 1250 1689 615 1163 1168 798 1816 1697 1787 1776 1830 1034 1671 1761 1742 950 1709 1735 860 1550 809 1277 627 287 418 1765 1508 997 304 1852 1490 0 976
236 715 666 258 192 657 396 292 611 958 1018 740 225 226 257 814 98 836 921 263 726 513 625 440 880 773 353 359 538 1006 888 977 967 1020 224 861 952 933 123 900 926 174 741 210 467 785 857 988 955 698 116 873 1042 680 674 0
EOF