NAME : tsp_problem
TYPE : TSP
DIMENSION : 28
EDGE_WEIGHT_TYPE : EXPLICIT
EDGE_WEIGHT_FORMAT : FULL_MATRIX
EDGE_WEIGHT_SECTION
0 731 660 782 192 612 164 1051 732 493 544 768 775 355 582 1021 286 160 828 208 346 712 824 346 316 306 460 883
731 0 409 1325 735 144 707 801 1275 425 1088 59 524 545 1125 771 879 833 354 575 536 462 351 708 567 849 548 386
660 409 0 1254 664 291 636 414 1203 354 1016 447 145 473 1054 384 808 762 506 504 464 83 503 637 496 778 476 561
468 1011 939 0 348 892 345 1331 461 773 274 1048 1054 635 312 1301 313 446 1108 488 625 992 1104 626 596 283 740 1162
192 735 664 662 0 616 69 1055 612 497 425 772 779 359 463 1025 217 142 832 212 350 716 828 350 320 187 464 887
612 144 291 1207 616 0 589 682 1156 307 969 182 406 426 1007 652 761 715 241 457 417 343 238 590 449 731 429 296
164 707 636 659 69 589 0 1027 609 469 422 744 751 331 459 997 213 167 804 184 322 688 801 322 292 183 436 859
1051 801 414 1645 1055 682 1027 0 1595 745 1408 838 537 865 1445 62 1199 1153 898 895 856 474 894 1028 888 1169 868 952
912 1455 1383 538 792 1336 789 1775 0 1217 718 1492 1498 1079 756 1745 757 890 1552 932 1069 1436 1548 1070 1040 727 1184 1606
493 425 354 1087 497 307 469 745 1037 0 850 463 469 307 887 715 642 595 522 337 298 406 519 470 330 611 310 577
682 1226 1154 313 563 1107 560 1546 263 988 0 1263 1269 850 113 1515 528 661 1322 703 840 1207 1319 841 811 498 955 1377
768 59 447 1362 772 182 744 838 1312 463 1125 0 562 582 1163 808 917 871 391 613 573 499 388 745 605 887 585 348
775 524 145 1369 779 406 751 537 1318 469 1131 562 0 588 1169 506 923 877 621 619 579 88 618 752 611 893 591 676
355 545 473 949 359 426 331 865 899 307 712 582 588 0 749 835 503 457 642 199 28 526 638 182 157 473 142 697
625 1168 1096 255 505 1049 502 1488 205 930 431 1205 1212 792 0 1458 470 603 1265 645 782 1149 1261 783 753 440 897 1320
1021 771 384 1615 1025 652 997 62 1565 715 1377 808 506 835 1415 0 1169 1123 867 865 825 444 864 998 857 1139 837 922
286 879 808 627 217 761 213 1199 577 642 390 917 923 503 427 1169 0 171 976 357 494 861 973 495 465 134 609 1031
160 833 762 761 142 715 167 1153 710 595 523 871 877 457 561 1123 171 0 930 310 448 814 927 449 419 202 563 985
828 354 506 1422 832 241 804 898 1372 522 1184 391 621 642 1222 867 976 930 0 672 632 559 108 805 664 946 644 81
208 575 504 802 212 457 184 895 752 337 565 613 619 199 602 865 357 310 672 0 190 556 669 158 161 327 283 727
346 536 464 940 350 417 322 856 889 298 702 573 579 28 740 825 494 448 632 190 0 517 629 191 166 464 152 687
712 462 83 1306 716 343 688 474 1256 406 1069 499 88 526 1106 444 861 814 559 556 517 0 555 689 549 831 529 614
824 351 503 1419 828 238 801 894 1368 519 1181 388 618 638 1219 864 973 927 108 669 629 555 0 801 661 943 641 74
346 708 637 940 350 590 322 1028 890 470 703 745 752 182 741 998 495 449 805 158 191 689 801 0 179 465 190 860
316 567 496 910 320 449 292 888 860 330 673 605 611 157 711 857 465 419 664 161 166 549 661 179 0 435 165 719
306 849 778 597 187 731 183 1169 547 611 360 887 893 473 397 1139 134 202 946 327 464 831 943 465 435 0 579 1001
460 548 476 1054 464 429 436 868 1004 310 817 585 591 142 855 837 609 563 644 283 152 529 641 190 165 579 0 699
883 386 561 1477 887 296 859 952 1426 577 1239 348 676 697 1277 922 1031 985 81 727 687 614 74 860 719 1001 699 0
EOF