NAME : tsp_problem
TYPE : TSP
DIMENSION : 22
EDGE_WEIGHT_TYPE : EXPLICIT
EDGE_WEIGHT_FORMAT : FULL_MATRIX
EDGE_WEIGHT_SECTION
0 721 665 1421 329 113 41 576 282 1267 803 420 586 396 1242 723 1492 1303 875 842 814 204
721 0 625 1381 749 630 713 312 703 1227 763 840 192 816 1202 201 1452 1263 835 802 774 539
665 625 0 884 693 574 657 479 646 731 212 784 490 760 706 627 955 766 339 305 277 482
1601 1561 1064 0 1628 1509 1592 1415 1582 763 1025 1720 1426 1695 738 1563 158 799 798 800 860 1418
329 749 693 1448 0 237 320 603 128 1295 830 266 614 84 1270 751 1519 1330 903 870 841 232
113 630 574 1329 237 0 104 484 191 1176 711 329 495 304 1151 632 1400 1211 784 751 722 113
41 713 657 1412 320 104 0 567 274 1259 794 412 578 387 1234 715 1483 1294 867 834 805 196
576 312 479 1235 603 484 567 0 557 1082 617 695 177 670 1057 314 1306 1117 689 656 628 393
282 703 646 1402 128 191 274 557 0 1249 784 163 568 195 1224 705 1473 1284 856 823 795 186
1309 1270 773 212 1337 1218 1301 1124 1291 0 734 1429 1134 1404 447 1271 283 94 506 508 569 1127
803 763 212 845 830 711 794 617 784 691 0 922 628 897 666 765 916 727 299 266 238 620
420 840 784 1540 266 329 412 695 163 1386 922 0 705 330 1361 842 1611 1422 994 961 933 324
586 192 490 1246 614 495 578 177 568 1092 628 705 0 681 1067 194 1317 1128 700 667 639 404
396 816 760 1515 84 304 387 670 195 1362 897 330 681 0 1337 818 1586 1397 970 937 908 299
1380 1340 844 283 1408 1289 1372 1195 1362 129 805 1499 1205 1475 0 1342 354 165 577 579 639 1198
723 201 627 1383 751 632 715 314 705 1229 765 842 194 818 1204 0 1454 1265 837 804 776 541
1547 1507 1011 470 1575 1456 1539 1361 1529 710 971 1666 1372 1642 685 1509 0 745 744 746 806 1365
1314 1274 778 217 1342 1223 1306 1128 1295 477 738 1433 1139 1409 452 1276 288 0 511 513 573 1131
875 835 339 618 903 784 867 689 856 464 299 994 700 970 439 837 689 500 0 74 134 693
842 802 305 620 870 751 834 656 823 466 266 961 667 937 441 804 691 502 74 0 101 659
814 774 277 680 841 722 805 628 795 526 238 933 639 908 501 776 751 562 134 101 0 631
204 539 482 1238 232 113 196 393 186 1085 620 324 404 299 1060 541 1309 1120 693 659 631 0
EOF