NAME : tsp_problem
TYPE : TSP
DIMENSION : 86
EDGE_WEIGHT_TYPE : EXPLICIT
EDGE_WEIGHT_FORMAT : FULL_MATRIX
EDGE_WEIGHT_SECTION
0 545 1179 1104 377 742 468 741 795 417 380 552 511 463 1167 448 800 619 418 625 547 597 1495 269 1112 374 594 137 635 440 619 1155 1306 550 438 1106 414 226 486 429 739 504 602 629 643 434 574 590 654 649 633 175 528 659 516 670 373 591 1341 373 570 1015 1169 65 446 580 690 57 283 1176 425 796 81 422 1364 285 156 1295 692 1176 701 659 684 566 1382 428
545 0 1336 1261 534 899 143 248 301 574 845 709 668 396 1324 250 957 397 351 132 350 272 1652 425 1269 531 397 602 141 373 294 1312 1463 224 155 1263 879 691 289 585 896 437 108 304 800 237 442 393 811 806 789 640 203 166 449 326 307 393 1498 530 459 1172 1326 530 602 92 847 510 748 1333 889 953 603 579 1521 750 621 1452 199 1332 858 166 841 241 1539 585
1482 1639 0 855 1289 1038 1562 1835 1889 1193 1782 1145 1248 1557 80 1542 956 1713 1512 1720 1641 1691 416 1363 863 1285 1689 1539 1729 1534 1713 488 227 1644 1533 857 1816 1628 1581 1204 857 1598 1696 1723 944 1529 1668 1684 1137 950 1109 1577 1622 1753 1610 1764 1468 1685 263 1467 1664 766 70 1467 1221 1674 991 1447 1685 509 1826 968 1540 1197 285 1687 1558 628 1786 66 1002 1753 985 1660 303 1203
1116 1273 150 0 923 672 1196 1469 1523 827 1416 779 882 1191 138 1176 590 1347 1146 1354 1275 1325 466 997 68 919 1323 1173 1363 1168 1347 126 277 1278 1167 69 1450 1262 1215 838 491 1232 1330 1357 578 1163 1302 1318 771 584 743 1211 1256 1387 1244 1398 1102 1319 312 1101 1298 400 140 1101 855 1308 625 1081 1319 147 1461 602 1174 831 335 1321 1192 266 1420 147 636 1387 619 1294 353 837
377 534 986 911 0 549 458 730 784 224 677 359 318 453 974 437 607 608 407 615 536 587 1302 258 919 64 584 434 624 429 608 962 1113 539 428 913 712 524 476 236 546 494 591 619 450 424 563 579 461 456 440 472 517 649 506 659 363 580 1148 362 559 822 976 362 253 570 497 343 581 983 722 603 435 229 1171 582 453 1102 681 983 508 648 491 555 1189 235
742 899 735 660 549 0 823 1095 1149 453 1042 405 508 818 723 802 102 973 772 980 901 952 1051 623 668 546 949 799 989 794 973 711 862 904 793 662 1077 889 841 465 202 859 956 984 124 789 928 944 397 119 370 837 882 1014 871 1024 728 945 897 727 924 571 725 727 482 935 79 708 946 732 1087 90 800 458 920 947 818 851 1046 732 68 1013 84 920 938 464
468 143 1259 1185 458 823 0 339 361 497 768 633 592 320 1247 174 880 329 274 224 273 157 1575 349 1193 454 321 525 233 297 179 1236 1386 121 78 1187 803 615 213 509 820 361 200 189 724 161 374 316 735 730 713 564 99 258 373 230 230 317 1422 453 391 1096 1249 453 526 179 770 434 672 1256 813 877 526 502 1444 673 544 1375 290 1256 781 257 765 134 1462 508
741 248 1532 1458 730 1095 339 0 181 770 1041 905 864 434 1520 434 1153 276 479 228 345 287 1848 622 1466 727 283 798 133 457 265 1508 1659 323 351 1459 1075 887 396 782 1092 393 166 254 997 433 322 301 1008 1002 986 836 345 108 380 205 503 291 1694 726 338 1368 1522 726 799 187 1043 706 944 1529 1086 1149 799 775 1717 946 817 1648 78 1529 1054 151 1038 307 1735 781
795 301 1586 1511 784 1149 361 181 0 824 1095 959 918 378 1574 378 1207 220 423 281 289 231 1902 675 1519 781 227 852 187 402 209 1562 1713 268 405 1513 1129 941 340 835 1146 337 219 198 1050 401 266 245 1061 1056 1040 890 289 162 324 149 466 236 1748 780 282 1422 1576 780 853 241 1097 760 998 1583 1139 1203 853 829 1771 1000 871 1702 129 1582 1108 205 1091 251 1789 835
417 574 890 815 224 453 497 770 824 0 717 223 121 492 878 477 511 648 447 655 576 626 1206 298 823 221 624 474 664 469 648 866 1017 579 468 817 751 564 516 122 450 533 631 659 354 464 603 619 271 360 272 512 557 688 545 699 403 620 1052 402 599 726 880 402 139 609 401 383 621 887 762 507 475 115 1075 622 493 1006 721 886 412 688 395 595 1093 121
380 845 1479 1405 677 1042 768 1041 1095 717 0 852 811 763 1467 748 1100 919 718 926 847 897 1795 569 1413 674 895 285 935 740 919 1456 1606 850 739 1406 190 192 787 729 1039 804 902 929 944 735 874 890 955 949 933 323 828 959 816 970 674 891 1641 673 870 1315 1469 338 746 880 990 357 431 1476 63 1096 438 722 1664 111 304 1595 992 1476 1001 959 985 866 1682 728
552 709 842 768 359 405 633 905 959 223 852 0 125 628 830 612 463 783 582 790 711 762 1158 433 776 356 759 609 799 604 783 818 969 714 603 769 887 699 651 204 402 669 766 794 307 599 738 755 141 312 142 648 692 824 681 834 538 755 1004 537 734 678 832 537 187 745 353 518 756 839 897 459 610 211 1027 757 628 958 856 839 364 823 348 730 1045 212
511 668 945 871 318 508 592 864 918 121 811 125 0 586 933 571 566 742 541 749 670 720 1261 392 879 315 718 568 758 563 742 922 1072 673 562 872 845 658 610 103 505 627 725 753 410 558 697 713 173 415 174 606 651 782 639 793 497 714 1108 496 693 782 935 496 85 703 456 477 715 942 856 562 569 109 1130 716 587 1061 815 942 467 782 451 689 1148 111
463 396 1254 1180 453 818 320 434 378 492 763 628 586 0 1242 300 875 177 67 477 288 356 1570 344 1188 449 226 520 439 45 334 1231 1381 393 290 1181 798 610 338 504 815 102 454 324 719 286 132 244 730 724 708 559 380 415 114 274 110 235 1417 448 149 1091 1244 448 521 432 765 429 667 1251 808 872 521 497 1439 668 539 1370 382 1251 776 458 760 377 1457 503
1470 1626 80 843 1277 1026 1550 1823 1876 1180 1770 1133 1236 1545 0 1530 944 1700 1499 1707 1629 1679 404 1350 851 1273 1676 1527 1716 1521 1700 476 215 1631 1520 844 1804 1616 1568 1192 845 1586 1683 1711 932 1516 1656 1672 1124 937 1097 1565 1610 1741 1598 1752 1455 1673 251 1455 1651 754 70 1454 1209 1662 978 1435 1673 496 1814 956 1527 1185 273 1675 1546 615 1773 75 989 1741 973 1648 291 1191
448 250 1239 1165 437 802 174 434 378 477 748 612 571 300 1227 0 860 220 254 331 116 303 1555 329 1173 434 163 505 340 276 325 1215 1366 255 144 1166 782 594 96 489 799 337 307 324 704 113 266 159 715 709 693 543 234 365 324 275 210 160 1401 433 282 1075 1229 433 506 286 750 413 651 1236 793 856 506 482 1424 653 524 1355 383 1236 761 365 745 272 1442 488
800 957 653 579 607 102 880 1153 1207 511 1100 463 566 875 641 860 0 1031 830 1037 959 1009 969 681 587 603 1006 857 1047 852 1031 630 780 962 850 580 1134 946 898 522 121 916 1014 1041 191 846 986 1002 455 185 427 895 940 1071 928 1082 785 1003 816 785 982 490 643 785 539 992 145 765 1003 650 1144 33 858 515 838 1005 876 769 1104 650 135 1071 151 978 856 521
619 397 1410 1335 608 973 329 276 220 648 919 783 742 177 1398 220 1031 0 222 377 131 199 1726 499 1343 605 68 676 282 201 177 1386 1537 235 348 1337 953 765 182 659 970 137 315 166 874 243 65 87 885 880 863 714 257 257 124 117 265 77 1572 604 82 1246 1399 603 676 336 921 584 822 1407 963 1027 676 653 1595 824 695 1526 225 1406 932 300 915 219 1613 659
418 351 1209 1134 407 772 274 479 423 447 718 582 541 67 1197 254 830 222 0 432 333 402 1525 298 1142 404 271 475 441 51 380 1185 1336 356 245 1136 752 564 293 458 769 108 408 369 673 241 178 290 684 679 662 513 334 460 120 320 116 280 1371 403 173 1045 1198 402 475 386 720 383 621 1206 762 826 475 452 1394 623 494 1325 427 1205 731 465 714 372 1412 458
625 132 1417 1342 615 980 224 228 281 655 926 790 749 477 1404 331 1037 377 432 0 430 353 1733 506 1350 611 383 683 121 454 366 1393 1544 305 236 1344 960 772 370 666 977 494 88 355 881 318 422 402 892 887 870 721 283 146 481 306 388 392 1579 611 439 1253 1406 610 683 72 928 591 829 1414 970 1034 683 659 1602 831 701 1532 178 1413 939 146 922 321 1620 665
547 350 1338 1264 536 901 273 345 289 576 847 711 670 288 1326 116 959 131 333 430 0 268 1654 428 1272 533 137 604 351 312 246 1315 1465 304 244 1265 882 694 78 588 898 248 383 235 803 138 176 141 814 808 792 642 326 326 235 186 309 142 1501 532 193 1175 1328 532 605 385 849 513 751 1335 892 955 605 581 1523 752 623 1454 293 1335 860 369 844 288 1541 587
597 272 1388 1314 587 952 157 287 231 626 897 762 720 356 1376 303 1009 199 402 353 268 0 1704 478 1322 583 205 654 293 380 92 1365 1515 64 207 1315 932 744 319 638 949 316 326 103 853 290 245 224 864 858 842 693 86 268 303 128 359 214 1551 582 261 1225 1378 582 655 308 899 563 801 1385 942 1005 655 631 1573 802 673 1504 235 1385 910 311 894 48 1591 637
1436 1593 496 810 1243 993 1517 1790 1843 1147 1737 1100 1203 1512 484 1497 911 1667 1466 1674 1596 1646 0 1317 818 1240 1643 1494 1683 1488 1667 436 623 1598 1487 811 1771 1583 1535 1159 812 1553 1650 1678 899 1483 1623 1639 1091 904 1064 1532 1577 1708 1565 1719 1422 1640 211 1422 1618 721 485 1421 1176 1629 945 1402 1640 457 1781 923 1494 1152 157 1642 1513 575 1740 492 956 1708 940 1615 139 1158
269 425 1060 985 258 623 349 622 675 298 569 433 392 344 1048 329 681 499 298 506 428 478 1376 0 993 255 475 326 515 320 500 1036 1187 430 319 987 603 415 367 309 620 385 483 510 524 315 455 471 535 530 513 364 409 540 397 551 254 472 1222 155 450 896 1050 253 326 461 571 234 472 1057 613 677 326 303 1245 474 345 1176 573 1056 582 540 565 447 1263 309
1124 1281 158 68 931 680 1204 1477 1531 835 1424 787 890 1199 146 1184 598 1355 1154 1362 1283 1333 474 1005 0 927 1331 1181 1371 1176 1355 134 285 1286 1175 60 1458 1270 1222 846 499 1240 1338 1365 586 1171 1310 1326 779 592 751 1219 1264 1395 1252 1406 1110 1327 320 1109 1306 408 148 1109 863 1316 633 1089 1327 155 1468 610 1182 839 343 1329 1200 274 1428 155 644 1395 627 1302 361 845
374 531 983 908 64 546 454 727 781 221 674 356 315 449 970 434 603 605 404 611 533 583 1299 255 916 0 581 431 621 426 605 959 1109 536 424 910 708 520 472 232 543 490 588 615 447 421 560 576 458 453 436 469 514 645 502 656 360 577 1145 359 556 819 972 359 249 566 494 339 577 979 718 600 432 225 1167 579 450 1098 678 979 505 645 488 552 1185 231
594 397 1386 1311 584 949 321 283 227 624 895 759 718 226 1374 163 1006 68 271 383 137 205 1702 475 1319 581 0 652 288 250 184 1362 1513 242 291 1313 929 741 125 635 946 185 321 173 850 186 114 94 861 856 839 690 264 264 172 124 314 84 1548 580 130 1222 1375 579 652 343 897 560 798 1383 939 1003 652 629 1571 800 671 1501 231 1382 908 307 891 226 1589 635
137 602 1236 1162 434 799 525 798 852 474 285 609 568 520 1224 505 857 676 475 683 604 654 1552 326 1170 431 652 0 692 497 676 1213 1363 607 496 1163 319 131 544 486 796 561 659 686 701 492 631 647 712 706 690 60 585 716 573 727 431 648 1398 430 627 1072 1226 95 503 637 747 114 168 1233 329 853 195 479 1421 190 41 1352 749 1233 758 716 742 623 1439 485
635 141 1426 1351 624 989 233 133 187 664 935 799 758 439 1414 340 1047 282 441 121 351 293 1742 515 1359 621 288 692 0 463 271 1402 1553 314 245 1353 969 781 379 675 986 399 59 260 890 327 328 307 901 896 879 730 293 51 386 211 397 297 1588 620 344 1262 1416 620 692 81 937 600 838 1423 979 1043 693 669 1611 840 711 1542 84 1422 948 51 931 313 1629 675
440 373 1231 1156 429 794 297 457 402 469 740 604 563 45 1219 276 852 201 51 454 312 380 1547 320 1164 426 250 497 463 0 358 1207 1358 378 267 1158 774 586 315 480 791 86 430 347 695 263 156 268 706 701 685 535 356 438 98 298 94 258 1393 425 152 1067 1221 425 498 409 742 405 643 1228 784 848 498 474 1416 645 516 1347 406 1227 753 481 736 394 1434 480
619 294 1410 1335 608 973 179 265 209 648 919 783 742 334 1398 325 1031 177 380 366 246 92 1726 500 1343 605 184 676 271 358 0 1386 1537 85 229 1337 953 765 297 660 970 294 304 124 874 311 223 202 885 880 864 714 107 246 281 106 381 192 1572 604 239 1246 1400 604 677 325 921 584 822 1407 963 1027 677 653 1595 824 695 1526 214 1407 932 289 915 69 1613 659
1108 1264 167 481 915 664 1188 1461 1514 818 1408 771 874 1183 155 1168 582 1338 1137 1345 1267 1317 483 988 489 911 1314 1165 1354 1159 1338 0 294 1269 1158 482 1442 1254 1206 830 483 1224 1321 1349 570 1154 1294 1310 762 575 735 1203 1248 1379 1236 1390 1093 1311 329 1093 1289 392 156 1092 847 1300 616 1073 1311 56 1452 594 1165 823 352 1313 1184 246 1411 163 627 1379 611 1286 370 829
1361 1518 416 735 1168 917 1442 1714 1768 1072 1661 1024 1128 1437 404 1421 836 1592 1391 1599 1521 1571 296 1242 743 1165 1568 1418 1608 1413 1592 368 0 1523 1412 736 1696 1508 1460 1084 736 1478 1575 1603 824 1408 1547 1564 1016 829 989 1457 1501 1633 1490 1643 1347 1564 142 1346 1543 645 406 1346 1101 1554 870 1327 1565 388 1706 848 1419 1077 165 1566 1437 507 1665 413 881 1632 865 1539 183 1083
550 224 1341 1266 539 904 121 323 268 579 850 714 673 393 1329 255 962 235 356 305 304 64 1657 430 1274 536 242 607 314 378 85 1317 1468 0 160 1268 884 696 294 590 901 352 282 96 805 242 281 260 816 811 794 645 79 304 339 136 312 251 1503 535 297 1177 1331 535 608 260 852 515 753 1338 894 958 608 584 1526 755 626 1457 272 1337 863 339 846 41 1544 590
438 155 1230 1155 428 793 78 351 405 468 739 603 562 290 1218 144 850 348 245 236 244 207 1546 319 1163 424 291 496 245 267 229 1206 1357 160 0 1157 773 585 183 479 790 331 212 240 694 131 393 287 705 700 683 534 138 269 343 280 201 287 1392 424 397 1066 1219 423 496 190 741 404 642 1227 783 847 496 473 1415 644 514 1345 302 1226 752 269 735 176 1433 479
1117 1274 152 69 924 673 1198 1470 1524 828 1417 780 884 1193 139 1177 592 1348 1147 1355 1277 1327 468 998 60 921 1324 1175 1364 1169 1348 128 279 1279 1168 0 1452 1264 1216 840 492 1234 1331 1359 580 1164 1304 1320 772 585 745 1213 1257 1389 1246 1400 1103 1320 314 1102 1299 402 141 1102 857 1310 626 1083 1321 148 1462 604 1175 833 337 1323 1193 267 1421 148 637 1388 621 1295 354 839
414 879 1513 1439 712 1077 803 1075 1129 751 190 887 845 798 1501 782 1134 953 752 960 882 932 1829 603 1447 708 929 319 969 774 953 1490 1640 884 773 1441 0 207 821 763 1074 839 936 964 978 769 908 925 989 984 967 357 862 994 851 1004 708 925 1676 707 904 1350 1503 372 780 915 1024 391 465 1510 148 1131 472 756 1698 283 338 1629 1026 1510 1035 993 1019 900 1716 762
226 691 1326 1251 524 889 615 887 941 564 192 699 658 610 1313 594 946 765 564 772 694 744 1642 415 1259 520 741 131 781 586 765 1302 1452 696 585 1253 207 0 633 575 886 651 748 776 790 581 720 737 801 796 779 169 674 806 663 816 520 737 1488 519 716 1162 1315 184 592 727 837 203 278 1322 237 943 284 568 1510 97 150 1441 838 1322 848 805 831 712 1528 574
486 289 1278 1203 476 841 213 396 340 516 787 651 610 338 1265 96 898 182 293 370 78 319 1594 367 1211 472 125 544 379 315 297 1254 1405 294 183 1205 821 633 0 527 838 299 346 286 742 118 228 121 753 748 731 582 272 377 286 237 249 121 1440 472 244 1114 1267 471 544 325 789 452 690 1275 831 895 544 520 1463 692 562 1393 345 1274 800 403 783 310 1480 526
429 585 901 827 236 465 509 782 835 122 729 204 103 504 889 489 522 659 458 666 588 638 1217 309 835 232 635 486 675 480 660 878 1028 590 479 828 763 575 527 0 462 545 643 670 366 475 615 631 252 371 253 524 569 700 557 711 414 632 1064 414 610 738 891 413 125 621 412 394 632 898 773 519 486 127 1086 634 505 1017 733 898 423 700 407 607 1104 133
739 896 554 480 546 202 820 1092 1146 450 1039 402 505 815 542 799 121 970 769 977 898 949 870 620 488 543 946 796 986 791 970 530 681 901 790 481 1074 886 838 462 0 856 953 981 201 786 925 941 394 207 367 834 879 1011 868 1021 725 942 716 724 921 390 544 724 479 932 245 705 943 551 1084 133 797 455 739 944 815 670 1043 551 235 1010 242 917 757 461
504 437 1295 1221 494 859 361 393 337 533 804 669 627 102 1283 337 916 137 108 494 248 316 1611 385 1229 490 185 561 399 86 294 1272 1422 352 331 1223 839 651 299 545 856 0 432 283 760 327 92 204 771 766 749 600 374 374 150 234 151 194 1458 489 108 1132 1285 489 562 453 806 470 708 1292 849 913 562 538 1480 709 580 1411 342 1292 817 417 801 336 1498 544
602 108 1393 1318 591 956 200 166 219 631 902 766 725 454 1381 307 1014 315 408 88 383 326 1709 483 1326 588 321 659 59 430 304 1369 1520 282 212 1320 936 748 346 643 953 432 0 293 857 294 360 340 868 863 847 697 260 84 419 244 364 330 1555 587 377 1229 1383 587 660 48 904 567 805 1390 946 1010 660 636 1578 807 678 1509 117 1390 915 84 898 298 1596 642
629 304 1421 1346 619 984 189 254 198 659 929 794 753 324 1408 324 1041 166 369 355 235 103 1737 510 1354 615 173 686 260 347 124 1397 1548 96 240 1348 964 776 286 670 981 283 293 0 885 322 212 191 896 891 874 725 118 235 270 95 392 181 1583 614 228 1257 1410 614 687 314 932 595 833 1417 974 1038 687 663 1606 834 705 1536 203 1417 943 278 926 80 1623 669
643 800 641 567 450 124 724 997 1050 354 944 307 410 719 629 704 191 874 673 881 803 853 957 524 575 447 850 701 890 695 874 618 768 805 694 568 978 790 742 366 201 760 857 885 0 690 830 846 298 94 271 739 783 915 772 926 629 846 804 629 825 478 631 628 383 836 135 609 847 638 988 178 701 359 826 849 719 757 947 638 146 914 129 822 844 365
434 237 1226 1151 424 789 161 433 401 464 735 599 558 286 1214 113 846 243 241 318 138 290 1542 315 1159 421 186 492 327 263 311 1202 1353 242 131 1153 769 581 118 475 786 327 294 322 690 0 288 182 701 696 679 530 220 352 339 298 197 182 1388 420 305 1062 1215 419 492 273 737 400 638 1223 779 843 492 469 1411 640 511 1341 384 1222 748 351 731 258 1429 475
574 442 1365 1291 563 928 374 322 266 603 874 738 697 132 1353 266 986 65 178 422 176 245 1681 455 1299 560 114 631 328 156 223 1342 1492 281 393 1292 908 720 228 615 925 92 360 212 830 288 0 133 841 835 819 669 303 303 79 163 221 123 1527 559 37 1201 1355 559 632 382 876 539 777 1362 919 982 632 608 1550 779 650 1481 270 1362 887 346 871 265 1568 614
590 393 1381 1307 579 944 316 301 245 619 890 755 713 244 1369 159 1002 87 290 402 141 224 1697 471 1315 576 94 647 307 268 202 1358 1508 260 287 1308 925 737 121 631 941 204 340 191 846 182 133 0 857 851 835 685 282 282 191 142 333 102 1544 575 149 1218 1371 575 648 361 892 556 794 1378 935 998 648 624 1566 795 666 1497 250 1378 903 325 887 244 1584 630
654 811 834 759 461 397 735 1008 1061 271 955 141 173 730 822 715 455 885 684 892 814 864 1150 535 767 458 861 712 901 706 885 810 961 816 705 761 989 801 753 252 394 771 868 896 298 701 841 857 0 304 51 750 794 926 783 937 640 857 996 640 836 670 824 639 235 847 345 620 858 831 999 451 712 259 1019 860 730 950 958 830 356 925 339 832 1037 260
649 806 647 572 456 119 730 1002 1056 360 949 312 415 724 635 709 185 880 679 887 808 858 963 530 580 453 856 706 896 701 880 623 774 811 700 574 984 796 748 371 207 766 863 891 94 696 835 851 304 0 277 744 789 920 777 931 635 852 809 634 831 483 637 634 389 841 140 615 853 644 994 173 707 365 832 854 725 763 953 643 151 920 135 827 850 371
633 789 807 732 440 370 713 986 1040 272 933 142 174 708 794 693 427 863 662 870 792 842 1123 513 740 436 839 690 879 685 864 783 934 794 683 734 967 779 731 253 367 749 847 874 271 679 819 835 51 277 0 728 773 904 761 915 618 836 969 618 815 643 796 618 236 825 318 598 836 803 977 424 691 260 992 838 709 922 937 803 329 904 312 811 1009 261
175 640 1274 1200 472 837 564 836 890 512 323 648 606 559 1262 543 895 714 513 721 642 693 1590 364 1208 469 690 60 730 535 714 1251 1401 645 534 1201 357 169 582 524 834 600 697 725 739 530 669 685 750 744 728 0 623 755 612 765 469 686 1437 468 665 1111 1264 133 541 676 785 152 129 1271 367 891 233 517 1459 228 42 1390 787 1271 796 754 780 661 1477 523
528 203 1319 1244 517 882 99 345 289 557 828 692 651 380 1307 234 940 257 334 283 326 86 1635 409 1252 514 264 585 293 356 107 1295 1446 79 138 1246 862 674 272 569 879 374 260 118 783 220 303 282 794 789 773 623 0 317 361 158 290 273 1481 513 319 1155 1309 513 586 238 830 493 731 1316 872 936 586 562 1504 733 604 1435 294 1316 841 317 824 63 1522 568
659 166 1450 1376 649 1014 258 108 162 688 959 824 782 415 1438 365 1071 257 460 146 326 268 1766 540 1384 645 264 716 51 438 246 1427 1577 304 269 1377 994 806 377 700 1011 374 84 235 915 352 303 282 926 920 904 755 317 0 361 186 421 272 1613 644 319 1287 1440 644 717 105 961 625 863 1447 1004 1068 717 693 1635 864 735 1566 59 1447 972 69 956 288 1653 699
516 449 1307 1233 506 871 373 380 324 545 816 681 639 114 1295 324 928 124 120 481 235 303 1623 397 1241 502 172 573 386 98 281 1284 1434 339 343 1234 851 663 286 557 868 150 419 270 772 339 79 191 783 777 761 612 361 361 0 221 163 181 1470 501 95 1144 1297 501 574 440 818 482 720 1304 861 925 574 550 1492 721 592 1423 329 1304 829 404 813 323 1510 556
670 326 1461 1387 659 1024 230 205 149 699 970 834 793 274 1449 275 1082 117 320 306 186 128 1777 551 1395 656 124 727 211 298 106 1438 1588 136 280 1388 1004 816 237 711 1021 234 244 95 926 298 163 142 937 931 915 765 158 186 221 0 363 132 1623 655 179 1297 1451 655 728 265 972 635 873 1458 1015 1078 728 704 1646 875 746 1577 154 1458 983 229 967 120 1664 710
373 307 1165 1090 363 728 230 503 466 403 674 538 497 110 1153 210 785 265 116 388 309 359 1481 254 1098 360 314 431 397 94 381 1141 1292 312 201 1092 708 520 249 414 725 151 364 392 629 197 221 333 640 635 618 469 290 421 163 363 0 323 1327 359 217 1001 1154 358 431 342 676 339 577 1162 718 782 431 408 1350 579 450 1280 454 1161 687 421 670 328 1368 414
591 393 1382 1307 580 945 317 291 236 620 891 755 714 235 1370 160 1003 77 280 392 142 214 1698 472 1315 577 84 648 297 258 192 1358 1509 251 287 1309 925 737 121 632 942 194 330 181 846 182 123 102 857 852 836 686 273 272 181 132 323 0 1544 576 139 1218 1372 576 649 351 893 556 794 1379 935 999 649 625 1567 796 667 1498 240 1379 904 315 887 235 1585 631
1248 1405 307 621 1055 804 1328 1601 1655 959 1548 911 1014 1323 295 1308 722 1479 1278 1486 1407 1457 623 1129 629 1051 1455 1305 1495 1300 1479 247 434 1410 1299 623 1582 1394 1347 970 623 1364 1462 1489 710 1295 1434 1450 903 716 875 1343 1388 1519 1376 1530 1234 1451 0 1233 1430 532 297 1233 987 1440 757 1213 1451 268 1592 734 1306 963 492 1453 1324 387 1552 304 768 1519 751 1426 510 969
373 530 1164 1090 362 727 453 726 780 402 673 537 496 448 1152 433 785 604 403 611 532 582 1480 155 1098 359 580 430 620 425 604 1140 1291 535 424 1091 707 519 472 414 724 489 587 614 629 420 559 575 640 634 618 468 513 644 501 655 359 576 1326 0 555 1000 1154 358 431 565 675 338 576 1161 718 781 431 407 1349 578 449 1280 677 1161 686 644 670 551 1367 413
570 459 1361 1286 559 924 391 338 282 599 870 734 693 149 1349 282 982 82 173 439 193 261 1677 450 1294 556 130 627 344 152 239 1337 1488 297 397 1288 904 716 244 610 921 108 377 228 825 305 37 149 836 831 815 665 319 319 95 179 217 139 1523 555 0 1197 1351 555 628 398 872 535 773 1358 914 978 628 604 1546 775 646 1477 287 1357 883 362 866 281 1564 610
1187 1344 222 147 994 743 1268 1540 1594 898 1487 850 954 1263 209 1247 662 1418 1217 1425 1347 1397 538 1068 155 991 1394 1244 1434 1239 1418 198 348 1349 1238 149 1522 1334 1286 910 562 1304 1401 1429 650 1234 1373 1390 842 655 815 1283 1327 1459 1316 1469 1173 1390 384 1172 1369 0 211 1172 927 1380 696 1153 1391 218 1532 674 1245 903 406 1392 1263 337 1491 218 707 1458 691 1365 424 909
1471 1628 70 845 1278 1027 1552 1825 1878 1182 1772 1135 1238 1547 70 1532 946 1702 1501 1709 1631 1681 406 1352 853 1275 1678 1529 1718 1523 1702 478 217 1633 1522 846 1806 1618 1570 1194 847 1588 1685 1713 934 1518 1658 1674 1126 939 1099 1567 1611 1743 1600 1754 1457 1674 253 1457 1653 756 0 1456 1211 1664 980 1437 1675 498 1816 958 1529 1187 275 1677 1547 617 1775 64 991 1742 975 1650 293 1193
65 530 1164 1089 362 727 453 726 780 402 338 537 496 448 1152 433 785 603 402 610 532 582 1480 253 1097 359 579 95 620 425 604 1140 1291 535 423 1091 372 184 471 413 724 489 587 614 628 419 559 575 639 634 618 133 513 644 501 655 358 576 1326 358 555 1000 1154 0 431 565 675 42 241 1161 382 781 123 407 1349 243 114 1280 677 1160 686 644 669 551 1367 413
446 602 919 844 253 482 526 799 853 139 746 187 85 521 906 506 539 676 475 683 605 655 1234 326 852 249 652 503 692 498 677 895 1045 608 496 846 780 592 544 125 479 562 660 687 383 492 632 648 235 389 236 541 586 717 574 728 431 649 1081 431 628 755 908 431 0 638 429 411 649 915 790 536 504 132 1103 651 522 1034 750 915 440 717 424 624 1121 134
580 92 1371 1297 570 935 179 187 241 609 880 745 703 432 1359 286 992 336 386 72 385 308 1687 461 1305 566 343 637 81 409 325 1348 1498 260 190 1298 915 727 325 621 932 453 48 314 836 273 382 361 847 841 825 676 238 105 440 265 342 351 1534 565 398 1208 1361 565 638 0 882 546 784 1368 925 989 638 614 1556 785 656 1487 138 1368 893 105 877 276 1574 620
690 847 688 613 497 79 770 1043 1097 401 990 353 456 765 676 750 145 921 720 928 849 899 1004 571 621 494 897 747 937 742 921 664 815 852 741 615 1024 837 789 412 245 806 904 932 135 737 876 892 345 140 318 785 830 961 818 972 676 893 850 675 872 524 677 675 429 882 0 656 894 685 1035 133 748 406 873 895 766 804 994 684 112 961 128 868 891 412
57 510 1145 1070 343 708 434 706 760 383 357 518 477 429 1132 413 765 584 383 591 513 563 1461 234 1078 339 560 114 600 405 584 1121 1271 515 404 1072 391 203 452 394 705 470 567 595 609 400 539 556 620 615 598 152 493 625 482 635 339 556 1307 338 535 981 1134 42 411 546 656 0 260 1141 401 762 115 387 1329 262 133 1260 657 1141 667 624 650 531 1347 393
283 748 1383 1308 581 946 672 944 998 621 431 756 715 667 1370 651 1003 822 621 829 751 801 1699 472 1316 577 798 168 838 643 822 1359 1509 753 642 1310 465 278 690 632 943 708 805 833 847 638 777 794 858 853 836 129 731 863 720 873 577 794 1545 576 773 1219 1372 241 649 784 894 260 0 1379 476 1000 341 625 1567 336 149 1498 895 1379 905 862 888 769 1585 631
1128 1285 187 501 935 684 1208 1481 1535 839 1428 791 894 1203 175 1188 602 1359 1158 1366 1287 1337 503 1009 509 932 1335 1185 1375 1180 1359 56 314 1290 1179 503 1462 1275 1227 850 503 1244 1342 1370 590 1175 1314 1330 783 596 756 1223 1268 1399 1256 1410 1114 1331 350 1113 1310 412 177 1113 867 1320 637 1094 1332 0 1473 615 1186 844 372 1333 1204 267 1432 184 648 1399 631 1306 390 850
425 889 1524 1449 722 1087 813 1086 1139 762 63 897 856 808 1511 793 1144 963 762 970 892 942 1840 613 1457 718 939 329 979 784 963 1500 1651 894 783 1451 148 237 831 773 1084 849 946 974 988 779 919 935 999 994 977 367 872 1004 861 1015 718 935 1686 718 914 1360 1513 382 790 925 1035 401 476 1520 0 1141 483 766 1709 155 348 1639 1036 1520 1046 1003 1029 910 1726 772
796 953 666 591 603 90 877 1149 1203 507 1096 459 562 872 653 856 33 1027 826 1034 955 1005 982 677 599 600 1003 853 1043 848 1027 642 793 958 847 593 1131 943 895 519 133 913 1010 1038 178 843 982 998 451 173 424 891 936 1068 925 1078 782 999 828 781 978 502 655 781 536 989 133 762 1000 662 1141 0 854 512 851 1001 872 781 1100 662 122 1067 138 974 868 518
81 603 1237 1162 435 800 526 799 853 475 438 610 569 521 1225 506 858 676 475 683 605 655 1553 326 1170 432 652 195 693 498 677 1213 1364 608 496 1164 472 284 544 486 797 562 660 687 701 492 632 648 712 707 691 233 586 717 574 728 431 649 1399 431 628 1073 1227 123 504 638 748 115 341 1234 483 854 0 480 1422 343 214 1353 750 1233 759 717 742 624 1440 486
422 579 895 820 229 458 502 775 829 115 722 211 109 497 882 482 515 653 452 659 581 631 1211 303 828 225 629 479 669 474 653 871 1022 584 473 822 756 568 520 127 455 538 636 663 359 469 608 624 259 365 260 517 562 693 550 704 408 625 1057 407 604 731 884 407 132 614 406 387 625 891 766 512 480 0 1080 627 498 1010 726 891 417 693 400 600 1097 126
1305 1462 365 679 1112 861 1386 1659 1712 1016 1606 969 1072 1381 352 1366 780 1536 1335 1543 1465 1515 157 1186 687 1109 1512 1363 1552 1357 1536 305 492 1467 1356 680 1640 1452 1404 1028 681 1422 1519 1547 768 1352 1492 1508 960 773 933 1401 1445 1577 1434 1588 1291 1508 80 1291 1487 590 354 1290 1045 1498 814 1271 1509 325 1650 792 1363 1021 0 1511 1381 444 1609 361 825 1576 809 1484 51 1027
285 750 1384 1310 582 947 673 946 1000 622 111 757 716 668 1372 653 1005 824 623 831 752 802 1700 474 1318 579 800 190 840 645 824 1361 1511 755 644 1311 283 97 692 634 944 709 807 834 849 640 779 795 860 854 838 228 733 864 721 875 579 796 1546 578 775 1220 1374 243 651 785 895 262 336 1381 155 1001 343 627 1569 0 209 1500 897 1381 906 864 890 771 1587 633
156 621 1255 1180 453 818 544 817 871 493 304 628 587 539 1243 524 876 695 494 701 623 673 1571 345 1188 450 671 41 711 516 695 1231 1382 626 514 1182 338 150 562 505 815 580 678 705 719 511 650 666 730 725 709 42 604 735 592 746 450 667 1417 449 646 1091 1245 114 522 656 766 133 149 1252 348 872 214 498 1440 209 0 1371 768 1252 777 735 760 642 1458 504
884 1041 332 257 691 440 965 1237 1291 595 1184 547 651 960 320 944 359 1115 914 1122 1043 1094 648 765 265 688 1091 941 1131 936 1115 308 459 1046 935 259 1219 1031 983 607 259 1001 1098 1126 346 931 1070 1087 539 352 512 980 1024 1156 1013 1166 870 1087 494 869 1066 168 322 869 624 1077 393 850 1088 329 1229 371 942 600 517 1089 960 0 1188 329 404 1155 387 1062 535 606
692 199 1483 1408 681 1046 290 78 129 721 992 856 815 382 1471 383 1104 225 427 178 293 235 1799 573 1416 678 231 749 84 406 214 1459 1610 272 302 1410 1026 838 345 733 1043 342 117 203 947 384 270 250 958 953 937 787 294 59 329 154 454 240 1645 677 287 1319 1473 677 750 138 994 657 895 1480 1036 1100 750 726 1668 897 768 1599 0 1480 1005 102 988 256 1686 732
1478 1635 66 852 1285 1034 1559 1831 1885 1189 1779 1142 1245 1554 75 1538 953 1709 1508 1716 1638 1688 413 1359 860 1282 1685 1536 1725 1530 1709 485 224 1640 1529 853 1813 1625 1577 1201 853 1595 1692 1720 941 1525 1665 1681 1133 946 1106 1574 1618 1750 1607 1761 1464 1681 259 1463 1660 763 64 1463 1218 1671 987 1444 1682 505 1823 965 1536 1194 282 1684 1554 624 1782 0 998 1749 982 1656 300 1200
701 858 699 624 508 68 781 1054 1108 412 1001 364 467 776 687 761 135 932 731 939 860 910 1015 582 632 505 908 758 948 753 932 675 826 863 752 626 1035 848 800 423 235 817 915 943 146 748 887 903 356 151 329 796 841 972 829 983 687 904 861 686 883 535 689 686 440 893 112 667 905 696 1046 122 759 417 884 906 777 815 1005 695 0 972 117 879 902 423
659 166 1450 1375 648 1013 257 151 205 688 959 823 782 458 1438 365 1071 300 465 146 369 311 1766 540 1383 645 307 716 51 481 289 1426 1577 339 269 1377 993 805 403 700 1010 417 84 278 914 351 346 325 925 920 904 754 317 69 404 229 421 315 1612 644 362 1286 1440 644 717 105 961 624 862 1447 1003 1067 717 693 1635 864 735 1566 102 1447 972 0 955 331 1653 699
684 841 682 608 491 84 765 1038 1091 395 985 348 451 760 670 745 151 915 714 922 844 894 998 565 616 488 891 742 931 736 915 659 809 846 735 609 1019 831 783 407 242 801 898 926 129 731 871 887 339 135 312 780 824 956 813 967 670 887 845 670 866 519 672 669 424 877 128 650 888 679 1029 138 742 400 867 890 760 798 988 679 117 955 0 862 885 406
566 241 1357 1283 555 920 134 307 251 595 866 730 689 377 1345 272 978 219 372 321 288 48 1673 447 1291 552 226 623 313 394 69 1333 1484 41 176 1284 900 712 310 607 917 336 298 80 822 258 265 244 832 827 811 661 63 288 323 120 328 235 1519 551 281 1193 1347 551 624 276 868 531 769 1354 910 974 624 600 1542 771 642 1473 256 1354 879 331 862 0 1560 606
1323 1480 383 697 1130 879 1404 1676 1730 1034 1623 986 1090 1399 370 1383 798 1554 1353 1561 1483 1533 139 1204 705 1127 1530 1380 1570 1375 1554 323 510 1485 1374 698 1658 1470 1422 1046 698 1440 1537 1565 786 1370 1509 1526 978 791 951 1419 1463 1595 1452 1606 1309 1526 98 1308 1505 607 372 1308 1063 1516 832 1289 1527 343 1668 810 1381 1039 51 1528 1399 462 1627 379 843 1594 827 1501 0 1045
428 585 901 826 235 464 508 781 835 121 728 212 111 503 888 488 521 659 458 665 587 637 1217 309 834 231 635 485 675 480 659 877 1028 590 479 828 762 574 526 133 461 544 642 669 365 475 614 630 260 371 261 523 568 699 556 710 414 631 1063 413 610 737 890 413 134 620 412 393 631 897 772 518 486 126 1086 633 504 1016 732 897 423 699 406 606 1103 0
EOF