NAME : tsp_problem
TYPE : TSP
DIMENSION : 20
EDGE_WEIGHT_TYPE : EXPLICIT
EDGE_WEIGHT_FORMAT : FULL_MATRIX
EDGE_WEIGHT_SECTION
0 1647 896 1274 1693 1829 1682 1552 1576 1157 628 1007 1589 1646 623 1643 1480 1640 992 761
1344 0 1149 535 771 907 300 630 654 553 1467 878 667 82 1462 722 559 719 938 927
535 1145 0 773 1191 1327 1180 1050 1074 655 659 505 1087 1145 654 1142 979 1139 490 260
971 535 776 0 581 717 570 440 464 181 1095 506 477 534 1090 531 368 528 565 555
1390 771 1195 581 0 198 806 676 173 599 1513 925 315 771 1509 246 381 283 984 974
1526 907 1331 717 198 0 942 812 343 735 1649 1060 314 906 1644 245 422 242 1120 1109
1379 300 1184 570 806 942 0 665 689 588 1502 913 702 299 1497 757 594 754 973 962
1249 630 941 440 676 812 665 0 559 458 1372 783 572 630 1368 627 464 624 843 832
1273 654 1078 464 173 343 689 559 0 483 1397 808 373 654 1392 297 264 166 867 857
854 553 659 181 599 735 588 458 483 0 977 388 495 553 972 550 387 547 448 437
428 1153 403 780 1199 1335 1188 1058 1082 663 0 513 1095 1152 53 1150 987 1147 498 267
704 878 509 506 925 1060 913 783 808 388 827 0 821 878 822 875 712 872 80 287
1286 667 1091 477 315 314 702 572 373 495 1409 821 0 667 1405 237 129 437 880 870
1343 82 1148 534 771 906 299 630 654 553 1467 878 667 0 1462 721 558 718 937 927
424 1148 398 775 1194 1330 1183 1053 1077 658 53 508 1090 1148 0 1145 982 1142 493 263
1340 722 1145 531 246 245 757 627 297 550 1464 875 237 721 1459 0 332 361 934 924
1177 559 982 368 381 422 594 464 264 387 1301 712 129 558 1296 332 0 329 771 761
1337 719 1142 528 283 242 754 624 166 547 1461 872 437 718 1456 361 329 0 931 921
689 938 494 565 984 1120 973 843 867 448 812 80 880 937 807 934 771 931 0 272
458 927 263 555 974 1109 962 832 857 437 582 287 870 927 577 924 761 921 272 0
EOF