NAME : tsp_problem
TYPE : TSP
DIMENSION : 62
EDGE_WEIGHT_TYPE : EXPLICIT
EDGE_WEIGHT_FORMAT : FULL_MATRIX
EDGE_WEIGHT_SECTION
0 738 1087 1056 308 558 697 965 438 235 175 680 905 197 505 550 539 513 547 577 313 869 277 199 942 549 434 1134 380 627 403 618 1132 644 424 679 632 1197 299 631 645 255 273 534 430 484 697 573 369 739 317 491 447 286 398 204 258 487 676 513 300 575
738 0 553 522 870 1121 145 431 578 797 828 129 370 850 1068 1113 1102 1075 1109 1140 876 335 840 852 408 230 346 600 943 153 966 1181 598 235 546 127 1195 662 543 1193 195 635 835 1097 993 1047 145 280 932 205 880 1054 1009 666 960 857 638 1049 1238 1075 863 220
905 371 0 443 1037 1288 330 520 746 965 995 313 460 1017 1235 1280 1269 1242 1276 1307 1043 424 1007 1019 328 397 513 520 1110 320 1133 1348 93 576 714 312 1362 583 710 1360 458 802 1003 1264 1160 1214 330 509 1099 275 1047 1221 1177 834 1127 1024 805 1216 1405 1242 1030 387
1009 475 152 0 1141 1391 433 624 849 1068 1098 417 563 1120 1338 1383 1372 1346 1380 1410 1146 528 1110 1122 432 500 616 235 1213 423 1236 1451 197 679 817 415 1465 297 813 1463 561 906 1106 1367 1263 1317 433 612 1202 379 1150 1324 1280 937 1231 1127 908 1320 1509 1345 1133 491
308 870 1219 1188 0 295 829 1097 570 143 397 812 1036 419 637 286 276 249 679 314 222 1001 185 421 1074 681 566 1266 158 759 139 750 1264 776 556 811 369 1328 431 763 777 387 181 270 339 262 829 705 147 871 95 227 183 418 134 426 389 619 808 323 432 707
558 1121 1470 1439 295 0 1080 1348 821 394 648 1063 1287 670 888 203 214 230 929 99 453 1252 436 672 1325 932 816 1517 372 1010 304 1001 1514 1027 807 1061 100 1579 681 1013 1028 638 432 219 337 277 1080 956 383 1122 346 263 306 669 298 677 640 870 1059 252 683 958
697 145 512 481 829 1080 0 390 537 756 786 88 329 808 1026 1071 1061 1034 1068 1099 834 294 798 811 367 189 304 559 902 112 924 1139 556 275 505 86 1154 621 502 1152 236 594 794 1055 952 1005 104 301 891 164 838 1012 968 625 919 816 596 1008 1197 1034 821 179
780 246 463 432 912 1163 205 0 621 840 870 188 293 892 1110 1155 1144 1118 1151 1182 918 258 882 894 318 272 388 510 985 195 1008 1223 508 451 589 187 1237 572 585 1235 333 677 878 1139 1035 1089 205 384 974 150 922 1096 1052 709 1002 899 680 1091 1281 1117 905 263
438 578 927 897 570 821 537 805 0 497 527 521 745 549 767 812 802 775 809 840 576 709 539 552 782 389 274 974 643 467 665 880 972 485 69 519 895 1037 159 893 485 335 535 796 693 746 537 413 632 579 579 753 709 366 660 557 337 749 938 775 562 415
235 797 1146 1116 143 394 756 1024 497 0 324 740 964 346 564 386 375 349 606 413 122 928 85 349 1001 608 493 1193 216 686 239 677 1191 704 483 738 468 1256 358 690 704 314 81 370 223 320 756 632 205 798 153 327 283 346 233 354 317 546 735 305 359 634
175 828 1176 1146 397 648 786 1054 527 324 0 770 994 45 594 640 629 602 636 667 403 958 367 74 1032 639 523 1223 470 716 493 707 1221 734 514 768 722 1286 388 720 734 345 362 623 520 573 786 662 459 828 407 581 536 376 487 42 347 576 765 602 389 664
680 129 495 464 812 1063 88 373 521 740 770 0 313 792 1010 1055 1044 1017 1051 1082 818 277 782 794 350 172 288 542 885 95 908 1123 540 291 489 69 1137 605 485 1135 233 577 778 1039 935 989 88 284 874 147 822 996 952 609 902 799 580 991 1180 1017 805 162
841 307 523 493 973 1223 265 414 681 900 930 249 0 952 1170 1215 1204 1178 1212 1242 978 318 942 954 378 332 448 570 1045 255 1068 1283 568 511 649 247 1297 633 645 1296 393 738 938 1199 1095 1149 265 444 1034 211 982 1156 1112 769 1063 959 740 1152 1341 1177 965 323
197 850 1198 1168 419 670 808 1076 549 346 45 792 1016 0 616 662 651 624 658 689 425 980 388 96 1053 661 545 1245 492 738 514 729 1243 756 535 790 744 1308 410 742 756 367 384 645 542 595 808 684 481 850 429 602 558 398 509 21 369 598 787 624 411 686
505 1068 1416 1386 637 888 1026 1294 767 564 594 1010 1234 616 0 880 869 842 234 907 643 1198 606 619 1271 879 763 1463 710 956 732 129 1461 974 753 1008 962 1526 628 142 974 585 602 863 760 813 1026 902 699 1068 647 820 776 616 727 624 587 36 187 842 322 904
550 1113 1461 1431 286 203 1071 1339 812 386 640 1055 1279 662 880 0 101 117 921 276 340 1243 377 664 1317 924 808 1509 259 1001 173 993 1506 1019 799 1053 143 1571 673 1005 1019 630 379 106 224 164 1071 947 270 1113 316 129 130 661 179 669 632 861 1050 139 675 949
539 1102 1451 1420 276 214 1061 1329 802 375 629 1044 1268 651 869 101 0 128 910 287 351 1233 388 653 1306 913 797 1498 270 991 163 982 1495 1008 788 1042 154 1560 662 994 1009 619 390 117 235 175 1061 937 281 1103 327 119 119 650 168 658 621 851 1040 150 664 939
513 1075 1424 1394 249 230 1034 1302 775 349 602 1017 1242 624 842 117 128 0 884 303 367 1206 391 627 1279 886 771 1471 287 964 136 955 1469 982 761 1016 171 1534 636 968 982 592 387 134 252 192 1034 910 298 1076 300 92 92 624 142 632 595 824 1013 167 637 912
547 1109 1458 1427 679 929 1068 1336 809 606 636 1051 1276 658 234 921 910 884 0 948 684 1240 648 661 1313 920 805 1505 751 998 774 227 1503 1015 795 1050 1003 1568 670 239 1016 626 644 905 801 855 1068 944 740 1110 688 862 818 657 769 665 629 216 158 884 363 946
577 1140 1489 1458 314 99 1099 1366 840 413 667 1082 1306 689 907 276 287 303 948 0 491 1271 455 691 1344 951 835 1536 428 1029 323 1020 1533 1046 826 1080 173 1598 700 1032 1046 657 451 292 410 350 1098 975 417 1140 365 336 367 688 317 696 659 888 1077 325 702 976
313 876 1224 1194 222 453 834 1102 576 122 403 818 1042 425 643 340 351 367 684 491 0 1007 106 427 1080 687 571 1272 294 764 317 756 1269 782 562 816 393 1334 436 768 782 393 109 356 138 288 834 710 283 876 231 400 361 424 312 432 395 624 813 220 438 712
877 343 560 529 1009 1260 302 121 717 936 967 285 60 988 1206 1252 1241 1214 1248 1279 1015 0 979 991 415 369 485 607 1082 292 1105 1319 604 547 685 284 1334 669 682 1332 429 774 974 1235 1132 1185 302 481 1071 247 1019 1193 1148 805 1099 996 777 1188 1377 1214 1001 359
277 840 1188 1158 185 436 798 1066 539 85 367 782 1006 388 606 377 388 391 648 455 106 970 0 391 1044 651 535 1235 258 728 281 719 1233 746 526 780 430 1298 400 732 746 357 123 393 175 325 798 674 247 840 195 369 325 388 276 396 359 588 777 257 401 676
199 852 1201 1170 421 672 811 1079 552 349 74 794 1018 96 619 664 653 627 661 691 427 983 391 0 1056 663 547 1248 494 741 517 732 1245 758 538 792 746 1310 412 744 759 369 387 648 544 598 811 687 483 853 431 605 561 400 511 104 371 601 790 626 414 689
1080 546 234 204 1212 1463 505 695 920 1139 1170 488 635 1191 1409 1455 1444 1417 1451 1482 1218 599 1182 1194 0 572 688 282 1285 495 1308 1522 279 750 888 487 1537 344 885 1535 632 977 1177 1439 1335 1389 505 684 1274 450 1222 1396 1351 1008 1302 1199 980 1391 1580 1417 1204 562
549 230 579 548 681 932 189 457 389 608 639 172 396 661 879 924 913 886 920 951 687 361 651 663 434 0 157 626 754 119 777 992 623 225 357 170 1006 688 354 1004 137 446 646 908 804 858 189 153 743 231 691 865 820 477 771 668 449 860 1049 886 674 67
434 346 694 664 566 816 304 572 274 493 523 288 512 545 763 808 797 771 805 835 571 476 535 547 550 157 0 742 638 234 661 876 739 252 242 286 890 804 238 888 252 331 531 792 688 742 304 180 627 346 575 749 705 362 656 552 333 745 934 770 558 182
1314 780 464 433 1446 1697 739 929 1154 1373 1403 722 869 1425 1643 1688 1678 1651 1685 1716 1452 833 1415 1428 737 806 921 0 1519 729 1541 1756 509 984 1122 720 1771 162 1119 1769 866 1211 1411 1672 1569 1622 739 918 1508 684 1455 1629 1585 1242 1536 1433 1213 1625 1814 1651 1438 796
380 943 1292 1261 158 372 902 1170 643 216 470 885 1109 492 710 259 270 287 751 428 294 1074 258 494 1147 754 638 1339 0 832 254 823 1336 849 629 883 312 1401 503 835 850 460 254 275 267 121 902 778 68 944 115 319 297 491 248 499 462 692 881 182 505 780
627 153 502 471 759 1010 112 380 467 686 716 95 319 738 956 1001 991 964 998 1029 764 284 728 741 357 119 234 549 832 0 854 1069 546 297 435 93 1084 611 432 1082 179 524 724 985 882 935 112 231 820 154 768 942 898 555 849 746 526 938 1127 964 751 109
403 966 1314 1284 139 304 924 1192 665 239 493 908 1132 514 732 173 163 136 774 323 317 1096 281 517 1170 777 661 1361 254 854 0 845 1359 872 652 906 290 1424 526 858 872 483 277 157 371 311 924 800 242 966 190 114 115 514 116 522 485 714 903 286 527 802
618 1181 1529 1499 750 1001 1139 1407 880 677 707 1123 1347 729 129 993 982 955 227 1020 756 1311 719 732 1384 992 876 1576 823 1069 845 0 1574 1087 866 1121 1075 1639 741 44 1087 698 715 976 873 926 1139 1015 812 1181 760 933 889 729 840 737 700 147 90 955 435 1017
836 302 404 373 968 1219 261 451 676 895 925 244 391 947 1165 1210 1200 1173 1207 1237 973 355 937 950 259 328 443 451 1041 251 1063 1278 0 506 644 242 1293 513 641 1291 388 733 933 1194 1091 1144 260 440 1029 206 977 1151 1107 764 1058 954 735 1147 1336 1173 960 318
644 235 757 727 776 1027 275 635 485 704 734 291 575 756 974 1019 1008 982 1015 1046 782 539 746 758 612 225 252 804 849 297 872 1087 802 0 453 295 1101 867 449 1099 155 541 742 1003 899 953 277 98 838 409 786 960 916 573 866 763 544 956 1145 981 769 225
424 546 895 865 556 807 505 773 69 483 514 489 713 535 753 799 788 761 795 826 562 677 526 538 750 357 242 942 629 435 652 866 940 453 0 487 881 1005 204 879 453 321 521 782 679 732 505 381 618 547 566 740 695 352 646 543 324 735 924 761 548 383
679 127 493 463 811 1061 86 371 519 738 768 69 311 790 1008 1053 1042 1016 1050 1080 816 275 780 792 349 170 286 540 883 93 906 1121 538 295 487 0 1135 603 483 1134 231 576 776 1037 933 987 86 282 872 145 820 994 950 607 901 797 578 990 1179 1016 803 161
632 1195 1544 1513 369 100 1154 1422 895 468 722 1137 1361 744 962 143 154 171 1003 173 393 1326 430 746 1399 1006 890 1591 312 1084 290 1075 1588 1101 881 1135 0 1653 755 1087 1102 712 433 160 277 217 1153 1030 323 1195 370 203 247 743 296 751 714 943 1132 192 757 1031
1252 718 402 371 1384 1635 677 867 1092 1311 1341 660 807 1363 1581 1626 1616 1589 1623 1654 1389 771 1353 1366 675 744 859 474 1457 667 1479 1694 447 922 1060 658 1709 0 1057 1707 804 1149 1349 1610 1507 1560 677 856 1445 622 1393 1567 1523 1180 1474 1371 1151 1563 1752 1589 1376 734
299 543 892 861 431 681 502 770 159 358 388 485 709 410 628 673 662 636 670 700 436 674 400 412 747 354 238 939 503 432 526 741 936 449 204 483 755 1001 0 754 450 196 396 657 553 607 501 378 492 543 440 614 570 227 521 417 198 610 799 636 423 379
631 1193 1542 1511 763 1013 1152 1420 893 690 720 1135 1359 742 142 1005 994 968 239 1032 768 1324 732 744 1397 1004 888 1589 835 1082 858 44 1587 1099 879 1134 1087 1651 754 0 1100 710 728 989 885 939 1152 1028 824 1194 772 946 902 741 853 749 712 159 102 967 447 1030
645 195 639 609 777 1028 236 517 485 704 734 233 457 756 974 1019 1009 982 1016 1046 782 421 746 759 494 137 252 686 850 179 872 1087 684 155 453 231 1102 749 450 1100 0 542 742 1003 900 953 237 200 838 291 786 960 916 573 867 764 544 956 1145 982 769 109
255 635 984 953 387 638 594 862 335 314 345 577 802 367 585 630 619 592 626 657 393 766 357 369 839 446 331 1031 460 524 483 698 1029 541 321 576 712 1094 196 710 542 0 352 614 510 564 594 470 449 636 397 571 526 55 477 374 33 566 755 592 380 472
273 835 1184 1154 181 432 794 1062 535 81 362 778 1002 384 602 379 390 387 644 451 109 966 123 387 1039 646 531 1231 254 724 277 715 1229 742 521 776 433 1294 396 728 742 352 0 396 178 328 794 670 243 836 191 365 321 384 271 392 355 584 773 260 397 672
534 1097 1445 1415 270 219 1055 1323 796 370 623 1039 1263 645 863 106 117 134 905 292 356 1227 393 648 1300 908 792 1492 275 985 157 976 1490 1003 782 1037 160 1555 657 989 1003 614 396 0 240 180 1055 931 286 1097 321 113 114 645 163 653 616 845 1034 155 658 933
430 993 1342 1311 339 337 952 1220 693 223 520 935 1159 542 760 224 235 252 801 410 138 1124 175 544 1197 804 688 1389 267 882 371 873 1386 899 679 933 277 1451 553 885 900 510 178 240 0 172 952 828 278 994 325 284 327 541 377 549 512 742 931 105 555 830
484 1047 1395 1365 262 277 1005 1273 746 320 573 989 1213 595 813 164 175 192 855 350 288 1177 325 598 1251 858 742 1442 121 935 311 926 1440 953 732 987 217 1505 607 939 953 564 328 180 172 0 1005 881 132 1047 178 224 267 595 317 603 566 795 984 87 608 883
697 145 511 481 829 1080 104 389 537 756 786 88 329 808 1026 1071 1061 1034 1068 1098 834 294 798 811 367 189 304 559 902 112 924 1139 556 277 505 86 1153 621 501 1152 237 594 794 1055 952 1005 0 301 890 163 838 1012 968 625 919 815 596 1008 1197 1034 821 179
573 280 691 660 705 956 301 569 413 632 662 284 508 684 902 947 937 910 944 975 710 473 674 687 546 153 180 738 778 231 800 1015 736 98 381 282 1030 800 378 1028 200 470 670 931 828 881 301 0 766 343 714 888 844 501 795 692 472 884 1073 910 697 179
369 932 1280 1250 147 383 891 1158 632 205 459 874 1098 481 699 270 281 298 740 417 283 1063 247 483 1136 743 627 1328 68 820 242 812 1325 838 618 872 323 1390 492 824 838 449 243 286 278 132 890 766 0 932 126 330 286 480 237 488 451 680 869 193 494 768
681 147 476 446 813 1064 106 354 522 741 771 89 294 793 1011 1056 1045 1018 1052 1083 819 258 783 795 331 173 289 523 886 96 909 1124 521 352 490 88 1138 586 486 1136 234 578 779 1040 936 990 106 285 875 0 823 997 953 610 903 800 581 992 1181 1018 806 163
317 880 1228 1198 95 346 838 1106 579 153 407 822 1046 429 647 316 327 300 688 365 231 1010 195 431 1084 691 575 1276 115 768 190 760 1273 786 566 820 370 1338 440 772 786 397 191 321 325 178 838 714 126 880 0 278 234 428 185 436 399 628 817 239 442 716
491 1054 1402 1372 227 263 1012 1280 753 327 581 996 1220 602 820 129 119 92 862 336 400 1184 369 605 1258 865 749 1450 319 942 114 933 1447 960 740 994 203 1512 614 946 960 571 365 113 284 224 1012 888 330 1054 278 0 71 602 120 610 573 802 991 199 615 890
447 1009 1358 1328 183 306 968 1236 709 283 536 952 1176 558 776 130 119 92 818 367 361 1140 325 561 1213 820 705 1405 297 898 115 889 1403 916 695 950 247 1468 570 902 916 526 321 114 327 267 968 844 286 1010 234 71 0 558 120 566 529 758 947 242 571 846
286 666 1015 985 418 669 625 893 366 346 376 609 833 398 616 661 650 624 657 688 424 797 388 400 870 477 362 1062 491 555 514 729 1060 573 352 607 743 1125 227 741 573 55 384 645 541 595 625 501 480 667 428 602 558 0 508 405 56 598 787 623 411 503
398 960 1309 1278 134 298 919 1187 660 233 487 902 1127 509 727 179 168 142 769 317 312 1091 276 511 1164 771 656 1356 248 849 116 840 1354 866 646 901 296 1418 521 853 867 477 271 163 377 317 919 795 237 961 185 120 120 508 0 516 480 709 898 292 522 797
204 857 1206 1175 426 677 816 1084 557 354 42 799 1023 21 624 669 658 632 665 696 432 988 396 104 1061 668 552 1253 499 746 522 737 1250 763 543 797 751 1315 417 749 764 374 392 653 549 603 815 692 488 857 436 610 566 405 516 0 376 605 794 631 419 693
258 638 986 956 389 640 596 864 337 317 347 580 804 369 587 632 621 595 629 659 395 768 359 371 842 449 333 1033 462 526 485 700 1031 544 324 578 714 1096 198 712 544 33 355 616 512 566 596 472 451 638 399 573 529 56 480 376 0 569 758 594 382 474
487 1049 1398 1368 619 870 1008 1276 749 546 576 991 1216 598 36 861 851 824 216 888 624 1180 588 601 1253 860 745 1445 692 938 714 147 1443 956 735 990 943 1508 610 159 956 566 584 845 742 795 1008 884 680 1050 628 802 758 598 709 605 569 0 205 824 303 886
676 1238 1587 1557 808 1059 1197 1465 938 735 765 1180 1405 787 187 1050 1040 1013 158 1077 813 1369 777 790 1442 1049 934 1634 881 1127 903 90 1632 1145 924 1179 1132 1697 799 102 1145 755 773 1034 931 984 1197 1073 869 1239 817 991 947 787 898 794 758 205 0 1013 492 1075
513 1075 1424 1393 323 252 1034 1302 775 305 602 1017 1241 624 842 139 150 167 884 325 220 1206 257 626 1279 886 770 1471 182 964 286 955 1469 981 761 1016 192 1533 636 967 982 592 260 155 105 87 1034 910 193 1076 239 199 242 623 292 631 594 824 1013 0 637 912
300 863 1211 1181 432 683 821 1089 562 359 389 805 1029 411 322 675 664 637 363 702 438 993 401 414 1066 674 558 1258 505 751 527 435 1256 769 548 803 757 1321 423 447 769 380 397 658 555 608 821 697 494 863 442 615 571 411 522 419 382 303 492 637 0 699
575 220 569 539 707 958 179 447 415 634 664 162 387 686 904 949 939 912 946 976 712 351 676 689 424 67 182 616 780 109 802 1017 614 225 383 161 1031 679 379 1030 109 472 672 933 830 883 179 179 768 221 716 890 846 503 797 693 474 886 1075 912 699 0
EOF