NAME : tsp_problem
TYPE : TSP
DIMENSION : 22
EDGE_WEIGHT_TYPE : EXPLICIT
EDGE_WEIGHT_FORMAT : FULL_MATRIX
EDGE_WEIGHT_SECTION
0 39 785 972 1056 1004 974 230 844 528 368 235 919 806 1082 71 972 884 241 1061 949 1090
39 0 770 957 1042 989 959 215 830 513 353 221 904 791 1067 56 957 869 226 1046 935 1075
785 770 0 642 294 674 211 884 515 997 655 878 156 1275 752 735 1441 554 872 1530 620 760
972 957 642 0 914 317 832 1071 478 1184 842 1065 776 1462 188 922 1628 387 1059 1717 325 196
1056 1042 294 914 0 946 456 1155 786 1268 927 1149 155 1546 1024 1006 1712 825 1144 1801 891 1031
1004 989 674 317 946 0 863 1102 285 1215 874 1097 808 1494 211 953 1660 231 1091 1749 102 137
974 959 211 832 456 863 0 1073 704 1186 845 1067 318 1464 941 924 1630 743 1061 1719 809 949
230 215 884 1071 1155 1102 1073 0 943 328 466 102 1017 606 1180 247 773 982 108 861 1048 1188
844 830 515 478 786 285 704 943 0 1056 715 937 648 1334 393 794 1500 288 932 1589 339 320
412 398 881 1068 1153 1100 1071 213 941 0 464 208 1015 489 1178 367 655 980 202 744 1046 1186
368 353 655 842 927 874 845 466 715 580 0 461 789 858 952 317 1024 754 455 1113 820 960
235 221 878 1065 1149 1097 1067 102 937 323 461 0 1012 601 1175 252 767 977 114 856 1042 1183
919 904 156 776 155 808 318 1017 648 1131 789 1012 0 1409 886 868 1575 688 1006 1664 754 894
986 971 1455 1642 1726 1673 1644 786 1514 633 1038 781 1589 0 1751 940 268 1553 775 357 1619 1759
1082 1067 752 188 1024 211 941 1180 393 1293 952 1175 886 1572 0 1031 1738 339 1169 1827 265 90
71 56 735 922 1006 953 924 247 794 482 317 252 868 761 1031 0 927 833 258 1016 899 1039
746 732 1215 1402 1486 1434 1404 547 1274 393 798 541 1349 302 1512 701 0 1314 535 110 1379 1520
884 869 554 387 825 231 743 982 288 1095 754 977 688 1374 339 833 1540 0 971 1629 285 266
241 226 872 1059 1144 1091 1061 108 932 317 455 114 1006 595 1169 258 761 971 0 850 1037 1177
734 720 1203 1390 1475 1422 1392 535 1262 381 786 529 1337 291 1500 689 457 1302 524 0 1368 1508
949 935 620 325 891 102 809 1048 339 1161 820 1042 754 1439 265 899 1605 285 1037 1694 0 191
1090 1075 760 196 1031 137 949 1188 320 1301 960 1183 894 1579 90 1039 1746 266 1177 1834 191 0
EOF