NAME : tsp_problem
TYPE : TSP
DIMENSION : 58
EDGE_WEIGHT_TYPE : EXPLICIT
EDGE_WEIGHT_FORMAT : FULL_MATRIX
EDGE_WEIGHT_SECTION
0 747 765 550 843 874 61 182 755 615 665 269 817 638 1001 134 772 1437 691 630 794 561 1391 340 856 582 219 677 1017 1337 760 1188 795 748 1253 819 370 170 544 246 1711 371 753 953 614 745 1062 519 648 801 615 893 1384 795 642 967 686 978
747 0 707 268 303 816 708 766 697 557 607 853 759 225 942 856 360 1379 409 572 382 279 1333 742 798 524 803 137 959 1279 452 1130 254 690 1195 761 772 893 262 523 1653 774 695 895 556 463 1004 461 590 260 334 835 1326 254 584 909 404 920
765 707 0 510 803 217 726 784 80 256 185 871 142 598 343 874 732 780 651 272 754 521 734 760 118 360 821 637 360 680 720 531 755 91 596 144 790 911 504 541 1053 792 215 296 392 705 405 479 608 760 575 236 727 755 283 310 646 320
550 268 510 0 364 619 510 569 500 359 410 655 562 159 745 659 293 1182 169 375 315 55 1136 545 601 327 606 198 762 1081 238 933 316 493 998 564 575 695 37 326 1455 576 497 698 359 223 807 264 392 321 109 638 1129 316 386 712 164 722
843 303 803 364 0 912 804 862 794 653 704 949 856 322 1039 952 203 1475 299 669 181 376 1429 838 895 620 900 190 1056 1375 229 1226 97 787 1291 858 869 989 358 620 1749 870 791 992 653 246 1100 557 686 103 374 931 1423 97 680 1006 305 1016
874 816 217 619 912 0 835 893 207 365 294 980 269 707 276 983 841 713 760 381 863 630 667 869 313 469 930 746 293 612 829 464 864 167 529 271 899 1020 613 650 986 901 400 106 501 814 284 588 717 869 684 151 660 863 392 243 755 130
61 708 726 510 804 835 0 143 716 575 626 229 778 598 961 170 733 1398 651 591 755 522 1352 300 817 543 180 637 978 1297 721 1149 755 709 1214 780 331 207 504 207 1671 332 713 914 575 706 1023 480 608 761 576 854 1345 755 602 928 646 938
182 766 784 569 862 893 143 0 774 634 684 104 837 657 1020 291 792 1456 710 650 813 580 1410 359 875 601 61 696 1036 1356 779 1207 814 767 1272 838 389 236 563 265 1730 390 772 972 633 764 1081 538 667 820 634 912 1403 814 661 987 705 997
755 697 80 500 794 207 716 774 0 246 175 861 132 588 333 864 723 770 641 262 744 511 724 750 138 350 812 627 350 670 710 521 745 81 586 134 780 901 494 532 1044 782 235 286 382 695 395 469 598 751 566 226 717 745 273 300 636 311
615 557 256 359 653 365 575 634 246 0 156 720 309 447 492 724 582 928 501 104 604 371 882 610 275 209 671 486 509 828 570 679 604 239 744 304 640 760 353 391 1202 641 165 445 241 555 553 329 458 610 425 384 875 604 115 459 495 469
665 607 185 410 704 294 626 684 175 156 0 771 237 498 421 774 633 857 551 172 654 421 811 660 209 260 722 537 437 757 620 608 655 168 673 238 690 811 404 442 1131 692 142 373 292 605 482 379 508 661 476 313 804 655 183 387 546 398
269 853 871 655 949 980 229 104 861 720 771 0 923 743 1106 375 878 1543 797 736 900 667 1497 445 962 688 70 782 1123 1443 866 1294 900 854 1359 925 476 244 649 352 1816 477 858 1059 720 851 1168 625 754 906 721 999 1490 900 747 1073 792 1083
817 759 142 562 856 269 778 837 132 309 237 923 0 650 396 927 785 832 703 288 806 573 786 812 73 412 874 689 412 732 773 583 807 143 648 101 843 963 556 594 1106 844 170 348 444 757 457 531 660 813 628 288 779 807 284 363 698 373
638 225 598 159 322 707 598 657 588 447 498 743 650 0 833 747 161 1270 300 463 182 170 1224 633 689 415 694 155 850 1169 316 1021 273 581 1086 652 663 784 153 414 1543 664 585 786 447 333 895 352 481 279 224 726 1217 273 474 800 295 810
1001 942 343 745 1039 276 961 1020 333 492 421 1106 396 833 0 1110 968 536 886 508 989 757 490 995 440 595 1057 872 99 436 956 287 990 293 352 398 1026 1146 739 777 810 1027 526 280 627 941 144 715 843 996 811 295 483 990 519 75 881 235
134 856 874 659 952 983 170 291 864 724 774 375 927 747 1110 0 882 1546 800 740 903 670 1500 449 965 691 329 786 1126 1446 869 1297 904 857 1362 928 479 155 653 355 1820 480 862 1062 723 854 1171 628 757 910 724 1002 1493 904 751 1077 795 1087
772 360 732 293 203 841 733 792 723 582 633 878 785 161 968 882 0 1404 243 598 125 305 1359 767 824 550 829 290 985 1304 173 1155 241 716 1220 787 798 918 288 549 1678 799 720 921 582 189 1029 487 615 247 318 861 1352 253 609 935 248 945
1617 1559 960 1361 1655 892 1577 1636 950 1108 1037 1723 1012 1450 716 1726 1584 0 1503 1124 1606 1373 467 1612 1056 1212 1673 1489 733 387 1572 637 1606 910 721 1014 1642 1763 1356 1393 350 1643 1142 967 1244 1557 777 1331 1460 1612 1427 912 460 1606 1135 691 1498 922
691 409 651 169 299 760 651 710 641 501 551 797 703 300 886 800 243 1323 0 516 221 178 1277 686 742 468 747 339 903 1223 136 1074 338 634 1139 705 716 837 164 467 1597 718 638 839 500 153 948 405 534 343 97 779 1270 349 527 853 94 864
630 572 272 375 669 381 591 650 262 104 172 736 288 463 508 740 598 944 516 0 619 386 898 625 252 225 687 502 524 844 586 695 620 255 760 281 656 776 369 407 1218 657 142 460 257 570 569 344 473 626 441 400 891 620 131 474 511 485
794 382 754 315 181 863 755 813 744 604 654 900 806 182 989 903 125 1426 221 619 0 326 1380 789 845 571 850 311 1006 1326 151 1177 220 737 1242 808 819 940 309 570 1700 821 742 942 603 168 1051 508 637 225 296 882 1373 231 631 956 227 967
561 279 521 55 376 630 522 580 511 371 421 667 573 170 757 670 305 1193 178 386 326 0 1147 556 612 338 617 209 773 1093 248 944 327 504 1009 575 586 707 49 337 1467 588 509 709 370 233 818 275 404 333 120 649 1140 327 398 723 173 734
1694 1636 1037 1439 1732 970 1655 1713 1027 1185 1114 1800 1089 1527 793 1803 1661 153 1580 1201 1683 1450 0 1689 1133 1289 1750 1566 810 464 1649 714 1683 987 799 1091 1719 1840 1433 1470 427 1721 1220 1044 1321 1634 854 1408 1537 1689 1504 989 54 1683 1212 768 1575 999
340 742 760 545 838 869 300 359 750 610 660 445 812 633 995 449 767 1432 686 625 789 556 1386 0 851 577 396 672 1012 1332 755 1183 789 743 1248 814 114 485 539 241 1706 115 748 948 609 740 1057 514 643 795 610 888 1379 789 636 962 681 973
856 798 118 601 895 313 817 875 138 275 209 962 73 689 440 965 824 876 742 252 845 612 831 851 0 451 913 728 457 776 811 627 846 188 692 65 881 1002 595 633 1150 883 134 393 483 796 501 570 699 852 667 333 824 846 248 407 737 417
582 524 360 327 620 469 543 601 350 209 260 688 412 415 595 691 550 1032 468 225 571 338 986 577 451 0 639 454 612 931 537 783 572 343 848 414 607 728 321 358 1305 609 347 548 69 522 657 296 425 578 392 488 979 572 236 562 463 572
219 803 821 606 900 930 180 61 812 671 722 70 874 694 1057 329 829 1493 747 687 850 617 1448 396 913 639 0 733 1074 1393 817 1244 851 805 1309 876 426 201 600 303 1767 428 809 1010 671 801 1118 575 704 857 672 949 1441 851 698 1024 742 1034
677 137 637 198 190 746 637 696 627 486 537 782 689 155 872 786 290 1309 339 502 311 209 1263 672 728 454 733 0 889 1208 392 1060 141 620 1125 691 702 823 192 453 1582 703 624 825 486 393 934 391 520 147 263 765 1256 141 513 839 334 849
1017 959 360 762 1056 293 978 1036 350 509 437 1123 412 850 99 1126 985 553 903 524 1006 773 507 1012 457 612 1074 889 0 453 972 304 1007 310 369 414 1043 1163 756 794 826 1044 543 264 644 957 133 731 860 1013 828 310 500 1007 536 92 898 219
1261 1202 603 1005 1299 536 1221 1280 593 752 681 1366 656 1093 359 1370 1228 549 1146 768 1249 1017 503 1255 700 855 1317 1132 376 0 1216 280 1250 553 365 658 1286 1406 999 1037 823 1287 786 610 887 1201 421 975 1103 1256 1071 555 496 1250 779 335 1141 565
760 452 720 238 229 829 721 779 710 570 620 866 773 316 956 869 173 1392 136 586 151 248 1346 755 811 537 817 392 972 1292 0 1143 267 703 1208 774 785 906 233 536 1666 787 708 908 569 82 1017 474 603 273 166 848 1339 279 597 923 141 933
1059 1001 402 804 1098 335 1020 1078 392 550 479 1165 454 892 158 1168 1027 479 945 566 1048 815 433 1054 499 654 1116 931 175 379 1014 0 1049 352 295 456 1084 1205 798 835 753 1086 585 409 686 999 220 773 902 1055 869 354 426 1049 577 134 940 364
795 254 755 316 97 864 755 814 745 604 655 900 807 273 990 904 241 1426 338 620 220 327 1381 789 846 572 851 141 1007 1326 267 1177 0 738 1243 809 820 940 310 571 1700 821 742 943 604 284 1052 509 637 54 381 883 1374 48 631 957 343 967
748 690 91 493 787 167 709 767 81 239 168 854 143 581 293 857 716 730 634 255 737 504 684 743 188 343 805 620 310 630 703 481 738 0 546 145 773 894 487 525 1004 775 274 246 375 688 355 462 591 744 559 186 677 738 266 260 629 270
1391 1333 734 1136 1429 667 1352 1410 724 882 811 1497 786 1224 490 1500 1358 266 1277 898 1380 1147 220 1386 830 986 1447 1263 507 166 1346 411 1381 684 0 788 1416 1537 1130 1167 540 1418 917 741 1018 1331 551 1105 1234 1386 1201 686 213 1381 909 465 1272 696
819 761 144 564 858 271 780 838 134 304 238 925 101 652 398 928 787 834 705 281 808 575 788 814 65 414 876 691 414 734 774 585 809 145 650 0 845 965 558 596 1108 846 163 350 446 759 459 533 662 815 630 290 781 809 277 364 700 375
370 772 790 575 869 899 331 389 780 640 690 476 843 663 1026 479 798 1462 716 656 819 586 1416 114 881 607 426 702 1043 1362 785 1213 820 773 1278 845 0 516 569 271 1736 146 778 979 639 770 1087 544 673 826 641 918 1409 820 667 993 711 1003
170 893 911 695 989 1020 207 236 901 760 811 244 963 784 1146 155 918 1583 837 776 940 707 1537 485 1002 728 201 823 1163 1483 906 1334 940 894 1399 965 516 0 690 392 1857 517 898 1099 760 891 1208 665 794 946 761 1039 1530 940 787 1113 832 1124
544 262 504 37 358 613 504 563 494 353 404 649 556 153 739 653 288 1176 164 369 309 49 1130 539 595 321 600 192 756 1075 233 927 310 487 992 558 569 690 0 320 1449 570 491 692 353 218 801 258 387 316 103 632 1123 310 380 706 159 716
246 523 541 326 620 650 207 265 532 391 442 352 594 414 777 355 549 1213 467 407 570 337 1167 241 633 358 303 453 794 1113 536 964 571 525 1029 596 271 392 320 0 1487 273 529 730 390 521 838 295 424 577 392 669 1160 571 418 744 462 754
1384 1326 727 1129 1422 660 1345 1403 717 875 804 1490 779 1217 483 1493 1351 284 1270 891 1373 1140 238 1379 824 979 1440 1256 500 148 1339 404 1374 677 489 781 1409 1530 1123 1160 0 1411 910 734 1011 1324 545 1098 1227 1380 1194 679 231 1374 902 459 1265 689
371 774 792 576 870 901 332 390 782 641 692 477 844 664 1027 480 799 1464 718 657 821 588 1418 115 883 609 428 703 1044 1363 787 1215 821 775 1280 846 146 517 570 273 1737 0 779 980 641 772 1089 546 674 827 642 920 1411 821 668 994 712 1004
753 695 215 497 791 400 713 772 235 165 142 858 170 585 526 862 720 963 638 142 742 509 917 748 134 347 809 624 543 862 708 714 742 274 779 163 778 898 491 529 1236 779 0 479 379 693 588 467 595 748 563 419 910 742 139 493 633 503
953 895 296 698 992 106 914 972 286 445 373 1059 348 786 280 1062 921 787 839 460 942 709 741 948 393 548 1010 825 264 687 908 538 943 246 603 350 979 1099 692 730 1061 980 479 0 580 893 219 667 796 949 764 87 734 943 471 317 834 65
614 556 392 359 653 501 575 633 382 241 292 720 444 447 627 723 582 1064 500 257 603 370 1018 609 483 69 671 486 644 964 569 815 604 375 880 446 639 760 353 390 1337 641 379 580 0 554 689 328 457 610 424 520 1011 604 268 594 495 604
745 463 705 223 246 814 706 764 695 555 605 851 757 333 941 854 189 1377 153 570 168 233 1331 740 796 522 801 393 957 1277 82 1128 284 688 1193 759 770 891 218 521 1651 772 693 893 554 0 1002 459 588 289 151 833 1324 295 582 907 148 918
1062 1004 405 807 1100 284 1023 1081 395 553 482 1168 457 895 144 1171 1029 597 948 569 1051 818 552 1057 501 657 1118 934 133 497 1017 348 1052 355 413 459 1087 1208 801 838 871 1089 588 219 689 1002 0 776 905 1058 872 265 545 1052 580 137 943 174
519 461 479 264 557 588 480 538 469 329 379 625 531 352 715 628 487 1151 405 344 508 275 1105 514 570 296 575 391 731 1051 474 902 509 462 967 533 544 665 258 295 1425 546 467 667 328 459 776 0 182 515 329 607 1098 509 356 681 400 692
648 590 608 392 686 717 608 667 598 458 508 754 660 481 843 757 615 1280 534 473 637 404 1234 643 699 425 704 520 860 1180 603 1031 637 591 1096 662 673 794 387 424 1554 674 595 796 457 588 905 182 0 643 458 736 1227 637 484 810 529 821
801 260 760 321 103 869 761 820 751 610 661 906 813 279 996 910 247 1432 343 626 225 333 1387 795 852 578 857 147 1013 1332 273 1183 54 744 1248 815 826 946 316 577 1706 827 748 949 610 289 1058 515 643 0 387 889 1380 54 637 963 348 973
615 334 575 109 374 684 576 634 566 425 476 721 628 224 811 724 318 1247 97 441 296 120 1201 610 667 392 672 263 828 1147 166 998 381 559 1063 630 641 761 103 392 1521 642 563 764 424 151 872 329 458 387 0 703 1195 381 452 778 92 788
893 835 236 638 931 151 854 912 226 384 313 999 288 726 295 1002 861 732 779 400 882 649 686 888 333 488 949 765 310 631 848 483 883 186 548 290 918 1039 632 669 1005 920 419 87 520 833 265 607 736 889 703 0 679 883 411 262 774 111
1687 1629 1030 1432 1725 963 1648 1706 1020 1178 1107 1793 1082 1520 786 1796 1654 146 1573 1194 1676 1443 54 1682 1126 1282 1743 1559 803 458 1642 707 1677 980 792 1084 1712 1833 1426 1463 420 1714 1213 1037 1314 1627 847 1401 1530 1683 1497 982 0 1677 1205 762 1568 992
795 254 755 316 97 863 755 814 745 604 655 900 807 273 990 904 253 1426 349 620 231 327 1381 789 846 572 851 141 1007 1326 279 1177 48 738 1242 809 820 940 310 571 1700 821 742 943 604 295 1052 509 637 54 381 883 1374 0 631 957 354 967
642 584 283 386 680 392 602 661 273 115 183 747 284 474 519 751 609 955 527 131 631 398 909 636 248 236 698 513 536 855 597 706 631 266 771 277 667 787 380 418 1229 668 139 471 268 582 580 356 484 637 452 411 902 631 0 486 522 496
967 909 310 712 1006 243 928 987 300 459 387 1073 363 800 75 1077 935 511 853 474 956 723 466 962 407 562 1024 839 92 411 923 262 957 260 327 364 993 1113 706 744 785 994 493 317 594 907 137 681 810 963 778 262 459 957 486 0 848 272
686 404 646 164 305 755 646 705 636 495 546 792 698 295 881 795 248 1318 94 511 227 173 1272 681 737 463 742 334 898 1217 141 1069 343 629 1134 700 711 832 159 462 1591 712 633 834 495 148 943 400 529 348 92 774 1265 354 522 848 0 858
978 920 320 722 1016 130 938 997 311 469 398 1083 373 810 235 1087 945 742 864 485 967 734 696 973 417 572 1034 849 219 642 933 493 967 270 558 375 1003 1124 716 754 1016 1004 503 65 604 918 174 692 821 973 788 111 689 967 496 272 858 0
EOF