NAME : tsp_problem
TYPE : TSP
DIMENSION : 32
EDGE_WEIGHT_TYPE : EXPLICIT
EDGE_WEIGHT_FORMAT : FULL_MATRIX
EDGE_WEIGHT_SECTION
0 495 1215 448 902 1020 1118 422 306 826 1137 852 962 732 177 937 1080 1093 912 1155 943 305 1115 1075 934 1052 651 423 299 1011 597 869
495 0 827 716 514 633 730 114 574 438 749 1121 575 344 397 550 692 705 525 767 555 278 727 688 546 665 263 692 288 623 210 481
1215 827 0 1436 794 913 1010 834 1295 718 1029 1841 855 624 1117 829 972 985 344 152 835 998 191 968 826 185 726 1412 1009 261 808 761
491 759 1479 0 1167 1285 1383 687 304 1090 1402 457 1227 997 573 1202 1345 1358 1177 1420 1207 577 1379 1340 1198 1317 916 441 588 1275 862 1133
902 514 794 1124 0 144 325 521 982 181 362 1528 188 311 804 134 305 318 492 735 129 685 694 300 289 632 413 1099 696 590 495 224
1020 633 913 1242 144 0 198 639 1100 300 300 1647 306 430 923 100 357 430 610 853 95 804 813 230 270 750 531 1218 814 708 614 334
1118 730 1010 1340 325 198 0 737 1198 398 203 1744 172 527 1021 281 260 333 708 951 275 901 910 134 299 848 629 1315 912 806 711 363
422 114 834 644 521 639 737 0 502 445 756 1048 581 351 325 556 699 712 531 774 562 205 734 694 553 671 270 619 216 630 216 488
224 493 1213 330 900 1019 1116 421 0 824 1136 735 961 730 307 936 1078 1091 911 1154 941 311 1113 1074 932 1051 649 306 321 1009 596 867
826 438 718 1047 181 300 398 445 905 0 417 1452 242 235 728 217 360 372 415 658 222 609 618 355 167 556 337 1023 620 514 419 121
1137 749 1029 1359 362 300 203 756 1217 417 0 1763 295 547 1040 383 84 157 727 970 377 920 929 236 401 867 648 1334 931 825 730 460
526 794 1514 500 1202 1320 1418 722 339 1125 1437 0 1262 1032 608 1237 1380 1393 1212 1455 1242 612 1414 1375 1233 1352 951 476 623 1310 897 1168
962 575 855 1184 188 306 172 581 1042 242 295 1589 0 372 865 223 238 251 552 795 228 746 755 129 350 692 473 1160 756 650 556 285
732 344 624 953 311 430 527 351 812 235 547 1358 372 0 634 347 489 502 322 565 352 515 524 485 343 462 243 929 526 420 325 278
177 397 1117 530 804 923 1021 325 388 728 1040 934 865 634 0 840 983 995 815 1058 845 215 1017 978 836 955 554 505 222 913 500 771
937 550 829 1159 134 100 281 556 1017 217 383 1564 223 347 840 0 340 353 527 770 85 721 730 314 325 667 448 1135 731 625 531 260
1080 692 972 1302 305 357 260 699 1160 360 84 1706 238 489 983 340 0 99 670 913 346 863 872 293 458 810 591 1277 874 768 673 402
1093 705 985 1314 318 430 333 712 1173 372 157 1719 251 502 995 353 99 0 683 926 359 876 885 364 480 823 604 1290 887 781 686 415
912 525 344 1134 492 610 708 531 992 415 727 1539 552 322 815 527 670 683 0 285 532 696 244 665 523 182 423 1110 706 140 505 458
1155 767 152 1377 735 853 951 774 1235 658 970 1782 795 565 1058 770 913 926 285 0 775 939 58 908 766 243 666 1353 949 168 748 701
943 555 835 1164 129 95 275 562 1023 222 377 1569 228 352 845 85 346 359 532 775 0 726 735 308 330 673 454 1140 737 631 536 265
305 278 998 534 685 804 901 205 392 609 920 939 746 515 215 721 863 876 696 939 726 0 898 859 717 836 434 510 89 794 381 652
1115 727 191 1336 694 813 910 734 1195 618 929 1741 755 524 1017 730 872 885 244 58 735 898 0 868 726 203 626 1312 909 127 708 661
1075 688 968 1297 300 230 134 694 1155 355 236 1702 129 485 978 314 293 364 665 908 308 859 868 0 332 805 586 1273 869 763 669 396
934 546 826 1155 289 270 299 553 1013 167 401 1560 350 343 836 325 458 480 523 766 330 717 726 332 0 664 445 1131 728 622 527 86
1052 665 185 1274 632 750 848 671 1132 556 867 1679 692 462 955 667 810 823 182 243 673 836 203 805 664 0 563 1250 846 99 646 598
651 263 726 873 413 531 629 270 731 337 648 1277 473 243 554 448 591 604 423 666 454 434 626 586 445 563 0 848 445 522 244 380
561 830 1550 122 1237 1356 1453 757 374 1161 1472 527 1298 1067 643 1273 1415 1428 1248 1491 1278 648 1450 1411 1269 1388 986 0 658 1346 933 1204
299 288 1009 545 696 814 912 216 403 620 931 949 756 526 222 731 874 887 706 949 737 89 909 869 728 846 445 520 0 805 391 662
1011 623 261 1232 590 708 806 630 1090 514 825 1637 650 420 913 625 768 781 140 168 631 794 127 763 622 99 522 1208 805 0 604 557
597 210 808 819 495 614 711 216 677 419 730 1224 556 325 500 531 673 686 505 748 536 381 708 669 527 646 244 795 391 604 0 462
869 481 761 1090 224 334 363 488 948 121 460 1495 285 278 771 260 402 415 458 701 265 652 661 396 86 598 380 1066 662 557 462 0
EOF