NAME : tsp_problem
TYPE : TSP
DIMENSION : 30
EDGE_WEIGHT_TYPE : EXPLICIT
EDGE_WEIGHT_FORMAT : FULL_MATRIX
EDGE_WEIGHT_SECTION
0 537 1125 424 835 968 1329 1077 1110 1241 611 638 205 634 1216 1075 1108 1258 809 1357 815 797 1055 1097 1243 995 1187 576 329 796
718 0 820 669 1080 663 1024 772 805 936 306 333 470 330 912 770 803 953 1055 1053 510 492 750 792 938 690 882 71 575 492
1306 820 0 1257 1668 458 359 567 600 731 602 629 1058 531 246 565 598 287 1643 387 487 469 545 587 733 484 677 864 1163 605
516 998 1586 0 467 1429 1790 1538 1571 1702 1072 1099 666 1096 1678 1536 1569 1719 441 1819 1276 1258 1516 1558 1704 1456 1648 1037 791 1258
534 1022 1610 520 0 1453 1814 1562 1595 1726 1096 1123 690 1120 1702 1560 1593 1743 47 1842 1300 1282 1540 1582 1728 1480 1672 1061 814 1282
1149 663 458 1100 1511 0 662 186 220 350 445 472 901 374 549 147 441 591 1486 690 330 312 165 206 352 77 297 707 1006 448
1511 1024 359 1461 1873 662 0 771 804 935 806 834 1262 735 128 769 802 310 1847 249 691 674 749 791 937 689 882 1068 1367 809
1259 772 567 1209 1621 186 771 0 198 328 554 581 1010 483 659 293 550 700 1595 799 439 422 115 185 183 213 275 816 1115 557
1292 805 600 1242 1654 220 804 198 0 234 588 615 1043 517 692 327 583 733 1628 833 472 455 176 63 290 246 111 849 1148 590
1422 936 731 1373 1784 350 935 328 234 0 718 745 1174 647 822 457 713 864 1759 963 603 585 307 220 365 377 311 980 1278 721
793 306 602 743 1154 445 806 554 588 718 0 98 544 112 694 552 585 735 1129 835 292 274 533 574 720 472 665 350 649 211
820 333 629 770 1182 472 834 581 615 745 98 0 571 139 721 579 612 762 1156 862 319 302 560 601 747 499 692 377 676 184
444 376 964 395 806 807 1169 917 950 1080 451 478 0 474 1056 914 947 1097 780 1197 654 637 895 936 1082 834 1027 415 300 636
816 330 531 767 1178 374 735 483 517 647 112 139 567 0 623 481 514 664 1152 764 221 203 462 503 649 401 594 374 672 203
1398 912 246 1349 1760 549 128 659 692 822 694 721 1149 623 0 656 689 197 1734 259 579 561 637 678 824 576 769 956 1254 696
1256 770 565 1207 1618 147 769 293 327 457 552 579 1008 481 656 0 548 698 1593 797 437 419 272 313 229 103 401 814 1113 555
1289 803 598 1240 1651 441 802 550 583 713 585 612 1041 514 689 548 0 731 1626 830 470 452 528 570 715 467 660 847 1146 588
1439 953 287 1390 1801 591 310 700 733 864 735 762 1191 664 197 698 731 0 1776 118 620 602 678 720 866 617 810 997 1296 738
508 996 1584 495 47 1427 1789 1536 1570 1700 1070 1098 664 1094 1676 1534 1567 1717 0 1817 1274 1257 1515 1556 1702 1454 1647 1035 789 1256
1539 1053 387 1489 1901 690 249 799 833 963 835 862 1290 764 259 797 830 118 1875 0 719 702 778 819 965 717 910 1096 1395 837
996 510 487 947 1358 330 691 439 472 603 292 319 748 221 579 437 470 620 1333 719 0 37 417 459 605 357 549 554 853 295
979 492 469 929 1341 312 674 422 455 585 274 302 730 203 561 419 452 602 1315 702 37 0 400 441 587 339 532 536 835 277
1237 750 545 1187 1599 165 749 115 176 307 533 560 988 462 637 272 528 678 1573 778 417 400 0 163 204 191 253 794 1093 535
1278 792 587 1229 1640 206 791 185 63 220 574 601 1030 503 678 313 570 720 1615 819 459 441 163 0 332 233 140 836 1135 577
1424 938 733 1375 1786 352 937 183 290 365 720 747 1175 649 824 229 715 866 1761 965 605 587 204 332 0 309 229 982 1280 723
1176 690 484 1127 1538 77 689 213 246 377 472 499 927 401 576 103 467 617 1512 717 357 339 191 233 309 0 323 734 1032 474
1369 882 677 1319 1731 297 882 275 111 311 665 692 1120 594 769 401 660 810 1705 910 549 532 253 140 229 323 0 926 1225 667
757 71 864 708 1119 707 1068 816 849 980 350 377 509 374 956 814 847 997 1094 1096 554 536 794 836 982 734 926 0 613 536
235 713 1301 186 597 1144 1505 1253 1286 1416 787 814 381 810 1392 1251 1284 1434 572 1533 991 973 1231 1273 1418 1170 1363 752 0 972
978 492 605 929 1340 448 809 557 590 721 211 184 729 203 696 555 588 738 1314 837 295 277 535 577 723 474 667 536 834 0
EOF