NAME : tsp_problem
TYPE : TSP
DIMENSION : 48
EDGE_WEIGHT_TYPE : EXPLICIT
EDGE_WEIGHT_FORMAT : FULL_MATRIX
EDGE_WEIGHT_SECTION
0 601 318 878 725 824 568 1334 69 1203 552 1320 975 739 1370 1382 910 112 330 900 851 127 418 329 814 328 91 308 199 709 818 106 796 376 401 299 240 1432 1661 622 1645 1317 140 419 1673 1457 129 284
601 0 575 554 758 857 198 1010 623 879 585 996 651 415 1046 1058 586 571 586 576 884 703 805 862 490 715 593 747 742 138 851 682 829 409 788 686 627 1108 1337 655 1321 993 497 807 1349 1133 511 541
318 575 0 851 698 797 541 1308 340 1176 525 1293 948 713 1343 1355 883 288 49 873 824 268 493 362 787 363 310 341 189 683 791 279 769 349 476 403 344 1405 1634 595 1618 1290 214 494 1646 1431 228 55
878 554 851 0 1034 1134 376 668 899 536 861 653 132 237 703 715 195 848 863 78 1160 979 1082 1138 151 991 870 1024 1018 453 1127 958 1106 686 1065 963 903 765 994 931 978 650 774 1083 1006 790 788 817
725 758 698 1034 0 118 724 1491 746 1359 708 1476 1131 896 1526 1538 1066 694 710 1056 197 826 928 985 970 838 716 870 865 866 112 805 249 532 911 809 750 1588 1817 318 1801 1473 621 930 1829 1613 634 664
824 857 797 1134 118 0 824 1590 846 1458 807 1576 1231 995 1626 1637 1166 794 809 1155 96 925 1028 1084 1069 938 816 970 965 965 47 904 149 632 1011 909 850 1687 1917 417 1901 1573 720 1029 1929 1713 734 764
568 198 541 376 724 824 0 833 590 701 552 818 474 238 869 880 408 538 553 398 851 670 772 828 312 682 560 714 709 179 818 648 796 376 755 653 594 930 1159 622 1144 816 464 773 1171 956 478 508
1514 1190 1487 847 1670 1770 1013 0 1536 805 1498 69 830 892 555 155 759 1484 1499 869 1797 1616 1718 1775 843 1628 1506 1660 1655 1089 1764 1595 1742 1322 1701 1599 1540 205 434 1568 419 57 1410 1720 446 231 1424 1454
69 623 340 899 746 846 590 1356 0 1224 573 1341 997 761 1392 1403 932 91 334 921 873 105 438 307 835 308 69 287 177 731 839 84 818 398 421 321 261 1453 1682 644 1667 1339 162 440 1694 1479 151 306
1214 890 1187 547 1370 1470 713 223 1236 0 1197 209 529 592 259 270 459 1184 1199 569 1497 1316 1418 1474 543 1328 1206 1360 1355 789 1463 1294 1442 1022 1401 1299 1240 320 550 1268 534 206 1110 1419 562 346 1124 1154
552 585 525 861 708 807 552 1318 573 1186 0 1303 958 723 1354 1365 893 522 537 883 834 653 756 812 797 665 544 698 692 693 801 632 780 261 739 637 577 1415 1644 605 1629 1300 448 757 1656 1441 462 491
1500 1176 1473 833 1656 1755 998 69 1521 791 1483 0 815 877 540 141 745 1470 1485 855 1782 1601 1704 1760 828 1613 1492 1646 1640 1075 1749 1580 1728 1308 1687 1585 1525 190 420 1553 404 68 1396 1705 432 216 1410 1439
975 651 948 132 1131 1231 474 650 997 518 958 635 0 270 685 697 93 945 960 111 1258 1076 1179 1235 184 1089 967 1121 1116 550 1224 1055 1203 783 1162 1060 1001 747 976 1029 960 632 871 1180 988 773 885 915
739 415 713 237 896 995 238 712 761 580 723 697 270 0 748 759 288 709 724 216 1022 841 943 1000 191 853 731 885 880 314 989 820 967 547 926 824 765 809 1039 793 1023 695 635 945 1050 835 649 679
1056 732 1029 389 1212 1312 554 478 1077 347 1039 464 371 433 0 526 301 1026 1041 411 1339 1157 1260 1316 384 1170 1048 1202 1196 631 1305 1136 1284 864 1243 1141 1082 576 805 1110 789 461 952 1261 817 601 966 995
1437 1113 1410 770 1593 1693 936 467 1459 728 1421 453 752 815 478 0 682 1407 1422 792 1720 1539 1641 1697 766 1551 1429 1583 1578 1012 1686 1517 1665 1245 1624 1522 1463 128 357 1491 341 450 1333 1642 369 153 1347 1377
910 586 883 195 1066 1166 408 579 932 448 893 565 93 288 615 627 0 880 895 174 1193 1011 1114 1170 238 1024 902 1056 1051 485 1159 990 1138 718 1097 995 936 677 906 964 890 562 806 1115 918 702 820 850
112 571 288 848 694 794 538 1304 91 1173 522 1290 945 709 1340 1351 880 0 300 869 821 148 388 350 784 298 112 330 220 679 788 127 766 346 371 269 210 1401 1631 592 1615 1287 110 389 1643 1427 99 254
330 586 49 863 710 809 553 1320 334 1188 537 1305 960 724 1355 1367 895 300 0 885 836 256 481 350 799 351 322 329 177 695 803 267 781 361 464 415 356 1417 1646 607 1630 1302 226 482 1658 1442 240 67
900 576 873 78 1056 1155 398 689 921 558 883 675 111 216 725 737 174 869 885 0 1182 1001 1103 1160 129 1013 891 1045 1040 474 1149 980 1127 707 1086 984 925 786 1016 953 1000 672 795 1105 1028 812 809 839
851 884 824 1160 197 96 851 1617 873 1485 834 1603 1258 1022 1653 1664 1193 821 836 1182 0 952 1055 1111 1096 965 843 997 992 992 125 931 73 659 1038 936 877 1714 1944 444 1928 1600 747 1056 1955 1740 761 791
127 703 268 979 826 925 670 1436 105 1304 653 1421 1076 841 1472 1483 1011 148 256 1001 952 0 360 229 915 230 127 208 98 811 919 142 898 478 343 400 328 1533 1762 723 1747 1418 242 361 1774 1559 231 301
418 805 493 1082 928 1028 772 1538 438 1407 756 1524 1179 943 1574 1586 1114 388 481 1103 1055 360 0 172 1018 329 410 307 323 913 1022 371 1000 580 77 245 316 1635 1865 826 1849 1521 344 43 1877 1661 333 488
329 862 362 1138 985 1084 828 1595 307 1463 812 1580 1235 1000 1631 1642 1170 350 350 1160 1111 229 172 0 1074 198 329 176 192 970 1078 240 1056 637 155 301 296 1692 1921 882 1905 1577 401 173 1933 1718 389 395
814 490 787 151 970 1069 312 663 835 531 797 648 184 191 699 710 238 784 799 129 1096 915 1018 1074 0 927 806 960 954 389 1063 894 1042 622 1001 899 839 760 989 867 974 645 710 1019 1001 786 723 753
328 715 363 991 838 938 682 1448 308 1316 665 1433 1089 853 1484 1495 1024 298 351 1013 965 230 329 198 927 0 320 92 193 823 931 241 910 490 312 285 114 1545 1775 736 1759 1431 254 330 1786 1571 243 396
91 593 310 870 716 816 560 1326 69 1195 544 1312 967 731 1362 1374 902 112 322 891 843 127 410 329 806 320 0 308 198 701 810 106 788 368 393 291 232 1423 1653 614 1637 1309 132 411 1665 1449 121 276
308 747 341 1024 870 970 714 1480 287 1349 698 1466 1121 885 1516 1528 1056 330 329 1045 997 208 307 176 960 92 308 0 172 855 964 219 942 522 290 317 147 1578 1807 768 1791 1463 286 308 1819 1603 275 374
199 742 189 1018 865 965 709 1475 177 1343 692 1460 1116 880 1511 1522 1051 220 177 1040 992 98 323 192 954 193 198 172 0 850 958 110 937 517 306 453 292 1572 1801 763 1786 1458 313 325 1813 1598 302 222
709 138 683 453 866 965 179 909 731 778 693 895 550 314 945 957 485 679 695 474 992 811 913 970 389 823 701 855 850 0 959 790 937 517 896 794 735 1006 1236 763 1220 892 605 915 1248 1032 619 649
818 851 791 1127 112 47 818 1584 839 1452 801 1569 1224 989 1620 1631 1159 788 803 1149 125 919 1022 1078 1063 931 810 964 958 959 0 898 178 626 1005 903 843 1681 1910 411 1895 1566 714 1023 1922 1707 728 757
106 682 279 958 805 904 648 1415 84 1283 632 1400 1055 820 1451 1462 990 127 267 980 931 142 371 240 894 241 106 219 110 790 898 0 877 457 354 379 320 1512 1741 702 1726 1397 221 372 1753 1538 209 312
796 829 769 1106 249 149 796 1562 818 1431 780 1548 1203 967 1598 1610 1138 766 781 1127 73 898 1000 1056 1042 910 788 942 937 937 178 877 0 604 983 881 822 1659 1889 390 1873 1545 692 1001 1901 1685 706 736
376 409 349 686 532 632 376 1142 398 1011 261 1128 783 547 1178 1190 718 346 361 707 659 478 580 637 622 490 368 522 517 517 626 457 604 0 563 461 402 1240 1469 430 1453 1125 272 582 1481 1265 286 316
401 788 476 1065 911 1011 755 1521 421 1390 739 1507 1162 926 1557 1569 1097 371 464 1086 1038 343 77 155 1001 312 393 290 306 896 1005 354 983 563 0 228 299 1619 1848 809 1832 1504 327 62 1860 1644 316 471
299 686 403 963 809 909 653 1419 321 1288 637 1405 1060 824 1455 1467 995 269 415 984 936 400 245 301 899 285 291 317 453 794 903 379 881 461 228 0 197 1517 1746 707 1730 1402 225 246 1758 1542 214 369
240 627 344 903 750 850 594 1360 261 1228 577 1346 1001 765 1396 1407 936 210 356 925 877 328 316 296 839 114 232 147 292 735 843 320 822 402 299 197 0 1457 1687 648 1671 1343 166 317 1698 1483 155 310
1338 1014 1311 671 1494 1594 837 372 1360 629 1322 358 653 716 372 419 583 1308 1323 693 1621 1440 1542 1598 667 1452 1330 1484 1479 913 1587 1418 1566 1146 1525 1423 1364 0 699 1392 683 355 1234 1543 711 495 1248 1278
1603 1279 1576 936 1759 1858 1101 636 1624 894 1586 622 918 980 636 684 848 1572 1588 957 1885 1704 1806 1863 931 1716 1594 1748 1743 1177 1852 1683 1830 1410 1789 1687 1628 286 0 1656 54 619 1499 1808 32 312 1512 1542
622 655 595 931 318 417 622 1388 644 1256 605 1373 1029 793 1424 1435 964 592 607 953 444 723 826 882 867 736 614 768 763 763 411 702 390 430 809 707 648 1485 1715 0 1699 1371 518 827 1726 1511 532 562
1587 1263 1560 920 1743 1842 1085 621 1608 878 1570 606 902 964 621 668 832 1557 1572 942 1869 1688 1791 1847 915 1700 1579 1733 1727 1162 1836 1667 1815 1395 1774 1672 1612 271 54 1640 0 603 1483 1792 51 296 1496 1526
1497 1173 1470 830 1653 1753 995 57 1519 788 1480 68 812 875 538 138 742 1467 1482 852 1780 1598 1701 1757 825 1611 1489 1643 1637 1072 1746 1577 1725 1305 1684 1582 1523 188 417 1551 401 0 1393 1702 429 213 1407 1436
140 497 214 774 621 720 464 1230 162 1099 448 1216 871 635 1266 1278 806 110 226 795 747 242 344 401 710 254 132 286 313 605 714 221 692 272 327 225 166 1328 1557 518 1541 1213 0 346 1569 1353 55 180
419 807 494 1083 930 1029 773 1540 440 1408 757 1525 1180 945 1576 1587 1115 389 482 1105 1056 361 43 173 1019 330 411 308 325 915 1023 372 1001 582 62 246 317 1637 1866 827 1850 1522 346 0 1878 1663 334 490
1614 1290 1588 948 1771 1870 1113 648 1636 905 1598 634 930 992 648 696 859 1584 1600 969 1897 1716 1818 1875 943 1728 1606 1760 1755 1189 1864 1695 1842 1422 1801 1699 1640 298 32 1668 51 631 1510 1820 0 324 1524 1554
1311 987 1284 644 1467 1567 809 345 1333 602 1294 330 626 689 345 392 556 1281 1296 666 1594 1412 1515 1571 639 1425 1303 1457 1452 886 1560 1391 1539 1119 1498 1396 1337 442 672 1365 656 328 1207 1516 683 0 1221 1251
129 511 228 788 634 734 478 1244 151 1113 462 1230 885 649 1280 1291 820 99 240 809 761 231 333 389 723 243 121 275 302 619 728 209 706 286 316 214 155 1341 1571 532 1555 1227 55 334 1583 1367 0 194
284 541 55 817 664 764 508 1274 306 1142 491 1259 915 679 1310 1321 850 254 67 839 791 301 488 395 753 396 276 374 222 649 757 312 736 316 471 369 310 1371 1600 562 1585 1257 180 490 1612 1397 194 0
EOF