NAME : tsp_problem
TYPE : TSP
DIMENSION : 22
EDGE_WEIGHT_TYPE : EXPLICIT
EDGE_WEIGHT_FORMAT : FULL_MATRIX
EDGE_WEIGHT_SECTION
0 1226 722 731 526 1546 1398 1418 1599 1491 669 787 234 911 613 1372 1750 757 470 1206 1059 1159
1226 0 638 776 1048 1266 1235 1423 1666 1177 578 722 1083 591 907 1223 1452 750 798 51 797 532
722 638 0 1110 803 1816 1785 1973 2202 1728 181 1006 836 1141 1215 1773 2002 970 294 618 1347 737
731 776 1107 0 736 1015 984 1053 1235 926 1047 117 533 340 191 972 1200 198 1082 757 546 780
526 1048 803 736 0 1551 1403 1423 1605 1496 641 792 327 916 618 1377 1755 762 764 1029 1064 1148
1546 1266 1816 1015 1551 0 400 207 518 342 1756 960 1348 793 1046 388 304 989 1897 1247 777 1541
1398 1235 1785 984 1403 400 0 391 573 226 1725 929 1199 762 898 104 585 958 1749 1216 746 1510
1418 1423 1973 1053 1423 207 391 0 413 484 1889 1109 1219 951 918 366 461 1146 1769 1404 846 1698
1599 1666 2202 1235 1605 518 573 413 0 666 2071 1291 1401 1145 1100 547 229 1372 1950 1647 1028 1941
1491 1177 1728 926 1496 342 226 484 666 0 1668 872 1293 705 991 214 528 900 1842 1158 689 1452
669 578 181 1050 641 1756 1725 1889 2071 1668 0 946 784 1081 1085 1713 1942 910 242 558 1287 677
787 722 1004 117 792 960 929 1109 1291 872 944 0 589 285 248 918 1146 94 1138 703 491 677
234 1083 836 533 327 1348 1199 1219 1401 1293 784 589 0 713 414 1174 1551 559 585 1064 860 961
911 591 1141 340 916 793 762 951 1145 705 1081 285 713 0 402 750 979 314 1262 572 324 866
613 907 1215 191 618 1046 898 918 1100 991 1085 248 414 402 0 872 1250 329 964 887 559 911
1372 1223 1773 972 1377 388 104 366 547 214 1713 918 1174 750 872 0 573 946 1723 1204 734 1498
1750 1452 2002 1200 1755 304 585 461 229 528 1942 1146 1551 979 1250 573 0 1174 2100 1432 963 1726
757 750 967 198 762 989 958 1146 1372 900 907 94 559 314 329 946 1174 0 1108 731 520 641
470 798 294 1082 764 1897 1749 1769 1950 1842 242 1138 585 1262 964 1723 2100 1108 0 779 1409 897
1206 51 618 757 1029 1247 1216 1404 1647 1158 558 703 1064 572 887 1204 1432 731 779 0 778 513
1059 797 1347 546 1064 777 746 846 1028 689 1287 491 860 324 559 734 963 520 1409 778 0 1072
1159 532 737 783 1148 1538 1507 1695 1938 1449 677 680 961 863 914 1495 1723 643 897 513 1069 0
EOF