NAME : tsp_problem
TYPE : TSP
DIMENSION : 74
EDGE_WEIGHT_TYPE : EXPLICIT
EDGE_WEIGHT_FORMAT : FULL_MATRIX
EDGE_WEIGHT_SECTION
0 757 332 1020 2026 1959 2082 1810 1697 2197 1294 1942 1765 1949 1216 1432 1725 1580 1569 1755 593 842 1972 1894 595 1494 729 1791 1524 2237 501 497 1523 1362 521 1561 262 887 1473 1882 2015 2214 525 605 1764 1098 786 1327 1964 1692 1484 913 829 1942 1594 1210 116 1516 1399 1992 2105 1759 1969 582 1965 1342 1168 1048 960 1891 534 1147 1700 809
818 0 813 917 1632 1520 1797 1624 1578 1697 1122 1504 1419 1699 1174 1279 1488 1381 1369 1494 1297 582 1722 1638 385 1191 853 1638 1170 1737 410 470 1481 1266 1226 1361 743 627 1182 1626 1675 1714 1230 1309 1452 1056 586 1090 1526 1572 1134 654 1534 1732 1350 907 851 1181 1077 1653 1820 1457 1531 277 1696 1105 1055 862 404 1761 455 1034 1497 549
332 878 0 930 1933 1821 1992 1720 1608 1998 1204 1804 1675 1859 1126 1342 1635 1491 1479 1666 503 526 1882 1804 917 1404 639 1701 1434 2038 426 421 1433 1272 431 1471 107 571 1383 1792 1925 2015 435 515 1675 1008 470 1237 1826 1602 1394 597 740 1852 1504 1120 295 1426 1309 1902 2016 1669 1831 904 1875 1252 1079 958 644 1801 459 1058 1610 493
1017 982 927 0 1120 1053 1176 904 791 1291 387 1036 859 1043 310 526 819 674 663 849 692 795 1066 988 1144 588 318 885 617 1331 1024 1083 617 456 703 654 999 839 567 975 1109 1308 708 638 858 192 798 421 1058 786 577 866 695 1036 687 304 998 610 492 1086 1199 853 1063 1036 1059 436 262 117 616 985 1069 241 794 761
2026 1698 1933 1120 0 365 423 372 572 325 940 348 443 120 1000 735 512 681 670 518 1547 1510 142 456 1860 752 1378 353 731 366 1739 1799 545 826 1558 662 2004 1555 743 444 96 342 1563 1493 476 971 1513 909 370 567 695 1581 1433 152 650 990 2007 742 896 73 447 481 375 1751 116 924 995 1213 1332 182 1784 1016 521 1477
1959 1586 1821 1053 365 0 529 204 490 430 828 65 331 432 902 623 400 570 558 406 1480 1398 455 218 1748 640 1311 218 619 470 1628 1687 478 714 1491 550 1892 1443 631 206 408 446 1495 1426 365 903 1402 797 49 485 583 1470 1366 437 538 878 1940 630 784 385 553 370 43 1639 429 812 928 1103 1220 386 1672 949 409 1365
2082 1862 1992 1176 423 529 0 428 628 190 1040 513 608 346 1056 853 655 799 787 683 1603 1675 369 512 2024 916 1434 409 895 230 1904 1964 601 904 1614 779 2064 1719 908 500 412 207 1618 1549 641 1026 1678 1073 535 623 860 1746 1489 339 812 1155 2063 906 1060 389 45 646 540 1916 362 1088 1051 1268 1496 288 1949 1072 631 1642
1810 1690 1720 904 372 204 428 0 356 533 768 187 423 295 784 581 383 527 515 414 1331 1502 318 139 1851 703 1162 118 722 574 1731 1791 329 632 1342 507 1792 1547 682 127 361 550 1346 1277 423 754 1505 801 209 351 687 1573 1217 288 540 942 1791 725 873 338 452 418 214 1743 311 816 779 996 1323 237 1776 800 359 1469
1697 1643 1608 791 572 490 628 356 0 667 655 473 226 495 671 468 186 414 403 217 1218 1456 518 440 1805 590 1049 337 620 707 1685 1744 216 519 1229 394 1679 1500 569 428 561 684 1234 1164 226 642 1459 689 495 73 580 1527 1104 488 427 830 1678 612 760 538 651 220 501 1697 511 704 666 884 1277 437 1730 687 161 1422
2197 1763 1998 1291 325 430 190 533 667 0 1005 413 508 392 1078 800 577 746 735 583 1718 1575 415 548 1925 817 1549 524 796 90 1804 1864 716 891 1729 726 2069 1620 808 535 368 82 1733 1664 541 1141 1578 973 435 661 760 1646 1604 425 715 1055 2178 806 961 346 213 546 440 1816 389 988 1166 1280 1396 403 1849 1182 586 1542
1294 1187 1204 387 940 828 1040 768 655 1005 0 811 723 907 148 390 683 538 527 713 815 1000 930 852 1349 452 646 749 478 1045 1229 1289 481 320 826 518 1275 1044 431 839 973 1022 830 761 722 238 1003 108 834 650 442 1071 818 900 551 426 1274 474 180 950 1063 717 839 1241 923 123 262 480 821 849 1274 283 658 967
1942 1569 1804 1036 348 65 513 187 473 413 811 0 314 415 885 606 383 553 541 389 1463 1381 438 202 1731 623 1294 201 602 453 1611 1670 461 697 1474 533 1875 1426 614 189 391 430 1478 1409 348 886 1385 780 59 468 566 1453 1349 420 522 862 1923 613 767 368 536 353 53 1623 412 795 911 1087 1203 369 1655 932 392 1348
1765 1484 1675 859 443 331 608 423 226 508 723 314 0 510 739 522 88 468 457 94 1286 1297 533 449 1646 539 1117 404 517 548 1526 1586 283 586 1297 448 1746 1341 530 437 486 525 1301 1232 52 709 1300 695 337 220 482 1368 1172 543 437 777 1746 528 682 463 631 57 342 1538 507 710 733 951 1118 504 1571 754 126 1264
1949 1765 1859 1043 120 432 346 295 495 392 907 415 510 0 923 720 522 666 654 553 1470 1577 56 379 1927 819 1301 276 798 433 1806 1866 468 771 1481 646 1931 1622 810 367 108 409 1485 1416 543 893 1580 940 437 490 762 1648 1356 75 679 1057 1930 808 963 85 370 548 442 1818 58 955 918 1136 1398 105 1851 939 498 1544
1216 1239 1126 310 1000 902 1056 784 671 1078 148 885 739 923 0 406 699 554 543 729 737 1052 946 868 1401 468 568 765 498 1119 1281 1341 497 336 748 534 1197 1096 447 856 989 1095 752 683 738 160 1055 182 907 666 458 1123 740 916 568 348 1197 490 253 966 1079 733 912 1293 939 197 184 402 873 865 1326 206 674 1019
1432 1345 1342 526 735 623 853 581 468 800 390 606 522 720 406 0 496 179 167 527 953 1157 743 665 1507 183 784 562 213 840 1387 1446 294 112 964 159 1414 1202 162 653 778 817 968 899 536 376 1161 423 629 463 173 1229 956 713 192 564 1413 205 495 755 877 530 634 1398 736 438 401 619 979 662 1431 422 471 1124
1725 1553 1635 819 512 400 655 383 186 577 683 383 88 522 699 496 0 441 430 81 1246 1366 545 467 1715 607 1077 364 586 617 1595 1654 243 546 1257 422 1706 1410 597 455 555 594 1261 1192 90 669 1369 716 405 180 550 1437 1132 515 455 846 1705 597 751 532 679 85 411 1607 538 731 693 911 1187 464 1640 714 55 1332
1580 1446 1491 674 681 570 799 527 414 746 538 553 468 666 554 179 441 0 44 472 1101 1259 689 611 1608 341 932 508 370 787 1488 1547 240 270 1112 53 1562 1303 320 598 724 763 1117 1047 481 525 1262 572 575 409 331 1330 1104 659 117 713 1561 363 643 702 822 476 580 1500 681 587 549 767 1080 608 1533 570 417 1225
1569 1435 1479 663 670 558 787 515 403 735 527 541 457 654 543 167 430 44 0 461 1090 1247 677 599 1597 329 921 496 359 775 1476 1536 228 258 1101 65 1550 1292 309 587 713 752 1105 1036 470 513 1250 560 563 397 319 1318 1093 647 106 701 1550 351 632 690 811 464 568 1488 670 575 537 755 1069 596 1521 559 405 1214
1755 1559 1666 849 518 406 683 414 217 583 713 389 94 553 729 527 81 472 461 0 1276 1372 576 498 1721 614 1108 395 592 623 1601 1661 274 577 1288 452 1737 1416 605 486 561 600 1292 1223 96 700 1375 747 412 211 557 1443 1163 546 486 852 1736 603 757 538 706 101 417 1613 569 762 724 942 1193 495 1646 745 86 1339
593 1305 503 692 1547 1480 1603 1331 1218 1718 815 1463 1286 1470 737 953 1246 1101 1090 1276 0 993 1493 1415 1143 1015 529 1312 1044 1758 910 906 1044 883 125 1081 574 1038 994 1402 1536 1735 129 126 1285 619 937 848 1485 1213 1005 1064 350 1463 1115 731 573 1037 920 1513 1626 1280 1490 1130 1486 863 689 785 1053 1412 943 668 1221 960
842 648 526 795 1510 1398 1675 1502 1456 1575 1000 1381 1297 1577 1052 1157 1366 1259 1247 1372 993 0 1600 1516 810 1069 731 1516 1048 1615 689 749 1359 1144 921 1239 597 116 1060 1504 1553 1592 926 1005 1330 934 107 968 1403 1450 1012 89 1230 1610 1228 785 805 1058 955 1530 1698 1335 1409 701 1574 983 933 740 221 1639 734 912 1374 48
1972 1788 1882 1066 142 455 369 318 518 415 930 438 533 56 946 743 545 689 677 576 1493 1600 0 402 1950 842 1324 299 821 456 1829 1889 491 794 1504 669 1954 1645 833 390 131 432 1508 1439 566 916 1603 963 460 513 785 1671 1379 98 702 1080 1953 831 986 108 392 571 465 1841 81 978 941 1159 1421 128 1874 962 521 1567
1894 1704 1804 988 456 218 512 139 440 548 852 202 449 379 868 665 467 611 599 498 1415 1516 402 0 1866 758 1246 153 737 588 1746 1805 413 716 1426 591 1876 1561 749 44 445 565 1430 1361 483 838 1520 885 224 435 701 1588 1301 372 624 996 1875 748 902 422 535 488 229 1757 395 900 863 1080 1338 321 1790 884 443 1483
606 335 929 1144 1860 1748 2024 1851 1805 1925 1349 1731 1646 1927 1401 1507 1715 1608 1597 1721 1155 810 1950 1866 0 1418 1081 1865 1397 1965 638 697 1708 1494 1083 1588 859 854 1409 1853 1903 1941 1087 1167 1680 1284 813 1318 1753 1800 1361 881 1362 1960 1577 1135 691 1408 1305 1880 2048 1685 1758 160 1924 1333 1282 1090 631 1989 682 1262 1724 777
1494 1256 1404 588 752 640 916 703 590 817 452 623 539 819 468 183 607 341 329 614 1015 1069 842 758 1418 0 846 684 125 857 1298 1357 416 170 1026 321 1476 1113 116 746 795 834 1030 961 572 438 1072 467 645 585 84 1140 1018 835 354 549 1475 48 454 772 940 577 650 1310 816 482 463 681 890 784 1343 484 593 1035
729 919 639 321 1381 1314 1437 1165 1052 1552 649 1297 1120 1304 571 787 1080 935 924 1110 529 731 1327 1249 1081 849 0 1146 879 1592 961 1020 878 717 457 915 710 776 828 1237 1370 1569 462 541 1119 453 735 682 1319 1047 839 803 727 1297 949 565 709 871 754 1347 1460 1114 1324 972 1320 697 523 348 553 1246 1005 502 1055 698
1791 1703 1701 885 353 218 409 118 337 524 749 201 404 276 765 562 364 508 496 395 1312 1516 299 153 1865 684 1143 0 713 565 1745 1804 310 613 1323 488 1773 1560 663 140 342 541 1327 1258 404 735 1519 782 223 332 673 1587 1198 269 521 923 1772 706 854 319 433 399 228 1757 292 797 760 978 1337 218 1790 781 340 1483
1524 1235 1434 617 731 619 895 722 620 796 478 602 517 798 498 213 586 370 359 592 1044 1048 821 737 1397 125 876 713 0 836 1277 1336 445 199 1056 351 1505 1092 91 724 774 812 1060 991 551 468 1051 446 624 614 68 1119 1047 831 384 528 1504 114 433 751 919 556 629 1289 795 461 492 710 869 813 1322 513 595 1014
2237 1803 2038 1331 366 470 230 574 707 90 1045 453 548 433 1119 840 617 787 775 623 1758 1615 456 588 1965 857 1590 565 836 0 1845 1904 756 931 1770 767 2109 1660 848 576 409 65 1774 1705 582 1182 1619 1014 475 702 800 1687 1645 466 756 1096 2218 847 1001 386 254 587 480 1857 430 1029 1206 1320 1437 443 1889 1223 626 1582
501 476 426 1024 1739 1628 1904 1731 1685 1804 1229 1611 1526 1806 1281 1387 1595 1488 1476 1601 910 689 1829 1746 638 1298 961 1745 1277 1845 0 83 1588 1374 839 1468 356 734 1289 1733 1782 1821 843 922 1559 1163 693 1198 1633 1679 1241 761 1147 1839 1457 1014 464 1288 1185 1760 1927 1564 1638 529 1803 1213 1162 970 511 1869 68 1141 1604 656
497 535 421 1083 1799 1687 1964 1791 1744 1864 1289 1670 1586 1866 1341 1446 1654 1547 1536 1661 906 749 1889 1805 697 1357 1020 1804 1336 1904 83 0 1648 1433 834 1528 352 794 1349 1793 1842 1881 838 918 1619 1223 752 1257 1692 1739 1301 820 1143 1899 1516 1074 460 1347 1244 1819 1987 1624 1697 589 1863 1272 1222 1029 570 1928 95 1201 1663 716
1523 1547 1433 617 545 478 601 329 216 716 481 461 283 468 497 294 243 240 228 274 1044 1359 491 413 1708 416 875 310 445 756 1588 1648 0 345 1055 220 1505 1404 395 400 534 733 1059 990 283 467 1362 514 483 211 405 1430 1047 460 253 655 1504 438 586 511 624 278 488 1600 483 529 492 710 1180 409 1633 513 219 1326
1362 1332 1272 456 826 714 904 632 519 891 320 697 586 771 336 112 546 270 258 577 883 1144 794 716 1494 170 714 613 199 931 1374 1433 345 0 894 250 1344 1189 149 703 836 908 898 829 586 307 1148 353 719 513 160 1215 886 763 283 495 1343 192 425 814 927 581 725 1385 786 368 331 549 966 712 1418 352 522 1111
521 1234 431 703 1558 1491 1614 1342 1229 1729 826 1474 1297 1481 748 964 1257 1112 1101 1288 125 921 1504 1426 1072 1026 457 1323 1056 1770 839 834 1055 894 0 1093 503 966 1005 1414 1547 1746 57 137 1297 630 865 859 1496 1224 1016 993 362 1474 1126 742 502 1048 931 1524 1638 1291 1502 1059 1497 874 700 776 981 1423 871 680 1232 888
1561 1426 1471 654 662 550 779 507 394 726 518 533 448 646 534 159 422 53 65 452 1081 1239 669 591 1588 321 913 488 351 767 1468 1528 220 250 1093 0 1542 1283 300 579 705 743 1097 1028 461 505 1242 552 555 389 311 1310 1084 639 98 693 1541 343 623 682 802 456 560 1480 662 567 529 747 1060 588 1513 550 397 1206
262 809 107 1002 2004 1892 2064 1792 1679 2069 1275 1875 1746 1931 1197 1414 1706 1562 1550 1737 574 597 1954 1876 848 1476 710 1773 1505 2109 356 352 1505 1344 503 1542 0 642 1455 1863 1996 2086 507 586 1746 1080 541 1309 1897 1673 1465 669 811 1923 1575 1191 225 1498 1380 1974 2087 1741 1903 835 1946 1324 1150 1029 715 1872 389 1129 1682 564
887 692 571 839 1555 1443 1719 1547 1500 1620 1044 1426 1341 1622 1096 1202 1410 1303 1292 1416 1038 116 1645 1561 854 1113 776 1560 1092 1660 734 794 1404 1189 966 1283 642 0 1105 1549 1598 1637 970 1050 1375 979 151 1013 1448 1495 1056 44 1275 1655 1272 830 849 1103 1000 1575 1743 1380 1453 746 1619 1028 978 785 266 1684 779 957 1419 87
1473 1248 1383 567 743 631 908 682 569 808 431 614 530 810 447 162 597 320 309 605 994 1060 833 749 1409 116 825 663 91 848 1289 1349 395 149 1005 300 1455 1105 0 737 786 825 1009 940 563 417 1063 458 636 564 75 1131 997 814 333 540 1454 108 445 763 931 568 642 1301 807 473 442 660 881 763 1334 463 572 1027
1882 1692 1792 975 444 206 500 127 428 535 839 189 437 367 856 653 455 598 587 486 1402 1504 390 44 1853 746 1234 140 724 576 1733 1793 400 703 1414 579 1863 1549 737 0 433 552 1418 1349 470 826 1507 873 211 422 689 1575 1289 360 612 984 1862 735 890 410 523 475 216 1745 382 888 850 1068 1325 309 1778 871 430 1471
2015 1741 1925 1109 96 408 412 361 561 368 973 391 486 108 989 778 555 724 713 561 1536 1553 131 445 1903 795 1367 342 774 409 1782 1842 534 836 1547 705 1996 1598 786 433 0 385 1551 1482 519 959 1556 952 413 555 738 1624 1422 141 693 1033 1996 785 939 62 435 524 418 1794 105 967 984 1201 1375 170 1827 1005 564 1520
2214 1780 2015 1308 342 446 207 550 684 82 1022 430 525 409 1095 817 594 763 752 600 1735 1592 432 565 1941 834 1566 541 812 65 1821 1881 733 908 1746 743 2086 1637 825 552 385 0 1750 1681 558 1158 1595 990 452 678 777 1663 1621 442 732 1072 2195 823 977 363 230 563 457 1833 406 1005 1183 1297 1413 420 1866 1199 603 1559
525 1238 435 708 1563 1495 1618 1346 1234 1733 830 1478 1301 1485 752 968 1261 1117 1105 1292 129 926 1508 1430 1076 1030 462 1327 1060 1774 843 838 1059 898 57 1097 507 970 1009 1418 1551 1750 0 141 1301 634 869 863 1501 1228 1020 997 366 1478 1130 746 506 1052 935 1529 1642 1295 1506 1063 1501 878 705 781 985 1427 876 684 1236 892
605 1317 515 638 1493 1426 1549 1277 1164 1664 761 1409 1232 1416 683 899 1192 1047 1036 1223 126 1005 1439 1361 1155 961 541 1258 991 1705 922 918 990 829 137 1028 586 1050 940 1349 1482 1681 141 0 1232 565 949 794 1431 1159 951 1076 297 1409 1061 677 585 983 866 1459 1572 1226 1437 1142 1432 809 635 731 1065 1358 955 615 1167 972
1764 1518 1675 858 476 365 641 423 226 541 722 348 52 543 738 536 90 481 470 96 1285 1330 566 483 1680 572 1117 404 551 582 1559 1619 283 586 1297 461 1746 1375 563 470 519 558 1301 1232 0 709 1333 729 370 220 515 1401 1172 555 470 810 1745 561 716 497 664 59 375 1571 540 744 733 951 1151 504 1604 754 95 1297
1098 1122 1008 192 971 903 1026 754 642 1141 238 886 709 893 160 376 669 525 513 700 619 934 916 838 1284 438 450 735 468 1182 1163 1223 467 307 630 505 1080 979 417 826 959 1158 634 565 709 0 937 271 909 636 428 1005 622 886 538 208 1079 460 343 937 1050 703 914 1175 909 286 105 285 755 835 1208 117 644 901
786 651 470 798 1513 1402 1678 1505 1459 1578 1003 1385 1300 1580 1055 1161 1369 1262 1250 1375 937 107 1603 1520 813 1072 735 1519 1051 1619 693 752 1362 1148 865 1242 541 151 1063 1507 1556 1595 869 949 1333 937 0 972 1407 1454 1015 178 1174 1613 1231 788 748 1062 959 1534 1702 1338 1412 705 1577 987 936 744 225 1643 738 915 1378 74
1327 1156 1237 421 909 797 1073 801 689 973 108 780 695 940 182 423 716 572 560 747 848 968 963 885 1318 467 679 782 446 1014 1198 1257 514 353 859 552 1309 1013 458 873 952 990 863 794 729 271 972 0 802 683 410 1040 851 933 585 448 1308 457 148 929 1097 734 807 1209 956 55 296 514 790 882 1242 317 691 935
1964 1591 1826 1058 370 49 535 209 495 435 834 59 337 437 907 629 405 575 563 412 1485 1403 460 224 1753 645 1316 223 624 475 1633 1692 483 719 1496 555 1897 1448 636 211 413 452 1501 1431 370 909 1407 802 0 490 588 1475 1371 442 544 884 1945 635 789 390 558 375 36 1645 434 817 933 1109 1225 391 1678 954 414 1370
1692 1638 1602 786 567 485 623 351 73 661 650 468 220 490 666 463 180 409 397 211 1213 1450 513 435 1800 585 1044 332 614 702 1679 1739 211 513 1224 389 1673 1495 564 422 555 678 1228 1159 220 636 1454 683 490 0 574 1521 1099 482 422 824 1673 607 755 533 646 215 495 1691 505 698 661 878 1272 431 1724 682 156 1417
1484 1199 1394 577 695 583 860 687 580 760 442 566 482 762 458 173 550 331 319 557 1005 1012 785 701 1361 84 836 673 68 800 1241 1301 405 160 1016 311 1465 1056 75 689 738 777 1020 951 515 428 1015 410 588 574 0 1083 1008 795 344 492 1464 74 397 715 883 520 594 1253 759 425 452 670 833 773 1286 473 559 979
913 719 597 866 1581 1470 1746 1573 1527 1646 1071 1453 1368 1648 1123 1229 1437 1330 1318 1443 1064 89 1671 1588 881 1140 803 1587 1119 1687 761 820 1430 1215 993 1310 669 44 1131 1575 1624 1663 997 1076 1401 1005 178 1040 1475 1521 1083 0 1301 1681 1299 856 876 1130 1027 1602 1769 1406 1480 773 1645 1055 1004 812 293 1711 805 983 1446 113
829 1513 740 695 1433 1366 1489 1217 1104 1604 818 1349 1172 1356 740 956 1132 1104 1093 1163 350 1230 1379 1301 1351 1018 766 1198 1047 1645 1147 1143 1047 886 362 1084 811 1275 997 1289 1422 1621 366 297 1172 622 1174 851 1371 1099 1008 1301 0 1349 1117 734 810 1040 923 1399 1512 1166 1377 1338 1372 866 692 788 1253 1298 1180 671 1107 1197
1942 1798 1852 1036 152 437 339 288 488 425 900 420 543 75 916 713 515 659 647 546 1463 1610 98 372 1960 835 1294 269 831 466 1839 1899 460 763 1474 639 1923 1655 814 360 141 442 1478 1409 555 886 1613 933 442 482 795 1681 1349 0 672 1074 1923 841 996 118 362 550 447 1851 91 948 910 1128 1431 97 1884 932 491 1577
1594 1415 1504 687 650 538 812 540 427 715 551 522 437 679 568 192 455 117 106 486 1115 1228 702 624 1577 354 946 521 384 756 1457 1516 253 283 1126 98 1575 1272 333 612 693 732 1130 1061 470 538 1231 585 544 422 344 1299 1117 672 0 708 1574 376 613 671 835 475 549 1469 695 600 562 780 1049 621 1502 583 430 1194
1210 973 1120 304 990 878 1155 942 830 1055 426 862 777 1057 348 564 846 713 701 852 731 785 1080 996 1135 549 562 923 528 1096 1014 1074 655 495 742 693 1191 830 540 984 1033 1072 746 677 810 208 788 448 884 824 492 856 734 1074 708 0 1191 539 436 1011 1178 815 889 1026 1054 463 197 381 606 1023 1059 176 832 752
116 842 295 1001 2007 1940 2063 1791 1678 2178 1274 1923 1746 1930 1197 1413 1705 1561 1550 1736 573 805 1953 1875 680 1475 709 1772 1504 2218 464 460 1504 1343 502 1541 225 849 1454 1862 1996 2195 506 585 1745 1079 748 1308 1945 1673 1464 876 810 1923 1574 1191 0 1497 1379 1973 2086 1740 1950 667 1946 1323 1149 1028 923 1872 497 1128 1681 772
1516 1246 1426 610 742 630 906 725 612 806 474 613 528 808 490 205 597 363 351 603 1037 1058 831 748 1408 48 868 706 114 847 1288 1347 438 192 1048 343 1498 1103 108 735 785 823 1052 983 561 460 1062 457 635 607 74 1130 1040 841 376 539 1497 0 444 762 930 567 640 1300 805 472 485 703 880 806 1332 506 606 1025
1399 1143 1309 492 896 784 1060 873 760 961 180 767 682 963 253 495 751 643 632 757 920 955 986 902 1305 454 751 854 433 1001 1185 1244 586 425 931 623 1380 1000 445 890 939 977 935 866 716 343 959 148 789 755 397 1027 923 996 613 436 1379 444 0 916 1084 721 794 1197 960 163 367 585 777 954 1229 388 760 922
1992 1718 1902 1086 73 385 389 338 538 346 950 368 463 85 966 755 532 702 690 538 1513 1530 108 422 1880 772 1344 319 751 386 1760 1819 511 814 1524 682 1974 1575 763 410 62 363 1529 1459 497 937 1534 929 390 533 715 1602 1399 118 671 1011 1973 762 916 0 413 502 395 1772 82 944 961 1179 1352 148 1804 982 541 1497
2105 1886 2016 1199 447 553 45 452 651 213 1063 536 631 370 1079 877 679 822 811 706 1626 1698 392 535 2048 940 1458 433 919 254 1927 1987 624 927 1638 802 2087 1743 931 523 435 230 1642 1572 664 1050 1702 1097 558 646 883 1769 1512 362 835 1178 2086 930 1084 413 0 670 563 1939 385 1112 1074 1292 1520 311 1972 1095 654 1665
1759 1523 1669 853 481 370 646 418 220 546 717 353 57 548 733 530 85 476 464 101 1280 1335 571 488 1685 577 1111 399 556 587 1564 1624 278 581 1291 456 1741 1380 568 475 524 563 1295 1226 59 703 1338 734 375 215 520 1406 1166 550 475 815 1740 567 721 502 670 0 380 1576 545 749 728 946 1157 499 1609 749 89 1302
1969 1596 1831 1063 375 43 540 214 501 440 839 53 342 442 912 634 411 580 568 417 1490 1409 465 229 1758 650 1322 228 629 480 1638 1697 488 725 1502 560 1903 1453 642 216 418 457 1506 1437 375 914 1412 807 36 495 594 1480 1377 447 549 889 1950 640 794 395 563 380 0 1650 439 822 938 1114 1230 396 1683 959 419 1376
593 227 916 1036 1751 1639 1916 1743 1697 1816 1241 1623 1538 1818 1293 1398 1607 1500 1488 1613 1141 701 1841 1757 160 1310 972 1757 1289 1857 529 589 1600 1385 1070 1480 846 746 1301 1745 1794 1833 1074 1154 1571 1175 705 1209 1645 1691 1253 773 1349 1851 1469 1026 678 1300 1197 1772 1939 1576 1650 0 1815 1224 1174 982 523 1880 574 1153 1616 668
1965 1762 1875 1059 116 429 362 311 511 389 923 412 507 58 939 736 538 681 670 569 1486 1574 81 395 1924 816 1317 292 795 430 1803 1863 483 786 1497 662 1946 1619 807 382 105 406 1501 1432 540 909 1577 956 434 505 759 1645 1372 91 695 1054 1946 805 960 82 385 545 439 1815 0 971 933 1151 1395 120 1848 954 513 1541
1342 1171 1252 436 924 812 1088 816 704 988 123 795 710 955 197 438 731 587 575 762 863 983 978 900 1333 482 694 797 461 1029 1213 1272 529 368 874 567 1324 1028 473 888 967 1005 878 809 744 286 987 55 817 698 425 1055 866 948 600 463 1323 472 163 944 1112 749 822 1224 971 0 311 529 805 897 1257 332 706 950
1168 1120 1079 262 995 928 1051 779 666 1166 262 911 733 918 184 401 693 549 537 724 689 933 941 863 1282 463 521 760 492 1206 1162 1222 492 331 700 529 1150 978 442 850 984 1183 705 635 733 105 936 296 933 661 452 1004 692 910 562 197 1149 485 367 961 1074 728 938 1174 933 311 0 355 754 859 1207 68 669 900
1045 928 955 117 1213 1103 1268 996 884 1280 480 1087 951 1136 402 619 911 767 755 942 785 740 1159 1080 1090 681 345 978 710 1320 970 1029 710 549 774 747 1026 785 660 1068 1201 1297 778 731 951 285 744 514 1109 878 670 812 788 1128 780 381 1026 703 585 1179 1292 946 1114 982 1151 529 355 0 562 1077 1014 334 887 707
960 469 644 616 1332 1220 1496 1323 1277 1396 821 1203 1118 1398 873 979 1187 1080 1069 1193 1053 221 1421 1338 631 890 553 1337 869 1437 511 570 1180 966 981 1060 715 266 881 1325 1375 1413 985 1065 1151 755 225 790 1225 1272 833 293 1251 1431 1049 606 923 880 777 1352 1520 1157 1230 523 1395 805 754 562 0 1461 556 733 1196 188
1891 1827 1801 985 182 386 288 237 437 403 849 369 504 105 865 662 464 608 596 495 1412 1639 128 321 1989 784 1243 218 813 443 1869 1928 409 712 1423 588 1872 1684 763 309 170 420 1427 1358 504 835 1643 882 391 431 773 1711 1298 97 621 1023 1872 806 954 148 311 499 396 1880 120 897 859 1077 1461 0 1913 881 440 1606
534 521 459 1069 1784 1672 1949 1776 1730 1849 1274 1655 1571 1851 1326 1431 1640 1533 1521 1646 943 734 1874 1790 682 1343 1005 1790 1322 1889 68 95 1633 1418 871 1513 389 779 1334 1778 1827 1866 876 955 1604 1208 738 1242 1678 1724 1286 805 1180 1884 1502 1059 497 1332 1229 1804 1972 1609 1683 574 1848 1257 1207 1014 556 1913 0 1186 1648 701
1147 1100 1058 241 1016 949 1072 800 687 1182 283 932 754 939 206 422 714 570 559 745 668 912 962 884 1262 484 500 781 513 1223 1141 1201 513 352 680 550 1129 957 463 871 1005 1199 684 615 754 117 915 317 954 682 473 983 671 932 583 176 1128 506 388 982 1095 749 959 1153 954 332 68 334 733 881 1186 0 690 879
1700 1562 1610 794 521 409 631 359 161 586 658 392 126 498 674 471 55 417 405 86 1221 1374 521 443 1724 593 1052 340 595 626 1604 1663 219 522 1232 397 1682 1419 572 430 564 603 1236 1167 95 644 1378 691 414 156 559 1446 1107 491 430 832 1681 606 760 541 654 89 419 1616 513 706 669 887 1196 440 1648 690 0 1341
809 615 493 761 1477 1365 1642 1469 1422 1542 967 1348 1264 1544 1019 1124 1332 1225 1214 1339 960 48 1567 1483 777 1035 698 1483 1014 1582 656 716 1326 1111 888 1206 564 87 1027 1471 1520 1559 892 972 1297 901 74 935 1370 1417 979 113 1197 1577 1194 752 772 1025 922 1497 1665 1302 1376 668 1541 950 900 707 188 1606 701 879 1341 0
EOF