NAME : tsp_problem
TYPE : TSP
DIMENSION : 68
EDGE_WEIGHT_TYPE : EXPLICIT
EDGE_WEIGHT_FORMAT : FULL_MATRIX
EDGE_WEIGHT_SECTION
0 518 1209 1372 169 861 738 1767 846 1275 967 877 975 1222 916 358 1716 851 1059 1053 1581 757 945 1008 1014 956 1419 1533 833 1616 1216 959 433 1111 1296 903 1740 880 1642 1023 731 924 1213 1015 1769 848 1762 1634 1197 813 844 1138 972 525 1538 675 813 1479 1551 883 441 1504 416 805 428 976 1065 830
518 0 1574 1737 375 1226 794 2122 1211 1640 468 576 476 1587 615 410 2072 1216 1424 1417 1945 1122 644 1373 515 456 1783 1898 1198 1981 1581 460 675 1476 1661 603 2096 579 2007 523 1096 623 1578 1380 2125 1213 2118 1998 1562 1178 1209 1503 473 102 1903 1040 389 1844 1916 1248 494 1869 469 1170 841 476 1430 1195
1212 1574 0 381 1276 685 1275 699 671 199 1658 1413 1713 36 1452 1217 648 676 355 349 589 581 1481 567 1682 1693 427 542 657 624 60 1696 939 408 220 1440 673 1416 651 1650 649 1460 42 228 702 673 695 642 41 638 668 114 1654 1581 546 757 1840 473 559 499 1152 513 1192 630 889 1713 624 654
1375 1737 381 0 1439 849 1302 547 834 447 1686 1440 1740 394 1479 1380 496 839 519 512 440 745 1509 662 1709 1721 278 393 821 475 388 1724 1103 571 462 1467 520 1443 501 1677 812 1488 385 391 549 836 542 493 369 801 831 310 1682 1744 397 921 1867 168 410 662 1315 364 1355 793 1052 1741 678 817
169 375 1273 1436 0 925 802 1831 910 1339 824 857 832 1286 895 215 1780 915 1123 1116 1644 821 925 1072 871 813 1482 1597 897 1680 1280 816 480 1175 1360 883 1804 859 1706 880 795 904 1277 1079 1833 912 1826 1697 1261 877 908 1202 829 382 1602 739 670 1543 1615 947 298 1568 273 869 492 833 1129 894
864 1226 685 849 928 0 810 1028 146 751 1193 948 1248 698 987 869 977 61 535 529 948 157 1016 427 1217 1228 895 942 133 1092 693 1232 592 587 764 975 1002 951 1118 1185 182 995 689 491 1031 148 1024 1110 673 113 144 614 1189 1233 1014 410 1375 802 918 360 804 981 844 105 541 1248 443 51
738 794 1275 1302 802 810 0 1452 860 1194 419 262 473 1288 301 991 1401 800 1055 1094 1372 871 331 851 443 454 1462 1366 847 1516 1282 457 992 1113 1187 289 1426 265 1542 411 874 310 1279 1159 1455 862 1448 1534 1263 827 858 1256 415 802 1531 679 689 1226 1342 969 1075 1421 1050 819 566 474 867 779
1770 2122 699 547 1834 1028 1452 0 1078 618 1836 1590 1890 712 1629 1774 70 1019 756 795 401 1090 1659 812 1859 1871 451 395 1065 244 707 1874 1497 813 612 1617 57 1593 271 1827 1114 1638 703 786 27 1080 16 262 687 1045 1076 680 1832 2130 259 1163 2017 470 370 929 1709 449 1750 1037 1430 1891 828 997
849 1211 671 834 913 146 860 1078 0 736 1244 998 1298 684 1037 854 1028 137 521 514 999 143 1067 470 1267 1279 880 993 30 1077 678 1282 577 573 758 1025 1052 1001 1104 1235 167 1046 675 477 1081 27 1074 1095 659 49 25 600 1240 1218 999 395 1425 852 968 345 789 966 830 57 527 1299 493 115
1278 1640 199 447 1342 751 1194 618 736 0 1577 1332 1631 211 1371 1282 567 742 421 415 538 647 1400 554 1601 1612 493 532 723 682 206 1615 1005 473 112 1359 592 1335 708 1569 715 1379 202 294 621 738 614 700 187 703 734 180 1573 1647 612 823 1759 392 508 565 1217 579 1258 695 955 1632 570 720
967 468 1658 1686 824 1193 419 1836 1244 1577 0 646 84 1671 685 859 1785 1184 1439 1478 1756 1255 714 1235 77 65 1845 1750 1230 1900 1666 68 1124 1496 1571 673 1810 649 1926 86 1258 693 1662 1542 1839 1246 1832 1918 1647 1211 1241 1640 49 461 1914 1063 665 1610 1726 1353 943 1805 918 1203 949 85 1251 1162
877 576 1413 1440 857 948 262 1590 998 1332 646 0 700 1426 60 892 1539 938 1193 1232 1510 1009 90 989 669 681 1600 1505 985 1654 1420 684 1130 1251 1326 48 1564 24 1680 638 1013 69 1417 1297 1593 1000 1586 1672 1401 965 996 1394 642 583 1669 818 470 1364 1480 1107 975 1559 950 957 704 701 1005 917
975 476 1713 1740 832 1248 473 1890 1298 1631 84 700 0 1725 739 867 1839 1238 1493 1532 1810 1309 769 1289 131 52 1899 1804 1285 1954 1720 55 1132 1550 1625 727 1864 703 1980 140 1312 747 1716 1596 1893 1300 1886 1972 1701 1265 1295 1694 89 469 1969 1117 672 1664 1780 1407 951 1859 925 1257 1003 72 1305 1216
1225 1587 36 394 1289 698 1288 712 684 211 1671 1426 1725 0 1465 1229 661 689 368 362 602 594 1494 579 1695 1706 440 555 670 637 73 1709 952 420 233 1452 686 1429 663 1663 662 1473 32 241 715 685 708 655 48 650 681 127 1667 1594 559 770 1853 486 572 512 1164 526 1205 642 902 1726 637 667
916 615 1452 1479 895 987 301 1629 1037 1371 685 60 739 1465 0 931 1578 977 1232 1271 1549 1048 113 1028 708 720 1639 1544 1024 1693 1459 723 1169 1290 1365 87 1603 63 1719 676 1051 92 1456 1336 1632 1039 1625 1711 1440 1004 1035 1433 681 622 1708 857 509 1403 1519 1146 1014 1598 989 996 743 740 1044 956
358 410 1217 1380 215 869 991 1774 854 1282 859 892 867 1229 931 0 1723 859 1066 1060 1588 765 960 1015 906 848 1426 1541 841 1623 1224 851 318 1119 1304 918 1748 894 1650 915 739 939 1221 1023 1777 856 1770 1641 1205 821 852 1146 864 417 1545 683 705 1487 1558 891 137 1512 111 813 681 868 1073 838
1719 2072 648 496 1783 977 1401 70 1028 567 1785 1539 1839 661 1578 1723 0 968 705 744 350 1039 1608 761 1808 1820 401 344 1014 193 656 1823 1446 762 561 1566 78 1542 220 1776 1063 1587 652 735 87 1029 66 211 636 994 1025 630 1781 2079 208 1112 1966 419 319 878 1658 398 1699 986 1379 1840 777 946
854 1216 676 839 918 61 800 1019 137 742 1184 938 1238 689 977 859 968 0 526 519 939 148 1007 418 1208 1219 885 933 123 1082 683 1222 582 578 754 965 992 941 1109 1176 172 986 680 482 1021 139 1015 1100 664 104 134 605 1180 1223 1005 400 1365 792 909 350 794 971 835 96 532 1239 434 41
1062 1424 355 519 1126 535 1055 756 521 421 1439 1193 1493 368 1232 1066 705 526 0 62 676 431 1262 295 1462 1474 565 670 507 762 363 1477 789 120 443 1220 730 1196 788 1431 499 1241 359 162 759 522 752 780 343 487 518 284 1435 1431 684 607 1620 530 646 227 1001 651 1042 480 739 1494 352 504
1056 1417 349 512 1119 529 1094 795 514 415 1478 1232 1532 362 1271 1060 744 519 62 0 715 425 1301 334 1501 1513 559 674 501 756 357 1516 783 74 437 1259 769 1235 782 1469 493 1280 353 155 798 516 791 774 337 481 512 278 1474 1425 678 601 1659 569 685 266 995 644 1036 473 733 1533 391 498
1584 1945 589 440 1647 948 1372 401 999 538 1756 1510 1810 602 1549 1588 350 939 676 715 0 953 1579 732 1780 1791 202 107 985 462 597 1794 1311 734 532 1537 374 1513 489 1748 1021 1558 593 600 403 1001 397 480 577 966 996 518 1752 1953 384 1083 1937 390 83 849 1523 161 1564 958 1261 1811 748 917
760 1122 581 745 824 157 871 1090 143 647 1255 1009 1309 594 1048 765 1039 148 431 425 953 0 1078 380 1278 1290 791 906 129 988 589 1293 488 484 669 1036 1063 1012 1014 1246 123 1057 585 388 1092 145 1085 1006 570 110 140 511 1251 1129 910 306 1417 852 923 256 700 877 741 102 438 1310 438 126
945 644 1481 1509 925 1016 331 1659 1067 1400 714 90 769 1494 113 960 1608 1007 1262 1301 1579 1078 0 1058 738 749 1668 1573 1053 1723 1489 753 1199 1319 1394 75 1633 93 1749 706 1081 96 1485 1365 1662 1069 1655 1741 1470 1034 1064 1463 710 652 1737 886 539 1433 1549 1176 1044 1628 1018 1026 772 769 1074 985
1011 1373 567 662 1075 427 851 812 470 554 1235 989 1289 579 1028 1015 761 418 295 334 732 380 1058 0 1258 1270 776 727 456 876 574 1273 738 392 548 1016 786 992 902 1226 448 1037 571 373 815 471 808 894 555 436 467 496 1231 1380 891 556 1416 586 702 152 950 781 991 429 688 1290 91 396
1014 515 1682 1709 871 1217 443 1859 1267 1601 77 669 131 1695 708 906 1808 1208 1462 1501 1780 1278 738 1258 0 112 1869 1774 1254 1923 1689 115 1171 1520 1595 696 1833 672 1949 109 1282 717 1686 1566 1862 1269 1855 1941 1670 1234 1265 1663 73 507 1938 1087 711 1633 1749 1376 990 1828 964 1226 973 132 1274 1186
956 456 1693 1721 813 1228 454 1871 1279 1612 65 681 52 1706 720 848 1820 1219 1474 1513 1791 1290 749 1270 112 0 1880 1785 1265 1934 1701 36 1113 1531 1606 707 1844 684 1961 121 1293 728 1697 1577 1873 1281 1866 1952 1681 1245 1276 1675 70 449 1949 1098 653 1644 1761 1388 931 1840 906 1238 984 52 1285 1197
1422 1783 427 278 1485 895 1462 451 880 493 1845 1600 1899 440 1639 1426 401 885 565 559 202 791 1668 776 1869 1880 0 155 867 300 435 1883 1149 617 515 1626 425 1603 327 1837 859 1647 431 438 454 882 447 318 415 847 878 356 1841 1791 222 967 2026 385 172 709 1361 126 1402 839 1099 1900 834 864
1536 1898 542 393 1600 942 1366 395 993 532 1750 1505 1804 555 1544 1541 344 933 670 674 107 906 1573 727 1774 1785 155 0 979 415 549 1788 1264 728 526 1531 369 1507 441 1742 973 1552 546 553 398 995 391 433 530 960 990 471 1746 1905 337 1077 1931 385 77 823 1476 114 1516 952 1214 1805 742 911
836 1198 657 821 900 133 847 1065 30 723 1230 985 1285 670 1024 841 1014 123 507 501 985 129 1053 456 1254 1265 867 979 0 1064 665 1269 564 560 745 1012 1039 988 1090 1222 154 1032 661 464 1068 32 1061 1082 645 54 30 586 1226 1205 986 382 1412 839 955 332 776 953 816 57 513 1285 480 102
1619 1981 624 475 1683 1092 1516 244 1077 682 1900 1654 1954 637 1693 1623 193 1082 762 756 462 988 1723 876 1923 1934 300 415 1064 0 632 1938 1346 814 676 1681 218 1657 94 1891 1056 1702 628 635 247 1079 240 85 613 1044 1075 554 1896 1988 108 1164 2081 534 433 906 1558 386 1599 1036 1296 1955 892 1061
1219 1581 60 388 1283 693 1282 707 678 206 1666 1420 1720 73 1459 1224 656 683 363 357 597 589 1489 574 1689 1701 435 549 665 632 0 1704 947 415 228 1447 680 1423 658 1657 656 1468 64 236 709 680 702 650 48 645 676 121 1662 1588 554 765 1847 480 567 506 1159 520 1199 637 897 1721 631 662
959 460 1696 1724 816 1232 457 1874 1282 1615 68 684 55 1709 723 851 1823 1222 1477 1516 1794 1293 753 1273 115 36 1883 1788 1269 1938 1704 0 1116 1534 1609 711 1848 687 1964 124 1296 731 1700 1580 1877 1284 1870 1956 1685 1249 1279 1678 73 453 1952 1101 656 1648 1764 1391 935 1843 909 1241 987 56 1289 1200
622 675 939 1103 480 592 995 1497 577 1005 1124 1133 1132 952 1172 318 1446 582 789 783 1311 488 1202 738 1171 1113 1149 1264 564 1346 947 1116 0 842 1027 1160 1471 1136 1372 1180 461 1181 943 746 1500 579 1493 1364 928 544 574 869 1129 682 1268 405 970 1210 1281 614 253 1235 293 536 537 1133 796 560
1114 1476 408 571 1178 587 1113 813 573 473 1496 1251 1550 420 1290 1119 762 578 120 74 734 484 1319 392 1520 1531 617 728 560 814 415 1534 842 0 495 1277 787 1254 841 1488 551 1298 412 214 816 575 809 832 396 540 570 337 1492 1483 736 660 1678 587 703 325 1054 703 1094 532 791 1551 450 556
1299 1661 220 462 1363 764 1187 612 758 112 1571 1326 1625 233 1365 1304 561 754 443 437 532 669 1394 548 1595 1606 515 526 745 676 228 1609 1027 495 0 1352 586 1329 702 1563 737 1373 224 316 615 760 608 694 208 725 756 202 1567 1668 634 845 1752 386 502 587 1239 581 1280 717 977 1626 564 732
903 603 1440 1467 883 975 289 1617 1025 1359 673 48 727 1452 87 918 1566 965 1220 1259 1537 1036 75 1016 696 707 1626 1531 1012 1681 1447 711 1157 1277 1352 0 1591 51 1707 664 1039 54 1444 1324 1620 1027 1613 1699 1428 992 1022 1421 669 610 1696 844 497 1391 1507 1134 1002 1586 977 984 730 728 1032 944
1743 2096 673 520 1807 1002 1426 57 1052 592 1810 1564 1864 686 1603 1748 78 992 730 769 374 1063 1633 786 1833 1844 425 369 1039 218 680 1848 1471 787 586 1591 0 1567 244 1801 1088 1611 677 760 58 1054 58 236 661 1019 1050 654 1806 2103 233 1137 1991 444 344 903 1683 423 1724 1011 1404 1864 802 971
880 579 1416 1443 859 951 265 1593 1001 1335 649 24 703 1429 63 894 1542 941 1196 1235 1513 1012 93 992 672 684 1603 1507 988 1657 1423 687 1133 1254 1329 51 1567 0 1683 640 1015 72 1420 1300 1596 1003 1589 1675 1404 968 999 1397 645 586 1672 821 473 1367 1483 1110 978 1562 953 960 707 704 1008 920
1645 2007 651 501 1709 1118 1542 271 1104 708 1926 1680 1980 663 1719 1650 220 1109 788 782 489 1014 1749 902 1949 1961 327 441 1090 94 658 1964 1372 841 702 1707 244 1683 0 1917 1082 1728 654 661 273 1106 266 57 639 1070 1101 580 1922 2014 134 1190 2107 560 459 932 1585 412 1625 1063 1322 1981 918 1087
1023 523 1650 1677 880 1185 411 1827 1235 1569 86 638 140 1663 676 915 1776 1176 1431 1469 1748 1246 706 1226 109 121 1837 1742 1222 1891 1657 124 1180 1488 1563 664 1801 640 1917 0 1250 685 1654 1534 1830 1237 1823 1909 1638 1202 1233 1631 82 516 1906 1055 720 1601 1717 1344 998 1796 973 1194 941 141 1242 1154
734 1096 649 812 798 182 874 1114 167 715 1258 1013 1312 662 1051 739 1063 172 499 493 1021 123 1081 448 1282 1293 859 973 154 1056 656 1296 461 551 737 1039 1088 1015 1082 1250 0 1060 653 455 1117 169 1110 1074 637 134 165 578 1254 1103 978 279 1390 888 991 324 674 944 714 126 411 1313 505 151
924 623 1460 1488 904 995 310 1638 1046 1379 693 69 747 1473 92 939 1587 986 1241 1280 1558 1057 96 1037 717 728 1647 1552 1032 1702 1468 731 1178 1298 1373 54 1611 72 1728 685 1060 0 1464 1344 1640 1048 1633 1719 1448 1013 1043 1442 689 630 1716 865 518 1411 1528 1155 1023 1607 997 1005 751 748 1053 964
1216 1578 42 385 1280 689 1279 703 675 202 1662 1417 1716 32 1456 1221 652 680 359 353 593 585 1485 571 1686 1697 431 546 661 628 64 1700 943 412 224 1444 677 1420 654 1654 653 1464 0 232 706 677 699 646 45 641 672 118 1658 1585 550 761 1844 477 563 503 1156 517 1196 634 893 1717 628 658
1018 1380 228 391 1082 491 1159 786 477 294 1542 1297 1596 241 1336 1023 735 482 162 155 600 388 1365 373 1566 1577 438 553 464 635 236 1580 746 214 316 1324 760 1300 661 1534 455 1344 232 0 789 479 782 653 216 444 474 157 1538 1387 557 564 1675 498 570 305 958 523 998 436 695 1597 430 460
1772 2125 702 549 1836 1031 1455 27 1081 621 1839 1593 1893 715 1632 1777 87 1021 759 798 403 1092 1662 815 1862 1873 454 398 1068 247 709 1877 1500 816 615 1620 58 1596 273 1830 1117 1640 706 789 0 1083 28 265 690 1048 1079 683 1834 2132 262 1166 2020 473 373 932 1712 452 1753 1040 1433 1893 831 1000
851 1213 673 836 915 148 862 1080 27 738 1246 1000 1300 685 1039 856 1029 139 522 516 1001 145 1069 471 1269 1281 882 995 32 1079 680 1284 579 575 760 1027 1054 1003 1106 1237 169 1048 677 479 1083 0 1076 1097 661 51 27 602 1242 1220 1001 397 1427 854 970 347 791 968 832 59 529 1301 495 117
1765 2118 695 542 1829 1024 1448 16 1074 614 1832 1586 1886 708 1625 1770 66 1015 752 791 397 1085 1655 808 1855 1866 447 391 1061 240 702 1870 1493 809 608 1613 58 1589 266 1823 1110 1633 699 782 28 1076 0 258 683 1041 1072 676 1828 2125 255 1159 2013 466 366 925 1705 445 1746 1033 1426 1887 824 993
1637 1998 642 493 1700 1110 1534 262 1095 700 1918 1672 1972 655 1711 1641 211 1100 780 774 480 1006 1741 894 1941 1952 318 433 1082 85 650 1956 1364 832 694 1699 236 1675 57 1909 1074 1719 646 653 265 1097 258 0 630 1062 1093 571 1914 2006 126 1182 2099 552 450 924 1576 404 1617 1054 1314 1972 910 1079
1200 1562 41 369 1264 673 1263 687 659 187 1647 1401 1701 48 1440 1205 636 664 343 337 577 570 1470 555 1670 1681 415 530 645 613 48 1685 928 396 208 1428 661 1404 639 1638 637 1448 45 216 690 661 683 630 0 626 656 102 1642 1569 535 746 1828 461 548 487 1140 501 1180 618 877 1701 612 642
816 1178 638 801 880 113 827 1045 49 703 1211 965 1265 650 1004 821 994 104 487 481 966 110 1034 436 1234 1245 847 960 54 1044 645 1249 544 540 725 992 1019 968 1070 1202 134 1013 641 444 1048 51 1041 1062 626 0 49 567 1207 1185 966 362 1392 819 935 312 756 933 796 37 494 1266 460 82
847 1209 668 831 911 144 858 1076 25 734 1241 996 1295 681 1035 852 1025 134 518 512 996 140 1064 467 1265 1276 878 990 30 1075 676 1279 574 570 756 1022 1050 999 1101 1233 165 1043 672 474 1079 27 1072 1093 656 49 0 597 1237 1216 997 392 1422 850 966 343 787 964 827 57 524 1296 491 113
1141 1503 114 310 1205 614 1256 680 600 180 1640 1394 1694 127 1433 1146 630 605 284 278 518 511 1463 496 1663 1675 356 471 586 554 121 1678 869 337 202 1421 654 1397 580 1631 578 1442 118 157 683 602 676 571 102 567 597 0 1636 1510 476 687 1797 417 489 428 1081 442 1121 559 818 1695 553 583
972 473 1654 1682 829 1189 415 1832 1240 1573 49 642 89 1667 681 864 1781 1180 1435 1474 1752 1251 710 1231 73 70 1841 1746 1226 1896 1662 73 1129 1492 1567 669 1806 645 1922 82 1254 689 1658 1538 1834 1242 1828 1914 1642 1207 1237 1636 0 465 1910 1059 669 1605 1722 1349 948 1801 922 1199 945 90 1247 1158
525 102 1581 1744 382 1233 802 2130 1218 1647 461 583 469 1594 622 417 2079 1223 1431 1425 1953 1129 652 1380 507 449 1791 1905 1205 1988 1588 453 682 1483 1668 610 2103 586 2014 516 1103 630 1585 1387 2132 1220 2125 2006 1569 1185 1216 1510 465 0 1910 1047 396 1851 1923 1255 501 1876 476 1177 848 469 1437 1202
1541 1903 546 397 1605 1014 1531 259 999 612 1914 1669 1969 559 1708 1545 208 1005 684 678 384 910 1737 891 1938 1949 222 337 986 108 554 1952 1268 736 634 1696 233 1672 134 1906 978 1716 550 557 262 1001 255 126 535 966 997 476 1910 1910 0 1086 2096 504 355 828 1480 308 1521 958 1218 1969 907 983
678 1040 757 921 742 410 679 1163 395 823 1063 818 1117 770 857 683 1112 400 607 601 1083 306 886 556 1087 1098 967 1077 382 1164 765 1101 405 660 845 844 1137 821 1190 1055 279 865 761 564 1166 397 1159 1182 746 362 392 687 1059 1047 1086 0 1244 937 1053 432 618 1053 658 354 355 1118 578 378
813 389 1840 1867 670 1375 689 2017 1425 1759 665 470 672 1853 509 705 1966 1365 1620 1659 1937 1417 539 1416 711 653 2026 1931 1412 2081 1847 656 970 1678 1752 497 1991 473 2107 720 1390 518 1844 1675 2020 1427 2013 2099 1828 1392 1422 1797 669 396 2096 1244 0 1791 1907 1534 789 1986 763 1384 1131 673 1432 1344
1482 1844 473 168 1546 802 1226 470 852 392 1610 1364 1664 486 1403 1487 419 792 530 569 390 852 1433 586 1633 1644 385 385 839 534 480 1648 1210 587 386 1391 444 1367 560 1601 888 1411 477 498 473 854 466 552 461 819 850 417 1605 1851 504 937 1791 0 360 703 1422 439 1462 811 1159 1664 602 771
1554 1916 559 410 1618 918 1342 370 968 508 1726 1480 1780 572 1519 1558 319 909 646 685 83 923 1549 702 1749 1761 172 77 955 433 567 1764 1281 703 502 1507 344 1483 459 1717 991 1528 563 570 373 970 366 450 548 935 966 489 1722 1923 355 1053 1907 360 0 819 1493 132 1534 927 1231 1781 718 887
887 1248 499 662 950 360 969 929 345 565 1353 1107 1407 512 1146 891 878 350 227 266 849 256 1176 152 1376 1388 709 823 332 906 506 1391 614 325 587 1134 903 1110 932 1344 324 1155 503 305 932 347 925 924 487 312 343 428 1349 1255 828 432 1534 703 819 0 826 794 867 304 564 1408 209 329
441 494 1152 1315 298 804 1075 1709 789 1217 943 975 951 1164 1014 137 1658 794 1001 995 1523 700 1044 950 990 931 1361 1476 776 1558 1159 935 253 1054 1239 1002 1683 978 1585 998 674 1023 1156 958 1712 791 1705 1576 1140 756 787 1081 948 501 1480 618 789 1422 1493 826 0 1447 112 748 749 952 1008 773
1507 1869 513 364 1571 981 1421 449 966 579 1805 1559 1859 526 1598 1512 398 971 651 644 161 877 1628 781 1828 1840 126 114 953 386 520 1843 1235 703 581 1586 423 1562 412 1796 944 1607 517 523 452 968 445 404 501 933 964 442 1801 1876 308 1053 1986 439 132 794 1447 0 1487 925 1185 1860 797 949
416 469 1192 1355 273 844 1050 1750 830 1258 918 950 925 1205 989 111 1699 835 1042 1036 1564 741 1018 991 964 906 1402 1516 816 1599 1199 909 293 1094 1280 977 1724 953 1625 973 714 997 1196 998 1753 832 1746 1617 1180 796 827 1121 922 476 1521 658 763 1462 1534 867 112 1487 0 789 739 926 1048 813
808 1170 630 793 872 105 819 1037 57 695 1203 957 1257 642 996 813 986 96 480 473 958 102 1026 429 1226 1238 839 952 57 1036 637 1241 536 532 717 984 1011 960 1063 1194 126 1005 634 436 1040 59 1033 1054 618 37 57 559 1199 1177 958 354 1384 811 927 304 748 925 789 0 486 1258 452 74
425 839 889 1052 489 541 566 1430 527 955 949 704 1003 902 743 678 1379 532 739 733 1261 438 772 688 973 984 1099 1214 513 1296 897 987 537 791 977 730 1404 707 1322 941 411 751 893 695 1433 529 1426 1314 877 494 524 818 945 846 1218 355 1131 1159 1231 564 749 1185 736 486 0 1004 745 510
976 476 1713 1741 833 1248 474 1891 1299 1632 85 701 72 1726 740 868 1840 1239 1494 1533 1811 1310 769 1290 132 52 1900 1805 1285 1955 1721 56 1133 1551 1626 728 1864 704 1981 141 1313 748 1717 1597 1893 1301 1887 1972 1701 1266 1296 1695 90 469 1969 1118 673 1664 1781 1408 952 1860 926 1258 1004 0 1306 1217
1068 1430 624 678 1132 443 867 828 493 570 1251 1005 1305 637 1044 1073 777 434 352 391 748 438 1074 91 1274 1285 834 742 480 892 631 1289 796 450 564 1032 802 1008 918 1242 505 1053 628 430 831 495 824 910 612 460 491 553 1247 1437 907 578 1432 602 718 209 1008 797 1048 452 745 1306 0 412
833 1195 654 817 897 51 779 997 115 720 1162 917 1216 667 956 838 946 41 504 498 917 126 985 396 1186 1197 864 911 102 1061 662 1200 560 556 732 944 971 920 1087 1154 151 964 658 460 1000 117 993 1079 642 82 113 583 1158 1202 983 378 1344 771 887 329 773 949 813 74 510 1217 412 0
EOF