NAME : tsp_problem
TYPE : TSP
DIMENSION : 28
EDGE_WEIGHT_TYPE : EXPLICIT
EDGE_WEIGHT_FORMAT : FULL_MATRIX
EDGE_WEIGHT_SECTION
0 1839 1899 748 740 236 693 1548 2144 1832 883 2140 1851 1926 176 1374 1225 1082 1628 403 1239 1508 2032 749 42 1694 376 1335
1839 0 390 1175 1416 1631 1305 533 655 280 1671 589 59 466 1708 787 862 970 500 1552 877 549 630 1425 1846 513 1567 578
1899 390 0 1276 1518 1732 1365 635 490 202 1732 510 402 102 1769 848 957 1031 575 1654 972 651 378 1526 1907 614 1668 679
748 1175 1276 0 291 613 1136 883 1541 1167 1105 1475 1187 1353 628 884 690 579 1110 535 704 899 1571 300 755 1123 550 670
740 1416 1518 291 0 855 1139 1124 1782 1408 1329 1716 1428 1594 620 1125 931 820 1352 776 945 1140 1812 50 748 1364 791 911
236 1631 1732 613 855 0 895 1338 1997 1622 1085 1930 1643 1808 376 1339 1145 1035 1566 193 1160 1355 2027 863 244 1578 167 1126
693 1305 1365 1136 1139 895 0 1021 1610 1456 695 1759 1317 1392 563 839 691 765 1094 1061 705 974 1498 1148 700 1160 1034 965
1548 533 635 883 1124 1338 1021 0 899 525 1387 833 545 711 1425 499 570 687 360 1260 585 67 896 1133 1555 426 1275 286
2144 655 490 1541 1782 1997 1610 899 0 466 1976 259 667 517 2014 1092 1202 1276 819 1918 1216 915 140 1791 2152 879 1933 944
1832 280 202 1167 1408 1622 1456 525 466 0 1822 400 292 278 1745 783 854 1013 492 1544 868 541 496 1417 1839 504 1558 569
883 1668 1729 1105 1329 1085 695 1384 1973 1819 0 2122 1680 1755 753 1203 1054 863 1457 1251 1068 1337 1861 1338 891 1523 1225 1328
2140 589 510 1475 1716 1930 1759 833 259 400 2125 0 601 586 2053 1091 1162 1321 800 1852 1177 849 289 1725 2147 812 1867 878
1851 59 402 1187 1428 1643 1317 545 667 292 1683 601 0 478 1721 799 874 983 512 1564 889 562 642 1437 1858 525 1579 590
1926 466 102 1353 1594 1808 1392 711 517 278 1758 586 478 0 1796 875 984 1058 601 1730 999 727 405 1603 1934 667 1744 755
176 1708 1769 628 620 376 563 1425 2014 1745 753 2053 1721 1796 0 1243 1094 952 1498 543 1109 1378 1902 629 183 1564 516 1248
1374 787 848 884 1125 1339 839 499 1092 783 1206 1091 799 875 1243 0 431 505 576 1261 446 457 980 1134 1381 642 1276 271
1225 862 957 690 931 1145 691 570 1202 854 1057 1162 874 984 1094 431 0 356 686 1067 69 566 1090 940 1232 752 1081 357
1080 970 1031 579 820 1035 765 687 1276 1013 860 1321 983 1058 949 505 356 0 760 957 371 640 1164 829 1087 826 971 516
1628 500 575 1110 1352 1566 1094 360 819 492 1460 800 512 601 1498 576 686 760 0 1488 700 313 707 1360 1635 176 1502 513
403 1552 1654 535 776 193 1061 1260 1918 1544 1251 1852 1564 1730 543 1261 1067 957 1488 0 1081 1276 1948 785 410 1500 129 1047
1239 877 972 704 945 1160 705 585 1216 868 1071 1177 889 999 1109 446 69 371 700 1081 0 581 1104 954 1247 766 1096 372
1508 549 651 899 1140 1355 974 67 915 541 1340 849 562 727 1378 457 566 640 313 1276 581 0 849 1149 1516 379 1291 302
2032 630 378 1571 1812 2027 1498 896 140 496 1864 289 642 405 1902 980 1090 1164 707 1948 1104 849 0 1821 2039 773 1963 974
749 1425 1526 300 50 863 1148 1133 1791 1417 1338 1725 1437 1603 629 1134 940 829 1360 785 954 1149 1821 0 756 1373 800 920
42 1846 1907 755 748 244 700 1555 2152 1839 891 2147 1858 1934 183 1381 1232 1090 1635 410 1247 1516 2039 756 0 1702 384 1343
1694 513 614 1123 1364 1578 1160 426 879 504 1526 812 525 667 1564 642 752 826 176 1500 766 379 773 1373 1702 0 1514 525
376 1567 1668 550 791 167 1034 1275 1933 1558 1225 1867 1579 1744 516 1276 1081 971 1502 129 1096 1291 1963 800 384 1514 0 1062
1335 578 679 670 911 1126 965 286 944 569 1331 878 590 755 1248 271 357 516 513 1047 372 302 974 920 1343 525 1062 0
EOF
