NAME : tsp_problem
TYPE : TSP
DIMENSION : 38
EDGE_WEIGHT_TYPE : EXPLICIT
EDGE_WEIGHT_FORMAT : FULL_MATRIX
EDGE_WEIGHT_SECTION
0 1198 485 658 1951 1783 1613 199 544 1945 645 1561 194 932 1966 59 2024 895 599 453 500 1074 777 2149 1300 409 172 2264 2120 618 912 1066 184 1153 1755 1958 1343 2036
1198 0 994 854 1142 974 804 1145 715 1068 894 684 1139 625 1156 1219 1147 607 796 820 929 455 685 1272 416 1054 1117 1455 1243 643 605 447 1130 103 946 1148 425 1158
485 994 0 454 1777 1609 1439 541 370 1742 471 1358 536 758 1792 507 1821 721 396 279 173 870 573 1946 1096 451 514 2090 1917 444 738 862 526 950 1581 1784 1163 1832
658 854 454 0 1640 1472 1302 584 233 1602 92 1218 578 621 1655 679 1681 584 122 259 369 730 433 1806 956 493 557 1953 1777 307 601 722 569 810 1444 1647 1023 1692
1951 1142 1777 1640 0 197 687 1872 1442 515 1622 981 1866 1373 638 1973 449 1335 1666 1547 1657 1257 1525 650 983 1781 1845 842 337 1371 1352 1314 1857 1132 427 88 991 417
1783 974 1609 1472 197 0 519 1704 1274 595 1454 1061 1698 1205 470 1805 529 1167 1498 1379 1489 1089 1357 730 815 1613 1677 768 418 1203 1184 1146 1689 964 259 204 823 498
1613 804 1439 1302 687 519 0 1534 1104 618 1284 1084 1528 1035 701 1635 544 997 1328 1209 1319 919 1187 995 645 1443 1507 999 648 1033 1014 976 1519 794 491 693 653 737
199 1145 541 584 1872 1704 1534 0 465 2043 566 1697 40 853 1886 221 1970 816 610 374 421 995 745 2285 1255 329 44 2185 2073 539 833 1051 80 1135 1676 1879 1264 2162
544 715 370 233 1442 1274 1104 465 0 1613 214 1272 459 423 1457 566 1540 386 259 140 249 565 315 1860 826 374 437 1755 1643 161 403 622 450 705 1246 1449 834 1733
1945 1068 1742 1602 515 595 618 2043 1613 0 1657 491 2037 1373 828 1967 104 1398 1543 1718 1804 1202 1433 403 954 1918 2016 595 200 1542 1352 1194 2028 1023 825 469 1020 144
645 894 471 92 1622 1454 1284 566 214 1657 0 1273 560 603 1636 667 1719 565 177 241 350 744 488 1861 1005 475 538 1934 1823 288 583 777 551 865 1426 1628 1013 1747
1561 684 1358 1218 981 1061 1084 1697 1272 491 1273 0 1691 989 1120 1583 571 1014 1159 1377 1420 818 1049 695 786 1534 1670 888 666 1201 969 810 1682 639 1291 936 852 582
194 1139 536 578 1866 1698 1528 40 459 2037 560 1691 0 848 1881 215 1964 810 604 368 415 989 739 2279 1250 324 38 2179 2068 533 827 1046 74 1129 1670 1873 1258 2157
932 625 758 621 1373 1205 1035 853 423 1373 603 989 848 0 1387 954 1452 126 577 528 638 495 334 1577 727 763 826 1685 1548 352 59 493 838 581 1177 1379 764 1463
1966 1156 1792 1655 638 470 701 1886 1457 839 1636 1131 1881 1387 0 1987 918 1349 1680 1561 1671 1271 1539 546 997 1796 1859 366 823 1385 1367 1328 1871 1146 243 644 1006 729
59 1219 507 679 1973 1805 1635 221 566 1967 667 1583 215 954 1987 0 2046 917 621 475 522 1095 799 2171 1322 430 194 2286 2142 639 934 1087 206 1175 1777 1980 1365 2057
2024 1147 1821 1681 449 529 544 1970 1540 104 1719 571 1964 1452 907 2046 0 1433 1622 1645 1754 1281 1512 482 1033 1879 1942 674 134 1468 1432 1273 1955 1103 759 404 1089 224
895 607 721 584 1335 1167 997 816 386 1398 565 1014 810 126 1349 917 1433 0 602 491 600 457 359 1602 718 725 788 1648 1536 314 106 514 801 597 1139 1341 727 1488
599 796 396 122 1666 1498 1328 610 259 1543 177 1159 604 577 1680 621 1622 602 0 285 395 672 375 1747 898 519 583 1940 1718 333 557 664 595 751 1470 1673 964 1634
453 820 279 259 1547 1379 1209 374 140 1718 241 1377 368 528 1561 475 1645 491 285 0 158 669 420 1965 930 283 346 1860 1748 213 508 726 359 810 1351 1554 939 1837
500 929 173 369 1657 1489 1319 421 249 1804 350 1420 415 638 1671 522 1754 600 395 158 0 779 529 2008 1040 330 393 1969 1858 323 618 836 406 919 1461 1663 1048 1895
1074 455 870 730 1257 1089 919 995 565 1202 744 818 989 495 1271 1095 1281 457 672 669 779 0 561 1406 557 904 967 1569 1377 493 475 146 980 410 1061 1263 623 1293
777 685 573 433 1525 1357 1187 745 315 1433 488 1049 739 334 1539 799 1512 359 375 420 529 561 0 1637 788 654 718 1829 1608 243 314 553 730 641 1329 1531 854 1524
2149 1272 1946 1806 650 730 995 2285 1860 403 1861 695 2279 1577 546 2171 482 1602 1747 1965 2008 1406 1637 0 1158 2122 2258 313 387 1789 1557 1398 2270 1227 721 604 1224 293
1300 416 1096 956 983 815 645 1255 826 951 1005 786 1250 727 997 1322 1030 718 898 930 1040 557 788 1155 0 1165 1228 1296 1126 754 707 549 1240 378 787 990 127 1041
409 1054 451 493 1781 1613 1443 329 374 1918 475 1534 324 763 1796 430 1879 725 519 283 330 904 654 2122 1165 0 302 2094 1983 448 743 961 314 1044 1585 1788 1173 2009
172 1117 514 557 1845 1677 1507 44 437 2016 538 1670 38 826 1859 194 1942 788 583 346 393 967 718 2258 1228 302 0 2158 2046 511 806 1024 52 1107 1649 1851 1236 2135
2264 1455 2090 1953 853 768 999 2185 1755 607 1934 899 2179 1685 366 2286 686 1648 1951 1860 1969 1569 1837 313 1296 2094 2158 0 590 1683 1665 1602 2170 1431 541 808 1304 496
2120 1243 1917 1777 337 418 648 2073 1643 200 1823 666 2068 1548 811 2142 134 1536 1718 1748 1858 1377 1608 387 1129 1983 2046 579 0 1572 1527 1369 2058 1198 648 292 1193 154
618 643 444 307 1371 1203 1033 539 161 1542 288 1201 533 352 1385 639 1468 314 333 213 323 493 243 1789 754 448 511 1683 1572 0 332 550 524 633 1175 1377 762 1661
912 605 738 601 1352 1184 1014 833 403 1352 583 969 827 59 1367 934 1432 106 557 508 618 475 314 1557 707 743 806 1665 1527 332 0 473 818 561 1157 1359 744 1443
1066 447 862 722 1314 1146 976 1051 622 1194 777 810 1046 493 1328 1087 1273 514 664 726 836 146 553 1398 549 961 1024 1590 1369 550 473 0 1037 402 1118 1320 615 1285
184 1130 526 569 1857 1689 1519 80 450 2028 551 1682 74 838 1871 206 1955 801 595 359 406 980 730 2270 1240 314 52 2170 2058 524 818 1037 0 1120 1661 1864 1249 2147
1153 103 950 810 1132 964 794 1135 705 1023 865 639 1129 581 1146 1175 1103 597 751 810 919 410 641 1227 378 1044 1107 1420 1198 633 561 402 1120 0 936 1138 415 1114
1755 946 1581 1444 427 259 491 1676 1246 825 1426 1291 1670 1177 243 1777 759 1139 1470 1351 1461 1061 1329 721 787 1585 1649 541 648 1175 1157 1118 1661 936 0 434 795 727
1958 1148 1784 1647 88 204 693 1879 1449 469 1628 936 1873 1379 644 1980 404 1341 1673 1554 1663 1263 1531 604 990 1788 1851 796 292 1377 1359 1320 1864 1138 434 0 998 372
1343 425 1163 1023 991 823 653 1264 834 1017 1013 852 1258 764 1006 1365 1089 727 964 939 1048 623 854 1221 127 1173 1236 1304 1192 762 744 615 1249 415 795 998 0 1108
2036 1158 1832 1692 417 498 737 2162 1733 144 1747 582 2157 1463 717 2057 224 1488 1634 1837 1895 1293 1524 293 1044 2009 2135 485 154 1661 1443 1285 2147 1114 727 372 1110 0
EOF