NAME : tsp_problem
TYPE : TSP
DIMENSION : 42
EDGE_WEIGHT_TYPE : EXPLICIT
EDGE_WEIGHT_FORMAT : FULL_MATRIX
EDGE_WEIGHT_SECTION
0 804 1043 559 1057 842 1260 749 620 1431 599 1699 1046 558 1093 720 502 612 999 966 965 782 780 518 629 1098 835 1495 1484 1517 1031 1043 763 762 1679 1695 591 1011 725 797 987 1429
804 0 277 1303 328 1280 582 295 1364 730 1343 938 280 1302 1006 525 1246 416 1150 1117 185 587 326 1093 311 440 1579 837 825 859 1182 1194 67 566 917 934 332 301 529 26 1352 770
1043 277 0 1542 113 1336 379 533 1603 527 1581 735 65 1541 1062 763 1485 654 1206 1173 352 825 565 1331 550 355 1772 637 679 659 1238 1250 320 805 714 730 571 131 737 279 1408 686
559 1303 1542 0 1556 419 1733 1248 175 1881 283 2089 1545 158 779 890 180 1111 576 543 1464 1065 1279 672 1129 1598 554 1991 1983 2013 609 620 1262 1045 2069 2085 1091 1511 1224 1297 448 1928
1057 328 113 1556 0 1396 439 548 1617 588 1596 795 61 1555 1122 778 1499 669 1267 1234 403 840 579 1346 565 370 1832 698 740 720 1299 1311 365 820 775 791 586 60 782 331 1469 700
842 1280 1336 419 1396 0 1390 1123 407 1538 685 1746 1349 519 445 841 463 977 233 200 1220 851 1155 955 1063 1603 941 1648 1690 1670 265 277 1267 830 1725 1741 1024 1414 966 1286 774 1872
1260 582 379 1733 439 1390 0 684 1721 305 1798 512 392 1758 1116 980 1702 803 1260 1227 523 946 716 1548 767 284 1826 415 457 437 1292 1304 567 926 492 508 788 457 791 585 1462 615
749 295 533 1248 548 1123 684 0 1309 833 1288 1040 537 1247 849 470 1191 361 994 961 455 531 54 1038 256 589 1524 942 974 964 1026 1038 253 511 1020 1036 277 502 474 288 1196 919
620 1364 1603 175 1617 407 1721 1309 0 1869 300 2077 1606 175 719 951 231 1172 564 531 1525 1126 1340 733 1190 1659 570 1979 2021 2001 596 608 1323 1106 2056 2073 1151 1572 1285 1358 387 1989
1431 730 527 1881 588 1538 305 833 1869 0 1969 481 540 1929 1264 1151 1873 951 1409 1376 672 1094 864 1719 938 456 1975 383 426 405 1441 1453 738 1074 461 477 959 606 940 733 1611 473
599 1343 1581 283 1596 685 1798 1288 300 1969 0 2238 1585 185 903 929 242 1150 842 809 1504 1105 1319 712 1168 1637 281 2034 2023 2056 874 886 1302 1085 2218 2234 1130 1550 1264 1336 572 1968
1699 938 735 2089 795 1746 512 1040 2077 481 2238 0 748 2188 1472 1403 2132 1159 1616 1583 879 1302 1071 1988 1207 724 2182 375 417 397 1648 1660 982 1282 42 15 1206 813 1147 941 1818 299
1046 280 65 1545 61 1349 392 537 1606 540 1585 748 0 1544 1075 767 1488 658 1219 1186 355 829 568 1335 554 359 1785 650 692 672 1251 1263 324 809 727 743 575 115 750 283 1421 689
558 1302 1541 158 1555 519 1758 1247 175 1929 185 2188 1544 0 778 889 117 1110 676 643 1463 1064 1279 671 1128 1597 456 1994 1982 2016 708 720 1261 1044 2168 2184 1090 1510 1223 1296 447 1927
1093 1006 1062 779 1122 445 1116 849 719 1264 903 1472 1075 778 0 567 832 703 316 283 946 577 881 985 788 1329 762 1374 1416 1396 348 360 993 556 1451 1467 750 1140 692 1012 398 1598
720 525 763 887 778 841 980 470 948 1151 926 1403 767 886 567 0 830 332 711 678 686 203 501 625 350 819 1163 1216 1204 1238 743 755 483 182 1383 1399 312 732 446 518 913 1149
502 1246 1485 180 1499 463 1702 1191 231 1873 242 2132 1488 117 832 833 0 1054 620 587 1407 1008 1222 615 1072 1541 513 1938 1926 1959 652 664 1205 988 2112 2128 1034 1454 1167 1240 504 1871
612 416 654 1111 669 977 803 361 1172 951 1150 1159 658 1110 703 332 1054 0 847 814 577 394 392 900 137 710 1387 1061 1096 1083 880 892 375 374 1138 1155 99 623 165 409 1049 1041
999 1150 1206 576 1267 233 1260 994 564 1409 842 1616 1219 676 316 711 620 847 0 48 1090 721 1025 1112 933 1473 1026 1518 1561 1540 87 74 1138 701 1596 1612 895 1284 836 1156 662 1742
966 1117 1173 543 1234 200 1227 961 531 1376 809 1583 1186 643 283 678 587 814 48 0 1057 688 992 1079 900 1440 993 1485 1528 1507 75 87 1104 668 1563 1579 862 1251 803 1123 629 1709
965 185 352 1464 403 1220 523 455 1525 672 1504 879 355 1463 946 686 1407 577 1090 1057 0 747 487 1254 472 540 1657 782 824 804 1123 1135 233 727 859 875 493 376 621 192 1292 870
782 587 825 1062 840 851 946 531 1123 1094 1102 1302 829 1062 577 203 1005 394 721 688 747 0 563 801 412 881 1287 1204 1246 1226 753 765 545 81 1281 1297 374 794 413 580 923 1211
780 326 565 1279 579 1155 716 54 1340 864 1319 1071 568 1279 881 501 1222 392 1025 992 487 563 0 1069 288 621 1556 974 1006 996 1058 1070 285 543 1051 1067 309 534 505 320 1227 951
518 1090 1328 672 1343 955 1545 1035 733 1716 712 1985 1332 671 985 628 615 897 1112 1079 1251 803 1066 0 915 1384 948 1781 1769 1803 1145 1156 1048 783 1965 1981 877 1297 1011 1083 1100 1715
629 311 550 1129 565 1063 767 256 1190 938 1168 1207 554 1128 788 350 1072 137 933 900 472 412 288 918 0 606 1405 1003 991 1025 965 977 270 392 1187 1203 68 519 251 305 1135 936
1098 440 355 1598 370 1603 284 589 1659 456 1637 724 359 1597 1329 819 1541 710 1473 1440 540 881 621 1387 606 0 1874 520 509 542 1506 1518 406 861 704 720 627 324 824 434 1675 454
846 1590 1772 565 1833 952 1826 1535 582 1975 292 2182 1785 467 762 1177 524 1398 1026 993 1657 1287 1567 959 1416 1885 0 2085 2127 2107 1059 1071 1549 1267 2162 2178 1378 1798 1402 1584 827 2215
1495 837 637 1991 698 1648 415 942 1979 383 2034 375 650 1994 1374 1216 1938 1061 1518 1485 782 1204 974 1784 1003 520 2085 0 111 42 1551 1563 803 1184 354 370 1024 715 1050 831 1720 317
1484 825 679 1983 740 1690 457 974 2021 426 2023 417 692 1982 1416 1204 1926 1096 1561 1528 824 1246 1006 1773 991 509 2127 111 0 133 1593 1605 792 1226 397 413 1012 709 1092 819 1763 305
1517 859 659 2013 720 1670 437 964 2001 405 2056 397 672 2016 1396 1238 1959 1083 1540 1507 804 1226 996 1806 1025 542 2107 42 133 0 1573 1585 825 1206 376 392 1046 737 1071 853 1742 339
1031 1182 1238 609 1299 265 1292 1026 596 1441 874 1648 1251 708 348 743 652 880 87 75 1123 753 1058 1145 965 1506 1059 1551 1593 1573 0 41 1170 733 1628 1644 927 1317 868 1189 694 1775
1043 1194 1250 620 1311 277 1304 1038 608 1453 886 1660 1263 720 360 755 664 892 74 87 1135 765 1070 1156 977 1518 1071 1563 1605 1585 41 0 1182 745 1640 1656 939 1328 880 1201 706 1787
763 67 320 1262 365 1267 567 253 1323 738 1302 982 324 1261 993 483 1205 375 1138 1104 233 545 285 1051 270 406 1538 803 792 825 1170 1182 0 525 961 977 291 319 488 61 1339 737
762 566 805 1042 820 830 926 511 1103 1074 1082 1282 809 1041 556 182 985 374 701 668 727 81 543 780 392 861 1267 1184 1226 1206 733 745 525 0 1261 1277 354 774 393 560 903 1191
1679 917 714 2069 775 1725 492 1020 2056 461 2218 42 727 2168 1451 1383 2112 1138 1596 1563 859 1281 1051 1968 1187 704 2162 354 397 376 1628 1640 961 1261 0 37 1186 793 1127 920 1798 278
1695 934 730 2085 791 1741 508 1036 2073 477 2234 15 743 2184 1467 1399 2128 1155 1612 1579 875 1297 1067 1984 1203 720 2178 370 413 392 1644 1656 977 1277 37 0 1202 809 1143 936 1814 294
591 332 571 1091 586 1024 788 277 1151 959 1130 1206 575 1090 750 312 1034 99 895 862 493 374 309 880 68 627 1367 1024 1012 1046 927 939 291 354 1186 1202 0 540 213 326 1097 957
1011 301 131 1511 60 1414 457 502 1572 606 1550 813 115 1510 1140 732 1454 623 1284 1251 376 794 534 1300 519 324 1787 715 709 737 1317 1328 319 774 793 809 540 0 736 304 1486 654
725 529 737 1224 782 966 791 474 1285 940 1264 1147 750 1223 692 446 1167 165 836 803 621 413 505 1014 251 824 1402 1050 1092 1071 868 880 488 393 1127 1143 213 736 0 523 1038 1154
797 26 279 1297 331 1286 585 288 1358 733 1336 941 283 1296 1012 518 1240 409 1156 1123 192 580 320 1086 305 434 1573 831 819 853 1189 1201 61 560 920 936 326 304 523 0 1358 764
987 1352 1408 448 1469 774 1462 1196 387 1611 572 1818 1421 447 398 913 504 1049 662 629 1292 923 1227 1100 1135 1675 827 1720 1763 1742 694 706 1339 903 1798 1814 1097 1486 1038 1358 0 1944
1429 770 686 1928 700 1872 615 919 1989 473 1968 299 689 1927 1598 1149 1871 1041 1742 1709 870 1211 951 1718 936 454 2204 317 305 339 1775 1787 737 1191 278 294 957 654 1154 764 1944 0
EOF