NAME : tsp_problem
TYPE : TSP
DIMENSION : 43
EDGE_WEIGHT_TYPE : EXPLICIT
EDGE_WEIGHT_FORMAT : FULL_MATRIX
EDGE_WEIGHT_SECTION
0 634 244 706 742 1489 2077 71 685 1289 1698 1807 1739 1690 1124 1064 1417 1842 2092 1746 800 264 703 1626 1839 740 2114 732 736 1999 758 1802 1293 1221 1667 1217 394 1783 1726 342 1485 1440 1150
634 0 726 1004 1040 1011 1600 628 983 847 1274 1462 1261 1265 748 743 1021 1364 1725 1268 1098 562 1001 1360 1361 1037 1705 168 171 1522 1055 1324 851 883 1198 950 292 1439 1251 640 1007 962 723
244 726 0 906 941 1289 1877 271 884 1125 1551 1740 1539 1543 1026 1021 1298 1642 2002 1546 999 464 902 1637 1639 939 1982 824 828 1799 957 1602 1129 1161 1476 1228 593 1717 1529 541 1285 1240 1000
706 1004 906 0 183 1031 1534 701 126 730 1139 1247 1180 1130 782 784 858 1469 1533 1187 241 598 144 1067 1466 180 1555 1102 1106 1527 198 1335 734 662 1108 658 764 1224 1167 522 1057 949 807
742 1040 941 183 0 1000 1503 736 78 699 1108 1217 1150 1100 751 804 828 1438 1503 1157 210 634 96 1037 1435 31 1524 1137 1141 1496 49 1305 704 632 1077 627 799 1194 1137 558 1026 919 776
1489 1011 1289 1031 1000 0 795 1515 943 565 361 602 402 352 660 713 474 560 887 409 827 1481 962 421 557 998 900 1109 1113 717 1016 520 569 512 330 410 1211 578 388 1406 68 415 685
2077 1600 1877 1534 1503 795 0 2087 1447 1111 734 555 775 725 1163 1216 981 432 306 782 1330 1985 1465 511 429 1501 328 1698 1701 111 1519 571 1115 1015 703 913 1800 531 762 1909 792 1004 1188
71 628 271 701 736 1515 2087 0 679 1283 1692 1801 1734 1684 1118 1058 1411 1868 2087 1741 794 259 697 1621 1865 734 2108 726 730 2025 752 1828 1288 1215 1661 1211 388 1778 1721 336 1511 1466 1144
685 983 884 126 78 943 1447 679 0 642 1052 1160 1093 1043 694 748 771 1381 1446 1100 153 577 39 980 1378 76 1468 1081 1084 1439 94 1248 647 575 1020 570 742 1137 1080 501 969 862 719
1289 847 1125 730 699 565 1111 1283 642 0 716 824 757 707 359 412 435 918 1110 764 526 1181 661 644 915 697 1132 945 949 1075 715 878 59 135 685 213 1047 801 744 1105 561 516 384
1698 1274 1551 1139 1108 361 734 1692 1052 716 0 447 187 40 768 821 586 562 733 194 935 1590 1070 267 559 1106 755 1372 1375 719 1124 522 720 620 115 518 1474 424 194 1514 387 677 793
1807 1462 1740 1247 1217 602 555 1801 1160 824 447 0 489 439 876 929 694 474 554 496 1044 1699 1178 225 471 1215 576 1560 1564 548 1233 271 829 728 416 627 1662 80 476 1623 627 785 901
1739 1261 1539 1180 1150 402 775 1734 1093 757 187 489 0 179 809 862 627 550 774 34 977 1632 1111 309 547 1148 796 1359 1363 707 1166 510 762 661 111 559 1461 466 186 1556 428 665 834
1690 1265 1543 1130 1100 352 725 1684 1043 707 40 439 179 0 759 813 577 554 724 186 927 1582 1061 259 551 1098 746 1363 1367 711 1116 513 712 612 106 510 1465 416 186 1506 378 668 784
1121 748 1026 782 751 660 1163 1116 694 359 768 876 809 759 0 163 487 1089 1162 816 578 1013 712 696 1086 749 1184 846 850 1156 767 964 363 291 736 286 948 853 796 937 685 578 82
1061 743 1021 781 804 713 1216 1056 748 412 821 929 862 813 163 0 540 1151 1215 869 631 953 766 749 1148 802 1237 841 845 1209 820 1017 416 344 790 340 943 906 849 877 739 631 188
1417 1021 1298 858 828 474 981 1411 771 435 586 694 627 577 487 540 0 827 980 634 654 1309 789 514 824 825 1002 1119 1122 974 843 782 439 339 554 237 1220 671 614 1233 470 219 512
1842 1364 1642 1469 1438 560 432 1868 1381 918 562 474 550 554 1089 1151 827 0 462 557 1265 1834 1399 446 41 1436 484 1462 1466 354 1454 336 923 950 487 848 1564 451 540 1844 556 768 1063
2092 1725 2002 1533 1503 887 306 2087 1446 1110 733 554 774 724 1162 1215 980 462 0 781 1329 1984 1464 510 459 1500 118 1823 1826 299 1518 641 1114 1014 702 912 1925 530 761 1908 913 1071 1187
1746 1268 1546 1187 1157 409 782 1741 1100 764 194 496 34 186 816 869 634 557 781 0 983 1638 1118 316 554 1155 803 1366 1370 714 1173 516 769 668 118 566 1468 472 193 1562 435 672 841
800 1098 999 241 210 827 1330 794 153 526 935 1044 977 927 578 631 654 1265 1329 983 0 692 172 864 1262 208 1351 1196 1200 1323 226 1131 530 458 904 454 858 1020 963 616 853 745 603
264 562 464 598 634 1481 1985 259 577 1181 1590 1699 1632 1582 1016 956 1309 1834 1984 1638 692 0 595 1518 1831 632 2006 660 664 1978 650 1786 1185 1113 1559 1109 322 1675 1618 234 1477 1400 1042
703 1001 902 144 96 962 1465 697 39 661 1070 1178 1111 1061 712 766 789 1399 1464 1118 172 595 0 998 1396 94 1486 1099 1102 1458 112 1266 665 593 1038 588 761 1155 1098 519 987 880 737
1626 1360 1637 1067 1037 421 511 1621 980 644 267 225 309 259 696 749 514 446 510 316 864 1518 998 0 443 1035 532 1458 1462 504 1053 313 649 548 236 446 1560 201 295 1442 447 605 721
1839 1361 1639 1466 1435 557 429 1865 1378 915 559 471 547 551 1086 1148 824 41 459 554 1262 1831 1396 443 0 1433 481 1459 1463 351 1451 333 920 947 484 845 1561 448 537 1841 553 766 1060
740 1037 939 180 31 998 1501 734 76 697 1106 1215 1148 1098 749 802 825 1436 1500 1155 208 632 94 1035 1433 0 1522 1135 1139 1494 47 1303 702 629 1075 625 797 1192 1135 556 1024 917 774
2114 1705 1982 1555 1524 900 328 2108 1468 1132 755 576 796 746 1184 1237 1002 484 118 803 1351 2006 1486 532 481 1522 0 1803 1806 321 1540 663 1136 1036 724 934 1905 552 783 1930 897 1093 1209
732 168 824 1102 1137 1109 1698 726 1081 945 1372 1560 1359 1363 846 841 1119 1462 1823 1366 1196 660 1099 1458 1459 1135 1803 0 49 1619 1153 1422 949 981 1296 1048 390 1537 1349 738 1105 1060 821
736 171 828 1106 1141 1113 1701 730 1084 949 1375 1564 1363 1367 850 845 1122 1466 1826 1370 1200 664 1102 1462 1463 1139 1806 49 0 1623 1157 1426 953 985 1300 1052 394 1541 1353 741 1109 1064 825
1999 1522 1799 1527 1496 717 111 2025 1439 1075 719 548 707 711 1156 1209 974 354 299 714 1323 1978 1458 504 351 1494 321 1619 1623 0 1512 493 1080 1008 644 906 1721 524 697 1902 713 926 1181
758 1055 957 198 49 1016 1519 752 94 715 1124 1233 1166 1116 767 820 843 1454 1518 1173 226 650 112 1053 1451 47 1540 1153 1157 1512 0 1321 720 647 1093 643 815 1210 1153 574 1042 935 792
1802 1324 1602 1335 1305 520 571 1828 1248 878 522 271 510 513 964 1017 782 336 641 516 1131 1786 1266 313 333 1303 663 1422 1426 493 1321 0 882 816 446 714 1524 248 499 1710 516 728 989
1293 851 1129 734 704 569 1115 1288 647 59 720 829 762 712 363 416 439 923 1114 769 530 1185 665 649 920 702 1136 949 953 1080 720 882 0 139 689 217 1051 805 748 1109 566 520 388
1221 883 1161 662 632 512 1015 1215 575 135 620 728 661 612 291 344 339 950 1014 668 458 1113 593 548 947 629 1036 981 985 1008 647 816 139 0 589 116 1083 705 648 1037 538 430 316
1667 1198 1476 1108 1077 330 703 1661 1020 685 115 416 111 106 736 790 554 487 702 118 904 1559 1038 236 484 1075 724 1296 1300 644 1093 446 689 589 0 487 1398 393 122 1483 355 602 762
1217 950 1228 658 627 410 913 1211 570 213 518 627 559 510 286 340 237 848 912 566 454 1109 588 446 845 625 934 1048 1052 906 643 714 217 116 487 0 1150 603 546 1033 436 328 312
394 292 593 764 799 1211 1800 388 742 1047 1474 1662 1461 1465 948 943 1220 1564 1925 1468 858 322 761 1560 1561 797 1905 390 394 1721 815 1524 1051 1083 1398 1150 0 1639 1451 400 1207 1162 923
1783 1439 1717 1224 1194 578 531 1778 1137 801 424 80 466 416 853 906 671 451 530 472 1020 1675 1155 201 448 1192 552 1537 1541 524 1210 248 805 705 393 603 1639 0 452 1599 604 762 878
1726 1251 1529 1167 1137 388 762 1721 1080 744 194 476 186 186 796 849 614 540 761 193 963 1618 1098 295 537 1135 783 1349 1353 697 1153 499 748 648 122 546 1451 452 0 1542 414 655 821
342 640 541 522 558 1406 1909 336 501 1105 1514 1623 1556 1506 940 880 1233 1844 1908 1562 616 234 519 1442 1841 556 1930 738 741 1902 574 1710 1109 1037 1483 1033 400 1599 1542 0 1432 1324 966
1485 1007 1285 1057 1026 68 792 1511 969 561 387 627 428 378 685 739 470 556 913 435 853 1477 987 447 553 1024 897 1105 1109 713 1042 516 566 538 355 436 1207 604 414 1432 0 411 706
1440 962 1240 949 919 415 1004 1466 862 516 677 785 665 668 578 631 219 768 1071 672 745 1400 880 605 766 917 1093 1060 1064 926 935 728 520 430 602 328 1162 762 655 1324 411 0 603
1147 723 1000 807 776 685 1188 1141 719 384 793 901 834 784 82 188 512 1063 1187 841 603 1039 737 721 1060 774 1209 821 825 1181 792 989 388 316 762 312 923 878 821 963 706 603 0
EOF
