NAME : tsp_problem
TYPE : TSP
DIMENSION : 70
EDGE_WEIGHT_TYPE : EXPLICIT
EDGE_WEIGHT_FORMAT : FULL_MATRIX
EDGE_WEIGHT_SECTION
0 1389 1673 758 575 1223 1360 557 729 1363 540 595 422 1233 1268 205 1402 1289 531 242 682 1415 738 1416 1348 1377 88 1289 1659 733 487 610 1670 623 103 1666 1595 1577 1631 1708 1886 526 97 101 1579 624 559 722 1232 117 1419 697 1380 1814 601 1777 909 1084 1560 1208 1347 65 270 1591 1458 472 1383 413 614 621
1389 0 651 898 1657 329 87 1029 1033 90 1621 1738 1431 874 1002 1462 508 924 1541 1491 1691 886 920 56 75 63 1377 940 765 1037 1523 1083 776 1633 1354 544 701 327 609 686 992 1536 1390 1353 685 1633 1766 936 192 1370 53 1001 66 619 1073 883 887 1123 666 1008 904 1357 1373 340 564 1276 69 1242 1086 1630
1673 651 0 1033 1888 817 622 1401 1227 625 1853 1908 1805 570 501 1603 714 424 1956 1555 1998 386 1055 678 610 639 1602 440 465 1230 1800 1440 424 2146 1694 143 511 383 109 110 555 1951 1657 1676 495 2146 1872 1071 705 1678 681 1194 642 183 1386 685 1148 623 476 507 403 1705 1437 413 770 1498 645 1438 1400 2143
758 898 1033 0 973 732 869 486 312 872 938 993 890 594 628 688 911 649 1041 640 1083 775 43 925 857 886 687 650 1168 315 885 525 1179 1191 779 1026 1104 1086 992 1068 1395 1036 742 761 1088 1192 957 59 741 763 928 279 889 1175 471 1286 166 444 1069 568 707 790 522 1100 967 583 892 523 485 1188
575 1657 1888 973 0 1491 1627 824 945 1631 50 277 395 1449 1483 506 1670 1504 195 457 367 1630 953 1684 1615 1645 505 1505 1926 948 390 878 1937 495 597 1881 1863 1845 1847 1923 2154 190 560 579 1847 496 241 937 1500 581 1687 912 1648 2030 839 2044 1125 1300 1828 1423 1562 607 486 1859 1726 688 1651 628 852 492
1223 329 817 732 1491 0 300 863 867 303 1455 1572 1265 708 1074 1295 222 996 1375 1325 1525 889 753 356 288 317 1211 1012 479 870 1356 917 490 1467 1188 734 415 517 800 781 706 1370 1224 1186 399 1467 1600 770 172 1204 359 834 320 680 907 597 721 1085 380 1079 822 1191 1207 531 278 1110 323 1076 920 1464
1360 87 622 869 1627 300 0 1000 1004 60 1592 1709 1402 845 972 1432 479 895 1511 1461 1662 857 890 87 45 75 1347 911 735 1007 1493 1053 746 1603 1325 514 671 297 580 657 962 1506 1360 1323 655 1604 1736 906 163 1341 84 971 77 589 1044 853 858 1094 637 978 874 1328 1344 311 534 1247 81 1212 1057 1601
557 1029 1401 486 824 863 1000 0 457 1003 789 873 598 961 996 568 1042 1017 708 520 859 1143 466 1056 988 1017 544 1017 1299 461 690 81 1310 800 522 1394 1235 1217 1359 1436 1526 703 557 520 1219 801 838 450 872 538 1059 425 1020 1500 71 1417 577 812 1200 936 1075 524 402 1231 1098 331 1023 296 84 797
729 1033 1227 312 945 867 1004 457 0 1007 909 965 859 787 821 659 1046 842 969 611 1055 968 292 1060 992 1021 659 843 1303 42 856 497 1314 1061 751 1220 1239 1221 1185 1262 1530 964 713 733 1223 1062 929 276 876 734 1063 53 1024 1368 443 1421 463 638 1204 762 901 761 493 1235 1102 554 1027 494 456 1058
1363 90 625 872 1631 303 60 1003 1007 0 1595 1712 1405 848 975 1435 482 898 1514 1465 1665 860 893 84 48 78 1351 914 738 1010 1496 1057 749 1607 1328 517 675 300 583 660 966 1510 1363 1326 659 1607 1739 910 166 1344 81 974 81 593 1047 856 861 1097 640 981 878 1331 1347 314 538 1250 84 1215 1060 1604
540 1621 1853 938 50 1455 1592 789 909 1595 0 242 360 1413 1448 470 1634 1469 159 422 332 1595 918 1648 1580 1610 469 1469 1891 913 355 842 1902 459 561 1846 1827 1810 1811 1888 2118 154 524 544 1811 460 206 902 1464 545 1651 877 1612 1994 804 2009 1090 1264 1793 1388 1527 572 451 1823 1690 653 1615 593 817 457
595 1738 1908 993 277 1572 1709 873 965 1712 242 0 415 1468 1503 525 1751 1524 345 477 120 1650 973 1765 1697 1726 525 1525 2008 968 410 913 2019 276 617 1901 1944 1926 1866 1943 2235 340 580 599 1928 277 84 957 1581 600 1768 932 1729 2050 859 2126 1145 1319 1909 1443 1582 627 506 1940 1807 708 1732 648 872 273
422 1431 1805 890 395 1265 1402 598 859 1405 360 415 0 1365 1400 422 1444 1421 393 374 505 1547 870 1458 1390 1419 409 1421 1701 863 136 652 1712 485 387 1798 1637 1619 1763 1840 1928 388 422 385 1621 486 379 854 1274 403 1461 827 1422 1902 643 1819 978 1216 1602 1340 1479 389 403 1633 1500 585 1425 545 656 482
1230 874 570 591 1446 708 845 958 784 848 1410 1465 1362 0 445 1160 887 367 1514 1112 1556 261 612 901 833 862 1159 383 1017 788 1357 998 976 1712 1252 563 1063 803 529 605 946 1509 1214 1234 1047 1713 1430 628 717 1235 904 751 865 712 944 1075 706 456 1028 451 193 1262 994 833 943 1055 868 995 957 1709
1268 1002 501 628 1483 1074 972 996 821 975 1448 1503 1400 445 0 1198 1197 117 1551 1149 1593 260 650 1029 960 990 1197 117 947 825 1395 1035 906 1750 1289 494 994 734 459 536 876 1546 1252 1271 977 1750 1467 666 1055 1273 1032 789 992 642 981 1006 743 217 959 102 277 1300 1032 764 1253 1092 996 1033 994 1747
205 1462 1603 688 506 1295 1432 568 659 1435 470 525 422 1163 1198 0 1474 1219 573 172 615 1345 668 1488 1420 1450 134 1219 1731 663 417 608 1742 696 227 1596 1667 1650 1561 1638 1958 569 189 209 1651 696 489 652 1304 210 1491 627 1452 1744 554 1849 839 1014 1633 1138 1277 237 201 1663 1530 402 1456 343 567 693
1402 508 714 911 1670 222 479 1042 1046 482 1634 1751 1444 887 1197 1474 0 1119 1554 1504 1704 1069 932 535 467 496 1390 1135 376 1049 1535 1096 387 1646 1367 721 312 696 757 679 518 1549 1403 1365 296 1646 1779 949 351 1383 538 1013 499 577 1086 409 900 1264 278 1203 1001 1370 1386 710 90 1289 502 1255 1099 1643
1289 924 424 649 1504 996 895 1017 842 898 1469 1524 1421 367 117 1219 1119 0 1572 1170 1614 183 671 951 883 912 1218 55 870 846 1416 1056 829 1771 1310 417 916 656 382 459 799 1567 1273 1292 900 1771 1488 687 978 1294 954 810 915 565 1002 929 764 238 882 123 200 1321 1053 686 1175 1113 918 1054 1015 1768
531 1541 1956 1041 195 1375 1511 708 969 1514 159 345 393 1517 1551 573 1554 1572 0 525 435 1698 1021 1568 1499 1529 519 1573 1810 973 458 762 1821 379 496 1946 1747 1729 1915 1991 2038 59 532 495 1730 379 309 1005 1384 512 1571 937 1532 2011 752 1928 1088 1367 1712 1491 1630 499 554 1743 1609 694 1535 660 765 376
242 1491 1555 640 457 1325 1461 520 611 1465 422 477 374 1115 1149 172 1504 1170 525 0 567 1296 620 1518 1449 1479 171 1171 1760 615 369 559 1771 724 263 1548 1697 1679 1513 1590 1930 520 226 245 1681 724 441 604 1334 247 1521 579 1482 1696 505 1878 791 966 1662 1089 1229 274 152 1693 1560 354 1485 295 518 721
682 1691 1998 1083 367 1525 1662 859 1055 1665 332 120 505 1559 1593 615 1704 1614 435 567 0 1740 1063 1718 1650 1679 615 1615 1961 1058 500 912 1972 230 647 1991 1897 1879 1956 2033 2188 430 670 645 1881 230 153 1047 1534 663 1721 1022 1682 2140 903 2079 1235 1409 1863 1533 1672 650 596 1893 1760 798 1685 738 916 227
1412 886 386 772 1627 889 857 1140 965 860 1592 1647 1544 261 260 1342 1069 183 1695 1293 1737 0 794 913 845 874 1341 199 832 969 1539 1179 791 1894 1433 379 878 618 344 421 761 1690 1396 1415 862 1894 1611 810 898 1417 916 933 877 527 1125 891 887 382 844 266 93 1444 1176 648 1124 1236 880 1177 1138 1891
738 920 1055 43 953 753 890 466 292 893 918 973 870 615 650 668 932 671 1021 620 1063 797 0 947 878 908 667 671 1189 295 865 505 1200 1213 759 1048 1125 1108 1013 1090 1416 1017 722 741 1109 1213 937 58 762 743 950 259 910 1196 451 1307 187 466 1091 590 729 770 502 1122 988 563 914 503 465 1210
1416 56 678 925 1684 356 87 1056 1060 84 1648 1765 1458 901 1029 1488 535 951 1568 1518 1718 913 947 0 99 68 1404 967 792 1064 1549 1110 803 1660 1381 570 728 353 636 713 1019 1563 1417 1380 712 1660 1793 963 219 1397 27 1028 66 646 1100 910 914 1150 693 1034 931 1384 1400 367 591 1303 62 1269 1113 1657
1348 75 610 857 1615 288 45 988 992 48 1580 1697 1390 833 960 1420 467 883 1499 1449 1650 845 878 99 0 63 1335 899 723 995 1481 1041 734 1591 1313 502 660 285 568 645 951 1494 1348 1311 643 1592 1724 894 151 1329 96 959 66 577 1032 841 846 1082 625 966 862 1316 1332 299 522 1235 69 1200 1045 1589
1377 63 639 886 1645 317 75 1017 1021 78 1610 1726 1419 862 990 1450 496 912 1529 1479 1679 874 908 68 63 0 1365 928 753 1025 1511 1071 764 1621 1343 532 689 315 598 674 980 1524 1378 1341 673 1622 1754 924 180 1358 65 989 54 607 1062 871 875 1112 654 996 892 1345 1361 328 552 1264 57 1230 1075 1618
88 1377 1602 687 505 1211 1347 544 659 1351 469 525 409 1162 1197 134 1390 1218 519 171 615 1344 667 1404 1335 1365 0 1218 1646 662 416 598 1657 611 109 1595 1583 1565 1560 1637 1874 514 72 91 1567 612 489 651 1220 93 1407 626 1368 1743 553 1764 839 1013 1548 1137 1276 120 200 1579 1446 402 1371 342 566 608
1289 940 440 650 1505 1012 911 1017 843 914 1469 1525 1421 383 117 1219 1135 55 1573 1171 1615 199 671 967 899 928 1218 0 886 847 1416 1057 845 1771 1311 433 932 672 398 475 815 1568 1273 1293 916 1772 1489 687 994 1294 970 811 931 581 1003 945 765 239 898 123 216 1321 1053 702 1191 1114 934 1054 1016 1768
1659 765 465 1168 1926 479 735 1299 1303 738 1891 2008 1701 1017 947 1731 376 870 1810 1760 1961 832 1189 792 723 753 1646 886 0 1306 1792 1352 74 1902 1624 472 173 656 507 429 860 1805 1659 1622 157 1903 2035 1205 608 1640 795 1270 756 328 1343 751 1157 1069 139 953 849 1627 1643 686 432 1546 759 1511 1356 1900
733 1037 1230 315 948 870 1007 461 42 1010 913 968 863 791 825 663 1049 846 973 615 1058 972 295 1064 995 1025 662 847 1306 0 860 500 1317 1065 754 1223 1242 1225 1188 1265 1533 968 717 736 1226 1065 932 279 879 738 1067 57 1027 1372 446 1424 467 641 1208 765 904 765 497 1239 1105 557 1031 498 459 1062
487 1523 1800 885 390 1356 1493 690 856 1496 355 410 136 1360 1395 417 1535 1416 458 369 500 1542 865 1549 1481 1511 416 1416 1792 860 0 743 1803 577 478 1793 1728 1711 1758 1835 2019 453 471 476 1712 577 374 849 1365 492 1553 824 1513 1941 734 1910 1036 1211 1694 1335 1474 481 398 1724 1591 599 1517 540 747 574
610 1083 1440 525 878 917 1053 81 497 1057 842 913 652 1001 1035 608 1096 1056 762 559 912 1182 505 1110 1041 1071 598 1057 1352 500 743 0 1363 854 575 1433 1289 1271 1398 1475 1580 757 611 574 1273 854 877 489 926 591 1113 464 1074 1554 111 1470 630 851 1254 975 1114 578 441 1285 1152 370 1077 336 124 851
1670 776 424 1179 1937 490 746 1310 1314 749 1902 2019 1712 976 906 1742 387 829 1821 1771 1972 791 1200 803 734 764 1657 845 74 1317 1803 1363 0 1913 1635 431 184 615 466 388 833 1816 1670 1633 168 1914 2046 1216 619 1651 806 1281 767 287 1354 762 1168 1028 150 912 808 1638 1654 645 443 1557 770 1522 1367 1911
623 1633 2146 1191 495 1467 1603 800 1061 1607 459 276 485 1715 1750 696 1646 1771 379 724 230 1897 1213 1660 1591 1621 611 1771 1902 1065 577 854 1913 0 589 2038 1839 1821 2104 2181 2130 374 624 587 1823 36 309 1204 1476 604 1663 1029 1624 2104 844 2020 1180 1566 1804 1690 1829 591 752 1835 1702 787 1627 752 857 48
103 1354 1694 779 597 1188 1325 522 751 1328 561 617 387 1255 1289 227 1367 1310 496 263 647 1436 759 1381 1313 1343 109 1311 1624 754 478 575 1635 589 0 1687 1560 1543 1652 1729 1851 492 104 66 1544 589 581 743 1197 84 1384 718 1345 1825 566 1742 902 1105 1526 1229 1368 71 292 1556 1423 494 1348 434 579 586
1666 544 143 1026 1881 734 514 1394 1220 517 1846 1901 1798 563 494 1596 721 417 1946 1548 1991 379 1048 570 502 532 1595 433 472 1223 1793 1433 431 2038 1687 0 518 275 102 178 659 1941 1650 1669 502 2039 1865 1064 597 1671 574 1187 534 184 1379 789 1141 616 483 500 396 1698 1430 305 777 1491 538 1431 1392 2035
1595 701 511 1104 1863 415 671 1235 1239 675 1827 1944 1637 1063 994 1667 312 916 1747 1697 1897 878 1125 728 660 689 1583 932 173 1242 1728 1289 184 1839 1560 518 0 702 554 475 796 1742 1595 1558 35 1839 1972 1142 544 1576 731 1206 692 374 1279 687 1093 1115 55 999 896 1563 1579 732 368 1482 695 1447 1292 1836
1577 327 383 1086 1845 517 297 1217 1221 300 1810 1926 1619 803 734 1650 696 656 1729 1679 1879 618 1108 353 285 315 1565 672 656 1225 1711 1271 615 1821 1543 275 702 0 341 418 904 1724 1578 1541 686 1822 1954 1124 380 1558 357 1189 317 351 1262 1033 1075 855 667 739 636 1545 1561 88 752 1464 321 1430 1275 1818
1631 609 109 992 1847 800 580 1359 1185 583 1811 1866 1763 529 459 1561 757 382 1915 1513 1956 344 1013 636 568 598 1560 398 507 1188 1758 1398 466 2104 1652 102 554 341 0 144 597 1910 1615 1635 537 2104 1831 1029 663 1636 639 1152 600 225 1345 727 1107 581 519 465 361 1663 1395 371 813 1456 603 1396 1358 2101
1708 686 110 1068 1923 781 657 1436 1262 660 1888 1943 1840 605 536 1638 679 459 1991 1590 2033 421 1090 713 645 674 1637 475 429 1265 1835 1475 388 2181 1729 178 475 418 144 0 519 1986 1692 1711 459 2181 1907 1106 740 1713 716 1229 677 147 1421 649 1183 658 441 542 438 1740 1472 448 734 1533 680 1473 1435 2178
1886 992 566 1395 2154 706 962 1526 1530 966 2118 2235 1928 957 887 1958 518 810 2038 1941 2188 772 1416 1019 951 980 1874 826 860 1533 2019 1580 844 2130 1851 670 796 915 609 530 0 2033 1886 1849 780 2130 2259 1433 835 1867 1022 1497 983 603 1570 209 1384 1009 762 893 790 1854 1823 945 460 1773 986 1738 1583 2127
526 1536 1951 1036 190 1370 1506 703 964 1510 154 340 388 1512 1546 569 1549 1567 59 520 430 1693 1017 1563 1494 1524 514 1568 1805 968 453 757 1816 374 492 1941 1742 1724 1910 1986 2033 0 527 490 1726 375 304 1000 1379 507 1566 932 1527 2007 747 1923 1083 1363 1707 1486 1626 494 549 1738 1605 690 1530 655 760 371
97 1390 1657 742 560 1224 1360 557 713 1363 524 580 422 1217 1252 189 1403 1273 532 226 670 1399 722 1417 1348 1378 72 1273 1659 717 471 611 1670 624 104 1650 1595 1578 1615 1692 1886 527 0 100 1579 624 544 706 1233 102 1420 681 1381 1798 601 1777 894 1068 1561 1192 1331 106 255 1592 1458 457 1384 397 614 621
101 1353 1676 761 579 1186 1323 520 733 1326 544 599 385 1237 1271 209 1365 1292 495 245 645 1418 741 1380 1311 1341 91 1293 1622 736 476 574 1633 587 66 1669 1558 1541 1635 1711 1849 490 100 0 1542 587 563 725 1195 82 1383 700 1343 1818 564 1740 900 1088 1524 1211 1350 69 274 1555 1421 476 1347 416 577 584
1579 685 495 1088 1847 399 655 1219 1223 659 1811 1928 1621 1047 977 1651 296 900 1730 1681 1881 862 1109 712 643 673 1567 916 157 1226 1712 1273 168 1823 1544 502 35 686 537 459 780 1726 1579 1542 0 1823 1955 1126 528 1560 715 1190 676 358 1263 671 1077 1099 59 983 880 1547 1563 716 352 1466 679 1431 1276 1820
624 1633 2146 1192 496 1467 1604 801 1062 1607 460 277 486 1716 1750 696 1646 1771 379 724 230 1897 1213 1660 1592 1622 612 1772 1903 1065 577 854 1914 36 589 2039 1839 1822 2104 2181 2130 375 624 587 1823 0 310 1204 1476 605 1663 1029 1624 2104 845 2021 1181 1567 1805 1690 1829 592 753 1835 1702 787 1627 753 858 40
559 1766 1872 957 241 1600 1736 838 929 1739 206 84 379 1433 1467 489 1779 1488 309 441 153 1614 937 1793 1724 1754 489 1489 2035 932 374 877 2046 309 581 1865 1972 1954 1831 1907 2248 304 544 563 1955 310 0 921 1609 565 1796 896 1757 2014 823 2153 1109 1283 1937 1407 1546 591 470 1968 1834 672 1760 612 836 307
722 936 1071 59 937 770 906 450 276 910 902 957 854 631 666 652 949 687 1005 604 1047 813 58 963 894 924 651 687 1205 279 849 489 1216 1204 743 1064 1142 1124 1029 1106 1433 1000 706 725 1126 1204 921 0 779 727 966 243 927 1212 435 1323 204 482 1107 606 745 754 486 1138 1005 546 930 487 448 1201
1232 192 705 741 1500 172 163 872 876 166 1464 1581 1274 717 1055 1304 351 978 1384 1334 1534 898 762 219 151 180 1220 994 608 879 1365 926 619 1476 1197 597 544 380 663 740 835 1379 1233 1195 528 1476 1609 779 0 1213 222 843 183 673 916 726 730 1094 509 1061 831 1200 1216 394 407 1119 186 1085 929 1473
117 1370 1678 763 581 1204 1341 538 734 1344 545 600 403 1238 1273 210 1383 1294 512 247 663 1420 743 1397 1329 1358 93 1294 1640 738 492 591 1651 604 84 1671 1576 1558 1636 1713 1867 507 102 82 1560 605 565 727 1213 0 1400 702 1361 1819 582 1758 914 1089 1541 1213 1352 87 276 1572 1439 477 1364 418 595 602
1419 53 681 928 1687 359 84 1059 1063 81 1651 1768 1461 904 1032 1491 538 954 1571 1521 1721 916 950 27 96 65 1407 970 795 1067 1553 1113 806 1663 1384 574 731 357 639 716 1022 1566 1420 1383 715 1663 1796 966 222 1400 0 1031 63 649 1103 913 917 1153 696 1038 934 1387 1403 370 594 1306 59 1272 1116 1660
697 1001 1194 279 912 834 971 425 53 974 877 932 827 754 789 627 1013 810 937 579 1022 936 259 1028 959 989 626 811 1270 57 824 464 1281 1029 718 1187 1206 1189 1152 1229 1497 932 681 700 1190 1029 896 243 843 702 1031 0 991 1336 410 1388 431 605 1172 729 868 729 461 1202 1069 521 995 462 423 1026
1380 66 642 889 1648 320 77 1020 1024 81 1612 1729 1422 865 992 1452 499 915 1532 1482 1682 877 910 66 66 54 1368 931 756 1027 1513 1074 767 1624 1345 534 692 317 600 677 983 1527 1381 1343 676 1624 1757 927 183 1361 63 991 0 610 1064 873 878 1114 657 998 895 1348 1364 331 555 1267 60 1233 1077 1621
1814 619 183 1175 2030 680 589 1500 1368 593 1994 2050 1902 712 642 1744 577 565 2011 1696 2140 527 1196 646 577 607 1743 581 328 1372 1941 1554 287 2104 1825 184 374 351 225 147 592 2007 1798 1818 358 2104 2014 1212 673 1819 649 1336 610 0 1528 722 1290 764 340 648 545 1828 1578 381 633 1639 613 1579 1541 2101
601 1073 1386 471 839 907 1044 71 443 1047 804 859 643 947 981 554 1086 1002 752 505 903 1128 451 1100 1032 1062 553 1003 1343 446 734 111 1354 844 566 1379 1279 1262 1345 1421 1570 747 601 564 1263 845 823 435 916 582 1103 410 1064 1528 0 1461 621 798 1245 921 1061 568 388 1275 1142 316 1067 282 45 842
1777 883 696 1286 2044 597 853 1417 1421 856 2009 2126 1819 1087 1017 1849 409 940 1928 1878 2079 902 1307 910 841 871 1764 956 751 1424 1910 1470 762 2020 1742 800 687 1044 738 660 209 1923 1777 1740 671 2021 2153 1323 726 1758 913 1388 873 733 1461 0 1275 1139 653 1023 919 1745 1761 1074 351 1664 877 1629 1474 2018
909 887 1148 166 1125 721 858 577 463 861 1090 1145 978 709 743 839 900 764 1088 791 1235 890 187 914 846 875 839 765 1157 467 1036 630 1168 1180 902 1141 1093 1075 1107 1183 1384 1083 894 900 1077 1181 1109 204 730 914 917 431 878 1290 621 1275 0 560 1058 683 823 904 673 1089 956 734 881 674 634 1177
1084 1123 623 444 1300 1088 1094 812 638 1097 1264 1319 1216 566 217 1014 1267 238 1367 966 1409 382 466 1150 1082 1112 1013 239 1069 641 1211 851 1028 1566 1105 616 1115 855 581 658 998 1363 1068 1088 1099 1567 1283 482 1097 1089 1153 605 1114 764 798 1128 560 0 1081 158 399 1116 848 885 1323 909 1117 849 811 1563
1560 666 476 1069 1828 380 637 1200 1204 640 1793 1909 1602 1028 959 1633 278 882 1712 1662 1863 844 1091 693 625 654 1548 898 139 1208 1694 1254 150 1804 1526 483 55 667 519 441 762 1707 1561 1524 59 1805 1937 1107 509 1541 696 1172 657 340 1245 653 1058 1081 0 965 861 1528 1544 697 334 1447 660 1413 1258 1801
1208 1008 507 568 1423 1079 978 936 762 981 1388 1443 1340 451 102 1138 1203 123 1491 1089 1533 266 590 1034 966 996 1137 123 953 765 1335 975 912 1690 1229 500 999 739 465 542 882 1486 1192 1211 983 1690 1407 606 1061 1213 1038 729 998 648 921 1012 683 158 965 0 283 1240 972 769 1258 1032 1002 973 934 1687
1344 904 403 704 1559 822 874 1072 898 878 1524 1579 1476 193 277 1274 1001 200 1627 1226 1669 93 726 931 862 892 1273 216 849 901 1471 1111 808 1826 1365 396 896 636 361 438 778 1623 1328 1347 880 1826 1543 742 831 1349 934 865 895 545 1058 908 820 399 861 283 0 1376 1108 666 1057 1169 898 1109 1071 1823
65 1357 1705 790 607 1191 1328 524 761 1331 572 627 389 1265 1300 237 1370 1321 499 274 650 1447 770 1384 1316 1345 120 1321 1627 765 481 578 1638 591 71 1698 1563 1545 1663 1740 1854 494 106 69 1547 592 591 754 1200 87 1387 729 1348 1828 568 1745 904 1116 1528 1240 1379 0 303 1559 1426 504 1351 445 581 588
270 1373 1437 522 486 1207 1344 402 493 1347 451 506 403 997 1032 201 1386 1053 554 152 596 1179 502 1400 1332 1361 200 1053 1643 497 398 441 1654 752 292 1430 1579 1561 1395 1472 1812 549 255 274 1563 753 470 486 1216 276 1403 461 1364 1578 388 1761 673 848 1544 972 1111 303 0 1575 1442 236 1367 177 401 750
1591 340 413 1100 1859 531 311 1231 1235 314 1823 1940 1633 833 764 1663 710 686 1743 1693 1893 648 1122 367 299 328 1579 702 686 1239 1724 1285 645 1835 1556 305 732 88 371 448 934 1738 1592 1555 716 1835 1968 1138 394 1572 370 1202 331 381 1275 1063 1089 885 697 769 666 1559 1575 0 766 1478 334 1444 1288 1832
1458 564 770 967 1726 278 534 1098 1102 538 1690 1807 1500 943 1253 1530 90 1175 1609 1560 1760 1124 988 591 522 552 1446 1191 432 1105 1591 1152 443 1702 1423 777 368 752 813 734 460 1605 1458 1421 352 1702 1834 1005 407 1439 594 1069 555 633 1142 351 956 1320 334 1258 1057 1426 1442 766 0 1345 558 1310 1155 1699
472 1276 1498 583 688 1110 1247 331 554 1250 653 708 585 1058 1092 402 1289 1113 694 354 798 1239 563 1303 1235 1264 402 1114 1546 557 599 370 1557 787 494 1491 1482 1464 1456 1533 1773 690 457 476 1466 787 672 546 1119 477 1306 521 1267 1639 316 1664 734 909 1447 1032 1172 504 236 1478 1345 0 1270 70 329 784
1383 69 645 892 1651 323 81 1023 1027 84 1615 1732 1425 868 996 1456 502 918 1535 1485 1685 880 914 62 69 57 1371 934 759 1031 1517 1077 770 1627 1348 538 695 321 603 680 986 1530 1384 1347 679 1627 1760 930 186 1364 59 995 60 613 1067 877 881 1117 660 1002 898 1351 1367 334 558 1270 0 1236 1081 1624
413 1242 1438 523 628 1076 1212 296 494 1215 593 648 545 998 1033 343 1255 1054 660 295 738 1180 503 1269 1200 1230 342 1054 1511 498 540 336 1522 752 434 1431 1447 1430 1396 1473 1738 655 397 416 1431 753 612 487 1085 418 1272 462 1233 1579 282 1629 674 849 1413 973 1112 445 177 1444 1310 70 1236 0 295 749
614 1086 1400 485 852 920 1057 84 456 1060 817 872 656 960 994 567 1099 1015 765 518 916 1141 465 1113 1045 1075 566 1016 1356 459 747 124 1367 857 579 1392 1292 1275 1358 1435 1583 760 614 577 1276 858 836 448 929 595 1116 423 1077 1541 45 1474 634 811 1258 934 1074 581 401 1288 1155 329 1081 295 0 855
621 1630 2143 1188 492 1464 1601 797 1058 1604 457 273 482 1712 1747 693 1643 1768 376 721 227 1894 1210 1657 1589 1618 608 1768 1900 1062 574 851 1911 48 586 2035 1836 1818 2101 2178 2127 371 621 584 1820 40 307 1201 1473 602 1660 1026 1621 2101 842 2018 1177 1563 1801 1687 1826 588 750 1832 1699 784 1624 749 855 0
EOF