NAME : tsp_problem
TYPE : TSP
DIMENSION : 69
EDGE_WEIGHT_TYPE : EXPLICIT
EDGE_WEIGHT_FORMAT : FULL_MATRIX
EDGE_WEIGHT_SECTION
0 1460 517 1744 821 702 1838 316 1559 1828 1273 1866 1743 419 704 1410 660 1162 1679 396 1811 1193 1677 1064 673 909 1523 806 1474 663 1940 1428 1542 273 1468 1485 676 1823 1636 681 1365 1257 544 1188 1685 1143 1099 1045 665 1235 1693 767 1895 724 1907 1147 1771 282 1236 680 1186 399 767 1211 1270 686 1606 1174 1427
1460 0 1655 705 873 1477 799 1261 283 789 440 827 467 1657 1479 98 1597 640 481 1341 762 575 402 750 1488 1773 484 1148 41 1154 901 389 503 1537 157 174 1492 784 438 1497 293 603 1600 570 487 587 653 1053 1551 402 496 1175 856 1313 868 591 732 1227 618 980 664 1547 1175 658 437 1502 408 652 116
517 1655 0 2026 895 519 2266 774 1542 2255 1569 2293 1726 136 520 1595 476 1424 1740 855 2021 1306 1661 1223 489 471 1950 681 1669 538 2167 1855 1829 274 1609 1626 493 2250 1697 498 1460 1241 92 1301 1746 1197 1154 940 482 1531 1755 642 2122 613 2134 1202 2198 741 1349 1102 1451 302 642 1389 1566 502 1667 1437 1568
1744 705 2026 0 1244 1762 412 1545 520 401 779 439 550 2028 1764 655 1882 925 564 1626 122 945 485 1092 1773 2058 313 1519 720 1525 457 397 511 1908 714 731 1777 396 521 1782 828 974 1971 940 570 958 1024 1424 1835 741 579 1546 412 1597 424 962 344 1512 989 1265 949 1918 1546 974 776 1786 491 937 673
821 873 895 1244 0 838 1499 622 761 1488 788 1526 945 898 840 814 958 643 959 702 1240 525 880 442 850 1135 1187 734 888 591 1385 1079 1048 777 828 845 853 1483 915 859 678 460 841 520 965 416 372 279 912 750 973 695 1340 674 1353 421 1432 589 568 261 669 787 694 608 784 863 886 655 787
702 1477 519 1762 838 0 1856 690 1576 1845 1291 1884 1760 421 14 1427 229 1179 1697 771 1829 1210 1695 1082 121 802 1541 1066 1492 923 1958 1445 1560 533 1486 1503 124 1841 1653 129 1383 1275 546 1205 1703 1160 1116 1063 183 1253 1711 1027 1913 204 1925 1165 1789 657 1253 698 1203 659 1027 1229 1288 134 1623 1191 1445
1838 799 2266 412 1499 1856 0 1640 775 35 874 77 805 2168 1858 749 1976 1019 742 1720 479 1050 739 1187 1867 2152 407 1774 814 1779 307 491 606 2053 808 825 1871 30 699 1876 923 1136 2226 1045 748 1212 1221 1679 1930 836 757 1800 262 1692 275 1217 107 1606 1093 1359 1043 2172 1800 1068 870 1881 669 1031 767
316 1261 774 1545 622 690 1640 0 1360 1629 1075 1667 1544 676 692 1211 810 963 1480 94 1612 994 1479 866 702 986 1325 1064 1276 920 1741 1229 1343 530 1269 1286 705 1624 1437 710 1167 1059 802 989 1486 944 900 846 764 1037 1495 1024 1696 526 1709 949 1572 61 1037 482 987 657 1024 1012 1071 715 1407 975 1228
1559 283 1542 520 761 1576 775 1360 0 764 460 802 221 1545 1578 224 1696 581 235 1440 516 462 156 638 1588 1815 468 1036 298 1041 661 355 324 1425 238 255 1591 759 191 1597 350 491 1488 457 241 474 540 941 1650 422 249 1062 616 1412 629 479 708 1327 505 999 607 1435 1062 546 457 1601 162 593 197
1828 789 2255 401 1488 1845 35 1629 764 0 863 66 794 2157 1847 739 1965 1008 732 1709 468 1039 729 1176 1857 2142 396 1763 804 1768 297 480 595 2042 797 814 1860 19 688 1866 912 1126 2215 1034 738 1201 1211 1668 1919 825 746 1790 252 1681 264 1206 96 1596 1082 1349 1032 2162 1789 1058 860 1870 658 1020 756
1273 440 1569 779 788 1291 874 1075 460 863 0 901 644 1571 1293 380 1411 454 658 1155 846 485 578 622 1302 1587 558 1062 455 1068 975 463 577 1451 394 411 1306 858 614 1311 235 518 1514 480 663 501 567 967 1365 80 672 1089 930 1126 943 505 806 1041 528 794 478 1461 1089 503 19 1315 584 466 353
1866 827 2293 439 1526 1884 77 1667 802 66 901 0 832 2195 1885 777 2003 1046 770 1748 506 1078 767 1214 1895 2180 434 1801 842 1807 335 519 633 2080 835 852 1899 61 727 1904 950 1164 2253 1073 776 1240 1249 1706 1957 863 784 1828 290 1719 302 1244 113 1634 1121 1387 1071 2200 1828 1096 898 1908 697 1059 794
1743 467 1726 550 945 1760 805 1544 221 794 644 832 0 1729 1762 407 1880 764 265 1624 546 646 100 822 1772 1999 498 1220 482 1225 691 385 354 1609 422 439 1775 789 221 1780 534 675 1672 641 271 658 724 1125 1834 606 279 1246 646 1596 659 663 737 1510 689 1183 791 1619 1246 729 640 1785 191 777 381
419 1657 136 2028 898 421 2168 676 1545 2157 1571 2195 1729 0 423 1598 378 1427 1743 757 2024 1309 1663 1226 391 543 1852 684 1672 541 2169 1757 1832 176 1612 1629 395 2152 1699 400 1462 1244 163 1304 1749 1200 1156 942 384 1533 1757 645 2124 515 2137 1205 2100 643 1352 1009 1453 277 645 1392 1568 404 1669 1439 1571
704 1479 520 1764 840 14 1858 692 1578 1847 1293 1885 1762 423 0 1429 231 1181 1698 772 1830 1212 1697 1084 122 803 1543 1068 1494 925 1959 1447 1562 535 1487 1504 126 1843 1655 131 1385 1277 548 1207 1704 1162 1118 1065 185 1255 1713 1028 1914 205 1927 1167 1791 659 1255 700 1205 661 1028 1230 1290 136 1625 1193 1446
1410 98 1595 655 814 1427 749 1211 224 739 380 777 407 1598 1429 0 1547 590 421 1291 703 515 342 690 1438 1723 434 1089 113 1094 848 339 453 1478 97 115 1442 734 378 1447 233 544 1541 510 427 527 593 994 1501 342 436 1115 803 1263 815 532 682 1177 558 930 614 1487 1115 598 377 1452 348 602 57
660 1597 476 1882 958 229 1976 810 1696 1965 1411 2003 1880 378 231 1547 0 1299 1816 890 1948 1330 1815 1202 200 883 1661 1024 1612 880 2077 1565 1679 490 1605 1622 203 1960 1773 208 1503 1395 504 1325 1822 1280 1236 1182 66 1373 1831 984 2032 323 2045 1285 1909 777 1373 818 1323 617 984 1348 1408 213 1743 1311 1564
1162 640 1424 925 643 1179 1019 963 581 1008 454 1046 764 1427 1181 590 1299 0 778 1043 992 168 699 510 1190 1475 704 918 655 923 1120 608 723 1307 647 665 1194 1004 735 1199 498 254 1370 163 784 356 422 823 1253 416 793 944 1075 1015 1088 361 952 929 211 682 163 1317 944 186 451 1204 705 47 607
1679 481 1740 564 959 1697 742 1480 235 732 658 770 265 1743 1698 421 1816 778 0 1561 560 660 199 836 1708 1993 427 1234 496 1239 705 314 283 1623 436 453 1712 727 70 1717 548 689 1686 655 47 672 738 1139 1770 620 128 1260 660 1532 673 677 675 1447 703 1197 805 1633 1260 743 654 1721 121 791 395
396 1341 855 1626 702 771 1720 94 1440 1709 1155 1748 1624 757 772 1291 890 1043 1561 0 1693 1074 1559 946 782 1067 1405 1144 1356 1001 1822 1309 1424 611 1350 1367 786 1705 1517 791 1247 1139 882 1069 1567 1024 980 927 844 1117 1575 1105 1777 606 1789 1029 1653 142 1117 562 1067 737 1105 1093 1152 795 1487 1055 1309
1811 762 2021 122 1240 1829 479 1612 516 468 846 506 546 2024 1830 703 1948 992 560 1693 0 941 481 1117 1840 2125 380 1515 777 1520 453 464 578 1904 717 734 1844 463 516 1849 829 970 1967 936 566 953 1019 1420 1902 808 574 1541 408 1664 420 958 411 1579 984 1332 1016 1914 1541 1024 843 1853 487 1004 676
1193 575 1306 945 525 1210 1050 994 462 1039 485 1078 646 1309 1212 515 1330 168 660 1074 941 0 581 401 1222 1506 735 800 589 805 1087 639 749 1188 529 546 1225 1035 617 1230 379 136 1252 24 666 238 304 705 1284 447 675 826 1041 1046 1054 243 983 960 72 713 194 1198 826 133 482 1235 587 180 488
1677 402 1661 485 880 1695 739 1479 156 729 578 767 100 1663 1697 342 1815 699 199 1559 481 581 0 756 1706 1933 433 1154 416 1160 626 320 289 1543 356 373 1710 724 156 1715 469 610 1606 576 205 593 659 1059 1769 540 214 1181 581 1530 593 597 672 1445 624 1117 725 1553 1181 664 575 1719 126 711 315
1064 750 1223 1092 442 1082 1187 866 638 1176 622 1214 822 1226 1084 690 1202 510 836 946 1117 401 756 0 1093 1378 872 717 765 722 1262 776 890 1106 705 722 1097 1171 792 1102 555 336 1169 396 841 189 145 622 1156 584 850 743 1217 917 1230 194 1119 832 444 585 534 1115 743 485 618 1106 762 522 664
673 1488 489 1773 850 121 1867 702 1588 1857 1302 1895 1772 391 122 1438 200 1190 1708 782 1840 1222 1706 1093 0 813 1552 1037 1503 893 1969 1457 1571 503 1497 1514 20 1852 1664 25 1394 1286 517 1217 1714 1172 1128 1074 153 1264 1722 997 1924 215 1936 1176 1800 668 1265 709 1215 630 997 1240 1299 30 1635 1203 1456
920 1773 482 2058 1135 802 2152 986 1826 2142 1587 2180 2010 554 803 1723 894 1475 1993 1067 2125 1506 1945 1378 813 0 1837 965 1788 822 2254 1741 1856 678 1782 1799 817 2137 1949 822 1679 1525 428 1501 1999 1457 1413 1223 875 1549 2007 926 2209 637 2221 1461 2085 953 1550 994 1500 688 926 1525 1584 826 1919 1488 1741
1523 484 1950 313 1187 1541 407 1325 468 396 558 434 498 1852 1543 434 1661 704 427 1405 380 735 433 872 1552 1837 0 1464 499 1469 508 176 291 1738 493 510 1556 392 384 1561 608 821 1916 730 433 902 906 1369 1615 521 442 1490 463 1376 476 907 340 1291 778 1044 728 1862 1490 753 555 1565 354 716 452
806 1148 681 1519 734 1066 1774 1064 1036 1763 1062 1801 1220 684 1068 1089 1024 918 1234 1144 1515 800 1154 717 1037 954 1464 0 1163 180 1660 1354 1323 564 1103 1120 1040 1758 1190 1045 953 735 627 795 1240 691 647 779 1029 1024 1248 201 1615 1160 1628 696 1706 1030 843 940 944 574 201 883 1059 1050 1160 930 1062
1474 41 1669 720 888 1492 814 1276 298 804 455 842 482 1672 1494 113 1612 655 496 1356 777 589 416 765 1503 1788 499 1163 0 1168 916 403 518 1552 172 189 1507 799 452 1512 307 618 1615 584 502 602 668 1068 1566 417 510 1190 871 1327 883 606 747 1242 632 995 679 1562 1189 673 452 1516 423 667 131
663 1154 538 1525 591 923 1779 920 1041 1768 1068 1807 1225 541 925 1094 880 923 1239 1001 1520 805 1160 722 893 811 1469 180 1168 0 1666 1359 1328 421 1108 1125 897 1764 1196 902 959 740 484 800 1245 696 653 635 886 1030 1254 141 1621 1017 1633 701 1712 887 848 797 950 431 141 888 1065 906 1166 936 1067
1940 901 2167 457 1385 1958 307 1741 661 297 975 335 691 2169 1959 848 2077 1120 705 1822 453 1087 626 1262 1969 2254 508 1660 916 1666 0 593 707 2049 862 879 1973 292 662 1978 975 1115 2112 1082 711 1099 1165 1565 2031 937 720 1687 68 1793 81 1103 240 1708 1130 1461 1145 2059 1687 1170 972 1982 632 1133 821
1428 389 1855 397 1079 1445 491 1229 355 480 463 519 385 1757 1447 339 1565 608 314 1309 464 639 320 776 1457 1741 176 1354 403 1359 593 0 177 1642 397 414 1460 476 271 1465 512 726 1806 634 320 792 810 1259 1519 425 328 1380 548 1281 560 797 424 1196 682 949 632 1753 1380 658 460 1470 241 620 356
1542 503 1829 511 1048 1560 606 1343 324 595 577 633 354 1832 1562 453 1679 723 283 1424 578 749 289 890 1571 1856 291 1323 518 1328 707 177 0 1712 512 529 1575 590 240 1580 626 778 1775 744 289 762 827 1228 1633 539 298 1350 662 1395 675 766 538 1310 792 1063 747 1722 1349 772 574 1584 210 735 471
273 1537 274 1908 777 533 2053 530 1425 2042 1451 2080 1609 176 535 1478 490 1307 1623 611 1904 1188 1543 1106 503 666 1738 564 1552 421 2049 1642 1712 0 1492 1509 507 2038 1579 512 1342 1123 302 1184 1629 1080 1036 822 496 1413 1637 525 2004 627 2017 1084 1986 497 1232 895 1333 157 524 1272 1448 516 1549 1319 1451
1468 157 1609 714 828 1486 808 1269 238 797 394 835 422 1612 1487 97 1605 647 436 1350 717 529 356 705 1497 1782 493 1103 172 1108 862 397 512 1492 0 31 1501 792 392 1506 247 558 1555 524 441 541 607 1008 1559 356 450 1129 817 1321 830 546 741 1236 572 989 673 1502 1129 612 391 1510 362 660 71
1485 174 1626 731 845 1503 825 1286 255 814 411 852 439 1629 1504 115 1622 665 453 1367 734 546 373 722 1514 1799 510 1120 189 1125 879 414 529 1509 31 0 1518 810 409 1523 264 575 1572 541 459 558 624 1025 1576 373 467 1146 834 1338 847 563 758 1253 589 1006 690 1519 1146 629 408 1527 379 677 88
676 1492 493 1777 853 124 1871 705 1591 1860 1306 1899 1775 395 126 1442 203 1194 1712 786 1844 1225 1710 1097 20 817 1556 1040 1507 897 1973 1460 1575 507 1501 1518 0 1856 1668 29 1398 1290 520 1220 1718 1175 1131 1078 157 1268 1726 1001 1928 219 1940 1180 1804 672 1268 713 1218 634 1001 1244 1303 34 1638 1206 1460
1823 784 2250 396 1483 1841 30 1624 759 19 858 61 789 2152 1843 734 1960 1004 727 1705 463 1035 724 1171 1852 2137 392 1758 799 1764 292 476 590 2038 792 810 1856 0 684 1861 907 1121 2210 1030 733 1197 1206 1663 1914 820 742 1785 247 1676 260 1201 92 1591 1078 1344 1028 2157 1785 1053 855 1865 654 1016 752
1636 438 1697 521 915 1653 699 1437 191 688 614 727 221 1699 1655 378 1773 735 70 1517 516 617 156 792 1664 1949 384 1190 452 1196 662 271 240 1579 392 409 1668 684 0 1673 505 646 1642 612 76 629 695 1095 1727 576 85 1217 617 1489 629 633 632 1403 660 1153 761 1589 1217 700 611 1678 77 747 351
681 1497 498 1782 859 129 1876 710 1597 1866 1311 1904 1780 400 131 1447 208 1199 1717 791 1849 1230 1715 1102 25 822 1561 1045 1512 902 1978 1465 1580 512 1506 1523 29 1861 1673 0 1403 1295 526 1225 1723 1181 1137 1083 162 1273 1731 1006 1933 224 1945 1185 1809 677 1273 718 1223 639 1006 1249 1308 39 1643 1211 1465
1365 293 1460 828 678 1383 923 1167 350 912 235 950 534 1462 1385 233 1503 498 548 1247 829 379 469 555 1394 1679 608 953 307 959 975 512 626 1342 247 264 1398 907 505 1403 0 408 1405 374 554 392 458 858 1457 197 563 980 930 1218 942 396 855 1133 423 886 524 1352 980 463 232 1407 475 510 206
1257 603 1241 974 460 1275 1136 1059 491 1126 518 1164 675 1244 1277 544 1395 254 689 1139 970 136 610 336 1286 1513 821 735 618 740 1115 726 778 1123 558 575 1290 1121 646 1295 408 0 1187 131 695 173 239 640 1349 480 703 761 1070 1110 1083 178 1069 1025 179 698 280 1133 761 219 515 1299 616 266 517
544 1600 92 1971 841 546 2226 802 1488 2215 1514 2253 1672 163 548 1541 504 1370 1686 882 1967 1252 1606 1169 517 417 1916 627 1615 484 2112 1806 1775 302 1555 1572 520 2210 1642 526 1405 1187 0 1247 1692 1143 1099 885 510 1476 1700 588 2067 640 2080 1148 2158 768 1295 1047 1396 330 588 1335 1511 530 1613 1382 1514
1188 570 1301 940 520 1205 1045 989 457 1034 480 1073 641 1304 1207 510 1325 163 655 1069 936 24 576 396 1217 1501 730 795 584 800 1082 634 744 1184 524 541 1220 1030 612 1225 374 131 1247 0 661 233 299 700 1279 442 670 821 1037 1041 1049 238 978 955 67 708 189 1193 821 128 477 1230 582 175 483
1685 487 1746 570 965 1703 748 1486 241 738 663 776 271 1749 1704 427 1822 784 47 1567 566 666 205 841 1714 1999 433 1240 502 1245 711 320 289 1629 441 459 1718 733 76 1723 554 695 1692 661 0 678 744 1145 1776 625 134 1266 666 1538 679 683 681 1453 709 1203 811 1638 1266 749 660 1727 127 797 401
1143 587 1197 958 416 1160 1212 944 474 1201 501 1240 658 1200 1162 527 1280 356 672 1024 953 238 593 189 1172 1457 902 691 602 696 1099 792 762 1080 541 558 1175 1197 629 1181 392 173 1143 233 678 0 91 596 1234 463 687 718 1054 996 1066 29 1145 911 281 654 383 1090 717 321 498 1185 599 369 500
1099 653 1154 1024 372 1116 1221 900 540 1211 567 1249 724 1156 1118 593 1236 422 738 980 1019 304 659 145 1128 1413 906 647 668 653 1165 810 827 1036 607 624 1131 1206 695 1137 458 239 1099 299 744 91 0 552 1190 529 753 674 1120 952 1132 95 1154 867 347 610 449 1046 674 387 564 1141 665 435 566
1043 1091 940 1462 277 1061 1716 845 979 1706 1005 1744 1163 942 1063 1031 1181 861 1177 925 1458 742 1097 660 1072 1212 1406 779 1106 635 1603 1297 1266 822 1046 1063 1076 1701 1133 1081 896 677 885 737 1182 634 590 0 1135 967 1191 739 1558 897 1571 638 1649 811 785 484 887 832 739 826 1002 1086 1103 873 1005
665 1551 482 1835 912 183 1930 764 1650 1919 1365 1957 1834 384 185 1501 66 1253 1770 844 1902 1284 1769 1156 153 875 1615 1029 1566 886 2031 1519 1633 496 1559 1576 157 1914 1727 162 1457 1349 510 1279 1776 1234 1190 1136 0 1327 1785 990 1986 277 1999 1239 1862 730 1327 772 1277 623 990 1302 1361 167 1697 1265 1518
1235 402 1531 741 750 1253 836 1037 422 825 80 863 606 1533 1255 342 1373 416 620 1117 808 447 540 584 1264 1549 521 1024 417 1030 937 425 539 1413 356 373 1268 820 576 1273 197 480 1476 442 625 463 529 930 1327 0 634 1051 892 1088 905 467 768 1003 490 756 440 1423 1051 465 77 1277 546 428 315
1693 496 1755 579 973 1711 757 1495 249 746 672 784 279 1757 1713 436 1831 793 128 1575 574 675 214 850 1722 2007 442 1248 510 1254 720 328 298 1637 450 467 1726 742 85 1731 563 703 1700 670 134 687 753 1153 1785 634 0 1275 675 1547 687 691 690 1461 718 1211 819 1647 1275 758 669 1736 135 805 409
767 1175 642 1546 695 1027 1800 1024 1062 1790 1089 1828 1246 645 1028 1115 984 944 1260 1105 1541 826 1181 743 997 915 1490 201 1190 141 1687 1380 1350 525 1129 1146 1001 1785 1217 1006 980 761 588 821 1266 718 674 739 990 1051 1275 0 1642 1121 1654 722 1733 991 869 901 971 534 52 909 1086 1010 1187 957 1088
1895 856 2122 412 1340 1913 262 1696 616 252 930 290 646 2124 1914 803 2032 1075 660 1777 408 1041 581 1217 1924 2209 463 1615 871 1621 68 548 662 2004 817 834 1928 247 617 1933 930 1070 2067 1037 666 1054 1120 1520 1986 892 675 1642 0 1748 36 1058 195 1663 1085 1416 1100 2014 1642 1125 927 1937 587 1088 776
724 1313 613 1597 674 204 1692 526 1412 1681 1126 1719 1596 515 205 1263 323 1015 1532 606 1664 1046 1530 917 215 637 1376 1160 1327 1017 1793 1281 1395 627 1321 1338 219 1676 1489 224 1218 1110 640 1041 1538 996 952 898 277 1088 1547 1121 1748 0 1761 1000 1624 492 1089 534 1039 754 1121 1064 1123 228 1459 1027 1280
1907 868 2134 424 1353 1925 275 1709 629 264 943 302 659 2137 1927 815 2045 1088 673 1789 420 1054 593 1230 1936 2221 476 1628 883 1633 81 560 675 2017 830 847 1940 260 629 1945 942 1083 2080 1049 679 1066 1132 1533 1999 905 687 1654 36 1761 0 1071 208 1675 1097 1428 1112 2026 1654 1137 939 1950 599 1100 789
1147 591 1202 962 421 1165 1217 949 479 1206 505 1244 663 1205 1167 532 1285 361 677 1029 958 243 597 194 1176 1461 907 696 606 701 1103 797 766 1084 546 563 1180 1201 633 1185 396 178 1148 238 683 29 95 601 1239 467 691 722 1058 1000 1071 0 1149 915 286 659 387 1094 722 326 502 1189 603 373 505
1771 732 2198 344 1432 1789 107 1572 708 96 806 113 737 2100 1791 682 1909 952 675 1653 411 983 672 1119 1800 2085 340 1706 747 1712 240 424 538 1986 741 758 1804 92 632 1809 855 1069 2158 978 681 1145 1154 1611 1862 768 690 1733 195 1624 208 1149 0 1539 1026 1292 976 2105 1733 1001 803 1813 602 964 700
282 1227 741 1512 589 657 1606 61 1327 1596 1041 1634 1510 643 659 1177 777 929 1447 142 1579 960 1445 832 668 953 1291 1030 1242 887 1708 1196 1310 497 1236 1253 672 1591 1403 677 1133 1025 768 955 1453 911 867 813 730 1003 1461 991 1663 492 1675 915 1539 0 1004 448 954 623 991 979 1038 681 1374 942 1195
1236 618 1349 989 568 1253 1093 1037 505 1082 528 1121 689 1352 1255 558 1373 211 703 1117 984 72 624 444 1265 1550 778 843 632 848 1130 682 792 1232 572 589 1268 1078 660 1273 423 179 1295 67 709 281 347 748 1327 490 718 869 1085 1089 1097 286 1026 1004 0 757 237 1241 869 176 525 1278 630 223 531
680 980 1102 1265 261 698 1359 482 999 1349 794 1387 1183 1009 700 930 818 682 1197 562 1332 713 1117 585 709 994 1044 940 995 797 1461 949 1063 895 989 1006 713 1344 1153 718 886 698 1047 708 1203 654 610 485 772 756 1211 901 1416 534 1428 659 1292 448 757 0 707 994 901 732 791 723 1124 695 948
1186 664 1451 949 669 1203 1043 987 607 1032 478 1071 791 1453 1205 614 1323 163 805 1067 1016 194 725 534 1215 1500 728 944 679 950 1145 632 747 1333 673 690 1218 1028 761 1223 524 280 1396 189 811 383 449 849 1277 440 819 971 1100 1039 1112 387 976 954 237 707 0 1343 971 212 475 1228 732 175 632
399 1547 302 1918 787 659 2172 657 1435 2162 1461 2200 1619 277 661 1487 617 1317 1633 737 1914 1198 1553 1115 630 676 1862 574 1562 431 2059 1753 1722 157 1502 1519 634 2157 1589 639 1352 1133 330 1193 1638 1090 1046 832 623 1423 1647 534 2014 754 2026 1094 2105 623 1241 994 1343 0 534 1282 1458 643 1559 1329 1461
767 1175 642 1546 694 1027 1800 1024 1062 1789 1089 1828 1246 645 1028 1115 984 944 1260 1105 1541 826 1181 743 997 914 1490 201 1189 141 1687 1380 1349 524 1129 1146 1001 1785 1217 1006 980 761 588 821 1266 717 674 739 990 1051 1275 52 1642 1121 1654 722 1733 991 869 901 971 534 0 909 1086 1010 1187 957 1088
1211 658 1389 974 608 1229 1068 1012 546 1058 503 1096 729 1392 1230 598 1348 186 743 1093 1024 133 664 485 1240 1525 753 883 673 888 1170 658 772 1272 612 629 1244 1053 700 1249 463 219 1335 128 749 321 387 788 1302 465 758 909 1125 1064 1137 326 1001 979 176 732 212 1282 909 0 500 1253 670 198 571
1270 437 1566 776 784 1288 870 1071 457 860 19 898 640 1568 1290 377 1408 451 654 1152 843 482 575 618 1299 1584 555 1059 452 1065 972 460 574 1448 391 408 1303 855 611 1308 232 515 1511 477 660 498 564 964 1361 77 669 1086 927 1123 939 502 803 1038 525 791 475 1458 1086 500 0 1312 581 463 350
686 1502 502 1786 863 134 1881 715 1601 1870 1315 1908 1785 404 136 1452 213 1204 1721 795 1853 1235 1719 1106 30 826 1565 1050 1516 906 1982 1470 1584 516 1510 1527 34 1865 1678 39 1407 1299 530 1230 1727 1185 1141 1087 167 1277 1736 1010 1937 228 1950 1189 1813 681 1278 723 1228 643 1010 1253 1312 0 1648 1216 1469
1606 408 1667 491 886 1623 669 1407 162 658 584 697 191 1669 1625 348 1743 705 121 1487 487 587 126 762 1635 1919 354 1160 423 1166 632 241 210 1549 362 379 1638 654 77 1643 475 616 1613 582 127 599 665 1066 1697 546 135 1187 587 1459 599 603 602 1374 630 1124 732 1559 1187 670 581 1648 0 717 321
1174 652 1437 937 655 1191 1031 975 593 1020 466 1059 777 1439 1193 602 1311 47 791 1055 1004 180 711 522 1203 1488 716 930 667 936 1133 620 735 1319 660 677 1206 1016 747 1211 510 266 1382 175 797 369 435 835 1265 428 805 957 1088 1027 1100 373 964 942 223 695 175 1329 957 198 463 1216 717 0 619
1427 116 1568 673 787 1445 767 1228 197 756 353 794 381 1571 1446 57 1564 607 395 1309 676 488 315 664 1456 1741 452 1062 131 1067 821 356 471 1451 71 88 1460 752 351 1465 206 517 1514 483 401 500 566 967 1518 315 409 1088 776 1280 789 505 700 1195 531 948 632 1461 1088 571 350 1469 321 619 0
EOF
