NAME : tsp_problem
TYPE : TSP
DIMENSION : 34
EDGE_WEIGHT_TYPE : EXPLICIT
EDGE_WEIGHT_FORMAT : FULL_MATRIX
EDGE_WEIGHT_SECTION
0 699 1071 1060 467 424 499 681 1286 661 1079 698 457 1033 875 166 224 1099 1068 639 1334 868 372 241 726 181 1024 267 678 730 393 1437 1378 401
699 0 1386 1374 577 964 418 1221 1600 1202 700 81 546 1347 373 716 723 1413 567 185 1648 1182 510 739 66 747 1338 808 1218 1270 574 1917 1692 942
1071 1386 0 58 1089 736 1311 1054 745 1034 1749 1423 1058 72 1422 970 977 61 1616 1474 794 327 919 994 1356 1019 95 845 892 1037 1195 1062 802 790
1060 1374 58 0 1077 724 1299 1042 733 1023 1737 1411 1046 60 1410 959 966 73 1604 1462 782 316 908 982 1345 1007 93 833 880 1026 1183 1050 790 778
467 577 1089 1077 0 719 372 989 1303 970 941 614 85 1051 614 419 426 1116 807 588 1352 886 214 442 548 467 1042 576 987 1039 200 1620 1396 710
424 964 736 724 719 0 765 782 950 762 1345 963 688 698 1052 551 608 763 1246 904 999 533 550 624 987 566 689 197 508 831 658 1267 1043 115
499 418 1311 1299 372 765 0 1022 1525 1002 799 417 362 1272 575 533 591 1338 768 358 1573 1107 435 607 446 547 1263 609 1019 1071 260 1778 1617 742
681 1221 1054 1042 989 782 1022 0 922 62 1601 1220 979 1015 1428 808 866 1081 1683 1161 941 1088 1006 882 1249 822 1006 625 479 148 915 854 842 759
1286 1600 745 733 1303 950 1525 922 0 902 1963 1637 1272 707 1636 1185 1192 772 1830 1688 58 453 1134 1208 1571 1233 698 1059 957 905 1409 758 122 1004
661 1202 1034 1023 970 762 1002 62 902 0 1582 1201 960 996 1409 788 846 1062 1663 1142 921 1069 986 863 1229 803 987 606 460 128 895 835 822 740
1079 700 1749 1737 941 1345 799 1601 1963 1582 0 709 910 1711 557 1079 1086 1776 234 650 2012 1546 874 1102 671 1127 1702 1188 1599 1651 954 2280 2056 1322
698 81 1423 1411 614 963 417 1220 1637 1201 709 0 583 1385 411 731 760 1450 604 184 1686 1219 547 776 103 746 1376 807 1217 1269 573 1954 1730 940
457 546 1058 1046 85 688 362 979 1272 960 910 583 0 1020 583 388 395 1085 776 578 1321 855 183 411 517 436 1011 566 976 1029 190 1589 1365 700
1033 1347 72 60 1051 698 1272 1015 707 996 1711 1385 1020 0 1384 932 939 75 1577 1436 755 289 881 955 1318 980 66 807 854 999 1157 1023 763 752
875 373 1422 1410 614 1052 575 1428 1636 1409 557 411 583 1384 0 752 759 1449 423 462 1685 1219 547 775 344 800 1375 1015 1425 1477 677 1953 1729 1106
166 716 970 959 419 551 533 808 1185 788 1079 731 388 932 752 0 102 998 945 672 1233 767 249 118 686 92 923 394 805 857 426 1501 1277 528
224 723 977 966 426 608 591 866 1192 846 1086 760 395 939 759 102 0 1005 952 730 1240 774 256 58 693 150 930 453 863 915 484 1508 1284 586
1099 1413 61 73 1116 763 1338 1081 772 1062 1776 1450 1085 75 1449 998 1005 0 1643 1501 821 355 947 1021 1384 1046 109 872 919 1064 1222 1089 829 817
1068 567 1616 1604 807 1246 768 1683 1830 1663 234 604 776 1577 423 945 952 1643 0 655 1878 1412 740 969 537 994 1568 1270 1680 1732 870 2147 1922 1300
639 185 1474 1462 588 904 358 1161 1688 1142 650 184 578 1436 462 672 730 1501 655 0 1737 1271 599 746 212 687 1427 748 1158 1210 514 1917 1781 881
1334 1648 794 782 1352 999 1573 941 58 921 2012 1686 1321 755 1685 1233 1240 821 1878 1737 0 502 1182 1256 1619 1281 746 1108 976 924 1458 777 141 1053
868 1182 327 316 886 533 1107 1088 453 1069 1546 1219 855 289 1219 767 774 355 1412 1271 502 0 716 790 1153 815 280 642 689 1072 992 770 546 587
372 510 919 908 197 550 435 1006 1134 986 874 547 166 881 547 249 256 947 740 599 1182 716 0 273 481 298 872 592 995 1055 303 1450 1226 604
241 739 994 982 442 624 607 882 1208 863 1102 776 411 955 775 118 58 1021 969 746 1256 790 273 0 710 166 946 469 879 931 500 1525 1300 603
726 66 1356 1345 548 987 446 1249 1571 1229 671 103 517 1318 344 686 693 1384 537 212 1619 1153 481 710 0 734 1309 835 1246 1298 601 1887 1663 969
181 747 1019 1007 467 566 547 822 1233 803 1127 746 436 980 800 92 150 1046 994 687 1281 815 298 166 734 0 971 409 820 872 441 1550 1325 543
1024 1338 95 93 1042 689 1263 1006 698 987 1702 1376 1011 66 1375 923 930 109 1568 1427 746 280 872 946 1309 971 0 798 845 990 1148 1014 755 743
267 808 845 833 576 197 609 625 1059 606 1188 807 566 807 1015 394 453 872 1270 748 1108 642 592 469 835 409 798 0 451 675 502 1262 1152 175
675 1215 892 880 984 511 1016 479 957 460 1596 1214 973 854 1422 802 860 919 1677 1155 976 689 995 876 1243 817 845 454 0 462 909 890 877 488
730 1270 1037 1026 1039 831 1071 148 905 128 1651 1269 1029 999 1477 857 915 1064 1732 1210 924 1072 1055 931 1298 872 990 675 462 0 964 838 825 808
393 574 1195 1183 200 658 260 915 1409 895 954 573 190 1157 677 426 484 1222 870 514 1458 992 320 500 601 441 1148 502 912 964 0 1671 1502 635
1448 1917 1062 1050 1620 1267 1789 866 769 846 2280 1954 1589 1023 1953 1501 1508 1089 2147 1928 788 770 1450 1525 1887 1550 1014 1276 901 849 1682 0 689 1310
1378 1692 802 790 1396 1043 1617 842 122 822 2056 1730 1365 763 1729 1277 1284 829 1922 1781 141 546 1226 1300 1663 1325 755 1152 877 825 1502 678 0 1097
401 942 790 778 710 115 742 759 1004 740 1322 940 700 752 1106 528 586 817 1300 881 1053 587 604 603 969 543 743 175 485 808 635 1296 1097 0
EOF