NAME : tsp_problem
TYPE : TSP
DIMENSION : 80
EDGE_WEIGHT_TYPE : EXPLICIT
EDGE_WEIGHT_FORMAT : FULL_MATRIX
EDGE_WEIGHT_SECTION
0 927 947 430 1137 625 760 320 494 476 784 317 936 1173 965 985 1162 803 684 359 165 390 574 744 86 760 622 869 748 1196 573 941 845 665 1015 78 304 883 958 510 109 1338 894 941 461 1151 717 974 909 1052 146 360 983 684 723 672 994 651 1200 683 239 517 92 1426 689 752 561 1222 923 1048 849 635 951 915 1002 83 1129 515 947 399
927 0 1412 601 651 1036 330 987 1106 1030 1353 745 74 743 534 1548 732 1495 1468 1148 880 699 827 1393 960 1339 1159 1283 1376 765 1233 1595 1493 1449 1579 926 1036 1657 1612 1372 863 1069 76 68 500 568 1384 77 61 787 1008 787 1739 1468 1378 925 1573 1230 1614 946 860 1379 955 995 1473 1385 1265 791 87 783 1458 981 1416 55 1566 964 699 1377 63 1178
947 1412 0 925 1924 1435 1245 793 655 579 365 1085 1421 1658 1450 381 1647 175 480 695 951 1040 1385 406 939 351 447 178 388 1681 521 427 173 461 411 931 842 382 444 471 934 1984 1379 1426 946 1840 396 1459 1394 1862 866 1128 482 480 390 1482 405 1434 446 1493 931 471 945 1911 485 398 553 1706 1408 1858 137 1446 51 1400 398 936 1614 473 1432 1210
430 601 925 0 1112 912 434 500 619 543 866 217 609 847 639 1061 836 1008 981 661 383 172 591 906 463 852 671 796 888 870 745 1108 1006 962 1091 429 549 1170 1125 872 366 1173 568 615 134 1029 896 648 583 1120 508 260 1251 981 891 688 1086 938 1126 948 363 879 458 1100 985 898 777 895 597 1116 970 923 929 589 1079 467 803 877 621 687
1137 651 1924 1112 0 611 744 1321 1494 1477 1785 1027 660 369 539 1985 427 1803 1685 1359 1195 1100 641 1745 1171 1761 1623 1794 1749 392 1574 1942 1846 1666 2015 1137 1305 1884 1959 1510 1139 456 618 665 1012 158 1718 698 633 242 1146 1069 1984 1685 1724 622 1994 805 2125 520 1268 1518 1165 558 1689 1753 1561 776 647 223 1849 555 1928 639 2003 1174 394 1516 671 779
625 1036 1435 912 611 0 1108 808 982 964 1272 731 1045 959 1129 1473 1017 1291 1172 847 682 804 474 1233 658 1249 1110 1372 1236 981 1061 1430 1333 1153 1503 624 792 1371 1446 998 627 812 1004 1051 973 625 1205 1084 1018 525 634 773 1471 1172 1211 455 1482 292 1698 156 756 1005 653 913 1177 1241 1049 1132 1033 521 1337 109 1440 1025 1490 662 984 1003 1057 266
760 330 1245 434 744 1108 0 820 939 863 1187 578 338 456 248 1382 445 1328 1301 981 714 533 661 1227 794 1172 992 1116 1209 479 1066 1428 1326 1282 1412 760 869 1491 1445 1205 696 782 297 344 333 728 1217 377 311 913 841 620 1572 1302 1211 758 1407 1263 1447 1017 693 1212 788 709 1306 1219 1098 504 326 894 1291 1052 1250 318 1399 797 412 1210 350 1012
320 987 793 500 1321 808 820 0 487 411 735 501 996 1234 1025 930 1222 802 684 358 452 574 758 744 312 720 540 664 748 1256 573 941 845 665 960 304 127 883 958 510 397 1522 954 1001 521 1335 717 1034 969 1235 199 543 983 684 723 855 955 834 995 866 506 517 318 1486 688 752 560 1282 983 1231 839 819 798 975 947 309 1190 515 1007 583
494 1106 655 619 1494 982 939 487 0 103 596 674 1115 1352 1144 791 1341 710 592 163 626 734 931 636 485 582 397 526 619 1375 348 838 736 573 822 477 477 791 855 418 570 1678 1073 1120 640 1508 625 1153 1088 1409 413 717 891 592 621 1029 816 1008 857 1040 625 425 492 1605 596 628 336 1401 1102 1405 701 992 659 1094 809 483 1308 423 1126 756
476 1030 579 543 1477 964 863 411 103 0 520 657 1039 1276 1068 715 1265 662 574 145 569 658 914 560 468 506 325 450 543 1299 331 762 660 555 746 460 460 773 779 400 552 1602 997 1044 564 1458 550 1077 1012 1391 395 699 873 574 545 1011 740 990 781 1022 549 407 474 1529 579 552 319 1324 1026 1387 624 975 583 1018 733 465 1232 405 1050 739
784 1353 365 866 1785 1272 1187 735 596 520 0 965 1362 1600 1391 502 1589 449 247 599 893 981 1222 64 776 51 389 236 87 1622 463 549 447 228 532 768 768 531 565 308 860 1926 1320 1368 887 1782 95 1401 1335 1699 703 1007 631 247 90 1319 527 1271 567 1330 873 308 782 1852 252 56 495 1648 1349 1695 411 1283 370 1341 520 773 1556 310 1374 1047
317 745 1085 217 1024 731 578 501 674 657 965 0 753 991 783 1165 980 983 865 539 375 109 410 925 351 941 803 956 929 1014 754 1122 1026 846 1195 317 485 1064 1139 691 319 1225 712 759 279 1038 898 792 727 939 326 78 1164 865 904 507 1174 757 1287 766 425 698 345 1244 869 933 741 1039 741 935 1029 741 1090 733 1183 354 947 696 765 505
936 74 1421 609 660 1045 338 996 1115 1039 1362 753 0 751 543 1557 740 1504 1477 1157 889 708 836 1402 969 1348 1167 1292 1384 774 1241 1604 1502 1458 1587 935 1045 1666 1621 1380 872 1077 93 58 509 577 1392 67 92 796 1016 796 1747 1477 1387 933 1582 1239 1623 954 869 1388 963 1004 1481 1394 1273 800 77 792 1466 990 1425 86 1575 972 707 1386 53 1187
1173 743 1658 847 369 959 456 1234 1352 1276 1600 991 751 0 251 1795 140 1741 1714 1394 1127 946 989 1640 1207 1585 1405 1529 1622 62 1479 1841 1739 1695 1825 1173 1282 1904 1858 1618 1110 753 710 757 746 354 1630 790 725 538 1254 1034 1985 1715 1625 970 1820 1153 1860 868 1106 1625 1201 840 1719 1632 1511 636 739 519 1704 903 1663 731 1813 1210 107 1623 763 1127
965 534 1450 639 539 1129 248 1025 1144 1068 1391 783 543 251 0 1587 240 1533 1506 1186 919 737 865 1432 998 1377 1197 1321 1414 274 1271 1633 1531 1487 1617 964 1074 1695 1650 1410 901 705 501 549 538 524 1422 582 516 708 1046 825 1777 1506 1416 963 1611 1322 1652 1038 898 1417 993 632 1511 1424 1303 428 530 689 1496 1073 1454 522 1604 1002 207 1415 555 1216
985 1548 381 1061 1985 1473 1382 930 791 715 502 1165 1557 1795 1587 0 1784 339 533 799 1088 1176 1422 542 976 488 584 314 524 1818 658 85 381 514 66 968 968 148 102 509 1061 2121 1516 1563 1082 1977 532 1596 1530 1900 904 1207 298 533 527 1520 64 1472 366 1531 1068 509 983 2048 537 534 690 1843 1545 1895 385 1483 385 1537 56 973 1751 511 1569 1247
1162 732 1647 836 427 1017 445 1222 1341 1265 1589 980 740 140 240 1784 0 1730 1703 1383 1116 935 1047 1629 1196 1574 1394 1518 1611 163 1468 1830 1728 1684 1814 1162 1271 1893 1847 1607 1099 811 699 746 735 412 1619 779 714 597 1243 1022 1974 1704 1613 1028 1809 1211 1849 926 1095 1614 1190 829 1708 1621 1500 625 728 578 1693 962 1652 720 1801 1199 47 1612 752 1185
803 1495 175 1008 1803 1291 1328 802 710 662 449 983 1504 1741 1533 339 1730 0 351 617 934 1056 1240 411 794 427 530 261 415 1764 527 295 73 331 369 786 786 237 312 327 879 2004 1462 1509 1029 1817 384 1542 1477 1718 722 1025 337 351 390 1338 348 1290 529 1349 1008 327 800 1994 355 419 515 1790 1491 1713 76 1301 179 1483 356 791 1697 329 1515 1065
684 1468 480 981 1685 1172 1301 684 592 574 247 865 1477 1714 1506 533 1703 351 0 499 816 938 1122 208 676 224 458 351 211 1737 409 489 393 48 563 668 668 431 506 209 760 1886 1435 1482 1002 1699 180 1515 1450 1599 603 907 531 67 186 1219 542 1171 682 1230 890 208 682 1967 72 216 397 1763 1464 1595 397 1183 485 1456 550 673 1670 210 1488 947
359 1148 695 661 1359 847 981 358 163 145 599 539 1157 1394 1186 799 1383 617 499 0 491 612 796 559 350 575 304 566 563 1417 256 756 660 480 830 342 342 698 773 325 435 1560 1115 1162 682 1373 532 1195 1130 1274 278 582 798 499 538 894 808 873 897 905 564 332 357 1647 503 567 243 1442 1144 1270 663 857 700 1136 817 348 1350 330 1168 621
165 880 951 383 1195 682 714 452 626 569 893 375 889 1127 919 1088 1116 934 816 491 0 400 632 876 198 879 698 822 880 1150 705 1073 977 797 1118 164 436 1015 1090 642 101 1396 847 895 414 1209 849 928 862 1109 278 417 1115 816 855 729 1113 708 1153 740 114 649 193 1380 820 884 693 1175 877 1105 980 693 956 869 1106 202 1083 647 901 457
390 699 1040 172 1097 804 533 574 734 658 981 109 708 946 737 1176 935 1056 938 612 400 0 483 998 424 967 787 911 1002 968 827 1195 1099 919 1207 390 558 1137 1212 764 383 1272 666 714 233 1111 971 747 681 1012 400 151 1237 938 977 580 1201 830 1242 839 379 771 418 1198 942 1006 814 994 695 1008 1085 814 1044 687 1194 427 902 769 720 579
577 827 1388 594 641 474 661 761 934 917 1225 413 836 989 865 1425 1047 1243 1125 799 635 486 0 1185 611 1201 1063 1325 1189 1011 1013 1382 1286 1105 1455 577 744 1324 1399 950 579 842 794 841 546 655 1158 875 809 555 586 455 1424 1125 1164 124 1434 629 1651 383 708 958 605 943 1129 1193 1001 1122 823 551 1289 418 1392 815 1443 614 1014 956 848 378
744 1393 406 906 1745 1233 1227 744 636 560 64 925 1402 1640 1432 542 1629 411 208 559 876 998 1182 0 736 91 429 276 109 1663 469 550 453 188 572 728 728 492 567 269 821 1946 1360 1408 927 1759 78 1441 1375 1659 664 967 592 208 84 1279 567 1232 607 1290 913 268 742 1893 212 72 457 1688 1390 1655 451 1243 410 1382 560 733 1596 271 1414 1007
86 960 939 463 1171 658 794 312 485 468 776 351 969 1207 998 976 1196 794 676 350 198 424 608 736 0 752 614 876 740 1229 565 933 837 657 1007 70 296 875 950 502 143 1372 927 975 494 1185 709 1008 942 1085 138 393 975 676 715 705 985 684 1202 716 272 509 84 1460 680 744 552 1255 957 1081 840 669 943 949 994 75 1163 507 981 433
760 1339 351 852 1761 1249 1172 720 582 506 51 941 1348 1585 1377 488 1574 427 224 575 879 967 1198 91 752 0 374 222 73 1608 448 534 432 204 518 744 744 508 551 285 837 1911 1306 1353 873 1767 81 1386 1321 1675 680 983 608 224 75 1295 512 1247 553 1306 858 284 758 1838 228 83 473 1634 1335 1671 397 1259 356 1327 505 749 1541 287 1359 1023
622 1159 447 671 1623 1110 992 540 397 325 389 803 1167 1405 1197 584 1394 530 458 304 698 787 1060 429 614 374 0 318 411 1428 130 630 528 439 614 606 589 657 647 284 681 1731 1126 1173 692 1587 419 1206 1141 1537 542 845 757 458 413 1157 608 1136 649 1168 678 291 620 1658 463 421 162 1453 1155 1533 493 1121 452 1147 601 611 1361 289 1179 885
869 1283 178 796 1794 1372 1116 664 526 450 236 956 1292 1529 1321 314 1518 261 351 566 822 911 1322 276 876 222 318 0 259 1552 392 361 259 332 344 868 713 423 378 412 805 1855 1250 1297 817 1711 267 1330 1265 1799 785 999 504 351 261 1419 339 1375 380 1430 802 412 882 1782 356 268 424 1577 1279 1795 223 1383 182 1271 332 873 1485 414 1303 1147
748 1376 388 888 1749 1236 1209 748 619 543 87 929 1384 1622 1414 524 1611 415 211 563 880 1002 1186 109 740 73 411 259 0 1645 473 553 457 192 555 732 731 495 570 272 824 1948 1343 1390 910 1763 81 1423 1358 1663 667 971 595 211 88 1283 549 1235 590 1294 895 272 746 1875 216 117 460 1670 1372 1659 433 1247 392 1364 542 737 1578 274 1396 1011
1196 765 1681 870 392 981 479 1256 1375 1299 1622 1014 774 62 274 1818 163 1764 1737 1417 1150 968 1011 1663 1229 1608 1428 1552 1645 0 1502 1864 1762 1718 1848 1195 1305 1926 1881 1641 1132 776 732 780 769 376 1653 813 747 561 1277 1056 2008 1737 1647 992 1842 1175 1883 891 1129 1648 1224 863 1742 1655 1534 659 761 542 1727 926 1685 753 1835 1233 130 1646 786 1149
573 1233 521 745 1574 1061 1066 573 348 331 463 754 1241 1479 1271 658 1468 527 409 256 705 827 1011 469 565 448 130 392 473 1502 0 666 570 390 688 557 556 608 683 235 649 1775 1200 1247 766 1588 442 1280 1215 1488 492 796 708 409 448 1108 682 1087 723 1119 752 242 571 1732 413 477 92 1527 1229 1484 567 1072 526 1221 675 562 1435 240 1253 836
941 1595 427 1108 1942 1430 1428 941 838 762 549 1122 1604 1841 1633 85 1830 295 489 756 1073 1195 1379 550 933 534 630 361 553 1864 666 0 338 470 116 925 925 105 59 466 1018 2143 1562 1609 1129 1956 522 1642 1577 1856 861 1164 255 490 529 1476 95 1429 413 1487 1114 465 939 2094 494 558 654 1890 1591 1852 341 1440 432 1583 103 930 1797 468 1615 1204
845 1493 173 1006 1846 1333 1326 845 736 660 447 1026 1502 1739 1531 381 1728 73 393 660 977 1099 1283 453 837 432 528 259 457 1762 570 338 0 374 411 829 829 280 355 369 921 2047 1460 1507 1027 1860 426 1540 1475 1760 764 1068 380 393 432 1380 390 1332 527 1391 1012 369 843 1992 398 461 558 1788 1489 1756 74 1344 177 1481 399 834 1695 371 1513 1108
665 1449 461 962 1666 1153 1282 665 573 555 228 846 1458 1695 1487 514 1684 331 48 480 797 919 1103 188 657 204 439 332 192 1718 390 470 374 0 544 649 648 412 487 189 741 1867 1416 1463 983 1680 161 1496 1431 1580 584 888 512 48 167 1200 523 1152 663 1211 871 189 663 1948 53 196 377 1744 1445 1576 378 1164 465 1437 531 654 1651 191 1469 928
1015 1579 411 1091 2015 1503 1412 960 822 746 532 1195 1587 1825 1617 66 1814 369 563 830 1118 1207 1453 572 1007 518 614 344 555 1848 688 116 411 544 0 999 998 178 133 539 1091 2151 1546 1593 1113 2007 563 1626 1561 1930 934 1238 329 563 557 1550 94 1502 397 1561 1098 539 1013 2078 567 564 720 1873 1575 1926 415 1513 415 1567 48 1004 1781 541 1599 1278
78 926 931 429 1137 624 760 304 477 460 768 317 935 1173 964 968 1162 786 668 342 164 390 574 728 70 744 606 868 732 1195 557 925 829 649 999 0 288 867 942 494 109 1338 893 941 460 1151 701 974 908 1051 130 359 967 668 707 671 977 650 1194 682 238 501 76 1425 672 736 544 1221 923 1047 832 635 935 915 986 67 1129 499 947 399
304 1036 842 549 1305 792 869 127 477 460 768 485 1045 1282 1074 968 1271 786 668 342 436 558 742 728 296 744 589 713 731 1305 556 925 829 648 998 288 0 867 942 493 380 1506 1003 1050 570 1319 701 1083 1018 1219 183 527 967 668 707 839 977 818 1044 850 510 501 302 1535 672 736 544 1330 1032 1215 832 803 846 1024 986 293 1238 499 1056 567
883 1657 382 1170 1884 1371 1491 883 791 773 531 1064 1666 1904 1695 148 1893 237 431 698 1015 1137 1321 492 875 508 657 423 495 1926 608 105 280 412 178 867 867 0 122 408 960 2085 1624 1672 1191 1898 464 1705 1639 1798 802 1106 197 431 470 1418 157 1370 424 1429 1089 407 881 2156 436 500 596 1952 1654 1794 283 1382 386 1646 165 872 1860 409 1678 1146
958 1612 444 1125 1959 1446 1445 958 855 779 565 1139 1621 1858 1650 102 1847 312 506 773 1090 1212 1396 567 950 551 647 378 570 1881 683 59 355 487 133 942 942 122 0 483 1035 2160 1579 1626 1146 1973 539 1659 1594 1873 878 1181 272 507 546 1493 111 1445 430 1504 1131 482 956 2111 511 575 671 1907 1608 1869 358 1457 449 1600 120 947 1814 485 1632 1221
510 1372 471 872 1510 998 1205 510 418 400 308 691 1380 1618 1410 509 1607 327 209 325 642 764 948 269 502 285 284 412 272 1641 235 466 369 189 539 494 493 408 483 0 586 1712 1339 1386 920 1525 242 1419 1354 1425 429 733 508 209 248 1045 518 1024 735 1056 716 45 508 1813 213 277 222 1666 1368 1421 373 1008 476 1360 527 499 1574 43 1392 773
109 863 934 366 1139 627 696 397 570 552 860 319 872 1110 901 1061 1099 879 760 435 101 383 576 821 143 837 681 805 824 1132 649 1018 921 741 1091 109 380 960 1035 586 0 1340 830 877 397 1153 793 910 845 1053 222 361 1060 761 800 674 1070 652 1136 685 175 594 137 1362 765 829 637 1158 859 1049 925 637 939 851 1079 146 1066 592 883 401
1350 1069 1984 1173 468 823 782 1533 1678 1602 1926 1239 1077 764 705 2121 822 2016 1897 1572 1407 1272 853 1957 1383 1911 1731 1855 1948 787 1786 2154 2058 1878 2151 1349 1517 2096 2171 1723 1351 0 1036 1083 1072 553 1930 1116 1051 370 1359 1282 2196 1897 1936 834 2146 927 2186 733 1433 1730 1378 159 1902 1958 1774 377 1065 382 2030 768 1989 1057 2139 1386 789 1728 1089 991
894 76 1379 568 618 1004 297 954 1073 997 1320 712 93 710 501 1516 699 1462 1435 1115 847 666 794 1360 927 1306 1126 1250 1343 732 1200 1562 1460 1416 1546 893 1003 1624 1579 1339 830 1036 0 98 467 535 1351 110 66 754 975 754 1706 1435 1345 892 1540 1197 1581 913 827 1346 922 962 1440 1353 1232 758 80 750 1425 948 1383 72 1533 931 666 1344 96 1145
941 68 1426 615 665 1051 344 1001 1120 1044 1368 759 58 757 549 1563 746 1509 1482 1162 895 714 841 1408 975 1353 1173 1297 1390 780 1247 1609 1507 1463 1593 941 1050 1672 1626 1386 877 1083 98 0 514 582 1398 61 86 801 1022 801 1753 1482 1392 939 1587 1244 1628 960 874 1393 969 1010 1487 1400 1279 805 71 797 1472 995 1431 80 1580 978 713 1391 47 1192
461 500 946 134 1012 973 333 521 640 564 887 279 509 746 538 1082 735 1029 1002 682 414 233 546 927 494 873 692 817 910 769 766 1129 1027 983 1113 460 570 1191 1146 920 397 1072 467 514 0 928 917 547 482 1074 569 321 1272 1002 912 643 1107 999 1148 902 394 928 489 999 1006 919 799 794 496 1070 991 937 950 488 1100 497 702 926 520 748
1151 568 1840 1029 158 625 728 1335 1508 1458 1782 1041 577 354 524 1977 412 1817 1699 1373 1209 1114 655 1759 1185 1767 1587 1711 1763 376 1588 1956 1860 1680 2007 1151 1319 1898 1973 1525 1153 542 535 582 928 0 1732 615 550 327 1161 1083 1998 1699 1738 636 2002 819 2042 534 1282 1532 1179 643 1703 1767 1575 862 564 308 1863 570 1845 556 1995 1188 379 1530 588 793
717 1384 396 896 1718 1205 1217 717 625 550 95 898 1392 1630 1422 532 1619 384 180 532 849 971 1155 78 709 81 419 267 81 1653 442 522 426 161 563 701 701 464 539 242 793 1919 1351 1398 917 1732 0 1431 1366 1632 636 940 564 180 57 1252 557 1204 598 1263 903 241 715 1883 185 86 430 1678 1380 1628 430 1216 400 1372 550 706 1586 243 1404 980
974 77 1459 648 698 1084 377 1034 1153 1077 1401 792 67 790 582 1596 779 1542 1515 1195 928 747 875 1441 1008 1386 1206 1330 1423 813 1280 1642 1540 1496 1626 974 1083 1705 1659 1419 910 1116 110 61 547 615 1431 0 95 834 1055 834 1786 1516 1425 972 1621 1278 1661 993 907 1426 1002 1043 1520 1433 1312 838 80 830 1505 1028 1464 89 1613 1011 746 1424 56 1226
909 61 1394 583 633 1018 311 969 1088 1012 1335 727 92 725 516 1530 714 1477 1450 1130 862 681 809 1375 942 1321 1141 1265 1358 747 1215 1577 1475 1431 1561 908 1018 1639 1594 1354 845 1051 66 86 482 550 1366 95 0 769 989 769 1720 1450 1360 907 1555 1212 1596 928 842 1361 937 977 1455 1367 1247 773 95 765 1439 963 1398 73 1548 946 681 1359 81 1160
1052 787 1862 1123 242 525 913 1235 1409 1391 1699 941 796 538 708 1900 597 1718 1599 1274 1109 1014 555 1659 1085 1675 1537 1799 1663 561 1488 1856 1760 1580 1930 1051 1219 1798 1873 1425 1053 359 754 801 1074 327 1632 834 769 0 1061 984 1898 1599 1638 536 1909 719 2125 435 1183 1432 1080 460 1604 1667 1476 678 783 31 1764 470 1866 775 1917 1088 564 1430 807 693
146 1008 866 508 1146 634 841 199 413 395 703 326 1016 1254 1046 904 1243 722 603 278 278 400 584 664 138 680 542 785 667 1277 492 861 764 584 934 130 183 802 878 429 222 1348 975 1022 569 1161 636 1055 989 1061 0 369 903 604 643 681 913 660 1116 692 352 437 144 1449 608 672 480 1302 1004 1057 768 644 871 996 922 135 1210 435 1028 409
360 787 1128 260 1066 773 620 543 717 699 1007 78 796 1034 825 1207 1022 1025 907 582 417 151 452 967 393 983 845 999 971 1056 796 1164 1068 888 1238 359 527 1106 1181 733 361 1268 754 801 321 1081 940 834 769 981 369 0 1206 907 946 549 1217 799 1330 809 467 740 387 1286 911 975 784 1082 783 977 1071 784 1132 775 1225 396 989 738 807 548
983 1739 482 1251 1984 1471 1572 983 891 873 631 1164 1747 1985 1777 298 1974 337 531 798 1115 1237 1421 592 975 608 757 504 595 2008 708 255 380 512 329 967 967 197 272 508 1060 2185 1706 1753 1272 1998 564 1786 1720 1898 903 1206 0 532 571 1518 307 1470 257 1529 1189 507 981 2238 536 600 696 2033 1735 1894 383 1482 486 1727 316 972 1941 510 1759 1246
684 1468 480 981 1685 1172 1302 684 592 574 247 865 1477 1715 1506 533 1704 351 67 499 816 938 1122 208 676 224 458 351 211 1737 409 490 393 48 563 668 668 431 507 209 761 1886 1435 1482 1002 1699 180 1516 1450 1599 604 907 532 0 187 1219 542 1171 682 1230 890 208 682 1967 31 216 397 1763 1464 1595 397 1183 485 1456 550 673 1671 211 1489 947
723 1378 390 891 1724 1211 1211 723 621 545 90 904 1387 1625 1416 527 1613 390 186 538 855 977 1161 84 715 75 413 261 88 1647 448 529 432 167 557 707 707 470 546 248 800 1925 1345 1392 912 1738 57 1425 1360 1638 643 946 571 187 0 1258 552 1210 592 1269 897 247 721 1877 191 92 436 1673 1374 1634 436 1222 395 1366 544 712 1580 250 1398 986
669 925 1479 691 622 455 758 852 1026 1008 1316 510 933 970 963 1517 1028 1335 1216 891 726 583 124 1276 702 1292 1154 1416 1280 992 1105 1473 1377 1197 1547 668 836 1415 1490 1042 671 823 892 939 643 636 1249 972 907 536 678 552 1515 1216 1255 0 1526 648 1742 364 800 1049 697 924 1221 1284 1093 1143 921 532 1381 399 1483 913 1534 706 995 1047 945 433
994 1573 405 1086 1994 1482 1407 955 816 740 527 1174 1582 1820 1611 64 1809 348 542 808 1113 1201 1431 567 985 512 608 339 549 1842 682 95 390 523 94 977 977 157 111 518 1070 2146 1540 1587 1107 2002 557 1621 1555 1909 913 1217 307 542 552 1529 0 1481 391 1540 1092 518 992 2072 546 559 706 1868 1569 1905 394 1492 410 1561 81 983 1776 520 1594 1256
651 1230 1434 938 805 292 1266 834 1008 990 1271 757 1239 1153 1322 1472 1211 1290 1171 873 708 830 668 1232 684 1247 1136 1375 1235 1175 1087 1429 1332 1152 1502 650 818 1370 1445 1024 652 916 1197 1244 999 819 1204 1278 1212 719 660 799 1470 1171 1210 648 1481 0 1697 350 782 1031 678 1017 1176 1240 1075 1236 1226 715 1336 303 1439 1218 1489 687 1178 1029 1251 292
1200 1614 446 1126 2125 1698 1447 995 857 781 567 1287 1623 1860 1652 366 1849 529 682 897 1153 1242 1648 607 1202 553 649 380 590 1883 723 413 527 663 397 1194 1044 424 430 735 1136 2186 1581 1628 1148 2042 598 1661 1596 2125 1116 1330 257 682 592 1745 391 1697 0 1756 1133 734 1208 2113 687 599 755 1908 1610 2121 492 1709 450 1602 384 1199 1816 737 1634 1473
683 946 1493 950 520 156 1017 866 1040 1022 1330 769 954 868 1038 1531 926 1349 1230 905 740 842 383 1290 716 1306 1168 1430 1294 891 1119 1487 1391 1211 1561 682 850 1429 1504 1056 685 721 913 960 902 534 1263 993 928 435 692 811 1529 1230 1269 364 1540 350 1756 0 814 1063 711 823 1235 1298 1107 1041 942 430 1395 101 1497 934 1548 719 893 1061 966 324
239 860 931 363 1268 756 693 506 625 549 873 425 869 1106 898 1068 1095 1008 890 564 114 379 706 913 272 858 678 802 895 1129 752 1114 1012 871 1098 238 510 1089 1131 716 175 1433 827 874 394 1282 903 907 842 1183 352 467 1189 890 897 803 1092 782 1133 814 0 723 266 1359 894 905 766 1155 856 1179 977 766 936 848 1085 275 1062 721 880 530
517 1379 471 879 1518 1005 1212 517 425 407 308 698 1388 1625 1417 509 1614 327 208 332 649 771 955 268 509 284 291 412 272 1648 242 465 369 189 539 501 501 407 482 45 594 1719 1346 1393 928 1532 241 1426 1361 1432 437 740 507 208 247 1052 518 1031 734 1063 723 0 515 1820 213 276 230 1674 1375 1428 373 1016 475 1367 526 506 1581 50 1399 780
92 955 945 458 1165 653 788 318 492 474 782 345 963 1201 993 983 1190 800 682 357 193 418 602 742 84 758 620 882 746 1224 571 939 843 663 1013 76 302 881 956 508 137 1366 922 969 489 1179 715 1002 937 1080 144 387 981 682 721 700 992 678 1208 711 266 515 0 1454 686 750 559 1249 951 1075 846 663 949 943 1000 81 1157 513 975 427
1426 995 1911 1100 569 925 709 1486 1605 1529 1852 1244 1004 840 632 2048 829 1994 1967 1647 1380 1198 955 1893 1460 1838 1658 1782 1875 863 1732 2094 1992 1948 2078 1425 1535 2156 2111 1824 1362 159 962 1010 999 655 1883 1043 977 471 1460 1286 2238 1967 1877 935 2072 1028 2113 834 1359 1832 1454 0 1972 1885 1764 304 992 483 1957 869 1915 983 2065 1463 796 1830 1016 1092
689 1473 485 985 1689 1177 1306 688 596 579 252 869 1481 1719 1511 537 1708 355 72 503 820 942 1126 212 680 228 463 356 216 1742 413 494 398 53 567 672 672 436 511 213 765 1890 1440 1487 1006 1703 185 1520 1455 1604 608 911 536 31 191 1224 546 1176 687 1235 894 213 686 1972 0 220 401 1767 1469 1599 401 1187 489 1461 555 677 1675 215 1493 951
752 1385 398 898 1753 1241 1219 752 628 552 56 933 1394 1632 1424 534 1621 419 216 567 884 1006 1190 72 744 83 421 268 117 1655 477 558 461 196 564 736 736 500 575 277 829 1954 1353 1400 919 1767 86 1433 1367 1667 672 975 600 216 92 1287 559 1240 599 1298 905 276 750 1885 220 0 465 1680 1382 1663 443 1251 402 1374 552 741 1588 279 1406 1015
561 1265 553 777 1561 1049 1098 560 336 319 495 741 1273 1511 1303 690 1500 515 397 243 693 814 998 457 552 473 162 424 460 1534 92 654 558 377 720 544 544 596 671 222 637 1762 1232 1279 799 1575 430 1312 1247 1476 480 784 696 397 436 1096 706 1075 755 1107 766 230 559 1764 401 465 0 1559 1261 1472 561 1059 558 1253 707 550 1467 228 1285 823
1222 791 1706 895 787 1143 504 1282 1401 1324 1648 1039 800 636 428 1843 625 1790 1763 1442 1175 994 1122 1688 1255 1634 1453 1577 1670 659 1527 1890 1788 1744 1873 1221 1330 1952 1907 1666 1158 377 758 805 794 873 1678 838 773 690 1302 1082 2033 1763 1673 1154 1868 1247 1908 1052 1155 1674 1249 304 1767 1680 1559 0 787 702 1752 1088 1711 779 1861 1258 592 1672 811 1311
923 87 1408 597 647 1033 326 983 1102 1026 1349 741 77 739 530 1545 728 1491 1464 1144 877 695 823 1390 957 1335 1155 1279 1372 761 1229 1591 1489 1445 1575 923 1032 1654 1608 1368 859 1065 80 71 496 564 1380 80 95 783 1004 783 1735 1464 1374 921 1569 1226 1610 942 856 1375 951 992 1469 1382 1261 787 0 779 1454 977 1413 99 1562 960 695 1373 66 1174
1048 783 1858 1119 223 521 894 1231 1405 1387 1695 937 792 519 689 1895 578 1713 1595 1270 1105 1010 551 1655 1081 1671 1533 1795 1659 542 1484 1852 1756 1576 1926 1047 1215 1794 1869 1421 1049 371 750 797 1070 308 1628 830 765 31 1057 980 1894 1595 1634 532 1905 715 2121 430 1179 1428 1075 472 1599 1663 1472 690 779 0 1759 466 1862 771 1913 1084 545 1426 803 689
849 1458 137 970 1849 1337 1291 839 701 624 411 1029 1466 1704 1496 385 1693 76 397 663 980 1085 1286 451 840 397 493 223 433 1727 567 341 74 378 415 832 832 283 358 373 925 2030 1425 1472 991 1863 430 1505 1439 1764 768 1071 383 397 436 1384 394 1336 492 1395 977 373 846 1957 401 443 561 1752 1454 1759 0 1347 142 1446 402 837 1660 375 1478 1111
635 981 1446 923 555 109 1052 819 992 975 1283 741 990 903 1073 1483 962 1301 1183 857 693 814 418 1243 669 1259 1121 1383 1247 926 1072 1440 1344 1164 1513 635 803 1382 1457 1008 637 757 948 995 937 570 1216 1028 963 470 644 784 1482 1183 1222 399 1492 303 1709 101 766 1016 663 858 1187 1251 1059 1076 977 466 1347 0 1450 969 1501 672 929 1014 1001 277
951 1416 51 929 1928 1440 1250 798 659 583 370 1090 1425 1663 1454 385 1652 179 485 700 956 1044 1389 410 943 356 452 182 392 1685 526 432 177 465 415 935 846 386 449 476 939 1989 1383 1431 950 1845 400 1464 1398 1866 871 1132 486 485 395 1486 410 1439 450 1497 936 475 949 1915 489 402 558 1711 1413 1862 142 1450 0 1404 403 940 1619 478 1437 1214
915 55 1400 589 639 1025 318 975 1094 1018 1341 733 86 731 522 1537 720 1483 1456 1136 869 687 815 1382 949 1327 1147 1271 1364 753 1221 1583 1481 1437 1567 915 1024 1646 1600 1360 851 1057 72 80 488 556 1372 89 73 775 996 775 1727 1456 1366 913 1561 1218 1602 934 848 1367 943 983 1461 1374 1253 779 99 771 1446 969 1404 0 1554 952 687 1365 75 1166
1002 1566 398 1079 2003 1490 1399 947 809 733 520 1183 1575 1813 1604 56 1801 356 550 817 1106 1194 1440 560 994 505 601 332 542 1835 675 103 399 531 48 986 986 165 120 527 1079 2139 1533 1580 1100 1995 550 1613 1548 1917 922 1225 316 550 544 1537 81 1489 384 1548 1085 526 1000 2065 555 552 707 1861 1562 1913 402 1501 403 1554 0 991 1768 528 1586 1265
83 964 936 467 1174 662 797 309 483 465 773 354 972 1210 1002 973 1199 791 673 348 202 427 611 733 75 749 611 873 737 1233 562 930 834 654 1004 67 293 872 947 499 146 1375 931 978 497 1188 706 1011 946 1088 135 396 972 673 712 709 983 687 1199 719 275 506 81 1463 677 741 550 1258 960 1084 837 672 940 952 991 0 1166 504 984 436
1129 699 1614 803 394 984 412 1190 1308 1232 1556 947 707 107 207 1751 47 1697 1670 1350 1083 902 1014 1596 1163 1541 1361 1485 1578 130 1435 1797 1695 1651 1781 1129 1238 1860 1814 1574 1066 778 666 713 702 379 1586 746 681 564 1210 989 1941 1671 1580 995 1776 1178 1816 893 1062 1581 1157 796 1675 1588 1467 592 695 545 1660 929 1619 687 1768 1166 0 1579 719 1152
515 1377 473 877 1516 1003 1210 515 423 405 310 696 1386 1623 1415 511 1612 329 210 330 647 769 953 271 507 287 289 414 274 1646 240 468 371 191 541 499 499 409 485 43 592 1717 1344 1391 926 1530 243 1424 1359 1430 435 738 510 211 250 1050 520 1029 737 1061 721 50 513 1818 215 279 228 1672 1373 1426 375 1014 478 1365 528 504 1579 0 1397 778
947 63 1432 621 671 1057 350 1007 1126 1050 1374 765 53 763 555 1569 752 1515 1488 1168 901 720 848 1414 981 1359 1179 1303 1396 786 1253 1615 1513 1469 1599 947 1056 1678 1632 1392 883 1089 96 47 520 588 1404 56 81 807 1028 807 1759 1489 1398 945 1594 1251 1634 966 880 1399 975 1016 1493 1406 1285 811 66 803 1478 1001 1437 75 1586 984 719 1397 0 1199
399 1181 1210 687 779 266 1014 583 756 739 1047 505 1190 1127 1219 1247 1185 1065 947 621 457 579 618 1007 433 1023 885 1147 1011 1149 836 1204 1108 928 1278 399 567 1146 1221 773 401 980 1148 1195 748 793 980 1229 1163 693 409 548 1246 947 986 622 1256 292 1473 324 530 780 427 1081 951 1015 823 1300 1177 689 1111 277 1214 1169 1265 436 1152 778 1201 0
EOF