NAME : tsp_problem
TYPE : TSP
DIMENSION : 58
EDGE_WEIGHT_TYPE : EXPLICIT
EDGE_WEIGHT_FORMAT : FULL_MATRIX
EDGE_WEIGHT_SECTION
0 970 1626 808 1796 2065 1695 350 673 336 961 749 1031 756 515 85 569 1597 2091 340 1758 583 585 954 560 1863 705 1303 542 1459 834 224 1819 1852 989 186 1866 1711 1629 409 60 1018 1570 405 1689 1620 819 1784 2183 2196 1752 838 324 993 1699 924 1572 396
970 0 824 442 1173 1442 893 917 762 902 356 555 202 594 866 1000 740 973 1298 907 1135 754 756 58 730 1061 599 571 892 657 468 1090 1195 1050 160 1053 1243 1088 1006 976 1001 189 946 608 887 997 453 1160 1423 1544 1128 472 891 164 897 98 949 963
1626 824 0 931 1129 772 219 1466 1119 1459 713 912 735 951 1233 1656 1198 1143 624 1457 900 1148 1183 808 1195 404 1008 669 1304 208 915 1532 852 376 758 1494 1037 971 1176 1382 1657 722 1116 1269 213 1167 900 1116 749 870 1136 902 1438 762 223 780 1119 1387
808 442 931 0 1268 1537 1000 755 604 741 255 397 486 359 704 838 578 1069 1405 745 1231 592 594 426 569 1168 362 678 731 764 123 929 1291 1157 461 891 1338 1183 1101 814 839 473 1042 446 994 1092 108 1256 1530 1651 1224 58 729 465 1004 397 1044 801
1796 1173 1129 1268 0 380 942 1743 1669 1728 1341 1540 1234 1477 1691 1826 1566 690 523 1733 715 1579 1582 1156 1556 869 1425 971 1718 1187 1294 1916 667 841 1191 1879 162 787 722 1802 1827 1220 663 1434 1023 713 1279 43 478 761 99 1298 1717 1196 1033 1127 665 1788
2065 1442 772 1537 380 0 585 2011 1741 1997 1334 1533 1357 1572 1854 2095 1820 602 218 2002 358 1770 1804 1425 1816 512 1630 1025 1925 830 1537 2153 310 484 1380 2115 288 430 634 2003 2096 1343 575 1703 666 625 1522 367 173 456 387 1524 1986 1384 676 1396 577 2009
1695 893 219 1000 942 585 0 1535 1188 1528 781 981 804 1019 1301 1725 1267 956 437 1525 713 1217 1251 876 1264 217 1077 730 1373 277 984 1600 664 189 827 1563 850 784 989 1450 1726 791 929 1337 113 979 969 929 562 683 949 971 1507 831 123 849 931 1456
350 917 1466 755 1743 2011 1535 0 589 81 802 589 977 703 390 380 515 1543 1940 54 1705 529 532 900 506 1703 651 1213 462 1299 781 468 1765 1692 935 431 1813 1658 1576 147 381 964 1516 351 1529 1566 766 1730 2065 2142 1698 785 62 940 1539 871 1518 134
673 762 1119 604 1669 1741 1188 589 0 582 454 242 674 361 355 703 236 1470 1593 580 1632 186 220 746 233 1356 419 866 427 952 588 654 1692 1345 697 617 1739 1585 1502 505 704 660 1443 310 1182 1493 573 1657 1718 1839 1625 575 561 701 1192 719 1445 510
336 902 1459 741 1728 1997 1528 81 582 0 795 582 963 689 383 366 501 1529 1933 72 1691 515 518 886 492 1696 637 1206 455 1292 766 456 1751 1685 921 418 1798 1644 1561 140 367 950 1502 337 1522 1552 752 1716 2058 2128 1684 770 55 925 1532 857 1504 127
961 356 713 255 1341 1334 781 802 454 795 0 247 267 286 568 991 533 1141 1187 792 1303 484 518 340 530 949 342 460 639 545 239 867 1363 938 290 829 1411 1256 1174 717 992 254 1114 602 775 1164 224 1328 1311 1432 1296 226 773 294 785 312 1116 722
749 555 912 397 1540 1533 981 589 242 582 247 0 467 154 355 779 321 1340 1386 579 1502 271 305 539 318 1149 212 659 427 745 381 654 1562 1138 489 617 1610 1455 1373 505 780 453 1314 395 974 1364 366 1527 1511 1632 1496 368 561 494 984 512 1316 510
1031 202 735 486 1234 1357 804 977 674 963 267 467 0 505 787 1061 753 1034 1209 968 1196 703 737 186 750 972 563 482 859 568 470 1086 1256 961 136 1049 1304 1149 1067 936 1062 52 1007 669 798 1057 455 1221 1334 1455 1189 457 952 141 808 159 1009 942
756 594 951 359 1477 1572 1019 703 361 689 286 154 505 0 475 786 441 1277 1425 693 1439 391 425 578 437 1187 113 698 546 783 343 774 1499 1176 528 736 1547 1392 1310 624 787 492 1250 394 1013 1300 328 1464 1549 1670 1432 330 677 532 1023 550 1252 629
515 866 1233 704 1691 1854 1301 390 355 383 568 355 787 475 0 545 435 1492 1707 381 1654 385 419 849 431 1469 533 980 102 1065 702 455 1714 1458 810 418 1762 1607 1525 306 546 774 1465 300 1295 1515 687 1679 1831 1952 1647 689 362 814 1305 820 1467 311
85 1000 1656 838 1826 2095 1725 380 703 366 991 779 1061 786 545 0 599 1626 2121 370 1788 613 615 984 590 1893 735 1333 572 1489 864 254 1848 1882 1019 216 1896 1741 1659 439 58 1047 1600 435 1719 1650 849 1813 2213 2225 1782 868 354 1023 1729 954 1602 426
569 740 1198 578 1566 1820 1267 515 236 501 533 321 753 441 435 599 0 1366 1672 506 1528 103 72 723 87 1435 474 945 491 1031 604 689 1588 1424 758 652 1636 1481 1399 575 600 740 1339 207 1261 1389 589 1553 1797 1918 1521 608 490 763 1271 694 1341 561
1597 973 1143 1069 690 602 956 1543 1470 1529 1141 1340 1034 1277 1492 1626 1366 0 628 1533 295 1380 1382 957 1357 884 1225 772 1519 1175 1094 1717 355 856 992 1679 760 248 98 1602 1627 1021 84 1234 1038 93 1080 677 751 1019 645 1098 1517 996 1048 927 45 1589
2091 1298 624 1405 523 218 437 1940 1593 1933 1187 1386 1209 1425 1707 2121 1672 628 0 1931 384 1622 1656 1282 1669 365 1482 878 1778 682 1389 2006 336 337 1232 1968 431 456 660 1856 2122 1196 601 1729 519 651 1374 511 143 426 530 1376 1912 1236 529 1254 603 1861
340 907 1457 745 1733 2002 1525 54 580 72 792 579 968 693 381 370 506 1533 1931 0 1695 520 522 891 497 1693 641 1204 452 1289 771 458 1755 1682 926 421 1803 1648 1566 138 371 954 1506 342 1519 1557 756 1720 2056 2132 1688 775 53 930 1529 861 1509 124
1758 1135 900 1231 715 358 713 1705 1632 1691 1303 1502 1196 1439 1654 1788 1528 295 384 1695 0 1542 1544 1119 1519 640 1387 934 1681 958 1256 1879 112 612 1154 1841 623 123 328 1764 1789 1182 268 1396 794 318 1241 703 507 775 722 1260 1679 1158 804 1089 270 1751
583 754 1148 592 1579 1770 1217 529 186 515 484 271 703 391 385 613 103 1380 1622 520 1542 0 87 737 100 1385 448 895 456 981 617 684 1602 1374 726 646 1649 1495 1413 534 614 690 1353 221 1211 1403 603 1567 1747 1868 1535 605 504 730 1221 708 1355 539
585 756 1183 594 1582 1804 1251 532 220 518 518 305 737 425 419 615 72 1382 1656 522 1544 87 0 740 104 1419 483 929 490 1015 620 706 1604 1408 760 668 1652 1497 1415 568 616 724 1355 223 1245 1406 605 1569 1781 1902 1538 624 506 764 1255 710 1358 573
954 58 808 426 1156 1425 876 900 746 886 340 539 186 578 849 984 723 957 1282 891 1119 737 740 0 714 1044 583 555 876 640 452 1074 1179 1033 144 1037 1226 1072 989 959 985 172 930 592 870 980 437 1144 1407 1527 1112 456 874 148 880 81 932 946
560 730 1195 569 1556 1816 1264 506 233 492 530 318 750 437 431 590 87 1357 1669 497 1519 100 104 714 0 1432 465 942 482 1028 594 680 1579 1420 749 642 1626 1472 1389 565 591 736 1330 197 1257 1380 580 1544 1794 1915 1512 598 480 753 1267 685 1332 552
1860 1058 404 1165 869 512 217 1700 1353 1693 946 1146 969 1184 1466 1890 1432 884 365 1690 640 1382 1416 1041 1429 0 1242 589 1538 462 1149 1765 592 75 992 1728 777 712 916 1615 1891 956 857 1502 299 907 1134 857 490 611 876 1136 1672 996 309 1014 859 1621
705 599 1008 362 1425 1630 1077 651 419 637 342 212 563 113 533 735 474 1225 1482 641 1387 448 483 583 465 1245 0 755 604 841 345 825 1447 1234 586 787 1495 1340 1258 682 736 550 1198 342 1071 1249 331 1412 1607 1728 1381 332 625 590 1081 553 1201 687
1303 571 669 678 971 1022 727 1213 866 1206 460 659 482 698 980 1333 945 772 875 1204 934 895 929 555 942 586 755 0 1051 502 662 1278 994 606 505 1241 1041 887 805 1129 1334 469 745 941 732 795 647 959 1000 1121 927 649 1185 509 742 527 747 1134
542 892 1304 731 1718 1925 1373 462 427 455 639 427 859 546 102 572 491 1519 1778 452 1681 456 490 876 482 1541 604 1051 0 1137 756 527 1741 1530 881 489 1788 1634 1551 377 573 845 1492 327 1366 1542 742 1706 1903 2024 1674 760 433 886 1376 847 1494 382
1459 657 208 764 1187 830 277 1299 952 1292 545 745 568 783 1065 1489 1031 1178 682 1289 958 981 1015 640 1028 462 841 502 1137 0 748 1364 910 434 591 1327 1095 1029 1211 1214 1490 555 1151 1101 271 1201 733 1174 807 928 1194 735 1271 595 281 613 1153 1220
834 468 915 123 1294 1537 984 781 588 766 239 381 470 343 702 864 604 1094 1389 771 1256 617 620 452 594 1152 345 662 756 748 0 954 1316 1141 487 917 1364 1209 1127 840 865 456 1068 472 978 1118 65 1281 1514 1635 1250 122 755 491 988 422 1070 827
224 1090 1532 929 1916 2153 1600 468 654 456 867 654 1086 774 455 254 689 1717 2006 458 1879 684 706 1074 680 1768 825 1278 527 1364 954 0 1939 1757 1109 55 1986 1832 1749 383 255 1073 1690 525 1594 1740 940 1904 2130 2251 1872 958 440 1113 1604 1045 1692 389
1819 1195 852 1291 667 310 664 1765 1692 1751 1363 1562 1256 1499 1714 1848 1588 355 336 1755 112 1602 1604 1179 1579 592 1447 994 1741 910 1316 1939 0 564 1214 1901 575 183 388 1824 1850 1243 328 1456 746 379 1302 655 459 727 674 1321 1739 1218 756 1150 331 1811
1852 1050 376 1157 841 484 189 1692 1345 1685 938 1138 961 1176 1458 1882 1424 856 337 1682 612 1374 1408 1033 1420 75 1234 609 1530 434 1141 1757 564 0 984 1719 749 683 888 1607 1883 947 829 1494 270 879 1126 829 461 582 848 1128 1664 988 280 1006 831 1613
989 160 758 461 1191 1380 827 935 697 921 290 489 136 528 810 1019 758 992 1232 926 1154 726 760 144 749 995 586 505 881 591 487 1109 1214 984 0 1071 1261 1107 1024 959 1020 123 965 626 821 1015 472 1179 1357 1478 1147 480 909 48 831 116 967 965
186 1053 1494 891 1879 2115 1563 431 617 418 829 617 1049 736 418 216 652 1679 1968 421 1841 646 668 1037 642 1731 787 1241 489 1327 917 55 1901 1719 1071 0 1949 1794 1712 346 217 1035 1652 488 1556 1703 902 1866 2093 2214 1834 921 402 1076 1566 1007 1655 351
1866 1243 1037 1338 162 288 850 1813 1739 1798 1411 1610 1304 1547 1762 1896 1636 760 431 1803 623 1649 1652 1226 1626 777 1495 1041 1788 1095 1364 1986 575 749 1261 1949 0 694 792 1872 1897 1290 733 1504 931 783 1349 149 386 669 169 1368 1787 1266 941 1197 735 1858
1711 1088 971 1183 787 430 784 1658 1585 1644 1256 1455 1149 1392 1607 1741 1481 248 456 1648 123 1495 1497 1072 1472 712 1340 887 1634 1029 1209 1832 183 683 1107 1794 694 0 281 1717 1742 1135 221 1349 866 271 1194 774 579 847 760 1213 1632 1111 876 1042 223 1704
1629 1006 1176 1101 722 634 989 1576 1502 1561 1174 1373 1067 1310 1525 1659 1399 98 660 1566 328 1413 1415 989 1389 916 1258 805 1551 1208 1127 1749 388 888 1024 1712 792 281 0 1635 1660 1053 84 1267 1070 33 1112 710 783 1051 678 1131 1550 1029 1080 960 78 1621
409 976 1382 814 1802 2003 1450 147 505 140 717 505 936 624 306 439 575 1602 1856 138 1764 534 568 959 565 1618 682 1129 377 1214 840 383 1824 1607 959 346 1872 1717 1635 0 440 923 1575 411 1444 1626 825 1789 1981 2101 1757 838 119 963 1454 930 1578 68
60 1001 1657 839 1827 2096 1726 381 704 367 992 780 1062 787 546 58 600 1627 2122 371 1789 614 616 985 591 1894 736 1334 573 1490 865 255 1850 1883 1020 217 1897 1742 1660 440 0 1048 1601 436 1720 1651 850 1814 2214 2226 1783 869 355 1024 1730 955 1603 427
1018 189 722 473 1220 1343 791 964 660 950 254 453 52 492 774 1047 740 1021 1196 954 1182 690 724 172 736 959 550 469 845 555 456 1073 1243 947 123 1035 1290 1135 1053 923 1048 0 994 655 784 1044 442 1208 1321 1442 1176 444 938 127 794 145 996 928
1570 946 1116 1042 663 575 929 1516 1443 1502 1114 1314 1007 1250 1465 1600 1339 84 601 1506 268 1353 1355 930 1330 857 1198 745 1492 1148 1068 1690 328 829 965 1652 733 221 84 1575 1601 994 0 1207 1011 93 1053 650 724 992 618 1072 1490 969 1021 901 59 1562
405 608 1269 446 1434 1703 1337 351 310 337 602 395 669 394 300 435 207 1234 1729 342 1396 221 223 592 197 1505 342 941 327 1101 472 525 1456 1494 626 488 1504 1349 1267 411 436 655 1207 0 1331 1258 457 1421 1820 1833 1389 476 326 631 1341 562 1210 397
1689 887 213 994 1023 666 113 1529 1182 1522 775 974 798 1013 1295 1719 1261 1038 519 1519 794 1211 1245 870 1257 299 1071 732 1366 271 978 1594 746 270 821 1556 931 866 1070 1444 1720 784 1011 1331 0 1061 963 1011 644 765 1030 965 1501 825 54 843 1013 1450
1620 997 1167 1092 713 625 979 1566 1493 1552 1164 1364 1057 1300 1515 1650 1389 93 651 1557 318 1403 1406 980 1380 907 1249 795 1542 1199 1118 1740 379 879 1015 1703 783 271 33 1626 1651 1044 93 1258 1061 0 1103 700 774 1042 669 1122 1541 1020 1071 951 68 1612
819 453 900 108 1279 1522 969 766 573 752 224 366 455 328 687 849 589 1080 1374 756 1241 603 605 437 580 1137 331 647 742 733 65 940 1302 1126 472 902 1349 1194 1112 825 850 442 1053 457 963 1103 0 1267 1499 1620 1235 107 740 476 973 408 1055 812
1784 1160 1116 1256 43 367 929 1730 1657 1716 1328 1527 1221 1464 1679 1813 1553 677 511 1720 703 1567 1569 1144 1544 857 1412 959 1706 1174 1281 1904 655 829 1179 1866 149 774 710 1789 1814 1208 650 1421 1011 700 1267 0 466 749 86 1285 1704 1183 1021 1114 652 1776
2183 1423 749 1530 478 173 562 2065 1718 2058 1311 1511 1334 1549 1831 2213 1797 751 143 2056 507 1747 1781 1407 1794 490 1607 1003 1903 807 1514 2130 459 461 1357 2093 386 579 783 1981 2214 1321 724 1820 644 774 1499 466 0 353 485 1501 2037 1361 654 1379 726 1986
2196 1544 870 1651 761 456 683 2142 1839 2128 1432 1632 1455 1670 1952 2225 1918 1019 426 2132 775 1868 1902 1527 1915 611 1728 1123 2024 928 1635 2251 727 582 1478 2214 669 847 1051 2101 2226 1442 992 1833 765 1042 1620 749 353 0 768 1622 2116 1482 775 1500 994 2107
1752 1128 1136 1224 99 387 949 1698 1625 1684 1296 1496 1189 1432 1647 1782 1521 645 530 1688 722 1535 1538 1112 1512 876 1381 927 1674 1194 1250 1872 674 848 1147 1834 169 760 678 1757 1783 1176 618 1389 1030 669 1235 86 485 768 0 1254 1672 1151 1040 1083 621 1744
838 472 902 58 1298 1524 971 785 575 770 226 368 457 330 689 868 608 1098 1376 775 1260 605 624 456 598 1139 332 649 760 735 122 958 1321 1128 480 921 1368 1213 1131 838 869 444 1072 476 965 1122 107 1285 1501 1622 1254 0 759 484 975 426 1074 831
324 891 1438 729 1717 1986 1507 62 561 55 773 561 952 677 362 354 490 1517 1912 53 1679 504 506 874 480 1675 625 1185 433 1271 755 440 1739 1664 909 402 1787 1632 1550 119 355 938 1490 326 1501 1541 740 1704 2037 2116 1672 759 0 914 1511 845 1493 106
993 164 762 465 1196 1384 831 940 701 925 294 494 141 532 814 1023 763 996 1236 930 1158 730 764 148 753 999 590 509 886 595 491 1113 1218 988 48 1076 1266 1111 1029 963 1024 127 969 631 825 1020 476 1183 1361 1482 1151 484 914 0 835 121 972 969
1699 897 223 1004 1033 676 123 1539 1192 1532 785 984 808 1023 1305 1729 1271 1048 529 1529 804 1221 1255 880 1267 309 1081 742 1376 281 988 1604 756 280 831 1566 941 876 1080 1454 1730 794 1021 1341 54 1071 973 1021 654 775 1040 975 1511 835 0 853 1023 1460
924 98 780 397 1127 1396 849 871 719 857 312 512 159 550 820 954 694 927 1254 861 1089 708 710 81 685 1017 553 527 847 613 422 1045 1150 1006 116 1007 1197 1042 960 930 955 145 901 562 843 951 408 1114 1379 1500 1083 426 845 121 853 0 903 917
1572 949 1119 1044 665 577 931 1518 1445 1504 1116 1316 1009 1252 1467 1602 1341 45 603 1509 270 1355 1358 932 1332 859 1201 747 1494 1151 1070 1692 331 831 967 1655 735 223 78 1578 1603 996 59 1210 1013 68 1055 652 726 994 621 1074 1493 972 1023 903 0 1564
396 963 1387 801 1788 2009 1456 134 510 127 722 510 942 629 311 426 561 1589 1861 124 1751 539 573 946 552 1624 687 1134 382 1220 827 389 1811 1613 965 351 1858 1704 1621 68 427 928 1562 397 1450 1612 812 1776 1986 2107 1744 831 106 969 1460 917 1564 0
EOF