NAME : tsp_problem
TYPE : TSP
DIMENSION : 40
EDGE_WEIGHT_TYPE : EXPLICIT
EDGE_WEIGHT_FORMAT : FULL_MATRIX
EDGE_WEIGHT_SECTION
0 1739 142 1288 991 767 948 1620 989 124 763 479 1116 500 683 172 92 1556 225 1492 698 493 678 1434 1268 842 1029 1262 1456 1668 1717 1164 1108 1594 689 918 752 1310 937 845
1739 0 1771 717 949 2039 961 294 1424 1753 2035 2023 925 1947 1955 1801 1721 361 1557 368 1232 1930 2050 552 519 1131 1014 747 428 125 175 754 917 267 1961 1017 1191 654 1486 1229
142 1771 0 1320 1023 799 980 1652 1081 93 795 571 1148 592 715 59 102 1589 257 1525 730 585 770 1467 1300 874 1061 1294 1488 1700 1749 1196 1141 1626 721 950 784 1342 1029 878
1288 717 1320 0 468 1588 481 635 944 1302 1583 1543 368 1466 1504 1350 1269 702 1106 488 752 1450 1570 359 462 650 534 130 649 758 808 274 360 788 1510 537 711 461 1006 748
991 949 1023 468 0 1291 184 866 647 1005 1287 1247 414 1170 1207 1053 973 933 809 719 456 1154 1274 591 683 354 88 498 870 990 1039 243 406 1009 1213 240 415 693 710 452
767 2039 799 1588 1291 0 1248 1920 1197 781 71 913 1416 893 582 829 749 1857 585 1793 998 913 762 1734 1568 1142 1329 1562 1756 1968 2017 1464 1409 1894 588 1218 1052 1610 1146 1146
948 961 980 481 184 1248 0 878 502 962 1244 1101 426 1025 1164 1010 930 945 766 731 310 1008 1128 603 822 187 249 511 1010 1002 1051 255 418 1143 1170 109 269 705 564 285
1620 294 1652 635 866 1920 878 0 1341 1634 1915 1941 842 1864 1836 1682 1601 147 1438 285 1150 1848 1968 469 400 1048 931 665 229 335 384 671 835 447 1842 934 1109 559 1404 1146
989 1424 1081 944 647 1186 502 1341 0 1062 1181 637 889 560 1050 1110 1030 1408 1104 1194 672 544 664 1066 1285 571 713 974 1473 1465 1514 718 881 1606 1016 543 631 1168 100 669
124 1753 93 1302 1005 781 962 1634 1062 0 777 553 1130 574 697 76 84 1571 239 1507 712 567 752 1448 1282 856 1043 1276 1470 1682 1731 1178 1123 1608 703 932 766 1324 1011 860
763 2035 795 1583 1287 71 1244 1915 1192 777 0 909 1412 888 577 825 744 1852 581 1788 994 909 757 1730 1564 1137 1324 1558 1751 1963 2013 1460 1404 1890 583 1214 1047 1605 1141 1141
479 2023 571 1543 1247 903 1101 1941 637 553 899 0 1488 149 433 601 521 1985 653 1794 1055 141 220 1665 1697 1170 1312 1573 1885 2064 2114 1317 1480 2023 398 1143 983 1739 586 1268
1116 925 1148 368 414 1416 426 842 889 1130 1412 1488 0 1411 1332 1178 1098 839 934 695 697 1395 1515 567 551 595 479 342 738 950 1000 202 41 877 1338 482 656 592 951 650
500 1947 592 1466 1170 882 1025 1864 560 574 877 149 1411 0 512 622 541 1931 674 1717 979 65 198 1589 1718 1094 1235 1496 1905 1988 2037 1241 1404 2044 478 1066 906 1690 509 1191
683 1955 715 1504 1207 582 1164 1836 1050 697 577 433 1332 512 0 745 665 1773 501 1709 914 555 482 1650 1484 1058 1245 1478 1672 1884 1933 1380 1325 1810 108 1134 968 1526 999 1061
172 1801 59 1350 1053 829 1010 1682 1110 76 825 601 1178 622 745 0 110 1618 287 1554 760 614 799 1496 1330 904 1091 1324 1518 1730 1779 1226 1170 1656 751 980 814 1372 1059 907
92 1721 102 1269 973 749 930 1601 1030 84 744 521 1098 541 665 110 0 1538 206 1474 680 534 719 1416 1250 823 1010 1244 1437 1649 1699 1146 1090 1576 671 900 733 1291 979 827
1556 361 1589 702 933 1857 945 147 1408 1571 1852 1985 839 1931 1773 1618 1538 0 1375 352 1212 1914 2035 536 337 1087 998 724 166 401 451 738 831 384 1779 1001 1175 496 1471 1090
225 1557 257 1106 809 585 766 1438 1104 239 581 653 934 674 501 287 206 1375 0 1311 516 667 852 1252 1086 660 847 1080 1274 1486 1535 982 927 1412 507 736 570 1128 1053 663
1492 368 1525 488 719 1793 731 285 1194 1507 1788 1794 695 1717 1709 1554 1474 352 1311 0 1003 1700 1821 322 273 901 784 518 398 409 458 524 687 536 1715 787 961 424 1257 999
698 1232 730 752 456 998 310 1150 672 712 994 1053 697 976 914 760 680 1212 516 1003 0 959 1080 874 924 379 521 782 1112 1273 1323 526 689 1250 920 352 86 966 735 393
493 1930 585 1450 1154 902 1008 1848 544 567 898 141 1395 65 555 614 534 1914 667 1700 962 0 235 1572 1710 1077 1219 1480 1898 1971 2021 1224 1387 2036 520 1050 890 1674 493 1175
678 2050 770 1570 1274 751 1128 1968 664 752 746 220 1515 198 482 799 719 2035 852 1821 1082 235 0 1692 1864 1197 1339 1600 2052 2091 2141 1344 1507 2190 447 1170 1010 1794 613 1295
1434 552 1467 359 591 1734 603 469 1066 1448 1730 1665 567 1589 1650 1496 1416 536 1252 322 874 1572 1692 0 332 773 656 389 520 593 642 396 559 658 1656 659 833 211 1128 871
1268 519 1300 462 683 1568 822 400 1285 1282 1564 1697 551 1718 1484 1330 1250 337 1086 273 924 1710 1864 332 0 798 720 436 236 448 498 608 543 375 1490 875 978 207 1348 802
842 1131 874 650 354 1142 187 1048 571 856 1137 1170 595 1094 1058 904 823 1087 660 901 379 1077 1197 773 798 0 419 680 986 1172 1221 425 588 1124 1064 146 338 840 633 137
1029 1014 1061 534 88 1329 249 931 713 1043 1324 1312 479 1235 1245 1091 1010 998 847 784 521 1219 1339 656 720 419 0 564 908 1055 1104 308 471 1046 1251 305 480 758 775 517
1262 747 1294 130 498 1562 511 665 974 1276 1558 1573 342 1496 1478 1324 1244 724 1080 518 782 1480 1600 389 436 680 564 0 624 788 838 297 335 762 1484 567 741 478 1036 778
1456 428 1488 649 870 1756 1010 229 1473 1470 1751 1885 738 1905 1672 1518 1437 166 1274 398 1112 1898 2052 520 236 986 908 624 0 357 406 796 731 283 1678 1062 1165 395 1535 990
1668 125 1700 758 990 1968 1002 335 1465 1682 1963 2064 950 1988 1884 1730 1649 401 1486 409 1273 1971 2091 593 448 1172 1055 788 357 0 67 795 942 195 1890 1058 1232 607 1527 1202
1717 175 1749 808 1039 2017 1051 384 1514 1731 2013 2114 1000 2037 1933 1779 1699 451 1535 458 1323 2021 2141 642 498 1221 1104 838 406 67 0 844 992 245 1939 1107 1282 656 1577 1251
1164 754 1196 274 243 1464 255 671 718 1178 1460 1317 202 1241 1380 1226 1146 738 982 524 526 1224 1344 396 608 425 308 297 796 795 844 0 195 934 1386 311 485 498 780 523
1108 917 1141 360 406 1409 418 835 881 1123 1404 1480 41 1404 1325 1170 1090 831 927 687 689 1387 1507 559 543 588 471 335 731 942 992 195 0 869 1331 474 648 584 943 642
1594 267 1626 788 1009 1894 1143 447 1606 1608 1890 2023 877 2044 1810 1656 1576 384 1412 536 1250 2036 2190 658 375 1124 1046 762 283 195 245 934 869 0 1816 1199 1304 533 1669 1128
689 1961 721 1510 1213 588 1170 1842 1016 703 583 398 1338 478 108 751 671 1779 507 1715 920 520 447 1656 1490 1064 1251 1484 1678 1890 1939 1386 1331 1816 0 1140 974 1532 965 1068
918 1017 950 537 240 1218 109 934 543 932 1214 1143 482 1066 1134 980 900 1001 736 787 352 1050 1170 659 875 146 305 567 1062 1058 1107 311 474 1199 1140 0 311 761 606 244
752 1191 784 711 415 1052 269 1109 631 766 1047 980 656 904 968 814 733 1175 570 961 86 887 1007 833 978 338 480 741 1165 1232 1282 485 648 1304 974 311 0 935 694 436
1310 654 1342 461 693 1610 705 559 1168 1324 1605 1739 592 1690 1526 1372 1291 496 1128 424 966 1674 1794 211 207 840 758 478 395 607 656 498 584 533 1532 761 935 0 1230 844
937 1486 1029 1006 710 1134 564 1404 100 1011 1130 586 951 509 999 1059 979 1471 1053 1257 735 493 613 1128 1348 633 775 1036 1535 1527 1577 780 943 1669 965 606 694 1230 0 731
845 1229 878 748 452 1146 285 1146 669 860 1141 1268 650 1191 1061 907 827 1090 663 999 393 1175 1295 871 802 137 517 778 990 1202 1251 523 642 1128 1068 244 436 844 731 0
EOF