NAME : tsp_problem
TYPE : TSP
DIMENSION : 30
EDGE_WEIGHT_TYPE : EXPLICIT
EDGE_WEIGHT_FORMAT : FULL_MATRIX
EDGE_WEIGHT_SECTION
0 2082 1081 757 266 1773 2084 1060 406 1081 488 1996 523 157 1681 1118 2008 945 1344 1312 2035 2041 2033 2003 958 2007 1455 856 258 1370
2082 0 1378 1497 2232 615 32 1151 1747 1294 2049 834 1863 1981 764 1100 669 1513 1082 937 311 339 326 504 1452 508 927 1266 2223 1154
1081 1378 0 581 1017 1034 1380 356 831 137 941 1293 893 1065 942 415 1268 463 641 608 1332 1302 1329 1263 476 1267 716 350 1008 631
757 1497 581 0 795 1330 1499 475 422 497 719 1411 539 656 1238 533 1564 374 759 727 1451 1598 1448 1559 313 1563 1012 272 787 832
266 2232 1017 795 0 1709 2234 1210 557 1017 425 2146 594 308 1617 1211 1943 880 1391 1393 2039 1977 2183 1938 894 1942 1391 1007 33 1306
1773 615 1034 1330 1709 0 617 1015 1619 1034 1632 1350 1584 1815 524 963 449 1154 873 817 606 317 757 279 1168 283 360 1200 1700 788
2084 32 1380 1499 2234 617 0 1154 1749 1296 2051 836 1865 1983 767 1102 671 1515 1084 939 313 341 328 506 1454 510 929 1268 2225 1156
1060 1151 356 475 1210 1015 1154 0 725 272 1027 1066 841 959 923 83 1250 491 414 382 1105 1283 1103 1245 430 1249 697 244 1201 486
406 1747 831 422 557 1619 1749 725 0 747 374 1661 169 306 1527 783 1854 701 1009 977 1700 1887 1698 1849 639 1853 1301 522 548 1082
1081 1294 137 497 1017 1034 1296 272 747 0 941 1208 863 981 942 330 1268 463 556 524 1247 1302 1245 1264 452 1268 716 266 1008 629
488 2049 941 719 425 1632 2051 1027 374 941 0 1964 491 387 1540 1085 1867 804 1312 1279 1962 1900 2000 1862 817 1866 1314 824 417 1229
1993 834 1290 1408 2143 1350 836 1063 1658 1205 1961 0 1775 1892 1242 1011 1369 1425 945 800 788 1074 785 1239 1363 1243 1033 1177 2135 1017
523 1863 893 539 594 1584 1865 841 169 863 491 1778 0 422 1493 899 1819 756 1126 1093 1817 1853 1814 1814 756 1818 1267 638 585 1181
157 1981 1065 656 308 1815 1983 959 306 981 387 1895 422 0 1723 1017 2049 935 1243 1211 1934 2083 1932 2044 873 2048 1497 756 299 1316
1681 764 942 1238 1617 524 767 923 1527 942 1540 1242 1493 1723 0 871 758 1063 781 725 497 748 649 754 1076 758 269 1109 1608 696
1118 1100 415 533 1211 963 1102 83 783 330 1085 1014 899 1017 871 0 1198 550 362 330 1053 1231 1051 1193 488 1197 645 302 1203 435
2008 680 1268 1564 1943 449 683 1250 1854 1268 1867 1380 1819 2049 758 1198 0 1389 1108 1052 919 717 916 679 1402 683 595 1435 1934 1022
945 1513 463 374 880 1154 1515 491 701 463 804 1428 756 935 1063 550 1389 0 776 743 1467 1423 1464 1384 87 1388 837 275 872 751
1344 1079 641 759 1391 873 1081 414 1009 556 1312 942 1126 1243 781 362 1108 776 0 175 1032 1141 1030 1103 714 1107 555 528 1382 246
1312 934 608 727 1393 817 936 382 977 524 1279 797 1093 1211 725 330 1052 743 175 0 888 1086 885 1047 682 1051 500 496 1384 247
2035 311 1332 1451 2039 606 313 1105 1700 1247 1962 788 1817 1934 497 1053 907 1467 1035 890 0 330 195 495 1405 499 691 1219 2030 1108
2041 339 1302 1598 1977 317 341 1283 1887 1302 1900 1074 1853 2083 748 1231 717 1423 1141 1086 330 0 481 206 1436 210 629 1469 1968 1056
2033 326 1329 1448 2183 757 328 1103 1698 1245 2000 785 1814 1932 649 1051 905 1464 1033 888 195 481 0 646 1403 650 842 1217 2175 1105
2003 504 1263 1559 1938 279 506 1245 1849 1264 1862 1239 1814 2044 754 1193 679 1384 1103 1047 495 206 646 0 1398 45 590 1430 1930 1017
958 1452 476 313 894 1168 1454 430 639 452 817 1366 756 873 1076 488 1402 87 714 682 1405 1436 1403 1398 0 1402 850 213 885 765
2007 508 1267 1563 1942 283 510 1249 1853 1268 1866 1243 1818 2048 758 1197 683 1388 1107 1051 499 210 650 45 1402 0 594 1434 1934 1021
1455 927 716 1012 1391 360 929 697 1301 716 1314 1033 1267 1497 269 645 595 837 555 500 691 629 842 590 850 594 0 883 1382 470
856 1266 350 272 1007 1200 1268 244 522 266 824 1180 638 756 1109 302 1435 275 528 496 1219 1469 1217 1430 213 1434 883 0 998 601
258 2223 1008 787 33 1700 2225 1201 548 1008 417 2138 585 299 1608 1203 1934 872 1382 1384 2030 1968 2175 1930 885 1934 1382 998 0 1297
1370 1151 631 832 1306 788 1153 486 1082 629 1229 1014 1181 1316 696 435 1022 751 246 247 1105 1056 1102 1017 765 1021 470 601 1297 0
EOF
