NAME : tsp_problem
TYPE : TSP
DIMENSION : 84
EDGE_WEIGHT_TYPE : EXPLICIT
EDGE_WEIGHT_FORMAT : FULL_MATRIX
EDGE_WEIGHT_SECTION
0 600 1399 621 1598 957 76 1272 1263 1373 498 621 599 1493 1388 381 1777 107 1194 749 711 1751 1798 770 450 1328 597 617 617 1572 346 301 1361 1659 479 574 1700 1369 1654 1659 1572 376 1283 448 925 564 714 1709 909 1414 739 552 1290 589 1289 1435 368 1354 408 1612 1349 693 439 1623 719 1381 1282 729 868 576 736 542 1357 498 1779 1556 729 985 610 478 1255 1577 475 1596
600 0 1111 869 1309 684 566 999 990 1084 758 105 125 1204 1099 629 1504 604 906 475 437 1478 1510 490 306 1039 845 865 865 1284 594 371 1072 1385 189 822 1411 1081 1366 1386 1283 653 1010 725 652 85 441 1436 634 1125 466 170 1017 174 1015 1162 616 1065 656 1323 1060 420 296 1335 430 1093 1009 455 594 852 448 790 1069 373 1505 1267 456 712 886 390 982 1288 332 1307
1399 1111 0 1669 386 736 1366 1030 1021 56 1558 1132 1110 280 532 1428 606 1403 273 975 1039 653 725 1033 1278 93 1645 1665 1664 717 1394 1367 116 807 1202 1622 808 93 798 807 716 1567 948 1678 799 1075 1042 611 911 62 960 1198 968 1201 949 931 1416 78 1455 756 114 1021 1241 411 972 65 958 1056 892 1681 990 1589 81 1300 779 700 1057 748 1737 1332 1079 364 1303 740
621 869 1669 0 1868 1287 588 1766 1757 1642 600 891 869 1763 1658 471 2088 625 1464 1243 1055 2135 2068 1049 776 1598 41 22 69 1842 436 795 1631 2153 971 63 1970 1639 1924 2153 1842 557 1777 452 1349 833 1058 2093 1192 1684 1233 952 1784 917 1783 1929 458 1624 497 1882 1619 1037 739 1893 988 1651 1776 1072 1173 507 1006 415 1627 798 2231 1826 1073 1299 263 830 1749 1847 802 1866
1598 1309 386 1868 0 935 1565 789 780 359 1757 1331 1309 155 731 1627 365 1602 471 1174 1238 412 484 1232 1476 314 1844 1863 1863 915 1593 1566 347 565 1401 1821 567 355 604 565 744 1766 830 1877 997 1273 1241 370 1110 400 1159 1397 727 1400 707 690 1615 340 1654 643 335 1220 1439 169 1171 368 716 1255 1091 1880 1189 1788 344 1499 538 728 1256 947 1936 1530 838 38 1502 727
957 684 736 1287 935 0 971 796 787 709 1096 675 696 830 725 1046 1081 952 531 371 493 1055 1135 552 759 665 1263 1282 1282 909 1012 691 698 963 526 1239 1037 706 991 963 909 973 536 1045 95 692 496 1013 420 751 355 538 793 636 774 688 1034 691 1073 949 686 475 748 960 526 718 783 510 391 1173 593 1195 694 807 1083 893 511 60 1207 787 779 914 785 933
76 566 1366 588 1565 971 0 1286 1277 1339 477 588 566 1459 1354 347 1785 80 1161 763 725 1765 1765 746 464 1294 564 583 583 1539 313 315 1327 1673 493 541 1666 1336 1621 1673 1538 390 1297 462 939 530 728 1723 889 1381 753 566 1304 603 1303 1449 335 1320 374 1578 1315 707 436 1590 685 1348 1296 743 870 590 703 508 1324 495 1793 1522 743 995 624 492 1270 1543 490 1562
1272 999 1030 1766 789 796 1286 0 63 1004 1410 990 1010 800 1201 1464 609 1267 1063 686 807 583 729 867 1074 959 1742 1761 1761 1137 1481 1006 992 491 841 1719 812 1000 849 491 989 1288 425 1360 763 1025 811 541 748 1045 670 853 122 951 121 285 1452 985 1404 888 980 790 1063 659 841 1012 115 825 706 1488 908 1510 988 1122 611 973 826 823 1522 1102 154 768 1100 972
1263 990 1021 1757 780 787 1277 63 0 995 1402 981 1002 791 1192 1455 601 1258 1054 677 799 575 720 858 1065 950 1733 1753 1753 1128 1472 997 983 482 832 1710 803 991 840 483 980 1279 416 1351 754 1017 802 533 739 1036 661 844 114 942 112 276 1443 976 1395 879 971 781 1054 650 832 1003 106 816 697 1479 899 1501 979 1113 602 964 817 814 1513 1093 145 759 1091 963
1373 1084 56 1642 359 709 1339 1004 995 0 1531 1106 1084 254 505 1402 579 1377 246 949 1012 626 698 1006 1251 66 1618 1638 1638 690 1367 1340 99 780 1175 1595 781 66 772 780 690 1541 921 1652 772 1048 1015 584 884 71 933 1171 941 1175 922 904 1389 51 1429 729 87 994 1214 384 946 38 931 1030 865 1654 963 1563 54 1273 753 673 1030 721 1710 1305 1053 338 1276 713
498 758 1558 600 1757 1096 477 1410 1402 1531 0 766 758 1652 1547 207 1915 493 1353 887 849 1889 1957 908 588 1486 576 596 595 1731 223 439 1519 1797 617 553 1858 1528 1813 1797 1731 163 1421 274 1063 722 853 1847 1048 1573 877 690 1428 727 1427 1573 194 1512 147 1771 1508 831 577 1782 877 1540 1420 867 1006 401 895 424 1516 636 1917 1715 868 1123 436 616 1394 1736 614 1755
621 105 1132 891 1331 675 588 990 981 1106 766 0 47 1226 1121 650 1495 622 927 466 428 1469 1531 487 297 1061 867 887 886 1305 616 362 1094 1376 180 844 1433 1102 1387 1377 1305 644 1001 716 643 131 432 1426 627 1147 457 161 1007 165 1006 1152 638 1087 677 1345 1082 411 287 1356 451 1114 1000 446 585 843 469 811 1090 364 1496 1289 447 703 877 381 973 1310 323 1329
599 125 1110 869 1309 696 566 1010 1002 1084 758 47 0 1204 1099 628 1515 603 905 487 449 1489 1509 490 318 1039 845 865 864 1283 594 382 1072 1397 201 822 1411 1080 1365 1397 1283 664 1021 736 663 110 453 1447 633 1125 477 182 1028 185 1027 1173 616 1065 655 1323 1060 431 307 1334 429 1092 1021 467 606 864 447 789 1068 385 1517 1267 468 723 898 402 994 1288 344 1307
1493 1204 280 1763 155 830 1459 800 791 254 1652 1226 1204 0 626 1522 375 1497 366 1069 1132 422 494 1127 1371 209 1739 1758 1758 810 1488 1461 242 576 1296 1716 578 250 615 576 755 1661 840 1772 892 1168 1136 380 1005 295 1053 1292 737 1295 718 700 1510 235 1549 653 230 1115 1334 180 1066 262 727 1150 986 1775 1084 1683 238 1393 549 739 1151 842 1831 1425 849 134 1397 738
1388 1099 532 1658 731 725 1354 1201 1192 505 1547 1121 1099 626 0 1417 612 1392 327 964 1027 637 530 1022 1266 461 1634 1653 1653 219 1383 1356 494 791 1191 1611 431 502 386 825 304 1556 937 1667 787 1063 1031 679 900 547 948 1187 1139 1190 1119 1089 1405 487 1444 343 482 1010 1229 756 961 514 1128 1045 881 1670 979 1578 490 1289 692 288 1046 737 1726 1320 1250 710 1292 328
381 629 1428 471 1627 1046 347 1464 1455 1402 207 650 628 1522 1417 0 1847 385 1223 941 814 1895 1828 808 535 1357 447 466 466 1602 94 493 1390 1851 671 423 1729 1398 1683 1851 1601 216 1475 327 1109 593 818 1852 951 1443 931 711 1482 677 1481 1627 65 1383 104 1641 1378 796 498 1652 748 1411 1474 832 932 455 765 391 1387 558 1971 1585 833 1058 489 589 1447 1606 561 1625
1777 1504 606 2088 365 1084 1785 609 601 579 1915 1495 1515 375 612 1847 0 1772 692 1190 1312 140 139 1371 1579 534 2064 2084 2083 796 1813 1511 567 294 1346 2041 223 576 260 328 400 1793 650 1865 1003 1494 1316 182 1253 621 1175 1358 547 1456 528 510 1835 560 1874 298 555 1294 1568 234 1346 588 537 1330 1211 1992 1409 2008 564 1627 195 384 1331 1112 2027 1607 659 344 1605 383
107 604 1403 625 1602 952 80 1267 1258 1377 493 622 603 1497 1392 385 1772 0 1198 744 705 1746 1802 765 444 1332 601 621 621 1577 350 296 1365 1654 474 578 1704 1373 1658 1654 1576 371 1278 443 920 568 709 1704 904 1418 734 547 1285 583 1283 1430 372 1358 412 1616 1353 688 434 1627 723 1386 1277 723 862 570 740 546 1362 493 1773 1560 724 980 604 473 1250 1581 470 1600
1194 906 273 1464 471 531 1161 1063 1054 246 1353 927 905 366 327 1223 692 1198 0 770 834 739 738 828 1073 201 1440 1460 1459 512 1189 1162 234 892 997 1417 639 242 593 893 511 1362 743 1473 594 870 837 697 706 287 755 993 1001 996 982 895 1211 227 1250 551 222 816 1036 497 767 255 991 851 687 1476 785 1384 231 1095 865 495 852 543 1532 1127 1113 450 1098 535
749 475 975 1243 1174 371 763 686 677 949 887 466 487 1069 964 941 1190 744 770 0 284 1164 1310 343 551 904 1219 1238 1238 1148 957 483 937 1072 318 1196 1276 945 1230 1073 1148 765 697 837 338 502 288 1122 219 990 86 330 703 428 702 848 928 930 881 1188 925 266 540 1199 318 957 696 302 177 964 385 987 933 599 1192 1132 303 399 999 579 669 1153 576 1172
711 437 1039 1055 1238 493 725 807 799 1012 849 428 449 1132 1027 814 1312 705 834 284 0 1286 1431 129 513 967 1031 1050 1050 1212 780 445 1000 1194 280 1008 1339 1009 1294 1194 1212 727 818 799 460 460 52 1244 445 1054 274 292 825 390 824 970 802 993 841 1251 988 34 502 1263 103 1021 817 58 403 926 170 949 997 561 1314 1195 64 520 961 541 791 1217 538 1235
1751 1478 653 2135 412 1058 1765 583 575 626 1889 1469 1489 422 637 1895 140 1746 739 1164 1286 0 165 1345 1553 581 2111 2131 2130 822 1860 1485 614 243 1320 2088 248 623 285 277 425 1767 624 1839 977 1504 1290 131 1227 668 1149 1332 521 1430 502 484 1882 607 1883 324 602 1268 1542 281 1320 635 511 1304 1185 1966 1387 1989 611 1601 144 409 1305 1086 2001 1581 633 391 1579 409
1798 1510 725 2068 484 1135 1765 729 720 698 1957 1531 1509 494 530 1828 139 1802 738 1310 1431 165 0 1432 1677 653 2044 2064 2064 714 1793 1630 686 319 1465 2021 141 695 178 352 318 1912 769 1984 1122 1474 1435 207 1310 740 1294 1477 666 1575 647 629 1815 679 1854 217 675 1414 1640 353 1371 707 656 1449 1291 2080 1389 1989 683 1699 220 302 1450 1147 2136 1726 778 463 1702 301
770 490 1033 1049 1232 552 746 867 858 1006 908 487 490 1127 1022 808 1371 765 828 343 129 1345 1432 0 572 961 1025 1044 1044 1206 774 504 994 1253 339 1002 1333 1003 1288 1253 1206 786 877 858 519 454 132 1303 504 1048 334 351 884 449 883 1029 796 987 835 1246 983 111 561 1257 98 1015 877 146 462 985 164 969 991 620 1373 1190 147 579 1020 600 850 1211 597 1230
450 306 1278 776 1476 759 464 1074 1065 1251 588 297 318 1371 1266 535 1579 444 1073 551 513 1553 1677 572 0 1206 752 771 771 1451 501 184 1239 1461 274 729 1578 1247 1532 1461 1450 466 1085 538 727 333 516 1511 711 1292 541 256 1092 221 1091 1237 523 1232 562 1490 1227 495 48 1501 547 1260 1084 530 670 665 613 688 1236 125 1581 1434 531 787 699 143 1057 1455 41 1474
1328 1039 93 1598 314 665 1294 959 950 66 1486 1061 1039 209 461 1357 534 1332 201 904 967 581 653 961 1206 0 1574 1593 1593 645 1323 1296 54 735 1131 1550 737 63 727 735 645 1496 877 1607 727 1003 971 539 840 108 888 1127 896 1130 877 859 1345 47 1384 685 43 949 1169 339 901 75 886 985 820 1609 918 1518 51 1228 708 629 986 677 1666 1260 1008 293 1232 669
597 845 1645 41 1844 1263 564 1742 1733 1618 576 867 845 1739 1634 447 2064 601 1440 1219 1031 2111 2044 1025 752 1574 0 47 92 1818 412 771 1607 2129 947 49 1946 1615 1900 2129 1818 533 1753 428 1325 809 1034 2069 1168 1660 1209 928 1760 893 1759 1905 434 1600 473 1858 1595 1013 715 1869 964 1627 1752 1048 1149 483 982 391 1603 774 2206 1802 1049 1275 239 806 1725 1823 778 1842
617 865 1665 22 1863 1282 583 1761 1753 1638 596 887 865 1758 1653 466 2084 621 1460 1238 1050 2131 2064 1044 771 1593 47 0 74 1838 432 790 1626 2148 966 69 1965 1634 1919 2148 1837 553 1772 447 1345 829 1054 2089 1188 1679 1229 948 1779 913 1778 1924 454 1619 493 1877 1614 1032 734 1888 984 1647 1772 1068 1168 502 1001 411 1623 794 2226 1821 1069 1294 259 825 1745 1842 797 1861
617 865 1664 69 1863 1282 583 1761 1753 1638 595 886 864 1758 1653 466 2083 621 1459 1238 1050 2130 2064 1044 771 1593 92 74 0 1838 431 790 1626 2148 966 69 1965 1634 1919 2148 1837 553 1772 447 1345 829 1054 2088 1187 1679 1228 947 1779 913 1778 1924 453 1619 493 1877 1614 1032 734 1888 984 1647 1771 1068 1168 502 1001 411 1623 794 2226 1821 1069 1294 259 825 1745 1842 797 1861
1572 1284 717 1842 915 909 1539 1148 1139 690 1731 1305 1283 810 219 1602 796 1577 512 1148 1212 822 714 1206 1451 645 1818 1838 1838 0 1567 1540 678 737 1375 1795 616 686 570 702 488 1741 1121 1851 972 1248 1215 864 1084 731 1133 1371 1086 1374 1067 1049 1589 671 1628 528 666 1194 1414 941 1145 699 1076 1230 1065 1854 1163 1763 675 1473 773 472 1230 921 1910 1505 1198 894 1476 512
346 594 1394 436 1593 1012 313 1481 1472 1367 223 616 594 1488 1383 94 1813 350 1189 957 780 1860 1793 774 501 1323 412 432 431 1567 0 509 1355 1867 687 389 1694 1364 1649 1867 1567 233 1491 344 1074 558 783 1818 917 1409 948 677 1498 642 1497 1643 81 1349 121 1607 1344 762 464 1618 713 1376 1491 797 898 448 731 356 1352 523 1955 1551 798 1024 504 555 1464 1572 527 1591
301 371 1367 795 1566 691 315 1006 997 1340 439 362 382 1461 1356 493 1511 296 1162 483 445 1485 1630 504 184 1296 771 790 790 1540 509 0 1329 1393 213 748 1668 1337 1622 1393 1540 317 1017 389 659 397 448 1443 643 1382 473 286 1024 323 1023 1169 480 1322 433 1580 1317 427 173 1560 478 1349 1016 462 602 516 545 539 1325 232 1513 1524 463 719 551 212 989 1545 209 1564
1361 1072 116 1631 347 698 1327 992 983 99 1519 1094 1072 242 494 1390 567 1365 234 937 1000 614 686 994 1239 54 1607 1626 1626 678 1355 1329 0 768 1164 1583 770 96 760 768 678 1529 910 1640 760 1036 1004 572 873 101 921 1160 929 1163 910 892 1377 80 1417 718 76 982 1202 372 934 108 919 1018 853 1642 951 1551 84 1261 741 662 1019 710 1699 1293 1041 326 1265 702
1659 1385 807 2153 565 966 1673 491 482 780 1797 1376 1397 576 791 1851 294 1654 892 1072 1194 243 319 1253 1461 735 2129 2148 2148 726 1867 1393 768 0 1228 2106 402 776 439 59 579 1675 532 1747 884 1412 1198 285 1134 821 1057 1240 429 1338 410 392 1838 761 1791 478 756 1176 1450 435 1228 789 419 1212 1093 1874 1295 1897 765 1509 173 563 1213 994 1909 1489 541 544 1486 563
479 189 1202 971 1401 526 493 841 832 1175 617 180 201 1296 1191 671 1346 474 997 318 280 1320 1465 339 274 1131 947 966 966 1375 687 213 1164 1228 0 924 1503 1172 1457 1228 1375 495 852 567 494 216 283 1278 478 1217 308 105 859 141 858 1004 658 1157 611 1415 1152 262 264 1395 313 1184 851 297 437 694 380 717 1160 329 1348 1359 298 554 729 309 824 1380 300 1399
574 822 1622 63 1821 1239 541 1719 1710 1595 553 844 822 1716 1611 423 2041 578 1417 1196 1008 2088 2021 1002 729 1550 49 69 69 1795 389 748 1583 2106 924 0 1922 1592 1877 2106 1795 510 1730 404 1302 786 1011 2046 1145 1637 1186 905 1737 870 1735 1882 411 1576 450 1835 1571 990 692 1846 941 1604 1729 1025 1126 460 959 368 1580 751 2183 1779 1026 1252 216 783 1702 1800 754 1819
1700 1411 808 1970 567 1037 1666 812 803 781 1858 1433 1411 578 431 1729 223 1704 639 1276 1339 248 141 1333 1578 737 1946 1965 1965 616 1694 1668 770 402 1503 1922 0 778 79 436 219 1868 853 1979 1099 1375 1343 290 1212 823 1260 1499 749 1502 730 712 1716 763 1756 118 758 1321 1541 437 1273 790 739 1357 1192 1981 1290 1890 766 1600 303 203 1358 1049 2038 1632 861 546 1604 202
1369 1081 93 1639 355 706 1336 1000 991 66 1528 1102 1080 250 502 1398 576 1373 242 945 1009 623 695 1003 1247 63 1615 1634 1634 686 1364 1337 96 776 1172 1592 778 0 768 777 686 1537 918 1648 769 1044 1012 581 881 91 930 1168 938 1171 918 901 1386 47 1425 726 84 991 1210 381 942 75 927 1026 862 1651 960 1559 51 1270 749 670 1027 718 1707 1301 1049 334 1273 710
1654 1366 798 1924 604 991 1621 849 840 772 1813 1387 1365 615 386 1683 260 1658 593 1230 1294 285 178 1288 1532 727 1900 1919 1919 570 1649 1622 760 439 1457 1877 79 768 0 473 174 1822 890 1933 1054 1329 1297 327 1166 813 1215 1453 787 1456 767 750 1671 753 1710 72 748 1276 1495 474 1227 781 776 1311 1147 1936 1245 1844 757 1555 340 158 1312 1003 1992 1587 898 583 1558 157
1659 1386 807 2153 565 966 1673 491 483 780 1797 1377 1397 576 825 1851 328 1654 893 1073 1194 277 352 1253 1461 735 2129 2148 2148 690 1867 1393 768 59 1228 2106 436 777 473 0 613 1675 532 1747 885 1412 1198 318 1135 821 1057 1240 429 1338 410 392 1839 761 1791 512 756 1177 1450 435 1228 789 419 1212 1093 1875 1295 1897 765 1509 207 597 1213 994 1909 1489 541 544 1487 596
1572 1283 716 1842 744 909 1538 989 980 690 1731 1305 1283 755 304 1601 400 1576 511 1148 1212 425 318 1206 1450 645 1818 1837 1837 488 1567 1540 678 579 1375 1795 219 686 174 613 0 1740 1030 1851 971 1247 1215 467 1084 731 1133 1371 927 1374 907 890 1589 671 1628 132 666 1194 1413 614 1145 698 916 1229 1065 1854 1163 1762 674 1473 480 48 1230 921 1910 1504 1038 723 1476 116
376 653 1567 557 1766 973 390 1288 1279 1541 163 644 664 1661 1556 216 1793 371 1362 765 727 1767 1912 786 466 1496 533 553 553 1741 233 317 1529 1675 495 510 1868 1537 1822 1675 1740 0 1299 151 941 679 730 1725 925 1582 755 568 1306 605 1305 1451 204 1522 156 1780 1517 709 455 1791 761 1550 1298 745 884 279 827 302 1526 514 1795 1724 745 1001 313 494 1272 1745 491 1764
1280 1007 948 1774 830 539 1294 425 416 921 1418 998 1018 840 937 1472 650 1275 743 694 815 624 769 874 1082 877 1750 1769 1769 1121 1488 1014 910 532 849 1727 853 918 890 532 1030 1296 0 1368 457 1033 819 582 756 963 678 861 362 959 343 257 1460 903 1412 928 898 798 1071 699 849 930 352 833 714 1496 916 1518 906 1130 652 1014 834 566 1530 1110 474 809 1108 1013
448 725 1678 452 1877 1045 462 1360 1351 1652 274 716 736 1772 1667 327 1865 443 1473 837 799 1839 1984 858 538 1607 428 447 447 1851 344 389 1640 1747 567 404 1979 1648 1933 1747 1851 151 1371 0 1013 751 802 1797 997 1693 827 640 1378 677 1377 1523 315 1633 267 1891 1628 781 527 1902 832 1660 1370 816 956 173 899 196 1636 586 1867 1835 817 1073 207 566 1343 1856 563 1875
925 652 799 1349 997 95 939 763 754 772 1063 643 663 892 787 1109 1000 920 594 338 460 974 1119 519 727 727 1325 1345 1345 972 1074 659 760 882 494 1302 1099 769 1054 882 971 941 454 1013 0 678 464 932 401 814 323 506 712 604 693 606 1096 753 1057 1011 748 443 716 1023 494 781 702 478 359 1141 561 1163 757 775 1002 955 479 123 1175 755 747 976 753 995
564 85 1075 833 1273 692 530 1025 1017 1048 722 131 110 1168 1063 593 1494 568 870 502 460 1504 1474 454 333 1003 809 829 829 1248 558 397 1036 1412 216 786 1375 1044 1329 1412 1247 679 1036 751 678 0 464 1462 598 1089 492 197 1043 200 1042 1188 580 1029 620 1287 1024 442 322 1298 394 1057 1035 478 578 845 411 754 1033 400 1532 1231 479 704 901 417 1009 1252 359 1271
714 441 1042 1058 1241 496 728 811 802 1015 853 432 453 1136 1031 818 1316 709 837 288 52 1290 1435 132 516 971 1034 1054 1054 1215 783 448 1004 1198 283 1011 1343 1012 1297 1198 1215 730 822 802 464 464 0 1248 448 1057 278 295 829 393 827 974 805 997 844 1255 992 38 505 1266 107 1024 821 49 407 930 174 952 1000 564 1318 1199 54 524 964 545 794 1220 542 1239
1709 1436 611 2093 370 1016 1723 541 533 584 1847 1426 1447 380 679 1852 182 1704 697 1122 1244 131 207 1303 1511 539 2069 2089 2088 864 1818 1443 572 285 1278 2046 290 581 327 318 467 1725 582 1797 935 1462 1248 0 1184 626 1107 1290 479 1388 460 442 1840 565 1841 366 560 1226 1500 239 1278 593 469 1262 1143 1924 1345 1947 569 1559 186 451 1263 1044 1959 1539 591 348 1537 450
909 634 911 1192 1110 420 889 748 739 884 1048 627 633 1005 900 951 1253 904 706 219 445 1227 1310 504 711 840 1168 1188 1187 1084 917 643 873 1134 478 1145 1212 881 1166 1135 1084 925 759 997 401 598 448 1184 0 926 204 490 765 588 764 910 939 866 978 1124 861 427 701 1135 478 893 758 462 81 1125 513 1112 869 760 1254 1068 463 432 1159 740 731 1089 737 1108
1414 1125 62 1684 400 751 1381 1045 1036 71 1573 1147 1125 295 547 1443 621 1418 287 990 1054 668 740 1048 1292 108 1660 1679 1679 731 1409 1382 101 821 1217 1637 823 91 813 821 731 1582 963 1693 814 1089 1057 626 926 0 975 1213 983 1216 963 946 1431 92 1470 771 113 1036 1255 426 987 80 972 1071 907 1696 1005 1604 96 1315 794 715 1072 763 1752 1346 1094 379 1318 755
739 466 960 1233 1159 355 753 670 661 933 877 457 477 1053 948 931 1175 734 755 86 274 1149 1294 334 541 888 1209 1229 1228 1133 948 473 921 1057 308 1186 1260 930 1215 1057 1133 755 681 827 323 492 278 1107 204 975 0 320 688 418 687 833 919 914 871 1172 909 257 530 1184 308 942 680 292 162 955 375 977 918 589 1177 1116 293 383 989 569 653 1138 567 1157
552 170 1198 952 1397 538 566 853 844 1171 690 161 182 1292 1187 711 1358 547 993 330 292 1332 1477 351 256 1127 928 948 947 1371 677 286 1160 1240 105 905 1499 1168 1453 1240 1371 568 864 640 506 197 295 1290 490 1213 320 0 871 123 869 1016 699 1153 684 1411 1148 274 245 1407 325 1180 863 309 449 768 392 790 1156 322 1360 1355 310 566 802 340 836 1376 281 1395
1290 1017 968 1784 727 796 1304 122 114 941 1428 1007 1028 737 1139 1482 547 1285 1001 703 825 521 666 884 1092 896 1760 1779 1779 1075 1498 1024 929 429 859 1737 749 938 787 429 927 1306 362 1378 715 1043 829 479 765 983 688 871 0 969 59 222 1469 922 1422 825 917 807 1081 596 859 950 52 843 724 1505 926 1528 926 1140 549 911 844 824 1540 1120 172 706 1117 910
589 174 1201 917 1400 636 603 951 942 1175 727 165 185 1295 1190 677 1456 583 996 428 390 1430 1575 449 221 1130 893 913 913 1374 642 323 1163 1338 141 870 1502 1171 1456 1338 1374 605 962 677 604 200 393 1388 588 1216 418 123 969 0 967 1114 664 1156 703 1414 1151 372 210 1425 423 1183 961 407 547 804 490 827 1159 287 1458 1358 408 664 839 305 934 1379 246 1398
1289 1015 949 1783 707 777 1303 121 112 922 1427 1006 1027 718 1119 1481 528 1283 982 702 824 502 647 883 1091 877 1759 1778 1778 1055 1497 1023 910 410 858 1735 730 918 767 410 907 1305 343 1377 695 1042 827 460 764 963 687 869 59 967 0 203 1468 903 1421 806 898 806 1080 577 858 931 48 842 723 1504 925 1527 907 1139 530 891 842 805 1538 1119 170 686 1116 891
1432 1159 931 1926 690 690 1446 285 276 904 1570 1149 1170 700 1089 1624 510 1427 895 845 967 484 629 1026 1234 859 1902 1921 1921 1038 1640 1166 892 392 1001 1879 712 901 750 392 890 1448 257 1520 609 1185 971 442 907 946 830 1013 222 1111 203 0 1611 885 1564 788 880 949 1223 559 1001 913 212 985 866 1647 1068 1670 889 1282 512 873 986 718 1682 1262 334 668 1259 873
368 616 1416 458 1615 1034 335 1452 1443 1389 194 638 616 1510 1405 65 1835 372 1211 928 802 1882 1815 796 523 1345 434 454 453 1589 81 480 1377 1838 658 411 1716 1386 1671 1839 1589 204 1463 315 1096 580 805 1840 939 1431 919 699 1469 664 1468 1614 0 1371 92 1629 1366 784 486 1640 735 1398 1462 819 920 443 753 378 1374 545 1958 1573 820 1046 477 577 1435 1594 549 1613
1354 1065 78 1624 340 691 1320 985 976 51 1512 1087 1065 235 487 1383 560 1358 227 930 993 607 679 987 1232 47 1600 1619 1619 671 1349 1322 80 761 1157 1576 763 47 753 761 671 1522 903 1633 753 1029 997 565 866 92 914 1153 922 1156 903 885 1371 0 1410 711 69 976 1195 365 927 60 912 1011 846 1636 944 1544 36 1254 734 655 1012 703 1692 1286 1034 319 1258 695
408 656 1455 497 1654 1073 374 1404 1395 1429 147 677 655 1549 1444 104 1874 412 1250 881 841 1883 1854 835 562 1384 473 493 493 1628 121 433 1417 1791 611 450 1756 1425 1710 1791 1628 156 1415 267 1057 620 844 1841 978 1470 871 684 1422 703 1421 1567 92 1410 0 1668 1405 823 525 1679 774 1437 1414 859 959 395 792 418 1413 584 1911 1612 859 1085 429 610 1387 1633 588 1652
1612 1323 756 1882 643 949 1578 888 879 729 1771 1345 1323 653 343 1641 298 1616 551 1188 1251 324 217 1246 1490 685 1858 1877 1877 528 1607 1580 718 478 1415 1835 118 726 72 512 132 1780 928 1891 1011 1287 1255 366 1124 771 1172 1411 825 1414 806 788 1629 711 1668 0 706 1234 1453 512 1185 738 815 1269 1105 1894 1203 1802 714 1512 379 115 1270 961 1950 1544 937 622 1516 115
1349 1060 114 1619 335 686 1315 980 971 87 1508 1082 1060 230 482 1378 555 1353 222 925 988 602 675 983 1227 43 1595 1614 1614 666 1344 1317 76 756 1152 1571 758 84 748 756 666 1517 898 1628 748 1024 992 560 861 113 909 1148 917 1151 898 880 1366 69 1405 706 0 971 1190 360 922 96 907 1006 842 1631 940 1539 72 1249 729 650 1007 698 1687 1281 1029 314 1253 690
693 420 1021 1037 1220 475 707 790 781 994 831 411 431 1115 1010 796 1294 688 816 266 34 1268 1414 111 495 949 1013 1032 1032 1194 762 427 982 1176 262 990 1321 991 1276 1177 1194 709 801 781 443 442 38 1226 427 1036 257 274 807 372 806 952 784 976 823 1234 971 0 484 1245 86 1003 800 52 385 909 152 931 979 543 1296 1178 53 503 943 523 773 1199 521 1218
439 296 1241 739 1439 748 436 1063 1054 1214 577 287 307 1334 1229 498 1568 434 1036 540 502 1542 1640 561 48 1169 715 734 734 1414 464 173 1202 1450 264 692 1541 1210 1495 1450 1413 455 1074 527 716 322 505 1500 701 1255 530 245 1081 210 1080 1226 486 1195 525 1453 1190 484 0 1464 536 1223 1073 520 659 655 577 659 1199 88 1570 1397 520 776 689 119 1047 1418 74 1437
1623 1335 411 1893 169 960 1590 659 650 384 1782 1356 1334 180 756 1652 234 1627 497 1199 1263 281 353 1257 1501 339 1869 1888 1888 941 1618 1560 372 435 1395 1846 437 381 474 435 614 1791 699 1902 1023 1298 1266 239 1135 426 1184 1407 596 1425 577 559 1640 365 1679 512 360 1245 1464 0 1196 393 586 1280 1116 1905 1214 1813 369 1524 408 598 1281 972 1961 1556 708 148 1527 597
719 430 972 988 1171 526 685 841 832 946 877 451 429 1066 961 748 1346 723 767 318 103 1320 1371 98 547 901 964 984 984 1145 713 478 934 1228 313 941 1273 942 1227 1228 1145 761 852 832 494 394 107 1278 478 987 308 325 859 423 858 1004 735 927 774 1185 922 86 536 1196 0 954 851 121 437 960 104 909 930 595 1348 1129 122 554 994 575 825 1150 572 1169
1381 1093 65 1651 368 718 1348 1012 1003 38 1540 1114 1092 262 514 1411 588 1386 255 957 1021 635 707 1015 1260 75 1627 1647 1647 699 1376 1349 108 789 1184 1604 790 75 781 789 698 1550 930 1660 781 1057 1024 593 893 80 942 1180 950 1183 931 913 1398 60 1437 738 96 1003 1223 393 954 0 940 1039 874 1663 972 1572 63 1282 761 682 1039 730 1719 1314 1062 347 1285 722
1282 1009 958 1776 716 786 1296 115 106 931 1420 1000 1021 727 1128 1474 537 1277 991 696 817 511 656 877 1084 886 1752 1772 1771 1064 1491 1016 919 419 851 1729 739 927 776 419 916 1298 352 1370 704 1035 821 469 758 972 680 863 52 961 48 212 1462 912 1414 815 907 800 1073 586 851 940 0 835 716 1498 918 1520 916 1132 539 900 836 814 1532 1112 164 695 1110 900
729 455 1056 1072 1255 510 743 825 816 1030 867 446 467 1150 1045 832 1330 723 851 302 58 1304 1449 146 530 985 1048 1068 1068 1230 797 462 1018 1212 297 1025 1357 1026 1311 1212 1229 745 836 816 478 478 49 1262 462 1071 292 309 843 407 842 988 819 1011 859 1269 1006 52 520 1280 121 1039 835 0 421 944 188 967 1015 579 1332 1213 40 538 978 559 808 1234 556 1253
868 594 892 1173 1091 391 870 706 697 865 1006 585 606 986 881 932 1211 862 687 177 403 1185 1291 462 670 820 1149 1168 1168 1065 898 602 853 1093 437 1126 1192 862 1147 1093 1065 884 717 956 359 578 407 1143 81 907 162 449 724 547 723 869 920 846 959 1105 842 385 659 1116 437 874 716 421 0 1083 494 1093 850 718 1213 1049 422 413 1118 698 689 1070 695 1089
576 852 1681 507 1880 1173 590 1488 1479 1654 401 843 864 1775 1670 455 1992 570 1476 964 926 1966 2080 985 665 1609 483 502 502 1854 448 516 1642 1874 694 460 1981 1651 1936 1875 1854 279 1499 173 1141 845 930 1924 1125 1696 955 768 1505 804 1504 1650 443 1636 395 1894 1631 909 655 1905 960 1663 1498 944 1083 0 1018 149 1639 713 1994 1838 945 1201 292 694 1471 1859 691 1878
736 448 990 1006 1189 593 703 908 899 963 895 469 447 1084 979 765 1409 740 785 385 170 1387 1389 164 613 918 982 1001 1001 1163 731 545 951 1295 380 959 1290 960 1245 1295 1163 827 919 899 561 411 174 1345 513 1005 375 392 926 490 925 1071 753 944 792 1203 940 152 577 1214 104 972 918 188 494 1018 0 926 948 637 1415 1147 189 620 1061 642 891 1168 639 1187
542 790 1589 415 1788 1195 508 1510 1501 1563 424 811 789 1683 1578 391 2008 546 1384 987 949 1989 1989 969 688 1518 391 411 411 1763 356 539 1551 1897 717 368 1890 1559 1844 1897 1762 302 1521 196 1163 754 952 1947 1112 1604 977 790 1528 827 1527 1673 378 1544 418 1802 1539 931 659 1813 909 1572 1520 967 1093 149 926 0 1548 719 2017 1746 967 1219 314 716 1494 1767 714 1786
1357 1069 81 1627 344 694 1324 988 979 54 1516 1090 1068 238 490 1387 564 1362 231 933 997 611 683 991 1236 51 1603 1623 1623 675 1352 1325 84 765 1160 1580 766 51 757 765 674 1526 906 1636 757 1033 1000 569 869 96 918 1156 926 1159 907 889 1374 36 1413 714 72 979 1199 369 930 63 916 1015 850 1639 948 1548 0 1258 737 658 1015 706 1695 1290 1038 323 1261 698
498 373 1300 798 1499 807 495 1122 1113 1273 636 364 385 1393 1289 558 1627 493 1095 599 561 1601 1699 620 125 1228 774 794 794 1473 523 232 1261 1509 329 751 1600 1270 1555 1509 1473 514 1133 586 775 400 564 1559 760 1315 589 322 1140 287 1139 1285 545 1254 584 1512 1249 543 88 1524 595 1282 1132 579 718 713 637 719 1258 0 1629 1456 579 835 748 60 1106 1478 151 1497
1779 1505 779 2231 538 1086 1793 611 602 753 1917 1496 1517 549 692 1971 195 1773 865 1192 1314 144 220 1373 1581 708 2206 2226 2226 762 1955 1513 741 173 1348 2183 303 749 340 207 480 1795 652 1867 1004 1532 1318 186 1254 794 1177 1360 549 1458 530 512 1958 734 1911 379 729 1296 1570 408 1348 761 539 1332 1213 1994 1415 2017 737 1629 0 464 1333 1114 2029 1609 661 517 1606 463
1556 1267 700 1826 728 893 1522 973 964 673 1715 1289 1267 739 288 1585 384 1560 495 1132 1195 409 302 1190 1434 629 1802 1821 1821 472 1551 1524 662 563 1359 1779 203 670 158 597 48 1724 1014 1835 955 1231 1199 451 1068 715 1116 1355 911 1358 891 873 1573 655 1612 115 650 1178 1397 598 1129 682 900 1213 1049 1838 1147 1746 658 1456 464 0 1214 905 1894 1488 1022 707 1460 99
729 456 1057 1073 1256 511 743 826 817 1030 868 447 468 1151 1046 833 1331 724 852 303 64 1305 1450 147 531 986 1049 1069 1069 1230 798 463 1019 1213 298 1026 1358 1027 1312 1213 1230 745 837 817 479 479 54 1263 463 1072 293 310 844 408 842 989 820 1012 859 1270 1007 53 520 1281 122 1039 836 40 422 945 189 967 1015 579 1333 1214 0 539 979 560 809 1235 557 1254
985 712 748 1299 947 60 995 823 814 721 1123 703 723 842 737 1058 1109 980 543 399 520 1083 1147 579 787 677 1275 1294 1294 921 1024 719 710 991 554 1252 1049 718 1003 991 921 1001 564 1073 123 704 524 1041 432 763 383 566 821 664 802 715 1046 703 1085 961 698 503 776 972 554 730 811 538 413 1201 620 1219 706 835 1111 905 539 0 1235 815 807 926 813 945
610 886 1737 263 1936 1207 624 1522 1513 1710 436 877 898 1831 1726 489 2027 604 1532 999 961 2001 2136 1020 699 1666 239 259 259 1910 504 551 1699 1909 729 216 2038 1707 1992 1909 1910 313 1533 207 1175 901 964 1959 1159 1752 989 802 1540 839 1538 1685 477 1692 429 1950 1687 943 689 1961 994 1719 1532 978 1118 292 1061 314 1695 748 2029 1894 979 1235 0 728 1505 1915 725 1934
478 390 1332 830 1530 787 492 1102 1093 1305 616 381 402 1425 1320 589 1607 473 1127 579 541 1581 1726 600 143 1260 806 825 825 1505 555 212 1293 1489 309 783 1632 1301 1587 1489 1504 494 1113 566 755 417 545 1539 740 1346 569 340 1120 305 1119 1265 577 1286 610 1544 1281 523 119 1556 575 1314 1112 559 698 694 642 716 1290 60 1609 1488 560 815 728 0 1086 1509 168 1528
1255 982 1079 1749 838 779 1270 154 145 1053 1394 973 994 849 1250 1447 659 1250 1113 669 791 633 778 850 1057 1008 1725 1745 1745 1186 1464 989 1041 541 824 1702 861 1049 898 541 1038 1272 474 1343 747 1009 794 591 731 1094 653 836 172 934 170 334 1435 1034 1387 937 1029 773 1047 708 825 1062 164 808 689 1471 891 1494 1038 1106 661 1022 809 807 1505 1086 0 817 1083 1022
1577 1288 364 1847 38 914 1543 768 759 338 1736 1310 1288 134 710 1606 344 1581 450 1153 1217 391 463 1211 1455 293 1823 1842 1842 894 1572 1545 326 544 1380 1800 546 334 583 544 723 1745 809 1856 976 1252 1220 348 1089 379 1138 1376 706 1379 686 668 1594 319 1633 622 314 1199 1418 148 1150 347 695 1234 1070 1859 1168 1767 323 1478 517 707 1235 926 1915 1509 817 0 1481 706
475 332 1303 802 1502 785 490 1100 1091 1276 614 323 344 1397 1292 561 1605 470 1098 576 538 1579 1702 597 41 1232 778 797 797 1476 527 209 1265 1486 300 754 1604 1273 1558 1487 1476 491 1111 563 753 359 542 1537 737 1318 567 281 1117 246 1116 1263 549 1258 588 1516 1253 521 74 1527 572 1285 1110 556 695 691 639 714 1261 151 1606 1460 557 813 725 168 1083 1481 0 1500
1596 1307 740 1866 727 933 1562 972 963 713 1755 1329 1307 738 328 1625 383 1600 535 1172 1235 409 301 1230 1474 669 1842 1861 1861 512 1591 1564 702 563 1399 1819 202 710 157 596 116 1764 1013 1875 995 1271 1239 450 1108 755 1157 1395 910 1398 891 873 1613 695 1652 115 690 1218 1437 597 1169 722 900 1253 1089 1878 1187 1786 698 1497 463 99 1254 945 1934 1528 1022 706 1500 0
EOF