NAME : tsp_problem
TYPE : TSP
DIMENSION : 50
EDGE_WEIGHT_TYPE : EXPLICIT
EDGE_WEIGHT_FORMAT : FULL_MATRIX
EDGE_WEIGHT_SECTION
0 1610 1633 925 871 506 2039 1243 1623 769 1468 1582 1604 1951 1425 751 1679 1118 1545 534 1030 530 580 263 605 1049 508 1381 1428 2152 1289 340 2145 1413 1866 1074 1299 2115 1353 235 582 611 917 1394 992 2157 786 923 784 998
1610 0 192 1293 919 1163 682 702 102 1460 399 141 19 595 219 1443 238 671 188 1720 699 1187 1596 1599 1631 698 1165 574 225 720 495 1343 713 607 495 1013 758 683 783 1627 1659 1033 1316 588 657 724 1478 792 1476 932
1633 192 0 1197 943 1187 706 726 206 1365 423 115 186 529 243 1347 99 695 212 1625 723 1211 1500 1622 1535 721 1189 598 249 624 519 1367 617 631 400 917 744 587 688 1650 1563 1056 1221 612 681 628 1382 815 1380 955
925 1293 1197 0 578 1069 1556 809 1306 292 1071 1216 1287 1360 1185 274 1187 879 1305 463 719 1093 427 802 374 738 1071 892 1188 1455 947 867 1448 925 1230 314 780 1418 724 821 402 1067 59 906 752 1459 309 629 307 538
869 919 943 578 0 755 1348 552 933 745 777 891 913 1261 734 728 989 428 854 1006 340 779 881 858 916 358 757 690 737 1445 598 565 1438 723 1176 409 608 1408 662 886 944 624 601 704 301 1449 763 178 761 223
506 1163 1187 1069 755 0 1592 797 1177 999 1022 1135 1158 1505 979 981 1233 672 1098 935 584 66 810 495 1007 603 44 934 981 1706 843 239 1699 967 1420 954 853 1669 906 523 983 164 1093 948 545 1710 1016 628 1014 768
2039 682 706 1556 1348 1592 0 1131 696 1724 828 654 677 490 648 1706 716 1100 617 1984 1128 1616 1859 2028 1894 1127 1594 957 654 287 924 1772 280 990 579 1276 1103 250 1047 2056 1922 1462 1580 971 1086 292 1741 1221 1739 1361
1243 702 726 809 552 797 1131 0 716 977 560 674 697 935 517 959 763 186 637 1237 333 821 1112 1232 1147 331 799 467 520 1030 381 976 1023 500 805 529 150 993 204 1260 1175 666 833 481 290 1034 994 425 992 565
1623 102 206 1306 933 1177 696 716 0 1474 413 154 97 609 233 1457 252 685 202 1734 713 1201 1610 1613 1645 712 1179 588 239 733 509 1357 727 621 509 1026 772 697 797 1640 1673 1046 1330 602 671 738 1492 806 1489 946
769 1460 1365 292 745 999 1724 977 1474 0 1239 1384 1455 1528 1353 63 1355 1047 1473 720 887 1023 238 613 630 906 1001 1060 1356 1623 1115 833 1616 1093 1398 482 948 1586 892 640 658 1104 316 1074 920 1627 57 797 54 706
1468 399 423 1071 777 1022 828 560 413 1239 0 371 394 680 215 1221 469 530 334 1499 558 1046 1374 1457 1409 556 1023 300 217 774 221 1201 767 333 550 791 616 737 562 1485 1437 891 1094 314 515 779 1256 650 1254 790
1582 141 115 1216 891 1135 654 674 154 1384 371 0 135 548 191 1366 162 643 160 1644 671 1159 1519 1571 1554 670 1137 546 197 643 467 1315 636 579 418 936 730 606 707 1599 1582 1005 1240 560 629 647 1401 764 1399 904
1604 19 186 1287 913 1158 677 697 97 1455 394 135 0 589 213 1437 232 666 183 1715 694 1182 1590 1593 1625 692 1159 569 219 714 489 1337 707 602 489 1007 752 677 778 1621 1653 1027 1311 583 651 718 1472 786 1470 926
1951 595 529 1360 1261 1505 490 935 609 1528 680 548 589 0 561 1510 520 1013 530 1788 1041 1529 1663 1940 1698 1039 1507 761 567 391 815 1684 384 794 383 1080 907 354 851 1968 1726 1374 1384 775 999 395 1545 1133 1543 1199
1425 219 243 1185 734 979 648 517 233 1353 215 191 213 561 0 1336 289 487 154 1613 515 1003 1489 1414 1524 513 980 390 40 762 310 1158 755 423 476 920 573 725 627 1442 1552 848 1209 404 472 766 1371 607 1368 747
751 1443 1347 274 728 981 1706 959 1457 63 1221 1366 1437 1510 1336 0 1338 1029 1455 702 869 1005 221 595 612 888 983 1042 1338 1605 1097 815 1598 1075 1380 464 930 1568 875 623 641 1086 298 1056 902 1609 81 779 78 689
1679 238 99 1187 989 1233 716 763 252 1355 469 162 232 520 289 1338 0 741 258 1615 769 1257 1491 1668 1526 768 1235 589 295 615 565 1413 608 621 390 907 734 578 678 1696 1554 1102 1211 602 727 619 1373 861 1370 1002
1118 671 695 879 428 672 1100 186 685 1047 530 643 666 1013 487 1029 741 0 607 1307 208 696 1182 1107 1217 206 674 442 489 1121 351 852 1115 475 897 620 241 1085 295 1135 1245 541 903 456 166 1126 1064 300 1062 440
1545 188 212 1305 854 1098 617 637 202 1473 334 160 183 530 154 1455 258 607 0 1733 634 1122 1609 1534 1643 633 1100 509 160 731 430 1278 724 542 445 1032 693 694 747 1562 1672 968 1329 523 592 735 1491 727 1488 867
534 1720 1625 463 1006 935 1984 1237 1734 720 1499 1644 1715 1788 1613 702 1615 1307 1733 0 1147 959 690 459 144 1166 937 1320 1616 1883 1375 769 1876 1353 1658 742 1208 1846 1152 430 121 1039 456 1334 1180 1887 737 1057 735 966
1030 699 723 719 340 584 1128 333 713 887 558 671 694 1041 515 869 769 208 634 1147 0 608 1023 1019 1057 54 586 470 517 1205 379 763 1199 503 956 439 389 1168 442 1047 1086 453 743 484 72 1210 905 212 902 352
530 1187 1211 1093 779 66 1616 821 1201 1023 1046 1159 1182 1529 1003 1005 1257 696 1122 959 608 0 834 519 1030 626 68 958 1005 1730 866 263 1723 991 1444 978 877 1693 930 547 1007 188 1117 972 569 1734 1040 652 1038 792
580 1596 1500 427 881 810 1859 1112 1610 238 1374 1519 1590 1663 1489 221 1491 1182 1609 690 1023 834 0 424 762 1041 812 1195 1491 1758 1250 644 1751 1228 1534 617 1084 1721 1028 452 739 915 451 1209 1056 1762 256 932 254 842
263 1599 1622 802 860 495 2028 1232 1613 613 1457 1571 1593 1940 1414 595 1668 1107 1534 459 1019 519 424 0 530 1038 497 1370 1417 2132 1278 329 2125 1403 1855 991 1288 2095 1342 137 507 600 825 1384 981 2137 630 912 628 987
605 1631 1535 374 916 1007 1894 1147 1645 630 1409 1554 1625 1698 1524 612 1526 1217 1643 144 1057 1030 762 530 0 1076 1008 1230 1526 1793 1285 841 1786 1263 1568 652 1118 1756 1063 502 83 1111 366 1244 1090 1797 648 967 645 877
1049 698 721 738 358 603 1127 331 712 906 556 670 692 1039 513 888 768 206 633 1166 54 626 1041 1038 1076 0 604 469 516 1224 377 782 1217 502 955 458 387 1187 441 1066 1104 472 762 483 90 1228 923 231 921 371
508 1165 1189 1071 757 44 1594 799 1179 1001 1023 1137 1159 1507 980 983 1235 674 1100 937 586 68 812 497 1008 604 0 936 983 1708 844 241 1701 969 1422 956 854 1671 908 525 985 166 1095 950 547 1712 1018 630 1016 770
1381 574 598 892 690 934 957 467 588 1060 300 546 569 761 390 1042 589 442 509 1320 470 958 1195 1370 1230 469 936 0 392 856 120 1114 849 61 631 612 438 819 383 1397 1258 803 916 54 428 860 1077 563 1075 703
1428 225 249 1188 737 981 654 520 239 1356 217 197 219 567 40 1338 295 489 160 1616 517 1005 1491 1417 1526 516 983 392 0 768 313 1161 761 425 482 923 576 731 630 1444 1554 850 1212 406 475 772 1373 610 1371 750
2152 720 624 1455 1445 1706 287 1030 733 1623 774 643 714 391 762 1605 615 1121 731 1883 1205 1730 1758 2132 1793 1224 1708 856 768 0 910 1885 74 889 477 1175 1001 74 946 2160 1821 1575 1478 870 1200 102 1640 1334 1638 1294
1289 495 519 947 598 843 924 381 509 1115 221 467 489 815 310 1097 565 351 430 1375 379 866 1250 1278 1285 377 844 120 313 910 0 1022 903 153 685 667 437 873 438 1306 1314 712 971 134 336 914 1133 471 1130 611
340 1343 1367 867 568 239 1772 976 1357 833 1201 1315 1337 1684 1158 815 1413 852 1278 769 763 263 644 329 841 782 241 1114 1161 1885 1022 0 1879 1147 1600 771 1032 1849 1086 357 818 344 890 1128 725 1890 850 620 848 695
2145 713 617 1448 1438 1699 280 1023 727 1616 767 636 707 384 755 1598 608 1115 724 1876 1199 1723 1751 2125 1786 1217 1701 849 761 74 903 1879 0 882 471 1168 994 64 939 2153 1814 1568 1472 863 1193 56 1633 1327 1631 1287
1413 607 631 925 723 967 990 500 621 1093 333 579 602 794 423 1075 621 475 542 1353 503 991 1228 1403 1263 502 969 61 425 889 153 1147 882 0 664 645 471 852 416 1430 1291 836 949 45 461 893 1110 596 1108 736
1866 495 400 1230 1176 1420 579 805 509 1398 550 418 489 383 476 1380 390 897 445 1658 956 1444 1534 1855 1568 955 1422 631 482 477 685 1600 471 664 0 950 777 441 721 1883 1597 1289 1254 645 914 482 1416 1048 1413 1070
1074 1013 917 314 409 954 1276 529 1026 482 791 936 1007 1080 920 464 907 620 1032 742 439 978 617 991 652 458 956 612 923 1175 667 771 1168 645 950 0 500 1138 444 1019 680 823 338 626 476 1179 499 354 497 258
1299 758 744 780 608 853 1103 150 772 948 616 730 752 907 573 930 734 241 693 1208 389 877 1084 1288 1118 387 854 438 576 1001 437 1032 994 471 777 500 0 964 175 1316 1147 722 804 452 346 1006 966 481 963 620
2115 683 587 1418 1408 1669 250 993 697 1586 737 606 677 354 725 1568 578 1085 694 1846 1168 1693 1721 2095 1756 1187 1671 819 731 74 873 1849 64 852 441 1138 964 0 909 2123 1784 1538 1442 833 1163 79 1603 1297 1601 1257
1353 783 688 724 662 906 1047 204 797 892 562 707 778 851 627 875 678 295 747 1152 442 930 1028 1342 1063 441 908 383 630 946 438 1086 939 416 721 444 175 909 0 1369 1091 775 748 397 400 950 910 535 907 564
235 1627 1650 821 888 523 2056 1260 1640 640 1485 1599 1621 1968 1442 623 1696 1135 1562 430 1047 547 452 137 502 1066 525 1397 1444 2160 1306 357 2153 1430 1883 1019 1316 2123 1369 0 479 628 814 1411 1009 2164 658 940 656 1015
582 1659 1563 402 944 983 1922 1175 1673 658 1437 1582 1653 1726 1552 641 1554 1245 1672 121 1086 1007 739 507 83 1104 985 1258 1554 1821 1314 818 1814 1291 1597 680 1147 1784 1091 479 0 1088 394 1272 1119 1825 676 995 673 905
611 1033 1056 1070 624 164 1462 666 1046 1104 891 1005 1027 1374 848 1086 1102 541 968 1039 453 188 915 600 1111 472 166 803 850 1575 712 344 1568 836 1289 823 722 1538 775 628 1088 0 1094 817 415 1579 1121 497 1119 637
917 1316 1221 59 601 1093 1580 833 1330 316 1094 1240 1311 1384 1209 298 1211 903 1329 456 743 1117 451 825 366 762 1095 916 1212 1478 971 890 1472 949 1254 338 804 1442 748 814 394 1091 0 930 776 1483 333 653 331 562
1394 588 612 906 704 948 971 481 602 1074 314 560 583 775 404 1056 602 456 523 1334 484 972 1209 1384 1244 483 950 54 406 870 134 1128 863 45 645 626 452 833 397 1411 1272 817 930 0 442 874 1091 577 1089 717
992 657 681 752 301 545 1086 290 671 920 515 629 651 999 472 902 727 166 592 1180 72 569 1056 981 1090 90 547 428 475 1200 336 725 1193 461 914 476 346 1163 400 1009 1119 415 776 442 0 1204 938 174 935 314
2157 724 628 1459 1449 1710 292 1034 738 1627 779 647 718 395 766 1609 619 1126 735 1887 1210 1734 1762 2137 1797 1228 1712 860 772 102 914 1890 56 893 482 1179 1006 79 950 2164 1825 1579 1483 874 1204 0 1644 1339 1642 1298
786 1478 1382 309 763 1016 1741 994 1492 57 1256 1401 1472 1545 1371 81 1373 1064 1491 737 905 1040 256 630 648 923 1018 1077 1373 1640 1133 850 1633 1110 1416 499 966 1603 910 658 676 1121 333 1091 938 1644 0 814 72 724
920 792 815 629 178 628 1221 425 806 797 650 764 786 1133 607 779 861 300 727 1057 212 652 932 909 967 231 630 563 610 1334 471 617 1327 596 1048 354 481 1297 535 937 995 497 653 577 174 1339 814 0 812 168
784 1476 1380 307 761 1014 1739 992 1489 54 1254 1399 1470 1543 1368 78 1370 1062 1488 735 902 1038 254 628 645 921 1016 1075 1371 1638 1130 848 1631 1108 1413 497 963 1601 907 656 673 1119 331 1089 935 1642 72 812 0 721
995 932 955 538 223 768 1361 565 946 706 790 904 926 1199 747 689 1002 440 867 966 352 792 842 984 877 371 770 703 750 1294 611 692 1287 736 1070 258 620 1257 564 1012 905 637 562 717 314 1298 724 168 721 0
EOF