NAME : tsp_problem
TYPE : TSP
DIMENSION : 80
EDGE_WEIGHT_TYPE : EXPLICIT
EDGE_WEIGHT_FORMAT : FULL_MATRIX
EDGE_WEIGHT_SECTION
0 695 494 100 685 740 1134 303 1340 848 1193 991 1052 1207 714 952 1246 52 942 1163 929 549 673 1330 937 581 82 238 1055 539 125 1143 1117 1321 660 475 1080 1286 42 1210 385 1346 665 1167 1063 940 1026 571 928 702 1245 1000 1148 1074 411 697 1513 757 801 928 424 1162 1084 501 693 150 732 917 940 670 854 653 940 347 1304 827 421 650 293 1154
695 0 395 724 352 102 1553 939 1941 211 1611 1410 1471 1823 1362 1371 1780 722 423 1582 1348 497 425 1864 382 1002 752 887 500 542 795 1562 1536 1969 411 894 1499 1747 703 1629 804 1947 417 1586 508 1359 1445 535 373 326 1879 1648 1567 519 572 356 1932 1176 1449 1347 586 1581 529 491 445 665 357 1336 464 337 1502 405 385 658 1723 1452 875 486 694 1802
494 395 0 523 428 440 1352 612 1650 548 1410 1209 1270 1516 1023 1170 1555 520 678 1381 1147 158 455 1640 637 801 551 548 755 203 521 1361 1335 1630 441 692 1298 1546 501 1428 603 1656 447 1385 763 1158 1244 196 628 402 1554 1309 1366 774 371 431 1731 975 1110 1146 384 1380 784 282 475 463 433 1134 721 413 1163 435 640 319 1522 1136 674 432 355 1463
100 724 523 0 757 769 1164 378 1415 878 1222 1021 1082 1282 789 982 1321 127 1008 1193 959 624 748 1405 966 612 157 314 1085 614 200 1173 1146 1396 735 504 1110 1357 108 1239 414 1421 740 1197 1093 970 1056 647 958 731 1320 1075 1178 1103 440 760 1543 787 876 958 453 1192 1114 576 768 179 762 946 1015 742 929 728 970 422 1334 902 486 725 368 1229
685 352 428 757 0 397 1586 682 1720 421 1644 1443 1504 1586 1093 1404 1625 673 506 1615 1381 401 152 1710 523 960 703 618 658 391 591 1595 1568 1700 139 926 1532 1666 689 1662 836 1726 144 1619 666 1392 1478 423 586 72 1624 1379 1600 676 605 42 1894 1209 1181 1380 618 1614 687 219 172 697 78 1368 504 61 1233 132 508 522 1756 1179 800 214 476 1533
740 102 440 769 397 0 1598 930 1967 186 1657 1455 1516 1834 1341 1416 1825 767 441 1627 1393 542 470 1909 427 1047 797 865 545 587 839 1607 1581 1948 456 939 1544 1792 748 1674 849 1973 462 1631 553 1404 1490 580 418 372 1872 1627 1612 564 617 401 1977 1221 1428 1392 631 1626 574 466 490 710 402 1381 439 382 1481 450 430 703 1768 1427 920 461 723 1780
1134 1553 1352 1164 1586 1598 0 1114 419 1707 89 740 729 527 988 701 437 1161 1837 74 678 1454 1658 354 1795 907 1192 1162 1914 1500 1235 54 640 527 1645 693 77 400 1142 106 894 425 1650 78 1922 689 732 1492 1787 1560 437 832 59 1932 1269 1589 755 506 961 677 1282 73 1943 1564 1678 1104 1591 666 1960 1571 849 1638 1799 1356 200 1155 1050 1713 1356 1138
303 939 612 378 682 930 1114 0 1157 855 1172 971 1032 1024 531 931 1063 291 939 1142 908 546 671 1147 957 398 321 92 1091 536 187 1123 1096 1138 657 454 1059 1103 307 1189 247 1163 663 1147 1100 920 1006 569 1172 725 1062 817 1128 1110 516 695 1332 737 618 908 511 1141 1120 498 691 428 730 896 937 667 671 651 942 344 1283 644 134 647 290 971
1340 1941 1650 1415 1720 1967 419 1157 0 1892 422 802 577 222 664 763 210 1328 1977 462 740 1584 1708 127 1994 1141 1358 1134 2129 1574 1225 442 488 175 1695 1081 465 249 1344 439 1282 21 1700 466 2137 752 580 1606 2174 1762 113 508 447 2147 1553 1732 404 832 638 740 1548 461 2158 1536 1728 1465 1768 728 1975 1705 526 1688 1979 1382 261 831 1197 1685 1328 814
848 211 548 878 421 186 1707 855 1892 0 1765 1563 1625 1759 1266 1524 1798 845 366 1735 1501 573 410 1882 383 1133 876 791 518 563 764 1715 1689 1873 396 1047 1652 1838 856 1782 957 1898 402 1739 526 1513 1599 596 526 464 1797 1552 1721 537 726 434 2067 1330 1353 1501 739 1734 547 391 430 818 470 1489 364 406 1406 390 368 694 1876 1352 973 387 648 1706
1193 1611 1410 1222 1644 1657 89 1172 422 1765 0 798 732 530 991 759 440 1219 1895 132 736 1512 1716 357 1854 965 1250 1220 1972 1558 1293 112 643 530 1703 752 135 403 1200 57 952 428 1708 136 1980 747 735 1550 1845 1618 440 835 117 1990 1327 1648 758 564 964 736 1341 131 2001 1622 1736 1162 1649 724 2018 1629 852 1697 1857 1414 203 1158 1108 1771 1414 1141
991 1410 1209 1021 1443 1455 740 971 802 1563 798 0 301 653 1113 62 610 1018 1694 769 86 1311 1515 694 1652 764 1048 1019 1770 1356 1092 749 366 910 1502 550 686 577 999 816 751 808 1507 773 1779 73 275 1349 1643 1417 709 957 754 1789 1126 1446 1119 270 1087 85 1139 768 1799 1420 1535 961 1448 97 1817 1428 975 1495 1656 1213 797 1281 907 1570 1212 1263
1052 1471 1270 1082 1504 1516 729 1032 577 1625 732 301 0 427 888 262 384 1079 1755 772 239 1372 1576 468 1713 825 1110 1080 1832 1418 1153 752 140 685 1563 612 747 351 1060 749 812 583 1568 776 1840 251 79 1410 1705 1478 483 732 757 1850 1187 1507 899 331 861 239 1200 771 1861 1482 1596 1022 1509 227 1878 1489 750 1556 1717 1274 571 1055 968 1631 1274 1038
1207 1823 1516 1282 1586 1834 527 1024 222 1759 530 653 427 0 531 614 110 1195 1843 570 591 1450 1575 194 1861 1007 1225 1001 1995 1440 1091 550 339 330 1561 963 573 150 1211 548 1164 228 1567 574 2004 602 431 1473 2056 1629 126 375 555 2014 1420 1599 542 682 504 590 1415 569 2024 1402 1595 1331 1634 578 1841 1571 393 1555 1846 1248 370 698 1064 1551 1194 681
714 1362 1023 789 1093 1341 988 531 664 1266 991 1113 888 531 0 1074 570 702 1350 1031 1051 957 1082 654 1368 731 732 508 1503 947 598 1011 799 644 1068 886 1033 610 718 1008 684 670 1074 1035 1511 1062 891 980 1590 1136 569 341 1016 1521 927 1106 839 1117 125 1051 922 1029 1532 909 1102 839 1142 1039 1348 1078 178 1062 1353 756 830 205 571 1059 701 647
952 1371 1170 982 1404 1416 701 931 763 1524 759 62 262 614 1074 0 571 979 1654 730 84 1272 1476 655 1613 725 1009 980 1731 1317 1053 710 327 871 1463 511 647 538 960 777 712 769 1468 734 1740 71 236 1310 1604 1378 670 918 715 1750 1087 1407 1080 231 1048 75 1100 729 1760 1381 1496 922 1409 63 1778 1389 936 1456 1617 1174 758 1242 868 1530 1173 1224
1246 1780 1555 1321 1625 1825 437 1063 210 1798 440 610 384 110 570 571 0 1234 1882 480 547 1490 1614 145 1900 1047 1264 1040 2035 1479 1131 460 295 318 1600 920 483 106 1250 458 1120 216 1606 484 2043 559 387 1512 2013 1668 166 414 465 2053 1459 1638 547 639 543 547 1454 479 2064 1441 1634 1330 1674 535 1881 1610 432 1594 1885 1288 280 737 1103 1591 1233 720
52 722 520 127 673 767 1161 291 1328 845 1219 1018 1079 1195 702 979 1234 0 930 1190 956 537 661 1318 947 568 50 226 1082 527 113 1170 1144 1308 648 501 1107 1274 56 1237 412 1334 653 1194 1090 967 1053 559 955 715 1233 988 1175 1100 437 685 1502 784 789 955 451 1189 1111 489 681 176 721 943 928 657 841 641 932 335 1331 815 408 638 281 1141
942 423 678 1008 506 441 1837 939 1977 366 1895 1694 1755 1843 1350 1654 1882 930 0 1865 1631 657 494 1967 116 1217 960 875 381 647 848 1846 1819 1957 481 1177 1782 1923 946 1912 1087 1983 486 1870 389 1643 1729 680 440 548 1881 1636 1851 400 856 518 2151 1460 1437 1631 869 1864 410 476 514 948 554 1619 227 491 1490 474 101 779 2006 1436 1057 471 732 1790
1163 1582 1381 1193 1615 1627 74 1142 462 1735 132 769 772 570 1031 730 480 1190 1865 0 707 1483 1687 397 1824 936 1220 1191 1942 1528 1264 44 683 570 1674 722 105 443 1171 149 923 468 1679 21 1951 718 775 1521 1815 1589 480 875 28 1961 1298 1618 798 535 1004 706 1311 15 1971 1592 1707 1133 1620 694 1989 1600 892 1667 1828 1385 243 1198 1079 1741 1384 1181
929 1348 1147 959 1381 1393 678 908 740 1501 736 86 239 591 1051 84 547 956 1631 707 0 1249 1453 632 1590 701 986 957 1708 1294 1029 687 304 848 1439 488 624 515 937 753 689 746 1445 711 1716 95 213 1287 1581 1355 647 895 692 1727 1064 1384 1057 207 1025 93 1077 706 1737 1358 1473 899 1386 81 1754 1366 913 1433 1593 1150 734 1218 844 1507 1150 1201
549 497 158 624 401 542 1454 546 1584 573 1512 1311 1372 1450 957 1272 1490 537 657 1483 1249 0 389 1574 675 824 567 482 810 117 455 1463 1436 1564 376 794 1400 1530 553 1529 704 1590 381 1487 818 1260 1346 150 730 443 1488 1243 1468 828 364 413 1758 1077 1045 1248 359 1482 839 217 409 565 449 1236 656 385 1097 369 660 253 1624 1070 664 366 290 1397
673 425 455 748 152 470 1658 671 1708 410 1716 1515 1576 1575 1082 1476 1614 661 494 1687 1453 389 0 1698 512 948 691 606 646 379 580 1667 1641 1688 47 999 1604 1654 677 1734 901 1714 46 1691 654 1464 1550 412 658 195 1613 1368 1672 665 621 165 1882 1281 1169 1452 616 1686 675 207 81 769 200 1441 492 137 1221 41 496 510 1828 1168 789 202 464 1521
1330 1864 1640 1405 1710 1909 354 1147 127 1882 357 694 468 194 654 655 145 1318 1967 397 632 1574 1698 0 1984 1131 1349 1124 2119 1564 1215 377 380 235 1685 1004 399 184 1334 374 1205 133 1690 401 2127 643 471 1596 2097 1752 145 498 382 2137 1543 1722 463 723 628 631 1538 396 2148 1526 1718 1415 1758 619 1965 1695 516 1678 1969 1372 196 822 1187 1675 1318 804
937 382 637 966 523 427 1795 957 1994 383 1854 1652 1713 1861 1368 1613 1900 947 116 1824 1590 675 512 1984 0 1235 978 892 399 665 866 1804 1778 1975 498 1136 1741 1940 945 1871 1046 2000 504 1828 407 1601 1687 698 399 566 1899 1654 1809 417 814 536 2169 1418 1455 1589 828 1823 428 493 532 907 571 1578 245 508 1508 492 78 796 1965 1454 1075 488 750 1807
581 1002 801 612 960 1047 907 398 1138 1133 965 764 825 1005 731 725 1044 568 1217 936 701 824 948 1128 1235 0 599 375 1362 814 465 916 889 1118 935 247 852 1084 585 982 297 1144 940 940 1370 713 799 847 1235 1002 1043 746 921 1381 718 972 1286 530 818 701 731 934 1391 776 968 553 1008 689 1215 945 833 928 1219 622 1076 844 390 925 568 900
82 752 551 157 703 797 1192 321 1358 876 1250 1048 1110 1225 732 1009 1264 50 960 1220 986 567 691 1349 978 599 0 257 1112 557 144 1200 1174 1339 678 532 1137 1305 86 1267 442 1364 683 1224 1120 998 1084 590 985 745 1263 1018 1206 1131 468 715 1533 815 819 986 481 1219 1141 519 711 207 751 974 958 688 872 671 962 365 1361 845 439 668 311 1172
238 887 548 314 618 865 1162 92 1134 791 1220 1019 1080 1001 508 980 1040 226 875 1191 957 482 606 1124 892 375 257 0 1027 472 123 1171 1145 1115 593 513 1108 1080 243 1238 306 1140 598 1195 1035 968 1054 505 1115 660 1039 794 1176 1046 451 630 1309 785 595 956 446 1190 1056 434 626 363 666 944 873 603 648 586 877 280 1300 621 193 583 226 948
1055 500 755 1085 658 545 1914 1091 2129 518 1972 1770 1832 1995 1503 1731 2035 1082 381 1942 1708 810 646 2119 399 1362 1112 1027 0 800 1000 1922 1896 2109 633 1254 1859 2075 1063 1989 1164 2135 638 1946 57 1719 1805 832 217 687 2033 1788 1927 67 933 670 2292 1536 1590 1708 946 1941 57 628 666 1025 706 1696 181 643 1642 626 383 931 2083 1589 1209 623 885 1942
539 542 203 614 391 587 1500 536 1574 563 1558 1356 1418 1440 947 1317 1479 527 647 1528 1294 117 379 1564 665 814 557 472 800 0 445 1508 1482 1554 365 840 1445 1520 543 1575 750 1580 371 1532 808 1305 1391 47 776 433 1478 1233 1513 818 410 403 1748 1122 1034 1294 405 1527 829 207 399 611 439 1282 646 375 1087 359 650 299 1669 1060 654 356 329 1387
125 795 521 200 591 839 1235 187 1225 764 1293 1092 1153 1091 598 1053 1131 113 848 1264 1029 455 580 1215 866 465 144 123 1000 445 0 1244 1217 1205 566 575 1180 1171 129 1310 418 1231 572 1268 1009 1041 1127 478 1028 634 1129 884 1249 1019 425 604 1399 858 686 1029 420 1262 1029 407 600 250 639 1017 846 576 738 560 851 253 1391 711 305 556 199 1038
1143 1562 1361 1173 1595 1607 54 1123 442 1715 112 749 752 550 1011 710 460 1170 1846 44 687 1463 1667 377 1804 916 1200 1171 1922 1508 1244 0 663 550 1654 702 86 423 1151 130 903 448 1659 48 1931 698 755 1501 1795 1569 460 855 44 1941 1278 1598 778 515 984 686 1291 43 1951 1572 1687 1113 1600 674 1969 1580 873 1647 1808 1365 224 1178 1059 1722 1364 1161
1117 1536 1335 1146 1568 1581 640 1096 488 1689 643 366 140 339 799 327 295 1144 1819 683 304 1436 1641 380 1778 889 1174 1145 1896 1482 1217 663 0 596 1627 676 686 262 1125 660 876 494 1633 687 1904 315 143 1475 1769 1542 395 643 668 1915 1251 1572 810 395 772 303 1265 682 1925 1546 1661 1087 1573 291 1942 1553 661 1621 1781 1338 482 966 1032 1695 1338 949
1321 1969 1630 1396 1700 1948 527 1138 175 1873 530 910 685 330 644 871 318 1308 1957 570 848 1564 1688 235 1975 1121 1339 1115 2109 1554 1205 550 596 0 1675 1167 572 357 1325 547 1290 181 1680 574 2117 859 688 1587 2197 1742 221 489 555 2128 1534 1712 238 940 618 848 1528 569 2138 1516 1708 1445 1748 836 1955 1685 506 1668 1959 1362 369 764 1178 1665 1308 795
660 411 441 735 139 456 1645 657 1695 396 1703 1502 1563 1561 1068 1463 1600 648 481 1674 1439 376 47 1685 498 935 678 593 633 365 566 1654 1627 1675 0 985 1590 1641 664 1720 888 1701 39 1678 641 1451 1537 398 644 181 1599 1354 1659 651 607 151 1869 1268 1155 1439 602 1672 662 194 67 756 187 1427 479 124 1208 27 483 497 1814 1154 775 189 450 1508
475 894 692 504 926 939 693 454 1081 1047 752 550 612 963 886 511 920 501 1177 722 488 794 999 1004 1136 247 532 513 1254 840 575 702 676 1167 985 0 639 887 482 769 234 1087 991 726 1262 499 585 832 1127 900 1019 795 707 1272 609 930 1072 316 973 488 623 721 1283 919 1019 444 931 476 1300 911 881 979 1139 696 863 999 390 1060 724 948
1080 1499 1298 1110 1532 1544 77 1059 465 1652 135 686 747 573 1033 647 483 1107 1782 105 624 1400 1604 399 1741 852 1137 1108 1859 1445 1180 86 686 572 1590 639 0 445 1088 152 840 471 1596 110 1867 635 721 1438 1732 1506 483 877 91 1878 1215 1535 801 452 1007 623 1228 104 1888 1509 1624 1050 1537 611 1905 1516 895 1584 1744 1301 246 1201 995 1658 1301 1184
1286 1747 1546 1357 1666 1792 400 1103 249 1838 403 577 351 150 610 538 106 1274 1923 443 515 1530 1654 184 1940 1087 1305 1080 2075 1520 1171 423 262 357 1641 887 445 0 1290 420 1088 255 1646 447 2083 526 354 1552 1980 1708 206 454 428 2093 1463 1678 586 606 584 514 1476 442 2104 1482 1674 1298 1714 502 1921 1651 472 1634 1925 1328 242 777 1143 1631 1274 760
42 703 501 108 689 748 1142 307 1344 856 1200 999 1060 1211 718 960 1250 56 946 1171 937 553 677 1334 945 585 86 243 1063 543 129 1151 1125 1325 664 482 1088 1290 0 1218 392 1350 669 1175 1071 948 1034 576 936 709 1249 1004 1156 1081 418 701 1519 765 805 936 432 1170 1092 505 697 157 737 924 944 674 858 657 948 351 1312 831 425 654 297 1158
1210 1629 1428 1239 1662 1674 106 1189 439 1782 57 816 749 548 1008 777 458 1237 1912 149 753 1529 1734 374 1871 982 1267 1238 1989 1575 1310 130 660 547 1720 769 152 420 1218 0 970 445 1726 154 1997 765 752 1568 1862 1636 458 852 135 2008 1345 1665 776 582 981 753 1358 148 2018 1639 1754 1180 1666 741 2035 1646 870 1714 1874 1431 221 1175 1125 1788 1431 1158
385 804 603 414 836 849 894 247 1282 957 952 751 812 1164 684 712 1120 412 1087 923 689 704 901 1205 1046 297 442 306 1164 750 418 903 876 1290 888 234 840 1088 392 970 0 1288 893 927 1172 700 786 743 1037 810 1215 951 908 1182 519 840 1273 517 771 688 533 922 1193 729 921 354 841 676 1168 821 823 881 1049 575 1064 797 183 878 521 1105
1346 1947 1656 1421 1726 1973 425 1163 21 1898 428 808 583 228 670 769 216 1334 1983 468 746 1590 1714 133 2000 1147 1364 1140 2135 1580 1231 448 494 181 1701 1087 471 255 1350 445 1288 0 1706 472 2143 758 586 1612 2180 1768 119 514 453 2153 1559 1738 409 838 644 746 1554 467 2164 1542 1734 1471 1774 734 1981 1711 532 1694 1985 1388 267 837 1203 1691 1334 820
665 417 447 740 144 462 1650 663 1700 402 1708 1507 1568 1567 1074 1468 1606 653 486 1679 1445 381 46 1690 504 940 683 598 638 371 572 1659 1633 1680 39 991 1596 1646 669 1726 893 1706 0 1683 647 1456 1542 404 650 187 1605 1360 1664 657 613 157 1875 1273 1161 1444 608 1678 667 199 73 762 192 1433 484 129 1213 33 488 502 1820 1160 781 194 456 1513
1167 1586 1385 1197 1619 1631 78 1147 466 1739 136 773 776 574 1035 734 484 1194 1870 21 711 1487 1691 401 1828 940 1224 1195 1946 1532 1268 48 687 574 1678 726 110 447 1175 154 927 472 1683 0 1955 722 779 1525 1819 1593 484 879 32 1965 1302 1622 802 539 1008 710 1315 19 1975 1596 1711 1137 1624 698 1993 1604 897 1671 1832 1389 248 1202 1083 1746 1388 1185
1063 508 763 1093 666 553 1922 1100 2137 526 1980 1779 1840 2004 1511 1740 2043 1090 389 1951 1716 818 654 2127 407 1370 1120 1035 57 808 1009 1931 1904 2117 641 1262 1867 2083 1071 1997 1172 2143 647 1955 0 1728 1814 841 225 695 2042 1797 1936 61 941 678 2301 1545 1598 1716 954 1949 49 636 674 1033 714 1704 189 651 1650 635 392 939 2091 1597 1218 631 893 1950
940 1359 1158 970 1392 1404 689 920 752 1513 747 73 251 602 1062 71 559 967 1643 718 95 1260 1464 643 1601 713 998 968 1719 1305 1041 698 315 859 1451 499 635 526 948 765 700 758 1456 722 1728 0 224 1298 1592 1366 658 907 703 1738 1075 1395 1068 219 1036 63 1088 717 1749 1370 1484 910 1397 51 1766 1377 924 1444 1605 1162 746 1230 856 1519 1162 1213
1026 1445 1244 1056 1478 1490 732 1006 580 1599 735 275 79 431 891 236 387 1053 1729 775 213 1346 1550 471 1687 799 1084 1054 1805 1391 1127 755 143 688 1537 585 721 354 1034 752 786 586 1542 779 1814 224 0 1384 1678 1452 487 735 760 1824 1161 1481 902 305 864 213 1174 774 1835 1456 1570 996 1483 201 1852 1463 753 1530 1691 1248 574 1058 942 1605 1248 1041
571 535 196 647 423 580 1492 569 1606 596 1550 1349 1410 1473 980 1310 1512 559 680 1521 1287 150 412 1596 698 847 590 505 832 47 478 1501 1475 1587 398 832 1438 1552 576 1568 743 1612 404 1525 841 1298 1384 0 768 465 1511 1266 1506 851 442 435 1781 1115 1067 1286 437 1520 861 239 432 603 471 1274 678 408 1120 392 682 332 1662 1093 687 388 362 1420
928 373 628 958 586 418 1787 1172 2174 526 1845 1643 1705 2056 1590 1604 2013 955 440 1815 1581 730 658 2097 399 1235 985 1115 217 776 1028 1795 1769 2197 644 1127 1732 1980 936 1862 1037 2180 650 1819 225 1592 1678 768 0 560 2112 1876 1800 236 806 589 2165 1409 1678 1581 819 1814 246 716 678 898 591 1569 269 571 1730 638 402 891 1956 1677 1108 711 928 2030
702 326 402 731 72 372 1560 725 1762 464 1618 1417 1478 1629 1136 1378 1668 715 548 1589 1355 443 195 1752 566 1002 745 660 687 433 634 1569 1542 1742 181 900 1506 1708 709 1636 810 1768 187 1593 695 1366 1452 465 560 0 1667 1422 1574 705 579 56 1936 1183 1223 1354 592 1588 716 261 215 671 92 1342 546 75 1275 175 550 564 1730 1222 842 256 518 1575
1245 1879 1554 1320 1624 1872 437 1062 113 1797 440 709 483 126 569 670 166 1233 1881 480 647 1488 1613 145 1899 1045 1263 1039 2033 1478 1129 460 395 221 1599 1019 483 206 1249 458 1215 119 1605 484 2042 658 487 1511 2112 1667 0 413 466 2052 1458 1637 449 738 542 646 1453 479 2062 1440 1633 1369 1672 634 1879 1609 431 1593 1883 1286 280 736 1102 1589 1232 719
997 1645 1306 1072 1376 1624 832 814 508 1549 835 957 732 375 341 918 414 985 1633 875 895 1240 1365 498 1651 749 1015 791 1785 1230 881 855 643 489 1351 795 877 454 1001 852 954 514 1357 879 1794 907 735 1263 1873 1419 413 0 860 1804 1210 1389 683 893 314 895 1205 874 1814 1192 1385 1121 1424 883 1631 1361 203 1345 1635 1038 674 508 854 1341 984 422
1148 1567 1366 1178 1600 1612 59 1128 447 1721 117 754 757 555 1016 715 465 1175 1851 28 692 1468 1672 382 1809 921 1206 1176 1927 1513 1249 44 668 555 1659 707 91 428 1156 135 908 453 1664 32 1936 703 760 1506 1800 1574 466 860 0 1946 1283 1603 783 520 989 691 1296 27 1957 1578 1692 1118 1605 679 1974 1585 878 1652 1813 1370 229 1183 1064 1727 1370 1166
1074 519 774 1103 676 564 1932 1110 2147 537 1990 1789 1850 2014 1521 1750 2053 1100 400 1961 1727 828 665 2137 417 1381 1131 1046 67 818 1019 1941 1915 2128 651 1272 1878 2093 1081 2008 1182 2153 657 1965 61 1738 1824 851 236 705 2052 1807 1946 0 951 689 2311 1555 1608 1726 964 1960 38 646 685 1043 725 1714 200 661 1661 645 402 949 2102 1607 1228 642 903 1961
411 572 371 440 605 617 1269 516 1553 726 1327 1126 1187 1420 927 1087 1459 437 856 1298 1064 364 621 1543 814 718 468 451 933 410 425 1278 1251 1534 607 609 1215 1463 418 1345 519 1559 613 1302 941 1075 1161 442 806 579 1458 1213 1283 951 0 608 1648 892 1014 1063 137 1297 962 448 641 380 610 1051 887 590 1067 601 818 209 1439 1040 591 598 250 1367
697 356 431 760 42 401 1589 695 1732 434 1648 1446 1507 1599 1106 1407 1638 685 518 1618 1384 413 165 1722 536 972 715 630 670 403 604 1598 1572 1712 151 930 1535 1678 701 1665 840 1738 157 1622 678 1395 1481 435 589 56 1637 1392 1603 689 608 0 1906 1212 1193 1383 622 1617 699 231 185 701 62 1372 516 45 1245 145 520 534 1759 1192 812 226 488 1545
1513 1932 1731 1543 1905 1977 766 1343 415 2078 769 1119 910 553 850 1080 558 1514 2162 809 1057 1769 1894 474 2174 1286 1544 1320 2292 1759 1410 789 821 250 1880 1072 806 597 1521 787 1273 421 1886 813 2301 1068 913 1792 2165 1939 461 694 795 2311 1648 1918 0 885 823 1056 1661 808 2321 1721 1914 1483 1953 1044 2160 1890 712 1874 2165 1568 609 927 1383 1870 1513 1000
757 1176 975 787 1209 1221 506 737 832 1330 564 270 331 682 1117 231 639 784 1460 535 207 1077 1281 723 1418 530 815 785 1536 1122 858 515 395 940 1268 316 452 606 765 582 517 838 1273 539 1545 219 305 1115 1409 1183 738 893 520 1555 892 1212 885 0 1091 207 905 534 1566 1187 1301 727 1214 195 1583 1194 979 1261 1422 979 676 1246 673 1336 978 1047
801 1449 1110 876 1181 1428 961 618 638 1353 964 1087 861 504 125 1048 543 789 1437 1004 1025 1045 1169 628 1455 818 819 595 1590 1034 686 984 772 618 1155 973 1007 584 805 981 771 644 1161 1008 1598 1036 864 1067 1678 1223 542 314 989 1608 1014 1193 812 1091 0 1024 1009 1003 1619 997 1189 926 1229 1012 1436 1165 151 1149 1440 843 803 292 658 1146 789 620
928 1347 1146 958 1380 1392 677 908 740 1501 736 85 239 590 1051 75 547 955 1631 706 93 1248 1452 631 1589 701 986 956 1708 1294 1029 686 303 848 1439 488 623 514 936 753 688 746 1444 710 1716 63 213 1286 1581 1354 646 895 691 1726 1063 1383 1056 207 1024 0 1076 705 1737 1358 1472 898 1385 39 1754 1365 912 1432 1593 1150 734 1218 844 1507 1150 1201
424 586 384 453 618 631 1282 511 1548 739 1341 1139 1200 1415 922 1100 1454 451 869 1311 1077 359 616 1538 828 731 481 446 946 405 420 1291 1265 1528 602 623 1228 1476 432 1358 533 1554 608 1315 954 1088 1174 437 819 592 1453 1208 1296 964 137 622 1661 905 1009 1076 0 1310 975 443 636 394 623 1065 882 603 1062 596 831 204 1452 1035 604 592 245 1361
1162 1581 1380 1192 1614 1626 73 1141 461 1734 131 768 771 569 1029 729 479 1189 1864 15 706 1482 1686 396 1823 934 1219 1190 1941 1527 1262 43 682 569 1672 721 104 442 1170 148 922 467 1678 19 1949 717 774 1520 1814 1588 479 874 27 1960 1297 1617 797 534 1003 705 1310 0 1970 1591 1706 1132 1619 693 1987 1599 891 1666 1826 1383 242 1197 1077 1740 1383 1180
1084 529 784 1114 687 574 1943 1120 2158 547 2001 1799 1861 2024 1532 1760 2064 1111 410 1971 1737 839 675 2148 428 1391 1141 1056 57 829 1029 1951 1925 2138 662 1283 1888 2104 1092 2018 1193 2164 667 1975 49 1749 1835 861 246 716 2062 1817 1957 38 962 699 2321 1566 1619 1737 975 1970 0 657 695 1054 735 1725 210 672 1671 655 413 960 2112 1618 1238 652 914 1971
501 491 282 576 219 466 1564 498 1536 391 1622 1420 1482 1402 909 1381 1441 489 476 1592 1358 217 207 1526 493 776 519 434 628 207 407 1572 1546 1516 194 919 1509 1482 505 1639 729 1542 199 1596 636 1370 1456 239 716 261 1440 1195 1578 646 448 231 1710 1187 997 1358 443 1591 657 0 227 626 267 1346 474 204 1049 187 478 338 1702 1022 616 184 292 1349
693 445 475 768 172 490 1678 691 1728 430 1736 1535 1596 1595 1102 1496 1634 681 514 1707 1473 409 81 1718 532 968 711 626 666 399 600 1687 1661 1708 67 1019 1624 1674 697 1754 921 1734 73 1711 674 1484 1570 432 678 215 1633 1388 1692 685 641 185 1903 1301 1189 1472 636 1706 695 227 0 789 220 1461 512 157 1241 61 516 530 1848 1188 809 222 484 1541
150 665 463 179 697 710 1104 428 1465 818 1162 961 1022 1331 839 922 1330 176 948 1133 899 565 769 1415 907 553 207 363 1025 611 250 1113 1087 1445 756 444 1050 1298 157 1180 354 1471 762 1137 1033 910 996 603 898 671 1369 1124 1118 1043 380 701 1483 727 926 898 394 1132 1054 626 789 0 702 886 1065 682 978 750 910 467 1274 951 426 775 417 1278
732 357 433 762 78 402 1591 730 1768 470 1649 1448 1509 1634 1142 1409 1674 721 554 1620 1386 449 200 1758 571 1008 751 666 706 439 639 1600 1573 1748 187 931 1537 1714 737 1666 841 1774 192 1624 714 1397 1483 471 591 92 1672 1427 1605 725 610 62 1942 1214 1229 1385 623 1619 735 267 220 702 0 1373 552 80 1281 180 556 570 1761 1228 848 262 524 1581
917 1336 1134 946 1368 1381 666 896 728 1489 724 97 227 578 1039 63 535 943 1619 694 81 1236 1441 619 1578 689 974 944 1696 1282 1017 674 291 836 1427 476 611 502 924 741 676 734 1433 698 1704 51 201 1274 1569 1342 634 883 679 1714 1051 1372 1044 195 1012 39 1065 693 1725 1346 1461 886 1373 0 1742 1353 901 1421 1581 1138 722 1206 832 1495 1138 1189
940 464 721 1015 504 439 1960 937 1975 364 2018 1817 1878 1841 1348 1778 1881 928 227 1989 1754 656 492 1965 245 1215 958 873 181 646 846 1969 1942 1955 479 1300 1905 1921 944 2035 1168 1981 484 1993 189 1766 1852 678 269 546 1879 1634 1974 200 887 516 2149 1583 1436 1754 882 1987 210 474 512 1065 552 1742 0 489 1488 472 229 777 2129 1435 1055 469 731 1788
670 337 413 742 61 382 1571 667 1705 406 1629 1428 1489 1571 1078 1389 1610 657 491 1600 1366 385 137 1695 508 945 688 603 643 375 576 1580 1553 1685 124 911 1516 1651 674 1646 821 1711 129 1604 651 1377 1463 408 571 75 1609 1364 1585 661 590 45 1879 1194 1165 1365 603 1599 672 204 157 682 80 1353 489 0 1218 117 493 506 1740 1164 785 199 460 1518
854 1502 1163 929 1233 1481 849 671 526 1406 852 975 750 393 178 936 432 841 1490 892 913 1097 1221 516 1508 835 872 648 1642 1087 738 873 661 506 1208 881 895 472 858 870 823 532 1213 897 1650 924 753 1120 1730 1275 431 203 878 1661 1067 1245 700 979 151 912 1062 891 1671 1049 1241 978 1281 901 1488 1218 0 1202 1492 895 692 345 711 1198 841 509
653 405 435 728 132 450 1638 651 1688 390 1697 1495 1556 1555 1062 1456 1594 641 474 1667 1433 369 41 1678 492 928 671 586 626 359 560 1647 1621 1668 27 979 1584 1634 657 1714 881 1694 33 1671 635 1444 1530 392 638 175 1593 1348 1652 645 601 145 1863 1261 1149 1432 596 1666 655 187 61 750 180 1421 472 117 1202 0 476 490 1808 1148 769 182 444 1501
940 385 640 970 508 430 1799 942 1979 368 1857 1656 1717 1846 1353 1617 1885 932 101 1828 1593 660 496 1969 78 1219 962 877 383 650 851 1808 1781 1959 483 1139 1744 1925 948 1874 1049 1985 488 1832 392 1605 1691 682 402 550 1883 1639 1813 402 818 520 2153 1422 1440 1593 831 1826 413 478 516 910 556 1581 229 493 1492 476 0 781 1968 1439 1059 473 735 1792
347 658 319 422 522 703 1356 344 1382 694 1414 1213 1274 1248 756 1174 1288 335 779 1385 1150 253 510 1372 796 622 365 280 931 299 253 1365 1338 1362 497 696 1301 1328 351 1431 575 1388 502 1389 939 1162 1248 332 891 564 1286 1041 1370 949 209 534 1556 979 843 1150 204 1383 960 338 530 467 570 1138 777 506 895 490 781 0 1525 868 462 487 74 1195
1304 1723 1522 1334 1756 1768 200 1283 261 1876 203 797 571 370 830 758 280 1331 2006 243 734 1624 1828 196 1965 1076 1361 1300 2083 1669 1391 224 482 369 1814 863 246 242 1312 221 1064 267 1820 248 2091 746 574 1662 1956 1730 280 674 229 2102 1439 1759 598 676 803 734 1452 242 2112 1702 1848 1274 1761 722 2129 1740 692 1808 1968 1525 0 997 1219 1851 1494 980
827 1452 1136 902 1179 1427 1155 644 831 1352 1158 1281 1055 698 205 1242 737 815 1436 1198 1218 1070 1168 822 1454 844 845 621 1589 1060 711 1178 966 764 1154 999 1201 777 831 1175 797 837 1160 1202 1597 1230 1058 1093 1677 1222 736 508 1183 1607 1040 1192 916 1249 292 1218 1035 1197 1618 1022 1188 951 1228 1206 1435 1164 345 1148 1439 868 997 0 684 1002 814 814
421 875 674 486 800 920 1050 134 1197 973 1108 907 968 1064 571 868 1103 408 1057 1079 844 664 789 1187 1075 390 439 193 1209 654 305 1059 1032 1178 775 390 995 1143 425 1125 183 1203 781 1083 1218 856 942 687 1108 842 1102 857 1064 1228 591 812 1372 673 658 844 604 1077 1238 616 809 426 848 832 1055 785 711 769 1059 462 1219 684 0 765 408 1010
650 486 432 725 214 461 1713 647 1685 387 1771 1570 1631 1551 1059 1530 1591 638 471 1741 1507 366 202 1675 488 925 668 583 623 356 556 1722 1695 1665 189 1060 1658 1631 654 1788 878 1691 194 1746 631 1519 1605 388 711 256 1589 1344 1727 642 598 226 1859 1336 1146 1507 592 1740 652 184 222 775 262 1495 469 199 1198 182 473 487 1851 1002 765 0 441 1498
293 694 355 368 476 723 1356 290 1328 648 1414 1212 1274 1194 701 1173 1233 281 732 1384 1150 290 464 1318 750 568 311 226 885 329 199 1364 1338 1308 450 724 1301 1274 297 1431 521 1334 456 1388 893 1162 1248 362 928 518 1232 987 1370 903 250 488 1502 978 789 1150 245 1383 914 292 484 417 524 1138 731 460 841 444 735 74 1494 814 408 441 0 1141
1151 1799 1460 1226 1530 1777 1138 968 814 1703 1141 1263 1038 681 647 1224 720 1138 1787 1181 1201 1394 1518 804 1804 902 1169 945 1939 1384 1035 1161 949 795 1505 948 1184 760 1155 1158 1108 820 1510 1185 1947 1213 1041 1417 2027 1572 719 422 1166 1958 1364 1542 989 1047 620 1201 1358 1180 1968 1346 1538 1275 1578 1189 1785 1515 509 1498 1789 1192 980 814 1007 1495 1138 0
EOF