NAME : tsp_problem
TYPE : TSP
DIMENSION : 80
EDGE_WEIGHT_TYPE : EXPLICIT
EDGE_WEIGHT_FORMAT : FULL_MATRIX
EDGE_WEIGHT_SECTION
0 1005 688 547 832 1253 558 472 1546 1192 441 964 684 951 386 1767 2037 2042 732 1445 995 711 1581 1910 2049 1207 431 370 1898 484 1848 1983 559 1728 680 225 1015 401 954 587 116 232 1664 1275 939 680 989 692 563 632 1947 1104 540 1974 2044 965 363 368 993 746 1933 1204 1783 1781 1313 992 576 2002 553 123 1092 1784 1010 1579 555 1556 1819 350 981 1491
1005 0 563 723 463 583 669 1117 887 307 865 259 568 301 912 1109 1152 1157 563 560 291 586 923 1252 1196 384 854 1015 1013 1229 1189 1098 733 1069 555 826 310 1197 304 698 931 819 1006 410 374 503 285 567 476 608 1062 115 766 1089 1159 315 1160 1013 289 569 1048 320 1125 1123 654 193 730 1117 754 957 220 1125 79 920 715 671 1160 773 277 832
688 563 0 458 328 907 404 852 1200 750 600 522 65 563 496 1421 1595 1600 104 1003 553 64 1235 1564 1639 827 572 750 1456 810 1502 1541 467 1382 52 561 573 727 566 433 666 554 1318 853 593 70 547 64 211 286 1505 662 471 1532 1602 578 690 748 551 79 1491 763 1437 1435 967 550 465 1560 483 692 746 1438 568 1233 450 1114 1473 508 539 1145
547 723 458 0 620 1043 276 714 1335 910 472 682 463 723 355 1557 1755 1760 457 1163 713 481 1371 1700 1799 987 431 622 1616 670 1637 1701 92 1518 450 433 733 586 726 221 538 426 1454 1013 729 398 707 462 281 422 1665 822 88 1692 1762 738 549 620 711 464 1651 923 1573 1571 1102 710 90 1720 100 564 881 1574 728 1368 74 1274 1609 380 699 1280
832 463 328 620 0 790 566 999 1083 650 762 422 333 463 640 1305 1495 1500 327 903 453 351 1118 1448 1539 727 716 912 1356 954 1385 1441 630 1265 320 723 473 871 466 596 828 716 1202 753 477 293 447 332 373 282 1405 562 614 1432 1502 478 834 910 451 389 1391 663 1321 1318 850 450 628 1460 627 854 629 1321 468 1116 612 1014 1356 670 439 1028
1253 583 907 1043 790 0 1132 1420 405 372 1197 675 903 652 1061 626 1055 1019 951 937 707 930 440 769 908 374 1137 1370 908 1375 707 892 1054 587 899 1289 726 1292 655 1161 1269 1282 523 442 641 916 701 911 939 703 957 544 1036 908 943 667 1255 1428 705 973 842 320 642 640 172 656 1072 936 1048 1276 528 643 621 438 1050 770 678 1208 693 350
558 669 404 276 566 1132 0 670 1508 856 418 628 409 670 465 1729 1701 1706 404 1064 660 427 1543 1872 1745 933 407 568 1562 782 1810 1647 286 1690 396 379 679 757 673 252 485 372 1626 959 743 344 653 408 227 602 1611 768 319 1638 1709 684 720 566 657 410 1597 869 1745 1743 1275 656 284 1666 308 510 873 1746 674 1541 268 1220 1781 326 645 1453
472 1117 852 714 999 1420 670 0 1713 1304 554 1076 851 1118 553 1934 2149 2154 852 1557 1108 875 1748 2077 2193 1374 543 131 2010 293 2015 2095 726 1895 844 337 1127 268 1121 700 399 344 1831 1407 1106 792 1101 856 675 799 2059 1216 707 2086 2157 1132 230 189 1105 858 2045 1317 1950 1948 1480 1104 732 2114 719 424 1259 1951 1122 1746 716 1668 1986 462 1093 1658
1546 887 1200 1335 1083 405 1508 1713 0 742 1490 968 1196 945 1354 652 812 719 1244 1114 1000 1223 87 795 586 666 1430 1663 577 1668 732 561 1347 256 1192 1622 1019 1585 948 1460 1562 1615 192 735 933 1209 994 1204 1315 996 626 837 1328 577 645 960 1548 1721 998 1266 511 696 668 666 270 1032 1364 604 1341 1569 821 669 925 76 1343 908 704 1501 986 86
1192 307 750 910 650 372 856 1304 742 0 1052 446 755 488 1091 964 993 998 750 669 478 773 777 1107 1037 139 1041 1202 854 1405 1044 939 920 924 742 1013 497 1322 491 886 1118 1006 861 166 561 690 472 754 663 732 903 328 953 930 1000 503 1284 1200 476 756 889 78 980 977 509 380 917 958 941 1144 433 980 345 775 902 709 1015 960 464 687
441 865 600 472 762 1197 418 554 1490 1052 0 824 605 866 178 1712 1897 1902 599 1305 856 623 1525 1855 1941 1129 120 451 1758 644 1792 1843 482 1672 592 262 875 561 869 448 368 256 1609 1155 884 540 849 604 423 577 1807 964 485 1834 1905 880 524 450 853 606 1793 1065 1728 1725 1257 852 480 1862 497 393 1036 1728 870 1523 464 1416 1763 141 841 1435
964 259 522 682 422 675 628 1076 968 446 824 0 527 83 782 1190 1292 1297 521 699 53 545 1004 1333 1336 523 813 974 1152 1096 1270 1237 691 1150 514 785 67 1013 86 657 890 778 1087 549 156 462 46 526 435 424 1201 358 725 1228 1299 98 976 972 51 528 1187 459 1206 1204 735 127 689 1256 713 916 463 1206 264 1001 674 811 1241 732 38 913
684 568 65 463 333 903 409 851 1196 755 605 527 0 569 492 1417 1601 1606 110 1008 559 88 1231 1560 1645 832 568 755 1461 806 1498 1546 473 1378 57 566 578 723 572 439 672 559 1314 858 589 75 553 70 216 282 1510 667 466 1537 1608 583 686 753 557 131 1496 768 1433 1431 963 555 471 1565 479 697 742 1434 573 1229 455 1120 1469 513 545 1140
951 301 563 723 463 652 670 1118 945 488 866 83 569 0 759 1166 1333 1338 563 741 115 587 980 1309 1377 565 835 1015 1194 1073 1247 1279 733 1127 555 826 134 990 42 699 932 820 1063 591 133 504 109 568 477 401 1243 400 733 1270 1341 54 953 1014 113 570 1229 501 1183 1180 712 169 731 1298 746 957 491 1183 306 978 716 852 1218 774 101 890
386 912 496 355 640 1061 465 553 1354 1091 178 782 492 759 0 1575 1944 1949 540 1352 814 519 1389 1718 1857 1015 117 498 1805 508 1656 1842 367 1536 488 309 833 425 762 480 402 303 1472 1083 747 506 808 500 470 441 1854 916 348 1857 1893 773 388 496 812 562 1791 1112 1591 1589 1121 867 384 1885 361 409 900 1592 917 1387 363 1463 1627 188 800 1299
1767 1109 1421 1557 1305 626 1729 1934 652 964 1712 1190 1417 1166 1575 0 561 469 1465 1121 1221 1444 687 615 358 888 1651 1884 537 1890 156 452 1568 719 1413 1843 1241 1806 1169 1681 1784 1836 770 956 1155 1431 1215 1425 1536 1217 487 1058 1550 464 393 1181 1769 1942 1219 1487 501 917 33 90 492 1253 1586 435 1562 1790 1042 33 1147 685 1565 915 128 1722 1207 597
2037 1152 1595 1755 1495 1055 1701 2149 812 996 1897 1292 1601 1333 1944 561 0 160 1595 743 1323 1618 847 610 250 1122 1887 2047 255 2262 532 268 1765 610 1587 1858 1343 2237 1336 1731 1964 1851 673 1148 1406 1535 1317 1600 1509 1666 206 1173 1799 255 189 1348 2199 2045 1321 1601 317 944 578 535 977 1226 1763 227 1787 1989 1278 578 1190 845 1747 537 464 1806 1309 824
2042 1157 1600 1760 1500 1019 1706 2154 719 1001 1902 1297 1606 1338 1949 469 160 0 1600 748 1328 1623 755 760 157 1127 1892 2052 163 2267 439 176 1770 517 1592 1863 1348 2199 1341 1736 1969 1856 580 1153 1411 1540 1322 1605 1514 1610 113 1178 1803 162 97 1353 2162 2050 1326 1606 224 949 485 442 885 1231 1768 134 1792 1994 1283 486 1195 752 1752 542 371 1811 1314 731
732 563 104 457 327 951 404 852 1244 750 599 521 110 563 540 1465 1595 1600 0 1003 553 128 1279 1608 1639 826 589 749 1456 854 1546 1541 467 1426 96 560 573 771 566 433 666 553 1362 853 636 70 547 109 211 330 1505 662 501 1532 1602 578 734 747 551 166 1491 762 1481 1479 1011 549 465 1559 489 691 766 1482 567 1277 449 1114 1517 508 539 1189
1445 560 1003 1163 903 940 1064 1557 1114 669 1305 699 1008 741 1352 1121 743 748 1003 0 731 1026 1149 1279 787 746 1294 1455 603 1669 1091 688 1173 911 995 1266 750 1644 744 1139 1371 1259 974 772 814 943 725 1007 916 1074 652 581 1206 679 750 756 1607 1453 729 1009 638 682 1137 1094 1083 633 1171 707 1195 1397 686 1138 598 1146 1155 262 1023 1213 717 1126
995 291 553 713 453 707 660 1108 1000 478 856 53 559 115 814 1221 1323 1328 553 731 0 577 1035 1364 1367 555 845 1005 1184 1128 1302 1269 723 1182 545 816 36 1045 118 689 922 810 1118 581 188 494 47 558 467 456 1233 390 757 1260 1331 129 1008 1004 43 560 1219 491 1237 1235 767 159 721 1288 745 947 495 1238 296 1033 706 842 1273 764 49 945
711 586 64 481 351 930 427 875 1223 773 623 545 88 587 519 1444 1618 1623 128 1026 577 0 1258 1587 1662 850 595 773 1479 833 1525 1564 491 1405 72 584 596 750 590 456 689 577 1341 876 616 93 570 60 234 310 1528 685 494 1555 1626 601 713 771 574 57 1514 786 1460 1458 990 573 488 1583 506 715 769 1461 591 1256 473 1137 1496 531 562 1168
1581 923 1235 1371 1118 440 1543 1748 87 777 1525 1004 1231 980 1389 687 847 755 1279 1149 1035 1258 0 830 622 702 1465 1698 612 1704 768 597 1382 291 1227 1657 1055 1620 983 1495 1597 1650 227 770 969 1245 1029 1239 1350 1031 661 872 1364 612 680 995 1583 1756 1033 1301 546 731 703 701 306 1067 1400 640 1376 1604 856 704 960 80 1378 943 739 1536 1021 121
1910 1252 1564 1700 1448 769 1872 2077 795 1107 1855 1333 1560 1309 1718 615 621 771 1608 1290 1364 1587 830 0 861 1031 1794 2027 867 2033 696 880 1711 977 1556 1986 1384 1949 1312 1824 1927 1979 913 1099 1298 1574 1358 1569 1679 1360 817 1201 1693 866 801 1324 1912 2085 1362 1630 929 1060 631 629 635 1397 1729 838 1705 1933 1185 632 1290 828 1708 1084 667 1865 1350 740
2049 1196 1639 1799 1539 908 1745 2193 586 1040 1941 1336 1645 1377 1857 358 250 157 1639 787 1367 1662 622 850 0 1166 1931 2091 225 2171 328 141 1809 384 1631 1902 1387 2088 1380 1775 2008 1895 447 1192 1437 1579 1361 1644 1552 1499 176 1217 1832 152 82 1392 2051 2089 1365 1645 184 988 374 331 773 1270 1807 124 1831 2033 1322 374 1234 619 1791 581 260 1850 1353 599
1207 384 827 987 727 374 933 1374 666 139 1129 523 832 565 1015 888 1119 1124 826 746 555 850 702 1031 1163 0 1091 1278 980 1329 968 1065 996 849 819 1090 574 1246 568 962 1195 1083 785 132 594 767 548 831 740 657 1029 389 989 1056 1126 579 1209 1277 553 833 1015 205 904 902 433 457 994 1083 1002 1221 373 905 421 699 979 835 940 1037 540 611
431 854 572 431 716 1137 407 543 1430 1041 120 813 568 835 117 1651 1887 1892 589 1294 845 595 1465 1794 1931 1091 0 441 1747 584 1732 1832 443 1612 564 252 864 501 838 437 357 245 1548 1144 823 529 839 576 412 516 1796 953 424 1823 1894 849 464 439 843 595 1782 1054 1667 1665 1197 841 460 1851 437 383 976 1668 859 1463 439 1406 1703 131 831 1375
370 1015 750 622 912 1370 568 131 1663 1202 451 974 755 1015 498 1884 2047 2052 749 1455 1005 773 1698 2027 2091 1278 441 0 1908 243 1965 1993 631 1845 742 235 1025 218 1018 597 297 242 1781 1305 1056 690 999 754 573 749 1957 1114 657 1984 2054 1030 180 72 1003 756 1943 1214 1900 1898 1430 1002 629 2012 653 322 1209 1901 1020 1696 614 1566 1936 360 991 1608
1898 1013 1456 1616 1356 908 1562 2010 577 857 1758 1152 1461 1194 1805 537 255 163 1456 603 1184 1479 612 856 225 983 1747 1908 0 2122 507 152 1626 375 1448 1719 1203 2088 1197 1592 1824 1712 438 1009 1267 1396 1178 1460 1369 1499 116 1034 1659 143 165 1209 2051 1906 1182 1462 102 805 553 510 774 1086 1624 171 1648 1850 1139 554 1051 610 1608 398 439 1666 1170 589
484 1229 810 670 954 1375 782 293 1668 1405 644 1096 806 1073 508 1890 2262 2267 854 1669 1128 833 1704 2033 2171 1329 584 243 2122 0 1970 2156 681 1850 802 449 1148 225 1076 794 500 456 1787 1397 1062 820 1122 815 787 755 2171 1230 663 2171 2207 1088 187 301 1126 876 2106 1429 1906 1903 1435 1182 699 2199 675 507 1214 1906 1234 1701 677 1781 1941 574 1114 1613
1848 1189 1502 1637 1385 707 1810 2015 732 1044 1792 1270 1498 1247 1656 156 532 439 1546 1091 1302 1525 768 696 328 968 1732 1965 507 1970 0 423 1649 689 1494 1924 1321 1887 1250 1762 1864 1917 752 1037 1235 1511 1296 1506 1617 1298 458 1139 1630 434 363 1262 1850 2023 1300 1568 472 998 173 130 572 1334 1666 406 1643 1871 1123 173 1227 765 1645 886 77 1803 1288 677
1983 1098 1541 1701 1441 892 1647 2095 561 942 1843 1237 1546 1279 1842 452 268 176 1541 688 1269 1564 597 868 141 1067 1832 1993 152 2156 423 0 1711 359 1533 1804 1288 2073 1282 1676 1909 1797 422 1094 1352 1481 1263 1545 1454 1483 194 1119 1744 151 113 1294 2035 1991 1267 1547 86 890 468 425 758 1171 1708 142 1732 1935 1224 469 1136 594 1693 483 355 1751 1255 573
559 733 467 92 630 1054 286 726 1347 920 482 691 473 733 367 1568 1765 1770 467 1173 723 491 1382 1711 1809 996 443 631 1626 681 1649 1711 0 1529 459 443 743 598 736 230 548 436 1465 1023 740 407 717 472 291 434 1675 832 99 1702 1772 748 560 630 721 473 1661 932 1584 1582 1114 719 100 1729 112 574 893 1585 737 1380 84 1284 1620 390 709 1292
1728 1069 1382 1518 1265 587 1690 1895 256 924 1672 1150 1378 1127 1536 719 610 517 1426 911 1182 1405 291 977 384 849 1612 1845 375 1850 689 359 1529 0 1374 1804 1201 1767 1130 1642 1744 1797 117 917 1116 1391 1176 1386 1497 1178 424 1019 1511 374 443 1142 1730 1903 1180 1448 309 878 735 692 452 1214 1547 402 1523 1751 1003 736 1107 289 1525 706 621 1683 1168 268
680 555 52 450 320 899 396 844 1192 742 592 514 57 555 488 1413 1587 1592 96 995 545 72 1227 1556 1631 819 564 742 1448 802 1494 1533 459 1374 0 553 565 719 558 425 658 546 1310 845 585 62 539 56 203 278 1497 654 463 1524 1594 570 682 740 543 87 1483 755 1429 1427 959 542 457 1552 475 684 738 1430 560 1225 442 1106 1465 500 531 1137
225 826 561 433 723 1289 379 337 1622 1013 262 785 566 826 309 1843 1858 1863 560 1266 816 584 1657 1986 1902 1090 252 235 1719 449 1924 1804 443 1804 553 0 836 424 829 408 151 70 1740 1116 899 501 810 565 384 708 1768 925 476 1795 1865 841 387 233 814 567 1754 1025 1859 1857 1389 813 440 1823 464 177 1030 1860 831 1655 425 1377 1895 171 802 1567
1015 310 573 733 473 726 679 1127 1019 497 875 67 578 134 833 1241 1343 1348 573 750 36 596 1055 1384 1387 574 864 1025 1203 1148 1321 1288 743 1201 565 836 0 1064 137 708 941 829 1138 601 207 513 48 577 486 475 1252 409 776 1279 1350 149 1027 1023 44 579 1238 510 1257 1255 786 178 740 1307 764 967 514 1257 315 1052 725 862 1292 783 50 964
401 1197 727 586 871 1292 757 268 1585 1322 561 1013 723 990 425 1806 2237 2199 771 1644 1045 750 1620 1949 2088 1246 501 218 2088 225 1887 2073 598 1767 719 424 1064 0 993 711 417 431 1703 1314 978 737 1039 732 762 672 2137 1147 579 2088 2124 1005 54 276 1043 793 2023 1387 1823 1820 1352 1099 616 2116 592 424 1131 1823 1209 1618 594 1756 1858 549 1031 1530
954 304 566 726 466 655 673 1121 948 491 869 86 572 42 762 1169 1336 1341 566 744 118 590 983 1312 1380 568 838 1018 1197 1076 1250 1282 736 1130 558 829 137 993 0 702 935 823 1066 594 136 506 112 571 480 404 1246 403 736 1273 1343 57 956 1017 116 572 1232 504 1185 1183 715 172 734 1301 749 960 494 1186 309 981 718 855 1221 777 104 893
587 698 433 221 596 1161 252 700 1460 886 448 657 439 699 480 1681 1731 1736 433 1139 689 456 1495 1824 1775 962 437 597 1592 794 1762 1676 230 1642 425 408 708 711 702 0 514 402 1578 989 772 373 683 438 257 546 1640 797 264 1668 1738 714 673 596 687 439 1626 898 1697 1695 1227 685 228 1695 252 539 902 1698 703 1493 213 1250 1733 356 675 1404
116 931 666 538 828 1269 485 399 1562 1118 368 890 672 932 402 1784 1964 1969 666 1371 922 689 1597 1927 2008 1195 357 297 1824 500 1864 1909 548 1744 658 151 941 417 935 514 0 159 1681 1222 956 606 916 671 489 649 1873 1030 557 1900 1971 946 380 295 920 672 1859 1131 1800 1797 1329 918 546 1928 569 68 1108 1800 936 1595 530 1483 1835 276 908 1507
232 819 554 426 716 1282 372 344 1615 1006 256 778 559 820 303 1836 1851 1856 553 1259 810 577 1650 1979 1895 1083 245 242 1712 456 1917 1797 436 1797 546 70 829 431 823 402 159 0 1733 1109 893 494 803 558 377 702 1761 918 469 1788 1859 834 394 240 807 560 1747 1019 1853 1850 1382 806 434 1816 458 184 1023 1853 824 1648 418 1370 1888 164 795 1560
1664 1006 1318 1454 1202 523 1626 1831 192 861 1609 1087 1314 1063 1472 770 673 580 1362 974 1118 1341 227 913 447 785 1548 1781 438 1787 752 422 1465 117 1310 1740 1138 1703 1066 1578 1681 1733 0 853 1052 1328 1112 1323 1433 1114 487 955 1447 437 506 1078 1666 1839 1116 1384 372 814 786 755 389 1151 1483 465 1459 1687 939 787 1044 225 1462 769 684 1619 1104 204
1275 410 853 1013 753 442 959 1407 735 166 1155 549 858 591 1083 956 1145 1150 853 772 581 876 770 1099 1189 132 1144 1305 1006 1397 1037 1091 1023 917 845 1116 601 1314 594 989 1222 1109 853 0 663 793 575 857 766 725 1055 431 1056 1082 1153 606 1277 1303 579 859 1041 231 972 970 502 483 1021 1110 1045 1247 442 973 448 768 1005 861 1008 1063 567 680
939 374 593 729 477 641 743 1106 933 561 884 156 589 133 747 1155 1406 1411 636 814 188 616 969 1298 1437 594 823 1056 1267 1062 1235 1352 740 1116 585 899 207 978 136 772 956 893 1052 663 0 576 182 598 550 389 1316 473 722 1343 1413 148 941 1087 186 642 1302 574 1171 1169 700 241 758 1371 734 962 479 1172 379 966 737 925 1207 847 174 878
680 503 70 398 293 916 344 792 1209 690 540 462 75 504 506 1431 1535 1540 70 943 494 93 1245 1574 1579 767 529 690 1396 820 1511 1481 407 1391 62 501 513 737 506 373 606 494 1328 793 576 0 487 74 151 296 1445 602 441 1472 1543 518 699 688 491 107 1431 703 1447 1445 976 490 405 1500 429 632 707 1447 508 1242 390 1054 1482 448 479 1154
989 285 547 707 447 701 653 1101 994 472 849 46 553 109 808 1215 1317 1322 547 725 47 570 1029 1358 1361 548 839 999 1178 1122 1296 1263 717 1176 539 810 48 1039 112 683 916 803 1112 575 182 487 0 552 461 449 1227 384 751 1254 1324 123 1001 997 55 553 1213 484 1231 1229 761 152 715 1282 739 941 489 1232 290 1027 699 836 1267 758 61 939
692 567 64 462 332 911 408 856 1204 754 604 526 70 568 500 1425 1600 1605 109 1007 558 60 1239 1569 1644 831 576 754 1460 815 1506 1545 472 1386 56 565 577 732 571 438 671 558 1323 857 598 74 552 0 215 291 1509 666 475 1536 1607 582 694 752 556 75 1495 767 1442 1439 971 554 470 1564 487 696 750 1442 572 1237 454 1119 1477 512 544 1149
563 476 211 281 373 939 227 675 1315 663 423 435 216 477 470 1536 1509 1514 211 916 467 234 1350 1679 1552 740 412 573 1369 787 1617 1454 291 1497 203 384 486 762 480 257 489 377 1433 766 550 151 461 215 0 417 1418 575 324 1445 1516 491 725 571 465 217 1404 676 1553 1550 1082 463 289 1473 312 515 680 1553 481 1348 273 1027 1588 331 453 1260
632 608 286 422 282 703 602 799 996 732 577 424 282 401 441 1217 1666 1610 330 1074 456 310 1031 1360 1499 657 516 749 1499 755 1298 1483 434 1178 278 708 475 672 404 546 649 702 1114 725 389 296 449 291 417 0 1548 558 415 1499 1534 415 634 807 453 352 1433 798 1233 1231 763 509 451 1526 427 656 542 1234 639 1029 430 1185 1269 587 441 941
1947 1062 1505 1665 1405 957 1611 2059 626 905 1807 1201 1510 1243 1854 487 206 113 1505 652 1233 1528 661 806 176 1031 1796 1957 116 2171 458 194 1675 424 1497 1768 1252 2137 1246 1640 1873 1761 487 1058 1316 1445 1227 1509 1418 1548 0 1083 1708 181 115 1257 2100 1955 1231 1511 150 853 503 460 822 1135 1672 153 1696 1899 1188 504 1100 659 1657 447 390 1715 1219 638
1104 115 662 822 562 544 768 1216 837 328 964 358 667 400 916 1058 1173 1178 662 581 390 685 872 1201 1217 389 953 1114 1034 1230 1139 1119 832 1019 654 925 409 1147 403 797 1030 918 955 431 473 602 384 666 575 558 1083 0 865 1110 1181 414 1109 1112 388 668 1069 341 1074 1072 604 292 829 1138 853 1056 170 1075 153 870 814 692 1110 872 376 782
540 766 471 88 614 1036 319 707 1328 953 485 725 466 733 348 1550 1799 1803 501 1206 757 494 1364 1693 1832 989 424 657 1659 663 1630 1744 99 1511 463 476 776 579 736 264 557 469 1447 1056 722 441 751 475 324 415 1708 865 0 1735 1806 748 542 663 755 507 1694 966 1566 1564 1095 753 76 1763 52 563 874 1567 771 1361 96 1317 1602 424 742 1273
1974 1089 1532 1692 1432 908 1638 2086 577 933 1834 1228 1537 1270 1857 464 255 162 1532 679 1260 1555 612 855 152 1058 1823 1984 143 2171 434 151 1702 374 1524 1795 1279 2088 1273 1668 1900 1788 437 1085 1343 1472 1254 1536 1445 1499 181 1110 1735 0 115 1285 2051 1982 1258 1538 101 881 480 437 773 1162 1699 129 1723 1926 1215 480 1127 610 1684 474 366 1742 1246 589
2044 1159 1602 1762 1502 943 1709 2157 645 1003 1905 1299 1608 1341 1893 393 189 97 1602 750 1331 1626 680 790 82 1129 1894 2054 165 2207 363 113 1772 443 1594 1865 1350 2124 1343 1738 1971 1859 506 1155 1413 1543 1324 1607 1516 1534 115 1181 1806 115 0 1355 2086 2053 1328 1609 162 951 409 366 809 1233 1770 87 1794 1996 1286 410 1197 678 1755 544 295 1813 1316 657
965 315 578 738 478 667 684 1132 960 503 880 98 583 54 773 1181 1348 1353 578 756 129 601 995 1324 1392 579 849 1030 1209 1088 1262 1294 748 1142 570 841 149 1005 57 714 946 834 1078 606 148 518 123 582 491 415 1257 414 748 1285 1355 0 967 1028 127 584 1243 515 1197 1195 727 183 746 1312 760 972 506 1198 320 993 730 867 1233 788 115 904
363 1160 690 549 834 1255 720 230 1548 1284 524 976 686 953 388 1769 2199 2162 734 1607 1008 713 1583 1912 2051 1209 464 180 2051 187 1850 2035 560 1730 682 387 1027 54 956 673 380 394 1666 1277 941 699 1001 694 725 634 2100 1109 542 2051 2086 967 0 239 1005 756 1985 1350 1785 1783 1315 1061 578 2078 554 387 1094 1786 1172 1581 557 1718 1821 512 993 1492
368 1013 748 620 910 1428 566 189 1721 1200 450 972 753 1014 496 1942 2045 2050 747 1453 1004 771 1756 2085 2089 1277 439 72 1906 301 2023 1991 630 1903 740 233 1023 276 1017 596 295 240 1839 1303 1087 688 997 752 571 807 1955 1112 663 1982 2053 1028 239 0 1001 754 1941 1213 1958 1956 1488 1000 628 2010 651 320 1217 1959 1018 1754 612 1564 1994 358 989 1666
993 289 551 711 451 705 657 1105 998 476 853 51 557 113 812 1219 1321 1326 551 729 43 574 1033 1362 1365 553 843 1003 1182 1126 1300 1267 721 1180 543 814 44 1043 116 687 920 807 1116 579 186 491 55 556 465 453 1231 388 755 1258 1328 127 1005 1001 0 557 1217 488 1235 1233 765 156 719 1286 743 945 493 1236 294 1031 703 840 1271 762 57 943
746 569 79 464 389 973 410 858 1266 756 606 528 131 570 562 1487 1601 1606 166 1009 560 57 1301 1630 1645 833 595 756 1462 876 1568 1547 473 1448 87 567 579 793 572 439 672 560 1384 859 642 107 553 75 217 352 1511 668 507 1538 1609 584 756 754 557 0 1497 769 1503 1501 1033 556 471 1566 495 698 773 1504 574 1299 456 1120 1539 514 545 1211
1933 1048 1491 1651 1391 842 1597 2045 511 891 1793 1187 1496 1229 1791 501 317 224 1491 638 1219 1514 546 917 184 1017 1782 1943 102 2106 472 86 1661 309 1483 1754 1238 2023 1232 1626 1859 1747 372 1044 1302 1431 1213 1495 1404 1433 150 1069 1694 101 162 1243 1985 1941 1217 1497 0 839 517 474 708 1121 1658 129 1682 1885 1174 518 1086 544 1643 433 404 1701 1205 523
1204 320 763 923 663 320 869 1317 696 78 1065 459 768 501 1112 917 941 946 762 682 491 786 731 1060 985 205 1054 1214 802 1429 998 887 932 878 755 1025 510 1387 504 898 1131 1019 814 231 574 703 484 767 676 798 851 341 966 878 948 515 1350 1213 488 769 837 0 934 931 463 393 930 906 954 1156 446 934 357 729 915 657 969 973 476 641
1783 1125 1437 1573 1321 642 1745 1950 668 980 1728 1206 1433 1183 1591 33 578 485 1481 1137 1237 1460 703 631 374 904 1667 1900 553 1906 173 468 1584 735 1429 1859 1257 1823 1185 1697 1800 1853 786 972 1171 1447 1231 1442 1553 1233 503 1074 1566 480 409 1197 1785 1958 1235 1503 517 934 0 106 508 1270 1602 451 1578 1806 1059 11 1163 701 1581 932 144 1738 1223 613
1781 1123 1435 1571 1318 640 1743 1948 666 977 1725 1204 1431 1180 1589 90 535 442 1479 1094 1235 1458 701 629 331 902 1665 1898 510 1903 130 425 1582 692 1427 1857 1255 1820 1183 1695 1797 1850 755 970 1169 1445 1229 1439 1550 1231 460 1072 1564 437 366 1195 1783 1956 1233 1501 474 931 106 0 506 1267 1600 408 1576 1804 1056 106 1160 699 1578 889 101 1736 1221 611
1313 654 967 1102 850 172 1275 1480 270 509 1257 735 963 712 1121 492 977 885 1011 1080 767 990 306 635 773 433 1197 1430 774 1435 572 758 1114 452 959 1389 786 1352 715 1227 1329 1382 389 502 700 976 761 971 1082 763 822 604 1095 773 809 727 1315 1488 765 1033 708 463 508 506 0 799 1131 801 1108 1336 588 508 692 303 1110 913 543 1268 753 215
992 193 550 710 450 656 656 1104 1032 380 852 127 555 169 867 1253 1226 1231 549 633 159 573 1067 1397 1270 457 841 1002 1086 1182 1334 1171 719 1214 542 813 178 1099 172 685 918 806 1151 483 241 490 152 554 463 509 1135 292 753 1162 1233 183 1061 1000 156 556 1121 393 1270 1267 799 0 717 1190 741 944 397 1270 198 1065 702 745 1305 760 144 977
576 730 465 90 628 1072 284 732 1364 917 480 689 471 731 384 1586 1763 1768 465 1171 721 488 1400 1729 1807 994 460 629 1624 699 1666 1708 100 1547 457 440 740 616 734 228 546 434 1483 1021 758 405 715 470 289 451 1672 829 76 1699 1770 746 578 628 719 471 1658 930 1602 1600 1131 717 0 1727 80 571 910 1603 735 1397 82 1282 1638 388 707 1309
2002 1117 1560 1720 1460 936 1666 2114 604 960 1862 1256 1565 1298 1885 435 227 134 1559 707 1288 1583 640 827 124 1086 1851 2012 171 2199 406 142 1729 402 1552 1823 1307 2116 1301 1695 1928 1816 465 1113 1371 1500 1282 1564 1473 1526 153 1138 1763 129 87 1312 2078 2010 1286 1566 129 908 451 408 801 1190 1727 0 1751 1954 1243 452 1155 637 1712 502 338 1770 1274 616
553 754 483 100 627 1048 308 719 1341 941 497 713 479 746 361 1562 1787 1792 489 1195 745 506 1376 1705 1831 1002 437 653 1648 675 1643 1732 112 1523 475 464 764 592 749 252 569 458 1459 1045 734 429 739 487 312 427 1696 853 52 1723 1794 760 554 651 743 495 1682 954 1578 1576 1108 741 80 1751 0 576 887 1579 759 1374 106 1306 1614 412 731 1286
123 957 692 564 854 1276 510 424 1569 1144 393 916 697 957 409 1790 1989 1994 691 1397 947 715 1604 1933 2033 1221 383 322 1850 507 1871 1935 574 1751 684 177 967 424 960 539 68 184 1687 1247 962 632 941 696 515 656 1899 1056 563 1926 1996 972 387 320 945 698 1885 1156 1806 1804 1336 944 571 1954 576 0 1115 1807 962 1602 556 1508 1842 302 933 1514
1092 220 746 881 629 528 873 1259 821 433 1036 463 742 491 900 1042 1278 1283 766 686 495 769 856 1185 1322 373 976 1209 1139 1214 1123 1224 893 1003 738 1030 514 1131 494 902 1108 1023 939 442 479 707 489 750 680 542 1188 170 874 1215 1286 506 1094 1217 493 773 1174 446 1059 1056 588 397 910 1243 887 1115 0 1059 258 854 889 797 1094 977 481 766
1784 1125 1438 1574 1321 643 1746 1951 669 980 1728 1206 1434 1183 1592 33 578 486 1482 1138 1238 1461 704 632 374 905 1668 1901 554 1906 173 469 1585 736 1430 1860 1257 1823 1186 1698 1800 1853 787 973 1172 1447 1232 1442 1553 1234 504 1075 1567 480 410 1198 1786 1959 1236 1504 518 934 11 106 508 1270 1603 452 1579 1807 1059 0 1163 702 1581 932 144 1739 1224 613
1010 79 568 728 468 621 674 1122 925 345 870 264 573 306 917 1147 1190 1195 567 598 296 591 960 1290 1234 421 859 1020 1051 1234 1227 1136 737 1107 560 831 315 1209 309 703 936 824 1044 448 379 508 290 572 481 639 1100 153 771 1127 1197 320 1172 1018 294 574 1086 357 1163 1160 692 198 735 1155 759 962 258 1163 0 958 720 709 1198 778 281 870
1579 920 1233 1368 1116 438 1541 1746 76 775 1523 1001 1229 978 1387 685 845 752 1277 1146 1033 1256 80 828 619 699 1463 1696 610 1701 765 594 1380 289 1225 1655 1052 1618 981 1493 1595 1648 225 768 966 1242 1027 1237 1348 1029 659 870 1361 610 678 993 1581 1754 1031 1299 544 729 701 699 303 1065 1397 637 1374 1602 854 702 958 0 1376 941 736 1534 1019 119
555 715 450 74 612 1050 268 716 1343 902 464 674 455 716 363 1565 1747 1752 449 1155 706 473 1378 1708 1791 979 439 614 1608 677 1645 1693 84 1525 442 425 725 594 718 213 530 418 1462 1005 737 390 699 454 273 430 1657 814 96 1684 1755 730 557 612 703 456 1643 915 1581 1578 1110 702 82 1712 106 556 889 1581 720 1376 0 1266 1616 372 691 1288
1556 671 1114 1274 1014 770 1220 1668 908 711 1416 811 1120 852 1463 915 537 542 1114 262 842 1137 943 1073 581 837 1406 1566 398 1781 886 483 1284 706 1106 1377 862 1756 855 1250 1483 1370 769 864 925 1054 836 1119 1027 1185 447 692 1317 474 544 867 1718 1564 840 1120 433 659 932 889 913 745 1282 502 1306 1508 797 932 709 941 1266 0 818 1325 828 920
1819 1160 1473 1609 1356 678 1781 1986 704 1015 1763 1241 1469 1218 1627 128 464 371 1517 1023 1273 1496 739 667 260 940 1703 1936 439 1941 77 355 1620 621 1465 1895 1292 1858 1221 1733 1835 1888 684 1008 1207 1482 1267 1477 1588 1269 390 1110 1602 366 295 1233 1821 1994 1271 1539 404 969 144 101 543 1305 1638 338 1614 1842 1094 144 1198 736 1616 818 0 1774 1259 648
350 773 508 380 670 1208 326 462 1501 960 141 732 513 774 188 1722 1806 1811 508 1213 764 531 1536 1865 1850 1037 131 360 1666 574 1803 1751 390 1683 500 171 783 549 777 356 276 164 1619 1063 847 448 758 512 331 587 1715 872 424 1742 1813 788 512 358 762 514 1701 973 1738 1736 1268 760 388 1770 412 302 977 1739 778 1534 372 1325 1774 0 750 1446
981 277 539 699 439 693 645 1093 986 464 841 38 545 101 800 1207 1309 1314 539 717 49 562 1021 1350 1353 540 831 991 1170 1114 1288 1255 709 1168 531 802 50 1031 104 675 908 795 1104 567 174 479 61 544 453 441 1219 376 742 1246 1316 115 993 989 57 545 1205 476 1223 1221 753 144 707 1274 731 933 481 1224 281 1019 691 828 1259 750 0 931
1491 832 1145 1280 1028 350 1453 1658 86 687 1435 913 1140 890 1299 597 824 731 1189 1126 945 1168 121 740 599 611 1375 1608 589 1613 677 573 1292 268 1137 1567 964 1530 893 1404 1507 1560 204 680 878 1154 939 1149 1260 941 638 782 1273 589 657 904 1492 1666 943 1211 523 641 613 611 215 977 1309 616 1286 1514 766 613 870 119 1288 920 648 1446 931 0
EOF