NAME : tsp_problem
TYPE : TSP
DIMENSION : 38
EDGE_WEIGHT_TYPE : EXPLICIT
EDGE_WEIGHT_FORMAT : FULL_MATRIX
EDGE_WEIGHT_SECTION
0 1807 1014 1679 1000 575 1665 617 1106 1292 1287 717 1039 1908 815 1130 1378 1789 793 812 1276 1025 767 617 1589 1464 1698 1672 1146 958 2012 1842 812 1031 1365 1249 628 1540
1807 0 1176 333 1738 1714 532 1756 1468 920 916 2000 1549 136 1553 1492 749 414 1919 1550 904 1188 1505 1756 699 377 352 506 1039 1696 320 70 1550 1546 736 877 1767 651
1014 1176 0 1048 945 921 815 963 819 544 567 1133 878 1226 760 843 748 1152 1052 757 620 147 712 963 840 834 1068 1035 407 903 1279 1212 757 870 735 619 974 848
1679 333 1048 0 1610 1586 452 1628 1387 792 788 1920 1469 407 1425 1411 621 162 1839 1422 776 1060 1377 1628 571 249 67 378 912 1568 461 369 1422 1465 608 750 1639 523
1000 1738 945 1610 0 608 1597 664 712 1224 1219 421 645 1840 390 736 1310 1720 342 387 1207 957 342 595 1520 1396 1630 1603 1078 93 1944 1774 387 637 1297 1181 606 1472
575 1714 921 1586 608 0 1573 87 933 1199 1195 384 865 1815 722 957 1285 1696 458 719 1183 932 675 73 1496 1372 1605 1579 1054 640 1920 1750 719 857 1273 1157 84 1447
1665 532 815 452 1597 1573 0 1614 977 443 466 1509 1059 452 1412 1001 411 378 1428 1409 519 769 1364 1615 212 386 471 261 723 1555 506 516 1408 1055 425 577 1625 219
617 1756 963 1628 664 87 1614 0 989 1241 1236 440 922 1857 764 1013 1327 1738 515 761 1225 974 716 129 1538 1413 1647 1621 1095 696 1961 1791 761 914 1314 1198 140 1489
1095 1468 819 1387 712 933 977 989 0 706 729 574 123 1388 1041 48 939 1314 493 1038 782 773 993 920 1002 1239 1407 1197 728 744 1441 1452 1038 119 954 840 930 1010
1292 920 544 792 1224 1199 443 1241 706 0 46 1238 788 854 1038 730 405 780 1157 1035 100 498 991 1242 468 578 812 663 452 1182 908 918 1035 784 420 158 1252 476
1287 916 567 788 1219 1195 466 1236 729 46 0 1261 811 877 1034 753 428 803 1180 1031 95 521 986 1237 491 573 807 686 475 1177 930 941 1031 807 443 153 1248 499
706 2000 1135 1920 421 384 1509 440 574 1238 1261 0 507 1920 749 598 1472 1846 99 746 1315 1089 702 371 1535 1724 1939 1729 1260 453 1974 1984 746 499 1486 1373 381 1542
1028 1549 881 1469 645 865 1059 922 123 788 811 507 0 1469 974 147 1021 1395 426 970 864 835 926 853 1084 1321 1488 1278 809 677 1523 1533 970 52 1035 922 863 1091
1908 136 1226 407 1840 1815 452 1857 1388 854 877 1920 1469 0 1655 1412 822 334 1839 1651 930 1180 1607 1858 622 479 427 529 1134 1798 240 120 1651 1466 836 979 1868 630
815 1553 760 1425 390 722 1412 764 1041 1038 1034 749 974 1655 0 1065 1125 1535 670 61 1022 772 64 765 1335 1211 1445 1418 893 348 1759 1589 20 966 1112 996 775 1287
1119 1492 843 1411 736 957 1001 1013 48 730 753 598 147 1412 1065 0 963 1338 517 1062 806 797 1017 944 1026 1263 1431 1221 751 768 1465 1476 1061 143 978 864 954 1034
1378 749 748 621 1310 1285 411 1327 939 405 428 1472 1021 822 1125 963 0 731 1391 1121 476 731 1077 1328 360 407 641 614 611 1268 875 785 1121 1017 124 449 1338 311
1789 414 1152 162 1720 1696 378 1738 1314 780 803 1846 1395 334 1535 1338 731 0 1765 1532 856 1106 1487 1738 549 359 182 455 1022 1678 387 398 1532 1392 718 859 1749 556
782 1919 1054 1839 342 458 1428 515 493 1157 1180 99 426 1839 670 517 1391 1765 0 667 1234 1008 623 445 1454 1676 1858 1648 1179 374 1893 1903 667 418 1405 1292 456 1461
812 1550 757 1422 387 719 1409 761 1038 1035 1031 746 970 1651 61 1062 1121 1532 667 0 1019 768 90 761 1332 1208 1441 1415 890 345 1756 1586 65 962 1109 992 772 1283
1276 904 620 776 1207 1183 519 1225 782 100 95 1315 864 930 1022 806 476 856 1234 1019 0 574 974 1225 545 562 796 739 509 1165 984 940 1019 860 463 141 1236 552
1025 1188 147 1060 957 932 769 974 773 498 521 1086 832 1180 772 797 731 1106 1005 768 574 0 724 975 794 846 1080 989 419 915 1233 1224 768 824 745 631 985 801
767 1505 712 1377 342 675 1364 716 993 991 986 702 926 1607 64 1017 1077 1487 623 90 974 724 0 717 1287 1163 1397 1370 845 300 1711 1541 68 918 1064 948 727 1239
617 1756 963 1628 595 73 1615 129 920 1242 1237 371 853 1858 765 944 1328 1738 445 761 1225 975 717 0 1538 1414 1648 1621 1096 627 1962 1792 761 845 1315 1199 50 1490
1589 699 840 571 1520 1496 212 1538 1002 468 491 1535 1084 622 1335 1026 360 549 1454 1332 545 794 1287 1538 0 357 591 432 748 1478 676 687 1332 1080 374 603 1549 107
1464 377 834 249 1396 1372 386 1413 1239 578 573 1724 1321 479 1211 1263 407 359 1676 1208 562 846 1163 1414 357 0 269 242 697 1354 583 413 1208 1317 394 535 1425 309
1698 352 1068 67 1630 1605 471 1647 1407 812 807 1939 1488 427 1445 1431 641 182 1858 1441 796 1080 1397 1648 591 269 0 397 931 1588 480 388 1441 1485 628 769 1658 542
1672 506 1035 378 1603 1579 261 1621 1197 663 686 1729 1278 529 1418 1221 614 455 1648 1415 739 989 1370 1621 432 242 397 0 905 1561 583 541 1415 1275 601 742 1632 439
1146 1039 407 912 1078 1054 723 1095 728 452 475 1260 809 1134 893 751 611 1022 1179 890 509 419 845 1096 748 697 931 905 0 1036 1187 1075 890 805 598 482 1106 756
958 1696 903 1568 93 640 1555 696 744 1182 1177 453 677 1798 348 768 1268 1678 374 345 1165 915 300 627 1478 1354 1588 1561 1036 0 1902 1732 345 669 1255 1139 638 1430
2012 320 1279 461 1944 1920 506 1961 1441 908 930 1974 1523 240 1759 1465 875 387 1893 1756 984 1233 1711 1962 676 583 480 583 1187 1902 0 304 1755 1519 890 1042 1972 683
1842 70 1212 369 1774 1750 516 1791 1452 918 941 1984 1533 120 1589 1476 785 398 1903 1586 940 1224 1541 1792 687 413 388 541 1075 1732 304 0 1585 1530 772 913 1802 687
812 1550 757 1422 387 719 1408 761 1038 1035 1031 746 970 1651 20 1061 1121 1532 667 65 1019 768 68 761 1332 1208 1441 1415 890 345 1755 1585 0 962 1108 992 772 1283
1020 1546 873 1465 637 857 1055 914 119 784 807 499 52 1466 966 143 1017 1392 418 962 860 827 918 845 1080 1317 1485 1275 805 669 1519 1530 962 0 1032 918 855 1087
1365 736 735 608 1297 1273 425 1314 954 420 443 1486 1035 836 1112 978 124 718 1405 1109 463 745 1064 1315 374 394 628 601 598 1255 890 772 1108 1032 0 436 1325 326
1249 877 619 750 1181 1157 577 1198 840 158 153 1373 922 979 996 864 449 859 1292 992 141 631 948 1199 603 535 769 742 482 1139 1042 913 992 918 436 0 1209 610
628 1767 974 1639 606 84 1625 140 930 1252 1248 381 863 1868 775 954 1338 1749 456 772 1236 985 727 50 1549 1425 1658 1632 1106 638 1972 1802 772 855 1325 1209 0 1500
1540 651 848 523 1472 1447 219 1489 1010 476 499 1542 1091 630 1287 1034 311 556 1461 1283 552 801 1239 1490 107 309 542 439 756 1430 683 687 1283 1087 326 610 1500 0
EOF