NAME : tsp_problem
TYPE : TSP
DIMENSION : 46
EDGE_WEIGHT_TYPE : EXPLICIT
EDGE_WEIGHT_FORMAT : FULL_MATRIX
EDGE_WEIGHT_SECTION
0 1004 56 701 611 1762 591 1254 1092 1026 1060 736 502 836 1380 936 1302 324 645 755 1025 1007 1636 914 976 945 1011 1654 950 60 808 1604 803 1702 1250 1352 768 790 670 728 712 1004 920 1031 853 84
1004 0 1007 790 618 2252 639 1745 1583 905 1550 1226 992 955 1824 1426 1792 922 582 710 1515 886 2126 1404 1467 825 1501 2144 1441 971 465 2094 495 2192 1741 1796 523 331 579 1218 802 1494 799 182 366 995
56 1007 0 704 614 1765 594 1257 1095 1029 1063 739 505 839 1383 939 1305 327 648 758 1028 1010 1639 917 979 948 1014 1657 953 63 811 1607 806 1705 1253 1355 771 793 673 731 715 1007 923 1034 856 87
701 790 704 0 478 1950 500 1442 1280 1000 1247 924 689 1024 1568 1123 1490 698 418 258 1212 980 1823 1102 1164 919 1199 1842 1138 668 523 1791 570 1889 1438 1540 484 577 384 915 103 1191 893 761 569 692
611 607 614 478 0 1920 108 1538 1468 543 1453 1095 956 592 1462 1089 1486 339 135 263 1236 524 2090 1067 1253 462 1287 2108 1104 578 216 1894 263 2026 1534 1434 177 853 132 1029 449 1280 437 454 262 602
1762 2252 1765 1950 1920 0 1899 705 897 1436 883 1265 1457 1405 492 968 653 1929 1977 2116 931 1483 284 972 948 1504 982 303 953 1729 1934 239 1890 135 701 520 2002 2039 2030 1199 1961 975 1675 2117 1990 1752
591 628 594 500 108 1899 0 1517 1447 522 1433 1075 935 572 1441 1068 1465 318 156 284 1215 503 2069 1046 1232 442 1267 2087 1083 558 237 1873 284 2006 1513 1413 198 874 153 1008 470 1259 416 475 283 581
1254 1745 1257 1442 1538 705 1517 0 383 1055 369 883 954 1024 248 586 117 1422 1596 1609 549 1101 749 591 566 1123 601 767 571 1221 1552 679 1508 812 67 220 1621 1531 1648 817 1453 593 1294 1736 1608 1245
1092 1583 1095 1280 1468 897 1447 383 0 984 107 739 792 953 439 515 386 1259 1525 1446 479 1031 847 520 445 1052 480 865 501 1059 1482 815 1438 913 379 411 1550 1369 1572 731 1291 473 1223 1665 1538 1083
1026 894 1029 1000 543 1436 522 1055 984 0 970 828 883 454 979 605 1002 753 601 784 753 106 1692 584 769 128 804 1710 620 993 557 1410 513 1543 1050 951 626 1140 653 762 970 797 299 741 613 1016
1060 1550 1063 1247 1453 883 1433 369 107 970 0 707 759 939 425 501 372 1227 1511 1414 461 1017 815 506 413 1038 447 833 486 1027 1468 783 1424 881 365 397 1536 1336 1540 698 1258 440 1209 1647 1524 1050
736 1226 739 924 1093 1265 1072 883 739 828 707 0 436 527 807 434 831 903 1150 1090 581 875 1283 413 598 874 633 1301 449 703 1107 1239 1063 1349 879 779 1175 1013 1203 127 935 626 800 1290 1163 727
502 992 505 689 956 1457 935 954 792 883 759 436 0 455 999 626 1002 669 989 856 724 864 1335 605 676 802 711 1354 641 469 1035 1303 991 1401 950 971 1082 778 981 427 700 703 729 1089 1091 492
836 943 839 1024 592 1408 572 1026 956 454 942 530 455 0 950 577 974 802 650 833 724 435 1664 556 741 374 776 1682 592 803 607 1382 563 1515 1022 922 675 1113 703 463 1019 769 300 790 663 827
1380 1813 1383 1568 1462 492 1441 248 439 979 425 807 999 948 0 510 195 1547 1520 1703 473 1025 748 515 490 1047 525 766 495 1347 1476 466 1432 599 243 63 1545 1657 1572 741 1579 517 1218 1660 1532 1371
936 1426 939 1123 1089 968 1068 586 515 605 501 434 626 574 510 0 534 1103 1147 1290 284 652 1213 57 301 674 335 1231 80 903 1103 941 1059 1074 582 482 1171 1212 1199 368 1134 328 844 1286 1159 926
1302 1792 1305 1490 1486 653 1465 117 386 1002 372 831 1002 971 195 534 0 1469 1543 1656 497 1049 797 538 514 1070 548 815 519 1269 1500 627 1456 760 120 167 1568 1579 1596 765 1501 541 1241 1683 1556 1292
324 911 327 698 339 1929 318 1422 1259 753 1227 903 669 802 1547 1103 1469 0 372 482 1192 734 1803 1081 1144 672 1178 1821 1118 291 535 1771 530 1869 1417 1519 495 958 397 895 668 1171 647 758 581 315
645 571 648 418 135 1977 156 1596 1525 601 1511 1153 989 650 1520 1147 1543 372 0 203 1294 581 2123 1125 1311 520 1345 2142 1161 612 180 1951 227 2084 1592 1492 141 817 71 1087 388 1338 494 418 226 635
755 699 758 258 263 2116 284 1609 1446 784 1414 1090 856 833 1703 1290 1656 482 203 0 1379 765 1990 1268 1331 703 1365 2008 1305 722 308 1958 355 2056 1605 1675 269 744 168 1082 229 1358 678 546 354 746
1025 1515 1028 1212 1236 931 1215 549 479 753 461 581 724 722 473 284 497 1192 1294 1379 0 799 1037 289 88 821 122 1055 269 992 1250 905 1206 1038 545 445 1318 1301 1346 515 1223 115 992 1434 1306 1015
1007 875 1010 980 524 1483 503 1101 1031 106 1017 875 864 435 1025 652 1049 734 581 765 799 0 1739 630 816 108 851 1757 667 974 538 1457 494 1590 1097 997 606 1120 634 809 951 843 279 721 594 997
1636 2126 1639 1823 2090 284 2069 749 847 1692 815 1283 1335 1661 748 1213 797 1803 2123 1990 1037 1739 0 1191 989 1760 1023 71 1208 1603 2190 426 2146 224 745 776 2216 1912 2115 1274 1834 1016 1931 2223 2246 1626
914 1404 917 1102 1067 972 1046 591 520 584 506 413 605 553 515 57 538 1081 1125 1268 289 630 1191 0 305 652 340 1210 71 881 1082 946 1038 1079 586 487 1150 1191 1178 346 1113 333 823 1265 1138 905
976 1467 979 1164 1253 948 1232 566 445 769 413 598 676 738 490 301 514 1144 1311 1331 88 816 989 305 0 838 54 1007 286 943 1267 922 1223 1055 562 462 1335 1253 1363 532 1175 47 1008 1450 1323 967
945 813 948 919 462 1504 442 1123 1052 128 1038 877 802 374 1047 674 1070 672 520 703 821 108 1760 652 838 0 872 1778 688 912 477 1478 433 1611 1119 1019 545 1059 573 811 889 865 218 660 533 936
1011 1501 1014 1199 1287 982 1267 601 480 804 447 633 711 773 525 335 548 1178 1345 1365 122 851 1023 340 54 872 0 1042 321 978 1302 956 1258 1089 597 497 1370 1288 1398 567 1210 45 1043 1485 1358 1002
1654 2144 1657 1842 2108 303 2087 767 865 1710 833 1301 1354 1679 766 1231 815 1821 2142 2008 1055 1757 71 1210 1007 1778 1042 0 1227 1621 2208 444 2164 242 763 794 2234 1931 2134 1293 1853 1034 1949 2241 2264 1644
950 1441 953 1138 1104 953 1083 571 501 620 486 449 641 589 495 80 519 1118 1161 1305 269 667 1208 71 286 688 321 1227 0 917 1118 927 1074 1059 567 467 1186 1227 1214 383 1149 313 859 1301 1174 941
60 971 63 668 578 1729 558 1221 1059 993 1027 703 469 803 1347 903 1269 291 612 722 992 974 1603 881 943 912 978 1621 917 0 775 1571 770 1669 1217 1319 735 757 637 695 679 971 887 998 820 51
808 453 811 523 216 1934 237 1552 1482 557 1468 1110 1035 607 1476 1103 1500 535 180 308 1250 538 2190 1082 1267 477 1302 2208 1118 775 0 1908 59 2041 1548 1448 121 699 176 1044 494 1295 451 300 108 798
1604 2094 1607 1791 1894 239 1873 679 815 1410 783 1239 1303 1379 466 941 627 1771 1951 1958 905 1457 426 946 922 1478 956 444 927 1571 1908 0 1864 346 675 494 1976 1881 2004 1173 1803 949 1649 2091 1964 1594
803 484 806 570 263 1890 284 1508 1438 513 1424 1066 991 563 1432 1059 1456 530 227 355 1206 494 2146 1038 1223 433 1258 2164 1074 770 59 1864 0 1997 1504 1404 168 729 224 1000 541 1251 407 330 155 794
1702 2192 1705 1889 2026 135 2006 812 913 1543 881 1349 1401 1512 599 1074 760 1869 2084 2056 1038 1590 224 1079 1055 1611 1089 242 1059 1669 2041 346 1997 0 808 627 2109 1978 2137 1306 1900 1082 1782 2224 2097 1692
1250 1741 1253 1438 1534 701 1513 67 379 1050 365 879 950 1019 243 582 120 1417 1592 1605 545 1097 745 586 562 1119 597 763 567 1217 1548 675 1504 808 0 215 1616 1527 1644 813 1449 589 1289 1732 1604 1241
1352 1785 1355 1540 1434 520 1413 220 411 951 397 779 971 920 63 482 167 1519 1492 1675 445 997 776 487 462 1019 497 794 467 1319 1448 494 1404 627 215 0 1516 1629 1544 713 1551 489 1190 1632 1504 1343
768 512 771 484 177 2002 198 1621 1550 626 1536 1178 1082 675 1545 1171 1568 495 141 269 1318 606 2216 1150 1335 545 1370 2234 1186 735 121 1976 168 2109 1616 1516 0 758 137 1112 454 1363 519 359 167 759
790 331 793 577 864 2039 885 1531 1369 1151 1336 1013 778 1113 1657 1212 1579 958 828 744 1301 1132 1912 1191 1253 1070 1288 1931 1227 757 710 1881 741 1978 1527 1629 769 0 825 1004 588 1280 1045 428 612 781
670 567 673 384 132 2030 153 1648 1572 653 1540 1206 981 703 1572 1199 1596 397 71 168 1346 634 2115 1178 1363 573 1398 2134 1214 637 176 2004 224 2137 1644 1544 137 813 0 1140 354 1391 547 414 222 660
728 1218 731 915 1026 1199 1006 817 731 762 698 127 427 460 741 368 765 895 1084 1082 515 809 1274 346 532 808 567 1293 383 695 1041 1173 997 1306 813 713 1109 1004 1137 0 926 559 734 1224 1097 718
712 802 715 103 449 1961 470 1453 1291 970 1258 935 700 1019 1579 1134 1501 668 388 229 1223 951 1834 1113 1175 889 1210 1853 1149 679 494 1803 541 1900 1449 1551 454 588 354 926 0 1202 864 731 540 703
1004 1494 1007 1191 1280 975 1259 593 473 797 440 626 703 766 517 328 541 1171 1338 1358 115 843 1016 333 47 865 45 1034 313 971 1295 949 1251 1082 589 489 1363 1280 1391 559 1202 0 1036 1478 1350 994
920 788 923 893 437 1675 416 1294 1223 299 1209 803 729 300 1218 844 1241 647 494 678 992 279 1931 823 1008 218 1043 1949 859 887 451 1649 407 1782 1289 1190 519 1033 547 737 864 1036 0 634 507 910
1031 182 1034 761 454 2117 475 1736 1665 741 1647 1293 1089 790 1660 1286 1683 758 418 546 1434 721 2223 1265 1450 660 1485 2241 1301 998 300 2091 330 2224 1732 1632 359 428 414 1227 731 1478 634 0 201 1021
853 354 856 569 262 1990 283 1608 1538 613 1524 1166 1091 663 1532 1159 1556 581 226 354 1306 594 2246 1138 1323 533 1358 2264 1174 820 108 1964 155 2097 1604 1504 167 600 222 1099 540 1350 507 201 0 844
84 995 87 692 602 1752 581 1245 1083 1016 1050 727 492 827 1371 926 1292 315 635 746 1015 997 1626 905 967 936 1002 1644 941 51 798 1594 794 1692 1241 1343 759 781 660 718 703 994 910 1021 844 0
EOF