NAME : tsp_problem
TYPE : TSP
DIMENSION : 87
EDGE_WEIGHT_TYPE : EXPLICIT
EDGE_WEIGHT_FORMAT : FULL_MATRIX
EDGE_WEIGHT_SECTION
0 420 677 1145 1324 618 1256 326 345 1228 1516 1281 310 925 762 1337 871 390 349 1332 1451 463 853 392 332 1378 634 487 718 504 1475 1135 1438 1226 1376 562 1310 1271 372 1377 716 1381 427 932 295 214 246 805 1346 839 1242 553 337 318 1373 871 591 354 864 461 1377 811 200 830 899 372 341 331 835 985 350 887 1561 844 371 471 733 807 1386 1292 897 927 631 600 1269 248 332
420 0 753 962 1142 721 1298 653 211 1046 1334 1099 352 1001 1010 1380 914 191 216 1150 1269 496 1063 468 579 1195 737 519 536 749 1481 953 1255 1043 1194 380 1127 1314 174 1194 792 1198 469 1008 161 454 582 1053 1164 964 1285 596 380 361 1190 947 634 221 907 178 1396 920 503 1010 1062 414 142 579 960 802 677 930 1583 969 173 504 709 850 1203 1109 973 1003 734 643 1312 584 659
677 753 0 1374 1553 338 1827 547 828 1457 1745 1510 881 439 411 1909 1442 619 832 1561 1680 907 500 362 447 1606 354 931 947 366 1892 1364 1667 1454 1605 791 1539 1794 791 1605 77 1610 998 446 778 608 476 454 1575 401 1814 1066 909 890 1601 385 1121 838 1436 792 1807 358 657 447 499 943 759 446 397 1214 570 1459 1994 406 790 915 1121 1378 1615 1521 410 440 351 1172 1841 478 552
1145 962 1374 0 653 1341 767 1274 1037 136 748 253 940 1622 1746 811 1059 828 1041 304 779 851 1683 1089 1359 706 1357 875 488 1369 668 85 766 134 348 651 638 537 1000 705 1413 709 893 1629 987 1074 1203 1766 318 1584 1255 741 967 948 701 1568 795 1047 894 1002 550 1540 1124 1630 1682 892 968 1358 1580 205 1297 927 1072 1589 999 859 506 995 714 263 1593 1623 1354 622 652 1205 1279
1324 1142 1553 653 0 1520 580 1453 1217 736 227 734 1119 1801 1926 519 1024 1007 1221 669 558 1031 1863 1268 1538 88 1536 1054 668 1549 374 643 148 733 640 830 50 502 1179 87 1592 91 1072 1808 1166 1254 1382 1945 683 1763 1220 920 1147 1128 479 1747 975 1226 959 1181 535 1720 1303 1809 1862 1071 1147 1537 1760 493 1476 892 795 1768 1178 1039 685 960 96 799 1773 1802 1533 801 617 1384 1459
618 721 338 1341 1520 0 1702 514 791 1425 1712 1478 756 586 598 1783 1317 586 795 1529 1647 874 647 329 321 1574 79 898 915 171 1860 1331 1634 1422 1573 758 1506 1717 758 1573 377 1577 873 593 741 575 443 641 1543 548 1688 999 783 764 1569 532 1037 800 1310 760 1774 505 625 594 646 818 726 320 545 1181 538 1333 1962 553 757 883 1088 1253 1582 1488 557 587 76 1046 1715 445 520
1256 1298 1827 767 580 1702 0 1542 1224 851 407 580 1068 2136 1846 118 551 1353 1228 515 651 1083 1937 1609 1415 593 1717 1108 1066 1588 326 758 584 848 485 1229 596 275 1251 592 1866 596 1004 2144 1173 1443 1462 1889 529 1923 747 958 1095 1076 692 1976 995 1233 486 1340 381 1895 1430 1914 1982 1020 1219 1414 1919 856 1565 419 342 1928 1250 1091 871 487 532 797 2108 2139 1715 769 273 1463 1547
326 653 547 1274 1453 514 1542 0 631 1357 1645 1410 596 795 726 1623 1157 519 636 1461 1580 749 817 262 295 1506 530 774 847 468 1761 1264 1567 1354 1505 691 1439 1557 659 1505 586 1509 713 802 581 453 104 769 1475 757 1529 840 624 604 1501 741 878 641 1151 692 1663 714 440 793 855 658 627 294 754 1114 50 1174 1847 762 658 757 1020 1093 1514 1420 766 796 527 886 1555 105 32
345 211 828 1037 1217 791 1224 631 0 1121 1409 1174 278 1076 935 1305 839 266 34 1225 1343 431 1026 543 505 1270 807 456 611 677 1443 1028 1330 1118 1269 455 1202 1239 164 1269 867 1273 395 1083 66 529 551 979 1239 1012 1211 522 305 286 1265 1022 559 40 833 253 1345 985 519 1003 1072 340 132 504 1009 877 655 856 1529 1017 163 439 702 775 1278 1184 1048 1077 804 568 1237 553 637
1228 1046 1457 136 736 1425 851 1357 1121 0 832 337 1023 1705 1830 895 1143 911 1125 388 863 935 1767 1172 1442 789 1441 958 572 1453 751 168 850 38 432 735 722 620 1083 789 1496 793 976 1712 1070 1158 1286 1849 402 1668 1338 824 1051 1032 785 1651 879 1130 977 1085 633 1624 1207 1714 1766 975 1051 1441 1664 289 1381 1010 1156 1673 1082 943 589 1078 798 347 1677 1707 1438 705 735 1288 1363
1516 1334 1745 748 227 1712 407 1645 1409 832 0 561 1311 1993 2118 345 851 1199 1413 496 749 1223 2055 1460 1715 239 1728 1246 860 1741 200 739 230 829 466 1022 242 329 1371 238 1784 242 1264 2000 1358 1446 1574 2137 510 1955 1047 1112 1339 1320 671 1939 1167 1418 785 1373 362 1912 1495 2001 2054 1263 1339 1714 1952 685 1668 719 621 1960 1370 1231 877 787 178 778 1965 1994 1725 993 444 1576 1650
1281 1099 1510 253 734 1478 580 1410 1174 337 561 0 1076 1758 1883 624 871 964 1178 116 916 988 1820 1225 1495 747 1493 1011 625 1506 480 243 737 334 160 787 750 349 1136 746 1549 750 1029 1765 1123 1211 1339 1902 130 1720 1067 877 1104 1085 837 1704 932 1183 806 1138 362 1677 1260 1767 1819 1028 1104 1494 1717 342 1434 739 885 1725 1135 996 642 807 685 282 1730 1760 1490 758 464 1341 1416
310 352 881 940 1119 756 1068 596 278 1023 1311 1076 0 1190 900 1149 683 407 282 1127 1246 171 991 663 469 1172 771 196 513 642 1287 930 1233 1021 1171 324 1105 1083 305 1172 920 1176 239 1198 227 497 516 943 1141 977 1054 366 44 25 1168 1030 403 287 677 394 1189 949 484 968 1036 79 273 468 973 780 619 699 1373 982 304 180 545 619 1181 1087 1162 1193 769 412 1081 517 601
925 1001 439 1622 1801 586 2136 795 1076 1705 1993 1758 1190 0 323 2218 1752 867 1080 1809 1928 1155 232 610 756 1854 602 1178 1195 614 2140 1612 1914 1702 1853 1039 1787 2042 1038 1853 478 1857 1307 46 1026 856 724 314 1823 433 2123 1314 1218 1199 1849 416 1369 1085 1745 1040 2055 389 905 479 231 1195 1007 755 429 1462 818 1768 2242 438 1037 1163 1369 1688 1862 1768 89 197 599 1481 2150 726 800
762 1010 411 1746 1926 598 1846 726 935 1830 2118 1883 900 323 0 1928 1461 992 940 1934 2053 1053 122 735 466 1979 614 1078 1320 484 2065 1737 2039 1827 1978 1164 1911 1861 963 1978 450 1982 1017 331 885 889 646 98 1948 285 1833 1144 928 908 1974 339 1182 945 1455 1051 1967 258 876 276 169 962 931 465 282 1586 749 1478 2151 290 962 1061 1324 1397 1987 1893 295 326 611 1191 1860 647 731
1337 1380 1909 811 519 1783 118 1623 1305 895 345 624 1149 2218 1928 0 633 1435 1310 559 643 1165 2018 1690 1497 531 1799 1189 1148 1669 265 802 522 892 529 1310 535 319 1333 530 1948 534 1085 2225 1255 1525 1543 1971 573 2004 829 1039 1177 1158 684 2058 1077 1315 567 1421 425 1977 1511 1995 2064 1101 1301 1496 2001 900 1647 501 334 2009 1332 1173 953 569 470 841 2190 2220 1796 851 335 1545 1629
871 914 1442 1059 1024 1317 551 1157 839 1143 851 871 683 1752 1461 633 0 969 843 807 1166 698 1552 1224 1031 1037 1333 723 1027 1203 770 1049 1028 1140 777 851 1040 566 866 1036 1481 1040 662 1759 789 1058 1077 1504 821 1538 708 789 710 691 1207 1591 827 848 446 955 672 1510 1045 1529 1597 635 835 1030 1534 1137 1181 183 856 1543 865 707 832 85 976 1088 1723 1754 1330 730 565 1079 1163
390 191 619 828 1007 586 1353 519 266 911 1199 964 407 867 992 1435 969 0 271 1015 1134 361 928 334 619 1061 602 385 401 615 1346 818 1121 909 1060 245 993 1248 229 1060 658 1064 524 874 216 319 448 1011 1029 829 1340 520 435 416 1056 813 575 276 962 231 1261 786 369 875 927 402 197 618 825 668 542 985 1449 834 228 369 575 904 1069 975 838 868 599 691 1363 450 524
349 216 832 1041 1221 795 1228 636 34 1125 1413 1178 282 1080 940 1310 843 271 0 1229 1348 435 1031 547 509 1274 811 460 615 682 1447 1032 1334 1122 1273 459 1207 1243 168 1273 871 1277 399 1087 70 533 555 983 1243 1017 1215 526 310 291 1269 1026 564 44 837 257 1349 989 523 1007 1076 344 137 508 1013 882 659 860 1533 1022 167 443 706 779 1282 1188 1052 1082 808 573 1242 557 641
1332 1150 1561 304 669 1529 515 1461 1225 388 496 116 1127 1809 1934 559 807 1015 1229 0 967 1039 1871 1276 1546 682 1545 1062 676 1557 415 294 673 385 96 839 685 284 1187 681 1600 685 1080 1816 1174 1262 1390 1953 28 1772 1002 928 1155 1136 889 1755 983 1234 741 1189 297 1728 1311 1818 1870 1079 1155 1545 1768 393 1485 674 820 1777 1186 1047 693 742 621 334 1781 1811 1542 809 399 1392 1467
1451 1269 1680 779 558 1647 663 1580 1343 863 749 916 1246 1928 2053 654 1177 1134 1348 967 0 1157 1989 1395 1665 611 1663 1181 794 1676 862 770 671 860 1011 957 543 901 1306 610 1719 614 1199 1935 1293 1380 1509 2072 981 1890 1373 1047 1274 1254 140 1874 1102 1353 1111 1308 1007 1847 1430 1936 1988 1198 1274 1664 1887 619 1603 1045 414 1895 1305 1166 812 1113 619 926 1899 1929 1660 928 899 1511 1585
463 496 907 851 1031 874 1083 749 431 935 1223 988 171 1155 1053 1165 698 361 435 1039 1157 0 1144 622 623 1084 890 108 425 795 1302 842 1144 932 1083 235 1016 1098 458 1083 946 1087 254 1162 381 608 669 1096 1053 1117 1070 381 199 180 1079 1101 419 441 692 535 1204 1074 637 1121 1189 123 427 622 1114 691 773 715 1388 1122 457 71 561 634 1092 998 1127 1156 887 428 1097 671 755
853 1063 500 1683 1863 647 1937 817 1026 1767 2055 1820 991 232 122 2018 1552 928 1031 1871 1989 1144 0 671 556 1916 663 1169 1257 575 2156 1674 1976 1764 1915 1101 1848 1952 1054 1915 539 1919 1108 239 976 917 736 148 1885 376 1924 1235 1019 999 1911 430 1273 1036 1546 1102 2058 349 967 367 78 1053 1022 555 373 1523 840 1569 2242 381 1053 1152 1415 1488 1924 1830 204 234 660 1281 1950 738 822
392 468 362 1089 1268 329 1609 262 543 1172 1460 1225 663 610 735 1690 1224 334 547 1276 1395 622 671 0 362 1321 345 645 662 358 1607 1079 1382 1169 1320 506 1254 1509 506 1320 401 1324 780 617 493 323 191 754 1290 572 1595 781 690 671 1316 556 836 552 1217 507 1522 529 372 618 671 663 474 361 569 929 285 1240 1709 577 505 630 836 1160 1329 1236 582 611 342 952 1622 193 267
332 579 447 1359 1538 321 1415 295 505 1442 1715 1495 469 756 466 1497 1031 619 509 1546 1665 623 556 362 0 1591 337 647 947 207 1634 1349 1651 1439 1590 775 1524 1431 532 1590 486 1594 586 763 454 459 215 509 1560 542 1402 713 497 478 1586 596 751 514 1024 621 1536 515 445 533 602 531 500 34 539 1199 319 1047 1720 547 531 631 893 966 1599 1505 728 758 334 760 1429 217 301
1378 1195 1606 706 88 1574 593 1506 1270 789 239 747 1172 1854 1979 531 1037 1061 1274 682 611 1084 1916 1321 1591 0 1590 1107 721 1602 386 696 161 787 652 884 104 515 1232 25 1645 29 1125 1861 1220 1307 1435 1998 696 1817 1233 973 1200 1181 532 1800 1028 1279 971 1234 548 1773 1356 1863 1915 1124 1201 1590 1813 546 1530 905 807 1822 1231 1092 738 973 109 853 1826 1856 1587 854 630 1437 1512
634 737 354 1357 1536 79 1717 530 807 1441 1728 1493 771 602 614 1799 1333 602 811 1545 1663 890 663 345 337 1590 0 914 930 187 1876 1347 1650 1438 1589 774 1522 1733 774 1589 393 1593 888 609 757 591 459 657 1559 564 1704 1015 799 780 1585 548 1053 816 1326 776 1790 521 641 610 662 833 742 336 560 1197 554 1349 1978 569 773 898 1104 1269 1598 1504 573 603 51 1062 1731 461 536
487 519 931 875 1054 898 1108 774 456 958 1246 1011 196 1178 1078 1189 723 385 460 1062 1181 108 1169 645 647 1107 914 0 448 820 1327 865 1168 955 1106 258 1040 1123 483 1106 970 1110 279 1186 405 631 693 1121 1076 1141 1095 406 224 204 1102 1124 444 465 717 558 1229 1097 662 1145 1214 148 451 646 1137 715 797 740 1413 1146 482 116 586 659 1115 1021 1150 1180 911 452 1121 695 779
718 536 947 488 668 915 1066 847 611 572 860 625 513 1195 1320 1148 1027 401 615 676 794 425 1257 662 947 721 930 448 0 943 1007 479 781 569 720 225 653 909 573 720 986 724 488 1202 560 648 776 1339 690 1158 1001 308 541 522 716 1141 363 620 623 575 921 1114 697 1204 1256 465 541 946 1154 328 871 895 1109 1163 572 433 235 963 729 635 1167 1197 928 351 1024 778 853
504 749 366 1369 1549 171 1588 468 677 1453 1741 1506 642 614 484 1669 1203 615 682 1557 1676 795 575 358 207 1602 187 820 943 0 1807 1360 1662 1450 1601 787 1535 1603 705 1601 405 1605 759 622 627 604 387 527 1571 561 1575 886 669 650 1597 560 924 687 1197 788 1709 533 618 552 620 704 673 206 557 1210 491 1220 1893 566 704 803 1066 1139 1610 1516 586 616 184 932 1601 389 473
1475 1481 1892 668 374 1860 326 1761 1443 751 200 480 1287 2140 2065 265 770 1346 1447 415 850 1302 2156 1607 1634 386 1876 1327 1007 1807 0 658 377 749 386 1170 390 248 1470 385 1931 389 1223 2147 1393 1593 1681 2108 429 2103 966 1177 1314 1295 818 2086 1215 1452 705 1520 281 2059 1642 2133 2201 1239 1439 1634 2099 757 1785 638 541 2108 1469 1311 1024 706 325 697 2112 2142 1873 988 363 1683 1767
1135 953 1364 85 643 1331 758 1264 1028 168 739 243 930 1612 1737 802 1049 818 1032 294 770 842 1674 1079 1349 696 1347 865 479 1360 658 0 757 165 338 641 629 527 990 695 1403 699 883 1619 977 1065 1193 1756 308 1574 1245 731 958 939 691 1558 786 1037 884 992 540 1531 1114 1620 1673 882 958 1348 1571 196 1287 917 1063 1579 989 850 496 985 704 254 1584 1614 1344 612 642 1195 1270
1438 1255 1667 766 148 1634 584 1567 1330 850 230 737 1233 1914 2039 522 1028 1121 1334 673 671 1144 1976 1382 1651 161 1650 1168 781 1662 377 757 0 847 643 944 164 506 1293 160 1706 164 1186 1922 1280 1367 1496 2059 687 1877 1224 1034 1260 1241 593 1861 1088 1340 962 1294 539 1833 1417 1923 1975 1185 1261 1651 1873 606 1590 896 798 1882 1292 1152 799 964 78 913 1886 1916 1647 915 621 1498 1572
1226 1043 1454 134 733 1422 848 1354 1118 38 829 334 1021 1702 1827 892 1140 909 1122 385 860 932 1764 1169 1439 787 1438 955 569 1450 749 165 847 0 429 732 719 618 1080 786 1494 790 973 1710 1068 1155 1284 1846 399 1665 1336 821 1048 1029 782 1648 876 1127 975 1082 630 1621 1204 1711 1763 972 1049 1438 1661 286 1378 1008 1153 1670 1079 940 586 1076 795 344 1674 1704 1435 702 733 1285 1360
1376 1194 1605 348 640 1573 485 1505 1269 432 466 160 1171 1853 1978 529 777 1060 1273 96 1011 1083 1915 1320 1590 652 1589 1106 720 1601 386 338 643 429 0 883 655 255 1231 651 1644 655 1124 1860 1219 1306 1434 1997 110 1816 973 972 1199 1180 933 1799 1027 1278 711 1233 268 1772 1355 1862 1914 1123 1200 1589 1812 437 1529 645 790 1821 1230 1091 737 713 591 378 1825 1855 1586 853 370 1436 1511
562 380 791 651 830 758 1229 691 455 735 1022 787 324 1039 1164 1310 851 245 459 839 957 235 1101 506 775 884 774 258 225 787 1170 641 944 732 883 0 816 1071 417 883 830 887 406 1046 404 492 620 1183 853 1001 1164 343 351 332 879 985 398 464 786 419 1084 958 541 1047 1100 276 385 774 998 491 714 867 1272 1006 416 243 398 787 892 798 1011 1040 771 514 1186 622 696
1310 1127 1539 638 50 1506 596 1439 1202 722 242 750 1105 1787 1911 535 1040 993 1207 685 543 1016 1848 1254 1524 104 1522 1040 653 1535 390 629 164 719 655 816 0 518 1165 103 1578 107 1058 1794 1152 1239 1368 1931 699 1749 1236 906 1132 1113 465 1733 960 1212 974 1167 551 1706 1289 1795 1847 1057 1133 1523 1745 478 1462 908 810 1754 1164 1024 671 976 112 785 1758 1788 1519 787 633 1370 1444
1271 1314 1794 537 502 1717 275 1557 1239 620 329 349 1083 2042 1861 319 566 1248 1243 284 890 1098 1952 1509 1431 515 1733 1123 909 1603 248 527 506 618 255 1071 518 0 1266 514 1833 518 1019 2049 1189 1458 1477 1904 298 1938 762 973 1110 1091 930 1988 1011 1248 501 1355 150 1910 1445 1929 1997 1035 1235 1430 1934 626 1581 434 580 1943 1265 1107 886 502 454 566 2014 2043 1730 784 159 1479 1563
372 174 791 1000 1179 758 1251 659 164 1083 1371 1136 305 1038 963 1333 866 229 168 1187 1306 458 1054 506 532 1232 774 483 573 705 1470 990 1293 1080 1231 417 1165 1266 0 1231 830 1235 422 1046 114 491 578 1006 1201 1001 1238 549 333 314 1227 985 587 174 860 215 1372 957 541 1030 1099 367 74 531 997 840 682 883 1556 1006 18 467 729 802 1240 1147 1010 1040 771 596 1265 580 664
1377 1194 1605 705 87 1573 592 1505 1269 789 238 746 1172 1853 1978 530 1036 1060 1273 681 610 1083 1915 1320 1590 25 1589 1106 720 1601 385 695 160 786 651 883 103 514 1231 0 1645 28 1124 1861 1219 1306 1435 1997 695 1816 1232 972 1199 1180 531 1799 1027 1278 970 1233 547 1772 1355 1862 1914 1123 1200 1589 1812 545 1529 904 806 1821 1230 1091 737 972 108 852 1825 1855 1586 853 629 1436 1511
716 792 77 1413 1592 377 1866 586 867 1496 1784 1549 920 478 450 1948 1481 658 871 1600 1719 946 539 401 486 1645 393 970 986 405 1931 1403 1706 1494 1644 830 1578 1833 830 1645 0 1649 1037 485 817 647 515 493 1614 440 1853 1105 948 929 1641 424 1160 877 1475 831 1846 397 696 486 538 982 798 485 436 1253 609 1498 2033 445 829 954 1160 1417 1654 1560 449 479 390 1211 1880 517 591
1381 1198 1610 709 91 1577 596 1509 1273 793 242 750 1176 1857 1982 534 1040 1064 1277 685 614 1087 1919 1324 1594 29 1593 1110 724 1605 389 699 164 790 655 887 107 518 1235 28 1649 0 1128 1865 1223 1310 1439 2001 699 1820 1236 976 1203 1184 535 1803 1031 1282 974 1237 551 1776 1359 1866 1918 1128 1204 1593 1816 549 1533 908 810 1825 1234 1095 741 976 112 856 1829 1859 1590 857 633 1440 1515
427 469 998 893 1072 873 1001 713 395 976 1264 1029 239 1307 1017 1083 662 524 399 1080 1199 254 1108 780 586 1125 888 279 488 759 1220 883 1186 973 1124 406 1058 1016 422 1124 1037 1128 0 1315 344 614 633 1060 1094 1094 936 247 266 247 1120 1147 285 404 558 511 1122 1066 601 1085 1153 191 390 585 1090 733 736 679 1306 1099 421 262 427 598 1133 1040 1279 1310 886 294 1014 634 718
932 1008 446 1629 1808 593 2144 802 1083 1712 2000 1765 1198 46 331 2225 1759 874 1087 1816 1935 1162 239 617 763 1861 609 1186 1202 622 2147 1619 1922 1710 1860 1046 1794 2049 1046 1861 485 1865 1315 0 1033 863 731 322 1830 440 2130 1321 1225 1206 1857 424 1376 1093 1753 1048 2062 396 912 486 238 1203 1014 762 436 1469 825 1775 2250 445 1045 1170 1376 1695 1870 1776 124 204 606 1488 2157 733 808
295 161 778 987 1166 741 1173 581 66 1070 1358 1123 227 1026 885 1255 789 216 70 1174 1293 381 976 493 454 1220 757 405 560 627 1393 977 1280 1068 1219 404 1152 1189 114 1219 817 1223 344 1033 0 478 501 928 1188 962 1160 471 255 236 1215 972 509 75 782 202 1295 934 469 953 1021 289 82 454 958 827 605 805 1478 967 113 389 651 725 1228 1134 997 1027 754 518 1187 503 587
214 454 608 1074 1254 575 1443 453 529 1158 1446 1211 497 856 889 1525 1058 319 533 1262 1380 608 917 323 459 1307 591 631 648 604 1593 1065 1367 1155 1306 492 1239 1458 491 1306 647 1310 614 863 478 0 373 932 1276 818 1430 741 525 505 1302 802 779 538 1052 493 1507 775 168 864 916 559 459 458 814 914 476 1075 1695 823 490 616 821 994 1315 1221 827 857 588 788 1456 374 458
246 582 476 1203 1382 443 1462 104 551 1286 1574 1339 516 724 646 1543 1077 448 555 1390 1509 669 736 191 215 1435 459 693 776 387 1681 1193 1496 1284 1434 620 1368 1477 578 1435 515 1439 633 731 501 373 0 689 1404 686 1448 759 543 524 1431 670 797 560 1070 622 1583 643 359 713 782 578 547 214 683 1043 127 1093 1767 691 577 677 939 1013 1444 1350 696 725 456 806 1475 25 109
805 1053 454 1766 1945 641 1889 769 979 1849 2137 1902 943 314 98 1971 1504 1011 983 1953 2072 1096 148 754 509 1998 657 1121 1339 527 2108 1756 2059 1846 1997 1183 1931 1904 1006 1997 493 2001 1060 322 928 932 689 0 1967 328 1876 1187 971 952 1993 382 1225 988 1498 1094 2010 301 919 319 160 1005 974 508 325 1606 792 1521 2194 333 1005 1104 1367 1440 2006 1913 286 317 654 1234 1903 690 774
1346 1164 1575 318 683 1543 529 1475 1239 402 510 130 1141 1823 1948 573 821 1029 1243 28 981 1053 1885 1290 1560 696 1559 1076 690 1571 429 308 687 399 110 853 699 298 1201 695 1614 699 1094 1830 1188 1276 1404 1967 0 1786 1016 942 1169 1150 903 1769 997 1248 755 1203 311 1742 1325 1832 1884 1093 1169 1559 1782 407 1499 688 834 1791 1200 1061 707 756 635 348 1795 1825 1556 823 413 1406 1481
839 964 401 1584 1763 548 1923 757 1012 1668 1955 1720 977 433 285 2004 1538 829 1017 1772 1890 1117 376 572 542 1817 564 1141 1158 561 2103 1574 1877 1665 1816 1001 1749 1938 1001 1816 440 1820 1094 440 962 818 686 328 1786 0 1910 1221 1004 985 1812 171 1259 1022 1532 1003 2017 89 868 82 422 1039 969 541 26 1424 781 1555 2205 35 1000 1126 1331 1474 1825 1731 404 434 561 1267 1936 688 763
1239 1282 1811 1255 1220 1685 747 1526 1208 1338 1047 1067 1051 2120 1830 829 708 1337 1212 1002 1362 1067 1921 1592 1399 1233 1701 1092 1001 1572 966 1245 1224 1336 973 1164 1236 762 1235 1232 1850 1236 939 2127 1157 1427 1445 1873 1016 1907 0 893 1079 1060 1402 1960 931 1217 421 1324 868 1879 1413 1897 1966 1004 1203 1398 1903 1112 1549 576 1052 1912 1234 1075 806 644 1172 1284 2092 2123 1698 704 761 1447 1531
553 596 1066 741 920 999 955 840 522 824 1112 877 366 1314 1144 1036 789 520 526 928 1047 381 1235 781 713 973 1015 406 308 886 1174 731 1034 821 972 343 906 970 549 972 1105 976 247 1321 471 741 759 1187 942 1221 890 0 393 374 968 1260 122 531 512 638 1076 1193 728 1211 1280 318 517 712 1217 581 863 783 1260 1226 548 389 381 725 981 887 1286 1315 1012 248 968 761 845
337 380 909 967 1147 783 1095 624 305 1051 1339 1104 44 1218 928 1177 710 435 310 1155 1274 199 1019 690 497 1200 799 224 541 669 1314 958 1260 1048 1199 351 1132 1110 333 1199 948 1203 266 1225 255 525 543 971 1169 1004 1082 393 0 52 1195 1058 431 315 704 421 1216 977 511 995 1064 107 301 496 1001 807 647 727 1400 1009 332 207 573 646 1208 1114 1190 1220 796 440 1109 545 629
318 361 890 948 1128 764 1076 604 286 1032 1320 1085 25 1199 908 1158 691 416 291 1136 1254 180 999 671 478 1181 780 204 522 650 1295 939 1241 1029 1180 332 1113 1091 314 1180 929 1184 247 1206 236 505 524 952 1150 985 1063 374 52 0 1176 1039 412 296 685 402 1197 958 492 976 1045 87 282 477 982 788 628 708 1381 990 313 188 554 627 1189 1095 1171 1201 777 421 1090 526 610
1373 1190 1601 701 479 1569 703 1501 1265 785 671 837 1168 1849 1974 695 1218 1056 1269 889 140 1079 1911 1316 1586 532 1585 1102 716 1597 818 691 593 782 933 879 465 942 1227 531 1641 535 1120 1857 1215 1302 1431 1993 903 1812 1414 968 1195 1176 0 1795 1023 1274 1122 1229 980 1768 1351 1858 1910 1119 1196 1585 1808 541 1525 1086 455 1817 1226 1087 733 1154 540 848 1821 1851 1582 849 940 1432 1507
871 947 385 1568 1747 532 1976 741 1022 1651 1939 1704 1030 416 339 2058 1591 813 1026 1755 1874 1101 430 556 596 1800 548 1124 1141 560 2086 1558 1861 1648 1799 985 1733 1988 985 1799 424 1803 1147 424 972 802 670 382 1769 171 1963 1260 1058 1039 1795 0 1312 1032 1585 986 2001 127 851 217 475 1092 953 595 167 1408 764 1608 2188 176 984 1109 1315 1527 1809 1715 388 418 545 1321 1990 672 746
591 634 1121 795 975 1037 993 878 559 879 1167 932 403 1369 1182 1074 827 575 564 983 1102 419 1273 836 751 1028 1053 444 363 924 1212 786 1088 876 1027 398 960 1008 587 1027 1160 1031 285 1376 509 779 797 1225 997 1259 928 122 431 412 1023 1312 0 569 550 675 1114 1231 765 1249 1318 356 555 750 1255 635 901 821 1298 1264 586 427 419 763 1036 942 1340 1370 1050 286 1006 799 883
354 221 838 1047 1226 800 1233 641 40 1130 1418 1183 287 1085 945 1315 848 276 44 1234 1353 441 1036 552 514 1279 816 465 620 687 1452 1037 1340 1127 1278 464 1212 1248 174 1278 877 1282 404 1093 75 538 560 988 1248 1022 1220 531 315 296 1274 1032 569 0 842 262 1354 994 529 1012 1081 349 142 513 1018 887 664 865 1538 1027 173 449 711 784 1287 1194 1057 1087 813 578 1247 562 646
861 904 1433 894 959 1307 486 1148 830 977 785 806 674 1742 1452 567 446 959 834 741 1100 689 1543 1214 1021 971 1323 714 623 1194 705 884 962 975 711 786 974 501 857 970 1472 974 561 1750 779 1049 1067 1495 755 1529 421 515 701 682 1122 1582 553 839 0 946 607 1501 1036 1519 1588 626 825 1020 1525 734 1171 314 791 1534 856 697 428 382 910 1023 1714 1745 1320 326 499 1069 1153
461 178 792 1002 1181 760 1340 692 253 1085 1373 1138 394 1040 1051 1421 955 231 257 1189 1308 535 1102 507 621 1234 776 558 575 788 1520 992 1294 1082 1233 419 1167 1355 215 1233 831 1237 511 1048 202 493 622 1094 1203 1003 1327 638 421 402 1229 986 675 262 949 0 1435 959 542 1049 1101 456 183 620 999 842 716 972 1622 1008 214 543 749 891 1242 1148 1012 1042 773 684 1353 623 698
1377 1396 1807 550 535 1774 381 1663 1345 633 362 362 1189 2055 1967 425 672 1261 1349 297 995 1204 2058 1522 1536 548 1790 1229 921 1709 281 540 539 630 268 1084 551 150 1372 547 1846 551 1125 2062 1295 1507 1583 2010 311 2017 868 1079 1216 1197 980 2001 1116 1354 607 1435 0 1974 1551 2035 2103 1141 1340 1535 2013 638 1686 540 686 2022 1371 1212 939 608 486 579 2026 2056 1787 890 265 1585 1669
811 920 358 1540 1720 505 1895 714 985 1624 1912 1677 949 389 258 1977 1510 786 989 1728 1847 1074 349 529 515 1773 521 1097 1114 533 2059 1531 1833 1621 1772 958 1706 1910 957 1772 397 1776 1066 396 934 775 643 301 1742 89 1882 1193 977 958 1768 127 1231 994 1504 959 1974 0 824 136 394 1011 926 514 86 1381 737 1527 2161 94 956 1082 1288 1446 1781 1687 361 391 518 1240 1909 645 719
200 503 657 1124 1303 625 1430 440 519 1207 1495 1260 484 905 876 1511 1045 369 523 1311 1430 637 967 372 445 1356 641 662 697 618 1642 1114 1417 1204 1355 541 1289 1445 541 1355 696 1359 601 912 469 168 359 919 1325 868 1416 728 511 492 1351 851 765 529 1039 542 1551 824 0 914 966 546 509 444 864 964 463 1061 1735 873 539 645 871 981 1364 1271 877 907 638 774 1443 361 445
830 1010 447 1630 1809 594 1914 793 1003 1714 2001 1767 968 479 276 1995 1529 875 1007 1818 1936 1121 367 618 533 1863 610 1145 1204 552 2133 1620 1923 1711 1862 1047 1795 1929 1030 1862 486 1866 1085 486 953 864 713 319 1832 82 1900 1211 995 976 1858 217 1249 1012 1522 1049 2035 136 914 0 412 1030 999 532 78 1470 817 1545 2219 87 1029 1129 1377 1465 1871 1777 451 480 607 1258 1927 715 799
899 1062 499 1682 1862 646 1982 855 1072 1766 2054 1819 1036 231 169 2064 1597 927 1076 1870 1988 1189 78 671 602 1915 662 1214 1256 620 2201 1673 1975 1763 1914 1100 1847 1997 1099 1914 538 1918 1153 238 1021 916 782 160 1884 422 1969 1280 1064 1045 1910 475 1318 1081 1591 1101 2103 394 966 412 0 1098 1067 601 418 1522 879 1614 2287 427 1098 1198 1429 1533 1923 1829 203 233 659 1327 1996 784 861
372 414 943 892 1071 818 1020 658 340 975 1263 1028 79 1195 962 1101 635 402 344 1079 1198 123 1053 663 531 1124 833 148 465 704 1239 882 1185 972 1123 276 1057 1035 367 1123 982 1128 191 1203 289 559 578 1005 1093 1039 1007 318 107 87 1119 1092 356 349 629 456 1141 1011 546 1030 1098 0 335 530 1035 732 681 652 1325 1044 366 131 498 571 1133 1039 1167 1197 830 365 1033 579 663
341 142 759 968 1147 726 1219 627 132 1051 1339 1104 273 1007 931 1301 835 197 137 1155 1274 427 1022 474 500 1201 742 451 541 673 1439 958 1261 1049 1200 385 1133 1235 74 1200 798 1204 390 1014 82 459 547 974 1169 969 1206 517 301 282 1196 953 555 142 828 183 1340 926 509 999 1067 335 0 499 965 808 650 851 1524 974 73 435 697 771 1209 1115 978 1008 739 564 1233 548 633
331 579 446 1358 1537 320 1414 294 504 1441 1714 1494 468 755 465 1496 1030 618 508 1545 1664 622 555 361 34 1590 336 646 946 206 1634 1348 1651 1438 1589 774 1523 1430 531 1589 485 1593 585 762 454 458 214 508 1559 541 1401 712 496 477 1585 595 750 513 1023 620 1535 514 444 532 601 530 499 0 538 1198 318 1046 1719 546 530 630 892 966 1598 1504 727 757 333 759 1428 216 300
835 960 397 1580 1760 545 1919 754 1009 1664 1952 1717 973 429 282 2001 1534 825 1013 1768 1887 1114 373 569 539 1813 560 1137 1154 557 2099 1571 1873 1661 1812 998 1745 1934 997 1812 436 1816 1090 436 958 814 683 325 1782 26 1906 1217 1001 982 1808 167 1255 1018 1528 999 2013 86 864 78 418 1035 965 538 0 1420 777 1551 2201 31 996 1122 1327 1470 1821 1727 401 431 557 1264 1933 685 759
985 802 1214 205 493 1181 856 1114 877 289 685 342 780 1462 1586 900 1137 668 882 393 619 691 1523 929 1199 546 1197 715 328 1210 757 196 606 286 437 491 478 626 840 545 1253 549 733 1469 827 914 1043 1606 407 1424 1112 581 807 788 541 1408 635 887 734 842 638 1381 964 1470 1522 732 808 1198 1420 0 1137 1005 934 1429 839 699 346 1073 554 352 1433 1463 1194 462 741 1045 1119
350 677 570 1297 1476 538 1565 50 655 1381 1668 1434 619 818 749 1647 1181 542 659 1485 1603 773 840 285 319 1530 554 797 871 491 1785 1287 1590 1378 1529 714 1462 1581 682 1529 609 1533 736 825 605 476 127 792 1499 781 1552 863 647 628 1525 764 901 664 1174 716 1686 737 463 817 879 681 650 318 777 1137 0 1197 1870 786 681 781 1043 1117 1538 1444 790 820 551 910 1579 129 56
887 930 1459 927 892 1333 419 1174 856 1010 719 739 699 1768 1478 501 183 985 860 674 1034 715 1569 1240 1047 905 1349 740 895 1220 638 917 896 1008 645 867 908 434 883 904 1498 908 679 1775 805 1075 1093 1521 688 1555 576 786 727 708 1075 1608 824 865 314 972 540 1527 1061 1545 1614 652 851 1046 1551 1005 1197 0 724 1560 882 723 700 119 844 956 1740 1771 1346 598 433 1095 1179
1572 1583 1994 1084 806 1962 353 1858 1540 1167 632 896 1384 2242 2162 345 868 1449 1544 831 414 1400 2253 1709 1732 818 1978 1424 1109 1904 552 1074 809 1164 802 1272 822 591 1567 818 2033 822 1320 2250 1490 1695 1778 2205 845 2205 1063 1274 1411 1392 455 2188 1312 1550 802 1622 697 2161 1744 2230 2298 1336 1536 1731 2201 934 1882 735 0 2210 1566 1408 1126 803 757 1113 2214 2244 1975 1085 589 1780 1864
844 969 406 1589 1768 553 1928 762 1017 1673 1960 1725 982 438 290 2009 1543 834 1022 1777 1895 1122 381 577 547 1822 569 1146 1163 566 2108 1579 1882 1670 1821 1006 1754 1943 1006 1821 445 1825 1099 445 967 823 691 333 1791 35 1915 1226 1009 990 1817 176 1264 1027 1537 1008 2022 94 873 87 427 1044 974 546 31 1429 786 1560 2210 0 1005 1130 1336 1479 1830 1736 409 439 566 1272 1941 693 768
371 173 790 999 1178 757 1250 658 163 1082 1370 1135 304 1037 962 1332 865 228 167 1186 1305 457 1053 505 531 1231 773 482 572 704 1469 989 1292 1079 1230 416 1164 1265 18 1230 829 1234 421 1045 113 490 577 1005 1200 1000 1237 548 332 313 1226 984 586 173 859 214 1371 956 539 1029 1098 366 73 530 996 839 681 882 1555 1005 0 466 728 801 1239 1146 1009 1039 770 595 1264 579 663
471 504 915 859 1039 883 1091 757 439 943 1231 996 180 1163 1061 1173 707 369 443 1047 1166 71 1152 630 631 1092 898 116 433 803 1311 850 1152 940 1091 243 1024 1107 467 1091 954 1095 262 1170 389 616 677 1104 1061 1126 1078 389 207 188 1087 1109 427 449 700 543 1212 1082 645 1129 1198 131 435 630 1122 699 781 723 1396 1130 466 0 569 642 1100 1006 1135 1165 895 436 1105 679 763
733 709 1121 506 685 1088 871 1020 702 589 877 642 545 1369 1324 953 832 575 706 693 812 561 1415 836 893 738 1104 586 235 1066 1024 496 799 586 737 398 671 886 729 737 1160 741 427 1376 651 821 939 1367 707 1331 806 381 573 554 733 1315 419 711 428 749 939 1288 871 1377 1429 498 697 892 1327 346 1043 700 1126 1336 728 569 0 767 746 652 1340 1370 1101 156 884 941 1025
807 850 1378 995 960 1253 487 1093 775 1078 787 807 619 1688 1397 569 85 904 779 742 1102 634 1488 1160 966 973 1269 659 963 1139 706 985 964 1076 713 787 976 502 802 972 1417 976 598 1695 725 994 1013 1440 756 1474 644 725 646 627 1143 1527 763 784 382 891 608 1446 981 1465 1533 571 771 966 1470 1073 1117 119 792 1479 801 642 767 0 912 1024 1659 1690 1266 666 501 1015 1099
1386 1203 1615 714 96 1582 532 1514 1278 798 178 685 1181 1862 1987 470 976 1069 1282 621 619 1092 1924 1329 1599 109 1598 1115 729 1610 325 704 78 795 591 892 112 454 1240 108 1654 112 1133 1870 1228 1315 1444 2006 635 1825 1172 981 1208 1189 540 1809 1036 1287 910 1242 486 1781 1364 1871 1923 1133 1209 1598 1821 554 1538 844 746 1830 1239 1100 746 912 0 861 1834 1864 1595 863 569 1445 1520
1292 1109 1521 263 799 1488 797 1420 1184 347 778 282 1087 1768 1893 841 1088 975 1188 334 926 998 1830 1236 1505 853 1504 1021 635 1516 697 254 913 344 378 798 785 566 1147 852 1560 856 1040 1776 1134 1221 1350 1913 348 1731 1284 887 1114 1095 848 1715 942 1194 1023 1148 579 1687 1271 1777 1829 1039 1115 1504 1727 352 1444 956 1102 1736 1146 1006 652 1024 861 0 1740 1770 1501 769 681 1352 1426
897 973 410 1593 1773 557 2108 766 1048 1677 1965 1730 1162 89 295 2190 1723 838 1052 1781 1899 1127 204 582 728 1826 573 1150 1167 586 2112 1584 1886 1674 1825 1011 1758 2014 1010 1825 449 1829 1279 124 997 827 696 286 1795 404 2095 1286 1190 1171 1821 388 1340 1057 1717 1012 2026 361 877 451 203 1167 978 727 401 1433 790 1740 2214 409 1009 1135 1340 1659 1834 1740 0 169 570 1453 2122 698 772
927 1003 440 1623 1802 587 2139 796 1077 1707 1994 1760 1193 197 326 2220 1754 868 1082 1811 1929 1156 234 611 758 1856 603 1180 1197 616 2142 1614 1916 1704 1855 1040 1788 2043 1040 1855 479 1859 1310 204 1027 857 725 317 1825 434 2126 1315 1220 1201 1851 418 1370 1087 1748 1042 2056 391 907 480 233 1197 1008 757 431 1463 820 1771 2244 439 1039 1165 1370 1690 1864 1770 169 0 600 1483 2152 727 802
631 734 351 1354 1533 76 1715 527 804 1438 1725 1490 769 599 611 1796 1330 599 808 1542 1660 887 660 342 334 1587 51 911 928 184 1873 1344 1647 1435 1586 771 1519 1730 771 1586 390 1590 886 606 754 588 456 654 1556 561 1701 1012 796 777 1582 545 1050 813 1323 773 1787 518 638 607 659 830 739 333 557 1194 551 1346 1975 566 770 895 1101 1266 1595 1501 570 600 0 1059 1728 458 533
600 643 1172 622 801 1046 769 886 568 705 993 758 412 1481 1191 851 730 691 573 809 928 428 1281 952 760 854 1062 452 351 932 988 612 915 702 853 514 787 784 596 853 1211 857 294 1488 518 788 806 1234 823 1267 704 248 440 421 849 1321 286 578 326 684 890 1240 774 1258 1327 365 564 759 1264 462 910 598 1074 1272 595 436 156 666 863 769 1453 1483 1059 0 783 808 892
1269 1312 1841 652 617 1715 273 1555 1237 735 444 464 1081 2150 1860 335 565 1363 1242 399 888 1097 1950 1622 1429 630 1731 1121 1024 1601 363 642 621 733 370 1186 633 159 1265 629 1880 633 1017 2157 1187 1456 1475 1903 413 1936 761 971 1109 1090 929 1990 1009 1247 499 1353 265 1909 1443 1927 1996 1033 1233 1428 1933 741 1579 433 578 1941 1264 1105 884 501 569 681 2122 2152 1728 783 0 1477 1561
248 584 478 1205 1384 445 1463 105 553 1288 1576 1341 517 726 647 1545 1079 450 557 1392 1511 671 738 193 217 1437 461 695 778 389 1683 1195 1498 1285 1436 622 1370 1479 580 1436 517 1440 634 733 503 374 25 690 1406 688 1450 761 545 526 1432 672 799 562 1072 623 1585 645 361 715 784 579 548 216 685 1045 129 1095 1768 693 579 679 941 1015 1445 1352 698 727 458 808 1477 0 111
332 659 552 1279 1459 520 1547 32 637 1363 1650 1416 601 800 731 1629 1163 524 641 1467 1585 755 822 267 301 1512 536 779 853 473 1767 1270 1572 1360 1511 696 1444 1563 664 1511 591 1515 718 808 587 458 109 774 1481 763 1534 845 629 610 1507 746 883 646 1156 698 1669 719 445 799 861 663 633 300 759 1119 56 1179 1852 768 663 763 1025 1099 1520 1426 772 802 533 892 1561 111 0
EOF
