NAME : tsp_problem
TYPE : TSP
DIMENSION : 66
EDGE_WEIGHT_TYPE : EXPLICIT
EDGE_WEIGHT_FORMAT : FULL_MATRIX
EDGE_WEIGHT_SECTION
0 2051 56 796 320 1131 1721 324 412 988 689 1174 575 217 2030 1110 34 1414 706 536 1736 1426 244 2000 1549 1582 2029 1957 741 1391 511 1292 773 1655 1136 1795 1155 1673 312 778 650 860 1166 1995 375 555 1814 1873 1650 1579 706 566 1776 1677 1443 803 1852 1230 1729 389 1103 1721 1661 956 1579 189
2051 0 2093 1473 1971 1149 453 1981 1770 1291 1517 1089 1639 2059 108 1128 2071 678 1534 1705 826 858 1985 102 564 594 130 262 1525 703 1806 926 1530 545 1042 448 1119 431 1960 1485 1630 1379 1107 170 1955 1687 280 853 553 593 1479 1629 334 567 814 1418 436 1066 469 1914 1122 462 551 1343 594 2030
56 2093 0 838 362 1173 1763 366 454 1030 731 1216 617 259 2072 1152 67 1456 748 578 1778 1468 286 2042 1591 1624 2071 1999 783 1433 553 1334 815 1697 1178 1837 1197 1715 354 820 692 902 1208 2037 417 597 1856 1915 1692 1621 748 607 1818 1719 1484 845 1894 1272 1770 431 1145 1763 1703 997 1621 231
796 1473 838 0 736 613 1058 740 753 470 368 521 595 933 1452 592 816 897 385 555 1218 762 960 1446 1032 919 1475 1440 376 874 710 698 437 992 473 1277 491 1156 728 125 613 220 503 1478 790 574 1297 1356 1133 1061 340 585 1258 1014 925 96 1335 713 1065 805 586 1058 998 438 1062 905
320 1971 362 736 0 1071 1556 64 246 928 629 1019 515 455 1950 1050 340 1355 646 476 1676 1260 382 1940 1489 1416 1969 1897 681 1332 424 1196 713 1489 971 1735 989 1614 45 718 561 800 1001 1935 107 495 1754 1814 1591 1519 646 506 1716 1511 1383 743 1792 1170 1563 122 1044 1555 1496 896 1519 427
1131 1149 1173 613 1071 0 734 1075 953 474 700 168 822 1241 1128 60 1151 710 717 887 1031 438 1168 1123 845 595 1151 1253 708 687 989 374 713 668 203 1090 198 969 1063 596 813 562 186 1190 1125 870 1110 1169 946 874 662 812 1071 690 738 601 1148 417 741 1097 66 734 674 516 875 1213
1721 453 1763 1058 1556 734 0 1566 1355 875 1102 674 1224 1643 432 713 1741 991 1119 1289 1103 629 1570 426 888 179 454 693 1110 968 1391 697 1115 130 627 879 704 755 1545 1070 1215 964 691 494 1540 1272 604 1049 983 917 1064 1214 658 152 1019 1002 867 837 54 1499 707 47 136 928 918 1615
324 1981 366 740 64 1075 1566 0 257 932 633 1029 519 461 1961 1054 344 1358 650 480 1680 1271 393 1944 1493 1427 1973 1901 685 1335 435 1206 717 1500 981 1739 1000 1617 55 722 571 804 1011 1939 118 499 1758 1817 1594 1523 650 510 1720 1522 1387 747 1796 1174 1573 132 1047 1566 1506 900 1523 433
412 1770 454 753 246 953 1355 257 0 836 535 818 369 334 1749 932 432 1463 551 434 1784 1059 261 1743 1598 1216 1772 2006 542 1440 224 995 548 1288 770 1844 788 1722 236 765 360 659 800 1811 231 417 1863 1922 1699 1627 496 359 1824 1311 1491 698 1901 1086 1362 190 926 1355 1295 888 1628 306
988 1291 1030 470 928 474 875 932 836 0 583 339 705 1125 1270 453 1008 832 600 747 1153 580 1051 1264 967 736 1292 1375 591 809 872 516 596 809 291 1212 309 1091 920 453 696 445 321 1332 982 753 1232 1291 1068 996 545 695 1193 831 860 478 1270 606 883 980 446 875 816 168 997 1097
689 1517 731 368 629 700 1102 633 535 583 0 565 404 823 1496 679 709 1051 61 449 1372 806 750 1490 1186 963 1519 1594 96 1028 571 742 97 1035 517 1431 535 1310 621 380 395 236 547 1558 684 451 1451 1510 1287 1215 61 394 1412 1058 1079 312 1489 833 1109 679 673 1102 1042 592 1216 795
1174 1089 1216 521 1019 168 674 1029 818 339 565 0 687 1106 1068 147 1194 753 582 752 1075 378 1033 1062 888 534 1091 1296 573 730 854 314 578 607 114 1134 65 1012 1008 533 678 427 76 1130 1003 735 1153 1212 989 918 527 677 1115 629 781 466 1191 404 681 962 141 674 614 391 918 1078
575 1639 617 595 515 822 1224 519 369 705 404 687 0 657 1618 801 595 1214 421 135 1535 928 584 1612 1348 1085 1641 1757 411 1191 405 864 417 1158 639 1594 657 1473 508 577 144 528 669 1680 554 117 1613 1673 1450 1378 366 59 1575 1180 1242 567 1651 955 1231 513 795 1224 1164 755 1378 629
217 2059 259 933 455 1241 1643 461 334 1125 823 1106 657 0 2038 1220 237 1551 840 673 1873 1348 166 2032 1686 1504 2060 2094 831 1528 512 1283 836 1577 1058 1932 1077 1810 445 915 648 947 1088 2100 440 692 1951 2010 1787 1716 785 648 1913 1599 1579 940 1989 1367 1651 399 1214 1643 1583 1092 1716 85
2030 108 2072 1452 1950 1128 432 1961 1749 1270 1496 1068 1618 2038 0 1107 2050 657 1513 1684 847 837 1964 81 543 573 110 283 1504 682 1786 905 1510 524 1022 469 1098 410 1939 1464 1609 1358 1086 149 1934 1666 259 874 574 572 1458 1609 313 546 793 1397 457 1045 448 1894 1101 442 530 1322 573 2010
1110 1128 1152 592 1050 60 713 1054 932 453 679 147 801 1220 1107 0 1130 689 696 866 1010 417 1147 1101 824 574 1130 1232 687 666 968 353 692 647 182 1069 177 948 1042 575 792 541 165 1169 1104 849 1089 1148 925 853 641 791 1050 669 717 579 1127 396 720 1076 46 713 653 495 854 1192
34 2071 67 816 340 1151 1741 344 432 1008 709 1194 595 237 2050 1130 0 1434 726 556 1756 1446 264 2020 1569 1602 2049 1977 761 1411 531 1312 793 1675 1156 1815 1175 1693 332 798 670 880 1186 2015 395 575 1834 1893 1670 1599 726 586 1796 1697 1463 823 1872 1250 1748 409 1123 1741 1681 976 1599 209
1414 678 1456 897 1355 710 991 1358 1463 832 1051 753 1214 1551 657 689 1434 0 1068 1174 470 539 1578 627 176 1132 655 692 1103 43 1329 602 1134 1083 779 529 784 300 1347 880 1289 1004 771 622 1409 1193 441 608 385 205 1068 1204 402 1105 177 904 587 540 1007 1424 683 1001 1090 800 206 1523
706 1534 748 385 646 717 1119 650 551 600 61 582 421 840 1513 696 726 1068 0 466 1389 823 766 1507 1202 979 1536 1611 113 1045 588 759 81 1052 534 1448 552 1327 638 397 412 253 564 1575 701 468 1468 1527 1304 1232 78 411 1429 1074 1096 329 1506 849 1126 696 690 1119 1059 609 1232 812
536 1705 578 555 476 887 1289 480 434 747 449 752 135 673 1684 866 556 1174 466 0 1495 994 649 1678 1309 1150 1706 1717 477 1151 450 929 482 1223 704 1555 723 1433 468 538 210 593 734 1746 531 73 1574 1633 1410 1338 431 92 1535 1245 1202 563 1612 990 1297 545 860 1289 1229 715 1339 645
1736 826 1778 1218 1676 1031 1114 1680 1784 1153 1372 1075 1535 1873 847 1010 1756 470 1389 1495 0 860 1899 849 605 1256 821 612 1424 447 1650 923 1456 1207 1100 449 1105 729 1668 1201 1610 1325 1092 782 1730 1514 870 171 305 634 1389 1525 831 1229 378 1226 507 861 1130 1745 1004 1124 1213 1121 635 1844
1527 796 1569 864 1361 540 568 1372 1161 681 908 479 1030 1449 776 519 1547 556 924 1095 877 0 1376 770 690 709 798 1037 915 533 1197 262 921 660 433 936 509 815 1351 876 1021 769 497 838 1346 1077 948 1015 792 720 869 1020 917 682 584 808 994 402 584 1305 513 578 667 734 720 1421
244 1985 286 960 382 1168 1570 393 261 1051 750 1033 584 166 1964 1147 264 1578 766 649 1899 1274 0 1958 1713 1431 1987 2121 757 1555 439 1210 763 1503 985 1959 1003 1837 371 942 575 874 1015 2026 366 632 1978 2037 1814 1743 711 574 1939 1525 1606 913 2016 1301 1577 326 1141 1570 1510 1103 1743 138
2000 102 2042 1446 1940 1123 426 1944 1743 1264 1490 1062 1612 2032 81 1101 2020 627 1507 1678 849 831 1958 0 513 567 79 286 1498 651 1780 899 1504 518 1016 472 1092 379 1932 1458 1603 1352 1080 119 1928 1660 229 901 576 542 1452 1603 283 540 763 1391 460 1039 442 1888 1095 436 525 1316 543 2004
1549 564 1591 1032 1489 845 888 1493 1598 967 1186 888 1348 1686 543 824 1569 176 1202 1309 605 674 1713 513 0 1029 541 707 1238 200 1463 736 1269 980 913 664 918 186 1481 1014 1423 1139 906 508 1544 1328 327 743 520 69 1202 1338 288 1002 312 1039 721 674 904 1558 817 898 986 934 69 1658
1582 594 1624 919 1416 595 179 1427 1216 736 963 534 1085 1504 573 574 1602 1132 979 1150 1244 701 1431 567 1029 0 596 834 970 1109 1252 637 976 112 488 1020 564 896 1406 931 1076 824 552 635 1401 1132 745 1191 1125 1059 924 1075 799 134 1161 863 1008 727 186 1360 567 179 119 789 1059 1476
2029 130 2071 1475 1969 1151 454 1973 1772 1292 1519 1091 1641 2060 110 1130 2049 655 1536 1706 821 859 1987 79 541 596 0 258 1526 680 1808 927 1532 547 1044 444 1121 408 1961 1487 1632 1381 1108 147 1957 1689 258 873 548 571 1481 1631 311 569 791 1419 432 1067 470 1916 1124 464 553 1345 571 2032
1957 262 1999 1440 1897 1253 693 1901 2006 1375 1594 1296 1757 2094 283 1232 1977 692 1611 1717 612 1082 2121 286 707 834 258 0 1646 669 1872 1144 1677 785 1283 234 1326 573 1890 1422 1831 1547 1314 219 1952 1736 423 750 339 736 1611 1747 477 807 600 1447 222 1083 709 1967 1226 703 792 1343 737 2066
741 1525 783 376 681 708 1110 685 542 591 96 573 411 831 1504 687 761 1103 113 477 1424 814 757 1498 1238 970 1526 1646 0 1080 579 750 165 1043 525 1483 543 1362 673 388 402 243 555 1566 727 459 1503 1562 1339 1267 69 402 1464 1065 1131 320 1541 840 1117 687 680 1109 1050 643 1268 803
1391 703 1433 874 1332 687 968 1335 1440 809 1028 730 1191 1528 682 666 1411 43 1045 1151 447 516 1555 651 200 1109 680 669 1080 0 1306 578 1111 1060 755 506 760 325 1324 856 1265 981 748 646 1386 1170 465 585 362 230 1045 1181 427 1082 154 881 564 517 984 1401 660 978 1067 777 230 1500
511 1806 553 710 424 989 1391 435 224 872 571 854 405 512 1786 968 531 1329 588 450 1650 1095 439 1780 1463 1252 1808 1872 579 1306 0 1031 584 1325 806 1709 824 1588 414 692 396 695 836 1848 409 453 1728 1788 1565 1493 533 396 1690 1347 1357 717 1766 1122 1398 368 962 1391 1331 870 1493 484
1292 923 1334 698 1196 374 694 1206 995 516 742 314 864 1283 902 353 1312 602 759 929 923 160 1210 896 736 637 925 1144 750 578 1031 0 755 710 267 982 344 861 1185 710 855 604 332 964 1180 912 1001 1061 837 766 704 854 963 732 630 643 1039 153 710 1139 347 704 716 568 766 1255
773 1530 815 437 713 713 1115 717 548 596 97 578 417 836 1510 692 793 1134 81 482 1456 819 763 1504 1269 976 1532 1677 165 1111 584 755 0 1049 530 1515 548 1393 705 449 408 305 560 1572 733 465 1534 1593 1370 1299 119 407 1496 1071 1162 381 1572 846 1122 692 686 1115 1055 649 1299 808
1655 545 1697 992 1489 668 130 1500 1288 809 1035 607 1158 1577 524 647 1675 1083 1052 1223 1195 721 1503 518 980 112 547 785 1043 1060 1325 710 1049 0 561 971 637 847 1479 1004 1149 897 625 586 1474 1205 696 1142 1076 1010 997 1148 750 68 1111 936 959 800 137 1433 640 130 52 862 1010 1549
1136 1042 1178 473 971 203 627 981 770 291 517 114 639 1058 1022 182 1156 779 534 704 1100 332 985 1016 913 488 1044 1283 525 755 806 267 530 561 0 1159 99 1038 960 485 630 379 111 1084 955 687 1178 1238 1014 943 479 629 1140 583 807 417 1216 358 634 914 176 627 567 343 943 1030
1795 448 1837 1277 1735 1090 879 1739 1844 1212 1431 1134 1594 1932 469 1069 1815 529 1448 1555 449 920 1959 472 664 1020 444 234 1483 506 1709 982 1515 971 1159 0 1164 759 1727 1260 1669 1384 1151 405 1789 1573 609 587 176 694 1448 1584 663 993 438 1285 129 920 895 1804 1063 889 977 1180 694 1904
1155 1119 1197 491 989 198 704 1000 788 309 535 65 657 1077 1098 177 1175 784 552 723 1105 408 1003 1092 918 564 1121 1326 543 760 824 344 548 637 99 1164 0 1043 978 503 648 397 47 1160 973 705 1183 1243 1019 948 497 647 1145 659 812 436 1221 435 711 933 171 704 644 361 948 1049
1673 431 1715 1156 1614 969 755 1617 1722 1091 1310 1012 1473 1810 410 948 1693 300 1327 1433 729 798 1837 379 186 896 408 573 1362 325 1588 861 1393 847 1038 759 1043 0 1606 1139 1548 1263 1030 374 1668 1452 194 867 644 216 1327 1463 155 869 436 1163 747 799 771 1683 942 764 853 1059 216 1782
312 1960 354 728 45 1063 1545 55 236 920 621 1008 508 445 1939 1042 332 1347 638 468 1668 1249 371 1932 1481 1406 1961 1890 673 1324 414 1185 705 1479 960 1727 978 1606 0 710 550 792 990 1927 96 487 1746 1806 1583 1511 638 498 1708 1501 1375 735 1784 1162 1552 111 1036 1545 1485 888 1511 417
778 1485 820 125 718 596 1070 722 765 453 380 533 577 915 1464 575 798 880 397 538 1201 774 942 1458 1014 931 1487 1422 388 856 692 710 449 1004 485 1260 503 1139 710 0 625 232 515 1460 773 557 1279 1339 1115 1044 352 567 1241 1026 908 132 1317 695 1077 787 569 1070 1010 421 1044 887
650 1630 692 613 561 813 1215 571 360 696 395 678 144 648 1609 792 670 1289 412 210 1610 919 575 1603 1423 1076 1632 1831 402 1265 396 855 408 1149 630 1669 648 1548 550 625 0 519 660 1671 545 192 1688 1748 1524 1453 357 134 1650 1171 1317 558 1726 946 1222 504 786 1215 1155 749 1453 620
860 1379 902 220 800 562 964 804 659 445 236 427 528 947 1358 541 880 1004 253 593 1325 668 874 1352 1139 824 1381 1547 243 981 695 604 305 897 379 1384 397 1263 792 232 519 0 409 1420 844 576 1404 1463 1240 1168 208 518 1365 919 1032 165 1442 694 971 803 535 964 904 497 1169 919
1166 1107 1208 503 1001 186 691 1011 800 321 547 76 669 1088 1086 165 1186 771 564 734 1092 396 1015 1080 906 552 1108 1314 555 748 836 332 560 625 111 1151 47 1030 990 515 660 409 0 1148 985 717 1171 1230 1007 935 509 659 1132 647 799 448 1209 422 699 944 158 691 632 373 936 1060
1995 170 2037 1478 1935 1190 494 1939 1811 1332 1558 1130 1680 2100 149 1169 2015 622 1575 1746 782 899 2026 119 508 635 147 219 1566 646 1848 967 1572 586 1084 405 1160 374 1927 1460 1671 1420 1148 0 1990 1728 224 910 509 537 1520 1671 278 608 758 1459 393 1107 510 1956 1163 504 593 1380 538 2072
375 1955 417 790 107 1125 1540 118 231 982 684 1003 554 440 1934 1104 395 1409 701 531 1730 1244 366 1928 1544 1401 1957 1952 727 1386 409 1180 733 1474 955 1789 973 1668 96 773 545 844 985 1990 0 549 1809 1868 1645 1573 682 544 1770 1496 1437 798 1847 1225 1547 92 1098 1540 1480 950 1574 412
555 1687 597 574 495 870 1272 499 417 753 451 735 117 692 1666 849 575 1193 468 73 1514 976 632 1660 1328 1132 1689 1736 459 1170 453 912 465 1205 687 1573 705 1452 487 557 192 576 717 1728 549 0 1593 1652 1429 1357 413 75 1554 1227 1221 581 1631 1002 1279 561 842 1272 1212 734 1358 664
1814 280 1856 1297 1754 1110 604 1758 1863 1232 1451 1153 1613 1951 259 1089 1834 441 1468 1574 870 939 1978 229 327 745 258 423 1503 465 1728 1001 1534 696 1178 609 1183 194 1746 1279 1688 1404 1171 224 1809 1593 0 1008 714 356 1467 1604 97 718 577 1304 597 939 620 1823 1082 614 703 1200 357 1923
1873 864 1915 1356 1814 1169 1061 1817 1922 1291 1510 1212 1673 2010 885 1148 1893 608 1527 1633 171 998 2037 912 743 1202 884 750 1562 585 1788 1061 1593 1153 1238 587 1243 867 1806 1339 1748 1463 1230 920 1868 1652 1008 0 443 772 1527 1663 969 1175 516 1363 645 999 1077 1883 1142 1070 1159 1259 773 1982
1650 553 1692 1133 1591 946 983 1594 1699 1068 1287 989 1450 1787 574 925 1670 385 1304 1410 305 775 1814 576 520 1125 548 339 1339 362 1565 837 1370 1076 1014 176 1019 644 1583 1115 1524 1240 1007 509 1645 1429 714 443 0 549 1304 1440 746 1098 293 1140 234 776 999 1660 919 993 1082 1036 550 1759
1579 593 1621 1061 1519 874 917 1523 1627 996 1215 918 1378 1716 572 853 1599 205 1232 1338 634 704 1743 542 69 1059 571 736 1267 230 1493 766 1299 1010 943 694 948 216 1511 1044 1453 1168 935 537 1573 1357 356 772 549 0 1232 1368 318 1032 341 1069 751 704 933 1588 847 927 1016 964 99 1688
706 1479 748 340 646 662 1064 650 496 545 61 527 366 785 1458 641 726 1068 78 431 1389 768 711 1452 1202 924 1481 1611 69 1045 533 704 119 997 479 1448 497 1327 638 352 357 208 509 1520 682 413 1467 1527 1304 1232 0 356 1429 1019 1096 285 1505 794 1071 641 634 1064 1004 597 1232 757
566 1629 607 585 506 812 1214 510 359 695 394 677 59 648 1609 791 586 1204 411 92 1525 918 574 1603 1338 1075 1631 1747 402 1181 396 854 407 1148 629 1584 647 1463 498 567 134 518 659 1671 544 75 1604 1663 1440 1368 356 0 1565 1170 1232 557 1642 945 1221 504 785 1214 1154 745 1368 620
1776 334 1818 1258 1716 1071 658 1720 1824 1193 1412 1115 1575 1913 313 1050 1796 402 1429 1535 831 900 1939 283 288 799 311 477 1464 427 1690 963 1496 750 1140 663 1145 155 1708 1241 1650 1365 1132 278 1770 1554 97 969 746 318 1429 1565 0 772 538 1266 651 901 674 1785 1044 668 757 1161 318 1884
1677 567 1719 1014 1511 690 152 1522 1311 831 1058 629 1180 1599 546 669 1697 1105 1074 1245 1217 743 1525 540 1002 134 569 807 1065 1082 1347 732 1071 68 583 993 659 869 1501 1026 1171 919 647 608 1496 1227 718 1164 1098 1032 1019 1170 772 0 1133 958 981 822 159 1455 662 152 74 884 1032 1571
1443 814 1484 925 1383 738 1019 1387 1491 860 1079 781 1242 1579 793 717 1463 177 1096 1202 378 567 1606 763 312 1161 791 600 1131 154 1357 630 1162 1111 807 438 812 436 1375 908 1317 1032 799 758 1437 1221 577 516 293 341 1096 1232 538 1133 0 932 495 568 1035 1452 711 1029 1118 828 342 1551
803 1418 845 96 743 601 1002 747 698 478 312 466 567 940 1397 579 823 904 329 563 1226 707 913 1391 1039 863 1419 1447 320 881 717 643 381 936 417 1285 436 1163 735 132 558 165 448 1459 798 581 1304 1363 1140 1069 285 557 1266 958 932 0 1342 720 1010 812 573 1002 943 445 1069 912
1852 436 1894 1335 1792 1148 867 1796 1901 1270 1489 1191 1651 1989 457 1127 1872 587 1506 1612 507 977 2016 460 721 1008 432 222 1541 564 1766 1039 1572 959 1216 129 1221 747 1784 1317 1726 1442 1209 393 1847 1631 597 645 234 751 1505 1642 651 981 495 1342 0 977 883 1861 1120 877 965 1238 751 1961
1230 1063 1272 713 1170 417 834 1174 1086 606 833 404 955 1367 1042 396 1250 540 849 990 861 300 1301 1036 674 727 1065 1083 840 517 1122 153 846 800 358 920 435 799 1162 695 946 694 422 1104 1225 1002 939 999 776 704 794 945 901 822 568 720 977 0 850 1230 390 844 807 615 704 1339
1729 469 1770 1065 1563 741 54 1573 1362 883 1109 681 1231 1651 448 720 1748 1007 1126 1297 1119 645 1577 442 904 186 470 709 1117 984 1398 713 1122 137 634 895 711 771 1552 1077 1222 971 699 510 1547 1279 620 1065 999 933 1071 1221 674 159 1035 1010 883 853 0 1506 714 54 143 935 934 1622
389 1914 431 805 122 1097 1499 132 190 980 679 962 513 399 1894 1076 409 1424 696 545 1745 1203 326 1888 1558 1360 1916 1967 687 1401 368 1139 692 1433 914 1804 933 1683 111 787 504 803 944 1956 92 561 1823 1883 1660 1588 641 504 1785 1455 1452 812 1861 1230 1506 0 1070 1499 1439 965 1588 371
1103 1122 1145 586 1044 66 707 1047 926 446 673 141 795 1214 1101 46 1123 683 690 860 1004 411 1141 1095 817 567 1124 1226 680 660 962 347 686 640 176 1063 171 942 1036 569 786 535 158 1163 1098 842 1082 1142 919 847 634 785 1044 662 711 573 1120 390 714 1070 0 707 647 489 847 1186
1721 462 1763 1058 1555 734 47 1566 1355 875 1102 674 1224 1643 442 713 1741 1001 1119 1289 1113 639 1570 436 898 179 464 703 1109 978 1391 707 1115 130 627 889 704 764 1545 1070 1215 964 691 504 1540 1272 614 1059 993 927 1064 1214 668 152 1029 1002 877 847 54 1499 707 0 136 928 928 1615
1661 551 1703 998 1496 674 136 1506 1295 816 1042 614 1164 1583 530 653 1681 1090 1059 1229 1202 728 1510 525 986 119 553 792 1050 1067 1331 716 1055 52 567 977 644 853 1485 1010 1155 904 632 593 1480 1212 703 1148 1082 1016 1004 1154 757 74 1118 943 965 807 143 1439 647 136 0 868 1016 1555
956 1343 997 438 896 516 928 900 888 168 592 391 755 1092 1322 495 976 800 609 715 1121 632 1103 1316 934 789 1345 1343 643 777 870 568 649 862 343 1180 361 1059 888 421 749 497 373 1380 950 734 1200 1259 1036 964 597 745 1161 884 828 445 1238 615 935 965 489 928 868 0 964 1064
1579 594 1621 1062 1519 875 918 1523 1628 997 1216 918 1378 1716 573 854 1599 206 1232 1339 635 704 1743 543 69 1059 571 737 1268 230 1493 766 1299 1010 943 694 948 216 1511 1044 1453 1169 936 538 1574 1358 357 773 550 99 1232 1368 318 1032 342 1069 751 704 934 1588 847 928 1016 964 0 1688
189 2030 231 905 427 1213 1615 433 306 1097 795 1078 629 85 2010 1192 209 1523 812 645 1844 1320 138 2004 1658 1476 2032 2066 803 1500 484 1255 808 1549 1030 1904 1049 1782 417 887 620 919 1060 2072 412 664 1923 1982 1759 1688 757 620 1884 1571 1551 912 1961 1339 1622 371 1186 1615 1555 1064 1688 0
EOF