NAME : tsp_problem
TYPE : TSP
DIMENSION : 80
EDGE_WEIGHT_TYPE : EXPLICIT
EDGE_WEIGHT_FORMAT : FULL_MATRIX
EDGE_WEIGHT_SECTION
0 1896 1407 1446 610 159 1488 1902 1077 1929 1277 1491 957 226 1634 1662 764 2043 2090 1522 1265 1914 1471 1531 1515 1436 430 1837 1862 807 1249 2060 560 1533 1457 1518 2037 1430 590 1772 1454 223 1485 1323 171 94 2074 1265 912 569 1521 2058 1427 1113 1523 185 378 269 494 1425 491 406 1506 1897 1255 526 2017 1523 453 587 493 1912 767 298 1886 1461 1240 1866 2055 143
1896 0 827 854 1660 1918 645 108 1237 135 963 649 1052 1943 502 532 1457 379 483 680 951 250 857 689 672 823 1659 394 443 1499 935 453 1609 691 861 675 430 850 1639 330 858 1918 699 999 1876 1828 467 950 1135 1618 678 394 504 946 681 1890 1607 2014 1850 845 1846 1618 664 102 940 1475 353 681 1919 1636 1797 118 1366 1866 92 847 926 447 448 1938
1407 827 0 96 1067 1429 342 781 748 757 445 345 563 1454 367 573 864 905 823 321 433 844 75 329 313 40 1169 619 595 907 445 793 1016 368 104 316 770 56 1046 664 101 1428 218 406 1386 1338 807 399 645 1025 319 920 357 456 377 1400 1117 1421 1257 50 1253 1128 304 794 423 986 879 322 1326 1043 1204 791 993 1376 784 65 436 599 788 1448
1446 854 96 0 1087 1468 381 801 774 777 465 385 603 1494 387 592 884 925 843 361 453 884 120 369 353 85 1209 639 614 926 485 812 1036 408 36 356 789 123 1066 684 33 1468 237 426 1426 1378 827 419 685 1045 359 940 397 496 417 1440 1157 1441 1277 117 1273 1168 344 814 443 1025 899 362 1346 1063 1224 811 1033 1416 804 110 476 618 807 1488
610 1660 1067 1087 0 709 1317 1607 789 1583 1014 1321 827 817 1193 1398 323 1731 1649 1252 1002 1752 1090 1260 1234 1055 925 1445 1420 365 1051 1618 96 1299 1094 1291 1595 1112 116 1490 1091 813 1043 975 666 589 1633 968 789 105 1294 1746 1358 973 1323 681 873 760 716 1107 712 902 1279 1620 991 1021 1705 1243 785 119 663 1617 1263 802 1610 1080 1042 1424 1613 652
159 1918 1429 1468 709 0 1510 1924 1099 1951 1299 1513 979 127 1733 1684 788 2065 2188 1544 1287 1936 1493 1553 1537 1458 452 1859 1908 795 1271 2158 658 1555 1479 1540 2135 1452 688 1794 1476 124 1583 1345 103 144 2172 1287 934 667 1543 2080 1449 1135 1545 89 400 243 468 1447 465 428 1528 1919 1277 548 2039 1545 427 685 467 1934 789 199 1909 1483 1262 1912 2153 117
1488 645 342 381 1317 1510 0 651 829 678 554 46 644 1535 357 411 1114 792 813 115 542 663 406 107 127 371 1250 586 584 1157 526 782 1266 60 392 130 759 365 1296 521 389 1509 356 600 1467 1419 797 542 726 1275 133 807 176 537 50 1482 1198 1672 1507 360 1504 1209 118 646 532 1067 766 136 1576 1293 1454 661 1074 1458 636 396 517 588 777 1529
1902 108 781 801 1607 1924 651 0 1243 82 969 655 1059 1949 449 538 1404 385 430 686 957 256 805 695 678 770 1665 400 418 1447 941 400 1556 697 808 681 377 827 1586 336 805 1924 646 946 1882 1834 414 939 1141 1565 684 400 510 952 687 1896 1613 1961 1797 821 1793 1624 670 68 946 1481 359 687 1866 1583 1744 65 1372 1872 58 795 932 422 395 1944
1074 1237 748 774 789 1096 829 1243 0 1270 619 833 210 1122 881 1003 586 1384 1337 864 607 1255 778 872 856 743 789 1133 1108 628 590 1306 738 875 782 859 1283 771 768 1113 779 1096 731 663 1054 1006 1320 606 179 747 862 1399 768 454 865 1068 765 1143 979 766 975 744 847 1238 596 873 1358 865 1048 765 926 1253 880 1044 1228 768 582 1112 1301 1116
1929 135 757 777 1583 1951 678 82 1270 0 961 682 1085 1976 425 552 1380 412 406 682 949 283 780 690 664 746 1692 418 394 1422 967 376 1532 724 784 708 353 802 1562 362 781 1950 622 922 1909 1860 390 915 1168 1541 711 427 537 979 714 1923 1640 1937 1773 797 1769 1651 696 95 939 1508 386 673 1842 1559 1720 92 1399 1899 85 770 959 398 371 1971
1277 963 445 465 1014 1299 554 969 619 961 0 558 434 1325 572 729 811 1110 1027 589 56 981 469 598 581 434 1040 824 799 854 139 997 963 600 473 584 974 491 993 839 470 1299 422 148 1257 1209 1011 90 516 972 587 1124 494 327 590 1271 988 1369 1204 485 1201 999 573 963 59 856 1083 590 1273 990 1151 979 864 1247 953 459 131 803 992 1319
1491 649 345 385 1321 1513 46 655 833 682 558 0 648 1539 361 415 1118 796 817 110 546 667 410 103 131 375 1254 590 588 1161 530 786 1270 56 395 134 763 369 1300 525 392 1513 360 604 1471 1423 801 545 730 1279 137 811 180 541 46 1485 1202 1675 1511 363 1507 1213 122 650 536 1070 770 139 1580 1297 1458 665 1078 1461 640 400 521 592 781 1533
955 1052 563 603 827 977 644 1059 210 1085 434 648 0 1002 881 819 625 1199 1332 679 422 1070 627 687 671 593 669 993 1042 667 405 1302 777 690 613 674 1278 587 807 929 610 976 745 479 934 886 1316 421 118 786 677 1214 583 269 680 948 645 1182 1018 581 1014 625 662 1053 411 688 1173 680 1087 804 965 1068 695 924 1043 617 397 1046 1297 996
226 1943 1454 1494 817 127 1535 1949 1124 1976 1325 1539 1005 0 1772 1709 855 2090 2223 1570 1313 1961 1518 1578 1562 1483 477 1884 1933 862 1296 2192 766 1581 1504 1565 2169 1477 796 1819 1501 37 1636 1370 170 254 2207 1312 959 775 1568 2105 1474 1160 1571 156 425 310 535 1472 532 453 1553 1944 1302 573 2064 1571 494 793 534 1959 814 113 1934 1508 1288 1937 2187 184
1634 502 367 387 1193 1733 357 449 881 425 572 361 881 1772 0 240 990 573 491 292 559 594 391 300 274 356 1487 287 262 1033 608 460 1142 339 395 331 437 413 1172 332 392 1746 232 532 1690 1613 475 525 889 1151 334 588 413 774 363 1704 1435 1547 1383 407 1379 1446 319 462 549 1304 547 283 1452 1169 1330 459 1276 1695 452 381 599 266 455 1676
1662 532 573 592 1398 1684 411 538 1003 552 729 415 819 1709 240 0 1196 679 618 446 717 550 596 455 438 561 1425 414 389 1238 701 587 1348 457 600 441 564 616 1378 408 597 1684 437 738 1642 1594 602 716 901 1357 444 694 270 712 447 1656 1373 1753 1589 611 1585 1384 430 533 706 1241 653 447 1658 1375 1536 548 1132 1632 522 586 692 393 582 1704
764 1457 864 884 323 788 1114 1404 586 1380 811 1118 625 855 990 1196 0 1528 1446 1049 799 1549 888 1058 1032 853 913 1242 1218 78 848 1416 272 1097 892 1089 1393 910 302 1287 888 852 841 772 821 743 1430 765 586 281 1092 1543 1156 770 1120 816 888 593 429 904 425 868 1077 1417 789 1057 1502 1041 498 299 376 1414 1259 927 1407 878 839 1222 1411 772
2043 379 905 925 1731 2065 792 385 1384 412 1110 796 1199 2090 573 679 1528 0 254 827 1097 143 929 835 813 894 1805 541 542 1571 1081 224 1680 838 933 822 201 951 1710 476 930 2064 770 1070 2023 1974 238 1063 1282 1689 825 56 651 1092 828 2037 1753 2086 1921 945 1918 1764 810 380 1087 1622 40 821 1990 1707 1868 395 1512 2013 370 919 1073 546 219 2084
2090 483 823 843 1649 2188 813 430 1337 406 1027 817 1332 2223 491 618 1446 254 0 748 1015 276 847 756 730 812 1938 485 460 1489 1064 51 1598 795 850 787 87 868 1628 529 847 2197 688 988 2146 2069 50 981 1345 1607 790 269 783 1225 819 2160 1886 2003 1839 863 1835 1897 775 443 1005 1755 228 739 1908 1625 1786 440 1645 2145 433 837 1055 464 56 2132
1522 680 321 361 1252 1544 115 686 864 682 589 110 679 1570 292 446 1049 827 748 0 577 698 385 71 61 350 1285 544 519 1092 561 717 1201 61 371 109 694 344 1231 556 368 1544 291 591 1502 1454 732 576 761 1210 112 842 211 572 85 1516 1233 1606 1442 339 1438 1244 97 681 567 1101 801 70 1511 1228 1389 696 1109 1492 671 375 552 523 712 1564
1265 951 433 453 1002 1287 542 957 607 949 56 546 422 1313 559 717 799 1097 1015 577 0 969 457 586 569 422 1028 812 787 842 127 985 951 588 461 572 962 479 981 827 458 1287 410 136 1245 1197 999 78 504 960 575 1112 482 315 578 1259 976 1357 1192 473 1189 987 560 951 47 844 1071 578 1261 978 1139 967 852 1235 941 447 118 791 980 1307
1914 250 844 884 1752 1936 663 256 1255 283 981 667 1070 1961 594 550 1549 143 276 698 969 0 909 707 690 874 1677 412 461 1592 952 245 1701 709 894 693 222 868 1731 347 891 1935 791 1026 1894 1845 260 968 1153 1711 696 158 522 964 699 1908 1625 2107 1943 862 1939 1636 681 251 958 1493 117 699 2011 1728 1889 266 1384 1884 241 899 944 465 240 1956
1471 857 75 120 1090 1493 406 805 778 780 469 410 627 1518 391 596 888 929 847 385 457 909 0 394 377 63 1234 643 618 930 506 816 1040 433 127 380 793 120 1070 688 124 1492 241 430 1451 1403 831 423 710 1049 383 944 422 521 442 1465 1182 1445 1281 115 1277 1193 369 818 446 1050 903 386 1350 1067 1228 814 1057 1441 808 42 497 622 811 1513
1531 689 329 369 1260 1553 107 695 872 690 598 103 687 1578 300 455 1058 835 756 71 586 707 394 0 69 359 1294 552 528 1100 569 726 1210 54 379 117 703 353 1240 565 376 1552 299 600 1511 1462 740 585 770 1219 120 850 220 581 77 1525 1242 1615 1451 347 1447 1253 105 689 575 1110 809 78 1520 1237 1398 705 1117 1501 679 384 561 532 721 1573
1515 672 313 353 1234 1537 127 678 856 664 581 131 671 1562 274 438 1032 813 730 61 569 690 377 69 0 343 1277 527 502 1074 553 700 1184 109 363 101 677 337 1214 548 360 1536 273 574 1495 1446 714 567 753 1193 104 827 203 564 132 1509 1225 1589 1425 331 1421 1236 89 673 559 1094 786 39 1494 1211 1372 688 1101 1485 663 367 544 506 695 1556
1436 823 40 85 1055 1458 371 770 743 746 434 375 593 1483 356 561 853 894 812 350 422 874 63 359 343 0 1199 608 583 895 471 781 1005 398 93 346 758 85 1035 653 90 1458 206 395 1416 1368 796 388 675 1014 349 909 387 486 407 1430 1147 1410 1246 80 1242 1158 334 783 412 1015 868 351 1315 1032 1193 780 1023 1406 773 53 462 587 776 1478
430 1659 1169 1209 925 452 1250 1665 792 1692 1040 1254 672 477 1487 1425 913 1805 1938 1285 1028 1677 1234 1294 1277 1199 0 1599 1648 955 1012 1908 875 1296 1219 1280 1885 1193 905 1535 1216 451 1348 1085 410 361 1922 1027 626 884 1283 1820 1190 876 1286 424 73 677 902 1187 898 62 1268 1659 1018 288 1779 1286 861 902 900 1675 529 400 1649 1224 1003 1653 1903 471
1837 394 619 639 1445 1859 586 400 1133 418 824 590 993 1884 287 414 1242 541 485 544 812 412 643 552 527 608 1599 0 103 1285 860 454 1394 592 647 583 431 665 1424 99 644 1858 484 784 1817 1768 468 777 1076 1403 586 556 445 886 615 1831 1547 1800 1635 659 1632 1558 572 395 801 1416 515 535 1704 1421 1582 410 1306 1807 385 633 852 108 449 1878
1862 443 595 614 1420 1908 584 418 1108 394 799 588 1042 1933 262 389 1218 542 460 519 787 461 618 528 502 583 1648 103 0 1260 836 429 1370 567 622 559 406 640 1400 148 619 1907 459 760 1866 1817 444 753 1116 1379 562 557 494 935 590 1880 1596 1775 1611 634 1607 1607 547 431 776 1465 516 511 1680 1397 1558 428 1355 1856 421 608 827 66 424 1903
807 1499 907 926 365 795 1157 1447 628 1422 854 1161 667 862 1033 1238 78 1571 1489 1092 842 1592 930 1100 1074 895 955 1285 1260 0 890 1458 315 1139 934 1131 1435 952 345 1330 931 859 883 815 838 786 1473 808 628 324 1134 1586 1198 813 1162 824 931 600 436 946 432 911 1119 1460 831 1099 1545 1083 505 342 383 1456 1302 934 1450 920 882 1264 1453 779
1249 935 445 485 1051 1271 526 941 590 967 139 530 405 1296 608 701 848 1081 1064 561 127 952 506 569 553 471 1012 860 836 890 0 1034 1000 572 495 556 1011 469 1030 811 492 1270 459 185 1229 1181 1048 126 488 1009 559 1096 465 299 562 1243 960 1405 1241 463 1237 971 544 935 117 828 1055 562 1310 1027 1188 950 835 1219 925 496 37 840 1029 1291
2060 453 793 812 1618 2158 782 400 1306 376 997 786 1302 2192 460 587 1416 224 51 717 985 245 816 726 700 781 1908 454 429 1458 1034 0 1568 765 820 757 63 838 1598 499 817 2167 657 958 2116 2039 95 951 1314 1577 760 239 753 1195 788 2130 1856 1973 1809 833 1805 1867 745 413 974 1724 198 709 1878 1595 1756 410 1615 2115 403 806 1025 434 66 2101
560 1609 1016 1036 96 658 1266 1556 738 1532 963 1270 777 766 1142 1348 272 1680 1598 1201 951 1701 1040 1210 1184 1005 875 1394 1370 315 1000 1568 0 1249 1044 1241 1545 1062 75 1439 1040 763 993 924 616 539 1582 917 738 54 1244 1695 1308 922 1272 630 823 710 665 1056 662 851 1229 1569 941 971 1654 1193 734 72 612 1566 1212 751 1559 1030 991 1374 1563 601
1533 691 368 408 1299 1555 60 697 875 724 600 56 690 1581 339 457 1097 838 795 61 588 709 433 54 109 398 1296 592 567 1139 572 765 1249 0 418 156 742 392 1279 567 415 1555 338 639 1513 1465 779 587 772 1258 159 853 222 583 60 1527 1244 1654 1490 386 1486 1255 145 692 578 1112 812 117 1559 1276 1437 707 1120 1503 682 423 563 571 760 1575
1457 861 104 36 1094 1479 392 808 782 784 473 395 613 1504 395 600 892 933 850 371 461 894 127 379 363 93 1219 647 622 934 495 820 1044 418 0 366 797 130 1074 692 40 1478 245 434 1436 1388 834 427 695 1053 369 948 407 506 427 1450 1167 1449 1285 125 1281 1178 354 822 450 1036 907 372 1353 1071 1232 818 1043 1426 812 117 486 626 815 1498
1518 675 316 356 1291 1540 130 681 859 708 584 134 674 1565 331 441 1089 822 787 109 572 693 380 117 101 346 1280 583 559 1131 556 757 1241 156 366 0 734 340 1271 551 363 1539 330 630 1498 1449 771 572 756 1250 22 837 206 567 165 1512 1228 1646 1482 334 1478 1239 41 676 562 1097 796 110 1551 1268 1429 691 1104 1488 666 370 547 563 752 1559
2037 430 770 789 1595 2135 759 377 1283 353 974 763 1278 2169 437 564 1393 201 87 694 962 222 793 703 677 758 1885 431 406 1435 1011 63 1545 742 797 734 0 815 1575 476 794 2143 634 935 2093 2016 54 928 1291 1554 737 216 730 1172 765 2107 1833 1950 1786 809 1782 1844 722 390 951 1701 175 686 1855 1572 1733 387 1592 2092 380 783 1002 410 58 2078
1430 850 56 123 1112 1452 365 827 771 802 491 369 587 1477 413 616 910 951 868 344 479 868 120 353 337 85 1193 665 640 952 469 838 1062 392 130 340 815 0 1092 710 127 1452 263 452 1410 1362 852 445 669 1071 343 966 381 480 401 1424 1141 1467 1303 60 1299 1152 328 840 468 1009 925 345 1371 1089 1250 836 1017 1400 830 110 460 644 833 1472
590 1639 1046 1066 116 688 1296 1586 768 1562 993 1300 807 796 1172 1378 302 1710 1628 1231 981 1731 1070 1240 1214 1035 905 1424 1400 345 1030 1598 75 1279 1074 1271 1575 1092 0 1469 1070 793 1023 954 646 569 1612 947 768 76 1274 1725 1338 952 1302 660 853 740 695 1086 692 881 1259 1599 971 1001 1684 1223 764 58 642 1596 1242 781 1589 1060 1021 1404 1593 631
1772 330 664 684 1490 1794 521 336 1113 362 839 525 929 1819 332 408 1287 476 529 556 827 347 688 565 548 653 1535 99 148 1330 811 499 1439 567 692 551 476 710 1469 0 689 1794 529 829 1752 1704 513 822 1011 1448 554 491 380 822 557 1766 1483 1844 1680 704 1676 1494 540 330 816 1351 450 557 1749 1466 1627 345 1242 1742 320 678 802 152 494 1814
1454 858 101 33 1091 1476 389 805 779 781 470 392 610 1501 392 597 888 930 847 368 458 891 124 376 360 90 1216 644 619 931 492 817 1040 415 40 363 794 127 1070 689 0 1475 242 431 1433 1385 831 424 692 1050 366 945 404 503 424 1447 1164 1446 1282 122 1278 1175 351 819 447 1033 904 369 1350 1068 1228 815 1040 1423 808 114 483 623 812 1495
223 1918 1428 1468 813 124 1509 1924 1099 1950 1299 1513 979 37 1746 1684 852 2064 2197 1544 1287 1935 1492 1552 1536 1458 451 1858 1907 859 1270 2167 763 1555 1478 1539 2143 1452 793 1794 1475 0 1610 1344 167 251 2181 1286 933 772 1542 2079 1448 1134 1545 153 399 307 532 1446 528 427 1527 1918 1276 547 2038 1545 491 790 530 1933 788 87 1908 1482 1262 1911 2162 181
1485 699 218 237 1043 1583 356 646 731 622 422 360 745 1636 232 437 841 770 688 291 410 791 241 299 273 206 1348 484 459 883 459 657 993 338 245 330 634 263 1023 529 242 1610 0 383 1541 1464 672 376 739 1002 333 785 412 639 362 1555 1300 1398 1234 258 1230 1303 318 659 399 1168 744 282 1303 1020 1181 656 1175 1559 649 231 450 463 652 1526
1323 999 406 426 975 1345 600 946 663 922 148 604 479 1370 532 738 772 1070 988 591 136 1026 430 600 574 395 1085 784 760 815 185 958 924 639 434 630 935 452 954 829 431 1344 383 0 1303 1254 972 102 562 933 633 1085 539 372 635 1317 1033 1329 1165 446 1161 1044 618 959 125 902 1044 583 1234 951 1112 956 909 1293 949 420 176 764 953 1364
171 1876 1386 1426 666 103 1467 1882 1057 1909 1257 1471 937 170 1690 1642 821 2023 2146 1502 1245 1894 1451 1511 1495 1416 410 1817 1866 838 1229 2116 616 1513 1436 1498 2093 1410 646 1752 1433 167 1541 1303 0 102 2130 1244 891 625 1501 2038 1407 1093 1503 131 357 286 511 1404 507 386 1486 1877 1235 505 1997 1503 470 643 509 1892 747 242 1866 1441 1220 1870 2111 160
94 1828 1338 1378 589 144 1419 1834 1009 1860 1209 1423 889 254 1613 1594 743 1974 2069 1454 1197 1845 1403 1462 1446 1368 361 1768 1817 786 1181 2039 539 1465 1388 1449 2016 1362 569 1704 1385 251 1464 1254 102 0 2053 1196 843 548 1452 1989 1358 1044 1455 116 309 341 566 1356 562 337 1437 1828 1186 457 1948 1455 525 566 564 1843 698 237 1818 1392 1172 1821 2034 135
2074 467 807 827 1633 2172 797 414 1320 390 1011 801 1316 2207 475 602 1430 238 50 732 999 260 831 740 714 796 1922 468 444 1473 1048 95 1582 779 834 771 54 852 1612 513 831 2181 672 972 2130 2053 0 965 1329 1591 774 253 767 1209 803 2144 1870 1987 1823 847 1819 1881 759 427 989 1739 212 723 1892 1609 1770 424 1629 2129 417 820 1039 448 96 2116
1265 950 399 419 968 1287 542 939 606 915 90 545 421 1312 525 716 765 1063 981 576 78 968 423 585 567 388 1027 777 753 808 126 951 917 587 427 572 928 445 947 822 424 1286 376 102 1244 1196 965 0 503 926 575 1078 481 314 577 1258 975 1322 1158 439 1154 986 560 951 67 844 1037 576 1227 944 1105 949 851 1234 940 413 118 757 946 1306
909 1135 645 685 789 931 726 1141 179 1168 516 730 118 956 889 901 586 1282 1345 761 504 1153 710 770 753 675 623 1076 1116 628 488 1314 738 772 695 756 1291 669 768 1011 692 930 739 562 889 840 1329 503 0 747 759 1296 666 352 762 903 599 1143 979 663 975 579 745 1135 494 767 1255 762 1048 765 926 1151 778 879 1125 700 479 1120 1309 950
569 1618 1025 1045 105 667 1275 1565 747 1541 972 1279 786 775 1151 1357 281 1689 1607 1210 960 1711 1049 1219 1193 1014 884 1403 1379 324 1009 1577 54 1258 1053 1250 1554 1071 76 1448 1050 772 1002 933 625 548 1591 926 747 0 1253 1704 1317 931 1281 639 832 719 675 1065 671 860 1238 1578 950 980 1663 1202 743 79 621 1575 1221 760 1568 1039 1000 1383 1572 611
1521 678 319 359 1294 1543 133 684 862 711 587 137 677 1568 334 444 1092 825 790 112 575 696 383 120 104 349 1283 586 562 1134 559 760 1244 159 369 22 737 343 1274 554 366 1542 333 633 1501 1452 774 575 759 1253 0 840 209 570 168 1515 1231 1649 1485 337 1481 1242 31 679 565 1100 799 113 1554 1271 1432 694 1107 1491 669 373 550 566 755 1562
2058 394 920 940 1746 2080 807 400 1399 427 1124 811 1214 2105 588 694 1543 56 269 842 1112 158 944 850 827 909 1820 556 557 1586 1096 239 1695 853 948 837 216 966 1725 491 945 2079 785 1085 2038 1989 253 1078 1296 1704 840 0 666 1107 843 2052 1768 2100 1936 960 1933 1779 825 395 1102 1637 55 836 2005 1722 1883 410 1527 2028 384 934 1087 561 234 2099
1427 504 357 397 1358 1449 176 510 768 537 494 180 583 1474 413 270 1156 651 783 211 482 522 422 220 203 387 1190 445 494 1198 465 753 1308 222 407 206 730 381 1338 380 404 1448 412 539 1407 1358 767 481 666 1317 209 666 0 477 212 1421 1138 1674 1549 375 1545 1149 194 505 471 1006 625 212 1618 1335 1496 520 1013 1397 494 412 457 498 748 1469
1113 946 456 496 973 1135 537 952 454 979 327 541 269 1160 774 712 770 1092 1225 572 315 964 521 581 564 486 876 886 935 813 299 1195 922 583 506 567 1172 480 952 822 503 1134 639 372 1093 1044 1209 314 352 931 570 1107 477 0 573 1107 823 1327 1163 474 1159 835 555 946 305 692 1066 573 1232 949 1110 962 699 1083 936 511 290 939 1190 1155
1523 681 377 417 1323 1545 50 687 865 714 590 46 680 1571 363 447 1120 828 819 85 578 699 442 77 132 407 1286 615 590 1162 562 788 1272 60 427 165 765 401 1302 557 424 1545 362 635 1503 1455 803 577 762 1281 168 843 212 573 0 1517 1234 1677 1513 395 1509 1245 154 682 568 1102 802 141 1582 1299 1460 697 1110 1493 671 432 553 594 783 1565
185 1890 1400 1440 681 89 1482 1896 1071 1923 1271 1485 951 156 1704 1656 816 2037 2160 1516 1259 1908 1465 1525 1509 1430 424 1831 1880 824 1243 2130 630 1527 1450 1512 2107 1424 660 1766 1447 153 1555 1317 131 116 2144 1258 905 639 1515 2052 1421 1107 1517 0 371 272 497 1418 493 400 1500 1891 1249 519 2011 1517 455 657 495 1906 761 228 1880 1455 1234 1884 2125 145
378 1607 1117 1157 873 400 1198 1613 768 1640 988 1202 648 425 1435 1373 888 1753 1886 1233 976 1625 1182 1242 1225 1147 73 1547 1596 931 960 1856 823 1244 1167 1228 1833 1141 853 1483 1164 399 1300 1033 357 309 1870 975 602 832 1231 1768 1138 823 1234 371 0 625 850 1135 846 75 1216 1607 965 236 1727 1234 809 850 848 1623 477 347 1597 1172 951 1600 1851 419
269 2014 1421 1441 760 243 1672 1961 1143 1937 1369 1675 1182 310 1547 1753 593 2086 2003 1606 1357 2107 1445 1615 1589 1410 677 1800 1775 600 1405 1973 710 1654 1449 1646 1950 1467 740 1844 1446 307 1398 1329 286 341 1987 1322 1143 719 1649 2100 1674 1327 1677 272 625 0 273 1461 270 653 1634 1975 1346 773 2060 1598 232 737 272 1971 1014 382 1964 1435 1397 1779 1968 227
494 1850 1257 1277 716 468 1507 1797 979 1773 1204 1511 1018 535 1383 1589 429 1921 1839 1442 1192 1943 1281 1451 1425 1246 902 1635 1611 436 1241 1809 665 1490 1285 1482 1786 1303 695 1680 1282 532 1234 1165 511 566 1823 1158 979 675 1485 1936 1549 1163 1513 497 850 273 0 1297 22 878 1470 1810 1182 998 1895 1434 178 693 107 1807 1239 607 1800 1271 1232 1615 1804 452
1425 845 50 117 1107 1447 360 821 766 797 485 363 581 1472 407 611 904 945 863 339 473 862 115 347 331 80 1187 659 634 946 463 833 1056 386 125 334 809 60 1086 704 122 1446 258 446 1404 1356 847 439 663 1065 337 960 375 474 395 1418 1135 1461 1297 0 1293 1146 322 834 463 1004 919 340 1366 1083 1244 831 1011 1394 824 105 454 639 828 1466
491 1846 1253 1273 712 465 1504 1793 975 1769 1201 1507 1014 532 1379 1585 425 1918 1835 1438 1189 1939 1277 1447 1421 1242 898 1632 1607 432 1237 1805 662 1486 1281 1478 1782 1299 692 1676 1278 528 1230 1161 507 562 1819 1154 975 671 1481 1933 1545 1159 1509 493 846 270 22 1293 0 874 1466 1807 1178 994 1892 1430 174 689 104 1803 1235 603 1796 1267 1229 1611 1800 448
406 1615 1125 1165 902 428 1206 1621 747 1648 996 1210 627 453 1443 1381 868 1761 1894 1241 984 1633 1190 1250 1233 1155 62 1555 1604 911 968 1864 851 1252 1175 1236 1841 1149 881 1491 1172 427 1303 1041 386 337 1878 983 582 860 1239 1776 1146 831 1242 400 75 653 878 1143 874 0 1224 1615 973 264 1735 1242 837 878 876 1631 506 376 1605 1180 959 1608 1859 447
1506 664 304 344 1279 1528 118 670 847 696 573 122 662 1553 319 430 1077 810 775 97 560 681 369 105 89 334 1268 572 547 1119 544 745 1229 145 354 41 722 328 1259 540 351 1527 318 618 1486 1437 759 560 745 1238 31 825 194 555 154 1500 1216 1634 1470 322 1466 1227 0 664 550 1085 784 98 1539 1256 1417 679 1092 1476 654 359 536 551 740 1547
1897 102 794 814 1620 1919 646 68 1238 95 963 650 1053 1944 462 533 1417 380 443 681 951 251 818 689 673 783 1659 395 431 1460 935 413 1569 692 822 676 390 840 1599 330 819 1918 659 959 1877 1828 427 951 1135 1578 679 395 505 946 682 1891 1607 1975 1810 834 1807 1618 664 0 941 1476 354 682 1879 1596 1757 78 1366 1867 52 808 926 435 408 1938
1255 940 423 443 991 1277 532 946 596 939 59 536 411 1302 549 706 789 1087 1005 567 47 958 446 575 559 412 1018 801 776 831 117 974 941 578 450 562 951 468 971 816 447 1276 399 125 1235 1186 989 67 494 950 565 1102 471 305 568 1249 965 1346 1182 463 1178 976 550 941 0 834 1061 568 1251 968 1129 956 841 1225 931 436 108 781 969 1297
526 1475 986 1025 1021 548 1067 1481 873 1508 856 1070 688 573 1304 1241 1057 1622 1755 1101 844 1493 1050 1110 1094 1015 288 1416 1465 1099 828 1724 971 1112 1036 1097 1701 1009 1001 1351 1033 547 1168 902 505 457 1739 844 770 980 1100 1637 1006 692 1102 519 236 773 998 1004 994 264 1085 1476 834 0 1596 1103 957 998 996 1491 346 495 1466 1040 819 1469 1719 567
2017 353 879 899 1705 2039 766 359 1358 386 1083 770 1173 2064 547 653 1502 40 228 801 1071 117 903 809 786 868 1779 515 516 1545 1055 198 1654 812 907 796 175 925 1684 450 904 2038 744 1044 1997 1948 212 1037 1255 1663 799 55 625 1066 802 2011 1727 2060 1895 919 1892 1738 784 354 1061 1596 0 795 1964 1681 1842 369 1486 1987 343 893 1046 520 193 2058
1523 681 322 362 1243 1545 136 687 865 673 590 139 680 1571 283 447 1041 821 739 70 578 699 386 78 39 351 1286 535 511 1083 562 709 1193 117 372 110 686 345 1223 557 369 1545 282 583 1503 1455 723 576 762 1202 113 836 212 573 141 1517 1234 1598 1434 340 1430 1245 98 682 568 1103 795 0 1502 1220 1381 697 1110 1493 672 376 553 515 704 1565
453 1919 1326 1346 785 427 1576 1866 1048 1842 1273 1580 1087 494 1452 1658 498 1990 1908 1511 1261 2011 1350 1520 1494 1315 861 1704 1680 505 1310 1878 734 1559 1353 1551 1855 1371 764 1749 1350 491 1303 1234 470 525 1892 1227 1048 743 1554 2005 1618 1232 1582 455 809 232 178 1366 174 837 1539 1879 1251 957 1964 1502 0 761 176 1876 1198 566 1869 1340 1301 1684 1873 411
587 1636 1043 1063 119 685 1293 1583 765 1559 990 1297 804 793 1169 1375 299 1707 1625 1228 978 1728 1067 1237 1211 1032 902 1421 1397 342 1027 1595 72 1276 1071 1268 1572 1089 58 1466 1068 790 1020 951 643 566 1609 944 765 79 1271 1722 1335 949 1299 657 850 737 693 1083 689 878 1256 1596 968 998 1681 1220 761 0 639 1593 1239 778 1586 1057 1018 1401 1590 628
493 1797 1204 1224 663 467 1454 1744 926 1720 1151 1458 965 534 1330 1536 376 1868 1786 1389 1139 1889 1228 1398 1372 1193 900 1582 1558 383 1188 1756 612 1437 1232 1429 1733 1250 642 1627 1228 530 1181 1112 509 564 1770 1105 926 621 1432 1883 1496 1110 1460 495 848 272 107 1244 104 876 1417 1757 1129 996 1842 1381 176 639 0 1754 1237 605 1747 1218 1179 1562 1751 450
1912 118 791 811 1617 1934 661 65 1253 92 979 665 1068 1959 459 548 1414 395 440 696 967 266 814 705 688 780 1675 410 428 1456 950 410 1566 707 818 691 387 836 1596 345 815 1933 656 956 1892 1843 424 949 1151 1575 694 410 520 962 697 1906 1623 1971 1807 831 1803 1634 679 78 956 1491 369 697 1876 1593 1754 0 1382 1882 68 804 942 432 405 1954
767 1366 993 1033 1263 789 1074 1372 880 1399 864 1078 695 814 1276 1132 1262 1512 1645 1109 852 1384 1057 1117 1101 1023 529 1306 1355 1305 835 1615 1212 1120 1043 1104 1592 1017 1242 1242 1040 788 1175 909 747 698 1629 851 778 1221 1107 1527 1013 699 1110 761 477 1014 1239 1011 1235 506 1092 1366 841 346 1486 1110 1198 1239 1237 1382 0 737 1356 1047 827 1359 1610 809
298 1866 1376 1416 802 199 1458 1872 1047 1899 1247 1461 927 113 1695 1632 927 2013 2145 1492 1235 1884 1441 1501 1485 1406 400 1807 1856 934 1219 2115 751 1503 1426 1488 2092 1400 781 1742 1423 87 1559 1293 242 237 2129 1234 882 760 1491 2028 1397 1083 1493 228 347 382 607 1394 603 376 1476 1867 1225 495 1987 1493 566 778 605 1882 737 0 1856 1431 1210 1860 2110 256
1886 92 784 804 1610 1909 636 58 1228 85 953 640 1043 1934 452 522 1407 370 433 671 941 241 808 679 663 773 1649 385 421 1450 925 403 1559 682 812 666 380 830 1589 320 808 1908 649 949 1866 1818 417 940 1125 1568 669 384 494 936 671 1880 1597 1964 1800 824 1796 1608 654 52 931 1466 343 672 1869 1586 1747 68 1356 1856 0 798 916 425 398 1928
1461 847 65 110 1080 1483 396 795 768 770 459 400 617 1508 381 586 878 919 837 375 447 899 42 384 367 53 1224 633 608 920 496 806 1030 423 117 370 783 110 1060 678 114 1482 231 420 1441 1392 820 413 700 1039 373 934 412 511 432 1455 1172 1435 1271 105 1267 1183 359 808 436 1040 893 376 1340 1057 1218 804 1047 1431 798 0 487 612 801 1503
1240 926 436 476 1042 1262 517 932 582 959 131 521 397 1288 599 692 839 1073 1055 552 118 944 497 561 544 462 1003 852 827 882 37 1025 991 563 486 547 1002 460 1021 802 483 1262 450 176 1220 1172 1039 118 479 1000 550 1087 457 290 553 1234 951 1397 1232 454 1229 962 536 926 108 819 1046 553 1301 1018 1179 942 827 1210 916 487 0 831 1020 1282
1866 447 599 618 1424 1912 588 422 1112 398 803 592 1046 1937 266 393 1222 546 464 523 791 465 622 532 506 587 1653 108 66 1264 840 434 1374 571 626 563 410 644 1404 152 623 1911 463 764 1870 1821 448 757 1120 1383 566 561 498 939 594 1884 1600 1779 1615 639 1611 1611 551 435 781 1469 520 515 1684 1401 1562 432 1359 1860 425 612 831 0 429 1908
2055 448 788 807 1613 2153 777 395 1301 371 992 781 1297 2187 455 582 1411 219 56 712 980 240 811 721 695 776 1903 449 424 1453 1029 66 1563 760 815 752 58 833 1593 494 812 2162 652 953 2111 2034 96 946 1309 1572 755 234 748 1190 783 2125 1851 1968 1804 828 1800 1862 740 408 969 1719 193 704 1873 1590 1751 405 1610 2110 398 801 1020 429 0 2096
143 1938 1448 1488 652 117 1529 1944 1119 1971 1319 1533 999 184 1676 1704 772 2084 2132 1564 1307 1956 1513 1573 1556 1478 471 1878 1903 779 1291 2101 601 1575 1498 1559 2078 1472 631 1814 1495 181 1526 1364 160 135 2116 1306 953 611 1562 2099 1469 1155 1565 145 419 227 452 1466 448 447 1547 1938 1297 567 2058 1565 411 628 450 1954 809 256 1928 1503 1282 1908 2096 0
EOF