NAME : tsp_problem
TYPE : TSP
DIMENSION : 62
EDGE_WEIGHT_TYPE : EXPLICIT
EDGE_WEIGHT_FORMAT : FULL_MATRIX
EDGE_WEIGHT_SECTION
0 1401 523 1399 1604 1420 1126 648 177 1390 375 1637 471 1552 534 1568 388 666 640 872 1561 1202 295 1612 556 1654 616 1319 1603 1577 1573 500 539 472 1635 1110 1653 624 491 429 120 188 677 1322 1523 1405 582 383 1146 1667 134 1700 1159 879 388 1422 1431 1410 383 1498 210 597
1401 0 1555 86 698 93 1008 1033 1287 63 1260 731 1174 289 1531 1273 1219 953 1638 860 298 924 1543 595 1037 748 1613 862 340 671 309 1737 1536 1595 594 492 747 1621 1760 1426 1378 1278 898 858 260 80 1113 1268 1027 651 1363 785 1040 751 1273 61 94 74 1224 592 1540 1065
523 1555 0 1553 1758 1574 1452 973 444 1544 693 1791 796 1706 91 1894 652 903 398 1075 1715 1527 308 1937 730 1809 374 1645 1757 1731 1727 291 88 93 1960 1264 1807 382 282 403 534 434 1002 1648 1677 1559 807 701 1471 1993 520 2025 1485 1204 706 1576 1586 1564 657 1652 535 759
1399 86 1553 0 696 110 1005 1031 1285 98 1258 729 1172 287 1529 1271 1217 950 1635 857 295 922 1541 593 1034 746 1611 859 338 669 307 1734 1534 1592 591 490 745 1619 1758 1424 1375 1275 896 856 258 43 1111 1265 1025 648 1361 782 1038 749 1271 65 98 78 1222 590 1538 1063
1604 698 1758 696 0 716 956 1236 1490 686 1463 47 1377 693 1734 1222 1422 1155 1841 1062 681 995 1746 451 1239 113 1816 810 688 77 658 1940 1739 1797 425 695 112 1824 1963 1629 1580 1480 1101 806 724 702 1316 1471 975 394 1566 475 989 954 1476 719 728 707 1427 136 1743 1268
1420 93 1574 110 716 0 1026 1051 1305 81 1278 749 1192 307 1550 1292 1237 971 1656 878 316 942 1561 613 1055 766 1631 880 358 689 328 1755 1554 1613 612 510 765 1639 1778 1444 1396 1296 916 876 278 104 1132 1286 1045 669 1382 803 1059 769 1291 85 77 98 1242 610 1558 1083
1126 1008 1452 1005 956 1026 0 762 1240 996 1016 989 788 774 1489 653 1029 779 1694 728 762 426 1224 527 935 937 1670 241 769 970 739 1429 1486 1401 550 874 910 1678 1420 1422 1183 1251 568 238 805 1011 961 1024 44 583 1197 615 57 734 1029 1028 1038 1016 1025 1029 1139 976
648 1033 973 1031 1236 1051 762 0 715 1021 538 1269 310 1184 960 1203 551 124 1066 507 1192 837 745 1247 457 1286 1042 954 1235 1209 1204 950 964 923 1270 742 1285 1049 941 855 705 706 312 957 1155 1037 483 546 781 1302 718 1335 794 514 551 1054 1063 1042 546 1130 660 493
177 1287 444 1285 1490 1305 1240 715 0 1275 425 1523 584 1438 420 1682 384 635 526 807 1446 1315 408 1725 462 1540 502 1433 1489 1463 1458 613 424 483 1742 996 1539 509 604 315 153 124 790 1436 1409 1291 538 432 1259 1781 139 1813 1273 993 438 1308 1317 1296 389 1384 323 490
1390 63 1544 98 686 81 996 1021 1275 0 1248 719 1162 277 1520 1262 1207 941 1626 848 286 912 1531 583 1025 736 1601 850 328 659 298 1725 1524 1583 582 480 735 1609 1748 1414 1366 1266 886 846 248 92 1101 1256 1015 639 1352 773 1029 739 1261 73 93 72 1212 580 1528 1053
375 1260 693 1258 1463 1278 1016 538 425 1248 0 1496 262 1411 669 1458 85 555 775 762 1419 1091 472 1501 314 1513 751 1209 1462 1436 1431 677 673 650 1524 969 1512 758 668 564 431 415 566 1212 1382 1263 340 53 1036 1557 445 1589 1049 769 52 1280 1290 1269 80 1357 387 354
1637 731 1791 729 47 749 989 1269 1523 719 1496 0 1410 726 1767 1255 1455 1188 1873 1095 714 1028 1779 484 1272 146 1849 843 721 110 691 1973 1772 1830 458 728 145 1857 1996 1662 1613 1513 1134 839 757 735 1349 1504 1008 427 1599 508 1022 987 1509 752 761 740 1460 169 1776 1301
471 1174 796 1172 1377 1192 788 310 584 1162 262 1410 0 1325 833 1230 275 328 945 534 1333 864 568 1274 171 1427 920 981 1376 1350 1345 773 831 745 1297 818 1426 928 764 733 527 585 339 984 1296 1178 197 270 808 1329 541 1362 821 541 275 1195 1204 1183 271 1271 483 212
1552 289 1706 287 693 307 774 1184 1438 277 1411 726 1325 0 1682 1040 1370 1103 1788 1010 64 813 1694 361 1187 674 1764 628 107 707 76 1888 1687 1745 360 643 647 1772 1911 1577 1528 1428 1049 624 87 293 1264 1418 793 417 1514 551 807 902 1424 310 319 298 1375 743 1691 1216
534 1531 91 1529 1734 1550 1489 960 420 1520 669 1767 833 1682 0 1931 628 879 374 1051 1691 1564 345 1974 706 1784 350 1682 1733 1707 1703 329 72 130 1987 1240 1783 358 320 379 510 410 1039 1685 1653 1535 783 677 1509 2030 496 2062 1522 1242 682 1552 1561 1540 633 1628 572 734
1565 1273 1891 1271 1222 1292 653 1200 1679 1262 1455 1255 1227 1040 1928 0 1468 1218 2133 1166 1027 471 1662 793 1374 1202 2109 449 1035 1235 1005 1867 1925 1840 816 919 1176 2116 1858 1860 1622 1689 1007 483 1071 1277 1400 1463 672 848 1635 881 686 794 1468 1294 1303 1282 1463 1294 1577 1414
388 1219 652 1217 1422 1237 1029 551 384 1207 85 1455 275 1370 628 1471 0 567 734 739 1378 1105 485 1515 327 1472 710 1222 1421 1395 1390 690 633 663 1538 928 1471 718 681 523 445 374 580 1225 1341 1223 353 93 1049 1570 458 1602 1062 782 98 1240 1249 1228 49 1316 400 367
666 953 903 950 1155 971 779 124 635 941 555 1188 328 1103 879 1221 567 0 985 472 1112 854 763 1265 384 1206 961 972 1154 1128 1124 968 884 940 1287 661 1204 969 959 774 722 625 329 975 1074 956 461 563 799 1320 711 1352 812 532 569 973 983 961 564 1049 678 413
640 1638 398 1635 1841 1656 1694 1066 526 1626 775 1873 945 1788 374 2136 734 985 0 1157 1797 1770 550 2094 812 1891 53 1887 1840 1814 1809 280 379 437 2093 1347 1889 46 303 485 616 516 1196 1890 1759 1641 889 783 1714 2150 602 2253 1727 1430 788 1658 1668 1646 739 1734 778 841
872 860 1075 857 1062 878 728 507 807 848 762 1095 534 1010 1051 1169 739 472 1157 0 1019 803 970 1213 556 1113 1133 920 1061 1036 1031 1175 1056 1114 1236 568 1111 1141 1166 946 897 797 210 923 981 863 633 770 747 1268 883 1301 760 480 775 880 890 868 744 956 885 585
1561 298 1715 295 681 316 762 1192 1446 286 1419 714 1333 64 1691 1027 1378 1112 1797 1019 0 801 1703 349 1196 661 1773 616 94 694 64 1896 1695 1754 348 652 635 1780 1919 1585 1537 1437 1057 612 95 301 1273 1427 781 405 1523 539 794 910 1432 318 328 306 1383 751 1699 1224
1199 924 1524 922 995 942 426 834 1312 912 1088 1028 861 813 1561 471 1102 851 1767 800 801 0 1296 566 1008 976 1742 222 809 1009 778 1501 1559 1473 589 552 950 1750 1492 1494 1255 1323 640 257 844 928 1034 1096 446 622 1269 654 459 428 1102 945 954 933 1097 1021 1211 1048
295 1543 308 1541 1746 1561 1224 745 408 1531 472 1779 568 1694 345 1665 485 763 550 970 1703 1299 0 1709 654 1796 526 1417 1745 1719 1714 284 342 257 1732 1252 1795 533 275 238 351 419 774 1420 1665 1547 680 480 1243 1765 365 1797 1257 976 485 1564 1573 1552 481 1640 307 694
1612 595 1937 593 451 613 527 1247 1725 583 1501 484 1274 361 1974 793 1515 1265 2094 1213 349 566 1709 0 1421 431 2070 381 357 465 326 1914 1972 1886 137 949 405 2078 1905 1883 1668 1734 1054 378 393 599 1447 1509 546 129 1682 210 560 889 1515 616 625 604 1510 524 1624 1461
556 1037 730 1034 1239 1055 935 457 462 1025 314 1272 171 1187 706 1377 327 384 812 556 1196 1011 654 1421 0 1290 788 1128 1238 1213 1208 859 710 769 1444 746 1288 796 850 601 552 452 486 1131 1158 1040 86 322 955 1476 538 1509 968 688 327 1057 1067 1045 323 1133 569 50
1654 748 1809 746 113 766 937 1286 1540 736 1513 146 1427 674 1784 1202 1472 1206 1891 1113 661 976 1796 431 1290 0 1866 791 669 127 638 1990 1789 1848 406 745 93 1874 2013 1679 1631 1531 1151 787 705 752 1366 1521 956 375 1616 456 969 1004 1526 769 778 757 1477 186 1793 1318
616 1613 374 1611 1816 1631 1670 1042 502 1601 751 1849 920 1764 350 2112 710 961 53 1133 1773 1745 526 2070 788 1866 0 1863 1815 1789 1784 255 354 413 2069 1322 1865 65 278 461 592 492 1172 1866 1735 1617 865 759 1690 2125 578 2228 1703 1406 764 1634 1643 1622 715 1710 753 816
1316 862 1642 859 810 880 241 951 1430 850 1206 843 978 628 1679 449 1219 969 1884 917 616 222 1414 381 1125 791 1860 0 624 824 593 1618 1676 1591 404 670 765 1868 1610 1611 1373 1440 758 42 659 865 1151 1214 261 437 1386 469 274 545 1219 882 892 871 1215 883 1329 1166
1603 340 1757 338 688 358 769 1235 1489 328 1462 721 1376 107 1733 1035 1421 1154 1840 1061 94 809 1745 357 1238 669 1815 624 0 702 52 1939 1738 1796 356 694 643 1823 1962 1628 1579 1479 1100 620 138 344 1315 1470 789 412 1565 547 802 953 1475 361 370 349 1426 761 1742 1267
1577 671 1731 669 77 689 970 1209 1463 659 1436 110 1350 707 1707 1235 1395 1128 1814 1036 694 1009 1719 465 1213 127 1789 824 702 0 671 1913 1712 1771 439 668 126 1797 1936 1602 1554 1454 1074 820 738 675 1289 1444 989 408 1539 489 1002 927 1449 692 701 680 1400 109 1716 1241
1573 309 1727 307 658 328 739 1204 1458 298 1431 691 1345 76 1703 1005 1390 1124 1809 1031 64 778 1714 326 1208 638 1784 593 52 671 0 1908 1707 1766 325 663 612 1792 1931 1597 1549 1449 1069 589 107 313 1284 1439 758 382 1534 516 771 922 1444 330 340 318 1395 730 1711 1236
500 1737 291 1734 1940 1755 1429 950 613 1725 677 1973 773 1888 329 1870 690 968 280 1175 1896 1504 284 1914 859 1990 255 1621 1939 1913 1908 0 326 241 1937 1446 1989 263 82 482 556 616 979 1625 1858 1740 884 685 1448 1969 570 2002 1461 1181 690 1757 1767 1746 686 1833 512 899
539 1536 88 1534 1739 1554 1486 964 424 1524 673 1772 831 1687 72 1928 633 884 379 1056 1695 1562 342 1972 710 1789 354 1679 1738 1712 1707 326 0 127 1991 1245 1788 362 317 383 515 415 1036 1682 1658 1539 787 681 1506 2027 501 2059 1519 1239 687 1556 1566 1545 638 1633 570 739
472 1595 93 1592 1797 1613 1401 923 483 1583 650 1830 745 1745 130 1843 663 940 437 1114 1754 1476 257 1886 769 1848 413 1594 1796 1771 1766 241 127 0 1909 1303 1846 421 232 442 529 473 951 1597 1716 1598 846 657 1421 1942 542 1974 1434 1154 663 1615 1625 1603 658 1691 485 798
1635 594 1960 591 425 612 550 1270 1742 582 1524 458 1297 360 1987 816 1538 1287 2093 1236 348 589 1732 137 1444 406 2069 404 356 439 325 1937 1991 1909 0 948 380 2076 1928 1881 1691 1733 1076 400 391 597 1469 1532 569 128 1705 209 583 912 1538 614 624 602 1533 498 1647 1484
1110 492 1264 490 695 510 874 742 996 480 969 728 818 643 1240 919 928 661 1347 568 652 552 1252 949 746 745 1322 670 694 668 663 1446 1245 1303 948 0 744 1330 1449 1135 1087 987 598 704 614 496 822 977 893 1004 1072 1102 907 379 982 513 522 501 933 589 1168 774
1653 747 1807 745 112 765 910 1285 1539 735 1512 145 1426 647 1783 1176 1471 1204 1889 1111 635 950 1795 405 1288 93 1865 765 643 126 612 1989 1788 1846 380 744 0 1873 2012 1678 1629 1529 1150 761 679 751 1365 1519 930 349 1615 430 943 1003 1525 767 777 756 1476 184 1792 1317
624 1621 382 1619 1824 1639 1678 1049 509 1609 758 1857 928 1772 358 2119 718 969 46 1141 1780 1753 533 2078 796 1874 65 1871 1823 1797 1792 263 362 421 2076 1330 1873 0 286 468 600 500 1179 1874 1743 1625 872 766 1697 2133 586 2236 1710 1413 772 1642 1651 1630 723 1718 761 824
491 1760 282 1758 1963 1778 1420 941 604 1748 668 1996 764 1911 320 1861 681 959 303 1166 1919 1495 275 1905 850 2013 278 1613 1962 1936 1931 82 317 232 1928 1449 2012 286 0 473 547 615 970 1616 1882 1763 875 676 1439 1960 561 1993 1452 1172 681 1780 1790 1769 677 1857 503 890
429 1426 403 1424 1629 1444 1422 855 315 1414 564 1662 733 1577 379 1863 523 774 485 946 1585 1497 238 1883 601 1679 461 1614 1628 1602 1597 482 383 442 1881 1135 1678 468 473 0 405 305 972 1617 1548 1430 678 572 1441 1938 391 1995 1454 1174 577 1447 1456 1435 528 1523 505 629
120 1378 534 1375 1580 1396 1183 705 153 1366 431 1613 527 1528 510 1625 445 722 616 897 1537 1258 351 1668 552 1631 592 1376 1579 1554 1549 556 515 529 1691 1087 1629 600 547 405 0 164 733 1379 1499 1381 629 439 1202 1724 77 1756 1216 936 445 1398 1408 1386 440 1474 266 581
188 1278 434 1275 1480 1296 1251 706 124 1266 415 1513 585 1428 410 1692 374 625 516 797 1437 1326 419 1734 452 1531 492 1443 1479 1454 1449 616 415 473 1733 987 1529 500 615 305 164 0 801 1446 1399 1281 529 423 1270 1790 150 1824 1283 1003 428 1298 1308 1286 379 1374 334 481
677 898 1002 896 1101 916 568 312 790 886 566 1134 339 1049 1039 1010 580 329 1196 210 1057 643 774 1054 486 1151 1172 761 1100 1074 1069 979 1036 951 1076 598 1150 1179 970 972 733 801 0 764 1020 902 511 574 588 1109 747 1141 601 321 579 919 928 907 575 995 689 526
1322 858 1648 856 806 876 238 957 1436 846 1212 839 984 624 1685 483 1225 975 1890 923 612 257 1420 378 1131 787 1866 42 620 820 589 1625 1682 1597 400 704 761 1874 1616 1617 1379 1446 764 0 656 862 1157 1220 257 433 1392 465 270 580 1225 879 888 867 1221 879 1335 1172
1523 260 1677 258 724 278 805 1155 1409 248 1382 757 1296 87 1653 1071 1341 1074 1759 981 95 844 1665 393 1158 705 1735 659 138 738 107 1858 1658 1716 391 614 679 1743 1882 1548 1499 1399 1020 656 0 264 1235 1389 824 448 1485 582 838 873 1395 281 290 269 1346 713 1662 1187
1405 80 1559 43 702 104 1011 1037 1291 92 1263 735 1178 293 1535 1277 1223 956 1641 863 301 928 1547 599 1040 752 1617 865 344 675 313 1740 1539 1598 597 496 751 1625 1763 1430 1381 1281 902 862 264 0 1117 1271 1031 654 1367 788 1044 755 1277 59 92 72 1228 595 1544 1069
582 1113 807 1111 1316 1132 961 483 538 1101 340 1349 197 1264 783 1403 353 461 889 633 1273 1037 680 1447 86 1366 865 1154 1315 1289 1284 884 787 846 1469 822 1365 872 875 678 629 529 511 1157 1235 1117 0 348 981 1502 615 1534 994 714 353 1134 1143 1122 348 1210 595 126
383 1268 701 1265 1471 1286 1024 546 432 1256 53 1504 270 1418 677 1466 93 563 783 770 1427 1099 480 1509 322 1521 759 1217 1470 1444 1439 685 681 657 1532 977 1519 766 676 572 439 423 574 1220 1389 1271 348 0 1043 1565 453 1597 1057 777 40 1288 1298 1276 88 1364 395 362
1146 1027 1471 1025 975 1045 44 781 1259 1015 1036 1008 808 793 1509 672 1049 799 1714 747 781 446 1243 546 955 956 1690 261 789 989 758 1448 1506 1421 569 893 930 1697 1439 1441 1202 1270 588 257 824 1031 981 1043 0 602 1216 634 72 754 1049 1048 1057 1036 1044 1048 1158 995
1667 651 1993 648 394 669 583 1302 1781 639 1557 427 1329 417 2030 848 1570 1320 2150 1268 405 622 1765 129 1476 375 2125 437 412 408 382 1969 2027 1942 128 1004 349 2133 1960 1938 1724 1790 1109 433 448 654 1502 1565 602 0 1737 153 615 945 1570 671 681 659 1566 467 1680 1516
134 1363 520 1361 1566 1382 1197 718 139 1352 445 1599 541 1514 496 1638 458 711 602 883 1523 1272 365 1682 538 1616 578 1389 1565 1539 1534 570 501 542 1705 1072 1615 586 561 391 77 150 747 1392 1485 1367 615 453 1216 1737 0 1770 1229 949 458 1384 1393 1372 454 1460 280 566
1700 785 2025 782 475 803 615 1335 1813 773 1589 508 1362 551 2062 881 1602 1352 2253 1301 539 654 1797 210 1509 456 2228 469 547 489 516 2002 2059 1974 209 1102 430 2236 1993 1995 1756 1824 1141 465 582 788 1534 1597 634 153 1770 0 648 977 1602 805 815 794 1598 548 1712 1549
1159 1040 1485 1038 989 1059 57 794 1273 1029 1049 1022 821 807 1522 686 1062 812 1727 760 794 459 1257 560 968 969 1703 274 802 1002 771 1461 1519 1434 583 907 943 1710 1452 1454 1216 1283 601 270 838 1044 994 1057 72 615 1229 648 0 767 1062 1061 1070 1049 1058 1061 1172 1008
879 751 1204 749 954 769 734 514 993 739 769 987 541 902 1242 791 782 532 1430 480 910 425 976 887 688 1004 1406 543 953 927 922 1181 1239 1154 910 379 1003 1413 1172 1174 936 1003 321 577 873 755 714 777 754 942 949 974 767 0 782 772 781 760 777 848 891 728
388 1273 706 1271 1476 1291 1029 551 438 1261 52 1509 275 1424 682 1471 98 569 788 775 1432 1105 485 1515 327 1526 764 1222 1475 1449 1444 690 687 663 1538 982 1525 772 681 577 445 428 579 1225 1395 1277 353 40 1049 1570 458 1602 1062 782 0 1294 1303 1282 93 1370 400 367
1422 61 1576 65 719 85 1028 1054 1308 73 1280 752 1195 310 1552 1294 1240 973 1658 880 318 945 1564 616 1057 769 1634 882 361 692 330 1757 1556 1615 614 513 767 1642 1780 1447 1398 1298 919 879 281 59 1134 1288 1048 671 1384 805 1061 772 1294 0 73 53 1245 612 1561 1086
1431 94 1586 98 728 77 1038 1063 1317 93 1290 761 1204 319 1561 1303 1249 983 1668 890 328 954 1573 625 1067 778 1643 892 370 701 340 1767 1566 1625 624 522 777 1651 1790 1456 1408 1308 928 888 290 92 1143 1298 1057 681 1393 815 1070 781 1303 73 0 86 1254 622 1570 1095
1410 74 1564 78 707 98 1016 1042 1296 72 1269 740 1183 298 1540 1282 1228 961 1646 868 306 933 1552 604 1045 757 1622 871 349 680 318 1746 1545 1603 602 501 756 1630 1769 1435 1386 1286 907 867 269 72 1122 1276 1036 659 1372 794 1049 760 1282 53 86 0 1233 601 1549 1074
383 1224 657 1222 1427 1242 1025 546 389 1212 80 1460 271 1375 633 1466 49 564 739 744 1383 1100 481 1510 323 1477 715 1218 1426 1400 1395 686 638 658 1533 933 1476 723 677 528 440 379 575 1221 1346 1228 348 88 1044 1566 454 1598 1058 777 93 1245 1254 1233 0 1321 396 363
1498 592 1652 590 136 610 1029 1130 1384 580 1357 169 1271 743 1628 1294 1316 1049 1734 956 751 1021 1640 524 1133 186 1710 883 761 109 730 1833 1633 1691 498 589 184 1718 1857 1523 1474 1374 995 879 713 595 1210 1364 1048 467 1460 548 1061 848 1370 612 622 601 1321 0 1637 1162
210 1540 535 1538 1743 1558 1139 660 323 1528 387 1776 483 1691 572 1580 400 678 778 885 1699 1214 307 1624 569 1793 753 1332 1742 1716 1711 512 570 485 1647 1168 1792 761 503 505 266 334 689 1335 1662 1544 595 395 1158 1680 280 1712 1172 891 400 1561 1570 1549 396 1637 0 609
597 1065 759 1063 1268 1083 976 493 490 1053 354 1301 212 1216 734 1417 367 413 841 585 1224 1051 694 1461 50 1318 816 1169 1267 1241 1236 899 739 798 1484 774 1317 824 890 629 581 481 526 1172 1187 1069 126 362 995 1516 566 1549 1008 728 367 1086 1095 1074 363 1162 609 0
EOF