NAME : tsp_problem
TYPE : TSP
DIMENSION : 60
EDGE_WEIGHT_TYPE : EXPLICIT
EDGE_WEIGHT_FORMAT : FULL_MATRIX
EDGE_WEIGHT_SECTION
0 1268 1207 1900 1211 392 1445 1233 1164 1535 759 95 1798 1276 927 1869 647 1780 1728 819 1282 417 574 767 81 44 576 704 1240 1924 1253 1992 1641 635 54 1215 386 823 322 1483 1739 1575 689 1536 1012 547 1758 157 170 1896 1787 67 1889 1542 171 1901 1223 83 1256 566
1268 0 85 1029 251 1304 573 156 1171 513 710 1261 927 115 757 961 1287 814 627 802 36 1242 731 1517 1248 1263 815 675 163 912 92 930 462 1150 1294 89 1221 807 1284 488 638 498 927 514 607 1227 887 1193 1206 1025 916 1234 1018 521 1206 889 219 1249 95 805
1207 85 0 968 295 1348 513 96 1214 557 649 1201 867 93 801 938 1226 848 671 846 100 1285 670 1493 1187 1202 755 615 103 956 70 974 505 1090 1234 42 1265 850 1328 532 681 541 867 558 651 1167 827 1133 1146 965 855 1173 958 565 1146 933 263 1189 74 744
1900 1029 968 0 1214 2222 490 994 2134 778 1342 1894 370 1037 1720 441 1919 567 696 1765 1043 1978 1363 2186 1880 1895 1447 1308 1001 495 1014 266 761 1783 1927 976 2097 1770 2062 727 707 819 1560 779 1570 1860 329 1825 1838 193 358 1866 186 786 1839 472 1182 1882 1017 1437
1211 251 295 1214 0 1189 762 366 1056 546 644 1205 1011 324 643 994 1230 847 660 687 266 1128 674 1402 1191 1206 758 607 373 946 301 964 495 1094 1238 299 1107 692 1169 521 671 531 871 547 492 1171 1048 1137 1150 1208 990 1177 1201 554 1150 922 43 1193 305 748
392 1304 1348 2222 1189 0 1767 1419 882 1599 1082 438 2064 1377 645 2047 758 1900 1713 537 1318 307 896 457 424 387 842 1027 1426 1998 1354 2016 1547 524 419 1352 177 541 213 1574 1724 1584 802 1600 730 437 2081 480 493 2219 2043 410 2212 1607 493 1975 1184 426 1357 859
1445 573 513 490 762 1767 0 539 1681 323 887 1438 389 582 1268 460 1464 370 319 1312 588 1523 908 1730 1425 1440 992 852 546 514 559 583 390 1327 1471 521 1641 1317 1607 272 330 363 1104 324 1117 1404 348 1370 1383 487 377 1411 480 331 1383 491 729 1426 562 982
1233 156 96 994 366 1419 539 0 1285 628 675 1226 892 164 872 963 1252 874 742 917 171 1311 696 1518 1213 1228 780 641 54 1018 141 1045 576 1116 1260 104 1336 921 1395 577 752 612 892 629 722 1192 852 1158 1171 990 881 1199 983 636 1172 995 334 1215 145 770
1164 1168 1211 2131 1053 882 1678 1282 0 1463 919 1210 1928 1241 681 1911 1397 1763 1576 574 1182 821 1021 1096 1196 1159 1105 882 1289 1862 1218 1880 1411 1039 1191 1215 800 578 863 1438 1587 1447 1217 1464 767 952 1964 1252 1265 2125 1906 1182 2118 1470 1265 1839 1048 1198 1221 1094
1535 513 557 778 546 1599 323 628 1466 0 977 1528 677 586 1052 728 1554 581 394 1097 528 1537 998 1812 1515 1530 1082 942 635 680 563 698 229 1417 1562 561 1516 1102 1579 62 405 128 1194 44 902 1494 637 1460 1473 775 665 1501 768 32 1473 656 514 1517 566 1072
759 710 649 1342 644 1082 887 675 919 977 0 753 1240 718 902 1311 778 1222 1167 795 724 837 222 1045 739 754 307 84 682 1366 695 1434 1002 642 786 657 956 799 921 925 1178 1017 419 978 881 719 1200 685 698 1338 1229 725 1331 984 698 1343 639 741 698 296
95 1261 1201 1894 1205 438 1438 1226 1210 1528 753 0 1792 1269 972 1863 641 1773 1722 865 1276 462 567 813 71 90 570 698 1233 1917 1246 1986 1635 680 68 1209 432 869 368 1477 1733 1569 682 1529 1058 593 1752 151 164 1890 1780 60 1883 1536 164 1894 1217 69 1250 560
1798 927 867 370 1011 2064 389 892 1931 677 1240 1792 0 935 1517 138 1817 446 571 1562 942 1876 1262 2084 1778 1793 1346 1206 900 193 912 341 558 1681 1825 875 1981 1567 1960 625 582 717 1458 678 1367 1758 111 1724 1737 366 55 1764 359 685 1737 169 979 1780 916 1335
1276 115 93 1037 324 1377 582 164 1244 586 718 1269 935 0 830 1006 1295 887 700 875 129 1316 739 1561 1256 1271 823 684 171 985 48 1004 535 1159 1303 98 1294 880 1357 561 711 571 935 587 680 1235 895 1201 1214 1033 924 1242 1026 594 1215 962 292 1258 45 813
927 757 801 1720 643 645 1268 872 681 1052 902 972 1517 830 0 1500 1159 1353 1166 143 772 584 1004 858 959 922 1088 866 879 1452 808 1470 1001 801 954 805 562 148 625 1027 1177 1037 1079 1053 184 714 1554 1015 1028 1714 1496 945 1707 1060 1028 1429 638 961 811 1078
1869 961 938 441 994 2047 460 963 1914 728 1311 1863 138 1006 1500 0 1888 429 554 1545 976 1947 1333 2155 1849 1864 1417 1277 971 175 983 324 541 1752 1896 946 1964 1550 2027 696 565 713 1529 729 1350 1829 174 1795 1808 437 117 1835 430 736 1808 152 962 1851 987 1406
647 1287 1226 1919 1230 769 1464 1252 1408 1554 778 641 1817 1295 1170 1888 0 1799 1748 1063 1301 979 593 384 627 642 595 723 1259 1943 1272 2012 1660 931 674 1234 864 1067 899 1502 1758 1594 708 1555 1256 1008 1777 572 585 1915 1806 613 1908 1562 586 1920 1242 629 1275 585
1780 814 848 567 847 1900 370 874 1766 581 1222 1773 446 887 1353 429 1799 0 407 1398 828 1838 1243 2065 1760 1775 1327 1187 881 380 864 398 394 1662 1806 856 1817 1403 1880 556 418 566 1439 582 1203 1739 425 1705 1718 563 425 1746 556 589 1718 357 815 1761 867 1317
1728 627 671 696 660 1713 319 742 1579 394 1167 1722 571 700 1166 554 1748 407 0 1211 641 1651 1192 1926 1708 1724 1276 1131 749 506 677 524 207 1611 1755 675 1630 1216 1693 369 36 379 1388 395 1016 1688 554 1654 1667 692 550 1694 685 402 1667 482 628 1710 680 1265
819 802 846 1765 687 537 1312 917 574 1097 795 865 1562 875 143 1545 1052 1398 1211 0 817 476 896 751 851 814 981 758 924 1496 852 1515 1046 694 846 850 455 44 517 1072 1222 1082 972 1098 229 606 1598 907 920 1759 1541 837 1752 1105 920 1473 683 853 855 970
1282 36 100 1043 266 1318 588 171 1185 528 724 1276 942 129 772 976 1301 828 641 817 0 1257 745 1532 1262 1277 829 690 178 927 106 945 476 1165 1309 104 1236 821 1299 503 652 512 942 529 622 1242 902 1208 1221 1040 930 1248 1033 535 1221 904 234 1264 109 819
417 1242 1285 1978 1128 307 1523 1311 821 1537 837 462 1876 1316 584 1947 968 1838 1651 476 1257 0 652 667 449 412 566 782 1318 1937 1293 1955 1486 249 444 1290 150 480 115 1512 1662 1522 527 1539 669 161 1836 505 518 1974 1865 435 1967 1545 518 1914 1123 451 1296 584
574 731 670 1363 674 896 908 696 1021 998 222 567 1262 739 1004 1333 593 1243 1192 896 745 652 0 859 554 569 121 167 703 1387 716 1456 1104 457 601 678 770 901 736 946 1203 1038 233 999 983 533 1221 499 512 1359 1250 540 1353 1006 513 1364 686 556 719 111
778 1528 1493 2186 1414 468 1730 1518 1107 1820 1045 824 2084 1561 869 2155 384 2065 1937 762 1543 678 859 0 810 773 862 990 1525 2209 1538 2241 1772 896 805 1501 563 766 600 1769 1948 1808 974 1821 955 809 2044 839 852 2182 2072 796 2175 1828 852 2186 1409 812 1542 852
81 1248 1187 1880 1191 424 1425 1213 1196 1515 739 71 1778 1256 959 1849 627 1760 1708 851 1262 449 554 799 0 76 556 684 1220 1904 1233 1972 1621 666 83 1195 418 855 354 1463 1719 1555 669 1516 1044 579 1738 137 150 1876 1767 46 1869 1522 151 1881 1203 62 1236 546
44 1263 1202 1895 1206 387 1440 1228 1159 1530 754 90 1793 1271 922 1864 642 1775 1724 814 1277 412 569 762 76 0 571 699 1235 1919 1248 1988 1636 630 59 1210 381 818 317 1478 1734 1570 684 1531 1007 542 1753 152 165 1891 1782 62 1884 1538 166 1896 1218 78 1251 561
576 815 755 1447 758 842 992 780 1105 1082 307 570 1346 823 1088 1417 595 1327 1276 981 829 566 121 862 556 571 0 251 787 1471 800 1540 1188 371 603 762 685 985 650 1031 1287 1122 148 1083 1067 448 1305 502 515 1444 1334 542 1437 1090 515 1448 770 558 803 30
704 675 615 1308 607 1027 852 641 882 942 84 698 1206 684 866 1277 723 1187 1131 758 690 782 167 990 684 699 251 0 648 1332 661 1400 966 587 731 623 901 762 866 891 1142 983 364 944 845 664 1166 630 643 1304 1195 670 1297 950 643 1308 602 686 664 241
1240 163 103 1001 373 1426 546 54 1292 635 682 1233 900 171 879 971 1259 881 749 924 178 1318 703 1525 1220 1235 787 648 0 1025 148 1052 583 1123 1267 111 1343 929 1402 584 759 620 900 636 729 1200 859 1165 1178 997 888 1206 990 643 1179 1002 341 1222 152 777
1924 912 956 495 946 1998 514 1018 1865 680 1366 1917 193 985 1452 175 1943 380 506 1496 927 1937 1387 2209 1904 1919 1471 1332 1025 0 962 276 492 1807 1951 960 1916 1501 1978 655 516 664 1584 681 1301 1884 229 1849 1862 491 171 1890 484 687 1863 37 913 1906 966 1461
1253 92 70 1014 301 1354 559 141 1221 563 695 1246 912 48 808 983 1272 864 677 852 106 1293 716 1538 1233 1248 800 661 148 962 0 981 512 1136 1280 75 1272 857 1334 538 688 548 913 564 657 1212 872 1178 1191 1010 901 1219 1003 571 1192 939 269 1235 59 790
1992 930 974 266 964 2016 583 1045 1883 698 1434 1986 341 1004 1470 324 2012 398 524 1515 945 1955 1456 2230 1972 1988 1540 1400 1052 276 981 0 510 1875 2019 978 1934 1519 1996 673 535 682 1652 699 1319 1952 378 1918 1931 260 320 1958 253 705 1931 252 932 1974 984 1529
1641 462 505 761 495 1547 390 576 1414 229 1002 1635 558 535 1001 541 1660 394 207 1046 476 1486 1104 1761 1621 1636 1188 966 583 492 512 510 0 1524 1668 509 1465 1050 1527 204 218 214 1301 230 851 1601 594 1566 1579 755 537 1607 748 237 1580 469 463 1623 515 1178
635 1150 1090 1783 1094 524 1327 1116 1039 1417 642 680 1681 1159 801 1752 931 1662 1611 694 1165 249 457 885 666 630 371 587 1123 1807 1136 1875 1524 0 661 1098 367 698 333 1366 1622 1458 331 1419 887 130 1641 722 735 1779 1669 652 1772 1425 736 1783 1106 668 1139 389
54 1294 1234 1927 1238 419 1471 1260 1191 1562 786 68 1825 1303 954 1896 674 1806 1755 846 1309 444 601 794 83 59 603 731 1267 1951 1280 2019 1668 661 0 1242 413 850 349 1510 1766 1602 716 1563 1039 574 1785 184 197 1923 1814 94 1916 1569 197 1928 1250 81 1283 593
1215 89 42 976 299 1352 521 104 1218 561 657 1209 875 98 805 946 1234 856 675 850 104 1290 678 1501 1195 1210 762 623 111 960 75 978 509 1098 1242 0 1269 855 1332 536 686 546 875 562 655 1175 834 1141 1154 973 863 1181 966 569 1154 937 267 1197 78 752
386 1221 1265 2097 1107 177 1641 1336 800 1516 956 432 1981 1294 562 1964 853 1817 1630 455 1236 150 770 552 418 381 685 901 1343 1916 1272 1934 1465 367 413 1269 0 459 191 1491 1641 1501 645 1517 648 280 1955 474 487 2093 1960 404 2086 1524 487 1893 1102 420 1275 703
823 807 850 1770 692 541 1317 921 578 1102 799 869 1567 880 148 1550 1056 1403 1216 44 821 480 901 755 855 818 985 762 929 1501 857 1519 1050 698 850 855 459 0 521 1077 1226 1087 976 1103 233 610 1603 911 924 1764 1546 841 1757 1110 924 1478 687 857 860 974
322 1284 1328 2062 1169 213 1607 1395 863 1579 921 368 1960 1357 625 2027 889 1880 1693 517 1299 115 736 588 354 317 650 866 1402 1978 1334 1996 1527 333 349 1332 191 521 0 1554 1704 1564 611 1580 710 245 1920 410 423 2058 1949 340 2051 1587 423 1955 1164 356 1337 668
1483 488 532 727 521 1574 272 577 1441 62 925 1477 625 561 1027 696 1502 556 369 1072 503 1512 946 1769 1463 1478 1031 891 584 655 538 673 204 1366 1510 536 1491 1077 1554 0 380 103 1143 63 877 1443 585 1409 1422 723 614 1449 716 70 1422 631 489 1465 541 1020
1739 638 681 707 671 1724 330 752 1590 405 1178 1733 582 711 1177 565 1758 418 36 1222 652 1662 1203 1937 1719 1734 1287 1142 759 516 688 535 218 1622 1766 686 1641 1226 1704 380 0 390 1399 406 1027 1699 565 1665 1678 703 561 1705 696 413 1678 493 639 1721 691 1276
1575 498 541 819 531 1584 363 612 1450 128 1017 1569 717 571 1037 713 1594 566 379 1082 512 1522 1038 1797 1555 1570 1122 983 620 664 548 682 214 1458 1602 546 1501 1087 1564 103 390 0 1235 129 887 1535 677 1501 1514 815 705 1541 808 136 1514 641 499 1557 551 1112
689 927 867 1560 871 802 1104 892 1217 1194 419 682 1458 935 1079 1529 708 1439 1388 972 942 527 233 974 669 684 148 364 900 1584 913 1652 1301 331 716 875 645 976 611 1143 1399 1235 0 1195 1165 408 1418 614 627 1556 1446 655 1549 1202 628 1560 883 671 916 165
1536 514 558 779 547 1600 324 629 1467 44 978 1529 678 587 1053 729 1555 582 395 1098 529 1539 999 1813 1516 1531 1083 944 636 681 564 699 230 1419 1563 562 1517 1103 1580 63 406 129 1195 0 903 1495 638 1461 1474 776 666 1502 769 35 1475 658 515 1518 567 1073
1012 607 651 1570 492 730 1117 722 767 902 884 1058 1367 680 184 1350 1245 1203 1016 229 622 669 986 944 1044 1007 1070 848 729 1301 657 1319 851 887 1039 655 648 233 710 877 1027 887 1165 903 0 799 1403 1100 1113 1564 1346 1030 1557 910 1113 1278 487 1046 660 1060
547 1227 1167 1860 1171 437 1404 1192 952 1494 719 593 1758 1235 714 1829 1008 1739 1688 606 1242 161 533 797 579 542 448 664 1200 1884 1212 1952 1601 130 574 1175 280 610 245 1443 1699 1535 408 1495 799 0 1718 635 648 1856 1746 565 1849 1502 648 1860 1183 581 1216 465
1758 887 827 329 1048 2081 348 852 1967 637 1200 1752 111 895 1554 174 1777 425 554 1598 902 1836 1221 2044 1738 1753 1305 1166 859 229 872 378 594 1641 1785 834 1955 1603 1920 585 565 677 1418 638 1403 1718 0 1684 1697 326 92 1724 319 644 1697 206 1015 1740 875 1295
157 1193 1133 1825 1137 480 1370 1158 1252 1460 685 151 1724 1201 1015 1795 572 1705 1654 907 1208 505 499 839 137 152 502 630 1165 1849 1178 1918 1566 722 184 1141 474 911 410 1409 1665 1501 614 1461 1100 635 1684 0 26 1822 1712 123 1815 1468 26 1826 1149 139 1182 492
170 1206 1146 1838 1150 493 1383 1171 1265 1473 698 164 1737 1214 1028 1808 585 1718 1667 920 1221 518 512 852 150 165 515 643 1178 1862 1191 1931 1579 735 197 1154 487 924 423 1422 1678 1514 627 1474 1113 648 1697 26 0 1835 1725 136 1828 1481 13 1839 1162 152 1194 505
1896 1025 965 193 1208 2219 487 990 2128 775 1338 1890 366 1033 1714 437 1915 563 692 1759 1040 1974 1359 2182 1876 1891 1444 1304 997 491 1010 260 755 1779 1923 973 2093 1764 2058 723 703 815 1556 776 1564 1856 326 1822 1835 0 354 1862 54 782 1835 468 1176 1878 1014 1433
1787 916 855 358 990 2043 377 881 1909 665 1229 1780 55 924 1496 117 1806 425 550 1541 930 1865 1250 2072 1767 1782 1334 1195 888 171 901 320 537 1669 1814 863 1960 1546 1949 614 561 705 1446 666 1346 1746 92 1712 1725 354 0 1753 347 673 1726 148 958 1769 904 1324
67 1234 1173 1866 1177 410 1411 1199 1182 1501 725 60 1764 1242 945 1835 613 1746 1694 837 1248 435 540 785 46 62 542 670 1206 1890 1219 1958 1607 652 94 1181 404 841 340 1449 1705 1541 655 1502 1030 565 1724 123 136 1862 1753 0 1855 1508 137 1867 1189 48 1222 532
1889 1018 958 186 1201 2212 480 983 2121 768 1331 1883 359 1026 1707 430 1908 556 685 1752 1033 1967 1353 2175 1869 1884 1437 1297 990 484 1003 253 748 1772 1916 966 2086 1757 2051 716 696 808 1549 769 1557 1849 319 1815 1828 54 347 1855 0 776 1828 461 1169 1871 1007 1426
1542 521 565 786 554 1607 331 636 1473 32 984 1536 685 594 1060 736 1562 589 402 1105 535 1545 1006 1820 1522 1538 1090 950 643 687 571 705 237 1425 1569 569 1524 1110 1587 70 413 136 1202 35 910 1502 644 1468 1481 782 673 1508 776 0 1481 664 522 1524 574 1079
171 1206 1146 1839 1150 493 1383 1172 1265 1473 698 164 1737 1215 1028 1808 586 1718 1667 920 1221 518 513 852 151 166 515 643 1179 1863 1192 1931 1580 736 197 1154 487 924 423 1422 1678 1514 628 1475 1113 648 1697 26 13 1835 1726 137 1828 1481 0 1839 1162 152 1195 505
1901 889 933 472 922 1975 491 995 1842 656 1343 1894 169 962 1429 152 1920 357 482 1473 904 1914 1364 2186 1881 1896 1448 1308 1002 37 939 252 469 1783 1928 937 1893 1478 1955 631 493 641 1560 658 1278 1860 206 1826 1839 468 148 1867 461 664 1839 0 890 1883 942 1438
1223 219 263 1182 43 1184 729 334 1051 514 639 1217 979 292 638 962 1242 815 628 683 234 1123 686 1398 1203 1218 770 602 341 913 269 932 463 1106 1250 267 1102 687 1164 489 639 499 883 515 487 1183 1015 1149 1162 1176 958 1189 1169 522 1162 890 0 1205 272 760
83 1249 1189 1882 1193 426 1426 1215 1198 1517 741 69 1780 1258 961 1851 629 1761 1710 853 1264 451 556 801 62 78 558 686 1222 1906 1235 1974 1623 668 81 1197 420 857 356 1465 1721 1557 671 1518 1046 581 1740 139 152 1878 1769 48 1871 1524 152 1883 1205 0 1238 548
1256 95 74 1017 305 1357 562 145 1224 566 698 1250 916 45 811 987 1275 867 680 855 109 1296 719 1542 1236 1251 803 664 152 966 59 984 515 1139 1283 78 1275 860 1337 541 691 551 916 567 660 1216 875 1182 1194 1014 904 1222 1007 574 1195 942 272 1238 0 793
566 805 744 1437 748 859 982 770 1094 1072 296 560 1335 813 1078 1406 585 1317 1265 970 819 584 111 852 546 561 30 241 777 1461 790 1529 1178 389 593 752 703 974 668 1020 1276 1112 165 1073 1057 465 1295 492 505 1433 1324 532 1426 1079 505 1438 760 548 793 0
EOF