NAME : tsp_problem
TYPE : TSP
DIMENSION : 32
EDGE_WEIGHT_TYPE : EXPLICIT
EDGE_WEIGHT_FORMAT : FULL_MATRIX
EDGE_WEIGHT_SECTION
0 202 534 1064 1466 1436 1330 998 1334 1566 1070 998 802 725 1218 983 1625 1458 928 541 77 1175 180 753 857 1257 716 1215 861 506 1594 939
202 0 622 903 1305 1275 1169 1076 1173 1405 909 838 642 564 1256 822 1465 1297 767 629 229 1014 57 592 696 1096 555 1054 701 594 1434 779
534 622 0 1483 1688 1658 1750 578 1478 1986 1464 1338 1001 924 797 664 2045 1877 1306 121 561 763 600 1040 1144 1559 915 1571 1181 312 1965 1084
1064 903 1483 0 617 587 556 1037 408 792 113 482 605 707 1022 1576 852 684 411 1491 1091 781 919 710 597 356 698 368 610 1455 821 460
1466 1305 1688 617 0 43 230 1223 244 574 579 718 792 893 1182 1978 717 549 687 1695 1493 967 1321 896 784 412 884 424 820 1858 531 647
1436 1275 1658 587 43 0 200 1194 215 544 549 689 762 863 1152 1948 687 520 657 1665 1463 937 1291 866 754 382 855 395 791 1828 501 617
1330 1169 1750 556 230 200 0 1285 306 522 563 748 853 955 1244 1842 581 414 678 1757 1357 1029 1185 958 845 474 946 448 876 1722 550 708
998 1076 578 1037 1223 1194 1285 0 1014 1543 999 873 688 739 333 888 1763 1600 842 585 1025 298 1064 792 680 1094 730 1106 716 776 1501 619
1334 1173 1478 408 244 215 306 1014 0 565 369 509 582 683 999 1788 784 625 477 1485 1361 757 1189 686 574 202 675 215 611 1677 522 437
1566 1405 1986 792 574 544 522 1543 565 0 799 984 1112 1213 1502 2078 421 174 914 1993 1593 1287 1421 1216 1104 725 1204 683 1112 1958 128 967
1070 909 1464 113 579 549 563 999 369 799 0 488 567 669 984 1582 858 690 418 1471 1097 742 925 672 559 318 660 330 596 1462 827 422
998 838 1338 482 718 689 748 873 509 984 488 0 441 543 858 1510 1044 876 95 1345 1025 616 854 546 433 589 534 602 470 1390 996 296
802 642 998 605 792 762 853 688 582 1112 567 441 0 152 673 1308 1332 1169 410 1005 829 431 657 132 248 662 143 675 285 1194 1069 187
725 564 921 707 893 863 955 736 683 1213 669 543 152 0 775 1231 1416 1248 511 928 752 533 580 161 350 764 35 776 386 1117 1171 289
1218 1259 797 1022 1182 1152 1244 333 999 1502 984 858 673 775 0 1017 1722 1563 827 805 1244 283 1275 777 665 1079 766 1092 702 996 1459 604
983 822 676 1576 1978 1948 1842 899 1799 2078 1582 1510 1314 1237 1028 0 2137 1970 1440 669 1010 1084 838 1265 1369 1768 1228 1727 1373 952 2106 1405
1625 1465 2045 852 717 687 581 1763 784 421 858 1044 1332 1416 1722 2137 0 313 973 2052 1652 1507 1480 1332 1167 784 1407 743 1172 2017 449 1187
1458 1297 1877 684 549 520 414 1600 625 174 690 876 1169 1248 1563 1970 313 0 805 1885 1485 1344 1313 1165 999 616 1240 575 1004 1849 202 1024
928 767 1306 411 687 657 678 842 477 914 418 95 410 511 827 1440 973 805 0 1313 955 585 783 514 402 558 503 563 439 1320 942 265
541 629 121 1491 1695 1665 1757 585 1485 1993 1471 1345 1008 931 805 657 2052 1885 1313 0 568 770 607 1048 1151 1566 922 1578 1188 319 1973 1091
77 229 561 1091 1493 1463 1357 1025 1361 1593 1097 1025 829 752 1244 1010 1652 1485 955 568 0 1202 207 780 884 1284 743 1242 888 533 1621 966
1178 1017 763 781 967 937 1029 298 757 1287 742 616 431 533 283 1072 1507 1344 585 770 1205 0 1033 536 423 837 524 850 460 961 1244 362
180 57 600 919 1321 1291 1185 1064 1189 1421 925 854 657 580 1272 838 1480 1313 783 607 207 1030 0 608 712 1112 571 1070 717 572 1449 794
753 592 1038 710 896 866 958 792 686 1216 672 546 132 161 777 1265 1332 1165 514 1045 780 536 608 0 352 767 152 779 389 1144 1173 292
857 696 1144 597 784 754 845 680 574 1104 559 433 248 350 665 1369 1167 999 402 1151 884 423 712 352 0 654 341 667 101 1249 1061 157
1257 1096 1559 356 412 382 474 1094 202 725 318 589 662 764 1079 1768 784 616 558 1566 1284 837 1112 767 654 0 755 102 691 1648 689 517
716 555 912 698 884 855 946 727 675 1204 660 534 143 35 766 1222 1407 1240 503 919 743 524 571 152 341 755 0 767 377 1108 1162 280
1215 1054 1571 368 424 395 448 1106 215 683 330 602 675 776 1092 1727 743 575 563 1578 1242 850 1070 779 667 102 767 0 704 1607 702 530
861 701 1181 610 820 791 876 716 611 1112 596 470 285 386 702 1373 1172 1004 439 1188 888 460 717 389 101 691 377 704 0 1253 1098 194
506 594 312 1455 1858 1828 1722 776 1677 1958 1462 1390 1194 1117 996 940 2017 1849 1320 319 533 961 572 1144 1249 1648 1108 1607 1253 0 1986 1282
1594 1434 1965 821 531 501 550 1501 522 128 827 996 1069 1171 1459 2106 449 202 942 1973 1621 1244 1449 1173 1061 689 1162 702 1098 1986 0 924
939 779 1084 460 647 617 708 619 437 967 422 296 187 289 604 1393 1187 1024 265 1091 966 362 794 292 157 517 280 530 194 1282 924 0
EOF