NAME : tsp_problem
TYPE : TSP
DIMENSION : 36
EDGE_WEIGHT_TYPE : EXPLICIT
EDGE_WEIGHT_FORMAT : FULL_MATRIX
EDGE_WEIGHT_SECTION
0 962 358 969 329 1486 427 1500 1543 721 961 1156 1245 1839 1271 332 1937 1466 1563 968 414 1646 670 921 1245 728 1791 515 1955 1944 519 1799 672 245 1211 1155
962 0 1218 903 1189 1414 714 1364 1305 1181 730 990 1137 2059 1033 1192 1942 1386 1601 736 1041 1486 811 1320 1137 1188 2011 804 1793 1949 979 1788 434 748 1168 989
358 1218 0 785 78 1302 683 1316 1359 749 1200 972 1061 1655 1087 75 1753 1282 1379 784 230 1462 926 737 1061 715 1607 771 1771 1760 775 1615 928 501 1027 971
969 900 785 0 756 868 1062 819 760 1003 609 445 592 1334 488 759 1397 841 1056 179 590 941 1160 991 592 969 1286 1152 1248 1404 1120 1242 783 1096 622 444
329 1189 78 756 0 1273 654 1286 1329 720 1171 943 1032 1626 1058 64 1723 1253 1349 755 201 1433 897 708 1031 686 1578 742 1741 1730 746 1585 899 472 997 942
1486 1417 1302 868 1273 0 1527 65 220 1520 855 586 580 799 570 1276 857 145 516 779 1107 401 1625 1508 579 1486 751 1617 708 864 1637 702 1296 1562 610 561
427 714 683 1065 654 1527 0 1478 1419 486 713 1104 1251 2164 1147 657 2056 1500 1715 898 739 1600 277 786 1250 493 2116 108 1906 2063 284 1901 424 213 1281 1103
1500 1367 1316 819 1286 65 1478 0 170 1534 806 537 530 812 520 1289 807 114 467 729 1121 351 1575 1521 530 1500 765 1568 658 814 1651 653 1246 1512 560 512
1543 1308 1359 760 1329 220 1419 170 0 1577 747 478 471 789 461 1332 672 193 332 670 1164 216 1516 1564 471 1543 742 1509 523 679 1684 518 1187 1453 502 453
721 1181 749 1003 720 1520 486 1534 1577 0 1180 1190 1279 1873 1305 723 1971 1500 1597 1002 554 1680 646 553 1279 136 1825 477 1989 1978 246 1833 891 507 1245 1189
961 771 1203 609 1174 855 713 806 747 1180 0 432 579 1501 475 1177 1384 828 1043 520 1008 928 810 1319 579 1187 1453 803 1235 1391 978 1229 481 747 610 431
1156 993 972 445 943 586 1104 537 478 1190 432 0 310 1232 206 946 1115 559 774 355 778 659 1201 1178 309 1156 1184 1194 965 1122 1307 960 872 1138 340 65
1245 1140 1061 592 1032 580 1251 530 471 1279 579 310 0 1075 174 1035 1108 552 767 502 866 652 1348 1267 22 1245 1028 1341 959 1115 1396 954 1020 1285 157 285
1839 2062 1655 1334 1626 799 2164 812 789 1873 1501 1232 1075 0 1123 1629 277 779 599 1355 1460 682 2271 1861 1075 1839 94 2221 295 284 1990 439 1942 1982 1041 1207
1271 1036 1087 488 1058 570 1147 520 461 1305 475 206 174 1123 0 1061 1098 543 758 399 893 642 1245 1293 174 1271 1075 1237 949 1105 1412 944 916 1181 205 181
332 1192 75 759 64 1276 657 1289 1332 723 1174 946 1035 1629 1061 0 1726 1256 1352 758 204 1436 900 710 1034 689 1581 745 1744 1733 748 1588 902 475 1000 945
1937 1945 1753 1397 1723 857 2056 807 672 1971 1384 1115 1108 277 1098 1726 0 830 697 1307 1558 642 2153 1958 1108 1937 229 2146 178 49 2088 410 1825 2080 1139 1090
1466 1389 1282 841 1253 145 1500 114 193 1500 828 559 552 779 543 1256 830 0 489 752 1088 374 1598 1488 552 1467 732 1590 680 837 1618 675 1269 1534 583 534
1563 1604 1379 1056 1349 516 1715 467 332 1597 1043 774 767 599 758 1352 697 489 0 967 1184 216 1813 1584 767 1563 551 1805 608 704 1714 559 1484 1706 765 749
968 733 784 179 755 779 896 729 670 1002 520 355 502 1355 399 758 1307 752 967 0 590 851 993 990 502 968 1307 986 1158 1314 1119 1153 616 930 533 354
414 1041 230 590 201 1107 739 1121 1164 554 1006 778 866 1460 893 204 1558 1088 1184 590 0 1268 982 542 866 520 1413 827 1576 1565 672 1420 924 557 832 777
1646 1489 1462 941 1433 401 1600 351 216 1680 928 659 652 682 642 1436 642 374 216 851 1268 0 1697 1668 652 1646 635 1690 492 648 1797 487 1369 1634 683 634
670 811 926 1163 897 1625 277 1575 1516 646 810 1201 1348 2271 1245 900 2153 1598 1813 996 982 1697 0 532 1348 653 2223 240 2004 2160 443 1999 521 456 1379 1200
921 1331 737 991 708 1508 797 1521 1564 553 1330 1178 1267 1861 1293 710 1958 1488 1584 990 542 1668 532 0 1266 519 1813 760 1976 1965 671 1820 1041 932 1232 1177
1245 1140 1061 592 1031 579 1250 530 471 1279 579 309 22 1075 174 1034 1108 552 767 502 866 652 1348 1266 0 1245 1027 1340 958 1115 1396 953 1019 1285 157 285
728 1188 715 969 686 1486 493 1500 1543 136 1187 1156 1245 1839 1271 689 1937 1467 1563 968 520 1646 653 519 1245 0 1791 483 1955 1944 253 1799 898 514 1211 1155
1791 2014 1607 1286 1578 751 2116 765 742 1825 1453 1184 1028 94 1075 1581 229 732 551 1307 1413 635 2223 1813 1027 1791 0 2173 247 236 1942 391 1894 1934 993 1159
515 804 771 1155 742 1617 108 1568 1509 477 803 1194 1341 2221 1237 745 2146 1590 1805 988 827 1690 240 749 1340 483 2173 0 1996 2153 274 1991 514 301 1371 1193
1955 1796 1771 1248 1741 708 1906 658 523 1989 1235 965 959 295 949 1744 178 680 608 1158 1576 492 2004 1976 958 1955 247 1996 0 185 2106 260 1675 1941 989 941
1944 1952 1760 1404 1730 864 2063 814 679 1978 1391 1122 1115 284 1105 1733 49 837 704 1314 1565 648 2160 1965 1115 1944 236 2153 185 0 2095 416 1831 2087 1146 1097
519 979 775 1120 746 1637 284 1651 1684 246 978 1307 1396 1990 1412 748 2088 1618 1714 1119 672 1797 443 671 1396 253 1942 274 2106 2095 0 1950 689 304 1362 1306
1799 1791 1615 1242 1585 702 1901 653 518 1833 1229 960 954 439 944 1588 410 675 559 1153 1420 487 1999 1820 953 1799 391 1991 260 416 1950 0 1670 1935 984 935
672 434 928 786 899 1296 424 1246 1187 891 481 872 1020 1942 916 902 1825 1269 1484 619 924 1369 521 1030 1019 898 1894 514 1675 1831 689 1670 0 458 1050 871
245 748 501 1099 472 1562 213 1512 1453 507 747 1138 1285 1982 1181 475 2080 1534 1706 933 557 1634 456 932 1285 514 1934 301 1941 2087 304 1935 458 0 1316 1137
1211 1171 1027 622 997 610 1281 560 502 1245 610 340 157 1041 205 1000 1139 583 765 533 832 683 1379 1232 157 1211 993 1371 989 1146 1362 984 1050 1316 0 315
1155 992 971 444 942 561 1103 512 453 1189 431 65 285 1207 181 945 1090 534 749 354 777 634 1200 1177 285 1155 1159 1193 941 1097 1306 935 871 1137 315 0
EOF