NAME : tsp_problem
TYPE : TSP
DIMENSION : 62
EDGE_WEIGHT_TYPE : EXPLICIT
EDGE_WEIGHT_FORMAT : FULL_MATRIX
EDGE_WEIGHT_SECTION
0 974 910 350 87 457 127 1968 1459 2022 1905 1493 1496 2052 1737 348 1043 1056 137 1547 812 1737 1355 674 579 1529 953 819 2018 343 633 1940 916 1363 1062 1939 582 1200 1628 345 1240 871 1526 408 957 442 806 1812 88 1057 1541 343 1736 2083 1628 1806 1716 948 689 364 554 1181
974 0 136 1056 960 762 953 1338 746 1309 1192 780 1012 1339 1253 1054 419 433 963 1063 303 1253 871 557 481 1045 37 311 1305 1049 561 1227 142 650 439 1310 684 568 915 835 757 134 813 854 40 1083 290 1328 995 397 828 979 1252 1564 1144 1322 1232 43 516 779 657 591
910 136 0 992 895 702 953 1339 747 1309 1192 780 948 1339 1189 990 420 433 963 999 304 1189 807 558 481 981 115 311 1305 984 561 1228 57 651 440 1310 685 568 916 770 692 70 814 834 119 1084 290 1264 930 398 828 980 1188 1535 1080 1258 1167 110 517 780 657 592
350 1056 992 0 335 538 410 2049 1640 2203 2077 1674 1578 2233 1819 92 1124 1138 420 1629 942 1819 1437 756 760 1611 1035 935 2199 96 715 2112 998 1544 1144 2021 687 1281 1809 426 1322 953 1707 490 1039 224 961 1894 370 1138 1721 257 1818 2165 1710 1888 1797 1030 771 545 659 1263
87 960 895 335 0 442 139 1953 1472 2034 1917 1505 1481 2064 1722 333 1028 1042 149 1532 824 1722 1340 659 591 1514 939 832 2030 328 618 1953 901 1375 1048 1924 590 1185 1640 330 1226 857 1539 394 942 427 818 1797 100 1042 1553 355 1722 2069 1613 1791 1701 933 674 376 562 1166
457 762 702 538 442 0 517 1760 1197 1759 1642 1230 1288 1789 1530 537 835 849 526 1339 549 1530 1147 466 316 1321 742 557 1755 531 426 1678 709 1100 855 1731 234 992 1366 317 1033 664 1264 381 745 630 543 1604 477 847 1278 614 1529 1876 1421 1598 1508 736 439 414 207 973
127 953 953 410 139 517 0 1979 1387 1949 1833 1420 1556 1979 1797 408 1060 1074 65 1607 740 1797 1415 670 507 1589 932 747 1946 403 674 1868 960 1291 1080 1950 510 1208 1556 405 1300 931 1454 366 935 375 734 1872 99 1038 1468 271 1796 2143 1688 1866 1776 926 629 292 482 1232
1968 1338 1339 2049 1953 1760 1979 0 742 249 198 607 539 291 416 2048 1187 1201 1989 590 1329 416 648 1583 1507 572 1317 1337 269 2042 1587 234 1345 722 1207 142 1710 1119 500 1828 928 1337 641 1880 1321 2109 1316 329 1988 1165 589 2005 300 581 445 374 302 1312 1542 1805 1683 1142
1459 746 747 1640 1472 1197 1387 742 0 713 596 184 1110 743 1138 1639 595 609 1397 1161 738 1138 1171 991 915 1143 725 745 709 1633 995 631 753 130 615 714 1119 744 422 1358 976 745 217 1288 729 1517 724 1051 1431 573 232 1413 872 968 1167 1096 874 720 951 1213 1091 767
2022 1309 1309 2203 2034 1759 1949 249 713 0 220 578 766 107 535 2201 1157 1171 1959 817 1300 535 875 1553 1477 799 1288 1307 36 2195 1557 184 1315 692 1177 277 1681 1090 471 1920 1061 1308 612 1850 1291 2079 1286 448 1994 1135 560 1976 527 375 565 494 529 1282 1513 1776 1653 1113
1905 1192 1192 2077 1917 1642 1833 198 596 220 0 461 566 263 561 2075 1041 1054 1842 617 1183 561 676 1437 1360 599 1171 1190 241 2069 1440 87 1199 575 1060 169 1564 973 354 1803 944 1191 495 1733 1174 1963 1169 474 1877 1018 443 1859 328 552 590 520 330 1165 1396 1659 1536 996
1493 780 780 1674 1505 1230 1420 607 184 578 461 0 976 608 1003 1672 628 642 1430 1026 771 1003 1073 1025 948 1009 759 778 574 1666 1028 497 786 163 648 579 1152 777 287 1391 877 779 65 1321 762 1551 757 916 1465 606 97 1447 737 833 1032 962 739 753 984 1247 1124 800
1496 1012 948 1578 1481 1288 1556 539 1110 766 566 976 0 809 665 1576 816 829 1566 96 1133 665 177 1229 1311 78 991 1140 787 1570 1189 602 954 1090 835 511 1437 703 868 1356 457 909 1009 1420 995 1670 1120 740 1516 830 958 1703 308 1012 556 734 287 986 1244 1498 1409 684
2052 1339 1339 2233 2064 1789 1979 291 743 107 263 608 809 0 578 2231 1187 1201 1989 859 1330 578 918 1584 1507 842 1318 1337 100 2225 1587 227 1345 722 1207 319 1711 1120 501 1950 1091 1338 642 1880 1321 2110 1316 491 2024 1165 590 2006 570 299 607 537 572 1312 1543 1806 1683 1143
1737 1253 1189 1819 1722 1530 1797 416 1138 535 561 1003 665 578 0 1817 1057 1070 1807 716 1374 17 524 1470 1552 698 1232 1382 556 1812 1430 525 1195 1117 1077 444 1678 944 896 1598 698 1150 1037 1661 1236 1911 1361 184 1758 1071 985 1944 696 852 138 178 698 1227 1485 1739 1650 925
348 1054 990 92 333 537 408 2048 1639 2201 2075 1672 1576 2231 1817 0 1123 1136 418 1627 940 1817 1435 754 758 1609 1033 933 2197 48 713 2110 996 1542 1142 2019 685 1280 1807 425 1320 951 1705 488 1037 222 960 1892 369 1137 1720 255 1816 2163 1708 1886 1796 1028 769 543 657 1261
1043 419 420 1124 1028 835 1060 1187 595 1157 1041 628 816 1187 1057 1123 0 46 1070 866 410 1057 674 664 588 848 398 418 1154 1117 668 1076 426 499 52 1158 792 410 764 903 560 418 662 961 402 1190 397 1132 1063 74 676 1086 1056 1403 948 1125 1035 393 623 886 764 392
1056 433 433 1138 1042 849 1074 1201 609 1171 1054 642 829 1201 1070 1136 46 0 1083 880 424 1070 688 678 602 862 412 431 1167 1131 682 1090 440 512 49 1172 805 424 778 917 574 432 676 974 415 1204 410 1145 1077 88 690 1100 1069 1417 961 1139 1049 406 637 900 777 405
137 963 963 420 149 526 65 1989 1397 1959 1842 1430 1566 1989 1807 418 1070 1083 0 1617 750 1807 1425 680 517 1599 942 757 1955 412 684 1878 969 1301 1090 1960 519 1218 1566 415 1310 941 1464 376 945 384 744 1882 109 1048 1478 281 1806 2153 1698 1876 1786 936 639 302 492 1242
1547 1063 999 1629 1532 1339 1607 590 1161 817 617 1026 96 859 716 1627 866 880 1617 0 1184 716 228 1280 1361 47 1042 1191 838 1621 1239 653 1005 1141 886 561 1487 754 919 1407 508 960 1060 1471 1045 1720 1170 791 1567 880 1008 1753 359 1062 607 785 338 1036 1295 1549 1460 735
812 303 304 942 824 549 740 1329 738 1300 1183 771 1133 1330 1374 940 410 424 750 1184 0 1374 992 288 268 1166 282 27 1296 934 292 1218 310 641 430 1301 471 559 906 710 797 302 804 640 286 870 39 1449 784 388 819 766 1373 1555 1265 1443 1353 277 303 566 444 582
1737 1253 1189 1819 1722 1530 1797 416 1138 535 561 1003 665 578 17 1817 1057 1070 1807 716 1374 0 524 1470 1552 698 1232 1382 556 1812 1430 525 1195 1117 1076 444 1678 944 896 1598 698 1150 1037 1661 1236 1911 1361 184 1758 1071 985 1944 696 851 138 178 698 1227 1485 1739 1650 925
1355 871 807 1437 1340 1147 1415 648 1168 875 676 1073 177 918 524 1435 674 688 1425 228 992 524 0 1088 1169 210 850 999 896 1429 1047 711 813 1072 694 620 1295 562 811 1215 316 768 1106 1279 853 1528 978 599 1375 688 1055 1561 417 870 415 593 396 844 1103 1357 1268 543
674 557 558 756 659 466 670 1583 991 1553 1437 1025 1229 1584 1470 754 664 678 680 1280 288 1470 1088 0 198 1262 536 281 1550 748 85 1472 564 895 684 1554 402 813 1160 534 974 556 1058 571 540 800 308 1545 694 642 1072 696 1469 1808 1361 1539 1449 530 96 496 374 836
579 481 481 760 591 316 507 1507 915 1477 1360 948 1311 1507 1552 758 588 602 517 1361 268 1552 1169 198 0 1344 460 275 1473 753 202 1396 488 819 608 1478 238 736 1084 477 974 480 982 407 463 637 262 1627 551 566 996 533 1551 1732 1443 1621 1530 454 157 333 210 760
1529 1045 981 1611 1514 1321 1589 572 1143 799 599 1009 78 842 698 1609 848 862 1599 47 1166 698 210 1262 1344 0 1024 1173 820 1603 1222 635 987 1123 868 543 1469 736 901 1389 490 942 1042 1453 1028 1703 1152 773 1549 862 991 1735 341 1045 589 767 320 1018 1277 1531 1442 717
953 37 115 1035 939 742 932 1317 725 1288 1171 759 991 1318 1232 1033 398 412 942 1042 282 1232 850 536 460 1024 0 290 1284 1028 540 1206 121 629 418 1289 663 547 894 814 736 114 792 833 48 1062 269 1307 974 376 807 958 1231 1543 1123 1301 1211 51 495 758 636 570
819 311 311 935 832 557 747 1337 745 1307 1190 778 1140 1337 1382 933 418 431 757 1191 27 1382 999 281 275 1173 290 0 1303 927 285 1226 317 648 438 1308 479 566 914 713 804 310 812 648 293 877 47 1456 791 395 826 773 1381 1562 1273 1450 1360 284 296 573 451 589
2018 1305 1305 2199 2030 1755 1946 269 709 36 241 574 787 100 556 2197 1154 1167 1955 838 1296 556 896 1550 1473 820 1284 1303 0 2191 1553 205 1312 688 1173 297 1677 1086 467 1916 1057 1304 608 1846 1287 2076 1282 469 1990 1131 556 1972 548 369 585 515 550 1278 1509 1772 1649 1109
343 1049 984 96 328 531 403 2042 1633 2195 2069 1666 1570 2225 1812 48 1117 1131 412 1621 934 1812 1429 748 753 1603 1028 927 2191 0 708 2105 991 1537 1137 2013 679 1274 1802 419 1315 946 1700 483 1031 216 954 1886 363 1131 1714 249 1811 2158 1703 1880 1790 1022 763 538 651 1255
633 561 561 715 618 426 674 1587 995 1557 1440 1028 1189 1587 1430 713 668 682 684 1239 292 1430 1047 85 202 1222 540 285 1553 708 0 1476 568 899 688 1558 405 816 1164 494 933 560 1062 557 543 804 312 1505 654 646 1076 700 1429 1776 1321 1499 1408 534 100 500 378 840
1940 1227 1228 2112 1953 1678 1868 234 631 184 87 497 602 227 525 2110 1076 1090 1878 653 1218 525 711 1472 1396 635 1206 1226 205 2105 1476 0 1234 611 1096 205 1600 1008 389 1839 980 1226 530 1769 1210 1998 1205 438 1912 1054 479 1894 363 516 554 484 365 1201 1431 1694 1572 1031
916 142 57 998 901 709 960 1345 753 1315 1199 786 954 1345 1195 996 426 440 969 1005 310 1195 813 564 488 987 121 317 1312 991 568 1234 0 657 446 1316 691 575 922 777 698 76 820 840 125 1090 296 1270 937 404 834 986 1194 1541 1086 1264 1174 116 523 786 663 598
1363 650 651 1544 1375 1100 1291 722 130 692 575 163 1090 722 1117 1542 499 512 1301 1141 641 1117 1075 895 819 1123 629 648 688 1537 899 611 657 0 519 693 1022 647 401 1261 880 649 197 1191 633 1421 628 1030 1335 477 211 1317 851 947 1147 1076 853 623 854 1117 995 671
1062 439 440 1144 1048 855 1080 1207 615 1177 1060 648 835 1207 1077 1142 52 49 1090 886 430 1076 694 684 608 868 418 438 1173 1137 688 1096 446 519 0 1178 811 430 784 923 580 438 682 980 422 1210 417 1151 1083 94 696 1106 1076 1423 967 1145 1055 413 643 906 784 412
1939 1310 1310 2021 1924 1731 1950 142 714 277 169 579 511 319 444 2019 1158 1172 1960 561 1301 444 620 1554 1478 543 1289 1308 297 2013 1558 205 1316 693 1178 0 1682 1091 472 1799 900 1309 613 1851 1292 2080 1287 357 1959 1136 561 1977 272 609 473 402 274 1283 1514 1777 1654 1114
582 684 685 687 590 234 510 1710 1119 1681 1564 1152 1437 1711 1678 685 792 805 519 1487 471 1678 1295 402 238 1469 663 479 1677 679 405 1600 691 1022 811 1682 0 940 1288 465 1178 683 1186 410 667 640 465 1753 554 769 1200 536 1677 1936 1569 1747 1656 658 361 336 48 963
1200 568 568 1281 1185 992 1208 1116 744 1087 970 777 703 1117 944 1280 410 424 1218 754 559 944 562 813 736 736 547 566 1083 1274 816 1005 575 647 430 1088 940 0 642 1060 447 567 811 1109 550 1339 545 1019 1220 394 825 1235 943 1290 835 1013 923 541 772 1035 912 124
1625 912 913 1806 1637 1363 1553 500 422 471 354 287 868 501 896 1804 761 775 1563 919 903 896 811 1157 1081 901 891 911 467 1799 1161 389 919 401 781 472 1285 645 0 1523 616 911 321 1454 895 1683 890 808 1597 739 269 1579 630 726 925 854 632 886 1116 1379 1257 668
345 835 770 426 330 317 405 1828 1358 1920 1803 1391 1356 1950 1598 425 903 917 415 1407 710 1598 1215 534 477 1389 814 713 1916 419 494 1839 777 1261 923 1799 465 1060 1526 0 1101 732 1425 116 817 518 704 1672 365 917 1439 462 1597 1944 1489 1666 1576 808 549 194 437 1041
1240 757 692 1322 1226 1033 1300 928 973 1061 944 877 457 1091 698 1320 560 574 1310 508 797 698 316 974 974 490 736 804 1057 1315 933 980 698 877 580 900 1178 447 616 1101 0 654 911 1164 739 1414 783 773 1261 574 859 1447 697 1044 589 767 676 730 989 1242 1150 429
871 134 70 953 857 664 931 1337 745 1308 1191 779 909 1338 1150 951 418 432 941 960 302 1150 768 556 480 942 114 310 1304 946 560 1226 76 649 438 1309 683 567 914 732 654 0 812 795 117 1045 289 1225 892 396 826 978 1149 1497 1041 1219 1129 108 515 778 656 590
1526 813 814 1707 1539 1264 1454 641 217 612 495 65 1009 642 1037 1705 662 676 1464 1060 804 1037 1106 1058 982 1042 792 812 608 1700 1062 530 820 197 682 613 1186 811 321 1425 911 812 0 1355 796 1584 791 949 1498 640 130 1480 771 867 1066 995 773 787 1018 1280 1158 834
408 854 834 490 394 381 366 1880 1288 1850 1733 1321 1420 1880 1661 488 961 974 376 1471 640 1661 1279 571 407 1453 833 648 1846 483 557 1769 840 1191 980 1851 410 1109 1457 116 1164 795 1355 0 836 496 634 1736 410 938 1369 392 1660 2008 1552 1730 1640 827 530 124 383 1105
957 40 119 1039 942 745 935 1321 729 1291 1174 762 995 1321 1236 1037 402 415 945 1045 286 1236 853 540 463 1028 48 293 1287 1031 543 1210 125 633 422 1292 667 550 898 817 739 117 796 836 0 1066 272 1311 977 379 810 962 1235 1546 1127 1305 1214 54 499 762 639 573
442 1083 1084 224 427 630 375 2109 1517 2079 1963 1551 1670 2110 1911 222 1190 1204 384 1720 870 1911 1528 800 637 1703 1062 877 2076 216 804 1998 1090 1421 1210 2080 640 1339 1686 518 1414 1045 1584 496 1066 0 864 1986 419 1168 1598 133 1910 2257 1802 1980 1889 1056 759 422 612 1355
806 290 290 961 818 543 734 1316 724 1286 1169 757 1120 1316 1361 960 397 410 744 1170 39 1361 978 308 262 1152 269 47 1282 954 312 1205 296 628 417 1287 465 545 893 704 783 289 791 634 272 864 0 1436 778 375 805 760 1360 1541 1252 1430 1339 263 297 560 437 569
1812 1328 1264 1894 1797 1604 1872 329 1051 448 474 916 740 491 184 1892 1132 1145 1882 791 1449 184 599 1545 1627 773 1307 1456 469 1886 1505 438 1270 1030 1151 357 1753 1019 808 1672 773 1225 949 1736 1311 1986 1436 0 1833 1146 898 2019 609 780 213 69 611 1302 1560 1814 1725 1000
88 995 930 370 100 477 99 1988 1431 1994 1877 1465 1516 2024 1758 369 1063 1077 109 1567 784 1758 1375 694 551 1549 974 791 1990 363 654 1912 937 1335 1083 1959 554 1220 1600 365 1261 892 1498 410 977 419 778 1833 0 1077 1512 315 1757 2104 1649 1826 1736 968 674 336 526 1201
1057 397 398 1138 1042 847 1038 1165 573 1135 1018 606 830 1165 1071 1137 74 88 1048 880 388 1071 688 642 566 862 376 395 1131 1131 646 1054 404 477 94 1136 769 394 742 917 574 396 640 938 379 1168 375 1146 1077 0 654 1064 1070 1390 962 1139 1049 370 601 864 741 406
1541 828 828 1721 1553 1278 1468 589 232 560 443 97 958 590 985 1720 676 690 1478 1008 819 985 1055 1072 996 991 807 826 556 1714 1076 479 834 211 696 561 1200 825 269 1439 859 826 130 1369 810 1598 805 898 1512 654 0 1495 719 815 1014 944 721 801 1032 1295 1172 848
343 979 980 257 355 614 271 2005 1413 1976 1859 1447 1703 2006 1944 255 1086 1100 281 1753 766 1944 1561 696 533 1735 958 773 1972 249 700 1894 986 1317 1106 1977 536 1235 1582 462 1447 978 1480 392 962 133 760 2019 315 1064 1495 0 1943 2231 1835 2013 1922 953 656 318 508 1258
1736 1252 1188 1818 1722 1529 1796 300 872 527 328 737 308 570 696 1816 1056 1069 1806 359 1373 696 417 1469 1551 341 1231 1381 548 1811 1429 363 1194 851 1076 272 1677 943 630 1597 697 1149 771 1660 1235 1910 1360 609 1757 1070 719 1943 0 845 725 655 71 1226 1484 1738 1649 925
2083 1575 1535 2165 2069 1876 2143 592 979 386 563 844 1012 310 852 2163 1403 1417 2153 1062 1566 851 870 1817 1744 1045 1554 1573 380 2158 1776 527 1541 958 1423 620 1947 1290 737 1944 1044 1497 878 2008 1557 2257 1552 791 2104 1401 826 2242 856 0 743 837 858 1548 1779 2042 1919 1272
1628 1144 1080 1710 1613 1421 1688 445 1167 565 590 1032 556 607 138 1708 948 961 1698 607 1265 138 415 1361 1443 589 1123 1273 585 1703 1321 554 1086 1147 967 473 1569 835 925 1489 589 1041 1066 1552 1127 1802 1252 213 1649 962 1014 1835 725 743 0 207 727 1118 1376 1630 1541 816
1806 1322 1258 1888 1791 1598 1866 374 1096 494 520 962 734 537 178 1886 1125 1139 1876 785 1443 178 593 1539 1621 767 1301 1450 515 1880 1499 484 1264 1076 1145 402 1747 1013 854 1666 767 1219 995 1730 1305 1980 1430 69 1826 1139 944 2013 655 826 207 0 657 1296 1554 1808 1719 994
1716 1232 1167 1797 1701 1508 1776 302 874 529 330 739 287 572 698 1796 1035 1049 1786 338 1353 698 396 1449 1530 320 1211 1360 550 1790 1408 365 1174 853 1055 274 1656 923 632 1576 676 1129 773 1640 1214 1889 1339 611 1736 1049 721 1922 71 847 727 657 0 1205 1464 1717 1628 904
948 43 110 1030 933 736 926 1312 720 1282 1165 753 986 1312 1227 1028 393 406 936 1036 277 1227 844 530 454 1018 51 284 1278 1022 534 1201 116 623 413 1283 658 541 889 808 730 108 787 827 54 1056 263 1302 968 370 801 953 1226 1537 1118 1296 1205 0 490 753 630 564
689 516 517 771 674 439 629 1542 951 1513 1396 984 1244 1543 1485 769 623 637 639 1295 303 1485 1103 96 157 1277 495 296 1509 763 100 1431 523 854 643 1514 361 772 1119 549 989 515 1018 530 499 759 297 1560 674 601 1032 656 1484 1768 1376 1554 1464 490 0 456 333 795
364 779 780 545 376 414 292 1805 1213 1776 1659 1247 1498 1806 1739 543 886 900 302 1549 566 1739 1357 496 333 1531 758 573 1772 538 500 1694 786 1117 906 1777 336 1035 1382 194 1242 778 1280 124 762 422 560 1814 336 864 1295 318 1738 2031 1630 1808 1717 753 456 0 308 1058
554 657 657 659 562 207 482 1683 1091 1653 1536 1124 1409 1683 1650 657 764 777 492 1460 444 1650 1268 374 210 1442 636 451 1649 651 378 1572 663 995 784 1654 48 912 1260 437 1150 656 1158 383 639 612 437 1725 526 741 1172 508 1649 1908 1541 1719 1628 630 333 308 0 935
1181 591 592 1263 1166 973 1232 1139 767 1110 993 800 684 1140 925 1261 392 405 1242 735 582 925 543 836 760 717 570 589 1106 1255 840 1029 598 671 412 1111 963 124 665 1041 429 590 834 1105 573 1355 569 1000 1201 406 848 1258 925 1272 816 994 904 564 795 1058 935 0
EOF