NAME : tsp_problem
TYPE : TSP
DIMENSION : 84
EDGE_WEIGHT_TYPE : EXPLICIT
EDGE_WEIGHT_FORMAT : FULL_MATRIX
EDGE_WEIGHT_SECTION
0 695 846 626 257 280 711 1673 277 830 159 904 1751 1221 1346 1146 289 550 1504 271 304 1138 649 1144 720 736 259 1132 1122 1211 662 1482 1719 1391 1754 752 891 1201 740 1158 945 1696 1016 1044 1489 1104 295 1432 762 900 1630 987 930 734 734 1511 423 1731 859 920 1747 720 1273 710 945 1775 1848 743 1115 1774 1163 578 1503 702 1494 232 1081 1704 1676 1299 1720 672 473 818
695 0 975 354 743 766 840 1802 763 959 579 1034 1880 1350 1475 1275 775 422 1634 757 790 1267 54 1273 107 865 745 1262 1251 1340 791 1611 1848 1520 1883 139 1020 1330 127 1287 673 1825 1145 1173 1618 1234 781 1561 149 628 1759 1116 1059 863 121 1640 390 1860 989 1049 1876 849 1402 180 1074 1904 1977 130 1244 1903 1293 450 1632 588 1623 718 1210 1834 1805 1428 1849 58 414 948
846 975 0 741 729 752 355 884 749 108 955 174 1403 681 759 798 761 951 877 743 776 479 969 484 931 658 731 473 527 669 564 948 1156 759 1008 922 237 705 951 681 1060 907 298 326 919 510 767 947 881 1015 1205 341 148 657 904 934 899 1383 305 392 1399 642 483 825 156 1073 1180 868 455 1426 504 952 942 955 705 704 363 1356 1238 511 1202 940 872 729
626 354 741 0 508 532 606 1568 529 725 735 799 1646 1116 1241 1041 541 694 1399 523 556 1033 347 1039 310 1137 511 1027 1017 1106 1063 1377 1614 1286 1649 301 786 1096 330 1053 354 1591 911 939 1384 999 547 1327 259 308 1525 882 825 1135 283 1406 662 1626 840 815 1642 1121 1168 203 840 1670 1743 246 1010 1669 1059 722 1398 725 1389 484 976 1599 1571 1194 1615 318 686 1220
257 743 729 508 0 99 593 1556 96 713 366 787 1634 1103 1229 1029 68 757 1387 90 77 1021 736 1027 698 943 78 1015 1004 1093 869 1364 1602 1273 1637 690 774 1083 718 1041 828 1579 899 926 1372 987 74 1315 648 782 1512 870 812 941 672 1393 630 1614 827 803 1630 927 1155 592 828 1657 1731 635 997 1657 1046 785 1385 909 1377 51 964 1587 1558 1182 1603 707 680 1025
280 766 752 532 99 0 617 1579 39 736 389 810 1657 1127 1252 1052 68 781 1410 45 53 1044 760 1050 722 966 57 1038 1028 1117 892 1388 1625 1297 1660 713 797 1107 742 1064 851 1602 922 950 1395 1010 62 1338 672 806 1536 893 836 964 695 1417 654 1637 851 826 1653 950 1179 616 851 1681 1754 659 1021 1680 1069 809 1409 932 1400 74 987 1610 1582 1205 1626 731 703 1049
711 840 355 606 593 617 0 1044 614 436 820 301 1114 584 709 509 626 1180 868 608 641 501 834 507 796 981 596 496 485 574 892 845 1082 754 1117 787 288 564 816 521 925 1066 379 407 852 468 632 795 746 880 993 350 327 978 769 874 1084 1094 633 283 1110 970 668 690 370 1138 1211 733 478 1137 527 1208 866 1283 872 569 444 1068 1039 662 1083 805 1134 914
1673 1802 884 1568 1556 1579 1044 0 1576 936 1782 917 789 600 415 617 1589 1727 245 1570 1603 663 1796 669 1758 1239 1558 657 711 588 1360 317 525 416 376 1750 981 624 1778 600 1888 105 704 678 288 694 1595 316 1708 1842 574 783 796 1236 1732 303 1674 769 1132 834 785 1231 471 1652 769 442 549 1695 639 812 688 1727 311 1722 221 1531 683 742 607 491 571 1767 1647 1171
277 763 749 529 96 39 614 1576 0 733 386 807 1654 1124 1249 1049 71 778 1407 48 56 1041 757 1047 719 963 60 1035 1025 1114 889 1385 1622 1294 1657 710 794 1104 739 1061 848 1599 919 947 1392 1007 65 1335 669 803 1533 890 833 961 692 1414 651 1634 848 823 1650 947 1176 613 848 1678 1751 656 1018 1677 1066 806 1406 929 1397 71 984 1607 1579 1202 1623 728 700 1046
847 976 210 742 729 753 538 1037 750 0 948 357 1573 834 912 976 762 877 1030 744 777 632 970 637 932 584 732 626 680 822 490 1101 1310 912 1161 923 420 858 952 834 1061 1060 451 479 1072 663 768 1100 881 1016 1358 494 301 582 905 1087 824 1553 230 545 1569 568 636 825 309 1226 1333 868 608 1596 657 877 1095 881 858 705 516 1526 1391 664 1355 941 797 667
159 579 955 735 366 389 820 1782 386 939 0 1013 1860 1330 1455 1255 398 435 1613 380 413 1247 534 1253 605 620 368 1241 1231 1320 546 1591 1828 1500 1863 636 1000 1310 624 1267 1054 1733 1125 1153 1598 1213 404 1541 646 1009 1738 1096 1039 618 618 1620 308 1840 744 1029 1856 604 1381 677 1054 1884 1957 627 1224 1883 1272 463 1612 586 1603 341 1190 1813 1785 1408 1829 556 357 703
904 1034 174 799 787 810 301 917 807 256 1013 0 1350 714 792 744 820 1098 910 801 834 512 1027 518 989 806 789 506 560 702 711 982 1190 792 1041 981 184 738 1009 714 1119 940 331 359 952 543 826 980 939 1073 1228 374 146 804 963 967 1046 1330 452 410 1346 790 517 883 189 1106 1213 926 488 1373 537 1099 975 1103 738 762 396 1303 1271 544 1235 998 1019 762
1751 1880 1403 1646 1634 1657 1114 789 1654 1472 1860 1350 0 875 739 688 1666 2221 621 1648 1681 1049 1874 1055 1836 1775 1636 1043 1033 864 1896 599 440 784 458 1827 1337 854 1856 812 1966 812 1192 1214 606 1015 1672 549 1786 1920 350 1163 1332 1772 1809 628 2125 54 1668 1096 69 1767 976 1730 1305 444 269 1773 1026 61 1074 2249 620 2267 757 1609 1219 66 397 948 441 1845 2174 1707
1221 1350 681 1116 1103 1127 584 600 1124 732 1330 714 875 0 342 269 1136 1524 592 1118 1151 460 1344 465 1306 1035 1106 454 502 135 1157 605 842 343 723 1297 777 140 1326 91 1435 622 501 475 612 485 1142 555 1256 1390 753 580 593 1032 1279 634 1471 854 929 566 870 1028 222 1200 566 788 896 1243 436 897 485 1524 626 1528 421 1079 480 828 799 194 843 1315 1444 968
1346 1475 759 1241 1229 1252 709 415 1249 810 1455 792 739 342 0 282 1261 1601 408 1243 1276 538 1469 543 1431 1113 1231 532 586 330 1235 470 688 97 539 1422 855 366 1451 342 1560 438 579 553 450 569 1267 420 1381 1515 617 658 670 1110 1404 465 1549 719 1007 691 735 1106 310 1325 644 604 711 1368 514 762 563 1602 473 1606 236 1204 558 692 664 282 708 1440 1522 1046
1146 1275 798 1041 1029 1052 509 617 1049 879 1255 744 688 269 282 0 1061 1615 441 1043 1076 444 1269 449 1231 1188 1031 438 427 259 1310 418 656 327 691 1222 731 249 1251 206 1360 640 586 614 426 410 1067 369 1181 1315 566 558 745 1185 1204 447 1519 668 1074 491 684 1181 375 1125 719 711 785 1168 420 711 469 1643 439 1681 446 1004 633 641 612 348 657 1240 1569 1121
289 775 761 541 68 68 626 1589 71 745 398 820 1666 1136 1261 1061 0 790 1420 77 44 1053 769 1059 731 975 89 1048 1037 1126 901 1397 1634 1306 1669 722 806 1116 751 1073 860 1611 931 959 1404 1020 53 1347 681 815 1545 902 845 973 704 1426 663 1646 860 835 1662 959 1188 625 860 1690 1764 668 1030 1689 1079 818 1418 941 1409 83 996 1620 1591 1215 1635 740 712 1058
550 422 954 694 757 781 1180 1727 778 938 435 1101 2221 1524 1601 1615 790 0 1720 772 805 1322 376 1327 447 549 760 1316 1370 1512 475 1791 1999 1602 1850 479 1165 1548 467 1524 765 1662 1141 1169 1762 1353 796 1790 489 720 2048 1184 1045 547 461 1777 146 2201 673 1235 2217 533 1326 520 1053 1916 2023 470 1298 2244 1347 106 1785 244 1548 733 1206 2174 2081 1354 2045 399 97 632
1504 1634 877 1399 1387 1410 868 245 1407 928 1613 910 621 592 408 441 1420 1720 0 1401 1434 656 1627 661 1590 1231 1389 650 704 581 1353 141 518 408 369 1581 973 607 1609 565 1719 268 697 671 112 687 1426 139 1539 1673 500 776 789 1228 1563 127 1667 601 1125 827 617 1224 463 1483 762 434 541 1526 632 644 681 1720 135 1724 213 1362 676 574 546 483 563 1598 1640 1164
271 757 743 523 90 45 608 1570 48 727 380 801 1648 1118 1243 1043 77 772 1401 0 62 1035 751 1041 713 957 66 1029 1019 1108 883 1379 1616 1288 1651 704 788 1098 733 1055 842 1593 913 941 1386 1001 71 1329 663 797 1527 884 827 955 686 1408 645 1628 842 817 1644 941 1170 607 842 1672 1745 650 1012 1671 1061 800 1400 923 1391 65 978 1602 1573 1196 1617 722 694 1040
304 790 776 556 77 53 641 1603 56 760 413 834 1681 1151 1276 1076 44 805 1434 62 0 1068 784 1074 746 990 74 1062 1052 1141 916 1412 1649 1321 1684 737 821 1131 766 1088 875 1626 946 974 1419 1034 38 1362 696 830 1560 917 860 988 719 1441 678 1661 875 850 1677 974 1203 640 875 1705 1778 683 1045 1704 1093 833 1433 956 1424 98 1011 1634 1606 1229 1650 755 727 1073
1138 1267 479 1033 1021 1044 501 663 1041 530 1247 512 1049 460 538 444 1053 1322 656 1035 1068 0 1261 65 1223 833 1023 55 130 448 955 727 936 538 787 1214 575 484 1243 456 1352 686 299 273 698 112 1059 726 1173 1307 927 378 391 830 1196 713 1269 1029 727 429 1045 826 262 1117 364 852 959 1160 40 1072 48 1322 721 1326 484 996 278 1002 973 290 981 1232 1242 766
649 54 969 347 736 760 834 1796 757 953 534 1027 1874 1344 1469 1269 769 376 1627 751 784 1261 0 1267 101 819 739 1255 1245 1334 745 1605 1842 1514 1877 133 1014 1324 121 1281 667 1819 1139 1167 1612 1227 775 1555 142 622 1753 1110 1053 818 115 1634 345 1854 943 1043 1870 803 1396 173 1068 1898 1971 123 1238 1897 1286 404 1626 542 1617 712 1204 1827 1799 1422 1843 52 368 902
1144 1273 484 1039 1027 1050 507 669 1047 536 1253 518 1055 465 543 449 1059 1327 661 1041 1074 65 1267 0 1229 839 1029 61 135 454 960 733 941 544 792 1220 581 490 1249 462 1358 691 305 279 704 118 1065 731 1179 1313 933 384 396 836 1202 719 1275 1035 733 435 1051 832 268 1123 370 858 965 1166 46 1078 42 1328 727 1331 490 1002 284 1008 979 295 987 1238 1248 772
720 107 931 310 698 722 796 1758 719 915 605 989 1836 1306 1431 1231 731 447 1590 713 746 1223 101 1229 0 890 701 1218 1207 1296 816 1567 1804 1476 1839 95 976 1286 34 1243 629 1781 1101 1129 1574 1190 737 1517 105 584 1715 1072 1015 889 77 1596 416 1816 1014 1005 1832 874 1358 136 1030 1860 1933 86 1200 1859 1249 475 1588 613 1579 674 1166 1790 1761 1384 1805 72 439 973
736 865 661 1137 943 966 981 1239 963 645 620 808 1775 1035 1113 1188 975 549 1231 957 990 833 819 839 890 0 945 827 882 1024 182 1303 1511 1114 1362 922 872 1059 910 1035 1075 1174 653 680 1274 864 981 1301 932 1030 1560 695 708 59 904 1289 496 1754 380 746 1770 54 838 963 681 1427 1534 913 810 1797 858 549 1297 553 1059 918 718 1728 1593 865 1556 842 469 143
259 745 731 511 78 57 596 1558 60 715 368 789 1636 1106 1231 1031 89 760 1389 66 74 1023 739 1029 701 945 0 1017 1007 1096 871 1367 1604 1276 1639 692 776 1086 721 1043 830 1581 901 929 1374 989 83 1317 651 785 1515 872 815 943 674 1396 633 1616 830 805 1632 929 1158 595 830 1660 1733 638 1000 1659 1049 788 1388 911 1379 53 966 1589 1561 1184 1605 710 682 1028
1132 1262 473 1027 1015 1038 496 657 1035 524 1241 506 1043 454 532 438 1048 1316 650 1029 1062 55 1255 61 1218 827 1017 0 124 442 949 722 930 532 781 1209 570 478 1237 450 1347 680 293 267 692 106 1054 720 1167 1302 922 372 385 825 1191 707 1263 1023 721 423 1039 820 256 1111 358 846 953 1154 34 1066 53 1316 715 1320 478 990 272 996 968 284 975 1226 1236 760
1122 1251 527 1017 1004 1028 485 711 1025 579 1231 560 1033 502 586 427 1037 1370 704 1019 1052 130 1245 135 1207 882 1007 124 0 492 1003 763 984 587 835 1198 624 482 1227 439 1336 734 347 321 746 50 1043 713 1156 1291 911 426 439 879 1180 761 1317 1012 775 467 1029 874 311 1101 412 900 1007 1144 106 1055 155 1370 769 1374 532 980 326 986 957 338 1002 1216 1290 814
1211 1340 669 1106 1093 1117 574 588 1114 721 1320 702 864 135 330 259 1126 1512 581 1108 1141 448 1334 454 1296 1024 1096 442 492 0 1145 595 832 331 712 1287 766 61 1316 107 1425 611 489 463 602 475 1132 545 1246 1380 743 568 581 1021 1269 624 1459 844 917 556 860 1016 210 1190 555 777 884 1233 425 887 473 1512 616 1516 409 1069 468 818 789 183 833 1305 1433 957
662 791 567 1063 869 892 895 1360 889 551 546 714 1896 1157 1235 1310 901 475 1353 883 916 955 745 960 816 182 871 949 1003 1145 0 1424 1633 1235 1484 848 778 1181 836 1157 1001 1295 774 802 1395 986 907 1423 858 956 1681 817 658 180 830 1410 422 1876 286 868 1892 166 959 889 666 1549 1656 839 931 1919 980 475 1418 479 1181 844 839 1849 1714 987 1678 768 395 265
1482 1611 948 1377 1364 1388 845 317 1385 1000 1591 982 599 605 470 418 1397 1791 141 1379 1412 727 1605 733 1567 1303 1367 722 763 595 1424 0 567 480 441 1558 1045 585 1587 542 1696 340 769 742 95 746 1403 68 1517 1651 477 848 860 1300 1540 116 1738 579 1196 827 595 1296 535 1461 834 506 613 1504 704 622 753 1792 108 1795 285 1340 748 552 523 555 568 1576 1712 1236
1719 1848 1156 1614 1602 1625 1082 525 1622 1208 1828 1190 440 842 688 656 1634 1999 518 1616 1649 936 1842 941 1804 1511 1604 930 984 832 1633 567 0 688 195 1795 1253 822 1824 780 1933 548 977 951 560 967 1640 517 1754 1888 123 1056 1068 1508 1777 575 1947 420 1405 1064 436 1504 743 1698 1042 130 288 1741 912 463 961 2000 583 2004 493 1577 956 393 156 763 64 1813 1920 1444
1391 1520 759 1286 1273 1297 754 416 1294 811 1500 792 784 343 97 327 1306 1602 408 1288 1321 538 1514 544 1476 1114 1276 532 587 331 1235 480 688 0 539 1467 856 367 1496 343 1605 439 579 553 451 569 1312 465 1426 1560 662 658 671 1111 1449 466 1549 764 1007 710 780 1106 310 1370 645 605 712 1413 515 807 563 1602 474 1606 237 1249 558 737 708 283 734 1485 1523 1047
1754 1883 1008 1649 1637 1660 1117 376 1657 1059 1863 1041 458 723 539 691 1669 1850 369 1651 1684 787 1877 792 1839 1362 1639 781 835 712 1484 441 195 539 0 1830 1104 747 1859 723 1968 399 828 802 411 818 1675 439 1789 1923 243 907 919 1359 1812 426 1798 438 1256 958 454 1355 594 1733 893 111 218 1776 763 481 812 1851 434 1855 344 1612 807 411 276 614 240 1848 1771 1295
752 139 922 301 690 713 787 1750 710 906 636 981 1827 1297 1422 1222 722 479 1581 704 737 1214 133 1220 95 922 692 1209 1198 1287 848 1558 1795 1467 1830 0 967 1277 115 1234 620 1772 1092 1120 1565 1181 728 1508 96 575 1706 1063 1006 920 62 1587 447 1807 1021 996 1823 906 1349 127 1021 1851 1925 77 1191 1850 1240 507 1579 645 1570 665 1157 1781 1752 1376 1796 104 471 1005
891 1020 237 786 774 797 288 981 794 319 1000 184 1337 777 855 731 806 1162 973 788 821 575 1014 581 976 869 776 570 624 766 775 1045 1253 856 1104 967 0 786 996 743 1105 1003 395 422 1016 607 812 1017 926 1060 1215 437 210 867 949 1031 1109 1316 516 397 1332 853 580 870 253 1170 1277 913 552 1359 601 1162 1039 1166 802 749 460 1290 1261 607 1299 985 1082 826
1201 1330 705 1096 1083 1107 564 624 1104 757 1310 738 854 140 366 249 1116 1548 607 1098 1131 484 1324 490 1286 1059 1086 478 482 61 1181 585 822 367 747 1277 786 0 1306 97 1415 647 525 499 592 465 1122 535 1235 1370 733 604 617 1057 1259 614 1495 834 953 546 850 1052 246 1180 590 813 920 1223 460 877 509 1548 606 1552 445 1059 504 808 779 219 823 1295 1468 992
740 127 951 330 718 742 816 1778 739 935 624 1009 1856 1326 1451 1251 751 467 1609 733 766 1243 121 1249 34 910 721 1237 1227 1316 836 1587 1824 1496 1859 115 996 1306 0 1263 649 1801 1121 1149 1594 1209 757 1537 125 604 1735 1092 1035 908 97 1616 435 1836 1034 1025 1852 894 1378 155 1050 1880 1953 105 1220 1879 1268 495 1608 633 1599 694 1186 1809 1781 1404 1825 92 459 993
1158 1287 681 1053 1041 1064 521 600 1061 732 1267 714 812 91 342 206 1073 1524 565 1055 1088 456 1281 462 1243 1035 1043 450 439 107 1157 542 780 343 723 1234 743 97 1263 0 1372 622 501 475 550 422 1079 493 1193 1327 690 570 593 1032 1216 571 1471 792 929 503 808 1028 222 1137 566 788 896 1180 432 835 481 1524 563 1528 421 1016 480 765 736 194 781 1252 1444 968
945 673 1060 354 828 851 925 1888 848 1044 1054 1119 1966 1435 1560 1360 860 777 1719 842 875 1352 667 1358 629 1086 830 1347 1336 1425 1012 1696 1933 1605 1968 620 1105 1415 649 1372 0 1910 1230 1258 1703 1319 866 1646 578 104 1844 1201 1144 1084 602 1725 845 1945 1159 1135 1961 1070 1487 523 1159 1989 2063 566 1329 1988 1378 736 1717 545 1708 803 1295 1919 1890 1514 1934 638 796 1169
1696 1825 907 1591 1579 1602 1066 105 1599 958 1733 940 812 622 438 640 1611 1662 268 1593 1626 686 1819 691 1781 1174 1581 680 734 611 1295 340 548 439 399 1772 1003 647 1801 622 1910 0 727 701 311 717 1617 338 1731 1865 597 806 819 1171 1754 326 1610 791 1155 857 808 1167 494 1675 792 464 572 1718 662 834 711 1663 334 1637 243 1554 706 765 630 514 593 1790 1583 1107
1016 1145 298 911 899 922 379 704 919 350 1125 331 1192 501 579 586 931 1141 697 913 946 299 1139 305 1101 653 901 293 347 489 774 769 977 579 828 1092 395 525 1121 501 1230 727 0 49 739 330 937 767 1051 1185 1025 93 210 650 1074 754 1088 1172 546 145 1188 645 304 995 183 893 1000 1038 275 1215 324 1141 762 1145 525 874 87 1145 1058 331 1022 1110 1061 585
1044 1173 326 939 926 950 407 678 947 377 1153 359 1214 475 553 614 959 1169 671 941 974 273 1167 279 1129 680 929 267 321 463 802 742 951 553 802 1120 422 499 1149 475 1258 701 49 0 713 304 965 741 1078 1213 999 121 238 677 1102 728 1116 1194 574 172 1210 673 277 1022 211 867 974 1065 249 1237 298 1169 736 1173 499 902 67 1167 1032 305 996 1138 1089 613
1489 1618 919 1384 1372 1395 852 288 1392 971 1598 952 606 612 450 426 1404 1762 112 1386 1419 698 1612 704 1574 1274 1374 692 746 602 1395 95 560 451 411 1565 1016 592 1594 550 1703 311 739 713 0 729 1410 76 1524 1658 484 818 831 1271 1547 90 1709 586 1167 834 602 1266 506 1468 804 477 584 1511 675 629 723 1762 98 1766 256 1347 718 559 530 526 575 1583 1682 1206
1104 1234 510 999 987 1010 468 694 1007 561 1213 543 1015 485 569 410 1020 1353 687 1001 1034 112 1227 118 1190 864 989 106 50 475 986 746 967 569 818 1181 607 465 1209 422 1319 717 330 304 729 0 1026 696 1139 1273 894 409 422 861 1163 744 1300 995 758 449 1011 857 293 1083 395 883 990 1126 89 1038 137 1353 752 1357 515 962 309 968 940 321 984 1198 1273 797
295 781 767 547 74 62 632 1595 65 751 404 826 1672 1142 1267 1067 53 796 1426 71 38 1059 775 1065 737 981 83 1054 1043 1132 907 1403 1640 1312 1675 728 812 1122 757 1079 866 1617 937 965 1410 1026 0 1353 687 821 1551 908 851 979 710 1432 669 1652 866 841 1668 965 1194 631 866 1696 1770 674 1036 1695 1085 824 1424 947 1415 89 1002 1626 1597 1221 1641 746 718 1064
1432 1561 947 1327 1315 1338 795 316 1335 998 1541 980 549 555 420 369 1347 1790 139 1329 1362 726 1555 731 1517 1301 1317 720 713 545 1423 68 517 465 439 1508 1017 535 1537 493 1646 338 767 741 76 696 1353 0 1467 1601 427 844 859 1298 1490 97 1737 529 1195 777 545 1294 533 1411 832 504 611 1454 702 572 751 1790 89 1794 283 1290 746 502 473 554 518 1526 1710 1234
762 149 881 259 648 672 746 1708 669 865 646 939 1786 1256 1381 1181 681 489 1539 663 696 1173 142 1179 105 932 651 1167 1156 1246 858 1517 1754 1426 1789 96 926 1235 125 1193 578 1731 1051 1078 1524 1139 687 1467 0 533 1664 1022 965 930 78 1545 457 1766 979 955 1782 916 1307 85 980 1809 1883 41 1149 1809 1198 517 1538 655 1529 623 1116 1739 1710 1334 1755 114 481 1015
900 628 1015 308 782 806 880 1842 803 999 1009 1073 1920 1390 1515 1315 815 731 1673 797 830 1307 622 1313 584 1041 785 1302 1291 1380 967 1651 1888 1560 1923 575 1060 1370 604 1327 104 1865 1185 1213 1658 1273 821 1601 533 0 1799 1156 1099 1039 557 1680 800 1900 1114 1089 1916 1025 1442 477 1114 1944 2017 520 1284 1943 1333 690 1672 500 1663 758 1250 1874 1845 1468 1889 593 751 1124
1630 1759 1205 1525 1512 1536 993 574 1533 1257 1738 1228 350 753 617 566 1545 2048 500 1527 1560 927 1753 933 1715 1560 1515 922 911 743 1681 477 123 662 243 1706 1215 733 1735 690 1844 597 1025 999 484 894 1551 427 1664 1799 0 1041 1117 1557 1688 506 1995 330 1453 974 346 1552 792 1608 1090 179 336 1651 904 373 953 2048 498 2052 542 1487 1004 304 80 812 124 1724 1968 1492
987 1116 341 882 870 893 350 783 890 392 1096 374 1163 580 658 558 902 1184 776 884 917 378 1110 384 1072 695 872 372 426 568 817 848 1056 658 907 1063 437 604 1092 570 1201 806 93 121 818 409 908 844 1022 1156 1041 0 253 692 1045 833 1131 1143 589 116 1159 688 383 966 226 972 1079 1009 354 1186 403 1184 841 1188 604 845 159 1116 1087 410 1101 1081 1104 628
930 1059 148 825 812 836 327 796 833 199 1039 146 1332 593 670 745 845 1042 789 827 860 391 1053 396 1015 708 815 385 439 581 655 860 1068 671 919 1006 210 617 1035 593 1144 819 210 238 831 422 851 859 965 1099 1117 253 0 705 988 846 989 1312 396 304 1328 700 395 909 68 985 1092 952 367 1355 416 1042 854 1046 617 788 275 1285 1150 423 1114 1024 962 641
734 863 659 1135 941 964 978 1236 961 643 618 807 1772 1032 1110 1185 973 547 1228 955 988 830 818 836 889 59 943 825 879 1021 180 1300 1508 1111 1359 920 870 1057 908 1032 1073 1171 650 677 1271 861 979 1298 930 1028 1557 692 705 0 902 1286 494 1752 378 743 1768 52 835 961 678 1424 1532 911 807 1795 856 548 1294 551 1057 916 715 1725 1590 862 1553 840 468 140
734 121 904 283 672 695 769 1732 692 888 618 963 1809 1279 1404 1204 704 461 1563 686 719 1196 115 1202 77 904 674 1191 1180 1269 830 1540 1777 1449 1812 62 949 1259 97 1216 602 1754 1074 1102 1547 1163 710 1490 78 557 1688 1045 988 902 0 1569 429 1789 1003 978 1805 888 1331 109 1003 1833 1906 59 1173 1832 1222 489 1561 627 1552 647 1139 1763 1734 1358 1778 86 453 987
1511 1640 934 1406 1393 1417 874 303 1414 986 1620 967 628 634 465 447 1426 1777 127 1408 1441 713 1634 719 1596 1289 1396 707 761 624 1410 116 575 466 426 1587 1031 614 1616 571 1725 326 754 728 90 744 1432 97 1545 1680 506 833 846 1286 1569 0 1724 607 1182 856 624 1281 521 1490 819 492 599 1533 689 650 738 1777 72 1781 271 1369 733 581 552 541 597 1605 1697 1221
423 390 901 662 630 654 1084 1674 651 885 308 1048 2125 1471 1549 1519 663 146 1667 645 678 1269 345 1275 416 496 633 1263 1317 1459 422 1738 1947 1549 1798 447 1112 1495 435 1471 834 1610 1088 1116 1709 1300 669 1737 457 789 1995 1131 992 494 429 1724 0 2105 620 1182 2121 480 1273 488 1000 1863 1970 438 1245 2148 1294 174 1732 312 1495 605 1153 2078 2028 1301 1992 367 138 579
1731 1860 1383 1626 1614 1637 1094 769 1634 1451 1840 1330 54 854 719 668 1646 2201 601 1628 1661 1029 1854 1035 1816 1754 1616 1023 1012 844 1876 579 420 764 438 1807 1316 834 1836 792 1945 791 1172 1194 586 995 1652 529 1766 1900 330 1143 1312 1752 1789 607 2105 0 1648 1076 73 1747 955 1710 1285 424 249 1753 1005 87 1054 2228 599 2247 737 1589 1199 80 376 928 421 1825 2154 1687
859 989 308 840 827 851 636 1135 848 292 744 455 1671 932 1009 1074 860 673 1128 842 875 730 943 735 1014 380 830 724 778 920 286 1199 1407 1010 1258 1021 518 956 1034 932 1159 1158 549 577 1170 761 866 1198 979 1114 1456 592 398 378 1003 1185 620 1651 0 643 1667 364 734 923 407 1324 1431 966 706 1694 755 673 1193 677 956 802 614 1624 1489 762 1453 966 593 463
920 1049 392 815 803 826 283 834 823 443 1029 410 1096 566 691 491 835 1235 827 817 850 429 1043 435 1005 746 805 423 467 556 868 827 1064 710 958 996 397 546 1025 503 1135 857 145 172 834 449 841 777 955 1089 974 116 304 743 978 856 1182 1076 640 0 1092 739 434 899 277 1023 1130 942 406 1119 454 1235 848 1239 655 778 210 1049 1020 461 1065 1014 1155 679
1747 1876 1399 1642 1630 1653 1110 785 1650 1468 1856 1346 69 870 735 684 1662 2217 617 1644 1677 1045 1870 1051 1832 1770 1632 1039 1029 860 1892 595 436 780 454 1823 1332 850 1852 808 1961 808 1188 1210 602 1011 1668 545 1782 1916 346 1159 1328 1768 1805 624 2121 73 1664 1092 0 1763 972 1726 1301 440 265 1769 1021 102 1070 2245 616 2263 753 1605 1215 96 392 944 437 1841 2170 1703
720 849 645 1121 927 950 973 1231 947 629 604 792 1767 1028 1106 1181 959 533 1224 941 974 826 803 832 874 54 929 820 874 1016 166 1296 1504 1106 1355 906 856 1052 894 1028 1059 1167 645 673 1266 857 965 1294 916 1014 1552 688 700 52 888 1281 480 1747 364 739 1763 0 831 947 674 1420 1527 897 802 1790 851 533 1289 537 1052 902 710 1720 1585 858 1549 826 453 136
1273 1402 483 1168 1155 1179 668 471 1176 535 1381 517 976 222 310 375 1188 1326 463 1170 1203 262 1396 268 1358 838 1158 256 311 210 959 535 743 310 594 1349 580 246 1378 222 1487 494 304 277 506 293 1194 533 1307 1442 792 383 395 835 1331 521 1273 955 731 434 972 831 0 1251 369 660 767 1294 239 998 288 1326 529 1330 292 1131 283 929 825 47 789 1367 1247 771
710 180 825 203 592 616 690 1652 613 809 677 883 1730 1200 1325 1125 625 520 1483 607 640 1117 173 1123 136 963 595 1111 1101 1190 889 1461 1698 1370 1733 127 870 1180 155 1137 523 1675 995 1022 1468 1083 631 1411 85 477 1608 966 909 961 109 1490 488 1710 923 899 1726 947 1251 0 924 1754 1827 72 1094 1753 1142 548 1482 686 1473 568 1060 1683 1654 1278 1699 144 512 1046
945 1074 156 840 828 851 370 769 848 207 1054 189 1305 566 644 719 860 1050 762 842 875 364 1068 370 1030 681 830 358 412 555 663 834 1042 645 893 1021 253 590 1050 566 1159 792 183 211 804 395 866 832 980 1114 1090 226 68 678 1003 819 997 1285 404 277 1301 674 369 924 0 958 1065 967 341 1328 389 1051 827 1054 590 803 248 1259 1124 396 1087 1039 971 614
1775 1904 1073 1670 1657 1681 1138 442 1678 1124 1884 1106 444 788 604 711 1690 1916 434 1672 1705 852 1898 858 1860 1427 1660 846 900 777 1549 506 130 605 111 1851 1170 813 1880 788 1989 464 893 867 477 883 1696 504 1809 1944 179 972 985 1424 1833 492 1863 424 1321 1023 440 1420 660 1754 958 0 204 1796 828 467 877 1916 500 1920 409 1633 872 397 212 680 175 1869 1836 1360
1848 1977 1180 1743 1731 1754 1211 549 1751 1232 1957 1213 269 896 711 785 1764 2023 541 1745 1778 959 1971 965 1933 1534 1733 953 1007 884 1656 613 288 712 218 1925 1277 920 1953 896 2063 572 1000 974 584 990 1770 611 1883 2017 336 1079 1092 1532 1906 599 1970 249 1428 1130 265 1527 767 1827 1065 204 0 1870 935 292 984 2023 607 2027 517 1706 979 222 369 787 333 1942 1943 1467
743 130 868 246 635 659 733 1695 656 852 627 926 1773 1243 1368 1168 668 470 1526 650 683 1160 123 1166 86 913 638 1154 1144 1233 839 1504 1741 1413 1776 77 913 1223 105 1180 566 1718 1038 1065 1511 1126 674 1454 41 520 1651 1009 952 911 59 1533 438 1753 966 942 1769 897 1294 72 967 1796 1870 0 1137 1796 1185 498 1525 636 1516 611 1103 1726 1697 1321 1742 94 462 996
1115 1244 455 1010 997 1021 478 639 1018 507 1224 488 1026 436 514 420 1030 1298 632 1012 1045 40 1238 46 1200 810 1000 34 106 425 931 704 912 515 763 1191 552 460 1220 432 1329 662 275 249 675 89 1036 702 1149 1284 904 354 367 807 1173 689 1245 1005 703 406 1021 802 239 1094 341 828 935 1137 0 1048 66 1298 697 1302 460 973 254 979 950 266 957 1209 1219 743
1774 1903 1426 1669 1657 1680 1137 812 1677 1494 1883 1373 61 897 762 711 1689 2244 644 1671 1704 1072 1897 1078 1859 1797 1659 1066 1055 887 1919 622 463 807 481 1850 1359 877 1879 835 1988 834 1215 1237 629 1038 1695 572 1809 1943 373 1186 1355 1795 1832 650 2148 87 1691 1119 102 1790 998 1753 1328 467 292 1796 1048 0 1097 2272 642 2290 780 1632 1242 120 419 971 464 1868 2197 1730
1163 1293 504 1059 1046 1069 527 688 1066 556 1272 537 1074 485 563 469 1079 1347 681 1061 1093 48 1286 42 1249 858 1049 53 155 473 980 753 961 563 812 1240 601 509 1268 481 1378 711 324 298 723 137 1085 751 1198 1333 953 403 416 856 1222 738 1294 1054 752 454 1070 851 288 1142 389 877 984 1185 66 1097 0 1347 746 1351 509 1021 303 1028 999 315 1006 1257 1267 791
578 450 954 722 785 809 1208 1727 806 938 463 1102 2249 1524 1602 1643 818 106 1720 800 833 1322 404 1328 475 549 788 1316 1370 1512 475 1792 2000 1602 1851 507 1165 1548 495 1524 724 1663 1141 1169 1762 1353 824 1790 517 679 2048 1184 1045 548 489 1777 174 2228 673 1235 2245 533 1326 548 1053 1916 2023 498 1298 2272 1347 0 1785 203 1548 760 1206 2202 2081 1354 2045 427 125 632
1503 1632 942 1398 1385 1409 866 311 1406 994 1612 975 620 626 473 439 1418 1785 135 1400 1433 721 1626 727 1588 1297 1388 715 769 616 1418 108 583 474 434 1579 1039 606 1608 563 1717 334 762 736 98 752 1424 89 1538 1672 498 841 854 1294 1561 72 1732 599 1190 848 616 1289 529 1482 827 500 607 1525 697 642 746 1785 0 1789 279 1361 741 573 544 549 589 1597 1705 1229
702 588 958 725 909 932 1286 1722 929 942 586 1105 2267 1528 1606 1681 941 244 1724 923 956 1326 542 1331 613 553 911 1320 1374 1516 479 1795 2004 1606 1855 645 1169 1552 633 1528 545 1637 1145 1173 1766 1357 947 1794 655 500 2052 1188 1049 551 627 1781 312 2247 677 1239 2263 537 1330 686 1057 1920 2027 636 1302 2290 1351 203 1789 0 1552 884 1210 2220 2085 1358 2049 565 263 636
1494 1623 705 1389 1377 1400 872 221 1397 757 1603 738 757 421 236 446 1409 1548 213 1391 1424 484 1617 490 1579 1059 1379 478 532 409 1181 285 493 237 344 1570 802 445 1599 421 1708 243 525 499 256 515 1415 283 1529 1663 542 604 617 1057 1552 271 1495 737 953 655 753 1052 292 1473 590 409 517 1516 460 780 509 1548 279 1552 0 1352 504 710 575 312 539 1588 1468 992
232 718 704 484 51 74 569 1531 71 688 341 762 1609 1079 1204 1004 83 733 1362 65 98 996 712 1002 674 918 53 990 980 1069 844 1340 1577 1249 1612 665 749 1059 694 1016 803 1554 874 902 1347 962 89 1290 623 758 1487 845 788 916 647 1369 605 1589 802 778 1605 902 1131 568 803 1633 1706 611 973 1632 1021 760 1361 884 1352 0 939 1562 1534 1157 1578 683 655 1001
1081 1210 363 976 964 987 444 683 984 415 1190 396 1219 480 558 633 996 1206 676 978 1011 278 1204 284 1166 718 966 272 326 468 839 748 956 558 807 1157 460 504 1186 480 1295 706 87 67 718 309 1002 746 1116 1250 1004 159 275 715 1139 733 1153 1199 611 210 1215 710 283 1060 248 872 979 1103 254 1242 303 1206 741 1210 504 939 0 1173 1037 310 1001 1175 1126 650
1704 1834 1356 1599 1587 1610 1068 742 1607 1425 1813 1303 66 828 692 641 1620 2174 574 1602 1634 1002 1827 1008 1790 1728 1589 996 986 818 1849 552 393 737 411 1781 1290 808 1809 765 1919 765 1145 1167 559 968 1626 502 1739 1874 304 1116 1285 1725 1763 581 2078 80 1621 1049 96 1720 929 1683 1259 397 222 1726 979 120 1028 2202 573 2220 710 1562 1173 0 350 901 394 1798 2128 1661
1676 1805 1238 1571 1558 1582 1039 607 1579 1290 1785 1271 397 799 664 612 1591 2081 546 1573 1606 973 1799 979 1761 1593 1561 968 957 789 1714 523 156 708 276 1752 1261 779 1781 736 1890 630 1058 1032 530 940 1597 473 1710 1845 80 1087 1150 1590 1734 552 2028 376 1486 1020 392 1585 825 1654 1124 212 369 1697 950 419 999 2081 544 2085 575 1534 1037 350 0 845 157 1770 2001 1526
1299 1428 511 1194 1182 1205 662 491 1202 562 1408 544 948 194 282 348 1215 1354 483 1196 1229 290 1422 295 1384 865 1184 284 338 183 987 555 763 283 614 1376 607 219 1404 194 1514 514 331 305 526 321 1221 554 1334 1468 812 410 423 862 1358 541 1301 928 759 461 944 858 47 1278 396 680 787 1321 266 971 315 1354 549 1358 312 1157 310 901 845 0 809 1393 1274 798
1720 1849 1202 1615 1603 1626 1083 571 1623 1253 1829 1235 441 843 708 657 1635 2045 563 1617 1650 981 1843 987 1805 1556 1605 975 1002 833 1678 568 64 734 240 1796 1299 823 1825 781 1934 593 1022 996 575 984 1641 518 1755 1889 124 1101 1114 1553 1778 597 1992 421 1450 1065 437 1549 789 1699 1087 175 333 1742 957 464 1006 2045 589 2049 539 1578 1001 394 157 809 0 1814 1965 1489
672 58 940 318 707 731 805 1767 728 924 556 998 1845 1315 1440 1240 740 399 1598 722 755 1232 52 1238 72 842 710 1226 1216 1305 768 1576 1813 1485 1848 104 985 1295 92 1252 638 1790 1110 1138 1583 1198 746 1526 114 593 1724 1081 1024 840 86 1605 367 1825 966 1014 1841 826 1367 144 1039 1869 1942 94 1209 1868 1257 427 1597 565 1588 683 1175 1798 1770 1393 1814 0 390 925
473 414 875 686 680 703 1134 1647 700 859 357 1022 2174 1444 1522 1569 712 97 1640 694 727 1242 368 1248 439 469 682 1236 1290 1433 395 1712 1920 1523 1771 471 1085 1468 459 1444 785 1583 1061 1089 1682 1273 718 1710 481 739 1968 1104 965 468 453 1697 138 2154 593 1155 2170 453 1247 512 974 1836 1943 462 1219 2197 1267 125 1705 263 1468 655 1126 2128 2001 1274 1965 390 0 552
818 948 729 1220 1025 1049 914 1171 1046 728 703 762 1707 968 1046 1121 1058 632 1164 1040 1073 766 902 772 973 143 1028 760 814 957 265 1236 1444 1047 1295 1005 826 992 993 968 1158 1107 585 613 1206 797 1064 1234 1015 1112 1492 628 641 140 987 1221 579 1687 463 679 1703 136 771 1046 614 1360 1467 996 743 1730 791 632 1229 636 992 1001 650 1661 1526 798 1489 925 552 0
EOF