NAME : tsp_problem
TYPE : TSP
DIMENSION : 40
EDGE_WEIGHT_TYPE : EXPLICIT
EDGE_WEIGHT_FORMAT : FULL_MATRIX
EDGE_WEIGHT_SECTION
0 1888 186 1360 975 2049 1773 2191 158 1179 2147 755 2118 1161 114 1405 387 1390 650 2054 1190 1504 2060 415 414 564 2215 1965 1752 2184 818 1544 1665 265 1196 433 383 1876 2203 2079
1888 0 1818 866 1070 427 464 532 1847 846 525 1505 496 864 1843 658 1733 672 1354 432 861 744 438 1799 1707 1356 556 305 442 524 1698 522 355 1869 960 1732 1737 29 544 457
186 1818 0 1290 905 1976 1704 2054 145 1109 2077 587 2048 1091 226 1335 374 1320 580 1984 1120 1434 1980 402 401 494 2078 1827 1682 2046 748 1474 1595 252 1126 265 370 1806 2066 2006
1360 866 1290 0 541 918 751 996 1318 317 1125 995 1096 335 1315 382 1223 367 826 1031 333 481 922 1289 1197 828 1020 770 729 989 1169 521 642 1359 432 1222 1227 853 1008 948
972 1070 902 541 0 1231 955 1398 931 361 1329 751 1299 343 927 586 979 571 771 1235 371 685 1242 1045 953 698 1422 1172 933 1391 731 725 846 1115 377 978 983 1057 1410 1261
2049 427 1976 918 1231 0 508 339 2004 1007 465 1528 436 1025 2004 797 1756 812 1516 372 1023 781 64 1821 1730 1517 362 206 508 331 1859 647 517 1891 1039 1754 1760 415 350 83
1773 464 1704 751 955 508 0 586 1732 731 715 1379 686 749 1728 543 1607 557 1240 630 747 630 512 1673 1581 1241 610 360 80 579 1583 407 156 1743 846 1606 1611 452 598 538
2191 532 2054 996 1398 339 586 0 2082 1191 245 1606 216 1186 2189 875 1834 890 1700 264 1207 859 343 1900 1808 1702 66 284 587 84 2043 725 625 1970 1117 1833 1838 520 54 369
158 1847 145 1318 934 2004 1732 2082 0 1138 2106 615 2076 1120 198 1363 346 1348 608 2012 1148 1462 2008 374 373 522 2106 1856 1710 2075 776 1502 1623 224 1154 293 342 1834 2094 2034
1179 846 1109 317 361 1007 731 1191 1138 0 1104 938 1075 84 1134 362 1166 347 646 1011 86 461 1018 1232 1140 647 1215 969 709 1183 989 501 622 1302 148 1165 1170 833 1203 1037
2147 525 2077 1125 1329 465 715 245 2106 1104 0 1734 49 1122 2102 916 1962 931 1613 178 1120 988 471 2028 1936 1615 269 413 701 238 1957 781 614 2098 1219 1961 1966 513 257 495
755 1505 587 995 751 1528 1379 1606 615 938 1734 0 1705 920 795 1133 723 1147 1045 1753 948 1116 1531 789 697 959 1629 1379 1379 1598 1213 1242 1417 746 851 365 727 1493 1617 1558
2118 496 2048 1096 1299 436 686 216 2076 1075 49 1705 0 1093 2073 887 1933 902 1584 149 1091 959 442 1999 1907 1586 240 383 672 209 1928 752 585 2069 1190 1932 1937 484 228 466
1161 864 1091 335 343 1025 749 1186 1120 84 1122 920 1093 0 1116 380 1148 365 628 1029 94 479 1036 1214 1122 629 1210 960 727 1179 971 519 640 1284 130 1147 1152 851 1198 1055
114 1843 226 1315 930 2004 1728 2189 198 1134 2102 795 2073 1116 0 1360 427 1344 605 2009 1144 1459 2015 455 454 519 2212 1967 1707 2181 773 1499 1620 305 1151 473 423 1831 2200 2034
1405 658 1335 382 586 797 543 875 1363 362 916 1133 887 380 1360 0 1361 55 871 823 378 127 801 1427 1335 873 899 649 521 868 1214 206 434 1496 477 1359 1365 645 887 827
387 1733 374 1223 979 1756 1607 1834 346 1166 1962 723 1933 1148 427 1361 0 1375 935 1981 1177 1344 1760 75 56 849 1858 1607 1608 1826 1103 1470 1646 165 1079 546 27 1721 1846 1786
1390 672 1320 367 571 812 557 890 1348 347 931 1147 902 365 1344 55 1375 0 856 838 363 142 816 1441 1349 857 914 663 536 882 1199 221 449 1511 462 1374 1380 660 902 842
650 1354 580 826 771 1516 1240 1700 608 646 1613 1045 1584 628 605 871 935 856 0 1520 656 970 1526 963 962 118 1723 1478 1218 1692 629 1010 1131 812 662 723 931 1342 1711 1546
2054 432 1984 1031 1235 372 630 264 2012 1011 178 1753 149 1029 2009 823 1981 838 1520 0 1027 910 383 2047 1955 1522 288 432 608 257 1864 688 521 2117 1126 1980 1985 420 276 402
1190 861 1120 333 371 1023 747 1207 1148 86 1120 948 1091 94 1144 378 1177 363 656 1027 0 477 1033 1242 1151 657 1230 985 725 1199 999 517 638 1312 158 1175 1181 849 1218 1052
1504 744 1434 481 685 781 630 859 1462 461 988 1116 959 479 1459 127 1344 142 970 910 477 0 785 1409 1318 972 883 633 608 852 1314 293 521 1479 576 1342 1348 732 871 811
2060 438 1980 922 1242 64 512 343 2008 1018 471 1531 442 1036 2015 801 1760 816 1526 383 1033 785 0 1825 1734 1528 366 210 512 335 1870 651 527 1895 1043 1758 1764 426 354 93
415 1799 402 1289 1045 1821 1673 1900 374 1232 2028 789 1999 1214 455 1427 75 1441 963 2047 1242 1409 1825 0 122 876 1923 1673 1673 1892 1130 1536 1711 193 1145 574 71 1786 1911 1852
414 1707 401 1197 953 1730 1581 1808 373 1140 1936 697 1907 1122 454 1335 56 1349 962 1955 1151 1318 1734 122 0 875 1832 1581 1582 1800 1129 1444 1620 192 1053 573 61 1695 1820 1760
564 1356 494 828 700 1517 1241 1702 522 647 1615 959 1586 629 519 873 849 857 118 1522 657 972 1528 876 875 0 1725 1480 1220 1694 543 1012 1133 726 664 637 844 1344 1713 1547
2215 556 2078 1020 1422 362 610 66 2106 1215 269 1629 240 1210 2212 899 1858 914 1723 288 1230 883 366 1923 1832 1725 0 308 610 108 2067 749 648 1993 1141 1856 1862 543 77 392
1965 305 1827 770 1172 206 360 284 1856 969 413 1379 383 960 1967 649 1607 663 1478 432 985 633 210 1673 1581 1480 308 0 360 276 1822 498 398 1743 890 1606 1611 293 296 236
1752 442 1682 729 933 508 80 587 1710 709 701 1379 672 727 1707 521 1608 536 1218 608 725 608 512 1673 1582 1220 610 360 0 579 1562 386 134 1743 824 1606 1612 430 598 538
2184 524 2046 989 1391 331 579 84 2075 1183 238 1598 209 1179 2181 868 1826 882 1692 257 1199 852 335 1892 1800 1694 108 276 579 0 2036 717 617 1962 1109 1825 1830 512 96 361
818 1695 748 1166 733 1856 1580 2040 776 986 1954 1213 1925 968 773 1211 1103 1196 629 1861 996 1311 1867 1130 1129 543 2064 1819 1559 2033 0 1351 1472 980 1003 891 1098 1683 2052 1886
1544 522 1474 521 725 647 407 725 1502 501 781 1242 752 519 1499 206 1470 221 1010 688 517 293 651 1536 1444 1012 749 498 386 717 1354 0 299 1605 616 1468 1474 510 737 677
1665 355 1595 642 846 517 156 625 1623 622 614 1417 585 640 1620 434 1646 449 1131 521 638 521 527 1711 1620 1133 648 398 134 617 1475 299 0 1781 737 1644 1650 343 636 546
265 1869 252 1359 1115 1891 1743 1970 224 1302 2098 746 2069 1284 305 1496 165 1511 812 2117 1312 1479 1895 193 192 726 1993 1743 1743 1962 980 1605 1781 0 1215 424 161 1856 1981 1921
1196 960 1126 432 377 1039 846 1117 1154 148 1219 851 1190 130 1151 477 1079 462 662 1126 158 576 1043 1145 1053 664 1141 890 824 1109 1006 616 737 1215 0 1078 1083 948 1129 1069
433 1732 265 1222 978 1754 1606 1833 293 1165 1961 365 1932 1147 473 1359 546 1374 723 1980 1175 1342 1758 574 573 637 1856 1606 1606 1825 891 1468 1644 424 1078 0 542 1719 1844 1785
383 1737 370 1227 983 1760 1611 1838 342 1170 1966 727 1937 1152 423 1365 27 1380 931 1985 1181 1348 1764 71 61 844 1862 1611 1612 1830 1098 1474 1650 161 1083 542 0 1725 1850 1790
1876 29 1806 853 1057 415 452 520 1834 833 513 1493 484 851 1831 645 1721 660 1342 420 849 732 426 1786 1695 1344 543 293 430 512 1686 510 343 1856 948 1719 1725 0 531 445
2203 544 2066 1008 1410 350 598 54 2094 1203 257 1617 228 1198 2200 887 1846 902 1711 276 1218 871 354 1911 1820 1713 77 296 598 96 2055 737 636 1981 1129 1844 1850 531 0 380
2079 457 2006 948 1261 83 538 369 2034 1037 495 1558 466 1055 2034 827 1786 842 1546 402 1052 811 93 1852 1760 1547 392 236 538 361 1889 677 546 1921 1069 1785 1790 445 380 0
EOF