NAME : tsp_problem
TYPE : TSP
DIMENSION : 84
EDGE_WEIGHT_TYPE : EXPLICIT
EDGE_WEIGHT_FORMAT : FULL_MATRIX
EDGE_WEIGHT_SECTION
0 705 1575 1619 74 172 510 714 683 340 1400 156 1191 414 383 102 1521 391 1590 148 619 1671 84 506 1603 443 1226 1167 602 628 687 1717 1425 684 686 401 1710 1540 1700 144 392 1726 100 692 522 577 568 600 670 244 156 186 405 665 409 1067 1443 684 276 1725 1235 1510 359 394 507 912 1576 1580 1600 1599 1362 1227 564 409 638 160 458 691 1376 1200 219 1416 924 564
705 0 958 1139 749 714 1054 355 324 796 783 697 574 870 840 644 903 559 1111 690 1199 1053 759 962 986 899 747 550 509 1084 1143 1237 946 1140 327 570 1092 1061 1083 685 849 1108 775 94 1032 483 474 507 1126 496 698 643 861 212 578 528 964 103 855 1108 756 1031 815 563 371 295 1097 1101 1121 1120 883 610 1020 577 1218 701 295 332 759 582 521 937 306 470
1575 958 0 287 1619 1584 1925 1225 1195 1666 368 1567 416 1741 1710 1514 658 1429 482 1560 2097 223 1629 1832 240 1769 800 480 1379 1955 2014 367 643 2011 1197 1440 195 892 270 1555 1719 169 1645 1020 1902 1353 1345 1377 1996 1366 1568 1513 1732 1082 1448 908 660 1029 1753 196 663 403 1685 1433 1242 729 337 341 378 514 580 504 1890 1448 2116 1572 1166 1202 244 513 1392 633 960 1340
1619 1139 287 0 1628 1711 1743 1235 1269 1760 588 1694 637 1682 1701 1641 878 1532 577 1687 1853 490 1585 1810 461 1760 556 701 1335 1916 1975 462 398 1972 1207 1487 321 870 537 1682 1881 436 1568 1153 1755 1309 1300 1305 1958 1571 1695 1718 1684 1287 1495 664 416 1162 1509 463 419 159 1746 1480 1374 879 93 97 133 609 336 725 1797 1537 1872 1699 1370 1212 464 733 1596 389 945 1296
74 749 1619 1628 0 216 519 758 727 383 1444 199 1235 458 427 146 1564 434 1599 192 628 1714 99 549 1647 486 1235 1211 646 672 731 1725 1434 728 730 445 1753 1549 1744 187 436 1769 102 736 531 621 612 617 713 287 200 230 449 708 453 1076 1452 727 284 1769 1244 1519 402 438 551 956 1585 1589 1609 1608 1371 1271 573 453 647 204 501 735 1420 1244 262 1425 967 607
172 714 1584 1711 216 0 602 723 692 348 1408 43 1199 422 392 84 1529 399 1682 77 711 1679 226 514 1612 451 1318 1176 611 636 695 1809 1517 692 694 410 1718 1632 1708 72 401 1734 242 701 584 585 576 609 678 252 85 194 413 673 418 1154 1535 692 368 1734 1327 1602 367 402 516 921 1668 1672 1692 1692 1455 1236 572 417 730 45 466 700 1385 1208 227 1508 932 572
510 1054 1925 1743 519 602 0 921 955 376 1749 586 1540 394 413 532 1870 700 1715 578 348 2020 476 132 1953 472 1351 1516 763 412 470 1841 1550 468 892 655 2021 1665 2049 574 251 2075 460 1042 76 737 728 733 453 593 586 535 395 993 663 1192 1568 1033 283 2074 1360 1635 395 648 801 1261 1701 1705 1725 1724 1487 1577 118 705 367 590 807 898 1726 1549 568 1541 1165 724
714 355 1225 1235 758 723 921 0 157 805 1050 706 841 860 849 653 1171 568 1207 699 1030 1321 762 971 1253 908 843 817 512 1094 1152 1333 1042 1149 53 579 1360 1157 1350 694 858 1376 746 342 933 486 477 482 1135 505 707 652 861 195 587 684 1060 334 686 1375 852 1127 824 572 381 562 1193 1197 1217 1216 979 877 975 587 1049 710 304 48 1026 850 530 1033 574 473
683 324 1195 1269 727 692 955 157 0 774 1019 675 810 849 818 622 1140 537 1241 668 1064 1290 737 940 1223 877 877 786 487 1063 1122 1367 1076 1119 128 548 1329 1191 1319 663 827 1345 753 312 967 461 453 485 1104 474 676 621 840 164 556 718 1094 303 720 1344 886 1161 793 541 350 531 1227 1231 1251 1250 1013 847 998 556 1083 680 274 134 996 819 499 1067 543 448
340 796 1666 1760 383 348 376 805 774 0 1491 332 1282 124 93 278 1612 481 1731 324 558 1762 393 284 1694 153 1367 1258 693 406 465 1858 1566 462 777 492 1801 1681 1791 319 171 1817 410 783 354 668 659 691 448 335 332 277 115 756 500 1208 1584 774 299 1816 1376 1651 118 485 598 1003 1717 1721 1741 1741 1504 1318 342 500 577 336 549 782 1467 1291 310 1557 1015 655
1400 783 368 588 1444 1408 1749 1050 1019 1491 0 1392 241 1565 1535 1339 434 1254 831 1385 1931 463 1454 1657 396 1594 934 305 1204 1779 1838 716 943 1835 1022 1265 502 1087 492 1380 1544 518 1470 844 1727 1178 1169 1202 1821 1191 1393 1337 1556 907 1273 692 961 854 1592 517 943 704 1510 1258 1066 505 638 642 678 863 881 281 1715 1272 1950 1396 990 1027 169 337 1216 934 737 1165
156 697 1567 1694 199 43 586 706 675 332 1392 0 1183 406 375 68 1512 382 1666 60 695 1663 209 497 1595 435 1302 1159 594 620 679 1792 1501 676 678 393 1702 1616 1692 55 384 1717 226 684 568 569 560 592 662 236 68 178 397 656 401 1137 1519 675 351 1717 1311 1585 351 386 499 904 1652 1656 1676 1675 1438 1219 555 401 714 31 449 683 1368 1192 211 1492 916 555
1191 574 416 637 1235 1199 1540 841 810 1282 241 1183 0 1356 1326 1130 531 1045 879 1175 1722 511 1245 1448 444 1385 1030 96 995 1570 1629 764 992 1626 813 1056 550 1136 541 1171 1335 566 1261 635 1518 969 960 993 1612 982 1184 1128 1347 697 1064 788 1009 645 1383 566 1012 752 1301 1049 857 602 687 690 727 911 929 377 1506 1063 1741 1187 781 818 217 128 1007 983 792 956
414 870 1741 1682 458 422 394 860 849 124 1565 406 1356 0 65 353 1686 556 1654 399 503 1836 415 358 1769 125 1289 1332 701 481 540 1780 1489 537 831 566 1875 1604 1865 394 245 1891 398 858 405 676 667 672 523 409 407 351 48 830 575 1130 1506 849 222 1891 1298 1573 110 559 673 1078 1640 1644 1664 1663 1426 1393 416 574 522 410 623 837 1542 1365 384 1480 1089 663
383 840 1710 1701 427 392 413 849 818 93 1535 375 1326 65 0 322 1655 525 1673 368 522 1805 434 328 1738 75 1308 1302 720 450 509 1799 1508 506 821 536 1844 1623 1835 363 214 1860 417 827 398 695 686 691 492 378 376 321 56 799 544 1149 1525 818 241 1860 1317 1592 80 529 642 1047 1659 1663 1683 1682 1445 1362 386 543 541 380 592 826 1511 1335 353 1499 1058 682
102 644 1514 1641 146 84 532 653 622 278 1339 68 1130 353 322 0 1459 329 1612 60 641 1609 156 444 1542 381 1248 1106 541 566 625 1739 1447 622 624 340 1648 1562 1638 55 331 1664 172 631 514 515 506 539 608 182 68 125 343 603 348 1084 1465 622 298 1664 1257 1532 297 333 446 851 1598 1602 1622 1622 1385 1166 502 347 660 72 396 630 1315 1138 157 1438 862 502
1518 900 658 878 1561 1526 1867 1168 1137 1609 434 1509 531 1683 1652 1456 0 1372 1121 1502 2048 753 1571 1774 686 1712 1051 595 1321 1897 1956 1006 1233 1953 1139 1382 792 1365 782 1497 1661 808 1587 962 1845 1296 1287 1319 1939 1308 1510 1455 1674 1024 1391 809 1251 971 1710 808 1060 994 1628 1375 1184 622 928 932 968 1153 1171 398 1832 1390 2067 1514 1108 1145 459 628 1334 1224 854 1282
391 559 1429 1532 434 399 700 568 537 481 1254 382 1045 556 525 329 1375 0 1504 375 809 1525 444 647 1457 584 1139 1021 380 770 829 1630 1339 826 540 118 1564 1454 1554 370 534 1580 460 546 712 354 345 378 811 181 383 328 547 519 126 980 1356 538 465 1579 1148 1423 500 111 285 766 1490 1494 1514 1513 1276 1081 705 32 828 387 312 545 1230 1054 207 1329 778 341
1590 1111 482 577 1599 1682 1715 1207 1241 1731 831 1666 879 1654 1673 1612 1121 1504 0 1658 1824 475 1556 1782 551 1732 407 943 1306 1888 1947 157 726 1944 1179 1459 349 440 522 1654 1852 420 1540 1125 1727 1280 1272 1277 1929 1542 1667 1689 1655 1258 1467 635 744 1134 1480 447 536 692 1718 1452 1346 851 627 631 667 63 664 967 1769 1509 1843 1670 1342 1184 707 976 1568 717 916 1267
148 690 1560 1687 192 77 578 699 668 324 1385 60 1175 399 368 60 1505 375 1658 0 687 1655 202 490 1588 427 1294 1152 587 612 671 1785 1493 668 670 386 1694 1608 1684 48 377 1710 218 677 560 561 552 585 654 228 38 171 389 649 394 1130 1511 668 344 1710 1303 1578 343 379 492 897 1644 1648 1668 1668 1431 1212 548 393 706 64 442 676 1361 1184 203 1484 908 548
619 1199 2097 1853 628 711 348 1030 1064 558 1931 695 1722 503 522 641 2051 809 1824 687 0 2201 585 415 2134 581 1460 1698 872 221 280 1951 1659 277 1002 764 2131 1774 2231 683 433 2214 569 1213 360 846 837 842 263 774 696 717 504 1103 772 1301 1677 1214 392 2241 1469 1744 567 757 910 1443 1810 1814 1834 1833 1597 1758 402 814 33 699 988 1007 1907 1730 749 1650 1274 833
1671 1053 223 490 1714 1679 2020 1321 1290 1762 463 1663 511 1836 1805 1609 753 1525 475 1655 2201 0 1724 1928 112 1865 852 575 1474 2050 2109 360 845 2106 1292 1535 187 714 105 1651 1814 134 1741 1115 1998 1449 1440 1472 2092 1461 1663 1608 1827 1177 1544 1011 863 1124 1863 92 866 606 1781 1528 1337 824 540 544 580 507 783 600 1986 1543 2220 1667 1261 1298 339 608 1487 836 1055 1436
84 759 1629 1585 99 226 476 762 737 393 1454 209 1245 415 434 156 1574 444 1556 202 585 1724 0 543 1657 493 1192 1221 604 649 708 1682 1391 705 733 455 1764 1506 1754 197 446 1779 59 746 488 578 569 574 690 297 210 240 416 718 463 1033 1409 737 241 1779 1201 1476 412 448 561 966 1542 1546 1566 1565 1328 1281 530 463 604 214 511 739 1430 1254 272 1382 977 565
506 962 1832 1810 549 514 132 971 940 284 1657 497 1448 358 328 444 1777 647 1782 490 415 1928 543 0 1860 387 1418 1424 830 351 410 1908 1617 407 943 658 1967 1732 1957 485 159 1982 526 949 109 804 795 800 393 501 498 443 349 921 666 1258 1635 940 350 1982 1427 1701 303 651 764 1169 1768 1772 1792 1791 1554 1484 97 666 434 502 714 948 1633 1457 476 1608 1181 791
1603 986 240 461 1647 1612 1953 1253 1223 1694 396 1595 444 1769 1738 1542 686 1457 551 1588 2134 112 1657 1860 0 1797 927 508 1407 1983 2042 436 816 2039 1225 1468 263 736 141 1583 1747 209 1673 1048 1930 1381 1373 1405 2024 1394 1596 1541 1760 1110 1476 943 833 1057 1795 168 836 576 1713 1461 1270 757 510 514 551 583 753 532 1918 1476 2153 1600 1194 1230 272 541 1419 806 988 1368
443 899 1769 1760 486 451 472 908 877 153 1594 435 1385 125 75 381 1715 584 1732 427 581 1865 493 387 1797 0 1368 1361 780 509 568 1858 1567 565 880 595 1904 1682 1894 422 274 1920 477 886 457 754 745 750 551 438 435 380 116 858 603 1209 1585 877 300 1919 1377 1652 139 588 701 1106 1718 1722 1742 1741 1504 1421 445 603 600 439 652 885 1570 1394 413 1558 1118 741
1226 747 800 556 1235 1318 1351 843 877 1367 934 1302 1030 1289 1308 1248 1051 1139 407 1294 1460 852 1192 1418 927 1368 0 1094 942 1523 1582 534 362 1579 814 1094 726 357 899 1289 1488 797 1175 760 1362 916 907 912 1565 1178 1302 1325 1291 894 1103 271 380 769 1116 824 172 447 1353 1087 981 486 513 517 537 416 300 758 1404 1144 1479 1306 977 820 958 1127 1203 353 552 903
1167 550 480 701 1211 1176 1516 817 786 1258 305 1159 96 1332 1302 1106 595 1021 943 1152 1698 575 1221 1424 508 1361 1094 0 971 1546 1605 828 1056 1602 789 1032 614 1200 605 1147 1311 630 1237 611 1494 945 936 969 1588 958 1160 1105 1323 674 1040 852 1073 621 1359 630 1076 816 1277 1025 833 666 750 754 791 975 993 441 1482 1039 1717 1163 757 794 281 66 983 1047 768 932
602 509 1379 1335 646 611 763 512 487 693 1204 594 995 701 720 541 1324 380 1306 587 872 1474 604 830 1407 780 942 971 0 935 994 1432 1141 991 483 335 1513 1256 1504 582 746 1529 587 496 774 63 67 141 977 393 595 540 703 468 343 783 1159 487 528 1529 951 1226 712 328 165 716 1292 1296 1316 1315 1078 1031 816 398 891 599 250 489 1180 1003 418 1132 727 62
628 1084 1955 1916 672 636 412 1094 1063 406 1779 620 1570 481 450 566 1900 770 1888 612 221 2050 649 351 1983 509 1523 1546 935 0 73 2014 1723 70 1065 780 2089 1838 2079 608 281 2105 632 1072 421 910 901 906 56 623 621 565 472 1044 789 1364 1741 1063 456 2104 1532 1807 425 773 886 1292 1874 1878 1898 1897 1660 1607 409 788 240 624 837 1071 1756 1579 598 1714 1303 897
687 1143 2014 1975 731 695 470 1152 1122 465 1838 679 1629 540 509 625 1959 829 1947 671 280 2109 708 410 2042 568 1582 1605 994 73 0 2073 1782 30 1124 839 2148 1897 2138 667 340 2164 691 1131 480 969 960 965 45 682 679 624 531 1103 848 1423 1799 1122 515 2163 1591 1866 484 832 945 1350 1933 1937 1957 1956 1719 1666 468 847 299 683 896 1129 1815 1638 657 1773 1362 956
1717 1237 367 462 1725 1809 1841 1333 1367 1858 716 1792 764 1780 1799 1739 1006 1630 157 1785 1951 360 1682 1908 436 1858 534 828 1432 2014 2073 0 817 2070 1305 1585 234 567 407 1780 1979 305 1666 1251 1853 1407 1398 1403 2056 1669 1793 1815 1782 1384 1593 762 835 1260 1607 333 663 578 1844 1578 1472 977 512 516 552 189 755 853 1895 1635 1970 1797 1468 1310 592 861 1694 808 1043 1394
1425 946 643 398 1434 1517 1550 1042 1076 1566 943 1501 992 1489 1508 1447 1233 1339 726 1493 1659 845 1391 1617 816 1567 362 1056 1141 1723 1782 817 0 1779 1013 1294 676 676 893 1489 1687 791 1375 960 1562 1115 1107 1112 1764 1377 1502 1524 1490 1093 1302 470 40 969 1315 818 225 289 1553 1287 1180 686 356 360 380 736 80 957 1604 1344 1678 1505 1177 1019 819 1088 1403 25 751 1102
684 1140 2011 1972 728 692 468 1149 1119 462 1835 676 1626 537 506 622 1956 826 1944 668 277 2106 705 407 2039 565 1579 1602 991 70 30 2070 1779 0 1121 836 2145 1894 2135 664 337 2161 688 1128 477 966 957 962 49 679 676 621 528 1100 845 1420 1796 1119 512 2160 1588 1863 481 829 942 1347 1930 1934 1954 1953 1716 1663 465 844 296 680 893 1127 1812 1635 654 1770 1359 953
686 327 1197 1207 730 694 892 53 128 777 1022 678 813 831 821 624 1142 540 1179 670 1002 1292 733 943 1225 880 814 789 483 1065 1124 1305 1013 1121 0 550 1331 1128 1322 666 829 1347 717 314 904 458 449 454 1107 477 678 623 833 167 559 655 1031 305 658 1347 823 1098 796 543 352 534 1165 1168 1188 1188 951 849 946 558 1021 682 276 51 998 821 502 1004 545 445
401 570 1440 1487 445 410 655 579 548 492 1265 393 1056 566 536 340 1385 118 1459 386 764 1535 455 658 1468 595 1094 1032 335 780 839 1585 1294 836 550 0 1574 1409 1565 381 545 1590 471 557 667 309 300 333 822 192 394 339 557 529 52 935 1311 548 420 1590 1103 1378 511 63 240 777 1445 1449 1469 1468 1231 1092 709 136 783 397 321 556 1241 1065 217 1284 788 296
1710 1092 195 321 1753 1718 2021 1360 1329 1801 502 1702 550 1875 1844 1648 792 1564 349 1694 2131 187 1764 1967 263 1904 726 614 1513 2089 2148 234 676 2145 1331 1574 0 759 235 1690 1853 133 1780 1154 2033 1488 1479 1511 2131 1500 1702 1647 1866 1216 1583 942 694 1163 1787 160 697 437 1820 1567 1376 863 371 375 411 381 614 639 2025 1582 2150 1706 1300 1337 378 647 1526 667 1095 1475
1540 1061 892 870 1549 1632 1665 1157 1191 1681 1098 1616 1147 1604 1623 1562 1365 1454 440 1608 1774 725 1506 1732 748 1682 357 1211 1256 1838 1897 567 676 1894 1128 1409 759 0 650 1604 1802 822 1490 1075 1677 1230 1222 1227 1879 1492 1617 1639 1605 1208 1417 585 694 1084 1430 780 486 761 1668 1402 1295 801 827 831 851 449 614 1072 1719 1459 1793 1620 1292 1134 975 1243 1518 667 866 1217
1700 1083 270 537 1744 1708 2049 1350 1319 1791 492 1692 541 1865 1835 1638 782 1554 522 1684 2231 105 1754 1957 141 1894 899 605 1504 2079 2138 407 893 2135 1322 1565 235 639 0 1680 1844 181 1770 1144 2027 1478 1469 1502 2121 1491 1693 1637 1856 1206 1573 1040 910 1154 1892 139 913 653 1810 1558 1366 853 587 591 628 554 830 629 2015 1572 2250 1696 1290 1327 368 637 1516 883 1085 1465
144 685 1555 1682 187 72 574 694 663 319 1380 55 1171 394 363 55 1500 370 1654 48 683 1651 197 485 1583 422 1289 1147 582 608 667 1780 1489 664 666 381 1690 1604 1680 0 372 1705 213 672 555 557 548 580 649 223 45 166 385 644 389 1125 1507 663 339 1705 1298 1573 338 374 487 892 1640 1644 1664 1663 1426 1207 543 389 702 60 437 671 1356 1180 199 1480 903 543
392 849 1719 1881 436 401 251 858 827 171 1544 384 1335 245 214 331 1664 534 1852 377 433 1814 446 159 1747 274 1488 1311 746 281 340 1979 1687 337 829 545 1853 1802 1844 372 0 1869 462 836 229 720 712 744 323 387 385 330 236 808 553 1289 1705 827 420 1869 1497 1772 190 538 651 1056 1838 1842 1862 1861 1625 1371 217 552 452 388 601 835 1520 1343 362 1678 1067 707
1726 1108 169 436 1769 1734 2075 1376 1345 1817 518 1717 566 1891 1860 1664 808 1580 420 1710 2214 134 1779 1982 209 1920 797 630 1529 2105 2164 305 791 2161 1347 1590 133 810 181 1705 1869 0 1795 1170 2053 1504 1495 1527 2147 1516 1718 1663 1882 1232 1599 1025 808 1179 1870 106 811 551 1836 1583 1392 879 485 489 526 452 728 654 2041 1598 2233 1722 1316 1353 394 663 1542 782 1110 1490
100 775 1645 1568 102 242 460 746 753 410 1470 226 1261 398 417 172 1590 460 1540 218 569 1741 59 526 1673 477 1175 1237 587 632 691 1666 1375 688 717 471 1780 1490 1770 213 462 1795 0 762 471 562 553 558 674 313 226 256 400 734 479 1016 1392 753 225 1795 1184 1459 428 464 577 982 1526 1530 1550 1549 1312 1297 513 479 588 230 527 723 1446 1270 289 1366 990 549
692 94 1020 1153 736 701 1042 342 312 783 844 684 635 858 827 631 965 546 1125 677 1213 1115 746 949 1048 886 760 611 496 1072 1131 1251 960 1128 314 557 1154 1075 1144 672 836 1170 762 0 1019 470 462 494 1113 483 685 630 849 199 565 590 977 86 869 1170 769 1044 802 550 359 357 1111 1115 1135 1134 897 672 1007 565 1232 689 283 319 821 644 508 950 368 457
522 1032 1902 1755 531 584 76 933 967 354 1727 568 1518 405 398 514 1848 712 1727 560 360 1998 488 109 1930 457 1362 1494 774 421 480 1853 1562 477 904 667 2033 1677 2027 555 229 2053 471 1019 0 749 740 745 463 571 568 513 407 991 675 1203 1579 1010 295 2052 1371 1646 373 660 813 1239 1713 1717 1737 1736 1499 1554 96 717 379 572 785 910 1703 1527 546 1553 1177 736
577 483 1353 1309 621 585 737 486 461 668 1178 569 969 676 695 515 1299 354 1280 561 846 1449 578 804 1381 754 916 945 63 910 969 1407 1115 966 458 309 1488 1230 1478 557 720 1504 562 470 749 0 41 115 952 368 569 514 677 443 318 757 1133 462 503 1503 925 1200 687 302 140 690 1266 1270 1290 1290 1053 1005 791 373 865 573 224 463 1154 978 393 1106 702 37
568 474 1345 1300 612 576 728 477 453 659 1169 560 960 667 686 506 1290 345 1272 552 837 1440 569 795 1373 745 907 936 67 901 960 1398 1107 957 449 300 1479 1222 1469 548 712 1495 553 462 740 41 0 106 943 359 561 505 668 434 309 748 1124 453 494 1494 916 1191 678 293 131 681 1258 1262 1282 1281 1044 997 782 364 856 564 215 454 1146 969 384 1097 693 28
600 507 1377 1305 617 609 733 482 485 691 1202 592 993 672 691 539 1322 378 1277 585 842 1472 574 800 1405 750 912 969 141 906 965 1403 1112 962 454 333 1511 1227 1502 580 744 1527 558 494 745 115 106 0 948 391 593 538 673 466 341 753 1129 485 499 1527 921 1196 710 326 163 714 1263 1267 1287 1286 1049 1029 787 396 861 597 248 460 1178 1001 416 1102 725 102
670 1126 1996 1958 713 678 453 1135 1104 448 1821 662 1612 523 492 608 1942 811 1929 654 263 2092 690 393 2024 551 1565 1588 977 56 45 2056 1764 49 1107 822 2131 1879 2121 649 323 2147 674 1113 463 952 943 948 0 665 662 607 513 1086 830 1406 1782 1104 498 2146 1574 1849 467 815 928 1333 1915 1919 1939 1939 1702 1648 451 830 282 666 879 1112 1797 1621 640 1755 1345 938
244 496 1366 1571 287 252 593 505 474 335 1191 236 982 409 378 182 1311 181 1542 228 774 1461 297 501 1394 438 1178 958 393 623 682 1669 1377 679 477 192 1500 1492 1491 223 387 1516 313 483 571 368 359 391 665 0 236 181 400 455 200 936 1395 474 439 1516 1187 1462 354 185 298 703 1528 1532 1552 1551 1315 1018 559 199 793 240 248 482 1167 991 60 1368 714 354
156 698 1568 1695 200 85 586 707 676 332 1393 68 1184 407 376 68 1513 383 1667 38 696 1663 210 498 1596 435 1302 1160 595 621 679 1793 1502 676 678 394 1702 1617 1693 45 385 1718 226 685 568 569 561 593 662 236 0 179 397 657 402 1138 1519 676 352 1718 1311 1586 351 387 500 905 1653 1656 1676 1676 1439 1220 556 401 715 73 450 684 1369 1192 211 1492 916 556
186 643 1513 1718 230 194 535 652 621 277 1337 178 1128 351 321 125 1458 328 1689 171 717 1608 240 443 1541 380 1325 1105 540 565 624 1815 1524 621 623 339 1647 1639 1637 166 330 1663 256 630 513 514 505 538 607 181 179 0 342 602 347 1083 1542 621 382 1663 1334 1609 296 331 445 850 1675 1679 1699 1698 1461 1165 501 346 736 182 395 629 1314 1137 156 1515 861 501
405 861 1732 1684 449 413 395 861 840 115 1556 397 1347 48 56 343 1677 547 1655 389 504 1827 416 349 1760 116 1291 1323 703 472 531 1782 1490 528 833 557 1866 1605 1856 385 236 1882 400 849 407 677 668 673 513 400 397 342 0 821 566 1132 1508 840 223 1881 1300 1575 101 550 663 1068 1641 1645 1665 1664 1427 1384 407 565 523 401 614 838 1533 1356 375 1481 1080 664
665 212 1082 1287 708 673 993 195 164 756 907 656 697 830 799 603 1027 519 1258 649 1103 1177 718 921 1110 858 894 674 468 1044 1103 1384 1093 1100 167 529 1216 1208 1206 644 808 1232 734 199 991 443 434 466 1086 455 657 602 821 0 538 652 1111 190 759 1232 903 1178 775 522 331 419 1244 1248 1268 1267 1030 734 979 537 1122 661 255 172 883 706 481 1084 430 429
409 578 1448 1495 453 418 663 587 556 500 1273 401 1064 575 544 348 1394 126 1467 394 772 1544 463 666 1476 603 1103 1040 343 789 848 1593 1302 845 559 52 1583 1417 1573 389 553 1599 479 565 675 318 309 341 830 200 402 347 566 538 0 944 1320 556 429 1598 1112 1387 519 58 248 785 1453 1457 1477 1476 1239 1100 717 145 791 406 329 564 1249 1073 226 1293 797 304
1067 528 908 664 1076 1154 1192 684 718 1208 692 1137 788 1130 1149 1084 809 980 635 1130 1301 1011 1033 1258 943 1209 271 852 783 1364 1423 762 470 1420 655 935 942 585 1040 1125 1289 1025 1016 590 1203 757 748 753 1406 936 1138 1083 1132 652 944 0 488 599 957 1052 280 555 1194 928 812 244 621 625 645 644 408 516 1245 985 1320 1141 735 661 716 885 961 461 393 744
1443 964 660 416 1452 1535 1568 1060 1094 1584 961 1519 1009 1506 1525 1465 1251 1356 744 1511 1677 863 1409 1635 833 1585 380 1073 1159 1741 1799 835 40 1796 1031 1311 694 694 910 1507 1705 808 1392 977 1579 1133 1124 1129 1782 1395 1519 1542 1508 1111 1320 488 0 987 1333 836 243 307 1570 1304 1198 703 373 377 397 753 104 975 1621 1361 1696 1523 1195 1037 837 1106 1420 49 769 1120
684 103 1029 1162 727 692 1033 334 303 774 854 675 645 849 818 622 974 538 1134 668 1214 1124 737 940 1057 877 769 621 487 1063 1122 1260 969 1119 305 548 1163 1084 1154 663 827 1179 753 86 1010 462 453 485 1104 474 676 621 840 190 556 599 987 0 875 1179 778 1053 793 541 350 366 1120 1124 1144 1143 906 681 998 556 1233 680 274 311 830 653 500 960 377 448
276 855 1753 1509 284 368 283 686 720 299 1592 351 1383 222 241 298 1713 465 1480 344 392 1863 241 350 1795 300 1116 1359 528 456 515 1607 1315 512 658 420 1787 1430 1892 339 420 1870 225 869 295 503 494 499 498 439 352 382 223 759 429 957 1333 875 0 1897 1125 1400 286 413 566 1104 1466 1470 1490 1490 1253 1419 337 470 411 356 648 663 1568 1392 414 1306 930 489
1725 1108 196 463 1769 1734 2074 1375 1344 1816 517 1717 566 1891 1860 1664 808 1579 447 1710 2241 92 1779 1982 168 1919 824 630 1529 2104 2163 333 818 2160 1347 1590 160 769 139 1705 1869 106 1795 1170 2052 1503 1494 1527 2146 1516 1718 1663 1881 1232 1598 1052 836 1179 1897 0 838 578 1835 1583 1392 878 513 517 553 479 755 654 2040 1597 2260 1721 1315 1352 394 663 1541 809 1110 1490
1235 756 663 419 1244 1327 1360 852 886 1376 943 1311 1012 1298 1317 1257 1060 1148 536 1303 1469 866 1201 1427 836 1377 172 1076 951 1532 1591 663 225 1588 823 1103 697 486 913 1298 1497 811 1184 769 1371 925 916 921 1574 1187 1311 1334 1300 903 1112 280 243 778 1125 838 0 310 1362 1096 990 495 376 380 400 545 163 767 1413 1153 1488 1315 986 829 840 1109 1212 216 561 912
1510 1031 403 159 1519 1602 1635 1127 1161 1651 704 1585 752 1573 1592 1532 994 1423 692 1578 1744 606 1476 1701 576 1652 447 816 1226 1807 1866 578 289 1863 1098 1378 437 761 653 1573 1772 551 1459 1044 1646 1200 1191 1196 1849 1462 1586 1609 1575 1178 1387 555 307 1053 1400 578 310 0 1637 1371 1265 770 116 120 140 724 227 840 1688 1428 1763 1590 1261 1104 580 849 1487 280 836 1187
359 815 1685 1746 402 367 395 824 793 118 1510 351 1301 110 80 297 1631 500 1718 343 567 1781 412 303 1713 139 1353 1277 712 425 484 1844 1553 481 796 511 1820 1668 1810 338 190 1836 428 802 373 687 678 710 467 354 351 296 101 775 519 1194 1570 793 286 1835 1362 1637 0 504 617 1022 1704 1708 1728 1727 1490 1337 361 519 586 355 568 801 1486 1310 329 1543 1034 674
394 563 1433 1480 438 402 648 572 541 485 1258 386 1049 559 529 333 1378 111 1452 379 757 1528 448 651 1461 588 1087 1025 328 773 832 1578 1287 829 543 63 1567 1402 1558 374 538 1583 464 550 660 302 293 326 815 185 387 331 550 522 58 928 1304 541 413 1583 1096 1371 504 0 233 770 1438 1442 1461 1461 1224 1085 702 129 776 390 314 549 1234 1057 210 1277 781 289
507 371 1242 1374 551 516 801 381 350 598 1066 499 857 673 642 446 1187 285 1346 492 910 1337 561 764 1270 701 981 833 165 886 945 1472 1180 942 352 240 1376 1295 1366 487 651 1392 577 359 813 140 131 163 928 298 500 445 663 331 248 812 1198 350 566 1392 990 1265 617 233 0 579 1332 1335 1355 1355 1118 894 822 303 929 503 108 358 1043 866 323 1171 590 126
912 295 729 879 956 921 1261 562 531 1003 505 904 602 1078 1047 851 622 766 851 897 1443 824 966 1169 757 1106 486 666 716 1292 1350 977 686 1347 534 777 863 801 853 892 1056 879 982 357 1239 690 681 714 1333 703 905 850 1068 419 785 244 703 366 1104 878 495 770 1022 770 579 0 837 841 861 860 623 329 1227 785 1462 908 502 539 530 698 728 676 243 677
1576 1097 337 93 1585 1668 1701 1193 1227 1717 638 1652 687 1640 1659 1598 928 1490 627 1644 1810 540 1542 1768 510 1718 513 750 1292 1874 1933 512 356 1930 1165 1445 371 827 587 1640 1838 485 1526 1111 1713 1266 1258 1263 1915 1528 1653 1675 1641 1244 1453 621 373 1120 1466 513 376 116 1704 1438 1332 837 0 27 91 659 293 775 1755 1495 1829 1656 1328 1170 514 783 1554 347 902 1253
1580 1101 341 97 1589 1672 1705 1197 1231 1721 642 1656 690 1644 1663 1602 932 1494 631 1648 1814 544 1546 1772 514 1722 517 754 1296 1878 1937 516 360 1934 1168 1449 375 831 591 1644 1842 489 1530 1115 1717 1270 1262 1267 1919 1532 1656 1679 1645 1248 1457 625 377 1124 1470 517 380 120 1708 1442 1335 841 27 0 95 663 297 779 1759 1499 1833 1660 1332 1174 518 787 1558 351 906 1257
1600 1121 378 133 1609 1692 1725 1217 1251 1741 678 1676 727 1664 1683 1622 968 1514 667 1668 1834 580 1566 1792 551 1742 537 791 1316 1898 1957 552 380 1954 1188 1469 411 851 628 1664 1862 526 1550 1135 1737 1290 1282 1287 1939 1552 1676 1699 1665 1268 1477 645 397 1144 1490 553 400 140 1728 1461 1355 861 91 95 0 699 317 815 1779 1519 1853 1680 1352 1194 554 823 1578 371 926 1277
1599 1120 514 609 1608 1692 1724 1216 1250 1741 863 1675 911 1663 1682 1622 1153 1513 63 1668 1833 507 1565 1791 583 1741 416 975 1315 1897 1956 189 736 1953 1188 1468 381 449 554 1663 1861 452 1549 1134 1736 1290 1281 1286 1939 1551 1676 1698 1664 1267 1476 644 753 1143 1490 479 545 724 1727 1461 1355 860 659 663 699 0 673 999 1778 1518 1852 1679 1351 1193 739 1008 1577 726 926 1276
1362 883 580 336 1371 1455 1487 979 1013 1504 881 1438 929 1426 1445 1385 1171 1276 664 1431 1597 783 1328 1554 753 1504 300 993 1078 1660 1719 755 80 1716 951 1231 614 614 830 1426 1625 728 1312 897 1499 1053 1044 1049 1702 1315 1439 1461 1427 1030 1239 408 104 906 1253 755 163 227 1490 1224 1118 623 293 297 317 673 0 895 1541 1281 1615 1443 1114 956 757 1026 1340 89 689 1040
1224 607 504 725 1268 1233 1574 874 844 1315 281 1216 377 1390 1359 1163 398 1078 967 1209 1755 600 1278 1481 532 1418 758 441 1028 1604 1663 853 957 1660 846 1089 639 1072 629 1204 1368 654 1294 669 1551 1002 994 1026 1645 1015 1217 1162 1381 731 1097 516 975 678 1416 654 767 840 1334 1082 891 329 775 779 815 999 895 0 1539 1097 1774 1221 815 851 305 474 1040 948 561 989
564 1020 1890 1797 573 572 118 975 998 342 1715 555 1506 416 386 502 1836 705 1769 548 402 1986 530 97 1918 445 1404 1482 816 409 468 1895 1604 465 946 709 2025 1719 2015 543 217 2041 513 1007 96 791 782 787 451 559 556 501 407 979 717 1245 1621 998 337 2040 1413 1688 361 702 822 1227 1755 1759 1779 1778 1541 1542 0 724 421 560 772 952 1691 1515 534 1595 1219 778
409 577 1448 1537 453 417 705 587 556 500 1272 401 1063 574 543 347 1393 32 1509 393 814 1543 463 666 1476 603 1144 1039 398 788 847 1635 1344 844 558 136 1582 1459 1572 389 552 1598 479 565 717 373 364 396 830 199 401 346 565 537 145 985 1361 556 470 1597 1153 1428 519 129 303 785 1495 1499 1519 1518 1281 1100 724 0 833 405 330 564 1249 1072 225 1334 796 359
638 1218 2116 1872 647 730 367 1049 1083 577 1950 714 1741 522 541 660 2070 828 1843 706 33 2220 604 434 2153 600 1479 1717 891 240 299 1970 1678 296 1021 783 2150 1793 2250 702 452 2233 588 1232 379 865 856 861 282 793 715 736 523 1122 791 1320 1696 1233 411 2260 1488 1763 586 776 929 1462 1829 1833 1853 1852 1615 1777 421 833 0 718 1007 1026 1926 1749 768 1669 1293 852
160 701 1572 1699 204 45 590 710 680 336 1396 31 1187 410 380 72 1517 387 1670 64 699 1667 214 502 1600 439 1306 1163 599 624 683 1797 1505 680 682 397 1706 1620 1696 60 388 1722 230 689 572 573 564 597 666 240 73 182 401 661 406 1141 1523 680 356 1721 1315 1590 355 390 503 908 1656 1660 1680 1679 1443 1224 560 405 718 0 454 688 1373 1196 215 1496 920 560
458 295 1166 1370 501 466 807 304 274 549 990 449 781 623 592 396 1111 312 1342 442 988 1261 511 714 1194 652 977 757 250 837 896 1468 1177 893 276 321 1300 1292 1290 437 601 1316 527 283 785 224 215 248 879 248 450 395 614 255 329 735 1195 274 648 1315 986 1261 568 314 108 502 1328 1332 1352 1351 1114 818 772 330 1007 454 0 281 967 790 274 1168 514 211
691 332 1202 1212 735 700 898 48 134 782 1027 683 818 837 826 630 1148 545 1184 676 1007 1298 739 948 1230 885 820 794 489 1071 1129 1310 1019 1127 51 556 1337 1134 1327 671 835 1353 723 319 910 463 454 460 1112 482 684 629 838 172 564 661 1037 311 663 1352 829 1104 801 549 358 539 1170 1174 1194 1193 956 854 952 564 1026 688 281 0 1003 827 507 1010 551 450
1376 759 244 464 1420 1385 1726 1026 996 1467 169 1368 217 1542 1511 1315 459 1230 707 1361 1907 339 1430 1633 272 1570 958 281 1180 1756 1815 592 819 1812 998 1241 378 963 368 1356 1520 394 1446 821 1703 1154 1146 1178 1797 1167 1369 1314 1533 883 1249 716 837 830 1568 394 840 580 1486 1234 1043 530 514 518 554 739 757 305 1691 1249 1926 1373 967 1003 0 314 1192 810 761 1141
1200 582 513 733 1244 1208 1549 850 819 1291 337 1192 128 1365 1335 1138 628 1054 976 1184 1730 608 1254 1457 541 1394 1127 66 1003 1579 1638 861 1088 1635 821 1065 647 1232 637 1180 1343 663 1270 644 1527 978 969 1001 1621 991 1192 1137 1356 706 1073 885 1106 653 1392 663 1109 849 1310 1057 866 698 783 787 823 1008 1026 474 1515 1072 1749 1196 790 827 314 0 1016 1079 801 965
219 521 1392 1596 262 227 568 530 499 310 1216 211 1007 384 353 157 1337 207 1568 203 749 1487 272 476 1419 413 1203 983 418 598 657 1694 1403 654 502 217 1526 1518 1516 199 362 1542 289 508 546 393 384 416 640 60 211 156 375 481 226 961 1420 500 414 1541 1212 1487 329 210 323 728 1554 1558 1578 1577 1340 1043 534 225 768 215 274 507 1192 1016 0 1394 740 380
1416 937 633 389 1425 1508 1541 1033 1067 1557 934 1492 983 1480 1499 1438 1224 1329 717 1484 1650 836 1382 1608 806 1558 353 1047 1132 1714 1773 808 25 1770 1004 1284 667 667 883 1480 1678 782 1366 950 1553 1106 1097 1102 1755 1368 1492 1515 1481 1084 1293 461 49 960 1306 809 216 280 1543 1277 1171 676 347 351 371 726 89 948 1595 1334 1669 1496 1168 1010 810 1079 1394 0 742 1093
924 306 957 945 967 932 1165 574 543 1015 734 916 792 1089 1058 862 851 778 916 908 1274 1053 977 1181 985 1118 552 768 727 1303 1362 1043 751 1359 545 788 1092 866 1082 903 1067 1108 990 368 1177 702 693 725 1345 714 916 861 1080 430 797 393 769 377 930 1107 561 836 1034 781 590 243 902 906 926 926 689 558 1219 796 1293 920 514 551 758 801 740 742 0 688
564 470 1340 1296 607 572 724 473 448 655 1165 555 956 663 682 502 1285 341 1267 548 833 1436 565 791 1368 741 903 932 62 897 956 1394 1102 953 445 296 1475 1217 1465 543 707 1490 549 457 736 37 28 102 938 354 556 501 664 429 304 744 1120 448 489 1490 912 1187 674 289 126 677 1253 1257 1277 1276 1040 992 778 359 852 560 211 450 1141 965 380 1093 688 0
EOF