NAME : tsp_problem
TYPE : TSP
DIMENSION : 70
EDGE_WEIGHT_TYPE : EXPLICIT
EDGE_WEIGHT_FORMAT : FULL_MATRIX
EDGE_WEIGHT_SECTION
0 212 850 977 999 574 1633 1625 1220 1716 928 1357 1121 968 554 1385 1400 1349 1506 1356 762 1456 672 1566 1594 859 950 1477 948 667 546 297 961 862 65 1347 932 57 1015 815 982 1003 846 1733 1017 941 1055 1329 989 985 1419 694 741 706 71 1444 1598 926 1402 1103 965 1399 507 1165 1252 39 1270 1508 1373 981
212 0 949 1076 840 415 1731 1724 1318 1814 769 1456 1219 809 395 1483 1498 1447 1605 1455 860 1554 770 1664 1692 957 1048 1575 1046 766 644 138 1059 900 227 1445 1031 177 855 913 1080 843 686 1831 1115 1039 896 1428 830 1083 1517 792 582 804 233 1542 1696 766 1500 1202 1063 1497 347 1264 1350 201 1368 1606 1471 822
850 949 0 399 602 1099 1168 1160 649 1186 680 585 450 637 1046 817 935 853 734 584 1142 761 1052 794 1129 92 457 1012 143 1047 926 1034 383 624 866 882 392 815 618 1195 404 672 794 1051 552 136 536 839 658 342 954 389 1168 370 871 749 993 677 707 549 387 934 1105 700 637 839 805 1043 829 650
977 1076 399 0 786 1284 1030 1022 576 1112 864 511 376 822 1230 743 797 745 660 510 1268 687 1178 720 991 446 142 873 315 1174 1052 1161 47 808 992 744 76 942 802 1322 57 856 979 978 414 296 721 726 843 92 816 584 1352 554 998 675 919 862 633 476 51 796 1289 562 563 966 667 904 755 834
999 840 602 786 0 546 1705 1698 1036 1573 127 972 837 84 493 1204 1411 1240 1121 971 1091 1148 986 1093 1666 648 844 1554 634 982 1068 742 770 454 1014 1425 779 964 47 1144 791 119 241 1438 939 627 105 1226 105 729 1343 786 615 757 1020 1136 1380 124 1094 936 774 1410 552 1243 1024 987 1348 1471 1216 97
574 415 1099 1284 546 0 2093 2086 1534 2071 476 1469 1335 516 102 1701 1861 1737 1618 1468 822 1646 459 1591 2054 1146 1342 1937 1131 455 541 318 1268 606 589 1807 1276 539 562 875 1289 550 393 1936 1437 1125 603 1723 537 1226 1841 1067 184 1038 595 1634 1877 473 1592 1434 1272 1860 127 1626 1522 563 1730 1968 1713 528
1633 1731 1168 1030 1705 2093 0 21 755 278 1783 768 914 1740 2073 643 479 607 763 770 1924 715 1834 823 56 1176 1003 211 1234 1829 1708 1816 1014 1727 1648 426 985 1598 1721 1977 1035 1775 1898 295 812 1215 1639 588 1762 1037 497 1280 2229 1293 1654 702 460 1781 660 899 1018 478 2026 502 787 1621 411 370 631 1753
1625 1724 1160 1022 1698 2086 21 0 747 271 1776 761 907 1733 2066 636 471 600 756 763 1917 707 1827 816 60 1169 995 203 1226 1822 1701 1809 1006 1720 1640 418 978 1590 1714 1970 1027 1768 1890 288 805 1208 1632 580 1754 1030 490 1273 2222 1286 1646 695 453 1773 653 891 1010 470 2018 495 779 1614 404 363 624 1746
1220 1318 649 576 1036 1534 755 747 0 834 1114 233 241 1072 1480 465 522 471 382 232 1511 410 1421 442 716 696 590 598 565 1417 1295 1403 559 1058 1235 469 568 1185 1052 1564 581 1106 1229 700 331 546 971 451 1093 518 541 834 1602 804 1241 398 641 1112 356 328 563 521 1539 287 92 1208 392 629 477 1084
1716 1814 1186 1112 1573 2071 278 271 834 0 1651 636 910 1608 2017 714 561 690 631 638 2007 659 1917 691 239 1233 1085 293 1102 1912 1791 1899 1096 1595 1731 508 1068 1680 1589 2060 1117 1643 1765 163 895 1083 1507 671 1629 1055 541 1363 2139 1341 1737 647 357 1649 605 981 1100 560 2076 585 822 1704 494 448 714 1621
928 769 680 864 127 476 1783 1776 1114 1651 0 1050 915 96 422 1282 1489 1317 1199 1049 1020 1226 915 1171 1744 726 922 1632 711 911 998 671 848 383 943 1502 856 893 143 1073 869 131 170 1516 1017 705 183 1303 117 807 1421 844 544 815 949 1214 1458 54 1172 1014 852 1488 481 1321 1102 917 1426 1549 1294 109
1357 1456 585 511 972 1469 768 761 233 636 1050 0 309 1007 1416 267 474 303 184 37 1649 211 1559 244 729 631 569 621 500 1554 1432 1541 495 994 1372 491 503 1322 988 1702 516 1041 1164 501 399 482 906 289 1028 453 406 769 1538 740 1378 199 443 1047 157 395 499 473 1475 388 221 1346 414 534 279 1020
1121 1219 450 376 837 1335 914 907 241 910 915 309 0 872 1281 541 682 576 458 308 1412 485 1322 517 875 497 434 758 366 1317 1196 1304 360 859 1136 629 369 1085 853 1465 381 907 1029 775 131 347 771 562 894 319 680 635 1403 605 1141 473 717 913 431 127 364 681 1340 447 229 1109 552 789 553 885
968 809 637 822 84 516 1740 1733 1072 1608 96 1007 872 0 462 1239 1447 1275 1156 1006 1060 1183 956 1128 1701 683 879 1589 669 951 1038 712 806 424 983 1460 814 933 100 1113 827 65 211 1473 975 662 140 1261 60 764 1378 821 584 792 989 1171 1415 94 1129 972 810 1446 521 1278 1059 957 1383 1507 1251 51
554 395 1046 1230 493 102 2073 2066 1480 2017 422 1416 1281 462 0 1648 1841 1683 1565 1415 858 1592 542 1537 2034 1092 1288 1917 1077 537 624 298 1214 553 569 1787 1222 519 509 911 1235 497 340 1882 1383 1071 549 1669 483 1173 1787 1014 237 984 575 1580 1824 420 1538 1380 1218 1840 107 1606 1468 543 1710 1915 1660 475
1385 1483 817 743 1204 1701 643 636 465 714 1282 267 541 1239 1648 0 411 76 262 269 1676 204 1586 322 604 863 755 487 732 1581 1460 1568 727 1226 1400 357 735 1349 1220 1729 748 1273 1396 579 564 714 1138 98 1260 686 429 1001 1770 972 1406 192 521 1279 150 628 731 409 1707 254 453 1373 280 518 68 1252
1400 1498 935 797 1411 1861 479 471 522 561 1489 474 682 1447 1841 411 0 374 470 476 1691 482 1601 529 440 943 770 322 940 1597 1475 1584 781 1433 1415 111 752 1365 1427 1744 802 1481 1604 474 580 921 1346 355 1468 804 112 1048 1977 1060 1421 470 416 1487 428 666 785 86 1793 270 554 1389 179 353 399 1459
1349 1447 853 745 1240 1737 607 600 471 690 1317 303 576 1275 1683 76 374 0 298 304 1640 240 1550 357 568 892 718 451 768 1545 1424 1532 729 1261 1364 321 701 1313 1255 1693 750 1309 1432 615 528 749 1174 62 1296 721 393 996 1805 1007 1370 228 557 1315 186 614 733 373 1741 218 489 1337 244 482 64 1287
1506 1605 734 660 1121 1618 763 756 382 631 1199 184 458 1156 1565 262 470 298 0 186 1798 206 1708 96 724 780 718 616 649 1703 1582 1690 644 1143 1521 486 652 1471 1137 1851 665 1191 1313 496 548 631 1055 284 1177 603 401 918 1687 889 1527 194 438 1196 152 545 648 468 1624 383 370 1495 409 530 274 1169
1356 1455 584 510 971 1468 770 763 232 638 1049 37 308 1006 1415 269 476 304 186 0 1648 213 1558 245 731 630 568 623 499 1553 1432 1540 494 993 1371 493 502 1321 987 1701 515 1041 1163 503 398 481 905 290 1027 453 408 768 1537 739 1377 201 445 1046 159 395 498 475 1474 390 220 1345 416 536 281 1019
762 860 1142 1268 1102 834 1924 1917 1511 2007 1031 1649 1412 1071 870 1676 1691 1640 1798 1648 0 1747 562 1857 1885 1150 1241 1768 1239 557 436 945 1252 1153 777 1638 1224 727 1118 96 1273 1106 949 2024 1308 1232 1158 1621 1093 1276 1710 985 720 997 783 1735 1889 1029 1693 1395 1256 1690 908 1457 1543 750 1561 1799 1664 1084
1456 1554 761 687 1148 1646 715 707 410 659 1226 211 485 1183 1592 204 482 240 206 213 1747 0 1657 266 675 808 745 558 677 1653 1531 1639 671 1170 1471 429 680 1421 1164 1800 692 1218 1341 524 575 658 1082 226 1205 630 429 946 1714 916 1477 42 465 1224 68 572 675 481 1651 326 397 1445 352 557 216 1196
672 770 1052 1178 986 459 1834 1827 1421 1917 915 1559 1322 956 542 1586 1601 1550 1708 1558 562 1657 0 1767 1795 1060 1151 1678 1149 55 158 684 1162 1046 687 1548 1134 637 1002 615 1183 990 833 1934 1218 1142 1043 1531 977 1186 1620 895 471 907 693 1645 1799 913 1603 1305 1166 1600 457 1367 1453 660 1471 1709 1574 968
1566 1664 794 720 1093 1591 823 816 442 691 1171 244 517 1128 1537 322 529 357 96 245 1857 266 1767 0 784 840 777 675 709 1763 1641 1749 704 1202 1581 546 712 1531 1109 1910 725 1163 1285 556 607 690 1027 343 1149 662 461 978 1659 948 1587 254 498 1169 212 604 708 528 1596 443 430 1555 469 589 334 1141
1594 1692 1129 991 1666 2054 56 60 716 239 1744 729 875 1701 2034 604 440 568 724 731 1885 675 1795 784 0 1137 964 172 1195 1790 1669 1777 974 1688 1609 386 946 1559 1682 1938 996 1736 1858 256 773 1176 1600 549 1723 998 458 1241 2190 1254 1615 663 421 1742 621 859 979 439 1986 463 748 1582 372 331 592 1714
859 957 92 446 648 1146 1176 1169 696 1233 726 631 497 683 1092 863 943 892 780 630 1150 808 1060 840 1137 0 493 1020 189 1055 934 1042 430 670 874 890 438 823 664 1203 451 718 841 1098 560 183 583 873 705 388 962 398 1214 410 880 796 1039 724 754 596 434 942 1151 709 684 847 813 1051 875 696
950 1048 457 142 844 1342 1003 995 590 1085 922 569 434 879 1288 755 770 718 718 568 1241 745 1151 777 964 493 0 846 372 1147 1025 1134 126 866 965 717 97 915 860 1295 147 914 1036 1035 387 354 778 699 900 149 789 598 1410 610 971 733 968 919 691 473 130 769 1343 535 621 939 640 877 743 892
1477 1575 1012 873 1554 1937 211 203 598 293 1632 621 758 1589 1917 487 322 451 616 623 1768 558 1678 675 172 1020 846 0 1083 1673 1552 1660 857 1576 1492 269 829 1441 1570 1821 878 1624 1746 311 656 1064 1488 432 1610 881 341 1124 2073 1137 1498 546 304 1630 504 742 861 321 1869 346 631 1465 255 214 475 1602
948 1046 143 315 634 1131 1234 1226 565 1102 711 500 366 669 1077 732 940 768 649 499 1239 677 1149 709 1195 189 372 1083 0 1144 1023 1131 299 655 963 953 307 913 649 1292 320 703 826 967 468 59 568 754 690 257 872 431 1199 402 969 665 908 709 623 465 303 939 1137 771 552 936 876 1000 744 681
667 766 1047 1174 982 455 1829 1822 1417 1912 911 1554 1317 951 537 1581 1597 1545 1703 1553 557 1653 55 1763 1790 1055 1147 1673 1144 0 153 680 1158 1042 682 1544 1129 632 998 610 1179 986 829 1929 1214 1138 1038 1526 972 1181 1616 890 466 903 688 1641 1794 908 1599 1300 1162 1596 452 1362 1449 656 1467 1704 1569 964
546 644 926 1052 1068 541 1708 1701 1295 1791 998 1432 1196 1038 624 1460 1475 1424 1582 1432 436 1531 158 1641 1669 934 1025 1552 1023 153 0 729 1036 937 561 1422 1008 511 1084 489 1057 1072 915 1808 1092 1016 1125 1404 1059 1060 1494 769 553 781 567 1519 1673 995 1477 1178 1040 1474 539 1240 1327 534 1345 1583 1448 1050
297 138 1034 1161 742 318 1816 1809 1403 1899 671 1541 1304 712 298 1568 1584 1532 1690 1540 945 1639 684 1749 1777 1042 1134 1660 1131 680 729 0 1144 802 312 1530 1116 262 758 998 1166 746 589 1916 1200 1124 798 1513 733 1168 1602 877 485 889 318 1627 1781 669 1585 1287 1148 1582 250 1349 1435 286 1453 1691 1556 724
961 1059 383 47 770 1268 1014 1006 559 1096 848 495 360 806 1214 727 781 729 644 494 1252 671 1162 704 974 430 126 857 299 1158 1036 1144 0 792 976 728 60 926 786 1305 52 840 963 961 398 280 705 710 827 75 800 568 1336 538 982 659 903 846 617 459 35 780 1273 546 547 950 651 888 739 818
862 900 621 805 454 606 1724 1717 1055 1592 383 991 856 424 553 1223 1430 1258 1140 990 1151 1167 1046 1199 1685 667 863 1573 652 1042 937 802 789 0 877 1443 797 827 470 1204 810 458 281 1457 958 646 510 1244 445 748 1362 540 675 511 883 1155 1399 381 1113 955 793 1429 612 1262 1043 850 1366 1490 1235 436
65 227 866 992 1014 589 1648 1640 1235 1731 943 1372 1136 983 569 1400 1415 1364 1521 1371 777 1471 687 1581 1609 874 965 1492 963 682 561 312 976 877 0 1362 948 72 1030 830 997 1018 861 1748 1032 956 1070 1344 1005 1000 1434 709 756 721 72 1459 1613 941 1417 1118 980 1414 522 1180 1267 54 1285 1523 1388 996
1347 1445 882 744 1425 1807 426 418 469 508 1502 491 629 1460 1787 357 111 321 486 493 1638 429 1548 546 386 890 717 269 953 1544 1422 1530 728 1446 1362 0 699 1312 1440 1691 749 1494 1617 491 527 934 1359 302 1481 751 129 995 1943 1007 1368 417 390 1500 375 613 732 110 1740 216 501 1336 125 300 345 1472
932 1031 392 76 779 1276 985 978 568 1068 856 503 369 814 1222 735 752 701 652 502 1224 680 1134 712 946 438 97 829 307 1129 1008 1116 60 800 948 699 0 897 794 1277 81 848 971 970 369 288 713 681 835 84 771 576 1344 547 953 668 911 854 626 455 64 751 1282 517 556 921 622 860 725 826
57 177 815 942 964 539 1598 1590 1185 1680 893 1322 1085 933 519 1349 1365 1313 1471 1321 727 1421 637 1531 1559 823 915 1441 913 632 511 262 926 827 72 1312 897 0 980 780 947 968 811 1697 982 906 1020 1294 954 949 1384 658 706 671 78 1409 1562 891 1367 1068 930 1364 472 1130 1217 45 1235 1472 1338 946
1015 855 618 802 47 562 1721 1714 1052 1589 143 988 853 100 509 1220 1427 1255 1137 987 1107 1164 1002 1109 1682 664 860 1570 649 998 1084 758 786 470 1030 1440 794 980 0 1160 807 134 257 1454 955 643 121 1241 121 745 1359 802 631 773 1036 1152 1396 140 1110 952 790 1426 568 1259 1040 1003 1364 1487 1232 113
815 913 1195 1322 1155 887 1977 1970 1564 2060 1084 1702 1465 1124 923 1729 1744 1693 1851 1701 96 1800 615 1910 1938 1203 1295 1821 1292 610 489 998 1305 1206 830 1691 1277 780 1171 0 1326 1159 1002 2077 1361 1285 1211 1674 1146 1329 1763 1038 773 1050 836 1788 1942 1082 1746 1448 1309 1743 961 1510 1596 804 1614 1852 1717 1137
982 1080 404 57 791 1289 1035 1027 581 1117 869 516 381 827 1235 748 802 750 665 515 1273 692 1183 725 996 451 147 878 320 1179 1057 1166 52 813 997 749 81 947 807 1326 0 861 984 983 419 301 726 731 848 97 821 589 1357 559 1003 680 924 867 638 481 56 801 1294 567 568 971 672 909 760 839
1003 843 672 856 119 550 1775 1768 1106 1643 131 1041 907 65 497 1273 1481 1309 1191 1041 1095 1218 990 1163 1736 718 914 1624 703 986 1072 746 840 458 1018 1494 848 968 134 1148 861 0 245 1508 1009 697 175 1295 50 799 1413 856 619 826 1024 1206 1450 128 1164 1006 844 1480 556 1313 1094 991 1417 1541 1285 59
846 686 794 979 241 393 1898 1890 1229 1765 170 1164 1029 211 340 1396 1604 1432 1313 1163 938 1341 833 1285 1858 841 1036 1746 826 829 915 589 963 281 861 1617 971 811 257 991 984 245 0 1631 1132 819 297 1418 232 921 1536 742 462 712 867 1328 1572 168 1286 1129 967 1603 399 1435 1216 834 1540 1664 1408 223
1733 1831 1051 978 1438 1936 295 288 700 163 1516 501 775 1473 1882 579 474 615 496 503 2024 524 1934 556 256 1098 1035 311 967 1929 1808 1916 961 1460 1748 491 970 1697 1454 2077 983 1508 1631 0 865 948 1373 601 1495 920 406 1236 2004 1206 1754 512 222 1514 470 862 965 473 1941 602 687 1721 511 313 591 1486
1017 1115 552 414 939 1437 812 805 331 895 1017 399 131 975 1383 564 580 528 548 398 1308 575 1218 607 773 560 387 656 468 1214 1092 1200 398 961 1032 527 369 982 955 1361 419 1009 1132 865 0 449 874 509 996 421 598 665 1505 677 1038 563 777 1015 521 113 402 579 1410 345 319 1006 450 687 552 987
941 1039 136 296 627 1125 1215 1208 546 1083 705 482 347 662 1071 714 921 749 631 481 1232 658 1142 690 1176 183 354 1064 59 1138 1016 1124 280 649 956 934 288 906 643 1285 301 697 819 948 449 0 561 735 683 239 853 424 1193 395 962 646 890 702 604 446 284 920 1130 753 534 930 857 981 726 675
1055 896 536 721 105 603 1639 1632 971 1507 183 906 771 140 549 1138 1346 1174 1055 905 1147 1082 1043 1027 1600 583 778 1488 568 1038 1125 798 705 510 1070 1359 713 1020 121 1200 726 175 297 1373 874 561 0 1160 162 663 1278 720 671 691 1076 1070 1314 181 1028 871 709 1345 608 1177 958 1044 1282 1406 1150 153
1329 1428 839 726 1226 1723 588 580 451 671 1303 289 562 1261 1669 98 355 62 284 290 1621 226 1531 343 549 873 699 432 754 1526 1404 1513 710 1247 1344 302 681 1294 1241 1674 731 1295 1418 601 509 735 1160 0 1282 707 374 977 1791 990 1350 214 543 1301 172 595 714 354 1722 199 475 1318 225 463 86 1273
989 830 658 843 105 537 1762 1754 1093 1629 117 1028 894 60 483 1260 1468 1296 1177 1027 1081 1205 977 1149 1723 705 900 1610 690 972 1059 733 827 445 1005 1481 835 954 121 1134 848 50 232 1495 996 683 162 1282 0 785 1400 843 605 813 1010 1192 1436 115 1151 993 831 1467 542 1299 1080 978 1404 1528 1272 72
985 1083 342 92 729 1226 1037 1030 518 1055 807 453 319 764 1173 686 804 721 603 453 1276 630 1186 662 998 388 149 881 257 1181 1060 1168 75 751 1000 751 84 949 745 1329 97 799 921 920 421 239 663 707 785 0 823 526 1295 497 1006 618 862 804 576 418 79 803 1232 570 506 973 674 912 697 777
1419 1517 954 816 1343 1841 497 490 541 541 1421 406 680 1378 1787 429 112 393 401 408 1710 429 1620 461 458 962 789 341 872 1616 1494 1602 800 1365 1434 129 771 1384 1359 1763 821 1413 1536 406 598 853 1278 374 1400 823 0 1067 1909 1079 1440 417 348 1419 375 685 804 111 1812 288 573 1407 197 372 417 1391
694 792 389 584 786 1065 1280 1273 834 1363 842 769 635 821 1011 1001 1048 996 918 768 985 946 895 978 1241 398 598 1124 431 890 769 877 568 537 709 995 576 658 802 1038 589 856 739 1236 665 424 720 977 843 526 1067 0 1133 90 715 933 1177 839 891 734 572 1047 1070 813 821 682 918 1155 1013 834
741 582 1168 1352 615 184 2229 2222 1602 2139 544 1538 1403 584 237 1770 1977 1805 1687 1537 709 1714 471 1659 2190 1214 1410 2073 1199 466 553 485 1336 675 756 1943 1344 706 631 762 1357 619 462 2004 1505 1193 671 1791 605 1295 1909 1136 0 1106 762 1702 1946 542 1660 1502 1340 1976 258 1761 1590 730 1866 2037 1782 597
706 804 370 554 757 1035 1293 1286 804 1341 812 740 605 792 982 972 1060 1007 889 739 997 916 907 948 1254 410 610 1137 402 903 781 889 538 508 721 1007 547 671 773 1050 559 826 710 1206 677 395 691 990 813 497 1079 90 1103 0 727 904 1148 810 862 704 542 1059 1041 826 792 695 930 1168 984 805
71 233 871 998 1020 595 1654 1646 1241 1737 949 1378 1141 989 575 1406 1421 1370 1527 1377 783 1477 693 1587 1615 880 971 1498 969 688 567 318 982 883 72 1368 953 78 1036 836 1003 1024 867 1754 1038 962 1076 1350 1010 1006 1440 715 762 727 0 1465 1619 947 1423 1124 986 1420 528 1186 1273 60 1291 1529 1394 1002
1444 1542 749 675 1136 1634 702 695 398 647 1214 199 473 1171 1580 192 470 228 194 201 1735 42 1645 254 663 796 733 546 665 1641 1519 1627 659 1158 1459 417 668 1409 1152 1788 680 1206 1328 512 563 646 1070 214 1192 618 417 933 1702 904 1465 0 453 1212 56 560 663 469 1639 313 385 1433 340 545 204 1184
1598 1696 993 919 1380 1877 460 453 641 357 1458 443 717 1415 1824 521 416 557 438 445 1889 465 1799 498 421 1039 968 304 908 1794 1673 1781 903 1402 1613 390 911 1562 1396 1942 924 1450 1572 222 777 890 1314 543 1436 862 348 1177 1946 1148 1619 453 0 1455 411 804 907 415 1883 467 629 1586 376 124 533 1428
926 766 677 862 124 473 1781 1773 1112 1649 54 1047 913 94 420 1279 1487 1315 1196 1046 1018 1224 913 1169 1742 724 919 1630 709 908 995 669 846 381 941 1500 854 891 140 1071 867 128 168 1514 1015 702 181 1301 115 804 1419 842 542 813 947 1212 1455 0 1170 1012 850 1486 479 1318 1100 914 1423 1547 1291 106
1402 1500 707 633 1094 1592 660 653 356 605 1172 157 431 1129 1538 150 428 186 152 159 1693 68 1603 212 621 754 691 504 623 1599 1477 1585 617 1116 1417 375 626 1367 1110 1746 638 1164 1286 470 521 604 1028 172 1151 576 375 891 1660 862 1423 56 411 1170 0 518 621 427 1597 271 343 1391 298 503 162 1142
1103 1202 549 476 936 1434 899 891 328 981 1014 395 127 972 1380 628 666 614 545 395 1395 572 1305 604 859 596 473 742 465 1300 1178 1287 459 958 1118 613 455 1068 952 1448 481 1006 1129 862 113 446 871 595 993 418 685 734 1502 704 1124 560 804 1012 518 0 463 665 1439 431 316 1092 536 773 638 984
965 1063 387 51 774 1272 1018 1010 563 1100 852 499 364 810 1218 731 785 733 648 498 1256 675 1166 708 979 434 130 861 303 1162 1040 1148 35 796 980 732 64 930 790 1309 56 844 967 965 402 284 709 714 831 79 804 572 1340 542 986 663 907 850 621 463 0 784 1277 550 551 954 655 892 743 822
1399 1497 934 796 1410 1860 478 470 521 560 1488 473 681 1446 1840 409 86 373 468 475 1690 481 1600 528 439 942 769 321 939 1596 1474 1582 780 1432 1414 110 751 1364 1426 1743 801 1480 1603 473 579 920 1345 354 1467 803 111 1047 1976 1059 1420 469 415 1486 427 665 784 0 1792 269 553 1388 178 352 398 1458
507 347 1105 1289 552 127 2026 2018 1539 2076 481 1475 1340 521 107 1707 1793 1741 1624 1474 896 1651 457 1596 1986 1151 1343 1869 1137 452 539 250 1273 612 522 1740 1282 472 568 949 1294 556 399 1941 1410 1130 608 1722 542 1232 1812 1073 258 1043 528 1639 1883 479 1597 1439 1277 1792 0 1558 1527 495 1663 1900 1719 534
1165 1264 700 562 1243 1626 502 495 287 585 1321 388 447 1278 1606 254 270 218 383 390 1457 326 1367 443 463 709 535 346 771 1362 1240 1349 546 1265 1180 216 517 1130 1259 1510 567 1313 1435 602 345 753 1177 199 1299 570 288 813 1761 826 1186 313 467 1318 271 431 550 269 1558 0 319 1154 140 377 242 1291
1252 1350 637 563 1024 1522 787 779 92 822 1102 221 229 1059 1468 453 554 489 370 220 1543 397 1453 430 748 684 621 631 552 1449 1327 1435 547 1046 1267 501 556 1217 1040 1596 568 1094 1216 687 319 534 958 475 1080 506 573 821 1590 792 1273 385 629 1100 343 316 551 553 1527 319 0 1240 424 662 465 1072
39 201 839 966 987 563 1621 1614 1208 1704 917 1346 1109 957 543 1373 1389 1337 1495 1345 750 1445 660 1555 1582 847 939 1465 936 656 534 286 950 850 54 1336 921 45 1003 804 971 991 834 1721 1006 930 1044 1318 978 973 1407 682 730 695 60 1433 1586 914 1391 1092 954 1388 495 1154 1240 0 1259 1496 1361 969
1270 1368 805 667 1348 1730 411 404 392 494 1426 414 552 1383 1710 280 179 244 409 416 1561 352 1471 469 372 813 640 255 876 1467 1345 1453 651 1370 1285 125 622 1235 1364 1614 672 1417 1540 511 450 857 1282 225 1404 674 197 918 1866 930 1291 340 376 1423 298 536 655 178 1663 140 424 1259 0 286 268 1396
1508 1606 1043 904 1471 1968 370 363 629 448 1549 534 789 1507 1915 518 353 482 530 536 1799 557 1709 589 331 1051 877 214 1000 1704 1583 1691 888 1493 1523 300 860 1472 1487 1852 909 1541 1664 313 687 981 1406 463 1528 912 372 1155 2037 1168 1529 545 124 1547 503 773 892 352 1900 377 662 1496 286 0 506 1519
1373 1471 829 755 1216 1713 631 624 477 714 1294 279 553 1251 1660 68 399 64 274 281 1664 216 1574 334 592 875 743 475 744 1569 1448 1556 739 1238 1388 345 725 1338 1232 1717 760 1285 1408 591 552 726 1150 86 1272 697 417 1013 1782 984 1394 204 533 1291 162 638 743 398 1719 242 465 1361 268 506 0 1264
981 822 650 834 97 528 1753 1746 1084 1621 109 1020 885 51 475 1252 1459 1287 1169 1019 1073 1196 968 1141 1714 696 892 1602 681 964 1050 724 818 436 996 1472 826 946 113 1126 839 59 223 1486 987 675 153 1273 72 777 1391 834 597 805 1002 1184 1428 106 1142 984 822 1458 534 1291 1072 969 1396 1519 1264 0
EOF