NAME : tsp_problem
TYPE : TSP
DIMENSION : 22
EDGE_WEIGHT_TYPE : EXPLICIT
EDGE_WEIGHT_FORMAT : FULL_MATRIX
EDGE_WEIGHT_SECTION
0 1241 1198 1380 907 1013 1257 1008 743 1358 928 713 857 587 1219 1016 1023 330 1031 105 342 1344
1241 0 146 318 1762 759 75 1863 1611 338 825 1734 1712 1473 563 1871 1878 1427 1886 1250 1158 353
1198 146 0 385 1719 716 162 1820 1568 405 892 1691 1669 1430 520 1828 1835 1384 1843 1207 1115 421
1380 318 385 0 1983 622 283 2083 1786 95 530 1756 1921 1630 802 2091 2099 1373 2106 1325 1127 110
907 1762 1719 1983 0 1535 1779 339 484 1960 1640 606 405 622 1740 347 355 831 362 917 1054 2037
1013 759 716 622 1535 0 775 1636 1384 600 922 1506 1485 1246 737 1643 1651 1200 1658 1023 931 683
1257 75 162 283 1779 775 0 1879 1628 303 790 1750 1729 1490 580 1887 1895 1444 1902 1267 1175 318
1008 1863 1820 2083 339 1636 1879 0 585 2061 1813 707 506 723 1841 65 58 932 88 1017 1190 2138
743 1611 1568 1786 484 1384 1628 585 0 1764 1334 219 434 465 1590 592 600 531 608 688 747 1749
1358 338 405 95 1960 600 303 2061 1764 0 507 1734 1898 1607 823 2068 2076 1350 2083 1302 1104 130
925 825 892 530 1637 922 790 1810 1331 507 0 1301 1465 1174 1024 1818 1826 917 1833 869 671 493
713 1734 1691 1756 606 1506 1750 707 219 1734 1304 0 438 435 1712 715 722 501 730 658 718 1719
857 1712 1669 1921 405 1485 1729 506 434 1898 1468 438 0 572 1691 513 521 665 528 822 882 1884
587 1473 1430 1630 622 1246 1490 723 465 1607 1177 435 572 0 1452 731 738 292 746 531 591 1593
1219 563 520 802 1740 737 580 1841 1590 823 1035 1712 1691 1452 0 1849 1857 1405 1864 1228 1136 797
1016 1871 1828 2091 347 1643 1887 65 592 2068 1821 715 513 731 1849 0 51 940 89 1025 1198 2146
1023 1878 1835 2099 355 1651 1895 58 600 2076 1829 722 521 738 1857 51 0 948 82 1033 1206 2153
330 1427 1384 1373 831 1200 1444 932 531 1350 920 501 665 292 1405 940 948 0 955 274 334 1336
1031 1886 1843 2106 362 1658 1902 88 608 2083 1836 730 528 746 1864 89 82 955 0 1040 1213 2161
105 1250 1207 1325 917 1023 1267 1017 688 1302 872 658 822 531 1228 1025 1033 274 1040 0 286 1288
342 1158 1115 1127 1054 931 1175 1190 747 1104 674 718 882 591 1136 1198 1206 334 1213 286 0 1090
1344 353 421 110 2037 683 318 2138 1749 130 493 1719 1884 1593 786 2146 2153 1336 2161 1288 1090 0
EOF