NAME : tsp_problem
TYPE : TSP
DIMENSION : 52
EDGE_WEIGHT_TYPE : EXPLICIT
EDGE_WEIGHT_FORMAT : FULL_MATRIX
EDGE_WEIGHT_SECTION
0 1010 596 1751 1041 1537 1169 1407 496 555 1711 1634 887 1863 1502 234 53 1133 1432 1057 1075 1733 1486 1092 1501 834 1677 237 1201 731 433 765 1162 1205 738 1158 551 736 1847 1397 1713 391 684 820 1601 1497 370 1841 1127 1137 1427 498
1010 0 754 2064 968 1789 1154 1363 614 820 2024 1869 772 1961 1594 1186 1002 1118 1598 984 1001 1796 1610 1226 1559 695 1532 1189 1349 518 797 1378 1035 1353 1175 1313 816 1173 1819 1410 1795 755 402 889 1534 1586 1049 1939 1176 1121 1384 935
596 754 0 2193 1096 1918 1283 1492 170 120 2153 1998 949 2090 1723 772 588 1247 1727 1113 1130 1925 1739 1355 1687 872 1661 775 1478 474 180 753 1164 1482 502 1442 115 501 1948 1539 1924 222 427 1066 1663 1715 908 2068 1305 1250 1513 263
1751 2067 2193 0 1209 466 1072 792 2053 2217 86 347 1325 276 611 1603 1747 1036 540 1200 1199 446 595 994 610 1467 785 1606 846 1760 2126 1777 1065 850 1805 804 2213 1844 260 782 426 2084 1893 1258 710 606 1448 254 1029 1040 812 2052
1041 971 1096 1209 0 941 306 516 957 1163 1169 1022 298 1114 746 893 1037 270 750 58 57 948 762 378 711 371 684 896 501 664 1140 1068 187 505 1096 466 1159 1135 972 562 947 1098 797 384 686 738 739 1091 329 274 536 1278
1537 1792 1918 466 941 0 859 578 1778 1985 426 350 1111 579 397 1390 1533 823 327 925 925 449 382 781 396 1193 510 1392 633 1486 1913 1564 850 637 1592 590 1980 1631 485 569 429 1871 1618 1044 497 392 1235 557 816 826 599 1839
1169 1157 1283 1072 306 859 0 522 1143 1350 1032 955 484 1120 752 1021 1165 52 753 290 289 954 768 207 717 557 690 1024 507 850 1326 1196 129 511 1224 471 1345 1263 977 568 953 1284 983 570 692 744 867 1097 158 49 542 1464
1407 1366 1492 792 516 578 522 0 1353 1559 752 675 694 801 434 1259 1402 485 438 500 499 636 450 593 398 767 372 1261 375 1060 1536 1433 425 379 1461 339 1555 1500 659 112 635 1494 1192 779 374 426 1104 779 544 489 63 1674
496 614 170 2053 957 1778 1143 1353 0 278 2013 1859 810 1951 1583 672 488 1107 1587 973 991 1785 1599 1215 1548 733 1521 675 1339 335 283 806 1024 1342 661 1303 274 659 1809 1399 1784 241 288 927 1523 1575 809 1928 1166 1111 1373 421
555 820 120 2217 1163 1985 1350 1559 278 0 2177 2065 1016 2157 1789 731 547 1313 1794 1179 1197 1992 1805 1421 1754 939 1728 734 1545 541 139 810 1231 1549 462 1509 22 460 2015 1605 1990 181 494 1133 1730 1781 868 2135 1372 1317 1580 222
1711 2027 2153 86 1169 426 1032 752 2013 2177 0 307 1285 236 571 1563 1707 996 501 1160 1159 406 555 954 570 1427 745 1566 806 1720 2086 1737 1025 810 1765 764 2173 1804 220 742 386 2045 1853 1218 670 566 1408 214 990 1000 772 2013
1634 1872 1998 347 1022 350 955 675 1859 2065 307 0 1200 460 494 1486 1630 919 424 1005 1005 150 479 878 493 1273 590 1489 730 1566 2010 1661 931 734 1689 687 2061 1728 344 666 130 1968 1698 1141 592 489 1332 437 913 923 696 1936
887 769 946 1325 298 1111 484 694 807 1013 1285 1200 0 1292 924 739 883 448 929 314 332 1127 940 556 889 170 863 742 680 711 990 914 366 684 942 644 1009 981 1150 740 1125 948 595 131 865 916 585 1270 507 452 715 1128
1863 1964 2090 276 1114 579 1120 801 1951 2157 236 460 1292 0 723 1715 1859 1083 653 1097 1097 412 708 1107 709 1365 682 1718 959 1658 2134 1890 1023 963 1918 916 2153 1957 158 848 411 2092 1790 1370 684 718 1561 64 1142 1087 822 2165
1502 1597 1723 611 746 397 752 434 1583 1789 571 494 924 723 0 1354 1498 716 136 730 729 579 63 745 94 997 315 1357 597 1290 1766 1529 655 601 1556 555 1785 1595 602 480 573 1724 1423 1009 232 115 1200 701 774 720 454 1804
234 1186 772 1603 893 1390 1021 1259 672 731 1563 1486 739 1715 1354 0 230 985 1284 910 927 1585 1338 944 1353 686 1529 67 1053 907 609 617 1014 1057 645 1010 727 684 1699 1249 1565 567 860 672 1454 1349 222 1693 979 989 1279 675
53 1002 588 1747 1037 1533 1165 1402 488 547 1707 1630 883 1859 1498 230 0 1129 1428 1053 1071 1729 1482 1087 1497 830 1673 233 1196 723 425 761 1158 1200 730 1154 543 728 1843 1393 1709 383 676 816 1597 1493 366 1837 1123 1133 1423 490
1133 1121 1247 1036 270 823 52 485 1107 1313 996 919 448 1083 716 985 1129 0 717 254 253 918 732 171 681 521 654 988 471 814 1290 1160 93 475 1187 435 1309 1226 941 532 917 1248 947 534 656 708 831 1061 122 46 506 1428
1432 1601 1727 540 750 327 753 438 1587 1794 501 424 929 653 136 1284 1428 717 0 734 733 523 121 675 135 1002 319 1287 527 1295 1770 1458 659 531 1486 485 1789 1525 606 463 503 1728 1427 939 236 131 1129 631 710 720 458 1733
1057 987 1113 1200 58 925 290 500 973 1179 1160 1005 314 1097 730 910 1053 254 734 0 41 932 746 362 695 387 668 912 485 680 1156 1084 171 489 1112 449 1175 1151 955 546 931 1114 813 400 670 722 755 1075 312 258 520 1294
1075 1004 1130 1199 57 925 289 499 991 1197 1159 1005 332 1097 729 927 1071 253 733 41 0 931 745 361 694 405 668 930 485 698 1173 1101 171 489 1129 449 1193 1168 955 545 930 1132 830 417 669 721 772 1075 312 257 519 1312
1733 1799 1925 446 948 449 954 636 1785 1992 406 150 1127 412 579 1585 1729 918 523 932 931 0 577 977 543 1200 517 1588 828 1493 1968 1760 857 832 1787 786 1987 1826 270 682 75 1926 1625 1212 519 570 1431 390 976 922 657 2035
1486 1613 1739 595 762 382 768 450 1599 1805 555 479 940 708 63 1338 1482 732 121 746 745 577 0 730 103 1013 330 1341 582 1306 1782 1513 671 586 1541 539 1801 1580 618 496 557 1740 1439 993 247 99 1184 685 765 735 470 1788
1092 1229 1355 994 378 781 207 593 1215 1421 954 878 556 1107 745 944 1087 171 675 362 361 977 730 0 745 629 762 946 444 922 1398 1118 200 448 1146 402 1417 1185 1049 640 957 1356 1055 598 764 740 789 1085 165 175 614 1393
1501 1562 1687 610 711 396 717 398 1548 1754 570 493 889 709 94 1353 1497 681 135 695 694 543 103 745 0 962 279 1356 596 1255 1731 1528 620 600 1555 554 1750 1594 567 445 542 1689 1388 975 196 85 1199 686 739 684 419 1803
850 633 811 1569 473 1294 659 868 671 878 1529 1374 271 1466 1099 703 846 623 1103 489 506 1301 1115 731 1064 0 1037 705 854 575 854 877 540 858 905 818 873 944 1324 915 1300 812 459 388 1039 1091 548 1444 681 627 889 992
1677 1535 1661 785 684 510 690 372 1521 1728 745 590 863 682 315 1529 1673 654 319 668 668 517 330 762 279 936 0 1532 620 1229 1704 1704 593 624 1732 584 1723 1771 540 418 515 1662 1361 948 255 306 1375 660 713 658 393 1843
237 1189 775 1606 896 1392 1024 1261 675 734 1566 1489 742 1718 1357 67 233 988 1287 912 930 1588 1341 946 1356 689 1532 0 1056 910 612 620 1017 1059 648 1013 730 687 1702 1252 1568 570 863 675 1456 1352 225 1696 982 992 1282 677
1201 1352 1478 846 501 633 507 375 1339 1545 806 730 680 959 597 1053 1196 471 527 485 485 828 582 444 596 753 620 1056 0 1046 1521 1227 410 39 1255 89 1540 1294 907 365 808 1479 1178 707 622 592 898 936 479 475 395 1502
731 518 474 1760 664 1486 850 1060 335 541 1720 1566 714 1658 1290 907 723 814 1295 680 698 1493 1306 922 1255 636 1229 910 1046 0 518 1110 732 1050 895 1010 537 894 1516 1106 1491 476 192 830 1231 1282 991 1636 873 818 1081 656
433 797 180 2126 1140 1913 1326 1536 283 139 2086 2010 993 2134 1766 609 425 1290 1770 1156 1173 1968 1782 1398 1731 915 1704 612 1521 518 0 765 1207 1525 397 1486 135 395 1991 1582 1967 117 471 1109 1706 1758 746 2111 1348 1294 1556 158
765 1378 764 1777 1068 1564 1196 1433 818 822 1737 1661 914 1890 1529 617 761 1160 1458 1084 1101 1760 1513 1118 1528 860 1704 620 1227 1122 765 0 1189 1231 418 1185 817 457 1874 1424 1740 807 1075 847 1628 1523 462 1868 1153 1163 1454 665
1162 1038 1164 1065 187 850 129 425 1024 1231 1025 931 366 1023 655 1014 1158 93 659 171 171 857 671 200 620 439 593 1017 410 732 1207 1189 0 414 1217 375 1226 1256 881 471 856 1165 864 451 595 647 860 1000 151 96 445 1346
1205 1356 1482 850 505 637 511 379 1342 1549 810 734 684 963 601 1057 1200 475 531 489 489 832 586 448 600 757 624 1059 39 1050 1525 1231 414 0 1259 93 1544 1298 911 369 812 1483 1182 711 626 596 902 940 483 479 399 1506
738 1175 502 1805 1096 1592 1224 1461 661 462 1765 1689 942 1918 1556 645 730 1187 1486 1112 1129 1787 1541 1146 1555 888 1732 648 1255 895 397 418 1217 1259 0 1213 457 89 1901 1451 1767 439 848 875 1656 1551 490 1895 1181 1191 1481 297
1158 1316 1442 804 466 590 471 339 1303 1509 764 687 644 916 555 1010 1154 435 485 449 449 786 539 402 554 717 584 1013 89 1010 1486 1185 375 93 1213 0 1505 1252 871 330 766 1444 1142 665 586 550 856 894 437 439 360 1460
551 816 115 2213 1159 1980 1345 1555 274 22 2173 2061 1012 2153 1785 727 543 1309 1789 1175 1193 1987 1801 1417 1750 934 1723 730 1540 537 135 806 1226 1544 457 1505 0 456 2011 1601 1986 177 490 1128 1725 1777 863 2130 1368 1313 1575 218
736 1173 501 1844 1135 1631 1263 1500 659 460 1804 1728 981 1957 1595 684 728 1226 1525 1151 1168 1826 1580 1185 1594 927 1771 687 1294 894 395 457 1256 1298 89 1252 456 0 1940 1490 1806 437 847 914 1695 1590 529 1934 1220 1230 1520 295
1847 1822 1948 260 972 485 977 659 1809 2015 220 344 1150 158 602 1699 1843 941 606 955 955 270 618 1049 567 1223 540 1702 907 1516 1991 1874 881 911 1901 871 2011 1940 0 705 269 1950 1648 1235 542 594 1545 135 1000 945 680 2130
1397 1413 1539 782 562 569 568 112 1399 1605 742 666 740 848 480 1249 1393 532 463 546 545 682 496 640 445 813 418 1252 365 1106 1582 1424 471 369 1451 330 1601 1490 705 0 681 1540 1239 826 420 472 1095 825 590 535 133 1699
1713 1798 1924 426 947 429 953 635 1784 1990 386 130 1125 411 573 1565 1709 917 503 931 930 75 557 957 542 1198 515 1568 808 1491 1967 1740 856 812 1767 766 1986 1806 269 681 0 1925 1624 1211 517 568 1411 389 975 920 655 2015
391 755 222 2084 1098 1871 1284 1494 241 181 2045 1968 951 2092 1724 567 383 1248 1728 1114 1132 1926 1740 1356 1689 874 1662 570 1479 476 117 807 1165 1483 439 1444 177 437 1950 1540 1925 0 429 1067 1664 1716 704 2069 1307 1252 1514 200
684 402 427 1890 794 1615 980 1189 288 494 1850 1695 598 1787 1420 860 676 944 1424 810 827 1622 1436 1052 1385 521 1358 863 1175 192 471 1063 861 1179 848 1139 490 847 1645 1236 1621 429 0 715 1360 1412 875 1765 1002 948 1210 609
820 886 1063 1258 384 1044 570 779 924 1130 1218 1141 131 1370 1009 672 816 534 939 400 417 1212 993 598 975 286 948 675 707 828 1107 847 451 711 875 665 1126 914 1235 826 1211 1065 712 0 950 1002 518 1348 592 538 800 1122
1601 1537 1663 710 686 497 692 374 1523 1730 670 592 865 684 232 1454 1597 656 236 670 669 519 247 764 196 937 255 1456 622 1231 1706 1628 595 626 1656 586 1725 1695 542 420 517 1664 1363 950 0 223 1299 662 714 660 394 1844
1497 1589 1715 606 738 392 744 426 1575 1781 566 489 916 718 115 1349 1493 708 131 722 721 570 99 740 85 989 306 1352 592 1282 1758 1523 647 596 1551 550 1777 1590 594 472 568 1716 1415 1002 223 0 1194 696 766 711 446 1798
370 1049 908 1448 739 1235 867 1104 809 868 1408 1332 585 1561 1200 222 366 831 1129 755 772 1431 1184 789 1199 531 1375 225 898 991 746 462 860 902 490 856 863 529 1545 1095 1411 704 875 518 1299 1194 0 1539 824 834 1125 738
1841 1942 2068 254 1091 557 1097 779 1928 2135 214 437 1270 64 701 1693 1837 1061 631 1075 1075 390 685 1085 686 1343 660 1696 936 1636 2111 1868 1000 940 1895 894 2130 1934 135 825 389 2069 1768 1348 662 696 1539 0 1120 1065 800 2143
1127 1179 1305 1029 329 816 158 544 1166 1372 990 913 507 1142 774 979 1123 122 710 312 312 976 765 165 739 580 713 982 479 873 1348 1153 151 483 1181 437 1368 1220 1000 590 975 1307 1005 592 714 766 824 1120 0 125 565 1428
1137 1124 1250 1040 274 826 49 489 1111 1317 1000 923 452 1087 720 989 1133 46 720 258 257 922 735 175 684 525 658 992 475 818 1294 1163 96 479 1191 439 1313 1230 945 535 920 1252 951 538 660 711 834 1065 125 0 510 1432
1427 1387 1513 812 536 599 542 63 1373 1580 772 696 715 822 454 1279 1423 506 458 520 519 657 470 614 419 788 393 1282 395 1081 1556 1454 445 399 1481 360 1575 1520 680 133 655 1514 1213 800 394 446 1125 800 565 510 0 1694
498 935 263 2052 1278 1839 1464 1674 421 222 2013 1936 1131 2165 1804 675 490 1428 1733 1294 1312 2035 1788 1393 1803 1054 1843 677 1502 656 158 665 1346 1506 297 1460 218 295 2130 1699 2015 200 609 1122 1844 1798 738 2143 1428 1432 1694 0
EOF