NAME : tsp_problem
TYPE : TSP
DIMENSION : 83
EDGE_WEIGHT_TYPE : EXPLICIT
EDGE_WEIGHT_FORMAT : FULL_MATRIX
EDGE_WEIGHT_SECTION
0 1368 757 1585 993 1267 642 206 352 741 311 314 1005 376 1033 1472 945 1381 403 284 427 1358 316 381 326 1110 393 547 549 270 235 381 339 286 1372 822 497 394 276 788 1385 1372 490 308 1196 738 1357 1100 270 94 572 1305 478 773 1372 1366 1205 392 353 785 770 820 622 904 275 316 337 1007 558 613 343 1485 373 1133 957 1118 1269 243 265 348 1197 620 833
1368 0 927 764 1860 441 827 1294 1201 911 1244 1441 1872 1409 1899 144 525 123 1520 1282 1674 537 1442 1498 1452 690 1087 889 1570 1595 1233 1498 1510 1171 24 843 984 1088 1320 1831 36 114 1737 1479 776 1855 99 680 1203 1383 1095 480 1641 1955 24 282 384 1086 1202 1757 1868 842 1024 801 1273 1250 1508 1874 1579 965 1565 168 1037 713 1824 698 443 1242 1198 1465 777 1681 1915
757 927 0 931 1706 585 900 932 868 41 827 1031 1718 1093 1746 961 1065 1008 1120 800 1140 1161 1033 1098 1042 992 651 805 1262 983 751 1098 1056 802 930 140 755 651 1002 1501 943 999 1203 1025 1078 1451 984 982 786 825 243 623 1191 1486 931 684 1270 649 869 1497 1483 138 172 295 791 833 1054 1720 1271 871 1056 802 630 1015 1670 1000 587 760 781 1065 1079 1333 1546
1585 764 943 0 2076 492 1043 1511 1417 926 1460 1657 2088 1625 2116 867 741 776 1736 1498 1890 288 1659 1714 1668 907 1304 1105 1787 1811 1449 1714 1726 1387 767 859 1200 1304 1536 2047 780 767 1954 1695 993 2071 752 896 1419 1599 1111 815 1857 2171 768 633 417 1302 1418 1974 2084 858 1040 817 1489 1466 1724 2090 1795 1182 1781 751 1253 930 2040 914 494 1458 1414 1681 993 1897 2131
993 1860 1706 2076 0 2217 1147 839 1002 1690 1046 725 27 693 54 1963 1436 1872 804 1083 682 1850 726 782 736 1602 1154 1039 578 755 1035 782 794 972 1864 1771 1377 1154 864 442 1876 1863 745 763 1688 466 1848 1591 1004 926 1522 2052 649 266 1864 2101 1697 1153 1003 369 479 1770 1572 1854 1074 1051 792 25 587 1302 849 1986 1322 1625 82 1609 2219 1043 1000 749 1688 509 227
1267 441 585 481 2217 0 1194 1443 1379 569 1338 1541 2229 1604 2256 475 897 523 1631 1311 1651 710 1543 1609 1553 764 1162 1288 1773 1494 1262 1608 1566 1313 445 502 937 1162 1513 2012 457 514 1714 1536 850 1962 498 754 1297 1335 754 395 1702 1996 445 198 784 1160 1380 2008 1993 500 682 460 1301 1343 1565 2231 1782 1165 1566 317 990 787 2181 772 32 1270 1292 1576 851 1843 2057
642 827 900 1043 1147 1191 0 582 488 884 532 728 1159 696 1187 930 403 839 808 569 962 816 730 786 740 568 364 176 858 869 520 785 797 458 830 943 287 364 607 1118 843 830 1025 766 654 1142 815 558 490 670 715 1019 929 1242 831 1067 663 362 489 1045 1155 941 765 777 560 537 795 1161 866 212 853 953 310 591 1111 576 1194 529 486 753 655 969 1202
206 1294 932 1511 839 1443 582 0 437 916 480 292 851 354 878 1398 871 1307 381 459 534 1284 294 360 304 1036 569 474 549 377 410 359 317 407 1298 997 673 569 115 810 1311 1298 597 287 1122 834 1283 1026 439 133 747 1481 585 879 1298 1535 1131 567 438 736 847 996 797 1079 450 486 315 853 558 736 373 1421 548 1059 803 1044 1445 419 434 326 1123 660 894
352 1201 868 1417 1002 1379 488 437 0 852 181 583 1014 551 1042 1304 777 1213 663 219 736 1191 585 641 595 942 495 380 713 579 170 640 651 108 1205 933 609 495 462 973 1217 1204 799 620 1029 997 1189 932 140 420 684 1393 784 1081 1205 1441 1038 493 37 900 1010 932 734 1016 210 187 649 1016 721 642 651 1327 484 966 966 950 1381 179 135 608 1029 824 1057
741 911 41 915 1690 569 884 916 852 0 811 1015 1702 1077 1730 945 1049 992 1104 784 1124 1145 1017 1082 1026 976 635 789 1246 967 735 1082 1039 786 914 124 739 635 986 1485 927 983 1187 1009 1062 1435 968 966 770 809 227 607 1175 1470 915 668 1254 633 853 1481 1467 122 155 279 775 816 1038 1704 1255 855 1040 786 614 999 1654 984 571 743 765 1049 1063 1317 1530
311 1244 827 1460 1046 1338 532 480 181 811 0 585 1057 595 1085 1347 821 1257 674 178 694 1234 587 652 597 986 464 424 756 537 129 652 610 115 1248 892 568 464 506 1016 1260 1248 758 579 1072 1005 1232 975 78 379 643 1376 745 1040 1248 1437 1081 462 182 943 1037 891 693 974 168 38 608 1059 765 684 610 1370 443 1009 1010 994 1340 137 73 619 1072 867 1101
314 1441 1031 1657 725 1541 728 292 583 1015 585 0 736 106 764 1544 1017 1453 112 558 370 1431 25 90 35 1182 667 620 435 213 509 90 93 553 1444 1096 771 668 362 695 1457 1444 434 62 1268 681 1429 1172 544 246 846 1580 421 716 1445 1641 1277 666 584 622 713 1094 896 1178 549 591 91 738 444 882 148 1567 647 1205 688 1190 1544 518 539 57 1269 546 777
1005 1872 1718 2088 27 2229 1159 851 1014 1702 1057 736 0 705 44 1975 1448 1884 816 1095 694 1862 738 794 748 1613 1166 1051 590 767 1046 794 805 984 1876 1783 1389 1166 876 454 1888 1875 757 775 1699 478 1860 1603 1016 938 1534 2064 661 278 1876 2112 1709 1164 1015 381 491 1782 1584 1865 1086 1063 804 40 598 1313 861 1998 1334 1636 73 1621 2231 1055 1012 761 1700 521 238
376 1409 1093 1625 693 1604 696 354 551 1077 595 106 705 0 732 1512 986 1421 186 620 433 1399 108 164 118 1151 703 589 403 276 571 164 175 521 1413 1158 834 703 413 664 1425 1412 496 145 1237 688 1397 1140 554 307 908 1601 474 778 1413 1650 1246 702 552 590 701 1157 958 1240 611 600 174 707 412 851 231 1535 709 1174 657 1158 1606 580 549 131 1237 514 748
1033 1899 1746 2116 54 2256 1187 878 1042 1730 1085 764 44 732 0 2003 1476 1912 844 1123 721 1889 766 822 776 1641 1193 1079 617 794 1074 821 833 1012 1903 1811 1417 1194 904 482 1916 1903 784 803 1727 506 1888 1631 1044 965 1561 2092 688 306 1903 2140 1736 1192 1043 408 519 1809 1611 1893 1114 1091 832 68 626 1341 889 2026 1362 1664 100 1649 2258 1083 1039 789 1728 548 266
1472 144 961 867 1963 475 930 1398 1304 945 1347 1544 1975 1512 2003 0 628 226 1623 1385 1777 641 1546 1601 1555 794 1191 992 1674 1698 1336 1601 1613 1274 148 877 1087 1191 1423 1934 161 217 1841 1582 880 1958 202 783 1306 1486 1130 515 1744 2058 148 316 488 1189 1305 1861 1971 876 1058 836 1376 1353 1611 1977 1682 1069 1669 202 1140 817 1927 801 477 1345 1301 1568 880 1784 2018
945 525 1065 741 1436 897 403 871 777 1049 821 1017 1448 986 1476 628 0 538 1097 858 1251 515 1019 1075 1029 208 664 465 1147 1171 810 1075 1086 747 529 982 560 664 897 1407 542 529 1314 1056 294 1431 513 197 779 959 1010 658 1218 1531 529 739 362 663 778 1334 1444 980 1060 816 849 826 1085 1450 1156 542 1142 652 613 231 1400 215 899 818 775 1042 294 1258 1491
1381 123 1008 776 1872 523 839 1307 1213 992 1257 1453 1884 1421 1912 226 538 0 1533 1294 1687 550 1455 1511 1465 703 1100 901 1583 1607 1245 1510 1522 1183 127 925 996 1100 1332 1843 139 52 1750 1491 789 1867 37 693 1215 1395 1177 562 1654 1967 127 364 397 1098 1214 1770 1880 923 1106 883 1285 1262 1520 1886 1591 978 1578 249 1049 726 1836 711 525 1254 1211 1478 790 1694 1927
403 1520 1120 1736 804 1631 808 381 663 1104 674 112 816 186 844 1623 1097 1533 0 647 460 1510 114 48 124 1262 756 700 515 302 598 48 182 632 1524 1185 861 757 451 775 1536 1524 523 151 1348 770 1508 1251 633 335 935 1669 510 805 1524 1730 1357 755 663 702 802 1184 985 1267 638 680 180 818 523 962 237 1646 736 1285 768 1270 1633 607 628 137 1349 625 859
284 1282 800 1498 1083 1311 569 459 219 784 178 558 1095 620 1123 1385 858 1294 647 0 667 1272 560 625 569 1024 436 461 789 510 81 625 583 153 1286 865 541 437 529 1028 1298 1285 730 552 1110 978 1270 1013 136 352 615 1349 718 1013 1286 1410 1119 435 220 981 1010 864 665 947 35 183 581 1097 798 656 583 1408 416 1047 1047 1031 1313 90 132 592 1110 860 1073
427 1674 1140 1890 682 1651 962 534 736 1124 694 370 694 433 721 1777 1251 1687 460 667 0 1664 372 438 382 1416 777 854 229 189 618 437 395 669 1678 1205 881 777 604 553 1691 1678 90 365 1502 503 1662 1406 653 487 956 1689 158 537 1678 1750 1511 775 737 549 535 1204 1006 1287 658 700 394 696 238 997 395 1801 756 1439 646 1424 1653 627 649 405 1503 385 598
1358 537 1172 288 1850 722 816 1284 1191 1156 1234 1431 1862 1399 1889 641 515 550 1510 1272 1664 0 1432 1488 1442 680 1077 879 1560 1585 1223 1488 1500 1161 541 1088 974 1078 1310 1821 554 541 1727 1469 766 1845 526 670 1193 1373 1341 977 1631 1945 541 778 191 1076 1192 1747 1858 1087 1269 1047 1263 1240 1498 1864 1569 955 1555 664 1027 703 1814 688 724 1232 1188 1455 767 1671 1905
316 1442 1033 1659 726 1543 730 294 585 1017 587 25 738 108 766 1546 1019 1455 114 560 372 1432 0 92 37 1184 669 622 437 215 511 92 95 555 1446 1098 773 670 364 697 1459 1446 435 64 1270 683 1431 1174 546 248 848 1582 423 718 1446 1642 1279 668 586 624 715 1096 898 1180 551 592 93 740 446 884 150 1569 649 1207 690 1192 1545 519 541 59 1271 548 778
381 1498 1098 1714 782 1609 786 360 641 1082 652 90 794 164 822 1601 1075 1511 48 625 438 1488 92 0 102 1240 735 678 493 281 576 26 160 611 1502 1163 839 735 430 753 1515 1502 501 129 1326 748 1486 1230 611 313 913 1647 489 783 1502 1708 1335 733 642 680 780 1162 963 1245 616 658 158 796 501 940 215 1625 714 1263 746 1248 1611 585 606 115 1327 604 837
326 1452 1042 1668 736 1553 740 304 595 1026 597 35 748 118 776 1555 1029 1465 124 569 382 1442 37 102 0 1194 679 632 447 225 521 102 104 564 1456 1108 783 679 374 707 1468 1456 445 74 1280 693 1440 1183 555 257 858 1591 433 728 1456 1652 1289 677 595 634 725 1106 908 1190 560 602 103 750 455 894 160 1578 658 1217 700 1202 1555 529 551 69 1280 557 788
1110 690 992 907 1602 764 568 1036 942 976 986 1182 1613 1151 1641 794 208 703 1262 1024 1416 680 1184 1240 1194 0 829 630 1312 1336 975 1240 1251 912 694 909 725 829 1062 1572 707 694 1479 1221 98 1596 679 65 945 1124 1161 526 1383 1696 694 607 527 828 943 1499 1610 907 1090 867 1014 991 1250 1615 1321 707 1307 725 778 35 1566 19 767 983 940 1207 98 1423 1657
393 1087 651 1304 1154 1162 364 569 495 635 464 667 1166 703 1193 1191 664 1100 756 436 777 1077 669 735 679 829 0 233 865 620 388 734 692 439 1091 716 392 60 614 1125 1104 1091 840 662 915 1087 1076 819 422 461 466 1200 828 1122 1091 1261 924 58 496 1052 1119 715 516 798 427 469 690 1168 873 420 692 1214 267 852 1118 837 1164 396 418 701 916 969 1183
547 889 805 1105 1039 1288 176 474 380 789 424 620 1051 589 1079 992 465 901 700 461 854 879 622 678 632 630 233 0 750 773 413 678 689 350 893 870 406 234 500 1010 905 892 917 659 717 1034 877 620 382 562 620 1081 821 1134 893 1129 726 232 381 937 1047 868 670 894 452 429 688 1053 759 330 745 1015 421 654 1003 638 1290 421 378 645 717 861 1094
549 1570 1262 1787 578 1773 858 549 713 1246 756 435 590 403 617 1674 1147 1583 515 789 229 1560 437 493 447 1312 865 750 0 311 741 492 504 683 1574 1328 1003 865 575 549 1587 1574 293 474 1398 573 1559 1302 715 610 1078 1763 118 660 1574 1811 1407 863 714 476 586 1326 1128 1410 780 762 503 592 55 1012 518 1697 879 1335 542 1320 1775 749 710 460 1399 399 633
270 1595 983 1811 755 1494 869 377 579 967 537 213 767 276 794 1698 1171 1607 302 510 189 1585 215 281 225 1336 620 773 311 0 461 280 238 512 1599 1048 724 620 447 550 1611 1598 252 208 1423 500 1583 1326 496 330 799 1532 240 534 1599 1593 1432 618 579 546 531 1047 849 1130 501 543 236 769 320 840 238 1711 599 1360 719 1344 1496 470 491 247 1423 381 595
235 1233 751 1449 1035 1262 520 410 170 735 129 509 1046 571 1074 1336 810 1245 598 81 618 1223 511 576 521 975 388 413 741 461 0 576 534 104 1237 816 492 388 480 979 1249 1236 682 503 1061 929 1221 964 88 303 566 1300 669 964 1237 1361 1070 386 171 932 961 815 617 898 72 134 532 1048 749 608 534 1359 367 998 998 982 1264 41 83 543 1061 811 1025
381 1498 1098 1714 782 1608 785 359 640 1082 652 90 794 164 821 1601 1075 1510 48 625 437 1488 92 26 102 1240 734 678 492 280 576 0 160 610 1502 1163 838 735 429 753 1514 1501 501 129 1326 748 1486 1229 611 313 913 1647 488 783 1502 1707 1335 733 641 679 780 1161 963 1245 616 658 158 796 501 940 215 1624 714 1263 746 1247 1610 585 606 115 1326 603 837
339 1510 1056 1726 794 1566 797 317 651 1039 610 93 805 175 833 1613 1086 1522 182 583 395 1500 95 160 104 1251 692 689 504 238 534 160 0 585 1514 1121 796 692 387 756 1526 1513 458 87 1337 706 1498 1241 569 271 871 1604 446 741 1514 1665 1347 691 652 691 738 1119 921 1203 574 615 19 807 513 912 173 1636 672 1274 758 1259 1568 542 564 127 1338 588 801
286 1171 802 1387 972 1313 458 407 108 786 115 553 984 521 1012 1274 747 1183 632 153 669 1161 555 611 564 912 439 350 683 512 104 610 585 0 1175 867 543 439 432 943 1187 1174 733 554 998 967 1159 902 74 354 618 1351 720 1015 1175 1411 1008 437 109 870 980 866 668 949 143 120 583 986 691 612 585 1297 418 935 936 920 1315 112 69 577 999 794 1027
1372 24 930 767 1864 445 830 1298 1205 914 1248 1444 1876 1413 1903 148 529 127 1524 1286 1678 541 1446 1502 1456 694 1091 893 1574 1599 1237 1502 1514 1175 0 847 988 1092 1324 1835 40 118 1741 1483 780 1859 103 684 1207 1386 1099 484 1645 1959 28 286 388 1090 1206 1761 1872 846 1028 805 1277 1254 1512 1878 1583 969 1569 171 1041 717 1828 702 447 1245 1202 1469 781 1685 1919
822 843 140 848 1771 502 945 997 933 124 892 1096 1783 1158 1811 877 982 925 1185 865 1205 1077 1098 1163 1108 909 716 870 1328 1048 816 1163 1121 867 847 0 688 717 1067 1566 860 916 1269 1090 995 1516 901 899 851 890 308 540 1256 1551 847 601 1186 715 934 1563 1548 55 237 211 856 898 1119 1785 1336 917 1121 719 696 932 1735 917 504 825 846 1130 996 1398 1611
497 984 755 1200 1377 934 287 673 609 739 568 771 1389 834 1417 1087 560 996 861 541 881 974 773 839 783 725 392 406 1003 724 492 838 796 543 988 685 0 392 743 1242 1000 987 944 766 812 1192 972 715 527 565 571 972 932 1226 988 1033 821 390 610 1238 1223 684 621 519 531 573 795 1391 1012 258 796 1110 166 749 1341 733 936 500 522 806 812 1073 1287
394 1088 651 1304 1154 1162 364 569 495 635 464 668 1166 703 1194 1191 664 1100 757 437 777 1078 670 735 679 829 60 234 865 620 388 735 692 439 1092 717 392 0 614 1125 1104 1091 840 662 916 1088 1076 819 423 462 467 1200 828 1123 1092 1261 925 59 496 1052 1120 715 517 799 428 469 691 1168 873 421 692 1214 267 853 1118 837 1164 396 418 702 916 970 1183
276 1320 1002 1536 864 1513 607 115 462 986 506 362 876 413 904 1423 897 1332 451 529 604 1310 364 430 374 1062 614 500 575 447 480 429 387 432 1324 1067 743 614 0 835 1336 1323 667 356 1148 859 1308 1051 465 203 817 1512 646 949 1324 1561 1157 613 463 762 872 1066 867 1149 520 511 385 878 584 762 443 1446 618 1085 828 1069 1515 489 460 396 1148 686 919
788 1831 1501 2047 442 2012 1118 810 973 1485 1016 695 454 664 482 1934 1407 1843 775 1028 553 1821 697 753 707 1572 1125 1010 549 550 979 753 756 943 1835 1566 1242 1125 835 0 1847 1834 616 725 1658 159 1819 1562 975 848 1316 2023 604 365 1835 2071 1668 1123 974 132 91 1565 1366 1648 1019 1022 754 456 557 1272 756 1957 1117 1595 406 1580 2014 988 971 720 1659 433 425
1385 36 943 780 1876 457 843 1311 1217 927 1260 1457 1888 1425 1916 161 542 139 1536 1298 1691 554 1459 1515 1468 707 1104 905 1587 1611 1249 1514 1526 1187 40 860 1000 1104 1336 1847 0 130 1754 1495 793 1871 115 696 1219 1399 1112 497 1658 1971 40 298 401 1102 1218 1774 1884 858 1040 818 1289 1266 1524 1890 1595 982 1582 184 1053 730 1840 714 459 1258 1215 1481 793 1698 1931
1372 114 999 767 1863 514 830 1298 1204 983 1248 1444 1875 1412 1903 217 529 52 1524 1285 1678 541 1446 1502 1456 694 1091 892 1574 1598 1236 1501 1513 1174 118 916 987 1091 1323 1834 130 0 1741 1482 780 1858 28 683 1206 1386 1168 553 1645 1958 118 355 388 1089 1205 1761 1871 914 1097 874 1276 1253 1511 1877 1582 969 1569 240 1040 717 1827 702 516 1245 1202 1469 781 1685 1918
490 1737 1203 1954 745 1714 1025 597 799 1187 758 434 757 496 784 1841 1314 1750 523 730 90 1727 435 501 445 1479 840 917 293 252 682 501 458 733 1741 1269 944 840 667 616 1754 1741 0 428 1565 566 1726 1469 716 550 1019 1752 221 601 1741 1813 1574 838 800 612 598 1267 1069 1351 721 763 457 759 301 1060 458 1864 819 1502 709 1487 1716 690 712 468 1566 448 661
308 1479 1025 1695 763 1536 766 287 620 1009 579 62 775 145 803 1582 1056 1491 151 552 365 1469 64 129 74 1221 662 659 474 208 503 129 87 554 1483 1090 766 662 356 725 1495 1482 428 0 1307 675 1467 1210 538 240 840 1574 415 710 1483 1635 1316 660 621 661 707 1089 890 1172 543 585 85 777 482 882 143 1605 641 1244 727 1229 1538 512 533 96 1307 557 771
1196 776 1078 993 1688 850 654 1122 1029 1062 1072 1268 1699 1237 1727 880 294 789 1348 1110 1502 766 1270 1326 1280 98 915 717 1398 1423 1061 1326 1337 998 780 995 812 916 1148 1658 793 780 1565 1307 0 1682 765 151 1031 1210 1247 612 1469 1782 780 693 613 914 1029 1585 1696 993 1176 953 1100 1077 1336 1701 1407 793 1393 811 864 121 1652 106 853 1069 1026 1293 46 1509 1743
738 1855 1451 2071 466 1962 1142 834 997 1435 1005 681 478 688 506 1958 1431 1867 770 978 503 1845 683 748 693 1596 1087 1034 573 500 929 748 706 967 1859 1516 1192 1088 859 159 1871 1858 566 675 1682 0 1843 1586 964 798 1266 2000 554 315 1859 2061 1692 1086 998 156 141 1515 1316 1598 969 1011 704 480 581 1296 706 1981 1067 1619 430 1604 1964 938 959 715 1683 383 375
1357 99 984 752 1848 498 815 1283 1189 968 1232 1429 1860 1397 1888 202 513 37 1508 1270 1662 526 1431 1486 1440 679 1076 877 1559 1583 1221 1486 1498 1159 103 901 972 1076 1308 1819 115 28 1726 1467 765 1843 0 668 1191 1371 1153 538 1629 1943 103 339 373 1074 1190 1746 1856 899 1081 859 1261 1238 1496 1862 1567 954 1553 225 1025 702 1812 686 500 1230 1186 1453 765 1669 1903
1100 680 982 896 1591 754 558 1026 932 966 975 1172 1603 1140 1631 783 197 693 1251 1013 1406 670 1174 1230 1183 65 819 620 1302 1326 964 1229 1241 902 684 899 715 819 1051 1562 696 683 1469 1210 151 1586 668 0 934 1114 1151 516 1373 1686 684 597 517 817 933 1489 1599 897 1079 857 1004 981 1239 1605 1310 697 1297 715 768 88 1555 73 756 973 930 1197 152 1413 1646
270 1203 786 1419 1004 1297 490 439 140 770 78 544 1016 554 1044 1306 779 1215 633 136 653 1193 546 611 555 945 422 382 715 496 88 611 569 74 1207 851 527 423 465 975 1219 1206 716 538 1031 964 1191 934 0 338 601 1335 704 999 1207 1396 1040 421 141 902 996 850 651 933 127 83 567 1018 724 643 569 1329 402 968 968 952 1299 96 32 578 1031 826 1059
94 1383 825 1599 926 1335 670 133 420 809 379 246 938 307 965 1486 959 1395 335 352 487 1373 248 313 257 1124 461 562 610 330 303 313 271 354 1386 890 565 462 203 848 1399 1386 550 240 1210 798 1371 1114 338 0 640 1374 538 833 1387 1435 1219 460 421 823 830 888 690 972 343 385 269 939 618 681 326 1509 441 1147 890 1132 1337 312 333 280 1211 680 893
572 1095 243 1100 1522 754 715 747 684 227 643 846 1534 908 1561 1130 1013 1177 935 615 956 1329 848 913 858 1161 466 620 1078 799 566 913 871 618 1099 308 571 467 817 1316 1112 1168 1019 840 1247 1266 1153 1151 601 640 0 792 1006 1301 1099 853 1273 465 685 1313 1298 307 109 463 606 648 869 1535 1086 687 871 971 446 1184 1486 1169 756 575 597 880 1248 1148 1362
1305 480 623 804 2052 395 1019 1481 1393 607 1376 1580 2064 1601 2092 515 658 562 1669 1349 1689 977 1582 1647 1591 526 1200 1081 1763 1532 1300 1647 1604 1351 484 540 975 1200 1512 2023 497 553 1752 1574 612 2000 538 516 1335 1374 792 0 1740 2035 484 238 823 1198 1394 1950 2032 538 720 498 1340 1381 1603 2066 1771 1158 1604 356 1028 549 2016 534 397 1308 1330 1614 613 1874 2095
478 1641 1191 1857 649 1702 929 585 784 1175 745 421 661 474 688 1744 1218 1654 510 718 158 1631 423 489 433 1383 828 821 118 240 669 488 446 720 1645 1256 932 828 646 604 1658 1645 221 415 1469 554 1629 1373 704 538 1006 1740 0 588 1645 1801 1478 826 785 546 585 1255 1056 1338 709 751 444 663 126 1048 446 1768 807 1406 613 1391 1704 678 699 455 1470 436 649
773 1955 1486 2171 266 1996 1242 879 1081 1470 1040 716 278 778 306 2058 1531 1967 805 1013 537 1945 718 783 728 1696 1122 1134 660 534 964 783 741 1015 1959 1551 1226 1123 949 365 1971 1958 601 710 1782 315 1943 1686 999 833 1301 2035 588 0 1959 2095 1792 1121 1082 361 347 1549 1351 1633 1004 1046 739 280 668 1342 741 2081 1102 1719 230 1704 1998 972 994 750 1783 418 106
1372 24 931 768 1864 445 831 1298 1205 915 1248 1445 1876 1413 1903 148 529 127 1524 1286 1678 541 1446 1502 1456 694 1091 893 1574 1599 1237 1502 1514 1175 28 847 988 1092 1324 1835 40 118 1741 1483 780 1859 103 684 1207 1387 1099 484 1645 1959 0 286 388 1090 1206 1761 1872 846 1028 805 1277 1254 1512 1878 1583 969 1569 172 1041 717 1828 702 447 1246 1202 1469 781 1685 1919
1366 282 684 622 2101 198 1067 1535 1441 668 1437 1641 2112 1650 2140 316 739 364 1730 1410 1750 778 1642 1708 1652 607 1261 1129 1811 1593 1361 1707 1665 1411 286 601 1036 1261 1561 2071 298 355 1813 1635 693 2061 339 597 1396 1435 853 238 1801 2095 286 0 625 1259 1442 1998 2092 599 781 559 1400 1442 1664 2114 1820 1206 1665 158 1089 630 2064 615 200 1369 1391 1675 694 1922 2156
1205 384 1270 417 1697 784 663 1131 1038 1254 1081 1277 1709 1246 1736 488 362 397 1357 1119 1511 191 1279 1335 1289 527 924 726 1407 1432 1070 1335 1347 1008 388 1186 821 925 1157 1668 401 388 1574 1316 613 1692 373 517 1040 1219 1270 823 1478 1792 388 625 0 923 1039 1594 1705 1185 1320 1076 1110 1087 1345 1711 1416 802 1402 511 874 550 1661 535 786 1078 1035 1302 614 1518 1752
392 1086 649 1302 1153 1160 362 567 493 633 462 666 1164 702 1192 1189 663 1098 755 435 775 1076 668 733 677 828 58 232 863 618 386 733 691 437 1090 715 390 59 613 1123 1102 1089 838 660 914 1086 1074 817 421 460 465 1198 826 1121 1090 1259 923 0 494 1050 1118 713 515 797 426 468 689 1166 872 419 691 1212 266 851 1116 835 1162 395 416 700 914 968 1181
353 1202 869 1418 1003 1380 489 438 37 853 182 584 1015 552 1043 1305 778 1214 663 220 737 1192 586 642 595 943 496 381 714 579 171 641 652 109 1206 934 610 496 463 974 1218 1205 800 621 1029 998 1190 933 141 421 685 1394 785 1082 1206 1442 1039 494 0 901 1011 933 735 1016 211 188 650 1017 722 643 652 1328 485 966 967 951 1382 179 136 608 1030 825 1058
785 1757 1497 1974 369 2008 1045 736 900 1481 943 622 381 590 408 1861 1334 1770 702 981 549 1747 624 680 634 1499 1052 937 476 546 932 679 691 870 1761 1563 1238 1052 762 132 1774 1761 612 661 1585 156 1746 1489 902 823 1313 1950 546 361 1761 1998 1594 1050 901 0 169 1561 1363 1645 972 949 690 383 484 1199 747 1884 1114 1522 333 1507 2010 941 897 647 1586 406 422
770 1868 1483 2084 479 1993 1155 847 1010 1467 1037 713 491 701 519 1971 1444 1880 802 1010 535 1858 715 780 725 1610 1119 1047 586 531 961 780 738 980 1872 1548 1223 1120 872 91 1884 1871 598 707 1696 141 1856 1599 996 830 1298 2032 585 347 1872 2092 1705 1118 1011 169 0 1546 1348 1630 1001 1043 736 493 595 1310 738 1994 1099 1633 443 1617 1995 970 991 747 1696 415 407
820 842 138 846 1770 500 944 996 932 122 891 1094 1782 1157 1809 876 980 923 1184 864 1204 1076 1096 1162 1106 907 715 868 1326 1047 815 1161 1119 866 846 55 687 715 1066 1565 858 914 1267 1089 993 1515 899 897 850 888 307 538 1255 1549 846 599 1185 713 933 1561 1546 0 235 210 854 896 1118 1784 1335 915 1119 717 694 930 1734 915 502 823 845 1129 994 1396 1610
622 1024 172 1028 1572 682 765 797 734 155 693 896 1584 958 1611 1058 1063 1106 985 665 1006 1258 898 963 908 1090 516 670 1128 849 617 963 921 668 1028 237 621 517 867 1366 1040 1097 1069 890 1176 1316 1081 1079 651 690 109 720 1056 1351 1028 781 1323 515 735 1363 1348 235 0 392 656 698 919 1585 1136 737 921 900 496 1113 1536 1097 684 625 647 930 1176 1198 1412
901 801 295 806 1851 460 779 1076 1013 279 971 1175 1862 1237 1890 836 816 883 1264 944 1284 1035 1177 1242 1187 867 795 894 1407 1127 895 1242 1200 946 805 211 522 796 1146 1645 818 874 1348 1169 953 1595 859 857 930 969 463 498 1335 1630 805 559 1076 794 1013 1642 1627 210 392 0 935 977 1198 1864 1415 750 1200 677 575 890 1814 875 462 904 925 1209 954 1477 1691
275 1273 791 1489 1074 1301 560 450 210 775 168 549 1086 611 1114 1376 849 1285 638 35 658 1263 551 616 560 1014 427 452 780 501 72 616 574 143 1277 856 531 428 520 1019 1289 1276 721 543 1100 969 1261 1004 127 343 606 1340 709 1004 1277 1400 1110 426 211 972 1001 854 656 938 0 174 572 1088 789 647 574 1399 407 1037 1038 1022 1303 80 123 583 1101 851 1064
316 1250 833 1466 1051 1343 537 486 187 816 38 591 1063 600 1091 1353 826 1262 680 183 700 1240 592 658 602 991 469 429 762 543 134 658 615 120 1254 898 573 469 511 1022 1266 1253 763 585 1077 1011 1238 981 83 385 648 1381 751 1046 1254 1442 1087 468 188 949 1043 896 698 980 174 0 614 1065 770 689 615 1376 449 1014 1015 999 1345 143 79 625 1078 873 1106
337 1508 1054 1724 792 1565 795 315 649 1038 608 91 804 174 832 1611 1085 1520 180 581 394 1498 93 158 103 1250 690 688 503 236 532 158 19 583 1512 1119 795 691 385 754 1524 1511 457 85 1336 704 1496 1239 567 269 869 1603 444 739 1512 1664 1345 689 650 690 736 1118 919 1201 572 614 0 806 511 911 172 1634 670 1273 756 1257 1567 541 562 125 1336 586 800
1007 1874 1720 2090 25 2231 1161 853 1016 1704 1059 738 40 707 68 1977 1450 1886 818 1097 696 1864 740 796 750 1615 1168 1053 592 769 1048 796 807 986 1878 1785 1391 1168 878 456 1890 1877 759 777 1701 480 1862 1605 1018 939 1535 2066 663 280 1878 2114 1711 1166 1017 383 493 1784 1585 1867 1088 1065 806 0 600 1315 863 2000 1336 1638 96 1623 2233 1057 1014 763 1702 523 240
558 1579 1271 1795 587 1782 866 558 721 1255 765 444 598 412 626 1682 1156 1591 523 798 238 1569 446 501 455 1321 873 759 55 320 749 501 513 691 1583 1336 1012 873 584 557 1595 1582 301 482 1407 581 1567 1310 724 618 1086 1771 126 668 1583 1820 1416 872 722 484 595 1335 1136 1418 789 770 511 600 0 1021 526 1705 887 1344 551 1328 1784 758 719 468 1407 408 642
613 965 871 1182 1302 1163 212 736 642 855 684 882 1313 851 1341 1069 542 978 962 656 997 955 884 940 894 707 420 330 1012 840 608 940 912 612 969 914 258 421 762 1272 982 969 1060 882 793 1296 954 697 643 681 687 1158 1048 1342 969 1206 802 419 643 1199 1310 912 737 748 647 689 911 1315 1021 0 912 1092 282 730 1266 715 1165 616 638 907 794 1123 1357
343 1565 1056 1781 849 1566 853 373 651 1040 610 148 861 231 889 1669 1142 1578 237 583 395 1555 150 215 160 1307 692 745 518 238 534 215 173 585 1569 1121 796 692 443 756 1582 1569 458 143 1393 706 1553 1297 569 326 871 1604 446 741 1569 1665 1402 691 652 747 738 1119 921 1203 574 615 172 863 526 912 0 1692 672 1330 813 1315 1568 542 564 182 1394 588 801
1485 168 802 740 1986 317 953 1421 1327 786 1370 1567 1998 1535 2026 202 652 249 1646 1408 1801 664 1569 1625 1578 725 1214 1015 1697 1711 1359 1624 1636 1297 171 719 1110 1214 1446 1957 184 240 1864 1605 811 1981 225 715 1329 1509 971 356 1768 2081 172 158 511 1212 1328 1884 1994 717 900 677 1399 1376 1634 2000 1705 1092 1692 0 1163 748 1950 733 319 1368 1325 1591 812 1808 2041
373 1037 630 1253 1322 987 310 548 484 614 443 647 1334 709 1362 1140 613 1049 736 416 756 1027 649 714 658 778 267 421 879 599 367 714 672 418 1041 696 166 267 618 1117 1053 1040 819 641 864 1067 1025 768 402 441 446 1025 807 1102 1041 1086 874 266 485 1114 1099 694 496 572 407 449 670 1336 887 282 672 1163 0 801 1286 786 989 376 397 681 865 949 1162
1133 713 1015 930 1625 787 591 1059 966 999 1009 1205 1636 1174 1664 817 231 726 1285 1047 1439 703 1207 1263 1217 35 852 654 1335 1360 998 1263 1274 935 717 932 749 853 1085 1595 730 717 1502 1244 121 1619 702 88 968 1147 1184 549 1406 1719 717 630 550 851 966 1522 1633 930 1113 890 1037 1014 1273 1638 1344 730 1330 748 801 0 1589 43 790 1006 963 1230 121 1446 1680
957 1824 1670 2040 82 2181 1111 803 966 1654 1010 688 73 657 100 1927 1400 1836 768 1047 646 1814 690 746 700 1566 1118 1003 542 719 998 746 758 936 1828 1735 1341 1118 828 406 1840 1827 709 727 1652 430 1812 1555 968 890 1486 2016 613 230 1828 2064 1661 1116 967 333 443 1734 1536 1817 1038 1015 756 96 551 1266 813 1950 1286 1589 0 1573 2183 1007 964 713 1652 473 190
1118 698 1000 914 1609 772 576 1044 950 984 994 1190 1621 1158 1649 801 215 711 1270 1031 1424 688 1192 1248 1202 19 837 638 1320 1344 982 1247 1259 920 702 917 733 837 1069 1580 714 702 1487 1229 106 1604 686 73 952 1132 1169 534 1391 1704 702 615 535 835 951 1507 1617 915 1097 875 1022 999 1257 1623 1328 715 1315 733 786 43 1573 0 774 991 948 1215 106 1431 1664
1269 443 587 483 2219 32 1196 1445 1381 571 1340 1544 2231 1606 2258 477 899 525 1633 1313 1653 712 1545 1611 1555 767 1164 1290 1775 1496 1264 1610 1568 1315 447 504 939 1164 1515 2014 459 516 1716 1538 853 1964 500 756 1299 1337 756 397 1704 1998 447 200 786 1162 1382 2010 1995 502 684 462 1303 1345 1567 2233 1784 1167 1568 319 992 790 2183 774 0 1272 1294 1578 853 1846 2059
243 1242 760 1458 1043 1270 529 419 179 743 137 518 1055 580 1083 1345 818 1254 607 90 627 1232 519 585 529 983 396 421 749 470 41 585 542 112 1245 825 500 396 489 988 1258 1245 690 512 1069 938 1230 973 96 312 575 1308 678 972 1246 1369 1078 395 179 941 970 823 625 907 80 143 541 1057 758 616 542 1368 376 1006 1007 991 1272 0 91 552 1070 820 1033
265 1198 781 1414 1000 1292 486 434 135 765 73 539 1012 549 1039 1301 775 1211 628 132 649 1188 541 606 551 940 418 378 710 491 83 606 564 69 1202 846 522 418 460 971 1215 1202 712 533 1026 959 1186 930 32 333 597 1330 699 994 1202 1391 1035 416 136 897 991 845 647 928 123 79 562 1014 719 638 564 1325 397 963 964 948 1294 91 0 573 1027 821 1055
348 1465 1065 1681 749 1576 753 326 608 1049 619 57 761 131 789 1568 1042 1478 137 592 405 1455 59 115 69 1207 701 645 460 247 543 115 127 577 1469 1130 806 702 396 720 1481 1469 468 96 1293 715 1453 1197 578 280 880 1614 455 750 1469 1675 1302 700 608 647 747 1129 930 1212 583 625 125 763 468 907 182 1591 681 1230 713 1215 1578 552 573 0 1294 570 804
1197 777 1079 993 1688 851 655 1123 1029 1063 1072 1269 1700 1237 1728 880 294 790 1349 1110 1503 767 1271 1327 1280 98 916 717 1399 1423 1061 1326 1338 999 781 996 812 916 1148 1659 793 781 1566 1307 46 1683 765 152 1031 1211 1248 613 1470 1783 781 694 614 914 1030 1586 1696 994 1176 954 1101 1078 1336 1702 1407 794 1394 812 865 121 1652 106 853 1070 1027 1294 0 1510 1743
620 1681 1333 1897 509 1843 969 660 824 1317 867 546 521 514 548 1784 1258 1694 625 860 385 1671 548 604 557 1423 969 861 399 381 811 603 588 794 1685 1398 1073 970 686 433 1698 1685 448 557 1509 383 1669 1413 826 680 1148 1874 436 418 1685 1922 1518 968 825 406 415 1396 1198 1480 851 873 586 523 408 1123 588 1808 949 1446 473 1431 1846 820 821 570 1510 0 478
833 1915 1546 2131 227 2057 1202 894 1057 1530 1101 777 238 748 266 2018 1491 1927 859 1073 598 1905 778 837 788 1657 1183 1094 633 595 1025 837 801 1027 1919 1611 1287 1183 919 425 1931 1918 661 771 1743 375 1903 1646 1059 893 1362 2095 649 106 1919 2156 1752 1181 1058 422 407 1610 1412 1694 1064 1106 800 240 642 1357 801 2041 1162 1680 190 1664 2059 1033 1055 804 1743 478 0
EOF
