NAME : tsp_problem
TYPE : TSP
DIMENSION : 62
EDGE_WEIGHT_TYPE : EXPLICIT
EDGE_WEIGHT_FORMAT : FULL_MATRIX
EDGE_WEIGHT_SECTION
0 282 380 579 185 576 936 661 948 284 310 967 434 609 1166 849 1236 730 837 837 748 1036 867 983 384 332 940 1725 861 863 1682 182 516 1108 1717 428 440 1625 1653 1740 186 1537 1598 866 951 1005 836 837 481 1799 700 828 1842 848 870 1582 192 869 563 835 497 607
282 0 260 807 148 735 1096 821 1107 54 190 867 662 768 1066 1008 1137 895 997 996 908 936 1027 884 543 212 1099 1625 1021 1091 1583 145 676 1281 1617 588 669 1525 1554 1641 149 1437 1499 1026 1110 906 737 737 641 1699 866 728 1742 993 770 1482 155 1029 792 736 377 707
380 260 0 722 246 833 1194 919 1205 263 222 731 760 866 930 1106 1001 759 1095 1094 1005 800 1125 748 641 244 1197 1489 1118 1153 1447 243 774 1378 1481 685 731 1389 1418 1505 247 1301 1363 1124 1208 770 601 601 739 1563 730 592 1606 857 634 1346 253 1127 706 600 241 571
576 804 722 0 707 1098 843 1184 854 807 820 557 804 971 756 1010 827 284 999 743 1030 626 988 574 906 842 846 1315 1022 600 1251 705 1039 845 1307 950 178 1215 1244 1309 708 1127 1189 987 857 596 427 427 1003 1389 255 418 1415 402 460 1172 715 776 31 426 839 191
185 148 246 710 0 638 999 724 1010 151 176 853 565 671 1052 912 1123 861 900 899 811 922 930 870 447 198 1002 1611 924 994 1569 49 579 1184 1603 491 572 1511 1540 1626 52 1423 1485 929 1013 892 723 723 544 1685 832 714 1728 979 756 1468 58 932 695 722 363 693
576 735 833 1101 638 0 740 541 751 738 763 1440 956 412 1633 393 1710 1252 382 640 292 1509 412 1457 281 786 743 2198 405 728 1936 636 123 665 2081 255 963 2099 2127 1993 639 1990 2072 411 754 1479 1310 1311 285 2272 1204 1301 2100 1104 1305 1901 646 673 1085 1309 950 1129
936 1096 1194 843 999 740 0 1145 30 1099 1124 1107 1317 390 1187 785 1349 829 774 139 805 1191 763 1235 867 1147 62 1752 797 375 1490 997 743 620 1635 874 705 1727 1781 1547 1000 1544 1642 762 33 1081 931 932 625 1826 757 922 1654 658 859 1455 1007 130 828 1034 1311 871
673 832 930 1198 735 552 1156 0 1167 835 860 1538 1053 828 1735 825 1807 1349 814 1056 724 1606 844 1554 413 883 1159 2296 837 830 2038 733 492 584 2183 335 1060 2196 2224 2095 737 2092 2169 843 1170 1576 1407 1408 701 2369 1306 1398 2202 1206 1407 2004 743 1089 1183 1406 1047 1226
948 1107 1205 854 1010 751 30 1156 0 1110 1135 1118 1328 401 1198 796 1360 840 785 150 817 1202 774 1246 878 1158 73 1763 808 386 1501 1008 754 631 1646 885 716 1738 1792 1558 1012 1555 1653 773 44 1092 942 943 637 1837 768 934 1665 669 870 1466 1018 141 839 1046 1322 882
284 54 263 810 151 738 1099 824 1110 0 193 870 665 771 1069 1011 1140 898 1000 999 910 939 1030 887 546 215 1102 1628 1023 1094 1586 148 678 1283 1620 590 672 1528 1557 1643 152 1440 1502 1029 1113 909 740 740 643 1702 869 731 1745 996 773 1485 158 1032 794 739 380 710
310 190 222 820 176 763 1124 849 1135 193 0 829 690 796 1028 1036 1099 857 1025 1024 936 898 1055 846 571 56 1127 1588 1049 1119 1545 173 704 1309 1579 616 697 1487 1516 1603 177 1399 1461 1054 1138 868 699 699 669 1661 828 690 1704 955 732 1444 183 1057 804 698 339 669
970 867 731 557 853 1440 1107 1526 1118 870 829 0 1198 1236 507 1274 578 594 1263 1007 1294 377 1252 325 1249 852 1110 1067 1286 864 869 851 1381 1109 1015 1293 572 966 995 927 854 878 940 1251 1121 170 436 437 1346 1140 565 427 1033 530 470 835 860 1040 542 298 848 407
434 662 760 807 565 956 1317 1042 1328 665 690 1195 0 989 1394 1229 1464 958 1218 1217 1128 1264 1248 1211 764 713 1320 1953 1241 1091 1911 563 896 1336 1945 808 669 1853 1882 1968 566 1765 1827 1247 1331 1234 1064 1065 861 2027 928 1056 2070 1076 1098 1810 573 1250 791 1063 877 835
609 768 866 971 671 412 390 817 401 771 796 1236 989 0 1315 686 1477 957 674 290 585 1320 704 1364 539 819 393 1880 698 504 1618 669 415 749 1764 546 833 1856 1909 1676 673 1672 1770 703 404 1209 1060 1060 298 1954 886 1051 1782 786 987 1584 679 322 956 1163 983 1000
1169 1066 930 756 1052 1633 1187 1725 1198 1069 1028 507 1397 1315 0 1353 379 793 1342 1087 1374 165 1331 209 1447 1051 1190 954 1366 944 691 1050 1580 1189 837 1492 770 900 928 749 1053 745 844 1330 1201 540 635 636 1545 1027 751 626 855 610 582 657 1059 1119 741 496 1047 605
849 1008 1106 1010 912 393 785 814 796 1011 1036 1274 1229 686 1353 0 1516 995 28 685 134 1358 132 1402 554 1059 788 1919 40 449 1656 909 396 386 1802 528 872 1894 1948 1714 913 1710 1809 131 799 1248 1098 1099 558 1993 924 1089 1821 825 1025 1622 919 718 995 1201 1223 1038
1239 1137 1001 827 1123 1710 1349 1796 1360 1140 1099 578 1467 1477 379 1516 0 864 1505 1249 1536 249 1494 289 1518 1121 1352 808 1528 1106 593 1120 1651 1351 739 1562 841 708 737 651 1124 620 682 1493 1363 617 706 706 1616 882 835 697 757 772 739 559 1130 1282 811 567 1118 676
727 895 759 284 859 1249 829 1335 840 898 857 594 955 957 793 995 864 0 984 729 1016 663 973 611 1057 880 832 1353 1008 586 1125 856 1190 831 1271 1102 329 1253 1281 1183 860 1164 1226 972 843 633 458 458 1155 1426 129 449 1289 276 385 1091 866 761 269 463 876 229
837 997 1095 999 900 382 774 803 785 1000 1025 1263 1218 674 1342 28 1505 984 0 674 123 1347 121 1391 542 1048 777 1908 40 438 1645 898 385 375 1791 517 860 1883 1937 1703 901 1699 1798 120 788 1237 1087 1087 547 1981 913 1078 1809 814 1014 1611 908 706 983 1190 1212 1027
837 996 1094 743 899 640 139 1045 150 999 1024 1007 1217 290 1087 685 1249 729 674 0 706 1091 663 1135 767 1047 142 1652 697 275 1390 897 643 520 1535 774 605 1627 1681 1447 901 1444 1542 662 153 981 831 832 526 1726 658 823 1554 558 759 1355 907 72 728 935 1211 771
748 908 1005 1030 811 292 805 713 817 910 936 1294 1128 585 1374 134 1536 1016 123 706 0 1379 153 1423 453 958 809 1939 146 469 1677 808 295 406 1823 427 892 1915 1968 1735 812 1731 1829 152 820 1268 1119 1119 457 2013 945 1110 1841 845 1046 1643 818 738 1015 1222 1122 1059
1039 936 800 626 922 1509 1191 1595 1202 939 898 377 1267 1320 165 1358 249 663 1347 1091 1379 0 1336 79 1318 921 1194 870 1370 948 695 920 1450 1194 840 1362 641 770 799 752 923 682 743 1335 1205 416 505 506 1415 944 634 496 859 614 538 660 929 1124 611 366 917 476
867 1027 1125 988 930 412 763 833 774 1030 1055 1252 1248 704 1331 132 1494 973 121 663 153 1336 0 1380 573 1078 766 1897 145 427 1634 928 415 364 1780 547 850 1872 1926 1692 931 1688 1787 12 777 1226 1076 1077 577 1971 902 1067 1798 803 1003 1600 938 695 972 1179 1242 1016
986 884 748 574 870 1457 1235 1543 1246 887 846 325 1214 1364 209 1402 289 611 1391 1135 1423 79 1380 0 1265 868 1238 879 1414 992 735 867 1398 1237 870 1309 588 779 807 793 871 690 752 1379 1249 364 453 453 1362 952 582 444 899 658 486 701 877 1168 558 314 865 423
384 543 641 909 447 281 867 402 878 546 571 1249 764 539 1447 554 1518 1060 542 767 453 1318 573 1265 0 594 870 2007 566 889 1964 444 220 826 1999 89 771 1907 1935 2022 448 1819 1880 571 881 1287 1118 1119 412 2081 1031 1109 2123 1178 1152 1864 454 800 894 1117 758 937
332 212 244 842 198 786 1147 872 1158 215 56 852 713 819 1051 1059 1121 880 1048 1047 958 921 1078 868 594 0 1150 1610 1071 1142 1568 196 726 1331 1602 638 719 1510 1539 1625 199 1422 1484 1076 1161 891 721 722 691 1684 850 713 1727 978 755 1467 206 1079 827 720 361 692
940 1099 1197 846 1002 743 62 1148 73 1102 1127 1110 1320 393 1190 788 1352 832 777 142 809 1194 766 1238 870 1150 0 1755 800 378 1493 1000 746 623 1638 877 708 1730 1784 1550 1003 1547 1645 765 76 1084 934 935 629 1829 760 926 1657 661 862 1458 1010 133 831 1038 1314 874
1728 1625 1489 1315 1611 2198 1752 2285 1763 1628 1588 1067 1956 1880 954 1919 808 1353 1908 1652 1939 870 1897 879 2007 1610 1755 0 1931 1509 324 1609 2139 1754 467 2051 1330 376 100 267 1612 508 349 1896 1766 1105 1194 1195 2104 119 1316 1186 188 1175 1148 506 1619 1685 1300 1056 1487 1165
861 1021 1118 1022 924 405 797 826 808 1023 1049 1286 1241 698 1366 40 1528 1008 40 697 146 1370 145 1414 566 1071 800 1931 0 461 1669 921 408 398 1814 540 884 1906 1960 1726 925 1722 1821 143 811 1260 1110 1111 570 2005 936 1101 1833 837 1038 1634 931 730 1007 1213 1235 1050
863 1091 1150 600 994 728 375 830 386 1094 1119 864 1091 504 944 449 1106 586 438 275 469 948 427 992 889 1142 378 1509 461 0 1247 992 731 284 1392 863 462 1484 1538 1304 995 1301 1399 426 389 838 688 689 739 1583 514 680 1411 415 616 1212 1002 308 585 791 1267 628
1685 1583 1447 1251 1569 1936 1490 2038 1501 1586 1545 869 1914 1618 691 1656 593 1125 1645 1390 1677 695 1634 735 1964 1568 1493 324 1669 1247 0 1566 1939 1492 207 2008 1287 299 353 119 1570 331 214 1633 1504 843 958 959 1854 398 1054 949 226 913 885 243 1576 1422 1236 1013 1448 1122
182 145 243 708 49 636 997 722 1008 148 173 851 563 669 1050 909 1120 859 898 897 808 920 928 867 444 196 1000 1609 921 992 1566 0 576 1181 1601 488 570 1509 1537 1624 50 1421 1482 927 1011 889 720 721 541 1683 830 711 1725 976 754 1466 56 929 692 719 360 691
516 676 774 1041 579 123 743 480 754 678 704 1381 896 415 1580 396 1651 1192 385 643 295 1450 415 1398 220 726 746 2139 408 731 1939 576 0 668 2084 195 903 2039 2068 1996 580 1951 2013 413 757 1420 1250 1251 287 2213 1163 1242 2103 1107 1284 1904 586 676 1026 1250 891 1070
1108 1281 1378 845 1184 665 620 584 631 1283 1309 1109 1336 749 1189 386 1351 831 375 520 406 1194 364 1237 826 1331 623 1754 398 284 1492 1181 668 0 1637 800 707 1730 1783 1549 1185 1546 1644 363 634 1083 933 934 830 1828 760 925 1656 660 861 1458 1191 553 830 1037 1496 874
1720 1617 1481 1307 1603 2081 1635 2183 1646 1620 1579 1015 1948 1764 837 1802 739 1271 1791 1535 1823 840 1780 870 1999 1602 1638 467 1814 1392 207 1601 2084 1637 0 2043 1322 237 396 265 1604 477 151 1779 1649 988 1104 1104 1999 541 1199 1095 371 1058 1031 389 1610 1568 1292 1048 1478 1157
428 588 685 953 491 255 874 323 885 590 616 1293 808 546 1492 528 1562 1104 517 774 427 1362 547 1309 89 638 877 2051 540 863 2008 488 195 800 2043 0 815 1951 1980 2066 492 1863 1924 546 888 1331 1162 1163 418 2125 1075 1154 2168 1222 1196 1908 498 806 938 1161 802 981
440 669 728 178 572 963 705 1049 716 672 697 572 669 833 770 872 841 329 860 605 892 641 850 588 771 719 708 1330 884 462 1287 570 903 707 1322 815 0 1230 1258 1345 573 1141 1203 849 719 610 441 442 868 1404 300 432 1446 447 475 1187 579 638 162 440 845 206
1628 1525 1389 1215 1511 2099 1727 2185 1738 1528 1487 966 1856 1856 900 1894 708 1253 1883 1627 1915 770 1872 779 1907 1510 1730 376 1906 1484 299 1509 2039 1730 237 1951 1230 0 304 357 1512 408 118 1871 1741 1005 1094 1095 2004 449 1223 1086 463 1150 1123 453 1519 1660 1200 956 1386 1065
1657 1554 1418 1244 1540 2127 1781 2213 1792 1557 1516 995 1885 1909 928 1948 737 1281 1937 1681 1968 799 1926 807 1935 1539 1784 100 1960 1538 353 1537 2068 1783 396 1980 1258 304 0 296 1541 437 278 1925 1795 1034 1123 1123 2033 174 1252 1114 217 1204 1156 482 1547 1714 1229 984 1415 1093
1743 1641 1505 1309 1626 1993 1547 2095 1558 1643 1603 927 1971 1676 749 1714 651 1183 1703 1447 1735 752 1692 793 2022 1625 1550 267 1726 1304 119 1624 1996 1549 265 2066 1345 357 296 0 1627 389 271 1691 1561 900 1016 1016 1911 341 1111 1007 169 970 943 301 1634 1480 1293 1071 1505 1180
186 149 247 711 52 639 1000 725 1012 152 177 854 566 673 1053 913 1124 862 901 901 812 923 931 871 448 199 1003 1612 925 995 1570 50 580 1185 1604 492 573 1512 1541 1627 0 1424 1486 930 1014 893 724 724 545 1686 833 715 1729 980 757 1469 59 933 696 723 364 694
1540 1437 1301 1127 1423 1990 1544 2092 1555 1440 1399 878 1768 1672 745 1710 620 1164 1699 1444 1731 682 1688 690 1819 1422 1547 508 1722 1301 331 1421 1951 1546 477 1863 1141 408 437 389 1424 0 382 1687 1558 897 1006 1007 1908 582 1108 997 496 967 939 145 1430 1476 1112 867 1298 976
1601 1499 1363 1189 1485 2072 1642 2158 1653 1502 1461 940 1830 1770 844 1809 682 1226 1798 1542 1829 743 1787 752 1880 1484 1645 349 1821 1399 214 1482 2013 1644 151 1924 1203 118 278 271 1486 382 0 1786 1656 979 1068 1068 1978 423 1197 1059 378 1065 1038 396 1492 1575 1173 929 1360 1038
866 1026 1124 987 929 411 762 831 773 1029 1054 1251 1247 703 1330 131 1493 972 120 662 152 1335 12 1379 571 1076 765 1896 143 426 1633 927 413 363 1779 546 849 1871 1925 1691 930 1687 1786 0 776 1225 1075 1075 575 1969 901 1066 1797 802 1002 1599 936 694 971 1178 1241 1015
951 1110 1208 857 1013 754 33 1159 44 1113 1138 1121 1331 404 1201 799 1363 843 788 153 820 1205 777 1249 881 1161 76 1766 811 389 1504 1011 757 634 1649 888 719 1741 1795 1561 1014 1558 1656 776 0 1095 945 946 640 1840 771 937 1668 672 873 1469 1021 144 842 1049 1325 885
1008 906 770 596 892 1479 1081 1565 1092 909 868 170 1237 1209 540 1248 617 633 1237 981 1268 416 1226 364 1287 891 1084 1105 1260 838 843 889 1420 1083 988 1331 610 1005 1034 900 893 897 979 1225 1095 0 475 475 1385 1179 604 466 1007 504 477 809 899 1014 580 336 887 445
839 737 601 427 723 1310 931 1396 942 740 699 436 1067 1060 635 1098 706 458 1087 831 1119 505 1076 453 1118 721 934 1194 1110 688 958 720 1250 933 1104 1162 441 1094 1123 1016 724 1006 1068 1075 945 475 0 54 1215 1268 387 45 1122 354 131 924 730 864 411 201 718 276
840 737 601 427 723 1311 932 1396 943 740 699 437 1068 1060 636 1099 706 458 1087 832 1119 506 1077 453 1119 722 935 1195 1111 689 959 721 1251 934 1104 1163 442 1095 1123 1016 724 1007 1068 1075 946 475 54 0 1216 1269 387 45 1123 355 132 924 730 864 412 202 718 277
481 641 739 1006 544 285 625 689 637 643 669 1346 861 298 1545 558 1616 1157 547 526 457 1415 577 1362 412 691 629 2104 570 739 1854 541 287 830 1999 418 868 2004 2033 1911 545 1908 1978 575 640 1385 1215 1216 0 2178 1122 1207 2018 1022 1223 1819 551 558 991 1214 856 1035
1802 1699 1563 1389 1685 2272 1826 2358 1837 1702 1661 1140 2030 1954 1027 1993 882 1426 1981 1726 2013 944 1971 952 2081 1684 1829 119 2005 1583 398 1683 2213 1828 541 2125 1404 449 174 341 1686 582 423 1969 1840 1179 1268 1269 2178 0 1390 1259 262 1249 1222 579 1692 1758 1374 1129 1560 1239
698 866 730 255 829 1204 757 1306 768 869 828 565 926 886 751 924 835 129 913 658 945 634 902 582 1028 850 760 1316 936 514 1054 827 1160 760 1199 1072 300 1223 1252 1111 830 1108 1197 901 771 604 387 387 1122 1390 0 378 1218 205 314 1019 837 690 240 434 847 200
831 728 592 418 714 1301 922 1387 934 731 690 427 1059 1051 626 1089 697 449 1078 823 1110 496 1067 444 1109 713 926 1186 1101 680 949 711 1242 925 1095 1154 432 1086 1114 1007 715 997 1059 1066 937 466 45 45 1207 1259 378 0 1113 345 123 915 721 855 403 192 709 267
1845 1742 1606 1415 1728 2100 1654 2202 1665 1745 1704 1033 2073 1782 855 1821 757 1289 1809 1554 1841 859 1798 899 2123 1727 1657 188 1833 1411 226 1725 2103 1656 371 2168 1446 463 217 169 1729 496 378 1797 1668 1007 1122 1123 2018 262 1218 1113 0 1077 1049 407 1735 1586 1400 1172 1603 1281
845 993 857 402 976 1104 658 1206 669 996 955 530 1073 786 610 825 772 276 814 558 845 614 803 658 1175 978 661 1175 837 415 913 974 1107 660 1058 1219 447 1150 1204 970 977 967 1065 802 672 504 354 355 1022 1249 205 345 1077 0 282 878 984 591 387 457 974 347
873 770 634 460 756 1305 859 1407 870 773 732 470 1101 987 582 1025 739 385 1014 759 1046 538 1003 486 1152 755 862 1148 1038 616 885 754 1284 861 1031 1196 475 1123 1156 943 757 939 1038 1002 873 477 131 132 1223 1222 314 123 1049 282 0 851 763 791 445 235 751 310
1585 1482 1346 1172 1468 1901 1455 2004 1466 1485 1444 835 1813 1584 657 1622 559 1091 1611 1355 1643 660 1600 701 1864 1467 1458 506 1634 1212 243 1466 1904 1458 389 1908 1187 453 482 301 1469 145 396 1599 1469 809 924 924 1819 579 1019 915 407 878 851 0 1475 1388 1157 913 1343 1022
192 155 253 717 58 646 1007 732 1018 158 183 860 573 679 1059 919 1130 869 908 907 818 929 938 877 454 206 1010 1619 931 1002 1576 56 586 1191 1610 498 579 1519 1547 1634 59 1430 1492 936 1021 899 730 730 551 1692 839 721 1735 986 763 1475 0 939 702 729 370 700
869 1029 1127 776 932 673 130 1078 141 1032 1057 1040 1250 322 1119 718 1282 761 706 72 738 1124 695 1168 800 1079 133 1685 730 308 1422 929 676 553 1568 806 638 1660 1714 1480 933 1476 1575 694 144 1014 864 864 558 1758 690 855 1586 591 791 1388 939 0 760 967 1244 804
560 789 706 31 692 1083 828 1169 839 792 804 542 788 956 741 995 811 269 983 728 1015 611 972 558 891 827 831 1300 1007 585 1236 690 1023 830 1292 935 162 1200 1229 1293 693 1112 1173 971 842 580 411 412 988 1374 240 403 1400 387 445 1157 699 760 0 410 823 176
838 736 600 426 722 1309 1034 1395 1046 739 698 298 1066 1163 496 1201 567 463 1190 935 1222 366 1179 314 1117 720 1038 1056 1213 791 1013 719 1250 1037 1048 1161 440 956 984 1071 723 867 929 1178 1049 336 201 202 1214 1129 434 192 1172 457 235 913 729 967 410 0 717 275
497 377 241 839 363 950 1311 1036 1322 380 339 848 877 983 1047 1223 1118 876 1212 1211 1122 917 1242 865 758 361 1314 1487 1235 1270 1448 360 891 1496 1478 802 848 1386 1415 1505 364 1298 1360 1241 1325 887 718 718 856 1560 847 709 1603 974 751 1343 370 1244 823 717 0 688
604 707 571 191 693 1126 871 1212 882 710 669 407 832 1000 605 1038 676 229 1027 771 1059 476 1016 423 935 692 874 1165 1050 628 1122 691 1067 874 1157 979 206 1065 1093 1180 694 976 1038 1015 885 445 276 277 1032 1239 200 267 1281 347 310 1022 700 804 176 275 688 0
EOF
