NAME : tsp_problem
TYPE : TSP
DIMENSION : 38
EDGE_WEIGHT_TYPE : EXPLICIT
EDGE_WEIGHT_FORMAT : FULL_MATRIX
EDGE_WEIGHT_SECTION
0 53 798 654 942 1039 1651 1704 981 727 744 1388 1696 1047 1311 1286 1075 1104 102 1725 1738 1010 511 1448 1077 1007 1648 1690 866 977 763 1496 1564 1024 970 1181 1082 1068
53 0 810 666 954 1051 1663 1716 993 739 756 1400 1708 1058 1323 1298 1087 1116 114 1737 1750 1022 523 1460 1089 1019 1660 1702 878 989 775 1508 1576 1036 982 1192 1094 1080
798 810 0 163 499 596 1815 2225 1297 1069 458 1723 2060 1298 1564 1870 1487 1458 777 1977 2102 1132 732 1647 1447 1323 1937 2054 1124 1293 478 1831 1983 1275 1286 1412 1480 1502
654 666 163 0 514 610 1830 2213 1312 1083 367 1738 2075 1312 1579 1794 1502 1473 633 1992 2117 1146 641 1661 1462 1338 1952 2069 1139 1308 387 1846 1998 1290 1301 1427 1495 1516
942 954 499 514 0 150 1369 1779 851 819 860 1277 1614 852 1118 1424 1041 1012 921 1531 1656 686 1134 1201 1001 877 1491 1608 678 847 880 1385 1537 829 841 967 1034 1056
1039 1051 596 610 150 0 1317 1727 799 787 957 1225 1562 800 1066 1372 989 960 1018 1479 1604 634 1231 1149 949 825 1439 1556 626 795 976 1333 1485 777 788 914 982 1004
1651 1663 1815 1830 1369 1317 0 456 820 1066 1893 430 291 820 559 414 745 715 1630 208 333 748 1660 354 705 846 168 286 905 816 1912 226 214 798 809 670 737 759
1704 1716 2225 2213 1779 1727 456 0 1073 1354 1946 687 240 1139 886 467 910 940 1683 269 282 1159 1713 746 912 1100 521 234 1223 1069 1965 614 466 1116 1063 973 917 904
981 993 1297 1312 851 799 820 1073 0 548 1223 728 1065 126 569 655 444 463 960 982 1107 190 990 651 446 60 942 1059 387 35 1242 836 933 103 30 417 451 438
727 739 1066 1081 817 787 1066 1354 548 0 969 974 1311 549 815 936 725 709 707 1228 1353 383 737 898 699 575 1188 1306 376 544 989 1082 1214 526 538 664 731 719
744 756 458 367 860 957 1893 1946 1223 969 0 1630 1938 1289 1553 1528 1317 1346 723 1967 1980 1252 352 1690 1319 1249 1890 1932 1108 1219 69 1738 1806 1266 1212 1423 1324 1310
1388 1400 1723 1738 1277 1225 430 687 728 974 1630 0 675 729 467 268 594 623 1367 592 717 656 1398 177 596 754 552 670 813 724 1649 446 547 706 717 578 601 588
1696 1708 2060 2075 1614 1562 291 240 1065 1311 1938 675 0 1066 804 459 902 931 1675 104 63 994 1705 599 904 1091 356 43 1151 1061 1957 471 402 1043 1055 915 909 895
1047 1058 1298 1312 852 800 820 1139 126 549 1289 729 1066 0 570 721 493 464 1026 982 1108 191 1056 652 453 152 942 1060 388 122 1308 836 989 45 116 418 485 503
1311 1323 1564 1579 1118 1066 559 886 569 815 1553 467 804 570 0 467 417 388 1290 721 846 498 1320 391 377 595 681 799 655 565 1572 575 727 547 558 305 410 432
1286 1298 1870 1794 1424 1372 414 467 655 936 1528 268 459 721 467 0 492 521 1265 488 501 785 1295 328 494 681 411 453 805 651 1547 259 327 698 645 555 499 485
1075 1087 1487 1502 1041 989 745 910 444 725 1317 594 902 493 417 492 0 58 1054 906 944 421 1084 576 99 470 854 896 578 440 1336 702 770 470 434 200 35 110
1104 1116 1458 1473 1012 960 715 940 463 709 1346 623 931 464 388 521 58 0 1084 877 973 392 1114 547 98 489 837 926 549 459 1366 731 800 441 452 171 62 140
102 114 777 633 921 1018 1630 1683 960 707 723 1367 1675 1026 1290 1265 1054 1084 0 1704 1717 989 490 1427 1056 986 1627 1669 845 956 742 1475 1543 1003 950 1160 1061 1048
1725 1737 1977 1992 1531 1479 208 269 982 1228 1967 592 104 982 721 488 906 877 1704 0 146 910 1735 516 867 1008 272 99 1067 977 1986 387 319 960 971 832 899 921
1738 1750 2102 2117 1656 1604 333 282 1107 1353 1980 717 63 1108 846 501 944 973 1717 146 0 1036 1747 641 946 1133 398 85 1193 1103 1999 513 444 1085 1097 957 951 937
1010 1022 1132 1146 686 634 748 1159 190 383 1252 656 994 191 498 785 421 392 989 910 1036 0 1020 580 381 217 870 988 222 186 1272 764 916 168 180 346 413 435
511 523 732 641 1134 1231 1660 1713 990 737 352 1398 1705 1056 1320 1295 1084 1114 490 1735 1747 1020 0 1457 1086 1017 1657 1699 876 986 371 1505 1573 1033 980 1190 1091 1078
1448 1460 1647 1661 1201 1149 354 746 651 898 1690 177 599 652 391 328 576 547 1427 516 641 580 1457 0 536 678 476 593 737 647 1709 370 522 629 641 502 569 591
1077 1089 1447 1462 1001 949 705 912 446 699 1319 596 904 453 377 494 99 98 1056 867 946 381 1086 536 0 473 827 898 538 442 1338 704 772 430 436 161 106 87
1007 1019 1323 1338 877 825 846 1100 60 575 1249 754 1091 152 595 681 470 489 986 1008 1133 217 1017 678 473 0 968 1086 414 62 1269 862 960 130 56 444 478 464
1648 1660 1937 1952 1491 1439 168 521 942 1188 1890 552 356 942 681 411 854 837 1627 272 398 870 1657 476 827 968 0 350 1027 937 1909 348 148 920 931 792 859 847
1690 1702 2054 2069 1608 1556 286 234 1059 1306 1932 670 43 1060 799 453 896 926 1669 99 85 988 1699 593 898 1086 350 0 1145 1055 1951 465 396 1037 1049 909 903 890
866 878 1124 1139 678 626 905 1223 387 376 1108 813 1151 388 655 805 578 549 845 1067 1193 222 876 737 538 414 1027 1145 0 383 1127 921 1074 365 377 503 570 588
977 989 1293 1308 847 795 816 1069 35 544 1219 724 1061 122 565 651 440 459 956 977 1103 186 986 647 442 62 937 1055 383 0 1238 831 929 99 26 413 447 434
763 775 478 387 880 976 1912 1965 1242 989 69 1649 1957 1308 1572 1547 1336 1366 742 1986 1999 1272 371 1709 1338 1269 1909 1951 1127 1238 0 1757 1825 1285 1232 1442 1343 1330
1496 1508 1831 1846 1385 1333 226 614 836 1082 1738 446 471 836 575 259 702 731 1475 387 513 764 1505 370 704 862 348 465 921 831 1757 0 394 814 825 686 709 696
1564 1576 1983 1998 1537 1485 214 466 933 1214 1806 547 402 989 727 327 770 800 1543 319 444 916 1573 522 772 960 148 396 1074 929 1825 394 0 966 923 833 777 764
1024 1036 1275 1290 829 777 798 1116 103 526 1266 706 1043 45 547 698 470 441 1003 960 1085 168 1033 629 430 130 920 1037 365 99 1285 814 966 0 93 395 463 481
970 982 1286 1301 841 788 809 1063 30 538 1212 717 1055 116 558 645 434 452 950 971 1097 180 980 641 436 56 931 1049 377 26 1232 825 923 93 0 407 441 427
1181 1192 1412 1427 967 914 670 973 417 664 1423 578 915 418 305 555 200 171 1160 832 957 346 1190 502 161 444 792 909 503 413 1442 686 833 395 407 0 193 215
1082 1094 1480 1495 1034 982 737 917 451 731 1324 601 909 485 410 499 35 62 1061 899 951 413 1091 569 106 478 859 903 570 447 1343 709 777 463 441 193 0 117
1068 1080 1502 1516 1056 1004 759 904 438 719 1310 588 895 503 432 485 110 140 1048 921 937 435 1078 591 87 464 847 890 588 434 1330 696 764 481 427 215 117 0
EOF