NAME : tsp_problem
TYPE : TSP
DIMENSION : 53
EDGE_WEIGHT_TYPE : EXPLICIT
EDGE_WEIGHT_FORMAT : FULL_MATRIX
EDGE_WEIGHT_SECTION
0 1176 294 984 502 1371 660 1120 938 1536 995 580 995 1085 785 1253 1057 1000 989 746 746 1274 1028 727 442 645 929 982 982 1619 1713 657 1346 1197 640 869 141 1335 1113 937 743 987 1523 779 1461 868 974 624 940 995 517 760 1166
1176 0 1328 250 1609 464 827 1700 582 575 1700 719 225 1466 694 99 438 1381 1625 913 655 120 1623 1622 1549 813 572 249 625 713 646 824 439 206 1674 775 1248 429 494 1642 1825 1692 563 946 555 1035 1355 1731 583 1376 1624 927 90
294 1325 0 1133 382 1521 809 1000 1088 1685 875 729 1145 965 935 1403 1207 880 869 518 896 1424 908 607 322 795 1079 1132 1132 1769 1863 807 1496 1347 521 1019 300 1485 1263 817 624 867 1673 664 1611 753 854 504 1090 875 397 531 1315
984 250 1136 0 1417 446 635 1670 390 610 1669 527 70 1436 502 328 246 1351 1595 721 463 348 1592 1591 1357 621 380 57 433 694 788 632 421 272 1556 586 1056 410 302 1611 1659 1662 598 755 536 843 1325 1539 392 1346 1432 735 240
502 1609 382 1417 0 1805 1093 654 1372 1969 600 1013 1429 843 1219 1687 1491 758 594 851 1180 1708 633 484 200 1079 1363 1416 1416 2053 2147 1091 1780 1631 398 1303 509 1769 1547 542 348 592 1957 997 1895 1086 732 201 1374 753 52 863 1599
1371 464 1524 446 1805 0 1022 1844 777 512 1843 914 421 1610 889 484 634 1524 1768 1109 851 505 1766 1765 1745 1008 751 444 804 596 610 1020 152 486 1818 918 1443 43 690 1785 1969 1835 499 1142 438 1214 1499 1927 762 1520 1820 1122 454
660 827 812 635 1093 1022 0 1170 589 1104 1170 127 646 937 436 870 708 851 1095 397 398 891 1093 1092 1033 69 580 633 633 1271 1176 56 997 849 1145 510 732 986 764 1112 1296 1162 1092 383 1084 432 825 1215 591 847 1108 411 817
1131 1700 1011 1670 665 1844 1170 0 1406 1870 690 1194 1681 857 1341 1636 1586 772 615 1049 1303 1656 613 1013 828 1156 1366 1668 1419 2062 1941 1168 1769 1806 1027 1276 1137 1808 1588 632 815 682 1857 987 1850 1037 746 739 1377 768 681 1061 1690
938 582 1091 390 1372 777 589 1406 0 817 1405 481 401 1172 456 583 331 1087 1331 676 418 604 1328 1327 1312 575 85 388 138 1010 889 587 716 603 1380 481 1010 741 387 1347 1531 1398 805 709 797 776 1061 1494 96 1082 1387 689 572
1536 575 1688 610 1969 512 1104 1870 817 0 1870 1079 585 1636 1010 511 737 1551 1795 1273 972 531 1793 1791 1909 1090 778 609 831 539 420 1102 464 651 1844 945 1608 476 739 1812 1995 1862 30 1191 120 1240 1525 2091 789 1546 1984 1287 565
995 1700 875 1669 600 1843 1170 690 1405 1870 0 1194 1681 857 1341 1635 1585 772 178 1049 1302 1656 216 658 607 1156 1365 1668 1418 2062 1941 1168 1769 1806 571 1276 1001 1807 1587 104 309 49 1857 987 1849 1036 746 469 1377 767 596 1061 1690
580 719 732 527 1013 914 127 1194 481 1079 1194 0 538 960 328 796 600 875 1119 317 290 817 1117 1116 953 113 472 525 525 1163 1200 124 889 741 1152 412 652 878 656 1136 1255 1186 1066 350 1005 439 849 1135 483 870 1028 331 709
995 225 1148 70 1429 421 646 1681 401 585 1681 538 0 1447 513 303 258 1362 1606 733 475 323 1604 1602 1369 632 392 68 445 669 763 644 396 247 1567 597 1067 385 314 1623 1670 1673 573 766 511 855 1336 1551 403 1357 1444 746 215
1085 1466 965 1436 843 1610 937 857 1172 1636 857 960 1447 0 1107 1402 1352 118 782 815 1069 1422 780 422 697 922 1132 1434 1185 1828 1707 934 1535 1572 475 1042 1091 1574 1354 799 765 849 1623 753 1616 803 133 817 1143 155 857 827 1456
785 694 938 502 1219 889 436 1341 456 1010 1341 328 513 1107 0 772 575 1022 1266 523 67 792 1264 1263 1159 422 447 501 500 1138 1082 434 864 716 1316 211 857 853 631 1283 1460 1333 998 556 980 645 996 1341 458 1017 1234 536 684
1253 99 1406 328 1687 484 870 1636 583 511 1635 796 303 1402 772 0 503 1317 1560 991 733 55 1558 1557 1627 856 543 327 596 703 582 867 410 284 1610 711 1325 448 505 1577 1761 1628 498 956 490 1006 1291 1809 554 1312 1702 1005 168
1057 438 1210 246 1491 634 708 1586 331 737 1585 600 258 1352 575 503 0 1267 1510 795 537 523 1508 1507 1431 694 322 245 375 882 808 706 609 460 1560 660 1129 598 183 1527 1711 1578 724 828 717 917 1241 1613 333 1262 1506 808 428
1000 1381 880 1351 758 1524 851 772 1087 1551 772 875 1362 118 1022 1317 1267 0 697 730 984 1337 695 337 612 837 1047 1349 1100 1743 1622 849 1450 1487 390 957 1006 1489 1269 714 680 764 1538 668 1531 718 48 732 1058 70 772 742 1371
989 1625 869 1595 594 1768 1095 615 1331 1795 178 1119 1606 782 1266 1560 1510 697 0 974 1227 1581 142 652 601 1081 1291 1593 1344 1987 1866 1093 1694 1731 566 1201 996 1733 1512 120 303 170 1782 912 1775 962 671 464 1302 692 590 986 1615
746 913 516 721 848 1109 397 1049 676 1273 1049 317 733 815 523 991 795 730 974 0 484 1011 972 970 788 383 667 720 719 1357 1381 395 1084 935 986 607 766 1073 851 991 1089 1041 1261 163 1199 252 704 970 678 725 863 83 903
746 655 899 463 1180 851 398 1303 418 972 1302 290 475 1069 67 733 537 984 1227 484 0 753 1225 1224 1120 383 409 462 461 1099 1043 395 826 677 1277 172 819 815 593 1244 1421 1295 959 517 941 606 958 1302 420 979 1195 498 645
1274 120 1427 348 1708 505 891 1656 604 531 1656 817 323 1422 792 55 523 1337 1581 1011 753 0 1579 1578 1647 876 564 347 617 724 603 888 430 304 1630 731 1346 469 525 1598 1781 1648 519 977 511 1027 1311 1830 575 1332 1722 1025 188
1028 1623 908 1592 633 1766 1093 613 1328 1793 216 1117 1604 780 1264 1558 1508 695 142 972 1225 1579 0 691 640 1079 1288 1591 1341 1985 1864 1091 1692 1729 605 1199 1034 1730 1510 158 342 209 1780 910 1772 959 669 502 1300 690 629 984 1613
727 1622 607 1591 484 1765 1092 1013 1327 1791 658 1116 1602 422 1263 1557 1507 337 652 970 1224 1578 691 0 339 1078 1287 1590 1340 1984 1863 1089 1690 1727 117 1197 733 1729 1509 600 407 650 1779 909 1771 958 311 459 1298 332 499 983 1611
442 1549 322 1357 200 1745 1033 817 1312 1909 607 953 1369 697 1159 1627 1431 612 601 791 1120 1647 640 339 0 1019 1303 1356 1356 1993 2087 1031 1720 1571 252 1243 448 1709 1487 549 355 599 1897 937 1835 1025 586 236 1314 607 214 803 1539
645 813 798 621 1079 1008 69 1156 575 1090 1156 113 632 922 422 856 694 837 1081 383 383 876 1079 1078 1019 0 566 619 619 1256 1162 66 983 834 1131 496 718 972 750 1098 1281 1148 1078 368 1070 418 811 1201 577 832 1094 397 803
929 572 1082 380 1363 751 580 1366 85 778 1365 472 392 1132 447 543 322 1047 1291 667 409 564 1288 1287 1303 566 0 379 74 970 849 578 677 594 1340 441 1001 715 378 1307 1491 1358 765 687 757 736 1021 1485 32 1042 1378 680 562
982 249 1135 57 1416 444 633 1668 388 609 1668 525 68 1434 501 327 245 1349 1593 720 462 347 1591 1590 1356 619 379 0 432 693 787 631 419 271 1554 585 1054 408 301 1610 1657 1660 596 753 535 842 1323 1538 390 1345 1431 734 239
982 625 1135 433 1416 804 633 1419 138 831 1418 525 445 1185 500 596 375 1100 1344 719 461 617 1341 1340 1356 619 74 432 0 1023 902 631 730 647 1393 494 1054 768 431 1360 1544 1411 818 739 810 789 1074 1538 85 1095 1431 733 615
1619 713 1772 694 2053 596 1271 2062 1010 539 2062 1163 669 1828 1138 703 882 1743 1987 1357 1099 724 1985 1984 1993 1256 970 693 1023 0 313 1268 571 735 2037 1137 1692 560 931 2004 2188 2054 527 1383 465 1433 1717 2175 981 1739 2068 1371 703
1713 646 1866 788 2147 610 1176 1941 889 420 1941 1200 763 1707 1082 582 808 1622 1866 1381 1043 603 1864 1863 2087 1162 849 787 902 313 0 1173 535 752 1916 1016 1786 574 810 1883 2066 1933 408 1262 400 1312 1596 2227 860 1617 2162 1448 636
657 824 810 632 1091 1020 56 1168 587 1102 1168 124 644 934 434 867 706 849 1093 395 395 888 1091 1089 1031 66 578 631 631 1268 1173 0 995 846 1142 508 729 984 762 1110 1293 1160 1089 380 1082 430 823 1213 589 844 1106 408 814
1346 439 1499 421 1780 152 997 1769 716 464 1769 889 396 1535 864 410 609 1450 1694 1084 826 430 1692 1690 1720 983 677 419 730 571 535 995 0 461 1743 844 1418 116 638 1711 1894 1761 451 1090 413 1139 1424 1902 688 1445 1795 1097 429
1197 206 1350 272 1631 486 849 1806 603 651 1806 741 247 1572 716 284 460 1487 1731 935 677 304 1729 1727 1571 834 594 271 647 735 752 846 461 0 1769 800 1270 450 516 1748 1872 1798 638 968 577 1057 1461 1753 605 1482 1646 949 196
640 1674 521 1556 398 1818 1145 1015 1380 1844 571 1152 1567 475 1316 1610 1560 390 566 989 1277 1630 605 117 252 1131 1340 1554 1393 2037 1916 1142 1743 1769 0 1250 647 1782 1562 513 320 564 1832 961 1824 1011 364 373 1351 385 413 1002 1664
869 775 1022 586 1303 918 510 1276 481 945 1276 412 597 1042 211 711 660 957 1201 607 172 731 1199 1197 1243 496 441 585 494 1137 1016 508 844 800 1250 0 941 883 663 1218 1401 1268 932 597 925 646 931 1425 452 952 1318 620 765
141 1248 300 1056 509 1443 732 1126 1010 1608 1001 652 1067 1091 857 1325 1129 1006 996 769 819 1346 1034 733 448 718 1001 1054 1054 1692 1786 729 1418 1270 647 941 0 1407 1185 943 750 993 1595 851 1534 940 980 631 1012 1002 523 781 1238
1335 429 1488 410 1769 43 986 1808 741 476 1807 878 385 1574 853 448 598 1489 1733 1073 815 469 1730 1729 1709 972 715 408 768 560 574 984 116 450 1782 883 1407 0 654 1749 1933 1800 463 1106 402 1178 1463 1891 726 1484 1784 1086 418
1113 494 1266 302 1547 690 764 1588 387 739 1587 656 314 1354 631 505 183 1269 1512 851 593 525 1510 1509 1487 750 378 301 431 931 810 762 638 516 1562 663 1185 654 0 1529 1713 1580 726 884 719 958 1243 1669 389 1264 1562 864 484
937 1642 817 1611 542 1785 1112 632 1347 1812 104 1136 1623 799 1283 1577 1527 714 120 991 1244 1598 158 600 549 1098 1307 1610 1360 2004 1883 1110 1711 1748 513 1218 943 1749 1529 0 251 96 1799 929 1791 978 688 411 1319 709 538 1003 1632
743 1825 624 1659 348 1969 1296 815 1531 1995 309 1255 1670 765 1460 1761 1711 680 303 1092 1421 1781 342 407 355 1281 1491 1657 1544 2188 2066 1293 1894 1872 320 1401 750 1933 1713 251 0 301 1983 1112 1975 1162 654 218 1502 675 345 1105 1815
987 1692 867 1662 592 1835 1162 682 1398 1862 49 1186 1673 849 1333 1628 1578 764 170 1041 1295 1648 209 650 599 1148 1358 1660 1411 2054 1933 1160 1761 1798 564 1268 993 1800 1580 96 301 0 1849 979 1842 1029 738 461 1369 759 588 1053 1682
1523 563 1676 598 1957 499 1092 1857 805 30 1857 1066 573 1623 998 498 724 1538 1782 1261 959 519 1780 1779 1897 1078 765 596 818 527 408 1089 451 638 1832 932 1595 463 726 1799 1983 1849 0 1178 108 1228 1512 2079 776 1534 1972 1274 553
779 946 661 755 994 1142 383 987 709 1191 987 350 766 753 556 956 828 668 912 163 517 977 910 909 934 368 687 753 739 1383 1262 380 1090 968 961 597 851 1106 884 929 1112 979 1178 0 1170 133 642 1116 698 663 1009 230 936
1461 555 1614 536 1895 438 1084 1850 797 120 1849 1005 511 1616 980 490 717 1531 1775 1199 941 511 1772 1771 1835 1070 757 535 810 465 400 1082 413 577 1824 925 1534 402 719 1791 1975 1842 108 1170 0 1220 1505 2017 768 1526 1910 1213 545
868 1035 750 843 1083 1214 432 1037 776 1240 1036 439 855 803 645 1006 917 718 962 252 606 1027 959 958 1023 418 736 842 789 1433 1312 430 1139 1057 1011 646 940 1178 958 978 1162 1029 1228 133 1220 0 692 1205 747 713 1098 319 1025
974 1355 854 1325 732 1499 825 746 1061 1525 746 849 1336 133 996 1291 1241 48 671 704 958 1311 669 311 586 811 1021 1323 1074 1717 1596 823 1424 1461 364 931 980 1463 1243 688 654 738 1512 642 1505 692 0 706 1032 44 746 716 1345
624 1731 504 1539 201 1927 1215 728 1494 2091 469 1135 1551 817 1341 1809 1613 732 464 973 1302 1830 502 459 236 1201 1485 1538 1538 2175 2227 1213 1902 1753 373 1425 631 1891 1669 411 218 461 2079 1119 2017 1208 706 0 1496 728 197 985 1721
940 583 1093 392 1374 762 591 1377 96 789 1377 483 403 1143 458 554 333 1058 1302 678 420 575 1300 1298 1314 577 32 390 85 981 860 589 688 605 1351 452 1012 726 389 1319 1502 1369 776 698 768 747 1032 1496 0 1053 1389 691 573
995 1376 875 1346 753 1520 847 768 1082 1546 767 870 1357 155 1017 1312 1262 70 692 725 979 1332 690 332 607 832 1042 1345 1095 1739 1617 844 1445 1482 385 952 1002 1484 1264 709 675 759 1534 663 1526 713 44 728 1053 0 767 737 1366
517 1624 397 1432 52 1820 1108 669 1387 1984 596 1028 1444 857 1234 1702 1506 772 590 866 1195 1722 629 499 214 1094 1378 1431 1431 2068 2162 1106 1795 1646 413 1318 523 1784 1562 538 345 588 1972 1012 1910 1100 746 197 1389 767 0 878 1614
760 927 528 735 861 1122 411 1061 689 1287 1061 331 746 827 536 1005 808 742 986 83 498 1025 984 983 800 397 680 734 733 1371 1448 408 1097 949 999 620 778 1086 864 1003 1102 1053 1274 230 1213 319 716 983 691 737 875 0 917
1166 90 1318 240 1599 454 817 1690 572 565 1690 709 215 1456 684 168 428 1371 1615 903 645 188 1613 1611 1539 803 562 239 615 703 636 814 429 196 1664 765 1238 418 484 1632 1815 1682 553 936 545 1025 1345 1721 573 1366 1614 917 0
EOF
