NAME : tsp_problem
TYPE : TSP
DIMENSION : 62
EDGE_WEIGHT_TYPE : EXPLICIT
EDGE_WEIGHT_FORMAT : FULL_MATRIX
EDGE_WEIGHT_SECTION
0 1695 761 1679 719 603 312 813 242 501 1671 256 558 1507 870 1105 1036 1545 514 1461 1940 769 285 43 540 1733 574 808 1860 1250 376 1114 573 1989 2134 1390 1484 252 430 1241 525 1628 666 1924 397 529 762 1687 1799 31 553 124 813 796 1234 153 771 825 1195 1521 1487 636
1695 0 1000 149 1267 1489 1714 1314 1705 1549 156 1691 1573 347 1101 743 864 274 1257 470 583 1270 1704 1703 1283 462 1501 1308 297 684 1447 752 1458 581 511 512 393 1776 1321 675 1268 166 1570 476 1402 1576 1263 141 171 1691 1438 1759 1314 1296 668 1813 1272 1326 694 217 440 1384
761 1000 0 984 796 854 968 679 771 914 976 757 938 806 467 410 286 850 668 766 1245 635 769 768 694 1038 866 674 1165 555 461 419 824 1294 1439 694 789 908 584 546 679 932 935 1229 416 942 628 992 1104 757 803 824 679 662 539 878 637 691 500 826 792 749
1679 149 984 0 1252 1575 1800 1400 1689 1635 72 1675 1659 432 1187 728 950 258 1241 463 653 1356 1688 1687 1267 446 1587 1394 383 770 1431 737 1544 667 597 598 479 1827 1306 761 1252 93 1656 562 1386 1662 1349 56 257 1675 1524 1743 1400 1382 754 1797 1358 1412 724 202 488 1470
719 1267 796 1252 0 1218 926 1257 729 1116 1243 715 1172 1106 1246 704 851 1027 281 1060 1512 1212 728 727 307 1305 1189 1251 1432 849 488 713 1187 1561 1706 988 1083 867 345 840 292 1200 1224 1496 509 1143 1205 1259 1375 715 996 782 1257 1239 833 837 1215 1269 794 1093 1086 1251
603 1489 854 1575 1218 0 327 724 507 162 1582 521 185 1178 511 1253 849 1693 1013 1507 1897 680 512 575 1038 1838 113 718 1611 1204 874 1262 54 1894 1824 1288 1430 389 928 1194 1024 1592 579 1790 896 189 673 1567 1484 584 733 542 724 706 1188 515 682 736 1213 1644 1477 135
312 1714 968 1800 926 327 0 702 216 225 1807 230 281 1403 736 1312 1074 1752 721 1668 2122 657 221 284 747 1940 298 696 1836 1429 583 1321 296 2119 2049 1513 1655 97 637 1419 732 1817 804 2015 604 252 650 1792 1709 293 441 251 702 684 1413 223 660 714 1402 1728 1694 360
813 1314 679 1400 1257 724 702 0 678 784 1407 664 808 1003 248 1078 674 1518 1052 1332 1722 75 601 821 1077 1663 736 77 1436 1029 913 1087 693 1719 1649 1113 1255 687 967 1019 1062 1417 805 1615 935 811 77 1392 1309 809 316 839 29 47 1013 812 72 59 1038 1469 1302 619
242 1705 771 1689 729 507 216 678 0 405 1681 137 461 1489 734 1115 1046 1555 524 1471 1950 634 149 214 550 1743 478 672 1870 1260 386 1124 476 1999 2135 1400 1494 155 440 1251 535 1637 764 1934 407 432 627 1697 1795 223 418 181 678 660 1244 153 636 690 1205 1531 1497 540
501 1549 914 1635 1116 162 225 784 405 0 1642 419 68 1238 571 1313 909 1753 911 1567 1957 740 410 473 936 1898 133 778 1671 1264 772 1322 131 1954 1884 1349 1490 287 826 1254 922 1652 639 1850 794 63 733 1627 1544 482 631 440 784 766 1248 413 742 796 1273 1704 1538 195
1671 156 976 72 1243 1582 1807 1407 1681 1642 0 1667 1666 440 1195 719 957 250 1233 454 645 1363 1680 1679 1259 438 1594 1402 391 771 1423 728 1552 674 604 605 477 1819 1297 762 1244 85 1663 569 1378 1670 1356 63 264 1667 1531 1735 1407 1390 755 1789 1365 1419 716 193 480 1477
256 1691 757 1675 715 521 230 664 137 419 1667 0 476 1475 720 1101 1032 1541 510 1457 1936 620 135 228 536 1729 492 658 1856 1246 372 1110 491 1985 2121 1386 1480 169 426 1237 521 1624 778 1920 393 447 613 1683 1781 237 404 195 664 647 1230 167 622 676 1191 1517 1483 554
558 1573 938 1659 1172 185 281 808 461 68 1666 476 0 1262 595 1336 933 1776 967 1591 1981 763 466 530 993 1922 156 802 1695 1287 829 1345 154 1978 1908 1372 1514 343 883 1278 978 1676 662 1873 850 39 756 1650 1568 539 687 497 807 790 1271 469 765 820 1297 1727 1561 218
1507 347 806 432 1106 1178 1403 1003 1489 1238 440 1475 1262 0 791 444 553 558 1069 365 754 959 1412 1515 1095 696 1190 998 469 373 1252 453 1148 752 682 201 287 1466 1134 364 1080 450 1259 647 1207 1266 952 424 342 1503 1127 1571 1003 986 357 1592 961 1015 383 501 335 1073
870 1101 467 1187 1243 511 736 248 734 571 1195 720 595 791 0 865 462 1305 1077 1120 1509 204 657 877 1103 1451 523 243 1223 816 870 874 481 1507 1437 901 1042 743 993 807 1088 1205 592 1402 825 599 197 1179 1097 865 372 895 248 231 800 868 206 260 826 1256 1090 406
1105 743 410 728 704 1253 1312 1078 1115 1313 719 1101 1336 444 865 0 465 593 667 510 988 1033 1113 1112 692 781 1264 1072 877 179 856 40 1222 1037 1090 438 532 1252 731 170 677 676 1334 972 812 1340 1027 735 750 1101 1202 1168 1078 1060 163 1223 1036 1090 124 569 535 1148
1033 864 286 950 851 849 1074 674 1043 909 957 1029 933 553 462 465 0 905 814 821 1272 630 1042 1041 840 1093 861 669 986 579 733 474 819 1269 1200 664 805 1137 856 569 825 968 930 1165 688 937 623 942 859 1029 798 1096 674 657 563 1151 632 686 555 881 847 744
1545 274 850 258 1027 1693 1752 1518 1555 1753 250 1541 1776 558 1305 593 905 0 1107 328 519 1473 1553 1552 1132 312 1704 1512 438 645 1296 602 1662 568 713 518 350 1692 1171 635 1117 206 1774 502 1252 1780 1467 266 382 1541 1642 1608 1518 1500 629 1663 1476 1530 589 100 354 1588
514 1257 668 1241 281 1013 721 1052 524 911 1233 510 967 1069 1077 667 814 1107 0 1023 1502 1007 523 522 81 1295 984 1046 1422 812 283 676 982 1551 1696 952 1046 662 140 803 69 1190 1109 1486 304 938 1001 1249 1361 510 791 578 1052 1034 796 632 1010 1064 757 1083 1049 1046
1461 470 766 463 1060 1507 1668 1332 1471 1567 454 1457 1591 365 1120 510 821 328 1023 0 723 1288 1470 1469 1049 516 1519 1327 592 561 1213 519 1477 772 806 358 119 1609 1088 552 1034 411 1588 707 1168 1595 1281 470 465 1457 1456 1525 1332 1315 545 1579 1290 1344 506 304 133 1402
1940 583 1245 653 1512 1897 2122 1722 1950 1957 645 1936 1981 754 1509 988 1272 519 1502 723 0 1678 1948 1947 1527 253 1909 1716 521 1040 1691 997 1866 78 223 913 746 2087 1566 1030 1513 601 1978 364 1647 1984 1671 661 461 1936 1846 2003 1722 1704 1024 2058 1680 1734 984 495 749 1792
769 1270 635 1356 1212 680 657 75 634 740 1363 620 763 959 204 1033 630 1473 1007 1288 1678 0 556 777 1033 1619 691 120 1392 984 869 1042 649 1675 1605 1069 1211 643 923 975 1018 1373 761 1570 890 767 74 1347 1265 765 272 795 74 92 968 767 84 104 994 1424 1258 574
285 1704 769 1688 728 512 221 601 149 410 1680 135 466 1412 657 1113 1045 1553 523 1470 1948 556 0 292 548 1742 483 595 1844 1259 384 1122 482 1998 2058 1398 1493 160 438 1250 534 1636 842 1932 406 437 549 1696 1718 280 340 259 600 583 1243 231 559 613 1204 1530 1496 545
43 1703 768 1687 727 575 284 821 214 473 1679 228 530 1515 877 1112 1043 1552 522 1469 1947 777 292 0 547 1740 546 815 1867 1258 383 1121 545 1997 2142 1397 1491 224 437 1248 532 1635 690 1931 405 501 770 1695 1807 39 560 96 821 803 1242 125 779 833 1203 1528 1495 608
540 1283 694 1267 307 1038 747 1077 550 936 1259 536 993 1095 1103 692 840 1132 81 1049 1527 1033 548 547 0 1320 1009 1072 1447 838 309 701 1008 1577 1722 977 1072 687 166 829 64 1215 1134 1511 330 964 1026 1275 1387 536 817 603 1077 1060 822 658 1035 1089 783 1109 1075 1071
1733 462 1038 446 1305 1838 1940 1663 1743 1898 438 1729 1922 696 1451 781 1093 312 1295 516 253 1619 1742 1740 1320 0 1850 1657 314 833 1485 790 1807 302 447 707 539 1880 1359 823 1306 394 1919 237 1440 1925 1612 454 403 1729 1787 1796 1663 1645 817 1851 1621 1675 777 288 542 1733
574 1501 866 1587 1189 113 298 736 478 133 1594 492 156 1190 523 1264 861 1704 984 1519 1909 691 483 546 1009 1850 0 730 1623 1215 845 1274 83 1906 1836 1300 1442 360 899 1206 994 1604 590 1801 867 160 684 1578 1496 555 704 513 736 718 1199 486 694 748 1225 1655 1489 146
808 1308 674 1394 1251 718 696 77 672 778 1402 658 802 998 243 1072 669 1512 1046 1327 1716 120 595 815 1072 1657 730 0 1430 1023 908 1081 687 1713 1644 1108 1249 681 962 1014 1057 1412 799 1609 929 806 72 1386 1303 804 310 833 76 94 1007 806 81 65 1032 1463 1297 613
1860 297 1165 383 1432 1611 1836 1436 1870 1671 391 1856 1695 469 1223 877 986 438 1422 592 521 1392 1844 1867 1447 314 1623 1430 0 806 1611 886 1580 523 453 634 515 1898 1486 797 1432 401 1692 418 1567 1698 1385 375 175 1856 1560 1923 1436 1418 790 1978 1394 1448 816 415 562 1506
1250 684 555 770 849 1204 1429 1029 1260 1264 771 1246 1287 373 816 179 579 645 812 561 1040 984 1259 1258 838 833 1215 1023 806 0 1002 188 1173 1089 1019 483 584 1398 877 48 823 727 1285 985 957 1291 978 762 679 1246 1153 1314 1029 1011 54 1368 987 1041 118 621 587 1098
376 1444 461 1428 488 874 583 913 386 772 1420 372 829 1252 870 853 736 1293 283 1210 1688 869 384 383 309 1482 845 908 1608 999 0 862 844 1738 1883 1138 1233 523 199 990 294 1376 970 1672 97 800 862 1436 1548 372 653 439 913 896 983 494 871 925 944 1270 1236 907
1114 752 419 737 713 1262 1321 1087 1124 1322 728 1110 1345 453 874 40 474 602 676 519 997 1042 1122 1121 701 790 1274 1081 886 188 865 0 1231 1046 1099 447 541 1261 740 179 686 685 1343 981 821 1349 1036 744 759 1110 1211 1177 1087 1069 172 1232 1045 1099 133 578 544 1157
573 1458 824 1544 1187 54 296 693 476 131 1552 491 154 1148 481 1222 819 1662 982 1477 1866 649 482 545 1008 1807 83 687 1580 1173 844 1231 0 1863 1794 1258 1399 358 898 1164 993 1562 548 1759 865 158 642 1536 1453 554 702 512 693 676 1157 484 651 705 1183 1613 1447 104
1989 581 1294 667 1561 1894 2119 1719 1999 1954 674 1985 1978 752 1507 1037 1269 568 1551 772 78 1675 1998 1997 1577 302 1906 1713 523 1089 1741 1046 1863 0 220 917 795 2137 1616 1080 1562 651 1975 413 1696 1982 1668 658 459 1985 1843 2053 1719 1702 1073 2107 1677 1731 1034 544 798 1789
2134 511 1439 597 1706 1824 2049 1649 2135 1884 604 2121 1908 682 1437 1090 1200 713 1696 806 223 1605 2058 2142 1722 447 1836 1644 453 1019 1886 1099 1794 220 0 847 728 2112 1761 1010 1707 614 1905 415 1841 1912 1598 588 389 2130 1773 2198 1649 1632 1003 2238 1607 1661 1029 665 776 1719
1390 512 694 598 988 1288 1513 1113 1400 1349 605 1386 1372 201 901 438 664 518 952 358 913 1069 1398 1397 977 707 1300 1108 634 483 1141 447 1258 917 847 0 325 1537 1016 474 962 601 1370 812 1096 1376 1062 589 507 1385 1237 1453 1113 1096 468 1507 1071 1125 434 495 329 1183
1484 393 789 479 1083 1430 1655 1255 1494 1490 477 1480 1514 287 1042 532 805 350 1046 119 746 1211 1493 1491 1072 539 1442 1249 515 584 1236 541 1399 795 728 325 0 1631 1110 574 1057 433 1511 694 1191 1517 1204 470 388 1480 1379 1547 1255 1237 568 1602 1213 1267 529 327 100 1325
252 1776 908 1827 867 389 97 687 155 287 1819 169 343 1466 743 1252 1137 1692 662 1609 2087 643 160 224 687 1880 360 681 1898 1398 523 1261 358 2137 2112 1537 1631 0 577 1388 672 1775 774 2071 545 314 636 1835 1771 232 427 190 687 669 1382 163 645 699 1342 1668 1635 422
430 1321 584 1306 345 928 637 967 440 826 1297 426 883 1134 993 731 859 1171 140 1088 1566 923 438 437 166 1359 899 962 1486 877 199 740 898 1616 1761 1016 1110 577 0 867 151 1254 1024 1550 220 854 916 1313 1426 426 707 493 967 950 861 548 925 979 821 1147 1113 961
1241 675 546 761 840 1194 1419 1019 1251 1254 762 1237 1278 364 807 170 569 635 803 552 1030 975 1250 1248 829 823 1206 1014 797 48 993 179 1164 1080 1010 474 574 1388 867 0 814 718 1275 975 948 1282 968 752 670 1237 1143 1304 1019 1002 63 1359 977 1031 109 611 578 1089
525 1268 679 1252 292 1024 732 1062 535 922 1244 521 978 1080 1088 677 825 1117 69 1034 1513 1018 534 532 64 1306 994 1057 1432 823 294 686 993 1562 1707 962 1057 672 151 814 0 1200 1119 1496 315 949 1011 1260 1372 521 802 588 1062 1045 807 643 1020 1075 768 1094 1060 1057
1628 166 932 93 1200 1592 1817 1417 1637 1652 85 1624 1676 450 1205 676 968 206 1190 411 601 1373 1636 1635 1215 394 1604 1412 401 727 1379 685 1562 651 614 601 433 1775 1254 718 1200 0 1673 580 1334 1680 1366 101 274 1623 1541 1691 1417 1400 711 1745 1375 1429 672 150 436 1487
677 1570 935 1656 1235 579 804 805 775 639 1663 789 662 1259 592 1334 930 1774 1120 1588 1978 761 853 701 1145 1919 590 799 1692 1285 981 1343 548 1975 1905 1370 1511 785 1035 1275 1130 1673 0 1871 1003 666 754 1648 1565 689 929 632 805 787 1269 687 763 817 1294 1725 1559 474
1924 476 1229 562 1496 1790 2015 1615 1934 1850 569 1920 1873 647 1402 972 1165 502 1486 707 364 1570 1932 1931 1511 237 1801 1609 418 985 1675 981 1759 413 415 812 694 2071 1550 975 1496 580 1871 0 1631 1877 1564 554 354 1920 1739 1987 1615 1597 969 2042 1573 1627 968 479 733 1685
397 1399 416 1383 509 896 604 935 407 794 1375 393 850 1207 825 809 691 1249 304 1165 1644 890 406 405 330 1437 867 929 1564 954 97 818 865 1693 1838 1093 1188 545 220 945 315 1331 991 1628 0 821 883 1391 1503 393 674 460 934 917 938 515 892 947 899 1225 1191 929
529 1576 942 1662 1143 189 252 811 432 63 1670 447 39 1266 599 1340 937 1780 938 1595 1984 767 437 501 964 1925 160 806 1698 1291 800 1349 158 1982 1912 1376 1517 314 854 1282 949 1680 666 1877 821 0 760 1654 1572 510 658 468 811 794 1275 440 769 823 1301 1731 1565 222
762 1263 628 1349 1205 673 650 77 627 733 1356 613 756 952 197 1027 623 1467 1001 1281 1671 74 549 770 1026 1612 684 72 1385 978 862 1036 642 1668 1598 1062 1204 636 916 968 1011 1366 754 1564 883 760 0 1340 1258 758 265 788 77 60 962 760 35 89 987 1417 1251 568
1687 141 992 56 1259 1567 1792 1392 1697 1627 63 1683 1650 424 1179 735 942 266 1249 470 661 1347 1696 1695 1275 454 1578 1386 375 762 1439 744 1536 658 588 589 470 1835 1313 752 1260 101 1648 554 1394 1654 1340 0 248 1683 1515 1750 1391 1374 746 1805 1350 1404 732 209 496 1461
1799 171 1104 257 1375 1484 1709 1309 1795 1544 264 1781 1568 342 1097 750 859 382 1361 465 461 1265 1718 1807 1387 403 1496 1303 175 679 1551 759 1453 459 389 507 388 1771 1426 670 1372 274 1565 354 1506 1572 1258 248 0 1795 1433 1863 1309 1292 663 1897 1267 1321 689 325 435 1379
31 1691 757 1675 715 584 293 809 223 482 1667 237 539 1503 865 1101 1032 1541 510 1457 1936 765 280 39 536 1729 555 804 1856 1246 372 1110 554 1985 2130 1385 1480 232 426 1237 521 1623 678 1920 393 510 758 1683 1795 0 549 105 809 792 1230 134 767 821 1191 1517 1483 617
553 1438 803 1524 996 733 441 316 418 631 1531 404 687 1127 372 1202 798 1642 791 1456 1846 272 340 560 817 1787 704 310 1560 1153 653 1211 702 1843 1773 1237 1379 427 707 1143 802 1541 929 1739 674 658 265 1515 1433 549 0 579 316 298 1137 551 274 328 1162 1592 1426 743
124 1759 824 1743 782 542 251 839 181 440 1735 195 497 1571 895 1168 1099 1608 578 1525 2003 795 259 96 603 1796 513 833 1923 1314 439 1177 512 2053 2198 1453 1547 190 493 1304 588 1691 621 1987 460 468 788 1750 1863 105 579 0 839 821 1298 92 797 851 1258 1584 1550 575
813 1314 679 1400 1257 724 702 29 678 784 1407 664 807 1003 248 1078 674 1518 1052 1332 1722 74 600 821 1077 1663 736 76 1436 1029 913 1087 693 1719 1649 1113 1255 687 967 1019 1062 1417 805 1615 934 811 77 1391 1309 809 316 839 0 46 1013 812 71 58 1038 1468 1302 619
796 1296 662 1382 1239 706 684 47 660 766 1390 647 790 986 231 1060 657 1500 1034 1315 1704 92 583 803 1060 1645 718 94 1418 1011 896 1069 676 1702 1632 1096 1237 669 950 1002 1045 1400 787 1597 917 794 60 1374 1292 792 298 821 46 0 995 794 69 76 1021 1451 1285 601
1234 668 539 754 833 1188 1413 1013 1244 1248 755 1230 1271 357 800 163 563 629 796 545 1024 968 1243 1242 822 817 1199 1007 790 54 986 172 1157 1073 1003 468 568 1382 861 63 807 711 1269 969 941 1275 962 746 663 1230 1137 1298 1013 995 0 1352 971 1025 102 605 571 1082
153 1813 878 1797 837 515 223 812 153 413 1789 167 469 1592 868 1223 1154 1663 632 1579 2058 767 231 125 658 1851 486 806 1978 1368 494 1232 484 2107 2238 1507 1602 163 548 1359 643 1745 675 2042 515 440 760 1805 1897 134 551 92 812 794 1352 0 770 824 1313 1639 1605 548
771 1272 637 1358 1215 682 660 72 636 742 1365 622 765 961 206 1036 632 1476 1010 1290 1680 84 559 779 1035 1621 694 81 1394 987 871 1045 651 1677 1607 1071 1213 645 925 977 1020 1375 763 1573 892 769 35 1350 1267 767 274 797 71 69 971 770 0 99 996 1426 1260 577
825 1326 691 1412 1269 736 714 59 690 796 1419 676 820 1015 260 1090 686 1530 1064 1344 1734 104 613 833 1089 1675 748 65 1448 1041 925 1099 705 1731 1661 1125 1267 699 979 1031 1075 1429 817 1627 947 823 89 1404 1321 821 328 851 58 76 1025 824 99 0 1050 1481 1314 631
1195 694 500 724 794 1213 1402 1038 1205 1273 716 1191 1297 383 826 124 555 589 757 506 984 994 1204 1203 783 777 1225 1032 816 118 947 133 1183 1034 1029 434 529 1342 821 109 768 672 1294 968 902 1301 987 732 689 1191 1162 1258 1038 1021 102 1313 996 1050 0 565 532 1108
1521 217 826 202 1093 1644 1728 1469 1531 1704 193 1517 1727 501 1256 569 881 100 1083 304 495 1424 1530 1528 1109 288 1655 1463 415 621 1273 578 1613 544 665 495 327 1668 1147 611 1094 150 1725 479 1228 1731 1417 209 325 1517 1592 1584 1468 1451 605 1639 1426 1481 565 0 330 1538
1487 440 792 488 1086 1477 1694 1302 1497 1538 480 1483 1561 335 1090 535 847 354 1049 133 749 1258 1496 1495 1075 542 1489 1297 562 587 1239 544 1447 798 776 329 100 1635 1113 578 1060 436 1559 733 1194 1565 1251 496 435 1483 1426 1550 1302 1285 571 1605 1260 1314 532 330 0 1372
636 1384 749 1470 1251 135 360 619 540 195 1477 554 218 1073 406 1148 744 1588 1046 1402 1792 574 545 608 1071 1733 146 613 1506 1098 907 1157 104 1789 1719 1183 1325 422 961 1089 1057 1487 474 1685 929 222 568 1461 1379 617 743 575 619 601 1082 548 577 631 1108 1538 1372 0
EOF