NAME : tsp_problem
TYPE : TSP
DIMENSION : 48
EDGE_WEIGHT_TYPE : EXPLICIT
EDGE_WEIGHT_FORMAT : FULL_MATRIX
EDGE_WEIGHT_SECTION
0 189 173 195 1235 739 1052 513 455 282 861 720 386 607 254 994 1199 920 739 460 447 1397 947 186 747 1172 496 180 209 465 1004 907 389 668 558 936 976 1000 953 206 1053 454 441 421 688 1274 330 529
189 0 59 318 1358 862 1082 542 478 405 891 749 509 730 161 969 1322 950 862 483 570 1375 976 54 759 1295 526 59 332 477 1033 937 513 697 587 965 951 907 860 329 981 477 464 545 812 1203 360 558
173 59 0 302 1342 846 1066 526 462 389 875 733 494 714 145 953 1306 934 846 467 554 1359 960 56 743 1279 510 50 316 461 1017 921 497 681 571 950 935 891 844 313 965 461 448 529 796 1187 344 542
195 318 302 0 1203 706 1062 522 465 146 871 729 354 575 383 1004 1167 930 706 470 415 1343 956 315 757 1140 506 309 86 475 1014 917 357 677 568 946 986 1030 1061 83 949 464 450 389 656 1170 340 539
1235 1358 1342 1203 0 619 2103 1563 1505 1168 1911 1770 1056 1010 1423 2044 229 1971 532 1510 935 519 1997 1355 1797 116 1547 1349 1163 1516 2054 1957 996 1718 1608 1986 2026 2071 2054 1166 680 1504 1491 1091 634 448 1381 1579
739 862 846 706 619 0 1606 1067 1009 672 1415 1273 776 793 927 1548 583 1474 122 1014 718 781 1500 859 1301 556 1050 853 667 1019 1558 1461 779 1222 1112 1490 1530 1575 1605 670 941 1008 995 811 138 968 884 1083
1052 1082 1066 1062 2103 1606 0 759 917 1150 507 678 1254 1461 1062 419 2067 345 1606 922 1315 2071 134 1079 661 2040 597 1073 1077 916 77 332 1257 626 804 361 401 413 366 1073 1677 916 903 1289 1556 1899 895 775
513 542 526 522 1563 1067 759 0 347 610 567 426 714 935 607 700 1527 627 1066 352 775 1672 653 539 454 1500 203 533 537 357 710 613 717 374 60 642 682 687 640 534 1278 346 333 749 1016 1500 279 98
455 478 462 465 1505 1009 917 347 0 552 755 623 656 857 459 804 1469 820 1009 66 717 1467 857 475 594 1442 407 470 479 127 915 818 660 579 392 817 786 743 696 476 1074 60 47 692 959 1295 152 308
282 405 389 146 1168 672 1150 610 552 0 959 817 319 540 470 1091 1132 1018 671 557 380 1242 1044 402 845 1105 594 397 106 563 1101 1004 322 765 655 1033 1074 1040 993 109 849 551 538 354 621 1070 428 626
861 891 875 871 1911 1415 507 567 755 959 0 487 1063 1284 901 449 1875 375 1415 760 1123 1909 401 888 500 1849 406 882 885 754 458 362 1066 435 613 391 431 468 421 882 1516 754 741 1098 1365 1737 704 584
720 749 733 729 1770 1273 678 426 623 817 487 0 921 1142 768 576 1734 546 1273 628 982 1776 572 746 84 1707 265 740 744 621 629 533 924 208 471 562 559 515 468 741 1383 621 608 956 1223 1604 563 442
386 509 494 354 1053 776 1254 714 656 319 1063 921 0 374 575 1195 1017 1122 749 661 213 1124 1148 507 949 990 698 501 314 667 1205 1109 73 869 760 1138 1178 1191 1144 317 730 655 642 71 726 952 532 731
607 730 714 575 1010 793 1461 935 857 540 1284 1142 374 0 745 1348 957 1343 707 862 253 929 1369 728 1138 947 919 722 535 855 1426 1330 314 1090 981 1359 1330 1286 1239 538 536 856 843 409 809 757 753 952
254 161 145 383 1423 927 1062 607 459 470 901 768 575 745 0 949 1383 966 927 464 635 1355 1041 158 740 1360 591 152 397 457 1066 992 578 762 652 963 932 888 841 394 962 458 444 610 877 1183 425 623
994 969 953 1004 2044 1548 419 700 804 1091 449 576 1195 1348 949 0 1986 116 1548 809 1256 1958 313 966 548 1981 539 960 1018 802 370 143 1199 567 746 113 53 126 174 1015 1564 803 790 1231 1498 1786 837 709
1199 1322 1306 1167 229 583 2067 1527 1469 1132 1875 1734 1020 957 1383 1986 0 1935 496 1474 899 312 1961 1319 1762 273 1511 1314 1127 1480 2018 1921 960 1682 1572 1950 1968 1924 1877 1130 472 1468 1455 1055 598 405 1345 1543
920 950 934 930 1971 1474 345 627 820 1018 375 546 1122 1343 966 116 1935 0 1474 825 1183 1974 239 947 564 1908 465 941 945 819 297 69 1125 494 672 58 98 142 190 941 1580 819 806 1157 1424 1802 764 643
739 862 846 706 532 122 1606 1066 1009 671 1415 1273 752 707 927 1548 496 1474 0 1014 631 694 1500 859 1301 469 1050 853 667 1019 1558 1461 692 1221 1112 1490 1530 1574 1605 670 854 1007 994 787 138 881 884 1083
460 483 467 470 1510 1014 922 352 66 557 760 628 661 862 464 809 1474 825 1014 0 722 1472 862 480 599 1447 412 474 484 131 920 823 665 583 397 822 791 747 701 481 1078 64 51 696 964 1300 157 313
548 672 656 516 873 657 1416 876 819 481 1225 1083 315 269 737 1358 838 1284 570 823 0 1036 1310 669 1111 811 860 663 476 829 1367 1271 255 1031 922 1300 1340 1384 1415 479 715 817 804 350 672 936 694 893
1397 1375 1359 1343 519 781 2071 1672 1467 1242 1909 1776 1124 929 1355 1958 312 1974 694 1472 1092 0 2132 1372 1748 564 1709 1366 1303 1466 2074 2001 1153 1851 1678 1971 1940 1896 1849 1306 444 1466 1453 1159 796 697 1534 1633
947 976 960 956 1997 1500 134 653 857 1044 401 572 1148 1369 1041 313 1961 239 1500 862 1209 2132 0 973 600 1934 492 967 971 868 71 226 1151 520 698 255 295 339 387 968 1738 856 843 1183 1450 1960 790 669
186 54 56 315 1355 859 1079 539 475 402 888 746 507 728 158 966 1319 947 859 480 567 1372 973 0 756 1292 523 63 329 474 1030 934 510 694 584 963 948 904 857 326 978 474 461 542 809 1200 357 555
747 759 743 757 1797 1301 661 454 594 845 500 84 949 1138 740 548 1762 564 1301 599 1009 1748 600 756 0 1735 292 750 771 593 657 560 952 236 499 561 530 487 440 768 1354 593 580 984 1251 1576 590 470
1172 1295 1279 1140 116 556 2040 1500 1442 1105 1849 1707 993 947 1360 1981 273 1908 469 1447 872 564 1934 1292 1735 0 1484 1287 1100 1453 1991 1895 933 1655 1546 1924 1964 2008 2038 1103 724 1441 1428 1028 571 493 1318 1516
496 526 510 506 1547 1050 597 203 407 594 406 265 698 919 591 539 1511 465 1050 412 759 1709 492 523 292 1484 0 517 521 418 549 452 701 213 248 481 521 566 600 517 1364 406 393 733 1000 1586 339 219
180 59 50 309 1349 853 1073 533 470 397 882 740 501 722 152 960 1314 941 853 474 561 1366 967 63 750 1287 517 0 323 468 1025 928 504 688 579 957 942 899 852 320 972 468 455 536 803 1194 351 550
209 332 316 86 1163 667 1077 537 479 106 885 744 314 535 397 1018 1127 945 667 484 375 1303 971 329 771 1100 521 323 0 489 1028 931 318 692 582 960 1000 1045 1054 75 909 478 465 349 617 1131 355 553
465 477 461 475 1516 1019 916 357 127 563 754 621 667 855 457 802 1480 819 1019 131 728 1466 868 474 593 1453 418 468 489 0 919 828 670 589 403 816 785 741 694 486 1072 125 112 702 969 1293 163 318
1004 1033 1017 1014 2054 1558 77 710 915 1101 458 629 1205 1426 1066 370 2018 297 1558 920 1266 2074 71 1030 657 1991 549 1025 1028 919 0 283 1209 577 756 312 352 397 370 1025 1681 913 900 1240 1508 1902 847 727
907 937 921 917 1957 1461 332 613 818 1004 362 533 1109 1330 992 143 1921 69 1461 823 1169 2001 226 934 560 1895 452 928 931 828 283 0 1112 481 659 85 125 169 217 928 1607 817 804 1144 1411 1829 750 630
389 513 497 357 993 776 1257 717 660 322 1066 924 73 314 578 1199 957 1125 690 665 153 1153 1151 510 952 930 701 504 318 670 1209 1112 0 872 763 1141 1181 1225 1181 321 759 658 645 108 729 981 535 734
668 697 681 677 1718 1222 626 374 579 765 435 208 869 1090 762 567 1682 494 1221 583 930 1851 520 694 236 1655 213 688 692 589 577 481 872 0 419 510 550 590 543 689 1458 577 564 904 1171 1679 511 390
558 587 571 568 1608 1112 804 60 392 655 613 471 760 981 652 746 1572 672 1112 397 820 1678 698 584 499 1546 248 579 582 403 756 659 763 419 0 688 728 693 646 579 1284 391 378 795 1062 1505 325 143
936 965 950 946 1986 1490 361 642 817 1033 391 562 1138 1359 963 113 1950 58 1490 822 1198 1971 255 963 561 1924 481 957 960 816 312 85 1141 510 688 0 95 139 187 957 1577 816 803 1173 1440 1799 779 659
976 951 935 986 2026 1530 401 682 786 1074 431 559 1178 1330 932 53 1968 98 1530 791 1238 1940 295 948 530 1964 521 942 1000 785 352 125 1181 550 728 95 0 108 156 997 1546 785 772 1213 1480 1768 819 692
1000 907 891 1030 2071 1575 413 687 743 1040 468 515 1191 1286 888 126 1924 142 1574 747 1283 1896 339 904 487 2008 566 899 1045 741 397 169 1225 590 693 139 108 0 147 1042 1503 741 728 1226 1524 1724 808 648
953 860 844 1061 2054 1605 366 640 696 993 421 468 1144 1239 841 174 1877 190 1605 701 1313 1849 387 857 440 2038 600 852 1054 694 370 217 1181 543 646 187 156 147 0 1056 1456 694 681 1179 1555 1677 761 601
206 329 313 83 1166 670 1073 534 476 109 882 741 317 538 394 1015 1130 941 670 481 378 1306 968 326 768 1103 517 320 75 486 1025 928 321 689 579 957 997 1042 1056 0 912 475 462 352 619 1134 352 550
1053 981 965 949 680 941 1677 1278 1074 849 1516 1383 730 536 962 1564 472 1580 854 1078 698 444 1738 978 1354 724 1364 972 909 1072 1681 1607 759 1458 1284 1577 1546 1503 1456 912 0 1072 1059 765 957 688 1140 1239
454 477 461 464 1504 1008 916 346 60 551 754 621 655 856 458 803 1468 819 1007 64 716 1466 856 474 593 1441 406 468 478 125 913 817 658 577 391 816 785 741 694 475 1072 0 45 690 957 1294 151 306
441 464 448 450 1491 995 903 333 47 538 741 608 642 843 444 790 1455 806 994 51 703 1453 843 461 580 1428 393 455 465 112 900 804 645 564 378 803 772 728 681 462 1059 45 0 677 944 1281 138 293
421 545 529 389 1088 811 1289 749 692 354 1098 956 71 409 610 1231 1052 1157 785 696 248 1159 1183 542 984 1025 733 536 349 702 1240 1144 108 904 795 1173 1213 1226 1179 352 765 690 677 0 761 987 567 766
688 812 796 656 634 138 1556 1016 959 621 1365 1223 726 809 877 1498 598 1424 138 964 734 796 1450 809 1251 571 1000 803 617 969 1508 1411 729 1171 1062 1440 1480 1524 1555 619 957 957 944 761 0 983 834 1033
1274 1203 1187 1170 448 968 1899 1500 1295 1070 1737 1604 952 757 1183 1786 405 1802 881 1300 920 697 1960 1200 1576 493 1586 1194 1131 1293 1902 1829 981 1679 1505 1799 1768 1724 1677 1134 688 1294 1281 987 983 0 1362 1461
330 360 344 340 1381 884 895 279 152 428 704 563 532 753 425 837 1345 764 884 157 593 1534 790 357 590 1318 339 351 355 163 847 750 535 511 325 779 819 808 761 352 1140 151 138 567 834 1362 0 240
529 558 542 539 1579 1083 775 98 308 626 584 442 731 952 623 709 1543 643 1083 313 791 1633 669 555 470 1516 219 550 553 318 727 630 734 390 143 659 692 648 601 550 1239 306 293 766 1033 1461 240 0
EOF