NAME : tsp_problem
TYPE : TSP
DIMENSION : 86
EDGE_WEIGHT_TYPE : EXPLICIT
EDGE_WEIGHT_FORMAT : FULL_MATRIX
EDGE_WEIGHT_SECTION
0 726 900 225 400 1024 790 1105 1055 1541 588 688 1511 569 424 749 552 797 380 624 1367 856 862 1060 482 1065 725 652 425 1215 1061 1490 925 42 1289 600 842 801 1057 586 401 929 864 636 524 1487 260 780 451 1290 383 730 904 513 127 1324 925 704 521 485 1564 594 1302 706 384 1527 593 964 445 478 1019 1028 590 1451 411 459 499 394 842 577 75 769 832 150 621 92
726 0 376 706 838 1364 415 1543 1492 1917 1026 53 1887 470 615 443 452 366 589 193 1804 577 1201 1498 825 1404 432 1090 415 1652 1498 1866 511 716 1727 982 563 425 1494 487 610 422 1203 425 863 1826 635 400 791 1728 592 451 490 856 730 1761 510 425 860 828 1928 976 1739 51 537 1866 485 449 784 817 1358 1368 406 1790 848 867 838 603 563 478 702 246 553 751 410 720
900 376 0 801 990 1458 289 1790 1739 2011 1273 338 1982 568 710 317 584 240 684 458 2051 308 1296 1745 920 1499 306 1235 510 1900 1745 1960 162 890 1974 1076 294 299 1742 588 705 59 1298 520 958 1921 729 274 885 1975 687 332 142 951 885 2009 162 356 955 923 2022 1071 1987 356 632 1960 580 87 879 912 1452 1462 501 1885 952 962 933 698 294 583 835 177 284 846 505 831
225 706 801 0 457 925 839 1207 1157 1478 690 668 1449 585 287 808 601 790 243 684 1469 916 763 1162 386 966 784 702 326 1317 1163 1427 935 215 1391 543 902 850 1159 605 264 846 765 537 425 1388 161 825 352 1392 246 789 914 418 210 1426 934 764 421 390 1489 538 1404 686 247 1427 597 874 346 379 919 929 518 1352 419 429 400 257 902 600 160 670 891 171 522 156
400 838 990 457 0 849 903 960 910 1396 443 800 1366 681 601 861 664 909 601 737 1222 969 686 915 133 889 837 507 515 1070 916 1345 1037 390 1144 455 954 913 912 698 578 1035 688 726 348 1311 317 893 276 1145 604 842 1017 165 404 1179 1037 816 345 137 1413 449 1157 818 550 1351 706 1063 229 302 843 853 702 1276 62 111 323 570 955 689 377 859 944 426 711 394
1024 1364 1458 925 849 0 1497 1010 960 606 923 1326 577 1243 1097 1525 1259 1448 1071 1446 926 1739 196 966 779 94 1514 836 984 951 966 555 1593 1014 755 677 1725 1507 962 1263 1092 1504 194 1195 663 516 785 1482 606 941 1074 1540 1572 810 1010 905 1592 1564 666 782 617 672 659 1344 1019 555 1255 1531 644 589 113 123 1176 480 811 821 662 1084 1725 1257 960 1328 1714 971 1179 956
790 415 289 839 903 1497 0 1607 1557 2043 1091 377 2013 534 731 110 517 88 723 410 1869 426 1334 1563 958 1537 99 1154 548 1717 1563 1992 423 780 1791 1102 412 34 1559 552 707 334 1336 559 996 1959 768 72 924 1792 726 125 402 990 794 1826 422 149 993 961 2061 1096 1804 395 671 1999 559 362 918 950 1491 1501 540 1924 913 962 971 700 412 543 767 215 402 816 543 784
1105 1543 1790 1207 960 1010 1607 0 74 634 630 1505 604 1386 1306 1566 1369 1614 1306 1441 817 1673 1153 67 1041 968 1542 677 1376 665 68 583 1742 1095 382 895 1659 1618 71 1403 1282 1746 1151 1510 984 617 1178 1597 998 740 1309 1547 1721 1073 1109 774 1741 1521 987 1045 690 889 395 1523 1310 681 1410 1781 1037 981 1070 1080 1407 581 970 1019 983 1275 1659 1394 1081 1677 1649 1131 1494 1099
1055 1492 1739 1157 910 960 1557 74 0 584 580 1454 554 1335 1255 1515 1318 1563 1256 1391 766 1623 1103 81 991 917 1491 627 1326 614 79 533 1691 1044 332 844 1609 1567 77 1353 1232 1696 1101 1459 934 566 1127 1547 948 690 1258 1496 1671 1023 1058 724 1691 1471 937 994 640 838 345 1472 1259 630 1360 1731 986 931 1020 1030 1356 530 920 968 933 1225 1609 1343 1031 1627 1598 1080 1444 1049
1541 1917 2011 1478 1396 606 2043 634 584 0 1066 1879 102 1796 1650 2002 1804 2001 1624 1877 342 2109 749 590 1332 564 1978 1113 1537 368 590 123 2146 1531 378 1230 2095 2054 586 1816 1645 2057 747 1748 1216 162 1338 2033 1159 357 1627 1983 2125 1363 1545 322 2145 1957 1219 1335 79 1225 282 1897 1572 124 1808 2085 1197 1142 666 676 1729 177 1365 1374 1215 1638 2095 1810 1513 1881 2085 1524 1732 1509
588 1026 1273 690 443 923 1091 630 580 1066 0 988 1036 869 789 1049 852 1097 789 925 892 1157 760 585 525 940 1025 120 847 740 586 1015 1225 578 814 368 1142 1101 582 886 765 1230 762 993 458 1048 649 1081 469 815 792 1030 1205 556 592 849 1225 1004 461 528 1089 362 827 1006 793 1112 894 1265 508 452 917 927 890 1013 454 502 457 758 1143 877 565 1161 1132 614 977 582
688 53 338 668 800 1326 377 1505 1454 1879 988 0 1849 432 577 405 414 328 551 155 1766 539 1163 1460 787 1366 394 1052 377 1614 1460 1828 473 678 1689 944 525 387 1456 449 572 384 1165 387 825 1788 597 362 753 1690 554 413 452 818 692 1723 472 387 822 790 1890 938 1701 33 499 1828 447 411 746 779 1320 1330 368 1752 810 829 800 565 525 440 664 208 515 713 372 682
1511 1887 1982 1449 1366 577 2013 604 554 102 1036 1849 0 1766 1620 1972 1775 1971 1594 1847 369 2079 720 560 1302 534 1948 1083 1507 395 560 149 2116 1501 348 1201 2065 2024 556 1786 1615 2027 718 1718 1186 183 1309 2003 1129 384 1597 1953 2095 1334 1515 349 2115 1927 1190 1305 106 1195 253 1867 1542 151 1778 2055 1168 1112 637 647 1699 147 1335 1344 1185 1608 2065 1781 1483 1851 2055 1494 1703 1479
569 470 568 585 681 1243 534 1386 1335 1796 869 432 1766 0 494 493 54 541 469 368 1647 600 1080 1341 704 1283 469 933 294 1495 1341 1745 669 559 1570 861 586 545 1337 88 486 614 1082 220 742 1705 514 524 670 1571 472 474 648 736 573 1605 669 448 739 707 1807 855 1582 450 417 1745 95 641 664 696 1237 1247 84 1670 691 740 717 478 586 79 545 437 576 595 204 563
424 615 710 287 601 1097 731 1306 1255 1650 789 577 1620 494 0 689 492 699 148 565 1567 797 934 1261 558 1137 665 853 235 1415 1261 1599 844 414 1490 715 783 741 1257 514 38 755 936 446 596 1559 361 721 524 1491 151 670 823 590 410 1525 843 645 593 561 1661 709 1502 595 93 1599 506 783 517 550 1091 1101 427 1524 591 600 571 46 783 509 360 579 772 371 431 356
749 443 317 808 861 1525 110 1566 1515 2002 1049 405 1972 493 689 0 476 117 690 369 1827 384 1363 1521 943 1565 58 1113 576 1676 1521 1951 451 739 1750 1061 370 121 1518 510 666 363 1364 587 1024 1984 796 100 952 1751 693 84 430 974 753 1785 451 108 1021 946 2025 1055 1763 423 693 2027 518 390 946 979 1519 1529 514 1949 871 920 1000 659 370 501 725 244 360 775 571 743
552 452 584 601 664 1259 517 1369 1318 1804 852 414 1775 54 492 476 0 523 485 351 1630 583 1096 1324 720 1299 451 916 310 1478 1324 1753 652 542 1553 863 569 528 1320 71 468 630 1098 236 758 1721 530 507 686 1553 488 456 631 752 555 1587 651 431 755 723 1823 858 1565 432 433 1761 78 657 680 712 1253 1263 100 1686 674 723 733 461 569 62 528 453 559 578 220 546
797 366 240 790 909 1448 88 1614 1563 2001 1097 328 1971 541 699 117 523 0 674 416 1875 432 1285 1569 909 1488 105 1161 499 1723 1569 1950 374 787 1798 1066 418 99 1565 558 694 285 1287 510 947 1910 719 74 875 1799 677 132 353 941 801 1833 373 156 944 912 2012 1060 1810 346 622 1950 565 313 869 901 1442 1452 490 1875 919 951 922 687 418 549 773 166 408 823 494 791
380 589 684 243 601 1071 723 1306 1256 1624 789 551 1594 469 148 690 485 674 0 565 1568 797 909 1261 532 1111 665 848 209 1416 1262 1573 818 370 1490 689 783 733 1258 489 125 730 910 421 571 1534 317 708 498 1491 22 670 798 564 366 1525 818 645 567 535 1635 683 1503 569 108 1573 481 757 492 525 1065 1075 402 1498 565 575 546 117 783 483 316 553 773 327 405 312
624 193 458 684 737 1446 410 1441 1391 1877 925 155 1847 368 565 369 351 416 565 0 1703 476 1283 1397 818 1486 344 988 497 1551 1397 1826 545 614 1625 936 462 420 1393 386 541 504 1285 492 945 1860 717 400 873 1626 568 349 524 850 628 1660 544 324 942 821 1901 930 1638 173 569 1924 393 531 866 899 1440 1450 389 1824 747 796 920 534 462 377 601 328 452 650 477 618
1367 1804 2051 1469 1222 926 1869 817 766 342 892 1766 369 1647 1567 1827 1630 1875 1568 1703 0 1935 1069 772 1303 883 1803 939 1638 174 772 391 2003 1357 698 1156 1921 1879 768 1665 1544 2008 1067 1771 1246 430 1439 1859 1260 163 1571 1808 1983 1335 1370 63 2003 1783 1249 1306 346 1150 602 1784 1571 392 1672 2043 1299 1243 986 996 1668 465 1232 1280 1245 1537 1921 1656 1343 1939 1910 1393 1756 1361
856 577 308 916 969 1739 426 1673 1623 2109 1157 539 2079 600 797 384 583 432 797 476 1935 0 1576 1629 1050 1779 360 1220 790 1783 1629 2058 261 846 1857 1168 41 436 1625 618 773 265 1578 724 1238 2091 989 416 1166 1858 800 365 240 1082 860 1892 260 340 1235 1053 2132 1162 1870 557 801 2155 625 300 1146 1192 1733 1743 621 2056 979 1027 1213 766 24 609 833 457 52 882 709 850
862 1201 1296 763 686 196 1334 1153 1103 749 760 1163 720 1080 934 1363 1096 1285 909 1283 1069 1576 0 1109 616 237 1351 673 821 1094 1109 698 1430 852 897 515 1562 1345 1105 1100 929 1342 40 1032 501 659 623 1320 443 1084 912 1378 1409 648 848 1048 1430 1402 504 619 760 509 801 1181 857 698 1092 1369 482 426 190 200 1013 623 649 659 500 922 1562 1095 798 1165 1552 808 1017 793
1060 1498 1745 1162 915 966 1563 67 81 590 585 1460 560 1341 1261 1521 1324 1569 1261 1397 772 1629 1109 0 997 923 1497 633 1331 620 87 538 1697 1050 338 850 1615 1573 42 1358 1238 1702 1107 1465 940 572 1133 1553 953 695 1264 1502 1677 1029 1064 729 1697 1477 943 1000 646 844 350 1478 1265 636 1366 1737 992 937 1026 1036 1362 536 926 974 939 1230 1615 1349 1037 1633 1604 1086 1450 1054
482 825 920 386 133 779 958 1041 991 1332 525 787 1302 704 558 943 720 909 532 818 1303 1050 616 997 0 819 918 555 445 1151 997 1281 1054 472 1226 397 1036 968 993 724 553 965 618 656 278 1241 247 944 206 1226 535 923 1033 48 471 1260 1053 898 275 46 1343 391 1238 805 480 1281 716 993 159 232 773 783 637 1206 96 106 253 546 1036 718 421 789 1026 432 640 417
1065 1404 1499 966 889 94 1537 968 917 564 943 1366 534 1283 1137 1565 1299 1488 1111 1486 883 1779 237 923 819 0 1554 856 1024 909 924 513 1633 1055 712 718 1765 1548 920 1303 1132 1544 234 1235 703 473 826 1523 646 898 1114 1580 1612 851 1050 863 1632 1604 707 822 575 712 616 1384 1059 513 1295 1572 685 629 154 164 1216 438 852 861 702 1125 1765 1298 1000 1368 1755 1011 1220 996
725 432 306 784 837 1514 99 1542 1491 1978 1025 394 1948 469 665 58 451 105 665 344 1803 360 1351 1497 918 1554 0 1089 565 1651 1497 1926 429 715 1726 1037 346 110 1493 486 642 351 1353 576 1013 1960 785 89 941 1727 668 73 408 950 729 1761 428 97 1010 922 2001 1031 1738 412 669 2016 493 379 935 967 1508 1518 490 1924 847 896 989 634 346 477 701 233 336 751 560 719
652 1090 1235 702 507 836 1154 677 627 1113 120 1052 1083 933 853 1113 916 1161 848 988 939 1220 673 633 555 854 1089 0 760 787 633 1062 1289 642 861 333 1206 1165 629 950 829 1281 675 971 423 1079 562 1145 382 862 851 1094 1268 587 656 896 1289 1068 426 558 1137 327 874 1070 796 1119 957 1308 421 365 830 840 952 1043 517 566 422 822 1206 941 629 1104 1196 678 956 646
425 415 510 326 515 984 548 1376 1326 1537 847 377 1507 294 235 576 310 499 209 497 1638 790 821 1331 445 1024 565 760 0 1486 1332 1485 644 415 1560 602 776 558 1328 314 230 555 823 246 483 1446 255 534 411 1561 212 591 623 476 411 1595 643 615 480 448 1547 596 1573 395 157 1486 306 583 404 437 978 988 227 1410 477 487 458 223 776 308 361 379 766 371 230 356
1215 1652 1900 1317 1070 951 1717 665 614 368 740 1614 395 1495 1415 1676 1478 1723 1416 1551 174 1783 1094 620 1151 909 1651 787 1486 0 620 416 1852 1205 723 1004 1769 1727 617 1513 1392 1856 1092 1619 1094 455 1288 1707 1108 98 1419 1656 1831 1183 1219 132 1851 1631 1097 1154 372 999 627 1632 1419 417 1520 1891 1147 1091 1011 1021 1516 490 1080 1129 1093 1385 1769 1504 1191 1787 1759 1241 1604 1209
1061 1498 1745 1163 916 966 1563 68 79 590 586 1460 560 1341 1261 1521 1324 1569 1262 1397 772 1629 1109 87 997 924 1497 633 1332 620 0 539 1698 1051 338 850 1615 1573 83 1359 1238 1702 1107 1465 940 572 1134 1553 954 696 1265 1502 1677 1029 1065 730 1697 1477 943 1000 646 844 351 1478 1265 636 1366 1737 993 937 1026 1036 1362 537 926 975 939 1231 1615 1350 1037 1633 1605 1087 1450 1055
1490 1866 1960 1427 1345 555 1992 583 533 123 1015 1828 149 1745 1599 1951 1753 1950 1573 1826 391 2058 698 538 1281 513 1926 1062 1485 416 539 0 2094 1480 327 1179 2044 2003 535 1765 1594 2006 696 1697 1165 161 1287 1982 1107 405 1576 1931 2074 1312 1494 370 2094 1906 1168 1284 127 1173 231 1845 1521 172 1757 2033 1146 1091 615 625 1678 126 1313 1323 1164 1586 2044 1759 1462 1830 2034 1473 1681 1458
925 511 162 935 1037 1593 423 1742 1691 2146 1225 473 2116 669 844 451 652 374 818 545 2003 261 1430 1697 1054 1633 429 1289 644 1852 1698 2094 0 915 1926 1211 246 433 1694 686 839 119 1432 654 1092 2055 864 408 1020 1927 821 434 68 1085 929 1961 88 408 1089 1057 2156 1205 1939 491 766 2095 694 154 1013 1046 1587 1597 635 2019 1048 1096 1067 832 247 677 902 311 236 951 639 919
42 716 890 215 390 1014 780 1095 1044 1531 578 678 1501 559 414 739 542 787 370 614 1357 846 852 1050 472 1055 715 642 415 1205 1051 1480 915 0 1279 590 832 791 1047 576 391 919 854 626 514 1477 250 770 441 1280 373 720 894 503 117 1314 915 694 511 475 1554 584 1292 696 374 1516 583 954 435 468 1008 1018 580 1441 401 449 489 384 832 567 65 759 822 140 611 82
1289 1727 1974 1391 1144 755 1791 382 332 378 814 1689 348 1570 1490 1750 1553 1798 1490 1625 698 1857 897 338 1226 712 1726 861 1560 723 338 327 1926 1279 0 1079 1843 1802 334 1587 1466 1930 895 1694 1168 361 1362 1781 1182 713 1493 1731 1905 1257 1293 677 1926 1705 1171 1229 434 1073 139 1707 1494 425 1594 1965 1221 1166 814 824 1591 325 1154 1203 1167 1459 1843 1578 1265 1861 1833 1315 1678 1283
600 982 1076 543 455 677 1102 895 844 1230 368 944 1201 861 715 1061 863 1066 689 936 1156 1168 515 850 397 718 1037 333 602 1004 850 1179 1211 590 1079 0 1154 1113 846 881 710 1122 517 813 177 1140 403 1092 202 1080 692 1042 1190 428 604 1113 1210 1016 181 400 1241 45 1091 962 637 1179 873 1150 262 185 671 681 794 1104 430 439 176 703 1154 875 576 946 1144 589 797 574
842 563 294 902 954 1725 412 1659 1609 2095 1142 525 2065 586 783 370 569 418 783 462 1921 41 1562 1615 1036 1765 346 1206 776 1769 1615 2044 246 832 1843 1154 0 422 1611 604 759 251 1564 710 1224 2077 975 402 1152 1844 786 351 226 1068 846 1878 246 326 1221 1039 2118 1148 1856 543 786 2141 611 286 1132 1178 1719 1729 607 2042 965 1013 1199 752 47 594 819 443 62 868 695 836
801 425 299 850 913 1507 34 1618 1567 2054 1101 387 2024 545 741 121 528 99 733 420 1879 436 1345 1573 968 1548 110 1165 558 1727 1573 2003 433 791 1802 1113 422 0 1570 562 718 345 1347 569 1007 1970 778 82 934 1803 736 136 413 1000 805 1837 433 160 1003 972 2071 1107 1815 405 681 2009 569 372 928 961 1501 1511 550 1934 923 972 982 711 422 553 777 226 412 827 553 795
1057 1494 1742 1159 912 962 1559 71 77 586 582 1456 556 1337 1257 1518 1320 1565 1258 1393 768 1625 1105 42 993 920 1493 629 1328 617 83 535 1694 1047 334 846 1611 1570 0 1355 1234 1698 1103 1461 936 568 1130 1549 950 692 1261 1498 1673 1025 1061 726 1693 1473 939 996 642 841 347 1474 1261 632 1362 1733 989 933 1022 1032 1359 533 922 971 935 1227 1611 1346 1033 1629 1601 1083 1446 1051
586 487 588 605 698 1263 552 1403 1353 1816 886 449 1786 88 514 510 71 558 489 386 1665 618 1100 1358 724 1303 486 950 314 1513 1359 1765 686 576 1587 881 604 562 1355 0 503 634 1102 240 762 1725 534 542 690 1588 492 491 666 756 590 1622 686 466 759 727 1827 875 1600 467 437 1765 72 661 684 716 1257 1267 104 1690 709 757 738 496 604 96 563 458 593 612 224 580
401 610 705 264 578 1092 707 1282 1232 1645 765 572 1615 486 38 666 468 694 125 541 1544 773 929 1238 553 1132 642 829 230 1392 1238 1594 839 391 1466 710 759 718 1234 503 0 750 931 441 591 1554 337 697 519 1467 127 647 818 585 386 1501 838 621 588 556 1656 704 1479 590 122 1594 501 778 512 545 1086 1096 422 1518 586 595 566 56 759 494 336 574 749 347 426 332
929 422 59 846 1035 1504 334 1746 1696 2057 1230 384 2027 614 755 363 630 285 730 504 2008 265 1342 1702 965 1544 351 1281 555 1856 1702 2006 119 919 1930 1122 251 345 1698 634 750 0 1343 566 1004 1967 775 320 931 1931 733 378 98 997 931 1965 118 402 1000 968 2068 1116 1943 402 678 2006 626 51 925 958 1498 1508 547 1931 998 1008 979 743 251 628 881 223 240 892 550 877
864 1203 1298 765 688 194 1336 1151 1101 747 762 1165 718 1082 936 1364 1098 1287 910 1285 1067 1578 40 1107 618 234 1353 675 823 1092 1107 696 1432 854 895 517 1564 1347 1103 1102 931 1343 0 1034 502 657 625 1322 445 1082 913 1379 1411 650 849 1046 1431 1403 506 621 758 511 799 1183 858 696 1094 1371 484 428 188 198 1015 621 651 660 501 924 1564 1097 799 1167 1554 810 1019 795
636 425 520 537 726 1195 559 1510 1459 1748 993 387 1718 220 446 587 236 510 421 492 1771 724 1032 1465 656 1235 576 971 246 1619 1465 1697 654 626 1694 813 710 569 1461 240 441 566 1034 0 694 1657 466 544 622 1695 424 598 634 688 622 1729 654 572 691 659 1759 807 1706 405 369 1697 232 593 616 648 1189 1199 153 1622 689 698 669 434 710 234 572 389 700 583 76 568
524 863 958 425 348 663 996 984 934 1216 458 825 1186 742 596 1024 758 947 571 945 1246 1238 501 940 278 703 1013 423 483 1094 940 1165 1092 514 1168 177 1224 1007 936 762 591 1004 502 694 0 1126 285 982 100 1169 574 1039 1071 310 509 1203 1091 1063 87 281 1227 172 1181 843 518 1165 754 1031 144 127 657 667 675 1090 311 320 65 584 1224 757 459 827 1214 470 679 455
1487 1826 1921 1388 1311 516 1959 617 566 162 1048 1788 183 1705 1559 1984 1721 1910 1534 1860 430 2091 659 572 1241 473 1960 1082 1446 455 572 161 2055 1477 361 1140 2077 1970 568 1725 1554 1967 657 1657 1126 0 1248 1945 1068 444 1537 1965 2034 1273 1472 409 2054 1939 1129 1244 120 1134 265 1806 1481 135 1717 1994 1107 1051 576 586 1638 86 1274 1283 1125 1547 2078 1720 1422 1790 2067 1433 1642 1418
260 635 729 161 317 785 768 1178 1127 1338 649 597 1309 514 361 796 530 719 317 717 1439 989 623 1133 247 826 785 562 255 1288 1134 1287 864 250 1362 403 975 778 1130 534 337 775 625 466 285 1248 0 753 212 1363 320 811 843 278 246 1397 863 835 282 250 1349 398 1375 615 290 1287 526 803 206 239 779 789 447 1212 279 289 260 330 975 528 196 599 964 206 450 191
780 400 274 825 893 1482 72 1597 1547 2033 1081 362 2003 524 721 100 507 74 708 400 1859 416 1320 1553 944 1523 89 1145 534 1707 1553 1982 408 770 1781 1092 402 82 1549 542 697 320 1322 544 982 1945 753 0 909 1782 711 115 388 975 784 1816 408 139 979 947 2046 1086 1794 380 656 1984 549 347 903 936 1476 1486 525 1909 903 952 957 690 402 533 757 201 392 806 529 775
451 791 885 352 276 606 924 998 948 1159 469 753 1129 670 524 952 686 875 498 873 1260 1166 443 953 206 646 941 382 411 1108 954 1107 1020 441 1182 202 1152 934 950 690 519 931 445 622 100 1068 212 909 0 1183 501 967 999 237 437 1217 1019 991 97 209 1170 196 1195 771 446 1108 682 958 71 36 600 610 603 1032 238 248 75 511 1152 684 387 755 1141 398 606 383
1290 1728 1975 1392 1145 941 1792 740 690 357 815 1690 384 1571 1491 1751 1553 1799 1491 1626 163 1858 1084 695 1226 898 1727 862 1561 98 696 405 1927 1280 713 1080 1844 1803 692 1588 1467 1931 1082 1695 1169 444 1363 1782 1183 0 1494 1732 1906 1258 1294 121 1926 1706 1172 1230 361 1074 617 1707 1495 406 1595 1966 1222 1166 1001 1011 1592 479 1155 1204 1168 1460 1844 1579 1266 1862 1834 1316 1679 1284
383 592 687 246 604 1074 726 1309 1258 1627 792 554 1597 472 151 693 488 677 22 568 1571 800 912 1264 535 1114 668 851 212 1419 1265 1576 821 373 1493 692 786 736 1261 492 127 733 913 424 574 1537 320 711 501 1494 0 673 801 567 369 1528 821 648 570 538 1638 686 1506 572 111 1576 484 760 495 528 1068 1078 405 1501 568 578 549 120 786 486 319 556 776 330 408 315
730 451 332 789 842 1540 125 1547 1496 1983 1030 413 1953 474 670 84 456 132 670 349 1808 365 1378 1502 923 1580 73 1094 591 1656 1502 1931 434 720 1731 1042 351 136 1498 491 647 378 1379 598 1039 1965 811 115 967 1732 673 0 413 955 734 1766 433 123 1036 927 2006 1036 1743 431 674 2029 498 405 961 993 1534 1544 495 1929 852 901 1015 639 351 482 706 259 341 756 582 724
904 490 142 914 1017 1572 402 1721 1671 2125 1205 452 2095 648 823 430 631 353 798 524 1983 240 1409 1677 1033 1612 408 1268 623 1831 1677 2074 68 894 1905 1190 226 413 1673 666 818 98 1411 634 1071 2034 843 388 999 1906 801 413 0 1065 908 1940 67 388 1068 1036 2136 1184 1918 470 746 2074 673 133 993 1025 1566 1576 615 1999 1027 1075 1046 811 226 657 881 290 216 930 618 898
513 856 951 418 165 810 990 1073 1023 1363 556 818 1334 736 590 974 752 941 564 850 1335 1082 648 1029 48 851 950 587 476 1183 1029 1312 1085 503 1257 428 1068 1000 1025 756 585 997 650 688 310 1273 278 975 237 1258 567 955 1065 0 503 1292 1085 930 307 51 1374 423 1270 836 512 1312 748 1024 191 264 804 814 669 1237 128 137 285 577 1068 750 453 820 1057 464 672 449
127 730 885 210 404 1010 794 1109 1058 1545 592 692 1515 573 410 753 555 801 366 628 1370 860 848 1064 471 1050 729 656 411 1219 1065 1494 929 117 1293 604 846 805 1061 590 386 931 849 622 509 1472 246 784 437 1294 369 734 908 503 0 1328 928 708 506 474 1568 598 1306 709 370 1512 597 958 431 463 1004 1014 594 1437 414 463 485 379 846 581 104 755 836 65 606 102
1324 1761 2009 1426 1179 905 1826 774 724 322 849 1723 349 1605 1525 1785 1587 1833 1525 1660 63 1892 1048 729 1260 863 1761 896 1595 132 730 370 1961 1314 677 1113 1878 1837 726 1622 1501 1965 1046 1729 1203 409 1397 1816 1217 121 1528 1766 1940 1292 1328 0 1960 1740 1206 1264 326 1108 581 1741 1528 371 1629 2000 1256 1200 965 975 1626 444 1189 1238 1202 1494 1878 1613 1300 1896 1868 1350 1713 1318
925 510 162 934 1037 1592 422 1741 1691 2145 1225 472 2115 669 843 451 651 373 818 544 2003 260 1430 1697 1053 1632 428 1289 643 1851 1697 2094 88 915 1926 1210 246 433 1693 686 838 118 1431 654 1091 2054 863 408 1019 1926 821 433 67 1085 928 1960 0 408 1088 1056 2156 1204 1938 490 766 2094 693 153 1013 1045 1586 1596 635 2019 1047 1096 1067 831 246 677 901 311 236 951 638 919
704 425 356 764 816 1564 149 1521 1471 1957 1004 387 1927 448 645 108 431 156 645 324 1783 340 1402 1477 898 1604 97 1068 615 1631 1477 1906 408 694 1705 1016 326 160 1473 466 621 402 1403 572 1063 1939 835 139 991 1706 648 123 388 930 708 1740 408 0 1060 901 1980 1010 1718 405 648 2003 473 429 985 1018 1558 1568 469 1904 827 875 1039 614 326 456 681 283 315 730 557 698
521 860 955 421 345 666 993 987 937 1219 461 822 1190 739 593 1021 755 944 567 942 1249 1235 504 943 275 707 1010 426 480 1097 943 1168 1089 511 1171 181 1221 1003 939 759 588 1000 506 691 87 1129 282 979 97 1172 570 1036 1068 307 506 1206 1088 1060 0 278 1230 175 1184 840 515 1168 751 1028 141 123 660 670 672 1093 308 317 62 581 1221 753 456 824 1211 467 675 452
485 828 923 390 137 782 961 1045 994 1335 528 790 1305 707 561 946 723 912 535 821 1306 1053 619 1000 46 822 922 558 448 1154 1000 1284 1057 475 1229 400 1039 972 996 727 556 968 621 659 281 1244 250 947 209 1230 538 927 1036 51 474 1264 1056 901 278 0 1346 394 1241 808 483 1284 719 996 162 235 776 786 640 1209 99 109 256 549 1039 722 424 792 1029 435 644 420
1564 1928 2022 1489 1413 617 2061 690 640 79 1089 1890 106 1807 1661 2025 1823 2012 1635 1901 346 2132 760 646 1343 575 2001 1137 1547 372 646 127 2156 1554 434 1241 2118 2071 642 1827 1656 2068 758 1759 1227 120 1349 2046 1170 361 1638 2006 2136 1374 1568 326 2156 1980 1230 1346 0 1235 338 1908 1583 82 1819 2095 1208 1153 677 687 1740 155 1375 1385 1226 1648 2118 1821 1524 1892 2108 1535 1743 1520
594 976 1071 538 449 672 1096 889 838 1225 362 938 1195 855 709 1055 858 1060 683 930 1150 1162 509 844 391 712 1031 327 596 999 844 1173 1205 584 1073 45 1148 1107 841 875 704 1116 511 807 172 1134 398 1086 196 1074 686 1036 1184 423 598 1108 1204 1010 175 394 1235 0 1086 956 631 1174 867 1144 257 179 666 676 788 1098 424 433 171 697 1148 870 571 940 1138 583 792 568
1302 1739 1987 1404 1157 659 1804 395 345 282 827 1701 253 1582 1502 1763 1565 1810 1503 1638 602 1870 801 350 1238 616 1738 874 1573 627 351 231 1939 1292 139 1091 1856 1815 347 1600 1479 1943 799 1706 1181 265 1375 1794 1195 617 1506 1743 1918 1270 1306 581 1938 1718 1184 1241 338 1086 0 1719 1506 329 1607 1978 1234 1178 718 728 1604 229 1167 1216 1180 1472 1856 1591 1278 1874 1846 1328 1691 1296
706 51 356 686 818 1344 395 1523 1472 1897 1006 33 1867 450 595 423 432 346 569 173 1784 557 1181 1478 805 1384 412 1070 395 1632 1478 1845 491 696 1707 962 543 405 1474 467 590 402 1183 405 843 1806 615 380 771 1707 572 431 470 836 709 1741 490 405 840 808 1908 956 1719 0 517 1846 465 429 764 797 1338 1348 386 1770 828 847 818 583 543 458 682 226 533 731 390 700
384 537 632 247 550 1019 671 1310 1259 1572 793 499 1542 417 93 693 433 622 108 569 1571 801 857 1265 480 1059 669 796 157 1419 1265 1521 766 374 1494 637 786 681 1261 437 122 678 858 369 518 1481 290 656 446 1495 111 674 746 512 370 1528 766 648 515 483 1583 631 1506 517 0 1521 428 705 440 472 1013 1023 350 1446 513 523 494 121 787 431 320 501 776 330 353 315
1527 1866 1960 1427 1351 555 1999 681 630 124 1112 1828 151 1745 1599 2027 1761 1950 1573 1924 392 2155 698 636 1281 513 2016 1121 1486 417 636 172 2095 1516 425 1179 2141 2009 632 1765 1594 2006 696 1697 1165 135 1287 1984 1108 406 1576 2029 2074 1312 1512 371 2094 2003 1168 1284 82 1174 329 1846 1521 0 1757 2033 1146 1091 615 625 1678 150 1314 1323 1164 1586 2141 1759 1462 1830 2131 1473 1681 1458
593 485 580 597 706 1255 559 1410 1360 1808 894 447 1778 95 506 518 78 565 481 393 1672 625 1092 1366 716 1295 493 957 306 1520 1366 1757 694 583 1594 873 611 569 1362 72 501 626 1094 232 754 1717 526 549 682 1595 484 498 673 748 597 1629 693 473 751 719 1819 867 1607 465 428 1757 0 653 675 708 1249 1259 96 1682 716 758 729 494 611 104 570 449 601 619 216 587
964 449 87 874 1063 1531 362 1781 1731 2085 1265 411 2055 641 783 390 657 313 757 531 2043 300 1369 1737 993 1572 379 1308 583 1891 1737 2033 154 954 1965 1150 286 372 1733 661 778 51 1371 593 1031 1994 803 347 958 1966 760 405 133 1024 958 2000 153 429 1028 996 2095 1144 1978 429 705 2033 653 0 952 985 1525 1535 574 1958 1025 1035 1006 771 286 656 909 250 276 919 578 904
445 784 879 346 229 644 918 1037 986 1197 508 746 1168 664 517 946 680 869 492 866 1299 1146 482 992 159 685 935 421 404 1147 993 1146 1013 435 1221 262 1132 928 989 684 512 925 484 616 144 1107 206 903 71 1222 495 961 993 191 431 1256 1013 985 141 162 1208 257 1234 764 440 1146 675 952 0 98 638 648 597 1071 192 202 119 505 1132 678 381 748 1122 392 600 376
478 817 912 379 302 589 950 981 931 1142 452 779 1112 696 550 979 712 901 525 899 1243 1192 426 937 232 629 967 365 437 1091 937 1091 1046 468 1166 185 1178 961 933 716 545 958 428 648 127 1051 239 936 36 1166 528 993 1025 264 463 1200 1045 1018 123 235 1153 179 1178 797 472 1091 708 985 98 0 583 593 629 1016 265 275 102 538 1178 711 413 781 1168 424 633 409
1019 1358 1452 919 843 113 1491 1070 1020 666 917 1320 637 1237 1091 1519 1253 1442 1065 1440 986 1733 190 1026 773 154 1508 830 978 1011 1026 615 1587 1008 814 671 1719 1501 1022 1257 1086 1498 188 1189 657 576 779 1476 600 1001 1068 1534 1566 804 1004 965 1586 1558 660 776 677 666 718 1338 1013 615 1249 1525 638 583 0 54 1170 540 806 815 656 1078 1719 1251 954 1322 1708 965 1173 950
1028 1368 1462 929 853 123 1501 1080 1030 676 927 1330 647 1247 1101 1529 1263 1452 1075 1450 996 1743 200 1036 783 164 1518 840 988 1021 1036 625 1597 1018 824 681 1729 1511 1032 1267 1096 1508 198 1199 667 586 789 1486 610 1011 1078 1544 1576 814 1014 975 1596 1568 670 786 687 676 728 1348 1023 625 1259 1535 648 593 54 0 1180 550 815 825 666 1088 1729 1261 964 1332 1718 975 1183 960
590 406 501 518 702 1176 540 1407 1356 1729 890 368 1699 84 427 514 100 490 402 389 1668 621 1013 1362 637 1216 490 952 227 1516 1362 1678 635 580 1591 794 607 550 1359 104 422 547 1015 153 675 1638 447 525 603 1592 405 495 615 669 594 1626 635 469 672 640 1740 788 1604 386 350 1678 96 574 597 629 1170 1180 0 1603 670 679 650 415 607 99 553 370 597 564 137 549
1451 1790 1885 1352 1276 480 1924 581 530 177 1013 1752 147 1670 1524 1949 1686 1875 1498 1824 465 2056 623 536 1206 438 1924 1046 1410 490 537 126 2019 1441 325 1104 2042 1934 533 1690 1518 1931 621 1622 1090 86 1212 1909 1032 479 1501 1929 1999 1237 1437 444 2019 1904 1093 1209 155 1098 229 1770 1446 150 1682 1958 1071 1016 540 550 1603 0 1238 1248 1089 1511 2042 1684 1387 1754 2032 1398 1606 1383
411 848 952 419 62 811 913 970 920 1365 454 810 1335 691 591 871 674 919 565 747 1232 979 649 926 96 852 847 517 477 1080 926 1313 1048 401 1154 430 965 923 922 709 586 998 651 689 311 1274 279 903 238 1155 568 852 1027 128 414 1189 1047 827 308 99 1375 424 1167 828 513 1314 716 1025 192 265 806 815 670 1238 0 74 286 578 965 700 387 822 954 437 673 405
459 867 962 429 111 821 962 1019 968 1374 502 829 1344 740 600 920 723 951 575 796 1280 1027 659 974 106 861 896 566 487 1129 975 1323 1096 449 1203 439 1013 972 971 757 595 1008 660 698 320 1283 289 952 248 1204 578 901 1075 137 463 1238 1096 875 317 109 1385 433 1216 847 523 1323 758 1035 202 275 815 825 679 1248 74 0 296 588 1014 748 436 831 1003 474 683 453
499 838 933 400 323 662 971 983 933 1215 457 800 1185 717 571 1000 733 922 546 920 1245 1213 500 939 253 702 989 422 458 1093 939 1164 1067 489 1167 176 1199 982 935 738 566 979 501 669 65 1125 260 957 75 1168 549 1015 1046 285 485 1202 1067 1039 62 256 1226 171 1180 818 494 1164 729 1006 119 102 656 666 650 1089 286 296 0 559 1199 732 435 802 1189 445 654 430
394 603 698 257 570 1084 700 1275 1225 1638 758 565 1608 478 46 659 461 687 117 534 1537 766 922 1230 546 1125 634 822 223 1385 1231 1586 832 384 1459 703 752 711 1227 496 56 743 924 434 584 1547 330 690 511 1460 120 639 811 577 379 1494 831 614 581 549 1648 697 1472 583 121 1586 494 771 505 538 1078 1088 415 1511 578 588 559 0 752 487 329 567 742 340 418 325
842 563 294 902 955 1725 412 1659 1609 2095 1143 525 2065 586 783 370 569 418 783 462 1921 24 1562 1615 1036 1765 346 1206 776 1769 1615 2044 247 832 1843 1154 47 422 1611 604 759 251 1564 710 1224 2078 975 402 1152 1844 786 351 226 1068 846 1878 246 326 1221 1039 2118 1148 1856 543 787 2141 611 286 1132 1178 1719 1729 607 2042 965 1014 1199 752 0 595 819 443 58 868 695 836
577 478 583 600 689 1257 543 1394 1343 1810 877 440 1781 79 509 501 62 549 483 377 1656 609 1095 1349 718 1298 477 941 308 1504 1350 1759 677 567 1578 875 594 553 1346 96 494 628 1097 234 757 1720 528 533 684 1579 486 482 657 750 581 1613 677 456 753 722 1821 870 1591 458 431 1759 104 656 678 711 1251 1261 99 1684 700 748 732 487 595 0 554 452 584 603 219 571
75 702 835 160 377 960 767 1081 1031 1513 565 664 1483 545 360 725 528 773 316 601 1343 833 798 1037 421 1000 701 629 361 1191 1037 1462 902 65 1265 576 819 777 1033 563 336 881 799 572 459 1422 196 757 387 1266 319 706 881 453 104 1300 901 681 456 424 1524 571 1278 682 320 1462 570 909 381 413 954 964 553 1387 387 436 435 329 819 554 0 705 808 98 556 28
769 246 177 670 859 1328 215 1677 1627 1881 1161 208 1851 437 579 244 453 166 553 328 1939 457 1165 1633 789 1368 233 1104 379 1787 1633 1830 311 759 1861 946 443 226 1629 458 574 223 1167 389 827 1790 599 201 755 1862 556 259 290 820 755 1896 311 283 824 792 1892 940 1874 226 501 1830 449 250 748 781 1322 1332 370 1754 822 831 802 567 443 452 705 0 433 715 374 700
832 553 284 891 944 1714 402 1649 1598 2085 1132 515 2055 576 772 360 559 408 773 452 1910 52 1552 1604 1026 1755 336 1196 766 1759 1605 2034 236 822 1833 1144 62 412 1601 593 749 240 1554 700 1214 2067 964 392 1141 1834 776 341 216 1057 836 1868 236 315 1211 1029 2108 1138 1846 533 776 2131 601 276 1122 1168 1708 1718 597 2032 954 1003 1189 742 58 584 808 433 0 858 684 826
150 751 846 171 426 971 816 1131 1080 1524 614 713 1494 595 371 775 578 823 327 650 1393 882 808 1086 432 1011 751 678 371 1241 1087 1473 951 140 1315 589 868 827 1083 612 347 892 810 583 470 1433 206 806 398 1316 330 756 930 464 65 1350 951 730 467 435 1535 583 1328 731 330 1473 619 919 392 424 965 975 564 1398 437 474 445 340 868 603 98 715 858 0 567 94
621 410 505 522 711 1179 543 1494 1444 1732 977 372 1703 204 431 571 220 494 405 477 1756 709 1017 1450 640 1220 560 956 230 1604 1450 1681 639 611 1678 797 695 553 1446 224 426 550 1019 76 679 1642 450 529 606 1679 408 582 618 672 606 1713 638 557 675 644 1743 792 1691 390 353 1681 216 578 600 633 1173 1183 137 1606 673 683 654 418 695 219 556 374 684 567 0 552
92 720 831 156 394 956 784 1099 1049 1509 582 682 1479 563 356 743 546 791 312 618 1361 850 793 1054 417 996 719 646 356 1209 1055 1458 919 82 1283 574 836 795 1051 580 332 877 795 568 455 1418 191 775 383 1284 315 724 898 449 102 1318 919 698 452 420 1520 568 1296 700 315 1458 587 904 376 409 950 960 549 1383 405 453 430 325 836 571 28 700 826 94 552 0
EOF