NAME : tsp_problem
TYPE : TSP
DIMENSION : 52
EDGE_WEIGHT_TYPE : EXPLICIT
EDGE_WEIGHT_FORMAT : FULL_MATRIX
EDGE_WEIGHT_SECTION
0 1825 868 1428 1299 1106 1864 1183 159 399 1557 1290 1611 1330 1114 1198 701 1707 1626 1104 1470 1960 368 1658 411 775 1479 1630 658 1557 1185 379 1020 760 130 1100 959 1689 1958 1903 1414 1894 116 386 1659 1814 511 1282 1335 79 734 1183
1825 0 1176 514 717 828 546 708 1861 1597 342 708 340 647 802 669 1537 258 324 919 443 579 1630 528 1589 1611 442 298 1775 434 705 1619 1003 1596 1718 911 958 187 675 834 527 410 1790 1612 529 565 1748 701 652 1776 1570 691
868 1176 0 867 866 719 1510 692 751 487 1306 858 1305 1061 693 636 904 1223 1289 810 1120 1544 520 1493 479 978 1119 1263 702 1111 695 509 875 963 916 802 648 1152 1640 1799 881 1375 903 502 1494 1530 1240 850 1067 866 937 692
1428 514 867 0 321 432 761 312 1506 1288 557 312 555 219 406 273 1140 473 539 523 287 794 1322 726 1280 1215 286 513 1378 334 309 1310 607 1199 1321 515 562 402 890 971 34 625 1394 1303 727 780 1352 305 224 1380 1173 295
1299 717 866 321 0 431 964 312 1376 1287 757 28 759 515 405 272 1010 677 743 522 574 998 1321 858 1279 1085 573 717 1248 565 309 1310 607 1070 1191 514 562 606 1093 1103 335 829 1264 1303 859 984 1222 33 521 1250 1043 294
1106 828 719 432 431 0 1075 153 1183 1140 829 422 870 602 84 179 817 788 853 130 685 1109 1173 930 1132 892 684 828 1055 675 156 1162 453 877 999 122 414 717 1204 1175 446 940 1071 1155 931 1086 1029 415 607 1057 850 153
1864 546 1510 761 964 1075 0 955 1942 1931 529 955 583 838 1049 916 1576 505 571 1135 690 293 1965 450 1923 1650 689 545 1814 681 953 1954 1251 1635 1757 1131 1206 434 388 479 775 181 1830 1947 451 108 1788 948 844 1816 1609 938
1183 708 692 312 312 153 955 0 1260 1113 751 303 750 507 127 120 894 668 734 244 565 989 1146 938 1105 969 564 708 1132 556 74 1135 432 954 1075 236 387 597 1085 1244 326 820 1148 1128 939 975 1106 295 512 1134 927 59
159 1861 751 1506 1376 1183 1942 1260 0 282 1635 1367 1689 1407 1192 1276 743 1785 1704 1182 1548 2038 251 1736 294 817 1557 1708 540 1635 1263 262 1098 802 207 1178 1037 1766 2036 1981 1492 1972 194 269 1737 1892 589 1360 1413 157 776 1260
399 1597 487 1288 1287 1140 1931 1113 282 0 1727 1279 1726 1483 1114 1057 652 1644 1710 1231 1541 1965 203 1914 145 726 1540 1684 450 1532 1116 137 1099 711 447 1223 873 1573 2061 2211 1302 1796 434 144 1915 1951 829 1271 1488 397 685 1113
1557 342 1306 557 757 829 529 751 1635 1727 0 748 120 531 837 712 1269 216 135 828 411 622 1725 323 1719 1343 420 139 1506 477 749 1750 1013 1328 1450 824 1002 198 623 568 571 453 1522 1743 324 479 1480 741 536 1508 1302 734
1290 708 858 312 28 422 955 303 1367 1279 748 0 750 506 396 263 1001 668 734 513 565 989 1312 849 1270 1076 564 708 1239 556 300 1301 598 1061 1182 505 553 597 1085 1094 326 820 1255 1294 850 975 1213 24 512 1241 1034 285
1611 340 1305 555 759 870 583 750 1689 1726 120 750 0 585 843 711 1323 215 103 882 465 620 1759 377 1718 1397 474 92 1560 475 747 1748 1045 1382 1504 878 1000 196 677 622 569 452 1576 1741 378 533 1534 742 590 1562 1356 732
1330 647 1061 219 515 602 838 507 1407 1483 531 506 585 0 600 467 1041 606 600 601 371 927 1498 632 1474 1116 370 604 1279 418 504 1505 786 1101 1223 596 757 535 932 877 205 759 1295 1498 633 788 1253 499 44 1281 1074 489
1114 802 693 406 405 84 1049 127 1192 1114 837 396 843 600 0 153 826 761 827 175 659 1082 1147 939 1106 900 658 802 1063 649 129 1136 433 885 1007 167 388 691 1178 1184 420 914 1079 1129 940 1069 1037 389 605 1065 859 127
1198 669 636 273 272 179 916 120 1276 1057 712 263 711 467 153 0 910 629 695 270 526 950 1091 899 1049 984 525 669 1148 517 117 1080 377 969 1091 262 332 558 1045 1205 287 781 1164 1073 900 936 1122 256 473 1150 943 102
701 1537 904 1140 1010 817 1576 894 743 652 1269 1001 1323 1041 826 910 0 1419 1338 816 1182 1672 512 1370 568 108 1191 1342 293 1269 897 573 732 93 593 812 671 1400 1670 1615 1126 1606 666 566 1371 1526 624 994 1047 652 66 894
1707 258 1223 473 677 788 505 668 1785 1644 216 668 215 606 761 629 1419 0 199 879 402 539 1677 473 1636 1493 402 173 1657 393 665 1666 963 1478 1600 871 918 114 634 718 487 370 1672 1659 474 525 1630 660 612 1658 1452 651
1626 324 1289 539 743 853 571 734 1704 1710 135 734 103 600 827 695 1338 199 0 897 468 604 1743 392 1702 1412 467 76 1576 459 731 1732 1029 1397 1519 893 984 180 692 637 553 436 1591 1725 393 548 1549 726 606 1577 1371 716
1104 919 810 523 522 130 1135 244 1182 1231 828 513 882 601 175 270 816 879 897 0 741 1200 1264 929 1223 891 750 901 1054 766 246 1253 452 875 997 105 505 808 1229 1174 537 1031 1070 1246 930 1085 1028 506 606 1056 849 244
1470 443 1120 287 574 685 690 565 1548 1541 411 565 465 371 659 526 1182 402 468 741 0 723 1574 512 1533 1256 61 443 1420 139 562 1563 860 1241 1363 737 815 332 813 757 277 555 1436 1556 514 669 1394 557 377 1422 1215 548
1960 579 1544 794 998 1109 293 989 2038 1965 622 989 620 927 1082 950 1672 539 604 1200 723 0 1998 496 1957 1746 723 579 1909 714 986 1987 1284 1731 1853 1192 1239 468 115 275 808 215 1925 1980 497 312 1883 981 933 1911 1705 972
368 1630 520 1322 1321 1173 1965 1146 251 203 1725 1312 1759 1498 1147 1091 512 1677 1743 1264 1574 1998 0 1826 184 586 1573 1717 309 1565 1149 182 1133 571 416 1256 906 1606 2094 2071 1336 1830 402 183 1827 1982 797 1304 1503 366 545 1147
1658 528 1493 726 858 930 450 938 1736 1914 323 849 377 632 939 899 1370 473 392 929 512 496 1826 0 1882 1444 521 396 1608 599 935 1888 1114 1429 1551 925 1188 417 544 489 716 328 1623 1881 86 400 1581 842 638 1610 1403 921
411 1589 479 1280 1279 1132 1923 1105 294 145 1719 1270 1718 1474 1106 1049 568 1636 1702 1223 1533 1957 184 1882 0 642 1532 1676 365 1524 1108 149 1091 627 459 1215 865 1565 2053 2127 1294 1788 446 156 1883 1943 841 1263 1480 409 601 1105
775 1611 978 1215 1085 892 1650 969 817 726 1343 1076 1397 1116 900 984 108 1493 1412 891 1256 1746 586 1444 642 0 1265 1416 368 1343 971 648 806 73 668 886 745 1475 1744 1689 1200 1680 740 641 1445 1600 698 1068 1121 726 101 969
1479 442 1119 286 573 684 689 564 1557 1540 420 564 474 370 658 525 1191 402 467 750 61 723 1573 521 1532 1265 0 442 1428 91 561 1562 859 1250 1372 746 814 331 818 766 276 554 1444 1555 522 677 1402 556 376 1430 1224 547
1630 298 1263 513 717 828 545 708 1708 1684 139 708 92 604 802 669 1342 173 76 901 443 579 1717 396 1676 1416 442 0 1579 433 705 1706 1003 1401 1523 897 958 154 675 641 527 410 1595 1699 397 552 1553 701 609 1581 1375 691
658 1775 702 1378 1248 1055 1814 1132 540 450 1506 1239 1560 1279 1063 1148 293 1657 1576 1054 1420 1909 309 1608 365 368 1428 1579 0 1507 1135 371 970 353 706 1050 909 1638 1908 1853 1364 1844 692 364 1609 1764 862 1232 1285 655 326 1132
1557 434 1111 334 565 675 681 556 1635 1532 477 556 475 418 649 517 1269 393 459 766 139 714 1565 599 1524 1343 91 433 1507 0 553 1554 851 1328 1450 758 806 322 810 844 323 545 1522 1547 601 700 1481 548 423 1509 1302 538
1185 705 695 309 309 156 953 74 1263 1116 749 300 747 504 129 117 897 665 731 246 562 986 1149 935 1108 971 561 705 1135 553 0 1138 435 956 1078 239 390 594 1082 1241 323 817 1150 1131 936 972 1108 292 509 1136 930 56
379 1619 509 1310 1310 1162 1954 1135 262 137 1750 1301 1748 1505 1136 1080 573 1666 1732 1253 1563 1987 182 1888 149 648 1562 1706 371 1554 1138 0 1121 633 427 1245 895 1595 2083 2133 1324 1818 414 124 1889 1973 809 1293 1510 377 606 1135
1020 1003 872 607 607 453 1251 432 1098 1096 1013 598 1045 786 433 377 732 963 1029 452 860 1284 1130 1114 1088 806 859 1003 970 851 435 1119 0 791 913 448 319 892 1380 1359 621 1115 985 1112 1116 1270 943 590 791 972 765 432
760 1596 963 1199 1070 877 1635 954 802 711 1328 1061 1382 1101 885 969 93 1478 1397 875 1241 1731 571 1429 627 73 1250 1401 353 1328 956 633 791 0 653 871 730 1460 1729 1674 1185 1665 725 626 1430 1585 683 1053 1106 711 74 954
130 1718 916 1321 1191 999 1757 1075 207 447 1450 1182 1504 1223 1007 1091 593 1600 1519 997 1363 1853 416 1551 459 668 1372 1523 706 1450 1078 427 913 653 0 993 852 1581 1851 1796 1307 1787 95 434 1552 1707 404 1175 1228 81 626 1075
1100 911 802 515 514 122 1131 236 1178 1223 824 505 878 596 167 262 812 871 893 105 737 1192 1256 925 1215 886 746 897 1050 758 239 1245 448 871 993 0 497 800 1225 1170 529 1023 1065 1238 926 1081 1024 498 602 1052 845 236
976 1060 587 664 663 516 1307 489 1053 811 1103 654 1101 858 489 433 687 1019 1085 607 917 1340 845 1290 803 762 916 1060 925 907 491 833 420 747 868 599 0 949 1436 1596 678 1172 941 826 1291 1327 899 647 863 927 720 489
1689 187 1152 402 606 717 434 597 1766 1573 198 597 196 535 691 558 1400 114 180 808 332 468 1606 417 1565 1475 331 154 1638 322 594 1595 892 1460 1581 800 847 0 563 699 416 299 1654 1588 418 454 1612 589 541 1640 1433 580
1958 675 1640 890 1093 1204 388 1085 2036 2061 623 1085 677 932 1178 1045 1670 634 692 1229 813 115 2094 544 2053 1744 818 675 1908 810 1082 2083 1380 1729 1851 1225 1335 563 0 273 904 311 1924 2076 545 408 1882 1077 938 1910 1703 1067
1903 834 1799 971 1103 1175 479 1244 1981 2211 568 1094 622 877 1184 1205 1615 718 637 1174 757 275 2071 489 2127 1689 766 641 1853 844 1241 2133 1359 1674 1796 1170 1494 699 273 0 961 470 1868 2126 490 429 1826 1087 883 1855 1648 1227
1414 527 881 34 335 446 775 326 1492 1302 571 326 569 205 420 287 1126 487 553 537 277 808 1336 716 1294 1200 276 527 1364 323 323 1324 621 1185 1307 529 576 416 904 961 0 639 1379 1317 717 794 1338 319 210 1366 1159 309
1894 410 1375 625 829 940 181 820 1972 1796 453 820 452 759 914 781 1606 370 436 1031 555 215 1830 328 1788 1680 554 410 1844 545 817 1818 1115 1665 1787 1023 1070 299 311 470 639 0 1859 1811 329 201 1818 813 764 1846 1639 803
116 1790 903 1394 1264 1071 1830 1148 194 434 1522 1255 1576 1295 1079 1164 666 1672 1591 1070 1436 1925 402 1623 446 740 1444 1595 692 1522 1150 414 985 725 95 1065 924 1654 1924 1868 1379 1859 0 421 1624 1779 476 1247 1300 67 699 1148
386 1612 502 1303 1303 1155 1947 1128 269 144 1743 1294 1741 1498 1129 1073 566 1659 1725 1246 1556 1980 183 1881 156 641 1555 1699 364 1547 1131 124 1114 626 434 1238 888 1588 2076 2126 1317 1811 421 0 1882 1966 816 1286 1503 384 599 1128
1659 529 1494 727 859 931 451 939 1737 1915 324 850 378 633 940 900 1371 474 393 930 514 497 1827 86 1883 1445 522 397 1609 601 936 1889 1116 1430 1552 926 1189 418 545 490 717 329 1624 1882 0 401 1583 843 639 1611 1404 922
1814 565 1530 780 984 1086 108 975 1892 1951 479 975 533 788 1069 936 1526 525 548 1085 669 312 1982 400 1943 1600 677 552 1764 700 972 1973 1270 1585 1707 1081 1225 454 408 429 794 201 1779 1966 401 0 1738 967 794 1766 1559 958
445 1683 1232 1286 1156 963 1722 1040 523 763 1415 1147 1469 1187 972 1056 558 1565 1484 962 1328 1818 732 1516 775 633 1337 1488 796 1415 1043 743 878 618 338 958 817 1546 1816 1761 1272 1752 411 750 1517 1672 0 1140 1193 397 591 1040
1282 701 850 305 33 415 948 295 1360 1271 741 24 742 499 389 256 994 660 726 506 557 981 1304 842 1263 1068 556 701 1232 548 292 1293 590 1053 1175 498 545 589 1077 1087 319 813 1247 1286 843 967 1205 0 504 1233 1027 278
1335 652 1067 224 521 607 844 512 1413 1488 536 512 590 44 605 473 1047 612 606 606 377 933 1503 638 1480 1121 376 609 1285 423 509 1510 791 1106 1228 602 762 541 938 883 210 764 1300 1503 639 794 1258 504 0 1286 1080 495
79 1776 866 1380 1250 1057 1816 1134 157 397 1508 1241 1562 1281 1065 1150 652 1658 1577 1056 1422 1911 366 1610 409 726 1430 1581 655 1509 1136 377 972 711 81 1052 910 1640 1910 1855 1366 1846 67 384 1611 1766 462 1233 1286 0 685 1134
734 1570 937 1173 1043 850 1609 927 776 685 1302 1034 1356 1074 859 943 66 1452 1371 849 1215 1705 545 1403 601 101 1224 1375 326 1302 930 606 765 74 626 845 704 1433 1703 1648 1159 1639 699 599 1404 1559 657 1027 1080 685 0 927
1183 691 692 295 294 153 938 59 1260 1113 734 285 732 489 127 102 894 651 716 244 548 972 1147 921 1105 969 547 691 1132 538 56 1135 432 954 1075 236 387 580 1067 1227 309 803 1148 1128 922 958 1106 278 495 1134 927 0
EOF