NAME : tsp_problem
TYPE : TSP
DIMENSION : 34
EDGE_WEIGHT_TYPE : EXPLICIT
EDGE_WEIGHT_FORMAT : FULL_MATRIX
EDGE_WEIGHT_SECTION
0 1220 579 755 615 798 434 851 583 731 386 804 1138 495 604 682 630 1080 580 1529 113 1570 1188 1270 702 727 631 868 1608 708 1478 791 518 1424
1217 0 921 1624 956 1861 1303 1720 924 1617 1106 508 219 1381 749 1638 996 815 827 837 1201 826 887 902 1570 810 1500 394 1040 1577 896 879 1391 1085
579 924 0 986 142 1073 665 1083 42 980 469 507 842 743 308 957 182 837 164 1286 563 1327 946 1028 933 431 863 572 1365 940 1235 500 753 1181
755 1627 986 0 1022 255 553 115 990 334 907 1211 1545 631 1011 355 1059 1509 987 1958 739 1999 1617 1699 287 1134 438 1275 2037 294 1907 1203 641 1853
615 959 142 1022 0 1044 701 1118 146 976 505 543 877 741 344 928 153 808 200 1257 599 1298 916 998 969 466 878 608 1336 975 1206 520 764 1152
798 1864 1073 255 1044 0 629 269 1077 427 913 1430 1782 588 1225 379 999 1449 1131 1898 754 1939 1557 1639 455 1182 545 1512 1977 461 1847 1161 611 1793
434 1306 665 553 701 629 0 649 669 546 586 889 1224 97 690 513 738 1187 665 1636 418 1677 1296 1378 499 813 429 954 1715 506 1585 882 107 1532
851 1723 1083 115 1118 269 649 0 1086 430 988 1307 1641 662 1108 451 1074 1523 1083 1972 829 2013 1632 1714 383 1230 534 1372 2051 390 1921 1235 685 1868
583 927 42 990 146 1077 669 1086 0 983 473 511 845 747 312 960 186 841 168 1290 567 1330 949 1031 936 434 866 575 1369 943 1239 503 757 1185
731 1620 980 334 976 427 546 430 983 0 846 1204 1538 520 1005 103 932 1381 980 1830 687 1871 1490 1572 109 1115 431 1268 1909 116 1779 1093 543 1726
386 1109 469 907 505 913 586 988 473 846 0 693 1027 610 494 797 485 934 469 1383 352 1424 1043 1125 853 617 748 758 1462 860 1332 646 633 1278
804 505 507 1211 543 1430 889 1307 511 1204 693 0 671 968 336 1225 583 548 414 997 787 1038 657 739 1157 397 1087 153 1076 1164 946 465 977 892
1138 219 842 1545 877 1782 1224 1641 845 1538 1027 674 0 1302 670 1559 917 981 748 868 1122 857 919 934 1491 731 1421 561 1072 1498 927 800 1312 1116
495 1384 743 631 741 588 97 662 747 520 610 968 1302 0 768 471 696 1145 744 1595 451 1635 1254 1336 548 879 422 1032 1674 554 1543 857 66 1490
604 752 308 1011 344 1225 690 1108 312 1005 494 336 670 768 0 1025 384 724 214 1173 588 1214 833 915 958 156 888 401 1252 965 1122 225 778 1068
682 1641 957 355 928 379 513 451 960 103 797 1225 1559 471 1025 0 883 1333 1001 1782 638 1822 1441 1523 130 1066 429 1289 1861 137 1731 1044 495 1677
630 999 182 1059 153 999 738 1074 186 932 485 583 917 696 384 883 0 763 240 1213 586 1253 872 954 959 497 834 648 1292 966 1161 475 719 1108
1080 815 837 1509 808 1449 1187 1523 841 1381 934 548 981 1145 724 1333 763 0 873 552 1036 593 151 233 1409 681 1283 460 631 1415 501 659 1169 447
580 830 164 987 200 1131 665 1083 168 980 469 414 748 744 214 1001 240 873 0 1322 564 1363 982 1064 933 337 863 478 1401 940 1271 406 754 1217
1529 837 1286 1958 1257 1898 1636 1972 1290 1830 1383 997 868 1595 1173 1782 1213 552 1322 0 1485 77 661 743 1858 1130 1732 909 679 1865 153 1109 1618 495
113 1204 563 739 599 754 418 829 567 687 352 787 1122 451 588 638 586 1036 564 1485 0 1525 1144 1226 685 711 589 852 1564 692 1434 747 474 1380
1570 826 1327 1999 1298 1939 1677 2013 1330 1871 1424 1038 857 1635 1214 1822 1253 593 1363 77 1525 0 701 784 1899 1171 1773 950 720 1905 194 1149 1659 536
1188 887 946 1617 916 1557 1296 1632 949 1490 1043 657 919 1254 833 1441 872 151 982 661 1144 701 0 113 1517 789 1392 569 740 1524 610 768 1277 556
1270 902 1028 1699 998 1639 1378 1714 1031 1572 1125 739 934 1336 915 1523 954 233 1064 743 1226 784 113 0 1599 872 1474 651 822 1606 692 850 1359 638
702 1573 933 287 969 455 499 383 936 109 853 1157 1491 548 958 130 959 1409 933 1858 685 1899 1517 1599 0 1081 385 1222 1937 48 1807 1120 571 1753
727 813 431 1134 466 1182 813 1230 434 1115 617 397 731 879 156 1066 497 681 337 1130 711 1171 789 872 1081 0 1010 461 1209 1087 1079 110 901 1025
631 1503 863 438 878 545 429 534 866 431 748 1087 1421 422 888 429 834 1283 863 1732 589 1773 1392 1474 385 1010 0 1152 1811 391 1681 995 445 1627
868 394 572 1275 608 1512 954 1372 575 1268 758 153 561 1032 401 1289 648 460 478 909 852 950 569 651 1222 461 1152 0 988 1228 858 530 1042 804
1608 1052 1365 2037 1336 1977 1715 2051 1369 1909 1462 1076 1083 1674 1252 1861 1292 631 1401 679 1564 720 740 822 1937 1209 1811 988 0 1944 628 1188 1697 217
708 1580 940 294 975 461 506 390 943 116 860 1164 1498 554 965 137 966 1415 940 1865 692 1905 1524 1606 48 1087 391 1228 1944 0 1813 1127 577 1760
1478 896 1235 1907 1206 1847 1585 1921 1239 1779 1332 946 927 1543 1122 1731 1161 501 1271 153 1434 194 610 692 1807 1079 1681 858 628 1813 0 1057 1567 444
791 882 500 1203 520 1161 882 1235 503 1093 646 465 800 857 225 1044 475 659 406 1109 747 1149 768 850 1120 110 995 530 1188 1127 1057 0 880 1004
518 1394 753 641 764 611 107 685 757 543 633 977 1312 66 778 495 719 1169 754 1618 474 1659 1277 1359 571 901 445 1042 1697 577 1567 880 0 1513
1424 1096 1181 1853 1152 1793 1532 1868 1185 1726 1278 892 1127 1490 1068 1677 1108 447 1217 495 1380 536 556 638 1753 1025 1627 804 217 1760 444 1004 1513 0
EOF