NAME : tsp_problem
TYPE : TSP
DIMENSION : 12
EDGE_WEIGHT_TYPE : EXPLICIT
EDGE_WEIGHT_FORMAT : FULL_MATRIX
EDGE_WEIGHT_SECTION
0 717 469 649 484 754 356 1597 530 1388 984 1667
717 0 965 1138 1163 1211 433 1817 217 2066 1662 1887
469 965 0 418 253 523 612 1203 960 1156 752 1273
649 1138 418 0 209 396 785 1111 1140 1079 674 1181
484 1163 253 209 0 418 802 1189 975 1051 647 1259
754 1211 523 396 418 0 858 914 1245 965 779 984
356 433 612 785 802 858 0 1465 560 1705 1301 1535
1597 1817 1203 1111 1189 914 1465 0 1945 591 992 177
530 217 960 1140 975 1245 560 1945 0 1879 1474 2015
1388 2066 1156 1079 1051 967 1705 591 1879 0 473 457
984 1662 752 674 647 779 1301 992 1474 473 0 858
1667 1887 1273 1181 1259 984 1535 177 2015 457 858 0
EOF
