NAME : tsp_problem
TYPE : TSP
DIMENSION : 32
EDGE_WEIGHT_TYPE : EXPLICIT
EDGE_WEIGHT_FORMAT : FULL_MATRIX
EDGE_WEIGHT_SECTION
0 652 1059 1418 1734 799 1203 783 774 522 1095 658 1737 1596 864 1615 1636 1352 426 1511 851 1104 660 656 399 654 814 917 964 1574 895 1087
652 0 1563 1922 2036 365 1708 784 320 161 1599 1162 2039 2004 1368 2023 2140 1807 641 1874 735 1608 1164 1160 952 869 1319 483 1468 2078 539 1591
1062 1563 0 792 864 1499 594 979 1350 1433 353 544 867 832 465 851 980 636 991 702 1678 418 546 542 949 1052 470 1363 213 965 1091 345
1421 1922 792 0 542 1894 403 1374 1745 1792 582 903 545 483 860 502 523 493 1350 227 2073 591 905 901 1308 1290 829 1758 659 461 1486 574
1737 2036 864 542 0 1966 643 1446 1817 1999 731 1163 26 366 932 385 214 565 1667 452 2145 795 1165 1161 1625 1607 996 1830 807 253 1558 723
799 365 1499 1894 1966 0 1816 595 487 308 1627 1276 1969 1935 1311 1953 2083 1738 788 1804 639 1691 1278 1274 1099 1016 1374 166 1543 2121 707 1619
1206 1708 594 403 643 1816 0 1295 1666 1577 368 689 646 582 664 600 621 252 1136 481 1906 376 691 687 1094 1076 615 1680 445 559 1407 359
783 784 979 1374 1446 595 1295 0 565 747 1107 756 1449 1414 790 1433 1562 1217 1109 1284 774 1171 758 754 707 1298 854 459 1023 1601 306 1098
774 320 1350 1745 1817 487 1666 565 0 283 1478 1127 1820 1785 1161 1804 1933 1589 763 1655 857 1542 1129 1125 1074 991 1225 605 1394 1972 321 1470
522 161 1433 1792 1999 308 1577 747 283 0 1469 1032 2002 1967 1238 1986 2010 1726 511 1837 605 1478 1034 1030 822 739 1188 426 1338 1948 503 1461
1098 1599 353 582 731 1627 368 1107 1478 1469 0 580 734 699 556 718 800 503 1027 569 1798 131 582 578 985 1087 506 1491 163 738 1219 58
661 1162 544 903 1163 1276 689 756 1127 1032 580 0 1166 1082 349 1100 1121 837 590 996 1361 589 40 36 548 650 300 1140 449 1059 868 572
1740 2039 867 545 26 1969 646 1449 1820 2002 734 1166 0 369 935 387 217 568 1670 455 2148 798 1168 1163 1627 1610 999 1833 810 256 1561 726
1599 2004 832 483 366 1935 582 1414 1785 1967 699 1082 369 0 901 47 480 534 1529 420 2113 764 1084 1080 1487 1469 964 1799 776 419 1526 691
867 1368 465 860 932 1311 664 790 1161 1238 556 349 935 901 0 919 1049 704 796 770 1489 565 351 347 754 857 99 1174 425 1035 902 548
1618 2023 851 502 385 1953 600 1433 1804 1986 718 1100 387 47 919 0 499 552 1547 439 2132 782 1102 1098 1505 1488 983 1817 794 437 1545 710
1639 2140 980 523 214 2083 621 1562 1933 2010 800 1121 217 480 1049 499 0 682 1568 568 2261 809 1123 1119 1526 1509 1047 1947 877 154 1674 792
1355 1807 636 493 565 1738 252 1217 1589 1726 503 837 568 534 704 552 682 0 1284 404 1917 525 839 835 1242 1224 763 1602 579 707 1330 494
426 641 991 1350 1667 788 1136 1109 763 511 1027 590 1670 1529 796 1547 1568 1284 0 1444 840 1036 592 588 726 298 747 906 896 1507 983 1019
1514 1874 702 227 452 1804 481 1284 1655 1837 569 996 455 420 770 439 568 404 1444 0 1983 634 999 994 1401 1384 834 1668 646 554 1396 561
862 747 1678 2073 2145 650 1918 774 869 617 1806 1372 2148 2113 1489 2132 2261 1917 851 1983 0 1818 1374 1370 1162 1079 1529 769 1678 2288 1006 1798
1107 1608 418 591 795 1691 376 1171 1542 1478 131 589 798 764 565 782 809 525 1036 634 1807 0 591 587 994 1096 515 1555 228 747 1283 122
663 1164 546 905 1165 1278 691 758 1129 1034 582 40 1168 1084 351 1102 1123 839 592 999 1363 591 0 38 550 653 302 1142 451 1061 870 574
659 1160 542 901 1161 1274 687 754 1125 1030 578 36 1163 1080 347 1098 1119 835 588 994 1359 587 38 0 546 648 298 1138 447 1057 866 570
399 952 987 1346 1662 1099 1131 705 1074 822 1023 586 1665 1525 792 1543 1564 1280 726 1439 1151 1032 588 584 0 915 742 1089 892 1502 817 1015
654 869 1052 1290 1607 1016 1076 1301 991 739 1087 650 1610 1469 857 1488 1509 1224 298 1384 1068 1096 653 648 878 0 807 1135 957 1447 1211 1079
817 1319 470 829 996 1374 615 854 1225 1188 506 300 999 964 99 983 1047 763 747 834 1517 515 302 298 705 807 0 1238 376 986 966 498
917 483 1363 1758 1830 166 1680 459 605 426 1491 1140 1833 1799 1174 1817 1947 1602 906 1668 757 1555 1142 1138 1091 1135 1238 0 1407 1985 691 1483
967 1468 213 659 807 1543 445 1023 1394 1338 163 449 810 776 425 794 877 579 896 646 1667 228 451 447 854 957 376 1407 0 815 1135 155
1577 2078 965 461 253 2121 559 1601 1972 1948 738 1059 256 419 1035 437 154 707 1507 554 2277 747 1061 1057 1464 1447 986 1985 815 0 1713 730
895 539 1091 1486 1558 707 1407 306 321 503 1219 868 1561 1526 902 1545 1674 1330 983 1396 1006 1283 870 866 819 1211 966 691 1135 1713 0 1211
1090 1591 345 574 723 1619 359 1098 1470 1461 58 572 726 691 548 710 792 494 1019 561 1790 122 574 570 977 1079 498 1483 155 730 1211 0
EOF
