NAME : tsp_problem
TYPE : TSP
DIMENSION : 13
EDGE_WEIGHT_TYPE : EXPLICIT
EDGE_WEIGHT_FORMAT : FULL_MATRIX
EDGE_WEIGHT_SECTION
0 1096 118 339 651 1340 1263 452 1336 1005 1316 627 326
1096 0 1026 908 1555 848 771 1184 844 156 1008 1447 864
118 1026 0 410 701 1270 1193 496 1265 935 1387 677 397
339 908 410 0 822 1151 1075 623 1147 817 1249 798 260
651 1555 701 822 0 1798 1722 648 1794 1463 1799 188 809
1340 848 1270 1151 1798 0 614 1428 686 757 566 1690 1108
1263 771 1193 1075 1722 614 0 1351 173 680 677 1614 1032
452 1184 496 623 648 1428 1351 0 1424 1093 1600 624 610
1336 844 1265 1147 1794 686 173 1424 0 752 680 1686 1104
1005 156 935 817 1463 757 680 1093 752 0 917 1355 773
1316 1008 1387 1249 1799 566 677 1600 680 917 0 1774 1085
627 1447 677 798 188 1690 1614 624 1686 1355 1774 0 785
326 864 397 260 809 1108 1032 610 1104 773 1082 785 0
EOF
