NAME : tsp_problem
TYPE : TSP
DIMENSION : 62
EDGE_WEIGHT_TYPE : EXPLICIT
EDGE_WEIGHT_FORMAT : FULL_MATRIX
EDGE_WEIGHT_SECTION
0 2041 2072 457 1961 1743 561 1708 952 539 298 744 1176 499 475 370 1907 2030 804 320 1475 1695 362 589 863 451 1511 322 124 1844 1535 704 561 698 1732 1669 676 1278 714 1228 629 436 574 1192 501 1481 708 1042 2039 435 1223 487 1039 942 888 1520 668 662 1492 96 380 1532
2041 0 455 1800 195 467 1721 489 1338 1545 1992 1519 1015 1756 1802 2232 637 165 1391 2014 712 513 2224 1662 1350 2145 657 2016 1949 305 772 1580 1721 1524 456 522 1608 857 1501 878 1615 2130 1615 999 1789 718 1534 1209 27 1790 1165 1767 1205 1328 1423 757 1599 1489 638 2036 1853 769
2072 466 0 1888 583 856 1948 863 1564 1772 2219 1639 1242 1930 1907 2197 265 311 1618 2241 1003 740 2189 1860 1501 2283 884 2242 2162 693 1063 1806 1948 1593 845 896 1832 1083 1608 1105 1784 2268 1581 1226 1933 1009 1603 1415 464 1867 1326 1919 1411 1554 1525 1048 1823 1454 865 2135 2045 1060
457 1800 1888 0 1721 1559 235 1524 752 298 591 560 936 73 50 582 1723 1790 582 613 1291 1454 574 349 679 668 1270 615 547 1660 1351 466 235 514 1548 1485 492 1038 530 987 445 653 390 951 75 1297 524 858 1798 40 1039 61 855 742 704 1336 484 478 1251 519 430 1348
1961 195 572 1721 0 459 1643 311 1259 1466 1914 1440 937 1677 1723 2086 754 282 1313 1936 535 435 2078 1584 1271 2066 579 1937 1870 297 594 1501 1642 1445 449 345 1529 778 1423 799 1536 2052 1469 920 1710 541 1455 1130 193 1711 1086 1689 1127 1249 1345 579 1521 1343 560 1957 1775 592
1743 467 844 1559 459 0 1695 678 1259 1596 1983 1309 989 1600 1577 1867 704 554 1370 1948 674 875 1859 1801 1171 1953 1018 1961 1833 204 733 1529 1695 1263 34 712 1502 879 1279 875 1454 1938 1251 996 1603 680 1273 1085 465 1537 996 1589 1082 1249 1196 718 1493 1124 1000 1805 1716 730
561 1721 1937 235 1643 1695 0 1661 674 219 513 589 857 191 237 718 1860 1711 504 535 1428 1376 710 270 686 666 1192 536 469 1797 1487 388 77 594 1684 1622 416 959 572 909 423 651 527 873 224 1434 604 803 1720 225 975 203 800 664 759 1472 408 615 1173 556 374 1485
1708 489 851 1524 311 678 1661 0 1225 1562 1948 1274 954 1566 1543 1833 1033 576 1335 1914 282 638 1825 1766 1136 1919 782 1926 1798 516 341 1494 1660 1228 668 92 1467 844 1244 841 1420 1904 1216 961 1569 288 1239 1050 487 1502 961 1554 1047 1215 1161 326 1458 1090 763 1770 1681 339
952 1338 1553 752 1259 1259 674 1225 0 497 945 471 474 708 754 1076 1424 1328 344 967 992 992 1068 702 125 1097 808 968 901 1361 1052 532 673 472 1249 1186 560 575 454 525 567 1083 460 489 741 998 482 419 1336 742 592 720 416 42 199 1036 552 333 789 988 806 1049
539 1545 1760 298 1466 1596 219 1562 497 0 490 413 681 254 300 772 1761 1535 327 512 1329 1199 764 248 509 643 1015 514 447 1698 1389 212 219 418 1586 1523 240 783 395 732 246 628 443 696 287 1335 428 626 1543 288 799 265 623 487 583 1373 231 531 996 534 351 1386
298 1992 2208 591 1914 1983 513 1948 945 490 0 860 1128 547 593 310 2147 1982 775 95 1715 1647 302 541 957 181 1462 73 207 2084 1775 659 512 865 1972 1910 687 1230 843 1180 694 166 814 1144 580 1721 875 1074 1991 581 1246 559 1071 935 1030 1760 679 902 1444 293 332 1772
744 1519 1639 560 1440 1309 589 1274 471 413 860 0 655 602 579 869 1474 1509 155 882 1042 1173 861 618 429 955 989 884 817 1411 1101 371 589 100 1298 1236 344 756 116 706 350 940 252 670 605 1048 110 600 1517 539 773 590 597 461 454 1086 335 229 970 806 717 1098
1176 1012 1228 936 934 989 857 954 474 681 1128 655 0 891 938 1340 1153 1002 527 1150 721 615 1332 885 485 1281 733 1152 1085 1090 781 715 857 659 978 915 744 198 637 148 750 1266 724 60 924 727 669 344 1011 925 163 903 341 464 559 766 735 597 714 1171 989 778
499 1756 1930 73 1677 1600 191 1566 708 254 547 602 891 0 91 623 1765 1746 538 569 1333 1410 615 304 720 700 1226 571 504 1702 1392 422 191 556 1590 1527 451 993 571 943 457 685 432 907 96 1339 566 837 1754 82 1010 74 834 698 746 1377 442 520 1207 561 408 1390
475 1802 1907 50 1723 1577 237 1543 754 300 593 579 938 91 0 600 1742 1792 584 615 1310 1456 592 351 698 686 1272 617 550 1679 1369 468 237 533 1566 1504 497 1040 548 989 464 671 409 953 94 1316 543 877 1800 59 1056 80 874 744 723 1354 488 497 1253 538 449 1367
370 2232 2197 582 2086 1867 718 1833 1076 772 310 869 1340 623 600 0 2032 2264 929 275 1600 1928 67 823 988 280 1744 288 460 1969 1659 829 718 823 1857 1794 801 1512 839 1461 754 266 699 1356 626 1606 833 1167 2230 560 1348 612 1164 1066 1013 1644 793 787 1725 432 559 1657
1907 648 265 1723 765 704 1860 1044 1424 1761 2147 1474 1153 1765 1742 2032 0 493 1535 2113 838 922 2024 1966 1336 2118 1066 2126 1997 806 898 1694 1860 1428 693 1032 1667 1044 1443 1040 1619 2103 1416 1161 1768 844 1438 1249 646 1702 1161 1754 1246 1414 1360 883 1658 1289 1047 1970 1880 895
2030 165 299 1790 282 554 1711 576 1328 1535 1982 1509 1005 1746 1792 2264 481 0 1381 2004 800 503 2256 1652 1339 2135 647 2006 1939 392 859 1570 1711 1513 544 610 1598 846 1491 868 1604 2120 1666 989 1779 806 1524 1198 163 1779 1155 1757 1195 1318 1413 844 1589 1540 628 2025 1843 856
804 1391 1607 582 1313 1370 504 1335 344 327 775 155 527 538 584 929 1535 1381 0 796 1103 1046 921 532 355 927 861 798 731 1472 1162 285 503 160 1359 1297 258 629 138 579 265 913 313 543 571 1109 170 473 1390 572 645 550 470 334 429 1147 249 290 842 818 636 1160
320 2014 2230 613 1936 1948 535 1914 967 512 95 882 1150 569 615 275 2113 2004 796 0 1681 1669 267 563 978 146 1484 106 229 2050 1740 681 534 887 1938 1875 709 1252 864 1202 715 132 780 1165 602 1687 897 1096 2012 603 1268 580 1092 957 1052 1725 700 868 1465 315 354 1738
1475 712 1003 1291 535 674 1428 282 992 1329 1715 1042 721 1333 1310 1600 838 800 1103 1681 0 862 1592 1534 904 1686 1006 1694 1565 740 87 1262 1428 996 663 244 1235 612 1011 608 1187 1671 984 729 1336 33 1006 817 711 1270 729 1322 814 982 928 72 1226 857 987 1538 1448 84
1692 513 729 1451 435 875 1373 638 989 1196 1644 1170 618 1407 1453 1925 911 503 1043 1666 862 0 1917 1334 1001 1797 329 1667 1600 712 921 1231 1372 1175 864 672 1259 459 1153 481 1266 1782 1323 602 1440 868 1185 860 512 1441 768 1419 857 979 1075 906 1251 1197 310 1687 1505 919
362 2224 2189 574 2078 1859 710 1825 1068 764 302 861 1332 615 592 67 2024 2256 921 267 1592 1920 0 815 980 272 1736 280 452 1961 1651 820 710 815 1849 1786 793 1504 830 1453 746 258 691 1348 618 1598 825 1159 2222 552 1340 604 1156 1058 1005 1636 784 779 1717 424 551 1649
589 1662 1848 349 1584 1801 270 1766 702 248 541 618 885 304 351 823 1966 1652 532 563 1534 1334 815 0 714 694 1132 564 498 1861 1593 416 270 622 1790 1728 445 987 600 937 451 679 640 901 337 1540 633 831 1661 338 1003 316 828 692 788 1578 436 728 1113 584 402 1591
863 1350 1501 679 1271 1171 686 1136 125 509 957 429 485 720 698 988 1336 1339 355 978 904 1004 980 714 0 1074 820 980 913 1273 963 544 685 384 1160 1098 572 587 399 537 575 1059 371 501 724 910 394 431 1348 658 603 709 428 115 111 948 563 245 801 925 818 960
451 2145 2283 668 2066 1953 666 1919 1097 643 181 955 1281 700 686 280 2118 2135 927 146 1686 1800 272 694 1074 0 1615 159 360 2055 1745 812 665 909 1943 1880 840 1383 925 1333 840 56 785 1296 712 1692 919 1227 2143 646 1399 698 1223 1087 1099 1730 831 873 1596 446 485 1743
1511 657 873 1270 579 1018 1192 782 808 1015 1462 989 733 1226 1272 1744 1055 647 861 1484 1006 329 1736 1132 820 1615 0 1486 1419 856 1065 1050 1191 994 1008 816 1078 672 971 694 1085 1600 1147 749 1259 1012 1004 679 656 1260 851 1237 676 798 894 1050 1069 1020 63 1506 1324 1063
322 2016 2231 615 1937 1961 536 1926 968 514 73 884 1152 571 617 288 2126 2006 798 106 1694 1670 280 564 980 159 1486 0 230 2063 1753 682 536 889 1950 1888 711 1253 866 1203 717 144 792 1167 603 1700 899 1097 2014 604 1270 582 1094 958 1054 1738 702 880 1467 317 356 1750
124 1949 2162 547 1870 1833 469 1798 901 447 207 817 1085 504 550 460 1997 1939 731 229 1565 1603 452 498 913 360 1419 230 0 1934 1625 615 469 788 1822 1760 644 1187 799 1136 650 345 664 1100 537 1571 798 1030 1947 525 1203 515 1027 891 978 1610 635 752 1400 119 289 1622
1844 305 682 1660 297 204 1797 516 1361 1698 2084 1411 1090 1702 1679 1969 806 392 1472 2050 740 712 1961 1861 1273 2055 856 2063 1934 0 799 1631 1797 1365 194 549 1604 981 1380 977 1556 2040 1353 1098 1705 746 1375 1187 303 1639 1098 1691 1183 1351 1297 784 1595 1226 837 1907 1817 796
1535 772 1063 1351 594 733 1487 341 1052 1389 1775 1101 781 1392 1369 1659 898 859 1162 1740 87 921 1651 1593 963 1745 1065 1753 1625 799 0 1321 1487 1055 722 303 1294 671 1071 667 1247 1731 1043 788 1395 93 1065 877 770 1329 788 1381 874 1042 988 69 1285 916 1046 1597 1508 98
704 1580 1795 466 1501 1529 388 1494 532 212 659 371 715 422 468 829 1694 1570 285 681 1262 1234 820 416 544 812 1050 682 615 1631 1321 0 388 376 1518 1456 137 817 353 767 144 797 361 731 455 1268 386 661 1578 456 834 434 658 522 618 1306 129 449 1031 702 520 1319
561 1721 1937 235 1642 1695 77 1660 673 219 512 589 857 191 237 718 1860 1711 503 534 1428 1375 710 270 685 665 1191 536 469 1797 1487 388 0 594 1684 1622 416 959 571 908 422 650 526 872 224 1434 604 802 1719 225 975 202 799 663 759 1472 407 614 1172 556 374 1484
698 1524 1593 514 1445 1263 594 1228 472 418 865 100 659 556 533 823 1428 1513 160 887 996 1178 815 622 384 909 994 889 788 1365 1055 376 594 0 1252 1190 349 761 44 711 355 894 206 675 559 1002 39 562 1522 493 743 544 559 462 408 1040 340 183 975 760 671 1053
1732 456 834 1548 449 34 1684 668 1249 1586 1972 1298 978 1590 1566 1857 693 544 1359 1938 663 864 1849 1790 1160 1943 1008 1950 1822 194 722 1518 1684 1252 0 701 1491 868 1268 864 1444 1928 1240 985 1592 669 1262 1074 455 1526 985 1578 1071 1239 1185 707 1482 1114 989 1794 1705 719
1669 522 885 1485 345 712 1622 92 1186 1523 1910 1236 915 1527 1504 1794 1032 610 1297 1875 244 672 1786 1728 1098 1880 816 1888 1760 549 303 1456 1622 1190 701 0 1429 806 1206 802 1381 1865 1178 923 1530 250 1200 1012 520 1464 923 1516 1009 1176 1123 288 1420 1051 797 1732 1643 300
676 1608 1824 492 1529 1502 416 1467 560 240 687 344 744 451 497 801 1667 1598 258 709 1235 1263 793 445 572 840 1078 711 644 1604 1294 137 416 349 1491 1429 0 846 326 795 116 825 333 759 484 1241 359 690 1606 471 862 462 686 550 646 1279 23 421 1059 730 548 1291
1278 857 1072 1038 778 879 959 844 575 783 1230 756 198 993 1040 1512 1044 846 629 1252 612 459 1504 987 587 1383 672 1253 1187 981 671 817 959 761 868 806 846 0 739 61 852 1368 904 182 1026 618 771 446 855 1027 348 1005 443 565 661 656 837 777 653 1273 1091 669
714 1501 1608 530 1423 1279 572 1244 454 395 843 116 637 571 548 839 1443 1491 138 864 1011 1156 830 600 399 925 971 866 799 1380 1071 353 571 44 1268 1206 326 739 0 689 333 910 222 653 574 1017 54 578 1500 508 755 560 575 444 424 1056 317 198 952 776 687 1068
1228 878 1094 987 799 875 909 841 525 732 1180 706 148 943 989 1461 1040 868 579 1202 608 481 1453 937 537 1333 694 1203 1136 977 667 767 908 711 864 802 795 61 689 0 802 1318 858 132 976 614 721 396 876 977 298 955 393 515 611 652 787 732 675 1223 1041 665
629 1615 1784 445 1536 1454 423 1420 567 246 694 350 750 457 464 754 1619 1604 265 715 1187 1269 746 451 575 840 1085 717 650 1556 1247 144 422 355 1444 1381 116 852 333 802 0 825 286 766 490 1193 365 696 1613 424 868 469 693 557 600 1231 108 374 1066 691 555 1244
436 2130 2268 653 2052 1938 651 1904 1083 628 166 940 1266 685 671 266 2103 2120 913 132 1671 1785 258 679 1059 56 1600 144 345 2040 1731 797 650 894 1928 1865 825 1368 910 1318 825 0 770 1282 697 1677 904 1212 2129 631 1384 683 1209 1073 1084 1716 816 858 1581 431 470 1728
574 1615 1581 390 1469 1251 527 1216 460 443 814 252 724 432 409 699 1416 1666 313 780 984 1323 691 640 371 785 1147 792 664 1353 1043 361 526 206 1240 1178 333 904 222 858 286 770 0 739 435 990 217 550 1614 369 731 420 547 450 396 1028 325 170 1128 636 547 1040
1192 996 1212 951 918 996 873 961 489 696 1144 670 60 907 953 1356 1161 986 543 1165 729 599 1348 901 501 1296 749 1167 1100 1098 788 731 872 675 985 923 759 182 653 132 766 1282 739 0 940 735 685 360 995 941 179 919 357 479 575 773 751 613 730 1187 1005 786
501 1789 1933 75 1710 1603 224 1569 741 287 580 605 924 96 94 626 1768 1779 571 602 1336 1443 618 337 724 712 1259 603 537 1705 1395 455 224 559 1592 1530 484 1026 574 976 490 697 435 940 0 1342 569 870 1787 85 1043 106 867 731 748 1380 475 523 1240 564 441 1393
1481 718 1009 1297 541 680 1434 288 998 1335 1721 1048 727 1339 1316 1606 844 806 1109 1687 33 868 1598 1540 910 1692 1012 1700 1571 746 93 1268 1434 1002 669 250 1241 618 1017 614 1193 1677 990 735 1342 0 1012 824 717 1276 735 1328 820 988 934 78 1232 863 993 1544 1454 90
708 1534 1603 524 1455 1273 604 1239 482 428 875 110 669 566 543 833 1438 1524 170 897 1006 1188 825 633 394 919 1004 899 798 1375 1065 386 604 39 1262 1200 359 771 54 721 365 904 217 685 569 1012 0 573 1532 503 753 554 569 472 418 1050 350 193 985 771 681 1063
1042 1209 1415 858 1130 1085 803 1050 419 626 1074 600 344 837 877 1167 1249 1198 473 1096 817 863 1159 831 431 1227 679 1097 1030 1187 877 661 802 562 1074 1012 690 446 578 396 696 1212 550 360 870 824 573 0 1207 836 456 849 43 409 495 862 681 424 660 1104 935 874
2039 27 453 1798 193 465 1720 487 1336 1543 1991 1517 1013 1754 1800 2230 635 163 1390 2012 711 512 2222 1661 1348 2143 656 2014 1947 303 770 1578 1719 1522 455 520 1606 855 1500 876 1613 2129 1614 997 1787 717 1532 1207 0 1788 1163 1766 1204 1326 1422 755 1598 1487 637 2034 1852 767
435 1790 1867 40 1711 1537 225 1502 742 288 581 539 925 82 59 560 1702 1779 572 603 1270 1444 552 338 658 646 1260 604 525 1639 1329 456 225 493 1526 1464 471 1027 508 977 424 631 369 941 85 1276 503 836 1788 0 1017 70 833 732 682 1314 462 457 1241 498 408 1327
1223 1162 1326 1039 1083 996 975 961 592 799 1246 773 163 1010 1056 1348 1161 1152 645 1268 729 765 1340 1003 603 1399 851 1270 1203 1098 788 834 975 743 985 923 862 348 755 298 868 1384 731 179 1043 735 753 456 1160 1017 0 1021 453 582 676 773 853 605 832 1285 1107 786
487 1767 1919 61 1689 1589 203 1554 720 265 559 590 903 74 80 612 1754 1757 550 580 1322 1422 604 316 709 698 1237 582 515 1691 1381 434 202 544 1578 1516 462 1005 560 955 469 683 420 919 106 1328 554 849 1766 70 1021 0 846 710 734 1366 453 508 1218 549 420 1378
1039 1205 1411 855 1127 1082 800 1047 416 623 1071 597 341 834 874 1164 1246 1195 470 1092 814 860 1156 828 428 1223 676 1094 1027 1183 874 658 799 559 1071 1009 686 443 575 393 693 1209 547 357 867 820 569 43 1204 833 453 846 0 406 492 859 678 421 657 1101 932 871
942 1328 1543 742 1249 1249 664 1215 42 487 935 461 464 698 744 1066 1414 1318 334 957 982 982 1058 692 115 1087 798 958 891 1351 1042 522 663 462 1239 1176 550 565 444 515 557 1073 450 479 731 988 472 409 1326 732 582 710 406 0 189 1026 542 323 779 978 796 1039
888 1423 1525 704 1345 1196 759 1161 199 583 1030 454 559 746 723 1013 1360 1413 429 1052 928 1078 1005 788 111 1099 894 1054 978 1297 988 618 759 408 1185 1123 646 661 424 611 600 1084 396 575 748 934 418 495 1422 682 676 734 492 189 0 973 637 270 875 950 861 985
1520 757 1048 1336 579 718 1472 326 1036 1373 1760 1086 766 1377 1354 1644 883 844 1147 1725 72 906 1636 1578 948 1730 1050 1738 1610 784 69 1306 1472 1040 707 288 1279 656 1056 652 1231 1716 1028 773 1380 78 1050 862 755 1314 773 1366 859 1026 973 0 1270 901 1031 1582 1493 87
668 1599 1815 484 1521 1493 408 1458 552 231 679 335 735 442 488 793 1658 1589 249 700 1226 1254 784 436 563 831 1069 702 635 1595 1285 129 407 340 1482 1420 23 837 317 787 108 816 325 751 475 1232 350 681 1598 462 853 453 678 542 637 1270 0 413 1051 722 540 1283
662 1489 1454 478 1343 1124 615 1090 333 531 902 212 597 520 497 787 1289 1540 273 868 857 1197 779 728 245 873 1020 880 752 1226 916 449 614 166 1114 1051 421 777 182 732 374 858 170 613 523 863 176 424 1487 457 605 508 421 323 270 901 413 0 1001 725 635 914
1492 638 854 1251 560 1000 1173 763 789 996 1444 970 714 1207 1253 1725 1036 628 842 1465 987 310 1717 1113 801 1596 63 1467 1400 837 1046 1031 1172 975 989 797 1059 653 952 675 1066 1581 1128 730 1240 993 985 660 637 1241 832 1218 657 779 875 1031 1051 1001 0 1487 1305 1044
96 2036 2135 519 1957 1805 556 1770 988 534 293 806 1171 561 538 432 1970 2025 818 315 1538 1690 424 584 925 446 1506 317 119 1907 1597 702 556 760 1794 1732 730 1273 776 1223 691 431 636 1187 564 1544 771 1104 2034 498 1285 549 1101 978 950 1582 722 725 1487 0 375 1594
380 1853 2045 430 1775 1716 374 1681 806 351 332 717 989 408 449 559 1880 1843 636 354 1448 1508 551 402 818 485 1324 356 289 1817 1508 520 374 671 1705 1643 548 1091 687 1041 555 470 547 1005 441 1454 681 935 1852 408 1107 420 932 796 861 1493 540 635 1305 375 0 1505
1532 769 1060 1348 592 730 1485 339 1049 1386 1772 1098 778 1390 1367 1657 895 856 1160 1738 84 919 1649 1591 960 1743 1063 1750 1622 796 98 1319 1484 1053 719 300 1291 669 1068 665 1244 1728 1040 786 1393 90 1063 874 767 1327 786 1378 871 1039 985 87 1283 914 1044 1594 1505 0
EOF