NAME : tsp_problem
TYPE : TSP
DIMENSION : 58
EDGE_WEIGHT_TYPE : EXPLICIT
EDGE_WEIGHT_FORMAT : FULL_MATRIX
EDGE_WEIGHT_SECTION
0 45 1480 658 1614 1120 1529 1676 557 1136 1217 1614 535 452 360 323 1686 178 1435 1054 489 1128 1151 1511 1581 457 1226 377 712 1654 717 1619 574 1456 210 737 660 786 808 1422 926 111 1882 587 1955 67 1638 450 1610 852 1432 462 462 269 392 1764 1214 1137
45 0 1490 667 1624 1130 1539 1686 566 1146 1227 1623 545 461 369 332 1696 187 1444 1063 498 1137 1161 1521 1591 467 1235 386 722 1663 726 1629 583 1466 219 746 669 796 818 1431 936 121 1892 597 1964 64 1648 460 1619 862 1442 472 472 278 401 1774 1224 1146
1480 1490 0 999 963 811 805 956 1097 765 637 273 1076 1486 1285 1293 965 1417 143 863 1523 818 752 1079 1310 1194 1067 1292 885 933 971 783 1059 1060 1415 883 1032 846 868 130 691 1413 656 1112 597 1461 987 1747 936 847 1036 1759 1497 1313 1276 794 307 734
658 667 999 0 1311 681 1226 1373 312 663 736 1132 290 833 593 556 1383 528 953 733 870 688 673 1208 1278 540 923 610 409 1350 413 1316 329 1153 762 433 128 458 480 940 445 677 1532 382 1473 638 1335 864 1306 459 1129 875 843 424 622 1461 733 655
1614 1624 963 1311 0 982 716 125 1471 962 859 835 1449 1849 1550 1513 134 1485 984 916 1933 989 949 178 467 1647 424 1567 1109 102 1113 695 1488 743 1733 1133 1313 1182 1205 971 1151 1634 331 1501 550 1595 48 1820 58 1249 719 1832 1860 1380 1582 213 1147 931
1120 1130 811 681 982 0 897 1044 780 122 277 674 758 1169 968 976 1054 991 766 158 1206 46 137 879 949 876 594 974 567 1022 619 987 741 824 1098 566 714 529 551 753 374 1096 1125 795 1066 1101 1006 1327 978 530 800 1338 1179 887 958 1132 545 167
1529 1539 805 1226 716 897 0 708 1385 877 774 676 1364 1764 1465 1428 718 1400 825 830 1848 904 864 713 783 1562 427 1482 1023 686 1028 136 1402 301 1647 1048 1228 1097 1119 812 1065 1549 408 1416 649 1509 740 1735 688 1163 277 1747 1774 1295 1497 546 989 846
1676 1686 956 1373 125 1044 708 0 1532 1024 921 827 1511 1911 1612 1575 38 1547 976 977 1995 1051 1011 240 529 1709 486 1629 1170 71 1175 687 1550 805 1794 1195 1375 1244 1266 963 1212 1696 323 1563 542 1657 149 1882 97 1310 781 1894 1922 1442 1644 205 1140 993
557 566 1097 312 1471 780 1385 1532 0 762 834 1231 66 669 468 455 1542 428 1052 832 706 787 772 1368 1438 377 1082 475 569 1510 573 1476 105 1313 598 593 345 557 579 1039 543 576 1630 158 1572 537 1495 763 1466 558 1288 775 680 323 459 1621 831 754
1136 1146 762 663 962 122 877 1024 762 0 168 565 740 1151 950 958 1034 1007 747 174 1188 129 27 859 929 858 574 956 549 1002 635 967 723 804 1080 548 696 510 533 734 356 1077 1016 776 957 1117 986 1342 957 512 780 1354 1161 902 940 1112 527 57
1217 1227 637 736 859 277 774 921 834 168 0 439 813 1223 1023 1030 931 1154 657 329 1261 285 155 756 826 931 471 1029 622 899 708 864 796 701 1152 620 769 583 606 644 428 1150 890 849 832 1198 883 1485 854 584 677 1496 1234 1050 1013 1009 566 137
1611 1620 273 1129 835 677 676 827 1228 568 439 0 1206 1617 1416 1424 837 1548 294 729 1654 684 555 950 1181 1324 870 1422 1015 805 1101 654 1189 931 1546 1014 1162 977 999 281 822 1544 527 1243 468 1591 859 1878 807 978 907 1890 1627 1443 1406 665 457 537
535 545 1076 290 1449 758 1364 1511 66 740 813 1209 0 648 447 434 1521 406 1030 810 685 766 750 1346 1416 355 1061 453 547 1488 551 1454 83 1291 577 571 323 535 558 1017 522 555 1609 136 1550 516 1473 741 1444 537 1267 753 658 301 437 1599 810 732
452 461 1486 833 1849 1169 1764 1911 669 1151 1223 1620 648 0 569 558 1921 413 1441 1221 274 1176 1160 1746 1817 478 1461 576 947 1889 952 1855 631 1691 387 972 866 946 968 1428 932 385 2019 684 1961 432 1873 469 1845 947 1667 481 44 504 560 2000 1220 1143
360 369 1285 593 1550 968 1465 1612 468 950 1023 1419 447 569 0 103 1622 231 1240 990 607 975 960 1447 1517 192 1162 71 648 1590 652 1555 430 1392 478 673 596 722 744 1227 732 380 1818 483 1760 340 1574 566 1545 746 1368 578 580 204 86 1700 1020 942
323 332 1293 556 1513 976 1428 1575 455 958 1030 1427 434 558 103 0 1585 194 1248 953 615 983 968 1410 1480 200 1124 120 611 1552 615 1518 438 1355 441 635 558 685 707 1235 740 342 1781 486 1768 303 1537 529 1508 751 1331 540 568 167 135 1663 1027 950
1686 1696 965 1383 134 1054 718 38 1542 1034 931 837 1521 1921 1622 1585 0 1557 986 987 2005 1061 1021 250 538 1719 496 1639 1180 62 1185 697 1559 815 1804 1205 1385 1254 1276 973 1222 1706 333 1573 552 1666 158 1892 107 1320 790 1904 1931 1452 1654 215 1150 1003
178 187 1417 528 1485 991 1400 1547 428 1007 1154 1551 406 413 231 194 1557 0 1372 925 497 999 1022 1382 1452 328 1097 248 583 1525 588 1490 445 1327 296 608 531 657 679 1359 864 197 1753 458 1892 158 1509 384 1480 723 1303 395 423 140 263 1635 1151 1052
1435 1444 143 953 984 766 825 976 1052 747 657 294 1030 1441 1240 1248 986 1372 0 818 1478 773 757 1099 1330 1149 1088 1246 839 954 925 804 1013 1081 1370 838 986 801 823 67 646 1368 676 1067 618 1415 1008 1702 956 802 1056 1714 1451 1267 1230 814 261 739
1054 1063 863 733 916 158 830 977 832 174 329 726 810 1221 990 953 987 925 818 0 1258 165 189 813 883 928 527 1007 548 955 552 921 793 758 1150 573 753 581 603 805 426 1074 1177 847 1118 1034 940 1260 911 582 734 1272 1231 820 1010 1066 597 219
489 498 1523 870 1933 1206 1848 1995 706 1188 1261 1657 685 274 607 615 2005 497 1478 1258 0 1213 1198 1830 1901 515 1545 613 1021 1973 1036 1939 668 1776 424 1020 903 983 1005 1465 970 422 2057 721 1998 469 1957 253 1929 984 1751 265 284 588 597 2084 1258 1180
1128 1137 818 688 989 46 904 1051 787 129 285 681 766 1176 975 983 1061 999 773 165 1213 0 144 886 957 884 601 982 574 1029 626 995 749 832 1105 573 721 536 558 760 381 1103 1132 802 1074 1108 1013 1334 985 537 807 1346 1186 894 966 1140 552 174
1151 1161 749 673 949 137 864 1011 772 27 155 552 750 1160 960 968 1021 1022 757 189 1198 144 0 846 916 868 561 966 559 988 645 954 733 791 1090 558 706 520 543 744 365 1087 1003 786 944 1131 973 1357 944 522 767 1369 1171 917 950 1099 537 44
1511 1521 1079 1208 178 879 713 240 1368 859 756 950 1346 1746 1447 1410 250 1382 1099 813 1830 886 846 0 364 1544 321 1464 1006 218 1010 803 1385 640 1630 1030 1210 1079 1102 1086 1048 1531 446 1398 665 1492 202 1717 174 1146 616 1729 1757 1277 1479 329 1263 828
1516 1526 1302 1213 401 884 717 463 1372 864 761 1160 1351 1751 1452 1415 473 1387 1322 817 1835 891 851 298 0 1549 326 1469 1010 441 1015 808 1389 645 1634 1035 1215 1084 1106 1309 1052 1536 669 1403 818 1497 425 1722 397 1150 621 1734 1761 1282 1484 552 1287 833
457 467 1194 540 1647 876 1562 1709 377 858 931 1327 355 478 192 200 1719 328 1149 928 515 884 868 1544 1614 0 1259 199 692 1687 749 1652 338 1489 407 691 573 653 676 1136 640 405 1727 392 1668 437 1671 663 1642 655 1465 675 488 301 183 1797 928 850
1226 1235 1067 923 424 594 427 486 1082 574 471 870 1061 1461 1162 1124 496 1097 1088 527 1545 601 561 321 391 1259 0 1178 720 463 724 518 1099 355 1344 744 925 794 816 1075 762 1246 692 1113 911 1206 448 1432 419 860 330 1444 1471 992 1194 574 997 543
377 386 1292 610 1567 974 1482 1629 475 956 1029 1425 453 576 71 120 1639 248 1246 1007 613 982 966 1464 1534 199 1178 0 665 1606 669 1572 436 1409 495 689 612 739 761 1233 738 396 1825 489 1766 357 1591 583 1562 753 1385 594 586 221 103 1717 1026 948
712 722 885 409 1109 567 1023 1170 569 549 622 1018 547 947 648 611 1180 583 839 548 1021 574 559 1006 1076 692 720 665 0 1148 115 1114 557 951 831 53 411 102 125 826 331 732 1376 599 1359 693 1133 918 1104 169 927 930 958 479 680 1259 619 541
1654 1663 933 1350 102 1022 686 71 1510 1002 899 805 1488 1889 1590 1552 62 1525 954 955 1973 1029 988 218 506 1687 463 1606 1148 0 1152 665 1527 782 1772 1172 1353 1222 1244 941 1190 1673 301 1540 520 1634 126 1860 75 1288 758 1871 1899 1420 1622 183 1117 971
717 726 971 413 1113 619 1028 1175 573 635 708 1104 551 952 652 615 1185 588 925 552 1036 626 645 1010 1080 749 724 669 115 1152 0 1118 590 955 835 139 416 188 211 912 417 736 1381 603 1445 697 1137 923 1108 255 931 934 962 483 684 1263 705 627
1619 1629 783 1316 695 987 136 687 1476 967 864 654 1454 1855 1555 1518 697 1490 804 921 1939 995 954 803 873 1652 518 1572 1114 665 1118 0 1493 392 1738 1138 1319 1187 1210 791 1156 1639 387 1506 628 1600 719 1826 667 1254 367 1837 1865 1386 1587 525 967 936
574 583 1059 329 1488 741 1402 1550 105 723 796 1192 83 631 430 438 1559 445 1013 793 668 749 733 1385 1455 338 1099 436 557 1527 590 1493 0 1330 560 556 362 518 541 1001 505 557 1592 68 1533 554 1512 780 1483 520 1306 792 641 340 420 1638 793 715
1456 1466 1060 1153 743 824 301 805 1313 804 701 931 1291 1691 1392 1355 815 1327 1081 758 1776 832 791 640 710 1489 355 1409 951 782 955 392 1330 0 1575 975 1155 1024 1047 1068 993 1476 664 1343 904 1437 767 1662 738 1091 59 1674 1702 1223 1424 802 1227 773
210 219 1415 762 1733 1098 1647 1794 598 1080 1152 1549 577 387 478 441 1804 296 1370 1150 424 1105 1090 1630 1700 407 1344 495 831 1772 835 1738 560 1575 0 855 778 875 897 1357 861 143 1948 613 1890 190 1757 568 1728 876 1550 580 397 387 489 1883 1149 1072
737 746 883 433 1133 566 1048 1195 593 548 620 1017 571 972 673 635 1205 608 838 573 1020 573 558 1030 1100 691 744 689 53 1172 139 1138 556 975 855 0 436 101 124 825 330 756 1401 609 1358 717 1157 943 1128 168 951 954 982 503 704 1283 617 540
660 669 1032 128 1313 714 1228 1375 345 696 769 1165 323 866 596 558 1385 531 986 753 903 721 706 1210 1281 573 925 612 411 1353 416 1319 362 1155 778 436 0 485 507 973 478 680 1565 415 1506 640 1337 866 1309 492 1131 878 876 426 628 1464 766 688
786 796 846 458 1182 529 1097 1244 557 510 583 980 535 946 722 685 1254 657 801 581 983 536 520 1079 1149 653 794 739 102 1222 188 1187 518 1024 875 101 485 0 60 788 292 806 1379 571 1321 766 1206 992 1178 130 1000 1004 956 552 735 1332 580 503
808 818 868 480 1205 551 1119 1266 579 533 606 1002 558 968 744 707 1276 679 823 603 1005 558 543 1102 1172 676 816 761 125 1244 211 1210 541 1047 897 124 507 60 0 810 315 828 1402 594 1343 789 1229 1014 1200 153 1023 1026 978 575 758 1355 603 525
1422 1431 130 940 971 753 812 963 1039 734 644 281 1017 1428 1227 1235 973 1359 67 805 1465 760 744 1086 1317 1136 1075 1233 826 941 912 791 1001 1068 1357 825 973 788 810 0 633 1355 663 1054 605 1402 995 1689 943 789 1043 1701 1438 1254 1217 801 248 726
926 936 691 445 1151 374 1065 1212 543 356 428 825 522 932 732 740 1222 864 646 426 970 381 365 1048 1118 640 762 738 331 1190 417 1156 505 993 861 330 478 292 315 633 0 859 1224 558 1166 907 1175 1194 1146 294 969 1205 943 759 722 1301 425 348
111 121 1413 677 1634 1096 1549 1696 576 1077 1150 1547 555 385 380 342 1706 197 1368 1074 422 1103 1087 1531 1601 405 1246 396 732 1673 736 1639 557 1476 143 756 680 806 828 1355 859 0 1902 607 1888 92 1658 470 1629 872 1452 482 395 288 412 1784 1147 1070
1882 1892 656 1532 331 1128 408 323 1630 1019 890 527 1609 2019 1818 1781 333 1753 676 1180 2057 1135 1006 446 735 1727 692 1825 1376 301 1381 387 1592 664 1948 1401 1565 1379 1402 663 1224 1902 0 1645 265 1863 355 2088 303 1381 640 2100 2030 1648 1809 161 840 988
587 597 1112 382 1501 795 1416 1563 158 776 849 1246 136 684 483 486 1573 458 1067 847 721 802 786 1398 1468 392 1113 489 599 1540 603 1506 68 1343 613 609 415 571 594 1054 558 607 1645 0 1587 568 1525 793 1496 573 1319 805 694 353 473 1651 846 769
1955 1964 597 1473 550 1069 649 542 1572 960 832 468 1550 1961 1760 1768 552 1892 618 1121 1998 1076 947 665 757 1668 911 1766 1359 520 1445 628 1533 904 1890 1358 1506 1321 1343 605 1166 1888 265 1587 0 1935 574 2222 522 1322 880 2234 1971 1787 1750 380 781 929
67 64 1461 638 1595 1101 1509 1657 537 1117 1198 1594 516 432 340 303 1666 158 1415 1034 469 1108 1131 1492 1562 437 1206 357 693 1634 697 1600 554 1437 190 717 640 766 789 1402 907 92 1863 568 1935 0 1619 431 1590 833 1413 442 443 249 372 1745 1195 1117
1638 1648 987 1335 48 1006 740 149 1495 986 883 859 1473 1873 1574 1537 158 1509 1008 940 1957 1013 973 202 491 1671 448 1591 1133 126 1137 719 1512 767 1757 1157 1337 1206 1229 995 1175 1658 355 1525 574 1619 0 1844 82 1273 743 1856 1884 1404 1606 237 1171 955
450 460 1747 864 1820 1327 1735 1882 763 1342 1485 1881 741 469 566 529 1892 384 1702 1260 253 1334 1357 1717 1788 663 1432 583 918 1860 923 1826 780 1662 568 943 866 992 1014 1689 1194 470 2088 793 2222 431 1844 0 1816 1058 1638 62 479 475 598 1971 1482 1387
1610 1619 936 1306 58 978 688 97 1466 957 854 807 1444 1845 1545 1508 107 1480 956 911 1929 985 944 174 462 1642 419 1562 1104 75 1108 667 1483 738 1728 1128 1309 1178 1200 943 1146 1629 303 1496 522 1590 82 1816 0 1244 714 1827 1855 1376 1577 185 1120 927
852 862 847 459 1249 530 1163 1310 558 512 584 981 537 947 746 751 1320 723 802 582 984 537 522 1146 1216 655 860 753 169 1288 255 1254 520 1091 876 168 492 130 153 789 294 872 1381 573 1322 833 1273 1058 1244 0 1066 1070 957 618 736 1399 581 504
1432 1442 1036 1129 719 800 277 781 1288 780 677 907 1267 1667 1368 1331 790 1303 1056 734 1751 807 767 616 686 1465 330 1385 927 758 931 367 1306 59 1550 951 1131 1000 1023 1043 969 1452 640 1319 880 1413 743 1638 714 1066 0 1650 1678 1198 1400 778 1203 749
462 472 1759 875 1832 1338 1747 1894 775 1354 1496 1893 753 481 578 540 1904 395 1714 1272 265 1346 1369 1729 1799 675 1444 594 930 1871 934 1837 792 1674 580 954 878 1004 1026 1701 1205 482 2100 805 2234 442 1856 62 1827 1070 1650 0 491 486 610 1982 1493 1399
462 472 1497 843 1860 1179 1774 1922 680 1161 1234 1630 658 44 580 568 1931 423 1451 1231 284 1186 1171 1757 1827 488 1471 586 958 1899 962 1865 641 1702 397 982 876 956 978 1438 943 395 2030 694 1971 443 1884 479 1855 957 1678 491 0 514 570 2010 1231 1153
269 278 1313 424 1380 887 1295 1442 323 902 1050 1446 301 504 204 167 1452 140 1267 820 588 894 917 1277 1348 301 992 221 479 1420 483 1386 340 1223 387 503 426 552 575 1254 759 288 1648 353 1787 249 1404 475 1376 618 1198 486 514 0 236 1531 1047 947
392 401 1276 622 1582 958 1497 1644 459 940 1013 1409 437 560 86 135 1654 263 1230 1010 597 966 950 1479 1549 183 1194 103 680 1622 684 1587 420 1424 489 704 628 735 758 1217 722 412 1809 473 1750 372 1606 598 1577 736 1400 610 570 236 0 1732 1010 932
1764 1774 794 1461 213 1132 546 205 1621 1112 1009 665 1599 2000 1700 1663 215 1635 814 1066 2084 1140 1099 329 617 1797 574 1717 1259 183 1263 525 1638 802 1883 1283 1464 1332 1355 801 1301 1784 161 1651 380 1745 237 1971 185 1399 778 1982 2010 1531 1732 0 978 1082
1214 1224 307 733 1147 545 989 1140 831 527 569 457 810 1220 1020 1027 1150 1151 261 597 1258 552 537 1263 1355 928 1000 1026 619 1117 705 967 793 1230 1149 617 766 580 603 248 425 1147 840 846 781 1195 1171 1482 1120 581 1206 1493 1231 1047 1010 978 0 519
1137 1146 731 655 931 167 846 993 754 57 137 534 732 1143 942 950 1003 1052 739 219 1180 174 44 828 899 850 543 948 541 971 627 936 715 773 1072 540 688 503 525 726 348 1070 985 769 926 1117 955 1387 927 504 749 1399 1153 947 932 1082 519 0
EOF