NAME : tsp_problem
TYPE : TSP
DIMENSION : 56
EDGE_WEIGHT_TYPE : EXPLICIT
EDGE_WEIGHT_FORMAT : FULL_MATRIX
EDGE_WEIGHT_SECTION
0 1057 457 1241 1304 148 1294 1186 1030 1063 1059 291 515 579 734 1016 1058 848 314 715 1287 546 794 826 1045 1316 708 405 413 1249 494 666 1270 343 1309 1151 1290 297 1060 734 868 798 835 950 1303 377 742 560 761 469 567 698 1181 1239 849 965
1057 0 1112 371 790 1078 825 672 61 28 1154 987 1317 1300 1394 1611 1653 969 938 1311 819 1248 1064 1030 1706 591 461 875 883 596 1398 1492 618 1193 795 280 846 981 73 1371 1671 1394 952 1761 789 851 1362 1322 1381 1154 523 1602 667 725 1445 1762
457 1112 0 1296 1359 442 1468 1240 1085 1118 1234 465 347 374 596 813 855 1022 488 513 1462 323 968 1000 908 1491 763 579 587 1423 403 574 1444 167 1364 1206 1464 471 1115 573 776 596 1009 859 1357 551 564 392 583 128 622 607 1236 1294 647 873
1241 371 1296 0 642 1262 570 736 344 377 898 1171 1501 1484 1578 1796 1838 713 1123 1495 563 1432 808 774 1890 335 645 1059 1067 341 1582 1676 362 1377 646 140 590 1166 374 1555 1855 1578 696 1945 692 1035 1547 1506 1565 1338 707 1786 851 738 1629 1946
1304 790 1359 642 0 1325 439 173 763 796 1025 1234 1564 1547 1642 1859 1901 840 1186 1558 432 1495 936 901 1953 326 708 1122 1130 393 1645 1739 372 1440 63 667 460 1229 794 1619 1918 1641 824 2008 83 1099 1610 1569 1628 1402 771 1850 513 175 1692 2009
148 1078 442 1262 1325 0 1185 1206 1051 1084 950 181 499 564 719 1058 1100 738 205 746 1178 531 685 717 1030 1207 645 295 303 1139 479 650 1160 328 1329 1171 1181 187 1081 718 852 840 725 935 1323 267 726 545 746 454 609 683 1202 1259 891 949
1294 825 1468 570 439 1185 0 534 798 831 696 1166 1526 1590 1745 2177 2219 512 1117 1773 34 1557 607 573 2056 256 1025 1157 1165 246 1505 1677 225 1354 444 595 36 1160 829 1745 1879 1949 495 1961 489 1013 1753 1571 1772 1480 1131 1622 730 535 1949 1976
1186 672 1240 736 173 1206 534 0 645 678 1120 1116 1445 1428 1523 1740 1782 935 1067 1440 527 1377 1030 996 1834 421 590 1004 1011 488 1526 1620 467 1321 178 762 554 1110 675 1500 1800 1522 918 1889 171 980 1491 1451 1510 1283 652 1731 395 107 1574 1891
1030 61 1085 344 763 1051 798 645 0 55 1127 960 1290 1273 1367 1584 1626 942 911 1284 792 1221 1037 1003 1679 564 434 848 856 569 1371 1465 591 1166 768 253 819 954 99 1344 1644 1367 925 1734 762 824 1335 1295 1354 1127 496 1575 640 698 1418 1735
1063 28 1118 377 796 1084 831 678 55 0 1160 993 1323 1306 1400 1617 1659 975 944 1317 825 1254 1070 1036 1712 597 467 881 889 602 1404 1498 624 1199 801 286 852 987 67 1377 1677 1400 958 1767 795 857 1369 1328 1387 1160 529 1608 673 731 1451 1768
1056 1154 1231 898 1025 947 696 1120 1127 1160 0 928 1288 1353 1508 1939 1981 447 879 1535 690 1320 542 508 1818 719 738 920 928 651 1267 1439 672 1116 1030 923 692 922 1157 1507 1641 1711 430 1723 1075 727 1515 1334 1535 1242 865 1472 1295 1122 1711 1738
291 987 465 1171 1234 181 1166 1116 960 993 931 0 522 587 742 1173 1215 719 95 769 1159 554 666 698 1053 1188 626 173 180 1120 502 673 1141 351 1239 1081 1162 78 990 741 875 945 706 958 1233 248 749 568 769 477 497 706 1111 1169 946 972
515 1317 347 1501 1564 499 1526 1445 1290 1323 1291 522 0 79 438 758 800 1080 546 457 1519 113 1026 1058 749 1548 967 636 644 1480 198 370 1502 293 1569 1410 1522 528 1320 438 572 540 1066 654 1562 609 446 60 465 359 827 402 1441 1498 591 669
579 1300 374 1484 1547 564 1590 1428 1273 1306 1356 587 79 0 503 741 783 1144 610 440 1584 65 1091 1122 814 1613 950 701 709 1545 263 434 1566 321 1552 1393 1587 593 1303 501 636 523 1131 719 1545 673 492 50 510 386 810 467 1424 1481 574 733
734 1394 596 1578 1642 719 1745 1523 1367 1400 1511 742 438 503 0 559 601 1299 765 146 1739 470 1246 1277 653 1768 1045 856 864 1700 282 216 1721 589 1646 1488 1742 748 1397 77 504 341 1286 586 1640 828 68 484 87 639 905 334 1518 1576 392 600
1016 1611 813 1796 1859 1058 2177 1740 1584 1617 1942 1173 758 741 559 0 56 1730 1162 476 2170 689 1677 1709 175 2016 1262 1099 1106 2021 713 656 2043 893 1863 1705 2173 1179 1615 536 401 379 1717 230 1857 1259 527 763 546 856 1122 766 1736 1793 430 231
1058 1653 855 1838 1901 1100 2219 1782 1626 1659 1984 1215 800 783 601 56 0 1772 1204 518 2212 731 1719 1751 217 2058 1304 1141 1148 2063 755 698 2085 935 1905 1747 2215 1221 1657 578 443 421 1759 272 1899 1301 569 805 588 898 1164 808 1778 1835 472 273
848 969 1022 713 840 738 512 935 942 975 447 719 1080 1144 1299 1730 1772 0 671 1326 505 1111 161 126 1610 534 775 711 719 466 1059 1230 488 908 845 739 508 714 972 1298 1433 1502 52 1515 891 683 1306 1125 1326 1034 902 1176 1122 937 1503 1529
314 938 488 1123 1186 205 1117 1067 911 944 882 95 546 610 765 1162 1204 671 0 792 1110 577 617 649 1076 1139 578 124 132 1072 525 696 1093 374 1190 1032 1113 97 942 765 899 945 658 981 1184 200 773 591 792 500 449 729 1063 1120 969 995
715 1311 513 1495 1558 746 1773 1440 1284 1317 1538 769 457 440 146 476 518 1326 792 0 1766 389 1273 1304 570 1716 962 798 806 1721 309 244 1742 593 1563 1405 1769 775 1314 123 531 258 1313 613 1557 855 114 463 133 555 821 361 1435 1493 309 626
1287 819 1462 563 432 1178 34 527 792 825 690 1159 1519 1584 1739 2170 2212 505 1110 1766 0 1551 600 566 2050 249 1018 1151 1159 240 1498 1670 219 1347 437 588 43 1154 822 1738 1872 1942 488 1955 483 1006 1746 1565 1766 1473 1125 1615 738 529 1942 1969
546 1248 323 1432 1495 531 1557 1377 1221 1254 1323 554 113 65 470 689 731 1111 577 389 1551 0 1058 1089 781 1580 899 668 676 1512 230 401 1533 269 1500 1342 1553 560 1251 449 603 472 1098 686 1494 640 440 87 459 335 758 434 1372 1430 523 700
794 1064 968 808 936 685 607 1030 1037 1070 542 666 1026 1091 1246 1677 1719 161 617 1273 600 1058 0 139 1556 629 870 658 666 562 1005 1177 583 854 940 834 603 660 1068 1245 1379 1449 148 1461 986 630 1253 1072 1273 980 978 1122 1217 1032 1449 1476
826 1030 1000 774 901 717 573 996 1003 1036 508 698 1058 1122 1277 1709 1751 126 649 1304 566 1089 139 0 1588 595 836 689 697 527 1037 1208 548 886 906 800 569 692 1033 1277 1411 1481 113 1493 952 661 1285 1103 1304 1012 963 1154 1183 998 1481 1507
1045 1706 908 1890 1953 1030 2056 1834 1679 1712 1821 1053 749 814 653 175 217 1610 1076 570 2050 781 1556 1588 0 2079 1357 1167 1175 2011 593 612 2032 900 1958 1800 2052 1059 1709 630 281 473 1597 109 1951 1139 622 795 640 950 1216 645 1830 1888 524 110
1316 591 1491 335 326 1207 256 421 564 597 719 1188 1548 1613 1768 2016 2058 534 1139 1716 249 1580 629 595 2079 0 866 1180 1188 162 1527 1699 183 1376 331 361 276 1183 595 1767 1901 1799 517 1984 376 1035 1767 1594 1786 1502 928 1644 761 423 1850 1998
708 461 763 645 708 645 1025 590 434 467 738 626 967 950 1045 1262 1304 775 578 962 1018 899 870 836 1357 866 0 526 534 871 966 1137 892 815 713 555 1021 621 464 1022 1322 1045 758 1412 707 419 1013 973 1032 805 174 1170 585 643 1096 1413
405 875 579 1059 1122 295 1157 1004 848 881 923 173 636 701 856 1099 1141 711 124 798 1151 668 658 689 1167 1180 526 0 47 1112 616 787 1133 465 1127 969 1154 167 878 855 989 881 698 1072 1121 240 850 682 868 591 385 820 999 1057 932 1086
413 883 587 1067 1130 303 1165 1011 856 889 931 180 644 709 864 1106 1148 719 132 806 1159 676 666 697 1175 1188 534 47 0 1120 624 795 1141 473 1135 977 1161 175 886 863 997 889 706 1080 1128 248 858 690 876 599 393 828 1007 1065 940 1094
1249 596 1423 341 393 1139 246 488 569 602 651 1120 1480 1545 1700 2021 2063 466 1072 1721 240 1512 562 527 2011 162 871 1112 1120 0 1460 1631 115 1309 398 366 267 1115 600 1699 1833 1804 449 1916 444 967 1707 1526 1727 1434 933 1577 828 490 1855 1930
494 1398 403 1582 1645 479 1505 1526 1371 1404 1270 502 198 263 282 713 755 1059 525 309 1498 230 1005 1037 593 1527 966 616 624 1460 0 213 1481 349 1650 1492 1501 508 1401 281 415 485 1046 498 1644 588 289 244 309 415 923 246 1522 1580 485 512
666 1492 574 1676 1739 650 1677 1620 1465 1498 1442 673 370 434 216 656 698 1230 696 244 1670 401 1177 1208 612 1699 1137 787 795 1631 213 0 1652 521 1744 1585 1673 679 1495 216 435 439 1217 517 1737 759 224 415 243 586 1002 265 1616 1673 490 532
1270 618 1444 362 372 1160 225 467 591 624 672 1141 1502 1566 1721 2043 2085 488 1093 1742 219 1533 583 548 2032 183 892 1133 1141 115 1481 1652 0 1330 377 387 246 1136 621 1720 1854 1825 471 1937 423 989 1728 1547 1748 1456 955 1598 807 469 1876 1951
343 1193 167 1377 1440 328 1354 1321 1166 1199 1119 351 293 321 589 893 935 908 374 593 1347 269 854 886 900 1376 815 465 473 1309 349 521 1330 0 1445 1287 1350 356 1196 589 723 676 895 805 1439 437 597 339 616 178 703 554 1317 1375 727 820
1309 795 1364 646 63 1329 444 178 768 801 1030 1239 1569 1552 1646 1863 1905 845 1190 1563 437 1500 940 906 1958 331 713 1127 1135 398 1650 1744 377 1445 0 672 464 1233 798 1623 1923 1646 828 2013 79 1103 1614 1574 1633 1406 775 1854 518 179 1697 2014
1151 280 1206 140 667 1171 595 762 253 286 923 1081 1410 1393 1488 1705 1747 739 1032 1405 588 1342 834 800 1800 361 555 969 977 366 1492 1585 387 1287 672 0 616 1075 283 1465 1765 1488 722 1855 717 945 1456 1416 1475 1248 617 1696 761 764 1539 1856
1290 846 1464 590 460 1181 36 554 819 852 692 1162 1522 1587 1742 2173 2215 508 1113 1769 43 1553 603 569 2052 276 1021 1154 1161 267 1501 1673 246 1350 464 616 0 1156 849 1741 1875 1945 491 1957 510 1009 1749 1567 1768 1476 1148 1618 724 556 1945 1972
297 981 471 1166 1229 187 1160 1110 954 987 925 78 528 593 748 1179 1221 714 97 775 1154 560 660 692 1059 1183 621 167 175 1115 508 679 1136 356 1233 1075 1156 0 985 747 881 951 701 964 1227 243 755 574 775 482 492 712 1106 1163 951 978
1060 73 1115 374 794 1081 829 675 99 67 1157 990 1320 1303 1397 1615 1657 972 942 1314 822 1251 1068 1033 1709 595 464 878 886 600 1401 1495 621 1196 798 283 849 985 0 1374 1674 1397 955 1764 792 854 1366 1325 1384 1157 527 1605 670 728 1448 1765
734 1371 573 1555 1619 718 1745 1500 1344 1377 1510 741 438 501 77 536 578 1298 765 123 1738 449 1245 1277 630 1767 1022 855 863 1699 281 216 1720 589 1623 1465 1741 747 1374 0 503 318 1285 585 1617 827 45 483 64 616 882 334 1495 1553 369 600
868 1671 776 1855 1918 852 1879 1800 1644 1677 1644 875 572 636 504 401 443 1433 899 531 1872 603 1379 1411 281 1901 1322 989 997 1833 415 435 1854 723 1923 1765 1875 881 1674 503 0 394 1419 186 1917 962 511 617 530 788 1181 468 1795 1853 395 200
798 1394 596 1578 1641 840 1949 1522 1367 1400 1714 945 540 523 341 379 421 1502 945 258 1942 472 1449 1481 473 1799 1045 881 889 1804 485 439 1825 676 1646 1488 1945 951 1397 318 394 0 1489 477 1639 1031 310 546 328 638 904 538 1518 1576 111 491
835 952 1009 696 824 725 495 918 925 958 430 706 1066 1131 1286 1717 1759 52 658 1313 488 1098 148 113 1597 517 758 698 706 449 1046 1217 471 895 828 722 491 701 955 1285 1419 1489 0 1502 874 670 1293 1112 1313 1021 885 1163 1105 920 1489 1516
950 1761 859 1945 2008 935 1961 1889 1734 1767 1726 958 654 719 586 230 272 1515 981 613 1955 686 1461 1493 109 1984 1412 1072 1080 1916 498 517 1937 805 2013 1855 1957 964 1764 585 186 477 1502 0 2006 1044 593 700 613 871 1271 550 1885 1943 477 105
1303 789 1357 692 83 1323 489 171 762 795 1075 1233 1562 1545 1640 1857 1899 891 1184 1557 483 1494 986 952 1951 376 707 1121 1128 444 1644 1737 423 1439 79 717 510 1227 792 1617 1917 1639 874 2006 0 1097 1608 1568 1627 1400 769 1848 512 173 1691 2008
377 851 551 1035 1099 267 1010 980 824 857 724 248 609 673 828 1259 1301 683 200 855 1003 640 630 661 1139 1032 419 240 248 965 588 759 986 437 1103 945 1006 243 854 827 962 1031 670 1044 1097 0 835 654 855 563 389 792 975 1033 1032 1058
742 1362 564 1547 1610 726 1753 1491 1335 1369 1518 749 446 492 68 527 569 1306 773 114 1746 440 1253 1285 622 1767 1013 850 858 1707 289 224 1728 597 1614 1456 1749 755 1366 45 511 310 1293 593 1608 835 0 491 55 607 873 342 1487 1544 361 608
560 1322 392 1506 1569 545 1571 1451 1295 1328 1337 568 60 50 484 763 805 1125 591 463 1565 87 1072 1103 795 1594 973 682 690 1526 244 415 1547 339 1574 1416 1567 574 1325 483 617 546 1112 700 1568 654 491 0 511 404 832 448 1446 1504 597 714
761 1381 583 1565 1628 746 1772 1510 1354 1387 1538 769 465 510 87 546 588 1326 792 133 1766 459 1273 1304 640 1786 1032 868 876 1727 309 243 1748 616 1633 1475 1768 775 1384 64 530 328 1313 613 1627 855 55 511 0 625 891 361 1505 1563 379 627
469 1154 128 1338 1402 454 1480 1283 1127 1160 1245 477 359 386 639 856 898 1034 500 555 1473 335 980 1012 950 1502 805 591 599 1434 415 586 1456 178 1406 1248 1476 482 1157 616 788 638 1021 871 1400 563 607 404 625 0 665 619 1278 1336 689 885
567 523 622 707 771 609 1131 652 496 529 865 497 827 810 905 1122 1164 902 449 821 1125 758 978 963 1216 928 174 385 393 933 923 1002 955 703 775 617 1148 492 527 882 1181 904 885 1271 769 389 873 832 891 665 0 1120 648 705 955 1272
698 1602 607 1786 1850 683 1622 1731 1575 1608 1475 706 402 467 334 766 808 1176 729 361 1615 434 1122 1154 645 1644 1170 820 828 1577 246 265 1598 554 1854 1696 1618 712 1605 334 468 538 1163 550 1848 792 342 448 361 619 1120 0 1726 1784 538 564
1181 667 1236 851 513 1202 742 395 640 673 1295 1111 1441 1424 1518 1736 1778 1133 1063 1435 749 1372 1229 1194 1830 761 585 999 1007 828 1522 1616 807 1317 518 761 735 1106 670 1495 1795 1518 1116 1885 512 975 1487 1446 1505 1278 648 1726 0 448 1569 1886
1239 725 1294 738 175 1259 535 107 698 731 1122 1169 1498 1481 1576 1793 1835 937 1120 1493 529 1430 1032 998 1888 423 643 1057 1065 490 1580 1673 469 1375 179 764 556 1163 728 1553 1853 1576 920 1943 173 1033 1544 1504 1563 1336 705 1784 448 0 1627 1944
849 1445 647 1629 1692 891 1949 1574 1418 1451 1714 946 591 574 392 430 472 1503 969 309 1942 523 1449 1481 524 1850 1096 932 940 1855 485 490 1876 727 1697 1539 1945 951 1448 369 395 111 1489 477 1691 1032 361 597 379 689 955 538 1569 1627 0 491
965 1762 873 1946 2009 949 1976 1891 1735 1768 1741 972 669 733 600 231 273 1529 995 626 1969 700 1476 1507 110 1998 1413 1086 1094 1930 512 532 1951 820 2014 1856 1972 978 1765 600 200 491 1516 105 2008 1058 608 714 627 885 1272 564 1886 1944 491 0
EOF