NAME : tsp_problem
TYPE : TSP
DIMENSION : 79
EDGE_WEIGHT_TYPE : EXPLICIT
EDGE_WEIGHT_FORMAT : FULL_MATRIX
EDGE_WEIGHT_SECTION
0 1563 945 1390 1728 964 195 939 96 1490 980 966 574 538 590 923 1016 1176 89 134 1329 97 992 546 1020 1034 1372 751 1049 1511 94 1338 583 686 925 951 1572 1421 1022 807 1515 826 810 1024 81 1340 1065 1075 1068 1091 91 1375 641 949 1454 812 626 1732 1184 152 1577 1194 1742 1743 1464 817 1059 1121 692 1540 1012 767 1036 1502 540 954 1164 462 1486
1563 0 888 507 411 819 1407 1532 1620 451 1573 791 1026 2048 2091 1088 841 552 1599 1577 447 1540 754 2055 1613 690 466 1305 705 162 1603 378 1034 1793 846 1798 56 382 1377 1657 166 1028 1012 1500 1524 457 1658 731 1423 693 1615 492 1294 1542 415 1199 1833 415 560 1595 473 624 425 426 229 1869 665 723 1314 218 837 1688 1629 398 1419 1731 1718 1971 137
945 888 0 853 947 422 789 877 1002 770 919 393 408 1430 1436 433 444 692 981 959 793 923 357 1438 958 553 785 687 568 906 985 552 416 1139 492 1144 897 701 722 1003 909 277 261 846 907 803 1004 594 769 556 997 838 677 888 734 545 1178 951 699 977 1011 794 961 961 973 1214 528 586 696 754 439 1034 974 1036 802 1076 1064 1354 881
1390 507 853 0 593 770 1234 1497 1447 263 1538 756 853 1874 1927 1053 806 433 1426 1404 74 1367 719 1882 1578 579 145 1132 594 455 1430 343 861 1758 732 1764 516 195 1342 1623 459 898 882 1465 1351 85 1623 619 1388 635 1442 51 1121 1507 227 1142 1798 596 440 1422 521 451 607 607 408 1834 604 665 1141 399 802 1653 1594 446 1246 1696 1684 1798 430
1728 411 947 593 0 878 1572 1591 1785 510 1632 849 1191 2213 2150 1147 900 611 1764 1742 532 1706 813 2178 1671 749 525 1453 764 429 1768 437 1199 1852 905 1857 421 441 1436 1716 433 1086 1071 1559 1690 543 1717 790 1482 752 1780 578 1460 1601 474 1258 1892 13 618 1760 234 713 27 24 496 1928 723 782 1479 277 896 1747 1688 259 1584 1790 1777 2136 404
964 819 422 770 878 0 808 1066 1021 701 1107 96 426 1448 1500 622 147 557 999 978 710 941 122 1456 1146 282 716 706 298 837 1004 483 435 1327 164 1332 829 633 911 1191 841 472 456 1034 925 721 1192 323 957 339 1016 756 695 1076 665 716 1367 882 564 996 942 575 892 893 844 1403 307 369 715 685 143 1222 1163 882 820 1265 1252 1372 812
195 1407 789 1234 1572 808 0 1080 252 1334 1122 810 418 680 732 767 860 1020 231 209 1173 173 836 688 1161 878 1216 646 893 1355 235 1182 427 828 769 1092 1416 1265 1064 948 1359 670 654 1165 157 1184 1207 919 1110 935 247 1219 485 1091 1298 656 768 1576 1028 227 1421 1038 1586 1587 1308 959 903 965 654 1384 856 909 1177 1346 616 1095 1306 603 1330
939 1532 877 1497 1591 1066 1080 0 996 1414 96 1037 895 750 645 558 1088 1335 892 1019 1436 982 1000 674 135 1197 1429 738 1212 1549 896 1196 903 316 1135 678 1541 1345 197 180 1553 1017 1001 140 966 1447 181 1238 303 1200 991 1482 1111 65 1378 654 356 1594 1343 1037 1654 1437 1605 1605 1617 748 1171 1230 679 1397 1083 211 152 1680 702 610 598 607 1524
96 1620 1002 1447 1785 1021 252 996 0 1547 1037 1023 631 595 647 979 1073 1233 146 191 1386 154 1049 603 1076 1091 1429 808 1106 1568 151 1395 640 743 982 1008 1629 1478 1079 864 1571 883 867 1081 138 1397 1122 1132 1125 1147 52 1432 698 1006 1511 869 683 1789 1241 209 1634 1251 1799 1799 1521 874 1116 1177 749 1597 1069 824 1093 1559 597 1011 1221 519 1543
1490 451 770 263 510 701 1334 1414 1547 0 1455 673 953 1975 1973 970 723 434 1526 1504 203 1468 636 1983 1495 572 195 1232 588 468 1530 260 961 1675 728 1681 460 112 1259 1540 472 910 894 1383 1451 214 1541 613 1305 575 1542 249 1221 1424 144 1081 1715 513 442 1522 573 536 524 524 508 1751 547 605 1241 316 719 1571 1511 546 1346 1613 1601 1898 443
980 1573 919 1538 1632 1107 1122 96 1037 1455 0 1078 936 792 686 599 1129 1377 933 1060 1478 1023 1042 715 113 1238 1470 779 1254 1591 937 1237 945 357 1177 719 1583 1387 239 222 1595 1058 1042 181 1007 1488 159 1279 344 1241 1032 1524 1153 106 1419 695 397 1636 1384 1078 1696 1479 1646 1646 1658 790 1213 1271 720 1439 1125 253 130 1721 743 652 639 649 1566
966 791 393 756 849 96 810 1037 1023 673 1078 0 428 1450 1502 593 94 559 1001 980 695 943 69 1458 1118 284 688 708 299 808 1006 454 437 1298 166 1304 800 604 882 1163 812 474 458 1006 927 706 1164 325 928 341 1018 741 697 1047 637 704 1338 853 566 998 913 577 863 864 846 1374 309 371 716 656 89 1194 1134 884 822 1236 1224 1374 783
574 1026 408 853 1191 426 418 895 631 953 936 428 0 1059 1111 437 479 639 610 588 792 552 454 1067 976 497 834 316 512 973 614 801 22 1156 388 1161 1035 884 740 1020 977 289 273 863 536 803 1021 538 786 553 626 838 306 905 917 326 1147 1195 646 606 1039 657 1205 1205 926 1232 522 583 325 1002 474 1051 992 964 430 1094 1081 982 948
538 2048 1430 1874 2213 1448 680 750 595 1975 792 1450 1059 0 143 1191 1501 1661 491 618 1814 581 1476 99 831 1519 1856 956 1534 1995 495 1823 1067 498 1410 505 2057 1906 893 618 1999 1310 1295 836 565 1825 877 1560 848 1575 590 1860 1126 761 1939 1080 438 2216 1668 636 2061 1679 2227 2227 1948 371 1544 1605 897 2024 1496 579 847 1986 745 508 754 292 1970
590 2091 1436 1927 2150 1500 732 645 647 1973 686 1502 1111 143 0 1117 1553 1713 543 670 1866 634 1528 67 726 1571 1908 1008 1586 2048 548 1755 1119 393 1462 399 2100 1904 787 513 2051 1363 1347 730 618 1877 771 1612 742 1627 642 1912 1178 655 1937 1132 332 2153 1720 688 2114 1731 2164 2164 2000 266 1596 1657 949 1956 1549 474 742 2039 797 402 756 259 2023
923 1088 433 1053 1147 622 767 558 979 970 599 593 437 1188 1117 0 644 892 936 937 992 900 556 1146 639 753 985 364 768 1105 940 752 446 819 691 824 1097 901 403 684 1109 573 557 526 884 1003 684 794 449 756 975 1038 654 568 934 169 859 1151 899 955 1210 993 1161 1161 1173 895 727 786 403 953 639 714 655 1236 508 757 745 1111 1080
1016 841 444 806 900 147 860 1088 1073 723 1129 94 479 1501 1553 644 0 610 1052 1030 746 994 120 1509 1168 335 738 758 350 859 1056 505 487 1349 217 1354 851 655 933 1213 863 525 509 1056 978 757 1214 376 979 391 1068 792 748 1098 687 755 1389 904 617 1049 964 628 914 914 897 1425 360 421 767 707 43 1244 1185 935 873 1287 1274 1425 834
1176 552 692 433 611 557 1020 1335 1233 434 1377 559 639 1661 1713 892 610 0 1212 1191 372 1154 557 1669 1416 365 415 918 380 554 1216 216 648 1597 519 1602 562 366 1181 1461 558 685 669 1304 1138 383 1462 406 1227 421 1228 418 908 1346 398 929 1637 615 58 1209 620 153 625 625 507 1672 390 451 927 418 605 1492 1432 545 1033 1534 1522 1585 529
89 1599 981 1426 1764 999 231 892 146 1526 933 1001 610 491 543 938 1052 1212 0 169 1365 133 1027 499 972 1070 1407 704 1085 1547 47 1374 618 639 961 904 1608 1457 975 760 1550 862 846 977 117 1376 1018 1111 1021 1126 141 1411 677 902 1490 828 579 1768 1219 187 1613 1230 1778 1778 1499 770 1095 1156 645 1576 1048 720 989 1538 493 907 1117 415 1522
134 1577 959 1404 1742 978 209 1019 191 1504 1060 980 588 618 670 937 1030 1191 169 0 1344 94 1006 626 1099 1048 1386 816 1063 1525 174 1352 597 766 940 1031 1587 1436 1102 887 1529 840 824 1104 78 1354 1145 1089 1148 1105 186 1389 655 1029 1468 826 706 1746 1198 47 1591 1209 1756 1757 1478 897 1074 1135 772 1554 1026 847 1116 1516 620 1034 1244 542 1500
1329 447 793 74 532 710 1173 1436 1386 203 1478 695 792 1814 1866 992 746 372 1365 1344 0 1307 658 1822 1517 518 84 1071 533 394 1369 283 800 1698 672 1703 456 134 1282 1562 398 838 822 1405 1291 24 1563 559 1328 574 1381 60 1061 1447 167 1082 1737 536 380 1362 460 390 546 546 347 1773 543 604 1080 339 741 1593 1533 385 1186 1635 1623 1738 369
97 1540 923 1367 1706 941 173 982 154 1468 1023 943 552 581 634 900 994 1154 133 94 1307 0 969 589 1063 1012 1349 779 1027 1488 137 1315 560 730 903 994 1550 1399 1065 850 1492 803 788 1067 41 1318 1109 1052 1111 1068 149 1353 618 992 1431 789 670 1709 1161 112 1554 1172 1720 1720 1441 861 1037 1098 735 1517 989 811 1079 1479 584 997 1208 505 1463
992 754 357 719 813 122 836 1000 1049 636 1042 69 454 1476 1528 556 120 557 1027 1006 658 969 0 1484 1081 310 651 734 326 771 1032 418 463 1262 192 1267 763 567 845 1126 775 496 480 969 953 669 1127 351 892 367 1044 704 723 1011 600 668 1301 816 565 1024 876 603 827 827 839 1337 335 397 743 619 115 1157 1097 902 848 1199 1187 1400 746
546 2055 1438 1882 2178 1456 688 674 603 1983 715 1458 1067 99 67 1146 1509 1669 499 626 1822 589 1484 0 754 1527 1864 964 1542 2003 503 1783 1075 421 1418 428 2065 1914 816 542 2007 1318 1303 759 573 1833 800 1568 771 1583 598 1868 1133 684 1946 1088 361 2182 1676 644 2069 1687 2192 2193 1956 294 1552 1613 905 1985 1504 502 771 1994 753 431 784 215 1978
1020 1613 958 1578 1671 1146 1161 135 1076 1495 113 1118 976 831 726 639 1168 1416 972 1099 1517 1063 1081 754 0 1278 1510 818 1293 1630 977 1276 984 397 1216 759 1622 1426 278 261 1634 1097 1082 221 1047 1528 60 1319 384 1280 1072 1563 1192 146 1459 735 436 1675 1423 1117 1735 1518 1685 1686 1697 829 1252 1310 759 1478 1164 292 30 1760 783 691 679 688 1605
1034 690 553 579 749 282 878 1197 1091 572 1238 284 497 1519 1571 753 335 365 1070 1048 518 1012 310 1527 1278 0 560 776 45 699 1074 354 505 1458 206 1464 700 504 1042 1323 703 542 526 1166 996 529 1324 71 1088 86 1086 564 766 1207 536 786 1498 753 372 1066 765 383 763 763 652 1534 75 116 785 556 331 1354 1294 690 890 1396 1384 1442 674
1372 466 785 145 525 716 1216 1429 1429 195 1470 688 834 1856 1908 985 738 415 1407 1386 84 1349 651 1864 1510 560 0 1114 575 437 1412 275 843 1690 714 1696 475 127 1274 1555 440 880 864 1398 1333 95 1556 601 1320 590 1424 130 1103 1439 159 1096 1730 528 422 1404 503 433 539 539 390 1766 562 620 1122 331 734 1586 1526 428 1228 1628 1616 1780 412
748 1305 687 1132 1453 706 646 738 805 1232 779 708 316 953 1005 364 758 918 701 816 1071 779 734 961 818 776 1114 0 791 1253 705 1058 325 999 667 1004 1314 1163 583 863 1257 568 552 706 763 1082 864 817 629 833 800 1117 533 748 1196 253 1039 1457 926 834 1319 936 1467 1468 1206 1075 801 863 168 1260 754 894 835 1244 273 937 924 877 1228
1049 705 568 594 764 298 893 1212 1106 588 1254 299 512 1534 1586 768 350 380 1085 1063 533 1027 326 1542 1293 45 575 791 0 715 1089 369 520 1474 221 1479 715 519 1057 1338 718 557 542 1181 1011 544 1339 86 1104 101 1101 579 781 1222 551 801 1513 768 387 1081 781 398 778 779 667 1549 90 131 800 571 346 1369 1309 706 906 1411 1399 1457 690
1511 162 906 455 429 837 1355 1549 1568 468 1591 808 973 1995 2048 1105 859 554 1547 1525 394 1488 771 2003 1630 699 437 1253 715 0 1551 396 982 1811 853 1816 171 400 1395 1675 26 1019 1003 1518 1472 405 1676 740 1441 710 1563 440 1242 1560 432 1217 1850 433 561 1543 421 572 443 443 177 1886 682 740 1262 236 854 1706 1646 346 1367 1748 1736 1919 85
94 1603 985 1430 1768 1004 235 896 151 1530 937 1006 614 495 548 943 1056 1216 47 174 1369 137 1032 503 977 1074 1412 708 1089 1551 0 1378 623 644 965 908 1612 1461 979 764 1555 866 850 981 121 1380 1023 1115 1025 1131 146 1415 681 906 1494 832 584 1772 1224 192 1617 1234 1782 1783 1504 775 1100 1161 649 1580 1052 725 993 1542 498 911 1122 419 1526
1338 378 552 343 437 483 1182 1196 1395 260 1237 454 801 1823 1755 752 505 216 1374 1352 283 1315 418 1783 1276 354 275 1058 369 396 1378 0 809 1457 510 1462 387 191 1041 1321 399 691 675 1164 1299 293 1322 395 1087 356 1390 328 1069 1206 224 863 1497 441 223 1370 501 318 451 451 463 1532 328 386 1089 244 501 1352 1293 526 1194 1394 1382 1746 371
583 1034 416 861 1199 435 427 903 640 961 945 437 22 1067 1119 446 487 648 618 597 800 560 463 1075 984 505 843 325 520 982 623 809 0 1165 396 1170 1043 892 748 1029 986 297 281 872 544 811 1030 546 795 562 635 846 314 914 925 335 1155 1203 655 615 1048 665 1213 1214 935 1240 531 592 334 1011 483 1060 1000 973 439 1102 1090 991 957
686 1793 1139 1758 1852 1327 828 316 743 1675 357 1298 1156 498 393 819 1349 1597 639 766 1698 730 1262 421 397 1458 1690 999 1474 1811 644 1457 1165 0 1397 654 1803 1607 459 184 1814 1278 1262 401 714 1708 443 1499 564 1461 738 1744 1274 326 1639 915 103 1856 1604 784 1916 1699 1866 1866 1878 521 1433 1491 940 1659 1345 145 413 1941 893 657 859 355 1786
925 846 492 732 905 164 769 1135 982 728 1177 166 388 1410 1462 691 217 519 961 940 672 903 192 1418 1216 206 714 667 221 853 965 510 396 1397 0 1402 855 659 981 1261 857 434 418 1104 887 682 1262 247 1027 263 977 717 657 1146 692 678 1436 909 526 958 919 537 919 919 806 1472 231 293 676 712 212 1292 1232 844 782 1334 1322 1334 828
951 1798 1144 1764 1857 1332 1092 678 1008 1681 719 1304 1161 505 399 824 1354 1602 904 1031 1703 994 1267 428 759 1464 1696 1004 1479 1816 908 1462 1170 654 1402 0 1808 1612 523 774 1820 1283 1268 647 978 1714 805 1505 450 1466 1003 1749 1378 688 1644 921 594 1861 1609 1049 1921 1704 1871 1872 1883 177 1438 1496 945 1664 1350 735 775 1946 969 110 463 619 1791
1572 56 897 516 421 829 1416 1541 1629 460 1583 800 1035 2057 2100 1097 851 562 1608 1587 456 1550 763 2065 1622 700 475 1314 715 171 1612 387 1043 1803 855 1808 0 391 1386 1667 175 1037 1021 1510 1534 467 1668 741 1433 702 1624 502 1304 1551 424 1209 1842 425 569 1605 482 633 435 435 238 1878 674 732 1323 227 846 1698 1638 407 1429 1740 1728 1981 146
1421 382 701 195 441 633 1265 1345 1478 112 1387 604 884 1906 1904 901 655 366 1457 1436 134 1399 567 1914 1426 504 127 1163 519 400 1461 191 892 1607 659 1612 391 0 1190 1471 403 841 825 1314 1383 145 1472 545 1237 506 1473 180 1153 1356 76 1013 1646 445 373 1454 505 468 455 455 439 1682 478 536 1172 248 650 1502 1442 477 1278 1544 1532 1830 375
1022 1377 722 1342 1436 911 1061 197 1079 1259 239 882 740 893 787 403 933 1181 975 1102 1282 1065 845 816 278 1042 1274 583 1057 1395 979 1041 748 459 981 523 1386 1190 0 323 1398 862 846 166 1049 1292 324 1083 148 1045 1074 1327 957 207 1223 499 498 1440 1188 1120 1500 1283 1450 1450 1462 594 1017 1075 524 1243 928 354 294 1525 547 456 443 750 1370
807 1657 1003 1623 1716 1191 948 180 864 1540 222 1163 1020 618 513 684 1213 1461 760 887 1562 850 1126 542 261 1323 1555 863 1338 1675 764 1321 1029 184 1261 774 1667 1471 323 0 1679 1142 1127 266 834 1573 307 1364 428 1325 859 1608 1237 191 1504 780 224 1720 1468 905 1780 1563 1730 1731 1742 641 1297 1355 804 1523 1209 79 277 1805 828 736 724 475 1650
1515 166 909 459 433 841 1359 1553 1571 472 1595 812 977 1999 2051 1109 863 558 1550 1529 398 1492 775 2007 1634 703 440 1257 718 26 1555 399 986 1814 857 1820 175 403 1398 1679 0 1023 1007 1522 1476 409 1680 744 1445 714 1567 444 1246 1563 436 1221 1854 437 565 1547 425 576 447 447 181 1890 686 744 1265 239 858 1710 1650 349 1371 1752 1740 1923 88
826 1028 277 898 1086 472 670 1017 883 910 1058 474 289 1310 1363 573 525 685 862 840 838 803 496 1318 1097 542 880 568 557 1019 866 691 297 1278 434 1283 1037 841 862 1142 1023 0 35 985 787 848 1143 583 908 599 878 883 557 1027 874 578 1318 1090 692 858 1085 703 1100 1101 972 1354 568 629 577 893 520 1173 1114 1010 682 1216 1203 1234 994
810 1012 261 882 1071 456 654 1001 867 894 1042 458 273 1295 1347 557 509 669 846 824 822 788 480 1303 1082 526 864 552 542 1003 850 675 281 1262 418 1268 1021 825 846 1127 1007 35 0 969 771 832 1128 567 892 583 862 868 542 1011 858 562 1302 1074 676 842 1069 687 1084 1085 956 1338 552 613 561 877 504 1158 1098 994 666 1200 1188 1218 978
1024 1500 846 1465 1559 1034 1165 140 1081 1383 181 1006 863 836 730 526 1056 1304 977 1104 1405 1067 969 759 221 1166 1398 706 1181 1518 981 1164 872 401 1104 647 1510 1314 166 266 1522 985 969 0 1051 1416 266 1207 271 1168 1076 1451 1080 150 1346 623 441 1563 1311 1122 1623 1406 1573 1574 1585 717 1140 1198 647 1366 1052 296 237 1648 671 579 567 693 1493
81 1524 907 1351 1690 925 157 966 138 1451 1007 927 536 565 618 884 978 1138 117 78 1291 41 953 573 1047 996 1333 763 1011 1472 121 1299 544 714 887 978 1534 1383 1049 834 1476 787 771 1051 0 1301 1093 1036 1095 1052 133 1337 602 976 1415 773 654 1693 1145 96 1538 1156 1703 1704 1425 845 1021 1082 719 1501 973 795 1063 1463 567 981 1192 489 1447
1340 457 803 85 543 721 1184 1447 1397 214 1488 706 803 1825 1877 1003 757 383 1376 1354 24 1318 669 1833 1528 529 95 1082 544 405 1380 293 811 1708 682 1714 467 145 1292 1573 409 848 832 1416 1301 0 1574 570 1338 585 1392 70 1071 1457 177 1092 1748 547 390 1372 471 401 557 557 358 1784 554 615 1091 349 752 1604 1544 396 1196 1646 1634 1748 380
1065 1658 1004 1623 1717 1192 1207 181 1122 1541 159 1164 1021 877 771 684 1214 1462 1018 1145 1563 1109 1127 800 60 1324 1556 864 1339 1676 1023 1322 1030 443 1262 805 1668 1472 324 307 1680 1143 1128 266 1093 1574 0 1365 429 1326 1117 1609 1238 192 1504 781 482 1721 1469 1163 1781 1564 1731 1732 1743 875 1298 1356 805 1524 1210 338 76 1806 829 737 725 734 1651
1075 731 594 619 790 323 919 1238 1132 613 1279 325 538 1560 1612 794 376 406 1111 1089 559 1052 351 1568 1319 71 601 817 86 740 1115 395 546 1499 247 1505 741 545 1083 1364 744 583 567 1207 1036 570 1365 0 1129 127 1127 605 806 1248 577 827 1539 794 413 1107 806 424 804 804 693 1575 116 157 826 597 371 1395 1335 731 931 1437 1425 1483 715
1068 1423 769 1388 1482 957 1107 303 1125 1305 344 928 786 848 742 449 979 1227 1021 1148 1328 1111 892 771 384 1088 1320 629 1104 1441 1025 1087 795 564 1027 450 1433 1237 148 428 1445 908 892 271 1095 1338 429 1129 0 1091 1120 1374 1003 313 1269 545 604 1486 1234 1166 1546 1329 1496 1496 1508 520 1063 1121 570 1289 975 459 400 1571 593 382 370 856 1416
1091 693 556 635 752 339 935 1200 1147 575 1241 341 553 1575 1627 756 391 421 1126 1105 574 1068 367 1583 1280 86 590 833 101 710 1131 356 562 1461 263 1466 702 506 1045 1325 714 599 583 1168 1052 585 1326 127 1091 0 1143 620 822 1210 539 843 1501 755 429 1123 815 439 766 766 709 1537 82 118 841 558 387 1356 1297 747 947 1399 1386 1499 685
91 1615 997 1442 1780 1016 247 991 52 1542 1032 1018 626 590 642 975 1068 1228 141 186 1381 149 1044 598 1072 1086 1424 803 1101 1563 146 1390 635 738 977 1003 1624 1473 1074 859 1567 878 862 1076 133 1392 1117 1127 1120 1143 0 1427 693 1001 1506 864 678 1784 1236 204 1629 1246 1794 1795 1516 869 1112 1173 744 1592 1064 819 1088 1554 592 1006 1216 514 1538
1375 492 838 51 578 756 1219 1482 1432 249 1524 741 838 1860 1912 1038 792 418 1411 1389 60 1353 704 1868 1563 564 130 1117 579 440 1415 328 846 1744 717 1749 502 180 1327 1608 444 883 868 1451 1337 70 1609 605 1374 620 1427 0 1107 1492 213 1127 1783 582 426 1407 506 436 592 592 393 1819 589 650 1126 385 787 1639 1579 431 1231 1681 1669 1783 415
929 1777 1160 1604 1942 1178 968 1057 986 1704 1099 1180 788 1134 1186 866 1231 1391 882 1009 1544 972 1206 1142 1138 1248 1586 631 1264 1725 886 1552 797 1282 1140 1324 1787 1636 902 1183 1729 1040 1024 1026 956 1554 1184 1289 949 1305 981 1590 0 1068 1668 755 1222 1946 1398 1027 1791 1409 1956 1957 1678 1394 1274 1335 572 1754 1226 1214 1154 1716 454 1256 1244 1057 1700
949 1542 888 1507 1601 1076 1091 65 1006 1424 106 1047 905 761 655 568 1098 1346 902 1029 1447 992 1011 684 146 1207 1439 748 1222 1560 906 1206 914 326 1146 688 1551 1356 207 191 1563 1027 1011 150 976 1457 192 1248 313 1210 1001 1492 1122 0 1388 664 366 1605 1353 1047 1665 1448 1615 1615 1627 759 1182 1240 689 1408 1093 222 162 1690 712 621 608 618 1535
1454 415 734 227 474 665 1298 1378 1511 144 1419 637 917 1939 1937 934 687 398 1490 1468 167 1431 600 1946 1459 536 159 1196 551 432 1494 224 925 1639 692 1644 424 76 1223 1504 436 874 858 1346 1415 177 1504 577 1269 539 1506 213 1185 1388 0 1045 1679 477 406 1486 537 500 488 488 472 1715 511 569 1205 280 683 1534 1475 510 1310 1577 1565 1862 407
812 1199 545 1142 1258 716 656 654 869 1081 695 704 326 1077 1129 169 755 929 825 826 1082 789 668 1085 735 786 1096 253 801 1217 829 863 335 915 678 921 1209 1013 499 780 1221 578 562 623 773 1092 781 827 545 843 864 1127 543 664 1045 0 955 1262 936 844 1322 947 1272 1273 1216 991 812 873 292 1065 751 811 751 1254 397 853 841 1001 1192
626 1833 1178 1798 1892 1367 768 356 683 1715 397 1338 1147 438 332 859 1389 1637 579 706 1737 670 1301 361 436 1498 1730 1039 1513 1850 584 1497 1155 103 1436 594 1842 1646 498 224 1854 1318 1302 441 654 1748 482 1539 604 1501 678 1783 1214 366 1679 955 0 1895 1644 724 1955 1738 1906 1906 1918 461 1472 1531 980 1698 1384 184 453 1981 833 597 899 295 1825
1732 415 951 596 13 882 1576 1594 1789 513 1636 853 1195 2216 2153 1151 904 615 1768 1746 536 1709 816 2182 1675 753 528 1457 768 433 1772 441 1203 1856 909 1861 425 445 1440 1720 437 1090 1074 1563 1693 547 1721 794 1486 755 1784 582 1463 1605 477 1262 1895 0 622 1764 238 717 31 28 500 1931 727 785 1483 281 899 1751 1691 263 1588 1793 1781 2140 408
1184 560 699 440 618 564 1028 1343 1241 442 1384 566 646 1668 1720 899 617 58 1219 1198 380 1161 565 1676 1423 372 422 926 387 561 1224 223 655 1604 526 1609 569 373 1188 1468 565 692 676 1311 1145 390 1469 413 1234 429 1236 426 915 1353 406 936 1644 622 0 1216 627 160 632 633 514 1680 398 459 934 425 612 1499 1440 552 1040 1542 1529 1592 536
152 1595 977 1422 1760 996 227 1037 209 1522 1078 998 606 636 688 955 1049 1209 187 47 1362 112 1024 644 1117 1066 1404 834 1081 1543 192 1370 615 784 958 1049 1605 1454 1120 905 1547 858 842 1122 96 1372 1163 1107 1166 1123 204 1407 673 1047 1486 844 724 1764 1216 0 1609 1227 1774 1775 1496 915 1092 1153 790 1572 1044 865 1134 1534 638 1052 1262 560 1518
1577 473 1011 521 234 942 1421 1654 1634 573 1696 913 1039 2061 2114 1210 964 620 1613 1591 460 1554 876 2069 1735 765 503 1319 781 421 1617 501 1048 1916 919 1921 482 505 1500 1780 425 1085 1069 1623 1538 471 1781 806 1546 815 1629 506 1308 1665 537 1322 1955 238 627 1609 0 638 248 248 374 1991 787 845 1328 341 959 1811 1751 108 1433 1853 1841 1985 396
1194 624 794 451 713 575 1038 1437 1251 536 1479 577 657 1679 1731 993 628 153 1230 1209 390 1172 603 1687 1518 383 433 936 398 572 1234 318 665 1699 537 1704 633 468 1283 1563 576 703 687 1406 1156 401 1564 424 1329 439 1246 436 926 1448 500 947 1738 717 160 1227 638 0 727 727 525 1774 408 469 945 520 623 1594 1534 563 1051 1636 1624 1603 547
1742 425 961 607 27 892 1586 1605 1799 524 1646 863 1205 2227 2164 1161 914 625 1778 1756 546 1720 827 2192 1685 763 539 1467 778 443 1782 451 1213 1866 919 1871 435 455 1450 1730 447 1100 1084 1573 1703 557 1731 804 1496 766 1794 592 1473 1615 488 1272 1906 31 632 1774 248 727 0 42 510 1942 737 796 1493 291 910 1761 1702 273 1598 1804 1791 2150 418
1743 426 961 607 24 893 1587 1605 1799 524 1646 864 1205 2227 2164 1161 914 625 1778 1757 546 1720 827 2193 1686 763 539 1468 779 443 1783 451 1214 1866 919 1872 435 455 1450 1731 447 1101 1085 1574 1704 557 1732 804 1496 766 1795 592 1474 1615 488 1273 1906 28 633 1775 248 727 42 0 510 1942 738 796 1493 291 910 1762 1702 274 1599 1804 1792 2151 418
1464 229 973 408 496 844 1308 1617 1521 508 1658 846 926 1948 2000 1173 897 507 1499 1478 347 1441 839 1956 1697 652 390 1206 667 177 1504 463 935 1878 806 1883 238 439 1462 1742 181 972 956 1585 1425 358 1743 693 1508 709 1516 393 1195 1627 472 1216 1918 500 514 1496 374 525 510 510 0 1954 678 739 1215 303 892 1773 1714 299 1320 1815 1803 1872 152
817 1869 1214 1834 1928 1403 959 748 874 1751 790 1374 1232 371 266 895 1425 1672 770 897 1773 861 1337 294 829 1534 1766 1075 1549 1886 775 1532 1240 521 1472 177 1878 1682 594 641 1890 1354 1338 717 845 1784 875 1575 520 1537 869 1819 1405 759 1715 991 461 1931 1680 915 1991 1774 1942 1942 1954 0 1508 1567 1016 1734 1420 602 845 2017 1024 180 534 486 1861
1059 665 528 604 723 307 903 1171 1116 547 1213 309 522 1544 1596 727 360 390 1095 1074 543 1037 335 1552 1252 75 562 801 90 682 1100 328 531 1433 231 1438 674 478 1017 1297 686 568 552 1140 1021 554 1298 116 1063 82 1112 589 791 1182 511 812 1472 727 398 1092 787 408 737 738 678 1508 0 112 810 530 355 1328 1268 716 916 1370 1358 1468 657
1121 723 586 665 782 369 965 1230 1177 605 1271 371 583 1605 1657 786 421 451 1156 1135 604 1098 397 1613 1310 116 620 863 131 740 1161 386 592 1491 293 1496 732 536 1075 1355 744 629 613 1198 1082 615 1356 157 1121 118 1173 650 852 1240 569 873 1531 785 459 1153 845 469 796 796 739 1567 112 0 871 588 417 1386 1327 777 977 1429 1416 1529 715
619 1404 786 1231 1569 805 658 684 676 1331 725 806 415 824 876 493 857 1017 572 699 1170 663 833 832 765 875 1212 258 890 1352 577 1179 424 945 766 950 1413 1262 529 809 1355 667 651 652 646 1181 810 916 575 931 671 1216 632 694 1295 382 912 1573 1025 717 1418 1035 1583 1583 1305 1021 900 961 0 1381 853 840 781 1343 144 883 870 748 1327
1540 218 754 399 277 685 1384 1397 1597 316 1439 656 1002 2024 1956 953 707 418 1576 1554 339 1517 619 1985 1478 556 331 1260 571 236 1580 244 1011 1659 712 1664 227 248 1243 1523 239 893 877 1366 1501 349 1524 597 1289 558 1592 385 1271 1408 280 1065 1698 281 425 1572 341 520 291 291 303 1734 530 588 1291 0 702 1554 1494 366 1396 1596 1584 1948 211
1012 837 439 802 896 143 856 1083 1069 719 1125 89 474 1496 1549 639 43 605 1048 1026 741 989 115 1504 1164 331 734 754 346 854 1052 501 483 1345 212 1350 846 650 928 1209 858 520 504 1052 973 752 1210 371 975 387 1064 787 743 1093 683 751 1384 899 612 1044 959 623 910 910 892 1420 355 417 763 702 0 1240 1180 930 868 1282 1270 1420 829
767 1688 1034 1653 1747 1222 909 211 824 1571 253 1194 1051 579 474 714 1244 1492 720 847 1593 811 1157 502 292 1354 1586 894 1369 1706 725 1352 1060 145 1292 735 1698 1502 354 79 1710 1173 1158 296 795 1604 338 1395 459 1356 819 1639 1268 222 1534 811 184 1751 1499 865 1811 1594 1761 1762 1773 602 1328 1386 835 1554 1240 0 308 1836 859 738 755 436 1681
1036 1629 974 1594 1688 1163 1177 152 1093 1511 130 1134 992 847 742 655 1185 1432 989 1116 1533 1079 1097 771 30 1294 1526 835 1309 1646 993 1293 1000 413 1232 775 1638 1442 294 277 1650 1114 1098 237 1063 1544 76 1335 400 1297 1088 1579 1208 162 1475 751 453 1691 1440 1134 1751 1534 1702 1702 1714 845 1268 1327 776 1494 1180 308 0 1777 799 707 695 704 1621
1502 398 1036 446 259 882 1346 1680 1559 546 1721 884 964 1986 2039 1236 935 545 1538 1516 385 1479 902 1994 1760 690 428 1244 706 346 1542 526 973 1941 844 1946 407 477 1525 1805 349 1010 994 1648 1463 396 1806 731 1571 747 1554 431 1233 1690 510 1254 1981 263 552 1534 108 563 273 274 299 2017 716 777 1253 366 930 1836 1777 0 1358 1879 1866 1910 321
540 1422 804 1249 1587 823 579 702 597 1349 743 825 433 745 797 511 875 1035 493 620 1188 584 851 753 783 893 1231 276 908 1370 498 1197 442 893 784 969 1431 1280 547 828 1374 685 669 671 567 1199 829 934 593 950 592 1234 650 712 1313 400 833 1591 1043 638 1436 1053 1601 1602 1323 1024 918 980 217 1399 871 859 799 1361 0 901 889 669 1345
954 1731 1076 1696 1790 1265 1095 610 1011 1613 652 1236 1094 508 402 757 1287 1534 907 1034 1635 997 1199 431 691 1396 1628 937 1411 1748 911 1394 1102 657 1334 110 1740 1544 456 736 1752 1216 1200 579 981 1646 737 1437 382 1399 1006 1681 1310 621 1577 853 597 1793 1542 1052 1853 1636 1804 1804 1815 180 1370 1429 878 1596 1282 738 707 1879 901 0 396 623 1723
1176 1718 1064 1684 1777 1252 1317 598 1232 1601 639 1224 1081 765 756 745 1274 1522 1128 1256 1623 1219 1187 784 679 1384 1616 924 1399 1736 1133 1382 1090 859 1322 463 1728 1532 443 724 1740 1203 1188 567 1203 1634 725 1425 370 1386 1228 1669 1298 608 1565 841 899 1781 1529 1274 1841 1624 1791 1792 1803 534 1358 1416 865 1584 1270 755 695 1866 889 396 0 973 1711
462 1971 1354 1798 2136 1372 603 607 519 1898 649 1374 982 292 259 1111 1425 1585 415 542 1738 505 1400 215 688 1442 1780 880 1457 1919 419 1746 991 355 1334 619 1981 1830 750 475 1923 1234 1218 693 489 1748 734 1483 856 1499 514 1783 1049 618 1862 1003 295 2140 1592 560 1985 1603 2150 2151 1872 486 1468 1529 821 1948 1420 436 704 1910 669 623 962 0 1894
1486 137 881 430 404 812 1330 1524 1543 443 1566 783 948 1970 2023 1080 834 529 1522 1500 369 1463 746 1978 1605 674 412 1228 690 85 1526 371 957 1786 828 1791 146 375 1370 1650 88 994 978 1493 1447 380 1651 715 1416 685 1538 415 1217 1535 407 1192 1825 408 536 1518 396 547 418 418 152 1861 657 715 1237 211 829 1681 1621 321 1342 1723 1711 1894 0
EOF
