NAME : tsp_problem
TYPE : TSP
DIMENSION : 30
EDGE_WEIGHT_TYPE : EXPLICIT
EDGE_WEIGHT_FORMAT : FULL_MATRIX
EDGE_WEIGHT_SECTION
0 449 419 1247 505 1604 1495 596 1155 1648 442 1488 1549 1266 1695 464 1452 580 1191 1690 1786 652 567 1252 1505 1815 1869 1119 1241 1520
449 0 97 1239 157 1713 1524 767 1144 1640 868 1516 1362 1257 1800 891 1327 232 1112 1621 1758 1078 737 1438 1480 1788 1683 1130 1233 1505
419 97 0 1234 152 1708 1519 762 1139 1635 839 1512 1358 1253 1795 861 1322 227 1107 1616 1754 1049 733 1433 1475 1783 1678 1125 1228 1500
1247 1239 1234 0 1185 668 560 997 477 712 853 552 483 58 759 815 448 1082 498 741 850 746 968 316 569 879 804 442 43 584
505 157 152 1185 0 1659 1470 712 1089 1586 924 1462 1308 1203 1746 947 1273 178 1058 1566 1704 1134 683 1384 1426 1733 1629 1076 1179 1451
1604 1713 1708 668 1659 0 389 1471 834 169 1210 381 387 687 301 1171 608 1556 871 211 391 1103 1442 469 398 420 484 798 662 414
1495 1524 1519 560 1470 389 0 1283 726 433 1101 53 251 578 480 1063 367 1368 762 475 570 994 1253 277 97 600 572 690 553 112
596 767 762 997 712 1471 1283 0 902 1398 951 1275 1121 1016 1558 973 1085 610 870 1379 1517 1161 84 1196 1238 1546 1441 889 991 1263
1155 1144 1139 477 1089 834 726 902 0 878 760 718 653 496 925 722 617 987 83 911 1016 654 873 483 735 1045 973 76 471 751
1648 1640 1635 712 1586 169 433 1398 878 0 1254 425 314 731 345 1216 591 1483 899 92 435 1147 1369 513 443 465 411 843 706 458
442 868 839 853 924 1210 1101 951 760 1254 0 1093 1245 871 1301 70 1058 1000 797 1296 1391 257 922 858 1111 1420 1499 725 847 1126
1488 1516 1512 552 1462 381 53 1275 718 425 1093 0 243 570 472 1055 359 1360 754 467 562 987 1245 270 89 592 564 682 546 104
1549 1362 1358 483 1308 387 251 1121 653 314 1245 243 0 502 474 1207 314 1206 622 295 433 1138 1091 421 207 462 357 640 477 232
1266 1257 1253 58 1203 687 578 1016 496 731 871 570 502 0 778 833 466 1101 516 760 868 764 986 335 588 897 822 460 61 603
1695 1800 1795 759 1746 301 480 1558 925 345 1301 472 474 778 0 1263 699 1643 962 387 131 1194 1529 560 490 160 238 890 753 505
464 891 861 815 947 1171 1063 973 722 1216 70 1055 1207 833 1263 0 1020 1022 759 1257 1353 219 944 820 1073 1382 1461 687 808 1088
1452 1327 1322 448 1273 608 367 1085 617 591 1058 359 314 466 699 1020 0 1170 586 572 710 951 1056 224 377 739 634 604 442 392
580 232 227 1082 178 1556 1368 610 987 1483 1000 1360 1206 1101 1643 1022 1170 0 955 1464 1602 1210 581 1281 1323 1631 1526 974 1076 1348
1191 1112 1107 498 1058 871 762 870 83 899 797 754 622 516 962 759 586 955 0 880 1018 690 841 519 739 1047 942 113 492 764
1690 1621 1616 741 1566 211 475 1379 911 92 1296 467 295 760 387 1257 572 1464 880 0 467 1189 1350 555 465 496 391 884 735 490
1786 1758 1754 850 1704 391 570 1517 1016 435 1391 562 433 868 131 1353 710 1602 1018 467 0 1284 1487 651 580 64 197 980 844 595
652 1078 1049 746 1134 1103 994 1161 654 1147 257 987 1138 764 1194 219 951 1210 690 1189 1284 0 1132 751 1004 1314 1392 618 740 1019
567 737 733 968 683 1442 1253 84 873 1369 922 1245 1091 986 1529 944 1056 581 841 1350 1487 1132 0 1167 1209 1517 1412 859 962 1234
1252 1438 1433 316 1384 469 277 1196 483 513 858 270 421 335 560 820 224 1281 519 555 651 751 1167 0 287 680 741 447 310 302
1505 1480 1475 569 1426 398 97 1238 735 443 1111 89 207 588 490 1073 377 1323 739 465 580 1004 1209 287 0 609 527 700 563 77
1815 1788 1783 879 1733 420 600 1546 1045 465 1420 592 462 897 160 1382 739 1631 1047 496 64 1314 1517 680 609 0 226 1009 873 624
1869 1683 1678 804 1629 484 572 1441 973 411 1499 564 357 822 238 1461 634 1526 942 391 197 1392 1412 741 527 226 0 960 798 552
1119 1130 1125 442 1076 798 690 889 76 843 725 682 640 460 890 687 604 974 113 884 980 618 859 447 700 1009 960 0 435 715
1241 1233 1228 43 1179 662 553 991 471 706 847 546 477 61 753 808 442 1076 492 735 844 740 962 310 563 873 798 435 0 578
1520 1505 1500 584 1451 414 112 1263 751 458 1126 104 232 603 505 1088 392 1348 764 490 595 1019 1234 302 77 624 552 715 578 0
EOF