NAME : tsp_problem
TYPE : TSP
DIMENSION : 82
EDGE_WEIGHT_TYPE : EXPLICIT
EDGE_WEIGHT_FORMAT : FULL_MATRIX
EDGE_WEIGHT_SECTION
0 1426 1118 872 43 892 1136 1242 954 1048 1386 677 648 730 810 709 1413 1618 1620 1610 936 1704 1159 647 1033 1160 942 1732 769 1750 778 1069 62 709 1747 1485 1577 739 1505 1371 248 1590 1055 1631 1376 760 1079 1125 1190 1719 1181 824 801 512 607 1120 1035 999 765 628 1707 1428 1064 687 1442 1637 1328 735 1154 469 1617 1048 951 1174 975 771 1053 1085 758 1496 1645 46
1426 0 539 1638 1441 763 967 1118 1175 1119 160 1584 1641 1637 1597 1616 49 621 624 614 1166 569 446 1554 599 400 628 596 1663 615 799 535 1423 1616 612 72 481 928 340 375 1255 212 622 634 169 1667 610 546 362 583 467 732 1708 949 1514 510 602 631 1660 1597 520 431 631 1753 386 641 1574 1642 394 1688 446 1119 1171 414 691 828 1123 1904 1778 84 648 1438
1118 539 0 1501 1132 626 830 1008 1038 981 421 1276 1503 1328 1460 1307 547 849 852 842 1029 936 163 1245 462 228 491 963 1526 982 662 398 1114 1308 978 597 809 762 736 603 946 625 485 862 608 1358 473 25 208 950 184 595 1399 640 1205 124 465 487 1523 1460 933 659 494 1533 673 869 1437 1334 243 1424 848 982 1033 217 463 691 986 1683 1469 608 876 1130
872 1638 1501 0 886 1202 705 764 524 618 1520 757 241 570 124 590 1647 2211 2213 2203 629 2082 1366 572 1297 1294 1147 2109 180 2128 990 1233 868 518 2124 1697 1994 1151 1853 1969 957 1637 1319 2224 1766 530 1213 1509 1325 2096 1369 1020 519 1167 665 1473 1299 1328 177 263 2032 1959 1328 298 1899 2230 898 492 1288 491 1959 618 521 1308 1388 960 623 310 369 1708 2237 883
43 1441 1132 886 0 907 1150 1257 969 1062 1401 692 662 745 825 724 1427 1633 1635 1625 951 1719 1174 662 1047 1175 956 1746 784 1765 793 1083 47 724 1762 1499 1592 754 1519 1386 262 1605 1070 1646 1391 774 1094 1140 1205 1733 1196 839 816 526 622 1135 1050 1013 780 643 1722 1443 1078 702 1457 1652 1342 750 1168 484 1632 1063 966 1188 989 786 1067 1099 773 1511 1660 31
892 763 626 1202 907 0 530 708 738 682 645 1050 1204 1103 1161 1082 771 1146 1148 1138 729 1206 491 1020 421 419 168 1233 1227 1252 362 357 889 1082 1249 821 1105 428 977 899 720 849 443 1159 891 1132 338 633 449 1221 494 296 1174 414 980 597 424 452 1223 1160 1157 956 452 1307 970 1165 1138 1108 412 1199 1083 682 734 432 503 392 687 1457 1244 833 1173 904
1136 967 830 705 1150 530 0 212 242 185 849 1418 708 1092 664 1111 975 1539 1541 1531 542 1410 695 1094 625 623 476 1438 730 1456 566 561 1132 1040 1453 1025 1322 696 1181 1297 1094 1037 648 1552 1095 1052 542 838 653 1425 698 500 1041 821 1187 802 628 656 727 664 1361 1287 656 820 1228 1558 811 1013 617 755 1288 186 238 636 717 596 190 971 891 1037 1566 1147
1242 1118 1008 764 1257 708 212 0 348 292 1027 1434 814 1198 771 1218 1126 1690 1692 1682 648 1561 873 1201 803 801 654 1589 837 1607 744 739 1239 1146 1604 1176 1473 874 1332 1452 1272 925 825 1703 1246 1158 720 1015 831 1576 876 677 1148 999 1293 979 806 834 833 770 1512 1439 834 926 1379 1709 917 1120 794 862 1439 292 344 814 894 774 297 987 997 1188 1717 1254
954 1175 1038 524 969 738 242 348 0 154 1057 1237 526 910 483 930 1183 1747 1749 1739 361 1618 903 913 833 831 684 1646 549 1664 722 770 951 859 1661 1233 1530 883 1389 1505 1021 1174 856 1760 1303 870 750 1046 861 1633 906 708 860 899 1006 1010 836 864 545 482 1569 1495 864 639 1436 1766 630 832 825 574 1496 154 57 844 925 692 159 789 710 1245 1774 966
1048 1119 981 618 1062 682 185 292 154 0 1000 1330 620 1004 576 1024 1127 1691 1693 1683 454 1562 846 1006 777 775 628 1589 642 1608 718 713 1044 952 1605 1177 1474 847 1333 1449 1114 1117 799 1704 1246 964 693 989 805 1576 849 651 953 973 1099 953 780 808 639 576 1513 1439 808 732 1379 1710 723 925 768 667 1439 73 150 788 868 747 74 883 803 1188 1718 1060
1386 160 421 1520 1401 645 849 1027 1057 1000 0 1544 1523 1597 1479 1576 168 732 734 724 1048 603 328 1514 481 282 510 630 1545 649 681 417 1383 1576 646 218 515 810 374 494 1214 246 504 745 287 1626 492 428 244 617 349 614 1668 923 1474 392 484 513 1542 1479 554 480 513 1635 420 751 1456 1602 276 1570 480 1001 1053 296 573 710 1005 1786 1706 229 759 1398
612 1519 1210 818 627 985 1356 1496 1229 1322 1479 0 722 421 827 400 1505 1711 1713 1703 1029 1797 1252 338 1125 1253 1034 1824 786 1843 870 1161 609 401 1839 1577 1670 831 1597 1464 440 1683 1147 1724 1469 451 1171 1218 1283 1811 1274 917 492 604 298 1213 1128 1091 782 768 1800 1520 1156 625 1534 1730 1437 427 1246 897 1709 1323 1226 1266 1067 864 1327 631 562 1589 1737 624
648 1641 1503 241 662 1204 708 814 526 620 1523 787 0 403 180 423 1649 2103 2105 2095 631 2084 1369 406 1299 1297 1150 2111 139 2130 993 1235 644 352 2127 1699 1996 1153 1855 1856 733 1640 1321 2116 1769 363 1215 1511 1327 2099 1372 1022 353 996 499 1475 1302 1330 135 121 2035 1913 1330 132 1902 2122 900 325 1290 267 1961 620 523 1310 1390 962 625 541 203 1711 2130 659
730 1637 1328 570 745 1103 1092 1198 910 1004 1597 487 403 0 508 123 1623 1829 1831 1821 1015 1915 1370 105 1243 1371 1152 1942 467 1961 989 1279 727 82 1958 1695 1788 950 1715 1582 558 1801 1266 1842 1587 132 1290 1336 1401 1929 1392 1035 174 722 198 1331 1246 1209 464 450 1918 1639 1274 307 1653 1848 1284 108 1365 578 1828 1004 907 1384 1185 982 1009 869 243 1707 1856 742
810 1597 1460 124 825 1161 664 771 483 576 1479 871 180 508 0 528 1606 2169 2172 2162 588 2041 1325 511 1256 1253 1106 2068 119 2087 949 1192 807 457 2083 1655 1953 1110 1812 1928 895 1596 1278 2182 1725 468 1172 1468 1283 2055 1328 979 458 1126 604 1432 1258 1287 115 202 1991 1918 1287 237 1858 2189 857 430 1247 430 1918 577 480 1267 1347 919 581 423 308 1667 2196 822
709 1616 1307 590 724 1082 1111 1218 930 1024 1576 466 423 123 528 0 1602 1808 1810 1800 1035 1894 1349 85 1222 1350 1131 1921 487 1940 968 1259 706 102 1937 1674 1767 929 1694 1561 538 1780 1245 1821 1566 152 1269 1315 1380 1909 1371 1014 194 701 177 1310 1225 1189 483 469 1897 1618 1254 327 1632 1827 1304 128 1344 598 1807 1024 927 1363 1164 961 1028 873 263 1686 1835 721
1413 49 547 1647 1427 771 975 1126 1183 1127 168 1571 1649 1623 1606 1602 0 608 610 600 1174 578 454 1540 608 409 637 605 1672 623 808 544 1409 1603 620 107 490 937 348 361 1241 220 630 621 155 1653 618 555 370 592 476 741 1694 935 1500 519 611 639 1668 1605 528 418 639 1761 395 627 1583 1629 403 1697 455 1127 1179 422 699 837 1132 1912 1764 119 635 1425
1618 621 849 2211 1633 1146 1539 1690 1747 1691 732 1776 2103 1829 2169 1808 608 0 94 84 1738 203 890 1746 1022 951 1196 231 2193 249 1301 1058 1615 1808 246 680 376 1262 520 386 1446 784 1044 55 571 1858 1089 857 932 218 912 1304 1900 1140 1706 852 1024 988 2190 2083 206 443 1053 2033 457 62 2147 1834 966 1925 416 1691 1743 941 964 1331 1696 2183 1970 691 69 1630
1620 624 852 2213 1635 1148 1541 1692 1749 1693 734 1778 2105 1831 2172 1810 610 94 0 62 1740 206 892 1748 1024 954 1198 233 2196 252 1304 1060 1617 1810 248 682 379 1265 522 389 1449 786 1046 90 574 1861 1092 860 934 220 914 1307 1902 1143 1708 854 1027 990 2192 2086 209 445 1055 2035 459 82 2149 1836 969 1927 418 1693 1745 943 966 1333 1698 2186 1972 694 75 1632
1610 614 842 2203 1625 1138 1531 1682 1739 1683 724 1768 2095 1821 2162 1800 600 84 62 0 1730 196 882 1738 1014 944 1188 223 2185 241 1294 1050 1607 1800 238 672 369 1255 512 379 1439 776 1036 97 563 1850 1082 849 924 210 904 1297 1892 1132 1698 844 1016 980 2182 2076 198 435 1045 2025 449 92 2139 1826 958 1917 408 1683 1735 933 956 1323 1688 2176 1962 684 85 1622
936 1163 1026 629 951 726 506 648 361 454 1045 1094 631 1015 588 1035 1171 1735 1737 1727 0 1606 891 1018 821 819 672 1634 654 1652 466 757 933 963 1649 1221 1518 627 1377 1493 764 1249 844 1748 1291 975 738 1034 849 1621 894 496 965 643 1024 998 824 852 650 587 1557 1483 852 743 1424 1754 513 937 813 679 1484 455 358 832 913 436 459 894 814 1233 1762 948
1704 569 936 2082 1719 1206 1410 1561 1618 1562 603 1862 2084 1915 2041 1894 578 203 206 196 1609 0 889 1832 1043 844 1072 49 2107 67 1242 979 1701 1894 64 627 391 1349 471 473 1533 655 1065 216 658 1945 1053 944 805 63 911 1176 1986 1227 1792 938 1046 1074 2103 2040 78 529 1074 2119 517 223 2018 1920 838 2011 356 1562 1614 857 1050 1272 1567 2270 2056 639 230 1716
1159 446 163 1366 1174 491 695 873 903 846 328 1317 1369 1370 1325 1349 454 890 892 882 894 889 0 1287 327 88 356 916 1391 935 527 263 1156 1349 932 504 801 656 660 643 988 532 350 903 574 1400 338 171 115 904 45 460 1441 682 1247 135 330 358 1388 1325 840 700 359 1481 707 909 1302 1375 104 1416 766 847 899 78 419 556 851 1632 1511 516 917 1171
647 1554 1245 572 662 1020 1094 1201 913 1006 1514 404 406 105 511 85 1540 1746 1748 1738 1018 1832 1287 0 1160 1288 1069 1859 470 1878 905 1196 644 85 1874 1612 1705 866 1632 1499 475 1718 1182 1759 1504 135 1206 1253 1318 1846 1309 952 176 639 115 1248 1163 1126 466 452 1835 1555 1191 310 1569 1765 1287 111 1281 581 1744 1007 910 1301 1102 899 1011 811 246 1624 1773 659
1033 599 462 1297 1047 421 625 803 833 777 481 1191 1299 1243 1256 1222 608 1022 1024 1014 824 1043 327 1160 0 255 286 1070 1322 1089 457 117 1029 1223 1085 658 955 587 814 775 861 686 45 1035 727 1273 149 470 286 1057 330 391 1314 555 1120 434 63 112 1318 1255 993 831 54 1411 845 1041 1233 1249 249 1339 920 777 829 269 173 487 782 1562 1384 669 1048 1044
1160 400 228 1294 1175 419 623 801 831 775 282 1318 1297 1371 1253 1350 409 951 954 944 822 844 88 1288 255 0 284 871 1319 890 455 192 1157 1350 886 459 756 584 615 705 988 487 278 964 528 1400 266 236 86 858 91 388 1442 710 1248 200 258 287 1316 1253 794 721 287 1409 661 971 1230 1376 32 1344 721 775 827 43 347 484 780 1560 1480 470 978 1172
942 628 491 1147 956 168 476 654 684 628 510 1100 1150 1152 1106 1131 637 1196 1198 1188 675 1072 356 1069 286 284 0 1099 1172 1117 308 223 938 1132 1114 686 984 437 842 949 770 715 309 1209 756 1182 203 499 314 1086 359 241 1223 464 1029 463 289 318 1169 1106 1022 949 318 1262 889 1215 1083 1158 278 1197 949 628 680 298 378 337 632 1413 1293 698 1223 953
1732 596 963 2109 1746 1233 1438 1589 1646 1589 630 1890 2111 1942 2068 1921 605 231 233 223 1637 49 916 1859 1070 871 1099 0 2134 67 1270 1006 1728 1922 64 654 418 1376 498 500 1560 683 1092 244 685 1972 1081 971 832 90 938 1203 2013 1254 1819 966 1073 1101 2130 2067 105 557 1101 2146 545 250 2045 1948 865 2038 383 1590 1641 885 1077 1299 1594 2297 2083 666 258 1743
769 1663 1526 180 784 1227 730 837 549 642 1545 851 139 467 119 487 1672 2193 2196 2185 654 2107 1391 470 1322 1319 1172 2134 0 2153 1015 1258 766 416 2149 1721 2019 1176 1878 1946 854 1662 1344 2206 1791 427 1238 1534 1349 2121 1394 1045 417 1087 563 1498 1324 1353 22 161 2057 1984 1353 195 1924 2212 923 389 1313 389 1984 643 546 1333 1413 985 647 480 266 1733 2220 781
1750 615 982 2128 1765 1252 1456 1607 1664 1608 649 1908 2130 1961 2087 1940 623 249 252 241 1655 67 935 1878 1089 890 1117 67 2153 0 1288 1025 1747 1940 53 673 437 1395 517 519 1579 701 1111 262 703 1990 1099 989 851 109 956 1222 2032 1272 1838 984 1091 1120 2149 2086 123 575 1120 2165 563 269 2064 1966 883 2057 402 1608 1660 903 1096 1318 1613 2316 2102 685 276 1762
778 799 662 988 793 362 566 744 720 718 681 936 990 989 946 968 808 1301 1304 1294 463 1242 527 905 457 455 308 1270 1012 1288 0 394 775 968 1285 857 1154 174 1013 1055 606 885 480 1314 927 1018 374 670 485 1257 530 103 1060 300 866 634 460 488 1009 946 1193 1111 489 1102 1060 1321 872 994 449 1037 1120 718 716 469 549 64 723 1253 1129 869 1328 790
1069 535 398 1233 1083 357 561 739 770 713 417 1227 1235 1279 1192 1259 544 1058 1060 1050 760 979 263 1196 117 192 223 1006 1258 1025 394 0 1065 1259 1021 594 891 523 750 811 897 622 140 1071 663 1309 130 406 222 993 266 327 1351 591 1157 370 120 149 1254 1191 929 856 149 1348 796 1077 1169 1285 185 1283 856 714 765 205 209 423 718 1498 1419 605 1085 1081
62 1423 1114 868 47 889 1132 1239 951 1044 1383 674 644 727 807 706 1409 1615 1617 1607 933 1701 1156 644 1029 1157 938 1728 766 1747 775 1065 0 706 1744 1481 1574 736 1501 1368 244 1587 1052 1628 1373 756 1076 1122 1187 1715 1178 821 798 508 604 1117 1032 995 762 625 1704 1425 1060 684 1439 1634 1324 732 1150 466 1614 1045 948 1170 971 768 1049 1081 755 1493 1642 50
709 1616 1308 518 724 1082 1040 1146 859 952 1576 466 352 82 457 102 1603 1808 1810 1800 963 1894 1349 85 1223 1350 1132 1922 416 1940 968 1259 706 0 1937 1675 1767 929 1695 1561 538 1780 1245 1821 1566 81 1269 1315 1380 1909 1371 1014 122 701 178 1310 1225 1189 412 398 1897 1618 1254 255 1632 1827 1232 56 1344 527 1807 953 856 1364 1165 961 957 818 192 1686 1835 721
1747 612 978 2124 1762 1249 1453 1604 1661 1605 646 1905 2127 1958 2083 1937 620 246 248 238 1652 64 932 1874 1085 886 1114 64 2149 53 1285 1021 1744 1937 0 670 433 1391 513 515 1575 698 1108 259 700 1987 1096 986 848 106 953 1218 2029 1269 1835 981 1088 1117 2146 2083 120 572 1117 2162 560 265 2060 1963 880 2054 399 1605 1657 900 1092 1314 1609 2312 2098 682 273 1759
1485 72 597 1697 1499 821 1025 1176 1233 1177 218 1643 1699 1695 1655 1674 107 680 682 672 1224 627 504 1612 658 459 686 654 1721 673 857 594 1481 1675 670 0 539 987 398 433 1313 270 680 693 227 1725 668 605 420 642 525 790 1766 1007 1572 569 660 689 1718 1655 578 489 689 1811 445 699 1633 1701 452 1746 505 1177 1229 472 749 886 1182 1962 1836 89 707 1496
1577 481 809 1994 1592 1105 1322 1473 1530 1474 515 1735 1996 1788 1953 1767 490 376 379 369 1521 391 801 1705 955 756 984 418 2019 437 1154 891 1574 1767 433 539 0 1222 383 346 1406 567 977 389 531 1818 965 817 717 405 823 1088 1859 1100 1665 811 958 947 2015 1952 341 402 986 1992 416 396 1930 1793 749 1884 97 1474 1526 769 923 1184 1479 2143 1929 551 403 1589
739 928 762 1148 754 428 696 874 880 847 810 897 1150 950 1107 929 937 1262 1265 1255 624 1349 656 866 587 584 437 1376 1173 1395 174 523 736 929 1391 987 1222 0 1143 1016 567 1015 609 1275 1020 979 503 770 614 1363 659 221 1021 261 827 763 589 618 1170 1106 1322 1072 618 1154 1086 1282 1033 955 578 1046 1249 848 877 598 619 204 852 1304 1090 998 1289 751
1505 340 736 1853 1519 977 1181 1332 1389 1333 374 1663 1855 1715 1812 1694 348 520 522 512 1380 471 660 1632 814 615 842 498 1878 517 1013 750 1501 1695 513 398 383 1143 0 191 1333 426 836 533 458 1745 824 744 576 485 681 946 1786 1027 1592 725 816 845 1874 1811 421 177 845 1920 117 539 1789 1721 608 1811 348 1333 1385 628 850 1043 1338 2070 1856 410 547 1517
1371 375 603 1969 1386 899 1297 1452 1505 1449 494 1529 1856 1582 1928 1561 361 386 389 379 1496 473 643 1499 775 705 949 500 1946 519 1055 811 1368 1561 515 433 346 1016 191 0 1200 546 797 399 325 1611 843 611 685 487 665 1063 1653 894 1459 605 778 741 1943 1837 476 114 806 1786 128 406 1905 1587 720 1678 385 1449 1501 694 717 1084 1454 1937 1723 445 413 1383
248 1255 946 957 262 720 1092 1269 1021 1114 1214 506 733 558 895 538 1241 1446 1449 1439 764 1533 988 475 861 988 770 1560 854 1579 606 897 244 538 1575 1313 1406 567 1333 1200 0 1419 883 1459 1204 588 907 954 1018 1547 1009 652 629 340 435 949 864 827 850 713 1536 1256 892 763 1270 1466 1173 564 982 554 1445 1114 1017 1002 803 600 1119 913 699 1325 1473 260
1590 212 625 1637 1605 849 1037 925 1174 1117 246 1748 1640 1801 1596 1780 220 784 786 776 1252 655 532 1718 686 487 715 683 1662 701 885 622 1587 1780 698 270 567 1015 426 546 1419 0 708 797 340 1831 696 633 448 670 554 819 1872 1120 1678 597 689 717 1659 1596 606 533 717 1752 473 803 1661 1806 480 1687 533 1118 1170 500 777 915 1122 1873 1823 282 811 1602
1055 622 485 1319 1070 443 648 825 856 799 504 1213 1321 1266 1278 1245 630 1044 1046 1036 847 1065 350 1182 45 278 309 1092 1344 1111 480 140 1052 1245 1108 680 977 609 836 797 883 708 0 1057 750 1295 171 492 308 1080 353 413 1337 577 1143 457 42 135 1340 1277 1016 854 28 1434 868 1063 1255 1271 272 1362 943 800 851 291 195 509 804 1584 1406 692 1071 1067
1631 634 862 2224 1646 1159 1552 1703 1760 1704 745 1789 2116 1842 2182 1821 621 55 90 97 1751 216 903 1759 1035 964 1209 244 2206 262 1314 1071 1628 1821 259 693 389 1275 533 399 1459 797 1057 0 584 1871 1102 870 945 231 925 1317 1913 1153 1719 865 1037 1001 2203 2096 219 456 1066 2046 470 65 2160 1847 979 1938 429 1704 1756 954 977 1344 1709 2196 1983 704 58 1643
1376 169 608 1766 1391 891 1095 1246 1303 1246 287 1534 1769 1587 1725 1566 155 571 574 563 1294 658 574 1504 727 528 756 685 1791 703 927 663 1373 1566 700 227 531 1020 458 325 1204 340 750 584 0 1616 738 615 490 672 595 860 1658 898 1464 610 730 746 1788 1725 647 381 759 1791 395 591 1702 1592 522 1683 570 1247 1299 542 722 956 1251 1942 1728 239 598 1388
760 1667 1358 530 774 1132 1052 1158 870 964 1626 516 363 132 468 152 1653 1858 1861 1850 975 1945 1400 135 1273 1400 1182 1972 427 1990 1018 1309 756 81 1987 1725 1818 979 1745 1611 588 1831 1295 1871 1616 0 1319 1366 1430 1959 1421 1064 78 752 228 1360 1275 1239 424 410 1947 1668 1304 267 1682 1877 1244 47 1394 538 1857 964 867 1414 1215 1011 969 829 203 1736 1885 771
1079 610 473 1213 1094 338 542 720 750 693 492 1237 1215 1290 1172 1269 618 1089 1092 1082 741 1053 338 1206 149 266 203 1081 1238 1099 374 130 1076 1269 1096 668 965 503 824 843 907 696 171 1102 738 1319 0 481 296 1068 341 307 1361 623 1167 445 152 180 1235 1172 1004 899 180 1328 871 1109 1149 1295 260 1263 931 694 745 279 240 403 698 1478 1399 680 1116 1091
1125 546 25 1509 1140 633 838 1015 1046 989 428 1283 1511 1336 1468 1315 555 857 860 849 1037 944 171 1253 470 236 499 971 1534 989 670 406 1122 1315 986 605 817 770 744 611 954 633 492 870 615 1366 481 0 216 958 192 603 1407 648 1213 131 473 495 1530 1467 940 667 501 1540 681 877 1445 1341 251 1432 856 990 1041 225 471 699 994 1691 1477 616 884 1137
1190 362 208 1325 1205 449 653 831 861 805 244 1348 1327 1401 1283 1380 370 932 934 924 852 805 115 1318 286 86 314 832 1349 851 485 222 1187 1380 848 420 717 614 576 685 1018 448 308 945 490 1430 296 216 0 820 137 418 1472 727 1278 180 288 317 1346 1283 756 682 317 1439 623 951 1261 1406 80 1374 683 805 857 90 377 514 810 1590 1510 432 959 1202
1719 583 950 2096 1733 1221 1425 1576 1633 1576 617 1877 2099 1929 2055 1909 592 218 220 210 1624 63 904 1846 1057 858 1086 90 2121 109 1257 993 1715 1909 106 642 405 1363 485 487 1547 670 1080 231 672 1959 1068 958 820 0 925 1190 2000 1241 1807 953 1060 1088 2118 2055 92 544 1089 2134 532 237 2032 1935 852 2025 371 1577 1628 872 1064 1286 1581 2284 2070 653 245 1731
1181 467 184 1369 1196 494 698 876 906 849 349 1339 1372 1392 1328 1371 476 912 914 904 897 911 45 1309 330 91 359 938 1394 956 530 266 1178 1371 953 525 823 659 681 665 1009 554 353 925 595 1421 341 192 137 925 0 463 1463 703 1269 156 333 361 1391 1328 861 721 362 1484 728 931 1305 1397 107 1419 788 850 902 81 422 559 854 1635 1533 537 939 1193
824 732 595 1017 839 296 500 677 708 651 614 982 1019 1035 976 1014 741 1304 1307 1297 493 1176 460 952 391 388 241 1203 1042 1222 103 327 821 1014 1218 790 1088 221 946 1063 652 819 413 1317 860 1064 307 603 418 1190 463 0 1106 346 912 567 393 422 1038 975 1126 1053 422 1132 993 1324 902 1040 382 1067 1053 652 703 402 482 132 656 1282 1176 802 1331 836
801 1708 1399 519 816 1174 1041 1148 860 953 1668 558 353 174 458 194 1694 1900 1902 1892 965 1986 1441 176 1314 1442 1223 2013 417 2032 1060 1351 798 122 2029 1766 1859 1021 1786 1653 629 1872 1337 1913 1658 78 1361 1407 1472 2000 1463 1106 0 793 269 1402 1317 1280 413 399 1989 1710 1346 257 1724 1919 1234 75 1436 528 1899 954 857 1455 1256 1053 958 819 193 1778 1927 813
512 949 640 1167 526 414 821 999 899 973 923 670 996 722 1126 701 935 1140 1143 1132 643 1227 682 639 555 710 464 1254 1087 1272 300 591 508 701 1269 1007 1100 261 1027 894 340 1120 577 1153 898 752 623 648 727 1241 703 346 793 0 599 642 557 521 1083 977 1229 950 586 926 964 1160 1051 727 704 818 1139 973 896 724 497 329 978 1077 863 1019 1167 523
607 1514 1205 665 622 980 1187 1293 1006 1099 1474 364 499 198 604 177 1500 1706 1708 1698 1024 1792 1247 115 1120 1248 1029 1819 563 1838 866 1157 604 178 1835 1572 1665 827 1592 1459 435 1678 1143 1719 1464 228 1167 1213 1278 1807 1269 912 269 599 0 1208 1123 1086 559 545 1795 1516 1152 402 1530 1725 1379 204 1242 674 1705 1100 1003 1261 1062 859 1104 771 339 1584 1733 619
1120 510 124 1473 1135 597 802 979 1010 953 392 1278 1475 1331 1432 1310 519 852 854 844 1001 938 135 1248 434 200 463 966 1498 984 634 370 1117 1310 981 569 811 763 725 605 949 597 457 865 610 1360 445 131 180 953 156 567 1402 642 1208 0 437 465 1495 1431 904 662 465 1535 676 871 1409 1336 215 1427 831 954 1005 189 466 663 958 1686 1472 580 879 1132
1035 602 465 1299 1050 424 628 806 836 780 484 1193 1302 1246 1258 1225 611 1024 1027 1016 827 1046 330 1163 63 258 289 1073 1324 1091 460 120 1032 1225 1088 660 958 589 816 778 864 689 42 1037 730 1275 152 473 288 1060 333 393 1317 557 1123 437 0 115 1321 1258 996 834 51 1414 848 1044 1235 1251 252 1342 923 780 832 272 175 489 785 1565 1387 672 1051 1047
999 631 487 1328 1013 452 656 834 864 808 513 1157 1330 1209 1287 1189 639 988 990 980 855 1074 358 1126 112 287 318 1101 1353 1120 488 149 995 1189 1117 689 947 618 845 741 827 717 135 1001 746 1239 180 495 317 1088 361 422 1280 521 1086 465 115 0 1349 1286 1025 798 144 1414 812 1007 1264 1215 280 1305 951 808 860 300 139 518 813 1564 1350 700 1015 1011
765 1660 1523 177 780 1223 727 833 545 639 1542 848 135 464 115 483 1668 2190 2192 2182 650 2103 1388 466 1318 1316 1169 2130 22 2149 1012 1254 762 412 2146 1718 2015 1172 1874 1943 850 1659 1340 2203 1788 424 1235 1530 1346 2118 1391 1041 413 1083 559 1495 1321 1349 0 157 2054 1980 1349 192 1921 2209 919 385 1310 385 1981 639 542 1329 1410 981 644 476 263 1730 2217 777
628 1597 1460 263 643 1160 664 770 482 576 1479 834 121 450 202 469 1605 2083 2086 2076 587 2040 1325 452 1255 1253 1106 2067 161 2086 949 1191 625 398 2083 1655 1952 1109 1811 1837 713 1596 1277 2096 1725 410 1172 1467 1283 2055 1328 978 399 977 545 1431 1258 1286 157 0 1991 1893 1286 178 1858 2103 856 371 1247 248 1918 576 479 1266 1347 918 581 563 249 1667 2110 640
1707 520 933 2032 1722 1157 1361 1512 1569 1513 554 1865 2035 1918 1991 1897 528 206 209 198 1560 78 840 1835 993 794 1022 105 2057 123 1193 929 1704 1897 120 578 341 1322 421 476 1536 606 1016 219 647 1947 1004 940 756 92 861 1126 1989 1229 1795 904 996 1025 2054 1991 0 528 1025 2122 468 226 1968 1923 788 2014 307 1513 1565 808 1053 1222 1517 2273 2059 590 233 1719
1428 431 659 1959 1443 956 1287 1439 1495 1439 480 1586 1913 1639 1918 1618 418 443 445 435 1486 529 700 1555 831 721 949 557 1984 575 1111 856 1425 1618 572 489 402 1072 177 114 1256 533 854 456 381 1668 899 667 682 544 721 1053 1710 950 1516 662 834 798 1980 1893 528 0 863 1843 114 462 1895 1644 715 1735 442 1440 1491 735 773 1141 1444 1993 1779 501 470 1440
1064 631 494 1328 1078 452 656 834 864 808 513 1222 1330 1274 1287 1254 639 1053 1055 1045 855 1074 359 1191 54 287 318 1101 1353 1120 489 149 1060 1254 1117 689 986 618 845 806 892 717 28 1066 759 1304 180 501 317 1089 362 422 1346 586 1152 465 51 144 1349 1286 1025 863 0 1442 877 1072 1264 1280 280 1371 952 809 860 300 204 518 813 1593 1415 701 1080 1076
687 1753 1533 298 702 1307 820 926 639 732 1635 691 132 307 237 327 1761 2033 2035 2025 743 2119 1481 310 1411 1409 1262 2146 195 2165 1105 1348 684 255 2162 1811 1992 1154 1920 1786 763 1752 1434 2046 1791 267 1328 1540 1439 2134 1484 1134 257 926 402 1535 1414 1414 192 178 2122 1843 1442 0 1857 2052 1012 229 1403 307 2032 732 635 1422 1389 1075 737 598 106 1823 2060 699
1442 386 673 1899 1457 970 1228 1379 1436 1379 420 1600 1902 1653 1858 1632 395 457 459 449 1427 517 707 1569 845 661 889 545 1924 563 1060 796 1439 1632 560 445 416 1086 117 128 1270 473 868 470 395 1682 871 681 623 532 728 993 1724 964 1530 676 848 812 1921 1858 468 114 877 1857 0 476 1835 1658 655 1749 395 1380 1431 675 787 1089 1384 2007 1793 456 484 1454
1637 641 869 2230 1652 1165 1558 1709 1766 1710 751 1795 2122 1848 2189 1827 627 62 82 92 1757 223 909 1765 1041 971 1215 250 2212 269 1321 1077 1634 1827 265 699 396 1282 539 406 1466 803 1063 65 591 1877 1109 877 951 237 931 1324 1919 1160 1725 871 1044 1007 2209 2103 226 462 1072 2052 476 0 2166 1853 986 1944 435 1710 1762 960 983 1350 1715 2203 1989 711 51 1649
1328 1571 1434 898 1342 1135 811 917 630 723 1453 1503 900 1284 857 1304 1580 2144 2146 2136 513 2015 1299 1287 1230 1227 1080 2042 923 2061 875 1166 1324 1232 2057 1630 1927 1035 1786 1902 1173 1658 1252 2157 1699 1244 1146 1442 1258 2029 1302 904 1234 1051 1379 1406 1232 1261 919 856 1965 1892 1261 1012 1832 2163 0 1206 1221 948 1892 724 627 1241 1321 845 728 1163 1083 1641 2170 1340
735 1642 1334 492 750 1108 1013 1120 832 925 1602 492 325 108 430 128 1629 1834 1836 1826 937 1920 1375 111 1249 1376 1158 1948 389 1966 994 1285 732 56 1963 1701 1793 955 1721 1587 564 1806 1271 1847 1592 47 1295 1341 1406 1935 1397 1040 75 727 204 1336 1251 1215 385 371 1923 1644 1280 229 1658 1853 1206 0 1370 500 1833 926 829 1390 1191 987 930 791 165 1712 1861 747
1154 394 243 1288 1168 412 617 794 825 768 276 1312 1290 1365 1247 1344 403 966 969 958 816 838 104 1281 249 32 278 865 1313 883 449 185 1150 1344 880 452 749 578 608 720 982 480 272 979 522 1394 260 251 80 852 107 382 1436 704 1242 215 252 280 1310 1247 788 715 280 1403 655 986 1224 1370 0 1338 715 769 820 45 341 478 773 1553 1474 464 993 1166
469 1688 1424 491 484 1199 755 862 574 667 1570 962 267 578 430 598 1697 1925 1927 1917 679 2011 1416 581 1339 1344 1197 2038 389 2057 1040 1283 466 527 2054 1746 1884 1046 1811 1678 554 1687 1362 1938 1683 538 1263 1432 1374 2025 1419 1070 528 818 674 1427 1342 1305 385 248 2014 1735 1371 307 1749 1944 948 500 1338 0 1924 668 571 1358 1281 1010 672 776 378 1758 1952 481
1617 446 848 1959 1632 1083 1288 1439 1496 1439 480 1775 1961 1828 1918 1807 455 416 418 408 1487 356 766 1744 920 721 949 383 1984 402 1120 856 1614 1807 399 505 97 1249 348 385 1445 533 943 429 570 1857 931 856 683 371 788 1053 1899 1139 1705 831 923 951 1981 1918 307 442 952 2032 395 435 1895 1833 715 1924 0 1440 1491 735 962 1149 1444 2182 1968 516 443 1629
1048 1119 982 618 1063 682 186 292 154 73 1001 1331 620 1004 577 1024 1127 1691 1693 1683 455 1562 847 1007 777 775 628 1590 643 1608 718 714 1045 953 1605 1177 1474 848 1333 1449 1114 1118 800 1704 1247 964 694 990 805 1577 850 652 954 973 1100 954 780 808 639 576 1513 1440 809 732 1380 1710 724 926 769 668 1440 0 150 789 869 748 68 883 803 1189 1718 1060
951 1171 1033 521 966 734 238 344 57 150 1053 1234 523 907 480 927 1179 1743 1745 1735 358 1614 899 910 829 827 680 1641 546 1660 719 765 948 856 1657 1229 1526 880 1385 1501 1017 1170 851 1756 1299 867 745 1041 857 1628 902 703 857 896 1003 1005 832 860 542 479 1565 1491 860 635 1431 1762 627 829 820 571 1491 150 0 840 920 689 155 786 706 1241 1770 963
1174 414 217 1308 1188 432 636 814 844 788 296 1332 1310 1384 1267 1363 422 941 943 933 835 857 78 1301 269 43 298 885 1333 903 469 205 1170 1364 900 472 769 598 628 694 1002 500 291 954 542 1414 279 225 90 872 81 402 1455 724 1261 189 272 300 1329 1266 808 735 300 1422 675 960 1244 1390 45 1358 735 789 840 0 360 498 793 1573 1494 484 968 1185
975 691 463 1388 989 503 717 894 925 868 573 1133 1390 1185 1347 1164 699 964 966 956 916 1050 419 1102 173 347 378 1077 1413 1096 549 209 971 1165 1092 749 923 619 850 717 803 777 195 977 722 1215 240 471 377 1064 422 482 1256 497 1062 466 175 139 1410 1347 1053 773 204 1389 787 983 1324 1191 341 1281 962 869 920 360 0 578 873 1540 1326 761 991 986
771 828 691 957 786 392 596 774 689 747 710 929 959 982 916 961 837 1331 1333 1323 433 1272 556 899 487 484 337 1299 982 1318 64 423 768 961 1314 886 1184 204 1043 1084 600 915 509 1344 956 1011 403 699 514 1286 559 132 1053 329 859 663 489 518 979 916 1222 1141 518 1072 1089 1350 842 987 478 1007 1149 748 686 498 578 0 752 1222 1123 898 1358 783
1053 1123 986 623 1067 687 190 297 159 74 1005 1335 625 1009 581 1028 1132 1696 1698 1688 459 1567 851 1011 782 780 632 1594 647 1613 723 718 1049 957 1609 1182 1479 852 1338 1454 1119 1122 804 1709 1251 969 698 994 810 1581 854 656 958 978 1104 958 785 813 644 581 1517 1444 813 737 1384 1715 728 930 773 672 1444 68 155 793 873 752 0 888 808 1193 1722 1064
1085 1915 1683 321 1099 1457 982 998 801 894 1797 581 552 880 434 873 1923 2183 2186 2176 905 2270 1643 811 1573 1571 1424 2297 491 2316 1267 1510 1081 829 2312 1973 2143 1304 2070 1937 913 1884 1596 2196 1942 840 1490 1691 1601 2284 1646 1296 830 1077 771 1686 1576 1564 487 574 2273 1993 1604 609 2007 2203 1174 802 1565 787 2182 894 797 1584 1540 1237 899 0 680 1985 2210 1097
758 1778 1469 369 773 1244 891 997 710 803 1706 628 203 243 308 263 1764 1970 1972 1962 814 2056 1511 246 1384 1480 1293 2083 266 2102 1129 1419 755 192 2098 1836 1929 1090 1856 1723 699 1823 1406 1983 1728 203 1399 1477 1510 2070 1533 1176 193 863 339 1472 1387 1350 263 249 2059 1779 1415 106 1793 1989 1083 165 1474 378 1968 803 706 1494 1326 1123 808 669 0 1848 1996 770
1496 84 608 1708 1511 833 1037 1188 1245 1188 229 1654 1711 1707 1667 1686 119 691 694 684 1236 639 516 1624 669 470 698 666 1733 685 869 605 1493 1686 682 89 551 998 410 445 1325 282 692 704 239 1736 680 616 432 653 537 802 1778 1019 1584 580 672 700 1730 1667 590 501 701 1823 456 711 1644 1712 464 1758 516 1189 1241 484 761 898 1193 1974 1848 0 718 1508
1645 648 876 2237 1660 1173 1566 1717 1774 1718 759 1803 2130 1856 2196 1835 635 69 75 85 1765 230 917 1773 1048 978 1223 258 2220 276 1328 1085 1642 1835 273 707 403 1289 547 413 1473 811 1071 58 598 1885 1116 884 959 245 939 1331 1927 1167 1733 879 1051 1015 2217 2110 233 470 1080 2060 484 51 2173 1861 993 1952 443 1718 1770 968 991 1358 1722 2210 1996 718 0 1657
46 1438 1130 883 31 904 1147 1254 966 1060 1398 689 659 742 822 721 1425 1630 1632 1622 948 1716 1171 659 1044 1172 953 1743 781 1762 790 1081 50 721 1759 1496 1589 751 1517 1383 260 1602 1067 1643 1388 771 1091 1137 1202 1731 1193 836 813 523 619 1132 1047 1011 777 640 1719 1440 1076 699 1454 1649 1340 747 1166 481 1629 1060 963 1185 986 783 1064 1097 770 1508 1657 0
EOF