NAME : tsp_problem
TYPE : TSP
DIMENSION : 34
EDGE_WEIGHT_TYPE : EXPLICIT
EDGE_WEIGHT_FORMAT : FULL_MATRIX
EDGE_WEIGHT_SECTION
0 751 672 218 295 1114 506 926 1166 275 518 310 815 845 1154 535 687 616 687 1075 620 556 920 891 669 1126 1118 199 338 598 1164 941 397 390
751 0 1015 687 851 406 384 338 458 831 1203 801 910 1488 446 1119 1295 1107 1211 763 1112 1140 332 1313 996 537 1561 885 1008 1090 1420 353 804 796
672 1015 0 800 830 926 698 952 868 809 1052 845 222 1380 825 1070 1222 154 1221 464 159 1091 946 1425 58 711 1653 734 873 137 1728 967 932 925
218 687 800 0 480 1050 623 862 1102 459 702 481 943 1030 1090 720 872 744 871 1203 749 741 856 993 797 1062 1240 384 523 727 1100 877 483 476
295 851 830 480 0 1214 664 1026 1266 37 474 90 973 801 1254 491 644 774 643 1233 779 513 1020 847 827 1225 1074 130 294 757 999 1041 177 170
1114 406 926 1050 1214 0 747 701 144 1194 1566 1164 890 1851 132 1482 1658 1019 1574 481 1023 1503 695 1676 907 729 1924 1248 1371 1001 1784 716 1167 1159
506 384 698 623 664 747 0 559 799 644 887 679 593 1214 787 904 1057 791 1056 905 796 926 553 1249 680 758 1487 568 707 774 1356 574 739 732
926 338 952 862 1026 701 559 0 753 1006 1378 976 915 1663 741 1294 1470 1044 1386 581 1049 1315 71 1488 933 355 1736 1060 1183 1027 1595 51 979 971
1166 458 868 1102 1266 144 799 753 0 1246 1618 1216 831 1903 52 1534 1710 960 1626 423 965 1555 747 1728 849 671 1976 1300 1423 943 1836 768 1219 1211
275 831 809 459 37 1194 644 1006 1246 0 453 69 952 781 1234 471 623 753 622 1212 758 492 1000 827 806 1205 1054 109 274 736 979 1021 156 149
518 1203 1052 702 474 1566 887 1378 1618 453 0 489 1195 362 1606 186 204 996 204 1455 1001 207 1372 408 1049 1578 635 472 312 979 710 1393 576 569
310 801 845 481 90 1164 679 976 1216 69 489 0 988 816 1204 506 658 788 657 1247 793 527 970 842 841 1175 1089 145 309 771 949 991 127 119
812 910 222 940 970 890 593 915 831 949 1192 985 0 1520 788 1210 1362 314 1361 428 319 1231 909 1565 203 675 1793 874 1013 297 1868 930 1072 1064
845 1488 1380 1030 801 1851 1214 1663 1903 781 362 816 1523 0 1891 513 378 1324 377 1783 1329 535 1657 269 1377 1862 319 799 640 1306 393 1678 903 896
1154 446 825 1090 1254 132 787 741 52 1234 1606 1204 788 1891 0 1522 1698 917 1614 380 922 1543 735 1716 806 628 1964 1288 1411 900 1823 756 1207 1199
535 1119 1070 720 491 1482 904 1294 1534 471 186 506 1213 513 1522 0 356 1013 355 1473 1018 61 1288 559 1066 1493 786 489 287 996 749 1309 593 586
687 1295 1222 872 644 1658 1057 1470 1710 623 204 658 1365 378 1698 356 0 1166 134 1625 1171 377 1464 424 1219 1670 651 641 482 1149 649 1485 746 738
616 1107 154 744 774 1019 791 1044 960 753 996 788 314 1324 917 1013 1166 0 1165 557 74 1035 1038 1369 151 804 1597 677 816 63 1671 1059 876 868
687 1211 1221 871 643 1574 1056 1386 1626 622 204 657 1364 377 1614 355 134 1165 0 1624 1170 376 1380 423 1218 1585 650 640 481 1148 565 1401 742 734
1075 763 464 1203 1233 481 905 581 423 1212 1455 1247 428 1783 380 1473 1625 557 1624 0 562 1494 575 1828 445 341 2056 1137 1276 539 2021 596 1335 1327
620 1112 159 749 779 1023 796 1049 965 758 1001 793 319 1329 922 1018 1171 74 1170 562 0 1040 1043 1374 156 809 1601 682 821 68 1676 1064 881 873
556 1140 1091 741 513 1503 926 1315 1555 492 207 527 1234 535 1543 61 377 1035 376 1494 1040 0 1309 580 1088 1514 808 510 308 1018 771 1330 615 607
920 332 946 856 1020 695 553 71 747 1000 1372 970 909 1657 735 1288 1464 1038 1380 575 1043 1309 0 1482 927 349 1730 1054 1177 1021 1590 56 973 965
891 1313 1425 993 847 1676 1249 1488 1728 827 408 842 1568 269 1716 559 424 1369 423 1828 1374 580 1482 0 1422 1687 542 845 686 1352 487 1503 844 837
669 996 58 797 827 907 680 933 849 806 1049 841 203 1377 806 1066 1219 151 1218 445 156 1088 927 1422 0 692 1650 730 869 133 1724 948 929 921
1126 537 711 1062 1225 729 758 355 671 1205 1578 1175 675 1862 628 1493 1670 804 1585 341 809 1514 349 1687 692 0 1935 1259 1382 786 1795 370 1178 1171
1118 1561 1653 1240 1074 1924 1487 1736 1976 1054 635 1089 1796 319 1964 786 651 1597 650 2056 1601 808 1730 542 1650 1935 0 1072 913 1579 219 1751 1092 1084
199 885 734 384 130 1248 568 1060 1300 109 472 145 877 799 1288 489 641 677 640 1137 682 510 1054 845 730 1259 1072 0 292 660 1054 1075 232 225
338 1008 873 523 294 1371 707 1183 1423 274 312 309 1016 640 1411 287 482 816 481 1276 821 308 1177 686 869 1382 913 292 0 799 894 1198 396 389
598 1090 137 727 757 1001 774 1027 943 736 979 771 297 1306 900 996 1149 63 1148 539 68 1018 1021 1352 133 786 1579 660 799 0 1654 1042 859 851
1164 1420 1728 1100 999 1784 1356 1595 1836 979 710 949 1871 393 1823 749 649 1671 565 2021 1676 771 1590 487 1724 1795 219 1054 894 1654 0 1610 952 944
941 353 967 877 1041 716 574 51 768 1021 1393 991 930 1678 756 1309 1485 1059 1401 596 1064 1330 56 1503 948 370 1751 1075 1198 1042 1610 0 994 986
397 804 932 483 177 1167 739 979 1219 156 576 127 1075 903 1207 593 746 876 742 1335 881 615 973 844 929 1178 1092 232 396 859 952 994 0 61
390 796 925 476 170 1159 732 971 1211 149 569 119 1068 896 1199 586 738 868 734 1327 873 607 965 837 921 1171 1084 225 389 851 944 986 61 0
EOF