NAME : tsp_problem
TYPE : TSP
DIMENSION : 48
EDGE_WEIGHT_TYPE : EXPLICIT
EDGE_WEIGHT_FORMAT : FULL_MATRIX
EDGE_WEIGHT_SECTION
0 1512 599 699 326 471 1497 394 1084 358 453 828 991 137 751 1079 920 106 611 602 216 652 1026 1102 950 563 409 1108 607 1301 334 765 942 1527 897 445 1034 829 448 693 962 598 677 1459 331 613 518 1111
1512 0 1766 984 1597 1179 160 1384 776 1629 1196 918 600 1554 2041 711 861 1494 1789 1762 1327 1989 552 794 2134 1702 1793 800 1289 553 1605 1919 2126 211 885 1319 728 2213 1322 1897 2145 1738 1816 174 1602 1301 1813 803
599 1766 0 952 449 724 1750 669 1359 481 706 1102 1244 576 489 1354 1195 579 106 79 510 390 1279 1377 688 181 225 1383 881 1576 457 483 681 1802 1172 699 1308 567 702 431 700 217 380 1713 454 888 144 1386
699 981 952 0 783 365 966 571 749 815 383 493 739 740 1227 744 585 681 975 949 513 1176 691 767 1321 888 977 773 475 966 792 1106 1313 1058 562 505 699 1397 508 1084 1332 924 1003 928 789 487 999 776
326 1597 449 783 0 555 1582 569 1258 119 537 1002 1075 367 665 1254 1095 308 472 445 311 566 1110 1277 817 385 323 1283 758 1476 37 602 810 1674 1072 530 1208 743 533 580 829 421 499 1544 93 770 432 1286
471 1179 724 365 555 0 1163 343 926 587 59 670 657 512 999 921 763 453 747 721 285 948 692 945 1093 660 771 951 236 1144 564 877 1085 1255 740 277 876 1186 280 856 1104 696 774 1126 561 248 771 954
1497 160 1750 969 1582 1163 0 1369 634 1614 1181 807 585 1538 2024 569 719 1479 1774 1747 1311 1926 537 652 2119 1686 1682 658 1273 411 1590 1904 2111 112 743 1303 630 2103 1307 1882 2130 1722 1801 100 1587 1285 1792 661
394 1384 669 571 569 343 1369 0 897 556 325 640 863 371 821 892 733 374 681 672 325 722 898 915 1020 700 479 921 419 1114 577 835 1012 1340 710 140 846 899 144 763 1032 736 814 1331 520 425 588 924
1084 776 1359 749 1258 926 634 897 0 1246 944 293 984 1061 1511 115 205 1064 1371 1362 1146 1412 936 75 1710 1443 1168 78 844 337 1267 1525 1702 653 230 1008 427 1589 1011 1453 1721 1479 1524 621 1210 850 1278 74
358 1629 481 815 119 587 1614 556 1246 0 569 990 1107 399 653 1241 1082 340 504 477 343 554 1142 1264 849 417 310 1270 769 1463 128 634 841 1689 1059 562 1196 731 565 595 861 453 531 1576 80 775 420 1273
453 1196 706 383 537 59 1181 325 944 569 0 688 675 494 981 939 780 435 729 703 267 930 710 963 1075 642 753 968 254 1161 546 859 1067 1273 757 259 894 1168 262 837 1086 678 756 1143 543 265 753 971
828 918 1102 493 1002 670 807 640 293 990 688 0 966 805 1254 288 130 808 1115 1106 890 1156 918 312 1454 1187 912 318 588 511 1011 1268 1446 737 107 752 243 1333 755 1197 1465 1223 1268 794 954 594 1022 321
991 600 1244 742 1075 657 585 863 984 1107 675 966 0 1032 1519 919 1058 973 1267 1241 805 1468 114 1002 1613 1180 1291 1008 767 761 1084 1398 1605 677 1035 797 1172 1706 800 1376 1624 1216 1295 547 1081 779 1291 1011
137 1554 576 740 367 512 1538 371 1061 399 494 805 1032 0 728 1056 897 92 589 579 258 629 1067 1079 928 604 386 1085 584 1278 376 742 920 1504 874 483 1011 806 486 670 939 640 718 1501 373 590 495 1088
751 2041 489 1227 665 999 2024 821 1511 653 981 1254 1519 728 0 1506 1347 731 501 492 785 362 1554 1529 440 541 377 1535 1033 1728 673 446 432 1954 1324 932 1460 323 935 403 451 577 343 1988 617 1039 408 1538
1079 711 1354 744 1254 921 569 892 115 1241 939 288 919 1056 1506 0 200 1059 1366 1357 1141 1407 871 133 1705 1438 1163 139 839 273 1262 1520 1697 588 225 1003 422 1584 1006 1448 1716 1474 1519 556 1205 845 1273 142
920 861 1195 585 1095 763 719 733 205 1082 780 130 1058 897 1347 200 0 900 1207 1198 982 1248 1010 224 1546 1279 1005 229 680 422 1103 1361 1539 738 43 844 263 1425 847 1289 1558 1315 1360 706 1046 687 1114 232
106 1494 579 681 308 453 1479 374 1064 340 435 808 973 92 731 1059 900 0 592 583 198 632 1008 1083 931 545 389 1088 587 1282 316 745 923 1508 877 427 1014 810 430 674 942 580 659 1441 313 593 499 1091
611 1789 106 975 472 747 1774 681 1371 504 729 1115 1267 589 501 1366 1207 592 0 102 533 403 1302 1390 701 204 238 1395 894 1588 481 506 693 1815 1184 722 1321 580 725 444 712 240 404 1736 477 900 156 1398
602 1762 79 949 445 721 1747 672 1362 477 703 1106 1241 579 492 1357 1198 583 102 0 506 394 1275 1381 692 177 228 1386 885 1579 454 480 684 1805 1175 695 1312 571 698 435 703 213 377 1709 451 891 147 1389
216 1327 510 513 311 285 1311 325 1146 343 267 890 805 258 785 1141 982 198 533 506 0 733 840 1164 878 446 526 1170 488 1363 319 663 870 1403 959 259 1096 946 263 641 889 481 560 1274 316 500 557 1173
652 1989 390 1176 566 948 1926 722 1412 554 930 1156 1468 629 362 1407 1248 632 403 394 733 0 1503 1430 562 475 278 1436 935 1629 575 224 554 1855 1225 834 1362 440 837 152 573 511 223 1912 518 941 309 1439
1026 552 1279 694 1110 692 537 898 936 1142 710 918 114 1067 1554 871 1010 1008 1302 1275 840 1503 0 954 1647 1215 1326 960 802 713 1119 1432 1640 629 987 832 1124 1741 835 1410 1659 1251 1329 499 1116 814 1326 963
1102 794 1377 767 1277 945 652 915 75 1264 963 312 1002 1079 1529 133 224 1083 1390 1381 1164 1430 954 0 1729 1462 1187 59 863 356 1285 1543 1721 671 248 1027 445 1607 1030 1471 1740 1497 1542 639 1228 869 1296 55
950 2134 688 1321 817 1093 2119 1020 1710 849 1075 1454 1613 928 440 1705 1546 931 701 692 878 562 1647 1729 0 634 577 1734 1233 1928 826 539 95 2154 1523 1067 1660 223 1070 517 59 670 436 2081 816 1239 608 1737
563 1702 181 888 385 660 1686 700 1443 417 642 1187 1180 604 541 1438 1279 545 204 177 446 475 1215 1462 634 0 310 1467 863 1661 393 419 626 1778 1256 634 1393 652 638 397 646 73 316 1649 390 875 228 1470
409 1793 225 977 323 771 1682 479 1168 310 753 912 1291 386 377 1163 1005 389 238 228 526 278 1326 1187 577 310 0 1192 691 1386 331 391 569 1612 982 590 1118 455 593 319 588 345 390 1669 274 697 144 1195
1108 800 1383 773 1283 951 658 921 78 1270 968 318 1008 1085 1535 139 229 1088 1395 1386 1170 1436 960 59 1734 1467 1192 0 868 361 1291 1549 1726 677 254 1032 451 1613 1035 1477 1745 1503 1548 645 1234 874 1302 50
607 1289 881 475 758 236 1273 419 844 769 254 588 767 584 1033 839 680 587 894 885 488 935 802 863 1233 863 691 868 0 1062 766 1047 1225 1288 657 480 794 1112 483 976 1244 899 977 1236 733 107 801 871
1301 553 1576 966 1476 1144 411 1114 337 1463 1161 511 761 1278 1728 273 422 1282 1588 1579 1363 1629 713 356 1928 1661 1386 361 1062 0 1484 1742 1920 430 447 1225 644 1806 1229 1670 1939 1696 1741 398 1427 1068 1495 364
334 1605 457 792 37 564 1590 577 1267 128 546 1011 1084 376 673 1262 1103 316 481 454 319 575 1119 1285 826 393 331 1291 766 1484 0 611 818 1682 1080 538 1217 752 541 589 837 429 508 1552 101 778 441 1294
765 1919 483 1106 602 877 1904 835 1525 634 859 1268 1398 742 446 1520 1361 745 506 480 663 224 1432 1543 539 419 391 1549 1047 1742 611 0 531 1968 1338 852 1474 553 855 131 550 455 153 1866 608 1054 422 1552
942 2126 681 1313 810 1085 2111 1012 1702 841 1067 1446 1605 920 432 1697 1539 923 693 684 870 554 1640 1721 95 626 569 1726 1225 1920 818 531 0 2146 1515 1059 1652 215 1062 509 106 662 428 2073 808 1231 600 1729
1527 211 1802 1061 1674 1255 112 1340 653 1689 1273 737 677 1504 1954 588 738 1508 1815 1805 1403 1855 629 671 2154 1778 1612 677 1288 430 1682 1968 2146 0 733 1396 547 2032 1399 1896 2165 1814 1893 151 1653 1294 1721 680
897 885 1172 562 1072 740 743 710 230 1059 757 107 1035 874 1324 225 43 877 1184 1175 959 1225 987 248 1523 1256 982 254 657 447 1080 1338 1515 733 0 821 240 1402 824 1266 1535 1292 1337 730 1023 663 1091 257
445 1319 699 505 530 277 1303 140 1008 562 259 752 797 483 932 1003 844 427 722 695 259 834 832 1027 1067 634 590 1032 480 1225 538 852 1059 1396 821 0 958 1011 58 830 1078 670 749 1266 535 492 700 1035
1034 728 1308 699 1208 876 630 846 427 1196 894 243 1172 1011 1460 422 263 1014 1321 1312 1096 1362 1124 445 1660 1393 1118 451 794 644 1217 1474 1652 547 240 958 0 1539 961 1403 1671 1429 1474 669 1160 800 1228 454
829 2213 567 1397 743 1186 2103 899 1589 731 1168 1333 1706 806 323 1584 1425 810 580 571 946 440 1741 1607 223 652 455 1613 1112 1806 752 553 215 2032 1402 1011 1539 0 1014 482 234 688 530 2089 695 1118 486 1616
448 1322 702 508 533 280 1307 144 1011 565 262 755 800 486 935 1006 847 430 725 698 263 837 835 1030 1070 638 593 1035 483 1229 541 855 1062 1399 824 58 961 1014 0 833 1081 673 752 1269 538 495 703 1038
693 1897 431 1084 580 856 1882 763 1453 595 837 1197 1376 670 403 1448 1289 674 444 435 641 152 1410 1471 517 397 319 1477 976 1670 589 131 509 1896 1266 830 1403 482 833 0 528 433 131 1844 559 982 351 1480
962 2145 700 1332 829 1104 2130 1032 1721 861 1086 1465 1624 939 451 1716 1558 942 712 703 889 573 1659 1740 59 646 588 1745 1244 1939 837 550 106 2165 1535 1078 1671 234 1081 528 0 681 447 2092 827 1250 619 1749
598 1738 217 924 421 696 1722 736 1479 453 678 1223 1216 640 577 1474 1315 580 240 213 481 511 1251 1497 670 73 345 1503 899 1696 429 455 662 1814 1292 670 1429 688 673 433 681 0 352 1685 426 910 264 1506
677 1816 380 1003 499 774 1801 814 1524 531 756 1268 1295 718 343 1519 1360 659 404 377 560 223 1329 1542 436 316 390 1548 977 1741 508 153 428 1893 1337 749 1474 530 752 131 447 352 0 1763 505 989 422 1551
1459 174 1713 931 1544 1126 100 1331 621 1576 1143 794 547 1501 1988 556 706 1441 1736 1709 1274 1912 499 639 2081 1649 1669 645 1236 398 1552 1866 2073 151 730 1266 669 2089 1269 1844 2092 1685 1763 0 1549 1248 1760 648
331 1602 454 789 93 561 1587 520 1210 80 543 954 1081 373 617 1205 1046 313 477 451 316 518 1116 1228 816 390 274 1234 733 1427 101 608 808 1653 1023 535 1160 695 538 559 827 426 505 1549 0 739 384 1237
613 1301 888 487 770 248 1285 425 850 775 265 594 779 590 1039 845 687 593 900 891 500 941 814 869 1239 875 697 874 107 1068 778 1054 1231 1294 663 492 800 1118 495 982 1250 910 989 1248 739 0 807 877
518 1813 144 999 432 771 1792 588 1278 420 753 1022 1291 495 408 1273 1114 499 156 147 557 309 1326 1296 608 228 144 1302 801 1495 441 422 600 1721 1091 700 1228 486 703 351 619 264 422 1760 384 807 0 1305
1111 803 1386 776 1286 954 661 924 74 1273 971 321 1011 1088 1538 142 232 1091 1398 1389 1173 1439 963 55 1737 1470 1195 50 871 364 1294 1552 1729 680 257 1035 454 1616 1038 1480 1749 1506 1551 648 1237 877 1305 0
EOF