NAME : tsp_problem
TYPE : TSP
DIMENSION : 32
EDGE_WEIGHT_TYPE : EXPLICIT
EDGE_WEIGHT_FORMAT : FULL_MATRIX
EDGE_WEIGHT_SECTION
0 232 1012 1012 1454 1343 1022 879 874 435 509 1084 24 608 281 1097 548 824 1300 536 1358 569 1308 676 548 846 1016 635 786 1249 654 1072
232 0 993 967 1409 1423 977 834 829 529 522 1039 237 575 387 1052 608 931 1406 642 1438 674 1263 777 654 952 997 686 745 1356 761 1027
1012 993 0 1569 2011 2026 1580 1437 1432 1132 868 1642 1017 660 991 1655 694 1534 2010 1246 2041 751 1866 570 1258 1556 44 771 554 1959 1364 440
1012 967 1569 0 704 533 65 201 188 840 1099 505 1017 1151 928 140 1185 1030 791 732 548 1250 730 1354 746 903 1573 1262 1321 649 1091 1603
1454 1409 2011 704 0 341 714 743 738 1282 1541 409 1459 1593 1351 789 1627 817 321 1138 356 1692 770 1796 1152 690 2015 1704 1763 437 879 2045
1343 1423 2026 533 341 0 543 657 644 1217 1549 670 1348 1608 1201 619 1588 666 428 988 64 1609 1006 1717 1001 539 2029 1675 1778 286 728 2060
1022 977 1580 65 714 543 0 211 198 851 1109 516 1027 1162 939 150 1195 1040 802 743 559 1261 740 1364 756 913 1583 1273 1332 660 1102 1614
879 834 1437 201 743 657 211 0 63 708 966 373 884 1019 796 286 1052 1135 915 600 672 1118 597 1221 613 1008 1440 1130 1189 773 1094 1471
874 829 1432 188 738 644 198 63 0 703 961 368 879 1014 791 273 1047 1130 903 595 660 1113 592 1216 608 1003 1435 1125 1184 761 1089 1466
435 529 1132 840 1282 1217 851 708 703 0 641 913 440 714 189 926 680 698 1174 410 1232 701 1137 808 422 720 1135 767 884 1123 528 1166
509 522 868 1099 1541 1549 1109 966 961 641 0 1171 514 416 487 1184 356 1030 1506 742 1564 377 1395 617 754 1052 871 443 620 1456 860 902
1084 1039 1642 505 409 670 516 373 368 913 1171 0 1089 1223 1000 591 1257 1147 651 804 686 1322 400 1426 818 1020 1645 1335 1393 766 1208 1675
24 237 1017 1017 1459 1348 1027 884 879 440 514 1089 0 613 286 1102 552 829 1305 541 1363 574 1313 681 553 851 1021 640 791 1254 659 1077
608 575 660 1151 1593 1608 1162 1019 1014 714 416 1223 613 0 586 1237 108 1130 1605 841 1623 174 1448 444 853 1151 664 186 412 1555 960 694
281 387 991 928 1351 1201 939 796 791 189 487 1000 286 586 0 1014 526 682 1158 394 1216 547 1225 654 405 704 994 613 764 1107 512 1201
1097 1052 1655 140 789 619 150 286 273 926 1184 591 1102 1237 1014 0 1270 1115 877 818 634 1336 815 1439 831 988 1658 1348 1407 735 1177 1689
548 608 694 1185 1627 1588 1195 1052 1047 680 356 1257 552 108 526 1270 0 1069 1545 781 1603 93 1481 393 793 1091 697 114 446 1494 899 728
824 931 1534 1030 817 666 1040 1135 1130 698 1030 1147 829 1130 682 1115 1069 0 623 799 682 1091 1163 1198 811 169 1538 1157 1308 573 209 1744
1300 1406 2010 791 321 428 802 915 903 1174 1506 651 1305 1605 1158 877 1545 623 0 945 443 1566 650 1673 958 496 2013 1632 1783 353 685 2220
536 642 1246 732 1136 985 743 600 595 410 742 804 541 841 394 818 781 799 942 0 1000 802 1029 909 109 685 1249 868 1019 892 629 1439
1358 1438 2041 548 356 64 559 672 660 1232 1564 686 1363 1623 1216 634 1603 682 443 1003 0 1625 1021 1732 1016 555 2045 1691 1793 301 743 2075
569 674 751 1250 1692 1609 1261 1118 1113 701 377 1322 574 174 547 1336 93 1091 1566 802 1625 0 1547 415 814 1112 754 180 511 1516 921 793
1308 1263 1866 730 770 1017 740 597 592 1137 1395 400 1313 1448 1225 815 1481 1174 661 1029 1032 1547 0 1650 1042 1047 1869 1559 1618 923 1236 1900
676 777 570 1354 1796 1717 1364 1221 1216 808 617 1426 681 444 654 1439 393 1198 1673 909 1732 415 1650 0 921 1219 574 481 175 1623 1028 620
548 654 1258 746 1149 998 756 613 608 422 754 818 553 853 405 831 793 811 955 109 1014 814 1042 921 0 698 1261 880 1031 905 641 1398
846 952 1556 903 690 539 913 1008 1003 720 1052 1020 851 1151 704 988 1091 169 496 687 555 1112 1036 1219 701 0 1559 1178 1329 446 231 1766
1016 997 44 1573 2015 2029 1583 1440 1435 1135 871 1645 1021 664 994 1658 697 1538 2013 1249 2045 754 1869 574 1261 1559 0 775 557 1963 1368 443
635 686 771 1262 1704 1675 1273 1130 1125 767 443 1335 640 186 613 1348 114 1157 1632 868 1691 180 1559 481 880 1178 775 0 523 1582 986 805
786 745 554 1321 1763 1778 1332 1189 1184 884 620 1393 791 412 764 1407 446 1308 1783 1019 1793 511 1618 175 1031 1329 557 523 0 1733 1138 588
1249 1356 1959 649 437 286 660 773 761 1123 1456 766 1254 1555 1107 735 1494 573 353 894 301 1516 912 1623 908 446 1963 1582 1733 0 634 2169
654 761 1364 1091 879 728 1102 1097 1092 528 860 1208 659 960 512 1177 899 209 685 629 743 921 1225 1028 641 231 1368 986 1138 634 0 1574
1072 1027 440 1603 2045 2060 1614 1471 1466 1166 902 1675 1077 694 1201 1689 728 1744 2220 1439 2075 793 1900 620 1398 1766 443 805 588 2169 1574 0
EOF
