NAME : tsp_problem
TYPE : TSP
DIMENSION : 58
EDGE_WEIGHT_TYPE : EXPLICIT
EDGE_WEIGHT_FORMAT : FULL_MATRIX
EDGE_WEIGHT_SECTION
0 445 975 1457 1659 1732 1879 1733 1434 653 405 1113 828 523 508 1017 152 632 828 1263 343 1659 1645 1071 422 70 405 1757 1802 94 648 1634 703 516 1300 1448 666 1808 125 1881 842 402 352 1436 1628 1442 1731 125 571 1086 347 834 671 1393 368 841 1445 422
445 0 907 1390 1592 1615 1763 1666 1366 536 204 1030 761 636 620 900 417 564 711 1147 142 1592 1578 955 58 422 70 1689 1705 461 580 1567 612 629 1233 1381 599 1691 360 1765 726 201 128 1369 1561 1375 1664 390 461 969 145 717 554 1276 564 724 1378 86
975 907 0 858 1060 1147 1295 1133 834 531 895 405 494 1162 1147 432 944 554 256 795 833 1059 1046 465 909 949 894 1157 1203 1030 570 1034 626 1155 700 849 589 1223 966 1296 516 891 841 837 1029 843 1132 917 754 403 836 249 553 808 1169 514 845 881
1457 1390 858 0 697 609 755 771 93 1174 1476 727 976 1645 1629 766 1426 1037 948 1247 1414 340 327 787 1391 1431 1392 795 483 1513 1053 672 1108 1638 192 66 1071 609 1543 757 1046 1473 1401 54 309 60 770 1399 1236 724 1417 941 1155 942 1753 1044 63 1363
1659 1592 1060 697 0 478 414 104 674 1376 1678 929 1178 1847 1832 968 1628 1239 1150 1164 1616 657 627 989 1593 1633 1594 128 443 1715 1255 77 1310 1840 540 688 1273 405 1745 416 1248 1675 1603 677 626 683 103 1601 1439 926 1620 1143 1357 859 1955 1246 685 1565
1732 1615 1147 609 478 0 166 462 586 1212 1576 1026 1277 2116 2100 866 1845 1359 1041 705 1514 371 341 952 1592 1763 1575 491 157 1748 1416 525 1349 2109 663 601 1384 143 1647 168 1197 1573 1522 589 340 595 512 1818 1460 966 1517 1035 1235 400 1851 1196 597 1620
1879 1763 1295 755 414 166 0 397 732 1360 1724 1174 1425 2230 2215 1013 1993 1507 1189 853 1662 517 487 1100 1740 1911 1723 427 303 1896 1564 460 1496 2223 809 746 1532 166 1795 27 1345 1720 1670 735 486 740 448 1965 1608 1114 1665 1182 1382 547 1998 1343 743 1768
1733 1666 1133 771 104 462 397 0 748 1450 1752 1003 1252 1921 1905 1042 1702 1313 1224 1147 1690 640 610 1063 1667 1707 1668 41 426 1789 1328 151 1384 1914 614 762 1347 388 1819 399 1322 1749 1677 750 609 756 74 1675 1512 1000 1693 1217 1431 842 2029 1320 759 1639
1434 1366 834 93 674 586 732 748 0 1151 1453 703 952 1621 1606 742 1403 1013 924 1224 1391 317 303 763 1368 1408 1369 771 460 1489 1029 649 1085 1614 169 84 1048 586 1520 733 1022 1450 1377 72 286 78 746 1376 1213 701 1394 918 1131 919 1729 1020 81 1340
653 536 531 1174 1376 1212 1360 1450 1151 0 497 626 402 952 937 497 733 171 308 860 435 1376 1362 552 513 684 496 1474 1302 669 229 1351 161 945 1017 1165 197 1288 568 1361 323 494 443 1153 1345 1159 1448 706 283 566 438 314 42 873 771 321 1162 541
405 204 895 1476 1678 1576 1724 1752 1453 497 0 990 766 722 707 861 504 583 672 1108 76 1678 1664 916 181 437 164 1776 1666 422 640 1653 572 715 1319 1467 608 1652 321 1725 687 82 111 1456 1647 1462 1751 476 422 930 84 678 515 1237 524 685 1464 209
1113 1030 405 727 929 1024 1171 1003 703 626 990 0 632 1301 1286 174 1083 693 456 891 928 929 915 195 1007 1088 990 1026 1072 1163 709 904 763 1294 570 718 728 1100 1062 1173 612 987 937 706 898 712 1001 1055 875 133 932 449 649 880 1265 610 715 1020
828 761 494 976 1178 1277 1425 1252 952 402 766 632 0 1016 1000 562 797 408 373 925 704 1178 1164 617 762 802 763 1275 1321 884 424 1153 479 1009 819 967 442 1353 838 1426 211 763 713 955 1147 961 1250 770 608 630 707 379 425 938 1041 209 964 734
523 636 1162 1645 1847 2116 2230 1921 1621 952 722 1301 1016 0 97 1340 492 819 1221 1656 660 1846 1833 1361 637 497 638 1944 1990 578 835 1822 891 55 1487 1636 854 2115 557 2232 1085 719 646 1624 1816 1630 1919 465 759 1298 663 1227 936 1786 303 1084 1632 609
508 620 1147 1629 1832 2100 2215 1905 1606 937 707 1286 1000 97 0 1325 477 804 1206 1641 645 1831 1818 1346 622 482 623 1929 1974 563 820 1806 876 68 1472 1621 839 2100 542 2217 1070 704 631 1609 1800 1615 1904 450 744 1283 648 1212 921 1770 287 1069 1617 594
1017 900 432 766 968 863 1011 1042 742 497 861 174 562 1340 1325 0 1122 644 326 762 799 968 954 100 878 1048 861 1065 953 1033 701 943 634 1333 609 757 670 939 932 1012 483 858 808 745 937 751 1040 1094 746 114 802 320 520 720 1136 481 754 905
152 417 944 1426 1628 1845 1993 1702 1403 733 504 1083 797 492 477 1122 0 601 941 1377 442 1628 1614 1143 418 126 419 1726 1771 208 617 1603 672 485 1269 1417 636 1897 238 1994 867 501 428 1406 1597 1412 1701 53 540 1080 445 947 718 1506 481 865 1414 391
632 564 554 1037 1239 1359 1507 1313 1013 171 583 693 408 819 804 644 601 0 455 1007 521 1238 1225 699 566 606 567 1336 1382 687 91 1214 106 812 879 1028 81 1435 654 1508 470 579 529 1016 1208 1022 1311 574 335 690 524 461 152 1020 857 468 1024 538
828 711 256 948 1150 1041 1189 1224 924 308 672 456 373 1221 1206 326 941 455 0 690 610 1150 1136 381 689 859 672 1247 1131 844 512 1125 445 1214 791 939 481 1117 743 1191 294 669 619 927 1119 933 1222 914 557 395 613 59 331 702 947 292 936 716
1263 1147 795 1247 1164 705 853 1147 1224 860 1108 891 925 1656 1641 762 1377 1007 690 0 1046 1009 979 817 1124 1295 1107 1177 795 1280 1065 1210 997 1649 1292 1239 1033 781 1179 854 846 1104 1054 1227 978 1233 1198 1349 1109 831 1049 683 883 366 1382 844 1235 1152
343 142 833 1414 1616 1514 1662 1690 1391 435 76 928 704 660 645 799 442 521 610 1046 0 1616 1602 854 119 375 102 1714 1604 360 578 1591 510 653 1257 1405 546 1590 259 1663 625 73 49 1394 1585 1400 1689 414 360 868 44 616 453 1175 462 623 1402 147
1659 1592 1059 340 657 371 517 640 317 1376 1678 929 1178 1846 1831 968 1628 1238 1150 1009 1616 0 88 988 1593 1633 1594 670 245 1714 1254 703 1310 1840 394 332 1273 371 1745 519 1248 1675 1602 320 52 326 691 1601 1438 926 1619 1143 1356 704 1955 1246 328 1565
1645 1578 1046 327 627 341 487 610 303 1362 1664 915 1164 1833 1818 954 1614 1225 1136 979 1602 88 0 975 1579 1619 1580 640 215 1701 1241 673 1296 1826 380 318 1259 341 1731 489 1234 1661 1589 306 58 312 661 1587 1425 912 1606 1129 1343 674 1941 1232 314 1552
1071 955 465 787 989 949 1097 1063 763 552 916 195 617 1361 1346 100 1143 699 381 817 854 988 975 0 932 1103 915 1086 1039 1088 756 964 688 1354 629 778 724 1025 987 1098 537 913 862 766 958 772 1061 1115 800 135 857 374 574 806 1190 535 774 960
422 58 909 1391 1593 1592 1740 1667 1368 513 181 1007 762 637 622 878 418 566 689 1124 119 1593 1579 932 0 423 47 1691 1683 438 582 1568 589 630 1234 1382 600 1668 337 1742 703 178 106 1370 1562 1376 1665 391 438 946 122 695 531 1253 541 701 1379 63
70 422 949 1431 1633 1763 1911 1707 1408 684 437 1088 802 497 482 1048 126 606 859 1295 375 1633 1619 1103 423 0 424 1731 1776 126 622 1608 677 490 1274 1422 640 1839 156 1912 872 434 383 1410 1602 1416 1706 99 545 1085 378 865 702 1424 399 870 1419 396
405 70 894 1392 1594 1575 1723 1668 1369 496 164 990 763 638 623 861 419 567 672 1107 102 1594 1580 915 47 424 0 1692 1666 421 583 1569 572 631 1235 1383 601 1651 320 1725 686 161 89 1371 1563 1377 1666 392 422 929 105 678 514 1236 524 684 1380 75
1757 1689 1157 795 128 491 427 41 771 1474 1776 1026 1275 1944 1929 1065 1726 1336 1247 1177 1714 670 640 1086 1691 1731 1692 0 455 1812 1352 174 1408 1937 638 786 1371 418 1843 428 1345 1773 1700 774 639 780 45 1699 1536 1024 1717 1241 1454 871 2052 1344 783 1663
1802 1705 1203 483 443 157 303 426 460 1302 1666 1072 1321 1990 1974 956 1771 1382 1131 795 1604 245 215 1042 1683 1776 1666 455 0 1838 1398 489 1439 1983 537 475 1416 157 1737 304 1288 1663 1613 463 214 469 476 1744 1551 1056 1607 1125 1325 490 1941 1286 471 1708
94 461 1030 1513 1715 1748 1896 1789 1489 669 422 1163 884 578 563 1033 208 687 844 1280 360 1714 1701 1088 438 126 421 1812 1838 0 703 1690 745 572 1355 1504 722 1824 142 1898 859 419 368 1492 1684 1498 1787 180 594 1102 363 850 687 1409 384 857 1500 466
648 580 570 1053 1255 1416 1564 1328 1029 229 640 709 424 835 820 701 617 91 512 1065 578 1254 1241 756 582 622 583 1352 1398 703 0 1229 163 828 895 1044 126 1492 711 1566 493 637 587 1032 1224 1038 1327 589 392 706 581 518 209 1077 915 492 1040 554
1634 1567 1034 672 77 525 460 151 649 1351 1653 904 1153 1822 1806 943 1603 1214 1125 1210 1591 703 673 964 1568 1608 1569 174 489 1690 1229 0 1285 1815 515 663 1248 451 1720 462 1223 1650 1577 651 672 657 149 1576 1413 901 1594 1118 1332 905 1930 1221 660 1540
703 612 626 1108 1310 1349 1496 1384 1085 161 572 763 479 891 876 634 672 106 445 997 510 1310 1296 688 589 677 572 1408 1439 745 163 1285 0 884 951 1099 62 1425 644 1498 459 569 519 1087 1279 1093 1383 645 325 703 514 451 142 1010 847 458 1096 610
516 629 1155 1638 1840 2109 2223 1914 1614 945 715 1294 1009 55 68 1333 485 812 1214 1649 653 1840 1826 1354 630 490 631 1937 1983 572 828 1815 884 0 1480 1629 847 2108 550 2225 1078 712 639 1617 1809 1623 1912 458 752 1291 656 1220 929 1779 296 1077 1625 602
1300 1233 700 192 540 663 809 614 169 1017 1319 570 819 1487 1472 609 1269 879 791 1289 1257 394 380 629 1234 1274 1235 638 537 1355 895 515 951 1480 0 183 914 663 1386 811 888 1316 1243 172 363 177 612 1242 1079 567 1260 784 997 996 1595 887 180 1206
1448 1381 849 66 688 601 746 762 84 1165 1467 718 967 1636 1621 757 1417 1028 939 1239 1405 332 318 778 1382 1422 1383 786 475 1504 1044 663 1099 1629 183 0 1062 600 1534 748 1037 1464 1392 45 301 51 761 1390 1228 715 1409 932 1146 933 1744 1035 54 1355
666 599 589 1071 1273 1384 1532 1347 1048 197 608 728 442 854 839 670 636 81 481 1033 546 1273 1259 724 600 640 601 1371 1416 722 126 1248 62 847 914 1062 0 1460 679 1534 495 605 555 1051 1242 1057 1346 608 361 725 549 487 178 1045 883 493 1059 573
1808 1691 1223 609 405 143 166 388 586 1288 1652 1102 1353 2115 2100 942 1897 1435 1117 781 1590 371 341 1028 1668 1839 1651 418 157 1824 1492 451 1425 2108 663 600 1460 0 1723 168 1273 1649 1598 588 340 594 439 1870 1536 1042 1593 1110 1310 476 1926 1272 597 1696
125 360 966 1543 1745 1647 1795 1819 1520 568 321 1062 838 557 542 932 238 654 743 1179 259 1745 1731 987 337 156 320 1843 1737 142 711 1720 644 550 1386 1534 679 1723 0 1797 758 318 267 1523 1714 1529 1818 211 493 1001 262 749 586 1308 283 756 1531 365
1881 1765 1296 757 416 168 27 399 733 1361 1725 1176 1426 2232 2217 1015 1994 1508 1191 854 1663 519 489 1101 1742 1912 1725 428 304 1898 1566 462 1498 2225 811 748 1534 168 1797 0 1347 1722 1672 736 488 742 449 1967 1610 1115 1667 1184 1384 549 2000 1345 745 1769
842 726 516 1046 1248 1197 1345 1322 1022 323 687 612 211 1085 1070 483 867 470 294 846 625 1248 1234 537 703 872 686 1345 1288 859 493 1223 459 1078 888 1037 495 1273 758 1347 0 684 633 1025 1217 1031 1320 840 571 551 628 300 345 858 961 23 1033 731
402 201 891 1473 1675 1573 1720 1749 1450 494 82 987 763 719 704 858 501 579 669 1104 73 1675 1661 913 178 434 161 1773 1663 419 637 1650 569 712 1316 1464 605 1649 318 1722 684 0 108 1452 1644 1458 1748 473 419 927 81 675 512 1234 521 682 1461 206
352 128 841 1401 1603 1522 1670 1677 1377 443 111 937 713 646 631 808 428 529 619 1054 49 1602 1589 862 106 383 89 1700 1613 368 587 1577 519 639 1243 1392 555 1598 267 1672 633 108 0 1380 1572 1386 1675 401 368 876 52 625 461 1183 471 631 1388 133
1436 1369 837 54 677 589 735 750 72 1153 1456 706 955 1624 1609 745 1406 1016 927 1227 1394 320 306 766 1370 1410 1371 774 463 1492 1032 651 1087 1617 172 45 1051 588 1523 736 1025 1452 1380 0 289 39 749 1378 1216 703 1397 920 1134 921 1732 1023 42 1343
1628 1561 1029 309 626 340 486 609 286 1345 1647 898 1147 1816 1800 937 1597 1208 1119 978 1585 52 58 958 1562 1602 1563 639 214 1684 1224 672 1279 1809 363 301 1242 340 1714 488 1217 1644 1572 289 0 295 660 1570 1408 895 1589 1112 1326 673 1924 1215 297 1534
1442 1375 843 60 683 595 740 756 78 1159 1462 712 961 1630 1615 751 1412 1022 933 1233 1400 326 312 772 1376 1416 1377 780 469 1498 1038 657 1093 1623 177 51 1057 594 1529 742 1031 1458 1386 39 295 0 755 1384 1222 709 1403 926 1140 927 1738 1029 48 1349
1731 1664 1132 770 103 512 448 74 746 1448 1751 1001 1250 1919 1904 1040 1701 1311 1222 1198 1689 691 661 1061 1665 1706 1666 45 476 1787 1327 149 1383 1912 612 761 1346 439 1818 449 1320 1748 1675 749 660 755 0 1673 1511 999 1692 1216 1429 893 2027 1318 757 1638
125 390 917 1399 1601 1818 1965 1675 1376 706 476 1055 770 465 450 1094 53 574 914 1349 414 1601 1587 1115 391 99 392 1699 1744 180 589 1576 645 458 1242 1390 608 1870 211 1967 840 473 401 1378 1570 1384 1673 0 513 1053 418 920 690 1479 453 838 1387 364
571 461 754 1236 1439 1460 1608 1512 1213 283 422 875 608 759 744 746 540 335 557 1109 360 1438 1425 800 438 545 422 1536 1551 594 392 1413 325 752 1079 1228 361 1536 493 1610 571 419 368 1216 1408 1222 1511 513 0 814 363 563 267 1121 697 569 1224 466
1086 969 403 724 926 963 1111 1000 701 566 930 133 630 1298 1283 114 1080 690 395 831 868 926 912 135 946 1085 929 1024 1053 1102 706 901 703 1291 567 715 725 1039 1001 1113 551 927 876 703 895 709 999 1053 814 0 871 389 589 820 1205 550 712 974
347 145 836 1417 1620 1517 1665 1693 1394 438 84 932 707 663 648 802 445 524 613 1049 44 1619 1606 857 122 378 105 1717 1607 363 581 1594 514 656 1260 1409 549 1593 262 1667 628 81 52 1397 1589 1403 1692 418 363 871 0 619 456 1178 465 626 1405 150
834 717 249 941 1143 1035 1182 1217 918 314 678 449 379 1227 1212 320 947 461 59 683 616 1143 1129 374 695 865 678 1241 1125 850 518 1118 451 1220 784 932 487 1110 749 1184 300 675 625 920 1112 926 1216 920 563 389 619 0 337 696 953 298 929 722
671 554 553 1155 1357 1235 1382 1431 1131 42 515 649 425 936 921 520 718 152 331 883 453 1356 1343 574 531 702 514 1454 1325 687 209 1332 142 929 997 1146 178 1310 586 1384 345 512 461 1134 1326 1140 1429 690 267 589 456 337 0 896 790 344 1142 559
1393 1276 808 942 859 400 547 842 919 873 1237 883 938 1786 1770 722 1506 1020 702 366 1175 704 674 808 1253 1424 1236 871 490 1409 1077 905 1010 1779 996 933 1045 476 1308 549 858 1234 1183 921 673 927 893 1479 1121 823 1178 696 896 0 1512 857 930 1281
368 564 1169 1753 1955 1851 1998 2029 1729 771 524 1265 1041 303 287 1136 481 857 947 1382 462 1955 1941 1190 541 399 524 2052 1941 384 915 1930 847 296 1595 1744 883 1926 283 2000 961 521 471 1732 1924 1738 2027 453 697 1205 465 953 790 1512 0 960 1740 568
841 724 514 1044 1246 1196 1343 1320 1020 321 685 610 209 1084 1069 481 865 468 292 844 623 1246 1232 535 701 870 684 1344 1286 857 492 1221 458 1077 887 1035 493 1272 756 1345 23 682 631 1023 1215 1029 1318 838 569 550 626 298 344 857 960 0 1032 729
1445 1378 845 63 685 597 743 759 81 1162 1464 715 964 1632 1617 754 1414 1024 936 1235 1402 328 314 774 1379 1419 1380 783 471 1500 1040 660 1096 1625 180 54 1059 597 1531 745 1033 1461 1388 42 297 48 757 1387 1224 712 1405 929 1142 930 1740 1032 0 1351
422 86 881 1363 1565 1620 1768 1639 1340 541 209 1020 734 609 594 905 391 538 716 1152 147 1565 1552 960 63 396 75 1663 1708 466 554 1540 610 602 1206 1355 573 1696 365 1769 731 206 133 1343 1534 1349 1638 364 466 974 150 722 559 1281 568 729 1351 0
EOF