NAME : tsp_problem
TYPE : TSP
DIMENSION : 50
EDGE_WEIGHT_TYPE : EXPLICIT
EDGE_WEIGHT_FORMAT : FULL_MATRIX
EDGE_WEIGHT_SECTION
0 1309 768 1415 1608 1552 1554 557 1502 698 696 1562 782 1481 563 210 1079 740 397 707 559 546 796 441 1519 763 334 1078 1495 562 1285 1456 1002 1554 585 724 714 572 1118 1532 1587 459 543 672 568 1488 1495 1524 1251 652
1309 0 1648 668 860 663 567 974 755 907 1640 815 1662 734 1076 1381 272 799 1489 916 1006 1059 1676 1416 606 1643 1156 1021 827 1442 40 709 1179 641 946 1604 1594 1020 225 719 600 1399 1056 881 1081 740 391 635 74 1655
768 1648 0 1755 1947 2107 2011 1197 1842 1149 427 1902 72 1821 1053 760 1419 1311 673 1158 984 1037 56 600 2049 55 876 1718 2135 446 1624 1796 1642 2085 1188 391 381 997 1458 2163 2044 582 1034 1123 1058 1827 1835 2079 1591 442
1415 668 1755 0 566 438 438 1081 110 1013 1746 520 1769 88 1182 1487 439 905 1596 1023 1113 1166 1783 1523 469 1749 1262 958 558 1549 644 63 1117 434 1052 1710 1700 1126 478 455 402 1506 1163 988 1187 95 655 466 611 1761
1608 860 1947 566 0 845 946 1273 653 1206 1939 104 1961 632 1375 1679 631 1098 1788 1215 1305 1358 1975 1715 901 1941 1455 1131 750 1741 836 607 1290 866 1245 1903 1893 1319 670 789 910 1698 1355 1180 1380 638 1047 873 803 1953
1552 663 2107 438 834 0 186 1131 440 1168 1952 789 2120 459 1291 1466 730 962 1653 1177 1287 1275 2135 1697 151 2101 1460 542 235 1900 639 434 700 135 1055 1987 1977 1300 683 131 179 1714 1272 1142 1296 425 336 143 605 1908
1554 567 2011 438 935 186 0 1133 439 1169 1954 890 2025 459 1293 1468 635 964 1654 1179 1288 1276 2039 1699 128 2005 1462 543 336 1805 543 434 702 164 1056 1966 1956 1302 588 232 123 1716 1273 1144 1298 424 240 158 510 1910
557 974 1197 1081 1273 1131 1133 0 1168 173 957 1228 1211 1147 297 471 745 320 658 183 292 280 1225 702 1098 1192 465 657 1074 930 950 1122 582 1134 109 992 982 305 784 1111 1166 720 277 148 301 1153 1161 1104 917 913
1502 755 1842 110 653 440 439 1168 0 1101 1834 608 1856 130 1270 1574 526 993 1683 1110 1200 1253 1870 1610 470 1836 1350 960 560 1636 731 106 1118 435 1140 1797 1787 1214 565 456 403 1593 1250 1075 1274 39 656 468 698 1848
698 907 1149 1013 1206 1168 1169 173 1101 0 1098 1161 1163 1079 437 612 678 356 798 71 433 421 1177 843 1135 1143 606 693 1110 943 883 1054 618 1170 145 1104 1094 446 717 1148 1203 860 418 57 442 1086 1093 1140 849 1054
696 1640 427 1746 1939 1952 1954 957 1834 1098 0 1894 441 1812 963 520 1411 1140 509 1107 959 947 455 553 1919 421 866 1478 1895 437 1616 1787 1402 1954 985 120 110 972 1449 1932 1987 571 944 1072 968 1819 1826 1924 1582 100
1562 815 1902 520 104 800 901 1228 608 1161 1894 0 1916 586 1330 1634 586 1053 1743 1170 1260 1313 1930 1670 855 1896 1409 1086 705 1696 791 562 1245 821 1200 1857 1847 1273 625 744 865 1653 1310 1135 1334 593 1002 828 758 1908
782 1662 72 1769 1961 2120 2025 1211 1856 1163 441 1916 0 1835 1067 774 1433 1324 686 1172 998 1050 35 613 2063 75 890 1731 2148 459 1638 1810 1656 2098 1202 405 395 1011 1472 2177 2058 596 1047 1137 1072 1841 1848 2093 1605 456
1481 734 1821 88 632 459 459 1147 130 1079 1812 586 1835 0 1248 1553 505 971 1662 1089 1179 1232 1849 1589 490 1815 1328 979 579 1615 710 39 1138 455 1118 1776 1766 1192 544 475 423 1572 1229 1054 1253 116 676 487 677 1827
563 1076 1053 1182 1375 1291 1293 297 1270 437 963 1330 1067 1248 0 477 847 480 664 446 121 39 1081 708 1258 1047 471 817 1234 847 1052 1224 742 1294 324 998 988 135 886 1271 1326 726 42 411 24 1255 1262 1264 1019 919
210 1381 760 1487 1679 1466 1468 471 1574 612 520 1634 774 1553 477 0 1151 654 221 621 473 461 788 265 1433 754 380 992 1409 493 1357 1528 916 1468 499 555 545 486 1190 1446 1501 283 458 586 482 1559 1567 1438 1323 476
1079 272 1419 439 631 730 635 745 526 678 1411 586 1433 505 847 1151 0 570 1260 687 777 830 1447 1187 673 1413 927 1029 894 1213 248 480 1149 708 717 1375 1364 791 82 787 668 1170 827 652 852 511 458 703 215 1425
740 799 1311 905 1098 960 961 320 993 356 1140 1053 1324 971 480 654 570 0 841 365 475 463 1339 885 927 1305 648 736 902 1105 775 947 660 962 243 1175 1165 488 609 940 995 903 460 330 484 978 985 932 741 1096
397 1489 673 1596 1788 1653 1654 658 1683 798 509 1743 686 1662 664 221 1260 841 0 808 659 647 701 169 1620 667 567 1178 1595 467 1465 1637 1103 1655 686 544 534 673 1299 1633 1687 187 644 773 669 1668 1676 1625 1432 465
707 916 1158 1023 1215 1177 1179 183 1110 71 1107 1170 1172 1089 446 621 687 365 808 0 442 430 1187 852 1144 1153 615 703 1120 952 892 1064 627 1179 154 1114 1104 455 726 1157 1212 870 427 67 451 1095 1102 1149 859 1063
559 1006 984 1113 1305 1287 1288 292 1200 433 959 1260 998 1179 121 473 777 475 659 442 0 105 1012 704 1254 978 467 812 1229 778 983 1154 737 1289 320 939 929 44 816 1267 1322 721 102 407 126 1185 1193 1259 949 915
546 1059 1037 1166 1358 1275 1276 280 1253 421 947 1313 1050 1232 39 461 830 463 647 430 105 0 1065 691 1242 1031 454 800 1217 830 1035 1207 725 1277 308 982 972 118 869 1255 1310 709 62 395 44 1238 1246 1247 1002 902
796 1676 56 1783 1975 2135 2039 1225 1870 1177 455 1930 35 1849 1081 788 1447 1339 701 1187 1012 1065 0 628 2077 59 904 1746 2163 474 1653 1824 1670 2113 1216 419 409 1025 1486 2191 2072 611 1062 1151 1086 1855 1863 2107 1619 470
441 1416 600 1523 1715 1697 1699 702 1610 843 553 1670 613 1589 708 265 1187 885 169 852 704 691 628 0 1664 594 611 1223 1640 393 1392 1564 1147 1699 730 555 545 717 1226 1677 1732 68 688 817 713 1595 1603 1669 1359 509
1519 606 2049 469 889 151 128 1098 470 1135 1919 844 2063 490 1258 1433 673 929 1620 1144 1254 1242 2077 1664 0 2043 1427 509 290 1843 582 465 667 129 1022 1954 1944 1267 626 186 162 1681 1239 1109 1263 455 278 123 548 1875
763 1643 55 1749 1941 2101 2005 1192 1836 1143 421 1896 75 1815 1047 754 1413 1305 667 1153 978 1031 59 594 2043 0 870 1712 2129 440 1619 1790 1636 2079 1182 385 375 991 1452 2157 2038 577 1028 1118 1052 1821 1829 2073 1585 436
334 1156 876 1262 1455 1460 1462 465 1350 606 866 1409 890 1328 471 380 927 648 567 615 467 454 904 611 1427 870 0 986 1403 670 1132 1303 910 1462 493 831 821 480 965 1440 1495 627 451 580 476 1335 1342 1432 1098 822
1078 1021 1718 958 1120 542 543 657 960 693 1478 1075 1731 979 817 992 1029 736 1178 703 812 800 1746 1223 509 1712 986 0 484 1450 997 954 226 544 580 1513 1503 826 1041 522 577 1240 797 668 822 945 693 514 963 1434
1495 827 2135 558 739 235 336 1074 560 1110 1895 694 2148 579 1234 1409 894 905 1595 1120 1229 1217 2163 1640 290 2129 1403 484 0 1867 803 554 643 255 997 1930 1920 1243 848 178 299 1657 1214 1085 1239 545 500 263 770 1851
562 1442 446 1549 1741 1900 1805 930 1636 943 437 1696 459 1615 847 493 1213 1105 467 952 778 830 474 393 1843 440 670 1450 1867 0 1418 1590 1375 1879 958 401 391 791 1252 1905 1838 376 828 917 852 1621 1629 1873 1385 424
1285 40 1624 644 836 639 543 950 731 883 1616 791 1638 710 1052 1357 248 775 1465 892 983 1035 1653 1392 582 1619 1132 997 803 1418 0 685 1155 617 922 1580 1570 996 201 695 577 1375 1032 857 1057 716 367 611 60 1631
1456 709 1796 63 607 434 434 1122 106 1054 1787 562 1810 39 1224 1528 480 947 1637 1064 1154 1207 1824 1564 465 1790 1303 954 554 1590 685 0 1113 430 1094 1751 1741 1167 519 451 398 1547 1204 1029 1228 91 651 462 652 1802
1002 1179 1642 1117 1279 700 702 582 1118 618 1402 1234 1656 1138 742 916 1152 660 1103 627 737 725 1670 1147 667 1636 910 226 643 1375 1155 1113 0 702 505 1437 1427 750 1191 680 735 1165 722 592 746 1103 852 672 1122 1358
1554 641 2085 434 854 135 164 1134 435 1170 1954 809 2098 455 1294 1468 708 965 1655 1179 1289 1277 2113 1699 129 2079 1462 544 255 1879 617 430 702 0 1057 1989 1979 1302 662 151 175 1717 1274 1144 1298 421 314 159 584 1910
585 946 1188 1052 1245 1055 1056 109 1140 145 985 1200 1202 1118 324 499 717 243 686 154 320 308 1216 730 1022 1182 493 580 997 958 922 1094 505 1057 0 1020 1010 333 756 1035 1090 747 305 119 329 1125 1132 1027 888 941
724 1604 391 1710 1903 1987 1966 992 1797 1104 120 1857 405 1776 998 555 1375 1175 544 1114 939 982 419 555 1954 385 831 1513 1930 401 1580 1751 1437 1989 1020 0 61 952 1413 1967 2000 538 979 1079 1003 1783 1790 1959 1546 135
714 1594 381 1700 1893 1977 1956 982 1787 1094 110 1847 395 1766 988 545 1364 1165 534 1104 929 972 409 545 1944 375 821 1503 1920 391 1570 1741 1427 1979 1010 61 0 942 1403 1957 1989 528 969 1069 993 1773 1780 1949 1536 125
572 1020 997 1126 1319 1300 1302 305 1214 446 972 1273 1011 1192 135 486 791 488 673 455 44 118 1025 717 1267 991 480 826 1243 791 996 1167 750 1302 333 952 942 0 829 1280 1335 734 115 420 139 1199 1206 1272 962 928
1118 225 1458 478 670 683 588 784 565 717 1449 625 1472 544 886 1190 82 609 1299 726 816 869 1486 1226 626 1452 965 1041 848 1252 201 519 1188 662 756 1413 1403 829 0 740 621 1209 866 691 890 550 412 656 168 1464
1532 719 2163 455 777 131 232 1111 456 1148 1932 732 2177 475 1271 1446 787 943 1633 1157 1267 1255 2191 1677 186 2157 1440 522 178 1905 695 451 680 151 1035 1967 1957 1280 740 0 196 1695 1252 1122 1276 441 392 159 662 1888
1587 600 2044 402 899 179 123 1166 403 1203 1987 854 2058 423 1326 1501 668 997 1687 1212 1322 1310 2072 1732 162 2038 1495 577 299 1838 577 398 735 175 1090 2000 1989 1335 621 196 0 1749 1307 1177 1331 388 273 191 543 1943
459 1399 582 1506 1698 1714 1716 720 1593 860 571 1653 596 1572 726 283 1170 903 187 870 721 709 611 68 1681 577 627 1240 1657 376 1375 1547 1165 1717 747 538 528 734 1209 1695 1749 0 706 835 731 1578 1585 1687 1342 527
543 1056 1034 1163 1355 1272 1273 277 1250 418 944 1310 1047 1229 42 458 827 460 644 427 102 62 1062 688 1239 1028 451 797 1214 828 1032 1204 722 1274 305 979 969 115 866 1252 1307 706 0 392 47 1235 1243 1244 999 899
672 881 1123 988 1180 1142 1144 148 1075 57 1072 1135 1137 1054 411 586 652 330 773 67 407 395 1151 817 1109 1118 580 668 1085 917 857 1029 592 1144 119 1079 1069 420 691 1122 1177 835 392 0 416 1060 1067 1114 824 1028
568 1081 1058 1187 1380 1296 1298 301 1274 442 968 1334 1072 1253 24 482 852 484 669 451 126 44 1086 713 1263 1052 476 822 1239 852 1057 1228 746 1298 329 1003 993 139 890 1276 1331 731 47 416 0 1260 1267 1268 1023 924
1488 740 1827 95 638 425 424 1153 39 1086 1819 593 1841 116 1255 1559 511 978 1668 1095 1185 1238 1855 1595 455 1821 1335 945 545 1621 716 91 1103 421 1125 1783 1773 1199 550 441 388 1578 1235 1060 1260 0 641 453 683 1833
1495 391 1835 655 1047 336 240 1161 656 1093 1826 1002 1848 676 1262 1567 458 985 1676 1102 1193 1246 1863 1603 278 1829 1342 693 500 1629 367 651 852 314 1132 1790 1780 1206 412 392 273 1585 1243 1067 1267 641 0 308 334 1841
1524 635 2079 466 862 143 158 1104 468 1140 1924 817 2093 487 1264 1438 703 935 1625 1149 1259 1247 2107 1669 123 2073 1432 514 263 1873 611 462 672 159 1027 1959 1949 1272 656 159 191 1687 1244 1114 1268 453 308 0 578 1880
1251 74 1591 611 803 605 510 917 698 849 1582 758 1605 677 1019 1323 215 741 1432 859 949 1002 1619 1359 548 1585 1098 963 770 1385 60 652 1122 584 888 1546 1536 962 168 662 543 1342 999 824 1023 683 334 578 0 1597
652 1655 442 1761 1953 1908 1910 913 1848 1054 100 1908 456 1827 919 476 1425 1096 465 1063 915 902 470 509 1875 436 822 1434 1851 424 1631 1802 1358 1910 941 135 125 928 1464 1888 1943 527 899 1028 924 1833 1841 1880 1597 0
EOF