NAME : tsp_problem
TYPE : TSP
DIMENSION : 30
EDGE_WEIGHT_TYPE : EXPLICIT
EDGE_WEIGHT_FORMAT : FULL_MATRIX
EDGE_WEIGHT_SECTION
0 481 543 946 103 1911 1565 534 433 763 1402 1762 511 826 1953 79 765 1844 1209 961 804 1773 959 949 1929 1897 508 1463 357 1662
481 0 76 590 526 1556 1414 67 612 556 1251 1611 44 525 1598 502 410 1693 854 645 517 1622 604 594 1778 1542 152 1108 602 1511
543 76 0 652 588 1618 1476 76 674 618 1313 1673 53 587 1660 564 472 1755 916 707 579 1684 666 656 1840 1604 214 1170 664 1573
946 590 652 0 947 1205 1011 644 1076 467 848 1208 620 440 1247 967 384 1290 503 117 432 1219 253 124 1375 1191 617 757 993 1108
103 526 588 947 0 1956 1541 579 479 739 1377 1738 556 801 1999 108 748 1820 1254 937 780 1749 1005 995 1904 1942 553 1508 333 1637
1911 1556 1618 1205 1956 0 651 1609 2042 1436 744 502 1586 1405 103 1932 1349 362 994 1259 1397 473 1089 1115 287 137 1582 524 2099 540
1565 1414 1476 1011 1541 651 0 1467 1735 1060 231 692 1444 1122 693 1570 1175 774 786 1001 1101 703 953 1051 746 637 1518 1025 1586 592
534 67 76 644 579 1609 1467 0 665 609 1304 1664 44 578 1651 555 463 1747 907 698 570 1676 657 647 1831 1595 206 1161 655 1564
433 612 674 1076 479 2042 1735 665 0 933 1571 1932 642 995 2084 454 896 2014 1340 1131 974 1943 1090 1080 2098 2028 638 1594 227 1831
763 556 618 467 739 1436 1060 609 933 0 897 1257 586 155 1478 769 208 1339 734 456 135 1268 484 474 1424 1422 583 988 785 1157
1402 1251 1313 848 1377 744 231 1304 1571 897 0 529 1281 959 787 1407 1011 611 623 837 937 540 790 887 695 730 1355 1099 1423 428
1762 1611 1673 1208 1738 502 692 1664 1932 1257 529 0 1641 1320 460 1768 1372 174 984 1198 1298 103 1150 1248 258 516 1716 1008 1784 130
511 44 53 620 556 1586 1444 44 642 586 1281 1641 0 555 1628 532 440 1723 884 675 547 1652 634 624 1808 1572 182 1138 632 1541
826 525 587 440 801 1405 1122 578 995 155 959 1320 555 0 1447 831 177 1402 703 494 48 1331 453 443 1486 1391 552 957 847 1219
1953 1598 1660 1247 1999 103 693 1651 2084 1478 787 460 1628 1447 0 1974 1391 320 1036 1301 1439 430 1131 1157 244 117 1625 566 2142 498
79 502 564 967 108 1932 1570 555 454 769 1407 1768 532 831 1974 0 778 1850 1230 967 810 1779 980 970 1934 1918 529 1484 362 1667
765 410 472 384 748 1349 1175 463 896 208 1011 1372 440 177 1391 778 0 1454 647 438 169 1383 397 388 1538 1335 436 901 794 1272
1844 1693 1755 1290 1820 362 774 1747 2014 1339 611 174 1723 1402 320 1850 1454 0 1066 1280 1380 144 1232 1330 118 376 1798 868 1866 212
1209 854 916 503 1254 991 786 907 1340 734 623 984 884 703 1033 1230 647 1066 0 557 695 995 387 413 1150 977 880 762 1303 883
961 645 707 117 937 1259 1001 698 1131 456 837 1198 675 494 1301 967 438 1280 557 0 486 1209 307 178 1364 1245 671 811 983 1097
804 517 579 432 780 1397 1101 570 974 135 937 1298 547 48 1439 810 169 1380 695 486 0 1309 445 435 1465 1383 544 949 826 1198
1773 1622 1684 1219 1749 473 703 1676 1943 1268 540 103 1652 1331 430 1779 1383 144 995 1209 1309 0 1161 1259 229 487 1727 978 1795 141
959 604 666 253 1005 1089 953 657 1090 484 790 1150 634 453 1131 980 397 1232 387 307 445 1161 0 163 1317 1075 631 641 1157 1050
949 594 656 124 995 1115 1051 647 1080 474 887 1248 624 443 1157 970 388 1330 413 178 435 1259 163 0 1383 1101 621 667 1054 1148
1929 1778 1840 1375 1904 287 746 1831 2098 1424 695 258 1808 1486 244 1934 1538 118 1150 1364 1465 229 1317 1383 0 301 1851 792 1950 296
1897 1542 1604 1191 1942 137 637 1595 2028 1422 730 516 1572 1391 117 1918 1335 376 980 1245 1383 487 1075 1101 301 0 1569 510 2086 554
508 152 214 617 553 1582 1518 206 638 583 1355 1716 182 552 1625 529 436 1798 880 671 544 1727 631 621 1851 1569 0 1135 705 1615
1463 1108 1170 757 1508 524 1025 1161 1594 988 1099 1008 1138 957 566 1484 901 868 762 811 949 978 641 667 792 510 1135 0 1661 1046
357 602 664 993 333 2099 1586 655 227 785 1423 1784 632 847 2142 362 794 1866 1303 983 826 1795 1157 1054 1950 2086 705 1661 0 1683
1662 1511 1573 1108 1637 540 592 1564 1831 1157 428 130 1541 1219 498 1667 1272 212 883 1097 1198 141 1050 1148 296 554 1615 1046 1683 0
EOF