NAME : tsp_problem
TYPE : TSP
DIMENSION : 76
EDGE_WEIGHT_TYPE : EXPLICIT
EDGE_WEIGHT_FORMAT : FULL_MATRIX
EDGE_WEIGHT_SECTION
0 934 303 1492 1162 779 857 1469 1571 1961 498 1317 566 1892 572 1060 1957 1636 946 865 370 1688 954 2006 919 463 1634 1190 943 843 945 1799 677 910 1476 561 921 1909 1986 1481 1936 1802 1649 973 1957 1846 951 532 1448 940 530 469 121 1607 948 112 534 1618 351 1872 644 674 568 53 503 548 2220 106 1633 285 1495 156 679 597 1486 1910
934 0 787 694 364 340 479 671 773 1209 669 604 738 1190 744 158 1159 838 303 487 854 986 71 1305 275 1197 932 393 74 465 301 1001 561 266 775 733 184 1111 1188 779 1235 1100 947 329 1159 1048 308 704 650 71 702 1203 957 906 305 868 706 917 1057 1074 528 558 752 936 675 720 1424 942 836 990 697 992 563 769 688 1208
303 787 0 1345 1015 632 710 1322 1424 1838 351 1194 419 1768 425 913 1810 1489 799 718 122 1564 807 1883 772 556 1511 1043 796 696 798 1652 530 763 1353 414 775 1762 1839 1358 1813 1679 1526 826 1810 1699 804 385 1301 793 383 562 326 1484 801 237 387 1495 425 1725 497 527 433 305 356 401 2075 311 1486 359 1348 361 532 450 1339 1786
1492 694 1345 0 679 897 1036 119 216 569 1227 767 1296 862 1302 716 519 215 860 1044 1412 982 658 704 833 1755 928 640 685 1022 859 360 1119 824 1009 1291 742 471 548 1013 855 691 943 887 519 408 865 1261 76 689 1173 1761 1515 901 862 1426 1264 913 1614 434 1085 1116 1309 1494 1233 1278 784 1500 195 1548 62 1550 1121 1327 53 828
1162 364 1015 676 0 567 706 741 512 999 897 343 965 1000 971 385 949 577 530 714 1081 796 327 1115 502 1408 742 131 355 692 528 791 788 494 585 960 411 901 978 589 1045 910 757 557 949 839 535 931 698 358 929 1413 1185 716 532 1095 933 727 1284 864 755 785 979 1163 902 947 1214 1169 626 1217 684 1220 790 996 665 1018
779 340 632 897 567 0 177 874 976 1412 513 807 582 1411 588 465 1362 1041 352 185 698 1207 359 1525 324 914 1153 596 349 163 350 1204 273 315 996 577 327 1314 1391 1000 1456 1321 1168 378 1362 1252 357 548 853 346 546 919 801 1126 354 712 550 1137 901 1277 295 270 596 780 519 564 1627 786 1039 834 901 836 275 613 891 1429
857 479 710 1036 706 177 0 1013 1115 1424 592 780 614 1354 608 604 1501 1181 491 25 710 1151 498 1469 463 859 1097 735 488 50 483 1343 351 454 939 619 466 1454 1530 944 1399 1265 1112 511 1501 1391 490 626 992 485 625 865 850 1070 453 791 623 1081 933 1416 374 348 567 859 597 610 1683 835 1178 913 1040 814 353 596 1031 1372
1469 671 1322 119 744 874 1013 0 281 633 1204 831 1273 926 1278 693 584 280 837 1021 1389 1047 635 769 809 1732 993 705 662 999 836 425 1095 801 1074 1268 718 536 613 1078 919 756 1008 864 584 473 842 1238 75 666 1149 1738 1492 966 839 1403 1241 977 1591 499 1062 1093 1286 1471 1209 1254 849 1477 260 1525 122 1527 1098 1304 113 893
1568 770 1421 216 515 973 1112 281 0 539 1303 603 1372 832 1377 792 490 117 936 1120 1488 953 734 675 909 1831 899 476 761 1098 935 331 1194 900 845 1367 818 442 519 849 826 662 914 963 490 379 941 1337 238 765 1335 1837 1591 872 938 1502 1340 883 1690 405 1161 1192 1385 1570 1308 1353 755 1576 166 1624 225 1626 1197 1403 206 799
1961 1209 1838 569 1002 1412 1424 633 539 0 1742 756 1689 535 1683 1178 192 538 1368 1432 1786 502 1173 378 1340 1934 448 963 1200 1410 1301 248 1598 1331 648 1694 1256 318 540 652 528 211 464 1329 491 255 1308 1701 590 1203 1687 1940 1925 422 1271 1941 1698 433 2008 426 1600 1551 1643 1963 1747 1685 776 1910 418 2024 577 1889 1546 1672 558 501
498 669 351 1227 897 513 592 1204 1306 1742 0 1137 216 1717 222 795 1692 1371 681 600 417 1513 689 1831 653 684 1459 925 678 578 680 1533 412 645 1302 211 656 1644 1721 1306 1762 1627 1474 708 1692 1581 686 182 1183 675 265 690 520 1432 683 431 184 1443 620 1607 379 409 230 499 73 198 1957 505 1368 553 1230 555 414 247 1221 1735
1317 604 1194 767 343 807 780 831 603 756 1137 0 1045 686 1039 534 859 668 724 788 1142 482 568 801 696 1290 428 304 595 766 657 881 954 687 271 1050 652 985 1069 275 731 596 443 685 1040 922 664 1057 788 599 1170 1296 1281 402 627 1332 1054 413 1364 955 976 907 999 1319 1143 1041 1015 1266 716 1380 775 1245 902 1028 756 704
566 738 419 1296 965 582 614 1273 1375 1689 216 1045 0 1619 94 864 1761 1440 750 622 438 1415 758 1734 722 587 1361 994 747 600 748 1602 481 714 1204 105 725 1713 1790 1208 1664 1529 1377 776 1761 1650 754 88 1252 744 334 592 578 1335 718 500 90 1346 661 1676 447 478 77 568 222 96 1948 563 1437 622 1299 542 475 82 1290 1637
1892 1190 1768 862 1000 1411 1354 926 832 535 1717 686 1619 0 1613 1108 363 831 1298 1362 1716 789 1154 200 1270 1864 735 961 1181 1340 1231 541 1528 1261 458 1624 1309 408 590 462 81 657 750 1260 526 472 1238 1631 883 1185 1827 1870 1856 709 1201 1906 1628 720 1939 512 1551 1481 1573 1893 1722 1615 826 1840 711 1954 870 1820 1476 1602 851 83
572 744 425 1302 971 588 608 1278 1380 1683 222 1039 94 1613 0 870 1766 1446 756 615 432 1409 763 1728 728 581 1355 1000 753 593 741 1608 486 719 1198 99 731 1719 1795 1202 1658 1523 1370 770 1766 1656 748 93 1257 750 340 586 572 1329 712 506 96 1340 655 1681 453 474 71 574 227 89 1942 557 1443 628 1305 536 469 76 1296 1631
1060 158 913 716 385 465 604 693 795 1178 795 534 864 1108 870 0 1181 860 428 612 980 904 122 1222 401 1134 850 414 149 590 427 1022 687 392 693 859 310 1133 1210 697 1153 1018 865 455 1181 1070 433 829 672 153 828 1140 1083 823 430 994 832 835 1182 1096 653 684 843 1062 801 846 1436 1068 857 1116 719 1090 689 872 710 1126
1957 1159 1810 519 952 1362 1501 584 490 192 1692 859 1761 363 1766 1181 0 489 1325 1509 1877 605 1123 205 1297 2037 551 913 1150 1487 1323 198 1583 1289 735 1756 1206 203 384 740 356 314 567 1352 321 205 1330 1726 541 1154 1637 2043 1980 525 1327 1891 1728 536 2079 306 1550 1581 1746 1959 1697 1742 620 1965 368 2013 527 1992 1585 1775 508 329
1633 835 1486 215 580 1038 1178 280 117 538 1368 668 1437 831 1443 857 489 0 1001 1185 1553 952 799 674 974 1896 898 541 826 1163 1000 330 1260 965 910 1432 883 441 518 914 824 661 913 1028 489 378 1006 1402 237 830 1334 1902 1656 871 1003 1567 1405 882 1756 403 1226 1257 1451 1635 1374 1419 754 1641 165 1689 224 1691 1262 1468 205 798
946 303 799 860 530 352 491 837 939 1368 681 724 750 1298 756 428 1325 1004 0 499 866 1094 322 1412 44 1059 1040 559 312 477 136 1167 573 52 883 745 170 1277 1354 887 1343 1208 1055 165 1325 1214 143 715 816 309 714 1065 969 1013 140 880 718 1025 1069 1240 540 570 764 948 687 732 1590 954 1002 1002 864 1004 575 781 854 1316
865 487 718 1044 714 185 25 1021 1123 1432 600 788 622 1362 615 612 1509 1188 499 0 718 1158 506 1477 471 867 1105 743 495 40 491 1351 359 462 947 627 474 1461 1538 951 1407 1273 1120 519 1509 1398 498 634 1000 493 633 872 858 1078 461 799 631 1089 941 1424 382 356 575 867 605 617 1691 843 1186 921 1047 822 361 604 1038 1380
370 854 122 1412 1081 698 710 1389 1491 1786 417 1142 438 1716 432 980 1877 1556 866 718 0 1512 874 1831 838 503 1458 1110 863 696 844 1718 597 830 1301 443 841 1829 1906 1305 1761 1626 1473 873 1877 1766 851 451 1368 860 450 509 393 1431 815 304 448 1443 492 1792 563 577 392 372 423 434 2044 378 1553 426 1415 428 572 421 1406 1734
1688 986 1564 982 796 1207 1151 1047 953 502 1513 482 1415 789 1409 904 605 952 1094 1158 1512 0 950 791 1066 1660 88 757 977 1136 1027 661 1324 1058 374 1420 1105 731 953 378 834 343 74 1056 904 668 1034 1428 1004 981 1623 1666 1652 115 998 1702 1424 96 1735 839 1347 1277 1369 1689 1518 1411 1118 1637 831 1750 990 1616 1272 1398 971 807
954 71 807 658 327 359 498 635 737 1173 689 568 758 1154 763 122 1123 802 322 506 874 950 0 1268 294 1180 896 356 62 484 321 964 580 286 739 753 203 1075 1152 743 1199 1064 911 349 1123 1012 327 723 614 66 722 1186 977 869 324 888 726 881 1076 1038 547 578 771 956 694 739 1388 962 799 1010 661 1012 583 789 652 1172
2006 1305 1883 704 1115 1525 1469 769 675 378 1831 801 1734 200 1728 1222 205 674 1412 1477 1831 791 1268 0 1385 1979 737 1076 1296 1455 1346 383 1643 1376 573 1739 1392 251 432 577 193 500 752 1374 369 315 1353 1746 726 1299 1823 1985 1970 710 1316 2020 1743 722 2053 355 1665 1596 1688 2008 1837 1730 669 1955 554 2068 713 1934 1591 1716 694 166
919 275 772 833 502 324 463 809 912 1340 653 696 722 1270 728 401 1297 977 44 471 838 1066 294 1385 0 1031 1012 531 284 449 109 1139 545 53 855 717 143 1250 1326 859 1315 1180 1027 137 1297 1187 115 688 788 281 686 1037 941 986 112 852 690 997 1041 1212 512 542 736 920 659 704 1563 926 974 974 836 976 547 753 827 1288
463 1197 556 1755 1408 914 859 1732 1834 1934 684 1290 587 1864 581 1134 2037 1899 1059 867 503 1660 1180 1979 1031 0 1606 1453 1206 845 993 2061 772 1023 1449 592 1092 2163 2249 1453 1909 1774 1622 1021 2220 2100 999 599 1711 1203 793 67 427 1580 963 426 596 1591 210 2135 795 725 540 465 690 582 2193 412 1896 225 1758 391 720 569 1749 1882
1634 932 1511 928 742 1153 1097 993 899 448 1459 428 1361 735 1355 850 551 898 1040 1105 1458 88 896 737 1012 1606 0 704 923 1083 973 607 1270 1004 320 1366 1051 677 899 324 780 289 72 1002 851 614 980 1374 950 927 1569 1612 1598 72 944 1648 1371 42 1681 785 1293 1223 1315 1636 1464 1357 1064 1583 778 1696 936 1562 1219 1344 917 753
1292 494 1145 579 233 697 836 643 415 902 1027 321 1096 978 1101 516 852 480 660 844 1212 774 458 1037 632 1555 720 0 485 822 658 693 918 624 563 1091 541 804 881 567 1023 888 735 687 852 741 665 1061 600 489 1060 1561 1315 693 662 1226 1064 705 1414 767 885 916 1109 1294 1032 1077 1117 1300 528 1348 587 1350 920 1127 568 996
943 74 796 685 355 349 488 662 764 1200 678 595 747 1181 753 149 1150 829 312 495 863 977 62 1296 284 1206 923 384 0 474 310 992 570 275 766 742 193 1102 1179 770 1226 1091 938 338 1150 1039 317 712 641 79 711 1212 966 897 313 877 715 908 1066 1065 537 567 761 945 684 729 1415 951 826 999 688 1001 572 778 679 1199
843 465 696 1022 692 163 50 999 1101 1410 578 766 600 1340 593 590 1487 1166 477 40 696 1136 484 1455 449 845 1083 721 474 0 469 1329 337 440 925 605 452 1439 1516 930 1385 1251 1098 497 1487 1376 476 612 978 471 611 850 836 1056 439 777 609 1067 919 1402 360 334 553 845 583 595 1669 821 1164 899 1026 800 339 582 1016 1358
945 301 798 859 528 350 483 836 938 1301 680 657 748 1231 741 427 1323 1003 136 491 844 1027 321 1346 109 993 973 557 310 469 0 1165 571 100 816 743 169 1276 1352 820 1276 1141 989 48 1323 1213 56 714 815 307 713 998 968 947 73 879 716 958 1067 1238 538 568 701 946 685 730 1560 952 1000 1000 862 948 573 730 853 1249
1799 1001 1652 360 794 1204 1343 425 331 248 1533 881 1602 541 1608 1022 198 330 1167 1351 1718 661 964 383 1139 2061 607 755 992 1329 1165 0 1425 1130 806 1597 1048 150 332 811 534 370 622 1193 303 87 1172 1568 382 995 1479 2067 1821 580 1169 1732 1570 592 1921 218 1392 1422 1616 1800 1539 1584 568 1806 210 1854 369 1856 1427 1633 350 507
677 561 530 1119 788 273 351 1095 1197 1598 412 954 481 1528 486 687 1583 1263 573 359 597 1324 580 1643 545 772 1270 817 570 337 571 1425 0 536 1113 475 548 1536 1612 1117 1573 1438 1285 599 1583 1473 578 446 1074 567 445 778 700 1244 575 611 448 1255 799 1498 133 107 481 678 417 462 1849 685 1260 733 1122 727 112 510 1113 1546
910 266 763 824 494 315 454 801 903 1331 645 687 714 1261 719 392 1289 968 52 462 830 1058 286 1376 53 1023 1004 522 275 440 100 1130 536 0 846 709 134 1241 1318 851 1306 1172 1019 128 1289 1178 107 679 780 272 678 1029 933 977 104 844 682 988 1032 1204 503 534 727 912 650 695 1554 918 965 966 827 968 539 745 818 1279
1476 775 1353 1009 585 996 939 1074 845 648 1302 271 1204 458 1198 693 735 910 883 947 1301 374 739 573 855 1449 320 546 766 925 816 806 1113 846 0 1209 894 781 913 35 503 488 335 844 899 814 823 1216 1030 769 1412 1455 1440 294 786 1491 1213 305 1523 885 1136 1066 1158 1478 1307 1200 787 1425 958 1539 1017 1404 1061 1187 998 476
561 733 414 1291 960 577 619 1268 1370 1694 211 1050 105 1624 99 859 1756 1435 745 627 443 1420 753 1739 717 592 1366 989 742 605 743 1597 475 709 1209 0 720 1708 1785 1213 1669 1534 1381 772 1756 1645 750 83 1247 739 329 597 583 1340 723 495 85 1351 666 1671 442 473 82 563 217 99 1953 568 1432 617 1294 547 478 87 1285 1642
921 184 775 742 411 327 466 718 821 1256 656 652 725 1309 731 310 1206 886 170 474 841 1105 203 1392 143 1092 1051 440 193 452 169 1048 548 134 894 720 0 1159 1235 898 1354 1219 1066 197 1206 1096 176 691 697 190 689 1097 944 1024 172 855 693 1036 1044 1121 515 545 739 923 662 707 1472 929 883 977 745 979 550 756 736 1327
1909 1111 1762 471 904 1314 1454 536 442 318 1644 985 1713 408 1719 1133 203 441 1277 1461 1829 731 1075 251 1250 2163 677 865 1102 1439 1276 150 1536 1241 781 1708 1159 0 256 785 401 440 693 1304 192 138 1282 1678 493 1106 1590 2169 1932 651 1279 1843 1681 662 2032 178 1502 1533 1727 1911 1650 1695 492 1917 321 1965 479 1967 1538 1744 460 375
1986 1188 1839 548 981 1391 1530 613 519 540 1721 1069 1790 590 1795 1210 384 518 1354 1538 1906 953 1152 432 1326 2249 899 942 1179 1516 1352 332 1612 1318 913 1785 1235 256 0 917 583 662 914 1381 73 320 1359 1755 570 1183 1637 2255 2009 873 1356 1920 1758 884 2108 217 1579 1610 1803 1988 1726 1771 259 1994 397 2042 556 2044 1614 1821 537 556
1481 779 1358 1013 589 1000 944 1078 849 652 1306 275 1208 462 1202 697 740 914 887 951 1305 378 743 577 859 1453 324 550 770 930 820 811 1117 851 35 1213 898 785 917 0 507 493 340 849 903 818 827 1221 1035 774 1416 1459 1445 298 791 1495 1218 309 1528 889 1140 1070 1162 1482 1311 1204 791 1430 963 1543 1021 1409 1066 1191 1002 480
1936 1235 1813 855 1045 1456 1399 919 826 528 1762 731 1664 81 1658 1153 356 824 1343 1407 1761 834 1199 193 1315 1909 780 1006 1226 1385 1276 534 1573 1306 503 1669 1354 401 583 507 0 650 795 1305 519 465 1283 1676 876 1229 1872 1915 1900 754 1246 1951 1673 765 1983 505 1596 1526 1618 1938 1767 1660 819 1885 704 1999 863 1864 1521 1647 844 54
1802 1100 1679 691 910 1321 1265 756 662 211 1627 596 1529 657 1523 1018 314 661 1208 1273 1626 343 1064 500 1180 1774 289 872 1091 1251 1141 370 1438 1172 488 1534 1219 440 662 493 650 0 304 1170 613 377 1148 1542 713 1095 1738 1780 1766 262 1112 1816 1539 273 1849 548 1461 1391 1483 1804 1632 1525 898 1751 540 1864 699 1730 1387 1512 680 623
1649 947 1526 943 757 1168 1112 1008 914 464 1474 443 1377 750 1370 865 567 913 1055 1120 1473 74 911 752 1027 1622 72 719 938 1098 989 622 1285 1019 335 1381 1066 693 914 340 795 304 0 1017 866 630 995 1389 965 942 1585 1627 1613 87 959 1663 1386 57 1696 800 1308 1238 1330 1651 1479 1372 1079 1598 793 1711 951 1577 1234 1359 932 768
973 329 826 887 557 378 511 864 966 1329 708 685 776 1260 770 455 1352 1031 165 519 873 1056 349 1374 137 1021 1002 585 338 497 48 1193 599 128 844 772 197 1304 1381 849 1305 1170 1017 0 1352 1241 42 742 843 335 741 1027 996 975 102 907 745 986 1095 1267 566 597 730 975 713 758 1588 981 1028 1029 890 976 602 759 881 1278
1957 1159 1810 519 952 1362 1501 584 490 491 1692 1040 1761 526 1766 1181 321 489 1325 1509 1877 904 1123 369 1297 2220 851 913 1150 1487 1323 303 1583 1289 899 1756 1206 192 73 903 519 613 866 1352 0 256 1330 1726 541 1154 1637 2226 1980 824 1327 1891 1729 835 2079 171 1550 1581 1774 1959 1697 1742 310 1965 368 2013 527 2015 1585 1792 508 493
1846 1048 1699 408 841 1252 1391 473 379 255 1581 922 1650 472 1656 1070 205 378 1214 1398 1766 668 1012 315 1187 2100 614 802 1039 1376 1213 87 1473 1178 814 1645 1096 138 320 818 465 377 630 1241 256 0 1220 1615 430 1043 1527 2106 1869 588 1216 1780 1618 599 1969 242 1440 1470 1664 1848 1587 1632 556 1854 258 1902 417 1904 1475 1681 397 438
951 308 804 865 535 357 490 842 944 1308 686 664 754 1238 748 433 1330 1009 143 498 851 1034 327 1353 115 999 980 564 317 476 56 1172 578 107 823 750 176 1282 1359 827 1283 1148 995 42 1330 1220 0 720 821 314 719 1005 974 954 80 885 723 965 1074 1245 545 575 708 953 692 737 1566 959 1007 1007 869 955 580 737 859 1256
532 704 385 1261 931 548 626 1238 1340 1701 182 1057 88 1631 93 829 1726 1405 715 634 451 1428 723 1746 688 599 1374 959 712 612 714 1568 446 679 1216 83 691 1678 1755 1221 1676 1542 1389 742 1726 1615 720 0 1217 709 299 605 555 1347 717 465 56 1358 654 1641 413 443 89 533 187 69 1960 539 1402 587 1264 554 448 95 1255 1649
1448 650 1301 76 700 853 992 75 238 590 1183 788 1252 883 1257 672 541 237 816 1000 1368 1004 614 726 788 1711 950 662 641 978 815 382 1074 780 1030 1247 697 493 570 1035 876 713 965 843 541 430 821 1217 0 645 1128 1717 1471 923 818 1382 1220 934 1570 456 1041 1072 1265 1450 1188 1233 806 1456 217 1504 79 1506 1077 1283 70 850
940 71 793 689 358 346 485 666 768 1203 675 599 744 1185 750 153 1154 833 309 493 860 981 66 1299 281 1203 927 387 79 471 307 995 567 272 769 739 190 1106 1183 774 1229 1095 942 335 1154 1043 314 709 645 0 708 1209 963 900 311 874 712 911 1063 1068 534 564 758 942 681 726 1419 948 830 996 692 998 569 775 683 1203
530 702 383 1173 929 546 625 1149 1335 1687 265 1170 334 1827 340 828 1637 1334 714 633 450 1623 722 1823 686 793 1569 958 711 611 713 1479 445 678 1412 329 689 1590 1637 1416 1872 1738 1585 741 1637 1527 719 299 1128 708 0 799 553 1543 716 464 302 1554 653 1552 412 442 348 532 271 316 1873 538 1314 586 1176 588 447 365 1167 1845
469 1203 562 1761 1413 919 865 1738 1840 1940 690 1296 592 1870 586 1140 2043 1905 1065 872 509 1666 1186 1985 1037 67 1612 1459 1212 850 998 2067 778 1029 1455 597 1097 2169 2255 1459 1915 1780 1627 1027 2226 2106 1005 605 1717 1209 799 0 433 1586 969 431 602 1597 216 2140 800 731 546 470 695 588 2198 418 1902 231 1764 397 726 575 1755 1888
121 957 326 1515 1185 801 850 1492 1594 1925 520 1281 578 1856 572 1083 1980 1659 969 858 393 1652 977 1970 941 427 1598 1213 966 836 968 1821 700 933 1440 583 944 1932 2009 1445 1900 1766 1613 996 1980 1869 974 555 1471 963 553 433 0 1571 954 135 557 1582 374 1895 667 697 532 123 526 571 2184 66 1656 308 1518 120 702 561 1509 1874
1607 906 1484 901 716 1126 1070 966 872 422 1432 402 1335 709 1329 823 525 871 1013 1078 1431 115 869 710 986 1580 72 677 897 1056 947 580 1244 977 294 1340 1024 651 873 298 754 262 87 975 824 588 954 1347 923 900 1543 1586 1571 0 917 1621 1344 56 1654 759 1266 1197 1288 1609 1438 1331 1037 1556 751 1669 910 1535 1192 1317 891 727
948 305 801 862 532 354 453 839 941 1271 683 627 718 1201 712 430 1327 1006 140 461 815 998 324 1316 112 963 944 561 313 439 73 1169 575 104 786 723 172 1279 1356 791 1246 1112 959 102 1327 1216 80 717 818 311 716 969 954 917 0 882 720 928 1037 1242 542 572 672 950 689 714 1530 939 1004 1004 865 918 575 700 856 1219
112 868 237 1426 1095 712 791 1403 1505 1941 431 1332 500 1906 506 994 1891 1570 880 799 304 1702 888 2020 852 426 1648 1124 877 777 879 1732 611 844 1491 495 855 1843 1920 1495 1951 1816 1663 907 1891 1780 885 465 1382 874 464 431 135 1621 882 0 468 1633 285 1806 578 608 514 114 437 482 2156 120 1567 219 1429 170 613 531 1420 1924
534 706 387 1264 933 550 623 1241 1343 1698 184 1054 90 1628 96 832 1728 1408 718 631 448 1424 726 1743 690 596 1371 962 715 609 716 1570 448 682 1213 85 693 1681 1758 1218 1673 1539 1386 745 1729 1618 723 56 1220 712 302 602 557 1344 720 468 0 1355 657 1643 415 446 86 536 190 72 1957 542 1405 590 1267 551 451 92 1258 1646
1618 917 1495 913 727 1137 1081 977 883 433 1443 413 1346 720 1340 835 536 882 1025 1089 1443 96 881 722 997 1591 42 688 908 1067 958 592 1255 988 305 1351 1036 662 884 309 765 273 57 986 835 599 965 1358 934 911 1554 1597 1582 56 928 1633 1355 0 1665 770 1277 1208 1300 1620 1449 1342 1048 1567 762 1680 921 1546 1203 1328 902 738
351 1057 425 1614 1284 901 933 1591 1693 2008 620 1364 661 1939 655 1182 2079 1759 1069 941 492 1735 1076 2053 1041 210 1681 1313 1066 919 1067 1921 799 1032 1523 666 1044 2032 2108 1528 1983 1849 1696 1095 2079 1969 1074 654 1570 1063 653 216 374 1654 1037 285 657 1665 0 1994 766 796 615 353 625 657 2267 359 1756 85 1618 409 795 644 1609 1957
1872 1074 1725 434 867 1277 1416 499 405 426 1607 955 1676 512 1681 1096 306 403 1240 1424 1792 839 1038 355 1212 2135 785 828 1065 1402 1238 218 1498 1204 885 1671 1121 178 217 889 505 548 800 1267 171 242 1245 1641 456 1068 1552 2140 1895 759 1242 1806 1643 770 1994 0 1465 1495 1689 1874 1612 1657 453 1880 283 1928 442 1930 1500 1707 423 478
644 528 497 1085 755 295 374 1062 1164 1600 379 976 447 1551 453 653 1550 1229 540 382 563 1347 547 1665 512 795 1293 784 537 360 538 1392 133 503 1136 442 515 1502 1579 1140 1596 1461 1308 566 1550 1440 545 413 1041 534 412 800 667 1266 542 578 415 1277 766 1465 0 118 461 645 384 429 1815 651 1227 699 1089 702 135 478 1079 1569
674 558 527 1116 785 270 348 1093 1195 1551 409 907 478 1481 474 684 1581 1260 570 356 577 1277 578 1596 542 725 1223 814 567 334 568 1422 107 534 1066 473 545 1533 1610 1070 1526 1391 1238 597 1581 1470 575 443 1072 564 442 731 697 1197 572 608 446 1208 796 1495 118 0 434 676 414 459 1810 682 1257 730 1119 680 65 463 1110 1499
568 752 433 1309 979 596 567 1286 1388 1643 230 999 77 1573 71 843 1746 1454 764 575 392 1369 771 1688 736 540 1315 1008 761 553 701 1616 481 727 1158 82 739 1727 1803 1162 1618 1483 1330 730 1774 1664 708 89 1265 758 348 546 532 1288 672 514 86 1300 615 1689 461 434 0 569 235 73 1901 517 1451 630 1313 496 429 60 1304 1591
53 936 305 1494 1163 780 859 1471 1573 1963 499 1319 568 1893 574 1062 1959 1638 948 867 372 1689 956 2008 920 465 1636 1192 945 845 946 1800 678 912 1478 563 923 1911 1988 1482 1938 1804 1651 975 1959 1848 953 533 1450 942 532 470 123 1609 950 114 536 1620 353 1874 645 676 569 0 505 550 2222 108 1635 287 1497 158 681 598 1488 1911
503 675 356 1233 902 519 597 1209 1311 1747 73 1143 222 1722 227 801 1697 1377 687 605 423 1518 694 1837 659 690 1464 931 684 583 685 1539 417 650 1307 217 662 1650 1726 1311 1767 1632 1479 713 1697 1587 692 187 1188 681 271 695 526 1438 689 437 190 1449 625 1612 384 414 235 505 0 203 1963 511 1374 559 1236 561 419 253 1227 1740
548 720 401 1278 947 564 610 1254 1356 1685 198 1041 96 1615 89 846 1742 1422 732 617 434 1411 739 1730 704 582 1357 976 729 595 730 1584 462 695 1200 99 707 1695 1771 1204 1660 1525 1372 758 1742 1632 737 69 1233 726 316 588 571 1331 714 482 72 1342 657 1657 429 459 73 550 203 0 1944 556 1419 604 1281 538 464 78 1272 1633
2220 1436 2086 795 1228 1639 1683 860 766 787 1968 1015 1948 837 1942 1436 631 765 1602 1691 2044 1118 1399 680 1574 2193 1064 1190 1426 1669 1560 579 1857 1565 787 1953 1483 503 259 791 830 910 1079 1588 321 567 1566 1960 817 1430 1884 2198 2184 1037 1530 2167 1957 1048 2267 465 1827 1810 1901 2222 1974 1944 0 2169 645 2282 804 2148 1805 1930 785 803
106 942 311 1500 1169 786 835 1477 1579 1910 505 1266 563 1840 557 1068 1965 1644 954 843 378 1637 962 1955 926 412 1583 1198 951 821 952 1806 685 918 1425 568 929 1917 1994 1430 1885 1751 1598 981 1965 1854 959 539 1456 948 538 418 66 1556 939 120 542 1567 359 1880 651 682 517 108 511 556 2169 0 1641 293 1503 105 687 546 1494 1858
1633 836 1486 195 628 1039 1178 260 166 418 1368 716 1437 711 1443 857 368 165 1002 1186 1553 831 799 554 974 1896 778 590 826 1164 1000 210 1260 965 958 1432 883 321 397 963 704 540 793 1028 368 258 1007 1402 217 830 1314 1902 1656 751 1004 1567 1405 762 1756 283 1227 1257 1451 1635 1374 1419 634 1641 0 1689 204 1691 1262 1468 185 677
285 990 359 1548 1217 834 913 1525 1627 2024 553 1380 622 1954 628 1116 2013 1692 1002 921 426 1750 1010 2068 974 225 1696 1246 999 899 1000 1854 733 966 1539 617 977 1965 2042 1543 1999 1864 1711 1029 2013 1902 1007 587 1504 996 586 231 308 1669 1004 219 590 1680 85 1928 699 730 630 287 559 604 2278 293 1689 0 1551 343 735 653 1542 1972
1495 697 1348 62 687 901 1040 122 225 577 1230 775 1299 870 1305 719 527 224 864 1047 1415 990 661 713 836 1758 936 648 688 1026 862 369 1122 827 1017 1294 745 479 556 1021 863 699 951 890 527 417 869 1264 79 692 1176 1764 1518 910 865 1429 1267 921 1618 442 1089 1119 1313 1497 1236 1281 792 1503 204 1551 0 1553 1124 1330 56 836
156 992 361 1550 1220 836 814 1527 1629 1889 555 1245 542 1820 536 1090 1992 1694 1004 822 428 1616 1012 1934 976 391 1562 1248 1001 800 948 1856 727 968 1404 547 979 1967 2044 1409 1864 1730 1577 976 2015 1904 955 554 1506 998 588 397 120 1535 918 170 551 1546 409 1930 702 680 496 158 561 538 2148 105 1691 343 1553 0 676 525 1544 1838
679 563 532 1121 790 275 353 1098 1200 1546 414 902 475 1476 469 689 1585 1265 575 361 572 1272 583 1591 547 720 1219 819 572 339 573 1427 112 539 1061 478 550 1538 1614 1066 1521 1387 1234 602 1585 1475 580 448 1077 569 447 726 702 1192 575 613 451 1203 795 1500 135 65 429 681 419 464 1805 687 1262 735 1124 676 0 458 1115 1494
597 769 450 1327 996 613 596 1304 1406 1672 247 1028 82 1602 76 872 1775 1471 781 604 421 1398 789 1716 753 569 1344 1025 778 582 730 1633 510 745 1187 87 756 1744 1821 1191 1647 1512 1359 759 1792 1681 737 95 1283 775 365 575 561 1317 700 531 92 1328 644 1707 478 463 60 598 253 78 1930 546 1468 653 1330 525 458 0 1321 1620
1486 688 1339 53 668 891 1031 113 206 558 1221 756 1290 851 1296 710 508 205 854 1038 1406 971 652 694 827 1749 917 629 679 1016 853 350 1113 818 998 1285 736 460 537 1002 844 680 932 881 508 397 859 1255 70 683 1167 1755 1509 891 856 1420 1258 902 1609 423 1079 1110 1304 1488 1227 1272 773 1494 185 1542 56 1544 1115 1321 0 817
1910 1208 1786 828 1018 1429 1372 893 799 501 1735 704 1637 83 1631 1126 329 798 1316 1380 1734 807 1172 166 1288 1882 753 979 1199 1358 1249 507 1546 1279 476 1642 1327 375 556 480 54 623 768 1278 493 438 1256 1649 850 1203 1845 1888 1874 727 1219 1924 1646 738 1957 478 1569 1499 1591 1911 1740 1633 792 1858 677 1972 836 1838 1494 1620 817 0
EOF