NAME : tsp_problem
TYPE : TSP
DIMENSION : 24
EDGE_WEIGHT_TYPE : EXPLICIT
EDGE_WEIGHT_FORMAT : FULL_MATRIX
EDGE_WEIGHT_SECTION
0 787 523 786 2083 2087 780 1247 159 1067 1996 1700 1895 766 300 1154 1918 469 1853 2169 195 1964 1311 1475
787 0 681 93 1723 1727 87 1000 646 951 1520 1356 1610 72 1010 862 1593 917 1522 1595 612 1549 999 1065
523 681 0 680 1931 1935 674 1208 422 1159 1728 1565 1818 660 761 1071 1802 911 1731 1803 457 1757 1208 1273
786 93 680 0 1722 1726 45 1000 646 950 1520 1356 1610 72 1009 862 1593 916 1522 1594 611 1549 999 1064
2083 1723 1931 1722 0 52 1716 1076 2124 1054 471 703 375 1702 2266 1242 398 1649 554 245 2089 444 1140 948
2087 1727 1935 1726 52 0 1720 1080 2128 1058 475 707 379 1706 2270 1246 402 1653 558 249 2093 448 1144 952
780 87 674 45 1716 1720 0 993 639 944 1513 1350 1603 65 1003 855 1586 910 1516 1588 605 1542 992 1058
1247 1000 1208 1000 1076 1080 993 0 1288 218 938 693 888 979 1430 406 911 813 846 1013 1253 957 127 468
159 646 422 646 2124 2128 639 1288 0 1109 2037 1741 1936 625 397 1196 1959 510 1894 2125 94 2005 1352 1516
1067 951 1159 950 1054 1058 944 218 1109 0 967 671 866 930 1251 205 890 634 824 1141 1074 935 282 446
1996 1520 1728 1520 471 475 1513 938 2037 967 0 500 157 1499 2128 1065 140 1562 467 343 2002 96 937 745
1700 1356 1565 1356 703 707 1350 693 1741 671 500 0 525 1335 1883 859 549 1266 483 575 1706 530 757 582
1895 1610 1818 1610 375 379 1603 888 1936 866 157 525 0 1589 2078 1054 79 1461 366 433 1901 125 952 835
766 72 660 72 1702 1706 65 979 625 930 1499 1335 1589 0 989 841 1572 896 1501 1573 590 1528 978 1043
300 1010 761 1009 2266 2270 1003 1430 397 1251 2128 1883 2078 989 0 1338 2101 652 2036 2202 433 2147 1494 1658
1154 862 1071 862 1242 1246 855 406 1196 205 1065 859 1054 841 1338 0 1077 721 1012 1140 1161 1094 470 610
1918 1593 1802 1593 398 402 1586 911 1959 890 140 549 79 1572 2101 1077 0 1484 389 416 1924 108 975 819
469 917 911 916 1649 1653 910 813 510 634 1562 1266 1461 896 652 721 1484 0 1419 1736 476 1530 877 1041
1853 1522 1731 1522 554 558 1516 846 1894 824 467 483 366 1501 2036 1012 389 1419 0 561 1859 435 910 748
2169 1595 1803 1594 245 249 1588 1013 2125 1141 343 575 433 1573 2202 1140 416 1736 561 0 2090 372 1012 820
195 612 457 611 2089 2093 605 1253 94 1074 2002 1706 1901 590 433 1161 1924 476 1859 2090 0 1970 1317 1481
1964 1549 1757 1549 444 448 1542 957 2005 935 96 530 125 1528 2147 1094 108 1530 435 372 1970 0 966 774
1311 999 1208 999 1140 1144 992 127 1352 282 937 757 952 978 1494 470 975 877 910 1012 1317 966 0 482
1475 1065 1273 1064 948 952 1058 468 1516 446 745 582 835 1043 1658 610 819 1041 748 820 1481 774 482 0
EOF