NAME : tsp_problem
TYPE : TSP
DIMENSION : 49
EDGE_WEIGHT_TYPE : EXPLICIT
EDGE_WEIGHT_FORMAT : FULL_MATRIX
EDGE_WEIGHT_SECTION
0 689 528 1718 762 1853 1007 766 1738 175 1883 771 973 2018 365 1755 1096 532 321 1007 1482 1971 960 447 907 1232 2225 1656 1519 1082 1510 1006 862 970 1324 41 465 310 1526 1866 403 910 1880 779 1473 157 256 845 1904
689 0 214 1255 96 1390 579 282 1276 647 1420 105 545 1589 537 1292 667 391 531 578 1053 1509 531 840 479 804 1763 1194 1057 654 1047 578 335 541 895 663 675 520 1097 1438 575 350 1418 112 1045 681 674 348 1475
528 214 0 1410 287 1546 532 290 1431 538 1575 296 498 1542 376 1447 621 230 590 532 1007 1664 485 679 432 757 1752 1349 1212 607 1203 531 420 494 848 502 725 579 1050 1391 414 435 1573 303 998 520 619 433 1428
1718 1255 1410 0 1318 356 1052 1210 39 1597 743 1328 1083 800 1520 56 902 1426 1481 1052 1022 832 1106 1793 1015 762 1085 96 233 889 370 1051 1089 1015 1161 1691 1624 1469 983 1297 1558 1166 740 1335 1014 1669 1624 1072 704
762 96 287 1318 0 1454 652 355 1339 711 1483 47 618 1662 610 1356 740 464 594 651 1126 1572 604 907 552 877 1826 1257 1120 727 1111 651 408 614 968 736 738 583 1170 1511 648 423 1481 54 1118 754 738 421 1548
1853 1390 1546 356 1454 0 1187 1345 377 1733 707 1463 1218 496 1655 394 1037 1561 1616 1187 717 552 1241 1928 1150 897 852 295 369 1024 505 1187 1224 1150 857 1827 1760 1605 678 992 1693 1302 876 1470 709 1805 1760 1207 400
1007 579 532 1052 652 1187 0 331 1073 962 1217 661 158 1379 855 1089 457 709 845 19 843 1306 202 1158 269 594 1560 991 854 444 845 19 453 69 685 981 989 834 887 1228 893 531 1215 668 835 999 989 437 1265
766 282 290 1210 355 1345 331 0 1230 775 1375 364 297 1342 613 1247 420 468 768 331 806 1464 284 916 232 557 1551 1149 1011 407 1002 331 215 294 648 739 912 757 850 1191 651 231 1372 371 798 757 856 229 1228
1738 1276 1431 39 1339 377 1073 1230 0 1618 763 1348 1104 821 1540 77 923 1446 1501 1073 1043 852 1126 1814 1035 782 1106 117 254 909 391 1072 1109 1035 1182 1712 1645 1490 1004 1317 1578 1187 761 1355 1034 1690 1645 1092 725
175 647 538 1597 711 1733 962 775 1618 0 1762 720 983 2027 375 1635 1077 542 200 962 1491 1851 970 457 917 1242 2105 1536 1399 1064 1390 961 741 925 1333 149 344 189 1535 1876 413 819 1760 727 1483 127 136 725 1913
1883 1420 1575 743 1483 707 1217 1375 763 1762 0 1493 1248 493 1685 780 1067 1591 1646 1217 973 199 1271 1958 1180 927 849 682 544 1054 415 1216 1253 1180 1112 1856 1789 1634 934 1248 1723 1331 504 1500 965 1834 1789 1237 655
771 105 296 1328 47 1463 661 364 1348 720 1493 0 627 1671 619 1365 749 473 603 660 1135 1581 613 916 561 886 1835 1266 1129 736 1120 660 417 623 977 745 747 592 1179 1520 657 432 1490 37 1127 763 747 430 1557
973 545 498 1083 618 1218 158 297 1104 983 1248 627 0 1345 821 1120 423 675 876 158 809 1337 168 1124 235 560 1555 1022 885 410 876 157 484 121 651 947 1020 865 853 1194 859 503 1246 634 801 965 1020 468 1231
2018 1589 1542 800 1662 496 1379 1342 821 2027 493 1671 1345 0 1865 837 1209 1720 2029 1379 590 338 1238 2168 1147 948 453 739 813 1196 798 1378 1533 1342 729 1991 2172 2017 551 864 1903 1548 759 1678 581 2009 2108 1546 272
365 537 376 1520 610 1655 855 613 1540 375 1685 619 821 1865 0 1557 943 380 339 855 1329 1773 808 516 755 1080 2027 1458 1321 930 1312 854 663 817 1171 339 483 328 1373 1714 52 741 1682 626 1321 357 456 647 1751
1755 1292 1447 56 1356 394 1089 1247 77 1635 780 1365 1120 837 1557 0 939 1463 1518 1089 1059 869 1143 1830 1052 799 1122 134 271 926 407 1089 1126 1052 1199 1728 1662 1507 1020 1334 1595 1204 778 1372 1051 1706 1662 1109 741
1096 667 621 902 740 1037 457 420 923 1077 1067 749 423 1209 943 939 0 798 960 457 674 1156 316 1247 203 424 1409 841 704 46 694 456 568 420 515 1069 1104 949 717 1058 981 626 1065 756 665 1087 1104 552 1095
532 391 230 1426 464 1561 709 468 1446 542 1591 473 675 1720 380 1463 798 0 425 709 1184 1680 662 683 609 934 1929 1365 1227 784 1218 708 570 672 1026 506 569 414 1228 1568 418 612 1588 481 1175 524 569 553 1606
321 531 590 1481 594 1616 845 768 1501 200 1646 603 876 2029 339 1518 960 425 0 845 1540 1734 920 396 966 1291 1988 1419 1282 947 1273 845 624 808 1382 294 228 73 1584 1925 377 702 1643 610 1532 272 227 608 1962
1007 578 532 1052 651 1187 19 331 1073 962 1217 660 158 1379 855 1089 457 709 845 0 843 1306 202 1158 269 594 1559 991 854 444 844 19 453 69 685 980 989 834 887 1228 893 531 1215 668 835 999 989 437 1265
1482 1053 1007 1022 1126 717 843 806 1043 1491 973 1135 809 590 1329 1059 674 1184 1540 843 0 817 702 1633 611 692 799 961 1034 660 1052 842 997 806 193 1455 1679 1529 98 608 1367 1012 1105 1142 31 1473 1572 1010 476
1971 1509 1664 832 1572 552 1306 1464 852 1851 199 1581 1337 338 1773 869 1156 1680 1734 1306 817 0 1360 2047 1269 1016 709 770 633 1142 504 1305 1342 1269 957 1945 1878 1723 778 1092 1811 1420 593 1588 809 1923 1878 1326 500
960 531 485 1106 604 1241 202 284 1126 970 1271 613 168 1238 808 1143 316 662 920 202 702 1360 0 1111 128 453 1447 1045 907 303 898 201 475 165 544 933 1064 909 746 1087 846 490 1268 621 694 952 1051 488 1124
447 840 679 1793 907 1928 1158 916 1814 457 1958 916 1124 2168 516 1830 1247 683 396 1158 1633 2047 1111 0 1058 1383 2301 1732 1595 1233 1586 1157 937 1120 1474 421 240 385 1676 2017 554 1015 1956 923 1624 439 538 920 2054
907 479 432 1015 552 1150 269 232 1035 917 1180 561 235 1147 755 1052 203 609 966 269 611 1269 128 1058 0 362 1356 954 816 190 807 268 423 231 453 881 1105 955 655 996 793 438 1177 568 603 899 998 436 1033
1322 894 847 767 967 902 684 647 788 1332 932 976 650 876 1170 804 514 1025 1381 684 619 1021 543 1473 452 0 1085 706 569 501 559 683 838 647 656 1296 1520 1370 580 673 1208 853 930 983 611 1314 1413 851 762
2225 1763 1763 1085 1826 863 1560 1563 1106 2105 849 1835 1566 464 2027 1122 1409 1933 1988 1559 810 720 1459 2301 1368 1169 0 1024 887 1396 758 1559 1596 1522 950 2199 2132 1977 771 1085 2065 1674 381 1842 802 2177 2132 1579 622
1656 1194 1349 96 1257 295 991 1149 117 1536 682 1266 1022 739 1458 134 841 1365 1419 991 961 770 1045 1732 954 701 1024 0 172 828 309 990 1027 954 1100 1630 1563 1408 922 1236 1496 1105 679 1274 953 1608 1563 1011 643
1519 1057 1212 233 1120 369 854 1011 254 1399 544 1129 885 813 1321 271 704 1227 1282 854 1034 633 907 1595 816 563 887 172 0 690 172 853 890 816 1098 1493 1426 1271 995 1115 1359 968 542 1136 1026 1471 1426 873 717
1082 654 607 889 727 1024 444 407 909 1064 1054 736 410 1196 930 926 46 784 947 444 660 1142 303 1233 190 411 1396 828 690 0 681 443 555 406 502 1056 1091 936 704 1045 968 613 1051 743 652 1074 1091 538 1082
1510 1047 1203 370 1111 505 845 1002 391 1390 415 1120 876 798 1312 407 694 1218 1273 844 1052 504 898 1586 807 554 758 309 172 681 0 844 881 807 1089 1484 1417 1262 1014 1106 1350 959 413 1127 1044 1462 1417 864 853
1006 578 531 1051 651 1187 19 331 1072 961 1216 660 157 1378 854 1089 456 708 845 19 842 1305 201 1157 268 593 1559 990 853 443 844 0 453 68 684 980 988 833 886 1227 892 530 1214 667 834 998 988 436 1264
862 335 420 1089 408 1224 453 215 1109 741 1253 417 484 1533 663 1126 568 570 624 453 997 1342 475 937 423 748 1596 1027 890 555 881 453 0 416 839 835 768 613 1041 1382 701 120 1251 424 989 813 768 80 1419
970 541 494 1015 614 1150 69 294 1035 925 1180 623 121 1342 817 1052 420 672 808 69 806 1269 165 1120 231 557 1522 954 816 406 807 68 416 0 648 943 952 797 850 1190 855 494 1177 630 798 961 952 399 1228
1324 895 848 1161 968 857 685 648 1182 1333 1112 977 651 729 1171 1199 515 1026 1382 685 193 957 544 1474 453 652 939 1100 1101 502 1092 684 839 648 0 1297 1521 1371 237 747 1209 854 1244 984 185 1315 1414 852 615
41 663 502 1691 736 1827 981 739 1712 149 1856 745 947 1991 339 1728 1069 506 294 980 1455 1945 933 421 881 1206 2199 1630 1493 1056 1484 980 835 943 1297 0 438 283 1499 1840 377 884 1854 752 1447 131 230 819 1877
465 675 725 1624 738 1760 989 912 1645 344 1789 747 1020 2172 483 1662 1104 569 228 989 1679 1878 1064 240 1105 1430 2132 1563 1426 1091 1417 988 768 952 1521 438 0 216 1723 2063 521 846 1787 754 1671 416 371 752 2101
310 520 579 1469 583 1605 834 757 1490 189 1634 592 865 2017 328 1507 949 414 73 834 1529 1723 909 385 955 1280 1977 1408 1271 936 1262 833 613 797 1371 283 216 0 1573 1914 366 691 1632 599 1521 261 216 597 1951
1526 1097 1050 983 1170 678 887 850 1004 1535 934 1179 853 551 1373 1020 717 1228 1584 887 98 778 746 1676 655 653 760 922 995 704 1014 886 1041 850 237 1499 1723 1573 0 569 1411 1056 1066 1186 89 1517 1616 1054 437
1863 1435 1388 1297 1508 992 1225 1188 1317 1873 1248 1517 1191 864 1711 1334 1055 1565 1922 1225 608 1092 1084 2014 993 746 1074 1236 1115 1042 1106 1224 1379 1187 747 1837 2060 1911 569 0 1749 1394 1379 1524 600 1855 1954 1392 750
403 575 414 1558 648 1693 893 651 1578 413 1723 657 859 1903 52 1595 981 418 377 893 1367 1811 846 554 793 1118 2065 1496 1359 968 1350 892 701 855 1209 377 521 366 1411 1752 0 779 1720 664 1359 395 494 685 1789
910 350 435 1166 423 1302 531 231 1187 819 1331 432 503 1548 741 1204 626 612 702 531 1012 1420 490 1015 438 763 1674 1105 968 613 959 530 120 494 854 884 846 691 1056 1397 779 0 1329 439 1004 891 846 158 1434
1880 1418 1573 740 1481 876 1215 1372 761 1760 504 1490 1246 770 1682 778 1065 1588 1643 1215 1116 593 1268 1956 1177 924 381 679 542 1051 413 1214 1251 1177 1255 1854 1787 1632 1077 1391 1720 1329 0 1497 1107 1832 1787 1235 927
779 112 303 1335 54 1470 668 371 1355 727 1500 37 634 1678 626 1372 756 481 610 668 1142 1588 621 923 568 893 1842 1274 1136 743 1127 667 424 630 984 752 754 599 1186 1527 664 439 1497 0 1134 770 754 437 1564
1473 1045 998 1014 1118 709 835 798 1034 1483 965 1127 801 581 1321 1051 665 1175 1532 835 31 809 694 1624 603 684 791 953 1026 652 1044 834 989 798 185 1447 1671 1521 89 600 1359 1004 1096 1134 0 1465 1564 1002 467
157 681 520 1669 754 1805 999 757 1690 127 1834 763 965 2009 357 1706 1087 524 272 999 1473 1923 952 439 899 1224 2177 1608 1471 1074 1462 998 813 961 1315 131 416 261 1517 1858 395 891 1832 770 1465 0 208 797 1895
256 674 619 1624 738 1760 989 856 1645 136 1789 747 1020 2108 456 1662 1104 569 227 989 1572 1878 1051 538 998 1323 2132 1563 1426 1091 1417 988 768 952 1414 230 371 216 1616 1957 494 846 1787 754 1564 208 0 752 1994
845 348 433 1072 421 1207 437 229 1092 725 1237 430 468 1546 647 1109 552 553 608 437 1010 1326 488 920 436 761 1579 1011 873 538 864 436 80 399 852 819 752 597 1054 1395 685 158 1235 437 1002 797 752 0 1432
1904 1475 1428 704 1548 400 1265 1228 725 1913 655 1557 1231 272 1751 741 1095 1606 1962 1265 476 500 1124 2054 1033 834 611 643 717 1082 853 1264 1419 1228 615 1877 2101 1951 437 750 1789 1434 916 1564 467 1895 1994 1432 0
EOF
