NAME : tsp_problem
TYPE : TSP
DIMENSION : 70
EDGE_WEIGHT_TYPE : EXPLICIT
EDGE_WEIGHT_FORMAT : FULL_MATRIX
EDGE_WEIGHT_SECTION
0 32 661 1724 417 1747 585 572 1437 475 1862 370 1515 1786 1404 1821 77 684 494 1644 1812 981 559 400 1440 1661 1732 122 548 950 1921 407 1675 544 435 417 871 2019 930 570 509 413 619 987 1411 1284 600 442 1626 1814 1902 525 1079 705 411 669 1286 385 1102 1665 1503 600 578 436 854 1904 795 1491 1643 1441
32 0 666 1728 422 1752 590 577 1441 480 1867 375 1520 1791 1409 1826 82 689 499 1649 1817 985 564 405 1444 1666 1736 127 552 955 1925 412 1680 549 440 422 876 2024 934 575 514 417 624 991 1416 1289 605 447 1631 1819 1907 530 1084 710 415 674 1291 390 1107 1670 1508 605 583 441 859 1908 800 1496 1648 1445
661 666 0 1313 567 1336 371 328 1026 781 1462 832 1104 1375 1004 1421 668 108 885 1233 1401 570 345 550 1029 1250 1321 580 939 549 1520 759 1264 936 772 567 460 1608 519 300 901 749 367 576 1011 1000 385 585 1215 1414 1502 831 668 159 536 123 875 811 691 1254 1092 347 308 562 454 1503 395 1080 1232 1030
1724 1728 1313 0 1640 87 1567 1484 721 1843 385 1899 800 543 979 428 1731 1336 1948 131 458 1110 1554 1707 725 93 56 1643 2002 1122 329 1822 679 1998 1835 1724 1265 808 1059 1509 1963 1812 1532 1116 876 1180 1555 1648 665 435 432 1894 939 1426 1599 1389 571 1874 962 89 788 1512 1517 1624 1293 434 1262 776 130 726
417 422 567 1640 0 1664 400 413 1353 571 1677 497 1431 1702 1219 1636 375 600 621 1560 1657 878 374 130 1356 1577 1648 371 675 764 1735 534 1592 672 563 147 706 1931 824 385 636 540 434 889 1226 1099 415 44 1543 1629 1717 622 921 520 91 484 1203 512 944 1582 1419 432 393 68 669 1718 610 1407 1559 1357
1747 1752 1336 87 1664 0 1591 1508 745 1867 357 1923 824 515 951 400 1755 1360 1972 155 430 1134 1578 1731 749 117 78 1667 2026 1146 301 1846 651 2022 1859 1748 1289 780 1083 1533 1987 1836 1556 1140 848 1152 1579 1672 637 407 404 1918 963 1450 1623 1413 595 1898 986 113 812 1536 1541 1648 1317 406 1286 800 154 749
585 590 371 1567 400 1591 0 143 1280 775 1558 666 1358 1622 1100 1517 543 414 790 1487 1538 758 41 384 1283 1504 1575 574 844 645 1616 703 1519 840 731 401 587 1812 705 128 805 709 57 770 1107 1096 37 426 1470 1510 1598 825 802 325 473 288 1130 681 825 1509 1346 70 136 449 549 1599 490 1334 1486 1284
572 577 328 1484 413 1508 143 0 1197 692 1571 679 1275 1546 1113 1530 557 371 796 1404 1551 741 131 397 1200 1421 1492 491 850 658 1629 670 1436 847 683 414 600 1779 690 86 812 661 108 747 1120 1109 131 439 1387 1523 1611 742 816 282 448 246 1047 694 839 1426 1263 88 94 463 563 1612 504 1251 1403 1201
1437 1441 1026 721 1353 745 1280 1197 0 1556 516 1612 92 427 894 572 1444 1049 1661 642 453 823 1267 1420 17 659 729 1356 1715 835 574 1535 316 1711 1548 1437 978 1017 772 1222 1676 1525 1245 829 913 1217 1268 1361 267 565 727 1607 652 1139 1312 1102 218 1587 675 663 80 1225 1230 1337 1006 729 975 68 641 60
475 480 781 1843 571 1867 775 692 1556 0 1994 434 1634 1905 1719 2050 483 804 183 1764 1932 1100 762 639 1559 1781 1851 394 237 1112 2052 357 1795 234 370 656 991 2139 1049 717 199 347 740 1106 1726 1598 762 579 1746 2043 2175 91 1199 892 530 856 1406 409 1222 1785 1623 720 725 556 1018 2176 987 1611 1763 1560
1862 1867 1462 385 1677 357 1558 1571 516 1994 0 1943 594 178 614 170 1820 1486 2067 415 94 1249 1532 1661 519 377 393 1794 2120 1136 130 1973 314 2117 1986 1678 1336 609 1195 1542 2082 1963 1591 1261 511 815 1572 1703 300 163 233 2044 1077 1355 1750 1367 656 1958 1100 373 582 1589 1550 1726 1299 234 1240 570 414 520
370 375 832 1899 497 1923 666 679 1612 434 1943 0 1690 1961 1484 1901 328 860 353 1820 1923 1143 640 481 1615 1837 1907 423 407 1030 2001 135 1851 403 164 498 971 2195 1089 650 368 141 699 1155 1491 1364 680 523 1802 1894 1983 485 1187 786 570 749 1462 113 1210 1841 1679 697 658 546 934 1984 875 1667 1819 1616
1515 1520 1104 800 1431 824 1358 1275 92 1634 594 1690 0 505 972 650 1522 1127 1739 720 531 901 1346 1499 95 737 808 1434 1793 913 652 1613 394 1790 1626 1516 1057 1095 850 1300 1754 1603 1324 907 991 1295 1346 1439 345 643 805 1685 731 1217 1390 1181 296 1665 754 741 41 1303 1308 1416 1084 807 1053 52 719 104
1786 1791 1375 543 1702 515 1622 1546 427 1905 178 1961 505 0 679 234 1793 1398 2010 573 115 1172 1596 1725 430 535 551 1705 2064 1184 236 1884 225 2061 1897 1742 1328 751 1121 1571 2025 1874 1595 1178 575 879 1617 1710 211 227 389 1956 1002 1419 1661 1431 567 1936 1025 531 493 1574 1579 1687 1355 391 1304 481 572 431
1401 1406 1001 979 1216 951 1097 1110 894 1716 614 1481 972 679 0 573 1359 1044 1605 1010 594 788 1071 1199 897 972 987 1454 1659 675 673 1518 815 1656 1547 1216 874 868 734 1081 1621 1524 1130 800 362 666 1111 1241 801 566 654 1766 567 894 1288 906 743 1496 590 967 960 1128 1089 1265 837 656 778 948 1009 898
1821 1826 1421 428 1636 400 1517 1530 572 2050 170 1901 650 234 573 0 1779 1464 2025 458 150 1208 1491 1619 575 421 436 1850 2079 1095 173 1938 370 2076 1967 1636 1294 551 1154 1501 2041 1944 1550 1220 470 774 1531 1661 356 122 175 2101 1036 1314 1709 1326 712 1916 1059 416 638 1548 1509 1685 1257 177 1198 626 457 576
77 82 668 1731 375 1755 543 557 1444 483 1820 328 1522 1793 1362 1779 0 692 452 1652 1800 988 517 358 1447 1669 1739 130 506 908 1879 365 1683 502 393 375 849 2027 937 528 467 371 577 994 1369 1242 558 400 1634 1772 1860 533 1065 663 418 627 1294 343 1088 1673 1511 575 536 424 812 1862 753 1499 1651 1448
684 689 108 1336 600 1360 414 371 1049 804 1486 860 1127 1398 1047 1464 692 0 908 1256 1424 593 388 593 1052 1273 1344 603 962 592 1545 782 1287 959 795 610 483 1631 542 343 924 772 410 599 1053 1043 428 608 1238 1457 1545 854 691 202 559 166 898 834 714 1277 1115 389 350 585 496 1546 437 1103 1255 1053
494 499 885 1948 621 1972 790 796 1661 183 2067 353 1739 2010 1608 2025 452 908 0 1868 2036 1205 764 605 1664 1885 1956 499 101 1154 2125 390 1899 97 419 622 1095 2243 1154 774 62 396 823 1211 1615 1488 804 647 1851 2018 2107 234 1304 910 635 874 1511 368 1327 1890 1727 821 782 660 1058 2108 999 1715 1867 1665
1644 1649 1233 131 1560 155 1487 1404 642 1764 415 1820 720 573 1010 458 1652 1256 1868 0 489 1030 1475 1628 645 69 139 1563 1922 1042 360 1742 709 1919 1755 1645 1186 823 979 1430 1884 1732 1453 1036 907 1210 1475 1568 695 466 463 1814 860 1346 1519 1310 491 1794 883 73 708 1432 1437 1545 1214 464 1182 696 51 646
1812 1817 1401 458 1657 430 1538 1551 453 1932 94 1923 531 115 594 150 1800 1424 2036 489 0 1198 1512 1641 456 451 466 1731 2090 1116 152 1910 252 2087 1923 1657 1316 666 1147 1522 2052 1900 1571 1205 491 795 1552 1683 237 143 305 1982 1028 1335 1687 1347 593 1938 1051 446 519 1569 1530 1706 1279 307 1220 507 488 457
981 985 570 1110 878 1134 758 741 823 1100 1249 1143 901 1172 791 1208 988 593 1205 1030 1198 0 732 861 826 1047 1118 900 1259 165 1308 1079 1062 1255 1092 878 522 1405 185 743 1220 1069 789 107 798 788 773 903 1013 1201 1289 1151 357 556 856 568 673 1131 380 1052 889 769 751 881 499 1291 440 877 1029 827
559 564 345 1554 374 1578 41 131 1267 762 1532 640 1346 1596 1074 1491 517 388 764 1475 1512 732 0 358 1270 1492 1562 562 817 619 1590 677 1506 814 705 375 560 1786 679 102 779 683 75 744 1080 1070 56 400 1457 1484 1572 812 776 298 447 262 1117 655 799 1496 1334 101 110 423 523 1573 464 1322 1474 1271
400 405 550 1707 130 1731 384 397 1420 639 1661 481 1499 1725 1202 1619 358 593 605 1628 1641 861 358 0 1424 1645 1715 438 658 748 1719 517 1659 655 546 51 689 1915 807 368 620 523 417 873 1209 1082 398 156 1610 1612 1701 689 905 504 203 468 1270 496 928 1649 1487 415 376 179 652 1702 593 1475 1627 1425
1440 1444 1029 725 1356 749 1283 1200 17 1559 519 1615 95 430 897 575 1447 1052 1664 645 456 826 1270 1424 0 662 733 1359 1718 838 577 1538 319 1714 1551 1440 982 1020 775 1225 1679 1528 1248 832 916 1220 1271 1364 270 568 730 1610 656 1142 1315 1105 221 1590 679 666 84 1228 1233 1341 1009 732 978 72 644 63
1661 1666 1250 93 1577 117 1504 1421 659 1781 377 1837 737 535 972 421 1669 1273 1885 69 451 1047 1492 1645 662 0 101 1580 1939 1059 322 1759 671 1936 1772 1662 1203 801 997 1447 1901 1750 1470 1054 869 1172 1492 1585 657 428 425 1831 877 1363 1537 1327 508 1812 900 49 725 1449 1455 1562 1231 426 1199 713 68 663
1732 1736 1321 56 1648 78 1575 1492 729 1851 393 1907 808 551 987 436 1739 1344 1956 139 466 1118 1562 1715 733 101 0 1651 2010 1130 337 1830 687 2006 1843 1732 1273 816 1067 1517 1971 1820 1540 1124 884 1188 1563 1656 673 443 440 1902 947 1434 1607 1397 579 1882 970 97 796 1520 1525 1632 1301 442 1270 784 138 734
122 127 580 1643 371 1667 574 491 1356 394 1794 423 1434 1705 1457 1850 130 603 499 1563 1731 900 562 438 1359 1580 1651 0 553 912 1852 373 1594 549 386 455 790 1938 849 517 514 363 540 906 1464 1337 562 379 1546 1843 1955 445 999 692 330 656 1206 425 1022 1585 1422 519 524 355 818 1957 787 1410 1562 1360
548 552 939 2002 675 2026 844 850 1715 237 2120 407 1793 2064 1662 2079 506 962 101 1922 2090 1259 817 658 1718 1939 2010 553 0 1208 2179 444 1953 37 472 675 1149 2297 1208 828 116 450 877 1265 1669 1542 858 700 1904 2072 2160 287 1358 964 689 927 1564 422 1381 1943 1781 875 836 714 1112 2162 1053 1769 1921 1719
950 955 549 1122 764 1146 645 658 835 1112 1136 1030 913 1184 678 1095 908 592 1154 1042 1116 165 619 748 838 1059 1130 912 1208 0 1194 1067 1073 1204 1096 765 423 1390 111 630 1169 1073 679 177 685 674 660 790 1024 1088 1176 1162 369 442 837 454 684 1045 392 1063 901 677 638 814 386 1177 327 889 1041 839
1921 1925 1520 329 1735 301 1616 1629 574 2052 130 2001 652 236 673 173 1879 1545 2125 360 152 1308 1590 1719 577 322 337 1852 2179 1194 0 2031 372 2175 2044 1736 1394 553 1254 1601 2140 2021 1650 1319 570 873 1631 1761 358 180 178 2103 1135 1413 1808 1425 714 2016 1158 317 640 1648 1609 1785 1357 179 1298 628 359 578
407 412 759 1822 534 1846 703 670 1535 357 1973 135 1613 1884 1521 1938 365 782 390 1742 1910 1079 677 517 1538 1759 1830 373 444 1067 2031 0 1773 440 87 534 969 2117 1028 687 405 64 719 1085 1528 1401 717 557 1725 1931 2019 407 1178 823 509 786 1384 110 1201 1763 1601 698 695 534 971 2021 912 1589 1741 1539
1675 1680 1264 679 1592 651 1519 1436 316 1795 314 1851 394 225 815 370 1683 1287 1899 709 252 1062 1506 1659 319 671 687 1594 1953 1073 372 1773 0 1950 1786 1676 1217 887 1011 1461 1915 1764 1484 1068 712 1015 1506 1599 101 363 526 1845 891 1377 1551 1341 457 1826 914 667 383 1463 1469 1576 1245 527 1213 371 708 320
544 549 936 1998 672 2022 840 847 1711 234 2117 403 1790 2061 1659 2076 502 959 97 1919 2087 1255 814 655 1714 1936 2006 549 37 1204 2175 440 1950 0 469 672 1146 2294 1204 825 113 446 874 1261 1666 1538 854 697 1901 2069 2157 284 1354 960 685 924 1561 418 1377 1940 1778 872 832 711 1109 2158 1050 1766 1918 1715
435 440 772 1835 563 1859 731 683 1548 370 1986 164 1626 1897 1550 1967 393 795 419 1755 1923 1092 705 546 1551 1772 1843 386 472 1096 2044 87 1786 469 0 563 982 2130 1041 709 434 58 732 1098 1557 1430 746 570 1737 1960 2048 420 1191 851 522 815 1397 139 1214 1776 1614 711 716 547 1000 2049 941 1602 1754 1552
417 422 567 1724 147 1748 401 414 1437 656 1678 498 1516 1742 1219 1636 375 610 622 1645 1657 878 375 51 1440 1662 1732 455 675 765 1736 534 1676 672 563 0 706 1932 824 385 637 540 434 890 1226 1099 415 173 1627 1629 1717 706 922 521 220 484 1287 513 945 1666 1504 432 393 196 669 1719 610 1492 1644 1441
871 876 460 1265 706 1289 587 600 978 991 1336 971 1057 1328 877 1294 849 483 1095 1186 1316 522 560 689 982 1203 1273 790 1149 423 1394 969 1217 1146 982 706 0 1561 471 571 1111 959 620 529 884 874 601 731 1168 1287 1376 1041 580 384 746 396 828 986 603 1207 1045 618 579 755 151 1377 119 1033 1185 983
2019 2024 1608 819 1935 791 1823 1779 1017 2139 620 2195 1095 762 880 562 2027 1631 2243 823 678 1405 1797 1926 1020 812 827 1938 2297 1401 565 2117 898 2294 2130 1943 1561 0 1354 1805 2259 2107 1828 1412 777 1051 1838 1943 884 569 466 2189 1235 1620 1894 1632 866 2169 1258 807 1083 1807 1812 1920 1564 468 1505 1071 822 1021
930 934 519 1059 824 1083 705 690 772 1049 1195 1089 850 1121 737 1154 937 542 1154 979 1147 185 679 807 775 997 1067 849 1208 111 1254 1028 1011 1204 1041 824 471 1354 0 689 1169 1018 738 192 744 734 719 849 962 1147 1235 1100 306 502 805 514 622 1080 329 1001 838 718 697 830 445 1237 386 826 978 776
570 575 300 1509 385 1533 128 86 1222 717 1542 650 1300 1571 1084 1501 528 343 774 1430 1522 743 102 368 1225 1447 1517 517 828 630 1601 687 1461 825 709 385 571 1796 689 0 790 686 125 755 1091 1081 143 410 1412 1494 1582 767 787 253 457 217 1072 665 810 1451 1289 104 65 434 534 1584 475 1277 1429 1226
509 514 901 1963 636 1987 805 812 1676 199 2082 368 1754 2025 1624 2041 467 924 62 1884 2052 1220 779 620 1679 1901 1971 514 116 1169 2140 405 1915 113 434 637 1111 2259 1169 790 0 411 839 1226 1631 1503 819 662 1866 2034 2122 249 1319 925 650 889 1526 383 1342 1905 1743 837 797 676 1074 2123 1015 1731 1883 1680
413 417 749 1812 540 1836 709 661 1525 347 1963 141 1603 1874 1527 1944 371 772 396 1732 1900 1069 683 523 1528 1750 1820 363 450 1073 2021 64 1764 446 58 540 959 2107 1018 686 411 0 709 1075 1534 1407 723 548 1715 1937 2025 398 1168 829 499 792 1375 116 1191 1754 1591 688 694 525 977 2027 918 1579 1731 1529
619 624 367 1532 434 1556 57 108 1245 740 1591 699 1324 1595 1133 1550 577 410 823 1453 1571 789 75 417 1248 1470 1540 540 877 679 1650 719 1484 874 732 434 620 1828 738 125 839 709 0 795 1140 1130 50 459 1435 1543 1631 790 836 321 496 285 1095 714 859 1474 1312 35 132 483 583 1633 524 1300 1452 1249
987 991 576 1116 889 1140 770 747 829 1106 1261 1155 907 1178 803 1220 994 599 1211 1036 1205 107 744 873 832 1054 1124 906 1265 177 1319 1085 1068 1261 1098 890 529 1412 192 755 1226 1075 795 0 810 799 785 911 1019 1213 1301 1157 363 567 862 579 679 1137 386 1058 896 775 763 888 511 1302 452 884 1036 833
1411 1416 1011 876 1226 848 1107 1120 913 1726 511 1491 991 575 362 470 1369 1053 1615 907 491 798 1080 1209 916 869 884 1464 1669 685 570 1528 712 1666 1557 1226 884 765 744 1091 1631 1534 1140 810 0 364 1121 1251 698 463 551 1776 825 904 1298 916 1001 1506 848 864 980 1138 1099 1275 847 553 788 968 906 917
1284 1289 1000 1180 1099 1152 1096 1109 1217 1598 815 1364 1295 879 666 774 1242 1043 1488 1210 795 788 1070 1082 1220 1172 1188 1337 1542 674 873 1401 1015 1538 1430 1099 874 1040 734 1081 1503 1407 1130 799 364 0 1111 1124 1001 767 855 1649 831 893 1171 905 1269 1379 854 1168 1283 1128 1089 1148 837 856 778 1271 1209 1221
600 605 385 1555 415 1579 37 131 1268 762 1572 680 1346 1617 1114 1531 558 428 804 1475 1552 773 56 398 1271 1492 1563 562 858 660 1631 717 1506 854 746 415 601 1826 719 143 819 723 50 785 1121 1111 0 440 1457 1524 1612 813 817 339 487 303 1117 695 840 1496 1334 57 151 464 564 1614 505 1322 1474 1272
442 447 585 1648 44 1672 426 439 1361 579 1703 523 1439 1710 1244 1661 400 608 647 1568 1683 903 400 156 1364 1585 1656 379 700 790 1761 557 1599 697 570 173 731 1943 849 410 662 548 459 911 1251 1124 440 0 1550 1654 1743 629 947 546 82 510 1210 538 970 1589 1427 457 418 59 694 1744 635 1415 1567 1365
1626 1631 1215 665 1543 637 1470 1387 267 1746 300 1802 345 211 801 356 1634 1238 1851 695 237 1013 1457 1610 270 657 673 1546 1904 1024 358 1725 101 1901 1737 1627 1168 873 962 1412 1866 1715 1435 1019 698 1001 1457 1550 0 349 512 1796 842 1328 1502 1292 408 1777 865 653 334 1414 1420 1527 1196 513 1165 322 694 271
1814 1819 1414 435 1629 407 1510 1523 565 2043 163 1894 643 227 566 122 1772 1457 2018 466 143 1201 1484 1612 568 428 443 1843 2072 1088 180 1931 363 2069 1960 1629 1287 558 1147 1494 2034 1937 1543 1213 463 767 1524 1654 349 0 182 2094 1029 1307 1702 1319 705 1909 1052 423 631 1541 1502 1678 1250 184 1191 619 465 569
1902 1907 1502 432 1717 404 1598 1611 727 2175 233 1983 805 389 654 175 1860 1545 2107 463 305 1289 1572 1701 730 425 440 1955 2160 1176 178 2019 526 2157 2048 1717 1376 455 1235 1582 2122 2025 1631 1301 551 855 1612 1743 512 182 0 2225 1117 1395 1790 1407 868 1998 1140 420 794 1629 1590 1766 1339 28 1280 782 462 731
525 530 831 1894 622 1918 825 742 1607 91 2044 485 1685 1956 1769 2101 533 854 234 1814 1982 1151 812 689 1610 1831 1902 445 287 1162 2103 407 1845 284 420 706 1041 2189 1100 767 249 398 790 1157 1776 1649 813 629 1796 2094 2225 0 1249 943 581 906 1456 460 1272 1835 1673 770 775 606 1069 2226 1038 1661 1813 1611
1079 1084 668 939 921 963 802 816 652 1199 1074 1187 731 1002 564 1033 1065 691 1304 860 1028 357 776 905 656 877 947 999 1358 369 1132 1178 891 1354 1191 922 580 1235 306 787 1319 1168 836 363 822 831 817 947 842 1026 1114 1249 0 599 955 612 502 1202 55 881 719 834 795 971 543 1115 484 707 859 656
705 710 159 1426 520 1450 325 282 1139 892 1355 786 1217 1419 897 1314 663 202 910 1346 1335 556 298 504 1142 1363 1434 692 964 442 1413 823 1377 960 851 521 384 1609 502 253 925 829 321 567 904 893 339 546 1328 1307 1395 943 599 0 593 60 988 801 622 1367 1205 300 261 569 347 1396 288 1193 1345 1143
411 415 536 1599 91 1623 473 448 1312 530 1750 570 1390 1661 1291 1709 418 559 635 1519 1687 856 447 203 1315 1537 1607 330 689 837 1808 509 1551 685 522 220 746 1894 805 457 650 499 496 862 1298 1171 487 82 1502 1702 1790 581 955 593 0 557 1162 561 978 1541 1378 475 465 70 741 1791 682 1366 1518 1316
669 674 123 1389 484 1413 288 246 1102 856 1367 749 1181 1431 909 1326 627 166 874 1310 1347 568 262 468 1105 1327 1397 656 927 454 1425 786 1341 924 815 484 396 1621 514 217 889 792 285 579 916 905 303 510 1292 1319 1407 906 612 60 557 0 952 765 635 1331 1169 264 225 533 359 1408 300 1157 1309 1106
1286 1291 875 571 1203 595 1130 1047 218 1406 656 1462 296 567 743 712 1294 898 1511 491 593 673 1117 1270 221 508 579 1206 1564 684 714 1384 457 1561 1397 1287 828 866 622 1072 1526 1375 1095 679 1001 1266 1117 1210 408 705 868 1456 502 988 1162 952 0 1437 525 512 284 1074 1080 1187 856 869 825 272 490 222
385 390 811 1874 512 1898 681 694 1587 409 1958 113 1665 1936 1499 1916 343 834 368 1794 1938 1131 655 496 1590 1812 1882 425 422 1045 2016 110 1826 418 139 513 986 2169 1080 665 383 116 714 1137 1506 1379 695 538 1777 1909 1998 460 1202 801 561 765 1437 0 1225 1816 1653 712 673 561 949 1999 890 1641 1793 1591
1102 1107 691 962 944 986 825 839 675 1222 1097 1210 754 1025 587 1056 1088 714 1327 883 1051 380 799 928 679 900 970 1022 1381 392 1155 1201 914 1377 1214 945 603 1258 329 810 1342 1191 859 386 845 854 840 970 865 1049 1137 1272 55 622 978 635 525 1225 0 904 742 857 818 994 566 1138 507 730 882 679
1665 1670 1254 89 1582 113 1509 1426 663 1785 373 1841 741 531 967 416 1673 1277 1890 73 446 1052 1496 1649 666 49 97 1585 1943 1063 317 1763 667 1940 1776 1666 1207 796 1001 1451 1905 1754 1474 1058 864 1168 1496 1589 653 423 420 1835 881 1367 1541 1331 512 1816 904 0 729 1453 1459 1566 1235 422 1204 717 72 667
1503 1508 1092 788 1419 812 1346 1263 80 1623 582 1679 41 493 960 638 1511 1115 1727 708 519 889 1334 1487 84 725 796 1422 1781 901 640 1601 383 1778 1614 1504 1045 1083 838 1289 1743 1591 1312 896 980 1283 1334 1427 334 631 794 1673 719 1205 1378 1169 284 1653 742 729 0 1291 1296 1404 1073 795 1041 64 707 116
600 605 347 1512 432 1536 70 88 1225 720 1589 697 1303 1574 1131 1548 575 389 821 1432 1569 769 101 415 1228 1449 1520 519 875 677 1648 698 1463 872 711 432 618 1807 718 104 837 688 35 775 1138 1128 57 457 1414 1541 1629 770 834 300 475 264 1074 712 857 1453 1291 0 112 481 581 1631 522 1279 1431 1229
578 583 308 1517 393 1541 136 94 1230 725 1550 658 1308 1579 1092 1509 536 350 782 1437 1530 751 110 376 1233 1455 1525 524 836 638 1609 695 1469 832 716 393 579 1804 697 65 797 694 132 763 1099 1089 151 418 1420 1502 1590 775 795 261 465 225 1080 673 818 1459 1296 112 0 442 542 1592 483 1284 1436 1234
436 441 562 1624 68 1648 449 463 1337 556 1726 546 1416 1687 1268 1685 424 585 660 1545 1706 881 423 179 1341 1562 1632 355 714 814 1785 534 1576 711 547 196 755 1920 830 434 676 525 483 888 1275 1148 464 59 1527 1678 1766 606 971 569 70 533 1187 561 994 1566 1404 481 442 0 718 1768 659 1392 1544 1342
854 859 454 1293 669 1317 549 563 1006 1018 1299 934 1084 1355 840 1257 812 496 1058 1214 1279 499 523 652 1009 1231 1301 818 1112 386 1357 971 1245 1109 1000 669 151 1553 445 534 1074 977 583 511 847 837 564 694 1196 1250 1339 1069 543 347 741 359 856 949 566 1235 1073 581 542 718 0 1340 82 1061 1213 1010
1904 1908 1503 434 1718 406 1599 1612 729 2176 234 1984 807 391 656 177 1862 1546 2108 464 307 1291 1573 1702 732 426 442 1957 2162 1177 179 2021 527 2158 2049 1719 1377 456 1237 1584 2123 2027 1633 1302 553 856 1614 1744 513 184 28 2226 1118 1396 1791 1408 869 1999 1141 422 795 1631 1592 1768 1340 0 1281 783 463 733
795 800 395 1262 610 1286 490 504 975 987 1240 875 1053 1304 781 1198 753 437 999 1182 1220 440 464 593 978 1199 1270 787 1053 327 1298 912 1213 1050 941 610 119 1494 386 475 1015 918 524 452 788 778 505 635 1165 1191 1280 1038 484 288 682 300 825 890 507 1204 1041 522 483 659 82 1281 0 1029 1181 979
1491 1496 1080 776 1407 800 1334 1251 68 1611 570 1667 52 481 948 626 1499 1103 1715 696 507 877 1322 1475 72 713 784 1410 1769 889 628 1589 371 1766 1602 1492 1033 1071 826 1277 1731 1579 1300 884 968 1271 1322 1415 322 619 782 1661 707 1193 1366 1157 272 1641 730 717 64 1279 1284 1392 1061 783 1029 0 695 86
1643 1648 1232 130 1559 154 1486 1403 641 1763 414 1819 719 572 1009 457 1651 1255 1867 51 488 1029 1474 1627 644 68 138 1562 1921 1041 359 1741 708 1918 1754 1644 1185 822 978 1429 1883 1731 1452 1036 906 1209 1474 1567 694 465 462 1813 859 1345 1518 1309 490 1793 882 72 707 1431 1436 1544 1213 463 1181 695 0 645
1441 1445 1030 726 1357 749 1284 1201 60 1560 520 1616 104 431 898 576 1448 1053 1665 646 457 827 1271 1425 63 663 734 1360 1719 839 578 1539 320 1715 1552 1441 983 1021 776 1226 1680 1529 1249 833 917 1221 1272 1365 271 569 731 1611 656 1143 1316 1106 222 1591 679 667 116 1229 1234 1342 1010 733 979 86 645 0
EOF