NAME : tsp_problem
TYPE : TSP
DIMENSION : 82
EDGE_WEIGHT_TYPE : EXPLICIT
EDGE_WEIGHT_FORMAT : FULL_MATRIX
EDGE_WEIGHT_SECTION
0 1293 117 600 1315 919 569 691 822 481 1328 1074 911 353 926 603 503 1408 833 1419 822 1487 1017 568 1086 1337 1419 1039 1021 861 593 1063 495 875 498 678 644 1000 835 104 683 588 402 740 570 544 1431 821 1071 774 679 347 1203 615 825 1469 1427 1531 1247 482 584 780 490 565 1044 1403 579 165 1465 497 1239 394 616 97 1243 580 1341 357 478 427 1113 754
1293 0 1335 1654 71 1973 1623 971 1876 1278 617 761 1965 1515 1980 1054 1557 485 1887 444 1876 455 922 1622 773 623 444 726 708 991 1647 750 1174 1929 1552 1017 1698 687 1889 1348 1737 1698 1590 1794 1102 1598 400 1875 758 747 1786 1400 144 1668 1879 395 437 336 653 1279 1638 1834 1205 1619 731 1192 1633 1219 363 1294 129 1190 1726 1340 133 1691 627 1466 1275 1210 211 1808
117 1335 0 642 1358 962 611 669 864 463 1307 1117 954 331 969 581 545 1387 876 1398 834 1465 995 610 1129 1380 1397 1082 1063 839 636 1105 474 918 541 657 686 1042 847 138 696 566 380 783 613 587 1446 864 1114 817 658 383 1246 657 868 1448 1405 1509 1289 464 598 822 468 571 1087 1381 606 207 1480 479 1282 436 594 130 1285 559 1384 335 460 405 1156 797
600 1654 642 0 1676 563 393 1137 466 842 1774 1435 556 562 571 1048 327 1840 478 1865 439 1933 1463 392 1447 1698 1816 1400 1382 1307 55 1424 941 519 323 1116 136 1361 452 655 175 468 495 385 931 368 1792 466 1432 1135 223 447 1564 39 469 1867 1824 1918 1608 843 408 424 936 389 1405 1848 403 471 1826 858 1600 755 497 647 1604 461 1702 512 839 873 1474 398
1315 71 1358 1676 0 1995 1645 993 1898 1300 639 784 1988 1538 2003 1077 1579 507 1910 467 1898 478 945 1644 796 645 467 749 730 1014 1670 772 1197 1951 1575 1039 1720 709 1911 1370 1759 1720 1612 1817 1124 1620 422 1898 780 769 1808 1423 166 1691 1901 418 460 359 675 1301 1660 1856 1228 1642 754 1214 1655 1241 386 1316 152 1213 1749 1363 155 1713 650 1488 1297 1233 234 1830
919 1973 962 563 1995 0 712 1302 269 1096 1940 1755 63 834 57 1214 646 2020 281 2031 383 2098 1628 711 1767 2017 2030 1719 1701 1472 557 1743 1107 81 642 1290 522 1680 396 974 467 649 661 444 1250 688 2079 269 1751 1455 428 766 1883 578 273 2081 2038 2142 1927 1097 681 400 1102 654 1725 2014 689 790 2113 1113 1920 1074 677 967 1923 642 2022 832 1093 1038 1794 445
569 1623 611 393 1645 712 0 946 615 740 1583 1404 705 478 720 858 85 1663 627 1674 561 1742 1272 115 1416 1667 1674 1369 1351 1116 387 1393 750 668 136 933 437 1330 573 624 423 207 304 534 900 95 1723 614 1401 1104 384 416 1533 408 618 1724 1682 1786 1577 741 77 573 745 96 1374 1658 85 440 1757 756 1569 724 236 616 1573 200 1671 481 737 682 1443 547
691 971 669 1137 993 1302 946 0 1403 494 746 752 1295 759 1310 148 947 826 1415 837 1130 905 383 932 764 1015 837 717 699 227 1130 741 332 1258 950 78 1047 678 1143 683 992 862 676 1191 457 934 885 1403 749 256 954 812 881 1151 1406 887 844 948 925 495 894 1147 363 867 722 769 902 746 919 510 917 507 890 676 921 855 1019 763 491 297 791 1192
822 1876 864 466 1898 269 615 1403 0 1064 2057 1657 262 784 277 1332 549 2062 22 2139 472 2216 1746 614 1669 1920 2039 1622 1604 1590 460 1646 1224 225 545 1338 510 1583 485 877 549 690 778 391 1153 590 2014 36 1654 1357 546 669 1786 481 15 2089 2046 2140 1830 1065 630 430 1219 612 1627 2132 625 693 2048 1080 1822 977 719 870 1826 683 1924 735 1061 1156 1696 404
481 1278 463 842 1300 1096 740 494 1064 0 1131 1059 1089 553 1104 405 741 1211 1075 1222 924 1290 820 726 1071 1322 1222 1024 1006 664 836 1048 298 1052 741 481 841 985 937 477 786 656 470 982 510 728 1270 1063 1056 693 748 589 1188 857 1067 1272 1229 1333 1232 33 688 941 293 661 1029 1205 696 407 1304 33 1224 124 684 470 1228 648 1326 557 32 230 1098 986
1328 617 1307 1774 639 1940 1583 749 2057 1131 0 722 1932 1397 1947 839 1584 180 2069 191 1767 190 406 1570 735 717 191 687 669 548 1768 711 969 1896 1587 801 1685 648 1780 1321 1630 1499 1313 1828 1095 1571 239 2057 719 795 1591 1449 689 1789 2061 241 198 302 455 1132 1532 1784 1001 1504 693 675 1540 1419 273 1147 674 1144 1528 1313 677 1492 721 1401 1128 934 756 1829
1074 761 1117 1435 784 1755 1404 752 1657 1059 722 0 1747 1297 1762 836 1338 591 1669 668 1658 819 929 1403 64 806 568 71 89 773 1429 88 956 1711 1334 799 1480 84 1670 1130 1519 1480 1371 1576 884 1380 543 1657 37 529 1567 1182 672 1450 1661 618 575 701 359 1061 1419 1615 987 1401 64 1297 1414 1000 577 1076 708 972 1508 1122 712 1472 810 1247 1056 992 582 1590
911 1965 954 556 1988 63 705 1295 262 1089 1932 1747 0 826 64 1207 639 2012 273 2023 376 2091 1621 704 1759 2010 2023 1712 1694 1465 549 1735 1099 74 634 1282 514 1672 389 967 459 641 653 437 1243 680 2071 261 1744 1447 421 759 1876 571 265 2073 2030 2135 1919 1090 674 393 1094 646 1717 2006 682 782 2106 1105 1912 1066 670 959 1916 634 2014 824 1086 1031 1786 438
353 1515 331 562 1538 834 478 759 784 553 1397 1297 826 0 841 671 465 1477 796 1488 662 1555 1085 464 1309 1560 1487 1262 1244 929 556 1285 564 790 461 747 579 1222 674 345 524 394 208 703 775 466 1536 784 1294 958 485 171 1426 577 787 1538 1495 1599 1469 554 426 678 558 399 1267 1471 434 332 1570 569 1462 566 422 338 1466 386 1564 102 550 495 1336 716
926 1980 969 571 2003 57 720 1310 277 1104 1947 1762 64 841 0 1222 654 2027 288 2038 391 2106 1636 719 1774 2025 2038 1727 1709 1480 564 1750 1114 89 649 1297 529 1687 404 982 474 656 668 452 1258 695 2086 276 1759 1462 436 774 1891 586 280 2088 2045 2150 1934 1105 689 408 1109 661 1732 2021 697 797 2121 1120 1927 1081 685 974 1931 649 2029 839 1101 1046 1801 453
603 1054 581 1048 1077 1214 858 148 1332 405 837 836 1207 671 1222 0 859 917 1343 927 1042 995 474 844 848 1099 927 801 783 318 1042 824 244 1170 862 112 959 761 1055 595 904 774 588 1103 369 846 976 1331 833 347 866 724 965 1063 1335 977 935 1039 1008 407 806 1059 275 779 806 859 814 694 1010 422 1001 419 802 588 1005 766 1103 675 402 209 875 1104
503 1557 545 327 1579 646 85 947 549 741 1584 1338 639 465 654 859 0 1664 561 1675 549 1743 1273 84 1350 1601 1675 1303 1285 1117 321 1327 751 602 70 934 371 1264 562 558 410 208 305 467 834 60 1695 548 1335 1038 385 350 1467 342 552 1725 1682 1787 1511 742 100 507 746 128 1308 1659 95 374 1729 757 1503 658 237 550 1507 201 1605 415 738 683 1377 481
1408 485 1387 1840 507 2020 1663 829 2062 1211 180 591 2012 1477 2027 919 1664 0 2073 126 1848 278 486 1650 603 866 59 555 537 628 1833 579 1050 1976 1668 881 1765 516 1860 1401 1710 1579 1393 1908 1175 1651 107 2061 587 875 1671 1529 557 1854 2065 109 66 195 323 1213 1612 1864 1081 1584 561 755 1620 1405 141 1228 542 1224 1608 1393 545 1572 870 1481 1208 1014 624 1909
833 1887 876 478 1910 281 627 1415 22 1075 2069 1669 273 796 288 1343 561 2073 0 2151 484 2228 1758 625 1681 1932 2050 1634 1615 1602 471 1657 1236 237 556 1349 522 1594 497 889 561 702 790 402 1165 602 2026 30 1666 1369 557 681 1798 492 29 2100 2058 2151 1841 1077 641 442 1231 623 1639 2143 637 704 2060 1092 1834 988 730 881 1837 695 1936 746 1072 1167 1708 416
1419 444 1398 1865 467 2031 1674 840 2139 1222 191 668 2023 1488 2038 930 1675 126 2151 0 1858 171 497 1661 680 775 137 633 615 639 1859 657 1060 1987 1678 892 1776 594 1871 1412 1721 1590 1404 1919 1186 1662 185 2139 665 886 1682 1540 516 1880 2143 187 144 129 401 1223 1623 1875 1091 1595 638 766 1630 1482 219 1238 501 1235 1619 1404 505 1583 779 1492 1219 1025 583 1920
822 1876 834 439 1898 383 561 1130 472 924 1767 1658 376 662 391 1042 549 1848 484 1858 0 1926 1456 547 1670 1921 1858 1622 1604 1300 432 1646 934 339 545 1117 350 1583 48 848 294 477 488 141 1146 549 1907 472 1654 1329 256 669 1786 454 476 1908 1866 1970 1830 925 509 97 929 482 1628 1842 517 693 1941 940 1823 937 505 841 1826 469 1925 666 921 866 1697 142
1487 455 1465 1933 478 2098 1742 907 2216 1290 190 819 2091 1555 2106 998 1743 278 2228 171 1926 0 564 1728 831 649 268 784 765 707 1926 807 1128 2054 1746 959 1843 744 1939 1479 1788 1658 1472 1987 1254 1730 300 2216 815 954 1750 1608 527 1948 2219 219 261 140 551 1291 1690 1943 1159 1663 789 834 1698 1578 263 1306 512 1303 1686 1472 516 1651 653 1560 1287 1093 594 1988
1014 922 992 1460 945 1625 1269 386 1743 817 406 929 1618 1082 1633 477 1270 486 1755 497 1453 564 0 1255 941 1092 497 893 875 185 1453 917 655 1581 1273 438 1370 854 1466 1006 1315 1185 999 1514 781 1257 545 1743 925 432 1277 1135 994 1475 1746 547 504 608 761 818 1218 1470 686 1190 899 428 1225 1101 579 833 979 830 1214 999 983 1178 1096 1087 814 620 968 1515
568 1622 610 392 1644 711 115 932 614 726 1570 1403 704 464 719 844 84 1650 625 1661 547 1728 1258 0 1415 1666 1661 1368 1350 1102 385 1392 737 667 135 920 436 1329 560 623 409 194 291 532 899 94 1709 613 1400 1103 371 415 1532 407 617 1711 1668 1772 1576 727 64 564 732 83 1373 1644 72 439 1743 743 1568 723 222 615 1572 187 1670 468 723 668 1442 546
1086 773 1129 1447 796 1767 1416 764 1669 1071 735 64 1759 1309 1774 848 1350 603 1681 680 1670 831 941 1415 0 818 580 101 119 785 1441 77 968 1723 1346 811 1492 96 1682 1142 1531 1492 1383 1588 896 1392 555 1669 67 541 1579 1194 684 1462 1673 630 587 713 371 1073 1431 1628 999 1413 94 1309 1426 1012 589 1088 720 984 1520 1134 724 1484 822 1259 1068 1004 594 1602
1337 623 1380 1698 645 2017 1667 1015 1920 1322 728 806 2010 1560 2025 1099 1601 878 1932 786 1921 660 1103 1666 818 0 883 771 753 1036 1692 794 1219 1973 1597 1061 1742 731 1933 1392 1781 1743 1634 1839 1146 1643 915 1920 803 791 1830 1445 533 1713 1924 834 876 756 978 1324 1682 1878 1250 1664 776 1372 1677 1263 879 1339 570 1235 1771 1385 573 1735 34 1510 1319 1255 444 1852
1419 444 1397 1816 467 2030 1674 839 2039 1222 191 568 2023 1487 2038 930 1675 59 2050 137 1858 268 497 1661 580 872 0 532 514 639 1810 556 1060 1986 1678 891 1776 493 1871 1412 1720 1590 1404 1919 1186 1662 84 2038 564 886 1682 1540 516 1831 2042 86 43 162 300 1223 1623 1875 1091 1595 538 766 1630 1382 118 1238 501 1235 1619 1404 505 1583 876 1492 1219 1025 583 1920
1039 726 1082 1400 749 1719 1369 717 1622 1024 687 71 1712 1262 1727 801 1303 555 1634 633 1622 784 893 1368 101 771 532 0 75 738 1394 117 921 1675 1299 763 1444 54 1635 1094 1483 1444 1336 1541 848 1344 508 1622 74 493 1532 1147 636 1415 1625 582 540 666 323 1025 1384 1580 952 1366 99 1262 1379 965 542 1040 673 937 1473 1087 676 1437 775 1212 1021 957 547 1554
1021 708 1063 1382 730 1701 1351 699 1604 1006 669 89 1694 1244 1709 783 1285 537 1615 615 1604 765 875 1350 119 753 514 75 0 719 1376 99 903 1657 1281 745 1426 36 1617 1076 1465 1426 1318 1522 830 1326 490 1603 92 475 1514 1129 618 1397 1607 564 522 648 305 1007 1366 1562 934 1347 81 1244 1361 947 524 1022 655 919 1455 1069 658 1419 757 1194 1003 939 529 1536
864 991 842 1310 1014 1475 1119 230 1593 667 548 773 1468 932 1483 321 1120 628 1605 639 1303 707 185 1105 785 1036 639 738 719 0 1303 761 505 1431 1123 282 1220 698 1316 856 1165 1035 849 1364 630 1107 687 1592 769 276 1127 985 901 1324 1596 689 646 751 903 668 1067 1320 536 1040 743 571 1075 945 721 683 938 680 1063 849 941 1028 1040 936 664 470 812 1365
593 1647 636 55 1670 557 387 1130 460 836 1768 1429 549 556 564 1042 321 1833 471 1859 432 1926 1456 385 1441 1692 1810 1394 1376 1300 0 1417 935 513 316 1109 129 1354 445 649 168 462 489 378 925 362 1786 459 1426 1129 217 441 1558 47 463 1860 1818 1911 1601 837 402 418 930 383 1399 1842 397 464 1820 852 1594 748 490 641 1598 455 1696 506 833 866 1468 392
1063 750 1105 1424 772 1743 1393 741 1646 1048 711 88 1735 1285 1750 824 1327 579 1657 657 1646 807 917 1392 77 794 556 117 99 761 1417 0 944 1699 1322 787 1468 72 1659 1118 1507 1468 1360 1564 872 1368 531 1645 91 517 1556 1170 660 1439 1649 606 563 690 347 1049 1408 1604 975 1389 81 1286 1403 989 565 1064 696 960 1497 1110 700 1461 798 1236 1045 980 570 1578
495 1174 474 941 1197 1107 750 332 1224 298 969 956 1099 564 1114 244 751 1050 1236 1060 934 1128 658 737 968 1219 1060 921 903 502 935 944 0 1063 754 319 852 881 947 488 797 666 480 995 244 738 1109 1224 953 531 758 616 1085 956 1228 1110 1068 1172 1128 299 699 951 77 671 926 1044 707 569 1143 314 1121 311 695 480 1125 659 1223 568 295 96 995 996
875 1929 918 519 1951 81 668 1258 225 1052 1896 1711 74 790 89 1170 602 1976 237 1987 339 2054 1584 667 1723 1973 1986 1675 1657 1428 513 1699 1063 0 598 1246 478 1636 352 930 423 605 617 400 1206 644 2035 225 1707 1411 384 722 1839 534 229 2037 1994 2098 1883 1053 637 356 1058 610 1681 1970 645 746 2069 1069 1876 1030 633 923 1879 598 1978 788 1049 994 1749 401
498 1552 541 323 1575 642 136 950 545 741 1587 1334 634 461 649 862 70 1668 556 1678 545 1746 1276 135 1346 1597 1678 1299 1281 1120 316 1322 754 598 0 937 367 1259 558 554 406 212 308 463 830 112 1691 544 1331 1034 388 346 1463 338 548 1728 1686 1790 1506 742 151 503 749 133 1304 1662 146 369 1725 757 1499 653 240 546 1503 204 1601 411 738 686 1373 477
678 1017 657 1116 1039 1290 933 78 1338 481 798 799 1282 747 1297 112 934 878 1349 889 1117 957 435 920 811 1061 889 763 745 279 1109 787 319 1246 937 0 1035 724 1130 671 980 849 663 1178 445 921 937 1337 795 308 941 799 927 1130 1341 939 896 1000 971 482 882 1134 350 854 769 821 890 681 971 497 964 494 878 663 967 842 1066 751 478 284 837 1179
644 1698 686 136 1720 522 437 1047 510 841 1685 1480 514 579 529 959 371 1765 522 1776 350 1843 1374 436 1492 1742 1776 1444 1426 1218 129 1468 852 478 367 1035 0 1405 362 699 85 394 406 410 975 413 1824 510 1476 1180 134 491 1608 151 513 1826 1783 1887 1652 843 426 366 847 399 1450 1759 434 515 1858 858 1645 799 422 692 1648 387 1747 557 838 783 1518 411
1000 687 1042 1361 709 1680 1330 678 1583 985 648 84 1672 1222 1687 761 1264 516 1594 594 1583 744 854 1329 96 731 493 54 36 698 1354 72 881 1636 1259 724 1405 0 1596 1055 1444 1405 1297 1501 809 1305 468 1582 80 454 1493 1107 597 1376 1586 543 500 627 284 986 1345 1541 912 1326 54 1223 1340 926 502 1001 633 897 1434 1047 637 1398 735 1173 982 917 507 1515
835 1889 847 452 1911 396 573 1143 485 937 1780 1670 389 674 404 1055 562 1860 497 1871 48 1939 1469 560 1682 1933 1871 1635 1617 1313 445 1659 947 352 558 1130 362 1596 0 861 307 489 501 154 1159 561 1919 484 1667 1342 269 682 1799 466 488 1921 1878 1983 1843 938 522 110 942 494 1640 1854 530 706 1954 953 1835 950 518 853 1839 482 1937 679 934 879 1709 155
104 1348 138 655 1370 974 624 683 877 477 1321 1130 967 345 982 595 558 1401 889 1412 848 1479 1009 623 1142 1392 1412 1094 1076 853 649 1118 488 930 554 671 699 1055 861 0 710 580 394 795 625 599 1460 876 1126 830 672 397 1258 670 880 1462 1419 1523 1302 478 612 835 483 585 1100 1395 620 220 1494 494 1295 449 608 47 1298 573 1397 349 474 419 1168 809
683 1737 696 175 1759 467 423 992 549 786 1630 1519 459 524 474 904 410 1710 561 1721 294 1788 1318 409 1531 1781 1720 1483 1465 1162 168 1507 797 423 406 980 85 1444 307 710 0 339 351 355 1008 411 1769 549 1515 1191 99 530 1647 190 553 1771 1728 1832 1691 787 371 311 791 344 1489 1704 379 554 1803 802 1684 799 367 703 1687 331 1786 528 783 728 1557 356
588 1698 566 468 1720 649 207 862 690 656 1499 1480 641 394 656 774 208 1579 702 1590 477 1658 1188 194 1492 1743 1590 1444 1426 1032 462 1468 666 605 212 849 394 1405 489 580 339 0 220 537 878 196 1638 690 1476 1061 300 446 1608 483 694 1640 1598 1702 1652 657 156 493 661 129 1450 1574 164 515 1673 672 1645 669 72 572 1648 36 1747 398 653 598 1519 538
402 1590 380 495 1612 661 304 676 778 470 1313 1371 653 208 668 588 305 1393 790 1404 488 1472 1002 291 1383 1634 1404 1336 1318 846 489 1360 480 617 308 663 406 1297 501 394 351 220 0 549 692 292 1453 778 1368 875 312 260 1500 510 782 1454 1412 1516 1544 471 253 505 475 225 1341 1388 261 422 1487 486 1536 483 249 386 1540 213 1638 212 467 412 1410 550
740 1794 783 385 1817 444 534 1191 391 982 1828 1576 437 703 452 1103 467 1908 402 1919 141 1987 1517 532 1588 1839 1919 1541 1522 1361 378 1564 995 400 463 1178 410 1501 154 795 355 537 549 0 1072 509 1933 390 1572 1276 317 588 1705 399 394 1969 1927 2031 1748 984 548 99 990 530 1546 1903 544 611 1967 999 1741 895 566 788 1744 530 1843 653 979 927 1615 73
570 1102 613 931 1124 1250 900 457 1153 510 1095 884 1243 775 1258 369 834 1175 1165 1186 1146 1254 784 899 896 1146 1186 848 830 628 925 872 244 1206 830 445 975 809 1159 625 1008 878 692 1072 0 876 1234 1153 880 584 970 678 1012 946 1156 1236 1193 1297 1056 511 910 1111 275 883 854 1169 910 496 1268 526 1049 468 906 618 1052 871 1151 743 507 291 922 1085
544 1598 587 368 1620 688 95 934 590 728 1571 1380 680 466 695 846 60 1651 602 1662 549 1730 1260 94 1392 1643 1662 1344 1326 1104 362 1368 738 644 112 921 413 1305 561 599 411 196 292 509 876 0 1711 590 1376 1080 372 392 1508 383 594 1712 1670 1774 1552 729 65 549 733 84 1350 1646 73 415 1745 744 1545 699 224 592 1548 188 1647 457 725 670 1419 523
1431 400 1446 1792 422 2079 1723 888 2014 1270 239 543 2071 1536 2086 979 1695 107 2026 185 1907 300 545 1709 555 904 84 508 490 687 1786 531 1109 2035 1691 940 1824 468 1919 1460 1769 1638 1453 1933 1234 1711 0 2013 540 885 1730 1539 472 1807 2017 134 92 181 275 1272 1671 1923 1140 1644 513 814 1679 1357 94 1287 457 1283 1667 1452 460 1631 908 1540 1267 1073 539 1946
821 1875 864 466 1898 269 614 1403 36 1063 2057 1657 261 784 276 1331 548 2061 30 2139 472 2216 1746 613 1669 1920 2038 1622 1603 1590 459 1645 1224 225 544 1337 510 1582 484 876 549 690 778 390 1153 590 2013 0 1653 1357 545 669 1785 480 42 2088 2045 2139 1829 1065 629 430 1219 611 1627 2131 625 692 2048 1080 1822 976 718 869 1825 683 1924 734 1060 1155 1696 404
1071 758 1114 1432 780 1751 1401 749 1654 1056 719 37 1744 1294 1759 833 1335 587 1666 665 1654 815 925 1400 67 803 564 74 92 769 1426 91 953 1707 1331 795 1476 80 1667 1126 1515 1476 1368 1572 880 1376 540 1653 0 525 1564 1179 668 1447 1657 614 572 698 355 1057 1416 1612 984 1397 67 1294 1411 997 574 1072 705 969 1505 1119 708 1469 807 1244 1053 989 579 1586
774 747 817 1135 769 1455 1104 256 1357 693 795 529 1447 958 1462 347 1038 875 1369 886 1329 954 432 1103 541 791 886 493 475 276 1129 517 531 1411 1034 308 1180 454 1342 830 1191 1061 875 1276 584 1080 885 1357 525 0 1153 882 657 1150 1361 936 893 998 701 694 1093 1316 562 1066 499 818 1101 700 919 709 694 672 1089 822 697 1054 796 947 690 496 567 1290
679 1786 658 223 1808 428 384 954 546 748 1591 1567 421 485 436 866 385 1671 557 1682 256 1750 1280 371 1579 1830 1682 1532 1514 1124 217 1556 758 384 388 941 134 1493 269 672 99 300 312 317 970 372 1730 545 1564 1153 0 538 1696 238 549 1732 1689 1794 1740 749 333 273 753 305 1537 1665 341 603 1764 764 1732 761 329 664 1736 293 1834 490 745 690 1606 318
347 1400 383 447 1423 766 416 812 669 589 1449 1182 759 171 774 724 350 1529 681 1540 669 1608 1138 415 1194 1445 1540 1147 1129 982 441 1170 616 722 346 799 491 1107 682 397 530 446 260 588 678 392 1539 669 1179 882 538 0 1311 462 672 1590 1548 1652 1354 590 431 627 611 413 1152 1524 426 217 1573 605 1347 501 475 390 1351 439 1449 121 586 548 1221 601
1203 144 1246 1564 166 1883 1533 881 1786 1188 689 672 1876 1426 1891 965 1467 557 1798 516 1786 527 994 1532 684 533 516 636 618 901 1558 660 1085 1839 1463 927 1608 597 1799 1258 1647 1608 1500 1705 1012 1508 472 1785 668 657 1696 1311 0 1579 1789 467 509 408 725 1189 1548 1744 1116 1529 642 1263 1543 1129 435 1204 91 1101 1637 1251 94 1601 537 1376 1185 1121 121 1718
615 1668 657 39 1691 578 408 1151 481 857 1789 1450 571 577 586 1063 342 1854 492 1880 454 1948 1478 407 1462 1713 1831 1415 1397 1322 47 1439 956 534 338 1130 151 1376 466 670 190 483 510 399 946 383 1807 480 1447 1150 238 462 1579 0 484 1881 1839 1932 1623 858 423 439 951 404 1420 1863 418 486 1841 873 1615 770 512 662 1619 476 1717 527 854 887 1489 413
825 1879 868 469 1901 273 618 1406 15 1067 2061 1661 265 787 280 1335 552 2065 29 2143 476 2219 1749 617 1673 1924 2042 1625 1607 1593 463 1649 1228 229 548 1341 513 1586 488 880 553 694 782 394 1156 594 2017 42 1657 1361 549 672 1789 484 0 2092 2049 2143 1833 1068 633 433 1223 615 1631 2135 628 696 2051 1084 1826 980 722 873 1829 686 1928 738 1064 1159 1700 407
1469 395 1448 1867 418 2081 1724 890 2089 1272 241 618 2073 1538 2088 980 1725 109 2100 187 1908 219 547 1711 630 823 86 582 564 689 1860 606 1110 2037 1728 942 1826 543 1921 1462 1771 1640 1454 1969 1236 1712 134 2088 614 936 1732 1590 467 1881 2092 0 93 113 350 1273 1673 1925 1141 1645 588 816 1681 1432 168 1288 452 1285 1669 1454 456 1633 827 1542 1269 1075 534 1970
1427 437 1405 1824 460 2038 1682 847 2046 1229 198 575 2030 1495 2045 938 1682 66 2058 144 1866 261 504 1668 587 865 43 540 522 646 1818 563 1068 1994 1686 899 1783 500 1878 1419 1728 1598 1412 1927 1193 1670 92 2045 572 893 1689 1548 509 1839 2049 93 0 155 307 1231 1630 1882 1099 1603 545 773 1638 1389 126 1246 494 1242 1626 1412 498 1590 869 1499 1226 1032 576 1928
1531 336 1509 1918 359 2142 1786 951 2140 1333 302 701 2135 1599 2150 1042 1787 195 2151 129 1970 140 608 1772 713 745 162 666 648 751 1911 690 1172 2098 1790 1003 1887 627 1983 1523 1832 1702 1516 2031 1297 1774 181 2139 698 998 1794 1652 408 1932 2143 113 155 0 434 1335 1734 1987 1203 1707 671 877 1742 1483 144 1350 393 1347 1730 1516 397 1694 749 1603 1331 1137 475 2032
1247 653 1289 1608 675 1927 1577 925 1830 1232 455 359 1919 1469 1934 1008 1511 323 1841 401 1830 551 761 1576 371 978 300 323 305 903 1601 347 1128 1883 1506 971 1652 284 1843 1302 1691 1652 1544 1748 1056 1552 275 1829 355 701 1740 1354 725 1623 1833 350 307 434 0 1233 1592 1788 1160 1573 329 1030 1587 1173 309 1248 710 1144 1681 1294 713 1645 982 1420 1229 1165 754 1762
482 1279 464 843 1301 1097 741 495 1065 33 1132 1061 1090 554 1105 407 742 1213 1077 1223 925 1291 821 727 1073 1324 1223 1025 1007 665 837 1049 299 1053 742 482 843 986 938 478 787 657 471 984 511 729 1272 1065 1057 694 749 590 1189 858 1068 1273 1231 1335 1233 0 690 942 294 662 1031 1207 697 408 1306 38 1226 125 686 471 1229 650 1328 559 36 231 1100 987
584 1638 598 408 1660 681 77 894 630 688 1532 1419 674 426 689 806 100 1612 641 1623 509 1690 1221 64 1431 1682 1623 1384 1366 1065 402 1408 699 637 151 882 426 1345 522 612 371 156 253 548 910 65 1671 629 1416 1093 333 431 1548 423 633 1673 1630 1734 1592 690 0 526 694 45 1389 1606 34 455 1705 705 1584 701 185 605 1588 149 1686 430 685 630 1458 562
780 1834 822 424 1856 400 573 1147 430 941 1784 1615 393 678 408 1059 507 1864 442 1875 97 1943 1473 564 1628 1878 1875 1580 1562 1317 418 1604 951 356 503 1134 366 1541 110 835 311 493 505 99 1111 549 1923 430 1612 1316 273 627 1744 439 433 1925 1882 1987 1788 942 526 0 946 498 1586 1858 534 651 1957 957 1781 935 522 828 1784 486 1882 683 938 883 1654 100
490 1205 468 936 1228 1102 745 363 1219 293 1001 987 1094 558 1109 275 746 1081 1231 1091 929 1159 689 732 999 1250 1091 952 934 533 930 975 77 1058 749 350 847 912 942 483 791 661 475 990 275 733 1140 1219 984 562 753 611 1116 951 1223 1141 1099 1203 1160 294 694 946 0 666 957 1075 701 582 1174 309 1152 306 690 475 1156 654 1254 563 290 91 1026 991
565 1619 571 389 1642 654 96 867 612 661 1504 1401 646 399 661 779 128 1584 623 1595 482 1663 1193 83 1413 1664 1595 1366 1347 1037 383 1389 671 610 133 854 399 1326 494 585 344 129 225 530 883 84 1644 611 1397 1066 305 413 1529 404 615 1645 1603 1707 1573 662 45 498 666 0 1371 1579 52 436 1678 677 1566 674 157 577 1569 121 1668 403 658 603 1440 543
1044 731 1087 1405 754 1725 1374 722 1627 1029 693 64 1717 1267 1732 806 1308 561 1639 638 1628 789 899 1373 94 776 538 99 81 743 1399 81 926 1681 1304 769 1450 54 1640 1100 1489 1450 1341 1546 854 1350 513 1627 67 499 1537 1152 642 1420 1631 588 545 671 329 1031 1389 1586 957 1371 0 1267 1384 970 547 1046 678 942 1478 1092 682 1442 780 1217 1026 962 552 1560
1400 1192 1378 1845 1214 2011 1655 771 2129 1202 675 1297 2003 1468 2018 862 1655 755 2140 766 1839 834 428 1641 1309 1361 766 1262 1244 571 1839 1286 1041 1967 1659 823 1756 1223 1851 1392 1701 1571 1385 1900 1166 1643 814 2128 1294 818 1662 1521 1263 1860 2132 816 773 877 1030 1204 1603 1855 1072 1576 1267 0 1611 1486 848 1219 1249 1215 1599 1385 1252 1563 1365 1472 1199 1005 1331 1901
579 1633 606 403 1655 689 85 902 625 696 1540 1414 682 434 697 814 95 1620 637 1630 517 1698 1228 72 1426 1677 1630 1379 1361 1072 397 1403 707 645 146 890 434 1340 530 620 379 164 261 544 910 73 1679 625 1411 1101 341 426 1543 418 628 1681 1638 1742 1587 697 34 534 701 52 1384 1614 0 450 1713 712 1579 709 192 613 1583 157 1681 438 693 638 1453 557
165 1219 207 471 1241 790 440 746 693 407 1419 1000 782 332 797 694 374 1405 704 1482 693 1578 1101 439 1012 1263 1382 965 947 945 464 989 569 746 369 681 515 926 706 220 554 515 422 611 496 415 1357 692 997 700 603 217 1129 486 696 1432 1389 1483 1173 408 455 651 582 436 970 1486 450 0 1391 423 1165 320 544 212 1169 508 1267 283 404 518 1039 625
1465 363 1480 1826 386 2113 1757 922 2048 1304 273 577 2106 1570 2121 1013 1729 141 2060 219 1941 263 579 1743 589 868 118 542 524 721 1820 565 1143 2069 1725 974 1858 502 1954 1494 1803 1673 1487 1967 1268 1745 94 2048 574 919 1764 1573 435 1841 2051 168 126 144 309 1306 1705 1957 1174 1678 547 848 1713 1391 0 1321 420 1318 1701 1487 424 1665 872 1574 1301 1107 502 1980
497 1294 479 858 1316 1113 756 510 1080 33 1147 1076 1105 569 1120 422 757 1228 1092 1238 940 1306 836 743 1088 1339 1238 1040 1022 680 852 1064 314 1069 757 497 858 1001 953 494 802 672 486 999 526 744 1287 1080 1072 709 764 605 1204 873 1084 1288 1246 1350 1248 38 705 957 309 677 1046 1222 712 423 1321 0 1241 140 701 486 1244 665 1343 574 36 246 1115 1002
1239 129 1282 1600 152 1920 1569 917 1822 1224 674 708 1912 1462 1927 1001 1503 542 1834 501 1823 512 979 1568 720 570 501 673 655 938 1594 696 1121 1876 1499 964 1645 633 1835 1295 1684 1645 1536 1741 1049 1545 457 1822 705 694 1732 1347 91 1615 1826 452 494 393 710 1226 1584 1781 1152 1566 678 1249 1579 1165 420 1241 0 1137 1673 1287 47 1637 574 1412 1221 1157 158 1755
394 1190 436 755 1213 1074 724 507 977 124 1144 972 1066 566 1081 419 658 1224 988 1235 937 1303 833 723 984 1235 1235 937 919 677 748 960 311 1030 653 494 799 897 950 449 799 669 483 895 468 699 1283 976 969 672 761 501 1101 770 980 1285 1242 1347 1144 125 701 935 306 674 942 1218 709 320 1318 140 1137 0 697 441 1141 662 1239 567 121 243 1011 909
616 1726 594 497 1749 677 236 890 719 684 1528 1508 670 422 685 802 237 1608 730 1619 505 1686 1217 222 1520 1771 1619 1473 1455 1061 490 1497 695 633 240 878 422 1434 518 608 367 72 249 566 906 224 1667 718 1505 1089 329 475 1637 512 722 1669 1626 1730 1681 686 185 522 690 157 1478 1602 192 544 1701 701 1673 697 0 601 1677 65 1775 426 681 626 1547 567
97 1340 130 647 1363 967 616 676 870 470 1313 1122 959 338 974 588 550 1393 881 1404 841 1472 1002 615 1134 1385 1404 1087 1069 846 641 1110 480 923 546 663 692 1047 853 47 703 572 386 788 618 592 1452 869 1119 822 664 390 1251 662 873 1454 1412 1516 1294 471 605 828 475 577 1092 1388 613 212 1487 486 1287 441 601 0 1291 565 1389 342 467 412 1161 802
1243 133 1285 1604 155 1923 1573 921 1826 1228 677 712 1916 1466 1931 1005 1507 545 1837 505 1826 516 983 1572 724 573 505 676 658 941 1598 700 1125 1879 1503 967 1648 637 1839 1298 1687 1648 1540 1744 1052 1548 460 1825 708 697 1736 1351 94 1619 1829 456 498 397 713 1229 1588 1784 1156 1569 682 1252 1583 1169 424 1244 47 1141 1677 1291 0 1641 577 1416 1225 1161 161 1758
580 1691 559 461 1713 642 200 855 683 648 1492 1472 634 386 649 766 201 1572 695 1583 469 1651 1181 187 1484 1735 1583 1437 1419 1025 455 1461 659 598 204 842 387 1398 482 573 331 36 213 530 871 188 1631 683 1469 1054 293 439 1601 476 686 1633 1590 1694 1645 650 149 486 654 121 1442 1566 157 508 1665 665 1637 662 65 565 1641 0 1739 391 645 591 1511 531
1341 627 1384 1702 650 2022 1671 1019 1924 1326 732 810 2014 1564 2029 1103 1605 882 1936 790 1925 664 1107 1670 822 34 888 775 757 1040 1696 798 1223 1978 1601 1066 1747 735 1937 1397 1786 1747 1638 1843 1151 1647 920 1924 807 796 1834 1449 537 1717 1928 839 880 760 982 1328 1686 1882 1254 1668 780 1376 1681 1267 883 1343 574 1239 1775 1389 577 1739 0 1514 1323 1259 448 1857
357 1466 335 512 1488 832 481 763 735 557 1401 1247 824 102 839 675 415 1481 746 1492 666 1560 1090 468 1259 1510 1492 1212 1194 934 506 1236 568 788 411 751 557 1173 679 349 528 398 212 653 743 457 1540 734 1244 947 490 121 1376 527 738 1542 1499 1603 1420 559 430 683 563 403 1217 1475 438 283 1574 574 1412 567 426 342 1416 391 1514 0 554 499 1286 667
478 1275 460 839 1297 1093 737 491 1061 32 1128 1056 1086 550 1101 402 738 1208 1072 1219 921 1287 817 723 1068 1319 1219 1021 1003 661 833 1045 295 1049 738 478 838 982 934 474 783 653 467 979 507 725 1267 1060 1053 690 745 586 1185 854 1064 1269 1226 1331 1229 36 685 938 290 658 1026 1202 693 404 1301 36 1221 121 681 467 1225 645 1323 554 0 227 1095 983
427 1210 405 873 1233 1038 682 297 1156 230 934 992 1031 495 1046 209 683 1014 1167 1025 866 1093 623 668 1004 1255 1025 957 939 467 866 980 96 994 686 284 783 917 879 419 728 598 412 927 291 670 1073 1155 989 496 690 548 1121 887 1159 1075 1032 1137 1165 231 630 883 91 603 962 1008 638 518 1107 246 1157 243 626 412 1161 591 1259 499 227 0 1031 928
1113 211 1156 1474 234 1794 1443 791 1696 1098 756 582 1786 1336 1801 875 1377 624 1708 583 1697 594 968 1442 594 444 583 547 529 812 1468 570 995 1749 1373 837 1518 507 1709 1168 1557 1519 1410 1615 922 1419 539 1696 579 567 1606 1221 121 1489 1700 534 576 475 754 1100 1458 1654 1026 1440 552 1331 1453 1039 502 1115 158 1011 1547 1161 161 1511 448 1286 1095 1031 0 1628
754 1808 797 398 1830 445 547 1192 404 986 1829 1590 438 716 453 1104 481 1909 416 1920 142 1988 1518 546 1602 1852 1920 1554 1536 1362 392 1578 996 401 477 1179 411 1515 155 809 356 538 550 73 1085 523 1946 404 1586 1290 318 601 1718 413 407 1970 1928 2032 1762 987 562 100 991 543 1560 1904 557 625 1980 1002 1755 909 567 802 1758 531 1857 667 983 928 1628 0
EOF