NAME : tsp_problem
TYPE : TSP
DIMENSION : 86
EDGE_WEIGHT_TYPE : EXPLICIT
EDGE_WEIGHT_FORMAT : FULL_MATRIX
EDGE_WEIGHT_SECTION
0 670 1052 599 1827 556 1932 420 1682 1976 1598 2201 1263 709 92 1687 1548 1703 2037 1044 1094 1807 215 1865 1887 1608 1009 2001 366 792 1878 249 1703 1569 1590 2103 240 739 1005 1966 1889 574 330 177 2154 2228 78 1021 1918 1198 1695 1453 1870 1578 1643 492 606 1840 988 775 1480 45 331 1845 1583 1693 421 464 347 1708 1793 1432 796 1721 2021 2084 85 1054 1526 663 1614 272 1601 857 1655 744
670 0 664 188 1669 213 1730 503 1524 1628 1440 1705 947 82 666 1149 1010 1165 1499 656 649 1650 615 1707 1349 1070 621 1646 521 577 1720 649 1165 1411 1432 1675 527 201 617 1809 1732 192 552 690 1625 1705 682 633 1380 660 1157 932 1712 1420 1486 242 144 1683 665 412 942 693 568 1688 1425 1155 443 428 555 1170 1636 1275 582 1183 1665 1738 676 666 1368 36 1456 559 1443 580 1498 373
1052 664 0 729 1257 754 1362 958 1112 1268 1028 1344 587 703 1048 789 650 804 1139 24 169 1237 1070 1295 989 709 59 1285 976 479 1308 1104 805 999 1020 1315 982 504 63 1396 1319 732 950 1071 1265 1345 1064 47 1020 300 797 571 1300 1008 1073 716 684 1270 128 580 582 1075 951 1275 1013 795 825 868 967 810 1223 862 483 823 1305 1378 1057 23 956 656 1044 1014 1031 485 1085 541
599 188 729 0 1598 86 1704 568 1453 1693 1370 1770 1012 227 595 1214 1075 1230 1564 721 714 1579 680 1637 1414 1135 686 1711 534 563 1649 714 1230 1340 1361 1740 592 266 682 1738 1661 94 498 619 1690 1770 611 698 1445 725 1222 996 1641 1349 1415 171 75 1612 730 477 1007 623 499 1617 1354 1220 372 416 515 1235 1565 1204 568 1248 1730 1803 605 731 1297 181 1385 624 1373 628 1427 438
1827 1669 1257 1598 0 1555 569 1815 376 467 694 458 933 1708 1823 984 1080 999 657 1249 1278 65 1910 122 856 1026 1214 434 1762 1254 135 1944 999 664 685 401 1935 1588 1210 224 147 1573 1725 1847 450 486 1839 1226 869 1152 1030 834 127 673 739 1491 1606 27 1193 1498 870 1850 1726 103 678 990 1600 1643 1742 1004 92 528 1258 952 411 341 1833 1259 621 1662 709 1967 697 1319 751 1466
556 213 754 86 1555 0 1660 544 1410 1704 1326 1795 991 252 552 1239 1100 1255 1589 746 739 1536 639 1593 1439 1160 711 1729 491 520 1606 673 1255 1297 1318 1765 617 291 707 1695 1617 60 455 576 1715 1795 568 723 1470 750 1247 1022 1598 1306 1372 128 100 1568 716 502 1032 579 455 1574 1311 1245 329 373 471 1260 1522 1161 524 1273 1749 1812 562 756 1254 206 1342 649 1329 585 1383 463
1932 1730 1362 1704 569 1660 0 1920 861 133 442 389 1039 1769 1928 657 753 672 330 1354 1261 535 2015 513 528 699 1319 158 1867 1359 551 2049 672 413 434 260 2040 1570 1316 389 510 1678 1831 1952 311 417 1944 1331 542 1206 703 927 543 422 487 1596 1711 582 1298 1603 882 1955 1831 496 427 662 1705 1749 1847 677 576 567 1364 625 178 251 1938 1364 437 1722 458 2072 445 1424 499 1571
420 503 958 568 1815 544 1920 0 1670 1923 1586 1999 1242 542 416 1444 1305 1459 1794 950 944 1795 376 1853 1644 1364 916 1940 92 780 1866 410 1460 1557 1578 1970 288 496 912 1954 1877 562 123 439 1920 2000 432 928 1675 955 1452 1226 1858 1566 1631 480 523 1828 959 707 1237 443 139 1834 1571 1450 409 410 127 1465 1782 1421 784 1478 1960 2033 425 961 1514 496 1602 320 1589 845 1643 668
1682 1524 1112 1453 376 1410 861 1670 0 759 549 750 788 1563 1678 1276 1322 1291 896 1104 1133 357 1765 414 1135 1318 1069 725 1617 1109 427 1799 1291 519 540 693 1790 1443 1066 516 439 1428 1580 1702 742 778 1694 1081 1161 1007 943 689 419 528 594 1346 1461 389 1048 1353 725 1705 1581 395 534 1281 1455 1498 1597 1296 343 383 1114 1244 703 633 1688 1114 476 1517 564 1822 552 1174 606 1321
1976 1628 1268 1693 467 1704 133 1923 759 0 486 287 1076 1667 1972 555 651 570 229 1260 1159 433 2034 411 427 598 1225 56 1910 1403 449 2068 571 456 477 159 1947 1468 1221 287 408 1696 1874 1995 209 315 1988 1237 440 1104 601 826 441 465 531 1640 1648 481 1269 1544 780 1999 1875 394 470 561 1749 1792 1891 575 475 611 1407 523 76 149 1981 1270 481 1621 501 1979 489 1449 543 1505
1598 1440 1028 1370 694 1326 442 1586 549 486 0 742 705 1479 1594 1010 1106 1025 683 1020 1049 674 1681 732 881 1052 985 511 1533 1025 745 1715 1025 57 78 613 1707 1359 982 742 756 1344 1497 1618 664 770 1610 997 895 923 859 605 737 66 68 1262 1377 707 964 1269 641 1621 1497 712 29 1015 1371 1415 1513 1030 660 233 1030 978 531 604 1604 1030 103 1433 60 1738 47 1090 97 1237
2201 1705 1344 1770 458 1795 389 1999 750 287 742 0 1153 1744 2197 632 728 647 278 1336 1236 424 2111 402 504 674 1302 255 2017 1524 440 2145 647 712 733 146 2023 1545 1298 277 399 1773 2048 2220 97 106 2212 1314 517 1181 678 902 431 721 787 1823 1725 471 1345 1621 857 2224 2064 385 726 637 1954 1924 2052 652 465 867 1528 600 232 163 2206 1347 737 1697 757 2056 745 1526 799 1582
1263 947 587 1012 933 991 1039 1242 788 1073 705 1150 0 986 1259 814 675 829 945 579 478 914 1346 972 743 734 544 1091 1197 690 984 1380 829 675 696 1121 1266 787 540 1073 996 1009 1161 1282 1071 1150 1275 556 777 423 551 325 976 684 750 927 967 947 588 863 336 1286 1162 952 689 820 1036 1079 1178 834 900 539 694 848 1111 1184 1268 589 632 940 720 1298 708 755 762 824
709 82 703 227 1708 252 1769 542 1563 1667 1479 1744 986 0 705 1188 1049 1204 1538 695 688 1689 654 1746 1388 1109 660 1685 560 616 1759 688 1204 1450 1471 1714 566 240 656 1848 1771 231 591 729 1664 1744 721 672 1419 699 1196 971 1751 1459 1525 281 183 1722 704 451 981 732 607 1727 1464 1194 482 467 594 1209 1675 1314 621 1222 1704 1777 715 705 1407 75 1495 598 1482 619 1537 412
92 666 1048 595 1823 552 1928 416 1678 1972 1594 2197 1259 705 0 1683 1544 1699 2033 1040 1091 1803 211 1861 1883 1604 1005 1997 363 788 1874 245 1699 1565 1586 2100 236 735 1001 1963 1885 570 326 173 2150 2225 65 1017 1914 1195 1692 1449 1866 1574 1639 488 603 1836 984 771 1476 69 327 1842 1579 1689 417 460 343 1704 1790 1429 792 1718 2017 2080 59 1050 1522 659 1610 268 1597 853 1651 740
1687 1149 789 1214 984 1239 657 1444 1276 555 1010 632 814 1188 1683 0 173 74 426 781 680 950 1555 928 293 119 746 573 1462 968 965 1590 74 980 1001 602 1468 990 743 803 925 1218 1492 1709 552 632 1699 758 307 626 468 692 957 989 1055 1268 1169 997 790 1065 646 1711 1509 911 994 65 1399 1369 1496 79 991 1082 973 110 593 665 1693 791 1005 1142 1025 1500 1013 971 1067 1026
1548 1010 650 1075 1080 1100 753 1305 1325 651 1106 728 675 1049 1544 173 0 188 523 642 541 1046 1416 1024 390 93 607 669 1322 829 1062 1450 188 1077 1098 699 1329 851 603 900 1021 1078 1353 1570 649 729 1560 619 403 486 564 659 1054 1086 1151 1129 1030 1094 651 926 639 1571 1370 1007 1091 178 1260 1230 1357 193 1088 1075 834 207 689 762 1554 652 1101 1003 1122 1361 1109 831 1163 887
1703 1165 804 1230 999 1255 672 1459 1291 570 1025 647 829 1204 1699 74 188 0 442 797 696 965 1571 943 309 134 762 588 1477 984 981 1605 64 996 1017 618 1484 1005 758 819 940 1233 1508 1725 568 648 1715 774 323 641 483 708 973 1005 1070 1283 1185 1013 805 1081 662 1726 1524 926 1010 74 1415 1384 1512 59 1007 1098 988 126 608 681 1708 807 1020 1158 1041 1516 1028 986 1082 1042
2037 1499 1139 1564 657 1589 330 1794 885 229 683 278 947 1538 2033 426 523 442 0 1131 1030 624 1905 601 298 469 1096 246 1812 1318 639 1940 442 654 675 276 1818 1340 1093 477 598 1568 1842 2059 226 237 2049 1108 312 976 473 697 631 663 729 1618 1519 671 1140 1415 651 2061 1859 584 668 432 1749 1719 1846 447 665 809 1323 395 266 339 2043 1141 678 1492 699 1850 686 1321 740 1376
1044 656 24 721 1249 746 1354 950 1104 1260 1020 1336 579 695 1040 781 642 797 1131 0 162 1229 1062 1287 981 702 56 1277 968 471 1300 1096 797 991 1012 1307 974 496 55 1388 1311 724 942 1063 1257 1337 1056 51 1012 292 789 563 1292 1000 1065 708 676 1262 120 572 574 1067 943 1267 1005 787 817 860 959 802 1216 854 475 815 1297 1370 1049 27 948 648 1036 1007 1023 477 1077 533
1094 649 169 714 1278 739 1261 944 1133 1159 1049 1236 478 688 1091 680 541 696 1030 162 0 1259 1055 1316 880 601 127 1177 961 468 1329 1089 696 1020 1041 1206 968 490 123 1408 1340 717 992 1114 1156 1236 1106 139 911 192 689 463 1321 1029 1094 759 669 1291 170 565 474 1118 994 1297 1034 686 867 868 996 701 1245 884 472 715 1197 1270 1100 172 977 642 1065 1000 1052 470 1106 526
1807 1650 1237 1579 65 1536 535 1795 357 433 674 424 914 1689 1803 950 1046 965 624 1229 1259 0 1890 89 822 993 1195 400 1742 1234 101 1925 966 645 666 367 1916 1568 1191 190 113 1553 1706 1827 416 452 1819 1207 835 1132 996 814 93 654 719 1472 1586 78 1173 1478 850 1831 1707 69 659 956 1580 1624 1723 970 72 508 1239 918 377 308 1813 1240 602 1642 690 1947 677 1300 731 1447
215 615 1070 680 1910 639 2015 376 1765 2034 1681 2111 1346 654 211 1555 1416 1571 1905 1062 1055 1890 0 1948 1755 1476 1027 2052 393 875 1961 91 1571 1652 1673 2081 108 607 1023 2049 1972 657 413 237 2031 2111 227 1039 1786 1067 1564 1338 1953 1661 1726 575 635 1923 1071 818 1349 238 414 1929 1666 1561 504 522 428 1576 1877 1516 879 1590 2072 2145 221 1072 1609 607 1697 140 1684 940 1738 779
1865 1707 1295 1637 122 1593 513 1853 414 411 732 402 972 1746 1861 928 1024 943 601 1287 1316 89 1948 0 799 970 1252 377 1800 1292 105 1982 943 702 724 345 1973 1626 1249 168 90 1611 1764 1885 393 430 1877 1264 813 1190 974 872 97 711 777 1529 1644 136 1231 1536 908 1888 1764 72 717 933 1638 1681 1780 948 130 566 1297 896 355 285 1871 1297 659 1700 747 2005 735 1357 789 1504
1884 1346 986 1411 856 1436 528 1641 1135 427 881 504 746 1385 1880 293 390 309 298 978 877 822 1752 799 0 336 943 444 1659 1165 837 1787 309 852 873 474 1665 1187 939 675 797 1415 1689 1906 424 504 1896 955 52 822 271 495 829 861 927 1465 1366 869 987 1262 450 1907 1706 782 866 299 1596 1566 1693 314 863 885 1170 262 464 537 1890 988 876 1339 897 1697 884 1168 939 1223
1608 1070 709 1135 1026 1160 699 1364 1318 598 1052 674 734 1109 1604 119 93 134 469 702 601 993 1476 970 336 0 667 615 1382 889 1008 1510 134 1023 1044 645 1389 910 663 846 967 1138 1413 1630 595 675 1620 679 350 546 510 719 1000 1032 1097 1188 1090 1040 711 986 689 1631 1429 953 1037 125 1320 1289 1417 139 1034 1125 893 153 635 708 1613 712 1047 1063 1068 1421 1055 891 1109 947
1009 621 59 686 1214 711 1319 916 1069 1225 985 1302 544 660 1005 746 607 762 1096 56 127 1195 1027 1252 946 667 0 1243 933 436 1265 1061 762 956 977 1272 940 462 20 1354 1277 689 908 1029 1222 1302 1021 33 977 257 754 529 1257 965 1031 673 641 1227 85 537 539 1032 908 1233 970 752 782 826 924 767 1181 820 441 781 1263 1336 1015 61 913 614 1001 972 988 442 1043 498
2001 1646 1285 1711 434 1729 158 1940 725 56 511 255 1094 1685 1997 573 669 588 246 1277 1177 400 2052 377 444 615 1243 0 1936 1428 415 2086 588 482 503 176 1964 1486 1239 253 374 1714 1899 2021 227 283 2013 1255 458 1122 619 843 407 491 556 1665 1666 447 1286 1562 797 2024 1900 360 496 578 1774 1817 1916 593 441 636 1432 541 94 138 2007 1288 506 1638 526 1996 514 1467 568 1523
366 521 976 534 1762 491 1867 92 1617 1910 1533 2017 1197 560 363 1462 1322 1477 1812 968 961 1742 393 1800 1662 1382 933 1936 0 726 1813 428 1477 1503 1525 1988 306 513 930 1901 1824 508 70 386 1938 2017 378 945 1692 973 1470 1244 1804 1512 1578 427 541 1775 922 710 1255 390 86 1780 1518 1467 356 399 74 1482 1728 1367 731 1496 1955 2019 372 978 1460 514 1548 338 1536 791 1590 678
792 577 479 563 1254 520 1359 780 1109 1403 1025 1524 690 616 788 968 829 984 1318 471 468 1234 875 1292 1168 889 436 1428 726 0 1305 909 984 996 1017 1494 896 418 432 1393 1316 538 690 811 1444 1524 803 448 1199 479 976 750 1297 1005 1070 456 570 1267 415 398 761 815 691 1272 1010 974 565 608 707 989 1220 859 33 1002 1448 1511 797 481 953 570 1041 928 1028 94 1082 322
1878 1720 1308 1649 135 1606 551 1866 427 449 745 440 984 1759 1874 965 1062 981 639 1300 1329 101 1961 105 837 1008 1265 415 1813 1305 0 1995 981 715 736 383 1986 1639 1262 205 83 1624 1776 1898 431 467 1890 1277 851 1203 1012 885 57 724 790 1542 1657 149 1244 1549 921 1901 1777 63 729 971 1651 1694 1793 986 143 579 1309 934 393 323 1884 1310 672 1713 760 2018 748 1370 802 1517
249 649 1104 714 1944 673 2049 410 1799 2068 1715 2145 1380 688 245 1590 1450 1605 1940 1096 1089 1925 91 1982 1790 1510 1061 2086 428 909 1995 0 1605 1686 1707 2116 143 641 1058 2084 2007 691 448 271 2066 2145 261 1073 1820 1101 1598 1372 1987 1695 1761 609 669 1957 1105 853 1383 272 448 1963 1700 1595 538 556 462 1610 1911 1550 913 1624 2106 2179 255 1106 1643 642 1731 174 1718 974 1773 814
1703 1165 805 1230 999 1255 672 1460 1291 571 1025 647 829 1204 1699 74 188 64 442 797 696 966 1571 943 309 134 762 588 1477 984 981 1605 0 996 1017 618 1484 1005 758 819 940 1233 1508 1725 568 648 1715 774 323 641 484 708 973 1005 1070 1283 1185 1013 806 1081 662 1726 1524 926 1010 79 1415 1384 1512 64 1007 1098 988 126 608 681 1709 807 1020 1158 1041 1516 1028 986 1082 1042
1569 1411 999 1340 664 1297 413 1557 519 456 57 712 675 1450 1565 980 1077 996 654 991 1020 645 1652 702 852 1023 956 482 1503 996 715 1686 996 0 48 584 1677 1329 952 712 727 1315 1467 1588 635 740 1581 968 866 894 830 576 707 36 98 1233 1348 678 935 1240 612 1592 1468 683 41 986 1342 1385 1484 1001 631 204 1000 949 502 574 1574 1001 74 1404 72 1709 60 1061 114 1208
1590 1432 1020 1361 685 1318 434 1578 540 477 78 733 696 1471 1586 1001 1098 1017 675 1012 1041 666 1673 724 873 1044 977 503 1525 1017 736 1707 1017 48 0 605 1698 1350 973 733 748 1336 1488 1609 656 761 1602 989 887 915 851 597 728 57 77 1254 1369 699 956 1261 633 1613 1489 704 62 1007 1363 1406 1505 1022 652 225 1021 970 523 595 1596 1022 95 1425 93 1730 81 1082 107 1229
2103 1675 1315 1740 401 1765 260 1970 693 159 613 146 1123 1714 2100 602 699 618 276 1307 1206 367 2081 345 474 645 1272 176 1988 1494 383 2116 618 584 605 0 1994 1516 1268 221 342 1744 2002 2123 138 174 2115 1284 488 1151 648 873 375 593 659 1768 1695 415 1316 1591 827 2127 2003 328 598 608 1877 1895 2019 623 409 739 1499 571 175 106 2109 1317 608 1668 629 2026 616 1497 671 1552
240 527 982 592 1935 617 2040 288 1790 1947 1707 2023 1266 566 236 1468 1329 1484 1818 974 968 1916 108 1973 1668 1389 940 1964 306 896 1986 143 1484 1677 1698 1994 0 520 936 2075 1998 596 337 262 1944 2024 252 952 1699 979 1476 1250 1978 1686 1752 600 547 1949 983 731 1261 264 353 1954 1691 1474 464 434 341 1489 1902 1541 901 1502 1984 2057 246 985 1634 520 1722 117 1709 899 1764 692
739 201 504 266 1588 291 1570 496 1443 1468 1359 1545 787 240 735 990 851 1005 1340 496 490 1568 607 1626 1190 910 462 1486 513 418 1639 641 1005 1329 1350 1516 520 0 458 1717 1650 269 544 761 1466 1546 751 474 1221 501 998 772 1630 1338 1404 319 221 1601 505 253 783 762 560 1606 1344 996 451 420 548 1010 1554 1193 423 1024 1506 1579 745 507 1286 194 1374 552 1362 421 1416 214
1005 617 63 682 1210 707 1316 912 1066 1221 982 1298 540 656 1001 743 603 758 1093 55 123 1191 1023 1249 942 663 20 1239 930 432 1262 1058 758 952 973 1268 936 458 0 1350 1273 686 904 1025 1219 1298 1017 32 973 254 751 525 1253 961 1027 670 637 1224 81 533 536 1029 905 1229 966 748 778 822 921 763 1177 816 437 777 1259 1332 1011 66 909 610 997 968 985 439 1039 494
1966 1809 1396 1738 224 1695 389 1954 516 287 742 277 1073 1848 1963 803 900 819 477 1388 1408 190 2049 168 675 846 1354 253 1901 1393 205 2084 819 712 733 221 2075 1717 1350 0 165 1712 1865 1986 269 305 1978 1366 689 1291 850 973 197 721 787 1631 1745 237 1332 1637 1009 1990 1866 151 726 809 1739 1783 1882 824 231 667 1398 772 231 161 1972 1399 737 1802 757 2106 745 1459 799 1606
1889 1732 1319 1661 147 1617 510 1877 439 408 756 399 996 1771 1885 925 1021 940 598 1311 1340 113 1972 90 797 967 1277 374 1824 1316 83 2007 940 727 748 342 1998 1650 1273 165 0 1635 1788 1909 391 427 1901 1288 810 1214 971 896 92 736 801 1554 1668 160 1255 1560 932 1912 1789 53 741 930 1662 1706 1805 945 154 590 1321 893 352 282 1895 1322 684 1724 771 2029 759 1381 813 1529
574 192 732 94 1573 60 1678 562 1428 1696 1344 1773 1009 231 570 1218 1078 1233 1568 724 717 1553 657 1611 1418 1138 689 1714 508 538 1624 691 1233 1315 1336 1744 596 269 686 1712 1635 0 472 593 1694 1773 586 701 1448 729 1226 1000 1616 1324 1389 146 78 1586 733 481 1011 597 473 1591 1329 1223 347 390 489 1238 1539 1178 542 1252 1734 1807 579 734 1272 185 1360 628 1347 603 1401 442
330 552 950 498 1725 455 1831 123 1580 1874 1497 2048 1161 591 326 1492 1353 1508 1842 942 992 1706 413 1764 1692 1413 908 1899 70 690 1776 448 1508 1467 1488 2002 337 544 904 1865 1788 472 0 350 1968 2048 342 919 1723 1004 1501 1275 1768 1476 1542 391 505 1739 886 674 1286 353 63 1744 1481 1498 319 363 50 1513 1692 1331 695 1527 1919 1982 336 953 1424 544 1512 369 1500 755 1554 642
177 690 1071 619 1847 576 1952 439 1702 1995 1618 2220 1282 729 173 1709 1570 1725 2059 1063 1114 1827 237 1885 1909 1630 1029 2021 386 811 1898 271 1725 1588 1609 2123 262 761 1025 1986 1909 593 350 0 2174 2248 189 1041 1940 1220 1717 1473 1889 1597 1663 512 626 1860 1007 795 1502 200 351 1865 1603 1715 441 484 367 1730 1813 1452 816 1743 2040 2104 182 1074 1545 683 1633 294 1621 876 1675 763
2154 1625 1265 1690 450 1715 311 1920 742 209 664 97 1073 1664 2150 552 649 568 226 1257 1156 416 2031 393 424 595 1222 227 1938 1444 431 2066 568 635 656 138 1944 1466 1219 269 391 1694 1968 2174 0 125 2166 1234 438 1102 599 823 423 644 709 1744 1645 463 1266 1541 777 2177 1985 377 649 558 1875 1845 1972 573 457 789 1449 521 224 154 2160 1267 659 1618 680 1976 667 1447 721 1502
2228 1705 1345 1770 486 1795 417 2000 778 315 770 106 1153 1744 2225 632 729 648 237 1337 1236 452 2111 430 504 675 1302 283 2017 1524 467 2145 648 740 761 174 2024 1546 1298 305 427 1773 2048 2248 125 0 2240 1314 517 1181 678 903 459 749 815 1824 1725 499 1346 1621 857 2252 2065 413 754 638 1955 1925 2052 653 493 895 1529 600 260 190 2234 1347 764 1698 785 2056 773 1526 827 1582
78 682 1064 611 1839 568 1944 432 1694 1988 1610 2212 1275 721 65 1699 1560 1715 2049 1056 1106 1819 227 1877 1899 1620 1021 2013 378 803 1890 261 1715 1581 1602 2115 252 751 1017 1978 1901 586 342 189 2166 2240 0 1033 1930 1210 1707 1465 1882 1590 1655 504 618 1852 1000 787 1492 54 343 1857 1595 1705 433 476 359 1720 1805 1444 808 1733 2033 2096 65 1066 1538 675 1626 284 1613 869 1667 756
1021 633 47 698 1226 723 1331 928 1081 1237 997 1314 556 672 1017 758 619 774 1108 51 139 1207 1039 1264 958 679 33 1255 945 448 1277 1073 774 968 989 1284 952 474 32 1366 1288 701 919 1041 1234 1314 1033 0 989 269 766 541 1269 977 1043 685 653 1239 97 549 551 1044 920 1245 982 764 794 837 936 779 1193 832 453 792 1275 1347 1027 49 925 626 1013 984 1000 454 1054 510
1918 1380 1020 1445 869 1470 542 1675 1161 440 895 517 780 1419 1914 307 403 323 312 1012 911 835 1786 813 52 350 977 458 1692 1199 851 1820 323 866 887 488 1699 1221 973 689 810 1448 1723 1940 438 517 1930 989 0 856 305 530 843 875 940 1499 1400 882 1021 1296 484 1941 1739 796 880 313 1630 1599 1727 328 877 919 1203 275 478 551 1924 1022 890 1373 911 1731 898 1201 952 1257
1198 660 300 725 1152 750 1206 955 1007 1104 923 1181 423 699 1195 626 486 641 976 292 192 1132 1067 1190 825 546 257 1122 973 479 1203 1101 641 894 915 1151 979 501 254 1291 1214 729 1004 1220 1102 1181 1210 269 856 0 634 408 1195 903 968 779 681 1165 301 576 419 1222 1020 1170 908 631 910 880 1007 646 1118 757 484 660 1142 1215 1204 303 851 653 939 1011 926 482 980 537
1692 1154 794 1219 1030 1244 703 1449 943 601 859 678 554 1193 1689 468 458 483 473 786 686 996 1561 974 271 510 751 619 1467 973 1012 1595 484 830 851 648 1473 995 748 850 971 1223 1498 1714 599 678 1704 763 305 631 0 304 1004 839 904 1273 1175 1043 795 1070 258 1716 1514 957 844 474 1404 1374 1501 488 1037 693 978 436 639 712 1698 797 787 1147 875 1505 862 976 916 1031
1453 932 571 996 834 1022 927 1226 689 826 605 902 325 971 1449 692 659 708 697 563 463 814 1338 872 495 719 529 843 1244 750 885 1372 708 576 597 873 1250 772 525 973 896 1000 1275 1473 823 903 1465 541 530 408 304 0 877 585 650 1050 952 847 572 848 86 1476 1291 852 590 698 1181 1151 1279 713 801 439 755 661 863 936 1459 574 533 924 621 1282 608 753 662 809
1870 1712 1300 1641 127 1598 543 1858 419 441 737 431 976 1751 1866 957 1054 973 631 1292 1321 93 1953 97 829 1000 1257 407 1804 1297 57 1987 973 707 728 375 1978 1630 1253 197 92 1616 1768 1889 423 459 1882 1269 843 1195 1004 877 0 716 782 1534 1648 140 1236 1541 913 1893 1769 55 721 963 1643 1686 1785 978 135 571 1301 926 384 315 1875 1302 664 1705 752 2010 739 1362 794 1509
1578 1420 1008 1349 673 1306 422 1566 528 465 66 721 684 1459 1574 989 1086 1005 663 1000 1029 654 1661 711 861 1032 965 491 1512 1005 724 1695 1005 36 57 593 1686 1338 961 721 736 1324 1476 1597 644 749 1590 977 875 903 839 585 716 0 89 1242 1357 687 944 1249 621 1601 1477 692 50 995 1351 1394 1493 1010 640 213 1009 958 511 583 1583 1010 83 1413 81 1718 69 1070 119 1217
1643 1486 1073 1415 739 1372 487 1631 594 531 68 787 750 1525 1639 1055 1151 1070 729 1065 1094 719 1726 777 927 1097 1031 556 1578 1070 790 1761 1070 98 77 659 1752 1404 1027 787 801 1389 1542 1663 709 815 1655 1043 940 968 904 650 782 89 0 1308 1422 752 1009 1314 686 1667 1543 757 74 1061 1416 1460 1559 1075 705 278 1075 1023 576 649 1649 1076 148 1478 94 1783 65 1136 52 1283
492 242 716 171 1491 128 1596 480 1346 1640 1262 1823 927 281 488 1268 1129 1283 1618 708 759 1472 575 1529 1468 1188 673 1665 427 456 1542 609 1283 1233 1254 1768 600 319 670 1631 1554 146 391 512 1744 1824 504 685 1499 779 1276 1050 1534 1242 1308 0 178 1504 652 439 1061 515 391 1510 1247 1274 265 309 407 1288 1458 1097 460 1302 1685 1748 498 718 1190 235 1278 632 1265 521 1319 408
606 144 684 75 1606 100 1711 523 1461 1648 1377 1725 967 183 603 1169 1030 1185 1519 676 669 1586 635 1644 1369 1090 641 1666 541 570 1657 669 1185 1348 1369 1695 547 221 637 1745 1668 78 505 626 1645 1725 618 653 1400 681 1178 952 1648 1357 1422 178 0 1619 685 432 963 630 506 1624 1362 1175 380 423 522 1190 1572 1211 575 1204 1686 1759 612 686 1304 136 1392 579 1380 600 1434 393
1840 1683 1270 1612 27 1568 582 1828 389 481 707 471 947 1722 1836 997 1094 1013 671 1262 1291 78 1923 136 869 1040 1227 447 1775 1267 149 1957 1013 678 699 415 1949 1601 1224 237 160 1586 1739 1860 463 499 1852 1239 882 1165 1043 847 140 687 752 1504 1619 0 1206 1511 883 1863 1740 116 692 1003 1613 1657 1756 1018 105 541 1272 965 424 355 1846 1273 635 1675 722 1980 710 1332 764 1480
988 665 128 730 1193 716 1298 959 1048 1269 964 1345 588 704 984 790 651 805 1140 120 170 1173 1071 1231 990 711 85 1286 922 415 1244 1105 806 935 956 1316 983 505 81 1332 1255 733 886 1007 1266 1346 1000 97 1021 301 798 572 1236 944 1009 652 685 1206 0 581 583 1011 887 1211 949 796 761 804 903 811 1160 798 419 824 1306 1379 993 130 892 657 980 1016 967 480 1021 542
775 412 580 477 1498 502 1603 707 1353 1544 1269 1621 863 451 771 1065 926 1081 1415 572 565 1478 818 1536 1265 986 537 1562 710 398 1549 853 1081 1240 1261 1591 731 253 533 1637 1560 481 674 795 1541 1621 787 549 1296 576 1073 848 1541 1249 1314 439 432 1511 581 0 858 798 674 1516 1254 1071 548 592 690 1086 1464 1103 403 1100 1582 1655 781 582 1197 405 1285 763 1272 401 1326 133
1480 942 582 1007 870 1032 882 1237 725 780 641 857 336 981 1476 646 636 662 651 574 474 850 1349 908 450 689 539 797 1255 761 921 1383 662 612 633 827 1261 783 536 1009 932 1011 1286 1502 777 857 1492 551 484 419 258 86 913 621 686 1061 963 883 583 858 0 1504 1302 888 626 652 1192 1162 1289 667 837 475 766 615 817 890 1486 584 569 935 657 1293 644 764 698 819
45 693 1075 623 1850 579 1955 443 1705 1999 1621 2224 1286 732 69 1711 1571 1726 2061 1067 1118 1831 238 1888 1910 1631 1032 2024 390 815 1901 272 1726 1592 1613 2127 264 762 1029 1990 1912 597 353 200 2177 2252 54 1044 1941 1222 1719 1476 1893 1601 1667 515 630 1863 1011 798 1504 0 354 1869 1606 1716 444 488 370 1731 1817 1456 819 1745 2044 2107 61 1077 1549 686 1637 295 1624 880 1678 767
331 568 951 499 1726 455 1831 139 1581 1875 1497 2064 1162 607 327 1509 1370 1524 1859 943 994 1707 414 1764 1709 1429 908 1900 86 691 1777 448 1524 1468 1489 2003 353 560 905 1866 1789 473 63 351 1985 2065 343 920 1739 1020 1517 1291 1769 1477 1543 391 506 1740 887 674 1302 354 0 1745 1482 1514 320 364 67 1529 1693 1332 695 1543 1920 1983 337 954 1425 561 1513 385 1500 756 1555 643
1845 1688 1275 1617 103 1574 496 1834 395 394 712 385 952 1727 1842 911 1007 926 584 1267 1297 69 1929 72 782 953 1233 360 1780 1272 63 1963 926 683 704 328 1954 1606 1229 151 53 1591 1744 1865 377 413 1857 1245 796 1170 957 852 55 692 757 1510 1624 116 1211 1516 888 1869 1745 0 697 916 1619 1662 1761 931 110 546 1277 879 338 268 1851 1278 640 1681 728 1985 715 1338 769 1485
1583 1425 1013 1354 678 1311 427 1571 534 470 29 726 689 1464 1579 994 1091 1010 668 1005 1034 659 1666 717 866 1037 970 496 1518 1010 729 1700 1010 41 62 598 1691 1344 966 726 741 1329 1481 1603 649 754 1595 982 880 908 844 590 721 50 74 1247 1362 692 949 1254 626 1606 1482 697 0 1000 1356 1399 1498 1015 645 218 1014 963 516 589 1589 1015 88 1418 45 1723 32 1075 86 1222
1693 1155 795 1220 990 1245 662 1450 1281 561 1015 637 820 1194 1689 65 178 74 432 787 686 956 1561 933 299 125 752 578 1467 974 971 1595 79 986 1007 608 1474 996 748 809 930 1223 1498 1715 558 638 1705 764 313 631 474 698 963 995 1061 1274 1175 1003 796 1071 652 1716 1514 916 1000 0 1405 1374 1502 74 997 1088 978 116 598 671 1699 797 1010 1148 1031 1506 1018 976 1072 1032
421 443 825 372 1600 329 1705 409 1455 1749 1371 1954 1036 482 417 1399 1260 1415 1749 817 867 1580 504 1638 1599 1320 782 1774 356 565 1651 538 1415 1342 1363 1877 464 451 778 1739 1662 347 319 441 1875 1955 433 794 1630 910 1407 1181 1643 1351 1416 265 380 1613 761 548 1192 444 320 1619 1356 1405 0 85 336 1420 1567 1206 569 1433 1794 1857 427 827 1299 436 1387 496 1374 630 1428 517
464 428 868 416 1643 373 1749 410 1498 1792 1415 1924 1079 467 460 1369 1230 1384 1719 860 868 1624 522 1681 1569 1289 826 1817 399 608 1694 556 1384 1385 1406 1895 434 420 822 1783 1706 390 363 484 1845 1925 476 837 1599 880 1377 1151 1686 1394 1460 309 423 1657 804 592 1162 488 364 1662 1399 1374 85 0 380 1389 1610 1249 613 1403 1837 1900 470 871 1342 421 1430 466 1418 673 1472 560
347 555 967 515 1742 471 1847 127 1597 1891 1513 2052 1178 594 343 1496 1357 1512 1846 959 996 1723 428 1780 1696 1417 924 1916 74 707 1793 462 1512 1484 1505 2019 341 548 921 1882 1805 489 50 367 1972 2052 359 936 1727 1007 1504 1279 1785 1493 1559 407 522 1756 903 690 1289 370 67 1761 1498 1502 336 380 0 1517 1709 1348 711 1531 1936 1999 353 969 1441 548 1529 373 1516 772 1571 659
1708 1170 810 1235 1004 1260 677 1465 1296 575 1030 652 834 1209 1704 79 193 59 447 802 701 970 1576 948 314 139 767 593 1482 989 986 1610 64 1001 1022 623 1489 1010 763 824 945 1238 1513 1730 573 653 1720 779 328 646 488 713 978 1010 1075 1288 1190 1018 811 1086 667 1731 1529 931 1015 74 1420 1389 1517 0 1012 1103 993 131 613 686 1713 812 1025 1163 1046 1521 1033 991 1087 1047
1793 1636 1223 1565 92 1522 576 1782 343 475 660 465 900 1675 1790 991 1088 1007 665 1216 1245 72 1877 130 863 1034 1181 441 1728 1220 143 1911 1007 631 652 409 1902 1554 1177 231 154 1539 1692 1813 457 493 1805 1193 877 1118 1037 801 135 640 705 1458 1572 105 1160 1464 837 1817 1693 110 645 997 1567 1610 1709 1012 0 495 1225 959 418 349 1799 1226 588 1629 676 1933 663 1286 717 1433
1432 1275 862 1204 528 1161 567 1421 383 611 233 867 539 1314 1429 1082 1072 1098 809 854 884 508 1516 566 885 1125 820 636 1367 859 579 1550 1098 204 225 739 1541 1193 816 667 590 1178 1331 1452 789 895 1444 832 919 757 693 439 571 213 278 1097 1211 541 798 1103 475 1456 1332 546 218 1088 1206 1249 1348 1103 495 0 864 1050 656 729 1438 865 161 1268 249 1572 236 925 290 1072
796 582 483 568 1258 524 1364 784 1114 1407 1030 1528 694 621 792 973 834 988 1323 475 472 1239 879 1297 1173 893 441 1432 731 33 1309 913 988 1000 1021 1499 901 423 437 1398 1321 542 695 816 1449 1529 808 453 1203 484 981 755 1301 1009 1075 460 575 1272 419 403 766 819 695 1277 1014 978 569 613 711 993 1225 864 0 1007 1452 1516 802 486 957 575 1045 933 1033 98 1087 327
1721 1183 823 1248 952 1273 625 1478 1244 523 978 600 848 1222 1718 110 207 126 395 815 715 918 1590 896 262 153 781 541 1496 1002 934 1624 126 949 970 571 1502 1024 777 772 893 1252 1527 1743 521 600 1733 792 275 660 436 661 926 958 1023 1302 1204 965 824 1100 615 1745 1543 879 963 116 1433 1403 1531 131 959 1050 1007 0 561 634 1727 826 973 1176 994 1534 981 1005 1035 1060
2021 1665 1305 1730 411 1749 178 1960 703 76 531 232 1114 1704 2017 593 689 608 266 1297 1197 377 2072 355 464 635 1263 94 1955 1448 393 2106 608 502 523 175 1984 1506 1259 231 352 1734 1919 2040 224 260 2033 1275 478 1142 639 863 384 511 576 1685 1686 424 1306 1582 817 2044 1920 338 516 598 1794 1837 1936 613 418 656 1452 561 0 116 2026 1308 526 1658 546 2016 534 1487 588 1542
2084 1738 1378 1803 341 1812 251 2033 633 149 604 163 1187 1777 2080 665 762 681 339 1370 1270 308 2145 285 537 708 1336 138 2019 1511 323 2179 681 574 595 106 2057 1579 1332 161 282 1807 1982 2104 154 190 2096 1347 551 1215 712 936 315 583 649 1748 1759 355 1379 1655 890 2107 1983 268 589 671 1857 1900 1999 686 349 729 1516 634 116 0 2090 1381 599 1731 619 2089 607 1560 661 1615
85 676 1057 605 1833 562 1938 425 1688 1981 1604 2206 1268 715 59 1693 1554 1708 2043 1049 1100 1813 221 1871 1893 1613 1015 2007 372 797 1884 255 1709 1574 1596 2109 246 745 1011 1972 1895 579 336 182 2160 2234 65 1027 1924 1204 1701 1459 1875 1583 1649 498 612 1846 993 781 1486 61 337 1851 1589 1699 427 470 353 1713 1799 1438 802 1727 2026 2090 0 1060 1531 669 1619 277 1607 862 1661 749
1054 666 23 731 1259 756 1364 961 1114 1270 1030 1347 589 705 1050 791 652 807 1141 27 172 1240 1072 1297 991 712 61 1288 978 481 1310 1106 807 1001 1022 1317 985 507 66 1399 1322 734 953 1074 1267 1347 1066 49 1022 303 800 574 1302 1010 1076 718 686 1273 130 582 584 1077 954 1278 1015 797 827 871 969 812 1226 865 486 826 1308 1381 1060 0 958 659 1046 1017 1033 488 1088 543
1526 1368 956 1297 621 1254 437 1514 476 481 103 737 632 1407 1522 1005 1101 1020 678 948 977 602 1609 659 876 1047 913 506 1460 953 672 1643 1020 74 95 608 1634 1286 909 737 684 1272 1424 1545 659 764 1538 925 890 851 787 533 664 83 148 1190 1304 635 892 1197 569 1549 1425 640 88 1010 1299 1342 1441 1025 588 161 957 973 526 599 1531 958 0 1361 119 1666 106 1018 160 1165
663 36 656 181 1662 206 1722 496 1517 1621 1433 1697 940 75 659 1142 1003 1158 1492 648 642 1642 607 1700 1342 1063 614 1638 514 570 1713 642 1158 1404 1425 1668 520 194 610 1802 1724 185 544 683 1618 1698 675 626 1373 653 1150 924 1705 1413 1478 235 136 1675 657 405 935 686 561 1681 1418 1148 436 421 548 1163 1629 1268 575 1176 1658 1731 669 659 1361 0 1449 552 1436 573 1490 366
1614 1456 1044 1385 709 1342 458 1602 564 501 60 757 720 1495 1610 1025 1122 1041 699 1036 1065 690 1697 747 897 1068 1001 526 1548 1041 760 1731 1041 72 93 629 1722 1374 997 757 771 1360 1512 1633 680 785 1626 1013 911 939 875 621 752 81 94 1278 1392 722 980 1285 657 1637 1513 728 45 1031 1387 1430 1529 1046 676 249 1045 994 546 619 1619 1046 119 1449 0 1754 63 1106 77 1253
272 559 1014 624 1967 649 2072 320 1822 1979 1738 2056 1298 598 268 1500 1361 1516 1850 1007 1000 1947 140 2005 1700 1421 972 1996 338 928 2018 174 1516 1709 1730 2026 117 552 968 2106 2029 628 369 294 1976 2056 284 984 1731 1011 1508 1282 2010 1718 1783 632 579 1980 1016 763 1293 295 385 1985 1723 1506 496 466 373 1521 1933 1572 933 1534 2016 2089 277 1017 1666 552 1754 0 1741 931 1795 724
1601 1443 1031 1373 697 1329 445 1589 552 489 47 745 708 1482 1597 1013 1109 1028 686 1023 1052 677 1684 735 884 1055 988 514 1536 1028 748 1718 1028 60 81 616 1709 1362 985 745 759 1347 1500 1621 667 773 1613 1000 898 926 862 608 739 69 65 1265 1380 710 967 1272 644 1624 1500 715 32 1018 1374 1418 1516 1033 663 236 1033 981 534 607 1607 1033 106 1436 63 1741 0 1093 94 1240
857 580 485 628 1319 585 1424 845 1174 1449 1090 1526 755 619 853 971 831 986 1321 477 470 1300 940 1357 1171 891 442 1467 791 94 1370 974 986 1061 1082 1497 899 421 439 1459 1381 603 755 876 1447 1526 869 454 1201 482 979 753 1362 1070 1136 521 600 1332 480 401 764 880 756 1338 1075 976 630 673 772 991 1286 925 98 1005 1487 1560 862 488 1018 573 1106 931 1093 0 1147 325
1655 1498 1085 1427 751 1383 499 1643 606 543 97 799 762 1537 1651 1067 1163 1082 740 1077 1106 731 1738 789 939 1109 1043 568 1590 1082 802 1773 1082 114 107 671 1764 1416 1039 799 813 1401 1554 1675 721 827 1667 1054 952 980 916 662 794 119 52 1319 1434 764 1021 1326 698 1678 1555 769 86 1072 1428 1472 1571 1087 717 290 1087 1035 588 661 1661 1088 160 1490 77 1795 94 1147 0 1295
744 373 541 438 1466 463 1571 668 1321 1505 1237 1582 824 412 740 1026 887 1042 1376 533 526 1447 779 1504 1226 947 498 1523 678 322 1517 814 1042 1208 1229 1552 692 214 494 1606 1529 442 642 763 1502 1582 756 510 1257 537 1034 809 1509 1217 1283 408 393 1480 542 133 819 767 643 1485 1222 1032 517 560 659 1047 1433 1072 327 1060 1542 1615 749 543 1165 366 1253 724 1240 325 1295 0
EOF