NAME : tsp_problem
TYPE : TSP
DIMENSION : 50
EDGE_WEIGHT_TYPE : EXPLICIT
EDGE_WEIGHT_FORMAT : FULL_MATRIX
EDGE_WEIGHT_SECTION
0 956 804 1531 559 991 49 802 1676 1687 1639 1357 543 982 1096 1227 1080 653 1691 727 1144 873 791 1048 1324 1031 1157 67 1283 723 1477 394 919 680 981 1067 695 1120 1049 825 1018 1226 1774 910 1523 1387 1428 358 44 1661
956 0 608 1209 918 317 929 409 1485 1331 1522 1060 533 654 422 828 989 454 1750 971 994 567 926 373 1082 357 1221 911 1086 967 1475 730 224 582 863 393 497 970 885 1084 813 937 1618 781 1387 1280 1190 635 935 1429
804 608 0 1725 690 544 777 973 2001 1847 2038 1576 1076 1170 649 1344 1505 172 2224 462 1510 140 417 601 1599 584 1690 759 1602 458 1991 479 471 142 1379 620 129 1486 509 709 1330 1453 2134 1297 1903 1796 1706 890 783 1945
1531 1212 1725 0 1493 1238 1504 909 533 378 569 395 1186 675 1194 486 586 1572 721 1661 591 1685 1725 1212 418 1195 411 1486 421 1657 507 1685 1362 1699 726 1165 1614 568 1982 1759 677 475 665 902 434 243 153 1210 1510 477
559 918 690 1493 0 1135 532 764 1638 1649 1601 1319 505 944 1240 1189 1042 764 1653 288 1105 759 352 1192 1286 1176 1119 514 1245 284 1439 713 1063 637 943 1212 721 1082 524 301 980 1188 1736 872 1485 1349 1390 320 538 1623
991 317 544 1238 1135 0 964 682 1514 1359 1550 1088 807 682 161 856 1017 390 1779 907 1022 503 862 113 1111 96 1249 946 1114 903 1503 666 180 518 892 132 433 998 821 1020 842 966 1646 809 1415 1309 1218 909 970 1458
49 929 777 1504 532 964 0 775 1650 1660 1612 1330 516 955 1069 1200 1053 626 1664 700 1117 846 764 1021 1297 1004 1130 52 1256 696 1450 367 892 653 954 1041 668 1093 1022 798 991 1199 1747 884 1496 1360 1401 331 29 1634
802 406 970 909 764 679 775 0 1185 1030 1221 760 379 353 772 527 688 817 1433 932 693 930 996 736 782 720 898 757 785 928 1174 956 587 945 563 743 860 669 1247 1030 513 637 1317 480 1086 980 890 481 781 1129
1676 1488 2001 533 1638 1514 1650 1185 0 200 141 671 1334 951 1470 762 793 1848 471 1806 856 1961 1871 1488 694 1471 557 1632 697 1802 473 1830 1638 1975 951 1441 1890 833 2128 1905 953 751 408 1145 398 563 514 1356 1656 89
1687 1334 1847 378 1649 1359 1660 1030 200 0 237 517 1307 797 1316 608 708 1693 465 1817 713 1806 1882 1333 539 1316 567 1642 543 1813 331 1841 1484 1821 848 1287 1736 689 2124 1915 798 597 333 1024 243 449 359 1366 1666 144
1639 1525 2038 569 1601 1550 1612 1221 141 237 0 708 1297 988 1506 799 755 1884 433 1769 818 1997 1833 1524 730 1507 519 1594 698 1765 435 1793 1674 2012 913 1477 1927 795 2090 1867 950 788 444 1108 434 525 550 1318 1618 125
1357 1063 1576 395 1319 1088 1330 760 671 517 708 0 1015 526 1045 323 361 1423 824 1487 365 1536 1552 1062 131 1046 290 1312 113 1483 610 1511 1213 1550 577 1016 1465 342 1809 1585 527 209 804 753 573 466 376 1036 1336 615
543 533 1076 1186 505 807 516 379 1334 1307 1297 1015 0 631 912 804 738 944 1349 673 802 1057 738 864 982 847 815 498 941 669 1135 697 714 983 639 883 987 778 995 771 676 884 1432 568 1181 1045 1086 222 522 1319
982 657 1170 675 944 682 955 353 951 797 988 526 631 0 639 294 455 1017 1216 1112 460 1130 1176 656 548 640 687 937 552 1108 941 1136 807 1144 329 610 1059 436 1433 1210 279 403 1084 243 853 746 656 661 961 895
1096 422 649 1194 1240 161 1069 772 1470 1316 1506 1045 912 639 0 812 974 495 1735 1012 978 608 967 135 1067 118 1205 1052 1071 1008 1459 771 285 623 848 71 538 955 926 1125 798 922 1603 765 1371 1265 1175 1014 1075 1414
1227 831 1344 486 1189 856 1200 527 762 608 799 323 804 294 812 0 186 1190 962 1357 191 1303 1421 830 289 813 427 1182 293 1353 747 1381 980 1318 345 783 1233 167 1621 1455 295 135 895 520 664 557 467 906 1206 707
1080 992 1505 586 1042 1017 1053 688 793 708 755 361 738 455 974 186 0 1351 808 1210 91 1464 1275 991 327 975 273 1035 331 1206 594 1234 1142 1479 355 945 1394 67 1532 1308 392 173 890 549 639 503 544 759 1059 777
653 454 172 1572 764 390 626 820 1848 1693 1884 1423 944 1017 495 1190 1351 0 2104 536 1356 241 491 447 1445 430 1569 608 1448 532 1837 328 318 179 1226 466 94 1333 611 810 1176 1300 1981 1143 1749 1643 1553 770 632 1792
1691 1753 2224 721 1653 1779 1664 1433 471 465 433 824 1349 1216 1735 962 808 2104 0 1821 871 2226 1886 1753 791 1736 572 1647 750 1817 488 1845 1903 2131 966 1706 2146 847 2143 1919 1003 848 269 1160 533 577 618 1371 1670 455
727 971 462 1661 288 907 700 932 1806 1817 1769 1487 673 1112 1012 1357 1210 536 1821 0 1273 531 124 964 1454 947 1287 682 1413 56 1607 671 835 409 1111 983 493 1250 777 554 1148 1356 1904 1040 1653 1517 1558 488 706 1791
1144 997 1510 591 1105 1022 1117 693 856 713 818 365 802 460 978 191 91 1356 871 1273 0 1469 1338 996 332 979 337 1099 336 1270 657 1297 1146 1484 418 949 1399 47 1595 1372 455 177 954 612 702 566 572 823 1123 811
873 567 140 1685 759 503 846 933 1961 1806 1997 1536 1057 1130 608 1303 1464 241 2226 531 1469 0 486 560 1558 543 1696 828 1561 527 1950 548 431 211 1339 579 198 1446 427 627 1289 1413 2094 1256 1862 1756 1666 959 852 1905
791 926 417 1725 352 862 764 996 1871 1882 1833 1552 738 1176 967 1421 1275 491 1886 124 1338 486 0 918 1518 902 1351 747 1477 120 1672 625 789 364 1175 938 448 1314 842 618 1212 1420 1968 1105 1717 1581 1622 552 770 1855
1048 373 601 1212 1192 113 1021 739 1488 1333 1524 1062 864 656 135 830 991 447 1753 964 996 560 918 0 1085 55 1223 1003 1088 960 1477 723 237 575 866 106 490 972 877 1077 816 940 1620 783 1389 1283 1193 965 1027 1432
1324 1085 1599 418 1286 1111 1297 782 694 539 730 131 982 548 1067 289 327 1445 791 1454 332 1558 1518 1085 0 1068 257 1279 101 1450 577 1478 1235 1573 598 1038 1488 309 1776 1552 550 176 826 775 595 486 399 1003 1303 638
1031 357 584 1195 1176 96 1004 722 1471 1316 1507 1046 847 640 118 813 975 430 1736 947 979 543 902 55 1068 0 1206 987 1072 944 1460 706 221 558 849 89 473 956 861 1060 799 923 1604 766 1372 1266 1176 949 1010 1415
1157 1224 1690 411 1119 1249 1130 898 557 567 519 290 815 687 1205 427 273 1569 572 1287 337 1696 1351 1223 257 1206 0 1112 216 1283 357 1311 1374 1596 431 1177 1612 313 1608 1385 468 313 654 626 403 267 308 836 1136 541
67 911 759 1486 514 946 52 757 1632 1642 1594 1312 498 937 1052 1182 1035 608 1647 682 1099 828 747 1003 1279 987 1112 0 1238 678 1432 349 874 635 936 1023 650 1075 1004 780 973 1181 1729 866 1478 1342 1383 313 47 1616
1283 1089 1602 421 1245 1114 1256 785 697 543 698 113 941 552 1071 293 331 1448 750 1413 336 1561 1477 1088 101 1072 216 1238 0 1409 536 1437 1239 1576 557 1042 1491 312 1735 1511 553 179 830 752 581 445 402 962 1262 641
723 967 458 1657 284 903 696 928 1802 1813 1765 1483 669 1108 1008 1353 1206 532 1817 56 1270 527 120 960 1450 944 1283 678 1409 0 1603 667 831 405 1107 980 489 1246 773 550 1144 1352 1900 1036 1649 1513 1554 484 702 1787
1477 1478 1991 507 1439 1503 1450 1174 473 331 435 610 1135 941 1459 747 594 1837 488 1607 657 1950 1672 1477 577 1460 357 1432 536 1603 0 1631 1627 1916 751 1431 1880 633 1929 1705 789 634 571 946 167 363 404 1156 1456 430
394 730 479 1685 713 666 367 956 1830 1841 1793 1511 697 1136 771 1381 1234 328 1845 671 1297 548 625 723 1478 706 1311 349 1437 667 1631 0 594 354 1135 742 370 1274 903 979 1172 1380 1928 1064 1677 1541 1582 512 373 1815
919 224 471 1362 1063 180 892 590 1638 1484 1674 1213 714 807 285 980 1142 318 1903 835 1146 431 789 237 1235 221 1374 874 1239 831 1627 594 0 445 1016 257 360 1123 748 948 966 1090 1771 933 1540 1433 1343 816 898 1582
680 582 142 1699 637 518 653 947 1975 1821 2012 1550 983 1144 623 1318 1479 179 2131 409 1484 211 364 575 1573 558 1596 635 1576 405 1916 354 445 0 1353 594 173 1460 581 780 1304 1427 2108 1271 1877 1770 1680 797 659 1919
981 866 1379 726 943 892 954 563 951 848 913 577 639 329 848 345 355 1226 966 1111 418 1339 1175 866 598 849 431 936 557 1107 751 1135 1016 1353 0 819 1268 394 1433 1209 89 454 1048 450 797 661 702 660 960 935
1067 393 620 1165 1212 132 1041 743 1441 1287 1477 1016 883 610 71 783 945 466 1706 983 949 579 938 106 1038 89 1177 1023 1042 980 1431 742 257 594 819 0 509 926 897 1096 769 893 1574 737 1343 1236 1146 985 1047 1385
695 497 129 1614 721 433 668 862 1890 1736 1927 1465 987 1059 538 1233 1394 94 2146 493 1399 198 448 490 1488 473 1612 650 1491 489 1880 370 360 173 1268 509 0 1375 568 767 1219 1342 2023 1186 1792 1685 1595 813 674 1834
1120 973 1486 568 1082 998 1093 669 833 689 795 342 778 436 955 167 67 1333 847 1250 47 1446 1314 972 309 956 313 1075 312 1246 633 1274 1123 1460 394 926 1375 0 1572 1348 431 154 930 589 679 543 549 799 1099 788
1049 896 521 1982 524 832 1022 1254 2128 2135 2090 1809 995 1433 937 1632 1532 622 2143 777 1595 439 842 889 1776 872 1608 1004 1735 773 1929 914 760 592 1433 908 579 1572 0 291 1470 1677 2226 1362 1974 1838 1879 809 1028 2112
825 1095 720 1759 301 1031 798 1030 1905 1915 1867 1585 771 1210 1136 1455 1308 821 1919 554 1372 638 618 1088 1552 1071 1385 780 1511 550 1705 979 959 792 1209 1107 778 1348 291 0 1246 1454 2002 1139 1751 1615 1656 586 804 1889
1018 817 1330 677 980 842 991 513 953 798 950 527 676 279 798 295 392 1176 1003 1148 455 1289 1212 816 550 799 468 973 553 1144 789 1172 966 1304 89 769 1219 431 1470 1246 0 405 1085 487 834 698 657 697 997 897
1226 940 1453 475 1188 966 1199 637 751 597 788 209 884 403 922 135 173 1300 848 1356 177 1413 1420 940 176 923 313 1181 179 1352 634 1380 1090 1427 454 893 1342 154 1677 1454 405 0 884 630 653 543 456 905 1205 695
1774 1621 2134 665 1736 1646 1747 1317 408 333 444 804 1432 1084 1603 895 890 1981 269 1904 954 2094 1968 1620 826 1604 654 1729 830 1900 571 1928 1771 2108 1048 1574 2023 930 2226 2002 1085 884 0 1243 530 660 646 1453 1753 352
910 784 1297 902 872 809 884 480 1145 1024 1108 753 568 243 765 520 549 1143 1160 1040 612 1256 1105 783 775 766 626 866 752 1036 946 1064 933 1271 450 737 1186 589 1362 1139 487 630 1243 0 991 856 883 590 890 1122
1523 1390 1903 434 1485 1415 1496 1086 398 243 434 573 1181 853 1371 664 639 1749 533 1653 702 1862 1717 1389 595 1372 403 1478 581 1649 167 1677 1540 1877 797 1343 1792 679 1974 1751 834 653 530 991 0 409 415 1202 1502 342
1387 1283 1796 243 1349 1309 1360 980 563 449 525 466 1045 746 1265 557 503 1643 577 1517 566 1756 1581 1283 486 1266 267 1342 445 1513 363 1541 1433 1770 661 1236 1685 543 1838 1615 698 543 660 856 409 0 107 1066 1366 547
1428 1193 1706 153 1390 1218 1401 890 514 359 550 376 1086 656 1175 467 544 1553 618 1558 572 1666 1622 1193 399 1176 308 1383 402 1554 404 1582 1343 1680 702 1146 1595 549 1879 1656 657 456 646 883 415 107 0 1107 1407 458
358 635 890 1210 320 909 331 481 1356 1366 1318 1036 222 661 1014 906 759 770 1371 488 823 959 552 965 1003 949 836 313 962 484 1156 512 816 797 660 985 813 799 809 586 697 905 1453 590 1202 1066 1107 0 337 1340
44 935 783 1510 538 970 29 781 1656 1666 1618 1336 522 961 1075 1206 1059 632 1670 706 1123 852 770 1027 1303 1010 1136 47 1262 702 1456 373 898 659 960 1047 674 1099 1028 804 997 1205 1753 890 1502 1366 1407 337 0 1640
1661 1432 1945 477 1623 1458 1634 1129 89 144 125 615 1319 895 1414 707 777 1792 455 1791 811 1905 1855 1432 638 1415 541 1616 641 1787 430 1815 1582 1919 935 1385 1834 788 2112 1889 897 695 352 1122 342 547 458 1340 1640 0
EOF