NAME : tsp_problem
TYPE : TSP
DIMENSION : 80
EDGE_WEIGHT_TYPE : EXPLICIT
EDGE_WEIGHT_FORMAT : FULL_MATRIX
EDGE_WEIGHT_SECTION
0 1073 71 848 1512 1788 486 684 1569 898 1516 374 1762 506 467 1353 595 496 1712 516 1292 737 539 1572 574 1788 628 463 528 1352 523 557 1702 1587 1097 1741 1340 1567 693 579 1017 93 1425 866 722 1732 1361 646 1433 1403 1611 1256 88 1229 1602 1296 1781 377 1646 1376 732 752 1718 364 575 1371 1766 89 1181 1361 1766 1270 317 352 196 287 494 1222 478 834
1073 0 1056 578 640 936 988 596 697 208 775 1118 983 611 969 481 1338 1240 1022 1259 795 686 1319 700 1353 999 1425 965 776 480 1267 764 961 845 881 962 468 695 1437 786 454 1091 684 565 679 880 489 1462 561 531 739 912 1099 885 730 799 1091 1120 774 504 636 701 963 1108 1318 499 914 1075 309 489 1012 859 1184 1095 1095 1002 961 877 1222 456
71 1056 0 841 1495 1781 480 678 1552 882 1510 358 1755 490 461 1336 578 480 1705 499 1285 720 533 1555 567 1782 622 457 522 1335 506 540 1696 1581 1090 1735 1323 1550 676 563 1011 87 1419 860 716 1726 1344 639 1416 1386 1594 1250 81 1223 1585 1290 1775 360 1629 1359 726 735 1711 347 558 1354 1760 73 1164 1344 1760 1264 311 335 190 281 477 1216 461 827
848 578 841 0 1017 1180 665 174 1074 404 909 939 1154 431 646 858 1159 972 1104 1080 684 400 1005 1077 1040 1181 1094 642 376 857 1087 584 1095 979 489 1133 845 1072 1199 554 409 807 818 84 279 1124 866 1112 938 908 1116 649 801 622 1107 689 1173 941 1151 881 131 415 1110 928 1139 876 1159 824 686 866 1159 662 783 916 695 602 682 614 954 226
1512 640 1495 1017 0 747 1427 1116 447 648 1295 1557 773 1050 1409 632 1778 1679 821 1699 1116 1126 1758 851 1792 748 1864 1404 1296 631 1706 1203 1481 1365 1309 794 619 445 1876 1226 893 1531 1075 1004 1199 805 640 1901 112 682 489 1234 1539 1207 480 1121 665 1560 167 655 1084 1140 819 1547 1758 650 768 1514 460 640 769 1181 1704 1534 1590 1522 1400 1199 1661 975
1788 936 1781 1180 747 0 1605 1136 408 943 733 1852 140 1345 1586 570 2073 1913 189 1994 532 1340 1945 350 1980 116 2035 1582 1316 570 2001 1498 919 804 725 161 557 365 2139 1494 1133 1747 490 1199 1219 129 579 2052 668 621 340 649 1741 622 331 536 284 1855 871 594 1175 1355 186 1842 2053 588 136 1764 662 578 137 597 1723 1830 1635 1542 1622 615 1894 1049
486 988 480 665 1427 1605 0 501 1484 813 1333 566 1579 422 35 1268 786 611 1529 707 1109 566 644 1487 678 1605 733 44 320 1267 715 363 1519 1404 914 1558 1255 1482 837 323 834 446 1242 683 539 1549 1276 751 1348 1318 1526 1073 440 1046 1517 1113 1598 568 1561 1291 549 581 1535 556 766 1286 1583 462 1096 1276 1583 1087 422 543 333 240 128 1039 593 651
684 596 678 174 1116 1136 501 0 1173 513 865 870 1110 451 483 957 1152 809 1060 967 640 237 842 1176 877 1137 931 478 212 956 974 431 1051 935 445 1089 944 1171 1035 391 365 644 774 193 115 1080 965 949 1037 1007 1215 605 638 578 1206 645 1129 873 1250 980 76 252 1066 860 1132 975 1115 660 785 965 1115 618 620 847 531 438 519 570 791 182
1569 697 1552 1074 447 408 1484 1173 0 705 1121 1614 434 1107 1466 689 1835 1736 482 1756 920 1183 1815 738 1849 409 1921 1461 1353 688 1763 1260 1307 1192 1113 455 676 106 1933 1283 950 1588 878 1061 1256 466 697 1958 368 739 150 1037 1596 1010 141 924 578 1617 581 712 1141 1198 480 1604 1815 707 429 1571 517 697 430 984 1761 1591 1647 1579 1457 1002 1718 1032
898 208 882 404 648 943 813 513 705 0 865 943 990 436 795 488 1164 1065 1040 1085 885 512 1144 707 1179 1006 1251 791 710 488 1092 589 1051 936 823 969 475 702 1262 612 279 917 774 390 607 887 496 1288 568 538 746 983 925 956 737 889 1174 946 781 512 470 527 970 933 1144 506 921 900 316 496 1019 950 1097 921 976 923 787 949 1047 389
1513 775 1507 906 1295 733 1330 862 1121 865 0 1699 707 1268 1312 1118 1981 1638 657 1796 430 1066 1671 898 1706 734 1760 1307 1041 1118 1803 1260 254 138 623 686 1105 1078 1864 1220 810 1473 319 925 944 677 1127 1778 1215 1169 1053 547 1467 520 1043 434 726 1702 1248 1142 901 1081 663 1689 1961 1136 712 1489 964 1126 712 495 1449 1677 1361 1267 1348 513 1620 727
374 1118 358 939 1557 1852 566 870 1614 943 1702 0 1899 552 547 1398 460 209 1898 381 1478 782 413 1617 447 1915 502 543 714 1397 388 602 1888 1773 1283 1879 1385 1612 558 625 1084 393 1611 925 877 1797 1406 519 1478 1448 1656 1442 401 1415 1647 1482 1967 58 1691 1421 919 797 1880 72 440 1416 1831 376 1226 1406 1928 1456 503 64 415 473 539 1408 190 1020
1762 983 1755 1154 773 140 1579 1110 434 990 707 1899 0 1392 1560 617 2120 1887 138 2041 506 1314 1919 397 1954 78 2009 1556 1290 617 2048 1509 893 778 699 110 604 391 2113 1468 1107 1721 464 1173 1193 176 626 2026 693 668 365 623 1715 596 356 510 233 1902 820 641 1149 1329 135 1889 2100 635 161 1738 709 625 86 571 1697 1877 1609 1516 1596 589 1868 1023
506 611 490 431 1050 1345 422 451 1107 436 1268 552 1392 0 403 890 772 673 1442 693 1050 274 752 1110 787 1408 859 399 338 890 700 181 1454 1338 855 1371 877 1104 870 203 576 525 1177 418 369 1289 899 896 970 941 1149 1015 533 988 1139 1055 1540 554 1183 914 498 289 1372 541 752 908 1323 508 719 898 1421 1029 705 529 584 531 395 981 655 592
467 969 461 646 1409 1586 35 483 1466 795 1315 547 1560 403 0 1249 768 592 1510 689 1090 548 625 1469 660 1587 714 66 301 1249 696 345 1501 1385 895 1539 1236 1463 819 304 815 427 1224 665 520 1530 1257 732 1329 1299 1507 1055 421 1028 1498 1095 1579 549 1542 1273 531 562 1516 537 747 1267 1565 443 1077 1257 1565 1068 403 524 315 222 109 1020 574 632
1353 481 1336 858 632 570 1268 957 689 488 1118 1398 617 890 1249 0 1618 1520 668 1539 917 966 1599 335 1633 666 1705 1245 1137 93 1547 1044 1304 1189 1110 597 81 687 1716 1066 734 1371 875 844 1040 515 98 1742 553 98 731 1034 1379 1007 722 921 833 1400 765 83 924 981 598 1388 1598 49 549 1355 207 99 646 982 1544 1375 1430 1363 1241 1000 1501 816
595 1338 578 1159 1778 2073 786 1152 1835 1164 1984 460 2120 772 768 1618 0 582 2170 385 1759 1002 444 1838 479 2136 251 763 975 1618 392 822 2170 2055 1564 2099 1605 1832 262 845 1304 613 1893 1145 1097 2017 1626 288 1698 1668 1876 1724 621 1697 1867 1764 2249 462 1911 1642 1200 1017 2100 450 69 1636 2051 597 1446 1626 2149 1738 785 437 672 755 759 1690 563 1301
496 1240 480 972 1679 1913 611 809 1736 1065 1641 209 1887 673 592 1520 582 0 1837 476 1416 874 352 1739 386 1913 441 588 653 1519 484 724 1827 1712 1221 1866 1507 1734 545 747 1142 466 1550 991 847 1857 1528 458 1600 1570 1778 1381 460 1354 1769 1421 1906 211 1813 1543 857 889 1843 199 562 1538 1891 482 1348 1528 1891 1395 442 186 354 412 628 1347 55 959
1712 1022 1705 1104 821 189 1529 1060 482 1040 657 1898 138 1442 1510 668 2170 1837 0 1994 456 1264 1870 447 1904 94 1959 1506 1240 667 2001 1459 843 728 649 159 655 439 2063 1419 1057 1671 414 1123 1143 227 676 1976 742 718 414 573 1666 546 404 460 184 1900 771 691 1099 1279 159 1888 2150 686 210 1688 760 676 110 521 1647 1875 1559 1466 1546 539 1818 974
516 1259 499 1080 1699 1994 707 967 1756 1085 1799 381 2041 693 689 1539 385 476 1994 0 1574 923 157 1759 192 2057 377 684 811 1539 27 743 1985 1869 1379 2020 1526 1753 481 766 1225 534 1708 1066 1004 1938 1547 395 1619 1589 1797 1539 542 1512 1788 1579 2064 383 1832 1563 1015 938 2000 371 365 1557 1972 518 1367 1547 2049 1552 600 358 511 570 680 1505 458 1116
1292 795 1285 684 1105 532 1109 640 920 885 430 1478 506 1050 1090 917 1759 1416 456 1574 0 844 1449 696 1484 532 1538 1086 820 916 1581 1039 616 501 229 485 904 877 1643 998 830 1251 187 703 723 476 925 1556 1179 967 851 153 1245 126 842 44 525 1480 1047 940 679 859 462 1467 1739 935 510 1268 983 925 510 100 1227 1455 1139 1046 1126 118 1398 670
737 686 720 400 1126 1340 566 237 1183 512 1069 782 1314 274 548 966 1002 874 1264 923 844 0 907 1186 942 1341 996 543 277 966 930 428 1255 1139 649 1293 953 1180 1100 450 569 709 978 419 155 1284 974 1014 1046 1016 1224 809 703 782 1215 849 1333 784 1259 990 285 54 1270 772 982 984 1319 725 794 974 1319 822 685 759 596 503 584 774 856 386
539 1319 533 1005 1758 1945 644 842 1815 1144 1674 413 1919 752 625 1599 444 352 1870 157 1449 907 0 1818 67 1946 253 621 686 1598 165 803 1860 1745 1254 1899 1586 1813 357 796 1175 499 1583 1024 880 1890 1607 270 1679 1649 1857 1414 493 1387 1848 1454 1939 415 1891 1622 890 922 1876 403 424 1616 1924 515 1427 1607 1924 1428 475 390 386 445 661 1380 333 992
1572 700 1555 1077 851 350 1487 1176 738 707 898 1617 397 1110 1469 335 1838 1739 447 1759 696 1186 1818 0 1852 445 1924 1464 1356 335 1766 1263 1084 968 889 376 322 695 1936 1286 953 1591 654 1064 1259 294 344 1961 772 386 669 814 1599 786 660 700 612 1619 985 359 1144 1200 377 1607 1818 353 328 1574 427 343 426 761 1764 1594 1650 1582 1460 779 1721 1035
574 1353 567 1040 1792 1980 678 877 1849 1179 1709 447 1954 787 660 1633 479 386 1904 192 1484 942 67 1852 0 1981 287 656 721 1632 199 837 1895 1779 1289 1933 1620 1847 391 831 1209 533 1618 1059 914 1924 1641 304 1713 1683 1891 1449 528 1422 1882 1489 1973 449 1926 1656 925 956 1910 437 459 1651 1959 550 1461 1641 1959 1462 509 424 421 480 696 1414 368 1026
1788 999 1782 1181 748 116 1605 1137 409 1006 734 1915 78 1408 1587 666 2136 1913 94 2057 532 1341 1946 445 1981 0 2035 1582 1316 665 2064 1535 920 804 725 99 653 366 2139 1495 1133 1748 490 1199 1219 174 674 2053 669 716 341 649 1742 622 332 536 189 1918 776 689 1176 1355 115 1905 2116 684 137 1764 758 674 66 597 1724 1893 1635 1542 1623 615 1895 1050
628 1425 622 1094 1864 2035 733 931 1921 1251 1763 502 2009 859 714 1705 251 441 1959 377 1538 996 253 1924 287 2035 0 710 775 1704 384 909 1949 1834 1343 1988 1692 1919 134 885 1264 588 1672 1113 969 1979 1713 53 1785 1755 1963 1503 582 1476 1954 1543 2028 504 1998 1728 979 1011 1965 492 231 1723 2013 604 1533 1713 2013 1517 564 479 476 534 750 1469 422 1081
463 965 457 642 1404 1582 44 478 1461 791 1310 543 1556 399 66 1245 763 588 1506 684 1086 543 621 1464 656 1582 710 0 297 1244 692 341 1497 1381 891 1535 1232 1459 814 300 811 423 1220 661 516 1526 1253 728 1325 1295 1503 1050 417 1023 1494 1090 1575 545 1538 1268 527 558 1512 533 743 1263 1560 439 1073 1253 1561 1064 399 520 311 217 105 1016 570 628
528 776 522 376 1296 1316 320 212 1353 710 1044 714 1290 355 301 1137 975 653 1240 811 820 277 686 1356 721 1316 775 297 0 1136 818 240 1230 1115 625 1269 1124 1351 879 200 545 488 954 395 250 1260 1145 793 1217 1187 1395 784 482 757 1386 824 1309 717 1430 1160 261 292 1246 704 955 1155 1294 504 965 1145 1295 798 464 692 376 282 337 750 635 362
1352 480 1335 857 631 570 1267 956 688 488 1118 1397 617 890 1249 93 1618 1519 667 1539 916 966 1598 335 1632 665 1704 1244 1136 0 1546 1043 1304 1188 1109 596 39 686 1716 1066 733 1371 874 844 1039 514 60 1741 552 97 730 1034 1379 1006 721 920 832 1399 765 75 924 980 597 1387 1598 89 548 1354 207 60 646 981 1544 1374 1430 1362 1240 999 1501 815
523 1267 506 1087 1706 2001 715 974 1763 1092 1806 388 2048 700 696 1547 392 484 2001 27 1581 930 165 1766 199 2064 384 692 818 1546 0 751 1992 1877 1386 2027 1534 1761 489 773 1233 542 1715 1074 1012 1945 1555 402 1627 1597 1805 1546 550 1519 1796 1586 2071 390 1839 1570 1022 945 2008 378 372 1564 1980 525 1375 1555 2056 1560 607 365 518 577 688 1512 465 1124
557 764 540 584 1203 1498 363 431 1260 589 1263 602 1509 197 345 1044 822 724 1459 743 1039 428 803 1263 837 1535 909 341 240 1043 751 0 1450 1334 844 1488 1031 1258 921 81 730 576 1173 571 469 1443 1052 943 1124 1094 1302 1003 583 976 1293 1043 1528 604 1337 1067 480 443 1465 592 802 1062 1477 559 872 1052 1514 1017 614 579 526 433 381 969 706 581
1699 961 1693 1092 1481 919 1516 1048 1307 1051 254 1885 893 1454 1498 1304 2167 1824 843 1982 616 1252 1857 1084 1892 920 1946 1494 1227 1304 1989 1447 0 173 809 872 1291 1264 2050 1406 996 1659 505 1111 1130 863 1313 1964 1401 1355 1239 733 1653 706 1229 620 912 1888 1435 1328 1087 1267 849 1875 2147 1322 898 1675 1150 1312 898 681 1635 1863 1547 1453 1534 699 1806 913
1584 845 1578 976 1365 804 1401 932 1192 936 138 1770 778 1338 1382 1189 2052 1709 728 1866 501 1136 1742 968 1776 804 1831 1378 1112 1188 1874 1331 173 0 694 757 1176 1149 1935 1291 881 1544 390 995 1015 748 1197 1848 1286 1239 1123 618 1538 591 1114 505 797 1772 1319 1212 971 1151 734 1760 2032 1207 782 1560 1034 1197 782 565 1520 1747 1431 1338 1418 583 1690 797
1097 884 1090 489 1298 725 914 445 1113 823 623 1283 699 855 895 1110 1564 1221 649 1379 229 649 1254 889 1289 725 1343 891 625 1109 1386 844 809 694 0 678 1097 1070 1448 803 658 1056 380 508 528 669 1118 1361 1325 1160 1044 193 1050 166 1035 233 718 1285 1240 1133 484 664 655 1272 1544 1128 703 1073 1073 1118 703 207 1032 1260 944 851 931 159 1203 475
1741 962 1735 1133 794 161 1558 1089 455 969 686 1879 110 1371 1539 597 2099 1866 159 2020 485 1293 1899 376 1933 99 1988 1535 1269 596 2027 1488 872 757 678 0 584 412 2092 1448 1086 1700 443 1152 1172 156 605 2005 714 647 386 602 1695 575 377 489 254 1881 841 620 1128 1308 156 1868 2079 614 182 1717 688 605 107 550 1677 1856 1588 1495 1575 568 1847 1003
1340 468 1323 845 619 557 1255 944 676 475 1105 1385 604 877 1236 81 1605 1507 655 1526 904 953 1586 322 1620 653 1692 1232 1124 39 1534 1031 1291 1176 1097 584 0 674 1703 1053 721 1358 862 832 1027 502 47 1729 540 89 718 1021 1366 994 709 908 820 1387 752 63 912 968 585 1375 1585 98 536 1342 194 47 633 969 1531 1362 1417 1350 1228 987 1488 803
1567 695 1550 1072 445 365 1482 1171 106 702 1078 1612 391 1104 1463 687 1832 1734 439 1753 877 1180 1813 695 1847 366 1919 1459 1351 686 1761 1258 1264 1149 1070 412 674 0 1931 1280 948 1585 835 1059 1254 423 695 1956 366 737 107 994 1593 967 98 881 535 1614 578 710 1139 1195 437 1602 1812 705 386 1569 515 695 387 941 1758 1589 1645 1577 1455 959 1715 1030
693 1437 676 1199 1876 2139 837 1035 1933 1262 1867 558 2113 870 819 1716 262 545 2063 481 1643 1100 357 1936 391 2139 134 814 879 1716 489 921 2053 1938 1448 2092 1703 1931 0 943 1368 692 1776 1218 1073 2083 1725 171 1796 1767 1975 1607 686 1580 1965 1647 2132 560 2009 1740 1084 1115 2069 548 242 1734 2117 695 1545 1724 2117 1621 668 535 580 638 855 1573 526 1185
579 786 563 554 1226 1494 323 391 1283 612 1223 625 1468 220 304 1066 845 747 1419 766 998 450 796 1286 831 1495 885 300 200 1066 773 81 1409 1294 803 1448 1053 1280 943 0 724 598 1132 573 429 1439 1074 903 1146 1116 1324 963 592 936 1315 1003 1488 627 1359 1090 439 465 1425 614 825 1084 1473 581 894 1074 1473 977 574 602 486 392 341 929 728 541
1017 454 1011 409 893 1130 834 365 950 279 807 1084 1104 576 815 734 1304 1142 1054 1225 827 569 1175 953 1209 1131 1264 811 545 733 1233 730 993 878 658 1083 721 948 1368 724 0 976 716 422 448 1075 742 1281 814 784 992 818 971 791 983 831 1124 1086 1027 757 404 584 1060 1074 1284 752 1109 993 562 742 1109 832 953 1061 864 771 851 784 1123 224
93 1091 87 807 1531 1747 446 644 1588 917 1476 393 1721 525 427 1371 613 466 1671 534 1251 709 499 1591 533 1748 588 423 488 1371 542 576 1662 1547 1056 1700 1358 1585 692 598 976 0 1385 826 681 1692 1380 605 1451 1422 1629 1216 47 1189 1620 1256 1741 395 1664 1395 692 724 1677 383 593 1389 1726 69 1200 1379 1726 1230 277 370 156 247 463 1182 447 793
1422 684 1416 815 1063 490 1239 771 878 774 319 1608 464 1177 1221 875 1890 1547 414 1705 187 975 1580 654 1615 490 1669 1217 951 874 1712 1170 505 390 380 443 862 835 1773 1129 719 1382 0 834 853 434 883 1687 1124 925 809 304 1376 277 800 191 483 1611 1005 898 810 990 420 1598 1870 893 468 1398 873 883 468 251 1358 1586 1270 1176 1257 269 1529 636
866 565 860 84 1004 1199 683 193 1061 390 928 925 1173 418 665 844 1145 991 1123 1066 703 419 1024 1064 1059 1199 1113 661 395 844 1074 571 1114 998 508 1152 832 1059 1218 573 422 826 837 0 298 1143 853 1131 925 895 1103 668 820 640 1094 707 1192 927 1137 868 150 434 1129 915 1125 862 1177 842 673 852 1178 681 802 902 714 621 701 633 973 245
722 679 716 279 1199 1219 539 115 1256 607 947 877 1193 369 520 1040 1097 847 1143 1004 723 155 880 1259 914 1219 969 516 250 1039 1012 469 1133 1018 528 1172 1027 1254 1073 429 448 681 856 298 0 1163 1048 986 1120 1090 1298 687 676 660 1289 727 1212 879 1332 1063 164 170 1149 866 1077 1057 1197 698 868 1048 1197 701 658 854 569 476 556 653 828 265
1732 880 1726 1124 805 129 1549 1080 466 887 677 1797 176 1289 1530 515 2017 1857 227 1938 476 1284 1890 294 1924 174 1979 1526 1260 514 1945 1443 863 748 669 156 502 423 2083 1439 1077 1692 434 1143 1163 0 523 1996 725 565 397 593 1686 566 388 480 342 1799 928 538 1119 1299 157 1787 1997 533 108 1708 606 523 195 541 1668 1774 1579 1486 1566 559 1838 994
1361 489 1344 866 640 579 1276 965 697 496 1127 1406 626 899 1257 98 1626 1528 676 1547 925 974 1607 344 1641 674 1713 1253 1145 60 1555 1052 1313 1197 1118 605 47 695 1725 1074 742 1380 883 853 1048 523 0 1750 561 88 739 1042 1387 1015 730 929 841 1408 774 73 933 989 606 1396 1606 80 557 1363 216 68 655 990 1553 1383 1439 1371 1249 1008 1510 824
646 1462 639 1112 1901 2052 751 949 1958 1288 1781 519 2026 896 732 1742 288 458 1976 395 1556 1014 270 1961 304 2053 53 728 793 1741 402 943 1967 1851 1361 2005 1729 1956 171 903 1281 605 1690 1131 986 1996 1750 0 1822 1792 2000 1521 600 1494 1991 1561 2045 522 2035 1765 997 1029 1982 509 268 1760 2031 622 1570 1750 2031 1534 581 496 493 552 768 1486 440 1098
1433 561 1416 938 112 668 1348 1037 368 568 1215 1478 693 970 1329 553 1698 1600 742 1619 1179 1046 1679 772 1713 669 1785 1325 1217 552 1627 1124 1401 1286 1322 714 540 366 1796 1146 814 1451 1124 925 1120 725 561 1822 0 603 410 1296 1459 1269 400 1183 743 1480 245 576 1005 1061 739 1468 1678 570 689 1435 381 561 690 1244 1624 1455 1510 1443 1321 1262 1581 896
1403 531 1386 908 682 621 1318 1007 739 538 1169 1448 668 941 1299 98 1668 1570 718 1589 967 1016 1649 386 1683 716 1755 1295 1187 97 1597 1094 1355 1239 1160 647 89 737 1767 1116 784 1422 925 895 1090 565 88 1792 603 0 781 1084 1429 1057 772 971 883 1450 816 73 975 1031 648 1438 1648 80 599 1405 258 89 697 1032 1595 1425 1481 1413 1291 1050 1552 866
1611 739 1594 1116 489 340 1526 1215 150 746 1053 1656 365 1149 1507 731 1876 1778 414 1797 851 1224 1857 669 1891 341 1963 1503 1395 730 1805 1302 1239 1123 1044 386 718 107 1975 1324 992 1629 809 1103 1298 397 739 2000 410 781 0 968 1637 941 51 855 509 1658 622 754 1183 1239 411 1646 1856 749 361 1613 559 739 362 916 1802 1633 1689 1621 1499 934 1760 1074
1256 912 1250 649 1222 649 1073 605 1037 983 547 1442 623 1015 1055 1034 1724 1381 573 1539 153 809 1414 814 1449 649 1503 1050 784 1034 1546 1003 733 618 193 602 1021 994 1607 963 818 1216 304 668 687 593 1042 1521 1296 1084 968 0 1210 73 959 157 642 1445 1164 1058 644 824 579 1432 1704 1052 627 1232 1100 1042 627 131 1192 1420 1104 1010 1091 66 1363 635
88 1099 81 801 1539 1741 440 638 1596 925 1470 401 1715 533 421 1379 621 460 1666 542 1245 703 493 1599 528 1742 582 417 482 1379 550 583 1656 1541 1050 1695 1366 1593 686 592 971 47 1379 820 676 1686 1387 600 1459 1429 1637 1210 0 1183 1628 1250 1735 403 1672 1403 686 718 1672 391 601 1397 1720 64 1207 1387 1720 1224 271 378 150 241 457 1176 442 788
1229 885 1223 622 1195 622 1046 578 1010 956 520 1415 596 988 1028 1007 1697 1354 546 1512 126 782 1387 786 1422 622 1476 1023 757 1006 1519 976 706 591 166 575 994 967 1580 936 791 1189 277 640 660 566 1015 1494 1269 1057 941 73 1183 0 932 130 615 1418 1137 1030 617 796 552 1405 1677 1025 600 1205 1073 1015 600 104 1165 1392 1076 983 1064 39 1336 608
1602 730 1585 1107 480 331 1517 1206 141 737 1043 1647 356 1139 1498 722 1867 1769 404 1788 842 1215 1848 660 1882 332 1954 1494 1386 721 1796 1293 1229 1114 1035 377 709 98 1965 1315 983 1620 800 1094 1289 388 730 1991 400 772 51 959 1628 932 0 846 500 1649 613 745 1174 1230 402 1637 1847 739 352 1604 550 730 353 907 1793 1624 1679 1612 1490 925 1750 1065
1296 799 1290 689 1109 536 1113 645 924 889 434 1482 510 1055 1095 921 1764 1421 460 1579 44 849 1454 700 1489 536 1543 1090 824 920 1586 1043 620 505 233 489 908 881 1647 1003 834 1256 191 707 727 480 929 1561 1183 971 855 157 1250 130 846 0 529 1485 1051 945 684 863 466 1472 1744 939 514 1272 987 929 514 105 1232 1459 1143 1050 1131 123 1403 675
1781 1091 1775 1173 654 284 1598 1129 578 1174 726 1967 233 1540 1579 833 2249 1906 184 2064 525 1333 1939 612 1973 189 2028 1575 1309 832 2071 1528 912 797 718 254 820 535 2132 1488 1126 1741 483 1192 1212 342 841 2045 732 883 509 642 1735 615 500 529 0 1969 596 856 1169 1348 255 1957 2229 851 305 1757 924 841 205 590 1717 1944 1628 1535 1615 608 1887 1043
377 1120 360 941 1560 1855 568 873 1617 946 1705 58 1902 554 549 1400 462 211 1900 383 1480 784 415 1619 449 1918 504 545 717 1399 390 604 1891 1775 1285 1881 1387 1614 560 627 1086 395 1614 927 879 1799 1408 522 1480 1450 1658 1445 403 1418 1649 1485 1969 0 1693 1424 921 799 1882 61 442 1418 1833 379 1228 1408 1931 1458 505 66 417 476 541 1410 193 1022
1646 774 1629 1151 167 881 1561 1250 581 781 1260 1691 831 1183 1542 765 1911 1813 782 1832 1058 1259 1891 985 1926 787 1998 1538 1430 765 1839 1337 1446 1330 1251 852 752 578 2009 1359 1027 1664 1016 1137 1332 938 774 2035 245 816 622 1175 1672 1148 613 1062 607 1693 0 789 1217 1274 852 1680 1891 783 902 1648 594 773 803 1123 1837 1668 1723 1655 1534 1141 1794 1109
1376 504 1359 881 655 594 1291 980 712 512 1142 1421 641 914 1273 83 1642 1543 691 1563 940 990 1622 359 1656 689 1728 1268 1160 75 1570 1067 1328 1212 1133 620 63 710 1740 1090 757 1395 898 868 1063 538 73 1765 576 73 754 1058 1403 1030 745 945 856 1424 789 0 948 1004 621 1411 1622 65 572 1378 231 74 670 1005 1568 1398 1454 1386 1264 1023 1525 839
732 636 726 131 1084 1175 549 76 1141 470 904 919 1149 498 531 924 1200 857 1099 1015 679 285 890 1144 925 1176 979 527 261 924 1022 480 1090 974 484 1128 912 1139 1084 439 404 692 813 150 164 1119 933 997 1005 975 1183 644 686 617 1174 684 1169 921 1217 948 0 300 1105 908 1180 942 1154 708 753 933 1154 657 668 896 580 487 567 609 839 221
752 701 735 415 1140 1355 581 252 1198 527 1084 797 1329 289 562 981 1017 889 1279 938 859 54 922 1200 956 1355 1011 558 292 980 945 443 1270 1154 664 1308 968 1195 1115 465 584 724 993 434 170 1299 989 1029 1061 1031 1239 824 718 796 1230 863 1348 799 1274 1004 300 0 1285 787 997 999 1334 740 809 989 1334 837 700 774 611 518 599 789 871 401
1718 963 1711 1110 819 186 1535 1066 480 970 663 1880 135 1372 1516 598 2100 1843 159 2000 462 1270 1876 377 1910 115 1965 1512 1246 597 2008 1465 849 734 655 156 585 437 2069 1425 1063 1677 420 1129 1149 157 606 1982 739 648 411 579 1672 552 402 466 255 1882 841 621 1105 1285 0 1870 2080 616 191 1694 689 606 108 527 1653 1857 1565 1472 1552 545 1824 980
364 1108 347 928 1547 1842 556 860 1604 933 1692 72 1889 541 537 1388 450 199 1888 371 1467 772 403 1607 437 1905 492 533 704 1387 378 592 1878 1763 1272 1868 1375 1602 548 614 1074 383 1601 915 866 1787 1396 509 1468 1438 1646 1432 391 1405 1637 1472 1957 61 1680 1411 908 787 1870 0 430 1406 1821 366 1216 1396 1918 1446 493 54 404 463 529 1398 180 1010
575 1318 558 1139 1758 2053 766 1132 1815 1144 1964 440 2100 752 747 1598 69 562 2150 365 1739 982 424 1818 459 2116 231 743 955 1598 372 802 2150 2035 1544 2079 1585 1812 242 825 1284 593 1873 1125 1077 1997 1606 268 1678 1648 1856 1704 601 1677 1847 1744 2229 442 1891 1622 1180 997 2080 430 0 1616 2031 577 1426 1606 2129 1718 765 417 652 735 739 1670 543 1281
1371 499 1354 876 650 588 1286 975 707 506 1136 1416 635 908 1267 49 1636 1538 686 1557 935 984 1616 353 1651 684 1723 1263 1155 89 1564 1062 1322 1207 1128 614 98 705 1734 1084 752 1389 893 862 1057 533 80 1760 570 80 749 1052 1397 1025 739 939 851 1418 783 65 942 999 616 1406 1616 0 567 1373 225 81 664 1000 1562 1393 1448 1380 1259 1018 1519 834
1766 914 1760 1159 768 136 1583 1115 429 921 712 1831 161 1323 1565 549 2051 1891 210 1972 510 1319 1924 328 1959 137 2013 1560 1294 548 1980 1477 898 782 703 182 536 386 2117 1473 1112 1726 468 1177 1197 108 557 2031 689 599 361 627 1720 600 352 514 305 1833 892 572 1154 1334 191 1821 2031 567 0 1742 641 557 158 575 1702 1808 1614 1520 1601 593 1873 1028
89 1075 73 824 1514 1764 462 660 1571 900 1492 376 1738 508 443 1355 597 482 1688 518 1268 725 515 1574 550 1764 604 439 504 1354 525 559 1678 1563 1073 1717 1342 1569 695 581 993 69 1401 842 698 1708 1363 622 1435 1405 1613 1232 64 1205 1604 1272 1757 379 1648 1378 708 740 1694 366 577 1373 1742 0 1183 1363 1742 1246 293 354 172 263 480 1198 464 810
1181 309 1164 686 460 662 1096 785 517 316 964 1226 709 719 1077 207 1446 1348 760 1367 983 794 1427 427 1461 758 1533 1073 965 207 1375 872 1150 1034 1070 688 194 515 1545 894 562 1200 873 673 868 606 216 1570 381 258 559 1100 1207 1073 550 987 924 1228 594 231 753 809 689 1216 1426 225 641 1183 0 215 738 1048 1373 1203 1259 1191 1069 1066 1330 644
1361 489 1344 866 640 578 1276 965 697 496 1126 1406 625 898 1257 99 1626 1528 676 1547 925 974 1607 343 1641 674 1713 1253 1145 60 1555 1052 1312 1197 1118 605 47 695 1724 1074 742 1379 883 852 1048 523 68 1750 561 89 739 1042 1387 1015 730 929 841 1408 773 74 933 989 606 1396 1606 81 557 1363 215 0 654 990 1552 1383 1438 1371 1249 1008 1509 824
1766 1012 1760 1159 769 137 1583 1115 430 1019 712 1928 86 1421 1565 646 2149 1891 110 2049 510 1319 1924 426 1959 66 2013 1561 1295 646 2056 1514 898 782 703 107 633 387 2117 1473 1112 1726 468 1178 1197 195 655 2031 690 697 362 627 1720 600 353 514 205 1931 792 670 1154 1334 108 1918 2129 664 158 1742 738 654 0 575 1702 1906 1614 1520 1601 593 1873 1028
1270 859 1264 662 1170 597 1087 618 984 950 495 1456 571 1029 1068 982 1738 1395 521 1552 100 822 1428 761 1462 597 1517 1064 798 981 1560 1017 681 565 207 550 969 941 1621 977 832 1230 251 681 701 541 990 1534 1244 1032 916 131 1224 104 907 105 590 1458 1112 1005 657 837 527 1446 1718 1000 575 1246 1048 990 575 0 1206 1433 1117 1024 1104 97 1376 648
317 1184 311 783 1704 1723 422 620 1761 1097 1452 503 1697 705 403 1544 785 442 1647 600 1227 685 475 1764 509 1724 564 399 464 1544 607 614 1638 1523 1032 1677 1531 1758 668 574 953 277 1361 802 658 1668 1553 581 1624 1595 1802 1192 271 1165 1793 1232 1717 505 1837 1568 668 700 1653 493 765 1562 1702 293 1373 1552 1702 1206 0 480 164 223 439 1158 423 769
352 1095 335 916 1534 1830 543 847 1591 921 1680 64 1877 529 524 1375 437 186 1875 358 1455 759 390 1594 424 1893 479 520 692 1374 365 579 1866 1750 1260 1856 1362 1589 535 602 1061 370 1589 902 854 1774 1383 496 1455 1425 1633 1420 378 1392 1624 1459 1944 66 1668 1398 896 774 1857 54 417 1393 1808 354 1203 1383 1906 1433 480 0 392 451 516 1385 168 997
196 1095 190 695 1590 1635 333 531 1647 976 1364 415 1609 584 315 1430 672 354 1559 511 1139 596 386 1650 421 1635 476 311 376 1430 518 526 1550 1434 944 1588 1417 1645 580 486 864 156 1273 714 569 1579 1439 493 1510 1481 1689 1104 150 1076 1679 1143 1628 417 1723 1454 580 611 1565 404 652 1448 1614 172 1259 1438 1614 1117 164 392 0 135 351 1069 335 681
287 1002 281 602 1522 1542 240 438 1579 923 1270 473 1516 531 222 1363 755 412 1466 570 1046 503 445 1582 480 1542 534 217 282 1362 577 433 1456 1341 851 1495 1350 1577 638 392 771 247 1179 621 476 1486 1371 552 1443 1413 1621 1010 241 983 1612 1050 1535 476 1655 1386 487 518 1472 463 735 1380 1520 263 1191 1371 1520 1024 223 451 135 0 258 976 394 588
494 961 477 682 1400 1622 128 519 1457 787 1351 539 1596 395 109 1241 759 628 1546 680 1126 584 661 1460 696 1623 750 105 337 1240 688 381 1537 1421 931 1575 1228 1455 855 341 851 463 1260 701 556 1566 1249 768 1321 1291 1499 1091 457 1064 1490 1131 1615 541 1534 1264 567 599 1552 529 739 1259 1601 480 1069 1249 1601 1104 439 516 351 258 0 1056 610 668
1222 877 1216 614 1188 615 1039 570 1002 949 513 1408 589 981 1020 1000 1690 1347 539 1505 118 774 1380 779 1414 615 1469 1016 750 999 1512 969 699 583 159 568 987 959 1573 929 784 1182 269 633 653 559 1008 1486 1262 1050 934 66 1176 39 925 123 608 1410 1130 1023 609 789 545 1398 1670 1018 593 1198 1066 1008 593 97 1158 1385 1069 976 1056 0 1328 601
478 1222 461 954 1661 1894 593 791 1718 1047 1623 190 1868 655 574 1501 563 55 1818 458 1398 856 333 1721 368 1895 422 570 635 1501 465 706 1809 1693 1203 1847 1488 1715 526 728 1123 447 1532 973 828 1838 1510 440 1581 1552 1760 1363 442 1336 1750 1403 1887 193 1794 1525 839 871 1824 180 543 1519 1873 464 1330 1509 1873 1376 423 168 335 394 610 1328 0 940
834 456 827 226 975 1047 651 182 1032 389 724 1020 1021 592 632 816 1301 959 971 1116 670 386 992 1035 1026 1047 1081 628 362 815 1124 581 910 794 475 1000 803 1030 1185 541 224 793 633 245 265 991 824 1098 896 866 1074 635 788 608 1065 675 1040 1022 1109 839 221 401 977 1010 1281 834 1025 810 644 824 1025 648 769 997 681 588 668 601 940 0
EOF