NAME : tsp_problem
TYPE : TSP
DIMENSION : 62
EDGE_WEIGHT_TYPE : EXPLICIT
EDGE_WEIGHT_FORMAT : FULL_MATRIX
EDGE_WEIGHT_SECTION
0 492 1239 1209 749 931 780 691 1346 723 1488 694 499 339 1375 1454 883 1247 656 892 594 732 1018 1332 664 1251 1104 710 1476 1108 1008 746 1202 1295 473 605 1322 526 510 597 309 1446 1473 764 1140 536 1185 1000 744 1179 997 822 1211 500 1058 697 318 1275 1327 473 780 976
492 0 1694 1664 1204 515 457 1145 1801 487 1942 1149 710 720 1829 1908 1337 1702 240 476 1049 1187 1021 1787 1118 1706 1559 1165 1931 1563 1011 1200 1657 1750 453 1060 1776 507 94 1051 690 1901 1927 1218 1594 120 1640 1002 466 1633 1000 414 1665 955 1513 1151 699 1729 1781 927 591 1431
1239 1694 0 46 820 1824 1823 807 367 1790 432 860 1701 1541 567 510 627 37 1858 1892 1025 868 1355 524 855 443 384 876 532 386 1345 817 406 406 1675 980 514 1729 1712 971 1511 502 392 835 453 1738 389 1337 1811 382 1334 1865 414 1026 430 863 1520 400 519 1109 1707 522
1209 1664 46 0 790 1794 1793 777 337 1760 402 829 1671 1511 536 480 597 53 1828 1862 994 838 1325 494 824 413 353 846 502 356 1315 787 375 376 1645 950 483 1698 1682 941 1481 472 362 805 423 1708 358 1306 1781 352 1304 1835 384 995 400 832 1489 370 488 1079 1676 492
749 1204 820 790 0 1250 1249 233 921 1216 986 164 1211 1051 1050 1064 250 828 1368 1318 489 117 781 1008 281 927 471 180 1086 476 771 46 647 960 1185 406 997 1238 1222 397 1021 1056 946 61 695 1248 630 763 1237 624 760 1291 656 451 729 167 1029 642 1002 535 1133 476
931 515 1824 1794 1250 0 202 1116 1925 257 1990 1344 555 834 2204 2068 1253 1832 319 121 1234 1298 586 2161 1106 2008 1475 1360 2090 1479 576 1247 1651 1964 871 1151 2151 696 493 1143 804 2060 1950 1265 1698 449 1634 568 236 1627 566 159 1659 949 1733 1347 813 1646 2156 1064 262 1480
780 457 1823 1793 1249 202 0 1116 1924 123 1989 1344 372 652 2118 2067 1253 1831 260 163 1234 1297 586 2075 1106 1994 1474 1360 2090 1479 576 1246 1650 1963 834 1151 2065 835 434 1142 622 2059 1949 1264 1698 390 1633 567 144 1627 565 101 1659 949 1733 1347 631 1645 2070 1063 156 1479
691 1145 807 777 233 1116 1116 0 908 1083 973 328 1152 992 1187 1051 237 815 1309 1184 268 281 647 1145 58 991 458 344 1073 463 637 230 634 947 1126 185 1134 1180 1163 176 962 1043 933 248 682 1189 617 629 1103 611 627 1157 643 318 717 330 971 629 1139 401 999 463
1346 1801 367 337 921 1925 1924 908 0 1891 312 966 1808 1647 457 390 728 375 1965 1993 1131 969 1456 414 956 159 485 983 412 487 1446 918 507 115 1782 1081 404 1835 1819 1072 1618 382 272 936 554 1844 490 1438 1912 483 1435 1966 515 1127 537 969 1626 501 409 1210 1808 623
723 487 1790 1760 1216 257 123 1083 1891 0 1956 1311 315 595 2061 2035 1220 1798 291 218 1201 1264 553 2018 1073 1937 1441 1327 2057 1446 543 1213 1617 1930 864 1118 2008 890 465 1109 565 2027 1916 1231 1665 421 1600 535 87 1594 532 156 1626 916 1700 1314 574 1612 2013 1030 123 1446
1488 1942 432 402 986 1990 1989 973 312 1956 0 1080 1950 1789 299 163 793 440 2106 2058 1229 1034 1521 256 1020 395 549 1097 185 552 1511 983 571 351 1923 1146 246 1977 1960 1137 1759 155 67 1001 619 1986 554 1502 1977 548 1500 2031 580 1191 654 1083 1768 566 251 1275 1872 688
694 1149 860 829 164 1344 1344 328 966 1311 1080 0 1156 996 995 1074 344 867 1313 1412 479 147 875 952 375 871 566 58 1096 570 865 161 741 915 1130 491 942 1183 1167 482 966 1066 1040 179 760 1192 724 857 1332 718 855 1385 750 546 679 72 974 736 947 628 1227 570
499 710 1701 1671 1211 555 372 1152 1808 315 1950 1156 0 371 1837 1916 1344 1709 513 515 1056 1194 802 1794 1126 1713 1566 1172 1938 1570 792 1208 1664 1757 862 1067 1784 915 687 1058 341 1908 1934 1226 1601 644 1647 783 336 1641 781 414 1673 962 1520 1159 350 1737 1789 935 372 1438
339 720 1541 1511 1051 834 652 992 1647 595 1789 996 371 0 1676 1755 1184 1549 793 795 896 1034 1081 1634 965 1553 1406 1012 1778 1410 1072 1047 1504 1597 701 907 1623 755 738 898 82 1748 1774 1065 1441 764 1487 1063 616 1480 1061 694 1512 802 1360 998 74 1576 1628 774 652 1278
1375 1829 567 536 1050 2204 2118 1187 457 2061 299 995 1837 1676 0 265 986 574 1994 2230 1160 1033 1735 69 1230 362 764 1011 287 766 1725 1047 709 406 1811 1171 67 1864 1848 1163 1647 257 284 1065 647 1873 692 1717 2081 686 1714 2160 718 1336 565 998 1655 780 82 1309 2087 760
1454 1908 510 480 1064 2068 2067 1051 390 2035 163 1074 1916 1755 265 0 871 518 2073 2136 1239 1112 1599 222 1099 441 628 1090 64 630 1589 1061 650 429 1890 1224 212 1943 1927 1215 1726 95 148 1079 697 1952 633 1581 2055 626 1578 2109 658 1270 645 1077 1734 645 217 1353 1951 766
883 1337 627 597 250 1253 1253 237 728 1220 793 344 1344 1184 986 871 0 635 1491 1321 492 298 784 943 284 811 278 360 893 282 775 246 454 767 1318 410 933 1372 1355 401 1154 863 753 264 501 1381 437 766 1241 430 764 1295 462 455 536 347 1163 449 938 538 1136 282
1247 1702 37 53 828 1832 1831 815 375 1798 440 867 1709 1549 574 518 635 0 1866 1900 1032 876 1363 532 862 451 391 884 540 394 1353 825 413 414 1683 988 521 1736 1720 979 1519 510 400 843 461 1746 396 1344 1819 390 1342 1873 422 1033 438 870 1527 408 526 1117 1714 530
656 240 1858 1828 1368 319 260 1309 1965 291 2106 1313 513 793 1994 2073 1491 1866 0 280 1213 1351 824 1951 1283 1870 1713 1329 2095 1717 814 1364 1821 1914 617 1224 1941 671 217 1215 763 2065 2091 1383 1758 174 1804 806 270 1797 803 218 1829 1119 1677 1316 772 1883 1946 1092 394 1595
892 476 1892 1862 1318 121 163 1184 1993 218 2058 1412 515 795 2230 2136 1321 1900 280 0 1302 1366 654 2187 1174 2076 1543 1429 2158 1547 645 1315 1719 2032 853 1220 2177 754 454 1211 765 2128 2018 1333 1766 410 1702 636 197 1695 634 120 1727 1017 1801 1415 774 1714 2182 1132 225 1548
594 1049 1025 994 489 1234 1234 268 1131 1201 1229 479 1056 896 1160 1239 492 1032 1213 1302 0 517 765 1117 242 1036 714 496 1261 718 756 486 890 1080 1030 123 1107 1083 1067 131 866 1231 1189 504 925 1093 873 747 1222 866 745 1275 898 436 844 482 874 885 1112 419 1117 719
732 1187 868 838 117 1298 1297 281 969 1264 1034 147 1194 1034 1033 1112 298 876 1351 1366 517 0 829 990 329 910 519 163 1134 523 819 114 695 953 1168 454 980 1221 1205 445 1004 1104 994 132 743 1231 678 810 1285 671 808 1339 703 499 717 150 1012 690 985 583 1180 524
1018 1021 1355 1325 781 586 586 647 1456 553 1521 875 802 1081 1735 1599 784 1363 824 654 765 829 0 1692 637 1539 1006 892 1621 1010 69 778 1182 1495 1340 683 1682 1165 998 674 1052 1591 1481 796 1229 954 1165 72 574 1158 79 627 1190 728 1264 878 1060 1177 1687 811 469 1011
1332 1787 524 494 1008 2161 2075 1145 414 2018 256 952 1794 1634 69 222 943 532 1951 2187 1117 990 1692 0 1187 320 721 969 245 723 1682 1004 667 363 1768 1129 25 1821 1805 1120 1604 215 241 1022 604 1831 650 1674 2039 643 1672 2117 675 1293 523 955 1613 738 70 1266 2044 717
664 1118 855 824 281 1106 1106 58 956 1073 1020 375 1126 965 1230 1099 284 862 1283 1174 242 329 637 1187 0 1039 506 391 1121 510 628 277 682 995 1100 159 1177 1153 1137 150 936 1091 981 296 729 1162 665 619 1094 658 617 1148 690 308 764 378 944 676 1182 391 989 510
1251 1706 443 413 927 2008 1994 991 159 1937 395 871 1713 1553 362 441 811 451 1870 2076 1036 910 1539 320 1039 0 568 888 464 570 1529 923 586 108 1687 1048 309 1740 1724 1039 1523 433 355 941 523 1750 569 1521 1958 562 1519 2036 594 1210 442 874 1532 585 314 1185 1891 636
1104 1559 384 353 471 1475 1474 458 485 1441 549 566 1566 1406 764 628 278 391 1713 1543 714 519 1006 721 506 568 0 582 650 39 996 468 211 524 1540 631 711 1593 1577 622 1376 620 510 486 258 1602 194 988 1462 187 985 1516 219 677 293 569 1384 205 716 760 1358 173
710 1165 876 846 180 1360 1360 344 983 1327 1097 58 1172 1012 1011 1090 360 884 1329 1429 496 163 892 969 391 888 582 0 1113 586 882 177 758 932 1146 507 958 1199 1183 498 982 1083 1057 195 776 1209 741 873 1348 734 871 1402 766 562 695 55 991 753 964 644 1243 586
1476 1931 532 502 1086 2090 2090 1073 412 2057 185 1096 1938 1778 287 64 893 540 2095 2158 1261 1134 1621 245 1121 464 650 1113 0 652 1611 1083 672 451 1912 1246 234 1965 1949 1238 1748 117 170 1101 719 1975 655 1603 2077 648 1601 2131 680 1292 667 1099 1756 667 239 1375 1973 788
1108 1563 386 356 476 1479 1479 463 487 1446 552 570 1570 1410 766 630 282 394 1717 1547 718 523 1010 723 510 570 39 586 652 0 1000 472 213 526 1544 636 713 1598 1581 627 1380 622 512 490 261 1607 196 992 1467 190 990 1520 222 681 295 573 1389 208 718 764 1362 178
1008 1011 1345 1315 771 576 576 637 1446 543 1511 865 792 1072 1725 1589 775 1353 814 645 756 819 69 1682 628 1529 996 882 1611 1000 0 768 1172 1485 1330 673 1672 1155 988 664 1042 1581 1471 786 1220 944 1155 72 564 1149 69 618 1181 718 1254 868 1050 1167 1677 801 459 1001
746 1200 817 787 46 1247 1246 230 918 1213 983 161 1208 1047 1047 1061 246 825 1364 1315 486 114 778 1004 277 923 468 177 1083 472 768 0 644 957 1181 403 994 1235 1219 394 1017 1053 943 61 691 1244 627 759 1234 620 757 1288 652 448 726 164 1026 639 999 531 1129 473
1202 1657 406 375 647 1651 1650 634 507 1617 571 741 1664 1504 709 650 454 413 1821 1719 890 695 1182 667 682 586 211 758 672 213 1172 644 0 545 1638 807 656 1691 1675 798 1474 642 532 662 195 1701 51 1163 1638 44 1161 1692 35 852 230 744 1483 227 661 936 1533 349
1295 1750 406 376 960 1964 1963 947 115 1930 351 915 1757 1597 406 429 767 414 1914 2032 1080 953 1495 363 995 108 524 932 451 526 1485 957 545 0 1731 1092 353 1784 1768 1083 1567 421 311 975 567 1793 528 1476 1951 522 1474 2005 554 1165 486 918 1575 540 358 1229 1846 662
407 387 1610 1579 1119 827 768 1061 1716 799 1858 1064 796 636 1745 1824 1253 1617 552 788 964 1102 1332 1702 1034 1621 1474 1080 1846 1479 1322 1116 1572 1665 0 975 1692 277 406 967 606 1816 1843 1134 1510 431 1555 1314 778 1549 1312 726 1581 870 1428 1067 615 1645 1697 843 903 1346
605 1060 980 950 406 1151 1151 185 1081 1118 1146 491 1067 907 1171 1224 410 988 1224 1220 123 454 683 1129 159 1048 631 507 1246 636 673 403 807 1092 1041 0 1118 1094 1078 48 877 1216 1106 421 855 1104 790 664 1139 784 662 1193 816 353 855 493 886 802 1123 430 1034 636
1322 1776 514 483 997 2151 2065 1134 404 2008 246 942 1784 1623 67 212 933 521 1941 2177 1107 980 1682 25 1177 309 711 958 234 713 1672 994 656 353 1758 1118 0 1811 1795 1110 1594 204 231 1012 594 1820 639 1664 2029 633 1661 2107 665 1283 513 945 1602 728 60 1256 2034 707
526 507 1729 1698 1238 707 846 1180 1835 901 1977 1183 915 755 1864 1943 1372 1736 671 766 1083 1221 1176 1821 1153 1740 1593 1199 1965 1598 1166 1235 1691 1784 227 1094 1811 0 525 1086 725 1935 1962 1253 1629 550 1674 1158 881 1668 1156 804 1700 989 1548 1186 734 1764 1816 962 852 1465
510 94 1712 1682 1222 493 434 1163 1819 465 1960 1167 687 738 1848 1927 1355 1720 217 454 1067 1205 998 1805 1137 1724 1577 1183 1949 1581 988 1219 1675 1768 471 1078 1795 525 0 1069 709 1919 1945 1237 1612 97 1658 980 444 1652 977 392 1684 973 1531 1170 717 1748 1800 946 568 1449
597 1051 971 941 397 1143 1142 176 1072 1109 1137 482 1058 898 1163 1215 401 979 1215 1211 131 445 674 1120 150 1039 622 498 1238 627 664 394 798 1083 1032 48 1110 1086 1069 0 868 1207 1097 412 846 1095 781 655 1130 775 653 1184 807 344 846 485 877 793 1115 421 1025 627
309 690 1511 1481 1021 804 622 962 1618 565 1759 966 341 82 1647 1726 1154 1519 763 765 866 1004 1052 1604 936 1523 1376 982 1748 1380 1042 1017 1474 1567 671 877 1594 725 709 868 0 1718 1744 1036 1411 734 1457 1033 586 1450 1031 664 1482 772 1330 969 62 1546 1599 745 622 1248
1446 1901 502 472 1056 2060 2059 1043 382 2027 155 1066 1908 1748 257 95 863 510 2065 2128 1231 1104 1591 215 1091 433 620 1083 117 622 1581 1053 642 421 1882 1216 204 1935 1919 1207 1718 0 140 1071 689 1944 625 1573 2047 618 1571 2101 650 1262 637 1069 1726 637 209 1345 1943 758
1473 1927 392 362 946 1950 1949 933 272 1916 67 1040 1934 1774 284 148 753 400 2091 2018 1189 994 1481 241 981 355 510 1057 170 512 1471 943 532 311 1908 1106 231 1962 1945 1097 1744 140 0 961 579 1971 515 1463 1937 508 1460 1991 540 1152 614 1043 1753 526 236 1235 1833 648
764 1218 835 805 61 1265 1264 248 936 1231 1001 179 1226 1065 1065 1079 264 843 1383 1333 504 132 796 1022 296 941 486 195 1101 490 786 61 662 975 1200 421 1012 1253 1237 412 1036 1071 961 0 709 1262 645 777 1252 638 775 1306 670 466 744 182 1044 657 1017 550 1147 491
1140 1594 453 423 695 1698 1698 682 554 1665 619 760 1601 1441 647 697 501 461 1758 1766 925 743 1229 604 729 523 258 776 719 261 1220 691 195 567 1575 855 594 1629 1612 846 1411 689 579 709 0 1638 178 1211 1686 172 1209 1740 204 900 112 763 1420 275 599 983 1581 397
536 120 1738 1708 1248 449 390 1189 1844 421 1986 1192 644 764 1873 1952 1381 1746 174 410 1093 1231 954 1831 1162 1750 1602 1209 1975 1607 944 1244 1701 1793 497 1104 1820 550 97 1095 734 1944 1971 1262 1638 0 1684 936 400 1677 934 348 1709 999 1557 1195 743 1773 1825 971 525 1475
1185 1640 389 358 630 1634 1633 617 490 1600 554 724 1647 1487 692 633 437 396 1804 1702 873 678 1165 650 665 569 194 741 655 196 1155 627 51 528 1621 790 639 1674 1658 781 1457 625 515 645 178 1684 0 1147 1621 27 1144 1675 59 836 213 727 1466 210 644 919 1517 332
1000 1002 1337 1306 763 568 567 629 1438 535 1502 857 783 1063 1717 1581 766 1344 806 636 747 810 72 1674 619 1521 988 873 1603 992 72 759 1163 1476 1322 664 1664 1147 980 655 1033 1573 1463 777 1211 936 1147 0 555 1140 61 609 1172 710 1246 860 1042 1158 1669 793 451 992
744 466 1811 1781 1237 236 144 1103 1912 87 1977 1332 336 616 2081 2055 1241 1819 270 197 1222 1285 574 2039 1094 1958 1462 1348 2077 1467 564 1234 1638 1951 843 1139 2029 869 444 1130 586 2047 1937 1252 1686 400 1621 555 0 1615 553 135 1647 937 1721 1334 594 1633 2034 1051 144 1467
1179 1633 382 352 624 1627 1627 611 483 1594 548 718 1641 1480 686 626 430 390 1797 1695 866 671 1158 643 658 562 187 734 648 190 1149 620 44 522 1614 784 633 1668 1652 775 1450 618 508 638 172 1677 27 1140 1615 0 1138 1669 53 829 207 721 1459 204 638 912 1510 326
997 1000 1334 1304 760 566 565 627 1435 532 1500 855 781 1061 1714 1578 764 1342 803 634 745 808 79 1672 617 1519 985 871 1601 990 69 757 1161 1474 1319 662 1661 1145 977 653 1031 1571 1460 775 1209 934 1144 61 553 1138 0 607 1170 707 1244 858 1040 1156 1666 791 448 990
822 414 1865 1835 1291 159 101 1157 1966 156 2031 1385 414 694 2160 2109 1295 1873 218 120 1275 1339 627 2117 1148 2036 1516 1402 2131 1520 618 1288 1692 2005 791 1193 2107 793 392 1184 664 2101 1991 1306 1740 348 1675 609 135 1669 607 0 1701 990 1774 1388 673 1687 2112 1105 198 1521
1211 1665 414 384 656 1659 1659 643 515 1626 580 750 1673 1512 718 658 462 422 1829 1727 898 703 1190 675 690 594 219 766 680 222 1181 652 35 554 1646 816 665 1700 1684 807 1482 650 540 670 204 1709 59 1172 1647 53 1170 1701 0 861 239 753 1491 236 670 944 1542 358
500 955 1026 995 451 946 946 318 1127 913 1191 546 962 802 1336 1270 455 1033 1119 1014 436 499 728 1293 308 1210 677 562 1292 681 718 448 852 1165 936 353 1283 989 973 344 772 1262 1152 466 900 999 836 710 934 829 707 988 861 0 935 549 781 847 1288 128 829 681
1058 1513 430 400 729 1733 1733 717 537 1700 654 679 1520 1360 565 645 536 438 1677 1801 844 717 1264 523 764 442 293 695 667 295 1254 726 230 486 1494 855 513 1548 1531 846 1330 637 614 744 112 1557 213 1246 1721 207 1244 1774 239 935 0 682 1339 310 518 992 1616 431
697 1151 863 832 167 1347 1347 330 969 1314 1083 72 1159 998 998 1077 347 870 1316 1415 482 150 878 955 378 874 569 55 1099 573 868 164 744 918 1133 493 945 1186 1170 485 969 1069 1043 182 763 1195 727 860 1334 721 858 1388 753 549 682 0 977 739 950 631 1230 573
318 699 1520 1489 1029 813 631 971 1626 574 1768 974 350 74 1655 1734 1163 1527 772 774 874 1012 1060 1613 944 1532 1384 991 1756 1389 1050 1026 1483 1575 680 886 1602 734 717 877 62 1726 1753 1044 1420 743 1466 1042 594 1459 1040 673 1491 781 1339 977 0 1555 1607 753 631 1257
1275 1729 400 370 642 1646 1645 629 501 1612 566 736 1737 1576 780 645 449 408 1883 1714 885 690 1177 738 676 585 205 753 667 208 1167 639 227 540 1710 802 728 1764 1748 793 1546 637 526 657 275 1773 210 1158 1633 204 1156 1687 236 847 310 739 1555 0 733 931 1528 344
1327 1781 519 488 1002 2156 2070 1139 409 2013 251 947 1789 1628 82 217 938 526 1946 2182 1112 985 1687 70 1182 314 716 964 239 718 1677 999 661 358 1763 1123 60 1816 1800 1115 1599 209 236 1017 599 1825 644 1669 2034 638 1666 2112 670 1288 518 950 1607 733 0 1261 2039 712
473 927 1109 1079 535 1061 1060 401 1210 1028 1275 628 935 774 1309 1353 538 1117 1092 1129 419 583 811 1266 391 1185 760 644 1375 764 801 531 936 1229 909 430 1256 962 946 421 745 1345 1235 550 983 971 919 793 1048 912 791 1102 944 128 992 631 753 931 1261 0 944 764
780 591 1707 1676 1133 262 156 999 1808 123 1872 1227 372 652 2087 1951 1136 1714 394 225 1117 1180 469 2044 989 1891 1358 1243 1973 1362 459 1129 1533 1846 968 1034 2034 840 568 1025 622 1943 1833 1147 1581 525 1517 451 144 1510 448 198 1542 832 1616 1230 631 1528 2039 946 0 1362
976 1431 522 492 476 1480 1479 463 623 1446 688 570 1438 1278 760 766 282 530 1595 1548 719 524 1011 717 510 636 173 586 788 178 1001 473 349 662 1412 636 707 1465 1449 627 1248 758 648 491 397 1475 332 992 1467 326 990 1521 358 681 431 573 1257 344 712 764 1362 0
EOF