NAME : tsp_problem
TYPE : TSP
DIMENSION : 80
EDGE_WEIGHT_TYPE : EXPLICIT
EDGE_WEIGHT_FORMAT : FULL_MATRIX
EDGE_WEIGHT_SECTION
0 78 1018 484 722 1620 1860 432 1260 978 1094 733 1864 1972 1229 1496 1001 1178 1844 534 1604 1300 491 122 484 740 1955 1715 1328 637 1617 708 560 19 616 1607 707 1340 1092 1455 1236 1828 1221 1133 696 411 1302 1794 463 1688 1744 1860 1270 702 1226 1268 705 447 1604 687 1332 1732 969 710 678 1514 144 744 1833 1350 146 1779 1090 725 1596 1482 534 737 1852 1360
78 0 970 437 689 1587 1827 385 1227 931 1061 686 1831 1939 1196 1463 969 1146 1812 487 1571 1268 444 89 437 693 1922 1682 1295 590 1585 675 512 73 583 1574 660 1307 1059 1422 1203 1795 1189 1100 663 364 1269 1761 416 1656 1711 1828 1237 669 1193 1235 672 399 1571 654 1300 1699 922 677 631 1481 97 697 1800 1317 99 1746 1057 677 1564 1449 501 704 1819 1327
1018 970 0 552 1045 1242 1727 607 799 144 644 828 1731 1625 833 1063 737 588 1462 503 1258 959 545 1028 553 835 1607 1338 970 656 1210 1031 542 1012 1141 1254 802 999 640 1076 840 1465 826 849 1019 627 1024 1482 573 1176 1539 1728 810 1025 830 695 1028 593 1175 1010 991 1355 135 1033 773 1278 982 839 1700 610 931 1499 636 819 1006 1094 1014 1060 1720 871
484 437 552 0 658 1676 2153 153 1234 512 1079 441 2156 2059 1267 1497 905 1022 1896 116 1692 1393 139 495 166 448 2042 1772 1404 284 1644 644 207 479 769 1688 415 1433 1075 1510 1274 1899 1260 1283 632 131 1458 1916 110 1610 1973 2153 1244 638 1264 1129 641 167 1609 623 1426 1789 503 646 386 1712 448 452 2126 1044 398 1933 1070 432 1440 1528 827 673 2145 1306
722 689 1045 658 0 1393 1633 637 1033 1006 867 361 1636 1745 1002 1269 774 951 1617 609 1377 1073 651 692 559 256 1728 1487 1101 908 1390 99 794 717 790 1380 335 1113 865 1228 1009 1601 994 906 90 658 1075 1567 679 1461 1517 1633 1043 54 999 1041 98 623 1377 81 1105 1505 997 62 322 1287 755 256 1606 1123 757 1552 862 352 1369 1255 307 69 1625 1133
1620 1587 1242 1676 1393 0 627 1731 726 1269 829 1616 631 736 759 462 921 696 573 1628 80 604 1669 1590 1677 1510 718 449 631 1781 73 1379 1667 1615 1688 76 1589 644 825 475 766 575 752 694 1367 1752 606 562 1697 202 511 628 736 1372 756 643 1375 1717 84 1357 636 466 1260 1381 1577 169 1653 1511 600 944 1655 546 821 1607 271 492 1123 1408 619 545
1860 1827 1727 2153 1633 627 0 2131 1061 1754 1160 1856 42 283 1030 779 1337 1182 456 2104 611 844 2146 1830 2053 1750 266 542 872 2266 625 1618 2152 1855 1928 614 1829 884 1158 738 1037 439 1023 934 1607 2152 846 405 2174 696 355 36 1071 1612 1027 1069 1615 2117 611 1597 876 559 1745 1621 1817 521 1893 1751 69 1430 1895 390 1156 1847 756 766 1363 1648 51 902
432 385 607 153 637 1731 2131 0 1289 567 1134 420 2135 2114 1322 1552 960 1077 1951 171 1747 1448 160 443 144 426 2096 1827 1459 305 1699 622 228 427 790 1743 393 1488 1130 1565 1329 1954 1315 1338 611 79 1513 1971 131 1665 2015 2132 1299 616 1319 1184 619 115 1664 601 1480 1844 558 625 365 1767 397 430 2104 1099 346 1988 1125 411 1495 1583 805 652 2124 1361
1260 1227 799 1234 1033 726 1061 1289 0 826 386 1256 1065 1108 140 547 479 254 946 1185 741 443 1227 1230 1235 1151 1091 821 454 1338 694 1019 1224 1255 1328 737 1229 483 382 560 147 948 133 156 1007 1309 503 965 1255 659 945 1062 33 1013 137 114 1016 1275 659 998 475 839 817 1021 1217 715 1293 1151 1034 502 1295 980 378 1247 490 577 763 1048 1054 355
978 931 144 512 1006 1269 1754 567 826 0 671 789 1758 1651 860 1089 763 615 1488 464 1284 986 505 989 514 796 1634 1364 996 617 1237 992 503 973 1102 1280 762 1026 667 1103 867 1491 852 876 980 588 1050 1508 533 1202 1566 1755 836 986 856 722 989 553 1201 971 1018 1382 63 994 734 1304 942 800 1727 636 892 1525 663 780 1033 1120 974 1021 1746 898
1094 1061 644 1079 867 829 1160 1134 386 671 0 1090 1164 1212 420 650 324 153 1049 1030 845 546 1072 1064 1080 985 1194 925 557 1183 797 853 1069 1089 1162 841 1063 586 90 663 427 1052 413 433 841 1154 602 1069 1100 763 1044 1161 397 847 417 282 850 1120 762 832 578 942 662 855 1051 814 1127 985 1133 347 1129 1079 88 1081 593 681 597 882 1152 458
733 686 828 441 361 1616 1856 420 1256 789 1090 0 1860 1968 1225 1492 997 1174 1840 392 1600 1296 434 744 342 151 1951 1711 1324 691 1613 347 577 728 1013 1603 45 1336 1088 1451 1232 1824 1217 1129 335 441 1298 1790 462 1684 1740 1856 1266 341 1222 1264 344 406 1600 326 1328 1728 780 349 106 1510 698 155 1829 1321 647 1775 1086 26 1592 1478 530 376 1848 1356
1864 1831 1731 2156 1636 631 42 2135 1065 1758 1164 1860 0 287 1034 783 1341 1186 459 2108 615 848 2149 1834 2057 1754 270 546 876 2270 628 1622 2156 1858 1932 618 1833 888 1162 742 1041 443 1026 938 1610 2156 850 409 2178 699 359 15 1075 1616 1031 1073 1619 2121 615 1601 880 563 1749 1624 1821 525 1897 1754 68 1433 1899 394 1160 1851 760 770 1367 1652 50 906
1972 1939 1625 2059 1745 736 283 2114 1108 1651 1212 1968 287 0 1142 844 1304 1079 422 2010 723 957 2052 1942 2060 1863 53 519 984 2164 704 1731 2050 1967 2040 727 1941 996 1208 851 1149 424 1135 1046 1719 2135 958 441 2080 669 467 284 1119 1725 1139 1026 1728 2100 668 1710 989 536 1642 1733 1929 633 2005 1863 256 1327 2007 459 1203 1959 653 875 1475 1760 276 927
1229 1196 833 1267 1002 759 1030 1322 140 860 420 1225 1034 1142 0 580 512 287 979 1218 774 470 1260 1199 1268 1119 1125 855 487 1372 727 987 1258 1223 1297 771 1198 510 416 593 31 982 45 125 976 1343 472 964 1288 693 914 1030 150 981 41 148 984 1308 692 966 503 872 851 990 1186 684 1262 1120 1003 535 1264 949 412 1216 523 611 732 1017 1022 389
1496 1463 1063 1497 1269 462 779 1552 547 1089 650 1492 783 844 580 0 742 517 681 1448 477 309 1490 1466 1498 1386 827 557 319 1602 430 1254 1488 1490 1564 473 1465 349 646 102 587 684 573 570 1242 1573 373 701 1518 395 663 780 557 1248 577 464 1251 1538 394 1233 341 574 1081 1257 1453 434 1529 1387 752 765 1531 698 642 1483 226 120 999 1284 772 233
1001 969 737 903 774 921 1337 958 479 763 324 997 1341 1304 512 742 0 267 1141 854 937 639 896 971 904 892 1287 1017 649 1007 890 760 893 996 1070 933 971 678 320 755 519 1144 505 528 748 978 703 1161 924 855 1219 1338 489 754 509 374 757 944 854 739 671 1034 754 762 959 957 1035 892 1310 439 1037 1178 316 989 685 773 505 789 1330 551
1178 1146 588 1022 951 696 1182 1077 254 615 153 1174 1186 1079 287 517 267 0 916 973 712 414 1015 1148 1023 1069 1062 792 424 1127 664 937 1013 1173 1247 708 1148 453 149 530 294 919 280 303 925 1098 478 936 1043 630 993 1182 264 931 284 149 934 1063 629 916 446 809 606 939 1136 732 1212 1069 1155 290 1214 953 145 1166 460 548 682 966 1174 326
1844 1812 1462 1896 1617 573 456 1951 946 1488 1049 1840 459 422 979 681 1141 916 0 1847 588 829 1889 1814 1897 1735 404 356 851 2001 541 1603 1887 1839 1913 585 1814 869 1045 695 986 91 972 918 1591 1972 831 108 1917 506 165 456 956 1597 976 863 1600 1937 506 1582 861 373 1480 1605 1802 506 1878 1735 429 1164 1880 125 1041 1831 491 712 1348 1632 448 765
534 487 503 116 609 1628 2104 171 1185 464 1030 392 2108 2010 1218 1448 857 973 1847 0 1643 1345 109 545 117 399 1993 1723 1355 334 1596 595 251 529 819 1639 366 1385 1026 1461 1225 1850 1211 1235 583 181 1409 1867 137 1561 1925 2104 1195 589 1215 1081 592 157 1560 574 1377 1740 455 597 337 1663 498 403 2077 995 448 1884 1022 383 1392 1479 778 624 2096 1257
1604 1571 1258 1692 1377 80 611 1747 741 1284 845 1600 615 723 774 477 937 712 588 1643 0 588 1685 1574 1693 1494 706 464 616 1797 89 1362 1682 1599 1672 76 1573 628 841 482 781 579 767 678 1351 1768 590 546 1713 217 495 612 751 1356 771 659 1359 1733 100 1341 620 481 1275 1365 1561 153 1637 1495 584 960 1639 530 836 1591 286 508 1107 1392 603 560
1300 1268 959 1393 1073 604 844 1448 443 986 546 1296 848 957 470 309 639 414 829 1345 588 0 1386 1270 1395 1191 939 699 98 1498 588 1059 1384 1295 1369 592 1270 72 542 322 477 813 463 374 1047 1469 97 779 1415 554 728 845 453 1053 467 360 1056 1434 553 1038 64 716 977 1061 1258 499 1334 1191 817 661 1335 763 538 1287 384 340 804 1088 837 116
491 444 545 139 651 1669 2146 160 1227 505 1072 434 2149 2052 1260 1490 898 1015 1889 109 1685 1386 0 502 159 441 2035 1765 1397 291 1637 637 214 486 776 1681 408 1426 1068 1503 1267 1892 1253 1276 625 138 1451 1909 117 1603 1966 2146 1237 631 1257 1122 634 174 1602 616 1419 1782 497 639 379 1705 456 445 2119 1037 405 1926 1063 425 1433 1521 820 666 2138 1299
122 89 1028 495 692 1590 1830 443 1230 989 1064 744 1834 1942 1199 1466 971 1148 1814 545 1574 1270 502 0 495 751 1925 1685 1298 648 1587 678 570 116 586 1577 718 1310 1062 1425 1206 1798 1191 1103 666 422 1272 1764 474 1658 1714 1830 1240 672 1196 1238 675 457 1574 657 1302 1702 980 680 689 1484 155 755 1803 1320 157 1749 1060 735 1566 1452 504 707 1822 1330
484 437 553 166 559 1677 2053 144 1235 514 1080 342 2057 2060 1268 1498 907 1023 1897 117 1693 1395 159 495 0 348 2043 1773 1405 382 1646 544 301 479 866 1689 315 1435 1076 1511 1275 1900 1261 1285 532 156 1459 1917 187 1611 1937 2054 1245 538 1265 1131 541 130 1610 523 1427 1790 505 547 287 1707 448 352 2026 1045 398 1934 1072 333 1441 1529 727 574 2046 1307
740 693 835 448 256 1510 1750 426 1151 796 985 151 1754 1863 1119 1386 892 1069 1735 399 1494 1191 441 751 348 0 1845 1605 1219 698 1508 242 584 735 908 1498 124 1231 982 1345 1126 1719 1112 1023 230 447 1193 1685 469 1579 1634 1751 1161 235 1116 1158 238 412 1494 220 1223 1622 787 244 112 1405 704 49 1723 1241 654 1669 980 142 1487 1373 424 271 1743 1250
1955 1922 1607 2042 1728 718 266 2096 1091 1634 1194 1951 270 53 1125 827 1287 1062 404 1993 706 939 2035 1925 2043 1845 0 501 967 2146 686 1713 2032 1949 2023 709 1924 979 1190 833 1132 407 1117 1029 1701 2117 941 424 2063 652 450 266 1101 1707 1122 1009 1710 2083 651 1692 971 519 1625 1716 1912 616 1988 1846 239 1310 1990 441 1186 1942 636 858 1458 1743 258 910
1715 1682 1338 1772 1487 449 542 1827 821 1364 925 1711 546 519 855 557 1017 792 356 1723 464 699 1765 1685 1773 1605 501 0 726 1877 417 1473 1763 1709 1783 460 1684 739 921 570 862 358 848 789 1461 1848 701 376 1793 382 426 542 832 1467 852 739 1470 1813 381 1452 731 34 1355 1475 1672 376 1748 1605 515 1040 1750 393 916 1702 366 588 1218 1502 534 640
1328 1295 970 1404 1101 631 872 1459 454 996 557 1324 876 984 487 319 649 424 851 1355 616 98 1397 1298 1405 1219 967 726 0 1509 599 1087 1395 1323 1396 619 1297 138 553 332 494 840 480 402 1075 1480 150 806 1425 564 756 873 464 1081 484 371 1084 1445 564 1066 130 744 987 1089 1285 526 1361 1219 845 672 1363 791 549 1315 395 350 831 1116 864 127
637 590 656 284 908 1781 2266 305 1338 617 1183 691 2270 2164 1372 1602 1010 1127 2001 334 1797 1498 291 648 382 698 2146 1877 1509 0 1749 894 217 632 508 1793 665 1538 1179 1615 1379 2004 1365 1388 882 284 1563 2021 263 1715 2078 2267 1349 888 1369 1234 891 319 1714 873 1530 1894 608 896 636 1817 601 702 2240 1149 551 2038 1175 682 1545 1633 1010 923 2259 1410
1617 1585 1210 1644 1390 73 625 1699 694 1237 797 1613 628 704 727 430 890 664 541 1596 89 588 1637 1587 1646 1508 686 417 599 1749 0 1376 1635 1612 1686 85 1587 628 793 443 734 543 720 691 1364 1720 604 559 1666 170 508 625 704 1370 724 611 1373 1685 52 1355 620 434 1228 1378 1575 166 1651 1508 598 912 1652 544 789 1604 239 460 1121 1405 617 513
708 675 1031 644 99 1379 1618 622 1019 992 853 347 1622 1731 987 1254 760 937 1603 595 1362 1059 637 678 544 242 1713 1473 1087 894 1376 0 780 702 776 1366 320 1099 851 1214 994 1587 980 891 76 643 1061 1553 665 1447 1502 1619 1029 81 984 1026 76 608 1362 66 1091 1491 983 90 308 1273 741 242 1592 1109 743 1538 848 338 1355 1241 292 84 1611 1118
560 512 542 207 794 1667 2152 228 1224 503 1069 577 2156 2050 1258 1488 896 1013 1887 251 1682 1384 214 570 301 584 2032 1763 1395 217 1635 780 0 554 702 1679 550 1424 1065 1501 1265 1889 1251 1274 768 207 1448 1906 185 1601 1964 2153 1234 774 1255 1120 777 242 1600 759 1416 1780 494 782 522 1703 524 588 2125 1035 473 1924 1061 568 1431 1519 962 809 2145 1296
19 73 1012 479 717 1615 1855 427 1255 973 1089 728 1858 1967 1223 1490 996 1173 1839 529 1599 1295 486 116 479 735 1949 1709 1323 632 1612 702 554 0 611 1602 702 1335 1087 1450 1230 1823 1216 1127 691 406 1297 1789 458 1683 1738 1855 1265 696 1220 1262 699 441 1599 681 1327 1727 964 705 673 1509 139 739 1828 1345 141 1774 1084 719 1591 1477 528 732 1847 1354
616 583 1152 780 790 1688 1928 801 1328 1113 1162 1013 1932 2040 1297 1564 1070 1247 1913 830 1672 1369 787 586 878 908 2023 1783 1396 508 1686 776 713 611 0 1675 987 1408 1160 1523 1304 1896 1290 1201 764 780 1370 1863 759 1757 1812 1929 1338 770 1294 1336 773 815 1672 755 1401 1800 1104 778 974 1582 649 908 1901 1418 651 1847 1158 1004 1665 1550 602 805 1920 1428
1607 1574 1254 1688 1380 76 614 1743 737 1280 841 1603 618 727 771 473 933 708 585 1639 76 592 1681 1577 1689 1498 709 460 619 1793 85 1366 1679 1602 1675 0 1577 632 837 486 778 583 764 681 1354 1764 593 549 1709 213 498 615 748 1360 768 655 1363 1729 96 1345 624 478 1271 1368 1565 156 1641 1498 588 956 1642 534 833 1594 283 504 1111 1395 607 556
707 660 802 415 335 1589 1829 393 1229 762 1063 45 1833 1941 1198 1465 971 1148 1814 366 1573 1270 408 718 315 124 1924 1684 1297 665 1587 320 550 702 987 1577 0 1310 1061 1424 1205 1798 1191 1102 309 414 1271 1764 436 1658 1713 1830 1240 314 1195 1237 317 379 1573 299 1302 1701 754 323 79 1483 671 128 1802 1294 621 1748 1059 49 1566 1452 503 350 1822 1329
1340 1307 999 1433 1113 644 884 1488 483 1026 586 1336 888 996 510 349 678 453 869 1385 628 72 1426 1310 1435 1231 979 739 138 1538 628 1099 1424 1335 1408 632 1310 0 582 362 517 853 503 414 1087 1509 137 819 1454 594 768 885 493 1093 507 400 1096 1474 593 1078 25 756 1017 1101 1298 538 1374 1231 857 701 1375 803 578 1327 424 379 844 1128 877 156
1092 1059 640 1075 865 825 1158 1130 382 667 90 1088 1162 1208 416 646 320 149 1045 1026 841 542 1068 1062 1076 982 1190 921 553 1179 793 851 1065 1087 1160 837 1061 582 0 659 423 1048 409 431 839 1150 600 1065 1096 759 1042 1159 393 844 413 278 847 1116 758 830 574 938 658 853 1049 812 1125 983 1131 343 1127 1077 86 1079 589 677 595 880 1150 454
1455 1422 1076 1510 1228 475 738 1565 560 1103 663 1451 742 851 593 102 755 530 695 1461 482 322 1503 1425 1511 1345 833 570 332 1615 443 1214 1501 1450 1523 486 1424 362 659 0 600 697 586 529 1202 1586 386 673 1531 408 622 739 570 1207 590 477 1210 1551 407 1193 354 588 1094 1216 1412 393 1488 1346 711 778 1490 658 655 1442 239 88 958 1243 731 246
1236 1203 840 1274 1009 766 1037 1329 147 867 427 1232 1041 1149 31 587 519 294 986 1225 781 477 1267 1206 1275 1126 1132 862 494 1379 734 994 1265 1230 1304 778 1205 517 423 600 0 989 38 132 983 1350 479 971 1295 700 921 1037 157 988 35 155 991 1315 699 973 510 879 858 997 1193 691 1269 1127 1010 542 1271 956 419 1223 530 618 739 1024 1029 396
1828 1795 1465 1899 1601 575 439 1954 948 1491 1052 1824 443 424 982 684 1144 919 91 1850 579 813 1892 1798 1900 1719 407 358 840 2004 543 1587 1889 1823 1896 583 1798 853 1048 697 989 0 974 902 1575 1975 814 92 1920 509 149 440 958 1581 979 866 1584 1940 508 1566 845 376 1482 1589 1786 490 1862 1719 412 1167 1863 109 1043 1815 493 715 1331 1616 432 767
1221 1189 826 1260 994 752 1023 1315 133 852 413 1217 1026 1135 45 573 505 280 972 1211 767 463 1253 1191 1261 1112 1117 848 480 1365 720 980 1251 1216 1290 764 1191 503 409 586 38 974 0 118 968 1336 465 957 1281 686 906 1023 143 974 48 140 977 1301 685 959 495 865 843 982 1179 677 1255 1112 996 528 1256 942 404 1208 516 604 725 1009 1015 381
1133 1100 849 1283 906 694 934 1338 156 876 433 1129 938 1046 125 570 528 303 918 1235 678 374 1276 1103 1285 1023 1029 789 402 1388 691 891 1274 1127 1201 681 1102 414 431 529 132 902 118 0 879 1359 376 868 1304 709 818 934 166 885 122 164 888 1324 678 870 406 806 867 894 1090 588 1166 1023 907 551 1168 853 428 1120 539 556 636 921 926 405
696 663 1019 632 90 1367 1607 611 1007 980 841 335 1610 1719 976 1242 748 925 1591 583 1351 1047 625 666 532 230 1701 1461 1075 882 1364 76 768 691 764 1354 309 1087 839 1202 983 1575 968 879 0 631 1049 1541 653 1435 1490 1607 1017 69 972 1014 72 597 1351 54 1079 1479 971 78 296 1261 729 230 1580 1097 731 1526 836 326 1343 1229 281 96 1599 1106
411 364 627 131 658 1752 2152 79 1309 588 1154 441 2156 2135 1343 1573 981 1098 1972 181 1768 1469 138 422 156 447 2117 1848 1480 284 1720 643 207 406 769 1764 414 1509 1150 1586 1350 1975 1336 1359 631 0 1534 1992 110 1686 2036 2153 1320 637 1340 1205 640 94 1685 622 1501 1865 579 646 386 1788 375 451 2125 1120 325 2009 1146 432 1516 1604 826 673 2145 1382
1302 1269 1024 1458 1075 606 846 1513 503 1050 602 1298 850 958 472 373 703 478 831 1409 590 97 1451 1272 1459 1193 941 701 150 1563 604 1061 1448 1297 1370 593 1271 137 600 386 479 814 465 376 1049 1534 0 780 1479 618 730 847 513 1055 469 425 1058 1499 590 1040 129 718 1041 1063 1259 500 1335 1193 819 726 1337 765 598 1289 448 404 805 1090 838 180
1794 1761 1482 1916 1567 562 405 1971 965 1508 1069 1790 409 441 964 701 1161 936 108 1867 546 779 1909 1764 1917 1685 424 376 806 2021 559 1553 1906 1789 1863 549 1764 819 1065 673 971 92 957 868 1541 1992 780 0 1937 526 115 406 975 1547 961 883 1550 1957 525 1532 811 393 1499 1555 1752 456 1828 1685 379 1184 1829 75 1060 1781 510 700 1298 1582 398 784
463 416 573 110 679 1697 2174 131 1255 533 1100 462 2178 2080 1288 1518 927 1043 1917 137 1713 1415 117 474 187 469 2063 1793 1425 263 1666 665 185 458 748 1709 436 1454 1096 1531 1295 1920 1281 1304 653 110 1479 1937 0 1631 1995 2174 1265 659 1285 1150 662 145 1630 644 1447 1810 525 667 407 1733 427 473 2147 1065 377 1954 1091 453 1461 1549 848 694 2166 1327
1688 1656 1176 1610 1461 202 696 1665 659 1202 763 1684 699 669 693 395 855 630 506 1561 217 554 1603 1658 1611 1579 652 382 564 1715 170 1447 1601 1683 1757 213 1658 594 759 408 700 509 686 709 1435 1686 618 526 1631 0 580 696 669 1441 690 577 1444 1651 134 1426 586 399 1193 1449 1646 237 1722 1579 669 878 1724 543 754 1676 204 426 1192 1476 688 478
1744 1711 1539 1973 1517 511 355 2015 945 1566 1044 1740 359 467 914 663 1219 993 165 1925 495 728 1966 1714 1937 1634 450 426 756 2078 508 1502 1964 1738 1812 498 1713 768 1042 622 921 149 906 818 1490 2036 730 115 1995 580 0 355 955 1496 911 940 1499 2001 495 1481 760 443 1557 1505 1701 405 1777 1635 328 1241 1779 100 1040 1731 568 650 1247 1532 347 786
1860 1828 1728 2153 1633 628 36 2132 1062 1755 1161 1856 15 284 1030 780 1338 1182 456 2104 612 845 2146 1830 2054 1751 266 542 873 2267 625 1619 2153 1855 1929 615 1830 885 1159 739 1037 440 1023 934 1607 2153 847 406 2174 696 355 0 1072 1613 1027 1069 1616 2118 612 1598 877 560 1746 1621 1818 522 1894 1751 61 1430 1896 391 1156 1847 757 766 1364 1648 43 903
1270 1237 810 1244 1043 736 1071 1299 33 836 397 1266 1075 1119 150 557 489 264 956 1195 751 453 1237 1240 1245 1161 1101 832 464 1349 704 1029 1234 1265 1338 748 1240 493 393 570 157 958 143 166 1017 1320 513 975 1265 669 955 1072 0 1023 147 124 1026 1285 669 1008 485 849 827 1031 1227 726 1304 1161 1044 512 1305 990 388 1257 500 588 773 1058 1064 365
702 669 1025 638 54 1372 1612 616 1013 986 847 341 1616 1725 981 1248 754 931 1597 589 1356 1053 631 672 538 235 1707 1467 1081 888 1370 81 774 696 770 1360 314 1093 844 1207 988 1581 974 885 69 637 1055 1547 659 1441 1496 1613 1023 0 978 1020 78 602 1356 60 1085 1484 977 42 302 1267 735 236 1585 1103 737 1531 842 332 1349 1235 286 69 1605 1112
1226 1193 830 1264 999 756 1027 1319 137 856 417 1222 1031 1139 41 577 509 284 976 1215 771 467 1257 1196 1265 1116 1122 852 484 1369 724 984 1255 1220 1294 768 1195 507 413 590 35 979 48 122 972 1340 469 961 1285 690 911 1027 147 978 0 145 981 1305 689 963 499 869 848 987 1183 681 1259 1117 1000 532 1261 946 409 1213 520 608 729 1014 1019 386
1268 1235 695 1129 1041 643 1069 1184 114 722 282 1264 1073 1026 148 464 374 149 863 1081 659 360 1122 1238 1131 1158 1009 739 371 1234 611 1026 1120 1262 1336 655 1237 400 278 477 155 866 140 164 1014 1205 425 883 1150 577 940 1069 124 1020 145 0 1023 1170 576 1005 393 756 713 1029 1225 679 1301 1159 1042 397 1303 900 274 1255 407 495 771 1056 1061 273
705 672 1028 641 98 1375 1615 619 1016 989 850 344 1619 1728 984 1251 757 934 1600 592 1359 1056 634 675 541 238 1710 1470 1084 891 1373 76 777 699 773 1363 317 1096 847 1210 991 1584 977 888 72 640 1058 1550 662 1444 1499 1616 1026 78 981 1023 0 605 1359 63 1088 1487 980 86 305 1270 738 239 1588 1106 740 1534 845 335 1352 1238 289 87 1608 1115
447 399 593 167 623 1717 2117 115 1275 553 1120 406 2121 2100 1308 1538 946 1063 1937 157 1733 1434 174 457 130 412 2083 1813 1445 319 1685 608 242 441 804 1729 379 1474 1116 1551 1315 1940 1301 1324 597 94 1499 1957 145 1651 2001 2118 1285 602 1305 1170 605 0 1650 587 1466 1830 544 611 351 1753 411 416 2090 1085 360 1974 1111 397 1481 1569 791 638 2110 1347
1604 1571 1175 1609 1377 84 611 1664 659 1201 762 1600 615 668 692 394 854 629 506 1560 100 553 1602 1574 1610 1494 651 381 564 1714 52 1362 1600 1599 1672 96 1573 593 758 407 699 508 685 678 1351 1685 590 525 1630 134 495 612 669 1356 689 576 1359 1650 0 1341 585 399 1193 1365 1561 153 1637 1495 584 877 1639 530 754 1591 204 425 1107 1392 603 477
687 654 1010 623 81 1357 1597 601 998 971 832 326 1601 1710 966 1233 739 916 1582 574 1341 1038 616 657 523 220 1692 1452 1066 873 1355 66 759 681 755 1345 299 1078 830 1193 973 1566 959 870 54 622 1040 1532 644 1426 1481 1598 1008 60 963 1005 63 587 1341 0 1070 1469 962 69 287 1252 720 221 1570 1088 722 1516 827 317 1334 1220 271 96 1590 1097
1332 1300 991 1426 1105 636 876 1480 475 1018 578 1328 880 989 503 341 671 446 861 1377 620 64 1419 1302 1427 1223 971 731 130 1530 620 1091 1416 1327 1401 624 1302 25 574 354 510 845 495 406 1079 1501 129 811 1447 586 760 877 485 1085 499 393 1088 1466 585 1070 0 748 1009 1093 1290 531 1366 1223 849 694 1368 795 570 1320 416 372 836 1120 869 148
1732 1699 1355 1789 1505 466 559 1844 839 1382 942 1728 563 536 872 574 1034 809 373 1740 481 716 1782 1702 1790 1622 519 34 744 1894 434 1491 1780 1727 1800 478 1701 756 938 588 879 376 865 806 1479 1865 718 393 1810 399 443 560 849 1484 869 756 1487 1830 399 1469 748 0 1373 1493 1689 393 1765 1623 532 1057 1767 410 934 1719 384 605 1235 1520 551 658
969 922 135 503 997 1260 1745 558 817 63 662 780 1749 1642 851 1081 754 606 1480 455 1275 977 497 980 505 787 1625 1355 987 608 1228 983 494 964 1093 1271 754 1017 658 1094 858 1482 843 867 971 579 1041 1499 525 1193 1557 1746 827 977 848 713 980 544 1193 962 1009 1373 0 985 725 1295 934 791 1718 627 883 1516 654 771 1024 1111 965 1012 1737 889
710 677 1033 646 62 1381 1621 625 1021 994 855 349 1624 1733 990 1257 762 939 1605 597 1365 1061 639 680 547 244 1716 1475 1089 896 1378 90 782 705 778 1368 323 1101 853 1216 997 1589 982 894 78 646 1063 1555 667 1449 1505 1621 1031 42 987 1029 86 611 1365 69 1093 1493 985 0 310 1275 743 244 1594 1111 745 1540 850 340 1357 1243 295 77 1613 1121
678 631 773 386 322 1577 1817 365 1217 734 1051 106 1821 1929 1186 1453 959 1136 1802 337 1561 1258 379 689 287 112 1912 1672 1285 636 1575 308 522 673 974 1565 79 1298 1049 1412 1193 1786 1179 1090 296 386 1259 1752 407 1646 1701 1818 1227 302 1183 1225 305 351 1561 287 1290 1689 725 310 0 1471 643 116 1790 1266 592 1736 1047 97 1554 1439 491 337 1809 1317
1514 1481 1278 1712 1287 169 521 1767 715 1304 814 1510 525 633 684 434 957 732 506 1663 153 499 1705 1484 1707 1405 616 376 526 1817 166 1273 1703 1509 1582 156 1483 538 812 393 691 490 677 588 1261 1788 500 456 1733 237 405 522 726 1267 681 679 1270 1753 153 1252 531 393 1295 1275 1471 0 1548 1405 494 980 1549 440 810 1501 307 420 1017 1302 514 557
144 97 982 448 755 1653 1893 397 1293 942 1127 698 1897 2005 1262 1529 1035 1212 1878 498 1637 1334 456 155 448 704 1988 1748 1361 601 1651 741 524 139 649 1641 671 1374 1125 1488 1269 1862 1255 1166 729 375 1335 1828 427 1722 1777 1894 1304 735 1259 1301 738 411 1637 720 1366 1765 934 743 643 1548 0 708 1866 1384 90 1812 1123 689 1630 1516 567 770 1886 1393
744 697 839 452 256 1511 1751 430 1151 800 985 155 1754 1863 1120 1387 892 1069 1735 403 1495 1191 445 755 352 49 1846 1605 1219 702 1508 242 588 739 908 1498 128 1231 983 1346 1127 1719 1112 1023 230 451 1193 1685 473 1579 1635 1751 1161 236 1117 1159 239 416 1495 221 1223 1623 791 244 116 1405 708 0 1724 1241 658 1670 980 146 1487 1373 425 271 1743 1250
1833 1800 1700 2126 1606 600 69 2104 1034 1727 1133 1829 68 256 1003 752 1310 1155 429 2077 584 817 2119 1803 2026 1723 239 515 845 2240 598 1592 2125 1828 1901 588 1802 857 1131 711 1010 412 996 907 1580 2125 819 379 2147 669 328 61 1044 1585 1000 1042 1588 2090 584 1570 849 532 1718 1594 1790 494 1866 1724 0 1403 1868 363 1129 1820 729 739 1336 1621 62 875
1296 1263 963 1052 1069 1427 1913 1107 984 924 830 1292 1916 1810 1018 1248 602 773 1647 1004 1443 1144 1045 1266 1054 1186 1792 1523 1155 1157 1395 1055 1043 1291 1364 1439 1265 1184 826 1261 1025 1650 1011 1034 1043 1128 1209 1667 1073 1361 1724 1913 995 1048 1015 880 1051 1093 1360 1033 1176 1540 915 1057 1253 1463 1329 1187 1886 0 1331 1684 821 1283 1191 1279 799 1084 1905 1057
146 99 931 398 757 1655 1895 346 1295 892 1129 647 1899 2007 1264 1531 1037 1214 1880 448 1639 1335 405 157 398 654 1990 1750 1363 551 1652 743 473 141 651 1642 621 1375 1127 1490 1271 1863 1256 1168 731 325 1337 1829 377 1724 1779 1896 1305 737 1261 1303 740 360 1639 722 1368 1767 883 745 592 1549 90 658 1868 1385 0 1814 1125 638 1632 1517 569 772 1887 1395
1779 1746 1499 1933 1552 546 390 1988 980 1525 1079 1775 394 459 949 698 1178 953 125 1884 530 763 1926 1749 1934 1669 441 393 791 2038 544 1538 1924 1774 1847 534 1748 803 1077 658 956 109 942 853 1526 2009 765 75 1954 543 100 391 990 1531 946 900 1534 1974 530 1516 795 410 1516 1540 1736 440 1812 1670 363 1201 1814 0 1075 1766 528 685 1282 1567 382 801
1090 1057 636 1070 862 821 1156 1125 378 663 88 1086 1160 1203 412 642 316 145 1041 1022 836 538 1063 1060 1072 980 1186 916 549 1175 789 848 1061 1084 1158 833 1059 578 86 655 419 1043 404 428 836 1146 598 1060 1091 754 1040 1156 388 842 409 274 845 1111 754 827 570 934 654 850 1047 810 1123 980 1129 338 1125 1075 0 1077 585 672 593 878 1148 450
725 677 819 432 352 1607 1847 411 1247 780 1081 26 1851 1959 1216 1483 989 1166 1831 383 1591 1287 425 735 333 142 1942 1702 1315 682 1604 338 568 719 1004 1594 49 1327 1079 1442 1223 1815 1208 1120 326 432 1289 1781 453 1676 1731 1847 1257 332 1213 1255 335 397 1591 317 1320 1719 771 340 97 1501 689 146 1820 1312 638 1766 1077 0 1584 1469 521 367 1839 1347
1596 1564 1006 1440 1369 271 756 1495 490 1033 593 1592 760 653 523 226 685 460 491 1392 286 384 1433 1566 1441 1487 636 366 395 1545 239 1355 1431 1591 1665 283 1566 424 589 239 530 493 516 539 1343 1516 448 510 1461 204 568 757 500 1349 520 407 1352 1481 204 1334 416 384 1024 1357 1554 307 1630 1487 729 708 1632 528 585 1584 0 256 1100 1384 749 309
1482 1449 1094 1528 1255 492 766 1583 577 1120 681 1478 770 875 611 120 773 548 712 1479 508 340 1521 1452 1529 1373 858 588 350 1633 460 1241 1519 1477 1550 504 1452 379 677 88 618 715 604 556 1229 1604 404 700 1549 426 650 766 588 1235 608 495 1238 1569 425 1220 372 605 1111 1243 1439 420 1516 1373 739 796 1517 685 672 1469 256 0 985 1270 758 264
534 501 1014 827 307 1123 1363 805 763 974 597 530 1367 1475 732 999 505 682 1348 778 1107 804 820 504 727 424 1458 1218 831 1010 1121 292 962 528 602 1111 503 844 595 958 739 1331 725 636 281 826 805 1298 848 1192 1247 1364 773 286 729 771 289 791 1107 271 836 1235 965 295 491 1017 567 425 1336 853 569 1282 593 521 1100 985 0 322 1355 863
737 704 1060 673 69 1408 1648 652 1048 1021 882 376 1652 1760 1017 1284 789 966 1632 624 1392 1088 666 707 574 271 1743 1502 1116 923 1405 84 809 732 805 1395 350 1128 880 1243 1024 1616 1009 921 96 673 1090 1582 694 1476 1532 1648 1058 69 1014 1056 87 638 1392 96 1120 1520 1012 77 337 1302 770 271 1621 1138 772 1567 878 367 1384 1270 322 0 1640 1148
1852 1819 1720 2145 1625 619 51 2124 1054 1746 1152 1848 50 276 1022 772 1330 1174 448 2096 603 837 2138 1822 2046 1743 258 534 864 2259 617 1611 2145 1847 1920 607 1822 877 1150 731 1029 432 1015 926 1599 2145 838 398 2166 688 347 43 1064 1605 1019 1061 1608 2110 603 1590 869 551 1737 1613 1809 514 1886 1743 62 1422 1887 382 1148 1839 749 758 1355 1640 0 895
1360 1327 871 1306 1133 545 902 1361 355 898 458 1356 906 927 389 233 551 326 765 1257 560 116 1299 1330 1307 1250 910 640 127 1410 513 1118 1296 1354 1428 556 1329 156 454 246 396 767 381 405 1106 1382 180 784 1327 478 786 903 365 1112 386 273 1115 1347 477 1097 148 658 889 1121 1317 557 1393 1250 875 574 1395 801 450 1347 309 264 863 1148 895 0
EOF