NAME : tsp_problem
TYPE : TSP
DIMENSION : 86
EDGE_WEIGHT_TYPE : EXPLICIT
EDGE_WEIGHT_FORMAT : FULL_MATRIX
EDGE_WEIGHT_SECTION
0 396 1811 1773 531 1187 1494 1184 137 662 791 1966 1912 1571 404 52 977 1619 1085 1994 1683 368 542 422 1519 1767 1989 1530 1978 1677 995 804 410 677 1715 64 1300 687 782 423 1548 527 930 958 1665 1258 490 1180 964 1489 1253 1562 986 1919 1797 1295 539 905 694 1389 1073 351 514 330 756 57 1324 321 1767 958 926 1515 87 2019 671 1850 2118 965 1569 530 688 756 480 965 400 1575
396 0 1654 1617 475 1031 1452 1134 447 506 635 1900 1822 1415 464 413 847 1463 929 1838 1527 428 386 266 1478 1611 1832 1489 1937 1521 954 648 542 584 1559 386 1144 595 626 555 1392 471 774 828 1509 1217 411 1097 834 1447 1212 1406 856 1829 1641 1139 483 864 547 1232 917 410 358 131 714 433 1283 211 1611 886 770 1358 342 1978 515 1694 1962 924 1412 374 532 600 438 893 460 1418
1811 1654 0 110 1710 937 977 1005 1890 1465 1333 389 440 747 1879 1827 1288 794 1105 352 689 1843 1621 1423 850 661 256 863 380 725 1163 1346 1957 1543 665 1801 548 1553 1324 1970 723 1706 1215 1269 221 1116 1646 1003 1275 972 1120 737 1297 433 44 552 1718 1252 1505 564 1093 1825 1593 1588 1393 1848 1043 1779 145 1305 1211 690 1757 448 1473 95 797 1193 744 1609 1490 1298 1736 1312 1875 750
1773 1617 110 0 1672 900 1009 967 1852 1427 1296 421 472 709 1842 1790 1251 757 1068 384 721 1806 1584 1386 882 694 288 895 412 757 1126 1309 1920 1506 697 1764 511 1516 1287 1932 686 1668 1178 1232 183 1148 1609 966 1237 1004 1153 700 1260 465 97 515 1680 1215 1468 526 1056 1788 1556 1551 1356 1810 1075 1741 108 1268 1174 653 1720 480 1436 150 830 1156 707 1571 1453 1261 1699 1275 1837 712
531 475 1710 1672 0 927 1188 878 496 402 571 1660 1606 1470 699 548 672 1518 886 1695 1582 663 185 321 1214 1666 1829 1225 1673 1576 690 567 638 371 1614 537 1199 382 589 651 1447 42 669 653 1564 953 99 875 658 1183 948 1461 681 1614 1696 1194 30 600 389 1288 781 645 217 409 450 557 1019 328 1666 653 744 1414 560 1714 411 1749 1929 660 1468 200 418 628 174 660 695 1473
1187 1031 937 900 927 0 816 153 1198 816 709 1069 1015 698 1255 1204 558 746 372 1104 809 1219 972 799 816 894 1115 829 1082 804 375 719 1333 785 842 1177 426 796 700 1346 674 923 556 539 792 581 886 116 545 811 576 689 567 1023 924 422 936 393 803 515 361 1202 969 965 534 1224 647 1030 894 445 587 641 1133 1123 825 977 1244 405 695 985 833 674 876 452 1251 701
1494 1452 977 1009 1188 816 0 767 1459 1077 983 609 555 1061 1738 1511 819 1109 775 644 845 1702 1232 1287 163 817 778 174 622 881 635 980 1601 1046 821 1500 1028 1057 1001 1614 1038 1184 817 800 1119 277 1147 764 806 44 281 1052 828 563 941 1023 1196 653 1064 1117 670 1684 1264 1453 794 1520 203 1291 1043 706 891 1005 1523 663 1086 964 878 666 1059 1248 1093 1041 1137 713 1734 1065
1184 1134 1005 967 878 153 767 0 1149 767 673 929 875 765 1358 1201 509 813 465 964 877 1322 922 902 675 961 1098 689 942 871 325 670 1291 736 909 1190 494 747 691 1304 742 874 507 490 859 532 837 100 496 762 527 756 518 883 991 489 886 343 754 583 360 1305 954 1068 484 1210 597 981 961 396 581 709 1213 982 776 1044 1198 356 763 938 783 731 827 403 1354 769
137 447 1890 1852 496 1198 1459 1149 0 672 841 1931 1876 1650 483 154 942 1698 1157 1966 1762 447 540 502 1484 1846 2068 1495 1943 1756 960 837 375 641 1794 143 1379 652 859 388 1627 492 940 923 1744 1223 454 1145 929 1454 1218 1641 951 1884 1876 1374 504 870 659 1468 1051 430 572 409 721 163 1289 286 1846 923 1005 1594 166 1984 681 1929 2197 930 1648 555 689 835 445 930 479 1654
662 506 1465 1427 402 816 1077 767 672 0 327 1549 1495 1225 730 679 561 1273 739 1584 1337 695 446 274 1102 1421 1642 1114 1562 1331 579 324 808 123 1369 652 954 133 345 821 1202 398 558 542 1319 842 361 764 547 1072 837 1216 570 1503 1451 949 410 489 85 1043 670 677 444 440 314 699 907 505 1421 542 580 1169 609 1602 39 1504 1772 549 1223 460 69 385 351 549 726 1228
791 635 1333 1296 571 709 983 673 841 327 0 1456 1401 1094 859 808 467 1142 608 1491 1205 824 601 403 1009 1290 1511 1020 1468 1200 485 113 937 352 1238 781 822 362 121 950 1070 567 453 448 1188 748 529 670 454 978 743 1085 476 1409 1320 818 579 395 314 911 576 806 573 569 210 828 814 673 1290 448 449 1037 738 1509 336 1373 1640 455 1091 589 344 143 520 455 855 1097
1966 1900 389 421 1660 1072 609 932 1931 1549 1456 0 130 636 2125 1983 1291 684 1248 179 419 2089 1705 1669 482 392 190 496 106 455 1108 1452 2073 1518 395 1972 794 1529 1474 2086 612 1657 1289 1272 531 749 1619 1020 1278 604 753 627 1300 137 353 798 1669 1126 1536 704 1142 2071 1737 1834 1267 1992 675 1763 455 1179 1364 579 1995 174 1558 376 524 1138 633 1720 1566 1513 1609 1185 2121 639
1912 1822 440 472 1606 1018 555 878 1876 1495 1401 130 0 557 2046 1928 1237 605 1193 140 341 2010 1650 1590 428 313 242 442 182 376 1053 1398 2019 1464 316 1918 715 1474 1419 2032 534 1602 1235 1218 583 695 1565 965 1223 550 699 548 1246 59 405 719 1614 1071 1482 625 1087 1993 1682 1756 1212 1938 621 1709 507 1124 1309 500 1924 250 1504 428 600 1083 554 1666 1511 1458 1555 1131 2042 560
1571 1415 747 709 1470 698 1061 765 1650 1225 1094 636 557 0 1640 1588 1049 64 866 573 262 1604 1382 1184 934 346 707 948 722 257 924 1107 1718 1304 294 1562 309 1314 1085 1731 95 1466 976 1030 601 1193 1407 764 1036 1056 1188 78 1058 565 733 313 1479 1013 1266 218 854 1586 1354 1349 1154 1609 1127 1539 703 1066 972 66 1518 791 1234 786 1054 954 84 1369 1251 1059 1497 1073 1635 90
404 464 1879 1842 699 1255 1738 1358 483 730 859 2125 2046 1640 0 421 1071 1687 1153 2062 1751 69 610 491 1763 1835 2057 1775 2180 1746 1211 873 250 809 1783 394 1368 819 850 263 1616 695 998 1053 1733 1503 635 1321 1058 1733 1498 1630 1080 2054 1866 1364 707 1136 771 1457 1142 87 582 398 979 441 1568 565 1835 1110 994 1583 350 2249 739 1919 2186 1210 1637 598 756 824 724 1117 15 1643
52 413 1827 1790 548 1204 1511 1201 154 679 808 1983 1928 1588 421 0 994 1636 1102 2011 1700 385 559 439 1536 1784 2005 1547 1995 1694 1012 821 427 693 1732 81 1317 704 799 440 1565 544 947 975 1682 1275 506 1197 981 1506 1270 1579 1003 1936 1814 1312 556 922 711 1405 1090 367 531 347 773 40 1341 338 1784 975 943 1531 104 2036 688 1867 2135 982 1585 547 705 773 497 982 417 1591
977 847 1288 1251 672 558 819 509 942 561 467 1291 1237 1049 1071 994 0 1097 517 1326 1160 1036 716 616 844 1245 1460 856 1304 1155 321 463 1085 530 1193 983 777 540 485 1097 1025 668 124 35 1143 584 630 506 30 814 579 1040 28 1245 1275 773 680 191 547 866 411 1018 748 781 278 1003 649 774 1245 164 198 992 950 1344 569 1328 1559 291 1046 731 577 491 621 171 1067 1052
1619 1463 794 757 1518 746 1109 813 1698 1273 1142 684 605 64 1687 1636 1097 0 913 621 310 1651 1429 1231 982 394 755 996 770 304 971 1155 1765 1351 342 1609 356 1362 1132 1778 89 1514 1023 1078 649 1241 1454 812 1083 1104 1236 73 1105 613 781 361 1526 1061 1314 266 902 1634 1401 1397 1202 1656 1175 1587 751 1114 1020 113 1565 839 1282 834 1102 1002 68 1417 1299 1106 1545 1121 1683 62
1085 929 1105 1068 886 372 775 465 1157 739 608 1248 1193 866 1153 1102 517 913 0 1282 977 1117 895 697 801 1061 1283 812 1260 972 230 621 1231 744 1009 1075 594 755 598 1244 842 882 489 498 959 540 845 438 504 770 535 857 526 1201 1092 590 895 352 762 683 137 1100 867 863 492 1122 606 989 1061 404 486 809 1031 1301 748 1145 1412 260 863 883 765 572 835 411 1149 869
1994 1838 352 384 1695 1107 644 967 1966 1584 1491 179 140 573 2062 2011 1326 621 1282 0 357 2027 1740 1607 517 329 153 531 171 393 1143 1487 2108 1553 333 1984 732 1564 1507 2121 550 1691 1324 1307 495 784 1654 1055 1313 639 788 564 1335 148 317 736 1704 1161 1571 641 1177 2009 1772 1772 1302 2027 710 1798 419 1213 1395 517 1941 239 1593 340 588 1173 571 1755 1601 1481 1644 1220 2058 577
1683 1527 689 721 1582 809 845 877 1762 1337 1205 419 341 262 1751 1700 1160 310 977 357 0 1715 1493 1295 718 130 490 732 506 81 1035 1219 1829 1415 78 1673 420 1426 1196 1842 238 1578 1087 1141 713 984 1518 875 1147 840 989 253 1169 348 654 424 1590 1124 1377 330 965 1698 1465 1461 1265 1720 911 1651 756 1177 1083 205 1629 574 1345 677 909 1065 259 1481 1363 1170 1608 1184 1747 265
368 428 1843 1806 663 1219 1702 1322 447 695 824 2089 2010 1604 69 385 1036 1651 1117 2027 1715 0 574 455 1728 1800 2021 1739 2144 1710 1175 837 215 773 1747 358 1332 783 814 227 1580 659 963 1017 1698 1467 600 1285 1022 1697 1462 1595 1045 2018 1830 1328 671 1100 735 1421 1106 34 547 362 943 405 1533 530 1800 1074 959 1547 315 2213 703 1883 2150 1174 1601 562 720 788 688 1081 76 1607
542 386 1621 1584 185 972 1232 922 540 446 601 1705 1650 1382 610 559 716 1429 895 1740 1493 574 0 233 1258 1577 1799 1269 1717 1488 734 611 683 415 1525 532 1110 426 592 695 1358 181 714 697 1475 997 121 919 703 1228 992 1372 725 1658 1608 1106 193 644 433 1199 825 557 82 320 495 579 1063 372 1577 697 737 1325 488 1758 455 1661 1928 704 1379 82 463 566 219 704 606 1385
422 266 1423 1386 321 799 1287 902 502 274 403 1669 1590 1184 491 439 616 1231 697 1607 1295 455 233 0 1312 1379 1601 1324 1724 1290 755 417 569 353 1327 413 912 363 394 582 1160 317 543 597 1277 1052 258 865 602 1282 1047 1175 624 1598 1410 908 330 680 315 1001 686 437 205 200 523 460 1117 390 1379 654 539 1127 369 1793 283 1463 1730 759 1181 220 300 368 355 661 487 1187
1519 1478 850 882 1214 818 163 678 1484 1102 1009 482 428 934 1763 1536 844 982 801 517 718 1728 1258 1312 0 690 651 50 495 754 661 1005 1626 1071 694 1525 901 1082 1027 1639 911 1210 842 826 992 302 1172 766 831 158 306 925 853 436 814 896 1222 679 1089 990 695 1710 1290 1478 820 1545 229 1316 916 732 917 878 1548 536 1111 837 751 691 932 1273 1119 1066 1163 739 1759 938
1767 1611 661 694 1666 894 817 961 1846 1421 1290 392 313 346 1835 1784 1245 394 1061 329 130 1800 1577 1379 690 0 463 704 478 166 1119 1303 1913 1500 106 1757 505 1510 1280 1926 323 1662 1172 1226 797 957 1602 960 1231 812 961 337 1254 321 626 509 1674 1209 1462 414 1050 1782 1549 1545 1350 1804 883 1735 728 1262 1168 290 1714 547 1430 649 881 1150 344 1565 1447 1254 1693 1269 1831 350
1989 1832 256 288 1829 1115 778 1101 2068 1642 1511 190 242 707 2057 2005 1460 755 1283 153 490 2021 1799 1601 651 463 0 665 181 526 1276 1524 2135 1687 466 1979 726 1697 1502 2148 683 1825 1393 1441 399 917 1787 1181 1446 773 922 698 1469 235 221 730 1837 1294 1683 742 1271 2003 1771 1766 1435 2026 844 1931 323 1347 1389 650 1935 249 1651 244 599 1306 704 1787 1668 1476 1778 1354 2053 710
1530 1489 863 895 1225 832 174 692 1495 1114 1020 496 442 948 1775 1547 856 996 812 531 732 1739 1269 1324 50 704 665 0 509 767 672 1016 1638 1083 707 1536 915 1093 1038 1651 925 1221 853 837 1006 313 1183 780 842 169 318 939 864 450 828 910 1233 690 1101 1003 706 1721 1301 1489 831 1556 240 1327 930 743 928 891 1560 549 1122 851 764 702 945 1284 1130 1077 1174 750 1770 951
1978 1937 380 412 1673 1085 622 944 1943 1562 1468 106 182 722 2180 1995 1304 770 1260 171 506 2144 1717 1724 495 478 181 509 0 542 1120 1464 2086 1531 482 1984 849 1541 1486 2098 699 1669 1301 1285 522 761 1631 1032 1290 617 766 713 1312 175 344 854 1681 1138 1548 790 1154 2127 1749 1890 1279 2004 688 1775 446 1191 1376 666 2007 91 1570 368 441 1150 720 1732 1578 1525 1622 1198 2176 726
1677 1521 725 757 1576 804 881 871 1756 1331 1200 455 376 257 1746 1694 1155 304 972 393 81 1710 1488 1290 754 166 526 767 542 0 1030 1213 1824 1410 113 1668 415 1420 1191 1837 233 1572 1082 1136 707 1020 1513 870 1142 876 1024 248 1164 384 689 419 1585 1119 1372 324 960 1692 1460 1455 1260 1715 947 1645 792 1172 1078 200 1624 610 1340 713 945 1060 254 1475 1357 1165 1603 1179 1741 260
995 954 1163 1126 690 375 635 325 960 579 485 1108 1053 924 1211 1012 321 971 230 1143 1035 1175 734 755 661 1119 1276 672 1120 1030 0 482 1103 548 1067 1001 652 558 503 1116 900 686 319 302 1017 400 649 322 307 630 395 914 330 1061 1150 648 698 155 566 741 124 1158 766 921 296 1022 466 793 1119 208 393 867 1025 1161 588 1203 1376 83 921 750 595 542 639 215 1207 927
804 648 1346 1309 567 719 980 670 837 324 113 1452 1398 1107 873 821 463 1155 621 1487 1219 837 611 417 1005 1303 1524 1016 1464 1213 482 0 951 348 1251 795 836 359 62 963 1084 563 461 444 1201 744 526 666 450 975 739 1098 472 1405 1333 831 575 392 311 924 572 819 587 582 206 842 810 670 1303 444 462 1050 751 1505 332 1386 1654 451 1104 602 340 156 516 451 868 1110
410 542 1957 1920 638 1333 1601 1291 375 808 937 2073 2019 1718 250 427 1085 1765 1231 2108 1829 215 683 569 1626 1913 2135 1638 2086 1824 1103 951 0 784 1861 416 1446 794 928 100 1694 634 1076 1066 1811 1366 597 1288 1071 1596 1361 1708 1093 2027 1944 1442 646 1013 802 1535 1194 197 660 476 863 436 1431 428 1913 1066 1073 1661 428 2126 817 1997 2264 1073 1715 676 831 902 587 1073 246 1721
677 584 1543 1506 371 785 1046 736 641 123 352 1518 1464 1304 809 693 530 1351 744 1553 1415 773 415 353 1071 1500 1687 1083 1531 1410 548 348 784 0 1447 683 1032 47 370 797 1280 367 527 511 1398 811 330 733 516 1041 806 1295 539 1472 1530 1028 379 458 110 1121 639 755 447 518 308 703 876 474 1500 511 602 1247 687 1571 132 1583 1787 518 1301 431 112 409 320 518 805 1307
1715 1559 665 697 1614 842 821 909 1794 1369 1238 395 316 294 1783 1732 1193 342 1009 333 78 1747 1525 1327 694 106 466 707 482 113 1067 1251 1861 1447 0 1705 452 1458 1228 1874 271 1610 1119 1174 745 960 1550 908 1179 816 965 285 1201 324 629 457 1622 1157 1410 362 998 1730 1497 1493 1298 1752 887 1683 732 1210 1116 237 1661 550 1378 653 885 1098 292 1513 1395 1202 1641 1216 1779 297
64 386 1801 1764 537 1177 1500 1190 143 652 781 1972 1918 1562 394 81 983 1609 1075 1984 1673 358 532 413 1525 1757 1979 1536 1984 1668 1001 795 416 683 1705 0 1290 693 772 429 1538 533 920 964 1655 1264 495 1186 970 1495 1259 1552 992 1925 1788 1286 545 911 693 1379 1064 341 504 320 762 101 1330 327 1757 964 916 1505 77 2025 661 1841 2108 971 1559 520 678 746 486 971 390 1565
1300 1144 548 511 1199 426 1028 494 1379 954 822 794 715 309 1368 1317 777 356 594 732 420 1332 1110 912 901 505 726 915 849 415 652 836 1446 1032 452 1290 0 1043 813 1459 285 1195 704 759 403 922 1135 492 764 1023 917 300 786 723 535 52 1207 742 994 126 583 1315 1082 1078 883 1337 987 1268 505 794 700 252 1246 918 963 588 855 682 306 1098 980 787 1225 801 1364 312
687 595 1553 1516 382 796 1057 747 652 133 362 1529 1474 1314 819 704 540 1362 755 1564 1426 783 426 363 1082 1510 1697 1093 1541 1420 558 359 794 47 1458 693 1043 0 381 807 1291 378 538 521 1408 821 340 743 527 1052 816 1305 549 1482 1540 1038 390 468 120 1131 649 766 458 529 319 713 887 484 1510 521 612 1257 697 1582 142 1593 1797 528 1311 441 100 420 331 528 815 1317
782 626 1324 1287 589 700 1001 691 859 345 121 1474 1419 1085 850 799 485 1132 598 1507 1196 814 592 394 1027 1280 1502 1038 1486 1191 503 62 928 370 1228 772 813 381 0 941 1061 585 443 466 1178 766 547 688 472 997 761 1075 494 1427 1311 809 597 413 332 902 587 797 564 560 228 819 832 691 1280 466 440 1028 728 1527 354 1364 1631 473 1082 580 362 133 538 473 846 1088
423 555 1970 1932 651 1346 1614 1304 388 821 950 2086 2032 1731 263 440 1097 1778 1244 2121 1842 227 695 582 1639 1926 2148 1651 2098 1837 1116 963 100 797 1874 429 1459 807 941 0 1707 647 1089 1079 1824 1378 610 1301 1084 1609 1374 1721 1106 2040 1957 1455 659 1026 815 1548 1206 210 673 489 876 449 1444 441 1926 1079 1085 1674 441 2139 830 2009 2277 1086 1728 689 844 915 600 1085 259 1734
1548 1392 723 686 1447 674 1038 742 1627 1202 1070 612 534 95 1616 1565 1025 89 842 550 238 1580 1358 1160 911 323 683 925 699 233 900 1084 1694 1280 271 1538 285 1291 1061 1707 0 1443 952 1006 578 1170 1383 740 1012 1033 1165 96 1034 541 710 289 1455 989 1242 195 830 1563 1330 1326 1130 1585 1104 1516 680 1042 948 48 1494 767 1210 763 1030 930 102 1346 1228 1035 1473 1049 1612 108
527 471 1706 1668 42 923 1184 874 492 398 567 1657 1602 1466 695 544 668 1514 882 1691 1578 659 181 317 1210 1662 1825 1221 1669 1572 686 563 634 367 1610 533 1195 378 585 647 1443 0 666 649 1560 949 95 871 654 1179 944 1457 677 1610 1692 1190 34 596 385 1284 777 642 213 405 446 553 1015 324 1662 649 740 1410 556 1710 407 1745 1925 656 1464 196 415 624 171 656 691 1470
930 774 1215 1178 669 556 817 507 940 558 453 1289 1235 976 998 947 124 1023 489 1324 1087 963 714 543 842 1172 1393 853 1301 1082 319 461 1076 527 1119 920 704 538 443 1089 952 666 0 105 1070 581 628 503 110 812 576 967 133 1242 1202 700 678 188 545 793 409 945 712 708 276 967 647 772 1172 162 125 919 877 1342 567 1255 1522 288 973 728 575 417 618 169 994 979
958 828 1269 1232 653 539 800 490 923 542 448 1272 1218 1030 1053 975 35 1078 498 1307 1141 1017 697 597 826 1226 1441 837 1285 1136 302 444 1066 511 1174 964 759 521 466 1079 1006 649 105 0 1124 565 612 487 46 795 560 1021 44 1226 1256 754 661 172 529 847 393 999 729 762 259 984 630 756 1226 146 180 973 931 1325 551 1309 1541 272 1027 713 558 472 602 152 1049 1033
1665 1509 221 183 1564 792 1119 859 1744 1319 1188 531 583 601 1733 1682 1143 649 959 495 713 1698 1475 1277 992 797 399 1006 522 707 1017 1201 1811 1398 745 1655 403 1408 1178 1824 578 1560 1070 1124 0 1259 1500 858 1129 1114 1263 592 1152 576 208 407 1572 1107 1360 418 948 1680 1447 1443 1248 1702 1185 1633 177 1160 1066 544 1612 591 1328 261 746 1048 598 1463 1345 1152 1591 1167 1729 604
1258 1217 1116 1148 953 581 277 532 1223 842 748 749 695 1196 1503 1275 584 1244 540 784 984 1467 997 1052 302 957 917 313 761 1020 400 744 1366 811 960 1264 925 821 766 1378 1173 949 581 565 1259 0 911 528 570 272 68 1187 592 702 1081 920 961 418 828 1013 434 1449 1029 1217 559 1284 107 1055 1183 471 656 1139 1287 802 850 1104 1017 430 1193 1012 858 805 902 478 1498 1199
490 411 1646 1609 99 886 1147 837 454 361 529 1619 1565 1407 635 506 630 1454 845 1654 1518 600 121 258 1172 1602 1787 1183 1631 1513 649 526 597 330 1550 495 1135 340 547 610 1383 95 628 612 1500 911 0 834 617 1142 906 1398 639 1572 1633 1131 107 559 348 1224 739 582 153 345 409 516 977 287 1602 612 703 1350 514 1672 369 1686 1887 619 1404 137 377 587 133 618 631 1410
1180 1097 1003 966 875 116 764 100 1145 764 670 1017 963 764 1321 1197 506 812 438 1052 875 1285 919 865 763 960 1181 777 1029 870 322 666 1288 733 908 1186 492 743 688 1301 740 871 503 487 858 528 834 0 492 759 523 755 515 970 990 488 883 340 751 581 356 1268 951 1031 481 1206 594 978 960 393 578 707 1199 1070 773 1043 1285 352 761 935 780 727 824 400 1317 767
964 834 1275 1237 658 545 806 496 929 547 454 1278 1223 1036 1058 981 30 1083 504 1313 1147 1022 703 602 831 1231 1446 842 1290 1142 307 450 1071 516 1179 970 764 527 472 1084 1012 654 110 46 1129 570 617 492 0 801 565 1026 39 1231 1262 760 667 177 534 853 398 1005 734 768 264 990 636 761 1231 151 185 979 936 1331 556 1315 1546 277 1033 718 564 477 607 158 1054 1039
1489 1447 972 1004 1183 811 44 762 1454 1072 978 604 550 1056 1733 1506 814 1104 770 639 840 1697 1228 1282 158 812 773 169 617 876 630 975 1596 1041 816 1495 1023 1052 997 1609 1033 1179 812 795 1114 272 1142 759 801 0 276 1047 823 558 936 1019 1192 648 1059 1112 665 1680 1259 1448 789 1515 198 1286 1038 701 886 1000 1518 658 1081 959 873 661 1054 1243 1088 1036 1132 708 1729 1060
1253 1212 1120 1153 948 576 281 527 1218 837 743 753 699 1191 1498 1270 579 1239 535 788 989 1462 992 1047 306 961 922 318 766 1024 395 739 1361 806 965 1259 920 816 761 1374 1168 944 576 560 1263 68 906 523 565 276 0 1182 588 707 1085 915 956 413 824 1008 429 1444 1024 1212 554 1279 111 1050 1187 466 651 1134 1283 806 846 1108 1022 425 1188 1007 853 800 897 473 1493 1194
1562 1406 737 700 1461 689 1052 756 1641 1216 1085 627 548 78 1630 1579 1040 73 857 564 253 1595 1372 1175 925 337 698 939 713 248 914 1098 1708 1295 285 1552 300 1305 1075 1721 96 1457 967 1021 592 1184 1398 755 1026 1047 1179 0 1049 556 724 304 1469 1004 1257 209 845 1577 1345 1340 1145 1599 1118 1530 694 1057 963 57 1509 782 1225 777 1045 945 75 1360 1242 1050 1488 1064 1626 81
986 856 1297 1260 681 567 828 518 951 570 476 1300 1246 1058 1080 1003 28 1105 526 1335 1169 1045 725 624 853 1254 1469 864 1312 1164 330 472 1093 539 1201 992 786 549 494 1106 1034 677 133 44 1152 592 639 515 39 823 588 1049 0 1253 1284 782 689 200 556 875 420 1027 757 790 287 1012 658 783 1254 173 207 1001 959 1353 578 1337 1568 300 1055 740 586 499 630 180 1076 1061
1919 1829 433 465 1614 1026 563 886 1884 1503 1409 137 59 565 2054 1936 1245 613 1201 148 348 2018 1658 1598 436 321 235 450 175 384 1061 1405 2027 1472 324 1925 723 1482 1427 2040 541 1610 1242 1226 576 702 1572 973 1231 558 707 556 1253 0 398 727 1622 1079 1490 633 1095 2000 1690 1763 1220 1945 629 1716 500 1132 1317 508 1932 243 1511 421 593 1091 562 1673 1519 1466 1563 1139 2050 568
1797 1641 44 97 1696 924 941 991 1876 1451 1320 353 405 733 1866 1814 1275 781 1092 317 654 1830 1608 1410 814 626 221 828 344 689 1150 1333 1944 1530 629 1788 535 1540 1311 1957 710 1692 1202 1256 208 1081 1633 990 1262 936 1085 724 1284 398 0 539 1705 1239 1492 551 1080 1812 1580 1575 1380 1835 1007 1765 132 1292 1198 677 1744 413 1460 62 762 1180 731 1595 1477 1285 1723 1299 1861 737
1295 1139 552 515 1194 422 1023 489 1374 949 818 798 719 313 1364 1312 773 361 590 736 424 1328 1106 908 896 509 730 910 854 419 648 831 1442 1028 457 1286 52 1038 809 1455 289 1190 700 754 407 917 1131 488 760 1019 912 304 782 727 539 0 1203 737 990 130 578 1310 1078 1073 878 1333 983 1263 509 790 696 256 1242 922 958 592 859 678 310 1093 975 783 1221 797 1359 316
539 483 1718 1680 30 936 1196 886 504 410 579 1669 1614 1479 707 556 680 1526 895 1704 1590 671 193 330 1222 1674 1837 1233 1681 1585 698 575 646 379 1622 545 1207 390 597 659 1455 34 678 661 1572 961 107 883 667 1192 956 1469 689 1622 1705 1203 0 608 397 1296 789 654 225 417 459 565 1027 336 1674 661 752 1422 568 1722 419 1758 1937 668 1476 208 427 636 183 668 703 1482
905 864 1252 1215 600 393 653 343 870 489 395 1126 1071 1013 1136 922 191 1061 352 1161 1124 1100 644 680 679 1209 1294 690 1138 1119 155 392 1013 458 1157 911 742 468 413 1026 989 596 188 172 1107 418 559 340 177 648 413 1004 200 1079 1239 737 608 0 476 830 246 1083 676 846 206 932 484 703 1209 75 263 956 935 1179 498 1292 1394 125 1010 660 505 452 549 82 1132 1016
694 547 1505 1468 389 803 1064 754 659 85 314 1536 1482 1266 771 711 547 1314 762 1571 1377 735 433 315 1089 1462 1683 1101 1548 1372 566 311 802 110 1410 693 994 120 332 815 1242 385 545 529 1360 828 348 751 534 1059 824 1257 556 1490 1492 990 397 476 0 1083 656 718 465 481 300 720 894 492 1462 529 620 1209 649 1589 94 1545 1804 536 1263 449 101 371 338 535 767 1269
1389 1232 564 526 1288 515 1117 583 1468 1043 911 704 625 218 1457 1405 866 266 683 641 330 1421 1199 1001 990 414 742 1003 790 324 741 924 1535 1121 362 1379 126 1131 902 1548 195 1284 793 847 418 1010 1224 581 853 1112 1006 209 875 633 551 130 1296 830 1083 0 671 1403 1171 1166 971 1426 1076 1357 520 883 789 162 1335 859 1051 604 871 771 216 1187 1068 876 1314 890 1453 222
1073 917 1093 1056 781 361 670 360 1051 670 576 1142 1087 854 1142 1090 411 902 137 1177 965 1106 825 686 695 1050 1271 706 1154 960 124 572 1194 639 998 1064 583 649 587 1206 830 777 409 393 948 434 739 356 398 665 429 845 420 1095 1080 578 789 246 656 671 0 1088 856 851 387 1111 500 883 1050 299 474 797 1020 1195 678 1133 1401 154 851 840 686 561 730 306 1138 857
351 410 1825 1788 645 1202 1684 1305 430 677 806 2071 1993 1586 87 367 1018 1634 1100 2009 1698 34 557 437 1710 1782 2003 1721 2127 1692 1158 819 197 755 1730 341 1315 766 797 210 1563 642 945 999 1680 1449 582 1268 1005 1680 1444 1577 1027 2000 1812 1310 654 1083 718 1403 1088 0 529 344 926 388 1515 512 1782 1057 941 1529 297 2195 686 1865 2133 1156 1583 545 703 771 671 1063 89 1589
514 358 1593 1556 217 969 1264 954 572 444 573 1737 1682 1354 582 531 748 1401 867 1772 1465 547 82 205 1290 1549 1771 1301 1749 1460 766 587 660 447 1497 504 1082 458 564 673 1330 213 712 729 1447 1029 153 951 734 1259 1024 1345 757 1690 1580 1078 225 676 465 1171 856 529 0 292 526 551 1095 404 1549 729 709 1297 461 1790 453 1633 1900 736 1351 70 470 538 251 736 578 1357
330 131 1588 1551 409 965 1453 1068 409 440 569 1834 1756 1349 398 347 781 1397 863 1772 1461 362 320 200 1478 1545 1766 1489 1890 1455 921 582 476 518 1493 320 1078 529 560 489 1326 405 708 762 1443 1217 345 1031 768 1448 1212 1340 790 1763 1575 1073 417 846 481 1166 851 344 292 0 689 367 1283 255 1545 820 704 1292 276 1958 449 1628 1896 924 1346 308 466 534 442 827 394 1352
756 714 1393 1356 450 534 794 484 721 314 210 1267 1212 1154 979 773 278 1202 492 1302 1265 943 495 523 820 1350 1435 831 1279 1260 296 206 863 308 1298 762 883 319 228 876 1130 446 276 259 1248 559 409 481 264 789 554 1145 287 1220 1380 878 459 206 300 971 387 926 526 689 0 782 625 553 1350 259 350 1097 785 1320 322 1433 1535 266 1151 510 330 267 399 266 975 1157
57 433 1848 1810 557 1224 1520 1210 163 699 828 1992 1938 1609 441 40 1003 1656 1122 2027 1720 405 579 460 1545 1804 2026 1556 2004 1715 1022 842 436 703 1752 101 1337 713 819 449 1585 553 967 984 1702 1284 516 1206 990 1515 1279 1599 1012 1945 1835 1333 565 932 720 1426 1111 388 551 367 782 0 1350 347 1804 984 963 1552 124 2045 708 1888 2155 991 1606 567 725 793 506 991 437 1612
1324 1283 1043 1075 1019 647 203 597 1289 907 814 675 621 1127 1568 1341 649 1175 606 710 911 1533 1063 1117 229 883 844 240 688 947 466 810 1431 876 887 1330 990 887 832 1444 1104 1015 647 630 1185 107 977 594 636 198 111 1118 658 629 1007 986 1027 484 894 1079 500 1515 1095 1283 625 1350 0 1121 1109 537 722 1071 1353 729 916 1030 944 496 1125 1078 924 871 968 543 1564 1131
321 211 1779 1741 328 1030 1291 981 286 505 673 1763 1709 1539 565 338 774 1587 989 1798 1651 530 372 390 1316 1735 1931 1327 1775 1645 793 670 428 474 1683 327 1268 484 691 441 1516 324 772 756 1633 1055 287 978 761 1286 1050 1530 783 1716 1765 1263 336 703 492 1357 883 512 404 255 553 347 1121 0 1735 756 847 1483 350 1816 513 1818 2031 763 1537 388 521 724 277 762 561 1543
1767 1611 145 108 1666 894 1043 961 1846 1421 1290 455 507 703 1835 1784 1245 751 1061 419 756 1800 1577 1379 916 728 323 930 446 792 1119 1303 1913 1500 732 1757 505 1510 1280 1926 680 1662 1172 1226 177 1183 1602 960 1231 1038 1187 694 1254 500 132 509 1674 1209 1462 520 1050 1782 1549 1545 1350 1804 1109 1735 0 1262 1168 646 1714 515 1430 185 848 1150 700 1565 1447 1254 1693 1269 1831 706
958 886 1305 1268 653 445 706 396 923 542 448 1179 1124 1066 1110 975 164 1114 404 1213 1177 1074 697 654 732 1262 1347 743 1191 1172 208 444 1066 511 1210 964 794 521 466 1079 1042 649 162 146 1160 471 612 393 151 701 466 1057 173 1132 1292 790 661 75 529 883 299 1057 729 820 259 984 537 756 1262 0 237 1009 988 1232 551 1345 1447 178 1063 713 558 505 602 56 1106 1069
926 770 1211 1174 744 587 891 581 1005 580 449 1364 1309 972 994 943 198 1020 486 1395 1083 959 737 539 917 1168 1389 928 1376 1078 393 462 1073 602 1116 916 700 612 440 1085 948 740 125 180 1066 656 703 578 185 886 651 963 207 1317 1198 696 752 263 620 789 474 941 709 704 350 963 722 847 1168 237 0 915 873 1417 589 1251 1518 363 969 724 606 414 693 244 990 975
1515 1358 690 653 1414 641 1005 709 1594 1169 1037 579 500 66 1583 1531 992 113 809 517 205 1547 1325 1127 878 290 650 891 666 200 867 1050 1661 1247 237 1505 252 1257 1028 1674 48 1410 919 973 544 1136 1350 707 979 1000 1132 57 1001 508 677 256 1422 956 1209 162 797 1529 1297 1292 1097 1552 1071 1483 646 1009 915 0 1461 734 1177 730 997 897 63 1313 1194 1002 1440 1016 1579 69
87 342 1757 1720 560 1133 1523 1213 166 609 738 1995 1924 1518 350 104 950 1565 1031 1941 1629 315 488 369 1548 1714 1935 1560 2007 1624 1025 751 428 687 1661 77 1246 697 728 441 1494 556 877 931 1612 1287 514 1199 936 1518 1283 1509 959 1932 1744 1242 568 935 649 1335 1020 297 461 276 785 124 1353 350 1714 988 873 1461 0 2048 617 1797 2064 995 1515 476 634 702 509 994 346 1521
2019 1978 448 480 1714 1125 663 985 1984 1602 1509 174 250 791 2249 2036 1344 839 1301 239 574 2213 1758 1793 536 547 249 549 91 610 1161 1505 2126 1571 550 2025 918 1582 1527 2139 767 1710 1342 1325 591 802 1672 1073 1331 658 806 782 1353 243 413 922 1722 1179 1589 859 1195 2195 1790 1958 1320 2045 729 1816 515 1232 1417 734 2048 0 1611 436 414 1191 788 1773 1619 1566 1663 1238 2244 794
671 515 1473 1436 411 825 1086 776 681 39 336 1558 1504 1234 739 688 569 1282 748 1593 1345 703 455 283 1111 1430 1651 1122 1570 1340 588 332 817 132 1378 661 963 142 354 830 1210 407 567 551 1328 850 369 773 556 1081 846 1225 578 1511 1460 958 419 498 94 1051 678 686 453 449 322 708 916 513 1430 551 589 1177 617 1611 0 1513 1781 558 1231 469 78 393 360 557 735 1237
1850 1694 95 150 1749 977 964 1044 1929 1504 1373 376 428 786 1919 1867 1328 834 1145 340 677 1883 1661 1463 837 649 244 851 368 713 1203 1386 1997 1583 653 1841 588 1593 1364 2009 763 1745 1255 1309 261 1104 1686 1043 1315 959 1108 777 1337 421 62 592 1758 1292 1545 604 1133 1865 1633 1628 1433 1888 1030 1818 185 1345 1251 730 1797 436 1513 0 785 1233 784 1648 1530 1338 1776 1352 1914 790
2118 1962 809 841 1940 1244 889 1212 2197 1772 1640 535 611 1054 2186 2135 1571 1102 1412 600 920 2150 1928 1730 762 893 610 776 452 956 1387 1654 2264 1798 896 2108 855 1808 1631 2277 1030 1936 1522 1552 746 1028 1899 1299 1557 884 1033 1045 1580 604 773 859 1948 1405 1812 871 1401 2133 1900 1896 1546 2155 955 2043 848 1458 1518 997 2064 425 1781 797 0 1417 1051 1916 1798 1605 1889 1465 2182 1057
965 924 1193 1156 660 405 666 356 930 549 455 1138 1083 954 1210 982 291 1002 260 1173 1065 1174 704 759 691 1150 1306 702 1150 1060 83 451 1073 518 1098 971 682 528 473 1086 930 656 288 272 1048 430 619 352 277 661 425 945 300 1091 1180 678 668 125 536 771 154 1156 736 924 266 991 496 763 1150 178 363 897 995 1191 558 1233 1406 0 951 720 565 512 609 185 1206 957
1569 1412 744 707 1468 695 1059 763 1648 1223 1091 633 554 84 1637 1585 1046 68 863 571 259 1601 1379 1181 932 344 704 945 720 254 921 1104 1715 1301 292 1559 306 1311 1082 1728 102 1464 973 1027 598 1190 1404 761 1033 1054 1186 75 1055 562 731 310 1476 1010 1263 216 851 1583 1351 1346 1151 1606 1125 1537 700 1063 969 63 1515 788 1231 784 1051 951 0 1367 1248 1056 1494 1070 1633 47
530 374 1609 1571 200 985 1248 938 555 460 589 1720 1666 1369 598 547 731 1417 883 1755 1481 562 82 220 1273 1565 1787 1284 1732 1475 750 602 676 431 1513 520 1098 441 580 689 1346 196 728 713 1463 1012 137 935 718 1243 1007 1360 740 1673 1595 1093 208 660 449 1187 840 545 70 308 510 567 1078 388 1565 713 724 1313 476 1773 469 1648 1916 720 1367 0 478 554 234 719 594 1373
688 532 1490 1453 418 833 1093 783 689 69 344 1566 1511 1251 756 705 577 1299 765 1601 1363 720 463 300 1119 1447 1668 1130 1578 1357 595 340 831 112 1395 678 980 100 362 844 1228 415 575 558 1345 858 377 780 564 1088 853 1242 586 1519 1477 975 427 505 101 1068 686 703 470 466 330 725 924 521 1447 558 606 1194 634 1619 78 1530 1798 565 1248 478 0 401 367 565 752 1254
756 600 1298 1261 628 674 1041 731 835 385 143 1513 1458 1059 824 773 491 1106 572 1481 1170 788 566 368 1066 1254 1476 1077 1525 1165 542 156 902 409 1202 746 787 420 133 915 1035 624 417 472 1152 805 587 727 477 1036 800 1050 499 1466 1285 783 636 452 371 876 561 771 538 534 267 793 871 724 1254 505 414 1002 702 1566 393 1338 1605 512 1056 554 401 0 577 512 820 1062
480 438 1736 1699 174 876 1137 827 445 351 520 1609 1555 1497 724 497 621 1545 835 1644 1608 688 219 355 1163 1693 1778 1174 1622 1603 639 516 587 320 1641 486 1225 331 538 600 1473 171 618 602 1591 902 133 824 607 1132 897 1488 630 1563 1723 1221 183 549 338 1314 730 671 251 442 399 506 968 277 1693 602 693 1440 509 1663 360 1776 1878 609 1494 234 367 577 0 609 720 1500
965 893 1312 1275 660 452 713 403 930 549 455 1185 1131 1073 1117 982 171 1121 411 1220 1184 1081 704 661 739 1269 1354 750 1198 1179 215 451 1073 518 1216 971 801 528 473 1085 1049 656 169 152 1167 478 618 400 158 708 473 1064 180 1139 1299 797 668 82 535 890 306 1063 736 827 266 991 543 762 1269 56 244 1016 994 1238 557 1352 1454 185 1070 719 565 512 609 0 1113 1076
400 460 1875 1837 695 1251 1734 1354 479 726 855 2121 2042 1635 15 417 1067 1683 1149 2058 1747 76 606 487 1759 1831 2053 1770 2176 1741 1207 868 246 805 1779 390 1364 815 846 259 1612 691 994 1049 1729 1498 631 1317 1054 1729 1493 1626 1076 2050 1861 1359 703 1132 767 1453 1138 89 578 394 975 437 1564 561 1831 1106 990 1579 346 2244 735 1914 2182 1206 1633 594 752 820 720 1113 0 1639
1575 1418 750 712 1473 701 1065 769 1654 1228 1097 639 560 90 1643 1591 1052 62 869 577 265 1607 1385 1187 938 350 710 951 726 260 927 1110 1721 1307 297 1565 312 1317 1088 1734 108 1470 979 1033 604 1196 1410 767 1039 1060 1191 81 1061 568 737 316 1482 1016 1269 222 857 1589 1357 1352 1157 1612 1131 1543 706 1069 975 69 1521 794 1237 790 1057 957 47 1373 1254 1062 1500 1076 1639 0
EOF