NAME : tsp_problem
TYPE : TSP
DIMENSION : 79
EDGE_WEIGHT_TYPE : EXPLICIT
EDGE_WEIGHT_FORMAT : FULL_MATRIX
EDGE_WEIGHT_SECTION
0 930 311 1223 1268 1117 923 912 1113 1227 1020 1028 603 1493 1043 1230 978 106 971 961 970 352 1311 689 718 68 1108 1018 497 701 687 1261 984 452 777 912 314 1215 97 1350 1153 1239 727 926 72 834 618 561 428 149 1024 984 576 1005 572 344 1448 563 1095 94 762 790 565 1008 105 1045 104 1257 548 887 1231 449 378 665 975 835 538 1389 1266
930 0 1180 1876 1922 1771 1577 1565 1767 1881 1889 1682 1257 2147 207 2098 442 966 82 1615 159 1164 2180 582 695 963 1762 1671 1296 561 580 2129 1853 849 1431 1566 927 1869 992 2136 1807 1893 703 1579 967 514 1272 697 1108 1044 188 1638 713 1659 801 1156 2102 1415 1749 989 442 1659 794 1662 1000 209 964 2126 721 351 2100 1129 775 1534 86 515 711 2105 1920
311 1180 0 1260 1254 1155 960 949 1151 1265 886 1066 515 1436 1078 1095 978 383 1220 999 1220 113 1177 676 704 296 1146 1055 362 796 674 1126 850 493 815 950 300 1253 260 1216 1190 1276 713 963 267 889 644 555 190 312 1059 1022 579 1042 558 105 1314 429 1132 257 950 655 551 1046 333 1080 381 1123 534 977 1097 211 482 531 1225 840 524 1255 1304
1223 1876 1260 0 577 673 759 748 669 156 875 864 1015 834 1989 584 1925 1258 1917 798 1916 1191 522 1669 1781 1255 663 854 1054 1647 1667 638 822 1398 614 749 1455 650 1285 411 192 674 1790 762 1260 1780 714 1507 1135 1337 1970 821 1522 841 1611 1184 377 1061 185 1281 1708 973 1603 844 1293 1992 1256 538 1531 1833 567 1157 1324 1080 1921 1781 1521 380 69
1268 1922 1254 577 0 202 448 437 199 447 558 553 1060 759 2034 419 1970 1304 1962 487 1962 1186 463 1714 1782 1301 193 543 1086 1692 1712 321 505 1444 559 437 1378 1013 1330 352 617 1036 1790 451 1305 1825 759 1553 1181 1382 2016 509 1568 530 1636 1178 319 1039 610 1327 1754 655 1628 533 1338 2037 1301 446 1576 1879 420 1202 1370 763 1966 1826 1566 322 568
1117 1771 1155 673 202 0 297 286 28 543 654 402 909 856 1884 515 1819 1153 1812 336 1811 1086 559 1563 1676 1150 22 392 948 1542 1561 417 601 1293 408 287 1349 946 1179 448 713 970 1684 300 1154 1675 608 1402 1030 1231 1865 359 1417 379 1506 1078 415 956 706 1176 1603 752 1498 382 1187 1886 1151 542 1425 1728 517 1051 1219 859 1816 1676 1416 418 664
923 1577 960 759 448 297 0 28 293 764 900 144 715 1029 1689 761 1625 958 1617 119 1616 891 804 1369 1481 956 288 134 754 1347 1367 662 846 1099 214 70 1155 752 985 693 689 775 1490 42 960 1480 414 1207 835 1037 1670 101 1223 121 1311 884 661 762 631 982 1408 997 1304 124 993 1692 956 788 1231 1534 762 857 1024 1104 1621 1481 1221 664 803
912 1565 949 748 437 286 28 0 282 753 888 133 704 1018 1678 749 1614 947 1606 108 1605 880 793 1357 1470 944 276 123 743 1336 1355 651 835 1087 202 59 1144 741 973 682 678 764 1479 31 948 1469 403 1196 824 1026 1659 89 1211 110 1300 872 650 750 620 970 1397 986 1292 113 982 1681 945 777 1220 1522 751 846 1013 1093 1610 1470 1210 653 791
1113 1767 1151 669 199 28 293 282 0 540 650 398 905 852 1880 511 1815 1149 1808 332 1807 1082 555 1559 1672 1146 19 388 944 1538 1557 413 597 1289 404 283 1345 942 1175 444 709 966 1681 296 1150 1671 604 1398 1026 1227 1861 355 1413 375 1502 1074 411 952 703 1172 1599 748 1494 378 1183 1882 1147 539 1422 1724 513 1047 1215 855 1812 1672 1412 414 660
1227 1881 1265 156 447 543 764 753 540 0 746 869 1020 704 1994 454 1930 1263 1922 803 1921 1196 393 1673 1786 1260 534 859 1059 1652 1671 509 693 1403 618 754 1459 655 1289 282 197 679 1795 767 1264 1785 719 1512 1140 1342 1975 826 1527 846 1616 1188 248 1066 190 1286 1713 843 1608 849 1298 1997 1261 409 1536 1838 437 1162 1329 951 1926 1786 1526 251 148
1017 1886 883 875 558 654 900 888 650 746 0 1005 819 739 1784 399 1684 1089 1927 938 1927 814 480 1382 1411 1002 645 994 666 1502 1380 430 113 1199 923 889 1006 993 966 519 916 1016 1419 902 974 1595 681 1261 862 1018 1765 961 1286 982 1265 807 618 619 909 963 1657 304 1257 985 1039 1786 1087 426 1240 1683 400 884 1188 412 1931 1546 1230 558 867
1028 1682 1066 864 553 402 144 133 398 869 1005 0 820 1135 1794 866 1730 1063 1722 86 1721 997 910 1474 1587 1061 393 60 859 1452 1472 768 952 1204 319 175 1260 857 1090 799 795 881 1595 147 1065 1585 519 1313 941 1142 1775 67 1328 48 1416 989 766 867 737 1087 1514 1102 1409 91 1098 1797 1061 893 1336 1639 867 962 1129 1209 1726 1586 1326 769 908
603 1257 515 1015 1060 909 715 704 905 1020 816 820 0 1285 1370 1077 1305 639 1297 754 1297 446 1158 1014 1043 634 900 810 210 1027 1012 1108 811 779 569 704 638 1007 598 1197 945 1031 1051 718 606 1160 410 888 407 650 1351 776 903 797 897 439 1240 329 887 595 1089 856 889 800 671 1372 636 1104 872 1214 1078 428 705 732 1302 1161 862 1236 1058
1493 2147 1447 845 771 867 1029 1018 863 715 751 1135 1285 0 2259 388 2195 1528 2187 1068 2186 1378 380 1939 1974 1526 857 1124 1278 1917 1937 642 697 1669 884 1019 1570 336 1530 488 858 359 1983 1032 1530 2050 984 1777 1405 1582 2240 1091 1793 1111 1829 1371 587 1231 800 1527 1978 848 1821 1115 1563 2262 1526 449 1801 2104 425 1427 1594 955 2191 2051 1791 527 836
1043 207 1078 1989 2034 1884 1689 1678 1880 1994 1787 1794 1370 2259 0 1996 409 1078 247 1728 247 1119 2078 640 669 1076 1874 1784 1263 673 638 2027 1751 962 1544 1679 876 1982 1040 2116 1919 2005 677 1692 1048 541 1384 807 1194 1092 59 1751 825 1771 811 1111 2215 1330 1861 1037 555 1556 803 1774 1113 26 1076 2023 786 408 1998 1216 887 1432 251 492 776 2156 2032
1230 2098 1095 584 419 515 761 749 511 454 399 866 1080 377 1996 0 1896 1301 2139 799 2139 1027 118 1594 1623 1214 506 855 926 1715 1592 291 346 1411 872 750 1218 631 1178 227 624 654 1631 763 1186 1807 942 1473 1074 1230 1977 822 1498 843 1477 1019 326 880 617 1175 1869 496 1469 846 1251 1999 1299 99 1452 1895 73 1096 1400 603 2143 1758 1442 266 575
978 442 978 1925 1970 1819 1625 1614 1815 1930 1687 1730 1305 2195 409 1896 0 1014 483 1663 482 1019 1978 541 569 976 1810 1720 1164 609 539 1927 1651 897 1479 1614 776 1917 940 2017 1855 1941 578 1628 948 441 1320 707 1095 992 390 1686 732 1707 711 1011 2116 1230 1797 937 490 1457 704 1710 1013 412 1012 1924 687 137 1898 1116 823 1332 487 392 677 2056 1968
106 966 383 1258 1304 1153 958 947 1149 1263 1092 1063 639 1528 1078 1301 1014 0 1006 997 1005 424 1383 758 790 139 1143 1053 568 736 756 1332 1056 488 813 948 385 1251 168 1422 1188 1274 798 961 143 869 653 597 490 221 1059 1020 612 1040 644 416 1484 635 1130 165 798 861 636 1043 177 1081 38 1329 619 923 1303 511 413 737 1010 870 609 1461 1302
971 82 1220 1917 1962 1812 1617 1606 1808 1922 1930 1722 1297 2187 247 2139 483 1006 0 1656 200 1205 2220 623 735 1004 1802 1712 1336 601 621 2170 1894 889 1471 1607 968 1910 1033 2177 1847 1933 744 1620 1008 554 1312 738 1149 1085 228 1679 753 1699 842 1197 2143 1456 1789 1030 483 1699 834 1702 1041 250 1004 2166 762 392 2140 1170 815 1575 19 555 752 2145 1960
961 1615 999 798 487 336 119 108 332 803 938 86 754 1068 1728 799 1663 997 1656 0 1655 930 843 1407 1520 994 326 75 792 1386 1405 701 885 1137 252 109 1193 791 1023 732 728 814 1529 122 998 1519 453 1246 874 1076 1709 42 1261 63 1350 922 700 800 670 1020 1447 1036 1342 66 1031 1730 995 827 1270 1572 801 895 1063 1143 1660 1520 1260 702 841
970 159 1220 1916 1962 1811 1616 1605 1807 1921 1930 1721 1297 2186 247 2139 482 1005 200 1655 0 1204 2220 622 735 1003 1801 1711 1335 600 620 2170 1894 889 1471 1606 967 1909 1032 2176 1846 1932 743 1619 1007 553 1311 737 1148 1084 228 1678 752 1698 841 1196 2142 1455 1788 1029 482 1699 833 1701 1040 250 1003 2166 761 391 2140 1169 814 1575 204 554 751 2145 1960
352 1164 113 1191 1186 1086 891 880 1082 1196 817 997 446 1367 1119 1027 1019 424 1205 930 1204 0 1108 717 745 337 1077 986 294 837 715 1057 781 534 746 881 341 1184 301 1147 1121 1207 754 894 308 930 575 596 121 353 1100 953 620 973 599 36 1246 360 1063 298 991 587 592 977 374 1121 422 1054 575 1018 1028 142 523 462 1209 881 565 1186 1235
1311 2180 1177 522 463 559 804 793 555 393 480 910 1161 369 2078 118 1978 1383 2220 843 2220 1108 0 1675 1704 1296 549 899 1008 1796 1673 353 427 1493 915 794 1300 622 1260 165 563 646 1713 807 1267 1889 1023 1555 1156 1312 2059 866 1579 886 1558 1100 265 961 556 1257 1950 578 1551 890 1333 2080 1381 99 1534 1977 128 1177 1481 685 2224 1840 1524 205 514
689 582 676 1669 1714 1563 1369 1357 1559 1673 1385 1474 1014 1934 640 1594 541 758 623 1407 622 717 1675 0 182 674 1554 1464 861 190 67 1625 1349 606 1223 1358 474 1661 638 1714 1599 1685 190 1372 645 451 1064 405 792 690 621 1430 430 1451 409 709 1813 928 1541 635 414 1154 401 1454 711 643 756 1621 384 539 1595 814 567 1030 627 403 374 1754 1712
718 695 704 1781 1782 1676 1481 1470 1672 1786 1414 1587 1043 1963 669 1623 569 790 735 1520 735 745 1704 182 0 702 1666 1576 890 302 180 1654 1378 634 1336 1471 503 1774 667 1743 1711 1797 29 1484 674 480 1171 434 821 719 650 1543 458 1563 438 738 1842 956 1653 664 527 1183 430 1567 740 671 787 1650 413 568 1624 842 623 1059 740 431 403 1782 1825
68 963 296 1255 1301 1150 956 944 1146 1260 1005 1061 634 1526 1076 1214 976 139 1004 994 1003 337 1296 674 702 0 1141 1050 481 734 672 1245 969 485 810 945 298 1248 81 1334 1186 1272 711 958 56 867 651 553 412 133 1057 1017 577 1038 557 329 1433 548 1128 78 795 774 549 1041 69 1078 137 1241 532 920 1216 434 411 650 1008 838 522 1374 1299
1108 1762 1146 663 193 22 288 276 19 534 645 393 900 846 1874 506 1810 1143 1802 326 1801 1077 549 1554 1666 1141 0 383 939 1532 1552 407 591 1284 399 277 1340 937 1170 438 704 960 1675 291 1145 1665 599 1392 1021 1222 1855 349 1408 370 1496 1069 406 947 697 1167 1593 742 1489 373 1178 1877 1141 533 1416 1719 507 1042 1209 849 1806 1666 1406 409 655
1018 1671 1055 854 543 392 134 123 388 859 994 60 810 1124 1784 855 1720 1053 1712 75 1711 986 899 1464 1576 1050 383 0 849 1442 1462 757 941 1193 309 165 1250 847 1080 788 784 870 1585 137 1055 1575 509 1302 930 1132 1765 57 1317 37 1406 979 756 857 726 1077 1503 1092 1398 81 1088 1787 1051 883 1326 1629 857 952 1119 1199 1716 1576 1316 759 898
497 1296 362 1054 1083 948 754 743 944 1059 663 859 210 1264 1263 924 1164 568 1336 792 1335 294 1005 861 890 481 939 849 0 982 859 955 658 679 608 743 486 1046 445 1044 984 1070 898 757 453 1074 421 740 342 498 1244 815 765 836 744 286 1143 176 926 442 1128 703 737 839 518 1266 566 951 720 1162 925 363 667 579 1340 1026 710 1083 1097
701 561 796 1647 1692 1542 1347 1336 1538 1652 1505 1452 1027 1917 673 1715 609 736 601 1386 600 837 1796 190 302 734 1532 1442 982 0 188 1745 1469 619 1201 1337 594 1640 758 1835 1577 1663 311 1350 738 464 1042 468 879 810 654 1409 483 1429 529 829 1873 1048 1519 755 392 1275 522 1432 771 676 734 1742 491 518 1716 900 545 1150 605 465 482 1874 1690
687 580 674 1667 1712 1561 1367 1355 1557 1671 1383 1472 1012 1932 638 1592 539 756 621 1405 620 715 1673 67 180 672 1552 1462 859 188 0 1623 1347 604 1221 1356 472 1659 636 1712 1597 1683 188 1370 643 449 1062 403 790 688 619 1428 428 1449 407 707 1811 926 1539 633 412 1152 399 1452 709 641 754 1619 382 537 1593 812 565 1028 625 400 372 1752 1710
1261 2129 1126 638 321 417 662 651 413 509 430 768 1110 631 2027 291 1927 1332 2170 701 2170 1057 353 1625 1654 1245 407 757 957 1745 1623 0 376 1442 773 652 1249 885 1209 282 678 908 1662 665 1217 1838 973 1504 1105 1261 2008 724 1529 744 1508 1050 381 911 672 1206 1900 527 1500 748 1282 2029 1330 318 1483 1926 292 1127 1431 634 2174 1789 1473 321 630
984 1853 850 822 505 601 846 835 597 693 113 952 814 686 1751 346 1651 1056 1894 885 1894 781 427 1349 1378 969 591 941 661 1469 1347 376 0 1166 919 836 973 939 933 466 862 963 1386 849 941 1562 676 1228 829 985 1732 908 1253 928 1232 774 565 614 856 930 1624 251 1224 932 1006 1753 1054 373 1207 1650 347 851 1155 358 1898 1513 1197 505 814
452 849 493 1398 1444 1293 1099 1087 1289 1403 1202 1204 779 1669 962 1411 897 488 889 1137 889 534 1493 606 634 485 1284 1193 679 619 604 1442 1166 0 953 1088 226 1391 455 1532 1329 1415 643 1101 463 752 794 353 610 507 943 1160 377 1181 412 526 1624 745 1271 452 681 972 405 1184 522 964 486 1439 332 806 1413 631 107 847 894 753 322 1571 1442
777 1431 815 614 559 408 214 202 404 618 923 319 569 884 1544 872 1479 813 1471 252 1471 746 915 1223 1336 810 399 309 608 1201 1221 773 919 953 0 203 1009 606 839 804 544 630 1344 217 814 1334 268 1062 690 891 1525 275 1077 296 1165 738 772 616 486 836 1263 1089 1158 299 847 1546 810 899 1085 1388 873 711 879 1094 1476 1335 1075 775 657
912 1566 950 749 437 287 70 59 283 754 889 175 704 1019 1679 750 1614 948 1607 109 1606 881 794 1358 1471 945 277 165 743 1337 1356 652 836 1088 203 0 1144 741 974 683 679 765 1479 73 949 1469 403 1197 825 1026 1660 131 1212 152 1301 873 650 751 621 971 1398 987 1293 155 982 1681 946 777 1220 1523 751 846 1014 1094 1611 1471 1210 653 792
314 927 300 1455 1378 1349 1155 1144 1345 1459 1009 1260 638 1559 876 1218 776 385 968 1193 967 341 1300 474 503 298 1340 1250 486 594 472 1249 973 226 1009 1144 0 1447 262 1339 1385 1471 511 1158 270 687 767 297 417 314 857 1216 322 1237 357 333 1438 552 1327 259 749 779 349 1240 335 878 383 1246 277 775 1220 438 214 654 972 638 267 1378 1498
1215 1869 1253 650 1024 946 752 741 942 655 1004 857 1007 336 1982 642 1917 1251 1910 791 1909 1184 634 1661 1774 1248 937 847 1046 1640 1659 896 951 1391 606 741 1447 0 1277 741 580 58 1782 755 1252 1772 706 1500 1128 1329 1963 813 1515 834 1604 1176 841 1054 523 1274 1701 1101 1596 837 1285 1984 1249 702 1523 1826 679 1149 1317 1209 1914 1774 1513 781 694
97 992 260 1285 1330 1179 985 973 1175 1289 969 1090 598 1519 1040 1178 940 168 1033 1023 1032 301 1260 638 667 81 1170 1080 445 758 636 1209 933 455 839 974 262 1277 0 1299 1215 1301 675 988 53 851 680 517 377 77 1021 1046 542 1067 521 293 1397 512 1157 22 824 738 513 1070 118 1042 166 1206 496 939 1180 398 440 614 1037 802 486 1338 1328
1350 2136 1216 411 352 448 693 682 444 282 519 799 1200 477 2116 227 2017 1422 2177 732 2176 1147 165 1714 1743 1334 438 788 1047 1835 1712 282 466 1532 804 683 1339 730 1299 0 452 754 1752 696 1306 1927 973 1593 1195 1351 2097 755 1618 775 1597 1139 154 1000 445 1296 1968 617 1590 779 1372 2119 1419 181 1573 2016 210 1216 1520 724 2181 1879 1563 94 403
1153 1807 1190 192 617 713 689 678 709 197 916 795 945 858 1919 624 1855 1188 1847 728 1846 1121 563 1599 1711 1186 704 784 984 1577 1597 678 862 1329 544 679 1385 580 1215 452 0 604 1720 692 1190 1710 644 1437 1065 1267 1900 751 1453 771 1541 1114 418 992 115 1212 1638 1013 1534 775 1223 1922 1186 578 1461 1764 607 1087 1254 1120 1851 1711 1451 420 235
1239 1893 1276 674 1048 970 775 764 966 679 1028 881 1031 359 2005 665 1941 1274 1933 814 1932 1207 657 1685 1797 1272 960 870 1070 1663 1683 919 974 1415 630 765 1471 58 1301 765 604 0 1806 778 1276 1796 730 1523 1151 1353 1986 837 1539 857 1627 1200 864 1078 546 1298 1724 1125 1620 861 1309 2008 1272 726 1547 1850 702 1173 1340 1232 1937 1797 1537 804 717
727 703 713 1790 1790 1684 1490 1479 1681 1795 1422 1595 1051 1972 677 1631 578 798 744 1529 743 754 1713 190 29 711 1675 1585 898 311 188 1662 1386 643 1344 1479 511 1782 675 1752 1720 1806 0 1493 683 488 1180 442 830 727 658 1551 467 1572 446 746 1850 965 1662 672 535 1191 439 1575 748 680 796 1659 422 576 1633 851 631 1067 748 440 412 1791 1833
926 1579 963 762 451 300 42 31 296 767 902 147 718 1032 1692 763 1628 961 1620 122 1619 894 807 1372 1484 958 291 137 757 1350 1370 665 849 1101 217 73 1158 755 988 696 692 778 1493 0 963 1483 417 1210 838 1040 1673 103 1225 124 1314 887 664 764 634 985 1411 1000 1306 127 996 1695 959 791 1234 1536 765 860 1027 1107 1624 1484 1224 667 806
72 967 267 1260 1305 1154 960 948 1150 1264 977 1065 606 1526 1048 1186 948 143 1008 998 1007 308 1267 645 674 56 1145 1055 453 738 643 1217 941 463 814 949 270 1252 53 1306 1190 1276 683 963 0 859 655 525 384 105 1029 1021 549 1042 528 301 1405 520 1132 50 799 746 521 1045 93 1050 141 1213 504 924 1187 406 415 622 1012 810 494 1345 1303
834 514 889 1780 1825 1675 1480 1469 1671 1785 1598 1585 1160 2050 541 1807 441 869 554 1519 553 930 1889 451 480 867 1665 1575 1074 464 449 1838 1562 752 1334 1469 687 1772 851 1927 1710 1796 488 1483 859 0 1175 601 1005 903 522 1542 616 1562 622 922 2006 1141 1652 848 193 1367 614 1565 904 543 867 1834 597 440 1809 1027 678 1243 558 132 587 1967 1823
618 1272 644 714 759 608 414 403 604 719 681 519 410 984 1384 942 1320 653 1312 453 1311 575 1023 1064 1171 651 599 509 421 1042 1062 973 676 794 268 403 767 706 680 973 644 730 1180 417 655 1175 0 903 531 732 1365 475 918 496 1006 567 939 374 586 677 1104 847 999 499 688 1387 651 969 926 1229 943 552 720 852 1316 1176 916 942 757
561 697 555 1507 1553 1402 1207 1196 1398 1512 1264 1313 888 1777 807 1473 707 597 738 1246 737 596 1555 405 434 553 1392 1302 740 468 403 1504 1228 353 1062 1197 297 1500 517 1593 1437 1523 442 1210 525 601 903 0 671 569 788 1269 71 1289 150 588 1692 807 1379 514 529 1033 142 1292 590 810 594 1500 70 654 1475 693 341 909 742 569 60 1633 1551
428 1108 190 1135 1181 1030 835 824 1026 1140 865 941 407 1405 1194 1074 1095 490 1149 874 1148 121 1156 792 821 412 1021 930 342 879 790 1105 829 610 690 825 417 1128 377 1195 1065 1151 830 838 384 1005 531 671 0 429 1175 897 696 918 675 113 1294 408 1007 374 940 635 668 921 450 1197 488 1102 651 1065 1076 66 556 510 1153 957 641 1234 1179
149 1044 312 1337 1382 1231 1037 1026 1227 1342 1021 1142 650 1571 1092 1230 992 221 1085 1076 1084 353 1312 690 719 133 1222 1132 498 810 688 1261 985 507 891 1026 314 1329 77 1351 1267 1353 727 1040 105 903 732 569 429 0 1073 1098 594 1119 573 345 1449 564 1209 74 876 791 565 1122 171 1095 218 1258 548 991 1232 450 492 666 1089 854 538 1390 1380
1024 188 1059 1970 2016 1865 1670 1659 1861 1975 1768 1775 1351 2240 59 1977 390 1059 228 1709 228 1100 2059 621 650 1057 1855 1765 1244 654 619 2008 1732 943 1525 1660 857 1963 1021 2097 1900 1986 658 1673 1029 522 1365 788 1175 1073 0 1732 806 1752 792 1092 2196 1311 1842 1018 536 1537 784 1755 1094 62 1057 2004 767 389 1979 1197 868 1413 232 473 757 2137 2014
984 1638 1022 821 509 359 101 89 355 826 961 67 776 1091 1751 822 1686 1020 1679 42 1678 953 866 1430 1543 1017 349 57 815 1409 1428 724 908 1160 275 131 1216 813 1046 755 751 837 1551 103 1021 1542 475 1269 897 1098 1732 0 1284 44 1373 945 722 823 693 1043 1470 1059 1365 47 1054 1753 1018 849 1293 1595 824 918 1086 1166 1683 1543 1283 725 864
576 713 579 1522 1568 1417 1223 1211 1413 1527 1289 1328 903 1793 825 1498 732 612 753 1261 752 620 1579 430 458 577 1408 1317 765 483 428 1529 1253 377 1077 1212 322 1515 542 1618 1453 1539 467 1225 549 616 918 71 696 594 806 1284 0 1305 175 613 1717 832 1395 539 544 1058 167 1308 615 828 610 1525 95 670 1499 718 366 934 757 594 85 1657 1566
1005 1659 1042 841 530 379 121 110 375 846 982 48 797 1111 1771 843 1707 1040 1699 63 1698 973 886 1451 1563 1038 370 37 836 1429 1449 744 928 1181 296 152 1237 834 1067 775 771 857 1572 124 1042 1562 496 1289 918 1119 1752 44 1305 0 1393 966 743 844 713 1064 1490 1079 1386 68 1075 1774 1038 870 1313 1616 844 939 1106 1186 1703 1563 1303 746 885
572 801 558 1611 1636 1506 1311 1300 1502 1616 1268 1416 897 1817 811 1477 711 644 842 1350 841 599 1558 409 438 557 1496 1406 744 529 407 1508 1232 412 1165 1301 357 1604 521 1597 1541 1627 446 1314 528 622 1006 150 675 573 792 1373 175 1393 0 592 1696 811 1483 518 633 1037 26 1396 594 813 642 1504 130 710 1478 697 401 913 846 573 120 1637 1654
344 1156 105 1184 1178 1078 884 872 1074 1188 810 989 439 1359 1111 1019 1011 416 1197 922 1196 36 1100 709 738 329 1069 979 286 829 707 1050 774 526 738 873 333 1176 293 1139 1114 1200 746 887 301 922 567 588 113 345 1092 945 613 966 592 0 1238 353 1056 290 984 579 584 969 366 1113 414 1046 567 1010 1020 135 515 455 1201 873 557 1178 1227
1448 2102 1314 377 319 415 661 650 411 248 618 766 1240 576 2215 326 2116 1484 2143 700 2142 1246 265 1813 1842 1433 406 756 1146 1873 1811 381 565 1624 772 650 1438 830 1397 154 418 853 1850 664 1405 2006 939 1692 1294 1449 2196 722 1717 743 1696 1238 0 1099 411 1394 1934 715 1689 746 1470 2217 1482 281 1672 2059 309 1315 1550 823 2147 1978 1662 123 369
563 1415 429 1061 1036 956 762 750 952 1066 616 867 329 1217 1330 877 1230 635 1456 800 1455 360 958 928 956 548 947 857 176 1048 926 908 611 745 616 751 552 1054 512 997 992 1078 965 764 520 1141 374 807 408 564 1311 823 832 844 811 353 1096 0 934 509 1203 770 803 847 585 1332 633 904 786 1229 878 430 734 646 1460 1092 776 1036 1105
1095 1749 1132 185 610 706 631 620 703 190 909 737 887 800 1861 617 1797 1130 1789 670 1788 1063 556 1541 1653 1128 697 726 926 1519 1539 672 856 1271 486 621 1327 523 1157 445 115 546 1662 634 1132 1652 586 1379 1007 1209 1842 693 1395 713 1483 1056 411 934 0 1154 1580 1007 1476 717 1165 1864 1128 572 1403 1706 600 1029 1196 1114 1793 1653 1393 414 229
94 989 257 1281 1327 1176 982 970 1172 1286 966 1087 595 1516 1037 1175 937 165 1030 1020 1029 298 1257 635 664 78 1167 1077 442 755 633 1206 930 452 836 971 259 1274 22 1296 1212 1298 672 985 50 848 677 514 374 74 1018 1043 539 1064 518 290 1394 509 1154 0 821 735 510 1067 115 1039 163 1202 493 936 1177 395 437 611 1034 799 483 1335 1325
762 442 950 1708 1754 1603 1408 1397 1599 1713 1660 1514 1089 1978 555 1869 490 798 483 1447 482 991 1950 414 527 795 1593 1503 1128 392 412 1900 1624 681 1263 1398 749 1701 824 1968 1638 1724 535 1411 799 193 1104 529 940 876 536 1470 544 1490 633 984 1934 1203 1580 821 0 1429 625 1494 832 557 795 1896 553 399 1870 961 606 1305 487 194 543 1937 1752
790 1659 655 973 655 752 997 986 748 843 304 1102 856 837 1556 496 1457 861 1699 1036 1699 587 578 1154 1183 774 742 1092 703 1275 1152 527 251 972 1089 987 779 1090 738 617 1013 1114 1191 1000 746 1367 847 1033 635 791 1537 1059 1058 1079 1037 579 715 770 1007 735 1429 0 1030 1082 811 1559 859 524 1013 1455 498 656 960 164 1703 1319 1003 656 964
565 794 551 1603 1628 1498 1304 1292 1494 1608 1260 1409 889 1810 803 1469 704 636 834 1342 833 592 1551 401 430 549 1489 1398 737 522 399 1500 1224 405 1158 1293 349 1596 513 1590 1534 1620 439 1306 521 614 999 142 668 565 784 1365 167 1386 26 584 1689 803 1476 510 625 1030 0 1389 586 806 634 1497 122 702 1471 689 393 905 838 566 112 1629 1647
1008 1662 1046 844 533 382 124 113 378 849 985 91 800 1115 1774 846 1710 1043 1702 66 1701 977 890 1454 1567 1041 373 81 839 1432 1452 748 932 1184 299 155 1240 837 1070 779 775 861 1575 127 1045 1565 499 1292 921 1122 1755 47 1308 68 1396 969 746 847 717 1067 1494 1082 1389 0 1078 1777 1041 873 1316 1619 847 942 1109 1189 1706 1566 1306 749 888
105 1000 333 1293 1338 1187 993 982 1183 1298 1042 1098 671 1563 1113 1251 1013 177 1041 1031 1040 374 1333 711 740 69 1178 1088 518 771 709 1282 1006 522 847 982 335 1285 118 1372 1223 1309 748 996 93 904 688 590 450 171 1094 1054 615 1075 594 366 1470 585 1165 115 832 811 586 1078 0 1115 174 1279 569 957 1253 471 448 687 1045 875 559 1411 1336
1045 209 1080 1992 2037 1886 1692 1681 1882 1997 1789 1797 1372 2262 26 1999 412 1081 250 1730 250 1121 2080 643 671 1078 1877 1787 1266 676 641 2029 1753 964 1546 1681 878 1984 1042 2119 1922 2008 680 1695 1050 543 1387 810 1197 1095 62 1753 828 1774 813 1113 2217 1332 1864 1039 557 1559 806 1777 1115 0 1079 2026 789 410 2000 1218 890 1434 254 495 779 2158 2035
104 964 381 1256 1301 1151 956 945 1147 1261 1090 1061 636 1526 1076 1299 1012 38 1004 995 1003 422 1381 756 787 137 1141 1051 566 734 754 1330 1054 486 810 946 383 1249 166 1419 1186 1272 796 959 141 867 651 594 488 218 1057 1018 610 1038 642 414 1482 633 1128 163 795 859 634 1041 174 1079 0 1326 617 921 1301 509 411 735 1008 868 607 1459 1299
1257 2126 1123 538 446 542 788 777 539 409 426 893 1107 438 2023 99 1924 1329 2166 827 2166 1054 99 1621 1650 1241 533 883 954 1742 1619 318 373 1439 899 777 1246 691 1206 181 578 715 1659 791 1213 1834 969 1500 1102 1258 2004 849 1525 870 1504 1046 281 907 572 1202 1896 524 1497 873 1279 2026 1326 0 1480 1922 48 1123 1427 631 2170 1786 1470 220 530
548 721 534 1531 1576 1425 1231 1220 1422 1536 1243 1336 872 1793 786 1452 687 619 762 1270 761 575 1534 384 413 532 1416 1326 720 491 382 1483 1207 332 1085 1220 277 1523 496 1573 1461 1547 422 1234 504 597 926 70 651 548 767 1293 95 1313 130 567 1672 786 1403 493 553 1013 122 1316 569 789 617 1480 0 678 1454 672 320 888 766 549 40 1612 1574
887 351 977 1833 1879 1728 1534 1522 1724 1838 1686 1639 1214 2104 408 1895 137 923 392 1572 391 1018 1977 539 568 920 1719 1629 1162 518 537 1926 1650 806 1388 1523 775 1826 939 2016 1764 1850 576 1536 924 440 1229 654 1065 991 389 1595 670 1616 710 1010 2059 1229 1706 936 399 1455 702 1619 957 410 921 1922 678 0 1897 1086 732 1331 396 391 668 2055 1877
1231 2100 1097 567 420 517 762 751 513 437 400 867 1081 414 1998 73 1898 1303 2140 801 2140 1028 128 1595 1624 1216 507 857 928 1716 1593 292 347 1413 873 751 1220 667 1180 210 607 691 1633 765 1187 1809 943 1475 1076 1232 1979 824 1499 844 1478 1020 309 881 600 1177 1870 498 1471 847 1253 2000 1301 48 1454 1897 0 1097 1401 605 2144 1760 1444 249 558
449 1129 211 1157 1202 1051 857 846 1047 1162 887 962 428 1427 1216 1096 1116 511 1170 895 1169 142 1177 814 842 434 1042 952 363 900 812 1127 851 631 711 846 438 1149 398 1216 1087 1173 851 860 406 1027 552 693 66 450 1197 918 718 939 697 135 1315 430 1029 395 961 656 689 942 471 1218 509 1123 672 1086 1097 0 577 532 1174 978 662 1255 1200
378 775 482 1324 1370 1219 1024 1013 1215 1329 1191 1129 705 1594 887 1400 823 413 815 1063 814 523 1481 567 623 411 1209 1119 667 545 565 1431 1155 107 879 1014 214 1317 440 1520 1254 1340 631 1027 415 678 720 341 556 492 868 1086 366 1106 401 515 1550 734 1196 437 606 960 393 1109 448 890 411 1427 320 732 1401 577 0 836 819 679 310 1553 1368
665 1534 531 1080 763 859 1104 1093 855 951 412 1209 732 944 1432 603 1332 737 1575 1143 1575 462 685 1030 1059 650 849 1199 579 1150 1028 634 358 847 1097 1094 654 1197 614 724 1120 1221 1067 1107 622 1243 855 909 510 666 1413 1166 934 1186 913 455 823 646 1114 611 1305 164 905 1189 687 1434 735 631 888 1331 605 532 836 0 1579 1194 878 763 1072
975 86 1225 1921 1966 1816 1621 1610 1812 1926 1934 1726 1302 2191 251 2143 487 1010 19 1660 204 1209 2224 627 740 1008 1806 1716 1340 605 625 2174 1898 894 1476 1611 972 1914 1037 2181 1851 1937 748 1624 1012 558 1316 742 1153 1089 232 1683 757 1703 846 1201 2147 1460 1793 1034 487 1703 838 1706 1045 254 1008 2170 766 396 2144 1174 819 1579 0 559 756 2150 1965
835 515 840 1781 1826 1676 1481 1470 1672 1786 1549 1586 1161 2051 492 1758 392 870 555 1520 554 881 1840 403 431 838 1666 1576 1026 465 400 1789 1513 753 1335 1471 638 1774 802 1879 1711 1797 440 1484 810 132 1176 569 957 854 473 1543 594 1563 573 873 1978 1092 1653 799 194 1319 566 1566 875 495 868 1786 549 391 1760 978 679 1194 559 0 539 1918 1824
538 711 524 1521 1566 1416 1221 1210 1412 1526 1233 1326 862 1783 776 1442 677 609 752 1260 751 565 1524 374 403 522 1406 1316 710 482 372 1473 1197 322 1075 1210 267 1513 486 1563 1451 1537 412 1224 494 587 916 60 641 538 757 1283 85 1303 120 557 1662 776 1393 483 543 1003 112 1306 559 779 607 1470 40 668 1444 662 310 878 756 539 0 1602 1564
1389 2105 1255 380 322 418 664 653 414 251 558 769 1239 516 2156 266 2056 1461 2145 702 2145 1186 205 1754 1782 1374 409 759 1086 1874 1752 321 505 1571 775 653 1378 769 1338 94 420 793 1791 667 1345 1967 942 1633 1234 1390 2137 725 1657 746 1637 1178 123 1039 414 1335 1937 656 1629 749 1411 2158 1459 220 1612 2055 249 1255 1553 763 2150 1918 1602 0 372
1266 1920 1304 69 568 664 803 791 660 148 867 908 1058 825 2032 575 1968 1302 1960 841 1960 1235 514 1712 1825 1299 655 898 1097 1690 1710 630 814 1442 657 792 1498 694 1328 403 235 717 1833 806 1303 1823 757 1551 1179 1380 2014 864 1566 885 1654 1227 369 1105 229 1325 1752 964 1647 888 1336 2035 1299 530 1574 1877 558 1200 1368 1072 1965 1824 1564 372 0
EOF
