NAME : tsp_problem
TYPE : TSP
DIMENSION : 36
EDGE_WEIGHT_TYPE : EXPLICIT
EDGE_WEIGHT_FORMAT : FULL_MATRIX
EDGE_WEIGHT_SECTION
0 647 258 1325 608 515 1435 1492 642 164 1349 452 646 147 216 68 374 342 1788 500 666 779 245 304 463 516 650 1313 1331 625 454 1675 1546 195 1790 1635
647 0 578 1470 1023 291 2030 1986 272 655 1495 491 277 608 598 621 403 420 1991 337 296 195 850 780 917 351 1184 1458 1940 255 965 1852 1692 631 1935 1780
258 578 0 1470 830 531 1658 1715 657 387 1495 468 662 370 439 231 390 419 1991 516 681 719 468 527 686 532 873 1458 1554 640 677 1852 1691 418 1935 1780
1325 1470 1470 0 855 1578 661 617 1688 1271 63 1699 1693 1223 1213 1358 1475 1088 979 1747 1712 1611 1123 1136 1015 1639 747 26 598 1671 1042 728 680 1246 923 768
608 1023 830 855 0 1088 1141 1198 1214 656 880 1025 1219 639 708 641 947 640 1376 1073 1238 1163 406 477 427 1089 356 843 1037 1197 324 1237 1077 687 1320 1165
515 291 531 1578 1088 0 1915 1972 381 644 1603 266 386 627 696 489 335 528 2099 240 405 431 726 784 944 125 1130 1566 1812 364 934 1960 1800 675 2043 1888
1435 2030 1658 661 1141 1915 0 130 2042 1483 686 1852 2047 1466 1535 1468 1774 1647 532 1900 2066 2170 1234 1304 1255 1917 936 649 143 2025 1152 258 439 1514 554 436
1492 1986 1715 617 1198 1972 130 0 2099 1540 642 1909 2103 1523 1592 1525 1831 1603 574 1957 2122 2127 1290 1361 1312 1973 993 605 200 2081 1209 203 383 1571 595 381
642 272 657 1688 1214 381 2042 2099 0 770 1713 392 53 753 816 615 461 638 2209 168 102 241 852 911 1070 383 1257 1676 1938 61 1061 2070 1910 802 2153 1998
164 655 387 1271 656 644 1483 1540 770 0 1295 581 775 58 127 197 503 273 1792 629 794 796 293 276 511 645 698 1259 1379 753 502 1653 1492 106 1736 1581
1349 1495 1495 63 880 1603 686 642 1713 1295 0 1724 1718 1248 1238 1383 1499 1112 1004 1772 1737 1636 1148 1161 1039 1663 772 51 622 1696 1066 752 704 1271 948 793
452 491 468 1699 1025 266 1852 1909 392 581 1724 0 397 564 633 425 272 649 2205 251 416 530 662 721 880 267 1067 1687 1748 375 871 2081 1920 612 2164 2009
646 277 662 1693 1219 386 2047 2103 53 775 1718 397 0 758 821 620 466 643 2214 173 106 246 857 916 1075 387 1262 1681 1943 65 1066 2075 1914 806 2158 2003
147 608 370 1223 639 627 1466 1523 753 58 1248 564 758 0 79 180 486 225 1744 612 777 749 276 228 494 628 681 1211 1362 736 485 1605 1445 58 1688 1533
216 598 439 1213 708 696 1535 1592 816 127 1238 633 821 79 0 249 555 215 1734 681 840 739 341 272 563 697 750 1201 1431 799 554 1595 1435 102 1678 1523
68 621 231 1358 641 489 1468 1525 615 197 1383 425 620 180 249 0 347 375 1821 474 639 753 279 337 497 490 684 1346 1365 598 488 1708 1579 228 1823 1668
374 403 390 1475 947 335 1774 1831 461 503 1499 272 466 486 555 347 0 424 1995 320 485 544 584 643 802 336 989 1462 1670 444 793 1856 1696 534 1939 1784
342 420 419 1088 640 528 1647 1603 638 273 1112 649 643 225 215 375 424 0 1608 697 662 561 467 397 534 588 801 1076 1557 621 582 1470 1309 248 1552 1397
1799 1991 1991 979 1376 2099 543 585 2209 1792 1004 2216 2214 1744 1734 1832 1995 1608 0 2265 2233 2132 1598 1657 1536 2159 1268 967 612 2192 1516 713 799 1767 113 888
500 337 516 1747 1073 240 1900 1957 168 629 1772 251 173 612 681 474 320 697 2253 0 192 306 711 770 929 241 1116 1735 1797 151 920 2129 1969 660 2212 2057
666 296 681 1712 1238 405 2066 2122 102 794 1737 416 106 777 840 639 485 662 2233 192 0 265 876 935 1094 407 1281 1700 1962 55 1085 2094 1934 826 2177 2022
779 195 719 1611 1163 431 2170 2127 241 796 1636 530 246 749 739 753 544 561 2132 306 265 0 990 921 1058 491 1325 1599 2076 224 1106 1993 1832 772 2076 1921
245 850 468 1123 406 726 1234 1290 852 293 1148 662 857 276 341 279 584 467 1586 711 876 990 0 96 262 727 449 1111 1130 835 253 1474 1345 321 1588 1433
304 780 527 1136 477 784 1304 1361 911 276 1161 721 916 228 272 337 643 397 1657 770 935 921 96 0 333 786 520 1124 1201 894 324 1518 1358 251 1601 1446
463 917 686 1015 427 944 1255 1312 1070 511 1039 880 1075 494 563 497 802 534 1536 929 1094 1058 262 333 0 945 470 1003 1151 1053 155 1397 1236 542 1480 1325
516 351 532 1639 1089 125 1917 1973 383 645 1663 267 387 628 697 490 336 588 2159 241 407 491 727 786 945 0 1132 1626 1813 366 936 2020 1860 676 2103 1948
650 1184 873 747 356 1130 933 990 1257 698 772 1067 1262 681 750 684 989 801 1268 1116 1281 1325 449 520 470 1132 0 735 829 1240 367 1129 969 729 1212 1057
1313 1458 1458 26 843 1566 649 605 1676 1259 51 1687 1681 1211 1201 1346 1462 1076 967 1735 1700 1599 1111 1124 1003 1626 735 0 585 1659 1030 715 668 1234 911 756
1331 1940 1554 598 1037 1812 143 200 1938 1379 622 1748 1943 1362 1431 1365 1670 1557 601 1797 1962 2076 1130 1201 1151 1813 832 585 0 1921 1048 383 564 1410 623 561
625 255 640 1671 1197 364 2025 2081 61 753 1696 375 65 736 799 598 444 621 2192 151 55 224 835 894 1053 366 1240 1659 1921 0 1044 2053 1893 785 2136 1981
454 965 677 1042 324 934 1152 1209 1061 502 1066 871 1066 485 554 488 793 582 1505 920 1085 1106 253 324 155 936 367 1030 1048 1044 0 1392 1263 533 1506 1351
1675 1852 1852 728 1237 1960 258 203 2070 1653 752 2081 2075 1605 1595 1708 1856 1470 702 2129 2094 1993 1474 1518 1397 2020 1129 715 383 2053 1392 0 224 1628 723 221
1546 1692 1691 680 1077 1800 439 383 1910 1492 704 1920 1914 1445 1435 1579 1696 1309 799 1969 1934 1832 1345 1358 1236 1860 969 668 564 1893 1263 224 0 1468 743 151
195 631 418 1246 687 675 1514 1571 802 106 1271 612 806 58 102 228 534 248 1767 660 826 772 321 251 542 676 729 1234 1410 785 533 1628 1468 0 1711 1556
1790 1935 1935 923 1320 2043 565 607 2153 1736 948 2164 2158 1688 1678 1823 1939 1552 113 2212 2177 2076 1588 1601 1480 2103 1212 911 634 2136 1506 735 743 1711 0 832
1635 1780 1780 768 1165 1888 436 381 1998 1581 793 2009 2003 1533 1523 1668 1784 1397 880 2057 2022 1921 1433 1446 1325 1948 1057 756 561 1981 1351 221 151 1556 832 0
EOF