NAME : tsp_problem
TYPE : TSP
DIMENSION : 50
EDGE_WEIGHT_TYPE : EXPLICIT
EDGE_WEIGHT_FORMAT : FULL_MATRIX
EDGE_WEIGHT_SECTION
0 1168 1602 246 1238 276 1279 706 1139 1452 1709 595 1911 2201 92 778 436 403 1795 894 782 1611 1617 458 1202 2198 986 350 1747 1856 2215 1153 703 1870 580 1878 223 1638 1629 1652 926 1044 1015 1404 1765 1462 682 2059 1810 1844
1168 0 859 1233 387 1262 428 831 99 710 711 903 1169 1176 1141 615 1018 1116 1053 623 656 869 875 955 351 1399 416 1063 1005 1114 1189 65 828 845 1021 1136 1209 896 887 910 449 427 463 396 1023 719 807 1144 1067 819
1602 859 0 1692 659 1721 700 1456 830 191 1206 1345 757 788 1574 1317 1633 1549 642 1107 1256 101 84 1388 624 1044 1118 1496 236 703 778 844 1453 827 1510 724 1669 484 96 78 882 999 971 714 611 208 1432 549 656 884
246 1233 1692 0 1328 64 1335 658 1229 1543 1585 686 2002 2076 219 653 311 422 1886 984 770 1702 1707 548 1293 2289 861 436 1837 1947 2090 1218 655 1746 535 1969 45 1729 1719 1743 1017 1069 1105 1296 1855 1552 634 2044 1900 1720
1238 387 659 1328 0 1358 73 934 357 510 814 981 969 1059 1211 717 1121 1185 853 725 758 669 674 1024 69 1256 518 1132 804 914 1073 372 930 692 1124 936 1305 696 686 710 518 530 566 198 822 519 910 1027 867 651
276 1262 1721 64 1358 0 1364 687 1259 1572 1614 715 2031 2105 248 682 341 451 1915 1013 799 1731 1737 578 1322 2318 890 465 1867 1976 2119 1247 684 1775 565 1998 74 1758 1749 1772 1046 1098 1135 1326 1885 1582 663 2074 1930 1749
1279 428 700 1335 73 1364 0 933 399 551 813 1005 1010 1058 1252 717 1120 1227 894 725 758 710 716 1065 110 1282 518 1174 846 955 1072 413 930 692 1123 977 1311 737 728 751 560 529 565 197 864 561 909 1027 909 650
706 831 1456 658 934 687 933 0 890 1307 1183 244 1766 1675 679 252 443 554 1650 598 369 1466 1471 492 971 1898 460 568 1601 1711 1689 816 45 1344 447 1733 635 1493 1483 1507 727 668 704 895 1619 1316 68 1643 1664 1318
1139 99 830 1229 357 1259 399 890 0 680 770 882 1139 1234 1112 673 1077 1086 1024 644 714 839 845 925 322 1426 474 1033 975 1085 1248 114 887 904 1047 1106 1206 866 857 881 419 486 508 454 993 690 866 1203 1038 878
1452 710 191 1543 510 1572 551 1307 680 0 1256 1196 608 888 1425 1168 1484 1400 492 957 1107 200 206 1238 474 895 969 1347 336 553 877 695 1303 879 1361 575 1519 335 218 241 733 850 821 564 462 59 1283 648 507 838
1709 711 1206 1585 814 1614 813 1183 770 1259 0 1255 1263 782 1682 993 1370 1481 1434 1002 1034 1156 1221 1434 851 916 794 1495 1027 1206 796 696 1180 452 1373 1159 1561 1425 1233 1257 865 806 842 775 1201 1268 1159 751 1200 509
595 903 1345 686 981 715 1005 244 882 1196 1255 0 1655 1747 568 324 515 543 1539 637 441 1354 1360 381 946 1942 532 490 1490 1600 1761 888 240 1416 504 1622 662 1381 1372 1396 670 740 758 967 1508 1205 220 1715 1553 1390
1911 1169 757 2002 969 2031 1010 1766 1139 608 1274 1655 0 672 1884 1627 1943 1859 289 1416 1566 767 773 1697 933 405 1428 1806 903 611 688 1154 1762 985 1820 633 1978 308 785 808 1192 1309 1280 1023 520 618 1742 891 564 1042
2201 1176 788 2076 1062 2105 1061 1675 1234 888 782 1747 660 0 2173 1458 1862 1972 832 1466 1499 738 804 1925 1099 313 1259 1986 610 531 26 1160 1671 403 1865 483 2053 749 816 839 1330 1270 1306 909 525 905 1651 257 525 460
92 1141 1574 219 1211 248 1252 679 1112 1425 1682 568 1884 2173 0 750 409 376 1768 866 755 1584 1590 431 1175 2171 958 323 1720 1829 2187 1126 676 1843 553 1851 196 1611 1602 1625 899 1016 988 1377 1738 1435 655 2032 1783 1817
778 615 1317 653 717 682 717 252 673 1168 993 324 1627 1458 750 0 439 549 1511 381 152 1327 1332 502 755 1681 243 563 1462 1572 1472 599 248 1128 442 1594 630 1354 1344 1368 511 451 487 678 1480 1177 228 1426 1525 1101
436 1018 1633 311 1121 341 1120 443 1077 1484 1370 515 1943 1862 409 439 0 157 1827 785 555 1643 1648 382 1158 2085 646 171 1778 1888 1875 1003 440 1531 321 1910 288 1670 1660 1684 914 855 891 1082 1796 1493 419 1830 1841 1505
403 1116 1549 422 1185 451 1227 554 1086 1400 1481 543 1859 1972 376 549 157 0 1743 841 666 1559 1564 405 1150 2146 757 87 1694 1804 1986 1101 550 1642 431 1826 398 1586 1576 1600 874 965 962 1192 1712 1409 530 1940 1757 1615
1730 988 576 1820 787 1850 829 1584 958 427 1496 1473 339 841 1703 1445 1761 1677 0 1235 1384 586 591 1516 752 626 1246 1624 721 430 830 972 1581 1137 1638 452 1797 126 603 627 1010 1128 1099 842 338 436 1560 785 383 1115
894 623 1107 984 725 1013 725 598 644 957 1002 637 1416 1466 866 381 785 841 1300 0 346 1116 1122 680 707 1689 237 788 1252 1361 1480 607 595 1136 788 1383 961 1143 1134 1157 431 459 495 686 1270 967 574 1434 1315 1109
782 656 1256 770 758 799 758 369 714 1107 1034 441 1566 1499 755 152 555 666 1450 346 0 1265 1271 569 796 1722 284 677 1401 1511 1513 640 365 1169 559 1533 747 1292 1283 1307 551 492 528 719 1419 1116 344 1467 1464 1142
1611 869 101 1702 669 1731 710 1466 839 200 1156 1354 767 738 1584 1327 1643 1559 651 1116 1265 0 116 1397 633 999 1128 1506 186 712 728 854 1462 777 1520 734 1678 494 128 151 892 1009 980 723 621 217 1441 499 665 834
1617 875 84 1707 674 1737 716 1471 845 206 1221 1360 773 804 1590 1332 1648 1564 657 1122 1271 116 0 1403 639 1060 1133 1511 252 718 793 859 1468 842 1525 740 1684 500 49 107 897 1015 986 729 626 223 1447 564 671 899
458 955 1388 548 1024 578 1065 492 925 1238 1434 381 1697 1925 431 502 382 405 1581 680 569 1397 1403 0 988 1984 710 352 1533 1643 1939 939 489 1595 214 1664 525 1424 1415 1439 712 830 801 1145 1551 1248 468 1845 1596 1569
1202 351 624 1293 69 1322 110 971 322 474 851 946 933 1096 1175 755 1158 1150 817 707 796 633 639 988 0 1220 556 1097 769 879 1110 336 968 730 1111 900 1269 660 651 675 483 567 572 235 787 484 947 1065 832 688
2198 1410 1044 2289 1256 2318 1296 1909 1426 895 927 1942 405 324 2171 1693 2096 2146 576 1701 1733 1011 1060 1984 1220 0 1494 2093 882 818 341 1395 1906 638 2099 770 2265 595 1072 1095 1479 1505 1541 1143 806 905 1885 544 812 695
986 416 1118 861 518 890 518 460 474 969 794 532 1428 1259 958 243 646 757 1312 237 284 1128 1133 710 556 1482 0 771 1263 1373 1273 400 456 929 650 1395 838 1155 1145 1169 312 252 288 479 1281 978 435 1227 1326 902
350 1063 1496 436 1132 465 1174 568 1033 1347 1495 490 1806 1986 323 563 171 87 1690 788 677 1506 1511 352 1097 2093 771 0 1641 1751 2000 1048 565 1656 446 1773 413 1533 1523 1547 821 938 909 1206 1659 1356 544 1954 1704 1630
1747 1005 236 1837 804 1867 846 1601 975 336 1027 1490 903 610 1720 1462 1778 1694 787 1252 1401 186 252 1533 769 871 1263 1641 0 752 599 989 1598 648 1655 705 1814 630 264 287 1027 1145 1116 859 747 353 1577 370 746 705
1856 1114 703 1947 914 1976 955 1711 1085 553 1206 1600 611 531 1829 1572 1888 1804 495 1361 1511 712 718 1643 879 807 1373 1751 752 0 520 1099 1707 827 1765 141 1923 338 730 753 1137 1254 1226 968 114 563 1687 475 113 884
2215 1189 778 2090 1076 2119 1075 1689 1248 877 796 1761 677 26 2187 1472 1875 1986 848 1480 1513 728 793 1939 1113 330 1273 2000 599 520 0 1174 1685 417 1879 473 2067 739 805 829 1344 1284 1320 923 515 895 1664 246 514 474
1153 65 844 1218 372 1247 413 816 114 695 696 888 1154 1160 1126 599 1003 1101 1038 607 640 854 859 939 336 1384 400 1048 989 1099 1174 0 813 830 1006 1121 1194 881 871 895 434 412 448 380 1007 704 792 1129 1052 804
703 828 1453 655 930 684 930 45 887 1303 1180 240 1762 1671 676 248 440 550 1646 595 365 1462 1468 489 968 1895 456 565 1598 1707 1685 813 0 1341 443 1729 631 1489 1480 1503 724 664 700 891 1616 1313 64 1640 1661 1315
1870 845 827 1746 695 1775 695 1344 904 879 452 1416 974 403 1843 1128 1531 1642 1145 1136 1169 777 842 1595 733 627 929 1656 648 827 417 830 1341 0 1534 780 1722 1046 854 878 1000 940 976 542 822 889 1320 372 821 94
580 1021 1510 535 1124 565 1123 447 1047 1361 1373 504 1820 1865 553 442 321 431 1704 788 559 1520 1525 214 1111 2088 650 446 1655 1765 1879 1006 443 1534 0 1787 512 1547 1537 1561 835 858 894 1085 1673 1370 422 1833 1718 1508
1878 1136 724 1969 936 1998 977 1733 1106 575 1159 1622 633 483 1851 1594 1910 1826 517 1383 1533 734 740 1664 900 759 1395 1773 705 141 473 1121 1729 780 1787 0 1945 360 752 775 1159 1276 1247 990 136 585 1709 427 135 837
223 1209 1669 45 1305 74 1311 635 1206 1519 1561 662 1978 2053 196 630 288 398 1862 961 747 1678 1684 525 1269 2265 838 413 1814 1923 2067 1194 631 1722 512 1945 0 1705 1696 1719 993 1046 1082 1273 1832 1529 610 2021 1877 1696
1638 896 484 1729 696 1758 737 1493 866 335 1425 1381 308 749 1611 1354 1670 1586 192 1143 1292 494 500 1424 660 595 1155 1533 630 338 739 881 1489 1046 1547 360 1705 0 512 535 919 1036 1007 750 246 344 1468 693 291 1024
1629 887 96 1719 686 1749 728 1483 857 218 1233 1372 785 816 1602 1344 1660 1576 669 1134 1283 128 49 1415 651 1072 1145 1523 264 730 805 871 1480 854 1537 752 1696 512 0 95 909 1027 998 741 638 235 1459 576 683 911
1652 910 78 1743 710 1772 751 1507 881 241 1257 1396 808 839 1625 1368 1684 1600 692 1157 1307 151 107 1439 675 1095 1169 1547 287 753 829 895 1503 878 1561 775 1719 535 95 0 933 1050 1022 764 662 259 1483 600 707 935
926 449 882 1017 518 1046 560 727 419 733 865 670 1192 1330 899 511 914 874 1076 431 551 892 897 712 483 1479 312 821 1027 1137 1344 434 724 1000 835 1159 993 919 909 933 0 146 118 550 1045 742 703 1298 1090 973
1044 427 999 1069 530 1098 529 668 486 850 806 740 1309 1270 1016 451 855 965 1193 459 492 1009 1015 830 567 1494 252 938 1145 1254 1284 412 664 940 858 1276 1046 1036 1027 1050 146 0 123 490 1163 860 644 1239 1208 914
1015 463 971 1105 566 1135 565 704 508 821 842 758 1280 1306 988 487 891 962 1165 495 528 980 986 801 572 1530 288 909 1116 1226 1320 448 700 976 894 1247 1082 1007 998 1022 118 123 0 527 1134 831 680 1275 1179 950
1404 396 714 1296 198 1326 197 895 454 564 775 967 1023 906 1377 678 1082 1192 907 686 719 723 729 1145 235 1129 479 1206 859 968 920 380 891 539 1085 990 1273 750 741 764 550 490 527 0 877 574 871 874 922 498
1765 1023 611 1855 822 1885 864 1619 993 462 1201 1508 520 525 1738 1480 1796 1712 404 1270 1419 621 626 1551 787 801 1281 1659 747 114 515 1007 1616 822 1673 136 1832 246 638 662 1045 1163 1134 877 0 471 1595 469 67 879
1462 719 208 1552 519 1582 561 1316 690 59 1265 1205 618 905 1435 1177 1493 1409 502 967 1116 217 223 1248 484 905 978 1356 353 563 895 704 1313 889 1370 585 1529 344 235 259 742 860 831 574 471 0 1292 666 516 847
682 807 1432 634 910 663 909 68 866 1283 1159 220 1742 1651 655 228 419 530 1626 574 344 1441 1447 468 947 1874 435 544 1577 1687 1664 792 64 1320 422 1709 610 1468 1459 1483 703 644 680 871 1595 1292 0 1619 1640 1294
2059 1144 549 2044 1030 2074 1030 1643 1203 648 751 1715 880 257 2032 1426 1830 1940 850 1434 1467 499 564 1845 1068 533 1227 1954 370 475 246 1129 1640 372 1833 427 2021 693 576 600 1298 1239 1275 877 469 666 1619 0 469 429
1810 1067 656 1900 867 1930 909 1664 1038 507 1200 1553 564 525 1783 1525 1841 1757 448 1315 1464 665 671 1596 832 801 1326 1704 746 113 514 1052 1661 821 1718 135 1877 291 683 707 1090 1208 1179 922 67 516 1640 469 0 878
1841 816 884 1717 654 1746 653 1315 875 838 509 1387 1031 460 1814 1098 1502 1612 1181 1106 1139 834 899 1566 691 684 899 1627 705 884 474 801 1312 94 1505 837 1693 1024 911 935 970 911 947 501 879 847 1291 429 878 0
EOF