NAME : tsp_problem
TYPE : TSP
DIMENSION : 73
EDGE_WEIGHT_TYPE : EXPLICIT
EDGE_WEIGHT_FORMAT : FULL_MATRIX
EDGE_WEIGHT_SECTION
0 1036 1096 479 717 180 540 509 1275 592 1098 1105 894 1139 718 1049 297 468 1260 484 1356 1133 574 855 1553 1382 682 726 1040 887 1024 1383 1356 1313 801 1105 34 348 283 874 1275 386 1382 335 1130 625 714 625 516 1046 541 448 759 355 1314 589 1033 979 476 837 843 732 991 83 30 1350 888 1049 807 458 1472 1040 1225
1036 0 112 1043 1371 1002 679 727 1807 702 1630 121 546 245 602 1580 1156 832 1791 759 2013 1665 794 1715 2084 1913 726 694 1571 539 365 2090 2201 1845 543 1637 1027 1150 946 1734 1806 853 1913 894 1662 738 682 735 1358 1577 1220 1119 500 882 1845 753 49 1838 750 394 495 1263 414 990 1023 1881 1420 65 548 791 2009 192 2084
1096 112 0 1104 1431 1062 739 787 1867 763 1690 28 607 305 662 1641 1217 892 1852 819 2073 1725 854 1775 2145 1974 786 754 1631 599 425 2150 2262 1905 603 1697 1088 1211 1007 1794 1867 913 1973 955 1722 798 742 795 1419 1638 1281 1179 561 943 1906 814 82 1899 811 455 556 1324 475 1050 1084 1942 1480 76 609 851 2070 253 2145
479 1043 1104 0 582 478 692 662 1018 696 841 1112 996 1211 870 791 225 565 1002 492 1224 876 726 749 1295 1124 834 878 782 989 1031 1277 1250 1056 813 848 470 166 436 768 1018 538 1124 488 873 732 866 728 410 789 323 134 770 508 1056 742 1040 873 484 844 945 474 1080 432 466 1092 631 1056 818 524 1220 1158 1118
717 1371 1431 582 0 748 931 900 786 983 609 1440 1285 1530 1109 559 567 859 770 819 992 644 965 702 1064 893 1073 1117 550 1278 1358 1033 1006 824 1140 616 708 508 674 803 786 777 892 726 641 1016 1105 1015 264 557 403 580 1097 746 824 980 1368 577 811 1172 1234 159 1382 671 704 860 399 1384 1146 849 988 1431 823
180 1002 1062 478 748 0 571 540 1241 622 1064 1071 925 1169 748 1014 327 499 1225 450 1386 1099 605 886 1519 1348 712 756 1005 918 989 1414 1387 1279 771 1071 171 378 314 905 1241 417 1347 366 1096 655 745 655 546 1012 572 478 728 386 1280 620 999 1009 442 803 874 698 1022 134 167 1315 854 1015 777 482 1444 1070 1255
540 679 739 692 931 571 0 81 1619 278 1442 748 387 631 210 1392 511 416 1604 437 1570 1477 260 1069 1839 1603 174 218 1383 380 560 1597 1570 1657 294 1449 531 562 300 1088 1619 335 1725 345 1474 311 207 311 729 1390 755 662 251 364 1609 275 676 1193 429 418 336 993 484 494 527 1693 1232 692 299 406 1685 532 1438
509 727 787 662 900 540 81 0 1588 247 1411 796 435 679 259 1362 480 386 1573 406 1539 1446 229 1038 1808 1573 222 267 1353 428 608 1566 1539 1626 342 1418 501 531 270 1057 1588 304 1695 314 1443 280 255 280 699 1359 724 631 299 334 1578 245 724 1162 399 467 384 962 532 463 497 1663 1201 740 347 376 1655 580 1408
1275 1807 1867 1018 786 1241 1619 1588 0 1459 760 1876 1760 1974 1635 710 1184 1328 124 1255 551 794 1551 897 813 585 1761 1727 701 1752 1794 382 493 137 1576 766 1267 1125 1362 999 98 1351 641 1396 791 1495 1715 1492 952 707 925 1093 1534 1380 590 1511 1804 841 1247 1608 1709 652 1844 1229 1263 173 430 1820 1582 1288 301 1922 1239
592 702 763 696 983 622 278 247 1459 0 1282 771 632 870 455 1232 562 336 1444 356 1621 1317 174 1121 1737 1566 419 463 1223 625 690 1649 1622 1497 472 1289 583 613 348 1140 1459 254 1565 296 1314 139 452 115 781 1230 806 713 429 284 1498 134 699 1244 349 503 581 916 729 546 579 1534 1072 715 477 326 1662 777 1490
1098 1630 1690 841 609 1064 1442 1411 760 1282 0 1699 1582 1797 1458 112 1007 1151 744 1078 609 58 1374 975 1037 509 1583 1550 103 1575 1617 719 828 798 1399 30 1090 948 1185 1076 759 1173 866 1219 55 1318 1538 1315 775 110 748 916 1356 1203 441 1333 1627 919 1070 1431 1532 475 1667 1052 1086 834 373 1643 1405 1110 744 1745 1317
1105 121 28 1112 1440 1071 748 796 1876 771 1699 0 615 314 671 1649 1225 901 1860 828 2082 1734 863 1784 2154 1983 795 763 1640 608 434 2159 2270 1914 612 1706 1096 1220 1015 1803 1876 922 1982 964 1731 807 751 804 1427 1647 1289 1188 569 952 1914 823 90 1907 819 464 564 1333 483 1059 1092 1950 1489 85 617 860 2078 261 2153
894 546 607 996 1285 925 387 435 1760 632 1582 615 0 578 470 1533 865 770 1744 711 1924 1617 614 1423 2037 1866 434 478 1524 59 507 1951 1924 1798 496 1589 885 916 654 1442 1759 689 1866 699 1614 665 466 665 1083 1530 1109 1016 453 718 1798 629 543 1547 703 195 112 1216 431 848 881 1834 1372 559 501 744 1962 479 1792
1139 245 305 1211 1530 1169 631 679 1974 870 1797 314 578 0 715 1748 1109 999 1959 926 2168 1832 859 1667 2252 2081 678 723 1739 571 530 2196 2168 2012 711 1804 1130 1160 899 1686 1974 933 2081 943 1829 906 711 902 1328 1745 1353 1260 668 963 2013 874 242 1791 918 562 528 1431 455 1092 1126 2049 1587 258 716 958 2177 145 2037
718 602 662 870 1109 748 210 259 1635 455 1458 671 470 715 0 1408 688 594 1620 587 1747 1493 438 1247 1913 1742 258 217 1399 463 589 1775 1748 1673 130 1465 709 739 478 1266 1635 512 1741 522 1490 488 205 488 907 1406 932 839 166 542 1674 453 599 1370 579 403 419 1092 567 672 705 1710 1248 615 135 584 1838 616 1616
1049 1580 1641 791 559 1014 1392 1362 710 1232 112 1649 1533 1748 1408 0 957 1102 694 1029 559 147 1324 925 988 460 1534 1500 54 1526 1568 669 779 748 1350 119 1040 898 1136 1027 710 1124 816 1169 144 1268 1489 1265 725 60 699 866 1307 1154 392 1284 1577 869 1020 1381 1482 426 1617 1003 1036 784 323 1593 1355 1061 695 1695 1267
297 1156 1217 225 567 327 511 480 1184 562 1007 1225 865 1109 688 957 0 438 1168 459 1206 1042 544 705 1462 1239 652 696 948 857 1038 1233 1206 1222 772 1014 288 93 254 724 1184 357 1290 306 1039 595 684 595 365 955 391 194 729 326 1222 560 1153 828 451 896 814 629 962 251 284 1258 797 1169 777 428 1321 1010 1074
468 832 892 565 859 499 416 386 1328 336 1151 901 770 999 594 1102 438 0 1313 115 1498 1186 374 997 1606 1435 558 602 1093 763 819 1525 1498 1366 601 1158 459 489 215 1016 1328 117 1435 162 1183 368 590 369 657 1099 683 589 559 147 1367 333 829 1120 107 633 720 785 868 422 455 1403 941 845 607 84 1531 916 1366
1260 1791 1852 1002 770 1225 1604 1573 124 1444 744 1860 1744 1959 1620 694 1168 1313 0 1240 576 779 1535 922 797 610 1745 1711 685 1737 1779 407 518 162 1561 751 1251 1109 1347 1024 123 1335 626 1380 776 1479 1700 1476 936 692 910 1077 1518 1365 615 1495 1788 866 1231 1592 1693 637 1828 1214 1247 198 414 1804 1566 1272 326 1906 1264
484 759 819 492 819 450 437 406 1255 356 1078 828 711 926 587 1029 459 115 1240 0 1461 1113 394 1017 1533 1362 578 622 1019 704 746 1538 1518 1293 528 1085 476 510 235 1036 1255 137 1361 183 1110 388 611 389 678 1026 669 567 485 167 1294 354 756 1141 34 560 661 712 795 438 472 1330 868 772 534 49 1458 873 1387
1356 2013 2073 1224 992 1386 1570 1539 551 1621 609 2082 1924 2168 1747 559 1206 1498 576 1461 0 644 1604 538 780 191 1711 1755 550 1917 2000 282 392 468 1782 616 1347 1147 1313 640 482 1416 1032 1365 641 1654 1744 1654 957 556 1096 1219 1739 1385 211 1619 2010 482 1453 1814 1873 858 2021 1310 1343 422 755 2026 1788 1487 308 2069 880
1133 1665 1725 876 644 1099 1477 1446 794 1317 58 1734 1617 1832 1493 147 1042 1186 779 1113 644 0 1409 1009 1072 544 1618 1585 138 1610 1652 753 863 832 1434 65 1124 983 1220 1111 794 1208 901 1254 50 1353 1573 1350 810 105 783 951 1391 1238 476 1368 1662 954 1105 1466 1567 510 1701 1087 1120 869 407 1678 1440 1145 779 1779 1352
574 794 854 726 965 605 260 229 1551 174 1374 863 614 859 438 1324 544 374 1535 394 1604 1409 0 1103 1829 1637 402 446 1315 607 782 1631 1604 1589 521 1381 565 595 334 1122 1551 292 1657 334 1406 228 434 207 763 1322 789 695 479 322 1589 172 791 1227 387 595 563 1008 711 528 561 1625 1164 807 527 364 1719 760 1472
855 1715 1775 749 702 886 1069 1038 897 1121 975 1784 1423 1667 1247 925 705 997 922 1017 538 1009 1103 0 807 571 1210 1255 916 1416 1596 565 538 814 1330 982 846 646 812 139 828 915 1059 864 1007 1154 1243 1153 653 922 792 718 1287 884 577 1118 1712 178 1010 1455 1372 763 1520 809 842 768 1003 1728 1335 987 653 1569 576
1553 2084 2145 1295 1064 1519 1850 1820 813 1737 1037 2154 2037 2252 1913 988 1462 1606 797 1533 791 1072 1829 818 0 825 1992 2005 979 2030 2072 575 479 824 1854 1044 1544 1403 1594 920 813 1628 334 1646 1069 1773 1993 1770 1229 985 1203 1371 1811 1658 830 1788 2082 762 1525 1886 1986 930 2121 1507 1540 778 707 2098 1859 1565 664 2199 1161
1382 1913 1974 1124 893 1348 1603 1573 585 1566 509 1983 1866 2081 1742 460 1239 1435 610 1362 191 544 1637 571 814 0 1745 1789 451 1859 1901 315 425 501 1683 516 1373 1181 1347 673 516 1449 1065 1399 541 1602 1777 1599 990 457 1032 1200 1640 1419 112 1617 1911 515 1354 1715 1815 759 1950 1336 1369 455 656 1927 1688 1394 341 2028 914
682 726 786 834 1073 712 174 222 1761 419 1583 795 434 678 258 1534 652 558 1745 578 1711 1618 402 1210 1980 1745 0 266 1525 427 607 1739 1711 1799 341 1590 673 703 442 1229 1760 476 1867 486 1615 452 254 452 871 1531 896 803 298 506 1750 417 723 1334 571 465 383 1134 531 635 669 1835 1374 739 346 548 1827 579 1580
726 694 754 878 1117 756 218 267 1727 463 1550 763 478 723 217 1500 696 602 1711 622 1755 1585 446 1255 2005 1789 266 0 1491 471 651 1783 1756 1765 300 1557 717 747 486 1274 1727 520 1833 530 1582 496 23 496 915 1498 940 847 258 550 1766 461 691 1378 615 495 427 1178 575 680 713 1801 1340 707 306 592 1871 624 1624
1040 1571 1631 782 550 1005 1383 1353 701 1223 103 1640 1524 1739 1399 54 948 1093 685 1019 550 138 1315 916 979 451 1525 1491 0 1517 1559 660 770 739 1341 110 1031 889 1127 1018 701 1115 807 1160 135 1259 1480 1256 716 51 690 857 1298 1145 383 1275 1568 860 1011 1372 1473 417 1608 994 1027 775 314 1584 1346 1052 686 1686 1258
887 539 599 989 1278 918 380 428 1752 625 1575 608 59 571 463 1526 857 763 1737 704 1917 1610 607 1416 2030 1859 427 471 1517 0 500 1944 1917 1790 489 1582 878 908 647 1435 1752 682 1859 692 1607 658 459 658 1076 1523 1102 1008 446 711 1791 622 536 1540 696 188 105 1209 424 841 874 1827 1365 552 494 736 1955 472 1785
1024 365 425 1031 1358 989 560 608 1794 690 1617 434 507 530 589 1568 1038 819 1779 746 2000 1652 782 1596 2072 1901 607 651 1559 500 0 2078 2097 1832 531 1624 1015 1089 828 1615 1794 840 1901 872 1649 726 640 723 1257 1565 1208 1106 488 870 1833 741 362 1720 738 382 456 1251 194 977 1011 1869 1407 378 536 779 1997 431 1965
1383 2090 2150 1277 1033 1414 1597 1566 382 1649 719 2159 1951 2196 1775 669 1233 1525 407 1538 282 753 1631 565 564 315 1739 1783 660 1944 2078 0 160 298 1858 726 1374 1174 1340 667 313 1443 815 1392 751 1682 1771 1682 984 666 1123 1246 1816 1412 321 1646 2087 509 1530 1891 1900 936 2048 1337 1370 252 713 2103 1864 1515 138 2097 907
1356 2201 2262 1250 1006 1387 1570 1539 493 1622 828 2270 1924 2168 1748 779 1206 1498 518 1518 392 863 1604 538 468 425 1711 1756 770 1917 2097 160 0 410 1831 835 1347 1147 1313 640 424 1416 719 1365 860 1655 1744 1654 957 776 1096 1219 1788 1385 430 1619 2198 482 1511 1956 1873 1047 2021 1310 1343 364 824 2214 1836 1488 249 2070 880
1313 1845 1905 1056 824 1279 1657 1626 137 1497 798 1914 1798 2012 1673 748 1222 1366 162 1293 468 832 1589 814 813 501 1799 1765 739 1790 1832 298 410 0 1614 804 1305 1163 1400 915 67 1389 679 1434 829 1533 1753 1530 990 745 963 1131 1572 1418 507 1549 1842 758 1285 1646 1747 690 1882 1267 1301 90 468 1858 1620 1326 218 1960 1156
801 543 603 813 1140 771 294 342 1576 472 1399 612 496 711 130 1350 772 601 1561 528 1782 1434 521 1330 1854 1683 341 300 1341 489 531 1858 1831 1614 0 1406 792 823 562 1349 1576 596 1683 606 1431 508 289 505 991 1347 990 888 107 625 1615 523 540 1454 520 344 445 1033 580 755 788 1651 1189 556 35 561 1779 658 1699
1105 1637 1697 848 616 1071 1449 1418 766 1289 30 1706 1589 1804 1465 119 1014 1158 751 1085 616 65 1381 982 1044 516 1590 1557 110 1582 1624 726 835 804 1406 0 1096 955 1192 1083 766 1180 873 1226 62 1325 1545 1322 782 117 755 923 1363 1210 448 1340 1634 926 1077 1438 1539 482 1674 1059 1092 841 379 1650 1412 1117 751 1751 1324
34 1027 1088 470 708 171 531 501 1267 583 1090 1096 885 1130 709 1040 288 459 1251 476 1347 1124 565 846 1544 1373 673 717 1031 878 1015 1374 1347 1305 792 1096 0 339 275 865 1266 377 1373 327 1121 616 705 616 507 1037 532 439 750 347 1305 580 1024 970 467 828 835 723 983 74 22 1341 880 1040 798 449 1463 1031 1216
348 1150 1211 166 508 378 562 531 1125 613 948 1220 916 1160 739 898 93 489 1109 510 1147 983 595 646 1403 1181 703 747 889 908 1089 1174 1147 1163 823 955 339 0 305 665 1125 408 1231 357 980 646 736 646 307 896 332 135 780 377 1163 611 1147 770 502 947 865 570 1013 302 335 1199 738 1163 828 479 1263 1061 1016
283 946 1007 436 674 314 300 270 1362 348 1185 1015 654 899 478 1136 254 215 1347 235 1313 1220 334 812 1582 1347 442 486 1127 647 828 1340 1313 1400 562 1192 275 305 0 831 1362 133 1468 78 1217 381 474 381 473 1133 498 405 519 97 1352 346 943 936 228 686 604 736 752 237 271 1437 975 959 567 205 1429 800 1182
874 1734 1794 768 803 905 1088 1057 999 1140 1076 1803 1442 1686 1266 1027 724 1016 1024 1036 640 1111 1122 139 909 673 1229 1274 1018 1435 1615 667 640 915 1349 1083 865 665 831 0 930 934 1160 883 1108 1172 1262 1172 754 1024 830 737 1306 903 678 1137 1731 280 1029 1473 1391 865 1539 828 861 869 1104 1747 1354 1006 755 1587 678
1275 1806 1867 1018 786 1241 1619 1588 98 1459 759 1876 1759 1974 1635 710 1184 1328 123 1255 482 794 1551 828 813 516 1760 1727 701 1752 1794 313 424 67 1576 766 1266 1125 1362 930 0 1350 641 1396 791 1495 1715 1492 952 707 925 1093 1533 1380 521 1510 1804 772 1247 1608 1708 652 1843 1229 1262 104 429 1820 1581 1287 232 1921 1170
386 853 913 538 777 417 335 304 1351 254 1173 922 689 933 512 1124 357 117 1335 137 1416 1208 292 915 1628 1449 476 520 1115 682 840 1443 1416 1389 596 1180 377 408 133 934 1350 0 1457 80 1205 286 509 287 576 1121 601 508 553 65 1389 252 850 1039 130 654 638 807 786 340 373 1425 964 866 601 107 1531 834 1284
1382 1913 1973 1124 892 1347 1725 1695 641 1565 866 1982 1866 2081 1741 816 1290 1435 626 1361 1043 901 1657 1070 334 1076 1867 1833 807 1859 1901 826 730 679 1683 873 1373 1231 1468 1171 641 1457 0 1502 898 1601 1822 1598 1058 813 1031 1199 1640 1487 1081 1617 1910 1014 1353 1714 1815 759 1950 1335 1369 716 536 1926 1688 1394 844 2028 1412
335 894 955 488 726 366 345 314 1396 296 1219 964 699 943 522 1169 306 162 1380 183 1365 1254 334 864 1634 1399 486 530 1160 692 872 1392 1365 1434 606 1226 327 357 78 883 1396 80 1502 0 1251 328 519 329 525 1167 550 457 563 45 1404 293 892 988 175 696 648 788 796 289 323 1470 1009 908 611 152 1481 844 1234
1130 1662 1722 873 641 1096 1474 1443 791 1314 55 1731 1614 1829 1490 144 1039 1183 776 1110 641 50 1406 1007 1069 541 1615 1582 135 1607 1649 751 860 829 1431 62 1121 980 1217 1108 791 1205 898 1251 0 1350 1570 1347 807 102 780 948 1388 1235 473 1365 1659 951 1102 1463 1564 507 1699 1084 1117 866 404 1675 1437 1142 776 1776 1349
625 738 798 732 1016 655 311 280 1495 139 1318 807 665 906 488 1268 595 368 1479 388 1654 1353 228 1154 1773 1602 452 496 1259 658 726 1682 1655 1533 508 1325 616 646 381 1172 1495 286 1601 328 1350 0 485 172 814 1266 839 746 465 316 1533 187 735 1277 381 539 614 952 762 579 612 1569 1108 751 513 358 1698 810 1523
714 682 742 866 1105 745 207 255 1715 452 1538 751 466 711 205 1489 684 590 1700 611 1744 1573 434 1243 1993 1777 254 23 1480 459 640 1771 1744 1753 289 1545 705 736 474 1262 1715 509 1822 519 1570 485 0 485 903 1486 929 836 246 538 1754 449 679 1367 603 483 416 1167 564 668 701 1790 1328 695 294 580 1859 612 1612
625 735 795 728 1015 655 311 280 1492 115 1315 804 665 902 488 1265 595 369 1476 389 1654 1350 207 1153 1770 1599 452 496 1256 658 723 1682 1654 1530 505 1322 616 646 381 1172 1492 287 1598 329 1347 172 485 0 814 1263 839 746 462 317 1530 167 732 1277 381 536 614 949 762 578 612 1566 1105 748 510 358 1694 810 1523
516 1358 1419 410 264 546 729 699 952 781 775 1427 1083 1328 907 725 365 657 936 678 954 810 763 650 1223 987 871 915 716 1076 1257 981 954 990 991 782 507 307 473 752 952 576 1058 525 807 814 903 814 0 722 171 379 948 545 990 779 1355 525 670 1115 1033 325 1181 469 503 1026 565 1371 996 647 1070 1229 771
1046 1577 1638 789 557 1012 1390 1359 707 1230 110 1647 1530 1745 1406 60 955 1099 692 1026 556 105 1322 922 985 457 1531 1498 51 1523 1565 666 776 745 1347 117 1037 896 1133 1024 707 1121 813 1167 102 1266 1486 1263 722 0 696 864 1304 1151 389 1281 1575 867 1018 1379 1479 423 1614 1000 1033 782 320 1591 1352 1058 692 1692 1265
541 1220 1281 323 403 572 755 724 925 806 748 1289 1109 1353 932 699 391 683 910 669 1093 783 789 789 1203 1032 896 940 690 1102 1208 1121 1093 963 990 755 532 332 498 830 925 601 1031 550 780 839 929 839 171 696 0 398 947 570 964 804 1217 664 661 1021 1058 382 1206 495 528 1000 538 1233 995 673 1128 1254 910
448 1119 1179 134 580 478 662 631 1093 713 916 1188 1016 1260 839 866 194 589 1077 567 1219 951 695 718 1371 1200 803 847 857 1008 1106 1246 1219 1131 888 923 439 135 405 737 1093 508 1199 457 948 746 836 746 379 864 398 0 845 477 1132 711 1116 842 559 920 965 550 1113 402 435 1167 706 1132 894 579 1296 1161 1088
759 500 561 770 1097 728 251 299 1534 429 1356 569 453 668 166 1307 729 559 1518 485 1739 1391 479 1287 1811 1640 298 258 1298 446 488 1816 1788 1572 107 1363 750 780 519 1306 1533 553 1640 563 1388 465 246 462 948 1304 947 845 0 583 1572 480 497 1411 477 301 402 990 537 712 746 1608 1147 513 112 518 1736 615 1657
355 882 943 508 746 386 364 334 1380 284 1203 952 718 963 542 1154 326 147 1365 167 1385 1238 322 884 1654 1419 506 550 1145 711 870 1412 1385 1418 625 1210 347 377 97 903 1380 65 1487 45 1235 316 538 317 545 1151 570 477 583 0 1419 281 880 1008 159 684 668 808 816 309 343 1455 993 896 631 136 1501 864 1254
1314 1845 1906 1056 824 1280 1609 1578 590 1498 441 1914 1798 2013 1674 392 1222 1367 615 1294 211 476 1589 577 819 112 1750 1766 383 1791 1833 321 430 507 1615 448 1305 1163 1352 678 521 1389 1070 1404 473 1533 1754 1530 990 389 964 1132 1572 1419 0 1549 1842 521 1285 1646 1747 691 1882 1268 1301 461 588 1858 1620 1326 347 1960 919
589 753 814 742 980 620 275 245 1511 134 1333 823 629 874 453 1284 560 333 1495 354 1619 1368 172 1118 1788 1617 417 461 1275 622 741 1646 1619 1549 523 1340 580 611 346 1137 1510 252 1617 293 1365 187 449 167 779 1281 804 711 480 281 1549 0 751 1242 346 555 579 967 727 543 576 1585 1124 767 528 323 1713 775 1488
1033 49 82 1040 1368 999 676 724 1804 699 1627 90 543 242 599 1577 1153 829 1788 756 2010 1662 791 1712 2082 1911 723 691 1568 536 362 2087 2198 1842 540 1634 1024 1147 943 1731 1804 850 1910 892 1659 735 679 732 1355 1575 1217 1116 497 880 1842 751 0 1835 747 392 492 1260 411 987 1020 1878 1417 34 545 788 2006 189 2081
976 1835 1896 870 577 1006 1190 1159 841 1241 919 1904 1544 1788 1367 869 825 1117 866 1138 482 954 1223 178 751 515 1331 1375 860 1537 1717 509 482 758 1451 926 967 767 933 280 772 1036 1003 985 951 1274 1364 1274 528 867 667 839 1408 1005 521 1239 1832 0 1130 1575 1493 639 1641 930 963 712 878 1848 1456 1107 598 1689 451
476 750 811 484 811 442 429 399 1247 349 1070 819 703 918 579 1020 451 107 1231 34 1453 1105 387 1010 1525 1354 571 615 1011 696 738 1530 1511 1285 520 1077 467 502 228 1029 1247 130 1353 175 1102 381 603 381 670 1018 661 559 477 159 1285 346 747 1133 0 551 652 704 787 430 463 1321 860 763 525 67 1449 865 1379
837 394 455 844 1172 803 418 467 1608 503 1431 464 195 562 403 1381 896 633 1592 560 1814 1466 595 1455 1886 1715 465 495 1372 188 382 1891 1956 1646 344 1438 828 947 686 1473 1608 654 1714 696 1463 539 483 536 1115 1379 1021 920 301 684 1646 555 392 1578 551 0 144 1065 431 791 824 1682 1221 408 349 592 1810 509 1824
843 495 556 945 1234 874 336 384 1709 581 1532 564 112 528 419 1482 814 720 1693 661 1873 1567 563 1372 1986 1815 383 427 1473 105 456 1900 1873 1747 445 1539 835 865 604 1391 1708 638 1815 648 1564 614 416 614 1033 1479 1058 965 402 668 1747 579 492 1496 652 144 0 1165 380 797 831 1783 1322 508 450 693 1911 429 1742
732 1263 1324 474 159 698 993 962 652 916 475 1333 1216 1431 1092 426 629 785 637 712 858 510 1008 763 930 759 1134 1178 417 1209 1251 936 1047 690 1033 482 723 570 736 865 652 807 759 788 507 952 1167 949 325 423 382 550 990 808 691 967 1260 639 704 1065 1165 0 1300 686 719 727 265 1277 1038 744 855 1378 884
991 414 475 1080 1382 1022 484 532 1844 729 1667 483 431 455 567 1617 962 868 1828 795 2021 1701 711 1520 2121 1950 531 575 1608 424 194 2048 2021 1882 580 1674 983 1013 752 1539 1843 786 1950 796 1699 762 564 762 1181 1614 1206 1113 537 816 1882 727 411 1644 787 431 380 1300 0 945 979 1918 1457 427 585 828 2046 356 1890
83 990 1050 432 671 134 494 463 1229 546 1052 1059 848 1092 672 1003 251 422 1214 438 1310 1087 528 809 1507 1336 635 680 994 841 977 1337 1310 1267 755 1059 74 302 237 828 1229 340 1335 289 1084 579 668 578 469 1000 495 402 712 309 1268 543 987 933 430 791 797 686 945 0 70 1304 842 1003 760 412 1425 993 1178
30 1023 1084 466 704 167 527 497 1263 579 1086 1092 881 1126 705 1036 284 455 1247 472 1343 1120 561 842 1540 1369 669 713 1027 874 1011 1370 1343 1301 788 1092 22 335 271 861 1262 373 1369 323 1117 612 701 612 503 1033 528 435 746 343 1301 576 1020 966 463 824 831 719 979 70 0 1337 876 1036 794 445 1459 1027 1212
1350 1881 1942 1092 860 1315 1693 1663 173 1534 834 1950 1834 2049 1710 784 1258 1403 198 1330 422 869 1625 768 767 455 1835 1801 775 1827 1869 252 364 90 1651 841 1341 1199 1437 869 104 1425 716 1470 866 1569 1790 1566 1026 782 1000 1167 1608 1455 461 1585 1878 712 1321 1682 1783 727 1918 1304 1337 0 504 1894 1656 1362 172 1996 1110
888 1420 1480 631 399 854 1232 1201 430 1072 373 1489 1372 1587 1248 323 797 941 414 868 755 407 1164 1003 707 656 1374 1340 314 1365 1407 713 824 468 1189 379 880 738 975 1104 429 964 536 1009 404 1108 1328 1105 565 320 538 706 1147 993 588 1124 1417 878 860 1221 1322 265 1457 842 876 504 0 1433 1195 901 632 1535 1124
1049 65 76 1056 1384 1015 692 740 1820 715 1643 85 559 258 615 1593 1169 845 1804 772 2026 1678 807 1728 2098 1927 739 707 1584 552 378 2103 2214 1858 556 1650 1040 1163 959 1747 1820 866 1926 908 1675 751 695 748 1371 1591 1233 1132 513 896 1858 767 34 1851 763 408 508 1277 427 1003 1036 1894 1433 0 561 804 2022 205 2097
807 548 609 818 1146 777 299 347 1582 477 1405 617 501 716 135 1355 777 607 1566 534 1788 1440 527 1335 1859 1688 346 306 1346 494 536 1864 1836 1620 35 1412 798 828 567 1354 1581 601 1688 611 1437 513 294 510 996 1352 995 894 112 631 1620 528 545 1459 525 349 450 1038 585 760 794 1656 1195 561 0 566 1784 663 1705
458 791 851 524 849 482 406 376 1288 326 1110 860 744 958 584 1061 428 84 1272 49 1487 1145 364 987 1565 1394 548 592 1052 736 779 1515 1488 1326 561 1117 449 479 205 1006 1287 107 1394 152 1142 358 580 358 647 1058 673 579 518 136 1326 323 788 1110 67 592 693 744 828 412 445 1362 901 804 566 0 1490 906 1356
1472 2009 2070 1220 988 1444 1685 1655 301 1662 744 2078 1962 2177 1838 695 1321 1531 326 1458 308 779 1719 653 653 341 1827 1871 686 1955 1997 138 249 218 1779 751 1463 1263 1429 755 232 1531 844 1481 776 1698 1859 1694 1072 692 1128 1296 1736 1501 347 1713 2006 598 1449 1810 1911 855 2046 1425 1459 172 632 2022 1784 1490 0 2124 996
1040 192 253 1158 1431 1070 532 580 1922 777 1745 261 479 145 616 1695 1010 916 1906 873 2069 1779 760 1569 2199 2028 579 624 1686 472 431 2097 2070 1960 658 1751 1031 1061 800 1587 1921 834 2028 844 1776 810 612 810 1229 1692 1254 1161 615 864 1960 775 189 1692 865 509 429 1378 356 993 1027 1996 1535 205 663 906 2124 0 1938
1222 2081 2142 1115 823 1252 1435 1405 1239 1487 1317 2150 1789 2034 1613 1267 1071 1363 1264 1384 880 1352 1469 576 1149 914 1577 1621 1258 1782 1962 907 880 1156 1696 1324 1213 1013 1179 678 1170 1281 1401 1231 1349 1520 1609 1520 774 1265 913 1085 1654 1251 919 1485 2078 451 1376 1821 1739 884 1887 1175 1209 1110 1124 2094 1702 1353 996 1935 0
EOF
