NAME : tsp_problem
TYPE : TSP
DIMENSION : 88
EDGE_WEIGHT_TYPE : EXPLICIT
EDGE_WEIGHT_FORMAT : FULL_MATRIX
EDGE_WEIGHT_SECTION
0 1489 1557 725 1493 1050 1221 156 1164 1046 889 768 1090 555 738 1234 737 1031 1025 1312 1573 713 51 723 849 763 1421 1034 991 676 1455 657 649 493 954 1525 647 1007 905 1008 461 1292 1050 1173 231 501 721 1326 892 1730 1204 648 415 870 890 882 722 1732 535 956 907 697 449 1489 808 44 1142 1063 854 820 920 812 1120 1410 233 1198 857 1001 1255 1232 692 1560 865 913 1327 1030 1739 121
1489 0 115 1079 109 851 502 1599 733 848 780 1265 659 1860 1113 514 928 1883 1677 522 320 1067 1495 941 945 1137 389 773 1643 1031 392 984 976 1936 1723 82 1203 1421 1557 1660 1904 502 852 742 1294 1944 1075 536 1150 389 485 975 1859 1871 1756 979 939 392 1978 1608 1813 1324 1892 47 904 1487 423 1914 949 916 1827 2086 689 378 1296 479 953 1415 536 513 1749 118 994 1749 537 861 399 1416
1557 115 0 1134 177 863 570 1667 755 860 848 1277 726 1872 1181 582 995 1895 1690 534 388 1122 1562 1008 974 1205 457 785 1655 1099 404 1052 1044 2004 1736 95 1270 1434 1569 1673 1965 514 864 764 1361 2012 1130 548 1163 401 553 1043 1926 1883 1768 1007 1007 404 2019 1621 1826 1336 1960 115 972 1555 491 1927 962 984 1839 2098 757 446 1364 547 1021 1427 604 581 1762 130 1006 1761 549 874 411 1483
725 1079 1134 0 1083 640 811 835 754 636 479 552 680 1147 348 824 327 1170 964 868 1163 51 730 210 439 373 1011 582 929 266 918 143 136 1172 1010 1086 438 708 843 947 1140 847 641 763 529 1180 59 882 437 1131 794 134 1094 1158 1043 472 208 1134 1213 895 1100 573 1128 1079 398 723 732 1201 444 410 1114 1373 711 1000 531 789 447 701 845 822 1036 1122 247 1036 883 620 1141 651
1493 109 177 1083 0 884 506 1603 736 881 784 1327 662 1922 1116 518 931 1945 1740 584 324 1071 1498 944 949 1141 392 835 1705 1035 427 987 980 1940 1786 144 1206 1484 1619 1723 1908 564 885 745 1297 1948 1079 598 1212 451 489 978 1862 1933 1818 982 942 454 1982 1671 1876 1341 1896 109 907 1491 427 1977 954 920 1889 2148 693 382 1299 483 956 1477 540 516 1812 180 1056 1811 599 864 461 1419
1050 851 863 640 884 0 612 1159 423 36 195 802 349 1397 673 625 488 1420 1215 596 964 627 1055 501 499 697 745 120 1180 591 646 544 536 1496 1261 815 763 959 1094 1198 1464 576 40 432 854 1504 636 610 688 859 595 535 1419 1408 1294 533 499 862 1538 1146 1351 861 1452 851 464 1047 533 1452 487 476 1364 1624 435 784 856 589 513 952 646 623 1287 850 531 1287 611 171 869 976
1221 502 570 811 506 612 0 1331 464 609 512 1062 390 1657 845 77 659 1680 1474 156 586 799 1226 672 677 869 433 570 1440 763 369 716 708 1668 1520 537 934 1218 1354 1457 1636 136 613 473 1026 1676 807 170 947 582 132 707 1590 1668 1553 710 671 585 1710 1405 1610 1070 1624 502 636 1219 122 1711 682 648 1624 1883 421 423 1028 126 685 1212 183 160 1546 573 791 1546 171 593 592 1147
156 1599 1667 835 1603 1159 1331 0 1274 1156 999 661 1200 468 631 1343 847 945 939 1422 1683 823 161 833 959 656 1530 1144 904 723 1565 767 759 406 867 1634 540 900 818 921 374 1402 1160 1283 341 414 831 1436 785 1839 1314 758 329 783 803 992 832 1842 448 870 820 590 362 1599 917 154 1252 976 964 930 833 725 1230 1520 343 1308 967 894 1365 1342 605 1670 948 826 1437 1140 1849 231
1164 733 755 754 736 423 464 1274 0 420 323 955 140 1550 787 477 602 1572 1367 488 816 742 1169 615 620 812 637 408 1332 706 538 658 650 1611 1413 706 877 1111 1246 1350 1579 468 424 47 968 1619 750 502 840 751 447 649 1533 1560 1446 653 613 754 1653 1298 1503 1012 1567 733 578 1162 385 1604 625 591 1516 1776 226 653 970 442 627 1104 498 475 1439 742 684 1439 503 403 761 1090
1046 848 860 636 881 36 609 1156 420 0 192 799 346 1394 670 621 485 1417 1212 593 961 624 1052 498 496 694 742 117 1177 588 643 541 533 1493 1258 812 760 956 1091 1195 1461 573 37 429 851 1501 632 607 685 856 592 532 1416 1405 1290 530 496 859 1535 1143 1348 858 1449 848 461 1044 530 1449 484 473 1361 1620 432 781 853 586 510 949 643 620 1284 847 528 1284 608 168 866 973
889 780 848 479 784 195 512 999 323 192 0 808 249 1398 512 524 327 1455 1250 603 864 467 894 340 344 537 711 180 1215 430 680 383 375 1336 1296 815 602 993 1129 1232 1304 583 196 332 693 1344 475 617 722 893 495 374 1258 1443 1328 378 338 896 1377 1180 1386 737 1292 780 303 887 433 1487 350 315 1399 1654 335 701 695 489 352 987 546 523 1321 851 566 1321 618 175 902 815
768 1265 1277 552 1327 802 1062 661 955 799 808 0 934 704 406 1074 657 727 522 1010 1378 540 773 643 656 425 1159 725 487 498 1061 576 569 1018 568 1229 315 265 401 504 797 990 803 964 850 978 548 1025 177 1274 1123 567 907 715 600 690 641 1277 851 453 658 111 974 1265 680 766 1061 759 644 692 671 930 1021 1198 852 1118 729 259 1174 1151 593 1264 339 593 1026 814 1283 843
1090 659 726 680 662 349 390 1200 140 346 249 934 0 1529 713 403 528 1552 1347 468 742 668 1095 541 546 738 590 334 1312 632 518 584 576 1537 1393 686 803 1091 1226 1330 1505 447 350 149 894 1545 676 482 820 731 373 575 1459 1540 1425 579 539 734 1579 1278 1483 938 1493 659 504 1088 311 1584 551 517 1496 1755 152 579 896 368 553 1084 424 401 1419 722 663 1419 483 329 741 1016
555 1860 1872 1147 1922 1397 1657 468 1550 1394 1398 704 1529 0 1030 1669 1246 1013 501 1605 1973 1135 560 1232 1251 1020 1754 1320 466 1142 1656 1166 1158 412 429 1824 959 601 380 483 123 1585 1398 1559 739 335 1143 1620 772 1869 1713 1157 233 532 552 1285 1231 1872 177 432 569 789 301 1860 1275 553 1651 1044 1239 1287 582 793 1616 1793 742 1707 1324 487 1764 1741 167 1859 934 576 1621 1409 1878 630
735 1113 1181 348 1116 673 845 628 787 670 512 406 713 1030 0 857 361 1052 847 935 1196 336 740 347 472 53 1044 658 812 202 1070 281 273 985 893 1148 200 591 726 830 953 915 674 796 562 993 344 950 314 1283 828 272 908 1041 926 506 345 1286 1027 778 983 335 942 1113 431 733 766 1084 477 443 996 1256 744 1033 565 822 480 584 879 855 919 1183 349 919 951 653 1293 684
1234 514 582 824 518 625 77 1343 477 621 524 1074 403 1669 857 0 672 1692 1487 168 598 811 1239 685 689 881 445 582 1452 775 381 728 720 1680 1533 549 947 1231 1366 1469 1648 148 626 486 1038 1688 820 182 959 594 144 719 1603 1680 1565 723 683 597 1722 1418 1623 1082 1637 514 648 1231 135 1724 694 660 1636 1895 433 435 1040 139 697 1224 195 172 1558 585 803 1558 183 605 604 1160
737 928 995 327 931 488 659 847 602 485 327 657 528 1246 361 672 0 1357 1152 750 1011 315 742 188 168 385 859 473 1117 279 862 232 224 1184 1198 963 451 896 1031 1135 1152 730 489 611 542 1192 323 764 646 1075 642 223 1107 1346 1231 201 187 1078 1226 1083 1288 586 1140 928 126 735 580 1389 173 139 1301 1503 559 848 544 637 176 889 693 670 1224 998 467 1224 765 468 1085 664
1043 1883 1895 1170 1945 1420 1680 956 1572 1417 1455 727 1552 1024 1052 1692 1357 0 880 1628 1996 1157 1048 1272 1274 1043 1777 1342 846 1199 1678 1206 1198 677 926 1847 1016 504 759 863 930 1608 1421 1581 1227 726 1166 1643 794 1891 1747 1197 884 672 558 1308 1271 1894 1004 811 615 812 918 1883 1298 1041 1737 107 1262 1310 628 303 1638 1816 1229 1741 1347 617 1798 1774 952 1882 957 551 1643 1431 1901 1117
1025 1677 1690 964 1740 1215 1474 939 1367 1212 1250 522 1347 501 847 1487 1152 880 0 1423 1791 952 1030 1067 1069 838 1572 1137 81 994 1473 1001 993 882 364 1641 810 419 175 59 594 1403 1216 1376 1210 805 960 1437 589 1686 1541 991 704 868 753 1102 1066 1689 647 88 811 606 772 1678 1092 1023 1532 912 1056 1105 824 1083 1433 1611 1212 1536 1142 304 1592 1569 390 1677 752 747 1438 1226 1696 1100
1312 522 534 868 584 596 156 1422 488 593 603 1010 468 1605 935 168 750 1628 1423 0 635 856 1317 763 707 960 416 518 1388 854 317 807 799 1759 1469 486 1025 1167 1302 1406 1698 84 597 497 1116 1767 864 40 896 531 223 797 1681 1616 1501 741 762 533 1752 1354 1559 1069 1715 522 726 1310 213 1660 695 739 1572 1832 512 455 1118 217 776 1160 274 251 1495 521 739 1495 41 607 540 1238
1573 320 388 1163 324 964 586 1683 816 961 864 1378 742 1973 1196 598 1011 1996 1791 635 0 1151 1578 1024 1029 1221 472 886 1756 1115 505 1068 1060 2020 1837 355 1286 1535 1670 1773 1988 615 965 825 1377 2028 1159 649 1263 202 569 1058 1942 1984 1869 1062 1023 205 2062 1722 1927 1421 1976 320 987 1571 507 2028 1034 1000 1940 2199 773 462 1379 563 1037 1528 620 596 1863 391 1107 1862 650 944 212 1499
713 1067 1122 51 1071 627 799 823 742 624 467 540 668 1135 336 811 315 1157 952 856 1151 0 718 198 427 361 998 570 917 254 906 131 123 1160 998 1074 426 696 831 935 1127 835 628 751 517 1168 47 870 425 1119 782 122 1082 1146 1031 460 196 1122 1201 883 1088 561 1116 1067 385 711 720 1189 432 398 1101 1361 698 988 519 776 435 689 833 810 1024 1109 235 1024 871 608 1128 639
51 1495 1562 730 1498 1055 1226 161 1169 1052 894 773 1095 560 743 1239 742 1036 1030 1317 1578 718 0 729 854 768 1426 1039 996 681 1460 662 654 498 959 1530 652 1012 910 1013 466 1297 1056 1178 236 506 726 1331 897 1735 1209 653 420 875 895 887 727 1737 540 961 912 702 454 1495 813 49 1147 1068 859 825 925 817 1126 1415 238 1204 862 1006 1260 1237 697 1565 870 918 1332 1035 1744 126
723 941 1008 210 944 501 672 833 615 498 340 643 541 1232 347 685 188 1272 1067 763 1024 198 729 0 300 371 872 485 1032 265 906 113 105 1170 1113 976 437 811 946 1050 1138 743 502 624 528 1178 206 777 540 1181 655 104 1093 1261 1146 333 68 1183 1212 998 1203 572 1126 941 259 721 593 1304 305 271 1216 1476 572 861 530 650 308 804 706 683 1139 1011 350 1139 778 481 1190 650
849 945 974 439 949 499 677 959 620 496 344 656 546 1251 472 689 168 1274 1069 707 1029 427 854 300 0 497 856 421 1034 390 757 343 335 1296 1115 926 562 813 948 1051 1264 687 500 629 653 1304 435 721 541 970 660 334 1218 1262 1147 76 298 973 1337 1000 1205 697 1252 945 87 847 598 1306 68 99 1218 1477 576 866 655 654 136 806 711 688 1141 961 385 1140 722 486 980 775
760 1137 1205 373 1141 697 869 653 812 694 537 425 738 1020 53 881 385 1043 838 960 1221 361 765 371 497 0 1068 682 803 227 1061 305 297 1010 884 1172 225 582 717 820 978 940 698 821 587 1018 369 974 304 1274 852 296 933 1031 916 530 370 1277 1052 769 974 360 966 1137 455 758 790 1075 502 468 987 1246 768 1058 589 846 505 575 903 880 910 1208 340 909 975 678 1284 709
1421 389 457 1011 392 745 433 1530 637 742 711 1159 590 1754 1044 445 859 1777 1572 416 472 998 1426 872 856 1068 0 667 1537 962 134 915 907 1867 1618 424 1134 1316 1451 1555 1835 396 746 646 1225 1875 1007 431 1045 500 416 906 1790 1765 1650 890 870 502 1901 1503 1708 1218 1823 389 835 1418 354 1809 844 847 1721 1980 620 138 1227 410 884 1309 467 444 1644 459 888 1644 432 756 509 1347
1034 773 785 582 835 120 570 1144 408 117 180 725 334 1320 658 582 473 1342 1137 518 886 570 1039 485 421 682 667 0 1102 576 568 529 521 1481 1183 737 748 881 1016 1120 1413 498 121 417 839 1489 578 532 610 781 580 520 1404 1331 1216 455 484 784 1466 1068 1273 783 1437 773 445 1032 518 1374 409 457 1286 1546 420 706 841 574 494 874 631 608 1209 772 454 1209 533 156 791 961
991 1643 1655 929 1705 1180 1440 904 1332 1177 1215 487 1312 466 812 1452 1117 846 81 1388 1756 917 996 1032 1034 803 1537 1102 0 959 1438 966 958 847 329 1607 776 384 140 64 559 1368 1181 1341 1175 771 925 1402 554 1651 1507 957 669 834 719 1067 1031 1654 613 54 776 572 737 1643 1058 989 1497 877 1022 1070 790 1049 1398 1576 1177 1501 1107 269 1558 1534 355 1642 717 712 1403 1191 1661 1065
676 1031 1099 266 1035 591 763 720 706 588 430 498 632 1139 202 775 279 1199 994 854 1115 254 681 265 390 227 962 576 959 0 997 199 191 1077 1040 1066 292 737 873 976 1045 834 592 715 481 1085 262 868 488 1271 746 190 1000 1187 1072 424 264 1274 1119 924 1130 427 1033 1031 349 674 684 1231 395 361 1143 1396 662 952 483 740 398 731 797 774 1065 1102 406 1065 869 572 1281 603
1455 392 404 918 427 646 369 1565 538 643 680 1061 518 1656 1070 381 862 1678 1473 317 505 906 1460 906 757 1061 134 568 1438 997 0 950 942 1902 1519 356 1168 1217 1352 1456 1748 297 647 547 1259 1910 914 332 946 401 436 940 1824 1666 1552 791 905 404 1802 1404 1609 1119 1858 392 781 1453 389 1710 745 793 1622 1882 604 173 1261 430 830 1210 487 464 1545 392 790 1545 333 657 410 1381
657 984 1052 143 987 544 716 767 658 541 383 576 584 1166 281 728 232 1206 1001 807 1068 131 662 113 343 305 915 529 966 199 950 0 39 1104 1047 1019 370 744 880 983 1072 786 545 668 462 1112 139 821 473 1167 699 38 1026 1194 1079 377 112 1170 1146 931 1137 506 1060 984 302 655 637 1238 348 314 1150 1409 615 904 464 693 351 738 750 727 1072 1055 283 1072 822 524 1177 583
649 976 1044 136 980 536 708 759 650 533 375 569 576 1158 273 720 224 1198 993 799 1060 123 654 105 335 297 907 521 958 191 942 39 0 1096 1039 1011 363 736 872 975 1064 779 537 660 454 1104 131 813 465 1159 691 30 1018 1186 1071 369 104 1162 1138 924 1129 498 1052 976 294 647 629 1230 340 306 1142 1401 607 897 456 685 343 730 742 719 1064 1047 276 1064 814 517 1169 575
493 1936 2004 1172 1940 1496 1668 406 1611 1493 1336 1018 1537 412 988 1680 1184 666 882 1759 2020 1160 498 1170 1296 1013 1867 1481 847 1080 1902 1104 1096 0 811 1971 897 832 761 865 318 1739 1497 1620 678 99 1168 1773 1122 2176 1651 1095 274 469 489 1329 1169 2179 392 813 506 947 324 1936 1254 491 1589 698 1301 1267 519 446 1567 1857 680 1645 1304 868 1702 1679 549 2007 1285 512 1774 1477 2186 568
954 1723 1736 1010 1786 1261 1520 867 1413 1258 1296 568 1393 429 893 1533 1198 926 364 1469 1837 998 959 1113 1115 884 1618 1183 329 1040 1519 1047 1039 811 0 1687 856 465 243 347 522 1449 1262 1422 1139 734 1006 1483 635 1732 1587 1037 632 914 799 1148 1112 1735 576 295 857 652 700 1723 1138 952 1578 958 1102 1151 870 1129 1479 1657 1141 1582 1188 350 1638 1615 319 1723 798 793 1484 1272 1742 1029
1525 82 95 1086 144 815 537 1634 706 812 815 1229 686 1824 1148 549 963 1847 1641 486 355 1074 1530 976 926 1172 424 737 1607 1066 356 1019 1011 1971 1687 0 1238 1385 1521 1624 1917 466 816 715 1329 1979 1082 500 1114 353 520 1010 1894 1835 1720 959 974 356 1971 1572 1777 1288 1927 82 939 1522 458 1878 913 951 1791 2050 724 413 1331 514 988 1379 571 548 1713 82 958 1713 501 826 363 1451
574 1293 1360 528 1296 853 1025 467 967 850 692 320 893 886 290 1037 541 1021 816 1115 1376 516 579 527 652 315 1224 838 781 382 1258 460 453 824 862 1328 0 559 695 798 792 1095 854 976 656 832 524 1129 444 1533 1007 451 747 1009 894 685 525 1536 866 746 952 249 780 1293 611 572 945 1053 657 623 965 1143 924 1213 658 1002 660 553 1058 1035 887 1363 607 887 1130 833 1542 649
1007 1421 1434 708 1484 959 1218 900 1111 956 993 265 1091 601 591 1231 896 504 419 1167 1535 696 1012 811 813 582 1316 881 384 737 1217 744 736 832 465 1385 554 0 298 401 694 1147 960 1120 1089 755 704 1181 333 1430 1285 735 804 492 377 846 809 1433 748 350 435 350 872 1421 836 1005 1275 536 800 848 448 707 1177 1355 1092 1279 885 156 1336 1313 491 1421 496 371 1182 970 1440 1082
905 1557 1569 843 1619 1094 1354 818 1246 1091 1129 401 1226 380 726 1366 1031 759 175 1302 1670 831 910 946 948 717 1451 1016 140 873 1352 880 872 761 243 1521 690 298 0 158 473 1282 1095 1255 1089 685 839 1316 468 1565 1421 871 583 748 633 981 945 1568 527 106 690 486 651 1557 972 902 1411 791 936 984 703 963 1312 1490 1091 1415 1021 183 1472 1448 269 1556 631 626 1317 1105 1575 979
1008 1660 1673 947 1723 1198 1457 921 1350 1195 1232 504 1330 483 830 1469 1135 863 59 1406 1773 935 1013 1050 1051 820 1555 1120 64 976 1456 983 975 865 347 1624 793 401 158 0 576 1385 1199 1359 1193 788 943 1420 572 1669 1524 974 686 851 736 1085 1048 1672 630 71 794 589 754 1660 1075 1006 1514 895 1039 1087 807 1066 1416 1594 1195 1518 1124 287 1575 1552 373 1660 735 729 1421 1209 1679 1083
461 1904 1965 1140 1908 1464 1636 374 1579 1461 1304 797 1505 123 956 1648 1152 919 594 1698 1988 1127 466 1138 1264 981 1835 1413 559 1048 1748 1072 1064 318 522 1917 865 694 473 576 0 1678 1465 1588 645 241 1136 1713 865 1962 1619 1063 139 438 458 1297 1137 1964 103 525 475 882 207 1904 1222 459 1557 950 1269 1235 488 699 1535 1825 648 1613 1271 580 1670 1647 260 1952 1027 481 1714 1445 1971 536
1292 502 514 847 564 576 136 1402 468 573 583 990 447 1585 915 148 730 1608 1403 84 615 835 1297 743 687 940 396 498 1368 834 297 786 779 1739 1449 466 1005 1147 1282 1385 1678 0 577 477 1096 1747 843 98 875 510 203 777 1661 1596 1481 720 741 513 1732 1334 1539 1049 1695 502 706 1290 193 1640 675 719 1552 1811 492 435 1098 197 756 1140 254 230 1474 501 719 1474 99 587 520 1218
1050 852 864 641 885 40 613 1160 424 37 196 803 350 1398 674 626 489 1421 1216 597 965 628 1056 502 500 698 746 121 1181 592 647 545 537 1497 1262 816 764 960 1095 1199 1465 577 0 433 855 1505 636 611 689 860 596 536 1420 1409 1294 534 500 863 1539 1147 1352 862 1453 852 465 1048 534 1453 488 477 1365 1624 436 785 857 590 514 953 647 624 1288 851 532 1288 612 172 870 977
1173 742 764 763 745 432 473 1283 47 429 332 964 149 1559 796 486 611 1581 1376 497 825 751 1178 624 629 821 646 417 1341 715 547 668 660 1620 1422 715 886 1120 1255 1359 1588 477 433 0 977 1628 759 511 849 760 456 658 1542 1570 1455 662 622 763 1662 1307 1512 1021 1576 742 587 1171 394 1613 634 600 1525 1785 235 662 979 451 637 1113 507 484 1448 751 693 1448 512 412 770 1099
231 1294 1361 529 1297 854 1026 341 968 851 693 853 894 739 562 1038 542 1216 1210 1116 1377 517 236 528 653 587 1225 839 1175 481 1259 462 454 678 1139 1329 652 1092 1089 1193 645 1096 855 977 0 686 525 1130 848 1534 1009 452 600 1054 1075 686 526 1537 719 1141 1091 782 634 1294 612 229 947 1248 658 624 1105 996 925 1214 37 1003 661 1086 1060 1036 876 1364 669 1098 1131 834 1544 157
501 1944 2012 1180 1948 1504 1676 414 1619 1501 1344 978 1545 335 996 1688 1192 715 805 1767 2028 1168 506 1178 1304 1021 1875 1489 771 1088 1910 1112 1104 99 734 1979 905 755 685 788 241 1747 1505 1628 686 0 1176 1781 1045 2142 1659 1103 197 392 412 1337 1177 2145 315 736 429 955 247 1944 1262 499 1597 746 1309 1275 442 495 1575 1865 688 1653 1312 791 1710 1687 472 2015 1208 435 1782 1485 2152 576
721 1075 1130 59 1079 636 807 831 750 632 475 548 676 1143 344 820 323 1166 960 864 1159 47 726 206 435 369 1007 578 925 262 914 139 131 1168 1006 1082 434 704 839 943 1136 843 636 759 525 1176 0 878 433 1127 790 130 1090 1154 1039 468 204 1130 1209 891 1096 569 1124 1075 394 719 728 1197 440 406 1110 1369 706 996 527 784 443 697 841 818 1032 1118 243 1032 879 616 1137 647
1326 536 548 882 598 610 170 1436 502 607 617 1025 482 1620 950 182 764 1643 1437 40 649 870 1331 777 721 974 431 532 1402 868 332 821 813 1773 1483 500 1039 1181 1316 1420 1713 98 611 511 1130 1781 878 0 910 545 237 812 1695 1631 1516 755 776 548 1766 1368 1573 1083 1729 536 741 1324 227 1674 709 753 1586 1846 526 470 1133 231 790 1174 288 265 1509 536 754 1509 55 621 555 1252
892 1150 1163 437 1212 688 947 785 840 685 722 177 820 772 314 959 646 794 589 896 1263 425 897 540 541 304 1045 610 554 488 946 473 465 1122 635 1114 439 333 468 572 865 875 689 849 848 1045 433 910 0 1159 1014 464 975 783 668 575 538 1162 918 520 725 235 1042 1150 565 890 1004 826 529 577 738 998 906 1084 850 1008 614 326 1065 1042 661 1150 225 661 911 699 1169 967
1730 389 401 1131 451 859 582 1839 751 856 893 1274 731 1869 1283 594 1075 1891 1686 531 202 1119 1735 1181 970 1274 500 781 1651 1271 401 1167 1159 2176 1732 353 1443 1430 1565 1669 1962 510 860 760 1534 2142 1127 545 1159 0 649 1158 2072 1880 1765 1004 1179 26 2015 1617 1822 1332 2132 389 994 1727 639 1923 958 1006 1835 2095 817 539 1536 643 1043 1423 700 677 1758 389 1003 1758 546 870 33 1656
1204 485 553 794 489 595 132 1314 447 592 495 1123 373 1713 828 144 642 1747 1541 223 569 782 1209 655 660 852 416 580 1507 746 436 699 691 1651 1587 520 917 1285 1421 1524 1619 203 596 456 1009 1659 790 237 1014 649 0 690 1573 1735 1620 693 654 652 1693 1472 1677 1053 1607 485 619 1202 105 1778 665 631 1691 1950 404 406 1011 29 668 1278 86 63 1613 556 858 1613 238 576 659 1130
648 975 1043 134 978 535 707 758 649 532 374 567 575 1157 272 719 223 1197 991 797 1058 122 653 104 334 296 906 520 957 190 940 38 30 1095 1037 1010 361 735 871 974 1063 777 536 658 452 1103 130 812 464 1158 690 0 1017 1185 1070 368 103 1161 1137 922 1127 497 1051 975 293 646 628 1228 339 305 1141 1400 606 895 455 684 342 729 741 717 1063 1045 274 1063 813 515 1168 574
415 1859 1926 1094 1862 1419 1590 329 1533 1416 1258 907 1459 233 911 1603 1107 873 704 1681 1942 1082 420 1093 1218 935 1790 1404 669 1002 1824 1026 1018 274 632 1894 819 804 583 686 139 1661 1420 1542 600 197 1090 1695 975 2072 1573 1017 0 548 568 1251 1091 2074 213 635 585 870 161 1859 1177 413 1511 905 1223 1189 598 653 1490 1779 602 1568 1226 690 1624 1601 370 1929 1137 591 1696 1399 2081 490
870 1871 1883 1158 1933 1408 1668 783 1560 1405 1443 715 1540 532 1041 1680 1346 672 868 1616 1984 1146 875 1261 1262 1031 1765 1331 834 1187 1666 1194 1186 469 914 1835 1004 492 748 851 438 1596 1409 1570 1054 392 1154 1631 783 1880 1735 1185 548 0 150 1296 1259 1882 512 799 166 800 616 1871 1286 868 1725 704 1250 1298 180 864 1627 1804 1057 1729 1335 606 1786 1763 669 1870 945 173 1632 1420 1889 945
890 1756 1768 1043 1818 1294 1553 803 1446 1290 1328 600 1425 552 926 1565 1231 558 753 1501 1869 1031 895 1146 1147 916 1650 1216 719 1072 1552 1079 1071 489 799 1720 889 377 633 736 458 1481 1294 1455 1075 412 1039 1516 668 1765 1620 1070 568 150 0 1181 1144 1768 532 684 92 685 636 1756 1171 888 1610 589 1135 1183 105 761 1512 1690 1077 1614 1220 491 1671 1648 689 1755 830 58 1517 1305 1774 965
882 979 1007 472 982 533 710 992 653 530 378 690 579 1285 506 723 201 1308 1102 741 1062 460 887 333 76 530 890 455 1067 424 791 377 369 1329 1148 959 595 846 981 1085 1297 720 534 662 686 1337 468 755 575 1004 693 368 1251 1296 1181 0 332 1007 1371 1033 1238 731 1285 979 120 880 631 1339 101 132 1251 1511 610 899 689 688 169 839 744 721 1174 995 419 1174 756 519 1013 808
722 939 1007 208 942 499 671 832 613 496 338 641 539 1231 345 683 187 1271 1066 762 1023 196 727 68 298 370 870 484 1031 264 905 112 104 1169 1112 974 435 809 945 1048 1137 741 500 622 526 1177 204 776 538 1179 654 103 1091 1259 1144 332 0 1182 1211 996 1202 570 1125 939 257 720 592 1303 303 269 1215 1474 570 859 528 648 306 803 705 682 1137 1010 348 1137 777 479 1189 648
1732 392 404 1134 454 862 585 1842 754 859 896 1277 734 1872 1286 597 1078 1894 1689 533 205 1122 1737 1183 973 1277 502 784 1654 1274 404 1170 1162 2179 1735 356 1446 1433 1568 1672 1964 513 863 763 1537 2145 1130 548 1162 26 652 1161 2074 1882 1768 1007 1182 0 2018 1620 1825 1335 2135 392 997 1730 642 1926 961 1009 1838 2098 820 542 1539 646 1046 1426 703 680 1761 391 1005 1761 549 873 36 1659
535 1978 2019 1213 1982 1538 1710 448 1653 1535 1377 851 1579 177 1030 1722 1226 992 647 1752 2062 1201 540 1212 1337 1055 1901 1466 613 1122 1802 1146 1138 392 576 1971 939 748 527 630 103 1732 1539 1662 719 315 1209 1766 918 2015 1693 1137 213 512 532 1371 1211 2018 0 578 549 936 281 1978 1296 533 1631 1024 1342 1308 562 773 1609 1899 722 1687 1345 633 1744 1721 314 2006 1081 555 1767 1519 2025 610
956 1608 1621 895 1671 1146 1405 870 1298 1143 1180 453 1278 432 778 1418 1083 811 88 1354 1722 883 961 998 1000 769 1503 1068 54 924 1404 931 924 813 295 1572 741 350 106 71 525 1334 1147 1307 1141 736 891 1368 520 1617 1472 922 635 799 684 1033 996 1620 578 0 742 537 702 1608 1023 954 1462 843 987 1036 755 1014 1364 1542 1143 1466 1073 235 1523 1500 321 1608 683 677 1369 1157 1627 1031
907 1813 1826 1100 1876 1351 1610 820 1503 1348 1386 658 1483 569 983 1623 1288 615 811 1559 1927 1088 912 1203 1205 974 1708 1273 776 1130 1609 1137 1129 506 857 1777 946 435 690 794 475 1539 1352 1512 1091 429 1096 1573 725 1822 1677 1127 585 166 92 1238 1202 1825 549 742 0 742 653 1813 1228 905 1668 647 1192 1241 48 818 1569 1747 1093 1672 1278 548 1728 1705 706 1813 888 115 1574 1362 1832 981
697 1324 1336 573 1341 861 1070 590 1012 858 737 111 938 789 335 1082 586 812 606 1069 1421 561 702 572 697 360 1218 783 572 427 1119 506 498 947 652 1288 244 350 486 589 882 1049 862 1021 779 955 569 1083 235 1332 1053 497 870 800 685 731 570 1335 936 537 742 0 903 1324 656 695 991 843 702 668 756 1015 969 1257 781 1047 705 344 1104 1080 678 1323 398 678 1084 872 1342 772
449 1892 1960 1128 1896 1452 1624 362 1567 1449 1292 974 1493 301 944 1637 1140 907 772 1715 1976 1116 454 1126 1252 969 1823 1437 737 1036 1858 1060 1052 324 700 1927 853 872 651 754 207 1695 1453 1576 634 247 1124 1729 1042 2132 1607 1051 161 616 636 1285 1125 2135 281 702 653 903 0 1892 1210 447 1545 938 1257 1223 666 687 1523 1813 636 1601 1260 758 1658 1635 438 1963 1205 659 1730 1433 2142 524
1489 47 115 1079 109 851 502 1599 733 848 780 1265 659 1860 1113 514 928 1883 1678 522 320 1067 1495 941 945 1137 389 773 1643 1031 392 984 976 1936 1723 82 1203 1421 1557 1660 1904 502 852 742 1294 1944 1075 536 1150 389 485 975 1859 1871 1756 979 939 392 1978 1608 1813 1324 1892 0 904 1487 423 1914 949 916 1827 2086 689 378 1296 479 953 1415 536 513 1749 118 994 1749 537 861 399 1416
808 904 972 398 907 464 636 917 578 461 303 680 504 1275 431 648 126 1298 1092 726 987 385 813 259 87 455 835 445 1058 349 781 302 294 1254 1138 939 521 836 972 1075 1222 706 465 587 612 1262 394 741 565 994 619 293 1177 1286 1171 120 257 997 1296 1023 1228 656 1210 904 0 805 557 1329 92 37 1242 1501 535 824 614 613 74 830 670 646 1164 974 409 1164 742 444 1004 734
44 1487 1555 723 1491 1047 1219 154 1162 1044 887 766 1088 553 736 1231 735 1029 1023 1310 1571 711 49 721 847 761 1418 1032 989 674 1453 655 647 491 952 1522 645 1005 902 1006 459 1290 1048 1171 229 499 719 1324 890 1727 1202 646 413 868 888 880 720 1730 533 954 905 695 447 1487 805 0 1140 1061 852 818 918 810 1118 1408 231 1196 855 998 1253 1230 690 1558 863 911 1325 1028 1737 119
1142 423 491 732 427 533 122 1252 385 530 433 1061 311 1651 766 135 580 1737 1532 213 507 720 1147 593 598 790 354 518 1497 684 389 637 629 1589 1578 458 855 1275 1411 1514 1557 193 534 394 947 1597 728 227 1004 639 105 628 1511 1725 1610 631 592 642 1631 1462 1668 991 1545 423 557 1140 0 1769 603 569 1681 1908 342 344 949 99 606 1269 156 133 1603 494 848 1603 228 514 649 1068
1074 1914 1927 1201 1977 1452 1711 988 1604 1449 1487 759 1584 1055 1084 1724 1389 107 912 1660 2028 1189 1079 1304 1306 1075 1809 1374 877 1231 1710 1238 1230 709 958 1878 1047 536 791 895 961 1640 1453 1613 1259 757 1197 1674 826 1923 1778 1228 916 704 589 1339 1303 1926 1035 843 647 843 950 1914 1329 1072 1769 0 1293 1342 660 334 1670 1848 1261 1773 1379 649 1829 1806 984 1914 989 582 1675 1463 1933 1149
854 949 962 444 954 487 682 964 625 484 350 644 551 1239 477 694 173 1262 1056 695 1034 432 859 305 68 502 844 409 1022 395 745 348 340 1301 1102 913 567 800 936 1039 1269 675 488 634 658 1309 440 709 529 958 665 339 1223 1250 1135 101 303 961 1342 987 1192 702 1257 949 92 852 603 1293 0 104 1206 1465 581 871 660 659 141 794 716 693 1128 949 373 1128 710 491 968 780
820 916 984 410 920 476 648 930 591 473 315 692 517 1287 443 660 139 1310 1105 739 1000 398 825 271 99 468 847 457 1070 361 793 314 306 1267 1151 951 533 848 984 1087 1235 719 477 600 624 1275 406 753 577 1006 631 305 1189 1298 1183 132 269 1009 1308 1036 1241 668 1223 916 37 818 569 1342 104 0 1254 1513 547 837 626 625 86 842 682 659 1176 987 421 1176 754 457 1016 746
920 1827 1839 1114 1889 1364 1624 833 1516 1361 1399 671 1496 582 996 1636 1301 628 824 1572 1940 1101 925 1216 1218 987 1721 1286 790 1143 1622 1150 1142 519 870 1791 960 448 703 807 488 1552 1365 1525 1105 442 1110 1586 738 1835 1691 1141 598 180 105 1251 1215 1838 562 755 48 756 666 1827 1242 918 1681 660 1206 1254 0 831 1582 1760 1107 1685 1291 561 1742 1718 719 1826 901 129 1587 1375 1845 995
823 2086 2098 1373 2148 1624 1883 736 1776 1620 1658 930 1755 804 1256 1895 1514 303 1083 1832 2199 1361 828 1476 1477 1246 1980 1546 1049 1402 1882 1409 1401 457 1129 2050 1219 707 963 1066 710 1811 1624 1785 1007 506 1369 1846 998 2095 1950 1400 664 876 761 1511 1474 2098 784 1014 818 1015 698 2086 1501 821 1919 334 1465 1513 831 0 1842 2020 1010 1944 1550 821 2001 1978 941 2085 1160 754 1847 1635 2104 898
1120 689 757 711 693 435 421 1230 226 432 335 1021 152 1616 744 433 559 1638 1433 512 773 698 1126 572 576 768 620 420 1398 662 604 615 607 1567 1479 724 834 1177 1312 1416 1535 492 436 235 925 1575 706 526 906 817 404 606 1490 1627 1512 610 570 820 1609 1364 1569 969 1523 689 535 1118 342 1670 581 547 1582 1842 0 610 927 398 584 1170 455 432 1505 760 750 1505 527 415 827 1047
1410 378 446 1000 382 784 423 1520 653 781 701 1198 579 1793 1033 435 848 1816 1611 455 462 988 1415 861 866 1058 138 706 1576 952 173 904 897 1857 1657 413 1123 1355 1490 1594 1825 435 785 662 1214 1865 996 470 1084 539 406 895 1779 1804 1690 899 859 542 1899 1542 1747 1257 1813 378 824 1408 344 1848 871 837 1760 2020 610 0 1216 400 873 1348 457 433 1683 449 927 1683 471 781 548 1336
233 1296 1364 531 1299 856 1028 343 970 853 695 855 896 742 565 1040 544 1218 1212 1118 1379 519 238 530 655 589 1227 841 1177 483 1261 464 456 680 1141 1331 654 1094 1091 1195 648 1098 857 979 37 688 527 1133 850 1536 1011 455 602 1057 1077 689 528 1539 722 1143 1093 784 636 1296 614 231 949 1250 660 626 1107 998 927 1216 0 1005 663 1088 1062 1038 879 1366 671 1100 1134 836 1546 159
1198 479 547 789 483 589 126 1308 442 586 489 1118 368 1707 822 139 637 1741 1536 217 563 776 1204 650 654 846 410 574 1501 740 430 693 685 1645 1582 514 912 1279 1415 1518 1613 197 590 451 1003 1653 784 231 1008 643 29 684 1568 1729 1614 688 648 646 1687 1466 1672 1047 1601 479 613 1196 99 1773 659 625 1685 1944 398 400 1005 0 662 1273 80 57 1607 550 852 1607 232 570 653 1125
857 953 1021 447 956 513 685 967 627 510 352 729 553 1324 480 697 176 1347 1142 776 1037 435 862 308 136 505 884 494 1107 398 830 351 343 1304 1188 988 570 885 1021 1124 1271 756 514 637 661 1312 443 790 614 1043 668 342 1226 1335 1220 169 306 1046 1345 1073 1278 705 1260 953 74 855 606 1379 141 86 1291 1550 584 873 663 662 0 879 719 696 1213 1024 458 1213 791 494 1053 783
1001 1415 1427 701 1477 952 1212 894 1104 949 987 259 1084 487 584 1224 889 617 304 1160 1528 689 1006 804 806 575 1309 874 269 731 1210 738 730 868 350 1379 548 156 183 287 580 1140 953 1113 1083 791 697 1174 326 1423 1278 729 690 606 491 839 803 1426 633 235 548 344 758 1415 830 998 1269 649 794 842 561 821 1170 1348 1085 1273 879 0 1329 1306 376 1414 489 484 1175 963 1433 1075
1255 536 604 845 540 646 183 1365 498 643 546 1174 424 1764 879 195 693 1798 1592 274 620 833 1260 706 711 903 467 631 1558 797 487 750 742 1702 1638 571 968 1336 1472 1575 1670 254 647 507 1060 1710 841 288 1065 700 86 741 1624 1786 1671 744 705 703 1744 1523 1728 1104 1658 536 670 1253 156 1829 716 682 1742 2001 455 457 1062 80 719 1329 0 114 1664 607 909 1664 289 627 710 1181
1232 513 581 822 516 623 160 1342 475 620 523 1151 401 1741 855 172 670 1774 1569 251 596 810 1237 683 688 880 444 608 1534 774 464 727 719 1679 1615 548 945 1313 1448 1552 1647 230 624 484 1036 1687 818 265 1042 677 63 717 1601 1763 1648 721 682 680 1721 1500 1705 1080 1635 513 646 1230 133 1806 693 659 1718 1978 432 433 1038 57 696 1306 114 0 1641 583 886 1641 266 603 686 1158
692 1749 1762 1036 1812 1287 1546 605 1439 1284 1321 593 1419 167 919 1558 1224 952 390 1495 1863 1024 697 1139 1141 910 1644 1209 355 1065 1545 1072 1064 549 319 1713 882 491 269 373 260 1474 1288 1448 876 472 1032 1509 661 1758 1613 1063 370 669 689 1174 1137 1761 314 321 706 678 438 1749 1164 690 1603 984 1128 1176 719 930 1505 1683 879 1607 1213 376 1664 1641 0 1749 824 713 1510 1298 1768 767
1560 118 130 1122 180 850 573 1670 742 847 851 1264 722 1859 1183 585 998 1882 1677 521 391 1109 1565 1011 961 1208 459 772 1642 1102 392 1055 1047 2007 1723 82 1273 1421 1556 1660 1952 501 851 751 1364 2015 1118 536 1150 389 556 1045 1929 1870 1755 995 1010 391 2006 1608 1813 1323 1963 118 974 1558 494 1914 949 987 1826 2085 760 449 1366 550 1024 1414 607 583 1749 0 993 1749 537 861 398 1486
865 994 1006 247 1056 531 791 948 684 528 566 339 663 934 349 803 467 957 752 739 1107 235 870 350 385 340 888 454 717 406 790 283 276 1285 798 958 521 496 631 735 1027 719 532 693 669 1208 243 754 225 1003 858 274 1137 945 830 419 348 1005 1081 683 888 398 1205 994 409 863 848 989 373 421 901 1160 750 927 671 852 458 489 909 886 824 993 0 823 755 543 1012 791
913 1749 1761 1036 1811 1287 1546 826 1439 1284 1321 593 1419 576 919 1558 1224 551 747 1495 1862 1024 918 1139 1140 909 1644 1209 712 1065 1545 1072 1064 512 793 1713 882 371 626 729 481 1474 1288 1448 1098 435 1032 1509 661 1758 1613 1063 591 173 58 1174 1137 1761 555 677 115 678 659 1749 1164 911 1603 582 1128 1176 129 754 1505 1683 1100 1607 1213 484 1664 1641 713 1749 823 0 1510 1298 1768 988
1327 537 549 883 599 611 171 1437 503 608 618 1026 483 1621 951 183 765 1643 1438 41 650 871 1332 778 722 975 432 533 1403 869 333 822 814 1774 1484 501 1040 1182 1317 1421 1714 99 612 512 1131 1782 879 55 911 546 238 813 1696 1632 1517 756 777 549 1767 1369 1574 1084 1730 537 742 1325 228 1675 710 754 1587 1847 527 471 1134 232 791 1175 289 266 1510 537 755 1510 0 622 555 1253
1030 861 874 620 864 171 593 1140 403 168 175 814 329 1409 653 605 468 1431 1226 607 944 608 1035 481 486 678 756 156 1191 572 657 524 517 1477 1272 826 743 970 1105 1209 1445 587 172 412 834 1485 616 621 699 870 576 515 1399 1420 1305 519 479 873 1519 1157 1362 872 1433 861 444 1028 514 1463 491 457 1375 1635 415 781 836 570 494 963 627 603 1298 861 543 1298 622 0 880 956
1739 399 411 1141 461 869 592 1849 761 866 902 1283 741 1878 1293 604 1085 1901 1696 540 212 1128 1744 1190 980 1284 509 791 1661 1281 410 1177 1169 2186 1742 363 1452 1440 1575 1679 1971 520 870 770 1544 2152 1137 555 1169 33 659 1168 2081 1889 1774 1013 1189 36 2025 1627 1832 1342 2142 399 1004 1737 649 1933 968 1016 1845 2104 827 548 1546 653 1053 1433 710 686 1768 398 1012 1768 555 880 0 1665
121 1416 1483 651 1419 976 1147 231 1090 973 815 843 1016 630 684 1160 664 1106 1100 1238 1499 639 126 650 775 709 1347 961 1065 603 1381 583 575 568 1029 1451 722 1082 979 1083 536 1218 977 1099 157 576 647 1252 967 1656 1130 574 490 945 965 808 648 1659 610 1031 981 772 524 1416 734 119 1068 1138 780 746 995 886 1047 1336 159 1125 783 1075 1181 1158 767 1486 791 988 1253 956 1665 0
EOF
