NAME : tsp_problem
TYPE : TSP
DIMENSION : 54
EDGE_WEIGHT_TYPE : EXPLICIT
EDGE_WEIGHT_FORMAT : FULL_MATRIX
EDGE_WEIGHT_SECTION
0 868 1530 731 529 772 1585 135 1184 800 1580 772 1349 754 481 1569 1252 1643 667 871 514 670 1340 524 1278 1270 656 1629 194 1529 332 1025 1852 633 131 764 1337 615 426 372 825 511 217 529 176 840 1186 1603 759 816 1361 608 611 614
868 0 1006 1167 1031 1207 1061 763 697 1440 1056 1412 825 403 916 1046 728 1119 574 268 949 347 816 1026 754 746 1118 945 822 1005 576 290 1169 540 813 413 813 578 861 539 173 1014 790 1031 804 1480 781 919 1240 1251 837 1203 574 400
1530 1006 0 1997 1601 1980 122 1479 859 1872 96 1844 794 1101 1628 86 697 181 1253 891 1745 1149 784 1596 723 715 1728 456 1538 136 1396 756 756 1219 1475 1111 781 1170 1657 1412 988 1583 1561 1601 1520 1912 943 431 1831 1981 806 1680 1166 1203
731 1167 1997 0 607 72 2053 626 1483 323 2047 295 1817 1052 491 2037 1719 2111 965 1218 525 969 1807 602 1745 1738 381 1928 685 1997 762 1324 2151 931 677 1062 1804 969 437 726 1123 589 653 607 667 363 1484 1901 282 116 1828 466 965 912
529 1031 1601 607 0 647 1656 478 1347 595 1651 566 1420 882 187 1640 1323 1714 769 942 305 833 1410 76 1349 1341 450 1792 537 1600 627 1097 1971 735 474 893 1407 686 217 590 988 64 518 40 518 635 1349 1717 554 691 1432 402 682 777
772 1207 1980 72 647 0 2035 667 1523 278 2030 249 1799 1092 532 2019 1701 2093 1005 1259 565 1009 1789 642 1728 1720 421 1968 726 1979 803 1364 2191 971 717 1103 1786 1009 478 766 1164 630 694 647 708 318 1525 1942 322 124 1810 506 1005 953
1585 1061 122 2053 1656 2035 0 1534 780 1928 173 1899 849 1156 1683 162 752 102 1308 947 1800 1204 840 1651 778 770 1783 377 1593 191 1451 812 677 1274 1531 1166 837 1225 1713 1467 1043 1639 1617 1656 1575 1968 864 352 1886 2037 861 1735 1221 1258
135 763 1479 626 478 667 1534 0 1079 749 1529 721 1298 648 375 1518 1201 1592 561 815 409 565 1288 472 1227 1219 578 1524 89 1478 227 920 1747 527 80 659 1285 564 321 267 720 460 112 478 71 789 1081 1498 699 711 1310 556 560 509
1184 700 859 1483 1347 1523 780 1079 0 1773 909 1745 1002 719 1232 898 905 721 890 865 1266 663 992 1342 931 923 1434 506 1138 927 892 705 729 856 1130 729 989 894 1178 855 770 1330 1106 1348 1120 1813 145 479 1556 1567 1014 1519 890 717
800 1440 1872 323 595 278 1928 749 1773 0 1923 89 1692 1154 622 1912 1594 1986 1041 1214 739 1202 1682 590 1620 1613 542 2218 808 1872 925 1369 2242 1007 746 1164 1679 958 651 965 1310 577 832 595 790 54 1775 1989 429 280 1703 494 954 1203
1580 1056 96 2047 1651 2030 173 1529 909 1923 0 1894 844 1151 1678 30 747 231 1303 941 1795 1199 835 1646 773 765 1778 506 1588 186 1446 807 806 1269 1526 1161 832 1220 1708 1462 1038 1634 1611 1651 1570 1963 993 481 1881 2032 856 1730 1216 1253
772 1412 1844 295 566 249 1899 721 1745 89 1894 0 1663 1125 593 1884 1566 1957 1012 1185 711 1174 1654 561 1592 1584 514 2190 780 1843 897 1340 2214 978 717 1136 1651 929 623 937 1282 549 803 567 762 107 1747 1961 401 251 1675 465 925 1175
1349 825 794 1817 1420 1799 849 1298 1002 1692 844 1663 0 920 1447 834 137 816 1072 711 1564 968 45 1415 122 114 1547 857 1357 794 1215 576 1143 1038 1295 930 42 989 1477 1232 807 1403 1381 1420 1339 1732 1086 554 1650 1801 26 1499 985 1022
754 403 1101 1052 882 1092 1156 648 719 1154 1151 1125 920 0 801 1140 823 1214 459 334 835 129 910 877 849 841 1003 1164 707 1100 462 560 1387 425 699 46 907 451 747 424 359 865 675 882 689 1194 720 1137 1112 1136 932 961 447 183
481 916 1628 491 187 532 1683 375 1232 622 1678 593 1447 801 0 1667 1349 1741 714 967 189 718 1437 182 1376 1368 443 1677 435 1627 512 1073 1900 680 426 812 1434 713 101 475 872 170 402 187 416 662 1234 1650 564 576 1458 429 709 662
1569 1046 86 2037 1640 2019 162 1518 898 1912 30 1884 834 1140 1667 0 736 220 1292 931 1785 1189 824 1635 762 755 1768 495 1577 176 1435 796 796 1258 1515 1151 821 1209 1697 1452 1027 1623 1601 1641 1559 1952 983 470 1871 2021 845 1719 1205 1243
1252 728 697 1719 1323 1701 752 1201 905 1594 747 1566 137 823 1349 736 0 718 974 613 1467 871 127 1317 66 58 1450 760 1260 696 1117 478 1045 940 1197 833 124 892 1379 1134 709 1305 1283 1323 1241 1634 989 456 1553 1703 148 1401 888 925
1643 1119 181 2111 1714 2093 102 1592 721 1986 231 1957 816 1214 1741 220 718 0 1366 1005 1858 1262 806 1709 745 737 1841 319 1651 249 1509 870 619 1332 1589 1224 803 1283 1771 1515 1101 1697 1675 1714 1633 2026 806 293 1944 2095 827 1793 1279 1316
667 574 1253 965 769 1005 1308 561 890 1041 1303 1012 1072 459 714 1292 974 1366 0 594 748 376 1062 764 1001 993 896 1335 620 1252 375 731 1558 76 612 470 1059 135 660 337 531 752 588 769 602 1081 892 1309 999 1049 1083 848 131 320
871 268 891 1218 942 1259 947 815 863 1214 941 1185 711 334 967 931 613 1005 594 0 1001 382 701 937 639 632 1069 1111 874 891 628 387 1261 560 817 344 698 511 913 590 138 925 842 942 856 1254 887 1008 1172 1302 722 1021 507 436
514 949 1745 525 305 565 1800 409 1266 739 1795 711 1564 835 189 1785 1467 1858 748 1001 0 751 1555 299 1493 1486 476 1711 468 1745 545 1107 1934 714 460 845 1552 752 135 508 906 287 436 305 450 779 1267 1684 598 609 1576 546 748 695
670 347 1149 969 833 1009 1204 565 663 1202 1199 1174 968 129 718 1189 871 1262 376 382 751 0 959 828 897 890 920 1109 624 1149 378 504 1332 342 616 139 956 380 664 341 304 816 592 833 606 1242 665 1082 1042 1053 980 1005 376 98
1340 816 784 1807 1410 1789 840 1288 992 1682 835 1654 45 910 1437 824 127 806 1062 701 1555 959 0 1405 112 104 1538 847 1347 784 1205 566 1133 1028 1285 921 32 979 1467 1222 797 1393 1371 1411 1329 1722 1077 544 1641 1791 56 1489 975 1013
524 1026 1596 602 76 642 1651 472 1342 590 1646 561 1415 877 182 1635 1317 1709 764 937 299 828 1405 0 1344 1336 445 1787 531 1595 622 1092 1966 730 469 887 1402 681 212 585 983 59 513 76 513 630 1344 1712 548 686 1426 397 677 772
1278 754 723 1745 1349 1728 778 1227 931 1620 773 1592 122 849 1376 762 66 745 1001 639 1493 897 112 1344 0 43 1476 786 1286 722 1144 505 1071 967 1224 859 109 918 1405 1160 736 1332 1309 1349 1268 1661 1015 483 1579 1730 133 1428 914 951
1270 746 715 1738 1341 1720 770 1219 923 1613 765 1584 114 841 1368 755 58 737 993 632 1486 890 104 1336 43 0 1468 778 1278 715 1136 497 1064 959 1216 852 101 910 1398 1153 728 1324 1302 1341 1260 1653 1007 475 1571 1722 126 1420 906 943
656 1118 1728 381 450 421 1783 578 1434 542 1778 514 1547 1003 443 1768 1450 1841 896 1069 476 920 1538 445 1476 1468 0 1879 637 1727 714 1224 2098 862 602 1014 1535 814 389 677 1075 433 605 451 619 582 1436 1845 454 465 1559 197 810 864
1629 948 456 1928 1792 1968 377 1524 506 2218 506 2190 857 1164 1677 495 760 319 1335 1114 1711 1109 847 1787 786 778 1879 0 1583 525 1338 953 362 1301 1575 1174 844 1339 1623 1300 1019 1775 1551 1793 1565 2258 591 335 2001 2012 869 1964 1335 1162
194 822 1538 685 537 726 1593 89 1138 808 1588 780 1357 707 435 1577 1260 1651 620 874 468 624 1347 531 1286 1278 637 1583 0 1537 286 979 1806 586 139 718 1344 623 380 326 779 519 171 537 32 848 1140 1557 758 770 1369 615 619 568
1529 1005 136 1997 1600 1979 191 1478 927 1872 186 1843 794 1100 1627 176 696 249 1252 891 1745 1149 784 1595 722 715 1727 525 1537 0 1395 756 825 1218 1475 1111 781 1169 1657 1412 987 1583 1561 1600 1519 1912 1012 499 1830 1981 805 1679 1165 1202
332 576 1396 762 627 803 1451 227 892 925 1446 897 1215 462 512 1435 1117 1509 375 628 545 378 1205 622 1144 1136 714 1338 286 1395 0 733 1561 341 277 472 1202 378 457 65 533 610 309 627 268 965 894 1311 836 847 1226 732 375 322
1025 290 756 1324 1097 1364 812 920 705 1369 807 1340 576 560 1073 796 478 870 731 387 1107 504 566 1092 505 497 1224 953 979 756 733 0 1126 697 971 570 563 666 1019 696 360 1080 947 1097 961 1409 789 873 1327 1408 587 1176 662 558
1864 1183 767 2162 1971 2203 688 1759 740 2242 817 2214 1154 1398 1911 807 1056 630 1570 1261 1945 1343 1144 1966 1083 1075 2098 373 1818 836 1572 1126 0 1536 1809 1409 1141 1540 1857 1534 1253 1953 1786 1971 1800 2282 825 631 2201 2247 1165 2050 1536 1396
633 540 1219 931 735 971 1274 527 856 1007 1269 978 1038 425 680 1258 940 1332 76 560 714 342 1028 730 967 959 862 1301 586 1218 341 697 1524 0 578 436 1025 101 626 303 497 718 554 735 568 1047 858 1275 965 1015 1049 814 97 286
131 813 1475 677 474 717 1531 80 1130 746 1526 717 1295 699 426 1515 1197 1589 612 817 460 616 1285 469 1224 1216 602 1575 139 1475 277 971 1798 578 0 709 1282 561 372 317 770 457 162 474 121 786 1131 1548 705 761 1306 553 557 559
764 413 1111 1062 893 1103 1166 659 729 1164 1161 1136 930 46 812 1151 833 1224 470 344 845 139 921 887 859 852 1014 1174 718 1111 472 570 1397 436 709 0 918 462 757 435 370 875 686 893 700 1204 731 1148 1123 1147 942 971 458 193
1337 813 781 1804 1407 1786 837 1285 989 1679 832 1651 42 907 1434 821 124 803 1059 698 1552 956 32 1402 109 101 1535 844 1344 781 1202 563 1130 1025 1282 918 0 976 1464 1219 794 1390 1368 1408 1326 1719 1074 541 1638 1788 53 1486 973 1010
615 578 1170 969 686 1009 1225 564 894 958 1220 929 989 451 713 1209 892 1283 135 511 752 380 979 681 918 910 814 1339 623 1169 378 666 1540 101 561 462 976 0 664 341 535 669 592 686 605 998 896 1286 917 1053 1001 765 48 324
426 861 1657 437 217 478 1713 321 1178 651 1708 623 1477 747 101 1697 1379 1771 660 913 135 664 1467 212 1405 1398 389 1623 380 1657 457 1019 1846 626 372 757 1464 664 0 421 818 199 348 217 362 691 1179 1596 510 521 1488 459 660 607
372 539 1412 726 590 766 1467 267 855 965 1462 937 1232 424 475 1452 1134 1515 337 590 508 341 1222 585 1160 1153 677 1300 326 1412 65 696 1523 303 317 435 1219 341 421 0 495 573 349 590 307 1005 857 1273 799 810 1243 762 337 285
825 173 988 1123 988 1164 1043 720 768 1310 1038 1282 807 359 872 1027 709 1101 531 138 906 304 797 983 736 728 1075 1016 779 987 533 360 1239 497 770 370 794 535 818 495 0 970 747 988 761 1350 792 989 1196 1208 819 1117 531 357
511 1014 1583 589 64 630 1639 460 1330 577 1634 549 1403 865 170 1623 1305 1697 752 925 287 816 1393 59 1332 1324 433 1775 519 1583 610 1080 1953 718 457 875 1390 669 199 573 970 0 500 64 501 617 1332 1700 536 674 1414 385 665 760
217 790 1561 653 518 694 1617 112 1106 832 1611 803 1381 675 402 1601 1283 1675 588 842 436 592 1371 513 1309 1302 605 1551 171 1561 309 947 1774 554 162 686 1368 592 348 349 747 500 0 518 153 872 1108 1525 726 738 1392 639 588 536
529 1031 1601 607 40 647 1656 478 1348 595 1651 567 1420 882 187 1641 1323 1714 769 942 305 833 1411 76 1349 1341 451 1793 537 1600 627 1097 1971 735 474 893 1408 686 217 590 988 64 518 0 519 635 1349 1717 554 691 1432 402 682 777
176 804 1520 667 518 708 1575 71 1120 790 1570 762 1339 689 416 1559 1241 1633 602 856 450 606 1329 513 1268 1260 619 1565 32 1519 268 961 1788 568 121 700 1326 605 362 307 761 501 153 519 0 830 1122 1539 740 751 1350 597 601 550
840 1480 1912 363 635 318 1968 789 1813 54 1963 107 1732 1194 662 1952 1634 2026 1081 1254 779 1242 1722 630 1661 1653 582 2258 848 1912 965 1409 2282 1047 786 1204 1719 998 691 1005 1350 617 872 635 830 0 1815 2029 469 320 1743 534 994 1243
1186 784 943 1484 1349 1525 864 1081 145 1775 993 1747 1086 720 1234 983 989 806 892 887 1267 665 1077 1344 1015 1007 1436 591 1140 1012 894 789 814 858 1131 731 1074 896 1179 857 792 1332 1108 1349 1122 1815 0 564 1558 1569 1098 1521 892 718
1603 922 431 1901 1717 1942 352 1498 479 1989 481 1961 554 1137 1650 470 456 293 1309 1008 1684 1082 544 1712 483 475 1845 335 1557 499 1311 873 620 1275 1548 1148 541 1286 1596 1273 992 1700 1525 1717 1539 2029 564 0 1948 1985 565 1796 1282 1135
759 1240 1831 282 554 322 1886 699 1556 429 1881 401 1650 1112 564 1871 1553 1944 999 1172 598 1042 1641 548 1579 1571 454 2001 758 1830 836 1327 2201 965 705 1123 1638 917 510 799 1196 536 726 554 740 469 1558 1948 0 366 1662 452 913 985
816 1251 1981 116 691 124 2037 711 1567 280 2032 251 1801 1136 576 2021 1703 2095 1049 1302 609 1053 1791 686 1730 1722 465 2012 770 1981 847 1408 2235 1015 761 1147 1788 1053 521 810 1208 674 738 691 751 320 1569 1985 366 0 1812 550 1049 997
1361 837 806 1828 1432 1810 861 1310 1014 1703 856 1675 26 932 1458 845 148 827 1083 722 1576 980 56 1426 133 126 1559 869 1369 805 1226 587 1154 1049 1306 942 53 1001 1488 1243 819 1414 1392 1432 1350 1743 1098 565 1662 1812 0 1510 997 1034
608 1203 1680 466 402 506 1735 556 1519 494 1730 465 1499 961 429 1719 1401 1793 848 1021 546 1005 1489 397 1428 1420 197 1964 615 1679 732 1176 2050 814 553 971 1486 765 459 762 1117 385 639 402 597 534 1521 1796 452 550 1510 0 761 949
611 574 1166 965 682 1005 1221 560 890 954 1216 925 985 447 709 1205 888 1279 131 507 748 376 975 677 914 906 810 1335 619 1165 375 662 1536 97 557 458 973 48 660 337 531 665 588 682 601 994 892 1282 913 1049 997 761 0 320
614 400 1203 912 777 953 1258 509 717 1203 1253 1175 1022 183 662 1243 925 1316 320 436 695 98 1013 772 951 943 864 1162 568 1202 322 558 1385 286 559 193 1010 324 607 285 357 760 536 777 550 1243 718 1135 985 997 1034 949 320 0
EOF
