NAME : tsp_problem
TYPE : TSP
DIMENSION : 58
EDGE_WEIGHT_TYPE : EXPLICIT
EDGE_WEIGHT_FORMAT : FULL_MATRIX
EDGE_WEIGHT_SECTION
0 69 658 943 967 759 324 747 558 1132 1324 1026 291 1141 729 695 482 448 667 897 1014 985 944 488 500 742 778 372 343 730 267 562 789 952 797 1301 1199 349 656 896 889 976 1212 1120 978 729 491 493 657 1161 872 660 956 753 786 993 599 745
69 0 652 936 974 760 317 748 551 1125 1318 1027 298 1134 730 702 475 441 660 890 1015 986 937 481 493 738 771 365 336 723 260 555 790 945 799 1294 1192 342 649 903 896 977 1219 1113 985 722 484 486 650 1162 866 653 949 746 787 1000 606 738
658 652 0 589 1478 1072 472 1060 129 646 838 1339 853 816 1042 1009 446 604 372 602 1327 1298 601 452 470 973 1006 600 479 958 495 441 1102 593 1110 959 803 578 111 1406 1400 1289 1639 634 1489 957 192 451 112 1474 577 60 589 325 1099 1504 1130 317
943 936 589 0 1762 1349 756 1338 559 386 579 1616 1133 557 1320 1293 723 882 310 88 1605 1576 100 730 755 1257 1173 884 763 1242 779 719 1379 92 1388 700 544 862 603 1691 1684 1567 1917 374 1773 1241 541 729 618 1752 226 590 88 470 1377 1788 1414 471
969 977 1478 1762 0 614 1143 602 1377 1911 2103 370 961 1960 584 511 1301 1267 1486 1716 320 342 1763 1307 1319 558 825 1191 1162 609 1028 1381 644 1771 653 2120 2018 1168 1475 159 128 391 523 1899 79 608 1310 1312 1476 705 1692 1479 1775 1572 637 143 435 1564
759 760 1072 1349 614 0 915 75 1118 1406 1599 733 535 1577 57 919 949 843 1329 1373 721 692 1362 956 1033 966 1233 859 934 1017 929 945 75 1354 73 1720 1564 836 1086 643 536 683 1033 1394 650 1016 1154 955 1101 868 1457 1073 1350 1213 493 739 843 1249
324 317 472 756 1143 915 0 903 371 954 1203 1182 518 954 885 674 295 238 480 711 1170 1141 757 301 314 638 671 162 96 623 160 375 945 766 953 1114 1012 139 470 1072 1065 1132 1388 942 1154 623 305 307 471 1317 686 473 769 566 942 1169 795 558
747 748 1060 1338 602 75 903 0 1106 1395 1587 721 523 1565 45 907 938 831 1318 1361 710 681 1351 944 1021 954 1221 847 922 1005 918 933 105 1342 86 1709 1552 825 1075 632 525 672 1021 1383 638 1004 1142 943 1089 856 1446 1062 1338 1202 482 727 832 1238
558 551 129 559 1377 1118 371 1106 0 690 883 1385 752 757 1088 908 351 576 283 513 1373 1344 560 357 370 872 905 500 378 858 394 431 1148 568 1157 917 815 477 127 1306 1299 1336 1622 679 1388 857 86 363 128 1520 489 130 572 237 1146 1403 1029 229
1132 1125 646 386 1911 1406 954 1395 690 0 456 1673 1190 434 1377 1491 780 939 508 410 1662 1633 399 787 864 1455 1371 955 961 1440 977 776 1436 391 1445 577 421 932 660 1888 1834 1624 1974 55 1941 1439 739 786 675 1809 494 647 387 527 1434 1986 1612 563
1324 1318 838 579 2103 1599 1203 1587 883 456 0 1866 1382 410 1569 1744 973 1131 762 602 1854 1825 591 979 1056 1709 1625 1147 1214 1694 1231 968 1629 583 1637 253 397 1124 852 2133 2026 1816 2166 444 2134 1693 942 978 867 2001 687 839 579 719 1626 2197 1866 755
1026 1027 1339 1616 370 733 1182 721 1385 1673 1866 0 802 1844 703 861 1216 1110 1596 1640 59 64 1629 1223 1300 909 1176 1126 1201 960 1196 1212 763 1621 771 1987 1830 1103 1353 440 447 112 804 1661 360 959 1421 1222 1368 734 1724 1340 1617 1480 359 424 786 1516
291 298 853 1133 961 535 518 523 752 1190 1382 802 0 1336 505 689 676 627 862 1092 791 762 1138 682 695 736 964 566 537 787 461 729 565 1138 574 1495 1347 544 851 890 883 753 1102 1178 972 786 686 688 852 937 1067 854 1134 947 563 987 593 939
1141 1134 816 557 1960 1577 954 1565 757 434 410 1844 1336 0 1547 1491 934 1109 508 534 1832 1803 570 940 953 1456 1372 1083 961 1441 978 946 1607 561 1615 404 113 1060 831 1889 1882 1794 2144 422 1972 1440 740 946 844 1979 510 817 557 678 1604 1986 1613 670
729 730 1042 1320 584 57 885 45 1088 1377 1569 703 505 1547 0 889 920 813 1300 1343 691 662 1332 926 1003 936 1203 829 904 987 899 915 87 1324 96 1690 1534 807 1057 614 507 654 1003 1365 620 986 1124 925 1071 838 1428 1043 1320 1184 464 709 814 1220
697 704 1009 1293 511 919 674 907 908 1491 1744 861 689 1491 889 0 832 798 1017 1247 811 833 1294 838 850 89 356 722 693 140 559 912 949 1302 957 1651 1549 699 1006 440 433 882 756 1479 522 139 842 843 1007 938 1223 1010 1306 1103 1128 537 163 1095
482 475 446 723 1301 949 295 938 351 780 973 1216 676 934 920 832 0 482 460 690 1205 1176 736 26 117 796 829 423 302 781 318 113 979 728 988 1094 938 401 450 1230 1223 1167 1517 769 1312 781 285 56 450 1352 666 447 724 546 977 1327 953 538
448 441 604 882 1267 843 238 831 576 939 1131 1110 627 1109 813 798 482 0 685 905 1098 1069 895 488 518 762 795 116 257 748 285 477 873 886 882 1253 1096 131 619 1196 1189 1060 1410 927 1279 747 509 487 633 1245 890 606 882 746 870 1293 920 762
667 660 372 310 1486 1329 480 1318 283 508 762 1596 862 508 1300 1017 460 685 0 264 1585 1556 311 467 479 982 1015 609 487 967 504 540 1359 320 1368 668 566 586 369 1415 1408 1547 1731 496 1498 966 266 472 370 1732 240 373 323 204 1357 1512 1139 196
897 890 602 88 1716 1373 711 1361 513 410 602 1640 1092 534 1343 1247 690 905 264 0 1628 1599 90 697 709 1212 1128 839 717 1197 734 742 1403 98 1411 694 567 816 599 1645 1639 1590 1940 398 1728 1196 496 702 600 1775 181 603 102 434 1400 1742 1369 426
1014 1015 1327 1605 320 721 1170 710 1373 1662 1854 59 791 1832 691 811 1205 1098 1585 1628 0 52 1618 1211 1288 858 1125 1114 1189 909 1185 1200 751 1609 760 1976 1819 1092 1342 390 396 101 754 1650 309 908 1409 1210 1357 722 1713 1329 1605 1469 347 373 735 1505
985 986 1298 1576 342 692 1141 681 1344 1633 1825 64 762 1803 662 833 1176 1069 1556 1599 52 0 1589 1182 1259 880 1147 1085 1160 931 1156 1171 722 1580 731 1947 1790 1063 1313 412 419 72 776 1621 332 930 1380 1181 1328 693 1684 1300 1576 1440 318 395 758 1476
944 937 601 100 1763 1362 757 1351 560 399 591 1629 1138 570 1332 1294 736 895 311 90 1618 1589 0 742 756 1259 1175 886 764 1244 781 732 1392 64 1401 713 556 863 616 1692 1685 1580 1929 387 1775 1243 543 742 631 1764 228 603 60 481 1390 1789 1416 472
488 481 452 730 1307 956 301 944 357 787 979 1223 682 940 926 838 26 488 467 697 1211 1182 742 0 123 802 835 430 308 788 325 120 986 734 994 1100 944 407 456 1236 1229 1173 1523 775 1319 787 291 63 457 1358 672 453 730 552 983 1333 960 544
500 493 470 755 1319 1033 314 1021 370 864 1056 1300 695 953 1003 850 117 518 479 709 1288 1259 756 123 0 815 848 442 320 800 337 197 1063 764 1072 1113 1011 419 468 1248 1242 1251 1564 852 1331 799 303 128 469 1435 684 472 768 565 1060 1345 972 557
745 738 973 1257 558 966 638 954 872 1455 1709 909 736 1456 936 89 796 762 982 1212 858 880 1259 802 815 0 320 686 657 104 523 876 996 1267 1004 1615 1513 664 971 487 480 929 803 1443 570 104 806 808 972 985 1187 974 1271 1068 1176 584 211 1059
778 771 1006 1173 825 1233 671 1221 905 1371 1625 1176 967 1372 1203 356 829 795 1015 1128 1125 1147 1175 835 848 320 0 719 690 305 556 909 1263 1183 1271 1532 1430 697 1004 754 747 1196 1040 1359 836 305 839 841 1005 1222 1103 1007 1187 1100 1442 851 477 1092
372 365 600 884 1191 859 162 847 500 955 1147 1126 566 1083 829 722 423 116 609 839 1114 1085 886 430 442 686 719 0 181 672 208 493 889 894 898 1243 1112 55 598 1120 1113 1077 1426 943 1202 671 433 435 599 1261 814 602 898 695 887 1217 843 686
343 336 479 763 1162 934 96 922 378 961 1214 1201 537 961 904 693 302 257 487 717 1189 1160 764 308 320 657 690 181 0 642 179 382 964 772 972 1121 1019 158 476 1091 1084 1151 1407 949 1173 642 311 313 477 1336 693 480 776 573 961 1188 814 565
730 723 958 1242 609 1017 623 1005 858 1440 1694 960 787 1441 987 140 781 748 967 1197 909 931 1244 788 800 104 305 672 642 0 508 861 1047 1252 1055 1600 1499 649 956 538 531 980 854 1428 620 71 791 793 957 1036 1172 960 1256 1053 1226 635 261 1044
267 260 495 779 1028 929 160 918 394 977 1231 1196 461 978 899 559 318 285 504 734 1185 1156 781 325 337 523 556 208 179 508 0 398 959 789 968 1137 1036 186 493 957 950 1147 1273 965 1039 507 328 330 494 1331 709 497 793 590 957 1054 680 581
562 555 441 719 1381 945 375 933 431 776 968 1212 729 946 915 912 113 477 540 742 1200 1171 732 120 197 876 909 493 382 861 398 0 975 723 984 1090 933 471 456 1310 1303 1162 1512 764 1392 860 365 119 470 1347 746 443 719 583 972 1407 1033 618
789 790 1102 1379 644 75 945 105 1148 1436 1629 763 565 1607 87 949 979 873 1359 1403 751 722 1392 986 1063 996 1263 889 964 1047 959 975 0 1384 85 1750 1594 866 1116 673 566 713 1063 1424 680 1046 1184 985 1131 898 1487 1103 1380 1243 523 769 873 1279
952 945 593 92 1771 1354 766 1342 568 391 583 1621 1138 561 1324 1302 728 886 320 98 1609 1580 64 734 764 1267 1183 894 772 1252 789 723 1384 0 1393 705 548 871 608 1700 1694 1572 1921 379 1783 1251 551 734 622 1756 236 594 52 474 1381 1797 1424 481
797 799 1110 1388 653 73 953 86 1157 1445 1637 771 574 1615 96 957 988 882 1368 1411 760 731 1401 994 1072 1004 1271 898 972 1055 968 984 85 1393 0 1759 1602 875 1125 682 575 722 1072 1433 689 1055 1193 994 1140 907 1496 1112 1389 1252 532 777 882 1288
1301 1294 959 700 2120 1720 1114 1709 917 577 253 1987 1495 404 1690 1651 1094 1253 668 694 1976 1947 713 1100 1113 1615 1532 1243 1121 1600 1137 1090 1750 705 1759 0 462 1220 974 2049 2042 1938 2287 565 2131 1600 900 1100 989 2122 669 961 701 838 1748 2146 1772 829
1199 1192 803 544 2018 1564 1012 1552 815 421 397 1830 1347 113 1534 1549 938 1096 566 567 1819 1790 556 944 1011 1513 1430 1112 1019 1499 1036 933 1594 548 1602 462 0 1089 817 1947 1940 1781 2131 409 2030 1498 798 943 832 1966 567 804 544 684 1591 2044 1671 720
349 342 578 862 1168 836 139 825 477 932 1124 1103 544 1060 807 699 401 131 586 816 1092 1063 863 407 419 664 697 55 158 649 186 471 866 871 875 1220 1089 0 575 1097 1090 1054 1404 920 1180 648 410 412 576 1238 792 579 875 672 864 1194 821 664
656 649 111 603 1475 1086 470 1075 127 660 852 1353 851 831 1057 1006 450 619 369 599 1342 1313 616 456 468 971 1004 598 476 956 493 456 1116 608 1125 974 817 575 0 1404 1398 1304 1654 648 1487 955 189 461 41 1489 575 113 604 323 1114 1501 1128 315
898 905 1406 1691 159 643 1072 632 1306 1888 2133 440 890 1889 614 440 1230 1196 1415 1645 390 412 1692 1236 1248 487 754 1120 1091 538 957 1310 673 1700 682 2049 1947 1097 1404 0 158 460 496 1877 124 537 1239 1241 1405 678 1620 1408 1704 1501 707 115 364 1493
892 899 1400 1684 128 536 1065 525 1299 1834 2026 447 883 1882 507 433 1223 1189 1408 1639 396 419 1685 1229 1242 480 747 1113 1084 531 950 1303 566 1694 575 2042 1940 1090 1398 158 0 467 600 1822 156 530 1233 1235 1399 782 1614 1401 1697 1494 714 219 358 1486
976 977 1289 1567 391 683 1132 672 1336 1624 1816 112 753 1794 654 882 1167 1060 1547 1590 101 72 1580 1173 1251 929 1196 1077 1151 980 1147 1162 713 1572 722 1938 1781 1054 1304 460 467 0 824 1612 380 979 1372 1173 1319 684 1675 1291 1568 1431 310 444 806 1467
1226 1233 1639 1917 534 1033 1399 1021 1633 1974 2166 816 1102 2144 1003 767 1517 1410 1742 1940 765 787 1929 1523 1575 814 1052 1426 1418 865 1284 1512 1063 1921 1072 2287 2131 1404 1654 507 611 836 0 1962 500 864 1567 1522 1668 265 1948 1640 1917 1781 574 463 692 1817
1120 1113 634 374 1899 1394 942 1383 679 55 444 1661 1178 422 1365 1479 769 927 496 398 1650 1621 387 775 852 1443 1359 943 949 1428 965 764 1424 379 1433 565 409 920 648 1877 1822 1612 1962 0 1929 1428 728 774 663 1797 482 635 375 515 1422 1974 1600 551
981 988 1489 1773 79 650 1154 638 1388 1941 2134 360 972 1972 620 522 1312 1279 1498 1728 309 332 1775 1319 1331 570 836 1202 1173 620 1039 1392 680 1783 689 2131 2030 1180 1487 124 156 380 488 1929 0 620 1322 1324 1488 670 1703 1491 1787 1584 627 108 447 1575
729 722 957 1241 608 1016 623 1004 857 1439 1693 959 786 1440 986 139 781 747 966 1196 908 930 1243 787 799 104 305 671 642 71 507 860 1046 1251 1055 1600 1498 648 955 537 530 979 853 1428 620 0 790 792 956 1035 1171 959 1255 1052 1226 634 261 1043
491 484 192 541 1310 1154 305 1142 86 739 942 1421 686 740 1124 842 285 509 266 496 1409 1380 543 291 303 806 839 433 311 791 328 365 1184 551 1193 900 798 410 189 1239 1233 1372 1555 728 1322 790 0 296 190 1556 471 193 555 296 1181 1337 963 288
493 486 451 729 1312 955 307 943 363 786 978 1222 688 946 925 843 56 487 472 702 1210 1181 742 63 128 808 841 435 313 793 330 119 985 734 994 1100 943 412 461 1241 1235 1173 1522 774 1324 792 296 0 462 1357 677 453 730 558 983 1338 965 549
657 650 112 618 1476 1101 471 1089 128 675 867 1368 852 844 1071 1007 450 633 370 600 1357 1328 631 457 469 972 1005 599 477 957 494 470 1131 622 1140 989 832 576 41 1405 1399 1319 1668 663 1488 956 190 462 0 1503 576 113 618 324 1129 1502 1129 316
1161 1162 1474 1752 716 868 1317 856 1520 1809 2001 734 937 1979 838 949 1352 1245 1732 1775 722 693 1764 1358 1435 996 1233 1261 1336 1047 1331 1347 898 1756 907 2122 1966 1238 1489 689 793 684 265 1797 682 1046 1556 1357 1503 0 1860 1475 1752 1616 409 645 874 1652
872 866 577 226 1692 1457 686 1446 489 494 687 1724 1067 510 1428 1223 666 890 240 181 1713 1684 228 672 684 1187 1103 814 693 1172 709 746 1487 236 1496 669 567 792 575 1620 1614 1675 1937 482 1703 1171 471 677 576 1860 0 579 240 409 1485 1718 1344 401
660 653 60 590 1479 1073 473 1062 130 647 839 1340 854 817 1043 1010 447 606 373 603 1329 1300 603 453 472 974 1007 602 480 960 497 443 1103 594 1112 961 804 579 113 1408 1401 1291 1640 635 1491 959 193 453 113 1475 579 0 591 327 1101 1505 1132 319
956 949 589 88 1775 1350 769 1338 572 387 579 1617 1134 557 1320 1306 724 882 323 102 1605 1576 60 730 768 1271 1187 898 776 1256 793 719 1380 52 1389 701 544 875 604 1704 1697 1568 1917 375 1787 1255 555 730 618 1752 240 591 0 470 1378 1801 1428 485
753 746 325 470 1572 1213 566 1202 237 527 719 1480 947 678 1184 1103 546 746 204 434 1469 1440 481 552 565 1068 1100 695 573 1053 590 583 1243 474 1252 838 684 672 323 1501 1494 1431 1781 515 1584 1052 296 558 324 1616 409 327 470 0 1241 1598 1225 88
786 787 1099 1377 637 493 942 482 1146 1434 1626 359 563 1604 464 1128 977 870 1357 1400 347 318 1390 983 1060 1176 1442 887 961 1226 957 972 523 1381 532 1748 1591 864 1114 707 714 310 574 1422 627 1226 1181 983 1129 409 1485 1101 1378 1241 0 691 1053 1277
996 1003 1504 1788 143 739 1169 727 1403 1986 2197 424 987 1986 709 537 1327 1293 1512 1742 373 395 1789 1333 1345 584 851 1217 1188 635 1054 1407 769 1797 777 2146 2044 1194 1501 115 219 444 452 1974 108 634 1337 1338 1502 634 1718 1505 1801 1598 691 0 462 1590
602 609 1130 1414 435 843 795 832 1029 1612 1866 786 593 1613 814 163 953 920 1139 1369 735 758 1416 960 972 211 477 843 814 261 680 1033 873 1424 882 1772 1671 821 1128 364 358 806 680 1600 447 261 963 965 1129 862 1344 1132 1428 1225 1053 462 0 1216
745 738 317 471 1564 1249 558 1238 229 563 755 1516 939 670 1220 1095 538 762 196 426 1505 1476 472 544 557 1059 1092 686 565 1044 581 618 1279 481 1288 829 720 664 315 1493 1486 1467 1809 551 1575 1043 288 549 316 1652 401 319 485 88 1277 1590 1216 0
EOF