NAME : tsp_problem
TYPE : TSP
DIMENSION : 72
EDGE_WEIGHT_TYPE : EXPLICIT
EDGE_WEIGHT_FORMAT : FULL_MATRIX
EDGE_WEIGHT_SECTION
0 1719 786 1091 615 801 1269 718 837 1246 884 575 1133 1497 1091 1605 1314 1193 632 1245 716 961 156 1239 1242 796 806 1180 1082 1379 739 987 1018 192 1516 1328 1067 977 1081 1253 605 581 999 1042 768 1442 1011 562 1219 1031 583 984 639 1484 1613 1032 478 1229 1257 143 596 316 1043 1182 807 1457 735 1013 1057 1525 1013 1161
1719 0 977 783 2044 999 591 1856 1035 601 997 2177 1484 250 1680 265 543 715 1219 578 1176 823 1767 588 581 995 1297 617 1433 584 1030 846 792 1560 288 436 1656 1890 791 569 1426 2107 1843 815 1813 477 1600 2063 1570 805 1178 807 1200 256 273 1835 1664 594 542 1755 2025 1825 760 704 1999 452 1303 856 817 286 786 683
786 977 0 363 1294 282 553 1382 318 530 364 1254 1010 781 1206 889 598 477 291 529 455 205 835 523 526 277 545 464 959 663 220 231 302 628 800 612 1182 1415 365 537 494 1260 1369 326 1339 726 1126 1241 1096 315 246 228 268 768 897 1361 732 513 541 822 1275 893 296 466 1486 741 474 257 341 810 297 446
1091 783 363 0 1599 586 514 1502 622 503 644 1558 1131 755 1327 863 571 451 596 501 760 367 1139 496 499 582 850 437 1080 636 524 392 87 932 773 586 1303 1536 36 492 798 1564 1489 63 1460 699 1246 1545 1216 75 550 390 572 741 870 1481 1036 487 514 1127 1580 1197 125 440 1646 714 779 419 57 783 93 419
615 2044 1294 1599 0 1309 1775 231 1345 1754 1388 210 764 2005 604 2113 1821 1701 1140 1753 1224 1469 515 1747 1750 1304 1098 1687 653 1887 1247 1493 1526 700 2023 1836 580 381 1589 1753 1113 191 404 1549 281 1950 524 147 646 1539 1091 1455 1147 1991 2120 437 641 1737 1764 585 109 479 1550 1690 212 1965 1027 1503 1565 2033 1521 1669
801 999 282 586 1309 0 731 1201 56 740 137 1268 830 993 1026 1101 809 689 306 717 470 426 850 728 720 30 560 675 779 874 85 449 514 642 1011 824 1002 1235 576 709 508 1274 1188 537 1159 937 945 1255 915 527 260 410 282 979 1108 1181 746 725 752 837 1290 907 538 678 1345 952 489 458 553 1021 508 657
1269 591 553 514 1775 731 0 1587 767 90 729 1736 1216 645 1412 693 455 256 774 67 908 555 1317 78 71 726 1028 158 1165 496 702 577 454 1110 663 476 1388 1621 516 59 976 1742 1574 477 1545 589 1331 1723 1301 467 728 539 750 631 700 1567 1214 83 404 1305 1757 1375 478 245 1731 580 957 587 493 673 448 224
718 1856 1382 1502 231 1201 1587 0 1237 1597 1200 364 577 1942 416 1957 1720 1711 1156 1574 1114 1283 618 1585 1577 1197 965 1613 465 1760 1232 1305 1512 804 1980 1881 392 593 1511 1565 1216 294 615 1535 93 1869 336 251 663 1524 1178 1267 1162 1948 1965 648 744 1590 1770 689 212 582 1480 1700 423 1844 971 1315 1537 1978 1506 1679
837 1035 318 622 1345 56 767 1237 0 776 173 1304 866 1029 1062 1136 845 725 342 753 506 462 885 764 756 60 596 711 815 910 121 484 550 678 1047 860 1038 1271 612 744 544 1310 1224 573 1195 973 981 1291 951 562 296 446 318 1015 1144 1216 782 761 788 873 1326 943 574 713 1381 988 525 494 588 1057 544 693
1246 601 530 503 1754 740 90 1597 776 0 738 1713 1225 622 1421 702 438 233 750 77 914 564 1294 87 80 736 1005 135 1174 503 679 587 431 1087 640 453 1397 1631 493 68 953 1719 1584 454 1554 566 1341 1700 1311 443 705 548 727 608 710 1576 1191 93 381 1282 1735 1352 455 222 1740 581 934 597 469 650 425 201
884 997 364 644 1388 137 729 1200 173 738 0 1351 828 1075 1024 1099 861 771 388 715 520 424 932 726 719 133 641 755 777 902 168 447 596 725 1094 906 1000 1233 652 707 591 1357 1186 620 1157 1011 943 1338 914 609 343 408 365 1061 1106 1179 829 731 835 920 1369 990 620 760 1343 986 572 456 635 1103 591 739
575 2177 1254 1558 210 1268 1736 364 1304 1713 1351 0 802 1965 737 2073 1781 1661 1100 1712 1183 1429 475 1706 1709 1264 1057 1647 787 1846 1206 1454 1486 660 1983 1796 713 420 1548 1720 1072 145 443 1509 414 1909 657 186 685 1499 1050 1451 1106 1951 2080 475 600 1697 1724 545 232 438 1510 1650 250 1924 986 1481 1525 1993 1480 1629
1133 1484 1010 1131 764 830 1216 577 866 1225 828 802 0 1570 401 1586 1348 1339 785 1202 742 911 1033 1213 1206 825 593 1242 154 1389 860 934 1140 1104 1608 1509 377 491 1139 1194 978 800 444 1163 534 1498 321 784 171 1153 807 895 791 1577 1593 436 682 1218 1398 1104 746 843 1108 1328 600 1473 599 943 1166 1606 1135 1307
1497 250 781 755 2005 993 645 1942 1029 622 1075 1965 1570 0 1766 136 377 570 1002 621 1166 888 1546 615 618 988 1256 556 1519 443 931 913 682 1339 52 215 1742 1976 745 629 1205 1971 1929 706 1899 285 1686 1952 1656 695 957 894 979 79 144 1921 1443 606 320 1533 1986 1604 707 559 2085 300 1185 940 721 50 677 538
1091 1680 1206 1327 604 1026 1412 416 1062 1421 1024 737 401 1766 0 1781 1544 1535 980 1398 938 1107 991 1409 1401 1021 789 1437 290 1585 1056 1129 1336 1176 1804 1705 47 806 1335 1389 1174 667 760 1359 373 1694 104 623 487 1349 1002 1091 987 1773 1789 752 878 1414 1594 1061 585 955 1304 1524 796 1668 795 1139 1361 1802 1330 1503
1605 265 889 863 2113 1101 693 1957 1136 702 1099 2073 1586 136 1781 0 485 677 1110 679 1274 925 1654 690 682 1096 1364 664 1535 550 1038 947 790 1446 174 322 1758 1991 853 670 1312 2079 1944 813 1915 392 1701 2059 1671 803 1065 909 1086 143 56 1936 1550 695 428 1641 2094 1712 814 666 2100 407 1293 957 829 172 785 646
1314 543 598 571 1821 809 455 1720 845 438 861 1781 1348 377 1544 485 0 386 818 437 982 687 1362 431 434 804 1072 372 1297 112 747 709 498 1155 396 208 1520 1753 561 433 1021 1787 1706 522 1677 322 1463 1768 1434 511 773 671 795 363 493 1699 1259 422 117 1350 1802 1420 523 375 1863 337 1002 719 537 405 493 354
1193 715 477 451 1701 689 256 1711 725 233 771 1661 1339 570 1535 677 386 0 698 232 862 584 1242 226 229 684 952 167 1288 451 627 609 378 1034 588 401 1511 1745 441 240 901 1667 1698 402 1668 514 1455 1648 1425 391 653 606 675 556 685 1690 1138 217 329 1229 1682 1300 402 89 1854 529 881 636 417 598 373 69
632 1219 291 596 1140 306 774 1156 342 750 388 1100 785 1002 980 1110 818 698 0 750 197 466 681 743 747 301 391 684 733 884 244 491 523 474 1020 833 956 1190 586 758 340 1106 1143 546 1114 947 900 1087 870 536 117 489 65 988 1117 1135 578 734 761 668 1121 739 547 687 1299 962 320 518 562 1030 518 666
1245 578 529 501 1753 717 67 1574 753 77 715 1712 1202 621 1398 679 437 232 750 0 894 541 1294 64 57 713 1004 135 1151 482 678 564 430 1086 639 452 1374 1608 493 45 952 1718 1561 453 1531 566 1318 1699 1288 443 704 525 726 607 687 1553 1190 70 380 1281 1734 1351 454 221 1717 566 933 574 469 649 425 200
716 1176 455 760 1224 470 908 1114 506 914 520 1183 742 1166 938 1274 982 862 197 894 0 603 765 905 898 465 446 848 691 1048 408 626 687 557 1184 997 914 1147 750 886 423 1189 1101 710 1071 1111 858 1170 828 700 230 587 204 1152 1281 1093 661 898 925 752 1205 823 711 851 1257 1126 404 635 726 1194 682 830
961 823 205 367 1469 426 555 1283 462 564 424 1429 911 888 1107 925 687 584 466 541 603 0 1010 552 544 421 720 570 860 728 395 108 332 802 906 719 1083 1316 376 532 669 1435 1270 355 1240 832 1026 1415 997 345 421 44 443 874 932 1262 906 557 647 997 1450 1068 301 572 1426 811 649 118 371 916 327 552
156 1767 835 1139 515 850 1317 618 885 1294 932 475 1033 1546 991 1654 1362 1242 681 1294 765 1010 0 1287 1290 845 835 1228 982 1428 788 1035 1067 241 1564 1377 967 877 1130 1302 653 481 899 1090 668 1491 911 462 1119 1080 632 1032 687 1532 1661 932 378 1278 1305 126 496 216 1091 1231 707 1506 764 1062 1106 1574 1062 1210
1239 588 523 496 1747 728 78 1585 764 87 726 1706 1213 615 1409 690 431 226 743 64 905 552 1287 0 68 723 998 128 1162 493 672 574 424 1080 633 446 1385 1618 486 56 946 1712 1572 447 1542 559 1328 1693 1299 436 698 536 720 601 697 1564 1184 81 374 1275 1728 1345 448 215 1728 574 927 584 463 643 418 194
1242 581 526 499 1750 720 71 1577 756 80 719 1709 1206 618 1401 682 434 229 747 57 898 544 1290 68 0 716 1001 131 1154 486 675 567 427 1083 636 449 1377 1611 489 48 949 1715 1564 450 1535 562 1321 1696 1291 440 701 529 723 604 690 1556 1187 73 377 1278 1731 1348 451 218 1720 569 930 577 466 646 421 197
796 995 277 582 1304 30 726 1197 60 736 133 1264 825 988 1021 1096 804 684 301 713 465 421 845 723 716 0 555 670 774 870 81 444 509 638 1006 819 997 1231 572 704 504 1270 1184 532 1154 933 941 1251 911 522 256 406 278 974 1103 1176 742 720 747 832 1285 903 533 673 1340 948 485 454 548 1016 504 652
806 1297 545 850 1095 560 1028 965 596 1005 641 1054 593 1256 789 1364 1072 952 391 1004 446 720 832 998 1001 555 0 938 542 1138 498 745 777 647 1275 1087 765 999 840 1007 513 1060 952 800 923 1201 709 1041 679 790 342 708 398 1242 1371 944 481 988 1015 842 1076 642 801 941 1108 1216 107 756 816 1284 772 920
1180 617 464 437 1687 675 158 1613 711 135 755 1647 1242 556 1437 664 372 167 684 135 848 570 1228 128 131 670 938 0 1191 437 613 595 365 1021 574 387 1414 1647 427 143 887 1653 1600 388 1571 500 1357 1634 1327 377 639 565 661 542 671 1592 1125 119 315 1216 1669 1286 389 156 1757 515 868 613 403 584 359 135
1082 1433 959 1080 653 779 1165 465 815 1174 777 787 154 1519 290 1535 1297 1288 733 1151 691 860 982 1162 1154 774 542 1191 0 1338 809 882 1089 1053 1557 1458 266 560 1088 1142 927 716 513 1112 423 1447 209 673 240 1102 755 844 740 1526 1542 505 631 1167 1347 1053 635 792 1057 1277 669 1421 548 892 1114 1555 1084 1256
1379 584 663 636 1887 874 496 1760 910 503 902 1846 1389 443 1585 550 112 451 884 482 1048 728 1428 493 486 870 1138 437 1338 0 812 750 564 1220 461 274 1561 1794 626 474 1086 1852 1747 587 1718 387 1504 1833 1474 577 838 712 860 429 558 1740 1324 487 163 1415 1868 1485 588 440 1904 402 1067 760 603 471 559 419
739 1030 220 524 1247 85 702 1232 121 679 168 1206 860 931 1056 1038 747 627 244 678 408 395 788 672 675 81 498 613 809 812 0 420 452 580 949 762 1032 1266 514 686 446 1212 1219 475 1190 875 976 1193 946 464 198 417 220 917 1046 1211 684 663 690 775 1228 845 476 616 1375 890 427 447 490 959 446 595
987 846 231 392 1493 449 577 1305 484 587 447 1454 934 913 1129 947 709 609 491 564 626 108 1035 574 567 444 745 595 882 750 420 0 357 828 931 744 1105 1339 401 555 694 1460 1292 381 1263 857 1049 1441 1019 370 446 92 468 899 955 1284 932 580 672 1023 1474 1093 326 598 1448 834 675 52 396 941 352 577
1018 792 302 87 1526 514 454 1512 550 431 596 1486 1140 682 1336 790 498 378 523 430 687 332 1067 424 427 509 777 365 1089 564 452 357 0 859 701 513 1312 1545 77 438 726 1492 1498 60 1469 627 1255 1473 1226 72 478 354 500 669 798 1491 963 414 442 1054 1507 1125 90 367 1655 642 706 384 54 710 61 346
192 1560 628 932 700 642 1110 804 678 1087 725 660 1107 1339 1176 1446 1155 1034 474 1086 557 802 241 1080 1083 638 647 1021 1056 1220 580 828 859 0 1357 1170 1152 1062 922 1094 446 666 1084 883 853 1283 1096 647 1192 872 424 825 480 1325 1454 1117 563 1071 1098 229 681 401 884 1023 892 1298 576 855 898 1367 854 1003
1516 288 800 773 2023 1011 663 1980 1047 640 1094 1983 1608 52 1804 174 396 588 1020 639 1184 906 1564 633 636 1006 1275 574 1557 461 949 931 701 1357 0 233 1780 2014 763 647 1223 1989 1967 724 1937 303 1724 1970 1694 713 975 928 997 117 182 1959 1461 624 339 1552 2005 1622 725 577 2123 318 1204 958 739 80 695 556
1328 436 612 586 1836 824 476 1881 860 453 906 1796 1509 215 1705 322 208 401 833 452 997 719 1377 446 449 819 1087 387 1458 274 762 744 513 1170 233 0 1681 1915 576 460 1036 1802 1868 537 1838 159 1625 1783 1595 526 788 741 810 201 330 1860 1274 437 151 1364 1817 1435 538 390 2024 174 1016 771 552 243 508 369
1067 1656 1182 1303 580 1002 1388 392 1038 1397 1000 713 377 1742 47 1758 1520 1511 956 1374 914 1083 967 1385 1377 997 765 1414 266 1561 1032 1105 1312 1152 1780 1681 0 782 1311 1365 1150 643 736 1335 349 1670 87 599 463 1325 978 1067 963 1749 1765 728 854 1390 1570 1037 561 931 1280 1500 772 1644 771 1115 1337 1778 1307 1479
977 1890 1415 1536 381 1235 1621 593 1271 1631 1233 420 491 1976 806 1991 1753 1745 1190 1608 1147 1316 877 1618 1611 1231 999 1647 560 1794 1266 1339 1545 1062 2014 1915 782 0 1545 1599 1384 418 131 1569 643 1903 726 434 374 1558 1212 1301 1196 1982 1998 164 1002 1624 1804 947 403 840 1514 1734 218 1878 1005 1349 1571 2012 1540 1713
1081 791 365 36 1589 576 516 1511 612 493 652 1548 1139 745 1335 853 561 441 586 493 750 376 1130 486 489 572 840 427 1088 626 514 401 77 922 763 576 1311 1545 0 500 788 1554 1498 53 1468 689 1255 1535 1225 65 540 398 562 731 860 1490 1026 477 504 1117 1570 1187 134 430 1654 704 769 428 47 773 83 409
1253 569 537 492 1753 709 59 1565 744 68 707 1720 1194 629 1389 670 433 240 758 45 886 532 1302 56 48 704 1007 143 1142 474 686 555 438 1094 647 460 1365 1599 500 0 960 1726 1552 461 1523 574 1309 1707 1279 451 712 517 734 615 678 1544 1198 61 388 1289 1734 1359 462 229 1708 557 941 565 477 657 433 208
958 1909 977 1281 1121 991 1459 1224 1027 1436 1074 1080 924 1688 1120 1795 1504 1383 823 1435 906 1151 858 1429 1432 987 726 1370 873 1569 929 1177 1208 929 1706 1519 1096 1329 1271 1443 0 1086 1283 1232 1253 1632 1039 1067 1010 1221 773 1174 829 1674 1803 1275 507 1420 1447 928 1102 668 1233 1372 1313 1647 655 1204 1247 1716 1203 1352
581 2107 1260 1564 191 1274 1742 294 1310 1719 1357 145 800 1971 667 2079 1787 1667 1106 1718 1189 1435 481 1712 1715 1270 1063 1653 716 1852 1212 1460 1492 666 1989 1802 643 418 1554 1726 1078 0 440 1515 344 1915 586 137 683 1505 1056 1457 1112 1957 2086 473 606 1703 1730 551 172 444 1516 1656 248 1930 992 1487 1531 1999 1486 1635
999 1843 1369 1489 404 1188 1574 615 1224 1584 1186 443 444 1929 760 1944 1706 1698 1143 1561 1101 1270 899 1572 1564 1184 952 1600 513 1747 1219 1292 1498 1084 1967 1868 736 131 1498 1552 1337 440 0 1522 665 1856 679 457 327 1511 1165 1254 1149 1935 1952 117 1025 1577 1757 969 426 863 1467 1687 241 1831 958 1302 1524 1965 1493 1666
1042 815 326 63 1549 537 477 1535 573 454 620 1509 1163 706 1359 813 522 402 546 453 710 355 1090 447 450 532 800 388 1112 587 475 381 60 883 724 537 1335 1569 53 461 749 1515 1522 0 1492 650 1279 1496 1249 47 501 378 523 692 821 1514 987 438 465 1078 1531 1148 113 390 1678 665 730 407 29 734 66 370
768 1813 1339 1460 281 1159 1545 93 1195 1554 1157 414 534 1899 373 1915 1677 1668 1114 1531 1071 1240 668 1542 1535 1154 923 1571 423 1718 1190 1263 1469 853 1937 1838 349 643 1468 1523 1266 344 665 1492 0 1827 293 300 620 1482 1136 1224 1120 1906 1922 698 794 1548 1727 738 262 632 1438 1657 473 1802 928 1272 1495 1935 1464 1637
1442 477 726 699 1950 937 589 1869 973 566 1011 1909 1498 285 1694 392 322 514 947 566 1111 832 1491 559 562 933 1201 500 1447 387 875 857 627 1283 303 159 1670 1903 689 574 1149 1915 1856 650 1827 0 1613 1896 1583 640 901 821 923 271 400 1848 1387 550 265 1478 1931 1548 651 503 2013 113 1130 869 666 313 622 482
1011 1600 1126 1246 524 945 1331 336 981 1341 943 657 321 1686 104 1701 1463 1455 900 1318 858 1026 911 1328 1321 941 709 1357 209 1504 976 1049 1255 1096 1724 1625 87 726 1255 1309 1094 586 679 1279 293 1613 0 543 406 1268 922 1011 906 1692 1709 671 797 1334 1514 981 505 874 1224 1444 716 1588 715 1059 1281 1722 1250 1423
562 2063 1241 1545 147 1255 1723 251 1291 1700 1338 186 784 1952 623 2059 1768 1648 1087 1699 1170 1415 462 1693 1696 1251 1044 1634 673 1833 1193 1441 1473 647 1970 1783 599 434 1535 1707 1059 137 457 1496 300 1896 543 0 700 1485 1037 1438 1093 1938 2067 490 587 1684 1711 532 128 425 1497 1636 265 1911 973 1468 1511 1980 1467 1616
1219 1570 1096 1216 646 915 1301 663 951 1311 914 685 171 1656 487 1671 1434 1425 870 1288 828 997 1119 1299 1291 911 679 1327 240 1474 946 1019 1226 1189 1694 1595 463 374 1225 1279 1064 683 327 1249 620 1583 406 700 0 1238 892 981 876 1662 1679 319 767 1304 1484 1189 668 929 1194 1414 483 1558 685 1029 1251 1692 1220 1393
1031 805 315 75 1539 527 467 1524 562 443 609 1499 1153 695 1349 803 511 391 536 443 700 345 1080 436 440 522 790 377 1102 577 464 370 72 872 713 526 1325 1558 65 451 738 1505 1511 47 1482 640 1268 1485 1238 0 491 367 512 681 810 1503 976 427 454 1067 1520 1138 103 380 1668 655 719 397 41 723 74 359
583 1178 246 550 1091 260 728 1178 296 705 343 1050 807 957 1002 1065 773 653 117 704 230 421 632 698 701 256 342 639 755 838 198 446 478 424 975 788 978 1212 540 712 290 1056 1165 501 1136 901 922 1037 892 491 0 443 102 943 1072 1157 528 689 716 619 1072 689 502 642 1283 916 271 473 517 985 472 621
984 807 228 390 1455 410 539 1267 446 548 408 1451 895 894 1091 909 671 606 489 525 587 44 1032 536 529 406 708 565 844 712 417 92 354 825 928 741 1067 1301 398 517 691 1457 1254 378 1224 821 1011 1438 981 367 443 0 465 896 916 1246 929 542 669 1020 1436 1090 323 595 1410 796 672 102 393 930 349 574
639 1200 268 572 1147 282 750 1162 318 727 365 1106 791 979 987 1086 795 675 65 726 204 443 687 720 723 278 398 661 740 860 220 468 500 480 997 810 963 1196 562 734 346 1112 1149 523 1120 923 906 1093 876 512 102 465 0 965 1094 1142 584 711 738 675 1128 745 524 663 1306 938 327 495 538 1007 494 643
1484 256 768 741 1991 979 631 1948 1015 608 1061 1951 1577 79 1773 143 363 556 988 607 1152 874 1532 601 604 974 1242 542 1526 429 917 899 669 1325 117 201 1749 1982 731 615 1191 1957 1935 692 1906 271 1692 1938 1662 681 943 896 965 0 150 1927 1429 592 307 1520 1973 1590 693 545 2092 286 1172 926 707 115 663 524
1613 273 897 870 2120 1108 700 1965 1144 710 1106 2080 1593 144 1789 56 493 685 1117 687 1281 932 1661 697 690 1103 1371 671 1542 558 1046 955 798 1454 182 330 1765 1998 860 678 1320 2086 1952 821 1922 400 1709 2067 1679 810 1072 916 1094 150 0 1944 1558 703 436 1649 2102 1719 822 674 2108 415 1301 964 836 180 792 653
1032 1835 1361 1481 437 1181 1567 648 1216 1576 1179 475 436 1921 752 1936 1699 1690 1135 1553 1093 1262 932 1564 1556 1176 944 1592 505 1740 1211 1284 1491 1117 1959 1860 728 164 1490 1544 1329 473 117 1514 698 1848 671 490 319 1503 1157 1246 1142 1927 1944 0 1032 1569 1749 1002 459 896 1459 1679 273 1823 950 1294 1516 1957 1485 1658
478 1667 734 1039 641 749 1217 744 785 1194 832 600 682 1445 878 1553 1261 1141 580 1193 664 909 378 1187 1190 744 483 1128 631 1327 687 935 966 449 1464 1276 854 1002 1029 1201 589 606 1025 990 794 1390 797 587 767 979 531 932 587 1432 1561 1032 0 1177 1205 448 622 188 990 1130 833 1405 413 961 1005 1473 961 1109
1229 594 513 487 1737 725 83 1590 761 93 731 1697 1218 606 1414 695 422 217 734 70 898 557 1278 81 73 720 988 119 1167 487 663 580 414 1071 624 437 1390 1624 477 61 937 1703 1577 438 1548 550 1334 1684 1304 427 689 542 711 592 703 1569 1175 0 365 1265 1718 1336 439 206 1733 565 917 590 453 634 409 185
1257 542 541 514 1764 752 404 1770 788 381 835 1724 1398 320 1594 428 117 329 761 380 925 647 1305 374 377 747 1015 315 1347 163 690 672 442 1098 339 151 1570 1804 504 388 964 1730 1757 465 1727 265 1514 1711 1484 454 716 669 738 307 436 1749 1202 365 0 1293 1746 1363 466 318 1913 280 945 699 480 348 436 297
143 1755 822 1127 585 837 1305 689 873 1282 920 545 1104 1533 1061 1641 1350 1229 668 1281 752 997 126 1275 1278 832 842 1216 1053 1415 775 1023 1054 229 1552 1364 1037 947 1117 1289 641 551 969 1078 738 1478 981 532 1189 1067 619 1020 675 1520 1649 1002 448 1265 1293 0 566 286 1079 1218 777 1493 771 1049 1093 1562 1049 1198
596 2025 1275 1580 109 1290 1757 212 1326 1735 1369 232 746 1986 585 2094 1802 1682 1121 1734 1205 1450 496 1728 1731 1285 1079 1669 635 1868 1228 1474 1507 681 2005 1817 561 403 1570 1734 1094 172 426 1531 262 1931 505 128 668 1520 1072 1436 1128 1973 2102 459 622 1718 1746 566 0 460 1531 1671 234 1946 1008 1484 1546 2014 1502 1650
316 1822 890 1194 479 904 1372 582 940 1349 987 438 843 1601 955 1709 1417 1297 736 1348 820 1065 216 1342 1345 900 645 1283 792 1482 842 1090 1122 401 1619 1432 931 840 1184 1356 708 444 863 1145 632 1545 874 425 929 1135 686 1087 742 1587 1716 896 188 1333 1360 286 460 0 1146 1286 671 1560 574 1117 1161 1629 1116 1265
1043 760 296 125 1550 538 478 1480 574 455 620 1510 1108 707 1304 814 523 402 547 454 711 301 1091 448 451 533 801 389 1057 588 476 326 90 884 725 538 1280 1514 134 462 750 1516 1467 113 1438 651 1224 1497 1194 103 502 323 524 693 822 1459 988 439 466 1079 1531 1149 0 391 1623 666 731 353 129 735 85 371
1182 704 466 440 1690 678 245 1700 713 222 760 1650 1328 559 1524 666 375 89 687 221 851 572 1231 215 218 673 941 156 1277 440 616 598 367 1023 577 390 1500 1734 430 229 890 1656 1687 390 1657 503 1444 1636 1414 380 642 595 663 545 674 1679 1127 206 318 1218 1671 1289 391 0 1843 518 870 625 406 587 362 44
807 1999 1486 1646 212 1345 1731 423 1381 1740 1343 250 600 2085 796 2100 1863 1854 1299 1717 1257 1426 707 1728 1720 1340 1108 1757 669 1904 1375 1448 1655 892 2123 2024 772 218 1654 1708 1305 248 241 1678 473 2013 716 265 483 1668 1283 1410 1306 2092 2108 273 833 1733 1913 777 234 671 1623 1843 0 1987 1114 1458 1680 2121 1649 1822
1457 452 741 714 1965 952 580 1844 988 581 986 1924 1473 300 1668 407 337 529 962 566 1126 811 1506 574 569 948 1216 515 1421 402 890 834 642 1298 318 174 1644 1878 704 557 1164 1930 1831 665 1802 113 1588 1911 1558 655 916 796 938 286 415 1823 1402 565 280 1493 1946 1563 666 518 1987 0 1145 844 681 328 637 497
735 1303 474 779 1024 489 957 971 525 934 572 984 599 1185 795 1293 1002 881 320 933 404 649 761 927 930 485 107 868 548 1067 427 675 706 576 1204 1016 771 1005 769 941 443 990 958 730 928 1130 715 970 685 719 271 672 327 1172 1301 950 410 917 945 771 1005 571 731 870 1114 1145 0 701 745 1214 701 850
1013 856 257 419 1503 458 587 1315 494 597 456 1481 943 940 1139 957 719 636 518 574 635 118 1062 584 577 454 756 613 892 760 447 52 384 855 958 771 1115 1349 428 565 721 1487 1302 407 1272 869 1059 1468 1029 397 473 102 495 926 964 1294 959 590 699 1049 1484 1120 353 625 1458 844 701 0 423 968 379 604
1057 817 341 57 1565 553 493 1537 588 469 635 1525 1166 721 1361 829 537 417 562 469 726 371 1106 463 466 548 816 403 1114 603 490 396 54 898 739 552 1337 1571 47 477 764 1531 1524 29 1495 666 1281 1511 1251 41 517 393 538 707 836 1516 1002 453 480 1093 1546 1164 129 406 1680 681 745 423 0 749 59 385
1525 286 810 783 2033 1021 673 1978 1057 650 1103 1993 1606 50 1802 172 405 598 1030 649 1194 916 1574 643 646 1016 1284 584 1555 471 959 941 710 1367 80 243 1778 2012 773 657 1233 1999 1965 734 1935 313 1722 1980 1692 723 985 930 1007 115 180 1957 1471 634 348 1562 2014 1632 735 587 2121 328 1214 968 749 0 705 566
1013 786 297 93 1521 508 448 1506 544 425 591 1480 1135 677 1330 785 493 373 518 425 682 327 1062 418 421 504 772 359 1084 559 446 352 61 854 695 508 1307 1540 83 433 720 1486 1493 66 1464 622 1250 1467 1220 74 472 349 494 663 792 1485 958 409 436 1049 1502 1119 85 362 1649 637 701 379 59 705 0 341
1161 683 446 419 1669 657 224 1679 693 201 739 1629 1307 538 1503 646 354 69 666 200 830 552 1210 194 197 652 920 135 1256 419 595 577 346 1003 556 369 1479 1713 409 208 869 1635 1666 370 1637 482 1423 1616 1393 359 621 574 643 524 653 1658 1107 185 297 1198 1650 1268 371 44 1822 497 850 604 385 566 341 0
EOF