NAME : tsp_problem
TYPE : TSP
DIMENSION : 68
EDGE_WEIGHT_TYPE : EXPLICIT
EDGE_WEIGHT_FORMAT : FULL_MATRIX
EDGE_WEIGHT_SECTION
0 1252 1060 531 801 317 1560 878 153 307 561 525 325 322 24 757 1162 1305 792 1238 423 1130 1240 564 866 810 1302 1230 125 1295 426 975 354 128 1281 23 1097 1156 828 251 852 1162 676 514 64 721 510 506 1020 1047 1195 856 701 385 1300 1296 1342 848 483 1076 141 27 794 410 1050 292 273 444
1252 0 1829 1424 804 1157 887 1742 1212 1140 1436 959 1121 1126 1251 1581 384 484 795 671 1067 175 56 947 1680 814 383 312 1184 376 1070 1946 1377 1187 362 1254 1931 172 1862 1170 707 140 1445 973 1205 1580 967 1062 323 350 113 1670 1700 1069 679 649 521 815 1311 1845 1200 1248 1728 1023 353 1370 1350 1088
1060 1829 0 715 1706 1222 2173 576 1020 1212 727 1413 1194 1199 1059 595 2067 2168 1697 1815 1140 1707 1817 1289 514 1716 2097 2026 992 2090 1143 264 927 995 2076 1062 249 1733 428 1156 1758 1739 427 1316 1013 594 1346 1135 1597 1625 1772 504 714 1142 1877 1873 2205 1753 862 51 1008 1056 562 1315 1627 956 981 1161
531 1424 715 0 1027 543 1768 577 556 533 40 752 552 548 531 455 1388 1531 1018 1410 650 1302 1413 791 565 1037 1528 1457 528 1521 653 674 243 532 1507 533 796 1328 527 477 1079 1334 331 741 484 420 737 730 1193 1220 1367 555 399 611 1473 1468 1568 1074 312 731 544 527 493 636 1222 273 299 671
801 804 1706 1027 0 647 858 1374 826 630 1057 763 563 616 800 1253 460 602 72 961 661 864 792 802 1362 63 600 528 798 592 664 1471 850 801 578 802 1593 861 1324 589 150 830 1327 752 754 1217 748 744 1012 1040 802 1353 1197 623 968 939 639 455 979 1722 814 797 1290 647 1042 789 769 682
317 1157 1222 543 647 0 1406 890 341 92 573 371 116 91 316 768 1008 1151 638 1142 166 1034 1145 410 878 656 1148 1077 314 1141 169 987 366 317 1127 318 1109 1061 840 119 699 1066 843 360 269 733 356 249 925 952 1099 868 712 127 1205 1200 1188 694 495 1238 330 313 806 256 955 304 285 187
1571 898 2173 1768 869 1417 0 2086 1556 1401 1780 1203 1333 1386 1570 1925 554 451 860 812 1411 958 886 1290 2024 878 548 618 1528 555 1414 2242 1620 1531 569 1573 2275 955 2094 1359 772 924 1789 1306 1524 1924 1211 1405 1023 1051 896 2014 1967 1393 819 790 462 880 1655 2189 1544 1567 2061 1266 1053 1559 1539 1432
878 1742 576 577 1374 890 2086 0 903 880 607 1099 899 896 878 508 1736 1878 1366 1728 997 1620 1730 1138 141 1384 1876 1804 876 1868 1000 421 723 879 1854 880 543 1646 274 824 1426 1652 340 1088 831 479 1084 1047 1510 1537 1685 131 459 959 1790 1786 1915 1421 775 592 891 874 139 983 1540 669 650 1018
153 1212 1020 556 826 341 1556 903 0 331 586 550 350 347 152 772 1187 1329 817 1198 448 1090 1200 589 871 835 1327 1255 61 1320 451 1000 379 57 1305 155 1122 1116 853 275 877 1122 636 539 106 746 535 517 980 1007 1155 861 725 410 1260 1256 1366 873 502 1036 45 149 819 434 1010 317 298 469
307 1140 1212 533 630 92 1390 880 331 0 563 355 99 75 306 758 992 1134 622 1126 149 1018 1128 394 868 640 1132 1060 304 1125 152 977 356 307 1110 308 1099 1044 830 109 682 1050 829 344 260 723 340 232 908 936 1083 858 703 111 1189 1184 1171 677 485 1228 320 303 796 239 938 294 275 170
561 1436 727 40 1057 573 1780 607 586 563 0 781 582 578 560 479 1418 1561 1048 1422 680 1314 1424 820 577 1067 1558 1487 558 1551 683 704 273 561 1537 563 826 1340 557 507 1109 1346 343 770 514 449 766 742 1204 1232 1379 568 429 641 1485 1480 1598 1104 342 743 574 557 523 666 1234 303 328 701
525 959 1413 752 763 371 1189 1099 550 355 781 0 287 340 524 977 791 934 754 945 385 837 947 225 1086 772 931 859 522 924 388 1196 574 525 910 527 1317 863 1048 313 678 869 1029 175 478 941 80 468 727 755 902 1077 921 347 1008 1003 970 425 703 1429 538 521 1015 166 757 513 493 406
325 1121 1194 552 563 116 1322 899 350 99 582 287 0 85 325 777 924 1067 554 1107 130 999 1109 326 887 573 1064 993 323 1057 133 996 375 326 1043 327 1118 1025 849 114 615 1031 810 276 278 741 272 213 889 916 1064 877 721 92 1169 1165 1104 610 504 1210 338 321 815 172 919 313 293 151
322 1126 1199 548 616 91 1375 896 347 75 578 340 85 0 321 774 977 1120 607 1112 135 1004 1114 379 883 625 1117 1046 319 1110 138 993 371 322 1096 324 1114 1030 845 116 668 1035 814 329 275 738 325 218 894 921 1068 874 718 96 1174 1169 1157 663 500 1215 335 318 812 225 924 310 290 156
24 1251 1059 531 800 316 1559 878 152 306 560 524 325 321 0 756 1161 1304 791 1237 423 1129 1239 563 865 809 1301 1230 125 1294 426 975 353 128 1280 25 1096 1155 827 250 852 1161 675 513 63 720 509 506 1019 1047 1194 856 700 384 1300 1295 1341 847 482 1075 140 29 794 409 1049 292 272 444
757 1581 595 455 1253 768 1925 508 772 758 479 977 777 774 756 0 1614 1756 1244 1567 875 1459 1569 1016 446 1262 1754 1682 744 1747 878 612 601 748 1732 758 697 1485 464 702 1304 1491 211 966 709 104 962 887 1349 1377 1524 437 252 837 1630 1625 1793 1299 614 611 760 753 431 861 1379 548 528 896
1162 384 2067 1388 460 1008 542 1736 1187 992 1418 794 924 977 1161 1614 0 182 451 541 1022 444 372 946 1723 469 179 108 1159 172 1025 1833 1211 1162 158 1164 1954 441 1685 950 363 409 1688 896 1115 1578 802 1105 592 619 382 1714 1558 984 548 519 219 470 1340 2083 1175 1158 1652 857 622 1150 1130 1043
1305 484 2168 1531 602 1151 440 1878 1329 1134 1561 936 1067 1120 1304 1756 182 0 593 384 1165 545 473 1089 1866 612 119 189 1302 126 1168 1975 1354 1305 140 1306 2097 542 1828 1093 505 510 1784 1039 1258 1721 944 1248 693 720 483 1856 1701 1126 391 361 60 613 1483 2184 1318 1301 1794 1000 722 1292 1273 1186
792 795 1697 1018 72 638 849 1366 817 622 1048 754 554 607 791 1244 451 593 0 952 652 855 783 793 1353 72 591 519 789 584 655 1463 841 792 569 794 1584 852 1315 580 141 821 1318 743 745 1208 739 735 1003 1031 793 1344 1188 614 959 930 630 446 970 1713 805 788 1282 638 1033 780 760 673
1238 671 1815 1410 961 1142 801 1728 1198 1126 1422 945 1107 1112 1237 1567 541 384 952 0 1053 732 660 932 1666 970 381 451 1170 388 1056 1932 1363 1173 402 1240 1917 729 1848 1156 864 697 1431 959 1191 1566 953 1047 666 693 670 1656 1686 1055 93 89 420 972 1297 1831 1186 1234 1713 1009 695 1356 1336 1074
423 1067 1140 650 661 166 1411 997 448 149 680 385 130 135 423 875 1022 1165 652 1053 0 945 1055 418 985 671 1162 1091 421 1155 43 1094 473 424 1141 425 1216 971 947 190 713 977 756 374 376 840 370 122 835 862 1010 975 819 78 1115 1111 1202 708 602 1156 436 420 913 270 865 411 391 60
1130 175 1707 1302 864 1034 947 1620 1090 1018 1314 837 999 1004 1129 1459 444 545 855 732 945 0 163 824 1558 874 443 372 1062 436 948 1824 1255 1065 422 1132 1809 79 1740 1048 767 85 1323 851 1083 1458 845 939 201 228 118 1548 1578 947 739 710 582 875 1189 1723 1078 1126 1605 901 231 1248 1228 966
1240 56 1817 1413 792 1145 875 1730 1200 1128 1424 947 1109 1114 1239 1569 372 473 783 660 1055 163 0 935 1668 802 371 300 1173 364 1058 1934 1365 1176 350 1242 1919 160 1851 1158 695 128 1433 961 1193 1568 956 1050 311 338 101 1659 1688 1057 667 637 510 803 1299 1833 1188 1236 1716 1011 341 1358 1338 1076
564 947 1289 791 802 410 1290 1138 589 394 820 225 326 379 563 1016 944 1086 793 932 418 824 935 0 1125 811 1084 1012 561 1077 421 1235 613 564 1062 566 1357 851 1087 352 831 856 905 128 517 980 158 413 715 742 889 1116 960 386 995 990 1123 578 743 1305 577 560 1054 182 745 552 532 439
866 1680 514 565 1362 878 2024 141 871 868 577 1086 887 883 865 446 1723 1866 1353 1666 985 1558 1668 1125 0 1371 1863 1792 843 1856 988 409 710 846 1842 868 530 1584 261 812 1414 1589 278 1075 819 445 1071 985 1448 1475 1622 37 446 946 1728 1723 1903 1409 713 530 859 862 126 971 1478 657 637 1006
810 814 1716 1037 63 656 867 1384 835 640 1067 772 573 625 809 1262 469 612 72 970 671 874 802 811 1371 0 609 538 807 602 674 1481 859 811 588 812 1603 871 1333 599 160 839 1336 761 763 1226 757 754 1022 1049 812 1362 1206 632 978 948 649 464 989 1732 823 806 1300 657 1052 798 778 692
1302 383 2097 1528 600 1148 536 1876 1327 1132 1558 934 1064 1117 1301 1754 179 119 591 381 1162 443 371 1086 1863 609 0 107 1299 124 1165 1973 1351 1302 138 1304 2094 440 1825 1090 503 408 1713 1036 1255 1718 942 1245 591 619 381 1854 1698 1124 389 359 156 610 1480 2113 1315 1298 1792 997 621 1290 1270 1183
1230 312 2026 1457 528 1077 606 1804 1255 1060 1487 862 993 1046 1230 1682 108 189 519 451 1091 372 300 1015 1792 538 107 0 1228 100 1094 1901 1280 1231 86 1232 2023 369 1754 1019 431 337 1642 965 1183 1647 870 1174 520 547 310 1782 1626 1052 459 429 226 539 1409 2042 1243 1227 1720 926 550 1218 1198 1112
125 1184 992 528 798 314 1528 876 61 304 558 522 323 319 125 744 1159 1302 789 1170 421 1062 1173 561 843 807 1299 1228 0 1292 424 973 351 40 1278 127 1094 1088 825 248 850 1094 608 511 78 718 507 490 952 980 1127 834 698 382 1233 1228 1339 845 474 1008 52 121 792 407 982 290 270 442
1295 376 2090 1521 592 1141 543 1868 1320 1125 1551 926 1057 1110 1294 1747 172 126 584 388 1155 436 364 1079 1856 602 124 100 1292 0 1158 1965 1344 1295 145 1296 2087 433 1818 1083 495 401 1706 1029 1248 1711 935 1238 584 611 374 1847 1691 1117 396 366 163 603 1473 2106 1308 1291 1784 990 614 1283 1263 1176
426 1070 1143 653 664 169 1414 1000 451 152 683 388 133 138 426 878 1025 1168 655 1056 43 948 1058 421 988 674 1165 1094 424 1158 0 1097 476 427 1144 428 1219 974 950 193 716 980 759 377 379 843 374 119 838 866 1013 978 822 81 1118 1114 1205 711 605 1159 439 423 916 273 868 414 395 57
975 1946 264 674 1471 987 2231 421 1000 977 704 1196 996 993 975 612 1833 1975 1463 1932 1094 1824 1934 1235 409 1481 1973 1901 973 1965 1097 0 820 976 1951 977 151 1850 193 921 1523 1856 544 1185 928 576 1181 1177 1714 1742 1889 399 556 1056 1995 1990 2012 1518 889 280 988 972 337 1080 1744 766 747 1115
354 1377 927 243 850 366 1609 723 379 356 273 574 375 371 353 601 1211 1354 841 1363 473 1255 1365 613 710 859 1351 1280 351 1344 476 820 0 354 1330 356 941 1281 672 300 902 1287 542 563 307 565 559 556 1145 1173 1320 701 545 434 1425 1421 1391 897 182 943 367 350 639 459 1175 81 107 494
128 1187 995 532 801 317 1531 879 57 307 561 525 326 322 128 748 1162 1305 792 1173 424 1065 1176 564 846 811 1302 1231 40 1295 427 976 354 0 1281 130 1098 1091 828 251 853 1097 611 514 81 721 510 493 956 983 1130 837 701 385 1236 1231 1342 848 478 1011 56 125 795 410 985 293 273 445
1281 362 2076 1507 578 1127 557 1854 1305 1110 1537 912 1043 1096 1280 1732 158 140 569 402 1141 422 350 1065 1842 588 138 86 1278 145 1144 1951 1330 1281 0 1282 2073 419 1804 1069 481 387 1692 1015 1234 1697 920 1224 570 597 360 1832 1676 1102 410 380 177 589 1459 2092 1294 1277 1770 976 600 1268 1249 1162
23 1254 1062 533 802 318 1562 880 155 308 563 527 327 324 25 758 1164 1306 794 1240 425 1132 1242 566 868 812 1304 1232 127 1296 428 977 356 130 1282 0 1099 1158 830 252 854 1163 678 516 66 723 512 508 1022 1049 1196 858 702 387 1302 1297 1343 849 485 1078 143 28 796 411 1052 294 274 446
1097 1931 249 796 1593 1109 2275 543 1122 1099 826 1317 1118 1114 1096 697 1954 2097 1584 1917 1216 1809 1919 1357 530 1603 2094 2023 1094 2087 1219 151 941 1098 2073 1099 0 1835 315 1043 1645 1841 529 1306 1050 696 1303 1237 1699 1727 1874 521 678 1177 1980 1975 2134 1640 964 265 1110 1093 459 1202 1729 888 868 1237
1156 172 1733 1328 861 1061 944 1646 1116 1044 1340 863 1025 1030 1155 1485 441 542 852 729 971 79 160 851 1584 871 440 369 1088 433 974 1850 1281 1091 419 1158 1835 0 1766 1074 764 81 1349 877 1109 1484 871 966 227 254 114 1574 1604 973 736 706 579 872 1215 1749 1104 1152 1632 927 257 1274 1254 992
828 1862 428 527 1324 840 2083 274 853 830 557 1048 849 845 827 464 1685 1828 1315 1848 947 1740 1851 1087 261 1333 1825 1754 825 1818 950 193 672 828 1804 830 315 1766 0 774 1376 1772 460 1037 781 429 1033 1030 1631 1658 1805 252 408 908 1911 1906 1865 1371 741 444 841 824 190 933 1660 619 599 968
251 1170 1156 477 589 119 1348 824 275 109 507 313 114 116 250 702 950 1093 580 1156 190 1048 1158 352 812 599 1090 1019 248 1083 193 921 300 251 1069 252 1043 1074 774 0 641 1080 777 302 203 667 298 273 938 966 1113 802 646 151 1219 1214 1130 636 429 1172 263 247 740 198 968 238 219 211
852 707 1758 1079 150 699 761 1426 877 682 1109 681 615 668 852 1304 363 505 141 864 713 767 695 834 1414 160 503 431 850 495 716 1523 902 853 481 854 1645 764 1376 641 0 733 1379 784 805 1269 689 796 915 943 705 1404 1248 674 871 842 542 358 1031 1774 865 848 1342 699 945 840 820 734
1162 140 1739 1334 830 1066 912 1652 1122 1050 1346 869 1031 1035 1161 1491 409 510 821 697 977 85 128 856 1589 839 408 337 1094 401 980 1856 1287 1097 387 1163 1841 81 1772 1080 733 0 1355 883 1115 1490 877 971 233 260 83 1580 1610 978 704 675 547 840 1221 1755 1110 1158 1637 932 262 1279 1259 998
676 1445 427 331 1327 843 1789 340 636 829 343 1029 810 814 675 211 1688 1784 1318 1431 756 1323 1433 905 278 1336 1713 1642 608 1706 759 544 542 611 1692 678 529 1349 460 777 1379 1355 0 931 629 210 962 750 1213 1240 1388 268 330 757 1493 1489 1820 1374 478 443 624 672 325 936 1243 572 598 777
514 973 1316 741 752 360 1292 1088 539 344 770 175 276 329 513 966 894 1036 743 959 374 851 961 128 1075 761 1034 962 511 1026 377 1185 563 514 1012 516 1306 877 1037 302 781 883 931 0 467 930 107 439 741 769 916 1066 910 336 1022 1017 1073 528 692 1332 527 510 1004 132 771 502 482 395
64 1205 1013 484 754 269 1513 831 106 260 514 478 278 275 63 709 1115 1258 745 1191 376 1083 1193 517 819 763 1255 1183 78 1248 379 928 307 81 1234 66 1050 1109 781 203 805 1115 629 467 0 674 463 459 973 1000 1148 809 654 338 1253 1249 1294 801 436 1029 94 60 747 363 1003 245 226 397
721 1580 594 420 1217 733 1924 479 746 723 449 941 741 738 720 104 1578 1721 1208 1566 840 1458 1568 980 445 1226 1718 1647 718 1711 843 576 565 721 1697 723 696 1484 429 667 1269 1490 210 930 674 0 926 886 1348 1376 1523 435 216 801 1629 1624 1758 1264 613 610 734 717 395 826 1378 512 492 861
510 967 1346 737 748 356 1197 1084 535 340 766 80 272 325 509 962 799 942 739 953 370 845 956 158 1071 757 939 868 507 932 374 1181 559 510 918 512 1303 871 1033 298 686 877 962 107 463 926 0 453 736 763 910 1062 906 332 1016 1011 979 433 689 1362 523 506 1000 139 765 498 478 392
506 1062 1135 730 744 249 1405 1047 517 232 742 468 213 218 506 887 1105 1248 735 1047 122 939 1050 413 985 754 1245 1174 490 1238 119 1177 556 493 1224 508 1237 966 1030 273 796 971 750 439 459 886 453 0 830 857 1004 976 902 161 1110 1105 1285 791 617 1151 506 503 996 353 860 494 474 102
1020 323 1597 1193 1012 925 1023 1510 980 908 1204 727 889 894 1019 1349 592 693 1003 666 835 201 311 715 1448 1022 591 520 952 584 838 1714 1145 956 570 1022 1699 227 1631 938 915 233 1213 741 973 1348 736 830 0 96 265 1439 1468 837 728 723 730 900 1079 1613 968 1016 1496 791 57 1138 1118 856
1047 350 1625 1220 1040 952 1051 1537 1007 936 1232 755 916 921 1047 1377 619 720 1031 693 862 228 338 742 1475 1049 619 547 980 611 866 1742 1173 983 597 1049 1727 254 1658 966 943 260 1240 769 1000 1376 763 857 96 0 293 1466 1496 864 755 751 757 928 1107 1641 996 1044 1523 818 74 1165 1145 884
1195 113 1772 1367 802 1099 885 1685 1155 1083 1379 902 1064 1068 1194 1524 382 483 793 670 1010 118 101 889 1622 812 381 310 1127 374 1013 1889 1320 1130 360 1196 1874 114 1805 1113 705 83 1388 916 1148 1523 910 1004 265 293 0 1613 1643 1011 677 647 520 813 1254 1788 1143 1191 1670 965 295 1312 1292 1031
856 1670 504 555 1353 868 2014 131 861 858 568 1077 877 874 856 437 1714 1856 1344 1656 975 1548 1659 1116 37 1362 1854 1782 834 1847 978 399 701 837 1832 858 521 1574 252 802 1404 1580 268 1066 809 435 1062 976 1439 1466 1613 0 437 937 1719 1714 1893 1399 703 520 849 853 117 961 1468 647 628 996
701 1700 714 399 1197 712 1956 459 725 703 429 921 721 718 700 252 1558 1701 1188 1686 819 1578 1688 960 446 1206 1698 1626 698 1691 822 556 545 701 1676 702 678 1604 408 646 1248 1610 330 910 654 216 906 902 1468 1496 1643 437 0 781 1749 1744 1737 1244 614 730 714 697 375 806 1498 492 472 840
385 1069 1142 611 623 127 1382 959 410 111 641 347 92 96 384 837 984 1126 614 1055 78 947 1057 386 946 632 1124 1052 382 1117 81 1056 434 385 1102 387 1177 973 908 151 674 978 757 336 338 801 332 161 837 864 1011 937 781 0 1117 1112 1163 669 563 1158 398 381 875 231 867 373 353 99
1300 679 1877 1473 968 1205 808 1790 1260 1189 1485 1008 1169 1174 1300 1630 548 391 959 93 1115 739 667 995 1728 978 389 459 1233 396 1118 1995 1425 1236 410 1302 1980 736 1911 1219 871 704 1493 1022 1253 1629 1016 1110 728 755 677 1719 1749 1117 0 97 428 979 1360 1893 1248 1297 1776 1071 758 1418 1398 1136
1296 649 1873 1468 939 1200 778 1786 1256 1184 1480 1003 1165 1169 1295 1625 519 361 930 89 1111 710 637 990 1723 948 359 429 1228 366 1114 1990 1421 1231 380 1297 1975 706 1906 1214 842 675 1489 1017 1249 1624 1011 1105 723 751 647 1714 1744 1112 97 0 398 950 1355 1889 1244 1292 1771 1066 753 1413 1393 1132
1342 521 2205 1568 639 1188 451 1915 1366 1171 1598 973 1104 1157 1341 1793 219 60 630 420 1202 582 510 1126 1903 649 156 226 1339 163 1205 2012 1391 1342 177 1343 2134 579 1865 1130 542 547 1820 1076 1294 1758 981 1285 730 757 520 1893 1737 1163 428 398 0 650 1520 2221 1354 1338 1831 1037 759 1329 1310 1223
845 815 1750 1071 455 691 868 1418 870 674 1101 428 607 660 844 1296 470 613 446 972 705 875 803 581 1406 464 610 539 842 603 708 1515 894 845 589 846 1637 872 1368 633 358 840 1371 531 798 1261 436 788 900 928 813 1396 1241 666 979 950 650 0 1023 1766 858 841 1334 491 930 832 813 726
483 1311 862 312 979 495 1655 775 502 485 342 703 504 500 482 614 1340 1483 970 1297 602 1189 1299 743 713 989 1480 1409 474 1473 605 889 182 478 1459 485 964 1215 741 429 1031 1221 478 692 436 613 689 617 1079 1107 1254 703 614 563 1360 1355 1520 1026 0 878 490 479 708 588 1109 215 241 623
1076 1845 51 731 1722 1238 2189 592 1036 1228 743 1429 1210 1215 1075 611 2083 2184 1713 1831 1156 1723 1833 1305 530 1732 2113 2042 1008 2106 1159 280 943 1011 2092 1078 265 1749 444 1172 1774 1755 443 1332 1029 610 1362 1151 1613 1641 1788 520 730 1158 1893 1889 2221 1769 878 0 1024 1072 578 1331 1643 972 997 1177
141 1200 1008 544 814 330 1544 891 45 320 574 538 338 335 140 760 1175 1318 805 1186 436 1078 1188 577 859 823 1315 1243 52 1308 439 988 367 56 1294 143 1110 1104 841 263 865 1110 624 527 94 734 523 506 968 996 1143 849 714 398 1248 1244 1354 861 490 1024 0 137 807 423 998 305 286 457
27 1248 1056 527 797 313 1556 874 149 303 557 521 321 318 29 753 1158 1301 788 1234 420 1126 1236 560 862 806 1298 1227 121 1291 423 972 350 125 1277 28 1093 1152 824 247 848 1158 672 510 60 717 506 503 1016 1044 1191 853 697 381 1297 1292 1338 844 479 1072 137 0 791 406 1046 289 269 441
794 1728 562 493 1290 806 2050 139 819 796 523 1015 815 812 794 431 1652 1794 1282 1713 913 1605 1716 1054 126 1300 1792 1720 792 1784 916 337 639 795 1770 796 459 1632 190 740 1342 1637 325 1004 747 395 1000 996 1496 1523 1670 117 375 875 1776 1771 1831 1337 708 578 807 791 0 899 1526 585 566 934
410 1023 1315 636 647 256 1252 983 434 239 666 166 172 225 409 861 854 997 638 1009 270 901 1011 182 971 657 994 923 407 987 273 1080 459 410 973 411 1202 927 933 198 699 932 936 132 363 826 139 353 791 818 965 961 806 231 1071 1066 1034 489 588 1331 423 406 899 0 821 397 378 291
1050 353 1627 1222 1042 955 1053 1540 1010 938 1234 757 919 924 1049 1379 622 722 1033 695 865 231 341 745 1478 1052 621 550 982 614 868 1744 1175 985 600 1052 1729 257 1660 968 945 262 1243 771 1003 1378 765 860 57 74 295 1468 1498 867 758 753 759 930 1109 1643 998 1046 1526 821 0 1168 1148 886
292 1370 956 273 789 304 1548 669 317 294 303 513 313 310 292 548 1150 1292 780 1356 411 1248 1358 552 657 798 1290 1218 290 1283 414 766 81 293 1268 294 888 1274 619 238 840 1279 572 502 245 512 498 494 1138 1165 1312 647 492 373 1418 1413 1329 835 215 972 305 289 585 397 1168 0 45 432
273 1350 981 299 769 285 1528 650 298 275 328 493 293 290 272 528 1130 1273 760 1336 391 1228 1338 532 637 778 1270 1198 270 1263 395 747 107 273 1249 274 868 1254 599 219 820 1259 598 482 226 492 478 474 1118 1145 1292 628 472 353 1398 1393 1310 816 241 997 286 269 566 378 1148 45 0 412
444 1088 1161 671 682 187 1432 1018 469 170 701 406 151 156 444 896 1043 1186 673 1074 60 966 1076 439 1006 692 1183 1112 442 1176 57 1115 494 445 1162 446 1237 992 968 211 734 998 777 395 397 861 392 102 856 884 1031 996 840 99 1136 1132 1223 729 623 1177 457 441 934 291 886 432 412 0
EOF