NAME : tsp_problem
TYPE : TSP
DIMENSION : 11
EDGE_WEIGHT_TYPE : EXPLICIT
EDGE_WEIGHT_FORMAT : FULL_MATRIX
EDGE_WEIGHT_SECTION
0 1064 719 313 853 351 912 973 1440 772 736
1064 0 1443 866 1577 877 1798 1697 544 1497 369
719 1443 0 905 162 872 573 660 1591 460 1328
313 866 905 0 1039 153 981 1159 1258 959 537
853 1577 162 1039 0 1006 707 794 1725 594 1462
351 877 872 153 1006 0 1085 1126 1212 926 548
915 1798 573 981 707 1085 0 613 2114 809 1469
973 1697 660 1159 794 1126 613 0 1844 312 1582
1440 544 1591 1258 1725 1212 2114 1844 0 1644 761
772 1497 460 959 594 926 809 312 1644 0 1382
736 369 1328 537 1462 548 1469 1582 761 1382 0
EOF
