NAME : tsp_problem
TYPE : TSP
DIMENSION : 72
EDGE_WEIGHT_TYPE : EXPLICIT
EDGE_WEIGHT_FORMAT : FULL_MATRIX
EDGE_WEIGHT_SECTION
0 1363 1002 893 1172 1182 958 1081 1023 512 613 339 1135 682 298 932 1136 367 626 1179 965 1071 1225 1194 769 798 672 600 340 306 657 1107 325 745 1152 217 572 1120 911 1265 739 1268 998 1073 748 714 584 1124 763 1092 549 475 577 1094 1041 1146 972 517 755 442 72 681 1008 701 1111 1194 1116 869 498 894 920 479
1374 0 2113 1036 778 2170 2199 549 2080 1767 879 1553 2301 1929 1553 1075 864 1291 827 838 2219 661 571 2182 1926 2052 1926 905 1554 1561 764 893 1580 1912 234 1271 1823 848 1054 127 1919 655 556 2239 891 737 850 836 684 2258 1771 980 1778 371 2098 464 2227 1772 714 1463 1334 1936 2135 1955 852 2182 614 2015 1658 1036 1063 1639
1002 2113 0 1548 1827 383 150 1963 85 525 1495 956 458 538 774 1587 1792 1229 1508 1835 287 1923 1995 395 535 342 528 1482 958 978 1539 1762 997 521 2034 1099 708 1775 1567 2147 528 1924 1880 396 1403 1596 1466 1780 1645 415 657 1357 663 1976 103 2028 295 528 1637 866 1010 538 86 557 1766 395 1975 413 804 1549 1576 785
893 1036 1548 0 750 1605 1634 604 1515 1356 1033 989 1736 1365 1143 68 714 726 981 757 1748 489 650 1617 1361 1494 1439 862 990 1021 918 328 1040 1347 896 800 1258 698 90 1009 1354 734 597 1674 180 892 1004 346 838 1693 1207 737 1213 800 1533 743 1740 1361 868 898 901 1448 1570 1468 689 1617 541 1450 1093 93 78 1074
1172 767 1827 750 0 1884 1913 372 1795 1636 936 1268 2015 1644 1422 789 155 1005 884 83 2027 399 237 1896 1640 1774 1718 962 1269 1300 821 631 1319 1626 556 1079 1537 139 769 669 1633 166 453 1954 605 795 907 575 742 1972 1486 1016 1492 445 1813 388 2020 1641 771 1177 1180 1727 1849 1747 171 1896 336 1729 1372 751 777 1353
1182 2170 383 1605 1884 0 469 2095 350 743 1712 1013 271 595 960 1644 1849 1286 1726 1892 283 1980 2052 58 592 545 669 1700 1014 1046 1756 1819 1064 578 2251 1316 765 1832 1624 2214 585 1981 2088 209 1460 1813 1683 1837 1863 228 714 1574 720 2193 368 2203 275 745 1854 923 1190 679 405 698 1823 62 2032 501 861 1606 1633 842
958 2199 150 1634 1913 469 0 1919 171 481 1451 967 414 494 729 1673 1878 1205 1464 1921 243 1909 2063 481 582 298 484 1438 968 934 1495 1848 953 558 1990 1055 672 1861 1653 2103 552 2010 1836 352 1489 1552 1422 1866 1601 371 649 1313 677 1931 189 1984 251 484 1593 952 966 494 156 513 1852 481 1954 369 861 1635 1662 842
1081 538 1963 604 372 2095 1919 0 1985 1473 586 1300 2096 1643 1260 643 458 1063 533 432 1926 146 165 2107 1730 1759 1633 611 1301 1268 470 378 1286 1706 326 978 1533 442 623 440 1701 249 150 2035 670 444 557 322 391 2053 1510 687 1538 216 2002 159 1933 1478 421 1388 1041 1643 1969 1662 473 2107 191 1830 1460 605 631 1441
1023 2080 85 1515 1795 350 171 1985 0 547 1516 924 480 506 795 1554 1759 1196 1530 1802 309 1890 1962 362 502 363 550 1504 925 956 1560 1729 975 488 2055 1120 676 1743 1534 2124 495 1891 1902 418 1370 1618 1487 1747 1667 436 624 1378 630 1997 71 2049 317 549 1658 833 1031 559 107 579 1733 362 1942 411 771 1516 1543 752
512 1755 525 1356 1636 743 481 1473 547 0 1005 521 659 205 284 1395 1600 759 1019 1643 488 1463 1617 754 293 321 196 993 522 489 1049 1571 507 269 1544 609 226 1584 1375 1657 263 1701 1391 597 1211 1106 976 1588 1156 615 204 867 232 1486 564 1538 496 41 1147 625 520 205 531 225 1574 754 1508 393 415 1357 1384 396
613 868 1495 1033 936 1712 1451 586 1516 1005 0 832 1628 1175 791 1072 1022 811 131 996 1457 575 729 1724 1262 1291 1165 488 833 799 161 807 818 1238 656 661 1064 1006 1052 770 1232 813 503 1566 1099 321 71 751 268 1585 1042 564 1070 598 1534 651 1465 1010 298 935 573 1174 1501 1194 1037 1724 620 1362 991 1034 1061 972
339 1553 956 989 1268 1013 967 1300 924 521 832 0 1144 691 308 1028 1232 586 846 1275 974 1290 1435 1025 769 807 681 820 38 139 876 1203 158 754 1371 436 581 1216 1007 1484 749 1364 1217 1082 844 933 803 1220 983 1101 558 694 586 1313 942 1365 981 526 974 210 347 691 978 710 1207 1025 1335 858 502 989 1016 482
1135 2301 458 1736 2015 271 414 2096 480 659 1628 1144 0 672 907 1775 1980 1382 1642 2023 199 2086 2183 283 723 475 662 1616 1145 1112 1672 1950 1130 709 2167 1232 849 1963 1755 2280 716 2112 2014 99 1591 1730 1599 1968 1779 63 827 1490 851 2109 497 2161 192 661 1770 1054 1143 671 464 691 1954 283 2131 546 992 1737 1764 973
682 1925 538 1365 1644 595 494 1643 506 205 1175 691 672 0 454 1404 1608 929 1188 1651 501 1633 1787 607 104 335 124 1162 692 659 1219 1579 677 80 1714 779 396 1592 1383 1827 75 1740 1560 610 1220 1276 1146 1596 1325 628 373 1037 401 1656 524 1708 509 208 1317 682 690 133 544 153 1583 607 1678 406 585 1366 1392 566
298 1542 774 1143 1422 960 729 1260 795 284 791 308 907 454 0 1182 1386 545 805 1429 736 1249 1403 971 541 570 444 779 309 275 835 1357 294 517 1330 395 307 1370 1161 1443 511 1487 1177 845 998 893 762 1374 942 864 285 653 312 1272 813 1324 744 289 933 411 306 453 779 473 1361 971 1294 641 224 1143 1170 205
932 1075 1587 68 789 1644 1673 643 1554 1395 1072 1028 1775 1404 1182 0 753 765 1020 796 1787 528 689 1656 1400 1533 1478 901 1029 1060 957 367 1078 1386 935 839 1297 737 50 1048 1393 773 636 1713 219 931 1043 385 877 1732 1246 776 1252 839 1572 782 1779 1400 907 937 940 1487 1609 1507 728 1656 580 1489 1132 68 82 1113
1136 853 1792 714 155 1849 1878 458 1759 1600 1022 1232 1980 1608 1386 753 0 970 970 163 1991 485 322 1860 1604 1738 1682 1048 1233 1264 907 717 1283 1590 641 1043 1501 29 733 755 1597 252 538 1918 569 880 993 661 827 1936 1450 980 1456 531 1777 474 1984 1605 857 1141 1144 1691 1813 1711 135 1860 421 1693 1337 715 742 1318
367 1291 1229 726 1005 1286 1205 1060 1196 759 811 586 1382 929 545 765 970 0 825 1013 1211 1050 1173 1297 1016 1045 919 528 587 553 822 940 572 992 1131 175 818 953 745 1244 986 1102 978 1320 581 642 782 958 706 1339 796 403 824 1073 1214 1125 1219 764 683 578 326 928 1250 948 944 1297 1095 1116 745 727 754 726
626 816 1508 981 884 1726 1464 533 1530 1019 131 846 1642 1188 805 1020 970 825 0 944 1471 523 677 1738 1276 1305 1179 436 847 813 109 755 832 1252 604 675 1078 953 1000 717 1246 761 451 1580 1047 269 102 699 216 1598 1056 512 1084 546 1548 598 1479 1024 245 949 586 1188 1514 1208 985 1737 568 1376 1005 982 1008 986
1179 827 1835 757 83 1892 1921 432 1802 1643 996 1275 2023 1651 1429 796 163 1013 944 0 2034 459 296 1904 1648 1781 1725 1022 1276 1308 881 691 1326 1634 615 1087 1545 146 776 728 1640 226 512 1961 612 854 967 634 801 1980 1493 1023 1499 505 1820 448 2027 1648 831 1185 1187 1735 1857 1754 178 1904 395 1737 1380 758 785 1361
965 2208 287 1748 2027 283 243 1926 309 488 1457 974 199 501 736 1787 1991 1211 1471 2034 0 1916 2069 294 588 305 491 1445 975 941 1501 1962 960 564 1997 1061 679 1975 1766 2110 559 2124 1843 137 1603 1559 1429 1979 1608 155 656 1320 684 1938 327 1991 81 490 1600 1065 973 501 293 520 1966 294 1960 376 868 1749 1775 849
1071 650 1923 489 399 1980 1909 146 1890 1463 575 1290 2086 1633 1249 528 485 1053 523 459 1916 0 192 1992 1720 1749 1623 601 1291 1257 460 263 1276 1696 438 968 1523 469 507 551 1690 276 139 2024 555 434 547 207 381 2043 1500 677 1528 342 1908 285 1923 1468 410 1272 1031 1633 1945 1652 500 1992 83 1820 1449 490 516 1430
1225 560 1995 650 237 2052 2063 165 1962 1617 729 1435 2183 1787 1403 689 322 1173 677 296 2069 192 0 2063 1807 1903 1777 755 1436 1411 614 424 1430 1793 349 1122 1676 306 669 462 1800 113 246 2121 716 588 700 368 535 2139 1653 831 1659 238 1980 181 2077 1622 564 1344 1184 1786 2016 1806 338 2063 129 1896 1540 651 677 1521
1194 2182 395 1617 1896 58 481 2107 362 754 1724 1025 283 607 971 1656 1860 1297 1738 1904 294 1992 2063 0 604 557 681 1711 1026 1058 1768 1831 1076 590 2263 1328 777 1844 1636 2226 597 1993 2100 221 1472 1825 1695 1849 1874 240 726 1586 732 2205 380 2215 287 757 1866 935 1202 691 417 710 1835 47 2044 513 873 1618 1645 854
769 1926 535 1361 1640 592 582 1730 502 293 1262 769 723 104 541 1400 1604 1016 1276 1648 588 1720 1807 604 0 422 211 1250 770 746 1306 1575 764 92 1801 866 483 1588 1380 1914 98 1737 1648 661 1216 1363 1233 1593 1413 679 461 1124 476 1743 520 1795 596 295 1404 678 777 220 556 240 1579 604 1765 437 617 1362 1388 598
798 2041 342 1494 1774 545 298 1759 363 321 1291 807 475 335 570 1533 1738 1045 1305 1781 305 1749 1903 557 422 0 325 1278 808 775 1335 1709 793 398 1830 895 512 1722 1513 1943 392 1870 1676 413 1349 1392 1262 1726 1441 432 489 1153 517 1772 381 1824 312 324 1433 812 806 334 348 354 1712 557 1794 104 701 1495 1522 682
672 1915 528 1439 1718 669 484 1633 550 196 1165 681 662 124 444 1478 1682 919 1179 1725 491 1623 1777 681 211 325 0 1153 682 649 1209 1653 667 187 1704 769 386 1666 1457 1817 181 1814 1550 600 1294 1266 1136 1670 1316 618 363 1027 391 1646 568 1698 499 198 1307 756 680 43 534 63 1657 681 1668 396 575 1439 1466 556
597 893 1479 862 962 1697 1435 611 1501 990 488 817 1613 1159 776 901 1048 531 436 1022 1442 601 755 1708 1247 1275 1149 0 818 784 373 833 803 1223 682 446 1049 1031 881 795 1217 839 529 1551 717 193 460 777 257 1569 1027 155 1055 624 1518 676 1450 995 234 920 557 1159 1485 1178 1063 1708 646 1347 976 863 889 957
340 1554 958 990 1269 1014 968 1301 925 522 833 38 1145 692 309 1029 1233 587 847 1276 975 1291 1436 1026 770 808 682 821 0 140 877 1204 159 755 1372 437 582 1217 1008 1485 750 1365 1218 1083 845 934 804 1221 984 1102 559 695 587 1314 943 1366 982 527 975 211 348 692 979 711 1208 1026 1336 859 503 990 1017 483
306 1550 978 1021 1300 1046 934 1268 956 489 799 139 1112 659 275 1060 1264 553 813 1308 941 1257 1411 1058 746 775 649 787 140 0 843 1235 41 722 1338 403 548 1248 1040 1452 716 1397 1185 1050 876 901 771 1253 950 1068 526 662 554 1280 974 1333 949 494 941 242 315 658 984 678 1239 1057 1302 846 475 1022 1048 456
657 753 1539 918 821 1756 1495 470 1560 1049 161 876 1672 1219 835 957 907 825 109 881 1501 460 614 1768 1306 1335 1209 373 877 843 0 692 862 1282 541 705 1108 890 937 654 1276 698 388 1610 984 206 132 636 153 1629 1086 449 1114 483 1578 535 1509 1054 182 979 616 1218 1544 1238 922 1768 505 1406 1035 919 945 1016
1107 881 1762 328 631 1819 1848 378 1729 1571 807 1203 1950 1579 1357 367 717 940 755 691 1962 263 424 1831 1575 1709 1653 833 1204 1235 692 0 1254 1561 670 1014 1472 700 347 783 1568 508 371 1888 394 666 778 120 613 1907 1421 909 1427 574 1747 517 1955 1576 642 1112 1115 1662 1784 1682 732 1831 315 1664 1307 329 356 1288
325 1568 997 1040 1319 1064 953 1286 975 507 818 158 1130 677 294 1078 1283 572 832 1326 960 1276 1430 1076 764 793 667 806 159 41 862 1254 0 740 1357 422 567 1267 1058 1470 735 1415 1203 1069 895 919 789 1271 969 1087 544 680 572 1299 993 1351 967 512 960 261 333 677 1003 696 1257 1076 1321 864 494 1040 1067 475
745 1912 521 1347 1626 578 558 1706 488 269 1238 754 709 80 517 1386 1590 992 1252 1634 564 1696 1793 590 92 398 187 1226 755 722 1282 1561 740 0 1777 842 459 1574 1366 1890 85 1723 1624 647 1202 1340 1209 1579 1389 666 437 1100 462 1719 506 1771 572 271 1380 665 753 196 543 216 1565 590 1741 423 603 1348 1375 584
1152 234 2034 896 556 2251 1990 326 2055 1544 656 1371 2167 1714 1330 935 641 1134 604 615 1997 438 349 2263 1801 1830 1704 682 1372 1338 541 670 1357 1777 0 1049 1603 625 915 124 1771 432 334 2105 962 515 628 614 462 2124 1581 758 1609 148 2073 242 2004 1549 491 1474 1112 1713 2040 1733 657 2263 391 1901 1530 897 923 1511
217 1257 1099 800 1079 1316 1055 975 1120 609 661 436 1232 779 395 839 1043 175 675 1087 1061 965 1119 1328 866 895 769 443 437 403 705 1014 422 842 1046 0 668 1027 819 1159 836 1176 893 1170 655 557 632 1032 621 1189 646 318 674 988 1138 1040 1069 614 598 539 176 778 1105 798 1018 1328 1010 966 595 801 827 576
572 1815 708 1258 1537 765 672 1533 676 226 1064 581 849 396 307 1297 1501 818 1078 1545 679 1523 1676 777 483 512 386 1052 582 548 1108 1472 567 459 1603 668 0 1485 1277 1717 453 1634 1450 787 1113 1166 1036 1490 1215 806 70 927 118 1545 694 1598 686 231 1207 576 580 395 722 415 1476 777 1567 583 342 1259 1286 323
1120 836 1775 698 139 1832 1861 442 1743 1584 1006 1216 1963 1592 1370 737 29 953 953 146 1975 469 306 1844 1588 1722 1666 1031 1217 1248 890 700 1267 1574 625 1027 1485 0 717 738 1581 236 522 1902 553 864 977 644 811 1920 1434 964 1440 515 1761 458 1968 1589 841 1125 1128 1675 1797 1695 119 1844 405 1677 1321 699 725 1301
911 1054 1567 90 769 1624 1653 623 1534 1375 1052 1007 1755 1383 1161 50 733 745 1000 776 1766 507 669 1636 1380 1513 1457 881 1008 1040 937 347 1058 1366 915 819 1277 717 0 1028 1373 752 616 1693 199 910 1023 364 857 1712 1225 755 1231 819 1552 762 1759 1380 887 917 919 1467 1589 1486 707 1636 560 1469 1112 49 104 1093
1265 127 2147 1009 669 2214 2103 440 2124 1657 770 1484 2280 1827 1443 1048 755 1247 717 728 2110 551 462 2226 1914 1943 1817 795 1485 1452 654 783 1470 1890 124 1162 1717 738 1028 0 1884 546 447 2218 934 628 741 727 575 2237 1694 871 1722 261 2142 355 2117 1662 604 1506 1225 1827 2153 1846 770 2226 504 2014 1643 1010 1037 1624
739 1919 528 1354 1633 585 552 1701 495 263 1232 749 716 75 511 1393 1597 986 1246 1640 559 1690 1800 597 98 392 181 1220 750 716 1276 1568 735 85 1771 836 453 1581 1373 1884 0 1730 1618 654 1209 1334 1203 1585 1383 672 431 1095 459 1713 513 1766 566 265 1374 671 747 191 549 210 1572 596 1735 429 610 1355 1381 591
1268 644 1924 734 166 1981 2010 249 1891 1701 813 1364 2112 1740 1487 773 252 1102 761 226 2124 276 113 1993 1737 1870 1814 839 1365 1397 698 508 1415 1723 432 1176 1634 236 752 546 1730 0 329 2050 702 671 784 452 618 2069 1582 914 1589 322 1909 265 2116 1706 648 1274 1268 1824 1946 1843 267 1993 212 1826 1469 734 761 1450
998 545 1880 597 453 2088 1836 150 1902 1391 503 1217 2014 1560 1177 636 538 980 451 512 1843 139 246 2100 1648 1676 1550 529 1218 1185 388 371 1203 1624 334 895 1450 522 616 447 1618 329 0 1952 663 361 474 315 308 1970 1427 604 1455 223 1919 166 1851 1396 338 1321 958 1560 1886 1579 554 2100 184 1747 1377 598 625 1358
1073 2239 396 1674 1954 209 352 2035 418 597 1566 1082 99 610 845 1713 1918 1320 1580 1961 137 2024 2121 221 661 413 600 1554 1083 1050 1610 1888 1069 647 2105 1170 787 1902 1693 2218 654 2050 1952 0 1529 1668 1537 1906 1717 56 765 1428 789 2047 435 2099 130 599 1708 992 1081 609 402 629 1892 221 2069 484 930 1675 1702 911
748 891 1403 180 605 1460 1489 670 1370 1211 1099 844 1591 1220 998 219 569 581 1047 612 1603 555 716 1472 1216 1349 1294 717 845 876 984 394 895 1202 962 655 1113 553 199 934 1209 702 663 1529 0 831 1070 412 895 1548 1062 592 1068 866 1388 809 1595 1217 871 753 756 1303 1425 1323 544 1472 607 1305 948 181 207 929
711 726 1593 892 795 1810 1549 444 1615 1103 321 930 1727 1273 890 931 880 645 269 854 1556 434 588 1822 1360 1389 1263 193 931 898 206 666 916 1337 515 560 1163 864 910 628 1331 671 361 1665 831 0 292 610 90 1683 1140 268 1168 457 1632 509 1563 1109 66 1034 671 1273 1599 1292 896 1822 479 1460 1090 893 919 1071
584 839 1466 1004 907 1683 1422 557 1487 976 71 803 1599 1146 762 1043 993 782 102 967 1429 547 700 1695 1233 1262 1136 460 804 771 132 778 789 1209 628 632 1036 977 1023 741 1203 784 474 1537 1070 292 0 722 239 1556 1013 535 1041 569 1505 622 1436 981 269 906 544 1146 1472 1165 1008 1695 591 1333 962 1005 1032 943
1124 825 1780 346 575 1837 1866 322 1747 1588 751 1220 1968 1596 1374 385 661 958 699 634 1979 207 368 1849 1593 1726 1670 777 1221 1253 636 120 1271 1579 614 1032 1490 644 364 727 1585 452 315 1906 412 610 722 0 556 1925 1438 852 1444 518 1765 461 1972 1593 586 1130 1132 1680 1802 1699 676 1849 259 1682 1325 347 373 1306
763 673 1645 838 742 1863 1601 391 1667 1156 268 983 1779 1325 942 877 827 709 216 801 1608 381 535 1874 1413 1441 1316 257 984 950 153 613 969 1389 462 624 1215 811 857 575 1383 618 308 1717 895 90 239 556 0 1735 1193 333 1221 403 1684 456 1616 1161 66 1086 723 1325 1651 1344 843 1874 425 1513 1142 839 866 1123
1092 2258 415 1693 1972 228 371 2053 436 615 1585 1101 63 628 864 1732 1936 1339 1598 1980 155 2043 2139 240 679 432 618 1572 1102 1068 1629 1907 1087 666 2124 1189 806 1920 1712 2237 672 2069 1970 56 1548 1686 1556 1925 1735 0 783 1447 808 2066 454 2118 148 618 1727 1010 1100 628 421 647 1911 240 2088 503 949 1694 1720 930
549 1771 657 1207 1486 714 649 1510 624 204 1042 558 827 373 285 1246 1450 796 1056 1493 656 1500 1653 726 461 489 363 1030 559 526 1086 1421 544 437 1581 646 70 1434 1225 1694 431 1582 1427 765 1062 1143 1013 1438 1193 783 0 904 71 1523 642 1575 664 209 1184 524 557 373 679 392 1425 726 1545 559 320 1208 1234 301
478 969 1360 737 1016 1577 1316 687 1381 870 564 697 1493 1040 656 776 980 406 512 1023 1323 677 831 1589 1127 1156 1030 155 698 664 449 909 683 1103 758 321 929 964 755 871 1097 914 604 1431 592 268 535 852 333 1450 907 0 935 699 1399 752 1330 875 309 800 438 1039 1366 1059 955 1589 721 1227 856 738 764 837
577 1778 663 1213 1492 720 677 1538 630 232 1070 586 851 401 312 1252 1456 824 1084 1499 684 1528 1659 732 476 517 391 1058 587 554 1114 1427 572 462 1609 674 118 1440 1231 1722 459 1589 1455 789 1068 1171 1041 1444 1221 808 71 932 0 1551 648 1603 692 237 1212 530 585 401 685 420 1431 732 1573 565 347 1214 1240 328
1094 359 1976 800 445 2193 1931 216 1997 1486 598 1313 2109 1656 1272 839 531 1076 546 505 1938 342 238 2205 1743 1772 1646 624 1314 1280 483 574 1299 1719 148 991 1545 515 819 261 1713 322 223 2047 866 457 569 518 403 2066 1523 699 1551 0 2015 131 1946 1491 433 1416 1053 1655 1981 1675 546 2205 280 1843 1472 801 827 1453
1041 2098 103 1533 1813 368 189 2002 71 564 1534 942 497 524 813 1572 1777 1214 1548 1820 327 1908 1980 380 520 381 568 1521 943 974 1578 1747 993 506 2073 1138 694 1761 1552 2142 513 1909 1919 435 1388 1635 1505 1765 1684 454 642 1396 648 2015 0 2067 334 567 1676 851 1049 577 125 597 1751 380 1960 429 789 1534 1561 770
1146 453 2028 743 388 2203 1984 159 2049 1538 651 1365 2161 1708 1324 782 474 1128 598 448 1991 285 181 2215 1795 1824 1698 676 1366 1333 535 517 1351 1771 242 1043 1598 458 762 355 1766 265 166 2099 809 509 622 461 456 2118 1575 752 1603 131 2067 0 1998 1543 485 1468 1106 1708 2034 1727 489 2215 223 1895 1524 744 770 1505
972 2215 295 1740 2020 275 251 1933 317 496 1465 981 192 509 744 1779 1984 1219 1479 2027 81 1923 2077 287 596 312 499 1453 982 949 1509 1955 967 572 2004 1069 686 1968 1759 2117 566 2116 1851 130 1595 1566 1436 1972 1616 148 664 1327 692 1946 334 1998 0 498 1607 1058 980 508 301 528 1958 287 1968 383 875 1741 1768 856
517 1760 528 1361 1641 745 484 1478 549 41 1010 526 661 208 289 1400 1605 764 1024 1648 490 1468 1622 757 295 324 198 998 527 494 1054 1576 512 271 1549 614 231 1589 1380 1662 265 1706 1396 599 1217 1112 981 1593 1161 618 209 872 237 1491 567 1543 498 0 1152 630 525 207 534 227 1579 757 1513 395 420 1362 1389 401
752 703 1634 868 771 1851 1590 421 1655 1144 298 971 1767 1314 930 907 857 685 245 831 1597 410 564 1863 1401 1430 1304 234 972 938 182 642 957 1377 491 600 1203 841 887 604 1371 648 338 1705 871 66 269 586 66 1724 1181 309 1209 433 1673 485 1604 1149 0 1074 712 1313 1640 1333 872 1863 455 1501 1130 869 896 1111
442 1463 866 898 1177 923 952 1388 833 625 935 210 1054 682 411 937 1141 578 949 1185 1065 1272 1344 935 678 812 756 923 211 242 979 1112 261 665 1474 539 576 1125 917 1506 671 1274 1321 992 753 1037 906 1130 1086 1010 524 797 530 1416 851 1468 1058 630 1077 0 450 766 887 785 1116 934 1325 768 411 899 925 392
72 1323 1010 901 1180 1190 966 1041 1031 520 573 347 1143 690 306 940 1144 326 586 1187 973 1031 1184 1202 777 806 680 560 348 315 616 1115 333 753 1112 176 580 1128 919 1225 747 1268 958 1081 756 674 544 1132 723 1100 557 435 585 1053 1049 1106 980 525 715 450 0 690 1016 709 1119 1202 1075 877 506 901 928 487
681 1925 538 1448 1727 679 494 1643 559 205 1174 691 671 133 453 1487 1691 928 1188 1735 501 1633 1786 691 220 334 43 1162 692 658 1218 1662 677 196 1713 778 395 1675 1467 1827 191 1824 1560 609 1303 1276 1146 1680 1325 628 373 1037 401 1655 577 1708 508 207 1316 766 690 0 544 72 1666 691 1677 405 585 1449 1476 565
1008 2135 86 1570 1849 405 156 1969 107 531 1501 978 464 544 779 1609 1813 1250 1514 1857 293 1945 2016 417 556 348 534 1488 979 984 1544 1784 1003 543 2040 1105 722 1797 1589 2153 549 1946 1886 402 1425 1602 1472 1802 1651 421 679 1363 685 1981 125 2034 301 534 1643 887 1016 544 0 563 1788 417 1997 419 826 1571 1597 807
701 1944 557 1468 1747 698 513 1662 579 225 1194 710 691 153 473 1507 1711 948 1208 1754 520 1652 1806 710 240 354 63 1181 711 678 1238 1682 696 216 1733 798 415 1695 1486 1846 210 1843 1579 629 1323 1295 1165 1699 1344 647 392 1056 420 1675 597 1727 528 227 1336 785 709 72 563 0 1686 710 1697 425 604 1468 1495 585
1111 852 1766 689 171 1823 1852 473 1733 1574 1037 1207 1954 1583 1361 728 135 944 985 178 1966 500 338 1835 1579 1712 1657 1063 1208 1239 922 732 1257 1565 657 1018 1476 119 707 770 1572 267 554 1892 544 896 1008 676 843 1911 1425 955 1431 546 1751 489 1958 1579 872 1116 1119 1666 1788 1686 0 1835 437 1668 1311 690 716 1292
1194 2182 395 1617 1896 62 481 2107 362 754 1724 1025 283 607 971 1656 1860 1297 1737 1904 294 1992 2063 47 604 557 681 1711 1026 1057 1768 1831 1076 590 2263 1328 777 1844 1636 2226 596 1993 2100 221 1472 1825 1695 1849 1874 240 726 1586 732 2205 380 2215 287 757 1866 934 1202 691 417 710 1835 0 2044 513 873 1618 1644 854
1116 602 1975 541 336 2032 1954 191 1942 1508 620 1335 2131 1678 1294 580 421 1098 568 395 1960 83 129 2044 1765 1794 1668 646 1336 1302 505 315 1321 1741 391 1013 1567 405 560 504 1735 212 184 2069 607 479 591 259 425 2088 1545 721 1573 280 1960 223 1968 1513 455 1325 1075 1677 1997 1697 437 2044 0 1865 1494 542 568 1475
869 2015 413 1450 1729 501 369 1830 411 393 1362 858 546 406 641 1489 1693 1116 1376 1737 376 1820 1896 513 437 104 396 1350 859 846 1406 1664 864 423 1901 966 583 1677 1469 2014 429 1826 1747 484 1305 1463 1333 1682 1513 503 559 1224 565 1843 429 1895 383 395 1504 768 877 405 419 425 1668 513 1865 0 706 1451 1477 687
498 1658 804 1093 1372 861 861 1460 771 415 991 502 992 585 224 1132 1337 745 1005 1380 868 1449 1540 873 617 701 575 979 503 475 1035 1307 494 603 1530 595 342 1321 1112 1643 610 1469 1377 930 948 1093 962 1325 1142 949 320 853 347 1472 789 1524 875 420 1133 411 506 585 826 604 1311 873 1494 706 0 1094 1121 55
894 1036 1549 93 751 1606 1635 605 1516 1357 1034 989 1737 1366 1143 68 715 727 982 758 1749 490 651 1618 1362 1495 1439 863 990 1022 919 329 1040 1348 897 801 1259 699 49 1010 1355 734 598 1675 181 893 1005 347 839 1694 1208 738 1214 801 1534 744 1741 1362 869 899 901 1449 1571 1468 690 1618 542 1451 1094 0 120 1075
920 1063 1576 78 777 1633 1662 631 1543 1384 1061 1016 1764 1392 1170 82 742 754 1008 785 1775 516 677 1645 1388 1522 1466 889 1017 1048 945 356 1067 1375 923 827 1286 725 104 1037 1381 761 625 1702 207 919 1032 373 866 1720 1234 764 1240 827 1561 770 1768 1389 896 925 928 1476 1597 1495 716 1644 568 1477 1121 120 0 1102
479 1639 785 1074 1353 842 842 1441 752 396 972 482 973 566 205 1113 1318 726 986 1361 849 1430 1521 854 598 682 556 960 483 456 1016 1288 475 584 1511 576 323 1301 1093 1624 591 1450 1358 911 929 1074 943 1306 1123 930 301 834 328 1453 770 1505 856 401 1114 392 487 565 807 585 1292 854 1475 687 55 1075 1102 0
EOF