NAME : tsp_problem
TYPE : TSP
DIMENSION : 32
EDGE_WEIGHT_TYPE : EXPLICIT
EDGE_WEIGHT_FORMAT : FULL_MATRIX
EDGE_WEIGHT_SECTION
0 829 1257 575 1084 1081 1489 448 734 178 441 1500 717 455 1141 469 707 1474 1358 573 838 857 1405 455 609 704 1475 655 1263 1081 1441 1335
829 0 1775 1052 1602 1599 1966 925 1211 748 959 2018 348 938 1618 946 179 1992 1835 500 101 443 1924 973 553 385 1952 1132 1782 1599 1918 1854
1191 1709 0 953 597 594 719 1058 725 1286 1064 612 1597 1078 1160 1062 1741 441 848 1572 1747 1738 897 1077 1489 1584 732 849 375 594 768 447
575 1052 1018 0 845 843 1177 160 421 421 468 1261 945 407 829 164 918 1236 1045 784 1049 1141 1167 481 837 981 1163 343 1025 842 1128 1097
1084 1602 663 845 0 108 662 951 618 1179 957 734 1490 971 884 955 1634 880 607 1465 1640 1630 455 970 1382 1477 551 742 669 66 613 741
1081 1599 660 843 108 0 659 948 615 1176 954 732 1487 968 881 952 1631 877 604 1462 1637 1627 452 967 1379 1474 548 739 667 95 611 739
1489 1966 784 1177 662 659 0 1178 885 1336 1392 191 1860 1322 475 1182 1833 670 174 1699 1964 2153 296 1406 1752 1896 158 1041 395 659 94 357
448 925 1123 160 951 948 1178 0 423 294 351 1348 818 280 830 62 791 1341 1047 657 922 1205 1221 364 710 855 1164 344 1130 947 1130 1202
734 1211 790 421 618 615 885 423 0 580 637 1034 1104 566 485 427 1077 1008 753 944 1209 1473 927 650 996 1141 870 231 797 614 836 869
178 748 1352 421 1179 1176 1336 294 580 0 378 1505 641 308 988 316 614 1569 1204 481 746 948 1379 392 534 678 1322 502 1358 1176 1287 1430
441 959 1130 468 957 954 1392 351 637 378 0 1373 847 123 1044 372 875 1347 1261 741 997 988 1278 61 740 834 1374 558 1136 954 1344 1208
1500 2018 677 1261 734 732 191 1348 1034 1505 1373 0 1906 1387 645 1352 2002 817 320 1869 2056 2046 369 1386 1798 1893 204 1158 288 731 240 250
717 348 1663 945 1490 1487 1860 818 1104 641 847 1906 0 831 1512 840 214 1880 1728 393 346 547 1811 861 446 107 1845 1026 1669 1487 1811 1741
455 938 1143 407 971 968 1322 280 566 308 123 1387 831 0 974 302 804 1361 1190 671 936 1001 1292 136 724 848 1307 488 1150 967 1273 1222
1138 1615 1181 826 884 881 475 827 485 985 1041 645 1509 971 0 831 1482 891 344 1348 1613 1896 518 1055 1401 1545 461 642 849 880 427 811
469 946 1128 164 955 952 1182 62 427 316 372 1352 840 302 835 0 813 1345 1051 679 944 1227 1225 386 732 876 1168 348 1134 952 1134 1206
707 179 1806 918 1634 1631 1833 791 1077 614 875 2002 214 804 1485 813 0 2024 1701 366 177 460 1875 888 419 251 1818 999 1813 1630 1784 1885
1474 1992 391 1236 880 877 682 1341 1008 1569 1347 828 1880 1361 902 1345 2024 0 738 1855 2030 2020 944 1360 1772 1867 795 1132 658 877 731 730
1358 1835 914 1045 607 604 174 1047 753 1204 1261 320 1728 1190 344 1051 1701 727 0 1567 1832 2104 241 1274 1620 1765 184 909 525 603 150 486
573 500 1638 784 1465 1462 1699 657 944 481 741 1869 393 671 1351 679 366 1855 1567 0 498 702 1742 755 200 430 1685 865 1645 1462 1650 1717
838 101 1813 1049 1640 1637 1964 922 1209 746 997 2056 346 936 1616 944 177 2030 1832 498 0 481 1961 1011 550 382 1950 1130 1820 1637 1915 1892
857 443 1803 1141 1630 1627 2153 1205 1473 948 988 2046 547 1001 1899 1227 460 2020 2104 702 481 0 1952 1001 619 534 2048 1307 1810 1627 2110 1882
1405 1924 962 1167 455 452 296 1221 927 1379 1278 369 1811 1292 518 1225 1875 933 241 1742 1961 1952 0 1292 1704 1798 185 1063 573 451 248 535
455 973 1143 481 970 967 1406 364 650 392 61 1386 861 136 1058 386 888 1360 1274 755 1011 1001 1292 0 753 847 1388 572 1150 967 1357 1222
609 553 1555 837 1382 1379 1752 710 996 534 740 1798 446 724 1404 732 419 1772 1620 200 550 619 1704 753 0 465 1738 918 1562 1379 1703 1634
704 385 1649 981 1477 1474 1896 855 1141 678 834 1893 107 848 1548 876 251 1867 1765 430 382 534 1798 847 465 0 1882 1062 1656 1473 1847 1728
1475 1952 797 1163 551 548 158 1164 870 1322 1374 204 1845 1307 461 1168 1818 784 184 1685 1950 2048 185 1388 1738 1882 0 1027 408 547 191 370
655 1132 914 343 742 739 1038 344 231 502 558 1158 1026 488 639 348 999 1132 907 865 1130 1307 1063 572 918 1062 1024 0 921 738 990 993
1263 1782 441 1025 669 667 395 1130 797 1358 1136 288 1669 1150 849 1134 1813 658 525 1645 1820 1810 573 1150 1562 1656 408 921 0 666 444 124
1081 1599 659 842 66 95 659 947 614 1176 954 731 1487 967 880 952 1630 877 603 1462 1637 1627 451 967 1379 1473 547 738 666 0 610 738
1441 1918 834 1128 613 611 94 1130 836 1287 1344 240 1811 1273 427 1134 1784 720 150 1650 1915 2110 248 1357 1703 1847 191 992 444 610 0 406
1335 1854 513 1097 741 739 357 1202 869 1430 1208 250 1741 1222 811 1206 1885 730 486 1717 1892 1882 535 1222 1634 1728 370 993 124 738 406 0
EOF