NAME : tsp_problem
TYPE : TSP
DIMENSION : 52
EDGE_WEIGHT_TYPE : EXPLICIT
EDGE_WEIGHT_FORMAT : FULL_MATRIX
EDGE_WEIGHT_SECTION
0 504 611 707 161 1485 1680 604 120 1161 1879 1716 1797 330 917 200 1402 1846 1159 408 884 786 859 1850 1076 585 1878 1909 1080 1972 1854 1389 1917 1000 1860 1844 323 302 1324 259 443 878 347 1880 1006 456 1680 727 1425 1111 156 1375
504 0 280 237 428 1379 1211 324 459 827 1772 1246 1676 287 479 595 1295 1725 1052 383 750 413 654 1380 947 362 1409 1440 691 1502 1733 1282 1447 700 1523 1375 582 319 1217 350 486 616 606 1585 706 558 1211 450 1318 982 423 1268
611 280 0 284 673 1171 1258 117 691 847 1565 1294 1483 532 526 707 1088 1532 844 382 570 339 545 1428 762 154 1456 1487 739 1549 1539 1075 1495 686 1546 1422 827 565 1010 545 732 564 851 1566 692 803 1258 243 1111 797 668 1061
707 237 284 0 630 1184 1010 328 661 626 1585 1045 1475 489 277 797 1101 1524 864 585 549 211 453 1179 746 366 1208 1238 490 1301 1531 1095 1246 499 1321 1173 784 522 1023 552 689 415 808 1384 504 760 1009 292 1131 781 625 1080
161 428 673 630 0 1606 1604 717 115 1220 2000 1639 1918 422 872 321 1523 1967 1279 529 1005 806 979 1774 1197 706 1802 1833 1084 1895 1974 1510 1840 1093 1916 1768 444 423 1445 380 405 999 468 1978 1099 476 1604 843 1546 1232 56 1495
1482 1376 1168 1184 1603 0 937 1161 1563 668 471 1057 389 1488 947 1579 126 438 471 1253 719 1081 795 852 469 1143 880 790 852 710 445 326 849 772 451 887 1702 1460 188 1417 1822 908 1727 472 778 1835 937 1023 214 504 1598 312
1680 1211 1258 1010 1604 937 0 1302 1634 753 835 597 670 1463 939 1771 938 719 1220 1552 945 1130 1093 731 762 1339 759 790 887 817 727 1083 798 895 517 725 1758 1495 860 1526 1662 1076 1782 579 901 1734 58 1210 971 796 1599 1069
604 324 117 328 717 1164 1302 0 684 840 1558 1337 1476 576 570 700 1081 1525 837 375 563 332 538 1472 755 127 1500 1531 759 1593 1532 1068 1538 679 1539 1466 824 581 1003 538 776 557 848 1559 685 847 1302 236 1104 790 712 1053
120 459 691 661 115 1566 1634 684 0 1242 1959 1670 1878 410 902 281 1483 1927 1239 488 964 836 939 1804 1156 666 1833 1863 1115 1926 1934 1469 1871 1081 1940 1798 404 383 1405 339 436 958 428 1960 1087 507 1634 808 1506 1191 110 1455
1161 827 847 626 1220 665 753 840 1242 0 1110 788 1029 1079 555 1258 582 1078 609 932 397 746 473 923 226 822 951 982 394 1044 1085 839 989 403 1065 917 1374 1112 504 1096 1279 587 1398 1111 409 1350 753 701 853 261 1215 825
1879 1772 1565 1585 2000 471 835 1558 1959 1113 0 794 184 1884 1344 1976 571 134 762 1650 1115 1477 1191 492 914 1539 520 430 1248 349 127 617 489 1168 349 527 2099 1857 633 1813 2218 1304 2123 277 1174 2232 834 1419 505 949 1995 603
1716 1246 1294 1045 1639 1057 597 1337 1670 788 794 0 784 1498 974 1807 974 734 1256 1587 981 1166 1129 366 797 1375 394 425 922 487 727 1301 432 931 777 360 1793 1531 895 1562 1698 1112 1817 703 937 1769 597 1246 1189 832 1634 1287
1797 1676 1483 1475 1918 389 670 1476 1878 1031 184 784 0 1803 1262 1894 490 124 680 1569 1034 1396 1110 482 833 1458 510 419 1167 339 117 536 479 1087 185 516 2017 1775 551 1732 2128 1223 2042 205 1093 2150 670 1338 423 867 1913 521
330 287 532 489 422 1491 1463 576 410 1079 1884 1498 1803 0 731 426 1407 1852 1164 413 889 665 864 1633 1081 591 1661 1692 943 1754 1859 1394 1699 952 1775 1627 550 87 1329 118 480 868 574 1837 958 552 1463 702 1430 1116 417 1380
917 479 526 277 872 950 939 570 902 555 1344 974 1262 731 0 1014 867 1311 624 689 349 398 204 1109 541 578 1137 1168 419 1230 1319 854 1175 428 1251 1103 1025 763 789 794 930 166 1049 1313 434 1002 939 458 890 576 866 840
200 595 707 797 321 1582 1771 700 281 1258 1976 1807 1894 426 1014 0 1499 1943 1255 505 981 882 956 1941 1173 682 1969 2000 1177 2063 1950 1486 2008 1097 1957 1935 153 399 1421 356 272 975 177 1977 1103 286 1771 824 1522 1208 316 1471
1399 1292 1085 1101 1520 126 938 1078 1480 585 571 974 490 1404 864 1496 0 539 423 1170 635 998 712 952 386 1060 981 890 769 810 546 427 950 689 552 987 1619 1377 105 1334 1739 825 1643 572 695 1752 938 940 314 421 1515 412
1846 1725 1532 1524 1967 438 719 1525 1927 1080 134 734 124 1852 1311 1943 539 0 729 1617 1082 1445 1159 432 882 1507 460 370 1216 289 67 585 429 1136 234 467 2066 1824 600 1781 2177 1272 2090 217 1142 2199 719 1387 472 916 1962 570
1159 1052 844 864 1279 471 1223 837 1239 609 762 1259 680 1164 624 1255 571 729 0 930 395 757 471 1143 524 819 1171 1081 528 1001 736 272 1140 448 742 1178 1378 1136 628 1093 1498 584 1403 763 454 1511 1223 699 308 559 1274 257
408 383 382 585 529 1256 1552 375 488 932 1650 1587 1569 413 689 505 1173 1617 930 0 655 557 630 1722 847 356 1750 1781 851 1843 1625 1160 1788 771 1631 1716 628 386 1095 342 748 649 652 1651 777 761 1552 498 1196 882 524 1146
884 750 570 549 1005 722 945 563 964 397 1115 981 1034 889 349 981 638 1082 395 655 0 482 196 1115 312 545 1143 1174 213 1237 1090 625 1182 133 1096 1109 1104 862 560 818 1202 309 1128 1116 138 1237 945 424 661 347 1000 611
786 413 339 211 806 1084 1130 332 836 746 1477 1166 1396 665 398 882 1001 1445 757 557 482 0 457 1300 675 370 1328 1359 611 1422 1452 988 1367 599 1442 1294 959 697 923 720 864 477 984 1478 605 936 1130 184 1024 710 801 973
859 654 545 453 979 798 1093 538 939 473 1191 1129 1110 864 204 956 715 1159 471 630 196 457 0 1263 388 519 1291 1322 393 1384 1166 701 1330 313 1172 1257 1079 837 637 793 1106 165 1103 1192 319 1177 1093 399 738 423 974 687
1850 1380 1428 1179 1774 852 731 1472 1804 923 492 366 482 1633 1109 1941 952 432 1143 1722 1115 1300 1263 0 931 1509 52 122 1056 185 425 999 130 1065 474 98 1927 1665 1014 1696 1832 1246 1951 400 1071 1903 731 1380 886 966 1768 984
1076 947 762 746 1197 466 762 755 1156 226 911 797 830 1081 541 1173 383 879 524 847 312 675 388 931 0 737 960 990 446 1053 886 754 998 366 892 925 1296 1054 305 1011 1399 501 1320 912 372 1429 761 616 654 44 1192 740
585 362 154 366 706 1146 1339 127 666 822 1539 1375 1458 591 578 682 1063 1507 819 356 545 370 519 1509 737 0 1537 1568 741 1631 1514 1050 1576 661 1520 1503 805 563 985 520 813 539 830 1540 667 885 1339 274 1086 772 701 1035
1878 1409 1456 1208 1802 880 759 1500 1833 951 520 394 510 1661 1137 1969 981 460 1171 1750 1143 1328 1291 52 960 1537 0 150 1085 213 453 1027 158 1093 502 126 1956 1693 1042 1724 1860 1274 1980 428 1099 1932 759 1408 914 994 1797 1012
1909 1440 1487 1238 1833 790 790 1531 1863 982 430 425 419 1692 1168 2000 890 370 1081 1781 1174 1359 1322 122 990 1568 150 0 1115 122 363 936 92 1124 412 157 1986 1724 952 1755 1891 1305 2011 338 1130 1963 790 1439 824 1025 1828 922
1080 691 739 490 1084 855 887 759 1115 394 1248 922 1167 943 419 1177 772 1216 528 851 213 611 393 1056 446 741 1085 1115 0 1178 1223 759 1123 119 1198 1050 1238 976 694 1006 1143 506 1262 1249 114 1214 886 621 795 480 1079 744
1972 1502 1549 1301 1895 710 817 1593 1926 1044 349 487 339 1754 1230 2063 810 289 1001 1843 1237 1422 1384 185 1053 1631 213 122 1178 0 282 856 182 1187 332 219 2049 1787 872 1817 1954 1368 2073 258 1192 2025 817 1502 744 1088 1890 842
1854 1733 1539 1531 1974 445 727 1532 1934 1088 127 727 117 1859 1319 1950 546 67 736 1625 1090 1452 1166 425 889 1514 453 363 1223 282 0 592 422 1143 241 460 2074 1831 607 1788 2184 1279 2098 210 1149 2206 726 1394 479 924 1969 577
1389 1282 1075 1095 1510 326 1083 1068 1469 839 617 1301 536 1394 854 1486 427 585 272 1160 625 988 701 999 754 1050 1027 936 759 856 592 0 996 679 598 1033 1609 1367 488 1324 1729 814 1633 618 684 1742 1083 929 164 789 1505 58
1917 1447 1495 1246 1840 849 798 1538 1871 989 489 432 479 1699 1175 2008 950 429 1140 1788 1182 1367 1330 130 998 1576 158 92 1123 182 422 996 0 1132 471 164 1994 1732 1011 1762 1899 1313 2018 398 1137 1970 798 1447 883 1033 1835 981
1000 700 686 499 1093 775 895 679 1081 403 1168 931 1087 952 428 1097 692 1136 448 771 133 599 313 1065 366 661 1093 1124 119 1187 1143 679 1132 0 1149 1059 1220 978 614 935 1151 426 1244 1169 45 1223 895 541 715 400 1088 664
1860 1523 1546 1321 1916 451 517 1539 1940 1065 349 777 185 1775 1251 1957 552 234 742 1631 1096 1442 1172 474 895 1520 502 412 1198 332 241 598 471 1149 0 509 2069 1807 614 1794 1974 1285 2094 94 1155 2046 516 1400 486 930 1911 584
1844 1375 1422 1173 1768 887 725 1466 1798 917 527 360 516 1627 1103 1935 987 467 1178 1716 1109 1294 1257 98 925 1503 126 157 1050 219 460 1033 164 1059 509 0 1921 1659 1024 1690 1826 1240 1945 435 1065 1898 725 1374 921 960 1762 1019
323 582 827 784 444 1705 1758 824 404 1374 2099 1793 2017 550 1025 153 1622 2066 1378 628 1104 959 1079 1927 1296 805 1956 1986 1238 2049 2074 1609 1994 1220 2069 1921 0 522 1544 479 259 1098 53 2100 1226 272 1757 947 1645 1331 439 1595
302 319 565 522 423 1463 1495 581 383 1112 1857 1531 1775 87 763 399 1380 1824 1136 386 862 697 837 1665 1054 563 1693 1724 976 1787 1831 1367 1732 978 1807 1659 522 0 1302 90 513 856 546 1858 984 584 1495 705 1403 1089 418 1353
1327 1220 1013 1023 1448 188 860 1006 1407 507 633 895 551 1332 792 1424 105 600 387 1098 563 926 639 1014 308 988 1042 952 697 872 607 488 1011 617 614 1024 1547 1305 0 1261 1667 752 1571 634 622 1680 860 867 376 343 1443 474
259 350 545 552 380 1420 1526 538 339 1096 1813 1562 1732 118 794 356 1337 1781 1093 342 818 720 793 1696 1011 520 1724 1755 1006 1817 1788 1324 1762 935 1794 1690 479 90 1259 0 543 812 503 1814 941 612 1526 662 1360 1045 375 1309
443 486 732 689 405 1825 1662 776 436 1279 2218 1698 2128 480 930 272 1742 2177 1498 748 1202 864 1106 1832 1399 813 1860 1891 1143 1954 2184 1729 1899 1151 1974 1826 259 513 1664 543 0 1068 283 2037 1157 236 1662 902 1765 1434 400 1714
878 616 564 415 999 911 1076 557 958 587 1304 1112 1223 868 166 975 828 1272 584 649 309 477 165 1246 501 539 1274 1305 506 1368 1279 814 1313 426 1285 1240 1098 856 750 812 1068 0 1122 1305 432 1139 1076 418 851 536 994 800
347 606 851 808 468 1730 1782 848 428 1398 2123 1817 2042 574 1049 177 1646 2090 1403 652 1128 984 1103 1951 1320 830 1980 2011 1262 2073 2098 1633 2018 1244 2094 1945 53 546 1568 503 283 1122 0 2124 1250 296 1782 971 1669 1355 463 1619
1880 1585 1566 1384 1978 472 579 1559 1960 1114 277 703 205 1837 1313 1977 572 217 763 1651 1116 1478 1192 400 915 1540 428 338 1249 258 210 618 398 1169 94 435 2100 1858 634 1814 2037 1305 2124 0 1175 2108 579 1420 506 950 1973 604
1006 706 692 504 1099 781 901 685 1087 409 1174 937 1093 958 434 1103 698 1142 454 777 138 605 319 1071 372 667 1099 1130 114 1192 1149 684 1137 45 1155 1065 1226 984 620 941 1157 432 1250 1175 0 1229 901 547 721 406 1094 670
456 558 803 760 476 1838 1734 847 507 1350 2232 1769 2150 552 1002 286 1755 2199 1511 761 1237 936 1177 1903 1429 885 1932 1963 1214 2025 2206 1742 1970 1223 2046 1898 272 584 1677 612 236 1139 296 2108 1229 0 1734 973 1778 1464 471 1727
1680 1211 1258 1009 1604 937 58 1302 1634 753 834 597 670 1463 939 1771 938 719 1220 1552 945 1130 1093 731 761 1339 759 790 886 817 726 1083 798 895 516 725 1757 1495 860 1526 1662 1076 1782 579 901 1734 0 1210 971 796 1599 1069
727 450 243 292 843 1026 1210 236 808 701 1419 1246 1338 702 458 824 943 1387 699 498 424 184 399 1380 616 274 1408 1439 621 1502 1394 929 1447 541 1400 1374 947 705 864 662 902 418 971 1420 547 973 1210 0 966 651 838 915
1425 1318 1111 1131 1546 214 971 1104 1506 856 505 1189 423 1430 890 1522 314 472 308 1196 661 1024 738 886 657 1086 914 824 795 744 479 164 883 715 486 921 1645 1403 376 1360 1765 851 1669 506 721 1778 971 966 0 692 1541 149
1111 982 797 781 1232 501 796 790 1191 261 946 832 865 1116 576 1208 418 914 559 882 347 710 423 966 44 772 994 1025 480 1088 921 789 1033 400 927 960 1331 1089 340 1045 1434 536 1355 947 406 1464 796 651 689 0 1227 775
156 423 668 625 56 1601 1599 712 110 1215 1995 1634 1913 417 866 316 1518 1962 1274 524 1000 801 974 1768 1192 701 1797 1828 1079 1890 1969 1505 1835 1088 1911 1762 439 418 1440 375 400 994 463 1973 1094 471 1599 838 1541 1227 0 1490
1375 1268 1061 1080 1495 312 1069 1053 1455 825 603 1287 521 1380 840 1471 412 570 257 1146 611 973 687 984 740 1035 1012 922 744 842 577 58 981 664 584 1019 1595 1353 474 1309 1714 800 1619 604 670 1727 1069 915 149 775 1490 0
EOF