NAME : tsp_problem
TYPE : TSP
DIMENSION : 84
EDGE_WEIGHT_TYPE : EXPLICIT
EDGE_WEIGHT_FORMAT : FULL_MATRIX
EDGE_WEIGHT_SECTION
0 227 1680 596 57 1437 769 1294 936 321 1689 1508 1521 99 1063 1020 1094 914 1365 618 1335 847 48 45 583 1379 677 1081 1539 1483 1518 1581 921 276 1716 1165 1039 1015 1011 1286 1399 88 1590 1136 974 790 1375 98 1298 740 774 1146 1624 893 730 561 1033 1267 1156 1380 63 51 732 1544 786 1344 653 1443 1023 99 1358 689 747 853 846 746 1645 686 958 81 965 1034 78 956
227 0 1496 708 233 1252 585 1110 752 137 1505 1324 1337 275 879 1073 909 730 1181 731 1151 663 224 221 695 1195 493 897 1354 1298 1334 1396 975 389 1532 981 854 1069 827 1102 1215 287 1406 952 790 902 1191 236 1114 852 887 962 1440 709 546 673 849 1083 971 1196 239 227 548 1359 899 1160 766 1259 839 233 1174 505 563 668 880 562 1461 502 774 215 780 850 254 772
1680 1496 0 2056 1686 603 1978 773 1036 1530 240 413 409 1728 905 1558 936 1058 670 1978 641 1185 1678 1675 2019 648 1886 923 446 428 508 190 1608 1842 57 915 881 1554 1046 765 525 1740 199 844 1073 2067 625 1690 604 2102 1758 728 302 1079 1939 2021 875 802 884 631 1692 1680 1941 397 2041 649 2013 353 1058 1687 483 1898 1272 1192 1730 1294 288 1895 1057 1669 752 1068 1708 1000
596 708 2056 0 602 1647 845 1529 1299 765 2170 1989 1765 644 1508 588 1476 1118 1742 187 1735 1155 593 590 152 1691 443 1463 2020 1785 1864 2062 490 373 2092 1409 1483 584 1274 1521 1881 656 2071 1269 1302 211 1669 605 1743 162 343 1604 1800 1097 386 129 1478 1558 1317 1675 608 596 388 1974 208 1726 173 1924 1286 602 1839 455 935 1162 415 933 1865 411 1370 584 1446 1296 623 1089
57 233 1686 602 0 1442 775 1300 942 327 1695 1514 1527 94 1069 1025 1100 920 1371 624 1341 853 54 51 589 1385 683 1087 1544 1489 1524 1586 927 282 1722 1171 1044 1021 1017 1292 1405 82 1596 1142 980 795 1381 92 1304 746 780 1152 1630 899 736 566 1039 1273 1161 1386 69 57 738 1549 792 1350 659 1449 1029 95 1364 695 753 858 852 752 1651 692 964 87 970 1040 84 962
1437 1252 603 1647 1442 0 1734 364 662 1287 750 537 312 1484 605 1149 573 649 204 1569 196 776 1434 1431 1610 153 1642 560 570 331 411 642 1199 1598 639 506 580 1144 636 355 461 1496 651 435 664 1657 131 1446 204 1692 1349 439 347 670 1695 1612 575 392 475 136 1448 1436 1697 521 1631 188 1604 505 648 1443 420 1654 862 783 1321 884 412 1651 732 1425 508 659 1464 591
769 585 1978 856 775 1734 0 1592 1234 499 1987 1806 1819 817 1361 1166 1392 1212 1663 836 1633 1145 766 763 871 1677 574 1379 1836 1781 1816 1878 1068 931 2014 1463 1336 1162 1309 1584 1697 829 1888 1434 1272 688 1673 779 1596 762 921 1444 1922 1191 627 891 1331 1565 1453 1678 781 769 629 1841 710 1642 801 1741 1321 776 1656 586 1045 1150 993 1044 1943 583 1256 758 1262 1332 796 1254
1294 1110 773 1529 1300 364 1592 0 544 1144 885 704 482 1342 411 1031 378 531 459 1451 451 658 1292 1289 1492 408 1500 365 734 502 581 776 1081 1456 809 274 386 1026 519 49 595 1354 786 317 546 1539 386 1304 459 1574 1231 204 517 552 1553 1494 380 137 306 391 1306 1294 1555 691 1514 443 1486 639 531 1301 554 1512 745 665 1203 766 582 1509 615 1283 366 541 1322 473
936 752 1036 1299 942 662 1234 544 0 786 1044 863 780 984 418 801 449 301 720 1221 691 428 933 930 1262 706 1142 436 894 799 873 936 851 1098 1071 423 394 796 112 535 755 996 945 283 75 1309 684 946 653 1344 1001 501 815 322 1195 1264 388 572 332 689 948 936 1197 899 1284 699 1256 798 124 943 713 1154 515 435 973 536 880 1151 108 925 320 134 963 243
321 137 1530 765 327 1287 499 1144 786 0 1539 1358 1371 369 913 1108 944 764 1215 825 1185 697 319 316 790 1229 407 931 1389 1333 1368 1431 1010 483 1566 1015 889 1103 861 1136 1249 381 1440 986 824 845 1225 331 1148 795 963 996 1474 743 460 767 883 1117 1006 1230 333 321 462 1394 842 1194 807 1293 873 328 1208 419 597 703 914 596 1495 416 808 310 815 884 349 806
1689 1505 240 2170 1695 750 1987 885 1044 1539 0 426 574 1737 914 1723 944 1223 679 2143 649 1220 1686 1683 2157 693 1895 931 456 593 652 200 1774 1850 275 973 889 1719 1119 876 533 1748 209 1009 1082 2232 688 1698 612 2267 1923 736 467 1244 1948 2135 883 857 1005 694 1701 1688 1949 461 2206 658 2178 361 1131 1695 492 1906 1425 1225 1895 1459 453 1903 1066 1677 760 1141 1716 1165
1508 1324 413 1989 1514 537 1806 704 863 1358 426 0 343 1556 733 1492 763 992 498 1912 468 1039 1505 1502 1953 512 1714 750 67 362 442 317 1542 1669 448 792 708 1487 938 695 352 1568 327 778 901 2000 508 1517 431 2035 1692 555 236 1013 1767 1954 703 676 818 513 1520 1508 1769 70 1975 477 1947 117 950 1514 311 1725 1206 1044 1664 1227 171 1723 885 1496 579 961 1535 934
1521 1337 409 1765 1527 312 1819 482 780 1371 574 343 0 1569 723 1267 691 767 407 1687 400 894 1519 1515 1728 357 1727 678 376 113 149 524 1318 1683 445 624 699 1263 755 474 213 1581 533 553 782 1776 334 1531 408 1811 1467 557 153 788 1780 1730 693 511 594 340 1533 1521 1782 327 1750 392 1722 410 767 1528 223 1739 981 901 1439 1003 218 1736 851 1510 593 777 1549 709
99 275 1728 644 94 1484 817 1342 984 369 1737 1556 1569 0 1111 1067 1142 962 1413 666 1383 895 96 93 631 1427 725 1129 1586 1531 1566 1628 969 324 1764 1213 1086 1063 1059 1334 1447 41 1638 1184 1022 837 1423 92 1346 788 822 1194 1672 941 778 608 1081 1315 1203 1428 88 99 780 1591 834 1392 701 1491 1071 95 1406 737 795 900 894 794 1693 734 1006 113 1012 1082 74 1004
1063 879 905 1508 1069 605 1361 411 418 913 914 733 723 1111 0 1010 129 510 590 1430 560 594 1060 1057 1471 604 1269 116 764 708 743 806 1060 1225 941 225 56 1005 493 402 624 1123 815 260 456 1518 600 1073 523 1553 1210 371 758 531 1322 1473 61 383 215 605 1075 1063 1324 769 1492 569 1465 668 506 1070 583 1281 723 600 1182 745 823 1278 440 1052 189 516 1090 451
1020 1073 1558 588 1025 1149 1155 1031 801 1108 1723 1492 1267 1067 1010 0 977 620 1244 510 1236 657 1017 1014 551 1193 1012 964 1525 1286 1366 1673 140 797 1593 910 985 68 776 1022 1431 1079 1682 771 803 598 1171 1029 1244 633 290 1106 1302 599 954 553 979 1059 819 1176 1031 1019 956 1476 572 1228 545 1541 788 1026 1440 1023 743 664 261 765 1367 980 872 1008 1076 798 1047 591
1094 909 936 1476 1100 573 1392 378 449 944 944 763 691 1142 129 977 0 477 620 1398 591 604 1091 1088 1439 617 1300 51 794 710 773 836 1028 1255 971 193 104 973 465 370 655 1153 845 228 487 1486 595 1103 554 1521 1178 397 726 498 1352 1440 98 351 183 600 1106 1093 1354 799 1460 599 1433 699 477 1100 613 1311 691 611 1149 713 791 1308 471 1082 220 488 1121 419
914 730 1058 1118 920 649 1212 531 301 764 1223 992 767 962 510 620 477 0 744 1040 736 143 911 908 1081 693 1120 465 1025 786 866 1173 670 1076 1094 411 485 615 276 522 931 974 1182 271 303 1128 671 923 744 1163 820 606 802 56 1173 1083 479 559 319 676 926 914 1175 976 1103 728 1075 1041 288 920 940 1132 334 150 792 355 867 1129 372 902 562 298 941 86
1365 1181 670 1742 1371 204 1663 459 720 1215 679 498 407 1413 590 1244 620 744 0 1664 83 871 1362 1359 1705 86 1571 608 529 426 506 571 1294 1527 706 601 565 1239 731 450 389 1425 580 530 758 1752 142 1375 133 1787 1444 413 442 765 1624 1707 560 487 570 98 1377 1365 1626 534 1726 92 1699 433 743 1371 348 1583 957 878 1416 979 507 1580 742 1353 436 754 1392 686
618 731 1978 187 624 1569 825 1451 1221 825 2143 1912 1687 666 1430 510 1398 1040 1664 0 1656 1077 616 613 150 1613 520 1385 1945 1707 1786 2084 412 396 2014 1331 1405 505 1196 1443 1851 678 2094 1191 1223 191 1591 628 1664 141 265 1526 1722 1019 463 152 1400 1480 1239 1596 630 618 465 1896 188 1648 144 1947 1208 625 1860 532 856 1084 337 855 1787 489 1292 607 1468 1218 646 1011
1335 1151 641 1735 1341 196 1633 451 691 1185 649 468 400 1383 560 1236 591 736 83 1656 0 863 1333 1330 1697 78 1541 578 499 419 478 541 1287 1497 676 593 536 1232 724 443 360 1395 550 522 728 1745 135 1345 103 1780 1436 383 434 757 1594 1699 530 480 563 90 1347 1335 1596 504 1719 62 1691 404 736 1342 318 1553 950 870 1408 972 500 1550 712 1324 407 746 1363 678
847 663 1185 1155 853 776 1145 658 428 697 1220 1039 894 895 594 657 604 143 871 1077 863 0 844 841 1118 820 1053 592 1070 913 993 1112 707 1009 1221 538 569 652 403 649 930 907 1121 398 430 1165 798 857 829 1200 857 677 929 122 1106 1120 564 686 446 803 859 847 1108 1075 1140 855 1112 974 415 853 889 1065 370 83 829 392 994 1062 489 835 495 425 874 196
48 224 1678 593 54 1434 766 1292 933 319 1686 1505 1519 96 1060 1017 1091 911 1362 616 1333 844 0 42 580 1376 674 1078 1536 1480 1515 1578 919 273 1713 1162 1036 1012 1008 1283 1397 91 1587 1133 971 787 1372 99 1295 737 772 1143 1622 890 727 558 1030 1264 1153 1377 60 48 729 1541 784 1341 651 1440 1021 96 1355 686 745 850 843 743 1642 683 955 78 962 1031 75 953
45 221 1675 590 51 1431 763 1289 930 316 1683 1502 1515 93 1057 1014 1088 908 1359 613 1330 841 42 0 577 1373 671 1075 1533 1477 1512 1575 916 270 1710 1159 1033 1009 1005 1280 1394 94 1584 1130 968 784 1369 96 1292 734 769 1140 1619 887 724 555 1027 1261 1150 1374 57 45 726 1538 780 1338 648 1437 1018 93 1352 683 741 847 840 740 1639 680 952 75 959 1028 72 950
583 695 2019 152 589 1610 860 1492 1262 790 2157 1953 1728 631 1471 551 1439 1081 1705 150 1697 1118 580 577 0 1654 483 1426 1986 1748 1827 2049 453 360 2055 1372 1446 546 1237 1484 1868 643 2058 1232 1264 226 1632 593 1705 176 306 1567 1763 1060 425 116 1441 1521 1280 1637 595 583 427 1937 223 1689 185 1912 1249 590 1827 494 898 1125 378 896 1828 451 1333 572 1433 1259 610 1052
1379 1195 648 1691 1385 153 1677 408 706 1229 693 512 357 1427 604 1193 617 693 86 1613 78 820 1376 1373 1654 0 1585 604 543 376 455 585 1244 1541 683 550 579 1189 681 400 404 1439 594 479 708 1702 92 1389 147 1737 1393 427 391 714 1638 1656 574 437 520 47 1391 1379 1640 548 1676 70 1648 447 693 1386 362 1597 907 827 1365 929 456 1594 756 1368 450 703 1406 635
677 493 1886 443 683 1642 574 1500 1142 407 1895 1714 1727 725 1269 1012 1300 1120 1571 520 1541 1053 674 671 483 1585 0 1287 1744 1689 1724 1786 913 724 1922 1371 1244 1007 1217 1492 1605 737 1796 1342 1180 524 1581 687 1504 474 766 1352 1830 1099 139 478 1239 1473 1361 1586 689 677 141 1749 520 1550 485 1649 1229 684 1564 34 953 1058 838 952 1851 95 1164 666 1170 1240 704 1162
1081 897 923 1463 1087 560 1379 365 436 931 931 750 678 1129 116 964 51 465 608 1385 578 592 1078 1075 1426 604 1287 0 781 697 760 823 1015 1242 958 180 91 960 452 357 642 1140 832 215 474 1473 582 1090 541 1508 1165 384 713 485 1340 1428 86 338 170 587 1093 1080 1342 786 1447 586 1420 686 464 1087 601 1298 678 598 1136 700 778 1296 458 1069 207 475 1108 406
1539 1354 446 2020 1544 570 1836 734 894 1389 456 67 376 1586 764 1525 794 1025 529 1945 499 1070 1536 1533 1986 543 1744 781 0 395 475 348 1575 1700 481 823 739 1520 969 726 383 1598 357 811 931 2033 538 1548 462 2068 1725 586 269 1046 1797 1984 733 707 851 544 1550 1538 1799 103 2008 507 1980 148 981 1545 342 1756 1239 1075 1697 1260 204 1753 916 1527 610 991 1566 967
1483 1298 428 1785 1489 331 1781 502 799 1333 593 362 113 1531 708 1286 710 786 426 1707 419 913 1480 1477 1748 376 1689 697 395 0 110 508 1337 1644 464 643 683 1282 774 493 175 1542 518 572 801 1795 354 1492 406 1830 1487 530 172 807 1741 1749 677 530 613 359 1495 1482 1743 346 1769 411 1741 371 786 1489 184 1700 1000 920 1458 1022 237 1697 860 1471 554 796 1510 728
1518 1334 508 1864 1524 411 1816 581 873 1368 652 442 149 1566 743 1366 773 866 506 1786 478 993 1515 1512 1827 455 1724 760 475 110 0 543 1416 1679 543 723 718 1361 854 573 210 1578 553 652 881 1874 433 1527 441 1909 1566 565 252 887 1777 1829 712 610 692 439 1530 1517 1779 426 1849 487 1821 406 866 1524 219 1735 1080 1000 1538 1101 317 1733 895 1506 589 876 1545 808
1581 1396 190 2062 1586 642 1878 776 936 1431 200 317 524 1628 806 1673 836 1173 571 2084 541 1112 1578 1575 2049 585 1786 823 348 508 543 0 1724 1742 225 865 781 1669 1011 768 425 1640 74 938 973 2182 580 1590 504 2174 1874 628 417 1157 1839 2026 775 749 897 586 1592 1580 1841 353 2156 549 2119 253 1023 1587 384 1798 1317 1117 1845 1392 403 1795 958 1569 652 1033 1608 1115
921 975 1608 490 927 1199 1057 1081 851 1010 1774 1542 1318 969 1060 140 1028 670 1294 412 1287 707 919 916 453 1244 913 1015 1575 1337 1416 1724 0 699 1644 961 1035 136 826 1073 1481 981 1733 821 854 500 1221 931 1295 535 192 1156 1352 649 856 455 1030 1110 869 1227 933 921 858 1526 474 1278 447 1591 838 928 1491 925 683 714 163 682 1417 882 922 910 1126 849 949 641
276 389 1842 373 282 1598 931 1456 1098 483 1850 1669 1683 324 1225 797 1255 1076 1527 396 1497 1009 273 270 360 1541 724 1242 1700 1644 1679 1742 699 0 1877 1327 1200 792 1173 1447 1561 336 1751 1298 1136 567 1536 286 1460 517 552 1308 1786 1055 666 338 1195 1429 1317 1542 288 276 668 1705 564 1506 431 1605 1185 283 1520 735 909 1014 623 908 1807 692 1120 265 1126 1195 303 1118
1716 1532 57 2092 1722 639 2014 809 1071 1566 275 448 445 1764 941 1593 971 1094 706 2014 676 1221 1713 1710 2055 683 1922 958 481 464 543 225 1644 1877 0 951 916 1589 1081 800 560 1776 235 879 1109 2102 661 1725 639 2137 1794 763 338 1114 1975 2057 911 837 920 666 1728 1716 1977 432 2076 685 2049 388 1093 1722 519 1933 1307 1227 1765 1329 323 1931 1093 1704 787 1104 1743 1035
1165 981 915 1409 1171 506 1463 274 423 1015 973 792 624 1213 225 910 193 411 601 1331 593 538 1162 1159 1372 550 1371 180 823 643 723 865 961 1327 951 0 200 906 398 265 684 1225 874 161 426 1419 528 1175 582 1454 1111 293 659 431 1424 1374 195 246 120 533 1177 1165 1426 828 1393 585 1366 727 410 1172 642 1383 624 544 1082 646 724 1380 494 1154 292 421 1192 352
1039 854 881 1483 1044 580 1336 386 394 889 889 708 699 1086 56 985 104 485 565 1405 536 569 1036 1033 1446 579 1244 91 739 683 718 781 1035 1200 916 200 0 981 469 377 600 1098 790 235 431 1494 575 1048 498 1529 1185 347 733 506 1297 1448 43 359 191 580 1050 1038 1299 744 1468 544 1440 643 481 1045 558 1256 699 575 1157 721 799 1253 415 1027 165 491 1066 427
1015 1069 1554 584 1021 1144 1150 1026 796 1103 1719 1487 1263 1063 1005 68 973 615 1239 505 1232 652 1012 1009 546 1189 1007 960 1520 1282 1361 1669 136 792 1589 906 981 0 771 1018 1426 1075 1678 766 799 594 1166 1025 1240 629 285 1102 1297 594 950 548 975 1055 814 1172 1027 1015 952 1471 568 1224 540 1536 783 1022 1436 1019 739 659 257 761 1362 975 867 1004 1072 794 1042 586
1011 827 1046 1274 1017 636 1309 519 112 861 1119 938 755 1059 493 776 465 276 731 1196 724 403 1008 1005 1237 681 1217 452 969 774 854 1011 826 1173 1081 398 469 771 0 510 830 1071 1020 258 114 1284 658 1021 728 1319 976 576 789 297 1270 1239 463 547 306 664 1023 1011 1272 964 1258 716 1231 873 47 1018 788 1229 489 410 947 511 855 1226 183 1000 395 45 1038 217
1286 1102 765 1521 1292 355 1584 49 535 1136 876 695 474 1334 402 1022 370 522 450 1443 443 649 1283 1280 1484 400 1492 357 726 493 573 768 1073 1447 800 265 377 1018 510 0 587 1346 777 308 538 1531 377 1295 451 1566 1223 196 508 543 1545 1485 372 129 297 383 1298 1285 1547 683 1505 435 1478 630 522 1292 545 1503 736 656 1194 758 574 1501 606 1274 357 532 1313 464
1399 1215 525 1881 1405 461 1697 595 755 1249 533 352 213 1447 624 1431 655 931 389 1851 360 930 1397 1394 1868 404 1605 642 383 175 210 425 1481 1561 560 684 600 1426 830 587 0 1459 434 717 792 1939 399 1409 323 1974 1631 447 316 952 1658 1845 594 568 716 405 1411 1399 1660 388 1914 368 1886 288 842 1406 101 1617 1136 936 1603 1166 382 1614 776 1388 471 852 1427 873
88 287 1740 656 82 1496 829 1354 996 381 1748 1568 1581 41 1123 1079 1153 974 1425 678 1395 907 91 94 643 1439 737 1140 1598 1542 1578 1640 981 336 1776 1225 1098 1075 1071 1346 1459 0 1650 1196 1034 849 1434 80 1358 799 834 1206 1684 953 790 620 1093 1327 1215 1440 76 88 792 1603 846 1404 713 1503 1083 83 1418 749 807 912 906 806 1705 746 1018 101 1024 1093 62 1016
1590 1406 199 2071 1596 651 1888 786 945 1440 209 327 533 1638 815 1682 845 1182 580 2094 550 1121 1587 1584 2058 594 1796 832 357 518 553 74 1733 1751 235 874 790 1678 1020 777 434 1650 0 947 983 2191 590 1599 513 2184 1883 637 426 1167 1849 2036 784 758 906 595 1602 1589 1851 362 2165 559 2129 262 1032 1596 393 1807 1326 1126 1854 1401 412 1805 967 1578 661 1043 1617 1124
1136 952 844 1269 1142 435 1434 317 283 986 1009 778 553 1184 260 771 228 271 530 1191 522 398 1133 1130 1232 479 1342 215 811 572 652 938 821 1298 879 161 235 766 258 308 717 1196 947 0 286 1279 457 1146 530 1314 971 366 588 292 1395 1234 230 320 65 462 1148 1136 1397 762 1253 514 1226 801 270 1143 715 1354 484 405 942 506 653 1351 354 1125 327 281 1163 212
974 790 1073 1302 980 664 1272 546 75 824 1082 901 782 1022 456 803 487 303 758 1223 728 430 971 968 1264 708 1180 474 931 801 881 973 854 1136 1109 426 431 799 114 538 792 1034 983 286 0 1312 686 983 691 1347 1003 539 817 324 1233 1266 426 575 334 691 986 974 1235 937 1286 737 1258 836 126 980 751 1192 517 437 975 539 882 1189 145 962 357 137 1001 245
790 902 2067 211 795 1657 677 1539 1309 845 2232 2000 1776 837 1518 598 1486 1128 1752 191 1745 1165 787 784 226 1702 524 1473 2033 1795 1874 2182 500 567 2102 1419 1494 594 1284 1531 1939 849 2191 1279 1312 0 1679 799 1753 117 353 1615 1810 1107 466 246 1488 1568 1327 1685 801 789 468 1984 37 1737 156 2049 1296 796 1949 535 945 1172 425 944 1875 492 1380 778 1585 1307 817 1099
1375 1191 625 1669 1381 131 1673 386 684 1225 688 508 334 1423 600 1171 595 671 142 1591 135 798 1372 1369 1632 92 1581 582 538 354 433 580 1221 1536 661 528 575 1166 658 377 399 1434 590 457 686 1679 0 1384 143 1714 1371 422 369 692 1634 1634 569 414 497 75 1387 1374 1636 543 1654 127 1626 443 671 1381 358 1592 885 805 1343 906 434 1590 752 1363 446 681 1402 613
98 236 1690 605 92 1446 779 1304 946 331 1698 1517 1531 92 1073 1029 1103 923 1375 628 1345 857 99 96 593 1389 687 1090 1548 1492 1527 1590 931 286 1725 1175 1048 1025 1021 1295 1409 80 1599 1146 983 799 1384 0 1308 749 784 1156 1634 903 740 570 1042 1277 1165 1390 86 99 742 1553 796 1353 663 1453 1033 52 1368 699 757 862 856 756 1655 696 968 70 974 1043 113 966
1298 1114 604 1743 1304 204 1596 459 653 1148 612 431 408 1346 523 1244 554 744 133 1664 103 829 1295 1292 1705 147 1504 541 462 406 441 504 1295 1460 639 582 498 1240 728 451 323 1358 513 530 691 1753 143 1308 0 1788 1444 346 442 765 1557 1707 493 467 571 148 1310 1298 1559 467 1727 112 1699 366 741 1305 281 1516 958 835 1416 980 508 1513 675 1287 369 751 1325 686
740 852 2102 162 746 1692 751 1574 1344 795 2267 2035 1811 788 1553 633 1521 1163 1787 141 1780 1200 737 734 176 1737 474 1508 2068 1830 1909 2174 535 517 2137 1454 1529 629 1319 1566 1974 799 2184 1314 1347 117 1714 749 1788 0 388 1650 1845 1142 417 196 1523 1603 1362 1720 752 739 419 2019 114 1772 106 2037 1331 746 1952 486 980 1207 460 979 1910 442 1415 728 1558 1342 767 1134
774 887 1758 343 780 1349 910 1231 1001 963 1923 1692 1467 822 1210 290 1178 820 1444 265 1436 857 772 769 306 1393 766 1165 1725 1487 1566 1874 192 552 1794 1111 1185 285 976 1223 1631 834 1883 971 1003 353 1371 784 1444 388 0 1306 1502 799 709 307 1180 1260 1019 1376 786 774 711 1676 327 1428 300 1741 988 781 1640 778 637 864 117 635 1567 735 1072 763 1276 998 802 791
1146 962 728 1604 1152 439 1444 204 501 996 736 555 557 1194 371 1106 397 606 413 1526 383 677 1143 1140 1567 427 1352 384 586 530 565 628 1156 1308 763 293 347 1102 576 196 447 1206 637 366 539 1615 422 1156 346 1650 1306 0 592 627 1405 1569 341 177 324 428 1158 1146 1407 591 1589 392 1561 491 589 1153 406 1364 820 683 1278 841 657 1361 523 1135 217 599 1173 548
1624 1440 302 1800 1630 347 1922 517 815 1474 467 236 153 1672 758 1302 726 802 442 1722 434 929 1622 1619 1763 391 1830 713 269 172 252 417 1352 1786 338 659 733 1297 789 508 316 1684 426 588 817 1810 369 1634 442 1845 1502 592 0 823 1883 1765 728 545 628 374 1636 1624 1885 220 1784 426 1757 319 801 1631 326 1842 1015 936 1474 1037 111 1839 885 1613 696 812 1652 743
893 709 1079 1097 899 670 1191 552 322 743 1244 1013 788 941 531 599 498 56 765 1019 757 122 890 887 1060 714 1099 485 1046 807 887 1157 649 1055 1114 431 506 594 297 543 952 953 1167 292 324 1107 692 903 765 1142 799 627 823 0 1152 1062 500 580 340 697 905 893 1154 997 1082 749 1054 1020 309 899 935 1111 313 129 771 334 888 1108 393 881 541 319 920 107
730 546 1939 386 736 1695 627 1553 1195 460 1948 1767 1780 778 1322 954 1352 1173 1624 463 1594 1106 727 724 425 1638 139 1340 1797 1741 1777 1839 856 666 1975 1424 1297 950 1270 1545 1658 790 1849 1395 1233 466 1634 740 1557 417 709 1405 1883 1152 0 421 1292 1526 1414 1639 742 730 62 1802 463 1603 428 1702 1282 737 1617 151 1006 1111 781 1005 1904 107 1217 719 1223 1293 757 1215
561 673 2021 129 566 1612 880 1494 1264 767 2135 1954 1730 608 1473 553 1440 1083 1707 152 1699 1120 558 555 116 1656 478 1428 1984 1749 1829 2026 455 338 2057 1374 1448 548 1239 1485 1845 620 2036 1234 1266 246 1634 570 1707 196 307 1569 1765 1062 421 0 1442 1522 1282 1639 572 560 423 1939 243 1691 186 1889 1251 567 1804 490 899 1127 379 898 1830 446 1335 549 1410 1261 588 1054
1033 849 875 1478 1039 575 1331 380 388 883 883 703 693 1081 61 979 98 479 560 1400 530 564 1030 1027 1441 574 1239 86 733 677 712 775 1030 1195 911 195 43 975 463 372 594 1093 784 230 426 1488 569 1042 493 1523 1180 341 728 500 1292 1442 0 353 185 575 1045 1033 1294 738 1462 539 1435 638 475 1039 553 1251 693 569 1151 715 793 1248 410 1021 159 486 1060 421
1267 1083 802 1558 1273 392 1565 137 572 1117 857 676 511 1315 383 1059 351 559 487 1480 480 686 1264 1261 1521 437 1473 338 707 530 610 749 1110 1429 837 246 359 1055 547 129 568 1327 758 320 575 1568 414 1277 467 1603 1260 177 545 580 1526 1522 353 0 278 420 1279 1267 1528 712 1542 472 1515 612 559 1274 527 1485 773 693 1231 795 611 1482 643 1256 338 569 1294 501
1156 971 884 1317 1161 475 1453 306 332 1006 1005 818 594 1203 215 819 183 319 570 1239 563 446 1153 1150 1280 520 1361 170 851 613 692 897 869 1317 920 120 191 814 306 297 716 1215 906 65 334 1327 497 1165 571 1362 1019 324 628 340 1414 1282 185 278 0 503 1167 1155 1416 802 1302 554 1274 759 319 1162 674 1373 533 453 991 554 693 1370 403 1144 282 329 1183 261
1380 1196 631 1675 1386 136 1678 391 689 1230 694 513 340 1428 605 1176 600 676 98 1596 90 803 1377 1374 1637 47 1586 587 544 359 439 586 1227 1542 666 533 580 1172 664 383 405 1440 595 462 691 1685 75 1390 148 1720 1376 428 374 697 1639 1639 575 420 503 0 1392 1380 1641 549 1659 82 1631 448 676 1387 363 1598 890 810 1348 912 440 1595 757 1369 451 686 1407 618
63 239 1692 608 69 1448 781 1306 948 333 1701 1520 1533 88 1075 1031 1106 926 1377 630 1347 859 60 57 595 1391 689 1093 1550 1495 1530 1592 933 288 1728 1177 1050 1027 1023 1298 1411 76 1602 1148 986 801 1387 86 1310 752 786 1158 1636 905 742 572 1045 1279 1167 1392 0 63 744 1555 798 1356 665 1455 1035 89 1370 701 759 864 858 758 1657 698 970 93 976 1046 90 968
51 227 1680 596 57 1436 769 1294 936 321 1688 1508 1521 99 1063 1019 1093 914 1365 618 1335 847 48 45 583 1379 677 1080 1538 1482 1517 1580 921 276 1716 1165 1038 1015 1011 1285 1399 88 1589 1136 974 789 1374 99 1298 739 774 1146 1624 893 730 560 1033 1267 1155 1380 63 0 732 1543 786 1344 653 1443 1023 99 1358 689 747 852 846 746 1645 686 958 81 964 1033 78 956
732 548 1941 388 738 1697 629 1555 1197 462 1949 1769 1782 780 1324 956 1354 1175 1626 465 1596 1108 729 726 427 1640 141 1342 1799 1743 1779 1841 858 668 1977 1426 1299 952 1272 1547 1660 792 1851 1397 1235 468 1636 742 1559 419 711 1407 1885 1154 62 423 1294 1528 1416 1641 744 732 0 1804 465 1605 430 1704 1284 739 1619 152 1008 1113 783 1007 1906 109 1219 721 1225 1295 759 1217
1544 1359 397 1974 1549 521 1841 691 899 1394 461 70 327 1591 769 1476 799 976 534 1896 504 1075 1541 1538 1937 548 1749 786 103 346 426 353 1526 1705 432 828 744 1471 964 683 388 1603 362 762 937 1984 543 1553 467 2019 1676 591 220 997 1802 1939 738 712 802 549 1555 1543 1804 0 1959 512 1931 153 976 1550 347 1761 1190 1080 1648 1211 155 1758 921 1532 615 986 1571 918
786 899 2041 208 792 1631 699 1514 1284 842 2206 1975 1750 834 1492 572 1460 1103 1726 188 1719 1140 784 780 223 1676 520 1447 2008 1769 1849 2156 474 564 2076 1393 1468 568 1258 1505 1914 846 2165 1253 1286 37 1654 796 1727 114 327 1589 1784 1082 463 243 1462 1542 1302 1659 798 786 465 1959 0 1711 153 2024 1270 793 1923 532 919 1146 399 918 1850 489 1355 775 1559 1281 813 1074
1344 1160 649 1726 1350 188 1642 443 699 1194 658 477 392 1392 569 1228 599 728 92 1648 62 855 1341 1338 1689 70 1550 586 507 411 487 549 1278 1506 685 585 544 1224 716 435 368 1404 559 514 737 1737 127 1353 112 1772 1428 392 426 749 1603 1691 539 472 554 82 1356 1344 1605 512 1711 0 1683 412 728 1350 327 1562 942 862 1400 964 491 1559 721 1332 415 738 1371 670
653 766 2013 173 659 1604 789 1486 1256 807 2178 1947 1722 701 1465 545 1433 1075 1699 144 1691 1112 651 648 185 1648 485 1420 1980 1741 1821 2119 447 431 2049 1366 1440 540 1231 1478 1886 713 2129 1226 1258 156 1626 663 1699 106 300 1561 1757 1054 428 186 1435 1515 1274 1631 665 653 430 1931 153 1683 0 1982 1243 660 1895 497 891 1119 371 890 1822 453 1327 642 1503 1253 681 1046
1443 1259 353 1924 1449 505 1741 639 798 1293 361 117 410 1491 668 1541 699 1041 433 1947 404 974 1440 1437 1912 447 1649 686 148 371 406 253 1591 1605 388 727 643 1536 873 630 288 1503 262 801 836 2049 443 1453 366 2037 1741 491 319 1020 1702 1889 638 612 759 448 1455 1443 1704 153 2024 412 1982 0 886 1450 246 1661 1180 980 1713 1254 254 1658 820 1432 514 896 1470 983
1023 839 1058 1286 1029 648 1321 531 124 873 1131 950 767 1071 506 788 477 288 743 1208 736 415 1021 1018 1249 693 1229 464 981 786 866 1023 838 1185 1093 410 481 783 47 522 842 1083 1032 270 126 1296 671 1033 741 1331 988 589 801 309 1282 1251 475 559 319 676 1035 1023 1284 976 1270 728 1243 886 0 1030 800 1241 501 422 960 523 867 1238 195 1012 407 27 1051 230
99 233 1687 602 95 1443 776 1301 943 328 1695 1514 1528 95 1070 1026 1100 920 1371 625 1342 853 96 93 590 1386 684 1087 1545 1489 1524 1587 928 283 1722 1172 1045 1022 1018 1292 1406 83 1596 1143 980 796 1381 52 1305 746 781 1153 1631 899 737 567 1039 1274 1162 1387 89 99 739 1550 793 1350 660 1450 1030 0 1364 695 754 859 853 753 1651 693 964 73 971 1040 116 963
1358 1174 483 1839 1364 420 1656 554 713 1208 492 311 223 1406 583 1440 613 940 348 1860 318 889 1355 1352 1827 362 1564 601 342 184 219 384 1491 1520 519 642 558 1436 788 545 101 1418 393 715 751 1949 358 1368 281 1952 1640 406 326 935 1617 1804 553 527 674 363 1370 1358 1619 347 1923 327 1895 246 800 1364 0 1576 1095 895 1612 1169 391 1573 735 1346 429 811 1385 882
689 505 1898 455 695 1654 586 1512 1154 419 1906 1725 1739 737 1281 1023 1311 1132 1583 532 1553 1065 686 683 494 1597 34 1298 1756 1700 1735 1798 925 735 1933 1383 1256 1019 1229 1503 1617 749 1807 1354 1192 535 1592 699 1516 486 778 1364 1842 1111 151 490 1251 1485 1373 1598 701 689 152 1761 532 1562 497 1661 1241 695 1576 0 965 1070 850 964 1863 106 1176 678 1182 1251 716 1174
747 563 1272 932 753 862 1045 745 515 597 1425 1206 981 795 723 743 691 334 957 854 950 370 745 741 895 907 953 678 1239 1000 1080 1317 681 909 1307 624 699 739 489 736 1136 807 1326 484 517 942 885 757 958 977 634 820 1015 313 1006 896 693 773 533 890 759 747 1008 1190 916 942 889 1180 501 754 1095 965 0 377 585 86 1081 962 586 736 701 512 774 305
853 668 1192 1162 858 783 1150 665 435 703 1225 1044 901 900 600 664 611 150 878 1084 870 83 850 847 1125 827 1058 598 1075 920 1000 1117 714 1014 1227 544 575 659 410 656 936 912 1126 405 437 1172 805 862 835 1207 864 683 936 129 1111 1127 569 693 453 810 864 852 1113 1080 1146 862 1119 980 422 859 895 1070 377 0 835 399 1001 1067 495 841 501 432 880 203
846 880 1730 415 852 1321 981 1203 973 914 1895 1664 1439 894 1182 261 1149 792 1416 337 1408 829 843 840 378 1365 838 1136 1697 1458 1538 1845 163 623 1765 1082 1157 257 947 1194 1603 906 1854 942 975 425 1343 856 1416 460 117 1278 1474 771 781 379 1151 1231 991 1348 858 846 783 1648 399 1400 371 1713 960 853 1612 850 588 835 0 587 1539 806 1044 835 1248 970 873 763
746 562 1294 931 752 884 1044 766 536 596 1459 1227 1003 794 745 765 713 355 979 852 972 392 743 740 894 929 952 700 1260 1022 1101 1392 679 908 1329 646 721 761 511 758 1166 806 1401 506 539 941 906 756 980 976 633 841 1037 334 1005 895 715 795 554 912 758 746 1007 1211 915 964 887 1254 523 753 1169 964 86 399 584 0 1102 961 607 735 776 534 773 326
1645 1461 288 1865 1651 412 1943 582 880 1495 453 171 218 1693 823 1367 791 867 507 1787 500 994 1642 1639 1828 456 1851 778 204 237 317 403 1417 1807 323 724 799 1362 855 574 382 1705 412 653 882 1875 434 1655 508 1910 1567 657 111 888 1904 1830 793 611 693 440 1657 1645 1906 155 1850 491 1822 254 867 1651 391 1863 1081 1001 1539 1102 0 1860 951 1633 716 877 1672 809
686 502 1895 411 692 1651 583 1509 1151 416 1903 1723 1736 734 1278 980 1308 1129 1580 489 1550 1062 683 680 451 1594 95 1296 1753 1697 1733 1795 882 692 1931 1380 1253 975 1226 1501 1614 746 1805 1351 1189 492 1590 696 1513 442 735 1361 1839 1108 107 446 1248 1482 1370 1595 698 686 109 1758 489 1559 453 1658 1238 693 1573 106 962 1067 806 961 1860 0 1173 675 1179 1249 713 1171
958 774 1057 1370 964 732 1256 615 108 808 1066 885 851 1006 440 872 471 372 742 1292 712 489 955 952 1333 756 1164 458 916 860 895 958 922 1120 1093 494 415 867 183 606 776 1018 967 354 145 1380 752 968 675 1415 1072 523 885 393 1217 1335 410 643 403 757 970 958 1219 921 1355 721 1327 820 195 964 735 1176 586 495 1044 607 951 1173 0 946 341 205 985 314
81 215 1669 584 87 1425 758 1283 925 310 1677 1496 1510 113 1052 1008 1082 902 1353 607 1324 835 78 75 572 1368 666 1069 1527 1471 1506 1569 910 265 1704 1154 1027 1004 1000 1274 1388 101 1578 1125 962 778 1363 70 1287 728 763 1135 1613 881 719 549 1021 1256 1144 1369 93 81 721 1532 775 1332 642 1432 1012 73 1346 678 736 841 835 735 1633 675 946 0 953 1022 108 945
965 780 752 1446 970 508 1262 366 320 815 760 579 593 1012 189 1076 220 562 436 1468 407 495 962 959 1433 450 1170 207 610 554 589 652 1126 1126 787 292 165 1072 395 357 471 1024 661 327 357 1585 446 974 369 1558 1276 217 696 541 1223 1410 159 338 282 451 976 964 1225 615 1559 415 1503 514 407 971 429 1182 701 501 1248 776 716 1179 341 953 0 417 992 518
1034 850 1068 1296 1040 659 1332 541 134 884 1141 961 777 1082 516 798 488 298 754 1218 746 425 1031 1028 1259 703 1240 475 991 796 876 1033 849 1195 1104 421 491 794 45 532 852 1093 1043 281 137 1307 681 1043 751 1342 998 599 812 319 1293 1261 486 569 329 686 1046 1033 1295 986 1281 738 1253 896 27 1040 811 1251 512 432 970 534 877 1249 205 1022 417 0 1061 240
78 254 1708 623 84 1464 796 1322 963 349 1716 1535 1549 74 1090 1047 1121 941 1392 646 1363 874 75 72 610 1406 704 1108 1566 1510 1545 1608 949 303 1743 1192 1066 1042 1038 1313 1427 62 1617 1163 1001 817 1402 113 1325 767 802 1173 1652 920 757 588 1060 1294 1183 1407 90 78 759 1571 813 1371 681 1470 1051 116 1385 716 774 880 873 773 1672 713 985 108 992 1061 0 983
956 772 1000 1089 962 591 1254 473 243 806 1165 934 709 1004 451 591 419 86 686 1011 678 196 953 950 1052 635 1162 406 967 728 808 1115 641 1118 1035 352 427 586 217 464 873 1016 1124 212 245 1099 613 966 686 1134 791 548 743 107 1215 1054 421 501 261 618 968 956 1217 918 1074 670 1046 983 230 963 882 1174 305 203 763 326 809 1171 314 945 518 240 983 0
EOF