NAME : tsp_problem
TYPE : TSP
DIMENSION : 36
EDGE_WEIGHT_TYPE : EXPLICIT
EDGE_WEIGHT_FORMAT : FULL_MATRIX
EDGE_WEIGHT_SECTION
0 1609 819 1386 681 1401 1814 35 292 1599 845 1447 1533 790 945 781 1292 393 163 810 774 435 1238 954 1716 1923 825 1828 64 1429 1977 1740 2038 760 816 348
1609 0 1363 563 1442 578 454 1618 1795 52 1303 596 450 1048 1254 1324 686 1728 1545 1354 1318 1669 740 1264 356 563 1369 395 1598 532 617 380 598 1415 1454 1774
819 1363 0 1140 295 1155 1568 828 658 1353 975 1201 1287 544 1075 86 1046 626 755 56 91 522 992 1084 1470 1677 41 1582 809 1183 1731 1494 1792 890 946 697
1386 563 1140 0 1219 41 768 1395 1538 553 1009 156 343 825 960 1102 392 1433 1322 1131 1095 1445 445 969 670 877 1146 650 1376 226 931 694 854 1120 1159 1480
681 1442 295 1219 0 1234 1646 690 412 1432 730 1280 1366 622 829 257 1125 380 738 286 250 277 1071 838 1549 1755 301 1661 722 1261 1810 1573 1870 644 700 451
1401 578 1155 41 1234 0 782 1410 1539 568 1010 157 344 840 961 1116 392 1434 1337 1146 1110 1446 446 970 685 891 1161 651 1390 227 946 709 855 1121 1160 1481
1814 454 1568 768 1646 782 0 1822 1999 444 1556 827 655 1253 1507 1529 939 1977 1749 1559 1523 1874 992 1516 381 371 1574 335 1803 785 424 126 317 1667 1706 2027
35 1618 828 1395 690 1410 1822 0 300 1608 854 1456 1542 798 953 790 1301 402 172 819 783 444 1247 963 1725 1931 834 1837 54 1437 1986 1749 2047 769 824 357
292 1795 658 1538 412 1539 1999 300 0 1785 577 1421 1655 975 676 619 1212 148 349 649 613 166 1230 685 1902 2108 664 1830 333 1349 2141 1926 2034 491 547 103
1599 52 1353 553 1432 568 444 1608 1785 0 1294 586 440 1038 1245 1315 676 1718 1535 1344 1308 1659 730 1254 347 553 1359 385 1589 522 608 371 589 1405 1444 1765
845 1303 975 1009 730 1010 1556 854 577 1294 0 891 1126 701 147 937 683 471 902 966 930 484 700 156 1417 1771 981 1301 886 819 1611 1594 1504 159 214 518
1447 596 1201 156 1280 157 827 1456 1421 586 891 0 286 743 842 1162 274 1315 1383 1192 1156 1328 328 852 709 936 1207 593 1436 104 904 754 797 1003 1041 1362
1533 450 1287 343 1366 344 655 1542 1655 440 1126 286 0 972 1077 1249 508 1550 1469 1278 1242 1562 562 1086 557 764 1293 505 1523 353 815 581 708 1237 1276 1597
790 1048 544 825 622 840 1253 798 975 1038 701 743 972 0 801 505 534 929 725 535 499 850 552 810 1155 1362 550 1153 779 671 1416 1179 1356 580 603 976
945 1254 1075 960 829 961 1507 953 676 1245 147 842 1077 801 0 1036 634 571 1002 1066 1030 583 651 64 1368 1722 1081 1252 986 770 1562 1545 1455 258 314 618
781 1324 86 1102 257 1116 1529 790 619 1315 937 1162 1249 505 1036 0 1008 587 717 95 89 484 954 1045 1432 1638 80 1544 770 1144 1693 1456 1753 851 907 658
1292 686 1046 392 1125 392 939 1301 1212 676 683 274 508 534 634 1008 0 1107 1228 1037 1001 1119 119 643 799 1140 1052 683 1281 202 994 958 887 794 833 1154
393 1728 626 1433 380 1434 1977 402 148 1718 471 1315 1550 929 571 587 1107 0 450 617 581 134 1125 580 1841 2086 632 1725 435 1243 2035 1903 1928 386 442 128
163 1545 755 1322 738 1337 1749 172 349 1535 902 1383 1469 725 1002 717 1228 450 0 746 710 492 1174 1011 1652 1859 761 1764 152 1365 1913 1676 1974 817 873 405
810 1354 56 1131 286 1146 1559 819 649 1344 966 1192 1278 535 1066 95 1037 617 746 0 99 513 983 1075 1461 1668 50 1573 800 1174 1722 1485 1783 881 937 688
774 1318 91 1095 250 1110 1523 783 613 1308 930 1156 1242 499 1030 89 1001 581 710 99 0 477 947 1039 1425 1632 85 1537 764 1138 1686 1449 1747 845 901 652
435 1669 522 1445 277 1446 1874 444 166 1659 484 1328 1562 850 583 484 1119 134 492 513 477 0 1137 592 1776 1983 528 1737 476 1256 2037 1800 1941 398 454 205
1238 740 992 445 1071 446 992 1247 1230 730 700 328 562 552 651 954 119 1125 1174 983 947 1137 0 661 853 1208 998 737 1228 256 1047 1030 941 812 851 1171
954 1264 1084 969 838 970 1516 963 685 1254 156 852 1086 810 64 1045 643 580 1011 1075 1039 592 661 0 1377 1732 1090 1261 995 780 1571 1554 1464 267 323 627
1716 356 1470 670 1549 685 381 1725 1902 347 1417 709 557 1155 1368 1432 799 1841 1652 1461 1425 1776 853 1377 0 490 1476 156 1706 645 506 307 399 1528 1567 1888
1923 563 1677 877 1755 891 371 1931 2108 553 1771 936 764 1362 1722 1638 1140 2086 1859 1668 1632 1983 1208 1732 490 0 1683 550 1912 1000 235 298 296 1883 1921 2157
825 1369 41 1146 301 1161 1574 834 664 1359 981 1207 1293 550 1081 80 1052 632 761 50 85 528 998 1090 1476 1683 0 1588 815 1189 1737 1500 1798 896 952 703
1828 395 1582 650 1661 651 335 1837 1830 385 1301 593 505 1153 1252 1544 683 1725 1764 1573 1537 1737 737 1261 156 550 1588 0 1818 529 390 407 283 1412 1451 1772
64 1598 809 1376 722 1390 1803 54 333 1589 886 1436 1523 779 986 770 1281 435 152 800 764 476 1228 995 1706 1912 815 1818 0 1418 1967 1730 2027 801 857 389
1429 532 1183 226 1261 227 785 1437 1349 522 819 104 353 671 770 1144 202 1243 1365 1174 1138 1256 256 780 645 1000 1189 529 1418 0 840 820 733 931 969 1290
1977 617 1731 931 1810 946 424 1986 2141 608 1611 904 815 1416 1562 1693 994 2035 1913 1722 1686 2037 1047 1571 506 235 1737 390 1967 840 0 353 135 1722 1761 2082
1740 380 1494 694 1573 709 126 1749 1926 371 1594 754 581 1179 1545 1456 958 1903 1676 1485 1449 1800 1030 1554 307 298 1500 407 1730 820 353 0 389 1705 1744 1974
2038 598 1792 854 1870 855 317 2047 2034 589 1504 797 708 1356 1455 1753 887 1928 1974 1783 1747 1941 941 1464 399 296 1798 283 2027 733 135 389 0 1616 1654 1975
760 1415 890 1120 644 1121 1667 769 491 1405 159 1003 1237 580 258 851 794 386 817 881 845 398 812 267 1528 1883 896 1412 801 931 1722 1705 1616 0 72 433
816 1451 946 1156 700 1157 1703 824 547 1441 214 1038 1273 603 314 907 830 442 873 937 901 454 847 323 1564 1918 952 1448 857 966 1758 1741 1651 72 0 489
348 1774 697 1480 451 1481 2027 357 103 1765 518 1362 1597 976 618 658 1154 128 405 688 652 205 1171 627 1888 2157 703 1772 389 1290 2082 1974 1975 433 489 0
EOF