NAME : tsp_problem
TYPE : TSP
DIMENSION : 24
EDGE_WEIGHT_TYPE : EXPLICIT
EDGE_WEIGHT_FORMAT : FULL_MATRIX
EDGE_WEIGHT_SECTION
0 590 375 480 2109 656 2101 2201 1866 1604 1762 2144 687 1545 708 317 1601 617 1215 904 1740 734 465 986
590 0 607 257 2323 870 2315 2416 1677 1818 1976 2359 902 1759 922 725 1815 831 890 1119 1955 948 591 661
375 607 0 497 1880 427 1873 1973 1638 1375 1533 1916 459 1316 479 213 1372 388 1231 676 1512 505 236 1003
480 257 497 0 2137 684 2129 2230 1894 1632 1790 2173 715 1573 736 615 1629 645 1119 932 1769 762 370 891
2109 2324 1881 2138 0 1509 111 166 1322 999 395 221 1482 665 1462 2001 719 1794 2615 1251 987 1663 1860 2387
656 870 427 684 1508 0 1500 1600 1452 1190 1161 1544 86 944 107 548 1000 340 1495 303 1140 304 407 1266
2125 2339 1896 2153 85 1524 0 217 1363 1039 410 262 1497 681 1478 2016 734 1809 2656 1267 1002 1678 1875 2427
2201 2416 1973 2230 166 1600 230 0 1184 860 512 82 1574 757 1554 2093 811 1833 2477 1343 1079 1755 1952 2248
1816 1638 1588 1844 1399 1402 1441 1260 0 385 1574 1203 1434 1819 1454 1708 1873 1259 1467 1651 2141 1618 1567 1238
1573 1787 1344 1601 1072 1159 1115 934 385 0 1248 877 1190 1493 1211 1464 1547 1015 1813 1407 1814 1374 1323 1585
1762 1976 1533 1790 394 1161 386 512 1498 1174 0 455 1134 318 1115 1653 372 1446 2601 904 639 1315 1513 2372
2144 2359 1916 2173 221 1544 263 82 1127 803 455 0 1517 701 1497 2036 754 1776 2420 1286 1022 1698 1895 2191
687 902 459 715 1481 86 1473 1574 1484 1222 1134 1517 0 917 80 579 973 371 1526 276 1113 336 438 1298
1545 1759 1316 1573 665 944 657 757 1743 1419 318 701 917 0 898 1437 350 1229 2384 687 422 1098 1296 2155
708 922 479 736 1462 107 1454 1554 1504 1242 1115 1497 80 898 0 600 954 392 1547 257 1093 356 459 1318
317 725 213 615 2001 548 1993 2093 1758 1496 1653 2036 579 1437 600 0 1492 508 1349 796 1632 626 357 1121
1601 1815 1372 1629 719 1000 711 811 1797 1473 372 754 973 350 954 1492 0 1285 2439 743 561 1154 1351 2211
617 831 388 645 1793 340 1785 1885 1309 1047 1446 1829 371 1229 392 508 1285 0 1456 588 1425 418 367 1227
1224 899 1241 1129 2653 1504 2695 2514 1498 1844 2610 2457 1535 2393 1556 1359 2449 1465 0 1752 2589 1582 1313 261
904 1119 676 932 1251 303 1243 1343 1701 1439 904 1286 276 687 257 796 743 588 1743 0 882 458 655 1515
1740 1955 1512 1769 986 1140 979 1079 2064 1741 639 1022 1113 422 1093 1632 561 1425 2579 882 0 1294 1491 2351
734 948 505 762 1662 304 1654 1755 1668 1406 1315 1698 336 1098 356 626 1154 418 1573 458 1294 0 485 1345
465 591 236 370 1860 407 1852 1952 1617 1355 1513 1895 438 1296 459 357 1351 367 1304 655 1491 485 0 1076
995 670 1012 900 2425 1276 2467 2286 1269 1616 2382 2229 1307 2165 1328 1130 2220 1236 261 1524 2360 1354 1085 0
EOF