NAME : tsp_problem
TYPE : TSP
DIMENSION : 16
EDGE_WEIGHT_TYPE : EXPLICIT
EDGE_WEIGHT_FORMAT : FULL_MATRIX
EDGE_WEIGHT_SECTION
0 1501 2193 496 807 1013 954 2262 2419 1140 1206 1298 1060 965 1547 133
1520 0 2182 1462 1004 647 1898 2251 2409 910 540 632 694 818 2491 1611
1825 2182 0 2123 1465 1639 989 104 343 1766 2166 2259 1686 1490 796 1800
496 1422 2379 0 993 1199 1407 2449 2606 1327 1127 1220 1247 1152 1854 587
771 1004 1465 958 0 461 1149 1534 1691 588 988 1080 508 311 1742 862
977 647 1639 1164 461 0 1355 1708 1866 367 631 723 73 275 1948 1068
954 1867 2504 1369 1118 1324 0 2573 2730 1451 1851 1943 1371 1276 701 920
1778 2251 104 2076 1534 1708 942 0 347 1835 2235 2328 1755 1559 749 1753
1783 2409 344 2080 1691 1866 947 347 0 1993 2393 2485 1913 1717 754 1758
1104 910 1766 1291 588 367 1482 1835 1993 0 894 986 414 402 2075 1195
1240 540 2166 1167 988 631 1882 2235 2393 894 0 233 678 802 2424 1331
1332 632 2259 1259 1080 723 1975 2328 2485 986 233 0 770 894 2516 1423
1024 694 1686 1211 508 73 1402 1755 1913 414 678 770 0 322 1995 1115
930 818 1490 1116 311 275 1308 1559 1716 402 802 894 322 0 1900 1021
1086 2008 2645 1384 1258 1465 250 2714 2871 1592 1992 2084 1512 1417 0 1061
133 1592 2284 587 898 1104 920 2353 2510 1231 1297 1389 1151 1057 1513 0
EOF
