NAME : tsp_problem
TYPE : TSP
DIMENSION : 28
EDGE_WEIGHT_TYPE : EXPLICIT
EDGE_WEIGHT_FORMAT : FULL_MATRIX
EDGE_WEIGHT_SECTION
0 57 264 120 181 564 270 365 271 112 189 272 281 305 80 228 199 155 245 1717 277 164 273 70 280 992 194 171
57 0 294 115 211 558 265 364 266 107 219 301 287 335 75 258 229 185 275 1712 307 194 303 65 282 987 224 201
264 294 0 357 225 691 218 172 399 349 233 79 314 113 317 272 243 199 289 1845 84 126 36 307 309 1120 132 128
120 115 357 0 274 513 220 318 220 36 282 361 241 358 66 285 292 248 314 1666 356 257 366 77 236 942 287 264
181 211 225 274 0 646 247 326 354 266 25 233 168 267 234 116 87 70 133 1800 238 125 234 224 168 1075 155 132
350 345 478 300 433 0 297 396 234 292 441 439 319 436 296 363 371 434 391 1680 434 487 487 307 314 876 517 494
270 265 218 220 247 511 0 136 218 211 255 179 133 176 216 177 185 248 205 1664 174 273 227 226 128 939 279 275
365 364 172 318 326 609 136 0 317 310 334 133 232 130 315 276 284 300 304 1763 127 226 181 325 227 1038 233 228
271 266 399 220 354 448 218 317 0 212 362 359 240 356 217 284 291 355 312 1537 354 408 408 227 235 876 438 415
112 107 349 36 266 505 211 310 212 0 274 353 233 350 58 277 284 240 305 1658 348 249 358 68 228 933 279 256
189 219 233 282 25 654 255 334 362 274 0 241 176 275 242 124 95 78 140 1808 246 133 242 232 176 1083 163 140
272 301 79 361 233 652 179 133 359 353 241 0 275 91 324 280 251 207 296 1805 89 133 88 314 270 1080 140 136
281 287 314 241 168 532 133 232 240 233 176 275 0 272 238 98 106 169 127 1686 269 225 323 248 54 961 255 232
305 335 113 358 267 649 176 130 356 350 275 91 272 0 354 313 285 240 330 1802 86 167 122 348 267 1077 174 169
80 75 317 66 234 509 216 315 217 58 242 324 238 354 0 281 252 208 297 1663 329 217 326 62 233 938 247 224
228 258 272 285 116 577 177 276 284 277 124 280 98 313 281 0 54 117 74 1730 285 172 281 271 98 1005 202 179
199 229 243 292 87 584 185 284 291 284 95 251 106 285 252 54 0 88 70 1737 256 143 252 242 106 1013 173 150
155 185 199 248 70 647 248 300 355 240 78 207 169 240 208 117 88 0 134 1801 212 99 208 198 169 1076 129 106
245 275 289 314 133 605 205 304 312 305 140 296 127 330 297 74 70 134 0 1758 302 189 298 287 126 1033 219 196
1703 1698 1831 1652 1786 1502 1650 1749 1524 1644 1794 1791 1672 1788 1649 1716 1724 1787 1744 0 1786 1840 1840 1659 1667 1772 1870 1847
277 307 84 356 238 647 174 127 354 348 246 89 269 86 329 285 256 212 302 1800 0 138 93 319 265 1075 145 141
164 194 126 257 125 700 273 226 408 249 133 133 225 167 217 172 143 99 189 1854 138 0 135 207 224 1129 56 51
273 303 36 366 234 700 227 181 408 358 242 88 323 122 326 281 252 208 298 1854 93 135 0 316 318 1129 141 137
70 65 307 77 224 520 226 325 227 68 232 314 248 348 62 271 242 198 287 1673 319 207 316 0 243 948 237 214
280 282 309 236 168 527 128 227 235 228 176 270 54 267 233 98 106 169 126 1681 265 224 318 243 0 956 254 231
1275 1270 1403 1225 1358 1021 1222 1321 1160 1217 1366 1364 1244 1361 1221 1288 1296 1359 1316 1745 1359 1412 1412 1232 1239 0 1442 1419
194 224 132 287 155 730 279 233 438 279 163 140 255 174 247 202 173 129 219 1884 145 56 141 237 254 1159 0 58
171 201 128 264 132 707 275 228 415 256 140 136 232 169 224 179 150 106 196 1861 141 51 137 214 231 1136 58 0
EOF