NAME : tsp_problem
TYPE : TSP
DIMENSION : 26
EDGE_WEIGHT_TYPE : EXPLICIT
EDGE_WEIGHT_FORMAT : FULL_MATRIX
EDGE_WEIGHT_SECTION
0 273 602 941 118 95 281 127 182 215 285 552 82 264 233 916 589 74 989 87 312 69 55 239 1172 295
273 0 708 1046 285 271 74 245 122 203 64 657 294 69 332 1021 695 237 1095 298 69 280 257 345 1277 283
886 992 0 439 942 919 999 951 900 979 1004 373 906 982 846 414 88 850 488 911 1031 893 869 852 729 909
1224 1330 439 0 1280 1257 1338 1289 1239 1318 1342 550 1244 1320 1184 424 385 1188 82 1249 1369 1231 1207 1190 738 1248
118 285 659 997 0 57 276 80 238 168 266 608 81 295 289 972 645 130 1046 89 271 76 111 296 1228 248
95 271 635 973 57 0 262 66 215 154 252 585 58 281 266 949 622 107 1022 65 257 53 88 272 1205 234
281 74 716 1054 276 262 0 237 130 195 56 665 286 77 324 1029 703 245 1103 294 61 281 264 346 1285 274
127 245 667 1005 80 66 237 0 247 129 227 617 90 255 258 980 654 139 1054 97 231 85 120 280 1236 208
182 122 617 955 238 215 130 247 0 295 134 566 202 112 248 930 604 146 1004 207 161 189 165 254 1186 311
215 203 696 1034 168 154 195 129 295 0 185 645 178 213 159 1009 683 228 1083 186 189 173 208 181 1265 109
285 64 720 1058 266 252 56 227 134 185 0 669 276 74 314 1033 707 249 1107 284 51 271 269 336 1289 264
835 941 373 550 891 868 949 900 850 929 953 0 856 931 795 525 318 799 598 860 980 842 818 801 839 859
82 294 623 961 81 58 286 90 202 178 276 572 0 284 254 936 610 95 1010 58 281 40 75 260 1192 258
264 69 698 1037 295 281 77 255 112 213 74 648 284 0 329 1012 685 228 1085 289 79 271 247 335 1268 293
233 332 562 901 289 266 324 258 248 159 314 512 254 329 0 876 549 197 950 258 319 240 217 47 1132 89
1199 1305 414 424 1255 1232 1313 1264 1214 1293 1317 525 1219 1295 1159 0 360 1163 473 1224 1344 1206 1182 1165 450 1223
873 978 88 385 929 906 986 938 887 966 991 318 893 969 833 360 0 837 434 898 1018 880 856 839 675 896
74 237 566 905 130 107 245 139 146 228 249 516 95 228 197 880 553 0 953 99 276 81 58 203 1136 261
1273 1379 488 82 1329 1306 1387 1338 1288 1367 1391 598 1293 1369 1233 473 434 1237 0 1298 1418 1280 1256 1239 787 1297
87 298 627 966 89 65 294 97 207 186 284 577 58 289 258 941 614 99 1014 0 288 45 80 264 1197 266
312 69 747 1085 271 257 61 231 161 189 51 696 281 79 319 1060 734 276 1134 288 0 276 296 341 1316 269
69 280 609 948 76 53 281 85 189 173 271 559 40 271 240 923 596 81 996 45 276 0 62 246 1179 253
55 257 586 924 111 88 264 120 165 208 269 535 75 247 217 899 573 58 973 80 296 62 0 223 1155 280
239 345 569 907 296 272 346 280 254 181 336 518 260 335 47 882 555 203 956 264 341 246 223 0 1138 111
1456 1562 729 738 1512 1489 1569 1521 1470 1549 1574 839 1476 1552 1416 450 675 1420 787 1481 1601 1463 1439 1422 0 1479
295 283 626 964 248 234 274 208 311 109 264 575 258 293 89 939 613 261 1013 266 269 253 280 111 1195 0
EOF