NAME : tsp_problem
TYPE : TSP
DIMENSION : 22
EDGE_WEIGHT_TYPE : EXPLICIT
EDGE_WEIGHT_FORMAT : FULL_MATRIX
EDGE_WEIGHT_SECTION
0 291 141 1178 90 236 236 1166 1163 1066 1077 89 225 165 541 136 132 34 217 202 137 1846
291 0 177 926 287 191 183 913 910 814 825 338 226 224 288 221 293 281 140 261 287 1594
141 177 0 1064 138 330 284 1052 1049 953 964 193 329 213 427 183 236 131 264 306 240 1733
1462 1209 1348 0 1426 1324 1316 171 96 503 514 1470 1358 1357 705 1353 1425 1452 1273 1394 1419 2068
90 287 138 1142 0 289 198 1130 1127 1030 1041 142 278 127 505 98 185 80 179 255 190 1810
236 191 330 1040 289 0 192 1028 1025 928 940 173 61 234 403 230 128 233 150 96 122 1708
236 183 284 1032 198 192 0 1019 1017 920 931 288 227 129 394 125 294 226 68 262 288 1700
1449 1197 1335 171 1413 1311 1303 0 155 491 502 1458 1345 1344 693 1340 1412 1439 1260 1381 1407 2082
1446 1194 1333 96 1410 1309 1300 155 0 488 499 1455 1343 1342 690 1338 1410 1437 1257 1378 1404 2053
1350 1097 1236 503 1314 1212 1204 491 488 0 128 1359 1246 1245 593 1241 1313 1340 1161 1282 1308 1828
1361 1108 1247 514 1325 1223 1215 502 499 128 0 1370 1257 1256 605 1252 1324 1351 1172 1293 1319 1848
89 338 193 1187 142 173 288 1174 1172 1075 1086 0 162 217 549 188 69 86 269 139 74 1855
225 226 329 1074 278 61 227 1062 1059 963 974 162 0 268 437 264 117 222 184 85 111 1742
165 224 213 1073 127 234 129 1061 1058 961 973 217 268 0 436 54 260 155 110 304 265 1741
824 572 710 705 788 686 678 693 690 593 605 833 720 719 0 715 787 814 635 756 782 1702
136 221 183 1069 98 230 125 1057 1054 957 969 188 264 54 432 0 231 126 106 300 235 1737
132 293 236 1142 185 128 294 1129 1126 1030 1041 69 117 260 504 231 0 129 251 94 51 1810
34 281 131 1168 80 233 226 1156 1153 1056 1068 86 222 155 531 126 129 0 207 199 134 1836
217 140 264 989 179 150 68 977 974 877 888 269 184 110 352 106 251 207 0 219 245 1657
202 261 306 1110 255 96 262 1098 1095 998 1009 139 85 304 473 300 94 199 219 0 88 1778
137 287 240 1136 190 122 288 1123 1121 1024 1035 74 111 265 498 235 51 134 245 88 0 1804
1832 1580 1719 2094 1796 1695 1686 2108 2079 1854 1875 1841 1729 1727 1701 1724 1796 1822 1643 1764 1790 0
EOF