NAME : tsp_problem
TYPE : TSP
DIMENSION : 15
EDGE_WEIGHT_TYPE : EXPLICIT
EDGE_WEIGHT_FORMAT : FULL_MATRIX
EDGE_WEIGHT_SECTION
0 334 182 148 262 281 107 148 1487 222 1854 1878 78 1012 1020
334 0 181 305 234 251 299 355 1354 139 1721 1744 328 879 887
182 181 0 246 108 207 147 247 1334 69 1701 1724 176 859 867
148 305 246 0 291 171 172 89 1551 286 1919 1942 120 1076 1085
262 234 108 291 0 164 227 327 1387 122 1754 1778 256 912 920
281 251 207 171 164 0 305 222 1485 220 1853 1876 253 1010 1019
107 299 147 172 227 305 0 172 1452 187 1819 1842 101 977 985
148 355 247 89 327 222 172 0 1552 287 1919 1942 120 1077 1085
1830 1696 1676 1894 1730 1828 1795 1894 0 1635 1093 799 1824 1238 1246
222 139 69 286 122 220 187 287 1292 0 1660 1683 216 817 826
1840 1707 1687 1905 1740 1839 1805 1905 2772 1646 0 432 1834 2297 2305
1881 1748 1728 1945 1781 1880 1846 1946 2813 1687 449 0 1875 2338 2346
78 328 176 120 256 253 101 120 1481 216 1848 1872 0 1006 1014
1296 1162 1142 1360 1196 1294 1260 1360 1238 1101 2072 1778 1289 0 131
1304 1170 1150 1368 1204 1302 1269 1368 1246 1109 2080 1786 1298 131 0
EOF
