NAME : tsp_problem
TYPE : TSP
DIMENSION : 25
EDGE_WEIGHT_TYPE : EXPLICIT
EDGE_WEIGHT_FORMAT : FULL_MATRIX
EDGE_WEIGHT_SECTION
0 311 99 245 227 106 41 275 284 574 1091 153 292 219 1768 47 983 67 123 291 1018 48 1081 300 154
311 0 241 370 396 273 306 291 86 742 1260 215 309 168 1937 290 1152 332 290 308 1186 313 1250 67 216
99 241 0 201 183 159 94 231 249 530 1047 205 248 149 1724 78 939 119 176 247 974 100 1037 230 207
245 370 201 0 224 305 240 120 328 571 1088 270 137 321 1765 224 980 265 322 136 1015 247 1078 360 272
227 396 183 224 0 287 222 254 404 476 994 333 271 303 1670 206 885 248 304 270 920 229 983 385 335
106 273 159 305 287 0 101 250 232 634 1151 100 268 279 1828 107 1043 127 48 267 1078 108 1141 263 102
41 306 94 240 222 101 0 270 279 569 1086 148 287 214 1763 42 978 51 118 286 1013 43 1076 295 149
275 291 231 120 254 250 270 0 249 601 1118 192 45 351 1795 254 1010 295 267 44 1045 276 1108 281 193
284 86 249 328 404 232 279 249 0 751 1268 173 267 177 1945 285 1160 305 248 266 1195 286 1258 75 174
857 1026 814 854 760 917 852 884 1034 0 556 964 902 934 1893 836 848 878 934 900 483 859 546 1015 965
1375 1543 1331 1372 1277 1435 1370 1401 1552 556 0 1481 1419 1451 1595 1354 389 1395 1451 1418 702 1376 765 1533 1483
153 215 205 270 333 100 148 192 173 680 1198 0 209 305 1875 154 1090 173 117 208 1124 154 1188 204 43
292 309 248 137 271 268 287 45 267 618 1135 209 0 369 1812 271 1027 313 285 22 1062 294 1125 298 210
219 168 149 321 303 279 214 351 177 650 1168 305 369 0 1844 198 1059 239 296 368 1094 221 1157 158 307
1772 1940 1728 1769 1674 1832 1767 1798 1948 2010 2527 1878 1816 1848 0 1751 2419 1792 1848 1815 2454 1773 2517 1929 1880
47 290 78 224 206 107 42 254 285 553 1070 154 271 198 1747 0 962 68 124 270 997 49 1060 279 155
1267 1436 1223 1264 1170 1327 1262 1294 1444 848 389 1374 1311 1344 1288 1246 0 1288 1344 1310 877 1269 868 1425 1375
67 332 119 265 248 127 51 295 305 594 1112 173 313 239 1789 68 1004 0 144 312 1038 69 1102 321 175
123 290 176 322 304 48 118 267 248 651 1168 117 285 296 1845 124 1060 144 0 283 1095 125 1158 280 118
291 308 247 136 270 267 286 44 266 617 1134 208 22 368 1811 270 1026 312 283 0 1061 293 1124 297 209
1301 1470 1258 1298 1204 1361 1296 1328 1478 483 702 1408 1346 1378 2039 1280 877 1322 1378 1344 0 1303 260 1459 1409
48 313 100 247 229 108 43 276 286 575 1093 154 294 221 1770 49 985 69 125 293 1019 0 1083 302 156
1365 1533 1321 1362 1267 1424 1360 1391 1541 546 765 1471 1409 1441 2075 1344 868 1385 1441 1408 260 1366 0 1522 1473
300 67 230 360 385 263 295 281 75 732 1249 204 298 158 1926 279 1141 321 280 297 1176 302 1239 0 206
154 216 207 272 335 102 149 193 174 682 1199 43 210 307 1876 155 1091 175 118 209 1126 156 1189 206 0
EOF
