NAME : tsp_problem
TYPE : TSP
DIMENSION : 23
EDGE_WEIGHT_TYPE : EXPLICIT
EDGE_WEIGHT_FORMAT : FULL_MATRIX
EDGE_WEIGHT_SECTION
0 97 209 237 226 137 148 185 192 578 280 189 1179 175 203 1206 83 221 1799 112 1137 218 220
97 0 268 181 243 196 165 129 210 565 224 206 1166 119 220 1193 141 238 1786 42 1124 162 238
209 268 0 271 338 121 318 331 363 453 162 359 1054 321 374 1081 153 333 1675 283 1012 252 332
237 181 271 0 266 307 305 163 334 486 145 331 1087 153 345 1114 281 261 1708 196 1046 37 261
226 243 338 266 0 324 107 327 102 554 213 98 1155 317 112 1182 270 28 1776 258 1113 248 28
137 196 121 307 324 0 246 284 291 489 199 287 1090 273 301 1117 81 319 1711 211 1049 289 319
148 165 318 305 107 246 0 253 74 628 287 70 1229 243 84 1256 192 102 1849 180 1187 286 102
185 129 331 163 327 284 253 0 298 547 206 294 1148 35 308 1175 229 322 1769 144 1107 145 321
192 210 363 334 102 291 74 298 0 622 281 51 1223 287 35 1250 236 97 1844 225 1182 316 96
578 565 453 486 554 489 628 547 622 0 378 618 1193 537 633 1220 521 549 1387 580 1151 468 548
280 224 162 145 213 199 287 206 281 378 0 277 979 196 292 1006 231 208 1600 239 938 127 207
189 206 359 331 98 287 70 294 51 618 277 0 1219 284 61 1246 233 93 1840 221 1178 312 93
1462 1449 1337 1371 1438 1374 1512 1432 1506 1476 1263 1503 0 1421 1517 67 1406 1433 2283 1464 238 1352 1433
175 119 321 153 317 273 243 35 287 537 196 284 1138 0 298 1165 219 311 1759 134 1096 135 311
203 220 374 345 112 301 84 308 35 633 292 61 1234 298 0 1261 247 107 1854 235 1192 327 107
1489 1476 1364 1398 1465 1401 1539 1459 1533 1503 1290 1530 67 1448 1544 0 1433 1460 2310 1491 265 1379 1460
83 141 153 281 270 81 192 229 236 521 231 233 1122 219 247 1149 0 265 1743 156 1081 263 264
221 238 333 261 28 319 102 322 97 549 208 93 1150 311 107 1177 265 0 1770 253 1108 243 23
1785 1772 1661 1694 1762 1697 1835 1755 1830 1373 1586 1826 2390 1745 1840 2417 1729 1757 0 1788 2348 1676 1756
112 42 283 196 258 211 180 144 225 580 239 221 1181 134 235 1208 156 253 1801 0 1139 177 253
1421 1408 1296 1330 1397 1332 1471 1390 1465 1435 1221 1461 238 1380 1476 265 1364 1392 2268 1423 0 1311 1391
218 162 252 37 248 289 286 145 316 468 127 312 1069 135 327 1096 263 243 1690 177 1028 0 242
220 238 332 261 28 319 102 321 96 548 207 93 1149 311 107 1176 264 23 1770 253 1108 242 0
EOF
