NAME : tsp_problem
TYPE : TSP
DIMENSION : 36
EDGE_WEIGHT_TYPE : EXPLICIT
EDGE_WEIGHT_FORMAT : FULL_MATRIX
EDGE_WEIGHT_SECTION
0 733 1299 1469 2292 455 1275 1389 1363 1161 664 1295 1239 1155 1300 1439 1323 1382 1323 1485 650 1462 1391 1372 1288 437 1256 1277 1298 1381 1370 171 1312 1383 1369 728
733 0 609 1276 1685 642 585 699 673 471 850 605 549 465 610 749 633 692 633 796 1113 772 701 682 598 623 566 587 608 691 680 709 623 693 679 888
1016 326 0 1427 1787 925 301 225 129 164 1133 321 113 169 327 245 232 218 265 576 1276 230 287 209 292 906 130 303 289 298 308 992 78 220 316 1039
1469 1275 1770 0 1103 1205 1746 1859 1834 1631 897 1765 1710 1626 1771 1909 1793 1852 1793 1956 1013 1933 1861 1843 1758 1213 1726 1747 1768 1851 1840 1444 1783 1854 1839 776
2318 1683 1773 1121 0 2055 1749 1863 1837 1635 1746 1769 1713 1629 1774 1913 1797 1856 1796 1516 1863 1936 1865 1846 1761 2063 1730 1751 1772 1854 1844 2294 1786 1857 1843 1625
455 642 1208 1205 2028 0 1184 1297 1272 1069 427 1204 1148 1064 1209 1348 1232 1291 1231 1394 501 1371 1300 1281 1196 71 1165 1186 1207 1289 1279 431 1221 1292 1278 491
992 302 301 1403 1763 900 0 178 216 163 1109 192 241 157 197 271 112 171 112 551 1252 256 287 161 77 882 258 174 87 277 267 968 280 173 266 1015
1105 415 225 1516 1876 1014 178 0 122 276 1222 305 274 271 311 178 91 26 124 665 1366 163 220 44 152 995 291 287 148 231 241 1081 186 27 249 1128
1080 390 129 1491 1851 988 216 122 0 228 1197 284 177 233 278 142 129 115 162 640 1340 127 184 106 189 970 194 304 186 195 205 1056 90 117 213 1103
877 187 164 1288 1648 786 163 276 228 0 994 183 104 43 188 326 210 270 210 437 1138 329 279 260 175 767 121 165 186 268 258 853 177 271 257 900
664 850 1417 897 1720 427 1392 1506 1480 1278 0 1412 1356 1272 1417 1556 1440 1499 1440 1603 641 1579 1508 1489 1405 408 1373 1394 1415 1498 1487 640 1430 1500 1486 156
1011 322 321 1423 1783 920 192 305 284 183 1129 0 261 177 56 171 239 298 239 571 1272 194 123 289 204 901 278 63 214 112 102 987 334 300 101 1034
956 266 113 1367 1727 865 241 274 177 104 1073 261 0 109 267 294 280 267 289 516 1216 278 336 258 254 846 44 243 264 347 336 932 126 269 335 979
872 182 169 1283 1643 781 157 271 233 43 989 177 109 0 183 321 205 264 205 432 1132 335 273 254 170 762 126 159 180 263 252 848 183 266 251 895
1017 327 327 1428 1788 926 197 311 278 188 1134 56 267 183 0 165 245 304 244 577 1277 189 117 294 210 907 283 69 220 107 97 993 340 305 96 1040
1155 465 245 1567 1927 1064 271 178 142 326 1272 171 294 321 165 0 185 171 217 715 1416 71 72 162 245 1045 311 191 242 82 92 1131 206 173 100 1178
1039 349 232 1450 1810 948 112 91 129 210 1156 239 280 205 245 185 0 84 58 599 1300 169 227 75 86 929 297 221 82 237 248 1015 193 86 255 1062
1098 408 218 1510 1870 1007 171 26 115 270 1215 298 267 264 304 171 84 0 117 658 1359 156 214 37 145 988 284 280 141 224 234 1074 180 20 242 1121
1039 349 265 1450 1810 948 112 124 162 210 1156 239 289 205 244 217 58 117 0 599 1299 202 260 107 85 929 305 221 82 270 280 1015 226 119 288 1062
1202 512 576 1613 1529 1111 551 665 640 437 1319 571 516 432 577 715 599 658 599 0 1462 739 667 648 564 1092 532 553 574 657 646 1178 589 660 645 1225
650 1066 1560 1013 1836 501 1536 1650 1624 1422 641 1556 1500 1416 1561 1700 1584 1643 1584 1747 0 1723 1652 1633 1549 522 1517 1538 1559 1642 1631 546 1573 1644 1630 520
1179 489 230 1590 1950 1087 256 163 127 329 1296 194 278 335 189 71 169 156 202 739 1439 0 95 146 230 1069 295 215 226 105 116 1155 191 157 124 1202
1107 417 287 1519 1879 1016 287 220 184 279 1224 123 336 273 117 72 227 214 260 667 1368 95 0 204 287 997 353 143 284 56 67 1083 249 215 74 1130
1089 399 209 1500 1860 997 161 44 106 260 1206 289 258 254 294 162 75 37 107 648 1349 146 204 0 135 979 274 271 132 214 225 1065 170 38 232 1112
1004 314 292 1415 1775 913 77 152 189 175 1121 204 254 170 210 245 86 145 85 564 1264 230 287 135 0 894 271 186 61 290 279 980 253 146 278 1027
437 623 1189 1213 2037 71 1165 1279 1253 1051 408 1185 1129 1045 1190 1329 1213 1272 1213 1376 522 1352 1281 1262 1178 0 1146 1167 1188 1271 1260 413 1202 1273 1259 473
972 283 130 1384 1744 881 258 291 194 121 1090 278 44 126 283 311 297 284 305 532 1233 295 353 274 271 863 0 260 281 363 353 948 143 285 352 995
994 304 303 1405 1765 902 174 287 304 165 1111 63 243 159 69 191 221 280 221 553 1254 215 143 271 186 884 260 0 197 133 122 970 317 282 121 1017
1014 325 289 1426 1786 923 87 148 186 186 1132 214 264 180 220 242 82 141 82 574 1275 226 284 132 61 905 281 197 0 294 289 990 250 143 289 1037
1097 407 298 1508 1868 1006 277 231 195 268 1214 112 347 263 107 82 237 224 270 657 1357 105 56 214 290 987 363 133 294 0 72 1073 259 225 71 1120
1086 397 308 1498 1858 995 267 241 205 258 1204 102 336 252 97 92 248 234 280 646 1347 116 67 225 279 976 353 122 289 72 0 1062 269 236 60 1109
171 709 1275 1444 2268 431 1251 1365 1339 1137 640 1271 1215 1131 1276 1415 1299 1358 1299 1461 546 1438 1367 1348 1264 413 1232 1253 1274 1356 1346 0 1288 1359 1345 704
1029 339 78 1440 1800 938 280 186 90 177 1146 334 126 183 340 206 193 180 226 589 1289 191 249 170 253 919 143 317 250 259 269 1005 0 181 277 1052
1100 410 220 1511 1871 1009 173 27 117 271 1217 300 269 266 305 173 86 20 119 660 1360 157 215 38 146 990 285 282 143 225 236 1076 181 0 244 1123
1085 396 316 1497 1857 994 266 249 213 257 1203 101 335 251 96 100 255 242 288 645 1346 124 74 232 278 976 352 121 289 71 60 1061 277 244 0 1108
728 828 1323 776 1599 491 1299 1412 1387 1184 156 1318 1263 1179 1324 1462 1346 1405 1346 1509 520 1486 1414 1396 1311 473 1280 1301 1322 1404 1393 704 1336 1407 1393 0
EOF