NAME : tsp_problem
TYPE : TSP
DIMENSION : 22
EDGE_WEIGHT_TYPE : EXPLICIT
EDGE_WEIGHT_FORMAT : FULL_MATRIX
EDGE_WEIGHT_SECTION
0 1235 1262 1309 1386 1221 1350 1412 1404 1341 1006 156 1331 1269 1281 1272 2078 1320 384 1322 1182 399
951 0 299 241 318 259 186 270 274 176 538 988 263 105 213 107 1501 251 1216 253 114 879
978 299 0 331 299 65 190 235 239 192 565 1015 316 271 346 249 1528 321 1243 357 247 906
1026 241 331 0 101 331 229 126 118 231 613 1063 46 276 69 278 1575 34 1291 50 163 954
1103 318 299 101 0 298 196 94 85 198 690 1140 86 277 146 255 1653 91 1368 127 240 1031
938 259 65 331 298 0 190 235 239 192 525 975 316 271 305 249 1487 321 1203 345 206 866
1067 186 190 229 196 190 0 133 137 74 654 1104 214 130 274 108 1617 219 1332 255 230 995
1128 270 235 126 94 235 133 0 61 134 715 1166 111 214 171 192 1678 116 1394 152 265 1056
1120 274 239 118 85 239 137 61 0 139 707 1157 103 218 163 196 1670 108 1385 144 257 1048
1057 176 192 231 198 192 74 134 139 0 644 1094 215 120 276 98 1607 221 1322 257 220 985
860 325 352 400 477 312 441 502 494 431 0 898 421 360 372 362 1490 410 1126 412 273 788
156 1272 1299 1347 1424 1258 1388 1449 1441 1378 1043 0 1368 1306 1319 1309 2115 1357 342 1359 1220 436
1048 263 316 46 86 316 214 111 103 215 635 1085 0 295 91 273 1597 48 1313 72 184 976
986 105 271 276 277 271 130 214 218 120 573 1023 295 0 248 51 1535 286 1251 288 149 914
998 213 346 69 146 305 274 171 163 276 585 1035 91 248 0 250 1548 79 1263 81 135 926
988 107 249 278 255 249 108 192 196 98 575 1025 273 51 250 0 1538 278 1253 291 151 916
2076 1487 1514 1562 1639 1473 1603 1664 1656 1593 1312 2113 1583 1522 1534 1524 0 1572 2060 1574 1435 2004
1036 251 321 34 91 321 219 116 108 221 623 1073 48 286 79 278 1586 0 1301 60 173 964
384 1500 1527 1575 1652 1486 1616 1677 1669 1606 1271 342 1596 1534 1547 1537 2034 1585 0 1587 1448 664
1038 253 357 50 127 345 255 152 144 257 625 1075 72 288 81 291 1588 60 1303 0 175 966
899 114 247 163 240 206 230 265 257 220 486 936 184 149 135 151 1449 173 1164 175 0 827
399 1163 1189 1237 1314 1149 1278 1340 1332 1269 934 436 1259 1197 1209 1200 2005 1248 664 1250 1110 0
EOF