NAME : tsp_problem
TYPE : TSP
DIMENSION : 28
EDGE_WEIGHT_TYPE : EXPLICIT
EDGE_WEIGHT_FORMAT : FULL_MATRIX
EDGE_WEIGHT_SECTION
0 1401 1239 1268 1310 1249 1348 1266 1240 1317 1147 1391 1317 326 1415 1304 1291 422 171 470 433 1304 1255 1230 1202 1223 1240 314
1118 0 328 282 303 208 235 309 330 107 292 35 309 1205 125 296 258 1045 1051 764 737 174 345 320 343 375 199 1193
955 328 0 93 135 176 173 298 65 244 129 318 141 1043 242 128 116 883 888 601 574 231 86 61 234 255 167 1031
985 282 93 0 80 205 118 265 94 274 158 271 86 1072 187 73 61 912 917 631 603 260 116 91 264 285 196 1060
1027 303 135 80 0 247 138 286 137 316 201 292 41 1114 207 28 81 954 960 673 646 302 158 133 306 327 238 1102
965 208 176 205 247 0 285 308 177 124 139 198 254 1053 244 241 228 893 898 611 584 110 192 167 244 265 46 1041
1065 235 173 118 138 285 0 218 175 253 239 225 145 1152 140 132 94 992 998 711 684 320 196 171 253 284 276 1140
982 309 298 265 286 308 218 0 300 326 207 298 292 1070 214 279 241 910 915 628 601 363 315 290 99 130 299 1058
957 330 65 94 137 177 175 300 0 246 131 319 143 1044 243 130 117 884 889 603 575 232 88 63 236 257 168 1032
1034 107 244 274 316 124 253 326 246 0 207 96 322 1121 143 309 275 961 966 680 652 90 261 236 313 333 115 1109
864 292 129 158 201 139 239 207 131 207 0 281 207 951 307 194 182 791 796 510 482 194 145 121 143 163 130 939
1107 35 318 271 292 198 225 298 319 96 281 0 298 1195 114 285 247 1035 1040 753 726 163 334 309 333 364 188 1183
1033 309 141 86 41 254 145 292 143 322 207 298 0 1121 213 34 88 961 966 679 652 309 164 139 313 333 245 1109
326 1489 1326 1356 1398 1336 1436 1353 1328 1405 1235 1478 1404 0 1503 1391 1379 495 232 543 666 1391 1343 1318 1290 1310 1327 48
1132 125 242 187 207 244 140 214 243 143 307 114 213 1219 0 201 162 1059 1064 778 750 210 265 240 248 279 235 1207
1020 296 128 73 28 241 132 279 130 309 194 285 34 1108 201 0 75 948 953 666 639 296 151 126 300 320 232 1096
1008 258 116 61 81 228 94 241 117 275 182 247 88 1095 162 75 0 935 940 654 626 283 139 114 275 306 219 1083
422 1329 1166 1196 1238 1176 1276 1193 1168 1244 1074 1318 1244 495 1342 1231 1219 0 340 383 569 1231 1183 1158 1129 1150 1167 483
171 1334 1171 1201 1243 1181 1281 1198 1173 1250 1080 1323 1249 232 1348 1237 1224 340 0 388 511 1236 1188 1163 1135 1155 1172 220
470 1048 885 914 956 895 995 912 886 963 793 1037 963 543 1061 950 937 383 388 0 449 950 901 876 848 869 886 531
433 1020 857 887 929 867 967 884 859 936 766 1009 935 666 1034 922 910 569 511 449 0 922 874 849 821 841 858 653
1020 174 231 260 302 110 320 363 232 90 194 163 309 1108 210 296 283 947 953 666 639 0 247 222 299 320 101 1095
972 345 86 116 158 192 196 315 88 261 145 334 164 1059 265 151 139 899 904 618 590 247 0 78 251 272 183 1047
947 320 61 91 133 167 171 290 63 236 121 309 139 1034 240 126 114 874 880 593 566 222 78 0 226 247 158 1022
918 343 234 264 306 244 253 99 236 313 143 333 313 1006 248 300 275 846 851 565 537 299 251 226 0 66 235 994
939 375 255 285 327 265 284 130 257 333 163 364 333 1027 279 320 306 866 872 585 558 320 272 247 66 0 256 1015
956 199 167 196 238 46 276 299 168 115 130 188 245 1044 235 232 219 883 889 602 575 101 183 158 235 256 0 1032
314 1477 1314 1344 1386 1324 1424 1341 1316 1393 1223 1466 1392 48 1491 1379 1367 483 220 531 653 1379 1331 1306 1277 1298 1315 0
EOF
