NAME : tsp_problem
TYPE : TSP
DIMENSION : 44
EDGE_WEIGHT_TYPE : EXPLICIT
EDGE_WEIGHT_FORMAT : FULL_MATRIX
EDGE_WEIGHT_SECTION
0 381 494 167 681 772 532 434 453 382 630 1073 995 382 89 675 422 441 253 507 526 61 162 302 340 1053 757 368 374 471 408 468 989 298 494 1057 276 1025 655 883 1023 387 373 389
381 0 662 343 516 515 178 269 621 549 432 865 787 152 388 525 589 276 287 245 173 360 251 408 175 845 500 536 209 638 244 635 732 466 179 849 382 817 399 626 815 222 208 557
494 662 0 576 632 1052 813 715 88 148 911 1353 1276 662 501 576 205 722 591 788 807 469 484 712 621 1333 1037 349 654 372 689 44 1269 279 774 1338 686 1305 936 1163 1303 668 653 144
167 343 576 0 643 734 494 397 535 464 593 1035 957 344 174 652 504 403 120 470 488 146 124 169 302 1015 719 450 336 553 371 550 951 380 456 1019 143 987 617 845 985 349 335 471
681 516 632 643 0 740 551 320 582 531 907 1349 1211 400 688 94 639 326 587 525 545 660 550 708 384 1328 605 570 462 442 315 606 957 500 512 1333 682 1240 882 851 1298 476 354 607
772 515 1052 734 740 0 483 673 1012 940 533 728 520 640 779 749 980 680 664 709 489 751 642 611 663 677 182 927 696 1029 668 1026 266 857 641 682 642 549 339 160 711 710 695 948
532 178 813 494 551 483 0 383 772 700 400 833 755 186 539 559 740 390 439 256 61 511 402 478 289 813 468 687 322 790 357 786 700 617 187 817 509 784 366 594 782 336 321 708
434 269 715 397 320 673 383 0 674 603 661 1103 1025 232 441 329 643 39 341 358 377 413 304 461 115 1083 538 589 194 677 46 688 890 519 344 1087 435 1055 641 784 1053 207 85 610
453 621 88 535 582 1012 772 674 0 98 870 1312 1235 622 460 526 175 681 550 747 766 428 443 671 580 1292 996 308 613 322 648 61 1229 238 733 1297 645 1264 895 1122 1262 627 612 113
382 549 148 464 531 940 700 603 98 0 799 1241 1164 550 389 474 210 609 479 676 694 356 372 599 508 1221 925 236 542 270 577 122 1157 166 662 1225 573 1193 824 1051 1191 555 541 174
630 432 911 593 907 533 400 661 870 799 0 487 410 557 637 916 839 667 523 627 407 609 500 470 566 467 517 785 600 888 635 884 549 715 558 471 501 439 349 644 437 613 599 806
1073 865 1353 1035 1349 728 833 1103 1312 1241 487 0 337 989 1080 1358 1281 1109 965 1059 839 1052 943 912 1009 80 790 1227 1042 1330 1077 1327 476 1157 990 163 943 366 504 594 70 1056 1041 1248
995 787 1276 957 1211 520 755 1025 1235 1164 410 337 0 912 1002 1220 1203 1032 888 982 762 974 865 834 931 286 652 1150 965 1253 999 1249 268 1080 913 291 865 73 426 386 321 978 963 1171
382 152 662 344 400 640 186 232 622 550 557 989 912 0 389 409 590 239 288 161 180 361 252 409 138 969 618 537 172 639 206 636 857 467 147 974 383 941 523 750 939 185 170 558
89 388 501 174 688 779 539 441 460 389 637 1080 1002 389 0 682 429 448 260 514 533 68 169 309 347 1059 764 375 381 478 415 474 996 305 501 1064 283 1031 662 890 1029 394 379 396
675 525 576 652 94 749 559 329 526 474 916 1358 1220 409 682 0 583 335 596 534 554 649 559 717 392 1337 614 513 471 386 324 549 966 443 520 1342 690 1249 891 860 1307 485 363 550
422 589 205 504 639 980 740 643 175 210 839 1281 1203 590 429 583 0 649 519 716 734 396 412 639 548 1261 965 276 582 379 617 179 1197 206 702 1265 613 1233 863 1091 1231 595 581 100
441 276 722 403 326 680 390 39 681 609 667 1109 1032 239 448 335 649 0 347 364 384 420 311 468 121 1089 545 596 200 684 53 695 897 526 351 1094 442 1061 647 791 1059 214 92 617
253 287 591 120 587 664 439 341 550 479 523 965 888 288 260 596 519 347 0 414 433 232 181 154 247 945 649 465 280 568 315 565 881 395 400 949 128 917 548 775 915 294 279 486
507 245 788 470 525 709 256 358 747 676 627 1059 982 161 514 534 716 364 414 0 250 487 377 534 264 1039 694 662 297 765 332 761 926 592 89 1043 508 1011 593 820 1009 311 296 683
526 173 807 488 545 489 61 377 766 694 407 839 762 180 533 554 734 384 433 250 0 505 396 485 283 819 474 681 316 784 351 780 706 611 181 823 516 791 373 600 789 330 315 702
61 360 469 146 660 751 511 413 428 356 609 1052 974 361 68 649 396 420 232 487 505 0 141 281 319 1032 736 343 353 445 388 442 968 273 473 1036 255 1004 634 862 1002 366 352 364
162 251 484 124 550 642 402 304 443 372 500 943 865 252 169 559 412 311 181 377 396 141 0 259 210 922 626 358 243 461 278 457 859 288 364 927 233 894 525 753 892 257 242 379
302 408 712 169 708 611 478 461 671 599 470 912 834 409 309 716 639 468 154 534 485 281 259 0 367 892 596 586 401 688 435 685 828 516 521 896 65 864 495 722 862 414 399 607
340 175 621 302 384 663 289 115 580 508 566 1009 931 138 347 392 548 121 247 264 283 319 210 367 0 988 602 495 100 598 89 594 880 425 250 993 341 960 546 774 958 113 53 516
1053 845 1333 1015 1328 677 813 1083 1292 1221 467 80 286 969 1059 1337 1261 1089 945 1039 819 1032 922 892 988 0 770 1207 1022 1310 1057 1306 426 1137 970 112 923 316 483 544 64 1035 1021 1228
757 500 1037 719 605 182 468 538 996 925 517 790 652 618 764 614 965 545 649 694 474 736 626 596 602 770 0 911 681 963 534 1010 399 841 625 775 627 682 324 292 740 695 573 932
523 691 424 606 495 1082 842 730 374 322 940 1382 1305 692 530 438 431 736 621 817 836 498 513 741 650 1362 1015 0 683 234 718 397 1299 291 803 1367 715 1334 965 1193 1332 697 682 399
374 209 654 336 462 696 322 194 613 542 600 1042 965 172 381 471 582 200 280 297 316 353 243 401 100 1022 681 528 0 631 168 628 913 458 283 1026 375 994 580 807 992 97 132 549
524 692 365 606 630 1083 843 745 315 263 941 1383 1306 693 531 573 432 752 621 818 837 499 514 742 651 1363 1067 362 684 0 719 338 1300 292 804 1368 716 1335 966 1193 1333 698 683 390
408 244 689 371 315 668 357 46 648 577 635 1077 999 206 415 324 617 53 315 332 351 388 278 435 89 1057 534 563 168 666 0 662 885 493 318 1061 409 1029 615 779 1027 181 59 584
468 635 44 550 606 1026 786 688 61 122 884 1327 1249 636 474 549 179 695 565 761 780 442 457 685 594 1306 1010 322 628 345 662 0 1243 252 748 1311 659 1278 909 1137 1276 641 626 117
989 732 1269 951 957 266 700 890 1229 1157 549 476 268 857 996 966 1197 897 881 926 706 968 859 828 880 426 399 1144 913 1246 885 1243 0 1074 858 430 859 298 556 132 460 927 912 1165
581 749 482 663 553 1140 900 788 432 380 998 1440 1363 750 588 496 489 794 678 875 894 556 571 799 708 1420 1073 94 741 292 776 455 1356 0 861 1425 773 1392 1023 1250 1390 755 740 457
494 179 774 456 512 641 187 344 733 662 558 990 913 147 501 520 702 351 400 89 181 473 364 521 250 970 625 648 283 751 318 748 858 578 0 975 495 942 524 752 940 297 282 669
1057 849 1338 1019 1333 682 817 1087 1297 1225 471 163 291 974 1064 1342 1265 1094 949 1043 823 1036 927 896 993 112 775 1212 1026 1314 1061 1311 430 1142 975 0 927 320 488 548 147 1040 1025 1233
276 382 686 143 682 642 509 435 645 573 501 943 865 383 283 690 613 442 128 508 516 255 233 65 341 923 627 560 375 662 409 659 859 490 495 927 0 895 525 753 893 388 373 581
1025 817 1305 987 1240 549 784 1055 1264 1193 439 366 73 941 1031 1249 1233 1061 917 1011 791 1004 894 864 960 316 682 1179 994 1282 1029 1278 298 1109 942 320 895 0 455 415 350 1007 993 1200
655 399 936 617 882 339 366 641 895 824 349 504 426 523 662 891 863 647 548 593 373 634 525 495 546 483 324 810 580 913 615 909 556 740 524 488 525 455 0 450 453 593 579 831
883 626 1163 845 851 160 594 784 1122 1051 644 594 386 750 890 860 1091 791 775 820 600 862 753 722 774 544 292 1038 807 1140 779 1137 132 967 752 548 753 415 450 0 578 821 806 1058
1023 815 1303 985 1298 711 782 1053 1262 1191 437 70 321 939 1029 1307 1231 1059 915 1009 789 1002 892 862 958 64 740 1177 992 1280 1027 1276 460 1107 940 147 893 350 453 578 0 1005 991 1198
387 222 668 349 476 710 336 207 627 555 613 1056 978 185 394 485 595 214 294 311 330 366 257 414 113 1035 695 542 97 645 181 641 927 472 297 1040 388 1007 593 821 1005 0 145 563
373 208 653 335 354 695 321 85 612 541 599 1041 963 170 379 363 581 92 279 296 315 352 242 400 53 1021 573 527 132 630 59 626 912 457 282 1025 373 993 579 806 991 145 0 548
389 557 144 471 607 948 708 610 113 174 806 1248 1171 558 396 550 100 617 486 683 702 364 379 607 516 1228 932 244 549 346 584 117 1165 174 669 1233 581 1200 831 1058 1198 563 548 0
EOF