NAME : tsp_problem
TYPE : TSP
DIMENSION : 66
EDGE_WEIGHT_TYPE : EXPLICIT
EDGE_WEIGHT_FORMAT : FULL_MATRIX
EDGE_WEIGHT_SECTION
0 658 98 949 1069 566 706 329 575 815 504 263 454 468 1046 493 817 439 507 440 199 930 755 501 768 353 993 287 640 757 783 731 691 502 599 1059 727 620 578 261 628 562 386 670 545 1070 718 500 438 621 1048 770 490 616 902 460 508 260 993 417 496 550 387 664 546 578
658 0 589 858 978 259 575 610 835 619 764 625 402 337 955 753 621 473 218 388 547 734 560 448 572 634 902 485 225 774 587 536 951 450 858 968 691 483 838 615 888 822 515 268 805 979 587 448 249 65 957 639 438 876 706 428 768 624 902 365 444 354 493 759 494 308
98 589 0 936 1056 498 637 260 568 746 497 265 385 399 1033 486 748 370 438 371 151 861 687 432 699 285 980 218 571 750 714 663 684 433 592 1046 720 551 571 256 621 555 317 601 538 1057 649 432 369 552 1036 701 422 609 833 392 501 191 980 348 428 481 318 657 477 510
949 858 936 0 200 873 938 765 1186 664 1116 780 933 946 190 1105 291 628 676 919 898 778 334 979 334 789 94 836 694 1368 324 580 1302 980 1210 241 1301 430 1189 967 1239 1173 685 678 1156 252 910 979 863 829 230 1248 969 1227 592 583 1119 779 244 895 975 539 648 1276 1025 587
1069 978 1056 200 0 994 1058 885 1306 784 1236 900 1053 1066 64 1225 411 748 796 1039 1018 899 454 1099 454 909 232 956 814 1488 444 700 1422 1101 1330 391 1421 550 1309 1087 1359 1294 805 798 1276 402 1030 1099 983 949 381 1368 1089 1347 743 703 1239 899 117 1016 1095 659 768 1396 1145 707
566 259 498 873 994 0 484 606 743 635 673 640 310 245 970 662 637 477 225 296 455 718 575 357 588 630 917 393 241 683 603 551 859 358 767 983 600 498 746 524 796 731 423 284 713 994 495 356 157 222 973 547 346 784 721 444 676 536 918 273 352 369 509 667 402 323
706 575 637 938 1058 484 0 746 689 319 753 864 442 275 1035 742 701 616 541 317 595 299 639 489 652 770 982 533 557 510 667 407 998 286 906 795 427 722 886 664 936 834 563 600 816 821 141 285 355 538 827 375 275 896 526 638 801 676 982 405 281 574 733 495 331 622
516 559 447 714 834 552 691 0 693 524 622 415 439 453 811 611 526 145 376 425 404 639 464 486 477 424 758 343 395 874 492 440 809 487 716 824 807 329 695 473 746 680 192 378 662 834 703 485 423 530 813 755 475 733 610 167 625 414 758 402 481 258 284 782 531 287
663 923 656 1274 1394 831 911 834 0 1084 223 892 718 732 1371 212 1086 705 772 704 535 1145 1024 765 1037 859 1318 479 904 551 1052 1000 359 766 479 1384 521 889 467 432 422 319 652 939 302 1394 922 765 703 885 1373 593 755 382 1170 727 287 765 1318 681 761 818 844 458 811 847
815 619 746 664 784 635 319 575 943 0 926 590 696 529 761 915 427 438 437 571 708 159 365 743 378 599 708 646 456 764 393 133 1112 541 1020 521 682 448 999 777 1050 984 495 439 966 547 291 539 609 590 553 629 529 1037 252 394 929 589 708 659 535 300 459 749 585 348
504 764 497 1116 1236 673 753 676 211 926 0 733 560 574 1213 21 928 547 613 546 377 987 866 607 879 700 1160 320 746 392 894 842 319 608 346 1226 363 731 309 274 376 161 494 780 143 1236 764 607 544 727 1215 435 596 224 1012 569 128 607 1160 523 603 660 686 300 652 689
263 625 265 780 900 640 864 226 804 590 733 0 621 635 877 722 592 329 442 607 387 705 530 668 543 250 824 454 461 986 558 506 920 669 827 890 956 395 807 492 857 791 381 444 774 900 837 668 605 596 879 937 657 845 676 285 737 240 824 584 664 324 162 893 713 353
454 402 385 933 1053 310 442 493 631 696 560 621 0 211 1030 549 700 364 289 153 342 676 638 74 651 518 977 281 384 641 666 614 747 215 654 1043 558 548 633 411 684 618 311 427 600 1053 453 214 182 364 1032 506 203 671 784 386 564 424 977 80 210 432 503 625 259 387
468 337 399 946 1066 245 275 507 644 529 574 635 211 0 1043 563 714 378 302 195 356 509 652 258 665 531 990 294 319 474 680 617 760 165 668 1005 391 561 647 425 698 632 325 362 614 1032 286 163 117 299 1037 339 153 685 737 400 577 438 990 174 159 446 516 458 209 400
1046 955 1033 190 64 970 1035 862 1283 761 1213 877 1030 1043 0 1202 388 725 773 1016 995 876 431 1076 431 886 222 933 791 1465 421 677 1399 1078 1307 381 1398 527 1286 1064 1336 1271 782 775 1253 392 1007 1076 960 926 371 1345 1066 1324 733 680 1216 876 94 993 1072 636 745 1373 1122 684
493 753 486 1105 1225 662 742 665 200 915 21 722 549 563 1202 0 917 536 602 535 366 976 855 596 868 689 1149 309 735 381 883 831 308 597 335 1214 352 720 298 263 365 150 483 769 132 1225 753 596 533 716 1204 424 585 213 1001 558 117 596 1149 512 592 649 675 289 641 678
817 621 748 291 411 637 701 577 999 427 928 592 700 714 388 917 0 440 439 686 710 542 98 747 97 601 335 648 458 1147 88 343 1115 748 1022 401 1064 331 1001 779 1052 986 497 441 968 411 674 747 626 592 390 1012 737 1039 514 396 931 591 335 663 743 302 461 1088 792 350
441 473 372 628 748 477 616 314 618 438 547 329 364 378 725 536 440 0 290 350 329 553 378 411 391 338 672 268 309 800 406 354 734 412 641 738 732 243 620 398 671 605 117 292 587 748 628 411 348 444 727 680 401 658 524 81 551 328 672 327 407 172 198 707 456 201
507 218 438 676 796 225 541 427 684 437 613 442 289 302 773 602 439 290 0 275 396 552 377 335 390 451 720 334 175 740 405 353 800 337 707 786 657 301 687 464 737 671 348 201 654 796 552 335 215 181 775 605 325 725 523 246 617 441 720 252 331 171 311 724 381 126
440 388 371 919 1039 296 317 480 617 571 546 607 153 195 1016 535 686 350 275 0 328 551 624 200 637 504 963 267 370 516 652 600 733 90 640 1029 433 534 619 397 670 604 297 413 586 1039 328 89 168 351 1018 381 79 657 771 372 550 410 963 116 85 418 489 500 134 373
199 547 151 898 1018 455 595 329 448 708 377 387 342 356 995 366 710 329 396 328 0 823 648 389 661 354 942 175 528 629 676 624 563 390 471 1008 599 513 450 133 501 435 276 563 417 1019 606 389 327 509 997 658 379 488 795 351 380 260 942 305 385 442 388 537 435 471
930 734 861 778 899 718 299 690 923 159 987 705 676 509 876 976 542 553 552 551 823 0 480 723 493 714 822 761 570 744 508 248 1227 520 1135 636 661 563 1114 892 1164 1068 610 554 1050 662 271 519 589 705 667 609 509 1131 367 508 1035 704 823 639 515 415 573 729 565 463
755 560 687 334 454 575 639 515 937 365 866 530 638 652 431 855 98 378 377 624 648 480 0 685 80 539 378 587 396 1085 70 281 1053 686 960 444 1002 375 939 717 990 924 436 379 906 455 612 685 564 531 434 950 675 977 452 334 869 529 378 601 681 241 399 1026 730 288
501 448 432 979 1099 357 489 540 678 743 607 668 74 258 1076 596 747 411 335 200 389 723 685 0 698 564 1023 327 430 688 713 661 793 262 701 1089 605 594 680 458 731 665 358 474 647 1100 500 260 228 411 1079 552 250 718 831 433 610 471 1023 127 256 479 549 672 306 433
768 572 699 334 454 588 652 528 950 378 879 543 651 665 431 868 97 391 390 637 661 493 80 698 0 552 378 599 409 1098 70 294 1065 699 973 444 1015 374 952 730 1003 937 448 392 919 454 625 698 577 543 433 963 687 990 464 347 882 542 378 614 694 253 412 1039 743 301
493 535 424 690 811 528 668 377 669 501 599 392 416 429 788 588 503 122 353 402 381 615 441 462 454 0 734 319 372 851 469 417 785 464 693 800 784 306 672 450 723 657 168 355 639 811 679 462 400 506 790 732 452 710 587 144 602 391 735 379 458 235 261 759 508 264
993 902 980 94 232 917 982 809 1230 708 1160 824 977 990 222 1149 335 672 720 963 942 822 378 1023 378 833 0 880 738 1412 368 624 1346 1024 1254 285 1345 474 1233 1011 1283 1217 729 722 1200 296 954 1023 907 873 274 1292 1013 1271 636 627 1163 823 276 939 1019 583 692 1320 1069 631
287 485 218 836 956 393 533 397 391 646 320 454 281 294 933 309 648 268 334 267 175 761 587 327 599 421 880 0 466 573 614 563 507 329 414 946 543 451 394 171 444 378 214 501 361 957 544 327 265 448 936 597 317 432 733 290 324 327 880 244 323 381 406 480 373 410
640 225 571 694 814 241 557 446 817 456 746 461 384 319 791 735 458 309 175 370 528 570 396 430 409 470 738 466 0 756 423 372 933 432 840 804 673 319 819 597 870 804 366 104 786 815 569 430 231 197 794 621 420 857 542 265 749 460 738 347 426 190 330 741 476 144
757 774 750 1368 1488 683 510 929 329 764 392 986 641 474 1465 381 1147 800 740 516 629 744 1085 688 1098 953 1412 573 756 0 1113 853 637 485 599 1241 334 983 561 526 628 474 746 799 456 1267 522 484 554 737 1273 192 474 536 972 821 441 859 1412 604 480 884 938 271 530 838
783 587 714 324 444 603 667 543 964 393 894 558 666 680 421 883 88 406 405 652 676 508 70 713 70 567 368 614 423 1113 0 309 1080 714 988 434 1030 365 967 745 1017 952 463 407 934 445 639 712 592 558 424 977 702 1005 479 361 897 557 368 629 708 268 426 1054 758 316
731 536 663 580 700 551 407 491 913 133 842 506 614 617 677 831 343 354 353 600 624 248 281 661 294 515 624 563 372 853 309 0 1029 629 936 488 770 364 915 693 966 900 412 355 882 515 380 628 540 507 520 718 618 953 220 310 846 505 624 577 624 217 375 837 673 264
691 951 684 1302 1422 859 999 863 465 1112 319 920 747 760 1399 308 1115 734 800 733 563 1227 1053 793 1065 887 1346 507 933 647 1080 1029 0 795 187 1412 617 917 512 461 130 336 681 967 353 1423 1010 793 731 914 1402 689 783 353 1199 756 363 793 1346 710 789 847 872 555 839 876
502 450 433 980 1101 358 286 541 664 541 608 669 215 165 1078 597 748 412 337 90 390 520 686 262 699 566 1024 329 432 485 714 629 795 0 702 1017 402 596 681 459 732 666 359 475 648 1043 298 22 230 412 1049 350 34 719 748 434 611 472 1025 178 23 480 551 470 67 435
599 858 592 1210 1330 767 906 770 417 1020 346 827 654 668 1307 335 1022 641 707 640 471 1135 960 701 973 794 1254 414 840 599 988 936 187 702 0 1320 569 825 419 368 135 243 588 874 261 1330 918 701 638 821 1309 641 691 261 1106 663 271 701 1254 617 697 754 780 506 746 783
1059 968 1046 241 391 983 795 875 1296 521 1226 890 1043 1005 381 1214 401 738 786 1029 1008 636 444 1089 444 899 285 946 804 1241 434 488 1412 1017 1320 0 1158 539 1299 1077 1349 1283 795 788 1266 53 768 1016 973 939 62 1106 1006 1337 410 693 1229 889 435 1005 1012 649 758 1225 1061 697
727 691 720 1301 1421 600 427 862 299 682 363 956 558 391 1398 352 1064 732 657 433 599 661 1002 605 1015 886 1345 543 673 334 1030 770 607 402 569 1158 0 916 532 497 599 444 679 716 426 1184 439 401 471 654 1190 241 391 506 889 754 411 792 1345 521 397 801 871 166 447 755
620 483 551 430 550 498 722 380 801 448 731 395 548 561 527 720 331 243 301 534 513 563 375 594 374 404 474 451 319 983 365 364 917 596 825 539 916 0 804 582 855 789 300 303 771 550 695 594 488 454 529 864 584 842 535 199 734 394 474 511 590 182 264 891 640 211
559 819 552 1170 1290 727 673 731 131 927 195 788 615 628 1267 184 983 602 668 601 431 907 921 661 933 755 1214 375 800 313 948 897 439 648 401 1280 283 785 0 329 431 276 549 835 258 1291 685 647 599 782 1270 355 637 338 1067 624 243 661 1214 578 643 715 740 220 692 744
261 615 256 967 1087 524 664 435 345 777 274 492 411 425 1064 263 779 398 464 397 133 892 717 458 730 459 1011 171 597 526 745 693 461 459 368 1077 497 582 347 0 398 332 345 631 314 1087 675 458 395 578 1066 569 448 385 863 420 278 366 1011 374 454 511 493 434 503 540
628 888 621 1239 1359 796 936 800 447 1050 376 857 684 698 1336 365 1052 671 737 670 501 1164 990 731 1003 824 1283 444 870 628 1017 966 130 732 135 1349 599 855 449 398 0 273 618 904 291 1360 948 730 668 851 1339 671 720 290 1136 693 300 730 1284 647 726 784 810 536 776 813
562 822 555 1173 1294 731 834 734 292 984 161 791 618 632 1271 150 986 605 671 604 435 1068 924 665 937 758 1217 378 804 474 952 900 336 666 243 1283 444 789 383 332 273 0 552 838 81 1294 845 664 602 785 1273 516 654 101 1070 627 93 664 1218 581 661 718 744 381 710 747
388 515 319 685 805 423 563 371 565 495 494 387 311 325 782 483 497 117 348 297 276 610 436 358 448 396 729 214 366 746 463 412 681 359 588 795 679 300 567 345 618 552 0 350 534 806 575 357 295 478 785 627 347 605 582 139 497 344 729 274 353 230 255 654 403 259
670 268 601 678 798 284 600 429 851 439 780 444 427 362 775 769 441 292 201 413 563 554 379 474 392 454 722 501 104 799 407 355 967 475 874 788 716 303 854 631 904 838 350 0 820 799 612 473 274 240 777 664 463 892 526 248 784 444 722 390 469 173 313 784 519 128
545 805 538 1156 1276 713 816 716 274 966 143 774 600 614 1253 132 968 587 654 586 417 1050 906 647 919 741 1200 361 786 456 934 882 353 648 261 1266 426 771 366 314 291 81 534 820 0 1276 828 647 585 767 1255 498 637 118 1052 609 75 647 1200 563 643 700 726 363 693 729
1070 979 1057 252 402 994 821 885 1307 547 1236 900 1053 1032 392 1225 411 748 796 1039 1019 662 455 1100 454 910 296 957 815 1267 445 515 1423 1043 1330 53 1184 550 1309 1087 1360 1294 806 799 1276 0 794 1042 983 950 50 1132 1032 1347 436 704 1240 899 446 1016 1038 660 769 1252 1088 707
718 587 649 910 1030 495 141 757 701 291 764 837 453 286 1007 753 674 628 552 328 606 271 612 500 625 781 954 544 569 522 639 380 1009 298 918 768 439 695 897 675 948 845 575 612 828 794 0 296 367 549 799 387 286 908 499 640 813 688 954 416 292 547 705 506 342 595
500 448 432 979 1099 356 285 540 663 539 607 668 214 163 1076 596 747 411 335 89 389 519 685 260 698 564 1023 327 430 484 712 628 793 22 701 1016 401 594 680 458 730 664 357 473 647 1042 296 0 228 411 1047 349 29 718 747 433 610 470 1023 176 16 479 549 468 59 433
438 249 369 863 983 157 355 478 615 609 544 605 182 117 960 533 626 348 215 168 327 589 564 228 577 502 907 265 231 554 592 540 731 230 638 973 471 488 618 395 668 602 295 274 585 983 367 228 0 211 962 419 218 656 711 370 548 408 907 145 224 358 487 539 274 313
621 65 552 829 949 222 538 581 798 590 727 596 364 299 926 716 592 444 181 351 509 705 531 411 543 605 873 448 197 737 558 507 914 412 821 939 654 454 800 578 851 785 478 240 767 950 549 411 211 0 928 602 401 838 677 399 731 591 873 327 407 325 464 721 457 279
1048 957 1036 230 381 973 827 864 1286 553 1215 879 1032 1037 371 1204 390 727 775 1018 997 667 434 1079 433 888 274 936 794 1273 424 520 1402 1049 1309 62 1190 529 1288 1066 1339 1273 785 777 1255 50 799 1047 962 928 0 1137 1037 1326 442 683 1218 878 424 995 1043 638 748 1257 1093 686
770 639 701 1248 1368 547 375 810 371 629 435 937 506 339 1345 424 1012 680 605 381 658 609 950 552 963 834 1292 597 621 192 977 718 679 350 641 1106 241 864 603 569 671 516 627 664 498 1132 387 349 419 602 1137 0 339 578 837 702 483 740 1292 469 345 748 819 308 395 703
490 438 422 969 1089 346 275 530 653 529 596 657 203 153 1066 585 737 401 325 79 379 509 675 250 687 554 1013 317 420 474 702 618 783 34 691 1006 391 584 670 448 720 654 347 463 637 1032 286 29 218 401 1037 339 0 708 737 422 600 460 1013 166 28 469 539 458 74 423
616 876 609 1227 1347 784 896 787 354 1037 224 845 671 685 1324 213 1039 658 725 657 488 1131 977 718 990 812 1271 432 857 536 1005 953 353 719 261 1337 506 842 437 385 290 101 605 892 118 1347 908 718 656 838 1326 578 708 0 1123 680 155 718 1271 634 714 771 797 444 764 800
902 706 833 592 743 721 526 661 1083 252 1012 676 784 737 733 1001 514 524 523 771 795 367 452 831 464 686 636 733 542 972 479 220 1199 748 1106 410 889 535 1085 863 1136 1070 582 526 1052 436 499 747 711 677 442 837 737 1123 0 480 1016 675 786 747 743 387 545 957 793 434
463 428 394 583 703 444 638 270 640 394 569 285 386 400 680 558 396 81 246 372 351 508 334 433 347 294 627 290 265 821 361 310 756 434 663 693 754 199 642 420 693 627 139 248 609 704 640 433 370 399 683 702 422 680 480 0 572 284 628 349 429 128 153 729 478 157
508 768 501 1119 1239 676 801 680 259 929 128 737 564 577 1216 117 931 551 617 550 380 1035 869 610 882 704 1163 324 749 441 897 846 363 611 271 1229 411 734 329 278 300 93 497 784 75 1240 813 610 548 731 1218 483 600 155 1016 572 0 610 1163 526 606 664 689 348 656 693
260 624 191 779 899 536 676 103 677 589 607 240 424 437 876 596 591 212 441 410 260 704 529 471 542 127 823 327 460 859 557 505 793 472 701 889 792 394 680 366 730 664 211 444 647 899 688 470 408 591 878 740 460 718 675 234 610 0 823 387 466 323 161 767 516 352
993 902 980 244 117 918 982 809 1230 708 1160 824 977 990 94 1149 335 672 720 963 942 823 378 1023 378 833 276 880 738 1412 368 624 1346 1025 1254 435 1345 474 1233 1011 1284 1218 729 722 1200 446 954 1023 907 873 424 1292 1013 1271 786 628 1163 823 0 940 1019 583 693 1320 1069 631
417 365 348 895 1016 273 405 456 594 659 523 584 80 174 993 512 663 327 252 116 305 639 601 127 614 481 939 244 347 604 629 577 710 178 617 1005 521 511 596 374 647 581 274 390 563 1016 416 176 145 327 995 469 166 634 747 349 526 387 940 0 172 395 466 588 222 350
496 444 428 975 1095 352 281 536 659 535 603 664 210 159 1072 592 743 407 331 85 385 515 681 256 694 560 1019 323 426 480 708 624 789 23 697 1012 397 590 676 454 726 661 353 469 643 1038 292 16 224 407 1043 345 28 714 743 429 606 466 1019 172 0 475 545 464 61 429
550 354 481 539 659 369 574 309 731 300 660 324 432 446 636 649 302 172 171 418 442 415 241 479 253 333 583 381 190 884 268 217 847 480 754 649 801 182 733 511 784 718 230 173 700 660 547 479 358 325 638 748 469 771 387 128 664 323 583 395 475 0 193 820 525 82
387 493 318 648 768 509 733 147 756 459 686 162 503 516 745 675 461 198 311 489 388 573 399 549 412 171 692 406 330 938 426 375 872 551 780 758 871 264 759 493 810 744 255 313 726 769 705 549 487 464 748 819 539 797 545 153 689 161 693 466 545 193 0 846 595 222
664 759 657 1276 1396 667 495 836 236 749 300 893 625 458 1373 289 1088 707 724 500 537 729 1026 672 1039 860 1320 480 741 271 1054 837 545 470 506 1225 166 891 469 434 536 381 654 784 363 1252 506 468 539 721 1257 308 458 444 957 729 348 767 1320 588 464 820 846 0 514 822
546 494 477 1025 1145 402 331 586 709 585 652 713 259 209 1122 641 792 456 381 134 435 565 730 306 743 610 1069 373 476 530 758 673 839 67 746 1061 447 640 726 503 776 710 403 519 693 1088 342 59 274 457 1093 395 74 764 793 478 656 516 1069 222 61 525 595 514 0 479
578 308 510 587 707 323 622 338 760 348 689 353 387 400 684 678 350 201 126 373 471 463 288 433 301 362 631 410 144 838 316 264 876 435 783 697 755 211 762 540 813 747 259 128 729 707 595 433 313 279 686 703 423 800 434 157 693 352 631 350 429 82 222 822 479 0
EOF