NAME : tsp_problem
TYPE : TSP
DIMENSION : 58
EDGE_WEIGHT_TYPE : EXPLICIT
EDGE_WEIGHT_FORMAT : FULL_MATRIX
EDGE_WEIGHT_SECTION
0 452 560 250 749 527 340 696 636 521 595 799 473 671 619 583 218 915 537 1064 503 146 861 570 953 1030 597 222 229 422 751 154 407 462 519 416 650 293 571 743 433 515 256 167 516 1016 533 439 1070 1006 482 678 357 204 719 390 172 883
452 0 670 661 538 637 141 806 485 631 706 873 228 781 729 694 459 989 825 1174 613 562 1156 680 1249 1325 708 565 471 177 825 522 695 311 630 703 760 402 681 854 80 625 495 409 626 1311 289 726 1366 1301 592 527 527 446 840 115 414 1179
560 670 0 521 825 276 558 416 682 420 353 510 690 391 473 341 439 626 614 918 260 506 945 289 1038 1114 286 425 370 640 463 501 484 680 158 492 369 309 470 463 651 414 354 430 235 1100 751 515 1155 1090 121 546 315 425 628 607 423 968
250 661 521 0 958 488 549 584 845 430 557 760 682 609 463 545 249 849 435 908 464 133 891 531 983 1060 559 120 233 631 712 181 305 671 480 313 611 300 366 704 642 436 192 293 477 1046 743 336 1101 1036 443 796 254 244 574 599 286 913
749 538 825 958 0 751 532 891 293 928 907 681 708 866 1026 895 757 797 1122 1208 814 859 1453 764 1546 1622 659 862 768 657 634 819 992 457 785 1000 844 699 978 938 519 922 792 706 711 1409 603 1023 1663 1391 747 335 824 743 1137 615 711 1476
527 637 276 488 751 0 525 183 607 371 170 436 657 158 290 158 406 552 581 735 77 473 766 57 859 935 313 392 338 607 388 468 451 647 235 459 137 276 356 230 618 377 322 398 76 921 718 482 976 911 198 472 283 393 459 574 391 789
340 141 558 549 532 525 0 694 462 519 594 797 219 669 617 582 348 913 713 1062 501 450 1044 568 1137 1214 596 453 359 169 750 410 583 288 518 591 648 290 569 742 122 513 383 297 514 1199 280 614 1254 1189 480 504 415 334 728 136 302 1067
696 806 416 584 891 183 694 0 747 255 179 576 826 61 174 177 575 560 510 619 219 642 650 154 743 820 453 561 507 776 528 637 431 816 375 523 152 445 240 236 787 261 491 567 216 806 887 546 860 795 338 612 451 561 343 743 559 673
636 485 682 845 293 607 462 747 0 815 763 538 594 722 884 751 643 654 1008 1065 671 745 1340 621 1432 1509 516 749 654 543 490 705 878 337 641 887 701 585 864 794 466 809 678 592 567 1266 655 910 1550 1248 604 192 710 629 1023 511 597 1362
521 631 420 430 928 371 519 255 815 0 229 636 652 279 134 240 400 520 355 579 320 468 561 372 654 730 458 386 332 601 612 463 276 641 380 369 370 270 86 455 612 78 316 392 377 716 713 392 771 706 342 695 263 387 244 569 385 584
595 706 353 557 907 170 594 179 763 229 0 592 726 164 148 77 475 534 483 593 119 542 624 171 717 793 391 461 406 675 544 537 404 716 313 497 169 345 214 262 687 234 390 466 232 779 787 520 834 769 275 628 351 461 317 643 459 647
799 873 510 760 681 436 797 576 538 636 592 0 929 551 537 580 678 170 853 581 499 745 872 449 964 1041 345 664 610 879 149 740 723 725 470 731 530 548 621 623 854 642 594 670 396 782 990 754 1081 764 432 403 554 664 724 846 662 894
473 228 690 682 708 657 219 826 594 652 726 929 0 801 750 714 480 1046 845 1194 634 582 1177 700 1269 1346 728 586 491 106 882 542 715 420 650 723 781 422 701 874 246 646 515 429 647 1332 157 747 1387 1322 612 636 547 466 860 151 434 1199
671 781 391 609 866 158 669 61 722 279 164 551 801 0 199 152 550 585 534 644 194 617 675 129 767 844 428 536 481 751 503 612 455 791 350 548 127 420 265 211 762 285 466 542 191 830 862 571 885 820 313 587 426 536 368 718 534 697
619 729 473 463 1026 290 617 174 884 134 148 537 750 199 0 159 498 421 388 480 239 561 511 291 603 680 511 480 430 699 593 560 310 739 433 402 289 368 119 374 710 140 414 490 352 666 810 425 721 656 395 748 360 485 222 666 483 533
583 694 341 545 895 158 582 177 751 240 77 580 714 152 159 0 463 545 495 604 107 530 636 159 728 805 378 448 394 663 532 525 416 703 300 508 156 333 225 250 675 246 378 454 220 791 775 531 845 780 263 616 339 449 328 631 447 658
218 459 439 249 757 406 348 575 643 400 475 678 480 550 498 463 0 794 464 943 382 145 925 449 1018 1094 477 205 108 429 630 153 335 469 399 343 529 219 450 623 441 394 135 89 395 1080 541 366 1135 1070 361 685 284 83 609 397 81 948
915 989 626 849 797 552 913 560 654 520 534 170 1046 585 421 545 794 0 775 466 616 861 756 565 848 925 461 780 726 995 227 856 696 841 586 788 646 664 505 739 970 526 710 786 512 666 1106 811 966 648 549 519 671 781 608 962 779 778
490 600 389 451 897 356 489 289 784 70 262 628 621 313 168 274 369 554 0 613 333 437 595 399 687 764 427 355 301 570 581 432 310 610 349 403 403 240 119 488 582 64 285 361 346 750 682 426 805 740 311 664 232 356 278 538 354 617
1064 1174 918 908 1208 735 1062 619 1065 579 593 581 1194 644 480 604 943 466 833 0 684 1006 657 736 749 826 872 924 875 1144 638 1005 755 1184 878 847 734 813 564 819 1155 585 859 935 797 527 1255 870 867 510 840 930 805 929 667 1111 927 837
503 613 260 464 814 77 501 219 671 320 119 499 634 194 239 107 382 616 557 684 0 449 715 120 808 884 298 368 314 583 452 444 427 623 220 436 199 252 305 292 594 326 298 374 140 870 694 459 925 860 182 536 259 369 408 551 367 738
146 562 506 133 859 473 450 642 745 465 542 745 582 617 561 530 145 861 420 1006 449 0 909 516 1001 1078 544 105 212 531 698 77 290 571 466 298 597 286 463 690 543 459 177 192 463 1064 643 322 1119 1054 428 781 240 139 671 499 185 931
861 1156 945 891 1453 766 1044 650 1340 561 624 872 1177 675 511 636 925 756 816 657 715 909 0 767 109 185 983 907 857 1126 928 917 737 1166 905 829 765 795 546 850 1137 567 841 917 829 230 1238 853 226 219 867 1220 788 912 361 1094 910 274
570 680 289 531 764 57 568 154 621 372 171 449 700 129 291 159 449 565 624 736 120 516 767 0 860 936 327 435 380 650 402 511 494 690 249 502 108 319 357 201 661 377 364 440 89 922 761 525 977 912 211 485 325 435 460 617 433 790
953 1249 1038 983 1546 859 1137 743 1432 654 717 964 1269 767 603 728 1018 848 908 749 808 1001 109 860 0 173 1075 999 949 1219 1021 1009 829 1259 997 922 858 888 639 943 1230 660 934 1010 921 322 1330 945 214 312 960 1313 880 1004 454 1186 1002 262
1030 1325 1114 1060 1622 935 1214 820 1509 730 793 1041 1346 844 680 805 1094 925 985 826 884 1078 185 936 173 0 1152 1076 1026 1295 1097 1086 906 1335 1074 999 934 965 715 1019 1306 736 1010 1086 998 399 1407 1022 100 389 1036 1389 957 1081 530 1263 1079 265
597 708 286 559 659 313 596 453 516 458 391 345 728 428 511 378 477 461 651 872 298 544 983 327 1075 1152 0 462 408 677 297 539 522 703 246 530 407 347 507 500 689 452 392 468 273 1072 789 553 1193 1054 209 381 353 463 666 645 461 1005
222 565 425 120 862 392 453 561 749 384 461 664 586 536 480 448 205 780 338 924 368 105 907 435 999 1076 462 0 137 535 616 153 209 575 384 217 515 204 382 608 546 378 96 197 381 1062 647 240 1117 1052 347 700 158 192 590 503 190 929
229 471 370 233 768 338 359 507 654 332 406 610 491 481 430 394 108 726 396 875 314 212 857 380 949 1026 408 137 0 440 562 170 266 480 330 275 461 150 381 554 452 326 67 100 327 1012 552 298 1067 1002 293 646 216 94 540 408 92 879
422 177 640 631 657 607 169 776 543 601 675 879 106 751 699 663 429 995 794 1144 583 531 1126 650 1219 1295 677 535 440 0 831 491 665 370 599 673 730 371 651 823 195 595 465 379 596 1281 167 696 1336 1271 562 585 496 416 809 100 383 1149
751 825 463 712 634 388 750 528 490 612 544 149 882 503 593 532 630 227 805 638 452 698 928 402 1021 1097 297 616 562 831 0 693 676 677 422 684 482 501 661 575 806 606 546 622 348 839 943 707 1138 821 385 355 507 617 781 799 615 951
154 522 501 181 819 468 410 637 705 463 537 740 542 612 560 525 153 856 468 1005 444 77 917 511 1009 1086 539 153 170 491 693 0 338 531 461 346 591 281 512 685 503 457 197 151 458 1072 603 370 1127 1062 423 747 288 146 671 459 143 939
407 695 484 305 992 451 583 431 878 214 404 723 715 455 310 416 335 696 169 755 427 290 737 494 829 906 522 209 266 665 675 338 0 705 444 132 545 334 212 630 676 208 225 327 440 892 776 155 947 882 406 759 204 321 420 632 319 759
533 323 751 743 463 718 316 887 543 713 787 931 492 862 810 775 541 1047 906 1255 694 643 1238 761 1330 1407 789 647 552 441 883 603 776 0 711 784 842 483 762 935 304 707 576 490 708 1393 388 807 1448 1383 673 585 608 527 921 399 495 1260
519 630 158 480 785 235 518 375 641 380 313 470 650 350 433 300 399 586 573 878 220 466 905 249 997 1074 246 384 330 599 422 461 444 639 0 452 329 269 429 422 611 374 314 390 195 1060 711 475 1115 1050 56 506 275 385 588 567 383 927
491 602 390 453 899 358 490 424 785 206 398 630 622 449 303 409 371 689 524 748 334 438 731 400 823 900 428 356 302 571 582 433 402 611 350 0 481 241 255 574 583 200 286 362 347 886 683 433 940 876 313 666 233 357 414 539 355 753
650 760 369 611 844 137 648 152 701 370 169 530 781 127 289 156 529 646 624 734 199 597 765 108 858 934 407 515 461 730 482 591 545 770 329 583 0 399 355 122 741 375 445 521 170 920 842 606 975 910 291 566 406 516 458 698 514 788
293 402 309 300 699 276 290 445 585 270 345 548 422 420 368 333 219 664 464 813 252 286 795 319 888 965 347 204 150 371 501 281 334 411 269 342 399 0 320 493 383 264 134 210 265 951 483 365 1005 940 231 584 166 205 479 339 203 818
571 681 470 366 978 356 569 240 864 86 214 621 701 265 119 225 450 505 291 564 305 463 546 357 639 715 507 382 381 651 661 512 212 691 429 305 355 320 0 440 662 91 365 441 418 701 762 328 756 691 392 745 312 436 230 618 434 569
743 854 463 704 938 230 742 236 794 455 262 623 874 211 374 250 623 739 709 819 292 690 850 201 943 1019 500 608 554 823 575 685 630 863 422 676 122 493 440 0 835 460 538 614 263 1005 935 699 1060 995 385 659 499 609 543 791 607 873
433 80 651 642 519 618 122 787 466 612 687 854 246 762 710 675 441 970 806 1155 594 543 1137 661 1230 1306 689 546 452 195 806 503 676 292 611 684 741 383 662 835 0 606 476 390 607 1292 306 707 1347 1282 573 508 508 427 821 133 395 1160
515 625 414 436 922 377 513 261 809 78 234 642 646 285 140 246 394 526 361 585 326 462 567 377 660 736 452 380 326 595 606 457 282 635 374 375 375 264 91 460 606 0 310 386 371 722 707 398 777 712 336 689 257 381 250 563 379 589
256 495 354 192 792 322 383 491 678 316 390 594 515 466 414 378 135 710 355 859 298 177 841 364 934 1010 392 96 67 465 546 197 225 505 314 234 445 134 365 538 476 310 0 127 311 996 576 257 1051 986 277 630 175 121 524 432 119 863
167 409 430 293 706 398 297 567 592 392 466 670 429 542 490 454 89 786 456 935 374 192 917 440 1010 1086 468 197 100 379 622 151 327 419 390 335 521 210 441 614 390 386 127 0 387 1072 490 358 1127 1062 353 635 276 75 600 346 73 940
516 626 235 477 711 76 514 216 567 377 232 396 647 191 352 220 395 512 570 797 140 463 829 89 921 998 273 381 327 596 348 458 441 636 195 449 170 265 418 263 607 371 311 387 0 984 708 472 1039 974 158 432 272 382 521 564 380 851
1016 1311 1100 1046 1409 921 1199 806 1266 716 779 782 1332 830 666 791 1080 666 971 527 870 1064 230 922 322 399 1072 1062 1012 1281 839 1072 892 1321 1060 985 920 951 701 1005 1292 722 996 1072 984 0 1393 1008 439 38 1022 1130 943 1067 516 1249 1065 487
533 289 751 743 603 718 280 887 655 713 787 990 157 862 810 775 541 1106 906 1255 694 643 1238 761 1330 1407 789 647 552 167 943 603 776 481 711 784 842 483 762 935 306 707 576 490 708 1393 0 807 1448 1383 673 697 608 527 921 212 495 1260
469 579 368 430 877 335 468 402 763 183 376 607 600 427 281 387 349 667 502 726 312 416 708 378 801 877 406 334 280 549 560 411 380 589 328 388 459 219 233 552 561 177 264 340 325 863 661 0 918 853 290 644 211 335 392 517 333 731
1070 1366 1155 1101 1663 976 1254 860 1550 771 834 1081 1387 885 721 845 1135 966 1026 867 925 1119 226 977 214 100 1193 1117 1067 1336 1138 1127 947 1376 1115 1039 975 1005 756 1060 1347 777 1051 1127 1039 439 1448 1062 0 429 1077 1430 998 1122 571 1304 1120 306
1006 1301 1090 1036 1391 911 1189 795 1248 706 769 764 1322 820 656 780 1070 648 961 510 860 1054 219 912 312 389 1054 1052 1002 1271 821 1062 882 1311 1050 974 910 940 691 995 1282 712 986 1062 974 38 1383 997 429 0 1012 1112 933 1057 506 1239 1055 477
482 592 121 443 747 198 480 338 604 342 275 432 612 313 395 263 361 549 536 840 182 428 867 211 960 1036 209 347 293 562 385 423 406 602 56 414 291 231 392 385 573 336 277 353 158 1022 673 437 1077 1012 0 469 237 347 550 529 345 890
678 527 546 796 335 472 504 612 192 695 628 403 636 587 748 616 685 519 889 930 536 781 1220 485 1313 1389 381 700 646 585 355 747 759 379 506 767 566 584 745 659 508 689 630 635 432 1130 697 791 1430 1112 469 0 591 671 904 553 639 1243
357 527 315 254 824 283 415 451 710 263 351 554 547 426 360 339 284 671 333 805 259 240 788 325 880 957 353 158 216 496 507 288 204 536 275 212 406 166 312 499 508 257 175 276 272 943 608 235 998 933 237 591 0 271 471 464 269 810
204 446 425 244 743 393 334 561 629 387 461 664 466 536 485 449 83 781 451 929 369 139 912 435 1004 1081 463 192 94 416 617 146 321 456 385 330 516 205 436 609 427 381 121 75 382 1067 527 353 1122 1057 347 671 271 0 595 383 68 934
719 840 628 574 1137 459 728 343 1023 244 317 724 860 368 222 328 609 608 499 667 408 671 361 460 454 530 666 590 540 809 781 671 420 849 588 513 458 479 230 543 821 250 524 600 521 516 921 536 571 506 550 904 471 595 0 777 593 384
390 115 607 599 615 574 136 743 511 569 643 846 151 718 666 631 397 962 762 1111 551 499 1094 617 1186 1263 645 503 408 100 799 459 632 337 567 640 698 339 618 791 133 563 432 346 564 1249 212 663 1304 1239 529 553 464 383 777 0 351 1116
172 414 423 286 711 391 302 559 597 385 459 662 434 534 483 447 81 779 449 927 367 185 910 433 1002 1079 461 190 92 383 615 143 319 423 383 327 514 203 434 607 395 379 119 73 380 1065 495 351 1120 1055 345 639 269 68 593 351 0 932
883 1179 968 913 1476 789 1067 673 1362 584 647 894 1199 697 533 658 948 778 838 837 738 931 274 790 262 265 1005 929 879 1149 951 939 759 1189 927 852 788 818 569 873 1160 589 863 940 851 487 1260 875 306 477 890 1243 810 934 384 1116 932 0
EOF