NAME : tsp_problem
TYPE : TSP
DIMENSION : 62
EDGE_WEIGHT_TYPE : EXPLICIT
EDGE_WEIGHT_FORMAT : FULL_MATRIX
EDGE_WEIGHT_SECTION
0 127 326 832 500 365 393 501 267 504 287 643 314 429 365 493 387 586 530 275 578 584 371 321 837 519 613 829 441 325 518 385 774 673 337 409 840 740 388 330 816 750 352 369 284 829 539 281 390 692 673 568 583 324 324 276 307 414 285 504 250 443
444 0 359 764 482 398 358 534 299 486 320 575 347 360 297 425 420 518 462 308 611 617 302 252 769 458 646 761 373 257 450 418 706 706 369 442 772 672 414 362 747 782 384 402 317 761 572 314 321 725 706 601 616 357 357 308 340 345 318 436 182 375
381 359 0 1064 585 450 479 342 152 589 372 875 77 405 586 685 472 818 762 360 663 425 602 552 1069 604 637 1060 418 423 749 470 1006 514 422 250 1072 972 473 300 1047 590 437 339 370 1060 625 366 565 533 514 409 424 87 294 361 148 645 370 735 477 674
1014 764 1064 0 959 1058 836 1239 1004 963 1025 669 1052 903 774 903 1080 286 432 1013 1091 1322 586 556 101 936 1126 356 916 799 441 1078 431 1411 1074 1147 66 267 892 905 80 1303 1045 972 1022 55 837 1019 799 1430 1411 1306 1321 1062 927 995 1045 464 1023 443 725 487
685 482 585 959 0 444 152 761 526 15 366 721 574 621 218 317 467 713 608 354 578 843 448 457 919 81 614 956 633 517 596 465 901 932 416 669 967 867 150 603 942 790 431 643 364 956 540 361 197 923 932 827 842 583 598 253 567 550 365 582 442 521
549 398 450 1058 444 0 371 625 390 448 97 528 438 573 445 544 44 857 672 189 311 708 596 591 983 463 346 1099 586 591 659 39 1045 797 250 533 1054 1010 332 468 1013 522 25 507 198 1047 272 195 424 655 797 692 707 448 462 220 431 684 106 645 520 668
578 358 479 836 152 371 0 654 419 156 293 597 467 497 128 226 393 590 485 281 505 736 325 333 796 155 540 832 509 393 472 391 778 825 342 562 843 743 76 497 819 716 357 536 290 832 467 287 106 845 825 720 735 476 491 180 460 427 291 458 318 397
685 534 342 1239 761 625 654 0 456 764 547 996 354 710 761 860 648 993 937 535 490 353 777 727 1244 780 453 1236 722 728 925 645 1181 335 597 137 1247 1147 648 604 1222 407 612 643 545 1236 740 542 740 350 374 337 212 393 598 536 235 820 545 911 657 850
262 299 152 1004 526 390 419 456 0 530 312 815 140 286 526 625 413 758 702 300 603 539 542 493 1009 545 638 1001 299 304 690 411 946 628 362 364 1012 912 413 181 988 704 377 220 310 1001 565 307 505 647 628 523 538 150 175 301 262 586 311 676 359 615
689 486 589 963 15 448 156 764 530 0 370 725 578 624 222 320 471 717 612 358 582 847 452 461 923 85 617 960 637 521 600 468 905 936 420 672 971 871 154 607 946 794 435 646 368 959 544 365 200 927 936 831 846 587 601 257 570 554 368 586 446 525
471 320 372 1025 366 97 293 547 312 370 0 550 360 496 368 466 119 779 678 111 332 630 518 513 989 386 367 1021 508 513 666 117 967 719 172 455 1032 933 254 390 1008 544 84 429 120 1021 294 117 346 677 719 614 629 370 384 142 353 606 29 651 442 591
825 575 875 669 721 528 597 996 815 725 550 0 863 714 536 664 551 647 283 642 562 1132 312 550 594 698 597 889 726 610 270 549 835 1221 703 958 665 801 654 716 624 773 515 783 651 658 308 648 561 906 1221 1116 1110 872 738 572 856 643 559 256 535 454
370 347 77 1052 574 438 467 354 140 578 360 863 0 394 574 673 461 806 750 348 651 436 590 541 1057 593 649 1049 406 412 738 459 994 525 410 262 1060 960 461 288 1035 602 425 327 358 1049 613 355 553 545 526 421 436 75 283 349 160 634 359 724 466 663
515 137 436 808 526 475 402 612 377 530 397 619 425 0 341 469 497 562 506 385 688 694 346 297 813 502 723 805 417 301 494 495 750 783 447 520 816 716 458 407 791 860 462 473 395 805 650 392 366 803 783 678 693 434 428 386 418 390 395 480 226 419
547 297 586 774 218 445 128 761 526 222 368 536 574 435 0 172 468 528 423 355 580 843 263 272 734 194 615 771 448 332 411 466 716 933 417 669 782 682 151 438 757 791 432 504 365 770 541 362 57 924 933 828 843 584 459 255 567 365 366 397 257 336
675 425 685 903 317 544 226 860 625 320 466 664 673 564 172 0 567 657 552 454 678 942 392 401 863 293 714 899 576 460 539 565 845 1031 516 768 910 810 250 566 886 890 531 633 464 899 640 461 156 1023 1031 926 941 682 588 353 666 494 465 525 385 464
572 420 472 1080 467 44 393 648 413 471 119 551 461 596 468 567 0 879 694 211 333 730 618 613 1005 486 368 1121 608 614 682 35 1067 819 273 556 1077 1033 354 490 1035 544 47 530 221 1069 295 218 447 677 819 714 729 470 485 242 454 706 129 668 543 691
768 518 818 286 713 857 590 993 758 717 779 647 806 657 528 657 879 0 534 767 1069 1076 374 310 291 690 1104 282 670 553 522 877 314 1165 828 901 294 194 646 659 269 1241 843 726 776 282 815 773 553 1184 1165 1060 1075 816 681 749 799 218 777 508 478 241
712 462 762 432 608 672 485 937 702 612 678 283 750 601 423 552 694 534 0 666 705 1020 200 438 357 585 740 692 613 497 55 692 722 1109 728 845 429 604 541 603 387 917 659 670 676 421 451 672 448 1050 1109 1004 1019 760 625 644 743 531 676 57 422 342
459 308 360 1013 354 189 281 535 300 358 111 642 348 483 355 454 211 767 666 0 424 618 506 501 977 373 459 1009 496 501 653 209 955 707 91 443 1020 920 242 378 996 635 175 417 58 1009 386 55 334 726 707 602 617 358 372 130 341 594 109 639 430 578
762 611 663 1091 578 311 505 490 603 582 332 562 651 786 580 678 333 1069 705 424 0 684 735 804 1016 598 129 1312 799 804 693 331 1257 732 486 468 1088 1223 466 681 1046 267 297 720 434 1080 306 431 558 400 771 668 604 660 675 354 566 897 342 679 733 877
768 617 425 1322 843 708 736 353 539 847 630 1132 436 792 843 942 730 1076 1020 618 684 0 860 810 1326 862 648 1318 804 810 1007 728 1264 190 679 261 1329 1229 730 686 1305 601 694 726 627 1318 882 624 822 544 190 59 238 476 681 618 317 903 628 993 739 932
552 302 602 586 448 596 325 777 542 452 518 312 590 441 263 392 618 374 200 506 735 860 0 278 511 425 770 617 454 337 187 616 562 949 568 685 582 528 381 443 541 946 583 510 516 575 481 513 288 968 949 844 859 600 465 484 583 371 516 173 263 182
502 252 552 556 457 591 333 727 493 461 513 550 541 391 272 401 613 310 438 501 804 810 278 0 561 434 839 553 404 287 425 611 498 899 563 635 564 464 390 393 539 976 578 460 511 553 719 507 297 919 899 794 809 550 415 493 533 199 511 411 213 350
1019 769 1069 101 919 983 796 1244 1009 923 989 594 1057 908 734 863 1005 291 357 977 1016 1326 511 561 0 896 1051 361 920 804 366 1003 436 1415 1039 1152 97 272 852 910 56 1228 970 977 987 90 762 983 759 1361 1415 1310 1325 1066 932 955 1050 469 987 368 729 491
704 458 604 936 81 463 155 780 545 85 386 698 593 597 194 293 486 690 585 373 598 862 425 434 896 0 633 932 610 493 573 484 878 951 435 688 944 844 169 599 919 809 450 662 383 932 559 380 173 942 951 846 861 602 617 273 586 527 384 559 419 498
797 646 637 1126 614 346 540 453 638 617 367 597 649 821 615 714 368 1104 740 459 129 648 770 839 1051 633 0 1347 834 839 728 366 1292 695 521 432 1123 1258 501 716 1082 340 332 755 469 1116 341 466 593 363 734 632 567 688 710 389 530 932 377 714 768 912
1011 761 1060 356 956 1099 832 1236 1001 960 1021 889 1049 899 771 899 1121 282 692 1009 1312 1318 617 553 361 932 1347 0 912 796 702 1119 192 1407 1071 1144 364 171 888 902 339 1484 1086 968 1019 352 1057 1016 795 1427 1407 1302 1317 1058 923 991 1042 460 1019 703 721 483
500 121 421 793 510 459 387 596 361 514 382 603 409 389 325 454 482 547 491 369 672 678 331 281 797 487 707 789 0 285 478 480 735 767 431 504 800 700 443 391 776 844 446 458 379 789 634 376 350 787 767 662 677 418 413 370 402 374 380 464 210 403
266 251 423 799 517 590 393 726 304 521 512 610 412 155 332 460 612 553 497 500 803 809 337 287 804 493 838 796 167 0 485 610 741 898 561 634 807 707 449 157 782 974 576 224 509 796 764 506 356 917 898 793 808 421 179 501 532 380 510 471 105 410
700 450 749 441 596 659 472 925 690 600 666 270 738 589 411 539 682 522 55 653 693 1007 187 425 366 573 728 702 601 485 0 680 710 1096 715 833 438 613 528 591 397 904 646 658 663 431 439 660 436 1037 1096 991 1006 747 613 632 731 518 664 54 410 329
569 418 470 1078 465 39 391 645 411 468 117 549 459 594 466 565 35 877 692 209 331 728 616 611 1003 484 366 1119 606 612 680 0 1065 817 271 553 1075 1031 352 488 1033 542 45 527 218 1067 293 215 444 675 817 712 727 468 482 240 451 704 127 666 540 689
956 706 1006 431 901 1045 778 1181 946 905 967 835 994 845 716 845 1067 314 722 955 1257 1264 562 498 436 878 1292 192 858 741 710 1065 0 1353 1016 1089 439 246 834 847 414 1429 1031 914 964 428 1003 961 741 1372 1353 1248 1263 1004 869 937 987 406 965 696 667 429
857 706 514 1411 932 797 825 335 628 936 719 1221 525 881 933 1031 819 1165 1109 707 741 190 949 899 1415 951 705 1407 893 899 1096 817 1353 0 768 350 1418 1318 819 775 1394 571 783 815 716 1407 971 713 911 601 119 174 327 565 770 707 406 992 717 1082 828 1021
521 369 422 1074 416 250 342 597 362 420 172 703 410 545 417 516 273 828 728 91 486 679 568 563 1039 435 521 1071 558 563 715 271 1016 768 0 505 1082 982 304 440 1058 697 237 479 89 1071 448 117 396 788 768 663 678 419 434 191 403 656 171 701 492 640
593 442 250 1147 669 533 562 137 364 672 455 958 262 618 669 768 556 901 845 443 468 261 685 635 1152 688 432 1144 630 636 833 553 1089 350 505 0 1155 1055 556 512 1130 385 520 551 453 1144 708 450 648 328 350 245 251 301 506 444 143 728 453 819 565 758
1022 772 1072 66 967 1054 843 1247 1012 971 1032 665 1060 911 782 910 1077 294 429 1020 1088 1329 582 564 97 944 1123 364 923 807 438 1075 439 1418 1082 1155 0 275 899 913 76 1299 1041 980 1030 55 834 1027 807 1432 1418 1313 1328 1069 935 1003 1053 471 1031 439 732 494
922 672 972 267 867 1010 743 1147 912 871 933 801 960 811 682 810 1033 194 604 920 1223 1229 528 464 272 844 1258 171 823 707 613 1031 246 1318 982 1055 275 0 800 813 251 1395 997 880 930 264 969 927 707 1338 1318 1213 1228 969 835 903 953 372 931 614 632 394
572 414 473 892 150 332 76 648 413 154 254 654 461 553 151 250 354 646 541 242 466 730 381 390 852 169 501 888 566 449 528 352 834 819 304 556 899 800 0 491 875 677 319 530 251 888 428 248 130 810 820 715 729 470 485 141 454 483 252 514 375 453
142 230 300 905 603 468 496 604 181 607 390 716 288 139 438 566 490 659 603 378 681 686 443 393 910 599 716 902 152 157 591 488 847 775 439 512 913 813 491 0 888 852 454 100 387 902 642 384 462 795 776 671 686 297 55 378 410 486 388 577 211 516
997 747 1047 80 942 1013 819 1222 988 946 1008 624 1035 886 757 886 1035 269 387 996 1046 1305 541 539 56 919 1082 339 899 782 397 1033 414 1394 1058 1130 76 251 875 888 0 1258 1000 955 1005 69 792 1002 782 1391 1394 1289 1304 1045 910 978 1028 447 1006 398 708 470
934 782 590 1303 790 522 716 407 704 794 544 773 602 958 791 890 544 1241 917 635 267 601 946 976 1228 809 340 1484 970 976 904 542 1429 583 697 385 1299 1395 677 852 1258 0 509 892 645 1292 517 642 770 317 622 585 521 642 847 565 483 1069 553 890 905 1088
536 384 437 1045 431 25 357 612 377 435 84 515 425 560 432 531 47 843 659 175 297 694 583 578 970 450 332 1086 573 578 646 45 1031 783 237 520 1041 997 319 455 1000 509 0 494 185 1034 259 182 411 642 783 678 693 434 449 206 418 671 93 632 507 655
452 168 367 873 541 405 434 542 307 545 328 684 355 469 405 534 428 627 571 315 618 624 411 361 878 560 653 870 482 365 559 426 815 713 377 450 881 781 428 371 856 790 392 0 325 869 580 322 430 733 713 608 623 364 365 316 348 454 326 545 291 484
469 317 370 1022 364 198 290 545 310 368 120 651 358 493 365 464 221 776 676 58 434 627 516 511 987 383 469 1019 506 511 663 218 964 716 89 453 1030 930 251 387 1005 645 185 427 0 1019 395 65 344 736 716 611 626 367 382 139 351 604 119 649 440 588
1010 761 1060 55 956 1047 832 1236 1001 959 1021 658 1049 899 770 899 1069 282 421 1009 1080 1318 575 553 90 932 1116 352 912 796 431 1067 428 1407 1071 1144 55 264 888 902 69 1292 1034 968 1019 0 826 1016 795 1425 1407 1302 1317 1058 923 991 1042 460 1019 432 721 483
724 572 625 837 540 272 467 740 565 544 294 308 613 748 541 640 295 815 451 386 306 882 481 719 762 559 341 1057 761 766 439 293 1003 971 448 708 834 969 428 642 792 517 259 682 395 826 0 392 520 650 971 866 854 622 637 316 606 812 304 425 695 623
466 314 366 1019 361 195 287 542 307 365 117 648 355 490 362 461 218 773 672 55 431 624 513 507 983 380 466 1016 502 508 660 215 961 713 117 450 1027 927 248 384 1002 642 182 424 65 1016 392 0 341 733 713 608 623 364 379 136 348 600 116 646 437 585
571 321 565 799 197 424 106 740 505 200 346 561 553 460 57 156 447 553 448 334 558 822 288 297 759 173 593 795 473 356 436 444 741 911 396 648 807 707 130 462 782 770 411 529 344 795 520 341 0 903 911 806 821 562 484 233 546 390 345 422 282 361
877 725 533 1430 923 655 845 350 647 927 677 906 545 901 924 1023 677 1184 1050 726 400 544 968 919 1361 942 363 1427 913 919 1037 675 1372 592 788 328 1432 1338 810 795 1391 317 642 835 736 1425 650 733 903 0 631 528 464 585 790 698 426 1012 686 1023 848 1041
857 706 514 1411 932 797 825 374 628 936 719 1221 526 881 933 1031 819 1165 1109 707 773 190 949 899 1415 951 737 1407 894 899 1096 817 1353 119 768 350 1418 1318 820 776 1394 610 783 815 716 1407 971 713 911 633 0 174 327 565 770 707 407 992 717 1082 828 1021
752 601 409 1306 827 692 720 337 523 831 614 1116 421 776 828 926 714 1060 1004 602 668 59 844 794 1310 846 632 1302 789 794 991 712 1248 174 663 245 1313 1213 715 671 1289 585 678 710 611 1302 866 608 806 528 174 0 222 460 665 602 302 887 612 977 723 916
767 616 424 1321 842 707 735 212 538 846 629 1110 436 791 843 941 729 1075 1019 617 604 238 859 809 1325 861 567 1317 804 809 1006 727 1263 327 678 251 1328 1228 729 686 1304 521 693 725 626 1317 854 623 821 464 327 222 0 475 680 617 317 902 627 992 738 931
379 357 87 1062 583 448 476 393 150 587 370 872 75 403 584 682 470 816 760 358 660 476 600 550 1066 602 688 1058 415 421 747 468 1004 565 419 301 1069 969 470 297 1045 642 434 337 367 1058 622 364 562 585 565 460 475 0 292 358 199 643 368 733 475 672
491 207 406 912 580 444 473 581 346 584 367 723 394 508 444 573 467 666 610 354 657 663 450 400 917 599 692 908 521 404 598 465 854 752 416 489 920 820 467 409 895 829 431 449 364 908 619 361 469 772 752 647 662 403 0 355 387 493 365 584 330 523
460 308 361 995 253 220 180 536 301 257 142 572 349 484 255 353 242 749 644 130 354 618 484 493 955 273 389 991 497 502 632 240 937 707 191 444 1003 903 141 379 978 565 206 418 139 991 316 136 233 698 707 602 617 358 373 0 342 586 140 618 431 557
492 340 148 1045 567 431 460 235 262 570 353 856 160 516 567 666 454 799 743 341 566 317 583 533 1050 586 530 1042 528 534 731 451 987 406 403 143 1053 953 454 410 1028 483 418 449 351 1042 606 348 546 426 407 302 317 199 404 342 0 626 351 717 463 656
595 345 645 464 550 684 427 820 586 554 606 643 634 484 365 494 706 218 531 594 897 903 371 199 469 527 932 460 497 380 518 704 406 992 656 728 471 372 483 486 447 1069 671 553 604 460 812 600 390 1012 992 887 902 643 508 586 626 0 604 504 306 333
470 318 370 1023 365 106 291 545 311 368 29 559 359 494 366 465 129 777 676 109 342 628 516 511 987 384 377 1019 506 512 664 127 965 717 171 453 1031 931 252 388 1006 553 93 427 119 1019 304 116 345 686 717 612 627 368 383 140 351 604 0 650 441 589
686 436 735 443 582 645 458 911 676 586 651 256 724 575 397 525 668 508 57 639 679 993 173 411 368 559 714 703 587 471 54 666 696 1082 701 819 439 614 514 577 398 890 632 643 649 432 425 646 422 1023 1082 977 992 733 599 618 717 504 650 0 396 315
320 182 477 725 442 520 318 657 359 446 442 535 466 209 257 385 543 478 422 430 733 739 263 213 729 419 768 721 222 105 410 540 667 828 492 565 732 632 375 211 708 905 507 278 440 721 695 437 282 848 828 723 738 475 233 431 463 306 441 396 0 335
625 375 674 487 521 668 397 850 615 525 591 454 663 514 336 464 691 241 342 578 877 932 182 350 491 498 912 483 526 410 329 689 429 1021 640 758 494 394 453 516 470 1088 655 583 588 483 623 585 361 1041 1021 916 931 672 538 557 656 333 589 315 335 0
EOF