NAME : tsp_problem
TYPE : TSP
DIMENSION : 52
EDGE_WEIGHT_TYPE : EXPLICIT
EDGE_WEIGHT_FORMAT : FULL_MATRIX
EDGE_WEIGHT_SECTION
0 1001 1279 713 990 1013 977 971 637 964 1034 1318 1003 360 937 388 1059 794 1031 133 891 1281 590 1336 1056 1258 1051 804 1018 1070 826 822 87 1375 768 119 1046 1012 935 223 136 719 1593 828 345 1272 1241 1111 1049 1279 1385 989
1001 0 828 341 352 420 339 520 441 88 396 358 56 1069 112 1161 217 676 200 917 725 830 433 443 606 807 601 421 567 432 222 656 968 924 467 932 204 561 505 844 909 504 633 544 1085 752 790 269 410 801 921 351
1279 828 0 1042 624 764 611 468 945 876 669 560 831 1287 900 1379 693 760 665 1225 809 89 959 480 500 401 495 647 432 705 1010 741 1246 183 810 1208 680 455 848 1314 1228 589 745 886 1302 332 187 745 683 225 189 624
713 341 1042 0 652 720 639 734 153 305 696 658 343 781 277 873 517 558 500 629 654 1044 145 743 820 1021 815 519 781 732 167 586 680 1138 483 644 504 775 650 556 620 482 934 542 797 1036 1004 569 711 1042 1148 651
990 352 624 652 0 295 62 316 612 399 74 537 355 998 424 1090 194 472 196 936 521 626 625 622 402 604 397 217 363 110 534 452 958 720 342 920 181 357 380 1026 939 300 812 419 1014 618 586 246 89 624 731 75
1013 420 764 720 295 0 282 455 630 467 339 605 423 1020 492 1113 364 611 257 958 660 765 643 690 541 743 536 258 502 375 602 591 980 859 281 942 351 496 319 1048 962 439 881 358 1036 757 725 416 353 763 870 294
977 339 611 639 62 282 0 303 598 386 107 524 341 985 410 1077 181 458 183 922 507 613 612 608 388 590 383 203 349 142 520 439 944 707 328 906 168 344 366 1012 926 286 799 405 1000 604 573 233 121 610 717 61
971 520 468 734 316 455 303 0 637 567 360 605 523 979 592 1071 385 323 357 916 372 470 651 525 114 447 109 339 75 396 702 303 938 564 502 900 372 69 540 1006 920 281 798 578 994 461 429 437 375 467 574 315
637 441 945 153 612 630 598 637 0 405 656 759 444 684 377 776 618 461 600 554 557 947 70 843 723 924 718 422 684 692 267 489 605 1041 386 569 605 678 553 481 545 385 1034 446 700 939 907 670 670 945 1052 611
964 88 876 305 399 467 386 567 405 0 444 406 90 1033 147 1125 265 723 247 881 772 877 397 490 653 855 648 468 614 479 186 703 932 971 514 896 252 608 552 808 872 551 681 591 1049 800 837 317 458 848 968 398
1034 396 669 696 74 339 107 360 656 444 0 581 399 1042 468 1134 239 516 241 980 565 670 669 666 446 648 441 261 407 51 578 496 1002 764 386 964 225 401 424 1070 984 344 857 463 1058 662 630 290 29 668 775 119
1318 358 560 658 537 605 524 605 759 406 581 0 361 1387 430 1479 402 861 385 1235 910 562 751 183 638 523 633 606 569 617 540 841 1286 653 652 1250 389 593 690 1162 1226 689 502 729 1402 431 492 454 596 480 600 536
1003 56 831 343 355 423 341 523 444 90 399 361 0 1072 115 1164 220 679 202 920 727 833 436 446 609 810 604 424 570 435 225 659 971 927 470 935 207 564 508 847 911 507 636 547 1087 755 793 272 413 804 924 354
360 1069 1287 781 998 1020 985 979 684 1033 1042 1387 1072 0 1005 224 1067 802 1039 305 899 1289 698 1344 1064 1266 1059 812 1025 1078 895 830 327 1383 776 289 1054 1020 943 395 309 727 1617 836 59 1280 1248 1119 1056 1286 1393 997
937 112 900 277 424 492 410 592 377 147 468 430 115 1005 0 1097 289 747 271 853 796 902 369 515 678 879 673 493 639 504 158 728 904 996 539 868 276 633 577 780 844 576 705 615 1021 824 862 341 482 872 993 423
388 1161 1379 873 1090 1113 1077 1071 776 1125 1134 1479 1164 224 1097 0 1159 895 1131 333 991 1381 790 1436 1157 1358 1151 905 1118 1170 987 922 355 1475 868 317 1146 1112 1035 423 337 819 1709 928 209 1373 1341 1211 1149 1379 1485 1089
1059 217 693 517 194 364 181 385 618 265 239 402 220 1067 289 1159 0 540 159 1004 589 695 610 487 471 672 466 286 432 274 399 521 1026 789 410 988 21 426 448 1021 1008 369 678 487 1082 687 655 75 253 693 799 193
794 674 759 558 470 609 457 323 461 721 514 859 677 802 746 895 539 0 511 740 136 761 474 816 409 738 404 429 370 550 671 67 762 855 393 724 526 364 560 830 744 199 1089 453 818 752 720 591 529 758 865 469
1031 200 665 500 196 257 183 357 600 247 241 385 202 1039 271 1131 159 512 0 976 561 667 592 469 442 644 437 257 403 277 381 493 998 761 304 960 145 398 342 1003 980 340 660 380 1054 658 626 211 255 664 771 196
133 917 1225 629 936 958 922 916 554 881 980 1235 920 305 853 333 1004 740 976 0 836 1226 507 1282 1002 1204 997 750 963 1016 743 768 100 1320 714 65 991 957 881 139 82 665 1510 774 290 1218 1186 1056 994 1224 1331 935
745 576 660 509 372 511 358 352 412 623 416 761 578 753 647 845 440 305 412 691 0 662 425 718 438 640 433 380 399 452 622 333 713 756 344 675 427 393 511 781 695 101 990 404 769 654 622 492 430 660 767 371
1281 830 89 1044 626 765 613 470 947 877 670 562 833 1289 902 1381 695 762 667 1226 811 0 960 481 502 403 497 649 434 706 1012 742 1248 185 811 1210 682 457 850 1316 1230 590 754 888 1304 360 189 747 685 227 196 625
590 433 959 145 625 643 612 651 70 397 669 751 436 698 369 790 610 474 592 507 571 960 0 835 736 938 731 435 697 705 259 502 558 1054 399 522 597 691 566 434 498 399 1026 459 713 952 920 662 684 958 1065 624
1336 443 480 743 622 690 608 525 843 490 666 183 446 1344 515 1436 487 817 469 1282 866 481 835 0 557 442 552 691 489 702 625 798 1304 573 737 1266 474 513 775 1246 1285 646 422 814 1360 351 412 539 680 399 520 621
1056 606 500 820 402 541 388 114 723 653 446 638 609 1064 678 1157 471 409 442 1002 458 502 736 557 0 479 141 425 107 482 788 389 1024 596 587 986 458 101 626 1092 1006 366 830 664 1080 494 462 523 460 500 606 401
1271 627 414 927 617 756 603 460 937 674 661 306 629 1279 698 1371 671 752 653 1217 801 416 951 225 492 0 487 640 424 697 808 733 1238 508 802 1200 658 447 840 1306 1220 581 504 879 1295 286 347 723 675 334 455 616
1051 601 495 815 397 536 383 109 718 648 441 633 604 1059 673 1151 466 404 437 997 453 497 731 552 141 474 0 420 102 477 782 384 1019 591 582 981 452 96 621 1087 1001 361 825 659 1075 489 457 518 455 495 601 396
804 421 647 519 217 258 203 339 422 468 261 606 424 812 493 905 286 429 257 750 526 649 435 691 425 626 420 0 386 297 602 457 772 743 190 734 273 380 253 840 754 323 881 266 828 641 609 338 275 647 754 216
1018 567 432 781 363 502 349 75 684 614 407 569 570 1025 639 1118 432 370 403 963 419 434 697 489 107 411 102 386 0 443 749 350 985 527 548 947 419 62 587 1053 967 327 762 625 1041 425 393 484 421 431 538 362
1070 432 705 732 110 375 142 396 692 479 51 617 435 1078 504 1170 274 552 277 1016 601 706 705 702 482 684 477 297 443 0 614 532 1038 800 422 1000 261 437 460 1106 1019 380 893 499 1094 698 666 326 34 704 811 155
826 222 1010 167 534 602 520 702 267 186 578 540 225 895 158 987 399 671 381 743 768 1012 259 625 788 989 782 602 749 614 0 699 794 1106 596 758 386 743 687 670 734 596 815 656 911 934 972 451 592 982 1103 533
807 637 722 571 434 573 420 414 474 685 478 823 640 815 709 907 502 367 474 753 463 724 487 780 500 701 495 442 461 514 684 0 775 818 406 737 489 455 573 843 756 163 1052 466 831 716 684 554 492 722 829 433
87 968 1246 680 958 980 944 938 605 932 1002 1286 971 327 904 355 1026 762 998 100 858 1248 558 1304 1024 1225 1019 772 985 1038 794 790 0 1342 736 86 1013 979 903 190 104 686 1561 795 312 1240 1208 1078 1016 1246 1353 957
1375 924 183 1138 720 859 707 564 1041 971 764 656 927 1383 996 1475 789 856 761 1320 905 185 1054 575 596 497 591 743 527 800 1106 836 1342 0 905 1304 776 551 944 1410 1324 684 661 982 1398 248 283 841 779 321 106 719
768 467 810 483 342 281 328 502 386 514 386 652 470 776 539 868 410 393 304 714 489 811 399 737 587 789 582 190 548 422 596 421 736 905 0 698 397 543 203 804 718 318 927 112 792 803 771 462 400 809 916 341
119 932 1208 644 920 942 906 900 569 896 964 1250 935 289 868 317 988 724 960 65 820 1210 522 1266 986 1187 981 734 947 1000 758 752 86 1304 698 0 975 941 865 154 68 648 1525 757 274 1202 1170 1040 978 1208 1315 919
1046 204 680 504 181 351 168 372 605 252 225 389 207 1054 276 1146 21 527 145 991 576 682 597 474 458 659 452 273 419 261 386 508 1013 776 397 975 0 413 435 1008 995 356 665 474 1069 674 642 67 240 680 786 180
1012 561 455 775 357 496 344 69 678 608 401 593 564 1020 633 1112 426 364 398 957 413 457 691 513 101 434 96 380 62 437 743 344 979 551 543 941 413 0 581 1047 961 322 785 619 1035 449 417 478 416 455 562 356
935 505 848 650 380 319 366 540 553 552 424 690 508 943 577 1035 448 560 342 881 656 850 566 775 626 827 621 253 587 460 687 588 903 944 203 865 435 581 0 971 884 485 965 279 959 842 810 500 438 848 955 379
223 844 1314 556 1026 1048 1012 1006 481 808 1070 1162 847 395 780 423 1021 830 1003 139 926 1316 434 1246 1092 1293 1087 840 1053 1106 670 858 190 1410 804 154 1008 1047 971 0 130 754 1437 863 380 1308 1276 1073 1084 1314 1421 1025
136 909 1228 620 939 962 926 920 545 872 984 1226 911 309 844 337 1008 744 980 82 840 1230 498 1285 1006 1207 1001 754 967 1019 734 771 104 1324 718 68 995 961 884 130 0 668 1501 777 294 1222 1190 1060 998 1228 1334 938
719 504 589 482 300 439 286 281 385 551 344 689 507 727 576 819 369 279 340 665 375 590 399 646 366 568 361 323 327 380 596 307 686 684 318 648 356 322 485 754 668 0 919 378 743 582 550 421 358 588 695 299
1593 633 745 934 812 881 799 798 1034 681 857 502 636 1617 705 1709 678 1090 660 1510 1139 754 1026 422 830 715 825 881 762 893 815 1071 1561 661 927 1525 665 785 965 1437 1501 919 0 1004 1632 440 624 730 871 612 609 811
828 544 886 542 419 358 405 578 446 591 463 729 547 836 615 928 487 453 380 774 549 888 459 814 664 866 659 266 625 499 656 481 795 982 112 757 474 619 279 863 777 378 1004 0 852 880 848 539 477 886 993 418
345 1085 1302 797 1014 1036 1000 994 700 1049 1058 1402 1087 59 1021 209 1082 818 1054 290 914 1304 713 1360 1080 1282 1075 828 1041 1094 911 846 312 1398 792 274 1069 1035 959 380 294 743 1632 852 0 1296 1264 1134 1072 1302 1409 1013
1272 762 332 1036 618 757 604 461 939 810 662 441 765 1280 834 1373 687 754 658 1218 803 360 952 361 494 379 489 641 425 698 944 734 1240 248 803 1202 674 449 842 1308 1222 582 440 880 1296 0 288 739 676 276 196 617
1241 790 187 1004 586 725 573 429 907 837 630 492 793 1248 862 1341 655 722 626 1186 771 189 920 412 462 363 457 609 393 666 972 702 1208 283 771 1170 642 417 810 1276 1190 550 624 848 1264 288 0 707 644 77 293 585
1111 269 745 569 246 416 233 437 670 317 290 454 272 1119 341 1211 75 592 211 1056 641 747 662 539 523 724 518 338 484 326 451 573 1078 841 462 1040 67 478 500 1073 1060 421 730 539 1134 739 707 0 305 745 851 245
1049 410 683 711 89 353 121 375 670 458 29 596 413 1056 482 1149 253 530 255 994 579 685 684 680 460 662 455 275 421 34 592 511 1016 779 400 978 240 416 438 1084 998 358 871 477 1072 676 644 305 0 682 789 133
1279 801 225 1042 624 763 610 467 945 848 668 480 804 1286 872 1379 693 760 664 1224 809 227 958 399 500 401 495 647 431 704 982 740 1246 321 809 1208 680 455 848 1314 1228 588 612 886 1302 276 77 745 682 0 331 623
1385 931 189 1148 731 870 717 574 1052 978 775 610 934 1393 1003 1485 799 867 771 1331 915 196 1065 530 606 508 601 754 538 811 1113 847 1353 106 916 1315 786 562 955 1421 1334 695 609 993 1409 196 293 851 789 331 0 730
989 351 624 651 75 294 61 315 611 398 119 536 354 997 423 1089 193 471 196 935 520 625 624 621 401 603 396 216 362 155 533 451 957 719 341 919 180 356 379 1025 938 299 811 418 1013 617 585 245 133 623 730 0
EOF