NAME : tsp_problem
TYPE : TSP
DIMENSION : 13
EDGE_WEIGHT_TYPE : EXPLICIT
EDGE_WEIGHT_FORMAT : FULL_MATRIX
EDGE_WEIGHT_SECTION
0 1168 1074 211 961 836 769 251 773 353 513 813 813
1168 0 147 1335 803 678 940 1245 898 1348 720 776 772
1074 147 0 1241 709 584 837 1152 804 1254 627 682 679
211 1335 1241 0 1128 1003 937 276 940 286 680 980 980
961 803 709 1128 0 306 414 1038 556 1141 558 434 431
836 678 584 1003 306 0 492 913 431 1016 433 309 306
769 940 837 937 414 492 0 847 642 949 596 520 516
251 1245 1152 276 1038 913 847 0 851 173 591 891 890
773 898 804 940 556 431 642 851 0 953 440 329 329
353 1348 1254 286 1141 1016 949 173 953 0 693 993 992
513 720 627 680 558 433 596 591 440 693 0 480 479
813 776 682 980 434 309 520 891 329 993 480 0 62
813 772 679 980 431 306 516 890 329 992 479 62 0
EOF
