NAME : tsp_problem
TYPE : TSP
DIMENSION : 46
EDGE_WEIGHT_TYPE : EXPLICIT
EDGE_WEIGHT_FORMAT : FULL_MATRIX
EDGE_WEIGHT_SECTION
0 351 1366 714 895 1133 1646 1222 902 745 378 188 1350 810 903 1344 720 1224 752 930 222 292 931 366 359 451 1048 584 152 813 932 901 95 672 890 156 950 1278 1087 1114 1039 1020 1043 848 153 406
351 0 1317 666 786 1085 1582 1174 793 697 199 345 1241 762 794 1295 542 1175 704 882 181 78 883 59 53 272 999 535 431 764 884 853 375 624 842 313 841 1230 1038 1065 991 972 995 800 432 227
1366 1317 0 687 1114 772 488 258 1121 859 1344 1390 563 924 1027 380 1072 184 801 840 1225 1258 891 1331 1325 1343 620 826 1229 818 720 975 1316 946 813 1357 976 314 726 753 795 741 682 794 1242 1372
714 666 687 0 517 455 968 544 524 208 693 739 672 273 526 665 421 545 150 393 574 607 394 680 673 692 374 175 578 210 330 364 665 294 287 706 573 599 408 435 477 418 364 246 591 721
895 786 1104 517 0 551 930 884 62 499 662 919 589 564 142 958 293 973 555 684 754 727 685 800 793 564 850 524 758 615 735 655 845 281 692 886 189 892 708 457 706 823 664 651 771 648
1133 1085 772 455 551 0 707 629 558 492 1080 1157 366 521 463 736 711 630 569 427 993 1026 479 1099 1092 982 459 593 997 586 488 563 1084 668 581 1125 413 670 283 149 383 579 239 562 1009 1066
1646 1582 488 968 930 707 0 458 937 987 1459 1670 495 1001 843 532 1090 465 1082 907 1506 1524 959 1597 1590 1361 901 1106 1510 1099 1001 1043 1597 1078 1094 1638 792 466 864 614 862 1021 821 1074 1522 1445
1222 1174 258 544 884 629 458 0 891 716 1200 1246 333 781 797 150 929 116 658 696 1082 1115 748 1188 1181 1200 477 682 1086 675 577 831 1173 802 670 1214 746 84 582 568 651 597 538 650 1098 1229
902 793 1112 524 62 558 937 891 0 506 670 926 596 571 149 965 300 980 562 691 762 734 692 807 800 571 857 531 765 622 742 662 852 288 699 893 196 900 715 464 713 830 671 658 778 655
745 697 859 208 499 492 987 716 506 0 723 769 646 100 507 837 403 717 246 221 605 638 221 711 704 673 541 215 609 306 425 191 696 276 383 737 554 771 445 409 330 514 401 341 621 751
378 199 1344 693 662 1080 1459 1200 670 723 0 372 1118 788 671 1322 418 1202 731 908 208 140 909 213 206 149 1026 562 458 791 910 879 401 554 868 339 718 1256 1065 987 1017 999 1021 826 459 56
188 345 1390 739 919 1157 1670 1246 926 769 372 0 1374 834 928 1368 715 1248 777 954 216 287 955 360 353 445 1072 608 268 837 956 925 212 696 914 76 974 1302 1111 1138 1063 1045 1067 872 269 400
1350 1241 553 672 589 366 495 333 596 646 1118 1374 0 660 502 407 749 421 786 566 1210 1182 618 1256 1249 1020 676 811 1214 804 705 702 1301 737 798 1342 451 341 523 273 521 796 479 779 1226 1104
810 762 924 273 564 521 1001 781 571 100 788 834 660 0 573 902 468 782 311 235 670 703 235 776 769 739 606 280 674 371 491 120 761 341 448 802 619 837 475 423 344 579 431 407 686 817
903 794 1017 526 142 463 843 797 149 507 671 928 502 573 0 871 302 885 564 664 763 736 693 809 802 573 774 533 767 624 743 663 854 290 701 895 197 805 621 370 619 832 577 659 780 657
1352 1304 194 674 1101 759 475 245 1108 846 1331 1376 549 911 1014 0 1059 171 788 826 1212 1245 878 1318 1311 1330 607 812 1216 805 707 961 1303 932 800 1344 963 301 712 739 781 727 669 781 1228 1359
720 542 1072 421 293 711 1090 929 300 403 418 715 749 468 302 1050 0 930 459 588 550 483 589 556 549 320 754 428 662 519 638 559 744 185 596 682 349 984 748 617 697 727 705 554 675 404
1224 1175 184 545 973 630 465 116 980 717 1202 1248 421 782 885 238 930 0 659 698 1084 1117 749 1190 1183 1201 479 684 1088 677 578 833 1174 804 671 1215 835 172 584 611 653 599 540 652 1100 1230
752 704 801 150 555 569 1082 658 562 246 731 777 786 311 564 779 459 659 0 431 612 645 432 718 712 730 325 213 616 90 209 402 703 333 167 744 611 714 522 549 540 298 479 125 629 759
930 882 840 393 684 427 907 696 691 221 908 954 566 235 664 818 588 698 431 0 790 823 80 896 889 859 526 400 794 491 555 277 881 461 568 922 613 752 381 329 250 647 337 527 806 936
222 181 1225 574 754 993 1506 1082 762 605 208 216 1210 670 763 1204 550 1084 612 790 0 122 791 195 188 281 908 444 302 673 792 761 245 532 750 183 810 1138 947 974 899 880 903 708 303 236
292 78 1258 607 727 1026 1524 1115 734 638 140 287 1182 703 736 1237 483 1117 645 823 122 0 824 92 85 213 941 477 373 706 825 794 316 565 783 254 782 1171 980 1007 932 913 936 741 373 168
931 883 891 394 685 479 959 748 692 221 909 955 618 235 693 869 589 749 432 80 791 824 0 897 890 860 578 401 795 492 607 277 882 462 569 923 664 804 433 381 302 698 389 527 807 937
366 59 1331 680 800 1099 1597 1188 807 711 213 360 1256 776 809 1310 556 1190 718 896 195 92 897 0 39 286 1014 550 446 779 898 867 389 638 856 327 855 1244 1053 1080 1005 986 1009 814 447 241
359 53 1325 673 793 1092 1590 1181 800 704 206 353 1249 769 802 1303 549 1183 712 889 188 85 890 39 0 279 1007 543 439 772 891 860 382 631 849 320 849 1237 1046 1073 998 979 1002 807 440 235
451 272 1343 692 564 982 1361 1200 571 673 149 445 1020 739 573 1321 320 1201 730 859 281 213 860 286 279 0 1025 635 531 790 909 829 474 456 867 412 620 1255 1019 888 968 998 975 825 532 135
1048 999 620 371 850 459 901 477 857 541 1026 1072 676 606 774 599 754 479 325 526 908 941 578 1014 1007 1025 0 508 912 264 166 661 998 628 259 1039 723 533 412 439 481 143 369 240 924 1054
584 535 826 175 524 593 1106 682 531 215 562 608 811 280 533 804 428 684 213 400 444 477 401 550 543 635 508 0 448 273 392 371 534 301 350 575 579 738 547 574 509 480 503 308 460 590
152 431 1229 578 758 997 1510 1086 765 609 458 268 1214 674 767 1208 662 1088 616 794 302 373 795 446 439 531 912 448 0 677 796 765 103 536 754 236 814 1142 951 978 903 884 907 712 28 486
813 764 817 210 615 585 1098 674 622 306 791 837 802 371 624 795 519 675 90 491 673 706 492 779 772 790 264 273 677 0 149 462 763 393 106 804 671 730 538 565 600 276 495 64 689 819
917 869 702 239 720 470 983 559 727 410 895 941 687 476 728 681 623 561 353 537 777 810 589 883 876 894 389 377 781 413 0 566 868 497 490 909 734 615 424 451 493 509 380 448 793 923
901 853 975 364 655 563 1043 831 662 191 879 925 702 120 663 953 559 833 402 277 761 794 277 867 860 829 661 371 765 462 581 0 852 432 539 893 710 887 517 465 386 670 473 497 777 907
95 375 1316 665 845 1084 1597 1173 852 696 401 212 1301 761 854 1294 744 1174 703 881 245 316 882 389 382 474 998 534 103 763 883 852 0 623 841 179 901 1229 1037 1064 990 971 994 799 104 429
672 624 946 294 281 668 1078 802 288 276 554 696 737 341 290 924 185 804 333 461 532 565 462 638 631 456 628 301 536 393 512 432 623 0 470 664 337 858 622 605 570 600 578 428 548 540
827 779 747 148 629 514 1027 603 637 320 805 851 732 386 638 725 533 605 263 505 687 720 506 793 786 804 433 287 691 323 442 476 778 407 0 819 685 659 468 495 537 530 424 358 703 833
156 313 1357 706 886 1125 1638 1214 893 737 339 76 1342 802 895 1335 682 1215 744 922 183 254 923 327 320 412 1039 575 236 804 924 893 179 664 881 0 942 1270 1078 1105 1031 1012 1035 840 237 368
950 841 967 573 189 413 792 746 196 554 718 974 451 619 197 820 349 835 611 613 810 782 664 855 849 620 723 579 814 671 752 710 901 337 748 942 0 755 570 319 568 843 526 706 826 704
1411 1363 254 733 1160 818 534 304 1167 905 1390 1436 609 970 1073 107 1118 230 847 886 1271 1304 937 1377 1371 1389 666 872 1275 864 766 1021 1362 991 859 1403 1022 0 772 799 841 787 728 840 1288 1418
1087 1038 726 408 708 283 864 582 715 445 1065 1111 523 475 621 704 748 584 522 381 947 980 433 1053 1046 1019 412 547 951 540 441 517 1037 622 534 1078 570 638 0 294 336 533 143 515 963 1093
1114 1065 753 435 457 149 614 568 464 409 987 1138 273 423 370 642 617 611 549 329 974 1007 381 1080 1073 888 439 574 978 567 468 465 1064 605 561 1105 319 576 294 0 284 560 250 542 990 972
1039 991 795 477 706 383 862 651 713 330 1017 1063 521 344 619 773 697 653 540 250 899 932 302 1005 998 968 481 509 903 600 510 386 990 570 603 1031 568 707 336 284 0 602 292 584 915 1045
1020 972 741 418 823 579 1021 597 830 514 999 1045 796 579 832 719 727 599 298 647 880 913 698 986 979 998 143 480 884 276 286 670 971 600 353 1012 843 653 533 560 602 0 489 311 896 1027
1043 995 682 364 664 239 821 538 671 401 1021 1067 479 431 577 660 705 540 479 337 903 936 389 1009 1002 975 369 503 907 496 398 473 994 578 491 1035 526 594 143 250 292 489 0 471 919 1049
848 800 793 194 651 560 1073 649 658 341 826 872 778 407 659 771 554 651 125 527 708 741 527 814 807 825 240 308 712 64 124 497 799 428 82 840 706 705 514 541 583 311 470 0 724 854
153 432 1242 591 771 1009 1522 1098 778 621 459 269 1226 686 780 1220 675 1100 629 806 303 373 807 447 440 532 924 460 28 689 808 777 104 548 766 237 826 1154 963 990 915 896 919 724 0 487
406 227 1372 721 648 1066 1445 1229 655 751 56 400 1104 817 657 1350 404 1230 759 936 236 168 937 241 235 135 1054 590 486 819 938 907 429 540 896 368 704 1284 1093 972 1045 1027 1049 854 487 0
EOF