NAME : tsp_problem
TYPE : TSP
DIMENSION : 88
EDGE_WEIGHT_TYPE : EXPLICIT
EDGE_WEIGHT_FORMAT : FULL_MATRIX
EDGE_WEIGHT_SECTION
0 574 1071 588 309 304 752 768 479 636 408 554 1153 662 800 485 231 573 403 795 732 1110 561 473 1110 865 715 401 692 1010 645 630 497 340 304 650 357 700 729 569 569 572 599 1107 1085 545 1105 509 560 411 560 311 413 333 952 763 442 484 548 1092 304 510 637 573 494 67 331 471 376 355 446 1116 497 422 638 502 445 755 245 741 592 566 1006 168 249 784 451 362
573 0 773 676 484 509 584 763 557 383 449 375 855 493 547 127 437 349 579 805 742 812 52 188 813 697 202 424 225 841 641 106 212 269 510 646 252 1041 476 657 317 660 456 840 852 792 808 829 369 406 586 516 732 488 655 759 310 416 304 855 691 348 633 661 362 519 469 227 763 742 533 819 533 597 726 258 832 751 632 737 122 913 709 535 455 779 690 424
1071 773 0 832 889 1007 556 1261 873 489 766 989 226 650 329 860 935 963 960 1304 1240 246 786 633 242 696 824 741 847 325 1139 839 640 767 1008 1144 837 1539 383 814 540 817 945 275 286 1290 72 1327 983 904 743 1015 889 840 347 1257 936 733 993 289 1189 664 1131 817 988 1017 821 961 1260 1240 849 253 849 979 883 991 1330 1249 1050 1235 676 1411 116 1033 953 1278 847 740
588 676 832 0 632 728 334 1142 727 393 619 950 914 244 557 763 656 969 726 1018 955 810 688 536 871 448 727 594 749 592 1041 742 542 669 728 992 739 922 486 74 393 71 995 689 667 768 866 731 956 807 143 735 227 656 714 1159 838 586 939 674 527 517 919 75 890 535 674 863 598 578 702 817 703 745 123 893 668 1130 388 1116 578 789 768 476 674 1180 185 594
309 486 889 632 0 245 650 679 213 450 143 465 970 559 614 397 173 485 108 721 658 927 473 385 928 763 623 168 603 907 557 541 409 252 246 561 268 744 543 613 383 616 511 956 967 589 923 553 472 322 604 252 457 68 770 674 354 218 459 970 348 260 549 617 405 255 87 383 420 399 181 934 232 126 682 413 489 667 289 653 475 610 824 192 191 695 495 175
304 511 1007 728 245 0 773 704 415 573 345 490 1089 682 737 422 97 510 340 746 683 1046 498 410 1047 886 652 337 628 1030 582 567 434 277 191 587 294 840 666 709 506 713 536 1075 1086 685 1042 649 497 347 700 30 553 270 889 700 379 420 484 1089 445 447 574 713 431 250 268 408 516 495 383 1053 434 359 778 438 586 692 385 678 528 706 943 296 136 721 591 298
752 584 556 334 650 773 0 1072 635 301 527 858 667 113 465 671 700 877 721 1114 1051 494 596 444 683 158 635 502 657 276 949 650 450 577 773 954 647 1087 394 316 301 319 903 372 351 932 590 895 864 715 245 780 391 601 622 1067 746 494 847 358 691 425 941 320 798 699 582 771 763 742 610 500 611 740 385 801 832 1060 552 1045 486 953 491 640 719 1088 349 502
768 765 1261 1142 679 704 1072 0 849 872 758 554 1343 981 1035 676 632 573 774 430 367 1300 752 664 1301 1185 835 733 812 1329 345 820 688 531 705 210 548 605 965 1124 805 1127 471 1329 1340 416 1296 454 560 397 1074 711 967 683 1143 266 504 853 618 1343 664 836 258 1127 440 714 664 591 629 608 817 1307 867 792 1193 622 510 44 799 38 782 538 1197 730 650 287 1005 694
479 557 873 727 213 415 635 849 0 435 136 635 955 544 599 567 343 655 285 891 828 912 569 417 913 748 608 161 631 892 727 623 424 422 416 731 439 914 528 708 368 711 681 940 952 759 908 723 642 492 637 422 627 186 755 844 524 202 629 955 518 244 719 712 575 425 205 553 590 569 61 919 61 303 777 583 659 837 459 823 460 780 809 362 361 865 665 207
636 383 489 393 450 573 301 872 435 0 327 658 571 211 214 470 500 677 521 914 851 528 396 244 528 415 435 302 457 559 749 450 250 377 573 754 447 1146 143 375 101 378 703 556 567 900 523 938 664 515 304 580 450 401 370 867 546 294 647 570 750 225 741 379 598 583 382 571 822 801 410 534 411 540 444 601 891 859 611 845 286 1012 424 598 519 888 408 301
408 449 766 619 143 345 527 758 136 327 0 544 847 436 491 476 273 564 214 800 737 804 462 309 805 640 500 65 523 784 636 515 316 331 346 640 348 844 420 600 260 603 590 833 844 689 800 652 551 401 529 352 557 115 647 753 433 115 538 847 448 157 628 604 484 355 135 462 520 499 103 811 138 233 669 492 589 746 389 732 352 710 701 292 291 774 595 91
554 375 989 950 465 490 858 554 635 658 544 0 1071 767 822 286 418 71 560 596 533 1028 363 450 1028 971 323 519 299 1106 432 431 474 317 491 436 311 832 751 931 591 934 178 1056 1068 582 1023 620 91 313 860 498 781 469 871 549 159 640 101 1070 672 622 424 935 149 500 450 182 744 723 603 1034 654 578 1000 141 676 542 613 527 457 704 924 516 436 570 819 480
1153 855 226 914 970 1089 667 1343 955 571 847 1071 0 732 411 942 1017 1045 1042 1385 1322 358 867 715 90 808 906 822 929 437 1221 921 722 849 1090 1226 919 1621 465 895 622 899 1027 387 398 1372 261 1409 1065 986 824 1096 970 922 243 1339 1018 814 1075 401 1271 746 1213 899 1070 1099 902 1042 1342 1322 931 365 931 1061 964 1073 1412 1331 1131 1317 758 1493 228 1115 1035 1359 929 822
662 493 650 244 559 682 113 981 544 211 436 767 732 0 375 580 610 787 631 1023 960 589 505 353 689 226 544 411 567 371 859 559 360 487 683 864 557 996 304 225 211 229 813 467 446 842 684 805 774 624 155 690 300 511 531 977 656 403 757 453 601 335 851 229 708 608 491 680 672 652 520 595 520 650 294 711 742 969 461 955 396 862 585 549 628 997 259 411
800 547 329 557 614 737 465 1035 599 214 491 822 411 375 0 634 664 826 685 1078 1014 368 560 408 368 579 598 466 621 446 913 614 414 541 737 918 611 1310 108 539 265 542 808 396 407 1064 363 1101 828 679 468 744 614 565 210 1031 710 458 811 410 914 389 905 542 762 747 546 735 986 965 574 374 575 704 608 765 1055 1023 775 1009 450 1176 264 762 682 1052 572 465
485 127 860 763 397 422 671 676 567 470 476 286 942 580 634 0 350 260 491 718 655 899 114 265 900 784 289 451 312 928 554 183 289 212 422 558 163 954 563 744 404 747 367 927 939 704 895 742 281 319 673 429 712 401 742 671 221 503 215 942 604 435 546 748 273 432 381 139 675 655 534 906 585 510 813 169 745 664 544 649 209 826 796 447 368 692 750 412
231 438 935 656 173 97 700 632 343 500 273 418 1017 610 664 350 0 437 268 674 611 974 426 338 974 814 579 265 556 958 510 494 361 205 118 514 221 768 593 637 434 640 463 1002 1013 613 969 576 424 275 628 105 481 197 817 627 306 348 412 1016 372 375 502 641 358 178 195 335 444 423 310 980 361 286 706 366 513 620 313 606 456 634 870 224 64 648 519 226
573 349 963 969 485 510 877 573 655 677 564 71 1045 787 826 260 437 0 579 615 552 1002 336 470 1002 990 297 539 273 1080 451 405 493 337 510 455 285 851 770 951 610 954 152 1030 1041 601 997 639 65 332 880 517 800 489 845 568 178 659 75 1044 692 641 443 954 168 520 469 156 763 742 622 1008 673 598 1020 115 696 561 632 547 431 723 898 535 456 589 838 500
403 580 960 726 108 340 721 774 285 521 214 560 1042 631 685 491 268 579 0 816 753 999 567 479 999 835 695 240 698 979 651 636 503 346 340 656 363 839 614 708 455 711 605 1027 1039 684 994 647 566 417 699 347 552 162 842 769 448 290 554 1041 443 332 643 712 500 350 182 477 515 494 252 1005 303 36 777 508 584 761 384 747 546 705 896 286 286 790 589 270
727 724 1221 1069 638 663 1031 287 808 831 717 513 1302 940 995 635 591 532 733 0 293 1259 711 623 1260 1144 794 692 771 1288 288 779 647 490 664 121 507 398 924 1050 764 1054 430 1288 1299 343 1255 380 519 356 1033 671 894 642 1102 379 463 813 577 1302 590 795 184 1054 400 673 623 550 555 535 776 1266 827 751 1119 581 437 275 726 260 741 376 1156 689 609 331 932 653
784 781 1278 1126 695 720 1088 344 865 888 774 570 1359 997 1052 692 648 589 790 95 0 1316 768 680 1317 1201 851 749 828 1345 345 836 704 547 721 178 564 455 981 1107 821 1111 487 1345 1356 400 1312 437 576 413 1090 728 951 699 1159 436 520 870 634 1359 647 852 241 1111 457 730 680 607 612 592 833 1323 884 808 1176 638 494 332 783 317 799 434 1213 746 666 388 989 710
1110 812 246 810 927 1046 494 1300 912 528 804 1028 358 589 368 899 974 1002 999 1342 1279 0 824 672 374 634 863 779 886 263 1178 878 679 806 1047 1183 876 1563 422 792 579 795 984 213 224 1329 281 1366 1022 943 721 1053 867 879 386 1296 975 771 1032 227 1167 703 1170 796 1027 1056 859 999 1239 1218 888 36 888 1018 861 1030 1308 1288 1028 1274 715 1429 182 1072 992 1316 825 779
561 52 786 688 473 498 596 752 569 396 462 363 867 505 560 114 426 336 567 794 731 824 0 190 825 709 215 437 237 853 630 108 214 258 498 634 239 1030 489 669 329 672 444 853 864 780 820 818 357 395 598 505 744 477 667 747 297 429 291 867 680 360 622 673 349 508 457 215 751 731 545 831 545 586 738 245 821 740 620 726 134 902 721 523 444 768 703 436
473 252 633 536 385 410 444 664 417 244 309 450 715 353 408 339 338 470 479 706 643 672 264 0 673 557 303 284 326 701 542 318 96 170 410 546 239 942 337 517 177 520 496 701 712 692 668 730 457 307 446 417 592 384 515 659 339 276 444 715 592 208 534 521 390 420 364 368 663 643 393 679 393 498 586 398 733 652 532 638 154 814 569 435 356 680 550 284
1110 813 242 871 928 1047 683 1301 913 528 805 1028 90 689 368 900 974 1002 999 1343 1280 374 825 673 0 824 864 780 886 453 1178 879 679 806 1047 1183 876 1579 422 853 579 856 984 403 414 1329 277 1367 1022 944 782 1054 928 879 200 1296 975 772 1032 417 1228 703 1171 857 1027 1057 860 1000 1300 1279 888 381 889 1018 922 1030 1369 1289 1089 1274 715 1451 244 1072 992 1317 886 780
865 697 696 448 763 886 158 1185 748 415 640 971 808 226 579 784 814 990 835 1227 1164 634 709 557 824 0 748 615 771 416 1063 763 563 690 886 1067 760 1200 508 429 415 432 1016 513 491 1045 730 1009 977 828 358 893 504 715 735 1180 859 607 960 498 804 538 1055 433 911 812 695 884 876 855 724 641 724 853 498 915 945 1173 665 1159 599 1066 631 753 832 1201 462 615
715 202 824 727 623 652 635 835 608 435 500 323 906 544 598 289 579 297 695 877 814 863 215 303 864 748 0 475 58 892 713 269 309 431 652 717 407 1113 527 708 368 711 404 891 903 864 859 901 317 478 637 659 783 575 706 830 381 467 251 906 834 399 705 712 433 662 555 278 905 884 584 870 584 714 777 237 958 823 774 809 173 985 760 677 598 851 741 475
401 424 741 594 168 337 502 733 161 302 65 519 822 411 466 451 265 539 240 775 712 779 437 284 780 615 475 0 498 759 611 490 291 306 338 615 323 869 395 575 235 578 565 808 819 715 775 678 526 376 504 345 582 141 622 728 408 141 513 822 474 176 603 579 460 347 146 437 545 524 129 786 163 259 644 467 615 721 414 707 327 735 676 317 283 749 609 66
692 225 847 749 603 628 657 812 631 457 523 299 929 567 621 312 556 273 698 854 791 886 237 326 886 771 58 498 0 915 690 291 332 454 629 694 384 1090 550 731 390 734 380 914 926 840 881 878 293 455 660 636 806 598 729 807 357 490 228 928 810 421 682 734 409 638 578 255 882 861 607 892 607 716 800 214 934 800 751 785 196 962 783 654 574 828 764 498
1010 841 325 592 907 1030 276 1329 892 559 784 1106 437 371 446 928 958 1080 979 1371 1308 263 853 701 453 416 892 759 915 0 1207 907 708 835 1031 1211 905 1344 500 573 559 577 1062 142 120 1189 359 1153 1101 972 502 1038 648 859 464 1324 1004 751 1105 127 949 683 1199 577 1056 956 839 1028 1020 999 868 270 868 998 642 1059 1090 1317 809 1303 743 1210 260 897 976 1345 607 759
786 797 1294 1008 712 737 1104 420 882 904 791 587 1376 1014 1068 709 665 606 806 296 233 1333 785 697 1333 1218 868 766 845 1362 0 853 721 564 737 270 581 537 997 990 838 993 504 1361 1373 282 1328 320 593 430 981 744 833 716 1176 495 537 886 651 1376 530 869 197 993 473 733 696 624 495 474 849 1339 900 825 1059 655 376 408 665 394 815 404 1230 674 683 516 871 727
503 335 717 619 415 440 527 694 500 327 393 480 798 436 491 398 368 500 510 736 673 755 347 119 756 640 386 368 409 784 572 0 143 200 441 577 270 972 420 600 260 603 526 784 795 723 751 760 487 337 529 447 675 419 598 689 369 360 474 798 622 291 564 604 421 450 399 398 694 673 476 762 476 528 669 428 763 682 563 668 238 844 652 466 386 710 634 367
497 258 640 542 409 434 450 688 424 250 316 474 722 360 414 345 361 493 503 730 667 679 271 96 679 563 309 291 332 708 566 324 0 194 434 570 263 966 343 523 183 527 519 707 718 716 674 754 480 331 452 441 598 390 521 683 363 283 468 721 616 214 558 527 414 444 371 391 687 666 399 685 400 522 592 422 757 676 556 662 161 838 575 459 380 704 557 290
340 323 767 669 252 277 577 531 422 377 331 317 849 487 541 235 205 337 346 573 510 806 311 170 806 690 437 306 455 835 409 379 194 0 277 413 106 809 470 651 310 654 363 834 846 559 801 597 324 174 580 284 567 256 649 526 206 410 311 848 459 341 401 654 257 287 236 235 530 510 389 812 440 365 720 265 600 519 399 505 288 681 703 302 223 547 605 267
304 511 1008 728 246 191 773 705 416 573 346 491 1090 683 737 422 118 510 340 747 684 1047 499 410 1047 886 652 338 629 1031 582 567 434 277 0 587 294 840 666 710 506 713 536 1075 1086 686 1042 649 497 348 701 198 553 270 889 700 379 421 485 1089 445 447 574 713 431 251 268 408 516 496 383 1053 434 359 779 439 586 693 385 678 529 707 943 296 89 721 591 299
650 647 1144 992 561 587 954 210 731 754 640 436 1226 864 918 558 514 455 656 280 217 1183 634 546 1183 1067 717 615 694 1211 211 703 570 413 587 0 430 440 847 974 687 977 354 1211 1222 266 1178 304 443 279 956 594 817 565 1025 345 386 736 500 1225 513 718 107 977 323 596 546 474 479 458 699 1189 750 675 1043 504 360 198 649 184 665 387 1079 612 532 366 855 576
357 252 837 739 268 294 647 548 439 447 348 311 919 557 611 163 221 285 363 590 527 876 239 239 876 760 407 323 384 905 426 308 263 106 294 430 0 826 540 720 380 724 379 904 915 576 871 614 305 191 650 301 584 273 718 543 222 443 239 918 476 411 418 724 274 304 253 163 547 526 406 882 457 382 790 194 617 536 416 522 334 698 772 319 240 564 622 284
700 1042 1539 922 744 840 1087 605 914 1146 844 832 1621 996 1310 954 768 851 839 547 484 1563 1030 942 1579 1200 1113 869 1090 1344 606 1098 966 809 840 440 826 0 1239 904 1083 907 749 1441 1419 386 1573 424 838 675 895 847 748 768 1421 697 782 919 896 1427 444 961 448 908 718 647 788 869 460 440 881 1569 932 857 973 900 481 593 580 579 1060 189 1475 588 786 649 785 876
729 476 383 486 543 666 394 965 528 143 420 751 465 304 108 563 593 770 614 1007 943 422 489 337 422 508 527 395 550 500 842 543 343 470 666 847 540 1239 0 468 194 471 796 450 461 993 417 1030 757 608 397 673 543 494 264 960 639 387 740 464 843 318 834 471 691 676 475 664 915 894 503 428 504 633 537 694 984 952 704 938 379 1105 318 691 611 981 501 394
569 657 814 74 613 709 316 1124 708 375 600 931 895 225 539 744 637 951 708 999 936 792 669 517 853 429 708 575 731 573 1023 723 523 651 710 974 720 904 468 0 375 60 977 670 649 749 848 712 938 788 124 716 208 638 695 1140 820 567 920 656 508 499 900 65 871 516 655 844 580 559 684 798 684 726 124 875 649 1112 369 1097 559 770 749 457 655 1161 166 575
569 317 540 393 383 506 301 805 368 101 260 591 622 211 265 404 434 610 455 847 784 579 329 177 579 415 368 235 390 559 683 383 183 310 506 687 380 1083 194 375 0 378 636 607 619 833 574 871 597 448 304 513 450 335 422 800 479 227 580 621 688 158 675 378 531 516 315 504 759 739 344 585 344 473 444 535 829 793 611 779 219 950 476 531 452 821 408 235
572 660 817 71 616 713 319 1127 711 378 603 934 899 229 542 747 640 954 711 1002 939 795 672 520 856 432 711 578 734 577 1026 726 527 654 713 977 724 907 471 60 378 0 980 673 652 752 851 716 941 791 127 720 211 641 698 1143 823 570 924 659 511 502 903 62 875 519 658 847 583 562 687 801 687 730 121 878 652 1115 372 1101 562 773 752 460 658 1164 170 578
599 456 945 995 511 536 903 471 681 703 590 178 1027 813 808 367 463 152 605 513 450 984 444 496 984 1016 404 565 380 1062 349 512 519 363 536 354 379 749 796 977 636 980 0 1012 1023 500 979 537 172 230 906 543 826 515 826 467 204 685 182 1026 718 667 341 980 141 546 495 263 712 692 648 990 699 624 1046 222 594 459 658 445 538 621 880 561 482 487 864 526
1107 840 275 689 956 1075 372 1329 940 556 833 1056 387 467 396 927 1002 1030 1027 1371 1307 213 853 701 403 513 891 808 914 142 1206 907 707 834 1075 1211 904 1441 450 670 607 673 1012 0 52 1286 309 1250 1050 972 599 1082 745 907 414 1324 1003 800 1060 55 1046 731 1198 674 1055 1053 888 1028 1117 1096 916 219 916 1046 739 1058 1187 1316 906 1302 743 1307 210 994 1020 1345 704 807
1085 852 286 667 967 1086 351 1340 952 567 844 1068 398 446 407 939 1013 1041 1039 1382 1319 224 864 712 414 491 903 819 926 120 1218 918 718 846 1086 1222 915 1419 461 649 619 652 1023 52 0 1265 320 1228 1062 983 578 1093 724 919 426 1335 1015 811 1072 42 1024 742 1210 652 1066 1031 899 1039 1095 1075 928 231 928 1057 718 1070 1165 1328 885 1314 754 1286 221 973 1032 1356 682 819
545 793 1290 768 589 685 932 416 759 900 689 582 1372 842 1064 704 613 601 684 291 228 1329 780 692 1329 1045 864 715 840 1189 357 849 716 559 686 266 576 386 993 749 833 752 500 1286 1265 0 1324 168 589 425 740 693 593 614 1171 491 532 764 646 1272 289 806 193 753 469 492 633 620 254 233 727 1335 778 702 818 650 181 404 425 390 811 252 1225 433 631 512 631 721
1105 808 72 866 923 1042 590 1296 908 523 800 1023 261 684 363 895 969 997 994 1338 1275 281 820 668 277 730 859 775 881 359 1173 874 674 801 1042 1178 871 1573 417 848 574 851 979 309 320 1324 0 1362 1017 939 777 1049 923 874 381 1291 970 767 1027 323 1223 698 1165 852 1022 1052 855 995 1295 1274 883 287 884 1013 917 1025 1364 1284 1084 1269 710 1446 150 1067 987 1312 881 774
509 831 1327 731 553 649 895 454 723 938 652 620 1409 805 1101 742 576 639 647 329 266 1366 818 730 1367 1009 901 678 878 1153 395 886 754 597 649 304 614 424 1030 712 871 716 537 1250 1228 168 1362 0 626 463 704 656 556 577 1209 529 570 728 684 1235 252 770 230 716 506 455 596 657 217 197 690 1373 741 666 782 688 144 442 388 427 848 290 1263 396 595 550 594 684
560 369 983 956 472 497 864 560 642 664 551 91 1065 774 828 281 424 65 566 602 539 1022 357 457 1022 977 317 526 293 1101 438 425 480 324 497 443 305 838 757 938 597 941 172 1050 1062 589 1017 626 0 319 867 504 787 476 865 555 165 646 95 1064 679 628 430 941 155 507 456 176 750 730 609 1028 660 585 1007 135 683 548 619 534 451 710 919 522 443 576 825 487
411 408 904 807 322 347 715 397 492 515 401 313 986 624 679 319 275 332 417 439 376 943 395 307 944 828 478 376 455 972 275 463 331 174 348 279 191 675 608 788 448 791 230 972 983 425 939 463 319 0 717 354 638 326 786 392 205 496 311 986 529 479 267 792 199 357 307 234 601 580 460 950 510 435 857 265 520 385 470 371 425 547 840 373 293 413 676 337
560 586 743 143 604 700 245 1074 637 304 529 860 824 155 468 673 628 880 699 990 927 721 598 446 782 358 637 504 660 502 952 652 452 580 701 956 650 895 397 124 304 127 906 599 578 740 777 704 867 717 0 708 199 604 624 1069 749 496 850 585 499 428 891 128 801 507 584 773 571 550 613 727 613 718 193 804 640 1062 360 1048 488 761 678 448 646 1090 158 504
311 518 1015 735 252 30 780 711 422 580 352 498 1096 690 744 429 105 517 347 754 690 1053 505 417 1054 893 659 345 636 1038 589 574 441 284 198 594 301 847 673 716 513 720 543 1082 1093 693 1049 656 504 354 708 0 560 277 896 707 386 428 491 1096 452 454 581 720 438 257 275 415 523 503 390 1060 441 366 786 446 593 699 392 685 535 713 950 303 143 728 598 306
413 732 889 227 457 553 391 967 627 450 557 781 970 300 614 712 481 800 552 843 780 867 744 592 928 504 783 582 806 648 872 798 598 567 553 817 584 748 543 208 450 211 826 745 724 593 923 556 787 638 199 560 0 481 770 990 669 632 775 731 352 574 744 212 721 360 501 698 424 403 594 873 645 570 277 729 493 955 213 941 634 614 824 301 499 1011 148 589
333 490 840 656 68 270 601 683 186 401 115 469 922 511 565 401 197 489 162 725 662 879 477 384 879 715 575 141 598 859 561 546 390 256 270 565 273 768 494 638 335 641 515 907 919 614 874 577 476 326 604 277 481 0 722 678 358 191 463 921 373 233 553 641 410 280 59 387 444 424 153 885 204 181 707 417 514 671 313 657 426 635 776 216 216 699 519 127
952 655 347 714 770 889 622 1143 755 370 647 871 243 531 210 742 817 845 842 1185 1122 386 667 515 200 735 706 622 729 464 1021 721 521 649 889 1025 718 1421 264 695 422 698 826 414 426 1171 381 1209 865 786 624 896 770 722 0 1138 818 614 875 428 1070 546 1013 699 869 899 702 842 1142 1121 731 392 731 860 764 873 1211 1131 931 1117 557 1293 282 914 835 1159 728 622
763 760 1257 1159 674 700 1067 266 844 867 753 549 1339 977 1031 671 627 568 769 505 442 1296 747 659 1296 1180 830 728 807 1324 340 816 683 526 700 345 543 697 960 1140 800 1143 467 1324 1335 491 1291 529 555 392 1069 707 990 678 1138 0 499 849 613 1338 739 831 332 1144 436 709 659 587 704 683 812 1302 863 788 1209 617 585 254 822 240 778 612 1192 725 645 144 1028 689
442 310 936 838 354 379 746 504 524 546 433 159 1018 656 710 221 306 178 448 546 483 975 297 339 975 859 381 408 357 1004 382 366 363 206 379 386 222 782 639 820 479 823 204 1003 1015 532 970 570 165 205 749 386 669 358 818 499 0 528 213 1017 561 510 374 823 99 389 338 137 632 612 491 981 542 467 889 167 627 492 501 478 392 654 872 404 325 520 707 369
484 416 733 586 218 420 494 853 202 294 115 640 814 403 458 503 348 659 290 896 832 771 429 276 772 607 467 141 490 751 731 482 283 410 421 736 443 919 387 567 227 570 685 800 811 764 767 728 646 496 496 428 632 191 614 849 528 0 633 814 523 103 723 571 580 430 210 557 595 574 179 778 178 308 636 588 664 841 464 827 319 785 668 367 366 870 601 187
548 304 993 939 459 484 847 618 629 647 538 101 1075 757 811 215 412 75 554 660 597 1032 291 441 1032 960 251 513 228 1105 496 359 465 311 485 500 239 896 740 920 580 924 182 1060 1072 646 1027 684 95 311 850 491 775 463 875 613 213 633 0 1074 666 611 488 924 215 494 444 110 738 717 596 1038 647 572 990 70 741 606 607 592 385 768 929 510 430 634 812 474
1092 855 289 674 970 1089 358 1343 955 570 847 1070 401 453 410 942 1016 1044 1041 1385 1322 227 867 715 417 498 906 822 928 127 1221 921 721 848 1089 1225 918 1427 464 656 621 659 1026 55 42 1272 323 1235 1064 986 585 1096 731 921 428 1338 1017 814 1074 0 1031 745 1213 659 1069 1039 902 1042 1103 1082 930 234 931 1060 725 1073 1172 1331 892 1316 757 1293 224 980 1035 1359 689 822
304 693 1189 527 348 445 691 664 518 750 448 672 1271 601 914 604 372 692 443 539 476 1167 680 592 1228 804 834 474 810 949 605 748 616 459 445 513 476 444 843 508 688 511 718 1046 1024 289 1223 252 679 529 499 452 352 373 1070 739 561 523 666 1031 0 565 440 512 612 251 392 590 120 99 486 1173 537 462 577 620 189 652 184 637 710 310 1124 192 390 759 390 480
510 348 664 517 260 447 425 836 244 225 157 622 746 335 389 435 375 641 332 878 815 703 360 208 703 538 399 176 421 683 714 414 214 341 447 718 411 961 318 499 158 502 667 731 742 806 698 770 628 479 428 454 574 233 546 831 510 103 611 745 565 0 706 502 562 457 252 535 637 616 221 709 220 350 568 566 706 824 506 810 250 827 599 409 393 852 532 176
637 634 1131 919 549 574 941 258 719 741 628 424 1213 851 905 546 502 443 643 206 143 1170 622 534 1171 1055 705 603 682 1199 198 690 558 401 574 107 418 448 834 900 675 903 341 1198 1210 193 1165 230 430 267 891 581 744 553 1013 332 374 723 488 1213 440 706 0 904 310 584 533 461 405 385 686 1176 737 662 969 492 287 245 576 231 652 314 1067 584 520 353 782 564
573 661 817 75 617 713 320 1127 712 379 604 935 899 229 542 748 641 954 712 1003 940 796 673 521 857 433 712 579 734 577 1027 727 527 654 713 977 724 908 471 65 378 62 980 674 652 753 852 716 941 792 128 720 212 641 699 1144 823 571 924 659 512 502 904 0 875 520 659 848 584 563 688 802 688 730 126 879 653 1115 373 1101 563 774 753 461 659 1165 170 579
494 362 988 890 405 431 798 440 575 598 484 149 1070 708 762 273 358 168 500 483 419 1027 349 390 1027 911 433 460 409 1056 318 418 414 257 431 323 274 718 691 871 531 875 141 1055 1066 469 1022 506 155 199 801 438 721 410 869 436 99 580 215 1069 612 562 310 875 0 441 390 189 681 661 543 1033 594 519 941 219 563 428 553 414 444 590 923 456 376 457 759 420
67 521 1017 535 255 250 699 714 425 583 355 500 1099 608 747 432 178 520 350 742 679 1056 508 420 1057 812 662 347 638 956 592 577 444 287 251 596 304 647 676 516 516 519 546 1053 1031 492 1052 455 507 357 507 257 360 280 899 709 389 430 494 1039 251 457 584 520 441 0 278 418 323 302 393 1063 444 368 585 448 392 702 192 688 538 513 953 115 196 730 398 308
331 470 821 674 87 268 582 664 205 382 135 450 902 491 546 381 195 469 182 706 642 859 457 364 860 695 555 146 578 839 541 526 371 236 268 546 253 788 475 655 315 658 495 888 899 633 855 596 456 307 584 275 501 59 702 659 338 210 444 902 392 252 533 659 390 278 0 367 464 443 172 866 223 200 724 398 533 651 333 637 407 654 756 236 214 680 539 107
471 227 961 863 383 408 771 591 553 571 462 182 1042 680 735 139 335 156 477 633 570 999 215 365 1000 884 278 437 255 1028 469 283 389 235 408 474 163 869 664 844 504 847 263 1028 1039 620 995 657 176 234 773 415 698 387 842 587 137 557 110 1042 590 535 461 848 189 418 367 0 661 641 520 1006 571 496 913 85 714 579 530 565 309 741 896 433 354 607 736 398
376 764 1260 598 420 516 763 629 590 822 520 744 1342 672 986 675 444 763 515 504 441 1239 751 663 1300 876 905 545 882 1020 570 820 687 530 516 479 547 460 915 580 759 583 712 1117 1095 254 1295 217 750 601 571 523 424 444 1142 704 632 595 738 1103 120 637 405 584 681 323 464 661 0 47 557 1245 608 533 649 692 154 617 256 602 782 326 1196 264 462 725 461 552
355 743 1240 578 399 495 742 608 569 801 499 723 1322 652 965 655 423 742 494 483 420 1218 731 643 1279 855 884 524 861 999 549 799 666 510 496 458 526 440 894 559 739 562 692 1096 1075 233 1274 197 730 580 550 503 403 424 1121 683 612 574 717 1082 99 616 385 563 661 302 443 641 47 0 537 1224 588 512 628 671 134 596 235 582 761 306 1175 243 441 704 441 531
446 533 849 702 181 383 610 817 61 410 103 603 931 520 574 534 310 622 252 859 795 888 545 393 888 724 584 129 607 868 694 599 399 389 383 699 406 881 503 684 344 687 648 916 928 727 883 690 609 460 613 390 594 153 731 812 491 179 596 930 486 221 686 688 543 393 172 520 557 537 0 894 79 271 753 551 627 804 426 790 435 748 785 329 329 833 632 175
1116 819 253 817 934 1053 500 1307 919 534 811 1034 365 595 374 906 980 1008 1005 1349 1286 36 831 679 381 641 870 786 892 270 1184 885 685 812 1053 1189 882 1569 428 798 585 801 990 219 231 1335 287 1373 1028 950 727 1060 873 885 392 1302 981 778 1038 234 1173 709 1176 802 1033 1063 866 1006 1245 1224 894 0 895 1024 867 1036 1314 1295 1034 1280 721 1435 188 1078 998 1323 832 785
497 533 849 703 232 434 611 867 61 411 138 654 931 520 575 585 361 673 303 910 846 888 545 393 889 724 584 163 607 868 745 599 400 440 434 750 457 932 504 684 344 687 699 916 928 778 884 741 660 510 613 441 645 204 731 863 542 178 647 931 537 220 737 688 594 444 223 571 608 588 79 895 0 322 753 602 678 855 477 841 435 798 785 380 379 884 683 209
422 599 979 745 126 359 740 792 303 540 233 578 1061 650 704 510 286 598 36 834 771 1018 586 498 1018 853 714 259 716 998 670 655 522 365 359 675 382 857 633 726 473 730 624 1046 1057 702 1013 666 585 435 718 366 570 181 860 788 467 308 572 1060 462 350 662 730 519 368 200 496 533 512 271 1024 322 0 795 526 603 780 402 766 565 723 914 305 304 808 608 289
782 869 816 267 825 922 528 1336 920 587 813 1144 928 438 751 956 849 1163 920 1211 1148 855 882 729 944 641 920 788 943 786 1235 935 736 863 922 1186 933 1116 680 267 587 264 1189 883 861 961 850 925 1150 1000 336 929 420 850 907 1353 1032 780 1133 868 721 711 1113 269 1084 728 868 1057 792 771 896 861 896 939 0 1087 862 1324 581 1310 772 982 751 669 867 1374 379 787
502 258 991 893 413 438 801 622 583 601 492 141 1073 711 765 169 366 115 508 664 601 1030 245 396 1030 915 237 467 214 1059 500 314 420 265 439 504 194 900 694 875 535 878 222 1058 1070 650 1025 688 135 265 804 446 729 417 873 617 167 588 70 1073 620 566 492 879 219 448 398 85 692 671 551 1036 602 526 944 0 745 610 561 596 340 772 927 464 384 638 767 428
445 834 1330 668 489 586 832 510 659 891 589 676 1412 742 1055 745 513 696 584 386 323 1308 821 733 1369 945 958 615 934 1090 451 889 757 600 586 360 617 481 984 649 829 652 594 1187 1165 181 1364 144 683 520 640 593 493 514 1211 585 627 664 741 1172 189 706 287 653 563 392 533 714 154 134 627 1314 678 603 718 745 0 498 325 484 851 347 1265 333 531 606 531 621
755 752 1249 1130 667 692 1060 44 837 859 746 542 1331 969 1023 664 620 561 761 418 355 1288 740 652 1289 1173 823 721 800 1317 333 808 676 519 693 198 536 593 952 1112 793 1115 459 1316 1328 404 1284 442 548 385 1062 699 955 671 1131 254 492 841 606 1331 652 824 245 1115 428 702 651 579 617 596 804 1295 855 780 1181 610 498 0 787 25 770 525 1185 717 638 275 993 682
245 633 1050 388 289 385 552 799 459 611 389 613 1131 461 775 544 313 632 384 675 612 1028 621 532 1089 665 774 414 751 809 704 689 556 399 385 649 416 580 704 369 611 372 658 906 885 425 1084 388 619 470 360 392 213 313 931 822 501 464 607 892 184 506 576 373 553 192 333 530 256 235 426 1034 477 402 438 561 325 787 0 773 651 446 985 133 331 843 251 421
741 738 1235 1116 653 678 1045 38 823 845 732 527 1317 955 1009 649 606 547 747 404 340 1274 726 638 1274 1159 809 707 785 1303 319 794 662 505 678 184 522 579 938 1097 779 1101 445 1302 1314 390 1269 427 534 371 1048 685 941 657 1117 240 478 827 592 1316 637 810 231 1101 414 688 637 565 602 582 790 1280 841 766 1167 596 484 25 773 0 756 511 1171 703 624 260 979 668
592 122 676 578 475 528 486 782 460 286 352 457 758 396 450 209 456 431 546 825 761 715 134 154 715 599 173 327 196 743 660 188 161 288 529 665 334 1060 379 559 219 562 538 743 754 811 710 848 451 425 488 535 634 426 557 778 392 319 385 757 710 250 652 563 444 538 407 309 782 761 435 721 435 565 628 340 851 770 651 756 0 932 611 554 474 799 593 326
566 914 1411 789 610 706 953 538 780 1012 710 704 1493 862 1176 826 634 723 705 413 350 1429 902 814 1451 1066 985 735 962 1210 479 970 838 681 707 387 698 189 1105 770 950 773 621 1307 1286 252 1446 290 710 547 761 713 614 635 1293 612 654 785 768 1293 310 827 314 774 590 513 654 741 326 306 748 1435 798 723 839 772 347 525 446 511 932 0 1347 454 652 633 652 742
1006 709 116 768 824 943 491 1197 809 424 701 924 228 585 264 796 870 898 896 1239 1176 182 721 569 244 631 760 676 783 260 1075 775 575 703 943 1079 772 1475 318 749 476 752 880 210 221 1225 150 1263 919 840 678 950 824 776 282 1192 872 668 929 224 1124 599 1067 753 923 953 756 896 1196 1175 785 188 785 914 818 927 1265 1185 985 1171 611 1347 0 968 889 1213 782 676
168 536 1033 476 192 296 640 730 362 598 292 516 1115 549 762 447 224 535 286 683 620 1072 523 435 1072 753 677 317 654 897 607 592 459 302 296 612 319 588 691 457 531 460 561 994 973 433 1067 396 522 373 448 303 301 216 914 725 404 367 510 980 192 409 584 461 456 115 236 433 264 243 329 1078 380 305 526 464 333 717 133 703 554 454 968 0 242 746 339 324
249 457 953 674 191 136 719 650 361 519 291 436 1035 628 682 368 64 456 286 692 629 992 444 356 992 832 598 283 574 976 528 512 380 223 89 532 240 786 611 655 452 658 482 1020 1032 631 987 595 443 293 646 143 499 216 835 645 325 366 430 1035 390 393 520 659 376 196 214 354 462 441 329 998 379 304 724 384 531 638 331 624 474 652 889 242 0 666 537 244
784 781 1278 1180 695 721 1088 287 865 888 774 570 1359 997 1052 692 648 589 790 526 463 1316 768 680 1317 1201 851 749 828 1345 361 837 704 547 721 366 564 649 981 1161 821 1164 487 1345 1356 512 1312 550 576 413 1090 728 1011 699 1159 144 520 870 634 1359 759 852 353 1165 457 730 680 607 725 704 833 1323 884 808 1230 638 606 275 843 260 799 628 1213 746 666 0 1049 710
451 690 847 185 495 591 349 1005 665 408 595 819 929 259 572 750 519 838 589 881 818 825 703 550 886 462 741 609 764 607 910 756 557 605 591 855 622 785 501 166 408 170 864 704 682 631 881 594 825 676 158 598 148 519 728 1028 707 601 812 689 390 532 782 170 759 398 539 736 461 441 632 832 683 608 236 767 531 993 251 979 593 652 782 339 537 1049 0 608
362 424 740 594 175 298 502 694 207 301 91 480 822 411 465 412 226 500 270 736 673 779 436 284 780 615 475 66 498 759 572 490 290 267 299 576 284 876 394 575 235 578 526 807 819 721 774 684 487 337 504 306 589 127 622 689 369 187 474 822 480 176 564 579 420 308 107 398 552 531 175 785 209 289 644 428 621 682 421 668 326 742 676 324 244 710 608 0
EOF