NAME : tsp_problem
TYPE : TSP
DIMENSION : 24
EDGE_WEIGHT_TYPE : EXPLICIT
EDGE_WEIGHT_FORMAT : FULL_MATRIX
EDGE_WEIGHT_SECTION
0 750 810 666 617 473 541 488 496 484 728 1010 673 1039 908 555 752 817 600 724 560 930 475 658
750 0 933 878 1054 491 722 910 811 784 1224 460 880 374 1344 922 1031 1323 666 876 258 224 1004 1356
810 933 0 269 475 486 468 371 557 529 689 884 271 914 809 668 292 788 412 267 743 865 705 1084
666 878 269 0 402 431 413 213 502 475 616 830 92 859 735 613 342 714 357 91 688 810 561 1010
617 1054 475 402 0 607 578 267 533 521 247 1005 409 1035 367 592 217 346 533 459 864 986 513 642
473 491 486 431 607 0 276 463 365 337 778 581 433 611 897 475 741 876 219 429 301 562 558 1079
541 722 468 413 578 276 0 445 122 94 749 723 415 752 869 232 713 848 91 411 532 703 316 932
488 910 371 213 267 463 445 0 403 392 438 862 220 891 557 463 317 536 389 271 720 842 383 832
496 811 557 502 533 365 122 403 0 65 704 812 505 842 823 132 668 802 180 500 621 792 270 886
484 784 529 475 521 337 94 392 65 0 692 784 477 814 812 175 656 791 152 473 594 765 258 875
728 1224 689 616 247 778 749 438 704 692 0 1176 623 1206 367 763 434 158 704 674 1034 1157 683 454
1010 460 884 830 1005 581 723 862 812 784 1176 0 832 119 1296 922 944 1275 667 828 674 354 1005 1571
673 880 271 92 409 433 415 220 505 477 623 832 0 861 742 615 349 721 359 93 690 812 569 1018
1039 374 914 859 1035 611 752 891 842 814 1206 119 861 0 1325 952 973 1304 696 857 587 267 1035 1600
908 1344 809 735 367 897 869 557 823 812 367 1296 742 1325 0 883 553 254 823 793 1154 1276 803 662
555 922 668 613 592 475 232 463 132 175 763 922 615 952 883 0 727 862 291 611 732 903 329 945
752 1031 292 342 217 741 713 317 668 656 434 944 349 973 553 727 0 532 667 400 997 924 647 829
827 1323 788 714 346 876 848 536 802 791 158 1275 721 1304 254 862 532 0 802 772 1133 1255 782 434
600 666 412 357 533 219 91 389 180 152 704 667 359 696 823 291 667 802 0 355 476 647 374 990
669 825 457 402 449 378 360 305 449 422 619 777 404 806 739 560 583 718 304 0 635 757 565 1014
560 258 743 688 864 301 532 720 621 594 1034 674 690 587 1154 732 997 1133 476 686 0 437 814 1166
930 224 865 810 986 562 703 842 792 765 1157 354 812 267 1276 903 924 1255 647 808 437 0 986 1536
475 1004 705 562 513 558 316 383 270 258 683 1005 569 1035 803 329 647 782 374 619 814 986 0 865
658 1356 1084 1010 642 1079 932 832 886 875 454 1571 1018 1600 662 945 829 434 990 1068 1166 1536 865 0
EOF