NAME : tsp_problem
TYPE : TSP
DIMENSION : 82
EDGE_WEIGHT_TYPE : EXPLICIT
EDGE_WEIGHT_FORMAT : FULL_MATRIX
EDGE_WEIGHT_SECTION
0 1029 1008 763 685 1147 236 298 201 1490 1162 179 864 327 266 1031 322 904 1193 790 100 734 991 966 1193 829 73 1330 954 854 170 393 160 921 1025 1134 318 1005 1017 1299 912 1354 1334 1029 1066 926 1258 160 1201 785 863 1031 844 745 300 1389 985 766 1052 1290 838 1034 572 590 1009 982 852 904 1065 713 1322 1287 1295 342 389 774 1210 1187 333 967 915 1240
1029 0 88 800 481 359 995 1057 877 893 374 1016 412 1087 1025 434 1082 326 404 539 1067 929 510 504 405 866 999 541 236 256 1136 738 1037 495 105 345 1078 523 419 511 593 565 736 210 469 307 470 1013 413 390 900 626 881 457 1059 600 387 562 454 502 340 437 835 483 412 198 350 267 467 750 533 498 507 1091 685 810 421 398 861 109 318 452
1008 88 0 780 461 309 975 1037 857 872 324 996 392 1066 1005 413 1061 305 355 518 1046 908 490 484 355 846 979 492 216 236 1116 717 1017 475 84 295 1057 503 399 461 573 516 689 254 448 350 420 993 363 370 880 605 861 437 1039 551 367 542 434 452 320 416 814 463 391 149 329 247 447 730 483 448 457 1071 665 790 372 349 841 89 362 402
763 800 780 0 456 918 605 539 612 783 905 750 586 821 598 707 581 675 964 513 801 355 712 689 965 122 733 1101 726 625 871 423 771 643 796 905 571 726 692 1070 635 1125 626 800 742 697 1029 747 972 557 156 324 137 467 574 1160 660 489 524 1061 609 506 261 387 685 890 574 676 537 164 1093 1058 778 518 589 115 981 958 596 738 686 1012
685 481 461 456 0 615 651 713 533 959 630 672 397 743 681 500 738 249 661 324 723 585 524 500 662 523 655 798 299 322 792 394 693 455 477 602 734 538 485 767 446 822 802 374 535 271 726 669 669 130 556 692 538 278 715 857 453 300 520 758 183 503 491 139 478 571 385 249 533 407 790 755 764 748 341 467 678 655 518 419 260 709
1147 359 309 918 615 0 1113 1175 996 1011 192 1134 530 1205 1143 552 1200 573 222 657 1185 1047 628 622 180 985 1117 237 484 374 1255 856 1155 613 289 84 1196 642 538 207 712 261 557 522 587 618 288 1131 231 637 1018 744 1000 576 1178 296 505 681 573 198 588 555 953 601 530 320 468 514 586 869 229 316 325 1210 803 929 117 216 980 359 629 148
236 995 975 605 651 1113 0 100 167 1332 1128 352 830 294 68 998 124 870 1159 756 273 536 957 933 1160 671 206 1296 921 820 343 360 333 887 991 1100 120 971 983 1265 879 1320 1176 995 1033 892 1224 220 1167 752 705 873 686 711 102 1355 951 732 1018 1256 804 1001 374 556 976 948 818 871 1031 555 1288 1253 1262 144 355 616 1176 1153 326 933 881 1207
298 1057 1037 539 713 1175 100 0 229 1266 1190 414 892 356 93 1060 76 932 1221 819 335 471 1019 995 1222 606 268 1358 983 882 405 422 395 949 1053 1162 66 1033 1045 1327 941 1382 1110 1057 1095 954 1286 282 1229 814 640 808 621 773 69 1417 1013 795 1008 1318 866 990 309 618 1038 1010 880 933 1021 490 1350 1315 1261 79 417 550 1238 1215 388 995 943 1269
201 877 857 612 533 996 167 229 0 1338 1011 318 712 259 197 880 254 752 1041 639 239 665 840 815 1042 678 171 1178 803 702 308 242 298 770 873 982 250 853 865 1148 761 1202 1182 877 915 774 1107 185 1050 634 712 880 693 593 231 1237 833 615 901 1139 686 883 503 438 858 830 700 753 914 562 1170 1135 1144 273 237 622 1058 1035 209 816 763 1089
1490 893 872 783 959 1011 1332 1266 1338 0 906 1477 645 1494 1325 708 1308 917 997 742 1528 1082 713 707 998 763 1460 1193 837 687 1597 1150 1498 698 888 997 1298 727 693 1163 797 1218 627 936 743 1032 1122 1474 1005 981 797 517 778 777 1301 1244 661 766 525 1154 931 507 988 945 686 982 670 858 538 819 1185 1081 779 1245 1147 770 1074 991 1323 831 1043 1100
1162 374 324 905 630 192 1128 1190 1011 906 0 1149 545 1220 1159 567 1215 588 125 672 1200 1062 643 637 126 885 1132 374 499 389 1270 871 1171 629 304 178 1211 657 553 344 727 391 399 537 602 633 286 1146 134 653 919 639 900 591 1193 382 520 696 588 335 603 570 968 617 545 336 483 529 601 884 366 219 167 1225 819 891 255 119 995 374 645 228
179 1016 996 750 672 1134 352 414 318 1477 1149 0 851 444 383 1019 439 891 1180 777 189 851 978 953 1181 817 190 1317 942 841 258 381 67 908 1012 1121 435 992 1004 1286 900 1341 1321 1016 1054 913 1245 277 1188 773 850 1019 832 732 417 1376 972 753 1039 1277 825 1022 689 577 997 969 839 891 1052 701 1309 1274 1282 459 376 761 1197 1174 199 954 902 1228
864 412 392 586 397 530 830 892 712 645 545 851 0 922 860 265 916 436 576 141 901 715 164 142 577 624 834 713 356 207 971 524 872 97 408 517 912 177 250 682 195 737 488 455 300 551 641 848 584 497 658 378 639 146 894 772 218 165 285 673 451 268 621 328 242 502 89 377 298 536 705 670 640 877 530 596 593 570 696 350 563 624
743 1503 1482 1237 1159 1621 709 772 675 1910 1636 860 1338 0 740 1505 796 1377 1667 1264 781 1208 1465 1440 1667 1187 714 1803 1428 1328 851 867 840 1395 1499 1607 792 1478 1491 1773 1386 1828 1754 1503 1540 1400 1732 727 1675 1259 1186 1452 1187 1219 774 1863 1459 1240 1526 1764 1312 1508 1046 1064 1483 1455 1326 1378 1539 1187 1795 1760 1769 816 863 1247 1684 1661 834 1441 1389 1714
266 1025 1005 598 681 1143 68 93 197 1325 1159 383 860 324 0 1028 117 900 1189 787 304 529 987 963 1190 664 236 1326 951 850 373 390 363 918 1021 1130 113 1001 1013 1295 909 1350 1169 1025 1063 922 1254 250 1197 782 698 866 679 741 95 1385 981 763 1048 1286 834 1031 367 586 1006 978 848 901 1061 549 1318 1283 1292 137 385 609 1206 1183 356 963 911 1237
1031 434 413 707 500 552 998 1060 880 708 567 1019 265 1090 1028 0 1084 458 598 362 1069 887 333 327 599 687 1002 735 378 228 1139 696 1040 318 430 539 1080 347 68 704 417 759 552 477 50 573 663 1016 606 522 721 441 702 318 1062 794 72 386 247 695 472 229 793 486 63 523 211 399 260 708 727 692 700 1049 688 694 615 592 864 372 585 646
322 1082 1061 581 738 1200 124 76 254 1308 1215 439 916 380 117 1084 0 956 1246 843 360 512 1044 1019 1246 647 293 1382 1007 906 430 446 419 974 1077 1186 52 1057 1070 1352 965 1407 1151 1082 1119 979 1311 306 1254 838 681 849 662 798 52 1442 1038 819 1049 1343 891 1031 350 643 1062 1034 904 957 1062 531 1374 1339 1303 120 442 591 1263 1240 413 1020 968 1293
848 397 376 619 316 515 814 876 696 858 530 835 378 906 844 399 901 0 561 487 886 748 476 470 561 686 818 697 327 222 955 557 856 461 392 501 897 489 385 667 559 722 702 440 434 536 626 832 569 417 719 591 701 423 878 757 353 463 420 658 421 402 654 302 377 486 315 348 433 570 689 654 663 911 504 630 578 555 681 335 546 608
1193 404 355 964 661 222 1159 1221 1041 997 125 1180 576 1251 1189 598 1246 619 0 703 1231 1093 674 668 97 977 1163 405 529 420 1300 902 1201 659 335 182 1242 687 583 374 757 346 491 567 633 664 317 1177 38 683 1010 730 992 621 1223 337 551 726 618 365 633 601 999 647 576 366 514 560 631 914 397 174 259 1255 849 974 239 35 1025 404 675 199
790 539 518 513 324 657 756 819 639 742 672 777 141 848 787 362 843 542 703 0 828 641 238 214 703 579 761 840 483 333 898 450 799 169 535 643 839 252 348 809 159 864 586 582 397 565 768 774 711 424 613 475 594 123 821 899 316 77 383 800 477 365 547 254 340 628 216 504 396 463 831 796 737 804 456 523 720 697 623 477 553 750
100 1067 1046 801 723 1185 273 335 239 1528 1200 189 901 365 304 1069 360 941 1231 828 0 772 1029 1004 1231 867 111 1367 992 892 104 431 169 959 1062 1171 356 1042 1055 1337 950 1392 1371 1067 1104 964 1296 198 1239 823 901 1069 882 783 338 1427 1023 804 1090 1328 876 1072 610 628 1047 1019 889 942 1103 751 1359 1324 1333 380 427 811 1248 1225 342 1005 953 1278
734 929 908 355 585 1047 536 471 665 1082 1062 851 715 792 529 887 512 803 1093 641 772 0 842 817 1093 421 704 1229 854 754 842 552 831 772 924 1033 502 856 872 1199 763 1254 926 929 922 826 1158 718 1101 685 455 623 436 596 505 1289 840 617 823 1190 738 805 192 515 864 1018 703 804 836 305 1221 1186 1077 449 717 366 1110 1087 724 867 815 1140
991 510 490 712 524 628 957 1019 840 713 643 978 164 1049 987 333 1044 534 674 238 1029 842 0 58 675 693 961 811 454 305 1099 651 999 91 506 615 1040 31 319 780 293 835 557 553 368 649 739 975 682 598 726 446 708 274 1022 870 286 262 354 771 549 336 748 455 311 600 240 475 367 664 803 768 708 1005 657 699 691 668 824 448 661 722
966 504 484 689 500 622 933 995 815 707 637 953 142 1024 963 327 1019 528 668 214 1004 817 58 0 669 687 937 805 448 299 1074 626 975 66 500 609 1015 72 312 774 268 829 551 547 362 643 733 950 676 592 720 440 702 249 997 864 280 237 348 765 543 330 723 430 305 594 218 469 361 639 797 762 702 980 632 693 685 662 799 442 655 716
1193 405 355 965 662 180 1160 1222 1042 998 126 1181 577 1252 1190 599 1246 620 97 703 1231 1093 675 669 0 977 1164 362 530 421 1301 902 1202 660 336 125 1242 688 584 332 758 362 491 568 634 664 318 1178 105 684 1011 731 992 622 1224 353 552 727 619 323 634 601 999 648 576 367 515 561 632 915 354 190 259 1256 850 975 182 91 1026 405 676 142
829 866 846 122 523 985 671 606 678 763 885 817 624 770 664 687 647 741 977 579 867 421 693 687 977 0 800 1167 792 667 937 489 838 678 862 971 637 706 673 1137 701 1191 607 867 722 764 1096 814 985 623 74 305 63 534 640 1223 641 555 505 1128 676 487 327 453 665 956 640 742 518 158 1159 1061 758 584 655 109 1047 971 662 805 752 1078
73 999 979 733 655 1117 206 268 171 1460 1132 190 834 298 236 1002 293 874 1163 761 111 704 961 937 1164 800 0 1300 925 824 180 364 170 891 995 1104 289 975 987 1269 883 1324 1304 999 1037 896 1228 131 1171 756 833 1002 815 715 270 1359 955 737 1022 1260 808 1005 542 560 980 952 822 875 1035 684 1292 1257 1266 312 359 744 1180 1157 330 937 885 1211
1330 541 492 1101 798 237 1296 1358 1178 1193 374 1317 713 1388 1326 735 1382 756 405 840 1367 1229 811 805 362 1167 1300 0 666 557 1437 1038 1338 796 472 267 1378 824 720 177 894 168 739 704 770 800 470 1314 413 820 1201 926 1182 758 1360 159 688 863 755 167 770 738 1136 784 713 503 651 697 768 1051 199 260 507 1392 986 1111 225 399 1162 541 812 256
954 236 216 726 299 484 921 983 803 837 499 942 356 1012 951 378 1007 144 529 483 992 854 454 448 530 792 925 666 0 200 1062 663 963 439 232 470 1003 468 363 636 538 690 680 168 413 264 595 939 538 208 826 570 807 401 985 725 331 507 398 627 158 381 760 409 356 326 294 85 411 676 658 623 632 1017 611 736 546 523 787 175 275 577
854 256 236 625 322 374 820 882 702 687 389 841 207 912 850 228 906 280 420 333 892 754 305 299 421 667 824 557 200 0 961 563 862 290 252 361 902 318 214 526 388 581 531 299 263 395 485 838 428 344 701 420 682 252 884 616 182 357 249 517 295 231 660 308 206 346 144 221 262 575 549 514 522 916 510 635 437 414 686 194 407 468
170 1136 1116 871 792 1255 343 405 308 1597 1270 258 971 435 373 1139 430 1011 1300 898 104 842 1099 1074 1301 937 180 1437 1062 961 0 501 238 1029 1132 1241 426 1112 1124 1407 1020 1461 1441 1136 1174 1033 1366 268 1309 893 971 1139 952 852 407 1496 1092 874 1160 1397 945 1142 679 697 1117 1089 959 1012 1173 821 1429 1394 1403 449 496 881 1317 1294 411 1075 1022 1348
393 738 717 423 394 856 360 422 242 1150 871 381 524 451 390 696 446 612 902 450 431 552 651 626 902 489 364 1038 663 563 501 0 402 581 734 842 442 665 681 1008 572 1063 994 738 731 635 967 378 910 494 523 691 504 405 424 1098 649 426 716 999 547 699 458 324 673 827 512 613 729 373 1030 995 1004 466 255 434 919 896 226 676 624 949
160 1037 1017 771 693 1155 333 395 298 1498 1171 67 872 424 363 1040 419 912 1201 799 169 831 999 975 1202 838 170 1338 963 862 238 402 0 930 1033 1142 415 1013 1025 1307 921 1362 1342 1037 1075 934 1266 257 1209 794 871 1040 853 753 397 1397 993 775 1060 1298 846 1043 669 598 1018 990 860 913 1073 722 1330 1295 1304 439 397 782 1218 1195 220 975 923 1249
921 495 475 643 455 613 887 949 770 698 629 908 97 979 918 318 974 519 659 169 959 772 91 66 660 678 891 796 439 290 1029 581 930 0 491 600 970 104 304 765 223 820 542 538 353 634 724 905 667 555 712 431 693 204 952 855 271 192 339 756 534 321 678 385 296 585 173 460 352 594 788 753 693 935 587 654 676 653 754 433 646 707
1025 105 84 796 477 289 991 1053 873 888 304 1012 408 1083 1021 430 1077 322 335 535 1062 924 506 500 336 862 995 472 232 252 1132 734 1033 491 0 276 1073 519 415 441 589 496 670 270 465 366 400 1009 343 386 896 621 877 453 1055 531 383 558 450 432 336 433 831 479 408 129 346 263 463 746 464 429 438 1087 681 806 352 329 857 105 378 383
1134 345 295 905 602 84 1100 1162 982 997 178 1121 517 1192 1130 539 1186 560 182 643 1171 1033 615 609 125 971 1104 267 470 361 1241 842 1142 600 276 0 1182 628 524 236 698 291 543 508 574 604 274 1118 190 624 1005 730 986 562 1164 326 492 667 559 227 574 542 940 588 516 307 455 501 572 855 259 276 311 1196 790 915 147 176 966 345 616 168
318 1078 1057 571 734 1196 120 66 250 1298 1211 435 912 376 113 1080 52 952 1242 839 356 502 1040 1015 1242 637 289 1378 1003 902 426 442 415 970 1073 1182 0 1053 1066 1348 961 1403 1141 1078 1115 975 1307 302 1250 834 671 839 652 794 46 1438 1034 815 1039 1339 887 1021 340 639 1058 1030 900 953 1052 521 1370 1335 1293 110 438 581 1259 1236 409 1016 964 1289
1005 523 503 726 538 642 971 1033 853 727 657 992 177 1063 1001 347 1057 547 687 252 1042 856 31 72 688 706 975 824 468 318 1112 665 1013 104 519 628 1053 0 332 794 306 848 570 567 382 663 753 989 696 612 740 460 721 287 1035 884 300 276 367 785 562 349 762 469 324 613 253 489 380 677 816 781 722 1018 671 712 704 681 837 462 674 735
1017 419 399 692 485 538 983 1045 865 693 553 1004 250 1075 1013 68 1070 443 583 348 1055 872 319 312 584 673 987 720 363 214 1124 681 1025 304 415 524 1066 332 0 690 402 744 537 462 84 558 648 1001 592 508 707 426 688 304 1047 779 57 372 233 680 458 215 778 471 76 509 196 385 246 694 712 677 686 1035 673 679 600 577 850 357 570 631
1299 511 461 1070 767 207 1265 1327 1148 1163 344 1286 682 1357 1295 704 1352 725 374 809 1337 1199 780 774 332 1137 1269 177 636 526 1407 1008 1307 765 441 236 1348 794 690 0 864 201 709 674 739 770 440 1283 383 789 1170 896 1152 728 1330 236 657 833 725 137 740 707 1105 754 682 472 620 666 738 1021 168 363 477 1362 956 1081 195 368 1132 511 781 225
912 593 573 635 446 712 879 941 761 797 727 900 195 970 909 417 965 617 757 159 950 763 293 268 758 701 883 894 538 388 1020 572 921 223 589 698 961 306 402 864 0 918 640 637 452 687 823 897 766 546 735 530 716 203 943 953 370 183 437 855 599 419 669 376 394 683 271 559 450 585 886 851 792 926 578 645 774 751 745 532 676 805
1354 565 516 1125 822 261 1320 1382 1202 1218 391 1341 737 1412 1350 759 1407 780 346 864 1392 1254 835 829 362 1191 1324 168 690 581 1461 1063 1362 820 496 291 1403 848 744 201 918 0 756 728 794 825 494 1338 354 844 1225 951 1206 782 1384 96 712 887 779 167 794 762 1160 808 737 527 675 721 792 1075 176 197 524 1416 1010 1135 249 340 1186 565 836 280
1334 736 689 626 802 557 1176 1110 1182 627 399 1321 488 1337 1169 552 1151 760 491 586 1371 926 557 551 491 607 1304 739 680 531 1441 994 1342 542 670 543 1141 570 537 709 640 746 0 779 587 876 651 1318 499 825 641 360 622 621 1145 737 505 610 369 700 775 351 832 788 529 701 513 702 382 662 731 574 272 1088 990 613 620 485 1166 675 887 593
1029 210 254 800 374 522 995 1057 877 936 537 1016 455 1087 1025 477 1082 257 567 582 1067 929 553 547 568 867 999 704 168 299 1136 738 1037 538 270 508 1078 567 462 674 637 728 779 0 512 137 633 1013 576 321 900 669 882 500 1059 764 430 606 497 665 272 480 835 483 455 241 393 198 511 751 696 661 670 1092 685 811 585 562 862 213 148 615
1066 469 448 742 535 587 1033 1095 915 743 602 1054 300 1125 1063 50 1119 493 633 397 1104 922 368 362 634 722 1037 770 413 263 1174 731 1075 353 465 574 1115 382 84 739 452 794 587 512 0 608 698 1051 641 557 756 476 737 353 1097 829 107 421 282 730 507 264 828 521 93 558 246 434 295 743 762 727 735 1084 723 729 650 627 899 407 620 681
926 307 350 697 271 618 892 954 774 1032 633 913 551 984 922 573 979 353 664 565 964 826 649 643 664 764 896 800 264 395 1033 635 934 634 366 604 975 663 558 770 687 825 876 137 608 0 729 910 672 254 797 765 779 519 956 860 526 541 594 761 307 576 732 380 551 337 489 294 607 648 792 757 766 989 582 708 681 658 759 309 48 711
1239 451 401 908 708 269 1206 1268 1088 909 111 1227 623 1297 1236 644 1292 665 203 749 1277 1139 721 715 203 889 1210 452 576 467 1347 948 1248 706 382 256 1288 734 630 421 804 458 403 614 679 710 0 1224 211 730 923 642 904 668 1270 449 598 773 651 412 680 633 1045 694 622 413 560 607 664 944 444 287 171 1302 896 895 332 197 1072 451 722 306
160 1013 993 747 669 1131 220 282 185 1474 1146 277 848 312 250 1016 306 888 1177 774 198 718 975 950 1178 814 131 1314 939 838 268 378 257 905 1009 1118 302 989 1001 1283 897 1338 1318 1013 1051 910 1242 0 1185 770 847 1016 829 729 284 1373 969 750 1036 1274 822 1019 556 574 994 966 836 888 1049 698 1306 1271 1279 326 373 758 1194 1171 344 951 899 1225
1201 413 363 972 669 231 1167 1229 1050 1005 134 1188 584 1259 1197 606 1254 627 38 711 1239 1101 682 676 105 985 1171 413 538 428 1309 910 1209 667 343 190 1250 696 592 383 766 354 499 576 641 672 325 1185 0 691 1019 738 1000 630 1232 346 559 735 627 374 642 609 1007 656 584 374 522 568 640 923 405 183 267 1264 858 983 247 43 1034 413 683 207
785 390 370 557 130 636 752 814 634 979 651 773 497 843 782 521 838 157 682 424 823 685 597 591 683 623 756 819 208 343 893 494 794 555 386 623 834 610 506 788 546 843 823 321 556 254 747 770 690 0 657 712 638 379 816 878 474 400 541 779 92 523 591 240 498 480 436 158 554 507 811 776 784 848 442 567 699 676 618 328 243 730
863 900 880 156 556 1018 705 640 712 797 919 850 658 770 698 721 681 775 1010 613 901 455 726 720 1011 74 833 1201 826 701 971 523 871 712 896 1005 671 740 707 1170 735 1225 641 900 756 797 1129 847 1019 657 0 339 74 567 674 1257 674 589 538 1161 709 521 361 487 699 990 674 776 551 192 1193 1094 792 618 689 143 1081 1004 696 838 786 1112
1031 626 605 324 692 744 873 808 880 517 639 1019 378 1035 866 441 849 650 730 475 1069 623 446 440 731 305 1002 926 570 420 1139 691 1040 431 621 730 839 460 426 896 530 951 360 669 476 765 855 1016 738 714 339 0 320 510 842 977 394 499 258 887 664 240 529 655 419 715 403 591 271 360 918 814 512 786 857 311 807 724 864 564 776 833
844 881 861 137 538 1000 686 621 693 778 900 832 639 770 679 702 662 756 992 594 882 436 708 702 992 63 815 1182 807 682 952 504 853 693 877 986 652 721 688 1152 716 1206 622 882 737 779 1111 829 1000 638 74 320 0 549 655 1238 656 570 520 1143 691 502 342 468 680 971 655 757 533 173 1174 1076 773 599 670 124 1062 986 677 820 767 1093
745 457 437 467 278 576 711 773 593 777 591 732 146 803 741 318 798 481 621 123 783 596 274 249 622 534 715 758 401 252 852 405 753 204 453 562 794 287 304 728 203 782 621 500 353 519 687 729 630 379 567 510 549 0 775 817 272 147 339 719 431 321 502 209 296 547 134 423 352 418 750 715 724 759 411 478 638 615 578 396 508 669
300 1059 1039 574 715 1178 102 69 231 1301 1193 417 894 358 95 1062 52 934 1223 821 338 505 1022 997 1224 640 270 1360 985 884 407 424 397 952 1055 1164 46 1035 1047 1330 943 1384 1145 1059 1097 956 1288 284 1232 816 674 842 655 775 0 1419 1015 797 1042 1320 868 1024 343 620 1040 1012 882 935 1055 524 1352 1317 1296 113 419 585 1240 1217 390 997 945 1271
1389 600 551 1160 857 296 1355 1417 1237 1253 382 1376 772 1447 1385 794 1442 815 337 899 1427 1289 870 864 353 1226 1359 159 725 616 1496 1098 1397 855 531 326 1438 884 779 236 953 96 747 764 829 860 529 1373 346 879 1260 986 1241 817 1419 0 747 922 814 159 829 797 1195 843 772 562 710 756 827 1110 168 189 515 1451 1045 1171 284 331 1221 600 871 315
985 387 367 660 453 505 951 1013 833 661 520 972 218 1043 981 72 1038 411 551 316 1023 840 286 280 552 641 955 688 331 182 1092 649 993 271 383 492 1034 300 57 657 370 712 505 430 107 526 616 969 559 475 674 394 656 272 1015 747 0 339 200 648 426 183 746 439 50 477 164 352 213 662 680 645 654 1003 641 647 568 545 817 325 538 599
766 562 542 489 300 681 732 795 615 766 696 753 165 824 763 386 819 518 726 77 804 617 262 237 727 555 737 863 507 357 874 426 775 192 558 667 815 276 372 833 183 887 610 606 421 541 792 750 735 400 589 499 570 147 797 922 339 0 407 824 453 389 523 230 364 652 240 519 420 439 855 820 761 780 432 499 743 720 599 501 530 774
1052 454 434 524 520 573 1018 1008 901 525 588 1039 285 1110 1048 247 1049 478 618 383 1090 823 354 348 619 505 1022 755 398 249 1160 716 1060 339 450 559 1039 367 233 725 437 779 369 497 282 594 684 1036 627 543 538 258 520 339 1042 814 200 407 0 716 493 19 729 506 225 544 231 420 27 560 747 712 520 986 708 511 635 612 885 393 605 666
1290 502 452 1061 758 198 1256 1318 1139 1154 335 1277 673 1348 1286 695 1343 716 365 800 1328 1190 771 765 323 1128 1260 167 627 517 1397 999 1298 756 432 227 1339 785 680 137 855 167 700 665 730 761 431 1274 374 780 1161 887 1143 719 1320 159 648 824 716 0 731 698 1096 744 673 463 611 657 729 1012 159 260 468 1353 946 1072 186 359 1123 502 772 216
838 340 320 609 183 588 804 866 686 931 603 825 451 896 834 472 891 108 633 477 876 738 548 542 634 676 808 770 158 294 945 547 846 534 336 574 887 562 458 740 599 794 775 272 507 307 699 822 642 92 709 664 691 431 868 829 426 453 493 731 0 475 644 292 450 430 388 108 506 560 762 727 736 901 494 620 650 627 671 278 296 681
1034 437 416 506 503 555 1001 990 883 507 570 1022 268 1092 1031 229 1031 461 601 365 1072 805 336 330 601 487 1005 738 381 231 1142 699 1043 321 433 542 1021 349 215 707 419 762 351 480 264 576 666 1019 609 525 521 240 502 321 1024 797 183 389 19 698 475 0 712 489 207 526 214 402 32 542 730 695 502 968 691 493 618 595 867 375 587 648
572 835 814 261 491 953 374 309 503 988 968 689 621 630 367 793 350 710 999 547 610 192 748 723 999 327 542 1136 760 660 679 458 669 678 831 940 340 762 778 1105 669 1160 832 835 828 732 1064 556 1007 591 361 529 342 502 343 1195 746 523 729 1096 644 712 0 422 771 924 609 710 742 212 1128 1093 983 287 624 272 1016 993 630 773 721 1046
590 483 463 387 139 601 556 618 438 945 617 577 328 648 586 486 643 358 647 254 628 515 455 430 648 453 560 784 409 308 697 324 598 385 479 588 639 469 471 754 376 808 788 483 521 380 712 574 656 240 487 655 468 209 620 843 439 230 506 744 292 489 422 0 464 573 316 359 520 337 776 741 750 662 246 397 664 641 423 421 369 695
1009 412 391 685 478 530 976 1038 858 686 545 997 242 1067 1006 63 1062 436 576 340 1047 864 311 305 576 665 980 713 356 206 1117 673 1018 296 408 516 1058 324 76 682 394 737 529 455 93 551 641 994 584 500 699 419 680 296 1040 772 50 364 225 673 450 207 771 464 0 501 189 377 238 686 704 669 678 1027 666 671 593 570 842 350 562 623
982 198 149 890 571 320 948 1010 830 982 336 969 502 1040 978 523 1034 415 366 628 1019 1018 600 594 367 956 952 503 326 346 1089 827 990 585 129 307 1030 613 509 472 683 527 701 241 558 337 431 966 374 480 990 715 971 547 1012 562 477 652 544 463 430 526 924 573 501 0 439 357 557 840 495 460 469 1054 673 900 383 360 814 199 349 414
852 350 329 574 385 468 818 880 700 670 483 839 89 910 848 211 904 374 514 216 889 703 240 218 515 640 822 651 294 144 959 512 860 173 346 455 900 253 196 620 271 675 513 393 246 489 579 836 522 438 674 403 655 134 882 710 164 240 231 611 388 214 609 316 189 439 0 315 244 524 643 608 616 865 518 584 531 508 684 288 500 561
904 267 247 676 249 514 871 933 753 858 529 891 377 962 901 399 957 94 560 504 942 804 475 469 561 742 875 697 85 221 1012 613 913 460 263 501 953 489 385 666 559 721 702 198 434 294 625 888 568 158 776 591 757 423 935 756 352 519 420 657 108 402 710 359 377 357 315 0 433 626 689 654 663 967 561 686 577 554 737 205 306 608
1065 467 447 537 533 586 1031 1021 914 538 601 1052 298 1123 1061 260 1062 491 631 396 1103 836 367 361 632 518 1035 768 411 262 1173 729 1073 352 463 572 1052 380 246 738 450 792 382 511 295 607 697 1049 640 556 551 271 533 352 1055 827 213 420 27 729 506 32 742 520 238 557 244 433 0 573 760 725 533 999 722 524 648 625 898 406 618 679
713 750 730 164 407 869 555 490 562 819 884 701 536 772 549 708 531 625 914 463 751 305 664 639 915 158 684 1051 676 575 821 373 722 594 746 855 521 677 694 1021 585 1075 662 751 743 648 980 698 923 507 192 360 173 418 524 1110 662 439 560 1012 560 542 212 337 686 840 524 626 573 0 1043 1008 814 468 539 151 931 908 546 689 636 962
1322 533 483 1093 790 229 1288 1350 1170 1185 366 1309 705 1380 1318 727 1374 748 397 831 1359 1221 803 797 354 1159 1292 199 658 549 1429 1030 1330 788 464 259 1370 816 712 168 886 176 731 696 762 792 462 1306 405 812 1193 918 1174 750 1352 168 680 855 747 159 762 730 1128 776 704 495 643 689 760 1043 0 269 499 1384 978 1103 217 391 1154 533 804 248
1287 498 448 1058 755 316 1253 1315 1135 1091 219 1274 670 1345 1283 692 1339 713 174 796 1324 1186 768 762 190 1070 1257 260 623 514 1394 995 1295 753 429 276 1335 781 677 363 851 197 584 661 727 757 411 1271 183 777 1104 824 1085 715 1317 189 645 820 712 260 727 695 1093 741 669 460 608 654 725 1008 269 0 352 1349 943 1068 333 169 1119 498 769 293
1295 507 457 778 764 325 1262 1261 1144 779 167 1282 640 1353 1292 700 1303 721 259 737 1333 1077 708 702 259 758 1266 507 632 522 1403 1004 1304 693 438 311 1293 722 686 477 792 514 272 670 735 766 419 1279 267 786 792 512 773 724 1296 505 654 761 520 468 736 502 983 750 678 469 616 663 533 814 499 343 0 1240 952 765 388 253 1128 507 778 362
342 1091 1071 518 748 1210 144 79 273 1245 1225 459 877 400 137 1049 120 966 1255 804 380 449 1005 980 1256 584 312 1392 1017 916 449 466 439 935 1087 1196 110 1018 1035 1362 926 1416 1088 1092 1084 989 1321 326 1264 848 618 786 599 759 113 1451 1003 780 986 1353 901 968 287 662 1027 1054 865 967 999 468 1384 1349 1240 0 461 528 1272 1249 433 1030 977 1303
389 685 665 589 341 803 355 417 237 1147 819 376 530 447 385 688 442 560 849 456 427 717 657 632 850 655 359 986 611 510 496 255 397 587 681 790 438 671 673 956 578 1010 990 685 723 582 914 373 858 442 689 857 670 411 419 1045 641 432 708 946 494 691 624 246 666 673 518 561 722 539 978 943 952 461 0 599 866 843 222 623 571 897
774 810 790 115 467 929 616 550 622 770 891 761 596 832 609 694 591 685 974 523 811 366 699 693 975 109 744 1111 736 635 881 434 782 654 806 915 581 712 679 1081 645 1135 613 811 729 708 1040 758 983 567 143 311 124 478 585 1171 647 499 511 1072 620 493 272 397 671 900 584 686 524 151 1103 1067 765 528 599 0 991 969 606 749 696 1022
1210 421 372 981 678 117 1176 1238 1058 1074 255 1197 593 1268 1206 615 1263 636 239 720 1248 1110 691 685 182 1047 1180 225 546 437 1317 919 1218 676 352 147 1259 704 600 195 774 249 620 585 650 681 350 1194 247 700 1081 807 1062 638 1240 284 568 743 635 186 650 618 1016 664 593 383 531 577 648 931 217 333 388 1272 866 991 0 233 1042 421 692 93
1187 398 349 958 655 216 1153 1215 1035 991 119 1174 570 1245 1183 592 1240 613 35 697 1225 1087 668 662 91 971 1157 399 523 414 1294 896 1195 653 329 176 1236 681 577 368 751 340 485 562 627 658 311 1171 43 677 1004 724 986 615 1217 331 545 720 612 359 627 595 993 641 570 360 508 554 625 908 391 169 253 1249 843 969 233 0 1019 398 669 193
333 861 841 596 518 980 326 388 209 1323 995 199 696 418 356 864 413 736 1025 623 342 724 824 799 1026 662 330 1162 787 686 411 226 220 754 857 966 409 837 850 1132 745 1186 1166 862 899 759 1091 344 1034 618 696 864 677 578 390 1221 817 599 885 1123 671 867 630 423 842 814 684 737 898 546 1154 1119 1128 433 222 606 1042 1019 0 800 747 1073
967 109 89 738 419 359 933 995 816 831 374 954 350 1025 963 372 1020 264 404 477 1005 867 448 442 405 805 937 541 175 194 1075 676 975 433 105 345 1016 462 357 511 532 565 675 213 407 309 470 951 413 328 838 564 820 396 997 600 325 501 393 502 278 375 773 421 350 199 288 205 406 689 533 498 507 1030 623 749 421 398 800 0 320 452
915 318 362 686 260 629 881 943 763 1043 645 902 563 973 911 585 968 361 675 553 953 815 661 655 676 752 885 812 275 407 1022 624 923 646 378 616 964 674 570 781 676 836 887 148 620 48 740 899 683 243 786 776 767 508 945 871 538 530 605 772 296 587 721 369 562 349 500 306 618 636 804 769 778 977 571 696 692 669 747 320 0 723
1240 452 402 1012 709 148 1207 1269 1089 1100 228 1228 624 1299 1237 646 1293 666 199 750 1278 1140 722 716 142 1078 1211 256 577 468 1348 949 1249 707 383 168 1289 735 631 225 805 280 593 615 681 711 381 1225 207 731 1112 833 1093 669 1271 315 599 774 666 216 681 648 1046 695 623 414 561 608 679 962 248 293 362 1303 897 1022 93 193 1073 452 723 0
EOF