NAME : tsp_problem
TYPE : TSP
DIMENSION : 32
EDGE_WEIGHT_TYPE : EXPLICIT
EDGE_WEIGHT_FORMAT : FULL_MATRIX
EDGE_WEIGHT_SECTION
0 714 182 316 188 612 600 795 799 382 528 1030 598 608 327 290 320 582 934 326 452 845 348 367 398 309 559 955 730 381 634 495
714 0 856 534 800 693 1143 137 141 468 1070 850 575 380 686 649 580 1125 593 511 513 358 707 478 554 668 331 775 109 740 610 623
182 856 0 400 149 652 639 938 941 466 567 1101 741 751 469 433 463 622 1006 469 595 988 491 451 540 451 702 1026 873 523 747 638
316 534 400 0 334 885 873 615 619 95 801 850 784 429 512 476 469 855 754 400 401 666 534 80 584 495 380 775 550 566 820 512
188 800 149 334 0 758 746 882 885 361 674 1116 728 695 456 420 450 728 1021 456 582 932 477 346 527 438 646 1041 817 510 763 625
612 693 652 887 758 0 584 689 692 864 565 1471 236 1017 597 561 561 602 1231 643 653 995 619 874 465 579 968 1396 674 651 271 695
600 1143 639 874 746 594 0 1224 1228 852 218 1459 718 1037 756 719 749 86 1363 755 881 1274 777 861 827 738 988 1384 1159 810 689 925
795 137 938 615 882 689 1224 0 65 550 1152 932 571 461 682 645 645 1206 675 593 594 439 703 559 549 664 413 857 118 736 606 705
799 141 941 619 885 692 1228 65 0 554 1155 935 574 465 685 649 649 1210 679 597 598 443 707 563 553 668 416 860 122 739 610 708
382 468 466 95 361 864 852 550 554 0 780 784 763 363 491 455 404 834 689 335 336 600 513 107 562 473 314 709 485 545 798 446
528 1070 567 802 674 565 218 1152 1155 780 0 1386 690 965 683 647 677 201 1291 683 809 1202 705 789 754 665 916 1311 1087 737 661 852
1030 850 1101 850 1116 1471 1459 932 935 784 1386 0 1369 507 1098 1061 945 1441 348 876 878 824 1119 794 1169 1080 582 276 867 1152 1405 988
598 575 741 786 728 236 708 571 574 763 690 1369 0 899 479 443 443 727 1113 525 535 877 501 773 347 461 850 1294 556 533 153 577
608 380 751 429 695 1017 1037 461 465 363 965 507 899 0 632 595 475 1020 412 406 407 512 653 373 703 614 112 432 396 686 934 518
327 686 469 514 456 597 756 682 685 491 683 1098 479 632 0 98 247 738 1002 253 341 869 60 501 256 99 583 1023 667 189 515 384
290 649 433 477 420 561 719 645 649 455 647 1061 443 595 98 0 210 701 966 216 305 832 120 464 220 81 546 986 630 115 478 348
320 580 463 469 450 561 749 645 649 404 677 945 443 475 247 210 0 731 850 96 147 712 268 413 318 229 426 870 597 301 478 189
582 1125 622 857 728 612 86 1206 1210 834 201 1441 737 1020 738 701 731 0 1345 737 864 1257 759 844 809 720 971 1366 1141 792 708 907
934 593 1006 754 1021 1231 1363 675 679 689 1291 348 1113 412 1002 966 850 1345 0 781 782 528 1024 698 1074 985 487 273 610 1056 1148 893
326 511 469 400 456 643 755 593 597 335 683 876 525 406 253 216 96 737 781 0 153 643 274 344 324 235 357 801 528 307 560 222
452 513 595 401 582 653 881 594 598 336 809 878 535 407 341 305 147 864 782 153 0 644 363 345 413 324 358 802 529 396 570 147
845 358 988 666 932 995 1274 439 443 600 1202 824 877 512 869 832 712 1257 528 643 644 0 890 610 856 851 463 749 375 923 912 755
348 707 491 535 477 619 777 703 707 513 705 1119 501 653 60 120 268 759 1024 274 363 890 0 522 277 76 604 1044 688 210 536 406
367 478 451 80 346 874 861 559 563 107 789 794 773 373 501 464 413 844 698 344 345 610 522 0 572 483 324 719 494 555 808 456
398 554 540 585 527 465 827 549 553 562 754 1169 347 703 256 220 318 809 1074 324 413 856 277 572 0 238 654 1094 535 310 382 455
309 668 451 496 438 579 738 664 668 473 665 1080 461 614 99 81 229 720 985 235 324 851 76 483 238 0 565 1005 649 171 497 366
559 331 702 380 646 968 988 413 416 314 916 582 850 112 583 546 426 971 487 357 358 463 604 324 654 565 0 507 348 637 886 469
955 775 1026 775 1041 1396 1384 857 860 709 1311 276 1294 432 1023 986 870 1366 273 801 802 749 1044 719 1094 1005 507 0 792 1077 1330 913
730 109 873 550 817 674 1159 118 122 485 1087 867 556 396 667 630 597 1141 610 528 529 375 688 494 535 649 348 792 0 721 591 640
381 740 523 568 510 651 810 736 739 545 737 1152 533 686 189 115 301 792 1056 307 396 923 210 555 310 171 637 1077 721 0 569 438
634 610 747 821 763 271 679 606 610 798 661 1405 153 934 515 478 478 698 1148 560 570 912 536 808 382 497 886 1330 591 569 0 613
495 623 638 512 625 695 925 705 708 446 852 988 577 518 384 348 189 907 893 222 147 755 406 456 455 366 469 913 640 438 613 0
EOF