NAME : tsp_problem
TYPE : TSP
DIMENSION : 56
EDGE_WEIGHT_TYPE : EXPLICIT
EDGE_WEIGHT_FORMAT : FULL_MATRIX
EDGE_WEIGHT_SECTION
0 263 943 819 408 430 711 960 714 393 893 617 807 751 851 626 136 207 474 799 423 804 930 509 592 736 775 485 291 405 666 498 243 529 840 318 251 601 1027 429 939 951 87 742 666 560 416 519 472 947 731 905 469 887 976 932
263 0 838 608 280 257 500 854 609 220 788 512 702 646 640 520 168 219 369 588 250 594 719 298 381 525 564 380 186 232 572 292 242 424 629 213 157 507 922 256 729 845 224 648 543 349 243 308 378 842 626 694 259 782 870 827
943 838 0 1274 1088 1064 978 50 862 1027 184 665 471 329 1306 665 823 773 524 1254 1057 1259 1384 964 1042 1191 1230 519 687 1040 1379 757 745 788 1294 665 969 1314 118 1063 1394 125 878 1377 924 1011 1051 974 1115 323 879 1360 924 171 352 309
832 621 1287 0 623 660 705 1304 919 638 1237 1010 1200 1095 303 1019 763 814 808 284 668 132 475 503 587 310 240 878 773 650 446 568 830 765 334 750 673 429 1371 659 392 1295 819 250 819 555 661 475 602 1291 936 480 404 1231 1320 1276
408 280 1088 685 0 62 577 1104 462 228 1038 621 811 895 717 630 339 391 609 665 258 595 795 375 458 602 641 634 440 240 339 369 427 566 705 466 248 274 1172 61 805 1095 395 415 620 426 251 384 145 999 479 771 335 1032 986 1077
430 257 1064 662 62 0 553 1081 499 205 1014 658 848 872 693 667 361 412 585 641 235 632 772 351 434 578 618 610 416 217 376 345 448 543 682 443 270 311 1148 23 782 1072 417 452 596 402 228 361 182 1037 516 748 312 1008 1023 1054
711 500 978 692 577 553 0 994 798 516 927 701 890 785 724 709 599 549 498 672 546 678 803 228 148 609 648 568 463 528 868 445 520 258 713 441 551 804 1062 552 813 985 654 795 395 185 539 263 675 981 815 779 343 922 1010 967
960 854 50 1290 1104 1081 994 0 878 1044 200 682 487 345 1322 682 839 789 540 1270 1074 1276 1401 980 1059 1207 1246 535 704 1056 1395 773 761 804 1311 681 985 1331 99 1080 1411 141 895 1393 941 1027 1067 990 1131 340 895 1377 941 187 368 325
714 609 862 1094 462 499 798 878 0 666 812 277 467 670 1062 285 594 544 552 1043 695 891 1204 783 862 1011 999 404 458 678 635 577 516 608 1093 436 629 570 946 498 1151 869 649 711 744 830 689 793 370 655 67 1180 744 806 642 791
393 220 1027 625 228 205 516 1044 666 0 977 705 895 835 656 714 324 375 548 604 148 610 735 314 397 541 581 573 379 130 542 308 411 506 645 406 233 478 1111 204 745 1035 380 619 559 365 77 324 349 1031 683 711 275 971 1060 1017
893 788 184 1224 1038 1014 927 200 812 977 0 715 570 187 1256 723 773 723 474 1204 1007 1209 1334 913 992 1141 1180 469 637 989 1329 707 694 738 1244 615 918 1264 268 1013 1344 99 828 1327 874 960 1000 923 1064 423 829 1310 874 270 452 408
617 512 665 997 621 658 701 682 277 705 715 0 230 573 1029 52 497 447 455 977 735 982 1107 686 765 914 953 307 361 718 794 480 419 511 1017 339 643 729 749 657 1117 706 552 870 647 733 729 696 529 419 294 1083 647 609 405 554
807 702 471 1187 811 848 890 487 467 895 570 230 0 536 1218 230 686 637 645 1166 925 1172 1297 876 955 1103 1143 496 551 907 983 669 608 700 1207 529 832 919 555 847 1307 512 742 1060 837 923 918 886 719 224 484 1273 837 415 211 359
751 646 329 1082 895 872 785 345 670 835 187 573 536 0 1113 581 630 581 331 1061 865 1067 1192 771 850 998 1038 326 495 847 1186 564 552 595 1102 473 776 1122 413 871 1202 245 686 1184 732 818 858 781 922 389 687 1168 732 329 418 374
851 640 1306 396 717 693 724 1322 1072 656 1256 1029 1218 1113 0 1037 782 833 827 243 686 285 197 522 605 329 198 897 791 669 599 587 849 784 293 769 691 582 1390 692 114 1313 837 403 838 573 680 494 755 1309 1089 221 423 1250 1338 1295
626 520 665 1005 630 667 709 682 285 714 723 52 230 581 1037 0 505 456 464 985 744 991 1116 695 774 922 961 315 370 726 802 488 427 519 1026 348 651 738 749 666 1126 706 561 878 656 742 737 705 538 419 302 1092 656 609 405 554
136 168 823 750 339 361 599 839 594 324 773 497 686 630 782 505 0 86 353 730 354 735 860 439 523 667 706 365 171 336 597 378 122 409 770 197 182 533 907 360 870 830 91 674 545 491 347 449 404 826 611 836 400 767 855 812
207 219 773 801 391 412 549 789 544 375 723 447 637 581 833 456 86 0 304 781 405 786 911 491 574 718 757 315 121 387 649 328 73 359 821 148 233 584 857 411 921 781 142 725 496 542 398 501 455 777 561 887 451 717 805 762
474 369 524 795 609 585 498 540 552 548 474 455 645 331 827 464 353 304 0 775 578 780 905 484 563 712 751 323 218 560 900 278 275 309 815 196 499 836 608 584 915 531 409 898 445 531 571 494 706 527 569 881 445 468 556 513
799 588 1254 360 665 641 672 1270 1043 604 1204 977 1166 1061 243 985 730 781 775 0 634 257 337 470 553 182 73 844 739 616 570 535 796 732 87 717 639 554 1338 640 331 1261 785 374 785 521 627 442 726 1257 1060 313 370 1198 1286 1243
423 250 1057 655 258 235 546 1074 695 148 1007 735 925 865 686 744 354 405 578 634 0 640 765 344 427 571 611 603 409 62 572 338 441 535 675 436 263 508 1141 234 775 1065 409 648 589 395 171 354 379 1061 712 741 305 1001 1090 1046
926 715 1380 470 791 768 799 1397 1146 731 1330 1103 1293 1188 213 1112 856 907 901 317 761 0 384 597 680 403 273 971 866 743 673 661 923 858 367 844 766 657 1464 767 301 1388 912 478 912 648 754 568 830 1384 1163 408 497 1324 1413 1370
930 719 1384 491 795 772 803 1401 1204 735 1334 1107 1297 1192 197 1116 860 911 905 337 765 456 0 600 684 249 368 975 870 747 770 665 927 862 314 848 770 754 1468 771 107 1392 916 574 916 652 758 572 893 1388 1221 116 501 1328 1417 1374
509 298 964 490 375 351 228 980 783 314 913 686 876 771 522 695 439 491 484 470 344 475 600 0 109 407 446 554 449 326 666 245 506 287 511 427 349 601 1048 350 610 971 495 593 341 77 337 60 472 967 800 576 140 907 996 953
592 381 1042 574 458 434 148 1059 862 397 992 765 955 850 605 774 523 574 563 553 427 559 684 109 0 490 530 633 528 410 749 326 585 284 594 506 432 685 1126 433 694 1050 578 676 338 73 421 144 556 1046 879 660 224 986 1075 1032
736 525 1191 297 602 578 609 1207 1011 541 1141 914 1103 998 329 922 667 718 712 182 571 282 249 407 490 0 174 781 676 553 596 472 734 669 159 654 576 579 1275 577 322 1198 722 400 722 458 564 379 700 1194 1028 225 307 1135 1223 1180
775 564 1230 322 641 618 648 1246 999 581 1180 953 1143 1038 198 961 706 757 751 73 611 212 368 446 530 174 0 821 716 593 525 511 773 708 123 693 615 509 1314 617 287 1238 761 330 762 498 604 418 682 1234 1016 343 347 1174 1263 1219
485 380 519 865 634 610 568 535 404 573 469 307 496 326 897 315 365 315 323 844 603 850 975 554 633 781 821 0 229 585 921 347 286 379 885 207 510 856 603 609 985 526 420 968 515 601 596 564 656 522 421 951 515 463 551 508
291 186 687 760 440 416 463 704 458 379 637 361 551 495 791 370 171 121 218 739 409 745 870 449 528 676 716 229 0 391 731 242 92 273 780 63 316 667 771 415 880 695 226 807 410 496 402 459 538 691 475 846 410 631 720 676
405 232 1040 637 240 217 528 1056 678 130 989 718 907 847 669 726 336 387 560 616 62 622 747 326 410 553 593 585 391 0 555 321 423 518 657 418 245 490 1123 216 757 1047 392 631 571 378 153 336 361 1043 695 723 287 983 1072 1029
666 572 1379 663 339 376 868 1395 635 542 1329 794 983 1186 589 802 597 649 900 570 572 418 760 666 749 596 525 921 731 555 0 660 684 857 620 758 506 145 1463 375 677 1386 653 238 911 717 565 676 318 1172 652 765 627 1323 1159 1308
498 292 757 555 369 345 447 773 577 308 707 480 669 564 587 488 378 328 278 535 338 540 665 245 328 472 511 347 242 321 660 0 299 278 575 220 343 596 841 344 675 764 433 658 414 296 332 255 467 760 594 641 205 701 789 746
243 242 745 817 427 448 520 761 516 411 694 419 608 552 849 427 122 73 275 796 441 802 927 506 585 734 773 286 92 423 684 299 0 331 837 119 269 620 829 447 937 752 178 761 467 553 434 516 491 748 533 903 467 689 777 734
529 424 788 751 564 541 258 804 608 504 738 511 700 595 782 519 409 359 309 730 534 736 861 287 284 667 707 379 273 516 856 233 331 0 771 251 539 791 872 540 871 795 464 853 166 252 527 322 662 791 625 837 401 732 820 777
840 629 1294 401 705 682 713 1311 1093 645 1244 1017 1207 1102 293 1026 770 821 815 87 675 306 314 511 594 159 123 885 780 657 620 575 837 772 0 758 680 603 1378 681 381 1302 826 424 826 562 668 482 776 1298 1110 290 411 1238 1327 1284
318 213 665 737 466 443 441 681 436 406 615 339 529 473 769 348 197 148 196 717 436 723 848 427 506 654 693 207 63 418 758 220 119 251 758 0 343 693 749 442 858 673 253 834 388 474 429 437 564 669 453 824 388 609 697 654
251 157 969 659 248 270 551 985 629 233 918 643 832 776 691 651 182 233 499 639 263 645 770 349 432 576 615 510 316 245 506 343 269 540 680 343 0 442 1053 269 780 976 238 582 594 400 256 359 313 972 646 746 310 912 1001 958
601 507 1314 646 274 311 804 1331 570 478 1264 729 919 1122 573 738 533 584 836 554 508 401 744 601 685 579 509 856 667 490 145 596 620 793 603 693 442 0 1398 310 661 1322 588 221 847 653 501 611 253 1107 587 749 562 1258 1094 1243
1027 922 118 1358 1172 1148 1062 99 946 1111 268 749 555 413 1390 749 907 857 608 1338 1141 1343 1468 1048 1126 1275 1314 603 771 1123 1463 841 829 872 1378 749 1053 1398 0 1147 1478 209 962 1461 1008 1094 1134 1057 1198 407 963 1444 1008 255 436 393
429 256 1063 661 61 23 552 1080 498 204 1013 657 847 871 692 666 360 411 584 640 234 631 771 350 433 577 617 609 415 216 375 344 447 542 681 442 269 310 1147 0 781 1071 416 451 595 401 227 360 181 1036 515 747 311 1007 1022 1052
939 729 1394 484 805 782 813 1411 1160 745 1344 1117 1307 1202 114 1126 870 921 915 331 775 374 107 610 694 322 287 985 880 757 687 675 937 872 381 858 780 671 1478 781 0 1402 926 491 926 662 768 582 843 1398 1177 131 511 1338 1427 1383
951 845 125 1282 1095 1072 985 141 869 1035 99 706 512 245 1313 706 830 781 531 1261 1065 1267 1392 971 1050 1198 1238 526 695 1047 1386 764 752 795 1302 673 976 1322 209 1071 1402 0 886 1384 932 1018 1058 981 1122 364 886 1368 932 211 393 350
87 224 878 805 395 417 654 895 649 380 828 552 742 686 837 561 91 142 409 785 409 791 916 495 578 722 761 420 226 392 653 433 178 464 826 253 238 588 962 416 926 886 0 729 601 546 403 505 459 882 666 892 456 822 911 867
742 648 1377 467 415 452 795 1393 711 619 1327 870 1060 1184 393 878 674 725 898 374 648 222 564 593 676 400 330 968 807 631 238 658 761 855 424 834 582 221 1461 451 482 1384 729 0 909 644 642 565 394 1248 728 569 494 1321 1235 1366
477 351 736 614 427 404 446 752 555 367 685 458 648 543 645 467 356 307 256 593 397 599 724 303 386 530 570 326 221 379 719 96 278 256 634 199 402 654 819 403 734 743 412 716 0 354 390 313 525 739 572 700 264 679 768 725
560 349 1011 542 426 402 185 1027 830 365 960 733 923 818 573 742 491 542 531 521 395 527 652 77 73 458 498 601 496 378 717 294 553 252 562 474 400 653 1094 401 662 1018 546 644 306 0 389 112 524 1014 847 628 192 954 1043 1000
416 243 1051 648 251 228 539 1067 689 77 1000 729 918 858 680 737 347 398 571 627 171 633 758 337 421 564 604 596 402 153 565 332 434 529 668 429 256 501 1134 227 768 1058 403 642 582 389 0 347 372 1054 706 734 298 994 1083 1040
519 308 974 462 384 361 263 990 793 324 923 696 886 781 494 705 449 501 494 442 354 447 572 60 144 379 418 564 459 336 676 255 516 322 482 437 359 611 1057 360 582 981 505 565 376 112 347 0 482 977 810 548 150 917 1006 963
472 378 1115 783 145 182 675 1131 370 349 1064 529 719 922 745 538 404 455 706 726 379 574 893 472 556 700 682 656 538 361 318 467 491 664 776 564 313 253 1198 181 834 1122 459 394 718 524 372 482 0 908 387 869 433 1058 894 1043
947 842 323 1278 999 1037 981 340 655 1031 423 419 224 389 1309 419 826 777 527 1257 1061 1263 1388 967 1046 1194 1234 522 691 1043 1172 760 748 791 1298 669 972 1107 407 1036 1398 364 882 1248 928 1014 1054 977 908 0 672 1364 928 267 57 212
731 626 879 1111 479 516 815 895 67 683 829 294 484 687 1079 302 611 561 569 1060 712 908 1221 800 879 1028 1016 421 475 695 652 594 533 625 1110 453 646 587 963 515 1168 886 666 728 761 847 706 810 387 672 0 1197 761 823 659 808
905 694 1360 467 771 748 779 1377 1180 711 1310 1083 1273 1168 221 1092 836 887 881 313 741 452 116 576 660 225 343 951 846 723 765 641 903 838 290 824 746 749 1444 747 131 1368 892 569 892 628 734 548 869 1364 1197 0 477 1304 1393 1349
469 259 924 391 335 312 343 941 744 275 874 647 837 732 423 656 400 451 445 370 305 376 501 140 224 307 347 515 410 287 627 205 467 402 411 388 310 562 1008 311 511 932 456 494 456 192 298 150 433 928 761 477 0 868 957 913
887 782 171 1218 1032 1008 922 187 806 971 270 609 415 329 1250 609 767 717 468 1198 1001 1203 1328 907 986 1135 1174 463 631 983 1323 701 689 732 1238 609 912 1258 255 1007 1338 211 822 1321 868 954 994 917 1058 267 823 1304 868 0 296 253
976 870 352 1307 986 1023 1010 368 642 1060 452 405 211 418 1338 405 855 805 556 1286 1090 1292 1417 996 1075 1223 1263 551 720 1072 1159 789 777 820 1327 697 1001 1094 436 1022 1427 393 911 1235 957 1043 1083 1006 894 57 659 1393 957 296 0 241
932 827 309 1263 1077 1054 967 325 791 1017 408 554 359 374 1295 554 812 762 513 1243 1046 1248 1374 953 1032 1180 1219 508 676 1029 1308 746 734 777 1284 654 958 1243 393 1052 1383 350 867 1366 914 1000 1040 963 1043 212 808 1349 913 253 241 0
EOF