NAME : tsp_problem
TYPE : TSP
DIMENSION : 56
EDGE_WEIGHT_TYPE : EXPLICIT
EDGE_WEIGHT_FORMAT : FULL_MATRIX
EDGE_WEIGHT_SECTION
0 541 1015 595 535 344 353 81 1212 771 485 534 328 664 1180 759 825 510 839 677 718 770 862 673 877 336 1113 787 541 896 1056 405 1138 354 804 523 795 1044 1262 317 500 566 712 1188 350 126 291 630 617 826 844 326 279 753 1036 547
541 0 739 429 120 251 701 559 935 265 209 65 276 388 904 482 403 345 563 512 442 494 586 167 455 684 837 280 376 395 780 753 637 702 528 592 372 768 777 665 224 400 436 687 245 622 639 465 110 663 338 673 299 246 760 132
1146 869 0 969 783 846 1306 1164 328 666 697 863 930 754 537 784 679 999 702 977 825 773 649 773 717 1289 396 920 1030 661 419 1358 438 1307 587 1246 649 295 378 1270 763 1003 709 409 840 1227 1244 1119 829 474 815 1278 953 886 399 771
595 429 952 0 424 465 594 613 888 571 423 423 330 602 1118 696 655 140 776 124 656 708 799 561 504 678 1051 676 171 449 994 583 585 695 742 387 624 982 725 719 437 136 649 635 459 676 693 260 505 877 720 728 353 642 974 436
535 120 653 424 0 246 696 553 850 263 204 114 271 383 818 477 322 340 557 506 437 489 504 165 373 679 751 287 370 393 694 748 634 697 442 587 291 682 774 660 218 395 430 684 240 617 634 460 171 577 336 668 294 254 674 114
344 251 715 465 246 0 504 362 912 481 186 244 311 365 881 459 526 380 539 547 419 471 563 383 578 488 814 497 411 597 757 556 839 505 505 627 495 745 963 468 200 436 412 889 185 425 442 500 327 640 554 477 334 464 737 257
353 701 1175 594 696 504 0 371 1372 931 645 694 488 824 1340 919 986 509 999 676 878 930 1022 833 1037 138 1273 947 453 1000 1216 106 1137 156 964 224 955 1205 1276 219 660 565 872 1186 510 423 193 364 777 986 1004 228 439 913 1196 707
81 559 1033 613 553 362 371 0 1230 789 503 552 345 682 1198 777 843 528 857 695 736 788 880 691 895 354 1131 805 559 914 1074 423 1156 372 822 541 813 1062 1280 335 518 584 730 1205 367 106 309 648 635 844 862 328 297 771 1054 565
1212 935 427 888 850 912 1372 1230 0 703 763 929 996 820 603 850 745 979 768 897 891 839 716 810 636 1355 462 957 1017 581 485 1424 357 1373 653 1233 715 361 298 1336 829 922 775 328 906 1293 1310 1106 866 540 852 1345 1019 923 465 837
771 265 535 571 263 481 931 789 703 0 364 272 506 421 700 521 166 575 439 579 562 440 387 135 218 915 633 282 606 158 576 983 400 932 324 822 135 565 540 895 430 605 375 450 475 852 869 695 192 459 177 904 529 248 556 251
485 209 566 423 204 186 645 503 763 364 0 202 270 267 732 362 377 338 442 505 321 373 418 341 429 629 665 456 369 448 608 698 690 646 356 585 346 596 813 609 103 394 315 740 180 566 583 459 285 491 512 618 293 422 588 216
534 65 732 423 114 244 694 552 929 272 202 0 270 381 897 476 408 338 556 505 435 488 579 174 460 678 830 287 369 402 773 747 644 695 521 585 377 762 783 658 217 394 429 693 238 615 632 458 117 656 345 667 292 253 753 125
328 276 799 330 271 311 488 345 996 506 270 270 0 448 965 543 565 246 623 413 502 555 646 408 617 471 897 523 277 636 841 540 873 489 588 493 534 829 1013 452 284 301 496 923 305 409 426 366 352 723 580 460 86 489 820 283
664 388 623 602 383 365 824 682 820 421 218 381 448 0 789 300 434 517 287 684 260 142 234 520 486 808 721 634 548 505 665 877 747 825 200 764 403 653 870 788 195 573 84 797 359 745 762 637 464 419 569 797 471 600 645 394
1180 904 412 1118 818 881 1340 1198 609 700 732 897 965 789 0 818 714 1033 737 1200 860 808 684 807 766 1324 314 954 1064 785 180 1393 719 1341 622 1280 683 365 659 1304 798 1089 743 689 875 1261 1278 1153 863 509 849 1313 987 920 237 806
759 482 653 696 477 459 919 777 850 521 362 476 543 300 818 0 534 612 114 779 78 387 164 615 586 902 751 729 643 605 694 971 847 920 230 859 504 683 900 883 289 667 323 897 453 840 857 732 559 349 670 891 566 695 674 489
825 403 548 655 322 526 986 843 745 166 377 408 565 434 714 534 0 634 453 664 576 453 400 273 201 969 646 420 664 250 590 1038 484 987 338 881 68 578 624 950 443 689 389 534 520 907 923 754 329 473 315 958 588 386 570 309
510 345 868 140 340 380 509 528 979 575 338 338 246 517 1033 612 634 0 692 215 571 623 715 477 595 594 966 591 86 539 909 499 676 611 657 302 603 897 816 634 353 111 565 726 374 591 608 176 421 792 648 643 269 557 889 351
839 563 571 776 557 539 999 857 768 439 442 556 623 287 737 114 453 692 0 859 156 306 83 546 505 983 670 693 723 524 613 1051 765 1000 148 939 422 601 819 963 370 747 241 815 533 920 937 812 602 268 588 972 646 659 593 545
677 512 1035 124 506 547 676 695 897 579 505 505 413 684 1200 779 664 215 859 0 738 790 882 644 512 760 1111 758 253 457 1076 666 594 778 824 469 633 1010 733 801 520 158 732 643 541 758 775 342 588 959 728 810 435 724 1056 518
718 442 694 656 437 419 878 736 891 562 321 435 502 260 860 78 576 571 156 738 0 366 206 574 628 862 793 688 602 647 736 930 889 879 271 818 545 724 942 842 249 627 307 938 413 799 816 691 518 391 711 851 525 654 716 448
651 375 520 589 370 352 811 669 717 318 203 368 435 392 686 506 331 504 425 671 487 0 372 425 383 795 618 572 535 402 562 863 644 812 310 751 300 550 767 775 269 560 347 694 346 732 749 624 451 445 466 784 458 538 542 381
862 586 519 799 504 563 1022 880 716 387 415 579 646 234 684 164 400 715 83 882 206 253 0 494 452 1006 617 640 746 471 560 1074 713 1023 95 962 369 548 766 986 393 770 188 762 557 943 960 835 549 239 535 995 669 607 540 492
673 167 642 561 165 383 833 691 810 135 341 174 408 520 807 615 273 477 546 644 574 547 494 0 325 817 740 184 508 265 683 885 507 834 431 724 242 672 647 797 356 532 482 557 377 754 771 597 93 566 208 806 431 150 663 153
877 455 600 504 373 578 1037 895 636 218 429 460 617 486 766 586 201 595 505 512 628 505 452 325 0 1021 698 472 632 111 642 1045 333 1038 389 848 170 630 472 1001 495 537 441 383 572 958 975 722 381 525 367 1010 640 438 622 361
336 684 1159 678 679 488 138 354 1355 915 629 678 471 808 1324 902 969 594 983 760 862 914 1006 817 1021 0 1257 931 537 1040 1200 191 1221 72 948 309 939 1188 1361 203 644 649 856 1271 493 406 177 448 761 970 988 211 423 897 1180 691
1113 837 345 1051 751 814 1273 1131 462 633 665 830 897 721 314 751 646 966 670 1111 793 740 617 740 698 1257 0 887 997 717 190 1325 572 1274 554 1213 616 143 512 1237 731 1021 676 543 808 1194 1211 1086 796 442 782 1246 920 853 116 738
787 280 789 676 287 497 947 805 957 282 456 287 523 634 954 729 420 591 693 758 688 694 640 184 472 931 887 0 622 412 830 1000 654 948 578 838 389 818 794 911 470 647 629 704 491 868 885 712 207 713 355 920 546 45 810 275
541 376 899 171 370 411 453 559 1017 606 369 369 277 548 1064 643 664 86 723 253 602 654 746 508 632 537 997 622 0 577 940 443 714 555 688 246 634 928 853 618 384 142 596 764 405 622 592 119 452 823 679 627 300 588 920 382
896 395 619 449 393 597 1000 914 581 158 448 402 636 505 785 605 250 539 524 457 647 524 471 265 111 1040 717 412 577 0 661 990 278 1058 409 793 220 649 417 1021 514 482 460 327 591 978 994 667 321 544 307 1029 659 378 641 380
1056 780 288 994 694 757 1216 1074 485 576 608 773 841 665 180 694 590 909 613 1076 736 684 560 683 642 1200 190 830 940 661 0 1269 595 1217 498 1156 559 241 535 1180 674 965 619 565 751 1137 1154 1029 739 385 725 1189 863 796 113 682
405 753 1227 583 748 556 106 423 1424 983 698 747 540 877 1393 971 1038 499 1051 666 930 983 1074 885 1045 191 1325 1000 443 990 1269 0 1126 208 1016 214 1007 1257 1266 271 712 554 924 1176 562 475 245 353 829 1039 1057 280 491 966 1249 760
1138 637 537 585 634 839 1137 1156 357 400 690 644 873 747 713 847 484 676 765 594 889 766 713 507 333 1221 572 654 714 278 595 1126 0 1238 650 930 454 471 304 1262 756 619 702 214 833 1219 1236 803 563 650 549 1271 896 620 575 622
354 702 1176 695 697 505 156 372 1373 932 646 695 489 825 1341 920 987 611 1000 778 879 931 1023 834 1038 72 1274 948 555 1058 1217 208 1238 0 965 326 956 1206 1378 220 661 666 873 1288 511 424 194 465 778 987 1005 229 440 914 1197 708
804 528 456 742 442 505 964 822 653 324 356 521 588 200 622 230 338 657 148 824 271 219 95 431 389 948 554 578 688 409 498 1016 650 965 0 904 307 486 703 928 359 713 155 700 499 885 902 777 487 252 473 937 611 544 478 430
523 592 1115 387 587 627 224 541 1233 822 585 585 493 764 1280 859 881 302 939 469 818 870 962 724 848 309 1213 838 246 793 1156 214 930 326 904 0 850 1144 1070 390 600 358 812 980 621 593 363 157 668 1039 895 398 516 804 1136 598
795 372 518 624 291 495 955 813 715 135 346 377 534 404 683 504 68 603 422 633 545 422 369 242 170 939 616 389 634 220 559 1007 454 956 307 850 0 547 593 919 412 658 358 503 489 876 893 723 299 442 284 928 557 355 539 279
1044 768 260 982 682 745 1205 1062 361 565 596 762 829 653 365 683 578 897 601 1010 724 672 548 672 630 1188 143 818 928 649 241 1257 471 1206 486 1144 547 0 411 1169 662 953 607 442 739 1125 1142 1018 727 373 713 1177 852 785 173 670
1262 777 477 725 774 963 1276 1280 298 540 813 783 1013 870 654 900 624 816 819 733 942 889 766 647 472 1361 512 794 853 417 535 1266 304 1378 703 1070 593 411 0 1386 880 759 825 164 957 1343 1360 943 703 591 688 1395 1036 760 515 762
317 665 1139 719 660 468 219 335 1336 895 609 658 452 788 1304 883 950 634 963 801 842 894 986 797 1001 203 1237 911 618 1021 1180 271 1262 220 928 390 919 1169 1386 0 624 690 836 1312 474 294 76 529 741 950 968 99 403 877 1160 671
500 224 633 437 218 200 660 518 829 430 103 217 284 195 798 289 443 353 370 520 249 301 393 356 495 644 731 470 384 514 674 712 756 661 359 600 412 662 880 624 0 408 243 806 194 581 598 473 300 557 527 633 307 436 654 230
566 400 923 136 395 436 565 584 922 605 394 394 301 573 1089 667 689 111 747 158 627 679 770 532 537 649 1021 647 142 482 965 554 619 666 713 358 658 953 759 690 408 0 620 669 430 647 664 231 476 848 704 699 324 613 945 407
712 436 578 649 430 412 872 730 775 375 265 429 496 84 743 323 389 565 241 732 307 103 188 482 441 856 676 629 596 460 619 924 702 873 155 812 358 607 825 836 243 620 0 751 406 793 810 685 512 373 524 845 519 595 599 442
1188 687 508 635 684 889 1186 1205 328 450 740 693 923 797 684 897 534 726 815 643 938 816 762 557 383 1271 543 704 764 327 565 1176 214 1288 700 980 503 442 164 1312 806 669 751 0 883 1269 1286 853 613 621 598 1320 946 670 545 672
350 245 709 459 240 185 510 367 906 475 180 238 305 359 875 453 520 374 533 541 413 465 557 377 572 493 808 491 405 591 751 562 833 511 499 621 489 739 957 474 194 430 406 883 0 431 448 494 321 634 548 482 328 458 731 251
126 622 1096 676 617 425 423 106 1293 852 566 615 409 745 1261 840 907 591 920 758 799 851 943 754 958 406 1194 868 622 978 1137 475 1219 424 885 593 876 1125 1343 294 581 647 793 1269 431 0 279 712 698 907 925 238 360 834 1117 628
291 639 1113 693 634 442 193 309 1310 869 583 632 426 762 1278 857 923 608 937 775 816 868 960 771 975 177 1211 885 592 994 1154 245 1236 194 902 363 893 1142 1360 76 598 664 810 1286 448 279 0 503 715 924 942 84 377 851 1134 645
630 465 988 260 460 500 364 648 1106 695 459 458 366 637 1153 732 754 176 812 342 691 744 835 597 722 448 1086 712 119 667 1029 353 803 465 777 157 723 1018 943 529 473 231 685 853 494 712 503 0 541 912 768 537 389 678 1009 472
617 110 698 505 171 327 777 635 866 192 285 117 352 464 863 559 329 421 602 588 518 570 549 93 381 761 796 207 452 321 739 829 563 778 487 668 299 727 703 741 300 476 512 613 321 698 715 541 0 622 265 750 375 173 719 159
826 663 343 877 577 640 986 844 540 459 491 656 723 419 509 349 473 792 268 959 391 437 239 566 525 970 442 713 823 544 385 1039 650 987 252 1039 442 373 591 950 557 848 373 621 634 907 924 912 622 0 608 959 746 679 365 565
844 338 684 720 336 554 1004 862 852 177 512 345 580 570 849 670 315 648 588 728 711 588 535 208 367 988 782 355 679 307 725 1057 549 1005 473 895 284 713 688 968 527 704 524 598 548 925 942 768 265 608 0 977 602 321 705 324
326 673 1148 728 668 477 228 328 1345 904 618 667 460 797 1313 891 958 643 972 810 851 903 995 806 1010 211 1246 920 627 1029 1189 280 1271 229 937 398 928 1177 1395 99 633 699 845 1320 482 238 84 537 750 959 977 0 412 886 1169 680
279 299 822 353 294 334 439 297 1019 529 293 292 86 471 987 566 588 269 646 435 525 578 669 431 640 423 920 546 300 659 863 491 896 440 611 516 557 852 1036 403 307 324 519 946 328 360 377 389 375 746 602 412 0 512 843 306
753 246 755 642 254 464 913 771 923 248 422 253 489 600 920 695 386 557 659 724 654 660 607 150 438 897 853 45 588 378 796 966 620 914 544 804 355 785 760 877 436 613 595 670 458 834 851 678 173 679 321 886 512 0 776 241
1036 760 268 974 674 737 1196 1054 465 556 588 753 820 645 237 674 570 889 593 1056 716 663 540 663 622 1180 116 810 920 641 113 1249 575 1197 478 1136 539 173 515 1160 654 945 599 545 731 1117 1134 1009 719 365 705 1169 843 776 0 662
547 132 640 436 114 257 707 565 837 251 216 125 283 394 806 489 309 351 545 518 448 501 492 153 361 691 738 275 382 380 682 760 622 708 430 598 279 670 762 671 230 407 442 672 251 628 645 472 159 565 324 680 306 241 662 0
EOF