NAME : tsp_problem
TYPE : TSP
DIMENSION : 86
EDGE_WEIGHT_TYPE : EXPLICIT
EDGE_WEIGHT_FORMAT : FULL_MATRIX
EDGE_WEIGHT_SECTION
0 645 698 557 451 414 757 565 432 770 491 441 742 339 749 559 776 682 740 696 419 754 512 587 546 401 480 551 389 460 393 783 310 455 716 180 410 721 722 586 453 409 336 403 409 106 314 497 716 739 396 219 349 287 490 335 667 585 487 771 396 724 376 714 289 723 779 338 422 626 416 673 769 353 709 686 639 573 508 484 661 768 356 446 356 801
786 0 1205 276 959 626 1264 188 658 1278 161 477 1249 566 1256 1067 1284 418 229 1203 596 447 247 467 1053 729 647 270 740 496 900 1291 537 809 205 483 446 1228 1230 806 548 621 844 630 917 534 656 723 452 1246 623 726 731 357 716 762 1174 320 881 1278 622 1231 832 397 797 212 269 669 929 1134 682 287 396 861 198 1193 358 1080 878 711 275 1275 864 953 582 290
878 1247 0 1159 451 1017 283 1167 1034 110 1094 1010 82 942 89 464 116 1285 1248 222 1019 1357 1114 1043 330 874 954 1154 863 991 391 133 841 864 1273 782 1012 247 148 689 996 1012 471 1006 473 709 722 983 1319 165 999 627 823 889 976 744 395 1187 589 111 998 250 784 1170 453 1326 1251 812 524 274 824 1276 1371 448 1278 212 1241 355 610 915 1264 108 491 354 958 1272
871 124 1290 0 1044 711 1349 273 744 1363 246 562 1335 651 1341 1152 1369 503 314 1288 681 532 332 552 1138 814 732 355 825 581 985 1376 622 894 290 568 531 1313 1315 891 633 706 929 715 1002 619 742 808 537 1331 708 811 816 442 801 847 1259 405 966 1363 707 1316 918 482 882 298 354 754 1014 1219 767 372 481 946 283 1278 118 1165 963 796 360 1360 949 1038 668 375
631 1001 451 913 0 641 697 920 743 418 847 797 389 650 397 151 424 1038 840 635 611 1110 867 635 548 627 707 907 616 816 346 375 545 568 865 535 766 660 561 280 805 636 289 714 64 462 427 687 1072 578 707 332 576 642 680 448 669 940 181 432 647 663 489 762 461 1000 843 565 116 218 528 1029 1124 306 870 626 994 165 202 619 1017 415 309 399 667 864
598 683 1017 595 641 0 1076 603 260 1016 530 479 988 168 995 749 1022 721 440 1015 125 793 550 234 865 611 529 589 623 498 667 973 207 441 464 294 448 1039 1041 421 492 19 611 231 599 346 326 355 754 1058 224 430 543 325 348 394 986 623 495 1030 45 1043 465 362 608 600 442 481 563 817 314 712 807 627 470 1005 677 763 492 342 700 1014 631 720 184 464
937 1306 283 1219 697 1076 0 1226 1093 356 1153 1069 327 1001 334 709 362 1344 1401 104 1081 1416 1173 1248 348 933 1013 1213 922 1051 450 378 900 923 1377 841 1071 99 308 894 1055 1071 530 1065 717 768 781 1042 1378 324 1058 686 882 948 1035 803 219 1246 795 356 1057 216 843 1376 512 1385 1441 871 730 520 883 1335 1430 507 1370 115 1300 600 816 974 1323 353 550 413 1017 1462
748 326 1167 238 920 603 1226 0 620 1240 123 439 1211 528 1218 1028 1246 380 325 1165 608 343 176 563 1015 690 609 232 702 457 862 1252 498 771 301 444 407 1190 1191 902 509 598 806 592 879 496 618 685 355 1208 584 688 693 319 678 723 1136 236 956 1240 584 1193 794 493 758 309 365 631 891 1096 644 183 292 822 294 1155 320 1042 974 672 171 1237 826 915 544 386
615 701 1034 613 743 260 1093 620 0 1107 547 497 1079 111 1085 851 1113 738 661 1032 295 810 567 455 882 628 547 607 640 516 684 1075 224 458 685 312 465 1057 1059 642 509 255 628 60 701 363 344 373 772 1075 192 448 560 342 366 412 1004 640 716 1107 241 1060 483 583 626 779 663 499 714 918 331 729 824 645 691 1023 694 864 713 360 717 1105 648 737 152 685
950 1320 110 1232 418 1016 356 1240 1107 0 1167 1083 40 1015 56 430 24 1357 1215 295 986 1430 1187 1009 402 947 1026 1226 935 1064 464 99 913 936 1239 855 1085 319 221 655 1068 1011 544 1078 439 781 795 1055 1391 237 1071 700 895 962 1048 816 468 1260 556 39 1022 323 857 1137 526 1375 1217 884 491 241 897 1349 1444 521 1245 285 1314 321 577 987 1336 16 564 427 1031 1239
675 253 1094 165 847 530 1153 123 547 1167 0 365 1138 455 1145 955 1173 307 298 1092 535 379 136 535 942 617 536 159 629 384 789 1179 425 698 274 371 334 1117 1118 875 436 525 732 519 805 423 545 612 340 1135 511 615 620 246 605 650 1063 209 883 1167 511 1120 721 466 685 281 337 558 818 1022 571 231 340 749 267 1082 247 969 904 599 219 1164 752 842 471 359
474 519 1010 431 797 479 1069 439 497 1083 365 0 1054 404 1061 905 1089 556 614 1008 484 628 386 652 858 293 212 425 305 103 738 1105 375 647 590 321 152 1033 1034 838 108 474 682 468 755 372 495 562 590 1051 461 564 419 281 554 600 979 459 832 1083 460 1036 671 779 635 597 653 357 767 972 520 547 643 699 583 998 513 918 854 549 535 1080 702 791 421 675
922 1292 82 1204 389 988 327 1211 1079 40 1138 1054 0 986 28 402 46 1329 1187 266 957 1401 1158 981 374 918 998 1198 907 1036 435 71 885 908 1211 826 1057 291 192 627 1040 983 515 1050 411 753 766 1027 1363 209 1043 671 867 933 1020 788 440 1231 527 54 994 294 829 1108 497 1347 1189 856 462 212 868 1320 1415 493 1217 256 1285 293 549 959 1308 38 535 398 1003 1210
523 608 942 520 650 168 1001 528 111 1015 455 404 986 0 993 759 1021 646 569 940 203 718 475 363 790 536 455 514 548 423 592 983 132 366 593 219 373 965 966 549 417 163 536 83 609 271 252 280 679 983 100 355 468 250 273 319 911 548 624 1015 149 968 390 490 533 687 571 406 621 826 239 637 732 553 599 930 602 772 621 268 625 1012 556 645 59 592
929 1298 89 1210 397 995 334 1218 1085 56 1145 1061 28 993 0 409 62 1336 1194 273 965 1408 1165 988 381 925 1005 1205 914 1042 442 79 892 915 1218 833 1063 298 199 634 1046 990 522 1057 418 760 773 1034 1369 215 1049 678 874 940 1026 795 446 1238 535 70 1001 301 835 1116 504 1354 1196 863 470 220 875 1327 1422 499 1224 263 1292 300 556 966 1315 54 542 405 1009 1218
739 1109 464 1021 151 749 709 1028 851 430 955 905 402 759 409 0 436 1146 948 648 719 1218 975 743 656 735 815 1015 724 924 454 388 653 676 973 644 874 673 574 389 913 744 397 822 172 570 535 795 1180 591 815 440 684 750 788 556 777 1048 289 444 755 676 597 870 569 1108 951 673 224 231 636 1137 1233 414 978 638 1103 177 310 727 1125 428 417 507 775 972
956 1326 116 1238 424 1022 362 1246 1113 24 1173 1089 46 1021 62 436 0 1363 1221 301 992 1436 1193 1015 408 953 1032 1232 941 1070 470 105 919 942 1245 861 1091 325 227 661 1074 1017 550 1084 445 787 801 1061 1397 243 1077 706 901 968 1054 822 474 1266 562 45 1028 329 863 1143 532 1381 1223 890 497 247 903 1355 1450 527 1251 291 1320 327 583 993 1343 22 570 433 1037 1245
865 460 1285 372 1038 721 1344 380 738 1357 307 556 1329 646 1336 1146 1363 0 555 1283 725 235 248 793 1133 808 727 366 820 575 980 1370 616 889 531 562 525 1307 1309 1080 627 715 923 710 996 614 736 803 197 1326 702 806 811 437 796 841 1254 203 1074 1358 702 1311 912 723 876 538 595 749 1009 1213 761 360 249 940 524 1273 454 1160 1095 790 372 1355 943 1032 662 616
923 501 1248 413 840 440 1401 325 661 1215 298 614 1187 569 1194 948 1221 555 0 1340 410 583 384 280 1190 865 784 407 877 633 1037 1172 585 741 195 619 582 1365 1359 620 684 435 981 632 798 671 705 655 588 1375 625 809 868 494 648 694 1311 457 694 1229 446 1368 765 211 933 202 259 806 762 1016 613 424 533 998 188 1330 495 962 691 642 412 1213 1001 1090 585 280
876 1245 222 1157 635 1015 104 1165 1032 295 1092 1008 266 940 273 648 301 1283 1340 0 1020 1355 1112 1187 328 872 952 1152 861 989 389 317 839 862 1316 780 1010 68 246 833 993 1010 469 1004 656 707 720 981 1316 263 996 625 821 887 973 742 216 1185 733 295 996 155 782 1314 451 1324 1380 810 668 458 822 1274 1369 446 1309 53 1239 539 755 913 1262 292 489 352 956 1401
603 688 1019 600 611 125 1081 608 295 986 535 484 957 203 965 719 992 725 410 1020 0 798 555 204 870 616 534 594 627 503 672 943 212 367 434 299 453 1044 1046 390 497 120 615 267 569 351 331 281 759 1063 260 435 548 330 274 320 991 628 465 999 131 1048 391 331 613 570 412 486 533 786 240 717 812 632 440 1010 682 732 462 269 705 983 635 725 219 433
938 532 1357 444 1110 793 1416 343 810 1430 379 628 1401 718 1408 1218 1436 235 593 1355 798 0 320 831 1205 880 799 438 892 647 1052 1442 688 961 569 634 597 1380 1381 1152 699 788 995 782 1068 686 808 875 116 1398 774 878 883 509 868 913 1326 275 1146 1430 774 1383 984 761 948 577 633 821 1081 1285 834 186 75 1012 562 1345 526 1232 1167 862 197 1427 1015 1105 734 654
695 289 1114 201 867 550 1173 176 567 1187 136 386 1158 475 1165 975 1193 248 384 1112 555 320 0 622 962 638 556 196 649 405 809 1199 446 718 360 391 355 1137 1139 909 457 545 753 539 826 443 565 632 281 1155 532 635 640 266 625 670 1083 150 903 1187 531 1140 741 552 706 368 424 578 838 1043 591 285 334 770 353 1102 283 989 924 619 273 1184 773 862 491 445
771 739 1043 651 635 234 1248 563 455 1009 535 652 981 363 988 743 1015 793 280 1187 204 821 622 0 1037 784 702 645 795 671 835 967 380 535 305 467 621 1212 1153 414 665 229 779 427 593 519 499 449 826 1170 420 603 716 498 442 488 1159 695 489 1023 241 1215 559 202 781 440 283 654 557 810 408 662 771 796 310 1178 733 756 486 437 650 1007 799 888 379 304
725 1095 330 1007 548 865 348 1015 882 402 942 858 374 790 381 656 408 1133 1190 328 870 1205 962 1037 0 722 801 1001 710 839 239 425 688 711 1166 630 860 341 354 683 843 860 319 854 506 557 570 830 1166 371 846 475 671 737 823 591 166 1035 583 403 846 356 632 1164 301 1173 1230 659 518 566 672 1124 1219 296 1159 318 1089 647 605 763 1112 400 339 202 806 1251
340 771 874 683 627 611 933 690 628 947 617 293 918 536 925 735 953 808 865 872 616 880 638 784 722 0 114 677 83 275 569 959 507 632 842 453 323 897 898 763 215 606 513 600 586 406 490 693 842 915 593 395 285 412 686 511 843 710 663 947 592 900 552 911 465 849 905 274 598 803 592 799 895 530 835 862 765 749 684 681 787 944 533 622 552 927
420 689 954 601 707 529 1013 609 547 1026 536 212 998 455 1005 815 1032 727 784 952 534 799 556 702 801 114 0 596 126 193 648 1039 425 697 760 371 241 976 978 842 134 524 592 518 665 421 545 612 760 994 511 475 365 331 605 591 923 629 743 1027 511 980 632 830 545 768 824 317 678 882 570 718 813 609 753 942 683 829 764 599 706 1024 612 701 471 845
877 131 1297 368 1050 718 1356 279 750 1369 252 568 1341 657 1348 1158 1375 509 320 1295 687 538 339 558 1144 820 738 0 832 587 991 1382 628 900 296 574 537 1319 1321 897 639 713 935 721 1008 625 748 815 543 1337 714 818 822 448 808 853 1266 412 972 1370 714 1323 924 488 888 304 360 760 1021 1225 773 379 487 952 289 1285 124 1171 969 802 366 1367 955 1044 674 381
329 782 863 694 616 623 922 702 640 935 629 305 907 548 914 724 941 820 877 861 627 892 649 795 710 83 126 689 0 286 557 948 518 620 853 464 335 885 887 751 227 617 501 612 574 395 479 705 854 903 604 384 274 424 698 500 832 722 652 936 604 889 541 923 454 861 917 262 587 791 580 811 906 518 846 851 776 738 673 671 799 933 521 610 564 938
455 538 991 450 816 498 1051 457 516 1064 384 103 1036 423 1042 924 1070 575 633 989 503 647 405 671 839 275 193 444 286 0 757 1087 394 666 609 340 133 1014 1016 857 89 493 701 487 774 391 514 581 609 1032 480 583 400 300 573 619 961 478 851 1064 479 1017 690 798 654 616 672 338 786 991 539 566 662 718 602 980 532 937 873 568 554 1062 721 810 440 694
573 942 391 854 346 667 450 862 684 464 789 738 435 592 442 454 470 980 1037 389 672 1052 809 835 239 569 648 848 557 757 0 486 487 510 1013 477 707 414 415 481 746 662 117 656 304 404 368 629 1013 432 649 273 518 584 621 390 360 882 381 464 648 417 430 962 362 1021 1043 506 316 521 470 971 1066 134 1006 379 936 467 403 561 959 461 137 90 608 1065
963 1333 133 1245 375 973 378 1252 1075 99 1179 1105 71 983 79 388 105 1370 1172 317 943 1442 1199 967 425 959 1039 1239 948 1087 486 0 877 900 1197 868 1098 342 243 613 1091 968 566 1046 396 794 759 1019 1404 260 1039 664 908 974 1012 780 491 1272 513 113 979 345 821 1094 548 1332 1175 897 448 198 860 1361 1457 544 1202 307 1327 278 534 951 1349 97 586 449 999 1196
494 579 841 491 545 207 900 498 224 913 425 375 885 132 892 653 919 616 585 839 212 688 446 380 688 507 425 485 518 394 487 877 0 299 609 190 344 863 865 566 387 202 430 196 503 241 146 266 650 881 188 250 439 220 258 251 810 519 581 914 188 867 322 507 442 657 587 377 516 720 172 607 703 447 615 829 573 667 602 201 595 911 450 539 148 609
635 851 864 763 568 441 923 771 458 936 698 647 908 366 915 676 942 889 741 862 367 961 718 535 711 632 697 757 620 666 510 900 299 0 765 462 616 886 888 703 660 436 453 430 526 466 203 323 922 904 423 273 580 493 316 157 833 791 604 937 422 890 228 662 465 901 743 569 539 743 165 880 975 470 771 852 845 690 625 255 868 934 473 562 382 764
899 477 1273 389 865 464 1377 301 685 1239 274 590 1211 593 1218 973 1245 531 195 1316 434 560 360 305 1166 842 760 383 853 609 1013 1197 609 765 0 596 559 1341 1343 644 661 459 957 657 823 647 729 679 565 1359 650 833 844 470 672 718 1287 433 719 1253 470 1344 789 335 910 179 106 782 787 1040 638 400 509 974 164 1306 471 986 716 666 388 1237 977 1066 609 128
425 525 782 437 535 294 841 444 312 855 371 321 826 219 833 644 861 562 619 780 299 634 391 467 630 453 371 431 464 340 477 868 190 462 596 0 290 805 807 653 333 289 421 283 494 111 310 377 596 823 276 303 370 166 370 415 751 464 571 855 276 808 460 594 374 603 659 309 506 711 335 553 649 438 589 770 519 657 593 364 541 852 441 530 236 681
464 488 1012 400 766 448 1071 407 465 1085 334 152 1057 373 1063 874 1091 525 582 1010 453 597 355 621 860 323 241 394 335 133 707 1098 344 616 559 290 0 1035 1037 807 137 443 651 437 724 341 463 530 559 1053 430 533 409 249 523 569 981 427 801 1085 429 1038 640 748 604 566 622 347 736 941 489 516 612 668 552 1000 482 887 823 518 504 1082 671 760 389 644
900 1270 247 1182 660 1039 99 1190 1057 319 1117 1033 291 965 298 673 325 1307 1365 68 1044 1380 1137 1212 341 897 976 1176 885 1014 414 342 863 886 1341 805 1035 0 271 858 1018 1034 494 1028 681 732 745 1005 1341 287 1021 650 845 912 998 766 211 1210 758 320 1021 180 807 1339 476 1348 1404 834 693 483 847 1299 1394 471 1334 78 1264 563 779 937 1287 317 514 377 981 1426
902 1272 148 1184 561 1041 308 1191 1059 221 1118 1034 192 966 199 574 227 1309 1359 246 1046 1381 1139 1153 354 898 978 1178 887 1016 415 243 865 888 1343 807 1037 271 0 799 1020 1036 495 1030 583 733 747 1007 1343 62 1023 652 847 913 1000 768 420 1211 699 221 1023 274 809 1280 478 1350 1361 836 634 385 848 1300 1396 473 1336 237 1266 465 721 939 1288 218 515 379 983 1383
766 1042 689 954 280 421 894 902 642 655 875 838 627 549 634 389 661 1080 620 833 390 1152 909 414 683 763 842 948 751 857 481 613 566 703 644 653 807 858 799 0 851 416 425 613 239 598 562 636 1113 815 606 467 711 684 629 583 804 982 135 669 427 861 624 541 596 780 622 700 203 456 594 1001 1110 442 650 823 1036 402 132 623 989 653 445 534 566 643
396 590 996 502 805 492 1055 509 509 1068 436 108 1040 417 1046 913 1074 627 684 993 497 699 457 665 843 215 134 496 227 89 746 1091 387 660 661 333 137 1018 1020 851 0 487 690 481 763 383 507 574 661 1036 473 573 341 293 567 612 965 529 840 1069 473 1021 683 792 643 668 724 279 775 980 533 618 714 707 654 984 584 926 862 561 606 1066 710 799 433 746
593 678 1012 590 636 19 1071 598 255 1011 525 474 983 163 990 744 1017 715 435 1010 120 788 545 229 860 606 524 584 617 493 662 968 202 436 459 289 443 1034 1036 416 487 0 605 226 594 341 321 350 749 1053 219 425 538 320 343 389 981 618 490 1025 40 1038 460 357 603 595 437 476 558 811 309 707 802 622 465 1000 672 758 487 337 695 1009 625 715 179 459
516 886 471 798 289 611 530 806 628 544 732 682 515 536 522 397 550 923 981 469 615 995 753 779 319 513 592 792 501 701 117 566 430 453 957 421 651 494 495 425 690 605 0 600 248 347 312 572 957 512 592 217 461 528 565 333 440 826 325 544 592 497 374 906 346 964 987 450 260 465 414 914 1010 78 950 459 880 411 346 504 902 541 40 170 552 1008
587 672 1006 584 714 231 1065 592 60 1078 519 468 1050 83 1057 822 1084 710 632 1004 267 782 539 427 854 600 518 578 612 487 656 1046 196 430 657 283 437 1028 1030 613 481 226 600 0 673 335 315 344 743 1047 163 419 532 314 337 383 975 612 688 1079 213 1032 454 554 597 750 635 470 685 890 303 701 796 617 662 994 666 836 685 331 689 1076 620 709 123 656
589 959 473 871 64 599 717 879 701 439 805 755 411 609 418 172 445 996 798 656 569 1068 826 593 506 586 665 865 574 774 304 396 503 526 823 494 724 681 583 239 763 594 248 673 0 420 385 645 1030 599 665 290 534 601 638 406 627 899 139 453 606 684 447 720 419 958 801 523 74 240 487 987 1083 265 828 646 953 186 160 577 975 437 268 357 625 822
415 576 709 488 462 346 768 496 363 781 423 372 753 271 760 570 787 614 671 707 351 686 443 519 557 412 423 483 400 391 404 794 241 466 647 111 341 732 733 598 385 341 347 335 420 0 325 428 647 750 327 230 360 218 421 346 678 516 498 782 327 735 387 646 300 655 711 349 433 637 387 605 700 364 640 697 570 584 519 415 593 779 367 457 287 732
494 699 722 611 427 326 781 618 344 795 545 495 766 252 773 535 801 736 705 720 331 808 565 499 570 490 545 605 479 514 368 759 146 203 729 310 463 745 747 562 507 321 312 315 385 325 0 288 770 763 308 132 439 340 281 147 691 638 462 795 308 748 218 627 323 777 707 428 397 602 129 727 822 329 735 710 692 548 484 220 715 792 332 421 268 729
680 765 983 678 687 355 1042 685 373 1055 612 562 1027 280 1034 795 1061 803 655 981 281 875 632 449 830 693 612 672 705 581 629 1019 266 323 679 377 530 1005 1007 636 574 350 572 344 645 428 288 0 837 1023 337 392 625 407 39 276 952 705 710 1056 337 1009 347 577 584 815 657 563 658 862 196 794 889 589 685 971 759 809 707 88 782 1053 592 681 297 679
899 494 1319 406 1072 754 1378 355 772 1391 340 590 1363 679 1369 1180 1397 197 588 1316 759 116 281 826 1166 842 760 400 854 609 1013 1404 650 922 565 596 559 1341 1343 1113 661 749 957 743 1030 647 770 837 0 1359 736 840 844 470 830 875 1288 237 1107 1392 735 1344 946 757 910 572 628 782 1042 1247 795 198 87 974 558 1307 488 1193 1129 824 209 1389 977 1066 696 650
918 1288 165 1200 578 1058 324 1208 1075 237 1135 1051 209 983 215 591 243 1326 1375 263 1063 1398 1155 1170 371 915 994 1194 903 1032 432 260 881 904 1359 823 1053 287 62 815 1036 1053 512 1047 599 750 763 1023 1359 0 1039 668 864 930 1016 784 436 1228 716 238 1039 291 825 1297 494 1366 1378 852 651 401 865 1317 1412 489 1352 253 1282 481 737 956 1305 235 532 395 999 1399
579 665 999 577 707 224 1058 584 192 1071 511 461 1043 100 1049 815 1077 702 625 996 260 774 532 420 846 593 511 571 604 480 649 1039 188 423 650 276 430 1021 1023 606 473 219 592 163 665 327 308 337 736 1039 0 412 525 306 330 376 968 605 681 1072 206 1025 447 547 590 743 628 463 678 882 295 693 789 609 655 987 659 829 678 324 681 1069 612 701 100 649
399 768 627 680 332 430 686 688 448 700 615 564 671 355 678 440 706 806 809 625 435 878 635 603 475 395 475 675 384 583 273 664 250 273 833 303 533 650 652 467 573 425 217 419 290 230 132 392 840 668 412 0 344 410 385 153 596 708 367 700 412 653 194 730 228 847 811 333 302 507 233 797 892 234 832 615 762 453 389 324 785 697 237 326 372 833
455 696 749 608 502 466 808 616 483 822 543 492 793 391 800 610 828 734 791 747 471 806 563 639 597 452 531 602 440 511 444 835 361 507 767 231 461 772 774 638 505 461 388 455 461 158 365 548 767 790 447 270 0 338 541 387 718 636 538 822 447 775 427 766 341 774 831 389 473 678 467 725 820 405 760 737 690 624 559 535 713 819 408 497 407 852
470 399 889 311 642 325 948 319 342 962 246 281 933 250 940 750 968 437 494 887 330 509 266 498 737 412 331 305 424 300 584 974 220 493 470 166 249 912 913 684 293 320 528 314 601 218 340 407 470 930 306 410 415 0 400 445 858 339 678 962 306 915 516 625 480 477 534 353 613 818 366 428 523 544 463 877 393 764 699 394 416 959 548 637 266 555
673 758 976 670 680 348 1035 678 366 1048 605 554 1020 273 1026 788 1054 796 648 973 274 868 625 442 823 686 605 665 698 573 621 1012 258 316 672 370 523 998 1000 629 567 343 565 337 638 421 281 39 830 1016 330 385 618 400 0 269 945 698 703 1049 330 1002 340 570 577 808 650 556 651 855 189 787 882 582 678 964 752 802 700 81 775 1046 585 674 290 672
515 804 744 716 448 394 803 723 412 816 650 600 788 319 795 556 822 841 694 742 320 913 670 488 591 511 591 710 500 619 390 780 251 157 718 415 569 766 768 583 612 389 333 383 406 346 147 276 875 784 376 153 460 445 269 0 713 743 484 817 375 770 107 615 345 854 696 449 419 623 118 832 928 350 724 732 798 570 505 209 820 814 353 442 336 718
847 1216 395 1129 669 986 219 1136 1004 468 1063 979 440 911 446 777 474 1254 1311 216 991 1326 1083 1159 166 843 923 1123 832 961 360 491 810 833 1287 751 981 211 420 804 965 981 440 975 627 678 691 952 1288 436 968 596 792 858 945 713 0 1156 705 468 967 328 754 1286 422 1295 1351 781 640 632 793 1245 1340 418 1280 227 1210 712 726 884 1233 466 460 323 928 1372
768 362 1187 274 940 623 1246 236 640 1260 209 459 1231 548 1238 1048 1266 203 457 1185 628 275 150 695 1035 710 629 269 722 478 882 1272 519 791 433 464 427 1210 1211 982 529 618 826 612 899 516 638 705 237 1228 605 708 713 339 698 743 1156 0 976 1260 604 1213 814 625 779 441 497 651 911 1116 664 345 289 843 426 1175 356 1062 997 692 333 1257 846 935 564 518
667 1036 589 948 181 495 795 956 716 556 883 832 527 624 535 289 562 1074 694 733 465 1146 903 489 583 663 743 943 652 851 381 513 581 604 719 571 801 758 699 135 840 490 325 688 139 498 462 710 1107 716 681 367 612 678 703 484 705 976 0 569 501 761 524 616 496 854 697 601 152 356 564 1065 1160 342 724 724 1030 302 93 655 1053 553 345 434 640 718
951 1320 111 1232 432 1030 356 1240 1107 39 1167 1083 54 1015 70 444 45 1358 1229 295 999 1430 1187 1023 403 947 1027 1227 936 1064 464 113 914 937 1253 855 1085 320 221 669 1069 1025 544 1079 453 782 795 1056 1392 238 1072 700 896 962 1049 817 468 1260 569 0 1036 323 857 1151 526 1389 1231 885 504 255 897 1349 1444 521 1259 285 1314 335 591 988 1337 36 564 427 1031 1253
579 664 998 576 647 45 1057 584 241 1022 511 460 994 149 1001 755 1028 702 446 996 131 774 531 241 846 592 511 571 604 479 648 979 188 422 470 276 429 1021 1023 427 473 40 592 213 606 327 308 337 735 1039 206 412 524 306 330 375 967 604 501 1036 0 1024 446 368 590 606 449 462 569 823 295 693 788 609 476 986 658 769 498 324 681 1020 612 701 165 470
904 1273 250 1185 663 1043 216 1193 1060 323 1120 1036 294 968 301 676 329 1311 1368 155 1048 1383 1140 1215 356 900 980 1180 889 1017 417 345 867 890 1344 808 1038 180 274 861 1021 1038 497 1032 684 735 748 1009 1344 291 1025 653 849 915 1002 770 328 1213 761 323 1024 0 810 1343 479 1352 1408 838 696 486 850 1302 1397 474 1337 145 1267 567 783 941 1290 320 517 380 984 1429
556 875 784 787 489 465 843 794 483 857 721 671 829 390 835 597 863 912 765 782 391 984 741 559 632 552 632 781 541 690 430 821 322 228 789 460 640 807 809 624 683 460 374 454 447 387 218 347 946 825 447 194 501 516 340 107 754 814 524 857 446 810 0 686 385 925 767 490 459 664 189 903 998 391 795 772 868 610 546 279 891 855 394 483 407 789
898 669 1170 581 762 362 1376 493 583 1137 466 779 1108 490 1116 870 1143 723 211 1314 331 752 552 202 1164 911 830 575 923 798 962 1094 507 662 335 594 748 1339 1280 541 792 357 906 554 720 646 627 577 757 1297 547 730 843 625 570 615 1286 625 616 1151 368 1343 686 0 908 371 313 781 684 937 535 592 701 923 241 1305 663 884 613 564 580 1134 926 1015 507 334
469 839 453 751 461 608 512 758 626 526 685 635 497 533 504 569 532 876 933 451 613 948 706 781 301 465 545 745 454 654 362 548 442 465 910 374 604 476 478 596 643 603 346 597 419 300 323 584 910 494 590 228 414 480 577 345 422 779 496 526 590 479 385 908 0 917 973 403 431 636 425 867 963 363 903 441 833 582 518 516 855 523 366 325 550 995
906 484 1326 397 1000 600 1385 309 779 1375 281 597 1347 687 1354 1108 1381 538 202 1324 570 567 368 440 1173 849 768 391 861 616 1021 1332 657 901 179 603 566 1348 1350 780 668 595 964 750 958 655 777 815 572 1366 743 847 851 477 808 854 1295 441 854 1389 606 1352 925 371 917 0 242 790 922 1176 773 408 516 981 172 1314 478 1122 851 802 396 1373 984 1073 703 264
962 541 1251 453 843 442 1441 365 663 1217 337 653 1189 571 1196 951 1223 595 259 1380 412 623 424 283 1230 905 824 447 917 672 1043 1175 587 743 106 659 622 1404 1361 622 724 437 987 635 801 711 707 657 628 1378 628 811 907 534 650 696 1351 497 697 1231 449 1408 767 313 973 242 0 846 765 1018 616 464 573 1004 228 1370 534 964 694 645 452 1215 1007 1096 587 80
156 711 812 623 565 481 871 631 498 884 558 357 856 406 863 673 890 749 806 810 486 821 578 654 659 274 317 617 262 338 506 897 377 569 782 246 347 834 836 700 279 476 450 470 523 222 428 563 782 852 463 333 101 353 556 449 781 651 601 885 462 838 490 781 403 790 846 0 536 740 522 740 835 467 775 800 705 687 622 550 728 882 470 559 422 867
602 971 524 883 116 563 730 891 714 491 818 767 462 621 470 224 497 1009 762 668 533 1081 838 557 518 598 678 878 587 786 316 448 516 539 787 506 736 693 634 203 775 558 260 685 74 433 397 658 1042 651 678 302 547 613 651 419 640 911 152 504 569 696 459 684 431 922 765 536 0 291 499 1000 1095 277 792 659 965 237 161 590 988 488 280 369 638 786
806 1176 274 1088 218 817 520 1096 918 241 1022 972 212 826 220 231 247 1213 1016 458 786 1285 1043 810 566 803 882 1082 791 991 521 198 720 743 1040 711 941 483 385 456 980 811 465 890 240 637 602 862 1247 401 882 507 751 818 855 623 632 1116 356 255 823 486 664 937 636 1176 1018 740 291 0 704 1204 1300 482 1045 449 1170 122 377 794 1192 238 485 574 842 1039
595 724 824 636 528 314 883 644 331 897 571 520 868 239 875 636 903 761 613 822 240 834 591 408 672 592 570 630 580 539 470 860 172 165 638 335 489 847 848 594 533 309 414 303 487 387 129 196 795 865 295 233 541 366 189 118 793 664 564 897 295 850 189 535 425 773 616 522 499 704 0 753 848 431 643 812 718 650 585 128 740 894 434 523 255 637
857 435 1276 347 1029 712 1335 183 729 1349 231 547 1320 637 1327 1137 1355 360 434 1274 717 186 285 672 1124 799 718 341 811 566 971 1361 607 880 410 553 516 1299 1300 1011 618 707 914 701 987 605 727 794 198 1317 693 797 802 428 787 832 1245 345 1065 1349 693 1302 903 602 867 417 474 740 1000 1204 753 0 135 931 403 1264 429 1151 1083 781 102 1346 934 1024 653 495
952 544 1371 456 1124 807 1430 292 824 1444 340 643 1415 732 1422 1233 1450 249 543 1369 812 75 334 781 1219 895 813 450 906 662 1066 1457 703 975 519 649 612 1394 1396 1120 714 802 1010 796 1083 700 822 889 87 1412 789 892 897 523 882 928 1340 289 1160 1444 788 1397 998 711 963 526 582 835 1095 1300 848 135 0 1027 512 1359 537 1246 1182 877 147 1441 1030 1119 748 604
533 903 448 815 306 627 507 822 645 521 749 699 493 553 499 414 527 940 998 446 632 1012 770 796 296 530 609 809 518 718 134 544 447 470 974 438 668 471 473 442 707 622 78 617 265 364 329 589 974 489 609 234 478 544 582 350 418 843 342 521 609 474 391 923 363 981 1004 467 277 482 431 931 1027 0 967 436 897 428 363 521 919 519 98 147 569 1025
892 470 1278 382 870 470 1370 294 691 1245 267 583 1217 599 1224 978 1251 524 188 1309 440 553 353 310 1159 835 753 376 846 602 1006 1202 615 771 164 589 552 1334 1336 650 654 465 950 662 828 640 735 685 558 1352 655 832 837 463 678 724 1280 426 724 1259 476 1337 795 241 903 172 228 775 792 1045 643 393 502 967 0 1299 464 992 721 672 381 1243 970 1059 615 249
866 1235 212 1148 626 1005 115 1155 1023 285 1082 998 256 930 263 638 291 1273 1330 53 1010 1345 1102 1178 318 862 942 1142 851 980 379 307 829 852 1306 770 1000 78 237 823 984 1000 459 994 646 697 710 971 1307 253 987 615 811 877 964 732 227 1175 724 285 986 145 772 1305 441 1314 1370 800 659 449 812 1264 1359 436 1299 0 1229 529 745 903 1252 282 479 342 947 1391
792 370 1211 282 965 632 1270 194 665 1284 167 483 1256 572 1262 1073 1290 424 235 1209 602 453 253 473 1059 735 653 276 746 502 906 1297 543 815 211 489 452 1234 1236 812 554 627 850 636 923 540 663 729 458 1252 629 732 737 363 722 768 1180 326 887 1284 628 1237 839 403 803 219 275 675 935 1140 688 293 402 867 204 1199 0 1086 884 717 281 1281 870 959 589 296
753 1122 355 1034 165 763 600 1042 864 321 969 918 293 772 300 177 327 1160 962 539 732 1232 989 756 647 749 829 1029 738 937 467 278 667 690 986 657 887 563 465 402 926 758 411 836 186 584 548 809 1193 481 829 453 698 764 802 570 712 1062 302 335 769 567 610 884 582 1122 964 687 237 122 650 1151 1246 428 992 529 1116 0 324 741 1139 319 431 520 788 986
688 1058 610 970 202 492 816 974 713 577 904 854 549 621 556 310 583 1095 691 755 462 1167 924 486 605 684 764 964 673 873 403 534 602 625 716 593 823 779 721 132 862 487 346 685 160 519 484 707 1129 737 678 389 633 699 700 505 726 997 93 591 498 783 546 613 518 851 694 622 161 377 585 1073 1182 363 721 745 1052 324 0 676 1061 574 366 456 637 715
667 753 915 665 619 342 974 672 360 987 599 549 959 268 966 727 993 790 642 913 269 862 619 437 763 681 599 659 671 568 561 951 201 255 666 364 518 937 939 623 561 337 504 331 577 415 220 88 824 956 324 324 612 394 81 209 884 692 655 988 324 941 279 564 516 802 645 551 590 794 128 781 877 521 672 903 747 741 676 0 769 985 524 613 284 666
844 423 1264 335 1017 700 1323 171 717 1336 219 535 1308 625 1315 1125 1343 372 422 1262 705 197 273 660 1112 787 706 329 799 554 959 1349 595 868 398 541 504 1287 1288 999 606 695 902 689 975 593 715 782 209 1305 681 785 790 416 775 820 1233 333 1053 1337 681 1290 891 590 855 405 462 728 988 1192 740 102 147 919 391 1252 417 1139 1071 769 0 1334 922 1012 641 483
948 1317 108 1230 415 1014 353 1237 1105 16 1164 1080 38 1012 54 428 22 1355 1213 292 983 1427 1184 1007 400 944 1024 1224 933 1062 461 97 911 934 1237 852 1082 317 218 653 1066 1009 541 1076 437 779 792 1053 1389 235 1069 697 893 959 1046 814 466 1257 553 36 1020 320 855 1134 523 1373 1215 882 488 238 894 1346 1441 519 1243 282 1311 319 574 985 1334 0 561 424 1029 1236
536 906 491 818 309 631 550 826 648 564 752 702 535 556 542 417 570 943 1001 489 635 1015 773 799 339 533 612 812 521 721 137 586 450 473 977 441 671 514 515 445 710 625 40 620 268 367 332 592 977 532 612 237 481 548 585 353 460 846 345 564 612 517 394 926 366 984 1007 470 280 485 434 934 1030 98 970 479 900 431 366 524 922 561 0 190 572 1028
625 995 354 907 399 720 413 915 737 427 842 791 398 645 405 507 433 1032 1090 352 725 1105 862 888 202 622 701 901 610 810 90 449 539 562 1066 530 760 377 379 534 799 715 170 709 357 457 421 681 1066 395 701 326 570 637 674 442 323 935 434 427 701 380 483 1015 325 1073 1096 559 369 574 523 1024 1119 147 1059 342 989 520 456 613 1012 424 190 0 661 1117
539 625 958 537 667 184 1017 544 152 1031 471 421 1003 59 1009 775 1037 662 585 956 219 734 491 379 806 552 471 531 564 440 608 999 148 382 609 236 389 981 983 566 433 179 552 123 625 287 268 297 696 999 100 372 484 266 290 336 928 564 640 1031 165 984 407 507 550 703 587 423 638 842 255 653 748 569 615 947 618 788 637 284 641 1029 572 661 0 609
984 562 1272 474 864 464 1462 386 685 1239 359 675 1210 592 1218 972 1245 616 280 1401 433 645 445 304 1251 927 845 468 938 694 1065 1196 609 764 128 681 644 1426 1383 643 746 459 1008 656 822 732 729 679 650 1399 649 833 929 555 672 718 1372 518 718 1253 470 1429 789 334 995 264 80 867 786 1039 637 485 594 1025 249 1391 556 986 715 666 473 1236 1028 1117 609 0
EOF