NAME : tsp_problem
TYPE : TSP
DIMENSION : 28
EDGE_WEIGHT_TYPE : EXPLICIT
EDGE_WEIGHT_FORMAT : FULL_MATRIX
EDGE_WEIGHT_SECTION
0 573 707 470 764 1019 619 707 118 529 920 608 887 485 324 556 573 143 482 578 592 865 935 455 166 499 276 525
573 0 320 250 470 633 420 265 572 290 534 223 501 143 426 910 303 649 424 143 830 479 641 398 536 130 637 164
707 320 0 386 208 484 229 345 705 370 385 529 352 381 559 995 608 799 363 449 914 330 492 389 669 395 770 320
470 250 386 0 536 699 486 263 455 84 600 418 567 338 642 974 498 467 571 338 1011 545 618 544 503 325 694 123
764 470 208 536 0 650 267 495 763 520 551 679 518 531 617 1052 706 856 313 599 971 496 659 338 727 545 827 470
1019 633 484 699 650 0 671 658 1018 683 164 842 192 694 872 1307 921 1081 756 762 1227 239 312 729 982 708 1083 632
619 420 229 486 267 671 0 445 618 470 572 595 539 473 472 907 561 711 168 549 826 517 679 193 582 486 682 420
707 265 345 263 495 658 445 0 692 247 559 436 526 326 601 1081 516 704 530 356 1001 504 666 504 711 340 812 227
118 572 705 455 763 1018 618 692 0 514 919 606 886 484 323 555 572 129 481 577 591 864 920 454 151 497 274 510
529 290 370 84 520 683 470 247 514 0 584 461 551 351 626 1033 541 526 555 381 1026 529 677 529 562 365 753 182
920 534 385 600 551 164 572 559 919 584 0 743 162 595 773 1208 822 1012 657 663 1128 140 302 630 883 609 983 533
608 223 529 418 679 842 595 436 606 461 743 0 710 171 460 944 295 700 458 109 864 688 850 432 570 157 671 332
887 501 352 567 518 192 539 526 886 551 162 710 0 562 740 1175 789 945 624 630 1095 90 177 598 850 576 951 500
485 143 381 338 531 694 473 326 484 351 595 171 562 0 338 822 241 577 336 107 741 540 702 309 448 68 548 252
324 426 559 642 617 872 472 601 323 626 773 460 740 338 0 547 426 416 335 431 466 718 881 308 287 351 387 576
556 910 995 974 1052 1307 907 1081 555 1033 1208 944 1175 822 547 0 910 648 770 915 118 1153 1316 743 519 836 422 1030
573 303 608 498 706 921 561 516 572 541 822 295 789 241 426 910 0 665 424 266 829 767 929 397 536 228 636 412
143 649 799 467 856 1081 711 704 129 526 1012 700 945 577 416 648 665 0 574 670 685 957 932 547 176 591 368 522
482 424 363 571 313 756 168 530 481 555 657 458 624 336 335 770 424 574 0 429 689 602 764 109 445 349 545 505
578 143 449 338 599 762 549 356 577 381 663 109 630 107 431 915 266 670 429 0 834 607 770 402 541 93 641 252
592 830 914 1011 971 1227 826 1001 591 1026 1128 864 1095 741 466 118 829 685 689 834 0 1072 1235 663 555 755 458 975
1053 759 610 736 777 430 797 784 1038 795 420 968 295 820 998 1434 1047 1050 882 888 1353 0 281 856 1086 834 1209 759
1099 713 564 779 730 324 751 738 1098 763 374 922 248 774 952 1387 1001 1138 836 842 1307 302 0 809 1062 788 1163 712
455 398 389 544 338 729 193 504 454 529 630 432 598 309 308 743 397 547 109 402 663 575 738 0 418 323 519 478
166 536 669 503 727 982 582 711 151 562 883 570 850 448 287 519 536 176 445 541 555 828 968 418 0 461 238 558
499 130 395 325 545 708 486 340 497 365 609 157 576 68 351 836 228 591 349 93 755 553 716 323 461 0 562 239
276 637 770 694 827 1083 682 812 274 753 983 671 951 548 387 422 636 368 545 641 458 928 1091 519 238 562 0 750
525 164 320 123 470 632 420 227 510 182 533 332 500 252 576 1030 412 522 505 252 975 478 641 478 558 239 750 0
EOF