NAME : tsp_problem
TYPE : TSP
DIMENSION : 32
EDGE_WEIGHT_TYPE : EXPLICIT
EDGE_WEIGHT_FORMAT : FULL_MATRIX
EDGE_WEIGHT_SECTION
0 326 1283 746 976 699 682 839 252 1003 1334 503 1375 1446 188 500 1446 1381 807 986 788 584 366 895 359 1422 1492 823 737 713 1355 708
326 0 1076 460 710 493 476 632 238 736 1128 296 1168 1240 316 215 1239 1175 601 780 582 299 123 689 209 1215 1286 617 530 427 1148 423
1283 1076 0 870 626 804 724 719 1086 606 560 820 732 804 1164 1174 803 639 828 809 770 1180 1085 638 1197 432 850 757 842 888 712 912
736 460 870 0 302 370 437 735 583 328 1138 566 1270 1342 660 425 1341 1216 312 624 685 362 527 533 614 1009 1388 241 445 71 1250 146
976 710 626 302 0 318 385 683 780 131 895 514 1027 1098 857 674 1097 973 260 572 633 612 777 481 863 766 1144 189 393 320 1006 344
699 493 804 370 318 0 107 406 503 344 901 237 941 1013 580 591 1012 948 127 373 355 676 502 283 613 944 1059 172 93 389 921 413
682 476 724 437 385 107 0 389 486 411 825 220 865 937 563 574 936 872 215 331 339 659 485 240 597 863 983 232 145 455 845 479
839 632 719 735 683 406 389 0 642 709 771 377 812 883 720 731 883 818 514 620 90 815 642 449 753 859 929 530 443 753 792 778
252 238 1086 583 780 503 486 642 0 806 1138 306 1178 1250 133 337 1249 1185 611 790 592 422 169 699 166 1225 1296 627 540 550 1158 545
1003 736 606 328 131 344 411 709 806 0 874 540 1006 1078 884 700 1077 952 286 598 659 638 803 507 890 745 1124 215 419 346 986 371
1334 1128 560 1138 895 901 825 771 1138 874 0 872 219 291 1215 1226 290 125 1009 909 821 1311 1137 739 1248 173 337 1025 938 1157 199 1181
503 296 820 566 514 237 220 377 306 540 872 0 912 984 384 395 983 919 345 524 326 479 306 433 417 960 1030 361 274 585 892 603
1375 1168 732 1270 1027 941 865 812 1178 1006 219 912 0 169 1256 1266 168 266 1049 950 862 1351 1178 779 1289 345 215 1065 978 1288 77 1313
1446 1240 804 1342 1098 1013 937 883 1250 1078 291 984 169 0 1327 1338 27 338 1121 1021 933 1423 1249 851 1361 417 99 1137 1050 1360 125 1384
188 316 1164 660 857 580 563 720 133 884 1215 384 1256 1327 0 414 1327 1262 688 867 669 499 247 776 240 1303 1373 704 617 627 1236 622
343 177 1211 596 846 628 611 768 374 872 1263 432 1304 1375 452 0 1375 1310 736 915 717 435 258 824 345 1351 1421 752 665 563 1284 558
1446 1239 803 1341 1097 1012 936 883 1249 1077 290 983 168 27 1327 1337 0 337 1120 1021 933 1422 1249 850 1360 416 106 1136 1049 1359 125 1384
1381 1175 639 1216 973 948 872 818 1185 952 125 919 266 338 1262 1273 337 0 1056 956 868 1358 1184 786 1296 252 384 1072 985 1235 246 1259
807 601 828 312 260 127 215 514 611 286 1009 345 1049 1121 688 685 1120 1056 0 481 463 622 610 391 721 968 1167 114 201 331 1029 355
986 780 809 624 572 373 331 620 790 598 909 524 950 1021 867 878 1021 956 481 0 642 934 789 207 901 948 1067 419 411 642 930 666
788 582 770 685 632 355 338 90 592 659 821 326 862 933 669 680 933 868 463 642 0 765 591 499 703 909 980 479 393 703 842 727
575 299 1180 362 612 676 659 815 422 638 1311 479 1351 1423 499 264 1422 1358 622 934 765 0 366 843 453 1319 1469 551 713 329 1331 325
366 123 1085 527 777 502 485 642 169 803 1137 306 1178 1249 247 281 1249 1184 610 789 591 366 0 698 159 1225 1295 626 539 494 1158 489
895 689 638 533 481 283 240 449 699 507 739 433 779 851 776 787 850 786 391 207 499 843 698 0 809 777 897 328 320 552 759 576
359 209 1197 614 863 613 597 753 166 890 1248 417 1289 1361 240 368 1360 1296 721 901 703 453 159 809 0 1336 1407 738 651 581 1269 576
1422 1215 432 1009 766 944 863 859 1225 745 173 960 345 417 1303 1314 416 252 968 948 909 1319 1225 777 1336 0 463 896 981 1028 325 1052
1492 1286 850 1388 1144 1059 983 929 1296 1124 337 1030 215 99 1373 1384 106 384 1167 1067 980 1469 1295 897 1407 463 0 1183 1096 1406 171 1430
823 617 757 241 189 172 232 530 627 215 1025 361 1065 1137 704 613 1136 1072 114 419 480 551 626 328 738 896 1183 0 247 259 1045 284
737 530 842 445 393 93 145 443 540 419 938 274 978 1050 617 628 1049 985 201 411 393 713 539 320 651 981 1096 247 0 463 958 487
703 427 888 71 320 389 455 754 550 346 1157 585 1288 1360 627 392 1359 1235 331 642 703 329 494 552 581 1028 1406 259 463 0 1268 165
1355 1148 712 1250 1006 921 845 792 1158 986 199 892 77 125 1236 1246 125 246 1029 930 842 1331 1158 759 1269 325 171 1045 958 1268 0 1293
698 423 912 146 344 413 479 778 545 371 1181 603 1313 1384 622 387 1384 1259 355 666 727 325 489 576 576 1052 1430 284 487 165 1293 0
EOF