NAME : tsp_problem
TYPE : TSP
DIMENSION : 28
EDGE_WEIGHT_TYPE : EXPLICIT
EDGE_WEIGHT_FORMAT : FULL_MATRIX
EDGE_WEIGHT_SECTION
0 1278 824 639 997 425 723 791 881 700 571 1336 793 897 835 729 386 760 860 821 36 731 1283 1212 920 757 801 627
1278 0 895 835 704 1337 1065 530 944 948 898 321 864 490 702 849 932 794 923 502 1284 943 268 115 804 605 875 969
824 895 0 198 565 726 431 418 85 231 458 953 73 465 228 132 478 545 64 447 830 689 900 829 274 325 625 335
639 835 198 0 505 622 285 358 255 126 274 894 167 405 248 103 294 463 234 388 646 505 840 769 295 265 565 189
997 704 565 505 0 790 596 387 614 618 617 510 534 274 372 519 651 513 593 416 1003 662 649 638 474 275 594 622
425 1337 726 622 790 0 493 851 784 602 630 1244 696 957 776 632 446 819 762 880 431 791 1343 1272 823 816 860 519
723 1065 431 285 596 493 0 579 488 307 358 1050 401 639 481 337 377 547 467 608 729 589 1070 999 528 499 658 123
791 530 418 358 387 851 579 0 467 471 412 589 388 287 225 372 446 308 446 174 797 457 536 465 327 147 388 482
881 944 85 255 614 784 488 467 0 288 516 1003 116 514 276 189 535 594 32 497 887 743 949 878 323 374 674 392
700 948 231 126 618 602 307 471 288 0 334 1007 200 518 281 136 354 524 267 501 706 566 953 882 328 378 635 211
571 898 458 274 617 630 358 412 516 334 0 957 428 518 455 364 225 223 494 441 577 279 904 833 555 377 349 262
1336 321 953 894 510 1244 1050 589 1003 1007 957 0 923 549 760 907 990 853 981 560 1342 1002 226 255 862 663 933 1027
793 864 73 167 534 696 401 388 116 200 428 923 0 435 197 101 447 514 95 417 799 659 870 799 244 294 594 304
897 490 465 405 274 957 639 287 514 518 518 549 435 0 272 419 551 414 493 316 903 563 495 425 374 175 494 543
835 702 228 248 372 776 481 225 276 281 455 760 197 272 0 182 489 351 255 254 841 500 707 636 136 131 432 385
729 849 132 103 519 632 337 372 189 136 364 907 101 419 182 0 383 499 168 401 735 595 854 783 228 279 579 240
386 932 478 294 651 446 377 446 535 354 225 990 447 551 489 383 0 414 514 475 392 385 937 866 574 411 455 281
758 794 545 462 513 818 545 308 594 522 223 853 514 414 351 499 412 0 573 337 764 288 800 729 454 273 219 449
860 923 64 234 593 762 467 446 32 267 494 981 95 493 255 168 514 573 0 475 866 721 928 857 301 353 653 371
821 502 447 388 416 880 608 174 497 501 441 560 417 316 254 401 475 337 475 0 827 486 507 436 356 176 418 512
36 1284 830 646 1003 431 729 797 887 706 577 1342 799 903 841 735 392 766 866 827 0 737 1289 1218 926 763 807 633
731 943 689 505 662 791 589 457 743 566 279 1002 659 563 500 595 385 288 721 486 737 0 949 878 603 422 103 493
1283 268 900 840 649 1343 1070 536 949 953 904 226 870 495 707 854 937 800 928 507 1289 949 0 202 809 610 880 974
1212 115 829 769 638 1272 999 465 878 882 833 255 799 425 636 783 866 729 857 436 1218 878 202 0 738 539 809 903
920 804 274 295 474 823 528 327 323 328 555 862 244 374 136 228 574 454 301 356 926 603 809 738 0 234 534 432
757 605 325 265 275 816 499 147 374 378 377 663 294 175 131 279 411 273 353 176 763 422 610 539 234 0 353 403
801 875 625 565 594 860 658 388 674 635 349 933 594 494 432 579 455 219 653 418 807 103 880 809 534 353 0 562
627 969 335 189 622 519 123 482 392 211 262 1027 304 543 385 240 281 451 371 512 633 493 974 903 432 403 562 0
EOF