NAME : tsp_problem
TYPE : TSP
DIMENSION : 20
EDGE_WEIGHT_TYPE : EXPLICIT
EDGE_WEIGHT_FORMAT : FULL_MATRIX
EDGE_WEIGHT_SECTION
0 749 384 151 1334 596 614 560 1138 756 673 773 830 529 803 537 1021 662 571 838
749 0 929 692 634 534 642 233 532 477 989 703 480 606 181 915 321 573 373 488
527 937 0 598 1309 444 462 1046 1344 730 337 628 805 691 822 325 1045 637 758 813
151 692 455 0 1277 543 651 503 1080 699 744 716 773 472 746 609 964 605 514 781
1334 634 1301 1277 0 906 1014 819 382 849 1361 1031 852 1023 602 1287 367 945 794 860
596 534 436 543 906 0 209 702 941 327 496 274 402 288 419 422 642 234 355 409
614 642 454 651 1014 209 0 810 1049 306 514 203 381 396 527 440 750 213 463 388
560 233 903 503 819 702 810 0 622 661 1157 875 665 631 366 1056 506 757 558 672
1138 532 1335 1080 382 941 1049 622 0 883 1395 1066 887 1057 637 1322 401 979 828 894
756 477 722 698 849 327 306 661 883 0 782 259 108 444 362 708 585 129 477 116
682 989 522 754 1361 496 514 1157 1395 782 0 679 856 743 874 320 1097 688 810 864
773 703 619 716 1031 274 203 875 1066 259 679 0 334 461 588 606 811 166 529 342
760 413 726 703 785 331 439 598 819 403 786 505 0 448 298 713 521 380 413 414
529 606 683 472 1023 288 396 631 1057 444 743 461 519 0 491 669 714 351 330 526
803 181 814 746 602 419 527 366 637 362 874 588 365 491 0 800 290 458 258 373
537 915 377 609 1287 422 440 1056 1322 708 320 606 783 669 800 0 1023 615 736 791
1021 321 1037 964 367 642 750 506 401 585 1097 811 588 714 290 1023 0 681 481 596
662 573 628 605 945 234 213 757 979 129 688 166 204 351 458 615 681 0 418 212
571 373 750 514 794 355 463 558 828 477 810 529 480 330 258 736 481 418 0 488
750 403 716 693 775 321 429 588 809 393 776 495 396 438 288 702 511 370 403 0
EOF