NAME : tsp_problem
TYPE : TSP
DIMENSION : 76
EDGE_WEIGHT_TYPE : EXPLICIT
EDGE_WEIGHT_FORMAT : FULL_MATRIX
EDGE_WEIGHT_SECTION
0 847 834 115 905 875 687 1114 1214 722 963 947 629 925 953 858 698 245 140 209 1058 925 778 996 759 593 1296 1292 292 823 923 1163 798 245 957 920 1290 748 909 997 300 627 184 1094 778 213 1190 786 896 1133 971 427 972 959 576 332 1207 887 656 1010 880 1186 700 875 1041 231 710 926 177 1119 1009 204 884 824 840 493
847 0 682 907 331 172 507 540 641 345 390 373 482 468 262 666 420 980 932 945 484 351 632 422 185 283 722 718 848 92 466 589 546 1036 384 464 716 192 335 424 696 243 920 520 792 974 616 358 322 560 397 555 399 386 302 956 633 449 510 508 118 613 227 302 467 934 432 116 714 545 435 965 175 422 360 732
834 682 0 894 505 663 611 888 808 565 563 365 581 571 779 106 576 715 920 687 845 525 730 393 759 594 1014 1079 836 624 568 757 649 1024 354 566 1008 567 398 394 635 628 847 822 215 962 908 493 405 350 367 493 319 559 577 636 967 552 608 228 668 403 625 423 829 922 564 718 702 847 406 953 820 525 463 412
115 907 894 0 965 935 747 1174 1275 782 1023 1007 689 985 1013 918 758 305 164 270 1118 985 838 1056 819 654 1356 1352 245 883 983 1223 859 198 1018 981 1350 808 969 1057 361 688 244 1154 839 166 1250 846 956 1193 1031 488 1033 1019 637 392 1267 947 717 1070 940 1246 760 936 1101 185 770 986 237 1179 1069 157 944 884 900 553
905 331 505 965 0 312 339 551 651 214 90 173 394 299 429 489 289 1039 991 1003 494 102 471 223 480 440 733 729 907 274 297 600 377 1095 184 294 727 217 136 224 710 474 978 531 668 1033 627 221 123 383 198 568 230 136 423 969 644 280 398 331 317 436 274 102 478 992 292 367 772 556 236 1024 470 253 191 745
875 172 663 935 312 0 488 410 510 326 370 354 511 449 156 647 401 1009 961 974 354 332 620 403 321 410 592 588 877 198 446 459 527 1065 364 444 586 187 316 404 725 379 948 390 820 1003 486 339 303 540 378 583 380 366 393 984 503 430 539 488 87 593 244 282 337 963 413 138 742 415 416 994 311 403 341 760
687 507 611 747 339 488 0 727 827 189 397 380 92 276 605 595 101 821 773 785 670 359 169 430 453 287 909 905 689 450 273 776 148 877 391 271 903 393 342 431 488 321 760 707 583 815 803 169 330 488 404 346 328 393 270 747 820 237 96 436 493 541 394 309 654 775 89 543 554 732 443 806 578 175 191 523
1114 540 888 1174 551 410 727 0 303 565 610 593 750 688 447 872 640 1248 1200 1213 86 571 859 642 689 649 324 368 1116 483 686 252 766 1304 604 683 318 426 555 643 964 684 1187 122 1051 1242 219 578 542 612 617 822 619 605 633 1223 151 669 778 713 456 569 484 522 197 1202 652 506 982 147 655 1233 679 642 580 999
1223 649 951 1283 660 519 836 251 0 674 718 702 859 797 556 935 749 1357 1309 1321 288 680 968 751 798 758 254 346 1225 592 794 315 875 1413 712 792 248 535 664 752 1073 792 1296 170 1114 1351 148 687 651 675 726 931 727 714 741 1332 331 777 886 777 564 632 592 630 289 1311 761 615 1090 195 764 1342 787 751 689 1108
722 345 565 782 214 326 189 565 665 0 272 256 219 253 443 549 102 856 808 821 508 234 321 305 488 322 746 743 724 287 251 614 237 912 267 248 741 231 218 306 523 356 795 544 618 850 641 91 205 442 280 381 282 268 306 782 658 218 247 390 331 495 288 184 492 810 114 381 589 570 318 841 484 155 145 558
963 390 563 1023 90 370 397 610 710 272 0 232 453 358 487 548 347 1097 1049 1062 553 62 529 281 538 498 791 787 965 332 355 658 435 1153 243 353 785 275 194 282 768 532 1036 589 727 1091 686 280 181 441 256 626 288 195 481 1028 702 338 456 389 375 494 332 161 536 1051 351 426 831 614 294 1082 528 312 249 804
947 373 365 1007 173 354 380 593 693 256 232 0 436 341 470 349 331 1028 1032 1000 536 193 513 83 522 482 774 770 948 315 338 642 419 1136 44 336 768 258 66 84 752 516 1020 572 528 1074 669 263 74 243 58 610 126 228 465 949 685 321 440 191 359 296 316 91 520 1034 334 409 814 597 96 1065 511 295 233 725
629 482 581 689 394 511 92 750 850 219 453 436 0 331 627 604 157 762 714 727 693 414 183 485 394 229 931 928 630 458 329 799 204 818 447 326 926 384 398 486 430 263 702 729 525 756 826 225 385 544 460 288 383 449 212 689 843 293 62 492 516 597 335 365 677 716 145 562 496 754 498 747 519 230 246 465
925 468 571 985 299 449 276 688 788 253 358 341 331 0 566 556 241 1059 1011 1024 632 319 408 390 617 526 870 866 927 411 39 737 314 1115 352 39 864 354 303 391 726 560 998 668 734 1053 764 182 290 449 365 584 288 353 509 986 781 72 335 397 454 502 411 270 615 1013 229 505 793 693 403 1044 607 124 121 762
953 262 779 1013 429 156 605 447 548 443 487 470 627 566 0 764 518 1087 1039 1052 391 449 737 520 411 510 629 625 955 288 563 496 643 1143 481 561 623 304 432 521 842 469 1026 427 937 1081 523 456 420 657 494 700 496 483 510 1101 540 546 655 605 204 710 361 399 374 1041 530 176 820 452 533 1072 401 520 458 877
858 666 106 918 489 647 595 872 793 549 548 349 604 556 764 0 561 739 943 710 830 509 727 377 783 618 998 1064 860 609 553 741 633 1048 339 551 992 552 382 378 659 652 870 806 239 986 893 478 390 335 352 517 304 544 601 659 952 536 632 212 652 388 609 407 813 945 549 703 725 831 390 976 805 510 447 435
698 420 576 758 289 401 101 640 740 102 347 331 157 241 518 561 0 832 784 796 583 309 233 380 464 298 821 818 700 362 239 689 149 888 341 236 816 306 293 381 499 332 771 619 594 826 716 135 280 454 355 357 293 343 281 758 733 203 160 402 406 507 363 259 567 786 55 456 565 645 393 817 559 140 156 534
245 980 715 305 1039 1009 821 1248 1348 856 1097 1028 762 1059 1087 739 832 0 330 57 1191 1058 912 1056 892 727 1429 1426 481 956 1056 1297 932 434 1018 1054 1424 882 1042 1057 434 761 217 1227 660 402 1324 919 1030 1014 1031 561 983 1093 710 173 1341 1021 790 891 1014 1067 833 1009 1175 421 844 1060 310 1252 1069 393 1017 958 974 334
140 932 920 164 991 961 773 1200 1300 808 1049 1032 714 1011 1039 943 784 330 0 295 1143 1010 864 1081 844 679 1381 1378 340 908 1008 1249 884 293 1043 1006 1376 834 994 1083 386 713 270 1179 864 261 1276 871 982 1218 1056 513 1058 1045 662 417 1293 973 742 1096 966 1271 785 961 1127 280 796 1012 262 1204 1095 252 969 910 926 578
209 945 687 270 1003 974 785 1213 1313 821 1062 1000 727 1024 1052 710 796 57 295 0 1156 1023 877 1027 857 692 1394 1390 446 921 1021 1261 897 399 989 1019 1388 846 1007 1028 399 726 182 1192 631 367 1289 884 994 985 1002 526 954 1058 675 144 1305 985 755 862 978 1038 798 974 1140 386 809 1025 275 1217 1040 358 982 923 939 305
1058 484 845 1118 494 354 670 86 313 508 553 536 693 632 391 830 583 1191 1143 1156 0 514 803 585 632 593 361 311 1059 426 629 262 709 1247 547 627 355 369 498 587 907 627 1131 159 1003 1185 256 522 485 622 560 766 562 549 576 1167 188 612 721 671 399 579 427 465 140 1145 596 449 925 184 598 1176 622 586 523 943
925 351 525 985 102 332 359 571 671 234 62 193 414 319 449 509 309 1058 1010 1023 514 0 491 243 500 460 753 749 927 294 316 620 397 1115 204 314 747 237 156 244 730 494 998 550 688 1053 647 241 143 402 218 588 250 156 443 989 664 300 418 351 337 456 294 122 498 1012 312 387 792 576 256 1043 490 273 211 765
778 632 730 838 471 620 169 859 960 321 529 513 183 408 737 727 233 912 864 877 803 491 0 562 544 379 1041 1037 780 582 405 908 280 968 523 403 1035 525 475 563 579 413 851 839 674 906 935 301 462 620 537 437 460 525 362 839 952 370 149 569 625 673 485 441 786 866 222 676 646 864 575 897 669 307 323 615
996 422 393 1056 223 403 430 642 728 305 281 83 485 390 520 377 380 1056 1081 1027 585 243 562 0 571 531 824 820 998 365 387 676 468 1186 51 385 818 308 115 58 801 565 1069 622 556 1124 718 312 123 270 45 659 154 277 514 976 735 371 489 218 408 323 365 140 569 1083 383 458 863 647 43 1114 561 344 282 752
700 393 701 760 418 388 394 627 727 429 476 459 336 555 505 725 405 834 786 799 570 438 485 509 0 235 809 805 702 335 552 676 505 890 470 550 803 261 422 510 550 269 773 607 645 828 703 445 409 646 484 408 485 472 218 809 720 535 364 594 393 699 212 388 554 788 417 443 567 632 522 819 526 509 447 585
593 283 594 654 440 410 287 649 750 322 498 482 229 526 510 618 298 727 679 692 593 460 379 531 196 0 831 827 595 339 523 698 399 783 493 521 825 283 444 532 443 132 666 629 538 721 726 386 431 668 506 301 508 494 112 703 742 487 257 616 365 721 235 411 576 681 311 363 461 654 544 712 321 425 441 479
1296 722 1024 1356 733 592 909 324 439 746 791 774 931 870 629 1008 821 1429 1381 1394 361 753 1041 824 870 831 0 116 1297 664 867 388 947 1485 785 865 31 607 736 825 1145 865 1369 243 1187 1423 132 760 724 748 798 1004 800 787 814 1405 398 850 959 849 637 705 665 703 361 1383 834 688 1163 268 837 1414 860 824 761 1181
1292 718 1079 1352 729 588 905 368 531 743 787 770 928 866 625 1064 818 1426 1378 1390 311 749 1037 820 867 827 116 0 1294 661 863 480 944 1482 781 861 122 604 733 821 1142 861 1365 335 1237 1420 224 756 720 840 795 1000 796 783 810 1401 343 846 955 905 633 797 661 699 374 1379 830 684 1159 360 833 1411 856 820 758 1177
292 848 836 245 907 877 689 1116 1216 724 965 948 630 927 955 860 700 481 340 446 1059 927 780 998 760 595 1297 1294 0 824 924 1165 800 302 959 922 1292 750 910 999 302 629 421 1095 780 148 1192 788 898 1135 972 429 974 961 578 568 1209 889 658 1012 882 1188 701 877 1043 108 712 928 238 1121 1011 139 885 826 842 720
823 92 624 883 274 198 450 483 583 287 332 315 458 411 288 609 362 956 908 921 426 294 582 365 240 339 664 661 824 0 408 532 488 1012 326 406 659 134 277 366 672 299 896 462 768 950 559 301 265 502 339 531 341 328 341 932 576 391 486 450 144 555 192 244 410 910 375 142 690 487 378 941 230 365 303 708
923 466 568 983 297 446 273 686 786 251 355 338 329 39 563 553 239 1056 1008 1021 629 316 405 387 614 523 867 863 924 408 0 734 311 1112 349 37 861 351 300 389 724 557 996 665 732 1050 762 179 288 446 362 582 285 351 506 983 778 69 332 394 451 499 409 267 612 1010 227 502 790 690 401 1041 604 121 119 759
1273 699 1001 1333 710 569 886 302 98 724 769 752 909 847 606 986 799 1407 1359 1372 339 730 1018 801 848 808 304 396 1275 642 845 0 925 1463 763 842 298 585 714 802 1123 842 1346 221 1165 1401 199 737 701 726 776 981 778 764 792 1382 381 828 937 827 615 682 642 681 339 1361 811 665 1141 246 814 1392 838 801 739 1158
798 546 649 859 377 527 148 766 866 237 435 419 204 314 643 633 149 932 884 897 709 397 280 468 564 399 947 944 800 488 311 815 0 988 429 309 942 431 381 469 599 433 871 745 695 926 842 207 368 526 443 458 366 431 382 859 859 276 207 474 532 579 489 347 693 886 137 582 666 770 481 917 684 213 229 635
245 1036 1024 198 1095 1065 877 1304 1404 912 1153 1136 818 1115 1143 1048 888 434 293 399 1247 1115 968 1186 948 783 1485 1482 302 1012 1112 1353 988 0 1147 1110 1480 938 1098 1187 490 817 374 1283 968 223 1380 976 1086 1323 1160 617 1162 1149 766 521 1397 1077 846 1200 1070 1376 889 1065 1231 241 900 1116 366 1309 1199 214 1073 1014 1030 682
957 384 354 1018 184 364 391 604 689 267 243 44 447 352 481 339 341 1018 1043 989 547 204 523 51 532 493 785 781 959 326 349 638 429 1147 0 347 779 269 77 52 762 527 1030 583 517 1085 680 274 85 232 28 621 115 239 476 938 696 332 450 180 369 285 327 102 531 1045 345 420 825 608 64 1076 522 306 244 714
920 464 566 981 294 444 271 683 784 248 353 336 326 39 561 551 236 1054 1006 1019 627 314 403 385 612 521 865 861 922 406 37 732 309 1110 347 0 859 349 298 386 721 555 993 663 730 1048 759 177 285 444 360 580 283 349 504 981 776 67 330 392 449 497 406 265 610 1008 225 500 788 688 398 1039 602 119 116 757
1290 716 1018 1350 727 586 903 318 433 741 785 768 926 864 623 1002 816 1424 1376 1388 355 747 1035 818 865 825 31 122 1292 659 861 382 942 1480 779 859 0 602 731 819 1140 859 1363 237 1181 1418 126 754 718 742 793 998 794 781 808 1399 398 844 953 843 631 699 659 697 356 1377 828 682 1157 262 831 1409 854 818 756 1175
748 192 567 808 217 187 393 426 526 231 275 258 384 354 304 552 306 882 834 846 369 237 525 308 341 283 607 604 750 134 351 475 431 938 269 349 602 0 220 309 598 317 821 405 693 876 502 244 208 445 282 456 284 271 266 857 519 334 411 393 192 498 120 187 353 836 318 242 615 431 321 867 331 308 246 633
909 335 398 969 136 316 342 555 655 218 194 66 398 303 432 382 293 1042 994 1007 498 156 475 115 484 444 736 733 910 277 300 604 381 1098 77 298 731 220 0 117 714 478 982 534 561 1036 631 225 36 275 90 572 159 190 427 973 648 283 402 223 321 328 278 53 482 996 296 371 776 559 129 1027 474 257 195 749
997 424 394 1057 224 404 431 643 729 306 282 84 486 391 521 378 381 1057 1083 1028 587 244 563 58 572 532 825 821 999 366 389 678 469 1187 52 386 819 309 117 0 802 566 1070 623 557 1125 719 314 124 271 46 660 155 278 515 977 736 372 490 219 409 324 366 142 570 1085 385 460 864 648 71 1116 562 345 283 753
300 696 635 361 710 725 488 964 1064 523 768 752 430 726 842 659 499 434 386 399 907 730 579 801 608 443 1145 1142 302 672 724 1013 599 490 762 721 1140 598 714 802 0 477 373 943 579 428 1040 587 701 934 776 228 777 764 426 521 1057 688 457 811 730 987 549 680 891 388 511 776 168 969 814 419 733 625 641 519
627 243 628 688 474 379 321 684 784 356 532 516 263 560 469 652 332 761 713 726 627 494 413 565 155 132 865 861 629 299 557 732 433 817 527 555 859 317 478 566 477 0 700 663 573 755 760 420 465 702 540 335 542 528 146 737 776 521 291 650 325 755 269 445 610 715 345 323 495 688 578 746 280 459 475 513
184 920 847 244 978 948 760 1187 1287 795 1036 1020 702 998 1026 870 771 217 270 182 1131 998 851 1069 832 666 1369 1365 421 896 996 1236 871 374 1030 993 1363 821 982 1070 373 700 0 1167 791 342 1263 859 969 1145 1044 500 1046 1032 649 304 1280 960 729 1022 953 1198 773 948 1114 360 783 999 250 1192 1082 333 957 897 913 465
1094 520 822 1154 531 390 707 122 237 544 589 572 729 668 427 806 619 1227 1179 1192 159 550 839 622 668 629 243 335 1095 462 665 186 745 1283 583 663 237 405 534 623 943 663 1167 0 985 1221 138 558 522 546 596 802 598 585 612 1203 202 648 757 647 435 503 463 501 159 1181 632 486 961 33 635 1212 658 622 559 979
778 792 215 839 668 820 583 1051 971 618 727 528 525 734 937 239 594 660 864 631 1003 688 674 556 704 538 1177 1237 780 768 732 920 695 968 517 730 1171 693 561 557 579 573 791 985 0 906 1072 657 569 514 531 438 483 723 522 580 1131 715 553 391 825 567 645 586 986 866 606 871 646 1010 569 897 829 689 626 356
213 974 962 166 1033 1003 815 1242 1342 850 1091 1074 756 1053 1081 986 826 402 261 367 1185 1053 906 1124 886 721 1423 1420 148 950 1050 1291 926 223 1085 1048 1418 876 1036 1125 428 755 342 1221 906 0 1318 914 1024 1261 1098 555 1100 1087 704 489 1335 1015 784 1138 1008 1314 827 1003 1169 87 838 1054 335 1247 1137 55 1011 952 968 651
1190 616 918 1250 627 486 803 219 334 641 686 669 826 764 523 903 716 1324 1276 1289 256 647 935 718 765 726 132 224 1192 559 762 282 842 1380 680 759 126 502 631 719 1040 760 1263 138 1082 1318 0 654 618 643 693 898 695 681 709 1299 299 745 854 744 532 599 560 598 256 1278 728 582 1058 163 731 1309 755 718 656 1076
786 358 493 846 221 339 169 578 678 91 280 263 225 182 456 478 135 919 871 884 522 241 301 312 507 386 760 756 788 301 179 627 207 976 274 177 754 244 225 314 587 420 859 558 657 914 654 0 212 371 287 445 210 276 369 846 671 146 228 319 344 424 301 192 505 873 123 395 653 583 325 904 497 84 74 622
896 322 405 956 123 303 330 542 642 205 181 74 385 290 420 390 280 1030 982 994 485 143 462 123 471 431 724 720 898 265 288 591 368 1086 85 285 718 208 36 124 701 465 969 522 569 1024 618 212 0 283 98 559 166 177 414 960 635 271 389 231 308 336 265 46 469 983 283 358 763 547 136 1015 461 244 182 736
1133 560 350 1193 383 540 488 612 532 442 441 243 544 449 657 335 454 1014 1218 985 622 402 620 270 708 668 738 830 1135 502 446 481 526 1323 232 444 732 445 275 271 934 702 1145 546 514 1261 633 371 283 0 245 792 197 437 651 934 692 429 547 176 545 129 502 300 589 1220 442 596 1000 571 283 1251 698 403 341 710
971 397 367 1031 198 378 404 617 703 280 256 58 460 365 494 352 355 1031 1056 1002 560 218 537 45 546 506 798 795 972 339 362 651 443 1160 28 360 793 282 90 46 776 540 1044 596 531 1098 693 287 98 245 0 634 129 252 489 951 710 345 464 193 383 298 340 115 544 1058 358 433 838 621 58 1089 536 319 257 727
427 555 493 488 568 583 346 822 922 381 626 610 288 584 700 517 357 561 513 526 766 588 437 659 467 301 1004 1000 429 531 582 871 458 617 621 580 998 456 572 660 228 335 500 802 438 555 898 445 559 792 634 0 636 622 284 602 915 546 316 669 588 845 408 539 749 515 369 634 295 827 672 546 592 483 499 378
972 399 319 1033 230 380 328 619 655 282 288 126 383 288 496 304 293 983 1058 954 562 250 460 154 547 508 800 796 974 341 285 603 366 1162 115 283 794 284 159 155 777 542 1046 598 483 1100 695 210 166 197 129 636 0 284 491 903 711 269 387 145 385 250 342 184 546 1060 281 435 840 623 167 1091 537 242 180 679
959 386 559 1019 136 366 393 605 706 268 195 228 449 353 483 544 343 1093 1045 1058 549 156 525 277 534 494 787 783 961 328 351 654 431 1149 239 349 781 271 190 278 764 528 1032 585 723 1087 681 276 177 437 252 622 284 0 477 1024 698 334 452 385 371 490 328 156 532 1047 347 422 826 610 290 1078 524 307 245 800
576 302 577 637 423 393 270 633 733 306 481 465 212 509 510 601 281 710 662 675 576 443 362 514 214 112 814 810 578 341 506 681 382 766 476 504 808 266 427 515 426 146 649 612 522 704 709 369 414 651 489 284 491 477 0 686 725 470 240 599 383 704 218 394 559 664 294 381 444 637 527 695 339 408 424 462
332 956 636 392 969 984 747 1223 1324 782 1028 949 689 986 1101 659 758 173 417 144 1167 989 839 976 868 703 1405 1401 568 932 983 1272 859 521 938 981 1399 857 973 977 521 737 304 1203 580 489 1299 846 960 934 951 602 903 1024 686 0 1316 947 717 811 989 987 809 940 1150 508 771 1035 397 1228 989 480 993 885 901 254
1207 633 967 1267 644 503 820 151 383 658 702 685 843 781 540 952 733 1341 1293 1305 188 664 952 735 782 742 398 343 1209 576 778 331 859 1397 696 776 398 519 648 736 1057 776 1280 202 1131 1335 299 671 635 692 710 915 711 698 725 1316 0 761 870 793 548 648 576 614 289 1294 745 599 1074 227 748 1326 771 735 673 1092
887 449 552 947 280 430 237 669 769 218 338 321 293 72 546 536 203 1021 973 985 612 300 370 371 597 487 850 846 889 391 69 717 276 1077 332 67 844 334 283 372 688 521 960 648 715 1015 745 146 271 429 345 546 269 334 470 947 761 0 297 377 434 482 392 250 596 975 191 485 754 673 384 1006 587 86 102 723
656 510 608 717 398 539 96 778 878 247 456 440 62 335 655 632 160 790 742 755 721 418 149 489 422 257 959 955 658 486 332 826 207 846 450 330 953 411 402 490 457 291 729 757 553 784 854 228 389 547 464 316 387 452 240 717 870 297 0 495 543 600 363 368 705 744 148 590 524 782 502 775 547 234 250 493
1010 508 228 1070 331 488 436 713 634 390 389 191 492 397 605 212 402 891 1096 862 671 351 569 218 656 616 839 905 1012 450 394 582 474 1200 180 392 834 393 223 219 811 650 1022 647 391 1138 734 319 231 176 193 669 145 385 599 811 793 377 495 0 493 229 450 248 654 1098 390 544 877 672 231 1129 646 351 289 587
880 118 668 940 317 87 493 456 556 331 375 359 516 454 204 652 406 1014 966 978 399 337 625 408 266 365 637 633 882 144 451 504 532 1070 369 449 631 192 321 409 730 325 953 435 825 1008 532 344 308 545 383 588 385 371 383 989 548 434 543 493 0 598 249 287 382 968 418 84 747 460 421 999 256 408 346 765
1186 613 403 1246 436 593 541 569 489 495 494 296 597 502 710 388 507 1067 1271 1038 579 456 673 323 761 721 695 787 1188 555 499 438 579 1376 285 497 689 498 328 324 987 755 1198 503 567 1314 590 424 336 129 298 845 250 490 704 987 648 482 600 229 598 0 555 353 546 1273 495 649 1053 528 336 1304 751 456 394 763
700 250 625 760 274 244 394 484 584 288 332 316 335 411 361 609 363 833 785 798 427 294 485 365 398 235 665 661 701 192 409 532 489 889 327 406 659 120 278 366 549 269 773 463 645 827 560 301 265 502 340 408 342 328 218 809 576 392 363 450 249 555 0 245 410 787 375 300 567 488 378 818 388 365 303 585
875 302 423 936 102 282 309 522 622 184 161 91 365 270 399 407 259 1009 961 974 465 122 441 140 450 411 703 699 877 244 267 570 347 1065 102 265 697 187 53 142 680 445 948 501 586 1003 598 192 46 300 115 539 184 156 394 940 614 250 368 248 287 353 245 0 449 963 263 338 743 526 153 994 440 224 162 716
1294 720 887 1354 731 590 907 382 303 744 789 772 929 868 627 872 819 1427 1379 1392 392 751 1039 807 868 829 508 601 1295 662 865 251 945 1483 769 863 503 605 734 808 1143 863 1367 316 1051 1421 403 758 722 612 782 1002 734 785 812 1403 462 848 957 713 635 568 663 701 0 1381 832 686 1161 341 820 1412 858 822 760 1179
231 934 922 185 992 963 775 1202 1302 810 1051 1034 716 1013 1041 945 786 421 280 386 1145 1012 866 1083 846 681 1383 1379 108 910 1010 1251 886 241 1045 1008 1377 836 996 1085 388 715 360 1181 866 87 1278 873 983 1220 1058 515 1060 1047 664 508 1294 975 744 1098 968 1273 787 963 1129 0 798 1014 324 1206 1096 78 971 912 928 669
710 432 564 770 292 413 89 652 752 114 351 334 145 229 530 549 55 844 796 809 596 312 222 383 476 311 834 830 712 375 227 701 137 900 345 225 828 318 296 385 511 345 783 632 606 838 728 123 283 442 358 369 281 347 294 771 745 191 148 390 418 495 375 263 579 798 0 469 578 657 396 829 571 128 145 547
926 116 718 986 367 138 543 506 606 381 426 409 562 505 176 703 456 1060 1012 1025 449 387 676 458 264 363 688 684 928 142 502 555 582 1116 420 500 682 242 371 460 776 323 999 486 871 1054 582 395 358 596 433 634 435 422 381 1035 599 485 590 544 84 649 300 338 433 1014 469 0 793 511 471 1045 254 459 396 811
177 714 702 237 772 742 554 982 1082 589 831 814 496 793 820 725 565 310 262 275 925 792 646 863 626 461 1163 1159 238 690 790 1030 666 366 825 788 1157 615 776 864 168 495 250 961 646 335 1058 653 763 1000 838 295 840 826 444 397 1074 754 524 877 747 1053 567 743 908 324 578 793 0 986 876 325 751 692 708 558
1119 545 847 1179 556 415 732 147 262 570 614 597 754 693 452 831 645 1252 1204 1217 184 576 864 647 693 654 268 360 1121 487 690 211 770 1309 608 688 262 431 559 648 969 688 1192 33 1010 1247 163 583 547 571 621 827 623 610 637 1228 227 673 782 672 460 528 488 526 185 1206 657 511 986 0 660 1237 683 647 585 1004
1009 435 406 1069 236 416 443 655 741 318 294 96 498 403 533 390 393 1069 1095 1040 598 256 575 43 584 544 837 833 1011 378 401 689 481 1199 64 398 831 321 129 71 814 578 1082 635 569 1137 731 325 136 283 58 672 167 290 527 989 748 384 502 231 421 336 378 153 582 1096 396 471 876 660 0 1128 574 357 295 765
204 965 953 157 1024 994 806 1233 1333 841 1082 1065 747 1044 1072 976 817 393 252 358 1176 1043 897 1114 877 712 1414 1411 139 941 1041 1282 917 214 1076 1039 1409 867 1027 1116 419 746 333 1212 897 55 1309 904 1015 1251 1089 546 1091 1078 695 480 1326 1006 775 1129 999 1304 818 994 1160 78 829 1045 325 1237 1128 0 1002 943 959 641
714 273 648 775 298 268 408 507 607 312 356 339 350 435 385 633 387 848 800 813 450 318 500 389 415 250 689 685 716 215 432 556 513 904 350 430 683 141 302 390 564 284 787 487 660 842 583 325 289 526 364 423 365 352 233 824 600 415 378 474 273 579 92 268 434 802 399 323 582 512 402 833 0 389 327 600
824 422 525 884 253 403 175 642 742 155 312 295 230 124 520 510 140 958 910 923 586 273 307 344 571 425 824 820 826 365 121 691 213 1014 306 119 818 308 257 345 625 459 897 622 689 952 718 84 244 403 319 483 242 307 408 885 735 86 234 351 408 456 365 224 569 912 128 459 692 647 357 943 561 0 105 661
840 360 463 900 191 341 191 580 680 145 249 233 246 121 458 447 156 974 926 939 523 211 323 282 509 441 761 758 842 303 119 629 229 1030 244 116 756 246 195 283 641 475 913 559 626 968 656 74 182 341 257 499 180 245 424 901 673 102 250 289 346 394 303 162 507 928 145 396 708 585 295 959 499 105 0 677
493 732 412 553 745 760 523 999 1100 558 804 725 465 762 877 435 534 334 578 305 943 765 615 752 644 479 1181 1177 720 708 759 1048 635 682 714 757 1175 633 749 753 519 513 465 979 356 651 1076 622 736 710 727 378 679 800 462 254 1092 723 493 587 765 763 585 716 926 669 547 811 558 1004 765 641 769 661 677 0
EOF