NAME : tsp_problem
TYPE : TSP
DIMENSION : 24
EDGE_WEIGHT_TYPE : EXPLICIT
EDGE_WEIGHT_FORMAT : FULL_MATRIX
EDGE_WEIGHT_SECTION
0 991 206 643 271 884 536 413 790 598 864 545 930 592 312 502 347 786 850 78 750 527 816 157
991 0 830 1024 1068 290 1146 1173 1325 1390 363 1137 223 1385 1110 1163 695 1321 509 1032 592 1156 1351 870
206 830 0 481 284 723 549 427 782 611 703 558 768 605 325 515 186 778 688 246 588 540 808 84
422 803 260 0 398 696 565 409 561 627 676 574 741 621 463 532 149 557 710 462 610 556 587 300
271 1068 284 622 0 961 385 263 639 447 941 394 1007 441 86 351 424 635 927 268 826 376 665 235
884 290 723 916 961 0 1039 1066 1218 1283 256 1030 259 1278 1003 1056 588 1213 402 925 485 1049 1244 763
536 1146 549 790 385 1039 0 203 747 302 958 105 1085 297 450 75 661 743 745 534 645 87 828 501
413 1173 427 634 263 1066 203 0 651 265 1046 212 1112 259 327 170 519 646 891 411 791 194 677 378
790 1325 782 785 639 1218 747 651 0 483 1198 756 1263 501 704 713 671 23 1232 788 1132 738 221 754
598 1390 611 851 447 1283 302 265 483 0 1203 311 1329 57 512 269 737 479 990 596 890 293 565 562
864 363 703 896 941 256 958 1046 1198 1203 0 949 332 1197 983 975 568 1193 281 905 365 968 1224 743
545 1137 558 799 394 1030 105 212 756 311 949 0 1075 306 459 84 652 752 736 543 636 96 837 510
930 223 768 962 1007 259 1085 1112 1263 1329 332 1075 0 1323 1048 1101 634 1259 478 970 561 1094 1289 808
592 1385 605 846 441 1278 297 259 501 57 1197 306 1323 0 506 263 731 497 984 590 884 288 583 557
312 1110 325 687 86 1003 450 327 704 512 983 459 1048 506 0 416 466 700 968 310 868 441 730 277
502 1163 515 756 351 1056 75 170 713 269 975 84 1101 263 416 0 642 709 762 500 662 66 795 467
347 695 186 370 424 588 661 519 671 737 568 652 634 731 466 642 0 667 635 387 535 666 697 225
786 1321 778 781 635 1213 743 646 23 479 1193 752 1259 497 700 709 667 0 1228 784 1127 734 216 750
850 509 688 931 927 402 745 891 1232 990 281 736 478 984 968 762 635 1228 0 890 152 755 1258 728
78 1032 246 683 268 925 534 411 788 596 905 543 970 590 310 500 387 784 890 0 790 525 814 198
750 592 588 831 826 485 645 791 1132 890 365 636 561 884 868 662 535 1127 152 790 0 655 1158 628
527 1156 540 781 376 1049 87 194 738 293 968 96 1094 288 441 66 666 734 755 525 655 0 819 492
816 1351 808 811 665 1244 828 677 221 565 1224 837 1289 583 730 795 697 216 1258 814 1158 819 0 780
157 870 84 521 235 763 501 378 754 562 743 510 808 557 277 467 225 750 728 198 628 492 780 0
EOF