NAME : tsp_problem
TYPE : TSP
DIMENSION : 42
EDGE_WEIGHT_TYPE : EXPLICIT
EDGE_WEIGHT_FORMAT : FULL_MATRIX
EDGE_WEIGHT_SECTION
0 416 519 649 890 525 488 519 451 437 961 309 332 1017 143 555 421 929 558 232 644 793 215 233 1041 214 526 847 996 673 536 981 411 932 496 363 492 270 893 380 416 524
416 0 269 596 1022 421 432 582 348 658 1022 575 275 1078 440 451 365 990 454 599 540 925 443 320 1102 442 422 978 1057 805 412 1112 778 993 606 569 242 499 954 324 503 420
519 269 0 819 883 645 321 805 571 882 909 565 280 965 543 674 370 877 678 702 763 786 547 335 990 546 645 840 944 666 176 974 881 881 829 430 60 540 842 329 326 644
649 596 819 0 1227 293 858 172 315 248 1332 830 702 1388 724 434 792 1300 326 542 444 1130 727 604 1412 726 405 1183 1366 1010 906 1317 371 1303 196 853 792 783 1264 750 787 292
890 1022 883 1227 0 1131 809 1097 1057 1015 674 698 877 861 914 1160 878 900 1164 730 1249 304 767 825 855 766 1131 357 709 262 736 491 988 614 1073 564 909 673 864 830 612 1130
525 421 645 293 1131 0 684 278 140 355 1157 684 527 1213 549 227 617 1125 43 648 209 1034 552 429 1237 551 231 1087 1192 914 732 1221 477 1128 303 678 617 608 1089 576 612 16
397 484 475 768 722 593 0 754 520 786 749 404 386 805 421 623 469 717 626 580 712 626 425 287 829 424 594 679 783 506 327 813 759 720 778 270 501 379 681 422 204 593
519 582 805 172 1097 278 844 0 300 172 1317 700 687 1373 636 420 777 1285 311 412 429 1000 613 589 1398 608 391 1053 1352 880 892 1187 241 1289 182 833 777 707 1250 736 772 277
734 631 854 368 1340 327 893 353 0 430 1366 893 736 1422 758 469 826 1334 360 723 478 1243 762 638 1447 761 440 1297 1401 1123 941 1431 552 1338 378 887 826 817 1299 785 821 326
437 658 882 248 1015 355 876 172 377 0 1288 618 720 1405 554 497 810 1317 388 330 506 918 531 621 1375 526 468 971 1323 798 924 1105 159 1229 149 751 854 625 1281 768 804 354
961 1022 909 1332 674 1157 836 1317 1083 1288 0 774 903 322 985 1187 904 462 1190 1003 1276 438 842 851 316 841 1158 359 90 536 762 228 1262 107 1342 639 936 748 426 857 638 1156
309 575 565 830 698 684 491 700 610 618 774 0 490 830 333 713 560 742 717 413 802 602 151 392 854 147 684 655 808 482 417 789 592 745 676 171 591 95 706 512 294 683
332 275 280 702 877 527 193 687 453 720 903 490 0 959 355 557 127 871 560 514 646 780 359 133 984 358 528 834 938 660 242 968 693 875 712 424 253 414 836 86 320 526
1017 1078 965 1388 861 1213 892 1373 1139 1405 322 830 959 0 1041 1243 960 232 1246 1120 1332 625 898 907 403 897 1214 545 357 722 818 415 1379 294 1398 695 992 804 173 913 695 1212
143 440 543 724 914 549 512 636 475 554 985 333 355 1041 0 579 445 953 582 349 668 817 239 257 1065 238 550 871 1020 697 560 1005 527 956 612 387 516 294 917 404 440 548
555 451 674 434 1160 227 713 420 186 497 1187 713 557 1243 579 0 647 1155 259 738 128 1064 582 459 1267 581 84 1117 1222 944 761 1251 619 1158 444 708 647 638 1119 605 642 226
333 420 523 703 792 529 470 689 455 721 818 474 321 874 357 558 0 786 561 516 647 695 360 223 899 359 529 748 853 575 397 882 694 790 713 339 495 416 751 369 273 528
929 990 877 1300 900 1125 804 1285 1052 1317 462 742 871 232 953 1155 872 0 1158 1032 1244 765 810 819 542 809 1126 685 497 684 730 554 1291 433 1310 607 904 716 108 825 607 1124
558 454 678 326 1164 43 716 311 173 388 1190 717 560 1246 582 259 650 1158 0 681 242 1067 585 462 1270 584 264 1120 1225 947 765 1254 510 1161 336 711 650 641 1122 609 645 41
232 599 702 542 730 648 671 412 634 330 1003 413 514 1120 349 738 604 1032 681 0 799 633 325 416 1090 321 709 686 1038 513 719 820 304 944 388 546 675 420 996 563 599 648
644 540 763 444 1249 209 802 429 275 506 1276 802 646 1332 668 128 736 1244 242 799 0 1153 671 548 1356 670 173 1206 1311 1033 850 1340 628 1247 454 797 736 727 1208 694 731 208
793 925 786 1130 304 1034 713 1000 960 918 438 602 780 625 817 1064 781 765 1067 633 1153 0 670 728 619 669 1035 121 473 165 639 255 892 379 976 467 813 576 729 734 515 1033
215 443 547 727 767 552 515 613 479 531 842 151 359 898 239 582 449 810 585 325 671 670 0 261 923 59 553 724 877 550 486 858 504 814 589 240 519 148 775 407 363 552
233 320 335 604 825 429 290 589 356 621 851 392 133 907 257 459 223 819 462 416 548 728 261 0 931 260 430 781 886 608 338 915 595 822 614 372 308 316 783 182 306 428
1447 1508 1395 1817 1260 1643 1321 1803 1569 1781 722 1259 1389 808 1471 1672 1390 948 1676 1496 1761 1024 1328 1337 0 1327 1643 945 756 1122 1248 814 1755 693 1827 1125 1421 1234 912 1342 1124 1642
214 442 546 726 766 551 514 608 478 526 841 147 358 897 238 581 448 809 584 321 670 669 59 260 922 0 552 723 876 549 485 857 500 813 584 239 518 147 774 406 362 551
526 422 645 405 1131 231 684 391 157 468 1158 684 528 1214 550 84 618 1126 264 709 173 1035 553 430 1238 552 0 1088 1193 915 732 1222 590 1129 415 679 618 609 1090 576 613 230
847 978 840 1183 357 1087 766 1053 1014 971 359 655 834 545 871 1117 834 685 1120 686 1206 121 724 781 540 723 1088 0 394 219 692 176 945 299 1030 521 866 630 650 787 569 1086
996 1057 944 1366 709 1192 870 1352 1118 1323 90 808 938 357 1020 1222 939 497 1225 1038 1311 473 877 886 351 876 1193 394 0 571 797 263 1297 142 1376 674 971 783 461 892 673 1191
673 805 666 1010 262 914 593 880 840 798 536 482 660 722 697 944 661 684 947 513 1033 165 550 608 716 549 915 219 571 0 519 353 772 476 856 347 693 456 648 614 395 913
535 412 176 905 736 730 174 891 657 923 762 417 242 818 559 760 242 730 763 717 849 639 486 338 842 485 731 692 797 519 0 826 896 733 915 283 203 392 694 195 178 730
981 1112 974 1317 491 1221 900 1187 1148 1105 228 789 968 415 1005 1251 968 554 1254 820 1340 255 858 915 409 857 1222 176 263 353 826 0 1079 168 1164 654 1000 764 519 921 703 1220
411 778 881 371 988 477 850 241 499 159 1262 592 693 1379 527 619 783 1291 510 304 628 892 504 595 1349 500 590 945 1297 772 898 1079 0 1202 217 725 854 599 1255 742 778 476
932 993 881 1303 614 1128 807 1289 1055 1229 107 745 875 294 956 1158 875 433 1161 944 1247 379 814 822 288 813 1129 299 142 476 733 168 1202 0 1287 610 907 720 398 828 610 1128
496 606 829 196 1073 303 868 182 325 149 1342 676 712 1398 612 444 802 1310 336 388 454 976 589 614 1422 584 415 1030 1376 856 916 1164 217 1287 0 809 802 684 1274 760 797 302
363 569 430 853 564 678 357 833 604 751 639 171 424 695 387 708 425 607 711 546 797 467 240 372 719 239 679 521 674 347 283 654 725 610 809 0 457 146 571 378 159 677
492 242 60 792 909 617 348 777 544 854 936 591 253 992 516 647 343 904 650 675 736 813 519 308 1016 518 618 866 971 693 203 1000 854 907 802 457 0 566 868 302 352 616
270 499 540 783 673 608 466 707 534 625 748 95 414 804 294 638 504 716 641 420 727 576 148 316 829 147 609 630 783 456 392 764 599 720 684 146 566 0 681 463 269 607
893 954 842 1264 864 1089 768 1250 1016 1281 426 706 836 173 917 1119 837 108 1122 996 1208 729 775 783 507 774 1090 650 461 648 694 519 1255 398 1274 571 868 681 0 789 571 1089
380 324 329 750 830 576 147 736 502 768 857 512 86 913 404 605 86 825 609 563 694 734 407 182 937 406 576 787 892 614 195 921 742 828 760 378 302 463 789 0 273 575
416 503 326 787 612 612 252 772 539 804 638 294 320 695 440 642 321 607 645 599 731 515 363 306 719 362 613 569 673 395 178 703 778 610 797 159 352 269 571 273 0 611
524 420 644 292 1130 16 683 277 139 354 1156 683 526 1212 548 226 616 1124 41 648 208 1033 552 428 1237 551 230 1086 1191 913 731 1220 476 1128 302 677 616 607 1089 575 611 0
EOF