NAME : tsp_problem
TYPE : TSP
DIMENSION : 70
EDGE_WEIGHT_TYPE : EXPLICIT
EDGE_WEIGHT_FORMAT : FULL_MATRIX
EDGE_WEIGHT_SECTION
0 589 405 436 576 384 67 995 706 276 648 428 421 177 724 905 621 562 563 746 621 297 1048 893 95 393 391 495 936 274 706 292 579 1125 1102 618 1037 511 352 548 467 594 427 548 999 353 710 591 268 634 301 765 977 249 274 595 325 651 365 629 731 489 1056 350 538 975 658 940 356 436
798 0 536 735 345 575 779 1386 1005 665 284 918 945 867 392 1204 308 268 862 480 919 821 1347 1382 807 916 509 1103 1424 631 208 801 877 1424 1401 253 1336 855 651 847 498 601 941 529 1390 651 1198 889 733 862 992 1254 1276 752 663 1005 624 271 544 249 400 787 1355 802 304 1463 450 1428 880 910
405 269 0 778 427 618 447 1234 1048 265 387 752 746 416 495 1247 411 311 905 597 962 621 1345 1132 476 717 270 734 1175 263 435 673 920 1467 1444 356 1379 869 694 890 541 644 751 572 1238 694 949 932 592 905 540 1004 1319 573 263 834 667 389 306 368 503 830 1353 674 347 1214 493 1178 680 760
436 601 778 0 513 193 418 921 540 666 586 453 584 566 661 739 559 500 210 683 218 460 882 917 446 555 750 638 959 663 643 440 176 959 936 555 871 390 118 224 275 294 476 357 925 198 733 188 371 331 691 789 811 391 663 541 196 588 754 566 669 86 890 441 476 998 596 963 519 445
576 250 427 513 0 353 557 1164 783 555 102 696 723 705 187 982 75 148 640 252 697 599 1125 1160 586 694 399 881 1202 521 253 579 655 1202 1179 131 1114 633 429 625 276 379 719 307 1168 429 976 667 511 640 830 1032 1054 530 553 783 402 198 434 176 194 565 1133 580 124 1241 244 1206 658 688
384 441 618 193 353 0 366 973 592 614 425 505 532 514 501 791 398 339 369 523 377 408 934 968 394 503 590 690 1011 611 483 388 335 1011 988 395 923 442 192 383 112 240 528 194 977 238 785 347 319 320 639 840 863 339 611 592 211 428 625 406 508 245 942 389 315 1050 435 1015 467 497
67 631 447 418 557 366 0 1038 688 319 630 454 448 219 706 887 603 544 545 727 603 324 1030 936 40 419 433 537 978 316 687 274 560 1107 1084 599 1019 493 334 530 448 576 454 530 1041 334 752 573 274 616 344 808 959 276 316 637 307 632 407 611 713 471 1038 343 520 1017 640 982 383 458
995 1252 1234 921 1164 973 1038 0 426 1105 1237 732 956 860 1312 394 1210 1151 742 1334 925 939 179 129 1066 927 1220 547 116 1103 1294 1091 883 357 363 1206 269 623 926 727 1055 962 756 1012 13 803 356 895 876 921 755 501 208 896 1103 528 802 1239 1194 1217 1320 928 187 796 1127 155 1247 120 899 724
706 871 1048 540 783 592 688 426 0 935 856 361 584 835 931 244 829 770 361 953 544 567 388 487 716 555 1020 546 474 933 913 710 501 465 441 825 377 298 545 346 674 642 384 692 430 422 641 514 504 540 753 696 316 524 933 448 420 858 1024 836 939 547 396 424 745 513 865 478 527 353
276 397 265 666 555 614 319 1105 935 0 516 623 617 287 624 1134 540 440 793 725 850 493 1217 1004 347 588 199 605 1046 82 564 544 808 1354 1331 485 1266 740 581 777 670 773 622 700 1109 582 820 820 464 863 412 875 1206 444 55 705 554 518 173 497 632 718 1225 545 476 1085 622 1050 552 631
648 211 387 586 102 425 630 1237 856 516 0 769 796 718 149 1055 65 119 713 325 770 672 1198 1232 658 767 359 954 1275 482 192 652 728 1275 1252 93 1187 706 502 698 349 452 792 379 1241 502 1049 740 583 713 843 1104 1127 603 514 856 475 137 395 115 157 638 1206 653 155 1314 301 1279 731 761
428 784 752 453 696 505 454 732 361 623 769 0 257 523 844 550 742 683 274 866 457 241 694 679 483 228 738 400 722 621 826 477 414 771 747 738 683 152 458 259 587 714 57 669 736 335 496 427 238 453 608 551 622 219 621 303 334 771 712 749 852 460 702 169 659 761 779 725 201 66
421 811 746 584 723 532 448 956 584 617 796 257 0 517 871 774 769 710 497 893 680 235 917 903 476 56 731 624 945 615 853 470 638 994 971 765 906 376 499 482 614 742 256 696 960 500 719 650 232 676 642 774 846 213 615 526 473 798 705 776 879 636 925 188 686 984 806 949 94 265
177 599 416 566 705 514 219 860 835 287 718 523 517 0 826 888 742 642 693 875 750 393 971 758 247 488 401 359 800 285 766 444 708 1108 1085 687 1020 603 481 678 596 724 523 678 863 482 574 720 364 763 166 630 960 345 285 459 455 720 375 699 834 618 979 445 668 839 788 804 452 532
724 319 495 661 187 501 706 1312 931 624 149 844 871 826 0 1130 150 227 789 283 846 747 1274 1308 734 843 467 1029 1351 590 300 728 803 1351 1327 178 1263 781 577 774 425 527 868 455 1316 578 1125 816 659 789 951 1180 1202 679 622 932 551 245 503 223 32 714 1282 729 263 1389 393 1354 806 836
905 1070 1247 739 982 791 887 394 244 1134 1055 550 774 888 1130 0 1028 969 560 1152 743 757 355 455 915 745 1219 575 442 1131 1112 909 700 356 240 1024 344 441 744 545 873 780 574 830 398 621 671 713 694 739 783 726 284 713 1131 478 619 1057 1222 1035 1138 746 364 614 944 481 1064 446 717 542
621 234 411 559 75 398 603 1210 829 540 65 742 769 742 150 1028 0 142 686 298 743 645 1171 1206 631 740 383 927 1248 505 216 625 701 1248 1225 93 1160 679 475 671 322 425 765 353 1214 475 1022 713 557 686 867 1077 1100 576 538 829 448 161 418 139 157 611 1179 626 170 1287 290 1252 704 734
562 134 311 500 148 339 544 1151 770 440 119 683 710 642 227 969 142 0 627 318 684 586 1112 1147 572 681 283 868 1189 405 176 566 642 1189 1166 88 1101 620 416 612 263 366 706 294 1155 416 963 654 498 627 766 1018 1041 517 437 770 389 121 318 99 234 552 1120 567 69 1228 215 1193 645 675
563 729 905 210 640 369 545 742 361 793 713 274 497 693 789 560 686 627 0 810 213 480 703 738 573 469 877 459 780 790 770 567 171 780 757 682 692 211 294 98 451 470 297 533 746 280 554 183 418 210 666 610 632 437 790 361 278 715 881 694 796 217 711 338 603 819 723 784 440 266
746 420 597 683 252 523 727 1334 953 725 325 866 893 875 283 1152 298 318 810 0 867 769 1295 1330 756 864 569 1051 1372 691 299 749 825 1372 1349 354 1284 803 599 795 446 549 889 477 1338 599 1146 837 681 810 1000 1202 1224 700 723 953 572 407 604 385 291 735 1303 750 294 1411 414 1376 828 858
437 603 779 361 514 323 419 745 364 667 587 277 500 567 663 563 560 501 221 684 0 461 706 741 447 472 751 462 783 664 644 441 362 783 760 556 695 214 277 206 405 533 300 487 749 154 557 374 372 401 669 613 635 392 664 364 152 589 755 568 670 407 714 341 477 822 597 787 443 269
297 687 621 460 599 408 324 939 567 493 672 241 235 393 747 757 645 586 480 769 644 0 900 886 352 206 607 607 928 490 729 346 602 977 954 641 889 359 375 465 490 618 240 572 943 376 702 614 108 657 518 757 829 88 491 509 349 674 581 652 755 512 908 163 562 967 682 932 170 249
1048 1214 1345 882 1125 934 1030 179 388 1217 1198 694 917 971 1274 355 1171 1112 703 1295 886 900 0 240 1058 888 1331 658 227 1214 1255 1052 844 318 325 1167 230 584 888 688 1016 924 717 973 183 765 467 856 837 883 866 612 170 857 1214 622 763 1200 1305 1179 1281 889 52 757 1088 266 1208 231 860 686
893 1248 1132 917 1160 968 936 129 487 1004 1232 679 903 758 1308 455 1206 1147 738 1330 921 886 240 0 964 874 1118 445 70 1001 1290 1042 878 418 424 1202 330 570 922 723 1051 1023 703 1073 133 799 254 891 823 917 653 399 269 842 1001 426 797 1235 1092 1213 1315 924 248 743 1122 109 1242 74 846 671
95 660 476 446 586 394 40 1066 716 347 658 483 476 247 734 915 631 572 573 756 631 352 1058 964 0 448 461 565 1006 345 716 302 588 1135 1112 628 1047 521 362 558 476 604 482 558 1070 362 781 601 302 644 372 836 987 304 345 666 335 660 435 639 741 499 1066 372 548 1045 668 1010 411 486
393 783 717 555 694 503 419 927 555 588 767 228 56 488 843 745 740 681 469 864 651 206 888 874 448 0 703 595 916 586 824 441 609 965 942 736 877 347 471 453 585 713 227 667 931 471 690 621 203 648 613 746 817 184 586 497 444 769 677 747 850 608 896 160 657 955 777 920 65 237
391 241 270 750 399 590 433 1220 1020 199 359 738 731 401 467 1219 383 283 877 569 935 607 1331 1118 461 703 0 720 1161 165 407 659 892 1439 1416 329 1351 855 666 862 513 616 737 544 1224 667 935 905 578 877 526 990 1291 559 197 820 639 362 145 340 475 803 1339 660 319 1200 465 1164 666 746
495 918 734 638 881 690 537 547 546 605 954 400 624 359 1029 575 927 868 459 1051 642 607 658 445 565 595 720 0 488 603 1011 763 599 796 772 923 708 291 643 444 772 899 424 853 551 520 262 612 544 638 254 317 648 563 603 147 518 956 694 934 1037 645 666 464 843 527 963 492 567 392
936 1291 1175 959 1202 1011 978 116 474 1046 1275 722 945 800 1351 442 1248 1189 780 1372 963 928 227 70 1006 916 1161 488 0 1044 1332 1084 921 405 411 1244 317 612 965 765 1093 1010 745 1060 120 841 297 933 865 959 695 441 256 885 1044 468 840 1277 1135 1255 1358 966 235 785 1165 96 1285 61 888 714
274 363 263 663 521 611 316 1103 933 82 482 621 615 285 590 1131 505 405 790 691 848 490 1214 1001 345 586 165 603 1044 0 529 542 805 1352 1328 451 1264 738 579 775 635 738 620 666 1107 579 818 818 461 861 409 873 1204 442 80 703 552 484 139 462 597 716 1222 543 442 1083 587 1048 549 629
706 268 445 643 253 483 687 1294 913 573 192 826 853 775 300 1112 216 176 770 299 827 729 1255 1290 716 824 417 1011 1332 539 0 709 785 1332 1309 161 1244 763 559 755 406 509 849 437 1298 560 1106 798 641 770 900 1162 1184 660 571 913 532 179 452 157 308 696 1263 710 212 1371 358 1336 788 818
292 668 673 440 579 388 274 1091 710 544 652 477 470 444 728 909 625 566 567 749 625 346 1052 1042 302 441 659 763 1084 542 709 0 582 1129 1106 621 1041 515 356 552 470 598 476 552 1095 356 858 595 296 638 569 914 981 298 542 665 329 654 633 633 735 493 1060 365 542 1123 662 1088 405 480
477 642 818 400 553 362 458 784 403 706 626 316 539 606 702 602 599 540 261 723 443 500 745 780 486 511 791 501 822 703 684 480 0 822 799 595 734 253 316 245 444 572 339 526 788 193 596 413 412 440 708 652 674 431 703 404 191 628 794 607 709 447 754 380 516 861 636 826 483 308
1125 1291 1467 959 1202 1011 1107 357 465 1354 1275 771 994 1108 1351 356 1248 1189 780 1372 963 977 318 418 1135 965 1439 796 405 1352 1332 1129 921 0 166 1244 214 661 965 765 1093 1001 794 1050 360 842 645 933 914 959 1003 789 201 934 1352 698 840 1277 1443 1255 1358 966 326 834 1165 444 1285 408 937 763
1102 1267 1444 936 1179 988 1084 363 441 1331 1252 747 971 1085 1327 240 1225 1166 757 1349 940 954 325 424 1112 942 1416 772 411 1328 1309 1106 897 166 0 1221 221 638 941 742 1070 977 771 1027 367 818 651 910 891 936 980 796 208 910 1329 675 817 1254 1419 1232 1335 943 333 811 1141 450 1262 415 914 739
618 180 356 555 131 395 599 1206 825 485 93 738 765 687 178 1024 93 88 682 354 739 641 1167 1202 628 736 329 923 1244 451 161 621 697 1244 1221 0 1156 675 471 667 318 421 761 349 1210 471 1018 709 553 682 812 1074 1096 572 483 825 444 106 364 85 185 607 1175 622 124 1283 270 1248 700 730
1037 1203 1379 871 1114 923 1019 269 377 1266 1187 683 906 1020 1263 344 1160 1101 692 1284 875 889 230 330 1047 877 1351 708 317 1264 1244 1041 833 214 221 1156 0 573 877 677 1005 913 706 962 273 754 557 845 826 872 915 701 113 846 1264 611 752 1189 1355 1168 1270 878 238 746 1077 356 1197 320 849 675
511 721 869 390 633 442 493 623 298 740 706 152 376 603 781 441 679 620 211 803 394 359 584 570 521 347 855 291 612 738 763 515 351 661 638 675 573 0 395 196 524 651 176 606 627 272 387 364 296 390 498 442 513 316 738 194 271 708 829 686 789 397 593 216 596 651 716 616 319 144
352 517 694 118 429 192 334 926 545 581 502 458 499 481 577 744 475 416 294 599 303 375 888 922 362 471 666 643 965 579 559 356 260 965 941 471 877 395 0 309 274 294 482 356 930 192 739 273 287 330 606 794 816 307 579 546 165 504 670 482 585 171 896 357 392 1003 512 968 434 450
548 714 890 224 625 383 530 727 346 777 698 259 482 678 774 545 671 612 98 795 228 465 688 723 558 453 862 444 765 775 755 552 185 765 742 667 677 196 309 0 465 485 282 547 731 265 539 198 402 224 651 595 617 422 775 346 263 700 866 678 781 231 696 322 588 804 708 769 425 251
467 365 541 275 276 112 448 1055 674 670 349 587 614 596 425 873 322 263 451 446 459 490 1016 1051 476 585 513 772 1093 635 406 470 417 1093 1070 318 1005 524 274 465 0 190 610 117 1059 320 867 429 402 402 721 923 945 421 668 674 293 351 549 329 432 327 1024 471 239 1132 359 1097 549 579
594 467 644 294 379 240 576 962 642 773 452 714 742 724 527 780 425 366 470 549 479 618 924 1023 604 713 616 899 1010 738 509 598 437 1001 977 421 913 651 294 485 190 0 737 107 966 448 994 449 529 298 849 1049 852 549 770 801 421 454 651 432 535 347 932 599 341 1049 461 1014 677 706
427 808 751 476 719 528 454 756 384 622 792 57 256 523 868 574 765 706 297 889 480 240 717 703 482 227 737 424 745 620 849 476 438 794 771 761 706 176 482 282 610 737 0 692 760 359 519 450 237 477 631 575 646 218 620 326 357 794 711 773 875 483 725 168 682 784 802 749 200 65
548 395 572 357 307 194 530 1012 692 700 379 669 696 678 455 830 353 294 533 477 541 572 973 1073 558 667 544 853 1060 666 437 552 499 1050 1027 349 962 606 356 547 117 107 692 0 1016 402 949 511 483 373 802 1004 902 503 698 756 375 382 579 360 462 409 981 553 269 1099 389 1064 631 660
999 1256 1238 925 1168 977 1041 13 430 1109 1241 736 960 863 1316 398 1214 1155 746 1338 929 943 183 133 1070 931 1224 551 120 1107 1298 1095 886 360 367 1210 273 627 930 731 1059 966 760 1016 0 807 360 899 880 925 759 504 212 899 1107 532 805 1243 1198 1221 1324 932 191 800 1130 159 1251 124 903 728
353 518 694 276 429 238 334 803 422 582 502 335 500 482 578 621 475 416 280 599 461 376 765 799 362 471 667 520 841 579 560 356 418 842 818 471 754 272 192 265 320 448 359 402 807 0 616 431 288 459 607 671 693 307 580 423 76 504 670 483 585 329 773 357 392 880 512 845 435 327
710 1065 949 733 976 785 752 356 641 820 1049 496 719 574 1125 671 1022 963 554 1146 737 702 467 254 781 690 935 262 297 818 1106 858 695 645 651 1018 557 387 739 539 867 994 519 949 360 616 0 707 639 734 469 215 496 659 818 243 614 1051 909 1030 1132 740 475 559 939 336 1059 301 662 488
464 630 806 388 541 350 446 772 391 694 614 304 527 594 690 590 587 528 248 711 431 488 733 768 474 498 778 489 810 691 671 468 389 810 787 583 722 241 304 233 432 560 327 514 776 181 584 0 399 428 696 640 662 419 691 391 179 616 782 595 697 434 741 368 504 849 624 814 470 296
268 599 592 371 511 319 274 876 504 464 583 238 232 364 659 694 557 498 418 681 556 108 837 823 302 203 578 544 865 461 641 296 514 914 891 553 826 296 287 402 402 529 237 483 880 288 639 526 0 569 489 695 766 59 462 446 260 586 552 564 666 424 845 146 473 904 593 869 167 246
634 729 905 331 640 320 616 921 540 863 713 453 676 763 789 739 686 627 210 810 340 657 883 917 644 648 877 638 959 861 770 638 298 959 936 682 872 390 330 224 402 298 477 373 925 454 734 310 569 0 845 789 811 589 861 541 452 715 912 693 796 343 891 517 603 998 723 963 620 445
301 724 540 691 830 639 344 755 753 412 843 608 642 166 951 783 867 766 666 1000 849 518 866 653 372 613 526 254 695 409 890 569 807 1003 980 812 915 498 606 651 721 849 631 802 759 607 469 819 489 845 0 525 855 469 409 354 579 845 500 823 958 743 874 570 792 734 912 699 577 600
765 1120 1004 789 1032 840 808 501 696 875 1104 551 774 630 1180 726 1077 1018 610 1202 792 757 612 399 836 746 990 317 441 873 1162 914 750 789 796 1074 701 442 794 595 923 1049 575 1004 504 671 215 763 695 789 525 0 641 714 873 298 669 1107 964 1085 1187 796 620 615 994 480 1114 445 718 543
977 1142 1319 811 1054 863 959 208 316 1206 1127 622 846 960 1202 284 1100 1041 632 1224 815 829 170 269 987 817 1291 648 256 1204 1184 981 773 201 208 1096 113 513 816 617 945 852 646 902 212 693 496 785 766 811 855 641 0 786 1204 550 692 1129 1294 1107 1210 818 178 686 1017 295 1137 260 789 614
249 619 573 391 530 339 276 896 524 444 603 219 213 345 679 713 576 517 437 700 576 88 857 842 304 184 559 563 885 442 660 298 533 934 910 572 846 316 307 422 421 549 218 503 899 307 659 546 59 589 469 714 786 0 442 466 280 605 533 584 686 444 865 141 493 924 613 889 147 227
274 395 263 663 553 611 316 1103 933 55 514 621 615 285 622 1131 538 437 790 723 848 491 1214 1001 345 586 197 603 1044 80 561 542 805 1352 1329 483 1264 738 579 775 668 770 620 698 1107 580 818 818 462 861 409 873 1204 442 0 703 552 516 171 494 629 716 1222 543 474 1083 619 1048 550 629
595 872 834 541 783 592 637 528 448 705 856 303 526 459 932 478 829 770 361 953 544 509 622 426 666 497 820 147 468 703 913 665 502 698 675 825 611 194 546 346 674 801 326 756 532 423 243 514 446 541 354 298 550 466 703 0 421 858 794 837 939 547 630 366 746 507 866 472 469 295
325 491 667 249 402 211 307 802 420 554 475 334 473 455 551 619 448 389 278 572 433 349 763 797 335 444 639 518 840 552 532 329 391 840 817 444 752 271 165 263 293 421 357 375 805 76 614 403 260 457 579 669 692 280 552 421 0 477 643 455 558 301 771 330 365 879 485 844 408 325
651 213 389 588 198 428 632 1239 858 518 137 771 798 720 245 1057 161 121 715 407 772 674 1200 1235 660 769 362 956 1277 484 179 654 730 1277 1254 106 1189 708 504 700 351 454 794 382 1243 504 1051 742 586 715 845 1107 1129 605 516 858 477 0 397 35 253 640 1208 655 157 1316 303 1281 733 763
365 276 306 754 434 625 407 1194 1024 173 395 712 705 375 503 1222 418 318 881 604 939 581 1305 1092 435 677 145 694 1135 139 442 633 896 1443 1419 364 1355 829 670 866 549 651 711 579 1198 670 909 909 552 912 500 964 1294 533 171 794 643 397 0 375 510 807 1313 634 355 1174 500 1138 640 720
629 191 368 566 176 406 611 1217 836 497 115 749 776 699 223 1035 139 99 694 385 751 652 1179 1213 639 747 340 934 1255 462 157 633 708 1255 1232 85 1168 686 482 678 329 432 773 360 1221 483 1030 721 564 693 823 1085 1107 584 494 837 455 35 375 0 231 619 1187 633 136 1294 281 1259 711 741
731 326 503 669 194 508 713 1320 939 632 157 852 879 834 32 1138 157 234 796 291 853 755 1281 1315 741 850 475 1037 1358 597 308 735 811 1358 1335 185 1270 789 585 781 432 535 875 462 1324 585 1132 823 666 796 958 1187 1210 686 629 939 558 253 510 231 0 721 1289 736 271 1397 400 1362 814 844
430 596 772 354 507 316 412 872 491 660 580 404 578 560 656 690 553 494 349 677 532 454 834 868 440 549 744 589 911 657 637 434 489 911 887 549 823 341 270 334 398 526 428 480 876 147 685 502 365 528 685 740 762 385 657 492 145 582 748 561 663 0 842 435 470 950 590 914 513 396
1056 1222 1353 890 1133 942 1038 187 396 1225 1206 702 925 979 1282 364 1179 1120 711 1303 894 908 52 248 1066 896 1339 666 235 1222 1263 1060 852 326 333 1175 238 593 896 696 1024 932 725 981 191 773 475 864 845 891 874 620 178 865 1222 630 771 1208 1313 1187 1289 897 0 765 1096 274 1216 239 868 694
350 669 674 441 580 389 343 796 424 545 653 169 188 445 729 614 626 567 338 750 520 163 757 743 372 160 660 464 785 543 710 365 478 834 811 622 746 216 357 322 471 599 168 553 800 357 559 490 146 517 570 615 686 141 543 366 330 655 634 633 736 493 765 0 543 824 663 789 123 177
538 171 347 476 124 315 520 1127 745 476 155 659 686 668 263 944 170 69 603 294 660 562 1088 1122 548 657 319 843 1165 442 212 542 618 1165 1141 124 1077 596 392 588 239 341 682 269 1130 392 939 630 473 603 792 994 1017 493 474 746 365 157 355 136 271 528 1096 543 0 1204 190 1169 621 650
975 1329 1214 998 1241 1050 1017 155 513 1085 1314 761 984 839 1389 481 1287 1228 819 1411 1002 967 266 109 1045 955 1200 527 96 1083 1371 1123 960 444 450 1283 356 651 1003 804 1132 1049 784 1099 159 880 336 972 904 998 734 480 295 924 1083 507 879 1316 1174 1294 1397 1005 274 824 1204 0 1324 100 927 752
650 153 330 663 311 502 693 1314 933 459 272 846 873 661 380 1132 296 196 790 481 847 749 1275 1309 721 844 302 979 1352 424 320 729 805 1352 1329 241 1264 783 579 775 426 529 869 456 1318 579 1126 817 660 790 786 1181 1204 680 457 933 552 274 337 253 388 715 1283 730 232 1391 0 1356 808 838
940 1294 1178 963 1206 1015 982 120 478 1050 1279 725 949 804 1354 446 1252 1193 784 1376 967 932 231 74 1010 920 1164 492 61 1048 1336 1088 924 408 415 1248 320 616 968 769 1097 1014 749 1064 124 845 301 937 869 963 699 445 260 889 1048 472 844 1281 1138 1259 1362 970 239 789 1169 100 1289 0 892 717
356 746 680 519 658 467 383 899 527 552 731 201 94 452 806 717 704 645 440 828 623 170 860 846 411 65 666 567 888 549 788 405 581 937 914 700 849 319 434 425 549 677 200 631 903 435 662 593 167 620 577 718 789 147 550 469 408 733 640 711 814 571 868 123 621 927 741 892 0 209
436 776 760 445 688 497 458 724 353 631 761 66 265 532 836 542 734 675 266 858 449 249 686 671 486 237 746 392 714 629 818 480 406 763 739 730 675 144 450 251 579 706 65 660 728 327 488 419 246 445 600 543 614 227 629 295 325 763 720 741 844 452 694 177 650 752 770 717 209 0
EOF