NAME : tsp_problem
TYPE : TSP
DIMENSION : 52
EDGE_WEIGHT_TYPE : EXPLICIT
EDGE_WEIGHT_FORMAT : FULL_MATRIX
EDGE_WEIGHT_SECTION
0 1038 474 451 373 574 296 702 682 425 380 494 618 569 683 554 390 101 653 539 622 392 475 214 1139 407 506 406 125 887 174 1078 691 422 618 353 1045 1005 198 536 95 1098 371 454 329 400 437 557 500 525 540 284
1038 0 773 1046 948 508 877 977 842 1210 975 918 578 1084 1278 1339 1175 1018 1019 659 1408 1178 736 973 283 1193 984 855 1010 567 969 315 1286 923 1049 723 60 150 991 801 1012 242 965 1049 894 1185 1223 1342 1285 1311 1326 900
474 773 0 340 532 319 326 543 222 646 268 158 304 410 524 720 611 453 494 150 669 614 64 569 873 628 225 145 529 573 404 812 531 164 459 338 779 740 551 76 447 832 259 343 509 621 658 778 721 746 738 443
451 1046 340 0 509 582 304 522 510 623 127 322 581 389 503 699 588 430 473 427 649 591 341 547 1146 606 334 272 506 850 382 1085 511 249 438 360 1052 1013 528 364 424 1105 104 46 620 598 635 755 698 724 717 420
367 815 397 374 0 351 205 626 499 539 303 418 395 492 606 668 504 346 577 316 736 506 393 462 916 521 429 329 422 664 297 855 614 345 542 130 821 782 444 458 340 875 294 377 486 514 551 671 614 639 654 322
574 508 319 582 484 0 413 682 388 746 511 463 284 700 814 876 712 554 725 205 944 714 282 670 609 729 530 401 625 553 505 548 822 469 749 260 515 475 652 347 548 568 502 585 430 722 759 879 822 847 862 436
296 877 326 304 241 413 0 555 535 468 232 347 457 422 536 597 433 275 506 378 665 436 327 380 977 451 358 259 251 726 167 916 544 274 471 191 883 844 373 389 269 936 223 307 365 443 480 600 543 569 583 152
702 977 543 522 761 682 555 0 683 820 451 495 438 178 372 568 693 682 144 589 517 782 592 798 1078 797 506 466 757 518 633 764 380 422 162 612 983 944 780 537 676 1036 442 525 871 790 887 937 756 975 586 672
682 842 222 510 631 388 535 683 0 854 439 299 373 550 664 860 819 661 634 219 810 822 272 778 942 837 365 296 737 642 613 881 672 304 599 407 848 809 759 181 655 901 430 513 578 829 866 986 929 955 878 584
425 1210 646 623 674 746 468 820 854 0 552 666 790 687 499 319 155 362 771 711 387 97 647 392 1311 112 678 578 515 1059 475 1250 491 593 736 525 1216 1177 374 708 369 1270 542 626 714 104 150 261 265 318 305 585
380 975 268 127 438 511 232 451 439 552 0 251 510 318 432 628 517 359 402 356 578 519 269 475 1075 534 262 201 435 779 310 1014 440 178 367 289 981 942 457 293 353 1034 47 130 549 527 564 684 627 652 646 349
494 918 158 322 553 463 347 495 299 666 251 0 449 362 476 672 632 474 446 295 621 634 208 590 1018 649 88 108 550 718 425 957 484 116 411 404 924 885 572 153 468 977 242 325 653 642 679 799 742 767 690 464
618 578 304 581 527 284 457 438 373 790 510 449 0 545 739 919 755 598 481 190 885 758 267 714 679 773 515 386 669 309 549 555 747 454 510 303 585 545 695 332 592 638 500 584 474 765 802 922 865 891 905 480
569 1084 410 389 628 700 422 178 550 687 318 362 545 0 239 435 560 549 129 546 384 649 459 665 1184 664 373 333 624 625 500 871 246 289 94 479 1090 1051 647 404 543 1143 309 392 738 657 753 804 622 842 453 539
683 1278 524 503 742 814 536 372 664 499 432 476 739 239 0 298 372 663 323 660 248 462 573 702 1378 477 487 447 738 819 614 1065 110 403 288 593 1284 1245 684 518 657 1337 423 506 852 469 613 616 435 706 317 653
554 1339 720 699 803 876 597 568 860 319 628 672 919 435 298 0 192 491 519 840 135 281 769 522 1440 296 683 643 644 1015 605 1261 239 599 484 654 1346 1306 503 714 498 1399 619 702 843 289 433 436 254 526 148 714
390 1175 611 588 639 712 433 693 819 155 517 632 755 560 372 192 0 327 644 676 260 117 612 358 1276 132 643 543 480 1024 441 1215 364 559 609 490 1182 1142 339 673 334 1235 508 591 679 125 269 282 138 362 178 550
101 1018 453 430 352 554 275 682 661 362 359 474 598 549 663 491 327 0 633 519 560 330 454 154 1118 345 485 386 192 867 154 1057 664 401 598 332 1024 985 136 516 74 1077 350 433 392 337 374 494 437 463 477 263
653 1019 494 473 712 725 506 144 634 771 402 446 481 129 323 519 644 633 0 630 468 733 543 749 1120 748 457 417 708 560 584 806 331 373 113 563 1026 986 731 488 627 1079 393 476 822 741 838 888 707 926 537 623
539 659 150 427 449 205 378 589 219 711 356 295 190 546 660 840 676 519 630 0 805 679 114 635 760 694 361 232 590 459 470 699 668 300 595 224 665 626 617 178 513 719 347 430 395 686 724 843 786 812 827 401
622 1408 669 649 871 944 665 517 810 387 578 621 885 384 248 135 260 560 468 805 0 350 718 590 1508 365 633 592 712 964 673 1210 188 549 433 722 1414 1375 572 664 566 1467 568 652 911 357 501 504 323 595 153 782
392 1178 614 591 641 714 436 782 822 97 519 634 758 649 462 281 117 330 733 679 350 0 614 360 1279 29 645 546 482 1027 443 1217 454 561 698 493 1184 1145 342 676 337 1237 510 594 682 22 211 209 227 365 267 552
475 736 64 341 526 282 327 592 272 647 269 208 267 459 573 769 612 454 543 114 718 614 0 570 837 629 275 145 530 536 405 776 581 213 508 302 743 703 552 126 448 796 260 344 472 622 659 779 722 747 762 444
214 973 569 547 445 670 380 798 778 392 475 590 714 665 702 522 358 154 749 635 590 360 570 0 1074 375 601 502 158 983 270 1013 694 517 714 449 980 940 78 632 161 1033 466 550 362 368 405 525 468 493 508 356
1139 283 873 1146 1048 609 977 1078 942 1311 1075 1018 679 1184 1378 1440 1276 1118 1120 760 1508 1279 837 1074 0 1294 1084 955 1110 667 1069 416 1386 1023 1149 824 290 177 1091 901 1112 94 1066 1149 994 1286 1323 1443 1386 1411 1426 1000
407 1193 628 606 656 729 451 797 837 112 534 649 773 664 477 296 132 345 748 694 365 29 629 375 1294 0 660 561 497 1042 458 1232 468 576 713 508 1199 1160 357 691 352 1252 525 609 697 27 226 224 242 380 282 567
506 984 225 334 564 530 358 506 365 678 262 88 515 373 487 683 643 485 457 361 633 645 275 601 1084 660 0 171 561 784 436 1023 495 97 422 415 990 951 583 219 479 1043 253 337 675 653 690 810 753 778 701 475
406 855 145 272 465 401 259 466 296 578 201 108 386 333 447 643 543 386 417 232 592 546 145 502 955 561 171 0 461 655 337 894 455 87 382 316 861 822 483 150 380 914 192 275 575 553 590 710 653 679 661 376
125 1010 529 506 316 625 251 757 737 515 435 550 669 624 738 644 480 192 708 590 712 482 530 158 1110 497 561 461 0 938 157 1049 746 477 673 406 1016 977 176 591 186 1069 426 509 233 490 527 647 590 615 630 227
887 567 573 850 797 553 726 518 642 1059 779 718 309 625 819 1015 1024 867 560 459 964 1027 536 983 667 1042 784 655 938 0 818 314 826 723 590 572 573 534 964 601 861 626 770 853 743 1034 1071 1191 1134 1160 1033 749
174 969 404 382 231 505 167 633 613 475 310 425 549 500 614 605 441 154 584 470 673 443 405 270 1069 458 436 337 157 818 0 1008 622 352 549 284 975 936 252 467 148 1028 301 385 271 451 488 608 551 576 591 142
1078 315 812 1085 987 548 916 764 881 1250 1014 957 555 871 1065 1261 1215 1057 806 699 1210 1217 776 1013 416 1232 1023 894 1049 314 1008 0 1072 962 836 763 322 282 1030 840 1051 375 1005 1088 933 1225 1262 1382 1325 1350 1279 939
691 1286 531 511 750 822 544 380 672 491 440 484 747 246 110 239 364 664 331 668 188 454 581 694 1386 468 495 455 746 826 622 1072 0 411 296 601 1292 1252 675 526 665 1345 431 514 860 461 605 608 427 698 257 661
422 923 164 249 480 469 274 422 304 593 178 116 454 289 403 599 559 401 373 300 549 561 213 517 1023 576 97 87 477 723 352 962 411 0 338 331 929 890 499 158 395 982 169 252 591 569 606 726 669 694 617 391
618 1049 459 438 677 749 471 162 599 736 367 411 510 94 288 484 609 598 113 595 433 698 508 714 1149 713 422 382 673 590 549 836 296 338 0 528 1055 1016 696 453 592 1108 358 441 787 706 803 853 672 891 502 588
353 723 338 360 397 260 191 612 407 525 289 404 303 479 593 654 490 332 563 224 722 493 302 449 824 508 415 316 408 572 284 763 601 331 528 0 730 690 430 366 326 783 280 363 394 500 537 657 600 626 640 308
1045 60 779 1052 954 515 883 983 848 1216 981 924 585 1090 1284 1346 1182 1024 1026 665 1414 1184 743 980 290 1199 990 861 1016 573 975 322 1292 929 1055 730 0 156 997 807 1018 249 972 1055 900 1192 1229 1349 1292 1317 1332 906
1005 150 740 1013 915 475 844 944 809 1177 942 885 545 1051 1245 1306 1142 985 986 626 1375 1145 703 940 177 1160 951 822 977 534 936 282 1252 890 1016 690 156 0 958 768 979 136 932 1016 861 1152 1190 1309 1252 1278 1293 867
198 991 551 528 450 652 373 780 759 374 457 572 695 647 684 503 339 136 731 617 572 342 552 78 1091 357 583 483 176 964 252 1030 675 499 696 430 997 958 0 613 143 1050 448 531 379 349 386 506 449 475 489 361
536 801 76 364 590 347 389 537 181 708 293 153 332 404 518 714 673 516 488 178 664 676 126 632 901 691 219 150 591 601 467 840 526 158 453 366 807 768 613 0 510 860 284 367 537 683 720 840 783 809 732 506
95 1012 447 424 346 548 269 676 655 369 353 468 592 543 657 498 334 74 627 513 566 337 448 161 1112 352 479 380 186 861 148 1051 665 395 592 326 1018 979 143 510 0 1071 344 427 386 344 381 501 444 469 484 257
1098 242 832 1105 1007 568 936 1036 901 1270 1034 977 638 1143 1337 1399 1235 1077 1079 719 1467 1237 796 1033 94 1252 1043 914 1069 626 1028 375 1345 982 1108 783 249 136 1050 860 1071 0 1025 1108 953 1245 1282 1402 1345 1370 1385 959
371 965 259 104 429 502 223 442 430 542 47 242 500 309 423 619 508 350 393 347 568 510 260 466 1066 525 253 192 426 770 301 1005 431 169 358 280 972 932 448 284 344 1025 0 106 540 518 555 675 618 643 637 340
454 1049 343 46 512 585 307 525 513 626 130 325 584 392 506 702 591 433 476 430 652 594 344 550 1149 609 337 275 509 853 385 1088 514 252 441 363 1055 1016 531 367 427 1108 106 0 623 601 638 758 701 727 720 423
329 894 509 620 378 430 365 871 578 714 549 653 474 738 852 843 679 392 822 395 911 682 472 362 994 697 675 575 233 743 271 933 860 591 787 389 900 861 379 537 386 953 540 623 0 689 726 846 789 814 829 330
400 1185 621 598 649 722 443 790 829 104 527 642 765 657 469 289 125 337 741 686 357 22 622 368 1286 27 653 553 490 1034 451 1225 461 569 706 500 1192 1152 349 683 344 1245 518 601 689 0 219 216 235 372 275 560
437 1223 658 635 686 759 480 887 866 150 564 679 802 753 613 433 269 374 838 724 501 211 659 405 1323 226 690 590 527 1071 488 1262 605 606 803 537 1229 1190 386 720 381 1282 555 638 726 219 0 367 379 213 419 597
557 1342 778 755 806 879 600 947 986 261 684 799 922 814 626 446 282 494 898 843 514 209 779 525 1443 224 810 710 647 1191 608 1382 618 726 863 657 1349 1309 506 840 501 1402 675 758 846 216 367 0 392 318 432 717
535 1320 756 733 783 856 578 925 964 239 662 776 900 791 604 423 259 472 875 821 492 187 757 502 1421 202 788 688 625 1169 585 1359 596 703 841 635 1326 1287 484 818 479 1380 652 736 824 194 353 233 0 507 409 694
525 1311 746 724 774 847 569 975 955 318 652 767 891 842 706 526 362 463 926 812 595 365 747 493 1411 380 778 679 615 1160 576 1350 698 694 891 626 1317 1278 475 809 469 1370 643 727 814 372 213 318 472 0 512 685
540 1326 738 717 789 862 583 586 878 305 646 690 905 453 317 148 178 477 537 827 153 267 762 508 1426 282 701 661 630 1033 591 1279 257 617 502 640 1332 1293 489 732 484 1385 637 720 829 275 419 422 241 512 0 700
284 900 443 420 127 436 152 672 584 585 349 464 480 539 653 714 550 263 623 401 782 552 444 356 1000 567 475 376 227 749 142 939 661 391 588 217 906 867 361 506 257 959 340 423 330 560 597 717 660 685 700 0
EOF