NAME : tsp_problem
TYPE : TSP
DIMENSION : 42
EDGE_WEIGHT_TYPE : EXPLICIT
EDGE_WEIGHT_FORMAT : FULL_MATRIX
EDGE_WEIGHT_SECTION
0 751 309 1021 1318 1033 997 851 844 1149 1004 796 1392 952 523 740 66 934 1020 1090 176 1077 877 327 753 1038 821 1025 627 194 1051 1114 1044 985 501 1147 157 420 375 973 180 554
751 0 759 323 717 335 266 152 251 549 307 374 791 338 873 131 699 236 424 489 628 477 455 776 487 437 124 557 606 818 451 513 444 533 850 680 636 769 724 521 813 732
309 759 0 1025 1277 1036 1005 859 851 1108 1008 754 1351 1039 371 748 272 938 979 1038 382 1036 836 58 959 996 829 1231 833 216 1010 1014 1003 944 348 1353 364 267 222 931 210 402
1021 323 1025 0 687 187 352 268 518 519 73 571 762 240 1138 398 969 108 394 459 898 447 459 1042 445 407 390 515 564 1084 421 483 414 503 1116 637 906 1035 990 491 1078 997
1260 659 1219 629 0 641 726 610 891 165 613 765 465 630 1333 771 1208 542 518 463 1137 450 653 1236 632 411 764 358 752 1278 424 487 417 697 1310 266 1145 1229 1184 685 1273 1192
1033 335 1036 187 699 0 364 280 529 531 171 583 773 252 1150 409 980 120 406 471 910 458 471 1054 456 419 402 527 576 1095 433 495 425 515 1127 649 918 1046 1001 503 1090 1009
997 266 1005 352 784 364 0 188 415 616 336 620 858 367 1119 294 945 265 491 556 874 544 556 1022 471 504 287 541 590 1064 518 580 511 600 1096 663 882 1015 970 588 1059 978
851 152 859 268 668 280 188 0 301 499 252 474 742 283 973 181 799 181 374 439 728 427 439 876 386 387 174 457 506 918 401 463 394 484 950 579 736 869 824 472 913 832
844 251 851 518 949 529 415 301 0 780 501 467 1023 532 965 156 791 431 656 720 720 708 548 869 636 669 237 706 717 910 682 744 675 656 942 828 728 861 816 644 905 824
1149 549 1108 519 264 531 616 499 780 0 502 654 354 533 1222 660 1097 432 407 352 1026 340 542 1125 711 300 653 437 830 1167 314 376 306 587 1199 344 1034 1118 1073 574 1162 1081
1004 307 1008 73 671 171 336 252 501 502 0 555 745 223 1122 381 952 92 378 442 881 430 442 1025 428 390 374 499 547 1067 404 466 397 487 1099 621 889 1018 973 475 1062 981
796 374 754 569 822 581 620 474 467 653 553 0 896 584 868 363 743 482 289 435 672 446 145 772 766 414 444 837 669 813 427 411 420 253 845 943 680 764 719 241 808 727
1392 791 1351 762 523 773 858 742 1023 354 745 897 0 776 1465 903 1340 674 650 595 1269 582 785 1368 958 543 896 736 1078 1410 556 619 549 830 1442 644 1277 1361 1316 817 1405 1324
952 338 1039 240 702 252 367 283 532 533 223 586 776 0 1153 412 899 153 409 474 829 461 474 1057 256 422 405 326 375 1042 436 498 428 518 1130 449 836 1049 1004 506 1029 1012
523 873 371 1138 1391 1150 1119 973 965 1222 1122 868 1465 1153 0 861 486 1051 1093 1152 596 1150 949 388 1134 1110 942 1405 1008 430 1124 1127 1117 1057 90 1512 578 288 243 1045 424 280
740 131 748 398 829 409 294 181 156 660 381 363 903 412 861 0 688 310 536 600 617 588 444 765 516 548 117 586 613 807 562 624 555 552 839 708 625 758 713 540 801 720
66 699 272 969 1266 980 945 799 791 1097 952 743 1340 899 486 688 0 882 968 1037 123 1025 824 290 701 985 769 973 575 157 999 1061 992 933 464 1095 105 383 338 920 143 518
934 236 938 108 600 120 265 181 431 432 92 484 674 153 1051 310 882 0 307 372 811 360 372 955 358 320 303 428 477 997 334 396 327 416 1029 550 819 948 903 404 991 910
1020 424 979 394 576 406 491 374 656 407 378 289 650 409 1093 536 968 307 0 213 897 206 177 996 591 166 528 661 710 1038 180 188 173 221 1070 697 905 989 944 209 1033 952
1090 489 1038 459 521 471 556 439 720 352 442 435 595 474 1152 600 1037 372 213 0 966 148 353 1055 656 109 593 726 775 1097 122 121 115 398 1129 642 974 1048 1003 386 1092 1011
176 628 382 898 1195 910 874 728 720 1026 881 672 1269 829 596 617 123 811 897 966 0 954 754 399 630 914 698 902 504 266 928 990 921 862 573 1024 72 492 447 849 253 627
1077 477 1036 447 508 458 544 427 708 340 430 446 582 461 1150 588 1025 360 206 148 954 0 341 1053 644 96 581 714 763 1095 110 132 103 386 1127 630 962 1046 1001 373 1090 1009
877 455 836 459 711 471 556 439 548 542 442 145 785 474 949 444 824 372 177 353 754 341 0 853 656 301 525 726 750 895 315 331 308 141 927 832 762 846 801 129 889 808
327 776 58 1042 1294 1054 1022 876 869 1125 1025 772 1368 1057 388 765 290 955 996 1055 399 1053 853 0 977 1014 846 1248 851 233 1028 1031 1020 961 365 1370 381 284 239 949 228 419
753 487 959 445 884 456 471 386 636 711 428 768 958 256 1134 516 701 358 591 656 630 644 656 977 0 604 508 329 177 844 618 680 611 700 1111 451 638 1030 985 688 830 993
1038 437 996 407 469 419 504 387 669 300 390 414 543 422 1110 548 985 320 166 109 914 96 301 1014 604 0 541 674 723 1055 70 133 63 346 1087 590 922 1006 962 334 1050 969
821 124 829 390 821 402 287 174 237 653 374 444 896 405 942 117 769 303 528 593 698 581 525 846 508 541 0 579 628 888 555 617 548 633 920 701 706 839 794 621 882 801
1025 557 1231 515 646 527 541 457 706 437 499 838 736 326 1405 586 973 428 661 726 902 714 726 1248 329 674 579 0 448 1116 688 750 681 771 1383 271 910 1302 1257 759 1102 1264
627 606 833 564 1004 576 590 506 717 830 547 669 1078 375 1008 613 575 477 710 775 504 763 750 851 177 723 628 448 0 718 737 799 730 820 985 571 512 904 859 807 704 867
194 818 216 1084 1336 1095 1064 918 910 1167 1067 813 1410 1042 430 807 157 997 1038 1097 266 1095 895 233 844 1055 888 1116 718 0 1069 1073 1062 1003 407 1238 248 326 281 990 49 461
1051 451 1010 421 482 433 518 401 682 314 404 427 556 436 1124 562 999 334 180 122 928 110 315 1028 618 70 555 688 737 1069 0 146 77 360 1101 604 936 1020 975 347 1064 983
1114 513 1014 483 545 495 580 463 744 376 466 411 619 498 1127 624 1061 396 188 121 990 132 331 1031 680 133 617 750 799 1073 146 0 139 375 1105 666 998 1024 979 363 1068 987
1044 444 1003 414 475 425 511 394 675 306 397 420 549 428 1117 555 992 327 173 115 921 103 308 1020 611 63 548 681 730 1062 77 139 0 353 1094 597 929 1013 968 340 1057 976
841 386 800 356 609 368 453 337 512 440 340 350 683 371 913 408 788 269 315 380 718 368 366 817 553 328 489 624 673 859 342 404 335 0 891 730 725 810 765 398 853 772
501 850 348 1116 1368 1127 1096 950 942 1199 1099 845 1442 1130 90 839 464 1029 1070 1129 573 1127 927 365 1111 1087 920 1383 985 407 1101 1105 1094 1035 0 1489 555 265 220 1022 402 257
1147 680 1353 637 554 649 663 579 828 344 621 944 644 449 1512 708 1095 550 697 642 1024 630 832 1370 451 590 701 271 571 1238 604 666 597 877 1489 0 1032 1408 1363 864 1224 1371
157 636 364 906 1203 918 882 736 728 1034 889 680 1277 836 578 625 105 819 905 974 72 962 762 381 638 922 706 910 512 248 936 998 929 870 555 1032 0 474 429 857 235 609
420 769 267 1035 1287 1046 1015 869 861 1118 1018 764 1361 1049 288 758 383 948 989 1048 492 1046 846 284 1030 1006 839 1302 904 326 1020 1024 1013 954 265 1408 474 0 83 941 321 319
375 724 222 990 1242 1001 970 824 816 1073 973 719 1316 1004 243 713 338 903 944 1003 447 1001 801 239 985 962 794 1257 859 281 975 979 968 909 220 1363 429 83 0 896 276 274
853 399 812 369 621 381 466 349 524 453 353 362 695 384 926 421 801 282 328 393 730 381 379 829 566 341 502 636 685 871 355 417 348 423 903 743 738 822 777 0 866 785
180 813 210 1078 1331 1090 1059 913 905 1162 1062 808 1405 1029 424 801 143 991 1033 1092 253 1090 889 228 830 1050 882 1102 704 49 1064 1068 1057 998 402 1224 235 321 276 985 0 456
554 732 402 997 1250 1009 978 832 824 1081 981 727 1324 1012 280 720 518 910 952 1011 627 1009 808 419 993 969 801 1264 867 461 983 987 976 917 257 1371 609 319 274 904 456 0
EOF