NAME : tsp_problem
TYPE : TSP
DIMENSION : 48
EDGE_WEIGHT_TYPE : EXPLICIT
EDGE_WEIGHT_FORMAT : FULL_MATRIX
EDGE_WEIGHT_SECTION
0 772 953 1125 669 547 1077 222 1124 974 863 1072 1115 292 537 828 1031 342 293 594 640 607 612 555 613 637 265 790 357 551 429 392 357 1202 773 360 455 684 1119 120 350 783 754 700 722 976 646 373
772 0 221 656 1023 475 344 637 471 243 632 340 383 707 750 234 299 988 519 948 307 961 966 492 429 194 565 139 987 496 656 807 978 470 374 964 870 1038 387 693 996 300 355 457 325 244 313 788
1201 469 0 558 1452 905 241 1066 367 557 528 393 526 1033 1179 663 329 1417 948 1377 736 1390 1395 922 859 624 995 462 1416 926 891 1048 1407 571 789 1393 1111 1467 530 1122 1425 729 770 886 754 387 742 1029
1125 656 533 0 1638 878 433 941 412 743 483 519 660 889 1365 850 440 1396 1061 1563 762 1576 1581 1108 1045 810 1033 648 1411 900 747 903 1411 573 644 1414 966 1653 716 1046 1404 774 625 1072 940 534 756 884
669 1023 1203 1638 0 847 1327 780 1453 1051 1421 1322 1366 850 312 1079 1281 409 662 133 939 96 91 575 863 887 709 1041 408 851 987 950 399 1453 1152 385 1013 76 1370 718 417 1079 1133 951 973 1227 945 932
547 475 656 878 847 0 780 412 878 677 616 775 818 482 573 536 734 812 294 772 183 785 789 326 384 408 340 493 811 57 619 582 802 905 426 788 645 862 822 468 820 352 407 471 493 679 177 563
1186 454 332 477 1437 889 0 1051 486 541 647 318 459 1121 1164 648 239 1402 933 1362 721 1375 1380 907 844 609 980 447 1401 911 1011 1167 1392 372 788 1378 1230 1452 514 1107 1410 714 769 871 739 333 727 1148
222 637 817 941 780 412 941 0 940 838 678 936 980 156 507 693 895 493 158 705 504 718 723 419 477 501 130 655 508 416 245 208 508 1067 589 511 271 796 984 143 501 648 570 565 587 841 510 189
1124 471 348 412 1453 878 242 940 0 558 383 395 527 888 1180 665 331 1395 949 1378 737 1391 1396 923 860 625 996 463 1410 899 746 902 1408 572 643 1395 965 1468 531 1045 1403 731 624 887 755 388 744 884
974 243 308 743 1051 677 432 838 558 0 719 427 470 908 778 251 386 1016 720 976 508 989 994 694 466 396 767 236 1015 698 858 1008 1006 557 576 992 1071 1066 474 894 1024 502 557 493 362 331 515 990
863 632 510 483 1421 616 403 678 383 719 0 556 688 626 1148 704 492 1134 798 1346 500 1359 1364 891 828 593 770 625 1148 637 484 641 1148 734 382 1152 704 1436 692 783 1141 511 363 855 724 549 494 622
1072 340 234 519 1322 775 268 936 395 427 556 0 250 1006 1049 534 163 1287 818 1247 606 1260 1265 792 729 494 865 332 1286 796 919 1076 1277 337 674 1264 1139 1337 254 992 1295 600 655 756 624 125 613 1057
1115 383 277 660 1366 818 401 980 527 470 688 250 0 1050 1093 577 355 1331 862 1291 650 1304 1309 835 772 537 908 376 1330 839 999 1150 1321 167 717 1307 1213 1381 109 1036 1339 643 698 800 668 221 656 1131
292 707 887 889 850 482 909 156 888 908 626 1006 1050 0 577 763 965 563 228 775 574 788 793 489 547 571 200 724 578 486 193 156 578 1137 537 581 219 866 1054 213 571 667 518 635 657 911 580 137
537 750 930 1365 312 573 1054 507 1180 778 1148 1049 1093 577 0 806 1008 277 389 237 666 250 255 302 590 614 436 767 276 578 714 677 267 1180 879 253 740 327 1097 564 285 805 860 678 700 954 672 659
828 234 415 850 1079 536 539 693 665 251 704 534 577 763 806 0 493 1044 575 1004 367 1017 1022 548 249 255 622 252 1043 557 717 863 1034 664 435 1020 926 1094 581 749 1052 361 416 276 145 438 374 844
1031 299 176 440 1281 734 204 895 331 386 492 163 355 965 1008 493 0 1247 777 1206 565 1219 1224 751 688 453 824 291 1246 755 855 1012 1237 335 633 1223 1075 1297 359 952 1254 559 614 715 584 178 572 993
342 988 1169 1396 409 812 1292 493 1395 1016 1134 1287 1331 563 277 1044 1247 0 564 334 904 347 352 540 829 852 536 1006 44 816 700 663 45 1418 1044 52 726 424 1335 391 31 1044 1025 916 938 1192 911 644
293 519 699 1061 662 294 823 158 949 720 798 818 862 228 389 575 777 564 0 587 386 600 605 301 359 383 156 536 579 298 365 328 579 949 604 583 391 678 866 214 572 530 585 447 469 723 392 309
594 948 1128 1563 133 772 1252 705 1378 976 1346 1247 1291 775 237 1004 1206 334 587 0 864 71 76 500 788 812 634 966 333 776 912 875 324 1378 1077 310 939 149 1295 643 342 1004 1058 876 898 1152 870 857
640 307 488 762 939 183 611 504 737 508 500 606 650 574 666 367 565 904 386 864 0 877 882 418 476 257 433 325 903 204 513 670 894 737 295 880 733 954 654 560 912 221 276 519 388 511 61 651
607 961 1141 1576 96 785 1265 718 1391 989 1359 1260 1304 788 250 1017 1219 347 600 71 877 0 46 513 801 825 647 979 346 789 925 888 337 1391 1090 323 951 111 1308 656 355 1016 1071 889 911 1165 883 870
612 966 1146 1581 91 789 1270 723 1396 994 1364 1265 1309 793 255 1022 1224 352 605 76 882 46 0 518 806 830 652 984 351 794 930 893 342 1396 1095 328 956 106 1313 661 360 1021 1076 894 916 1170 888 875
555 492 673 1108 575 326 797 419 923 694 891 792 835 489 302 548 751 540 301 500 418 513 518 0 333 357 348 510 539 330 626 589 530 922 622 516 652 590 839 476 548 548 603 421 442 696 425 571
613 428 609 1044 863 384 732 477 859 466 827 728 771 547 590 249 687 829 359 788 476 801 806 333 0 292 406 446 828 388 684 647 819 858 558 805 711 879 775 534 836 484 539 121 143 632 483 629
637 194 375 810 887 408 499 501 625 396 593 494 537 571 614 255 453 852 383 812 257 825 830 357 359 0 430 212 851 412 606 671 842 625 324 828 734 902 541 557 860 250 305 393 261 399 263 652
265 565 746 1033 709 340 870 130 996 767 770 865 908 200 436 622 824 536 156 634 433 647 652 348 406 430 0 583 551 345 337 300 551 996 650 555 363 724 912 186 544 577 631 494 516 770 439 281
790 139 213 648 1041 493 337 655 463 236 625 332 376 724 767 252 291 1006 536 966 325 979 984 510 447 212 583 0 1005 514 674 825 996 463 392 982 888 1056 380 711 1014 318 373 474 343 237 331 806
357 987 1168 1411 408 811 1291 508 1410 1015 1148 1286 1330 578 276 1043 1246 44 579 333 903 346 351 539 828 851 551 1005 0 815 715 678 56 1417 1059 48 741 423 1334 406 52 1043 1040 915 937 1191 909 659
551 496 677 900 851 57 801 416 899 698 637 796 839 486 578 557 755 816 298 776 204 789 794 330 388 412 345 514 815 0 623 586 806 927 447 792 649 866 843 472 824 373 428 476 498 701 198 567
429 656 837 747 987 619 767 245 746 858 484 919 999 193 714 717 855 700 365 912 513 925 930 626 684 606 337 674 715 623 0 207 715 1086 395 718 270 1003 1003 350 708 524 376 772 737 860 507 188
392 807 987 903 950 582 923 208 902 1008 641 1076 1150 156 677 863 1012 663 328 875 670 888 893 589 647 671 300 825 678 586 207 0 678 1237 551 681 136 966 1154 313 671 681 532 735 757 1011 664 69
357 978 1159 1411 399 802 1282 508 1408 1006 1148 1277 1321 578 267 1034 1237 45 579 324 894 337 342 530 819 842 551 996 56 806 715 678 0 1408 1059 39 741 414 1325 406 52 1034 1040 906 928 1182 900 659
1202 470 364 573 1453 905 456 1067 582 557 743 337 167 1137 1180 664 335 1418 949 1378 737 1391 1396 922 859 625 996 463 1417 927 1086 1237 1408 0 804 1394 1300 1468 196 1123 1426 730 785 887 755 308 743 1218
773 374 555 644 1152 426 664 589 643 576 382 674 717 537 879 435 633 1044 604 1077 295 1090 1095 622 559 324 650 392 1059 447 395 551 1059 804 0 1062 614 1168 721 694 1052 220 43 587 455 578 301 533
360 964 1145 1414 385 788 1268 511 1395 992 1152 1264 1307 581 253 1020 1223 52 583 310 880 323 328 516 805 828 555 982 48 792 718 681 39 1394 1062 0 745 401 1311 409 60 1020 1044 892 914 1168 887 663
571 986 1167 1083 920 761 1102 387 1082 1188 820 1255 1329 335 788 1042 1191 843 507 845 849 858 863 769 827 850 479 1004 857 765 387 252 857 1416 731 861 0 935 1333 492 850 860 712 914 936 1190 843 248
684 1038 1219 1653 76 862 1342 796 1468 1066 1436 1337 1381 866 327 1094 1297 424 678 149 954 111 106 590 879 902 724 1056 423 866 1003 966 414 1468 1168 401 1029 0 1385 733 432 1094 1149 966 988 1242 960 947
1119 387 281 716 1370 822 405 984 531 474 692 254 109 1054 1097 581 359 1335 866 1295 654 1308 1313 839 776 541 912 380 1334 843 1003 1154 1325 196 721 1311 1217 1385 0 1040 1343 647 702 803 672 225 660 1135
120 693 874 1046 718 468 997 143 1045 894 783 992 1036 213 564 749 952 391 214 643 560 656 661 476 534 557 186 711 406 472 350 313 406 1123 694 409 376 733 1040 0 399 704 675 621 643 897 567 294
350 996 1176 1404 417 820 1300 501 1403 1024 1141 1295 1339 571 285 1052 1254 31 572 342 912 355 360 548 836 860 544 1014 52 824 708 671 52 1426 1052 60 734 432 1343 399 0 1051 1033 924 946 1200 918 652
783 300 481 774 1079 352 605 648 731 502 511 600 643 667 805 361 559 1044 530 1004 221 1016 1021 548 486 250 577 318 1043 373 524 681 1034 730 220 1020 744 1094 647 704 1051 0 201 513 381 504 227 662
754 355 536 625 1133 407 645 570 624 557 363 655 698 518 860 416 614 1025 585 1058 276 1071 1076 603 540 305 631 373 1040 428 376 532 1040 785 43 1044 596 1149 702 675 1033 201 0 568 436 559 282 514
594 347 528 962 844 365 651 458 777 548 745 646 690 528 571 407 605 810 340 769 409 782 787 314 316 211 387 365 809 369 665 628 800 777 476 786 691 860 694 515 817 403 457 0 414 551 415 610
722 325 506 940 973 493 629 587 755 362 724 624 668 657 700 145 584 938 469 898 388 911 916 442 143 208 516 343 937 498 737 757 928 755 455 914 820 988 672 643 946 381 436 170 0 529 394 738
976 244 138 534 1227 679 262 841 388 331 549 125 221 911 954 438 178 1192 723 1152 511 1165 1170 696 633 399 770 237 1191 701 860 1011 1182 308 578 1168 1074 1242 225 897 1200 504 559 661 529 0 517 992
646 313 494 756 945 177 617 510 744 515 494 613 656 580 672 374 572 911 392 870 61 883 888 425 483 263 439 331 909 198 507 664 900 743 301 887 727 960 660 567 918 227 282 526 394 517 0 645
373 788 969 884 932 563 904 189 884 990 622 1057 1131 137 659 844 993 644 309 857 651 870 875 571 629 652 281 806 659 567 188 69 659 1218 533 663 132 947 1135 294 652 662 514 716 738 992 645 0
EOF