NAME : tsp_problem
TYPE : TSP
DIMENSION : 46
EDGE_WEIGHT_TYPE : EXPLICIT
EDGE_WEIGHT_FORMAT : FULL_MATRIX
EDGE_WEIGHT_SECTION
0 607 993 976 845 990 373 1095 703 698 956 664 557 951 1091 1034 550 543 514 766 249 957 834 496 355 821 200 589 563 805 574 1029 456 492 553 575 543 704 494 567 827 346 1048 1093 367 431
607 0 1009 992 676 734 688 1112 320 315 700 282 373 967 932 1051 366 553 510 737 400 973 665 492 670 559 437 43 508 636 391 1046 771 609 287 392 85 594 311 384 658 312 1065 1051 686 746
993 1009 0 390 669 813 1211 394 901 896 780 765 1076 249 290 232 1068 718 682 322 923 256 658 670 1192 870 959 991 672 409 1093 227 1294 774 750 1094 969 470 1013 1086 404 865 347 291 908 1268
976 992 390 0 713 857 1194 257 884 879 823 748 1059 256 489 432 1051 701 665 305 906 178 701 653 1175 914 942 974 655 392 1076 427 1277 757 733 1077 952 453 996 1069 387 848 211 491 891 1251
845 676 669 713 0 191 927 832 568 563 158 432 747 688 394 519 565 434 398 458 639 694 126 386 909 248 675 658 388 357 589 514 1010 490 417 590 636 474 684 583 379 581 786 513 624 962
990 734 813 857 191 0 1018 976 712 707 74 576 754 832 538 663 544 578 542 602 783 838 211 530 999 227 820 716 533 501 568 658 1154 634 561 569 670 618 692 562 523 701 930 657 768 940
373 688 1211 1194 927 1018 0 1313 784 780 984 746 638 1169 1183 1253 631 690 596 984 329 1175 916 578 92 843 413 670 645 887 655 1248 349 703 634 657 625 786 576 649 909 427 1267 1302 701 228
1095 1112 394 257 832 976 1313 0 1003 998 943 867 1178 259 492 435 1171 820 784 425 1025 181 821 772 1295 1033 1062 1093 775 511 1195 430 1396 876 852 1196 1071 572 1116 1189 507 967 99 494 1010 1371
703 320 901 884 568 712 784 1003 0 36 678 172 469 859 823 942 462 445 409 629 496 865 556 397 766 655 533 301 399 527 487 937 867 501 212 488 279 485 407 480 550 408 956 942 635 842
698 315 896 879 563 707 780 998 36 0 674 167 465 854 819 937 457 440 404 624 491 860 551 392 761 650 528 297 395 523 482 932 863 496 208 483 274 480 402 475 545 403 952 938 630 837
956 700 780 823 158 74 984 943 678 674 0 543 721 799 504 629 510 544 508 568 749 805 178 496 965 193 786 682 499 467 535 624 1121 600 528 536 636 585 658 528 489 667 896 623 734 907
664 282 765 748 432 576 746 867 172 167 543 0 431 723 688 806 424 309 273 493 457 729 420 261 727 617 494 263 264 392 449 801 829 365 165 450 241 349 369 442 414 369 821 807 499 803
557 373 1076 1059 747 754 638 1178 469 465 721 431 0 1034 1003 1117 286 555 460 808 350 1040 735 442 620 579 387 355 509 707 310 1112 721 568 357 311 310 650 92 304 729 262 1132 1122 636 696
951 967 249 256 688 832 1169 259 859 854 799 723 1034 0 348 291 1027 676 640 281 881 121 676 628 1151 889 917 949 630 367 1051 286 1252 732 708 1052 927 428 971 1045 363 823 212 350 866 1226
1091 932 290 489 394 538 1183 492 823 819 504 688 1003 348 0 139 911 689 653 421 894 354 382 641 1164 594 931 914 644 507 936 134 1266 745 673 937 892 568 940 929 503 836 446 133 879 1240
1034 1051 232 432 519 663 1253 435 942 937 629 806 1117 291 139 0 1037 759 723 364 964 297 507 711 1234 720 1001 1033 714 450 1061 19 1336 815 792 1062 1010 511 1055 1055 446 906 389 141 949 1310
550 366 1068 1051 565 544 631 1171 462 457 510 424 286 1027 911 1037 0 548 453 801 343 1033 585 435 613 369 379 348 502 699 46 1032 714 561 350 45 303 643 223 37 722 255 1124 1030 629 674
543 553 718 701 434 578 690 820 445 440 544 309 555 676 689 759 548 0 161 491 402 682 422 149 671 634 373 535 145 393 572 754 773 80 294 573 513 292 492 565 416 344 773 808 214 747
514 510 682 665 398 542 596 784 409 404 508 273 460 640 653 723 453 161 0 455 307 646 386 102 577 598 344 492 115 357 477 718 679 217 258 478 447 257 398 471 380 249 738 772 351 653
766 737 322 305 458 602 984 425 629 624 568 493 808 281 421 364 801 491 455 0 696 287 446 443 966 659 732 719 445 137 825 359 1067 547 478 826 697 243 745 819 132 638 378 423 681 1041
249 400 923 906 639 783 329 1025 496 491 749 457 350 881 894 964 343 402 307 696 0 887 627 289 311 614 163 382 356 598 367 959 412 415 346 368 337 497 287 361 621 139 978 1013 412 386
957 973 256 178 694 838 1175 181 865 860 805 729 1040 121 354 297 1033 682 646 287 887 0 683 634 1157 895 924 955 637 373 1057 292 1258 738 714 1058 933 434 977 1051 369 829 135 356 872 1233
834 665 658 701 126 211 916 821 556 551 178 420 735 676 382 507 585 422 386 446 627 683 0 374 897 268 664 647 377 345 609 502 999 478 406 610 624 462 673 603 367 569 774 501 612 973
496 492 670 653 386 530 578 772 397 392 496 261 442 628 641 711 435 149 102 443 289 634 374 0 559 586 326 474 103 345 459 706 661 205 246 461 429 244 380 453 368 231 725 760 339 635
355 670 1192 1175 909 999 92 1295 766 761 965 727 620 1151 1164 1234 613 671 577 966 311 1157 897 559 0 824 395 652 626 868 637 1229 331 684 616 638 606 767 557 630 890 409 1248 1283 682 209
821 559 870 914 248 227 843 1033 655 650 193 617 579 889 594 720 369 634 598 659 614 895 268 586 824 0 651 541 589 557 393 715 985 690 618 394 495 675 517 387 580 526 986 713 824 766
200 437 959 942 675 820 413 1062 533 528 786 494 387 917 931 1001 379 373 344 732 163 924 664 326 395 651 0 419 393 635 404 996 496 322 383 405 373 534 324 397 657 175 1015 1050 320 470
589 43 991 974 658 716 670 1093 301 297 682 263 355 949 914 1033 348 535 492 719 382 955 647 474 652 541 419 0 490 618 373 1028 753 591 269 374 67 576 293 366 640 294 1047 1033 668 728
563 508 672 655 388 533 645 775 399 395 499 264 509 630 644 714 502 145 115 445 356 637 377 103 626 589 393 490 0 348 527 709 728 133 249 528 468 247 447 520 370 298 728 763 267 702
805 636 409 392 357 501 887 511 527 523 467 392 707 367 507 450 699 393 357 137 598 373 345 345 868 557 635 618 348 0 724 445 970 449 377 725 596 329 644 717 65 540 465 509 583 944
574 391 1093 1076 589 568 655 1195 487 482 535 449 310 1051 936 1061 46 572 477 825 367 1057 609 459 637 393 404 373 527 724 0 1056 739 585 374 72 327 668 248 64 746 279 1149 1055 653 698
1029 1046 227 427 514 658 1248 430 937 932 624 801 1112 286 134 19 1032 754 718 359 959 292 502 706 1229 715 996 1028 709 445 1056 0 1331 810 786 1057 1005 506 1050 1050 441 901 384 136 944 1305
398 714 1236 1219 929 908 196 1338 810 805 875 771 663 1194 1208 1278 642 715 621 1009 354 1200 941 603 177 733 438 695 670 912 666 1273 0 728 659 667 650 811 601 660 934 452 1292 1327 726 119
492 609 774 757 490 634 702 876 501 496 600 365 566 732 745 815 559 80 217 547 413 738 478 205 683 690 322 591 133 449 584 810 785 0 350 585 553 348 504 577 472 355 829 864 202 759
553 287 750 733 417 561 634 852 212 208 528 165 357 708 673 792 350 294 258 478 346 714 406 246 616 618 383 269 249 377 374 786 717 350 0 376 246 334 295 368 399 258 806 792 484 692
575 392 1094 1077 590 569 657 1196 488 483 536 450 311 1052 937 1062 45 573 478 826 368 1058 610 461 638 394 405 374 528 725 72 1057 740 586 376 0 328 669 249 30 747 280 1150 1056 654 699
543 85 969 952 636 670 625 1071 279 274 636 241 310 927 892 1010 303 513 447 697 337 933 624 429 606 495 373 67 468 596 327 1005 708 555 246 328 0 553 247 321 618 248 1025 1011 623 682
704 594 470 453 474 618 786 572 485 480 585 349 650 428 568 511 643 292 257 243 497 434 462 244 767 675 534 576 247 329 668 506 869 348 334 669 553 0 588 661 325 439 526 570 483 843
494 311 1013 996 684 692 576 1116 407 402 658 369 92 971 940 1055 223 492 398 745 287 977 673 380 557 517 324 293 447 644 248 1050 659 506 295 249 247 588 0 241 666 199 1069 1059 574 633
567 384 1086 1069 583 562 649 1189 480 475 528 442 304 1045 929 1055 37 565 471 819 361 1051 603 453 630 387 397 366 520 717 64 1050 732 579 368 30 321 661 241 0 740 272 1142 1048 647 692
827 658 404 387 379 523 909 507 550 545 489 414 729 363 503 446 722 416 380 132 621 369 367 368 890 580 657 640 370 65 746 441 992 472 399 747 618 325 666 740 0 563 460 505 606 966
346 312 865 848 581 701 427 967 408 403 667 369 262 823 836 906 255 344 249 638 139 829 569 231 409 526 175 294 298 540 279 901 510 357 258 280 248 439 199 272 563 0 920 955 425 484
1048 1065 347 211 786 930 1267 99 956 952 896 821 1132 212 446 389 1124 773 738 378 978 135 774 725 1248 986 1015 1047 728 465 1149 384 1350 829 806 1150 1025 526 1069 1142 460 920 0 448 964 1324
1093 1051 291 491 513 657 1302 494 942 938 623 807 1122 350 133 141 1030 808 772 423 1013 356 501 760 1283 713 1050 1033 763 509 1055 136 1385 864 792 1056 1011 570 1059 1048 505 955 448 0 998 1359
367 686 908 891 624 768 701 1010 635 630 734 499 636 866 879 949 629 214 351 681 412 872 612 339 682 824 320 668 267 583 653 944 784 202 484 654 623 483 574 647 606 425 964 998 0 758
505 820 1343 1326 1059 1149 242 1445 916 911 1115 877 770 1301 1314 1384 763 822 727 1116 461 1307 1047 709 223 974 545 802 776 1018 787 1379 481 835 766 788 757 917 707 781 1040 559 1398 1433 832 0
EOF