NAME : tsp_problem
TYPE : TSP
DIMENSION : 48
EDGE_WEIGHT_TYPE : EXPLICIT
EDGE_WEIGHT_FORMAT : FULL_MATRIX
EDGE_WEIGHT_SECTION
0 660 561 739 481 979 419 128 594 809 700 656 489 519 493 547 429 1102 72 1031 791 583 349 529 734 466 1116 75 539 567 306 373 410 863 285 320 821 236 94 592 669 1162 989 722 827 636 439 1063
660 0 589 676 424 917 535 555 422 747 739 857 200 278 635 678 298 911 620 840 728 622 359 165 773 598 925 651 815 395 557 412 320 801 425 589 860 556 592 356 708 971 927 761 866 720 631 945
561 589 0 574 200 815 179 457 675 645 890 980 680 340 278 577 620 858 522 787 627 773 540 719 925 242 872 553 862 648 319 564 600 699 476 282 1011 457 494 783 859 918 825 913 1018 871 276 892
739 676 574 0 409 259 521 718 762 116 1018 1057 802 427 620 245 711 600 699 429 70 901 653 806 1052 583 658 730 939 735 543 691 728 143 633 601 1139 719 696 910 986 661 269 1040 1145 998 617 343
481 424 200 409 0 650 146 376 510 480 766 883 551 175 246 412 459 693 441 622 462 649 401 554 800 209 707 472 830 483 201 439 476 534 358 249 887 377 413 658 734 753 660 788 893 747 243 727
979 917 815 259 650 0 762 959 1003 356 1258 1297 1043 668 861 486 952 369 940 197 249 1141 894 1047 1293 824 426 971 1180 976 784 932 968 169 874 842 1379 960 937 1055 1227 429 83 1281 1386 1239 857 111
419 535 179 521 146 762 0 314 622 591 748 838 537 286 136 523 478 804 379 733 573 631 397 577 783 100 818 411 720 595 177 422 458 645 333 139 869 315 352 640 717 864 771 770 875 729 133 839
128 555 457 718 376 959 314 0 489 789 595 648 385 414 388 538 325 997 88 926 770 478 245 425 630 361 1011 120 530 462 201 269 305 843 181 215 716 131 61 488 564 1058 969 618 723 576 334 1032
374 446 458 545 293 786 405 269 0 616 524 642 313 197 497 548 239 780 334 709 598 407 159 353 558 467 794 366 600 377 272 197 234 670 139 303 645 270 307 416 493 840 796 546 651 505 442 814
809 747 645 116 480 356 591 789 833 0 1088 1127 873 497 691 315 782 698 770 526 168 971 723 877 1122 654 755 801 1009 806 614 761 798 240 703 672 1209 789 766 980 1057 758 366 1110 1215 1069 687 440
717 771 922 1049 797 1290 780 627 775 1120 0 262 600 701 854 926 611 1284 678 1213 1102 190 531 640 425 826 1298 709 220 748 629 399 483 1174 497 661 482 628 664 455 258 1344 1300 413 516 125 800 1318
656 857 980 1057 883 1297 838 648 861 1127 460 0 686 787 912 865 697 1370 617 1299 1109 276 617 726 511 884 1384 648 159 834 715 485 569 1181 583 738 568 714 614 541 344 1430 1307 499 602 181 857 1381
489 200 680 802 551 1043 537 385 292 873 569 686 0 404 612 805 127 1037 450 966 855 452 189 70 603 584 1051 481 644 265 387 242 150 927 255 418 690 385 422 221 537 1097 1053 591 696 550 558 1072
519 278 340 427 175 668 286 414 364 497 669 787 404 0 386 429 313 661 479 590 479 552 304 408 703 349 675 511 745 337 309 342 379 551 284 367 790 415 452 561 638 722 677 691 796 650 382 696
493 635 278 620 246 861 136 388 716 691 823 912 612 386 0 623 552 904 453 833 672 706 472 652 857 59 918 485 794 689 260 496 533 745 408 213 944 389 426 715 791 964 871 845 950 804 82 938
547 678 577 245 412 486 523 538 765 315 1020 865 805 429 623 0 714 787 507 656 297 903 655 809 1054 586 801 539 747 738 546 693 730 370 635 604 1141 646 504 912 989 848 496 1042 1147 844 619 570
429 298 620 711 459 952 478 325 201 782 579 697 127 313 552 714 0 946 390 875 763 462 115 168 613 524 960 421 655 174 327 253 160 836 195 358 700 325 362 319 548 1006 962 601 706 560 498 980
1102 911 858 600 693 369 804 997 997 698 1252 1370 1037 661 904 787 946 0 1063 226 591 1135 887 1041 1287 867 261 1094 1328 970 827 926 962 510 868 885 1373 998 1035 984 1221 264 425 1274 1379 1233 900 332
72 620 522 699 441 940 379 88 554 770 660 617 450 479 453 507 390 1063 0 991 751 543 310 490 695 426 1076 64 499 527 266 334 370 824 246 280 781 196 54 553 629 1123 950 683 788 596 399 1024
1031 840 787 429 622 197 733 926 926 526 1181 1299 966 590 833 656 875 226 991 0 419 1064 816 970 1215 796 283 1023 1257 899 756 855 891 339 797 814 1302 927 964 913 1150 286 253 1203 1308 1162 829 160
791 728 627 70 462 249 573 770 814 168 1070 1109 855 479 672 297 763 591 751 419 0 953 705 858 1104 636 648 783 991 787 596 743 780 133 685 654 1191 771 748 962 1039 651 259 1092 1197 1051 669 333
583 622 773 901 649 1141 631 478 626 971 226 276 452 552 706 903 462 1135 543 1064 953 0 382 492 277 678 1149 575 234 600 481 250 334 1025 348 512 363 479 516 307 138 1195 1151 264 369 139 651 1170
349 359 540 653 401 894 397 245 279 723 499 617 189 304 472 655 115 887 310 816 705 382 0 229 534 444 901 341 575 252 247 173 209 777 115 278 620 245 282 380 468 947 903 522 627 480 418 922
529 165 719 806 554 1047 577 425 332 877 609 726 70 408 652 809 168 1041 490 970 858 492 229 0 643 624 1055 521 684 305 427 282 190 931 295 458 730 425 462 225 577 1101 1057 631 736 590 598 1075
734 773 925 1052 800 1293 783 630 778 1122 394 511 603 703 857 1054 613 1287 695 1215 1104 277 534 643 0 829 1300 726 469 751 632 402 486 1177 500 663 179 630 667 458 283 1347 1303 81 186 374 803 1321
466 598 242 583 209 824 100 361 684 654 795 884 584 349 59 586 524 867 426 796 636 678 444 624 829 0 881 457 767 657 224 468 505 708 380 186 916 362 398 687 764 927 834 817 922 776 85 902
1116 925 872 658 707 426 818 1011 1011 755 1266 1384 1051 675 918 801 960 261 1076 283 648 1149 901 1055 1300 881 0 1108 1342 984 841 940 976 568 882 899 1387 1012 1049 998 1235 179 482 1288 1393 1247 914 389
75 651 553 730 472 971 411 120 585 801 692 648 481 511 485 539 421 1094 64 1023 783 575 341 521 726 457 1108 0 530 559 298 365 402 855 277 311 813 228 86 584 660 1154 981 714 819 628 430 1055
539 815 862 939 830 1180 720 530 819 1009 418 159 644 745 794 747 655 1328 499 1257 991 234 575 684 469 767 1342 530 0 792 673 443 527 1063 541 621 526 638 496 499 302 1388 1189 457 560 139 740 1263
408 480 493 580 328 821 439 304 438 650 559 676 348 231 531 582 274 814 369 743 632 442 194 388 593 502 828 400 634 0 306 232 269 704 174 338 680 304 341 451 527 874 830 581 686 539 477 849
306 557 319 543 201 784 177 201 491 614 598 715 387 309 260 546 327 827 266 756 596 481 247 427 632 224 841 298 673 464 0 271 308 668 183 85 719 202 239 490 566 887 794 620 725 579 222 861
373 412 564 691 439 932 422 269 417 761 367 485 242 342 496 693 253 926 334 855 743 250 173 282 402 468 940 365 443 390 271 0 163 816 139 302 488 269 306 261 336 986 942 390 495 348 442 960
410 320 600 728 476 968 458 305 324 798 451 569 150 379 533 730 160 962 370 891 780 334 209 190 486 505 976 402 527 297 308 163 0 852 175 339 572 306 343 212 420 1022 978 474 579 432 478 997
863 801 699 143 534 169 645 843 887 240 1142 1181 927 551 745 370 836 510 824 339 133 1025 777 931 1177 708 568 855 1063 860 668 816 852 0 758 726 1263 843 821 1034 1111 571 179 1164 1269 1123 741 253
285 425 476 633 358 874 333 181 359 703 466 583 255 284 408 635 195 868 246 797 685 348 115 295 500 380 882 277 541 332 183 139 175 758 0 214 586 181 218 358 434 928 884 488 593 446 354 902
320 589 282 601 249 842 139 215 523 672 629 738 418 367 213 604 358 885 280 814 654 512 278 458 663 186 899 311 621 496 85 302 339 726 214 0 750 216 252 521 598 945 852 651 756 610 159 920
821 860 1011 1139 887 1379 869 716 864 1209 480 578 690 790 944 1141 700 1373 781 1302 1191 363 620 730 179 916 1387 813 536 837 719 488 572 1263 586 750 0 717 754 545 370 1433 1389 168 125 442 889 1408
236 556 457 719 377 960 315 131 490 789 596 714 385 415 389 646 325 998 196 927 771 479 245 425 630 362 1012 228 638 463 202 269 306 843 181 216 717 0 168 488 565 1058 969 618 723 577 335 1033
94 592 494 696 413 937 352 61 526 766 633 614 422 452 426 504 362 1035 54 964 748 516 282 462 667 398 1049 86 496 499 239 306 343 821 218 252 754 168 0 525 601 1095 947 655 760 593 371 1021
592 356 783 910 658 1055 640 488 483 980 424 541 221 561 715 912 319 984 553 913 962 307 380 225 458 687 998 584 499 456 490 261 212 1034 358 521 545 488 525 0 393 1044 1111 446 551 405 661 1018
669 708 859 986 734 1227 717 564 712 1057 322 344 537 638 791 989 548 1221 629 1150 1039 138 468 577 283 764 1235 660 302 685 566 336 420 1111 434 598 370 565 601 393 0 1281 1237 271 376 207 737 1256
1162 971 918 661 753 429 864 1058 1057 758 1312 1430 1097 722 964 848 1006 264 1123 286 651 1195 947 1101 1347 927 179 1154 1388 1030 887 986 1022 571 928 945 1433 1058 1095 1044 1281 0 485 1335 1440 1293 960 392
989 927 825 269 660 83 771 969 1013 366 1268 1307 1053 677 871 496 962 425 950 253 259 1151 903 1057 1303 834 482 981 1189 986 794 942 978 179 884 852 1389 969 947 1111 1237 485 0 1291 1396 1249 867 167
722 761 913 1040 788 1281 770 618 766 1110 381 499 591 691 845 1042 601 1274 683 1203 1092 264 522 631 81 817 1288 714 457 739 620 390 474 1164 488 651 168 618 655 446 271 1335 1291 0 174 362 791 1309
827 866 1018 1145 893 1386 875 723 871 1215 486 604 696 796 950 1147 706 1379 788 1308 1197 369 627 736 186 922 1393 819 562 844 725 495 579 1269 593 756 125 723 760 551 376 1440 1396 174 0 467 896 1414
636 720 871 998 747 1239 729 576 724 1069 324 181 550 650 804 844 560 1233 596 1162 1051 139 480 590 374 776 1247 628 139 697 579 348 432 1123 446 610 432 577 593 405 207 1293 1249 362 465 0 749 1268
439 631 276 617 243 857 133 334 662 687 768 857 558 382 82 619 498 900 399 829 669 651 418 598 803 85 914 430 740 635 222 442 478 741 354 159 889 335 371 661 737 960 867 791 896 749 0 935
1063 945 892 343 727 111 839 1032 1031 440 1287 1381 1072 696 938 570 980 332 1024 160 333 1170 922 1075 1321 902 389 1055 1263 1004 861 960 997 253 902 920 1408 1033 1021 1018 1256 392 167 1309 1414 1268 935 0
EOF