NAME : tsp_problem
TYPE : TSP
DIMENSION : 22
EDGE_WEIGHT_TYPE : EXPLICIT
EDGE_WEIGHT_FORMAT : FULL_MATRIX
EDGE_WEIGHT_SECTION
0 941 581 527 776 336 612 850 355 579 810 589 139 70 412 407 146 483 723 821 625 648
941 0 1457 670 639 1003 1307 357 659 1455 426 1486 838 915 780 788 885 1033 497 163 712 1545
581 1457 0 835 1314 873 236 1327 883 48 1347 313 677 608 720 715 674 504 1261 1359 968 372
527 670 835 0 1036 741 686 540 525 833 875 903 545 502 158 166 493 411 946 612 886 963
776 605 1314 1036 0 839 1345 586 681 1312 508 1321 674 750 1066 1061 800 1137 260 520 548 1381
336 1003 873 741 839 0 904 950 569 871 872 881 297 310 626 621 360 697 785 884 328 940
612 1307 236 686 1345 904 0 1177 914 234 1378 343 707 639 570 565 705 354 1292 1250 999 403
850 357 1327 540 586 950 1177 0 529 1325 373 1395 748 825 650 658 755 903 444 238 659 1455
355 659 883 525 681 569 914 529 0 881 714 890 372 329 586 582 246 658 627 601 531 950
579 1455 48 833 1312 871 234 1325 881 0 1345 311 675 606 717 713 672 502 1259 1357 966 370
738 348 1275 938 349 800 1306 435 642 1273 0 1283 635 712 1028 1023 762 1099 234 369 509 1342
589 1486 313 903 1321 881 343 1395 890 311 1355 0 684 615 787 782 681 612 1268 1366 975 94
139 838 677 545 674 297 707 748 372 675 707 684 0 113 429 424 163 500 620 719 524 743
70 915 608 502 750 310 639 825 329 606 784 615 113 0 386 381 120 457 697 795 600 675
412 780 720 158 1066 626 570 650 586 717 985 787 429 386 0 110 377 296 1013 722 916 847
407 788 715 166 1061 621 565 658 582 713 993 782 424 381 110 0 372 291 1008 730 911 842
146 885 674 493 800 360 705 755 246 672 834 681 163 120 377 372 0 448 747 827 650 741
483 1033 504 411 1137 697 354 903 658 502 1171 612 500 457 296 291 448 0 1084 975 987 671
723 490 1261 946 260 785 1292 444 627 1259 366 1268 620 697 1013 1008 747 1084 0 377 494 1328
821 163 1359 612 520 884 1250 238 601 1357 306 1366 719 795 722 730 827 975 377 0 592 1426
625 712 968 886 548 328 999 659 531 966 581 975 524 600 916 911 650 987 494 592 0 1035
648 1545 372 963 1381 940 403 1455 950 370 1414 94 743 675 847 842 741 671 1328 1426 1035 0
EOF