NAME : tsp_problem
TYPE : TSP
DIMENSION : 32
EDGE_WEIGHT_TYPE : EXPLICIT
EDGE_WEIGHT_FORMAT : FULL_MATRIX
EDGE_WEIGHT_SECTION
0 921 460 496 523 602 275 968 246 1038 640 33 419 372 591 657 571 1045 420 788 362 535 808 265 288 499 456 967 187 472 967 58
921 0 922 826 668 491 749 487 935 406 1119 950 540 1242 786 1136 801 425 900 1268 841 605 782 830 744 654 735 347 876 706 483 975
460 922 0 273 300 647 434 1097 474 1038 587 489 434 781 368 604 956 1046 239 736 180 348 938 463 486 810 233 968 415 669 1096 514
370 703 388 0 380 428 344 878 384 819 568 399 200 691 498 584 737 827 348 716 290 317 719 372 395 590 370 749 325 483 877 424
522 668 300 192 0 394 492 844 536 785 720 550 217 843 151 736 703 792 372 868 314 95 684 524 487 556 100 714 477 449 843 576
602 491 647 551 394 0 426 503 615 607 844 630 265 803 511 861 362 615 625 993 566 330 343 507 420 215 460 537 557 382 502 655
275 749 434 471 492 426 0 876 289 866 614 303 363 526 566 631 724 873 395 763 336 428 716 109 80 588 431 795 230 264 875 329
968 487 1097 1002 844 503 876 0 1066 345 1295 997 715 1110 962 1311 668 252 1075 1443 1017 780 452 957 871 521 911 187 1007 833 56 1022
246 935 474 510 537 615 289 1066 0 1051 654 275 432 589 605 670 788 1059 434 802 376 549 906 279 302 717 470 981 79 486 1065 300
1038 406 1038 943 785 607 866 345 1051 0 1235 1066 656 1358 903 1252 917 284 1016 1384 958 721 740 947 860 770 851 206 993 822 341 1091
640 1119 587 694 721 844 614 1295 654 1235 0 669 616 574 789 190 1154 1243 386 243 449 733 1135 643 665 1007 654 1165 595 849 1294 694
33 950 489 525 552 630 303 997 275 1066 669 0 447 401 620 685 600 1074 449 817 391 564 837 294 317 528 485 996 216 501 996 58
419 540 437 375 217 265 363 715 432 656 616 447 0 740 335 633 574 664 397 765 339 153 556 421 358 427 284 586 374 320 714 472
372 1242 781 817 844 803 526 1110 589 1358 574 401 740 0 912 502 713 1305 613 601 676 856 950 507 530 641 777 1240 531 714 1108 426
399 597 417 433 275 322 373 773 413 714 597 428 95 720 0 613 632 721 377 745 319 211 613 402 416 485 342 643 354 378 772 453
657 1136 604 710 737 861 631 1311 670 1252 190 685 633 502 806 0 1140 1260 403 363 465 750 1152 659 682 1024 671 1182 612 865 1310 710
714 944 1100 1004 846 505 868 812 931 850 1297 743 718 856 964 1283 0 858 1078 1382 1019 783 652 849 872 343 913 780 873 835 810 768
1045 425 1046 950 792 615 873 252 1059 284 1243 1074 664 1305 910 1260 864 0 1023 1392 965 729 648 954 868 717 859 126 1000 830 249 1099
420 900 239 345 372 625 395 1075 434 1016 386 449 397 613 440 403 934 1023 0 535 98 433 916 423 446 787 305 946 376 629 1074 474
788 1268 736 842 869 993 763 1443 802 1384 243 817 765 610 937 363 1249 1392 535 0 597 881 1284 791 814 1155 802 1314 744 997 1442 842
362 841 180 287 314 566 336 1017 376 958 449 391 339 676 382 465 876 965 98 597 0 375 857 365 388 729 247 887 317 571 1016 416
535 605 348 252 95 330 428 780 549 721 733 564 153 856 212 750 639 729 433 881 375 0 621 509 423 492 161 651 490 385 779 589
808 782 938 842 684 343 716 452 906 740 1135 837 556 950 802 1152 509 648 916 1284 857 621 0 797 711 362 751 583 848 673 451 862
265 830 463 499 526 507 109 957 279 947 643 294 421 507 594 659 706 954 423 791 365 509 797 0 114 635 459 876 220 298 956 319
288 744 486 522 487 420 80 871 302 860 665 317 358 530 605 682 729 868 446 814 388 423 711 114 0 583 482 790 243 211 870 342
499 654 810 714 556 215 588 521 717 770 1007 528 427 641 674 1024 200 717 787 1155 729 492 362 635 583 0 623 652 658 545 520 553
456 735 233 125 100 460 431 911 470 851 654 485 234 777 168 671 770 859 305 802 247 161 751 459 482 623 0 781 411 516 909 510
967 347 968 872 714 537 795 187 981 206 1165 996 586 1240 832 1182 799 126 946 1314 887 651 583 876 790 652 781 0 922 752 183 1021
187 876 415 451 478 557 230 1007 79 993 595 216 374 531 547 612 729 1000 376 744 317 490 848 220 243 658 412 922 0 427 1006 241
472 706 669 607 449 382 264 833 486 822 849 501 320 714 567 865 692 830 629 997 571 385 673 298 211 545 516 752 427 0 832 526
967 483 1096 1001 843 502 875 56 1065 341 1294 996 714 1108 961 1310 667 249 1074 1442 1016 779 451 956 870 520 909 183 1006 832 0 1021
58 975 514 550 577 655 329 1022 300 1091 694 58 472 426 645 710 625 1099 474 842 416 589 862 319 342 553 510 1021 241 526 1021 0
EOF