NAME : tsp_problem
TYPE : TSP
DIMENSION : 60
EDGE_WEIGHT_TYPE : EXPLICIT
EDGE_WEIGHT_FORMAT : FULL_MATRIX
EDGE_WEIGHT_SECTION
0 1028 265 1087 887 463 481 1117 411 521 1047 397 831 732 711 447 381 950 164 427 649 210 536 567 856 676 866 84 735 407 592 541 468 189 269 447 766 1029 203 426 436 736 395 241 598 499 786 150 922 622 319 658 1009 355 1044 585 599 454 751 560
1028 0 965 475 1325 872 890 506 871 1221 436 933 351 1070 403 733 901 573 903 928 694 1081 1237 717 239 1134 1304 1021 506 930 1292 792 877 932 823 1032 310 317 1053 1011 846 461 980 871 1299 1199 563 970 563 458 906 980 398 940 182 599 1300 1039 443 811
265 965 0 1024 664 396 414 1055 344 297 985 331 769 509 649 381 314 887 220 360 582 244 313 500 794 452 643 258 673 341 368 474 401 430 202 380 704 967 258 359 370 674 328 175 375 275 719 391 860 560 493 591 947 289 981 522 376 387 689 493
1087 475 1024 0 1647 980 998 86 979 1280 148 1087 299 1438 770 841 1009 286 962 1116 1061 1029 1296 825 646 1435 1626 1080 454 1096 1351 900 985 992 882 1136 717 365 1112 1115 954 409 1084 931 1358 1258 930 1029 275 681 965 1347 252 1044 380 547 1359 1143 810 919
887 1325 664 1647 0 806 824 1678 754 623 1607 643 1392 481 960 870 724 1510 843 637 680 774 607 910 1154 424 68 881 1291 639 587 885 811 1053 825 861 1064 1574 788 840 779 1296 809 797 594 462 817 1014 1482 1064 1116 418 1569 769 1439 1145 494 868 929 903
463 872 396 980 806 0 97 1011 88 652 941 200 725 551 556 153 118 843 348 308 452 598 668 193 701 615 785 457 580 289 723 168 94 628 330 328 611 923 484 307 63 639 276 272 730 630 588 589 816 467 621 461 903 237 937 488 731 335 596 186
481 890 414 998 824 97 0 1029 106 670 958 218 743 569 574 171 135 861 366 326 469 616 686 211 719 632 803 474 597 306 741 186 91 646 348 346 629 940 501 325 80 657 294 290 748 648 606 607 833 484 639 478 920 254 955 506 749 353 613 204
1117 506 1055 86 1678 1011 1029 0 1010 1311 178 1117 329 1468 801 871 1040 316 993 1147 1091 1059 1327 855 676 1466 1657 1111 484 1127 1382 931 1016 1022 912 1166 748 396 1142 1145 984 440 1115 961 1389 1289 961 1060 305 711 996 1377 283 1075 411 578 1390 1174 841 949
411 871 344 979 754 88 106 1010 0 600 939 148 724 499 555 152 66 842 296 256 399 546 616 192 700 563 733 405 578 237 671 167 93 576 278 276 610 921 432 255 61 638 224 220 678 578 536 537 814 465 569 409 901 185 936 487 679 283 595 185
521 1221 297 1280 623 652 670 1311 600 0 1241 587 1025 501 905 636 570 1143 476 616 838 408 108 756 1050 444 602 514 928 596 110 730 657 686 458 636 960 1222 421 615 626 930 584 431 117 200 975 647 1115 815 749 629 1203 544 1237 778 368 643 945 749
1047 436 985 148 1607 941 958 178 939 1241 0 1047 259 1398 730 801 969 167 922 1076 1021 989 1256 785 606 1395 1586 1041 414 1057 1312 861 945 952 842 1096 677 325 1072 1075 914 369 1044 891 1318 1219 890 990 157 641 925 1307 213 1005 340 507 1319 1104 770 879
397 933 331 1087 643 200 218 1117 148 587 1047 0 831 388 568 264 118 950 282 160 288 532 602 304 762 451 622 391 690 162 658 279 205 563 264 262 672 1029 418 241 173 736 211 207 664 565 425 524 922 577 556 297 1009 171 1043 584 665 270 537 297
831 351 769 299 1392 725 743 329 724 1025 259 831 0 1182 515 585 754 289 707 861 805 773 1041 570 521 1180 1371 825 198 841 1096 645 730 736 626 881 570 241 856 859 699 154 829 675 1103 1003 675 774 261 426 710 1092 221 789 255 292 1104 888 555 663
732 1070 509 1438 481 551 569 1468 499 501 1398 388 1182 0 705 615 469 1301 634 383 426 619 512 655 899 144 460 726 1037 384 492 630 556 897 616 606 809 1319 633 585 525 1087 554 558 499 367 562 859 1273 809 907 184 1360 515 1184 936 333 614 675 648
711 403 649 770 960 556 574 801 555 905 730 568 515 705 0 416 584 633 586 563 329 851 920 400 232 769 939 705 369 565 976 476 561 616 506 715 142 652 736 694 529 498 664 555 982 883 198 654 605 142 589 615 692 624 516 437 983 723 126 494
447 733 381 841 870 153 171 871 152 636 801 264 585 615 416 0 182 704 332 330 516 582 652 133 561 679 849 441 440 311 707 107 158 527 314 350 471 783 468 329 127 500 299 256 714 614 576 565 676 327 500 525 763 259 797 348 715 358 456 126
381 901 314 1009 724 118 135 1040 66 570 969 118 754 469 584 182 0 872 266 226 369 516 586 222 730 532 703 374 608 206 641 197 123 546 248 246 640 951 401 225 91 668 194 190 648 548 506 507 844 495 539 378 931 154 966 517 649 253 618 215
950 573 887 286 1510 843 861 316 842 1143 167 950 289 1301 633 704 872 0 825 979 924 892 1159 688 744 1298 1489 943 317 959 1214 763 848 855 745 999 688 463 975 978 817 272 947 794 1221 1121 793 892 46 544 828 1210 350 907 478 410 1222 1006 673 782
164 903 220 962 843 348 366 993 296 476 922 282 707 634 586 332 266 825 0 312 534 351 492 451 732 631 822 158 610 292 547 426 353 329 140 332 642 904 296 311 321 611 280 126 554 454 671 290 797 497 308 543 884 240 919 460 555 339 626 444
427 928 360 1116 637 308 326 1147 256 616 1076 160 861 383 563 330 226 979 312 0 283 562 632 412 757 446 616 421 719 40 687 387 313 592 294 262 667 1058 447 240 282 765 210 236 694 594 420 553 951 606 585 292 1038 170 1042 614 680 269 532 405
649 694 582 1061 680 452 469 1091 399 838 1021 288 805 426 329 516 369 924 534 283 0 784 854 556 522 489 659 643 660 285 882 530 456 814 516 506 432 942 670 485 425 789 455 458 889 757 185 775 896 432 807 335 983 415 807 728 723 514 298 549
210 1081 244 1029 774 598 616 1059 546 408 989 532 773 619 851 582 516 892 351 562 784 0 423 701 996 563 753 227 801 542 479 676 603 319 404 582 906 971 203 561 571 678 530 376 485 386 921 280 864 761 506 747 951 490 986 724 486 589 890 694
536 1237 313 1296 607 668 686 1327 616 108 1256 602 1041 512 920 652 586 1159 492 632 854 423 0 771 1066 455 586 530 944 612 94 746 673 702 474 652 976 1238 437 631 641 945 600 446 101 184 991 663 1131 831 765 639 1218 560 1253 794 379 659 960 764
567 717 500 825 910 193 211 855 192 756 785 304 570 655 400 133 222 688 451 412 556 701 771 0 545 719 889 560 424 393 827 112 198 511 401 432 456 767 587 411 167 484 380 376 833 734 560 549 660 311 484 565 747 341 782 332 834 439 440 131
856 239 794 646 1154 701 719 676 700 1050 606 762 521 899 232 561 730 744 732 757 522 996 1066 545 0 963 1133 850 514 758 1121 621 706 761 651 861 139 487 881 839 674 632 809 700 1128 1028 392 799 733 287 734 808 568 769 352 582 1129 868 272 639
676 1134 452 1435 424 615 632 1466 563 444 1395 451 1180 144 769 679 532 1298 631 446 489 563 455 719 963 0 403 669 1083 448 436 693 619 841 613 669 873 1377 576 648 588 1085 618 586 443 310 625 802 1270 872 904 248 1358 578 1247 933 277 677 738 712
866 1304 643 1626 68 785 803 1657 733 602 1586 622 1371 460 939 849 703 1489 822 616 659 753 586 889 1133 403 0 860 1270 618 566 864 790 1032 804 840 1043 1553 767 819 758 1275 788 776 573 441 796 993 1461 1043 1095 397 1548 748 1418 1124 473 847 908 882
84 1021 258 1080 881 457 474 1111 405 514 1041 391 825 726 705 441 374 943 158 421 643 227 530 560 850 669 860 0 728 401 585 535 461 205 263 440 760 1022 217 419 430 730 389 235 592 492 779 166 916 616 313 652 1003 349 1037 578 593 448 745 553
735 506 673 454 1291 580 597 484 578 928 414 690 198 1037 369 440 608 317 610 719 660 801 944 424 514 1083 1270 728 0 700 999 499 584 640 530 739 424 396 760 718 553 182 688 579 1006 906 529 677 289 280 613 946 376 648 411 320 1007 747 409 518
407 930 341 1096 639 289 306 1127 237 596 1057 162 841 384 565 311 206 959 292 40 285 542 612 393 758 448 618 401 700 0 667 367 293 573 274 242 668 1039 428 221 262 746 190 216 674 575 421 534 932 587 565 294 1019 151 1043 594 675 249 534 386
592 1292 368 1351 587 723 741 1382 671 110 1312 658 1096 492 976 707 641 1214 547 687 882 479 94 827 1121 436 566 585 999 667 0 801 728 757 529 707 1031 1293 492 686 697 1001 655 502 35 164 1019 718 1186 886 820 620 1274 615 1308 849 360 714 1016 820
541 792 474 900 885 168 186 931 167 730 861 279 645 630 476 107 197 763 426 387 530 676 746 112 621 693 864 535 499 367 801 0 173 587 408 407 531 842 562 386 141 559 355 350 808 708 636 624 735 387 560 539 823 315 857 408 809 414 516 103
468 877 401 985 811 94 91 1016 93 657 945 205 730 556 561 158 123 848 353 313 456 603 673 198 706 619 790 461 584 293 728 173 0 633 335 333 616 927 488 312 67 644 281 277 735 635 593 594 820 471 626 465 907 241 942 493 736 340 601 191
189 932 430 992 1053 628 646 1022 576 686 952 563 736 897 616 527 546 855 329 592 814 319 702 511 761 841 1032 205 640 573 757 587 633 0 434 612 671 934 312 591 602 641 560 407 764 664 776 72 827 527 346 823 914 521 948 490 765 619 656 605
269 823 202 882 825 330 348 912 278 458 842 264 626 616 506 314 248 745 140 294 516 404 474 401 651 613 804 263 530 274 529 408 335 434 0 314 561 824 290 292 303 531 262 108 536 436 653 395 717 417 413 525 804 222 839 380 537 321 546 426
447 1032 380 1136 861 328 346 1166 276 636 1096 262 881 606 715 350 246 999 332 262 506 582 652 432 861 669 840 440 739 242 707 407 333 612 314 0 771 1078 467 58 301 785 180 256 714 614 643 573 971 626 605 515 1058 140 1093 634 715 59 755 425
766 310 704 717 1064 611 629 748 610 960 677 672 570 809 142 471 640 688 642 667 432 906 976 456 139 873 1043 760 424 668 1031 531 616 671 561 771 0 559 791 750 584 553 719 610 1038 938 302 709 660 197 644 718 639 679 424 492 1039 778 182 549
1029 317 967 365 1574 923 940 396 921 1222 325 1029 241 1319 652 783 951 463 904 1058 942 971 1238 767 487 1377 1553 1022 396 1039 1293 842 927 934 824 1078 559 0 1054 1057 896 351 1026 873 1300 1200 812 971 452 623 907 1228 288 987 222 489 1301 1085 691 861
203 1053 258 1112 788 484 501 1142 432 421 1072 418 856 633 736 468 401 975 296 447 670 203 437 587 881 576 767 217 760 428 492 562 488 312 290 467 791 1054 0 446 457 761 416 262 499 399 806 273 947 647 451 679 1034 376 1069 610 500 475 776 580
426 1011 359 1115 840 307 325 1145 255 615 1075 241 859 585 694 329 225 978 311 240 485 561 631 411 839 648 819 419 718 221 686 386 312 591 292 58 750 1057 446 0 280 764 159 235 693 593 622 552 950 605 584 494 1037 119 1072 613 694 65 734 404
436 846 370 954 779 63 80 984 61 626 914 173 699 525 529 127 91 817 321 282 425 571 641 167 674 588 758 430 553 262 697 141 67 602 303 301 584 896 457 280 0 613 250 246 703 604 562 563 789 440 595 434 876 210 911 461 704 309 569 160
736 461 674 409 1296 639 657 440 638 930 369 736 154 1087 498 500 668 272 611 765 789 678 945 484 632 1085 1275 730 182 746 1001 559 644 641 531 785 553 351 761 764 613 0 734 580 1007 908 658 679 244 409 614 997 332 694 366 196 1008 793 538 578
395 980 328 1084 809 276 294 1115 224 584 1044 211 829 554 664 299 194 947 280 210 455 530 600 380 809 618 788 389 688 190 655 355 281 560 262 180 719 1026 416 159 250 734 0 204 662 562 591 521 919 575 553 464 1007 89 1041 582 663 187 704 373
241 871 175 931 797 272 290 961 220 431 891 207 675 558 555 256 190 794 126 236 458 376 446 376 700 586 776 235 579 216 502 350 277 407 108 256 610 873 262 235 246 580 204 0 508 409 595 368 766 466 400 467 853 164 887 428 509 263 595 369
598 1299 375 1358 594 730 748 1389 678 117 1318 664 1103 499 982 714 648 1221 554 694 889 485 101 833 1128 443 573 592 1006 674 35 808 735 764 536 714 1038 1300 499 693 703 1007 662 508 0 171 1025 725 1193 893 827 627 1280 622 1315 856 366 721 1022 826
499 1199 275 1258 462 630 648 1289 578 200 1219 565 1003 367 883 614 548 1121 454 594 757 386 184 734 1028 310 441 492 906 575 164 708 635 664 436 614 938 1200 399 593 604 908 562 409 171 0 893 625 1093 794 727 495 1181 523 1215 756 234 621 923 727
786 563 719 930 817 588 606 961 536 975 890 425 675 562 198 576 506 793 671 420 185 921 991 560 392 625 796 779 529 421 1019 636 593 776 653 643 302 812 806 622 562 658 591 595 1025 893 0 814 765 302 749 471 852 551 677 597 860 650 167 654
150 970 391 1029 1014 589 607 1060 537 647 990 524 774 859 654 565 507 892 290 553 775 280 663 549 799 802 993 166 677 534 718 624 594 72 395 573 709 971 273 552 563 679 521 368 725 625 814 0 864 565 383 784 952 482 986 527 726 581 694 643
922 563 860 275 1482 816 833 305 814 1115 157 922 261 1273 605 676 844 46 797 951 896 864 1131 660 733 1270 1461 916 289 932 1186 735 820 827 717 971 660 452 947 950 789 244 919 766 1193 1093 765 864 0 516 800 1182 340 880 467 382 1194 978 645 754
622 458 560 681 1064 467 484 711 465 815 641 577 426 809 142 327 495 544 497 606 432 761 831 311 287 872 1043 616 280 587 886 387 471 527 417 626 197 623 647 605 440 409 575 466 893 794 302 565 516 0 500 718 603 535 571 348 894 634 181 405
401 750 334 809 957 462 480 840 410 590 770 396 554 748 434 345 380 672 272 426 648 536 606 329 579 745 936 395 457 406 661 404 467 431 192 446 489 751 422 425 435 459 394 240 668 568 594 468 645 345 0 657 732 354 766 307 669 453 474 423
658 980 591 1347 418 461 478 1377 409 629 1307 297 1092 184 615 525 378 1210 543 292 335 747 639 565 808 248 397 652 946 294 620 539 465 823 525 515 718 1228 679 494 434 997 464 467 627 495 471 784 1182 718 816 0 1269 424 1093 845 461 523 584 558
1009 398 947 252 1569 903 920 283 901 1203 213 1009 221 1360 692 763 931 350 884 1038 983 951 1218 747 568 1358 1548 1003 376 1019 1274 823 907 914 804 1058 639 288 1034 1037 876 332 1007 853 1280 1181 852 952 340 603 887 1269 0 967 302 469 1281 1066 732 841
355 940 289 1044 769 237 254 1075 185 544 1005 171 789 515 624 259 154 907 240 170 415 490 560 341 769 578 748 349 648 151 615 315 241 521 222 140 679 987 376 119 210 694 89 164 622 523 551 482 880 535 513 424 967 0 1001 542 623 148 664 334
1044 182 981 380 1439 937 955 411 936 1237 340 1043 255 1184 516 797 966 478 919 1042 807 986 1253 782 352 1247 1418 1037 411 1043 1308 857 942 948 839 1093 424 222 1069 1072 911 366 1041 887 1315 1215 677 986 467 571 922 1093 302 1001 0 504 1316 1100 556 875
585 599 522 547 1145 488 506 578 487 778 507 584 292 936 437 348 517 410 460 614 728 724 794 332 582 933 1124 578 320 594 849 408 493 490 380 634 492 489 610 613 461 196 582 428 856 756 597 527 382 348 463 845 469 542 504 0 857 641 477 426
634 1334 410 1394 464 766 783 1424 713 370 1354 700 1138 502 1018 750 683 1257 589 729 892 521 353 869 1163 446 443 628 1042 710 334 844 770 799 571 749 1073 1336 534 728 739 1043 698 544 341 209 1029 760 1229 929 862 630 1316 658 1350 892 0 757 1058 862
454 1039 387 1143 868 335 353 1174 283 643 1104 270 888 614 723 358 253 1006 339 269 514 589 659 439 868 677 847 448 747 249 714 414 340 619 321 59 778 1085 475 65 309 793 187 263 721 621 650 581 978 634 612 523 1066 148 1100 641 722 0 763 432
751 443 689 810 929 596 613 841 595 945 770 537 555 675 126 456 618 673 626 532 298 890 960 440 272 738 908 745 409 534 1016 516 601 656 546 755 182 691 776 734 569 538 704 595 1022 923 167 694 645 181 629 584 732 664 556 477 972 763 0 534
560 811 493 919 903 186 204 949 185 749 879 297 663 648 494 126 215 782 444 405 549 694 764 131 639 712 882 553 518 386 820 103 191 605 426 425 549 861 580 404 160 578 373 369 826 727 654 643 754 405 578 558 841 334 875 426 827 432 534 0
EOF