NAME : tsp_problem
TYPE : TSP
DIMENSION : 52
EDGE_WEIGHT_TYPE : EXPLICIT
EDGE_WEIGHT_FORMAT : FULL_MATRIX
EDGE_WEIGHT_SECTION
0 1244 947 38 822 442 914 491 773 342 352 1262 43 601 245 854 869 721 552 882 890 1194 1237 229 1152 785 562 1218 398 1126 378 1220 607 964 425 826 675 444 630 191 921 109 544 1100 269 1092 1167 1173 1187 1041 887 799
1244 0 797 1241 558 1084 764 1385 782 1430 1327 184 1246 1086 1333 954 475 1091 891 732 740 352 395 1345 216 503 1047 140 1073 283 1021 429 1092 706 878 988 966 1001 966 1279 409 1257 1029 822 1261 249 325 330 103 282 924 551
947 797 0 945 326 820 160 638 437 913 1031 815 949 722 963 207 374 345 545 127 135 687 538 1048 705 508 683 771 776 631 885 466 524 209 581 242 669 899 669 908 425 960 572 345 964 639 660 665 740 594 178 303
38 1241 945 0 819 439 912 488 770 340 349 1259 41 599 243 851 867 719 550 879 887 1192 1235 227 1149 783 560 1216 396 1123 376 1218 605 961 423 824 673 442 628 189 919 107 542 1097 267 1089 1165 1170 1184 1039 885 796
822 558 326 819 0 695 293 914 311 1008 905 576 824 619 911 483 134 620 420 261 269 508 551 923 466 382 580 532 651 440 759 585 625 343 456 517 544 774 544 857 186 835 562 479 839 406 481 487 501 355 453 80
442 1084 820 439 695 0 788 774 646 628 525 1102 444 474 531 787 743 654 426 755 763 1034 1077 543 991 659 436 1058 140 966 184 1093 480 837 299 759 275 115 353 477 794 455 417 973 459 932 1007 1013 1027 881 820 672
914 764 160 912 293 788 0 662 404 937 998 783 917 712 987 232 341 369 513 94 103 655 505 1015 672 475 673 739 744 599 852 433 549 177 549 266 636 867 637 933 393 928 597 312 932 607 627 633 707 562 202 271
491 1385 638 488 914 774 662 0 665 396 686 1403 493 555 446 484 961 352 518 715 690 1275 1126 624 1292 927 516 1359 730 1219 713 1053 358 797 567 456 887 779 772 391 1013 504 405 933 604 1227 1247 1253 1328 1182 518 891
773 782 437 770 311 646 404 665 0 939 856 800 775 444 862 593 359 545 249 371 379 733 776 874 690 333 406 757 602 664 710 710 450 453 407 628 495 725 495 808 411 786 387 589 790 630 706 711 725 580 564 288
342 1430 913 340 1008 628 937 396 939 0 538 1448 345 787 297 759 1056 626 739 989 965 1381 1400 476 1338 972 749 1404 584 1312 565 1328 632 1071 612 731 861 631 817 243 1107 356 680 1207 455 1278 1353 1359 1373 1228 792 985
352 1327 1031 349 905 525 998 686 856 538 0 1345 354 685 441 997 953 864 636 965 973 1278 1321 256 1235 869 646 1302 482 1209 462 1304 691 1047 509 969 759 528 714 387 1005 298 628 1183 369 1175 1251 1256 1270 1125 1031 883
1262 184 815 1259 576 1102 783 1403 800 1448 1345 0 1264 1104 1351 972 494 1110 909 750 758 340 383 1363 204 521 1065 78 1091 271 1039 417 1110 694 896 1006 984 1019 984 1297 427 1275 1047 810 1279 237 313 318 213 270 942 570
43 1246 949 41 824 444 917 493 775 345 354 1264 0 604 248 856 872 724 555 884 892 1197 1240 232 1154 788 565 1220 400 1128 381 1223 610 966 428 828 678 447 633 194 923 112 547 1102 272 1094 1170 1175 1189 1044 890 801
601 1086 722 599 619 474 712 555 444 787 685 1104 604 0 691 568 667 435 253 679 687 1037 1079 702 994 627 75 1060 431 968 539 1018 239 761 268 540 588 555 473 636 718 615 176 897 619 934 1009 1015 1029 883 602 596
205 1368 1071 202 946 566 1038 615 897 466 476 1386 207 725 0 978 993 845 676 1006 1014 1319 1361 353 1276 909 686 1342 522 1250 502 1344 731 1088 549 950 799 568 754 315 1045 233 668 1224 393 1216 1291 1297 1311 1165 1011 923
854 954 207 851 483 787 232 484 593 759 997 972 856 568 809 0 531 191 531 284 260 844 695 987 862 665 529 928 743 788 851 622 371 366 580 119 826 867 785 755 582 867 418 502 931 796 817 822 897 751 180 460
869 475 374 867 134 743 341 961 359 1056 953 494 872 667 959 531 0 668 468 308 316 426 469 970 383 349 628 450 699 357 807 503 673 391 504 565 591 822 592 904 104 883 610 526 887 323 399 404 418 273 501 128
721 1091 345 719 620 654 369 352 545 626 864 1110 724 435 676 191 668 0 398 421 397 982 832 855 999 802 397 1066 610 926 719 760 238 504 447 163 768 734 652 622 720 735 286 639 798 934 954 960 1034 889 225 598
552 891 545 550 420 426 513 518 249 739 636 909 555 253 642 531 468 398 0 480 488 842 884 653 799 442 214 865 382 773 490 819 259 562 219 503 539 506 424 588 519 566 196 698 570 739 814 820 834 689 565 397
882 732 127 879 261 755 94 715 371 989 965 750 884 679 971 284 308 421 480 0 70 583 434 983 640 443 640 706 711 527 819 361 601 105 516 318 604 834 604 917 360 895 622 241 899 535 555 561 675 529 254 238
890 740 135 887 269 763 103 690 379 965 973 758 892 687 979 260 316 397 488 70 0 630 481 991 648 451 648 714 719 574 828 408 577 152 524 294 612 842 612 925 368 903 625 288 907 582 603 608 683 537 230 246
1194 352 687 1192 508 1034 655 1275 733 1381 1278 340 1197 1037 1284 844 426 982 842 583 630 0 215 1296 230 454 998 296 1024 117 972 249 1043 526 829 878 917 952 917 1230 360 1208 980 642 1212 125 76 66 381 203 814 502
1237 395 538 1235 551 1077 505 1126 776 1400 1321 383 1240 1079 1327 695 469 832 884 434 481 215 0 1338 273 496 1041 339 1067 159 1014 100 1012 377 872 729 959 994 960 1272 402 1251 1022 493 1255 167 188 193 424 245 665 545
229 1345 1048 227 923 543 1015 624 874 476 256 1363 232 702 379 987 970 855 653 983 991 1296 1338 0 1253 886 663 1319 499 1227 479 1321 708 1065 526 959 776 545 731 325 1022 161 645 1201 387 1193 1268 1274 1288 1142 1021 900
1152 216 705 1149 466 991 672 1292 690 1338 1235 204 1154 994 1241 862 383 999 799 640 648 230 273 1253 0 411 955 160 981 161 929 307 1000 584 786 896 874 909 874 1187 317 1165 937 700 1169 127 203 208 245 160 832 459
785 503 508 783 382 659 475 927 333 972 869 521 788 627 875 665 349 802 442 443 451 454 496 886 411 0 589 477 615 385 723 530 633 525 420 699 507 704 508 820 282 799 570 661 803 351 426 432 446 300 635 360
562 1047 683 560 580 436 673 516 406 749 646 1065 565 75 652 529 628 397 214 640 648 998 1041 663 955 589 0 1021 392 929 500 979 201 722 229 501 549 516 434 598 680 576 138 858 580 895 971 976 990 845 563 557
1218 140 771 1216 532 1058 739 1359 757 1404 1302 78 1220 1060 1307 928 450 1066 865 706 714 296 339 1319 160 477 1021 0 1048 228 995 373 1066 650 853 962 940 975 940 1253 383 1231 1003 766 1235 194 269 275 169 226 898 526
398 1073 776 396 651 140 744 730 602 584 482 1091 400 431 487 743 699 610 382 711 719 1024 1067 499 981 615 392 1048 0 955 204 1050 437 793 255 715 312 152 331 433 750 411 374 929 415 921 997 1002 1016 871 776 628
1126 283 631 1123 440 966 599 1219 664 1312 1209 271 1128 968 1215 788 357 926 773 527 574 117 159 1227 161 385 929 228 955 0 903 193 974 470 760 822 848 883 848 1161 291 1139 911 586 1143 69 89 95 312 134 758 434
378 1021 885 376 759 184 852 713 710 565 462 1039 381 539 468 851 807 719 490 819 828 972 1014 479 929 723 500 995 204 903 0 1049 545 902 363 823 337 102 416 413 800 392 482 1037 396 869 944 950 964 818 885 737
1220 429 466 1218 585 1093 433 1053 710 1328 1304 417 1223 1018 1310 622 503 760 819 361 408 249 100 1321 307 530 979 373 1050 193 1049 0 939 305 855 657 942 1029 943 1255 436 1234 961 421 1238 201 222 228 458 279 593 576
607 1092 524 605 625 480 549 358 450 632 691 1110 610 239 682 371 673 238 259 601 577 1043 1012 708 1000 633 201 1066 437 974 545 939 0 683 273 343 594 561 479 628 724 621 90 819 625 940 1015 1021 1035 889 404 602
964 706 209 961 343 837 177 797 453 1071 1047 694 966 761 1053 366 391 504 562 105 152 526 377 1065 584 525 722 650 793 470 902 305 683 0 598 400 686 916 686 999 442 977 704 184 981 478 499 504 735 556 336 320
425 878 581 423 456 299 549 567 407 612 509 896 428 268 515 580 504 447 219 516 524 829 872 526 786 420 229 853 255 760 363 855 273 598 0 552 412 379 283 460 555 439 210 734 443 726 802 807 821 676 613 433
826 988 242 824 517 759 266 456 628 731 969 1006 828 540 781 119 565 163 503 318 294 878 729 959 896 699 501 962 715 822 823 657 343 400 552 0 860 839 757 727 616 839 391 536 903 830 851 856 931 786 152 494
675 966 669 673 544 275 636 887 495 861 759 984 678 588 765 826 591 768 539 604 612 917 959 776 874 507 549 940 312 848 337 942 594 686 412 860 0 268 373 710 643 689 531 822 693 814 889 895 909 763 796 521
444 1001 899 442 774 115 867 779 725 631 528 1019 447 555 534 867 822 734 506 834 842 952 994 545 909 704 516 975 152 883 102 1029 561 916 379 839 268 0 346 479 781 458 498 1052 462 849 924 930 944 798 900 751
553 891 594 550 469 426 562 694 420 739 636 909 555 395 642 707 517 574 346 529 537 842 885 654 799 433 356 865 382 773 491 868 401 611 187 679 538 506 0 588 568 566 338 747 570 739 814 820 834 689 721 446
249 1412 1116 247 990 610 1083 659 941 511 520 1430 252 770 96 1022 1038 890 721 1050 1058 1363 1406 398 1320 954 731 1387 567 1294 547 1389 776 1132 594 995 844 613 799 0 1090 278 713 1268 438 1260 1336 1341 1355 1210 1056 967
921 409 425 919 186 794 393 1013 411 1107 1005 427 923 718 1010 582 104 720 519 360 368 360 402 1022 317 282 680 383 750 291 800 436 724 442 555 616 643 781 643 956 0 934 661 578 938 257 332 338 352 206 552 180
109 1257 960 107 835 455 928 504 786 356 298 1275 112 615 259 867 883 735 566 895 903 1208 1251 161 1165 799 576 1231 411 1139 392 1234 621 977 439 839 689 458 644 205 934 0 558 1113 283 1105 1181 1186 1200 1055 901 812
544 1029 572 542 562 417 597 405 387 680 628 1047 547 176 634 418 610 286 196 622 625 980 1022 645 937 570 138 1003 374 911 482 961 90 704 210 391 531 498 416 579 661 558 0 840 562 877 952 958 972 826 452 539
1100 822 345 1097 479 973 312 933 589 1207 1183 810 1102 897 1189 502 526 639 698 241 288 642 493 1201 700 661 858 766 929 586 1037 421 819 184 734 536 822 1052 822 1135 578 1113 840 0 1117 595 615 621 851 672 472 456
245 1332 962 242 910 530 986 445 861 297 440 1350 247 690 200 808 958 675 641 970 978 1283 1326 378 1240 874 651 1307 487 1214 467 1309 681 1052 514 780 764 533 719 146 1010 258 633 1188 0 1180 1256 1261 1275 1130 842 887
1092 249 639 1089 406 932 607 1227 630 1278 1175 237 1094 934 1181 796 323 934 739 535 582 125 167 1193 127 351 895 194 921 69 869 201 940 478 726 830 814 849 814 1127 257 1105 877 595 1109 0 97 103 278 100 766 400
1167 325 660 1165 481 1007 627 1247 706 1353 1251 313 1170 1009 1257 817 399 954 814 555 603 76 188 1268 203 426 971 269 997 89 944 222 1015 499 802 851 889 924 890 1202 332 1181 952 615 1185 97 0 55 354 175 787 475
1173 330 665 1170 487 1013 633 1253 711 1359 1256 318 1175 1015 1262 822 404 960 820 561 608 66 193 1274 208 432 976 275 1002 95 950 228 1021 504 807 856 895 930 895 1208 338 1186 958 621 1190 103 55 0 359 181 792 480
1187 103 740 1184 501 1027 707 1328 725 1373 1270 213 1189 1029 1276 897 418 1034 834 675 683 381 424 1288 245 446 990 169 1016 312 964 458 1035 735 821 931 909 944 909 1222 352 1200 972 851 1204 278 354 359 0 311 867 494
1041 282 594 1039 355 881 562 1182 580 1228 1125 270 1044 883 1131 751 273 889 689 529 537 203 245 1142 160 300 845 226 871 134 818 279 889 556 676 786 763 798 764 1076 206 1055 826 672 1059 100 175 181 311 0 722 349
887 924 178 885 453 820 202 518 564 792 1031 942 890 602 842 180 501 225 565 254 230 814 665 1021 832 635 563 898 776 758 885 593 404 336 613 152 796 900 796 788 552 901 452 472 964 766 787 792 867 722 0 430
799 551 303 796 80 672 271 891 288 985 883 570 801 596 888 460 128 598 397 238 246 502 545 900 459 360 557 526 628 434 737 576 602 320 433 494 521 751 521 834 180 812 539 456 816 400 475 480 494 349 430 0
EOF