NAME : tsp_problem
TYPE : TSP
DIMENSION : 78
EDGE_WEIGHT_TYPE : EXPLICIT
EDGE_WEIGHT_FORMAT : FULL_MATRIX
EDGE_WEIGHT_SECTION
0 1110 309 1091 270 330 448 629 1081 1459 1055 934 996 1245 1073 1285 348 1303 876 791 963 1310 870 1357 41 1051 956 853 444 1294 868 1196 1424 963 779 1064 1059 670 1026 939 725 1029 1310 960 944 689 1221 737 798 78 803 867 697 748 729 848 988 1236 1332 896 863 1205 586 786 985 820 950 667 984 1337 1386 934 828 189 1264 156 1103 965
1110 0 1089 48 1050 1079 916 529 294 531 83 456 419 668 286 709 1055 712 265 878 535 343 578 390 1118 302 529 533 984 703 576 229 847 379 568 177 525 699 240 512 488 242 734 424 382 457 644 570 885 1154 428 540 648 584 410 422 325 660 755 319 367 628 811 554 145 488 391 659 426 370 648 506 402 1055 673 1030 40 208
309 1089 0 1070 87 209 327 608 1060 1416 1034 913 975 1224 1052 1264 227 1282 855 670 941 1228 849 1276 316 969 935 832 323 1273 847 1114 1403 942 697 1042 1038 549 1005 918 704 1007 1289 938 923 668 1200 716 676 353 781 785 637 666 708 827 967 1215 1311 875 842 1184 464 705 964 798 868 646 963 1255 1365 913 807 403 1243 228 1082 944
1091 48 1070 0 1031 1060 897 510 275 512 64 437 400 649 267 690 1036 693 246 859 516 324 559 371 1099 283 510 514 965 684 557 210 828 360 549 158 506 680 221 493 470 223 715 405 363 439 625 551 866 1135 409 521 629 565 391 403 306 641 736 301 348 609 792 535 126 469 372 640 407 351 629 487 383 1036 654 1011 41 190
270 1050 87 1031 0 170 288 569 1021 1377 995 874 936 1185 1013 1225 188 1243 816 631 903 1190 810 1237 277 930 896 793 284 1234 808 1075 1364 903 658 1004 999 510 966 879 665 968 1250 900 884 629 1161 677 637 314 743 746 598 627 669 788 928 1176 1272 836 803 1145 425 666 925 760 829 607 924 1216 1326 874 768 364 1204 189 1043 905
330 1079 209 1060 170 0 198 629 1081 1288 1042 934 996 1245 1073 1286 50 1303 876 541 963 1100 870 1147 338 841 957 853 194 1294 868 986 1424 964 568 1019 1059 420 1027 940 725 1029 1311 960 945 689 1221 737 548 374 803 657 509 538 729 849 988 1237 1332 896 863 1205 336 576 985 820 740 520 984 1127 1386 934 828 425 1265 250 1072 965
448 916 327 897 288 198 0 514 970 1124 879 819 930 1179 962 1220 174 1237 761 378 897 937 804 984 456 677 890 787 103 1228 802 822 1358 849 405 856 993 257 916 874 611 918 1245 894 879 623 1155 671 384 492 688 493 345 374 663 734 873 1171 1266 830 749 1139 172 413 874 705 576 356 918 963 1242 868 713 543 1199 368 908 854
629 529 608 510 569 629 514 0 499 917 473 348 459 708 491 749 647 766 290 477 426 729 333 776 637 578 419 316 583 757 331 615 887 378 306 482 522 298 445 403 139 447 774 423 408 152 684 200 483 673 217 395 225 276 192 263 402 700 795 359 277 668 410 314 403 234 478 194 447 756 849 397 242 574 728 549 521 383
1081 294 1060 275 1021 1081 970 499 0 705 239 427 390 639 27 679 1099 697 236 933 506 517 548 564 1088 476 499 504 1039 688 546 403 818 349 742 278 496 754 161 482 459 163 704 395 352 428 615 541 939 1125 399 714 681 732 380 393 296 630 726 290 338 599 866 728 169 459 565 650 396 544 780 477 373 1026 658 1001 287 179
1459 531 1416 512 1377 1288 1124 917 705 0 494 766 697 414 697 477 1264 338 654 1087 883 301 926 349 1466 510 877 882 1193 328 924 438 559 688 776 471 803 908 650 860 813 653 512 772 730 806 389 919 1093 1503 737 749 857 792 758 732 635 405 613 608 677 486 1020 763 556 797 600 868 773 328 274 855 711 1404 299 1378 523 564
1055 83 1034 64 995 1042 879 473 239 494 0 401 364 613 231 653 1018 671 210 841 480 306 523 353 1063 265 474 478 947 662 521 192 792 323 530 140 470 662 185 457 433 187 679 369 327 402 589 515 848 1099 373 503 611 547 354 367 270 605 700 264 312 573 774 517 90 433 354 622 371 333 611 451 347 1000 632 975 76 153
934 456 913 437 874 934 819 348 427 766 401 0 521 770 419 811 952 829 256 781 637 578 592 625 941 537 631 575 888 819 590 464 950 226 611 331 628 603 372 614 243 375 836 526 484 411 746 459 788 978 167 700 530 581 450 107 251 762 858 422 126 730 715 619 331 227 626 499 528 605 883 609 122 879 790 853 449 278
996 419 975 400 936 996 930 459 390 697 364 521 0 483 382 524 1014 541 293 892 219 619 262 667 1003 578 213 217 999 532 260 505 662 444 722 373 139 714 335 196 509 337 549 108 125 343 459 318 899 1040 493 811 641 692 295 487 391 475 570 145 433 443 826 730 294 553 668 610 109 646 624 190 467 941 503 916 412 274
1245 668 1224 649 1185 1245 1179 708 639 414 613 770 483 0 631 203 1263 258 542 1141 669 483 712 439 1252 767 663 667 1248 248 710 695 317 693 971 621 589 963 584 646 758 586 238 558 516 592 35 704 1148 1289 742 1006 890 940 544 736 639 131 399 394 681 271 1075 979 543 801 857 859 559 454 341 640 716 1189 219 1164 660 523
1073 286 1052 267 1013 1073 962 491 27 697 231 419 382 631 0 671 1091 689 228 925 498 509 540 556 1080 468 491 496 1031 680 538 395 810 341 734 270 488 746 153 474 451 155 696 387 344 420 607 533 931 1117 391 706 673 724 372 385 288 622 718 282 330 591 858 720 161 451 557 642 388 536 772 469 365 1018 650 993 279 171
1285 709 1264 690 1225 1286 1220 749 679 477 653 811 524 203 671 0 1304 322 582 1182 710 547 752 503 1293 831 703 708 1288 312 750 758 345 733 1012 662 630 1003 625 687 799 627 72 599 557 633 179 745 1189 1329 782 1070 930 981 585 777 680 113 253 435 722 147 1115 1019 583 842 921 900 599 518 405 681 756 1230 283 1205 701 563
348 1055 227 1036 188 50 174 647 1099 1264 1018 952 1014 1263 1091 1304 0 1321 894 517 981 1076 888 1123 356 817 975 871 170 1312 886 962 1442 982 544 995 1077 396 1045 958 743 1047 1329 978 963 707 1239 755 524 392 821 633 485 514 747 867 1006 1255 1350 914 881 1223 312 552 1003 838 716 496 1002 1103 1381 952 846 443 1283 268 1048 983
1356 780 1335 761 1296 1357 1291 820 750 466 724 882 595 236 742 315 1375 0 653 1253 781 595 823 551 1364 879 774 779 1359 360 821 806 310 804 1083 733 701 1074 696 758 870 698 349 670 628 704 212 816 1260 1400 853 1117 1001 1052 656 848 751 243 412 506 793 383 1186 1090 654 913 969 971 670 566 453 752 827 1301 331 1276 772 634
876 265 855 246 816 876 761 290 236 654 210 256 293 542 228 582 894 600 0 723 409 466 451 513 884 425 402 407 830 591 449 352 721 179 553 219 399 545 182 385 250 184 607 298 255 331 518 401 730 920 227 642 472 523 283 221 177 533 629 193 167 502 657 561 140 287 514 441 299 493 683 380 201 821 561 796 258 120
791 878 670 859 631 541 378 477 933 1087 841 781 892 1141 925 1182 517 1200 723 0 859 899 767 946 799 639 853 750 446 1190 765 785 1321 811 367 818 956 219 878 836 573 880 1207 856 841 585 1117 633 50 835 650 456 308 337 625 696 836 1133 1229 793 711 1101 273 375 837 667 538 318 880 926 1204 830 675 886 1161 711 870 817
854 423 832 404 794 854 788 317 394 772 368 526 309 558 386 598 872 616 297 750 0 624 446 671 861 582 404 409 857 607 444 509 737 448 580 377 415 571 339 387 367 342 624 300 257 201 534 313 757 898 444 668 499 549 153 490 395 549 645 209 437 518 684 588 298 461 672 468 301 650 699 382 469 798 577 773 416 278
1310 343 1228 324 1190 1100 937 729 517 301 306 578 619 483 509 547 1076 408 466 899 735 0 778 86 1318 323 729 734 1005 398 776 250 667 500 588 283 726 720 463 712 626 465 582 624 582 658 459 770 905 1354 550 561 669 604 610 544 447 475 683 520 489 556 832 575 368 610 412 680 626 66 344 707 524 1255 369 1230 336 376
807 511 786 492 747 807 741 270 482 860 456 529 397 646 474 686 825 704 385 704 493 712 0 759 815 670 486 383 810 695 398 597 825 536 533 465 503 525 427 469 320 429 711 388 345 154 622 267 710 851 398 622 452 503 130 443 483 637 733 297 458 606 637 541 386 415 705 422 389 738 787 464 423 752 665 727 504 366
1357 390 1276 371 1237 1147 984 776 564 349 353 625 667 439 556 503 1123 363 513 946 783 86 825 0 1365 370 776 781 1052 354 823 297 622 547 636 330 773 767 510 759 673 512 537 672 629 705 415 818 953 1401 597 608 716 652 657 591 494 431 639 567 536 511 880 622 415 657 459 727 673 57 299 754 571 1302 324 1277 383 423
41 1118 316 1099 277 338 456 637 1088 1466 1063 941 1003 1252 1080 1293 356 1311 884 799 970 1318 878 1365 0 1058 964 861 452 1301 876 1204 1432 971 786 1071 1067 678 1034 947 733 1036 1318 967 952 696 1228 745 805 70 810 875 705 756 736 856 996 1244 1340 904 871 1212 593 794 992 827 957 674 992 1345 1394 941 835 196 1272 164 1110 973
1051 302 969 283 930 841 677 578 476 510 265 537 578 767 468 831 817 692 425 639 694 323 737 370 1058 0 688 692 746 682 735 208 951 459 329 242 685 461 421 671 584 423 866 583 541 617 743 729 646 1095 508 301 410 345 569 503 406 759 914 479 448 787 573 316 327 568 153 420 585 350 628 665 482 996 653 970 294 334
860 429 839 410 800 860 794 323 400 778 374 532 315 564 392 604 878 622 303 756 417 630 453 677 867 588 0 415 863 613 451 516 743 454 586 383 421 578 346 394 373 348 630 306 264 207 540 319 763 904 450 674 505 555 159 496 401 556 651 215 443 524 690 594 304 467 678 474 307 657 705 388 476 804 583 779 422 284
853 533 832 514 793 853 787 316 504 882 478 575 217 667 496 708 871 726 407 750 149 734 84 781 861 692 143 0 856 717 82 619 847 558 579 487 284 571 449 126 366 452 733 146 186 202 643 140 756 897 444 668 498 549 178 489 505 659 755 319 504 627 683 587 408 461 751 467 170 760 809 120 469 798 687 773 526 388
444 984 323 965 284 194 103 583 1039 1193 947 888 999 1248 1031 1288 170 1306 830 446 966 1005 873 1052 452 746 959 856 0 1297 871 891 1427 917 474 924 1062 326 985 942 679 987 1313 963 947 692 1224 740 453 488 757 562 414 443 732 802 942 1239 1335 899 817 1208 241 481 943 774 645 425 987 1032 1311 937 782 539 1267 364 977 923
1365 789 1344 770 1305 1366 1300 828 759 475 733 891 604 245 751 324 1384 378 662 1262 790 604 832 560 1373 888 783 788 1368 0 830 815 319 813 1092 742 710 1083 705 767 879 707 358 679 637 713 221 825 1269 1409 862 1126 1010 1061 665 857 760 252 421 515 802 392 1195 1099 663 922 978 980 679 575 462 761 836 1310 340 1285 781 643
810 514 788 495 749 810 744 273 484 862 458 531 399 648 476 689 828 706 387 706 495 714 402 761 817 673 489 385 813 697 0 600 827 538 536 467 505 527 430 472 323 432 714 390 348 157 624 269 713 854 400 624 455 505 132 446 485 640 735 300 461 608 640 544 388 417 707 424 392 741 790 466 425 754 668 729 506 368
1196 229 1114 210 1075 986 822 615 403 438 192 464 505 695 395 758 962 619 352 785 621 250 664 297 1204 208 615 620 891 609 662 0 878 386 474 169 612 606 348 598 511 351 793 510 468 544 671 656 791 1240 436 447 555 490 496 430 333 686 842 406 375 714 718 461 254 495 298 566 512 277 555 593 409 1141 580 1116 221 262
1424 847 1403 828 1364 1424 1358 887 818 547 792 950 662 317 810 345 1442 451 721 1321 849 676 891 632 1432 960 842 847 1427 441 889 888 0 872 1150 801 769 1142 764 825 937 766 360 738 696 771 293 884 1327 1468 921 1199 1069 1120 723 915 819 324 126 574 861 275 1254 1158 722 981 1050 1039 738 647 534 820 895 1369 412 1344 840 702
963 379 942 360 903 964 849 378 349 688 323 226 444 693 341 733 982 751 179 811 560 500 602 547 971 459 554 558 917 742 601 386 872 0 641 253 550 632 295 537 274 297 759 449 407 440 669 488 818 1007 198 697 560 610 434 192 92 685 780 344 137 653 744 648 253 258 549 529 450 527 805 531 172 908 712 883 371 200
779 568 697 549 658 568 405 306 742 776 530 611 722 971 734 1012 544 957 553 367 689 588 596 636 786 329 683 579 474 948 594 474 1150 641 0 508 785 189 687 666 403 689 1037 686 671 415 947 463 374 823 480 145 137 166 455 526 665 963 1058 623 541 931 301 146 593 497 228 148 710 615 894 660 505 723 919 698 560 600
1064 177 1042 158 1004 1019 856 482 278 471 140 331 373 621 270 662 995 652 219 818 488 283 531 330 1071 242 482 487 924 643 529 169 801 253 508 0 479 639 223 465 379 226 687 377 335 411 597 523 825 1108 303 480 588 524 363 297 200 613 709 273 242 581 752 494 182 363 331 599 379 310 588 460 277 1008 613 983 169 129
1059 525 1038 506 999 1059 993 522 496 803 470 628 139 589 488 630 1077 648 399 956 286 726 328 773 1067 685 279 284 1062 638 326 612 769 550 785 479 0 777 442 263 572 444 655 175 192 447 565 346 962 1103 599 874 704 755 400 593 497 581 677 252 539 549 889 793 400 659 774 674 175 753 731 257 573 1004 609 979 518 380
670 699 549 680 510 420 257 298 754 908 662 603 714 963 746 1003 396 1021 545 219 680 720 588 767 678 461 674 571 326 1012 586 606 1142 632 189 639 777 0 699 657 394 702 1028 677 662 407 938 455 226 714 472 277 129 158 447 517 657 954 1050 614 532 923 153 196 658 489 360 140 702 747 1025 652 497 715 982 590 692 638
1026 240 1005 221 966 1027 916 445 161 650 185 372 335 584 153 625 1045 643 182 878 451 463 494 510 1034 421 445 449 985 633 492 348 764 295 687 223 442 699 0 428 405 100 650 340 298 374 560 486 885 1070 344 660 627 677 326 339 241 576 672 236 284 544 812 674 114 404 511 596 342 489 726 422 318 971 604 946 232 125
876 446 855 427 816 876 810 339 416 794 391 548 331 580 408 621 894 639 319 773 433 646 469 693 884 605 427 431 879 629 467 532 760 471 602 399 438 594 362 0 389 364 646 322 280 223 556 336 779 920 467 691 521 572 175 512 417 572 668 232 459 540 706 610 320 484 694 490 324 673 722 404 492 821 600 796 438 300
725 488 704 470 665 725 611 139 459 813 433 243 509 758 451 799 743 816 250 573 476 626 383 673 733 584 469 366 679 807 381 511 937 274 403 379 572 394 405 453 0 407 824 473 458 202 734 250 579 769 112 491 321 372 242 158 298 750 845 409 173 718 506 410 363 129 574 291 497 652 899 447 137 670 778 645 481 325
1029 242 1007 223 968 1029 918 447 163 653 187 375 337 586 155 627 1047 645 184 880 453 465 496 512 1036 423 447 452 987 635 494 351 766 297 689 226 444 702 100 430 407 0 652 342 300 376 562 488 887 1073 346 662 629 680 328 341 244 578 674 238 286 546 814 676 116 406 513 598 344 492 728 425 320 973 606 948 234 127
1310 734 1289 715 1250 1311 1245 774 704 512 679 836 549 238 696 72 1329 356 607 1207 735 582 778 537 1318 866 729 733 1313 347 776 793 360 759 1037 687 655 1028 650 712 824 652 0 624 582 658 213 770 1214 1355 807 1104 956 1006 610 802 705 148 268 460 747 161 1141 1044 608 867 955 925 625 552 439 706 781 1255 317 1230 726 588
960 424 938 405 900 960 894 423 395 772 369 526 108 558 387 599 978 616 298 856 148 624 190 672 967 583 141 146 963 607 188 510 738 449 686 377 175 677 340 124 473 342 624 0 76 309 534 247 863 1004 498 774 605 655 262 492 395 550 646 210 438 518 790 694 299 557 673 574 61 651 700 119 472 904 578 879 417 279
944 382 923 363 884 945 879 408 352 730 327 484 125 516 344 557 963 575 255 841 187 582 230 629 952 541 181 186 947 565 228 468 696 407 671 335 192 662 298 164 458 300 582 76 0 292 492 287 848 989 455 759 590 640 244 450 353 508 604 168 395 476 774 678 256 515 631 559 78 609 658 159 429 889 536 864 374 237
689 457 668 439 629 689 623 152 428 806 402 411 343 592 420 633 707 650 331 585 374 658 282 705 696 617 368 265 692 641 280 544 771 440 415 411 449 407 374 351 202 376 658 334 292 0 568 149 592 733 279 504 334 385 76 325 429 584 679 244 340 552 519 423 332 297 586 303 336 685 734 346 305 634 612 609 450 312
1221 644 1200 625 1161 1221 1155 684 615 389 589 746 459 35 607 179 1239 234 518 1117 645 459 688 415 1228 743 639 643 1224 224 686 671 293 669 947 597 565 938 560 622 734 562 213 534 492 568 0 680 1124 1265 718 982 866 916 520 712 615 107 375 370 657 247 1051 955 519 777 833 835 535 430 317 616 692 1165 195 1140 636 499
737 570 716 551 677 737 671 200 541 919 515 459 318 704 533 745 755 763 401 633 250 770 157 818 745 729 244 140 740 754 155 656 884 488 463 523 346 455 486 227 250 488 770 247 287 149 680 0 640 781 328 552 382 433 188 373 513 696 792 356 388 664 567 471 445 345 634 351 271 797 846 221 353 682 724 657 562 425
798 885 676 866 637 548 384 483 939 1093 848 788 899 1148 931 1189 524 1206 730 50 866 905 773 953 805 646 859 756 453 1197 771 791 1327 818 374 825 962 226 885 843 579 887 1214 863 848 592 1124 640 0 842 657 462 314 343 632 703 842 1140 1235 799 718 1108 280 382 843 674 545 325 887 932 1211 837 682 892 1168 718 877 823
78 1154 353 1135 314 374 492 673 1125 1503 1099 978 1040 1289 1117 1329 392 1347 920 835 1007 1354 914 1401 70 1095 1000 897 488 1338 912 1240 1468 1007 823 1108 1103 714 1070 983 769 1073 1355 1004 989 733 1265 781 842 0 847 911 742 792 773 892 1032 1281 1376 940 907 1249 630 830 1029 864 994 711 1028 1381 1430 978 872 233 1308 201 1147 1009
803 428 781 409 743 803 688 217 399 737 373 167 493 742 391 782 821 800 227 650 553 550 461 597 810 508 547 444 757 791 459 436 921 198 480 303 599 472 344 530 112 346 807 498 455 279 718 328 657 847 0 568 399 449 319 82 223 733 829 393 98 702 584 488 303 96 598 368 499 577 855 524 61 747 761 722 421 250
867 540 785 521 746 657 493 395 714 749 503 700 811 1006 706 1070 633 930 642 456 777 561 685 608 875 301 771 668 562 920 683 447 1189 697 145 480 874 277 660 754 491 662 1104 774 759 504 982 552 462 911 568 0 226 161 543 614 644 997 1147 711 629 1019 389 132 565 586 200 237 799 588 866 749 594 812 891 787 533 573
697 648 637 629 598 509 345 225 681 857 611 530 641 890 673 930 485 948 472 308 608 669 515 716 705 410 601 498 414 939 513 555 1069 560 137 588 704 129 627 585 321 629 956 605 590 334 866 382 314 742 399 226 0 107 374 445 584 882 977 541 459 850 241 145 585 416 309 89 629 696 974 579 424 642 910 617 641 565
748 584 666 565 627 538 374 276 732 792 547 581 692 940 724 981 514 973 523 337 658 604 566 652 756 345 652 549 443 964 564 490 1120 610 166 524 755 158 677 635 372 680 1006 655 640 385 916 433 343 792 449 161 107 0 424 495 635 932 1028 592 510 901 270 162 609 467 244 118 680 631 910 630 475 693 935 668 576 616
729 410 708 391 669 729 663 192 380 758 354 450 295 544 372 585 747 602 283 625 397 610 322 657 736 569 391 305 732 593 320 496 723 434 455 363 401 447 326 374 242 328 610 286 244 76 520 188 632 773 319 543 374 424 0 365 381 536 631 196 380 504 559 463 284 336 626 343 288 637 686 368 345 673 564 648 402 264
848 422 827 403 788 849 734 263 393 732 367 107 487 736 385 777 867 794 221 696 599 544 506 591 856 503 593 489 802 785 504 430 915 192 526 297 593 517 339 576 158 341 802 492 450 325 712 373 703 892 82 614 445 495 365 0 217 728 823 388 92 696 629 533 297 142 592 414 494 571 849 570 56 793 756 768 415 244
988 325 967 306 928 988 873 402 296 635 270 251 391 639 288 680 1006 698 177 836 506 447 549 494 996 406 500 505 942 688 547 333 819 92 665 200 497 657 241 483 298 244 705 395 353 429 615 513 842 1032 223 644 584 635 381 217 0 631 727 291 162 599 769 658 200 282 495 554 397 474 752 478 197 933 659 908 318 147
1236 660 1215 641 1176 1237 1171 700 630 405 605 762 475 131 622 113 1255 250 533 1133 661 475 704 431 1244 759 655 659 1239 240 702 686 324 685 963 613 581 954 576 638 750 578 148 550 508 584 107 696 1140 1281 733 997 882 932 536 728 631 0 324 386 673 196 1066 970 534 793 849 851 551 446 333 632 707 1181 211 1156 652 514
1332 755 1311 736 1272 1332 1266 795 726 613 700 858 570 399 718 253 1350 457 629 1229 757 683 799 639 1340 914 750 755 1335 448 797 842 126 780 1058 709 677 1050 672 733 845 674 268 646 604 679 375 792 1235 1376 829 1147 977 1028 631 823 727 324 0 482 769 183 1162 1066 630 889 1004 946 646 654 540 728 803 1277 419 1252 748 610
896 319 875 301 836 896 830 359 290 608 264 422 145 394 282 435 914 453 193 793 321 520 364 567 904 479 315 319 899 443 362 406 574 344 623 273 252 614 236 298 409 238 460 210 168 244 370 356 799 940 393 711 541 592 196 388 291 386 482 0 333 354 726 630 194 453 568 511 212 547 536 292 367 841 414 816 312 174
863 367 842 348 803 863 749 277 338 677 312 126 433 681 330 722 881 740 167 711 549 489 521 536 871 448 542 504 817 731 519 375 861 137 541 242 539 532 284 525 173 286 747 438 395 340 657 388 718 907 98 629 459 510 380 92 162 673 769 333 0 642 644 548 242 157 537 429 439 516 794 520 72 808 701 783 360 189
1205 628 1184 609 1145 1205 1139 668 599 486 573 730 443 271 591 147 1223 330 502 1101 629 556 672 511 1212 787 623 627 1208 321 670 714 275 653 931 581 549 923 544 606 718 546 161 518 476 552 247 664 1108 1249 702 1019 850 901 504 696 599 196 183 354 642 0 1035 939 503 761 877 819 519 526 413 600 676 1149 291 1124 621 483
586 811 464 792 425 336 172 410 866 1020 774 715 826 1075 858 1115 312 1133 657 273 793 832 700 880 593 573 786 683 241 1124 698 718 1254 744 301 752 889 153 812 769 506 814 1141 790 774 519 1051 567 280 630 584 389 241 270 559 629 769 1066 1162 726 644 1035 0 308 770 601 472 252 814 859 1138 764 609 680 1094 505 804 750
786 554 705 535 666 576 413 314 728 763 517 619 730 979 720 1019 552 944 561 375 697 575 604 622 794 316 690 587 481 935 602 461 1158 648 146 494 793 196 674 673 410 676 1044 694 678 423 955 471 382 830 488 132 145 162 463 533 658 970 1066 630 548 939 308 0 579 505 215 156 718 602 880 668 513 731 905 706 547 587
985 145 964 126 925 985 874 403 169 556 90 331 294 543 161 583 1003 601 140 837 410 368 452 415 992 327 403 408 943 592 450 254 722 253 593 182 400 658 114 386 363 116 608 299 256 332 519 445 843 1029 303 565 585 609 284 297 200 534 630 194 242 503 770 579 0 362 417 554 300 395 673 381 277 930 562 904 138 83
820 488 798 469 760 820 705 234 459 797 433 227 553 801 451 842 838 860 287 667 570 610 478 657 827 568 564 461 774 851 476 495 981 258 497 363 659 489 404 547 129 406 867 557 515 297 777 345 674 864 96 586 416 467 336 142 282 793 889 453 157 761 601 505 362 0 658 385 559 636 915 541 121 764 821 739 480 309
950 391 868 372 829 740 576 478 565 600 354 626 668 857 557 921 716 781 514 538 784 412 768 459 957 153 777 751 645 772 766 298 1040 549 228 331 774 360 511 761 574 513 955 673 631 586 833 634 545 994 598 200 309 244 626 592 495 849 1004 568 537 877 472 215 417 658 0 319 674 439 717 755 572 895 742 869 384 424
667 659 646 640 607 520 356 194 650 868 622 499 610 859 642 900 496 917 441 318 577 680 484 727 674 420 571 467 425 908 482 566 1039 529 148 599 674 140 596 554 291 598 925 574 559 303 835 351 325 711 368 237 89 118 343 414 554 851 946 511 429 819 252 156 554 385 319 0 598 707 985 548 393 611 879 586 651 535
984 426 963 407 924 984 918 447 396 773 371 528 109 559 388 599 1002 617 299 880 172 626 215 673 992 585 166 170 987 608 213 512 738 450 710 379 175 702 342 149 497 344 625 61 78 333 535 271 887 1028 499 799 629 680 286 494 397 551 646 212 439 519 814 718 300 559 674 598 0 653 700 143 473 929 578 904 418 280
1337 370 1255 351 1216 1127 963 756 544 328 333 605 646 454 536 518 1103 378 493 926 762 66 805 57 1345 350 756 761 1032 369 803 277 637 527 615 310 753 747 489 739 652 492 552 651 609 685 430 797 932 1381 577 588 696 631 637 571 474 446 654 547 516 526 859 602 395 636 439 707 653 0 315 734 550 1282 340 1257 362 403
1386 648 1365 629 1326 1386 1242 849 780 274 611 883 624 341 772 405 1381 265 683 1204 811 344 853 299 1394 628 804 809 1311 256 851 555 524 805 894 588 731 1025 726 787 899 728 439 700 658 734 317 846 1211 1430 855 866 974 910 686 849 752 333 540 536 794 413 1138 880 673 915 717 985 700 315 0 782 829 1331 226 1306 641 664
878 448 857 429 818 878 812 341 418 796 393 550 333 582 410 623 896 641 321 775 435 648 471 695 886 607 429 434 881 631 469 534 762 473 604 401 440 596 364 412 391 366 648 324 282 226 558 338 781 922 469 693 523 574 178 515 419 574 670 234 461 542 708 612 322 486 697 493 326 675 724 0 494 823 602 798 440 303
828 402 807 383 768 828 713 242 373 711 347 122 467 716 365 756 846 774 201 675 578 524 486 571 835 482 572 469 782 765 484 409 895 172 505 277 573 497 318 555 137 320 781 472 429 305 692 353 682 872 61 594 424 475 345 56 197 707 803 367 72 676 609 513 277 121 572 393 473 550 829 550 0 773 735 748 394 223
189 1055 403 1036 364 425 543 574 1026 1404 1000 879 941 1189 1018 1230 443 1248 821 886 907 1255 815 1302 196 996 901 798 539 1239 813 1141 1369 908 723 1008 1004 715 971 884 670 973 1255 904 889 634 1165 682 892 233 747 812 642 693 673 793 933 1181 1277 841 808 1149 680 731 930 764 895 611 929 1282 1331 879 773 0 1209 251 1047 910
1385 809 1364 790 1325 1386 1320 849 779 495 754 911 624 265 771 344 1404 80 682 1282 810 624 853 580 1393 908 804 808 1388 71 851 835 339 834 1112 762 730 1103 725 787 899 727 378 699 657 733 241 845 1289 1430 882 1146 1031 1081 685 877 780 272 441 535 822 412 1216 1119 683 942 998 1000 700 595 482 781 856 1330 0 1305 801 663
156 1030 228 1011 189 250 368 549 1001 1378 975 853 916 1164 993 1205 268 1223 796 711 882 1230 790 1277 164 970 876 773 364 1213 788 1116 1344 883 698 983 979 590 946 859 645 948 1230 879 864 609 1140 657 718 201 722 787 617 668 648 768 908 1156 1252 816 783 1124 505 706 904 739 869 586 904 1257 1306 853 748 251 1184 0 1022 885
1103 40 1082 41 1043 1072 908 521 287 523 76 449 412 660 279 701 1048 704 258 870 528 336 570 383 1110 294 521 526 977 695 568 221 840 371 560 169 518 692 232 504 481 234 726 417 374 450 636 562 877 1147 421 533 641 576 402 415 318 652 748 312 360 621 804 547 138 480 384 651 418 362 641 499 394 1047 666 1022 0 201
965 208 944 190 905 965 854 383 179 564 153 278 274 523 171 563 983 581 120 817 390 376 432 423 973 334 383 388 923 572 430 262 702 200 600 129 380 638 125 367 325 127 588 279 237 312 499 425 823 1009 250 573 565 616 264 244 147 514 610 174 189 483 750 587 83 309 424 535 280 403 664 361 223 910 542 885 201 0
EOF