NAME : tsp_problem
TYPE : TSP
DIMENSION : 38
EDGE_WEIGHT_TYPE : EXPLICIT
EDGE_WEIGHT_FORMAT : FULL_MATRIX
EDGE_WEIGHT_SECTION
0 730 266 709 619 184 381 401 775 223 548 537 185 385 800 364 602 172 491 876 516 595 810 153 140 647 691 755 672 284 205 313 756 724 565 684 447 744
730 0 702 59 1106 567 617 457 174 534 349 684 559 872 1239 600 527 772 548 1314 764 582 1249 764 782 125 1129 1193 359 771 692 549 1194 1162 302 1123 934 1182
266 702 0 680 855 207 352 372 747 247 519 669 208 621 1036 335 573 306 462 1112 678 567 1046 299 316 618 927 991 643 520 441 283 992 960 537 920 683 980
709 59 680 0 1085 545 596 436 198 512 328 662 538 850 1217 579 505 750 526 1293 742 560 1227 743 760 149 1108 1172 383 749 671 527 1173 1140 281 1101 912 1161
619 1106 855 1085 0 691 807 686 1151 696 924 820 683 508 264 875 974 763 831 597 799 928 531 743 731 1023 647 596 998 370 445 823 606 638 942 663 311 464
184 567 207 545 691 0 255 237 612 60 384 534 47 456 872 238 438 225 327 948 543 432 882 218 235 483 763 827 590 355 276 186 827 795 402 756 518 815
381 617 352 596 807 255 0 287 662 222 435 584 247 657 1031 220 489 422 378 1144 594 482 1078 414 432 533 959 1023 426 556 477 168 1024 992 452 952 544 1012
401 457 372 436 686 237 287 0 502 204 275 424 229 451 818 270 329 442 204 894 420 322 828 434 452 374 709 773 627 350 271 219 773 741 293 702 513 761
775 174 747 198 1151 612 662 502 0 579 394 729 604 917 1284 645 572 817 593 1359 809 627 1294 809 827 165 1174 1239 399 816 737 594 1239 1207 347 1168 979 1227
223 534 247 512 696 60 222 204 579 0 352 501 52 462 877 205 406 265 295 953 511 399 887 258 275 450 768 832 592 361 282 154 833 801 369 761 524 821
548 349 519 328 924 384 435 275 394 352 0 372 377 690 1056 418 215 589 236 1132 452 270 1066 582 600 265 947 1011 519 589 510 366 1012 980 77 940 752 1000
537 684 669 662 820 534 584 424 729 501 372 0 526 585 952 567 191 681 274 1028 362 143 962 661 649 600 843 907 853 484 406 516 908 875 414 836 647 896
185 559 208 538 683 47 247 229 604 52 377 526 0 449 864 231 431 226 320 940 536 424 874 219 236 476 755 819 591 348 269 179 820 788 394 748 511 808
385 872 621 850 508 456 657 451 917 462 690 585 449 0 484 640 739 529 597 559 564 694 494 509 496 788 374 439 1022 172 210 588 439 407 707 368 335 427
800 1239 1036 1217 264 872 1031 818 1284 877 1056 952 864 484 0 1052 1050 944 964 409 931 1061 343 924 912 1155 459 407 1221 588 626 1000 418 450 1074 475 534 276
364 600 335 579 875 238 220 270 645 205 418 567 231 640 1052 0 472 405 361 1127 577 465 1062 398 415 517 942 1007 612 539 460 70 1007 975 435 936 702 995
602 527 573 505 974 438 489 329 572 406 215 191 431 739 1050 472 0 643 179 1126 395 89 1060 636 654 443 941 1005 696 638 559 420 1005 973 254 934 801 993
172 772 306 750 763 225 422 442 817 265 589 681 226 529 944 405 643 0 532 1020 660 637 954 51 69 688 835 899 713 427 349 353 900 867 607 828 591 888
491 548 462 526 831 327 378 204 593 295 236 274 320 597 964 361 179 532 0 1039 252 172 974 525 543 464 854 918 717 496 417 309 919 887 278 847 659 907
876 1314 1112 1293 597 948 1144 894 1359 953 1132 1028 940 559 409 1127 1126 1020 1039 0 1007 1136 109 1000 988 1231 299 248 1484 663 702 1076 258 290 1149 333 826 175
327 571 486 550 610 351 401 151 616 318 389 414 343 375 742 385 443 471 318 818 0 436 752 451 439 488 633 697 741 274 196 333 697 665 407 626 437 686
595 582 567 560 928 432 482 322 627 399 270 143 424 694 1061 465 89 637 172 1136 388 0 1071 629 647 498 951 1016 751 593 514 414 1016 984 312 945 756 1004
810 1249 1046 1227 531 882 1078 828 1294 887 1066 962 874 494 343 1062 1060 954 974 109 941 1071 0 934 922 1165 233 182 1418 597 636 1010 192 224 1084 267 761 109
153 764 299 743 743 218 414 434 809 258 582 661 219 509 924 398 636 51 525 1000 640 629 934 0 49 681 815 879 705 407 329 346 880 848 599 808 571 868
140 782 316 760 731 235 432 452 827 275 600 649 236 496 912 415 654 69 543 988 628 647 922 49 0 698 803 867 723 395 317 364 867 835 617 796 558 856
647 125 618 149 1023 483 533 374 165 450 265 600 476 788 1155 517 443 688 464 1231 680 498 1165 681 698 0 1046 1110 290 687 608 465 1110 1078 219 1039 850 1098
691 1129 927 1108 647 763 959 709 1174 768 947 843 755 374 459 942 941 835 854 299 822 951 233 815 803 1046 0 86 1299 478 517 891 87 54 965 56 641 225
755 1193 991 1172 596 827 1023 773 1239 832 1011 907 819 439 407 1007 1005 899 918 248 886 1016 182 879 867 1110 86 0 1363 542 581 955 49 77 1029 120 706 174
672 359 643 383 998 590 426 627 389 592 519 853 591 1022 1221 612 696 713 717 1484 933 751 1418 705 723 290 1299 1363 0 884 847 560 1364 1332 472 1292 734 1352
284 771 520 749 370 355 556 350 816 361 589 484 348 172 588 539 638 427 496 663 463 593 597 407 395 687 478 542 884 0 109 487 543 511 606 471 197 531
205 692 441 671 445 276 477 271 737 282 510 406 269 210 626 460 559 349 417 702 384 514 636 329 317 608 517 581 847 109 0 409 581 549 527 510 272 570
313 549 283 527 823 186 168 219 594 154 366 516 179 588 1000 70 420 353 309 1076 525 414 1010 346 364 465 891 955 560 487 409 0 955 923 384 884 650 943
756 1194 992 1173 606 827 1024 773 1239 833 1012 908 820 439 418 1007 1005 900 919 258 886 1016 192 880 867 1110 87 49 1364 543 581 955 0 78 1029 121 706 185
724 1162 960 1140 638 795 992 741 1207 801 980 875 788 407 450 975 973 867 887 290 854 984 224 848 835 1078 54 77 1332 511 549 923 78 0 997 89 674 217
565 302 537 281 942 402 452 293 347 369 77 414 394 707 1074 435 254 607 278 1149 494 312 1084 599 617 219 965 1029 472 606 527 384 1029 997 0 958 769 1017
684 1123 920 1101 663 756 952 702 1168 761 940 836 748 368 475 936 934 828 847 333 815 945 267 808 796 1039 56 120 1292 471 510 884 121 89 958 0 635 260
447 934 683 912 311 518 544 513 979 524 752 647 511 335 534 702 801 591 659 826 626 756 761 571 558 850 641 706 734 197 272 650 706 674 769 635 0 694
744 1182 980 1161 464 815 1012 761 1227 821 1000 896 808 427 276 995 993 888 907 175 874 1004 109 868 856 1098 225 174 1352 531 570 943 185 217 1017 260 694 0
EOF