NAME : tsp_problem
TYPE : TSP
DIMENSION : 71
EDGE_WEIGHT_TYPE : EXPLICIT
EDGE_WEIGHT_FORMAT : FULL_MATRIX
EDGE_WEIGHT_SECTION
0 1010 1080 459 459 192 305 508 1113 1135 245 446 450 272 993 572 705 337 257 475 463 1107 455 690 1008 1117 437 491 231 184 456 369 523 1123 461 438 1124 409 774 1123 425 740 303 682 304 643 201 309 460 1036 140 402 1108 890 305 457 402 503 636 449 375 539 263 600 628 1073 390 258 256 509 238
1010 0 291 776 1243 981 879 936 251 182 1034 630 1235 851 32 693 785 1121 1046 1024 712 480 828 1235 382 491 1222 1275 936 973 832 918 651 497 834 837 497 1194 684 556 1209 336 877 478 751 759 1116 860 1244 82 1056 1186 155 728 855 1006 853 1288 1036 998 929 609 1052 720 1028 354 1174 963 835 937 942
1080 291 0 846 1313 1051 949 1005 159 211 1104 700 1304 921 274 763 855 1191 1115 1093 782 315 898 1304 216 325 1291 1345 1006 1042 902 987 721 331 903 907 332 1264 643 390 1279 406 946 548 821 828 1186 929 1314 253 1126 1256 184 562 925 1076 923 1357 1105 1068 999 678 1122 790 1097 189 1244 1032 905 1006 1012
459 776 846 0 820 323 221 632 879 901 376 212 812 413 759 389 481 698 387 645 408 873 524 861 774 883 799 852 278 314 174 539 289 889 530 533 890 771 540 889 786 506 218 448 328 455 458 201 821 802 505 763 874 656 197 628 549 864 807 620 271 305 394 417 798 839 751 304 397 633 284
459 1243 1313 821 0 554 667 741 1346 1368 607 679 243 504 1226 805 938 190 619 708 696 1339 688 546 1241 1350 290 344 593 546 818 602 756 1356 694 671 1356 109 1007 1356 97 973 665 915 536 876 564 671 313 1269 377 101 1341 1123 667 690 635 79 842 682 737 772 625 833 834 1306 126 620 489 741 599
192 981 1051 323 554 0 169 483 1084 1106 108 417 546 230 964 548 681 432 120 450 438 1077 430 666 979 1088 533 586 95 47 319 344 494 1094 436 414 1095 505 745 1094 520 711 166 653 277 618 191 173 555 1007 238 497 1079 861 168 433 377 598 612 425 239 510 127 575 603 1044 485 122 215 484 101
305 879 949 221 667 169 0 525 982 1004 221 315 659 259 862 492 584 545 233 492 481 975 473 708 877 986 646 699 123 160 276 387 391 992 479 456 992 618 643 992 633 609 64 551 175 557 304 71 668 905 351 610 977 759 66 475 420 711 654 467 351 408 240 519 646 942 598 150 243 526 130
508 936 1005 632 741 483 526 0 1039 1061 536 486 732 363 919 284 417 619 548 386 292 1032 166 523 933 1042 719 772 452 475 688 201 507 1049 172 173 1049 691 700 1049 706 666 523 608 395 355 614 530 741 962 554 684 1034 816 525 369 136 785 469 361 666 375 554 312 461 999 672 479 347 28 458
1113 251 159 879 1346 1084 982 1039 0 172 1137 733 1338 954 234 796 888 1224 1149 1127 815 348 931 1338 250 359 1325 1378 1039 1076 935 1021 754 365 937 940 365 1297 676 424 1312 439 979 581 854 862 1219 963 1347 213 1159 1289 145 596 958 1109 956 1390 1139 1101 1032 712 1155 823 1130 222 1277 1066 938 1040 1045
1135 182 211 901 1368 1106 1004 1061 172 0 1159 755 1360 976 164 818 910 1246 1171 1149 837 401 953 1360 302 411 1347 1400 1061 1098 957 1043 776 417 959 962 418 1319 728 476 1334 461 1001 603 876 884 1241 985 1369 143 1181 1311 75 648 980 1131 978 1412 1161 1123 1054 734 1177 845 1153 274 1299 1088 960 1062 1067
245 1034 1104 376 607 108 221 536 1137 1159 0 470 599 283 1017 600 733 485 50 503 491 1130 483 718 1032 1141 586 639 148 100 249 397 546 1147 489 466 1147 558 798 1147 573 764 219 706 330 671 120 226 608 1060 291 550 1132 914 221 485 430 651 664 478 168 563 56 628 656 1097 538 174 267 537 154
446 630 700 212 679 417 315 486 733 755 470 0 671 287 613 243 335 557 482 504 262 726 378 720 628 737 658 711 372 409 268 398 142 743 384 387 743 630 394 743 645 360 312 302 187 309 552 296 680 656 492 622 728 510 291 487 403 723 666 479 365 159 488 270 657 693 610 398 271 487 378
450 1235 1304 813 243 546 659 732 1338 1360 599 671 0 496 1217 797 930 149 610 699 688 1331 680 505 1232 1341 250 303 585 537 809 593 747 1348 685 663 1348 185 999 1348 200 965 656 907 528 867 555 663 272 1261 369 177 1333 1115 658 682 626 288 801 674 729 764 617 824 793 1298 314 612 480 733 591
272 851 921 413 504 230 259 363 954 976 283 287 496 0 834 427 556 383 295 330 318 947 310 545 849 958 483 536 185 222 469 224 364 964 316 293 965 455 615 964 470 581 256 523 145 498 365 263 505 877 318 448 949 731 259 312 257 549 491 304 413 380 301 455 483 914 436 212 80 364 191
993 32 274 759 1226 964 862 919 234 164 1017 613 1217 834 0 676 768 1104 1029 1006 695 463 811 1217 364 473 1205 1258 919 955 815 900 634 479 817 820 480 1177 667 538 1192 319 859 461 734 741 1099 842 1227 65 1039 1169 137 710 838 989 836 1270 1019 981 912 592 1035 703 1010 337 1157 945 818 919 925
572 693 763 389 805 548 492 284 796 818 600 243 797 427 676 0 173 683 612 451 177 789 177 588 691 800 784 837 516 539 445 267 264 806 182 186 806 756 457 806 771 423 489 365 364 111 679 473 806 719 618 748 791 573 468 434 201 849 534 426 542 132 619 68 526 756 736 543 411 285 523
705 785 855 481 938 681 584 417 888 910 733 335 930 556 768 173 0 816 745 584 310 882 310 721 783 892 917 970 641 672 537 400 356 898 315 319 899 889 549 898 904 515 582 457 456 84 812 565 939 811 751 881 883 665 560 567 335 983 667 559 634 224 752 201 659 848 869 668 540 418 647
337 1121 1191 699 190 432 545 619 1224 1246 485 557 149 383 1104 683 816 0 497 586 574 1218 566 391 1119 1228 136 189 471 424 696 480 634 1234 572 549 1235 132 885 1234 147 852 543 793 415 754 442 549 158 1147 255 124 1219 1001 545 568 513 234 688 560 615 650 503 711 679 1184 201 498 367 620 478
257 1046 1115 387 619 120 233 548 1149 1171 50 482 610 295 1029 612 745 497 0 515 503 1142 495 730 1043 1152 597 651 160 112 260 409 558 1159 501 478 1159 570 810 1159 585 776 231 718 342 683 132 237 620 1072 303 562 1144 926 233 497 442 663 676 489 180 575 68 640 668 1109 550 186 279 549 166
475 1024 1093 647 708 450 493 386 1127 1149 503 504 699 330 1006 451 584 586 515 0 379 1085 334 357 1021 1095 672 725 419 442 703 247 581 1059 339 317 1059 658 704 1052 674 754 490 695 362 522 581 497 694 1049 521 651 1122 819 492 49 280 752 303 51 633 462 521 479 295 1087 639 446 314 387 425
463 712 782 408 696 438 481 292 815 837 491 262 688 318 695 177 310 574 503 379 0 808 184 595 710 819 675 728 407 430 464 273 283 825 190 193 825 647 476 825 662 442 478 384 350 248 570 485 697 738 509 639 810 592 481 362 209 740 541 354 561 151 509 205 533 775 627 434 302 293 413
1107 480 315 873 1339 1077 975 1032 348 401 1130 726 1331 947 463 789 882 1218 1142 1085 808 0 924 1120 143 42 1318 1371 1032 1069 928 1014 747 59 930 934 60 1290 419 167 1305 433 973 575 847 855 1212 956 1340 442 1153 1283 373 339 951 1067 949 1384 922 1059 1025 705 1148 817 913 308 1271 1059 932 1033 1038
455 828 898 524 688 430 473 166 931 953 483 378 680 310 811 177 310 566 495 334 184 924 0 470 826 935 667 720 399 422 580 149 399 941 64 68 942 639 592 941 654 558 470 500 342 247 562 477 689 854 501 631 926 708 473 316 84 732 416 308 613 267 501 204 408 891 619 426 294 167 405
690 1235 1304 862 546 666 708 523 1338 1360 718 720 495 545 1217 588 721 391 730 357 595 1120 470 0 1172 1131 358 411 634 657 918 384 796 1095 476 453 1095 487 740 1088 503 965 706 906 577 659 797 712 380 1260 611 480 1333 855 708 340 417 590 339 332 848 678 736 615 331 1298 557 661 529 524 640
1008 382 216 774 1241 979 877 933 250 302 1032 628 1232 849 364 691 783 1119 1043 1021 710 143 826 1172 0 153 1219 1273 934 970 830 915 649 159 831 835 160 1191 470 218 1207 334 874 476 748 756 1114 857 1242 343 1054 1184 275 390 853 1004 851 1285 973 996 927 606 1050 718 965 210 1172 960 833 934 940
1117 491 325 883 1350 1088 986 1042 359 411 1141 737 1341 958 473 800 892 1228 1152 1095 819 42 935 1131 153 0 1328 1382 1043 1079 939 1024 758 70 940 944 70 1300 430 177 1316 443 983 585 857 865 1223 966 1351 452 1163 1293 384 349 962 1077 960 1394 932 1070 1036 715 1159 827 924 319 1281 1069 942 1043 1049
437 1222 1291 800 290 533 646 719 1325 1347 586 658 240 483 1205 784 917 136 597 672 675 1318 667 358 1219 1328 0 156 572 524 796 580 734 1335 672 650 1335 232 986 1335 247 952 643 894 515 854 543 650 125 1248 356 224 1320 1102 645 654 613 335 654 647 716 751 604 811 646 1285 301 599 467 720 578
499 1283 1353 861 292 594 707 781 1386 1408 647 719 117 545 1266 845 978 198 659 748 736 1380 728 554 1281 1390 298 0 634 586 858 642 796 1396 734 711 1397 233 1047 1396 249 1014 705 955 577 916 604 711 320 1309 417 226 1381 1163 707 730 675 336 850 723 777 812 665 873 841 1346 363 660 529 782 640
231 936 1006 278 593 95 123 452 1039 1061 148 372 585 185 919 516 641 471 160 419 407 1032 399 634 934 1043 572 625 0 86 333 313 448 1049 405 382 1049 544 700 1049 559 666 121 608 232 587 230 128 594 962 277 536 1034 816 123 402 346 638 580 394 278 465 166 544 572 999 525 76 169 453 56
184 973 1042 314 546 47 160 475 1076 1098 100 409 537 222 955 539 672 424 112 442 430 1069 422 657 970 1079 524 578 86 0 311 336 485 1085 428 405 1086 496 737 1086 512 703 158 645 269 610 182 164 547 999 230 489 1071 853 160 424 369 590 603 416 230 502 118 567 595 1036 477 113 206 475 93
456 832 902 174 818 319 276 688 935 957 249 268 809 469 815 445 537 696 260 701 464 928 580 916 830 939 796 849 333 311 0 595 344 945 586 589 945 768 596 945 784 562 274 504 383 510 331 257 818 858 502 761 930 712 253 684 605 862 862 676 141 361 267 472 854 895 749 360 453 689 339
369 918 987 541 602 344 387 201 1021 1043 397 398 593 224 900 267 400 480 409 247 273 1014 149 384 915 1024 580 633 313 336 597 0 475 1030 154 132 1031 552 682 1030 568 648 384 589 256 337 476 391 602 943 415 545 1016 797 386 230 96 646 330 222 527 356 415 294 322 981 533 340 208 202 319
523 651 721 289 756 494 391 507 754 776 546 142 747 364 634 264 356 634 558 581 283 747 399 796 649 758 734 787 448 485 344 475 0 764 405 408 764 706 415 764 721 381 389 323 263 330 629 372 756 677 569 699 749 531 368 563 424 800 742 556 441 180 565 291 734 714 687 475 348 508 455
1123 497 331 889 1356 1094 992 1049 365 417 1147 743 1348 964 479 806 898 1234 1159 1059 825 59 941 1095 159 70 1335 1388 1049 1085 945 1030 764 0 947 950 24 1307 394 141 1322 449 989 591 864 871 1229 972 1357 458 1169 1299 390 313 968 1041 966 1400 896 1034 1042 722 1165 833 888 325 1287 1075 948 1049 1055
461 834 903 530 694 436 479 172 937 959 489 384 685 316 817 182 315 572 501 339 190 930 64 476 831 940 672 725 405 428 586 154 405 947 0 74 947 644 598 947 660 564 476 506 348 253 568 483 694 860 507 637 932 714 478 322 89 738 422 314 619 273 507 210 414 897 625 432 300 173 411
438 837 907 533 671 414 456 173 940 962 466 387 663 293 820 186 319 549 478 317 193 934 68 453 835 944 650 703 382 405 589 132 408 950 74 0 951 622 601 950 637 568 454 509 325 256 545 460 672 863 484 614 935 717 456 299 67 715 399 291 596 276 485 213 391 900 602 409 277 174 389
1124 497 332 890 1356 1095 992 1049 365 418 1147 743 1348 965 480 806 899 1235 1159 1059 825 60 942 1095 160 70 1335 1388 1049 1086 945 1031 764 24 947 951 0 1307 394 142 1322 450 990 592 864 872 1229 973 1357 459 1170 1300 391 314 968 1042 966 1401 897 1034 1042 722 1165 834 888 325 1288 1076 949 1050 1055
409 1194 1264 772 109 505 618 691 1297 1319 558 630 185 455 1177 756 889 132 570 658 647 1290 639 487 1191 1300 232 285 544 496 768 552 706 1307 644 622 1307 0 958 1307 65 924 615 866 487 827 515 622 254 1220 328 43 1292 1074 617 641 585 153 784 633 688 723 576 783 775 1257 194 571 439 692 550
774 684 643 540 1007 745 643 700 676 728 798 394 999 615 667 457 549 885 810 704 476 419 592 740 470 430 986 1039 700 737 596 682 415 394 598 601 394 958 0 387 973 415 640 356 515 523 880 624 1008 710 820 950 701 154 619 686 617 1051 541 678 693 373 816 484 533 636 938 727 599 701 706
1123 556 390 889 1356 1094 992 1049 424 476 1147 743 1348 964 538 806 898 1234 1159 1052 825 167 941 1088 218 177 1335 1388 1049 1086 945 1030 764 141 947 950 142 1307 387 0 1322 508 989 650 864 871 1229 973 1357 517 1169 1299 449 307 968 1035 966 1400 890 1027 1042 722 1165 833 881 384 1287 1075 948 1050 1055
425 1209 1279 787 97 520 633 706 1312 1334 573 645 200 470 1192 771 904 147 585 674 662 1305 654 503 1207 1316 247 300 559 512 784 568 721 1322 660 637 1322 65 973 1322 0 939 630 881 502 842 530 637 269 1235 343 58 1307 1089 633 656 601 142 799 648 703 738 591 799 790 1272 188 586 455 707 565
740 336 406 506 973 711 609 666 439 461 764 360 965 581 319 423 515 852 776 754 442 433 558 965 334 443 952 1005 666 703 562 648 381 449 564 568 450 924 415 508 939 0 607 208 481 489 846 590 974 362 787 916 434 530 585 736 583 1018 766 729 659 339 782 451 758 399 905 693 566 667 672
303 877 946 218 665 166 64 523 979 1001 219 312 656 256 859 489 582 543 231 490 478 973 470 705 874 983 643 696 121 158 274 384 389 989 476 454 990 615 640 989 630 607 0 548 173 555 301 68 665 902 349 608 974 756 64 473 417 709 652 465 349 405 237 517 643 939 596 148 241 524 127
682 478 548 448 915 653 551 608 581 603 706 302 907 523 461 365 457 793 718 695 384 575 500 906 476 585 894 947 608 645 504 589 323 591 506 509 592 866 356 650 881 208 548 0 423 430 788 532 916 504 728 858 576 472 527 678 525 959 708 670 601 281 724 392 699 541 846 634 507 609 614
304 751 821 333 536 279 307 395 854 876 332 187 528 145 734 364 456 415 344 362 350 847 342 577 748 857 515 568 234 270 389 256 263 864 348 325 864 487 515 864 502 481 305 423 0 429 410 312 537 777 350 480 849 631 307 344 289 581 523 336 462 280 350 391 515 814 468 260 129 396 240
643 759 828 455 876 618 557 355 862 884 671 309 867 498 741 111 84 754 683 522 248 855 247 659 756 865 854 908 587 610 510 337 330 871 253 256 872 827 523 871 842 489 555 430 429 0 750 538 877 784 689 819 857 638 534 505 272 920 605 497 608 197 689 139 596 822 807 614 482 356 593
201 1116 1186 458 564 191 304 614 1219 1241 120 552 555 365 1099 679 812 442 132 581 570 1212 562 797 1114 1223 543 596 230 182 331 476 629 1229 568 545 1229 515 880 1229 530 846 301 788 410 750 0 308 565 1142 245 507 1214 996 303 564 509 608 743 556 250 645 138 707 735 1179 495 256 350 615 236
309 860 929 201 671 173 71 530 963 985 226 296 663 263 842 473 565 549 237 497 485 956 477 712 857 966 650 703 128 164 257 391 372 972 483 460 973 622 624 973 637 590 68 532 179 538 308 0 672 886 355 614 958 740 47 479 424 716 658 471 354 389 244 500 650 923 602 154 247 531 134
538 1322 1392 900 331 633 746 819 1425 1447 686 758 156 583 1305 884 1017 236 698 786 775 1418 767 592 1320 1429 337 72 672 625 896 681 834 1435 773 750 1435 272 1086 1435 287 1052 743 994 615 955 643 750 0 1348 456 264 1420 1202 746 769 714 375 888 761 816 851 704 912 880 1385 402 699 568 820 678
1036 82 253 802 1269 1007 905 962 213 143 1060 656 1261 877 65 719 811 1147 1072 1049 738 442 854 1260 343 452 1248 1301 962 999 858 943 677 458 860 863 459 1220 710 517 1235 362 902 504 777 784 1142 886 1270 0 1082 1212 116 689 881 1032 879 1313 1062 1024 955 635 1078 746 1053 316 1200 988 861 963 968
140 1056 1126 505 377 238 351 554 1159 1181 291 492 369 318 1039 618 751 255 303 521 509 1153 501 611 1054 1163 356 409 277 230 502 415 569 1169 507 484 1170 328 820 1169 343 787 349 728 350 689 245 355 378 1082 0 320 1154 936 351 503 448 421 682 496 421 585 309 646 674 1119 308 304 302 555 284
402 1186 1256 764 101 497 610 684 1289 1311 550 622 177 448 1169 748 881 124 562 651 639 1283 631 480 1184 1293 224 277 536 489 761 545 699 1299 637 614 1300 43 950 1299 58 916 608 858 480 819 507 614 247 1212 320 0 1284 1066 610 633 578 145 776 625 680 715 568 776 768 1249 187 563 432 685 543
1108 155 184 874 1341 1079 977 1034 145 75 1132 728 1333 949 137 791 883 1219 1144 1122 810 373 926 1333 275 384 1320 1373 1034 1071 930 1016 749 390 932 935 391 1292 701 449 1307 434 974 576 849 857 1214 958 1342 116 1154 1284 0 621 953 1104 951 1385 1134 1096 1027 707 1150 818 1126 247 1272 1061 933 1035 1040
890 728 562 656 1123 861 759 816 596 648 914 510 1115 731 710 573 665 1001 926 819 592 339 708 855 390 349 1102 1155 816 853 712 797 531 313 714 717 314 1074 154 307 1089 530 756 472 631 638 996 740 1124 689 936 1066 621 0 735 802 733 1167 657 794 809 489 932 600 648 556 1054 842 715 817 822
305 855 925 197 667 168 66 525 958 980 221 291 658 259 838 468 560 545 233 492 480 951 473 708 853 962 645 698 123 160 253 386 368 968 478 456 968 617 619 968 633 585 64 527 175 534 303 47 668 881 351 610 953 735 0 475 419 711 654 467 350 384 239 496 645 918 598 150 243 526 129
457 1006 1076 629 690 433 475 369 1109 1131 485 487 682 312 989 434 567 568 497 49 362 1067 316 340 1004 1077 654 708 402 424 685 230 563 1041 322 299 1042 641 686 1035 656 736 473 678 344 505 564 479 677 1032 503 633 1104 802 475 0 263 735 286 34 616 445 504 461 278 1069 621 428 296 370 408
402 853 923 549 635 377 420 136 956 978 430 403 626 257 836 201 335 513 442 280 209 949 84 417 851 960 613 666 346 369 605 96 424 966 89 67 966 585 617 966 601 583 417 525 289 272 509 424 636 879 448 578 951 733 419 263 0 679 363 255 560 292 448 229 355 916 566 373 241 137 352
503 1288 1357 866 79 598 711 785 1390 1412 651 723 288 549 1270 849 983 234 663 752 740 1384 732 590 1285 1394 335 388 638 590 862 646 800 1400 738 715 1401 153 1051 1400 142 1018 709 959 581 920 608 716 357 1313 421 145 1385 1167 711 735 679 0 886 727 781 816 669 877 878 1350 170 664 533 786 644
636 1036 1105 808 842 612 654 469 1139 1161 664 666 791 491 1019 534 667 688 676 303 541 922 416 339 973 932 654 707 580 603 864 330 742 896 422 399 897 784 541 890 799 766 652 708 523 605 743 658 676 1062 682 776 1134 657 654 286 363 886 0 278 794 624 683 562 132 1099 800 607 475 470 587
449 998 1068 621 682 425 467 361 1101 1123 478 479 674 304 981 426 559 560 489 51 354 1059 308 332 996 1070 647 700 394 416 677 222 556 1034 314 291 1034 633 678 1027 648 729 465 670 336 497 556 472 669 1024 496 625 1096 794 467 34 255 727 278 0 608 437 496 453 270 1061 614 420 289 362 400
375 929 999 271 737 239 351 666 1032 1054 168 365 729 413 912 542 634 615 180 633 561 1025 613 848 927 1036 716 769 278 230 141 527 441 1042 619 596 1042 688 693 1042 703 659 349 601 460 608 250 354 738 955 421 680 1027 809 350 616 560 781 794 608 0 458 186 569 786 992 668 304 397 667 284
539 609 678 305 772 510 408 375 712 734 563 159 764 380 592 132 224 650 575 462 151 705 267 678 606 715 751 804 465 502 361 356 180 722 273 276 722 723 373 722 738 339 405 281 280 197 645 389 773 635 585 715 707 489 384 445 292 816 624 437 458 0 581 159 616 672 703 491 364 375 471
263 1052 1122 394 625 127 240 554 1155 1177 56 488 617 301 1035 619 752 503 68 521 509 1148 501 736 1050 1159 604 657 166 118 267 415 565 1165 507 485 1165 576 816 1165 591 782 237 724 348 689 138 244 626 1078 309 568 1150 932 239 504 448 669 683 496 186 581 0 646 674 1115 556 192 286 555 172
600 720 790 417 833 575 519 312 823 845 628 270 824 455 703 68 201 711 640 479 205 817 204 615 718 827 811 864 544 567 472 294 291 833 210 213 834 783 484 833 799 451 517 392 391 139 707 500 833 746 646 776 818 600 496 461 229 877 562 453 569 159 646 0 553 783 764 571 439 313 550
628 1028 1097 800 834 603 646 461 1130 1153 656 657 783 483 1010 526 659 679 668 295 533 913 408 331 965 924 646 699 572 595 856 322 734 888 414 391 888 775 533 881 790 758 643 699 515 596 735 650 668 1053 674 768 1126 648 645 278 355 878 132 270 786 616 674 553 0 1091 792 599 467 461 578
1073 354 189 839 1306 1044 942 999 222 274 1097 693 1298 914 337 756 848 1184 1109 1087 775 308 891 1298 210 319 1285 1338 999 1036 895 981 714 325 897 900 325 1257 636 384 1272 399 939 541 814 822 1179 923 1307 316 1119 1249 247 556 918 1069 916 1350 1099 1061 992 672 1115 783 1091 0 1237 1026 898 1000 1005
390 1174 1244 752 126 485 598 672 1277 1299 538 610 314 436 1157 736 869 201 550 639 627 1271 619 557 1172 1281 301 354 525 477 749 533 687 1287 625 602 1288 194 938 1287 188 905 596 846 468 807 495 602 323 1200 308 187 1272 1054 598 621 566 170 800 614 668 703 556 764 792 1237 0 551 420 673 531
258 963 1032 304 620 122 150 479 1066 1088 174 398 612 212 945 543 668 498 186 446 434 1059 426 661 960 1069 599 652 76 113 360 340 475 1075 432 409 1076 571 727 1075 586 693 148 634 259 614 256 154 621 988 304 563 1061 842 150 428 373 664 607 420 304 491 192 571 599 1026 551 0 196 479 82
256 835 905 397 489 215 243 347 938 960 267 271 480 80 818 411 540 367 279 314 302 932 294 529 833 942 467 520 169 206 453 208 348 948 300 277 949 439 599 948 455 566 241 507 129 482 350 247 489 861 302 432 933 715 243 296 241 533 475 289 397 364 286 439 467 898 420 196 0 348 176
509 937 1006 633 741 484 526 28 1040 1062 537 487 733 364 919 285 418 620 549 387 293 1033 167 524 934 1043 720 773 453 475 689 202 508 1049 173 174 1050 692 701 1050 707 667 524 609 396 356 615 531 742 963 555 685 1035 817 526 370 137 786 470 362 667 375 555 313 461 1000 673 479 348 0 459
238 942 1012 284 599 101 130 458 1045 1067 154 378 591 191 925 523 647 478 166 425 413 1038 405 640 940 1049 578 631 56 93 339 319 455 1055 411 389 1055 550 706 1055 565 672 127 614 238 593 236 134 600 968 284 543 1040 822 129 408 352 644 587 400 284 471 172 550 578 1005 531 82 176 459 0
EOF
