NAME : tsp_problem
TYPE : TSP
DIMENSION : 62
EDGE_WEIGHT_TYPE : EXPLICIT
EDGE_WEIGHT_FORMAT : FULL_MATRIX
EDGE_WEIGHT_SECTION
0 647 453 448 390 341 587 427 686 514 690 718 611 726 497 690 803 391 460 356 613 1009 254 135 856 718 630 664 877 737 725 641 498 789 741 651 482 664 543 711 745 649 746 343 713 799 460 1034 227 260 537 582 347 167 622 197 369 138 491 376 262 495
647 0 235 402 767 597 705 346 1063 621 602 844 184 805 416 796 840 498 379 474 930 591 631 572 927 824 749 734 642 843 804 177 604 325 506 1029 600 880 165 623 1123 40 282 449 880 335 414 615 477 513 643 959 626 603 741 566 486 543 597 494 582 414
453 235 0 209 723 403 903 160 1018 427 602 1041 381 638 230 602 715 304 193 672 946 643 587 378 769 630 946 577 695 649 637 230 410 378 559 984 797 997 132 623 1078 237 335 255 1046 387 221 668 284 319 449 915 432 410 938 373 292 349 403 691 388 228
448 402 209 0 704 505 901 262 1000 529 704 1032 549 740 332 704 817 406 295 670 927 811 568 359 871 732 944 679 862 751 739 397 513 545 726 965 796 979 299 725 1059 404 502 357 1028 555 56 835 265 421 551 896 534 391 936 475 273 451 505 690 369 330
390 767 723 704 0 657 684 697 364 830 1005 397 708 1041 767 1005 1118 706 730 453 292 1320 237 391 1171 1033 469 979 1192 1052 1040 907 813 1055 1056 329 578 343 814 1026 424 770 1012 658 392 1065 716 1345 483 575 852 260 662 423 461 512 625 453 806 473 519 765
341 597 403 505 657 0 853 377 952 335 640 985 743 676 447 640 753 212 410 622 880 959 520 401 806 668 897 614 827 687 675 592 448 740 691 918 748 931 494 661 1012 599 697 293 980 749 517 984 463 210 358 848 84 433 889 264 588 240 441 642 529 445
587 705 903 901 684 853 0 894 822 1026 1202 563 646 1238 964 1202 1315 903 927 279 649 1258 548 588 1368 1230 468 1176 1310 1248 1237 845 1010 993 1174 787 319 599 832 1223 881 707 950 854 599 1002 913 1283 680 772 1049 718 859 620 459 709 822 650 1003 259 716 962
427 346 160 262 697 377 894 0 993 401 577 1026 492 613 95 577 690 278 58 663 921 754 561 352 743 604 938 551 764 623 612 341 385 489 627 958 789 972 243 598 1053 348 446 229 1021 498 274 779 258 293 424 889 406 384 929 347 345 323 378 683 442 93
686 1063 1018 1000 364 952 822 993 0 1125 1301 339 1003 1337 1063 1301 1414 1002 1026 676 234 1616 532 687 1467 1328 412 1275 1487 1347 1336 1203 1109 1351 1351 179 566 285 1109 1322 160 1065 1308 953 334 1360 1012 1641 779 871 1147 156 957 719 404 808 921 749 1101 657 814 1061
514 621 427 529 830 335 1026 401 1125 0 346 1158 767 382 471 345 459 166 434 795 1053 665 693 574 512 373 1070 320 532 392 381 615 154 571 396 1091 921 1104 518 367 1185 623 644 246 1153 696 541 689 487 381 61 1021 364 606 1062 434 612 411 156 815 702 469
690 602 602 704 1005 640 1202 577 1301 346 0 1333 749 305 647 332 340 470 610 971 1228 427 869 750 427 377 1245 234 289 395 304 490 235 328 153 1266 1097 1279 584 123 1360 604 400 422 1328 453 716 452 663 556 368 1197 669 782 1237 610 788 586 330 991 877 645
718 844 1041 1032 397 985 563 1026 339 1158 1333 0 784 1369 1096 1333 1446 1035 1058 417 167 1397 565 720 1500 1361 153 1308 1448 1380 1368 983 1141 1131 1312 305 307 117 971 1354 399 846 1088 986 66 1141 1044 1421 812 903 1180 236 990 752 145 841 954 782 1134 398 847 1094
611 184 381 549 708 743 646 492 1003 767 749 784 0 951 562 943 986 644 525 415 870 737 572 612 1074 970 689 881 789 989 950 324 751 472 652 969 540 821 311 770 1063 186 429 595 821 481 561 762 624 659 789 900 772 644 681 713 632 674 743 434 729 560
726 805 638 740 1041 676 1238 613 1337 382 305 1369 951 0 683 385 358 506 646 1007 1264 564 905 786 354 216 1281 126 492 235 16 693 271 531 356 1302 1133 1315 729 326 1396 807 603 458 1364 656 752 589 699 592 404 1233 705 818 1273 646 824 622 366 1027 913 681
497 416 230 332 767 447 964 95 1063 471 647 1096 562 683 0 647 760 348 93 733 991 824 631 422 813 675 1008 621 834 693 682 411 455 559 697 1028 859 1042 313 668 1123 418 516 299 1091 568 344 849 328 363 494 959 476 454 1000 417 415 393 448 753 512 39
757 670 670 772 1072 707 1269 644 1368 413 170 1401 816 373 714 0 407 538 677 1038 1296 495 936 817 495 444 1313 302 356 463 372 558 302 395 220 1333 1164 1347 652 191 1428 672 468 489 1396 520 784 520 730 623 435 1264 736 849 1305 677 855 653 397 1058 945 712
803 850 715 817 1118 753 1315 690 1414 459 350 1446 996 358 760 445 0 583 723 1084 1341 475 982 863 144 296 1358 287 537 315 357 738 348 575 400 1379 1210 1393 806 371 1473 852 648 535 1441 700 829 500 776 669 481 1310 782 895 1350 723 901 699 443 1104 990 758
391 498 304 406 706 212 903 278 1002 166 470 1035 644 506 348 470 583 0 311 672 930 790 570 451 637 498 947 445 657 517 505 492 279 641 521 968 798 981 395 491 1062 500 598 123 1030 650 418 814 364 258 188 898 241 483 939 311 489 287 271 692 579 346
460 379 193 295 730 410 927 58 1026 434 610 1058 525 646 93 610 723 311 0 696 953 787 594 385 776 637 970 584 796 656 645 373 418 521 660 991 822 1005 275 631 1085 381 478 262 1053 531 306 811 291 326 456 922 439 417 962 380 378 356 410 716 474 91
356 474 672 670 453 622 279 663 676 795 971 417 415 1007 733 971 1084 672 696 0 504 1027 317 357 1137 999 322 945 1079 1017 1006 614 779 762 943 642 173 454 601 992 736 476 719 623 454 771 682 1052 449 541 818 573 628 389 314 478 591 419 772 67 485 731
613 930 946 927 292 880 649 921 234 1053 1228 167 870 1264 991 1228 1341 930 953 504 0 1483 460 615 1395 1256 239 1203 1415 1275 1263 1070 1036 1218 1279 200 394 113 1037 1249 294 932 1175 881 162 1227 939 1508 707 798 1075 131 885 647 231 736 849 677 1029 484 742 989
1009 591 643 811 1320 959 1258 754 1616 665 427 1397 737 564 824 651 475 790 787 1027 1483 0 1184 980 563 696 1302 493 467 714 563 479 554 483 331 1582 1153 1433 573 448 1676 593 440 741 1433 493 823 78 886 875 687 1512 988 1012 1294 929 894 905 649 1047 991 822
254 631 587 568 237 520 548 561 532 693 869 565 572 905 631 869 982 570 594 317 460 1184 0 255 1035 897 591 843 1056 916 904 771 677 919 920 498 442 511 678 890 592 633 876 521 560 929 580 1209 347 439 716 429 526 287 583 376 489 317 670 336 383 629
135 572 378 359 391 401 588 352 687 574 750 720 612 786 422 750 863 451 385 357 615 980 255 0 916 778 632 724 937 796 785 566 558 714 801 652 483 666 468 771 747 574 671 402 715 724 371 1004 138 320 597 583 407 78 624 257 280 198 551 377 174 420
856 937 769 871 1171 806 1368 743 1467 512 437 1500 1084 354 813 515 144 637 776 1137 1395 563 1035 916 0 208 1412 375 624 227 353 825 401 663 488 1432 1263 1446 859 458 1527 939 735 588 1495 788 883 587 829 722 534 1363 835 948 1403 776 954 752 496 1157 1044 811
718 824 630 732 1033 668 1230 604 1328 373 377 1361 970 216 675 376 296 498 637 999 1256 696 897 778 208 0 1273 272 563 88 215 764 263 602 427 1294 1124 1307 721 398 1388 826 675 449 1356 727 744 720 690 584 396 1225 697 809 1265 638 815 614 358 1018 905 673
630 749 946 944 469 897 468 938 412 1070 1245 153 689 1281 1008 1245 1358 947 970 322 239 1302 591 632 1412 1273 0 1220 1353 1292 1280 888 1053 1036 1217 377 212 189 876 1266 471 751 993 898 189 1046 956 1326 724 815 1092 308 902 664 50 753 866 694 1046 303 759 1006
664 734 577 679 979 614 1176 551 1275 320 234 1308 881 126 621 323 287 445 584 945 1203 493 843 724 375 272 1220 0 421 290 125 622 209 460 285 1240 1071 1254 667 255 1335 736 532 396 1303 585 691 518 637 530 342 1171 643 756 1212 584 762 560 304 965 852 619
877 642 695 862 1192 827 1310 764 1487 532 289 1448 789 492 834 519 527 657 796 1079 1415 467 1056 937 614 563 1353 421 0 582 491 530 422 368 193 1453 1205 1466 624 310 1547 644 440 608 1485 493 874 492 849 743 555 1384 856 969 1345 797 946 773 517 1099 1042 832
737 843 649 751 1052 687 1248 623 1347 392 395 1380 989 235 693 395 315 517 656 1017 1275 714 916 796 227 88 1292 290 582 0 234 783 282 621 446 1313 1143 1326 740 416 1407 845 693 468 1375 746 763 739 709 603 415 1244 715 828 1284 657 834 633 377 1037 924 691
725 804 637 739 1040 675 1237 612 1336 381 304 1368 950 16 682 384 357 505 645 1006 1263 563 904 785 353 215 1280 125 491 234 0 692 270 530 355 1301 1132 1314 728 325 1395 806 602 457 1363 655 751 588 698 591 403 1232 704 817 1272 645 823 621 365 1026 912 680
641 177 230 397 907 592 845 341 1203 615 490 983 324 693 411 720 728 492 373 614 1070 479 771 566 815 764 888 622 530 783 692 0 599 213 394 1168 740 1020 159 511 1262 179 170 444 1020 223 409 503 472 507 638 1099 620 598 880 561 481 537 592 634 577 409
498 604 410 513 813 448 1010 385 1109 154 235 1141 751 271 455 235 348 279 418 779 1036 554 677 558 401 263 1053 209 422 282 270 599 0 460 286 1074 905 1088 501 256 1168 606 533 230 1137 585 524 579 471 364 176 1005 477 590 1045 418 596 394 138 799 686 453
789 325 378 545 1055 740 993 489 1351 571 328 1131 472 531 559 558 565 641 521 762 1218 483 919 714 653 602 1036 460 368 621 530 213 460 0 232 1316 888 1168 307 349 1410 327 123 592 1168 176 557 508 620 656 593 1247 769 746 1028 709 629 685 555 782 725 557
741 506 559 726 1056 691 1174 627 1351 396 153 1312 652 356 697 383 391 521 660 943 1279 331 920 801 478 427 1217 285 193 446 355 394 286 232 0 1317 1068 1330 488 174 1411 508 304 472 1349 357 738 356 713 607 419 1248 719 832 1209 661 809 637 381 963 906 695
651 1029 984 965 329 918 787 958 179 1091 1266 305 969 1302 1028 1266 1379 968 991 642 200 1582 498 652 1432 1294 377 1240 1453 1313 1301 1168 1074 1316 1317 0 532 251 1075 1287 239 1031 1273 919 300 1326 977 1606 744 836 1113 122 923 684 369 773 886 714 1067 622 780 1026
482 600 797 796 578 748 319 789 566 921 1097 307 540 1133 859 1096 1210 798 822 173 394 1153 442 483 1263 1124 212 1071 1205 1143 1132 740 905 888 1068 532 0 344 727 1118 626 602 845 749 344 897 808 1178 575 667 943 463 753 515 204 604 717 545 897 154 610 857
664 880 997 979 343 931 599 972 285 1104 1279 117 821 1315 1042 1279 1393 981 1005 454 113 1433 511 666 1446 1307 189 1254 1466 1326 1314 1020 1088 1168 1330 251 344 0 1007 1300 345 883 1125 932 112 1178 991 1458 758 850 1126 182 936 698 181 787 900 728 1080 434 793 1040
543 165 132 299 814 494 832 243 1109 518 584 971 311 729 313 693 806 395 275 601 1037 573 678 468 859 721 876 667 624 740 728 159 501 307 488 1075 727 1007 0 605 1169 167 264 346 1007 317 311 597 374 410 540 1006 523 500 868 463 383 440 494 621 479 311
789 836 701 803 1104 739 1301 676 1400 445 336 1432 982 344 746 431 255 570 709 1070 1327 461 968 849 343 476 1344 273 523 494 343 724 334 561 386 1365 1196 1379 792 0 1459 838 634 521 1427 686 815 486 762 655 467 1296 768 881 1336 709 887 685 429 1090 976 744
745 1123 1078 1059 424 1012 881 1053 160 1185 1360 399 1063 1396 1123 1360 1473 1062 1085 736 294 1676 592 747 1527 1388 471 1335 1547 1407 1395 1262 1168 1410 1411 239 626 345 1169 1381 0 1125 1367 1013 394 1420 1071 1700 839 930 1207 216 1017 779 463 868 981 809 1161 717 874 1121
649 40 237 404 770 599 707 348 1065 623 604 846 186 807 418 798 842 500 381 476 932 593 633 574 929 826 751 736 644 845 806 179 606 327 508 1031 602 883 167 625 1125 0 284 451 882 337 416 617 480 515 645 961 628 605 743 568 488 545 599 496 584 416
746 282 335 502 1012 697 950 446 1308 644 400 1088 429 603 516 630 638 598 478 719 1175 440 876 671 726 675 993 532 440 693 602 170 533 123 304 1273 845 1125 264 421 1367 284 0 549 1125 83 514 465 577 613 666 1204 726 703 985 666 586 643 628 739 682 514
343 449 255 357 658 293 854 229 953 246 422 986 595 458 299 422 535 123 262 623 881 741 521 402 588 449 898 396 608 468 457 444 230 592 472 919 749 932 346 443 1013 451 549 0 981 601 369 765 315 209 268 850 321 434 890 262 440 239 222 643 530 297
713 880 1046 1028 392 980 599 1021 334 1153 1328 66 821 1364 1091 1328 1441 1030 1053 454 162 1433 560 715 1495 1356 189 1303 1485 1375 1363 1020 1137 1168 1349 300 344 112 1007 1349 394 882 1125 981 0 1178 1039 1458 807 898 1175 231 985 747 181 836 949 777 1129 434 842 1089
799 335 387 555 1065 749 1002 498 1360 696 453 1141 481 656 568 683 690 650 531 771 1227 493 929 724 778 727 1046 585 493 746 655 223 585 176 357 1326 897 1178 317 474 1420 337 83 601 1178 0 567 517 630 665 719 1257 778 756 1038 719 638 695 680 791 735 566
460 414 221 56 716 517 913 274 1012 541 716 1044 561 752 344 716 829 418 306 682 939 823 580 371 883 744 956 691 874 763 751 409 524 557 738 977 808 991 311 737 1071 416 514 369 1039 567 0 847 277 433 563 908 546 403 948 487 284 463 517 702 381 342
1034 615 668 835 1345 984 1283 779 1641 689 452 1421 762 589 849 676 500 814 811 1052 1508 78 1209 1004 587 720 1326 518 492 739 588 503 579 508 356 1606 1178 1458 597 473 1700 617 465 765 1458 517 847 0 910 900 712 1537 1013 1036 1318 954 919 930 674 1072 1015 847
227 477 284 265 483 463 680 258 779 487 663 812 624 699 328 663 776 364 291 449 707 886 347 138 829 690 724 637 849 709 698 472 471 620 713 744 575 758 374 684 839 480 577 315 807 630 277 910 0 379 510 675 492 170 716 349 194 290 464 469 265 326
260 513 319 421 575 343 772 293 871 381 556 903 659 592 363 556 669 258 326 541 798 875 439 320 722 584 815 530 743 603 591 507 364 656 607 836 667 850 410 577 930 515 613 209 898 665 433 900 379 0 403 767 371 352 807 180 504 156 357 561 447 361
537 643 449 551 852 358 1049 424 1147 61 368 1180 789 404 494 368 481 188 456 818 1075 687 716 597 534 396 1092 342 555 415 403 638 176 593 419 1113 943 1126 540 389 1207 645 666 268 1175 719 563 712 510 403 0 1044 387 629 1084 457 635 433 178 838 724 492
582 959 915 896 260 848 718 889 156 1021 1197 236 900 1233 959 1197 1310 898 922 573 131 1512 429 583 1363 1225 308 1171 1384 1244 1232 1099 1005 1247 1248 122 463 182 1006 1218 216 961 1204 850 231 1257 908 1537 675 767 1044 0 854 615 300 704 817 645 998 553 711 957
347 626 432 534 662 84 859 406 957 364 669 990 772 705 476 669 782 241 439 628 885 988 526 407 835 697 902 643 856 715 704 620 477 768 719 923 753 936 522 690 1017 628 725 321 985 778 546 1013 492 239 387 854 0 439 894 286 617 245 470 647 534 474
167 603 410 391 423 433 620 384 719 606 782 752 644 818 454 782 895 483 417 389 647 1012 287 78 948 809 664 756 969 828 817 598 590 746 832 684 515 698 500 803 779 605 703 434 747 756 403 1036 170 352 629 615 439 0 655 289 312 230 583 409 205 452
622 741 938 936 461 889 459 929 404 1062 1237 145 681 1273 1000 1237 1350 939 962 314 231 1294 583 624 1403 1265 50 1212 1345 1284 1272 880 1045 1028 1209 369 204 181 868 1258 463 743 985 890 181 1038 948 1318 716 807 1084 300 894 655 0 744 857 686 1038 295 751 998
197 566 373 475 512 396 709 347 808 434 610 841 713 646 417 610 723 311 380 478 736 929 376 257 776 638 753 584 797 657 645 561 418 709 661 773 604 787 463 631 868 568 666 262 836 719 487 954 349 180 457 704 413 289 744 0 491 93 411 498 385 415
369 486 292 273 625 588 822 345 921 612 788 954 632 824 415 788 901 489 378 591 849 894 489 280 954 815 866 762 946 834 823 481 596 629 809 886 717 900 383 809 981 488 586 440 949 638 284 919 194 504 635 817 617 312 857 491 0 432 589 611 289 413
138 543 349 451 453 349 650 323 749 411 586 782 674 622 393 586 699 287 356 419 677 905 317 198 752 614 694 560 773 633 621 537 394 685 637 714 545 728 440 607 809 545 643 239 777 695 463 930 290 156 433 645 355 230 686 93 432 0 387 439 326 391
491 597 403 505 806 441 1003 378 1101 156 330 1134 743 366 448 330 443 271 410 772 1029 649 670 551 496 358 1046 304 517 377 365 592 138 555 381 1067 897 1080 494 351 1161 599 628 222 1129 680 517 674 464 357 178 998 470 583 1038 411 589 387 0 792 678 446
376 494 691 690 473 642 259 683 657 815 991 398 434 1027 753 991 1104 692 716 67 484 1047 336 377 1157 1018 303 965 1099 1037 1026 634 799 782 963 622 154 434 621 1012 717 496 739 643 434 791 702 1072 469 561 838 553 647 409 295 498 611 439 792 0 504 751
262 582 388 369 519 529 716 442 814 702 877 847 729 913 512 877 990 579 474 485 742 991 383 174 1044 905 759 852 1042 924 912 577 686 725 906 780 610 793 479 898 874 584 682 530 842 735 381 1015 265 447 724 711 534 205 751 385 289 326 678 504 0 510
495 414 228 330 765 445 962 93 1061 469 645 1094 560 681 39 645 758 346 91 731 989 822 629 420 811 673 1006 619 832 691 680 409 453 557 695 1026 857 1040 311 666 1121 416 514 297 1089 566 342 847 326 361 492 957 474 452 998 415 413 391 446 751 510 0
EOF
