NAME : tsp_problem
TYPE : TSP
DIMENSION : 50
EDGE_WEIGHT_TYPE : EXPLICIT
EDGE_WEIGHT_FORMAT : FULL_MATRIX
EDGE_WEIGHT_SECTION
0 417 1251 654 211 718 468 702 435 529 671 1222 779 605 1065 663 593 1370 776 401 1235 586 656 917 347 500 788 604 248 744 748 632 356 417 453 680 477 696 883 306 577 1247 854 1353 1429 1309 442 453 1331 979
417 0 1168 682 246 1051 175 730 96 331 629 1245 565 633 884 621 378 1201 562 61 1222 293 684 731 175 286 712 632 581 771 534 661 134 78 159 617 638 724 669 549 363 1179 640 1184 1254 1095 603 614 1117 1058
1251 1168 0 979 1211 685 1159 737 1214 1235 1042 115 1013 875 380 1034 863 157 642 1180 92 1276 981 539 1079 1019 650 836 1051 761 907 957 1158 1196 1143 735 1051 744 775 1472 972 49 924 140 310 151 1017 1027 408 298
654 682 979 0 725 728 673 279 729 750 377 1056 563 127 647 369 377 1013 490 694 1034 791 34 494 594 534 365 181 454 320 463 34 673 711 658 257 386 273 597 875 487 991 639 996 1066 906 352 362 928 820
211 246 1211 725 0 845 297 773 264 357 672 1288 607 676 927 664 421 1244 605 230 1265 415 727 774 176 329 755 675 375 814 577 704 185 246 281 660 604 767 712 409 406 1222 683 1227 1297 1138 569 579 1160 1101
718 1051 685 728 845 0 1043 572 1068 1120 745 656 898 679 499 737 747 804 526 1034 669 1161 730 375 964 904 486 672 518 597 791 706 989 1050 1028 571 551 579 660 939 856 681 809 787 777 758 516 527 780 413
468 175 1159 673 297 1043 0 721 151 322 619 1235 555 624 875 612 369 1192 553 187 1213 141 675 722 166 277 703 623 632 762 525 651 245 169 71 608 629 715 660 660 354 1170 631 1175 1245 1086 594 604 1108 1049
702 730 737 279 773 572 721 0 777 798 426 814 611 175 404 418 425 770 272 742 791 839 281 251 642 582 121 136 502 77 510 257 721 759 705 126 435 60 406 924 534 748 555 753 823 664 400 410 686 578
435 96 1214 729 264 1068 151 777 0 378 675 1291 611 680 931 668 425 1248 609 74 1269 269 731 778 203 332 758 679 599 818 581 707 152 69 174 664 685 771 715 567 410 1226 687 1231 1301 1141 650 660 1163 1104
280 252 1217 731 109 913 303 779 270 0 678 1294 614 682 933 670 427 1250 611 236 1271 421 733 780 182 335 761 681 444 820 583 710 191 252 288 666 673 773 718 478 412 1228 689 1233 1303 1144 638 648 1166 1107
671 629 1042 377 672 745 619 426 675 696 0 1119 510 328 714 55 323 1076 436 641 1096 737 379 561 540 480 451 327 471 467 409 355 619 657 604 350 302 419 543 892 433 1054 585 1059 1128 969 268 278 991 887
1222 1245 115 1056 1288 656 1235 814 1291 1312 1119 0 1090 952 457 1111 939 234 719 1257 46 1353 1058 616 1156 1096 727 913 1021 838 984 1034 1235 1273 1220 812 1055 821 852 1443 1049 111 1001 217 387 228 1020 1031 485 268
779 565 1013 563 607 898 555 611 611 632 510 1090 0 514 730 502 218 1047 440 577 1068 673 565 577 476 311 557 513 665 652 174 542 555 593 540 498 519 605 309 970 240 1025 123 1030 1100 940 484 494 962 903
605 633 875 127 676 679 624 175 680 701 328 952 514 0 543 320 328 909 411 645 930 742 129 390 545 485 261 77 405 216 414 105 624 662 609 153 337 169 544 826 437 887 590 892 961 802 303 313 824 716
1065 884 380 647 927 499 875 404 931 952 714 457 730 543 0 706 579 414 358 896 435 993 649 207 796 736 318 504 865 429 623 625 875 913 860 403 723 411 492 1286 688 392 641 397 467 308 689 699 329 504
663 621 1034 369 664 737 612 418 668 689 55 1111 502 320 706 0 316 1068 429 633 1089 730 371 553 533 473 444 319 463 459 401 348 612 649 596 342 295 412 536 885 425 1046 578 1051 1121 962 260 270 983 880
593 378 863 377 421 747 369 425 425 446 323 939 218 328 579 316 0 896 257 390 917 487 379 426 290 213 407 327 479 466 187 355 369 407 354 312 333 419 322 784 141 874 293 879 949 790 298 308 811 753
1370 1201 157 1013 1244 804 1192 770 1248 1269 1076 234 1047 909 414 1068 896 0 675 1213 212 1310 1015 572 1113 1053 684 870 1170 795 940 991 1192 1230 1177 769 1085 777 809 1592 1006 169 958 58 344 185 1051 1061 442 417
776 562 642 490 605 526 553 272 609 630 436 719 443 411 358 429 257 675 0 574 696 671 492 205 474 414 186 371 592 296 328 468 553 590 537 270 446 279 246 968 366 653 395 658 728 569 411 421 591 532
401 61 1180 694 230 1034 187 742 74 343 641 1257 577 645 896 633 390 1213 574 0 1234 305 696 743 169 298 724 644 565 783 546 673 117 56 171 629 650 736 681 532 375 1191 652 1196 1266 1107 615 626 1129 1070
1235 1222 92 1034 1265 669 1213 791 1269 1290 1096 46 1068 930 435 1089 917 212 696 1234 0 1331 1035 593 1134 1074 705 890 1035 815 961 1012 1213 1250 1197 789 1068 798 830 1456 1026 89 979 195 365 206 1033 1044 462 281
586 293 1276 791 415 1161 141 839 269 440 737 1353 673 742 993 730 487 1310 671 305 1331 0 793 840 284 394 820 741 750 880 643 769 363 287 189 726 747 833 777 778 472 1288 749 1293 1363 1204 712 722 1225 1166
656 684 981 34 727 730 675 281 731 752 379 1058 565 129 649 371 379 1015 492 696 1035 793 0 496 596 536 366 182 455 322 464 35 675 712 659 259 388 275 599 877 488 992 641 997 1067 908 353 364 930 822
917 731 539 494 774 375 722 251 778 799 561 616 577 390 207 553 426 572 205 743 593 840 496 0 643 583 165 351 716 276 470 472 722 760 707 250 570 258 339 1137 536 550 488 555 625 466 536 546 488 380
347 175 1079 594 176 964 166 642 203 226 540 1156 476 545 796 533 290 1113 474 169 1134 284 596 643 0 197 624 544 511 683 446 572 124 185 150 529 550 636 580 539 275 1091 552 1096 1166 1007 515 525 1028 969
500 286 1019 534 329 904 277 582 332 353 480 1096 311 485 736 473 213 1053 414 298 1074 394 536 583 197 0 563 484 636 623 281 512 276 314 261 469 490 576 415 692 107 1031 387 1036 1106 947 455 465 968 909
788 712 650 365 755 486 703 121 758 779 451 727 557 261 318 444 407 684 186 724 705 820 366 165 624 563 0 222 588 146 451 343 702 740 687 140 461 128 319 1009 516 662 468 667 737 577 426 436 599 491
604 632 836 181 675 672 623 136 679 700 327 913 513 77 504 319 327 870 371 644 890 741 182 351 544 484 222 0 404 177 412 159 623 661 607 114 336 130 505 825 436 847 589 852 922 763 302 312 785 677
248 581 1051 454 375 518 632 502 599 692 471 1021 665 405 865 463 479 1170 592 565 1035 750 455 716 511 636 588 404 0 543 564 432 520 581 616 480 277 496 699 470 588 1047 741 1153 1229 1124 242 252 1146 779
744 771 761 320 814 597 762 77 818 839 467 838 652 216 429 459 466 795 296 783 815 880 322 276 683 623 146 177 543 0 552 299 762 800 747 167 476 84 430 965 576 772 579 777 847 688 441 452 710 602
748 534 907 463 577 791 525 510 581 602 409 984 174 414 623 401 187 940 303 546 961 643 464 470 446 281 451 412 564 552 0 441 525 562 509 397 418 504 171 940 209 918 250 923 993 834 383 394 856 797
632 661 957 34 704 706 651 257 707 728 355 1034 542 105 625 348 355 991 468 673 1012 769 35 472 572 512 343 159 432 299 441 0 651 689 636 235 365 251 575 854 465 969 617 974 1044 885 330 340 906 799
356 134 1158 673 185 989 245 721 152 305 619 1235 555 624 875 612 369 1192 553 117 1213 363 675 722 124 276 702 623 520 762 525 651 0 133 229 608 629 715 659 472 354 1170 631 1175 1245 1086 594 604 1107 1048
417 78 1196 711 246 1050 169 759 69 359 657 1273 593 662 913 649 407 1230 590 56 1250 287 712 760 185 314 740 661 581 800 562 689 133 0 188 645 666 752 697 549 391 1208 669 1213 1282 1123 632 642 1145 1086
453 159 1143 658 281 1028 71 705 174 306 604 1220 540 609 860 596 354 1177 537 171 1197 189 659 707 150 261 687 607 616 747 509 636 229 188 0 592 613 699 644 644 338 1154 615 1159 1229 1070 579 589 1092 1033
680 617 735 257 660 571 608 126 664 685 350 812 498 153 403 342 312 769 270 629 789 726 259 250 529 469 140 114 480 167 397 235 608 645 592 0 359 120 404 902 421 746 553 751 821 662 324 335 684 576
477 638 1051 386 604 551 629 435 685 706 302 1055 519 337 723 295 333 1085 446 650 1068 747 388 570 550 490 461 336 277 476 418 365 629 666 613 359 0 429 553 698 442 1063 595 1068 1138 979 43 47 1000 813
696 724 744 273 767 579 715 60 771 792 419 821 605 169 411 412 419 777 279 736 798 833 275 258 636 576 128 130 496 84 504 251 715 752 699 120 429 0 413 918 528 755 562 760 830 671 394 404 693 585
882 667 775 596 710 660 658 406 714 735 542 852 309 544 492 534 322 809 194 679 830 776 597 339 579 415 319 505 697 430 171 574 658 696 643 404 551 413 0 1073 344 787 288 792 862 702 516 527 724 665
306 549 1472 875 409 939 660 924 567 720 892 1443 970 826 1286 885 784 1592 968 532 1456 778 877 1137 539 692 1009 825 470 965 940 854 472 549 644 902 698 918 1074 0 769 1469 1046 1575 1651 1501 664 674 1522 1201
577 363 972 487 406 856 354 534 410 431 433 1049 240 437 688 425 141 1006 366 375 1026 472 488 536 275 107 516 436 588 576 209 465 354 391 338 421 442 528 344 769 0 983 315 988 1058 899 407 418 921 862
1247 1179 49 991 1222 681 1170 748 1226 1247 1054 111 1025 887 392 1046 874 169 653 1191 89 1288 992 550 1091 1031 662 847 1047 772 918 969 1170 1208 1154 746 1063 755 787 1469 983 0 936 152 322 163 1028 1038 419 294
854 640 924 639 683 809 631 555 687 708 585 1001 123 590 641 578 293 958 395 652 979 749 641 488 552 387 468 589 741 579 250 617 631 669 615 553 595 562 288 1046 315 936 0 941 1010 851 560 570 873 814
1353 1184 140 996 1227 787 1175 753 1231 1252 1059 217 1030 892 397 1051 879 58 658 1196 195 1293 997 555 1096 1036 667 852 1153 777 923 974 1175 1213 1159 751 1068 760 792 1575 988 152 941 0 327 168 1033 1044 424 400
1835 1659 716 1471 1702 1183 1650 1228 1706 1727 1534 793 1505 1367 872 1526 1354 749 1133 1671 770 1768 1472 1030 1571 1511 1142 1327 1635 1252 1398 1449 1650 1688 1634 1226 1543 1235 1267 2057 1463 727 1416 732 0 643 1508 1519 900 975
1309 1095 151 906 1138 758 1086 664 1141 1163 969 228 940 802 308 962 790 185 569 1107 206 1204 908 466 1007 947 577 763 1124 688 834 885 1086 1123 1070 662 979 671 702 1501 899 163 851 168 238 0 944 954 308 411
442 603 1017 352 569 516 594 400 650 671 268 1020 484 303 689 260 298 1051 411 615 1033 712 353 536 515 455 426 302 242 441 383 330 594 632 579 324 43 394 518 664 407 1028 560 1033 1103 944 0 25 966 778
453 614 1027 362 579 527 604 410 660 681 278 1031 494 313 699 270 308 1061 421 626 1044 722 364 546 525 465 436 312 252 452 394 340 604 642 589 335 47 404 528 674 418 1038 570 1044 1113 954 25 0 976 788
1331 1117 408 928 1160 780 1108 686 1163 1184 991 485 962 824 329 983 811 442 591 1129 462 1225 930 488 1028 968 599 785 1146 710 856 906 1107 1145 1092 684 1000 693 724 1522 921 419 873 424 494 308 966 976 0 668
979 1058 298 820 1101 413 1049 578 1104 1125 887 268 903 716 504 880 753 417 532 1070 281 1166 822 380 969 909 491 677 779 602 797 799 1048 1086 1033 576 813 585 665 1201 862 294 814 400 570 411 778 788 668 0
EOF