NAME : tsp_problem
TYPE : TSP
DIMENSION : 76
EDGE_WEIGHT_TYPE : EXPLICIT
EDGE_WEIGHT_FORMAT : FULL_MATRIX
EDGE_WEIGHT_SECTION
0 961 749 452 874 691 443 189 402 685 725 501 568 894 903 384 889 340 812 894 883 578 967 562 310 582 802 336 612 866 695 930 612 780 352 778 690 897 748 900 614 584 491 389 641 1105 583 572 735 1006 929 643 700 581 693 996 816 709 713 783 842 743 425 862 543 929 590 547 353 536 609 490 795 511 1015 750
961 0 415 547 1242 1269 562 991 632 902 611 646 711 102 471 651 113 667 1180 501 1251 425 80 1238 986 727 1170 867 499 434 839 325 756 428 838 344 835 203 765 494 757 782 500 644 404 328 728 646 691 402 1297 788 898 725 1314 1364 732 1288 1291 801 343 629 703 1230 688 1297 788 621 680 610 1285 528 812 710 224 566
749 415 0 658 994 1021 652 779 384 654 234 398 463 367 189 593 366 549 932 211 1004 537 385 990 738 479 922 619 251 152 592 348 508 539 590 101 587 374 388 213 420 535 611 396 209 536 480 398 314 424 1049 540 650 478 1066 1116 355 1040 1043 424 454 252 455 982 440 1049 541 373 433 362 1037 639 435 462 433 189
452 547 658 0 1267 1084 53 482 314 670 637 413 736 481 714 143 475 158 1205 744 1276 165 589 955 703 494 1195 728 524 677 606 552 524 367 745 588 601 483 790 738 783 808 78 301 553 691 495 484 716 629 1322 555 924 492 1086 1389 828 1102 1106 826 428 654 337 1255 455 1321 814 459 265 447 1002 151 837 735 654 662
874 1242 994 1267 0 400 1258 845 991 826 903 895 660 1194 919 1199 1193 1155 89 931 176 1364 1212 496 710 969 256 591 780 963 877 1175 785 1366 562 1023 914 1202 839 925 706 504 1306 1003 886 1363 814 1005 827 1251 192 816 389 967 445 260 908 419 422 875 1281 884 1061 67 844 192 498 980 1039 968 528 1305 886 577 1260 991
691 1269 1021 1084 400 0 1074 661 1018 853 930 922 687 1221 946 1016 1220 971 443 958 280 1210 1239 143 424 996 198 552 806 990 904 1202 812 1393 568 1050 941 1228 866 952 733 531 1123 1021 913 1390 841 1031 854 1278 325 843 416 994 79 393 934 51 55 902 1308 911 1057 408 871 325 525 1007 985 995 175 1121 913 604 1287 1018
443 562 652 53 1258 1074 0 473 305 660 627 404 727 495 728 133 489 149 1196 758 1267 179 603 945 693 485 1185 719 515 692 597 566 514 381 735 602 592 498 781 752 773 798 92 292 544 705 485 475 707 643 1312 546 914 483 1077 1380 818 1093 1096 817 443 645 328 1246 446 1312 804 450 256 438 993 142 828 725 668 652
189 991 779 482 845 661 473 0 432 656 755 531 539 924 933 414 919 370 783 924 854 608 997 532 280 612 772 306 642 896 707 960 615 810 322 808 720 927 718 930 585 554 521 419 671 1135 613 602 706 1036 899 646 670 610 664 967 786 680 684 754 872 763 455 833 573 899 560 577 383 566 580 520 765 482 1045 780
402 632 384 314 991 1018 305 432 0 393 360 136 460 584 538 246 583 202 929 529 1000 440 602 905 653 217 918 571 248 501 330 565 247 642 542 413 325 592 514 536 506 531 353 62 276 753 218 215 440 641 1045 278 647 216 1036 1113 551 1036 1040 550 671 378 202 979 179 1045 537 190 85 179 952 351 561 458 650 385
685 902 654 670 826 853 660 656 393 0 603 293 360 854 808 602 853 557 764 799 835 795 872 772 520 366 753 402 480 771 273 835 181 998 373 683 311 861 539 805 406 376 709 405 546 1023 212 485 527 911 880 213 492 365 897 948 607 871 875 575 941 584 542 814 242 880 382 461 441 449 820 707 586 303 920 655
725 611 234 637 903 930 627 755 360 603 0 374 274 563 296 569 562 524 841 271 913 733 581 899 647 455 831 528 213 340 567 544 484 735 500 300 562 570 190 277 222 444 676 372 255 732 456 374 116 620 958 515 560 453 975 1025 289 949 952 225 650 99 430 891 416 958 450 349 408 337 946 674 237 371 629 123
501 646 398 413 895 922 404 531 136 293 374 0 429 598 552 345 597 301 833 543 904 539 616 842 590 133 823 471 261 515 229 579 147 741 442 427 225 606 528 549 475 445 452 148 290 767 118 229 454 655 950 178 561 131 966 1017 565 941 944 563 685 391 285 883 78 950 451 204 184 193 889 451 575 372 664 399
568 711 463 736 660 687 727 539 460 360 274 429 0 663 534 668 662 624 598 509 669 833 681 655 403 503 587 285 248 578 411 644 319 835 256 492 448 670 210 515 120 200 775 471 355 832 348 473 198 720 714 350 316 501 731 782 278 705 709 246 750 254 530 648 378 714 206 449 508 437 703 774 257 127 729 361
894 102 367 481 1194 1221 495 924 584 854 563 598 663 0 423 585 65 601 1132 452 1203 359 144 1189 937 679 1121 819 451 386 791 266 708 361 790 296 786 137 717 446 709 734 433 596 355 354 680 598 642 342 1249 739 850 677 1265 1316 684 1240 1243 752 276 580 654 1182 640 1248 740 573 632 561 1237 462 764 661 283 518
903 471 189 714 919 946 728 933 538 808 296 552 534 423 0 747 422 703 857 58 928 592 441 1041 891 633 846 773 405 72 745 403 662 595 744 157 740 430 450 51 482 688 667 550 311 592 634 552 375 480 973 693 636 631 990 1041 293 964 968 485 509 313 608 907 594 973 694 527 586 515 1073 695 497 615 488 206
384 651 593 143 1199 1016 133 414 246 602 569 345 668 585 747 0 579 90 1137 738 1208 269 693 887 635 426 1127 660 456 710 538 656 456 471 677 622 534 588 723 744 715 740 182 233 485 795 427 416 648 733 1254 487 856 424 1018 1321 760 1034 1038 758 532 586 269 1187 387 1254 746 391 197 379 934 180 770 667 758 594
889 113 366 475 1193 1220 489 919 583 853 562 597 662 65 422 579 0 595 1131 452 1203 353 155 1189 937 678 1121 818 450 385 791 260 707 356 789 296 786 131 716 446 708 734 427 595 355 349 679 597 642 336 1248 739 849 677 1265 1315 683 1239 1242 752 270 580 654 1181 639 1248 740 572 632 561 1236 456 763 661 294 517
340 667 549 158 1155 971 149 370 202 557 524 301 624 601 703 90 595 0 1093 694 1164 284 709 842 590 382 1082 616 412 666 494 672 411 487 632 578 489 603 678 700 670 695 197 189 441 811 383 372 604 748 1209 443 811 380 974 1277 715 990 994 714 548 542 225 1143 343 1209 701 347 153 335 890 196 725 623 774 550
812 1180 932 1205 89 443 1196 783 929 764 841 833 598 1132 857 1137 1131 1093 0 869 219 1302 1150 539 648 907 299 529 718 901 815 1113 723 1304 500 961 852 1140 777 863 644 442 1244 941 824 1301 752 943 765 1189 236 754 327 905 488 303 845 462 466 813 1219 822 999 77 782 235 436 918 977 906 571 1243 824 515 1198 929
894 501 211 744 931 958 758 924 529 799 271 543 509 452 58 738 452 694 869 0 940 622 471 1054 882 624 859 763 396 102 737 433 653 625 734 187 732 460 425 64 457 679 696 541 341 622 625 543 350 509 986 685 648 623 1002 1053 268 977 980 460 539 288 600 919 585 986 685 518 577 507 1085 725 472 606 518 181
883 1251 1004 1276 176 280 1267 854 1000 835 913 904 669 1203 928 1208 1203 1164 219 940 0 1373 1221 375 656 978 135 600 789 972 886 1184 794 1375 571 1032 924 1211 849 934 715 513 1315 1012 895 1372 824 1014 836 1260 101 825 398 976 324 168 917 298 302 884 1290 893 1070 184 853 100 507 989 1048 977 407 1314 896 586 1269 1000
578 425 537 165 1364 1210 179 608 440 795 733 539 833 359 592 269 353 284 1302 622 1373 0 467 1081 829 620 1291 854 620 555 732 430 650 245 871 466 727 362 886 616 879 904 117 427 525 569 621 610 812 507 1418 681 1020 618 1212 1486 853 1228 1232 922 306 750 463 1352 581 1418 910 585 391 573 1128 277 933 831 532 687
967 80 385 589 1212 1239 603 997 602 872 581 616 681 144 441 693 155 709 1150 471 1221 467 0 1208 956 697 1140 837 469 404 809 295 726 470 808 314 805 245 735 464 727 752 542 614 374 287 698 616 661 372 1267 758 868 695 1284 1334 702 1258 1261 771 384 599 673 1200 658 1267 758 591 650 580 1255 570 782 680 184 536
562 1238 990 955 496 143 945 532 905 772 899 842 655 1189 1041 887 1189 842 539 1054 375 1081 1208 0 295 916 294 423 775 1085 823 1170 731 1283 439 1018 861 1197 835 1047 701 626 994 892 882 1359 761 955 823 1246 421 763 511 914 145 488 903 162 165 871 1276 879 928 504 791 421 621 931 856 919 61 992 882 598 1255 986
310 986 738 703 710 424 693 280 653 520 647 590 403 937 891 635 937 590 648 882 656 829 956 295 0 664 575 171 523 855 571 918 479 1031 187 766 609 945 583 888 449 419 742 640 630 1107 509 703 571 994 702 511 535 662 426 769 651 443 446 619 1024 627 676 697 539 702 425 679 604 667 342 740 630 346 1003 734
582 727 479 494 969 996 485 612 217 366 455 133 503 679 633 426 678 382 907 624 978 620 697 916 664 0 896 545 342 596 303 660 220 822 516 508 298 687 609 630 549 519 533 229 371 848 192 310 534 736 1024 252 635 44 1040 1091 646 1015 1018 644 766 472 366 957 152 1023 525 285 265 273 963 532 656 446 745 480
802 1170 922 1195 256 198 1185 772 918 753 831 823 587 1121 846 1127 1121 1082 299 859 135 1291 1140 294 575 896 0 518 707 890 804 1102 712 1294 490 950 842 1129 767 852 633 431 1234 930 814 1291 742 932 755 1178 180 744 316 895 242 248 835 217 220 803 1208 811 989 263 772 180 426 907 966 896 325 1232 814 504 1187 918
336 867 619 728 591 552 719 306 571 402 528 471 285 819 773 660 818 616 529 763 600 854 837 423 171 545 518 0 405 736 453 800 361 991 138 648 490 827 464 769 331 301 767 583 511 988 390 585 452 876 646 392 416 543 554 713 532 570 574 500 906 509 641 579 420 645 307 560 619 548 470 766 511 228 885 616
612 499 251 524 780 806 515 642 248 480 213 261 248 451 405 456 450 412 718 396 789 620 469 775 523 342 707 405 0 368 455 431 371 623 376 280 450 458 366 402 295 320 563 259 143 620 343 261 292 508 834 403 436 341 851 902 418 825 829 402 538 230 318 767 303 834 326 236 296 225 822 562 413 247 516 252
866 434 152 677 963 990 692 896 501 771 340 515 578 386 72 710 385 666 901 102 972 555 404 1085 855 596 890 736 368 0 708 367 625 558 707 120 704 393 494 96 526 651 630 513 274 555 597 515 420 443 1018 657 680 594 1034 1085 337 1009 1012 530 473 358 572 951 557 1017 657 490 549 479 1117 658 541 578 452 251
695 839 592 606 877 904 597 707 330 273 567 229 411 791 745 538 791 494 815 737 886 732 809 823 571 303 804 453 455 708 0 772 108 935 424 620 93 799 590 743 457 427 645 341 483 961 150 422 578 848 931 83 543 301 948 999 659 922 926 626 878 585 479 865 178 931 433 397 378 386 871 644 637 354 857 592
856 356 467 442 1294 1321 456 885 685 954 663 698 763 290 523 546 284 562 1232 553 1304 320 398 1290 1038 779 1222 919 551 486 892 0 808 323 891 397 887 292 817 547 809 835 394 696 456 500 780 698 743 112 1349 840 951 778 1366 1416 784 1340 1343 853 237 681 740 1282 741 1349 841 674 668 662 1337 423 864 762 463 618
612 756 508 524 785 812 514 615 247 181 484 147 319 708 662 456 707 411 723 653 794 650 726 731 479 220 712 361 371 625 108 689 0 852 332 537 146 716 498 659 365 335 563 259 400 877 66 339 486 765 839 67 450 219 856 907 566 830 834 534 795 501 396 773 96 839 341 315 295 303 779 561 545 262 774 509
780 428 539 367 1366 1393 381 810 642 998 735 741 835 361 595 471 356 487 1304 625 1375 245 470 1283 1031 822 1294 991 623 558 935 433 852 0 962 468 930 364 889 618 881 906 319 629 527 572 823 770 815 509 1421 883 1022 821 1414 1488 856 1412 1415 925 309 753 665 1354 783 1421 912 745 593 734 1330 348 936 833 534 690
352 838 590 745 562 568 735 322 542 373 500 442 256 790 744 677 789 632 500 734 571 871 808 439 187 516 490 138 376 707 424 771 332 962 0 619 462 798 435 741 302 272 784 554 482 959 361 556 423 847 617 363 388 514 570 684 504 587 590 471 877 480 612 550 391 617 278 531 590 519 486 782 482 199 856 587
778 344 101 588 1023 1050 602 808 413 683 300 427 492 296 157 622 296 578 961 187 1032 466 314 1018 766 508 950 648 280 120 620 277 537 468 619 0 615 304 454 181 486 563 540 425 184 465 509 427 379 353 1078 568 679 506 1094 1145 420 1069 1072 489 383 317 483 1011 469 1077 569 402 461 390 1066 569 501 490 362 255
690 835 587 601 914 941 592 720 325 311 562 225 448 786 740 534 786 489 852 732 924 727 805 861 609 298 842 490 450 704 93 767 146 930 462 615 0 794 628 738 495 464 640 337 479 956 145 417 616 843 969 121 580 297 986 1036 696 960 963 664 873 580 474 902 174 969 470 393 373 381 908 639 675 391 852 588
897 203 374 483 1202 1228 498 927 592 861 570 606 670 137 430 588 131 603 1140 460 1211 362 245 1197 945 687 1129 827 458 393 799 268 716 364 798 304 794 0 724 454 717 742 436 603 363 342 687 605 650 344 1256 747 858 685 1273 1324 691 1247 1251 760 279 588 662 1189 648 1256 748 581 640 569 1244 464 771 669 370 525
661 675 427 700 752 779 691 631 423 452 388 437 221 626 580 632 626 588 690 572 762 796 645 748 496 518 680 377 212 544 503 607 411 799 349 455 541 634 0 578 267 293 739 435 319 796 441 437 389 683 807 443 409 516 824 874 469 798 801 437 713 406 494 740 471 807 299 412 471 401 795 737 448 220 692 428
900 494 213 738 925 952 752 930 536 805 277 549 515 446 51 744 446 700 863 64 934 616 464 1047 888 630 852 769 402 96 743 427 659 618 741 181 738 454 431 0 463 685 690 547 334 616 631 549 357 503 979 691 642 629 996 1047 274 970 974 467 533 294 606 913 592 979 691 525 584 513 1079 719 478 612 512 187
614 757 420 783 706 733 773 585 506 406 222 475 120 709 482 715 708 670 644 457 715 879 727 701 449 549 633 331 295 526 457 690 365 881 302 486 495 717 158 463 0 246 822 518 401 878 395 520 146 766 761 396 362 548 777 828 226 752 755 194 796 202 576 694 424 760 252 495 554 483 749 820 205 173 775 309
584 782 535 808 504 531 798 554 531 376 444 445 200 734 688 740 734 695 442 679 513 904 752 626 419 519 431 301 320 651 427 715 335 906 272 563 464 742 380 685 246 0 847 543 426 904 364 545 367 791 559 366 188 517 575 626 448 550 553 415 821 424 601 492 394 558 185 520 579 508 658 845 427 117 800 531
491 500 611 78 1306 1123 92 521 353 709 676 452 775 433 667 182 427 197 1244 696 1315 117 542 994 742 533 1234 767 563 630 645 505 563 319 784 540 640 436 830 690 822 847 0 340 592 644 534 523 755 581 1361 594 963 531 1125 1428 867 1141 1145 865 381 693 376 1294 494 1361 853 498 304 486 1041 190 877 774 606 701
389 644 396 301 1003 1021 292 419 62 405 372 148 471 596 550 233 595 189 941 541 1012 427 614 892 640 229 930 583 259 513 341 577 259 629 554 425 337 603 526 547 518 543 340 0 288 765 230 227 451 653 1057 290 659 227 1023 1125 563 1039 1043 561 683 389 189 990 190 1057 549 202 72 190 939 339 573 470 662 397
641 404 209 553 886 913 544 671 276 546 255 290 355 355 311 485 355 441 824 341 895 525 374 882 630 371 814 511 143 274 483 336 400 527 482 184 479 363 409 334 401 426 592 288 0 525 372 290 335 412 941 432 542 369 957 1008 376 932 935 445 442 273 347 874 332 941 432 265 324 254 929 590 456 353 421 210
1115 328 536 701 1363 1390 715 1145 753 1023 732 767 832 354 592 805 349 821 1301 622 1372 579 287 1359 1107 848 1291 988 620 555 961 446 877 582 959 465 956 342 886 616 878 904 653 765 525 0 849 767 812 523 1418 909 1019 847 1435 1485 853 1409 1412 922 496 750 824 1351 809 1418 909 742 801 731 1406 682 933 831 159 687
583 728 480 495 814 841 485 613 218 212 456 118 348 680 634 427 679 383 752 625 824 621 698 761 509 192 742 390 343 597 150 660 66 823 361 509 145 687 528 631 395 364 534 230 372 849 0 311 516 737 869 97 480 190 886 936 596 860 863 564 767 473 367 802 67 869 370 286 266 274 808 532 575 291 745 481
572 646 398 484 1005 1031 475 602 215 485 374 229 473 598 552 416 597 372 943 543 1014 610 616 955 703 310 932 585 261 515 422 579 339 770 556 427 417 605 528 549 520 545 523 227 290 767 311 0 453 655 1059 371 661 308 1076 1127 565 1050 1054 563 685 391 255 992 271 1059 551 124 263 66 1003 521 575 472 664 399
735 691 314 716 827 854 707 706 440 527 116 453 198 642 375 648 642 604 765 350 836 812 661 823 571 534 755 452 228 420 578 623 486 815 423 379 616 650 113 357 146 367 755 451 335 812 516 453 0 699 882 518 483 533 899 949 303 873 876 149 729 96 510 815 496 882 373 429 488 417 870 754 161 295 708 203
782 283 394 369 1221 1248 383 812 611 881 590 625 690 216 450 473 211 488 1159 480 1230 247 325 1217 965 706 1149 846 478 413 818 288 735 249 817 323 814 219 744 473 736 761 321 623 382 427 707 625 670 0 1276 767 877 704 1292 1343 711 1267 1270 780 164 608 667 1209 667 1275 767 600 595 589 1264 349 791 688 389 545
929 1297 1049 1322 192 325 1312 899 1045 880 958 950 714 1249 973 1254 1248 1209 236 986 101 1418 1267 421 702 1024 180 646 834 1018 931 1229 839 1421 617 1078 969 1256 894 979 761 559 1361 1057 941 1418 869 1059 882 1306 0 871 444 1022 370 110 962 344 347 930 1335 938 1116 200 899 43 553 1034 1093 1023 452 1359 941 632 1314 1045
643 788 540 555 816 843 546 646 278 213 515 178 350 739 693 487 739 443 754 685 825 681 758 763 511 252 744 392 403 657 83 720 67 883 363 568 121 747 530 691 396 366 594 290 432 909 97 371 518 796 871 0 482 250 888 938 598 862 865 566 826 533 428 804 127 871 372 346 326 335 810 593 577 293 805 541
700 898 650 924 389 416 914 670 647 492 560 561 316 850 636 856 849 811 327 648 398 1020 868 511 535 635 316 416 436 680 543 831 450 1022 388 679 580 858 495 642 362 188 963 659 542 1019 480 661 483 907 444 482 0 633 460 511 564 435 438 531 937 540 717 377 510 443 182 636 695 624 543 961 542 233 916 647
581 725 478 492 967 994 483 610 216 365 453 131 501 677 631 424 677 380 905 623 976 618 695 914 662 44 895 543 341 594 301 658 219 821 514 506 297 685 607 629 548 517 531 227 369 847 190 308 533 734 1022 250 633 0 1039 1089 644 1013 1016 643 764 471 365 955 150 1022 523 283 264 272 961 530 654 444 743 478
693 1314 1066 1086 445 79 1077 664 1036 897 975 966 731 1265 990 1018 1265 974 488 1002 324 1212 1284 145 426 1040 242 554 851 1034 948 1246 856 1414 570 1094 986 1273 911 996 777 575 1125 1023 957 1435 886 1076 899 1322 370 888 460 1039 0 437 979 62 65 946 1352 955 1059 453 916 369 570 1051 987 1040 177 1123 958 648 1331 1062
996 1364 1116 1389 260 393 1380 967 1113 948 1025 1017 782 1316 1041 1321 1315 1277 303 1053 168 1486 1334 488 769 1091 248 713 902 1085 999 1297 907 1488 684 1145 1036 1324 961 1047 828 626 1428 1125 1008 1485 936 1127 949 1373 110 938 511 1089 437 0 1030 411 415 997 1403 1006 1183 268 966 99 620 1102 1161 1090 520 1427 1008 699 1382 1113
816 732 355 828 908 934 818 786 551 607 289 565 278 684 293 760 683 715 845 268 917 853 702 903 651 646 835 532 418 337 659 664 566 856 504 420 696 691 315 274 226 448 867 563 376 853 596 565 303 741 962 598 564 644 979 1030 0 953 957 351 770 306 621 895 607 962 454 540 599 528 950 865 362 375 749 199
709 1288 1040 1102 419 51 1093 680 1036 871 949 941 705 1240 964 1034 1239 990 462 977 298 1228 1258 162 443 1015 217 570 825 1009 922 1220 830 1412 587 1069 960 1247 885 970 752 550 1141 1039 932 1409 860 1050 873 1297 344 862 435 1013 62 411 953 0 29 921 1326 929 1075 427 890 344 544 1025 1003 1014 193 1140 932 623 1305 1036
713 1291 1043 1106 422 55 1096 684 1040 875 952 944 709 1243 968 1038 1242 994 466 980 302 1232 1261 165 446 1018 220 574 829 1012 926 1224 834 1415 590 1072 963 1251 888 974 755 553 1145 1043 935 1412 863 1054 876 1300 347 865 438 1016 65 415 957 29 0 924 1330 933 1079 430 893 347 547 1029 1007 1017 197 1143 935 626 1309 1040
628 642 394 667 720 747 658 598 391 420 356 404 188 594 548 599 593 555 658 539 729 763 612 715 463 485 647 345 179 511 471 574 379 766 316 423 508 601 368 545 235 260 706 402 286 763 408 404 356 651 774 410 376 484 791 842 436 765 769 0 680 373 461 707 438 774 266 379 439 368 762 705 415 187 659 395
985 291 462 571 1289 1316 585 1015 679 949 658 693 758 224 518 675 219 691 1227 548 1298 449 333 1285 1033 774 1217 914 546 481 887 356 803 452 885 391 882 212 812 541 804 829 523 691 451 311 775 693 738 432 1344 835 945 772 1361 1411 779 1335 1338 848 0 676 750 1277 735 1344 835 668 727 657 1332 552 859 757 417 613
743 629 252 654 884 911 645 763 378 584 99 391 254 580 313 586 580 542 822 288 893 750 599 879 627 472 811 509 212 358 585 561 501 753 480 317 580 588 170 294 202 424 693 389 273 750 473 391 96 637 938 533 540 471 955 1006 306 929 933 206 667 0 448 872 434 938 430 367 426 355 927 692 217 351 646 141
425 703 455 337 1061 1057 328 455 202 542 430 285 530 654 608 269 654 225 999 600 1070 463 673 928 676 366 989 641 318 572 479 635 396 665 612 483 474 662 584 606 576 601 376 189 347 824 367 255 510 711 1116 428 717 365 1059 1183 621 1075 1079 620 727 448 0 1049 328 1116 607 230 153 219 975 375 631 528 720 456
862 1230 982 1255 67 408 1246 833 979 814 891 883 648 1182 907 1187 1181 1143 77 919 184 1352 1200 504 697 957 263 579 767 951 865 1163 773 1354 550 1011 902 1189 827 913 694 492 1294 990 874 1351 802 992 815 1239 200 804 377 955 453 268 895 427 430 863 1269 872 1049 0 832 200 486 968 1027 956 535 1292 874 565 1248 978
543 688 440 455 844 871 446 573 179 242 416 78 378 640 594 387 639 343 782 585 853 581 658 791 539 152 772 420 303 557 178 621 96 783 391 469 174 648 558 592 424 394 494 190 332 809 67 271 496 697 899 127 510 150 916 966 607 890 893 594 727 434 328 832 0 899 400 246 227 235 838 493 605 321 706 441
929 1297 1049 1321 192 325 1312 899 1045 880 958 950 714 1248 973 1254 1248 1209 235 986 100 1418 1267 421 702 1023 180 645 834 1017 931 1229 839 1421 617 1077 969 1256 894 979 760 558 1361 1057 941 1418 869 1059 882 1305 43 871 443 1022 369 99 962 344 347 930 1335 938 1116 200 899 0 553 1034 1093 1023 452 1359 941 631 1314 1045
590 788 541 814 498 525 804 560 537 382 450 451 206 740 694 746 740 701 436 685 507 910 758 621 425 525 426 307 326 657 433 721 341 912 278 569 470 748 386 691 252 185 853 549 432 909 370 551 373 797 553 372 182 523 570 620 454 544 547 421 827 430 607 486 400 553 0 526 585 514 652 851 433 123 806 537
547 621 373 459 980 1007 450 577 190 461 349 204 449 573 527 391 572 347 918 518 989 585 591 931 679 285 907 560 236 490 397 554 315 745 531 402 393 581 503 525 495 520 498 202 265 742 286 124 429 630 1034 346 636 283 1051 1102 540 1025 1029 539 660 367 230 968 246 1034 526 0 238 87 978 497 550 447 639 374
353 680 433 265 1039 985 256 383 85 441 408 184 508 632 586 197 632 153 977 577 1048 391 650 856 604 265 966 619 296 549 378 613 295 593 590 461 373 640 562 584 554 579 304 72 324 801 266 263 488 689 1093 326 695 264 987 1161 599 1003 1007 598 655 426 153 1027 227 1093 585 238 0 227 903 302 609 506 698 433
536 610 362 447 968 995 438 566 179 449 337 193 437 561 515 379 561 335 906 507 977 573 580 919 667 273 896 548 225 479 386 542 303 734 519 390 381 569 491 513 483 508 486 190 254 731 274 66 417 618 1023 335 624 272 1040 1090 528 1014 1017 527 648 355 219 956 235 1023 514 87 227 0 966 485 538 436 627 363
609 1285 1037 1002 528 175 993 580 952 820 946 889 703 1237 1073 934 1236 890 571 1085 407 1128 1255 61 342 963 325 470 822 1117 871 1218 779 1330 486 1066 908 1244 882 1079 749 658 1041 939 929 1406 808 1003 870 1294 452 810 543 961 177 520 950 193 197 918 1324 927 975 535 838 452 652 978 903 966 0 1039 929 646 1303 1033
490 528 639 151 1305 1121 142 520 351 707 674 451 774 462 695 180 456 196 1243 725 1314 277 570 992 740 532 1232 766 562 658 644 533 561 348 782 569 639 464 828 719 820 845 190 339 590 672 532 521 754 609 1359 593 961 530 1123 1427 865 1140 1143 864 409 692 375 1292 493 1359 851 497 302 485 1039 0 875 772 635 699
606 620 372 645 697 724 636 576 368 397 333 382 166 571 526 577 571 533 635 517 707 741 590 693 441 463 625 322 157 489 448 552 356 744 294 401 486 579 346 523 213 238 684 380 264 741 386 382 334 629 752 388 354 461 769 819 414 743 746 382 658 351 439 685 416 752 244 357 416 346 740 683 0 165 637 373
511 710 462 735 577 604 725 482 458 303 371 372 127 661 615 667 661 623 515 606 586 831 680 598 346 446 504 228 247 578 354 642 262 833 199 490 391 669 307 612 173 117 774 470 353 831 291 472 295 718 632 293 233 444 648 699 375 623 626 342 748 351 528 565 321 631 123 447 506 436 646 772 354 0 727 458
1015 224 433 654 1260 1287 668 1045 650 920 629 664 729 283 488 758 294 774 1198 518 1269 532 184 1255 1003 745 1187 885 516 452 857 343 774 534 856 362 852 370 782 512 775 800 606 662 421 159 745 664 708 419 1314 805 916 743 1331 1382 749 1305 1309 818 449 646 720 1248 706 1314 806 639 698 627 1303 635 829 727 0 583
750 566 189 662 991 1018 652 780 385 655 123 399 361 518 206 594 517 550 929 181 1000 687 536 986 734 480 918 616 252 251 592 498 509 690 587 255 588 525 277 187 309 531 701 397 210 687 481 399 203 575 1045 541 647 478 1062 1113 199 1036 1040 313 605 141 456 978 441 1045 537 374 433 363 1033 699 324 458 583 0
EOF