NAME : tsp_problem
TYPE : TSP
DIMENSION : 76
EDGE_WEIGHT_TYPE : EXPLICIT
EDGE_WEIGHT_FORMAT : FULL_MATRIX
EDGE_WEIGHT_SECTION
0 685 519 435 455 914 594 65 842 616 744 936 629 586 940 772 444 605 269 615 910 793 901 811 791 796 578 864 594 574 258 863 310 385 790 234 483 950 510 587 203 688 604 782 854 769 885 573 823 705 197 654 797 461 327 435 585 577 893 750 702 427 1000 47 243 743 151 967 422 301 75 458 546 752 518 797
685 0 579 719 406 345 728 719 718 899 1028 337 912 508 323 266 863 839 767 881 1194 1027 333 1095 1075 1080 862 445 704 858 623 414 691 804 1023 610 767 631 794 821 701 799 296 1066 707 1053 365 852 1107 988 695 888 479 796 745 770 869 861 574 1034 58 762 682 681 599 1027 649 648 840 799 729 793 763 986 628 1081
519 579 0 460 609 857 619 530 996 641 709 848 654 154 834 666 462 318 393 640 936 506 844 800 816 565 603 956 730 599 591 926 352 403 503 567 508 1103 536 300 405 729 328 583 1007 735 877 598 849 730 399 367 950 275 344 249 610 602 1046 776 596 241 1153 534 444 758 395 1120 439 448 540 272 571 466 830 628
435 719 460 0 489 899 260 446 827 211 356 921 225 527 974 806 307 546 309 211 523 624 886 424 403 408 174 849 371 187 507 848 151 248 470 483 95 935 123 528 321 299 638 394 839 381 870 168 436 317 315 595 782 324 190 298 181 173 878 363 736 290 985 450 244 356 311 952 285 364 456 321 212 509 493 409
455 406 609 489 0 522 499 489 450 670 798 544 683 537 606 493 633 868 538 652 965 1057 509 866 845 850 632 471 475 628 394 470 461 574 912 381 537 558 565 850 472 570 325 836 461 823 492 622 878 759 466 917 405 650 516 624 639 631 501 805 423 617 608 451 369 798 420 574 611 570 499 647 533 951 392 851
914 345 857 899 522 0 909 948 445 1077 1208 44 1059 785 157 544 1088 1117 997 1061 1374 1305 45 1276 1255 1260 1042 172 885 1038 853 141 920 1029 1301 840 947 359 974 1099 930 979 574 1246 435 1233 92 1032 1287 1169 925 1165 206 1073 971 1048 1049 1041 302 1214 324 1040 409 910 828 1207 879 376 1066 1028 958 1071 943 1264 451 1261
576 713 601 259 484 894 0 587 822 440 568 916 453 669 969 800 448 687 450 439 735 836 881 636 615 620 402 843 508 398 541 843 292 389 682 528 307 930 334 669 462 527 632 606 834 593 864 397 647 529 456 736 777 465 331 439 409 401 873 574 730 431 980 591 385 568 452 946 426 505 597 462 356 721 488 621
65 719 530 446 489 948 605 0 876 627 755 970 640 597 974 806 455 616 280 626 921 804 935 822 802 807 589 898 628 585 292 897 321 396 800 268 494 984 521 598 214 714 638 793 888 780 919 583 834 715 208 665 831 472 338 446 596 588 927 761 736 438 1034 81 254 754 162 1001 433 312 27 469 556 763 552 808
842 718 996 827 450 445 837 876 0 1006 1136 467 988 924 530 880 1016 1255 925 990 1303 1404 432 1204 1183 1188 971 395 813 967 781 394 848 957 1250 768 875 245 903 1237 859 908 712 1174 57 1161 416 960 1216 1097 853 1304 290 1033 899 1007 977 970 261 1143 697 999 295 839 756 1136 807 262 994 957 886 1030 871 1289 380 1189
616 899 641 211 670 1077 328 627 1006 0 417 1099 140 708 1155 986 488 712 490 165 583 685 1064 485 464 469 120 1027 439 201 687 1026 332 429 531 663 276 1113 276 709 502 254 818 455 1017 442 1048 194 496 378 496 776 960 504 370 479 127 119 1056 423 916 471 1163 631 425 416 492 1130 465 545 637 502 280 570 674 470
744 1028 709 356 798 1208 585 755 1136 417 0 1230 430 777 1283 1115 616 428 618 536 380 401 1195 163 276 185 379 1158 697 246 815 1157 460 557 247 791 306 1244 275 460 630 625 946 171 1148 98 1179 494 324 162 624 494 1091 633 498 607 386 336 1187 235 1044 599 1294 759 553 121 620 1261 593 673 765 630 537 286 802 186
936 337 848 921 544 44 931 970 467 1099 1230 0 1081 777 149 535 1110 1108 1019 1084 1397 1296 67 1298 1277 1282 1064 194 907 1060 875 163 942 1051 1293 862 969 381 996 1090 952 1001 565 1268 457 1255 115 1054 1309 1191 947 1157 228 1065 993 1039 1071 1063 324 1236 316 1031 431 932 850 1230 901 398 1088 1050 980 1062 965 1255 473 1283
629 912 654 225 683 1059 320 640 988 140 430 1081 0 721 1144 999 501 726 503 148 597 698 1047 498 477 482 133 1009 431 214 700 1008 345 442 544 676 289 1095 289 722 515 236 831 468 999 455 1030 176 509 391 509 789 943 518 383 492 140 132 1038 436 929 484 1145 644 438 430 505 1112 478 558 650 515 272 583 687 483
586 508 154 527 537 785 686 597 924 708 777 777 721 0 763 595 529 385 460 707 1003 574 773 868 884 632 671 885 797 667 658 854 419 470 570 634 575 1032 603 367 472 796 257 650 936 802 805 665 916 797 466 434 879 342 411 317 677 670 975 843 525 309 1082 601 512 825 462 1049 506 515 607 339 638 533 759 695
940 323 834 974 606 157 984 974 530 1155 1283 149 1144 763 0 521 1118 1094 1022 1136 1449 1282 145 1350 1330 1335 1117 257 960 1113 879 226 946 1059 1279 865 1022 444 1049 1076 956 1054 551 1321 519 1308 177 1107 1362 1243 951 1143 291 1051 1001 1025 1124 1116 386 1289 302 1017 494 936 854 1282 904 460 1096 1054 984 1048 1018 1241 536 1336
772 266 666 806 493 544 815 806 880 986 1115 535 999 595 521 0 950 926 854 968 1281 1114 531 1182 1162 1167 949 644 791 945 710 613 778 891 1110 697 854 830 881 908 788 886 383 1153 892 1140 564 939 1194 1075 782 975 678 883 832 857 956 948 773 1121 283 849 880 768 686 1114 736 847 927 886 816 880 850 1073 715 1168
444 863 462 307 633 1088 466 455 1016 488 616 1110 501 529 1118 950 0 548 318 487 782 736 1075 684 663 668 450 1038 577 446 516 1037 199 89 730 493 355 1124 382 530 330 575 732 654 1028 641 1059 445 695 577 325 597 971 303 139 277 457 449 1067 622 880 269 1174 460 291 615 321 1141 214 373 465 300 418 695 682 669
605 839 318 546 868 1117 705 616 1255 712 428 1108 726 385 1094 926 548 0 479 726 707 342 1104 519 571 284 675 1216 816 541 677 1185 438 489 222 653 594 1363 570 136 491 815 588 301 1267 453 1136 684 620 501 485 103 1210 361 430 335 682 632 1306 530 856 328 1413 620 530 477 481 1380 525 534 626 358 657 184 921 347
269 767 393 309 538 997 468 280 925 490 618 1019 503 460 1022 854 318 479 0 489 785 667 984 686 665 670 452 946 579 448 342 945 201 259 664 318 357 1032 384 461 113 577 663 656 936 643 967 447 697 579 119 528 880 335 201 309 459 451 975 624 784 301 1083 285 195 617 146 1049 296 77 290 332 420 626 600 671
615 881 640 211 652 1061 216 626 990 165 536 1084 148 707 1136 968 487 726 489 0 703 804 1049 604 583 588 186 1011 327 323 687 1010 331 428 650 663 275 1097 303 708 501 115 800 574 1001 561 1032 72 616 497 495 775 945 504 370 478 185 241 1040 543 898 470 1148 630 424 536 491 1114 465 544 636 501 167 689 655 589
910 1194 936 523 965 1374 752 921 1303 583 380 1397 597 1003 1449 1281 782 707 785 703 0 628 1362 305 459 464 546 1324 863 412 982 1323 627 723 526 958 473 1410 441 739 796 791 1113 449 1314 369 1345 660 156 293 791 773 1258 799 665 773 553 503 1353 418 1211 766 1461 926 719 332 787 1427 760 839 931 796 704 564 968 464
793 1027 506 624 1057 1305 854 804 1404 685 401 1296 698 574 1282 1114 736 342 667 804 628 0 1292 492 544 256 647 1404 965 514 865 1373 626 677 234 841 575 1512 543 257 679 893 776 274 1416 426 1325 762 592 474 673 391 1359 549 619 524 654 604 1455 503 1044 516 1562 809 719 449 669 1529 714 722 814 547 805 273 1070 320
901 333 844 886 509 45 896 935 432 1064 1195 67 1047 773 145 531 1075 1104 984 1049 1362 1292 0 1263 1242 1247 1029 159 872 1025 840 129 907 1016 1289 827 934 346 962 1086 918 967 561 1233 422 1220 80 1019 1275 1156 912 1153 193 1061 958 1035 1036 1028 289 1202 312 1027 396 897 815 1195 866 363 1053 1015 945 1058 930 1251 439 1248
811 1095 800 424 866 1276 653 822 1204 485 163 1298 498 868 1350 1182 684 519 686 604 305 492 1263 0 360 276 447 1225 764 314 883 1224 528 624 338 859 374 1312 342 551 698 692 1014 262 1215 107 1246 561 218 136 692 585 1159 700 566 675 454 404 1254 319 1112 667 1362 827 620 95 688 1328 661 740 832 697 605 377 869 277
833 1117 665 446 888 1297 675 844 1226 506 222 1319 519 732 1372 1204 705 383 707 626 501 356 1285 313 0 140 469 1247 786 335 905 1246 550 646 202 881 396 1333 364 415 719 714 934 126 1237 247 1268 583 414 295 714 449 1181 708 588 682 476 426 1276 324 1134 674 1383 849 642 271 710 1350 683 762 854 705 627 241 891 141
796 1080 565 408 850 1260 638 807 1188 469 185 1282 482 632 1335 1167 668 284 670 588 464 256 1247 276 328 0 432 1210 749 298 868 1209 512 609 102 844 359 1296 327 315 682 677 835 89 1200 210 1231 546 376 258 676 350 1143 608 551 582 438 389 1239 287 1097 574 1346 811 605 234 672 1313 646 725 817 605 589 141 854 104
578 862 603 174 632 1042 291 589 971 120 379 1064 133 671 1117 949 450 675 452 186 546 647 1029 447 427 432 0 992 402 164 650 991 294 391 494 626 238 1078 238 672 464 274 781 417 982 404 1013 199 459 340 458 738 925 467 333 441 89 81 1021 386 879 433 1128 594 387 379 454 1095 428 507 599 464 242 532 636 432
864 445 956 849 471 172 858 898 395 1027 1158 194 1009 885 257 644 1038 1216 946 1011 1324 1404 159 1225 1205 1210 992 0 834 988 802 121 869 979 1272 789 897 309 924 1198 880 929 673 1196 385 1183 143 982 1237 1118 874 1265 156 1054 920 1029 999 991 252 1164 424 1021 359 860 778 1157 828 325 1015 978 908 1052 893 1310 401 1211
499 610 632 290 380 790 428 533 718 470 599 812 483 699 865 697 479 718 481 470 765 867 777 666 646 651 433 740 0 429 438 739 323 420 713 424 338 826 365 700 493 499 529 637 730 624 761 427 678 559 487 767 673 495 361 470 440 432 769 605 627 462 876 495 413 598 463 843 456 536 543 493 386 751 384 652
574 858 599 187 628 1038 372 585 967 201 246 1060 214 667 1113 945 446 541 448 323 412 514 1025 314 293 298 164 988 484 0 646 987 290 387 360 622 137 1074 105 573 460 412 777 284 978 271 1009 281 325 207 454 608 921 463 329 437 171 121 1017 252 875 429 1124 590 383 245 450 1091 424 503 595 460 324 399 632 299
258 623 591 507 394 853 556 292 781 687 815 875 700 658 879 710 516 677 342 687 982 865 840 883 863 868 650 802 532 646 0 801 381 457 862 49 554 889 582 659 275 627 542 853 792 840 823 644 895 776 270 726 736 533 399 507 657 649 832 822 640 499 939 254 290 815 223 905 494 373 302 530 591 824 456 868
863 414 926 848 470 141 858 897 394 1026 1157 163 1008 854 226 613 1037 1185 945 1010 1323 1373 129 1224 1204 1209 991 121 834 987 801 0 869 978 1271 788 896 308 923 1167 879 928 642 1195 384 1182 112 981 1236 1117 873 1234 155 1054 919 1028 998 990 251 1163 393 1020 358 859 777 1156 827 324 1014 977 907 1051 892 1310 400 1210
310 691 352 151 461 920 310 321 848 332 460 942 345 419 946 778 199 438 201 331 627 626 907 528 507 512 294 869 421 290 381 869 0 140 574 358 199 956 227 420 196 420 609 498 860 485 890 289 540 421 191 487 803 215 81 190 301 293 899 467 707 182 1006 326 119 460 187 972 176 256 331 212 262 585 523 513
385 804 403 248 574 1029 407 396 957 429 557 1051 442 470 1059 891 89 489 259 428 723 677 1016 624 604 609 391 979 518 387 457 978 140 0 671 433 296 1065 323 471 271 516 673 595 969 582 1000 386 636 518 266 538 912 244 80 218 398 390 1008 563 821 210 1115 401 232 556 262 1082 155 314 406 241 359 636 623 610
790 1023 503 470 912 1301 700 800 1250 531 247 1293 544 570 1279 1110 730 222 664 650 526 234 1289 338 390 102 494 1272 811 360 862 1271 574 671 0 838 421 1358 389 293 676 739 773 120 1262 272 1293 608 438 320 670 288 1205 546 613 520 500 451 1301 349 1040 512 1408 805 667 296 666 1375 708 719 810 543 651 119 916 166
234 610 567 483 381 840 543 268 768 663 791 862 676 634 865 697 493 653 318 663 958 841 827 859 839 844 626 789 519 622 49 788 358 433 838 0 530 876 558 635 251 614 529 830 779 817 810 620 871 752 246 702 723 509 375 484 633 625 818 798 627 476 926 230 266 791 200 892 470 349 278 506 578 800 443 845
483 767 508 95 537 947 324 494 875 276 306 969 289 575 1022 854 355 594 357 275 473 575 934 374 354 359 238 897 436 137 554 896 199 296 421 530 0 983 156 576 369 364 685 344 887 332 918 233 386 267 363 643 830 372 237 346 245 227 926 313 783 338 1033 498 292 306 359 1000 332 412 504 369 276 459 541 359
950 631 1103 935 558 359 945 984 245 1113 1244 381 1095 1032 444 830 1124 1363 1032 1097 1410 1512 346 1312 1291 1296 1078 309 921 1074 889 308 956 1065 1358 876 983 0 1010 1345 966 1015 820 1282 235 1269 330 1068 1323 1205 961 1412 204 1141 1007 1115 1085 1077 175 1250 610 1107 103 946 864 1243 915 69 1101 1064 994 1138 979 1397 487 1297
510 794 536 123 565 974 352 521 903 276 275 996 289 603 1049 881 382 570 384 303 441 543 962 342 322 327 238 924 463 105 582 923 227 323 389 558 156 1010 0 602 396 391 713 313 914 300 945 260 354 235 391 636 858 399 265 373 245 195 953 281 811 365 1060 526 319 274 387 1027 360 439 531 396 304 428 568 328
587 821 300 528 850 1099 687 598 1237 709 460 1090 722 367 1076 908 530 136 461 708 739 257 1086 551 603 315 672 1198 798 573 659 1167 420 471 293 635 576 1345 602 0 473 797 570 333 1249 485 1118 666 651 533 467 185 1192 343 412 317 678 664 1288 562 838 310 1395 602 512 509 463 1362 507 516 608 340 639 283 903 379
203 701 405 321 472 930 480 214 859 502 630 952 515 472 956 788 330 491 113 501 796 679 918 698 677 682 464 880 591 460 275 879 196 271 676 251 369 966 396 473 0 589 620 668 870 655 901 459 709 591 83 540 814 347 213 321 471 463 909 636 718 313 1016 219 155 629 80 983 308 121 224 344 432 638 534 683
688 799 729 299 570 979 304 714 908 254 625 1001 236 796 1054 886 575 815 577 115 791 893 967 692 672 677 274 929 353 412 627 928 420 516 739 614 364 1015 391 797 589 0 718 663 919 650 950 160 704 585 584 864 863 592 458 566 273 329 958 631 816 558 1065 684 512 624 580 1032 553 632 724 589 256 777 573 678
604 296 328 638 325 574 647 638 712 818 946 565 831 257 551 383 732 588 663 800 1113 776 561 1014 994 835 781 673 623 777 542 642 609 673 773 529 685 820 713 570 620 718 0 853 724 972 593 771 1026 907 614 637 667 545 614 519 788 780 763 953 313 511 870 600 518 946 568 837 709 718 648 542 682 735 547 898
782 1066 583 394 836 1246 624 793 1174 455 171 1268 468 650 1321 1153 654 301 656 574 449 274 1233 262 314 89 417 1196 735 284 853 1195 498 595 120 830 344 1282 313 333 668 663 853 0 1186 196 1217 532 362 244 662 368 1129 626 536 600 424 374 1225 273 1083 592 1332 797 591 219 658 1299 631 711 803 623 575 159 840 89
854 707 1007 839 461 435 849 888 57 1017 1148 457 999 936 519 892 1028 1267 936 1001 1314 1416 422 1215 1195 1200 982 385 825 978 792 384 860 969 1262 779 887 235 914 1249 870 919 724 1186 0 1173 406 972 1227 1108 864 1316 280 1045 910 1019 989 981 251 1154 686 1011 285 850 768 1147 818 252 1005 968 898 1042 883 1301 391 1201
769 1053 735 381 823 1233 611 780 1161 442 98 1255 455 802 1308 1140 641 453 643 561 369 426 1220 107 301 210 404 1183 722 271 840 1182 485 582 272 817 332 1269 300 485 655 650 972 196 1173 0 1204 519 282 105 649 519 1116 658 524 632 411 361 1212 260 1070 624 1319 784 578 65 645 1286 618 698 790 655 562 311 827 211
885 365 877 870 492 92 879 919 416 1048 1179 115 1030 805 177 564 1059 1136 967 1032 1345 1325 80 1246 1226 1231 1013 143 855 1009 823 112 890 1000 1293 810 918 330 945 1118 901 950 593 1217 406 1204 0 1003 1258 1139 895 1185 177 1075 941 1050 1020 1012 273 1185 344 1042 380 881 799 1178 849 346 1036 999 929 1073 914 1284 422 1232
573 852 598 168 622 1032 173 583 960 194 494 1054 176 665 1107 939 445 684 447 72 660 762 1019 561 541 546 199 982 284 281 644 981 289 386 608 620 233 1068 260 666 459 160 771 532 972 519 1003 0 573 455 453 733 915 461 327 436 206 198 1011 500 869 428 1118 588 381 493 449 1085 422 501 593 458 125 647 626 547
823 1107 849 436 878 1287 665 834 1216 496 324 1309 509 916 1362 1194 695 620 697 616 156 592 1275 218 371 376 459 1237 776 325 895 1236 540 636 438 871 386 1323 354 651 709 704 1026 362 1227 282 1258 573 0 206 704 686 1171 712 578 686 466 416 1266 331 1124 678 1373 839 632 245 700 1340 673 752 844 709 617 477 881 377
705 988 730 317 759 1169 546 715 1097 378 162 1191 391 797 1243 1075 577 501 579 497 293 474 1156 136 253 258 340 1118 657 207 776 1117 421 518 320 752 267 1205 235 533 591 585 907 244 1108 105 1139 455 206 0 585 567 1052 593 459 568 347 297 1148 212 1005 560 1255 720 513 68 581 1221 554 634 725 590 498 358 763 259
197 695 399 315 466 925 474 208 853 496 624 947 509 466 951 782 325 485 119 495 791 673 912 692 671 676 458 874 585 454 270 873 191 266 670 246 363 961 391 467 83 584 614 662 864 649 895 453 704 585 0 534 808 341 207 316 465 457 904 631 712 308 1011 213 150 624 74 977 302 127 218 338 426 633 528 677
654 888 367 595 917 1165 754 665 1304 776 494 1157 789 434 1143 975 597 103 528 775 773 391 1153 585 637 350 738 1265 865 608 726 1234 487 538 288 702 643 1412 636 185 540 864 637 368 1316 519 1185 733 686 567 534 0 1259 410 479 384 745 698 1355 597 905 376 1462 669 579 543 530 1429 574 583 675 407 706 250 970 413
797 479 950 782 405 206 792 831 290 960 1091 228 943 879 291 678 971 1210 880 945 1258 1359 193 1159 1138 1143 925 156 768 921 736 155 803 912 1205 723 830 204 858 1192 814 863 667 1129 280 1116 177 915 1171 1052 808 1259 0 988 854 962 932 924 147 1098 458 954 254 793 711 1091 762 221 949 911 841 985 826 1244 335 1144
461 796 275 324 650 1073 483 472 1033 504 633 1065 518 342 1051 883 303 361 335 504 799 549 1061 700 680 608 467 1054 594 463 533 1054 215 244 546 509 372 1141 399 343 347 592 545 626 1045 658 1075 461 712 593 341 410 988 0 185 48 474 466 1084 639 813 45 1191 476 308 632 337 1157 280 390 482 60 434 509 699 671
327 745 344 190 516 971 348 338 899 370 498 993 383 411 1001 832 139 430 201 370 665 619 958 566 546 551 333 920 460 329 399 919 81 80 613 375 237 1007 265 412 213 458 614 536 910 524 941 327 578 459 207 479 854 185 0 160 340 332 949 505 762 152 1057 342 174 498 203 1023 116 256 348 182 300 578 564 551
435 770 249 298 624 1048 457 446 1007 479 607 1039 492 317 1025 857 277 335 309 478 773 524 1035 675 654 582 441 1029 568 437 507 1028 190 218 520 484 346 1115 373 317 321 566 519 600 1019 632 1050 436 686 568 316 384 962 48 160 0 448 440 1058 613 787 20 1165 451 282 606 312 1132 255 364 456 45 409 483 673 645
585 869 610 181 639 1049 298 596 977 127 386 1071 140 677 1124 956 457 682 459 185 553 654 1036 454 433 438 89 999 409 171 657 998 301 398 500 633 245 1085 245 678 471 273 788 424 989 411 1020 206 466 347 465 745 932 474 340 448 0 88 1028 393 886 440 1135 600 394 386 461 1102 435 514 606 471 249 539 643 439
577 861 602 173 631 1041 290 588 970 119 336 1063 132 670 1116 948 449 632 451 241 503 604 1028 404 384 389 81 991 401 121 649 990 293 390 451 625 227 1077 195 664 463 329 780 374 981 361 1012 198 416 297 457 698 924 466 332 440 88 0 1020 343 878 432 1127 593 386 336 453 1094 427 506 598 463 241 489 635 389
893 574 1046 878 501 302 888 927 261 1056 1187 324 1038 975 386 773 1067 1306 975 1040 1353 1455 289 1254 1234 1239 1021 252 864 1017 832 251 899 1008 1301 818 926 175 953 1288 909 958 763 1225 251 1212 273 1011 1266 1148 904 1355 147 1084 949 1058 1028 1020 0 1193 553 1050 225 889 807 1186 857 192 1044 1007 937 1081 922 1340 430 1240
870 1154 701 482 924 1334 712 881 1262 543 259 1356 556 769 1409 1241 742 420 744 662 538 393 1321 350 77 177 506 1284 823 372 942 1283 586 683 239 918 433 1370 401 452 756 751 971 163 1274 284 1305 620 450 332 750 486 1217 744 625 719 512 463 1313 0 1171 711 1420 885 679 308 746 1387 720 799 891 741 663 278 928 178
702 58 596 736 423 324 745 736 697 916 1044 316 929 525 302 283 880 856 784 898 1211 1044 312 1112 1092 1097 879 424 721 875 640 393 707 821 1040 627 783 610 811 838 718 816 313 1083 686 1070 344 869 1124 1005 712 905 458 813 762 787 886 878 553 1051 0 779 661 698 616 1044 666 627 857 816 746 810 780 1003 645 1098
427 762 241 290 617 1040 449 438 999 471 599 1031 484 309 1017 849 269 328 301 470 766 516 1027 667 646 574 433 1021 560 429 499 1020 182 210 512 476 338 1107 365 310 313 558 511 592 1011 624 1042 428 678 560 308 376 954 45 152 20 440 432 1050 605 779 0 1157 443 274 598 304 1124 247 356 448 42 401 475 665 638
1000 682 1153 985 608 409 995 1034 295 1163 1294 431 1145 1082 494 880 1174 1413 1083 1148 1461 1562 396 1362 1341 1346 1128 359 971 1124 939 358 1006 1115 1408 926 1033 103 1060 1395 1016 1065 870 1332 285 1319 380 1118 1373 1255 1011 1462 254 1191 1057 1165 1135 1127 225 1300 661 1157 0 996 914 1294 965 71 1152 1114 1044 1188 1029 1447 537 1347
47 681 534 450 451 910 609 81 839 631 759 932 644 601 936 768 460 620 285 630 926 809 897 827 806 811 594 860 590 590 254 859 326 401 805 230 498 946 526 602 219 684 600 797 850 784 881 588 839 720 213 669 793 476 342 451 600 593 889 766 698 443 996 0 242 759 167 963 437 316 91 474 561 768 514 812
243 599 444 244 369 828 403 254 756 425 553 850 438 512 854 686 291 530 195 424 719 719 815 620 600 605 387 778 508 383 290 777 119 232 667 266 292 864 319 512 155 512 518 591 768 578 799 381 632 513 150 579 711 308 174 282 394 386 807 559 616 274 914 242 0 552 146 881 269 250 264 305 354 678 432 606
743 1027 758 356 798 1207 585 754 1136 416 121 1230 430 825 1282 1114 615 477 617 536 332 449 1195 95 292 234 379 1157 696 245 815 1156 460 556 296 791 306 1243 274 509 629 624 946 219 1147 65 1178 493 245 68 624 543 1091 632 498 606 386 336 1186 251 1044 598 1294 759 552 0 620 1260 593 672 764 629 537 334 801 234
151 649 395 311 420 879 470 162 807 492 620 901 505 462 904 736 321 481 146 491 787 669 866 688 667 672 454 828 558 450 223 827 187 262 666 200 359 915 387 463 80 580 568 658 818 645 849 449 700 581 74 530 762 337 203 312 461 453 857 627 666 304 965 167 146 620 0 931 298 177 172 334 422 629 482 673
967 648 1120 952 574 376 961 1001 262 1130 1261 398 1112 1049 460 847 1141 1380 1049 1114 1427 1529 363 1328 1308 1313 1095 325 937 1091 905 324 972 1082 1375 892 1000 69 1027 1362 983 1032 837 1299 252 1286 346 1085 1340 1221 977 1429 221 1157 1023 1132 1102 1094 192 1267 627 1124 71 963 881 1260 931 0 1118 1081 1011 1155 996 1413 504 1314
422 840 439 285 611 1066 443 433 994 465 593 1088 478 506 1096 927 214 525 296 465 760 714 1053 661 641 646 428 1015 555 424 494 1014 176 155 708 470 332 1101 360 507 308 553 709 631 1005 618 1036 422 673 554 302 574 949 280 116 255 435 427 1044 600 857 247 1152 437 269 593 298 1118 0 351 443 277 395 673 659 646
301 799 448 364 570 1028 523 312 957 545 673 1050 558 515 1054 886 373 534 77 544 839 722 1015 740 720 725 507 978 634 503 373 977 256 314 719 349 412 1064 439 516 121 632 718 711 968 698 999 501 752 634 127 583 911 390 256 364 514 506 1007 679 816 356 1114 316 250 672 177 1081 351 0 322 387 474 681 632 726
75 729 540 456 499 958 615 27 886 637 765 980 650 607 984 816 465 626 290 636 931 814 945 832 812 817 599 908 638 595 302 907 331 406 810 278 504 994 531 608 224 724 648 803 898 790 929 593 844 725 218 675 841 482 348 456 606 598 937 771 746 448 1044 91 264 764 172 1011 443 322 0 479 566 773 562 818
458 793 272 321 647 1071 480 469 1030 502 630 1062 515 339 1048 880 300 358 332 501 796 547 1058 697 677 605 464 1052 591 460 530 1051 212 241 543 506 369 1138 396 340 344 589 542 623 1042 655 1073 458 709 590 338 407 985 60 182 45 471 463 1081 636 810 42 1188 474 305 629 334 1155 277 387 479 0 431 506 696 668
546 763 571 212 533 943 84 556 871 280 537 965 272 638 1018 850 418 657 420 167 704 805 930 605 584 589 242 893 195 324 591 892 262 359 651 578 276 979 304 639 432 256 682 575 883 562 914 125 617 498 426 706 826 434 300 409 249 241 922 544 780 401 1029 561 354 537 422 996 395 474 566 431 0 690 537 590
752 986 466 509 951 1264 738 763 1289 570 286 1255 583 533 1241 1073 695 184 626 689 564 273 1251 377 428 141 532 1310 850 399 824 1310 585 636 119 800 459 1397 428 283 638 777 735 159 1301 311 1284 647 477 358 633 250 1244 509 578 483 539 489 1340 388 1003 475 1447 768 678 334 629 1413 673 681 773 506 690 0 955 204
518 628 830 493 392 451 503 552 380 674 802 473 687 759 536 715 682 921 600 655 968 1070 439 869 849 854 636 401 479 632 456 400 523 623 916 443 541 487 568 903 534 573 547 840 391 827 422 626 881 763 528 970 335 699 564 673 643 635 430 808 645 665 537 514 432 801 482 504 659 632 562 696 537 955 0 855
918 1202 884 530 972 1382 760 929 1310 591 232 1404 604 951 1457 1289 790 602 792 710 435 480 1369 338 450 359 553 1332 871 420 989 1331 634 731 421 966 481 1418 449 634 804 799 1121 345 1322 272 1353 668 498 336 798 669 1265 807 673 781 560 510 1361 409 1219 773 1468 933 727 295 794 1435 768 847 939 804 711 460 976 0
EOF