NAME : tsp_problem
TYPE : TSP
DIMENSION : 58
EDGE_WEIGHT_TYPE : EXPLICIT
EDGE_WEIGHT_FORMAT : FULL_MATRIX
EDGE_WEIGHT_SECTION
0 620 896 1093 1128 632 658 703 643 705 982 836 648 957 568 953 712 992 849 363 498 609 633 657 542 642 867 226 989 952 506 749 1139 533 1107 563 689 833 653 878 828 1145 1068 725 911 535 568 792 769 683 513 727 982 874 506 847 876 1101
620 0 990 902 916 422 856 531 216 773 769 823 855 745 141 940 502 780 640 292 492 300 423 855 535 44 855 451 776 939 500 577 990 526 916 390 350 661 443 866 655 996 886 298 699 252 662 619 863 473 500 554 770 661 499 834 864 888
896 990 0 582 719 770 1437 1086 908 1484 762 1569 1426 737 885 1686 850 600 881 1087 637 833 771 1435 680 1012 1601 1004 769 1685 645 937 504 671 596 1071 828 978 791 1612 1075 511 558 938 819 908 456 1020 177 822 1291 1110 590 782 644 1580 1610 692
1093 902 582 0 435 611 1301 785 820 1219 461 1269 1300 437 797 1385 691 177 580 786 681 629 613 1300 725 923 1300 945 468 1384 689 637 370 715 32 770 740 677 632 1311 775 376 63 850 518 704 564 719 522 663 994 809 186 481 688 1279 1309 408
882 858 437 298 0 567 1257 741 776 1174 417 1224 1256 392 752 1341 647 255 536 742 622 585 568 1256 666 879 1255 901 424 1340 630 592 343 657 311 726 695 633 588 1267 730 350 273 806 474 659 353 675 311 619 950 765 245 437 630 1235 1265 347
632 422 770 611 625 0 1000 484 340 917 479 967 999 454 316 1084 130 489 350 440 170 186 24 999 214 443 999 599 485 1083 178 336 699 204 625 469 259 446 40 1010 474 705 596 369 408 261 441 489 643 70 648 508 479 370 177 978 1008 597
658 856 1437 1301 1315 1000 0 890 879 130 996 300 31 1019 804 417 1080 1179 1035 598 1039 845 1001 22 1082 877 332 510 990 416 1047 936 1389 1073 1315 749 1012 1020 1021 343 1015 1396 1286 960 1064 771 1108 979 1310 1052 409 914 1169 1061 1046 311 371 1288
605 432 984 683 697 382 791 0 455 709 551 759 790 526 381 875 462 561 422 276 452 400 384 790 496 454 790 435 557 875 460 394 772 486 697 261 511 519 403 801 526 778 668 537 480 347 701 490 863 434 485 425 551 443 459 769 799 670
643 216 908 820 834 340 879 554 0 796 688 846 878 663 111 963 420 698 559 315 410 218 341 878 453 238 878 474 694 962 418 545 908 444 834 413 268 655 361 889 678 914 804 104 617 170 580 642 782 391 523 577 688 579 417 857 887 806
705 773 1484 1219 1232 917 130 807 796 0 913 218 129 937 722 334 998 1096 953 516 987 762 919 129 1031 795 249 557 907 333 995 853 1307 1022 1232 667 929 937 939 260 932 1313 1203 878 982 688 1155 896 1357 969 326 831 1086 978 995 228 288 1205
982 769 762 461 475 479 996 488 688 913 0 963 994 72 664 1079 559 339 239 654 549 496 480 994 592 791 994 812 43 1079 557 339 550 583 475 522 607 256 500 1005 477 556 446 718 178 571 683 299 641 530 813 511 329 217 556 973 1003 448
836 823 1569 1269 1282 967 300 857 846 218 963 0 299 987 772 291 1048 1146 1003 566 1037 812 969 299 1081 845 206 666 957 290 1045 904 1357 1072 1282 717 979 987 989 217 982 1363 1253 928 1032 738 1286 946 1448 1019 376 881 1136 1028 1045 52 245 1255
648 855 1426 1300 1314 999 31 889 878 129 994 299 0 1018 803 416 1079 1178 1034 597 1028 843 1000 29 1072 876 330 500 988 415 1036 935 1388 1063 1314 748 1011 1018 1020 341 1013 1394 1284 959 1063 769 1098 977 1299 1050 407 912 1168 1059 1036 310 369 1286
957 745 737 437 450 454 1019 499 663 937 72 987 1018 0 639 1103 534 314 262 629 524 472 455 1018 568 766 1018 788 66 1102 532 350 525 558 450 533 583 280 475 1029 488 531 421 693 202 546 659 322 616 506 837 523 304 192 531 997 1027 423
568 141 885 797 810 316 804 479 111 722 664 772 803 639 0 888 397 674 535 240 386 194 318 803 430 163 803 399 671 887 394 521 885 421 810 338 245 609 337 814 604 891 781 192 593 146 556 568 758 368 448 503 664 556 394 782 812 783
953 940 1686 1385 1399 1084 417 974 963 334 1079 291 416 1103 888 0 1164 1263 1119 682 1154 929 1085 416 1198 961 180 783 1074 20 1162 1020 1473 1188 1399 833 1096 1104 1105 106 1098 1479 1369 1044 1148 855 1402 1062 1565 1136 493 998 1253 1144 1161 302 219 1371
712 502 850 691 705 130 1080 564 420 998 559 1048 1079 534 397 1164 0 569 430 520 250 266 132 1079 294 523 1079 679 566 1163 258 416 780 285 705 549 339 527 152 1090 554 786 676 450 488 341 522 569 723 182 729 588 559 451 258 1058 1088 678
992 780 600 177 313 489 1179 663 698 1096 339 1146 1178 314 674 1263 569 0 458 664 559 506 490 1178 602 801 1177 822 345 1262 567 514 352 593 191 648 617 555 510 1189 652 346 175 728 396 581 521 597 479 540 872 686 88 359 566 1157 1186 285
849 640 881 580 594 350 1035 283 559 953 239 1003 1034 262 535 1119 430 458 0 520 420 367 351 1034 463 662 1034 679 233 1118 428 134 668 454 594 317 478 130 371 1045 272 675 565 589 182 442 669 173 760 401 728 306 448 210 427 1013 1043 567
363 292 1087 786 800 440 598 375 315 516 654 566 597 629 240 682 520 664 520 0 510 281 442 597 554 313 597 193 660 681 518 421 874 544 800 234 448 505 461 608 500 880 771 396 583 207 759 464 961 492 243 399 654 545 517 576 606 772
498 492 637 681 695 170 1039 554 410 987 549 1037 1028 524 386 1154 250 559 420 510 0 256 171 1037 62 513 1069 606 555 1153 30 406 769 53 695 539 329 516 191 1080 544 775 666 439 478 331 308 559 510 222 718 578 549 440 29 1048 1078 667
609 300 833 629 643 186 845 502 218 762 496 812 843 472 194 929 266 506 367 281 256 0 187 843 300 321 843 439 503 928 264 354 717 290 642 379 217 464 207 854 491 723 613 273 425 101 505 506 707 238 489 526 496 388 263 823 852 615
633 423 771 613 626 24 1001 486 341 919 480 969 1000 455 318 1085 132 490 351 442 171 187 0 1000 215 444 1000 600 487 1085 179 337 701 206 626 471 260 448 45 1011 475 707 597 371 409 262 443 490 644 76 650 509 480 372 179 979 1009 599
657 855 1435 1300 1314 999 22 889 878 129 994 299 29 1018 803 416 1079 1178 1034 597 1037 843 1000 0 1081 876 330 509 988 415 1045 935 1388 1072 1314 748 1011 1019 1020 341 1013 1394 1284 959 1063 769 1107 977 1309 1050 407 912 1168 1059 1045 310 369 1286
542 535 680 725 739 214 1082 598 453 1031 592 1081 1072 568 430 1198 294 602 463 554 62 300 215 1081 0 557 1112 650 599 1197 60 450 813 61 738 583 372 560 235 1123 587 819 709 483 521 374 352 602 553 265 762 622 593 484 69 1092 1121 711
642 44 1012 923 937 443 877 552 238 795 791 845 876 766 163 961 523 801 662 313 513 321 444 876 557 0 876 472 797 960 521 598 1012 547 937 412 372 682 464 887 677 1018 908 319 720 273 683 641 885 495 522 576 791 683 520 855 885 910
867 855 1601 1300 1313 999 332 888 878 249 994 206 330 1018 803 180 1079 1177 1034 597 1069 843 1000 330 1112 876 0 698 988 179 1077 935 1388 1103 1313 748 1010 1018 1020 106 1013 1394 1284 959 1063 769 1317 977 1480 1050 407 912 1167 1059 1076 216 70 1286
226 451 1004 945 958 599 510 533 474 557 812 666 500 788 399 783 679 822 679 193 606 439 600 509 650 472 698 0 819 782 614 580 1033 641 958 393 607 663 620 709 658 1039 929 555 741 365 676 622 878 650 343 557 812 704 614 677 707 931
989 776 769 468 482 485 990 482 694 907 43 957 988 66 671 1074 566 345 233 660 555 503 487 988 599 797 988 819 0 1073 563 334 556 590 481 516 614 250 506 1000 471 562 452 724 173 578 690 293 648 537 807 506 335 216 563 968 997 454
952 939 1685 1384 1398 1083 416 973 962 333 1079 290 415 1102 887 20 1163 1262 1118 681 1153 928 1085 415 1197 960 179 782 1073 0 1161 1019 1472 1187 1398 832 1095 1103 1104 105 1098 1479 1369 1043 1147 854 1402 1062 1564 1135 492 997 1252 1144 1160 301 218 1371
506 500 645 689 703 178 1047 562 418 995 557 1045 1036 532 394 1162 258 567 428 518 30 264 179 1045 60 521 1077 614 563 1161 0 414 777 51 703 547 337 524 199 1088 552 783 673 447 486 339 316 567 518 230 726 586 557 448 37 1056 1086 675
749 577 937 637 650 336 936 183 545 853 339 904 935 350 521 1020 416 514 134 421 406 354 337 935 450 598 935 580 334 1019 414 0 725 440 650 217 464 231 357 946 173 731 621 575 283 428 655 273 817 388 629 207 504 267 413 914 944 623
1149 990 504 370 507 699 1389 873 908 1307 550 1357 1388 525 885 1473 780 352 668 874 769 717 701 1388 813 1012 1388 1033 556 1472 777 725 0 804 383 859 828 765 721 1399 863 55 345 938 606 792 620 807 483 751 1083 897 361 569 777 1367 1397 480
533 526 671 715 729 204 1073 588 444 1022 583 1072 1063 558 421 1188 285 593 454 544 53 290 206 1072 61 547 1103 641 590 1187 51 440 804 0 729 573 363 551 225 1114 578 810 700 474 512 365 342 593 544 256 753 612 583 475 60 1082 1112 702
1107 916 596 32 449 625 1315 799 834 1232 475 1282 1314 450 810 1399 705 191 594 800 695 642 626 1314 738 937 1313 958 481 1398 703 650 383 729 0 784 753 691 646 1325 788 390 77 864 532 717 578 733 535 676 1008 822 200 495 702 1293 1322 421
563 390 1071 770 784 469 749 171 413 667 522 717 748 533 338 833 549 648 317 234 539 379 471 748 583 412 748 393 516 832 547 217 859 573 784 0 546 301 490 759 296 865 755 495 465 305 788 260 950 521 443 195 638 449 546 727 757 757
689 350 828 740 753 259 1012 613 268 929 607 979 1011 583 245 1096 339 617 478 448 329 217 260 1011 372 372 1010 607 614 1095 337 464 828 363 753 546 0 575 280 1022 602 834 724 298 536 269 499 617 701 310 656 636 607 499 336 990 1019 726
833 661 978 677 691 446 1020 379 655 937 256 987 1018 280 609 1104 527 555 130 505 516 464 448 1019 560 682 1018 663 250 1103 524 231 765 551 691 301 575 0 468 1030 369 771 661 686 200 539 765 75 857 498 713 403 545 243 524 998 1027 663
653 443 791 632 646 40 1021 505 361 939 500 989 1020 475 337 1105 152 510 371 461 191 207 45 1020 235 464 1020 620 506 1104 199 357 721 225 646 490 280 468 0 1031 495 727 617 391 429 282 463 510 664 49 670 529 500 392 198 999 1029 619
878 866 1612 1311 1325 1010 343 900 889 260 1005 217 341 1029 814 106 1090 1189 1045 608 1080 854 1011 341 1123 887 106 709 1000 105 1088 946 1399 1114 1325 759 1022 1030 1031 0 1024 1405 1295 970 1074 781 1328 988 1491 1061 418 923 1179 1070 1087 228 145 1297
611 439 856 555 569 254 798 407 462 715 423 765 796 398 387 882 334 433 294 283 324 272 255 796 368 460 796 441 429 881 332 266 643 358 569 267 383 390 275 807 0 650 540 493 352 347 573 433 735 306 491 431 423 315 331 776 805 542
1155 996 511 376 513 705 1396 879 914 1313 556 1363 1394 531 891 1479 786 346 675 880 775 723 707 1394 819 1018 1394 1039 562 1479 783 731 55 810 390 865 834 771 727 1405 869 0 351 945 613 798 626 814 489 757 1089 903 355 575 783 1373 1403 486
1068 886 558 63 419 596 1286 769 804 1203 446 1253 1284 421 781 1369 676 175 565 771 666 613 597 1284 709 908 1284 929 452 1369 673 621 345 700 77 755 724 661 617 1295 759 351 0 835 503 688 539 704 497 647 979 793 184 465 673 1263 1293 392
725 298 938 850 864 369 960 635 104 878 718 928 959 693 192 1044 450 728 589 396 439 273 371 959 483 319 959 555 724 1043 447 575 938 474 864 495 298 686 391 970 713 945 835 0 647 225 610 724 811 421 605 659 718 610 447 938 968 837
911 699 819 518 532 408 1064 431 617 982 178 1032 1063 202 593 1148 488 396 182 583 478 425 409 1063 521 720 1063 741 173 1147 486 283 606 512 532 465 536 200 429 1074 421 613 503 647 0 500 727 242 698 459 791 455 386 146 485 1042 1072 505
535 252 908 704 717 261 771 446 170 688 571 738 769 546 146 855 341 581 442 207 331 101 262 769 374 273 769 365 578 854 339 428 792 365 717 305 269 539 282 781 566 798 688 225 500 0 580 534 781 312 415 469 571 463 338 749 778 690
568 662 456 564 641 441 1108 803 580 1155 683 1286 1098 659 556 1402 522 521 669 759 308 505 443 1107 352 683 1317 676 690 1402 316 655 610 342 578 788 499 765 463 1328 793 616 539 610 727 580 0 808 329 493 963 827 511 689 315 1296 1326 614
792 619 1020 719 733 489 979 348 642 896 299 946 977 322 568 1062 569 597 173 464 559 506 490 977 602 641 977 622 293 1062 567 273 807 593 733 260 617 75 510 988 411 814 704 724 242 534 808 0 899 540 672 372 587 286 566 956 986 706
769 863 177 522 598 643 1310 965 782 1357 641 1448 1299 616 758 1565 723 479 760 961 510 707 644 1309 553 885 1480 878 648 1564 518 817 483 544 535 950 701 857 664 1491 954 489 497 811 698 781 329 899 0 695 1165 989 469 661 517 1459 1489 571
683 473 822 663 677 70 1052 536 391 969 530 1019 1050 506 368 1136 182 540 401 492 222 238 76 1050 265 495 1050 650 537 1135 230 388 751 256 676 521 310 498 49 1061 525 757 647 421 459 312 493 540 695 0 700 560 530 422 229 1030 1059 649
513 500 1291 994 1008 648 409 583 523 326 813 376 407 837 448 493 729 872 728 243 718 489 650 407 762 522 407 343 807 492 726 629 1083 753 1008 443 656 713 670 418 708 1089 979 605 791 415 963 672 1165 700 0 607 862 754 726 387 416 981
584 411 963 662 676 361 771 380 434 688 530 738 769 505 360 854 442 540 401 255 431 379 363 769 475 433 769 414 537 854 439 373 751 466 676 240 490 498 382 780 505 757 647 516 459 326 680 469 842 413 464 0 530 422 439 748 778 649
982 770 590 186 303 479 1169 653 688 1086 329 1136 1168 304 664 1253 559 88 448 654 549 496 480 1168 593 791 1167 812 335 1252 557 504 361 583 200 638 607 545 500 1179 642 355 184 718 386 571 511 587 469 530 862 677 0 349 556 1147 1176 275
874 661 782 481 495 370 1061 415 579 978 217 1028 1059 192 556 1144 451 359 210 545 440 388 372 1059 484 683 1059 704 216 1144 448 267 569 475 495 449 499 243 392 1070 405 575 465 610 146 463 689 286 661 422 754 439 349 0 448 1038 1068 467
506 499 644 688 702 177 1046 561 417 995 556 1045 1036 531 394 1161 258 566 427 517 29 263 179 1045 69 520 1076 614 563 1160 37 413 777 60 702 546 336 524 198 1087 551 783 673 447 485 338 315 566 517 229 726 585 556 448 0 1055 1085 675
847 834 1580 1279 1293 978 311 868 857 228 973 52 310 997 782 302 1058 1157 1013 576 1048 823 979 310 1092 855 216 677 968 301 1056 914 1367 1082 1293 727 990 998 999 228 992 1373 1263 938 1042 749 1296 956 1459 1030 387 892 1147 1038 1055 0 256 1265
876 864 1610 1309 1322 1008 371 897 887 288 1003 245 369 1027 812 219 1088 1186 1043 606 1078 852 1009 369 1121 885 70 707 997 218 1086 944 1397 1112 1322 757 1019 1027 1029 145 1022 1403 1293 968 1072 778 1326 986 1489 1059 416 921 1176 1068 1085 256 0 1295
909 885 464 325 401 594 1284 768 803 1201 444 1251 1283 419 779 1368 674 282 563 769 649 612 595 1283 693 906 1283 928 451 1367 657 619 370 684 338 753 722 660 615 1294 757 377 300 833 501 686 380 702 338 646 977 792 272 464 657 1262 1292 0
EOF