NAME : tsp_problem
TYPE : TSP
DIMENSION : 42
EDGE_WEIGHT_TYPE : EXPLICIT
EDGE_WEIGHT_FORMAT : FULL_MATRIX
EDGE_WEIGHT_SECTION
0 1125 553 316 514 473 511 1226 682 1242 523 246 1088 734 1023 859 1185 358 1205 468 192 664 438 1244 1231 746 245 322 275 391 713 1113 892 544 762 560 619 692 1144 703 673 741
1205 0 783 1164 836 846 858 965 706 831 799 1289 579 915 343 468 676 1380 696 1013 1359 713 1062 833 820 927 1094 1416 1317 962 998 604 641 1044 911 838 963 781 635 751 722 765
502 653 0 461 552 143 549 1264 720 1279 147 586 818 514 582 387 915 735 935 617 656 311 666 1121 1209 526 390 771 614 311 752 843 880 653 800 135 657 543 874 350 320 780
89 1176 604 0 565 524 561 1277 733 1292 574 297 1139 785 1073 910 1236 409 1256 519 243 715 488 1295 1282 797 296 373 325 442 764 1164 942 595 813 610 669 743 1195 753 724 792
597 705 552 556 0 615 97 752 208 767 568 523 614 372 548 557 711 584 731 217 626 302 266 770 757 384 486 620 543 691 337 639 417 252 386 607 243 330 670 341 311 267
422 716 143 381 615 0 611 1327 783 1342 210 506 881 577 645 449 978 655 998 668 576 374 637 1183 1271 589 310 691 534 369 814 906 943 716 863 150 720 606 937 413 383 842
594 727 549 553 97 611 0 775 231 790 564 519 637 368 571 553 733 581 754 213 623 298 262 793 780 380 482 616 539 688 334 661 440 249 382 603 239 326 692 337 307 290
1310 895 1264 1269 752 1327 775 0 622 291 1279 1235 707 912 738 949 892 1297 913 929 1339 1014 978 387 374 980 1198 1332 1255 1404 914 820 443 960 828 1319 879 746 851 1053 1023 682
765 575 720 724 208 783 231 622 0 638 736 691 484 433 419 629 581 752 601 385 795 470 434 640 627 501 654 788 711 859 320 509 288 366 234 775 285 267 540 509 479 137
1325 910 1279 1284 767 1342 790 291 638 0 1295 1250 572 927 753 964 758 1312 778 944 1354 1029 993 252 239 995 1213 1347 1270 1419 929 686 458 975 843 1334 894 762 717 1068 1038 697
472 668 147 431 568 210 564 1279 736 1295 0 556 833 529 597 402 930 705 951 633 625 327 682 1136 1224 541 360 741 584 229 767 858 896 668 816 202 673 558 889 365 336 795
389 1158 586 348 523 506 519 1235 691 1250 556 0 1097 743 1031 892 1193 267 1214 477 358 672 446 1253 1240 755 278 303 66 483 722 1121 900 552 770 592 627 701 1152 711 682 750
1171 448 818 1131 614 881 637 707 484 572 833 1097 0 725 292 503 257 1158 277 791 1201 747 840 374 461 792 1060 1194 1117 997 776 185 420 822 690 873 741 559 216 786 756 544
817 784 514 776 372 577 368 912 433 927 529 743 725 0 660 518 822 804 842 437 846 342 486 930 917 87 706 840 763 692 571 750 529 472 620 568 477 186 781 381 351 493
1003 212 582 963 548 645 571 738 419 753 597 1031 292 660 0 267 389 1093 409 726 1135 511 774 595 682 726 892 1128 1051 761 711 317 354 756 624 637 676 494 348 550 520 478
808 337 387 767 557 449 553 949 629 964 402 892 503 518 267 0 599 989 620 622 962 316 671 805 893 530 697 1025 921 565 756 527 565 657 805 441 662 547 558 354 325 689
1268 545 915 1227 711 978 733 892 581 758 930 1193 257 822 389 599 0 1255 40 888 1297 844 937 559 647 889 1157 1291 1214 1093 873 110 516 919 786 969 838 656 90 882 853 640
539 1249 735 498 584 655 581 1297 752 1312 705 267 1158 804 1093 989 1255 0 1276 538 191 734 508 1314 1302 816 427 213 288 633 783 1183 962 614 832 742 689 762 1214 773 743 812
1288 566 935 1248 731 998 754 913 601 778 951 1214 277 842 409 620 40 1276 0 908 1318 864 957 580 668 910 1177 1311 1234 1114 893 131 537 939 807 990 858 677 112 903 873 661
551 882 617 510 217 668 213 929 385 944 633 477 791 437 726 622 888 538 908 0 580 367 88 947 934 449 440 574 497 645 287 816 594 118 336 672 193 395 847 406 376 379
469 1238 665 428 626 585 623 1339 795 1354 635 358 1201 846 1135 972 1297 191 1318 580 0 776 550 1357 1344 858 357 155 387 503 825 1225 1004 656 874 672 731 804 1256 815 786 854
733 582 311 692 302 374 298 1014 470 1029 327 672 747 342 511 316 844 734 864 367 776 0 416 1032 1019 354 621 770 693 490 501 772 634 402 550 366 407 338 803 48 19 529
521 931 666 480 266 637 262 978 434 993 682 446 840 486 774 671 937 508 957 88 550 416 0 996 983 498 409 543 466 615 336 865 643 167 385 721 242 444 896 455 425 428
1327 751 1121 1287 770 1183 793 387 640 252 1136 1253 374 930 595 805 559 1314 580 947 1357 1032 996 0 142 997 1216 1350 1273 1299 932 487 461 978 846 1175 897 764 518 1071 1041 700
1314 839 1209 1274 757 1271 780 374 627 239 1224 1240 461 917 682 893 647 1302 668 934 1344 1019 983 142 0 985 1203 1337 1260 1387 919 575 448 965 833 1263 884 751 606 1058 1028 687
829 796 526 788 384 589 380 980 501 995 541 755 792 87 726 530 889 816 910 449 858 354 498 997 985 0 718 852 775 704 583 817 596 484 632 581 489 253 848 393 363 560
153 1240 668 112 629 588 625 1341 797 1356 638 361 1203 849 1137 974 1300 473 1320 583 307 779 552 1359 1346 861 0 437 389 506 828 1228 1006 659 877 674 734 807 1259 818 788 856
574 1285 771 533 620 691 616 1332 788 1347 741 303 1194 840 1128 1025 1291 213 1311 574 155 770 543 1350 1337 852 463 0 323 634 819 1219 997 650 868 777 724 798 1250 808 779 847
418 1187 614 377 543 534 539 1255 711 1270 584 66 1117 763 1051 921 1214 288 1234 497 387 693 466 1273 1260 775 306 323 0 512 742 1142 920 573 791 621 648 721 1173 732 702 770
399 831 311 358 691 369 688 1404 859 1419 229 483 997 692 761 565 1093 633 1114 645 516 490 615 1299 1387 704 288 646 512 0 890 1021 1059 721 939 365 796 722 1052 529 499 919
670 743 625 629 113 688 135 791 246 806 640 595 652 445 587 629 749 657 770 290 699 375 339 808 796 457 559 693 616 764 0 677 456 325 452 680 316 403 708 413 384 306
1196 473 843 1155 639 906 661 820 509 686 858 1121 185 750 317 527 110 1183 131 816 1225 772 865 487 575 817 1085 1219 1142 1021 801 0 445 847 714 897 766 584 69 810 781 568
975 511 880 934 417 943 440 443 288 458 896 900 420 529 354 565 516 962 537 594 1004 634 643 461 448 596 863 997 920 1059 579 445 0 625 493 935 544 363 475 673 644 347
627 913 653 586 252 716 249 960 366 975 668 552 822 472 756 657 919 614 939 118 656 402 167 978 965 484 516 650 573 721 211 847 625 0 259 708 116 430 878 441 412 303
757 696 712 716 199 775 222 743 199 758 727 682 605 531 539 716 701 744 722 377 786 461 426 761 748 543 645 779 702 851 491 629 408 412 0 766 402 388 660 500 470 258
508 707 135 467 607 150 603 1319 775 1334 202 592 873 568 637 441 969 742 990 672 662 366 721 1175 1263 581 397 777 621 365 806 897 935 708 855 0 712 598 928 405 375 834
702 832 657 661 204 720 227 879 285 894 673 627 741 477 676 662 838 689 858 193 731 407 242 897 884 489 590 724 648 796 130 766 544 116 178 712 0 435 797 445 416 222
775 650 543 734 330 606 326 746 267 762 558 701 559 186 494 547 656 762 677 395 804 338 444 764 751 253 664 798 721 722 529 584 363 430 473 598 435 0 615 377 347 327
1227 504 874 1186 670 937 692 851 540 717 889 1152 216 781 348 558 90 1214 112 847 1256 803 896 518 606 848 1116 1250 1173 1052 832 69 475 878 745 928 797 615 0 841 812 599
771 620 350 731 341 413 337 1053 509 1068 365 711 786 381 550 354 882 773 903 406 815 48 455 1071 1058 393 660 808 732 529 540 810 673 441 588 405 445 377 841 0 43 568
742 591 320 701 311 383 307 1023 479 1038 336 682 756 351 520 325 853 743 873 376 786 19 425 1041 1028 363 630 779 702 499 510 781 644 412 559 375 416 347 812 43 0 538
825 634 780 784 267 842 290 682 137 697 795 750 544 493 478 689 640 812 661 379 854 529 428 700 687 560 713 847 770 919 257 568 347 303 170 834 222 327 599 568 538 0
EOF