NAME : tsp_problem
TYPE : TSP
DIMENSION : 28
EDGE_WEIGHT_TYPE : EXPLICIT
EDGE_WEIGHT_FORMAT : FULL_MATRIX
EDGE_WEIGHT_SECTION
0 555 1033 238 1272 763 733 1198 633 996 784 641 260 745 953 451 205 1016 218 694 1114 376 700 335 1553 220 1219 847
555 0 822 636 859 548 518 785 220 830 569 227 658 331 742 408 436 850 424 280 948 774 286 733 1139 431 1053 681
1033 822 0 1014 565 337 332 491 652 416 353 710 1036 655 162 632 1082 440 1095 707 533 1152 708 1111 846 1096 638 458
238 636 1014 0 1314 744 714 1240 624 977 765 682 148 786 934 432 287 997 299 735 1095 264 741 223 1549 301 1200 828
1272 859 565 1314 0 588 632 159 740 716 574 687 1336 572 428 928 1154 740 1142 624 519 1452 625 1411 513 1149 624 758
763 548 337 744 588 0 58 514 378 441 67 436 766 540 256 358 812 465 825 489 559 882 496 841 869 826 664 471
733 518 332 714 632 58 0 558 347 437 79 406 735 510 252 327 781 461 794 459 555 852 465 811 913 796 659 441
1198 785 491 1240 159 514 558 0 665 642 500 613 1262 498 354 853 1080 666 1068 550 546 1378 551 1337 439 1075 650 684
633 220 652 624 740 378 347 665 0 660 399 108 646 212 572 238 515 679 503 161 778 762 167 721 1020 510 882 510
996 830 416 977 716 441 437 642 660 0 462 718 999 806 335 640 1045 203 1058 771 306 1116 777 1074 760 1059 411 292
784 569 353 765 574 67 79 500 399 462 0 457 787 561 272 379 833 486 846 510 580 903 516 862 855 847 685 492
641 227 710 682 687 436 406 613 108 718 457 0 704 160 630 296 522 738 510 168 836 820 174 779 968 517 941 569
260 658 1036 148 1336 766 735 1262 646 999 787 704 0 808 956 454 308 1019 321 757 1117 216 763 175 1571 323 1222 850
745 331 655 786 572 540 510 498 212 806 561 160 808 0 518 400 626 830 614 96 923 924 97 883 853 621 1028 673
953 742 162 934 428 256 252 354 572 335 272 630 956 518 0 551 1002 359 1014 570 453 1072 571 1031 709 1016 558 378
451 408 632 432 928 358 327 853 238 640 379 296 454 400 551 0 500 659 513 349 758 570 355 529 1208 514 862 490
205 436 1082 287 1154 812 781 1080 515 1045 833 522 308 626 1002 500 0 1065 47 575 1163 425 581 383 1434 51 1268 896
1016 850 440 997 740 465 461 666 679 203 486 738 1019 830 359 659 1065 0 1077 791 450 1135 797 1094 904 1079 555 204
218 424 1095 299 1142 825 794 1068 503 1058 846 510 321 614 1014 513 47 1077 0 563 1175 437 569 396 1422 42 1280 908
694 280 707 735 624 489 459 550 161 771 510 168 757 96 570 349 575 791 563 0 889 873 113 832 905 570 994 622
1367 1200 786 1348 542 812 807 568 1030 558 833 1088 1369 982 705 1010 1415 702 1428 1034 0 1486 1035 1445 590 1430 464 791
376 774 1152 264 1452 882 852 1378 762 1116 903 820 216 924 1072 570 425 1135 437 873 1233 0 880 100 1687 439 1338 966
700 286 708 741 625 496 465 551 167 777 516 174 763 97 571 355 581 797 569 113 895 880 0 838 906 576 1000 628
335 733 1111 223 1411 841 811 1337 721 1074 862 779 175 883 1031 529 383 1094 396 832 1192 100 838 0 1646 398 1297 925
1553 1139 846 1549 513 869 913 439 1020 760 855 968 1571 853 709 1208 1434 904 1422 905 561 1687 906 1646 0 1429 605 993
220 431 1096 301 1149 826 796 1075 510 1059 847 517 323 621 1016 514 51 1079 42 570 1177 439 576 398 1429 0 1282 910
1219 1053 638 1200 624 664 659 650 882 411 685 941 1222 1028 558 862 1268 555 1280 994 228 1338 1000 1297 605 1282 0 644
847 681 458 828 758 471 441 684 510 292 492 569 850 673 378 490 896 204 908 622 539 966 628 925 993 910 644 0
EOF