NAME : tsp_problem
TYPE : TSP
DIMENSION : 42
EDGE_WEIGHT_TYPE : EXPLICIT
EDGE_WEIGHT_FORMAT : FULL_MATRIX
EDGE_WEIGHT_SECTION
0 368 595 676 342 497 798 851 508 478 431 163 721 870 423 684 97 358 191 648 408 835 343 611 812 850 389 744 625 989 538 870 432 645 841 532 372 539 210 70 222 999
368 0 456 811 281 521 933 987 520 339 261 378 581 1006 284 819 438 494 405 509 55 967 124 471 673 982 170 880 674 1120 674 1002 263 505 972 393 152 400 326 410 437 1130
595 456 0 903 509 425 1026 1079 424 156 519 605 438 1098 260 911 664 586 632 413 495 988 431 182 529 1003 477 972 852 1142 766 1023 520 362 993 194 459 178 553 637 664 1151
676 811 903 0 693 601 286 339 612 786 790 549 1029 358 732 172 737 366 519 808 851 502 787 851 1121 637 833 108 310 776 224 657 792 953 498 836 815 843 732 667 591 786
342 281 509 693 0 574 815 868 573 392 140 352 634 887 337 701 412 547 379 562 320 1019 256 524 726 1034 302 761 436 1173 507 1054 142 558 1025 446 284 452 300 384 411 1183
497 519 425 601 572 0 724 777 45 322 582 370 692 796 395 609 559 284 340 236 559 712 495 317 784 727 540 670 550 866 464 747 584 616 717 264 523 271 554 489 412 876
798 933 1026 286 815 724 0 74 734 909 912 671 1151 94 854 182 859 488 641 930 973 237 909 973 1243 372 955 354 432 511 346 392 914 1075 234 958 937 965 855 790 713 521
851 987 1079 339 868 777 74 0 787 962 965 724 1204 48 907 235 913 542 694 983 1026 224 962 1026 1296 359 1008 407 486 498 399 379 967 1128 220 1011 990 1018 908 843 766 508
508 518 424 612 571 45 734 787 0 321 581 381 691 807 394 620 569 295 351 235 558 723 494 328 783 738 540 680 561 876 475 758 583 615 728 263 522 270 565 500 423 886
478 339 156 786 392 322 909 962 321 0 402 488 413 981 144 794 548 469 515 310 378 897 314 202 505 912 360 855 735 1051 649 932 403 337 903 124 343 130 436 520 547 1061
431 261 519 790 140 584 912 965 583 402 0 441 644 985 347 798 500 557 468 572 301 1030 237 534 736 1044 283 858 533 1183 604 1064 69 568 1035 456 265 462 389 473 500 1193
163 378 605 549 352 370 671 724 381 488 441 0 730 744 433 557 224 232 63 577 418 708 354 620 822 723 400 617 498 862 412 743 443 654 714 542 382 549 220 154 95 872
721 581 438 1029 634 693 1151 1204 693 413 644 730 0 1224 338 1037 790 712 757 682 621 1140 557 574 215 1155 603 1097 975 1293 892 1175 646 130 1145 495 585 502 678 763 789 1303
870 1006 1098 358 887 796 94 48 807 981 985 744 1224 0 926 254 932 561 713 1002 1045 243 981 1045 1315 378 1027 427 505 517 418 398 986 1148 240 1031 1010 1037 927 862 786 527
423 284 260 732 337 396 854 907 395 144 347 433 338 926 0 739 493 414 460 384 323 842 259 276 430 857 305 800 681 996 594 877 348 262 848 198 288 204 381 465 492 1006
684 819 911 172 701 609 182 235 620 794 798 557 1037 254 739 0 745 374 527 815 859 398 794 858 1128 533 840 240 318 672 232 553 800 961 394 844 823 851 740 675 599 682
97 438 664 737 412 559 859 913 569 548 500 224 790 932 493 745 0 420 251 718 477 897 413 680 882 912 459 805 686 1050 600 932 502 714 902 602 441 608 279 101 283 1060
358 494 586 366 547 284 488 542 295 469 557 232 712 561 414 374 420 0 201 490 534 526 469 533 803 541 515 434 315 679 229 561 558 636 531 519 498 525 415 350 274 689
191 405 632 519 379 340 641 694 351 515 468 63 757 713 460 527 251 201 0 547 445 678 381 589 849 693 427 587 468 832 381 713 470 681 684 569 409 576 247 181 105 842
464 325 372 626 378 333 748 801 344 255 388 395 498 821 200 634 533 309 365 0 364 737 300 388 589 751 346 694 575 890 489 771 389 422 742 309 328 316 422 506 437 900
408 55 495 851 320 560 973 1026 559 378 301 418 621 1045 323 859 477 534 445 549 0 1006 164 511 712 1021 209 919 713 1160 714 1041 302 545 1012 433 192 439 365 450 477 1170
835 967 988 502 1019 712 237 224 723 897 1030 708 1140 243 842 398 897 526 678 918 1006 0 942 961 1231 183 988 570 648 321 562 203 1031 1064 73 947 970 953 892 827 750 331
343 124 431 787 256 496 909 962 495 314 237 354 557 981 259 794 413 469 381 485 164 942 0 447 648 957 79 855 649 1096 649 977 238 481 948 368 88 375 301 386 413 1106
611 471 182 851 524 317 973 1026 328 202 534 620 574 1045 276 858 680 533 589 331 511 961 447 0 665 976 493 919 800 1115 713 996 536 498 967 112 475 95 568 653 662 1125
812 673 529 1121 726 785 1243 1296 784 505 736 822 215 1315 430 1128 882 803 849 773 712 1231 648 665 0 1246 694 1189 1069 1385 983 1266 737 254 1237 587 677 593 770 854 881 1395
850 982 1003 637 1034 727 372 359 738 912 1044 723 1155 378 857 533 912 541 693 933 1021 183 957 976 1246 0 1003 705 744 243 657 58 1046 1078 188 962 985 968 907 842 765 253
389 170 477 833 302 542 955 1008 541 360 283 400 603 1027 305 840 459 515 427 530 209 988 79 493 694 1003 0 901 695 1142 695 1023 284 527 994 414 52 421 347 431 459 1152
744 880 972 108 761 670 354 407 680 855 858 617 1097 427 800 240 805 434 587 876 919 570 855 919 1189 705 901 0 378 844 292 725 860 1021 566 904 883 911 801 736 659 854
625 674 852 310 436 550 432 486 561 735 533 498 975 505 681 318 686 315 468 757 713 648 649 800 1069 744 695 378 0 882 161 764 535 902 645 785 678 792 681 616 540 892
989 1120 1142 776 1173 866 511 498 876 1051 1183 862 1293 517 996 672 1050 679 832 1072 1160 321 1096 1115 1385 243 1142 844 882 0 796 263 1185 1217 327 1100 1124 1107 1046 981 904 88
538 674 766 224 507 464 346 399 475 649 604 412 892 418 594 232 600 229 381 670 714 562 649 713 983 657 695 292 161 796 0 677 606 816 558 699 678 705 595 530 454 806
870 1002 1023 657 1054 747 392 379 758 932 1064 743 1175 398 877 553 932 561 713 953 1041 203 977 996 1266 58 1023 725 764 263 677 0 1066 1099 208 982 1005 988 927 862 785 273
432 263 520 792 142 585 914 967 584 403 69 443 646 986 348 800 502 558 470 574 302 1031 238 536 737 1046 284 860 535 1185 606 1066 0 570 1037 457 267 464 390 475 502 1195
645 505 362 953 558 617 1075 1128 616 337 568 654 130 1148 262 961 714 636 681 606 545 1064 481 498 254 1078 527 1021 902 1217 816 1099 570 0 1069 419 509 426 602 687 713 1227
841 972 993 498 1025 717 234 220 728 903 1035 714 1145 240 848 394 902 531 684 924 1012 73 948 967 1237 188 994 566 645 327 558 208 1037 1069 0 952 976 959 897 832 756 337
532 393 194 836 446 264 958 1011 263 124 456 542 495 1031 198 844 602 519 569 252 433 947 368 112 587 962 414 904 785 1100 699 982 457 419 952 0 397 73 490 574 601 1110
372 152 459 815 284 525 937 990 524 343 265 382 585 1010 288 823 441 498 409 513 192 970 88 475 677 985 52 883 678 1124 678 1005 267 509 976 397 0 403 329 414 441 1134
539 400 178 843 452 271 965 1018 270 130 462 549 502 1037 204 851 608 525 576 259 439 953 375 95 593 968 421 911 792 1107 705 988 464 426 959 73 403 0 496 581 607 1117
210 326 553 732 300 554 855 908 565 436 389 220 678 927 381 740 279 415 247 606 365 892 301 568 770 907 347 801 681 1046 595 927 390 602 897 490 329 496 0 252 279 1055
70 410 637 667 384 489 790 843 500 520 473 154 763 862 465 675 101 350 181 691 450 827 386 653 854 842 431 736 616 981 530 862 475 687 832 574 414 581 252 0 213 991
222 437 664 591 411 412 713 766 423 547 500 95 789 786 492 599 283 274 105 619 477 750 413 662 881 765 459 659 540 904 454 785 502 713 756 601 441 607 279 213 0 914
999 1130 1151 786 1183 876 521 508 886 1061 1193 872 1303 527 1006 682 1060 689 842 1082 1170 331 1106 1125 1395 253 1152 854 892 88 806 273 1195 1227 337 1110 1134 1117 1055 991 914 0
EOF