NAME : tsp_problem
TYPE : TSP
DIMENSION : 78
EDGE_WEIGHT_TYPE : EXPLICIT
EDGE_WEIGHT_FORMAT : FULL_MATRIX
EDGE_WEIGHT_SECTION
0 330 1096 1324 900 799 866 919 748 763 1268 830 164 505 858 1242 785 1252 844 1030 162 186 845 504 1149 410 843 828 372 646 1184 1144 818 413 394 265 1141 1142 837 299 812 570 1139 885 894 850 1267 1269 1217 824 1217 1219 610 901 942 949 1246 1021 308 211 324 1245 964 790 483 539 416 690 1194 297 379 906 975 705 903 389 1274 613
330 0 1063 1292 996 766 834 931 765 730 1236 846 248 780 825 1209 802 1220 811 958 246 228 857 296 1116 686 859 796 687 437 1151 1111 834 139 120 98 1416 1109 805 601 780 846 1375 898 906 817 1497 1236 1184 840 1184 1186 626 917 955 961 1214 1296 73 156 50 1213 976 806 209 384 142 658 1161 189 105 1002 943 721 916 115 1242 381
1096 1063 0 282 581 573 432 515 784 609 226 515 1189 999 694 200 434 313 325 391 1188 1170 442 979 131 905 615 664 1064 670 165 126 591 1146 1127 1040 1001 103 319 820 364 1065 469 482 491 520 590 330 277 597 278 176 685 618 539 546 204 427 1042 1098 1057 306 560 712 1186 774 1149 443 175 1131 1112 587 336 730 500 1122 335 1089
1324 1292 282 0 809 801 661 744 1013 838 176 744 1418 1227 922 334 662 510 554 619 1416 1398 670 1208 359 1133 844 893 1292 899 347 354 819 1374 1356 1268 1229 238 547 1049 593 1293 571 710 719 749 593 161 215 825 506 311 914 847 768 774 185 624 1270 1326 1285 185 789 941 1414 1003 1378 672 337 1359 1341 815 565 958 728 1351 155 1317
900 996 581 809 0 506 365 238 538 543 753 269 1049 547 627 727 225 723 329 515 1047 1072 165 912 634 545 369 597 868 603 669 629 344 1079 1060 973 543 627 322 624 267 613 542 117 214 454 669 754 701 350 702 704 483 372 262 269 731 423 975 1031 990 730 283 465 1119 663 1082 376 679 1064 1045 34 460 484 223 1055 759 1022
799 766 573 801 506 0 174 440 527 76 745 441 892 702 161 719 359 729 279 351 891 873 367 682 626 608 541 131 767 373 661 621 516 849 830 743 926 619 286 523 290 768 885 407 416 90 1006 746 693 522 694 695 388 544 464 471 723 806 745 801 760 722 486 569 889 477 852 222 670 834 815 512 323 484 425 825 751 792
866 834 432 661 365 174 0 300 569 211 605 300 960 770 296 578 219 589 181 282 958 940 226 750 486 676 400 266 834 441 520 481 375 916 898 811 786 478 174 591 149 835 745 267 276 122 866 606 553 381 553 555 456 403 324 330 583 665 812 869 828 582 345 497 957 545 920 214 530 902 883 371 254 515 285 893 611 859
919 931 515 744 238 441 300 0 473 477 688 203 1057 685 562 661 160 672 263 449 1055 1037 96 847 569 683 303 532 887 538 603 564 278 1013 995 907 681 561 257 643 202 751 680 140 99 388 807 688 636 284 636 638 418 306 147 70 666 561 909 966 925 665 168 400 1054 597 1017 311 613 999 980 244 395 418 108 990 694 956
748 765 784 1013 538 527 569 473 0 491 956 305 891 652 586 930 377 941 532 718 889 871 399 681 837 558 318 557 716 382 872 832 293 847 829 741 879 830 526 473 470 717 878 439 448 578 1005 957 905 299 905 907 173 376 496 503 935 759 743 800 759 934 518 264 888 427 851 419 882 833 814 544 663 79 457 824 962 790
763 730 608 836 541 76 211 476 491 0 780 476 857 666 135 754 394 765 316 388 855 837 402 647 661 572 576 105 731 338 696 656 551 813 794 707 961 654 322 487 325 732 920 442 451 127 1041 781 729 557 729 731 352 579 499 506 759 841 709 765 724 757 521 533 853 441 817 202 706 798 779 547 360 448 460 790 786 756
1268 1236 226 176 753 745 605 688 956 782 0 688 1362 1171 866 278 606 486 498 563 1360 1342 614 1152 303 1077 788 837 1236 843 291 298 763 1318 1300 1212 1173 182 491 993 537 1237 641 654 663 693 689 257 311 769 450 255 858 791 712 718 145 599 1214 1270 1229 281 733 884 1358 947 1322 616 281 1303 1285 759 509 902 672 1295 251 1261
830 846 515 744 269 441 300 203 305 477 688 0 972 614 562 661 160 672 264 449 971 953 130 762 569 612 136 532 798 463 603 564 111 929 910 823 610 561 257 554 202 680 609 170 179 389 736 689 636 117 636 638 255 138 227 234 666 490 825 881 840 665 248 232 969 508 932 311 613 914 895 275 395 251 188 905 694 872
164 248 1189 1418 1049 892 960 1057 891 857 1362 972 0 654 952 1335 928 1346 937 1085 21 56 983 422 1243 559 985 922 521 563 1277 1238 961 330 312 183 1290 1235 931 448 906 719 1288 1024 1032 944 1415 1363 1310 967 1310 1312 752 1043 1081 1087 1340 1169 226 129 242 1339 1102 933 401 510 334 784 1287 215 297 1055 1069 848 1042 307 1368 531
505 780 999 1227 547 702 770 685 652 666 1171 614 654 0 761 1124 649 968 747 933 652 676 611 696 1051 150 714 731 473 556 1056 1044 689 863 844 755 788 1045 741 229 691 131 786 564 661 753 914 1109 1056 695 1120 1092 513 717 709 715 1150 668 758 701 774 1085 730 693 903 442 866 594 1066 787 829 553 878 608 670 839 1114 805
669 636 502 730 435 334 272 369 397 298 674 369 763 572 0 648 288 658 250 436 761 743 296 553 555 478 469 363 637 244 590 550 445 719 700 613 855 548 243 393 218 638 814 336 345 361 935 675 622 451 623 625 259 472 393 400 652 735 615 671 630 651 414 439 759 348 723 96 600 704 685 441 381 354 354 696 680 662
1242 1209 200 334 727 719 578 661 930 755 278 661 1335 1124 840 0 580 380 471 537 1334 1316 588 1125 151 1051 761 810 1210 816 105 145 737 1292 1273 1186 1120 155 465 966 510 1189 535 628 637 666 596 336 284 743 424 69 831 764 685 692 257 493 1188 1244 1203 312 706 858 1332 920 1295 589 95 1277 1258 733 482 876 646 1268 341 1234
785 802 434 662 225 359 219 160 377 396 606 160 928 649 480 580 0 591 182 368 926 908 86 718 487 594 208 451 753 418 522 482 184 884 866 778 645 480 176 510 120 715 644 127 135 307 771 607 555 190 555 557 285 263 184 190 584 525 780 836 795 583 205 305 924 464 888 229 532 869 851 231 313 323 145 861 612 827
1261 1228 322 324 746 738 598 680 949 774 421 680 1354 1110 859 328 599 0 490 556 1353 1335 607 1144 255 1070 780 829 1229 835 261 248 756 1311 1292 1205 1106 368 484 985 529 1176 427 647 656 686 449 189 137 762 426 297 850 783 704 711 429 480 1207 1263 1222 165 725 877 1351 939 1314 608 271 1296 1277 752 501 895 665 1287 194 1254
844 811 325 554 329 279 181 263 532 316 498 264 937 747 400 471 182 482 0 217 936 918 190 727 378 653 364 370 812 419 413 373 339 894 875 788 749 371 67 568 112 813 637 230 239 227 759 498 446 345 446 448 433 366 287 294 476 595 790 846 805 475 309 460 934 522 897 191 423 879 860 335 163 478 248 871 503 837
1030 958 391 619 515 351 282 449 718 388 563 449 1085 933 472 537 368 548 217 0 1083 1065 376 875 444 839 549 442 998 604 479 439 525 1041 1023 935 935 437 224 754 298 999 703 416 425 299 824 564 512 531 512 514 619 552 473 479 542 661 937 993 952 540 494 646 1081 708 1045 377 489 1026 1007 520 139 664 434 1018 569 984
162 246 1188 1416 1047 891 958 1055 889 855 1360 971 21 652 950 1334 926 1344 936 1083 0 54 982 420 1241 558 984 920 519 562 1276 1236 959 329 310 181 1288 1234 929 446 904 718 1287 1022 1031 942 1414 1361 1309 965 1309 1311 750 1042 1079 1086 1338 1168 225 127 240 1337 1101 931 399 508 332 782 1286 214 295 1053 1067 846 1040 305 1366 530
186 228 1170 1398 1072 873 940 1037 871 837 1342 953 56 676 932 1316 908 1326 918 1065 54 0 964 402 1223 582 966 902 543 544 1258 1218 941 311 292 163 1312 1216 911 471 886 742 1311 1004 1013 924 1438 1343 1290 947 1291 1293 732 1024 1061 1068 1320 1192 207 109 222 1319 1082 913 381 490 314 764 1268 196 277 1077 1049 828 1022 287 1348 511
845 857 442 670 165 367 226 96 399 404 614 130 983 611 488 588 86 598 190 376 982 964 0 773 495 610 230 458 813 464 530 490 205 940 921 834 607 488 183 569 128 677 606 66 71 315 733 615 562 211 563 565 345 233 119 126 592 487 836 892 851 591 141 326 980 524 943 237 540 925 906 171 321 345 80 916 620 883
504 296 979 1208 912 682 750 847 681 647 1152 762 422 696 742 1125 718 1136 727 875 420 402 773 0 1033 602 775 712 761 353 1067 1028 751 378 356 272 1332 1025 721 517 696 762 1291 814 822 734 1413 1153 1100 757 1100 1102 542 833 871 877 1130 1212 274 331 290 1129 892 723 250 300 278 574 1077 364 318 918 859 638 832 355 1158 152
1149 1116 131 359 634 626 486 569 837 663 303 569 1243 1051 747 151 487 307 378 444 1241 1223 495 1033 0 958 669 717 1117 724 84 72 644 1199 1181 1093 1047 177 372 874 418 1116 462 535 544 574 523 263 210 650 331 120 739 672 592 599 281 420 1095 1151 1110 239 614 765 1239 828 1203 497 94 1184 1165 640 390 783 553 1176 268 1142
410 686 905 1133 545 608 676 683 558 572 1077 612 559 150 667 1051 594 966 653 839 558 582 610 602 958 0 652 637 378 462 993 953 627 768 750 661 786 951 647 135 621 215 784 562 659 659 912 1078 1026 633 1026 1028 419 710 707 713 1055 666 664 606 680 1054 728 599 809 348 772 499 1003 693 735 551 784 514 668 745 1083 711
843 859 615 844 369 541 400 303 318 577 788 136 985 714 662 761 208 772 364 549 984 966 230 775 669 652 0 632 811 476 703 664 79 942 923 836 710 661 357 567 302 780 709 270 279 489 836 789 736 73 736 738 268 78 327 334 766 590 838 894 853 765 348 245 982 521 945 411 713 927 908 375 495 263 288 918 794 885
710 677 542 771 475 374 313 410 438 338 715 410 803 613 433 688 328 699 290 476 802 784 336 593 596 519 510 0 678 284 630 591 485 760 741 654 896 588 284 434 259 679 854 377 385 401 976 715 663 491 663 665 299 513 434 440 693 775 655 712 671 692 455 480 800 388 763 137 640 745 726 481 422 395 395 736 721 702
372 687 1064 1292 868 767 834 887 716 731 1236 798 521 473 826 1210 753 1220 812 998 519 543 813 761 1117 378 811 796 0 621 1152 1112 786 770 751 622 1109 1110 805 267 780 538 1107 853 862 818 1235 1237 1185 792 1185 1187 578 869 910 917 1214 989 665 568 681 1213 932 758 840 507 773 658 1162 654 736 874 943 673 871 746 1242 870
646 437 670 899 603 373 441 538 382 338 843 463 563 556 433 816 418 827 419 604 562 544 464 353 724 462 476 403 621 0 758 719 451 520 501 414 1024 716 412 378 387 622 983 505 513 425 1104 844 791 457 791 793 243 534 562 568 821 903 416 472 431 820 583 423 560 332 523 265 768 505 486 609 550 338 523 496 849 463
1184 1151 165 347 669 661 520 603 872 697 291 603 1277 1056 782 105 522 312 413 479 1276 1258 530 1067 84 993 703 752 1152 758 0 78 678 1234 1215 1128 1052 168 407 908 452 1122 468 570 579 608 529 269 216 684 366 82 773 706 627 633 270 426 1129 1186 1145 245 648 800 1274 862 1237 531 73 1219 1200 674 424 818 588 1210 274 1176
1144 1111 126 354 629 621 481 564 832 658 298 564 1238 1044 742 145 482 300 373 439 1236 1218 490 1028 72 953 664 712 1112 719 78 0 639 1194 1175 1088 1040 172 367 869 413 1110 456 530 539 569 517 257 204 645 326 113 734 667 587 594 276 414 1090 1146 1105 233 609 760 1234 823 1198 492 87 1179 1160 635 385 778 548 1171 262 1137
818 834 591 819 344 516 375 278 293 552 763 111 961 689 637 737 184 747 339 525 959 941 205 751 644 627 79 607 786 451 678 639 0 917 898 811 685 636 332 543 277 755 684 245 254 464 811 764 711 99 711 713 243 105 302 309 741 565 813 869 828 740 324 220 957 497 921 386 688 902 883 350 470 239 263 894 769 860
413 139 1146 1374 1079 849 916 1013 847 813 1318 929 330 863 908 1292 884 1302 894 1041 329 311 940 378 1199 768 942 878 770 520 1234 1194 917 0 175 181 1499 1192 887 684 862 928 1458 980 989 900 1579 1319 1267 923 1267 1269 708 1000 1037 1044 1296 1378 155 239 128 1295 1059 889 264 466 197 740 1244 272 160 1085 1025 804 998 53 1324 436
394 120 1127 1356 1060 830 898 995 829 794 1300 910 312 844 889 1273 866 1284 875 1023 310 292 921 356 1181 750 923 860 751 501 1215 1175 898 175 0 162 1480 1173 869 665 844 910 1439 962 970 881 1561 1300 1248 904 1248 1250 690 981 1019 1025 1278 1360 137 221 109 1277 1040 870 176 448 109 722 1225 253 72 1066 1007 785 980 152 1306 347
265 98 1040 1268 973 743 811 907 741 707 1212 823 183 755 802 1186 778 1197 788 935 181 163 834 272 1093 661 836 772 622 414 1128 1088 811 181 162 0 1391 1086 782 549 756 821 1352 874 883 794 1473 1213 1161 817 1161 1163 603 894 931 938 1190 1271 77 92 92 1189 953 783 251 360 184 634 1138 125 147 979 919 698 892 158 1218 382
1141 1416 1001 1229 543 926 786 681 879 963 1173 610 1290 788 1047 1120 645 964 749 935 1288 1312 607 1332 1047 786 710 1018 1109 1024 1052 1040 685 1499 1480 1391 0 1047 743 865 687 854 782 560 656 874 873 1105 1052 691 1122 1088 830 713 705 711 1152 664 1394 1337 1410 1081 726 807 1539 1078 1502 797 1062 1423 1465 549 880 825 666 1475 1110 1441
1142 1109 103 238 627 619 478 561 830 655 182 561 1235 1045 740 155 480 359 371 437 1234 1216 488 1025 177 951 661 710 1110 716 168 172 636 1192 1173 1086 1047 0 365 866 410 1111 515 528 537 566 636 365 323 642 324 132 731 664 585 591 160 473 1088 1144 1103 352 606 758 1232 820 1195 489 158 1177 1158 632 382 776 546 1168 359 1134
837 805 319 547 322 286 174 257 526 322 491 257 931 741 407 465 176 475 67 224 929 911 183 721 372 647 357 377 805 412 407 367 332 887 869 782 743 365 0 562 106 806 631 224 232 233 752 492 439 338 440 441 427 360 281 287 469 589 783 840 799 468 302 454 928 516 891 185 416 873 854 328 169 472 242 864 497 830
299 601 820 1049 624 523 591 643 473 487 993 554 448 229 582 966 510 977 568 754 446 471 569 517 874 135 567 553 267 378 908 869 543 684 665 549 865 866 562 0 537 295 864 610 619 574 991 993 941 549 941 943 334 625 667 673 971 745 580 495 595 970 688 515 724 263 687 415 918 582 650 630 700 430 628 660 999 626
812 780 364 593 267 290 149 202 470 326 537 202 906 691 411 510 120 521 112 298 904 886 128 696 418 621 302 381 780 387 452 413 277 862 844 756 687 410 106 537 0 757 676 168 177 237 798 537 485 283 485 487 378 305 225 232 515 567 758 815 774 514 247 398 903 491 866 160 462 848 829 273 244 416 186 839 543 805
701 767 1196 1424 744 899 966 881 848 863 1368 811 850 262 958 1320 846 1164 944 1129 849 873 808 893 1247 346 911 928 669 753 1253 1241 886 849 831 743 984 1241 937 426 888 0 983 760 857 950 1110 1305 1253 892 1316 1289 709 914 905 912 1346 864 745 801 760 1281 927 890 919 639 853 790 1263 834 816 749 1075 805 866 826 1310 1002
1139 1375 469 571 542 885 745 680 878 921 641 609 1288 786 1006 535 644 379 637 703 1287 1311 606 1291 462 784 709 976 1107 983 468 456 684 1458 1439 1352 782 515 631 864 676 852 0 558 655 833 178 435 383 690 573 504 829 712 703 710 619 346 1354 1335 1369 412 725 805 1498 1077 1461 755 478 1422 1424 547 649 824 664 1435 441 1401
885 898 482 710 117 407 267 140 439 444 654 170 1024 564 529 628 127 639 230 416 1022 1004 66 814 535 562 270 499 853 505 570 530 245 980 962 874 560 528 224 610 168 629 558 0 115 355 686 655 603 251 603 605 385 273 163 170 633 440 876 932 891 632 185 367 1020 564 984 278 580 965 946 123 361 385 124 957 660 923
894 906 491 719 214 416 276 99 448 453 663 179 1032 661 537 637 135 647 239 425 1031 1013 71 822 544 659 279 508 862 513 579 539 254 989 970 883 656 537 232 619 177 726 655 115 0 364 782 664 611 260 612 614 394 282 122 84 641 536 885 941 900 640 144 375 1029 573 992 286 589 974 955 220 370 394 83 965 669 932
850 817 520 749 454 90 122 388 578 127 693 389 944 753 212 666 307 677 227 299 942 924 315 734 574 659 489 182 818 425 608 569 464 900 881 794 874 566 233 574 237 819 833 355 364 0 954 694 641 470 641 643 439 491 412 419 671 754 796 852 811 670 434 585 940 528 904 200 618 885 866 460 271 535 373 877 699 843
1267 1497 590 593 669 1006 866 807 1005 1043 689 736 1415 914 1127 596 771 506 759 824 1414 1438 733 1413 523 912 836 1098 1235 1104 529 517 811 1579 1561 1473 873 636 752 991 798 979 178 686 782 954 0 458 405 817 695 565 956 839 831 837 698 473 1475 1462 1490 434 852 933 1619 1204 1583 877 539 1549 1546 675 770 951 792 1556 463 1522
1269 1236 330 161 754 746 606 688 957 782 257 689 1363 1119 867 336 607 375 498 564 1361 1343 615 1153 263 1078 789 837 1237 844 269 257 764 1319 1300 1213 1114 365 492 993 537 1184 435 655 664 694 458 0 121 770 434 305 859 792 712 719 266 488 1215 1271 1230 90 734 885 1359 948 1323 616 279 1304 1285 760 510 903 673 1296 60 1262
1217 1184 277 215 701 693 553 636 905 730 311 636 1310 1066 815 284 555 322 446 512 1309 1290 562 1100 210 1026 736 785 1185 791 216 204 711 1267 1248 1161 1062 323 439 941 485 1132 383 603 611 641 405 121 0 717 382 252 806 739 660 666 320 436 1162 1219 1178 121 681 833 1307 895 1270 564 226 1252 1233 707 457 851 621 1243 114 1209
824 840 597 825 350 522 381 284 299 558 769 117 967 695 643 743 190 753 345 531 965 947 211 757 650 633 73 613 792 457 684 645 99 923 904 817 691 642 338 549 283 761 690 251 260 470 817 770 717 0 717 719 249 99 308 315 747 571 819 875 834 746 330 226 963 503 927 392 694 908 889 356 476 245 269 900 775 866
1198 1165 259 446 669 675 535 618 886 712 431 618 1292 913 796 325 536 169 427 493 1290 1272 544 1082 252 911 718 766 1166 773 258 246 693 1248 1230 1142 909 305 421 923 467 979 325 584 593 623 452 310 258 699 0 294 788 721 641 648 410 283 1144 1200 1159 287 663 814 1288 877 1252 546 268 1233 1214 674 439 832 602 1225 315 1191
1219 1186 176 311 704 695 555 638 907 732 255 638 1312 1092 817 69 557 348 448 514 1311 1293 565 1102 120 1028 738 787 1187 793 82 113 713 1269 1250 1163 1088 132 441 943 487 1158 504 605 614 643 565 305 252 719 400 0 808 741 662 668 233 462 1164 1221 1180 281 683 835 1309 897 1272 566 72 1254 1235 709 459 853 623 1245 310 1211
610 626 685 914 483 388 456 418 173 352 858 255 752 513 447 831 285 842 433 619 750 732 345 542 739 419 268 418 578 243 773 734 243 708 690 603 830 731 427 334 378 579 829 385 394 439 956 859 806 249 806 808 0 326 442 448 836 710 604 661 620 835 463 214 749 288 712 280 783 694 675 489 565 129 403 685 864 651
901 917 618 847 372 544 403 306 376 580 791 138 1043 717 665 764 263 775 366 552 1042 1024 233 833 672 710 78 635 869 534 706 667 105 1000 981 894 713 664 360 625 305 783 712 273 282 491 839 792 739 99 739 741 326 0 330 336 769 593 896 952 911 768 351 303 1040 579 1003 414 716 985 966 377 498 321 291 976 797 942
942 955 539 768 262 464 324 147 496 501 712 227 1081 709 586 685 184 696 287 473 1079 1061 119 871 592 707 327 556 910 562 627 587 302 1037 1019 931 705 585 281 667 225 775 703 163 122 412 831 712 660 308 660 662 442 330 0 177 690 585 933 990 948 689 52 424 1077 621 1041 335 637 1022 1004 268 419 442 58 1014 718 980
949 961 546 774 269 471 330 70 503 507 718 234 1087 715 592 692 190 702 294 479 1086 1068 126 877 599 713 334 562 917 568 633 594 309 1044 1025 938 711 591 287 673 232 781 710 170 84 419 837 719 666 315 666 668 448 336 177 0 696 591 939 996 955 695 198 430 1084 627 1047 341 643 1029 1010 274 425 449 138 1020 724 986
1246 1214 204 185 731 723 583 666 935 760 145 666 1340 1150 844 257 584 464 476 542 1338 1320 592 1130 281 1055 766 815 1214 821 270 276 741 1296 1278 1190 1152 160 469 971 515 1215 619 633 641 671 698 266 320 747 428 233 836 769 690 696 0 578 1192 1249 1208 290 711 863 1337 925 1300 594 259 1282 1263 737 487 881 651 1273 260 1239
1021 1296 427 614 423 806 665 561 759 843 599 490 1169 668 927 493 525 337 595 661 1168 1192 487 1212 420 666 590 897 989 903 426 414 565 1378 1360 1271 664 473 589 745 567 733 346 440 536 754 473 478 426 571 532 462 710 593 585 591 578 0 1274 1217 1290 455 606 687 1419 958 1382 676 436 1303 1345 429 607 705 546 1355 483 1321
308 73 1042 1270 975 745 812 909 743 709 1214 825 226 758 804 1188 780 1198 790 937 225 207 836 274 1095 664 838 774 665 416 1129 1090 813 155 137 77 1394 1088 783 580 758 824 1354 876 885 796 1475 1215 1162 819 1163 1164 604 896 933 939 1192 1274 0 135 67 1191 954 785 226 362 159 636 1139 168 122 980 921 700 894 132 1220 383
211 156 1098 1326 1031 801 869 966 800 765 1270 881 129 701 860 1244 836 1255 846 993 127 109 892 331 1151 606 894 830 568 472 1186 1146 869 239 221 92 1337 1144 840 495 815 766 1335 932 941 852 1462 1271 1219 875 1219 1221 661 952 990 996 1249 1217 135 0 150 1248 1011 841 309 418 243 693 1196 124 205 1037 977 756 950 216 1276 440
324 50 1057 1285 990 760 828 925 759 724 1229 840 242 774 819 1203 795 1214 805 952 240 222 851 290 1110 680 853 789 681 431 1145 1105 828 128 109 92 1410 1103 799 595 774 840 1369 891 900 811 1490 1230 1178 834 1178 1180 620 911 948 955 1208 1290 67 150 0 1207 970 800 198 377 132 652 1155 183 94 996 936 715 909 105 1235 370
1245 1213 306 185 730 722 582 665 934 759 281 665 1339 1095 843 312 583 351 475 540 1337 1319 591 1129 239 1054 765 814 1213 820 245 233 740 1295 1277 1189 1091 352 468 970 514 1161 412 632 640 670 434 90 121 746 411 281 835 768 689 695 290 464 1191 1248 1207 0 710 862 1335 924 1299 593 255 1280 1262 736 486 879 650 1272 84 1238
964 976 560 789 283 486 345 168 518 522 733 248 1102 730 607 706 205 717 309 494 1101 1082 141 892 614 728 348 577 932 583 648 609 324 1059 1040 953 726 606 302 688 247 796 725 185 144 434 852 734 681 330 681 683 463 351 52 198 711 606 954 1011 970 710 0 445 1099 642 1062 356 658 1044 1025 289 440 464 80 1035 739 1001
790 806 712 941 465 569 497 400 264 533 884 232 933 693 628 858 305 869 460 646 931 913 326 723 765 599 245 598 758 423 800 760 220 889 870 783 807 758 454 515 398 759 805 367 375 585 933 885 833 226 833 835 214 303 424 430 863 687 785 841 800 862 445 0 929 469 893 460 810 874 855 471 591 210 385 866 890 832
483 209 1186 1414 1119 889 957 1054 888 853 1358 969 401 903 948 1332 924 1343 934 1081 399 381 980 250 1239 809 982 918 840 560 1274 1234 957 264 176 251 1539 1232 928 724 903 969 1498 1020 1029 940 1619 1359 1307 963 1307 1309 749 1040 1077 1084 1337 1419 226 309 198 1335 1099 929 0 506 97 780 1284 342 138 1125 1065 844 1038 241 1364 241
539 384 774 1003 663 477 545 597 427 441 947 508 510 442 536 920 464 931 522 708 508 490 524 300 828 348 521 507 507 332 862 823 497 466 448 360 1078 820 516 263 491 508 1077 564 573 528 1204 948 895 503 895 897 288 579 621 627 925 958 362 418 377 924 642 469 506 0 470 369 872 451 433 668 654 384 582 443 953 409
416 142 1149 1378 1082 852 920 1017 851 817 1322 932 334 866 912 1295 888 1306 897 1045 332 314 943 278 1203 772 945 882 773 523 1237 1198 921 197 109 184 1502 1195 891 687 866 932 1461 984 992 904 1583 1323 1270 927 1270 1272 712 1003 1041 1047 1300 1382 159 243 132 1299 1062 893 97 470 0 744 1247 276 71 1088 1029 808 1002 174 1328 269
690 658 443 672 376 355 214 311 419 319 616 311 784 594 414 589 229 600 191 377 782 764 237 574 497 499 411 384 658 265 531 492 386 740 722 634 797 489 185 415 160 659 755 278 286 302 877 616 564 392 564 566 280 414 335 341 594 676 636 693 652 593 356 460 780 369 744 0 541 725 707 382 323 375 296 717 622 683
1194 1161 175 337 679 670 530 613 882 707 281 613 1287 1066 792 95 532 322 423 489 1286 1268 540 1077 94 1003 713 762 1162 768 73 87 688 1244 1225 1138 1062 158 416 918 462 1132 478 580 589 618 539 279 226 694 375 72 783 716 637 643 259 436 1139 1196 1155 255 658 810 1284 872 1247 541 0 1229 1210 684 434 828 598 1220 284 1186
297 189 1131 1359 1064 834 902 999 833 798 1303 914 215 787 893 1277 869 1288 879 1026 214 196 925 364 1184 693 927 863 654 505 1219 1179 902 272 253 125 1423 1177 873 582 848 853 1422 965 974 885 1549 1304 1252 908 1252 1254 694 985 1022 1029 1282 1303 168 124 183 1280 1044 874 342 451 276 725 1229 0 238 1070 1010 789 983 249 1309 473
379 105 1112 1341 1045 815 883 980 814 779 1285 895 297 829 874 1258 851 1269 860 1007 295 277 906 318 1165 735 908 845 736 486 1200 1160 883 160 72 147 1465 1158 854 650 829 895 1424 946 955 866 1546 1285 1233 889 1233 1235 675 966 1004 1010 1263 1345 122 205 94 1262 1025 855 138 433 71 707 1210 238 0 1051 992 770 964 137 1291 309
906 1002 587 815 34 512 371 244 544 548 759 275 1055 553 633 733 231 729 335 520 1053 1077 171 918 640 551 375 603 874 609 674 635 350 1085 1066 979 549 632 328 630 273 619 547 123 220 460 675 760 707 356 707 709 489 377 268 274 737 429 980 1037 996 736 289 471 1125 668 1088 382 684 1070 1051 0 466 490 229 1061 765 1027
975 943 336 565 460 323 254 395 663 360 509 395 1069 878 444 482 313 493 163 139 1067 1049 321 859 390 784 495 414 943 550 424 385 470 1025 1007 919 880 382 169 700 244 944 649 361 370 271 770 510 457 476 457 459 565 498 419 425 487 607 921 977 936 486 440 591 1065 654 1029 323 434 1010 992 466 0 609 379 1002 515 968
705 721 730 958 484 484 515 418 79 448 902 251 848 608 543 876 323 887 478 664 846 828 345 638 783 514 263 513 673 338 818 778 239 804 785 698 825 776 472 430 416 674 824 385 394 535 951 903 851 245 851 853 129 321 442 449 881 705 700 756 715 879 464 210 844 384 808 375 828 789 770 490 609 0 403 781 908 747
903 916 500 728 223 425 285 108 457 462 672 188 1042 670 547 646 145 657 248 434 1040 1022 80 832 553 668 288 517 871 523 588 548 263 998 980 892 666 546 242 628 186 735 664 124 83 373 792 673 621 269 621 623 403 291 58 138 651 546 894 950 909 650 80 385 1038 582 1002 296 598 983 964 229 379 403 0 975 678 941
389 115 1122 1351 1055 825 893 990 824 790 1295 905 307 839 885 1268 861 1279 871 1018 305 287 916 355 1176 745 918 855 746 496 1210 1171 894 53 152 158 1475 1168 864 660 839 905 1435 957 965 877 1556 1296 1243 900 1243 1245 685 976 1014 1020 1273 1355 132 216 105 1272 1035 866 241 443 174 717 1220 249 137 1061 1002 781 975 0 1301 412
1274 1242 335 155 759 751 611 694 962 788 251 694 1368 1124 872 341 612 380 503 569 1366 1348 620 1158 268 1083 794 842 1242 849 274 262 769 1324 1306 1218 1120 359 497 999 543 1189 441 660 669 699 463 60 114 775 440 310 864 797 718 724 260 493 1220 1276 1235 84 739 890 1364 953 1328 622 284 1309 1291 765 515 908 678 1301 0 1267
613 381 1089 1317 1022 792 859 956 790 756 1261 872 531 805 851 1234 827 1245 837 984 530 511 883 152 1142 711 885 821 870 463 1176 1137 860 436 347 382 1441 1134 830 626 805 871 1401 923 932 843 1522 1262 1209 866 1209 1211 651 942 980 986 1239 1321 383 440 370 1238 1001 832 241 409 269 683 1186 473 309 1027 968 747 941 412 1267 0
EOF