NAME : tsp_problem
TYPE : TSP
DIMENSION : 52
EDGE_WEIGHT_TYPE : EXPLICIT
EDGE_WEIGHT_FORMAT : FULL_MATRIX
EDGE_WEIGHT_SECTION
0 873 788 599 729 868 796 1134 1050 541 686 1010 755 679 676 509 706 741 344 390 1032 1126 788 598 737 843 679 933 454 680 326 458 762 773 677 446 794 1162 504 533 1148 957 780 323 1018 1102 589 714 684 773 651 885
873 0 211 421 503 1002 930 656 571 363 650 585 824 524 450 532 668 586 564 627 607 711 922 417 582 235 452 1066 637 1051 698 899 921 294 540 628 315 683 527 482 690 667 913 765 593 624 1030 559 534 294 674 363
788 211 0 315 397 916 844 620 536 277 565 549 789 418 344 447 562 480 478 521 572 675 836 311 476 199 346 981 551 965 592 814 836 259 434 543 280 647 441 376 655 631 828 679 558 588 945 453 428 259 588 328
599 421 315 0 156 957 886 589 505 406 606 519 538 207 103 353 351 269 475 253 541 644 878 56 265 298 105 1022 548 1007 325 810 877 228 223 539 249 617 348 86 624 600 869 676 527 557 941 242 218 228 410 340
729 503 397 156 0 1039 967 671 587 487 688 600 668 288 135 435 433 351 556 383 623 726 959 152 347 379 137 1104 629 1088 455 892 959 309 305 621 330 698 429 216 706 682 951 757 608 639 1023 323 299 309 492 422
868 1002 916 957 1039 0 344 1263 1178 669 397 1192 1431 966 986 686 883 1006 558 1083 1214 1318 336 953 1001 971 988 245 460 323 1018 736 193 901 854 509 922 1290 681 1018 1297 1273 339 622 1200 1230 364 923 861 901 828 1014
796 930 844 886 967 344 0 1191 1107 598 325 1120 1360 895 915 615 812 934 486 1011 1143 1246 22 882 930 899 917 266 388 486 946 822 357 830 783 437 851 1218 610 946 1226 1202 33 688 1129 1159 527 852 789 830 756 942
1134 656 620 589 671 1263 1191 0 319 711 912 333 572 692 618 793 836 754 825 795 276 295 1183 585 750 465 620 1327 898 1312 866 1160 1182 409 708 889 386 96 788 650 242 414 1174 1026 341 371 1291 727 702 402 895 325
1005 714 679 648 730 1321 1250 462 0 770 970 279 385 750 677 852 895 813 883 660 302 395 1242 644 809 524 679 1386 956 1371 731 1219 1241 468 767 948 445 490 847 709 418 227 1233 1085 288 89 1350 786 761 461 953 384
541 363 277 406 487 669 598 711 627 0 318 640 880 480 435 200 397 519 231 611 663 766 590 402 515 419 437 734 304 719 683 567 589 349 368 296 370 738 195 466 746 722 581 433 648 679 698 437 374 350 341 462
686 650 565 606 688 397 325 912 827 318 0 841 1080 625 635 345 542 664 376 812 863 966 317 602 660 620 637 461 325 446 836 712 316 550 513 374 571 939 340 667 946 922 308 578 849 879 487 582 519 550 486 662
1010 585 549 519 600 1192 1120 333 232 640 841 0 389 621 547 722 765 683 754 664 112 200 1112 514 679 394 549 1256 827 1241 736 1090 1112 338 637 818 315 360 717 579 228 232 1103 955 43 284 1220 656 631 331 824 254
755 824 789 538 668 1431 1360 572 472 880 1080 389 0 618 615 801 762 680 923 409 412 505 1352 537 676 634 617 1496 1033 1259 481 1037 1341 578 635 1025 555 599 807 471 528 337 1343 902 398 524 1168 653 629 571 822 494
679 524 418 207 288 966 895 692 608 480 625 621 618 0 236 316 277 85 479 334 644 747 887 203 80 400 238 1031 552 1016 405 815 886 330 149 544 351 719 321 267 727 703 878 681 629 660 946 99 143 330 336 443
676 450 344 103 135 986 915 618 534 435 635 547 615 236 0 382 380 298 503 331 570 673 907 99 294 326 84 1051 577 1036 402 839 906 257 252 568 278 645 377 164 653 629 898 705 556 586 970 271 246 257 439 369
509 532 447 353 435 686 615 793 709 200 345 722 801 316 382 0 232 355 199 517 745 848 607 349 351 501 384 751 273 736 588 535 606 432 204 264 453 820 73 414 828 804 598 401 731 761 666 273 210 432 177 544
706 668 562 351 433 883 812 836 752 397 542 765 762 277 380 232 0 316 396 478 788 891 804 347 312 544 382 948 469 932 549 732 803 475 165 461 496 863 237 412 871 847 795 598 774 804 863 234 171 475 252 587
741 586 480 269 351 1006 934 754 670 519 664 683 680 85 298 355 316 0 519 396 706 809 926 265 38 462 300 1070 592 1055 467 854 925 393 188 583 414 781 361 330 789 765 917 720 692 722 985 103 182 393 375 505
344 564 478 475 556 558 486 825 740 231 376 754 923 479 503 199 396 519 0 559 776 879 478 470 514 533 505 623 144 593 494 370 478 463 367 136 484 852 194 535 859 835 470 236 762 792 501 436 374 463 341 575
390 627 521 253 383 1083 1011 795 711 611 812 664 409 334 331 517 478 396 559 0 687 780 1003 253 392 503 333 1147 669 895 116 672 976 433 350 660 454 822 523 187 802 612 994 538 673 763 803 369 344 433 537 546
1032 607 572 541 623 1214 1143 276 255 663 863 112 412 644 570 745 788 706 776 687 0 238 1135 537 702 417 572 1279 850 1264 758 1112 1134 361 660 841 338 303 740 602 157 254 1126 978 121 307 1243 679 654 354 847 277
1136 711 675 644 726 1318 1246 295 358 766 966 200 515 747 673 848 891 809 879 790 238 0 1238 640 805 520 675 1382 953 1367 862 1215 1237 464 763 944 441 260 843 705 354 357 1229 1081 209 410 1346 782 757 457 950 380
788 922 836 878 959 336 22 1183 1099 590 317 1112 1352 887 907 607 804 926 478 1003 1135 1238 0 874 922 891 909 258 380 478 938 814 349 822 775 429 843 1210 601 938 1218 1194 25 680 1121 1151 519 844 781 822 748 934
598 417 311 56 152 953 882 585 501 402 602 514 537 203 99 349 347 265 470 253 537 640 874 0 261 293 101 1018 544 1003 324 806 873 224 219 535 245 612 344 85 620 596 865 672 523 553 937 238 213 224 406 336
737 582 476 265 347 1001 930 750 666 515 660 679 676 80 294 351 312 38 514 392 702 805 922 261 0 458 296 1066 588 1051 463 850 921 389 184 579 410 777 357 326 785 761 913 716 688 718 981 99 178 389 371 501
843 235 199 298 379 971 899 465 381 419 620 394 634 400 326 501 544 462 533 503 417 520 891 293 458 0 328 1035 606 1020 574 868 890 170 416 597 192 492 496 358 500 476 882 734 403 433 999 435 410 171 603 170
679 452 346 105 137 988 917 620 536 437 637 549 617 238 84 384 382 300 505 333 572 675 909 101 296 328 0 1053 579 1038 404 841 908 259 254 570 280 647 379 166 655 631 900 707 558 588 972 273 248 259 441 371
933 1066 981 1022 1104 245 266 1327 1243 734 461 1256 1496 1031 1051 751 948 1070 623 1147 1279 1382 258 1018 1066 1035 1053 0 524 388 1083 801 258 966 919 573 987 1354 746 1083 1362 1338 261 687 1265 1295 428 988 925 966 893 1078
454 637 551 548 629 460 388 898 814 304 325 827 1033 552 577 273 469 592 144 669 850 953 380 544 588 606 579 524 0 509 604 480 379 536 441 95 557 925 267 608 933 909 371 346 835 866 550 509 447 536 414 649
680 1051 965 1007 1088 323 486 1312 1228 719 446 1241 1259 1016 1036 736 932 1055 593 895 1264 1367 478 1003 1051 1020 1038 388 509 0 830 509 177 950 904 558 972 1339 730 1037 1347 1323 481 395 1250 1280 136 973 910 951 877 1063
326 698 592 325 455 1018 946 866 782 683 836 736 481 405 402 588 549 467 494 116 758 852 938 324 463 574 404 1083 604 830 0 608 912 505 422 596 526 893 594 259 874 683 930 473 744 834 739 440 416 505 609 617
458 899 814 810 892 736 822 1160 1076 567 712 1090 1037 815 839 535 732 854 370 672 1112 1215 814 806 850 868 841 801 480 509 608 0 590 799 703 472 820 1188 530 815 1195 1171 806 172 1098 1128 417 772 710 799 677 911
762 921 836 877 959 193 357 1182 1098 589 316 1112 1341 886 906 606 803 925 478 976 1134 1237 349 873 921 890 908 258 379 177 912 590 0 821 774 429 842 1210 601 938 1217 1193 352 476 1120 1150 218 843 780 821 748 933
773 294 259 228 309 901 830 409 325 349 550 338 578 330 257 432 475 393 463 433 361 464 822 224 389 170 259 966 536 950 505 799 821 0 347 528 122 436 426 288 444 420 813 664 346 377 930 365 341 101 533 160
677 540 434 223 305 854 783 708 624 368 513 637 635 149 252 204 165 188 367 350 660 763 775 219 184 416 254 919 441 904 422 703 774 347 0 432 368 735 209 284 743 719 766 569 646 676 834 106 81 347 224 459
446 628 543 539 621 509 437 889 805 296 374 818 1025 544 568 264 461 583 136 660 841 944 429 535 579 597 570 573 95 558 596 472 429 528 432 0 549 916 259 600 924 900 420 337 827 857 599 501 438 528 406 640
794 315 280 249 330 922 851 386 302 370 571 315 555 351 278 453 496 414 484 454 338 441 843 245 410 192 280 987 557 972 526 820 842 122 368 549 0 413 447 309 421 397 834 686 323 354 951 386 362 122 554 137
1162 683 647 617 698 1290 1218 96 347 738 939 360 599 719 645 820 863 781 852 822 303 260 1210 612 777 492 647 1354 925 1339 893 1188 1210 436 735 916 413 0 815 677 269 442 1201 1053 368 399 1318 754 729 429 922 352
504 527 441 348 429 681 610 788 704 195 340 717 807 321 377 73 237 361 194 523 740 843 601 344 357 496 379 746 267 730 594 530 601 426 209 259 447 815 0 408 823 799 593 395 725 756 661 278 216 427 182 539
533 482 376 86 216 1018 946 650 566 466 667 579 471 267 164 414 412 330 535 187 602 705 938 85 326 358 166 1083 608 1037 259 815 938 288 284 600 309 677 408 0 685 661 930 680 587 618 946 303 278 288 471 401
1148 690 655 624 706 1297 1226 242 354 746 946 228 528 727 653 828 871 789 859 802 157 354 1218 620 785 500 655 1362 933 1347 874 1195 1217 444 743 924 421 269 823 685 0 370 1209 1061 236 406 1326 762 737 437 930 360
1129 704 668 637 719 1311 1239 452 351 759 959 193 508 740 666 841 884 802 872 783 231 201 1231 633 798 513 668 1375 946 1360 855 1208 1230 457 756 937 434 436 836 698 347 0 1222 1074 202 403 1339 775 750 450 943 373
780 913 828 869 951 339 33 1174 1090 581 308 1103 1343 878 898 598 795 917 470 994 1126 1229 25 865 913 882 900 261 371 481 930 806 352 813 766 420 834 1201 593 930 1209 1185 0 671 1112 1142 522 835 772 813 740 925
323 765 679 676 757 622 688 1026 942 433 578 955 902 681 705 401 598 720 236 538 978 1081 680 672 716 734 707 687 346 395 473 172 476 664 569 337 686 1053 395 680 1061 1037 671 0 963 994 303 638 575 665 542 777
1018 593 558 527 608 1200 1129 341 240 648 849 43 398 629 556 731 774 692 762 673 121 209 1121 523 688 403 558 1265 835 1250 744 1098 1120 346 646 827 323 368 725 587 236 240 1112 963 0 293 1229 664 640 340 832 263
956 666 630 599 681 1273 1201 414 313 721 921 231 336 702 628 803 846 764 834 611 253 347 1193 595 760 475 630 1337 908 1322 682 1170 1192 419 718 899 396 441 798 660 369 178 1184 1036 239 0 1301 737 712 412 905 335
589 1030 945 941 1023 364 527 1291 1207 698 487 1220 1168 946 970 666 863 985 501 803 1243 1346 519 937 981 999 972 428 550 136 739 417 218 930 834 599 951 1318 661 946 1326 1302 522 303 1229 1259 0 903 840 930 808 1042
714 559 453 242 323 923 852 727 643 437 582 656 653 99 271 273 234 103 436 369 679 782 844 238 99 435 273 988 509 973 440 772 843 365 106 501 386 754 278 303 762 738 835 638 664 695 903 0 100 365 293 478
684 534 428 218 299 861 789 702 618 374 519 631 629 143 246 210 171 182 374 344 654 757 781 213 178 410 248 925 447 910 416 710 780 341 81 438 362 729 216 278 737 713 772 575 640 670 840 100 0 341 230 453
773 294 259 228 309 901 830 402 318 350 550 331 571 330 257 432 475 393 463 433 354 457 822 224 389 171 259 966 536 951 505 799 821 101 347 528 122 429 427 288 437 413 813 665 340 370 930 365 341 0 533 153
651 674 588 410 492 828 756 895 811 341 486 824 822 336 439 177 252 375 341 537 847 950 748 406 371 603 441 893 414 877 609 677 748 533 224 406 554 922 182 471 930 906 740 542 832 863 808 293 230 533 0 646
885 363 328 340 422 1014 942 325 241 462 662 254 494 443 369 544 587 505 575 546 277 380 934 336 501 170 371 1078 649 1063 617 911 933 160 459 640 137 352 539 401 360 336 925 777 263 293 1042 478 453 153 646 0
EOF