NAME : tsp_problem
TYPE : TSP
DIMENSION : 30
EDGE_WEIGHT_TYPE : EXPLICIT
EDGE_WEIGHT_FORMAT : FULL_MATRIX
EDGE_WEIGHT_SECTION
0 690 905 306 349 1279 656 726 1098 1272 571 703 671 1040 526 1222 340 201 703 239 701 664 406 577 1036 362 1331 844 851 643
773 0 540 632 392 1047 469 411 866 1085 517 306 555 853 410 1035 660 632 306 692 514 217 710 180 721 368 1145 478 485 276
988 540 0 847 607 824 576 557 643 866 733 553 670 634 625 816 876 847 553 908 621 514 926 426 584 584 925 86 338 300
411 632 847 0 291 1221 598 728 1040 1213 513 645 613 981 468 1164 298 176 645 105 643 606 151 519 981 304 1273 786 793 585
432 392 607 291 0 981 358 488 800 973 335 405 372 741 227 924 319 291 405 351 403 366 369 278 741 145 1033 546 553 344
1362 1047 824 1221 981 0 909 800 248 368 1097 977 1004 334 999 318 1250 1221 976 1281 954 1021 1299 934 499 958 428 774 926 887
721 452 561 580 340 894 0 548 713 887 465 465 503 655 358 837 609 580 465 641 449 426 658 339 655 317 947 511 613 404
675 411 557 728 488 800 565 0 619 1101 613 221 651 869 506 1051 756 714 221 752 610 385 806 257 354 464 1160 496 502 293
1181 866 643 1040 800 248 728 619 0 589 921 796 823 555 818 539 1069 1040 795 1100 773 840 1118 753 318 777 649 593 745 706
1355 1085 866 1213 973 368 902 1101 589 0 1038 1098 996 276 991 93 1242 1214 1098 1274 947 1059 1292 972 800 950 94 815 967 928
654 517 733 513 335 1097 242 613 921 1038 0 530 134 806 140 988 542 513 530 574 287 491 591 404 862 312 1098 671 678 470
772 306 553 645 405 977 483 221 796 1098 530 0 568 866 423 1048 674 645 32 705 528 280 723 151 531 382 1158 492 498 289
754 555 670 613 372 1004 280 651 823 996 134 568 0 764 178 947 641 613 568 673 325 529 691 442 764 349 1056 620 716 507
1123 853 634 981 741 334 670 869 555 276 806 866 764 0 759 226 1010 982 866 1042 715 827 1060 740 568 718 336 583 735 696
609 410 625 468 227 999 163 506 818 991 140 423 178 759 0 942 496 468 423 528 208 384 546 296 759 204 1051 564 571 362
1305 1035 816 1164 924 318 852 1051 539 93 988 1048 947 226 942 0 1192 1164 1048 1224 897 1009 1242 922 750 900 153 766 918 878
260 728 943 365 387 1317 694 630 1136 1309 609 726 709 1077 563 1260 0 299 726 337 739 702 444 614 939 400 1369 882 889 680
344 632 847 176 291 1221 598 714 1040 1214 513 645 613 982 468 1164 298 0 645 109 643 606 269 519 981 304 1273 786 793 585
771 306 553 645 405 976 482 221 795 1098 530 32 568 866 423 1048 673 645 0 705 527 280 723 151 531 381 1158 492 498 289
382 692 908 105 351 1281 658 752 1100 1274 574 705 673 1042 528 1224 359 109 705 0 703 666 225 579 1041 365 1334 847 854 645
682 413 522 541 301 855 365 509 674 848 426 426 464 616 319 798 570 541 426 602 0 387 620 300 616 278 908 472 574 365
747 217 514 606 366 1021 443 385 840 1059 491 280 529 827 384 1009 634 606 280 666 488 0 684 154 695 342 1119 452 459 250
489 710 926 151 369 1299 676 806 1118 1292 591 723 691 1060 546 1242 376 269 723 225 721 684 0 597 1059 382 1351 864 871 663
660 180 426 519 278 934 356 257 753 972 404 151 442 740 296 922 547 519 151 579 401 154 597 0 566 255 1031 365 372 163
984 721 584 981 741 499 670 354 318 800 862 531 764 568 759 750 1010 981 531 1041 715 695 1059 566 0 718 859 534 686 603
445 368 584 304 145 958 334 464 777 950 312 382 349 718 204 900 333 304 381 365 379 342 382 255 718 0 1010 523 530 321
1414 1145 925 1273 1033 428 962 1160 649 94 1098 1158 1056 336 1051 153 1302 1273 1158 1334 1007 1119 1351 1031 859 1010 0 875 1027 988
927 478 86 786 546 774 526 496 593 815 671 492 620 583 564 766 815 786 492 847 571 452 864 365 534 523 875 0 277 238
934 485 338 793 553 926 631 502 745 967 678 498 716 735 571 918 822 793 498 854 676 459 871 372 686 530 1027 277 0 245
726 276 300 585 344 887 422 293 706 928 470 289 507 696 362 878 613 585 289 645 467 250 663 163 603 321 988 238 245 0
EOF