NAME : tsp_problem
TYPE : TSP
DIMENSION : 24
EDGE_WEIGHT_TYPE : EXPLICIT
EDGE_WEIGHT_FORMAT : FULL_MATRIX
EDGE_WEIGHT_SECTION
0 389 1045 306 1100 713 153 827 634 687 406 218 656 413 386 656 584 1090 1110 715 269 554 702 378
389 0 1274 536 1329 381 406 725 864 498 456 470 325 564 616 707 814 1140 1339 527 521 784 753 529
1045 1274 0 770 90 1553 911 1322 845 1182 870 923 1313 758 690 624 518 259 210 1211 974 956 608 936
306 536 770 0 825 859 172 725 532 584 553 184 715 172 107 439 305 846 834 613 235 452 507 216
1100 1329 90 825 0 1608 966 1377 900 1237 925 978 1368 813 745 679 573 314 265 1265 1029 1011 663 991
713 381 1553 859 1608 0 730 658 1142 555 780 794 447 888 940 1030 1137 1464 1618 584 845 991 1076 853
153 406 911 172 966 730 0 694 501 553 423 84 673 280 253 585 451 987 976 582 135 420 653 245
827 727 1322 725 1377 658 694 0 911 348 1074 705 604 870 805 1041 907 1398 1387 319 756 761 1109 835
475 705 689 373 744 983 341 752 0 612 654 353 743 382 314 408 274 765 754 641 404 479 476 483
687 498 1182 584 1237 555 553 348 771 0 897 564 375 729 665 900 766 1258 1246 90 615 620 968 695
406 456 870 553 925 780 423 1074 810 897 0 487 724 581 606 303 434 736 935 926 538 801 349 546
218 470 923 184 978 794 84 705 512 564 487 0 695 291 264 597 462 999 987 593 76 432 664 256
656 325 1313 715 1368 447 673 602 902 375 724 695 0 832 796 974 897 1389 1377 404 746 751 1020 797
413 564 758 172 813 888 280 870 537 729 581 291 832 0 129 427 293 834 822 758 342 597 495 221
386 616 690 107 745 940 253 805 469 665 606 264 796 129 0 359 225 766 754 694 315 532 427 273
656 707 624 439 679 1030 585 1041 563 900 303 597 974 427 359 0 188 511 689 929 648 675 124 606
584 814 518 305 573 1137 451 907 429 766 434 462 897 293 225 188 0 594 583 795 513 541 256 472
1090 1140 259 846 314 1464 987 1398 921 1258 736 999 1389 834 766 511 594 0 379 1286 1050 1032 433 1012
1110 1339 210 834 265 1618 976 1387 910 1246 935 987 1377 822 754 689 583 379 0 1275 1038 1021 728 1001
715 527 1211 613 1265 584 582 319 799 90 926 593 404 758 694 929 795 1286 1275 0 644 649 997 723
269 521 974 235 1029 845 135 756 563 615 538 76 746 342 315 648 513 1050 1038 644 0 483 715 307
554 784 956 452 1011 991 420 761 397 620 801 432 751 597 532 675 541 1032 1021 649 483 0 743 562
702 753 608 507 663 1076 653 1109 631 968 349 664 1020 495 427 124 256 433 728 997 715 743 0 674
378 529 936 216 991 853 245 835 642 695 546 256 797 221 273 606 472 1012 1001 723 307 562 674 0
EOF