NAME : tsp_problem
TYPE : TSP
DIMENSION : 34
EDGE_WEIGHT_TYPE : EXPLICIT
EDGE_WEIGHT_FORMAT : FULL_MATRIX
EDGE_WEIGHT_SECTION
0 1272 1244 787 995 212 398 612 813 939 561 1112 52 1322 1020 1260 380 269 1060 371 1173 53 465 1268 861 514 1061 1231 1343 902 457 1191 871 1025
1272 0 411 885 786 1243 920 1179 759 384 754 193 1280 393 642 338 1262 1300 734 1402 244 1282 1238 347 820 803 735 303 422 643 919 204 866 700
1225 287 0 838 739 1196 873 1131 712 337 707 146 1233 212 595 396 1214 1253 673 1355 86 1234 1191 404 772 756 674 121 240 595 872 217 819 638
787 885 857 0 346 758 444 644 164 552 279 725 795 812 651 873 776 815 494 917 786 796 753 881 525 327 495 844 759 566 385 804 220 459
995 786 758 346 0 967 653 853 219 453 487 626 1004 712 552 774 985 1024 394 1125 687 1005 961 782 660 536 395 745 659 483 594 705 326 360
212 1243 1215 758 967 0 369 683 784 910 532 1083 220 1293 992 1231 258 92 1031 249 1144 221 384 1239 832 485 1032 1202 1322 873 428 1162 842 996
398 920 891 444 653 369 0 686 470 587 225 760 406 969 668 907 387 426 707 528 820 407 364 916 509 210 708 879 998 550 356 838 528 673
612 1179 1150 644 853 683 686 0 670 845 521 1018 620 1055 927 1166 851 740 837 842 1079 621 835 1174 768 569 838 1138 1002 808 468 1097 728 803
813 759 731 164 219 784 470 670 0 426 305 599 821 685 525 747 802 841 367 943 660 822 779 755 551 353 368 718 632 456 411 678 145 333
939 384 355 552 453 910 587 845 426 0 421 224 947 433 308 371 928 967 401 1069 284 948 905 380 486 469 402 343 462 309 586 302 533 366
561 754 726 279 487 532 225 521 305 421 0 594 569 804 502 742 550 589 542 691 655 570 527 750 343 108 543 713 832 384 262 673 362 507
1112 193 251 725 626 1083 760 1018 599 224 594 0 1120 242 482 283 1101 1140 574 1242 93 1121 1078 291 659 643 575 152 271 482 759 114 706 539
52 1280 1252 795 1004 220 406 620 821 947 569 1120 0 1330 1029 1268 388 277 1068 379 1181 42 473 1276 869 522 1069 1239 1351 910 465 1199 879 1033
1322 383 460 812 712 1293 969 1055 685 433 804 242 1330 0 691 493 1311 1350 527 1452 183 1331 1288 501 869 852 528 218 190 692 969 314 792 493
1020 642 613 651 552 992 668 927 525 308 502 482 1029 691 0 629 1010 1049 500 1150 542 1030 986 638 344 551 501 601 720 167 668 560 632 465
1260 338 415 873 774 1231 907 1166 747 371 742 283 1268 493 629 0 1249 1288 722 1390 344 1269 1226 74 807 790 723 402 521 630 907 283 854 687
380 1262 1233 776 985 258 387 851 802 928 550 1101 388 1311 1010 1249 0 315 1049 274 1162 389 167 1257 850 503 1050 1221 1340 891 446 1180 860 1014
269 1300 1272 815 1024 92 426 740 841 967 589 1140 277 1350 1049 1288 315 0 1088 306 1201 278 441 1296 889 542 1089 1259 1379 930 485 1219 899 1053
1060 734 706 494 394 1031 707 837 367 401 542 574 1068 527 500 722 1049 1088 0 1190 635 1069 1025 730 607 590 56 679 475 430 662 653 474 43
371 1402 1374 917 1125 249 528 842 943 1069 691 1242 379 1452 1150 1390 274 306 1190 0 1303 380 400 1398 991 644 1191 1361 1480 1032 587 1321 1001 1155
1173 244 311 786 687 1144 820 1079 660 284 655 93 1181 183 542 344 1162 1201 635 1303 0 1182 1138 352 720 703 636 93 212 543 820 165 767 600
53 1282 1253 796 1005 221 407 621 822 948 570 1121 42 1331 1030 1269 389 278 1069 380 1182 0 474 1277 870 523 1070 1241 1352 911 466 1200 880 1034
465 1238 1209 753 961 384 364 835 779 905 527 1078 473 1288 986 1226 167 441 1025 400 1138 474 0 1234 827 480 1026 1197 1316 868 422 1156 836 991
1268 347 423 881 782 1239 916 1174 755 380 750 291 1276 501 638 74 1257 1296 730 1398 352 1277 1234 0 815 799 731 410 530 638 915 291 862 695
731 686 658 395 526 702 379 637 421 353 213 526 739 736 452 674 720 759 474 861 587 740 697 682 0 262 475 645 764 368 378 605 479 439
514 803 774 327 536 485 210 569 353 469 108 643 522 852 551 790 503 542 590 644 703 523 480 799 392 0 591 762 881 433 310 721 411 556
1061 735 707 495 395 1032 708 838 368 402 543 575 1069 528 501 723 1050 1089 56 1191 636 1070 1026 731 608 591 0 680 476 431 663 654 475 44
1330 207 468 943 844 1301 977 1236 817 441 811 250 1338 450 699 501 1319 1358 791 1460 301 1339 1295 509 877 860 792 0 479 700 977 262 923 757
1343 412 489 759 659 1322 998 1002 632 462 832 271 1351 190 720 521 1340 1379 475 1480 212 1352 1316 530 898 881 476 246 0 721 998 343 739 440
902 643 614 566 483 873 550 808 456 309 384 482 910 692 167 630 891 930 430 1032 543 911 868 638 213 433 431 602 721 0 549 561 562 396
457 919 891 385 594 428 356 468 411 586 262 759 465 969 668 907 446 485 662 587 820 466 422 915 508 310 663 878 998 549 0 838 469 627
1191 204 331 804 705 1162 838 1097 678 302 673 114 1199 314 560 283 1180 1219 653 1321 165 1200 1156 291 738 721 654 223 343 561 838 0 785 618
871 866 838 220 326 842 528 728 145 533 362 706 879 792 632 854 860 899 474 1001 767 880 836 862 609 411 475 825 739 562 469 785 0 439
1025 700 671 459 360 996 673 803 333 366 507 539 1033 493 465 687 1014 1053 43 1155 600 1034 991 695 573 556 44 644 440 396 627 618 439 0
EOF