NAME : tsp_problem
TYPE : TSP
DIMENSION : 46
EDGE_WEIGHT_TYPE : EXPLICIT
EDGE_WEIGHT_FORMAT : FULL_MATRIX
EDGE_WEIGHT_SECTION
0 289 277 1009 690 163 919 391 49 618 523 1312 1231 1113 1115 770 200 218 307 1378 335 1008 614 820 805 276 399 971 789 663 526 657 947 1321 1321 1128 931 694 659 645 267 1339 625 723 518 58
289 0 190 938 619 237 848 303 302 547 452 1241 1161 1042 1044 699 157 344 69 1307 98 937 543 749 734 402 312 900 718 592 288 419 709 1250 1251 890 694 608 588 574 214 1269 554 566 447 311
473 235 0 1122 803 421 1033 163 486 732 636 1425 1345 1226 1228 883 341 528 253 1491 282 1121 727 933 919 586 171 1084 903 776 472 603 893 1434 1435 1074 878 792 772 758 398 1453 739 750 631 495
1009 938 846 0 724 899 514 960 1022 652 587 336 255 508 139 683 909 984 956 409 984 402 674 492 360 1043 969 107 344 655 906 756 393 716 345 285 378 643 595 528 976 662 659 601 582 1031
690 619 528 724 0 581 500 641 703 89 282 1027 946 828 830 350 591 665 637 1093 666 722 374 580 430 724 650 686 414 213 708 558 546 1036 1036 727 531 243 239 263 658 1054 92 273 277 712
163 237 167 899 581 0 810 281 177 509 413 1202 1122 1003 1006 660 149 226 255 1268 284 898 504 710 696 285 290 861 680 553 474 605 864 1212 1212 1040 849 584 549 535 216 1230 516 614 408 186
919 848 757 514 500 810 0 870 933 428 512 817 737 618 621 380 820 894 866 883 895 513 603 443 221 953 879 476 205 473 867 717 705 826 827 654 690 503 292 342 887 845 435 477 507 941
378 141 279 1027 709 327 938 0 392 637 541 1330 1250 1131 1134 789 246 433 159 1396 187 1026 632 838 824 492 77 989 808 681 378 508 799 1340 1340 980 783 698 677 663 304 1358 644 656 536 400
49 302 290 1022 703 177 933 404 0 632 536 1325 1245 1126 1128 783 213 231 320 1391 349 1021 627 833 819 290 413 984 803 676 539 670 960 1334 1335 1141 944 707 672 658 281 1353 639 737 531 71
618 547 456 652 89 509 428 569 632 0 210 955 875 756 758 278 519 593 565 1021 594 651 302 508 358 652 578 614 342 141 636 486 474 964 965 655 459 171 167 191 586 983 24 201 206 640
523 452 360 587 282 413 512 474 536 210 0 890 810 691 693 362 423 498 470 956 498 586 176 382 384 556 483 549 368 255 689 578 566 899 900 727 551 286 251 237 490 918 218 316 79 545
1312 1241 1149 336 1027 1202 817 1263 1325 955 890 0 473 428 267 986 1212 1287 1259 173 1287 551 977 795 663 1345 1272 410 647 957 1209 1059 696 524 50 588 681 946 898 831 1279 426 962 904 885 1334
1231 1161 1069 255 946 1122 737 1183 1245 875 810 473 0 730 276 906 1132 1206 1179 546 1207 625 897 715 583 1265 1191 329 567 877 1129 978 616 897 483 508 600 866 817 751 1199 799 882 824 805 1254
1113 1042 950 508 828 1003 618 1064 1126 756 691 428 730 0 596 787 1013 1088 1060 334 1088 192 778 596 464 1146 1073 470 448 801 1269 1119 756 307 438 648 741 831 699 632 1080 295 763 861 686 1135
1115 1044 953 139 830 1006 621 1066 1128 758 693 267 276 596 0 789 1016 1090 1062 341 1091 509 781 599 466 1149 1075 213 450 761 1013 862 500 692 277 391 484 750 701 635 1083 594 765 708 688 1137
770 699 608 683 350 660 380 721 783 278 362 986 906 787 789 0 671 745 717 1052 746 682 454 612 389 804 730 645 373 323 717 567 555 995 996 736 540 354 142 245 738 1014 285 327 357 792
200 157 161 909 591 149 820 275 213 519 423 1212 1132 1013 1016 671 0 315 175 1278 203 908 514 720 706 374 284 871 690 564 394 525 815 1222 1222 996 799 594 559 545 120 1240 526 624 418 222
218 344 252 984 665 226 894 366 231 593 498 1287 1206 1088 1090 745 315 0 362 1353 390 983 589 795 780 114 374 946 764 638 581 711 949 1296 1296 1124 933 669 634 620 382 1315 600 698 493 240
307 69 208 956 637 255 866 321 320 565 470 1259 1179 1060 1062 717 175 362 0 1325 116 955 561 767 753 420 330 918 737 610 306 437 727 1268 1269 908 712 626 606 592 232 1287 572 584 465 329
1378 1307 1215 409 1093 1268 883 1329 1391 1021 956 173 546 334 341 1052 1278 1353 1325 0 1353 457 1043 861 729 1412 1338 483 713 1031 1282 1132 769 430 183 661 754 1019 964 897 1346 332 1028 977 951 1400
353 310 314 1062 744 302 973 428 367 672 576 1365 1285 1166 1169 824 206 468 328 1431 0 1061 667 873 859 527 437 1024 843 717 456 678 968 1375 1375 1149 952 747 712 699 155 1393 679 777 571 375
1008 937 845 402 722 898 513 959 1021 651 586 551 625 192 509 682 908 983 955 457 983 0 673 491 359 1041 968 364 343 695 1164 1013 651 400 561 543 635 726 593 527 975 419 658 756 581 1030
614 543 451 674 374 504 603 565 627 302 176 977 897 778 781 454 514 589 561 1043 589 673 0 248 471 648 574 636 455 347 780 669 658 986 987 814 642 377 343 329 581 1005 309 407 171 636
818 747 656 492 578 709 443 769 831 506 382 795 715 596 599 612 719 793 765 861 794 491 248 0 289 852 778 454 273 551 984 873 741 805 805 633 725 581 523 457 786 823 513 611 377 840
805 734 643 360 430 696 221 757 819 358 384 663 583 464 466 389 706 780 753 729 781 359 471 289 0 839 765 322 50 403 876 726 609 672 673 500 593 434 301 235 773 691 365 464 379 828
276 402 311 1043 724 285 953 424 290 652 556 1345 1265 1146 1149 804 374 114 420 1412 449 1041 648 853 839 0 433 1005 823 697 639 770 1008 1355 1355 1183 992 727 693 679 441 1373 659 757 552 299
387 150 288 1036 717 336 947 77 400 646 550 1339 1259 1140 1143 797 255 442 168 1405 196 1035 641 847 833 501 0 998 817 690 387 517 807 1349 1349 988 792 706 686 672 313 1367 653 665 545 409
971 900 808 107 686 861 476 922 984 614 549 410 329 470 213 645 871 946 918 483 946 364 636 454 322 1005 931 0 306 617 868 718 355 678 419 247 340 605 557 490 938 696 621 563 544 993
789 718 627 344 414 680 205 741 803 342 368 647 567 448 450 373 690 764 737 713 765 343 455 273 50 823 749 306 0 387 860 710 593 656 657 484 577 418 285 219 757 675 349 448 363 812
663 592 501 655 213 553 473 614 676 141 255 957 877 801 761 323 564 638 610 1031 639 695 347 552 403 697 623 617 387 0 520 369 358 1009 967 539 342 55 212 236 631 1027 148 85 250 685
526 288 427 906 708 474 867 540 539 636 689 1209 1129 1269 1013 717 394 581 306 1282 335 1164 780 986 876 639 549 868 860 520 0 371 609 1478 1219 790 594 508 606 709 382 1496 644 466 684 548
657 419 557 756 558 605 717 671 670 486 578 1059 978 1119 862 567 525 711 437 1132 465 1013 669 875 726 770 680 718 710 369 371 0 459 1327 1068 640 443 358 455 558 582 1345 493 316 573 679
947 709 812 393 546 864 705 925 960 474 566 696 616 756 500 555 815 949 727 769 756 651 658 741 609 1008 934 355 593 358 609 459 0 965 706 278 81 346 444 547 872 983 481 304 561 969
1321 1250 1159 716 1036 1212 826 1272 1334 964 899 524 897 307 692 995 1222 1296 1268 430 1297 400 986 805 672 1355 1281 678 656 1009 1478 1327 965 0 534 856 949 1040 907 841 1289 299 971 1069 894 1343
1321 1251 1159 345 1036 1212 827 1273 1335 965 900 50 483 438 277 996 1222 1296 1269 183 1297 561 987 805 673 1355 1281 419 657 967 1219 1068 706 534 0 598 690 956 907 841 1289 436 972 914 895 1344
1128 890 987 285 727 1040 654 1100 1141 655 727 588 508 648 391 736 996 1124 908 661 937 543 814 633 500 1183 1109 247 484 539 790 640 278 856 598 0 262 527 625 669 1053 875 662 485 722 1150
931 694 796 378 531 849 690 910 944 459 551 681 600 741 484 540 799 933 712 754 740 635 642 725 593 992 918 340 577 342 594 443 81 949 690 262 0 331 428 531 857 967 466 289 546 953
694 608 531 643 243 584 503 645 707 171 286 946 866 831 750 354 594 669 626 1019 655 726 377 583 434 727 654 605 418 55 508 358 346 1040 956 527 331 0 242 266 661 1058 178 73 281 716
659 588 496 595 239 549 292 610 672 167 251 898 817 699 701 142 559 634 606 964 634 593 343 523 301 693 619 557 285 212 606 455 444 907 907 625 428 242 0 134 626 925 174 216 246 681
645 574 482 528 263 535 342 596 658 191 237 831 751 632 635 245 545 620 592 897 620 527 329 457 235 679 605 490 219 236 709 558 547 841 841 669 531 266 134 0 613 859 198 296 232 667
267 224 228 976 658 216 887 342 281 586 490 1279 1199 1080 1083 738 120 382 242 1346 271 975 581 787 773 441 351 938 757 631 370 592 882 1289 1289 1063 866 661 626 613 0 1307 593 691 485 289
1339 1269 1177 662 1054 1230 845 1291 1353 983 918 426 799 295 594 1014 1240 1315 1287 332 1315 419 1005 823 691 1373 1299 696 675 1027 1496 1345 983 299 436 875 967 1058 925 859 1307 0 990 1088 913 1362
625 554 463 659 92 516 435 576 639 24 218 962 882 763 765 285 526 600 572 1028 601 658 309 515 365 659 585 621 349 148 644 493 481 971 972 662 466 178 174 198 593 990 0 208 213 647
723 566 561 601 273 614 477 675 737 201 316 904 824 861 708 327 624 698 584 977 613 756 407 613 464 757 683 563 448 85 466 316 304 1069 914 485 289 73 216 296 691 1088 208 0 311 745
518 447 355 582 277 408 507 469 531 206 79 885 805 686 688 357 418 493 465 951 493 581 171 377 379 552 478 544 363 250 684 573 561 894 895 722 546 281 246 232 485 913 213 311 0 540
58 311 299 1031 712 186 941 413 71 640 545 1334 1254 1135 1137 792 222 240 329 1400 357 1030 636 842 828 299 422 993 812 685 548 679 969 1343 1344 1150 953 716 681 667 289 1362 647 745 540 0
EOF
