NAME : tsp_problem
TYPE : TSP
DIMENSION : 46
EDGE_WEIGHT_TYPE : EXPLICIT
EDGE_WEIGHT_FORMAT : FULL_MATRIX
EDGE_WEIGHT_SECTION
0 379 695 635 377 148 796 423 481 712 889 859 212 867 704 801 634 348 441 470 732 873 703 497 542 505 463 231 633 771 643 890 330 640 485 660 730 921 439 892 551 747 362 483 538 638
445 0 357 298 267 319 966 313 652 592 1060 1030 382 1038 874 512 297 430 260 360 394 536 874 289 713 472 353 402 296 941 305 1060 150 811 375 322 900 811 343 554 441 409 266 373 201 719
832 429 0 234 655 707 1354 701 1039 604 1448 1417 770 1426 1262 524 249 817 648 748 378 460 1261 584 1101 859 740 790 232 1329 257 1448 477 1198 763 430 1288 1139 731 425 829 227 653 760 496 1047
701 298 238 0 524 576 1223 570 908 473 1317 1286 639 1294 1131 393 118 686 517 617 247 417 1130 453 969 728 609 658 19 1198 126 1317 346 1067 632 299 1157 1008 600 413 698 215 522 629 365 916
444 267 583 524 0 318 920 170 606 375 1059 1028 381 1037 828 465 523 429 330 112 620 577 872 386 667 291 141 401 522 940 531 1059 219 765 127 549 899 585 342 595 260 635 264 191 426 493
287 319 635 576 318 0 683 320 369 652 777 747 99 755 591 742 575 235 381 411 672 814 591 438 430 393 403 119 574 658 583 777 271 528 426 600 617 862 327 832 492 687 302 423 478 526
859 966 1282 1223 920 683 0 777 342 991 478 448 670 456 432 1081 1222 806 1024 929 1319 1192 527 1085 291 850 1006 634 1221 476 1230 479 918 219 944 1248 319 1201 898 1211 973 1334 949 892 1090 564
490 313 629 570 170 320 777 0 463 504 920 890 307 898 685 594 569 443 375 263 666 706 734 432 524 211 255 272 568 801 577 920 265 622 278 594 760 714 388 724 246 681 310 276 472 620
544 652 968 908 606 369 342 463 0 676 784 753 356 762 250 766 907 492 710 615 1005 878 622 770 89 535 691 320 907 690 916 784 603 187 630 933 624 886 583 896 659 1020 635 577 811 250
778 592 398 473 375 652 991 504 676 0 1392 1362 715 1370 899 203 472 763 664 302 602 315 1206 720 738 546 498 735 471 1274 481 1393 553 835 317 594 1233 574 676 333 516 575 599 265 660 481
952 1060 1376 1317 1059 777 478 920 784 1392 0 93 764 89 873 1482 1316 900 1118 1152 1413 1555 308 1145 732 993 1144 702 1315 256 1324 64 1012 660 1167 1341 242 1602 992 1573 1116 1428 1043 1164 1106 966
922 1030 1346 1286 1028 747 448 890 753 1362 93 0 734 79 843 1452 1285 870 1088 1121 1383 1524 277 1115 702 962 1114 672 1284 226 1294 94 981 630 1136 1311 211 1572 961 1543 1086 1398 1013 1134 1076 935
230 382 698 639 381 99 670 307 356 715 764 734 0 742 578 805 638 178 396 474 735 877 578 501 417 380 466 106 637 645 646 764 334 515 489 664 604 925 270 895 503 750 338 486 541 513
930 1038 1354 1294 1037 755 456 898 762 1370 89 79 742 0 851 1460 1294 878 1096 1130 1391 1533 286 1123 710 971 1122 680 1293 234 1302 89 990 638 1145 1319 220 1580 970 1551 1094 1406 1021 1142 1084 944
767 874 1190 1131 828 591 432 685 250 899 873 843 578 851 0 989 1130 714 932 837 1227 1100 845 993 199 758 913 542 1129 871 1138 874 826 277 852 1156 714 1109 806 1119 881 1242 857 800 1033 472
868 512 318 393 465 742 1081 594 766 203 1482 1452 805 1460 989 0 392 853 731 392 522 160 1296 668 827 636 588 825 391 1364 401 1483 560 925 407 514 1323 664 766 179 605 495 688 355 580 571
701 297 237 118 523 575 1222 569 907 472 1316 1285 638 1294 1130 392 0 685 516 616 159 416 1129 452 969 727 608 658 116 1197 63 1316 345 1067 631 298 1156 1007 599 427 697 229 521 628 364 915
86 429 745 685 427 198 806 443 492 761 900 870 178 878 714 851 684 0 251 520 782 923 714 398 553 516 513 242 683 781 693 900 380 651 535 710 740 971 125 942 601 796 193 533 460 649
266 260 576 517 330 379 1024 375 710 664 1118 1088 396 1096 932 731 516 251 0 423 613 755 932 176 771 534 415 460 515 999 524 1118 212 869 438 542 958 874 165 773 503 628 108 435 262 781
537 360 662 617 112 411 929 263 615 302 1152 1121 474 1130 837 392 616 522 423 0 713 504 965 479 676 384 234 494 615 1033 624 1152 312 774 20 642 992 512 435 522 353 728 357 118 519 420
798 394 367 247 620 672 1319 666 1005 602 1413 1383 735 1391 1227 522 159 783 613 713 0 546 1227 549 1066 825 706 755 246 1294 163 1413 442 1164 728 412 1253 1137 696 557 794 359 619 726 462 1045
940 536 342 417 577 814 1192 706 878 315 1555 1524 877 1533 1100 160 416 925 755 504 546 0 1369 691 939 748 699 897 415 1436 424 1555 584 1037 519 537 1395 775 838 74 717 453 760 466 604 683
766 874 1190 1130 872 591 527 734 622 1206 308 277 578 286 845 1296 1129 714 932 965 1227 1369 0 959 684 806 958 516 1129 97 1138 308 825 709 980 1155 290 1416 805 1387 930 1242 857 978 920 780
413 289 512 453 386 438 1085 432 770 720 1145 1115 501 1123 993 668 452 398 176 479 549 691 959 0 831 590 471 520 451 1027 461 1145 268 929 494 478 986 930 311 709 560 564 255 491 208 837
605 713 1029 969 667 430 291 524 89 738 732 702 417 710 199 827 969 553 771 676 1066 939 684 831 0 597 752 381 968 730 977 733 665 135 691 994 573 947 645 957 720 1081 696 638 872 311
568 472 788 728 291 393 850 211 535 546 993 962 380 971 758 636 727 516 534 384 825 748 806 590 597 0 376 344 726 874 736 993 423 695 399 753 833 756 547 766 265 840 469 317 631 664
529 353 669 609 141 403 1006 255 691 498 1144 1114 466 1122 913 588 608 514 415 234 706 699 958 471 752 376 0 486 607 1025 617 1144 304 850 249 634 984 708 428 718 346 720 350 277 511 615
294 402 718 658 401 119 634 272 320 735 702 672 106 680 542 825 658 242 460 494 755 897 516 520 381 344 486 0 657 584 666 703 354 479 509 683 543 945 334 915 468 770 385 506 561 477
700 296 236 19 522 574 1221 568 907 471 1315 1284 637 1293 1129 391 116 685 515 615 246 415 1129 451 968 726 607 657 0 1196 124 1315 344 1066 630 297 1155 1006 598 411 696 213 520 628 364 914
834 941 1257 1198 940 658 476 801 690 1274 256 226 645 234 871 1364 1197 781 999 1033 1294 1436 97 1027 730 874 1025 584 1196 0 1206 257 893 658 1048 1223 239 1484 873 1455 997 1309 924 1046 987 847
709 305 246 126 531 583 1230 577 916 481 1324 1294 646 1302 1138 401 63 694 524 624 163 424 1138 461 977 736 617 666 124 1206 0 1325 353 1075 639 307 1165 1016 607 436 705 237 530 637 373 923
953 1060 1376 1317 1059 777 479 920 784 1393 64 94 764 89 874 1483 1316 900 1118 1152 1413 1555 308 1145 733 993 1144 703 1315 257 1325 0 1012 661 1167 1342 242 1603 992 1573 1116 1428 1043 1165 1106 966
396 150 405 346 219 271 918 265 603 553 1012 981 334 990 826 560 345 381 212 312 442 584 825 268 665 423 304 354 344 893 353 1012 0 763 327 371 852 763 295 602 393 457 217 324 250 670
703 811 1127 1067 765 528 219 622 187 835 660 630 515 638 277 925 1067 651 869 774 1164 1037 709 929 135 695 850 479 1066 658 1075 661 763 0 789 1092 501 1045 743 1055 818 1179 794 736 970 409
552 375 677 632 127 426 944 278 630 317 1167 1136 489 1145 852 407 631 537 438 20 728 519 980 494 691 399 249 509 630 1048 639 1167 327 789 0 657 1007 527 450 537 368 743 372 133 534 435
776 372 178 253 598 650 1298 644 983 413 1391 1361 713 1369 1205 334 252 761 591 677 382 357 1205 528 1044 803 684 733 251 1273 261 1392 421 1142 692 0 1232 949 674 375 772 355 597 640 440 856
793 900 1216 1157 899 617 319 760 624 1233 242 211 604 220 714 1323 1156 740 958 992 1253 1395 290 986 573 833 984 543 1155 239 1165 242 852 501 1007 1182 0 1443 832 1413 956 1268 883 1005 946 806
988 811 933 1008 585 862 1201 714 886 574 1602 1572 925 1580 1109 664 1007 973 874 512 1137 775 1416 930 947 756 708 945 1006 1484 1016 1603 763 1045 527 1093 1443 0 886 794 726 1110 808 475 970 691
140 343 659 600 342 253 898 388 583 676 992 961 270 970 806 766 599 125 165 435 696 838 805 311 645 547 428 334 598 873 607 992 295 743 450 625 832 886 0 856 516 711 107 448 373 741
958 554 360 435 595 832 1211 724 896 333 1573 1543 895 1551 1119 179 434 943 773 522 564 74 1387 709 957 766 718 915 433 1455 443 1573 602 1055 537 556 1413 794 856 0 735 468 779 485 622 701
618 441 757 698 260 492 973 246 659 516 1116 1086 503 1094 881 605 697 603 503 353 794 717 930 560 720 265 346 468 696 997 705 1116 393 818 368 723 956 726 516 735 0 809 438 287 600 633
813 409 349 215 635 687 1334 681 1020 584 1428 1398 750 1406 1242 505 229 798 628 728 359 440 1242 564 1081 840 720 770 213 1309 237 1428 457 1179 743 410 1268 1120 711 406 809 0 634 741 477 1027
209 266 582 522 264 302 949 310 635 599 1043 1013 338 1021 857 688 521 193 108 357 619 760 857 255 696 469 350 385 520 924 530 1043 217 794 372 547 883 808 107 779 438 634 0 370 317 716
549 373 624 629 191 423 892 276 577 265 1164 1134 486 1142 800 355 628 534 435 118 726 466 978 491 638 317 277 506 628 1046 637 1165 324 736 133 654 1005 475 448 485 287 741 370 0 532 382
475 201 425 365 426 478 1090 472 811 660 1106 1076 541 1084 1033 580 364 460 262 519 462 604 920 208 872 631 511 561 364 987 373 1106 250 970 534 390 946 970 373 622 600 477 317 532 0 878
701 719 841 916 493 526 564 620 250 481 966 935 513 944 472 571 915 649 781 420 1045 683 780 837 311 664 615 477 914 847 923 966 670 409 435 1000 806 691 741 701 633 1017 716 382 878 0
EOF