NAME : tsp_problem
TYPE : TSP
DIMENSION : 24
EDGE_WEIGHT_TYPE : EXPLICIT
EDGE_WEIGHT_FORMAT : FULL_MATRIX
EDGE_WEIGHT_SECTION
0 974 922 669 700 598 597 795 837 676 538 548 698 145 844 470 636 718 738 512 755 648 608 845
974 0 223 1118 1265 929 1046 1360 1402 596 1126 879 1263 960 480 802 389 1050 311 570 1320 1098 1057 765
922 223 0 1066 1213 878 995 1308 1351 736 1074 828 1211 908 428 750 338 998 450 519 1268 1046 1006 905
669 1118 1066 0 598 453 101 693 735 697 459 352 596 699 988 429 780 369 882 656 653 63 85 563
700 1265 1213 598 0 735 527 225 200 967 241 634 51 799 1135 710 927 651 1029 803 202 578 538 852
598 929 878 453 735 0 381 830 872 631 596 135 732 584 799 160 591 305 693 467 789 433 392 628
597 1046 995 101 527 381 0 621 664 625 387 281 524 628 916 357 708 297 810 584 581 80 40 491
795 1360 1308 693 225 830 621 0 245 1062 336 729 223 894 1230 805 1022 745 1124 898 359 673 633 947
837 1402 1351 735 200 872 664 245 0 1096 378 771 198 936 1272 848 1064 788 1166 940 261 715 675 962
676 596 736 697 967 631 625 1062 1096 0 828 581 964 662 718 504 510 678 353 386 981 676 636 217
538 1126 1074 459 241 596 387 336 378 828 0 495 239 637 996 571 788 511 890 664 296 439 399 713
548 879 828 352 634 135 281 729 771 581 495 0 632 534 749 111 541 204 643 417 689 332 292 527
698 1263 1211 596 51 732 524 223 198 964 239 632 0 796 1132 708 924 648 1026 801 199 575 535 850
145 960 908 698 799 584 626 894 936 662 637 534 796 0 830 456 622 704 724 498 853 677 637 831
844 480 428 988 1135 799 916 1230 1272 718 996 749 1132 830 0 672 259 919 707 440 1189 968 927 887
470 802 750 429 710 160 357 805 848 504 571 111 708 456 672 0 464 281 566 340 765 409 368 604
636 389 338 780 927 591 708 1022 1064 510 788 541 924 622 259 464 0 711 572 232 981 759 719 678
718 1050 998 369 651 305 297 745 788 678 511 204 648 704 919 281 711 0 813 588 705 348 308 544
738 311 450 882 1029 693 810 1124 1166 353 890 643 1026 724 707 566 572 813 0 448 1083 862 821 522
512 570 519 656 803 467 584 898 940 386 664 417 801 498 440 340 232 588 448 0 858 636 596 555
755 1320 1268 653 202 789 581 359 261 981 296 689 199 853 1189 765 981 705 1083 858 0 632 592 847
648 1098 1046 63 578 433 80 673 715 676 439 332 575 679 968 409 759 348 862 636 632 0 91 542
608 1057 1006 85 538 392 40 633 675 636 399 292 535 639 927 368 719 308 821 596 592 91 0 502
845 765 905 563 852 628 491 947 962 217 713 527 850 831 887 604 678 544 522 555 847 542 502 0
EOF
