NAME : tsp_problem
TYPE : TSP
DIMENSION : 68
EDGE_WEIGHT_TYPE : EXPLICIT
EDGE_WEIGHT_FORMAT : FULL_MATRIX
EDGE_WEIGHT_SECTION
0 681 441 498 777 1165 1210 798 164 293 669 340 605 583 800 1107 528 797 650 375 390 1114 341 584 1243 1224 422 245 502 730 103 264 81 1235 571 1061 535 715 996 786 1148 635 130 1244 703 1202 601 527 225 922 247 500 1141 105 323 1137 650 924 1230 433 445 201 625 797 1050 789 1231 1218
681 0 552 419 697 528 574 304 671 429 463 751 526 494 255 562 438 449 1084 366 801 569 752 504 607 587 430 853 422 390 754 698 633 598 146 516 843 170 468 205 512 356 621 607 340 565 522 840 658 377 680 219 504 741 399 500 428 379 593 645 633 669 397 216 505 244 594 582
441 552 0 369 648 1010 1056 669 431 294 540 511 476 188 671 978 257 669 844 218 562 985 512 455 1089 1069 162 613 373 601 514 458 393 1080 442 932 707 586 868 657 994 507 381 1089 432 1047 473 699 419 793 440 371 986 501 279 982 255 795 1075 133 121 429 353 669 921 660 1076 1064
498 419 369 0 327 903 948 357 488 246 227 569 133 391 492 800 273 355 759 183 585 807 569 108 981 961 247 670 60 288 571 515 450 973 309 754 472 318 547 524 886 193 438 981 441 940 129 470 476 614 497 237 879 558 216 875 458 617 967 463 451 486 363 535 606 482 968 956
777 697 648 327 0 882 1062 557 750 525 427 847 231 670 603 651 552 555 655 462 481 658 848 413 843 865 526 949 305 488 822 734 729 856 587 605 368 577 278 802 897 393 717 1095 720 1054 227 365 695 725 716 516 993 801 495 920 737 468 871 742 730 705 642 814 338 503 1083 1070
1165 528 1010 903 882 0 258 779 1155 913 938 1235 1010 978 472 272 922 923 1478 850 1286 551 1236 989 116 96 914 1337 906 864 1238 1182 1117 107 630 303 1191 644 648 423 79 830 1105 321 824 250 1006 1188 1143 329 1164 703 188 1225 883 84 912 457 102 909 922 1153 881 412 685 559 278 266
1210 574 1056 948 1062 258 0 824 1201 959 983 1281 1055 1023 517 493 967 969 1613 896 1331 771 1282 1034 336 317 959 1382 952 909 1283 1227 1162 328 676 523 1372 690 828 469 241 876 1151 96 869 202 1051 1369 1188 375 1210 749 141 1271 929 230 958 677 322 955 967 1198 926 458 865 604 60 48
798 304 669 357 557 779 824 0 788 546 308 868 464 662 364 672 573 293 988 483 815 678 869 442 857 837 547 970 327 235 871 815 750 848 314 625 702 169 578 409 762 201 738 857 508 816 460 699 776 486 797 387 755 858 516 751 596 489 843 763 751 786 565 420 614 354 844 832
164 671 431 488 750 1155 1201 788 0 283 659 330 595 573 790 1097 518 788 533 365 311 1104 331 574 1233 1214 412 352 492 720 119 147 133 1225 561 1051 457 705 970 776 1138 625 79 1234 693 1192 591 448 108 912 130 490 1131 97 313 1127 640 914 1220 423 435 84 615 787 1029 779 1221 1209
293 429 294 246 525 913 959 546 283 0 417 363 353 331 548 855 277 546 696 123 413 862 364 332 992 972 187 465 250 478 366 310 245 983 319 809 559 463 745 534 897 383 233 992 451 950 349 551 270 670 292 248 889 353 156 885 398 672 978 285 298 281 373 545 798 537 979 967
669 463 540 227 427 938 983 308 659 417 0 739 334 562 523 831 444 307 858 354 685 838 740 312 1016 996 418 841 197 240 741 685 621 1008 473 785 572 329 646 568 921 145 609 1016 612 975 330 569 646 646 668 408 914 729 387 910 629 648 1002 634 621 657 534 580 705 513 1003 991
310 721 482 539 623 1206 1251 839 231 333 709 0 631 623 840 1148 569 838 472 416 184 1154 365 624 1284 1264 463 440 542 771 303 214 262 1275 612 1101 330 755 843 826 1189 676 250 1284 744 1243 627 321 175 962 197 540 1181 282 363 1178 690 965 1270 473 485 186 665 838 902 829 1271 1259
605 526 476 133 231 1010 1055 464 595 353 334 676 0 498 599 823 380 462 663 290 489 830 676 219 1015 1037 354 777 167 395 678 622 557 1028 416 777 376 425 450 631 993 300 545 1088 548 1047 18 373 583 722 604 344 986 666 323 982 565 640 1043 570 558 593 470 642 510 589 1075 1063
583 494 188 391 670 978 1023 662 573 331 562 653 498 0 612 920 180 690 985 239 703 926 654 477 1056 1036 203 755 395 623 655 599 535 1048 448 873 815 528 826 599 961 528 523 1056 355 1015 494 812 560 734 582 391 954 643 301 950 100 737 1042 187 175 571 277 610 862 602 1043 1031
800 255 671 492 603 472 517 364 790 548 523 870 599 612 0 463 556 509 1198 485 920 469 871 578 550 531 548 972 496 450 872 816 752 542 265 416 912 230 369 360 455 416 740 551 458 509 596 909 777 180 799 338 448 860 518 444 547 280 537 763 751 788 515 371 405 144 538 526
1107 562 978 800 651 272 493 672 1097 855 831 1177 823 920 463 0 864 816 1247 792 1073 320 1178 886 233 256 856 1279 803 757 1180 1124 1059 247 572 72 961 538 417 658 288 723 1047 556 766 485 819 958 1085 564 1106 645 423 1167 825 310 854 226 262 1071 1059 1095 823 647 454 363 513 501
528 438 257 273 552 922 967 573 518 277 444 599 380 180 556 864 0 573 931 185 649 870 600 359 1000 980 148 700 277 505 601 545 480 992 330 817 697 471 770 543 905 410 468 1000 223 959 376 694 506 678 528 259 898 589 247 894 248 681 986 256 244 516 145 554 806 546 987 975
797 449 669 355 555 923 969 293 788 546 307 868 462 690 509 816 573 0 987 483 813 823 869 441 1002 982 546 969 326 95 870 814 749 993 459 770 701 314 722 554 907 199 738 1002 652 960 459 698 775 631 797 532 899 858 516 895 741 633 988 762 750 785 662 565 759 498 989 977
650 1084 844 759 655 1478 1613 988 533 696 858 726 663 985 1198 1247 931 987 0 778 405 1254 727 845 1439 1461 825 618 737 920 605 501 624 1452 974 1201 361 1009 874 1189 1493 825 586 1646 1106 1605 659 543 456 1321 484 902 1544 584 725 1516 1053 1064 1467 835 848 488 1028 1200 934 1099 1633 1621
375 366 218 183 462 850 896 483 365 123 354 445 290 239 485 792 185 483 778 0 496 799 446 269 929 909 95 547 187 415 448 392 327 920 256 746 608 400 682 471 834 321 315 929 360 887 287 605 353 607 374 185 826 435 93 822 306 609 915 311 299 363 281 483 735 474 916 904
390 801 562 585 481 1286 1331 815 311 413 685 444 489 703 920 1073 649 813 405 496 0 1080 445 671 1265 1287 543 520 563 746 383 294 342 1278 692 1027 263 835 700 906 1269 651 330 1364 824 1323 485 179 255 1042 277 620 1261 362 443 1258 770 890 1293 553 565 266 745 918 760 909 1351 1339
1114 569 985 807 658 551 771 678 1104 862 838 1184 830 926 469 320 870 823 1254 799 1080 0 1185 892 512 534 863 1286 810 764 1186 1130 1066 525 579 274 967 544 424 674 567 730 1054 835 772 763 826 964 1091 591 1113 652 702 1174 832 589 861 233 540 1078 1065 1102 829 685 460 369 791 779
319 730 490 547 632 1214 1260 847 240 342 718 373 640 632 849 1156 577 847 481 424 193 1163 0 633 1293 1273 471 449 551 779 312 223 271 1284 620 1110 338 764 852 835 1197 684 259 1293 752 1251 636 330 184 971 206 549 1190 290 372 1186 699 973 1279 482 494 195 674 846 911 838 1280 1268
584 504 455 108 413 989 1034 442 574 332 312 654 219 477 578 886 359 441 845 269 671 892 655 0 1067 1047 333 756 146 374 657 601 536 1058 395 840 558 403 632 609 972 279 524 1067 527 1026 215 555 561 700 583 323 964 644 302 961 544 703 1053 549 537 572 449 621 692 568 1054 1042
1243 607 1089 981 843 116 336 857 1233 992 1016 1314 1015 1056 550 233 1000 1002 1439 929 1265 512 1315 1067 0 51 992 1415 985 942 1316 1260 1195 38 709 264 1152 723 609 502 132 908 1183 400 902 328 1011 1149 1221 408 1243 781 267 1304 962 154 991 418 57 988 1000 1231 959 491 646 554 356 344
1224 587 1069 961 865 96 317 837 1214 972 996 1294 1037 1036 531 256 980 982 1461 909 1287 534 1295 1047 51 0 973 1396 965 923 1296 1240 1176 40 689 286 1175 703 631 482 112 889 1164 380 882 308 1033 1172 1201 388 1223 762 247 1284 942 134 971 440 26 968 980 1212 939 471 668 577 337 325
422 430 162 247 526 914 959 547 412 187 418 493 354 203 548 856 148 546 825 95 543 863 493 333 992 973 0 594 251 479 495 439 374 984 320 810 671 464 745 535 897 384 362 992 323 951 350 668 400 670 421 249 890 483 157 886 270 673 978 256 243 410 245 546 799 538 979 967
245 853 613 670 949 1337 1382 970 352 465 841 512 777 755 972 1279 700 969 618 547 530 1286 513 756 1415 1396 594 0 674 902 317 351 253 1407 743 1233 676 887 1168 958 1320 807 302 1416 875 1374 773 667 305 1094 334 672 1313 319 495 1309 822 1096 1402 605 617 337 797 969 1222 961 1403 1390
502 422 373 60 305 906 952 327 492 250 197 572 167 395 496 803 277 326 737 187 563 810 573 146 985 965 251 674 0 258 574 518 454 976 312 757 451 321 525 527 890 164 442 985 445 943 163 448 479 618 501 241 882 562 220 878 462 621 971 467 454 490 367 539 584 485 972 960
730 390 601 288 488 864 909 235 720 478 240 800 395 623 450 757 505 95 920 415 746 764 801 374 942 923 479 902 258 0 803 747 682 934 400 711 633 256 663 495 847 132 670 943 593 901 391 631 708 572 729 469 840 790 448 836 682 574 929 695 683 718 595 506 700 439 930 918
103 754 514 571 822 1238 1283 871 119 366 741 413 678 655 872 1180 601 870 605 448 383 1186 413 657 1316 1296 495 317 574 803 0 219 153 1308 644 1133 528 787 1042 859 1221 708 171 1316 776 1275 674 520 180 994 202 572 1214 60 395 1210 722 997 1302 505 518 156 698 870 1101 862 1303 1291
264 698 458 515 734 1182 1227 815 147 310 685 340 622 599 816 1124 545 814 501 392 294 1130 341 601 1260 1240 439 351 518 747 219 0 238 1252 588 1077 440 731 953 803 1165 652 199 1260 720 1219 618 432 76 938 30 516 1158 197 339 1154 666 941 1246 449 462 102 642 814 1013 805 1247 1235
81 633 393 450 729 1117 1162 750 133 245 621 292 557 535 752 1059 480 749 624 327 342 1066 293 536 1195 1176 374 253 454 682 153 238 0 1187 523 1013 488 667 948 738 1100 587 83 1196 655 1154 553 479 199 874 221 452 1093 155 275 1089 602 876 1182 385 397 190 577 749 1002 741 1183 1171
1235 598 1080 973 856 107 328 848 1225 983 1008 1305 1028 1048 542 247 992 993 1452 920 1278 525 1306 1058 38 40 984 1407 976 934 1308 1252 1187 0 700 277 1165 714 622 493 123 900 1175 391 894 320 1024 1162 1212 399 1234 773 258 1295 953 145 982 431 46 979 991 1223 951 482 659 567 348 336
571 146 442 309 587 630 676 314 561 319 473 641 416 448 265 572 332 459 974 256 692 579 642 395 709 689 320 743 312 400 644 588 523 700 0 526 733 180 478 251 614 366 511 709 294 667 412 730 549 387 570 109 606 631 289 602 383 389 695 536 524 559 351 262 515 254 696 684
1061 516 932 754 605 303 523 625 1051 809 785 1131 777 873 416 72 817 770 1201 746 1027 274 1132 840 264 286 810 1233 757 711 1133 1077 1013 277 526 0 914 491 371 621 319 677 1001 587 720 515 773 911 1038 538 1060 599 454 1121 779 341 808 180 292 1025 1013 1049 776 632 408 316 544 531
535 843 707 472 368 1191 1372 702 457 559 572 589 376 815 912 961 697 701 361 608 263 967 590 558 1152 1175 671 666 451 633 528 440 488 1165 733 914 0 723 588 948 1207 539 476 1405 865 1364 372 261 401 1034 423 661 1302 507 589 1229 882 778 1181 699 711 411 787 959 647 812 1392 1380
715 170 586 318 577 644 690 169 705 463 329 785 425 528 230 538 471 314 1009 400 835 544 786 403 723 703 464 887 321 256 787 731 667 714 180 491 723 0 444 275 628 222 655 723 374 682 421 720 692 352 714 253 620 775 433 617 462 355 709 679 667 703 431 286 480 219 710 698
996 468 868 547 278 648 828 578 970 745 646 1067 450 826 369 417 770 722 874 682 700 424 1068 632 609 631 745 1168 525 663 1042 953 948 622 478 371 588 444 0 573 663 613 936 862 672 820 446 585 914 491 936 551 759 1020 715 686 760 234 637 961 949 925 729 585 104 269 849 836
786 205 657 524 802 423 469 409 776 534 568 856 631 599 360 658 543 554 1189 471 906 674 857 609 502 482 535 958 527 495 859 803 738 493 251 621 948 275 573 0 407 461 726 502 445 461 627 945 763 282 785 324 399 846 504 396 533 484 488 692 704 774 502 162 610 349 489 477
1148 512 994 886 897 79 241 762 1138 897 921 1219 993 961 455 288 905 907 1493 834 1269 567 1220 972 132 112 897 1320 890 847 1221 1165 1100 123 614 319 1207 628 663 407 0 813 1088 304 807 233 989 1204 1126 313 1148 686 172 1209 867 68 895 472 118 893 905 1136 864 396 700 542 261 249
635 356 507 193 393 830 876 201 625 383 145 706 300 528 416 723 410 199 825 321 651 730 707 279 908 889 384 807 164 132 708 652 587 900 366 677 539 222 613 461 813 0 575 909 559 867 296 536 613 538 635 374 806 696 353 802 595 540 895 600 588 623 500 472 666 405 896 884
130 621 381 438 717 1105 1151 738 79 233 609 280 545 523 740 1047 468 738 586 315 330 1054 281 524 1183 1164 362 302 442 670 171 199 83 1175 511 1001 476 655 936 726 1088 575 0 1184 643 1142 541 467 160 862 182 440 1081 149 263 1077 590 864 1170 373 385 136 565 737 990 729 1171 1159
1244 607 1089 981 1095 321 96 857 1234 992 1016 1314 1088 1056 551 556 1000 1002 1646 929 1364 835 1315 1067 400 380 992 1416 985 943 1316 1260 1196 391 709 587 1405 723 862 502 304 909 1184 0 902 265 1084 1402 1221 408 1243 782 204 1304 962 293 991 740 386 988 1000 1232 959 491 898 637 73 68
613 253 484 351 629 737 782 421 603 361 521 683 458 506 371 679 374 565 1016 298 734 686 684 437 815 796 362 785 354 506 686 630 565 807 143 633 775 287 585 358 720 472 553 815 0 774 454 772 591 493 612 151 713 673 331 709 489 496 801 578 566 601 458 369 622 361 802 790
1202 565 1047 940 1054 250 202 816 1192 950 975 1273 1047 1015 509 485 959 960 1605 887 1323 763 1273 1026 328 308 951 1374 943 901 1275 1219 1154 320 667 515 1364 682 820 461 233 867 1142 265 861 0 1043 1361 1180 367 1201 740 106 1263 920 222 949 669 314 946 959 1190 918 449 857 596 222 210
601 522 473 129 227 1006 1051 460 591 349 330 672 18 494 596 819 376 459 659 287 485 826 673 215 1011 1033 350 773 163 391 674 618 553 1024 412 773 372 421 446 627 989 296 541 1084 544 1043 0 369 579 718 601 341 982 662 319 978 561 636 1039 566 554 589 466 638 506 585 1071 1059
527 840 699 470 365 1188 1369 699 448 551 569 581 373 812 909 958 694 698 543 605 179 964 582 555 1149 1172 668 657 448 631 520 432 479 1162 730 911 261 720 585 945 1204 536 467 1402 863 1361 369 0 393 1031 414 659 1300 499 580 1226 879 775 1178 690 703 403 784 956 644 809 1389 1377
225 658 419 476 695 1143 1188 776 108 270 646 301 583 560 777 1085 506 775 456 353 255 1091 302 561 1221 1201 400 305 479 708 180 76 199 1212 549 1038 401 692 914 763 1126 613 160 1221 681 1180 579 393 0 899 59 477 1118 158 300 1115 627 902 1207 410 422 63 602 775 974 766 1208 1196
922 377 793 614 725 329 375 486 912 670 646 992 722 734 180 564 678 631 1321 607 1042 591 993 700 408 388 670 1094 618 572 994 938 874 399 387 538 1034 352 491 282 313 538 862 408 580 367 718 1031 899 0 921 460 305 982 640 302 669 402 394 768 781 910 637 271 527 267 395 383
247 680 440 497 716 1164 1210 797 130 292 668 323 604 582 799 1106 528 797 484 374 277 1113 324 583 1243 1223 421 334 501 729 202 30 221 1234 570 1060 423 714 936 785 1148 635 182 1243 703 1201 601 414 59 921 0 499 1140 180 322 1136 649 923 1229 432 444 85 624 797 995 788 1230 1218
500 219 371 237 516 703 749 387 490 248 408 570 344 393 338 645 261 532 902 185 620 652 571 323 781 762 249 672 241 469 572 516 452 773 109 599 661 253 551 324 686 374 440 782 367 740 341 659 477 460 499 0 679 560 218 675 455 462 768 465 452 488 350 335 588 327 769 757
1141 504 986 879 993 188 141 755 1131 889 914 1211 986 954 448 423 898 899 1544 826 1261 702 1212 964 267 247 890 1313 882 840 1214 1158 1093 258 606 454 1302 620 759 399 172 806 1081 204 800 106 982 1300 1118 305 1140 679 0 1201 859 161 888 608 253 885 897 1129 857 388 796 535 161 149
105 741 501 558 801 1225 1271 858 97 353 729 400 666 643 860 1167 589 858 584 435 362 1174 401 644 1304 1284 483 319 562 790 60 197 155 1295 631 1121 507 775 1020 846 1209 696 149 1304 764 1263 662 499 158 982 180 560 1201 0 383 1198 710 984 1290 493 505 134 685 858 1080 849 1291 1279
323 399 279 216 495 883 929 516 313 156 387 393 323 301 518 825 247 516 725 93 443 832 394 302 962 942 157 495 220 448 395 339 275 953 289 779 589 433 715 504 867 353 263 962 421 920 319 580 300 640 322 218 859 383 0 855 368 642 948 315 327 311 343 516 768 507 949 937
1137 500 982 875 920 84 230 751 1127 885 910 1208 982 950 444 310 894 895 1516 822 1258 589 1209 961 154 134 886 1309 878 836 1210 1154 1089 145 602 341 1229 617 686 396 68 802 1077 293 796 222 978 1226 1115 302 1136 675 161 1198 855 0 884 495 140 882 894 1125 853 384 723 531 250 238
650 428 255 458 737 912 958 596 640 398 629 720 565 100 547 854 248 741 1053 306 770 861 721 544 991 971 270 822 462 682 722 666 602 982 383 808 882 462 760 533 895 595 590 991 336 949 561 879 627 669 649 450 888 710 368 884 0 671 977 254 242 638 344 544 797 536 978 966
924 379 795 617 468 457 677 489 914 672 648 994 640 737 280 226 681 633 1064 609 890 233 995 703 418 440 673 1096 621 574 997 941 876 431 389 180 778 355 234 484 472 540 864 740 583 669 636 775 902 402 923 462 608 984 642 495 671 0 446 888 876 912 640 496 271 180 697 685
1230 593 1075 967 871 102 322 843 1220 978 1002 1300 1043 1042 537 262 986 988 1467 915 1293 540 1301 1053 57 26 978 1402 971 929 1302 1246 1182 46 695 292 1181 709 637 488 118 895 1170 386 888 314 1039 1178 1207 394 1229 768 253 1290 948 140 977 446 0 974 986 1218 945 477 674 583 343 331
433 645 133 463 742 909 955 763 423 285 634 503 570 187 763 1071 256 762 835 311 553 1078 504 549 988 968 256 605 467 695 505 449 385 979 536 1025 699 679 961 692 893 600 373 988 431 946 566 690 410 768 432 465 885 493 315 882 254 888 974 0 70 421 352 681 1014 753 975 963
445 633 121 451 730 922 967 751 435 298 621 515 558 175 751 1059 244 750 848 299 565 1065 516 537 1000 980 243 617 454 683 518 462 397 991 524 1013 711 667 949 704 905 588 385 1000 419 959 554 703 422 781 444 452 897 505 327 894 242 876 986 70 0 433 340 693 1002 741 987 975
201 669 429 486 705 1153 1198 786 84 281 657 311 593 571 788 1095 516 785 488 363 266 1102 312 572 1231 1212 410 337 490 718 156 102 190 1223 559 1049 411 703 925 774 1136 623 136 1232 691 1190 589 403 63 910 85 488 1129 134 311 1125 638 912 1218 421 433 0 613 785 984 777 1219 1206
559 333 430 297 576 817 863 501 549 307 467 630 404 452 452 759 320 596 962 244 680 766 631 383 896 876 308 731 300 529 632 576 511 887 223 713 721 367 665 438 801 434 499 896 481 855 400 718 537 574 558 152 793 620 277 790 519 576 882 524 512 547 0 450 702 441 883 871
797 216 669 535 814 412 458 420 787 545 580 868 642 610 371 647 554 565 1200 483 918 685 869 621 491 471 546 969 539 506 870 814 749 482 262 632 959 286 585 162 396 472 737 491 456 449 638 956 775 271 797 335 388 858 516 384 544 496 477 681 693 785 513 0 621 360 478 466
1050 505 921 606 338 685 865 614 1029 798 705 1120 510 862 405 454 806 759 934 735 760 460 1121 692 646 668 799 1222 584 700 1101 1013 1002 659 515 408 647 480 104 610 700 666 990 898 709 857 506 644 974 527 995 588 796 1080 768 723 797 271 674 1014 1002 984 765 621 0 305 885 873
789 244 660 482 503 559 604 354 779 537 513 859 589 602 144 363 546 498 1099 474 909 369 860 568 554 577 538 961 485 439 862 805 741 567 254 316 812 219 269 349 542 405 729 637 448 596 585 809 766 267 788 327 535 849 507 531 536 180 583 753 741 777 505 360 305 0 624 612
1231 594 1076 968 1083 278 60 844 1221 979 1003 1301 1075 1043 538 513 987 989 1633 916 1351 791 1302 1054 356 337 979 1403 972 930 1303 1247 1183 348 696 544 1392 710 849 489 261 896 1171 73 889 222 1071 1389 1208 395 1230 769 161 1291 949 250 978 697 343 975 987 1219 946 478 885 624 0 42
1218 582 1064 956 1070 266 48 832 1209 967 991 1289 1063 1031 526 501 975 977 1621 904 1339 779 1290 1042 344 325 967 1390 960 918 1291 1235 1171 336 684 531 1380 698 836 477 249 884 1159 68 877 210 1059 1377 1196 383 1218 757 149 1279 937 238 966 685 331 963 975 1206 934 466 873 612 42 0
EOF