NAME : tsp_problem
TYPE : TSP
DIMENSION : 23
EDGE_WEIGHT_TYPE : EXPLICIT
EDGE_WEIGHT_FORMAT : FULL_MATRIX
EDGE_WEIGHT_SECTION
0 1145 377 1070 285 424 441 412 452 487 510 505 559 690 554 959 379 484 248 267 1078 374 673
1145 0 1120 105 942 1167 1184 1155 1195 703 793 1293 1297 499 1342 240 1024 825 1273 1055 429 1017 977
377 1120 0 1046 303 216 119 155 244 463 396 508 373 666 556 935 201 504 488 270 1053 617 496
1070 105 1046 0 868 1093 1109 1081 1121 629 718 1219 1223 424 1268 166 950 750 1198 981 355 942 902
287 942 303 868 0 350 367 338 378 285 308 431 485 488 480 757 305 281 411 193 876 418 492
424 1167 216 1093 350 0 280 252 88 510 443 555 217 713 603 982 248 551 535 317 1065 664 543
441 1184 119 1109 367 280 0 218 308 526 460 571 437 730 620 999 265 568 551 333 1117 680 559
412 1155 155 1081 338 252 218 0 279 498 431 543 408 701 591 970 236 539 523 305 1089 652 531
452 1195 244 1121 378 88 308 279 0 538 471 583 173 741 631 1010 220 579 563 345 1021 692 514
487 703 463 629 285 510 526 498 538 0 135 636 644 249 684 518 367 167 615 398 636 359 319
510 793 396 718 308 443 460 431 471 135 0 659 578 338 708 608 300 190 638 421 726 383 252
505 1293 508 1219 431 555 571 543 583 636 659 0 542 839 101 1108 509 632 424 327 1227 674 803
559 1297 373 1223 485 217 437 408 173 644 578 542 0 843 571 1112 304 686 669 451 1020 798 598
690 499 666 424 488 713 730 701 741 249 338 839 843 0 888 313 570 370 818 601 432 562 522
554 1342 556 1268 480 603 620 591 631 684 708 101 571 888 0 1157 558 681 472 376 1275 723 852
959 240 935 166 757 982 999 970 1010 518 608 1108 1112 313 1157 0 839 639 1087 870 244 832 791
379 1024 201 950 305 248 265 236 220 367 300 509 304 570 558 839 0 422 489 271 957 614 320
484 825 504 750 281 551 568 539 579 167 190 632 686 370 681 639 422 0 611 394 758 356 374
248 1273 488 1198 411 535 551 523 563 615 638 424 669 818 472 1087 489 611 0 307 1206 294 783
267 1055 270 981 193 317 333 305 345 398 421 327 451 601 376 870 271 394 307 0 989 436 565
1078 429 1053 355 876 1065 1117 1089 1021 636 726 1227 1020 432 1275 244 957 758 1206 989 0 950 910
374 1017 617 942 413 664 680 652 692 359 383 674 798 562 723 832 614 356 294 436 950 0 566
673 977 496 902 492 543 559 531 514 319 252 803 598 522 852 791 320 374 783 565 910 566 0
EOF
