NAME : tsp_problem
TYPE : TSP
DIMENSION : 19
EDGE_WEIGHT_TYPE : EXPLICIT
EDGE_WEIGHT_FORMAT : FULL_MATRIX
EDGE_WEIGHT_SECTION
0 604 671 418 108 551 568 424 612 600 637 579 477 651 615 482 890 612 631
604 0 254 582 557 573 848 587 374 362 658 859 757 672 412 646 1219 68 582
671 254 0 569 623 560 835 574 308 296 645 846 744 659 399 633 1207 262 569
418 582 569 0 487 200 333 73 632 620 285 344 242 300 530 131 802 590 279
108 557 623 487 0 619 636 492 565 553 705 647 545 719 568 551 958 565 699
551 573 560 200 619 0 466 205 623 611 130 477 375 277 521 264 691 581 270
568 848 835 333 636 466 0 339 898 886 467 43 273 566 796 247 785 856 546
424 587 574 73 492 205 339 0 638 626 291 350 248 305 535 137 807 595 285
622 374 308 632 575 623 898 638 0 34 708 909 807 723 445 696 1270 382 632
610 362 296 620 563 611 886 626 34 0 697 898 795 711 434 684 1258 371 620
637 658 645 285 705 130 467 291 708 697 0 478 460 362 606 349 642 666 356
579 859 846 344 647 477 43 350 909 898 478 0 285 577 807 259 796 867 557
477 757 744 242 545 375 273 248 807 795 460 285 0 475 705 208 859 765 455
651 672 659 300 719 275 566 305 723 711 360 577 475 0 620 364 919 681 129
452 399 466 597 405 588 863 603 407 395 673 874 772 688 0 661 1235 407 597
482 646 633 131 551 264 247 137 696 684 349 259 208 364 593 0 715 654 343
890 1219 1207 802 958 691 785 807 1270 1258 642 796 859 919 1167 715 0 1228 913
612 68 262 590 565 581 856 595 382 371 666 867 765 681 420 654 1228 0 590
631 582 569 279 699 269 546 285 632 620 354 557 455 129 530 343 913 590 0
EOF
