NAME : tsp_problem
TYPE : TSP
DIMENSION : 68
EDGE_WEIGHT_TYPE : EXPLICIT
EDGE_WEIGHT_FORMAT : FULL_MATRIX
EDGE_WEIGHT_SECTION
0 542 1019 1047 715 821 768 575 779 663 732 675 755 506 580 540 782 575 816 197 732 1017 1248 629 1199 875 1207 1037 1023 469 250 730 536 753 835 828 583 881 764 884 749 1021 1030 495 568 512 706 613 908 332 624 1119 536 217 912 877 780 83 863 605 964 659 754 1029 683 915 538 781
542 0 618 593 452 517 627 56 960 181 466 1035 996 141 940 57 423 475 512 557 250 617 794 248 745 1056 753 637 623 654 610 248 29 584 558 374 303 1062 1113 1065 295 621 629 855 49 147 497 333 454 692 524 665 427 577 476 597 1021 529 1044 123 510 539 474 629 1043 499 34 962
1019 618 0 232 777 662 702 652 1105 536 611 1251 1141 608 1214 595 568 791 657 922 605 45 357 574 399 1202 372 36 106 844 884 604 613 729 633 304 508 1207 1259 1210 370 38 112 1129 644 602 643 442 332 966 840 320 573 911 550 300 1167 1005 1189 520 165 684 392 37 1220 574 615 1107
1014 734 291 0 907 792 832 767 1235 666 741 1380 1271 698 1344 724 698 921 787 1029 735 290 553 703 529 1332 537 310 296 974 1014 734 728 859 763 434 504 1337 1389 1340 500 294 302 1259 760 704 773 438 462 1096 970 450 703 1041 680 296 1296 1001 1319 650 295 814 387 301 1350 704 730 1237
715 452 777 752 0 675 626 485 797 370 590 942 833 362 857 428 581 228 670 565 439 776 953 239 903 893 911 796 782 487 527 437 446 612 693 533 594 899 951 902 454 780 788 772 478 357 564 624 612 609 277 824 394 554 634 888 858 702 881 354 669 517 765 787 912 658 448 799
689 381 527 502 540 0 486 415 722 299 360 867 758 371 831 358 317 407 406 539 368 526 703 336 653 818 661 546 532 461 501 367 375 471 467 283 602 824 875 827 204 530 538 746 407 365 392 632 362 583 456 574 189 527 384 666 783 676 806 283 419 377 758 537 836 408 378 724
768 627 702 677 626 378 0 660 801 545 288 946 837 617 909 603 336 486 373 618 614 701 878 582 828 897 836 721 707 539 579 612 621 309 101 458 848 903 954 905 362 705 713 824 653 611 262 878 408 662 535 749 332 606 179 842 862 754 884 529 594 215 933 712 915 182 624 803
575 56 652 627 485 550 660 0 993 214 499 1068 1029 174 973 91 456 508 545 590 283 651 828 282 778 1089 786 671 657 687 643 281 56 617 591 408 336 1095 1147 1098 329 655 663 888 30 180 531 366 487 725 557 698 461 610 509 630 1054 562 1077 156 544 572 507 662 1076 533 61 995
779 960 1105 1080 797 854 801 993 0 878 765 235 126 949 276 936 814 657 849 629 947 1104 1281 830 1232 148 1240 1124 1110 359 591 945 954 786 867 861 1180 154 243 156 782 1108 1116 678 985 943 738 1210 940 535 706 1152 569 617 945 1245 151 766 251 862 997 691 1336 1116 204 948 956 305
663 181 536 511 370 435 545 214 878 0 383 1023 914 200 942 157 341 393 430 650 118 535 712 166 663 974 671 555 541 572 612 96 175 501 476 292 424 980 1031 982 213 539 547 857 207 195 415 454 372 694 441 583 345 638 393 676 939 650 961 83 428 457 595 547 992 417 177 880
732 466 611 586 590 123 288 499 765 383 0 910 801 455 873 442 84 450 118 582 453 610 787 421 737 861 745 630 616 503 543 451 460 152 310 367 686 867 918 869 271 614 622 789 491 449 81 716 317 626 499 658 234 570 227 750 826 718 848 368 503 107 842 621 879 251 462 767
675 1035 1251 1225 942 1000 946 1068 235 1023 910 0 171 999 132 1033 960 802 995 525 1092 1249 1426 975 1377 331 1385 1269 1255 504 448 1090 1029 931 1013 1007 1076 337 388 340 928 1253 1262 534 1061 1005 884 1106 1086 391 851 1297 714 513 1090 1370 196 662 435 1007 1142 837 1248 1261 48 1093 1031 489
755 996 1141 1116 833 891 837 1029 126 914 801 171 0 985 212 972 851 693 886 605 983 1140 1317 866 1268 222 1276 1160 1146 395 527 981 990 822 904 898 1156 228 279 231 819 1144 1153 614 1022 980 775 1186 977 471 742 1188 605 593 981 1281 67 742 326 898 1033 728 1327 1152 140 984 992 380
506 141 608 583 362 506 617 174 949 200 455 999 985 0 904 138 412 385 501 521 270 607 784 159 734 1045 742 627 613 643 574 268 135 573 548 364 267 1051 1103 1054 285 611 619 819 166 64 487 297 443 656 434 654 417 541 465 561 1010 493 1033 185 500 528 439 618 1007 489 137 951
580 940 1214 1189 857 963 909 973 276 942 873 132 212 904 0 937 923 717 958 430 1011 1213 1390 890 1340 372 1348 1233 1219 545 353 1009 934 895 976 970 981 378 430 381 891 1217 1225 439 965 910 847 1011 1049 296 766 1261 677 418 1053 1275 237 567 476 926 1106 800 1152 1224 140 1057 936 530
540 57 595 569 428 493 603 91 936 157 442 1033 972 138 937 0 399 451 488 555 226 593 770 224 721 1032 729 613 599 630 608 224 51 560 534 351 300 1038 1089 1041 272 597 606 853 83 144 474 331 430 690 500 641 403 575 452 594 997 526 1020 99 487 515 472 605 1041 475 54 938
782 423 568 543 581 135 336 456 814 341 84 960 851 412 923 399 0 500 130 631 410 567 744 378 694 911 702 587 573 553 593 408 417 202 267 324 643 917 968 919 228 571 579 838 449 407 115 674 274 675 549 615 284 620 184 708 876 768 898 325 460 157 799 578 929 208 419 816
575 475 791 766 228 540 486 508 657 393 450 802 693 385 717 451 500 0 535 425 462 790 967 262 917 753 925 810 796 347 387 460 469 472 553 547 617 759 811 762 468 794 802 632 501 380 424 647 626 469 87 837 254 414 630 911 718 562 741 377 683 377 788 801 772 633 471 659
693 385 531 506 544 415 489 419 726 303 364 871 762 375 834 361 321 411 0 543 372 530 707 340 657 822 665 550 536 464 504 370 379 475 470 287 606 828 879 830 208 534 542 750 411 369 396 636 366 587 460 577 193 531 388 670 787 680 810 287 423 380 761 541 840 412 382 728
197 557 922 897 565 671 618 590 629 650 582 525 605 521 430 555 631 425 666 0 719 921 1098 598 1049 725 1057 941 927 319 100 717 551 603 685 678 598 731 783 734 599 925 933 345 583 527 555 628 758 182 474 969 386 126 762 892 630 184 713 621 814 509 770 933 533 765 554 631
732 250 605 580 439 504 614 283 947 118 453 1092 983 270 1011 226 410 462 499 719 0 604 781 235 732 1043 740 624 610 641 681 185 244 571 545 362 493 1049 1100 1052 283 608 616 926 276 264 484 523 441 763 511 652 414 707 463 745 1008 719 1031 152 497 526 665 616 1061 486 246 949
1017 617 45 230 776 661 701 651 1104 535 610 1249 1140 607 1213 593 567 790 656 921 604 0 356 572 398 1200 371 39 105 843 883 603 611 728 632 303 507 1206 1258 1209 369 41 111 1128 643 601 642 441 331 965 838 319 572 910 549 299 1165 1004 1188 519 164 683 390 40 1219 573 614 1106
1248 794 357 424 953 838 878 828 1281 712 787 1426 1317 784 1390 770 744 967 833 1098 781 356 0 749 185 1378 137 376 377 1020 1060 780 788 905 809 480 780 1383 1435 1386 546 360 384 1305 820 778 819 714 508 1142 1016 185 749 1087 726 572 1342 1235 1365 696 322 860 663 368 1396 750 791 1283
629 248 574 548 239 472 582 282 830 166 421 975 866 159 890 224 378 262 467 598 235 572 749 0 700 927 708 592 578 520 560 234 242 539 513 330 390 932 984 935 251 576 585 805 274 153 453 420 409 642 311 620 382 587 431 684 891 616 914 150 466 494 562 584 945 454 245 832
1199 745 399 374 903 788 828 778 1232 663 737 1377 1268 734 1340 721 694 917 783 1049 732 398 185 700 0 1328 199 418 349 970 1010 730 739 855 759 431 747 1334 1385 1336 497 402 343 1256 771 728 769 681 458 1093 966 135 699 1037 677 539 1293 1186 1316 647 272 810 630 410 1346 701 741 1234
875 1056 1202 1177 893 951 897 1089 148 974 861 331 222 1045 372 1032 911 753 946 725 1043 1200 1378 927 1328 0 1336 1220 1206 455 687 1041 1050 882 964 958 1276 195 339 198 879 1204 1213 775 1082 1040 835 1307 1037 631 802 1248 665 714 1041 1341 247 862 293 958 1094 788 1432 1212 300 1044 1053 347
1207 753 372 382 911 796 836 786 1240 671 745 1385 1276 742 1348 729 702 925 791 1057 740 371 137 708 199 1336 0 391 357 978 1018 738 747 863 767 438 755 1342 1393 1344 505 375 351 1263 779 736 777 689 466 1101 974 143 707 1045 685 547 1301 1193 1323 655 280 818 638 382 1354 709 749 1242
1037 637 36 250 796 681 721 671 1124 555 630 1269 1160 627 1233 613 587 810 676 941 624 39 376 592 418 1220 391 0 124 863 903 622 631 748 652 323 527 1226 1278 1229 389 29 131 1148 663 621 661 461 351 985 858 339 592 930 569 319 1185 1024 1208 539 184 703 410 28 1239 593 634 1126
1023 623 106 236 782 667 707 657 1110 541 616 1255 1146 613 1219 599 573 796 662 927 610 105 377 578 349 1206 357 124 0 849 889 609 617 734 638 309 513 1212 1264 1215 375 108 82 1134 649 607 647 447 337 971 844 269 578 916 555 305 1171 1010 1194 525 170 689 396 116 1225 579 620 1112
469 654 844 819 487 593 539 687 359 572 503 504 395 643 545 630 553 347 588 319 641 843 1020 520 970 455 978 863 849 0 281 639 648 525 606 600 870 461 512 464 521 847 855 526 679 637 477 900 679 363 396 891 307 307 684 984 420 456 443 556 736 430 1041 854 473 687 650 361
250 610 884 859 527 633 579 643 591 612 543 448 527 574 353 608 593 387 628 100 681 883 1060 560 1010 687 1018 903 889 281 0 679 604 565 646 640 651 693 744 696 561 887 895 268 635 580 517 681 719 105 436 931 347 88 724 945 552 237 675 596 776 470 822 894 456 727 606 593
730 248 604 579 437 502 612 281 945 96 451 1090 981 268 1009 224 408 460 497 717 185 603 780 234 730 1041 738 622 609 639 679 0 242 569 543 360 491 1047 1099 1050 281 606 615 924 274 262 483 522 439 761 509 650 413 706 461 743 1006 717 1029 150 496 524 663 614 1059 485 245 947
536 29 613 587 446 511 621 56 954 175 460 1029 990 135 934 51 417 469 506 551 244 611 788 242 739 1050 747 631 617 648 604 242 0 578 552 369 297 1056 1107 1059 290 615 624 849 48 141 492 327 448 686 518 659 421 571 470 591 1015 523 1038 117 505 533 468 623 1037 493 34 956
619 446 591 566 477 469 415 479 652 363 379 797 688 435 760 422 381 337 464 469 433 590 767 401 717 748 725 610 596 390 430 431 440 0 482 347 666 754 805 756 268 594 602 676 471 429 353 696 426 513 386 638 119 457 448 731 713 606 736 348 483 306 822 601 766 472 442 654
835 558 633 608 693 361 101 591 867 476 310 1013 904 548 976 534 267 553 356 685 545 632 809 513 759 964 767 652 638 606 646 543 552 376 0 389 779 970 1021 972 293 636 644 891 584 542 329 809 339 728 602 680 399 673 110 773 929 821 951 460 525 282 864 643 982 113 555 869
828 374 304 279 533 418 458 408 861 292 367 1007 898 364 970 351 324 547 413 678 362 303 480 330 431 958 438 323 309 600 640 360 369 485 389 0 595 964 1015 966 126 307 315 885 400 358 399 586 192 722 596 351 329 667 306 444 923 815 945 276 196 440 535 314 976 330 371 863
583 303 508 579 594 737 848 336 1180 424 686 1076 1156 267 981 300 643 617 732 598 493 507 770 390 747 1276 755 527 513 870 651 491 297 804 779 595 0 1282 1279 1285 516 511 519 896 328 273 718 124 674 733 665 667 648 618 696 367 1181 570 1264 366 512 759 244 519 1084 720 299 1182
881 1062 1207 1182 899 957 903 1095 154 980 867 337 228 1051 378 1038 917 759 952 731 1049 1206 1383 932 1334 195 1342 1226 1212 461 693 1047 1056 888 970 964 1282 0 345 61 885 1210 1218 780 1088 1046 841 1312 1043 637 808 1254 671 720 1047 1347 253 868 128 964 1099 794 1438 1218 306 1050 1058 182
1170 1519 1664 1639 1356 1413 1359 1552 648 1436 1323 794 685 1508 835 1495 1373 1216 1408 1188 1506 1663 1840 1389 1790 745 1798 1683 1669 918 1150 1504 1513 1345 1426 1420 1685 751 0 753 1341 1667 1675 1237 1544 1502 1297 1716 1499 1094 1265 1711 1128 1176 1504 1804 710 1177 848 1421 1556 1250 1857 1674 763 1507 1515 902
884 1065 1210 1185 902 959 905 1098 156 982 869 340 231 1054 381 1041 919 762 954 734 1052 1209 1386 935 1336 198 1344 1229 1215 464 696 1050 1059 891 972 966 1285 61 348 0 887 1213 1221 783 1090 1048 843 1315 1045 640 811 1257 674 722 1050 1350 256 871 159 967 1102 796 1441 1220 309 1053 1061 213
749 295 370 345 454 322 362 329 782 213 271 928 819 285 891 272 228 468 317 599 283 369 546 251 497 879 505 389 375 521 561 281 290 389 293 126 516 885 936 887 0 373 381 806 321 279 303 546 189 643 517 417 250 588 211 510 844 736 866 197 262 344 601 381 897 235 292 784
1021 621 38 234 780 665 705 655 1108 539 614 1253 1144 611 1217 597 571 794 660 925 608 41 360 576 402 1204 375 29 108 847 887 606 615 732 636 307 511 1210 1262 1213 373 0 115 1132 647 605 645 445 335 969 842 323 576 913 553 303 1169 1008 1192 523 168 687 394 30 1223 577 618 1110
1030 629 112 243 788 673 713 663 1116 547 622 1262 1153 619 1225 606 579 802 668 933 616 111 384 585 343 1213 351 131 82 855 895 615 624 740 644 315 519 1218 1270 1221 381 115 0 1140 655 613 654 453 343 977 851 264 584 922 561 311 1178 1016 1200 531 169 695 403 122 1231 585 626 1118
495 855 1129 1104 772 878 824 888 678 857 789 534 614 819 439 853 838 632 873 345 926 1128 1305 805 1256 775 1263 1148 1134 526 268 924 849 810 891 885 896 780 832 783 806 1132 1140 0 881 825 762 926 964 211 681 1176 593 333 969 1190 639 482 878 841 1021 715 1067 1139 542 972 851 838
568 49 644 619 478 542 653 30 985 207 491 1061 1022 166 965 83 449 501 537 583 276 643 820 274 771 1082 779 663 649 679 635 274 48 609 584 400 328 1088 1139 1090 321 647 655 881 0 172 523 359 479 718 549 691 453 603 501 622 1047 554 1069 149 536 564 500 654 1069 525 54 987
512 147 602 577 357 500 611 180 943 195 449 1005 980 64 910 144 407 380 495 527 264 601 778 153 728 1040 736 621 607 637 580 262 141 567 542 358 273 1046 1097 1048 279 605 613 825 172 0 481 303 437 662 429 649 411 547 459 567 1005 499 1027 179 494 522 445 612 1013 483 143 945
706 497 643 618 564 155 262 531 738 415 81 884 775 487 847 473 115 424 150 555 484 642 819 452 769 835 777 661 647 477 517 483 491 125 329 399 718 841 892 843 303 645 654 762 523 481 0 748 349 599 473 689 208 544 259 782 800 692 822 399 535 81 873 653 853 283 494 740
613 333 442 513 624 768 878 366 1210 454 717 1106 1186 297 1011 331 674 647 763 628 523 441 704 420 681 1307 689 461 447 900 681 522 327 834 809 586 124 1312 1310 1315 546 445 453 926 359 303 748 0 613 763 696 601 678 648 726 301 1211 600 1294 396 446 790 295 453 1114 750 329 1212
908 454 332 307 612 368 408 487 940 372 317 1086 977 443 1049 430 274 626 363 758 441 331 508 409 458 1037 466 351 337 679 719 439 448 435 339 192 674 1043 1094 1045 189 335 343 964 479 437 349 613 0 801 675 379 408 746 257 471 1002 894 1024 356 224 390 563 342 1055 280 450 942
332 692 966 941 609 715 662 725 535 694 626 391 471 656 296 690 675 469 710 182 763 965 1142 642 1093 631 1101 985 971 363 105 761 686 647 728 722 733 637 689 640 643 969 977 211 718 662 599 763 801 0 518 1013 430 170 806 1027 496 319 735 678 858 552 904 976 399 809 688 675
624 524 840 815 277 589 535 557 706 441 499 851 742 434 766 500 549 87 584 474 511 838 1016 311 966 802 974 858 844 396 436 509 518 520 602 596 665 808 860 811 517 842 851 681 549 429 473 696 675 518 0 886 303 462 679 959 767 611 790 426 732 426 837 850 820 682 520 708
1119 665 320 295 824 709 749 698 1152 583 658 1297 1188 654 1261 641 615 837 704 969 652 319 185 620 135 1248 143 339 269 891 931 650 659 776 680 351 667 1254 1306 1257 417 323 264 1176 691 649 689 601 379 1013 886 0 620 957 597 459 1213 1106 1236 567 193 731 550 330 1266 621 662 1154
536 427 573 548 394 386 332 461 569 345 296 714 605 417 677 403 346 254 381 386 414 572 749 382 699 665 707 592 578 307 347 413 421 318 399 329 648 671 722 674 250 576 584 593 453 411 270 678 408 430 303 620 0 374 430 712 630 523 653 329 465 223 803 583 683 454 424 571
217 577 911 886 554 660 606 610 617 638 570 513 593 541 418 575 620 414 655 126 707 910 1087 587 1037 714 1045 930 916 307 88 706 571 591 673 667 618 720 771 722 588 913 922 333 603 547 544 648 746 170 462 957 374 0 750 912 618 204 701 622 803 497 790 921 521 753 573 619
912 476 550 525 634 278 179 509 945 393 227 1090 981 465 1053 452 184 630 273 762 463 549 726 431 677 1041 685 569 555 684 724 461 470 345 110 306 696 1047 1098 1050 211 553 561 969 501 459 259 726 257 806 679 597 427 750 0 690 1006 899 1029 377 442 300 781 561 1059 67 472 947
877 597 300 371 888 801 842 630 1245 676 750 1370 1281 561 1275 594 708 911 796 892 745 299 562 684 539 1341 547 319 305 984 945 743 591 868 773 444 367 1347 1398 1350 510 303 311 1190 622 567 782 301 471 1027 959 459 712 912 690 0 1306 864 1329 660 304 823 250 311 1359 714 593 1247
780 1021 1167 1141 858 916 862 1054 151 939 826 196 67 1010 237 997 876 718 911 630 1008 1165 1342 891 1293 247 1301 1185 1171 420 552 1006 1015 847 929 923 1181 253 304 256 844 1169 1178 639 1047 1005 800 1211 1002 496 767 1213 630 618 1006 1306 0 767 351 923 1058 753 1352 1177 165 1009 1017 405
83 529 1005 1034 702 808 754 562 766 650 718 662 742 493 567 526 768 562 803 184 719 1004 1235 616 1186 862 1193 1024 1010 456 237 717 523 740 821 815 570 868 771 871 736 1008 1016 482 554 499 692 600 894 319 611 1106 523 204 899 864 767 0 850 592 951 645 741 1016 670 902 525 768
863 1044 1189 1164 881 938 884 1077 251 961 848 435 326 1033 476 1020 898 741 933 713 1031 1188 1365 914 1316 293 1323 1208 1194 443 675 1029 1038 870 951 945 1264 128 443 159 866 1192 1200 878 1069 1027 822 1294 1024 735 790 1236 653 701 1029 1329 351 850 0 946 1081 775 1420 1199 404 1032 1040 100
605 123 520 495 354 419 529 156 862 83 368 1007 898 185 926 99 325 377 414 621 152 519 696 150 647 958 655 539 525 556 596 150 117 486 460 276 366 964 1015 967 197 523 531 841 149 179 399 396 356 678 426 567 329 622 377 660 923 592 946 0 412 441 538 531 976 401 120 864
964 510 165 140 669 554 594 544 997 428 503 1142 1033 500 1106 487 460 683 549 814 497 164 322 466 272 1094 280 184 170 736 776 496 505 621 525 196 512 1099 1151 1102 262 168 169 1021 536 494 535 446 224 858 732 193 465 803 442 304 1058 951 1081 412 0 576 396 175 1112 466 507 999
659 537 683 658 517 197 215 570 691 455 107 837 728 526 800 513 157 377 192 509 524 682 859 492 809 788 817 701 687 430 470 522 531 128 282 439 758 794 845 796 344 685 694 715 563 521 81 788 390 552 426 729 211 497 300 822 753 645 775 439 575 0 913 693 806 324 534 693
754 474 392 462 765 893 933 507 1336 595 842 1248 1327 439 1152 472 799 788 888 770 665 390 654 562 630 1432 638 410 396 1041 822 663 468 959 864 535 244 1438 1451 1441 601 394 403 1067 500 445 873 295 563 904 837 550 803 790 781 250 1352 741 1420 538 396 915 0 402 1256 805 471 1338
1029 629 37 242 787 672 712 662 1116 547 621 1261 1152 618 1224 605 578 801 667 933 616 40 368 584 410 1212 382 28 116 854 894 614 623 739 643 314 519 1218 1269 1220 381 30 122 1139 654 612 653 453 342 976 850 330 583 921 561 311 1177 1016 1199 531 175 694 402 0 1230 584 625 1118
683 1043 1220 1195 912 969 915 1076 204 992 879 48 140 1007 140 1041 929 772 964 533 1061 1219 1396 945 1346 300 1354 1239 1225 473 456 1059 1037 901 982 976 1084 306 358 309 897 1223 1231 542 1069 1013 853 1114 1055 399 820 1266 683 521 1059 1359 165 670 404 976 1112 806 1256 1230 0 1062 1039 458
915 499 574 549 658 302 182 533 948 417 251 1093 984 489 1057 475 208 633 297 765 486 573 750 454 701 1044 709 593 579 687 727 485 493 369 113 330 720 1050 1102 1053 235 577 585 972 525 483 283 750 280 809 682 621 451 753 67 714 1009 902 1032 401 466 324 805 584 1062 0 496 950
538 34 615 590 448 513 624 61 956 177 462 1031 992 137 936 54 419 471 508 554 246 614 791 245 741 1053 749 634 620 650 606 245 34 580 555 371 299 1058 1110 1061 292 618 626 851 54 143 494 329 450 688 520 662 424 573 472 593 1017 525 1040 120 507 535 471 625 1039 496 0 958
781 962 1107 1082 799 856 803 995 305 880 767 489 380 951 530 938 816 659 851 631 949 1106 1283 832 1234 347 1242 1126 1112 361 593 947 956 788 869 863 1182 182 497 213 784 1110 1118 838 987 945 740 1212 942 675 708 1154 571 619 947 1247 405 768 100 864 999 693 1338 1118 458 950 958 0
EOF