NAME : tsp_problem
TYPE : TSP
DIMENSION : 42
EDGE_WEIGHT_TYPE : EXPLICIT
EDGE_WEIGHT_FORMAT : FULL_MATRIX
EDGE_WEIGHT_SECTION
0 823 467 511 334 903 1558 1569 707 908 1059 608 1071 914 442 645 722 924 481 775 287 947 939 564 778 725 480 1036 1052 675 1334 529 828 724 902 1536 1045 485 646 587 1084 1297
823 0 779 603 529 996 925 952 509 926 274 533 409 251 791 565 508 1017 573 159 650 877 610 499 449 207 653 374 627 575 1029 620 546 644 163 918 882 722 545 373 298 1054
467 779 0 652 306 572 1272 1239 663 577 845 624 786 638 111 314 678 593 621 681 265 616 608 581 447 681 163 751 722 746 1004 669 498 393 687 1205 714 103 315 544 869 966
511 603 661 0 411 1149 1338 1365 488 1132 840 388 852 694 687 771 255 1170 55 556 533 1084 816 345 654 506 536 817 833 189 1378 43 751 850 682 1332 1088 605 751 351 864 1340
334 529 306 401 0 771 1264 1291 413 777 766 374 777 620 310 513 428 792 371 481 155 815 741 331 580 431 180 743 759 495 1203 419 677 592 608 1258 913 249 514 294 790 1165
903 996 572 1139 771 0 818 784 1109 123 760 1112 621 799 546 499 1107 70 1109 860 701 161 511 1068 632 864 651 662 404 1175 549 1156 683 578 862 751 260 590 501 973 736 512
1558 925 1272 1338 1264 818 0 402 1245 748 896 1269 757 935 1246 1020 1243 839 1308 996 1385 699 695 1235 856 1000 1351 797 589 1310 479 1356 1001 1099 998 368 703 1290 1000 1109 871 503
1569 952 1239 1365 1291 784 402 0 1272 714 923 1296 784 962 1212 1047 1270 805 1335 1023 1367 665 722 1262 883 1027 1317 824 616 1337 262 1383 1028 1126 1025 82 568 1257 1027 1136 898 286
453 480 403 352 153 891 1215 1242 0 896 716 325 728 571 430 632 379 912 322 432 275 935 692 282 531 382 278 693 709 446 1254 370 627 712 559 1208 965 347 627 244 741 1217
908 926 577 1132 777 123 748 714 1039 0 690 1063 551 729 551 505 1037 144 1102 790 706 153 440 1029 601 794 656 591 334 1104 479 1150 688 584 792 680 189 595 506 903 665 441
1059 274 845 840 766 760 896 923 746 690 0 770 234 275 818 592 745 781 810 313 887 641 478 736 476 372 890 274 390 812 935 857 573 672 187 889 645 863 573 610 84 897
608 533 624 388 374 1112 1269 1296 434 1063 770 0 782 625 650 701 236 1132 358 486 495 1014 746 82 585 436 498 747 763 303 1308 400 681 780 612 1262 1018 567 681 194 795 1270
1070 409 784 850 776 621 757 784 757 551 234 781 0 212 758 532 755 642 820 380 897 502 339 746 416 384 863 74 251 822 796 868 513 611 275 750 507 802 512 621 210 759
914 251 638 694 620 799 935 962 601 729 275 625 212 0 612 386 599 820 664 223 741 680 431 590 270 226 717 177 430 666 975 712 366 465 118 929 685 656 366 465 300 937
442 791 111 678 310 546 1246 1212 689 551 818 650 760 612 0 288 704 567 647 654 239 590 582 607 421 658 189 725 696 772 977 695 471 367 661 1179 688 129 289 570 843 940
645 565 314 771 513 499 1020 1047 677 505 592 701 534 386 288 0 675 520 740 428 442 543 356 667 195 432 392 499 470 743 931 788 223 88 435 1014 641 332 40 541 617 893
722 508 678 255 428 1107 1243 1270 409 1037 745 236 756 599 704 675 0 1128 285 461 549 988 721 216 559 410 552 722 738 140 1283 237 656 754 587 1237 993 622 655 169 769 1245
924 1017 593 1160 792 70 839 805 1130 144 781 1132 642 820 567 520 1128 0 1130 881 722 182 531 1089 653 885 671 682 425 1195 570 1177 704 599 883 771 280 611 521 994 756 532
481 573 631 55 381 1119 1308 1335 457 1102 810 358 821 664 657 740 285 1139 0 526 502 1053 786 315 624 475 505 787 803 218 1347 72 721 819 652 1302 1058 574 720 338 834 1310
775 159 681 556 481 860 996 1023 462 790 313 486 380 223 654 428 461 881 526 0 603 741 474 452 312 85 606 346 491 528 1036 573 409 507 202 990 746 675 408 326 337 998
287 650 265 523 155 701 1385 1367 534 706 887 495 898 741 239 442 549 722 492 603 0 744 737 452 576 553 301 864 851 617 1132 540 626 521 729 1334 843 283 444 415 911 1095
947 877 616 1084 815 161 699 665 990 153 641 1014 502 680 590 543 988 182 1053 741 744 0 392 980 553 745 694 543 285 1056 430 1101 701 622 743 632 141 634 544 854 617 393
939 610 608 816 741 511 695 722 722 440 478 746 339 431 582 356 721 531 786 474 737 392 0 712 188 477 687 380 141 788 686 833 336 435 480 689 396 626 336 586 454 648
564 499 581 345 331 1068 1235 1262 400 1029 736 82 748 590 607 667 216 1089 315 452 452 980 712 0 551 402 455 713 729 283 1274 362 647 746 578 1228 984 524 647 174 761 1236
778 449 447 654 580 632 856 883 561 601 476 585 418 270 421 195 559 653 624 312 576 553 188 551 0 316 525 383 302 626 847 672 175 274 319 850 557 465 175 425 501 809
725 207 681 506 431 864 1000 1027 412 794 372 436 384 226 658 432 410 885 475 85 553 745 477 402 316 0 555 349 494 478 1039 523 412 511 214 993 749 625 412 276 397 1001
480 653 163 526 180 651 1351 1317 537 656 890 498 864 717 189 392 552 671 495 606 301 694 687 455 525 555 0 830 801 620 1082 543 576 471 732 1284 792 106 393 418 914 1044
1036 374 751 817 743 662 797 824 723 591 274 747 74 177 725 499 722 682 787 346 864 543 380 713 383 349 830 0 292 789 837 834 480 578 240 791 547 769 479 587 250 799
1052 627 722 833 759 404 589 616 739 334 390 763 251 430 696 470 738 425 803 491 851 285 141 729 302 494 801 292 0 805 580 850 450 549 493 583 290 740 450 603 366 542
675 575 746 189 495 1175 1310 1337 476 1104 812 303 824 666 772 743 140 1195 218 528 617 1056 788 283 626 478 620 789 805 0 1350 171 723 822 654 1304 1060 689 723 236 836 1312
1334 1029 1004 1378 1203 549 479 262 1284 479 935 1308 796 975 977 931 1283 570 1347 1036 1132 430 686 1274 847 1039 1082 837 580 1350 0 1395 995 1010 1037 229 333 1022 932 1148 911 51
529 620 679 43 429 1166 1356 1383 505 1150 857 400 869 712 705 788 237 1187 72 573 550 1101 833 362 672 523 553 834 850 171 1395 0 768 867 699 1349 1106 622 768 333 882 1358
828 546 498 751 677 683 1001 1028 657 688 573 681 514 366 471 223 656 704 721 409 626 701 336 647 175 412 576 480 450 723 995 768 0 302 415 994 706 516 203 521 597 958
724 644 393 850 592 578 1099 1126 756 584 672 780 613 465 367 88 754 599 819 507 521 622 435 746 274 511 471 578 549 822 1010 867 302 0 514 1093 720 411 119 620 696 972
902 163 687 682 608 862 998 1025 588 792 187 612 275 118 661 435 587 883 652 202 729 743 480 578 319 214 732 240 493 654 1037 699 415 514 0 992 748 705 415 452 212 1000
1536 918 1205 1332 1258 751 368 82 1238 680 889 1262 750 929 1179 1014 1237 771 1302 990 1334 632 689 1228 850 993 1284 791 583 1304 229 1349 994 1093 992 0 534 1223 994 1102 865 253
1045 882 714 1088 913 260 703 568 994 189 645 1018 507 685 688 641 993 280 1058 746 843 141 396 984 557 749 792 547 290 1060 333 1106 706 720 748 534 0 732 642 858 621 295
485 722 103 595 249 590 1290 1257 607 595 863 567 804 656 129 332 622 611 564 675 283 634 626 524 465 625 106 769 740 689 1022 612 516 411 705 1223 732 0 333 487 887 984
646 545 315 751 514 501 1000 1027 657 506 573 681 514 366 289 40 655 521 720 408 444 544 336 647 175 412 393 479 450 723 932 768 203 119 415 994 642 333 0 521 597 894
587 373 544 351 294 973 1109 1136 274 903 610 194 622 465 570 541 169 994 338 326 415 854 586 174 425 276 418 587 603 236 1148 333 521 620 452 1102 858 487 521 0 635 1110
1084 298 869 864 790 736 871 898 771 665 84 795 210 300 843 617 769 756 834 337 911 617 454 761 501 397 914 250 366 836 911 882 597 696 212 865 621 887 597 635 0 873
1297 1054 966 1340 1165 512 503 286 1246 441 897 1270 759 937 940 893 1245 532 1310 998 1095 393 648 1236 809 1001 1044 799 542 1312 51 1358 958 972 1000 253 295 984 894 1110 873 0
EOF