NAME : tsp_problem
TYPE : TSP
DIMENSION : 64
EDGE_WEIGHT_TYPE : EXPLICIT
EDGE_WEIGHT_FORMAT : FULL_MATRIX
EDGE_WEIGHT_SECTION
0 1038 915 671 727 1121 747 1218 784 872 327 860 611 612 1429 1122 543 1495 728 511 869 263 914 740 449 876 1348 433 821 818 883 418 1400 704 870 175 580 1424 834 732 787 939 1465 475 934 973 954 1415 1243 857 813 737 543 765 841 759 759 429 301 1030 847 892 963 1420
946 0 599 624 447 132 754 366 693 813 967 801 892 892 632 269 1124 950 771 757 707 902 720 649 1030 474 679 642 529 674 720 1057 794 613 626 1097 989 651 579 641 500 745 920 1114 618 735 674 562 390 481 650 761 951 632 587 511 592 1068 941 437 593 458 683 623
633 599 0 311 698 682 206 591 561 265 708 253 451 447 802 494 811 867 223 444 545 778 172 518 717 281 720 893 336 126 614 775 772 481 78 784 480 797 386 509 193 197 837 865 70 542 480 787 616 229 567 213 511 466 393 536 398 786 653 403 399 265 490 793
391 624 316 0 456 707 268 616 319 393 465 381 337 337 826 519 569 892 250 202 404 536 436 275 475 306 745 651 356 339 418 533 797 239 344 542 433 821 369 267 185 461 862 623 335 508 489 812 640 254 348 259 396 300 376 294 294 544 411 428 382 289 498 817
641 447 700 456 0 529 532 695 381 657 655 645 587 587 961 598 819 1279 513 451 396 591 700 338 725 519 1008 330 464 603 409 746 1123 302 655 792 683 980 402 329 572 724 1249 803 719 499 480 891 719 642 339 523 646 321 401 200 402 757 629 766 394 543 490 952
1159 263 813 837 660 0 967 579 906 1026 1180 1014 1105 1106 845 483 1337 954 984 970 920 1116 934 862 1244 688 807 855 743 888 934 1271 859 826 840 1311 1202 865 793 854 714 959 924 1328 831 949 887 776 604 695 864 975 1165 845 800 724 805 1282 1154 650 806 672 897 836
466 754 206 210 532 837 0 746 395 163 540 151 283 283 956 649 644 1022 84 277 480 611 205 351 550 436 875 727 432 109 493 608 927 315 161 617 331 951 444 343 317 230 992 698 224 583 564 942 770 384 423 93 342 375 452 369 369 619 486 558 458 419 574 947
938 366 591 616 695 448 746 0 821 805 1012 793 884 884 337 142 1116 695 763 748 731 1082 712 777 1022 466 384 890 521 666 799 1080 500 741 618 1089 980 357 571 769 492 737 665 1170 610 727 666 267 185 473 752 753 943 652 578 759 583 1091 958 429 584 450 675 328
504 693 563 319 381 775 395 821 0 520 578 508 450 450 1077 725 682 1142 376 314 337 648 563 128 588 382 995 576 327 466 351 645 1047 101 518 655 546 1072 340 120 435 587 1112 736 582 441 422 1018 846 504 281 386 509 262 342 227 265 657 524 633 336 406 431 1068
401 625 317 79 466 708 278 617 329 0 475 391 347 347 828 520 579 893 260 212 414 545 439 285 485 307 746 661 361 349 428 543 798 249 345 552 443 822 379 277 186 464 863 633 336 518 499 813 642 255 358 269 406 310 386 304 304 554 421 429 392 291 508 819
142 967 709 465 655 1049 540 1012 578 666 0 654 405 406 1223 916 329 1289 522 304 663 191 708 534 235 670 1142 361 615 612 677 129 1193 498 664 294 374 1218 628 526 581 733 1259 219 727 767 748 1209 1037 651 607 531 337 559 635 553 553 140 95 824 641 686 757 1214
421 645 338 99 486 728 298 637 349 423 496 0 367 368 848 541 599 914 280 232 435 566 459 306 506 327 767 681 382 370 448 563 818 270 365 572 464 843 399 297 206 484 884 653 356 538 519 834 662 276 378 289 427 330 407 324 324 574 442 449 412 311 528 839
331 892 451 337 587 975 283 884 450 408 405 396 0 146 1094 787 509 1160 265 261 535 475 451 406 415 541 1013 645 487 355 549 472 1065 370 407 482 197 1089 499 398 453 476 1130 563 436 638 619 1080 908 522 478 274 205 430 507 424 424 484 351 696 513 558 629 1086
331 892 447 337 587 975 283 884 450 409 406 397 146 0 1095 788 509 1161 265 262 535 476 451 406 415 542 1014 645 487 355 549 473 1066 370 407 482 191 1090 500 398 453 476 1131 563 429 639 620 1081 909 523 479 274 205 431 507 425 425 484 351 696 513 558 629 1086
1148 632 802 826 961 715 956 337 1077 1016 1223 1003 1094 1095 0 408 1326 430 973 959 990 1293 923 1033 1233 726 119 1156 780 877 1059 1290 235 997 829 1300 1006 40 831 1025 703 948 400 1381 820 987 925 169 451 616 1012 964 1041 911 838 1025 843 1301 1169 496 844 710 935 30
841 269 494 519 598 352 649 142 725 708 916 696 787 788 408 0 1019 766 666 652 634 986 616 681 926 370 455 793 424 569 703 983 571 645 522 992 884 428 475 673 395 641 736 1073 513 631 569 338 167 377 656 657 847 555 482 662 487 994 862 332 488 354 578 399
262 1124 812 569 819 1207 644 1116 682 769 329 757 509 509 1326 1019 0 1392 626 408 767 407 812 638 130 773 1245 577 719 716 780 243 1297 602 768 413 477 1321 731 630 685 837 1362 251 831 870 851 1312 1140 754 710 635 440 662 739 656 656 233 283 928 745 789 861 1317
1214 950 867 892 1279 1033 1022 695 1142 1081 1289 1069 1160 1161 430 766 1392 0 1039 1025 1056 1359 989 1099 1299 792 349 1474 846 942 1125 1356 401 1063 895 1365 1071 425 897 1091 768 1014 89 1446 886 1052 991 527 809 681 1077 1030 1107 977 904 1117 909 1367 1235 562 910 775 1000 421
448 771 223 227 513 854 84 763 376 180 522 168 265 265 973 666 626 1039 0 259 462 592 222 333 532 453 892 708 413 126 475 590 944 297 178 599 313 968 426 324 334 247 1009 680 241 565 546 959 787 401 405 75 324 357 434 351 351 601 468 575 439 436 555 964
230 757 445 202 451 839 277 748 314 402 304 390 261 262 959 652 408 1025 259 0 400 375 445 271 314 406 878 544 351 348 413 372 930 234 400 381 274 954 364 262 317 470 995 462 464 503 484 945 773 387 343 268 237 295 371 289 289 383 250 560 377 422 493 950
589 707 545 404 396 789 480 731 337 605 663 593 535 535 990 634 767 1056 462 400 0 733 648 294 673 291 909 591 237 551 96 731 961 257 573 740 631 985 174 285 446 673 1026 821 564 271 252 927 755 428 84 471 594 118 172 233 200 742 609 543 166 316 261 981
311 1135 877 634 824 1218 709 1181 747 834 230 822 574 574 1391 1084 480 1457 691 473 832 0 877 703 412 838 1310 529 784 780 845 320 1362 667 833 462 542 1386 796 695 750 902 1427 254 896 935 916 1377 1205 819 775 700 505 727 804 721 721 331 264 993 810 854 926 1382
501 590 283 178 566 673 377 582 429 497 575 485 447 447 793 486 678 859 359 311 514 645 0 385 585 272 712 761 327 358 528 642 763 349 310 652 543 788 377 377 151 429 829 733 301 533 472 779 607 221 457 368 506 409 384 403 389 653 521 394 390 256 481 784
460 649 519 275 338 732 351 777 128 476 534 464 406 406 1033 681 638 1099 333 271 294 605 519 0 544 338 952 533 284 422 307 602 1004 58 474 611 502 1028 296 76 391 544 1069 692 538 397 378 974 802 461 237 342 465 219 299 183 221 613 480 589 292 363 388 1024
169 1030 719 475 725 1113 550 1022 588 676 235 664 415 415 1233 926 130 1299 532 314 673 313 718 544 0 679 1152 483 625 622 687 150 1203 508 674 320 384 1228 638 536 591 743 1269 320 737 777 758 1219 1047 661 616 541 347 569 645 563 563 139 189 834 651 696 767 1224
595 474 281 306 519 557 436 466 382 495 670 483 541 542 726 370 773 792 453 406 291 740 402 338 679 0 645 714 119 356 360 737 696 302 308 746 638 721 132 330 182 427 762 827 300 296 260 663 491 163 313 443 601 212 139 356 144 748 615 278 145 51 270 717
1067 679 720 745 1008 762 875 384 995 934 1142 922 1013 1014 119 455 1245 349 892 878 909 1212 842 952 1152 645 0 1203 699 795 978 1209 153 916 748 1218 924 114 749 943 621 867 319 1299 739 905 844 216 498 534 930 883 960 830 757 970 762 1220 1088 415 763 628 853 110
382 642 895 651 330 724 727 890 576 852 361 840 645 645 1156 793 577 1474 708 544 591 297 894 533 483 714 1203 0 659 798 604 452 1318 496 850 533 614 1175 597 524 767 919 1444 509 914 694 675 1086 914 836 534 717 576 515 596 395 597 463 335 961 589 738 684 1147
541 529 336 356 464 612 432 521 327 549 615 537 487 487 780 424 719 846 413 351 237 685 457 284 625 119 699 659 0 411 305 682 751 247 363 692 583 775 77 275 237 482 816 773 354 241 206 717 546 218 258 423 546 158 85 302 89 694 561 333 90 106 215 772
538 674 126 216 603 757 109 666 466 168 612 156 355 355 877 569 716 942 126 348 551 682 126 422 622 356 795 798 411 0 565 679 847 386 81 689 403 872 461 414 237 151 912 770 145 617 555 862 691 304 495 117 414 447 468 441 441 690 558 478 474 340 565 868
603 720 614 418 409 803 493 799 351 619 677 607 549 549 1059 703 780 1125 475 413 96 747 661 307 687 360 978 604 305 565 0 744 1030 271 617 754 645 1054 242 299 515 686 1095 835 633 340 321 996 824 496 93 484 608 184 241 247 266 755 623 611 235 384 330 1050
226 1057 776 533 746 1140 608 1080 645 733 129 721 472 473 1290 983 243 1356 590 372 731 282 776 602 150 737 1209 452 682 679 744 0 1261 566 731 377 441 1285 695 593 648 801 1326 309 795 834 815 1276 1104 718 674 599 404 626 702 620 620 72 186 892 708 753 824 1281
1119 794 772 797 1123 877 927 500 1047 986 1193 974 1065 1066 235 571 1297 401 944 930 961 1264 894 1004 1203 696 153 1318 751 847 1030 1261 0 967 800 1270 976 230 801 995 673 918 371 1351 791 957 896 332 613 586 982 934 1012 882 809 1022 814 1272 1139 467 815 680 905 226
424 613 483 239 302 695 315 741 101 440 498 428 370 370 997 645 602 1063 297 234 257 568 483 58 508 302 916 496 247 386 271 566 967 0 438 575 466 992 260 49 355 508 1033 656 502 361 342 938 766 425 201 306 429 182 262 147 185 577 444 553 256 326 351 988
588 626 78 266 654 709 161 618 517 220 663 208 407 407 829 522 766 895 178 399 573 733 128 473 673 308 748 849 363 81 615 730 800 437 0 739 455 824 413 465 220 153 865 820 97 569 508 815 643 257 545 169 466 494 421 491 425 741 609 430 426 292 517 820
213 902 779 535 591 985 611 1082 648 736 191 724 475 476 1293 986 407 1359 592 375 733 127 778 604 313 740 1212 297 685 682 747 282 1264 568 734 0 444 1288 698 596 651 803 1329 339 798 837 818 1279 1107 721 677 601 407 629 705 623 623 293 165 894 711 756 827 1284
299 989 480 433 683 1071 331 980 546 457 374 444 197 191 1006 884 477 1071 313 274 631 444 499 502 384 638 924 614 583 403 645 441 976 466 455 450 0 1000 596 494 549 524 1041 531 462 735 716 1103 1005 619 575 322 72 527 603 521 521 452 320 792 609 654 725 997
1143 651 797 821 980 734 951 357 1072 1010 1218 998 1089 1090 40 428 1321 425 968 954 985 1288 918 1028 1228 721 114 1175 775 872 1054 1285 230 992 824 1295 1000 0 826 1020 698 943 395 1376 815 982 920 189 471 611 1007 959 1036 906 833 1045 838 1296 1164 491 839 705 930 50
553 579 386 369 402 662 444 571 340 570 628 558 499 500 831 475 731 897 426 364 174 698 507 296 638 132 749 597 77 461 242 695 801 260 413 705 596 826 0 288 287 532 867 786 405 178 143 768 596 268 195 435 559 125 54 239 102 706 574 383 48 156 152 822
452 641 511 267 329 723 343 769 120 468 526 456 398 398 1025 673 630 1091 324 262 285 596 511 76 536 330 943 524 275 414 299 593 995 49 466 603 494 1020 288 0 383 535 1060 684 530 389 370 966 794 453 229 334 457 210 290 175 213 605 472 581 284 354 379 1016
507 500 193 185 572 583 347 492 435 406 581 394 453 453 703 395 685 768 364 317 446 651 314 391 591 182 621 767 237 268 515 648 673 355 220 658 549 698 287 383 0 339 738 739 211 443 381 688 517 130 463 355 512 367 294 409 299 660 527 304 300 166 391 694
476 566 258 154 541 648 353 557 404 472 550 460 422 422 768 461 654 834 334 287 489 620 379 360 560 247 687 736 302 333 503 618 739 324 285 627 518 763 352 352 126 0 804 708 277 508 447 754 582 196 433 344 481 385 360 379 364 629 496 369 366 231 456 759
1184 920 837 862 1249 1003 992 665 1112 1051 1259 1039 1130 1131 400 736 1362 89 1009 995 1026 1329 959 1069 1269 762 319 1444 816 912 1095 1326 371 1033 865 1335 1041 395 867 1060 738 984 0 1416 856 1022 961 497 779 651 1047 1000 1077 947 874 1087 879 1337 1205 532 880 745 970 391
300 1124 867 623 813 1207 698 1170 736 823 219 811 563 563 1381 1073 251 1446 680 462 821 349 866 692 320 827 1299 519 773 770 835 309 1351 656 822 451 531 1376 786 684 739 891 1416 0 885 925 905 1366 1195 808 764 689 494 716 793 710 711 321 253 982 799 844 915 1372
652 618 70 330 717 701 224 610 580 284 726 272 436 429 820 513 830 886 241 463 564 796 191 536 736 300 739 912 354 145 633 794 791 500 97 803 462 815 405 528 211 216 856 884 0 560 499 806 634 248 585 232 497 485 412 555 417 805 672 422 418 283 508 811
692 735 542 508 499 818 583 727 441 709 767 697 638 639 987 631 870 1052 565 503 271 837 663 397 777 296 905 694 241 617 340 834 957 361 569 844 735 982 178 389 443 688 1022 925 560 0 93 923 752 424 293 574 698 222 177 337 266 845 713 539 171 312 102 978
673 674 480 489 480 757 564 666 422 690 748 677 619 620 925 569 851 991 546 484 252 818 602 378 758 260 844 675 206 555 321 815 896 342 508 824 716 920 143 370 381 627 961 905 499 93 0 862 690 363 274 555 679 203 142 318 231 826 694 478 135 251 40 916
1134 562 787 812 891 645 942 267 1018 1001 1209 989 1080 1081 169 338 1312 527 959 945 927 1279 909 974 1219 663 216 1086 717 862 996 1276 332 938 815 1285 1103 189 768 966 688 934 497 1366 806 923 862 0 381 670 948 950 1138 848 775 955 780 1287 1155 593 781 646 871 160
962 390 616 640 719 473 770 185 846 830 1037 817 908 909 451 167 1140 809 787 773 755 1107 737 802 1047 491 498 914 546 691 824 1104 613 766 643 1114 1005 471 596 794 517 762 779 1195 634 752 690 381 0 498 777 778 968 676 603 784 608 1115 983 453 609 475 700 442
576 481 229 254 642 564 384 473 504 443 651 431 522 523 616 377 754 681 401 387 428 721 351 461 661 163 534 836 218 304 496 718 586 425 257 727 619 611 268 453 130 376 651 808 248 424 363 670 498 0 449 392 582 349 275 479 280 729 597 285 281 147 372 607
532 650 567 348 339 733 423 752 281 548 607 536 478 479 1012 656 710 1077 405 343 84 677 591 237 616 313 930 534 258 495 93 674 982 201 547 683 575 1007 195 229 463 616 1047 764 585 293 274 948 777 449 0 414 538 114 194 177 196 685 553 564 188 337 283 1003
457 761 213 218 523 844 93 753 386 170 531 158 274 274 964 657 635 1030 75 268 471 602 213 342 541 443 883 717 423 117 484 599 934 306 169 608 322 959 435 334 324 238 1000 689 232 574 555 950 778 392 414 0 333 366 443 360 360 610 477 565 449 427 565 955
262 951 511 396 646 1034 342 943 509 468 337 456 205 205 1041 847 440 1107 324 237 594 407 510 465 347 601 960 576 546 414 608 404 1012 429 466 413 72 1036 559 457 512 535 1077 494 497 698 679 1138 968 582 538 333 0 490 566 484 484 415 283 755 572 617 688 1032
484 632 466 300 321 714 375 652 262 500 559 488 430 431 911 555 662 977 357 295 118 629 543 219 569 212 830 515 158 447 184 626 882 182 494 635 527 906 125 210 367 568 947 716 485 222 203 848 676 349 114 366 490 0 123 158 95 637 505 464 117 237 212 902
561 587 393 376 401 669 452 578 342 577 635 565 507 507 838 482 739 904 434 371 172 705 515 299 645 139 757 596 85 468 241 702 809 262 421 712 603 833 54 290 294 539 874 793 412 177 142 775 603 275 194 443 566 123 0 238 109 714 581 390 46 164 151 829
478 511 537 294 200 594 369 759 227 494 553 482 424 425 1025 662 656 1117 351 289 233 623 537 183 563 356 970 395 302 441 247 620 1022 147 493 629 521 1045 239 175 409 562 1087 710 556 337 318 955 784 479 177 360 484 158 238 0 240 631 499 608 232 381 327 1016
478 592 398 294 402 674 369 583 265 495 553 483 424 425 843 487 656 909 351 289 200 623 519 221 563 144 762 597 89 441 266 620 814 185 425 630 521 838 102 213 299 544 879 711 417 266 231 780 608 280 196 360 484 95 109 240 0 631 499 395 115 168 240 834
237 1068 787 544 757 1151 619 1091 657 744 140 732 484 484 1301 994 233 1367 601 383 742 293 787 613 139 748 1220 463 694 690 755 72 1272 577 742 388 452 1296 706 605 660 812 1337 321 806 845 826 1287 1115 729 685 610 415 637 714 631 631 0 197 903 719 764 836 1292
88 941 655 411 629 1023 486 958 524 612 95 600 351 351 1169 862 283 1235 468 250 609 165 654 480 189 615 1088 335 561 558 623 186 1139 444 610 239 320 1164 574 472 527 679 1205 253 673 713 694 1155 983 597 553 477 283 505 581 499 499 197 0 770 587 632 703 1160
750 437 403 428 766 520 558 429 633 617 824 605 696 696 496 332 928 562 575 560 543 894 524 589 834 278 415 961 333 478 611 892 467 553 430 901 792 491 383 581 304 549 532 982 422 539 478 593 453 285 564 565 755 464 390 608 395 903 770 0 396 262 487 487
567 593 399 382 394 675 458 584 336 583 641 571 513 513 844 488 745 910 439 377 166 711 520 292 651 145 763 589 90 474 235 708 815 256 426 718 609 839 48 284 300 545 880 799 418 171 135 781 609 281 188 449 572 117 46 232 115 719 587 396 0 169 145 835
612 458 265 289 543 541 419 450 406 479 686 467 558 558 710 354 789 775 436 422 316 756 386 363 696 51 628 738 106 340 384 753 680 326 292 763 654 705 156 354 166 411 745 844 283 312 251 646 475 147 337 427 617 237 164 381 168 764 632 262 169 0 260 701
683 683 490 498 490 766 574 675 431 699 757 687 629 629 935 578 861 1000 555 493 261 827 611 388 767 270 853 684 215 565 330 824 905 351 517 834 725 930 152 379 391 636 970 915 508 102 40 871 700 372 283 565 688 212 151 327 240 836 703 487 145 260 0 926
1140 623 793 817 952 706 947 328 1068 1007 1214 994 1086 1086 30 399 1317 421 964 950 981 1284 914 1024 1224 717 110 1147 772 868 1050 1281 226 988 820 1291 997 50 822 1016 694 939 391 1372 811 978 916 160 442 607 1003 955 1032 902 829 1016 834 1292 1160 487 835 701 926 0
EOF