NAME : tsp_problem
TYPE : TSP
DIMENSION : 88
EDGE_WEIGHT_TYPE : EXPLICIT
EDGE_WEIGHT_FORMAT : FULL_MATRIX
EDGE_WEIGHT_SECTION
0 135 1202 1192 298 351 661 1175 950 614 1237 1237 804 352 1299 607 614 478 547 636 1016 1122 455 1143 559 1221 277 1224 680 1257 755 832 875 60 729 1221 1221 588 816 607 1088 627 961 613 85 770 338 562 473 784 620 1091 1301 1115 1182 772 969 566 622 662 718 571 288 678 655 539 541 343 614 362 741 537 485 718 613 774 525 951 284 1137 473 541 684 648 1094 1075 121 601
135 0 1290 1279 372 321 748 1262 1037 701 1325 1325 879 427 1386 695 701 566 634 723 1103 1210 542 1231 647 1309 351 1312 768 1345 843 919 962 134 817 1309 1308 675 904 695 1175 714 1048 701 159 845 425 649 548 871 708 1179 1388 1202 1270 860 1043 653 709 749 806 658 257 765 742 626 628 431 701 437 829 611 572 806 701 861 612 1039 371 1225 560 628 771 735 1181 1163 196 688
1202 1290 0 287 1308 1373 964 390 354 1066 362 363 792 1362 394 1028 917 793 999 1057 425 532 893 553 865 51 1347 55 1016 352 743 517 412 1217 706 178 349 1030 503 990 253 669 568 984 1202 835 1035 911 1111 561 1041 501 396 445 393 750 647 809 850 965 900 1023 1310 1014 935 991 847 1028 1035 1228 915 1143 889 882 972 905 1043 559 1056 112 901 952 1019 831 247 428 1192 1022
1192 1279 287 0 1298 1363 954 286 343 1056 259 259 992 1352 291 1049 907 783 989 1078 665 772 883 793 855 306 1337 309 1006 249 733 639 402 1207 696 418 246 1030 493 980 493 659 768 974 1192 1035 1024 900 1311 591 1062 741 293 341 290 739 847 799 839 955 890 1013 1300 1003 925 981 836 1018 1056 1362 905 1343 879 871 962 895 1033 759 1046 222 891 942 1009 820 487 406 1181 1043
246 321 1316 1306 0 331 775 1289 1064 728 1351 1351 873 421 1413 721 728 592 661 750 1130 1236 569 1257 673 1335 212 1338 794 1371 869 946 989 216 843 1335 1335 702 930 721 1202 741 1075 727 200 839 452 676 542 898 734 1205 1415 1229 1296 886 1038 680 736 776 832 685 394 792 769 653 655 457 728 431 855 606 599 832 727 888 639 1065 398 1251 587 655 798 762 1208 1189 175 715
351 321 1373 1363 516 0 832 1346 1121 785 1408 1408 989 571 1470 778 785 649 718 807 1187 1293 626 1314 730 1392 143 1395 851 1428 926 1003 1046 365 900 1392 1392 759 987 778 1259 798 1132 784 350 956 509 733 692 955 791 1262 1472 1286 1353 943 1154 737 793 833 889 742 155 849 826 710 712 514 785 581 912 755 656 889 784 945 696 1122 455 1308 644 712 855 819 1265 1246 325 772
514 601 820 810 619 685 0 792 568 378 855 855 582 674 916 371 364 104 311 400 633 740 205 761 323 839 659 842 444 875 383 450 492 529 347 839 838 352 434 442 705 244 579 448 513 549 346 312 633 401 384 709 919 732 800 390 657 330 372 412 482 335 622 442 419 303 304 340 378 684 505 665 249 457 377 538 359 569 368 755 237 305 448 398 712 693 503 365
1175 1262 390 286 1280 1346 937 0 326 1039 97 97 975 1335 251 1032 890 765 972 1061 768 874 866 896 838 409 1320 412 989 209 716 622 385 1190 679 520 81 1012 476 963 596 642 751 957 1174 1018 1007 883 1294 574 1045 843 253 90 42 722 830 782 822 938 873 996 1283 986 908 964 819 1001 1039 1345 887 1326 862 854 944 877 1016 742 1029 325 874 925 992 803 589 155 1164 1026
950 1037 354 343 1056 1121 712 326 0 769 389 389 701 1110 450 763 665 541 702 791 532 639 641 660 564 373 1095 376 715 409 442 349 111 965 405 484 372 743 202 738 559 417 477 732 950 744 782 658 1020 300 776 608 452 266 334 449 556 508 598 713 599 726 1058 713 634 694 546 776 769 1120 614 1052 588 629 671 604 791 468 804 289 600 651 718 578 553 227 939 756
614 701 1066 1056 720 785 525 1039 769 0 1101 1101 495 774 1163 261 478 342 231 290 835 941 319 963 282 1085 759 1088 365 1121 440 651 694 629 458 1041 1085 242 636 542 907 491 706 548 614 462 446 426 546 603 274 910 1165 979 1046 466 660 288 486 526 403 79 722 362 339 143 263 440 268 663 426 578 207 653 298 458 460 715 468 1001 196 226 368 512 913 939 604 255
1237 1325 362 259 1343 1408 999 97 389 1101 0 42 1037 1397 223 1094 952 828 1034 1123 741 847 928 868 900 382 1382 385 1051 182 778 685 447 1252 741 493 57 1075 538 1025 568 704 814 1019 1237 1080 1070 946 1356 636 1107 816 226 152 101 785 892 844 885 1000 935 1058 1345 1049 970 1026 882 1063 1101 1407 950 1388 924 916 1007 940 1078 804 1091 298 936 987 1054 865 562 217 1227 1088
1237 1325 363 259 1343 1408 999 97 389 1101 42 0 1037 1397 224 1095 952 828 1034 1123 741 847 928 869 901 382 1382 385 1051 182 778 685 447 1252 742 493 57 1075 539 1025 568 704 814 1019 1237 1081 1070 946 1356 636 1108 816 226 152 101 785 892 845 885 1000 935 1059 1345 1049 970 1026 882 1064 1101 1407 950 1388 925 917 1007 940 1078 804 1091 298 936 987 1054 866 562 217 1227 1088
804 879 792 992 730 989 729 975 701 495 1037 1037 0 638 1099 285 683 547 308 313 508 614 523 635 429 806 894 814 490 1057 566 402 626 774 603 713 1021 287 567 747 580 651 259 753 758 138 651 631 367 445 298 583 1101 914 982 592 213 493 690 730 528 452 926 488 465 420 442 645 292 484 551 399 412 858 423 584 664 269 672 857 400 351 494 716 586 875 748 278
352 427 1362 1352 278 561 821 1335 1110 774 1397 1397 638 0 1459 606 774 638 630 635 1097 1204 615 1225 720 1381 442 1385 812 1417 887 991 1035 322 889 1303 1381 608 977 768 1169 787 848 774 307 604 498 722 307 944 619 1173 1461 1275 1342 913 803 726 782 822 850 731 527 809 786 699 701 504 613 196 873 371 645 879 744 905 685 858 444 1298 633 672 815 808 1176 1235 297 600
1299 1386 394 291 1404 1470 1060 251 450 1163 223 224 1099 1459 0 1156 1014 889 1095 1185 772 879 989 900 962 413 1444 416 1112 97 839 746 508 1314 803 525 210 1136 600 1087 600 766 875 1081 1298 1142 1131 1007 1417 698 1169 848 76 306 254 846 954 906 946 1061 997 1120 1407 1110 1032 1088 943 1125 1163 1469 1011 1450 986 978 1068 1001 1140 865 1152 329 998 1049 1116 927 594 371 1288 1150
607 695 1028 1049 698 778 518 1032 763 261 1094 1095 285 606 1156 0 471 335 191 61 744 851 312 872 275 1043 752 1050 358 1115 433 639 687 622 452 950 1078 53 629 535 816 484 495 541 607 251 440 419 335 596 46 820 1158 972 1039 459 450 281 479 519 396 218 715 356 332 186 256 433 40 453 419 368 201 646 291 451 453 505 461 995 189 219 361 505 823 932 597 30
560 648 866 856 666 731 457 839 614 424 901 901 629 720 963 418 0 151 357 446 680 786 251 807 370 885 705 888 491 921 430 496 539 575 393 885 885 398 480 488 752 291 625 494 560 595 393 358 679 448 431 755 965 778 846 436 703 376 418 458 529 381 668 488 465 349 351 386 424 730 552 712 295 503 423 584 406 615 414 801 283 351 494 444 758 739 550 411
478 566 793 783 584 649 375 765 541 342 828 828 547 638 889 335 328 0 275 364 606 713 169 734 288 812 623 815 409 848 356 423 465 493 320 812 811 316 407 406 678 217 552 412 478 513 311 276 597 374 349 682 892 705 773 363 630 294 336 376 447 299 586 406 383 267 269 304 342 648 470 630 213 430 341 502 324 542 332 728 201 269 412 362 685 666 468 329
547 634 999 989 652 718 458 972 702 231 1034 1034 308 630 1095 191 411 275 0 220 768 874 251 895 157 1018 692 1021 219 1054 294 584 627 562 331 973 1018 193 568 475 840 423 519 481 546 275 379 359 359 536 205 843 1098 911 979 320 473 221 419 459 257 188 654 216 193 156 170 373 198 476 280 391 140 586 151 312 392 529 400 934 128 79 222 445 846 872 536 185
636 723 1057 1078 727 807 547 1061 791 290 1123 1123 313 635 1185 61 500 364 220 0 773 879 341 900 304 1071 781 1079 386 1143 462 667 716 651 480 978 1107 82 657 564 845 512 524 570 635 280 468 448 364 625 45 848 1187 1000 1068 488 478 310 508 548 425 247 744 384 361 215 285 462 44 481 448 396 229 675 319 480 481 534 490 1023 217 247 390 534 851 961 625 45
1016 1103 425 665 1121 1187 777 768 532 835 741 741 508 1097 772 744 731 606 768 773 0 131 706 152 630 440 1161 448 780 731 508 233 457 1031 471 347 728 746 399 804 213 483 284 798 1015 551 848 724 826 277 757 100 774 746 772 514 363 574 663 778 665 792 1123 778 700 760 611 842 751 944 679 859 654 695 736 669 857 274 869 490 666 717 784 644 220 706 1005 738
1122 1210 532 772 1228 1293 884 874 639 941 847 847 614 1204 879 851 837 713 874 879 131 0 813 61 737 546 1267 554 887 837 614 340 563 1137 577 454 834 853 505 910 320 589 391 904 1122 657 955 831 933 383 864 103 881 852 878 621 469 680 770 885 771 899 1230 885 806 866 718 948 857 1050 786 965 761 801 843 776 963 381 976 597 772 823 890 750 326 813 1112 844
455 542 893 883 560 626 241 866 641 319 928 928 523 615 989 312 194 169 251 341 706 813 0 834 264 912 600 915 385 948 456 523 565 470 420 912 912 292 507 272 778 317 652 279 454 490 287 142 574 474 325 782 992 805 873 463 688 271 202 242 423 276 563 383 359 244 245 281 319 625 446 606 190 383 318 479 190 642 309 828 178 246 389 228 785 766 444 306
1143 1231 553 793 1249 1314 905 896 660 963 868 869 635 1225 900 872 858 734 895 900 152 61 834 0 758 568 1288 575 908 858 635 361 585 1158 599 475 855 874 526 931 341 610 412 925 1143 679 976 852 954 404 885 109 902 873 899 642 490 702 791 906 792 920 1251 906 827 888 739 970 879 1071 807 986 782 823 864 797 984 402 997 618 793 845 912 772 347 834 1133 865
559 647 865 855 665 730 470 838 564 282 900 901 429 720 962 275 423 288 157 304 630 737 264 758 0 885 704 888 192 921 216 446 489 574 253 836 884 255 431 488 702 355 575 494 559 395 392 371 479 398 288 706 964 778 845 242 593 83 431 471 178 239 667 190 115 207 58 386 282 596 201 512 101 567 125 234 405 566 413 801 113 106 196 457 708 738 549 269
1221 1309 51 306 1327 1392 983 409 373 1085 382 382 806 1381 413 1043 936 812 1018 1071 440 546 912 568 885 0 1366 37 1035 371 762 532 431 1236 726 192 369 1045 522 1009 268 688 583 1003 1221 849 1054 930 1125 575 1056 515 415 464 413 769 661 828 869 984 919 1042 1329 1033 954 1010 866 1047 1049 1242 934 1157 909 901 991 924 1062 573 1075 131 920 971 1038 850 261 447 1211 1036
277 351 1347 1337 397 143 805 1320 1095 759 1382 1382 904 452 1444 752 759 623 692 781 1161 1267 600 1288 704 1366 0 1369 825 1402 900 977 1020 247 874 1366 1366 732 961 752 1233 772 1106 758 231 870 483 707 573 929 765 1236 1446 1259 1327 917 1068 711 767 806 863 716 206 823 799 684 685 488 759 462 886 636 630 863 758 919 670 1096 428 1282 618 686 829 793 1239 1220 206 746
1224 1312 55 309 1330 1395 986 412 376 1088 385 385 814 1385 416 1050 939 815 1021 1079 448 554 915 575 888 37 1369 0 1038 375 765 539 434 1239 729 200 372 1052 526 1012 275 691 590 1006 1224 857 1057 933 1133 583 1063 523 418 467 416 772 669 832 872 987 922 1046 1332 1036 957 1013 869 1051 1057 1250 937 1165 912 904 994 927 1065 581 1078 134 923 974 1041 853 269 450 1214 1044
680 768 1016 1006 786 851 591 989 715 365 1051 1051 490 812 1112 358 544 409 219 386 780 887 385 908 192 1035 825 1038 0 1071 306 597 640 695 343 986 1035 338 581 608 853 506 701 614 680 457 513 492 541 548 371 856 1115 928 996 332 655 257 552 592 269 322 788 37 102 290 206 506 365 658 292 573 274 718 89 324 526 710 534 951 262 167 32 578 859 889 670 351
1257 1345 352 249 1363 1428 1019 209 409 1121 182 182 1057 1417 97 1115 972 848 1054 1143 731 837 948 858 921 371 1402 375 1071 0 798 705 467 1272 761 483 169 1095 558 1045 558 724 834 1039 1257 1100 1090 966 1376 656 1128 806 99 264 213 805 912 864 905 1020 955 1078 1365 1069 990 1046 902 1083 1121 1427 970 1408 945 937 1027 960 1098 824 1111 288 956 1007 1074 886 552 329 1247 1108
755 843 743 733 861 926 527 716 442 440 778 778 566 887 839 433 481 356 294 462 508 614 456 635 216 762 900 765 306 798 0 324 367 770 70 713 762 414 308 554 580 233 453 548 755 533 588 474 616 276 447 583 842 655 723 58 531 217 413 528 191 397 863 304 226 365 229 581 440 734 204 649 297 445 262 194 601 443 609 678 308 243 310 394 586 616 745 427
832 919 517 639 938 1003 594 622 349 651 685 685 402 991 746 639 547 423 584 667 233 340 523 361 446 532 977 539 597 705 324 0 273 847 287 439 668 625 215 620 305 299 179 614 832 445 664 541 721 171 652 309 749 562 630 331 257 390 480 595 481 608 940 595 516 576 428 658 645 838 496 753 470 511 553 486 673 169 686 582 482 533 600 460 312 523 822 632
875 962 412 402 980 1046 637 385 111 694 447 447 626 1035 508 687 590 465 627 716 457 563 565 585 489 431 1020 434 640 467 367 273 0 890 330 543 430 668 144 663 529 342 402 657 874 669 707 583 945 225 700 532 511 324 392 373 481 433 522 638 524 651 983 637 559 619 470 701 694 1045 538 977 513 554 596 528 716 393 729 347 525 576 643 503 535 285 864 681
60 134 1217 1207 267 365 675 1190 965 629 1252 1252 774 322 1314 622 629 493 562 651 1031 1137 470 1158 574 1236 247 1239 695 1272 770 847 890 0 744 1236 1236 602 831 622 1103 642 976 628 84 740 353 577 443 799 635 1106 1316 1129 1197 787 938 581 637 677 733 586 309 693 670 554 555 358 629 332 756 507 500 733 628 789 540 966 299 1152 488 556 699 663 1109 1090 91 616
729 817 706 696 835 900 491 679 405 458 741 742 603 889 803 452 444 320 331 480 471 577 420 599 253 726 874 729 343 761 70 287 330 744 0 677 725 432 272 517 543 196 416 511 729 569 562 438 653 239 465 546 805 619 686 76 495 197 377 492 228 415 837 341 263 383 235 555 458 770 241 686 277 408 299 231 570 407 583 642 289 280 347 357 549 579 719 445
1221 1309 178 418 1327 1392 983 520 484 1041 493 493 713 1303 525 950 936 812 973 978 347 454 912 475 836 192 1366 200 986 483 713 439 543 1236 677 0 480 952 604 1010 175 688 490 1003 1221 757 1054 930 1032 482 963 423 527 575 524 720 568 780 869 984 870 998 1329 984 905 966 817 1048 957 1149 885 1065 860 901 942 875 1062 480 1075 243 871 923 990 850 169 559 1211 943
1221 1308 349 246 1326 1392 983 81 372 1085 57 57 1021 1381 210 1078 936 811 1018 1107 728 834 912 855 884 369 1366 372 1035 169 762 668 430 1236 725 480 0 1058 522 1009 555 688 797 1003 1220 1064 1053 929 1339 620 1091 803 213 136 85 768 876 828 868 984 919 1042 1329 1032 954 1010 865 1047 1085 1391 933 1372 908 900 990 923 1062 787 1075 285 920 971 1038 849 549 201 1210 1072
588 675 1030 1030 693 759 498 1012 743 242 1075 1075 287 608 1136 53 452 316 193 82 746 853 292 874 255 1045 732 1052 338 1095 414 625 668 602 432 952 1058 0 609 516 818 464 497 522 587 253 420 400 337 577 66 822 1139 952 1020 440 452 262 460 499 376 199 695 336 313 167 236 414 60 455 399 370 181 627 271 432 433 507 441 975 169 199 342 486 825 913 577 47
816 904 503 493 922 987 578 476 202 636 538 539 567 977 600 629 531 407 568 657 399 505 507 526 431 522 961 526 581 558 308 215 144 831 272 604 522 609 0 604 471 283 344 598 816 611 649 525 886 167 642 474 602 416 483 315 422 375 464 579 465 593 924 579 500 561 412 643 636 986 480 918 455 496 537 470 657 334 670 439 466 518 585 445 477 376 806 622
607 695 990 980 713 778 348 963 738 542 1025 1025 747 768 1087 535 301 406 475 564 804 910 272 931 488 1009 752 1012 608 1045 554 620 663 622 517 1010 1009 516 604 0 876 376 749 63 607 713 311 249 797 572 548 879 1089 903 970 561 828 494 309 349 647 499 715 606 583 467 469 305 542 778 669 830 413 144 541 702 113 739 356 925 401 469 612 335 882 863 597 529
1088 1175 253 493 1193 1259 850 596 559 907 568 568 580 1169 600 816 803 678 840 845 213 320 778 341 702 268 1233 275 853 558 580 305 529 1103 543 175 555 818 471 876 0 555 356 870 1087 623 920 796 898 349 829 289 602 650 599 586 435 646 735 851 737 864 1196 850 772 832 683 914 823 1016 751 931 726 767 808 741 929 347 942 318 738 789 856 716 72 634 1077 810
627 714 669 659 732 798 350 642 417 491 704 704 651 787 766 484 303 217 423 512 483 589 317 610 355 688 772 691 506 724 233 299 342 642 196 688 688 464 283 376 555 0 428 370 626 662 459 296 746 251 497 558 768 581 649 239 506 299 236 351 390 448 734 503 425 416 336 453 491 797 404 778 362 267 461 394 429 418 480 604 350 418 509 216 561 542 616 478
961 1048 568 768 941 1132 723 751 477 706 814 814 259 848 875 495 676 552 519 524 284 391 652 412 575 583 1104 590 701 834 453 179 402 976 416 490 797 497 344 749 356 428 0 743 961 302 793 669 578 222 508 360 877 691 759 460 114 519 608 724 610 663 1069 699 645 630 556 787 502 695 625 610 599 640 634 615 802 94 815 633 611 562 704 589 363 652 950 489
613 701 984 974 719 784 354 957 732 548 1019 1019 753 774 1081 541 307 412 481 570 798 904 279 925 494 1003 758 1006 614 1039 548 614 657 628 511 1003 1003 522 598 63 870 370 743 0 613 719 317 255 803 566 554 873 1083 896 964 554 821 500 315 355 653 505 721 612 589 473 475 311 548 784 676 836 419 137 547 708 119 733 362 919 407 475 618 330 876 857 603 535
85 159 1202 1192 252 350 660 1174 950 614 1237 1237 758 307 1298 607 613 478 546 635 1015 1122 454 1143 559 1221 231 1224 680 1257 755 832 874 84 729 1221 1220 587 816 607 1087 626 961 613 0 725 337 561 428 783 620 1091 1301 1114 1182 772 923 565 621 661 718 571 334 678 654 539 540 343 614 317 741 491 485 718 613 773 524 951 283 1137 473 541 683 647 1094 1075 76 600
770 845 835 1035 697 956 696 1018 744 462 1080 1081 138 604 1142 251 649 513 275 280 551 657 490 679 395 849 860 857 457 1100 533 445 669 740 569 757 1064 253 611 713 623 662 302 719 725 0 617 597 334 489 265 626 1144 958 1025 558 256 459 657 697 495 419 893 455 431 387 408 611 258 451 518 366 378 824 390 550 631 312 639 900 367 318 460 683 629 918 715 245
338 425 1035 1024 443 509 364 1007 782 446 1070 1070 651 498 1131 440 317 311 379 468 848 955 287 976 392 1054 483 1057 513 1090 588 664 707 353 562 1054 1053 420 649 311 920 459 793 317 337 617 0 265 619 616 453 924 1133 947 1015 605 816 398 325 365 551 404 446 510 487 371 373 86 446 508 574 683 317 422 446 606 228 784 84 970 306 373 516 351 926 908 327 433
562 649 911 900 667 733 133 883 658 426 946 946 631 722 1007 419 86 198 359 448 724 831 142 852 371 930 707 933 492 966 474 541 583 577 438 930 929 400 525 249 796 296 669 255 561 597 265 0 681 492 432 800 1009 823 891 481 748 378 94 134 531 383 670 490 467 351 353 259 426 732 553 713 297 307 425 586 166 660 311 846 285 353 496 120 803 784 551 413
473 548 1111 1311 399 682 780 1294 1020 546 1356 1356 367 307 1417 335 733 597 359 364 826 933 574 954 479 1125 563 1133 541 1376 616 721 945 443 653 1032 1339 337 886 797 898 746 578 803 428 334 619 681 0 764 348 902 1420 1233 1301 642 532 543 741 781 579 503 648 539 515 470 492 624 342 153 602 100 462 908 474 634 714 587 565 1175 451 402 544 767 905 1194 417 329
784 871 561 591 889 955 545 574 300 603 636 636 445 944 698 596 499 374 536 625 277 383 474 404 398 575 929 583 548 656 276 171 225 799 239 482 620 577 167 572 349 251 222 566 783 489 616 492 764 0 609 352 700 514 581 282 300 342 431 546 433 560 891 546 468 528 379 610 603 881 447 796 422 463 504 437 625 212 637 537 434 485 552 412 355 474 773 590
620 708 1041 1062 711 791 531 1045 776 274 1107 1108 298 619 1169 46 484 349 205 45 757 864 325 885 288 1056 765 1063 371 1128 447 652 700 635 465 963 1091 66 642 548 829 497 508 554 620 265 453 432 348 609 0 833 1171 985 1052 472 463 294 492 532 409 231 728 369 345 199 269 447 29 466 432 381 214 659 304 464 466 518 474 1008 202 232 374 518 836 946 610 29
1091 1179 501 741 1197 1262 853 843 608 910 816 816 583 1173 848 820 806 682 843 848 100 103 782 109 706 515 1236 523 856 806 583 309 532 1106 546 423 803 822 474 879 289 558 360 873 1091 626 924 800 902 352 833 0 850 821 847 590 438 649 739 854 740 868 1199 854 775 835 687 917 826 1019 755 934 730 770 812 745 932 350 945 566 741 792 859 719 295 782 1081 813
1301 1388 396 293 1407 1472 1063 253 452 1165 226 226 1101 1461 76 1158 1016 892 1098 1187 774 881 992 902 964 415 1446 418 1115 99 842 749 511 1316 805 527 213 1139 602 1089 602 768 877 1083 1301 1144 1133 1009 1420 700 1171 850 0 308 257 849 956 908 949 1064 999 1122 1409 1113 1034 1090 945 1127 1165 1471 1014 1452 988 980 1071 1004 1142 868 1155 331 1000 1051 1118 929 596 373 1291 1152
1115 1202 445 341 1220 1286 876 90 266 979 152 152 914 1275 306 972 829 705 911 1000 746 852 805 873 778 464 1259 467 928 264 655 562 324 1129 619 575 136 952 416 903 650 581 691 896 1114 958 947 823 1233 514 985 821 308 0 97 662 769 722 762 877 812 936 1222 926 847 903 759 941 979 1285 827 1266 802 794 884 817 955 681 968 380 813 865 932 743 644 94 1104 965
1182 1270 393 290 1288 1353 944 42 334 1046 101 101 982 1342 254 1039 897 773 979 1068 772 878 873 899 845 413 1327 416 996 213 723 630 392 1197 686 524 85 1020 483 970 599 649 759 964 1182 1025 1015 891 1301 581 1052 847 257 97 0 730 837 789 830 945 880 1003 1290 994 915 971 827 1008 1046 1352 895 1333 869 861 952 885 1023 749 1036 329 881 932 999 810 593 162 1172 1033
772 860 750 739 878 943 534 722 449 466 785 785 592 913 846 459 487 363 320 488 514 621 463 642 242 769 917 772 332 805 58 331 373 787 76 720 768 440 315 561 586 239 460 554 772 558 605 481 642 282 472 590 849 662 730 0 538 241 420 535 216 423 880 330 251 391 255 599 466 759 230 675 321 452 288 220 613 450 626 685 332 269 336 401 593 623 762 453
969 1043 647 847 895 1154 801 830 556 660 892 892 213 803 954 450 754 630 473 478 363 469 688 490 593 661 1059 669 655 912 531 257 481 938 495 568 876 452 422 828 435 506 114 821 923 256 816 748 532 300 463 438 956 769 837 538 0 598 687 802 688 617 1091 653 629 585 606 809 456 649 703 564 577 719 588 693 829 123 837 712 565 516 658 668 441 730 913 443
566 653 809 799 671 737 477 782 508 288 844 845 493 726 906 281 430 294 221 310 574 680 271 702 83 828 711 832 257 864 217 390 433 581 197 780 828 262 375 494 646 299 519 500 565 459 398 378 543 342 294 649 908 722 789 241 598 0 438 478 205 245 674 254 179 213 64 392 288 660 228 575 107 511 190 244 411 510 419 745 119 170 260 460 652 682 555 275
622 709 850 839 727 793 147 822 598 486 885 885 690 782 946 479 100 212 419 508 663 770 202 791 431 869 767 872 552 905 413 480 522 637 377 869 868 460 464 309 735 236 608 315 621 657 325 94 741 431 492 739 949 762 830 420 687 438 0 148 570 443 729 550 527 411 412 319 486 792 585 773 357 246 485 575 226 599 371 785 345 413 556 73 742 723 611 473
512 599 818 808 618 683 409 791 566 376 853 853 581 672 914 369 362 103 309 398 631 738 203 759 322 837 657 840 442 873 381 448 491 527 345 837 837 350 432 440 704 242 577 446 512 547 345 310 631 399 382 707 917 730 798 388 655 328 370 0 481 333 620 440 417 301 303 338 376 682 504 664 247 455 375 536 358 567 366 753 235 303 446 396 710 691 502 363
718 806 900 890 824 889 629 873 599 403 935 935 528 850 997 396 582 447 257 425 665 771 423 792 178 919 863 922 269 955 191 481 524 733 228 870 919 376 465 647 737 390 610 653 718 495 551 531 579 433 409 740 999 812 880 216 688 205 570 630 0 360 826 267 188 328 192 545 403 696 51 611 260 602 225 83 564 600 572 835 272 206 272 551 743 773 708 390
571 658 1023 1013 677 742 482 996 726 79 1058 1059 452 731 1120 218 435 299 188 247 792 899 276 920 239 1042 716 1046 322 1078 397 608 651 586 415 998 1042 199 593 499 864 448 663 505 571 419 404 383 503 560 231 868 1122 936 1003 423 617 245 443 483 360 0 679 320 296 100 220 397 225 620 383 535 165 610 255 415 417 672 425 959 153 183 325 469 870 896 561 212
288 257 1310 1300 472 155 768 1283 1058 722 1345 1345 926 527 1407 715 722 586 654 744 1123 1230 563 1251 667 1329 206 1332 788 1365 863 940 983 309 837 1329 1329 695 924 715 1196 734 1069 721 334 893 446 670 648 891 728 1199 1409 1222 1290 880 1091 674 729 769 826 679 0 786 762 647 648 451 722 537 849 711 593 826 721 882 633 1059 391 1245 581 649 792 755 1202 1183 356 709
678 765 1014 1003 784 849 589 986 713 362 1049 1049 488 809 1110 356 542 406 216 384 778 885 383 906 190 1033 823 1036 37 1069 304 595 637 693 341 984 1032 336 579 606 850 503 699 612 678 455 510 490 539 546 369 854 1113 926 994 330 653 254 550 590 267 320 786 0 99 287 203 504 362 656 290 571 271 716 86 322 523 708 532 949 260 165 40 576 857 887 667 349
655 742 935 925 760 826 566 908 634 339 970 970 465 786 1032 332 519 383 193 361 700 806 359 827 115 954 799 957 102 990 226 516 559 670 263 905 954 313 500 583 772 425 645 589 654 431 487 467 515 468 345 775 1034 847 915 251 629 179 527 567 188 296 762 99 0 264 128 481 339 632 211 548 197 637 105 244 500 635 508 870 208 142 105 553 778 808 644 326
539 626 991 981 645 710 450 964 694 143 1026 1026 420 699 1088 186 403 267 156 215 760 866 244 888 207 1010 684 1013 290 1046 365 576 619 554 383 966 1010 167 561 467 832 416 630 473 539 387 371 351 470 528 199 835 1090 903 971 391 585 213 411 451 328 100 647 287 264 0 188 365 193 588 351 503 132 578 222 383 384 640 393 926 120 150 293 437 838 864 528 180
541 628 847 836 646 712 451 819 546 263 882 882 442 701 943 256 405 269 170 285 611 718 245 739 58 866 685 869 206 902 229 428 470 555 235 817 865 236 412 469 683 336 556 475 540 408 373 353 492 379 269 687 945 759 827 255 606 64 413 452 192 220 648 203 128 188 0 367 263 609 214 525 82 549 138 247 386 547 394 782 94 119 209 439 690 720 530 250
343 431 1028 1018 449 514 358 1001 776 440 1063 1064 645 504 1125 433 311 304 373 462 842 948 281 970 386 1047 488 1051 506 1083 581 658 701 358 555 1048 1047 414 643 305 914 453 787 311 343 611 86 259 624 610 447 917 1127 941 1008 599 809 392 319 359 545 397 451 504 481 365 367 0 440 514 568 688 311 416 439 600 222 777 90 964 299 367 510 345 920 901 333 427
614 701 1035 1056 705 785 525 1039 769 268 1101 1101 292 613 1163 40 478 342 198 44 751 857 319 879 282 1049 759 1057 365 1121 440 645 694 629 458 957 1085 60 636 542 823 491 502 548 614 258 446 426 342 603 29 826 1165 979 1046 466 456 288 486 526 403 225 722 362 339 193 263 440 0 459 426 375 207 653 298 458 459 512 468 1001 195 225 368 512 829 939 603 24
362 437 1228 1362 288 571 831 1345 1120 663 1407 1407 484 196 1469 453 784 648 476 481 944 1050 625 1071 596 1242 452 1250 658 1427 734 838 1045 332 770 1149 1391 455 986 778 1016 797 695 784 317 451 508 732 153 881 466 1019 1471 1285 1352 759 649 660 792 832 696 620 537 656 632 588 609 514 459 0 719 217 580 889 591 751 695 704 454 1293 568 519 661 818 1022 1245 307 446
741 829 915 905 847 912 652 887 614 426 950 950 551 873 1011 419 605 470 280 448 679 786 446 807 201 934 886 937 292 970 204 496 538 756 241 885 933 399 480 669 751 404 625 676 741 518 574 553 602 447 432 755 1014 827 895 230 703 228 585 653 51 383 849 290 211 351 214 568 426 719 0 634 283 617 248 68 587 615 595 850 295 229 295 566 758 788 731 413
537 611 1143 1343 463 745 812 1326 1052 578 1388 1388 399 371 1450 368 765 630 391 396 859 965 606 986 512 1157 627 1165 573 1408 649 753 977 507 686 1065 1372 370 918 830 931 778 610 836 491 366 683 713 100 796 381 934 1452 1266 1333 675 564 575 773 813 611 535 711 571 548 503 525 688 375 217 634 0 495 940 506 667 747 620 628 1208 483 434 577 799 937 1226 481 361
485 572 889 879 591 656 396 862 588 207 924 925 412 645 986 201 349 213 140 229 654 761 190 782 101 909 630 912 274 945 297 470 513 500 277 860 908 181 455 413 726 362 599 419 485 378 317 297 462 422 214 730 988 802 869 321 577 107 357 397 260 165 593 271 197 132 82 311 207 580 283 495 0 524 207 316 330 590 339 825 67 135 277 383 732 762 474 194
718 806 882 871 824 889 360 854 629 653 916 917 858 879 978 646 313 424 586 675 695 801 383 823 567 901 863 904 718 937 445 511 554 733 408 901 900 627 496 144 767 267 640 137 718 824 422 307 908 463 659 770 980 794 861 452 719 511 246 361 602 610 826 716 637 578 549 416 653 889 617 940 524 0 652 607 224 631 467 817 512 580 721 227 773 754 708 640
613 701 972 962 719 784 524 944 671 298 1007 1007 423 744 1068 291 477 341 151 319 736 843 318 864 125 991 758 994 89 1027 262 553 596 628 299 942 990 271 537 541 808 461 634 547 613 390 446 425 474 504 304 812 1071 884 952 288 588 190 485 525 225 255 721 86 105 222 138 439 298 591 248 506 207 652 0 280 459 643 467 907 195 100 92 511 815 845 603 284
774 861 905 895 879 945 685 877 604 458 940 940 584 905 1001 451 638 502 312 480 669 776 479 797 234 924 919 927 324 960 194 486 528 789 231 875 923 432 470 702 741 394 615 708 773 550 606 586 634 437 464 745 1004 817 885 220 693 244 575 686 83 415 882 322 244 383 247 600 458 751 68 667 316 607 280 0 619 605 628 840 327 261 328 556 748 778 763 445
525 612 1043 1033 630 696 265 1016 791 460 1078 1078 664 685 1140 453 218 324 392 481 857 963 190 984 405 1062 670 1065 526 1098 601 673 716 540 570 1062 1062 433 657 113 929 429 802 119 524 631 228 166 714 625 466 932 1142 955 1023 613 829 411 226 266 564 417 633 523 500 384 386 222 459 695 587 747 330 224 459 619 0 792 274 978 319 387 529 252 935 916 514 446
951 1039 559 759 950 1122 713 742 468 715 804 804 269 858 865 505 666 542 529 534 274 381 642 402 566 573 1096 581 710 824 443 169 393 966 407 480 787 507 334 739 347 418 94 733 951 312 784 660 587 212 518 350 868 681 749 450 123 510 599 714 600 672 1059 708 635 640 547 777 512 704 615 620 590 631 643 605 792 0 805 623 601 571 714 580 353 642 941 499
284 371 1056 1046 389 455 410 1029 804 468 1091 1091 672 444 1152 461 363 332 400 490 869 976 309 997 413 1075 428 1078 534 1111 609 686 729 299 583 1075 1075 441 670 356 942 480 815 362 283 639 84 311 565 637 474 945 1155 968 1036 626 837 419 371 411 572 425 391 532 508 393 394 90 468 454 595 628 339 467 467 628 274 805 0 991 327 395 537 397 948 929 273 455
1137 1225 112 222 1243 1308 899 325 289 1001 298 298 857 1298 329 995 852 728 934 1023 490 597 828 618 801 131 1282 134 951 288 678 582 347 1152 642 243 285 975 439 925 318 604 633 919 1137 900 970 846 1175 537 1008 566 331 380 329 685 712 745 785 900 835 959 1245 949 870 926 782 964 1001 1293 850 1208 825 817 907 840 978 623 991 0 836 887 955 766 312 363 1127 988
473 560 901 891 579 644 384 874 600 196 936 936 400 633 998 189 337 201 128 217 666 772 178 793 113 920 618 923 262 956 308 482 525 488 289 871 920 169 466 401 738 350 611 407 473 367 306 285 451 434 202 741 1000 813 881 332 565 119 345 385 272 153 581 260 208 120 94 299 195 568 295 483 67 512 195 327 319 601 327 836 0 123 265 371 744 774 463 182
541 628 952 942 647 712 452 925 651 226 987 987 351 672 1049 219 405 269 79 247 717 823 246 845 106 971 686 974 167 1007 243 533 576 556 280 923 971 199 518 469 789 418 562 475 541 318 373 353 402 485 232 792 1051 865 932 269 516 170 413 453 206 183 649 165 142 150 119 367 225 519 229 434 135 580 100 261 387 571 395 887 123 0 171 439 795 825 531 212
684 771 1019 1009 789 855 595 992 718 368 1054 1054 494 815 1116 361 548 412 222 390 784 890 389 912 196 1038 829 1041 32 1074 310 600 643 699 347 990 1038 342 585 612 856 509 704 618 683 460 516 496 544 552 374 859 1118 932 999 336 658 260 556 596 272 325 792 40 105 293 209 510 368 661 295 577 277 721 92 328 529 714 537 955 265 171 0 582 862 892 673 355
648 735 831 820 753 819 173 803 578 512 865 866 716 808 927 505 126 238 445 534 644 750 228 772 457 850 793 853 578 886 394 460 503 663 357 850 849 486 445 335 716 216 589 330 647 683 351 120 767 412 518 719 929 743 810 401 668 460 73 174 551 469 755 576 553 437 438 345 512 818 566 799 383 227 511 556 252 580 397 766 371 439 582 0 722 703 637 499
1094 1181 247 487 1200 1265 856 589 553 913 562 562 586 1176 594 823 809 685 846 851 220 326 785 347 708 261 1239 269 859 552 586 312 535 1109 549 169 549 825 477 882 72 561 363 876 1094 629 926 803 905 355 836 295 596 644 593 593 441 652 742 857 743 870 1202 857 778 838 690 920 829 1022 758 937 732 773 815 748 935 353 948 312 744 795 862 722 0 628 1084 816
1075 1163 428 406 1181 1246 837 155 227 939 217 217 875 1235 371 932 790 666 872 961 706 813 766 834 738 447 1220 450 889 329 616 523 285 1090 579 559 201 913 376 863 634 542 652 857 1075 918 908 784 1194 474 946 782 373 94 162 623 730 682 723 838 773 896 1183 887 808 864 720 901 939 1245 788 1226 762 754 845 778 916 642 929 363 774 825 892 703 628 0 1065 926
121 196 1192 1181 242 325 650 1164 939 604 1227 1227 748 297 1288 597 603 468 536 625 1005 1112 444 1133 549 1211 206 1214 670 1247 745 822 864 91 719 1211 1210 577 806 597 1077 616 950 603 76 715 327 551 417 773 610 1081 1291 1104 1172 762 913 555 611 651 708 561 356 667 644 528 530 333 603 307 731 481 474 708 603 763 514 941 273 1127 463 531 673 637 1084 1065 0 590
601 688 1022 1043 692 772 512 1026 756 255 1088 1088 278 600 1150 30 465 329 185 45 738 844 306 865 269 1036 746 1044 351 1108 427 632 681 616 445 943 1072 47 622 529 810 478 489 535 600 245 433 413 329 590 29 813 1152 965 1033 453 443 275 473 513 390 212 709 349 326 180 250 427 24 446 413 361 194 640 284 445 446 499 455 988 182 212 355 499 816 926 590 0
EOF