NAME : tsp_problem
TYPE : TSP
DIMENSION : 78
EDGE_WEIGHT_TYPE : EXPLICIT
EDGE_WEIGHT_FORMAT : FULL_MATRIX
EDGE_WEIGHT_SECTION
0 510 165 502 338 667 770 348 791 633 1015 764 1012 1176 698 1257 474 782 1280 682 1251 694 711 1079 1021 1301 695 1287 172 824 460 471 1302 1281 1199 721 878 1162 178 620 1063 644 454 692 405 732 1258 639 718 703 521 1203 688 626 1229 912 353 389 1187 1080 434 1013 404 665 407 754 1235 661 479 1326 441 591 298 727 1240 82 554 731
510 0 444 721 203 497 425 308 621 463 845 594 842 947 528 1029 132 612 1052 337 1022 523 491 939 851 1073 525 1058 451 653 159 690 1073 1052 970 551 707 992 457 450 924 474 207 347 535 562 1030 469 585 358 294 975 517 456 1000 741 484 519 958 941 172 843 202 495 626 408 1006 315 134 1097 139 421 577 381 1011 498 165 262
165 444 0 412 271 600 704 282 724 566 948 698 945 1109 631 1191 407 715 1214 616 1184 627 645 989 954 1235 629 1220 27 757 394 381 1235 1214 1132 654 811 1096 33 553 973 577 387 626 322 665 1192 573 629 637 455 1137 621 560 1162 845 270 306 1121 990 368 946 337 598 317 687 1168 594 412 1259 374 524 193 660 1173 153 487 665
502 721 412 0 549 383 877 559 639 740 632 613 635 1245 413 1363 685 889 1170 789 1296 542 818 651 644 1155 597 1393 420 930 671 187 1173 1176 1244 569 935 960 426 521 636 370 631 799 600 448 1365 558 291 810 628 1218 604 733 1274 760 548 584 1235 653 645 650 614 584 313 861 1280 768 689 1432 651 431 535 834 1285 490 731 908
338 203 271 549 0 454 465 135 578 420 802 552 799 963 485 1044 166 569 1068 377 1038 481 499 896 808 1088 482 1074 279 611 153 518 1089 1068 986 508 665 949 285 407 881 431 201 387 363 519 1046 426 542 398 309 991 475 413 1016 699 311 347 974 898 127 800 96 452 454 449 1022 356 171 1113 133 378 405 422 1027 326 249 426
667 497 600 383 454 0 566 360 407 429 501 381 504 972 46 1053 460 578 1039 478 1046 310 507 520 512 1024 349 1082 608 619 385 495 1042 1045 995 337 629 829 614 274 505 153 320 488 692 81 1054 225 160 500 317 999 342 422 1025 528 640 676 983 522 549 519 518 251 445 550 1030 457 465 1122 385 98 734 523 1036 655 420 598
657 487 590 763 444 453 0 350 501 138 520 386 517 681 484 762 450 287 786 373 756 448 216 614 526 806 380 792 598 329 375 837 807 786 704 507 383 667 604 406 599 430 310 458 682 518 763 425 541 469 293 708 372 131 734 457 630 666 692 616 539 518 508 451 773 520 740 396 455 831 375 377 724 335 745 645 410 452
348 308 282 559 135 360 463 0 484 326 708 457 705 869 391 950 271 475 973 375 943 386 404 802 714 994 388 979 289 516 211 528 994 973 892 414 570 855 296 313 787 337 147 385 374 425 951 332 448 396 214 896 380 319 922 604 322 358 880 804 232 706 201 358 464 447 927 354 276 1019 212 284 415 420 933 336 247 424
791 621 724 639 578 407 611 484 0 399 616 151 612 825 438 907 585 441 930 582 900 125 426 710 622 951 135 936 732 483 509 752 951 930 848 206 478 763 738 184 694 305 445 613 816 472 908 380 416 624 442 853 142 405 878 298 764 800 837 711 673 614 642 405 702 674 884 581 589 976 509 331 858 545 889 779 545 661
633 463 566 740 420 429 300 326 399 0 419 285 416 580 460 661 427 186 684 272 654 347 115 513 425 705 278 690 574 227 351 813 705 684 603 428 281 566 580 353 498 406 287 357 658 494 662 401 517 368 269 607 271 90 633 355 606 642 591 515 515 417 484 427 749 419 638 295 431 730 351 353 700 234 644 621 386 351
1015 845 948 632 802 501 630 708 616 419 0 502 100 649 531 767 809 461 573 602 699 563 446 129 108 558 495 796 956 502 733 745 576 580 648 645 338 364 962 569 114 488 669 687 1040 566 768 676 409 699 651 621 487 425 678 572 988 1024 638 131 897 115 866 702 694 749 683 625 813 835 733 549 1082 564 689 1003 764 681
764 594 698 613 552 381 497 457 151 285 502 0 498 711 412 793 558 327 816 468 786 99 312 596 508 837 83 822 705 369 483 726 837 816 734 180 364 649 712 158 580 279 418 554 790 446 794 354 390 565 415 739 91 291 764 183 738 774 723 597 646 499 616 379 676 615 770 491 563 861 483 305 831 431 775 753 518 547
1012 842 945 635 799 504 627 705 612 416 100 498 0 645 535 763 805 457 570 599 696 560 442 133 111 555 491 793 953 499 730 748 573 576 644 641 335 360 959 566 117 491 665 684 1037 569 765 680 412 695 648 618 484 422 674 569 985 1021 635 134 894 118 863 706 698 746 680 622 810 832 730 553 1078 561 685 1000 761 678
1176 947 1109 1245 963 972 791 869 825 580 649 711 645 0 1003 205 970 438 152 763 122 773 607 743 655 173 704 234 1117 397 894 1356 173 152 70 854 434 598 1123 779 727 949 830 848 1201 1037 206 944 1023 860 812 75 697 586 100 782 1149 1185 61 744 897 647 927 970 1292 910 106 786 974 274 894 896 1243 725 111 1164 925 842
698 528 631 413 485 46 597 391 438 460 531 412 535 1003 0 1084 491 609 1069 509 1077 341 538 551 543 1055 380 1113 639 650 416 526 1072 1076 1026 368 659 860 645 305 535 184 351 519 723 57 1085 256 191 530 348 1030 373 453 1055 559 671 707 1014 552 580 550 549 282 476 581 1061 488 496 1153 416 129 764 554 1067 686 451 629
1257 1029 1191 1363 1044 1053 872 950 907 661 767 793 763 205 1084 0 1051 520 310 844 280 854 688 861 773 330 786 223 1198 479 976 1437 331 310 228 936 515 756 1205 860 845 1030 911 930 1283 1118 38 1025 1141 941 894 233 778 667 258 863 1231 1267 216 862 978 765 1008 1051 1373 991 264 867 1055 262 976 977 1324 806 269 1245 1006 923
474 132 407 685 166 460 435 271 585 427 809 558 805 970 491 1051 0 576 1074 347 1044 487 501 903 815 1095 489 1080 415 617 122 654 1095 1074 992 515 671 956 421 414 887 437 171 357 499 526 1052 433 548 368 304 997 481 420 1022 705 447 483 981 904 208 807 194 459 590 418 1028 326 141 1120 103 385 541 392 1033 462 200 298
782 612 715 889 569 578 397 475 441 186 461 327 457 438 609 520 576 0 543 369 513 389 213 555 467 564 320 549 723 233 500 962 564 543 461 470 323 608 729 395 539 555 436 454 807 643 521 550 666 466 418 466 313 192 491 397 755 791 450 556 664 459 633 576 898 516 497 392 580 588 500 502 849 331 502 770 531 448
1280 1052 1214 1170 1068 1039 896 973 930 684 573 816 570 152 1069 310 1074 543 0 867 203 877 711 667 579 45 809 339 1221 502 999 1283 53 32 151 959 538 523 1228 883 652 1026 934 953 1306 1104 311 1049 947 964 917 124 801 690 181 886 1254 1290 141 669 1002 571 1032 1074 1232 1015 187 891 1079 378 999 1000 1347 830 192 1269 1029 946
682 337 616 789 377 478 121 375 582 222 602 468 599 763 509 844 347 369 867 0 838 505 187 696 608 888 461 874 623 411 271 862 889 868 786 533 465 749 630 432 681 455 259 118 708 543 845 451 566 129 196 790 454 215 816 539 656 691 774 698 412 600 404 476 798 180 822 64 351 913 271 402 749 78 827 670 195 293
1251 1022 1184 1296 1038 1046 866 943 900 654 699 786 696 122 1077 280 1044 513 203 838 0 847 681 793 705 223 779 309 1191 472 969 1409 224 203 94 929 508 649 1198 853 778 1023 904 923 1276 1111 281 1019 1073 934 887 125 771 660 66 856 1224 1260 112 795 972 697 1002 1044 1359 985 60 861 1049 348 969 970 1317 800 55 1239 1000 917
694 523 627 542 481 310 558 386 125 347 563 99 560 773 341 854 487 389 877 505 847 0 374 657 569 898 82 884 635 430 412 655 898 878 796 109 426 710 641 87 642 208 347 515 719 375 855 282 319 526 344 800 90 353 826 246 667 703 784 659 575 561 545 308 604 577 831 484 492 923 412 234 760 492 837 682 447 609
711 491 645 818 499 507 215 404 426 115 446 312 442 607 538 688 501 213 711 187 681 374 0 540 452 732 305 717 652 254 426 891 732 711 630 455 308 593 659 380 524 484 365 272 737 572 689 480 595 284 348 634 297 121 659 382 685 721 618 541 566 444 559 505 827 334 665 210 506 757 426 431 778 149 671 700 349 266
1079 939 989 651 896 520 724 802 710 513 129 596 133 743 551 861 903 555 667 696 793 657 540 0 141 652 589 890 996 596 827 764 670 674 742 707 432 458 1003 659 65 507 763 782 1134 585 862 696 428 793 746 715 581 519 772 666 1083 1118 732 64 991 148 960 722 714 843 777 719 907 930 828 569 1112 658 783 1067 858 775
1021 851 954 644 808 512 636 714 622 425 108 508 111 655 543 773 815 467 579 608 705 569 452 141 0 564 501 802 962 508 739 756 582 586 654 651 344 370 968 575 125 500 675 693 1046 577 774 688 421 705 657 627 493 431 684 578 994 1030 644 142 903 126 872 714 706 755 689 631 819 841 739 561 1088 570 695 1009 770 687
1301 1073 1235 1155 1088 1024 916 994 951 705 558 837 555 173 1055 330 1095 564 45 888 223 898 732 652 564 0 830 360 1242 523 1020 1268 48 55 172 980 559 508 1249 904 637 1011 955 974 1327 1089 332 1069 932 985 938 145 822 711 202 907 1275 1311 162 654 1023 556 1052 1095 1218 1035 207 911 1099 399 1020 1021 1368 851 213 1289 1050 967
695 525 629 597 482 349 490 388 135 278 495 83 491 704 380 786 489 320 809 461 779 82 305 589 501 830 0 815 636 362 413 710 830 809 727 164 357 642 643 142 573 263 349 517 721 415 787 322 374 528 346 732 70 284 757 230 669 704 716 590 577 493 546 348 659 578 763 485 493 855 414 273 762 424 768 683 449 540
1287 1058 1220 1393 1074 1082 902 979 936 690 796 822 793 234 1113 223 1080 549 339 874 309 884 717 890 802 360 815 0 1228 508 1005 1466 360 339 257 965 545 786 1234 890 875 1059 940 959 1312 1148 224 1055 1170 970 923 262 807 696 287 892 1260 1296 246 892 1008 794 1038 1081 1403 1021 293 897 1085 73 1005 1007 1353 836 298 1275 1036 953
172 451 27 420 279 608 711 289 732 574 956 705 953 1117 639 1198 415 723 1221 623 1191 635 652 996 962 1242 636 1228 0 764 401 389 1242 1221 1140 662 818 1103 41 561 981 585 395 633 330 673 1199 580 636 644 462 1144 628 567 1170 852 278 314 1128 998 375 954 345 606 325 695 1175 602 419 1267 382 532 200 668 1181 160 495 672
824 653 757 930 611 619 439 516 483 227 502 369 499 397 650 479 617 233 502 411 472 430 254 596 508 523 362 508 764 0 542 1003 523 502 420 512 365 649 771 436 581 596 477 496 849 685 480 592 707 507 460 425 354 233 450 439 797 833 408 598 705 500 675 618 940 558 456 434 622 547 542 543 890 373 461 812 573 490
460 159 394 671 153 385 359 211 509 351 733 483 730 894 416 976 122 500 999 271 969 412 426 827 739 1020 413 1005 401 542 0 640 1020 999 917 439 596 881 408 338 812 362 96 281 486 450 977 357 473 293 229 922 406 345 947 630 434 470 905 829 211 731 180 383 576 343 953 250 127 1044 89 309 527 316 958 449 143 320
471 690 381 187 518 495 950 528 752 813 745 726 748 1356 526 1437 654 962 1283 862 1409 655 891 764 756 1268 710 1466 389 1003 640 0 1286 1289 1357 682 1048 1073 395 634 749 483 634 872 569 561 1438 671 404 883 701 1331 717 806 1387 873 517 553 1348 766 614 763 583 697 283 934 1393 841 658 1506 621 544 467 907 1398 459 734 911
1302 1073 1235 1173 1089 1042 917 994 951 705 576 837 573 173 1072 331 1095 564 53 889 224 898 732 670 582 48 830 360 1242 523 1020 1286 0 53 172 980 559 526 1249 904 655 1029 955 974 1327 1107 332 1070 950 985 938 146 822 711 202 907 1275 1311 163 672 1023 574 1053 1096 1235 1036 208 912 1100 399 1020 1021 1368 851 213 1290 1051 968
1281 1052 1214 1176 1068 1045 896 973 930 684 580 816 576 152 1076 310 1074 543 32 868 203 878 711 674 586 55 809 339 1221 502 999 1289 53 0 151 959 538 529 1228 883 658 1033 934 953 1306 1110 311 1049 954 964 917 125 801 690 181 886 1254 1290 142 675 1002 578 1032 1075 1239 1015 187 891 1079 379 999 1000 1347 830 192 1269 1030 947
1199 970 1132 1244 986 995 814 892 848 603 648 734 644 70 1026 228 992 461 151 786 94 796 630 742 654 172 727 257 1140 420 917 1357 172 151 0 877 457 597 1146 802 726 972 852 871 1224 1060 229 967 1022 882 835 74 720 609 72 805 1172 1208 60 743 920 646 950 993 1307 933 78 809 997 297 917 919 1266 748 83 1187 948 865
721 551 654 569 508 337 621 414 206 428 645 180 641 854 368 936 515 470 959 533 929 109 455 707 651 980 164 965 662 512 439 682 980 959 877 0 507 792 668 115 691 235 375 543 746 402 937 310 346 554 372 882 171 434 907 327 695 730 866 708 603 642 572 335 632 604 913 511 519 1004 439 261 788 574 918 709 475 652
878 707 811 935 665 629 493 570 478 281 338 364 335 434 659 515 671 323 538 465 508 426 308 432 344 559 357 545 818 365 596 1048 559 538 457 507 0 485 825 432 417 606 531 550 903 694 516 601 712 561 514 461 349 287 487 434 851 887 445 434 759 336 729 627 993 612 492 488 676 584 596 553 944 427 498 866 627 544
1162 992 1096 960 949 829 777 855 763 566 364 649 360 598 860 756 956 608 523 749 649 710 593 458 370 508 642 786 1103 649 881 1073 526 529 597 792 485 0 1110 716 442 817 816 835 1188 894 757 886 738 846 799 571 634 572 627 719 1136 1172 588 459 1044 362 1013 911 1023 896 633 772 960 825 881 837 1229 711 638 1150 911 828
178 457 33 426 285 614 718 296 738 580 962 712 959 1123 645 1205 421 729 1228 630 1198 641 659 1003 968 1249 643 1234 41 771 408 395 1249 1228 1146 668 825 1110 0 567 987 591 401 640 336 679 1206 587 642 651 469 1151 635 574 1176 859 284 320 1135 1004 382 960 351 612 331 701 1182 608 426 1273 388 538 207 674 1187 167 501 678
620 450 553 521 407 274 520 313 184 353 569 158 566 779 305 860 414 395 883 432 853 87 380 659 575 904 142 890 561 436 338 634 904 883 802 115 432 716 567 0 643 187 274 442 645 339 861 247 298 453 271 806 145 359 832 306 594 629 790 660 502 567 471 272 584 503 837 410 418 929 338 198 687 476 843 608 374 551
1063 924 973 636 881 505 709 787 694 498 114 580 117 727 535 845 887 539 652 681 778 642 524 65 125 637 573 875 981 581 812 749 655 658 726 691 417 442 987 643 0 492 747 766 1119 570 847 680 413 777 730 700 566 504 756 651 1067 1103 717 67 976 132 945 706 698 828 762 704 892 914 812 553 1097 643 767 1051 843 760
644 474 577 370 431 153 543 337 305 406 488 279 491 949 184 1030 437 555 1026 455 1023 208 484 507 500 1011 263 1059 585 596 362 483 1029 1033 972 235 606 817 591 187 492 0 297 465 669 219 1031 232 147 477 294 976 270 399 1001 426 617 653 960 509 526 506 495 258 433 527 1007 434 442 1099 362 184 711 500 1013 632 397 575
454 207 387 631 201 320 347 147 445 287 669 418 665 830 351 911 171 436 934 259 904 347 365 763 675 955 349 940 395 477 96 634 955 934 852 375 531 816 401 274 747 297 0 269 479 386 912 293 408 280 175 857 341 280 882 565 427 463 841 764 259 667 228 319 570 331 888 238 175 980 96 244 521 304 893 442 131 308
603 432 536 709 390 398 481 295 523 218 600 467 597 761 429 842 396 367 866 400 836 425 297 694 606 886 427 872 543 409 321 782 887 866 784 453 463 747 550 352 679 375 256 0 628 464 844 371 486 421 239 789 419 211 814 537 576 612 772 696 484 598 454 397 719 472 820 379 401 911 321 322 669 415 825 591 356 532
277 495 187 330 323 638 755 334 776 618 887 750 890 1161 669 1243 459 767 1266 667 1236 679 697 906 899 1287 680 1272 194 809 446 299 1287 1266 1184 706 863 1148 201 605 891 625 439 678 0 703 1244 624 546 689 507 1189 673 612 1214 897 322 358 1172 908 420 905 389 650 235 739 1220 646 464 1311 426 576 310 712 1225 265 539 716
732 562 665 448 519 81 632 425 472 494 566 446 569 1037 57 1118 526 643 1104 544 1111 375 572 585 577 1089 415 1148 673 685 450 561 1107 1110 1060 402 694 894 679 339 570 219 386 554 757 0 1119 290 225 565 382 1064 407 487 1090 593 705 741 1048 587 614 584 583 316 510 615 1095 522 530 1187 450 163 799 588 1101 720 485 663
1258 1030 1192 1365 1046 1054 874 951 908 662 768 794 765 206 1085 38 1052 521 311 845 281 855 689 862 774 332 787 224 1199 480 977 1438 332 311 229 937 516 757 1206 861 847 1031 912 931 1284 1119 0 1027 1142 942 895 234 779 668 259 864 1232 1268 217 864 980 766 1010 1052 1374 992 265 868 1057 263 977 978 1325 808 270 1247 1007 924
639 469 573 558 426 225 539 332 380 401 676 354 680 944 256 1025 433 550 1049 451 1019 282 480 696 688 1069 322 1055 580 592 357 671 1070 1049 967 310 601 886 587 247 680 232 293 461 665 290 1027 0 335 472 290 972 314 395 997 501 613 648 955 697 521 695 490 173 621 522 1003 430 437 1094 358 149 706 496 1008 627 393 570
718 585 629 291 542 160 654 448 416 517 409 390 412 1023 191 1141 548 666 947 566 1073 319 595 428 421 932 374 1170 636 707 473 404 950 954 1022 346 712 738 642 298 413 147 408 576 780 225 1142 335 0 588 405 995 381 510 1051 537 728 764 1012 430 637 427 606 361 354 638 1057 545 553 1209 473 209 752 611 1063 707 508 686
592 422 525 699 379 388 471 285 512 208 590 456 586 751 419 832 386 357 855 389 825 415 286 684 596 876 416 861 533 398 310 772 876 855 773 442 452 737 539 341 668 365 246 399 617 453 833 360 476 0 228 778 409 201 803 526 565 601 762 685 474 588 443 386 708 461 809 368 390 901 310 312 659 405 814 580 345 521
521 294 455 628 309 317 284 214 442 269 651 415 648 812 348 894 304 418 917 196 887 344 348 746 657 938 346 923 462 460 229 701 938 917 835 372 514 799 469 271 730 294 175 206 547 382 895 290 405 217 0 840 338 263 865 562 495 531 824 747 369 649 362 315 637 268 871 175 308 962 229 241 588 241 876 510 152 329
1203 975 1137 1218 991 999 819 896 853 607 621 739 618 75 1030 233 997 466 124 790 125 800 634 715 627 145 732 262 1144 425 922 1331 146 125 74 882 461 571 1151 806 700 976 857 876 1229 1064 234 972 995 887 840 0 724 613 104 809 1177 1213 64 717 925 619 955 997 1281 937 109 813 1002 301 922 923 1270 753 115 1192 952 869
688 517 621 604 475 342 482 380 142 271 487 91 484 697 373 778 481 313 801 454 771 90 297 581 493 822 70 807 628 354 406 717 822 801 720 171 349 634 635 145 566 270 341 509 713 407 779 314 381 520 338 724 0 277 750 238 661 697 708 583 569 485 539 340 667 571 755 477 486 847 406 266 754 416 761 676 441 533
626 456 560 733 413 422 306 319 405 90 425 291 422 586 453 667 420 192 690 278 660 353 121 519 431 711 284 696 567 233 345 806 711 690 609 434 287 572 574 359 504 399 280 363 652 487 668 395 510 374 263 613 277 0 639 362 600 636 597 521 508 423 478 420 742 425 644 301 425 736 345 346 693 240 650 615 380 357
1229 1000 1162 1274 1016 1025 844 922 878 633 678 764 674 100 1055 258 1022 491 181 816 66 826 659 772 684 202 757 287 1170 450 947 1387 202 181 72 907 487 627 1176 832 756 1001 882 901 1254 1090 259 997 1051 912 865 104 750 639 0 834 1202 1238 90 773 950 675 980 1023 1337 963 66 839 1027 327 947 949 1295 778 64 1217 978 895
912 741 845 760 699 528 567 604 298 355 572 183 569 782 559 863 705 397 886 539 856 246 382 666 578 907 230 892 852 439 630 873 907 886 805 327 434 719 859 306 651 426 565 624 937 593 864 501 537 635 562 809 238 362 834 0 885 921 793 668 793 570 763 526 823 686 840 562 710 932 630 452 978 501 846 900 665 618
332 551 242 385 379 693 811 389 832 674 942 805 946 1217 724 1298 514 823 1321 723 1291 734 752 962 954 1342 736 1327 249 864 501 354 1342 1321 1239 762 918 1203 256 661 946 680 494 733 430 758 1299 680 601 744 562 1244 728 667 1269 952 0 413 1228 963 475 961 444 706 290 795 1275 702 519 1367 481 632 365 768 1280 320 594 772
282 501 192 335 329 643 761 339 782 624 892 755 896 1167 674 1248 465 773 1271 673 1241 684 702 912 904 1292 686 1277 200 814 451 304 1292 1271 1190 712 868 1153 206 611 896 630 445 683 380 708 1249 630 551 694 512 1194 678 617 1219 902 328 0 1178 913 425 911 394 656 240 745 1225 652 469 1317 431 582 315 718 1231 270 544 722
1187 958 1121 1235 974 983 802 880 837 591 638 723 635 61 1014 216 981 450 141 774 112 784 618 732 644 162 716 246 1128 408 905 1348 163 142 60 866 445 588 1135 790 717 960 841 860 1212 1048 217 955 1012 871 824 64 708 597 90 793 1161 1196 0 734 908 636 938 981 1298 921 96 797 985 285 906 907 1254 736 101 1175 936 853
1080 941 990 653 898 522 726 804 711 515 131 597 134 744 552 862 904 556 669 698 795 659 541 64 142 654 590 892 998 598 829 766 672 675 743 708 434 459 1004 660 67 509 764 783 1136 587 864 697 430 794 747 717 583 521 773 668 1084 1120 734 0 993 149 962 723 715 845 779 721 909 931 829 570 1114 660 784 1068 860 777
434 172 368 645 127 549 500 232 673 515 897 646 894 897 580 978 208 664 1002 412 972 575 566 991 903 1023 577 1008 375 705 211 614 1023 1002 920 603 759 1044 382 502 976 526 259 422 460 614 980 521 637 433 369 925 569 508 950 793 408 443 908 993 0 895 90 547 550 483 956 391 209 1047 191 473 501 457 961 422 240 337
1013 843 946 650 800 519 628 706 614 417 115 499 118 647 550 765 807 459 571 600 697 561 444 148 126 556 493 794 954 500 731 763 574 578 646 642 336 362 960 567 132 506 667 685 1038 584 766 695 427 697 649 619 485 423 675 570 986 1022 636 149 895 0 864 720 713 747 681 623 811 833 731 568 1080 562 687 1001 762 679
404 202 337 614 96 518 492 201 642 484 866 616 863 927 549 1008 194 633 1032 404 1002 545 559 960 872 1052 546 1038 345 675 180 583 1053 1032 950 572 729 1013 351 471 945 495 228 414 429 583 1010 490 606 426 362 955 539 478 980 763 377 413 938 962 90 864 0 516 520 476 986 383 198 1077 160 442 470 449 991 392 270 367
665 495 598 584 452 251 565 358 405 427 702 379 706 970 282 1051 459 576 1074 477 1044 308 505 722 714 1095 348 1081 606 618 383 697 1096 1075 993 335 627 911 612 272 706 258 319 487 690 316 1052 173 361 498 315 997 340 420 1023 526 638 674 981 723 547 720 516 0 647 548 1029 455 463 1120 383 175 732 521 1034 653 418 596
407 626 317 313 454 445 886 464 702 749 694 676 698 1292 476 1373 590 898 1232 798 1359 604 827 714 706 1218 659 1403 325 940 576 283 1235 1239 1307 632 993 1023 331 584 698 433 570 808 505 510 1374 621 354 819 637 1281 667 742 1337 823 453 489 1298 715 550 713 520 647 0 870 1343 777 594 1442 557 494 441 843 1348 395 670 847
535 364 468 641 322 330 413 227 455 150 532 399 529 693 361 774 328 299 798 332 768 357 229 626 538 818 359 804 475 341 253 714 819 798 716 385 395 679 482 284 611 307 188 342 560 396 776 303 418 353 171 721 351 143 746 469 508 544 704 628 416 530 386 329 651 0 752 311 333 843 253 254 601 347 757 523 288 464
1235 1006 1168 1280 1022 1030 850 927 884 638 683 770 680 106 1061 264 1028 497 187 822 60 831 665 777 689 207 763 293 1175 456 953 1393 208 187 78 913 492 633 1182 837 762 1007 888 907 1260 1095 265 1003 1057 918 871 109 755 644 66 840 1208 1244 96 779 956 681 986 1029 1343 969 0 845 1033 332 953 954 1301 784 58 1223 984 901
661 315 594 768 356 457 144 354 581 245 625 491 622 786 488 867 326 392 891 64 861 484 210 719 631 911 485 897 602 434 250 841 912 891 809 511 488 772 608 410 704 434 238 97 686 522 868 430 545 108 175 813 477 238 839 562 634 670 797 721 391 623 383 455 777 159 845 0 330 936 250 381 728 101 850 649 174 316
479 134 412 689 171 465 439 276 589 431 813 563 810 974 496 1055 141 580 1079 351 1049 492 506 907 819 1099 493 1085 419 622 127 658 1100 1079 997 519 676 960 426 418 892 442 175 361 504 530 1057 437 553 373 308 1002 486 425 1027 710 452 488 985 909 209 811 198 463 594 423 1033 330 0 1124 107 389 545 396 1038 467 202 299
1326 1097 1259 1432 1113 1122 941 1019 976 730 835 861 832 274 1153 262 1120 588 378 913 348 923 757 930 841 399 855 73 1267 547 1044 1506 399 379 297 1004 584 825 1273 929 914 1099 980 998 1351 1187 263 1094 1209 1010 962 301 847 736 327 932 1299 1335 285 931 1047 833 1077 1120 1442 1060 332 936 1124 0 1044 1046 1393 875 338 1314 1075 992
441 139 374 651 133 385 359 212 509 351 733 483 730 894 416 976 103 500 999 271 969 412 426 828 739 1020 414 1005 382 542 89 621 1020 999 917 439 596 881 388 338 812 362 96 282 466 450 977 358 473 293 229 922 406 345 947 630 414 450 906 829 191 731 160 383 557 343 953 250 107 1044 0 309 507 316 958 429 143 320
591 421 524 431 378 98 490 284 331 353 549 305 553 896 129 977 385 502 1000 402 970 234 431 569 561 1021 273 1007 532 543 309 544 1021 1000 919 261 553 837 538 198 553 184 244 413 616 163 978 149 209 424 241 923 266 346 949 452 564 600 907 570 473 568 442 175 494 474 954 381 389 1046 309 0 658 447 960 579 344 522
298 577 193 545 405 734 837 415 858 700 1082 831 1078 1243 764 1324 541 849 1347 749 1317 760 778 1122 1088 1368 762 1353 200 890 527 455 1368 1347 1266 788 944 1229 207 687 1107 711 521 759 456 799 1325 706 762 770 588 1270 754 693 1295 978 404 440 1254 1124 501 1080 470 732 451 821 1301 728 545 1393 507 658 0 794 1307 286 620 798
726 381 659 832 422 522 106 419 545 207 564 431 561 725 553 806 392 331 830 78 800 492 149 658 570 851 424 836 667 373 316 906 851 830 748 574 427 711 673 475 643 499 304 163 751 587 808 494 610 174 241 753 416 200 778 501 699 735 736 660 457 562 449 520 842 225 784 101 396 875 316 446 793 0 789 714 240 256
1240 1011 1173 1285 1027 1036 855 933 889 644 689 775 685 111 1067 269 1033 502 192 827 55 837 671 783 695 213 768 298 1181 461 958 1398 213 192 83 918 498 638 1187 843 767 1013 893 912 1265 1101 270 1008 1063 923 876 115 761 650 64 846 1213 1249 101 784 961 687 991 1034 1348 974 58 850 1038 338 958 960 1307 789 0 1228 989 906
82 498 153 490 326 655 758 336 779 621 1003 753 1000 1164 686 1245 462 770 1269 670 1239 682 700 1067 1009 1289 683 1275 160 812 449 459 1290 1269 1187 709 866 1150 167 608 1051 632 442 680 394 720 1247 627 707 692 510 1192 676 615 1217 900 342 378 1175 1068 422 1001 392 653 395 742 1223 649 467 1314 429 579 286 715 1228 0 542 719
554 165 487 731 249 420 283 247 545 384 764 518 761 925 451 1006 200 531 1029 195 1000 447 349 858 770 1050 449 1036 495 573 143 734 1051 1030 948 475 627 911 501 374 843 397 131 205 579 485 1007 393 508 216 152 952 441 377 978 665 527 563 936 860 240 762 270 418 670 266 984 174 202 1075 143 344 620 240 989 542 0 200
731 262 665 908 426 598 322 424 661 351 681 547 678 842 629 923 298 448 946 293 917 609 266 775 687 967 540 953 672 490 320 911 968 947 865 652 544 828 678 551 760 575 308 379 756 663 924 570 686 390 329 869 533 357 895 618 705 740 853 777 337 679 367 596 847 440 901 316 299 992 320 522 798 256 906 719 200 0
EOF