NAME : tsp_problem
TYPE : TSP
DIMENSION : 58
EDGE_WEIGHT_TYPE : EXPLICIT
EDGE_WEIGHT_FORMAT : FULL_MATRIX
EDGE_WEIGHT_SECTION
0 587 591 556 832 664 514 697 606 624 403 107 293 187 681 591 834 649 299 185 797 595 535 994 1130 680 376 560 593 641 717 996 994 492 232 495 665 308 651 443 319 477 605 1038 364 521 321 875 153 369 929 484 635 581 1067 890 893 931
587 0 483 448 1112 427 668 718 184 113 437 600 444 442 442 612 605 410 450 468 498 357 685 964 1100 702 817 787 356 533 419 1027 1025 609 404 606 945 771 414 593 695 150 498 1069 443 284 472 577 615 906 899 518 499 151 1037 1107 595 901
591 483 0 101 706 151 262 312 424 474 285 604 404 446 637 206 800 605 398 472 693 224 320 561 696 296 411 981 298 127 613 624 622 204 408 201 539 775 174 255 786 373 92 665 447 302 447 772 619 500 496 204 122 477 634 704 790 498
556 448 101 0 730 217 286 336 467 486 308 569 413 411 602 230 765 570 419 437 658 290 343 585 720 320 435 946 364 151 578 647 645 227 373 224 563 740 239 279 751 338 115 689 412 368 441 737 584 523 519 227 145 442 657 727 755 521
832 1112 706 730 0 822 485 521 1095 1075 799 829 918 974 1265 561 1428 1234 913 972 1322 895 834 499 418 518 507 1347 969 632 1242 215 212 718 992 715 438 1095 845 770 1106 1002 721 256 1031 973 962 1400 940 596 270 718 750 1106 445 108 1418 447
662 427 151 217 822 0 378 428 333 352 400 675 519 518 708 322 871 676 513 544 764 102 435 677 812 412 527 1053 176 243 685 739 737 319 480 316 655 846 52 370 857 316 133 781 519 180 547 843 691 615 611 319 102 421 749 819 861 613
514 668 262 286 485 378 0 223 651 701 355 512 474 586 821 117 984 790 468 612 877 451 390 521 656 207 190 1030 525 256 798 583 581 274 548 271 318 778 400 325 789 557 276 625 587 529 518 956 622 278 455 274 306 662 593 543 974 457
697 718 312 336 521 428 223 0 701 751 405 694 524 636 871 153 1034 840 518 662 927 501 440 366 501 143 372 1212 575 306 848 428 426 324 598 321 500 960 450 375 971 607 326 470 637 579 568 1006 805 461 300 324 356 712 439 509 1024 302
606 184 424 464 1095 333 651 701 0 100 455 618 462 461 580 595 743 549 468 487 637 264 704 950 1085 685 800 925 262 516 557 1012 1010 592 423 589 928 789 321 611 800 187 406 1054 462 190 490 715 634 889 884 536 375 191 1023 1093 733 887
624 113 474 483 1075 352 701 751 100 0 474 637 481 479 514 645 677 482 487 505 570 283 723 920 1055 734 850 859 281 566 491 983 981 642 441 639 978 808 339 630 767 206 456 1024 481 209 509 649 653 938 855 555 424 120 993 1063 667 857
403 437 285 308 799 400 355 405 455 474 0 415 146 258 590 299 753 558 140 284 646 444 276 703 838 389 504 838 442 279 567 766 763 206 220 204 632 586 423 183 597 326 299 807 259 370 189 725 431 593 638 108 329 431 776 846 743 640
107 600 604 569 829 677 512 694 618 637 415 0 306 200 694 588 847 662 312 198 809 607 548 992 1127 678 373 573 606 654 730 994 992 505 245 508 662 321 664 455 332 489 618 1035 376 534 334 888 166 366 926 497 648 594 1064 887 906 928
293 444 404 413 918 519 474 524 462 481 146 306 0 227 597 418 760 566 58 253 653 451 278 822 957 508 623 729 450 398 574 884 882 235 189 238 751 477 508 186 488 333 418 926 228 378 80 732 322 618 757 227 448 438 895 965 750 759
187 442 446 411 974 519 586 636 461 479 258 200 227 0 596 530 759 564 233 46 652 450 469 930 1065 620 518 623 448 496 572 992 990 426 65 429 807 371 507 377 382 332 460 1034 196 376 255 731 215 511 864 339 490 436 1003 1032 749 866
681 442 637 602 1265 709 821 871 580 514 590 694 597 596 0 765 286 91 603 622 284 640 839 1120 1255 855 970 467 638 686 205 1183 1181 763 558 760 1098 514 697 746 436 435 651 1224 597 566 625 363 576 1005 1055 671 681 436 1193 1263 368 1057
591 612 206 230 561 322 117 153 595 645 299 588 418 530 765 0 928 734 412 556 821 395 334 450 586 136 266 1106 469 200 742 513 511 218 492 215 394 854 344 269 865 501 220 555 531 473 462 900 699 355 385 218 250 606 523 593 918 387
844 605 800 765 1428 872 984 1034 743 677 753 856 760 759 286 928 0 239 766 785 243 803 1002 1283 1418 1018 1133 497 801 849 305 1346 1343 926 720 923 1261 677 859 909 599 598 814 1387 760 729 788 125 738 1168 1218 834 843 599 1356 1426 107 1220
649 410 605 570 1234 678 790 840 549 482 558 662 566 564 91 734 239 0 571 590 320 608 807 1089 1224 824 939 421 607 655 240 1151 1149 731 526 728 1067 483 665 715 405 403 619 1193 565 534 593 340 544 974 1023 639 649 404 1161 1231 322 1025
299 450 398 419 913 513 468 518 468 487 140 312 58 233 603 412 766 571 0 259 659 457 272 816 951 502 618 735 455 392 580 879 877 229 195 232 745 482 514 180 494 339 412 920 234 383 85 738 327 623 751 221 442 444 889 959 756 753
185 468 472 437 972 545 612 662 487 505 284 198 253 46 622 556 785 590 259 0 678 476 495 956 1091 646 516 621 474 522 598 1018 1016 452 91 455 805 369 533 403 380 358 486 1060 222 402 281 757 213 509 890 365 516 462 1028 1031 775 892
797 498 693 658 1322 765 877 927 637 570 646 809 653 652 284 821 243 320 659 678 0 696 895 1176 1312 911 1027 696 694 743 135 1239 1237 819 614 816 1154 682 753 802 604 491 707 1281 653 622 681 151 744 1115 1111 727 737 492 1249 1319 169 1113
594 357 224 233 895 102 451 501 264 283 444 607 451 450 640 395 803 608 457 476 696 0 508 750 885 485 600 984 107 316 616 812 810 392 412 389 728 778 90 444 789 247 206 854 451 111 479 775 623 688 684 392 175 351 822 892 793 686
535 685 320 343 834 435 390 440 704 723 276 548 278 469 839 334 1002 807 272 495 895 508 0 738 873 424 539 971 582 314 815 801 799 150 431 153 667 719 458 128 730 575 334 842 470 586 322 974 564 628 673 242 364 679 811 881 992 675
994 964 561 585 499 677 521 366 950 920 703 992 822 930 1120 450 1283 1089 816 956 1176 750 738 0 151 363 670 1465 823 477 1097 406 404 622 892 619 798 1258 699 673 1269 856 575 448 931 828 865 1255 1102 758 290 622 605 961 89 486 1273 106
1130 1100 696 720 418 812 656 501 1085 1055 838 1127 957 1065 1255 586 1418 1224 951 1091 1312 885 873 151 0 498 805 1600 959 612 1232 325 323 757 1027 754 806 1393 835 808 1404 991 710 367 1066 963 1001 1390 1238 894 280 757 740 1096 97 405 1408 241
680 702 296 320 518 412 207 143 685 734 389 678 508 620 855 136 1018 824 502 646 911 485 424 363 498 0 356 1196 558 290 832 425 423 308 582 305 484 944 434 359 955 591 310 467 621 563 551 990 788 444 297 308 340 696 435 505 1008 299
376 817 411 435 507 527 190 372 800 850 504 373 623 518 970 266 1133 939 618 516 1027 600 539 670 805 356 0 891 674 406 947 672 670 423 563 420 340 639 550 475 650 707 426 714 695 678 652 1105 484 140 605 423 455 811 743 566 1123 607
560 787 981 946 1347 1054 1030 1212 925 859 838 573 729 623 467 1106 497 421 735 621 696 984 971 1465 1600 1196 891 0 983 1031 616 1512 1510 928 668 931 1180 494 1041 878 316 780 995 1554 799 911 757 598 455 885 1399 920 1025 781 1537 1406 579 1401
523 415 273 238 901 388 457 507 433 452 372 536 380 378 568 401 731 537 385 404 624 408 515 756 891 491 606 913 0 322 545 819 816 399 340 396 734 706 411 450 717 304 287 860 379 335 407 703 551 695 691 399 316 409 829 899 721 693
641 533 127 151 632 243 256 306 516 566 279 654 398 496 686 200 849 655 392 522 743 316 314 477 612 290 406 1031 390 0 663 540 538 198 458 195 533 824 266 249 835 423 142 581 497 394 441 821 669 494 412 198 171 527 550 620 839 414
717 419 613 578 1242 686 798 848 557 491 567 730 574 572 205 742 305 240 580 598 135 616 815 1097 1232 832 947 616 615 663 0 1159 1157 739 534 737 1075 603 673 723 525 412 628 1201 573 543 602 213 664 1036 1031 648 657 413 1170 1240 231 1034
996 1027 624 647 215 739 583 428 1012 983 766 994 884 992 1183 513 1346 1151 879 1018 1239 812 801 406 325 425 672 1512 886 540 1159 0 53 684 954 681 602 1260 762 736 1271 919 638 97 993 890 928 1318 1104 760 177 685 668 1023 352 202 1336 354
994 1025 622 645 212 737 581 426 1010 981 763 992 882 990 1181 511 1343 1149 877 1016 1237 810 799 404 323 423 670 1510 884 538 1157 53 0 682 952 679 600 1258 760 734 1269 917 636 92 991 888 926 1316 1102 758 175 683 665 1021 350 200 1334 352
492 609 204 227 718 319 274 324 592 642 206 505 235 426 763 218 926 731 229 452 819 392 150 622 757 308 423 928 466 198 739 684 682 0 388 61 551 676 342 85 687 499 218 726 427 470 278 898 520 512 556 126 248 603 695 765 916 559
232 404 408 373 992 481 548 598 423 441 220 245 189 65 558 492 720 526 195 91 614 412 431 892 1027 582 563 668 410 458 534 954 952 388 0 391 825 416 468 339 427 294 422 996 158 338 217 693 260 556 826 301 452 398 964 1035 711 828
495 606 201 224 715 316 271 321 589 639 204 508 238 429 760 215 923 728 232 455 816 389 153 619 754 305 420 931 463 195 737 681 679 61 391 0 548 678 339 88 689 496 215 723 430 467 281 895 523 509 554 123 245 600 692 762 913 556
665 945 539 563 438 655 318 500 928 978 632 662 751 807 1098 394 1261 1067 745 805 1154 728 667 798 806 484 340 1180 802 533 1075 602 600 551 825 548 0 928 677 602 939 834 553 644 864 806 795 1233 773 429 658 551 583 939 833 496 1251 735
308 771 775 740 1095 848 778 960 789 808 586 321 477 371 514 854 667 483 482 369 682 778 719 1258 1393 944 639 494 777 824 603 1260 1258 676 416 678 928 0 835 626 252 660 789 1301 547 704 504 761 203 632 1192 667 819 765 1330 1153 750 1194
650 414 174 230 845 52 400 450 321 339 423 663 507 505 695 344 858 664 512 531 751 90 458 699 835 434 550 1040 163 266 672 762 760 342 467 339 677 833 0 393 844 304 156 803 506 168 534 830 678 638 634 342 124 408 772 842 848 636
443 593 255 279 770 370 325 375 611 630 183 455 186 377 746 269 909 715 180 403 802 444 128 673 808 359 475 878 517 249 723 736 734 85 339 88 602 626 393 0 637 482 269 777 378 522 229 881 471 563 608 177 299 587 746 816 899 610
319 695 786 751 1106 859 789 971 800 767 597 332 488 382 436 865 589 405 494 380 604 789 730 1269 1404 955 650 316 788 835 525 1271 1269 687 427 689 939 252 846 637 0 671 800 1312 558 715 515 683 214 643 1203 678 830 689 1342 1165 672 1205
477 150 373 338 1002 316 557 607 187 206 326 489 333 332 435 501 598 403 339 358 491 247 575 856 991 591 707 780 245 423 412 919 917 499 294 496 834 660 304 482 671 0 387 960 333 173 361 570 505 795 791 407 389 144 929 999 588 793
605 498 92 115 721 133 276 326 406 456 299 618 418 460 651 220 814 619 412 486 707 206 334 575 710 310 426 995 280 142 628 638 636 218 422 215 553 789 156 269 800 387 0 679 462 284 461 786 634 514 510 218 136 492 648 718 804 512
1038 1069 665 689 256 781 625 470 1054 1024 807 1035 926 1034 1224 555 1387 1193 920 1060 1281 854 842 448 367 467 714 1554 928 581 1201 97 92 726 996 723 644 1301 803 777 1312 960 679 0 1035 932 970 1359 1146 802 219 726 709 1065 394 244 1377 396
364 443 447 412 1031 520 587 637 462 481 259 376 228 196 597 531 760 565 234 222 653 451 470 931 1066 621 695 799 449 497 573 993 991 427 158 430 864 547 508 378 558 333 462 1035 0 377 256 732 392 688 865 340 491 437 1004 1074 750 868
521 284 302 311 973 180 529 579 190 209 370 534 378 376 566 473 729 534 383 402 622 111 586 828 963 563 678 911 109 394 543 890 888 470 338 467 806 704 168 522 715 173 284 932 377 0 405 701 549 766 762 451 253 278 900 970 719 764
321 472 447 441 962 548 518 568 490 509 189 334 80 255 625 462 788 593 85 281 681 479 322 865 1001 551 652 757 477 441 602 928 926 278 217 281 795 504 536 229 515 361 461 970 256 405 0 760 349 645 800 270 491 466 938 1008 778 802
875 577 772 737 1400 844 956 1006 715 649 725 888 732 731 363 900 125 340 738 757 151 775 974 1255 1390 990 1105 598 773 821 213 1318 1316 898 693 895 1233 761 831 881 683 570 786 1359 732 701 760 0 823 1194 1190 806 816 571 1328 1398 110 1192
153 615 619 584 940 692 622 805 634 653 431 166 322 215 576 699 729 544 327 213 744 623 564 1102 1238 788 484 455 621 669 664 1104 1102 520 260 523 773 203 680 471 214 505 634 1146 392 549 349 823 0 477 1037 512 663 609 1175 998 811 1039
369 906 500 523 596 615 278 461 889 938 593 366 618 511 1005 355 1158 974 623 509 1115 688 628 758 894 444 140 885 762 494 1036 760 758 512 556 509 429 632 638 563 643 795 514 802 688 766 645 1194 477 0 693 512 544 900 831 654 1212 695
929 899 496 519 270 611 455 300 884 855 638 926 757 864 1055 385 1218 1023 751 890 1111 684 673 290 280 297 605 1399 758 412 1031 177 175 556 826 554 658 1192 634 608 1203 791 510 219 865 762 800 1190 1037 693 0 557 540 895 307 258 1208 226
484 518 204 227 718 319 274 324 536 555 108 497 227 339 671 218 834 639 221 365 727 392 242 622 757 308 423 920 466 198 648 685 683 126 301 123 551 667 342 177 678 407 218 726 340 451 270 806 512 512 557 0 248 512 695 765 824 559
635 499 122 145 750 102 306 356 375 424 329 648 448 490 681 250 843 649 442 516 737 175 364 605 740 340 455 1025 248 171 657 668 665 248 452 245 583 819 124 299 830 389 136 709 491 253 491 816 663 544 540 248 0 493 678 748 834 542
581 151 477 442 1106 421 662 712 191 120 431 594 438 436 436 606 599 404 444 462 492 351 679 961 1096 696 811 781 350 527 413 1023 1021 603 398 600 939 765 408 587 689 144 492 1065 437 278 466 571 609 900 895 512 493 0 1034 1104 589 898
1067 1037 634 657 445 749 593 439 1023 993 776 1064 895 1003 1193 523 1356 1161 889 1028 1249 822 811 89 97 435 743 1537 896 550 1170 352 350 695 964 692 833 1330 772 746 1342 929 648 394 1004 900 938 1328 1175 831 307 695 678 1034 0 432 1346 179
890 1107 704 727 108 819 543 509 1093 1063 846 887 965 1032 1263 593 1426 1231 959 1031 1319 892 881 486 405 505 566 1406 966 620 1240 202 200 765 1035 762 496 1153 842 816 1165 999 718 244 1074 970 1008 1398 998 654 258 765 748 1104 432 0 1416 435
893 595 790 755 1418 862 974 1024 733 667 743 906 750 749 368 918 107 322 756 775 169 793 992 1273 1408 1008 1123 579 791 839 231 1336 1334 916 711 913 1251 760 850 899 682 588 804 1377 750 719 778 110 821 1212 1208 824 834 589 1346 1416 0 1210
931 901 498 521 447 613 457 302 887 857 640 928 759 866 1057 387 1220 1025 753 892 1113 686 675 106 241 299 607 1401 760 414 1034 354 352 559 828 556 735 1194 636 610 1205 793 512 396 868 764 802 1192 1039 695 226 559 542 898 179 435 1210 0
EOF