NAME : tsp_problem
TYPE : TSP
DIMENSION : 34
EDGE_WEIGHT_TYPE : EXPLICIT
EDGE_WEIGHT_FORMAT : FULL_MATRIX
EDGE_WEIGHT_SECTION
0 358 1076 452 1118 540 693 330 502 578 224 1060 159 660 448 217 655 671 481 439 678 551 614 1065 688 1070 292 1147 456 1155 38 542 584 595
358 0 989 481 1030 701 722 360 480 500 283 973 251 582 478 246 698 594 315 468 722 580 643 1013 717 982 223 1060 285 1067 330 520 506 624
1076 989 0 661 265 772 1261 786 660 542 1001 271 1048 461 1016 890 1237 449 708 673 1260 801 1182 311 1255 54 816 265 738 272 1048 700 537 949
452 481 661 0 703 424 636 161 87 163 377 645 423 245 391 302 612 256 201 84 636 228 557 686 631 655 309 732 230 740 423 127 169 376
1118 1030 265 703 0 813 1302 827 701 584 1043 342 1089 502 1057 931 1278 491 750 714 1301 843 1223 383 1296 259 858 193 779 201 1089 741 578 991
540 701 772 424 813 0 1023 548 423 442 668 595 486 525 778 604 897 536 422 436 920 564 944 581 1018 765 530 843 451 850 511 462 449 712
672 716 1254 630 1295 914 0 508 680 756 612 1238 619 838 405 536 110 849 794 617 133 729 189 1278 252 1248 611 1325 812 1333 644 720 762 702
330 360 786 161 827 548 515 0 212 287 255 770 302 370 270 180 491 381 325 149 514 353 436 810 509 779 255 857 355 864 302 252 293 416
502 480 660 87 701 423 687 212 0 162 427 644 474 244 442 352 663 255 200 99 686 183 608 684 681 654 307 731 229 739 474 126 168 331
578 500 542 163 584 442 762 287 162 0 503 527 549 227 517 401 738 239 220 175 761 303 683 567 757 536 327 613 249 621 549 201 151 451
224 283 1001 377 1043 668 618 255 427 503 0 986 226 585 373 142 594 597 406 364 618 476 539 1026 613 995 217 1072 381 1080 195 467 509 520
1060 973 271 645 342 595 1245 770 644 527 986 0 1025 445 1000 874 1221 434 693 657 1244 785 1166 94 1239 264 800 342 722 349 1032 684 521 933
159 251 1048 423 1089 486 665 302 474 549 226 1025 0 632 420 188 601 643 379 411 625 523 585 1011 659 1041 263 1119 348 1126 130 513 555 566
660 582 461 245 502 525 845 370 244 227 585 445 632 0 600 483 820 162 302 257 844 385 765 485 839 454 410 531 331 539 632 284 233 533
448 478 1016 391 1057 778 412 270 442 517 373 1000 420 600 0 298 388 611 555 379 411 361 333 1040 406 1009 373 1087 574 1094 420 453 523 335
217 246 890 302 931 604 543 180 352 401 142 874 188 483 298 0 519 495 290 289 542 401 464 914 537 883 101 961 302 968 188 392 407 444
803 832 1370 746 1411 1133 480 624 796 872 728 1354 774 954 521 652 0 965 910 733 383 845 229 1394 184 1364 727 1441 928 1449 774 836 878 818
671 594 449 256 491 536 856 381 255 239 597 434 643 162 611 495 832 0 313 268 855 396 777 474 850 443 421 520 342 528 643 295 238 544
481 315 708 201 750 422 800 325 200 220 406 693 379 302 555 290 776 313 0 213 800 341 721 733 795 702 217 779 63 787 452 239 226 489
439 468 673 84 714 436 624 149 99 175 364 657 411 257 379 289 599 268 213 0 623 240 544 697 618 667 320 744 242 752 411 139 181 388
779 808 1346 722 1388 1109 456 600 772 848 704 1330 750 930 497 628 336 941 886 709 0 821 206 1371 161 1340 703 1417 904 1425 750 812 854 794
550 579 801 212 843 564 734 259 183 303 475 785 521 385 361 399 710 396 341 199 733 0 655 826 728 795 449 872 370 880 521 131 309 276
614 643 1182 557 1223 944 291 436 608 683 539 1166 585 765 333 464 171 777 721 544 195 656 0 1206 114 1175 539 1252 740 1260 586 647 689 629
1065 1013 311 686 383 581 1285 810 684 567 1026 94 1011 485 1040 914 1261 474 733 697 1284 826 1206 0 1279 305 841 382 762 390 1036 724 561 974
688 717 1255 631 1296 1018 365 509 681 757 613 1239 659 839 406 537 245 850 795 618 268 730 114 1279 0 1249 612 1326 813 1334 659 721 763 703
1070 982 54 655 259 765 1254 779 654 536 995 264 1041 454 1009 883 1230 443 702 667 1253 795 1175 305 1249 0 810 258 731 266 1041 693 530 943
292 223 816 309 858 530 618 255 307 327 217 800 263 410 373 101 594 421 217 320 617 449 539 841 612 810 0 887 229 895 263 347 333 519
1147 1060 265 732 193 843 1332 857 731 613 1072 342 1119 531 1087 961 1307 520 779 744 1331 872 1252 382 1326 258 887 0 809 53 1119 771 608 1020
456 285 738 230 779 451 819 355 229 249 381 722 348 331 574 302 795 342 63 242 818 370 740 762 813 731 229 809 0 816 427 269 255 518
1155 1067 272 740 201 850 1339 864 739 621 1080 349 1126 539 1094 968 1315 528 787 752 1339 880 1260 390 1334 266 895 53 816 0 1126 778 615 1028
38 330 1048 423 1089 511 665 302 474 549 195 1032 130 632 420 188 626 643 452 411 650 523 586 1036 659 1041 263 1119 427 1126 0 513 555 566
542 520 700 127 741 462 726 252 126 201 467 684 513 284 453 392 702 295 239 139 726 131 647 724 721 693 347 771 269 778 513 0 207 279
584 506 537 169 578 449 768 293 168 151 509 521 555 233 523 407 744 238 226 181 768 309 689 561 763 530 333 608 255 615 555 207 0 457
595 624 949 376 991 712 708 416 331 451 520 933 566 533 335 444 684 544 489 388 708 276 629 974 703 943 519 1020 518 1028 566 279 457 0
EOF