NAME : tsp_problem
TYPE : TSP
DIMENSION : 26
EDGE_WEIGHT_TYPE : EXPLICIT
EDGE_WEIGHT_FORMAT : FULL_MATRIX
EDGE_WEIGHT_SECTION
0 256 1534 1168 936 1920 1231 1422 1401 1197 1049 1570 574 1225 1512 1559 1425 1307 1460 1066 666 1556 1196 651 978 1516
256 0 1564 1198 966 1950 1260 1452 1431 1227 1079 1600 616 1255 1542 1589 1455 1337 1489 1096 695 1586 1226 681 1008 1546
1539 1580 0 754 1016 1367 669 625 998 991 572 1249 1899 1019 459 191 643 1100 407 652 1312 717 990 1331 772 1267
1173 1214 754 0 945 1348 450 662 829 625 269 997 1533 653 753 779 645 734 700 179 1074 776 624 1093 405 943
945 986 1016 973 0 1725 1036 1227 1207 1003 855 1375 1304 1031 1279 1041 917 1112 1227 871 526 840 1002 545 783 1321
1958 2000 1366 1350 1730 0 1045 1000 869 1068 1163 964 2318 996 1090 1441 1598 1181 1038 1248 1859 1729 1173 1879 1191 1013
1236 1277 669 450 1007 1046 0 304 677 687 210 928 1595 715 394 744 644 797 341 348 1136 775 686 1156 468 946
1422 1464 625 662 1194 1001 304 0 632 832 422 883 1782 759 349 700 857 944 297 560 1323 987 873 1343 655 901
1437 1478 998 829 1208 869 677 632 0 231 710 412 1796 216 722 1073 1086 401 670 727 1337 1217 393 1357 536 358
1233 1274 991 625 1004 1068 687 832 231 0 506 470 1592 119 922 1016 882 331 870 523 1133 1013 258 1153 332 416
1054 1095 572 269 826 1164 210 422 710 506 0 878 1414 534 512 597 463 615 460 167 955 594 505 975 287 825
1605 1647 1249 997 1377 964 928 883 412 470 878 0 1965 385 973 1324 1255 570 921 895 1506 1385 561 1526 704 87
580 610 1888 1522 1289 2274 1584 1775 1755 1551 1403 1923 0 1579 1865 1913 1779 1660 1813 1420 1019 1910 1550 1004 1331 1870
1261 1302 1019 653 1032 996 715 760 216 119 534 385 1620 0 850 1044 910 246 797 551 1161 1041 237 1181 360 331
1512 1554 459 753 1279 1092 394 349 722 922 512 973 1872 850 0 534 709 1035 96 651 1413 839 963 1433 745 991
1564 1605 191 779 1041 1442 744 700 1073 1016 597 1324 1924 1044 534 0 668 1125 482 677 1337 742 1015 1356 797 1335
1430 1472 643 645 917 1599 644 857 1086 882 463 1255 1790 910 709 668 0 992 656 543 1213 450 881 1233 663 1201
1342 1383 1100 734 1114 1181 797 945 401 331 615 570 1702 246 1035 1125 992 0 982 632 1243 1122 298 1263 441 516
1460 1501 407 700 1227 1039 341 297 670 869 460 921 1820 797 96 482 656 982 0 598 1361 787 911 1381 692 939
1071 1112 652 179 843 1246 348 560 727 523 167 895 1431 551 651 677 543 632 598 0 972 674 522 991 303 841
671 713 1312 1102 526 1855 1165 1356 1336 1132 984 1504 1031 1160 1446 1337 1213 1241 1394 1000 0 1136 1131 66 912 1450
1561 1602 717 776 840 1730 775 987 1217 1013 594 1385 1921 1041 839 742 450 1122 787 674 1136 0 1012 1156 793 1332
1232 1273 990 624 1003 1173 686 877 393 258 505 561 1591 237 968 1015 881 298 915 522 1132 1012 0 1152 331 507
657 698 1331 1122 545 1874 1185 1376 1355 1152 1003 1524 1016 1179 1466 1356 1233 1261 1414 1020 66 1156 1151 0 932 1470
1013 1055 771 405 785 1157 468 659 536 332 286 704 1373 360 749 796 663 441 697 303 914 793 331 934 0 650
1551 1593 1267 943 1323 1013 946 901 358 416 825 87 1911 331 991 1335 1201 516 939 841 1452 1331 507 1472 650 0
EOF