NAME : tsp_problem
TYPE : TSP
DIMENSION : 16
EDGE_WEIGHT_TYPE : EXPLICIT
EDGE_WEIGHT_FORMAT : FULL_MATRIX
EDGE_WEIGHT_SECTION
0 913 943 1186 766 1015 1575 939 871 1187 1394 899 687 939 1240 1362
884 0 1250 791 670 817 1275 742 364 943 1094 702 274 1246 754 1062
923 1234 0 1619 1498 1645 1895 1570 1192 1771 1714 1530 1007 196 1561 1682
1186 791 1635 0 529 778 1306 702 686 465 1125 662 659 1631 346 1244
766 670 1514 529 0 291 1534 215 565 530 1353 175 538 1510 681 1327
1015 817 1662 778 291 0 1681 117 712 779 1500 145 685 1657 828 1474
1590 1288 1955 1315 1543 1690 0 1615 1108 1536 286 1575 1062 1951 1012 662
939 742 1586 702 215 117 1605 0 637 703 1425 70 610 1582 753 1398
843 364 1208 686 565 712 1098 637 0 838 918 597 232 1204 520 1020
1187 943 1788 465 530 779 1189 703 838 0 1346 663 811 1783 657 1464
1400 1098 1765 1125 1353 1500 286 1425 918 1346 0 1385 872 1761 822 424
899 702 1546 662 175 145 1565 70 597 663 1385 0 570 1542 713 1358
658 274 1024 659 538 685 1049 610 232 811 868 570 0 1019 622 836
919 1229 196 1614 1493 1641 1891 1565 1187 1767 1710 1525 1003 0 1556 1678
1207 754 1573 346 681 828 1002 753 520 657 821 713 622 1568 0 940
1364 1062 1729 1244 1327 1474 662 1398 1020 1465 424 1358 836 1725 940 0
EOF
