NAME : tsp_problem
TYPE : TSP
DIMENSION : 70
EDGE_WEIGHT_TYPE : EXPLICIT
EDGE_WEIGHT_FORMAT : FULL_MATRIX
EDGE_WEIGHT_SECTION
0 1866 1450 1010 1668 1714 518 820 252 487 440 413 633 754 767 841 347 1738 486 695 830 854 349 397 611 632 700 1879 917 1061 1518 805 1654 290 756 471 390 753 548 426 974 407 464 402 741 585 1263 331 1015 213 1624 529 310 882 597 1805 1032 846 728 356 983 701 642 786 888 640 718 467 965 420
1706 0 574 1415 231 277 1858 1151 1592 1260 1780 1665 1355 1098 1659 1191 1687 301 1826 1186 1145 1154 1689 1428 1333 1354 2040 442 1559 1365 328 1022 217 1542 1120 1277 1642 1261 1880 1679 1318 1659 1804 1654 1525 1840 598 1584 1409 1571 433 1869 1451 1231 1319 368 1336 1189 1554 1696 1437 1179 1982 1136 1537 1656 1563 1807 1315 1451
1468 717 0 1176 519 565 1619 913 1354 1022 1542 1427 1116 860 1420 952 1449 589 1587 947 906 915 1451 1190 1094 1115 1801 730 1320 1126 369 784 505 1304 882 1038 1404 1022 1641 1440 1080 1420 1566 1415 1286 1602 360 1345 1170 1332 475 1630 1213 993 1080 656 1097 950 1315 1457 1198 940 1743 897 1298 1418 1324 1568 1076 1212
1010 1575 1158 0 1376 1423 585 453 800 813 770 1057 908 543 280 576 883 1447 682 783 446 431 885 981 886 862 697 1588 437 92 1226 575 1363 934 756 830 1034 695 501 1070 170 1050 580 1046 310 461 971 975 39 875 1332 688 953 616 872 1514 104 491 307 845 314 789 639 501 150 410 316 662 167 1004
1684 376 551 1392 0 162 1835 1129 1570 1238 1758 1643 1333 1076 1636 1168 1665 186 1803 1163 1122 1131 1667 1406 1310 1331 2017 389 1536 1343 305 1000 102 1520 1098 1254 1620 1238 1857 1656 1296 1636 1782 1631 1502 1818 576 1561 1387 1548 411 1846 1429 1209 1296 316 1313 1167 1531 1673 1414 1156 1960 1113 1514 1634 1540 1784 1292 1428
1730 423 597 1438 162 0 1882 1175 1616 1284 1804 1689 1379 1122 1683 1214 1711 60 1850 1209 1168 1177 1713 1452 1357 1378 2064 436 1583 1389 351 1046 95 1566 1144 1301 1666 1284 1904 1702 1342 1683 1828 1678 1548 1864 622 1607 1433 1595 457 1893 1475 1255 1343 362 1360 1213 1578 1719 1460 1203 2006 1160 1560 1680 1587 1830 1339 1474
518 2018 1601 585 1819 1866 0 913 308 639 406 565 785 906 331 993 390 1890 187 847 906 891 393 549 763 784 263 2031 558 650 1670 957 1806 442 908 622 542 905 111 578 614 558 237 553 381 148 1415 483 590 382 1775 345 461 1033 749 1957 661 951 368 352 624 853 205 938 462 281 359 168 606 571
820 1312 895 453 1113 1159 913 0 706 374 894 779 469 104 698 136 801 1184 940 343 35 48 803 542 447 422 1096 1324 597 404 963 167 1099 656 348 390 756 255 918 792 357 772 843 767 563 879 708 697 448 684 1069 951 565 176 433 1251 374 51 592 809 475 349 1038 61 575 695 602 920 354 564
252 1752 1336 800 1554 1600 308 706 0 374 231 299 519 640 558 727 138 1624 276 581 716 740 140 283 497 518 490 1765 708 852 1404 691 1540 176 642 357 276 639 338 313 764 293 255 288 531 375 1149 217 806 117 1510 319 196 768 483 1691 822 733 518 146 774 587 433 673 678 431 509 257 756 306
487 1420 1004 813 1222 1268 639 374 374 0 562 447 187 308 889 395 468 1292 607 249 384 408 471 210 165 186 821 1433 958 764 1072 359 1208 324 310 109 424 307 669 460 717 440 586 435 862 706 817 365 808 352 1178 650 233 436 151 1359 735 401 849 477 836 255 763 340 935 762 840 588 714 232
440 1940 1524 770 1742 1788 406 894 231 562 0 487 707 828 626 915 313 1812 374 769 904 928 315 471 685 706 588 1953 677 821 1592 880 1728 364 830 545 464 827 436 501 733 481 217 476 501 473 1337 405 775 305 1698 110 384 956 671 1880 791 921 487 109 743 775 531 861 647 400 478 355 725 494
413 1825 1409 1057 1627 1673 565 779 299 447 487 0 592 713 814 801 394 1697 533 654 789 813 396 356 570 591 747 1838 964 1108 1477 765 1613 156 715 430 94 712 595 47 1021 33 511 33 788 632 1222 113 1062 278 1583 576 269 841 556 1765 1079 806 775 403 1030 660 689 746 935 687 765 514 1012 379
633 1515 1098 908 1317 1363 785 469 519 187 707 592 0 403 1035 490 614 1387 753 344 479 503 617 355 260 149 967 1528 1052 859 1167 454 1303 470 405 204 570 288 815 606 812 586 732 581 1008 852 912 511 903 498 1273 796 379 531 246 1454 829 495 995 623 930 350 909 435 1030 907 985 734 809 378
754 1258 842 543 1060 1106 906 104 640 308 828 713 403 0 788 125 735 1130 874 278 114 138 738 476 381 362 1088 1271 687 494 910 198 1046 590 295 325 690 195 936 727 447 707 853 702 653 969 655 632 538 619 1016 917 500 166 367 1198 464 130 682 744 565 283 1030 70 665 785 691 855 444 499
767 1819 1402 280 1621 1667 331 698 558 889 626 814 1035 788 0 820 640 1691 437 1027 691 675 642 799 1013 1034 443 1832 343 345 1471 819 1607 692 1000 872 792 939 247 828 376 808 437 803 167 207 1216 733 285 632 1576 544 711 860 999 1758 357 735 164 602 408 1033 385 745 158 266 173 418 367 821
841 1351 934 576 1152 1199 993 136 727 395 915 801 490 125 820 0 822 1223 961 365 146 170 825 563 468 444 1175 1364 720 526 1002 290 1139 678 388 412 778 277 1023 814 479 794 940 789 685 1001 747 719 570 706 1108 1004 587 75 454 1290 497 163 715 831 598 371 1117 103 697 817 724 942 476 586
347 1847 1430 883 1649 1695 390 801 138 468 313 394 614 735 640 822 0 1719 359 676 811 835 39 378 592 613 573 1860 790 934 1499 786 1635 271 737 451 371 734 420 407 846 388 337 383 614 457 1244 312 888 212 1605 401 291 863 578 1786 904 827 600 228 856 682 515 767 760 513 591 339 838 401
1754 447 621 1463 186 60 1906 1199 1640 1308 1828 1713 1403 1146 1707 1239 1735 0 1874 1233 1192 1202 1737 1476 1381 1402 2088 460 1607 1413 376 1070 119 1590 1168 1325 1690 1309 1928 1727 1366 1707 1852 1702 1572 1888 646 1631 1457 1619 481 1917 1499 1279 1367 386 1384 1237 1602 1744 1485 1227 2030 1184 1584 1704 1611 1855 1363 1498
486 1986 1569 682 1788 1834 187 940 276 607 374 533 753 874 437 961 359 1858 0 815 938 922 361 517 731 752 370 1999 589 733 1638 925 1774 410 876 590 510 873 217 546 645 526 205 521 413 254 1383 451 687 350 1743 313 429 1002 717 1925 704 966 400 321 655 821 312 906 559 312 390 44 637 539
695 1346 929 783 1147 1193 847 343 581 249 769 654 344 278 1027 365 676 1218 815 0 354 378 679 417 322 343 1029 1358 927 733 997 285 1134 531 92 266 631 276 877 668 686 648 793 643 893 914 742 573 777 560 1103 858 441 405 308 1285 704 370 922 685 805 108 971 310 905 969 931 796 683 440
830 1305 888 446 1106 1152 906 35 716 384 904 789 479 114 691 146 811 1177 938 354 0 41 813 552 457 433 1089 1317 590 397 956 160 1093 666 342 401 766 265 911 803 350 783 836 778 556 872 701 707 441 695 1062 944 575 187 443 1244 367 62 585 820 468 359 1031 71 568 688 595 918 347 575
854 1314 897 431 1115 1162 891 48 740 408 928 813 503 138 675 170 835 1186 922 378 41 0 837 576 481 457 1073 1327 575 381 965 170 1102 690 351 425 790 289 896 827 334 807 820 802 541 856 710 731 425 719 1071 928 599 211 467 1253 352 86 570 844 453 383 1015 95 553 672 579 903 331 599
349 1850 1433 885 1651 1697 393 803 140 471 315 396 617 738 642 825 39 1722 361 679 813 837 0 381 594 616 575 1862 792 936 1501 789 1637 274 739 454 374 736 423 410 849 390 339 385 616 460 1246 315 890 214 1607 404 293 865 580 1789 907 830 603 231 858 684 517 770 762 515 593 342 840 403
397 1588 1172 981 1390 1436 549 542 283 210 471 356 355 476 799 563 378 1460 517 417 552 576 381 0 333 354 731 1601 948 932 1240 527 1376 234 478 193 334 475 579 370 885 350 496 345 772 616 985 275 976 262 1346 560 143 604 319 1527 903 569 759 387 1004 423 673 508 919 671 750 498 882 58
611 1493 1076 886 1295 1341 763 447 497 165 685 570 260 381 1013 468 592 1365 731 322 457 481 594 333 0 259 945 1506 1030 837 1145 432 1281 447 383 182 547 380 793 584 790 564 709 559 986 830 890 489 881 476 1250 774 356 509 67 1432 807 473 973 601 908 328 887 413 1008 885 963 712 787 356
632 1514 1097 862 1316 1362 784 422 518 186 706 591 149 362 1034 444 613 1386 752 343 433 457 616 354 259 0 966 1527 1006 812 1166 453 1302 468 404 203 568 220 814 605 765 585 731 580 972 851 911 510 856 497 1271 795 378 484 245 1453 783 449 994 622 884 349 908 389 984 906 984 733 762 377
700 2200 1783 697 2002 2048 263 1096 490 821 588 747 967 1088 443 1175 573 2072 370 1029 1089 1073 575 731 945 966 0 2213 740 761 1852 1139 1988 624 1090 804 724 1087 223 760 792 740 419 735 564 260 1597 665 702 564 1957 527 643 1216 931 2139 773 1133 551 535 806 1035 132 1120 574 463 541 350 784 753
1896 316 763 1604 421 467 2047 1341 1782 1450 1970 1855 1545 1288 1849 1380 1877 491 2016 1375 1334 1343 1879 1618 1523 1544 2230 0 1748 1555 517 1212 407 1732 1310 1466 1832 1450 2069 1868 1508 1848 1994 1844 1714 2030 788 1773 1599 1760 623 2058 1641 1421 1509 142 1525 1379 1743 1885 1626 1368 2172 1325 1726 1846 1753 1996 1505 1640
917 1719 1302 437 1520 1567 558 597 708 958 677 964 1052 687 343 720 790 1591 589 927 590 575 792 948 1030 1006 740 1732 0 387 1371 719 1507 841 900 974 941 839 564 978 299 958 487 953 208 524 1116 882 431 782 1476 595 861 760 1016 1658 358 635 238 752 198 933 682 645 364 340 247 570 291 971
1061 1525 1108 92 1327 1373 650 404 852 764 821 1108 859 494 345 526 934 1397 733 733 397 381 936 932 837 812 761 1538 387 0 1177 525 1313 985 706 780 1085 645 566 1121 121 1102 631 1097 353 526 922 1026 87 926 1282 739 955 566 823 1464 55 441 358 896 265 739 704 451 214 461 367 714 117 954
1503 506 371 1212 307 354 1655 948 1389 1057 1577 1462 1152 895 1456 988 1484 378 1623 982 941 951 1486 1225 1130 1151 1837 519 1356 1162 0 819 294 1339 917 1074 1439 1058 1677 1476 1115 1456 1601 1451 1322 1637 395 1380 1206 1368 170 1666 1248 1028 1116 445 1133 986 1351 1493 1234 976 1779 933 1334 1453 1360 1604 1112 1248
805 1182 766 575 984 1030 957 167 691 359 880 765 454 198 819 290 786 1054 925 285 160 170 789 527 432 453 1139 1195 719 525 834 0 970 642 219 376 742 360 987 778 478 758 904 753 685 1000 579 683 569 670 940 968 551 330 418 1121 496 205 714 795 597 278 1081 215 697 817 723 906 475 550
1670 363 537 1378 102 95 1822 1115 1556 1224 1744 1629 1319 1062 1623 1154 1651 119 1790 1149 1108 1117 1653 1392 1297 1318 2004 376 1523 1329 292 986 0 1506 1084 1241 1606 1224 1844 1642 1282 1623 1768 1618 1488 1804 562 1547 1373 1535 397 1833 1415 1195 1283 302 1300 1153 1518 1659 1400 1143 1946 1100 1500 1620 1527 1771 1279 1414
290 1702 1286 934 1504 1550 442 656 176 324 364 156 470 590 692 678 271 1574 410 531 666 690 274 234 447 468 624 1715 841 985 1354 642 1490 0 592 307 133 589 472 169 898 149 389 144 665 509 1099 74 939 155 1460 453 146 718 433 1642 956 683 652 280 907 537 566 623 812 564 642 391 889 256
756 1280 863 756 1082 1128 908 348 642 310 830 715 405 295 1000 388 737 1152 876 92 342 351 739 478 383 404 1090 1293 900 706 932 219 1068 592 0 327 692 337 938 729 659 709 854 704 866 975 677 633 750 621 1038 919 501 428 369 1219 677 386 895 746 778 85 1032 333 878 998 904 857 656 501
471 1437 1020 830 1238 1285 622 390 357 109 545 430 204 325 872 412 451 1309 590 266 401 425 454 193 182 203 804 1450 974 780 1089 376 1225 307 327 0 407 324 652 443 734 423 569 418 845 689 834 348 824 335 1194 633 216 452 168 1376 751 417 832 460 852 272 746 357 952 745 823 571 730 215
390 1802 1386 1034 1604 1650 542 756 276 424 464 94 570 690 792 778 371 1675 510 631 766 790 374 334 547 568 724 1815 941 1085 1454 742 1590 133 692 407 0 689 572 102 998 102 489 102 765 609 1199 158 1040 255 1560 553 246 818 533 1742 1056 783 752 380 1007 637 666 723 912 664 742 491 989 356
753 1421 1004 695 1222 1269 905 255 639 307 827 712 288 195 939 277 734 1293 873 276 265 289 736 475 380 220 1087 1434 839 645 1072 360 1209 589 337 324 689 0 935 725 598 706 851 701 805 972 817 630 689 618 1178 916 498 317 366 1360 616 282 834 742 717 282 1029 222 817 936 843 853 595 497
548 2040 1623 501 1841 1888 111 918 338 669 436 595 815 936 247 1023 420 1912 217 877 911 896 423 579 793 814 223 2053 564 566 1692 987 1828 472 938 652 572 935 0 608 597 588 267 583 387 64 1437 513 506 412 1797 375 491 1063 779 1979 577 956 384 382 629 883 165 966 378 311 389 198 588 601
426 1839 1422 1070 1640 1687 578 792 313 460 501 47 606 727 828 814 407 1711 546 668 803 827 410 370 584 605 760 1852 978 1121 1490 778 1627 169 729 443 102 725 608 0 1034 46 525 47 801 645 1235 126 1076 291 1596 589 282 854 570 1778 1092 819 788 416 1043 673 702 759 948 701 779 527 1026 392
974 1478 1061 170 1280 1326 614 357 764 717 733 1021 812 447 376 479 846 1350 645 686 350 334 849 885 790 765 792 1491 299 121 1130 478 1266 898 659 734 998 598 597 1034 0 1014 544 1009 265 557 875 939 165 838 1236 651 908 520 776 1417 91 394 271 808 177 692 734 404 292 373 280 626 70 907
407 1819 1402 1050 1620 1667 558 772 293 440 481 33 586 707 808 794 388 1691 526 648 783 807 390 350 564 585 740 1832 958 1102 1471 758 1607 149 709 423 102 706 588 46 1014 0 505 27 781 625 1216 106 1056 271 1576 569 262 834 550 1758 1072 799 768 396 1024 654 682 739 928 681 759 507 1006 372
464 1964 1548 580 1766 1812 237 843 255 586 217 511 732 853 437 940 337 1836 205 793 836 820 339 496 709 731 419 1977 487 631 1616 904 1752 389 854 569 489 851 267 525 544 505 0 500 311 304 1361 430 585 329 1722 135 408 980 695 1903 602 880 298 299 553 799 362 885 458 210 288 186 535 518
402 1814 1397 1046 1615 1662 553 767 288 435 476 33 581 702 803 789 383 1686 521 643 778 802 385 345 559 580 735 1827 953 1097 1466 753 1602 144 704 418 102 701 583 47 1009 27 500 0 776 620 1211 101 1051 266 1571 564 257 829 545 1753 1067 794 763 391 1019 649 678 734 923 676 754 502 1001 367
741 1685 1268 310 1486 1533 381 563 531 862 501 788 1008 653 167 685 614 1557 413 893 556 541 616 772 986 972 564 1697 208 353 1336 685 1473 665 866 845 765 805 387 801 265 781 311 776 0 348 1081 706 315 606 1442 419 684 726 972 1624 323 601 61 576 273 899 506 611 187 164 70 393 257 794
585 2000 1584 461 1802 1848 148 879 375 706 473 632 852 969 207 1001 457 1872 254 914 872 856 460 616 830 851 260 2013 524 526 1652 1000 1788 509 975 689 609 972 64 645 557 625 304 620 348 0 1397 550 467 449 1758 412 528 1042 816 1939 538 916 345 419 589 920 202 926 339 348 354 235 549 638
1280 744 327 989 546 592 1432 725 1166 834 1354 1239 929 672 1233 765 1261 616 1400 759 718 728 1263 1002 907 928 1614 757 1133 939 396 596 532 1116 694 851 1216 835 1454 1253 892 1233 1378 1228 1098 1414 0 1157 983 1145 501 1443 1025 805 893 683 910 763 1128 1270 1011 753 1556 710 1110 1230 1137 1381 889 1024
331 1744 1327 975 1545 1591 483 697 217 365 405 113 511 632 733 719 312 1616 451 573 707 731 315 275 489 510 665 1756 882 1026 1395 683 1531 74 633 348 158 630 513 126 939 106 430 101 706 550 1140 0 981 196 1501 494 187 759 475 1683 997 724 693 321 948 578 607 664 853 605 684 432 930 297
1015 1569 1152 39 1371 1417 590 448 806 808 775 1062 903 538 285 570 888 1441 687 777 441 425 890 976 881 856 702 1582 431 87 1221 569 1357 939 750 824 1040 689 506 1076 165 1056 585 1051 315 467 966 981 0 880 1326 693 959 610 867 1508 99 485 312 850 309 783 644 495 155 415 321 668 161 998
213 1731 1314 875 1532 1579 382 684 117 352 305 278 498 619 632 706 212 1603 350 560 695 719 214 262 476 497 564 1744 782 926 1383 670 1519 155 621 335 255 618 412 291 838 271 329 266 606 449 1128 196 880 0 1488 393 174 746 462 1670 896 711 592 220 848 566 507 651 752 505 583 331 830 284
1609 611 476 1317 413 459 1760 1054 1495 1163 1683 1568 1258 1001 1562 1093 1590 483 1729 1088 1047 1056 1592 1331 1236 1257 1943 624 1461 1268 170 925 399 1445 1023 1179 1545 1163 1782 1581 1221 1561 1707 1556 1427 1743 501 1486 1312 1473 0 1771 1354 1134 1222 550 1238 1092 1456 1598 1339 1081 1885 1038 1439 1559 1465 1709 1218 1353
529 2029 1612 688 1830 1877 345 951 319 650 110 576 796 917 544 1004 401 1901 313 858 944 928 404 560 774 795 527 2042 595 739 1681 968 1817 453 919 633 553 916 375 589 651 569 135 564 419 412 1426 494 693 393 1786 0 472 1044 760 1968 710 988 406 197 661 864 469 949 565 318 396 294 643 582
310 1612 1195 953 1413 1459 461 565 196 233 384 269 379 500 711 587 291 1484 429 441 575 599 293 143 356 378 643 1624 861 955 1263 551 1399 146 501 216 246 498 491 282 908 262 408 257 684 528 1008 187 959 174 1369 472 0 627 342 1551 926 592 671 299 927 446 585 532 831 584 662 410 905 165
882 1391 974 616 1193 1239 1033 176 768 436 956 841 531 166 860 75 863 1263 1002 405 187 211 865 604 509 484 1216 1404 760 566 1043 330 1179 718 428 452 818 317 1063 854 520 834 980 829 726 1042 788 759 610 746 1149 1044 627 0 495 1330 537 203 755 871 638 411 1158 143 738 858 764 982 516 626
597 1479 1062 872 1281 1327 749 433 483 151 671 556 246 367 999 454 578 1351 717 308 443 467 580 319 67 245 931 1492 1016 823 1131 418 1267 433 369 168 533 366 779 570 776 550 695 545 972 816 876 475 867 462 1236 760 342 495 0 1418 793 459 959 587 894 314 873 399 994 871 949 698 773 342
1822 242 689 1531 347 393 1974 1267 1708 1376 1896 1781 1471 1214 1775 1307 1803 417 1942 1301 1260 1270 1805 1544 1449 1470 2156 142 1675 1481 444 1138 333 1658 1236 1393 1758 1377 1996 1795 1434 1775 1920 1770 1640 1956 714 1699 1525 1687 549 1985 1567 1347 1435 0 1452 1305 1670 1812 1553 1295 2098 1252 1652 1772 1679 1923 1431 1566
1032 1496 1079 104 1297 1344 661 374 822 735 791 1079 829 464 357 497 904 1368 704 704 367 352 907 903 807 783 773 1509 358 55 1148 496 1284 956 677 751 1056 616 577 1092 91 1072 602 1067 323 538 893 997 99 896 1253 710 926 537 793 1435 0 412 329 867 236 710 715 422 226 431 338 684 88 925
846 1349 932 491 1151 1197 951 51 733 401 921 806 495 130 735 163 827 1221 966 370 62 86 830 569 473 449 1133 1362 635 441 1001 205 1137 683 386 417 783 282 956 819 394 799 880 794 601 916 746 724 485 711 1107 988 592 203 459 1288 412 0 630 836 513 376 1075 88 613 733 639 947 391 591
728 1714 1297 307 1515 1562 368 592 518 849 487 775 995 682 164 715 600 1586 400 922 585 570 603 759 973 994 551 1727 238 358 1366 714 1502 652 895 832 752 834 384 788 271 768 298 763 61 345 1111 693 312 592 1471 406 671 755 959 1653 329 630 0 563 303 928 493 640 185 125 42 380 262 781
356 1856 1439 845 1657 1704 352 809 146 477 109 403 623 744 602 831 228 1728 321 685 820 844 231 387 601 622 535 1869 752 896 1507 795 1644 280 746 460 380 742 382 416 808 396 299 391 576 419 1252 321 850 220 1613 197 299 871 587 1795 867 836 563 0 818 690 477 776 722 475 553 301 800 409
983 1597 1180 314 1398 1445 624 475 774 836 743 1030 930 565 408 598 856 1469 655 805 468 453 858 1004 908 884 806 1610 198 265 1248 597 1385 907 778 852 1007 717 629 1043 177 1024 553 1019 273 589 993 948 309 848 1354 661 927 638 894 1536 236 513 303 818 0 811 748 523 429 405 312 636 169 1026
701 1339 922 789 1140 1187 853 349 587 255 775 660 350 283 1033 371 682 1211 821 108 359 383 684 423 328 349 1035 1352 933 739 991 278 1127 537 85 272 637 282 883 673 692 654 799 649 899 920 736 578 783 566 1096 864 446 411 314 1278 710 376 928 690 811 0 977 316 911 975 937 801 689 445
642 2142 1725 639 1944 1990 205 1038 433 763 531 689 909 1030 385 1117 515 2014 312 971 1031 1015 517 673 887 908 132 2155 682 704 1794 1081 1930 566 1032 746 666 1029 165 702 734 682 362 678 506 202 1539 607 644 507 1900 469 585 1158 873 2081 715 1075 493 477 748 977 0 1062 516 405 483 292 726 696
786 1296 879 501 1097 1144 938 61 673 340 861 746 435 70 745 103 767 1168 906 310 71 95 770 508 413 389 1120 1309 645 451 948 215 1084 623 333 357 723 222 966 759 404 739 885 734 611 926 693 664 495 651 1053 949 532 143 399 1235 422 88 640 776 523 316 1062 0 623 742 649 887 401 531
888 1697 1280 150 1498 1545 462 575 678 935 647 935 1030 665 158 697 760 1569 559 905 568 553 762 919 1008 984 574 1709 364 214 1348 697 1485 812 878 952 912 817 378 948 292 928 458 923 187 339 1093 853 155 752 1454 565 831 738 994 1636 226 613 185 722 429 911 516 623 0 287 194 540 289 941
640 1816 1400 410 1618 1664 281 695 431 762 400 687 907 785 266 817 513 1688 312 969 688 672 515 671 885 906 463 1829 340 461 1468 817 1604 564 998 745 664 936 311 701 373 681 210 676 164 348 1213 605 415 505 1574 318 584 858 871 1755 431 733 125 475 405 975 405 742 287 0 116 293 365 694
718 1723 1306 316 1525 1571 359 602 509 840 478 765 985 691 173 724 591 1595 390 931 595 579 593 750 963 984 541 1736 247 367 1375 723 1511 642 904 823 742 843 389 779 280 759 288 754 70 354 1120 684 321 583 1480 396 662 764 949 1662 338 639 42 553 312 937 483 649 194 116 0 371 271 772
467 1967 1550 662 1768 1815 168 920 257 588 355 514 734 855 418 942 339 1839 44 796 918 903 342 498 712 733 350 1980 570 714 1618 906 1755 391 857 571 491 853 198 527 626 507 186 502 393 235 1364 432 668 331 1724 294 410 982 698 1906 684 947 380 301 636 801 292 887 540 293 371 0 618 520
965 1475 1058 167 1277 1323 606 354 756 714 725 1012 809 444 367 476 838 1347 637 683 347 331 840 882 787 762 784 1488 291 117 1127 475 1263 889 656 730 989 595 588 1026 70 1006 535 1001 257 549 872 930 161 830 1232 643 905 516 773 1414 88 391 262 800 169 689 726 401 289 365 271 618 0 904
420 1611 1194 1004 1412 1459 571 564 306 232 494 379 378 499 821 586 401 1483 539 440 575 599 403 58 356 377 753 1624 971 954 1262 550 1399 256 501 215 356 497 601 392 907 372 518 367 794 638 1007 297 998 284 1368 582 165 626 342 1550 925 591 781 409 1026 445 696 531 941 694 772 520 904 0
EOF