NAME : tsp_problem
TYPE : TSP
DIMENSION : 24
EDGE_WEIGHT_TYPE : EXPLICIT
EDGE_WEIGHT_FORMAT : FULL_MATRIX
EDGE_WEIGHT_SECTION
0 619 184 504 345 216 246 98 1691 727 231 260 1042 693 340 82 1562 1174 1535 1645 251 384 1310 615
619 0 554 383 373 427 695 679 1698 276 422 482 590 774 789 624 1569 1181 1542 1651 487 838 1317 319
184 554 0 350 357 375 171 156 1594 663 390 185 977 596 265 179 1465 1077 1438 1548 97 315 1213 483
504 383 350 0 319 373 491 475 1914 492 368 279 807 915 585 499 1785 1397 1758 1867 283 635 1533 162
345 373 357 319 0 153 498 416 1904 482 148 286 796 922 592 350 1775 1387 1748 1857 290 642 1523 370
216 427 375 373 153 0 436 288 1882 536 40 340 851 883 530 221 1752 1364 1725 1835 344 574 1501 424
246 695 171 491 498 436 0 217 1469 803 451 247 928 470 117 241 1339 951 1312 1422 238 167 1088 624
98 679 156 475 416 288 217 0 1629 788 303 231 1088 630 311 93 1500 1111 1473 1582 222 313 1248 608
1707 1714 1610 1930 1920 1897 1485 1645 0 1469 1913 1708 1411 1205 1392 1702 477 615 450 560 1677 1350 505 1866
727 276 663 492 482 536 803 788 1454 0 531 591 346 530 893 733 1324 936 1297 1407 595 851 1072 428
231 422 390 368 148 40 451 303 1897 531 0 335 845 898 545 236 1767 1379 1740 1850 339 589 1516 419
260 482 185 279 286 340 247 231 1692 591 335 0 906 694 341 255 1563 1175 1536 1645 137 390 1311 412
1042 590 977 807 796 851 928 1088 1395 346 845 906 0 471 835 1047 1266 878 1239 1348 910 792 1014 743
693 774 596 915 922 883 470 630 1189 530 898 694 471 0 377 687 1059 671 1032 1142 662 335 808 927
340 789 265 585 592 530 117 311 1376 893 545 341 835 377 0 335 1247 859 1220 1329 332 72 995 718
82 624 179 499 350 221 241 93 1686 733 236 255 1047 687 335 0 1557 1169 1530 1639 246 378 1305 621
1547 1554 1450 1770 1760 1737 1325 1485 479 1309 1752 1548 1251 1045 1232 1542 0 454 48 117 1517 1189 345 1706
1191 1198 1094 1414 1404 1381 968 1128 584 953 1396 1192 895 688 876 1186 455 0 428 537 1161 833 203 1350
1520 1527 1423 1743 1733 1710 1298 1458 452 1282 1725 1521 1224 1018 1205 1515 48 427 0 129 1490 1162 318 1679
1630 1636 1533 1852 1842 1820 1407 1567 562 1392 1835 1631 1333 1127 1314 1624 117 537 129 0 1599 1272 428 1789
251 487 97 283 290 344 238 222 1661 595 339 137 910 662 332 246 1532 1144 1505 1614 0 382 1280 416
384 838 315 635 642 574 167 313 1334 851 589 390 792 335 72 378 1204 816 1177 1287 382 0 953 768
1286 1292 1189 1509 1499 1476 1063 1223 711 1048 1491 1287 989 783 971 1281 581 193 554 664 1255 928 0 1445
615 319 483 162 370 424 624 608 1851 428 419 412 743 927 718 621 1721 1333 1694 1804 416 768 1470 0
EOF