NAME : tsp_problem
TYPE : TSP
DIMENSION : 23
EDGE_WEIGHT_TYPE : EXPLICIT
EDGE_WEIGHT_FORMAT : FULL_MATRIX
EDGE_WEIGHT_SECTION
0 324 409 643 632 956 937 893 973 944 299 362 204 870 677 930 677 786 944 550 246 277 661
324 0 282 644 505 957 810 894 975 945 129 363 352 871 550 931 679 659 817 551 108 150 534
409 282 0 779 246 917 551 733 742 712 174 498 487 1006 291 907 814 400 559 686 243 152 275
643 644 779 0 1003 605 747 542 622 592 626 320 496 519 1047 579 326 996 754 199 566 648 1031
632 505 246 1003 0 832 443 647 656 627 397 722 710 973 207 822 976 316 451 910 467 376 165
956 957 917 605 832 0 415 281 206 231 939 633 809 414 727 319 418 665 423 512 879 961 710
937 810 551 747 443 415 0 231 240 210 702 775 951 556 361 405 560 300 32 654 771 680 322
893 894 733 542 647 281 231 0 107 77 876 570 746 351 542 200 355 481 238 449 816 862 526
973 975 742 622 656 206 240 107 0 55 892 650 826 432 551 281 436 489 247 529 897 871 535
944 945 712 592 627 231 210 77 55 0 863 621 797 402 521 251 406 460 218 500 867 841 505
299 129 174 626 397 939 702 876 892 863 0 345 334 853 442 913 661 551 709 533 90 42 426
362 363 498 320 722 633 775 570 650 621 345 0 215 547 766 607 354 875 782 227 285 367 750
204 352 487 496 710 809 951 746 826 797 334 215 0 723 754 783 530 864 958 403 274 355 739
870 871 1006 519 973 414 556 351 432 402 853 547 723 0 867 389 332 806 564 426 794 875 851
677 550 291 1047 207 727 361 542 551 521 442 766 754 867 0 716 871 149 368 954 511 420 85
930 931 907 579 822 319 405 200 281 251 913 607 783 389 716 0 392 655 412 486 853 935 700
677 679 814 326 976 418 560 355 436 406 661 354 530 332 871 392 0 810 567 234 601 682 855
786 659 400 996 316 665 300 481 489 460 551 875 864 806 149 655 810 0 307 903 620 529 194
944 817 559 754 451 423 32 238 247 218 709 782 958 564 368 412 567 307 0 661 779 688 329
550 551 686 199 910 512 654 449 529 500 533 227 403 426 954 486 234 903 661 0 474 555 938
246 108 243 566 467 879 771 816 897 867 90 285 274 794 511 853 601 620 779 474 0 112 495
277 150 152 648 376 961 680 862 871 841 42 367 355 875 420 935 682 529 688 555 112 0 404
661 534 275 1031 165 710 322 526 535 505 426 750 739 851 85 700 855 194 329 938 495 404 0
EOF
