NAME : tsp_problem
TYPE : TSP
DIMENSION : 24
EDGE_WEIGHT_TYPE : EXPLICIT
EDGE_WEIGHT_FORMAT : FULL_MATRIX
EDGE_WEIGHT_SECTION
0 380 935 472 147 670 763 494 491 328 916 825 884 234 872 636 744 836 840 258 382 62 483 649
380 0 604 117 262 863 433 164 161 521 686 778 724 298 712 306 391 1029 487 451 575 349 127 842
935 604 0 540 817 533 265 486 483 917 104 196 142 853 130 459 247 466 343 893 658 904 497 512
472 117 540 0 354 956 368 100 97 613 622 713 659 391 647 242 327 984 422 543 667 441 63 934
147 262 817 354 0 630 646 376 373 287 875 784 844 134 832 518 626 795 722 217 341 116 365 609
670 863 533 956 630 0 776 977 974 600 461 370 430 717 417 970 758 381 853 576 341 640 966 195
763 433 265 368 646 776 0 315 312 904 347 439 385 682 373 288 76 709 171 834 901 732 326 755
494 164 486 100 376 977 315 0 42 634 568 660 606 412 594 187 295 930 391 564 688 463 57 956
491 161 483 97 373 974 312 42 0 631 565 657 603 409 591 184 292 927 388 561 685 460 54 953
328 521 917 613 287 600 904 634 631 0 845 754 813 375 801 776 885 765 980 234 311 297 623 578
916 686 104 622 875 461 347 568 565 845 0 124 70 935 58 541 329 394 425 821 586 885 579 440
825 778 196 713 784 370 439 660 657 754 124 0 92 872 80 633 421 348 516 731 496 794 671 349
884 724 142 659 844 430 385 606 603 813 70 92 0 931 26 579 367 408 462 790 555 853 617 408
234 298 853 391 134 717 682 412 409 375 935 872 931 0 919 554 663 883 758 305 429 203 401 696
872 712 130 647 832 417 373 594 591 801 58 80 26 919 0 567 355 395 450 778 543 841 605 396
636 306 459 242 518 970 288 187 184 776 541 633 579 554 567 0 270 903 365 706 830 605 199 948
744 391 247 327 626 758 76 295 292 885 329 421 367 663 355 270 0 691 128 815 883 713 284 737
836 1029 466 984 795 381 709 930 927 765 394 348 408 883 395 903 691 0 787 742 507 805 941 360
840 487 343 422 722 853 171 391 388 980 425 516 462 758 450 365 128 787 0 910 979 809 380 832
258 451 893 543 217 576 834 564 561 234 821 731 790 305 778 706 815 742 910 0 288 227 553 555
382 575 658 667 341 341 901 688 685 311 586 496 555 429 543 830 883 507 979 288 0 351 677 320
62 349 904 441 116 640 732 463 460 297 885 794 853 203 841 605 713 805 809 227 351 0 452 618
483 127 497 63 365 966 326 57 54 623 579 671 617 401 605 199 284 941 380 553 677 452 0 945
649 842 512 934 609 195 755 956 953 578 440 349 408 696 396 948 737 360 832 555 320 618 945 0
EOF
