NAME : tsp_problem
TYPE : TSP
DIMENSION : 70
EDGE_WEIGHT_TYPE : EXPLICIT
EDGE_WEIGHT_FORMAT : FULL_MATRIX
EDGE_WEIGHT_SECTION
0 466 869 64 438 705 804 1253 1655 515 353 290 510 530 310 830 422 196 747 607 1330 1603 537 384 673 774 618 552 1468 484 997 599 849 292 655 491 120 1006 882 80 477 1000 1664 1572 274 920 739 615 502 649 1699 278 267 500 1702 1484 1246 855 398 363 488 404 315 1678 99 785 200 765 746 1201
466 0 510 446 79 871 445 1510 1912 80 202 547 300 320 282 471 212 365 840 864 1587 1860 794 109 930 812 408 810 1725 741 638 856 490 549 446 748 554 648 523 447 734 641 1921 1829 531 561 889 872 292 290 1956 535 524 291 1959 1741 1503 728 239 620 745 87 376 1935 533 802 457 440 1003 1458
869 510 0 849 453 576 150 1215 1617 563 605 950 571 591 727 327 695 768 545 689 1291 1564 768 512 660 517 439 751 1430 1012 344 923 347 952 407 1020 957 390 111 850 1005 401 1626 1534 934 84 594 1098 562 267 1661 938 927 562 1664 1445 1208 433 707 1024 1016 490 779 1640 937 506 860 297 734 1163
64 446 849 0 418 685 784 1233 1635 495 333 270 490 510 290 810 402 176 727 587 1310 1583 517 364 653 755 598 533 1449 464 977 579 829 272 636 471 142 987 863 60 457 981 1644 1552 254 900 719 595 482 629 1679 258 247 480 1682 1464 1227 835 378 343 468 384 295 1658 121 765 180 746 726 1181
438 79 453 418 0 814 388 1453 1855 132 175 519 249 269 296 414 264 337 783 836 1530 1803 766 81 899 755 357 782 1669 713 581 828 434 521 395 721 527 591 467 419 706 585 1865 1772 503 504 832 844 241 233 1900 507 496 240 1902 1684 1447 671 276 593 717 59 348 1878 506 745 429 383 972 1401
705 871 576 685 814 0 457 813 1215 924 849 565 932 952 806 591 918 692 55 127 890 1163 206 873 98 83 799 189 1028 450 366 376 569 567 767 457 794 412 589 686 443 423 1224 1132 549 627 48 536 923 627 1259 461 542 923 1262 1044 806 163 895 639 454 851 811 1238 773 94 536 657 172 761
804 445 150 784 388 457 0 1096 1498 498 540 885 506 526 662 262 630 703 427 571 1173 1446 649 447 542 398 374 633 1312 894 226 804 282 887 342 901 892 272 163 785 887 283 1508 1416 869 201 475 980 497 202 1543 873 862 496 1545 1327 1090 315 641 958 898 425 714 1521 872 388 795 231 615 1044
1153 1410 1115 1133 1354 713 997 0 683 1459 1297 1013 1454 1475 1255 1130 1366 1141 739 694 357 630 648 1329 715 766 1338 632 496 898 906 726 1109 1015 1306 905 1242 952 1129 1134 891 963 692 600 997 1166 682 1029 1446 1166 727 909 990 1445 730 511 274 847 1343 1087 902 1349 1259 705 1221 777 984 1196 788 228
1671 1928 1633 1651 1871 1231 1514 553 0 1977 1815 1531 1972 1992 1772 1648 1884 1658 1256 1212 664 622 1166 1846 1232 1284 1856 1149 501 1415 1423 1243 1626 1533 1824 1423 1759 1469 1646 1652 1409 1480 407 592 1514 1683 1199 1547 1964 1684 442 1427 1508 1962 444 503 580 1364 1860 1604 1420 1866 1777 420 1738 1295 1501 1713 1306 746
515 80 563 495 132 924 498 1559 1961 0 255 596 353 373 231 523 162 414 893 913 1636 1909 843 162 979 865 461 858 1774 790 691 905 543 598 499 797 603 700 576 496 783 694 1970 1878 580 614 942 921 345 342 2005 584 573 343 2008 1790 1552 781 188 669 794 139 424 1984 582 854 506 493 1052 1507
353 202 605 333 175 849 540 1397 1799 255 0 434 246 266 211 566 214 252 891 751 1474 1747 681 121 817 907 354 697 1613 628 734 743 586 436 392 635 441 743 619 334 621 737 1808 1716 418 656 883 759 238 385 1843 422 411 237 1846 1628 1391 824 190 507 632 141 263 1822 420 897 344 502 890 1345
290 547 950 270 519 565 885 1113 1515 596 434 0 591 611 391 911 503 277 607 467 1190 1463 397 466 533 635 699 413 1329 344 918 459 931 117 737 351 379 964 964 271 337 975 1524 1432 50 1001 599 475 583 730 1559 138 92 582 1562 1344 1107 715 480 223 348 486 396 1538 358 645 120 847 606 1061
510 300 571 490 249 932 506 1554 1956 353 246 591 0 46 368 466 371 409 901 908 1630 1903 838 218 974 873 242 853 1769 785 688 900 485 593 280 792 598 643 584 490 778 637 1965 1873 575 622 950 916 126 351 2000 579 568 45 2003 1784 1547 789 347 664 789 238 419 1979 577 862 501 390 1047 1502
530 320 591 510 269 952 526 1574 1976 373 266 611 46 0 388 486 391 429 921 928 1651 1924 858 239 994 893 263 874 1790 805 708 920 506 613 300 812 618 663 605 511 798 657 1986 1893 595 642 970 936 147 371 2021 599 588 55 2023 1805 1568 809 368 685 809 259 440 1999 598 883 521 410 1068 1522
310 282 727 290 296 806 662 1354 1756 231 211 391 368 388 0 688 194 209 848 708 1431 1704 638 243 774 876 476 654 1570 585 856 700 708 393 514 592 398 865 741 291 578 859 1766 1673 375 778 841 716 360 507 1801 379 368 359 1803 1585 1348 946 220 465 589 263 220 1779 378 886 301 624 848 1302
830 471 327 810 414 591 262 1230 1632 523 566 911 466 486 688 0 655 729 560 705 1307 1580 783 473 676 532 244 767 1446 1027 250 938 48 913 212 1035 918 205 341 811 1021 199 1641 1549 895 378 609 1113 367 204 1676 899 888 457 1679 1461 1224 448 667 984 1032 451 739 1655 897 522 821 102 749 1178
422 212 695 402 264 918 630 1466 1868 162 214 503 371 391 194 655 0 321 960 820 1543 1816 750 245 886 988 479 766 1682 697 823 812 675 505 517 704 510 832 708 403 690 826 1877 1785 487 746 953 828 363 474 1913 491 480 361 1915 1697 1460 913 57 576 701 265 332 1891 490 986 413 625 960 1414
196 365 768 176 337 692 703 1240 1642 414 252 277 409 429 209 729 321 0 734 594 1317 1590 524 284 660 762 517 540 1456 471 896 586 749 279 555 478 284 906 782 177 464 900 1652 1559 261 819 727 602 401 548 1687 265 254 400 1689 1471 1234 842 298 351 475 304 214 1665 264 772 187 665 734 1188
747 840 545 727 783 55 427 838 1240 893 891 607 901 921 848 560 960 734 0 168 915 1188 247 842 140 94 768 231 1054 491 336 402 539 609 736 499 835 381 559 728 485 393 1250 1157 590 596 73 577 892 596 1285 503 584 892 1287 1069 832 133 936 680 496 820 853 1263 814 84 577 626 213 786
607 864 689 587 836 127 571 794 1196 913 751 467 908 928 708 705 820 594 168 0 870 1143 153 783 94 196 912 136 1009 352 480 280 683 469 880 359 696 526 703 588 345 537 1205 1113 451 740 161 438 900 740 1240 363 444 899 1243 1024 787 277 797 540 356 803 713 1219 675 207 437 770 168 742
1348 1605 1309 1328 1548 908 1191 230 631 1654 1492 1208 1649 1669 1449 1325 1561 1335 933 889 0 579 843 1523 909 961 1533 826 445 1092 1100 920 1303 1210 1501 1100 1436 1146 1323 1329 1086 1157 641 549 1191 1360 876 1224 1641 1361 676 1104 1185 1639 678 460 100 1041 1537 1281 1097 1543 1454 654 1415 972 1178 1390 982 423
1588 1845 1550 1568 1788 1148 1431 470 624 1894 1732 1448 1889 1909 1689 1565 1801 1575 1173 1129 581 0 1083 1763 1149 1201 1773 1066 418 1332 1340 1160 1543 1450 1741 1340 1676 1386 1563 1569 1326 1397 634 91 1432 1600 1116 1464 1881 1601 669 1344 1425 1879 671 144 497 1281 1777 1521 1337 1783 1694 647 1655 1212 1418 1630 1223 663
537 794 768 517 766 206 649 748 1150 843 681 397 838 858 638 783 750 524 247 153 825 1098 0 712 173 275 946 62 964 282 558 210 761 399 959 289 626 604 781 518 275 615 1159 1067 381 819 240 413 830 819 1194 293 374 828 1197 979 742 355 726 470 286 732 643 1173 605 286 367 849 247 696
384 109 512 364 81 873 447 1429 1830 162 121 466 218 239 243 473 245 284 842 783 1505 1778 712 0 848 814 327 728 1644 659 640 775 493 467 364 667 473 650 526 365 652 644 1840 1748 449 563 891 791 211 292 1875 453 442 209 1877 1659 1422 730 222 539 663 47 294 1853 452 804 376 442 922 1376
673 930 660 653 899 98 542 814 1216 979 817 533 974 994 774 676 886 660 140 94 891 1164 173 848 0 167 884 157 1030 417 451 345 654 535 851 425 761 497 674 654 411 508 1226 1133 517 711 132 503 966 711 1261 429 510 964 1263 1045 808 248 862 606 422 868 779 1239 740 178 503 741 122 762
774 812 517 755 755 83 398 866 1268 865 907 635 873 893 876 532 988 762 94 196 943 1216 275 814 167 0 740 258 1082 519 307 430 510 636 708 527 863 353 530 755 512 364 1277 1185 618 568 101 605 863 568 1312 530 611 864 1315 1097 860 104 964 708 523 792 880 1291 842 55 605 598 241 814
618 408 439 598 357 799 374 1438 1840 461 354 699 242 263 476 244 479 517 768 912 1515 1788 946 327 884 740 0 961 1654 893 466 1008 264 701 58 900 706 421 452 599 886 415 1849 1757 683 490 817 1024 144 316 1884 687 676 233 1887 1669 1432 656 455 772 897 346 527 1863 685 730 609 168 957 1386
552 810 751 533 782 189 633 732 1134 858 697 413 853 874 654 767 766 540 231 136 808 1081 62 728 157 258 961 0 947 297 542 225 745 415 942 305 641 588 765 533 290 599 1143 1051 396 802 223 429 846 802 1178 308 389 844 1181 962 725 339 742 486 301 748 658 1156 620 269 383 832 230 679
1249 1506 1211 1229 1449 809 1092 131 567 1555 1393 1109 1550 1570 1350 1226 1462 1236 834 790 242 515 744 1425 810 862 1434 728 0 994 1001 822 1204 1111 1402 1001 1338 1047 1224 1230 987 1058 577 484 1093 1262 777 1125 1542 1262 612 1005 1086 1541 614 396 159 943 1439 1182 998 1445 1355 590 1317 873 1079 1292 884 324
484 741 1012 464 713 450 894 998 1400 790 628 344 785 805 585 1027 697 471 491 352 1074 1347 282 659 417 519 893 297 1213 0 803 344 1006 346 931 33 572 849 1026 465 85 860 1409 1317 327 1063 484 360 777 924 1444 240 321 775 1446 1228 991 600 673 417 30 679 590 1422 551 530 314 1041 491 945
997 638 344 977 581 366 226 1005 1407 691 734 918 688 708 856 250 823 896 336 480 1082 1355 558 640 451 307 466 542 1221 803 0 713 228 920 434 810 1086 71 358 978 796 82 1417 1324 902 395 384 888 589 371 1452 814 895 679 1454 1236 999 223 835 991 807 618 907 1430 1065 297 888 324 524 953
599 856 923 579 828 376 804 826 1228 905 743 459 900 920 700 938 812 586 402 280 902 1175 210 775 345 430 1008 225 1041 344 713 0 916 461 1046 351 688 759 936 580 337 770 1237 1145 443 973 345 475 892 974 1272 355 436 891 1274 1056 819 510 789 533 348 795 705 1250 667 440 430 1004 419 773
849 490 347 829 434 569 282 1208 1610 543 586 931 485 506 708 48 675 749 539 683 1285 1558 761 493 654 510 264 745 1424 1006 228 916 0 933 232 1013 938 183 360 830 999 177 1620 1528 914 398 588 1092 387 224 1655 919 907 476 1657 1439 1202 427 687 1004 1010 470 759 1633 917 500 841 121 727 1156
292 549 952 272 521 567 887 1115 1517 598 436 117 593 613 393 913 505 279 609 469 1192 1465 399 467 535 636 701 415 1331 346 920 461 933 0 739 353 381 966 966 273 339 977 1526 1434 101 1003 601 477 585 732 1561 140 60 583 1564 1346 1108 717 481 225 350 487 398 1540 360 647 122 849 608 1063
655 446 407 636 395 767 342 1406 1808 499 392 737 280 300 514 212 517 555 736 880 1482 1755 959 364 851 708 58 942 1621 931 434 1046 232 739 0 938 744 389 420 636 924 383 1817 1725 720 458 785 1062 182 284 1852 725 714 271 1855 1636 1399 624 493 810 935 384 565 1831 723 697 647 136 925 1354
491 748 1020 471 721 457 901 1005 1407 797 635 351 792 812 592 1035 704 478 499 359 1082 1355 289 667 425 527 900 305 1221 33 810 351 1013 353 938 0 580 856 1033 472 74 867 1416 1324 335 1071 492 367 784 931 1452 247 328 783 1454 1236 999 607 681 425 29 687 597 1430 559 537 322 1048 498 953
120 554 957 142 527 794 892 1342 1743 603 441 379 598 618 398 918 510 284 835 696 1418 1691 626 473 761 863 706 641 1557 572 1086 688 938 381 744 580 0 1095 971 169 566 1089 1753 1661 362 1008 828 704 590 737 1788 366 355 589 1790 1572 1335 944 487 452 577 493 403 1766 42 874 289 854 835 1289
1006 648 390 987 591 412 272 1051 1453 700 743 964 643 663 865 205 832 906 381 526 1128 1401 604 650 497 353 421 588 1267 849 71 759 183 966 389 856 1095 0 404 987 842 51 1463 1370 948 441 430 934 544 381 1498 860 941 633 1500 1282 1045 269 844 1037 853 627 916 1476 1074 343 934 279 570 999
882 523 111 863 467 589 163 1228 1630 576 619 964 584 605 741 341 708 782 559 703 1305 1578 781 526 674 530 452 765 1444 1026 358 936 360 966 420 1033 971 404 0 863 1019 415 1640 1547 947 118 607 1112 576 280 1675 952 940 575 1677 1459 1222 447 720 1037 1030 503 792 1653 950 520 874 310 747 1176
80 447 850 60 419 686 785 1234 1636 496 334 271 490 511 291 811 403 177 728 588 1311 1584 518 365 654 755 599 533 1449 465 978 580 830 273 636 472 169 987 863 0 458 981 1645 1553 255 901 720 596 483 630 1680 259 248 481 1683 1465 1227 836 379 344 469 385 296 1659 148 766 181 746 727 1182
477 734 1005 457 706 443 887 991 1393 783 621 337 778 798 578 1021 690 464 485 345 1067 1340 275 652 411 512 886 290 1206 85 796 337 999 339 924 74 566 842 1019 458 0 853 1402 1310 321 1056 477 353 770 917 1437 233 314 769 1440 1221 984 593 667 410 80 672 583 1416 545 523 307 1034 484 939
1000 641 401 981 585 423 283 1062 1464 694 737 975 637 657 859 199 826 900 393 537 1139 1412 615 644 508 364 415 599 1278 860 82 770 177 977 383 867 1089 51 415 981 853 0 1474 1381 959 452 441 946 538 375 1509 871 952 627 1511 1293 1056 281 838 1048 864 621 910 1487 1068 354 945 272 581 1010
1603 1860 1565 1583 1803 1163 1446 485 360 1909 1747 1463 1904 1924 1704 1580 1816 1590 1188 1144 596 554 1098 1778 1164 1216 1788 1081 433 1347 1355 1175 1558 1465 1756 1355 1691 1401 1578 1584 1341 1412 0 524 1447 1615 1131 1479 1896 1616 404 1359 1440 1894 103 435 512 1296 1792 1536 1352 1798 1709 383 1670 1227 1433 1646 1238 678
1557 1814 1519 1537 1758 1117 1401 439 594 1863 1701 1417 1858 1879 1659 1535 1771 1545 1143 1098 550 91 1052 1733 1119 1170 1742 1036 387 1302 1310 1130 1513 1419 1710 1310 1646 1356 1533 1538 1295 1367 603 0 1401 1570 1086 1433 1850 1570 638 1313 1394 1849 641 113 467 1251 1747 1491 1306 1753 1663 617 1625 1181 1388 1600 1192 633
274 531 934 254 503 549 869 1097 1499 580 418 50 575 595 375 895 487 261 590 451 1173 1446 381 449 517 618 683 396 1312 327 902 443 914 101 720 335 362 948 947 255 321 959 1508 1416 0 985 583 459 567 714 1543 122 76 565 1546 1327 1090 699 463 207 332 469 380 1522 341 629 104 830 590 1045
920 561 84 900 504 627 201 1266 1668 614 656 1001 622 642 778 378 746 819 596 740 1342 1615 819 563 711 568 490 802 1481 1063 395 973 398 1003 458 1071 1008 441 118 901 1056 452 1677 1585 985 0 645 1149 613 318 1712 989 978 612 1715 1496 1259 484 757 1074 1067 541 830 1690 987 557 911 347 785 1213
739 889 594 719 832 48 475 781 1183 942 883 599 950 970 841 609 953 727 73 161 858 1131 240 891 132 101 817 223 997 484 384 345 588 601 785 492 828 430 607 720 477 441 1193 1100 583 645 0 570 941 645 1228 495 576 941 1230 1012 775 182 929 673 488 869 845 1206 807 112 570 675 206 729
615 872 1098 595 844 536 980 1129 1531 921 759 475 916 936 716 1113 828 602 577 438 1206 1479 413 791 503 605 1024 429 1345 360 888 475 1092 477 1062 367 704 934 1112 596 353 946 1540 1448 459 1149 570 0 908 1055 1575 371 452 907 1578 1360 1122 686 805 548 364 811 721 1554 683 616 445 1172 577 1077
502 292 562 482 241 923 497 1546 1948 345 238 583 126 147 360 367 363 401 892 900 1623 1896 830 211 966 863 144 846 1762 777 589 892 387 585 182 784 590 544 576 483 770 538 1957 1865 567 613 941 908 0 343 1992 571 560 117 1995 1777 1540 780 339 656 781 231 412 1971 569 853 493 292 1039 1494
649 290 267 629 233 627 202 1266 1668 342 385 730 351 371 507 204 474 548 596 740 1342 1615 819 292 711 568 316 802 1481 924 371 974 224 732 284 931 737 381 280 630 917 375 1677 1585 714 318 645 1055 343 0 1712 718 707 341 1715 1496 1259 484 486 803 928 270 558 1691 716 557 640 173 785 1214
1692 1949 1654 1672 1892 1252 1535 574 449 1998 1836 1552 1993 2013 1793 1669 1905 1679 1277 1233 685 643 1187 1867 1253 1305 1877 1171 522 1437 1444 1264 1647 1554 1845 1444 1780 1490 1667 1673 1430 1501 155 613 1536 1705 1220 1568 1985 1705 0 1448 1529 1983 193 524 602 1386 1881 1625 1441 1887 1798 89 1760 1316 1522 1735 1327 767
278 535 938 258 507 461 873 1009 1411 584 422 138 579 599 379 899 491 265 503 363 1086 1359 293 453 429 530 687 308 1224 240 814 355 919 140 725 247 366 860 952 259 233 871 1420 1328 122 989 495 371 571 718 1455 0 115 569 1458 1240 1002 611 467 211 244 473 384 1434 346 541 108 835 502 957
267 524 927 247 496 542 862 1090 1492 573 411 92 568 588 368 888 480 254 584 444 1166 1439 374 442 510 611 676 389 1305 321 895 436 907 60 714 328 355 941 940 248 314 952 1501 1409 76 978 576 452 560 707 1536 115 0 558 1539 1320 1083 692 456 200 325 462 373 1515 334 622 97 824 583 1038
500 291 562 480 240 923 496 1545 1946 343 237 582 45 55 359 457 361 400 892 899 1621 1894 828 209 964 864 233 844 1760 775 679 891 476 583 271 783 589 633 575 481 769 627 1956 1864 565 612 941 907 117 341 1991 569 558 0 1993 1775 1538 780 338 655 779 229 410 1969 568 853 492 381 1038 1492
1573 1830 1535 1553 1773 1133 1416 455 330 1879 1717 1433 1874 1894 1674 1550 1786 1560 1158 1114 566 524 1068 1748 1134 1186 1758 1052 403 1317 1325 1145 1528 1435 1726 1325 1661 1371 1548 1554 1311 1382 339 494 1417 1586 1101 1449 1866 1586 374 1329 1410 1864 0 405 482 1266 1762 1506 1322 1768 1679 353 1641 1197 1403 1616 1208 648
1469 1726 1431 1449 1669 1029 1312 351 505 1775 1613 1329 1770 1790 1570 1446 1682 1456 1054 1010 462 144 964 1644 1030 1082 1654 947 299 1213 1221 1041 1424 1331 1622 1221 1557 1267 1444 1450 1207 1278 515 113 1313 1481 997 1345 1762 1482 550 1225 1306 1760 552 0 378 1162 1658 1402 1218 1664 1575 528 1536 1093 1299 1512 1104 544
1265 1521 1226 1245 1465 824 1108 146 548 1570 1409 1125 1565 1586 1366 1242 1478 1252 850 805 100 496 760 1440 826 878 1450 743 362 1009 1017 837 1220 1127 1417 1017 1353 1063 1240 1245 1002 1074 558 465 1108 1277 793 1141 1558 1277 593 1020 1101 1556 595 377 0 958 1454 1198 1013 1460 1371 571 1332 888 1095 1307 899 340
855 728 433 835 671 163 315 947 1349 781 824 715 789 809 946 448 913 842 133 277 1023 1296 355 730 248 104 656 339 1162 600 223 510 427 717 624 607 944 269 447 836 593 281 1358 1266 699 484 182 686 780 484 1393 611 692 780 1395 1177 940 0 925 788 604 708 961 1371 923 94 685 514 321 894
398 239 707 378 276 895 641 1443 1844 188 190 480 347 368 220 667 57 298 936 797 1519 1792 726 222 862 964 455 742 1658 673 835 789 687 481 493 681 487 844 720 379 667 838 1854 1762 463 757 929 805 339 486 1889 467 456 338 1891 1673 1436 925 0 553 677 242 308 1867 466 975 390 603 936 1390
363 620 1024 343 593 639 958 1187 1588 669 507 223 664 685 465 984 576 351 680 540 1263 1536 470 539 606 708 772 486 1402 417 991 533 1004 225 810 425 452 1037 1037 344 410 1048 1598 1506 207 1074 673 548 656 803 1633 211 200 655 1635 1417 1180 788 553 0 421 559 469 1611 431 719 194 920 680 1134
488 745 1016 468 717 454 898 1002 1404 794 632 348 789 809 589 1032 701 475 496 356 1078 1351 286 663 422 523 897 301 1217 30 807 348 1010 350 935 29 577 853 1030 469 80 864 1413 1321 332 1067 488 364 781 928 1448 244 325 779 1451 1232 995 604 677 421 0 683 594 1427 556 534 318 1045 495 950
404 87 490 384 59 851 425 1449 1850 139 141 486 238 259 263 451 265 304 820 803 1525 1798 732 47 868 792 346 748 1664 679 618 795 470 487 384 687 493 627 503 385 672 621 1860 1768 469 541 869 811 231 270 1895 473 462 229 1897 1679 1442 708 242 559 683 0 314 1873 472 781 396 420 942 1396
315 376 779 295 348 811 714 1359 1761 424 263 396 419 440 220 739 332 214 853 713 1436 1709 643 294 779 880 527 658 1574 590 907 705 759 398 565 597 403 916 792 296 583 910 1770 1678 380 830 845 721 412 558 1805 384 373 410 1808 1590 1352 961 308 469 594 314 0 1784 382 891 306 675 852 1307
1651 1908 1613 1631 1851 1211 1494 533 408 1957 1795 1511 1952 1972 1752 1628 1864 1638 1236 1192 644 603 1146 1827 1212 1264 1836 1130 481 1396 1403 1224 1606 1513 1804 1403 1740 1449 1626 1632 1389 1460 114 572 1495 1664 1179 1527 1944 1664 181 1407 1488 1943 152 484 561 1345 1841 1585 1400 1847 1757 0 1719 1275 1482 1694 1286 726
99 533 937 121 506 773 872 1321 1723 582 420 358 577 598 378 897 490 264 814 675 1397 1670 605 452 740 842 685 620 1536 551 1065 667 917 360 723 559 42 1074 950 148 545 1068 1732 1640 341 987 807 683 569 716 1767 346 334 568 1770 1551 1314 923 466 431 556 472 382 1745 0 853 268 833 814 1268
785 802 506 765 745 94 388 877 1279 854 897 645 862 883 886 522 986 772 84 207 953 1226 286 804 178 55 730 269 1092 530 297 440 500 647 697 537 874 343 520 766 523 354 1288 1196 629 557 112 616 853 557 1323 541 622 853 1326 1107 870 94 975 719 534 781 891 1302 853 0 616 587 252 825
200 457 860 180 429 536 795 1084 1485 506 344 120 501 521 301 821 413 187 577 437 1160 1433 367 376 503 605 609 383 1299 314 888 430 841 122 647 322 289 934 874 181 307 945 1495 1403 104 911 570 445 493 640 1530 108 97 492 1532 1314 1077 685 390 194 318 396 306 1508 268 616 0 757 577 1031
765 440 297 746 383 657 231 1296 1698 493 502 847 390 410 624 102 625 665 626 770 1372 1645 849 442 741 598 168 832 1511 1041 324 1004 121 849 136 1048 854 279 310 746 1034 272 1707 1615 830 347 675 1172 292 173 1742 835 824 381 1745 1526 1289 514 603 920 1045 420 675 1721 833 587 757 0 815 1244
746 1003 734 726 972 172 615 888 1290 1052 890 606 1047 1068 848 749 960 734 213 168 964 1237 247 922 122 241 957 230 1103 491 524 419 727 608 925 498 835 570 747 727 484 581 1299 1207 590 785 206 577 1039 785 1334 502 583 1038 1337 1118 881 321 936 680 495 942 852 1313 814 252 577 815 0 836
1218 1475 1180 1198 1418 778 1061 314 716 1524 1362 1078 1519 1539 1319 1195 1431 1205 803 759 390 663 713 1393 779 831 1403 697 529 963 970 790 1173 1080 1371 970 1306 1016 1193 1199 956 1027 725 633 1062 1231 746 1094 1511 1231 760 974 1055 1509 763 544 307 911 1407 1151 967 1413 1324 739 1286 842 1048 1261 853 0
EOF