NAME : tsp_problem
TYPE : TSP
DIMENSION : 78
EDGE_WEIGHT_TYPE : EXPLICIT
EDGE_WEIGHT_FORMAT : FULL_MATRIX
EDGE_WEIGHT_SECTION
0 708 452 1824 542 884 1383 602 1302 286 980 700 270 1636 1754 652 1851 793 1135 1487 623 804 146 827 525 1256 764 1782 108 1877 817 1005 1024 386 914 452 363 1144 692 1034 837 561 1821 1769 1425 743 828 624 908 695 489 47 507 436 528 54 280 655 1687 633 1259 631 385 602 293 645 419 428 858 915 757 842 427 460 824 597 495 690
708 0 761 1777 851 221 1336 312 1255 595 318 773 579 1589 1707 962 1804 771 450 1439 333 692 631 806 218 1209 743 1735 665 1830 706 343 361 696 252 761 672 458 46 349 816 254 1774 1722 1377 958 807 335 565 779 247 695 281 472 429 694 589 964 1639 343 1211 940 695 872 603 356 532 542 837 229 821 180 736 770 803 291 804 979
452 761 0 1656 373 936 1214 654 1133 221 1033 532 215 1468 1586 484 1683 624 1028 1318 675 635 374 659 577 1088 596 1614 408 1709 649 1058 1066 218 967 170 119 1036 745 1087 669 614 1653 1601 1256 575 660 677 740 527 541 438 560 488 581 437 227 486 1518 686 1090 462 217 433 189 698 471 481 690 968 588 895 259 178 656 650 326 522
1642 1594 1473 0 1254 1405 497 1844 628 1410 1524 1085 1404 159 308 1365 101 1133 1342 287 1827 1137 1564 1167 1767 582 1104 336 1598 128 1150 1402 1380 1408 1374 1473 1384 1350 1616 1407 1177 1803 375 323 539 1068 1168 1867 1198 1091 1731 1628 1750 1678 1771 1627 1416 1177 240 1875 584 1155 1406 1108 1379 1803 1661 1671 1198 1533 964 1447 1256 1482 1164 1840 1207 1291
542 851 373 1437 0 872 996 745 915 311 991 313 305 1249 1367 265 1464 406 809 1099 766 416 464 440 668 869 377 1395 498 1490 430 869 847 308 841 374 284 817 835 874 450 704 1434 1382 1037 356 441 767 521 308 632 529 650 579 671 528 317 267 1299 776 871 243 307 214 279 788 562 572 471 1000 369 914 157 382 437 740 107 303
884 221 936 1588 872 0 1146 487 1065 771 151 584 754 1400 1518 937 1615 582 284 1250 454 503 806 617 393 1020 553 1546 840 1641 517 176 171 871 62 937 847 292 243 349 626 430 1585 1533 1188 769 617 510 375 590 422 870 456 648 604 870 765 797 1450 519 1022 773 870 683 778 430 707 717 648 237 632 73 874 945 613 466 825 790
1401 1354 1233 664 1014 1165 0 1604 387 1170 1284 845 1164 476 594 1124 691 892 1101 326 1587 896 1324 927 1527 342 863 622 1357 717 910 1162 1139 1167 1134 1233 1143 1110 1375 1167 936 1563 661 609 178 828 928 1627 958 851 1491 1388 1509 1438 1530 1387 1176 937 526 1635 344 915 1166 867 1139 1563 1421 1431 958 1293 724 1206 1016 1241 923 1599 967 1051
602 312 654 2027 745 487 1586 0 1505 489 584 903 472 1839 1957 855 2054 996 738 1689 200 959 524 1030 261 1459 967 1985 558 2080 973 609 627 589 518 655 565 746 296 623 1040 297 2024 1972 1627 946 1031 202 832 898 225 588 172 396 379 587 482 857 1889 210 1461 833 588 804 496 222 425 435 1061 504 959 446 630 663 1027 333 697 893
1319 1272 1150 796 932 1082 355 1522 0 1088 1202 763 1082 608 726 1042 823 810 1019 458 1505 814 1241 845 1445 95 781 754 1275 849 828 1080 1057 1085 1052 1151 1061 1027 1293 1084 854 1481 793 741 396 746 845 1544 876 768 1409 1306 1427 1356 1448 1305 1094 855 658 1553 82 833 1084 785 1056 1481 1339 1348 876 1210 641 1124 934 1159 841 1517 884 969
286 595 221 1593 311 771 1152 489 1071 0 867 469 49 1405 1523 421 1620 562 965 1256 510 573 209 596 412 1025 533 1551 242 1646 586 892 911 155 802 221 132 973 580 922 606 448 1590 1538 1194 512 597 512 677 464 376 273 394 323 415 272 61 424 1456 520 1028 400 154 371 64 532 306 316 627 802 526 729 196 229 593 484 264 459
980 318 1033 1707 991 151 1266 584 1185 867 0 703 851 1519 1637 1056 1734 701 403 1369 551 622 902 736 490 1139 673 1665 936 1760 636 155 183 968 181 1033 944 412 339 453 746 526 1704 1652 1307 888 737 607 495 709 519 967 553 744 700 966 861 917 1569 615 1141 892 966 802 875 527 803 813 767 333 751 169 994 1041 733 562 944 909
700 773 532 1268 313 584 827 903 746 469 703 0 463 1080 1198 378 1295 118 521 931 924 128 623 152 826 700 89 1226 657 1321 142 582 559 467 553 532 443 529 795 586 162 862 1265 1213 869 305 153 926 233 76 790 687 809 737 830 686 475 238 1131 934 703 214 465 124 438 947 720 730 183 712 201 626 315 541 149 899 266 231
270 579 215 1587 305 754 1146 472 1065 49 851 463 0 1399 1517 415 1614 556 959 1249 493 567 192 590 395 1019 527 1545 226 1640 580 876 894 149 785 215 125 967 563 905 600 432 1584 1532 1188 506 591 495 671 458 359 256 378 306 399 255 53 418 1450 504 1022 393 148 365 56 516 289 299 621 786 520 713 190 223 587 468 258 453
1609 1562 1441 580 1222 1373 465 1812 595 1378 1492 1053 1372 0 510 1332 607 1100 1309 254 1795 1104 1532 1135 1735 550 1072 538 1565 633 1118 1370 1347 1375 1342 1441 1352 1318 1584 1375 1144 1771 577 525 507 1036 1136 1835 1166 1059 1699 1596 1718 1646 1738 1595 1384 1145 442 1843 552 1123 1374 1075 1347 1771 1629 1639 1166 1501 932 1414 1224 1449 1132 1807 1175 1259
1770 1723 1602 476 1383 1534 626 1973 756 1539 1653 1214 1533 288 0 1493 503 1261 1471 415 1956 1265 1693 1296 1896 711 1233 434 1727 529 1279 1531 1509 1537 1503 1602 1513 1479 1745 1536 1306 1932 473 421 668 1197 1297 1996 1327 1220 1860 1757 1879 1807 1900 1756 1545 1306 123 2004 713 1284 1535 1236 1508 1932 1790 1800 1327 1662 1093 1575 1385 1610 1293 1968 1336 1420
652 962 484 1547 265 937 1106 855 1025 421 1056 378 415 1359 1478 0 1574 471 874 1210 876 481 575 505 778 979 442 1505 609 1601 495 934 912 419 906 484 395 882 946 939 515 814 1544 1493 1148 466 506 878 586 373 742 639 761 689 782 638 427 378 1410 886 982 354 417 325 390 899 672 682 536 1065 480 979 267 493 502 851 200 214
1591 1544 1423 328 1204 1355 447 1794 577 1360 1474 1035 1354 109 258 1315 0 1083 1292 237 1777 1087 1514 1117 1717 532 1054 286 1548 381 1100 1352 1330 1358 1324 1423 1334 1300 1566 1357 1127 1753 325 273 489 1018 1118 1817 1148 1041 1681 1578 1700 1628 1721 1577 1366 1127 190 1825 534 1105 1356 1058 1329 1753 1611 1621 1148 1483 914 1397 1206 1432 1114 1790 1157 1241
793 771 624 1315 406 582 874 996 793 562 701 118 556 1127 1246 471 1342 0 519 978 1004 126 715 94 919 747 75 1273 749 1369 140 580 557 559 551 625 535 527 793 584 104 955 1312 1261 916 352 95 1018 231 123 883 780 901 830 922 779 568 331 1178 1027 750 307 558 217 530 980 813 822 125 710 248 624 408 633 91 991 358 323
1135 450 1028 1525 809 284 1083 738 1002 965 403 521 959 1337 1455 874 1552 519 0 1187 564 440 1058 554 645 957 490 1483 1092 1578 453 282 259 962 253 1028 939 65 471 136 563 681 1521 1470 1125 706 554 710 312 527 674 1122 708 899 856 1121 971 734 1387 718 959 710 961 620 934 540 959 969 584 262 569 326 811 1036 550 718 762 727
1472 1425 1303 487 1084 1235 328 1674 458 1241 1354 916 1235 299 418 1195 514 963 1172 0 1657 967 1394 997 1597 412 934 445 1428 541 980 1233 1210 1238 1205 1303 1214 1180 1446 1237 1007 1633 484 433 369 899 998 1697 1028 921 1562 1458 1580 1508 1601 1458 1247 1007 350 1706 415 986 1237 938 1209 1633 1491 1501 1028 1363 794 1277 1087 1312 994 1670 1037 1121
623 333 675 2010 766 454 1569 200 1488 510 551 924 493 1822 1940 876 2037 1004 564 1672 0 925 545 1039 282 1442 976 1968 579 2063 939 576 594 610 485 676 586 572 317 449 1049 318 2007 1955 1610 967 1040 172 798 919 246 609 193 417 400 608 504 878 1872 180 1444 854 609 825 517 49 446 456 1070 330 980 413 651 684 1036 354 718 914
804 692 635 1319 416 503 878 959 797 573 622 128 567 1131 1250 481 1346 126 440 982 925 0 726 161 865 751 98 1277 760 1373 37 500 478 570 472 635 546 448 714 505 171 901 1316 1265 920 356 162 982 152 134 893 790 912 840 933 789 579 342 1182 991 754 317 569 228 541 901 823 833 192 631 219 545 419 644 158 938 369 334
146 631 374 1747 464 806 1305 524 1224 209 902 623 192 1559 1677 575 1774 715 1058 1409 545 726 0 750 447 1179 687 1705 67 1800 740 928 946 309 837 374 285 1066 615 957 760 483 1744 1692 1347 666 751 547 831 618 411 139 430 358 451 155 202 577 1609 555 1181 553 308 524 216 567 341 351 781 837 679 764 350 383 747 520 417 613
827 806 659 1350 440 617 909 1030 828 596 736 152 590 1162 1280 505 1377 94 554 1012 1039 161 750 0 953 782 96 1308 784 1403 175 614 592 594 586 659 570 562 828 619 80 989 1347 1295 950 387 71 1053 266 158 917 814 936 864 957 813 602 365 1212 1061 784 341 592 251 565 1015 847 857 92 745 282 658 442 668 67 1026 393 358
525 218 577 1950 668 393 1509 261 1428 412 490 826 395 1762 1880 778 1977 919 645 1612 282 865 447 953 0 1382 890 1908 481 2003 879 515 533 512 424 578 488 653 202 544 963 63 1947 1895 1550 869 954 284 738 821 63 511 166 281 238 511 406 780 1812 292 1384 756 511 728 419 304 348 358 984 425 882 352 553 586 950 100 621 816
1273 1226 1105 750 886 1037 309 1476 95 1042 1156 717 1036 562 681 997 777 765 974 413 1459 769 1196 799 1399 0 736 708 1230 804 782 1034 1012 1040 1006 1105 1016 982 1248 1039 809 1435 747 696 351 700 800 1499 830 723 1363 1260 1382 1310 1403 1259 1048 809 613 1507 49 787 1038 739 1011 1435 1293 1303 830 1165 596 1078 888 1113 796 1472 839 923
764 743 596 1287 377 553 845 967 764 533 673 89 527 1099 1217 442 1314 75 490 949 976 98 687 96 890 719 0 1245 720 1340 111 551 528 530 523 596 507 498 764 555 106 926 1283 1232 887 323 97 990 202 95 854 751 873 801 893 750 539 302 1149 998 721 278 529 188 502 952 784 794 127 681 219 595 379 604 93 962 330 295
1799 1752 1631 232 1412 1563 655 2002 785 1568 1682 1243 1562 317 465 1522 259 1290 1499 444 1985 1294 1722 1325 1925 740 1261 0 1755 285 1308 1560 1537 1565 1532 1631 1541 1508 1773 1565 1334 1961 229 51 697 1226 1326 2025 1356 1249 1889 1786 1907 1836 1928 1785 1574 1335 398 2033 742 1313 1564 1265 1537 1961 1819 1829 1356 1691 1122 1604 1414 1639 1321 1997 1365 1449
108 665 408 1781 498 840 1339 558 1258 242 936 657 226 1593 1711 609 1808 749 1092 1443 579 760 67 784 481 1213 720 1739 0 1834 774 961 980 343 871 408 319 1100 649 991 793 517 1777 1726 1381 699 785 581 865 651 445 101 464 392 484 117 236 611 1643 589 1215 587 341 558 250 601 375 385 815 871 713 798 383 416 780 553 451 646
1652 1605 1484 388 1265 1416 508 1855 638 1421 1535 1096 1415 170 319 1375 415 1143 1352 297 1838 1147 1575 1178 1778 593 1115 346 1608 0 1161 1413 1390 1418 1385 1484 1395 1361 1627 1418 1187 1814 385 334 550 1079 1179 1878 1209 1102 1742 1639 1761 1689 1781 1638 1427 1188 251 1886 595 1166 1417 1118 1390 1814 1672 1682 1209 1544 975 1457 1267 1492 1174 1850 1218 1302
817 706 649 1333 430 517 892 973 811 586 636 142 580 1145 1263 495 1360 140 453 995 939 37 740 175 879 765 111 1291 774 1386 0 514 491 583 486 649 560 462 728 519 184 915 1330 1278 933 370 175 996 166 148 907 804 926 854 947 803 592 355 1195 1004 767 331 582 241 555 915 837 847 206 645 233 558 432 657 171 951 383 348
1005 343 1058 1585 869 176 1144 609 1063 892 155 582 876 1397 1515 934 1612 580 282 1247 576 500 928 614 515 1017 551 1543 961 1638 514 0 53 993 163 1058 969 290 364 347 624 551 1582 1530 1186 766 615 632 373 587 544 992 578 769 725 991 886 795 1447 640 1020 771 991 681 900 552 829 838 645 359 629 194 872 1066 611 587 822 787
1024 361 1066 1563 847 171 1121 627 1040 911 183 559 894 1375 1493 912 1590 557 259 1225 594 478 946 592 533 995 528 1521 980 1616 491 53 0 1000 141 1066 977 267 382 324 601 570 1559 1508 1163 744 592 650 350 565 562 1010 596 788 744 1010 905 772 1425 659 997 748 999 658 918 569 847 857 622 376 607 213 849 1074 588 606 800 765
386 696 218 1591 308 871 1149 589 1068 155 968 467 149 1402 1521 419 1618 559 962 1253 610 570 309 594 512 1023 530 1549 343 1644 583 993 1000 0 902 218 129 971 680 1022 603 548 1587 1536 1191 509 594 612 675 461 476 373 495 423 516 372 161 421 1453 620 1025 397 117 368 124 632 406 416 625 903 523 830 193 226 590 585 261 456
914 252 967 1557 841 62 1116 518 1035 802 181 553 785 1369 1487 906 1584 551 253 1219 485 472 837 586 424 989 523 1515 871 1610 486 163 141 902 0 967 878 262 274 319 596 460 1554 1502 1157 738 587 541 345 559 453 901 487 678 635 900 795 767 1419 549 991 742 901 652 809 461 738 748 617 268 601 104 844 976 583 497 794 759
452 761 170 1656 374 937 1215 655 1134 221 1033 532 215 1468 1586 484 1683 625 1028 1318 676 635 374 659 578 1088 596 1614 408 1709 649 1058 1066 218 967 0 119 1036 745 1087 669 614 1653 1601 1256 575 660 677 740 527 542 439 560 488 581 438 227 486 1518 686 1090 462 217 433 189 698 471 481 690 968 588 895 259 82 656 650 327 522
363 672 119 1567 284 847 1125 565 1044 132 944 443 125 1379 1497 395 1594 535 939 1229 586 546 285 570 488 999 507 1525 319 1620 560 969 977 129 878 119 0 947 656 998 579 524 1563 1512 1167 485 571 588 651 437 452 349 471 399 492 348 137 397 1429 596 1001 373 127 344 100 609 382 392 601 879 499 806 169 128 566 561 237 433
1144 458 1036 1533 817 292 1092 746 1010 973 412 529 967 1345 1463 882 1560 527 65 1195 572 448 1066 562 653 965 498 1491 1100 1586 462 290 267 971 262 1036 947 0 480 144 571 689 1530 1478 1133 714 563 718 320 535 682 1130 716 907 864 1129 979 742 1395 727 967 718 969 628 942 548 967 977 593 270 577 334 819 1045 558 726 770 735
692 46 745 1799 835 243 1357 296 1276 580 339 795 563 1611 1729 946 1826 793 471 1461 317 714 615 828 202 1231 764 1757 649 1852 728 364 382 680 274 745 656 480 0 370 837 238 1795 1744 1399 980 828 319 586 801 231 679 265 456 413 678 573 948 1661 327 1233 924 679 894 587 340 516 526 859 251 843 201 721 754 824 275 788 984
1034 349 1087 1590 874 349 1148 623 1067 922 453 586 905 1402 1520 939 1617 584 136 1252 449 505 957 619 544 1022 555 1548 991 1643 519 347 324 1022 319 1087 998 144 370 0 628 580 1587 1535 1190 771 620 595 377 592 573 1021 607 798 755 1020 915 799 1452 604 1024 775 1021 685 929 425 858 868 650 147 634 315 876 1096 615 617 827 792
837 816 669 1360 450 626 918 1040 837 606 746 162 600 1172 1290 515 1387 104 563 1022 1049 171 760 80 963 792 106 1318 793 1413 184 624 601 603 596 669 579 571 837 628 0 999 1356 1305 960 396 54 1063 275 167 927 824 945 874 966 823 612 375 1222 1071 794 351 602 261 575 1024 857 867 56 754 292 668 452 677 73 1035 403 368
561 254 614 1986 704 430 1545 297 1464 448 526 862 432 1798 1916 814 2013 955 681 1648 318 901 483 989 63 1418 926 1944 517 2039 915 551 570 548 460 614 524 689 238 580 999 0 1983 1931 1586 905 990 320 774 857 99 548 203 249 206 547 442 817 1848 328 1420 792 547 764 455 340 384 394 1020 461 919 388 589 622 986 68 657 852
1814 1766 1645 247 1426 1577 670 2016 800 1583 1696 1258 1577 332 480 1537 274 1305 1514 459 1999 1309 1736 1339 1939 754 1276 236 1770 300 1322 1574 1552 1580 1546 1645 1556 1522 1788 1579 1349 1975 0 223 711 1240 1340 2039 1370 1263 1903 1800 1922 1850 1943 1799 1589 1349 412 2048 756 1327 1579 1280 1551 1975 1833 1843 1370 1705 1136 1619 1429 1654 1336 2012 1379 1463
1786 1739 1618 219 1399 1550 642 1989 772 1555 1669 1230 1549 304 453 1509 246 1277 1486 431 1972 1281 1709 1312 1912 727 1249 51 1742 272 1295 1547 1524 1552 1519 1618 1529 1495 1761 1552 1321 1948 216 0 684 1213 1313 2012 1343 1236 1876 1773 1895 1823 1915 1772 1561 1322 385 2020 729 1300 1551 1252 1524 1948 1806 1816 1343 1678 1109 1591 1401 1626 1309 1984 1352 1436
1443 1396 1274 706 1055 1206 178 1645 429 1212 1325 887 1206 517 636 1166 733 934 1143 368 1629 938 1365 968 1568 383 905 664 1399 759 952 1204 1181 1209 1176 1275 1185 1151 1417 1208 978 1604 702 651 0 870 969 1668 999 892 1533 1430 1551 1479 1572 1429 1218 979 568 1677 386 957 1208 909 1180 1604 1462 1472 999 1334 765 1248 1058 1283 965 1641 1008 1092
743 958 575 1251 356 769 810 946 729 512 888 305 506 1063 1181 466 1278 352 706 913 967 356 666 387 869 683 323 1209 699 1304 370 766 744 509 738 575 485 714 980 771 396 905 1248 1196 852 0 387 969 418 311 833 730 852 780 872 729 518 135 1113 977 686 140 508 228 481 989 763 773 418 897 183 810 358 583 383 941 309 419
828 807 660 1351 441 617 910 1031 828 597 737 153 591 1163 1281 506 1378 95 554 1013 1040 162 751 71 954 783 97 1309 785 1404 175 615 592 594 587 660 571 563 828 620 54 990 1348 1296 951 387 0 1054 266 159 918 815 937 865 958 814 603 366 1213 1062 785 342 593 252 566 1016 848 858 65 746 283 659 443 668 68 1027 394 359
624 335 677 2050 767 510 1609 202 1527 512 607 926 495 1862 1980 878 2077 1018 710 1712 172 982 547 1053 284 1482 990 2008 581 2103 996 632 650 612 541 677 588 718 319 595 1063 320 2047 1995 1650 969 1054 0 854 921 248 611 188 418 402 610 505 880 1912 63 1484 856 611 827 519 194 448 458 1084 476 982 469 653 686 1050 356 720 916
908 565 740 1381 521 375 940 832 859 677 495 233 671 1193 1311 586 1408 231 312 1043 798 152 831 266 738 813 202 1339 865 1434 166 373 350 675 345 740 651 320 586 377 275 774 1378 1326 981 418 266 854 0 239 766 895 800 945 948 894 683 446 1243 863 815 422 673 332 646 774 928 938 297 503 281 417 523 748 262 810 474 439
695 779 527 1274 308 590 833 898 751 464 709 76 458 1086 1204 373 1301 123 527 936 919 134 618 158 821 706 95 1232 651 1327 148 587 565 461 559 527 437 535 801 592 167 857 1271 1219 874 311 159 921 239 0 785 682 803 732 824 681 470 233 1136 929 708 209 460 119 433 941 715 725 189 718 206 631 310 535 154 893 261 226
489 247 541 1914 632 422 1473 225 1392 376 519 790 359 1726 1844 742 1941 883 674 1576 246 893 411 917 63 1346 854 1872 445 1967 907 544 562 476 453 542 452 682 231 573 927 99 1911 1859 1514 833 918 248 766 785 0 475 130 283 266 474 370 744 1776 256 1348 720 475 692 383 268 312 322 948 454 846 381 517 550 914 136 585 780
47 695 438 1811 529 870 1370 588 1289 273 967 687 256 1623 1741 639 1838 780 1122 1473 609 790 139 814 511 1243 751 1769 101 1864 804 992 1010 373 901 439 349 1130 679 1021 824 548 1808 1756 1411 730 815 611 895 682 475 0 494 422 515 41 267 641 1673 620 1245 617 372 588 280 632 405 415 845 902 743 829 414 447 811 584 482 677
507 281 560 1933 650 456 1491 172 1410 394 553 809 378 1745 1863 761 1960 901 708 1595 193 912 430 936 166 1365 873 1891 464 1986 926 578 596 495 487 560 471 716 265 607 945 203 1929 1878 1533 852 937 188 800 803 130 494 0 301 285 493 388 763 1795 178 1367 739 494 710 402 215 331 341 967 488 865 415 535 569 933 239 603 799
436 472 488 1861 579 648 1420 396 1338 323 744 737 306 1673 1791 689 1888 830 899 1523 417 840 358 864 281 1293 801 1819 392 1914 854 769 788 423 678 488 399 907 456 798 874 249 1858 1806 1461 780 865 418 945 732 283 422 301 0 147 421 316 691 1723 427 1295 667 422 638 330 439 259 269 895 679 793 606 464 497 861 211 531 727
528 429 581 1954 671 604 1512 379 1431 415 700 830 399 1766 1884 782 1981 922 856 1616 400 933 451 957 238 1386 893 1912 484 2007 947 725 744 516 635 581 492 864 413 755 966 206 1950 1899 1554 872 958 402 948 824 266 515 285 147 0 514 409 784 1816 410 1388 760 514 731 423 422 352 362 988 635 886 562 556 589 953 168 624 820
54 694 437 1810 528 870 1369 587 1288 272 966 686 255 1622 1740 638 1837 779 1121 1472 608 789 155 813 511 1242 750 1768 117 1863 803 991 1010 372 900 438 348 1129 678 1020 823 547 1807 1755 1411 729 814 610 894 681 474 41 493 421 514 0 266 640 1672 619 1245 616 371 588 279 631 404 414 844 901 742 828 413 446 810 583 481 676
280 589 227 1599 317 765 1158 482 1077 61 861 475 53 1411 1529 427 1626 568 971 1262 504 579 202 602 406 1031 539 1557 236 1652 592 886 905 161 795 227 137 979 573 915 612 442 1596 1544 1200 518 603 505 683 470 370 267 388 316 409 266 0 430 1462 514 1034 405 160 377 68 526 299 309 633 796 532 723 202 235 599 478 270 465
655 964 486 1360 267 797 919 857 838 424 917 238 418 1172 1290 378 1387 331 734 1022 878 342 577 365 780 792 302 1318 611 1413 355 795 772 421 767 486 397 742 948 799 375 817 1357 1305 960 135 366 880 446 233 744 641 763 691 784 640 430 0 1222 889 794 51 420 140 392 901 674 684 396 925 292 839 270 495 362 853 220 331
1702 1655 1534 408 1315 1466 558 1905 688 1471 1585 1146 1465 220 123 1426 435 1194 1403 348 1888 1198 1625 1228 1828 643 1165 366 1659 461 1211 1463 1441 1469 1435 1534 1445 1411 1677 1468 1238 1864 405 354 600 1129 1229 1928 1259 1152 1792 1689 1811 1739 1832 1688 1477 1238 0 1936 645 1216 1467 1169 1440 1864 1722 1732 1259 1594 1025 1508 1317 1542 1225 1901 1268 1352
633 343 686 2058 776 519 1617 210 1536 520 615 934 504 1870 1988 886 2085 1027 718 1721 180 991 555 1061 292 1490 998 2016 589 2111 1004 640 659 620 549 686 596 727 327 604 1071 328 2055 2003 1659 977 1062 63 863 929 256 620 178 427 410 619 514 889 1921 0 1493 864 619 836 527 203 456 466 1092 484 991 477 661 694 1058 365 729 924
1276 1229 1107 753 888 1039 311 1478 82 1045 1158 720 1039 565 683 999 780 767 976 415 1462 771 1198 801 1401 49 738 711 1232 806 785 1037 1014 1042 1009 1107 1018 984 1250 1041 811 1437 750 698 353 703 802 1501 832 725 1366 1262 1384 1312 1405 1262 1051 812 615 1510 0 790 1041 742 1013 1437 1295 1305 832 1167 598 1081 891 1116 798 1474 841 925
631 940 462 1338 243 773 897 833 816 400 892 214 393 1150 1268 354 1365 307 710 1000 854 317 553 341 756 770 278 1296 587 1391 331 771 748 397 742 462 373 718 924 775 351 792 1335 1283 938 140 342 856 422 209 720 617 739 667 760 616 405 51 1200 864 773 0 395 116 368 877 650 660 372 901 270 815 245 471 338 829 196 307
385 695 217 1589 307 870 1148 588 1067 154 966 465 148 1401 1519 417 1616 558 961 1252 609 569 308 592 511 1021 529 1547 341 1642 582 991 999 117 901 217 127 969 679 1021 602 547 1586 1534 1190 508 593 611 673 460 475 372 494 422 514 371 160 420 1452 619 1024 395 0 367 123 631 405 415 623 901 522 828 192 225 589 583 260 455
602 872 433 1290 214 683 849 804 768 371 802 124 365 1102 1221 325 1317 217 620 953 825 228 524 251 728 722 188 1248 558 1343 241 681 658 368 652 433 344 628 894 685 261 764 1287 1236 891 228 252 827 332 119 692 588 710 638 731 588 377 140 1153 836 725 116 367 0 339 848 621 631 282 811 223 725 217 442 248 800 167 217
293 603 189 1562 279 778 1120 496 1039 64 875 438 56 1374 1492 390 1589 530 934 1224 517 541 216 565 419 994 502 1520 250 1615 555 900 918 124 809 189 100 942 587 929 575 455 1559 1507 1162 481 566 519 646 433 383 280 402 330 423 279 68 392 1424 527 996 368 123 339 0 540 313 323 596 810 494 737 165 198 562 492 232 428
645 356 698 1986 788 430 1545 222 1463 532 527 947 516 1798 1916 899 2013 980 540 1648 49 901 567 1015 304 1418 952 1944 601 2039 915 552 569 632 461 698 609 548 340 425 1024 340 1983 1931 1586 989 1016 194 774 941 268 632 215 439 422 631 526 901 1848 203 1420 877 631 848 540 0 468 478 1046 306 1003 389 673 706 1011 377 741 936
419 532 471 1844 562 707 1403 425 1321 306 803 720 289 1656 1774 672 1871 813 959 1506 446 823 341 847 348 1276 784 1802 375 1897 837 829 847 406 738 471 382 967 516 858 857 384 1841 1789 1444 763 848 448 928 715 312 405 331 259 352 404 299 674 1706 456 1278 650 405 621 313 468 0 54 878 738 776 665 447 480 844 421 514 710
428 542 481 1854 572 717 1413 435 1331 316 813 730 299 1666 1784 682 1881 822 969 1516 456 833 351 857 358 1286 794 1812 385 1907 847 838 857 416 748 481 392 977 526 868 867 394 1851 1799 1454 773 858 458 938 725 322 415 341 269 362 414 309 684 1716 466 1288 660 415 631 323 478 54 0 888 748 786 675 457 490 854 431 524 720
858 837 690 1381 471 648 940 1061 858 627 767 183 621 1193 1311 536 1408 125 584 1043 1070 192 781 92 984 813 127 1339 815 1434 206 645 622 625 617 690 601 593 859 650 56 1020 1378 1326 981 418 65 1084 297 189 948 845 967 895 988 844 633 396 1243 1092 815 372 623 282 596 1046 878 888 0 776 313 689 473 698 84 1057 424 389
915 229 968 1716 1000 237 1275 504 1193 802 333 712 786 1528 1646 1065 1743 710 262 1378 330 631 837 745 425 1148 681 1674 871 1769 645 359 376 903 268 968 879 270 251 147 754 461 1713 1661 1316 897 746 476 503 718 454 902 488 679 635 901 796 925 1578 484 1150 901 901 811 810 306 738 748 776 0 760 195 943 976 741 497 953 918
757 821 588 1147 369 632 705 959 624 526 751 201 520 959 1077 480 1174 248 569 809 980 219 679 282 882 579 219 1105 713 1200 233 629 607 523 601 588 499 577 843 634 292 919 1144 1092 747 183 283 982 281 206 846 743 865 793 886 742 532 292 1009 991 581 270 522 223 494 1003 776 786 313 760 0 674 372 597 279 955 322 406
842 180 895 1629 914 73 1188 446 1107 729 169 626 713 1441 1560 979 1656 624 326 1292 413 545 764 658 352 1061 595 1587 798 1683 558 194 213 830 104 895 806 334 201 315 668 388 1626 1575 1230 810 659 469 417 631 381 829 415 606 562 828 723 839 1492 477 1064 815 828 725 737 389 665 675 689 195 674 0 870 903 655 424 867 831
427 736 259 1439 157 874 998 630 917 196 994 315 190 1251 1369 267 1466 408 811 1101 651 419 350 442 553 871 379 1397 383 1492 432 872 849 193 844 259 169 819 721 876 452 589 1436 1384 1040 358 443 653 523 310 517 414 535 464 556 413 202 270 1302 661 874 245 192 217 165 673 447 457 473 943 372 870 0 267 439 625 110 305
460 770 178 1664 382 945 1223 663 1142 229 1041 541 223 1476 1595 493 1691 633 1036 1327 684 644 383 668 586 1096 604 1622 416 1717 657 1066 1074 226 976 82 128 1045 754 1096 677 622 1661 1609 1265 583 668 686 748 535 550 447 569 497 589 446 235 495 1527 694 1099 471 225 442 198 706 480 490 698 976 597 903 267 0 664 659 335 530
824 803 656 1347 437 613 905 1027 824 593 733 149 587 1159 1277 502 1374 91 550 1009 1036 158 747 67 950 779 93 1305 780 1400 171 611 588 590 583 656 566 558 824 615 73 986 1343 1292 947 383 68 1050 262 154 914 811 933 861 953 810 599 362 1209 1058 781 338 589 248 562 1011 844 854 84 741 279 655 439 664 0 1022 390 355
597 291 650 2022 740 466 1581 333 1500 484 562 899 468 1834 1953 851 2049 991 718 1685 354 938 520 1026 100 1454 962 1980 553 2076 951 587 606 585 497 650 561 726 275 617 1035 68 2019 1968 1623 941 1027 356 810 893 136 584 239 211 168 583 478 853 1885 365 1457 829 583 800 492 377 421 431 1057 497 955 424 625 659 1022 0 693 889
495 804 326 1390 107 825 949 697 867 264 944 266 258 1202 1320 200 1417 358 762 1052 718 369 417 393 621 822 330 1348 451 1443 383 822 800 261 794 327 237 770 788 827 403 657 1387 1335 990 309 394 720 474 261 585 482 603 531 624 481 270 220 1252 729 824 196 260 167 232 741 514 524 424 953 322 867 110 335 390 693 0 238
690 979 522 1474 303 790 1033 893 951 459 909 231 453 1286 1404 214 1501 323 727 1136 914 334 613 358 816 906 295 1432 646 1527 348 787 765 456 759 522 433 735 984 792 368 852 1471 1419 1074 419 359 916 439 226 780 677 799 727 820 676 465 331 1336 924 908 307 455 217 428 936 710 720 389 918 406 831 305 530 355 889 238 0
EOF