NAME : tsp_problem
TYPE : TSP
DIMENSION : 44
EDGE_WEIGHT_TYPE : EXPLICIT
EDGE_WEIGHT_FORMAT : FULL_MATRIX
EDGE_WEIGHT_SECTION
0 757 1135 370 590 1368 764 733 306 320 756 1046 329 810 269 1090 302 326 454 1426 1502 1180 392 1462 1375 976 958 571 1074 115 648 950 55 340 1055 1011 694 582 408 961 648 609 610 497
757 0 1493 423 774 1726 327 166 587 736 190 529 895 244 685 572 480 539 334 1784 1860 1538 958 1820 1733 1334 392 903 556 795 290 384 784 552 537 494 819 785 372 395 210 941 250 919
1153 1511 0 1487 883 476 1513 1378 1179 1169 1454 1220 989 1353 1118 1264 1287 1227 1416 534 611 288 929 570 483 330 1185 913 1248 1079 1610 1296 1125 1213 1229 1185 987 875 1393 1147 1530 951 1570 922
370 423 1469 0 924 1702 559 398 332 503 422 761 663 476 452 804 259 284 375 1760 1836 1514 726 1796 1709 1310 624 905 788 457 463 616 397 297 769 726 1029 916 366 627 312 943 264 831
590 774 865 924 0 1098 776 641 616 606 717 483 281 616 555 527 723 664 853 1156 1232 910 222 1192 1104 706 448 156 511 515 874 560 562 650 492 448 131 97 830 410 793 194 834 172
1384 1742 509 1718 1114 0 1744 1609 1410 1400 1685 1451 1220 1584 1349 1495 1518 1458 1647 485 169 519 1160 129 157 561 1416 1144 1479 1310 1841 1527 1356 1444 1460 1416 1219 1106 1624 1378 1761 1182 1801 1153
764 327 1495 559 776 1728 0 225 594 743 166 531 902 246 692 574 487 546 341 1786 1862 1540 965 1822 1735 1336 394 905 558 802 145 386 791 559 539 495 821 787 379 397 346 943 386 921
733 166 1360 398 641 1594 225 0 562 711 109 396 870 111 660 439 456 514 310 1651 1728 1405 836 1687 1600 1201 259 771 423 770 266 251 760 528 405 361 686 652 347 262 185 809 226 786
306 587 1161 332 616 1394 594 562 0 195 585 925 354 640 144 968 131 72 283 1452 1528 1206 418 1488 1400 1002 788 597 952 231 478 780 278 58 933 889 720 608 238 791 477 635 455 523
320 736 1151 503 606 1385 743 711 195 0 734 1063 345 789 98 1106 303 243 432 1442 1519 1197 408 1478 1391 992 937 587 1090 246 627 928 292 229 1071 1028 711 599 410 940 626 625 604 513
756 190 1436 422 717 1669 166 109 585 734 0 472 894 187 683 515 479 537 333 1727 1803 1481 912 1763 1676 1277 335 846 499 793 250 327 783 551 480 437 762 728 370 338 209 884 249 862
1046 529 1202 761 483 1435 531 396 925 1063 472 0 738 370 1012 68 818 876 672 1493 1569 1247 678 1529 1442 1043 203 612 148 972 628 314 1018 890 129 203 528 494 709 164 548 650 588 628
329 895 971 663 281 1204 902 870 354 345 894 738 0 870 294 781 462 402 592 1261 1338 1016 83 1298 1210 811 702 262 765 254 786 814 300 388 746 702 386 274 569 664 786 300 763 188
810 244 1335 476 616 1568 246 111 640 789 187 370 870 0 738 414 533 591 387 1625 1702 1380 811 1662 1574 1175 234 745 398 847 343 225 837 605 379 335 661 626 424 236 263 783 303 761
269 685 1100 452 555 1334 692 660 144 98 683 1012 294 738 0 1055 252 192 381 1391 1468 1146 357 1427 1340 941 886 536 1039 195 576 877 241 178 1020 977 660 548 359 889 575 574 553 462
1090 572 1245 804 527 1479 574 439 968 1106 515 68 781 414 1055 0 862 920 715 1536 1613 1291 722 1573 1485 1086 246 656 168 1015 671 357 1062 933 150 246 572 537 753 208 591 694 631 672
302 480 1269 259 723 1502 487 456 131 303 479 818 462 533 252 862 0 83 177 1559 1636 1314 525 1596 1508 1109 682 705 846 339 371 673 329 97 827 783 828 716 130 684 371 743 348 631
326 539 1209 284 664 1442 546 514 72 243 537 876 402 591 192 920 83 0 235 1500 1576 1254 466 1536 1448 1050 740 645 904 279 429 731 326 85 885 841 768 656 190 743 429 683 406 571
454 334 1398 375 853 1631 341 310 283 432 333 672 592 387 381 715 177 235 0 1689 1765 1443 655 1725 1638 1239 535 834 699 491 225 527 481 249 681 637 958 845 68 538 225 872 202 760
1411 1769 536 1745 1141 487 1771 1636 1437 1427 1712 1478 1247 1611 1376 1521 1544 1485 1674 0 621 546 1187 581 494 588 1443 1171 1505 1337 1868 1554 1383 1471 1487 1443 1245 1133 1651 1405 1788 1209 1828 1180
1518 1876 643 1852 1248 169 1878 1743 1544 1535 1819 1585 1354 1718 1484 1629 1652 1592 1781 619 0 653 1294 70 291 695 1550 1278 1613 1444 1975 1662 1490 1578 1594 1550 1353 1240 1758 1512 1895 1316 1936 1287
974 1333 310 1309 704 544 1334 1200 1000 991 1276 1042 810 1174 940 1085 1108 1048 1237 601 678 0 751 637 550 151 1006 735 1069 900 1432 1118 946 1034 1050 1006 809 697 1215 968 1352 773 1392 744
392 958 911 726 222 1145 965 836 418 408 912 678 83 811 357 722 525 466 655 1202 1279 956 0 1238 1151 752 643 203 706 317 849 755 364 452 687 643 326 214 632 605 849 241 826 129
1478 1836 603 1812 1208 129 1838 1703 1504 1494 1779 1545 1313 1678 1443 1588 1611 1552 1741 579 70 613 1254 0 251 654 1510 1238 1572 1403 1935 1621 1450 1538 1554 1510 1312 1200 1718 1472 1855 1276 1895 1247
1341 1699 465 1675 1070 372 1701 1566 1366 1357 1642 1408 1176 1540 1306 1451 1474 1414 1604 442 506 476 1117 466 0 517 1373 1101 1435 1266 1798 1484 1312 1400 1416 1373 1175 1063 1581 1334 1718 1139 1758 1110
993 1351 297 1327 723 531 1353 1218 1019 1009 1294 1060 828 1192 958 1103 1126 1067 1256 588 665 342 769 624 537 0 1025 753 1087 918 1450 1136 965 1053 1069 1025 827 715 1233 986 1370 791 1410 762
958 392 1167 624 448 1400 394 259 788 937 335 203 702 234 886 246 682 740 535 1458 1534 1212 643 1494 1407 1008 0 577 230 937 491 177 983 753 211 167 493 459 573 72 411 615 451 593
571 903 895 905 156 1129 905 771 597 587 846 612 262 745 536 656 705 645 834 1186 1263 940 203 1222 1135 736 577 0 640 497 1003 689 543 631 621 577 261 148 811 539 923 73 963 153
1074 556 1229 788 511 1463 558 423 952 1090 499 148 765 398 1039 168 846 904 699 1520 1597 1275 706 1557 1469 1070 230 640 0 999 655 341 1046 917 60 230 556 521 737 192 575 678 615 656
115 795 1061 457 515 1294 802 770 231 246 793 972 254 847 195 1015 339 279 491 1351 1428 1106 317 1388 1300 901 937 497 999 0 685 987 86 265 981 937 620 508 446 898 685 535 662 423
648 290 1592 463 874 1826 145 266 478 627 250 628 786 343 576 671 371 429 225 1883 1960 1637 849 1919 1832 1433 491 1003 655 685 0 483 675 443 637 593 919 884 262 494 250 1041 290 954
950 384 1278 616 560 1512 386 251 780 928 327 314 814 225 877 357 673 731 527 1569 1646 1324 755 1605 1518 1119 177 689 341 987 483 0 977 745 323 279 604 570 564 180 403 727 443 704
55 784 1107 397 562 1340 791 760 278 292 783 1018 300 837 241 1062 329 326 481 1398 1474 1152 364 1434 1346 948 983 543 1046 86 675 977 0 312 1027 983 666 554 436 945 675 581 637 469
340 552 1195 297 650 1428 559 528 58 229 551 890 388 605 178 933 97 85 249 1486 1562 1240 452 1522 1434 1036 753 631 917 265 443 745 312 0 898 855 754 642 203 756 443 669 420 557
1055 537 1211 769 492 1444 539 405 933 1071 480 129 746 379 1020 150 827 885 681 1502 1578 1256 687 1538 1450 1052 211 621 60 981 637 323 1027 898 0 211 537 502 718 173 556 659 597 637
1011 494 1167 726 448 1400 495 361 889 1028 437 203 702 335 977 246 783 841 637 1458 1534 1212 643 1494 1407 1008 167 577 230 937 593 279 983 855 211 0 493 459 674 129 513 615 553 593
694 819 969 1029 131 1203 821 686 720 711 762 528 386 661 660 572 828 768 958 1260 1337 1015 326 1296 1209 810 493 261 556 620 919 604 666 754 537 493 0 142 935 455 838 299 879 276
582 785 857 916 97 1090 787 652 608 599 728 494 274 626 548 537 716 656 845 1148 1224 902 214 1184 1097 698 459 148 521 508 884 570 554 642 502 459 142 0 823 420 804 186 844 164
408 372 1375 366 830 1609 379 347 238 410 370 709 569 424 359 753 130 190 68 1666 1743 1420 632 1702 1615 1216 573 811 737 446 262 564 436 203 718 674 935 823 0 576 262 849 239 737
961 395 1129 627 410 1362 397 262 791 940 338 164 664 236 889 208 684 743 538 1419 1496 1174 605 1456 1368 969 72 539 192 898 494 180 945 756 173 129 455 420 576 0 414 577 454 555
648 210 1512 312 793 1745 346 185 477 626 209 548 786 263 575 591 371 429 225 1803 1880 1557 849 1839 1752 1353 411 923 575 685 250 403 675 443 556 513 838 804 262 414 0 960 139 938
609 941 933 943 194 1167 943 809 635 625 884 650 300 783 574 694 743 683 872 1224 1301 978 241 1260 1173 774 615 73 678 535 1041 727 581 669 659 615 299 186 849 577 960 0 1001 191
610 250 1552 264 834 1786 386 226 455 604 249 588 763 303 553 631 348 406 202 1843 1920 1598 826 1879 1792 1393 451 963 615 662 290 443 637 420 597 553 879 844 239 454 139 1001 0 931
497 919 904 831 172 1138 921 786 523 513 862 628 188 761 462 672 631 571 760 1195 1272 949 129 1231 1144 745 593 153 656 423 954 704 469 557 637 593 276 164 737 555 938 191 931 0
EOF