NAME : tsp_problem
TYPE : TSP
DIMENSION : 44
EDGE_WEIGHT_TYPE : EXPLICIT
EDGE_WEIGHT_FORMAT : FULL_MATRIX
EDGE_WEIGHT_SECTION
0 711 143 1323 1055 276 299 680 316 1025 1245 1552 572 882 954 322 1057 83 407 1038 626 614 1596 1679 362 1238 880 1588 577 824 393 879 306 87 532 299 690 321 763 546 700 540 1586 374
711 0 822 1425 387 483 448 756 427 1126 1347 1654 239 214 490 428 1159 657 721 370 164 658 1698 1781 378 1340 212 1689 356 156 354 647 694 652 214 616 580 615 95 413 210 336 1687 740
143 822 0 1211 1049 388 410 567 428 912 1133 1440 684 944 842 434 944 195 295 1032 737 501 1484 1567 473 1126 992 1475 688 936 505 767 194 199 643 272 577 282 875 658 812 651 1473 262
1342 1444 1229 0 1366 1579 1602 1053 1619 410 419 425 1640 1261 1160 1493 442 1394 1288 1349 1565 955 468 552 1532 412 1412 460 1757 1356 1696 1002 1210 1398 1615 1289 1014 1275 1492 1814 1611 1737 458 1255
1055 387 1049 1347 0 828 792 678 771 1049 1269 1577 584 205 412 773 1081 1001 1066 48 509 580 1620 1704 723 1263 356 1612 701 300 698 569 1030 996 558 961 502 960 435 757 554 680 1610 1074
276 483 388 1560 828 0 60 917 77 1262 1483 1790 343 655 930 337 1294 222 442 811 398 851 1833 1917 377 1476 653 1825 338 597 154 1087 392 217 302 314 927 337 536 307 602 301 1823 461
299 448 410 1583 792 60 0 940 42 1285 1505 1812 307 619 895 360 1317 245 465 775 363 874 1856 1939 385 1498 617 1847 302 561 119 1052 414 240 267 336 949 359 500 272 567 266 1846 483
680 756 567 1034 678 917 940 0 957 736 957 1264 952 573 472 831 768 732 626 661 877 131 1307 1391 870 950 725 1299 1069 669 1034 441 548 736 927 627 207 613 804 1126 923 1049 1297 593
316 427 428 1600 771 77 42 957 0 1302 1522 1830 286 598 874 377 1334 262 482 754 342 891 1873 1957 364 1515 596 1865 281 540 98 1031 432 257 246 354 964 376 479 251 545 244 1863 500
1042 1144 929 377 1066 1279 1302 753 1319 0 299 606 1340 961 859 1193 60 1094 988 1049 1265 655 650 733 1232 292 1112 641 1457 1056 1396 701 910 1098 1315 989 714 975 1191 1514 1311 1437 639 954
1263 1365 1151 384 1288 1501 1523 975 1540 331 0 613 1562 1183 1081 1414 363 1316 1209 1270 1487 877 657 740 1453 71 1334 648 1678 1278 1617 923 1132 1320 1536 1210 935 1196 1413 1735 1532 1658 646 1176
1568 1670 1456 455 1593 1806 1828 1280 1845 636 645 0 1867 1488 1386 1719 668 1621 1514 1575 1792 1182 405 488 1759 639 1639 397 1984 1583 1922 1228 1437 1625 1841 1515 1240 1501 1718 2040 1837 1963 395 1481
572 239 684 1621 584 343 307 952 286 1323 1544 1851 0 411 686 290 1355 518 583 567 154 854 1894 1978 240 1537 409 1886 142 353 213 843 555 513 73 477 777 477 292 272 358 187 1884 602
882 214 944 1242 205 655 619 573 598 944 1165 1472 411 0 307 600 976 828 893 188 336 475 1515 1599 550 1158 183 1507 528 127 525 464 866 823 385 788 398 787 262 584 381 507 1505 912
954 490 842 1141 412 930 895 472 874 842 1063 1370 686 307 0 875 874 1007 901 395 611 374 1414 1497 825 1056 458 1405 803 402 801 362 823 1011 661 901 296 887 538 860 657 783 1403 867
322 428 434 1474 773 337 360 831 377 1176 1396 1703 290 600 875 0 1208 268 356 756 343 765 1747 1830 77 1389 598 1738 360 542 342 1030 305 263 250 227 841 250 481 400 418 323 1737 374
1074 1176 961 409 1098 1311 1334 785 1351 60 331 638 1372 993 892 1225 0 1126 1020 1081 1297 687 682 765 1264 324 1144 673 1489 1088 1428 734 942 1130 1347 1021 746 1007 1224 1546 1343 1469 671 987
83 657 195 1375 1001 222 245 732 262 1077 1298 1605 518 828 1007 268 1109 0 373 984 571 666 1648 1732 307 1291 826 1640 523 770 339 931 323 55 478 245 742 267 709 492 646 486 1638 391
407 721 295 1269 1066 442 465 626 482 971 1191 1499 583 893 901 356 1003 373 0 1049 636 560 1542 1626 395 1184 891 1534 653 835 559 825 125 368 542 204 636 180 774 693 711 616 1532 64
1038 370 1032 1330 48 811 775 661 754 1032 1252 1560 567 188 395 756 1064 984 1049 0 492 563 1603 1687 706 1245 339 1595 683 283 681 552 1013 979 541 943 485 943 418 740 537 663 1593 1057
626 164 737 1546 509 398 363 877 342 1248 1469 1776 154 336 611 343 1280 571 636 492 0 779 1819 1903 293 1462 334 1811 271 278 269 768 609 566 129 531 702 530 217 328 283 251 1809 655
614 658 501 936 580 851 874 131 891 638 858 1166 854 475 374 765 670 666 560 563 779 0 1209 1293 804 852 627 1201 971 570 968 343 482 670 829 561 109 547 706 1028 825 951 1199 527
1613 1714 1500 500 1637 1850 1873 1324 1890 681 690 436 1911 1532 1430 1764 713 1665 1559 1620 1836 1226 0 260 1803 683 1683 168 2028 1627 1967 1272 1481 1669 1886 1560 1285 1546 1762 2085 1882 2008 74 1525
1432 1534 1320 320 1457 1670 1692 1144 1710 500 510 256 1731 1352 1250 1583 532 1485 1379 1440 1656 1046 299 0 1623 503 1503 291 1848 1447 1787 1092 1301 1489 1706 1379 1104 1365 1582 1904 1701 1827 289 1345
362 378 473 1513 723 377 385 870 364 1215 1435 1743 240 550 825 77 1247 307 395 706 293 804 1786 1870 0 1428 548 1778 310 492 291 982 345 302 199 267 880 289 431 350 368 273 1776 413
1256 1358 1144 377 1281 1494 1516 968 1533 324 71 606 1555 1176 1074 1407 356 1309 1203 1264 1480 870 650 733 1447 0 1327 641 1672 1271 1610 916 1125 1313 1529 1203 928 1189 1406 1728 1525 1651 639 1169
880 212 992 1394 356 653 617 725 596 1095 1316 1623 409 183 458 598 1127 826 891 339 334 627 1667 1750 548 1309 0 1658 526 85 523 615 864 821 383 786 549 785 260 582 379 505 1656 910
1538 1640 1426 425 1562 1776 1798 1250 1815 606 615 362 1837 1458 1356 1689 638 1591 1484 1545 1762 1151 405 185 1728 608 1609 0 1953 1553 1892 1198 1407 1594 1811 1485 1210 1471 1688 2010 1807 1933 395 1451
577 356 688 1738 701 338 302 1069 281 1440 1660 1968 142 528 803 360 1472 523 653 683 271 971 2011 2095 310 1653 526 2003 0 470 208 960 626 518 190 548 893 547 409 267 475 62 2001 672
824 156 936 1338 300 597 561 669 540 1039 1260 1567 353 127 402 542 1071 770 835 283 278 570 1610 1694 492 1253 85 1602 470 0 467 559 808 765 327 730 493 729 204 526 323 449 1600 854
393 354 505 1677 698 154 119 1034 98 1379 1599 1907 213 525 801 342 1411 339 559 681 269 968 1950 2034 291 1592 523 1942 208 467 0 958 509 334 173 431 891 453 406 178 473 172 1940 577
879 647 767 983 569 1087 1052 441 1031 684 905 1212 843 464 362 1030 717 931 825 552 768 343 1256 1339 982 898 615 1247 960 559 958 0 748 935 818 826 265 812 694 1017 814 940 1245 792
306 694 194 1192 1030 392 414 548 432 893 1114 1421 555 866 823 305 925 323 125 1013 609 482 1465 1548 345 1107 864 1456 626 808 509 748 0 318 515 102 558 112 747 662 684 589 1454 92
87 652 199 1379 996 217 240 736 257 1081 1302 1609 513 823 1011 263 1113 55 368 979 566 670 1652 1736 302 1295 821 1644 518 765 334 935 318 0 473 240 746 262 704 487 641 481 1642 386
532 214 643 1596 558 302 267 927 246 1298 1518 1826 73 385 661 250 1330 478 542 541 129 829 1869 1953 199 1511 383 1861 190 327 173 818 515 473 0 437 751 436 266 232 333 155 1859 561
299 616 272 1270 961 314 336 627 354 972 1192 1499 477 788 901 227 1004 245 204 943 531 561 1543 1626 267 1185 786 1535 548 730 431 826 102 240 437 0 637 190 668 584 606 511 1533 170
690 580 577 995 502 927 949 207 964 697 917 1224 777 398 296 841 729 742 636 485 702 109 1268 1351 880 910 549 1259 893 493 891 265 558 746 751 637 0 623 628 950 747 873 1258 602
321 615 282 1256 960 337 359 613 376 958 1178 1485 477 787 887 250 990 267 180 943 530 547 1529 1612 289 1171 785 1520 547 729 453 812 112 262 436 190 623 0 668 587 605 510 1519 156
763 95 875 1473 435 536 500 804 479 1174 1395 1702 292 262 538 481 1206 709 774 418 217 706 1746 1829 431 1388 260 1737 409 204 406 694 747 704 266 668 628 668 0 465 262 388 1735 793
546 413 658 1795 757 307 272 1126 251 1496 1717 2024 272 584 860 400 1529 492 693 740 328 1028 2068 2151 350 1710 582 2059 267 526 178 1017 662 487 232 584 950 587 465 0 531 230 2057 712
700 210 812 1592 554 602 567 923 545 1294 1514 1821 358 381 657 418 1326 646 711 537 283 825 1865 1948 368 1507 379 1856 475 323 473 814 684 641 333 606 747 605 262 531 0 454 1854 730
540 336 651 1718 680 301 266 1049 244 1420 1640 1947 187 507 783 323 1452 486 616 663 251 951 1991 2074 273 1633 505 1982 62 449 172 940 589 481 155 511 873 510 388 230 454 0 1981 635
1602 1704 1490 490 1627 1840 1862 1314 1879 670 680 426 1901 1522 1420 1753 702 1655 1549 1610 1826 1216 74 250 1793 673 1673 158 2018 1617 1957 1262 1471 1659 1876 1549 1274 1535 1752 2074 1871 1997 0 1515
374 740 262 1236 1074 461 483 593 500 937 1158 1465 602 912 867 374 970 391 64 1057 655 527 1509 1592 413 1151 910 1500 672 854 577 792 92 386 561 170 602 156 793 712 730 635 1498 0
EOF