NAME : tsp_problem
TYPE : TSP
DIMENSION : 32
EDGE_WEIGHT_TYPE : EXPLICIT
EDGE_WEIGHT_FORMAT : FULL_MATRIX
EDGE_WEIGHT_SECTION
0 1484 368 205 902 412 1726 296 1322 947 214 1333 734 1137 476 750 928 537 350 342 798 308 1561 286 289 228 248 649 233 961 310 1400
1470 0 1582 1434 1180 1627 571 1655 448 1102 1638 459 1320 475 1639 1558 1205 1101 1286 1749 950 1479 104 1657 1713 1274 1672 1058 1260 1238 1183 225
368 1597 0 549 568 78 1838 107 1434 680 178 1445 399 1249 254 416 593 859 695 201 663 629 1674 109 165 549 143 825 577 626 655 1513
205 1449 549 0 987 593 1691 478 1286 912 395 1298 915 1102 657 932 1012 501 175 458 763 388 1526 467 471 308 430 613 313 1045 289 1365
902 1194 568 987 0 613 1436 641 1032 278 712 1043 306 847 625 544 48 509 839 735 261 1032 1271 643 699 827 677 423 813 224 736 1111
412 1642 78 593 613 0 1883 150 1479 725 221 1490 444 1294 299 461 638 902 738 244 708 673 1718 152 208 592 187 870 621 671 698 1558
1719 545 1831 1683 1429 1876 0 1904 697 1352 1887 708 1569 724 1888 1807 1454 1350 1535 1998 1200 1728 622 1906 1962 1523 1921 1307 1509 1487 1432 474
296 1670 107 478 641 150 1912 0 1507 754 156 1518 472 1323 327 489 667 787 623 127 736 558 1747 121 177 477 156 898 506 699 583 1586
1340 446 1452 1304 1050 1497 688 1525 0 973 1508 76 1190 345 1509 1428 1075 971 1156 1619 821 1349 523 1527 1583 1144 1542 928 1130 1108 1053 362
947 1117 680 912 278 725 1359 754 955 0 824 966 419 770 738 657 304 434 764 847 186 957 1194 755 812 752 790 348 738 336 661 1033
214 1653 178 395 712 221 1894 156 1490 824 0 1501 543 1305 286 560 737 705 541 202 807 475 1729 95 99 395 58 817 423 770 501 1569
1351 457 1463 1316 1061 1508 699 1536 76 984 1519 0 1201 356 1520 1439 1087 982 1167 1630 832 1360 534 1538 1594 1155 1553 939 1142 1119 1064 373
734 1335 399 915 306 444 1577 472 1172 419 543 1183 0 988 456 375 332 650 979 566 401 995 1412 474 530 914 508 563 943 364 876 1251
1154 475 1266 1119 864 1311 717 1340 312 787 1322 323 1005 0 1324 1243 890 786 971 1433 635 1164 552 1341 1397 959 1357 742 945 922 868 391
476 1654 254 657 625 299 1896 327 1491 738 286 1502 456 1306 0 473 651 967 803 421 720 737 1731 269 213 657 251 882 685 683 763 1570
750 1573 416 932 544 461 1815 489 1410 657 560 1421 375 1226 473 0 570 888 1077 583 639 1012 1650 491 547 931 525 801 960 602 1037 1489
928 1220 593 1012 48 638 1462 667 1057 304 737 1068 332 873 651 570 0 535 864 760 287 1057 1297 668 725 852 703 448 838 249 761 1136
537 1116 859 501 509 902 1358 787 953 434 705 964 650 768 967 888 535 0 353 833 285 546 1193 776 780 341 739 136 327 568 250 1032
350 1301 695 175 839 738 1543 623 1138 764 541 1149 979 954 803 1077 864 353 0 603 615 463 1378 613 616 258 575 465 220 897 141 1217
342 1764 201 458 735 244 2005 127 1601 847 202 1612 566 1416 421 583 760 833 603 0 830 603 1840 215 271 523 236 945 551 793 629 1680
798 965 663 763 261 708 1207 736 803 186 807 814 401 618 720 639 287 285 615 830 0 808 1042 738 794 603 773 199 589 319 512 881
308 1494 629 388 1032 673 1736 558 1331 957 475 1342 995 1147 737 1012 1057 546 463 603 808 0 1571 547 550 236 510 658 286 1090 343 1410
1546 104 1659 1511 1257 1704 648 1732 525 1179 1715 536 1397 551 1716 1635 1282 1178 1363 1826 1027 1556 0 1734 1790 1351 1749 1134 1337 1315 1260 302
286 1672 109 467 643 152 1913 121 1509 755 95 1520 474 1324 269 491 668 776 613 215 738 547 1749 0 82 467 61 888 495 701 572 1588
289 1728 165 471 699 208 1969 177 1565 812 99 1576 530 1380 213 547 725 780 616 271 794 550 1804 82 0 470 64 892 498 757 576 1644
228 1289 549 308 827 592 1531 477 1126 752 395 1137 914 942 657 931 852 341 258 523 603 236 1366 467 470 0 429 453 81 885 138 1205
248 1687 143 430 677 187 1929 156 1524 790 58 1535 508 1340 251 525 703 739 575 236 773 510 1764 61 64 429 0 851 458 736 535 1603
649 1072 825 613 423 870 1314 898 910 348 817 921 563 725 882 801 448 136 465 945 199 658 1149 888 892 453 851 0 439 481 362 988
233 1275 577 313 813 621 1517 506 1112 738 423 1124 943 928 685 960 838 327 220 551 589 286 1352 495 498 81 458 439 0 871 101 1191
961 1253 626 1045 224 671 1494 699 1090 336 770 1101 364 905 683 602 249 568 897 793 319 1090 1330 701 757 885 736 481 871 0 794 1169
310 1198 655 289 736 698 1440 583 1035 661 501 1046 876 851 763 1037 761 250 141 629 512 343 1275 572 576 138 535 362 101 794 0 1114
1278 419 1390 1243 988 1435 661 1463 256 911 1446 267 1128 283 1447 1366 1013 909 1094 1557 759 1287 496 1465 1521 1082 1480 866 1069 1046 991 0
EOF