NAME : tsp_problem
TYPE : TSP
DIMENSION : 22
EDGE_WEIGHT_TYPE : EXPLICIT
EDGE_WEIGHT_FORMAT : FULL_MATRIX
EDGE_WEIGHT_SECTION
0 1510 1693 1834 1737 1740 1452 1547 420 1489 427 187 1154 466 1049 128 1706 1469 1519 1703 1116 1613
1494 0 994 829 1115 736 969 1063 1604 1005 1611 1434 449 1650 549 1502 701 464 1035 698 425 1130
1677 994 0 411 317 498 431 192 1788 407 1794 1617 780 1833 826 1685 571 643 225 656 866 270
1818 829 411 0 557 334 812 573 1929 788 1936 1759 819 1975 874 1827 407 479 606 492 749 651
1721 1115 317 557 0 619 320 214 1832 451 1838 1661 824 1877 870 1730 692 764 247 777 910 160
1725 736 498 334 619 0 898 659 1835 874 1842 1665 725 1881 780 1733 313 386 693 398 655 737
1436 969 431 812 320 898 0 328 1547 317 1554 1377 539 1593 586 1445 972 973 324 1057 626 188
1531 1063 192 573 214 659 328 0 1642 261 1648 1471 634 1687 680 1539 733 805 90 818 720 167
451 1621 1804 1946 1849 1852 1564 1658 0 1600 265 392 1266 304 1161 460 1817 1580 1630 1814 1228 1725
1473 1005 407 788 451 874 317 261 1583 0 1590 1413 576 1629 622 1481 948 1009 233 1033 662 405
434 1603 1787 1928 1831 1834 1546 1641 272 1582 0 374 1248 287 1143 442 1799 1563 1613 1797 1210 1707
187 1450 1633 1774 1677 1681 1393 1487 361 1429 367 0 1094 406 990 91 1646 1409 1459 1643 1056 1554
1138 449 780 819 824 725 539 634 1249 576 1255 1079 0 1295 194 1147 690 453 606 688 134 700
240 1410 1593 1734 1637 1641 1352 1447 351 1389 357 180 1054 0 950 249 1606 1369 1419 1603 1016 1514
1033 549 826 874 870 780 586 680 1144 622 1151 974 194 1190 0 1042 745 508 652 742 156 747
128 1518 1701 1843 1745 1749 1461 1555 429 1497 435 91 1163 474 1058 0 1714 1477 1527 1711 1125 1622
1690 701 571 407 692 313 972 733 1800 948 1807 1630 690 1846 745 1698 0 351 766 363 621 811
1453 464 643 479 764 386 973 805 1564 1009 1570 1393 453 1609 508 1461 351 0 838 348 384 883
1503 1035 225 606 247 693 324 90 1614 233 1620 1443 606 1659 652 1511 766 838 0 851 692 200
1687 698 656 492 777 398 1057 818 1798 1033 1804 1627 688 1843 742 1695 363 348 851 0 618 896
1100 425 866 749 910 655 626 720 1211 662 1218 1041 134 1257 156 1109 621 384 692 618 0 787
1598 1130 270 651 160 737 188 167 1708 405 1715 1538 700 1754 747 1606 811 883 200 896 787 0
EOF