NAME : tsp_problem
TYPE : TSP
DIMENSION : 59
EDGE_WEIGHT_TYPE : EXPLICIT
EDGE_WEIGHT_FORMAT : FULL_MATRIX
EDGE_WEIGHT_SECTION
0 954 864 721 895 53 556 815 895 688 961 674 785 970 784 587 48 705 666 650 450 273 760 547 836 939 791 555 550 141 955 542 535 897 279 854 766 927 552 492 309 934 901 538 780 880 891 923 278 770 493 531 299 722 940 395 197 334 459
954 0 423 633 303 965 467 375 265 474 288 491 505 207 499 604 960 595 577 516 583 902 403 679 340 104 295 688 683 853 279 628 668 341 720 321 435 372 685 520 938 249 347 671 499 352 177 209 835 439 626 664 1041 390 175 1040 973 776 591
864 423 0 542 603 874 376 82 591 618 357 791 649 438 408 772 869 740 487 684 492 811 703 589 304 407 260 597 592 762 349 774 577 173 629 550 128 149 594 429 848 403 416 580 644 421 360 392 744 132 535 573 984 172 408 950 882 685 500
721 633 542 0 900 732 216 494 873 915 653 1087 946 648 462 1068 727 1037 112 980 350 669 1000 446 514 617 470 455 450 620 645 1070 435 575 487 846 444 605 452 287 705 613 713 438 940 718 570 602 602 448 393 431 842 400 618 807 740 543 358
895 303 603 900 0 906 734 642 69 252 268 249 283 485 766 368 901 373 844 294 849 989 161 946 607 382 562 955 950 856 284 394 934 459 987 99 661 489 952 787 980 528 207 938 277 209 456 487 1101 665 892 931 808 657 453 902 745 1043 858
53 965 874 732 906 0 567 826 905 699 972 685 796 980 794 598 59 716 677 660 460 283 770 557 846 949 802 566 561 151 965 553 545 907 289 864 777 937 563 503 320 945 911 549 790 891 902 934 289 781 504 542 310 732 950 405 208 345 469
556 467 376 216 734 567 0 328 708 749 488 922 780 483 297 903 561 871 161 815 184 504 834 281 349 452 304 290 285 455 480 905 269 410 322 681 279 440 287 122 540 447 547 272 775 552 404 436 436 283 227 266 676 235 453 642 574 378 193
815 375 82 494 642 826 328 0 615 657 395 829 688 390 360 810 821 779 438 722 444 763 742 540 256 359 212 549 544 714 387 812 529 226 581 588 182 202 546 381 799 355 455 532 682 460 312 344 696 186 487 525 935 225 360 901 833 637 452
895 265 591 873 69 905 708 615 0 240 256 257 271 447 739 370 900 361 818 282 823 988 169 920 580 344 535 928 923 856 272 394 908 447 960 87 649 477 925 760 980 489 195 911 265 197 417 449 1075 653 866 904 807 631 415 902 745 1016 831
688 474 618 915 252 699 749 657 240 0 306 274 146 566 781 187 694 154 859 99 864 782 351 961 621 533 577 970 965 649 298 187 949 474 787 198 676 504 967 802 773 592 245 953 141 224 486 517 902 680 907 946 601 672 534 695 538 843 873
961 288 357 653 268 972 488 395 256 306 0 455 337 305 520 436 967 427 598 348 603 923 368 700 360 272 316 709 704 874 37 461 688 213 741 214 415 243 706 541 959 330 79 691 332 110 225 256 855 419 646 685 874 411 273 968 811 797 612
674 491 791 1087 249 685 922 829 257 274 455 0 371 673 954 147 680 291 1032 212 945 768 113 1042 794 569 749 1050 1045 635 471 173 1030 646 773 287 848 677 1047 974 759 715 395 1033 365 397 643 675 888 852 988 1026 587 845 641 681 524 829 953
785 505 649 946 283 796 780 688 271 146 337 371 0 597 812 284 790 134 890 196 896 879 383 992 653 564 608 1001 996 746 330 284 980 505 884 230 707 535 998 833 870 623 277 984 30 256 517 549 998 711 939 977 697 703 565 792 635 940 904
970 207 438 648 485 980 483 390 447 566 305 673 597 0 514 719 975 688 593 631 598 917 585 695 355 191 310 703 698 868 296 721 683 357 736 498 450 387 700 535 954 72 364 686 591 369 194 226 850 454 641 679 1090 406 73 1056 988 791 606
784 499 408 462 766 794 297 360 739 781 520 954 812 514 0 935 789 903 407 846 412 732 866 509 381 483 336 518 513 683 512 936 497 441 550 713 311 471 515 350 768 479 579 500 807 584 436 468 664 315 455 494 904 266 484 870 802 606 421
587 604 772 1068 368 598 903 810 370 187 436 147 284 719 935 0 593 204 1013 125 858 681 233 955 775 683 730 963 958 548 452 86 943 627 686 329 829 658 960 900 672 745 376 946 278 378 639 671 800 833 901 939 500 826 688 594 437 742 866
48 960 869 727 901 59 561 821 900 694 967 680 790 975 789 593 0 711 672 655 455 278 765 552 841 944 797 561 556 146 960 548 540 902 284 859 772 932 558 498 315 940 906 544 785 886 897 929 283 776 498 537 305 727 945 400 203 340 464
705 595 740 1037 373 716 871 779 361 154 427 291 134 688 903 204 711 0 981 116 976 799 377 1073 744 655 699 1081 1076 666 421 205 1061 596 804 320 798 626 1078 924 790 714 367 1064 129 347 608 640 919 802 1019 1057 618 794 656 712 555 860 984
666 577 487 112 844 677 161 438 818 859 598 1032 890 593 407 1013 672 981 0 925 294 614 944 391 459 562 414 400 395 565 590 1015 379 520 432 791 389 550 397 232 650 557 658 383 885 662 514 546 546 393 337 376 786 345 563 752 684 488 303
650 516 684 980 294 660 815 722 282 99 348 212 196 631 846 125 655 116 925 0 920 743 297 1017 687 595 642 1026 1021 611 364 149 1005 539 749 241 741 570 1023 867 735 657 288 1009 190 290 551 583 863 745 963 1002 562 738 600 657 500 805 929
450 583 492 350 849 460 184 444 823 864 603 945 896 598 412 858 455 976 294 920 0 398 949 128 464 567 419 137 132 349 595 813 116 525 216 796 394 555 134 120 434 563 663 120 890 667 520 551 330 398 121 113 570 350 568 536 468 272 87
273 902 811 669 989 283 504 763 988 782 923 768 879 917 732 681 278 799 614 743 398 0 853 495 784 886 739 503 498 172 915 636 483 844 226 947 714 875 500 440 123 882 982 486 873 974 839 871 340 718 441 479 393 669 887 192 291 282 406
760 403 703 1000 161 770 834 742 169 351 368 113 383 585 866 233 765 377 944 297 949 853 0 1046 706 482 662 1055 1050 721 383 259 1034 559 859 199 761 589 1052 887 844 628 307 1038 377 309 556 587 973 765 992 1031 672 757 553 767 609 914 958
547 679 589 446 946 557 281 540 920 961 700 1042 992 695 509 955 552 1073 391 1017 128 495 1046 0 561 664 516 74 42 445 692 910 55 622 313 893 491 652 71 217 531 659 760 59 987 764 616 648 427 495 218 102 667 447 665 633 565 368 184
836 340 304 514 607 846 349 256 580 621 360 794 653 355 381 775 841 744 459 687 464 784 706 561 0 324 82 570 565 734 352 777 549 282 602 553 316 312 566 401 820 320 420 552 647 425 277 308 716 320 507 545 956 272 325 922 854 657 473
939 104 407 617 382 949 452 359 344 533 272 569 564 191 483 683 944 655 562 595 567 886 482 664 324 0 279 672 667 837 264 688 652 326 705 400 419 356 669 504 923 233 331 655 559 336 161 193 819 423 610 648 1059 375 159 1025 957 760 575
791 295 260 470 562 802 304 212 535 577 316 749 608 310 336 730 797 699 414 642 419 739 662 516 82 279 0 525 520 690 308 732 504 237 557 509 271 267 522 357 775 275 375 508 603 380 232 264 671 275 462 501 911 227 280 877 809 613 428
555 688 597 455 955 566 290 549 928 970 709 1050 1001 703 518 963 561 1081 400 1026 137 503 1055 74 570 672 525 0 77 454 701 919 91 630 321 902 500 661 28 226 539 668 768 94 996 773 625 657 436 504 227 137 676 455 673 641 574 377 192
550 683 592 450 950 561 285 544 923 965 704 1045 996 698 513 958 556 1076 395 1021 132 498 1050 42 565 667 520 77 0 449 696 914 59 625 316 897 495 655 74 221 534 663 763 62 991 768 620 652 431 499 222 106 671 450 668 636 569 372 187
141 853 762 620 856 151 455 714 856 649 874 635 746 868 683 548 146 666 565 611 349 172 721 445 734 837 690 454 449 0 866 504 434 795 177 815 665 825 451 391 208 833 862 437 741 842 790 822 291 669 392 430 261 620 838 301 159 233 357
955 279 349 645 284 965 480 387 272 298 37 471 330 296 512 452 960 421 590 364 595 915 383 692 352 264 308 701 696 866 0 454 680 204 733 230 406 235 698 533 951 322 97 683 324 102 216 248 847 411 638 677 867 403 265 962 804 789 604
542 628 774 1070 394 553 905 812 394 187 461 173 284 721 936 86 548 205 1015 149 813 636 259 910 777 688 732 919 914 504 454 0 898 629 642 353 831 659 915 855 627 747 400 901 279 380 641 673 756 835 856 894 455 828 689 549 392 697 822
535 668 577 435 934 545 269 529 908 949 688 1030 980 683 497 943 540 1061 379 1005 116 483 1034 55 549 652 504 91 59 434 680 898 0 610 301 881 479 640 88 205 519 648 748 47 975 752 605 636 415 483 206 90 655 435 653 621 553 357 172
897 341 173 575 459 907 410 226 447 474 213 646 505 357 441 627 902 596 520 539 525 844 559 622 282 326 237 630 625 795 204 629 610 0 663 406 231 59 627 462 881 321 272 613 499 277 278 310 777 235 568 606 1017 274 327 983 915 718 533
279 720 629 487 987 289 322 581 960 787 741 773 884 736 550 686 284 804 432 749 216 226 859 313 602 705 557 321 316 177 733 642 301 663 0 934 532 693 318 258 263 700 800 304 879 805 657 689 159 536 259 297 399 488 706 365 297 100 224
854 321 550 846 99 864 681 588 87 198 214 287 230 498 713 329 859 320 791 241 796 947 199 893 553 400 509 902 897 815 230 353 881 406 934 0 608 436 899 734 939 523 154 884 224 156 418 449 1048 612 839 878 766 604 466 861 704 990 805
766 435 128 444 661 777 279 182 649 676 415 848 707 450 311 829 772 798 389 741 394 714 761 491 316 419 271 500 495 665 406 831 479 231 532 608 0 207 497 332 750 415 474 482 701 479 372 403 646 31 437 476 886 71 420 852 784 588 403
927 372 149 605 489 937 440 202 477 504 243 677 535 387 471 658 932 626 550 570 555 875 589 652 312 356 267 661 655 825 235 659 640 59 693 436 207 0 657 492 911 352 302 643 530 307 309 340 807 211 598 636 1047 250 357 1013 945 748 564
552 685 594 452 952 563 287 546 925 967 706 1047 998 700 515 960 558 1078 397 1023 134 500 1052 71 566 669 522 28 74 451 698 915 88 627 318 899 497 657 0 223 536 665 765 91 993 770 622 654 433 501 224 134 672 452 670 638 571 374 189
492 520 429 287 787 503 122 381 760 802 541 974 833 535 350 900 498 924 232 867 120 440 887 217 401 504 357 226 221 391 533 855 205 462 258 734 332 492 223 0 476 500 600 209 828 605 457 489 372 336 163 202 612 287 505 578 510 314 129
309 938 848 705 980 320 540 799 980 773 959 759 870 954 768 672 315 790 650 735 434 123 844 531 820 923 775 539 534 208 951 627 519 881 263 939 750 911 536 476 0 918 986 522 864 965 875 907 377 754 477 515 429 706 924 124 327 318 442
934 249 403 613 528 945 447 355 489 592 330 715 623 72 479 745 940 714 557 657 563 882 628 659 320 233 275 668 663 833 322 747 648 321 700 523 415 352 665 500 918 0 390 651 617 395 237 269 815 419 606 644 1054 370 116 1020 952 756 571
901 347 416 713 207 911 547 455 195 245 79 395 277 364 579 376 906 367 658 288 663 982 307 760 420 331 375 768 763 862 97 400 748 272 800 154 474 302 765 600 986 390 0 751 271 169 284 316 915 478 706 744 813 470 332 908 751 856 671
538 671 580 438 938 549 272 532 911 953 691 1033 984 686 500 946 544 1064 383 1009 120 486 1038 59 552 655 508 94 62 437 683 901 47 613 304 884 482 643 91 209 522 651 751 0 978 756 608 640 418 486 209 93 658 438 656 624 556 360 175
780 499 644 940 277 790 775 682 265 141 332 365 30 591 807 278 785 129 885 190 890 873 377 987 647 559 603 996 991 741 324 279 975 499 879 224 701 530 993 828 864 617 271 978 0 250 511 543 993 705 933 972 692 698 560 787 629 934 899
880 352 421 718 209 891 552 460 197 224 110 397 256 369 584 378 886 347 662 290 667 974 309 764 425 336 380 773 768 842 102 380 752 277 805 156 479 307 770 605 965 395 169 756 250 0 289 321 919 483 711 749 793 475 337 887 730 861 676
891 177 360 570 456 902 404 312 417 486 225 643 517 194 436 639 897 608 514 551 520 839 556 616 277 161 232 625 620 790 216 641 605 278 657 418 372 309 622 457 875 237 284 608 511 289 0 52 772 376 563 601 1011 327 163 977 910 713 528
923 209 392 602 487 934 436 344 449 517 256 675 549 226 468 671 929 640 546 583 551 871 587 648 308 193 264 657 652 822 248 673 636 310 689 449 403 340 654 489 907 269 316 640 543 321 52 0 803 408 594 633 1043 359 194 1009 941 745 560
278 835 744 602 1101 289 436 696 1075 902 855 888 998 850 664 800 283 919 546 863 330 340 973 427 716 819 671 436 431 291 847 756 415 777 159 1048 646 807 433 372 377 815 915 418 993 919 772 803 0 650 373 412 513 602 820 479 411 214 339
770 439 132 448 665 781 283 186 653 680 419 852 711 454 315 833 776 802 393 745 398 718 765 495 320 423 275 504 499 669 411 835 483 235 536 612 31 211 501 336 754 419 478 486 705 483 376 408 650 0 441 480 890 75 424 856 788 592 407
493 626 535 393 892 504 227 487 866 907 646 988 939 641 455 901 498 1019 337 963 121 441 992 218 507 610 462 227 222 392 638 856 206 568 259 839 437 598 224 163 477 606 706 209 933 711 563 594 373 441 0 203 613 393 611 579 511 315 61
531 664 573 431 931 542 266 525 904 946 685 1026 977 679 494 939 537 1057 376 1002 113 479 1031 102 545 648 501 137 106 430 677 894 90 606 297 878 476 636 134 202 515 644 744 93 972 749 601 633 412 480 203 0 651 431 649 617 550 353 168
299 1041 984 842 808 310 676 935 807 601 874 587 697 1090 904 500 305 618 786 562 570 393 672 667 956 1059 911 676 671 261 867 455 655 1017 399 766 886 1047 672 612 429 1054 813 658 692 793 1011 1043 513 890 613 651 0 842 1060 356 149 454 579
722 390 172 400 657 732 235 225 631 672 411 845 703 406 266 826 727 794 345 738 350 669 757 447 272 375 227 455 450 620 403 828 435 274 488 604 71 250 452 287 706 370 470 438 698 475 327 359 602 75 393 431 842 0 376 808 740 543 358
940 175 408 618 453 950 453 360 415 534 273 641 565 73 484 688 945 656 563 600 568 887 553 665 325 159 280 673 668 838 265 689 653 327 706 466 420 357 670 505 924 116 332 656 560 337 163 194 820 424 611 649 1060 376 0 1026 958 761 576
395 1040 950 807 902 405 642 901 902 695 968 681 792 1056 870 594 400 712 752 657 536 192 767 633 922 1025 877 641 636 301 962 549 621 983 365 861 852 1013 638 578 124 1020 908 624 787 887 977 1009 479 856 579 617 356 808 1026 0 254 420 545
197 973 882 740 745 208 574 833 745 538 811 524 635 988 802 437 203 555 684 500 468 291 609 565 854 957 809 574 569 159 804 392 553 915 297 704 784 945 571 510 327 952 751 556 629 730 910 941 411 788 511 550 149 740 958 254 0 352 477
334 776 685 543 1043 345 378 637 1016 843 797 829 940 791 606 742 340 860 488 805 272 282 914 368 657 760 613 377 372 233 789 697 357 718 100 990 588 748 374 314 318 756 856 360 934 861 713 745 214 592 315 353 454 543 761 420 352 0 280
459 591 500 358 858 469 193 452 831 873 612 953 904 606 421 866 464 984 303 929 87 406 958 184 473 575 428 192 187 357 604 822 172 533 224 805 403 564 189 129 442 571 671 175 899 676 528 560 339 407 61 168 579 358 576 545 477 280 0
EOF
