NAME : tsp_problem
TYPE : TSP
DIMENSION : 56
EDGE_WEIGHT_TYPE : EXPLICIT
EDGE_WEIGHT_FORMAT : FULL_MATRIX
EDGE_WEIGHT_SECTION
0 1892 1931 566 427 466 615 279 584 562 295 503 640 1107 775 382 400 665 378 579 1709 1601 548 1777 239 707 498 380 660 408 461 700 339 1708 971 878 1977 553 1971 1692 318 1040 1711 596 541 1044 1941 695 1630 1050 293 334 1545 642 1572 685
1619 0 463 1111 1550 1478 1075 1402 1244 1112 1397 1360 1038 865 904 1317 1412 1226 1446 1239 241 99 1104 309 1436 977 1191 1301 1125 1258 1473 1072 1342 206 997 922 509 1125 503 224 1445 837 243 1344 1142 842 473 1067 162 848 1419 1318 288 1081 315 998
1947 451 0 1440 1878 1806 1403 1730 1572 1440 1725 1688 1366 1193 1233 1645 1740 1554 1774 1567 301 427 1432 323 1765 1305 1519 1629 1453 1586 1802 1400 1670 534 1325 1250 184 1453 177 553 1773 1165 571 1672 1470 1170 147 1396 490 1176 1747 1646 616 1409 643 1326
566 1385 1424 0 488 600 305 314 794 773 309 714 97 626 834 229 611 312 589 790 1201 1094 758 1270 349 164 258 213 228 193 605 175 254 1201 807 354 1470 37 1464 1185 411 515 1204 806 54 520 1434 171 1122 526 438 545 1037 852 1065 228
427 1823 1862 488 0 142 669 494 515 493 510 434 562 1038 706 299 202 583 313 510 1640 1532 479 1708 453 628 552 298 578 325 147 617 548 1639 901 796 1908 474 1902 1623 135 957 1642 527 462 962 1872 613 1561 968 162 269 1476 573 1503 693
466 1752 1790 600 142 0 781 533 443 421 549 363 674 967 634 411 92 695 293 438 1568 1461 407 1636 493 740 664 410 690 437 37 729 593 1567 830 908 1837 586 1830 1552 247 946 1571 455 574 950 1800 725 1489 957 267 194 1404 501 1431 805
615 1348 1387 305 669 781 0 363 975 953 357 895 231 589 797 410 792 443 770 971 1165 1058 939 1233 397 169 143 394 343 374 786 290 302 1164 770 317 1433 319 1427 1149 592 479 1168 987 336 483 1397 285 1086 489 619 726 1001 974 1028 97
279 1675 1714 314 494 533 363 0 650 629 42 570 387 916 841 349 467 432 445 646 1492 1384 614 1560 61 454 245 333 427 313 528 466 86 1491 1037 644 1760 300 1754 1475 385 806 1494 662 288 810 1724 461 1413 816 359 401 1328 708 1355 432
584 1517 1556 794 515 443 975 650 0 187 667 324 868 732 400 605 377 889 411 47 1334 1226 173 1402 610 935 858 604 884 632 438 924 710 1333 596 840 1602 781 1596 1317 409 712 1336 308 769 716 1566 919 1255 722 384 282 1170 267 1197 999
562 1385 1424 773 493 421 953 629 187 0 645 303 846 600 268 584 355 867 389 182 1202 1094 53 1270 588 907 836 582 863 610 417 902 689 1201 463 707 1470 759 1464 1185 388 580 1204 287 747 584 1434 897 1123 590 362 261 1038 135 1065 928
295 1670 1709 309 510 549 357 42 667 645 0 586 382 911 858 344 483 427 461 662 1487 1379 631 1555 77 449 240 328 422 308 544 461 81 1486 1053 639 1755 295 1749 1470 401 801 1489 679 283 805 1719 456 1407 811 375 417 1323 725 1350 427
503 1633 1672 714 434 363 895 570 324 303 586 0 787 848 515 525 297 809 330 320 1449 1342 288 1518 530 854 778 523 804 551 358 843 630 1449 711 955 1718 700 1712 1433 329 828 1452 336 688 832 1682 838 1370 838 304 202 1285 383 1313 918
640 1311 1350 97 562 674 231 387 868 846 382 787 0 552 760 302 684 255 662 863 1128 1020 832 1196 422 90 331 287 155 266 678 102 327 1127 733 280 1396 111 1390 1111 484 442 1130 880 128 446 1360 97 1049 452 511 619 964 926 991 154
1107 1138 1177 626 1038 967 589 916 732 600 911 848 552 0 393 831 901 740 934 728 954 847 592 1023 951 491 705 815 639 772 962 586 856 954 366 292 1223 639 1217 938 933 164 957 832 656 169 1187 582 875 175 908 806 790 569 818 512
775 1178 1217 834 706 634 797 841 400 268 858 515 760 393 0 797 568 948 602 395 994 887 260 1063 801 699 913 795 848 823 629 795 901 994 238 500 1263 848 1257 978 601 372 997 499 865 377 1226 790 915 383 575 473 830 237 857 720
382 1590 1629 229 299 411 410 349 605 584 344 525 302 831 797 0 422 347 400 601 1406 1299 569 1475 383 369 292 45 342 167 416 380 288 1406 992 559 1675 215 1669 1390 222 721 1409 617 203 725 1639 376 1327 731 249 356 1242 664 1270 433
400 1686 1725 611 202 92 792 467 377 355 483 297 684 901 568 422 0 706 227 373 1502 1395 341 1570 427 751 675 420 701 448 87 740 527 1502 764 919 1771 597 1765 1486 226 880 1505 389 585 885 1734 735 1423 891 201 128 1338 435 1365 815
665 1499 1538 312 583 695 443 432 889 867 427 809 255 740 948 347 706 0 683 884 1316 1208 853 1384 467 302 376 331 133 287 700 192 372 1315 921 468 1584 298 1578 1299 506 630 1318 901 286 634 1548 196 1236 640 532 640 1152 947 1179 366
378 1719 1758 589 313 293 770 445 411 389 461 330 662 934 602 400 227 683 0 406 1536 1428 375 1604 405 729 653 398 679 426 288 718 505 1535 797 896 1804 575 1798 1519 204 914 1538 422 563 918 1768 713 1456 924 179 161 1372 469 1399 793
579 1513 1551 790 510 438 971 646 47 182 662 320 863 728 395 601 373 884 406 0 1329 1222 168 1397 606 930 854 599 880 627 434 919 706 1329 591 835 1598 776 1592 1313 405 707 1332 304 764 711 1561 914 1250 718 380 278 1165 262 1192 994
1756 260 240 1249 1687 1616 1212 1539 1381 1249 1534 1497 1175 1002 1042 1454 1550 1363 1583 1377 0 236 1241 132 1574 1114 1328 1439 1263 1396 1611 1210 1479 343 1134 1059 286 1263 280 362 1582 975 381 1481 1280 979 250 1205 299 985 1557 1455 425 1218 453 1135
1555 571 610 1047 1486 1414 1011 1338 1180 1048 1333 1295 974 800 840 1252 1348 1162 1382 1175 388 0 1040 456 1372 913 1126 1237 1061 1194 1409 1008 1277 141 932 858 656 1061 650 371 1380 773 390 1279 1078 777 620 1003 309 784 1355 1253 224 1017 251 934
548 1377 1416 758 479 407 939 614 173 53 631 288 832 592 260 569 341 853 375 168 1194 1086 0 1262 574 899 822 568 848 596 402 887 674 1193 456 700 1462 745 1456 1177 373 572 1196 272 733 576 1426 883 1115 582 348 246 1030 127 1057 920
1762 266 325 1255 1693 1622 1218 1545 1387 1255 1540 1503 1181 1008 1048 1460 1556 1369 1589 1383 116 242 1247 0 1580 1120 1334 1444 1268 1401 1617 1215 1485 349 1140 1065 371 1268 365 368 1588 981 387 1487 1285 985 335 1211 305 991 1563 1461 431 1224 458 1141
239 1710 1749 349 453 493 397 61 610 588 77 530 422 951 801 383 427 467 405 606 1526 1419 574 1595 0 489 280 368 462 347 488 500 121 1526 997 679 1795 335 1789 1510 344 840 1529 622 323 845 1758 496 1447 851 319 361 1362 668 1390 467
707 1250 1289 164 628 740 169 454 935 907 449 854 90 491 699 369 751 302 729 930 1067 959 899 1135 489 0 284 354 201 333 745 148 394 1066 672 219 1335 178 1329 1051 551 381 1069 947 195 385 1299 144 988 391 578 686 903 876 930 92
498 1464 1503 258 552 664 143 245 858 836 240 778 331 705 913 292 675 376 653 854 1280 1173 822 1349 280 284 0 277 371 257 669 405 185 1280 886 433 1549 244 1543 1264 475 595 1283 870 232 599 1513 401 1201 605 501 609 1116 916 1144 213
380 1575 1613 213 298 410 394 333 604 582 328 523 287 815 795 45 420 331 398 599 1391 1284 568 1459 368 354 277 0 327 165 414 365 273 1390 991 543 1660 200 1653 1375 220 705 1394 616 188 709 1623 360 1312 715 247 355 1227 662 1254 418
660 1399 1437 228 578 690 343 427 884 863 422 804 155 639 848 342 701 133 679 880 1215 1108 848 1283 462 201 371 327 0 283 695 84 367 1214 821 367 1484 242 1477 1199 501 529 1218 896 259 533 1447 88 1136 539 528 635 1051 942 1078 266
408 1532 1570 193 325 437 374 313 632 610 308 551 266 772 823 167 448 287 426 627 1348 1241 596 1416 347 333 257 165 283 0 442 322 253 1347 954 500 1617 179 1610 1332 248 662 1351 643 167 666 1580 317 1269 672 275 382 1184 690 1211 397
461 1747 1786 605 147 37 786 528 438 417 544 358 678 962 629 416 87 700 288 434 1563 1456 402 1632 488 745 669 414 695 442 0 734 588 1563 825 912 1832 591 1826 1547 252 942 1566 450 579 946 1795 729 1484 952 262 189 1399 496 1427 809
700 1346 1384 175 617 729 290 466 924 902 461 843 102 586 795 380 740 192 718 919 1162 1055 887 1230 500 148 405 365 84 322 734 0 405 1161 768 314 1431 189 1424 1146 540 476 1165 935 206 480 1394 47 1083 486 567 674 998 971 1025 213
339 1615 1654 254 548 593 302 86 710 689 81 630 327 856 901 288 527 372 505 706 1431 1324 674 1500 121 394 185 273 367 253 588 405 0 1431 1037 584 1700 240 1694 1415 444 746 1434 722 228 750 1664 401 1352 756 419 461 1267 768 1295 372
1486 503 542 979 1417 1346 942 1269 1111 979 1264 1227 905 732 772 1184 1280 1093 1313 1107 319 212 971 387 1304 844 1058 1168 992 1125 1341 939 1209 0 864 789 588 992 582 303 1312 705 322 1211 1009 709 551 935 240 715 1287 1185 155 948 182 865
971 1270 1309 807 901 830 770 1037 596 463 1053 711 733 366 238 992 764 921 797 591 1086 979 456 1155 997 672 886 991 821 954 825 768 1037 1086 0 473 1355 821 1349 1070 796 346 1089 695 838 350 1319 763 1007 356 771 669 922 432 950 693
878 1195 1234 354 796 908 317 644 840 707 639 955 280 292 500 559 919 468 896 835 1012 905 700 1080 679 219 433 543 367 500 912 314 584 1011 473 0 1280 367 1274 996 719 182 1015 939 384 186 1244 310 933 192 745 853 848 676 875 240
1993 497 184 1486 1924 1853 1449 1776 1618 1486 1771 1734 1412 1239 1279 1691 1787 1600 1820 1614 347 473 1478 369 1811 1351 1565 1676 1499 1632 1848 1446 1716 580 1371 1296 0 1499 74 599 1819 1212 618 1718 1516 1216 74 1442 536 1222 1794 1692 662 1455 689 1372
553 1399 1437 37 474 586 319 300 781 759 295 700 111 639 848 215 597 298 575 776 1215 1108 745 1283 335 178 244 200 242 179 591 189 240 1214 821 367 1484 0 1477 1199 397 529 1218 793 58 533 1447 184 1136 539 424 531 1051 839 1078 242
1987 491 177 1480 1918 1846 1443 1770 1612 1480 1765 1728 1406 1233 1273 1685 1780 1594 1814 1607 341 467 1472 363 1805 1345 1559 1669 1493 1626 1842 1440 1710 574 1365 1290 74 1493 0 593 1813 1206 612 1712 1510 1210 68 1436 530 1216 1787 1686 656 1449 683 1366
1711 482 520 1203 1641 1570 1167 1493 1335 1203 1488 1451 1129 956 996 1408 1504 1317 1537 1331 298 191 1196 366 1528 1069 1282 1393 1217 1350 1565 1164 1433 297 1088 1014 567 1217 560 0 1536 929 214 1435 1234 933 530 1159 133 939 1511 1409 380 1172 407 1090
318 1718 1757 411 135 247 592 385 409 388 401 329 484 933 601 222 226 506 204 405 1534 1427 373 1603 344 551 475 220 501 248 252 540 444 1534 796 719 1803 397 1797 1518 0 880 1537 421 385 884 1767 535 1455 890 53 160 1370 468 1398 615
1040 1111 1150 515 957 946 479 806 712 580 801 828 442 164 372 721 880 630 914 707 927 820 572 996 840 381 595 705 529 662 942 476 746 927 346 182 1196 529 1190 911 880 0 930 812 546 42 1159 471 848 36 887 786 763 549 790 402
1729 501 539 1222 1660 1589 1186 1512 1354 1222 1507 1470 1148 975 1015 1427 1523 1336 1556 1350 317 210 1214 385 1547 1088 1301 1412 1236 1369 1584 1183 1452 316 1107 1033 585 1236 579 214 1555 948 0 1454 1253 952 549 1178 122 958 1530 1428 399 1191 426 1109
596 1617 1656 806 527 455 987 662 308 287 679 336 880 832 499 617 389 901 422 304 1433 1326 272 1502 622 947 870 616 896 643 450 935 722 1433 695 939 1702 793 1696 1417 421 812 1436 0 780 816 1666 931 1354 822 396 294 1269 367 1297 1011
541 1416 1454 54 462 574 336 288 769 747 283 688 128 656 865 203 585 286 563 764 1232 1125 733 1300 323 195 232 188 259 167 579 206 228 1231 838 384 1501 58 1494 1216 385 546 1235 780 0 550 1464 201 1153 556 412 519 1068 827 1095 259
1044 1115 1154 520 962 950 483 810 716 584 805 832 446 169 377 725 885 634 918 711 931 824 576 1000 845 385 599 709 533 666 946 480 750 931 350 186 1200 533 1194 915 884 42 934 816 550 0 1164 476 852 26 892 790 767 553 795 406
1957 461 147 1449 1888 1816 1413 1740 1582 1450 1735 1697 1376 1202 1242 1654 1750 1564 1784 1577 311 437 1442 332 1774 1315 1528 1639 1463 1596 1811 1410 1679 543 1334 1260 74 1463 68 562 1782 1175 581 1681 1480 1179 0 1405 499 1185 1757 1655 626 1419 653 1336
695 1341 1380 171 613 725 285 461 919 897 456 838 97 582 790 376 735 196 713 914 1157 1050 883 1226 496 144 401 360 88 317 729 47 401 1157 763 310 1426 184 1420 1141 535 471 1160 931 201 476 1389 0 1078 482 562 670 993 966 1021 208
1648 419 457 1140 1579 1507 1104 1431 1273 1141 1426 1388 1067 893 933 1345 1441 1255 1475 1268 235 128 1133 303 1465 1006 1219 1330 1154 1287 1502 1101 1370 234 1025 951 504 1154 497 133 1473 866 122 1372 1171 870 467 1096 0 876 1448 1346 317 1110 344 1027
1050 1121 1160 526 968 957 489 816 722 590 811 838 452 175 383 731 891 640 924 718 938 830 582 1006 851 391 605 715 539 672 952 486 756 937 356 192 1206 539 1200 921 890 36 940 822 556 26 1170 482 858 0 898 796 774 559 801 412
293 1693 1732 438 162 267 619 359 384 362 375 304 511 908 575 249 201 532 179 380 1509 1402 348 1577 319 578 501 247 528 275 262 567 419 1509 771 745 1778 424 1772 1493 53 887 1512 396 412 892 1741 562 1430 898 0 135 1345 442 1372 642
334 1591 1630 545 269 194 726 401 282 261 417 202 619 806 473 356 128 640 161 278 1407 1300 246 1476 361 686 609 355 635 382 189 674 461 1407 669 853 1676 531 1670 1391 160 786 1410 294 519 790 1640 670 1328 796 135 0 1243 341 1271 750
1562 547 586 1054 1493 1421 1018 1345 1187 1055 1340 1302 981 808 847 1260 1355 1169 1389 1182 363 256 1047 432 1379 920 1134 1244 1068 1201 1416 1015 1285 363 940 865 632 1068 626 347 1388 780 366 1286 1085 784 595 1010 284 791 1362 1260 0 1024 60 941
642 1354 1393 852 573 501 974 708 267 135 725 383 926 569 237 664 435 947 469 262 1171 1063 127 1239 668 876 916 662 942 690 496 971 768 1170 432 676 1439 839 1433 1154 468 549 1173 367 827 553 1403 966 1091 559 442 341 1007 0 1034 897
1589 574 613 1082 1520 1448 1045 1372 1214 1082 1367 1330 1008 835 875 1287 1382 1196 1416 1209 391 283 1074 459 1407 947 1161 1271 1095 1228 1444 1042 1312 390 967 892 659 1095 653 374 1415 808 393 1314 1112 812 623 1038 311 818 1389 1288 60 1051 0 968
685 1271 1310 228 693 805 97 432 999 928 427 918 154 512 720 433 815 366 793 994 1088 981 920 1156 467 92 213 418 266 397 809 213 372 1087 693 240 1356 242 1350 1072 615 402 1091 1011 259 406 1320 208 1009 412 642 750 924 897 951 0
EOF