NAME : tsp_problem
TYPE : TSP
DIMENSION : 72
EDGE_WEIGHT_TYPE : EXPLICIT
EDGE_WEIGHT_FORMAT : FULL_MATRIX
EDGE_WEIGHT_SECTION
0 861 959 675 413 524 334 239 626 854 553 47 949 282 500 928 267 1026 905 1049 769 887 717 561 656 225 915 619 41 617 211 810 900 169 715 323 716 822 177 302 557 644 834 702 547 666 835 185 262 688 528 766 185 904 158 415 909 565 505 214 642 642 746 231 787 938 950 652 653 555 867 791
861 0 568 470 990 953 853 1023 303 685 715 849 390 894 929 537 932 513 736 536 795 718 743 989 682 700 402 829 844 855 1002 397 342 972 742 1088 743 71 980 777 440 827 130 240 913 740 50 988 927 483 894 208 988 346 760 849 350 994 388 1017 668 824 772 833 501 425 559 679 680 438 476 505
959 568 0 690 714 677 1074 746 651 408 438 947 423 999 653 136 1007 546 459 569 519 441 467 712 406 965 434 552 941 579 951 552 374 909 465 811 466 562 917 1042 662 550 495 459 636 463 542 796 1002 703 618 428 796 378 1025 572 383 717 653 939 392 547 496 1098 224 458 129 402 403 660 199 228
675 470 690 0 1030 1075 667 856 323 807 837 663 512 708 1051 659 746 590 857 613 917 840 865 1111 804 514 478 951 657 977 816 373 463 786 864 940 865 436 793 590 210 949 398 265 1035 862 444 802 741 72 1016 330 802 468 574 971 472 1116 202 830 790 946 894 647 623 502 681 801 801 209 598 627
413 990 714 1030 0 202 396 349 981 609 308 401 845 477 228 683 329 968 660 991 524 642 472 239 411 580 857 503 395 372 273 974 796 302 470 121 471 984 310 538 912 399 918 882 295 421 964 380 324 1042 281 850 379 801 513 307 805 242 860 250 397 397 501 586 542 880 705 407 408 910 622 546
524 953 677 1075 202 0 574 312 1036 572 271 512 808 564 191 646 507 931 623 954 487 605 435 83 374 691 820 466 506 335 451 937 759 475 433 299 434 947 482 715 1000 362 881 845 139 385 927 362 501 1088 197 813 362 764 601 270 768 87 948 427 360 360 464 674 505 843 668 370 371 999 585 509
334 853 1074 667 396 574 0 355 618 970 669 323 941 398 601 1043 105 1018 1021 1041 884 1003 832 611 771 215 907 735 317 733 175 802 892 224 831 307 832 814 231 167 549 760 826 694 662 782 827 301 99 680 644 758 301 896 301 530 901 614 497 197 757 757 861 374 902 930 1065 768 768 547 982 906
239 1023 746 856 349 312 355 0 807 642 341 227 878 303 288 715 287 1001 693 1024 556 675 504 349 443 406 889 407 221 405 231 990 829 190 503 343 504 1003 197 483 738 432 951 883 334 454 997 75 282 869 316 883 75 833 339 202 838 352 686 234 429 429 533 412 574 913 737 440 440 736 654 578
626 303 651 323 981 1036 618 807 0 768 798 614 473 659 1012 620 697 596 818 619 878 801 826 1072 765 465 485 912 609 938 767 453 424 737 825 891 826 264 745 542 205 910 356 221 996 822 277 753 692 336 977 291 753 428 525 932 433 1077 153 782 751 907 855 598 584 508 642 762 762 203 559 588
854 685 408 807 609 572 970 642 768 0 334 843 540 895 548 377 903 663 107 686 414 118 362 608 301 1021 551 448 837 474 847 669 491 805 361 707 362 679 812 1098 779 446 613 576 532 359 659 692 897 820 513 545 692 495 932 468 500 613 770 835 287 443 391 1004 236 575 399 298 299 777 316 240
553 715 438 837 308 271 669 341 798 334 0 542 570 594 247 408 602 693 385 716 248 367 197 307 135 720 582 235 536 173 546 699 521 504 195 406 196 709 511 797 809 145 643 607 231 146 689 391 596 850 212 575 391 525 631 167 530 312 801 534 122 142 226 703 267 605 429 132 133 807 347 271
47 849 947 663 401 512 323 227 614 843 542 0 937 271 488 916 255 1014 893 1037 757 876 705 550 644 214 903 607 29 605 199 798 888 157 703 311 705 810 165 290 545 633 822 690 535 655 823 174 250 676 516 754 173 892 146 403 897 553 494 202 630 630 734 219 775 927 938 640 641 544 855 779
949 390 423 512 845 808 941 878 473 540 570 937 0 981 784 392 1020 368 590 391 650 573 598 844 537 788 257 684 931 710 1082 374 89 1041 597 942 598 384 1048 864 484 682 318 282 768 594 364 928 1014 525 749 250 928 93 848 704 98 849 476 1070 523 679 627 920 356 280 414 534 534 483 331 360
282 894 999 708 477 564 398 303 659 895 594 271 981 0 540 968 331 1059 945 1082 809 928 757 602 696 282 948 659 265 658 275 842 933 233 756 387 757 855 240 358 590 685 867 735 587 707 868 249 325 721 568 799 249 937 180 455 941 605 538 277 682 682 786 146 827 971 990 692 693 588 907 831
500 929 653 1051 228 191 601 288 1012 548 247 488 784 540 0 622 533 907 599 930 463 582 411 229 350 667 796 442 482 311 477 913 736 451 409 326 410 924 458 742 976 339 857 821 239 361 903 338 528 1064 220 789 338 740 577 246 744 232 925 454 336 336 440 650 481 819 644 346 347 975 561 485
928 537 136 659 683 646 1043 715 620 377 408 916 392 968 622 0 976 515 428 538 488 410 436 681 375 934 403 521 910 548 920 521 343 878 434 780 435 531 886 1011 631 519 465 429 606 432 511 766 971 672 587 397 765 347 994 542 352 686 622 908 361 517 465 1067 193 427 65 371 372 629 168 197
267 932 1007 746 329 507 105 287 697 903 602 255 1020 331 533 976 0 1097 954 1120 817 936 765 544 704 295 986 667 250 666 107 881 971 157 764 239 765 893 164 247 628 693 905 773 595 715 906 234 32 759 576 837 234 975 367 463 980 547 577 130 690 690 794 440 835 1010 998 700 701 627 915 839
1026 513 546 590 968 931 1018 1001 596 663 693 1014 368 1059 907 515 1097 0 713 72 773 696 721 967 660 865 142 807 1009 833 1167 298 319 1137 720 1065 721 507 1145 942 562 805 441 405 891 717 487 1051 1092 603 872 373 1051 323 925 827 328 972 553 1182 646 802 750 998 479 127 537 657 657 560 454 483
905 736 459 857 660 623 1021 693 818 107 385 893 590 945 599 428 954 713 0 736 465 55 413 659 352 1072 602 498 887 525 897 720 542 856 412 757 413 730 863 1149 829 497 663 627 583 409 709 743 948 870 564 595 743 546 982 519 550 664 821 885 338 494 442 1055 287 626 450 348 349 828 367 291
1049 536 569 613 991 954 1041 1024 619 686 716 1037 391 1082 930 538 1120 72 736 0 796 719 744 990 683 888 165 829 1032 856 1190 321 342 1160 743 1088 744 530 1168 965 584 827 464 428 914 740 510 1074 1115 626 895 396 1074 346 948 850 351 995 576 1205 669 825 773 1021 502 138 560 679 680 583 477 505
769 795 519 917 524 487 884 556 878 414 248 757 650 809 463 488 817 773 465 796 0 447 103 522 144 936 662 362 751 389 761 779 601 719 90 621 109 789 727 1012 889 360 723 687 446 273 769 606 812 930 428 655 606 606 846 382 610 527 881 749 152 358 73 919 347 685 510 140 141 888 427 351
887 718 441 840 642 605 1003 675 801 118 367 876 573 928 582 410 936 696 55 719 447 0 395 641 334 1054 584 481 870 507 880 702 524 838 394 740 395 712 845 1131 812 479 646 609 565 392 692 725 930 853 547 578 725 528 965 501 533 646 803 868 321 476 425 1038 269 608 432 331 332 810 349 273
717 743 467 865 472 435 832 504 826 362 197 705 598 757 411 436 765 721 413 744 103 395 0 470 104 884 610 310 699 337 709 727 549 667 50 569 41 737 675 960 837 308 671 635 394 221 717 554 760 878 376 603 554 554 794 331 558 475 829 697 112 306 81 867 295 633 458 100 101 836 375 299
561 989 712 1111 239 83 611 349 1072 608 307 550 844 602 229 681 544 967 659 990 522 641 470 0 409 728 855 502 544 371 488 973 795 512 469 336 470 983 519 753 1037 398 917 881 101 420 963 399 539 1124 158 849 399 799 639 306 804 124 986 464 395 396 499 711 541 879 703 406 407 1036 620 544
656 682 406 804 411 374 771 443 765 301 135 644 537 696 350 375 704 660 352 683 144 334 104 409 0 823 549 249 638 276 648 666 488 606 91 508 109 676 614 899 776 247 610 574 333 160 656 493 699 817 315 542 493 493 733 270 497 414 768 636 39 245 121 806 234 572 397 27 28 775 314 238
225 700 965 514 580 691 215 406 465 1021 720 214 788 282 667 934 295 865 1072 888 936 1054 884 728 823 0 754 786 208 784 364 649 739 336 882 490 883 661 344 139 396 811 673 541 714 833 674 352 289 527 695 605 352 743 148 582 748 732 344 381 809 809 913 221 898 777 956 819 820 394 873 902
915 402 434 478 857 820 907 889 485 551 582 903 257 948 796 403 986 142 602 165 662 584 610 855 549 754 0 695 897 722 1056 187 208 1026 608 954 609 396 1033 830 450 693 329 293 780 606 376 939 981 491 761 262 939 212 814 716 217 860 442 1070 535 691 639 886 367 54 425 545 546 449 342 371
619 829 552 951 503 466 735 407 912 448 235 607 684 659 442 521 667 807 498 829 362 481 310 502 249 786 695 0 601 368 611 813 635 569 309 600 310 823 577 862 923 137 756 720 426 113 803 457 662 964 407 688 456 639 696 245 644 507 914 614 235 134 339 769 380 719 543 245 246 921 460 384
41 844 941 657 395 506 317 221 609 837 536 29 931 265 482 910 250 1009 887 1032 751 870 699 544 638 208 897 601 0 600 194 792 882 152 698 306 699 805 159 284 539 627 817 684 529 649 817 168 244 670 510 749 168 887 141 397 891 547 488 196 624 624 728 213 769 921 932 634 635 538 849 773
617 855 579 977 372 335 733 405 938 474 173 605 710 658 311 548 666 833 525 856 389 507 337 371 276 784 722 368 600 0 610 839 661 568 335 469 336 849 575 861 949 264 783 747 295 286 829 455 660 990 276 715 455 665 695 231 670 376 941 598 262 262 366 767 407 745 570 272 273 948 487 411
211 1002 951 816 273 451 175 231 767 847 546 199 1082 275 477 920 107 1167 897 1190 761 880 709 488 648 364 1056 611 194 610 0 950 1034 101 708 183 709 963 108 316 698 637 975 843 539 659 976 178 102 829 520 907 178 1038 311 407 1043 491 646 74 634 634 738 384 779 1079 942 644 645 696 859 783
810 397 552 373 974 937 802 990 453 669 699 798 374 842 913 521 881 298 720 321 779 702 727 973 666 649 187 813 792 839 950 0 325 921 726 1071 727 391 928 725 345 811 325 270 897 724 371 937 875 386 878 257 937 330 709 833 334 978 337 965 652 808 756 781 485 210 543 663 664 343 460 489
900 342 374 463 796 759 892 829 424 491 521 888 89 933 736 343 971 319 542 342 601 524 549 795 488 739 208 635 882 661 1034 325 0 992 548 894 549 336 999 815 435 633 269 233 719 546 315 879 966 476 701 201 879 44 799 655 49 800 427 1022 474 630 578 872 307 232 365 485 486 434 282 311
169 972 909 786 302 475 224 190 737 805 504 157 1041 233 451 878 157 1137 856 1160 719 838 667 512 606 336 1026 569 152 568 101 921 992 0 666 213 667 933 66 366 668 595 945 813 497 617 946 136 151 799 479 877 136 996 269 365 1001 515 616 103 592 592 696 342 737 1049 900 603 603 666 817 741
715 742 465 864 470 433 831 503 825 361 195 703 597 756 409 434 764 720 412 743 90 394 50 469 91 882 608 309 698 335 708 726 548 666 0 567 55 736 673 959 836 307 670 633 393 220 716 553 758 877 374 602 553 552 793 329 557 474 827 696 99 304 67 865 293 632 456 87 88 834 373 297
323 1088 811 940 121 299 307 343 891 707 406 311 942 387 326 780 239 1065 757 1088 621 740 569 336 508 490 954 600 306 469 183 1071 894 213 567 0 569 1082 220 448 822 497 1015 967 392 519 1061 290 234 953 378 947 290 898 423 404 902 339 770 160 494 494 598 496 639 978 802 504 505 820 719 643
716 743 466 865 471 434 832 504 826 362 196 705 598 757 410 435 765 721 413 744 109 395 41 470 109 883 609 310 699 336 709 727 549 667 55 569 0 737 674 960 837 308 671 635 394 221 717 554 759 878 375 603 554 553 794 330 558 475 828 697 117 305 86 866 295 633 457 106 106 835 374 298
822 71 562 436 984 947 814 1003 264 679 709 810 384 855 924 531 893 507 730 530 789 712 737 983 676 661 396 823 805 849 963 391 336 933 736 1082 737 0 941 738 401 821 124 234 907 734 44 949 888 448 889 202 949 340 721 843 344 988 349 978 663 818 766 794 495 420 553 673 674 399 470 499
177 980 917 793 310 482 231 197 745 812 511 165 1048 240 458 886 164 1145 863 1168 727 845 675 519 614 344 1033 577 159 575 108 928 999 66 673 220 674 941 0 373 675 602 953 820 505 625 953 143 159 806 486 885 143 1004 277 373 1008 523 624 111 600 600 704 349 745 1057 908 610 611 674 825 749
302 777 1042 590 538 715 167 483 542 1098 797 290 864 358 742 1011 247 942 1149 965 1012 1131 960 753 899 139 830 862 284 861 316 725 815 366 959 448 960 738 373 0 472 888 750 617 790 910 751 429 241 603 772 682 429 820 225 658 824 756 421 339 885 885 989 297 975 854 1033 896 896 471 950 979
557 440 662 210 912 1000 549 738 205 779 809 545 484 590 976 631 628 562 829 584 889 812 837 1037 776 396 450 923 539 949 698 345 435 668 836 822 837 401 675 472 0 921 369 237 1007 833 413 684 623 223 988 301 684 439 456 891 444 1041 84 712 762 918 866 529 595 474 653 772 773 24 570 598
644 827 550 949 399 362 760 432 910 446 145 633 682 685 339 519 693 805 497 827 360 479 308 398 247 811 693 137 627 264 637 811 633 595 307 497 308 821 602 888 921 0 754 718 322 216 801 482 687 962 304 687 482 637 722 258 642 403 912 625 233 25 337 794 378 717 541 243 244 919 458 382
834 130 495 398 918 881 826 951 356 613 643 822 318 867 857 465 905 441 663 464 723 646 671 917 610 673 329 756 817 783 975 325 269 945 670 1015 671 124 953 750 369 754 0 167 841 667 103 961 900 410 822 135 961 273 733 777 278 922 361 989 596 752 700 806 429 353 486 606 607 368 404 432
702 240 459 265 882 845 694 883 221 576 607 690 282 735 821 429 773 405 627 428 687 609 635 881 574 541 293 720 684 747 843 270 233 813 633 967 635 234 820 617 237 718 167 0 805 631 213 829 768 278 786 99 829 237 601 741 242 886 229 857 560 716 664 674 392 317 450 570 571 236 368 396
547 913 636 1035 295 139 662 334 996 532 231 535 768 587 239 606 595 891 583 914 446 565 394 101 333 714 780 426 529 295 539 897 719 497 393 392 394 907 505 790 1007 322 841 805 0 344 887 384 590 1048 82 773 384 723 624 230 728 180 971 520 319 320 423 697 465 803 627 330 331 1005 544 468
666 740 463 862 421 385 782 454 822 359 146 655 594 707 361 432 715 717 409 740 273 392 221 420 160 833 606 113 649 286 659 724 546 617 220 519 221 734 625 910 833 216 667 631 344 0 713 504 710 874 326 599 504 550 744 280 554 425 825 647 146 213 250 817 291 630 454 156 157 832 371 295
835 50 542 444 964 927 827 997 277 659 689 823 364 868 903 511 906 487 709 510 769 692 717 963 656 674 376 803 817 829 976 371 315 946 716 1061 717 44 953 751 413 801 103 213 887 713 0 962 901 457 868 182 962 319 734 823 324 968 362 990 642 798 746 807 475 399 533 653 653 412 450 479
185 988 796 802 380 362 301 75 753 692 391 174 928 249 338 766 234 1051 743 1074 606 725 554 399 493 352 939 457 168 455 178 937 879 136 553 290 554 949 143 429 684 482 961 829 384 504 962 0 228 815 366 893 21 883 285 253 888 402 632 180 479 480 583 358 625 963 787 490 491 682 704 628
262 927 1002 741 324 501 99 282 692 897 596 250 1014 325 528 971 32 1092 948 1115 812 930 760 539 699 289 981 662 244 660 102 875 966 151 758 234 759 888 159 241 623 687 900 768 590 710 901 228 0 754 571 832 228 970 362 458 975 542 571 125 685 685 789 434 830 1004 993 695 696 621 910 834
688 483 703 72 1042 1088 680 869 336 820 850 676 525 721 1064 672 759 603 870 626 930 853 878 1124 817 527 491 964 670 990 829 386 476 799 877 953 878 448 806 603 223 962 410 278 1048 874 457 815 754 0 1029 343 815 480 587 984 485 1129 215 843 803 959 907 659 636 515 694 814 814 222 611 640
528 894 618 1016 281 197 644 316 977 513 212 516 749 568 220 587 576 872 564 895 428 547 376 158 315 695 761 407 510 276 520 878 701 479 374 378 375 889 486 772 988 304 822 786 82 326 868 366 571 1029 0 754 366 705 605 211 709 238 953 506 301 301 405 678 446 785 609 311 312 987 526 450
766 208 428 330 850 813 758 883 291 545 575 754 250 799 789 397 837 373 595 396 655 578 603 849 542 605 262 688 749 715 907 257 201 877 602 947 603 202 885 682 301 687 135 99 773 599 182 893 832 343 754 0 893 205 665 709 210 854 293 922 528 684 632 738 361 285 419 538 539 300 336 364
185 988 796 802 379 362 301 75 753 692 391 173 928 249 338 765 234 1051 743 1074 606 725 554 399 493 352 939 456 168 455 178 937 879 136 553 290 554 949 143 429 684 482 961 829 384 504 962 21 228 815 366 893 0 883 285 252 888 402 632 180 479 479 583 358 624 963 787 490 490 682 704 628
904 346 378 468 801 764 896 833 428 495 525 892 93 937 740 347 975 323 546 346 606 528 554 799 493 743 212 639 887 665 1038 330 44 996 552 898 553 340 1004 820 439 637 273 237 723 550 319 883 970 480 705 205 883 0 803 659 29 804 431 1026 479 634 583 876 311 236 369 489 490 438 286 315
158 760 1025 574 513 601 301 339 525 932 631 146 848 180 577 994 367 925 982 948 846 965 794 639 733 148 814 696 141 695 311 709 799 269 793 423 794 721 277 225 456 722 733 601 624 744 734 285 362 587 605 665 285 803 0 492 808 642 404 314 719 719 823 119 864 837 1016 729 730 454 933 868
415 849 572 971 307 270 530 202 932 468 167 403 704 455 246 542 463 827 519 850 382 501 331 306 270 582 716 245 397 231 407 833 655 365 329 404 330 843 373 658 891 258 777 741 230 280 823 253 458 984 211 709 252 659 492 0 664 311 839 410 256 256 360 565 401 739 563 266 267 889 481 405
909 350 383 472 805 768 901 838 433 500 530 897 98 941 744 352 980 328 550 351 610 533 558 804 497 748 217 644 891 670 1043 334 49 1001 557 902 558 344 1008 824 444 642 278 242 728 554 324 888 975 485 709 210 888 29 808 664 0 809 436 1031 483 639 587 880 316 240 374 494 494 443 291 320
565 994 717 1116 242 87 614 352 1077 613 312 553 849 605 232 686 547 972 664 995 527 646 475 124 414 732 860 507 547 376 491 978 800 515 474 339 475 988 523 756 1041 403 922 886 180 425 968 402 542 1129 238 854 402 804 642 311 809 0 989 468 400 401 504 715 546 884 708 411 412 1039 625 549
505 388 653 202 860 948 497 686 153 770 801 494 476 538 925 622 577 553 821 576 881 803 829 986 768 344 442 914 488 941 646 337 427 616 827 770 828 349 624 421 84 912 361 229 971 825 362 632 571 215 953 293 632 431 404 839 436 989 0 661 754 910 858 477 586 465 644 764 765 82 561 590
214 1017 939 830 250 427 197 234 782 835 534 202 1070 277 454 908 130 1182 885 1205 749 868 697 464 636 381 1070 614 196 598 74 965 1022 103 696 160 697 978 111 339 712 625 989 857 520 647 990 180 125 843 506 922 180 1026 314 410 1031 468 661 0 622 622 726 386 767 1094 930 632 633 711 847 771
642 668 392 790 397 360 757 429 751 287 122 630 523 682 336 361 690 646 338 669 152 321 112 395 39 809 535 235 624 262 634 652 474 592 99 494 117 663 600 885 762 233 596 560 319 146 642 479 685 803 301 528 479 479 719 256 483 400 754 622 0 231 129 792 220 558 383 36 36 761 300 224
642 824 547 946 397 360 757 429 907 443 142 630 679 682 336 517 690 802 494 825 358 476 306 396 245 809 691 134 624 262 634 808 630 592 304 494 305 818 600 885 918 25 752 716 320 213 798 480 685 959 301 684 479 634 719 256 639 401 910 622 231 0 335 792 376 714 539 241 242 917 456 380
746 772 496 894 501 464 861 533 855 391 226 734 627 786 440 465 794 750 442 773 73 425 81 499 121 913 639 339 728 366 738 756 578 696 67 598 86 766 704 989 866 337 700 664 423 250 746 583 789 907 405 632 583 583 823 360 587 504 858 726 129 335 0 896 324 662 487 117 118 865 404 328
231 833 1098 647 586 674 374 412 598 1004 703 219 920 146 650 1067 440 998 1055 1021 919 1038 867 711 806 221 886 769 213 767 384 781 872 342 865 496 866 794 349 297 529 794 806 674 697 817 807 358 434 659 678 738 358 876 119 565 880 715 477 386 792 792 896 0 937 910 1089 802 803 527 1006 941
787 501 224 623 542 505 902 574 584 236 267 775 356 827 481 193 835 479 287 502 347 269 295 541 234 898 367 380 769 407 779 485 307 737 293 639 295 495 745 975 595 378 429 392 465 291 475 625 830 636 446 361 624 311 864 401 316 546 586 767 220 376 324 937 0 391 215 230 231 593 132 56
938 425 458 502 880 843 930 913 508 575 605 927 280 971 819 427 1010 127 626 138 685 608 633 879 572 777 54 719 921 745 1079 210 232 1049 632 978 633 420 1057 854 474 717 353 317 803 630 399 963 1004 515 785 285 963 236 837 739 240 884 465 1094 558 714 662 910 391 0 449 569 570 472 366 395
950 559 129 681 705 668 1065 737 642 399 429 938 414 990 644 65 998 537 450 560 510 432 458 703 397 956 425 543 932 570 942 543 365 900 456 802 457 553 908 1033 653 541 486 450 627 454 533 787 993 694 609 419 787 369 1016 563 374 708 644 930 383 539 487 1089 215 449 0 393 394 651 190 219
652 679 402 801 407 370 768 440 762 298 132 640 534 692 346 371 700 657 348 679 140 331 100 406 27 819 545 245 634 272 644 663 485 603 87 504 106 673 610 896 772 243 606 570 330 156 653 490 695 814 311 538 490 489 729 266 494 411 764 632 36 241 117 802 230 569 393 0 25 771 310 234
653 680 403 801 408 371 768 440 762 299 133 641 534 693 347 372 701 657 349 680 141 332 101 407 28 820 546 246 635 273 645 664 486 603 88 505 106 674 611 896 773 244 607 571 331 157 653 491 696 814 312 539 490 490 730 267 494 412 765 633 36 242 118 803 231 570 394 25 0 772 311 235
555 438 660 209 910 999 547 736 203 777 807 544 483 588 975 629 627 560 828 583 888 810 836 1036 775 394 449 921 538 948 696 343 434 666 834 820 835 399 674 471 24 919 368 236 1005 832 412 682 621 222 987 300 682 438 454 889 443 1039 82 711 761 917 865 527 593 472 651 771 772 0 568 597
867 476 199 598 622 585 982 654 559 316 347 855 331 907 561 168 915 454 367 477 427 349 375 620 314 873 342 460 849 487 859 460 282 817 373 719 374 470 825 950 570 458 404 368 544 371 450 704 910 611 526 336 704 286 933 481 291 625 561 847 300 456 404 1006 132 366 190 310 311 568 0 136
791 505 228 627 546 509 906 578 588 240 271 779 360 831 485 197 839 483 291 505 351 273 299 544 238 902 371 384 773 411 783 489 311 741 297 643 298 499 749 979 598 382 432 396 468 295 479 628 834 640 450 364 628 315 868 405 320 549 590 771 224 380 328 941 56 395 219 234 235 597 136 0
EOF
