NAME : tsp_problem
TYPE : TSP
DIMENSION : 26
EDGE_WEIGHT_TYPE : EXPLICIT
EDGE_WEIGHT_FORMAT : FULL_MATRIX
EDGE_WEIGHT_SECTION
0 126 229 166 285 585 283 377 228 730 423 393 529 325 600 62 494 1475 753 954 346 943 995 802 332 1547
126 0 323 260 379 679 377 293 144 824 339 309 623 418 694 156 588 1391 847 891 262 859 911 890 248 1463
229 323 0 101 125 630 123 574 425 774 620 590 573 369 644 211 538 1672 797 999 543 1140 1192 846 529 1744
166 260 101 0 153 567 150 511 362 711 557 527 510 306 581 148 475 1609 734 936 480 1077 1129 783 466 1681
285 379 125 153 0 686 46 630 481 831 676 646 629 425 700 267 595 1728 853 1055 599 1197 1248 903 586 1800
585 679 630 567 686 0 683 870 781 173 976 854 331 373 45 567 296 1709 196 397 899 1178 1229 268 886 1781
283 377 123 150 46 683 0 628 479 828 674 644 627 423 698 265 592 1726 851 1052 597 1194 1246 900 583 1798
377 293 574 511 630 870 628 0 195 720 390 72 874 669 867 407 839 1129 697 635 313 598 649 633 300 1201
228 144 425 362 481 781 479 195 0 879 223 211 725 520 796 258 690 1293 856 794 146 762 813 792 133 1365
730 824 774 711 831 173 828 720 879 0 1029 704 379 518 170 712 440 1560 95 314 997 1028 1080 185 984 1632
423 339 620 557 676 976 674 390 223 1029 0 407 920 716 991 453 885 1489 1006 943 227 957 1008 942 214 1560
393 309 590 527 646 854 644 72 211 704 407 0 890 686 851 423 855 1113 681 619 329 582 633 617 316 1185
529 623 573 510 629 331 627 874 725 379 920 890 0 317 345 511 213 1916 402 471 843 1384 1435 475 829 1987
325 418 369 306 425 373 423 669 520 518 716 686 317 0 388 307 282 1768 541 742 638 1236 1287 590 625 1840
600 694 644 581 700 45 698 867 796 170 991 851 345 388 0 582 310 1706 193 394 914 1175 1226 265 900 1778
62 156 211 148 267 567 265 407 258 712 453 423 511 307 582 0 476 1505 735 937 376 973 1025 784 362 1577
494 588 538 475 595 296 592 839 690 440 885 855 213 282 310 476 0 1937 463 650 808 1406 1457 513 794 2009
1492 1408 1689 1626 1745 1726 1743 1146 1310 1577 1505 1130 1932 1784 1723 1521 1954 0 1553 1491 1428 608 691 1490 1415 167
753 847 797 734 853 196 851 697 856 95 1006 681 402 541 193 735 463 1536 0 336 974 1005 1056 207 960 1608
954 891 999 936 1055 397 1052 635 794 314 943 619 471 742 394 937 650 1474 336 0 912 943 994 298 898 1546
346 262 543 480 599 899 597 313 146 997 227 329 843 638 914 376 808 1411 974 912 0 880 931 910 35 1483
919 836 1117 1054 1173 1154 1171 574 738 1005 933 558 1360 1212 1151 949 1382 736 981 919 856 0 256 918 843 808
1012 928 1209 1146 1265 1246 1263 666 830 1097 1025 650 1452 1305 1243 1042 1474 660 1073 1011 948 128 0 1010 935 731
802 890 846 783 903 268 900 633 792 185 942 617 475 590 265 784 513 1473 207 298 910 941 993 0 897 1545
332 248 529 466 586 886 583 300 133 984 214 316 829 625 900 362 794 1398 960 898 35 866 918 897 0 1470
1476 1392 1673 1610 1730 1710 1727 1130 1295 1561 1490 1114 1917 1769 1707 1506 1938 111 1538 1475 1413 592 675 1474 1399 0
EOF