NAME : tsp_problem
TYPE : TSP
DIMENSION : 81
EDGE_WEIGHT_TYPE : EXPLICIT
EDGE_WEIGHT_FORMAT : FULL_MATRIX
EDGE_WEIGHT_SECTION
0 725 522 831 112 388 1099 542 635 121 466 180 1072 373 640 675 598 386 613 713 443 1045 1052 736 83 771 850 1094 412 109 1062 316 685 542 431 728 367 436 179 922 628 340 628 462 468 452 404 98 380 434 654 168 107 392 541 921 541 920 995 181 381 469 528 912 117 315 840 896 412 971 567 204 584 362 500 455 751 206 377 946 955
725 0 962 460 762 872 399 926 179 745 951 664 372 857 833 770 233 870 238 60 431 345 529 597 745 675 479 395 587 744 362 800 613 384 915 725 851 920 663 390 129 825 821 946 455 836 579 760 555 918 288 652 730 522 925 538 483 562 295 665 865 954 913 555 648 799 608 524 897 431 760 688 218 537 407 940 52 690 552 424 361
522 962 0 539 559 448 818 250 917 542 330 462 791 237 348 384 880 446 895 995 725 764 760 444 543 480 559 813 693 541 781 376 393 823 491 436 231 300 461 630 910 401 336 326 749 160 685 558 662 298 935 450 528 674 249 629 822 628 713 462 245 333 237 621 446 375 548 604 473 679 275 381 865 643 782 246 929 383 659 655 663
831 460 539 0 867 756 316 503 614 850 639 770 289 545 410 348 667 755 672 495 865 262 258 174 851 253 56 311 1001 850 279 685 191 818 800 302 539 608 769 128 564 709 397 634 890 413 993 866 970 606 723 758 836 956 502 127 918 140 210 771 553 642 489 133 754 683 186 102 781 177 336 689 652 952 842 581 426 691 967 152 161
112 762 559 867 0 424 1136 578 671 87 503 217 1109 409 676 712 635 423 650 750 480 1082 1088 772 157 808 887 1131 448 183 1098 352 721 578 467 764 403 472 216 958 664 377 664 498 504 488 440 172 416 470 690 204 72 428 577 958 577 956 1032 217 417 506 565 949 154 351 876 932 449 1007 603 241 620 398 537 492 788 242 414 983 991
388 872 448 756 424 0 1035 467 782 407 392 327 1008 298 565 601 745 52 760 860 590 981 977 661 408 697 776 1031 558 406 998 132 610 689 124 653 292 361 326 847 775 156 553 387 614 377 550 423 527 359 801 315 393 539 466 847 687 845 930 328 306 395 454 838 311 131 765 821 134 896 492 246 730 508 647 381 898 248 524 872 880
1099 399 818 316 1136 1035 0 782 553 1119 918 1038 57 824 689 626 607 1034 612 434 805 84 276 453 1119 531 335 79 961 1118 101 964 469 758 1079 581 818 888 1037 246 503 988 677 913 829 692 953 1134 929 886 662 1026 1104 896 781 405 857 418 151 1039 832 921 769 411 1022 963 464 380 1060 170 616 968 592 911 781 861 366 970 926 228 217
542 926 250 503 578 467 782 0 936 562 350 481 755 256 312 347 899 466 914 961 744 728 724 408 562 444 523 777 713 561 745 396 357 843 511 400 250 320 480 594 929 420 300 345 769 124 705 577 681 318 955 469 547 693 26 593 842 592 677 482 264 353 46 585 465 395 512 568 492 643 239 400 885 663 801 292 893 402 678 619 627
635 179 917 614 671 782 553 936 0 655 861 574 526 767 987 924 142 780 191 168 341 499 683 751 655 829 633 549 496 654 516 710 767 294 825 879 761 830 573 544 82 735 975 856 365 846 488 670 465 828 198 562 640 432 935 692 436 717 449 575 775 863 922 709 558 709 762 678 807 585 914 598 128 447 317 849 206 600 462 578 515
121 745 542 850 87 407 1119 562 655 0 486 200 1092 392 659 695 618 406 633 733 463 1065 1072 756 167 791 870 1114 431 166 1082 336 704 562 451 747 386 456 199 941 648 360 647 481 487 472 423 182 400 454 674 188 39 412 560 941 560 939 1015 201 400 489 548 932 137 335 860 915 432 991 586 224 603 381 520 475 771 226 397 966 974
466 951 330 639 503 392 918 350 861 486 0 406 891 136 448 483 824 390 839 939 669 864 860 544 487 579 658 913 637 485 881 320 493 767 435 536 125 88 405 730 854 345 436 38 693 260 629 502 606 57 879 394 472 618 349 729 766 728 813 406 117 45 336 720 390 319 648 704 417 779 375 325 809 587 726 263 977 327 603 754 763
180 664 462 770 217 327 1038 481 574 200 406 0 1011 312 579 614 538 325 552 652 382 984 991 675 200 711 790 1034 351 199 1001 255 624 481 370 667 306 375 35 861 567 280 567 401 407 391 343 215 319 373 593 72 185 331 480 860 480 859 934 36 320 408 468 852 103 254 779 835 352 910 506 143 523 301 439 395 691 145 316 886 894
1072 372 791 289 1109 1008 57 755 526 1092 891 1011 0 797 662 599 579 1007 585 407 778 57 249 426 1092 504 308 52 934 1091 74 937 442 731 1052 554 791 860 1010 218 476 961 649 886 802 665 925 1107 902 859 635 999 1077 869 754 378 830 391 124 1012 805 894 742 384 995 936 437 353 1033 143 589 941 565 884 754 833 339 943 899 201 190
373 857 237 545 409 298 824 256 767 392 136 312 797 0 354 389 730 297 745 845 575 770 766 450 393 486 564 819 543 391 787 226 399 674 341 442 48 118 311 636 760 251 342 131 599 166 535 408 512 103 786 300 378 524 255 635 672 634 719 313 62 138 243 627 296 225 554 610 323 685 281 231 715 493 632 170 883 233 509 661 669
640 833 348 410 676 565 689 312 987 659 448 579 662 354 0 177 997 564 1012 868 842 635 631 315 660 273 429 684 810 659 652 494 263 941 609 229 348 417 578 500 937 518 180 443 867 222 802 675 779 415 1053 567 645 791 311 434 939 421 583 580 362 451 299 414 563 493 341 475 590 550 119 498 982 761 899 390 799 500 776 525 534
675 770 384 348 712 601 626 347 924 695 483 614 599 389 177 0 977 599 983 805 877 572 569 350 695 121 367 621 846 694 589 529 299 976 644 78 383 453 613 415 874 553 215 479 902 257 838 710 814 451 1033 602 680 826 346 282 975 269 498 615 397 486 334 262 598 528 190 328 625 488 154 534 962 796 934 426 737 535 811 463 448
598 233 880 667 635 745 607 899 142 618 824 538 579 730 997 977 0 744 244 221 304 553 737 804 618 882 687 602 460 617 569 673 821 257 788 932 724 793 537 597 135 698 985 819 328 809 452 633 428 791 92 525 604 395 898 745 401 770 503 538 738 827 886 763 521 672 816 731 770 638 924 562 88 410 280 813 259 563 425 631 568
386 870 446 755 423 52 1034 466 780 406 390 325 1007 297 564 599 744 0 758 858 588 980 976 660 406 695 774 1029 557 405 997 131 609 687 101 652 291 360 324 846 773 155 552 386 613 376 549 421 525 358 799 313 391 537 465 845 686 843 929 326 304 393 452 836 309 129 764 820 111 895 491 245 729 507 645 379 897 246 522 870 879
613 238 895 672 650 760 612 914 191 633 839 552 585 745 1012 983 244 758 0 226 319 558 742 809 633 888 692 607 475 632 575 688 826 391 803 937 739 808 551 602 141 713 1000 834 341 824 467 648 443 806 300 540 618 455 913 750 289 775 508 553 753 842 901 768 536 687 821 737 785 644 939 576 229 425 414 828 264 578 440 636 573
713 60 995 495 750 860 434 961 168 733 939 652 407 845 868 805 221 858 226 0 419 380 564 632 733 710 514 430 575 732 397 788 648 372 903 760 839 908 652 425 117 813 856 934 443 871 567 748 543 906 276 640 718 510 960 573 471 597 330 653 853 942 948 590 636 787 643 559 885 466 795 677 206 525 395 928 87 678 540 459 396
443 431 725 865 480 590 805 744 341 463 669 382 778 575 842 877 304 588 319 419 0 751 935 938 463 974 885 800 305 462 768 518 887 248 633 930 569 638 381 795 334 543 830 664 57 654 296 478 273 636 360 370 448 285 743 943 130 968 701 383 583 671 731 961 366 517 1014 930 615 837 769 406 289 255 271 658 457 408 270 829 766
1045 345 764 262 1082 981 84 728 499 1065 864 984 57 770 635 572 553 980 558 380 751 0 222 399 1065 477 281 79 907 1064 47 910 415 704 1025 527 764 834 983 192 449 934 622 859 775 638 899 1080 875 832 608 972 1050 842 727 351 803 364 97 985 778 867 715 357 968 909 410 326 1006 116 562 914 538 857 727 806 312 916 872 174 163
1052 529 760 258 1088 977 276 724 683 1072 860 991 249 766 631 569 737 976 742 564 935 222 0 396 1072 474 277 271 1091 1071 239 906 412 888 1021 523 760 829 990 349 633 930 618 855 959 634 1083 1087 1059 828 792 979 1057 1026 723 348 987 361 281 992 774 863 711 354 975 905 407 323 1002 129 558 910 722 1041 911 802 496 912 1056 162 347
736 597 444 174 772 661 453 408 751 756 544 675 426 450 315 350 804 660 809 632 938 399 396 0 756 367 194 448 906 755 416 590 71 955 705 403 444 513 674 242 701 614 302 539 963 318 898 771 875 512 860 663 741 887 407 241 1036 254 325 676 458 547 395 247 659 589 300 216 686 315 242 594 789 857 979 486 563 596 872 290 275
83 745 543 851 157 408 1119 562 655 167 487 200 1092 393 660 695 618 406 633 733 463 1065 1072 756 0 792 870 1114 432 73 1082 336 705 562 451 748 387 456 199 942 648 361 648 482 488 472 424 44 400 454 674 188 152 412 561 941 561 940 1015 201 401 489 548 932 137 335 860 916 433 991 587 224 604 382 520 475 771 226 397 967 975
771 675 480 253 808 697 531 444 829 791 579 711 504 486 273 121 882 695 888 710 974 477 474 367 792 0 272 526 942 790 494 625 384 1034 740 76 480 549 710 320 779 650 311 575 998 354 934 807 911 547 938 699 777 923 443 188 1071 174 403 711 494 582 430 167 695 624 95 233 722 393 250 630 868 892 1031 522 642 632 908 369 354
850 479 559 56 887 776 335 523 633 870 658 790 308 564 429 367 687 774 692 514 885 281 277 194 870 272 0 331 1021 869 298 704 211 838 819 322 559 628 789 147 583 729 417 654 909 433 1013 885 989 626 742 777 856 976 521 147 937 160 230 790 572 661 509 152 774 703 205 121 801 196 356 709 672 971 861 601 446 710 987 172 180
1094 395 813 311 1131 1031 79 777 549 1114 913 1034 52 819 684 621 602 1029 607 430 800 79 271 448 1114 526 331 0 956 1113 96 959 465 753 1074 576 813 883 1033 241 499 983 672 909 824 687 948 1130 924 881 657 1022 1100 891 776 401 853 414 146 1034 827 916 764 407 1018 958 459 375 1055 165 611 964 587 906 776 856 361 965 922 223 212
412 587 693 1001 448 558 961 713 496 431 637 351 934 543 810 846 460 557 475 575 305 907 1091 906 432 942 1021 956 0 430 923 487 855 289 602 898 537 607 350 951 489 511 798 632 329 623 52 447 241 605 515 339 417 122 711 1092 402 1090 857 352 551 640 699 1083 335 486 1011 1066 583 992 737 375 445 223 230 626 613 376 239 985 922
109 744 541 850 183 406 1118 561 654 166 485 199 1091 391 659 694 617 405 632 732 462 1064 1071 755 73 790 869 1113 430 0 1081 335 703 561 450 747 385 455 198 941 647 359 646 481 486 471 422 88 399 453 673 187 152 411 560 940 559 938 1014 200 399 488 547 931 136 334 859 915 431 990 586 223 602 381 519 474 770 225 396 965 974
1062 362 781 279 1098 998 101 745 516 1082 881 1001 74 787 652 589 569 997 575 397 768 47 239 416 1082 494 298 96 923 1081 0 927 432 721 1042 544 781 850 1000 208 466 951 639 876 792 655 915 1097 892 848 625 989 1067 859 744 368 820 381 114 1002 795 884 732 374 985 926 427 343 1023 133 579 931 555 874 744 823 329 933 889 191 180
316 800 376 685 352 132 964 396 710 336 320 255 937 226 494 529 673 131 688 788 518 910 906 590 336 625 704 959 487 335 927 0 539 617 175 582 220 290 254 776 703 85 482 316 543 306 479 351 455 288 729 243 321 467 395 775 616 773 859 256 234 323 382 766 239 59 694 750 157 825 421 175 659 437 575 309 827 176 452 800 809
685 613 393 191 721 610 469 357 767 704 493 624 442 399 263 299 821 609 826 648 887 415 412 71 705 384 211 465 855 703 432 539 0 972 653 351 393 462 623 259 717 563 251 488 911 267 847 720 824 460 876 612 690 836 356 258 984 271 342 625 407 495 343 264 608 537 317 233 635 331 190 543 806 805 944 435 580 545 821 307 292
542 384 823 818 578 689 758 843 294 562 767 481 731 674 941 976 257 687 391 372 248 704 888 955 562 1034 838 753 289 561 721 617 972 0 732 1029 668 737 480 748 287 641 929 763 272 753 280 577 372 735 312 469 547 202 842 896 345 921 654 482 682 770 829 914 465 616 967 882 713 789 868 505 242 354 87 756 410 507 369 782 719
431 915 491 800 467 124 1079 511 825 451 435 370 1052 341 609 644 788 101 803 903 633 1025 1021 705 451 740 819 1074 602 450 1042 175 653 732 0 697 335 405 369 891 818 121 596 431 658 421 594 466 570 403 844 358 436 582 510 890 731 888 974 371 349 438 497 881 354 174 809 865 48 940 536 289 774 552 690 424 941 291 567 915 924
728 725 436 302 764 653 581 400 879 747 536 667 554 442 229 78 932 652 937 760 930 527 523 403 748 76 322 576 898 747 544 582 351 1029 697 0 436 505 666 370 829 606 268 531 954 310 890 763 867 503 988 655 733 879 399 237 1027 224 453 668 450 539 386 217 651 580 144 283 678 442 207 586 917 849 987 478 691 588 864 418 403
367 851 231 539 403 292 818 250 761 386 125 306 791 48 348 383 724 291 739 839 569 764 760 444 387 480 559 813 537 385 781 220 393 668 335 436 0 95 305 630 754 245 336 121 593 160 529 402 506 93 780 294 372 518 249 629 666 628 713 307 39 128 237 621 290 219 548 604 317 679 275 225 709 487 626 164 877 227 503 655 663
436 920 300 608 472 361 888 320 830 456 88 375 860 118 417 453 793 360 808 908 638 834 829 513 456 549 628 883 607 455 850 290 462 737 405 505 95 0 374 699 823 314 405 84 663 230 598 471 575 56 849 363 441 587 318 699 736 697 782 376 87 91 306 690 359 289 618 673 386 748 344 294 779 557 695 233 946 296 572 724 732
179 663 461 769 216 326 1037 480 573 199 405 35 1010 311 578 613 537 324 551 652 381 983 990 674 199 710 789 1033 350 198 1000 254 623 480 369 666 305 374 0 860 566 279 566 400 406 390 342 214 318 372 592 72 184 330 479 859 479 858 933 35 319 407 467 851 102 253 778 834 351 909 505 142 522 300 439 394 690 144 315 885 893
922 390 630 128 958 847 246 594 544 941 730 861 218 636 500 415 597 846 602 425 795 192 349 242 942 320 147 241 951 941 208 776 259 748 891 370 630 699 860 0 494 800 488 725 819 504 943 957 919 697 652 849 927 886 593 195 848 208 118 862 644 733 580 200 845 774 253 169 872 268 427 780 582 901 771 672 356 782 917 243 68
628 129 910 564 664 775 503 929 82 648 854 567 476 760 937 874 135 773 141 117 334 449 633 701 648 779 583 499 489 647 466 703 717 287 818 829 754 823 566 494 0 728 925 849 358 839 481 663 458 821 191 555 633 425 928 642 386 666 399 568 768 856 916 659 551 702 712 628 800 535 864 591 121 440 310 842 156 593 455 528 465
340 825 401 709 377 156 988 420 735 360 345 280 961 251 518 553 698 155 713 813 543 934 930 614 361 650 729 983 511 359 951 85 563 641 121 606 245 314 279 800 728 0 506 340 567 330 503 376 480 312 753 268 346 492 419 799 640 798 883 280 259 347 407 791 264 84 718 774 103 849 445 199 683 461 600 334 851 201 477 825 833
628 821 336 397 664 553 677 300 975 647 436 567 649 342 180 215 985 552 1000 856 830 622 618 302 648 311 417 672 798 646 639 482 251 929 596 268 336 405 566 488 925 506 0 431 854 210 790 663 767 403 1041 555 633 779 299 473 927 459 571 568 350 438 286 452 551 480 380 462 578 537 81 486 970 748 887 378 787 488 764 513 521
462 946 326 634 498 387 913 345 856 481 38 401 886 131 443 479 819 386 834 934 664 859 855 539 482 575 654 909 632 481 876 316 488 763 431 531 121 84 400 725 849 340 431 0 688 255 624 497 601 52 875 389 467 613 344 725 761 723 808 402 112 40 332 716 385 315 643 699 412 774 370 320 804 583 721 259 972 322 598 750 758
468 455 749 890 504 614 829 769 365 487 693 407 802 599 867 902 328 613 341 443 57 775 959 963 488 998 909 824 329 486 792 543 911 272 658 954 593 663 406 819 358 567 854 688 0 679 321 503 298 661 384 395 473 310 767 967 154 992 725 408 607 696 755 985 391 542 1038 954 639 861 793 431 314 279 295 682 481 433 295 854 791
452 836 160 413 488 377 692 124 846 472 260 391 665 166 222 257 809 376 824 871 654 638 634 318 472 354 433 687 623 471 655 306 267 753 421 310 160 230 390 504 839 330 210 255 679 0 614 487 591 228 865 379 457 603 123 503 752 502 587 392 174 263 111 495 375 305 422 478 402 553 149 310 795 573 711 202 803 312 588 529 537
404 579 685 993 440 550 953 705 488 423 629 343 925 535 802 838 452 549 467 567 296 899 1083 898 424 934 1013 948 52 422 915 479 847 280 594 890 529 598 342 943 481 503 790 624 321 614 0 439 233 597 507 331 409 114 703 1084 394 1082 848 344 543 632 691 1075 327 477 1002 1058 575 984 729 367 437 215 222 618 605 368 231 977 914
98 760 558 866 172 423 1134 577 670 182 502 215 1107 408 675 710 633 421 648 748 478 1080 1087 771 44 807 885 1130 447 88 1097 351 720 577 466 763 402 471 214 957 663 376 663 497 503 487 439 0 415 469 689 203 167 427 576 956 576 955 1030 216 416 504 564 948 152 350 875 931 448 1006 602 239 619 397 535 490 787 241 412 982 990
380 555 662 970 416 527 929 681 465 400 606 319 902 512 779 814 428 525 443 543 273 875 1059 875 400 911 989 924 241 399 892 455 824 372 570 867 506 575 318 919 458 480 767 601 298 591 233 415 0 573 484 307 385 222 680 1060 371 1059 825 320 520 608 667 1051 303 454 979 1035 552 961 706 343 413 77 330 594 581 345 90 954 891
434 918 298 606 470 359 886 318 828 454 57 373 859 103 415 451 791 358 806 906 636 832 828 512 454 547 626 881 605 453 848 288 460 735 403 503 93 56 372 697 821 312 403 52 661 228 597 469 573 0 847 361 439 585 316 697 734 695 780 374 85 60 304 688 357 287 616 671 384 747 342 292 777 555 693 231 944 294 570 722 730
654 288 935 723 690 801 662 955 198 674 879 593 635 786 1053 1033 92 799 300 276 360 608 792 860 674 938 742 657 515 673 625 729 876 312 844 988 780 849 592 652 191 753 1041 875 384 865 507 689 484 847 0 581 659 450 954 800 457 825 558 594 794 882 941 818 577 728 871 787 825 694 980 617 143 466 336 868 314 619 481 687 624
168 652 450 758 204 315 1026 469 562 188 394 72 999 300 567 602 525 313 540 640 370 972 979 663 188 699 777 1022 339 187 989 243 612 469 358 655 294 363 72 849 555 268 555 389 395 379 331 203 307 361 581 0 173 319 468 848 468 847 922 73 308 396 456 840 91 242 767 823 340 898 494 131 511 289 427 382 679 133 304 874 882
107 730 528 836 72 393 1104 547 640 39 472 185 1077 378 645 680 604 391 618 718 448 1050 1057 741 152 777 856 1100 417 152 1067 321 690 547 436 733 372 441 184 927 633 346 633 467 473 457 409 167 385 439 659 173 0 397 546 926 546 925 1000 186 386 474 534 918 123 320 845 901 418 976 572 209 589 367 505 461 757 211 382 952 960
392 522 674 956 428 539 896 693 432 412 618 331 869 524 791 826 395 537 455 510 285 842 1026 887 412 923 976 891 122 411 859 467 836 202 582 879 518 587 330 886 425 492 779 613 310 603 114 427 222 585 450 319 397 0 692 1034 383 1059 792 332 532 620 680 1052 315 466 991 1020 564 927 718 355 380 204 143 606 548 357 219 920 857
541 925 249 502 577 466 781 26 935 560 349 480 754 255 311 346 898 465 913 960 743 727 723 407 561 443 521 776 711 560 744 395 356 842 510 399 249 318 479 593 928 419 299 344 767 123 703 576 680 316 954 468 546 692 0 592 840 591 676 481 263 352 45 584 464 394 511 567 491 642 238 399 883 662 800 291 892 401 677 618 626
921 538 629 127 958 847 405 593 692 941 729 860 378 635 434 282 745 845 750 573 943 351 348 241 941 188 147 401 1092 940 368 775 258 896 890 237 629 699 859 195 642 799 473 725 967 503 1084 956 1060 697 800 848 926 1034 592 0 996 75 278 861 643 732 580 68 844 774 121 108 871 267 412 780 730 1042 919 672 504 781 1057 243 228
541 483 822 918 577 687 857 842 436 560 766 480 830 672 939 975 401 686 289 471 130 803 987 1036 561 1071 937 853 402 559 820 616 984 345 731 1027 666 736 479 848 386 640 927 761 154 752 394 576 371 734 457 468 546 383 840 996 0 1020 753 481 680 769 828 1013 464 615 1066 982 712 889 866 504 387 352 368 755 510 506 368 882 819
920 562 628 140 956 845 418 592 717 939 728 859 391 634 421 269 770 843 775 597 968 364 361 254 940 174 160 414 1090 938 381 773 271 921 888 224 628 697 858 208 666 798 459 723 992 502 1082 955 1059 695 825 847 925 1059 591 75 1020 0 291 860 642 730 578 55 843 772 108 121 870 280 399 778 755 1040 944 670 529 780 1056 256 241
995 295 713 210 1032 930 151 677 449 1015 813 934 124 719 583 498 503 929 508 330 701 97 281 325 1015 403 230 146 857 1014 114 859 342 654 974 453 713 782 933 118 399 883 571 808 725 587 848 1030 825 780 558 922 1000 792 676 278 753 291 0 935 727 816 663 283 918 857 336 252 955 183 510 863 488 807 677 755 262 865 822 176 89
181 665 462 771 217 328 1039 482 575 201 406 36 1012 313 580 615 538 326 553 653 383 985 992 676 201 711 790 1034 352 200 1002 256 625 482 371 668 307 376 35 862 568 280 568 402 408 392 344 216 320 374 594 73 186 332 481 861 481 860 935 0 321 409 468 852 104 255 780 836 352 911 507 144 524 302 440 395 691 146 317 886 895
381 865 245 553 417 306 832 264 775 400 117 320 805 62 362 397 738 304 753 853 583 778 774 458 401 494 572 827 551 399 795 234 407 682 349 450 39 87 319 644 768 259 350 112 607 174 543 416 520 85 794 308 386 532 263 643 680 642 727 321 0 120 251 635 304 233 562 618 331 693 289 239 723 501 640 177 891 241 517 669 677
469 954 333 642 506 395 921 353 863 489 45 408 894 138 451 486 827 393 842 942 671 867 863 547 489 582 661 916 640 488 884 323 495 770 438 539 128 91 407 733 856 347 438 40 696 263 632 504 608 60 882 396 474 620 352 732 769 730 816 409 120 0 339 723 392 322 651 707 420 782 378 328 812 590 729 266 980 329 606 757 766
528 913 237 489 565 454 769 46 922 548 336 468 742 243 299 334 886 452 901 948 731 715 711 395 548 430 509 764 699 547 732 382 343 829 497 386 237 306 467 580 916 407 286 332 755 111 691 564 667 304 941 456 534 680 45 580 828 578 663 468 251 339 0 571 452 381 499 554 479 630 226 387 871 649 788 279 879 389 665 605 613
912 555 621 133 949 838 411 585 709 932 720 852 384 627 414 262 763 836 768 590 961 357 354 247 932 167 152 407 1083 931 374 766 264 914 881 217 621 690 851 200 659 791 452 716 985 495 1075 948 1051 688 818 840 918 1052 584 68 1013 55 283 852 635 723 571 0 836 765 100 114 863 273 391 771 748 1033 937 663 522 773 1049 249 234
117 648 446 754 154 311 1022 465 558 137 390 103 995 296 563 598 521 309 536 636 366 968 975 659 137 695 774 1018 335 136 985 239 608 465 354 651 290 359 102 845 551 264 551 385 391 375 327 152 303 357 577 91 123 315 464 844 464 843 918 104 304 392 452 836 0 238 763 819 336 894 490 127 507 285 423 379 675 129 300 870 878
315 799 375 683 351 131 963 395 709 335 319 254 936 225 493 528 672 129 687 787 517 909 905 589 335 624 703 958 486 334 926 59 537 616 174 580 219 289 253 774 702 84 480 315 542 305 477 350 454 287 728 242 320 466 394 774 615 772 857 255 233 322 381 765 238 0 693 749 156 824 420 173 658 436 574 308 825 175 451 799 808
840 608 548 186 876 765 464 512 762 860 648 779 437 554 341 190 816 764 821 643 1014 410 407 300 860 95 205 459 1011 859 427 694 317 967 809 144 548 618 778 253 712 718 380 643 1038 422 1002 875 979 616 871 767 845 991 511 121 1066 108 336 780 562 651 499 100 763 693 0 167 790 326 319 698 801 961 990 590 575 700 976 302 287
896 524 604 102 932 821 380 568 678 915 704 835 353 610 475 328 731 820 737 559 930 326 323 216 916 233 121 375 1066 915 343 750 233 882 865 283 604 673 834 169 628 774 462 699 954 478 1058 931 1035 671 787 823 901 1020 567 108 982 121 252 836 618 707 554 114 819 749 167 0 846 242 402 754 717 1017 906 646 491 756 1032 217 202
412 897 473 781 449 134 1060 492 807 432 417 352 1033 323 590 625 770 111 785 885 615 1006 1002 686 433 722 801 1055 583 431 1023 157 635 713 48 678 317 386 351 872 800 103 578 412 639 402 575 448 552 384 825 340 418 564 491 871 712 870 955 352 331 420 479 863 336 156 790 846 0 921 517 271 755 533 672 406 923 273 549 897 905
971 431 679 177 1007 896 170 643 585 991 779 910 143 685 550 488 638 895 644 466 837 116 129 315 991 393 196 165 992 990 133 825 331 789 940 442 679 748 909 268 535 849 537 774 861 553 984 1006 961 747 694 898 976 927 642 267 889 280 183 911 693 782 630 273 894 824 326 242 921 0 477 829 623 943 813 721 398 831 958 81 249
567 760 275 336 603 492 616 239 914 586 375 506 589 281 119 154 924 491 939 795 769 562 558 242 587 250 356 611 737 586 579 421 190 868 536 207 275 344 505 427 864 445 81 370 793 149 729 602 706 342 980 494 572 718 238 412 866 399 510 507 289 378 226 391 490 420 319 402 517 477 0 425 909 688 826 317 726 427 703 452 461
204 688 381 689 241 246 968 400 598 224 325 143 941 231 498 534 562 245 576 677 406 914 910 594 224 630 709 964 375 223 931 175 543 505 289 586 225 294 142 780 591 199 486 320 431 310 367 239 343 292 617 131 209 355 399 780 504 778 863 144 239 328 387 771 127 173 698 754 271 829 425 0 547 325 464 314 715 64 340 805 813
584 218 865 652 620 730 592 885 128 603 809 523 565 715 982 962 88 729 229 206 289 538 722 789 604 868 672 587 445 602 555 659 806 242 774 917 709 779 522 582 121 683 970 804 314 795 437 619 413 777 143 511 589 380 883 730 387 755 488 524 723 812 871 748 507 658 801 717 755 623 909 547 0 395 265 798 244 548 411 616 553
362 537 643 952 398 508 911 663 447 381 587 301 884 493 761 796 410 507 425 525 255 857 1041 857 382 892 971 906 223 381 874 437 805 354 552 849 487 557 300 901 440 461 748 583 279 573 215 397 77 555 466 289 367 204 662 1042 352 1040 807 302 501 590 649 1033 285 436 961 1017 533 943 688 325 395 0 312 576 563 327 81 935 872
500 407 782 842 537 647 781 801 317 520 726 439 754 632 899 934 280 645 414 395 271 727 911 979 520 1031 861 776 230 519 744 575 944 87 690 987 626 695 439 771 310 600 887 721 295 711 222 535 330 693 336 427 505 143 800 919 368 944 677 440 640 729 788 937 423 574 990 906 672 813 826 464 265 312 0 715 433 465 327 806 743
455 940 246 581 492 381 861 292 849 475 263 395 833 170 390 426 813 379 828 928 658 806 802 486 475 522 601 856 626 474 823 309 435 756 424 478 164 233 394 672 842 334 378 259 682 202 618 490 594 231 868 382 461 606 291 672 755 670 755 395 177 266 279 663 379 308 590 646 406 721 317 314 798 576 715 0 966 315 592 697 705
751 52 929 426 788 898 366 893 206 771 977 691 339 883 799 737 259 897 264 87 457 312 496 563 771 642 446 361 613 770 329 827 580 410 941 691 877 946 690 356 156 851 787 972 481 803 605 787 581 944 314 679 757 548 892 504 510 529 262 691 891 980 879 522 675 825 575 491 923 398 726 715 244 563 433 966 0 716 579 391 327
206 690 383 691 242 248 970 402 600 226 327 145 943 233 500 535 563 246 578 678 408 916 912 596 226 632 710 965 376 225 933 176 545 507 291 588 227 296 144 782 593 201 488 322 433 312 368 241 345 294 619 133 211 357 401 781 506 780 865 146 241 329 389 773 129 175 700 756 273 831 427 64 548 327 465 315 716 0 342 807 815
377 552 659 967 414 524 926 678 462 397 603 316 899 509 776 811 425 522 440 540 270 872 1056 872 397 908 987 922 239 396 889 452 821 369 567 864 503 572 315 917 455 477 764 598 295 588 231 412 90 570 481 304 382 219 677 1057 368 1056 822 317 517 606 665 1049 300 451 976 1032 549 958 703 340 411 81 327 592 579 342 0 951 888
946 424 655 152 983 872 228 619 578 966 754 886 201 661 525 463 631 870 636 459 829 174 162 290 967 369 172 223 985 965 191 800 307 782 915 418 655 724 885 243 528 825 513 750 854 529 977 982 954 722 687 874 952 920 618 243 882 256 176 886 669 757 605 249 870 799 302 217 897 81 452 805 616 935 806 697 391 807 951 0 241
955 361 663 161 991 880 217 627 515 974 763 894 190 669 534 448 568 879 573 396 766 163 347 275 975 354 180 212 922 974 180 809 292 719 924 403 663 732 893 68 465 833 521 758 791 537 914 990 891 730 624 882 960 857 626 228 819 241 89 895 677 766 613 234 878 808 287 202 905 249 461 813 553 872 743 705 327 815 888 241 0
EOF
