NAME : tsp_problem
TYPE : TSP
DIMENSION : 63
EDGE_WEIGHT_TYPE : EXPLICIT
EDGE_WEIGHT_FORMAT : FULL_MATRIX
EDGE_WEIGHT_SECTION
0 459 1066 652 888 456 448 473 671 458 947 887 826 884 612 629 317 165 1000 692 370 535 904 587 617 495 675 738 58 804 661 594 687 462 359 387 832 802 241 645 200 771 937 709 869 730 849 104 798 566 128 813 468 75 465 679 197 470 968 591 964 520 621
459 0 862 939 638 34 37 85 422 840 762 638 577 849 974 380 255 457 750 443 751 916 655 969 998 877 426 868 440 936 1043 975 894 843 298 138 582 553 622 396 492 994 752 460 620 860 599 396 549 316 371 944 89 456 847 1053 456 852 776 342 715 902 1002
1066 862 0 463 274 859 850 875 764 683 417 672 698 296 498 723 907 1108 136 564 745 584 368 607 575 698 769 392 1046 382 699 631 418 785 949 789 507 342 881 738 1143 440 406 581 389 384 524 1047 346 659 1023 391 871 1020 788 511 1107 696 223 684 177 746 579
652 939 463 0 353 935 927 952 841 247 345 748 775 335 86 800 892 739 413 641 309 171 445 236 205 328 846 110 633 255 286 218 160 401 934 866 584 419 468 815 774 222 334 658 466 103 601 678 423 736 703 263 948 606 404 141 729 282 375 761 377 332 209
888 638 274 353 0 635 627 652 541 573 194 448 475 261 388 499 684 885 163 341 635 474 145 562 531 654 545 282 868 348 589 521 308 727 726 566 284 119 771 515 920 406 183 358 166 274 301 824 123 436 799 356 648 885 730 467 884 586 188 461 127 636 535
456 34 859 935 635 0 48 75 419 837 759 635 573 846 971 377 252 453 747 440 748 913 651 965 995 874 423 865 436 932 1040 972 891 840 294 134 579 549 619 392 488 990 749 457 617 857 596 392 546 313 368 941 79 453 843 1050 452 848 773 338 712 899 999
448 37 850 927 627 48 0 100 410 828 751 627 565 837 963 369 244 445 739 432 740 905 643 957 987 865 415 856 428 924 1031 963 883 832 286 126 571 541 611 384 480 982 740 448 608 849 588 384 537 305 359 932 100 445 835 1041 444 840 764 330 703 890 991
473 85 875 952 652 75 100 0 435 853 776 652 590 862 988 394 269 470 764 457 765 930 668 982 1012 890 440 881 453 949 1056 988 908 857 311 151 596 566 636 409 505 1007 765 473 633 874 613 409 562 330 384 957 30 470 860 1066 469 865 789 355 728 915 1016
671 422 764 841 541 419 410 435 0 1052 665 541 479 752 877 104 467 668 653 346 963 962 557 1051 1020 1089 41 770 651 838 1077 1009 797 1055 509 349 485 455 834 158 703 896 654 363 522 763 502 607 451 219 583 847 431 668 1058 956 667 1063 679 244 618 1114 1024
458 840 683 247 573 837 828 853 1052 0 565 969 995 479 230 1010 698 546 633 862 113 154 666 330 350 239 1056 333 439 400 280 213 305 205 740 767 805 640 274 1025 581 366 555 879 687 326 822 485 644 946 509 408 849 412 209 286 535 89 563 971 598 139 354
947 762 417 345 194 759 751 776 665 565 0 572 599 404 380 623 808 1009 306 465 627 466 269 554 523 646 669 274 928 491 581 513 300 719 850 690 408 243 763 639 1044 540 41 482 267 266 425 948 247 560 923 499 772 901 722 459 1008 577 331 585 270 628 527
887 638 672 748 448 635 627 652 541 969 572 0 474 659 784 499 683 885 560 341 1031 870 465 958 927 1049 545 678 868 745 985 917 704 1123 726 566 392 362 1050 514 920 803 562 358 430 670 409 824 359 435 799 754 647 884 1126 863 884 981 586 461 525 1031 931
826 577 698 775 475 573 565 590 479 995 599 474 0 685 810 438 622 823 587 170 1057 896 491 984 953 1076 484 704 806 772 1011 943 730 1149 664 504 418 389 989 453 858 830 588 187 456 696 435 762 385 374 737 780 586 823 1152 889 822 1008 612 399 551 1058 957
884 849 296 335 261 846 837 862 752 479 404 659 685 0 318 710 894 971 316 552 541 403 356 336 305 428 756 377 865 112 518 450 392 515 936 777 495 330 700 725 1007 170 394 568 376 370 511 911 334 646 935 120 858 838 518 241 961 514 109 671 285 564 309
612 974 498 86 388 971 963 988 877 230 380 784 810 318 0 835 852 700 448 677 292 131 481 219 188 311 881 171 593 238 246 178 120 384 894 902 620 455 428 850 735 205 370 694 502 164 637 639 459 771 663 246 983 566 387 124 689 242 402 797 413 293 192
629 380 723 800 499 377 369 394 104 1010 623 499 438 710 835 0 425 627 611 304 922 921 516 1009 978 1047 108 729 610 796 1036 968 755 1014 468 308 443 413 792 102 662 854 613 321 481 721 460 566 410 177 541 805 389 626 1017 914 626 1022 637 203 576 1072 982
317 255 907 892 684 252 244 269 467 698 808 683 622 894 852 425 0 315 796 489 609 774 700 826 856 735 472 913 298 981 901 833 927 701 106 183 628 598 480 441 350 1011 797 505 665 906 645 254 594 362 229 989 265 314 705 918 313 709 821 387 760 760 860
165 457 1108 739 885 453 445 470 668 546 1009 885 823 971 700 627 315 0 997 690 457 622 901 674 704 583 673 825 145 891 749 681 774 549 357 384 829 799 328 642 83 858 998 706 866 818 846 101 795 563 126 900 466 162 552 766 285 557 1022 588 962 607 708
1000 750 136 413 163 747 739 764 653 633 306 560 587 316 448 611 796 997 0 453 695 534 257 622 591 714 657 342 980 403 649 581 368 787 838 678 396 231 831 627 1032 461 295 470 278 334 413 936 235 548 911 411 760 969 790 527 996 646 243 573 65 696 595
692 443 564 641 341 440 432 457 346 862 465 341 170 552 677 304 489 690 453 0 924 762 357 851 820 942 350 571 673 638 877 810 597 1016 531 371 285 255 856 320 725 696 455 53 323 563 302 629 252 240 604 647 452 689 1019 756 689 874 479 266 418 924 824
370 751 745 309 635 748 740 765 963 113 627 1031 1057 541 292 922 609 457 695 924 0 215 728 242 272 150 968 395 350 461 342 274 367 117 652 679 867 702 185 937 492 428 616 940 748 387 884 396 706 858 421 470 761 324 120 334 446 151 625 883 660 201 276
535 916 584 171 474 913 905 930 962 154 466 870 896 403 131 921 774 622 534 762 215 0 567 305 274 341 967 257 515 323 180 112 205 307 816 844 705 540 350 936 657 290 455 779 587 249 722 561 544 857 585 332 925 489 311 210 611 165 487 882 498 215 278
904 655 368 445 145 651 643 668 557 666 269 465 491 356 481 516 700 901 257 357 728 567 0 655 624 746 562 375 884 442 681 614 401 820 742 582 300 135 864 531 936 500 259 374 182 367 317 840 139 452 816 451 664 901 823 560 900 678 283 477 222 728 628
587 969 607 236 562 965 957 982 1051 330 554 958 984 336 219 1009 826 674 622 851 242 305 655 0 61 122 1055 322 567 256 420 352 294 209 869 896 794 629 402 1025 709 223 544 868 676 315 811 613 633 946 638 265 978 541 213 123 664 368 420 971 587 418 65
617 998 575 205 531 995 987 1012 1020 350 523 927 953 305 188 978 856 704 591 820 272 274 624 61 0 152 1024 291 597 225 388 321 263 239 898 926 763 598 432 993 739 192 512 836 644 283 780 643 602 914 667 233 1007 571 242 91 693 385 389 939 556 435 34
495 877 698 328 654 874 865 890 1089 239 646 1049 1076 428 311 1047 735 583 714 942 150 341 746 122 152 0 1093 414 476 348 467 400 385 118 777 804 885 720 311 1062 618 315 635 959 767 406 902 522 724 983 546 356 886 449 121 214 572 276 512 1008 678 326 156
675 426 769 846 545 423 415 440 41 1056 669 545 484 756 881 108 472 673 657 350 968 967 562 1055 1024 1093 0 775 656 843 1082 1014 801 1060 514 354 489 459 839 162 708 901 659 367 527 767 506 612 456 223 587 851 435 672 1063 960 672 1068 683 249 622 1118 1028
738 868 392 110 282 865 856 881 770 333 274 678 704 377 171 729 913 825 342 571 395 257 375 322 291 414 775 0 718 341 372 304 160 487 955 795 513 349 553 744 860 308 263 587 395 32 530 764 353 665 789 349 877 692 490 227 814 368 304 690 306 418 295
58 440 1046 633 868 436 428 453 651 439 928 868 806 865 593 610 298 145 980 673 350 515 884 567 597 476 656 718 0 785 642 574 668 442 340 367 812 782 221 625 180 752 917 690 850 711 829 85 778 546 109 793 449 55 446 659 178 451 949 571 945 501 601
804 936 382 255 348 932 924 949 838 400 491 745 772 112 238 796 981 891 403 638 461 323 442 256 225 348 843 341 785 0 438 370 313 435 1023 863 581 416 620 812 927 90 480 655 463 333 598 831 420 733 855 40 945 758 438 161 881 434 196 758 372 484 229
661 1043 699 286 589 1040 1031 1056 1077 280 581 985 1011 518 246 1036 901 749 649 877 342 180 681 420 388 467 1082 372 642 438 0 110 320 434 943 970 820 655 477 1051 784 405 570 894 702 364 837 688 659 972 712 447 1052 615 437 325 738 238 602 997 613 232 393
594 975 631 218 521 972 963 988 1009 213 513 917 943 450 178 968 833 681 581 810 274 112 614 352 321 400 1014 304 574 370 110 0 253 366 875 903 753 588 409 983 716 337 502 826 634 297 769 620 592 904 644 379 984 547 370 257 670 170 534 929 545 164 325
687 894 418 160 308 891 883 908 797 305 300 704 730 392 120 755 927 774 368 597 367 205 401 294 263 385 801 160 668 313 320 253 0 459 969 822 540 375 503 771 809 279 290 614 422 152 557 714 379 692 738 321 903 641 462 199 764 317 331 717 333 367 267
462 843 785 401 727 840 832 857 1055 205 719 1123 1149 515 384 1014 701 549 787 1016 117 307 820 209 239 118 1060 487 442 435 434 366 459 0 744 771 959 794 277 1029 584 402 708 1032 840 479 976 488 798 950 513 443 853 416 60 301 538 243 599 975 752 293 243
359 298 949 934 726 294 286 311 509 740 850 726 664 936 894 468 106 357 838 531 652 816 742 869 898 777 514 955 340 1023 943 875 969 744 0 225 670 640 522 483 392 1053 839 547 707 948 687 296 636 404 271 1031 307 356 747 960 353 752 863 429 802 802 902
387 138 789 866 566 134 126 151 349 767 690 566 504 777 902 308 183 384 678 371 679 844 582 896 926 804 354 795 367 863 970 903 822 771 225 0 510 480 550 323 419 921 679 388 547 788 527 323 476 244 298 872 147 384 774 981 383 779 704 269 643 829 930
832 582 507 584 284 579 571 596 485 805 408 392 418 495 620 443 628 829 396 285 867 705 300 794 763 885 489 513 812 581 820 753 540 959 670 510 0 198 995 459 864 639 398 302 266 506 72 768 195 380 743 590 591 829 962 699 828 817 422 405 361 867 767
802 553 342 419 119 549 541 566 455 640 243 362 389 330 455 413 598 799 231 255 702 540 135 629 598 720 459 349 782 416 655 588 375 794 640 480 198 0 838 429 834 474 233 272 101 341 215 738 37 350 713 425 562 799 797 534 798 652 257 375 196 702 602
241 622 881 468 771 619 611 636 834 274 763 1050 989 700 428 792 480 328 831 856 185 350 864 402 432 311 839 553 221 620 477 409 503 277 522 550 995 838 0 808 363 586 752 872 884 546 1012 267 842 729 292 628 632 195 281 494 317 285 784 754 795 336 436
645 396 738 815 515 392 384 409 158 1025 639 514 453 725 850 102 441 642 627 320 937 936 531 1025 993 1062 162 744 625 812 1051 983 771 1029 483 323 459 429 808 0 677 870 628 336 496 737 476 581 425 193 556 820 405 642 1032 929 641 1037 652 218 591 1087 997
200 492 1143 774 920 488 480 505 703 581 1044 920 858 1007 735 662 350 83 1032 725 492 657 936 709 739 618 708 860 180 927 784 716 809 584 392 419 864 834 363 677 0 893 1034 742 901 853 881 137 830 598 161 935 501 197 587 801 320 592 1058 623 997 643 743
771 994 440 222 406 990 982 1007 896 366 540 803 830 170 205 854 1011 858 461 696 428 290 500 223 192 315 901 308 752 90 405 337 279 402 1053 921 639 474 586 870 893 0 529 713 521 300 656 797 478 791 822 98 1003 725 405 128 848 401 254 816 430 451 196
937 752 406 334 183 749 740 765 654 555 41 562 588 394 370 613 797 998 295 455 616 455 259 544 512 635 659 263 917 480 570 502 290 708 839 679 398 233 752 628 1034 529 0 471 277 256 414 938 237 549 913 489 761 891 712 448 997 567 321 574 260 617 516
709 460 581 658 358 457 448 473 363 879 482 358 187 568 694 321 505 706 470 53 940 779 374 868 836 959 367 587 690 655 894 826 614 1032 547 388 302 272 872 336 742 713 471 0 339 580 319 646 268 257 621 663 469 706 1036 773 705 891 495 282 434 941 841
869 620 389 466 166 617 608 633 522 687 267 430 456 376 502 481 665 866 278 323 748 587 182 676 644 767 527 395 850 463 702 634 422 840 707 547 266 101 884 496 901 521 277 339 0 388 282 806 105 417 781 471 629 866 844 581 865 699 303 442 242 749 649
730 860 384 103 274 857 849 874 763 326 266 670 696 370 164 721 906 818 334 563 387 249 367 315 283 406 767 32 711 333 364 297 152 479 948 788 506 341 546 737 853 300 256 580 388 0 523 757 345 658 781 342 869 684 483 219 807 360 297 683 299 411 287
849 599 524 601 301 596 588 613 502 822 425 409 435 511 637 460 645 846 413 302 884 722 317 811 780 902 506 530 829 598 837 769 557 976 687 527 72 215 1012 476 881 656 414 319 282 523 0 785 211 397 760 607 608 846 979 716 845 834 439 422 378 884 784
104 396 1047 678 824 392 384 409 607 485 948 824 762 911 639 566 254 101 936 629 396 561 840 613 643 522 612 764 85 831 688 620 714 488 296 323 768 738 267 581 137 797 938 646 806 757 785 0 734 502 65 839 405 101 492 705 224 496 962 527 901 547 647
798 549 346 423 123 546 537 562 451 644 247 359 385 334 459 410 594 795 235 252 706 544 139 633 602 724 456 353 778 420 659 592 379 798 636 476 195 37 842 425 830 478 237 268 105 345 211 734 0 346 710 429 558 795 801 538 794 656 261 371 200 706 606
566 316 659 736 436 313 305 330 219 946 560 435 374 646 771 177 362 563 548 240 858 857 452 946 914 983 223 665 546 733 972 904 692 950 404 244 380 350 729 193 598 791 549 257 417 658 397 502 346 0 477 741 326 563 953 850 562 958 573 55 512 1008 918
128 371 1023 703 799 368 359 384 583 509 923 799 737 935 663 541 229 126 911 604 421 585 816 638 667 546 587 789 109 855 712 644 738 513 271 298 743 713 292 556 161 822 913 621 781 781 760 65 710 477 0 863 380 125 516 729 244 521 937 502 876 571 672
813 944 391 263 356 941 932 957 847 408 499 754 780 120 246 805 989 900 411 647 470 332 451 265 233 356 851 349 793 40 447 379 321 443 1031 872 590 425 628 820 935 98 489 663 471 342 607 839 429 741 863 0 953 767 446 169 889 443 204 766 381 493 238
468 89 871 948 648 79 100 30 431 849 772 647 586 858 983 389 265 466 760 452 761 925 664 978 1007 886 435 877 449 945 1052 984 903 853 307 147 591 562 632 405 501 1003 761 469 629 869 608 405 558 326 380 953 0 465 856 1062 465 861 785 351 724 911 1012
75 456 1020 606 885 453 445 470 668 412 901 884 823 838 566 626 314 162 969 689 324 489 901 541 571 449 672 692 55 758 615 547 641 416 356 384 829 799 195 642 197 725 891 706 866 684 846 101 795 563 125 767 465 0 419 633 151 424 922 588 934 474 575
465 847 788 404 730 843 835 860 1058 209 722 1126 1152 518 387 1017 705 552 790 1019 120 311 823 213 242 121 1063 490 446 438 437 370 462 60 747 774 962 797 281 1032 587 405 712 1036 844 483 979 492 801 953 516 446 856 419 0 304 542 246 602 978 755 296 247
679 1053 511 141 467 1050 1041 1066 956 286 459 863 889 241 124 914 918 766 527 756 334 210 560 123 91 214 960 227 659 161 325 257 199 301 960 981 699 534 494 929 801 128 448 773 581 219 716 705 538 850 729 169 1062 633 304 0 755 321 325 875 492 371 95
197 456 1107 729 884 452 444 469 667 535 1008 884 822 961 689 626 313 285 996 689 446 611 900 664 693 572 672 814 178 881 738 670 764 538 353 383 828 798 317 641 320 848 997 705 865 807 845 224 794 562 244 889 465 151 542 755 0 547 1021 587 960 597 697
470 852 696 282 586 848 840 865 1063 89 577 981 1008 514 242 1022 709 557 646 874 151 165 678 368 385 276 1068 368 451 434 238 170 317 243 752 779 817 652 285 1037 592 401 567 891 699 360 834 496 656 958 521 443 861 424 246 321 547 0 598 983 610 90 389
968 776 223 375 188 773 764 789 679 563 331 586 612 109 402 637 821 1022 243 479 625 487 283 420 389 512 683 304 949 196 602 534 331 599 863 704 422 257 784 652 1058 254 321 495 303 297 439 962 261 573 937 204 785 922 602 325 1021 598 0 598 212 648 393
591 342 684 761 461 338 330 355 244 971 585 461 399 671 797 203 387 588 573 266 883 882 477 971 939 1008 249 690 571 758 997 929 717 975 429 269 405 375 754 218 623 816 574 282 442 683 422 527 371 55 502 766 351 588 978 875 587 983 598 0 537 1033 943
964 715 177 377 127 712 703 728 618 598 270 525 551 285 413 576 760 962 65 418 660 498 222 587 556 678 622 306 945 372 613 545 333 752 802 643 361 196 795 591 997 430 260 434 242 299 378 901 200 512 876 381 724 934 755 492 960 610 212 537 0 660 560
520 902 746 332 636 899 890 915 1114 139 628 1031 1058 564 293 1072 760 607 696 924 201 215 728 418 435 326 1118 418 501 484 232 164 367 293 802 829 867 702 336 1087 643 451 617 941 749 411 884 547 706 1008 571 493 911 474 296 371 597 90 648 1033 660 0 439
621 1002 579 209 535 999 991 1016 1024 354 527 931 957 309 192 982 860 708 595 824 276 278 628 65 34 156 1028 295 601 229 393 325 267 243 902 930 767 602 436 997 743 196 516 841 649 287 784 647 606 918 672 238 1012 575 247 95 697 389 393 943 560 439 0
EOF
