NAME : tsp_problem
TYPE : TSP
DIMENSION : 44
EDGE_WEIGHT_TYPE : EXPLICIT
EDGE_WEIGHT_FORMAT : FULL_MATRIX
EDGE_WEIGHT_SECTION
0 944 990 832 340 773 655 853 387 988 652 583 467 433 462 341 929 1074 1023 481 350 1219 930 414 429 305 1460 838 563 901 416 1071 945 1024 598 584 29 1326 1514 879 404 736 88 690
944 0 234 370 719 235 573 189 878 136 390 657 592 621 560 855 265 1237 171 669 746 1381 293 905 920 740 1622 223 833 237 649 1233 1107 188 617 658 939 1488 1676 335 895 407 945 573
990 234 0 325 830 281 684 387 989 338 501 768 703 668 607 902 462 1283 373 716 792 1428 85 1017 1031 851 1669 311 944 434 696 1280 1154 144 728 769 986 1534 1723 291 1006 503 991 684
832 370 325 0 536 549 389 527 695 474 272 474 409 959 898 958 603 1574 510 1007 967 1719 384 722 736 557 1960 326 649 575 987 1571 1445 211 442 474 827 1826 2014 66 711 197 833 425
340 719 830 536 0 898 359 877 203 824 356 287 171 558 587 466 953 1199 859 606 475 1344 889 230 244 65 1585 542 267 925 541 1196 1070 727 302 288 335 1451 1639 583 219 440 341 394
773 235 281 549 898 0 775 145 945 279 593 859 795 450 390 684 220 1066 314 498 575 1211 221 972 987 864 1451 402 1035 192 478 1063 936 368 819 860 768 1317 1506 514 962 610 774 775
655 573 684 389 359 775 0 731 518 677 210 297 232 873 902 781 806 1514 713 921 790 1659 743 545 559 380 1900 396 472 778 856 1511 1384 581 196 297 650 1765 1954 436 534 294 656 59
853 189 387 527 877 145 731 0 1026 172 548 815 750 531 470 765 106 1146 208 579 656 1291 327 1053 1067 898 1532 380 991 78 559 1143 1017 346 775 816 849 1398 1586 492 1042 565 854 731
387 878 989 695 203 945 518 1026 0 983 516 446 330 605 634 513 1101 1247 1018 653 522 1391 1048 100 119 169 1632 701 426 1073 588 1243 1117 887 461 447 382 1498 1686 742 89 599 388 553
988 136 338 474 824 279 677 172 983 0 495 762 697 665 605 899 200 1281 98 713 790 1426 397 1010 1024 845 1666 328 937 171 693 1278 1151 293 721 762 983 1532 1721 440 999 512 989 677
652 390 501 272 356 593 210 548 516 495 0 294 229 871 900 778 624 1512 530 919 788 1657 560 543 557 378 1898 213 470 596 854 1509 1382 456 262 295 648 1763 1952 320 532 177 653 245
583 657 768 474 287 859 297 815 446 762 294 0 160 801 831 709 891 1443 797 849 719 1587 827 473 488 308 1828 480 401 863 785 1440 1313 665 240 49 579 1694 1883 521 463 378 584 332
467 592 703 409 171 795 232 750 330 697 229 160 0 685 714 593 826 1327 732 733 602 1471 762 357 372 192 1712 415 285 798 668 1323 1197 600 175 161 462 1578 1766 456 347 313 468 267
433 621 668 959 558 450 873 531 605 665 871 801 685 0 139 371 606 920 700 85 235 1065 608 632 647 524 1305 812 781 578 262 917 790 777 816 802 428 1171 1360 924 622 954 434 908
462 560 607 898 587 390 902 470 634 605 900 831 714 139 0 401 546 942 640 187 264 1087 547 662 676 553 1328 751 810 518 211 939 813 717 845 831 458 1194 1382 863 651 936 463 938
341 855 902 958 466 684 781 765 513 899 778 709 593 371 401 0 840 903 935 419 289 1048 842 540 554 431 1289 964 689 812 245 900 774 1012 724 710 336 1154 1343 1005 529 862 342 816
929 265 462 603 953 220 806 106 1101 200 624 891 826 606 546 840 0 1222 235 654 731 1367 402 1128 1143 974 1607 456 1066 59 634 1219 1092 421 850 891 924 1473 1662 568 1118 641 930 806
1092 1255 1301 1592 1217 1084 1532 1164 1265 1299 1530 1461 1345 938 961 921 1240 0 1334 986 1014 464 1241 1292 1306 1183 705 1446 1440 1212 789 166 436 1411 1475 1461 1088 571 759 1558 1281 1614 1093 1568
1023 171 373 510 859 314 713 208 1018 98 530 797 732 700 640 935 235 1316 0 748 825 1461 432 1045 1060 880 1702 363 972 207 728 1313 1186 328 756 797 1018 1567 1756 475 1035 547 1024 712
481 669 716 1007 606 498 921 579 653 713 919 849 733 85 187 419 654 968 748 0 283 1113 656 680 695 572 1353 860 829 626 310 965 838 825 864 850 476 1219 1408 972 670 1002 482 956
350 746 792 967 475 575 790 656 522 790 788 719 602 235 264 289 731 996 825 283 0 1140 732 550 564 441 1381 937 698 703 338 992 866 902 733 719 346 1247 1435 1014 539 871 351 825
1204 1367 1413 1704 1329 1196 1644 1276 1376 1411 1642 1573 1456 1050 1072 1033 1352 466 1446 1098 1125 0 1353 1404 1418 1295 570 1558 1552 1324 901 463 547 1523 1587 1573 1200 133 624 1669 1393 1725 1205 1679
930 293 85 384 889 221 743 327 1048 397 560 827 762 608 547 842 402 1223 432 656 732 1368 0 1075 1090 910 1609 370 1003 374 636 1220 1093 203 787 828 926 1474 1663 350 1065 562 931 743
414 905 1017 722 230 972 545 1053 100 1010 543 473 357 632 662 540 1128 1274 1045 680 550 1418 1075 0 179 196 1659 729 453 1100 616 1271 1144 914 488 474 410 1525 1713 769 30 626 415 580
429 920 1031 736 244 987 559 1067 119 1024 557 488 372 647 676 554 1143 1288 1060 695 564 1433 1090 179 0 210 1674 743 467 1115 630 1285 1158 928 502 488 424 1539 1728 784 168 641 430 595
305 740 851 557 65 864 380 898 169 845 378 308 192 524 553 431 974 1165 880 572 441 1310 910 196 210 0 1551 563 288 946 507 1162 1035 749 323 309 301 1416 1605 604 185 461 306 415
1266 1428 1474 1766 1391 1257 1705 1338 1438 1472 1703 1634 1518 1111 1134 1094 1413 527 1507 1159 1187 358 1414 1465 1479 1356 0 1619 1613 1385 962 524 609 1584 1649 1634 1261 464 406 1731 1454 1787 1267 1741
838 223 311 326 542 402 396 380 701 328 213 480 415 812 751 964 456 1428 363 860 937 1572 370 729 743 563 1813 0 656 428 840 1424 1298 266 440 481 834 1679 1867 373 718 230 839 396
563 833 944 649 267 1035 472 991 426 937 470 401 285 781 810 689 1066 1422 972 829 698 1567 1003 453 467 288 1808 656 0 1038 764 1419 1293 841 415 401 558 1673 1862 696 442 554 564 508
901 237 434 575 925 192 778 78 1073 171 596 863 798 578 518 812 59 1194 207 626 703 1339 374 1100 1115 946 1579 428 1038 0 606 1191 1064 393 822 863 896 1445 1634 540 1090 613 902 778
416 649 696 987 541 478 856 559 588 693 854 785 668 262 211 245 634 771 728 310 338 916 636 616 630 507 1156 840 764 606 0 768 641 805 799 785 412 1022 1211 952 605 937 417 892
1089 1252 1298 1589 1214 1081 1529 1161 1261 1296 1527 1458 1341 935 957 918 1237 166 1331 983 1011 461 1238 1289 1303 1180 702 1443 1437 1209 786 0 432 1408 1472 1458 1085 568 756 1555 1278 1610 1090 1565
962 1124 1171 1462 1087 953 1402 1034 1134 1168 1399 1330 1214 807 830 791 1109 403 1203 855 883 548 1111 1161 1175 1052 789 1315 1310 1081 658 400 0 1280 1345 1331 957 654 843 1427 1150 1483 963 1437
1024 188 144 211 727 368 581 346 887 293 456 665 600 777 717 1012 421 1393 328 825 902 1538 203 914 928 749 1779 266 841 393 805 1390 1263 0 633 666 1019 1644 1833 176 903 389 1024 616
598 617 728 442 302 819 196 775 461 721 262 240 175 816 845 724 850 1457 756 864 733 1602 787 488 502 323 1843 440 415 822 799 1454 1328 633 0 240 593 1709 1897 489 477 346 599 168
584 658 769 474 288 860 297 816 447 762 295 49 161 802 831 710 891 1443 797 850 719 1588 828 474 488 309 1829 481 401 863 785 1440 1314 666 240 0 579 1694 1883 521 463 378 585 332
29 939 986 827 335 768 650 849 382 983 648 579 462 428 458 336 924 1070 1018 476 346 1214 926 410 424 301 1455 834 558 896 412 1066 940 1019 593 579 0 1321 1509 874 399 731 95 685
1311 1473 1520 1811 1436 1302 1751 1383 1483 1517 1748 1679 1563 1156 1179 1140 1458 572 1552 1204 1232 133 1460 1510 1524 1401 676 1664 1659 1430 1007 569 654 1629 1694 1680 1306 0 731 1776 1499 1832 1312 1786
1287 1449 1496 1787 1412 1278 1727 1359 1459 1493 1724 1655 1539 1132 1155 1116 1434 548 1528 1180 1208 379 1436 1486 1500 1377 373 1640 1635 1406 983 545 630 1605 1670 1656 1282 485 0 1752 1475 1808 1288 1762
879 335 291 66 583 514 436 492 742 440 320 521 456 924 863 1005 568 1540 475 972 1014 1684 350 769 784 604 1925 373 696 540 952 1536 1410 176 489 521 874 1791 1979 0 758 244 880 472
404 895 1006 711 219 962 534 1042 89 999 532 463 347 622 651 529 1118 1263 1035 670 539 1408 1065 30 168 185 1649 718 442 1090 605 1260 1133 903 477 463 399 1514 1703 758 0 616 404 570
736 407 503 197 440 610 294 565 599 512 177 378 313 954 936 862 641 1596 547 1002 871 1740 562 626 641 461 1981 230 554 613 937 1592 1466 389 346 378 731 1847 2035 244 616 0 737 329
88 945 991 833 341 774 656 854 388 989 653 584 468 434 463 342 930 1075 1024 482 351 1220 931 415 430 306 1461 839 564 902 417 1072 946 1024 599 585 95 1326 1515 880 404 737 0 691
690 573 684 425 394 775 59 731 553 677 245 332 267 908 938 816 806 1550 712 956 825 1694 743 580 595 415 1935 396 508 778 892 1546 1420 616 168 332 685 1801 1989 472 570 329 691 0
EOF