NAME : tsp_problem
TYPE : TSP
DIMENSION : 46
EDGE_WEIGHT_TYPE : EXPLICIT
EDGE_WEIGHT_FORMAT : FULL_MATRIX
EDGE_WEIGHT_SECTION
0 1009 1463 315 786 632 1000 839 469 509 472 770 537 1074 393 571 408 975 445 1459 1546 1031 625 960 974 890 671 383 1114 1163 1000 1267 442 656 420 911 1478 606 1382 981 1018 517 1025 587 493 967
1009 0 1530 948 691 944 390 538 564 647 610 271 496 401 839 883 854 312 863 1525 1612 44 405 310 288 152 984 651 188 1230 267 1334 976 375 954 130 1545 701 1449 1048 596 1051 365 812 530 404
1479 1546 0 1372 1843 1689 1536 1897 1200 1240 1202 1371 1218 1610 1261 1628 1245 1695 1503 79 414 1567 1305 1496 1510 1426 1729 1194 1703 623 1536 425 1500 1337 1478 1447 164 1664 188 652 2076 1575 1562 1644 1206 1504
315 948 1357 0 513 359 939 566 408 448 411 709 476 978 287 298 301 702 172 1352 1439 970 563 887 888 829 398 322 842 1057 867 1160 169 595 147 850 1371 334 1276 875 745 245 942 314 432 906
786 691 1827 513 0 465 666 266 879 919 881 777 947 678 757 404 772 402 384 1823 1910 675 911 586 587 820 505 793 541 1528 566 1631 497 880 475 798 1842 222 1747 1346 445 573 641 333 902 698
632 944 1673 359 465 0 920 519 725 765 727 1025 793 931 603 141 618 655 230 1669 1756 929 880 840 841 1074 106 639 794 1374 820 1477 343 912 321 1052 1688 286 1593 1192 698 419 894 267 748 951
1000 390 1520 939 666 920 0 529 555 637 600 262 486 108 830 859 844 311 839 1516 1603 374 395 134 250 317 959 641 319 1220 266 1324 952 365 930 338 1535 676 1439 1039 708 1027 52 787 520 103
839 538 1881 566 266 519 529 0 932 972 935 639 864 540 811 458 826 264 438 1877 1964 522 773 449 450 668 559 847 376 1581 429 1685 551 743 529 645 1896 276 1800 1399 280 626 503 387 898 560
469 564 1184 408 879 725 555 932 0 107 70 325 92 629 299 664 314 714 539 1180 1267 586 180 515 529 445 764 111 722 884 555 988 536 211 514 466 1199 700 1103 702 1111 611 580 680 48 523
509 647 1224 448 919 765 637 972 107 0 98 407 175 712 339 704 353 796 578 1219 1306 669 262 598 612 528 804 151 804 924 637 1028 575 294 553 548 1239 740 1143 742 1151 651 663 720 131 605
472 610 1186 411 881 727 600 935 70 98 0 370 138 674 302 666 316 759 541 1182 1269 631 225 560 574 490 767 113 767 887 600 990 538 257 516 511 1201 702 1106 705 1114 613 626 683 93 568
770 271 1355 709 777 1025 262 639 325 407 370 0 256 336 600 964 614 421 839 1351 1438 293 165 222 236 152 1065 411 429 1055 262 1159 836 135 814 173 1370 787 1274 874 818 911 287 898 291 230
537 496 1202 476 947 793 486 864 92 175 138 256 0 561 367 732 381 645 606 1197 1285 518 111 447 460 377 832 179 653 902 486 1006 603 143 581 397 1217 768 1121 720 1043 679 512 748 58 454
1074 401 1595 978 678 931 108 540 629 712 674 336 561 0 904 870 918 322 850 1590 1677 385 470 145 298 391 971 716 330 1295 277 1398 963 439 941 412 1610 687 1514 1113 719 1038 82 799 595 139
393 839 1245 287 757 603 830 811 299 339 302 600 367 904 0 542 76 947 417 1241 1328 861 454 790 804 720 643 213 997 946 830 1049 414 486 392 741 1260 578 1165 764 990 489 855 559 323 797
571 883 1612 298 404 141 859 458 664 704 666 964 732 870 542 0 557 594 169 1608 1695 868 819 779 780 1013 133 578 733 1313 759 1416 282 851 260 991 1627 225 1532 1131 637 358 833 206 687 890
408 854 1229 301 772 618 844 826 314 353 316 614 381 918 76 557 0 962 431 1225 1312 875 469 804 818 734 657 228 1011 930 844 1033 428 500 406 755 1244 593 1149 748 1005 504 870 573 337 812
975 312 1679 702 402 655 311 264 714 796 759 421 645 322 947 594 962 0 574 1675 1762 296 554 231 208 441 695 800 240 1380 188 1483 687 524 665 419 1694 412 1599 1198 443 762 285 523 680 342
445 863 1487 172 384 230 839 438 539 578 541 839 606 850 417 169 431 574 0 1482 1569 847 694 759 760 959 270 452 713 1187 739 1291 157 725 135 971 1502 205 1406 1005 617 232 813 186 562 870
1474 1541 79 1368 1839 1685 1531 1892 1195 1235 1198 1366 1213 1606 1257 1624 1241 1691 1498 0 410 1563 1301 1492 1506 1422 1724 1190 1699 619 1532 421 1495 1332 1473 1443 122 1660 184 648 2071 1570 1557 1640 1201 1499
1465 1532 348 1359 1830 1676 1523 1883 1186 1226 1189 1357 1204 1597 1248 1615 1232 1682 1489 344 0 1554 1292 1483 1497 1413 1715 1181 1690 610 1523 412 1486 1323 1464 1434 363 1651 268 639 2062 1562 1548 1631 1192 1490
1031 44 1551 970 675 929 374 522 586 669 631 293 518 385 861 868 875 296 847 1547 1634 0 427 294 272 173 968 672 172 1252 251 1355 960 396 938 151 1566 685 1471 1070 580 1036 349 796 552 405
625 405 1289 563 911 880 395 773 180 262 225 165 111 470 454 819 469 554 694 1285 1372 427 0 356 369 285 920 266 562 990 395 1093 691 52 669 306 1304 855 1209 808 952 766 421 836 145 363
960 310 1480 887 586 840 134 449 515 598 560 222 447 145 790 779 804 231 759 1476 1563 294 356 0 207 277 879 602 239 1181 186 1284 872 325 850 298 1495 596 1400 999 628 947 109 707 481 165
974 288 1494 888 587 841 250 450 529 612 574 236 460 298 804 780 818 208 760 1490 1577 272 369 207 0 267 880 615 216 1195 49 1298 873 339 851 288 1509 597 1414 1013 625 948 261 708 495 218
890 152 1410 829 820 1074 317 668 445 528 490 152 377 391 720 1013 734 441 959 1406 1493 173 285 277 267 0 1113 531 317 1111 293 1214 956 255 934 67 1425 830 1330 929 725 1031 342 941 411 285
671 984 1713 398 505 106 959 559 764 804 767 1065 832 971 643 133 657 695 270 1708 1795 968 920 879 880 1113 0 678 834 1413 859 1517 383 951 361 1091 1728 326 1632 1231 737 458 934 306 788 990
383 651 1178 322 793 639 641 847 111 151 113 411 179 716 213 578 228 800 452 1174 1261 672 266 602 615 531 678 0 808 879 641 982 450 298 428 552 1193 614 1098 697 1026 525 667 594 134 609
1114 188 1687 842 541 794 319 376 722 804 767 429 653 330 997 733 1011 240 713 1683 1770 172 562 239 216 317 834 808 0 1387 195 1491 826 532 804 295 1702 551 1606 1206 434 901 293 662 687 350
1181 1248 591 1075 1546 1392 1239 1599 902 942 905 1074 920 1313 964 1331 948 1398 1205 586 673 1270 1008 1199 1213 1129 1431 897 1406 0 1239 395 1202 1039 1180 1150 606 1367 510 355 1778 1278 1264 1347 908 1206
1000 267 1520 867 566 820 266 429 555 637 600 262 486 277 830 759 844 188 739 1516 1603 251 395 186 49 293 859 641 195 1220 0 1324 852 365 830 314 1535 576 1439 1039 604 927 240 687 520 244
1100 1167 544 993 1464 1310 1157 1518 821 861 823 992 839 1231 882 1249 866 1316 1124 539 626 1188 926 1117 1131 1047 1350 815 1324 244 1157 0 1121 958 1099 1068 559 1285 463 273 1697 1196 1183 1265 827 1125
442 976 1484 169 497 343 952 551 536 575 538 836 603 963 414 282 428 687 157 1479 1566 960 691 872 873 956 383 450 826 1184 852 1288 0 722 97 977 1499 318 1403 1002 730 229 926 299 559 983
656 375 1321 595 880 912 365 743 211 294 257 135 143 439 486 851 500 524 725 1316 1404 396 52 325 339 255 951 298 532 1021 365 1125 722 0 700 276 1336 887 1240 839 922 798 391 867 177 333
420 954 1462 147 475 321 930 529 514 553 516 814 581 941 392 260 406 665 135 1457 1544 938 669 850 851 934 361 428 804 1162 830 1266 97 700 0 955 1477 296 1381 980 708 207 904 277 537 961
911 130 1431 850 798 1052 338 645 466 548 511 173 397 412 741 991 755 419 971 1427 1514 151 306 298 288 67 1091 552 295 1132 314 1235 977 276 955 0 1446 808 1351 950 703 1052 363 919 431 306
1494 1561 164 1387 1858 1704 1551 1912 1215 1255 1217 1386 1233 1625 1276 1643 1260 1710 1518 122 429 1582 1320 1511 1525 1441 1743 1209 1718 638 1551 440 1515 1352 1493 1462 0 1679 110 667 2091 1590 1577 1659 1221 1519
606 701 1648 334 222 286 676 276 700 740 702 787 768 687 578 225 593 412 205 1644 1731 685 855 596 597 830 326 614 551 1349 576 1452 318 887 296 808 1663 0 1568 1167 454 393 651 154 723 707
1398 1465 188 1292 1762 1608 1455 1816 1119 1159 1122 1290 1137 1530 1180 1547 1164 1614 1422 184 333 1487 1225 1416 1429 1345 1648 1114 1622 542 1455 345 1419 1256 1397 1366 110 1583 0 572 1995 1494 1481 1564 1125 1423
999 1065 622 892 1363 1209 1056 1417 720 759 722 891 737 1130 781 1148 765 1215 1022 618 705 1087 825 1016 1030 946 1248 714 1223 323 1056 426 1019 856 997 967 637 1184 542 0 1595 1095 1081 1164 725 1024
1018 596 2060 745 445 698 708 280 1111 1151 1114 818 1043 719 990 637 1005 443 617 2055 2143 580 952 628 625 725 737 1026 434 1760 604 1864 730 922 708 703 2075 454 1979 1578 0 805 682 566 1077 739
517 1051 1559 245 573 419 1027 626 611 651 613 911 679 1038 489 358 504 762 232 1555 1642 1036 766 947 948 1031 458 525 901 1259 927 1363 229 798 207 1052 1574 393 1478 1078 805 0 1002 374 634 1058
1025 365 1546 942 641 894 52 503 580 663 626 287 512 82 855 833 870 285 813 1541 1628 349 421 109 261 342 934 667 293 1246 240 1350 926 391 904 363 1561 651 1465 1064 682 1002 0 762 546 83
587 812 1629 314 333 267 787 387 680 720 683 898 748 799 559 206 573 523 186 1624 1711 796 836 707 708 941 306 594 662 1329 687 1433 299 867 277 919 1644 154 1548 1147 566 374 762 0 704 819
493 530 1190 432 902 748 520 898 48 131 93 291 58 595 323 687 337 680 562 1185 1272 552 145 481 495 411 788 134 687 890 520 994 559 177 537 431 1205 723 1109 708 1077 634 546 704 0 488
967 404 1488 906 698 951 103 560 523 605 568 230 454 139 797 890 812 342 870 1484 1571 405 363 165 218 285 990 609 350 1188 244 1292 983 333 961 306 1503 707 1407 1006 739 1058 83 819 488 0
EOF