NAME : tsp_problem
TYPE : TSP
DIMENSION : 22
EDGE_WEIGHT_TYPE : EXPLICIT
EDGE_WEIGHT_FORMAT : FULL_MATRIX
EDGE_WEIGHT_SECTION
0 850 1468 339 1239 487 666 370 1148 1254 740 488 229 355 405 422 417 473 877 532 881 418
850 0 1510 536 1280 707 664 536 1190 1296 739 678 1038 756 807 668 819 532 243 514 135 664
1485 1527 0 1290 582 1259 2108 1236 492 585 2183 1931 1672 1797 1848 1865 1860 1916 1553 1975 1596 1861
339 536 1273 0 1044 326 963 106 954 1060 1037 785 526 652 702 719 714 770 563 829 606 715
1039 1080 667 844 0 813 1662 790 348 454 1737 1485 1226 1351 1402 1419 1414 1470 1107 1529 1150 1415
487 707 1242 326 1013 0 1111 272 923 1029 1186 933 675 800 851 868 863 919 733 978 776 864
666 664 2092 963 1862 1111 0 994 1772 1878 163 373 744 451 502 363 514 225 625 359 572 360
370 536 1219 106 990 272 994 0 900 1006 1069 817 558 683 734 751 746 802 563 861 606 747
1026 1068 655 831 124 800 1650 777 0 441 1724 1472 1213 1339 1389 1406 1401 1457 1094 1516 1137 1402
1239 1281 587 1045 337 1014 1863 991 247 0 1938 1685 1427 1552 1603 1620 1615 1671 1308 1730 1351 1616
740 739 2166 1037 1937 1186 163 1069 1847 1953 0 448 818 526 577 438 588 300 700 433 646 434
488 678 1914 785 1685 933 373 817 1594 1700 448 0 566 274 324 186 336 181 775 240 589 182
229 1038 1656 526 1426 675 744 558 1336 1442 818 566 0 433 483 500 495 551 1064 610 960 497
355 756 1781 652 1551 800 451 683 1461 1567 526 274 433 0 92 208 104 259 853 318 667 204
405 807 1831 702 1602 851 502 734 1512 1618 577 324 483 92 0 259 56 310 904 369 718 255
422 668 1848 719 1619 868 363 751 1529 1635 438 186 500 208 259 0 270 171 765 230 579 38
417 819 1843 714 1614 863 514 746 1524 1630 588 336 495 104 56 270 0 322 916 380 730 267
473 532 1899 770 1670 919 225 802 1580 1686 300 181 551 259 310 171 322 0 629 166 443 167
877 243 1537 563 1307 733 625 563 1217 1323 700 775 1064 853 904 765 916 629 0 611 289 761
532 514 1958 829 1729 978 359 861 1639 1745 433 240 610 318 369 230 380 166 611 0 425 226
881 135 1579 606 1350 776 572 606 1260 1366 646 589 960 667 718 579 730 443 289 425 0 575
418 664 1845 715 1615 864 360 747 1525 1631 434 182 497 204 255 38 267 167 761 226 575 0
EOF