NAME : tsp_problem
TYPE : TSP
DIMENSION : 16
EDGE_WEIGHT_TYPE : EXPLICIT
EDGE_WEIGHT_FORMAT : FULL_MATRIX
EDGE_WEIGHT_SECTION
0 672 203 691 304 175 680 356 529 216 450 740 721 829 648 691
672 0 591 306 769 684 901 385 453 639 596 326 336 444 131 1037
203 591 0 610 211 126 588 274 447 81 369 659 640 748 566 598
691 306 610 0 788 703 637 403 471 658 614 167 167 174 281 773
304 769 211 788 0 284 410 452 625 239 547 837 818 926 745 421
175 684 126 703 284 0 660 367 540 75 462 752 733 841 659 671
680 901 588 637 410 660 0 829 1002 615 924 636 763 604 877 321
356 385 274 403 452 367 829 0 241 322 279 452 433 541 360 839
529 453 447 471 625 540 1002 241 0 495 452 520 502 609 428 1012
216 639 81 658 239 75 615 322 495 0 417 706 688 796 614 626
450 596 369 614 547 462 924 279 452 417 0 663 645 752 571 934
740 326 659 167 837 752 636 452 520 706 663 0 216 297 301 772
721 336 640 167 818 733 763 433 502 688 645 216 0 303 311 899
829 444 748 174 926 841 604 541 609 796 752 297 303 0 419 740
648 131 566 281 745 659 877 360 428 614 571 301 311 419 0 1013
691 1037 598 773 421 671 321 839 1012 626 934 772 899 740 1013 0
EOF
