NAME : tsp_problem
TYPE : TSP
DIMENSION : 30
EDGE_WEIGHT_TYPE : EXPLICIT
EDGE_WEIGHT_FORMAT : FULL_MATRIX
EDGE_WEIGHT_SECTION
0 456 738 1002 2041 676 2009 2186 943 490 723 652 993 736 573 1121 1142 601 574 1044 2015 2124 1618 922 1582 691 786 564 1083 513
456 0 685 830 1632 253 1600 1777 517 288 671 599 833 310 282 694 758 549 522 617 1606 1714 1209 870 1173 268 734 362 656 461
738 685 0 632 1671 908 1639 1816 929 587 353 282 623 965 938 798 772 169 400 832 1645 1754 1248 552 1212 924 416 523 803 386
1002 830 632 0 1070 622 1038 1216 334 851 396 381 150 768 736 202 176 496 664 237 1044 1153 647 286 611 607 459 788 207 650
2057 1647 1687 1086 0 1440 239 416 1296 1906 1451 1436 1205 1586 1554 1207 1188 1550 1719 1199 63 354 650 1341 614 1425 1514 1842 1153 1705
676 253 908 622 1424 0 1392 1569 309 511 894 822 625 291 292 487 550 772 745 410 1398 1507 1001 872 965 46 957 586 449 684
1915 1506 1545 944 394 1298 0 539 1154 1764 1309 1294 1063 1444 1412 1066 1046 1409 1578 1057 368 477 509 1199 473 1283 1373 1701 1011 1563
2203 1794 1833 1232 447 1586 385 0 1442 2052 1597 1582 1351 1732 1700 1353 1334 1697 1866 1345 422 101 797 1487 761 1571 1660 1989 1299 1851
943 517 929 334 1280 309 1248 1425 0 775 694 678 337 455 423 198 262 793 962 121 1254 1363 857 583 821 294 757 849 160 947
490 288 587 851 1890 511 1858 2035 775 0 572 500 842 568 540 952 990 450 423 875 1864 1973 1467 771 1431 526 635 103 914 246
723 671 353 396 1435 894 1403 1581 694 572 0 102 387 951 923 562 536 217 386 597 1410 1518 1012 316 976 909 181 509 567 371
652 599 282 381 1420 822 1388 1565 678 500 102 0 372 879 851 547 521 145 314 581 1394 1503 997 301 961 837 165 437 552 300
993 833 623 150 1189 625 1157 1334 337 842 387 372 0 771 740 205 179 486 655 240 1163 1272 766 277 730 610 450 778 211 641
736 310 965 768 1570 291 1538 1715 455 568 951 879 771 0 372 633 696 829 802 556 1544 1653 1147 1018 1111 276 1014 642 595 741
573 282 938 736 1538 292 1506 1684 423 540 923 851 740 372 0 601 665 801 774 524 1513 1621 1115 986 1079 307 986 615 563 713
1121 694 798 202 1191 487 1159 1337 198 952 562 547 205 633 601 0 130 661 830 101 1166 1274 769 452 733 472 625 953 72 816
1142 758 772 176 1172 550 1140 1317 262 990 536 521 179 696 665 130 0 635 804 165 1146 1255 749 425 713 535 599 927 136 790
601 549 169 496 1535 772 1503 1680 793 450 217 145 486 829 801 661 635 0 264 696 1509 1617 1112 416 1076 787 280 387 667 249
574 522 400 664 1703 745 1671 1849 962 423 386 314 655 802 774 830 804 264 0 865 1678 1786 1281 585 1245 760 449 359 835 222
1044 617 832 237 1183 410 1151 1328 121 875 597 581 240 556 524 101 165 696 865 0 1157 1266 760 486 724 395 660 950 63 850
2031 1622 1661 1060 63 1414 213 390 1270 1880 1425 1410 1179 1560 1528 1182 1162 1525 1694 1173 0 328 625 1315 589 1399 1488 1817 1127 1679
2141 1731 1771 1170 385 1524 322 101 1379 1989 1535 1520 1289 1670 1638 1291 1272 1634 1803 1282 359 0 734 1425 698 1509 1598 1926 1236 1789
1635 1226 1265 664 620 1018 588 766 874 1484 1030 1014 783 1164 1133 786 766 1129 1298 777 594 703 0 919 82 1003 1093 1421 731 1283
922 870 552 286 1325 872 1293 1470 583 771 316 301 277 1018 986 452 425 416 585 486 1299 1408 902 0 866 857 379 708 457 570
1599 1190 1229 628 584 982 552 729 838 1448 993 978 747 1128 1096 750 730 1093 1262 741 558 667 82 883 0 967 1057 1385 695 1247
691 268 924 607 1409 46 1377 1555 294 526 909 837 610 276 307 472 535 787 760 395 1383 1492 986 857 950 0 972 601 434 699
786 734 416 459 1498 957 1466 1644 757 635 181 165 450 1014 986 625 599 280 449 660 1473 1581 1076 379 1039 972 0 572 630 434
564 362 523 788 1827 586 1794 1972 849 103 509 437 778 642 615 953 927 387 359 950 1801 1909 1404 708 1368 601 572 0 958 165
1083 656 803 207 1137 449 1105 1282 160 914 567 552 211 595 563 72 136 667 835 63 1111 1220 714 457 678 434 630 958 0 821
513 461 386 650 1689 684 1657 1834 947 246 371 300 641 741 713 816 790 249 222 850 1663 1772 1266 570 1230 699 434 165 821 0
EOF