NAME : tsp_problem
TYPE : TSP
DIMENSION : 54
EDGE_WEIGHT_TYPE : EXPLICIT
EDGE_WEIGHT_FORMAT : FULL_MATRIX
EDGE_WEIGHT_SECTION
0 629 917 1746 390 356 845 477 799 108 1750 1659 830 342 656 403 274 529 953 432 352 934 532 451 470 1720 1682 669 1579 282 1606 520 1479 175 940 650 528 533 597 700 247 1326 1848 488 370 1666 1464 402 408 888 981 284 1456 157
629 0 552 1702 624 927 480 308 729 552 1706 1615 761 576 58 997 525 149 587 309 673 569 894 1045 301 1676 1638 303 1536 747 1562 351 1435 770 663 52 359 364 122 335 841 1282 1804 319 964 1623 1420 996 1003 657 616 535 1412 496
917 552 0 1272 912 770 238 596 299 840 1276 1185 331 864 579 740 813 452 63 597 961 44 464 676 589 1246 1209 370 1106 996 1132 639 1005 823 233 573 646 652 520 259 751 852 1374 607 629 1193 990 627 734 227 91 823 982 784
1713 1669 1239 0 2029 1508 1355 1713 1232 1765 151 332 1263 1982 1696 1479 1931 1569 1255 1715 1805 1256 1347 1415 1707 392 355 1488 499 1735 248 1756 444 1562 1324 1690 1764 1770 1637 1376 1490 559 217 1725 1367 339 383 1366 1473 1071 1226 1940 375 1813
390 624 912 2062 0 688 840 471 1089 313 2066 1975 1121 260 651 622 418 524 947 427 286 928 865 714 465 2036 1998 663 1895 360 1922 514 1795 527 1023 644 522 528 591 695 598 1642 2164 483 721 1982 1780 733 628 1017 976 428 1772 307
356 927 770 1540 688 0 885 775 593 407 1545 1454 625 641 954 333 573 827 805 730 448 786 327 269 769 1515 1477 967 1374 377 1401 818 1274 265 735 948 826 832 895 906 193 1121 1642 786 188 1461 1259 220 327 683 834 582 1251 455
845 480 238 1388 840 885 0 524 415 768 1392 1301 447 792 507 856 741 380 273 526 889 254 580 792 518 1362 1324 298 1221 963 1248 567 1121 939 349 501 575 580 448 187 867 968 1490 535 744 1308 1106 743 850 343 302 751 1098 712
477 308 596 1746 471 775 524 0 773 399 1750 1659 805 424 335 845 373 208 631 157 520 613 938 893 62 1720 1682 347 1580 594 1606 75 1479 617 707 328 79 85 275 379 689 1326 1848 45 812 1666 1464 844 850 701 660 382 1456 343
799 729 299 1264 1089 593 415 773 0 850 1269 1178 103 1041 756 564 991 629 335 775 890 316 288 500 767 1238 1201 547 1098 820 1125 816 998 647 265 750 824 830 697 436 575 845 1366 784 453 1185 982 451 558 220 364 1000 975 899
108 552 840 1797 313 407 768 399 850 0 1802 1711 882 265 579 477 197 452 875 355 362 857 583 525 393 1771 1734 591 1631 356 1658 442 1530 249 951 573 450 456 520 623 321 1377 1899 411 444 1718 1515 476 482 940 904 207 1507 80
1767 1723 1293 169 2083 1562 1409 1767 1285 1818 0 385 1317 2035 1750 1532 1984 1623 1309 1769 1858 1310 1401 1469 1761 446 409 1541 552 1788 302 1810 498 1616 1378 1744 1818 1824 1691 1430 1543 613 271 1778 1421 393 437 1419 1527 1124 1280 1994 429 1867
1675 1631 1201 350 1991 1470 1317 1675 1194 1726 354 0 1225 1943 1658 1440 1892 1531 1217 1677 1766 1218 1309 1377 1669 126 197 1450 460 1696 210 1718 406 1524 1286 1652 1726 1732 1599 1338 1451 521 452 1687 1329 73 345 1327 1435 1032 1188 1902 337 1775
830 761 331 1296 1121 625 447 805 103 882 1300 1209 0 1073 788 596 1022 661 366 806 922 348 320 532 798 1270 1233 579 1130 852 1156 847 1029 679 297 781 855 861 729 468 607 876 1398 816 484 1217 1014 483 590 251 395 1032 1006 930
342 576 864 2014 260 641 792 424 1041 265 2019 1928 1073 0 603 645 371 476 900 379 309 881 817 737 418 1988 1951 616 1848 383 1875 467 1747 483 976 597 475 480 544 647 555 1594 2116 435 678 1935 1732 709 650 969 928 380 1724 259
656 58 579 1729 651 954 507 335 756 579 1733 1642 788 603 0 1024 552 176 614 336 700 596 921 1073 329 1703 1666 330 1563 774 1589 378 1462 797 690 36 386 391 149 362 868 1309 1831 346 991 1650 1447 1023 1030 684 643 562 1439 523
403 997 740 1511 622 333 856 845 564 477 1516 1424 596 645 1024 0 643 897 776 800 362 757 297 120 839 1485 1448 988 1345 292 1372 888 1244 317 706 1018 896 902 965 877 291 1091 1613 857 166 1432 1229 138 33 654 804 652 1221 525
274 525 813 1963 418 573 741 373 991 197 1968 1877 1022 371 552 643 0 425 849 277 467 830 749 691 367 1937 1900 565 1797 522 1824 416 1696 415 925 546 424 430 493 596 487 1543 2065 384 610 1884 1681 642 648 919 877 37 1673 141
529 149 452 1602 524 827 380 208 629 452 1606 1515 661 476 176 897 425 0 487 209 573 469 794 945 201 1576 1538 203 1436 646 1462 251 1335 670 563 170 258 264 117 235 741 1182 1704 219 864 1523 1320 896 903 557 516 435 1312 396
953 587 63 1287 947 805 273 631 335 875 1292 1201 366 900 614 776 849 487 0 633 996 58 500 712 625 1261 1224 406 1121 1032 1148 674 1021 859 269 608 682 688 555 294 787 868 1389 643 664 1208 1005 663 770 263 105 858 998 819
432 309 597 1747 427 730 526 157 775 355 1752 1661 806 379 336 800 277 209 633 0 476 614 907 848 151 1722 1684 349 1581 549 1608 200 1481 572 709 330 208 214 277 380 644 1328 1849 169 767 1668 1466 799 806 703 662 268 1458 299
352 673 961 1837 286 448 889 520 890 362 1842 1751 922 309 700 362 467 573 996 476 0 977 623 454 514 1811 1774 712 1671 100 1698 563 1570 266 1032 693 571 577 640 744 338 1418 1939 532 461 1758 1555 473 368 980 1025 477 1548 356
934 569 44 1289 928 786 254 613 316 857 1293 1202 348 881 596 757 830 469 58 614 977 0 481 693 606 1263 1226 387 1123 1013 1149 655 1022 840 250 589 663 669 536 276 768 869 1391 624 645 1210 1007 644 751 244 74 840 999 801
532 894 464 1380 865 327 580 938 288 583 1384 1293 320 817 921 297 749 794 500 907 623 481 0 234 932 1354 1316 713 1213 553 1240 981 1113 381 430 915 989 995 862 601 308 960 1482 950 186 1300 1098 184 292 378 529 759 1090 632
451 1045 676 1447 714 269 792 893 500 525 1452 1361 532 737 1073 120 691 945 712 848 454 693 234 0 887 1421 1384 925 1281 384 1308 936 1181 299 642 1066 944 950 1013 813 227 1028 1549 905 103 1368 1166 75 115 590 741 700 1158 573
470 301 589 1739 465 769 518 62 767 393 1744 1653 798 418 329 839 367 201 625 151 514 606 932 887 0 1714 1676 341 1573 588 1600 81 1473 611 701 322 85 90 269 372 683 1320 1841 51 806 1660 1458 838 844 695 654 376 1450 337
1736 1692 1262 410 2052 1530 1378 1736 1254 1787 415 126 1286 2004 1719 1501 1953 1592 1277 1737 1827 1279 1370 1437 1729 0 101 1510 521 1757 271 1779 467 1584 1347 1713 1786 1792 1660 1399 1512 582 512 1747 1389 87 405 1388 1495 1093 1249 1962 398 1836
1698 1654 1224 373 2014 1493 1340 1698 1217 1750 377 197 1248 1967 1681 1464 1916 1554 1240 1700 1790 1241 1332 1400 1692 101 0 1473 484 1720 233 1741 430 1547 1309 1675 1749 1755 1622 1361 1475 545 475 1710 1352 158 368 1351 1458 1056 1211 1925 360 1798
669 303 370 1520 663 967 298 347 547 591 1525 1434 579 616 330 988 565 203 406 349 712 387 713 925 341 1494 1457 0 1354 786 1381 390 1253 809 482 324 398 404 271 153 881 1101 1622 359 877 1441 1238 875 983 476 434 574 1231 535
1565 1521 1091 549 1881 1359 1207 1565 1083 1616 554 463 1115 1833 1548 1330 1782 1421 1106 1566 1656 1108 1199 1266 1559 523 486 1339 0 1586 410 1608 296 1413 1176 1542 1616 1621 1489 1228 1341 411 651 1576 1218 470 174 1217 1324 922 1078 1792 166 1665
282 747 996 1767 360 377 963 594 820 356 1772 1681 852 383 774 292 522 646 1032 549 100 1013 553 384 588 1741 1704 786 1601 0 1628 637 1500 196 962 767 645 651 714 818 268 1347 1869 606 391 1688 1485 402 297 910 1061 532 1478 405
1567 1523 1093 506 1883 1362 1209 1567 1085 1618 511 420 1117 1835 1550 1332 1784 1423 1108 1569 1658 1110 1201 1269 1561 480 443 1341 352 1588 0 1610 298 1415 1178 1544 1618 1623 1491 1230 1343 413 608 1578 1221 427 237 1219 1327 924 1080 1794 229 1667
520 351 639 1789 514 818 567 75 816 442 1793 1702 847 467 378 888 416 251 674 200 563 655 981 936 81 1763 1725 390 1622 637 1649 0 1522 660 750 371 68 74 318 422 732 1369 1891 64 855 1709 1507 887 893 744 703 425 1499 386
1498 1454 1024 462 1814 1292 1140 1498 1016 1549 467 376 1048 1766 1481 1263 1715 1354 1039 1499 1589 1041 1132 1199 1492 436 399 1272 296 1519 323 1541 0 1346 1109 1475 1549 1554 1422 1161 1274 344 564 1509 1152 383 180 1150 1257 855 1011 1725 173 1598
175 770 823 1594 527 265 939 617 647 249 1599 1508 679 483 797 317 415 670 859 572 266 840 381 299 611 1568 1531 809 1428 196 1455 660 1328 0 789 790 668 674 737 841 95 1175 1696 629 218 1515 1312 250 322 737 888 424 1305 298
940 663 233 1357 1023 735 349 707 265 951 1361 1270 297 976 690 706 925 563 269 709 1032 250 430 642 701 1331 1294 482 1191 962 1217 750 1090 789 0 684 758 764 631 370 717 937 1459 719 594 1278 1075 593 700 312 298 934 1067 895
650 52 573 1723 644 948 501 328 750 573 1727 1636 781 597 36 1018 546 170 608 330 693 589 915 1066 322 1697 1659 324 1556 767 1583 371 1456 790 684 0 379 385 143 356 862 1303 1825 340 985 1643 1441 1017 1024 678 637 555 1433 516
528 359 646 1797 522 826 575 79 824 450 1801 1710 855 475 386 896 424 258 682 208 571 663 989 944 85 1771 1733 398 1630 645 1657 68 1530 668 758 379 0 31 326 430 740 1377 1898 68 863 1717 1515 895 901 752 711 433 1507 394
533 364 652 1802 528 832 580 85 830 456 1807 1716 861 480 391 902 430 264 688 214 577 669 995 950 90 1776 1739 404 1636 651 1663 74 1536 674 764 385 31 0 332 435 746 1383 1904 74 868 1723 1520 900 907 758 717 439 1513 400
597 122 520 1670 591 895 448 275 697 520 1674 1583 729 544 149 965 493 117 555 277 640 536 862 1013 269 1644 1606 271 1503 714 1530 318 1403 737 631 143 326 332 0 303 809 1250 1772 287 932 1590 1388 964 971 625 584 503 1380 464
700 335 259 1409 695 906 187 379 436 623 1413 1322 468 647 362 877 596 235 294 380 744 276 601 813 372 1383 1346 153 1243 818 1269 422 1142 841 370 356 430 435 303 0 888 989 1511 390 765 1330 1127 764 871 364 323 606 1119 567
247 841 751 1522 598 193 867 689 575 321 1527 1436 607 555 868 291 487 741 787 644 338 768 308 227 683 1496 1459 881 1356 268 1383 732 1255 95 717 862 740 746 809 888 0 1102 1624 701 146 1443 1240 178 285 665 816 496 1233 369
1344 1300 870 576 1660 1139 986 1344 863 1395 580 489 894 1612 1327 1109 1561 1200 886 1346 1436 887 978 1046 1338 550 512 1119 409 1366 436 1387 309 1193 955 1321 1395 1401 1268 1007 1120 0 678 1356 998 496 294 996 1104 701 857 1571 286 1444
1620 1576 1147 325 1936 1415 1262 1620 1139 1672 330 239 1170 1889 1603 1386 1838 1476 1162 1622 1712 1163 1254 1322 1614 299 262 1395 406 1642 155 1663 352 1469 1231 1597 1671 1677 1544 1283 1397 467 0 1632 1274 246 290 1273 1380 978 1134 1847 282 1720
488 319 607 1757 483 786 535 45 784 411 1762 1671 816 435 346 857 384 219 643 169 532 624 950 905 51 1731 1694 359 1591 606 1618 64 1490 629 719 340 68 74 287 390 701 1338 1859 0 823 1678 1475 855 862 713 671 394 1468 355
370 964 629 1399 721 188 744 812 453 444 1404 1313 484 678 991 166 610 864 664 767 461 645 186 103 806 1374 1336 877 1233 391 1260 855 1133 218 594 985 863 868 932 765 146 980 1501 823 0 1320 1118 53 161 542 693 619 1110 492
1682 1638 1209 357 1998 1477 1324 1682 1201 1734 361 73 1232 1951 1665 1448 1900 1538 1224 1684 1774 1225 1316 1384 1676 87 158 1457 468 1704 217 1725 414 1531 1293 1659 1733 1739 1606 1345 1459 529 459 1694 1336 0 352 1335 1442 1040 1196 1909 344 1782
1449 1405 975 433 1765 1244 1091 1449 968 1500 438 347 999 1717 1432 1214 1666 1305 991 1451 1541 992 1083 1151 1443 408 370 1224 174 1470 294 1492 180 1298 1060 1426 1500 1506 1373 1112 1225 295 535 1461 1103 354 0 1101 1209 806 962 1676 24 1549
402 996 627 1398 733 220 743 844 451 476 1403 1312 483 709 1023 138 642 896 663 799 473 644 184 75 838 1372 1335 875 1232 402 1259 887 1131 250 593 1017 895 900 964 764 178 978 1500 855 53 1319 1116 0 133 541 691 651 1108 524
408 1003 734 1505 628 327 850 850 558 482 1510 1419 590 650 1030 33 648 903 770 806 368 751 292 115 844 1479 1442 983 1339 297 1366 893 1239 322 700 1024 901 907 971 871 285 1086 1607 862 161 1426 1224 133 0 648 799 658 1216 531
888 657 227 1103 1017 683 343 701 220 940 1108 1016 251 969 684 654 919 557 263 703 980 244 378 590 695 1077 1040 476 937 910 964 744 836 737 312 678 752 758 625 364 665 683 1205 713 542 1024 821 541 648 0 257 928 813 889
981 616 91 1259 976 834 302 660 364 904 1263 1172 395 928 643 804 877 516 105 662 1025 74 529 741 654 1233 1196 434 1093 1061 1119 703 992 888 298 637 711 717 584 323 816 839 1361 671 693 1180 977 691 799 257 0 887 969 848
284 535 823 1973 428 582 751 382 1000 207 1977 1886 1032 380 562 652 37 435 858 268 477 840 759 700 376 1947 1909 574 1806 532 1833 425 1706 424 934 555 433 439 503 606 496 1553 2074 394 619 1893 1691 651 658 928 887 0 1683 151
1441 1397 968 426 1757 1236 1083 1441 960 1493 430 339 991 1710 1424 1207 1659 1297 983 1443 1533 984 1075 1143 1435 400 362 1216 166 1463 286 1484 173 1290 1052 1418 1492 1498 1365 1104 1218 288 528 1453 1095 346 24 1094 1201 799 955 1668 0 1541
157 496 784 1846 307 455 712 343 899 80 1850 1759 930 259 523 525 141 396 819 299 356 801 632 573 337 1820 1782 535 1679 405 1706 386 1579 298 895 516 394 400 464 567 369 1426 1948 355 492 1766 1564 524 531 889 848 151 1556 0
EOF