NAME : tsp_problem
TYPE : TSP
DIMENSION : 34
EDGE_WEIGHT_TYPE : EXPLICIT
EDGE_WEIGHT_FORMAT : FULL_MATRIX
EDGE_WEIGHT_SECTION
0 1018 618 1385 981 1135 1236 1231 1241 1069 1307 683 1069 461 883 1019 1090 1097 326 1308 1077 1187 1164 708 230 1182 58 725 1332 1303 290 397 1102 391
1001 0 1493 422 130 172 700 268 279 217 345 513 217 1336 341 167 239 245 1201 629 225 224 610 1583 1105 592 1028 1600 370 340 1165 1272 833 1267
648 1509 0 1876 1473 1626 1728 1722 1733 1560 1799 1175 1561 471 1375 1511 1582 1588 638 1799 1568 1678 1655 428 507 1673 675 445 1824 1794 602 407 1594 389
1368 422 1860 0 497 429 600 525 535 584 100 880 584 1704 708 535 606 612 1568 556 592 285 388 1950 1472 370 1395 1967 297 248 1533 1639 611 1634
964 130 1457 497 0 247 774 343 353 105 419 477 106 1300 304 131 127 133 1165 703 113 299 684 1547 1069 666 991 1564 444 414 1129 1236 907 1230
1118 172 1611 429 247 0 707 129 168 334 352 631 335 1454 458 285 356 362 1319 636 342 231 617 1700 1222 599 1145 1718 377 347 1283 1390 840 1384
1219 700 1712 600 774 707 0 803 813 862 637 780 862 1555 985 812 883 890 1420 97 870 562 241 1802 1324 259 1246 1819 363 408 1384 1491 171 1485
1214 268 1706 525 343 129 803 0 77 430 447 726 430 1550 554 381 452 458 1414 731 438 327 713 1796 1318 694 1241 1813 472 443 1379 1485 936 1480
1224 279 1717 535 353 168 813 77 0 441 458 737 441 1560 564 391 462 469 1425 742 449 338 723 1807 1329 705 1251 1824 483 453 1389 1496 946 1491
1052 217 1544 584 105 334 862 430 441 0 507 565 118 1388 392 219 112 120 1252 791 125 386 772 1634 1156 754 1079 1651 532 502 1217 1324 995 1318
1290 345 1783 100 419 352 637 447 458 507 0 803 507 1626 630 457 528 535 1491 565 514 207 467 1873 1395 448 1317 1890 306 277 1455 1562 690 1557
666 513 1159 880 477 631 780 726 737 565 803 0 565 1002 379 515 586 593 867 851 572 682 708 1249 771 726 693 1266 828 798 831 938 646 933
1052 217 1545 584 106 335 862 430 441 118 507 565 0 1388 392 219 83 183 1253 791 163 387 772 1634 1156 754 1079 1652 532 502 1217 1324 995 1318
256 1117 538 1484 1081 1234 1336 1330 1341 1168 1407 783 1168 0 983 1119 1190 1196 245 1407 1176 1286 1263 627 115 1281 283 644 1432 1402 210 317 1202 311
866 341 1359 708 304 458 985 554 564 392 630 379 392 1202 0 342 413 420 1067 914 399 510 895 1449 971 877 893 1466 655 625 1031 1138 992 1132
1002 167 1495 535 131 285 812 381 391 219 457 515 219 1338 342 0 240 247 1203 741 226 337 722 1585 1107 704 1029 1602 482 452 1167 1274 945 1268
1073 239 1566 606 127 356 883 452 462 112 528 586 83 1409 413 240 0 178 1274 812 183 408 793 1656 1178 775 1100 1673 553 523 1238 1345 1016 1340
1080 245 1573 612 133 362 890 458 469 120 535 593 183 1416 420 247 178 0 1280 819 94 414 800 1662 1184 782 1107 1679 560 530 1245 1352 1023 1346
358 1219 605 1586 1183 1337 1438 1432 1443 1271 1509 885 1271 448 1085 1221 1292 1299 0 1509 1278 1388 1366 695 217 1384 385 712 1534 1504 78 384 1304 379
1291 629 1783 556 703 636 97 731 742 791 565 851 791 1626 914 741 812 819 1491 0 798 491 313 1873 1395 331 1318 1890 292 337 1455 1562 242 1557
1059 225 1552 592 113 342 870 438 449 125 514 572 163 1395 399 226 183 94 1260 798 0 394 780 1642 1164 762 1087 1659 539 510 1224 1331 1003 1326
1170 224 1662 285 299 231 562 327 338 386 207 682 387 1506 510 337 408 414 1370 491 394 0 473 1752 1274 454 1197 1769 232 202 1335 1441 695 1436
1147 610 1640 388 684 617 241 713 723 772 467 708 772 1483 895 722 793 800 1347 313 780 473 0 1729 1251 48 1174 1746 275 298 1312 1419 253 1413
739 1600 459 1967 1563 1717 1818 1813 1824 1651 1889 1266 1651 562 1465 1601 1672 1679 728 1890 1659 1769 1746 0 597 1764 766 138 1914 1885 692 498 1684 479
214 1075 707 1442 1039 1193 1294 1288 1299 1127 1365 741 1127 550 941 1077 1148 1155 415 1365 1134 1245 1222 797 0 1240 242 814 1390 1360 379 486 1160 481
1165 592 1658 370 666 599 259 694 705 754 448 726 754 1501 877 704 775 782 1366 331 762 454 48 1747 1269 0 1192 1765 257 280 1330 1437 271 1431
58 1045 645 1412 1008 1162 1263 1258 1269 1096 1334 711 1096 488 910 1046 1117 1124 353 1335 1104 1214 1191 735 257 1209 0 752 1359 1330 317 424 1129 419
756 1617 476 1984 1581 1734 1836 1830 1841 1668 1907 1283 1668 579 1482 1619 1690 1696 745 1907 1676 1786 1763 138 615 1781 783 0 1932 1902 710 515 1702 497
1315 370 1808 297 444 377 363 472 483 532 306 828 532 1651 655 482 553 560 1516 292 539 232 275 1898 1420 257 1342 1915 0 78 1480 1587 498 1582
1285 340 1778 248 414 347 408 443 453 502 277 798 502 1621 625 452 523 530 1486 337 510 202 298 1868 1390 280 1313 1885 78 0 1450 1557 521 1552
323 1184 570 1551 1147 1301 1402 1397 1407 1235 1473 849 1235 413 1049 1185 1256 1263 78 1474 1242 1353 1330 659 181 1348 350 676 1498 1468 0 349 1268 343
299 1160 581 1527 1124 1278 1379 1373 1384 1212 1450 826 1212 122 1026 1162 1233 1240 289 1450 1219 1329 1307 671 158 1325 326 688 1475 1445 253 0 1245 354
1085 833 1578 611 907 840 171 936 946 995 690 646 995 1421 992 945 1016 1023 1286 242 1003 695 253 1668 1190 271 1112 1685 498 521 1250 1357 0 1352
391 1252 391 1619 1216 1369 1471 1465 1476 1303 1542 918 1303 214 1118 1254 1325 1331 380 1542 1311 1421 1398 481 250 1416 418 498 1567 1537 345 150 1337 0
EOF