NAME : tsp_problem
TYPE : TSP
DIMENSION : 21
EDGE_WEIGHT_TYPE : EXPLICIT
EDGE_WEIGHT_FORMAT : FULL_MATRIX
EDGE_WEIGHT_SECTION
0 681 694 750 733 787 769 864 455 803 789 156 681 567 1091 640 547 876 642 703 863
681 0 92 387 369 1141 1053 844 810 439 425 647 977 921 743 276 371 783 389 973 992
694 92 0 400 382 1154 1067 858 823 452 438 661 991 934 756 290 384 797 402 986 1005
750 387 400 0 82 1210 814 605 879 85 72 717 738 990 504 161 441 544 312 734 753
733 369 382 82 0 1193 797 588 862 134 121 699 721 973 487 144 423 527 295 716 735
787 1141 1154 1210 1193 0 483 721 377 1263 1249 753 542 401 830 1100 1007 737 1102 564 588
769 1053 1067 814 797 483 0 264 360 867 853 736 259 384 372 873 990 300 1024 232 131
864 844 858 605 588 721 264 0 457 658 644 831 211 505 282 664 944 195 815 184 215
455 810 823 879 862 377 360 457 0 931 917 422 274 158 684 769 676 469 771 296 456
803 439 452 85 134 1263 867 658 931 0 79 769 791 1043 556 213 493 597 365 786 805
789 425 438 72 121 1249 853 644 917 79 0 755 777 1029 543 199 479 583 351 772 791
156 647 661 717 699 753 736 831 422 769 755 0 648 533 1057 607 514 843 609 670 830
681 977 991 738 721 542 259 211 274 791 777 648 0 322 437 797 902 223 948 179 209
567 921 934 990 973 401 384 505 158 1043 1029 533 322 0 731 880 788 517 882 345 489
1091 743 756 504 487 830 372 282 684 556 543 1057 437 731 0 562 842 244 714 410 303
640 276 290 161 144 1100 873 664 769 213 199 607 797 880 562 0 331 603 321 792 811
547 371 384 441 423 1007 990 944 676 493 479 514 902 788 842 331 0 882 200 924 1084
876 783 797 544 527 737 300 195 469 597 583 843 223 517 244 603 882 0 754 219 250
642 389 402 312 295 1102 1024 815 771 365 351 609 948 882 714 321 200 754 0 944 963
703 973 986 734 716 564 232 184 296 786 772 670 179 345 410 792 924 219 944 0 183
863 992 1005 753 735 588 131 215 456 805 791 830 209 489 303 811 1084 250 963 183 0
EOF
