NAME : tsp_problem
TYPE : TSP
DIMENSION : 17
EDGE_WEIGHT_TYPE : EXPLICIT
EDGE_WEIGHT_FORMAT : FULL_MATRIX
EDGE_WEIGHT_SECTION
0 1029 862 413 570 624 817 529 1180 550 582 619 77 991 495 564 841
1029 0 498 965 624 678 333 623 383 555 595 615 1023 421 656 618 276
862 498 0 750 409 463 598 876 649 743 783 803 829 433 909 403 397
413 965 750 0 458 513 1065 816 1116 836 868 905 382 900 781 452 864
570 624 409 458 0 171 724 1003 775 869 909 929 538 559 982 77 523
624 678 463 513 171 0 778 1057 829 923 963 983 592 613 1036 165 577
817 333 598 1065 724 778 0 322 413 320 384 403 811 521 355 718 377
529 623 876 816 1003 1057 322 0 703 347 410 430 523 650 59 997 500
1180 383 649 1116 775 829 413 703 0 702 746 766 1174 572 737 769 427
550 555 743 836 869 923 320 347 702 0 277 296 543 516 326 863 367
582 595 783 868 909 963 384 410 746 277 0 68 575 557 382 903 407
619 615 803 905 929 983 403 430 766 296 68 0 612 576 419 923 426
77 1023 829 382 538 592 811 523 1174 543 575 612 0 979 488 532 834
991 421 433 900 559 613 521 650 572 516 557 576 979 0 683 553 171
495 656 909 781 982 1036 355 59 737 326 382 419 488 683 0 976 533
564 618 403 452 77 165 718 997 769 863 903 923 532 553 976 0 517
841 276 397 864 523 577 377 500 427 367 407 426 834 171 533 517 0
EOF
