NAME : tsp_problem
TYPE : TSP
DIMENSION : 24
EDGE_WEIGHT_TYPE : EXPLICIT
EDGE_WEIGHT_FORMAT : FULL_MATRIX
EDGE_WEIGHT_SECTION
0 1282 348 333 679 1305 1207 1163 1101 191 713 918 451 633 1337 837 457 130 196 914 423 839 671 646
1255 0 1274 1262 1672 182 357 282 2077 1239 1641 1847 1444 1562 183 1766 1386 1178 1119 1890 1226 1768 1664 1639
348 1301 0 163 952 1325 1227 1183 978 188 542 748 724 463 1356 667 287 237 190 791 138 669 945 919
333 1288 163 0 937 1312 1214 1170 861 173 425 631 709 345 1343 549 169 222 176 674 240 552 930 884
679 1698 952 937 0 1722 1624 1580 478 795 777 628 303 918 1753 705 885 735 800 412 984 708 34 159
1322 195 1341 1329 1739 0 424 349 2144 1306 1708 1914 1511 1628 250 1832 1453 1245 1186 1957 1293 1835 1731 1706
1223 369 1243 1230 1640 392 0 251 2045 1207 1610 1815 1412 1530 424 1734 1354 1147 1088 1859 1194 1737 1633 1607
1070 480 1089 1076 1486 503 406 0 1892 1053 1456 1662 1259 1376 535 1580 1200 993 934 1705 1041 1583 1479 1454
1101 2104 978 861 478 2127 2029 1985 0 989 625 479 715 766 2159 553 733 1038 991 248 1055 556 483 485
191 1265 188 173 795 1289 1191 1147 989 0 553 758 567 473 1320 677 297 102 173 802 265 680 787 762
713 1668 542 425 777 1692 1594 1550 625 553 0 395 879 331 1723 313 298 602 555 438 620 316 783 648
918 1874 748 631 628 1897 1799 1755 479 758 395 0 729 536 1929 323 503 807 761 292 825 326 633 499
451 1471 724 709 303 1494 1396 1353 715 567 879 729 0 1009 1526 807 833 507 572 529 757 809 309 260
633 1588 463 345 918 1612 1514 1470 766 473 331 536 1009 0 1643 455 218 522 475 580 540 458 924 790
1160 336 1179 1166 1576 359 261 187 1982 1143 1546 1752 1349 1466 0 1670 1290 1083 1024 1795 1131 1673 1569 1544
837 1792 667 549 705 1816 1718 1674 553 677 313 323 807 455 1847 0 422 726 679 366 744 77 711 576
457 1412 287 169 885 1436 1338 1294 733 297 298 503 833 218 1467 422 0 346 299 547 364 425 891 757
130 1205 237 222 735 1229 1131 1087 1038 102 602 807 507 522 1260 726 346 0 112 851 314 729 727 702
196 1146 190 176 800 1170 1072 1028 991 173 555 761 572 475 1201 679 299 112 0 804 268 682 793 767
914 1917 791 674 412 1941 1843 1799 248 802 438 292 529 580 1972 366 547 851 804 0 869 369 418 299
423 1253 138 240 984 1277 1179 1135 1055 265 620 825 757 540 1308 744 364 314 268 869 0 747 977 952
839 1795 669 552 708 1819 1721 1677 556 680 316 326 809 458 1850 77 425 729 682 369 747 0 714 579
671 1691 945 930 34 1715 1617 1573 483 787 783 633 309 924 1746 711 891 727 793 418 977 714 0 165
646 1666 919 884 159 1689 1591 1547 485 762 648 499 260 790 1721 576 757 702 767 299 952 579 165 0
EOF