NAME : tsp_problem
TYPE : TSP
DIMENSION : 72
EDGE_WEIGHT_TYPE : EXPLICIT
EDGE_WEIGHT_FORMAT : FULL_MATRIX
EDGE_WEIGHT_SECTION
0 511 723 638 769 604 728 829 186 741 248 393 807 281 200 558 253 1212 770 811 689 1018 611 981 442 360 357 869 1179 689 671 459 909 645 370 969 319 766 842 1215 1085 151 339 819 1222 1018 954 643 657 941 879 576 557 144 860 795 735 657 459 211 976 393 740 889 625 708 583 280 524 791 965 558
511 0 867 295 427 1018 386 905 660 712 722 151 465 469 388 80 441 1691 846 887 1169 1497 133 1461 320 238 235 527 1659 346 328 102 690 909 249 630 793 424 1322 1694 1565 625 814 476 1702 1497 646 301 315 1420 573 879 897 592 517 453 859 901 338 685 1456 271 1220 546 972 1188 131 755 938 449 1445 215
723 867 0 797 683 184 682 441 617 225 679 849 627 966 886 914 939 1623 382 423 1100 1429 967 1392 1019 937 934 371 1590 722 740 815 214 375 947 274 428 644 1253 1626 1496 605 403 614 1633 1429 259 757 770 1352 316 281 262 625 386 537 32 387 1037 525 1387 970 1151 359 125 1119 938 466 216 483 1376 695
638 295 797 0 357 948 316 835 787 642 848 277 395 595 514 342 567 1818 776 817 1295 1624 395 1587 447 365 362 457 1785 276 258 243 620 839 375 560 920 354 1448 1821 1691 752 940 406 1828 1624 576 231 245 1547 503 809 827 718 447 383 789 831 464 812 1582 398 1346 476 902 1314 366 881 868 379 1571 145
769 427 683 357 0 833 63 721 918 528 980 408 377 726 646 473 699 1949 661 703 1426 1755 526 1718 578 496 493 342 1917 103 121 374 603 724 507 543 928 61 1580 1952 1823 883 903 389 1960 1755 559 150 198 1678 389 694 712 849 430 365 674 716 596 943 1714 529 1478 362 788 1446 498 966 753 361 1702 254
604 1018 184 948 833 0 832 441 499 329 560 960 777 848 767 1064 820 1504 381 423 981 1310 1117 1273 1009 927 924 521 1471 872 890 965 378 256 937 438 310 794 1135 1507 1378 486 284 778 1514 1310 423 907 921 1233 467 162 143 507 550 701 196 268 1027 407 1269 960 1033 510 86 1001 1089 348 98 647 1257 845
728 386 682 316 63 832 0 720 877 527 939 367 408 685 605 432 658 1908 660 702 1385 1714 485 1677 537 455 452 341 1876 62 80 333 634 723 465 574 927 60 1539 1911 1782 842 902 420 1918 1714 590 109 157 1637 388 693 711 808 461 396 673 715 555 902 1673 488 1437 361 787 1405 457 965 752 392 1661 213
829 905 441 835 721 441 720 0 724 286 786 887 665 1073 992 952 1045 1729 70 87 1207 1535 1005 1499 1057 975 972 409 1697 760 778 853 408 223 985 468 535 682 1360 1732 1603 712 510 677 1740 1535 453 795 808 1458 378 302 320 732 580 590 432 205 1075 632 1494 1008 1258 421 462 1226 976 573 361 586 1483 733
186 660 617 787 918 499 877 724 0 636 97 542 956 430 349 707 402 1280 665 706 757 1086 760 1049 591 509 506 806 1247 838 820 608 804 539 519 864 214 915 911 1283 1154 68 234 968 1290 1086 849 792 806 1009 774 471 452 88 976 944 630 552 608 106 1045 542 809 816 520 777 732 175 419 940 1033 707
741 712 225 642 528 329 527 286 636 0 697 694 472 985 904 759 957 1641 227 268 1118 1447 812 1410 864 782 779 216 1608 567 585 660 192 242 792 252 447 489 1272 1644 1515 623 422 484 1651 1447 236 602 615 1370 161 190 208 644 364 397 216 255 882 544 1406 815 1170 204 330 1138 784 485 249 393 1394 540
248 722 679 848 980 560 939 786 97 697 0 604 1018 491 411 769 464 1342 726 768 819 1148 822 1111 652 570 567 868 1309 900 881 670 866 601 581 926 275 977 972 1345 1215 130 296 1030 1352 1148 910 854 868 1071 835 533 514 150 1037 1006 691 613 670 167 1107 603 870 878 582 838 793 237 480 1002 1095 768
393 151 849 277 408 960 367 887 542 694 604 0 446 351 270 197 323 1573 828 869 1051 1379 250 1343 202 120 117 509 1541 328 310 98 672 890 131 612 675 406 1204 1576 1447 507 696 458 1584 1379 628 283 296 1302 555 860 879 474 499 434 840 882 220 567 1338 153 1102 528 954 1070 222 637 880 431 1327 197
807 465 627 395 377 777 408 665 956 472 1018 446 0 764 684 511 737 1987 606 647 1464 1793 564 1756 616 534 531 287 1955 400 381 412 443 669 544 384 873 391 1618 1990 1861 921 848 37 1997 1793 399 354 368 1716 333 638 657 887 270 210 618 660 634 970 1752 567 1516 306 732 1484 536 911 697 173 1740 292
281 469 966 595 726 848 685 1073 430 985 491 351 764 0 157 515 86 1461 1014 1055 938 1267 568 1230 399 317 314 827 1428 646 628 416 990 889 327 930 563 724 1091 1464 1334 395 583 776 1471 1267 946 601 614 1190 873 820 801 361 817 752 979 901 417 455 1226 350 989 846 869 957 540 524 768 749 1214 515
200 388 886 514 646 767 605 992 349 904 411 270 684 157 0 435 130 1380 933 975 857 1186 487 1149 318 236 233 746 1348 566 547 335 909 808 247 850 482 643 1011 1383 1254 314 503 696 1390 1186 865 520 534 1109 792 739 720 280 736 672 898 820 336 374 1145 269 909 765 788 877 459 443 687 668 1133 434
558 80 914 342 473 1064 432 952 707 759 769 197 511 515 435 0 488 1738 893 934 1215 1544 86 1507 367 285 282 574 1705 393 375 148 737 955 295 677 840 470 1369 1741 1612 672 860 523 1748 1544 693 348 361 1467 620 925 944 638 564 499 905 947 385 732 1503 318 1267 593 1019 1235 164 801 984 496 1491 262
253 441 939 567 699 820 658 1045 402 957 464 323 737 86 130 488 0 1433 986 1028 910 1239 540 1202 371 289 286 799 1401 619 600 388 962 861 300 903 535 696 1064 1436 1307 367 556 749 1443 1239 918 573 587 1162 845 792 773 333 789 725 951 873 389 427 1198 322 962 818 841 930 512 496 740 721 1186 487
1228 1708 1639 1834 1966 1521 1925 1746 1297 1658 1358 1590 2004 1477 1397 1755 1450 0 1687 1728 791 607 1808 570 1639 1556 1553 1828 62 1886 1867 1656 1826 1561 1567 1886 1380 1963 733 241 415 1262 1400 2016 135 594 1871 1840 1854 530 1796 1493 1474 1255 1998 1992 1652 1574 1656 1288 566 1589 597 1839 1542 810 1779 1341 1441 1988 541 1754
770 846 382 776 661 381 660 70 665 227 726 828 606 1014 933 893 986 1670 0 78 1147 1476 945 1439 998 915 912 350 1637 701 718 793 349 164 926 409 476 622 1301 1673 1544 652 450 618 1680 1476 393 735 749 1399 318 242 261 673 520 531 373 146 1015 573 1435 948 1199 361 403 1167 917 514 301 527 1423 674
811 887 423 817 703 423 702 87 706 268 768 869 647 1055 975 934 1028 1711 78 0 1189 1517 987 1481 1039 957 954 391 1679 742 760 835 390 205 967 450 517 664 1342 1714 1585 694 492 659 1722 1517 435 777 790 1440 360 284 302 714 562 572 414 187 1057 614 1476 990 1240 403 444 1208 959 555 343 568 1465 715
706 1186 1117 1312 1444 998 1402 1224 774 1135 836 1068 1481 955 874 1232 927 760 1164 1206 0 566 1285 529 1116 1034 1031 1305 727 1363 1345 1133 1303 1039 1044 1364 857 1441 390 763 633 739 878 1493 770 566 1348 1318 1331 489 1273 970 951 733 1475 1469 1129 1051 1134 766 525 1067 288 1316 1019 51 1257 819 918 1466 513 1232
744 1224 1155 1350 1482 1036 1441 1262 812 1174 874 1106 1520 993 913 1271 966 618 1202 1244 307 0 1323 388 1154 1072 1069 1344 586 1401 1383 1171 1342 1077 1083 1402 896 1479 249 621 492 778 916 1531 629 424 1386 1356 1370 347 1311 1009 990 771 1514 1508 1167 1089 1172 804 383 1105 112 1354 1058 326 1295 857 956 1504 371 1270
611 133 967 395 526 1117 485 1005 760 812 822 250 564 568 487 86 540 1791 945 987 1268 1597 0 1560 420 338 335 626 1758 446 428 201 790 1008 348 730 893 523 1421 1794 1664 725 913 576 1801 1597 746 400 414 1520 673 978 996 691 617 552 958 1000 438 785 1556 371 1319 646 1072 1287 100 854 1037 548 1544 314
781 1261 1192 1387 1519 1073 1478 1299 849 1210 911 1143 1557 1030 950 1307 1003 655 1239 1281 344 160 1360 0 1191 1109 1106 1381 623 1438 1420 1208 1379 1114 1119 1439 933 1516 286 658 529 815 953 1568 666 461 1423 1393 1407 384 1348 1046 1027 808 1551 1545 1204 1126 1209 841 420 1142 149 1391 1095 363 1332 894 993 1541 408 1307
442 320 1019 447 578 1009 537 1057 591 864 652 202 616 399 318 367 371 1622 998 1039 1099 1428 420 1391 0 123 114 679 1589 498 480 268 842 1050 179 782 724 575 1252 1625 1495 556 744 628 1632 1428 798 452 466 1351 725 981 962 522 669 604 1010 1052 132 616 1387 202 1150 698 1030 1118 392 685 929 600 1375 367
360 238 937 365 496 927 455 975 509 782 570 120 534 317 236 285 289 1540 915 957 1017 1346 338 1309 123 0 38 597 1507 416 398 186 760 968 97 700 642 493 1170 1543 1413 474 662 546 1550 1346 716 370 384 1269 643 899 880 440 587 522 928 970 141 534 1305 120 1068 616 948 1036 310 603 847 518 1293 285
357 235 934 362 493 924 452 972 506 779 567 117 531 314 233 282 286 1537 912 954 1014 1343 335 1306 114 38 0 594 1504 413 395 183 757 964 94 697 639 490 1167 1540 1410 471 659 543 1547 1343 713 367 381 1266 640 896 877 437 584 519 925 967 132 531 1301 117 1065 613 945 1033 307 600 844 515 1290 282
869 527 371 457 342 521 341 409 806 216 868 509 287 827 746 574 799 1811 350 391 1288 1617 626 1580 679 597 594 0 1779 382 399 474 338 413 607 390 617 304 1442 1814 1685 793 592 299 1821 1617 383 416 430 1540 77 382 401 814 277 212 363 404 696 714 1576 629 1340 50 476 1308 598 655 441 208 1564 355
1196 1676 1607 1802 1933 1488 1892 1713 1264 1625 1326 1558 1971 1445 1364 1722 1417 62 1654 1696 758 574 1775 538 1606 1524 1521 1795 0 1853 1835 1623 1793 1529 1534 1853 1347 1931 701 209 383 1229 1368 1983 103 562 1838 1808 1821 497 1763 1460 1441 1223 1965 1959 1619 1541 1624 1255 533 1557 564 1806 1509 778 1747 1309 1408 1956 509 1722
689 346 722 276 103 872 62 760 838 567 900 328 400 646 566 393 619 1869 701 742 1346 1675 446 1638 498 416 413 382 1836 0 40 294 625 764 426 565 968 100 1500 1872 1743 803 943 411 1879 1675 581 69 118 1598 428 733 752 769 452 387 714 755 516 863 1634 449 1398 401 827 1366 418 932 793 384 1622 174
671 328 740 258 121 890 80 778 820 585 881 310 381 628 547 375 600 1851 718 760 1328 1657 428 1620 480 398 395 399 1818 40 0 276 607 781 408 547 953 118 1481 1854 1724 785 960 393 1861 1657 563 51 100 1580 446 751 769 751 434 369 731 773 498 845 1616 431 1379 419 845 1347 399 914 810 366 1604 156
459 102 815 243 374 965 333 853 608 660 670 98 412 416 335 148 388 1639 793 835 1116 1445 201 1408 268 186 183 474 1606 294 276 0 638 856 196 578 741 371 1269 1642 1512 573 761 424 1649 1445 594 248 262 1368 521 826 844 539 465 400 806 848 286 633 1404 219 1167 494 920 1136 173 702 885 396 1392 163
909 690 214 620 603 378 634 408 804 192 866 672 443 990 909 737 962 1809 349 390 1286 1615 790 1578 842 760 757 338 1777 625 607 638 0 411 770 86 615 611 1440 1812 1683 791 590 426 1819 1615 71 580 593 1538 283 358 376 812 198 348 206 403 860 712 1574 793 1338 326 319 1306 762 653 411 294 1562 518
645 909 375 839 724 256 723 223 539 242 601 890 669 889 808 955 861 1545 164 205 1022 1351 1008 1314 1050 968 964 413 1512 764 781 856 411 0 978 471 350 685 1175 1548 1418 527 325 680 1555 1351 455 798 812 1274 380 117 136 547 582 593 387 43 1067 448 1310 1000 1073 423 277 1041 980 388 176 590 1298 736
370 249 947 375 507 937 465 985 519 792 581 131 544 327 247 295 300 1550 926 967 1027 1356 348 1319 179 97 94 607 1517 426 408 196 770 978 0 710 652 504 1181 1553 1424 484 672 556 1560 1356 726 381 394 1279 653 909 890 450 597 532 939 980 197 544 1315 95 1079 626 958 1047 320 613 857 529 1303 295
969 630 274 560 543 438 574 468 864 252 926 612 384 930 850 677 903 1869 409 450 1347 1675 730 1639 782 700 697 390 1837 565 547 578 86 471 710 0 675 556 1500 1872 1743 851 650 366 1880 1675 42 520 534 1598 344 418 436 872 138 289 266 463 800 772 1634 733 1398 386 379 1366 702 713 471 234 1622 458
319 793 428 920 928 310 927 535 214 447 275 675 873 563 482 840 535 1363 476 517 840 1169 893 1132 724 642 639 617 1331 968 953 741 615 350 652 675 0 889 994 1366 1237 201 45 884 1373 1169 659 925 939 1092 585 282 263 221 787 798 440 362 741 122 1128 675 892 627 331 860 865 63 230 794 1116 839
766 424 644 354 61 794 60 682 915 489 977 406 391 724 643 470 696 1946 622 664 1424 1752 523 1716 575 493 490 304 1914 100 118 371 611 685 504 556 889 0 1577 1949 1820 880 864 402 1957 1752 572 147 195 1675 350 655 673 847 443 379 635 677 593 940 1711 526 1475 323 749 1443 495 928 714 375 1700 251
860 1340 1271 1466 1598 1153 1557 1378 929 1290 990 1222 1636 1109 1029 1387 1082 700 1319 1360 423 506 1440 469 1270 1188 1185 1460 667 1518 1499 1288 1458 1193 1199 1518 1012 1595 0 703 574 894 1032 1648 710 506 1503 1472 1486 429 1428 1125 1106 887 1630 1624 1284 1206 1288 920 465 1221 229 1470 1174 442 1411 973 1073 1620 453 1386
1207 1687 1618 1813 1945 1499 1904 1725 1275 1636 1337 1569 1983 1456 1376 1733 1428 248 1665 1707 770 586 1786 549 1617 1535 1532 1807 216 1864 1846 1634 1805 1540 1545 1865 1359 1942 712 0 394 1240 1379 1994 258 573 1849 1819 1833 509 1774 1472 1452 1234 1976 1970 1630 1552 1635 1267 544 1568 575 1817 1521 789 1758 1320 1419 1967 520 1733
1101 1581 1512 1707 1839 1393 1798 1619 1169 1531 1231 1463 1877 1350 1270 1627 1323 384 1559 1601 664 480 1680 443 1511 1429 1426 1701 351 1758 1740 1528 1699 1434 1439 1759 1253 1836 606 387 0 1135 1273 1888 394 467 1743 1713 1727 403 1668 1366 1347 1128 1871 1865 1524 1446 1529 1161 438 1462 469 1711 1415 683 1652 1214 1313 1861 414 1627
151 625 605 752 883 486 842 712 68 623 130 507 921 395 314 672 367 1245 652 694 722 1051 725 1014 556 474 471 793 1213 803 785 573 791 527 484 851 201 880 876 1248 1119 0 222 933 1255 1051 836 757 771 974 761 458 439 54 963 909 617 539 574 93 1010 507 774 804 507 742 697 162 406 905 998 672
339 814 403 940 903 284 902 510 234 422 296 696 848 583 503 860 556 1384 450 492 861 1190 913 1153 744 662 659 592 1351 943 960 761 590 325 672 650 45 864 1014 1387 1257 222 0 859 1394 1190 634 946 960 1113 559 257 238 242 762 773 415 337 762 142 1148 695 912 602 306 880 885 83 204 769 1137 860
819 476 614 406 389 778 420 677 968 484 1030 458 37 776 696 523 749 1999 618 659 1476 1805 576 1768 628 546 543 299 1966 411 393 424 426 680 556 366 884 402 1630 2002 1873 933 859 0 2009 1805 382 366 379 1728 345 650 669 899 253 222 606 672 646 982 1764 579 1528 318 719 1496 548 923 709 155 1752 304
1239 1718 1650 1845 1976 1531 1935 1756 1307 1668 1369 1600 2014 1488 1407 1765 1460 135 1697 1738 801 617 1818 581 1649 1567 1564 1838 103 1896 1878 1666 1836 1572 1577 1896 1390 1973 743 251 425 1272 1411 2026 0 605 1881 1850 1864 540 1806 1503 1484 1266 2008 2002 1662 1584 1667 1298 576 1600 607 1849 1552 821 1790 1351 1451 1998 552 1765
1003 1483 1414 1609 1740 1295 1699 1521 1071 1432 1133 1365 1778 1252 1171 1529 1224 595 1461 1503 565 381 1582 345 1413 1331 1328 1602 563 1660 1642 1430 1600 1336 1341 1660 1154 1738 508 598 469 1036 1175 1790 606 0 1645 1615 1628 304 1570 1267 1248 1030 1772 1766 1426 1348 1431 1062 340 1364 371 1613 1316 585 1554 1116 1215 1763 73 1529
954 646 259 576 559 423 590 453 849 236 910 628 399 946 865 693 918 1854 393 435 1331 1660 746 1623 798 716 713 383 1821 581 563 594 71 455 726 42 659 572 1485 1857 1728 836 634 382 1864 1660 0 536 549 1583 328 403 421 857 154 304 251 448 816 757 1619 749 1383 371 364 1351 718 698 456 250 1607 474
643 301 757 231 150 907 109 795 792 602 854 283 354 601 520 348 573 1823 735 777 1301 1629 400 1593 452 370 367 416 1791 69 51 248 580 798 381 520 925 147 1454 1826 1697 757 946 366 1834 1629 536 0 72 1552 463 768 786 724 407 342 748 790 470 817 1588 403 1352 436 862 1320 372 887 827 338 1577 129
657 315 770 245 198 921 157 808 806 615 868 296 368 614 534 361 587 1837 749 790 1314 1643 414 1606 466 384 381 430 1805 118 100 262 593 812 394 534 939 195 1468 1840 1711 771 960 379 1847 1643 549 72 0 1566 476 782 800 737 420 356 762 804 484 831 1602 417 1366 449 875 1334 386 900 841 352 1590 142
796 1276 1207 1402 1533 1088 1492 1314 864 1225 926 1158 1571 1045 964 1322 1017 670 1254 1296 359 175 1375 138 1206 1124 1121 1395 638 1453 1435 1223 1393 1129 1134 1454 947 1531 301 673 544 829 968 1583 680 476 1438 1408 1421 0 1363 1060 1041 823 1565 1559 1219 1141 1224 855 133 1157 164 1406 1109 378 1347 909 1008 1556 423 1322
879 573 316 503 389 467 388 378 774 161 835 555 333 873 792 620 845 1779 318 360 1256 1585 673 1548 725 643 640 77 1746 428 446 521 283 380 653 344 585 350 1410 1782 1653 761 559 345 1789 1585 328 463 476 1508 0 328 346 782 323 258 308 373 743 682 1544 676 1308 63 421 1276 645 623 387 254 1532 401
576 879 281 809 694 162 693 302 471 190 533 860 638 820 739 925 792 1476 242 284 953 1282 978 1245 981 899 896 382 1444 733 751 826 358 117 909 418 282 655 1107 1479 1350 458 257 650 1486 1282 403 768 782 1205 328 0 80 479 530 563 293 129 999 379 1241 932 1005 370 183 973 950 320 82 560 1229 706
557 897 262 827 712 143 711 320 452 208 514 879 657 801 720 944 773 1457 261 302 934 1263 996 1226 962 880 877 401 1425 752 769 844 376 136 890 436 263 673 1088 1460 1331 439 238 669 1467 1263 421 786 800 1186 346 80 0 460 548 582 274 148 980 360 1222 913 986 389 164 954 968 301 63 578 1210 725
144 592 625 718 849 507 808 732 88 644 150 474 887 361 280 638 333 1239 673 714 716 1045 691 1008 522 440 437 814 1206 769 751 539 812 547 450 872 221 847 869 1242 1112 54 242 899 1249 1045 857 724 737 968 782 479 460 0 940 875 637 560 540 113 1003 473 767 824 528 735 663 183 427 872 992 638
860 517 386 447 430 550 461 580 976 364 1037 499 270 817 736 564 789 1981 520 562 1458 1787 617 1750 669 587 584 277 1948 452 434 465 198 582 597 138 787 443 1612 1984 1855 963 762 253 1991 1787 154 407 420 1710 323 530 548 940 0 175 378 575 687 884 1746 620 1510 296 491 1478 589 825 583 121 1734 345
795 453 537 383 365 701 396 590 944 397 1006 434 210 752 672 499 725 1975 531 572 1452 1781 552 1744 604 522 519 212 1943 387 369 400 348 593 532 289 798 379 1606 1978 1849 909 773 222 1985 1781 304 342 356 1704 258 563 582 875 175 0 528 585 622 895 1740 555 1504 231 642 1472 524 836 622 107 1728 280
735 859 32 789 674 196 673 432 630 216 691 840 618 979 898 905 951 1635 373 414 1112 1441 958 1404 1010 928 925 363 1602 714 731 806 206 387 939 266 440 635 1265 1638 1508 617 415 606 1645 1441 251 748 762 1364 308 293 274 637 378 528 0 399 1028 538 1400 961 1163 351 137 1131 930 479 229 474 1388 686
657 901 387 831 716 268 715 205 552 255 613 882 660 901 820 947 873 1557 146 187 1034 1363 1000 1326 1052 970 967 404 1524 755 773 848 403 43 980 463 362 677 1188 1560 1431 539 337 672 1567 1363 448 790 804 1286 373 129 148 560 575 585 399 0 1070 460 1322 1003 1086 416 290 1054 972 401 188 582 1310 728
459 338 1037 464 596 1027 555 1075 608 882 670 220 634 417 336 385 389 1640 1015 1057 1117 1446 438 1409 132 141 132 696 1607 516 498 286 860 1067 197 800 741 593 1270 1642 1513 574 762 646 1650 1446 816 470 484 1369 743 999 980 540 687 622 1028 1070 0 634 1404 219 1168 716 1048 1136 410 703 947 618 1393 384
211 685 525 812 943 407 902 632 106 544 167 567 970 455 374 732 427 1271 573 614 748 1077 785 1041 616 534 531 714 1239 863 845 633 712 448 544 772 122 940 902 1274 1145 93 142 982 1282 1077 757 817 831 1000 682 379 360 113 884 895 538 460 634 0 1036 567 800 725 428 768 757 83 327 891 1024 732
771 1250 1182 1376 1508 1063 1467 1288 839 1200 901 1132 1546 1020 939 1297 992 645 1229 1270 333 149 1350 414 1181 1099 1096 1370 612 1428 1410 1198 1368 1104 1109 1428 922 1505 275 648 518 804 943 1558 655 451 1413 1382 1396 374 1338 1035 1016 798 1540 1534 1194 1116 1198 830 0 1131 139 1381 1084 352 1322 883 983 1530 398 1296
393 271 970 398 529 960 488 1008 542 815 603 153 567 350 269 318 322 1573 948 990 1050 1379 371 1342 202 120 117 629 1540 449 431 219 793 1000 95 733 675 526 1203 1576 1446 507 695 579 1583 1379 749 403 417 1302 676 932 913 473 620 555 961 1003 219 567 1337 0 1101 649 981 1069 343 636 880 551 1326 318
716 1195 1127 1322 1453 1008 1412 1233 784 1145 846 1077 1491 965 884 1242 937 801 1174 1215 278 607 1295 570 1126 1044 1041 1315 768 1373 1355 1143 1313 1049 1054 1373 867 1450 432 804 675 749 888 1503 811 607 1358 1327 1341 530 1283 980 961 743 1485 1479 1139 1061 1144 775 566 1077 0 1326 1029 298 1267 828 928 1475 554 1242
889 546 359 476 362 510 361 421 816 204 878 528 306 846 765 593 818 1822 361 403 1299 1628 646 1591 698 616 613 50 1789 401 419 494 326 423 626 386 627 323 1452 1825 1695 804 602 318 1832 1628 371 436 449 1551 63 370 389 824 296 231 351 416 716 725 1587 649 1350 0 464 1318 618 666 430 227 1575 374
625 972 125 902 788 86 787 462 520 330 582 954 732 869 788 1019 841 1525 403 444 1002 1331 1072 1294 1030 948 945 476 1493 827 845 920 319 277 958 379 331 749 1156 1528 1399 507 306 719 1535 1331 364 862 875 1254 421 183 164 528 491 642 137 290 1048 428 1290 981 1054 464 0 1022 1043 369 119 588 1278 800
725 1205 1136 1331 1463 1018 1422 1243 794 1155 855 1087 1501 974 894 1252 947 779 1184 1225 51 585 1305 549 1135 1053 1050 1325 747 1383 1364 1153 1323 1058 1064 1383 877 1460 410 782 653 759 897 1513 790 585 1368 1337 1351 508 1293 990 971 752 1495 1489 1149 1071 1153 785 544 1086 308 1336 1039 0 1276 838 938 1485 532 1251
583 131 938 366 498 1089 457 976 732 784 793 222 536 540 459 164 512 1763 917 959 1240 1569 100 1532 392 310 307 598 1730 418 399 173 762 980 320 702 865 495 1393 1766 1636 697 885 548 1773 1569 718 372 386 1492 645 950 968 663 589 524 930 972 410 757 1527 343 1291 618 1043 1259 0 826 1009 520 1516 286
280 755 466 881 966 348 965 573 175 485 237 637 911 524 443 801 496 1324 514 555 802 1130 854 1094 685 603 600 655 1292 932 914 702 653 388 613 713 63 928 955 1327 1198 162 83 923 1335 1130 698 887 900 1053 623 320 301 183 825 836 479 401 703 83 1089 636 853 666 369 821 826 0 268 832 1078 801
524 938 216 868 753 98 752 361 419 249 480 880 697 768 687 984 740 1424 301 343 901 1230 1037 1193 929 847 844 441 1391 793 810 885 411 176 857 471 230 714 1055 1427 1298 406 204 709 1434 1230 456 827 841 1153 387 82 63 427 583 622 229 188 947 327 1189 880 953 430 119 921 1009 268 0 619 1177 765
791 449 483 379 361 647 392 586 940 393 1002 431 173 749 668 496 721 1971 527 568 1449 1777 548 1741 600 518 515 208 1939 384 366 396 294 590 529 234 794 375 1602 1974 1845 905 769 155 1982 1777 250 338 352 1700 254 560 578 872 121 107 474 582 618 891 1736 551 1500 227 588 1468 520 832 619 0 1725 277
950 1430 1361 1556 1688 1242 1646 1468 1018 1379 1080 1312 1726 1199 1118 1476 1171 543 1408 1450 513 329 1529 292 1360 1278 1275 1549 510 1607 1589 1377 1547 1283 1288 1608 1101 1685 455 546 416 983 1122 1737 553 73 1592 1562 1575 252 1517 1215 1195 977 1719 1713 1373 1295 1378 1010 287 1311 318 1560 1263 532 1501 1063 1162 1710 0 1476
558 215 695 145 254 845 213 733 707 540 768 197 292 515 434 262 487 1738 674 715 1215 1544 314 1507 367 285 282 355 1705 174 156 163 518 736 295 458 839 251 1368 1740 1611 672 860 304 1748 1544 474 129 142 1467 401 706 725 638 345 280 686 728 384 732 1502 318 1266 374 800 1234 286 801 765 277 1491 0
EOF