NAME : tsp_problem
TYPE : TSP
DIMENSION : 38
EDGE_WEIGHT_TYPE : EXPLICIT
EDGE_WEIGHT_FORMAT : FULL_MATRIX
EDGE_WEIGHT_SECTION
0 532 819 46 482 381 281 933 102 890 1128 128 114 661 646 578 922 1290 632 903 399 647 887 609 1058 547 820 214 1143 1112 713 1245 660 1238 623 506 792 724
532 0 365 532 968 424 456 527 588 501 1363 430 456 690 954 124 533 1525 704 449 885 132 433 94 1293 93 1055 356 1378 1347 643 1479 144 1473 107 950 338 959
819 365 0 818 648 710 743 196 875 170 1649 716 742 359 624 410 202 1812 373 118 623 480 146 442 1579 380 1341 642 1664 1633 312 1766 492 1759 455 619 161 1245
46 532 818 0 454 378 281 904 73 862 1099 127 114 632 617 577 893 1262 603 902 370 647 886 609 1029 546 791 213 1114 1083 685 1216 659 1209 622 477 791 695
482 968 648 454 0 799 717 607 404 564 1377 564 550 335 210 1014 596 1539 306 721 132 1084 760 1045 1307 983 1069 650 1392 1360 387 1493 1096 1487 1059 62 775 973
381 424 710 378 799 0 318 871 419 846 1111 278 304 978 963 469 877 1273 949 794 716 539 778 500 1041 438 803 204 1126 1095 988 1228 551 1221 514 823 683 707
281 456 743 281 717 318 0 904 337 878 1231 178 210 896 880 501 910 1393 867 827 634 571 811 533 1161 471 922 231 1245 1214 948 1347 583 1341 546 740 716 826
933 527 196 904 607 871 904 0 855 261 1811 878 904 317 582 572 293 1973 331 268 581 642 308 604 1741 541 1502 804 1826 1794 271 1927 654 1921 617 578 322 1406
102 588 875 73 404 419 337 855 0 812 1141 184 170 583 568 634 844 1303 554 959 321 703 943 665 1071 603 833 270 1156 1125 635 1257 716 1251 679 428 848 737
890 501 170 862 564 846 878 261 812 0 1785 852 878 275 539 546 57 1947 289 243 538 616 246 578 1715 515 1477 778 1800 1769 228 1901 628 1895 591 535 296 1381
1144 1379 1665 1115 1393 1127 1246 1827 1157 1801 0 1093 1069 1572 1556 1424 1832 327 1542 1749 1309 1494 1733 1456 384 1393 413 1055 179 86 1624 177 1506 142 1469 1416 1638 563
128 430 716 127 564 278 178 878 184 852 1077 0 57 743 727 475 884 1240 714 800 481 545 784 507 1008 444 769 156 1092 1061 795 1194 557 1187 520 587 689 673
114 456 742 114 550 304 210 904 170 878 1053 57 0 729 714 501 910 1215 700 826 467 571 810 533 983 470 745 132 1068 1037 782 1170 583 1163 546 574 715 649
661 690 359 632 335 978 896 317 583 275 1556 743 729 0 311 735 306 1718 146 431 287 805 471 766 1486 704 1247 829 1571 1539 73 1672 817 1666 780 307 485 1151
646 954 624 617 210 963 880 582 568 539 1540 727 714 311 0 1000 571 1702 281 696 295 1070 736 1031 1470 969 1232 813 1555 1524 363 1657 1082 1650 1045 173 750 1136
578 124 410 577 1014 469 501 572 634 546 1408 475 501 735 1000 0 578 1570 749 494 931 239 478 201 1338 54 1100 401 1423 1392 688 1525 251 1518 214 995 383 1004
922 533 202 893 596 877 910 293 844 57 1817 884 910 306 571 578 0 1979 320 274 570 648 216 610 1747 547 1508 810 1831 1800 260 1933 660 1927 623 567 276 1412
1204 1439 1725 1176 1453 1187 1307 1887 1217 1861 255 1154 1129 1632 1616 1484 1893 0 1603 1809 1370 1554 1793 1516 445 1453 473 1115 240 239 1684 372 1566 365 1529 1476 1698 623
632 704 373 603 306 949 867 331 554 289 1526 714 700 146 281 749 320 1689 0 445 280 819 485 781 1457 718 1218 799 1541 1510 185 1643 831 1636 794 277 499 1122
903 449 118 902 721 794 827 268 959 243 1733 800 826 431 696 494 274 1896 445 0 695 564 230 526 1663 464 1425 726 1748 1717 385 1850 576 1843 539 692 245 1329
399 885 623 370 132 716 634 581 321 538 1294 481 467 287 295 931 570 1456 280 695 0 1000 735 962 1224 900 985 566 1308 1277 339 1410 1013 1404 975 155 749 889
647 132 480 647 1084 539 571 642 703 616 1478 545 571 805 1070 239 648 1640 819 564 1000 0 548 114 1408 208 1170 471 1493 1462 758 1594 33 1588 50 1065 453 1074
887 433 146 886 760 778 811 308 943 246 1717 784 810 471 736 478 216 1879 485 230 735 548 0 510 1647 447 1409 710 1732 1701 424 1834 560 1827 523 732 229 1313
609 94 442 609 1045 500 533 604 665 578 1440 507 533 766 1031 201 610 1602 781 526 962 114 510 0 1370 170 1132 433 1455 1423 720 1556 127 1550 91 1027 415 1035
839 1073 1360 810 1087 822 941 1521 852 1496 451 788 764 1266 1251 1119 1527 613 1237 1444 1004 1189 1428 1150 0 1088 108 749 465 434 1319 567 1201 561 1164 1111 1333 258
547 93 380 546 983 438 471 541 603 515 1377 444 470 704 969 54 547 1539 718 464 900 208 447 170 1307 0 1069 370 1392 1361 657 1494 220 1487 183 965 352 973
779 1013 1300 750 1027 761 881 1461 791 1435 602 728 704 1206 1191 1059 1467 764 1177 1384 944 1128 1368 1090 532 1028 0 689 617 585 1258 718 1141 712 1103 1051 1273 197
214 356 642 213 650 204 231 804 270 778 1039 156 132 829 813 401 810 1201 799 726 566 471 710 433 969 370 731 0 1054 1022 881 1155 483 1149 446 673 615 635
1038 1273 1559 1009 1287 1021 1140 1721 1051 1695 323 987 963 1466 1450 1318 1726 485 1436 1643 1203 1388 1627 1350 278 1287 307 949 0 307 1518 440 1400 433 1363 1310 1532 457
1128 1362 1649 1099 1376 1111 1230 1810 1141 1784 86 1077 1053 1555 1540 1408 1816 311 1526 1733 1293 1477 1717 1439 368 1377 397 1038 163 0 1607 163 1490 196 1453 1400 1622 546
713 643 312 685 387 988 948 271 635 228 1608 795 782 73 363 688 260 1770 185 385 339 758 424 720 1538 657 1300 881 1623 1592 0 1724 770 1718 733 359 438 1204
1260 1495 1782 1232 1509 1243 1363 1943 1273 1917 177 1210 1186 1688 1672 1540 1949 443 1659 1866 1426 1610 1850 1572 501 1509 530 1171 296 163 1740 0 1622 66 1585 1533 1755 679
660 144 492 659 1096 551 583 654 716 628 1490 557 583 817 1082 251 660 1652 831 576 1013 33 560 127 1420 220 1182 483 1505 1474 770 1607 0 1600 62 1077 465 1086
1254 1489 1775 1225 1503 1237 1356 1936 1267 1911 142 1203 1179 1681 1666 1534 1942 437 1652 1859 1419 1604 1843 1566 494 1503 523 1165 289 196 1734 66 1616 0 1579 1526 1748 673
623 107 455 622 1059 514 546 617 679 591 1453 520 546 780 1045 214 623 1615 794 539 975 50 523 91 1383 183 1145 446 1468 1437 733 1569 62 1563 0 1040 428 1049
506 950 619 477 62 823 740 578 428 535 1400 587 574 307 173 995 567 1562 277 692 155 1065 732 1027 1330 965 1092 673 1415 1384 359 1517 1077 1510 1040 0 746 996
792 338 161 791 775 683 716 322 848 296 1622 689 715 485 750 383 276 1784 499 245 749 453 229 415 1552 352 1314 615 1637 1606 438 1739 465 1732 428 746 0 1218
741 976 1262 712 990 724 843 1424 754 1398 533 690 666 1169 1153 1021 1429 695 1139 1346 906 1091 1330 1053 463 990 224 652 547 516 1221 649 1103 643 1066 1013 1235 0
EOF