NAME : tsp_problem
TYPE : TSP
DIMENSION : 78
EDGE_WEIGHT_TYPE : EXPLICIT
EDGE_WEIGHT_FORMAT : FULL_MATRIX
EDGE_WEIGHT_SECTION
0 879 192 250 503 719 308 201 871 965 865 565 901 732 975 264 596 1070 681 281 879 1014 1107 414 505 784 862 712 1011 1082 333 753 663 695 696 336 661 1040 640 1062 937 296 559 236 967 794 1043 834 982 406 686 466 306 471 905 288 1115 822 1311 732 678 353 279 736 977 719 980 327 579 969 639 1076 452 890 817 426 984 851
879 0 772 777 757 366 844 775 74 282 182 494 218 249 1228 753 850 1322 520 755 1132 1267 1359 581 759 226 179 551 1263 1334 668 281 260 340 460 670 264 357 895 379 105 749 488 789 284 465 360 1074 151 590 525 720 842 547 279 688 432 427 479 249 537 890 757 254 145 422 148 863 660 286 416 393 706 207 1070 571 301 287
192 772 0 181 347 612 151 44 764 857 757 458 794 625 819 195 440 913 613 323 723 858 950 258 348 716 755 644 855 925 176 685 556 626 588 179 554 933 484 955 830 317 452 168 860 687 935 677 875 249 618 309 149 402 798 131 1008 715 1203 625 610 197 325 629 870 612 873 170 466 862 532 969 296 783 661 269 876 744
250 777 181 0 493 709 297 191 769 879 779 554 815 613 965 81 586 1059 467 318 869 1004 1096 404 494 570 777 498 1001 1072 322 539 653 481 685 326 651 955 630 976 835 312 549 194 882 784 957 823 881 396 472 455 295 288 820 278 930 812 1209 597 464 343 320 651 875 709 878 316 568 884 629 891 442 805 807 415 898 766
503 757 347 493 0 597 401 331 750 843 743 443 779 610 517 507 138 612 686 634 421 556 648 225 67 788 740 717 553 624 224 794 541 701 574 227 540 919 182 940 815 629 437 479 845 672 921 506 861 217 691 85 399 714 784 245 994 700 1189 610 734 447 636 615 855 597 858 420 294 847 517 955 74 769 359 236 862 730
719 366 612 709 597 0 684 615 358 421 343 258 357 219 1068 723 690 1162 360 741 972 1107 1199 421 599 397 340 391 1103 1174 507 403 150 310 131 510 148 497 735 518 424 735 263 695 424 239 499 914 470 430 365 560 682 533 210 528 603 229 798 219 408 730 743 199 464 93 467 703 500 425 168 564 546 241 909 411 440 156
308 844 151 297 401 684 0 136 837 930 830 530 866 697 873 311 494 968 729 439 777 912 1005 312 403 832 827 760 909 980 231 801 628 742 661 234 627 1006 538 1027 902 433 524 284 932 759 1008 732 948 304 734 363 37 518 871 186 1081 788 1276 697 726 78 441 702 942 684 946 52 520 934 604 1042 350 856 715 323 949 817
201 775 44 191 331 615 136 0 767 861 761 461 797 628 804 205 425 898 622 332 708 843 935 243 333 725 758 653 839 910 161 694 559 635 592 164 557 936 469 958 833 327 455 177 863 690 939 662 878 234 627 294 134 412 801 116 1011 718 1207 628 619 182 334 632 873 615 876 155 451 865 535 972 280 786 646 254 880 747
871 74 764 769 750 358 837 767 0 274 174 486 210 241 1220 746 843 1314 513 747 1124 1259 1351 574 751 219 171 543 1256 1327 660 274 252 332 452 663 256 350 887 371 116 741 481 782 277 457 352 1067 161 583 518 712 835 539 271 680 424 420 490 242 530 883 749 246 156 415 159 856 653 279 409 385 699 200 1062 564 293 280
965 282 857 879 843 421 930 861 274 0 210 580 138 335 1313 856 936 1408 606 857 1217 1353 1445 667 845 336 208 637 1349 1420 753 390 346 426 467 756 350 150 980 171 340 851 574 892 77 472 152 1160 385 676 611 806 928 649 286 774 541 434 713 335 640 976 859 339 380 429 383 949 746 70 502 502 792 214 1155 657 75 294
865 182 757 779 743 343 830 761 174 210 0 480 147 235 1213 755 836 1308 506 757 1117 1253 1345 567 745 235 35 537 1249 1320 653 290 246 326 389 656 250 286 880 308 240 751 474 792 213 393 288 1060 285 576 511 706 828 549 208 674 441 356 613 235 539 876 759 239 280 351 283 849 646 215 402 402 692 136 1055 557 229 216
565 494 458 554 443 258 530 461 486 580 480 0 516 347 913 569 536 1008 423 696 817 953 1045 267 445 525 477 454 949 1020 353 531 278 438 173 356 276 655 580 677 552 691 105 541 582 271 658 760 598 276 428 406 528 598 383 374 730 300 926 347 470 576 698 351 592 197 595 549 346 584 210 691 392 413 755 257 599 329
901 218 794 815 779 357 866 797 210 138 147 516 0 271 1250 792 872 1344 542 793 1154 1289 1381 603 781 272 144 573 1285 1356 690 327 282 362 403 692 286 213 917 235 276 787 510 828 140 408 216 1096 322 612 547 742 864 585 222 710 477 371 650 271 576 912 795 276 316 366 319 885 682 142 438 438 728 151 1092 593 157 231
732 249 625 613 610 219 697 628 241 335 235 347 271 0 1081 589 703 1175 373 590 985 1120 1212 434 612 280 232 404 1116 1187 520 252 113 163 326 523 117 410 748 432 307 585 341 625 337 332 413 927 353 443 378 573 695 382 275 541 486 295 681 73 373 743 592 106 347 289 350 716 513 339 269 446 559 260 922 424 354 222
975 1228 819 965 517 1068 873 804 1220 1313 1213 913 1250 1081 0 979 405 273 1157 1107 239 243 335 697 500 1259 1211 1187 102 310 696 1264 1012 1171 1044 699 1010 1389 353 1411 1286 1101 908 952 1316 1143 1391 844 1331 689 1162 558 871 1186 1254 717 1464 1171 1659 1081 1204 919 1109 1085 1325 1068 1329 892 645 1318 988 1425 547 1239 304 709 1332 1200
264 753 195 81 507 723 311 205 746 856 755 569 792 589 979 0 600 1074 444 364 883 1018 1110 418 509 547 753 475 1015 1086 337 516 633 457 699 340 638 931 644 953 811 358 563 208 858 798 934 838 857 410 449 469 309 233 796 292 907 815 1185 573 441 357 366 627 851 723 855 331 582 860 643 868 456 781 821 429 875 742
596 850 440 586 138 690 494 425 843 936 836 536 872 703 405 600 0 499 779 728 309 444 536 318 121 882 833 810 441 512 317 887 634 794 667 320 633 1012 70 1033 908 722 531 572 939 765 1014 599 954 310 784 178 492 807 877 338 1087 794 1282 703 827 540 730 708 948 691 952 513 388 940 610 1048 168 862 247 330 955 823
1070 1322 913 1059 612 1162 968 898 1314 1408 1308 1008 1344 1175 273 1074 499 0 1251 1201 333 207 299 792 594 1353 1305 1282 240 274 791 1359 1106 1266 1139 794 1104 1483 448 1505 1380 1196 1002 1046 1410 1237 1486 939 1426 784 1256 652 966 1281 1348 811 1559 1265 1754 1175 1299 1014 1203 1180 1420 1162 1423 987 740 1412 1082 1519 641 1333 399 803 1427 1295
681 520 613 467 686 360 729 622 513 606 506 423 542 373 1157 444 779 1251 0 445 1061 1196 1288 510 688 334 503 71 1192 1263 597 303 304 244 402 599 303 682 824 703 578 439 417 480 609 511 684 1003 624 519 67 649 727 237 547 617 694 539 952 360 109 775 447 378 618 426 622 748 589 610 345 655 635 532 999 500 625 493
281 755 323 318 634 741 439 332 747 857 757 696 793 590 1107 364 728 1201 445 0 1011 1146 1238 546 636 548 754 476 1142 1213 464 517 635 458 785 467 639 932 772 954 813 129 691 190 859 854 935 965 858 537 450 597 437 357 797 419 908 817 1186 574 442 485 112 628 852 809 856 458 710 861 729 869 584 782 949 557 876 743
879 1132 723 869 421 972 777 708 1124 1217 1117 817 1154 985 239 883 309 333 1061 1011 0 278 370 601 404 1163 1115 1091 163 345 600 1168 916 1075 948 603 914 1293 257 1315 1190 1005 812 855 1220 1047 1295 748 1235 593 1066 462 775 1090 1158 621 1368 1075 1563 985 1108 823 1013 989 1229 972 1233 796 549 1222 892 1329 451 1143 208 613 1236 1104
1014 1267 858 1004 556 1107 912 843 1259 1353 1253 953 1289 1120 243 1018 444 207 1196 1146 278 0 133 737 539 1298 1250 1227 323 108 736 1303 1051 1211 1084 738 1049 1428 393 1450 1325 1140 947 991 1355 1182 1431 884 1370 728 1201 597 910 1225 1293 756 1503 1210 1699 1120 1243 958 1148 1124 1365 1107 1368 932 684 1357 1027 1464 586 1278 343 748 1372 1239
1107 1359 950 1096 648 1199 1005 935 1351 1445 1345 1045 1381 1212 335 1110 536 299 1288 1238 370 133 0 829 631 1390 1342 1319 415 53 828 1396 1143 1303 1176 830 1141 1520 485 1542 1417 1233 1039 1083 1447 1274 1523 976 1463 820 1293 689 1003 1317 1385 848 1595 1302 1791 1212 1335 1050 1240 1216 1457 1199 1460 1024 776 1449 1119 1556 678 1370 436 840 1464 1331
414 581 258 404 225 421 312 243 574 667 567 267 603 434 697 418 318 792 510 546 601 737 829 0 227 613 564 541 733 804 135 618 365 525 398 138 364 743 362 764 639 540 262 390 670 496 745 556 685 87 515 188 310 625 608 156 818 525 1013 434 558 358 548 439 679 422 683 331 281 671 341 779 174 593 539 68 686 554
505 759 348 494 67 599 403 333 751 845 745 445 781 612 500 509 121 594 688 636 404 539 631 227 0 790 742 719 536 607 226 796 543 703 576 229 541 920 165 942 817 631 439 481 847 674 923 508 863 219 693 87 401 716 785 246 996 702 1191 612 736 449 638 616 857 599 860 422 296 849 519 956 76 770 342 238 864 732
784 226 716 570 788 397 832 725 219 336 235 525 272 280 1259 547 882 1353 334 548 1163 1298 1390 613 790 0 233 364 1295 1365 699 78 291 151 504 701 295 411 926 433 284 542 520 583 338 510 414 1106 330 621 339 751 830 340 333 719 380 473 658 267 331 878 550 285 324 467 328 851 691 340 448 341 738 261 1101 602 355 341
862 179 755 777 740 340 827 758 171 208 35 477 144 232 1211 753 833 1305 503 754 1115 1250 1342 564 742 233 0 534 1246 1317 651 288 243 323 386 653 247 283 878 305 237 748 471 789 210 391 286 1058 283 573 508 703 825 546 205 671 438 353 611 232 537 873 756 237 277 348 280 846 643 212 399 399 689 133 1053 554 227 213
712 551 644 498 717 391 760 653 543 637 537 454 573 404 1187 475 810 1282 71 476 1091 1227 1319 541 719 364 534 0 1223 1294 627 333 335 275 433 630 333 712 854 734 609 470 448 511 639 541 715 1034 655 550 67 680 758 268 577 648 725 570 983 391 140 805 478 409 649 456 652 779 620 641 376 685 666 562 1029 531 656 524
1011 1263 855 1001 553 1103 909 839 1256 1349 1249 949 1285 1116 102 1015 441 240 1192 1142 163 323 415 733 536 1295 1246 1223 0 390 732 1300 1047 1207 1080 735 1046 1425 389 1446 1321 1137 943 987 1351 1178 1427 880 1367 725 1197 593 907 1222 1290 753 1500 1206 1695 1116 1240 955 1144 1121 1361 1103 1364 928 681 1353 1023 1461 583 1275 225 744 1368 1236
1082 1334 925 1072 624 1174 980 910 1327 1420 1320 1020 1356 1187 310 1086 512 274 1263 1213 345 108 53 804 607 1365 1317 1294 390 0 803 1371 1118 1278 1151 806 1117 1495 460 1517 1392 1208 1014 1058 1422 1249 1498 951 1438 796 1268 664 978 1293 1361 824 1571 1277 1766 1187 1311 1026 1215 1192 1432 1174 1435 999 752 1424 1094 1532 653 1346 411 815 1439 1307
333 668 176 322 224 507 231 161 660 753 653 353 690 520 696 337 317 791 597 464 600 736 828 135 226 699 651 627 732 803 0 704 452 611 484 105 450 829 361 851 726 459 348 309 756 583 831 555 771 127 602 187 229 543 694 123 904 611 1099 521 644 276 466 525 765 508 769 250 343 758 428 865 173 679 538 147 772 640
753 281 685 539 794 403 801 694 274 390 290 531 327 252 1264 516 887 1359 303 517 1168 1303 1396 618 796 78 288 333 1300 1371 704 0 296 120 510 707 301 466 931 488 339 511 525 552 393 516 468 1111 385 627 308 756 799 309 388 725 435 478 713 236 300 847 519 290 379 472 382 820 697 395 453 396 743 316 1106 608 409 396
663 260 556 653 541 150 628 559 252 346 246 278 282 113 1012 633 634 1106 304 635 916 1051 1143 365 543 291 243 335 1047 1118 452 296 0 204 257 454 74 421 679 443 318 629 272 639 348 343 424 858 363 374 309 504 626 427 286 472 496 305 692 113 352 674 637 117 358 220 361 647 444 350 200 457 490 271 854 355 365 232
695 340 626 481 701 310 742 635 332 426 326 438 362 163 1171 457 794 1266 244 458 1075 1211 1303 525 703 151 323 275 1207 1278 611 120 204 0 417 614 208 501 838 523 398 453 432 493 428 423 504 1018 443 534 249 664 740 250 366 632 511 385 772 164 241 788 460 197 438 380 441 761 604 430 360 472 650 351 1013 515 445 312
696 460 588 685 574 131 661 592 452 467 389 173 403 326 1044 699 667 1139 402 785 948 1084 1176 398 576 504 386 433 1080 1151 484 510 257 417 0 487 255 543 711 564 518 780 179 672 469 125 545 891 564 407 407 537 659 577 256 505 709 153 892 326 449 707 787 245 558 70 561 680 477 471 83 670 523 286 886 388 486 202
336 670 179 326 227 510 234 164 663 756 656 356 692 523 699 340 320 794 599 467 603 738 830 138 229 701 653 630 735 806 105 707 454 614 487 0 453 831 364 853 728 462 350 312 758 585 834 557 774 130 604 189 232 547 697 125 907 613 1102 523 647 280 469 528 768 510 771 253 346 760 430 868 176 681 541 149 775 643
661 264 554 651 540 148 627 557 256 350 250 276 286 117 1010 638 633 1104 303 639 914 1049 1141 364 541 295 247 333 1046 1117 450 301 74 208 255 453 0 425 677 447 322 633 271 637 352 347 428 857 368 373 308 502 625 431 290 470 500 310 696 117 350 673 641 121 362 218 365 646 443 354 199 461 489 275 852 354 369 236
1040 357 933 955 919 497 1006 936 350 150 286 655 213 410 1389 931 1012 1483 682 932 1293 1428 1520 743 920 411 283 712 1425 1495 829 466 421 501 543 831 425 0 1056 95 415 927 650 967 152 547 91 1236 461 752 687 881 1004 724 362 849 616 510 789 410 715 1051 934 415 455 505 458 1025 821 154 578 577 868 290 1231 732 169 370
640 895 484 630 182 735 538 469 887 980 880 580 917 748 353 644 70 448 824 772 257 393 485 362 165 926 878 854 389 460 361 931 679 838 711 364 677 1056 0 1078 953 766 575 617 983 810 1058 603 998 354 829 223 536 851 921 382 1131 838 1326 748 871 584 774 752 992 735 996 557 404 985 655 1092 212 906 195 374 999 867
1062 379 955 976 940 518 1027 958 371 171 308 677 235 432 1411 953 1033 1505 703 954 1315 1450 1542 764 942 433 305 734 1446 1517 851 488 443 523 564 853 447 95 1078 0 437 948 671 989 174 569 99 1257 483 773 708 903 1025 746 383 871 638 531 811 432 737 1073 956 436 477 527 480 1046 843 176 599 599 889 312 1252 754 190 391
937 105 830 835 815 424 902 833 116 340 240 552 276 307 1286 811 908 1380 578 813 1190 1325 1417 639 817 284 237 609 1321 1392 726 339 318 398 518 728 322 415 953 437 0 807 546 847 342 523 418 1132 86 648 583 778 900 605 337 746 490 485 478 307 595 948 815 312 144 480 84 921 718 344 474 451 764 265 1128 629 359 345
296 749 317 312 629 735 433 327 741 851 751 691 787 585 1101 358 722 1196 439 129 1005 1140 1233 540 631 542 748 470 1137 1208 459 511 629 453 780 462 633 927 766 948 807 0 685 184 854 848 929 960 853 532 444 591 431 351 792 414 902 811 1181 569 436 479 127 623 847 803 850 453 704 855 723 863 578 777 943 551 870 738
559 488 452 549 437 263 524 455 481 574 474 105 510 341 908 563 531 1002 417 691 812 947 1039 262 439 520 471 448 943 1014 348 525 272 432 179 350 271 650 575 671 546 685 0 535 576 277 652 755 592 270 422 400 523 593 389 368 725 305 920 341 465 570 693 346 586 202 590 544 340 578 216 686 387 419 750 251 593 335
236 789 168 194 479 695 284 177 782 892 792 541 828 625 952 208 572 1046 480 190 855 991 1083 390 481 583 789 511 987 1058 309 552 639 493 672 312 637 967 617 989 847 184 535 0 894 770 970 810 893 382 485 442 282 392 832 264 943 798 1221 609 477 330 192 663 887 695 891 303 555 896 615 904 428 817 793 402 911 778
967 284 860 882 845 424 932 863 277 77 213 582 140 337 1316 858 939 1410 609 859 1220 1355 1447 670 847 338 210 639 1351 1422 756 393 348 428 469 758 352 152 983 174 342 854 576 894 0 474 155 1163 388 678 614 808 931 651 288 776 543 437 716 337 642 978 861 342 382 432 385 952 748 68 504 504 795 217 1158 659 72 297
794 465 687 784 672 239 759 690 457 472 393 271 408 332 1143 798 765 1237 511 854 1047 1182 1274 496 674 510 391 541 1178 1249 583 516 343 423 125 585 347 547 810 569 523 848 277 770 474 0 550 989 568 505 516 635 757 646 218 603 716 56 896 332 558 805 856 250 562 178 566 778 575 476 192 676 621 291 985 486 491 207
1043 360 935 957 921 499 1008 939 352 152 288 658 216 413 1391 934 1014 1486 684 935 1295 1431 1523 745 923 414 286 715 1427 1498 831 468 424 504 545 834 428 91 1058 99 418 929 652 970 155 550 0 1238 463 754 689 884 1006 727 364 852 619 512 792 413 718 1054 937 417 458 507 461 1027 824 157 580 580 870 292 1233 735 171 372
834 1074 677 823 506 914 732 662 1067 1160 1060 760 1096 927 844 838 599 939 1003 965 748 884 976 556 508 1106 1058 1034 880 951 555 1111 858 1018 891 557 857 1236 603 1257 1132 960 755 810 1163 989 1238 0 1178 547 1009 469 730 1044 1101 575 1311 1018 1506 928 1051 777 967 932 1172 915 1176 751 435 1165 835 1272 455 1086 686 567 1179 1047
982 151 875 881 861 470 948 878 161 385 285 598 322 353 1331 857 954 1426 624 858 1235 1370 1463 685 863 330 283 655 1367 1438 771 385 363 443 564 774 368 461 998 483 86 853 592 893 388 568 463 1178 0 694 629 823 946 650 383 792 535 531 523 353 641 994 860 357 189 526 30 967 764 390 520 496 810 311 1173 675 404 391
406 590 249 396 217 430 304 234 583 676 576 276 612 443 689 410 310 784 519 537 593 728 820 87 219 621 573 550 725 796 127 627 374 534 407 130 373 752 354 773 648 532 270 382 678 505 754 547 694 0 524 179 302 617 617 148 827 533 1022 443 567 350 539 448 688 430 691 323 290 680 350 788 166 602 531 77 695 563
686 525 618 472 691 365 734 627 518 611 511 428 547 378 1162 449 784 1256 67 450 1066 1201 1293 515 693 339 508 67 1197 1268 602 308 309 249 407 604 308 687 829 708 583 444 422 485 614 516 689 1009 629 524 0 654 732 242 552 622 699 544 957 365 114 780 452 383 623 431 627 753 594 615 350 660 640 537 1004 505 630 498
466 720 309 455 85 560 363 294 712 806 706 406 742 573 558 469 178 652 649 597 462 597 689 188 87 751 703 680 593 664 187 756 504 664 537 189 502 881 223 903 778 591 400 442 808 635 884 469 823 179 654 0 361 676 746 207 956 663 1152 573 696 409 599 577 818 560 821 383 257 810 480 917 87 731 400 199 825 692
306 842 149 295 399 682 37 134 835 928 828 528 864 695 871 309 492 966 727 437 775 910 1003 310 401 830 825 758 907 978 229 799 626 740 659 232 625 1004 536 1025 900 431 523 282 931 757 1006 730 946 302 732 361 0 516 869 184 1079 786 1274 695 724 80 439 700 940 683 944 53 518 932 602 1040 348 854 713 322 947 815
471 547 402 288 714 533 518 412 539 649 549 598 585 382 1186 233 807 1281 237 357 1090 1225 1317 625 716 340 546 268 1222 1293 543 309 427 250 577 547 431 724 851 746 605 351 593 392 651 646 727 1044 650 617 242 676 516 0 589 499 700 609 978 367 234 564 359 420 644 601 648 537 765 653 521 661 663 574 1028 636 668 536
905 279 798 820 784 210 871 801 271 286 208 383 222 275 1254 796 877 1348 547 797 1158 1293 1385 608 785 333 205 577 1290 1361 694 388 286 366 256 697 290 362 921 383 337 792 389 832 288 218 364 1101 383 617 552 746 869 589 0 714 538 180 711 276 580 917 799 194 377 219 380 890 687 290 294 499 733 105 1096 598 305 83
288 688 131 278 245 528 186 116 680 774 674 374 710 541 717 292 338 811 617 419 621 756 848 156 246 719 671 648 753 824 123 725 472 632 505 125 470 849 382 871 746 414 368 264 776 603 852 575 792 148 622 207 184 499 714 0 925 631 1120 541 665 232 421 546 786 528 789 205 364 778 448 885 194 699 559 167 793 661
1115 432 1008 930 994 603 1081 1011 424 541 441 730 477 486 1464 907 1087 1559 694 908 1368 1503 1595 818 996 380 438 725 1500 1571 904 435 496 511 709 907 500 616 1131 638 490 902 725 943 543 716 619 1311 535 827 699 956 1079 700 538 925 0 678 863 486 691 1127 910 490 529 672 533 1100 897 545 653 124 943 466 1306 808 560 546
822 427 715 812 700 229 788 718 420 434 356 300 371 295 1171 815 794 1265 539 817 1075 1210 1302 525 702 473 353 570 1206 1277 611 478 305 385 153 613 310 510 838 531 485 811 305 798 437 56 512 1018 531 533 544 663 786 609 180 631 678 0 859 295 586 833 819 213 525 206 528 807 603 439 220 639 650 254 1013 514 453 170
1213 381 1106 1111 1091 700 1178 1109 392 616 516 828 552 583 1562 1087 1184 1656 854 1089 1466 1601 1693 915 1093 560 513 885 1597 1668 1002 615 594 674 794 1004 598 691 1229 713 380 1083 822 1123 618 799 694 1408 426 924 859 1054 1176 881 613 1022 766 761 0 583 871 1224 1091 588 415 756 423 1197 994 620 750 727 1040 541 1404 905 635 621
732 249 625 597 610 219 697 628 242 335 235 347 271 73 1081 573 703 1175 360 574 985 1120 1212 434 612 267 232 391 1116 1187 521 236 113 164 326 523 117 410 748 432 307 569 341 609 337 332 413 928 353 443 365 573 695 367 276 541 486 295 681 0 357 743 577 107 347 289 350 717 513 339 269 447 559 261 923 424 354 222
678 537 610 464 734 408 726 619 530 640 539 470 576 373 1204 441 827 1299 109 442 1108 1243 1335 558 736 331 537 140 1240 1311 644 300 352 241 449 647 350 715 871 737 595 436 465 477 642 558 718 1051 641 567 114 696 724 234 580 665 691 586 969 357 0 772 444 411 635 473 639 745 637 644 393 652 683 565 1046 548 659 526
353 890 197 343 447 730 78 182 883 976 876 576 912 743 919 357 540 1014 775 485 823 958 1050 358 449 878 873 805 955 1026 276 847 674 788 707 280 673 1051 584 1073 948 479 570 330 978 805 1054 777 994 350 780 409 80 564 917 232 1127 833 1322 743 772 0 487 748 988 730 991 71 566 980 650 1088 396 902 761 369 995 863
279 757 325 320 636 743 441 334 749 859 759 698 795 592 1109 366 730 1203 447 112 1013 1148 1240 548 638 550 756 478 1144 1215 466 519 637 460 787 469 641 934 774 956 815 127 693 192 861 856 937 967 860 539 452 599 439 359 799 421 910 819 1188 577 444 487 0 630 854 811 858 460 712 863 731 871 586 784 951 559 878 746
736 254 629 651 615 199 702 632 246 339 239 351 276 106 1085 627 708 1180 378 628 989 1124 1216 439 616 285 237 409 1121 1192 525 290 117 197 245 528 121 415 752 436 312 623 346 663 342 250 417 932 357 448 383 577 700 420 194 546 490 213 685 107 411 748 630 0 351 208 355 721 518 344 274 451 564 224 927 429 358 140
977 145 870 875 855 464 942 873 156 380 280 592 316 347 1325 851 948 1420 618 852 1229 1365 1457 679 857 324 277 649 1361 1432 765 379 358 438 558 768 362 455 992 477 144 847 586 887 382 562 458 1172 189 688 623 818 940 644 377 786 529 525 512 347 635 988 854 351 0 520 187 961 758 384 514 490 804 305 1167 669 399 385
719 422 612 709 597 93 684 615 415 429 351 197 366 289 1068 723 691 1162 426 809 972 1107 1199 422 599 467 348 456 1103 1174 508 472 220 380 70 510 218 505 735 527 480 803 202 695 432 178 507 915 526 430 431 560 683 601 219 528 672 206 854 289 473 730 811 208 520 0 523 704 500 434 107 633 547 249 910 411 448 165
980 148 873 878 858 467 946 876 159 383 283 595 319 350 1329 855 952 1423 622 856 1233 1368 1460 683 860 328 280 652 1364 1435 769 382 361 441 561 771 365 458 996 480 84 850 590 891 385 566 461 1176 30 691 627 821 944 648 380 789 533 528 521 350 639 991 858 355 187 523 0 965 761 387 517 494 808 309 1171 672 402 388
327 863 170 316 420 703 52 155 856 949 849 549 885 716 892 331 513 987 748 458 796 932 1024 331 422 851 846 779 928 999 250 820 647 761 680 253 646 1025 557 1046 921 453 544 303 952 778 1027 751 967 323 753 383 53 537 890 205 1100 807 1295 717 745 71 460 721 961 704 965 0 539 954 624 1061 369 875 734 343 968 836
579 660 466 568 294 500 520 451 653 746 646 346 682 513 645 582 388 740 589 710 549 684 776 281 296 691 643 620 681 752 343 697 444 604 477 346 443 821 404 843 718 704 340 555 748 575 824 435 764 290 594 257 518 765 687 364 897 603 1092 513 637 566 712 518 758 500 761 539 0 750 420 858 244 671 487 271 765 633
969 286 862 884 847 425 934 865 279 70 215 584 142 339 1318 860 940 1412 610 861 1222 1357 1449 671 849 340 212 641 1353 1424 758 395 350 430 471 760 354 154 985 176 344 855 578 896 68 476 157 1165 390 680 615 810 932 653 290 778 545 439 718 339 644 980 863 344 384 434 387 954 750 0 506 506 796 219 1160 661 62 299
639 416 532 629 517 168 604 535 409 502 402 210 438 269 988 643 610 1082 345 729 892 1027 1119 341 519 448 399 376 1023 1094 428 453 200 360 83 430 199 578 655 599 474 723 216 615 504 192 580 835 520 350 350 480 602 521 294 448 653 220 848 269 393 650 731 274 514 107 517 624 420 506 0 614 466 324 830 331 521 240
1076 393 969 891 955 564 1042 972 385 502 402 691 438 446 1425 868 1048 1519 655 869 1329 1464 1556 779 956 341 399 685 1461 1532 865 396 457 472 670 868 461 577 1092 599 451 863 686 904 504 676 580 1272 496 788 660 917 1040 661 499 885 124 639 824 447 652 1088 871 451 490 633 494 1061 858 506 614 0 904 427 1267 769 521 507
452 706 296 442 74 546 350 280 699 792 692 392 728 559 547 456 168 641 635 584 451 586 678 174 76 738 689 666 583 653 173 743 490 650 523 176 489 868 212 889 764 578 387 428 795 621 870 455 810 166 640 87 348 663 733 194 943 650 1138 559 683 396 586 564 804 547 808 369 244 796 466 904 0 718 389 186 811 679
890 207 783 805 769 241 856 786 200 214 136 413 151 260 1239 781 862 1333 532 782 1143 1278 1370 593 770 261 133 562 1275 1346 679 316 271 351 286 681 275 290 906 312 265 777 419 817 217 291 292 1086 311 602 537 731 854 574 105 699 466 254 639 261 565 902 784 224 305 249 309 875 671 219 324 427 718 0 1081 582 233 114
817 1070 661 807 359 909 715 646 1062 1155 1055 755 1092 922 304 821 247 399 999 949 208 343 436 539 342 1101 1053 1029 225 411 538 1106 854 1013 886 541 852 1231 195 1252 1128 943 750 793 1158 985 1233 686 1173 531 1004 400 713 1028 1096 559 1306 1013 1501 923 1046 761 951 927 1167 910 1171 734 487 1160 830 1267 389 1081 0 551 1174 1042
426 571 269 415 236 411 323 254 564 657 557 257 593 424 709 429 330 803 500 557 613 748 840 68 238 602 554 531 744 815 147 608 355 515 388 149 354 732 374 754 629 551 251 402 659 486 735 567 675 77 505 199 322 636 598 167 808 514 1003 424 548 369 559 429 669 411 672 343 271 661 331 769 186 582 551 0 676 544
984 301 876 898 862 440 949 880 293 75 229 599 157 354 1332 875 955 1427 625 876 1236 1372 1464 686 864 355 227 656 1368 1439 772 409 365 445 486 775 369 169 999 190 359 870 593 911 72 491 171 1179 404 695 630 825 947 668 305 793 560 453 732 354 659 995 878 358 399 448 402 968 765 62 521 521 811 233 1174 676 0 313
851 287 744 766 730 156 817 747 280 294 216 329 231 222 1200 742 823 1295 493 743 1104 1239 1331 554 732 341 213 524 1236 1307 640 396 232 312 202 643 236 370 867 391 345 738 335 778 297 207 372 1047 391 563 498 692 815 536 83 661 546 170 719 222 526 863 746 140 385 165 388 836 633 299 240 507 679 114 1042 544 313 0
EOF