NAME : tsp_problem
TYPE : TSP
DIMENSION : 82
EDGE_WEIGHT_TYPE : EXPLICIT
EDGE_WEIGHT_FORMAT : FULL_MATRIX
EDGE_WEIGHT_SECTION
0 406 555 471 400 887 844 1176 380 536 208 501 420 189 941 542 453 972 411 413 654 664 385 555 616 1073 342 553 401 639 415 138 467 631 783 278 676 387 332 300 642 309 196 200 762 325 529 332 415 563 311 631 615 504 410 1068 338 460 492 948 182 665 629 638 315 524 669 545 872 495 933 618 520 623 1192 291 503 506 777 644 510 207
406 0 807 723 652 607 1095 1427 632 247 307 251 280 476 650 517 705 681 275 120 365 916 637 806 327 782 593 260 653 350 89 518 174 341 492 657 387 639 130 247 286 256 447 475 513 123 781 123 122 207 258 883 259 756 662 777 590 167 567 657 434 395 340 349 566 776 380 796 581 746 642 261 771 441 901 238 755 213 498 355 762 459
555 807 0 412 341 1288 785 1117 717 937 609 902 821 626 1342 746 181 1373 812 814 890 628 326 496 928 1474 483 954 342 1040 816 576 868 1032 1184 324 1076 271 733 701 1043 710 467 494 966 726 97 733 817 964 712 595 1017 445 351 1469 302 861 696 1349 519 869 1030 1039 456 100 880 486 1273 458 1334 1019 483 827 1593 692 151 908 1178 1045 103 544
471 723 412 0 115 1204 493 825 633 853 524 818 737 620 1258 645 310 1289 728 730 789 520 116 203 828 1390 399 870 125 956 732 571 784 948 1100 319 975 244 649 617 959 626 383 410 865 642 386 649 732 880 628 487 932 153 111 1385 194 777 595 1265 434 768 946 955 372 381 780 194 1189 351 1250 935 376 726 1509 608 360 823 1094 961 367 459
400 652 341 115 0 1133 488 820 562 782 454 747 666 549 1187 574 239 1218 657 659 719 449 68 199 757 1319 328 799 77 885 661 500 713 877 1029 248 904 173 578 546 888 555 312 339 794 571 315 578 662 809 557 416 861 149 63 1314 123 706 525 1194 363 697 875 884 301 310 709 189 1118 280 1179 864 305 655 1438 537 289 752 1023 890 296 389
887 607 1288 1204 1133 0 1576 1909 1113 805 788 404 838 957 873 1076 1186 741 497 539 923 1397 1118 1287 885 888 1075 616 1134 908 616 999 530 562 714 1138 945 1120 624 728 844 737 929 956 1071 618 1262 618 542 765 739 1364 817 1237 1143 636 1071 523 1125 880 915 953 898 907 1048 1257 939 1277 803 1227 864 819 1252 999 475 719 1236 570 157 913 1243 940
739 991 680 388 384 1472 0 946 901 1121 793 1086 1005 888 1526 913 578 1557 996 998 1058 788 384 325 1096 1658 667 1138 393 1224 1000 839 1052 1216 1368 587 1243 512 917 885 1227 894 651 678 1133 910 654 917 1001 1148 896 755 1200 416 379 1653 462 1045 864 1533 702 1036 1214 1223 640 649 1048 315 1457 619 1518 1203 644 994 1777 876 628 1091 1362 1229 635 727
1193 1445 1134 842 838 1926 1047 0 1355 1575 1247 1540 1459 1342 1980 1367 1032 2011 1450 1452 1512 1242 838 779 1550 2112 1121 1592 847 1678 1454 1293 1506 1670 1822 1041 1697 966 1371 1339 1681 1348 1105 1132 1587 1364 1108 1371 1455 1602 1350 1209 1654 870 833 2107 916 1499 1318 1987 1156 1490 1668 1677 1094 1103 1502 769 1911 1073 1972 1657 1098 1448 2231 1330 1082 1545 1816 1683 1089 1182
380 632 717 633 562 1113 1005 1337 0 584 434 727 646 543 1168 316 615 1199 637 640 460 763 547 716 498 1299 297 780 563 737 641 493 693 857 1009 567 646 549 558 526 824 535 357 385 536 551 691 558 642 745 537 730 797 666 572 1294 497 686 266 1175 225 439 741 735 324 686 450 706 1099 593 1160 800 618 397 1419 517 665 733 1004 736 672 199
536 247 937 853 782 805 1225 1558 584 0 437 448 147 606 848 315 835 879 473 318 143 1024 767 936 124 979 558 458 783 177 252 648 372 539 690 787 184 769 327 280 264 269 578 605 293 321 911 321 320 185 249 990 238 886 792 975 720 365 364 855 564 192 182 176 585 906 158 926 779 854 840 240 879 238 1099 274 885 411 695 177 892 589
208 307 609 524 454 788 897 1229 434 437 0 402 321 243 843 596 507 874 312 315 555 718 439 608 518 974 395 455 455 541 316 285 368 532 684 424 577 440 233 201 544 210 249 277 703 226 583 233 317 465 212 684 517 558 464 969 392 362 546 850 236 586 531 539 368 578 571 598 774 548 835 519 573 631 1094 193 557 408 679 545 563 261
501 251 902 818 747 404 1190 1523 727 448 402 0 462 571 516 719 800 547 111 182 566 1011 732 901 529 647 689 260 748 552 260 613 173 205 357 752 588 734 268 342 487 351 543 570 714 261 876 261 185 408 353 978 460 851 757 642 685 166 768 523 529 597 542 550 662 871 582 891 447 841 508 463 866 642 767 333 850 213 295 556 857 554
420 280 821 737 666 838 1109 1442 646 147 321 462 0 490 881 418 719 912 372 351 265 930 651 820 228 1012 608 491 667 251 285 532 405 572 722 671 287 653 293 164 297 153 462 489 413 286 795 293 353 218 133 897 271 770 676 1007 604 398 467 888 448 296 241 250 581 790 281 810 812 760 873 273 785 341 1132 158 769 444 728 256 776 473
189 476 626 620 549 957 993 1325 543 606 243 571 490 0 1012 705 524 1043 481 484 724 827 534 703 687 1143 505 624 550 710 485 73 538 701 854 323 746 479 403 370 713 379 273 247 872 396 600 402 486 634 381 794 686 653 559 1139 501 531 655 1019 345 755 700 708 478 594 740 694 943 657 1004 688 682 786 1263 362 573 577 848 714 580 370
941 650 1342 1258 1187 873 1631 1963 1168 848 843 516 881 1012 0 1118 1241 295 609 582 966 1451 1172 1342 928 152 1129 422 1189 951 659 1054 503 340 233 1193 988 1174 667 782 887 792 983 1010 1114 661 1317 661 585 808 794 1418 860 1291 1197 391 1126 509 1168 69 969 996 941 950 1102 1311 982 1332 94 1282 100 862 1307 1042 515 774 1290 466 763 956 1297 995
542 517 746 645 574 1076 1018 1350 316 315 596 719 418 705 1118 0 644 1149 743 588 358 755 559 729 254 1250 290 728 576 447 522 655 642 810 960 596 455 578 598 551 535 539 517 544 434 592 720 591 591 456 520 722 508 678 584 1245 489 635 75 1125 386 149 452 446 317 715 349 719 1049 586 1110 510 611 232 1369 545 694 682 966 447 701 361
453 705 181 310 239 1186 683 1015 615 835 507 800 719 524 1241 644 0 1272 710 712 788 526 224 394 826 1372 381 852 241 939 714 474 766 930 1082 223 974 169 631 599 941 608 365 393 864 624 155 631 715 863 610 493 915 343 249 1367 200 759 594 1248 417 767 929 937 354 149 778 384 1171 356 1233 917 381 725 1492 590 128 806 1077 943 135 442
972 681 1373 1289 1218 741 1662 1994 1199 879 874 547 912 1043 295 1149 1272 0 640 613 997 1482 1203 1373 959 186 1160 453 1219 982 690 1085 534 371 264 1224 1019 1205 698 813 918 823 1014 1041 1145 692 1347 692 616 839 824 1449 891 1322 1228 160 1156 540 1199 316 1000 1027 972 981 1133 1342 1013 1363 226 1313 287 893 1338 1073 284 805 1321 497 794 987 1328 1026
411 275 812 728 657 497 1100 1433 637 473 312 111 372 481 609 743 710 640 0 207 591 921 642 811 553 740 599 284 658 576 284 523 198 298 450 662 613 644 284 252 512 261 453 480 739 277 786 284 210 433 263 888 485 761 667 735 595 191 749 616 439 621 566 575 572 781 607 801 540 751 601 487 776 667 860 243 760 238 388 581 767 464
413 120 814 730 659 539 1103 1435 640 318 315 182 351 484 582 588 712 613 207 0 436 923 644 814 398 713 601 192 660 421 129 526 106 273 423 665 458 646 137 254 357 264 455 482 584 131 788 131 55 278 265 890 330 763 669 708 597 99 638 589 441 466 411 420 574 783 452 804 513 754 574 332 779 512 833 246 762 145 429 426 769 466
654 365 890 789 719 923 1162 1494 460 143 555 566 265 724 966 358 788 997 591 436 0 899 704 873 242 1097 434 576 720 295 370 766 490 657 807 740 279 722 445 398 382 387 661 688 169 439 864 439 438 303 367 866 356 823 728 1093 633 483 309 973 531 310 300 294 461 859 83 863 897 730 958 358 755 305 1217 392 838 529 813 295 845 505
664 916 628 520 449 1397 893 1225 763 1024 718 1011 930 827 1451 755 526 1482 921 923 899 0 434 604 938 1583 541 1063 450 1149 925 777 977 1141 1293 534 1085 459 842 810 1152 819 576 603 975 835 602 842 926 1073 821 137 1125 553 459 1578 364 970 705 1458 627 878 1139 1148 565 597 890 594 1382 308 1443 1128 177 836 1702 801 576 1016 1287 1154 582 653
385 637 326 116 68 1118 489 821 547 767 439 732 651 534 1172 559 224 1203 642 644 704 434 0 199 742 1304 313 784 77 870 646 485 698 862 1014 233 889 158 563 531 873 540 297 324 779 556 300 563 647 794 542 401 847 149 64 1299 108 691 510 1179 348 682 860 869 286 295 694 190 1103 265 1164 849 290 641 1423 522 274 738 1008 875 281 374
965 1217 906 614 609 1698 819 664 1127 1347 1018 1312 1231 1114 1752 1139 804 1783 1222 1224 1283 1014 610 0 1322 1884 893 1364 619 1450 1226 1065 1278 1442 1594 813 1469 738 1143 1111 1453 1120 877 904 1359 1136 880 1143 1226 1374 1122 981 1426 642 605 1879 688 1271 1089 1759 928 1262 1440 1449 866 875 1274 541 1683 845 1744 1429 870 1220 2003 1102 854 1317 1588 1455 861 953
616 327 928 828 757 885 1200 1532 498 124 518 529 228 687 928 254 826 959 553 398 242 938 742 911 0 1060 472 538 758 257 332 729 452 620 770 778 264 760 408 361 345 349 658 685 347 401 902 401 401 266 330 904 318 861 767 1055 672 445 304 935 569 132 262 256 499 897 258 901 859 768 920 320 793 178 1179 355 876 491 776 257 883 543
1073 782 1474 1390 1319 888 1762 2094 1299 979 974 647 1012 1143 152 1250 1372 186 740 713 1097 1583 1304 1473 1060 0 1261 553 1320 1083 791 1185 635 471 337 1324 1119 1306 799 914 1018 923 1114 1142 1245 792 1448 792 716 939 925 1550 991 1423 1329 306 1257 641 1299 144 1101 1128 1073 1081 1233 1443 1113 1463 225 1413 204 994 1438 1173 431 905 1422 597 894 1087 1429 1126
342 593 483 399 328 1075 772 1104 297 558 395 689 608 505 1129 290 381 1160 599 601 434 541 313 482 472 1261 0 741 329 711 603 454 655 818 971 333 620 315 520 488 798 497 254 281 510 513 457 519 603 719 499 507 771 432 338 1256 266 648 240 1136 305 413 715 709 102 452 424 473 1060 371 1121 774 396 371 1380 479 431 694 965 710 438 330
553 260 954 870 799 616 1243 1575 780 458 455 260 491 624 422 728 852 453 284 192 576 1063 784 954 538 553 741 0 800 561 269 666 113 238 264 804 598 786 277 394 497 404 595 622 724 271 928 271 195 418 405 1030 470 903 809 549 737 119 778 429 581 606 551 560 714 923 592 944 353 894 414 472 919 652 673 386 902 76 507 566 909 606
401 653 342 125 77 1134 497 829 563 783 455 748 667 550 1189 576 241 1219 658 660 720 450 77 208 758 1320 329 800 0 886 662 501 714 878 1030 249 905 174 579 547 889 556 313 340 796 572 316 579 663 810 558 417 863 158 72 1315 125 707 526 1196 365 699 876 885 302 311 710 198 1119 281 1181 865 306 657 1439 538 290 754 1025 891 297 390
639 350 1040 956 885 908 1329 1661 737 177 541 552 251 710 951 447 939 982 576 421 295 1149 870 1040 257 1083 711 561 886 0 355 752 475 643 793 891 127 872 431 384 368 372 681 708 253 425 1014 424 424 289 353 1116 341 989 895 1078 823 468 497 958 667 325 98 92 738 1009 311 1030 882 980 943 343 1005 371 1202 378 988 515 799 93 995 692
415 89 816 732 661 616 1104 1437 641 252 316 260 285 485 659 522 714 690 284 129 370 925 646 815 332 791 603 269 662 355 0 527 183 351 501 666 392 648 139 256 291 265 457 484 518 133 790 132 132 212 267 892 264 765 671 786 599 176 572 666 443 400 345 354 576 785 386 805 590 755 651 266 780 446 910 247 764 223 507 360 771 468
138 518 576 571 500 999 943 1275 493 648 285 613 532 73 1054 655 474 1085 523 526 766 777 485 654 729 1185 454 666 501 752 527 0 579 743 895 275 788 430 444 412 754 421 223 197 875 437 550 444 528 676 423 744 728 604 510 1180 451 572 605 1061 295 778 742 750 427 545 782 644 984 607 1046 730 632 736 1305 403 524 619 890 756 531 320
467 174 868 784 713 530 1157 1489 693 372 368 173 405 538 503 642 766 534 198 106 490 977 698 867 452 635 655 113 714 475 183 579 0 264 345 718 512 700 191 308 410 317 509 536 637 185 842 184 108 332 319 944 384 817 723 630 651 74 692 510 495 520 465 474 628 837 505 858 434 808 495 386 832 566 754 300 816 67 421 480 823 520
631 341 1032 948 877 562 1320 1652 857 539 532 205 572 701 340 810 930 371 298 273 657 1141 862 1031 620 471 818 238 878 643 351 743 264 0 181 882 679 864 359 472 578 481 672 700 805 352 1006 352 276 499 483 1108 551 981 887 466 815 257 859 347 659 688 633 641 791 1001 673 1021 271 971 332 554 996 733 591 463 980 282 452 647 987 684
783 492 1184 1100 1029 714 1473 1805 1009 690 684 357 722 854 233 960 1082 264 450 423 807 1293 1014 1183 770 337 971 264 1030 793 501 895 345 181 0 1034 830 1016 509 624 728 633 825 852 955 503 1158 502 426 649 635 1260 702 1133 1039 360 967 351 1009 207 811 838 783 792 944 1153 823 1174 164 1123 225 704 1148 883 484 615 1132 308 605 798 1139 836
278 657 324 319 248 1138 692 1024 567 787 424 752 671 323 1193 596 223 1224 662 665 740 534 233 402 778 1324 333 804 249 891 666 275 718 882 1034 0 926 178 583 551 893 560 231 206 816 576 298 583 667 815 562 501 867 352 258 1319 209 711 546 1200 369 719 881 889 306 293 730 393 1123 365 1185 869 390 677 1444 542 272 758 1029 895 279 394
676 387 1076 975 904 945 1348 1680 646 184 577 588 287 746 988 455 974 1019 613 458 279 1085 889 1059 264 1119 620 598 905 127 392 788 512 679 830 926 0 907 467 420 404 409 718 745 149 461 1050 461 460 325 389 1052 378 1008 914 1115 819 505 494 995 704 332 132 126 647 1045 269 1049 919 916 980 380 940 378 1239 414 1023 551 835 127 1030 691
387 639 271 244 173 1120 617 949 549 769 440 734 653 479 1174 578 169 1205 644 646 722 459 158 327 760 1306 315 786 174 872 648 430 700 864 1016 178 907 0 565 533 875 542 299 326 798 558 245 565 648 796 544 426 848 277 183 1301 134 693 528 1181 350 701 862 871 288 240 712 317 1105 290 1166 851 315 659 1425 524 219 739 1010 877 226 375
332 130 733 649 578 624 1022 1354 558 327 233 268 293 403 667 598 631 698 284 137 445 842 563 732 408 799 520 277 579 431 139 444 191 359 509 583 467 565 0 173 366 182 374 401 593 74 707 81 140 287 184 809 339 682 588 794 516 184 647 674 360 476 421 429 493 702 461 723 598 673 659 342 697 521 918 165 681 230 515 435 688 385
300 247 701 617 546 728 989 1321 526 280 201 342 164 370 782 551 599 813 252 254 398 810 531 700 361 914 488 394 547 384 256 412 308 472 624 551 420 533 173 0 430 62 341 369 546 166 675 173 257 351 55 777 403 650 556 909 484 301 600 789 328 428 374 382 460 670 414 690 713 640 774 405 665 474 1033 68 649 348 618 388 656 353
642 286 1043 959 888 844 1332 1664 824 264 544 487 297 713 887 535 941 918 512 357 382 1152 873 1043 345 1018 798 497 889 368 291 754 410 578 728 893 404 875 366 430 0 418 684 711 530 360 1017 360 359 98 399 1119 77 992 898 1013 826 403 584 894 670 413 358 366 803 1012 398 1033 818 983 879 62 1008 458 1138 424 991 450 734 372 998 695
309 256 710 626 555 737 998 1331 535 269 210 351 153 379 792 539 608 823 261 264 387 819 540 709 349 923 497 404 556 372 265 421 317 481 633 560 409 542 182 62 418 0 351 378 534 175 684 182 266 339 44 786 392 659 565 918 493 310 589 799 337 417 362 371 470 679 402 699 722 649 784 394 674 462 1043 56 658 357 628 377 665 362
196 447 467 383 312 929 756 1088 357 578 249 543 462 273 983 517 365 1014 453 455 661 576 297 466 658 1114 254 595 313 681 457 223 509 672 825 231 718 299 374 341 684 351 0 105 737 367 441 373 457 605 352 543 657 416 322 1110 250 502 467 990 159 640 671 680 227 436 651 457 914 406 975 659 431 598 1234 333 415 548 819 686 422 184
200 475 494 410 339 956 783 1115 385 605 277 570 489 247 1010 544 393 1041 480 482 688 603 324 494 685 1142 281 622 340 708 484 197 536 700 852 206 745 326 401 369 711 378 105 0 764 394 468 401 485 632 380 570 684 443 349 1137 277 529 494 1017 186 667 698 707 254 463 678 484 941 434 1002 687 459 625 1261 360 442 576 846 713 449 212
762 513 966 865 794 1071 1238 1570 536 293 703 714 413 872 1114 434 864 1145 739 584 169 975 779 949 347 1245 510 724 796 253 518 875 637 805 955 816 149 798 593 546 530 534 737 764 0 587 940 587 586 451 515 942 503 898 804 1240 709 631 384 1121 607 458 258 252 537 935 159 939 1045 806 1106 506 831 380 1365 540 914 677 961 253 921 581
325 123 726 642 571 618 1015 1347 551 321 226 261 286 396 661 592 624 692 277 131 439 835 556 725 401 792 513 271 572 425 133 437 185 352 503 576 461 558 74 166 360 175 367 394 587 0 700 74 133 281 177 802 333 675 581 788 509 178 641 668 353 469 415 423 486 695 455 716 592 665 653 335 690 515 912 157 674 224 509 429 681 378
529 781 97 386 315 1262 759 1091 691 911 583 876 795 600 1317 720 155 1347 786 788 864 602 300 470 902 1448 457 928 316 1014 790 550 842 1006 1158 298 1050 245 707 675 1017 684 441 468 940 700 0 707 791 938 686 569 991 419 325 1443 276 835 670 1324 493 843 1004 1013 430 74 854 460 1247 432 1308 993 457 801 1567 666 125 882 1153 1019 78 518
332 123 733 649 578 618 1021 1353 558 321 233 261 293 402 661 591 631 692 284 131 439 842 563 732 401 792 519 271 579 424 132 444 184 352 502 583 461 565 81 173 360 182 373 401 587 74 707 0 133 281 184 809 333 682 588 787 516 177 641 668 360 469 414 423 492 702 455 722 592 672 653 335 697 515 912 164 681 224 508 429 688 385
415 122 817 732 662 542 1105 1437 642 320 317 185 353 486 585 591 715 616 210 55 438 926 647 816 401 716 603 195 663 424 132 528 108 276 426 667 460 648 140 257 359 266 457 485 586 133 791 133 0 280 268 892 332 766 671 711 600 101 640 592 444 468 414 422 576 786 454 806 516 756 577 335 781 514 836 248 765 148 432 428 771 469
563 207 964 880 809 765 1253 1585 745 185 465 408 218 634 808 456 863 839 433 278 303 1073 794 964 266 939 719 418 810 289 212 676 332 499 649 815 325 796 287 351 98 339 605 632 451 281 938 281 280 0 320 1040 71 913 819 934 747 325 505 815 591 334 279 287 724 933 319 954 739 904 800 74 929 379 1059 345 912 371 655 293 919 616
311 258 712 628 557 739 1000 1332 537 249 212 353 133 381 794 520 610 824 263 265 367 821 542 711 330 925 499 405 558 353 267 423 319 483 635 562 389 544 184 55 399 44 352 380 515 177 686 184 268 320 0 788 372 661 567 920 495 312 569 801 339 397 343 351 472 681 383 701 724 651 785 374 676 443 1044 49 660 359 630 357 667 364
631 883 595 487 416 1364 860 1192 730 990 684 978 897 794 1418 722 493 1449 888 890 866 137 401 571 904 1550 507 1030 417 1116 892 744 944 1108 1260 501 1052 426 809 777 1119 786 543 570 942 802 569 809 892 1040 788 0 1092 520 426 1545 331 937 672 1425 594 845 1106 1115 532 563 856 561 1349 275 1410 1095 144 803 1669 768 542 983 1254 1121 549 619
615 259 1017 932 861 817 1305 1637 797 238 517 460 271 686 860 508 915 891 485 330 356 1125 847 1016 318 991 771 470 863 341 264 728 384 551 702 867 378 848 339 403 77 392 657 684 503 333 991 333 332 71 372 1092 0 965 871 987 800 377 558 867 644 386 331 340 776 985 371 1006 791 956 852 53 981 432 1111 397 964 423 708 346 971 669
504 756 445 153 149 1237 521 853 666 886 558 851 770 653 1291 678 343 1322 761 763 823 553 149 231 861 1423 432 903 158 989 765 604 817 981 1133 352 1008 277 682 650 992 659 416 443 898 675 419 682 766 913 661 520 965 0 144 1418 227 810 629 1298 467 801 979 988 405 414 813 222 1222 384 1283 968 409 759 1542 641 393 856 1127 994 400 493
410 662 351 111 63 1143 484 816 572 792 464 757 676 559 1197 584 249 1228 667 669 728 459 64 194 767 1329 338 809 72 895 671 510 723 887 1039 258 914 183 588 556 898 565 322 349 804 581 325 588 671 819 567 426 871 144 0 1324 133 716 534 1204 373 707 885 894 311 320 719 185 1128 290 1189 874 315 665 1448 547 299 762 1033 900 306 398
1068 777 1469 1385 1314 636 1758 2090 1294 975 969 642 1007 1139 391 1245 1367 160 735 708 1093 1578 1299 1468 1055 306 1256 549 1315 1078 786 1180 630 466 360 1319 1115 1301 794 909 1013 918 1110 1137 1240 788 1443 787 711 934 920 1545 987 1418 1324 0 1252 636 1295 436 1096 1123 1068 1077 1229 1438 1108 1459 322 1409 383 989 1433 1168 179 901 1417 593 743 1083 1424 1121
338 590 302 194 123 1071 567 899 497 720 392 685 604 501 1126 489 200 1156 595 597 633 364 108 278 672 1257 266 737 125 823 599 451 651 815 967 209 819 134 516 484 826 493 250 277 709 509 276 516 600 747 495 331 800 227 133 1252 0 644 440 1133 302 612 813 822 239 271 624 268 1056 195 1117 802 220 570 1376 475 250 691 962 828 257 327
460 167 861 777 706 523 1150 1482 686 365 362 166 398 531 509 635 759 540 191 99 483 970 691 860 445 641 648 119 707 468 176 572 74 257 351 711 505 693 184 301 403 310 502 529 631 178 835 177 101 325 312 937 377 810 716 636 644 0 685 516 488 513 458 467 621 830 498 851 440 801 501 379 826 559 760 293 809 72 414 473 816 513
492 567 696 595 525 1125 968 1300 266 364 546 768 467 655 1168 75 594 1199 749 638 309 705 510 679 304 1299 240 778 526 497 572 605 692 859 1009 546 494 528 647 600 584 589 467 494 384 641 670 641 640 505 569 672 558 629 534 1295 440 685 0 1175 337 198 502 496 267 665 299 669 1099 536 1160 560 561 246 1419 594 644 731 1015 497 651 311
948 657 1349 1265 1194 880 1638 1970 1175 855 850 523 888 1019 69 1125 1248 316 616 589 973 1458 1179 1349 935 144 1136 429 1196 958 666 1061 510 347 207 1200 995 1181 674 789 894 799 990 1017 1121 668 1324 668 592 815 801 1425 867 1298 1204 436 1133 516 1175 0 976 1003 948 957 1109 1318 989 1339 142 1289 121 869 1314 1049 560 781 1297 473 770 963 1304 1002
182 434 519 434 363 915 807 1139 225 564 236 529 448 345 969 386 417 1000 439 441 531 627 348 518 569 1101 305 581 365 667 443 295 495 659 811 369 704 350 360 328 670 337 159 186 607 353 493 360 444 591 339 594 644 467 373 1096 302 488 337 976 0 510 657 666 278 487 521 508 900 458 961 646 483 468 1220 319 466 535 805 672 473 102
665 395 869 768 697 953 1141 1473 439 192 586 597 296 755 996 149 767 1027 621 466 310 878 682 852 132 1128 413 606 699 325 400 778 520 688 838 719 332 701 476 428 413 417 640 667 458 469 843 469 468 334 397 845 386 801 707 1123 612 513 198 1003 510 0 330 324 440 838 326 842 927 709 988 388 734 110 1247 423 817 559 844 325 824 484
629 340 1030 946 875 898 1319 1651 741 182 531 542 241 700 941 452 929 972 566 411 300 1139 860 1030 262 1073 715 551 876 98 345 742 465 633 783 881 132 862 421 374 358 362 671 698 258 415 1004 414 414 279 343 1106 331 979 885 1068 813 458 502 948 657 330 0 97 742 999 315 1020 872 970 933 333 995 376 1192 368 978 505 789 98 985 683
638 349 1039 955 884 907 1327 1660 735 176 539 550 250 708 950 446 937 981 575 420 294 1148 869 1038 256 1081 709 560 885 92 354 750 474 641 792 889 126 871 429 382 366 371 680 707 252 423 1013 423 422 287 351 1115 340 988 894 1077 822 467 496 957 666 324 97 0 736 1008 309 1028 881 978 942 342 1003 370 1201 376 987 513 798 92 994 691
315 566 456 372 301 1048 744 1077 324 585 368 662 581 478 1102 317 354 1133 572 574 461 565 286 455 499 1233 102 714 302 738 576 427 628 791 944 306 647 288 493 460 803 470 227 254 537 486 430 492 576 724 472 532 776 405 311 1229 239 621 267 1109 278 440 742 736 0 425 451 445 1033 395 1094 779 420 398 1353 452 404 667 938 737 411 303
524 776 100 381 310 1257 754 1086 686 906 578 871 790 594 1311 715 149 1342 781 783 859 597 295 465 897 1443 452 923 311 1009 785 545 837 1001 1153 293 1045 240 702 670 1012 679 436 463 935 695 74 702 786 933 681 563 985 414 320 1438 271 830 665 1318 487 838 999 1008 425 0 849 455 1242 427 1303 988 452 796 1562 661 120 877 1147 1014 79 513
669 380 880 780 709 939 1152 1484 450 158 571 582 281 740 982 349 778 1013 607 452 83 890 694 863 258 1113 424 592 710 311 386 782 505 673 823 730 269 712 461 414 398 402 651 678 159 455 854 455 454 319 383 856 371 813 719 1108 624 498 299 989 521 326 315 309 451 849 0 853 912 720 974 374 745 295 1233 408 828 545 829 310 835 495
983 1235 925 632 628 1716 838 682 1145 1365 1037 1330 1249 1132 1771 1158 823 1802 1240 1243 1302 1033 628 569 1340 1902 911 1383 637 1469 1244 1083 1296 1460 1612 831 1487 756 1161 1129 1471 1138 895 923 1378 1154 899 1161 1245 1393 1140 999 1445 660 623 1897 707 1289 1108 1778 947 1281 1459 1467 884 893 1292 0 1701 863 1763 1447 888 1239 2022 1120 872 1336 1607 1473 879 972
872 581 1273 1189 1118 803 1562 1894 1099 779 774 447 812 943 94 1049 1171 226 540 513 897 1382 1103 1273 859 225 1060 353 1119 882 590 984 434 271 164 1123 919 1105 598 713 818 722 914 941 1045 592 1247 592 516 739 724 1349 791 1222 1128 322 1056 440 1099 142 900 927 872 881 1033 1242 912 1263 0 1213 86 793 1238 973 446 705 1221 397 694 887 1228 925
495 746 458 351 280 1227 723 1056 593 854 548 841 760 657 1282 586 356 1313 751 754 730 308 265 434 768 1413 371 894 281 980 755 607 808 971 1123 365 916 290 673 640 983 649 406 434 806 665 432 672 756 904 651 275 956 384 290 1409 195 801 536 1289 458 709 970 978 395 427 720 424 1213 0 1274 958 164 667 1533 632 406 847 1118 984 413 483
933 642 1334 1250 1179 864 1623 1955 1160 840 835 508 873 1004 100 1110 1233 287 601 574 958 1443 1164 1334 920 204 1121 414 1181 943 651 1046 495 332 225 1185 980 1166 659 774 879 784 975 1002 1106 653 1308 653 577 800 785 1410 852 1283 1189 383 1117 501 1160 121 961 988 933 942 1094 1303 974 1324 86 1274 0 854 1299 1034 507 766 1282 458 755 948 1289 987
618 261 1019 935 864 819 1307 1640 800 240 519 463 273 688 862 510 917 893 487 332 358 1128 849 1018 320 994 774 472 865 343 266 730 386 554 704 869 380 851 342 405 62 394 659 687 506 335 993 335 335 74 374 1095 53 968 874 989 802 379 560 869 646 388 333 342 779 988 374 1008 793 958 854 0 983 434 1113 400 967 425 710 348 974 671
520 771 483 376 305 1252 748 1080 618 879 573 866 785 682 1307 611 381 1338 776 779 755 177 290 459 793 1438 396 919 306 1005 780 632 832 996 1148 390 940 315 697 665 1008 674 431 459 831 690 457 697 781 929 676 144 981 409 315 1433 220 826 561 1314 483 734 995 1003 420 452 745 449 1238 164 1299 983 0 692 1558 657 431 872 1143 1009 438 508
623 441 827 726 655 999 1099 1431 397 238 631 642 341 786 1042 232 725 1073 667 512 305 836 641 810 178 1173 371 652 657 371 446 736 566 733 883 677 378 659 521 474 458 462 598 625 380 515 801 515 514 379 443 803 432 759 665 1168 570 559 246 1049 468 110 376 370 398 796 295 800 973 667 1034 434 692 0 1293 468 775 605 889 371 782 442
1192 901 1593 1509 1438 475 1882 2214 1419 1099 1094 767 1132 1263 515 1369 1492 284 860 833 1217 1702 1423 1593 1179 431 1380 673 1439 1202 910 1305 754 591 484 1444 1239 1425 918 1033 1138 1043 1234 1261 1365 912 1567 912 836 1059 1044 1669 1111 1542 1448 179 1376 760 1419 560 1220 1247 1192 1201 1353 1562 1233 1583 446 1533 507 1113 1558 1293 0 1025 1541 717 583 1207 1548 1245
291 238 692 608 537 719 981 1313 517 274 193 333 158 362 774 545 590 805 243 246 392 801 522 691 355 905 479 386 538 378 247 403 300 463 615 542 414 524 165 68 424 56 333 360 540 157 666 164 248 345 49 768 397 641 547 901 475 293 594 781 319 423 368 376 452 661 408 682 705 632 766 400 657 468 1025 0 640 339 610 382 647 344
503 755 151 360 289 1236 733 1065 665 885 557 850 769 573 1290 694 128 1321 760 762 838 576 274 443 876 1422 431 902 290 988 764 524 816 980 1132 272 1023 219 681 649 991 658 415 442 914 674 125 681 765 912 660 542 964 393 299 1417 250 809 644 1297 466 817 978 987 404 120 828 434 1221 406 1282 967 431 775 1541 640 0 855 1126 993 106 492
506 213 908 823 752 570 1196 1528 733 411 408 213 444 577 466 682 806 497 238 145 529 1016 738 907 491 597 694 76 754 515 223 619 67 282 308 758 551 739 230 348 450 357 548 576 677 224 882 224 148 371 359 983 423 856 762 593 691 72 731 473 535 559 505 513 667 877 545 897 397 847 458 425 872 605 717 339 855 0 460 519 862 560
777 498 1178 1094 1023 157 1467 1799 1004 695 679 295 728 848 763 966 1077 794 388 429 813 1287 1008 1178 776 894 965 507 1025 799 507 890 421 452 605 1029 835 1010 515 618 734 628 819 846 961 509 1153 508 432 655 630 1254 708 1127 1033 743 962 414 1015 770 805 844 789 798 938 1147 829 1168 694 1118 755 710 1143 889 583 610 1126 460 0 803 1133 831
644 355 1045 961 890 913 1333 1666 736 177 545 556 256 714 956 447 943 987 581 426 295 1154 875 1044 257 1087 710 566 891 93 360 756 480 647 798 895 127 877 435 388 372 377 686 713 253 429 1019 429 428 293 357 1121 346 994 900 1083 828 473 497 963 672 325 98 92 737 1014 310 1034 887 984 948 348 1009 371 1207 382 993 519 803 0 1000 697
510 762 103 367 296 1243 740 1072 672 892 563 857 776 580 1297 701 135 1328 767 769 845 582 281 450 883 1429 438 909 297 995 771 531 823 987 1139 279 1030 226 688 656 998 665 422 449 921 681 78 688 771 919 667 549 971 400 306 1424 257 816 651 1304 473 824 985 994 411 79 835 440 1228 413 1289 974 438 782 1548 647 106 862 1133 1000 0 498
207 459 544 459 389 940 832 1164 199 589 261 554 473 370 995 361 442 1026 464 466 505 653 374 543 543 1126 330 606 390 692 468 320 520 684 836 394 691 375 385 353 695 362 184 212 581 378 518 385 469 616 364 619 669 493 398 1121 327 513 311 1002 102 484 683 691 303 513 495 533 925 483 987 671 508 442 1245 344 492 560 831 697 498 0
EOF