NAME : tsp_problem
TYPE : TSP
DIMENSION : 66
EDGE_WEIGHT_TYPE : EXPLICIT
EDGE_WEIGHT_FORMAT : FULL_MATRIX
EDGE_WEIGHT_SECTION
0 741 447 732 850 730 989 836 811 839 349 908 686 401 423 1017 896 701 908 801 1018 1025 95 399 703 425 901 762 976 495 1016 1137 790 784 888 760 873 738 602 516 1010 461 298 339 414 737 339 923 1035 361 883 949 1030 72 1014 1631 1023 1055 929 1071 630 485 899 932 428 1014
741 0 536 898 1016 93 353 259 977 167 629 1074 106 569 549 381 259 260 271 967 381 389 672 582 386 402 265 320 339 453 380 500 154 196 251 318 236 327 226 686 1176 716 680 693 415 228 632 263 398 616 246 277 393 690 1180 994 386 419 293 434 254 629 262 272 780 1180
447 536 0 888 1007 490 784 726 968 634 124 1064 538 557 257 812 674 442 703 957 797 804 378 233 790 471 696 375 771 613 811 832 411 663 666 374 668 730 595 402 1166 432 343 314 459 662 173 730 730 331 661 744 808 396 1170 1410 818 834 724 866 623 344 694 739 402 1170
732 898 888 0 213 886 1146 993 104 996 790 201 843 364 865 1174 1052 858 1064 94 1175 1182 663 840 860 631 1058 918 1133 491 1173 1293 947 940 1044 917 1029 894 759 957 303 902 739 780 644 894 780 1080 1192 802 1039 1105 1186 681 306 1788 1180 1212 1086 1228 787 926 1055 1089 869 307
850 1016 1007 213 0 1005 1264 1111 211 1114 909 245 961 482 983 1292 1171 976 1183 282 1293 1301 781 958 978 750 1176 1037 1251 609 1292 1412 1066 1059 1163 1035 1148 1013 878 1075 370 1020 857 899 763 1012 898 1199 1310 921 1158 1224 1305 800 495 1906 1298 1330 1205 1346 906 1045 1174 1208 987 495
730 93 490 886 1005 0 341 283 966 191 583 1062 95 557 503 369 247 248 259 955 370 377 660 536 409 391 253 309 328 441 368 488 113 220 239 307 224 349 214 641 1165 671 669 647 404 219 587 287 387 570 234 300 381 679 1168 983 375 407 281 423 242 583 250 296 734 1169
989 353 784 1146 1264 341 0 449 1225 357 877 1322 354 816 797 135 307 508 152 1215 429 436 920 830 576 650 146 568 94 700 134 570 402 387 299 566 227 517 474 934 1424 964 928 941 663 419 880 357 469 864 294 338 441 938 1427 1042 141 466 115 189 502 877 142 352 1027 1428
836 259 726 993 1111 283 449 0 1072 128 819 1169 296 663 739 477 434 430 368 1062 557 564 767 771 150 497 361 490 436 547 476 690 343 177 426 489 354 132 290 876 1271 906 775 817 510 209 816 110 588 805 421 143 568 785 1274 1170 483 594 389 531 242 818 359 119 905 1275
811 977 968 104 211 966 1225 1072 0 1075 870 222 922 443 944 1253 1132 937 1144 116 1254 1261 742 919 939 711 1137 998 1212 570 1253 1373 1027 1020 1124 996 1109 974 838 1036 325 981 818 860 724 973 859 1160 1271 881 1119 1185 1266 760 328 1867 1259 1291 1166 1307 867 1006 1135 1169 948 329
839 167 634 996 1114 191 357 128 1075 0 727 1172 204 666 647 386 343 358 276 1065 465 472 770 680 255 500 269 418 344 550 385 598 252 85 335 416 263 216 283 784 1274 814 778 791 513 117 730 132 496 714 329 165 477 788 1278 1078 391 502 298 439 235 727 267 141 877 1278
349 629 124 790 909 583 877 819 870 727 0 966 631 459 159 905 767 535 796 859 890 897 280 135 693 373 789 468 864 515 904 925 504 756 759 467 761 728 593 393 1069 337 245 216 361 728 75 823 823 238 754 837 901 298 1072 1502 911 927 817 959 621 362 787 832 304 1072
908 1074 1064 201 245 1062 1322 1169 222 1172 966 0 1019 540 1040 1350 1228 1034 1240 139 1351 1358 839 1016 1035 807 1234 1094 1309 667 1349 1469 1123 1116 1220 1093 1205 1070 935 1133 285 1078 915 956 820 1070 956 1256 1368 978 1215 1281 1362 857 293 1964 1356 1388 1262 1404 963 1102 1231 1265 1045 294
686 106 538 843 961 95 354 296 922 204 631 1019 0 513 551 382 261 205 273 912 383 391 617 584 366 347 266 265 341 397 382 502 156 222 253 263 238 306 170 688 1121 718 625 667 360 175 634 300 400 618 248 314 395 635 1124 996 388 420 295 436 199 631 264 309 755 1125
401 569 557 364 482 557 816 663 443 666 459 540 513 0 533 845 723 529 735 433 845 853 331 509 530 302 729 589 803 184 844 964 618 611 715 587 700 565 430 626 642 570 407 449 315 565 448 751 862 471 710 776 857 350 645 1458 850 883 757 898 458 595 726 760 537 646
423 549 257 865 983 503 797 739 944 647 159 1040 551 533 0 825 687 455 716 934 810 817 354 53 768 447 709 388 784 590 824 845 424 676 679 387 681 743 608 281 1143 311 319 287 435 675 104 743 743 210 674 757 821 372 1146 1423 831 847 737 879 636 223 707 752 374 1147
1017 381 812 1174 1292 369 135 477 1253 386 905 1350 382 845 825 0 335 536 180 1243 457 465 948 858 604 679 174 596 75 729 82 598 430 415 327 594 255 545 502 962 1452 992 957 969 691 447 908 385 497 892 322 366 469 966 1456 1070 89 495 143 137 530 905 171 380 1056 1456
896 259 674 1052 1171 247 307 434 1132 343 767 1228 261 723 687 335 0 414 225 1122 169 177 826 720 562 557 219 475 294 607 334 454 308 372 54 473 190 503 380 824 1331 855 835 831 570 385 770 342 352 754 57 323 181 845 1334 782 341 207 247 389 408 767 216 337 918 1335
701 260 442 858 976 248 508 430 937 358 535 1034 205 529 455 536 414 0 426 927 537 544 632 488 381 363 420 93 495 413 535 655 309 302 406 91 391 321 186 592 1136 622 640 599 375 256 538 453 553 521 401 467 548 650 1140 1150 542 574 448 590 214 535 417 463 685 1140
908 271 703 1064 1183 259 152 368 1144 276 796 1240 273 735 716 180 225 426 0 1133 348 355 838 748 495 569 99 487 139 619 180 489 320 305 217 485 145 436 392 853 1343 883 847 860 582 337 799 275 387 782 212 256 359 857 1346 961 186 385 118 234 420 795 96 270 946 1347
801 967 957 94 282 955 1215 1062 116 1065 859 139 912 433 934 1243 1122 927 1133 0 1244 1251 732 909 929 701 1127 988 1202 560 1242 1362 1016 1010 1114 986 1099 963 828 1026 241 971 808 850 713 963 849 1149 1261 871 1108 1175 1256 750 244 1857 1249 1281 1155 1297 856 996 1125 1158 938 245
1490 854 1269 1647 1765 842 901 1029 1726 937 1362 1823 855 1318 1282 930 642 1009 820 1716 0 583 1421 1314 1156 1151 813 1069 888 1201 929 1048 903 966 649 1067 785 1097 975 1419 1925 1449 1429 1426 1164 980 1365 937 946 1348 651 917 587 1439 1929 1168 935 104 842 983 1003 1361 811 932 1512 1929
1464 827 1243 1621 1739 816 875 1003 1700 911 1336 1797 829 1291 1256 903 615 983 794 1690 550 0 1395 1288 1130 1125 787 1043 862 1175 903 1022 877 940 623 1041 759 1071 949 1393 1899 1423 1403 1400 1138 954 1339 911 920 1322 625 891 561 1413 1902 1142 909 78 816 957 977 1335 785 905 1486 1903
95 672 378 663 781 660 920 767 742 770 280 839 617 331 354 948 826 632 838 732 949 956 0 329 634 356 832 692 907 426 947 1067 721 714 818 691 803 668 533 447 941 391 228 270 344 668 269 854 966 292 813 879 960 44 944 1562 954 986 860 1002 561 416 829 863 358 945
399 582 233 840 958 536 830 771 919 680 135 1016 584 509 53 858 720 488 748 909 842 849 329 0 743 422 742 421 817 565 857 878 456 709 712 420 713 776 640 313 1118 343 295 266 411 708 96 775 776 243 707 789 854 348 1122 1455 864 879 770 912 669 256 739 785 354 1122
703 386 790 860 978 409 576 150 939 255 693 1035 366 530 768 604 562 381 495 929 684 691 634 743 0 364 488 441 563 414 604 816 470 220 553 440 481 82 241 860 1138 805 642 684 377 206 683 237 715 705 548 270 696 652 1141 1297 610 721 516 658 193 830 486 246 772 1142
425 402 471 631 750 391 650 497 711 500 373 807 347 302 447 679 557 363 569 701 679 687 356 422 364 0 563 423 637 186 678 798 452 445 549 421 534 399 264 539 910 484 321 363 65 399 362 585 696 385 544 610 691 375 913 1292 684 716 591 732 292 509 560 594 451 914
901 265 696 1058 1176 253 146 361 1137 269 789 1234 266 729 709 174 219 420 99 1127 341 349 832 742 488 563 0 480 133 613 174 482 314 299 211 478 139 429 386 846 1336 876 840 853 575 331 792 269 381 776 206 250 353 850 1340 954 180 378 112 228 414 789 90 264 940 1340
762 320 375 918 1037 309 568 490 998 418 468 1094 265 589 388 596 475 93 487 988 597 604 692 421 441 423 480 0 555 473 595 716 305 363 467 99 452 382 246 526 1197 556 687 532 436 316 472 514 614 455 462 528 609 711 1200 1210 602 634 508 650 274 468 478 523 619 1201
976 339 771 1133 1251 328 94 436 1212 344 864 1309 341 803 784 75 294 495 139 1202 416 423 907 817 563 637 133 555 0 687 74 557 389 373 286 553 214 504 461 921 1411 951 915 928 650 406 867 344 456 851 281 325 428 925 1414 1029 81 453 102 128 489 864 129 339 1014 1415
495 453 613 491 609 441 700 547 570 550 515 667 397 184 590 729 607 413 619 560 729 737 426 565 414 186 613 473 687 0 728 848 502 495 599 471 584 449 314 682 769 627 464 506 199 449 505 635 746 527 594 660 741 444 772 1342 734 766 641 782 342 652 610 644 594 773
1016 380 811 1173 1292 368 134 476 1253 385 904 1349 382 844 824 82 334 535 180 1242 457 464 947 857 604 678 174 595 74 728 0 598 429 414 326 594 254 545 501 962 1452 992 956 968 690 446 908 384 496 891 321 365 468 966 1455 1069 88 494 142 100 529 904 170 379 1055 1455
1137 500 832 1293 1412 488 570 690 1373 598 925 1469 502 964 845 598 454 655 489 1362 576 583 1067 878 816 798 482 716 557 848 598 0 549 627 445 714 454 756 621 982 1572 1012 1076 989 811 626 928 606 156 912 440 586 588 1086 1575 1189 604 613 511 652 649 925 480 600 1075 1576
790 154 411 947 1066 113 402 343 1027 252 504 1123 156 618 424 430 308 309 320 1016 431 438 721 456 470 452 314 305 389 502 429 549 0 281 300 304 285 410 275 561 1226 591 722 568 464 280 507 347 447 490 295 361 442 740 1229 1044 436 468 342 484 303 503 311 357 654 1229
784 196 663 940 1059 220 387 177 1020 85 756 1116 222 611 676 415 372 302 305 1010 494 501 714 709 220 445 299 363 373 495 414 627 281 0 364 361 292 160 227 813 1219 844 723 765 458 61 760 181 525 743 359 195 506 733 1222 1107 421 531 327 468 179 756 296 190 853 1223
888 251 666 1044 1163 239 299 426 1124 335 759 1220 253 715 679 327 54 406 217 1114 177 184 818 712 553 549 211 467 286 599 326 445 300 364 0 465 182 495 372 816 1323 846 827 823 562 377 762 334 344 746 62 315 188 837 1326 790 333 214 239 381 400 759 208 329 910 1327
760 318 374 917 1035 307 566 489 996 416 467 1093 263 587 387 594 473 91 485 986 595 603 691 420 440 421 478 99 553 471 594 714 304 361 465 0 450 380 244 524 1195 554 686 531 434 314 470 512 612 454 460 526 607 709 1198 1208 600 632 507 648 272 467 476 521 617 1199
873 236 668 1029 1148 224 227 354 1109 263 761 1205 238 700 681 255 190 391 145 1099 313 320 803 713 481 534 139 452 214 584 254 454 285 292 182 450 0 423 357 818 1308 848 812 825 547 324 764 262 352 747 177 243 324 822 1311 926 261 350 167 309 385 760 136 257 911 1312
738 327 730 894 1013 349 517 132 974 216 728 1070 306 565 743 545 503 321 436 963 625 632 668 776 82 399 429 382 504 449 545 756 410 160 495 380 423 0 181 880 1173 840 677 719 412 146 718 219 655 740 489 252 637 687 1176 1238 551 662 458 599 133 823 427 228 807 1177
602 226 595 759 878 214 474 290 838 283 593 935 170 430 608 502 380 186 392 828 503 510 533 640 241 264 386 246 461 314 501 621 275 227 372 244 357 181 0 745 1037 705 542 583 276 213 583 377 519 605 367 393 514 551 1041 1115 508 540 414 555 86 687 383 386 672 1041
516 686 402 957 1075 641 934 876 1036 784 393 1133 688 626 281 962 824 592 853 1026 947 954 447 313 860 539 846 526 921 682 962 982 561 813 816 524 818 880 745 0 1235 78 282 284 528 812 364 880 880 207 811 894 958 465 1239 1560 968 984 874 1016 773 99 844 889 141 1239
1010 1176 1166 303 370 1165 1424 1271 325 1274 1069 285 1121 642 1143 1452 1331 1136 1343 241 1453 1460 941 1118 1138 910 1336 1197 1411 769 1452 1572 1226 1219 1323 1195 1308 1173 1037 1235 0 1180 1017 1059 923 1172 1058 1358 1470 1080 1318 1384 1465 959 265 2066 1458 1490 1364 1506 1065 1205 1334 1368 1147 266
461 716 432 902 1020 671 964 906 981 814 337 1078 718 570 311 992 855 622 883 971 977 984 391 343 805 484 876 556 951 627 992 1012 591 844 846 554 848 840 705 78 1180 0 227 314 472 840 327 910 911 237 841 924 988 410 1183 1590 998 1014 905 1046 733 129 874 919 86 1184
298 680 343 739 857 669 928 775 818 778 245 915 625 407 319 957 835 640 847 808 957 965 228 295 642 321 840 687 915 464 956 1076 722 723 827 686 812 677 542 282 1017 227 0 235 309 677 234 863 974 257 822 888 969 247 1020 1570 962 994 869 1010 570 333 838 872 193 1021
339 693 314 780 899 647 941 817 860 791 216 956 667 449 287 969 831 599 860 850 954 961 270 266 684 363 853 532 928 506 968 989 568 765 823 531 825 719 583 284 1059 314 235 0 351 718 206 887 887 102 818 901 965 288 1062 1567 975 991 881 1023 611 227 851 896 295 1063
414 415 459 644 763 404 663 510 724 513 361 820 360 315 435 691 570 375 582 713 692 699 344 411 377 65 575 436 650 199 690 811 464 458 562 434 547 412 276 528 923 472 309 351 0 411 350 597 709 373 557 623 704 363 926 1305 697 729 603 745 304 497 573 606 439 926
737 228 662 894 1012 219 419 209 973 117 728 1070 175 565 675 447 385 256 337 963 508 515 668 708 206 399 331 316 406 449 446 626 280 61 377 314 324 146 213 812 1172 840 677 718 411 0 717 213 524 740 372 227 519 686 1176 1120 453 545 359 501 165 755 328 222 806 1176
339 632 173 780 898 587 880 816 859 730 75 956 634 448 104 908 770 538 799 849 893 900 269 96 683 362 792 472 867 505 908 928 507 760 762 470 764 718 583 364 1058 327 234 206 350 717 0 826 827 227 757 840 904 288 1061 1506 914 930 821 962 611 306 790 835 294 1062
923 263 730 1080 1199 287 357 110 1160 132 823 1256 300 751 743 385 342 453 275 1149 465 472 854 775 237 585 269 514 344 635 384 606 347 181 334 512 262 219 377 880 1358 910 863 887 597 213 826 0 504 809 329 50 476 872 1362 1078 391 502 297 439 329 822 267 42 973 1362
1035 398 730 1192 1310 387 469 588 1271 496 823 1368 400 862 743 497 352 553 387 1261 474 481 966 776 715 696 381 614 456 746 496 156 447 525 344 612 352 655 519 880 1470 911 974 887 709 524 827 504 0 810 339 485 486 984 1473 1087 503 511 409 550 547 823 378 499 974 1474
361 616 331 802 921 570 864 805 881 714 238 978 618 471 210 892 754 521 782 871 876 883 292 243 705 385 776 455 851 527 891 912 490 743 746 454 747 740 605 207 1080 237 257 102 373 740 227 809 810 0 741 823 888 310 1084 1489 898 913 804 945 633 149 773 818 300 1084
883 246 661 1039 1158 234 294 421 1119 329 754 1215 248 710 674 322 57 401 212 1108 179 186 813 707 548 544 206 462 281 594 321 440 295 359 62 460 177 489 367 811 1318 841 822 818 557 372 757 329 339 741 0 310 191 832 1321 792 328 216 234 376 395 754 203 324 904 1322
949 277 744 1105 1224 300 338 143 1185 165 837 1281 314 776 757 366 323 467 256 1175 445 453 879 789 270 610 250 528 325 660 365 586 361 195 315 526 243 252 393 894 1384 924 888 901 623 227 840 50 485 823 310 0 457 898 1387 1058 372 482 278 420 345 836 247 45 987 1388
1457 820 1236 1614 1732 809 868 996 1693 904 1329 1790 822 1284 1249 896 608 976 787 1683 543 550 1388 1281 1123 1118 780 1036 855 1168 896 1015 870 933 616 1034 752 1064 942 1386 1892 1416 1396 1393 1131 947 1332 904 913 1315 618 884 0 1406 1895 1135 902 71 808 950 970 1328 778 898 1479 1896
72 690 396 681 800 679 938 785 760 788 298 857 635 350 372 966 845 650 857 750 967 974 44 348 652 375 850 711 925 444 966 1086 740 733 837 709 822 687 551 465 959 410 247 288 363 686 288 872 984 310 832 898 979 0 963 1580 972 1004 878 1020 580 434 848 882 377 963
1014 1180 1170 306 495 1168 1427 1274 328 1278 1072 293 1124 645 1146 1456 1334 1140 1346 244 1456 1464 944 1122 1141 913 1340 1200 1414 772 1455 1575 1229 1222 1326 1198 1311 1176 1041 1239 265 1183 1020 1062 926 1176 1061 1362 1473 1084 1321 1387 1468 963 0 2069 1461 1494 1368 1509 1069 1208 1337 1371 1150 58
1271 634 1049 1428 1546 623 682 809 1507 718 1142 1603 636 1098 1062 710 422 789 600 1497 356 364 1202 1095 937 932 594 850 669 982 709 829 683 747 430 848 566 878 755 1199 1706 1230 1210 1206 945 760 1146 717 727 1129 432 698 368 1220 1709 0 716 393 622 764 783 1142 592 712 1293 1710
1023 386 818 1180 1298 375 141 483 1259 391 911 1356 388 850 831 89 341 542 186 1249 463 470 954 864 610 684 180 602 81 734 88 604 436 421 333 600 261 551 508 968 1458 998 962 975 697 453 914 391 503 898 328 372 475 972 1461 1076 0 500 149 143 536 911 176 386 1061 1462
1447 811 1226 1604 1722 799 858 986 1683 894 1319 1780 812 1275 1239 887 599 966 777 1673 533 540 1378 1271 1113 1108 770 1026 845 1158 886 1005 860 923 606 1024 742 1054 932 1376 1882 1406 1386 1383 1121 937 1322 894 903 1305 608 874 544 1396 1886 1125 892 0 799 940 960 1318 768 889 1469 1886
929 293 724 1086 1205 281 115 389 1166 298 817 1262 295 757 737 143 247 448 118 1155 370 377 860 770 516 591 112 508 102 641 142 511 342 327 239 507 167 458 414 874 1364 905 869 881 603 359 821 297 409 804 234 278 381 878 1368 982 149 407 0 197 442 817 108 292 968 1368
1071 434 866 1228 1346 423 189 531 1307 439 959 1404 436 898 879 137 389 590 234 1297 511 518 1002 912 658 732 228 650 128 782 100 652 484 468 381 648 309 599 555 1016 1506 1046 1010 1023 745 501 962 439 550 945 376 420 523 1020 1509 1124 143 548 197 0 584 959 224 434 1109 1510
630 254 623 787 906 242 502 242 867 235 621 963 199 458 636 530 408 214 420 856 531 538 561 669 193 292 414 274 489 342 529 649 303 179 400 272 385 133 86 773 1065 733 570 611 304 165 611 329 547 633 395 345 542 580 1069 1144 536 568 442 584 0 716 411 338 700 1069
485 629 344 926 1045 583 877 818 1006 727 362 1102 631 595 223 905 767 535 795 996 889 896 416 256 830 509 789 468 864 652 904 925 503 756 759 467 760 823 687 99 1205 129 333 227 497 755 306 822 823 149 754 836 901 434 1208 1502 911 926 817 959 716 0 786 832 192 1209
899 262 694 1055 1174 250 142 359 1135 267 787 1231 264 726 707 171 216 417 96 1125 339 346 829 739 486 560 90 478 129 610 170 480 311 296 208 476 136 427 383 844 1334 874 838 851 573 328 790 267 378 773 203 247 350 848 1337 952 176 376 108 224 411 786 0 261 937 1338
932 272 739 1089 1208 296 352 119 1169 141 832 1265 309 760 752 380 337 463 270 1158 459 467 863 785 246 594 264 523 339 644 379 600 357 190 329 521 257 228 386 889 1368 919 872 896 606 222 835 42 499 818 324 45 471 882 1371 1072 386 497 292 434 338 832 261 0 982 1372
428 780 402 869 987 734 1027 905 948 877 304 1045 755 537 374 1056 918 685 946 938 1040 1047 358 354 772 451 940 619 1014 594 1055 1075 654 853 910 617 911 807 672 141 1147 86 193 295 439 806 294 973 974 300 904 987 1052 377 1150 1653 1061 1077 968 1109 700 192 937 982 0 1151
1014 1180 1170 307 495 1169 1428 1275 329 1278 1072 294 1125 646 1147 1456 1335 1140 1347 245 1457 1464 945 1122 1142 914 1340 1201 1415 773 1455 1576 1229 1223 1327 1199 1312 1177 1041 1239 266 1184 1021 1063 926 1176 1062 1362 1474 1084 1322 1388 1469 963 58 2070 1462 1494 1368 1510 1069 1209 1338 1372 1151 0
EOF