NAME : tsp_problem
TYPE : TSP
DIMENSION : 72
EDGE_WEIGHT_TYPE : EXPLICIT
EDGE_WEIGHT_FORMAT : FULL_MATRIX
EDGE_WEIGHT_SECTION
0 243 903 595 587 1067 1038 145 1199 577 544 757 641 1126 473 128 106 259 322 624 300 405 651 637 745 315 1045 349 357 440 581 748 1275 258 697 358 735 610 260 346 444 353 103 925 777 928 275 270 402 282 312 584 1042 395 574 473 1309 732 515 777 659 584 1117 1030 350 342 528 368 411 975 430 216
243 0 1022 714 706 1186 1157 150 1317 754 721 875 817 1245 649 247 254 178 440 801 349 267 770 814 864 491 1163 211 276 617 700 867 1194 176 816 300 912 529 242 208 562 215 251 1044 896 1046 394 389 264 143 488 703 1161 313 751 650 1428 851 457 899 778 761 1236 1149 291 461 647 287 588 1094 479 263
903 1022 0 346 399 208 219 923 380 917 824 800 954 272 926 907 914 1037 905 750 875 1183 627 784 788 981 226 1127 1135 927 365 791 2053 1036 235 1137 869 1388 1079 1124 657 1131 911 641 820 109 793 853 1180 1060 977 353 223 1173 791 910 632 707 1293 823 702 924 298 211 1128 603 428 1146 951 116 798 994
595 714 346 0 136 510 481 616 642 612 519 494 648 570 620 599 606 730 597 445 568 876 321 478 482 674 488 820 828 622 112 485 1746 728 141 829 563 1081 772 817 350 824 603 378 515 371 486 545 873 752 670 115 485 865 485 605 761 402 986 518 396 619 560 473 820 296 122 839 645 418 490 686
587 706 399 136 0 564 534 608 695 709 616 591 745 623 717 591 598 722 589 542 560 868 418 575 580 665 541 812 820 719 209 583 1737 720 194 821 660 1072 764 808 342 816 595 364 612 424 477 537 864 744 662 212 539 857 582 702 748 499 978 615 493 716 614 526 812 287 220 831 742 471 482 678
1067 1186 208 510 564 0 297 1087 218 1082 988 964 1118 87 1090 1071 1078 1201 1069 914 1040 1347 791 948 952 1145 86 1292 1300 1091 529 955 2217 1200 399 1301 1033 1552 1243 1288 821 1295 1075 806 985 164 957 1017 1344 1224 1142 517 92 1337 955 1074 708 872 1457 987 866 1089 271 289 1292 767 592 1310 1115 117 962 1158
1038 1157 219 481 534 297 0 1058 200 1052 959 935 1089 224 1061 1042 1049 1172 1040 885 1010 1318 762 919 923 1116 233 1263 1270 1062 500 926 2188 1171 370 1272 1004 1523 1214 1259 792 1266 1046 776 955 244 928 988 1315 1195 1113 488 231 1308 926 1045 452 842 1428 958 837 1059 118 87 1263 738 563 1281 1086 291 933 1129
145 150 923 616 608 1087 1058 0 1219 656 622 777 719 1147 551 149 156 166 342 703 321 312 672 715 765 393 1065 256 264 519 601 768 1181 164 718 265 814 517 208 253 464 260 153 945 798 948 296 290 309 188 390 604 1063 301 652 551 1329 753 422 801 679 663 1137 1050 256 363 549 275 490 995 451 236
1199 1317 380 642 695 218 200 1219 0 1213 1120 1096 1250 145 1222 1203 1210 1333 1200 1046 1171 1479 923 1079 1084 1277 233 1423 1431 1223 661 1087 2349 1332 531 1433 1165 1684 1375 1420 953 1427 1207 937 1116 360 1089 1149 1476 1356 1273 649 239 1469 1087 1206 539 1003 1589 1119 998 1220 102 195 1424 899 724 1442 1247 312 1094 1290
577 754 917 612 709 1082 1052 656 1213 0 262 307 106 1141 191 639 527 753 464 202 805 916 381 215 293 396 1059 860 851 427 593 308 1769 752 714 769 201 1104 538 856 453 864 531 951 294 942 723 531 912 792 393 597 1057 889 152 147 1335 462 926 242 346 118 1131 1044 761 575 541 862 263 989 769 726
544 721 824 519 616 988 959 622 1120 262 0 314 325 1048 129 606 493 720 431 230 754 882 288 264 300 363 966 827 818 267 500 315 1736 718 621 736 349 1071 505 823 360 830 498 858 301 849 672 498 879 759 360 503 964 856 259 158 1242 369 893 303 252 269 1038 951 727 482 448 829 230 896 676 693
757 875 800 494 591 964 935 777 1096 307 314 0 253 1023 415 761 768 891 716 240 729 1037 264 273 93 648 942 981 989 417 476 108 1907 890 596 990 168 1242 790 978 335 985 765 833 93 825 647 707 1034 914 645 479 939 1027 280 399 1217 344 1147 123 128 290 1014 927 982 457 423 1000 440 872 652 848
641 817 954 648 745 1118 1089 719 1250 106 325 253 0 1177 254 702 590 817 527 265 869 979 418 278 239 459 1096 923 915 491 630 254 1832 815 750 833 147 1167 601 920 489 927 594 987 240 979 786 594 976 855 457 633 1093 952 215 211 1371 499 989 188 316 88 1168 1081 824 611 577 926 327 1026 806 789
1126 1245 272 570 623 87 224 1147 145 1141 1048 1023 1177 0 1149 1130 1137 1261 1128 974 1099 1407 850 1007 1011 1205 102 1351 1359 1151 589 1015 2277 1259 459 1360 1092 1612 1303 1348 881 1355 1134 865 1044 229 1017 1076 1404 1283 1201 577 109 1396 1014 1134 635 931 1517 1047 925 1148 198 216 1351 827 652 1370 1174 181 1022 1217
473 649 926 620 717 1090 1061 551 1222 191 129 415 254 1149 0 535 422 649 360 238 701 811 390 251 401 292 1068 755 747 323 602 416 1664 647 722 665 349 1000 434 752 461 759 426 959 402 951 619 426 808 688 289 605 1065 784 187 86 1343 470 822 391 354 198 1140 1053 656 583 549 758 159 998 774 622
128 247 907 599 591 1071 1042 149 1203 639 606 761 702 1130 535 0 139 263 326 686 197 409 655 699 749 376 1049 353 361 502 585 752 1279 262 701 362 797 614 305 350 448 357 136 929 781 932 277 274 406 286 374 588 1046 399 636 535 1313 736 519 784 663 646 1121 1034 354 346 532 372 473 979 327 111
106 254 914 606 598 1078 1049 156 1210 527 493 768 590 1137 422 139 0 270 332 574 311 416 662 586 756 264 1056 360 368 390 592 759 1286 269 708 369 685 621 210 357 455 364 114 936 766 939 286 281 413 293 261 595 1053 406 523 422 1320 743 526 727 670 534 1128 1041 361 353 539 379 360 986 441 227
259 178 1037 730 722 1201 1172 166 1333 753 720 891 817 1261 649 263 270 0 456 800 421 340 786 813 879 491 1179 284 147 616 715 882 1065 74 832 292 912 400 235 281 578 288 267 1059 912 1062 410 404 337 216 488 718 1177 184 750 649 1443 867 449 915 793 760 1251 1164 283 477 663 158 587 1109 552 336
322 440 905 597 589 1069 1040 342 1200 464 431 716 527 1128 360 326 332 456 0 511 359 602 653 524 702 94 1046 546 554 327 583 717 1472 455 699 556 622 807 343 543 446 550 330 927 703 930 277 85 599 479 91 586 1044 592 461 360 1311 734 712 664 655 471 1119 1032 547 344 530 565 298 977 432 413
624 801 750 445 542 914 885 703 1046 202 230 240 265 974 238 686 574 800 511 0 680 963 214 99 226 443 892 907 899 333 426 241 1816 799 547 817 275 1151 585 904 286 911 578 784 227 775 598 578 960 839 441 429 890 936 75 195 1168 295 973 229 178 209 964 877 808 408 374 910 310 822 602 773
300 349 875 568 560 1040 1010 321 1171 805 754 729 869 1099 701 197 311 421 359 680 0 489 624 713 717 436 1017 433 520 668 553 721 1437 420 670 534 798 772 477 430 416 437 308 898 750 900 109 307 486 365 432 556 1015 557 720 701 1281 705 691 753 631 812 1089 1002 525 315 501 530 639 947 159 148
405 267 1183 876 868 1347 1318 312 1479 916 882 1037 979 1407 811 409 416 340 602 963 489 0 932 975 1025 653 1325 137 438 779 861 1028 1355 338 978 461 1074 690 404 92 724 140 413 1205 1058 1208 556 550 189 184 650 864 1323 475 912 811 1589 1012 618 1061 939 923 1397 1310 453 623 809 449 749 1255 619 403
651 770 627 321 418 791 762 672 923 381 288 264 418 850 390 655 662 786 653 214 624 932 0 248 252 623 769 876 884 391 303 255 1801 784 423 885 333 1137 765 873 273 880 659 660 284 652 542 601 929 808 620 306 766 921 255 374 1044 100 1042 287 166 388 841 754 876 352 250 895 415 699 546 742
637 814 784 478 575 948 919 715 1079 215 264 273 278 1007 251 699 586 813 524 99 713 975 248 0 259 456 925 920 911 367 460 274 1829 811 580 829 308 1164 598 916 319 923 591 817 260 809 631 591 972 852 453 463 923 949 88 207 1201 328 986 263 212 222 998 911 820 441 407 922 323 856 636 786
745 864 788 482 580 952 923 765 1084 293 300 93 239 1011 401 749 756 879 702 226 717 1025 252 259 0 634 930 970 977 403 464 94 1895 878 585 979 154 1230 776 966 323 973 753 821 79 813 635 695 1022 902 631 467 927 1015 266 385 1205 333 1135 109 117 276 1002 915 970 445 412 988 426 860 640 836
315 491 981 674 665 1145 1116 393 1277 396 363 648 459 1205 292 376 264 491 94 443 436 653 623 456 634 0 1123 597 589 259 659 649 1506 489 776 507 554 841 275 594 522 601 268 1003 635 1006 353 161 650 530 85 662 1120 626 393 292 1387 703 664 596 587 403 1195 1108 498 421 607 600 230 1053 508 463
1045 1163 226 488 541 86 233 1065 233 1059 966 942 1096 102 1068 1049 1056 1179 1046 892 1017 1325 769 925 930 1123 0 1269 1277 1069 507 933 2195 1178 377 1278 1011 1530 1221 1266 799 1273 1053 783 962 227 935 995 1322 1202 1119 495 81 1315 933 1052 646 849 1435 965 844 1066 286 225 1270 745 570 1288 1093 179 940 1136
349 211 1127 820 812 1292 1263 256 1423 860 827 981 923 1351 755 353 360 284 546 907 433 137 876 920 970 597 1269 0 382 723 806 973 1300 282 922 406 1018 635 348 78 668 37 357 1150 1002 1152 500 495 86 128 594 809 1267 419 857 756 1534 957 563 1005 884 867 1342 1255 397 567 753 393 694 1200 563 347
357 276 1135 828 820 1300 1270 264 1431 851 818 989 915 1359 747 361 368 147 554 899 520 438 884 911 977 589 1277 382 0 714 813 981 1099 153 930 390 1010 435 333 379 676 386 365 1158 1010 1160 508 503 435 314 586 817 1275 219 848 747 1541 965 547 1013 891 858 1349 1262 381 575 761 31 685 1207 650 434
440 617 927 622 719 1091 1062 519 1223 427 267 417 491 1151 323 502 390 616 327 333 668 779 391 367 403 259 1069 723 714 0 603 418 1632 615 724 632 452 967 401 720 463 727 394 961 404 952 586 394 776 655 256 606 1067 752 374 323 1345 472 789 406 355 434 1141 1054 624 585 551 725 258 999 741 589
581 700 365 112 209 529 500 601 661 593 500 476 630 589 602 585 592 715 583 426 553 861 303 460 464 659 507 806 813 603 0 467 1731 714 214 815 545 1066 757 802 335 809 589 451 496 390 471 531 858 738 656 87 504 851 467 586 835 383 971 499 378 600 579 492 806 281 104 824 627 437 476 672
748 867 791 485 583 955 926 768 1087 308 315 108 254 1015 416 752 759 882 717 241 721 1028 255 274 94 649 933 973 981 418 467 0 1898 881 588 982 169 1233 791 969 326 976 756 825 95 816 638 698 1025 905 646 470 930 1018 281 400 1208 336 1139 124 120 291 1005 918 973 448 415 992 441 863 643 839
1292 1211 2070 1763 1754 2234 2205 1199 2366 1786 1753 1924 1849 2294 1682 1296 1303 1082 1489 1833 1454 1372 1819 1846 1912 1523 2212 1317 1117 1649 1748 1915 0 1087 1865 1325 1944 1202 1268 1313 1611 1321 1300 2092 1945 2095 1443 1437 1369 1249 1521 1751 2209 1007 1783 1682 2476 1899 1482 1948 1826 1793 2284 2197 1316 1510 1696 1128 1620 2142 1585 1369
258 176 1036 728 720 1200 1171 164 1332 752 718 890 815 1259 647 262 269 74 455 799 420 338 784 811 878 489 1178 282 153 615 714 881 1070 0 831 291 910 405 233 279 577 286 266 1058 910 1061 408 403 335 215 486 717 1175 190 748 647 1442 865 447 913 792 759 1250 1163 282 475 661 164 586 1108 550 334
697 816 235 141 194 399 370 718 531 714 621 596 750 459 722 701 708 832 699 547 670 978 423 580 585 776 377 922 930 724 214 588 1848 831 0 931 665 1183 874 919 452 926 705 436 617 260 588 648 975 855 772 217 374 968 587 707 783 504 1088 620 498 721 449 362 923 398 225 941 747 307 593 788
358 300 1137 829 821 1301 1272 265 1433 769 736 990 833 1360 665 362 369 292 556 817 534 461 885 829 979 507 1278 406 390 632 815 982 1308 291 931 0 928 643 251 402 678 410 366 1159 1008 1162 509 504 458 338 504 818 1276 428 766 665 1543 966 292 969 893 776 1351 1264 126 576 762 401 603 1209 664 449
735 912 869 563 660 1033 1004 814 1165 201 349 168 147 1092 349 797 685 912 622 275 798 1074 333 308 154 554 1011 1018 1010 452 545 169 1927 910 665 928 0 1262 696 1015 404 1022 689 902 155 894 716 689 1071 950 552 548 1008 1047 310 306 1286 413 1084 136 231 183 1083 996 919 526 492 1021 422 941 721 884
455 374 1233 926 917 1397 1368 362 1529 949 916 1087 1012 1457 845 459 466 245 652 996 617 535 981 1009 1075 686 1375 480 280 812 911 1078 1050 250 1028 488 1107 0 431 476 774 483 463 1255 1108 1258 605 600 532 412 683 914 1372 170 946 845 1639 1062 645 1110 989 956 1447 1360 479 672 859 290 783 1305 747 531
260 242 1079 772 764 1243 1214 208 1375 538 505 790 601 1303 434 305 210 235 343 585 477 404 765 598 776 275 1221 348 333 401 757 791 1251 233 874 251 696 586 0 345 620 352 214 1101 777 1104 452 410 401 281 273 760 1219 370 535 434 1485 845 408 738 729 545 1293 1206 242 519 705 344 372 1151 607 392
346 208 1124 817 808 1288 1259 253 1420 856 823 978 920 1348 752 350 357 281 543 904 430 92 873 916 966 594 1266 78 379 720 802 969 1296 279 919 402 1015 631 345 0 665 81 354 1146 999 1149 497 491 130 125 591 805 1264 416 853 752 1530 953 559 1002 880 863 1338 1251 394 564 750 390 690 1196 560 344
444 562 657 350 342 821 792 464 953 453 360 335 489 881 461 448 455 578 446 286 416 724 273 319 323 522 799 668 676 463 335 326 1594 577 452 678 404 929 620 665 0 672 452 679 356 682 334 394 721 601 518 338 797 714 326 446 1063 354 834 359 237 460 871 784 669 144 283 687 486 729 339 535
353 215 1131 824 816 1295 1266 260 1427 864 830 985 927 1355 759 357 364 288 550 911 437 140 880 923 973 601 1273 37 386 727 809 976 1303 286 926 410 1022 638 352 81 672 0 361 1153 1006 1156 504 498 90 132 598 812 1271 423 860 759 1537 961 566 1009 887 871 1345 1258 401 571 757 397 698 1203 567 351
103 251 911 603 595 1075 1046 153 1207 531 498 765 594 1134 426 136 114 267 330 578 308 413 659 591 753 268 1053 357 365 394 589 756 1283 266 705 366 689 618 214 354 452 361 0 933 770 936 283 278 410 290 265 592 1050 403 527 426 1317 740 523 731 667 538 1125 1038 358 350 536 376 365 983 438 224
925 1044 641 378 364 806 776 945 937 951 858 833 987 865 959 929 936 1059 927 784 898 1205 660 817 821 1003 783 1150 1158 961 451 825 2075 1058 436 1159 902 1410 1101 1146 679 1153 933 0 854 666 815 875 1202 1082 1000 454 781 1195 824 944 824 741 1315 857 735 958 855 768 1150 625 462 1168 984 713 820 1016
777 896 820 515 612 985 955 798 1116 294 301 93 240 1044 402 781 766 912 703 227 750 1058 284 260 79 635 962 1002 1010 404 496 95 1928 910 617 1008 155 1263 777 999 356 1006 770 854 0 845 668 727 1055 934 632 499 960 1047 267 386 1238 365 1165 109 156 277 1034 947 1000 478 444 1021 427 892 672 868
928 1046 109 371 424 164 244 948 360 942 849 825 979 229 951 932 939 1062 930 775 900 1208 652 809 813 1006 227 1152 1160 952 390 816 2078 1061 260 1162 894 1413 1104 1149 682 1156 936 666 845 0 818 878 1205 1085 1002 378 233 1198 816 935 657 732 1318 848 727 949 323 236 1153 628 453 1171 976 72 823 1019
275 394 793 486 477 957 928 296 1089 723 672 647 786 1017 619 277 286 410 277 598 109 556 542 631 635 353 935 500 508 586 471 638 1425 408 588 509 716 760 452 497 334 504 283 815 668 818 0 225 553 432 350 474 932 545 638 619 1199 622 666 671 549 730 1007 920 500 233 419 519 557 865 182 228
270 389 853 545 537 1017 988 290 1149 531 498 707 594 1076 426 274 281 404 85 578 307 550 601 591 695 161 995 495 503 394 531 698 1420 403 648 504 689 755 410 491 394 498 278 875 727 878 225 0 547 427 158 534 992 540 528 426 1259 682 660 730 609 538 1067 980 495 292 478 513 365 925 380 361
402 264 1180 873 864 1344 1315 309 1476 912 879 1034 976 1404 808 406 413 337 599 960 486 189 929 972 1022 650 1322 86 435 776 858 1025 1352 335 975 458 1071 687 401 130 721 90 410 1202 1055 1205 553 547 0 181 647 861 1320 472 909 808 1586 1009 615 1058 936 919 1394 1307 450 620 806 446 746 1252 616 400
282 143 1060 752 744 1224 1195 188 1356 792 759 914 855 1283 688 286 293 216 479 839 365 184 808 852 902 530 1202 128 314 655 738 905 1232 215 855 338 950 567 281 125 601 132 290 1082 934 1085 432 427 181 0 527 741 1199 352 789 688 1466 889 495 937 816 799 1274 1187 329 499 686 325 626 1132 496 280
312 488 977 670 662 1142 1113 390 1273 393 360 645 457 1201 289 374 261 488 91 441 432 650 620 453 631 85 1119 594 586 256 656 646 1503 486 772 504 552 839 273 591 518 598 265 1000 632 1002 350 158 647 527 0 659 1117 623 390 289 1384 701 661 593 584 400 1192 1105 495 417 603 597 227 1050 505 461
584 703 353 115 212 517 488 604 649 597 503 479 633 577 605 588 595 718 586 429 556 864 306 463 467 662 495 809 817 606 87 470 1734 717 217 818 548 1069 760 805 338 812 592 454 499 378 474 534 861 741 659 0 492 854 470 589 838 387 974 502 381 603 567 480 809 284 107 827 630 425 479 675
1042 1161 223 485 539 92 231 1063 239 1057 964 939 1093 109 1065 1046 1053 1177 1044 890 1015 1323 766 923 927 1120 81 1267 1275 1067 504 930 2192 1175 374 1276 1008 1527 1219 1264 797 1271 1050 781 960 233 932 992 1320 1199 1117 492 0 1312 930 1049 644 847 1433 962 841 1064 293 223 1267 742 567 1286 1090 186 937 1133
856 775 1634 1327 1318 1798 1769 763 1930 1350 1317 1488 1413 1858 1246 860 867 646 1053 1397 1018 936 1383 1410 1476 1087 1776 881 681 1213 1312 1479 943 651 1429 889 1508 766 832 877 1175 884 864 1656 1509 1659 1006 1001 933 813 1085 1315 1773 0 1347 1246 2040 1463 1046 1511 1390 1357 1848 1761 880 1074 1260 692 1184 1706 1148 933
574 751 791 485 582 955 926 652 1087 152 259 280 215 1014 187 636 523 750 461 75 720 912 255 88 266 393 933 857 848 374 467 281 1766 748 587 766 310 1101 535 853 326 860 527 824 267 816 638 528 909 789 390 470 930 885 0 144 1208 336 923 270 219 159 1005 918 757 448 414 859 260 863 643 723
473 650 910 605 702 1074 1045 551 1206 147 158 399 211 1134 86 535 422 649 360 195 701 811 374 207 385 292 1052 756 747 323 586 400 1665 647 707 665 306 1000 434 752 446 759 426 944 386 935 619 426 808 688 289 589 1049 784 144 0 1328 455 822 347 338 154 1124 1037 656 567 534 758 159 982 762 622
1309 1428 632 761 748 708 452 1329 539 1335 1242 1217 1371 635 1343 1313 1320 1443 1311 1168 1281 1589 1044 1201 1205 1387 646 1534 1541 1345 835 1208 2459 1442 783 1543 1286 1794 1485 1530 1063 1537 1317 824 1238 657 1199 1259 1586 1466 1384 838 644 1579 1208 1328 0 1125 1699 1241 1119 1342 457 447 1534 1009 846 1552 1368 704 1204 1400
732 851 707 402 499 872 842 753 1003 462 369 344 499 931 470 736 743 867 734 295 705 1012 100 328 333 703 849 957 965 472 383 336 1882 865 504 966 413 1217 845 953 354 961 740 741 365 732 622 682 1009 889 701 387 847 1002 336 455 1125 0 1123 368 247 469 921 834 957 432 331 976 496 779 627 823
515 457 1293 986 978 1457 1428 422 1589 926 893 1147 989 1517 822 519 526 449 712 973 691 618 1042 986 1135 664 1435 563 547 789 971 1139 1465 447 1088 292 1084 800 408 559 834 566 523 1315 1165 1318 666 660 615 495 661 974 1433 584 923 822 1699 1123 0 1126 1049 933 1507 1420 200 733 919 558 760 1365 821 606
777 899 823 518 615 987 958 801 1119 242 303 123 188 1047 391 784 727 915 664 229 753 1061 287 263 109 596 965 1005 1013 406 499 124 1930 913 620 969 136 1265 738 1002 359 1009 731 857 109 848 671 730 1058 937 593 502 962 1050 270 347 1241 368 1126 0 185 225 1037 950 961 480 447 1024 430 895 675 871
659 778 702 396 493 866 837 679 998 346 252 128 316 925 354 663 670 793 655 178 631 939 166 212 117 587 844 884 891 355 378 120 1809 792 498 893 231 1144 729 880 237 887 667 735 156 727 549 609 936 816 584 381 841 929 219 338 1119 247 1049 185 0 353 916 829 884 359 325 902 379 774 554 750
584 761 924 619 716 1089 1059 663 1220 118 269 290 88 1148 198 646 534 760 471 209 812 923 388 222 276 403 1066 867 858 434 600 291 1776 759 721 776 183 1111 545 863 460 871 538 958 277 949 730 538 919 799 400 603 1064 896 159 154 1342 469 933 225 353 0 1138 1051 768 582 548 869 270 996 776 733
1117 1236 298 560 614 271 118 1137 102 1131 1038 1014 1168 198 1140 1121 1128 1251 1119 964 1089 1397 841 998 1002 1195 286 1342 1349 1141 579 1005 2267 1250 449 1351 1083 1602 1293 1338 871 1345 1125 855 1034 323 1007 1067 1394 1274 1192 567 293 1387 1005 1124 457 921 1507 1037 916 1138 0 113 1342 817 642 1360 1165 365 1012 1208
1030 1149 211 473 526 289 87 1050 195 1044 951 927 1081 216 1053 1034 1041 1164 1032 877 1002 1310 754 911 915 1108 225 1255 1262 1054 492 918 2180 1163 362 1264 996 1515 1206 1251 784 1258 1038 768 947 236 920 980 1307 1187 1105 480 223 1300 918 1037 447 834 1420 950 829 1051 113 0 1255 730 555 1273 1078 283 925 1121
350 291 1128 820 812 1292 1263 256 1424 761 727 982 824 1351 656 354 361 283 547 808 525 453 876 820 970 498 1270 397 381 624 806 973 1299 282 923 126 919 634 242 394 669 401 358 1150 1000 1153 500 495 450 329 495 809 1267 419 757 656 1534 957 200 961 884 768 1342 1255 0 567 753 392 594 1200 655 441
342 461 603 296 287 767 738 363 899 575 482 457 611 827 583 346 353 477 344 408 315 623 352 441 445 421 745 567 575 585 281 448 1492 475 398 576 526 828 519 564 144 571 350 625 478 628 233 292 620 499 417 284 742 612 448 567 1009 432 733 480 359 582 817 730 567 0 229 586 608 675 237 433
528 647 428 122 220 592 563 549 724 541 448 423 577 652 549 532 539 663 530 374 501 809 250 407 412 607 570 753 761 551 104 415 1679 661 225 762 492 1014 705 750 283 757 536 462 444 453 419 478 806 686 603 107 567 799 414 534 846 331 919 447 325 548 642 555 753 229 0 772 574 500 424 619
368 287 1146 839 831 1310 1281 275 1442 862 829 1000 926 1370 758 372 379 158 565 910 530 449 895 922 988 600 1288 393 31 725 824 992 1110 164 941 401 1021 446 344 390 687 397 376 1168 1021 1171 519 513 446 325 597 827 1286 230 859 758 1552 976 558 1024 902 869 1360 1273 392 586 772 0 696 1218 661 445
411 588 951 645 742 1115 1086 490 1247 263 230 440 327 1174 159 473 360 587 298 310 639 749 415 323 426 230 1093 694 685 258 627 441 1603 586 747 603 422 938 372 690 486 698 365 984 427 976 557 365 746 626 227 630 1090 723 260 159 1368 496 760 430 379 270 1165 1078 594 608 574 696 0 1023 712 560
975 1094 116 418 471 117 291 995 312 989 896 872 1026 181 998 979 986 1109 977 822 947 1255 699 856 860 1053 179 1200 1207 999 437 863 2125 1108 307 1209 941 1460 1151 1196 729 1203 983 713 892 72 865 925 1252 1132 1050 425 186 1245 863 982 704 779 1365 895 774 996 365 283 1200 675 500 1218 1023 0 870 1066
430 479 798 490 482 962 933 451 1094 769 676 652 806 1022 774 327 441 552 432 602 159 619 546 636 640 508 940 563 650 741 476 643 1567 550 593 664 721 902 607 560 339 567 438 820 672 823 182 380 616 496 505 479 937 687 643 762 1204 627 821 675 554 776 1012 925 655 237 424 661 712 870 0 278
216 263 994 686 678 1158 1129 236 1290 726 693 848 789 1217 622 111 227 336 413 773 148 403 742 786 836 463 1136 347 434 589 672 839 1351 334 788 449 884 687 392 344 535 351 224 1016 868 1019 228 361 400 280 461 675 1133 471 723 622 1400 823 606 871 750 733 1208 1121 441 433 619 445 560 1066 278 0
EOF