NAME : tsp_problem
TYPE : TSP
DIMENSION : 86
EDGE_WEIGHT_TYPE : EXPLICIT
EDGE_WEIGHT_FORMAT : FULL_MATRIX
EDGE_WEIGHT_SECTION
0 52 203 890 460 636 872 881 312 444 135 757 390 569 675 158 139 318 483 938 48 180 447 164 417 867 227 911 875 868 1023 503 919 337 640 370 284 875 336 203 252 101 892 841 810 731 808 691 898 873 860 550 877 370 933 866 589 328 206 892 863 242 250 500 245 738 448 990 342 864 325 320 704 624 868 117 630 678 653 793 537 527 563 279 748 874
52 0 184 883 441 629 865 874 292 425 157 779 412 549 697 181 120 299 476 931 41 161 469 145 439 860 249 904 868 861 1016 526 912 318 633 393 264 868 316 183 275 81 885 834 833 753 801 684 920 866 853 543 870 350 926 859 582 350 187 885 856 264 272 494 267 760 470 1013 365 857 347 301 697 617 861 97 623 700 646 786 530 520 556 301 771 867
203 184 0 996 525 742 978 987 376 509 309 931 564 633 849 332 102 412 589 1045 191 245 621 258 591 973 401 1018 981 974 1129 677 1025 299 747 544 349 982 211 90 426 134 998 947 984 905 914 798 1072 979 966 657 983 244 1039 972 696 502 81 999 969 416 424 607 419 912 622 1164 516 971 499 385 810 731 974 117 737 852 760 899 643 634 670 453 922 980
890 883 996 0 650 297 121 130 780 660 964 1302 933 618 1208 988 932 649 603 481 890 909 994 769 825 409 709 454 124 410 588 1050 461 890 383 917 814 418 996 995 688 893 61 383 1355 1276 373 375 1443 415 109 383 419 950 102 68 500 875 999 61 428 703 696 503 701 1283 995 1535 885 113 872 785 268 367 117 909 373 1223 396 157 530 465 510 665 1293 416
460 441 525 650 0 396 632 641 171 97 566 1188 821 149 1106 589 490 605 593 682 448 300 878 515 780 611 658 655 635 612 684 934 663 281 296 801 205 619 387 532 644 452 652 585 1241 1162 580 452 1329 617 620 401 621 341 693 626 547 759 479 653 524 659 652 458 656 1169 879 1421 773 625 756 176 430 385 628 468 391 1109 283 553 495 351 557 620 1179 618
636 629 742 297 396 0 279 288 526 406 710 1048 679 364 954 734 678 395 383 345 636 655 740 515 571 274 454 318 282 275 430 796 326 636 129 663 560 282 742 741 434 639 299 248 1101 1022 308 180 1189 280 267 129 284 696 340 273 338 621 745 299 270 449 442 249 447 1029 741 1281 631 271 618 531 111 113 275 655 119 969 142 200 285 211 348 410 1039 281
872 865 978 121 632 279 0 78 762 642 946 1284 916 600 1191 970 914 632 585 463 872 891 976 752 807 391 691 436 42 393 570 1033 443 873 365 900 796 400 978 978 671 876 123 366 1338 1258 355 357 1425 397 64 365 402 932 164 97 482 857 981 124 410 686 678 485 683 1265 977 1518 868 56 854 768 251 349 47 892 355 1205 378 140 513 447 492 647 1276 399
881 874 987 130 641 288 78 0 771 651 955 1293 924 609 1200 979 923 640 594 472 881 900 985 760 816 400 700 445 70 401 579 1041 452 881 374 908 805 409 987 986 679 884 132 374 1346 1267 364 366 1434 406 92 374 410 941 173 106 491 866 990 132 419 695 687 494 692 1274 986 1527 877 84 863 776 260 358 75 900 364 1214 387 148 522 456 501 656 1284 407
312 292 376 780 171 526 762 771 0 155 417 1039 672 280 957 441 341 520 697 812 299 171 729 367 699 741 509 785 765 742 814 786 793 322 426 653 246 750 428 383 535 303 782 715 1093 1013 710 582 1180 747 750 531 751 382 823 756 677 610 338 783 654 524 532 589 527 1020 730 1273 625 755 607 217 561 515 758 319 521 960 413 684 625 481 688 561 1031 748
444 425 509 660 97 406 642 651 155 0 550 1172 805 159 1090 573 474 615 603 692 432 284 862 499 790 621 642 665 645 622 694 918 673 265 306 785 189 630 370 516 654 435 662 595 1225 1146 590 462 1313 627 630 411 631 325 703 636 557 743 463 663 534 657 662 469 660 1153 863 1405 757 635 740 160 440 395 638 451 401 1093 293 563 505 361 567 630 1163 628
135 157 309 964 566 710 946 955 417 550 0 832 465 674 750 57 245 417 557 1013 153 286 522 270 492 941 301 986 949 943 1097 578 993 442 715 445 389 950 441 308 327 206 966 916 885 806 883 766 973 947 934 625 952 475 1007 940 664 403 311 967 937 316 325 575 319 813 522 1065 417 939 400 426 778 699 942 222 705 753 728 868 612 602 638 354 823 949
757 779 931 1302 1188 1048 1284 1293 1039 1172 832 0 399 1125 817 855 867 755 895 1351 776 908 434 875 559 1279 641 1324 1287 1281 1435 286 1331 1065 1053 418 1012 1288 1064 930 667 828 1305 1254 217 191 1221 1104 205 1285 1272 963 1290 1097 1346 1278 1002 474 934 1305 1275 656 665 913 659 229 328 481 448 1277 466 1048 1116 1037 1280 845 1043 169 1066 1206 950 940 976 694 180 1287
390 412 564 933 821 679 916 924 672 805 465 399 0 757 448 488 500 386 526 982 409 541 325 506 190 910 274 955 918 912 1066 176 962 698 684 279 645 919 697 563 300 461 936 885 452 373 852 735 540 917 903 594 921 730 977 910 633 237 567 936 906 289 298 544 292 380 219 632 79 908 234 681 747 668 911 478 674 320 697 837 581 571 607 327 390 918
569 549 633 618 149 364 600 609 280 159 674 1125 757 0 1032 698 598 473 460 650 556 409 817 593 648 579 532 623 603 580 652 874 631 390 264 741 314 588 495 640 512 560 620 553 1179 1099 548 420 1266 585 588 311 589 449 661 594 415 698 588 621 492 527 519 326 524 1106 818 1359 709 593 695 285 399 353 596 576 359 1046 251 522 363 219 425 488 1117 586
675 697 849 1208 1106 954 1191 1200 957 1090 750 817 448 1032 0 773 785 661 802 1257 693 826 641 781 408 1186 559 1230 1193 1187 1342 595 1238 983 959 564 930 1194 982 848 585 746 1211 1160 870 791 1127 1010 932 1192 1179 869 1196 1015 1252 1185 908 522 852 1211 1182 574 583 819 577 798 637 558 400 1183 519 966 1022 943 1187 762 949 738 972 1112 856 846 882 612 808 1193
158 181 332 988 589 734 970 979 441 573 57 855 488 698 773 0 268 441 581 1036 177 309 545 293 515 965 325 1009 973 966 1121 602 1017 466 738 469 413 974 465 332 351 230 990 939 909 829 906 790 996 971 958 649 975 499 1031 964 687 426 335 990 961 340 348 599 343 836 546 1089 441 963 423 449 802 722 966 246 729 776 752 891 635 626 662 377 847 972
139 120 102 932 490 678 914 923 341 474 245 867 500 598 785 268 0 348 525 980 127 210 557 194 527 909 337 954 917 910 1065 613 961 356 682 480 314 918 268 101 362 130 934 883 920 841 850 734 1008 915 902 593 919 302 975 908 632 438 138 935 905 352 360 543 355 848 558 1100 452 907 435 350 746 667 910 128 673 788 696 835 579 570 606 389 858 916
318 299 412 649 605 395 632 640 520 615 417 755 386 473 661 441 348 0 242 698 306 389 447 185 278 627 162 671 634 628 783 503 678 546 400 370 493 635 545 411 141 309 652 601 808 729 568 451 896 633 620 310 637 578 693 626 349 328 415 652 622 156 149 260 154 736 448 988 338 624 325 529 463 384 628 325 390 676 413 553 297 287 323 117 746 634
483 476 589 603 593 383 585 594 697 603 557 895 526 460 802 581 525 242 0 686 483 566 587 362 418 614 302 659 588 616 770 644 666 723 388 510 670 623 722 588 281 486 605 589 948 869 370 287 1036 620 573 298 625 755 646 579 151 468 592 606 610 297 289 245 294 876 588 1129 479 578 465 706 451 372 581 502 351 816 401 507 181 275 125 258 886 622
1331 1324 1437 873 1075 738 855 864 1205 1085 1405 1743 1374 1043 1650 1429 1373 1091 1078 0 1331 1334 1435 1211 1266 637 1150 540 858 639 1005 1492 548 1315 824 1359 1239 646 1420 1436 1129 1335 875 617 1796 1717 893 875 1884 648 843 824 653 1375 916 849 1020 1316 1440 876 845 1145 1137 944 1142 1724 1436 1977 1327 848 1313 1210 686 808 851 1351 814 1664 837 777 981 906 1030 1106 1734 644
48 41 191 890 448 636 872 881 299 432 153 776 409 556 693 177 127 306 483 938 0 168 465 152 436 867 245 911 875 868 1023 522 919 325 640 389 271 875 323 190 271 88 892 841 829 749 808 691 916 873 860 550 877 357 933 866 589 347 194 892 863 260 269 501 263 756 466 1009 361 864 343 308 704 624 868 104 630 697 653 793 537 527 563 298 767 874
180 161 245 909 300 655 891 900 171 284 286 908 541 409 826 309 210 389 566 941 168 0 598 235 568 870 378 914 894 871 943 654 922 317 555 521 124 879 336 252 403 171 911 844 961 882 839 711 1049 876 879 634 880 370 952 885 673 479 206 912 783 393 401 584 396 889 599 1141 493 884 476 212 690 644 887 187 650 829 542 813 620 610 647 430 899 877
447 469 621 994 878 740 976 985 729 862 522 434 325 817 641 545 557 447 587 1043 465 598 0 567 383 971 331 1016 979 972 1127 180 1023 755 745 108 702 980 754 620 357 518 996 945 487 408 912 796 575 977 964 655 981 787 1037 970 694 163 624 997 967 346 355 605 349 415 124 667 308 969 155 738 808 729 972 534 735 355 758 897 641 632 668 384 425 978
164 145 258 769 515 515 752 760 367 499 270 875 506 593 781 293 194 185 362 818 152 235 567 0 398 747 281 791 754 748 902 623 798 392 520 490 339 755 391 258 261 156 772 721 928 849 688 571 1016 753 740 430 757 425 813 746 469 448 261 772 742 276 269 380 274 856 568 1108 458 744 445 375 583 504 747 172 510 796 533 673 417 407 443 237 866 754
417 439 591 825 780 571 807 816 699 790 492 559 190 648 408 515 527 278 418 873 436 568 383 398 0 802 301 846 810 803 958 337 854 725 575 306 672 810 724 590 317 489 827 776 612 533 743 626 700 808 795 485 812 758 868 801 524 264 594 827 798 317 324 436 319 540 379 793 143 799 261 708 639 559 803 505 565 480 588 728 472 462 498 293 550 809
867 860 973 409 611 274 391 400 741 621 941 1279 910 579 1186 965 909 627 614 245 867 870 971 747 802 0 686 218 394 39 541 1028 225 851 360 895 775 46 956 973 665 871 411 153 1333 1253 429 411 1420 184 379 360 189 911 452 385 556 852 976 412 381 681 673 480 678 1260 972 1513 863 384 849 746 222 344 387 887 350 1200 373 313 517 442 566 642 1271 45
227 249 401 709 658 454 691 700 509 642 301 641 274 532 559 325 337 162 302 757 245 378 331 281 301 686 0 730 693 687 842 388 738 535 459 255 481 694 533 400 76 298 711 660 695 615 627 510 782 692 679 369 696 567 752 685 408 212 404 711 682 91 84 319 89 622 332 875 227 683 209 518 523 443 687 314 449 562 472 612 356 346 382 98 633 693
1350 1343 1456 892 1094 757 875 883 1224 1104 1425 1763 1394 1062 1669 1448 1392 1110 1098 78 1350 1353 1454 1230 1285 656 1169 0 877 658 1025 1511 567 1334 843 1378 1258 665 1440 1456 1149 1354 895 636 1816 1737 912 894 1903 668 863 843 672 1394 936 869 1039 1336 1459 895 865 1164 1156 963 1161 1743 1455 1996 1346 867 1333 1229 706 827 870 1370 833 1684 856 796 1000 925 1049 1125 1754 664
875 868 981 124 635 282 42 70 765 645 949 1287 918 603 1193 973 917 634 588 465 875 894 979 754 810 394 693 438 0 395 573 1035 446 875 368 902 799 403 981 980 673 878 126 368 1340 1261 358 360 1428 400 56 368 404 935 167 100 485 860 984 126 412 688 681 488 686 1268 980 1520 870 48 857 770 253 352 39 894 358 1208 381 142 515 450 495 649 1278 401
868 861 974 410 612 275 393 401 742 622 943 1281 912 580 1187 966 910 628 616 246 868 871 972 748 803 39 687 219 395 0 543 1029 226 852 361 896 776 47 958 974 667 872 413 154 1334 1255 430 412 1422 186 381 361 190 912 454 387 557 854 977 413 383 682 675 481 679 1262 973 1514 864 385 851 747 224 345 389 888 351 1202 374 314 518 443 567 643 1272 46
1023 1016 1129 588 684 430 570 579 814 694 1097 1435 1066 652 1342 1121 1065 783 770 613 1023 943 1127 902 958 541 842 586 573 543 0 1184 593 924 516 1051 848 550 1029 1128 821 1027 590 516 1488 1409 607 567 1576 548 558 516 552 984 631 564 725 1008 1122 590 216 837 829 636 834 1416 1128 1669 1019 562 1005 819 361 500 566 1043 506 1356 529 491 673 598 735 798 1426 549
503 526 677 1050 934 796 1033 1041 786 918 578 286 176 874 595 602 613 503 644 1099 522 654 180 623 337 1028 388 1072 1035 1029 1184 0 1079 811 801 164 758 1036 810 677 413 575 1053 1002 339 260 969 852 427 1034 1021 711 1038 844 1094 1027 750 220 680 1053 1023 403 411 661 405 267 79 519 226 1025 212 794 864 785 1029 591 791 207 814 954 698 688 724 440 277 1035
1337 1330 1443 879 1081 744 861 870 1211 1091 1411 1750 1381 1049 1656 1435 1379 1097 1084 65 1337 1340 1441 1217 1272 643 1156 546 864 645 1012 1498 0 1321 830 1365 1245 652 1426 1443 1136 1341 882 623 1803 1723 899 881 1890 655 849 830 659 1381 923 855 1026 1322 1446 882 851 1151 1143 950 1148 1730 1442 1983 1333 854 1319 1216 692 814 857 1357 820 1671 843 783 987 912 1036 1112 1741 651
337 318 299 890 281 636 873 881 322 265 442 1065 698 390 983 466 356 546 723 923 325 317 755 392 725 851 535 896 875 852 924 811 903 0 536 678 222 860 148 306 560 328 893 825 1118 1039 820 692 1206 857 861 641 861 102 934 867 788 636 240 893 764 550 558 699 552 1046 755 1298 650 865 633 141 671 625 869 344 631 986 524 794 735 591 798 587 1056 858
640 633 747 383 296 129 365 374 426 306 715 1053 684 264 959 738 682 400 388 431 640 555 745 520 575 360 459 404 368 361 516 801 412 536 0 668 460 368 641 746 439 644 385 334 1106 1027 313 184 1194 366 353 134 370 596 426 359 342 626 734 385 356 454 447 254 452 1034 745 1286 636 357 623 431 197 117 361 660 123 974 117 286 290 216 352 415 1044 367
370 393 544 917 801 663 900 908 653 785 445 418 279 741 564 469 480 370 510 966 389 521 108 490 306 895 255 939 902 896 1051 164 946 678 668 0 625 903 677 544 280 442 920 869 471 392 836 719 559 901 888 578 905 711 961 894 617 87 547 920 890 270 278 528 272 399 109 651 232 892 79 661 731 652 896 458 658 339 681 821 565 555 591 307 409 902
284 264 349 814 205 560 796 805 246 189 389 1012 645 314 930 413 314 493 670 846 271 124 702 339 672 775 481 819 799 776 848 758 827 222 460 625 0 784 327 356 507 275 816 749 1065 986 744 616 1153 781 784 565 785 282 857 790 711 583 310 817 688 497 505 623 499 993 702 1245 597 789 580 117 595 549 792 291 555 933 447 718 659 515 722 534 1003 782
875 868 982 418 619 282 400 409 750 630 950 1288 919 588 1194 974 918 635 623 253 875 879 980 755 810 46 694 226 403 47 550 1036 234 860 368 903 784 0 965 981 674 879 420 161 1341 1262 437 420 1429 193 388 369 197 919 461 394 565 861 985 420 390 689 682 489 687 1269 981 1521 871 392 858 755 231 352 396 895 359 1209 382 321 525 451 575 650 1279 53
336 316 211 996 387 742 978 987 428 370 441 1064 697 495 982 465 268 545 722 1028 323 336 754 391 724 956 533 1001 981 958 1029 810 1008 148 641 677 327 965 0 218 559 300 998 931 1117 1038 926 797 1205 962 966 747 967 93 1039 972 828 635 152 998 869 549 557 740 551 1045 754 1297 649 970 632 247 776 730 974 283 736 985 629 899 776 696 802 586 1055 964
203 183 90 995 532 741 978 986 383 516 308 930 563 640 848 332 101 411 588 1044 190 252 620 258 590 973 400 1017 980 974 1128 677 1024 306 746 544 356 981 218 0 426 133 998 947 984 904 914 797 1071 979 966 656 983 251 1039 972 695 501 88 998 968 415 423 606 418 911 621 1164 516 970 498 392 809 730 973 117 736 851 759 899 643 633 669 452 922 980
252 275 426 688 644 434 671 679 535 654 327 667 300 512 585 351 362 141 281 737 271 403 357 261 317 665 76 710 673 667 821 413 717 560 439 280 507 674 559 426 0 324 691 640 720 641 607 490 808 672 659 349 676 593 732 665 388 238 429 691 661 71 63 299 68 648 357 900 252 663 235 543 502 423 666 340 429 588 452 592 336 326 362 78 658 673
101 81 134 893 452 639 876 884 303 435 206 828 461 560 746 230 130 309 486 942 88 171 518 156 489 871 298 915 878 872 1027 575 922 328 644 442 275 879 300 133 324 0 896 845 882 802 812 695 969 877 864 554 881 334 937 870 593 399 170 896 866 313 322 504 316 809 519 1062 414 868 396 312 707 628 871 108 634 749 657 797 541 531 567 350 820 878
892 885 998 61 652 299 123 132 782 662 966 1305 936 620 1211 990 934 652 605 483 892 911 996 772 827 411 711 456 126 413 590 1053 463 893 385 920 816 420 998 998 691 896 0 386 1358 1278 375 377 1445 417 111 385 422 952 70 70 502 877 1001 53 430 706 698 505 703 1285 997 1538 888 116 874 788 271 369 119 912 375 1226 398 160 533 467 513 667 1296 419
841 834 947 383 585 248 366 374 715 595 916 1254 885 553 1160 939 883 601 589 224 841 844 945 721 776 153 660 197 368 154 516 1002 205 825 334 869 749 161 931 947 640 845 386 0 1307 1228 403 385 1395 90 354 335 94 885 427 360 530 827 950 386 356 655 648 454 652 1235 946 1487 837 358 824 720 197 318 362 861 324 1175 347 287 491 416 540 616 1245 160
810 833 984 1355 1241 1101 1338 1346 1093 1225 885 217 452 1179 870 909 920 808 948 1404 829 961 487 928 612 1333 695 1377 1340 1334 1488 339 1384 1118 1106 471 1065 1341 1117 984 720 882 1358 1307 0 228 1274 1157 112 1339 1326 1016 1343 1151 1399 1332 1055 527 987 1358 1328 710 718 966 712 113 381 403 501 1330 519 1101 1169 1090 1333 898 1096 158 1119 1259 1003 993 1029 747 217 1340
731 753 905 1276 1162 1022 1258 1267 1013 1146 806 191 373 1099 791 829 841 729 869 1325 749 882 408 849 533 1253 615 1298 1261 1255 1409 260 1305 1039 1027 392 986 1262 1038 904 641 802 1278 1228 228 0 1195 1078 216 1259 1246 937 1264 1071 1319 1252 976 448 908 1279 1249 630 639 887 633 316 302 583 422 1251 439 1022 1090 1011 1254 818 1017 271 1040 1180 924 914 950 668 61 1261
808 801 914 373 580 308 355 364 710 590 883 1221 852 548 1127 906 850 568 370 500 808 839 912 688 743 429 627 473 358 430 607 969 481 820 313 836 744 437 926 914 607 812 375 403 1274 1195 0 153 1361 435 343 313 439 880 416 349 255 794 917 375 447 622 614 371 619 1201 913 1454 804 347 791 715 288 261 351 828 217 1142 326 276 307 395 287 583 1212 436
691 684 798 375 452 180 357 366 582 462 766 1104 735 420 1010 790 734 451 287 482 691 711 796 571 626 411 510 455 360 412 567 852 463 692 184 719 616 420 797 797 490 695 377 385 1157 1078 153 0 1245 417 345 185 421 752 418 351 184 677 800 377 407 505 498 279 503 1085 796 1337 687 349 674 587 248 139 353 711 123 1025 197 278 215 267 194 466 1095 418
898 920 1072 1443 1329 1189 1425 1434 1180 1313 973 205 540 1266 932 996 1008 896 1036 1492 916 1049 575 1016 700 1420 782 1465 1428 1422 1576 427 1472 1206 1194 559 1153 1429 1205 1071 808 969 1445 1395 112 216 1361 1245 0 1426 1413 1104 1431 1238 1486 1419 1143 615 1075 1446 1416 797 806 1054 800 201 469 403 589 1418 606 1189 1257 1178 1421 985 1184 245 1207 1346 1090 1081 1117 835 205 1427
873 866 979 415 617 280 397 406 747 627 947 1285 917 585 1192 971 915 633 620 256 873 876 977 753 808 184 692 229 400 186 548 1034 236 857 366 901 781 193 962 979 672 877 417 90 1339 1259 435 417 1426 0 385 366 32 917 458 391 562 858 982 418 387 687 679 486 684 1266 978 1519 869 390 855 752 228 350 393 893 356 1206 379 319 523 448 572 648 1277 192
860 853 966 109 620 267 64 92 750 630 934 1272 903 588 1179 958 902 620 573 451 860 879 964 740 795 379 679 424 56 381 558 1021 431 861 353 888 784 388 966 966 659 864 111 354 1326 1246 343 345 1413 385 0 353 390 920 152 85 470 845 969 112 398 674 666 473 671 1253 965 1506 856 70 842 756 239 337 61 880 343 1193 366 128 501 435 480 635 1264 387
550 543 657 383 401 129 365 374 531 411 625 963 594 311 869 649 593 310 298 432 550 634 655 430 485 360 369 405 368 361 516 711 412 641 134 578 565 369 747 656 349 554 385 335 1016 937 313 185 1104 366 353 0 370 701 426 359 253 536 660 386 356 364 357 164 362 944 656 1196 546 358 533 536 197 118 361 570 124 884 147 286 200 126 263 325 954 367
877 870 983 419 621 284 402 410 751 631 952 1290 921 589 1196 975 919 637 625 260 877 880 981 757 812 189 696 233 404 190 552 1038 240 861 370 905 785 197 967 983 676 881 422 94 1343 1264 439 421 1431 32 390 370 0 921 463 396 566 863 986 422 392 691 684 490 688 1271 982 1523 873 394 860 756 233 354 398 897 360 1211 383 323 527 452 576 652 1281 196
370 350 244 950 341 696 932 941 382 325 475 1097 730 449 1015 499 302 578 755 982 357 370 787 425 758 911 567 955 935 912 984 844 963 102 596 711 282 919 93 251 593 334 952 885 1151 1071 880 752 1238 917 920 701 921 0 993 926 847 668 186 953 824 582 591 758 585 1078 788 1331 683 925 665 201 730 685 928 317 691 1018 583 853 795 651 836 619 1089 918
933 926 1039 102 693 340 164 173 823 703 1007 1346 977 661 1252 1031 975 693 646 524 933 952 1037 813 868 452 752 497 167 454 631 1094 504 934 426 961 857 461 1039 1039 732 937 70 427 1399 1319 416 418 1486 458 152 426 463 993 0 111 543 919 1042 72 471 747 739 546 744 1326 1038 1579 929 157 915 829 312 410 160 953 416 1267 439 201 574 508 554 708 1337 460
866 859 972 68 626 273 97 106 756 636 940 1278 910 594 1185 964 908 626 579 457 866 885 970 746 801 385 685 430 100 387 564 1027 437 867 359 894 790 394 972 972 665 870 70 360 1332 1252 349 351 1419 391 85 359 396 926 111 0 476 851 975 70 404 680 672 479 677 1259 971 1512 862 90 848 762 245 343 93 886 349 1199 372 134 507 441 486 641 1270 393
589 582 696 500 547 338 482 491 677 557 664 1002 633 415 908 687 632 349 151 627 589 673 694 469 524 556 408 600 485 557 725 750 608 788 342 617 711 565 828 695 388 593 502 530 1055 976 255 184 1143 562 470 253 566 847 543 476 0 575 698 503 565 403 396 142 401 983 694 1235 585 475 572 683 406 292 478 609 248 923 356 404 78 230 58 364 993 563
328 350 502 875 759 621 857 866 610 743 403 474 237 698 522 426 438 328 468 924 347 479 163 448 264 852 212 897 860 854 1008 220 904 636 626 87 583 861 635 501 238 399 877 827 527 448 794 677 615 858 845 536 863 668 919 851 575 0 505 878 848 227 236 486 230 455 164 707 189 850 62 619 689 610 853 416 616 395 639 779 523 513 549 265 465 860
206 187 81 999 479 745 981 990 338 463 311 934 567 588 852 335 138 415 592 1047 194 206 624 261 594 976 404 1020 984 977 1122 680 1028 240 734 547 310 985 152 88 429 170 1001 950 987 908 917 800 1075 982 969 660 986 186 1042 975 698 505 0 1001 962 419 427 610 421 915 624 1167 519 973 502 339 813 733 977 153 740 855 721 902 646 637 673 456 925 983
892 885 999 61 653 299 124 132 783 663 967 1305 936 621 1211 990 935 652 606 483 892 912 997 772 827 412 711 456 126 413 590 1053 464 893 385 920 817 420 998 998 691 896 53 386 1358 1279 375 377 1446 418 112 386 422 953 72 70 503 878 1001 0 430 706 699 506 704 1286 997 1538 888 116 875 788 271 369 119 912 375 1226 398 160 533 468 513 667 1296 419
863 856 969 428 524 270 410 419 654 534 937 1275 906 492 1182 961 905 622 610 453 863 783 967 742 798 381 682 426 412 383 216 1023 433 764 356 890 688 390 869 968 661 866 430 356 1328 1249 447 407 1416 387 398 356 392 824 471 404 565 848 962 430 0 676 669 476 674 1256 968 1509 859 402 845 659 201 340 406 882 346 1196 369 331 513 438 575 638 1266 389
242 264 416 703 659 449 686 695 524 657 316 656 289 527 574 340 352 156 297 752 260 393 346 276 317 681 91 725 688 682 837 403 732 550 454 270 497 689 549 415 71 313 706 655 710 630 622 505 797 687 674 364 691 582 747 680 403 227 419 706 676 0 79 314 84 637 347 890 242 678 224 533 517 438 682 329 444 577 467 607 351 341 377 93 648 688
250 272 424 696 652 442 678 687 532 662 325 665 298 519 583 348 360 149 289 745 269 401 355 269 324 673 84 718 681 675 829 411 725 558 447 278 505 682 557 423 63 322 698 648 718 639 614 498 806 679 666 357 684 591 739 672 396 236 427 699 669 79 0 307 76 646 355 898 250 671 233 541 510 431 674 338 437 586 460 599 343 334 370 86 656 680
500 494 607 503 458 249 485 494 589 469 575 913 544 326 819 599 543 260 245 552 501 584 605 380 436 480 319 525 488 481 636 661 532 699 254 528 623 489 740 606 299 504 505 454 966 887 371 279 1054 486 473 164 490 758 546 479 142 486 610 506 476 314 307 0 312 894 606 1146 496 478 483 594 317 238 481 520 244 834 267 406 121 141 152 275 904 487
245 267 419 701 656 447 683 692 527 660 319 659 292 524 577 343 355 154 294 750 263 396 349 274 319 678 89 723 686 679 834 405 730 552 452 272 499 687 551 418 68 316 703 652 712 633 619 503 800 684 671 362 688 585 744 677 401 230 421 704 674 84 76 312 0 640 350 892 244 676 227 536 515 436 679 332 442 580 465 604 348 339 375 91 650 685
738 760 912 1283 1169 1029 1265 1274 1020 1153 813 229 380 1106 798 836 848 736 876 1332 756 889 415 856 540 1260 622 1305 1268 1262 1416 267 1312 1046 1034 399 993 1269 1045 911 648 809 1285 1235 113 316 1201 1085 201 1266 1253 944 1271 1078 1326 1259 983 455 915 1286 1256 637 646 894 640 0 309 331 429 1258 446 1029 1097 1018 1261 825 1024 85 1047 1186 930 921 957 675 306 1267
448 470 622 995 879 741 977 986 730 863 522 328 219 818 637 546 558 448 588 1043 466 599 124 568 379 972 332 1016 980 973 1128 79 1024 755 745 109 702 981 754 621 357 519 997 946 381 302 913 796 469 978 965 656 982 788 1038 971 694 164 624 997 968 347 355 606 350 309 0 561 268 969 156 739 809 729 973 535 736 249 758 898 642 632 669 384 319 979
990 1013 1164 1535 1421 1281 1518 1527 1273 1405 1065 481 632 1359 558 1089 1100 988 1129 1584 1009 1141 667 1108 793 1513 875 1557 1520 1514 1669 519 1564 1298 1286 651 1245 1521 1297 1164 900 1062 1538 1487 403 583 1454 1337 403 1519 1506 1196 1523 1331 1579 1512 1235 707 1167 1538 1509 890 898 1146 892 331 561 0 681 1510 699 1281 1349 1270 1514 1078 1276 338 1299 1439 1183 1173 1209 927 594 1520
342 365 516 885 773 631 868 877 625 757 417 448 79 709 400 441 452 338 479 934 361 493 308 458 143 863 227 907 870 864 1019 226 915 650 636 232 597 871 649 516 252 414 888 837 501 422 804 687 589 869 856 546 873 683 929 862 585 189 519 888 859 242 250 496 244 429 268 681 0 860 186 633 699 620 864 430 626 369 649 789 533 523 559 279 439 870
864 857 971 113 625 271 56 84 755 635 939 1277 908 593 1183 963 907 624 578 455 864 884 969 744 799 384 683 428 48 385 562 1025 436 865 357 892 789 392 970 970 663 868 116 358 1330 1251 347 349 1418 390 70 358 394 925 157 90 475 850 973 116 402 678 671 478 676 1258 969 1510 860 0 847 760 243 341 53 884 348 1198 370 132 505 440 485 639 1268 391
325 347 499 872 756 618 854 863 607 740 400 466 234 695 519 423 435 325 465 921 343 476 155 445 261 849 209 894 857 851 1005 212 901 633 623 79 580 858 632 498 235 396 874 824 519 439 791 674 606 855 842 533 860 665 915 848 572 62 502 875 845 224 233 483 227 446 156 699 186 847 0 616 686 607 850 412 613 387 636 776 520 510 546 262 457 857
320 301 385 785 176 531 768 776 217 160 426 1048 681 285 966 449 350 529 706 818 308 212 738 375 708 746 518 791 770 747 819 794 798 141 431 661 117 755 247 392 543 312 788 720 1101 1022 715 587 1189 752 756 536 756 201 829 762 683 619 339 788 659 533 541 594 536 1029 739 1281 633 760 616 0 566 520 764 328 526 969 419 689 630 486 693 570 1039 753
704 697 810 268 430 111 251 260 561 440 778 1116 747 399 1022 802 746 463 451 294 704 690 808 583 639 222 523 267 253 224 361 864 274 671 197 731 595 231 776 809 502 707 271 197 1169 1090 288 248 1257 228 239 197 233 730 312 245 406 689 813 271 201 517 510 317 515 1097 809 1349 699 243 686 566 0 181 247 723 187 1037 210 172 353 279 416 478 1107 230
624 617 731 367 385 113 349 358 515 395 699 1037 668 353 943 722 667 384 372 415 624 644 729 504 559 344 443 388 352 345 500 785 396 625 117 652 549 352 730 730 423 628 369 318 1090 1011 261 139 1178 350 337 118 354 685 410 343 292 610 733 369 340 438 431 238 436 1018 729 1270 620 341 607 520 181 0 345 644 78 958 130 270 274 200 302 399 1028 351
868 861 974 117 628 275 47 75 758 638 942 1280 911 596 1187 966 910 628 581 459 868 887 972 747 803 387 687 432 39 389 566 1029 439 869 361 896 792 396 974 973 666 871 119 362 1333 1254 351 353 1421 393 61 361 398 928 160 93 478 853 977 119 406 682 674 481 679 1261 973 1514 864 53 850 764 247 345 0 888 351 1201 374 135 509 443 488 643 1271 395
117 97 117 909 468 655 892 900 319 451 222 845 478 576 762 246 128 325 502 958 104 187 534 172 505 887 314 931 894 888 1043 591 938 344 660 458 291 895 283 117 340 108 912 861 898 818 828 711 985 893 880 570 897 317 953 886 609 416 153 912 882 329 338 520 332 825 535 1078 430 884 412 328 723 644 888 0 650 766 673 813 557 547 583 367 836 894
630 623 737 373 391 119 355 364 521 401 705 1043 674 359 949 729 673 390 351 421 630 650 735 510 565 350 449 394 358 351 506 791 402 631 123 658 555 359 736 736 429 634 375 324 1096 1017 217 123 1184 356 343 124 360 691 416 349 248 616 740 375 346 444 437 244 442 1024 736 1276 626 348 613 526 187 78 351 650 0 964 137 276 279 206 258 405 1034 357
678 700 852 1223 1109 969 1205 1214 960 1093 753 169 320 1046 738 776 788 676 816 1272 697 829 355 796 480 1200 562 1245 1208 1202 1356 207 1252 986 974 339 933 1209 985 851 588 749 1226 1175 158 271 1142 1025 245 1206 1193 884 1211 1018 1267 1199 923 395 855 1226 1196 577 586 834 580 85 249 338 369 1198 387 969 1037 958 1201 766 964 0 987 1127 871 861 897 615 285 1208
653 646 760 396 283 142 378 387 413 293 728 1066 697 251 972 752 696 413 401 444 653 542 758 533 588 373 472 417 381 374 529 814 425 524 117 681 447 382 629 759 452 657 398 347 1119 1040 326 197 1207 379 366 147 383 583 439 372 356 639 721 398 369 467 460 267 465 1047 758 1299 649 370 636 419 210 130 374 673 137 987 0 299 303 229 366 428 1057 380
793 786 899 157 553 200 140 148 684 563 868 1206 837 522 1112 891 835 553 507 384 793 813 897 673 728 313 612 357 142 314 491 954 364 794 286 821 718 321 899 899 592 797 160 287 1259 1180 276 278 1346 319 128 286 323 853 201 134 404 779 902 160 331 607 599 406 604 1186 898 1439 789 132 776 689 172 270 135 813 276 1127 299 0 434 368 414 568 1197 320
537 530 643 530 495 285 513 522 625 505 612 950 581 363 856 635 579 297 181 588 537 620 641 417 472 517 356 561 515 518 673 698 569 735 290 565 659 525 776 643 336 541 533 491 1003 924 307 215 1090 523 501 200 527 795 574 507 78 523 646 533 513 351 343 121 348 930 642 1183 533 505 520 630 353 274 509 557 279 871 303 434 0 177 88 312 941 524
527 520 634 465 351 211 447 456 481 361 602 940 571 219 846 626 570 287 275 514 527 610 632 407 462 442 346 487 450 443 598 688 494 591 216 555 515 451 696 633 326 531 467 416 993 914 395 267 1081 448 435 126 452 651 508 441 230 513 637 468 438 341 334 141 339 921 632 1173 523 440 510 486 279 200 443 547 206 861 229 368 177 0 240 302 931 449
563 556 670 510 557 348 492 501 688 567 638 976 607 425 882 662 606 323 125 637 563 647 668 443 498 566 382 611 495 567 735 724 618 798 352 591 722 575 802 669 362 567 513 540 1029 950 287 194 1117 572 480 263 576 836 554 486 58 549 673 513 575 377 370 152 375 957 669 1209 559 485 546 693 416 302 488 583 258 897 366 414 88 240 0 338 967 573
279 301 453 665 620 410 647 656 561 630 354 694 327 488 612 377 389 117 258 713 298 430 384 237 293 642 98 686 649 643 798 440 694 587 415 307 534 650 586 452 78 350 667 616 747 668 583 466 835 648 635 325 652 619 708 641 364 265 456 667 638 93 86 275 91 675 384 927 279 639 262 570 478 399 643 367 405 615 428 568 312 302 338 0 685 649
748 771 922 1293 1179 1039 1276 1284 1031 1163 823 180 390 1117 808 847 858 746 886 1342 767 899 425 866 550 1271 633 1315 1278 1272 1426 277 1322 1056 1044 409 1003 1279 1055 922 658 820 1296 1245 217 61 1212 1095 205 1277 1264 954 1281 1089 1337 1270 993 465 925 1296 1266 648 656 904 650 306 319 594 439 1268 457 1039 1107 1028 1271 836 1034 285 1057 1197 941 931 967 685 0 1278
874 867 980 416 618 281 399 407 748 628 949 1287 918 586 1193 972 916 634 622 252 874 877 978 754 809 45 693 225 401 46 549 1035 232 858 367 902 782 53 964 980 673 878 419 160 1340 1261 436 418 1427 192 387 367 196 918 460 393 563 860 983 419 389 688 680 487 685 1267 979 1520 870 391 857 753 230 351 395 894 357 1208 380 320 524 449 573 649 1278 0
EOF