NAME : tsp_problem
TYPE : TSP
DIMENSION : 24
EDGE_WEIGHT_TYPE : EXPLICIT
EDGE_WEIGHT_FORMAT : FULL_MATRIX
EDGE_WEIGHT_SECTION
0 754 182 576 644 452 407 226 531 1097 551 969 807 689 628 252 303 1004 642 381 446 550 697 385
754 0 834 427 741 1122 490 940 799 1416 1154 820 1128 540 486 937 707 1312 740 637 1116 799 548 1024
182 834 0 656 657 364 487 169 443 1009 463 1049 719 769 708 133 383 916 656 461 358 462 777 297
576 427 656 0 481 862 229 763 538 1155 893 431 867 151 203 759 447 1051 479 376 855 539 159 763
644 741 657 481 0 563 343 556 239 856 595 874 568 594 516 550 365 752 111 294 556 240 602 464
452 1122 364 862 563 0 724 262 348 914 368 1255 624 975 898 256 715 822 562 675 80 368 983 203
407 490 487 229 343 724 0 593 400 1017 756 622 729 343 265 589 309 913 342 238 717 401 350 625
226 940 169 763 556 262 593 0 341 907 361 1156 617 876 815 61 489 814 554 568 256 361 884 196
531 799 443 538 239 348 400 341 0 761 424 931 473 651 574 335 422 658 238 352 342 51 659 258
1097 1416 1009 1155 856 914 1017 907 761 0 878 1548 424 1268 1191 901 1039 777 855 968 908 762 1276 748
551 1154 463 893 595 368 756 361 424 878 0 1286 588 1007 929 355 778 786 594 707 362 443 1014 202
750 600 830 211 654 1035 403 936 711 1328 1067 0 1040 246 376 932 620 1224 653 549 1028 712 254 936
807 1128 719 867 568 624 729 617 473 424 588 1260 0 980 903 611 751 621 567 680 618 474 988 458
689 540 769 151 594 975 343 876 651 1268 1007 465 980 0 316 872 560 1164 593 489 968 652 31 876
628 486 708 203 516 898 265 815 574 1191 929 596 903 316 0 811 483 1087 515 412 891 574 324 799
252 937 133 759 550 256 589 61 335 901 355 1152 611 872 811 0 486 809 549 564 251 355 880 190
303 707 383 447 365 715 309 489 422 1039 778 840 751 560 483 486 0 935 364 103 710 423 568 647
1004 1312 916 1051 752 822 913 814 658 777 786 1444 621 1164 1087 809 935 0 751 865 815 658 1172 656
642 740 656 479 111 562 342 554 238 855 594 872 567 593 515 549 364 751 0 293 555 239 600 463
381 637 461 376 294 675 238 568 352 968 707 769 680 489 412 564 103 865 293 0 669 352 497 576
446 1116 358 855 556 80 717 256 342 908 362 1248 618 968 891 251 710 815 555 669 0 361 976 196
550 799 462 539 240 368 401 361 51 762 443 932 474 652 574 355 423 658 239 352 361 0 660 278
697 548 777 159 602 983 350 884 659 1276 1014 473 988 31 324 880 568 1172 600 497 976 660 0 884
385 1024 297 763 464 203 625 196 258 748 202 1156 458 876 799 190 647 656 463 576 196 278 884 0
EOF