NAME : tsp_problem
TYPE : TSP
DIMENSION : 70
EDGE_WEIGHT_TYPE : EXPLICIT
EDGE_WEIGHT_FORMAT : FULL_MATRIX
EDGE_WEIGHT_SECTION
0 1533 1054 1250 222 874 233 574 1246 849 355 231 1228 621 556 1047 903 847 218 415 380 338 1256 1158 278 386 1031 746 536 593 213 153 326 356 443 519 610 974 736 506 797 738 214 274 243 614 868 180 709 178 108 538 226 301 412 65 1212 415 602 542 887 1043 810 725 785 645 823 206 178 258
1533 0 999 600 1573 1315 1352 1470 606 1222 1627 1407 343 989 1021 626 1381 1221 1342 1664 1652 1689 325 732 1550 1658 2303 1427 1147 1462 1469 1421 1306 1627 1693 1543 1449 918 823 1554 1238 826 1543 1285 1492 1225 1309 1492 1389 1501 1455 1150 1576 1652 1684 1567 532 1665 1454 1154 731 988 1251 848 1226 1414 1196 1535 1496 1302
1054 999 0 886 1094 848 873 1003 882 755 1148 928 864 460 554 683 913 754 863 1185 1173 1210 892 794 1071 1179 1824 959 668 995 990 942 828 1149 1214 1076 982 132 504 1087 771 506 1065 806 1013 746 842 1013 922 1022 976 671 1098 1173 1205 1088 848 1186 987 675 655 57 784 379 759 947 729 1056 1017 823
1250 600 886 0 1290 1032 1069 1187 58 939 1344 1124 295 706 738 239 1098 938 1059 1381 1369 1406 323 152 1267 1375 2020 1144 864 1179 1186 1138 1023 1345 1410 1260 1166 805 540 1271 955 543 1260 1002 1209 942 1026 1209 1107 1218 1172 867 1293 1369 1401 1284 95 1382 1171 871 448 875 968 565 943 1131 913 1252 1213 1019
222 1573 1094 1290 0 913 272 614 1286 889 290 271 1268 661 596 1086 943 887 409 350 316 174 1295 1198 213 321 966 786 575 633 404 344 365 291 379 559 650 1013 776 546 837 777 150 409 178 653 907 115 749 113 299 577 108 137 347 185 1251 351 641 582 927 1083 849 764 825 685 862 141 369 425
874 1315 848 1032 913 0 692 442 1028 346 968 748 1010 559 428 829 162 345 683 1005 993 1030 1038 940 891 999 1644 298 374 434 810 761 647 968 1034 515 421 767 516 526 107 518 884 626 833 292 99 832 341 842 796 372 917 993 1025 908 994 1006 426 356 667 837 94 508 198 386 320 875 837 642
233 1352 873 1069 272 692 0 450 1065 668 326 107 1047 440 375 865 758 666 245 364 352 388 1074 977 249 357 1003 622 354 469 333 193 144 327 392 395 486 792 555 382 616 556 243 188 192 432 686 191 585 200 227 356 276 352 383 267 1030 364 477 361 706 862 628 543 604 521 641 234 298 204
574 1470 1003 1187 614 442 450 0 1183 502 651 370 1165 714 583 984 404 500 581 606 677 730 1193 1095 574 682 1328 247 529 229 675 592 438 652 634 89 98 922 672 100 406 673 584 524 483 448 441 533 210 542 570 527 617 693 708 608 1149 606 237 511 822 992 419 664 270 146 476 576 639 540
1246 606 882 58 1286 1028 1065 1183 0 935 1340 1120 301 702 734 235 1093 934 1055 1377 1365 1402 329 148 1263 1371 2016 1140 860 1175 1182 1133 1019 1340 1406 1256 1162 801 535 1267 951 539 1256 998 1205 938 1022 1204 1102 1214 1168 862 1289 1365 1397 1280 100 1378 1167 867 444 871 964 561 939 1127 909 1247 1209 1014
849 1222 755 939 889 346 668 502 935 0 943 723 917 466 335 736 412 43 658 980 968 1005 945 848 866 974 1619 458 392 494 785 736 622 943 1009 575 481 675 424 586 269 425 859 601 808 311 340 807 421 817 771 390 892 968 1000 883 901 981 485 374 574 744 282 416 258 446 58 850 812 617
355 1627 1148 1344 290 968 326 651 1340 943 0 325 1322 715 650 1140 980 941 520 381 90 406 1349 1252 118 96 813 823 629 670 537 468 419 137 409 596 687 1067 830 583 891 832 261 463 209 707 961 209 786 218 432 631 294 369 193 317 1305 381 679 636 981 1137 904 818 879 723 916 252 501 479
231 1407 928 1124 271 748 107 370 1120 723 325 0 1102 495 431 921 699 721 300 362 350 387 1130 1032 248 356 1001 542 410 389 332 249 200 326 391 315 406 848 610 302 671 612 241 243 190 488 742 190 505 199 227 412 274 350 382 265 1086 363 397 416 761 917 684 599 624 441 697 233 296 260
1228 343 864 295 1268 1010 1047 1165 301 917 1322 1102 0 684 716 321 1076 916 1037 1359 1347 1384 66 427 1245 1353 1998 1122 842 1157 1164 1116 1001 1322 1388 1238 1144 783 518 1249 933 521 1238 980 1187 920 1004 1187 1084 1196 1150 845 1271 1347 1379 1262 227 1360 1149 849 426 853 946 543 921 1109 891 1230 1191 997
621 989 460 706 661 559 440 714 702 466 715 495 684 0 256 503 624 464 430 752 740 777 712 614 638 746 1391 670 235 706 557 509 394 715 781 721 693 379 215 708 482 216 631 373 580 313 552 580 633 589 543 238 664 740 772 655 668 753 697 242 365 448 494 180 470 658 440 623 584 390
556 1021 554 738 596 428 375 583 734 335 650 431 716 256 0 535 493 334 365 687 676 712 744 647 573 681 1326 539 171 575 492 444 330 651 716 656 562 474 223 643 351 224 567 309 516 248 422 515 502 524 478 173 600 675 707 590 700 688 567 177 373 543 364 215 339 527 309 558 519 325
1047 626 683 239 1086 829 865 984 235 736 1140 921 321 503 535 0 894 734 856 1178 1166 1203 349 142 1063 1171 1817 940 661 976 983 934 820 1141 1206 1057 963 602 336 1068 752 340 1057 799 1006 739 823 1005 903 1015 968 663 1090 1166 1197 1081 305 1178 968 668 244 671 765 362 740 928 710 1048 1010 815
903 1381 913 1098 943 162 758 404 1093 412 980 699 1076 624 493 894 0 410 749 935 1006 1059 1103 1006 903 1011 1657 188 439 470 875 827 713 981 963 418 440 833 582 430 206 583 913 692 813 358 161 862 231 871 861 438 946 1022 1037 937 1059 935 462 421 732 902 193 574 234 289 386 905 902 708
847 1221 754 938 887 345 666 500 934 43 941 721 916 464 334 734 410 0 656 978 967 1003 944 846 864 972 1617 456 390 492 783 735 621 942 1007 573 479 673 422 584 268 424 858 600 807 309 339 806 419 815 769 389 891 966 998 881 900 979 484 373 573 742 281 414 256 444 56 849 810 616
218 1342 863 1059 409 683 245 581 1055 658 520 300 1037 430 365 856 749 656 0 557 545 525 1065 967 443 551 1196 753 345 600 164 126 199 521 586 526 617 783 545 513 606 547 401 118 385 423 677 367 716 365 139 347 413 488 577 252 1021 558 608 351 696 852 619 534 594 652 632 392 191 101
415 1664 1185 1381 350 1005 364 606 1377 980 381 362 1359 752 687 1178 935 978 557 0 406 466 1387 1289 304 412 1057 778 667 625 589 506 456 382 190 551 641 1105 867 538 928 869 321 500 213 744 999 269 741 278 484 669 354 429 438 377 1343 63 633 673 1018 1174 941 856 860 677 954 312 553 517
380 1652 1173 1369 316 993 352 677 1365 968 90 350 1347 740 676 1166 1006 967 545 406 0 432 1375 1277 143 30 838 849 655 696 563 494 445 163 435 622 713 1093 856 609 916 857 286 488 234 733 987 235 812 244 457 657 319 395 219 343 1331 407 704 661 1006 1162 929 844 904 748 942 278 527 505
338 1689 1210 1406 174 1030 388 730 1402 1005 406 387 1384 777 712 1203 1059 1003 525 466 432 0 1412 1314 329 437 1083 902 691 749 520 460 481 407 495 675 766 1129 892 662 953 894 266 525 294 769 1024 231 865 229 415 694 190 138 463 301 1368 467 757 698 1043 1199 966 880 941 801 979 257 485 541
1256 325 892 323 1295 1038 1074 1193 329 945 1349 1130 66 712 744 349 1103 944 1065 1387 1375 1412 0 454 1272 1380 2026 1149 870 1185 1192 1143 1029 1350 1415 1266 1172 811 545 1277 961 549 1266 1008 1215 948 1032 1214 1112 1224 1177 872 1299 1375 1407 1290 255 1388 1177 877 454 881 974 571 949 1137 919 1257 1219 1024
1158 732 794 152 1198 940 977 1095 148 848 1252 1032 427 614 647 142 1006 846 967 1289 1277 1314 454 0 1175 1283 1928 1052 772 1087 1094 1046 932 1253 1318 1168 1074 713 448 1180 863 452 1169 910 1117 850 934 1117 1015 1126 1080 775 1202 1277 1309 1192 226 1290 1079 779 356 783 876 473 852 1040 821 1160 1121 927
278 1550 1071 1267 213 891 249 574 1263 866 118 248 1245 638 573 1063 903 864 443 304 143 329 1272 1175 0 149 794 746 552 593 460 391 342 118 332 519 610 990 753 506 814 755 184 386 132 630 884 132 709 141 355 554 217 292 175 241 1228 304 602 559 904 1060 827 741 802 646 839 175 424 402
386 1658 1179 1375 321 999 357 682 1371 974 96 356 1353 746 681 1171 1011 972 551 412 30 437 1380 1283 149 0 844 854 660 701 568 499 450 168 440 627 718 1098 861 614 922 863 292 494 240 738 992 240 817 249 463 662 325 400 224 348 1336 412 710 667 1012 1168 934 849 910 754 947 283 532 510
673 1945 1466 1662 609 1286 645 970 1658 1261 455 643 1640 1033 968 1459 1299 1259 838 699 480 725 1668 1570 436 486 0 1142 948 989 855 787 738 450 728 915 1006 1386 1148 902 1209 1150 579 781 527 1026 1280 527 1105 537 750 950 612 688 365 636 1624 700 997 954 1299 1455 1222 1137 1197 1041 1235 570 820 798
746 1427 959 1144 786 298 622 247 1140 458 823 542 1122 670 539 940 188 456 753 778 849 902 1149 1052 746 854 1500 0 485 401 847 764 610 824 806 261 283 879 628 273 342 629 756 696 656 404 297 705 108 714 742 484 789 865 881 780 1105 778 410 468 779 948 329 620 280 133 432 748 811 712
536 1147 668 864 575 374 354 529 860 392 629 410 842 235 171 661 439 390 345 667 655 691 870 772 552 660 1306 485 0 521 471 423 309 630 695 602 508 588 351 613 297 352 546 288 495 113 367 494 448 503 457 45 579 655 686 570 826 667 512 42 501 657 309 339 285 473 366 537 498 304
593 1462 995 1179 633 434 469 229 1175 494 670 389 1157 706 575 976 470 492 600 625 696 749 1185 1087 593 701 1347 401 521 0 694 611 457 671 653 174 263 914 663 161 398 665 603 543 502 439 433 552 364 561 589 519 636 712 727 627 1141 625 92 503 814 984 411 655 262 300 467 595 658 559
213 1469 990 1186 404 810 333 675 1182 785 537 332 1164 557 492 983 875 783 164 589 563 520 1192 1094 460 568 1213 847 471 694 0 229 337 538 617 620 711 909 672 607 733 674 397 220 417 549 804 362 810 360 209 474 408 484 594 247 1148 589 702 478 823 979 746 660 721 746 759 388 54 204
153 1421 942 1138 344 761 193 592 1133 736 468 249 1116 509 444 934 827 735 126 506 494 460 1143 1046 391 499 1145 764 423 611 229 0 213 469 534 537 628 861 624 524 684 625 336 183 334 501 755 301 727 299 74 425 347 423 525 187 1099 506 619 430 774 931 697 612 673 663 710 327 218 167
326 1306 828 1023 365 647 144 438 1019 622 419 200 1001 394 330 820 713 621 199 456 445 481 1029 932 342 450 1095 610 309 457 337 213 0 420 485 383 474 747 510 370 570 511 336 142 285 387 641 284 573 293 247 311 369 444 476 359 985 457 466 315 660 816 583 498 559 509 596 327 364 159
356 1627 1149 1345 291 968 327 652 1340 943 137 326 1322 715 651 1141 981 942 521 382 163 407 1350 1253 118 168 808 824 630 671 538 469 420 0 410 597 688 1068 831 584 891 832 262 464 210 708 962 210 787 219 433 632 295 370 189 318 1306 382 680 637 981 1138 904 819 880 723 917 253 502 480
443 1693 1214 1410 379 1034 392 634 1406 1009 409 391 1388 781 716 1206 963 1007 586 190 435 495 1415 1318 332 440 1086 806 695 653 617 534 485 410 0 579 670 1133 896 566 957 898 349 529 241 773 1027 297 769 307 512 697 382 458 466 406 1371 191 662 702 1047 1203 969 884 888 705 982 341 582 545
519 1543 1076 1260 559 515 395 89 1256 575 596 315 1238 721 656 1057 418 573 526 551 622 675 1266 1168 519 627 1273 261 602 174 620 537 383 597 579 0 125 995 745 87 479 746 530 469 429 521 514 478 224 487 515 600 563 638 654 553 1222 551 183 584 895 1065 492 737 343 161 549 521 584 485
610 1449 982 1166 650 421 486 98 1162 481 687 406 1144 693 562 963 440 479 617 641 713 766 1172 1074 610 718 1364 283 508 263 711 628 474 688 670 125 0 901 650 136 385 652 620 560 519 426 420 568 246 578 606 506 653 729 744 644 1128 642 255 490 801 971 398 642 249 182 454 611 675 576
974 918 132 805 1013 767 792 922 801 675 1067 848 783 379 474 602 833 673 783 1105 1093 1129 811 713 990 1098 1744 879 588 914 909 861 747 1068 1133 995 901 0 423 1006 690 425 984 726 933 666 761 932 842 941 895 590 1017 1093 1124 1008 767 1105 906 594 574 121 703 298 678 866 648 975 936 742
736 823 504 540 776 516 555 672 535 424 830 610 518 215 223 336 582 422 545 867 856 892 545 448 753 861 1506 628 351 663 672 624 510 831 896 745 650 423 0 756 439 64 747 489 696 428 510 695 591 704 658 353 780 855 887 770 501 868 655 357 174 493 452 165 428 616 398 738 699 505
506 1554 1087 1271 546 526 382 100 1267 586 583 302 1249 708 643 1068 430 584 513 538 609 662 1277 1180 506 614 1260 273 613 161 607 524 370 584 566 87 136 1006 756 0 491 757 516 456 416 532 525 465 235 474 502 612 549 625 641 540 1233 538 170 595 906 1076 503 748 354 172 560 508 571 472
797 1238 771 955 837 107 616 406 951 269 891 671 933 482 351 752 206 268 606 928 916 953 961 863 814 922 1567 342 297 398 733 684 570 891 957 479 385 690 439 491 0 441 807 549 756 215 101 755 326 765 719 295 840 916 948 831 917 929 390 279 590 760 80 431 162 350 243 798 760 565
738 826 506 543 777 518 556 673 539 425 832 612 521 216 224 340 583 424 547 869 857 894 549 452 755 863 1508 629 352 665 674 625 511 832 898 746 652 425 64 757 441 0 748 490 697 430 512 696 592 706 660 354 781 857 889 772 505 870 657 359 178 495 454 166 429 617 399 739 701 506
214 1543 1065 1260 150 884 243 584 1256 859 261 241 1238 631 567 1057 913 858 401 321 286 266 1266 1169 184 292 937 756 546 603 397 336 336 262 349 530 620 984 747 516 807 748 0 379 149 624 878 86 719 84 291 548 153 229 318 177 1222 321 612 552 897 1053 820 735 796 656 833 39 361 396
274 1285 806 1002 409 626 188 524 998 601 463 243 980 373 309 799 692 600 118 500 488 525 1008 910 386 494 1139 696 288 543 220 183 142 464 529 469 560 726 489 456 549 490 379 0 328 366 620 328 659 337 195 290 412 488 520 308 964 501 551 294 639 795 562 477 537 595 575 371 247 109
243 1492 1013 1209 178 833 192 483 1205 808 209 190 1187 580 516 1006 813 807 385 213 234 294 1215 1117 132 240 885 656 495 502 417 334 285 210 241 429 519 933 696 416 756 697 149 328 0 573 827 97 618 106 312 497 182 258 266 206 1171 214 511 501 846 1002 769 684 737 555 782 140 381 345
614 1225 746 942 653 292 432 448 938 311 707 488 920 313 248 739 358 309 423 744 733 769 948 850 630 738 1383 404 113 439 549 501 387 708 773 521 426 666 428 532 215 430 624 366 573 0 286 572 367 581 535 112 657 732 764 647 904 745 431 95 579 735 228 417 204 392 284 615 576 382
868 1309 842 1026 907 99 686 441 1022 340 961 742 1004 552 422 823 161 339 677 999 987 1024 1032 934 884 992 1638 297 367 433 804 755 641 962 1027 514 420 761 510 525 101 512 878 620 827 286 0 826 340 836 789 366 911 987 1019 902 988 1000 425 350 661 831 88 502 197 385 314 869 831 636
180 1492 1013 1209 115 832 191 533 1204 807 209 190 1187 580 515 1005 862 806 367 269 235 231 1214 1117 132 240 885 705 494 552 362 301 284 210 297 478 568 932 695 465 755 696 86 328 97 572 826 0 668 49 257 496 119 195 266 143 1170 270 560 501 845 1002 768 683 744 604 781 77 326 344
709 1389 922 1107 749 341 585 210 1102 421 786 505 1084 633 502 903 231 419 716 741 812 865 1112 1015 709 817 1463 108 448 364 810 727 573 787 769 224 246 842 591 235 326 592 719 659 618 367 340 668 0 677 705 447 752 828 843 743 1068 741 372 430 741 911 339 583 243 95 395 711 774 675
178 1501 1022 1218 113 842 200 542 1214 817 218 199 1196 589 524 1015 871 815 365 278 244 229 1224 1126 141 249 895 714 503 561 360 299 293 219 307 487 578 941 704 474 765 706 84 337 106 581 836 49 677 0 255 506 117 192 275 140 1180 279 569 510 855 1011 778 692 753 613 791 75 324 353
108 1455 976 1172 299 796 227 570 1168 771 432 227 1150 543 478 968 861 769 139 484 457 415 1177 1080 355 463 1108 742 457 589 209 74 247 433 512 515 606 895 658 502 719 660 291 195 312 535 789 257 705 255 0 459 303 378 489 142 1133 484 597 464 809 965 731 646 707 641 744 283 173 179
538 1150 671 867 577 372 356 527 862 390 631 412 845 238 173 663 438 389 347 669 657 694 872 775 554 662 1308 484 45 519 474 425 311 632 697 600 506 590 353 612 295 354 548 290 497 112 366 496 447 506 459 0 581 657 689 572 828 670 511 40 503 660 308 341 283 471 364 539 501 306
226 1576 1098 1293 108 917 276 617 1289 892 294 274 1271 664 600 1090 946 891 413 354 319 190 1299 1202 217 325 970 789 579 636 408 347 369 295 382 563 653 1017 780 549 840 781 153 412 182 657 911 119 752 117 303 581 0 153 351 188 1255 354 645 585 930 1086 853 768 829 689 866 145 372 429
301 1652 1173 1369 137 993 352 693 1365 968 369 350 1347 740 675 1166 1022 966 488 429 395 138 1375 1277 292 400 1046 865 655 712 484 423 444 370 458 638 729 1093 855 625 916 857 229 488 258 732 987 195 828 192 378 657 153 0 427 264 1331 430 720 661 1006 1162 929 843 904 764 942 220 448 504
884 2156 1677 1873 819 1497 855 1180 1869 1472 665 854 1851 1244 1179 1670 1510 1470 1049 910 691 935 1879 1781 647 696 1174 1353 1158 1200 1066 997 948 661 938 1126 1216 1596 1359 1113 1420 1361 790 992 738 1236 1491 738 1315 747 961 1161 823 899 0 847 1835 911 1208 1165 1510 1666 1433 1347 1408 1252 1446 781 1030 1008
65 1567 1088 1284 185 908 267 608 1280 883 317 265 1262 655 590 1081 937 881 252 377 343 301 1290 1192 241 348 994 780 570 627 247 187 359 318 406 553 644 1008 770 540 831 772 177 308 206 647 902 143 743 140 142 572 188 264 375 0 1246 378 636 576 921 1077 844 758 819 679 857 168 212 292
1212 532 848 95 1251 994 1030 1149 100 901 1305 1086 227 668 700 305 1059 900 1021 1343 1331 1368 255 226 1228 1336 1982 1105 826 1141 1148 1099 985 1306 1371 1222 1128 767 501 1233 917 505 1222 964 1171 904 988 1170 1068 1180 1133 828 1255 1331 1362 1246 0 1343 1133 833 409 836 930 527 905 1093 875 1213 1175 980
415 1665 1186 1382 351 1006 364 606 1378 981 381 363 1360 753 688 1178 935 979 558 63 407 467 1388 1290 304 412 1058 778 667 625 589 506 457 382 191 551 642 1105 868 538 929 870 321 501 214 745 1000 270 741 279 484 670 354 430 438 378 1343 0 634 674 1019 1175 942 856 860 677 954 313 554 517
602 1454 987 1171 641 426 477 237 1167 485 679 397 1149 697 567 968 462 484 608 633 704 757 1177 1079 602 710 1355 410 512 92 702 619 466 680 662 183 255 906 655 170 390 657 612 551 511 431 425 560 372 569 597 511 645 720 736 636 1133 634 0 495 806 976 403 647 254 309 459 603 667 568
542 1154 675 871 582 356 361 511 867 374 636 416 849 242 177 668 421 373 351 673 661 698 877 779 559 667 1312 468 42 503 478 430 315 637 702 584 490 594 357 595 279 359 552 294 501 95 350 501 430 510 464 40 585 661 693 576 833 674 495 0 508 664 292 345 267 455 348 544 505 311
887 731 655 448 927 667 706 822 444 574 981 761 426 365 373 244 732 573 696 1018 1006 1043 454 356 904 1012 1657 779 501 814 823 774 660 981 1047 895 801 574 174 906 590 178 897 639 846 579 661 845 741 855 809 503 930 1006 1038 921 409 1019 806 508 0 644 603 315 578 766 548 888 850 655
1043 988 57 875 1083 837 862 992 871 744 1137 917 853 448 543 671 902 742 852 1174 1162 1199 881 783 1060 1168 1813 948 657 984 979 931 816 1138 1203 1065 971 121 493 1076 760 495 1053 795 1002 735 831 1002 911 1011 965 660 1086 1162 1194 1077 836 1175 976 664 644 0 773 368 748 936 718 1045 1006 812
810 1251 784 968 849 94 628 419 964 282 904 684 946 494 364 765 193 281 619 941 929 966 974 876 827 934 1580 329 309 411 746 697 583 904 969 492 398 703 452 503 80 454 820 562 769 228 88 768 339 778 731 308 853 929 961 844 930 942 403 292 603 773 0 444 175 363 256 811 773 578
725 848 379 565 764 508 543 664 561 416 818 599 543 180 215 362 574 414 534 856 844 880 571 473 741 849 1495 620 339 655 660 612 498 819 884 737 642 298 165 748 431 166 735 477 684 417 502 683 583 692 646 341 768 843 875 758 527 856 647 345 315 368 444 0 420 608 390 726 687 493
785 1226 759 943 825 198 604 270 939 258 879 624 921 470 339 740 234 256 594 860 904 941 949 852 802 910 1555 280 285 262 721 673 559 880 888 343 249 678 428 354 162 429 796 537 737 204 197 744 243 753 707 283 829 904 936 819 905 860 254 267 578 748 175 420 0 266 232 787 748 554
645 1414 947 1131 685 386 521 146 1127 446 723 441 1109 658 527 928 289 444 652 677 748 801 1137 1040 646 754 1399 133 473 300 746 663 509 723 705 161 182 866 616 172 350 617 656 595 555 392 385 604 95 613 641 471 689 764 780 679 1093 677 309 455 766 936 363 608 266 0 420 647 710 611
823 1196 729 913 862 320 641 476 909 58 916 697 891 440 309 710 386 56 632 954 942 979 919 821 839 947 1593 432 366 467 759 710 596 917 982 549 454 648 398 560 243 399 833 575 782 284 314 781 395 791 744 364 866 942 973 857 875 954 459 348 548 718 256 390 232 420 0 824 786 591
206 1535 1056 1252 141 875 234 576 1247 850 252 233 1230 623 558 1048 905 849 392 312 278 257 1257 1160 175 283 928 748 537 595 388 327 327 253 341 521 611 975 738 508 798 739 39 371 140 615 869 77 711 75 283 539 145 220 309 168 1213 313 603 544 888 1045 811 726 787 647 824 0 352 387
178 1496 1017 1213 369 837 298 639 1209 812 501 296 1191 584 519 1010 902 810 191 553 527 485 1219 1121 424 532 1178 811 498 658 54 218 364 502 582 584 675 936 699 571 760 701 361 247 381 576 831 326 774 324 173 501 372 448 558 212 1175 554 667 505 850 1006 773 687 748 710 786 352 0 231
258 1302 823 1019 425 642 204 540 1014 617 479 260 997 390 325 815 708 616 101 517 505 541 1024 927 402 510 1156 712 304 559 204 167 159 480 545 485 576 742 505 472 565 506 396 109 345 382 636 344 675 353 179 306 429 504 536 292 980 517 568 311 655 812 578 493 554 611 591 387 231 0
EOF