NAME : tsp_problem
TYPE : TSP
DIMENSION : 70
EDGE_WEIGHT_TYPE : EXPLICIT
EDGE_WEIGHT_FORMAT : FULL_MATRIX
EDGE_WEIGHT_SECTION
0 659 590 941 433 698 375 1408 922 1145 1018 606 317 418 988 173 997 606 425 779 878 458 390 725 943 1015 884 940 975 234 1280 480 568 657 649 865 743 103 769 227 38 913 973 660 384 687 410 768 761 393 794 986 236 1195 365 897 815 523 1010 508 406 900 525 818 944 371 423 1211 236 566
659 0 508 650 604 408 439 1118 631 854 727 167 488 270 697 632 707 77 272 488 588 233 561 743 652 777 594 649 685 499 989 349 436 366 667 575 452 614 479 685 659 622 829 369 448 705 582 478 779 658 1252 695 501 904 333 606 1273 176 749 377 285 609 983 735 654 435 271 920 694 110
590 508 0 776 630 533 260 1243 757 980 625 441 514 415 823 563 719 453 566 613 556 443 587 252 664 542 562 618 697 399 1115 192 96 491 176 700 577 546 604 617 590 748 501 494 249 214 608 603 288 492 1183 630 396 1030 363 618 1204 357 537 163 547 621 914 345 666 264 564 1045 625 517
941 650 776 0 965 301 706 678 192 415 626 525 849 749 390 913 538 690 900 174 437 745 922 737 483 676 492 548 516 766 550 616 704 424 808 267 219 896 310 967 940 315 728 427 716 776 942 193 699 925 1534 594 769 465 697 438 1554 594 647 645 881 441 1264 634 485 703 898 481 975 744
433 604 630 965 0 722 399 1432 946 1169 1041 630 174 380 1012 405 1021 551 370 802 902 403 120 765 966 1055 908 964 999 281 1304 503 591 680 689 889 766 388 793 459 432 937 1014 683 408 727 61 792 801 440 1026 1009 283 1219 389 921 1046 546 1050 532 351 924 756 858 968 395 368 1234 467 511
698 408 533 301 722 0 464 757 273 494 432 283 606 507 335 671 345 448 657 303 244 502 679 544 290 483 299 354 323 524 629 374 462 181 615 212 267 654 116 725 698 260 535 184 474 583 700 273 506 683 1291 400 526 544 455 244 1312 352 454 402 638 247 1022 441 291 460 656 560 733 501
375 439 260 706 399 464 0 1174 687 911 768 371 283 183 753 347 763 384 334 544 644 238 356 395 708 685 650 705 741 200 1046 245 333 422 319 631 508 330 535 401 374 679 643 425 121 357 376 534 431 359 968 751 203 961 131 663 988 288 680 274 315 666 698 487 710 107 332 976 409 346
1408 1118 1243 678 1432 757 1174 0 516 347 1082 993 1316 1217 557 1380 994 1158 1367 699 893 1212 1389 1193 939 1132 948 1004 972 1234 167 1084 1172 891 1264 583 744 1363 766 1434 1408 542 1184 894 1183 1232 1410 718 1155 1393 2001 1050 1236 239 1164 894 2022 1062 1103 1112 1348 896 1732 1090 941 1170 1365 285 1443 1211
922 631 757 192 946 273 687 516 0 253 597 507 830 730 330 894 509 671 881 213 409 726 903 709 455 648 464 519 487 747 388 597 685 405 780 239 257 877 281 948 921 286 699 408 697 748 923 232 670 906 1515 565 750 303 678 409 1535 575 619 626 862 412 1245 606 456 684 879 319 956 725
1145 854 980 415 1169 494 911 347 253 0 818 730 1053 954 293 1117 731 894 1104 436 630 949 1126 930 676 869 685 740 709 970 219 820 908 628 1001 320 480 1100 502 1171 1145 278 921 631 920 969 1146 455 892 1129 1738 786 973 134 901 630 1759 798 840 849 1085 633 1468 827 678 907 1102 150 1180 948
1018 727 625 626 1041 432 768 1082 597 818 0 602 925 826 659 990 386 767 977 623 224 821 998 404 332 153 172 124 364 843 954 693 704 394 475 537 587 973 380 1044 1017 585 205 403 757 443 1019 597 366 999 1611 81 846 868 774 286 1631 671 124 722 958 289 1341 301 333 771 975 884 1052 820
606 167 441 525 630 283 371 993 507 730 602 0 514 298 573 578 582 207 417 363 463 261 587 675 527 653 469 524 560 431 865 281 369 241 600 450 327 561 354 632 605 498 705 244 381 638 607 353 676 590 1199 570 434 780 362 482 1219 204 624 310 398 485 929 611 529 368 415 795 640 260
317 488 514 849 174 606 283 1316 830 1053 925 514 0 264 896 289 905 435 254 686 786 287 131 649 850 939 792 847 883 165 1188 387 475 564 573 773 650 272 677 343 316 821 898 567 292 611 152 676 685 324 910 893 167 1103 273 805 930 430 934 416 235 808 640 742 852 279 252 1118 351 395
418 270 415 749 380 507 183 1217 730 954 826 298 264 0 796 390 806 216 164 587 687 69 337 550 751 840 693 748 784 243 1089 288 376 465 474 674 551 373 578 444 417 722 799 468 193 512 358 577 586 402 1011 794 246 1004 109 706 1031 214 835 317 145 709 741 643 753 180 162 1019 452 176
988 697 823 390 1012 335 753 557 330 293 659 573 896 796 0 960 571 737 947 398 471 792 969 771 517 710 526 581 549 813 428 663 751 471 842 161 443 943 343 1014 987 119 762 474 763 810 989 361 733 972 1581 627 816 343 744 471 1601 641 681 692 928 474 1311 668 518 750 945 359 1022 791
173 632 563 913 405 671 347 1380 894 1117 990 578 289 390 960 0 970 578 397 751 850 431 362 697 915 987 857 912 948 206 1252 452 540 629 621 837 715 129 741 101 173 885 946 632 357 659 383 741 733 365 668 958 209 1167 338 869 689 495 982 481 378 872 399 790 917 343 395 1183 110 538
997 707 719 538 1021 345 763 994 509 731 386 582 905 806 571 970 0 747 956 547 198 801 978 498 76 437 253 309 77 823 866 673 761 417 569 449 566 953 292 1024 997 497 489 426 773 537 999 509 460 982 1591 354 826 781 754 126 1611 651 408 702 937 129 1321 395 75 759 955 796 1032 800
606 77 453 690 551 448 384 1158 671 894 767 207 435 216 737 578 747 0 249 528 628 179 508 688 692 818 634 689 725 444 1029 294 382 406 613 615 492 561 519 632 605 662 869 409 394 651 528 518 725 603 1199 735 447 944 279 646 1219 122 789 323 262 649 929 776 694 381 248 960 640 86
425 272 566 900 370 657 334 1367 881 1104 977 417 254 164 947 397 956 249 0 738 837 187 327 700 902 990 843 899 934 273 1239 439 527 616 624 824 702 380 728 451 424 872 949 619 343 663 347 727 737 432 1018 945 275 1154 227 856 1038 332 985 467 61 859 748 793 903 330 47 1170 459 179
779 488 613 174 802 303 544 699 213 436 623 363 686 587 398 751 547 528 738 0 446 582 759 734 492 673 489 545 525 604 571 454 542 262 772 276 60 734 318 805 778 324 725 265 554 773 780 55 696 763 1372 591 607 486 535 446 1392 432 644 483 719 449 1102 631 494 541 736 502 813 581
878 588 556 437 902 244 644 893 409 630 224 463 786 687 471 850 198 628 837 446 0 682 859 335 143 274 91 146 176 704 765 554 635 255 407 348 447 833 191 904 878 396 326 264 653 374 880 409 297 863 1471 192 706 680 634 97 1492 532 245 582 818 100 1202 232 145 640 835 695 913 681
458 233 443 745 403 502 238 1212 726 949 821 261 287 69 792 431 801 179 187 582 682 0 360 605 746 872 688 744 779 298 1084 284 372 460 529 669 546 413 573 484 458 717 853 463 248 567 381 572 641 457 1051 790 301 999 132 701 1072 176 843 312 168 704 782 698 748 235 185 1014 493 199
390 561 587 922 120 679 356 1389 903 1126 998 587 131 337 969 362 978 508 327 759 859 360 0 722 923 1012 865 920 956 238 1261 460 548 637 646 846 723 345 750 416 389 894 971 640 365 684 98 749 758 397 983 966 240 1176 346 878 1003 503 1007 489 308 881 713 815 925 352 325 1191 424 468
725 743 252 737 765 544 395 1193 709 930 404 675 649 550 771 697 498 688 700 734 335 605 722 0 443 447 341 397 476 533 1065 427 330 505 216 648 698 680 492 751 724 696 406 515 384 120 743 709 194 626 1318 409 530 980 497 398 1338 592 426 398 681 400 1048 250 445 398 698 995 759 712
943 652 664 483 966 290 708 939 455 676 332 527 850 751 517 915 76 692 902 492 143 746 923 443 0 382 198 254 54 768 811 618 706 362 514 394 512 898 238 969 942 442 434 371 718 482 944 455 405 927 1536 300 771 726 699 72 1556 596 353 647 883 75 1266 340 28 705 900 741 977 745
1015 777 542 676 1055 483 685 1132 648 869 153 653 939 840 710 987 437 818 990 673 274 872 1012 447 382 0 249 201 415 823 1004 717 620 445 506 587 637 970 431 1041 1014 635 109 454 674 360 1033 648 349 916 1608 158 820 919 787 337 1628 722 81 688 971 340 1338 352 384 688 988 935 1049 871
884 594 562 492 908 299 650 948 464 685 172 469 792 693 526 857 253 634 843 489 91 688 865 341 198 249 0 125 231 710 820 560 641 261 413 403 453 840 247 911 884 451 301 270 659 381 886 464 303 869 1477 133 712 735 641 153 1498 538 220 588 824 156 1208 238 200 646 842 751 919 687
940 649 618 548 964 354 705 1004 519 740 124 524 847 748 581 912 309 689 899 545 146 744 920 397 254 201 125 0 287 765 876 615 696 316 468 459 509 895 302 966 939 507 252 325 715 436 941 519 359 924 1533 85 768 790 696 208 1553 593 172 644 880 211 1263 294 255 702 897 806 974 742
975 685 697 516 999 323 741 972 487 709 364 560 883 784 549 948 77 725 934 525 176 779 956 476 54 415 231 287 0 801 844 651 739 395 547 427 544 931 270 1002 975 475 467 404 751 515 977 487 438 960 1569 332 804 759 732 104 1589 629 386 680 915 107 1299 373 53 737 933 774 1010 778
234 499 399 766 281 524 200 1234 747 970 843 431 165 243 813 206 823 444 273 604 704 298 238 533 768 823 710 765 801 0 1105 305 393 482 457 691 568 189 595 260 233 738 782 485 210 495 258 594 569 201 827 811 62 1020 191 723 847 348 818 334 254 725 557 626 770 197 271 1036 268 406
1280 989 1115 550 1304 629 1046 167 388 219 954 865 1188 1089 428 1252 866 1029 1239 571 765 1084 1261 1065 811 1004 820 876 844 1105 0 955 1043 763 1136 455 616 1235 637 1306 1280 413 1056 766 1055 1104 1281 590 1027 1265 1873 922 1108 110 1036 765 1894 934 975 984 1220 768 1604 962 813 1042 1237 157 1315 1083
480 349 192 616 503 374 245 1084 597 820 693 281 387 288 663 452 673 294 439 454 554 284 460 427 618 717 560 615 651 305 955 0 121 332 351 541 418 435 445 506 479 588 676 335 255 389 481 444 463 464 1073 661 308 870 236 572 1093 198 712 102 420 575 803 520 620 242 437 886 514 358
568 436 96 704 591 462 333 1172 685 908 704 369 475 376 751 540 761 382 527 542 635 372 548 330 706 620 641 696 739 393 1043 121 0 420 255 629 506 523 533 594 567 676 579 423 328 293 569 532 367 552 1161 708 396 958 324 660 1181 286 616 92 508 663 891 423 708 330 525 974 602 446
657 366 491 424 680 181 422 891 405 628 394 241 564 465 471 629 417 406 616 262 255 460 637 505 362 445 261 316 395 482 763 332 420 0 577 348 226 612 252 683 656 396 496 62 432 545 658 251 467 641 1250 362 485 678 413 317 1270 310 416 361 597 320 980 403 364 419 614 694 691 459
649 667 176 808 689 615 319 1264 780 1001 475 600 573 474 842 621 569 613 624 772 407 529 646 216 514 506 413 468 547 457 1136 351 255 577 0 719 736 604 563 675 649 767 465 586 308 179 667 762 253 550 1242 480 454 1051 422 469 1263 516 497 322 605 472 973 309 516 323 623 1067 684 637
865 575 700 267 889 212 631 583 239 320 537 450 773 674 161 837 449 615 824 276 348 669 846 648 394 587 403 459 427 691 455 541 629 348 719 0 320 820 221 891 865 86 639 351 640 687 867 239 610 850 1458 505 693 370 622 349 1479 519 558 569 805 351 1189 545 396 627 822 386 900 668
743 452 577 219 766 267 508 744 257 480 587 327 650 551 443 715 566 492 702 60 447 546 723 698 512 637 453 509 544 568 616 418 506 226 736 320 0 698 338 769 742 368 689 229 518 737 744 100 660 727 1336 555 571 530 499 466 1356 396 608 447 683 469 1066 595 513 505 700 546 777 545
103 614 546 896 388 654 330 1363 877 1100 973 561 272 373 943 129 953 561 380 734 833 413 345 680 898 970 840 895 931 189 1235 435 523 612 604 820 698 0 724 183 102 868 929 615 340 642 366 723 716 348 749 941 192 1150 321 852 770 478 965 464 361 855 480 773 900 326 378 1166 191 521
769 479 604 310 793 116 535 766 281 502 380 354 677 578 343 741 292 519 728 318 191 573 750 492 238 431 247 302 270 595 637 445 533 252 563 221 338 724 0 795 769 268 482 255 544 531 771 281 453 754 1362 348 597 552 525 192 1383 423 402 473 709 195 1093 389 239 531 726 568 804 572
689 1147 1078 1429 921 1186 863 1896 1410 1633 1506 1094 805 906 1476 563 1485 1094 913 1266 1366 946 878 1213 1431 1503 1372 1428 1463 722 1768 968 1056 1145 1137 1353 1230 644 1257 0 689 1401 1461 1148 872 1175 898 1256 1249 881 1115 1474 724 1683 853 1385 1135 1011 1498 996 894 1388 845 1305 1432 859 911 1699 577 1054
38 659 590 940 432 698 374 1408 921 1145 1017 605 316 417 987 173 997 605 424 778 878 458 389 724 942 1014 884 939 975 233 1280 479 567 656 649 865 742 102 769 227 0 913 973 659 384 687 410 768 761 392 794 985 236 1195 365 897 814 522 1009 508 405 900 524 817 944 371 423 1210 235 566
913 622 748 315 937 260 679 542 286 278 585 498 821 722 119 885 497 662 872 324 396 717 894 696 442 635 451 507 475 738 413 588 676 396 767 86 368 868 268 939 913 0 687 399 688 735 914 287 658 898 1506 553 741 328 669 396 1527 567 606 617 853 399 1237 593 444 675 870 344 948 716
973 829 501 728 1014 535 643 1184 699 921 205 705 898 799 762 946 489 869 949 725 326 853 971 406 434 109 301 252 467 782 1056 676 579 496 465 639 689 929 482 1000 973 687 0 505 633 319 991 700 308 875 1567 210 779 971 746 388 1587 773 104 647 930 391 1297 364 436 647 947 986 1008 923
660 369 494 427 683 184 425 894 408 631 403 244 567 468 474 632 426 409 619 265 264 463 640 515 371 454 270 325 404 485 766 335 423 62 586 351 229 615 255 686 659 399 505 0 435 554 661 254 476 644 1253 371 488 681 416 326 1273 313 425 364 600 329 983 412 373 422 617 697 694 462
384 448 249 716 408 474 121 1183 697 920 757 381 292 193 763 357 773 394 343 554 653 248 365 384 718 674 659 715 751 210 1055 255 328 432 308 640 518 340 544 411 384 688 633 435 0 346 386 543 420 369 977 761 212 970 141 672 998 298 669 284 324 675 708 477 720 117 342 986 419 356
687 705 214 776 727 583 357 1232 748 969 443 638 611 512 810 659 537 651 663 773 374 567 684 120 482 360 381 436 515 495 1104 389 293 545 179 687 737 642 531 713 687 735 319 554 346 0 705 748 107 589 1280 448 493 1019 460 437 1301 555 355 361 644 440 1011 163 484 361 661 1035 722 675
410 582 608 942 61 700 376 1410 923 1146 1019 607 152 358 989 383 999 528 347 780 880 381 98 743 944 1033 886 941 977 258 1281 481 569 658 667 867 744 366 771 437 410 914 991 661 386 705 0 770 779 417 1004 987 261 1196 367 898 1024 524 1028 510 328 901 734 835 946 373 346 1212 445 489
768 478 603 193 792 273 534 718 232 455 597 353 676 577 361 741 509 518 727 55 409 572 749 709 455 648 464 519 487 594 590 444 532 251 762 239 100 723 281 794 768 287 700 254 543 748 770 0 671 753 1361 565 596 505 525 409 1382 422 619 472 708 412 1092 606 456 530 726 521 803 571
761 779 288 699 801 506 431 1155 670 892 366 676 685 586 733 733 460 725 737 696 297 641 758 194 405 349 303 359 438 569 1027 463 367 467 253 610 660 716 453 787 761 658 308 476 420 107 779 671 0 663 1354 371 566 942 534 359 1375 629 344 435 718 362 1085 85 407 435 735 957 796 749
393 658 492 925 440 683 359 1393 906 1129 999 590 324 402 972 365 982 603 432 763 863 457 397 626 927 916 869 924 960 201 1265 464 552 641 550 850 727 348 754 419 392 898 875 644 369 589 417 753 663 0 986 970 198 1179 350 882 1006 507 911 493 413 885 716 719 929 356 430 1195 427 565
521 979 910 1260 752 1018 694 1728 1241 1465 1337 925 636 737 1307 395 1317 925 744 1098 1198 778 709 1044 1262 1334 1204 1259 1295 553 1600 799 887 976 969 1185 1062 476 1089 400 520 1233 1293 979 704 1007 730 1088 1081 712 0 1305 556 1515 685 1217 81 842 1329 828 725 1220 205 1137 1264 691 742 1530 409 886
986 695 630 594 1009 400 751 1050 565 786 81 570 893 794 627 958 354 735 945 591 192 790 966 409 300 158 133 85 332 811 922 661 708 362 480 505 555 941 348 1012 985 553 210 371 761 448 987 565 371 970 1579 0 814 836 742 254 1599 639 129 690 926 257 1309 306 301 748 943 852 1020 788
236 501 396 769 283 526 203 1236 750 973 846 434 167 246 816 209 826 447 275 607 706 301 240 530 771 820 712 768 804 62 1108 308 396 485 454 693 571 192 597 263 236 741 779 488 212 493 261 596 566 198 829 814 0 1023 194 725 850 351 815 337 256 728 560 623 772 199 274 1039 271 409
1195 904 1030 465 1219 544 961 239 303 134 868 780 1103 1004 343 1167 781 944 1154 486 680 999 1176 980 726 919 735 790 759 1020 110 870 958 678 1051 370 530 1150 552 1221 1195 328 971 681 970 1019 1196 505 942 1179 1788 836 1023 0 951 680 1809 848 890 899 1135 683 1518 877 728 957 1152 72 1230 998
365 333 363 697 389 455 131 1164 678 901 774 362 273 109 744 338 754 279 227 535 634 132 346 497 699 787 641 696 732 191 1036 236 324 413 422 622 499 321 525 392 365 669 746 416 141 460 367 525 534 350 959 742 194 951 0 653 979 277 783 265 208 656 689 590 701 127 225 967 400 240
897 606 618 438 921 244 663 894 409 630 286 482 805 706 471 869 126 646 856 446 97 701 878 398 72 337 153 208 104 723 765 572 660 317 469 349 466 852 192 923 897 396 388 326 672 437 898 409 359 882 1490 254 725 680 653 0 1511 551 308 601 837 40 1221 295 73 659 854 696 932 700
519 977 908 1259 751 1016 693 1726 1240 1463 1336 924 635 736 1306 393 1315 924 743 1097 1196 776 708 1043 1261 1333 1202 1258 1293 552 1598 798 886 975 967 1183 1061 474 1087 399 519 1231 1292 978 702 1005 729 1086 1079 711 507 1304 554 1513 684 1215 0 841 1328 826 724 1218 203 1136 1262 689 741 1529 407 884
523 176 357 594 546 352 288 1062 575 798 671 204 430 214 641 495 651 122 332 432 532 176 503 592 596 722 538 593 629 348 934 198 286 310 516 519 396 478 423 549 522 567 773 313 298 555 524 422 629 507 1116 639 351 848 277 551 1136 0 693 227 313 553 846 680 598 285 330 864 557 186
1010 749 537 647 1050 454 680 1103 619 840 124 624 934 835 681 982 408 789 985 644 245 843 1007 426 353 81 220 172 386 818 975 712 616 416 497 558 608 965 402 1036 1009 606 104 425 669 355 1028 619 344 911 1603 129 815 890 783 308 1623 693 0 683 966 311 1333 323 355 683 983 906 1044 842
508 377 163 645 532 402 274 1112 626 849 722 310 416 317 692 481 702 323 467 483 582 312 489 398 647 688 588 644 680 334 984 102 92 361 322 569 447 464 473 535 508 617 647 364 284 361 510 472 435 493 1102 690 337 899 265 601 1122 227 683 0 448 604 832 491 648 270 466 915 543 386
406 285 547 881 351 638 315 1348 862 1085 958 398 235 145 928 378 937 262 61 719 818 168 308 681 883 971 824 880 915 254 1220 420 508 597 605 805 683 361 709 432 405 853 930 600 324 644 328 708 718 413 999 926 256 1135 208 837 1019 313 966 448 0 840 729 774 884 311 60 1151 440 192
900 609 621 441 924 247 666 896 412 633 289 485 808 709 474 872 129 649 859 449 100 704 881 400 75 340 156 211 107 725 768 575 663 320 472 351 469 855 195 926 900 399 391 329 675 440 901 412 362 885 1493 257 728 683 656 40 1514 553 311 604 840 0 1224 298 76 662 857 699 935 703
362 820 751 1102 594 859 536 1569 1083 1306 1179 767 478 579 1149 236 1158 767 586 940 1039 619 551 886 1104 1176 1045 1101 1136 395 1441 641 729 818 810 1026 903 317 930 242 362 1074 1134 821 545 848 571 929 922 554 508 1147 397 1356 526 1058 529 684 1171 669 567 1061 0 979 1105 532 584 1372 250 727
818 735 345 634 858 441 487 1090 606 827 301 611 742 643 668 790 395 776 793 631 232 698 815 250 340 352 238 294 373 626 962 520 423 403 309 545 595 773 389 844 817 593 364 412 477 163 835 606 85 719 1411 306 623 877 590 295 1431 680 323 491 774 298 1141 0 342 491 791 893 852 805
944 654 666 485 968 291 710 941 456 678 333 529 852 753 518 917 75 694 903 494 145 748 925 445 28 384 200 255 53 770 813 620 708 364 516 396 513 900 239 971 944 444 436 373 720 484 946 456 407 929 1537 301 772 728 701 73 1558 598 355 648 884 76 1268 342 0 706 902 743 979 747
371 435 264 703 395 460 107 1170 684 907 771 368 279 180 750 343 759 381 330 541 640 235 352 398 705 688 646 702 737 197 1042 242 330 419 323 627 505 326 531 397 371 675 647 422 117 361 373 530 435 356 964 748 199 957 127 659 985 285 683 270 311 662 695 491 706 0 328 973 406 342
423 271 564 898 368 656 332 1365 879 1102 975 415 252 162 945 395 955 248 47 736 835 185 325 698 900 988 842 897 933 271 1237 437 525 614 623 822 700 378 726 449 423 870 947 617 342 661 346 726 735 430 1016 943 274 1152 225 854 1036 330 983 466 60 857 746 791 902 328 0 1168 458 178
1211 920 1045 481 1234 560 976 285 319 150 884 795 1118 1019 359 1183 796 960 1170 502 695 1014 1191 995 741 935 751 806 774 1036 157 886 974 694 1067 386 546 1166 568 1237 1210 344 986 697 986 1035 1212 521 957 1195 1804 852 1039 72 967 696 1824 864 906 915 1151 699 1534 893 743 973 1168 0 1245 1013
663 1122 1053 1403 895 1161 837 1871 1384 1607 1480 1068 779 880 1450 537 1460 1068 887 1241 1341 921 852 1187 1405 1477 1347 1402 1438 696 1742 942 1030 1119 1111 1328 1205 619 1232 543 663 1375 1436 1122 847 1150 873 1231 1224 855 1089 1448 699 1657 828 1359 1110 985 1472 971 868 1362 819 1280 1407 834 885 1673 0 1028
566 110 517 744 511 501 346 1211 725 948 820 260 395 176 791 538 800 86 179 581 681 199 468 712 745 871 687 742 778 406 1083 358 446 459 637 668 545 521 572 592 566 716 923 462 356 675 489 571 749 565 1159 788 409 998 240 700 1180 186 842 386 192 703 890 805 747 342 178 1013 601 0
EOF