NAME : tsp_problem
TYPE : TSP
DIMENSION : 26
EDGE_WEIGHT_TYPE : EXPLICIT
EDGE_WEIGHT_FORMAT : FULL_MATRIX
EDGE_WEIGHT_SECTION
0 786 1009 359 995 1090 611 831 1433 1159 1707 1150 752 610 852 585 1111 735 567 965 947 988 1035 657 387 1011
786 0 1238 457 1212 1319 840 1060 1662 1388 1936 1379 969 828 110 803 1340 964 261 1182 1176 1217 1264 224 673 1240
1009 1238 0 811 531 141 566 351 484 349 758 340 828 769 1304 767 301 385 1019 561 484 282 225 1109 643 75
359 457 811 0 787 892 413 633 1235 961 1509 951 544 402 523 377 912 536 238 757 748 790 837 328 246 813
995 1212 531 787 0 613 588 500 955 698 1229 688 412 415 1278 439 649 471 993 70 162 526 573 1083 729 533
1090 1319 141 892 613 0 647 433 497 431 771 421 910 850 1385 848 382 467 1100 643 565 364 306 1190 724 131
611 840 566 413 588 647 0 388 990 716 1264 706 345 249 906 273 667 292 621 558 503 545 592 711 245 568
831 1060 351 633 500 433 388 0 775 501 1049 492 687 591 1126 588 453 207 841 529 354 181 377 931 465 354
1281 1510 331 1082 803 344 837 623 0 621 514 612 1100 1041 1575 1038 573 657 1291 833 756 554 497 1381 915 321
1159 1388 349 961 698 431 716 501 774 0 1047 117 995 919 1454 917 158 535 1169 728 650 354 318 1259 793 352
1434 1663 484 1235 956 497 990 776 201 774 0 765 1253 1193 1728 1191 725 810 1444 986 908 707 650 1534 1068 474
1150 1379 340 951 688 421 706 492 764 117 1038 0 986 910 1444 907 148 526 1160 718 641 344 309 1250 784 342
752 969 828 544 412 910 345 687 1253 995 1526 986 0 172 1035 196 946 591 750 411 459 824 871 840 545 831
610 828 769 402 415 850 249 591 1193 919 1467 910 172 0 893 55 870 495 609 385 550 748 795 699 448 771
852 110 1304 523 1278 1385 906 1126 1728 1454 2002 1444 1035 893 0 868 1405 1029 327 1248 1241 1283 1330 289 739 1306
585 803 767 377 439 848 273 588 1191 917 1465 907 196 55 868 0 868 492 584 409 574 745 792 674 446 769
1111 1340 301 912 649 382 667 453 725 158 999 148 946 870 1405 868 0 487 1121 679 602 305 270 1211 745 303
735 964 385 536 471 467 292 207 809 535 1083 526 591 495 1029 492 487 0 745 501 323 280 411 835 369 387
567 261 1019 238 993 1100 621 841 1443 1169 1717 1160 750 609 327 584 1121 745 0 963 957 998 1045 132 454 1021
965 1182 561 757 70 643 558 529 985 728 1259 718 411 385 1248 409 679 501 963 0 192 556 603 1053 758 563
947 1176 484 748 162 565 503 354 908 650 1182 641 459 550 1241 574 602 323 957 192 0 479 526 1047 581 486
988 1217 282 790 526 364 545 181 707 354 980 344 824 748 1283 745 305 280 998 556 479 0 251 1088 622 285
1035 1264 225 837 573 306 592 377 649 318 923 309 871 795 1330 792 270 411 1045 603 526 251 0 1135 669 227
657 224 1109 328 1083 1190 711 931 1533 1259 1807 1250 840 699 289 674 1211 835 132 1053 1047 1088 1135 0 544 1111
387 673 643 246 729 724 245 465 1067 793 1341 784 545 448 739 446 745 369 454 758 581 622 669 544 0 645
1011 1240 75 813 533 131 568 354 474 352 748 342 831 771 1306 769 303 387 1021 563 486 285 227 1111 645 0
EOF