NAME : tsp_problem
TYPE : TSP
DIMENSION : 20
EDGE_WEIGHT_TYPE : EXPLICIT
EDGE_WEIGHT_FORMAT : FULL_MATRIX
EDGE_WEIGHT_SECTION
0 649 539 182 830 842 538 339 225 446 828 577 587 292 660 502 798 315 1259 1367
649 0 257 665 300 341 256 822 685 488 230 129 274 752 295 419 363 798 738 846
539 257 0 556 328 369 51 712 575 516 369 185 195 642 268 310 391 688 867 975
182 665 556 0 846 888 554 201 219 606 844 593 603 286 676 505 909 177 1275 1383
830 300 328 846 0 71 326 1003 866 418 271 377 485 933 543 600 126 979 987 1095
842 341 369 888 71 0 367 1044 907 423 313 419 527 974 585 642 109 1020 1028 1136
538 256 51 554 326 367 0 711 574 514 367 184 194 641 267 308 389 687 865 973
743 1226 1117 605 1407 1449 1115 0 780 1167 1405 1154 1164 847 1237 1066 1470 539 1836 1944
225 685 575 219 866 907 574 376 0 643 864 613 623 227 696 319 929 352 1295 1403
446 488 516 606 418 423 514 763 643 0 459 565 673 709 731 679 411 739 1174 1282
828 230 369 844 271 313 367 1001 864 459 0 307 453 931 474 598 334 977 917 1025
577 129 185 593 377 419 184 750 613 565 307 0 233 680 297 347 440 726 740 848
587 274 195 603 485 527 194 760 623 673 453 233 0 690 124 357 549 736 723 831
292 752 642 286 933 974 641 443 227 709 931 680 690 0 763 513 996 419 1362 1470
660 295 268 676 543 585 267 833 696 731 474 297 124 763 0 430 607 809 682 790
502 419 310 505 600 642 308 662 319 679 598 347 357 513 430 0 663 638 1029 1137
798 363 391 909 126 109 389 1066 929 411 334 440 549 996 607 663 0 1042 1050 1158
776 1259 1150 638 1440 1482 1148 595 813 1200 1438 1187 1197 880 1270 1099 1503 0 1869 1977
1259 738 867 1275 987 1028 865 1432 1295 1174 917 740 723 1362 682 1029 1050 1408 0 403
1367 846 975 1383 1095 1136 973 1540 1403 1282 1025 848 831 1470 790 1137 1158 1516 403 0
EOF