NAME : tsp_problem
TYPE : TSP
DIMENSION : 37
EDGE_WEIGHT_TYPE : EXPLICIT
EDGE_WEIGHT_FORMAT : FULL_MATRIX
EDGE_WEIGHT_SECTION
0 1070 176 178 1187 412 374 267 346 608 744 394 353 812 824 442 1076 350 632 354 821 558 343 607 357 438 101 520 353 674 1154 116 855 324 378 609 292
1070 0 1181 933 200 1184 1160 1111 1132 578 377 822 1139 781 860 1228 84 1214 968 1140 858 1134 1129 576 1222 1224 1117 605 1139 950 162 1002 824 1189 1243 578 933
176 1181 0 298 1297 415 369 263 341 719 855 504 348 923 934 438 1186 345 753 349 931 679 338 717 352 433 96 630 348 796 1264 238 965 320 373 719 280
178 933 298 0 1050 534 498 391 470 471 607 256 477 675 686 566 939 474 692 478 683 485 467 469 481 562 225 382 477 734 1016 109 717 448 502 471 155
1187 200 1297 1050 0 1300 1277 1227 1249 694 494 939 1256 898 977 1345 206 1331 1085 1257 974 1251 1246 692 1339 1341 1234 722 1256 1067 143 1118 941 1306 1359 695 1050
412 1184 415 534 1300 0 300 275 273 722 858 576 279 925 937 369 1189 378 645 280 934 608 269 720 386 365 337 633 279 688 1267 473 968 353 407 722 649
374 1160 369 498 1277 300 0 228 85 698 834 552 92 902 913 133 1166 332 705 93 910 647 82 696 340 134 291 610 92 747 1243 436 944 307 360 698 612
267 1111 263 391 1227 275 228 0 201 649 785 503 207 853 864 297 1116 226 672 208 861 598 197 647 233 293 185 560 207 714 1194 330 895 200 254 649 505
346 1132 341 470 1249 273 85 201 0 670 806 524 64 874 885 154 1138 304 677 65 883 619 54 668 312 149 263 582 64 719 1215 408 916 279 333 671 584
608 578 719 471 694 722 698 649 670 0 250 360 677 285 364 766 583 752 472 678 361 672 667 79 760 762 655 141 677 454 661 540 327 727 781 82 471
744 377 855 607 494 858 834 785 806 250 0 496 813 453 532 902 383 888 640 814 530 808 803 248 896 898 791 277 813 622 460 676 496 863 917 250 607
394 822 504 256 939 576 552 503 524 360 496 0 531 564 576 621 828 607 683 532 573 527 521 359 614 616 440 272 531 665 906 324 607 581 635 361 256
353 1139 348 477 1256 279 92 207 64 677 813 531 0 881 892 160 1145 311 684 72 889 626 61 675 318 156 270 588 71 726 1222 415 923 286 339 677 591
812 781 923 675 898 925 902 853 874 285 453 564 881 0 318 970 787 956 425 882 315 832 871 283 964 966 859 345 881 408 865 743 99 931 985 285 675
824 860 934 686 977 937 913 864 885 364 532 576 892 318 0 982 866 968 394 893 36 800 882 362 975 977 870 424 892 376 944 755 360 942 996 364 687
442 1228 438 566 1345 369 133 297 154 766 902 621 160 970 982 0 1234 400 773 161 979 716 150 765 408 202 360 678 160 816 1312 505 1013 375 429 767 680
1076 84 1186 939 206 1189 1166 1116 1138 583 383 828 1145 787 866 1234 0 1220 974 1146 863 1140 1135 581 1228 1230 1123 611 1145 956 168 1007 830 1195 1248 584 939
350 1214 345 474 1331 378 332 226 304 752 888 607 311 956 968 400 1220 0 776 312 965 702 301 750 53 396 267 664 311 818 1298 412 999 111 74 753 587
632 968 753 692 1085 645 705 672 677 472 640 683 684 425 394 773 974 776 0 685 391 440 674 470 783 769 678 531 684 412 1051 693 468 750 804 472 794
354 1140 349 478 1257 280 93 208 65 678 814 532 72 882 893 161 1146 312 685 0 890 627 62 676 320 157 271 589 72 727 1223 416 924 287 340 678 592
821 858 931 683 974 934 910 861 883 361 530 573 889 315 36 979 863 965 391 890 0 797 879 359 972 975 867 421 889 373 941 752 357 940 993 362 684
558 1134 679 485 1251 608 647 598 619 672 808 527 626 832 800 716 1140 702 440 627 797 0 616 670 709 711 604 584 626 483 1218 489 874 676 730 673 600
343 1129 338 467 1246 269 82 197 54 667 803 521 61 871 882 150 1135 301 674 62 879 616 0 665 308 146 260 578 61 716 1212 405 913 276 329 667 580
607 576 717 469 692 720 696 647 668 79 248 359 675 283 362 765 581 750 470 676 359 670 665 0 758 760 653 139 675 452 659 538 326 725 779 80 469
357 1222 352 481 1339 386 340 233 312 760 896 614 318 964 975 408 1228 53 783 320 972 709 308 758 0 404 274 671 319 825 1305 419 1006 118 82 760 595
438 1224 433 562 1341 365 134 293 149 762 898 616 156 966 977 202 1230 396 769 157 975 711 146 760 404 0 355 674 156 811 1307 500 1008 371 425 763 676
101 1117 96 225 1234 337 291 185 263 655 791 440 270 859 870 360 1123 267 678 271 867 604 260 653 274 355 0 567 270 721 1200 163 901 242 295 655 339
520 605 630 382 722 633 610 560 582 141 277 272 588 345 424 678 611 664 531 589 421 584 578 139 671 674 567 0 588 513 688 451 387 639 692 141 383
353 1139 348 477 1256 279 92 207 64 677 813 531 71 881 892 160 1145 311 684 72 889 626 61 675 319 156 270 588 0 726 1222 415 923 286 339 677 591
674 950 796 734 1067 688 747 714 719 454 622 665 726 408 376 816 956 818 412 727 373 483 716 452 825 811 721 513 726 0 1033 735 450 793 846 454 776
1154 162 1264 1016 143 1267 1243 1194 1215 661 460 906 1222 865 944 1312 168 1298 1051 1223 941 1218 1212 659 1305 1307 1200 688 1222 1033 0 1085 907 1272 1326 661 1017
116 1002 238 109 1118 473 436 330 408 540 676 324 415 743 755 505 1007 412 693 416 752 489 405 538 419 500 163 451 415 735 1085 0 786 387 440 540 224
855 824 965 717 941 968 944 895 916 327 496 607 923 99 360 1013 830 999 468 924 357 874 913 326 1006 1008 901 387 923 450 907 786 0 973 1027 328 718
324 1189 320 448 1306 353 307 200 279 727 863 581 286 931 942 375 1195 111 750 287 940 676 276 725 118 371 242 639 286 793 1272 387 973 0 139 728 562
378 1243 373 502 1359 407 360 254 333 781 917 635 339 985 996 429 1248 74 804 340 993 730 329 779 82 425 295 692 339 846 1326 440 1027 139 0 781 616
609 578 719 471 695 722 698 649 671 82 250 361 677 285 364 767 584 753 472 678 362 673 667 80 760 763 655 141 677 454 661 540 328 728 781 0 472
292 933 280 155 1050 649 612 505 584 471 607 256 591 675 687 680 939 587 794 592 684 600 580 469 595 676 339 383 591 776 1017 224 718 562 616 472 0
EOF
