NAME : tsp_problem
TYPE : TSP
DIMENSION : 46
EDGE_WEIGHT_TYPE : EXPLICIT
EDGE_WEIGHT_FORMAT : FULL_MATRIX
EDGE_WEIGHT_SECTION
0 1048 126 1050 586 938 1096 777 848 961 260 856 848 557 909 1294 1217 1044 1112 740 287 1238 817 1105 433 1094 1096 690 1194 737 1205 264 978 781 953 892 1370 1252 666 1022 1215 952 284 934 749 937
1048 0 1088 41 625 340 583 533 683 536 828 424 493 563 708 682 704 531 583 577 856 726 502 592 1395 413 583 387 681 1048 692 1226 136 355 440 466 758 639 423 500 685 526 853 335 1060 362
126 1088 0 1090 627 978 1136 817 888 1002 300 896 888 598 949 1334 1257 1085 1153 781 328 1279 857 1145 342 1135 1136 730 1234 777 1245 173 1019 821 993 932 1411 1292 707 1063 1255 992 325 974 789 978
1050 41 1090 0 627 342 585 536 685 538 831 426 496 566 710 684 706 534 585 579 858 728 504 594 1397 415 585 389 683 1050 694 1228 138 358 442 469 760 642 425 502 688 529 855 338 1062 364
586 625 627 627 0 515 559 354 312 539 367 319 425 135 372 758 680 508 576 204 394 702 281 568 934 558 559 267 657 586 668 765 556 358 417 469 834 715 244 486 678 529 391 511 598 515
938 340 978 342 515 0 720 424 711 264 719 560 384 454 772 818 841 668 720 604 746 862 639 729 1285 550 720 277 818 938 829 1116 437 246 577 357 895 776 313 637 822 254 743 63 950 229
1096 583 1136 585 559 720 0 866 474 917 879 337 869 646 498 402 246 259 198 438 906 267 363 190 1443 203 125 763 223 1084 234 1274 680 802 239 913 479 360 755 131 301 907 903 716 1096 742
777 533 817 536 354 424 866 0 618 447 558 626 334 293 679 1064 987 814 882 510 585 1009 587 875 1124 864 866 176 964 777 975 956 464 266 723 377 1140 1022 152 792 985 437 582 419 789 423
848 683 888 685 312 711 474 618 0 735 631 304 622 398 114 743 574 250 548 160 658 595 237 310 1195 543 386 515 551 837 562 1027 752 554 373 665 819 700 507 471 650 725 655 707 848 711
961 536 1002 538 539 264 917 447 735 0 742 743 234 477 795 1016 1038 866 917 627 769 1060 704 926 1309 747 917 300 1015 961 1026 1140 467 269 774 190 1092 974 336 834 1020 75 766 260 973 426
260 828 300 831 367 719 879 558 631 742 0 639 629 338 691 1077 1000 827 895 523 68 1021 600 888 607 877 879 471 977 651 988 439 759 561 736 672 1153 1034 447 805 997 732 65 715 663 718
856 424 896 426 319 560 337 626 304 743 639 0 629 406 329 535 458 285 353 198 666 480 123 346 1203 336 337 523 435 844 446 1034 521 562 194 673 612 493 515 264 456 733 663 556 856 583
848 493 888 496 425 384 869 334 622 234 629 629 0 364 682 1068 990 818 886 514 656 1012 591 878 1195 867 870 187 968 848 978 1027 424 226 727 138 1144 1025 223 796 988 224 653 380 860 383
557 563 598 566 135 454 646 293 398 477 338 406 364 0 459 844 767 594 662 290 365 789 367 655 904 645 646 206 744 557 755 736 494 296 503 407 921 802 182 573 765 467 362 450 569 453
909 708 949 710 372 772 498 679 114 795 691 329 682 459 0 767 598 274 572 220 719 619 261 334 1256 568 410 575 575 897 586 1087 805 615 397 726 844 725 568 496 674 786 716 768 909 771
1294 682 1334 684 758 818 402 1064 743 1016 1077 535 1068 844 767 0 523 529 396 637 1104 545 561 468 1641 295 403 961 501 1282 512 1473 779 997 437 1108 151 84 953 313 498 1006 1101 814 1294 840
1217 704 1257 706 680 841 246 987 574 1038 1000 458 990 767 598 523 0 358 319 559 1027 72 484 290 1564 324 224 884 60 1205 71 1395 801 923 360 1034 600 481 876 252 422 1028 1024 837 1217 863
1044 531 1085 534 508 668 259 814 250 866 827 285 818 594 274 529 358 0 332 356 854 380 283 95 1392 329 170 711 335 1033 346 1223 629 750 158 861 605 486 704 257 435 856 851 664 1045 690
1112 583 1153 585 576 720 198 882 548 917 895 353 886 662 572 396 319 332 0 455 922 341 380 264 1460 196 198 779 296 1101 307 1291 680 818 256 929 472 353 772 131 152 907 919 716 1113 742
740 577 781 579 204 604 438 510 160 627 523 198 514 290 220 637 559 356 455 0 550 581 160 417 1088 437 439 407 537 729 548 919 644 446 296 557 713 594 400 365 557 617 547 600 741 603
287 856 328 858 394 746 906 585 658 769 68 666 656 365 719 1104 1027 854 922 550 0 1048 627 915 635 904 906 498 1004 678 1015 466 786 589 763 700 1180 1062 474 832 1025 759 51 742 690 745
1238 726 1279 728 702 862 267 1009 595 1060 1021 480 1012 789 619 545 72 380 341 581 1048 0 506 311 1586 346 246 905 82 1227 93 1417 823 944 382 1055 622 503 898 274 443 1050 1045 858 1239 884
817 502 857 504 281 639 363 587 237 704 600 123 591 367 261 561 484 283 380 160 627 506 0 344 1164 362 363 484 461 806 472 996 599 523 220 634 638 519 476 290 482 694 624 634 817 661
1105 592 1145 594 568 729 190 875 310 926 888 346 878 655 334 468 290 95 264 417 915 311 344 0 1452 269 102 772 267 1093 278 1283 689 811 219 922 545 426 764 197 366 916 912 725 1105 751
433 1395 342 1397 934 1285 1443 1124 1195 1309 607 1203 1195 904 1256 1641 1564 1392 1460 1088 635 1586 1164 1452 0 1442 1443 1037 1541 636 1552 350 1326 1128 1300 1239 1718 1599 1014 1370 1562 1299 632 1281 1025 1285
1094 413 1135 415 558 550 203 864 543 747 877 336 867 645 568 295 324 329 196 437 904 346 362 269 1442 0 203 760 301 1083 312 1273 510 729 238 840 371 252 754 113 298 737 901 546 1095 572
1096 583 1136 585 559 720 125 866 386 917 879 337 870 646 410 403 224 170 198 439 906 246 363 102 1443 203 0 763 201 1084 212 1275 680 802 239 913 479 360 755 131 301 907 903 716 1096 742
690 387 730 389 267 277 763 176 515 300 471 523 187 206 575 961 884 711 779 407 498 905 484 772 1037 760 763 0 861 690 872 869 317 120 620 231 1037 918 65 689 881 291 495 273 702 276
1194 681 1234 683 657 818 223 964 551 1015 977 435 968 744 575 501 60 335 296 537 1004 82 461 267 1541 301 201 861 0 1182 49 1373 778 900 337 1011 577 458 853 229 399 1005 1001 814 1194 840
737 1048 777 1050 586 938 1084 777 837 961 651 844 848 557 897 1282 1205 1033 1101 729 678 1227 806 1093 636 1083 1084 690 1182 0 1193 915 978 781 942 892 1359 1240 666 1011 1203 952 675 934 514 937
1205 692 1245 694 668 829 234 975 562 1026 988 446 978 755 586 512 71 346 307 548 1015 93 472 278 1552 312 212 872 49 1193 0 1383 789 911 348 1022 588 469 864 240 410 1016 1012 825 1205 851
264 1226 173 1228 765 1116 1274 956 1027 1140 439 1034 1027 736 1087 1473 1395 1223 1291 919 466 1417 996 1283 350 1273 1275 869 1373 915 1383 0 1157 959 1132 1070 1549 1430 845 1201 1393 1130 463 1112 927 1116
978 136 1019 138 556 437 680 464 752 467 759 521 424 494 805 779 801 629 680 644 786 823 599 689 1326 510 680 317 778 978 789 1157 0 286 537 397 855 737 353 597 783 457 783 433 990 302
781 355 821 358 358 246 802 266 554 269 561 562 226 296 615 997 923 750 818 446 589 944 523 811 1128 729 802 120 900 781 911 959 286 0 659 199 1074 955 156 728 921 259 586 242 793 245
953 440 993 442 417 577 239 723 373 774 736 194 727 503 397 437 360 158 256 296 763 382 220 219 1300 238 239 620 337 942 348 1132 537 659 0 770 514 395 612 166 358 765 760 573 953 599
892 466 932 469 469 357 913 377 665 190 672 673 138 407 726 1108 1034 861 929 557 700 1055 634 922 1239 840 913 231 1011 892 1022 1070 397 199 770 0 1185 1066 267 839 1032 180 697 353 904 356
1370 758 1411 760 834 895 479 1140 819 1092 1153 612 1144 921 844 151 600 605 472 713 1180 622 638 545 1718 371 479 1037 577 1359 588 1549 855 1074 514 1185 0 160 1030 389 574 1082 1177 891 1371 917
1252 639 1292 642 715 776 360 1022 700 974 1034 493 1025 802 725 84 481 486 353 594 1062 503 519 426 1599 252 360 918 458 1240 469 1430 737 955 395 1066 160 0 911 270 456 964 1059 772 1252 798
666 423 707 425 244 313 755 152 507 336 447 515 223 182 568 953 876 704 772 400 474 898 476 764 1014 754 755 65 853 666 864 845 353 156 612 267 1030 911 0 682 874 327 471 309 678 312
1022 500 1063 502 486 637 131 792 471 834 805 264 796 573 496 313 252 257 131 365 832 274 290 197 1370 113 131 689 229 1011 240 1201 597 728 166 839 389 270 682 0 233 824 829 633 1023 659
1215 685 1255 688 678 822 301 985 650 1020 997 456 988 765 674 498 422 435 152 557 1025 443 482 366 1562 298 301 881 399 1203 410 1393 783 921 358 1032 574 456 874 233 0 1010 1022 818 1215 844
952 526 992 529 529 254 907 437 725 75 732 733 224 467 786 1006 1028 856 907 617 759 1050 694 916 1299 737 907 291 1005 952 1016 1130 457 259 765 180 1082 964 327 824 1010 0 756 250 964 416
284 853 325 855 391 743 903 582 655 766 65 663 653 362 716 1101 1024 851 919 547 51 1045 624 912 632 901 903 495 1001 675 1012 463 783 586 760 697 1177 1059 471 829 1022 756 0 739 687 742
934 335 974 338 511 63 716 419 707 260 715 556 380 450 768 814 837 664 716 600 742 858 634 725 1281 546 716 273 814 934 825 1112 433 242 573 353 891 772 309 633 818 250 739 0 946 225
749 1060 789 1062 598 950 1096 789 848 973 663 856 860 569 909 1294 1217 1045 1113 741 690 1239 817 1105 1025 1095 1096 702 1194 514 1205 927 990 793 953 904 1371 1252 678 1023 1215 964 687 946 0 949
937 362 978 364 515 229 742 423 711 426 718 583 383 453 771 840 863 690 742 603 745 884 661 751 1285 572 742 276 840 937 851 1116 302 245 599 356 917 798 312 659 844 416 742 225 949 0
EOF
