NAME : tsp_problem
TYPE : TSP
DIMENSION : 30
EDGE_WEIGHT_TYPE : EXPLICIT
EDGE_WEIGHT_FORMAT : FULL_MATRIX
EDGE_WEIGHT_SECTION
0 387 973 1162 240 800 304 949 462 541 996 397 995 523 1015 768 311 936 1279 517 858 909 194 289 485 402 704 827 1326 1415
387 0 960 1149 440 803 127 936 449 527 983 384 981 723 1018 755 220 923 1265 717 861 896 389 197 131 412 691 814 1312 1402
973 960 0 732 1025 386 876 517 575 501 349 639 348 1309 417 262 884 504 848 1303 467 262 975 862 1057 976 476 399 895 985
1162 1149 732 0 1215 860 1066 243 764 690 822 829 821 1498 890 527 1073 268 244 1492 941 736 1164 1051 1247 1165 504 374 188 278
648 848 1434 1623 0 1261 764 1409 923 1001 1456 858 1455 334 1476 1229 772 1397 1739 815 1319 1370 655 750 945 863 1165 1288 1786 1876
800 803 386 860 852 0 720 644 615 561 324 613 327 1136 363 389 727 631 976 1129 374 279 802 705 900 719 572 526 1023 1112
304 127 876 1066 356 720 0 852 365 444 899 300 898 639 935 672 136 839 1182 633 778 813 306 114 224 329 607 730 1229 1318
949 936 517 243 1001 644 852 0 550 477 607 615 606 1284 675 312 860 52 359 1278 725 520 951 837 1033 951 313 236 406 496
462 449 575 764 514 615 365 550 0 142 597 128 596 798 665 370 354 538 880 792 674 511 464 351 546 465 306 429 927 1017
541 527 501 690 593 561 444 477 142 0 524 207 522 876 591 296 448 464 806 870 642 437 542 429 625 543 232 355 853 943
996 983 349 822 1048 324 899 607 597 524 0 662 103 1331 165 352 907 594 939 1325 302 117 998 884 1080 998 535 489 986 1075
397 384 639 829 449 613 300 615 128 207 662 0 661 733 730 435 289 602 945 726 671 576 399 286 481 400 370 493 992 1081
995 981 348 821 1047 327 898 606 596 522 103 661 0 1330 168 351 906 593 937 1324 306 116 996 883 1079 997 534 488 984 1074
540 740 1326 1515 451 1153 657 1302 815 893 1349 750 1348 0 1368 1121 664 1289 1631 707 1211 1262 547 642 838 755 1057 1180 1678 1768
1015 1018 417 890 1067 363 935 675 665 591 165 730 168 1351 0 420 942 662 1006 1344 199 218 1017 920 1115 934 603 557 1053 1143
768 755 262 527 820 389 672 312 370 296 352 435 351 1104 420 0 679 299 644 1098 470 265 770 657 853 771 271 194 691 780
311 220 884 1073 364 727 136 860 354 448 907 289 906 647 942 679 0 847 1190 641 786 820 313 54 317 337 615 738 1236 1326
936 923 504 268 988 631 839 52 538 464 594 602 593 1272 662 299 847 0 384 1266 713 508 938 825 1020 939 300 223 431 520
1279 1265 848 244 1331 976 1182 359 880 806 939 945 937 1614 1006 644 1190 384 0 1608 1057 852 1280 1167 1363 1281 620 490 376 352
419 619 1205 1394 330 1032 536 1180 694 772 1227 629 1226 613 1247 1000 543 1168 1510 0 1090 1141 426 521 716 634 936 1059 1557 1647
858 861 467 941 910 374 778 725 674 642 302 671 306 1194 199 470 786 713 1057 1188 0 356 860 763 959 778 653 607 1104 1194
909 896 262 736 962 279 813 520 511 437 117 576 116 1245 218 265 820 508 852 1239 356 0 911 798 994 912 449 403 899 989
194 389 975 1164 247 802 306 951 464 542 998 399 996 530 1017 770 313 938 1280 524 860 911 0 291 487 404 706 829 1327 1417
289 197 862 1051 341 705 114 837 351 429 884 286 883 625 920 657 54 825 1167 619 763 798 291 0 295 314 593 716 1214 1304
485 131 1057 1247 537 900 224 1033 546 625 1080 481 1079 820 1115 853 317 1020 1363 814 959 994 487 295 0 510 788 911 1410 1499
402 412 976 1165 454 719 329 951 465 543 998 400 997 738 934 771 337 939 1281 732 778 912 404 314 510 0 707 830 1328 1418
704 691 476 504 756 572 607 313 306 232 535 370 534 1040 603 271 615 300 620 1034 653 449 706 593 788 707 0 169 667 757
827 814 399 374 879 526 730 236 429 355 489 493 488 1163 557 194 738 223 490 1157 607 403 829 716 911 830 169 0 537 627
1326 1312 895 188 1378 1023 1229 406 927 853 986 992 984 1661 1053 691 1236 431 376 1655 1104 899 1327 1214 1410 1328 667 537 0 130
1415 1402 985 278 1467 1112 1318 496 1017 943 1075 1081 1074 1751 1143 780 1326 520 352 1745 1194 989 1417 1304 1499 1418 757 627 130 0
EOF