NAME : tsp_problem
TYPE : TSP
DIMENSION : 56
EDGE_WEIGHT_TYPE : EXPLICIT
EDGE_WEIGHT_FORMAT : FULL_MATRIX
EDGE_WEIGHT_SECTION
0 194 338 310 178 247 319 399 302 1115 133 833 339 947 572 657 939 1302 901 319 861 495 565 1046 772 559 942 245 703 735 574 890 367 654 913 520 837 348 133 960 335 283 559 931 835 341 1122 673 789 353 884 795 1591 966 121 235
194 0 280 252 291 125 261 340 244 1056 215 779 279 893 514 599 901 1243 843 261 807 437 507 1091 714 501 904 128 649 731 634 852 309 596 855 461 783 290 246 922 277 225 672 893 776 282 1064 615 731 382 826 737 1553 928 234 176
338 280 0 396 436 375 275 185 389 984 359 547 496 661 455 367 669 1182 611 263 575 205 448 859 482 269 672 378 417 500 403 621 82 364 793 402 551 434 391 691 50 370 489 661 715 498 1003 383 670 526 765 676 1321 696 378 392
310 252 396 0 407 346 266 346 61 1062 331 852 467 965 519 671 974 1249 915 266 879 476 512 1164 786 573 977 349 722 804 707 925 425 669 860 466 855 111 362 995 393 54 788 966 782 470 1069 688 736 498 831 742 1626 1000 350 364
178 291 436 407 0 344 416 496 399 1212 157 695 199 809 669 645 800 1399 770 416 723 592 662 907 794 614 803 342 565 596 435 752 464 642 1010 617 698 445 69 822 432 380 421 793 932 200 1219 770 887 215 981 892 1452 827 82 266
247 125 375 346 344 0 355 435 339 1151 268 874 215 988 609 693 996 1338 938 356 902 532 602 1186 808 595 999 95 744 826 729 947 404 691 949 556 877 384 300 1017 372 320 726 988 871 217 1159 710 826 435 921 832 1648 1022 287 111
319 261 275 266 416 355 0 146 258 862 340 652 476 765 319 471 774 1049 715 95 679 276 312 964 586 373 777 358 522 604 507 725 226 469 660 266 655 304 371 795 265 239 593 766 582 479 869 488 536 507 631 542 1426 800 359 373
399 340 185 346 496 435 146 0 338 868 419 562 556 676 325 382 684 1055 626 134 590 220 318 874 497 284 687 438 432 515 418 636 136 379 666 273 566 384 451 706 175 319 504 676 588 559 876 398 543 587 638 549 1336 711 439 453
302 244 389 61 399 339 258 338 0 1054 323 844 460 958 511 664 966 1241 908 259 872 469 504 1156 779 566 969 341 714 796 699 917 417 661 852 459 848 103 354 987 386 47 781 958 774 462 1061 680 729 490 823 734 1618 993 342 356
1115 1056 984 1062 1212 1151 862 868 1054 0 1136 1361 1272 1474 838 1180 1482 296 1424 850 1388 827 835 1673 1295 1082 1486 1154 1231 1313 1216 1434 935 1178 590 850 1364 1100 1167 1504 973 1035 1302 1475 580 1275 282 1196 726 1303 821 732 2135 1509 1155 1169
133 215 359 331 157 268 340 419 323 1136 0 812 319 926 593 678 918 1323 888 340 840 516 586 1025 793 580 921 266 682 714 553 869 388 675 934 540 816 369 112 939 356 304 539 910 856 320 1143 694 810 332 905 816 1570 945 100 256
833 779 547 852 695 874 652 562 844 1361 812 0 857 380 831 204 467 1559 97 640 294 582 824 672 121 295 470 876 155 312 410 419 498 245 1170 779 201 890 724 489 537 825 301 459 1092 858 1380 209 1047 596 1142 1053 1119 494 737 891
339 279 496 467 199 215 476 556 460 1272 319 857 0 970 730 806 962 1459 932 477 884 653 723 1069 929 716 965 213 727 758 597 914 525 804 1070 677 860 505 231 984 493 441 583 954 992 97 1280 831 947 377 1042 953 1614 989 244 127
947 893 661 965 809 988 765 676 958 1474 926 380 970 0 945 423 395 1673 345 754 148 696 938 608 480 455 398 990 343 248 524 347 612 421 1284 893 198 1003 838 417 651 939 415 387 1206 972 1494 568 1161 709 1255 1166 1047 422 851 1005
572 514 455 519 669 609 319 325 511 838 593 831 730 945 0 651 953 762 895 308 859 318 64 1144 766 553 956 611 702 784 687 905 406 649 373 77 835 557 624 975 444 492 773 946 295 732 583 667 250 760 345 256 1605 980 612 626
657 599 367 671 645 693 471 382 664 1180 678 204 806 423 651 0 431 1379 279 460 337 401 644 621 279 161 434 696 179 262 230 383 318 97 990 599 290 709 674 453 357 645 251 424 912 808 1199 261 867 545 961 872 1083 458 687 711
939 901 669 974 800 996 774 684 966 1482 918 467 962 395 953 431 0 1681 432 762 309 704 946 593 567 463 198 998 352 233 532 147 620 429 1292 901 285 1011 830 212 659 947 423 188 1214 964 1502 654 1169 701 1264 1175 842 217 843 1013
1302 1243 1182 1249 1399 1338 1049 1055 1241 296 1323 1559 1459 1673 762 1379 1681 0 1623 1037 1587 1023 759 1871 1494 1281 1684 1341 1429 1512 1415 1633 1133 1376 514 807 1563 1287 1354 1703 1172 1222 1501 1673 504 1462 206 1395 650 1490 744 655 2333 1708 1342 1356
901 843 611 915 770 938 715 626 908 1424 888 97 932 345 895 279 432 1623 0 704 259 646 888 645 156 369 435 940 230 285 485 384 562 321 1234 843 166 953 800 454 601 889 376 424 1156 933 1444 244 1111 671 1205 1116 1084 459 813 955
319 261 263 266 416 356 95 134 259 850 340 640 477 754 308 460 762 1037 704 0 668 265 301 952 575 362 765 359 510 593 496 714 214 457 648 255 644 304 372 784 253 240 582 755 570 479 858 476 525 507 620 531 1414 789 359 373
861 807 575 879 723 902 679 590 872 1388 840 294 884 148 859 337 309 1587 259 668 0 610 852 522 394 369 312 904 257 162 438 261 526 334 1198 807 112 917 752 331 565 853 329 301 1120 886 1407 482 1075 623 1169 1080 961 336 765 919
495 437 205 476 592 532 276 220 469 827 516 582 653 696 318 401 704 1023 646 265 610 0 311 894 516 303 707 534 452 534 437 655 156 399 634 265 585 514 547 725 195 450 523 696 556 655 844 418 511 683 605 516 1356 730 535 549
565 507 448 512 662 602 312 318 504 835 586 824 723 938 64 644 946 759 888 301 852 311 0 1136 759 546 949 604 695 777 680 898 399 642 370 70 828 550 617 968 437 485 766 939 292 725 579 660 247 753 341 252 1598 973 605 619
1046 1091 859 1164 907 1186 964 874 1156 1673 1025 672 1069 608 1144 621 593 1871 645 952 522 894 1136 0 771 653 596 1189 542 389 722 544 810 619 1482 1091 498 1202 937 614 849 1137 589 585 1404 1071 1692 858 1359 808 1454 1365 1245 619 950 1137
772 714 482 786 794 808 586 497 779 1295 793 121 929 480 766 279 567 1494 156 575 394 516 759 771 0 240 570 811 254 412 420 518 433 320 1105 714 300 824 824 588 471 760 401 559 1027 932 1314 115 982 695 1076 987 1219 593 812 826
559 501 269 573 614 595 373 284 566 1082 580 295 716 455 553 161 463 1281 369 362 369 303 546 653 240 0 466 598 211 294 197 415 220 158 892 501 345 611 611 485 259 547 283 456 814 719 1101 221 769 515 863 774 1115 490 599 613
942 904 672 977 803 999 777 687 969 1486 921 470 965 398 956 434 198 1684 435 765 312 707 949 596 570 466 0 1001 355 236 535 87 623 432 1295 904 288 1015 833 220 662 950 426 28 1217 967 1505 657 1172 704 1267 1178 850 225 846 1016
245 128 378 349 342 95 358 438 341 1154 266 876 213 990 611 696 998 1341 940 359 904 534 604 1189 811 598 1001 0 747 829 732 950 406 694 952 559 880 387 298 1020 375 323 724 991 874 215 1162 712 829 433 923 834 1650 1025 285 109
703 649 417 722 565 744 522 432 714 1231 682 155 727 343 702 179 352 1429 230 510 257 452 695 542 254 211 355 747 0 182 280 303 368 177 1040 649 233 760 595 373 407 695 171 344 962 728 1250 342 917 466 1012 923 1004 378 607 761
735 731 500 804 596 826 604 515 796 1313 714 312 758 248 784 262 233 1512 285 593 162 534 777 389 412 294 236 829 182 0 363 185 451 259 1123 732 138 842 626 255 489 778 254 225 1045 760 1332 499 1000 497 1094 1005 885 260 639 826
574 634 403 707 435 729 507 418 699 1216 553 410 597 524 687 230 532 1415 485 496 438 437 680 722 420 197 535 732 280 363 0 484 353 227 1026 635 414 745 465 554 392 681 313 524 948 599 1235 402 902 336 997 908 1184 559 478 665
890 852 621 925 752 947 725 636 917 1434 869 419 914 347 905 383 147 1633 384 714 261 655 898 544 518 415 87 950 303 185 484 0 571 380 1244 853 236 963 782 168 610 899 374 76 1166 915 1453 606 1120 653 1215 1126 799 174 794 964
367 309 82 425 464 404 226 136 417 935 388 498 525 612 406 318 620 1133 562 214 526 156 399 810 433 220 623 406 368 451 353 571 0 315 744 353 502 463 419 642 78 398 439 612 666 527 954 334 621 555 716 627 1272 647 407 421
654 596 364 669 642 691 469 379 661 1178 675 245 804 421 649 97 429 1376 321 457 334 399 642 619 320 158 432 694 177 259 227 380 315 0 987 596 310 707 672 450 354 642 248 421 909 805 1197 302 864 543 959 870 1081 455 684 708
913 855 793 860 1010 949 660 666 852 590 934 1170 1070 1284 373 990 1292 514 1234 648 1198 634 370 1482 1105 892 1295 952 1040 1123 1026 1244 744 987 0 418 1174 898 965 1314 783 833 1112 1284 115 1073 335 1006 261 1101 277 266 1944 1319 953 967
520 461 402 466 617 556 266 273 459 850 540 779 677 893 77 599 901 807 843 255 807 265 70 1091 714 501 904 559 649 732 635 853 353 596 418 0 783 504 572 923 392 440 721 893 340 679 627 615 295 707 389 300 1553 928 560 573
837 783 551 855 698 877 655 566 848 1364 816 201 860 198 835 290 285 1563 166 644 112 585 828 498 300 345 288 880 233 138 414 236 502 310 1174 783 0 893 728 307 540 829 305 277 1096 862 1383 388 1051 599 1145 1056 937 312 741 895
348 290 434 111 445 384 304 384 103 1100 369 890 505 1003 557 709 1011 1287 953 304 917 514 550 1202 824 611 1015 387 760 842 745 963 463 707 898 504 893 0 400 1033 431 102 826 1004 820 508 1107 726 774 536 869 780 1664 1038 388 402
133 246 391 362 69 300 371 451 354 1167 112 724 231 838 624 674 830 1354 800 372 752 547 617 937 824 611 833 298 595 626 465 782 419 672 965 572 728 400 0 852 388 336 451 822 887 232 1175 725 842 244 937 848 1482 857 101 288
1419 1381 1149 1453 1280 1476 1254 1164 1446 1962 1398 947 1442 875 1433 911 670 2161 912 1242 789 1184 1426 1073 1047 943 678 1478 832 713 1012 627 1100 909 1772 1381 765 1491 1310 0 1139 1427 903 668 1694 1444 1982 1134 1649 1181 1744 1655 1160 556 1323 1493
335 277 50 393 432 372 265 175 386 973 356 537 493 651 444 357 659 1172 601 253 565 195 437 849 471 259 662 375 407 489 392 610 78 354 783 392 540 431 388 680 0 367 478 651 705 495 993 373 660 523 755 666 1311 686 375 389
283 225 370 54 380 320 239 319 47 1035 304 825 441 939 492 645 947 1222 889 240 853 450 485 1137 760 547 950 323 695 778 681 899 398 642 833 440 829 102 336 969 367 0 762 939 755 443 1043 661 710 471 805 716 1599 974 323 337
559 672 489 788 421 726 593 504 781 1302 539 301 583 415 773 251 423 1501 376 582 329 523 766 589 401 283 426 724 171 254 313 374 439 248 1112 721 305 826 451 445 478 762 0 415 1034 584 1321 488 988 322 1083 994 1075 450 463 651
931 893 661 966 793 988 766 676 958 1475 910 459 954 387 946 424 188 1673 424 755 301 696 939 585 559 456 28 991 344 225 524 76 612 421 1284 893 277 1004 822 209 651 939 415 0 1206 956 1494 647 1161 693 1256 1167 840 214 835 1005
835 776 715 782 932 871 582 588 774 580 856 1092 992 1206 295 912 1214 504 1156 570 1120 556 292 1404 1027 814 1217 874 962 1045 948 1166 666 909 115 340 1096 820 887 1236 705 755 1034 1206 0 995 325 928 183 1023 277 188 1866 1241 875 889
341 282 498 470 200 217 479 559 462 1275 320 858 97 972 732 808 964 1462 933 479 886 655 725 1071 932 719 967 215 728 760 599 915 527 805 1073 679 862 508 232 985 495 443 584 956 995 0 1282 833 949 378 1044 955 1616 990 245 129
1122 1064 1003 1069 1219 1159 869 876 1061 282 1143 1380 1280 1494 583 1199 1502 206 1444 858 1407 844 579 1692 1314 1101 1505 1162 1250 1332 1235 1453 954 1197 335 627 1383 1107 1175 1523 993 1043 1321 1494 325 1282 0 1216 470 1310 565 476 2154 1528 1162 1176
673 615 383 688 770 710 488 398 680 1196 694 209 831 568 667 261 654 1395 244 476 482 418 660 858 115 221 657 712 342 499 402 606 334 302 1006 615 388 726 725 676 373 661 488 647 928 833 1216 0 883 720 978 889 1306 681 713 727
789 731 670 736 887 826 536 543 729 726 810 1047 947 1161 250 867 1169 650 1111 525 1075 511 247 1359 982 769 1172 829 917 1000 902 1120 621 864 261 295 1051 774 842 1191 660 710 988 1161 183 949 470 883 0 977 117 69 1821 1196 829 843
353 382 526 498 215 435 507 587 490 1303 332 596 377 709 760 545 701 1490 671 507 623 683 753 808 695 515 704 433 466 497 336 653 555 543 1101 707 599 536 244 723 523 471 322 693 1023 378 1310 720 977 0 1072 983 1353 728 257 423
884 826 765 831 981 921 631 638 823 821 905 1142 1042 1255 345 961 1264 744 1205 620 1169 605 341 1454 1076 863 1267 923 1012 1094 997 1215 716 959 277 389 1145 869 937 1285 755 805 1083 1256 277 1044 565 978 117 1072 0 112 1916 1290 924 938
795 737 676 742 892 832 542 549 734 732 816 1053 953 1166 256 872 1175 655 1116 531 1080 516 252 1365 987 774 1178 834 923 1005 908 1126 627 870 266 300 1056 780 848 1196 666 716 994 1167 188 955 476 889 69 983 112 0 1827 1201 835 849
1220 1182 950 1255 1081 1277 1055 965 1247 1764 1199 748 1243 676 1235 712 471 1962 713 1043 590 985 1227 874 848 744 479 1279 633 514 813 428 901 710 1573 1182 566 1293 1111 351 940 1228 704 469 1495 1245 1783 935 1450 982 1545 1456 0 357 1124 1294
1425 1387 1155 1460 1287 1482 1260 1170 1452 1969 1404 953 1448 881 1440 917 676 2167 918 1248 795 1190 1433 1079 1053 949 685 1485 838 719 1018 633 1106 915 1778 1387 771 1498 1316 557 1145 1433 909 674 1700 1450 1988 1141 1655 1187 1750 1661 1166 0 1329 1499
121 234 378 350 82 287 359 439 342 1155 100 737 244 851 612 687 843 1342 813 359 765 535 605 950 812 599 846 285 607 639 478 794 407 684 953 560 741 388 101 864 375 323 463 835 875 245 1162 713 829 257 924 835 1495 870 0 275
235 176 392 364 266 111 373 453 356 1169 256 891 127 1005 626 711 1013 1356 955 373 919 549 619 1137 826 613 1016 109 761 826 665 964 421 708 967 573 895 402 288 1035 389 337 651 1005 889 129 1176 727 843 423 938 849 1665 1040 275 0
EOF