NAME : tsp_problem
TYPE : TSP
DIMENSION : 74
EDGE_WEIGHT_TYPE : EXPLICIT
EDGE_WEIGHT_FORMAT : FULL_MATRIX
EDGE_WEIGHT_SECTION
0 623 281 678 887 347 237 807 490 1114 644 916 711 869 555 828 817 711 896 933 816 412 620 1143 588 800 57 416 913 680 392 759 862 864 902 940 486 756 71 852 684 474 754 320 310 709 224 868 728 367 210 191 777 58 904 242 872 641 222 348 867 164 387 799 371 810 632 825 152 235 206 868 859 874
623 0 567 962 369 633 428 1092 772 596 917 398 193 351 168 1112 299 193 1181 415 1100 699 73 625 417 282 596 703 395 332 372 241 344 346 384 422 228 238 640 334 166 368 236 448 458 211 534 350 1012 653 731 477 1062 627 386 519 354 925 743 411 349 684 606 281 658 1095 114 307 525 431 554 350 341 356
281 567 0 417 832 86 181 547 282 1058 450 860 655 813 500 567 761 655 635 877 555 152 564 1087 532 744 254 156 857 624 637 703 806 808 846 884 430 700 297 796 628 418 698 565 555 752 469 812 467 106 456 133 516 284 849 487 816 380 468 593 811 409 632 743 111 549 576 769 182 180 452 813 803 818
678 962 417 0 1226 355 578 300 220 1453 713 1255 1049 1208 894 373 1156 1049 441 1271 287 287 959 1482 927 1139 651 285 1252 1019 1034 1098 1200 1203 1240 1278 825 1095 694 1191 1023 813 1093 962 952 1146 866 1207 115 330 853 530 200 681 1243 884 1211 69 864 990 1206 806 1029 1138 345 355 971 1164 579 576 849 1207 1197 1212
887 369 832 1226 0 897 692 1356 1036 660 1181 89 279 122 432 1377 149 212 1445 479 1364 963 366 689 589 289 860 967 459 503 714 327 67 70 74 486 492 409 904 105 369 610 323 791 801 397 876 414 1277 917 995 742 1326 891 450 861 418 1190 1007 754 436 948 949 273 922 1359 299 349 789 695 897 71 405 420
347 633 86 355 897 0 247 485 221 1124 516 926 721 879 565 506 827 720 574 943 494 90 630 1153 598 810 320 94 923 690 703 769 871 874 911 950 496 766 363 862 694 484 764 631 621 817 535 878 406 45 522 199 455 350 914 553 882 319 534 659 877 475 698 809 49 488 642 835 248 245 518 878 869 884
237 428 181 578 692 247 0 707 390 919 544 721 516 674 361 728 622 516 796 738 716 312 425 948 393 605 210 316 718 485 593 564 667 669 707 745 291 561 253 657 489 279 559 521 511 613 425 673 628 267 412 91 677 240 709 443 677 541 424 549 672 365 588 604 271 710 437 630 138 65 408 673 664 679
807 1092 547 300 1356 485 707 0 350 1583 842 1385 1179 1338 1024 233 1286 1179 311 1401 76 417 1089 1611 1057 1269 780 415 1382 1149 1163 1227 1330 1333 1370 1408 955 1225 824 1321 1153 942 1223 1092 1082 1276 996 1337 219 460 982 660 155 811 1373 1014 1341 294 994 1120 1336 936 1159 1268 475 226 1101 1294 709 706 978 1337 1327 1342
490 772 282 220 1036 221 390 350 0 1263 523 1065 860 1018 704 370 966 860 438 1082 358 152 769 1292 737 949 463 150 1062 829 846 908 1011 1013 1051 1089 635 905 506 1001 833 623 903 774 764 957 678 1017 270 195 665 342 319 493 1053 696 1021 183 677 802 1016 618 841 948 210 352 781 974 391 388 661 1017 1008 1023
963 445 907 1302 509 973 768 1432 1112 0 1257 538 331 491 507 1452 439 332 1520 346 1440 1039 442 410 743 422 936 1043 180 657 774 380 483 486 523 353 568 563 979 474 506 707 375 850 860 450 935 282 1352 993 1071 817 1401 967 171 921 281 1265 1082 813 488 1024 1008 427 998 1434 374 503 865 770 956 490 272 287
644 917 450 713 1181 516 544 842 523 1408 0 1210 1005 1163 850 863 1111 1005 931 1227 851 581 914 1437 882 1094 617 585 1207 974 1000 1053 1156 1158 1196 1234 780 1050 661 1146 978 768 1048 929 919 1102 833 1162 763 536 819 497 812 648 1198 851 1166 676 831 957 1161 773 996 1093 540 845 926 1119 546 543 815 1162 1153 1168
916 398 860 1255 89 926 721 1385 1065 689 1210 0 308 150 460 1405 178 240 1473 507 1393 992 395 717 617 317 889 996 488 531 743 356 96 98 57 514 521 437 932 133 397 638 351 819 829 426 905 443 1305 946 1024 770 1354 920 479 890 447 1218 1035 782 464 977 977 301 951 1387 327 378 818 723 925 100 433 448
711 193 655 1049 279 721 516 1179 860 483 1005 308 0 261 255 1200 209 102 1268 301 1188 786 189 511 504 192 684 790 281 419 483 89 253 256 293 308 316 325 727 244 253 455 84 559 569 159 645 236 1100 741 818 565 1149 714 273 630 241 1013 830 522 197 771 717 197 745 1182 122 273 612 518 665 260 227 242
869 351 813 1208 122 879 674 1338 1018 642 1163 150 261 0 413 1358 131 193 1426 460 1346 944 348 670 570 270 842 948 441 484 696 309 96 99 136 467 474 390 885 61 350 591 304 772 782 379 858 396 1258 899 976 723 1307 872 432 843 400 1171 988 735 417 930 930 254 903 1340 280 331 771 676 878 103 386 401
555 168 500 894 432 565 361 1024 704 658 850 460 255 413 0 1045 361 255 1113 477 1032 631 164 687 291 344 529 635 457 307 513 303 406 408 446 484 160 242 572 396 202 300 298 589 599 352 674 412 945 586 663 410 994 559 449 660 417 858 675 552 412 616 747 285 590 1027 176 311 457 363 659 413 403 418
828 1112 567 373 1377 506 728 233 370 1603 863 1405 1200 1358 1045 0 1306 1200 202 1422 220 437 1109 1632 1077 1289 801 435 1402 1169 1184 1248 1351 1353 1391 1429 975 1245 844 1341 1173 963 1243 1112 1102 1297 1016 1357 327 480 1003 681 263 831 1394 1035 1362 336 1015 1140 1356 956 1180 1288 495 116 1121 1314 730 727 999 1358 1348 1363
817 299 761 1156 149 827 622 1286 966 590 1111 178 209 131 361 1306 0 141 1374 408 1294 893 296 618 518 218 790 897 389 432 644 257 123 126 163 415 422 338 833 114 298 539 252 720 730 327 806 344 1206 847 925 671 1255 821 380 791 348 1119 936 683 365 878 878 202 852 1288 228 279 719 624 826 130 334 349
711 193 655 1049 212 720 516 1179 860 483 1005 240 102 193 255 1200 141 0 1268 302 1188 786 189 512 445 124 684 790 282 360 538 151 186 188 226 309 316 266 727 176 226 455 146 614 624 220 699 237 1100 741 818 565 1149 714 274 685 242 1013 830 577 259 771 772 130 745 1182 122 206 612 518 720 193 228 243
896 1181 635 441 1445 574 796 311 438 1671 931 1473 1268 1426 1113 202 1374 1268 0 1490 320 505 1177 1700 1145 1357 869 503 1470 1237 1252 1316 1419 1422 1459 1497 1044 1313 912 1409 1241 1031 1311 1180 1170 1365 1085 1425 491 548 1071 749 413 900 1462 1103 1430 404 1083 1208 1425 1024 1248 1356 563 120 1189 1382 798 795 1067 1426 1416 1431
933 415 877 1271 479 943 738 1401 1082 497 1227 507 301 460 477 1422 408 302 1490 0 1410 1008 411 526 713 391 906 1012 296 627 743 349 453 455 493 53 538 533 949 443 475 677 344 819 830 419 905 139 1322 963 1040 787 1371 936 288 890 256 1235 1052 783 458 993 977 397 967 1404 344 473 834 740 926 460 124 144
816 1100 555 287 1364 494 716 76 358 1591 851 1393 1188 1346 1032 220 1294 1188 320 1410 0 425 1097 1620 1065 1277 789 423 1390 1157 1172 1236 1339 1341 1379 1417 963 1233 832 1329 1161 951 1231 1100 1090 1285 1004 1345 206 468 991 668 142 819 1381 1022 1349 282 1003 1128 1344 944 1167 1276 483 234 1109 1302 717 714 987 1345 1336 1351
412 699 152 287 963 90 312 417 152 1190 581 992 786 944 631 437 893 786 505 1008 425 0 696 1218 664 875 385 64 989 756 768 834 937 940 977 1015 562 831 429 927 759 549 830 697 687 883 601 944 337 65 587 265 386 416 980 619 948 250 599 725 943 541 764 875 80 419 708 901 314 311 583 944 934 949
620 73 564 959 366 630 425 1089 769 593 914 395 189 348 164 1109 296 189 1177 411 1097 696 0 621 414 279 593 700 392 329 377 238 340 343 380 418 225 235 636 331 163 364 233 453 463 216 538 347 1009 650 728 474 1058 624 383 524 351 922 739 416 346 681 611 278 655 1091 111 304 522 427 559 347 337 352
928 410 872 1267 474 938 733 1397 1077 346 1222 503 296 455 472 1417 403 297 1485 311 1405 1003 407 0 708 386 901 1007 145 622 738 344 448 451 488 318 533 528 944 438 470 672 340 815 825 414 900 247 1317 958 1035 782 1366 931 136 885 246 1230 1047 778 453 989 973 392 962 1399 339 468 829 735 921 455 237 252
588 417 532 927 589 598 393 1057 737 894 882 617 504 570 291 1077 518 445 1145 713 1065 664 414 923 0 523 561 668 693 108 700 553 563 565 603 720 230 203 604 553 266 159 548 776 786 601 709 648 977 618 696 442 1026 592 684 727 652 890 708 739 661 649 872 349 623 1060 426 271 490 395 692 570 639 654
800 282 744 1139 289 810 605 1269 949 573 1094 317 192 270 344 1289 218 124 1357 391 1277 875 279 601 523 0 773 879 372 437 627 240 263 266 303 398 405 343 816 253 303 544 235 703 713 310 789 327 1189 830 907 654 1238 803 363 774 331 1102 919 666 348 861 861 207 834 1271 211 283 702 607 809 270 317 332
57 596 254 651 860 320 210 780 463 1087 617 889 684 842 529 801 790 684 869 906 789 385 593 1116 561 773 0 389 886 653 413 732 835 837 875 913 459 729 73 825 657 447 727 341 331 730 245 841 701 340 232 164 750 60 877 263 845 614 244 369 840 185 408 772 344 783 605 798 125 209 228 841 832 847
416 703 156 285 967 94 316 415 150 1194 585 996 790 948 635 435 897 790 503 1012 423 64 700 1222 668 879 389 0 993 760 772 838 941 944 981 1019 566 835 432 931 763 553 833 701 691 887 605 948 335 68 591 269 384 420 984 623 952 248 603 729 947 545 768 879 84 417 712 905 318 315 587 948 938 953
1340 822 1284 1679 886 1350 1145 1809 1489 737 1634 915 708 867 884 1829 815 709 1897 723 1817 1415 819 766 1120 798 1313 1419 0 1034 1151 757 860 863 900 730 945 940 1356 850 882 1084 752 1227 1237 826 1312 659 1729 1370 1447 1194 1778 1343 548 1297 658 1642 1459 1190 865 1401 1385 804 1374 1811 751 880 1242 1147 1333 867 649 664
680 332 624 1019 503 690 485 1149 829 808 974 531 419 484 307 1169 432 360 1237 627 1157 756 329 837 108 437 653 760 607 0 677 467 477 480 517 634 245 117 696 467 180 251 463 753 763 516 801 562 1069 710 788 534 1118 684 599 819 566 982 799 716 576 741 911 263 715 1151 341 185 582 487 784 484 553 568
392 372 637 1034 714 703 593 1163 846 925 1000 743 483 696 513 1184 644 538 1252 743 1172 768 377 953 700 627 413 772 724 677 0 433 689 691 729 750 511 583 427 679 511 650 421 237 227 344 277 679 1084 723 446 547 1133 387 715 361 683 997 455 253 595 428 448 626 727 1166 459 652 508 592 397 695 669 684
759 241 703 1098 327 769 564 1227 908 531 1053 356 89 309 303 1248 257 151 1316 349 1236 834 238 559 553 240 732 838 330 467 433 0 302 304 342 356 364 373 775 292 301 503 34 509 519 109 594 285 1148 789 852 613 1197 762 321 580 289 1061 860 472 201 820 667 245 793 1230 170 322 660 566 615 308 275 290
862 344 806 1200 67 871 667 1330 1011 634 1156 96 253 96 406 1351 123 186 1419 453 1339 937 340 663 563 263 835 941 433 477 689 302 0 44 81 460 467 383 878 79 343 584 297 765 775 371 850 388 1251 892 969 716 1300 865 425 836 393 1164 981 728 410 922 923 247 896 1333 273 323 763 669 871 48 379 394
864 346 808 1203 70 874 669 1333 1013 637 1158 98 256 99 408 1353 126 188 1422 455 1341 940 343 666 565 266 837 944 436 480 691 304 44 0 84 463 469 386 881 82 346 587 299 767 778 374 853 391 1253 894 972 718 1303 868 427 838 395 1166 984 730 413 925 925 250 899 1336 276 326 766 671 874 51 381 396
902 384 846 1240 74 911 707 1370 1051 674 1196 57 293 136 446 1391 163 226 1459 493 1379 977 380 703 603 303 875 981 473 517 729 342 81 84 0 500 507 423 918 119 383 624 337 805 815 411 890 428 1291 932 1009 756 1340 905 465 876 432 1204 1021 768 450 962 963 287 936 1373 313 363 803 709 911 86 419 434
940 422 884 1278 486 950 745 1408 1089 505 1234 514 308 467 484 1429 415 309 1497 53 1417 1015 418 533 720 398 913 1019 303 634 750 356 460 463 500 0 545 540 956 450 482 684 351 826 837 426 912 146 1329 970 1047 794 1378 943 295 897 263 1242 1059 790 465 1000 984 404 974 1411 351 480 841 747 933 467 131 151
486 228 430 825 492 496 291 955 635 719 780 521 316 474 160 975 422 316 1044 538 963 562 225 748 230 405 459 566 518 245 511 364 467 469 507 545 0 311 503 457 271 231 359 587 597 413 607 473 875 516 594 340 925 490 509 625 477 788 606 550 472 547 745 354 521 958 237 380 388 293 590 473 464 479
756 238 700 1095 409 766 561 1225 905 714 1050 437 325 390 242 1245 338 266 1313 533 1233 831 235 743 203 343 729 835 513 117 583 373 383 386 423 540 311 0 772 373 86 327 369 659 669 422 744 468 1145 786 863 610 1194 759 505 730 472 1058 875 622 482 817 817 169 790 1227 247 122 657 563 765 390 459 474
71 640 297 694 904 363 253 824 506 1130 661 932 727 885 572 844 833 727 912 949 832 429 636 1159 604 816 73 432 929 696 427 775 878 881 918 956 503 772 0 868 700 490 770 355 345 744 259 884 744 383 246 207 793 74 921 277 889 657 258 383 884 199 422 815 387 826 648 841 168 252 242 885 875 890
852 334 796 1191 105 862 657 1321 1001 625 1146 133 244 61 396 1341 114 176 1409 443 1329 927 331 653 553 253 825 931 424 467 679 292 79 82 119 450 457 373 868 0 333 574 287 755 765 362 841 379 1241 882 959 706 1290 855 415 826 383 1154 971 718 400 913 913 237 886 1323 263 314 754 659 861 86 369 384
684 166 628 1023 369 694 489 1153 833 657 978 397 253 350 202 1173 298 226 1241 475 1161 759 163 685 266 303 657 763 456 180 511 301 343 346 383 482 271 86 700 333 0 287 297 587 597 350 672 411 1073 714 791 538 1122 687 447 658 415 986 803 550 410 745 745 129 718 1155 175 155 585 491 693 350 401 416
474 368 418 813 610 484 279 942 623 859 768 638 455 591 300 963 539 455 1031 677 951 549 364 887 159 544 447 553 657 251 650 503 584 587 624 684 231 327 490 574 287 0 498 691 681 552 595 612 863 504 581 328 912 477 649 613 617 776 593 690 612 534 758 370 508 945 376 396 375 281 577 591 603 618
754 236 698 1093 323 764 559 1223 903 526 1048 351 84 304 298 1243 252 146 1311 344 1231 830 233 555 548 235 727 833 325 463 421 34 297 299 337 351 359 369 770 287 297 498 0 497 507 97 583 280 1143 784 840 608 1192 757 316 568 284 1056 849 460 196 815 655 241 788 1225 165 317 656 561 603 304 270 285
320 448 565 962 791 631 521 1092 774 1001 929 819 559 772 589 1112 720 614 1180 819 1100 697 453 1029 776 703 341 701 800 753 237 509 765 767 805 826 587 659 355 755 587 691 497 0 79 420 205 755 1012 651 374 475 1061 316 791 302 759 925 383 58 671 356 389 702 656 1095 535 728 437 520 328 771 745 760
310 458 555 952 801 621 511 1082 764 1011 919 829 569 782 599 1102 730 624 1170 830 1090 687 463 1040 786 713 331 691 810 763 227 519 775 778 815 837 597 669 345 765 597 681 507 79 0 430 195 765 1002 641 364 465 1051 306 801 313 769 915 373 69 681 346 400 712 646 1084 545 738 427 510 318 782 756 771
709 211 752 1146 397 817 613 1276 957 601 1102 426 159 379 352 1297 327 220 1365 419 1285 883 216 629 601 310 730 887 400 516 344 109 371 374 411 426 413 422 744 362 350 552 97 420 430 0 505 355 1197 838 763 662 1246 704 391 491 359 1110 772 383 271 745 578 315 842 1279 240 392 709 615 526 378 345 360
224 534 469 866 876 535 425 996 678 1086 833 905 645 858 674 1016 806 699 1085 905 1004 601 538 1115 709 789 245 605 885 801 277 594 850 853 890 912 607 744 259 841 672 595 583 205 195 505 0 840 916 555 278 379 966 220 877 254 845 829 287 233 756 260 341 788 560 999 621 814 341 424 232 857 831 846
868 350 812 1207 414 878 673 1337 1017 433 1162 443 236 396 412 1357 344 237 1425 139 1345 944 347 461 648 327 841 948 232 562 679 285 388 391 428 146 473 468 884 379 411 612 280 755 765 355 840 0 1257 898 976 722 1306 872 223 826 191 1170 987 718 393 929 913 332 903 1339 279 408 770 675 861 395 65 30
728 1012 467 115 1277 406 628 219 270 1503 763 1305 1100 1258 945 327 1206 1100 491 1322 206 337 1009 1532 977 1189 701 335 1302 1069 1084 1148 1251 1253 1291 1329 875 1145 744 1241 1073 863 1143 1012 1002 1197 916 1257 0 380 903 581 119 731 1294 935 1262 110 915 1040 1256 856 1080 1188 395 405 1021 1214 629 627 899 1258 1248 1263
367 653 106 330 917 45 267 460 195 1144 536 946 741 899 586 480 847 741 548 963 468 65 650 1173 618 830 340 68 943 710 723 789 892 894 932 970 516 786 383 882 714 504 784 651 641 838 555 898 380 0 542 219 429 370 934 573 902 293 554 679 897 495 718 829 64 462 662 855 268 266 538 898 889 904
210 731 456 853 995 522 412 982 665 1222 819 1024 818 976 663 1003 925 818 1071 1040 991 587 728 1250 696 907 232 591 1021 788 446 852 969 972 1009 1047 594 863 246 959 791 581 840 374 364 763 278 976 903 542 0 366 952 206 1012 296 980 816 99 402 975 77 251 907 546 985 740 933 327 411 261 976 966 981
191 477 133 530 742 199 91 660 342 968 497 770 565 723 410 681 671 565 749 787 668 265 474 997 442 654 164 269 767 534 547 613 716 718 756 794 340 610 207 706 538 328 608 475 465 662 379 722 581 219 366 0 630 194 759 397 726 494 378 503 721 319 542 653 224 663 486 679 92 90 362 722 713 728
777 1062 516 200 1326 455 677 155 319 1552 812 1354 1149 1307 994 263 1255 1149 413 1371 142 386 1058 1581 1026 1238 750 384 1351 1118 1133 1197 1300 1303 1340 1378 925 1194 793 1290 1122 912 1192 1061 1051 1246 966 1306 119 429 952 630 0 781 1343 984 1311 195 964 1089 1306 905 1129 1237 444 327 1070 1263 679 676 948 1307 1297 1312
58 627 284 681 891 350 240 811 493 1118 648 920 714 872 559 831 821 714 900 936 819 416 624 1146 592 803 60 420 917 684 387 762 865 868 905 943 490 759 74 855 687 477 757 316 306 704 220 872 731 370 206 194 781 0 908 238 876 644 218 344 871 160 383 803 375 814 636 829 156 239 202 872 862 877
1343 825 1288 1682 889 1353 1148 1812 1492 741 1637 918 712 871 888 1833 819 713 1901 727 1820 1419 822 769 1123 802 1316 1423 560 1038 1154 760 864 866 904 734 948 944 1360 854 886 1088 755 1230 1240 830 1316 662 1733 1373 1451 1197 1782 1347 0 1301 661 1646 1463 1193 868 1404 1388 807 1378 1815 755 884 1245 1151 1336 870 653 668
242 519 487 884 861 553 443 1014 696 1072 851 890 630 843 660 1035 791 685 1103 890 1022 619 524 1100 727 774 263 623 871 819 361 580 836 838 876 897 625 730 277 826 658 613 568 302 313 491 254 826 935 573 296 397 984 238 862 0 830 848 305 265 742 278 186 773 578 1017 606 799 359 442 77 842 816 831
872 354 816 1211 418 882 677 1341 1021 432 1166 447 241 400 417 1362 348 242 1430 256 1349 948 351 461 652 331 845 952 231 566 683 289 393 395 432 263 477 472 889 383 415 617 284 759 769 359 845 191 1262 902 980 726 1311 876 222 830 0 1175 992 722 397 933 917 336 907 1344 284 413 774 680 865 399 182 197
641 925 380 69 1190 319 541 294 183 1416 676 1218 1013 1171 858 336 1119 1013 404 1235 282 250 922 1445 890 1102 614 248 1215 982 997 1061 1164 1166 1204 1242 788 1058 657 1154 986 776 1056 925 915 1110 829 1170 110 293 816 494 195 644 1207 848 1175 0 828 953 1169 769 993 1101 308 318 934 1127 542 540 812 1171 1161 1176
222 743 468 864 1007 534 424 994 677 1234 831 1035 830 988 675 1015 936 830 1083 1052 1003 599 739 1262 708 919 244 603 1032 799 455 860 981 984 1021 1059 606 875 258 971 803 593 849 383 373 772 287 987 915 554 99 378 964 218 1024 305 992 828 0 411 987 89 260 918 558 997 751 945 339 422 269 988 978 993
348 411 593 990 754 659 549 1120 802 964 957 782 522 735 552 1140 683 577 1208 783 1128 725 416 993 739 666 369 729 763 716 253 472 728 730 768 790 550 622 383 718 550 690 460 58 69 383 233 718 1040 679 402 503 1089 344 754 265 722 953 411 0 634 384 353 665 684 1122 498 691 465 548 301 735 709 724
867 349 811 1206 436 877 672 1336 1016 639 1161 464 197 417 412 1356 365 259 1425 458 1344 943 346 668 661 348 840 947 438 576 595 201 410 413 450 465 472 482 884 400 410 612 196 671 681 271 756 393 1256 897 975 721 1306 871 429 742 397 1169 987 634 0 928 829 354 902 1339 279 430 769 674 777 417 384 399
164 684 409 806 948 475 365 936 618 1175 773 977 771 930 616 956 878 771 1024 993 944 541 681 1203 649 861 185 545 974 741 428 820 922 925 962 1000 547 817 199 913 745 534 815 356 346 745 260 929 856 495 77 319 905 160 965 278 933 769 89 384 928 0 287 860 499 938 693 886 280 364 243 929 919 934
387 606 632 1029 949 698 588 1159 841 1159 996 977 717 930 747 1180 878 772 1248 977 1167 764 611 1187 872 861 408 768 958 911 448 667 923 925 963 984 745 817 422 913 745 758 655 389 400 578 341 913 1080 718 251 542 1129 383 949 186 917 993 260 353 829 287 0 860 723 1162 693 886 504 587 221 930 903 918
799 281 743 1138 273 809 604 1268 948 578 1093 301 197 254 285 1288 202 130 1356 397 1276 875 278 607 349 207 772 879 377 263 626 245 247 250 287 404 354 169 815 237 129 370 241 702 712 315 788 332 1188 829 907 653 1237 803 369 773 336 1101 918 665 354 860 860 0 833 1270 217 109 701 606 808 254 323 338
371 658 111 345 922 49 271 475 210 1149 540 951 745 903 590 495 852 745 563 967 483 80 655 1177 623 834 344 84 948 715 727 793 896 899 936 974 521 790 387 886 718 508 788 656 646 842 560 903 395 64 546 224 444 375 939 578 907 308 558 684 902 499 723 833 0 477 667 860 273 270 542 903 893 908
810 1095 549 355 1359 488 710 226 352 1586 845 1387 1182 1340 1027 116 1288 1182 120 1404 234 419 1091 1614 1060 1271 783 417 1384 1151 1166 1230 1333 1336 1373 1411 958 1227 826 1323 1155 945 1225 1095 1084 1279 999 1339 405 462 985 663 327 814 1376 1017 1344 318 997 1122 1339 938 1162 1270 477 0 1103 1296 712 709 981 1340 1330 1345
632 114 576 971 299 642 437 1101 781 526 926 327 122 280 176 1121 228 122 1189 344 1109 708 111 554 426 211 605 712 324 341 459 170 273 276 313 351 237 247 648 263 175 376 165 535 545 240 621 279 1021 662 740 486 1070 636 316 606 284 934 751 498 279 693 693 217 667 1103 0 293 534 439 641 280 270 285
825 307 769 1164 349 835 630 1294 974 654 1119 378 273 331 311 1314 279 206 1382 473 1302 901 304 683 271 283 798 905 453 185 652 322 323 326 363 480 380 122 841 314 155 396 317 728 738 392 814 408 1214 855 933 679 1263 829 445 799 413 1127 945 691 430 886 886 109 860 1296 293 0 727 632 835 330 399 414
152 525 182 579 789 248 138 709 391 1016 546 818 612 771 457 730 719 612 798 834 717 314 522 1044 490 702 125 318 815 582 508 660 763 766 803 841 388 657 168 754 585 375 656 437 427 709 341 770 629 268 327 92 679 156 806 359 774 542 339 465 769 280 504 701 273 712 534 727 0 137 323 770 760 775
235 431 180 576 695 245 65 706 388 921 543 723 518 676 363 727 624 518 795 740 714 311 427 950 395 607 209 315 720 487 592 566 669 671 709 747 293 563 252 659 491 281 561 520 510 615 424 675 627 266 411 90 676 239 712 442 680 540 422 548 674 364 587 606 270 709 439 632 137 0 407 676 666 681
206 554 452 849 897 518 408 978 661 1107 815 925 665 878 659 999 826 720 1067 926 987 583 559 1136 692 809 228 587 906 784 397 615 871 874 911 933 590 765 242 861 693 577 603 328 318 526 232 861 899 538 261 362 948 202 897 77 865 812 269 301 777 243 221 808 542 981 641 835 323 407 0 878 852 867
868 350 813 1207 71 878 673 1337 1017 641 1162 100 260 103 413 1358 130 193 1426 460 1345 944 347 670 570 270 841 948 440 484 695 308 48 51 86 467 473 390 885 86 350 591 304 771 782 378 857 395 1258 898 976 722 1307 872 431 842 399 1171 988 735 417 929 930 254 903 1340 280 330 770 676 878 0 386 401
859 341 803 1197 405 869 664 1327 1008 423 1153 433 227 386 403 1348 334 228 1416 124 1336 934 337 452 639 317 832 938 222 553 669 275 379 381 419 131 464 459 875 369 401 603 270 745 756 345 831 65 1248 889 966 713 1297 862 214 816 182 1161 978 709 384 919 903 323 893 1330 270 399 760 666 852 386 0 70
874 356 818 1212 420 884 679 1342 1023 438 1168 448 242 401 418 1363 349 243 1431 144 1351 949 352 467 654 332 847 953 237 568 684 290 394 396 434 151 479 474 890 384 416 618 285 760 771 360 846 30 1263 904 981 728 1312 877 229 831 197 1176 993 724 399 934 918 338 908 1345 285 414 775 681 867 401 70 0
EOF