NAME : tsp_problem
TYPE : TSP
DIMENSION : 50
EDGE_WEIGHT_TYPE : EXPLICIT
EDGE_WEIGHT_FORMAT : FULL_MATRIX
EDGE_WEIGHT_SECTION
0 1196 1118 658 946 1102 1144 464 952 610 1107 1149 1069 728 1021 1445 937 1141 484 359 754 993 752 438 614 1107 542 863 724 480 768 898 1020 767 773 654 980 878 1008 794 492 892 1261 699 1045 1094 478 399 855 1114
1196 0 518 647 689 502 543 832 592 978 483 549 525 1096 615 822 693 517 990 863 1392 369 1391 945 953 507 1180 1501 1363 773 915 741 729 604 1074 1292 356 366 384 453 760 469 134 1337 543 494 1116 823 614 490
1118 518 0 569 711 72 150 754 613 900 406 155 346 1019 636 745 715 440 913 785 1315 292 1313 867 875 113 1103 1424 1285 695 937 763 714 527 996 1215 279 288 307 375 682 391 583 1260 364 90 1039 746 444 413
658 647 569 0 600 553 595 294 403 440 558 600 486 558 526 897 604 592 453 325 854 444 853 407 415 558 642 963 825 235 531 653 471 219 536 755 431 329 459 245 222 343 713 799 461 545 578 285 271 565
946 689 711 600 0 695 737 512 220 432 683 742 662 551 107 1022 227 718 727 758 1131 569 1130 682 364 700 919 1240 1102 585 259 85 357 558 446 1031 556 471 585 469 597 485 755 1076 650 687 857 718 630 690
1102 502 72 553 695 0 134 738 598 884 390 139 330 1003 621 729 699 425 897 769 1299 276 1297 851 860 97 1087 1408 1269 679 921 747 698 511 980 1199 263 272 291 359 666 376 567 1244 348 59 1023 730 428 397
1144 543 150 595 737 134 0 780 639 926 431 100 372 1044 662 770 740 466 938 811 1340 317 1339 893 901 80 1128 1449 1311 720 963 789 739 552 1022 1240 305 313 333 401 708 417 609 1285 389 126 1064 771 469 438
464 832 754 294 512 738 780 0 588 176 743 785 705 294 587 1082 503 777 245 275 649 629 647 199 180 743 437 758 619 102 334 464 656 404 339 549 616 514 644 430 114 528 898 594 681 730 375 235 491 750
952 592 613 403 220 598 639 588 0 620 586 644 564 738 146 924 224 620 747 619 1149 471 1147 701 552 602 937 1258 1119 529 446 272 160 361 633 1049 459 373 487 322 516 387 657 1094 552 590 873 580 435 593
610 978 900 440 432 884 926 176 620 0 889 931 851 145 507 1227 423 923 391 421 795 775 793 345 100 889 583 904 765 248 254 384 757 549 259 695 762 660 790 576 260 674 1043 740 827 876 521 381 637 896
1107 483 406 558 683 390 431 743 586 889 0 437 414 1007 609 525 687 221 901 774 1303 160 1302 856 864 395 1091 1412 1274 684 909 736 703 515 985 1203 158 277 145 364 671 380 549 1248 431 382 1027 734 511 31
1149 549 155 600 742 139 100 785 644 931 437 0 377 1050 668 776 746 471 944 816 1346 323 1344 898 906 85 1134 1455 1316 726 968 794 745 558 1027 1246 310 319 338 406 713 422 614 1291 395 131 1070 777 475 444
1069 525 346 486 662 330 372 705 564 851 414 377 0 970 587 752 666 448 864 736 1266 299 1264 818 826 335 1054 1375 1236 646 888 714 665 328 947 1166 287 295 315 326 633 201 591 1211 48 322 990 697 243 421
728 1096 1019 558 551 1003 1044 294 738 145 1007 1050 970 0 625 1346 541 1042 509 539 913 893 912 464 219 1008 701 1022 884 366 373 502 875 668 378 813 880 778 909 694 379 792 1162 858 946 995 639 500 756 1014
1021 615 636 526 107 621 662 587 146 507 609 668 587 625 0 947 153 643 802 742 1206 495 1204 756 439 625 994 1315 1176 652 333 159 283 483 520 1106 482 396 510 394 639 410 680 1151 575 613 932 702 555 616
1334 711 634 786 911 618 659 971 813 1117 414 665 641 1235 836 0 915 302 1129 1002 1531 388 1530 1084 1092 623 1319 1640 1502 911 1137 963 930 743 1213 1431 386 504 373 592 899 608 776 1476 659 610 1255 962 739 421
937 693 715 604 227 699 740 503 224 423 687 746 666 541 153 1026 0 722 718 748 1122 573 1120 672 355 704 910 1231 1092 575 400 280 361 562 436 1022 560 475 588 473 587 489 759 1067 654 691 848 708 633 694
1590 966 890 1041 1167 874 915 1226 1069 1372 670 921 897 1491 1092 841 1171 0 1385 1257 1787 644 1785 1339 1347 878 1575 1896 1757 1167 1393 1219 1186 999 1468 1687 641 760 628 847 1154 864 1032 1732 915 866 1511 1218 995 677
484 990 913 453 727 897 938 245 747 391 901 944 864 509 802 1240 718 936 0 295 428 787 427 109 395 902 216 537 399 261 549 679 814 562 554 328 774 673 803 588 273 687 1056 373 840 889 186 255 650 908
359 863 785 325 758 769 811 275 619 421 774 816 736 539 742 1113 748 808 295 0 613 660 612 250 425 774 401 722 584 291 580 709 687 435 585 513 647 545 675 461 286 559 929 558 713 761 337 99 522 781
754 1392 1315 854 1131 1299 1340 649 1149 795 1303 1346 1266 913 1206 1642 1122 1338 428 613 0 1189 61 513 799 1304 241 286 78 664 953 1083 1216 964 958 178 1176 1074 1205 990 677 1089 1458 80 1242 1291 305 635 1052 1310
993 369 292 444 569 276 317 629 471 775 160 323 299 893 495 499 573 195 787 660 1189 0 1188 742 750 281 977 1298 1160 569 795 621 589 401 871 1089 88 162 75 250 557 266 434 1134 317 268 913 620 397 168
752 1391 1313 853 1130 1297 1339 647 1147 793 1302 1344 1264 912 1204 1641 1120 1336 427 612 61 1188 0 512 798 1302 240 296 77 663 952 1082 1215 963 957 188 1175 1073 1203 989 675 1087 1457 79 1240 1289 303 633 1050 1309
438 945 867 407 682 851 893 199 701 345 856 898 818 464 756 1195 672 890 109 250 513 742 512 0 350 856 301 622 484 215 504 634 769 517 509 413 729 627 757 543 227 641 1011 458 795 843 270 210 604 863
614 953 875 415 364 860 901 180 552 100 864 906 826 219 439 1203 355 898 395 425 799 750 798 350 0 864 587 908 770 252 186 316 689 525 191 699 737 635 765 551 265 649 1019 744 803 851 525 386 612 871
1107 507 113 558 700 97 80 743 602 889 395 85 335 1008 625 734 704 429 902 774 1304 281 1302 856 864 0 1091 1413 1274 684 926 752 703 516 985 1204 268 277 296 364 671 380 572 1248 353 89 1028 734 433 402
542 1180 1103 642 919 1087 1128 437 937 583 1091 1134 1054 701 994 1430 910 1126 216 401 241 977 240 301 587 1091 0 350 212 452 741 871 1004 752 746 141 964 862 992 778 465 876 1246 186 1030 1079 92 422 840 1098
863 1501 1424 963 1240 1408 1449 758 1258 904 1412 1455 1375 1022 1315 1751 1231 1447 537 722 286 1298 296 622 908 1413 350 0 350 773 1062 1192 1325 1073 1067 297 1285 1183 1314 1099 786 1198 1567 352 1351 1400 414 744 1161 1419
724 1363 1285 825 1102 1269 1311 619 1119 765 1274 1316 1236 884 1176 1613 1092 1308 399 584 78 1160 77 484 770 1274 212 350 0 635 924 1054 1187 935 929 242 1147 1045 1175 961 647 1059 1429 51 1212 1261 275 605 1022 1281
480 773 695 235 585 679 720 102 529 248 684 726 646 366 652 1022 575 718 261 291 664 569 663 215 252 684 452 773 635 0 407 536 596 344 412 565 557 455 585 370 71 469 838 609 622 671 390 251 432 691
768 915 937 531 259 921 963 334 446 254 909 968 888 373 333 1248 400 944 549 580 953 795 952 504 186 926 741 1062 924 407 0 210 583 641 268 853 782 697 811 667 419 711 981 898 876 913 679 540 728 916
898 741 763 653 85 747 789 464 272 384 736 794 714 502 159 1074 280 770 679 709 1083 621 1082 634 316 752 871 1192 1054 536 210 0 410 610 397 983 609 523 637 521 549 537 807 1028 702 739 809 669 682 743
1020 729 714 471 357 698 739 656 160 757 703 745 665 875 283 1041 361 737 814 687 1216 589 1215 769 689 703 1004 1325 1187 596 583 410 0 428 770 1116 576 474 604 389 584 488 794 1161 653 690 940 647 503 710
767 604 527 219 558 511 552 404 361 549 515 558 328 668 483 854 562 550 562 435 964 401 963 517 525 516 752 1073 935 344 641 610 428 0 646 864 388 287 417 202 332 254 670 909 314 503 688 395 114 522
773 1074 996 536 446 980 1022 339 633 259 985 1027 947 378 520 1324 436 1019 554 585 958 871 957 509 191 985 746 1067 929 412 268 397 770 646 0 858 858 756 886 672 424 770 1140 903 923 972 684 545 733 992
654 1292 1215 755 1031 1199 1240 549 1049 695 1203 1246 1166 813 1106 1542 1022 1238 328 513 178 1089 188 413 699 1204 141 297 242 565 853 983 1116 864 858 0 1076 975 1105 890 577 989 1358 244 1142 1191 205 535 952 1210
980 356 279 431 556 263 305 616 459 762 158 310 287 880 482 496 560 192 774 647 1176 88 1175 729 737 268 964 1285 1147 557 782 609 576 388 858 1076 0 150 73 237 544 253 422 1121 304 255 900 607 384 165
878 366 288 329 471 272 313 514 373 660 277 319 295 778 396 615 475 311 673 545 1074 162 1073 627 635 277 862 1183 1045 455 697 523 474 287 756 975 150 0 178 135 442 151 431 1019 313 264 798 505 296 284
1008 384 307 459 585 291 333 644 487 790 145 338 315 909 510 484 588 179 803 675 1205 75 1203 757 765 296 992 1314 1175 585 811 637 604 417 886 1105 73 178 0 265 572 281 450 1149 332 283 929 635 412 152
794 453 375 245 469 359 401 430 322 576 364 406 326 694 394 703 473 398 588 461 990 250 989 543 551 364 778 1099 961 370 667 521 389 202 672 890 237 135 265 0 358 149 519 935 314 351 714 421 211 371
492 760 682 222 597 666 708 114 516 260 671 713 633 379 639 1010 587 705 273 286 677 557 675 227 265 671 465 786 647 71 419 549 584 332 424 577 544 442 572 358 0 456 826 622 610 658 403 246 419 678
892 469 391 343 485 376 417 528 387 674 380 422 201 792 410 719 489 414 687 559 1089 266 1087 641 649 380 876 1198 1059 469 711 537 488 254 770 989 253 151 281 149 456 0 535 1033 189 368 813 519 170 387
1261 134 583 713 755 567 609 898 657 1043 549 614 591 1162 680 887 759 583 1056 929 1458 434 1457 1011 1019 572 1246 1567 1429 838 981 807 794 670 1140 1358 422 431 450 519 826 535 0 1403 608 559 1182 889 679 556
699 1337 1260 799 1076 1244 1285 594 1094 740 1248 1291 1211 858 1151 1587 1067 1283 373 558 80 1134 79 458 744 1248 186 352 51 609 898 1028 1161 909 903 244 1121 1019 1149 935 622 1033 1403 0 1187 1236 249 579 997 1255
1045 543 364 461 650 348 389 681 552 827 431 395 48 946 575 770 654 465 840 713 1242 317 1240 795 803 353 1030 1351 1212 622 876 702 653 314 923 1142 304 313 332 314 610 189 608 1187 0 340 966 673 231 438
1094 494 90 545 687 59 126 730 590 876 382 131 322 995 613 721 691 416 889 761 1291 268 1289 843 851 89 1079 1400 1261 671 913 739 690 503 972 1191 255 264 283 351 658 368 559 1236 340 0 1015 722 420 389
478 1116 1039 578 857 1023 1064 375 873 521 1027 1070 990 639 932 1366 848 1062 186 337 305 913 303 270 525 1028 92 414 275 390 679 809 940 688 684 205 900 798 929 714 403 813 1182 249 966 1015 0 359 776 1034
399 823 746 285 718 730 771 235 580 381 734 777 697 500 702 1073 708 769 255 99 635 620 633 210 386 734 422 744 605 251 540 669 647 395 545 535 607 505 635 421 246 519 889 579 673 722 359 0 483 741
855 614 444 271 630 428 469 491 435 637 511 475 243 756 555 850 633 546 650 522 1052 397 1050 604 612 433 840 1161 1022 432 728 682 503 114 733 952 384 296 412 211 419 170 679 997 231 420 776 483 0 518
1114 490 413 565 690 397 438 750 593 896 31 444 421 1014 616 532 694 228 908 781 1310 168 1309 863 871 402 1098 1419 1281 691 916 743 710 522 992 1210 165 284 152 371 678 387 556 1255 438 389 1034 741 518 0
EOF