NAME : tsp_problem
TYPE : TSP
DIMENSION : 56
EDGE_WEIGHT_TYPE : EXPLICIT
EDGE_WEIGHT_FORMAT : FULL_MATRIX
EDGE_WEIGHT_SECTION
0 489 328 891 221 501 219 770 770 275 1089 465 524 889 912 1009 1602 309 400 1103 1012 852 967 608 433 187 667 319 273 560 584 100 496 154 954 979 763 500 819 989 970 592 588 322 625 320 264 844 519 554 453 341 448 893 967 363
489 0 320 883 670 950 301 479 762 725 1080 914 515 880 904 1000 1594 759 849 1095 1003 843 958 317 882 428 659 200 722 690 293 549 946 356 945 970 754 491 810 981 961 301 297 771 335 226 713 836 510 97 903 790 72 884 958 812
328 320 0 613 509 790 140 600 492 564 811 753 246 611 634 730 1324 598 688 825 734 574 689 438 722 267 389 149 561 529 415 388 785 195 676 701 484 222 541 711 692 423 419 610 456 151 552 566 241 385 742 630 279 615 689 651
891 883 613 0 1070 1350 703 880 304 1125 500 1314 525 293 301 397 991 1159 1249 515 185 240 140 934 1282 830 386 712 1122 1079 881 951 1346 758 342 152 351 501 255 162 143 918 914 1171 951 714 1113 233 520 948 1303 1190 842 101 140 1212
221 670 509 1070 0 307 400 950 949 82 1267 271 702 1067 1091 1187 1781 151 239 1282 1190 1030 1145 788 239 368 846 499 79 607 765 208 303 334 1132 1157 941 678 997 1168 1148 773 768 128 806 501 106 1023 697 735 259 147 629 1071 1145 169
501 950 790 1350 307 0 681 1231 1230 271 1548 354 983 1348 1371 1468 2061 432 425 1562 1471 1311 1426 1069 167 648 1126 780 254 887 1045 489 230 615 1413 1438 1222 959 1278 1448 1429 1053 1049 317 1087 781 387 1303 978 1016 187 186 909 1352 1426 226
219 301 140 703 400 681 0 581 582 455 900 644 335 700 724 820 1414 489 579 915 823 663 778 419 613 158 479 130 452 420 396 279 676 86 765 790 574 311 630 801 781 404 399 501 437 132 443 656 330 366 633 521 260 704 778 542
770 479 600 880 950 1231 581 0 798 1005 978 1194 728 889 885 981 1575 1039 1129 993 1001 824 956 251 1163 708 787 481 1002 970 291 830 1226 637 926 968 557 704 808 978 959 257 294 1051 244 506 994 817 723 544 1183 1071 438 882 956 1092
770 762 492 304 949 1230 582 798 0 1004 595 1193 291 162 404 500 1094 1038 1128 609 425 343 380 813 1162 709 126 591 1001 958 789 830 1225 637 445 392 269 345 80 402 383 797 793 1050 830 593 992 336 294 827 1182 1069 721 306 380 1091
275 725 564 1125 82 271 455 1005 1004 0 1322 204 757 1122 1146 1242 1836 206 173 1337 1245 1085 1200 843 203 423 901 554 42 662 819 263 266 389 1187 1212 996 733 1052 1223 1203 828 823 91 861 556 161 1078 752 790 223 111 684 1126 1200 132
1089 1080 811 500 1267 1548 900 978 595 1322 0 1511 722 592 498 594 1188 1356 1446 71 621 437 576 1131 1480 1027 584 909 1319 1276 979 1149 1543 956 539 587 546 698 554 598 579 1116 1111 1369 1146 911 1311 430 717 1145 1500 1388 1039 502 575 1410
465 914 753 1314 271 354 644 1194 1193 204 1511 0 946 1311 1335 1431 2025 190 92 1526 1434 1274 1389 1032 238 612 1090 743 231 851 1009 452 211 578 1376 1401 1185 922 1241 1412 1392 1017 1013 167 1050 745 236 1267 941 979 187 195 873 1315 1389 174
524 515 246 525 702 983 335 728 291 757 722 946 0 409 546 642 1236 791 881 737 645 485 600 566 915 462 293 345 754 711 542 584 978 391 587 612 396 98 339 623 603 551 546 804 584 346 746 478 83 580 935 823 474 526 600 845
889 880 611 293 1067 1348 700 889 162 1122 592 1311 409 0 393 489 1083 1156 1246 607 414 332 369 931 1280 827 257 709 1119 1076 890 949 1343 756 434 381 360 463 139 391 372 916 911 1168 949 711 1111 325 413 945 1300 1188 839 295 369 1209
912 904 634 301 1091 1371 724 885 404 1146 498 1335 546 393 0 152 804 1179 1270 512 422 104 377 955 1303 850 407 733 1143 1099 885 972 1367 779 97 388 372 521 355 399 379 939 935 1192 972 734 1134 112 540 969 1323 1211 862 303 376 1233
1009 1000 730 397 1187 1468 820 981 500 1242 594 1431 642 489 152 0 900 1276 1366 608 518 200 473 1051 1400 947 503 829 1239 1196 982 1068 1463 875 139 485 469 618 451 495 476 1035 1031 1288 1069 831 1230 209 637 1065 1420 1308 959 399 473 1329
1238 1230 960 627 1417 1698 1050 1211 730 1472 824 1661 872 719 440 536 0 1506 1596 838 748 430 703 1281 1630 1177 733 1059 1469 1426 1212 1298 1693 1105 482 715 699 848 681 725 706 1265 1261 1518 1298 1061 1460 439 867 1295 1650 1537 1189 629 703 1559
309 759 598 1159 151 432 489 1039 1038 206 1356 190 791 1156 1179 1276 1870 0 120 1371 1279 1119 1234 877 364 456 935 588 204 695 853 297 380 423 1221 1246 1030 767 1086 1257 1237 862 857 234 895 589 76 1112 786 824 357 272 717 1160 1234 294
400 849 688 1249 239 425 579 1129 1128 173 1446 92 881 1246 1270 1366 1960 120 0 1461 1370 1209 1325 967 309 547 1025 678 200 786 944 388 282 513 1311 1336 1120 857 1176 1347 1327 952 948 136 985 680 166 1202 876 914 258 267 808 1251 1324 245
1103 1095 825 515 1282 1562 915 993 609 1337 71 1526 737 607 512 608 1202 1371 1461 0 635 452 590 1146 1494 1041 598 924 1334 1290 993 1163 1558 970 554 602 560 713 568 613 593 1130 1126 1383 1160 926 1325 444 731 1160 1515 1402 1054 516 590 1424
1012 1003 734 185 1190 1471 823 1001 425 1245 621 1434 645 414 422 518 1112 1279 1370 635 0 361 183 1054 1403 950 507 833 1242 1199 1002 1072 1466 879 463 115 472 621 376 125 73 1039 1035 1292 1072 834 1234 354 640 1068 1423 1311 962 187 103 1333
852 843 574 240 1030 1311 663 824 343 1085 437 1274 485 332 104 200 794 1119 1209 452 361 0 316 894 1243 790 347 672 1082 1039 825 911 1306 719 145 328 312 461 294 338 319 879 874 1131 912 674 1074 59 480 908 1263 1151 802 242 316 1172
967 958 689 140 1145 1426 778 956 380 1200 576 1389 600 369 377 473 1067 1234 1325 590 183 316 0 1009 1358 905 462 788 1197 1154 957 1027 1421 834 418 150 427 576 331 161 141 994 990 1247 1027 789 1189 309 595 1023 1378 1266 917 142 138 1288
608 317 438 934 788 1069 419 251 813 843 1131 1032 566 931 955 1051 1645 877 967 1146 1054 894 1009 0 1001 546 710 319 840 809 255 668 1064 475 996 1021 732 542 861 1032 1012 94 98 890 80 344 832 887 561 382 1021 909 276 935 1009 931
433 882 722 1282 239 167 613 1163 1162 203 1480 238 915 1280 1303 1400 1994 364 309 1494 1403 1243 1358 1001 0 580 1058 712 186 819 977 421 114 547 1345 1370 1154 891 1210 1380 1361 985 981 249 1019 713 319 1235 910 948 91 118 841 1284 1358 158
187 428 267 830 368 648 158 708 709 423 1027 612 462 827 850 947 1541 456 547 1041 950 790 905 546 580 0 606 257 420 498 522 247 644 92 892 917 701 438 757 928 908 530 526 469 564 258 411 782 457 493 600 488 386 831 905 510
667 659 389 386 846 1126 479 787 126 901 584 1090 293 257 407 503 1097 935 1025 598 507 347 462 710 1058 606 0 488 898 854 686 727 1122 534 449 474 257 277 175 484 465 694 690 947 727 490 889 339 295 724 1079 966 618 388 462 988
319 200 149 712 499 780 130 481 591 554 909 743 345 709 733 829 1423 588 678 924 833 672 788 319 712 257 488 0 551 519 295 378 775 185 774 799 583 320 639 810 791 303 299 600 336 108 542 665 339 265 732 620 159 714 787 641
273 722 561 1122 79 254 452 1002 1001 42 1319 231 754 1119 1143 1239 1833 204 200 1334 1242 1082 1197 840 186 420 898 551 0 659 817 260 249 386 1184 1209 993 730 1049 1220 1200 825 821 88 858 553 158 1075 749 787 206 94 681 1124 1197 115
560 690 529 1079 607 887 420 970 958 662 1276 851 711 1076 1099 1196 1790 695 786 1290 1199 1039 1154 809 819 498 854 519 659 0 785 620 883 427 1141 1166 950 687 1006 1177 1157 793 789 708 826 521 650 1031 706 755 839 727 649 1080 1154 749
584 293 415 881 765 1045 396 291 789 819 979 1009 542 890 885 982 1576 853 944 993 1002 825 957 255 977 522 686 295 817 785 0 644 1040 451 927 968 558 518 808 979 960 261 281 866 248 320 808 818 537 358 997 885 252 883 956 907
100 549 388 951 208 489 279 830 830 263 1149 452 584 949 972 1068 1662 297 388 1163 1072 911 1027 668 421 247 727 378 260 620 644 0 484 214 1013 1038 822 560 879 1049 1030 652 648 310 685 380 252 904 578 614 441 329 508 953 1026 351
496 946 785 1346 303 230 676 1226 1225 266 1543 211 978 1343 1367 1463 2057 380 282 1558 1466 1306 1421 1064 114 644 1122 775 249 883 1040 484 0 610 1408 1433 1217 954 1273 1444 1424 1049 1044 312 1082 777 382 1299 973 1011 64 181 905 1347 1421 222
154 356 195 758 334 615 86 637 637 389 956 578 391 756 779 875 1469 423 513 970 879 719 834 475 547 92 534 185 386 427 451 214 610 0 820 846 629 367 686 856 837 459 455 435 492 187 378 711 385 421 567 455 315 760 834 476
954 945 676 342 1132 1413 765 926 445 1187 539 1376 587 434 97 139 846 1221 1311 554 463 145 418 996 1345 892 449 774 1184 1141 927 1013 1408 820 0 430 414 563 396 440 421 981 976 1233 1014 776 1176 154 582 1010 1365 1253 904 344 418 1274
979 970 701 152 1157 1438 790 968 392 1212 587 1401 612 381 388 485 1079 1246 1336 602 115 328 150 1021 1370 917 474 799 1209 1166 968 1038 1433 846 430 0 439 588 343 92 73 1006 1001 1258 1039 801 1201 320 607 1035 1390 1278 929 154 69 1299
763 754 484 351 941 1222 574 557 269 996 546 1185 396 360 372 469 1062 1030 1120 560 472 312 427 732 1154 701 257 583 993 950 558 822 1217 629 414 439 0 372 279 449 430 738 758 1042 725 585 984 304 391 819 1174 1062 713 353 427 1083
500 491 222 501 678 959 311 704 345 733 698 922 98 463 521 618 1212 767 857 713 621 461 576 542 891 438 277 320 730 687 518 560 954 367 563 588 372 0 393 599 579 527 522 779 560 322 722 454 93 556 911 799 450 502 576 820
819 810 541 255 997 1278 630 808 80 1052 554 1241 339 139 355 451 1045 1086 1176 568 376 294 331 861 1210 757 175 639 1049 1006 808 879 1273 686 396 343 279 393 0 353 334 846 841 1098 879 641 1041 287 343 875 1230 1118 769 257 331 1139
989 981 711 162 1168 1448 801 978 402 1223 598 1412 623 391 399 495 1089 1257 1347 613 125 338 161 1032 1380 928 484 810 1220 1177 979 1049 1444 856 440 92 449 599 353 0 83 1016 1012 1269 1049 812 1211 331 617 1046 1401 1288 940 164 80 1310
970 961 692 143 1148 1429 781 959 383 1203 579 1392 603 372 379 476 1070 1237 1327 593 73 319 141 1012 1361 908 465 791 1200 1157 960 1030 1424 837 421 73 430 579 334 83 0 997 992 1250 1030 792 1192 312 598 1026 1381 1269 920 145 61 1291
592 301 423 918 773 1053 404 257 797 828 1116 1017 551 916 939 1035 1629 862 952 1130 1039 879 994 94 985 530 694 303 825 793 261 652 1049 459 981 1006 738 527 846 1016 997 0 83 874 86 329 816 871 545 366 1006 893 260 920 994 915
588 297 419 914 768 1049 399 294 793 823 1111 1013 546 911 935 1031 1625 857 948 1126 1035 874 990 98 981 526 690 299 821 789 281 648 1044 455 976 1001 758 522 841 1012 992 83 0 870 123 324 812 867 541 362 1001 889 256 916 989 911
322 771 610 1171 128 317 501 1051 1050 91 1369 167 804 1168 1192 1288 1882 234 136 1383 1292 1131 1247 890 249 469 947 600 88 708 866 310 312 435 1233 1258 1042 779 1098 1269 1250 874 870 0 907 602 207 1124 798 836 269 157 730 1173 1246 179
625 335 456 951 806 1087 437 244 830 861 1146 1050 584 949 972 1069 1662 895 985 1160 1072 912 1027 80 1019 564 727 336 858 826 248 685 1082 492 1014 1039 725 560 879 1049 1030 86 123 907 0 362 849 904 579 400 1039 926 293 953 1027 948
320 226 151 714 501 781 132 506 593 556 911 745 346 711 734 831 1425 589 680 926 834 674 789 344 713 258 490 108 553 521 320 380 777 187 776 801 585 322 641 812 792 329 324 602 362 0 544 667 341 291 733 621 184 715 789 643
264 713 552 1113 106 387 443 994 992 161 1311 236 746 1111 1134 1230 1824 76 166 1325 1234 1074 1189 832 319 411 889 542 158 650 808 252 382 378 1176 1201 984 722 1041 1211 1192 816 812 207 849 544 0 1066 741 778 339 227 672 1115 1189 248
844 836 566 233 1023 1303 656 817 336 1078 430 1267 478 325 112 209 803 1112 1202 444 354 59 309 887 1235 782 339 665 1075 1031 818 904 1299 711 154 320 304 454 287 331 312 871 867 1124 904 667 1066 0 472 901 1256 1143 795 235 308 1165
519 510 241 520 697 978 330 723 294 752 717 941 83 413 540 637 1231 786 876 731 640 480 595 561 910 457 295 339 749 706 537 578 973 385 582 607 391 93 343 617 598 545 541 798 579 341 741 472 0 575 930 818 469 521 595 839
554 97 385 948 735 1016 366 544 827 790 1145 979 580 945 969 1065 1659 824 914 1160 1068 908 1023 382 948 493 724 265 787 755 358 614 1011 421 1010 1035 819 556 875 1046 1026 366 362 836 400 291 778 901 575 0 968 855 139 950 1023 877
453 903 742 1303 259 187 633 1183 1182 223 1500 187 935 1300 1323 1420 2014 357 258 1515 1423 1263 1378 1021 91 600 1079 732 206 839 997 441 64 567 1365 1390 1174 911 1230 1401 1381 1006 1001 269 1039 733 339 1256 930 968 0 138 861 1304 1378 179
341 790 630 1190 147 186 521 1071 1069 111 1388 195 823 1188 1211 1308 1901 272 267 1402 1311 1151 1266 909 118 488 966 620 94 727 885 329 181 455 1253 1278 1062 799 1118 1288 1269 893 889 157 926 621 227 1143 818 855 138 0 749 1192 1266 66
448 72 279 842 629 909 260 438 721 684 1039 873 474 839 862 959 1553 717 808 1054 962 802 917 276 841 386 618 159 681 649 252 508 905 315 904 929 713 450 769 940 920 260 256 730 293 184 672 795 469 139 861 749 0 843 917 771
893 884 615 101 1071 1352 704 882 306 1126 502 1315 526 295 303 399 993 1160 1251 516 187 242 142 935 1284 831 388 714 1124 1080 883 953 1347 760 344 154 353 502 257 164 145 920 916 1173 953 715 1115 235 521 950 1304 1192 843 0 142 1214
967 958 689 140 1145 1426 778 956 380 1200 575 1389 600 369 376 473 1067 1234 1324 590 103 316 138 1009 1358 905 462 787 1197 1154 956 1026 1421 834 418 69 427 576 331 80 61 994 989 1246 1027 789 1189 308 595 1023 1378 1266 917 142 0 1287
363 812 651 1212 169 226 542 1092 1091 132 1410 174 845 1209 1233 1329 1923 294 245 1424 1333 1172 1288 931 158 510 988 641 115 749 907 351 222 476 1274 1299 1083 820 1139 1310 1291 915 911 179 948 643 248 1165 839 877 179 66 771 1214 1287 0
EOF