NAME : tsp_problem
TYPE : TSP
DIMENSION : 82
EDGE_WEIGHT_TYPE : EXPLICIT
EDGE_WEIGHT_FORMAT : FULL_MATRIX
EDGE_WEIGHT_SECTION
0 966 563 688 865 1127 903 924 632 392 826 1353 865 423 887 213 816 233 865 209 898 363 942 1200 525 615 902 543 1007 1139 141 404 1199 972 301 564 597 502 215 309 1220 923 954 1411 864 222 233 675 1268 529 804 288 145 862 1435 611 1161 144 645 451 1394 400 709 896 1126 790 335 955 428 1006 381 454 233 107 658 1410 334 867 508 129 860 942
966 0 788 427 282 779 1702 129 610 648 286 1004 250 1222 182 1012 248 819 140 1009 547 749 591 852 1324 689 267 598 112 802 878 991 850 83 887 445 736 1090 802 895 871 246 321 1062 200 809 1027 497 919 1116 334 874 868 278 1086 585 813 860 443 578 1045 987 407 545 777 317 889 210 1014 161 968 645 820 950 732 1062 720 196 1096 924 203 605
563 788 0 702 809 949 1299 746 223 309 814 1175 777 819 709 608 638 365 688 605 720 360 764 1022 921 512 794 555 829 961 474 509 1021 794 405 386 86 700 413 413 1042 774 776 1233 686 420 624 497 1090 727 818 413 465 806 1257 247 983 456 467 237 1216 504 723 718 948 803 255 927 532 878 579 351 370 546 555 1232 331 689 707 520 682 764
688 427 702 0 406 945 1424 344 698 517 386 1170 204 944 272 734 414 558 355 731 713 375 757 1018 1046 289 392 197 427 968 600 729 1017 423 626 611 672 728 506 633 1038 371 487 1228 366 508 749 663 1085 755 364 612 590 403 1253 673 979 582 610 514 1211 725 105 712 943 166 627 515 753 475 607 416 558 672 332 1228 424 363 735 646 369 771
865 282 809 406 0 799 1601 198 630 669 92 1024 228 1121 160 911 268 734 209 907 567 552 611 872 1223 466 95 374 281 822 776 906 871 277 802 465 756 905 682 810 892 116 341 1083 220 685 926 517 939 932 131 789 767 84 1107 606 833 758 464 598 1065 901 385 566 798 296 804 282 929 329 783 593 735 848 509 1082 600 217 911 822 224 625
1127 779 949 945 799 0 1863 737 771 809 804 251 767 1383 699 1173 560 980 678 1170 264 910 220 99 1485 967 785 1010 820 625 1039 1152 150 785 1049 606 897 1251 963 1056 118 764 699 309 608 970 1188 530 218 1277 872 1035 1029 796 333 746 112 1021 539 739 292 1148 924 265 76 835 1050 917 1175 868 1129 806 981 1111 1010 309 881 612 1257 1085 605 428
920 1719 1316 1441 1618 1880 0 1677 1385 1145 1580 2106 1619 1014 1640 824 1569 986 1619 821 1651 1116 1695 1953 474 1368 1655 1296 1760 1892 894 1158 1952 1726 1054 1317 1350 1256 968 1062 1973 1676 1707 2164 1617 975 986 1428 2021 1282 1557 1041 899 1615 2188 1364 1914 897 1398 1205 2147 1153 1463 1649 1879 1543 1089 1708 1181 1759 1134 1207 986 904 1411 2164 1087 1620 1262 883 1613 1695
924 129 746 344 198 737 1660 0 568 606 203 962 166 1180 98 970 206 777 147 967 505 692 549 810 1282 605 183 514 128 760 836 949 808 125 845 403 694 1045 760 853 829 162 279 1020 158 767 985 455 877 1072 271 832 826 195 1044 543 771 818 401 536 1003 945 323 503 735 234 847 226 972 177 923 603 778 908 648 1020 678 154 1051 882 161 563
632 610 223 698 630 771 1368 568 0 281 635 996 598 888 530 677 459 434 509 674 541 418 585 844 990 475 616 518 651 783 543 578 843 616 474 207 170 759 471 482 863 595 598 1054 507 478 693 319 911 786 703 482 534 627 1078 80 805 525 288 209 1037 573 719 540 769 666 324 749 601 699 637 314 439 615 518 1054 389 510 765 589 504 585
392 648 309 517 669 809 1128 606 281 0 655 1035 637 648 569 438 498 245 547 434 580 175 624 882 750 297 654 340 689 821 304 417 881 654 313 246 246 515 228 321 902 633 636 1093 546 235 453 357 950 542 633 300 294 665 1117 293 843 286 327 133 1076 412 538 578 808 618 269 783 440 738 394 136 245 376 340 1092 146 549 521 349 542 624
826 286 814 386 92 804 1562 203 635 655 0 1029 233 1082 165 872 273 696 214 869 572 513 616 877 1184 427 100 336 285 827 738 867 876 282 764 470 761 867 644 771 896 121 346 1087 225 646 887 522 944 893 93 751 728 89 1111 611 838 720 469 603 1070 863 390 571 802 301 765 243 891 295 745 554 696 810 470 1087 562 222 873 784 228 630
1353 1004 1175 1170 1024 251 2088 962 996 1035 1029 0 992 1609 924 1398 786 1206 903 1395 489 1135 445 189 1710 1192 1010 1235 1045 850 1264 1377 360 1010 1274 831 1122 1476 1188 1281 268 989 924 198 834 1195 1414 755 319 1503 1097 1260 1255 1021 222 972 337 1246 764 964 61 1373 1149 490 302 1060 1275 1143 1401 1093 1354 1031 1206 1336 1235 197 1106 837 1482 1310 830 653
865 250 777 204 228 767 1601 166 598 637 233 992 0 1121 94 911 237 735 178 908 535 552 580 840 1223 466 214 375 249 791 777 906 839 246 803 434 724 906 683 810 860 193 310 1051 188 685 926 486 908 932 301 790 767 225 1075 574 801 759 432 566 1033 902 183 534 766 94 804 347 930 297 784 593 735 849 509 1050 601 185 912 823 192 593
266 1066 662 788 964 1227 861 1024 731 492 926 1452 965 0 986 171 915 332 965 167 997 462 1041 1300 483 714 1001 643 1107 1239 241 504 1299 1072 401 663 696 602 314 408 1319 1022 1054 1510 963 321 332 775 1367 629 904 387 245 962 1534 711 1261 243 744 551 1493 500 809 996 1225 889 435 1054 527 1106 480 553 333 250 757 1510 433 966 608 229 960 1041
887 182 709 272 160 699 1623 98 530 569 165 924 94 1143 0 932 168 740 109 929 467 620 511 772 1245 534 146 443 181 722 798 911 771 177 808 365 656 974 723 815 792 125 241 983 120 729 948 417 839 1000 233 794 789 157 1007 506 733 780 364 498 965 907 251 466 698 162 809 278 935 229 852 565 740 870 577 982 641 117 980 844 124 525
673 1472 1069 1194 1371 1633 759 1430 1137 898 1332 1858 1371 766 1393 0 1322 739 1371 574 1403 868 1448 1706 381 1121 1408 1049 1513 1645 647 910 1705 1478 807 1070 1102 1008 721 814 1726 1429 1460 1917 1369 728 739 1181 1774 1035 1310 794 651 1368 1941 1117 1667 650 1150 957 1899 906 1215 1402 1632 1295 841 1461 934 1512 886 960 739 656 1164 1916 840 1373 1014 635 1366 1448
816 248 638 414 268 560 1552 206 459 498 273 786 237 1072 168 861 0 669 147 858 329 598 373 633 1174 655 254 585 289 584 727 840 632 254 737 294 585 939 652 744 653 233 168 844 78 658 877 346 701 966 342 723 718 265 868 435 594 709 225 427 827 836 394 327 559 304 738 387 864 338 817 494 669 799 698 843 570 81 945 773 74 386
233 819 365 558 734 980 969 777 434 245 696 1206 735 489 740 279 669 0 718 275 751 216 795 1053 591 468 771 412 860 992 144 207 1052 825 104 417 399 379 91 111 1073 792 807 1264 717 98 294 528 1121 405 674 90 135 732 1288 458 1014 126 498 304 1247 203 579 749 979 659 138 824 231 876 257 307 47 216 511 1263 187 720 385 190 713 795
865 140 688 355 209 678 1601 147 509 547 214 903 178 1122 109 911 147 718 0 908 446 648 490 751 1223 617 195 525 214 701 777 890 750 146 787 344 635 989 701 794 770 174 220 961 99 708 927 396 818 1016 283 773 768 206 985 485 712 759 343 477 944 886 335 445 676 245 788 312 914 263 867 544 719 849 660 961 619 96 995 823 102 504
648 1448 1044 1170 1346 1609 734 1406 1113 873 1308 1834 1347 742 1368 552 1297 714 1347 0 1379 844 1423 1682 356 1096 1383 1025 1489 1621 623 886 1681 1454 782 1045 1078 984 696 790 1701 1404 1436 1892 1345 703 714 1157 1749 1011 1286 769 627 1344 1916 1093 1643 625 1126 933 1875 882 1191 1377 1607 1271 817 1436 909 1488 862 935 715 632 1139 1892 815 1348 990 611 1342 1423
898 547 720 713 567 264 1633 505 541 580 572 489 535 1154 467 943 329 751 446 940 0 680 76 337 1256 737 553 780 588 527 809 922 335 553 819 376 667 1021 733 826 356 532 467 547 377 740 959 343 404 1048 640 805 800 564 571 517 298 791 307 509 530 918 692 72 262 603 820 686 946 636 899 576 751 881 780 547 651 380 1027 855 373 330
363 749 360 375 552 910 1099 692 418 175 513 1135 552 619 620 408 598 216 648 405 680 0 724 983 721 322 589 230 699 922 274 387 982 755 284 346 392 486 198 291 1003 610 737 1194 646 205 424 458 1050 513 491 270 265 549 1218 394 944 256 427 234 1176 383 396 679 908 477 285 642 411 693 364 236 216 346 365 1193 87 649 492 320 643 724
942 591 764 757 611 220 1678 549 585 624 616 445 580 1198 511 987 373 795 490 984 76 724 0 293 1300 781 597 825 632 571 853 966 292 597 863 420 711 1065 778 870 313 576 511 504 421 784 1003 388 360 1092 685 849 844 608 528 561 254 835 351 553 486 962 737 77 219 647 864 730 990 681 943 620 795 925 824 503 696 424 1071 899 417 374
1200 852 1022 1018 872 99 1936 810 844 882 877 189 840 1456 772 1246 633 1053 751 1243 337 983 293 0 1558 1040 858 1083 893 698 1112 1225 223 858 1122 679 970 1324 1036 1129 116 837 772 248 681 1043 1261 603 289 1350 945 1108 1102 869 272 819 185 1094 612 812 231 1221 997 338 149 908 1123 990 1248 941 1202 879 1054 1184 1083 247 954 685 1330 1158 678 501
542 1341 938 1063 1240 1503 474 1299 1007 767 1202 1728 1241 636 1262 446 1191 608 1241 443 1273 738 1317 1576 0 990 1277 918 1382 1514 516 780 1574 1348 676 939 972 878 590 684 1595 1298 1329 1786 1239 597 608 1050 1643 904 1179 663 521 1238 1810 986 1536 519 1020 827 1769 775 1085 1271 1501 1165 711 1330 803 1381 756 829 608 526 1033 1786 709 1242 884 505 1235 1317
615 689 512 289 466 967 1351 605 475 297 427 1192 466 871 534 660 655 468 617 657 737 322 781 1040 973 0 503 110 613 979 526 639 1039 685 536 403 449 675 451 543 1060 524 749 1250 628 455 676 515 1107 702 405 522 517 463 1275 451 1001 508 484 291 1233 635 310 736 965 390 537 556 663 607 553 194 468 598 94 1250 369 624 681 572 631 781
902 267 794 392 95 785 1638 183 616 654 100 1010 214 1158 146 948 254 771 195 944 553 589 597 858 1260 503 0 411 266 808 813 943 857 263 840 451 742 942 720 847 877 124 327 1068 206 722 963 503 925 969 168 826 804 92 1092 592 819 796 450 584 1051 939 371 552 783 282 841 319 966 315 820 630 772 886 546 1068 638 202 948 859 209 611
543 598 555 197 374 1010 1279 514 518 340 336 1235 375 799 443 589 585 412 525 586 780 230 825 1083 901 110 411 0 522 1022 455 584 1082 594 481 447 492 583 361 488 1103 432 657 1294 536 363 604 558 1151 610 313 467 445 372 1318 494 1044 437 528 334 1277 580 219 779 1009 299 482 464 608 516 461 237 413 527 153 1293 279 533 589 501 540 825
1007 112 829 427 281 820 1743 128 651 689 285 1045 249 1263 181 1053 289 860 214 1050 588 699 632 893 1365 613 266 522 0 843 919 1032 891 108 928 486 777 1053 830 936 912 245 362 1103 241 832 1068 538 960 1079 245 915 909 277 1127 626 854 901 484 619 1086 1028 406 586 818 317 930 121 1055 104 931 686 861 991 656 1103 748 237 1059 965 244 645
1139 802 961 968 822 625 1875 760 783 821 827 850 791 1395 722 1185 584 992 701 1182 527 922 571 698 1497 979 808 1022 843 0 1051 1164 697 808 1060 618 909 1262 975 1068 718 787 722 909 632 982 1200 485 765 1289 896 1047 1041 819 933 758 659 1033 562 751 891 1159 947 526 623 858 1062 941 1187 891 1141 818 993 1123 1022 908 893 635 1269 1097 628 254
141 878 474 600 776 1039 877 836 543 304 738 1264 777 397 798 187 727 144 777 184 809 274 853 1112 499 526 813 455 919 1051 0 316 1111 884 213 475 508 414 126 220 1132 834 866 1322 775 133 202 587 1179 441 716 199 71 774 1346 523 1073 70 556 363 1305 312 621 808 1037 701 247 866 340 918 292 365 145 125 569 1322 245 778 420 99 772 853
404 991 509 729 906 1152 1140 949 578 417 867 1377 906 661 911 450 840 207 890 447 922 387 966 1225 762 639 943 584 1032 1164 316 0 1224 997 159 588 542 550 263 167 1245 964 979 1435 888 270 466 700 1292 577 845 255 306 903 1460 602 1186 298 669 476 1418 51 750 921 1150 831 281 996 79 1047 428 478 212 388 682 1435 358 891 556 362 885 966
1199 850 1021 1017 871 150 1935 808 843 881 876 360 839 1455 771 1245 632 1052 750 1242 335 982 292 223 1557 1039 857 1082 891 697 1111 1224 0 857 1120 678 969 1322 1035 1128 235 836 771 433 680 1042 1260 602 93 1349 944 1107 1101 868 457 818 63 1093 611 811 363 1219 996 337 115 907 1122 989 1247 940 1201 878 1053 1183 1082 433 953 683 1329 1157 677 499
972 83 794 423 277 785 1708 125 616 654 282 1010 246 1229 177 1018 254 825 146 1015 553 755 597 858 1330 685 263 594 108 808 884 997 857 0 894 451 742 1096 808 901 877 242 327 1068 206 815 1033 503 925 1123 330 880 874 274 1092 592 819 866 450 584 1051 993 403 552 783 313 895 206 1021 157 974 651 826 956 728 1068 726 202 1102 930 209 611
301 887 405 626 802 1049 1037 845 474 313 764 1274 803 557 808 347 737 104 787 343 819 284 863 1122 659 536 840 481 928 1060 213 159 1120 894 0 485 439 447 159 98 1141 860 875 1332 785 166 362 596 1189 474 742 152 203 800 1356 498 1082 195 566 373 1315 154 647 817 1047 727 178 892 182 944 325 375 108 285 579 1332 255 788 453 259 781 863
564 445 386 611 465 606 1300 403 207 246 470 831 434 820 365 610 294 417 344 606 376 346 420 679 922 403 451 447 486 618 475 588 678 451 485 0 333 687 400 493 699 430 433 890 342 407 625 154 746 714 539 472 466 462 914 183 640 457 123 175 872 584 591 375 605 501 486 584 612 535 565 243 417 547 446 889 318 345 693 521 339 420
597 736 86 672 756 897 1333 694 170 246 761 1122 724 853 656 642 585 399 635 639 667 392 711 970 955 449 742 492 777 909 508 542 969 742 439 333 0 733 445 447 989 721 724 1180 633 452 658 445 1037 760 788 447 499 753 1204 195 931 490 414 174 1163 538 693 666 895 773 289 875 566 825 611 288 404 580 492 1180 363 636 739 554 630 711
502 1090 700 728 905 1251 1238 1045 759 515 867 1476 906 758 974 548 939 379 989 545 1021 486 1065 1324 860 675 942 583 1053 1262 414 550 1322 1096 447 687 733 0 320 454 1343 963 1077 1534 987 322 563 798 1391 110 844 433 404 903 1558 734 1285 396 768 575 1517 546 750 1019 1249 830 481 995 574 1047 247 577 379 486 718 1534 457 990 38 460 984 1065
215 802 413 506 682 963 951 760 471 228 644 1188 683 471 723 261 652 91 701 257 733 198 778 1036 573 451 720 361 830 975 126 263 1035 808 159 400 445 320 0 167 1056 741 790 1247 699 58 276 511 1104 347 622 146 117 680 1271 447 997 109 481 287 1230 259 527 732 962 607 194 772 286 824 198 290 92 199 494 1246 170 703 326 172 696 778
309 895 413 633 810 1056 1045 853 482 321 771 1281 810 565 815 354 744 111 794 351 826 291 870 1129 667 543 847 488 936 1068 220 167 1128 901 98 493 447 454 167 0 1149 868 883 1340 792 174 370 604 1196 481 749 159 211 807 1364 506 1090 202 573 380 1322 162 654 825 1055 735 185 900 190 951 333 383 116 292 586 1339 263 795 461 266 789 870
1220 871 1042 1038 892 118 1956 829 863 902 896 268 860 1476 792 1266 653 1073 770 1262 356 1003 313 116 1578 1060 877 1103 912 718 1132 1245 235 877 1141 699 989 1343 1056 1149 0 856 792 327 701 1063 1281 623 193 1370 965 1128 1122 888 351 839 205 1114 632 831 309 1240 1017 358 169 928 1143 1010 1268 961 1221 899 1073 1204 1103 326 974 704 1349 1177 698 520
923 246 774 371 116 764 1659 162 595 633 121 989 193 1179 125 969 233 792 174 965 532 610 576 837 1281 524 124 432 245 787 834 964 836 242 860 430 721 963 741 868 856 0 306 1047 185 743 984 482 904 990 189 847 825 113 1071 571 798 817 429 563 1030 960 350 531 762 261 862 340 987 294 841 630 793 906 567 1047 659 182 969 880 188 590
954 321 776 487 341 699 1690 279 598 636 346 924 310 1210 241 1000 168 807 220 997 467 737 511 772 1312 749 327 657 362 722 866 979 771 327 875 433 724 1077 790 883 792 306 0 982 151 797 1015 485 839 1104 415 862 856 338 1007 573 733 848 364 566 965 974 467 466 697 377 877 460 1002 411 956 633 808 938 792 982 708 154 1084 912 147 525
1411 1062 1233 1228 1083 309 2147 1020 1054 1093 1087 198 1051 1667 983 1457 844 1264 961 1453 547 1194 504 248 1769 1250 1068 1294 1103 909 1322 1435 433 1068 1332 890 1180 1534 1247 1340 327 1047 982 0 892 1254 1472 814 496 1561 1156 1319 1313 1079 78 1030 395 1305 822 1022 239 1431 1208 549 360 1118 1333 1201 1459 1152 1412 1090 1264 1395 1293 63 1165 895 1540 1368 889 711
864 200 686 366 220 608 1600 158 507 546 225 834 188 1120 120 909 78 717 99 906 377 646 421 681 1222 628 206 536 241 632 775 888 680 206 785 342 633 987 699 792 701 185 151 892 0 706 925 394 749 1014 293 771 766 217 916 483 642 757 273 475 875 884 345 375 607 256 786 338 912 289 865 542 717 847 671 891 617 55 993 821 57 434
222 809 420 508 685 970 958 767 478 235 646 1195 685 478 729 268 658 98 708 264 740 205 784 1043 580 455 722 363 832 982 133 270 1042 815 166 407 452 322 58 174 1063 743 797 1254 706 0 283 518 1110 349 624 153 124 682 1278 454 1004 115 487 294 1236 265 529 739 969 609 201 775 293 826 200 297 99 205 498 1253 177 709 328 179 703 784
233 1027 624 749 926 1188 969 985 693 453 887 1414 926 489 948 279 877 294 927 275 959 424 1003 1261 591 676 963 604 1068 1200 202 466 1260 1033 362 625 658 563 276 370 1281 984 1015 1472 925 283 0 736 1329 590 865 349 206 923 1496 672 1222 205 706 513 1455 461 770 957 1187 851 396 1016 489 1067 442 515 294 217 719 1471 395 928 570 132 921 1003
675 497 497 663 517 530 1411 455 319 357 522 755 486 931 417 721 346 528 396 718 343 458 388 603 1033 515 503 558 538 485 587 700 602 503 596 154 445 798 511 604 623 482 485 814 394 518 736 0 671 825 591 583 577 514 838 294 564 569 175 287 797 695 643 342 529 553 598 636 723 587 677 354 529 659 558 813 429 398 805 633 391 287
1268 919 1090 1085 939 218 2004 877 911 950 944 319 908 1524 839 1313 701 1121 818 1310 404 1050 360 289 1626 1107 925 1151 960 765 1179 1292 93 925 1189 746 1037 1391 1104 1196 193 904 839 496 749 1110 1329 671 0 1418 1013 1175 1170 936 520 887 131 1161 679 879 321 1288 1064 405 184 975 1190 1058 1316 1008 1269 946 1121 1251 1150 495 1022 752 1397 1225 745 568
529 1116 727 755 932 1277 1265 1072 786 542 893 1503 932 785 1000 575 966 405 1016 572 1048 513 1092 1350 887 702 969 610 1079 1289 441 577 1349 1123 474 714 760 110 347 481 1370 990 1104 1561 1014 349 590 825 1418 0 871 460 431 929 1585 761 1311 423 795 602 1544 573 776 1046 1276 857 508 1022 601 1073 274 604 406 513 745 1561 484 1017 116 487 1010 1092
804 334 818 364 131 872 1540 271 703 633 93 1097 301 1060 233 850 342 674 283 847 640 491 685 945 1162 405 168 313 245 896 716 845 944 330 742 539 788 844 622 749 965 189 415 1156 293 624 865 591 1013 871 0 728 706 129 1180 679 906 698 537 630 1139 841 385 639 871 330 743 188 869 239 723 532 674 788 448 1155 540 290 850 762 297 698
288 874 413 612 789 1035 1024 832 482 300 751 1260 790 544 794 333 723 90 773 330 805 270 849 1108 646 522 826 467 915 1047 199 255 1107 880 152 472 447 433 146 159 1128 847 862 1319 771 153 349 583 1175 460 728 0 190 787 1343 506 1069 181 552 359 1301 251 634 804 1034 714 186 879 279 930 312 362 95 271 565 1318 242 775 440 245 768 849
145 868 465 590 767 1029 881 826 534 294 728 1255 767 401 789 191 718 135 768 188 800 265 844 1102 503 517 804 445 909 1041 71 306 1101 874 203 466 499 404 117 211 1122 825 856 1313 766 124 206 577 1170 431 706 190 0 764 1337 513 1063 74 547 354 1296 302 611 798 1028 692 237 857 330 908 283 356 135 129 560 1312 236 769 410 103 762 844
862 278 806 403 84 796 1598 195 627 665 89 1021 225 1118 157 908 265 732 206 905 564 549 608 869 1220 463 92 372 277 819 774 903 868 274 800 462 753 903 680 807 888 113 338 1079 217 682 923 514 936 929 129 787 764 0 1103 603 830 756 461 595 1062 899 382 563 794 293 801 279 927 326 781 590 732 846 506 1079 598 214 909 820 220 622
1435 1086 1257 1253 1107 333 2171 1044 1078 1117 1111 222 1075 1691 1007 1481 868 1288 985 1477 571 1218 528 272 1793 1275 1092 1318 1127 933 1346 1460 457 1092 1356 914 1204 1558 1271 1364 351 1071 1007 78 916 1278 1496 838 520 1585 1180 1343 1337 1103 0 1054 420 1329 846 1046 263 1455 1232 573 384 1143 1357 1225 1483 1176 1436 1114 1288 1419 1318 85 1189 919 1564 1392 913 735
611 585 247 673 606 746 1347 543 80 293 611 972 574 867 506 657 435 458 485 654 517 394 561 819 969 451 592 494 626 758 523 602 818 592 498 183 195 734 447 506 839 571 573 1030 483 454 672 294 887 761 679 506 513 603 1054 0 780 505 264 223 1013 597 694 515 745 642 348 724 625 675 613 290 463 595 494 1030 365 486 741 569 479 561
1161 813 983 979 833 112 1897 771 805 843 838 337 801 1417 733 1207 594 1014 712 1204 298 944 254 185 1519 1001 819 1044 854 659 1073 1186 63 819 1082 640 931 1285 997 1090 205 798 733 395 642 1004 1222 564 131 1311 906 1069 1063 830 420 780 0 1055 573 773 378 1182 958 299 110 869 1084 951 1209 902 1163 840 1015 1145 1044 395 915 645 1291 1119 639 462
144 860 456 582 758 1021 880 818 525 286 720 1246 759 400 780 190 709 126 759 186 791 256 835 1094 502 508 796 437 901 1033 70 298 1093 866 195 457 490 396 109 202 1114 817 848 1305 757 115 205 569 1161 423 698 181 74 756 1329 505 1055 0 538 345 1287 294 603 790 1019 683 229 848 322 900 274 347 127 128 551 1304 227 760 402 101 754 835
645 443 467 610 464 539 1381 401 288 327 469 764 432 901 364 690 225 498 343 687 307 427 351 612 1003 484 450 528 484 562 556 669 611 450 566 123 414 768 481 573 632 429 364 822 273 487 706 175 679 795 537 552 547 461 846 264 573 538 0 256 805 665 589 306 537 500 567 582 693 533 646 323 498 628 527 822 398 276 774 602 270 365
451 578 237 514 598 739 1187 536 209 133 603 964 566 708 498 497 427 304 477 494 509 234 553 812 809 291 584 334 619 751 363 476 811 584 373 175 174 575 287 380 831 563 566 1022 475 294 513 287 879 602 630 359 354 595 1046 223 773 345 256 0 1005 472 535 508 737 615 328 717 500 667 453 130 305 435 334 1022 205 478 581 409 472 553
1394 1045 1216 1211 1065 292 2130 1003 1037 1076 1070 61 1033 1650 965 1439 827 1247 944 1436 530 1176 486 231 1752 1233 1051 1277 1086 891 1305 1418 363 1051 1315 872 1163 1517 1230 1322 309 1030 965 239 875 1236 1455 797 321 1544 1139 1301 1296 1062 263 1013 378 1287 805 1005 0 1414 1190 531 343 1101 1316 1184 1442 1134 1395 1072 1247 1377 1276 238 1148 878 1523 1351 871 694
400 987 504 725 901 1148 1136 945 573 412 863 1373 902 656 907 446 836 203 886 443 918 383 962 1221 758 635 939 580 1028 1159 312 51 1219 993 154 584 538 546 259 162 1240 960 974 1431 884 265 461 695 1288 573 841 251 302 899 1455 597 1182 294 665 472 1414 0 746 916 1146 826 277 991 75 1043 424 474 208 384 678 1431 354 887 552 358 881 962
709 407 723 105 385 924 1445 323 719 538 390 1149 183 965 251 755 394 579 335 752 692 396 737 997 1067 310 371 219 406 947 621 750 996 403 647 591 693 750 527 654 1017 350 467 1208 345 529 770 643 1064 776 385 634 611 382 1232 694 958 603 589 535 1190 746 0 691 923 145 648 504 774 454 628 437 579 693 353 1207 445 342 756 667 349 750
896 545 718 712 566 265 1632 503 540 578 571 490 534 1152 466 942 327 749 445 939 72 679 77 338 1254 736 552 779 586 526 808 921 337 552 817 375 666 1019 732 825 358 531 466 549 375 739 957 342 405 1046 639 804 798 563 573 515 299 790 306 508 531 916 691 0 264 602 819 684 944 635 898 575 750 880 779 548 650 378 1025 854 372 328
1126 777 948 943 798 76 1862 735 769 808 802 302 766 1382 698 1172 559 979 676 1168 262 908 219 149 1484 965 783 1009 818 623 1037 1150 115 783 1047 605 895 1249 962 1055 169 762 697 360 607 969 1187 529 184 1276 871 1034 1028 794 384 745 110 1019 537 737 343 1146 923 264 0 833 1048 916 1174 867 1127 805 979 1109 1008 360 880 610 1255 1083 603 426
790 317 803 166 296 835 1525 234 666 618 301 1060 94 1046 162 835 304 659 245 832 603 477 647 908 1148 390 282 299 317 858 701 831 907 313 727 501 773 830 607 735 928 261 377 1118 256 609 851 553 975 857 330 714 692 293 1143 642 869 683 500 615 1101 826 145 602 833 0 728 414 854 365 708 517 659 773 433 1118 525 253 836 747 260 661
335 889 255 627 804 1050 1071 847 324 269 765 1275 804 591 809 381 738 138 788 378 820 285 864 1123 693 537 841 482 930 1062 247 281 1122 895 178 486 289 481 194 185 1143 862 877 1333 786 201 396 598 1190 508 743 186 237 801 1357 348 1084 229 567 328 1316 277 648 819 1048 728 0 894 305 945 359 376 143 319 580 1333 256 789 487 293 783 864
955 210 927 515 282 917 1691 226 749 783 243 1143 347 1211 278 1000 387 824 312 997 686 642 730 990 1313 556 319 464 121 941 866 996 989 206 892 584 875 995 772 900 1010 340 460 1201 338 775 1016 636 1058 1022 188 879 857 279 1225 724 951 848 582 717 1184 991 504 684 916 414 894 0 1019 115 873 683 825 938 599 1200 690 335 1001 912 342 743
428 1014 532 753 929 1175 1164 972 601 440 891 1401 930 684 935 474 864 231 914 470 946 411 990 1248 786 663 966 608 1055 1187 340 79 1247 1021 182 612 566 574 286 190 1268 987 1002 1459 912 293 489 723 1316 601 869 279 330 927 1483 625 1209 322 693 500 1442 75 774 944 1174 854 305 1019 0 1071 452 502 235 412 706 1459 382 915 580 385 908 990
1006 161 878 475 329 868 1742 177 699 738 295 1093 297 1262 229 1052 338 876 263 1049 636 693 681 941 1364 607 315 516 104 891 918 1047 940 157 944 535 825 1047 824 951 961 294 411 1152 289 826 1067 587 1008 1073 239 930 908 326 1176 675 902 900 533 667 1134 1043 454 635 867 365 945 115 1071 0 925 734 876 990 650 1151 742 286 1053 964 293 694
381 968 579 607 783 1129 1116 923 637 394 745 1354 784 637 852 426 817 257 867 423 899 364 943 1202 738 553 820 461 931 1141 292 428 1201 974 325 565 611 247 198 333 1221 841 956 1412 865 200 442 677 1269 274 723 312 283 781 1436 613 1163 274 646 453 1395 424 628 898 1127 708 359 873 452 925 0 455 257 364 596 1412 335 868 253 338 862 943
454 645 351 416 593 806 1190 603 314 136 554 1031 593 710 565 500 494 307 544 496 576 236 620 879 812 194 630 237 686 818 365 478 878 651 375 243 288 577 290 383 899 630 633 1090 542 297 515 354 946 604 532 362 356 590 1114 290 840 347 323 130 1072 474 437 575 805 517 376 683 502 734 455 0 307 437 237 1089 208 545 583 411 539 620
233 820 370 558 735 981 969 778 439 245 696 1206 735 489 740 279 669 47 719 276 751 216 795 1054 591 468 772 413 861 993 145 212 1053 826 108 417 404 379 92 116 1073 793 808 1264 717 99 294 529 1121 406 674 95 135 732 1288 463 1015 127 498 305 1247 208 579 750 979 659 143 825 235 876 257 307 0 217 511 1264 187 720 385 191 714 795
107 950 546 672 848 1111 886 908 615 376 810 1336 849 406 870 196 799 216 849 193 881 346 925 1184 508 598 886 527 991 1123 125 388 1183 956 285 547 580 486 199 292 1204 906 938 1395 847 205 217 659 1251 513 788 271 129 846 1419 595 1145 128 628 435 1377 384 693 880 1109 773 319 938 412 990 364 437 217 0 641 1394 317 850 492 113 844 925
658 732 555 332 509 1010 1394 648 518 340 470 1235 509 914 577 703 698 511 660 700 780 365 824 1083 1016 94 546 153 656 1022 569 682 1082 728 579 446 492 718 494 586 1103 567 792 1293 671 498 719 558 1150 745 448 565 560 506 1318 494 1044 551 527 334 1276 678 353 779 1008 433 580 599 706 650 596 237 511 641 0 1293 412 667 724 615 674 824
1410 1062 1232 1228 1082 309 2146 1020 1054 1092 1087 197 1050 1666 982 1456 843 1263 961 1453 547 1193 503 247 1768 1250 1068 1293 1103 908 1322 1435 433 1068 1332 889 1180 1534 1246 1339 326 1047 982 63 891 1253 1471 813 495 1561 1155 1318 1312 1079 85 1030 395 1304 822 1022 238 1431 1207 548 360 1118 1333 1200 1459 1151 1412 1089 1264 1394 1293 0 1164 895 1540 1368 888 711
334 720 331 424 600 881 1070 678 389 146 562 1106 601 590 641 380 570 187 619 376 651 87 696 954 692 369 638 279 748 893 245 358 953 726 255 318 363 457 170 263 974 659 708 1165 617 177 395 429 1022 484 540 242 236 598 1189 365 915 227 398 205 1148 354 445 650 880 525 256 690 382 742 335 208 187 317 412 1164 0 621 463 291 614 696
867 196 689 363 217 612 1603 154 510 549 222 837 185 1123 117 913 81 720 96 909 380 649 424 685 1225 624 202 533 237 635 778 891 683 202 788 345 636 990 703 795 704 182 154 895 55 709 928 398 752 1017 290 775 769 214 919 486 645 760 276 478 878 887 342 378 610 253 789 335 915 286 868 545 720 850 667 895 621 0 996 824 58 437
508 1096 707 735 911 1257 1244 1051 765 521 873 1482 912 765 980 554 945 385 995 551 1027 492 1071 1330 866 681 948 589 1059 1269 420 556 1329 1102 453 693 739 38 326 461 1349 969 1084 1540 993 328 570 805 1397 116 850 440 410 909 1564 741 1291 402 774 581 1523 552 756 1025 1255 836 487 1001 580 1053 253 583 385 492 724 1540 463 996 0 466 990 1071
129 924 520 646 822 1085 865 882 589 349 784 1310 823 385 844 175 773 190 823 172 855 320 899 1158 487 572 859 501 965 1097 99 362 1157 930 259 521 554 460 172 266 1177 880 912 1368 821 179 132 633 1225 487 762 245 103 820 1392 569 1119 101 602 409 1351 358 667 854 1083 747 293 912 385 964 338 411 191 113 615 1368 291 824 466 0 818 899
860 203 682 369 224 605 1596 161 504 542 228 830 192 1116 124 906 74 713 102 903 373 643 417 678 1218 631 209 540 244 628 772 885 677 209 781 339 630 984 696 789 698 188 147 889 57 703 921 391 745 1010 297 768 762 220 913 479 639 754 270 472 871 881 349 372 603 260 783 342 908 293 862 539 714 844 674 888 614 58 990 818 0 431
942 605 764 771 625 428 1678 563 585 624 630 653 593 1198 525 987 386 795 504 984 330 724 374 501 1300 781 611 825 645 254 853 966 499 611 863 420 711 1065 778 870 520 590 525 711 434 784 1003 287 568 1092 698 849 844 622 735 561 462 835 365 553 694 962 750 328 426 661 864 743 990 694 943 620 795 925 824 711 696 437 1071 899 431 0
EOF