NAME : tsp_problem
TYPE : TSP
DIMENSION : 60
EDGE_WEIGHT_TYPE : EXPLICIT
EDGE_WEIGHT_FORMAT : FULL_MATRIX
EDGE_WEIGHT_SECTION
0 315 1152 137 229 774 652 658 326 1317 908 700 541 707 1266 494 483 451 255 154 169 284 280 431 217 222 893 284 797 664 287 664 414 537 895 353 261 1050 259 279 176 1313 266 228 751 1225 238 370 371 1081 232 661 352 313 348 806 1047 674 776 317
315 0 1097 339 431 487 597 603 271 1262 1053 645 255 652 1211 439 499 275 147 356 372 429 426 513 420 424 838 429 542 377 304 377 127 482 609 435 406 995 405 424 258 1258 468 430 464 1171 383 315 316 1026 434 375 497 459 62 730 992 619 489 462
1152 1097 0 1177 1269 926 632 638 978 229 1890 478 1132 495 139 865 981 1038 1038 1193 1209 1266 1263 1391 1257 1262 289 1267 844 1015 1070 1004 1195 755 979 1313 1243 236 1242 1261 1136 186 1306 1268 1038 99 1221 957 958 139 1271 1025 1334 1296 1131 786 130 561 929 1300
137 339 1177 0 232 798 676 683 268 1341 932 724 566 731 1290 402 379 475 280 156 172 308 305 456 220 225 917 308 821 688 184 688 438 561 920 378 285 1075 284 303 201 1337 269 231 775 1250 263 394 395 1106 234 686 376 338 373 830 1071 699 801 342
229 431 1269 232 0 890 768 775 442 1433 1024 816 658 823 1382 600 577 567 372 152 127 400 397 548 76 66 1009 400 913 780 382 780 530 653 1012 470 377 1167 376 395 293 1429 146 48 867 1342 354 486 487 1198 112 778 468 430 465 922 1163 791 892 434
774 487 926 798 890 0 342 350 704 1090 1495 471 364 478 1039 591 707 479 547 815 830 871 868 913 878 883 668 871 172 343 762 217 393 375 307 835 848 824 847 866 658 1086 927 889 164 999 826 563 568 855 893 151 939 901 454 295 821 613 84 905
652 597 632 676 768 342 0 103 478 796 1390 177 549 184 745 364 481 538 537 693 709 766 762 891 757 761 374 766 261 432 570 421 683 255 395 813 743 530 741 761 636 792 805 767 454 705 720 457 457 561 771 441 834 795 630 202 526 319 346 799
658 603 638 683 775 350 103 0 484 803 1396 184 557 191 752 370 487 544 544 699 715 772 769 897 763 768 380 773 269 439 576 428 691 261 403 819 749 536 748 767 642 799 811 774 462 711 727 463 464 567 777 449 840 802 637 210 533 326 353 806
326 271 978 268 442 704 478 484 0 1143 1064 526 497 532 1092 274 251 277 211 367 383 440 436 565 430 435 718 440 623 620 116 620 370 363 757 487 417 876 415 435 310 1139 479 441 707 1051 394 196 196 907 445 617 508 469 304 631 873 500 707 473
1317 1262 229 1341 1433 1090 796 803 1143 0 2055 643 1297 660 266 1029 1146 1203 1202 1358 1374 1431 1427 1556 1422 1426 453 1431 1009 1179 1235 1169 1360 920 1143 1478 1408 297 1406 1426 1301 313 1470 1432 1202 178 1385 1122 1122 273 1436 1189 1499 1460 1295 950 295 726 1094 1464
606 751 1588 630 722 1193 1088 1094 762 1753 0 1136 961 1143 1702 930 976 887 691 647 663 507 508 844 710 715 1329 512 1233 1083 780 1083 833 973 1315 766 484 1486 482 507 589 1749 759 721 1170 1661 466 806 807 1517 725 1081 580 395 768 1242 1483 1110 1196 399
700 645 478 724 816 471 177 184 526 643 1438 0 678 88 592 412 529 586 585 741 757 814 810 939 805 809 283 814 390 560 618 550 743 303 524 861 791 376 789 809 684 639 853 815 583 551 768 505 505 407 819 570 882 843 678 331 373 229 475 847
541 255 1132 566 658 364 549 557 497 1297 1263 678 0 685 1246 603 663 247 315 582 598 639 636 681 646 651 875 639 314 254 530 254 160 581 486 603 616 1030 615 634 426 1293 695 657 341 1205 593 331 336 1061 660 252 707 669 222 501 1027 783 367 673
707 652 495 731 823 478 184 191 532 660 1445 88 685 0 609 419 536 593 592 748 764 821 817 946 811 816 290 821 397 567 625 556 750 309 531 868 798 393 796 816 691 656 860 822 590 568 775 511 512 424 826 577 889 850 685 338 390 235 481 854
1266 1211 139 1290 1382 1039 745 752 1092 266 2004 592 1246 609 0 978 1095 1152 1151 1307 1323 1380 1376 1505 1371 1375 402 1380 958 1128 1184 1118 1309 868 1092 1427 1357 349 1355 1375 1250 77 1419 1381 1151 135 1334 1070 1071 253 1385 1138 1448 1409 1244 899 244 675 1043 1413
494 439 865 402 600 591 364 370 274 1029 1232 412 603 419 978 0 161 380 379 525 541 608 605 733 589 593 605 608 509 680 250 669 537 249 643 655 585 762 584 603 478 1025 637 599 702 938 562 299 300 793 603 689 676 638 473 518 759 386 594 642
483 499 981 379 577 707 481 487 251 1146 1278 529 663 536 1095 161 0 440 439 502 518 654 650 793 566 570 722 654 626 785 228 785 597 366 760 715 631 879 629 649 538 1142 614 576 819 1054 608 358 359 910 580 783 722 683 532 635 876 503 711 687
451 275 1038 475 567 479 538 544 277 1203 1189 586 247 593 1152 380 440 0 335 492 508 565 562 690 556 560 779 565 534 369 369 369 181 423 600 612 542 936 541 560 435 1199 604 566 456 1111 519 108 112 967 570 367 633 595 242 692 933 560 481 599
255 147 1038 280 372 547 537 544 211 1202 993 585 315 592 1151 379 439 335 0 296 312 369 366 494 360 364 778 369 602 437 244 437 187 422 668 416 346 936 345 364 239 1198 408 370 524 1111 323 255 256 967 374 434 437 399 121 691 932 559 549 403
154 356 1193 156 152 815 693 699 367 1358 949 741 582 748 1307 525 502 492 296 0 127 325 321 472 140 145 934 325 838 705 306 705 455 578 936 394 302 1091 300 320 217 1354 189 151 792 1266 279 411 412 1122 154 702 393 354 389 847 1088 715 817 358
169 372 1209 172 127 830 709 715 383 1374 965 757 598 764 1323 541 518 508 312 127 0 340 337 488 116 120 949 341 854 721 322 721 471 594 952 410 318 1107 316 336 233 1370 164 126 808 1282 295 427 427 1138 130 718 409 370 405 862 1104 731 833 374
284 429 1266 308 400 871 766 772 440 1431 809 814 639 821 1380 608 654 565 369 325 340 0 186 522 388 393 1007 190 911 761 458 761 511 651 993 444 111 1164 110 185 267 1427 437 399 848 1339 144 484 485 1195 403 759 258 214 446 920 1161 788 874 218
280 426 1263 305 397 868 762 769 436 1427 810 810 636 817 1376 605 650 562 366 321 337 186 0 519 385 390 1003 24 908 758 455 758 508 648 989 441 164 1161 162 19 264 1423 434 396 845 1336 77 480 481 1192 399 756 142 216 443 916 1158 785 870 220
431 513 1391 456 548 913 891 897 565 1556 1146 939 681 946 1505 733 793 690 494 472 488 522 519 0 536 541 1132 522 969 803 597 803 553 776 1035 132 499 1289 498 517 276 1552 585 547 890 1464 476 609 610 1320 550 801 590 552 488 1045 1286 913 916 555
217 420 1257 220 76 878 757 763 430 1422 1012 805 646 811 1371 589 566 556 360 140 116 388 385 536 0 77 997 389 902 768 370 769 519 642 1000 458 366 1155 364 384 281 1418 135 60 856 1330 343 474 475 1186 100 766 457 418 453 910 1152 779 881 422
222 424 1262 225 66 883 761 768 435 1426 1017 809 651 816 1375 593 570 560 364 145 120 393 390 541 77 0 1002 393 906 773 375 773 523 646 1004 463 370 1160 369 388 286 1422 139 50 860 1335 347 479 480 1190 105 771 461 423 458 915 1156 783 885 426
893 838 289 917 1009 668 374 380 718 453 1631 283 875 290 402 605 722 779 778 934 949 1007 1003 1132 997 1002 0 1007 587 757 811 746 936 495 721 1054 984 187 982 1002 877 449 1046 1008 780 362 961 697 698 218 1012 767 1075 1036 871 528 184 302 671 1040
284 429 1267 308 400 871 766 773 440 1431 814 814 639 821 1380 608 654 565 369 325 341 190 24 522 389 393 1007 0 911 762 458 762 512 651 993 444 167 1164 166 23 267 1427 437 399 849 1340 81 484 485 1195 403 759 145 220 446 920 1161 788 874 223
797 542 844 821 913 172 261 269 623 1009 1535 390 314 397 958 509 626 534 602 838 854 911 908 969 902 906 587 911 0 196 715 186 448 293 225 891 888 742 887 906 714 1005 950 912 284 917 865 602 603 773 916 270 979 941 509 213 739 532 175 944
664 377 1015 688 780 343 432 439 620 1179 1385 560 254 567 1128 680 785 369 437 705 721 761 758 803 768 773 757 762 196 0 652 242 283 464 396 725 738 913 737 756 548 1175 817 779 329 1088 716 453 458 944 783 239 829 791 344 384 910 702 346 795
287 304 1070 184 382 762 570 576 116 1235 1082 618 530 625 1184 250 228 369 244 306 322 458 455 597 370 375 811 458 715 652 0 653 402 455 849 520 435 968 434 453 343 1231 419 381 739 1143 412 288 289 999 384 650 526 488 337 724 965 592 765 492
664 377 1004 688 780 217 421 428 620 1169 1385 550 254 556 1118 669 785 369 437 705 721 761 758 803 769 773 746 762 186 242 653 0 283 453 339 725 739 902 737 757 548 1165 817 779 194 1077 716 453 458 933 783 105 830 791 344 373 899 692 220 795
414 127 1195 438 530 393 683 691 370 1360 1135 743 160 750 1309 537 597 181 187 455 471 511 508 553 519 523 936 512 448 283 402 283 0 580 514 475 488 1093 487 506 298 1356 567 529 370 1269 466 265 270 1124 533 280 580 541 94 635 1090 717 395 545
537 482 755 561 653 375 255 261 363 920 1275 303 581 309 868 249 366 423 422 578 594 651 648 776 642 646 495 651 293 464 455 453 580 0 427 698 628 653 627 646 521 916 690 652 486 828 605 342 343 684 656 473 719 681 516 345 650 277 378 684
895 609 979 920 1012 307 395 403 757 1143 1617 524 486 531 1092 643 760 600 668 936 952 993 989 1035 1000 1004 721 993 225 396 849 339 514 427 0 957 970 877 968 988 780 1139 1048 1010 176 1052 947 685 689 908 1014 272 1061 1022 576 348 873 666 310 1026
353 435 1313 378 470 835 813 819 487 1478 1068 861 603 868 1427 655 715 612 416 394 410 444 441 132 458 463 1054 444 891 725 520 725 475 698 957 0 421 1211 420 439 198 1474 507 469 812 1386 398 531 532 1242 472 723 512 474 410 967 1208 835 838 477
261 406 1243 285 377 848 743 749 417 1408 786 791 616 798 1357 585 631 542 346 302 318 111 164 499 366 370 984 167 888 738 435 739 488 628 970 421 0 1141 125 162 244 1404 414 376 826 1317 121 461 462 1172 380 736 235 191 423 897 1138 765 851 195
1050 995 236 1075 1167 824 530 536 876 297 1788 376 1030 393 349 762 879 936 936 1091 1107 1164 1161 1289 1155 1160 187 1164 742 913 968 902 1093 653 877 1211 1141 0 1140 1159 1034 397 1203 1166 936 309 1119 855 856 165 1169 922 1232 1194 1029 683 131 459 827 1198
259 405 1242 284 376 847 741 748 415 1406 784 789 615 796 1355 584 629 541 345 300 316 110 162 498 364 369 982 166 887 737 434 737 487 627 968 420 125 1140 0 161 243 1403 413 375 824 1315 120 459 460 1171 378 735 234 190 422 895 1137 764 849 194
279 424 1261 303 395 866 761 767 435 1426 809 809 634 816 1375 603 649 560 364 320 336 185 19 517 384 388 1002 23 906 756 453 757 506 646 988 439 162 1159 161 0 262 1422 432 394 844 1334 76 479 480 1190 398 754 140 214 441 915 1156 783 869 218
176 258 1136 201 293 658 636 642 310 1301 891 684 426 691 1250 478 538 435 239 217 233 267 264 276 281 286 877 267 714 548 343 548 298 521 780 198 244 1034 243 262 0 1297 330 292 635 1209 221 354 355 1065 295 546 335 297 233 790 1031 658 661 300
1313 1258 186 1337 1429 1086 792 799 1139 313 2051 639 1293 656 77 1025 1142 1199 1198 1354 1370 1427 1423 1552 1418 1422 449 1427 1005 1175 1231 1165 1356 916 1139 1474 1404 397 1403 1422 1297 0 1466 1428 1198 183 1381 1118 1118 300 1432 1185 1495 1456 1291 946 291 722 1090 1460
266 468 1306 269 146 927 805 811 479 1470 1061 853 695 860 1419 637 614 604 408 189 164 437 434 585 135 139 1046 437 950 817 419 817 567 690 1048 507 414 1203 413 432 330 1466 0 145 904 1379 391 523 524 1234 68 815 505 467 502 959 1200 827 929 470
228 430 1268 231 48 889 767 774 441 1432 1023 815 657 822 1381 599 576 566 370 151 126 399 396 547 60 50 1008 399 912 779 381 779 529 652 1010 469 376 1166 375 394 292 1428 145 0 866 1341 353 485 486 1196 111 777 467 429 464 921 1162 789 891 433
751 464 1038 775 867 164 454 462 707 1202 1472 583 341 590 1151 702 819 456 524 792 808 848 845 890 856 860 780 849 284 329 739 194 370 486 176 812 826 936 824 844 635 1198 904 866 0 1111 803 540 545 966 870 128 917 878 431 406 932 725 166 882
1225 1171 99 1250 1342 999 705 711 1051 178 1963 551 1205 568 135 938 1054 1111 1111 1266 1282 1339 1336 1464 1330 1335 362 1340 917 1088 1143 1077 1269 828 1052 1386 1317 309 1315 1334 1209 183 1379 1341 1111 0 1294 1030 1031 212 1344 1098 1408 1369 1204 859 203 634 1002 1373
238 383 1221 263 354 826 720 727 394 1385 768 768 593 775 1334 562 608 519 323 279 295 144 77 476 343 347 961 81 865 716 412 716 466 605 947 398 121 1119 120 76 221 1381 391 353 803 1294 0 438 439 1150 357 713 149 174 400 874 1115 742 828 178
370 315 957 394 486 563 457 463 196 1122 1108 505 331 511 1070 299 358 108 255 411 427 484 480 609 474 479 697 484 602 453 288 453 265 342 685 531 461 855 459 479 354 1118 523 485 540 1030 438 0 103 886 489 451 552 513 326 610 852 479 566 517
371 316 958 395 487 568 457 464 196 1122 1109 505 336 512 1071 300 359 112 256 412 427 485 481 610 475 480 698 485 603 458 289 458 270 343 689 532 462 856 460 480 355 1118 524 486 545 1031 439 103 0 887 490 455 553 514 331 611 853 480 570 518
1081 1026 139 1106 1198 855 561 567 907 273 1819 407 1061 424 253 793 910 967 967 1122 1138 1195 1192 1320 1186 1190 218 1195 773 944 999 933 1124 684 908 1242 1172 165 1171 1190 1065 300 1234 1196 966 212 1150 886 887 0 1200 953 1263 1225 1060 714 59 490 858 1229
232 434 1271 234 112 893 771 777 445 1436 1027 819 660 826 1385 603 580 570 374 154 130 403 399 550 100 105 1012 403 916 783 384 783 533 656 1014 472 380 1169 378 398 295 1432 68 111 870 1344 357 489 490 1200 0 780 471 432 467 925 1166 793 895 436
661 375 1025 686 778 151 441 449 617 1189 1383 570 252 577 1138 689 783 367 434 702 718 759 756 801 766 771 767 759 270 239 650 105 280 473 272 723 736 922 735 754 546 1185 815 777 128 1098 713 451 455 953 780 0 827 789 342 393 919 712 153 792
352 497 1334 376 468 939 834 840 508 1499 882 882 707 889 1448 676 722 633 437 393 409 258 142 590 457 461 1075 145 979 829 526 830 580 719 1061 512 235 1232 234 140 335 1495 505 467 917 1408 149 552 553 1263 471 827 0 288 514 988 1229 856 942 291
773 918 1755 797 889 1360 1255 1261 929 1920 1135 1303 1128 1310 1869 1097 1143 1054 858 814 830 674 675 1011 877 882 1496 679 1400 1250 947 1250 1000 1140 1482 933 651 1653 649 674 756 1916 926 888 1337 1828 633 973 974 1684 892 1248 747 0 935 1409 1650 1277 1363 566
348 62 1131 373 465 454 630 637 304 1295 1070 678 222 685 1244 473 532 242 121 389 405 446 443 488 453 458 871 446 509 344 337 344 94 516 576 410 423 1029 422 441 233 1291 502 464 431 1204 400 326 331 1060 467 342 514 476 0 697 1026 653 457 479
806 730 786 830 922 295 202 210 631 950 1544 331 501 338 899 518 635 692 691 847 862 920 916 1045 910 915 528 920 213 384 724 373 635 345 348 967 897 683 895 915 790 946 959 921 406 859 874 610 611 714 925 393 988 949 697 0 680 473 298 953
1047 992 130 1071 1163 821 526 533 873 295 1785 373 1027 390 244 759 876 933 932 1088 1104 1161 1158 1286 1152 1156 184 1161 739 910 965 899 1090 650 873 1208 1138 131 1137 1156 1031 291 1200 1162 932 203 1115 852 853 59 1166 919 1229 1191 1026 680 0 456 824 1194
674 619 561 699 791 613 319 326 500 726 1412 229 783 235 675 386 503 560 559 715 731 788 785 913 779 783 302 788 532 702 592 692 717 277 666 835 765 459 764 783 658 722 827 789 725 634 742 479 480 490 793 712 856 818 653 473 456 0 617 822
776 489 929 801 892 84 346 353 707 1094 1498 475 367 481 1043 594 711 481 549 817 833 874 870 916 881 885 671 874 175 346 765 220 395 378 310 838 851 827 849 869 661 1090 929 891 166 1002 828 566 570 858 895 153 942 903 457 298 824 617 0 907
778 924 1761 803 895 1366 1261 1267 934 1926 1141 1309 1134 1315 1875 1103 1148 1060 864 819 835 679 681 1017 883 888 1501 685 1406 1256 953 1256 1006 1146 1488 939 657 1659 655 680 762 1922 932 894 1343 1834 639 978 979 1690 897 1254 753 568 941 1414 1656 1283 1368 0
EOF