NAME : tsp_problem
TYPE : TSP
DIMENSION : 34
EDGE_WEIGHT_TYPE : EXPLICIT
EDGE_WEIGHT_FORMAT : FULL_MATRIX
EDGE_WEIGHT_SECTION
0 678 446 449 266 283 771 708 307 404 104 275 263 349 294 537 1221 636 763 497 310 592 496 682 734 324 535 913 786 257 302 353 114 657
678 0 625 667 487 627 317 205 834 658 738 803 814 439 845 378 768 108 309 283 465 321 413 228 111 674 186 1464 318 607 457 1010 748 240
446 625 0 535 320 502 719 733 510 60 507 479 568 223 599 756 1169 583 711 445 333 811 714 630 682 163 483 1219 846 213 325 779 517 768
449 667 535 0 321 198 761 541 669 568 364 637 648 338 679 371 1210 625 752 486 235 426 329 672 636 508 524 1299 620 442 237 781 355 491
266 487 320 321 0 322 580 594 423 309 327 392 403 158 434 576 1030 445 572 306 119 631 534 491 543 228 344 1053 707 196 111 599 337 630
283 627 502 198 322 0 827 457 540 460 199 508 503 405 534 287 1276 668 818 553 320 341 245 738 551 379 590 1153 535 313 321 616 189 407
771 317 719 761 580 827 0 492 928 752 832 897 907 533 938 666 483 275 65 377 558 608 700 130 399 768 279 1558 605 701 551 1103 842 527
708 205 733 541 594 457 492 0 942 765 623 911 921 547 952 209 944 246 484 354 572 225 318 403 129 782 361 1572 223 715 565 1040 614 145
307 834 510 669 423 540 928 942 0 468 367 69 420 506 451 794 1378 792 920 654 466 848 752 839 891 388 692 1071 1042 402 459 639 377 914
404 658 60 568 309 460 752 765 468 0 465 437 526 256 557 714 1201 616 743 477 365 768 672 662 715 121 515 1176 879 171 358 736 475 801
104 738 507 364 327 199 832 623 367 465 0 336 323 410 354 453 1282 696 824 558 371 508 411 743 717 385 596 974 701 318 363 436 44 573
275 803 479 637 392 508 897 911 69 437 336 0 389 474 420 762 1346 761 888 622 435 817 721 808 860 356 660 1039 1011 371 427 607 346 882
263 814 568 648 403 503 907 921 420 526 323 389 0 485 222 757 1357 772 899 633 446 811 715 818 870 446 671 842 1005 393 438 595 333 877
349 439 223 338 158 405 533 547 506 256 410 474 485 0 516 596 983 397 525 259 136 651 554 444 496 262 297 1136 660 277 129 681 419 582
755 1306 1061 1141 895 995 1400 1414 913 1019 816 882 684 978 0 1249 1850 1264 1392 1126 938 1304 1208 1311 1363 938 1164 680 1498 886 931 1087 826 1369
537 378 756 371 576 287 666 209 794 714 453 762 757 596 788 0 1117 420 657 527 493 285 189 576 303 634 534 1407 287 567 494 870 443 216
1221 768 1169 1210 1030 1276 483 944 1378 1201 1282 1346 1357 983 1388 1117 0 727 485 826 1008 1059 1152 582 850 1217 731 2008 1057 1151 1000 1553 1291 979
636 108 583 625 445 668 275 246 792 616 696 761 772 397 803 420 727 0 267 241 423 362 455 186 153 632 144 1422 360 565 415 968 706 282
763 309 711 752 572 818 65 484 920 743 824 888 899 525 930 657 485 267 0 368 550 600 692 122 390 759 271 1550 597 693 542 1095 833 519
497 283 445 486 306 553 377 354 654 477 558 622 633 259 664 527 826 241 368 0 284 469 562 287 303 494 140 1284 467 427 277 829 567 389
310 465 333 235 119 320 558 572 466 365 371 435 446 136 477 493 1008 423 550 284 0 548 451 469 521 306 322 1096 685 239 37 642 380 608
592 321 811 426 631 341 608 225 848 768 508 817 811 651 842 285 1059 362 600 469 548 0 127 519 245 688 477 1462 339 621 549 924 498 120
496 413 714 329 534 245 700 318 752 672 411 721 715 554 746 189 1152 455 692 562 451 127 0 611 337 592 569 1365 431 525 453 828 402 213
682 228 630 672 491 738 130 403 839 662 743 808 818 444 849 576 582 186 122 287 469 519 611 0 309 679 190 1469 516 612 462 1014 753 438
734 111 682 636 543 551 399 129 891 715 717 860 870 496 901 303 850 153 390 303 521 245 337 309 0 731 267 1521 242 664 514 1066 708 165
324 674 163 508 228 379 768 782 388 121 385 356 446 262 477 634 1217 632 759 494 306 688 592 679 731 0 531 1096 882 91 299 656 394 753
535 186 483 524 344 590 279 361 692 515 596 660 671 297 702 534 731 144 271 140 322 477 569 190 267 531 0 1322 474 465 314 867 605 396
930 1481 1236 1316 1070 1170 1575 1589 1088 1194 991 1057 859 1153 744 1424 2025 1439 1567 1301 1114 1479 1383 1486 1538 1113 1339 0 1673 1061 1106 1262 1001 1544
786 318 846 620 707 535 605 223 1042 879 701 1011 1005 660 1036 287 1057 360 597 467 685 339 431 516 242 882 474 1656 0 815 678 1118 692 258
257 607 213 442 196 313 701 715 402 171 318 371 393 277 424 567 1151 565 693 427 239 621 525 612 664 91 465 1044 815 0 232 589 328 687
302 457 325 237 111 321 551 565 459 358 363 427 438 129 469 494 1000 415 542 277 37 549 453 462 514 299 314 1089 678 232 0 634 372 600
353 1010 779 781 599 616 1103 1040 639 736 436 607 595 681 626 870 1553 968 1095 829 642 924 828 1014 1066 656 867 1245 1118 589 634 0 446 989
114 748 517 355 337 189 842 614 377 475 44 346 333 419 364 443 1291 706 833 567 380 498 402 753 708 394 605 983 692 328 372 446 0 563
657 240 768 491 630 407 527 145 914 801 573 882 877 582 908 216 979 282 519 389 608 120 213 438 165 753 396 1527 258 687 600 989 563 0
EOF