NAME : tsp_problem
TYPE : TSP
DIMENSION : 42
EDGE_WEIGHT_TYPE : EXPLICIT
EDGE_WEIGHT_FORMAT : FULL_MATRIX
EDGE_WEIGHT_SECTION
0 1021 881 453 699 600 881 919 902 596 570 519 771 964 663 384 1039 882 463 929 121 375 759 599 914 247 768 1203 584 1040 928 901 755 696 542 805 881 387 387 423 690 288
1021 0 542 879 599 814 542 580 1567 533 1223 791 432 128 632 739 56 566 674 614 1070 1042 621 722 598 823 452 864 576 1705 612 1565 1420 1360 599 489 565 742 749 950 1354 951
881 542 0 740 445 661 33 233 1428 477 1084 639 159 486 478 683 561 405 618 452 931 903 468 569 436 684 291 518 437 1566 450 1426 1280 1221 460 328 403 686 693 811 1215 812
453 879 740 0 557 459 739 777 765 629 364 378 629 822 522 733 897 741 708 788 502 361 618 458 772 255 627 1062 443 904 786 764 618 559 400 663 739 736 735 91 553 240
699 599 445 557 0 249 444 482 1245 349 901 226 334 542 89 555 617 367 490 414 748 720 93 156 398 501 274 767 136 1383 412 1243 1097 1038 277 311 365 558 565 628 1032 629
600 814 661 459 249 0 661 699 1146 565 803 126 551 758 213 708 833 583 643 630 649 622 217 130 615 403 491 983 260 1285 629 1145 999 940 335 528 582 711 718 530 934 531
881 542 33 739 444 661 0 233 1427 477 1083 638 158 485 477 683 560 404 617 451 930 902 467 569 436 683 290 517 436 1565 450 1426 1280 1220 459 327 403 686 692 810 1214 811
1346 1007 661 1205 910 1126 660 0 1892 942 1549 1104 624 950 943 1148 1026 870 1083 917 1395 1368 933 1034 901 1149 756 815 902 2031 915 1891 1745 1686 924 792 868 1151 1158 1276 1680 1277
902 1567 1428 765 1245 1146 1427 1465 0 1317 778 1065 1317 1510 1209 1250 1585 1428 1329 1475 951 546 1305 1145 1460 795 1314 1749 1130 192 1474 313 248 320 1088 1351 1427 1252 1252 699 441 655
596 533 477 629 349 565 477 514 1317 0 973 542 367 476 382 238 552 494 173 541 680 792 372 472 526 573 380 799 327 1455 540 1316 1170 1111 336 417 493 242 248 700 1104 701
570 1223 1084 364 901 803 1083 1121 778 973 0 721 973 1166 865 917 1241 1084 996 1131 619 453 962 802 1116 462 970 1406 787 606 1130 844 698 639 744 1007 1083 920 920 298 633 320
519 791 639 378 226 126 638 676 1065 542 721 0 528 734 190 685 809 561 620 608 568 540 287 127 593 322 469 961 237 1203 607 1064 918 859 312 505 560 688 695 448 853 449
771 432 159 629 334 551 158 196 1317 367 973 528 0 375 367 573 450 294 507 341 820 792 357 459 326 573 180 481 326 1455 340 1316 1170 1110 349 217 293 576 582 700 1104 701
964 128 486 822 542 758 485 523 1510 476 1166 734 375 0 575 683 146 510 617 557 1013 985 564 665 541 766 395 807 519 1648 555 1509 1363 1303 542 432 508 686 692 893 1297 894
663 632 478 522 89 213 477 515 1209 382 865 190 367 575 0 588 650 400 523 447 712 685 126 121 431 466 307 800 100 1348 445 1208 1062 1003 241 344 398 591 598 592 997 594
384 739 683 733 555 708 683 720 1250 238 917 685 573 683 588 0 758 700 149 747 468 723 578 615 732 594 586 1005 533 1388 746 1248 1102 1043 406 623 699 217 224 770 1037 636
1039 56 561 897 617 833 560 598 1585 552 1241 809 450 146 650 758 0 585 692 632 1088 1060 639 740 616 841 471 882 595 1723 630 1584 1438 1379 617 507 583 761 767 968 1372 969
882 566 405 741 367 583 404 442 1428 494 1084 561 294 510 400 700 585 0 635 159 931 903 390 491 144 685 234 726 438 1567 158 1427 1281 1222 460 271 89 703 710 811 1216 813
463 674 618 708 490 643 617 655 1329 173 996 620 507 617 523 149 692 635 0 682 547 802 512 550 667 652 521 940 467 1467 681 1327 1182 1122 341 558 634 109 116 779 1116 715
929 614 452 788 414 630 451 489 1475 541 1131 608 341 557 447 747 632 159 682 0 978 951 437 538 111 732 281 774 485 1614 68 1474 1328 1269 507 318 158 751 757 858 1263 860
121 1070 931 502 748 649 930 968 951 680 619 568 820 1013 712 468 1088 931 547 978 0 425 808 649 963 296 817 1252 633 1090 977 950 804 745 591 854 930 471 471 472 739 338
375 1042 903 361 720 622 902 940 546 792 453 540 792 985 685 723 1060 903 802 951 425 0 781 621 935 268 789 1225 606 684 949 545 399 339 563 826 902 726 725 306 333 171
759 621 468 618 93 217 467 505 1305 372 962 287 357 564 126 578 639 390 512 437 808 781 0 217 421 562 297 789 197 1444 435 1304 1158 1099 337 334 388 581 587 689 1093 690
599 722 569 458 156 130 569 606 1145 472 802 127 459 665 121 615 740 491 550 538 649 621 217 0 523 402 399 891 167 1284 537 1144 998 939 243 436 490 618 625 529 933 530
914 598 436 772 398 615 436 473 1460 526 1116 593 326 541 431 732 616 144 667 111 963 935 421 523 0 716 266 758 469 1598 109 1459 1313 1253 492 303 142 735 742 843 1247 844
247 823 684 255 501 403 683 721 795 573 462 322 573 766 466 594 841 685 652 732 296 268 562 402 716 0 571 1006 387 933 730 793 648 588 344 607 683 597 597 315 582 181
768 452 291 627 274 491 290 328 1314 380 970 469 180 395 307 586 471 234 521 281 817 789 297 399 266 571 0 612 324 1452 280 1313 1167 1108 346 84 233 589 596 697 1101 698
1051 712 365 909 614 831 365 256 1597 647 1253 808 328 655 647 853 730 574 787 621 1100 1072 637 739 606 853 460 0 607 1735 620 1596 1450 1390 629 497 573 856 862 980 1384 981
584 576 437 443 136 260 436 474 1130 327 787 237 326 519 100 533 595 438 467 485 633 606 197 167 469 387 324 759 0 1269 483 1129 983 924 162 361 436 536 542 514 918 515
1040 1705 1566 904 1383 1285 1565 1603 192 1455 606 1203 1455 1648 1348 1388 1723 1567 1467 1614 1090 684 1444 1284 1598 933 1452 1888 1269 0 1612 451 386 459 1226 1489 1565 1391 1390 837 580 793
928 612 450 786 412 629 450 487 1474 540 1130 607 340 555 445 746 630 158 681 68 977 949 435 537 109 730 280 772 483 1612 0 1472 1327 1267 506 317 156 749 756 857 1261 858
901 1565 1426 764 1243 1145 1426 1463 313 1316 844 1064 1316 1509 1208 1248 1584 1427 1327 1474 950 545 1304 1144 1459 793 1313 1748 1129 451 1472 0 170 230 1086 1350 1426 1251 1251 697 282 653
755 1420 1280 618 1097 999 1280 1318 248 1170 698 918 1170 1363 1062 1102 1438 1281 1182 1328 804 399 1158 998 1313 648 1167 1602 983 386 1327 170 0 173 941 1204 1280 1105 1105 551 294 507
696 1360 1221 559 1038 940 1220 1258 320 1111 639 859 1110 1303 1003 1043 1379 1222 1122 1269 745 339 1099 939 1253 588 1108 1543 924 459 1267 230 173 0 881 1145 1220 1046 1046 492 235 448
542 599 460 400 277 335 459 497 1088 336 744 312 349 542 241 406 617 460 341 507 591 563 337 243 492 344 346 781 162 1226 506 1086 941 881 0 383 459 409 416 471 875 472
805 489 328 663 311 528 327 365 1351 417 1007 505 217 432 344 623 507 271 558 318 854 826 334 436 303 607 84 649 361 1489 317 1350 1204 1145 383 0 270 626 633 734 1138 735
881 565 403 739 365 582 403 440 1427 493 1083 560 293 508 398 699 583 89 634 158 930 902 388 490 142 683 233 725 436 1565 156 1426 1280 1220 459 270 0 702 709 810 1214 811
387 742 686 736 558 711 686 724 1252 242 920 688 576 686 591 217 761 703 109 751 471 726 581 618 735 597 589 1008 536 1391 749 1251 1105 1046 409 626 702 0 92 773 1040 639
387 749 693 735 565 718 692 730 1252 248 920 695 582 692 598 224 767 710 116 757 471 725 587 625 742 597 596 1015 542 1390 756 1251 1105 1046 416 633 709 92 0 773 1039 638
423 950 811 91 628 530 810 848 699 700 298 448 700 893 592 770 968 811 779 858 472 306 689 529 843 315 697 1132 514 837 857 697 551 492 471 734 810 773 773 0 486 173
690 1354 1215 553 1032 934 1214 1252 441 1104 633 853 1104 1297 997 1037 1372 1216 1116 1263 739 333 1093 933 1247 582 1101 1537 918 580 1261 282 294 235 875 1138 1214 1040 1039 486 0 442
288 951 812 240 629 531 811 849 655 701 320 449 701 894 594 636 969 813 715 860 338 171 690 530 844 181 698 1134 515 793 858 653 507 448 472 735 811 639 638 173 442 0
EOF