NAME : tsp_problem
TYPE : TSP
DIMENSION : 68
EDGE_WEIGHT_TYPE : EXPLICIT
EDGE_WEIGHT_FORMAT : FULL_MATRIX
EDGE_WEIGHT_SECTION
0 318 385 633 770 736 443 328 986 457 1075 1610 878 837 823 923 960 793 925 717 308 689 835 867 576 205 997 1143 765 335 896 888 1008 549 991 578 460 921 494 380 686 918 644 1209 635 315 708 771 979 263 517 832 894 565 231 1009 478 710 756 966 600 265 1026 881 460 618 456 1016
318 0 260 508 717 684 391 202 933 331 950 1557 825 784 697 797 908 667 873 592 107 637 782 742 524 270 945 1017 713 209 843 836 955 423 865 525 334 796 368 254 561 865 592 1084 582 263 656 646 853 236 464 707 841 512 269 956 425 585 630 914 548 77 974 829 334 492 331 963
385 260 0 354 731 652 490 87 902 96 796 1542 794 769 612 644 893 582 858 438 210 559 767 656 703 250 913 864 681 80 812 804 924 270 712 704 99 710 133 101 408 850 597 931 670 343 784 560 700 193 643 621 909 691 226 925 456 431 477 899 727 256 959 797 181 339 95 1031
633 508 354 0 696 618 738 334 867 426 480 1508 759 734 577 471 858 547 823 122 458 524 733 622 713 498 879 548 647 328 777 770 889 235 396 714 429 676 463 283 92 815 562 615 635 591 750 525 384 441 758 586 875 706 474 890 704 258 161 864 737 504 924 763 227 55 425 997
770 717 731 696 0 189 432 711 261 802 1136 878 153 105 409 972 229 249 194 780 721 291 103 453 471 807 273 1203 218 704 171 164 283 504 1052 472 805 420 839 660 749 186 329 1270 207 574 92 508 1040 750 285 511 217 264 783 284 467 769 819 235 495 664 295 157 603 681 801 339
736 684 652 618 189 0 399 632 360 724 1058 1001 252 228 245 894 351 170 316 702 687 213 226 290 401 729 372 1125 110 626 270 263 382 425 973 403 727 255 761 581 671 309 251 1192 129 540 243 344 961 671 252 346 368 200 704 383 433 691 740 357 425 631 417 256 525 602 723 490
443 391 490 738 432 399 0 433 649 562 1180 1273 541 500 556 1027 623 459 588 822 394 352 498 601 239 500 660 1247 428 440 559 551 670 651 1096 241 565 629 599 485 791 580 307 1314 298 247 371 655 1084 466 180 658 557 228 499 671 75 815 861 629 263 338 689 544 565 723 561 679
328 202 87 334 711 632 433 0 882 158 776 1522 774 749 592 624 872 562 838 418 153 539 747 636 646 193 893 844 661 58 792 784 903 250 692 647 161 690 195 81 388 830 577 910 650 286 764 540 680 136 586 601 889 634 169 904 399 411 457 879 669 199 939 777 161 319 157 1011
986 933 902 867 261 360 649 882 0 973 1307 1050 130 277 488 1143 400 420 366 951 937 462 275 533 651 978 54 1374 389 875 154 159 58 675 1223 652 976 498 1010 831 920 358 500 1441 378 790 315 587 1211 921 501 589 440 449 954 59 683 940 990 407 674 880 467 141 774 852 972 562
457 331 96 426 802 724 562 158 973 0 868 1614 865 841 683 715 964 653 929 510 282 631 839 728 775 322 985 935 753 152 883 876 995 341 784 776 55 782 97 173 479 922 669 1002 742 415 856 632 772 265 715 693 981 763 298 996 528 503 548 970 798 328 1030 869 253 411 50 1103
1075 950 796 480 1136 1058 1180 776 1307 868 0 1948 1199 1174 1017 779 1298 987 1263 380 900 964 1173 1062 1153 940 1319 128 1087 770 1217 1210 1329 677 300 1154 871 1115 905 725 413 1255 1002 217 1075 1033 1190 965 184 883 1198 1026 1315 1146 916 1330 1146 397 338 1304 1177 946 1364 1202 669 497 867 1437
1257 1205 1190 1155 526 648 920 1169 697 1261 1595 0 590 458 855 1431 475 708 446 1239 1208 750 453 899 939 1266 709 1662 677 1163 608 600 719 963 1511 940 1264 864 1298 1118 1208 438 788 1729 666 1061 579 953 1499 1209 772 956 704 737 1242 720 954 1228 1277 481 962 1151 547 593 1062 1140 1260 826
878 825 794 759 153 252 541 774 130 865 1199 942 0 169 380 1035 293 312 258 843 829 354 167 425 543 870 142 1267 281 767 80 72 152 567 1115 544 868 390 902 723 813 250 392 1333 270 682 207 479 1103 813 393 481 332 341 846 153 575 832 882 299 567 772 359 65 667 744 865 454
837 784 769 734 105 228 500 749 277 841 1174 810 169 0 434 1010 161 287 126 819 788 330 90 479 518 845 289 1242 257 743 187 180 299 542 1090 519 843 444 877 698 788 118 368 1309 246 641 159 533 1078 788 352 535 284 317 821 300 534 808 857 167 542 731 227 173 642 719 840 406
823 697 612 577 409 245 556 592 488 683 1017 1207 380 434 0 853 558 202 523 661 648 237 432 81 426 688 500 1084 220 585 398 391 510 385 933 427 686 125 720 540 630 515 275 1151 348 697 462 145 921 631 471 118 587 419 664 511 590 650 699 564 449 694 624 384 484 562 682 709
923 797 644 471 972 894 1027 624 1143 715 779 1784 1035 1010 853 0 1134 823 1099 555 748 800 1009 898 989 788 1155 846 923 617 1053 1046 1165 525 694 990 718 952 752 573 524 1091 838 913 911 880 1026 801 683 731 1034 862 1151 982 764 1166 993 412 577 1140 1013 794 1200 1039 517 455 715 1273
960 908 893 858 229 351 623 872 400 964 1298 828 293 161 558 1134 0 411 149 942 911 453 156 602 642 969 412 1365 380 866 311 303 422 666 1214 643 967 567 1001 821 911 141 491 1432 369 764 282 656 1202 912 475 659 407 440 945 423 657 931 980 49 665 854 250 296 765 843 963 529
793 667 582 547 249 170 459 562 420 653 987 1060 312 287 202 823 411 0 376 631 618 142 285 246 331 658 432 1054 199 555 330 322 442 355 903 332 656 311 690 511 600 368 180 1121 188 600 302 300 891 601 311 303 427 259 634 443 493 620 670 417 354 664 477 315 454 532 652 549
925 873 858 823 194 316 588 838 366 929 1263 798 258 126 523 1099 149 376 0 907 876 418 121 568 607 934 377 1331 345 831 276 268 388 631 1179 608 932 532 966 787 876 103 456 1397 334 729 248 622 1167 877 441 624 373 405 910 389 622 896 946 155 631 820 157 261 730 808 928 495
717 592 438 122 780 702 822 418 951 510 380 1592 843 819 661 555 942 631 907 0 542 608 817 706 797 582 963 447 731 412 861 854 973 319 295 798 513 760 547 367 55 899 647 514 719 675 834 610 284 525 842 670 959 791 558 974 788 236 60 948 821 588 1008 847 311 140 509 1081
308 107 210 458 721 687 394 153 937 282 900 1561 829 788 648 748 911 618 876 542 0 595 786 692 527 220 948 968 716 160 847 839 959 374 816 529 285 746 319 205 512 869 595 1034 586 266 659 596 804 186 468 657 845 516 219 960 378 535 581 917 551 81 977 832 285 443 281 967
689 637 559 524 291 213 352 539 462 631 964 1103 354 330 237 800 453 142 418 608 595 0 328 282 221 635 474 1032 242 533 372 365 484 332 880 223 633 346 667 488 578 411 106 1099 231 493 345 336 868 578 331 339 470 302 611 485 386 597 647 459 245 583 519 358 432 509 630 592
835 782 767 733 103 226 498 747 275 839 1173 806 167 90 432 1009 156 285 121 817 786 328 0 477 516 844 287 1240 255 741 185 178 297 540 1088 518 842 442 876 696 786 114 366 1307 244 639 157 531 1076 786 350 533 282 315 819 298 532 806 855 162 540 729 222 171 640 717 838 404
867 742 656 622 453 290 601 636 533 728 1062 1252 425 479 81 898 602 246 568 706 692 282 477 0 470 733 545 1129 265 630 443 435 555 429 977 472 731 87 765 585 675 560 320 1196 393 742 507 150 965 675 516 80 632 464 708 556 635 695 744 608 494 738 669 428 529 606 727 754
576 524 703 713 471 401 239 646 651 775 1153 1291 543 518 426 989 642 331 607 797 527 221 516 470 0 713 663 1220 430 653 561 553 673 521 1069 82 777 535 811 676 766 599 177 1287 336 381 410 524 1057 679 218 527 595 266 712 674 274 786 835 648 63 471 708 546 620 698 774 717
205 270 250 498 807 729 500 193 978 322 940 1619 870 845 688 788 969 658 934 582 220 635 844 733 713 0 990 1008 758 200 888 881 1000 414 856 714 325 786 359 245 552 926 673 1074 746 353 845 636 844 95 653 697 986 701 63 1001 466 575 621 975 736 266 1035 873 325 483 321 1108
997 945 913 879 273 372 660 893 54 985 1319 1062 142 289 500 1155 412 432 377 963 948 474 287 545 663 990 0 1386 401 887 166 171 76 687 1234 664 988 509 1022 842 932 370 512 1453 390 802 327 599 1223 933 513 601 452 461 966 77 694 952 1001 418 686 892 479 152 786 863 984 574
1143 1017 864 548 1203 1125 1247 844 1374 935 128 2015 1267 1242 1084 846 1365 1054 1331 447 968 1032 1240 1129 1220 1008 1386 0 1154 837 1285 1277 1396 745 193 1222 938 1183 972 793 480 1323 1070 147 1143 1100 1257 1033 210 950 1266 1094 1382 1214 983 1397 1213 464 405 1371 1244 1014 1432 1270 736 565 935 1504
765 713 681 647 218 110 428 661 389 753 1087 1030 281 257 220 923 380 199 345 731 716 242 255 265 430 758 401 1154 0 655 299 292 411 454 1002 432 756 230 790 610 700 338 280 1221 158 569 272 319 990 700 280 321 397 229 733 412 462 720 769 386 454 660 446 285 554 631 752 519
335 209 80 328 704 626 440 58 875 152 770 1516 767 743 585 617 866 555 831 412 160 533 741 630 653 200 887 837 655 0 785 778 897 243 685 654 154 684 188 74 381 823 571 904 643 293 758 534 674 143 593 595 883 641 176 898 406 405 450 872 676 206 932 771 155 312 151 1005
896 843 812 777 171 270 559 792 154 883 1217 960 80 187 398 1053 311 330 276 861 847 372 185 443 561 888 166 1285 299 785 0 90 176 585 1133 562 886 408 920 741 830 268 410 1351 288 700 225 497 1121 831 411 499 350 359 864 177 593 850 900 317 585 790 377 83 684 762 883 472
888 836 804 770 164 263 551 784 159 876 1210 953 72 180 391 1046 303 322 268 854 839 365 178 435 553 881 171 1277 292 778 90 0 181 577 1125 555 879 400 913 733 823 261 403 1344 281 692 217 490 1114 823 404 492 343 352 857 182 585 843 892 309 577 783 369 76 677 754 875 465
1008 955 924 889 283 382 670 903 58 995 1329 1072 152 299 510 1165 422 442 388 973 959 484 297 555 673 1000 76 1396 411 897 176 181 0 697 1245 674 998 519 1032 852 942 380 522 1463 400 812 337 609 1233 943 523 611 462 471 976 41 705 962 1011 428 696 902 489 163 796 874 994 584
549 423 270 235 504 425 651 250 675 341 677 1315 567 542 385 525 666 355 631 319 374 332 540 429 521 414 687 745 454 243 585 577 697 0 593 522 344 483 378 199 289 623 370 811 443 506 557 333 581 357 566 394 682 514 390 698 619 312 358 672 544 420 732 570 143 220 341 804
991 865 712 396 1052 973 1096 692 1223 784 300 1863 1115 1090 933 694 1214 903 1179 295 816 880 1088 977 1069 856 1234 193 1002 685 1133 1125 1245 593 0 1070 786 1031 820 641 328 1171 918 318 991 949 1105 881 227 799 1114 942 1230 1062 832 1246 1062 312 254 1220 1092 862 1280 1118 585 413 783 1352
578 525 704 714 472 403 241 647 652 776 1154 1293 544 519 427 990 643 332 608 798 529 223 518 472 82 714 664 1222 432 654 562 555 674 522 1070 0 779 536 813 678 767 600 178 1288 337 382 411 526 1058 680 220 529 597 268 713 675 275 787 837 649 56 472 709 548 621 699 775 719
460 334 99 429 805 727 565 161 976 55 871 1617 868 843 686 718 967 656 932 513 285 633 842 731 777 325 988 938 756 154 886 879 998 344 786 779 0 785 102 175 482 924 671 1005 744 417 859 634 775 268 718 695 984 766 301 999 530 506 551 973 801 331 1033 872 255 413 54 1106
921 796 710 676 420 255 629 690 498 782 1115 1217 390 444 125 952 567 311 532 760 746 346 442 87 535 786 509 1183 230 684 408 400 519 483 1031 536 785 0 819 639 729 525 384 1250 359 771 473 194 1019 729 482 124 598 430 762 520 664 749 798 573 558 792 633 393 583 660 781 720
494 368 133 463 839 761 599 195 1010 97 905 1651 902 877 720 752 1001 690 966 547 319 667 876 765 811 359 1022 972 790 188 920 913 1032 378 820 813 102 819 0 209 516 958 705 1039 778 451 893 668 809 302 752 729 1018 800 335 1033 564 540 585 1007 835 365 1067 906 289 447 96 1140
380 254 101 283 660 581 485 81 831 173 725 1471 723 698 540 573 821 511 787 367 205 488 696 585 676 245 842 793 610 74 741 733 852 199 641 678 175 639 209 0 337 779 526 859 599 338 713 489 629 188 638 550 838 670 221 853 450 360 406 827 700 251 888 726 124 268 172 960
686 561 408 92 749 671 791 388 920 479 413 1561 813 788 630 524 911 600 876 55 512 578 786 675 766 552 932 480 700 381 830 823 942 289 328 767 482 729 516 337 0 869 616 547 689 644 803 579 317 494 812 640 928 760 527 943 757 270 93 917 790 557 978 816 280 109 478 1050
918 865 850 815 186 309 580 830 358 922 1255 791 250 118 515 1091 141 368 103 899 869 411 114 560 599 926 370 1323 338 823 268 261 380 623 1171 600 924 525 958 779 869 0 449 1389 326 722 240 614 1159 869 433 616 365 398 902 381 615 888 938 147 623 812 149 253 723 800 921 487
644 592 597 562 329 251 307 577 500 669 1002 1141 392 368 275 838 491 180 456 647 595 106 366 320 177 673 512 1070 280 571 410 403 522 370 918 178 671 384 705 526 616 449 0 1137 269 448 383 374 906 616 286 377 508 334 649 523 341 636 685 497 200 539 557 396 470 547 668 630
1209 1084 931 615 1270 1192 1314 910 1441 1002 217 2082 1333 1309 1151 913 1432 1121 1397 514 1034 1099 1307 1196 1287 1074 1453 147 1221 904 1351 1344 1463 811 318 1288 1005 1250 1039 859 547 1389 1137 0 1210 1167 1324 1100 318 1017 1332 1161 1449 1281 1050 1464 1280 531 472 1438 1311 1080 1498 1337 803 632 1001 1571
635 582 670 635 207 129 298 650 378 742 1075 1019 270 246 348 911 369 188 334 719 586 231 244 393 336 746 390 1143 158 643 288 281 400 443 991 337 744 359 778 599 689 326 269 1210 0 439 261 447 979 689 150 450 386 129 722 401 332 708 758 375 360 529 435 274 543 620 741 508
315 263 343 591 574 540 247 286 790 415 1033 1414 682 641 697 880 764 600 729 675 266 493 639 742 381 353 802 1100 569 293 700 692 812 506 949 382 417 771 451 338 644 722 448 1167 439 0 512 729 937 319 321 790 698 369 352 813 282 668 713 770 404 210 831 685 418 576 414 820
708 656 784 750 92 243 371 764 315 856 1190 932 207 159 462 1026 282 302 248 834 659 345 157 507 410 845 327 1257 272 758 225 217 337 557 1105 411 859 473 893 713 803 240 383 1324 261 512 0 561 1094 803 224 564 216 202 836 338 405 823 872 288 434 603 349 210 657 734 855 338
771 646 560 525 508 344 655 540 587 632 965 1306 479 533 145 801 656 300 622 610 596 336 531 150 524 636 599 1033 319 534 497 490 609 333 881 526 634 194 668 489 579 614 374 1100 447 729 561 0 869 579 570 105 686 518 612 610 689 599 648 662 548 642 723 482 433 510 631 808
979 853 700 384 1040 961 1084 680 1211 772 184 1851 1103 1078 921 683 1202 891 1167 284 804 868 1076 965 1057 844 1223 210 990 674 1121 1114 1233 581 227 1058 775 1019 809 629 317 1159 906 318 979 937 1094 869 0 787 1102 930 1219 1050 820 1234 1050 301 242 1208 1080 850 1268 1106 573 401 771 1341
263 236 193 441 750 671 466 136 921 265 883 1561 813 788 631 731 912 601 877 525 186 578 786 675 679 95 933 950 700 143 831 823 943 357 799 680 268 729 302 188 494 869 616 1017 689 319 803 579 787 0 619 640 928 667 81 944 432 518 564 918 702 232 978 816 268 426 264 1050
517 464 643 758 285 252 180 586 501 715 1198 1125 393 352 471 1034 475 311 441 842 468 331 350 516 218 653 513 1266 280 593 411 404 523 566 1114 220 718 482 752 638 812 433 286 1332 150 321 224 570 1102 619 0 573 409 80 652 524 214 831 881 481 242 411 542 396 666 743 714 531
832 707 621 586 511 346 658 601 589 693 1026 1308 481 535 118 862 659 303 624 670 657 339 533 80 527 697 601 1094 321 595 499 492 611 394 942 529 695 124 729 550 640 616 377 1161 450 790 564 105 930 640 573 0 689 521 673 612 692 659 709 665 551 703 725 485 494 571 692 811
894 841 909 875 217 368 557 889 440 981 1315 1057 332 284 587 1151 407 427 373 959 845 470 282 632 595 986 452 1382 397 883 350 343 462 682 1230 597 984 598 1018 838 928 365 508 1449 386 698 216 686 1219 928 409 689 0 388 961 463 591 948 997 413 619 788 474 335 782 859 980 155
565 512 691 706 264 200 228 634 449 763 1146 1090 341 317 419 982 440 259 405 791 516 302 315 464 266 701 461 1214 229 641 359 352 471 514 1062 268 766 430 800 670 760 398 334 1281 129 369 202 518 1050 667 80 521 388 0 700 472 262 780 829 446 290 459 506 345 614 691 762 510
231 269 226 474 783 704 499 169 954 298 916 1594 846 821 664 764 945 634 910 558 219 611 819 708 712 63 966 983 733 176 864 857 976 390 832 713 301 762 335 221 527 902 649 1050 722 352 836 612 820 81 652 673 961 700 0 977 465 551 597 951 735 265 1011 849 301 459 297 1084
1009 956 925 890 284 383 671 904 59 996 1330 1073 153 300 511 1166 423 443 389 974 960 485 298 556 674 1001 77 1397 412 898 177 182 41 698 1246 675 999 520 1033 853 943 381 523 1464 401 813 338 610 1234 944 524 612 463 472 977 0 706 963 1012 429 697 903 490 164 797 875 995 585
478 425 456 704 467 433 75 399 683 528 1146 1307 575 534 590 993 657 493 622 788 378 386 532 635 274 466 694 1213 462 406 593 585 705 619 1062 275 530 664 564 450 757 615 341 1280 332 282 405 689 1050 432 214 692 591 262 465 706 0 781 826 663 297 372 723 578 531 689 527 713
710 585 431 258 769 691 815 411 940 503 397 1581 832 808 650 412 931 620 896 236 535 597 806 695 786 575 952 464 720 405 850 843 962 312 312 787 506 749 540 360 270 888 636 531 708 668 823 599 301 518 831 659 948 780 551 963 781 0 195 937 810 581 997 836 304 243 502 1070
756 630 477 161 819 740 861 457 990 548 338 1630 882 857 699 577 980 670 946 60 581 647 855 744 835 621 1001 405 769 450 900 892 1011 358 254 837 551 798 585 406 93 938 685 472 758 713 872 648 242 564 881 709 997 829 597 1012 826 195 0 987 859 627 1047 885 350 178 548 1119
966 914 899 864 235 357 629 879 407 970 1304 834 299 167 564 1140 49 417 155 948 917 459 162 608 648 975 418 1371 386 872 317 309 428 672 1220 649 973 573 1007 827 917 147 497 1438 375 770 288 662 1208 918 481 665 413 446 951 429 663 937 987 0 671 861 256 302 771 849 969 535
600 548 727 737 495 425 263 669 674 798 1177 1315 567 542 449 1013 665 354 631 821 551 245 540 494 63 736 686 1244 454 676 585 577 696 544 1092 56 801 558 835 700 790 623 200 1311 360 404 434 548 1080 702 242 551 619 290 735 697 297 810 859 671 0 494 732 570 644 721 797 741
265 77 256 504 664 631 338 199 880 328 946 1504 772 731 694 794 854 664 820 588 81 583 729 738 471 266 892 1014 660 206 790 783 902 420 862 472 331 792 365 251 557 812 539 1080 529 210 603 642 850 232 411 703 788 459 265 903 372 581 627 861 494 0 921 776 331 489 327 910
1026 974 959 924 295 417 689 939 467 1030 1364 899 359 227 624 1200 250 477 157 1008 977 519 222 669 708 1035 479 1432 446 932 377 369 489 732 1280 709 1033 633 1067 888 978 149 557 1498 435 831 349 723 1268 978 542 725 474 506 1011 490 723 997 1047 256 732 921 0 362 832 909 1030 596
881 829 797 763 157 256 544 777 141 869 1202 946 65 173 384 1039 296 315 261 847 832 358 171 428 546 873 152 1270 285 771 83 76 163 570 1118 548 872 393 906 726 816 253 396 1337 274 685 210 482 1106 816 396 485 335 345 849 164 578 836 885 302 570 776 362 0 670 747 868 457
460 334 181 227 603 525 565 161 774 253 669 1415 667 642 484 517 765 454 730 311 285 432 640 529 620 325 786 736 554 155 684 677 796 143 585 621 255 583 289 124 280 723 470 803 543 418 657 433 573 268 666 494 782 614 301 797 531 304 350 771 644 331 832 670 0 212 252 904
618 492 339 55 681 602 723 319 852 411 497 1492 744 719 562 455 843 532 808 140 443 509 717 606 698 483 863 565 631 312 762 754 874 220 413 699 413 660 447 268 109 800 547 632 620 576 734 510 401 426 743 571 859 691 459 875 689 243 178 849 721 489 909 747 212 0 410 981
456 331 95 425 801 723 561 157 972 50 867 1613 865 840 682 715 963 652 928 509 281 630 838 727 774 321 984 935 752 151 883 875 994 341 783 775 54 781 96 172 478 921 668 1001 741 414 855 631 771 264 714 692 980 762 297 995 527 502 548 969 797 327 1030 868 252 410 0 1102
1016 963 1031 997 339 490 679 1011 562 1103 1437 1179 454 406 709 1273 529 549 495 1081 967 592 404 754 717 1108 574 1504 519 1005 472 465 584 804 1352 719 1106 720 1140 960 1050 487 630 1571 508 820 338 808 1341 1050 531 811 155 510 1084 585 713 1070 1119 535 741 910 596 457 904 981 1102 0
EOF