NAME : tsp_problem
TYPE : TSP
DIMENSION : 50
EDGE_WEIGHT_TYPE : EXPLICIT
EDGE_WEIGHT_FORMAT : FULL_MATRIX
EDGE_WEIGHT_SECTION
0 789 269 786 220 895 776 833 433 899 877 657 612 319 898 674 381 214 282 949 1358 268 1056 559 427 457 612 875 925 786 270 701 880 468 746 716 216 666 642 589 381 679 303 842 723 712 609 722 1078 788
789 0 903 79 677 1131 256 1057 585 379 262 156 850 923 282 908 549 671 880 534 1594 723 535 797 591 361 324 1111 309 19 790 935 465 706 264 314 813 256 212 244 560 206 823 322 107 231 834 313 1314 173
269 903 0 900 344 903 907 841 441 1029 991 771 620 138 1012 683 390 379 156 1159 1366 277 1186 567 436 667 621 883 1039 900 278 710 1091 476 754 725 234 674 756 751 390 834 311 973 837 721 618 730 1087 902
786 79 900 0 674 1128 196 1054 582 319 202 213 847 920 222 905 545 668 877 474 1591 720 476 794 588 358 370 1108 250 76 787 932 406 703 321 378 810 313 245 240 557 146 820 262 163 287 831 377 1311 113
220 677 344 674 0 970 664 908 508 787 765 545 687 354 785 749 456 102 310 836 1433 343 944 634 502 344 592 950 813 674 345 776 768 543 726 784 244 646 530 477 456 567 378 730 611 692 684 783 1153 676
895 1131 903 1128 970 0 1135 731 603 1257 1219 999 309 954 1240 252 720 1005 972 1390 489 656 1414 360 598 1097 849 249 1267 1128 723 221 1322 450 982 952 1051 902 984 979 731 1062 756 1201 1065 949 508 958 209 1130
776 256 907 196 664 1135 0 1061 589 176 288 268 854 911 308 912 552 659 867 458 1598 727 332 801 595 349 377 1114 335 251 794 939 389 710 498 555 801 431 252 247 564 129 827 119 334 464 838 554 1318 198
833 1057 841 1054 908 731 1061 0 541 1184 1146 926 582 892 1166 508 646 943 910 1316 1024 594 1341 529 536 1023 775 711 1193 1054 661 535 1248 438 909 879 988 828 910 905 657 988 694 1127 992 875 257 884 914 1056
433 585 441 582 508 603 589 541 0 712 674 454 321 492 694 383 174 542 510 844 1066 194 869 268 92 551 303 583 721 582 261 410 776 177 437 407 588 356 438 433 185 516 294 655 520 403 318 412 787 584
1370 850 1501 790 1258 1728 647 1655 1183 0 881 862 1448 1505 902 1506 1146 1252 1461 1051 2192 1321 701 1395 1189 942 971 1708 929 845 1388 1533 983 1304 1092 1149 1395 1024 846 841 1157 723 1421 655 927 1058 1432 1148 1912 792
877 262 991 202 765 1219 288 1146 674 410 0 352 939 1012 99 997 637 760 968 566 1682 812 567 886 680 450 462 1199 127 257 879 1024 497 795 504 561 902 496 337 332 648 237 912 354 346 470 922 560 1403 112
657 156 771 213 545 999 268 926 454 390 352 0 719 792 373 777 417 540 748 523 1462 592 547 666 460 230 242 979 400 153 659 804 455 575 269 326 682 261 87 112 428 195 692 334 112 235 702 325 1183 263
612 850 620 847 687 309 854 582 321 977 939 719 0 671 959 159 439 722 689 1109 772 373 1133 78 315 816 568 288 986 847 440 128 1041 168 702 672 768 621 703 698 450 781 473 920 784 668 359 677 492 849
319 923 138 920 354 954 911 892 492 1033 1012 792 671 0 1032 733 440 349 67 1083 1417 327 1190 618 486 591 671 933 1059 920 329 760 1015 527 805 775 145 725 776 723 440 814 362 977 858 771 668 781 1137 923
898 282 1012 222 785 1240 308 1166 694 431 99 373 959 1032 0 1017 657 780 988 586 1703 832 587 906 700 470 482 1219 81 277 899 1044 517 815 524 581 922 516 357 352 668 258 932 374 367 490 943 580 1423 132
674 908 683 905 749 252 912 508 383 1035 997 777 159 733 1017 0 497 784 751 1168 715 436 1192 210 378 874 626 232 1044 905 502 56 1099 280 760 730 830 679 761 756 508 839 535 978 843 726 285 735 435 908
381 549 390 545 456 720 552 646 174 675 637 417 439 440 657 497 0 491 459 808 1183 312 832 386 180 514 266 699 685 546 320 524 739 295 400 370 537 320 401 396 60 479 353 618 483 366 423 376 903 548
214 671 379 668 102 1005 659 943 542 781 760 540 722 349 780 784 491 0 305 831 1468 378 938 669 537 339 587 984 807 668 380 811 763 578 720 778 239 640 524 471 491 562 413 725 606 687 719 777 1188 670
282 880 156 877 310 972 867 910 510 990 968 748 689 67 988 751 459 305 0 1039 1435 346 1147 636 505 547 690 952 1016 877 347 778 971 545 823 793 101 743 732 680 459 770 380 933 814 790 687 799 1156 879
949 534 1159 474 836 1390 458 1316 844 580 566 523 1109 1083 586 1168 808 831 1039 0 1853 983 737 1056 851 521 633 1370 613 529 1050 1195 142 965 766 824 973 686 508 503 819 361 1082 524 589 733 1093 823 1574 476
1358 1594 1366 1591 1433 489 1598 1024 1066 1720 1682 1462 772 1417 1703 715 1183 1468 1435 1853 0 1119 1877 824 1061 1560 1312 712 1730 1591 1186 684 1785 914 1445 1416 1514 1365 1447 1442 1194 1525 1219 1664 1528 1412 847 1421 527 1593
268 723 277 720 343 656 727 594 194 850 812 592 373 327 832 436 312 378 346 983 1119 0 1007 320 189 667 441 636 860 720 97 462 914 229 575 545 424 495 576 571 319 654 130 793 658 541 371 551 840 723
1035 515 1166 455 923 1393 312 1320 848 230 546 527 1113 1170 567 1171 811 917 1126 716 1857 986 0 1060 854 607 636 1373 594 510 1053 1198 648 969 757 814 1060 689 511 506 822 388 1086 320 592 723 1097 813 1577 457
559 797 567 794 634 360 801 529 268 924 886 666 78 618 906 210 386 669 636 1056 824 320 1080 0 262 763 515 340 933 794 387 180 988 115 648 619 715 568 650 645 397 728 420 867 731 615 306 624 544 796
427 591 436 588 502 598 595 536 92 718 680 460 315 486 700 378 180 537 505 851 1061 189 875 262 0 557 309 578 727 588 256 405 782 171 443 413 583 363 444 439 191 522 289 661 526 409 313 419 782 591
457 361 667 358 344 1097 349 1023 551 471 450 230 816 591 470 874 514 339 547 521 1560 667 628 763 557 0 339 1076 497 358 668 901 453 672 473 531 481 392 214 161 526 252 701 415 296 439 800 530 1280 360
612 324 621 370 592 849 377 775 303 500 462 242 568 671 482 626 266 587 690 633 1312 441 657 515 309 339 0 828 509 321 508 653 564 424 175 233 729 116 226 221 278 304 541 443 279 141 552 232 1032 373
875 1111 883 1108 950 249 1114 711 583 1237 1199 979 288 933 1219 232 699 984 952 1370 712 636 1394 340 578 1076 828 0 1247 1108 703 201 1301 430 962 932 1030 882 963 959 711 1042 736 1180 1045 928 488 938 387 1110
925 309 1039 250 813 1267 335 1193 721 458 127 400 986 1059 81 1044 685 807 1016 613 1730 860 615 933 727 497 509 1247 0 305 926 1071 545 842 552 609 949 544 384 380 696 285 959 401 394 518 970 607 1450 159
786 19 900 76 674 1128 251 1054 582 374 257 153 847 920 277 905 546 668 877 529 1591 720 531 794 588 358 321 1108 305 0 787 932 461 703 261 318 810 253 209 240 557 201 820 317 104 227 831 317 1311 168
270 790 278 787 345 723 794 661 261 917 879 659 440 329 899 502 320 380 347 1050 1186 97 1074 387 256 668 508 703 926 787 0 529 981 296 642 612 426 561 643 638 321 721 59 860 725 608 438 617 906 790
701 935 710 932 776 221 939 535 410 1062 1024 804 128 760 1044 56 524 811 778 1195 684 462 1219 180 405 901 653 201 1071 932 529 0 1126 270 787 757 857 706 788 783 535 866 562 1005 870 753 312 762 405 934
880 465 1091 406 768 1322 389 1248 776 512 497 455 1041 1015 517 1099 739 763 971 142 1785 914 669 988 782 453 564 1301 545 461 981 1126 0 897 698 756 905 618 439 434 751 292 1014 455 521 664 1025 755 1505 408
468 706 476 703 543 450 710 438 177 833 795 575 168 527 815 280 295 578 545 965 914 229 989 115 171 672 424 430 842 703 296 270 897 0 557 528 624 477 559 554 306 637 329 776 640 524 215 533 634 705
746 264 754 321 726 982 498 909 437 621 504 269 702 805 524 760 400 720 823 766 1445 575 778 648 443 473 175 962 552 261 642 787 698 557 0 80 863 107 325 355 411 438 675 564 220 81 685 79 1166 415
716 314 725 378 784 952 555 879 407 678 561 326 672 775 581 730 370 778 793 824 1416 545 835 619 413 531 233 932 609 318 612 757 756 528 80 0 872 165 383 413 381 496 645 621 277 118 656 52 1136 472
216 813 234 810 244 1051 801 988 588 924 902 682 768 145 922 830 537 239 101 973 1514 424 1080 715 583 481 729 1030 949 810 426 857 905 624 863 872 0 782 666 613 537 704 458 867 748 829 765 877 1234 813
666 256 674 313 646 902 431 828 356 553 496 261 621 725 516 679 320 640 743 686 1365 495 710 568 363 392 116 882 544 253 561 706 618 477 107 165 782 0 280 275 331 358 594 497 212 73 605 164 1086 407
642 212 756 245 530 984 252 910 438 375 337 87 703 776 357 761 401 524 732 508 1447 576 532 650 444 214 226 963 384 209 643 788 439 559 325 383 666 280 0 96 413 179 676 318 153 292 687 381 1167 248
589 244 751 240 477 979 247 905 433 370 332 112 698 723 352 756 396 471 680 503 1442 571 527 645 439 161 221 959 380 240 638 783 434 554 355 413 613 275 96 0 408 174 671 313 178 321 682 412 1162 243
381 560 390 557 456 731 564 657 185 686 648 428 450 440 668 508 60 491 459 819 1194 319 843 397 191 526 278 711 696 557 321 535 751 306 411 381 537 331 413 408 0 491 353 630 494 378 434 387 914 559
679 206 834 146 567 1062 129 988 516 252 237 195 781 814 258 839 479 562 770 361 1525 654 409 728 522 252 304 1042 285 201 721 866 292 637 438 496 704 358 179 174 491 0 754 195 261 405 765 495 1245 148
303 823 311 820 378 756 827 694 294 950 912 692 473 362 932 535 353 413 380 1082 1219 130 1107 420 289 701 541 736 959 820 59 562 1014 329 675 645 458 594 676 671 353 754 0 893 757 641 471 650 939 822
842 322 973 262 730 1201 119 1127 655 184 354 334 920 977 374 978 618 725 933 524 1664 793 341 867 661 415 443 1180 401 317 860 1005 455 776 564 621 867 497 318 313 630 195 893 0 400 530 904 620 1384 264
723 107 837 163 611 1065 334 992 520 456 346 112 784 858 367 843 483 606 814 589 1528 658 613 731 526 296 279 1045 394 104 725 870 521 640 220 277 748 212 153 178 494 261 757 400 0 186 768 276 1249 257
712 231 721 287 692 949 464 875 403 587 470 235 668 771 490 726 366 687 790 733 1412 541 744 615 409 439 141 928 518 227 608 753 664 524 81 118 829 73 292 321 378 405 641 530 186 0 652 117 1132 381
609 834 618 831 684 508 838 257 318 960 922 702 359 668 943 285 423 719 687 1093 847 371 1117 306 313 800 552 488 970 831 438 312 1025 215 685 656 765 605 687 682 434 765 471 904 768 652 0 661 691 833
722 313 730 377 783 958 554 884 412 677 560 325 677 781 580 735 376 777 799 823 1421 551 833 624 419 530 232 938 607 317 617 762 755 533 79 52 877 164 381 412 387 495 650 620 276 117 661 0 1141 471
1078 1314 1087 1311 1153 209 1318 914 787 1441 1403 1183 492 1137 1423 435 903 1188 1156 1574 527 840 1598 544 782 1280 1032 387 1450 1311 906 405 1505 634 1166 1136 1234 1086 1167 1162 914 1245 939 1384 1249 1132 691 1141 0 1314
788 173 902 113 676 1130 198 1056 584 321 112 263 849 923 132 908 548 670 879 476 1593 723 478 796 591 360 373 1110 159 168 790 934 408 705 415 472 813 407 248 243 559 148 822 264 257 381 833 471 1314 0
EOF