NAME : tsp_problem
TYPE : TSP
DIMENSION : 84
EDGE_WEIGHT_TYPE : EXPLICIT
EDGE_WEIGHT_FORMAT : FULL_MATRIX
EDGE_WEIGHT_SECTION
0 36 631 523 321 991 437 79 982 922 297 994 468 134 881 315 765 582 994 446 861 429 64 692 647 137 971 436 1162 577 956 980 403 923 477 683 562 351 769 1219 403 591 256 679 778 975 1343 1357 1237 464 1375 500 932 403 883 101 417 553 358 652 908 50 236 903 904 1125 888 835 70 1144 873 345 1089 443 1437 900 387 884 197 983 1513 229 446 778
36 0 628 519 318 988 434 75 978 919 294 991 465 131 878 311 762 579 991 443 857 426 60 689 644 133 968 433 1159 574 953 977 400 920 474 680 559 348 765 1215 400 587 253 676 775 972 1340 1354 1234 461 1372 496 928 400 880 98 413 549 355 648 905 46 233 900 901 1122 885 832 67 1141 870 342 1086 440 1433 897 384 881 194 979 1510 226 443 775
631 628 0 177 567 696 661 633 698 706 521 779 607 572 622 379 339 806 823 234 434 653 615 521 871 654 755 660 1386 499 784 697 627 497 180 512 700 363 597 1047 627 453 448 508 352 759 1171 1186 1066 688 1204 328 672 627 457 618 310 381 575 88 737 625 539 687 733 954 462 664 670 973 447 591 918 253 1265 641 611 713 478 702 1342 532 360 607
523 519 177 0 459 632 537 525 635 642 397 715 462 464 558 235 275 682 910 340 371 529 507 608 746 546 691 536 1261 586 872 634 503 433 285 599 556 218 684 1134 502 540 303 595 288 696 1258 1273 1153 564 1291 415 609 503 393 510 332 468 467 198 824 517 430 624 820 1041 398 609 562 1060 383 483 1005 108 1352 577 487 800 370 638 1429 424 382 694
321 318 567 459 0 927 430 323 918 858 290 931 461 262 817 307 701 575 931 382 797 422 305 628 640 344 907 429 1154 288 892 916 396 860 414 620 555 287 705 1155 395 375 249 615 714 911 1279 1293 1173 457 1311 330 868 396 819 308 278 443 69 588 844 315 104 839 840 1061 824 771 360 1080 809 66 1025 379 1373 836 380 820 190 919 1449 126 231 714
991 988 696 632 927 0 1022 994 97 287 882 359 1030 933 142 834 372 1167 642 636 286 1014 975 418 1231 1014 336 1021 1746 704 603 95 988 280 667 432 1124 735 348 868 987 597 818 422 382 340 992 1006 886 1049 1025 624 90 988 293 979 671 525 924 717 555 985 899 268 552 775 284 254 1031 793 274 952 739 708 1086 129 972 531 838 98 1163 892 720 346
876 873 1100 976 869 1461 0 878 1451 1391 621 1464 914 818 1350 761 1218 676 1464 916 1314 544 860 1161 741 899 1440 551 768 1125 1425 1449 660 1376 947 1153 1008 820 1238 1688 664 1094 702 1148 1231 1445 1812 1826 1706 579 1844 969 1401 664 1336 864 886 1022 906 1121 1377 870 784 1373 1374 1595 1341 1304 915 1613 1326 893 1558 912 1906 1369 649 1353 723 1452 1982 777 935 1247
79 75 633 525 323 994 439 0 984 924 300 997 471 136 883 317 767 585 997 449 863 431 100 694 649 139 973 439 1164 580 958 982 406 926 480 686 564 353 771 1221 405 593 258 681 781 978 1345 1359 1239 467 1377 502 934 405 886 103 419 555 361 654 910 89 238 906 907 1128 890 837 110 1146 875 347 1091 445 1439 902 390 886 199 985 1515 231 449 780
982 978 698 635 918 97 1012 984 0 277 872 350 1020 923 132 837 375 1157 632 626 289 1004 966 408 1222 1005 326 1011 1737 694 593 86 978 282 657 422 1114 726 338 858 978 587 808 412 385 330 982 996 877 1039 1015 614 80 978 296 969 661 515 914 719 545 976 889 258 542 765 287 244 1021 783 277 942 729 710 1076 119 962 522 829 88 1153 882 710 337
922 919 706 642 858 287 952 924 277 0 813 90 961 864 176 807 382 1098 505 566 296 944 906 281 1162 945 67 951 1677 634 466 276 919 290 597 295 1055 666 211 731 918 528 749 285 393 71 855 869 749 980 888 555 227 918 418 909 602 456 854 727 418 916 830 50 415 638 423 117 961 656 284 882 602 718 949 196 903 394 769 278 1026 823 651 209
297 294 521 397 290 882 182 300 872 813 0 885 336 239 771 182 639 328 885 337 735 174 282 583 392 321 861 181 907 547 846 871 149 798 368 574 429 242 659 1109 148 515 123 570 653 866 1233 1248 1128 209 1266 390 822 148 758 285 307 443 328 542 799 292 205 794 795 1016 762 726 337 1035 747 314 980 334 1327 791 133 775 145 873 1404 198 357 669
994 991 779 715 931 359 1025 997 350 90 885 0 1033 936 249 880 455 1170 577 639 369 1017 979 353 1234 1017 51 1024 1749 707 539 348 991 362 670 368 1127 738 283 804 990 600 821 357 465 82 928 942 822 1052 960 627 300 991 491 982 674 528 927 799 491 988 902 122 487 710 495 189 1034 729 357 955 674 790 1022 268 975 467 841 351 1098 895 723 282
468 465 607 462 461 1030 475 471 1020 961 336 1033 0 410 920 247 704 621 1033 485 800 467 452 731 685 491 1010 474 1200 709 995 1019 442 863 516 722 142 390 807 1258 441 664 242 718 718 1014 1382 1396 1276 502 1414 539 971 441 823 456 456 592 499 628 947 462 376 942 943 1164 827 874 508 1183 812 485 1128 422 1476 939 426 923 315 1022 1552 369 505 817
134 131 572 464 262 933 379 136 923 864 239 936 410 0 822 256 707 524 936 388 802 371 118 634 589 157 912 378 1103 519 897 922 345 865 419 625 504 293 710 1160 344 532 198 621 720 917 1284 1299 1179 406 1317 441 873 345 825 121 358 494 300 593 850 128 178 845 846 1067 830 777 173 1085 815 287 1031 385 1378 842 329 826 139 924 1455 171 388 720
881 878 622 558 817 142 911 883 132 176 771 249 920 822 0 760 298 1056 531 525 212 903 865 307 1121 904 225 910 1636 593 493 131 877 205 556 322 1014 625 237 758 877 486 707 311 308 230 882 896 776 938 914 513 125 877 334 868 560 414 813 642 445 875 789 158 441 664 338 143 920 683 200 841 628 633 975 111 861 421 728 133 1052 782 610 236
315 311 379 235 307 834 322 317 837 807 182 880 247 256 760 0 477 467 880 332 573 314 299 577 531 338 856 321 1046 555 841 835 288 635 363 569 341 236 654 1104 287 510 88 565 490 861 1228 1242 1122 349 1260 385 811 288 595 302 302 438 345 400 793 309 222 789 790 1011 600 720 354 1029 585 331 975 195 1322 779 272 769 162 840 1399 216 351 663
765 762 339 275 701 372 779 767 375 382 639 455 704 707 298 477 0 924 737 501 168 771 749 513 989 788 431 778 1504 766 698 373 745 231 447 527 798 461 443 963 745 692 546 517 86 435 1087 1102 982 806 1120 595 348 745 191 753 575 620 709 360 650 759 673 363 647 870 196 349 804 888 181 725 834 350 1181 317 729 627 612 378 1258 666 624 442
562 558 786 661 554 1146 237 564 1136 1077 307 1149 600 503 1036 446 904 0 1149 601 999 229 546 847 127 585 1126 237 962 811 1111 1135 345 1062 632 838 694 506 923 1374 350 779 387 834 917 1130 1498 1512 1392 265 1530 654 1086 350 1022 549 572 707 592 807 1063 556 469 1058 1059 1280 1026 990 601 1299 1011 578 1244 598 1591 1055 334 1039 409 1138 1668 463 621 933
994 991 823 910 931 642 1025 997 632 505 885 577 1033 936 531 880 737 1170 0 639 651 1017 979 353 1235 1018 554 1024 1749 707 64 631 991 645 670 368 1127 738 352 259 990 600 821 357 748 558 383 397 277 1052 415 627 582 991 773 982 674 528 927 844 118 989 902 486 115 165 778 418 1034 184 639 955 129 831 476 551 975 135 841 633 553 895 723 361
446 443 234 340 382 636 477 449 626 566 337 639 485 388 525 332 501 622 639 0 597 469 430 336 686 469 615 476 1201 314 600 624 443 638 81 328 579 190 413 863 442 269 273 323 515 619 987 1001 881 504 1019 144 576 443 620 434 126 197 390 255 552 440 354 547 548 770 624 479 486 788 609 406 733 282 1081 544 427 528 293 627 1157 347 175 422
861 857 434 371 797 286 875 863 289 296 735 369 800 802 212 573 168 1020 651 597 0 867 845 427 1084 884 345 874 1599 713 612 287 841 87 542 441 894 556 357 877 840 606 641 431 121 349 1001 1016 896 902 1034 633 262 841 146 848 670 534 805 455 565 855 768 277 561 784 151 263 900 802 76 821 748 446 1095 231 825 541 708 292 1172 761 720 356
888 885 1112 988 881 1473 564 890 1463 1403 633 1476 926 830 1362 773 1230 688 1476 928 1326 0 872 1173 753 911 1452 563 780 1137 1437 1461 672 1388 959 1165 1020 832 1250 1700 676 1106 714 1160 1243 1457 1824 1838 1718 591 1856 981 1413 676 1348 876 898 1034 918 1133 1389 882 796 1384 1386 1607 1353 1316 927 1625 1338 905 1570 924 1918 1381 661 1365 735 1464 1994 789 947 1259
64 60 615 507 305 975 421 100 966 906 282 979 452 118 865 299 749 567 979 430 845 413 0 676 631 121 955 420 1146 562 940 964 388 908 462 668 546 335 753 1203 387 575 240 663 762 959 1327 1341 1221 448 1359 484 916 387 867 85 401 537 343 636 892 74 220 887 888 1109 872 819 94 1128 857 329 1073 427 1421 884 372 868 181 967 1497 213 430 762
692 689 521 608 628 418 722 694 408 281 583 353 731 634 307 577 513 868 353 336 427 714 676 0 932 715 330 721 1447 404 315 406 689 421 367 80 825 436 127 579 688 298 518 75 523 334 704 718 598 749 736 325 358 688 549 679 372 226 624 542 267 686 600 262 263 486 554 194 731 505 415 652 450 528 797 326 673 243 539 409 874 593 421 137
496 492 720 595 488 1080 171 498 1070 1011 241 1083 534 437 970 380 838 317 1083 535 933 163 480 781 0 519 1060 171 896 745 1045 1069 279 996 566 772 628 440 857 1308 284 713 321 768 851 1064 1432 1446 1326 199 1464 588 1021 284 956 483 506 642 526 741 997 490 404 992 993 1214 960 924 535 1233 945 512 1178 532 1526 989 268 973 343 1072 1602 397 555 867
137 133 654 546 344 1014 460 139 1005 945 321 1017 491 157 904 338 788 606 1018 469 884 452 121 715 670 0 994 459 1185 601 979 1003 427 947 501 707 585 374 792 1242 426 614 279 702 801 998 1366 1380 1260 487 1398 523 955 426 906 77 440 576 382 675 931 131 259 926 927 1148 911 858 176 1167 896 368 1112 466 1460 923 411 907 220 1006 1536 252 469 801
971 968 755 691 907 336 1001 973 326 67 861 51 1010 912 225 856 431 1146 554 615 345 993 955 330 1211 994 0 1000 1726 683 515 325 967 339 646 344 1104 715 260 780 967 576 797 333 441 59 904 918 798 1028 936 603 276 967 467 958 650 504 903 776 467 965 879 98 464 687 472 165 1010 705 333 931 650 767 998 244 951 443 818 327 1074 872 700 258
886 882 1110 985 878 1470 561 888 1460 1401 631 1473 924 827 1360 770 1227 686 1473 925 1323 553 870 1171 750 909 1450 0 778 1135 1435 1459 669 1386 956 1162 1018 830 1247 1697 674 1103 711 1158 1241 1454 1822 1836 1716 589 1854 978 1410 674 1346 873 895 1031 916 1130 1387 880 793 1382 1383 1604 1350 1314 925 1623 1335 902 1568 922 1915 1379 658 1363 733 1462 1992 786 945 1257
1179 1176 1403 1278 1172 1764 855 1181 1754 1694 924 1767 1217 1121 1653 1064 1521 979 1767 1218 1616 847 1163 1464 1044 1202 1743 854 0 1428 1728 1752 963 1679 1250 1456 1311 1123 1541 1991 967 1397 1005 1451 1534 1747 2115 2129 2009 882 2147 1272 1704 967 1639 1166 1189 1325 1209 1424 1680 1173 1087 1675 1676 1898 1644 1607 1218 1916 1629 1196 1861 1215 2209 1672 952 1656 1026 1755 2285 1080 1238 1550
577 574 499 586 288 704 686 580 694 634 547 707 709 519 593 555 766 832 707 314 713 678 562 404 896 601 683 686 1411 0 668 692 653 707 345 396 803 414 481 931 652 151 497 391 779 688 1055 1069 949 714 1087 196 644 652 835 565 275 219 236 520 620 571 361 615 617 838 840 547 617 856 701 270 801 506 1149 612 637 596 446 695 1225 382 228 490
956 953 784 872 892 603 986 958 593 466 846 539 995 897 493 841 698 1131 64 600 612 978 940 315 1196 979 515 985 1711 668 0 592 952 606 631 329 1089 700 313 291 952 561 782 318 709 520 415 429 309 1013 447 588 543 952 735 943 635 489 888 805 79 950 864 447 76 197 739 379 995 216 601 916 161 792 509 512 936 96 803 595 585 857 685 322
980 977 697 634 916 95 1010 982 86 276 871 348 1019 922 131 835 373 1156 631 624 287 1002 964 406 1220 1003 325 1010 1735 692 592 0 977 281 656 421 1113 724 337 857 976 586 807 410 384 329 981 995 875 1038 1013 613 79 976 294 968 660 514 913 718 544 974 888 257 540 763 285 242 1019 782 276 940 727 709 1075 118 961 520 827 87 1151 881 709 335
403 400 627 503 396 988 221 406 978 919 149 991 442 345 877 288 745 366 991 443 841 213 388 689 430 427 967 220 945 653 952 977 0 904 474 680 535 348 765 1215 191 621 229 676 759 972 1339 1354 1234 248 1372 496 928 192 864 391 413 549 434 648 905 398 311 900 901 1122 868 832 443 1140 853 420 1086 440 1433 897 176 881 250 979 1510 304 462 775
923 920 497 433 860 280 937 926 282 290 798 362 863 865 205 635 231 1083 645 638 87 929 908 421 1147 947 339 937 1662 707 606 281 904 0 605 435 957 619 351 871 903 600 704 424 184 343 995 1009 889 965 1027 627 256 903 209 911 674 528 867 518 558 917 831 271 555 778 214 257 963 796 75 884 741 509 1089 225 888 534 770 286 1166 824 723 349
477 474 180 285 414 667 508 480 657 597 368 670 516 419 556 363 447 653 670 81 542 500 462 367 718 501 646 507 1232 345 631 656 474 605 0 359 610 222 444 894 474 300 304 355 460 651 1018 1032 912 535 1051 175 607 474 565 465 157 228 422 201 583 472 385 579 580 801 570 511 517 819 555 438 765 314 1112 576 458 559 325 658 1189 378 206 454
683 680 512 599 620 432 714 686 422 295 574 368 722 625 322 569 527 859 368 328 441 706 668 80 924 707 344 713 1438 396 329 421 680 435 359 0 816 428 142 594 679 289 510 67 538 348 718 732 612 741 750 316 372 680 563 671 363 217 616 533 281 678 591 276 277 501 568 208 723 519 430 644 464 520 812 341 664 257 531 423 888 584 412 151
562 559 700 556 555 1124 569 564 1114 1055 429 1127 142 504 1014 341 798 714 1127 579 894 561 546 825 779 585 1104 568 1294 803 1089 1113 535 957 610 816 0 484 901 1352 535 757 336 812 812 1108 1476 1490 1370 596 1508 632 1064 535 917 550 549 685 592 721 1041 556 470 1036 1037 1258 921 968 602 1277 906 579 1222 516 1569 1033 519 1017 409 1116 1646 463 599 911
351 348 363 218 287 735 381 353 726 666 242 738 390 293 625 236 461 527 738 190 556 373 335 436 591 374 715 380 1106 414 700 724 348 619 222 428 484 0 513 963 347 369 177 423 474 719 1087 1101 981 408 1119 244 676 347 579 338 161 297 295 384 652 345 259 647 648 869 584 579 390 888 569 311 833 158 1181 644 332 628 198 727 1257 252 210 522
769 765 597 684 705 348 799 771 338 211 659 283 807 710 237 654 443 944 352 413 357 791 753 127 1009 792 260 798 1524 481 313 337 765 351 444 142 901 513 0 578 765 374 595 131 454 264 702 716 596 826 734 401 288 765 479 756 448 302 701 618 265 763 676 192 261 484 484 126 808 503 345 729 448 605 796 257 749 241 616 339 872 669 497 103
1219 1215 1047 1134 1155 868 1249 1221 858 731 1109 804 1258 1160 758 1104 963 1394 259 863 877 1241 1203 579 1459 1242 780 1248 1974 931 291 857 1215 871 894 594 1352 963 578 0 1215 824 1045 583 974 784 230 244 121 1276 214 851 808 1215 999 1206 898 752 1151 1068 344 1213 1127 712 341 140 1004 644 1258 159 866 1179 160 1055 276 777 1199 361 1066 859 401 1120 948 587
403 400 627 502 395 987 225 405 978 918 148 990 441 344 877 287 745 371 990 442 840 217 387 688 435 426 967 224 950 652 952 976 191 903 474 679 535 347 765 1215 0 621 229 675 758 971 1339 1353 1233 252 1371 496 928 29 863 390 413 549 433 648 904 397 311 899 900 1121 868 831 442 1140 853 420 1085 439 1433 896 74 880 250 979 1509 304 462 774
591 587 453 540 375 597 655 593 587 528 515 600 664 532 486 510 692 800 600 269 606 647 575 298 865 614 576 654 1380 151 561 586 621 600 300 289 757 369 374 824 621 0 451 285 703 581 948 963 843 682 981 209 537 621 728 578 287 112 371 474 514 585 374 509 510 731 733 441 630 749 595 399 695 461 1042 506 605 490 460 588 1119 396 240 384
256 253 448 303 249 818 263 258 808 749 123 821 242 198 707 88 546 408 821 273 641 255 240 518 473 279 797 262 988 497 782 807 229 704 304 510 336 177 595 1045 229 451 0 506 559 802 1169 1183 1064 290 1202 326 758 229 664 243 243 379 286 469 734 250 164 730 731 952 668 662 295 970 653 273 916 263 1263 727 213 711 103 809 1340 157 292 605
679 676 508 595 615 422 709 681 412 285 570 357 718 621 311 565 517 855 357 323 431 701 663 75 919 702 333 709 1434 391 318 410 676 424 355 67 812 423 131 583 675 285 506 0 527 338 707 722 602 737 740 312 362 675 553 667 359 213 612 529 270 673 587 266 267 490 557 198 719 508 419 639 454 515 801 330 660 247 526 413 878 580 408 141
778 775 352 288 714 382 792 781 385 393 653 465 718 720 308 490 86 938 748 515 121 784 762 523 1002 801 441 791 1517 779 709 384 759 184 460 538 812 474 454 974 758 703 559 527 0 446 1098 1112 992 819 1130 609 359 758 143 766 588 631 722 373 661 772 686 374 657 880 148 359 818 899 133 738 844 364 1192 327 743 637 625 389 1268 679 637 452
975 972 759 696 911 340 1006 978 330 71 866 82 1014 917 230 861 435 1151 558 619 349 998 959 334 1215 998 59 1005 1730 688 520 329 972 343 651 348 1108 719 264 784 971 581 802 338 446 0 909 923 803 1033 941 608 280 972 472 963 655 509 908 780 472 969 883 103 468 691 476 170 1015 710 338 935 655 771 1002 249 956 448 822 332 1079 876 704 263
1343 1340 1171 1258 1279 992 1373 1345 982 855 1233 928 1382 1284 882 1228 1087 1518 383 987 1001 1365 1327 704 1583 1366 904 1372 2098 1055 415 981 1339 995 1018 718 1476 1087 702 230 1339 948 1169 707 1098 909 0 237 237 1400 89 975 932 1339 1123 1330 1022 876 1275 1192 468 1337 1251 836 465 264 1128 768 1382 283 990 1303 284 1179 118 901 1323 485 1190 984 393 1244 1072 711
1357 1354 1186 1273 1293 1006 1387 1359 996 869 1248 942 1396 1299 896 1242 1102 1533 397 1001 1016 1379 1341 718 1597 1380 918 1386 2112 1069 429 995 1354 1009 1032 732 1490 1101 716 244 1353 963 1183 722 1112 923 237 0 263 1414 299 990 947 1353 1138 1344 1037 891 1289 1207 483 1351 1265 851 479 279 1142 783 1396 297 1004 1317 298 1193 237 915 1338 499 1204 998 270 1258 1086 725
1237 1234 1066 1153 1173 886 1267 1239 877 749 1128 822 1276 1179 776 1122 982 1413 277 881 896 1259 1221 598 1477 1260 798 1266 1992 949 309 875 1234 889 912 612 1370 981 596 121 1233 843 1064 602 992 803 237 263 0 1295 169 870 827 1233 1018 1224 917 771 1169 1087 363 1231 1145 731 359 159 1022 663 1276 177 884 1197 178 1073 231 795 1218 380 1084 878 419 1138 966 606
858 855 1082 958 851 1443 534 860 1433 1373 603 1446 896 800 1332 743 1200 658 1446 898 1296 526 842 1143 723 881 1422 533 750 1107 1407 1431 642 1358 929 1135 990 802 1220 1670 646 1076 684 1130 1213 1427 1794 1808 1688 0 1826 951 1383 646 1318 846 868 1004 888 1103 1359 852 766 1355 1356 1577 1323 1286 897 1595 1308 875 1540 894 1888 1351 631 1335 705 1434 1965 759 917 1229
1375 1372 1204 1291 1311 1025 1405 1377 1015 888 1266 960 1414 1317 914 1260 1120 1551 415 1019 1034 1397 1359 736 1615 1398 936 1405 2130 1087 447 1013 1372 1027 1051 750 1508 1119 734 214 1371 981 1202 740 1130 941 89 299 169 1433 0 1008 965 1371 1156 1363 1055 909 1308 1225 501 1369 1283 869 497 271 1160 801 1414 280 1022 1335 316 1211 83 933 1356 518 1222 1016 456 1276 1104 744
500 496 328 415 330 624 530 502 614 555 390 627 539 441 513 385 595 675 627 144 633 522 484 325 740 523 603 529 1255 196 588 613 496 627 175 316 632 244 401 851 496 209 326 312 609 608 975 990 870 557 1008 0 564 496 714 487 179 185 336 349 541 494 329 536 537 758 718 468 539 776 621 354 722 336 1069 533 480 517 347 615 1146 350 195 411
932 928 672 609 868 90 962 934 80 227 822 300 971 873 125 811 348 1107 582 576 262 954 916 358 1172 955 276 961 1687 644 543 79 928 256 607 372 1064 676 288 808 928 537 758 362 359 280 932 947 827 989 965 564 0 928 330 919 611 465 864 693 496 926 839 208 492 715 321 194 971 733 251 892 679 684 1026 112 912 472 779 81 1103 832 660 287
403 400 627 503 396 988 225 405 978 918 148 991 441 345 877 288 745 371 991 443 841 218 387 688 435 426 967 225 950 652 952 976 192 903 474 680 535 347 765 1215 29 621 229 675 758 972 1339 1353 1233 253 1371 496 928 0 863 391 413 549 433 648 904 397 311 900 901 1122 868 831 443 1140 853 420 1085 439 1433 896 74 880 250 979 1510 304 462 774
883 880 457 393 819 293 897 886 296 418 758 491 823 825 334 595 191 1043 773 620 146 889 867 549 1107 906 467 896 1622 835 735 294 864 209 565 563 917 579 479 999 863 728 664 553 143 472 1123 1138 1018 925 1156 714 330 863 0 871 693 656 827 478 687 877 791 400 683 906 110 385 923 925 159 844 870 469 1217 353 848 663 730 299 1294 784 742 478
101 98 618 510 308 979 425 103 969 909 285 982 456 121 868 302 753 570 982 434 848 417 85 679 634 77 958 424 1149 565 943 968 391 911 465 671 550 338 756 1206 390 578 243 667 766 963 1330 1344 1224 452 1363 487 919 391 871 0 404 540 346 639 895 95 223 891 892 1113 875 823 140 1131 860 332 1077 430 1424 888 375 871 185 970 1501 216 434 766
417 413 310 332 278 671 447 419 661 602 307 674 456 358 560 302 575 592 674 126 670 439 401 372 657 440 650 446 1172 275 635 660 413 674 157 363 549 161 448 898 413 287 243 359 588 655 1022 1037 917 474 1055 179 611 413 693 404 0 232 286 331 588 411 277 583 584 805 698 515 456 824 669 302 769 253 1116 580 397 564 264 662 1193 299 116 458
553 549 381 468 443 525 583 555 515 456 443 528 592 494 414 438 620 728 528 197 534 575 537 226 793 576 504 582 1308 219 489 514 549 528 228 217 685 297 302 752 549 112 379 213 631 509 876 891 771 610 909 185 465 549 656 540 232 0 439 402 442 547 442 437 438 659 661 369 592 678 523 467 623 389 970 434 533 418 400 516 1047 453 282 312
358 355 575 467 69 924 467 361 914 854 328 927 499 300 813 345 709 613 927 390 805 459 343 624 677 382 903 467 1192 236 888 913 434 867 422 616 592 295 701 1151 433 371 286 612 722 908 1275 1289 1169 495 1308 336 864 433 827 346 286 439 0 596 840 353 142 836 837 1058 832 768 398 1076 817 51 1022 387 1369 833 418 816 227 915 1446 163 239 711
652 648 88 198 588 717 682 654 719 727 542 799 628 593 642 400 360 827 844 255 455 674 636 542 892 675 776 681 1407 520 805 718 648 518 201 533 721 384 618 1068 648 474 469 529 373 780 1192 1207 1087 709 1225 349 693 648 478 639 331 402 596 0 758 646 560 708 754 975 482 685 691 993 467 612 939 273 1286 662 632 734 499 723 1363 553 381 628
908 905 737 824 844 555 938 910 545 418 799 491 947 850 445 793 650 1084 118 552 565 930 892 267 1148 931 467 937 1663 620 79 544 905 558 583 281 1041 652 265 344 904 514 734 270 661 472 468 483 363 965 501 541 496 904 687 895 588 442 840 758 0 902 816 400 64 251 691 332 947 269 553 868 215 744 562 464 889 48 755 547 639 809 637 274
50 46 625 517 315 985 431 89 976 916 292 988 462 128 875 309 759 577 989 440 855 423 74 686 641 131 965 430 1156 571 950 974 398 917 472 678 556 345 763 1213 397 585 250 673 772 969 1337 1351 1231 458 1369 494 926 397 877 95 411 547 353 646 902 0 230 897 898 1119 882 829 80 1138 867 339 1083 437 1431 894 382 878 191 977 1507 223 440 772
236 233 539 430 104 899 345 238 889 830 205 902 376 178 789 222 673 490 902 354 768 337 220 600 555 259 879 344 1070 361 864 888 311 831 385 591 470 259 676 1127 311 374 164 587 686 883 1251 1265 1145 372 1283 329 839 311 791 223 277 442 142 560 816 230 0 811 812 1033 796 743 275 1052 781 129 997 351 1344 808 295 792 105 891 1421 70 230 686
903 900 687 624 839 268 934 906 258 50 794 122 942 845 158 789 363 1079 486 547 277 926 887 262 1143 926 98 933 1658 615 447 257 900 271 579 276 1036 647 192 712 899 509 730 266 374 103 836 851 731 961 869 536 208 900 400 891 583 437 836 708 400 897 811 0 396 619 404 98 943 638 266 863 583 699 930 177 884 376 750 260 1007 804 632 191
904 901 733 820 840 552 935 907 542 415 795 487 943 846 441 790 647 1080 115 548 561 927 888 263 1144 927 464 934 1659 617 76 540 901 555 580 277 1037 648 261 341 900 510 731 267 657 468 465 479 359 962 497 537 492 901 683 892 584 438 837 754 64 898 812 396 0 248 688 328 944 266 549 864 212 740 559 460 885 45 751 543 636 805 633 271
1125 1122 954 1041 1061 775 1156 1128 765 638 1016 710 1164 1067 664 1011 870 1301 165 770 784 1148 1109 486 1365 1148 687 1155 1880 838 197 763 1122 778 801 501 1258 869 484 140 1121 731 952 490 880 691 264 279 159 1183 271 758 715 1122 906 1113 805 659 1058 975 251 1119 1033 619 248 0 911 551 1165 65 772 1086 67 961 332 683 1106 268 972 766 435 1026 854 494
888 885 462 398 824 284 902 890 287 423 762 495 827 830 338 600 196 1047 778 624 151 894 872 554 1112 911 472 901 1627 840 739 285 868 214 570 568 921 584 484 1004 868 733 668 557 148 476 1128 1142 1022 929 1160 718 321 868 110 875 698 661 832 482 691 882 796 404 688 911 0 390 927 929 163 848 875 473 1222 358 852 667 735 290 1299 789 747 482
835 832 664 609 771 254 865 837 244 117 726 189 874 777 143 720 349 1011 418 479 263 857 819 194 1075 858 165 865 1590 547 379 242 832 257 511 208 968 579 126 644 831 441 662 198 359 170 768 783 663 893 801 468 194 831 385 823 515 369 768 685 332 829 743 98 328 551 390 0 875 569 251 795 515 671 862 162 816 308 682 245 939 736 564 124
70 67 670 562 360 1031 476 110 1021 961 337 1034 508 173 920 354 804 622 1034 486 900 469 94 731 686 176 1010 476 1201 617 995 1019 443 963 517 723 602 390 808 1258 442 630 295 719 818 1015 1382 1396 1276 504 1414 539 971 443 923 140 456 592 398 691 947 80 275 943 944 1165 927 875 0 1183 912 384 1129 482 1476 939 427 923 237 1022 1553 268 486 817
1144 1141 973 1060 1080 793 1174 1146 783 656 1035 729 1183 1085 683 1029 888 1320 184 788 802 1166 1128 505 1384 1167 705 1173 1899 856 216 782 1140 796 819 519 1277 888 503 159 1140 749 970 508 899 710 283 297 177 1201 280 776 733 1140 925 1131 824 678 1076 993 269 1138 1052 638 266 65 929 569 1183 0 791 1104 85 980 341 702 1124 286 991 785 453 1045 873 512
873 870 447 383 809 274 887 875 277 284 747 357 812 815 200 585 181 1032 639 609 76 879 857 415 1097 896 333 886 1612 701 601 276 853 75 555 430 906 569 345 866 853 595 653 419 133 338 990 1004 884 914 1022 621 251 853 159 860 669 523 817 467 553 867 781 266 549 772 163 251 912 791 0 833 736 458 1084 219 837 529 720 280 1160 774 718 344
345 342 591 483 66 952 454 347 942 882 314 955 485 287 841 331 725 599 955 406 821 446 329 652 664 368 931 453 1179 270 916 940 420 884 438 644 579 311 729 1179 420 399 273 639 738 935 1303 1317 1197 481 1335 354 892 420 844 332 302 467 51 612 868 339 129 863 864 1086 848 795 384 1104 833 0 1049 403 1397 860 404 844 214 943 1473 150 255 738
1089 1086 918 1005 1025 739 1119 1091 729 602 980 674 1128 1031 628 975 834 1265 129 733 748 1111 1073 450 1329 1112 650 1119 1844 801 161 727 1086 741 765 464 1222 833 448 160 1085 695 916 454 844 655 284 298 178 1147 316 722 679 1085 870 1077 769 623 1022 939 215 1083 997 583 212 67 875 515 1129 85 736 1049 0 925 378 647 1070 232 936 730 454 990 818 458
443 440 253 108 379 708 473 445 710 718 334 790 422 385 633 195 350 619 831 282 446 465 427 528 683 466 767 473 1198 506 792 709 440 509 314 520 516 158 605 1055 439 461 263 515 364 771 1179 1193 1073 501 1211 336 684 439 469 430 253 389 387 273 744 437 351 699 740 961 473 671 482 980 458 403 925 0 1273 653 424 720 290 714 1349 344 302 614
1437 1433 1265 1352 1373 1086 1467 1439 1076 949 1327 1022 1476 1378 975 1322 1181 1612 476 1081 1095 1459 1421 797 1677 1460 998 1466 2192 1149 509 1075 1433 1089 1112 812 1569 1181 796 276 1433 1042 1263 801 1192 1002 118 237 231 1494 83 1069 1026 1433 1217 1424 1116 970 1369 1286 562 1431 1344 930 559 332 1222 862 1476 341 1084 1397 378 1273 0 995 1417 579 1284 1077 393 1338 1166 805
900 897 641 577 836 129 930 902 119 196 791 268 939 842 111 779 317 1076 551 544 231 922 884 326 1140 923 244 930 1655 612 512 118 897 225 576 341 1033 644 257 777 896 506 727 330 327 249 901 915 795 958 933 533 112 896 353 888 580 434 833 662 464 894 808 177 460 683 358 162 939 702 219 860 647 653 995 0 881 440 747 120 1071 801 629 255
387 384 611 487 380 972 210 390 962 903 133 975 426 329 861 272 729 355 975 427 825 202 372 673 420 411 951 209 934 637 936 961 176 888 458 664 519 332 749 1199 74 605 213 660 743 956 1323 1338 1218 237 1356 480 912 74 848 375 397 533 418 632 889 382 295 884 885 1106 852 816 427 1124 837 404 1070 424 1417 881 0 865 234 963 1494 288 446 759
884 881 713 800 820 531 914 886 522 394 775 467 923 826 421 769 627 1060 135 528 541 906 868 243 1124 907 443 913 1639 596 96 520 881 534 559 257 1017 628 241 361 880 490 711 247 637 448 485 499 380 942 518 517 472 880 663 871 564 418 816 734 48 878 792 376 45 268 667 308 923 286 529 844 232 720 579 440 865 0 731 523 656 785 613 251
197 194 478 370 190 838 284 199 829 769 145 841 315 139 728 162 612 430 841 293 708 276 181 539 494 220 818 283 1009 446 803 827 250 770 325 531 409 198 616 1066 250 460 103 526 625 822 1190 1204 1084 311 1222 347 779 250 730 185 264 400 227 499 755 191 105 750 751 972 735 682 237 991 720 214 936 290 1284 747 234 731 0 830 1360 98 313 625
983 979 702 638 919 98 1013 985 88 278 873 351 1022 924 133 840 378 1158 633 627 292 1005 967 409 1223 1006 327 1012 1738 695 595 87 979 286 658 423 1116 727 339 859 979 588 809 413 389 332 984 998 878 1040 1016 615 81 979 299 970 662 516 915 723 547 977 891 260 543 766 290 245 1022 785 280 943 730 714 1077 120 963 523 830 0 1154 884 712 338
1513 1510 1342 1429 1449 1163 1544 1515 1153 1026 1404 1098 1552 1455 1052 1399 1258 1689 553 1157 1172 1536 1497 874 1753 1536 1074 1543 2268 1225 585 1151 1510 1166 1189 888 1646 1257 872 401 1509 1119 1340 878 1268 1079 393 270 419 1571 456 1146 1103 1510 1294 1501 1193 1047 1446 1363 639 1507 1421 1007 636 435 1299 939 1553 453 1160 1473 454 1349 393 1071 1494 656 1360 1154 0 1414 1242 882
229 226 532 424 126 892 338 231 882 823 198 895 369 171 782 216 666 483 895 347 761 330 213 593 548 252 872 337 1063 382 857 881 304 824 378 584 463 252 669 1120 304 396 157 580 679 876 1244 1258 1138 365 1276 350 832 304 784 216 299 453 163 553 809 223 70 804 805 1026 789 736 268 1045 774 150 990 344 1338 801 288 785 98 884 1414 0 251 679
446 443 360 382 231 720 496 449 710 651 357 723 505 388 610 351 624 642 723 175 720 488 430 421 706 469 700 495 1221 228 685 709 462 723 206 412 599 210 497 948 462 240 292 408 637 704 1072 1086 966 523 1104 195 660 462 742 434 116 282 239 381 637 440 230 632 633 854 747 564 486 873 718 255 818 302 1166 629 446 613 313 712 1242 251 0 507
778 775 607 694 714 346 808 780 337 209 669 282 817 720 236 663 442 954 361 422 356 800 762 137 1018 801 258 808 1533 490 322 335 775 349 454 151 911 522 103 587 774 384 605 141 452 263 711 725 606 836 744 411 287 774 478 766 458 312 711 628 274 772 686 191 271 494 482 124 817 512 344 738 458 614 805 255 759 251 625 338 882 679 507 0
EOF