NAME : tsp_problem
TYPE : TSP
DIMENSION : 80
EDGE_WEIGHT_TYPE : EXPLICIT
EDGE_WEIGHT_FORMAT : FULL_MATRIX
EDGE_WEIGHT_SECTION
0 971 499 366 929 771 571 675 662 782 918 369 575 975 798 1044 370 1028 859 929 360 572 369 860 582 920 87 1257 765 799 660 703 776 578 1032 1016 483 821 602 780 777 824 408 1158 694 910 570 618 504 227 654 683 507 1016 794 503 219 1016 579 505 146 1341 716 848 1004 551 832 1006 80 985 1347 94 857 115 485 1049 373 357 214 660
971 0 1380 648 672 241 856 324 947 735 661 1250 929 45 347 371 657 354 147 256 713 444 645 409 755 247 906 662 256 697 403 987 294 931 358 444 1364 180 955 939 218 181 1290 586 1172 316 924 972 617 776 398 969 620 421 285 1384 913 421 932 618 870 746 277 214 331 904 381 411 910 390 752 910 634 896 1366 375 726 1238 778 404
499 1380 0 777 1338 1180 982 1084 1073 1193 1327 255 987 1384 1207 1453 781 1437 1269 1338 771 981 780 1269 993 1329 498 1666 1174 1210 1069 1114 1185 989 1441 1425 238 1230 1013 1191 1187 1233 294 1567 639 1319 981 1029 913 638 1063 1094 916 1425 1203 258 496 1425 990 914 557 1750 1125 1257 1413 962 1242 1415 492 1394 1756 505 1268 526 240 1458 784 495 625 1069
366 648 777 0 605 447 319 351 410 531 594 647 324 651 474 721 96 704 536 606 108 248 84 536 318 597 301 934 441 547 336 451 453 326 708 693 761 497 350 528 454 501 687 835 581 587 319 367 181 171 331 432 183 693 471 781 313 693 327 182 265 1018 393 525 681 299 509 683 305 661 1024 305 606 291 763 725 122 635 173 336
929 672 1338 605 0 537 726 441 777 437 80 1208 842 676 390 746 615 729 636 631 670 490 603 328 712 622 864 959 466 399 310 690 477 844 733 654 1321 597 868 642 479 601 1247 796 1130 612 837 885 575 734 301 768 577 718 495 1341 871 718 845 576 827 1042 418 549 705 817 355 707 868 686 1049 868 336 853 1323 750 684 1195 735 309
771 241 1180 447 537 0 656 123 747 732 526 1050 728 244 406 561 457 545 122 446 512 243 445 468 554 437 706 853 317 694 268 788 384 731 548 624 1163 83 754 865 279 87 1089 767 972 506 723 771 417 576 263 769 419 612 403 1183 713 612 731 418 669 936 206 404 521 703 441 601 710 580 943 710 631 695 1165 565 526 1037 577 268
571 856 982 319 726 656 0 560 122 342 715 852 246 860 683 930 322 913 745 814 253 457 322 642 141 805 506 1142 650 358 545 196 661 248 917 901 965 706 272 273 663 709 891 1043 785 796 241 289 279 376 540 151 278 901 679 985 517 901 249 276 469 1226 601 733 889 221 670 891 510 870 1232 510 417 495 967 934 258 839 377 545
675 324 1084 351 441 123 560 0 651 636 430 954 632 327 310 548 361 532 222 433 417 230 349 372 458 424 610 770 277 598 172 692 288 635 536 528 1067 183 659 769 266 187 993 671 876 423 627 675 321 480 167 673 323 529 306 1088 617 529 636 322 573 853 194 361 508 608 345 518 614 497 860 614 535 599 1069 553 430 941 482 172
662 947 1073 410 777 747 122 651 0 393 766 943 337 951 756 1021 414 1004 836 906 344 548 413 694 232 897 597 1234 741 410 636 124 752 339 1008 992 1056 797 363 201 754 800 982 1134 876 887 332 380 370 467 631 78 369 992 770 1076 608 992 340 367 560 1317 692 824 980 312 721 982 601 961 1324 601 468 586 1058 1025 349 930 468 636
782 735 1193 531 437 732 342 636 393 0 426 1063 458 739 416 808 534 792 722 693 465 669 534 354 353 684 717 1005 529 196 505 352 540 460 796 681 1177 754 484 304 541 756 1103 823 997 658 452 500 491 587 496 384 490 764 558 1197 729 764 461 488 681 1089 610 612 768 433 381 754 721 732 1095 721 268 707 1179 813 470 1051 589 505
918 661 1327 594 80 526 715 430 766 426 0 1197 831 665 379 735 604 718 625 620 659 479 591 317 701 611 853 948 455 388 299 679 466 833 722 643 1310 586 857 631 468 590 1236 785 1119 601 826 874 564 723 290 757 566 707 484 1330 860 707 834 565 816 1031 407 538 694 806 344 696 857 675 1038 857 325 842 1312 739 673 1184 724 298
369 1250 255 647 1208 1050 852 954 943 1063 1197 0 857 1254 1077 1324 651 1307 1139 1208 641 851 651 1139 863 1200 368 1536 1044 1080 939 984 1055 859 1311 1295 238 1100 883 1061 1057 1103 63 1437 841 1190 852 900 783 508 934 965 786 1295 1073 259 366 1295 860 784 427 1620 995 1127 1283 832 1112 1285 362 1264 1626 375 1138 396 240 1328 654 266 495 939
575 929 987 324 842 728 246 632 337 458 831 857 0 932 755 1002 327 985 817 887 258 529 327 758 257 878 510 1215 722 474 617 378 734 39 989 974 970 778 57 455 735 782 896 1116 790 868 48 83 395 380 612 359 394 974 752 990 522 974 44 392 474 1299 674 806 962 52 785 964 515 942 1305 515 532 500 972 1006 263 844 382 617
975 45 1384 651 676 244 860 327 951 739 665 1254 932 0 350 375 661 358 150 259 717 448 649 412 759 251 910 666 259 700 407 991 298 935 362 448 1367 183 959 943 222 184 1293 590 1176 319 927 975 621 780 402 973 623 425 289 1388 917 425 936 622 874 750 281 217 334 908 385 415 914 394 756 914 637 900 1369 379 730 1241 782 407
798 347 1207 474 390 406 683 310 756 416 379 1077 755 350 0 420 484 403 333 305 540 359 472 110 582 296 733 633 140 377 230 668 151 758 407 391 1190 366 782 620 153 368 1116 534 999 286 750 798 444 603 225 746 446 392 170 1211 740 392 759 445 697 716 222 224 379 731 137 381 737 360 723 737 314 722 1192 424 553 1064 605 230
1044 371 1453 721 746 561 930 548 1021 808 735 1324 1002 375 420 0 731 82 487 173 786 606 718 482 828 189 979 679 387 770 477 1061 311 1005 80 460 1437 519 1028 1013 399 521 1363 603 1246 332 997 1045 690 849 472 1042 693 438 302 1457 987 438 1005 691 943 763 468 230 133 977 454 428 984 407 769 984 707 969 1439 97 800 1311 851 477
370 657 781 96 615 457 322 361 414 534 604 651 327 661 484 731 0 714 546 616 112 258 94 546 328 607 305 944 451 551 346 455 462 330 718 702 764 507 354 532 464 511 690 845 585 597 322 370 190 175 341 435 193 703 480 785 316 703 331 191 268 1027 403 534 690 302 519 692 309 671 1034 309 609 294 766 735 125 638 177 346
1028 354 1437 704 729 545 913 532 1004 792 718 1307 985 358 403 82 714 0 470 156 770 589 702 465 812 172 963 663 370 753 460 1044 294 988 69 444 1420 503 1012 996 383 504 1346 586 1229 316 980 1028 674 833 455 1026 676 421 286 1441 970 422 989 675 927 746 452 214 116 961 438 411 967 390 753 967 690 952 1422 86 783 1294 835 460
859 147 1269 536 636 122 745 222 836 722 625 1139 817 150 333 487 546 470 0 372 601 332 533 395 643 363 794 778 242 683 367 877 312 820 474 552 1252 61 843 926 205 62 1178 694 1061 431 812 860 505 664 362 857 508 537 330 1272 802 537 820 506 758 862 264 329 446 792 368 527 799 506 868 799 620 784 1254 491 615 1126 666 367
929 256 1338 606 631 446 814 433 906 693 620 1208 887 259 305 173 616 156 372 0 671 491 603 367 713 95 864 564 271 655 362 945 196 890 160 345 1322 404 913 897 284 406 1248 487 1131 217 882 930 575 734 356 927 578 323 187 1342 872 323 890 576 828 648 353 115 132 862 339 313 868 292 654 868 592 854 1324 177 685 1196 736 362
360 713 771 108 670 512 253 417 344 465 659 641 258 717 540 786 112 770 601 671 0 314 111 602 265 662 295 999 506 481 401 386 518 261 773 758 754 562 284 463 519 566 680 900 574 652 253 301 246 165 396 366 248 758 536 774 306 758 261 247 258 1083 458 590 746 233 574 748 299 727 1089 299 540 284 756 791 83 628 167 402
572 444 981 248 490 243 457 230 548 669 479 851 529 448 359 606 258 589 332 491 314 0 246 421 356 482 507 819 326 647 221 589 337 532 593 577 964 293 556 666 339 296 890 720 773 472 524 572 218 377 216 570 220 578 355 985 514 578 533 219 471 902 278 410 565 505 394 567 511 546 909 511 584 496 966 610 327 838 379 221
369 645 780 84 603 445 322 349 413 534 591 651 327 649 472 718 94 702 533 603 111 246 0 534 316 594 304 931 438 550 333 454 450 330 705 690 764 495 353 531 451 498 690 832 584 584 322 370 178 174 328 435 180 690 468 784 316 690 330 179 268 1015 390 522 678 302 506 680 308 659 1021 309 609 294 766 723 125 638 176 334
860 409 1269 536 328 468 642 372 694 354 317 1139 758 412 110 482 546 465 395 367 602 421 534 0 644 358 795 695 202 315 292 606 213 761 469 375 1252 428 784 558 215 430 1178 517 1061 348 753 801 506 665 287 685 508 454 232 1273 802 454 761 507 759 778 284 286 441 733 75 443 799 422 785 799 252 784 1254 486 615 1126 667 292
582 755 993 318 712 554 141 458 232 353 701 863 257 759 582 828 328 812 643 713 265 356 316 644 0 704 517 1041 548 369 443 274 560 260 815 800 976 604 283 351 561 608 902 942 797 694 252 300 178 387 438 254 176 800 578 997 528 800 260 175 481 1125 500 632 788 232 616 790 521 769 1131 521 428 507 978 832 269 850 389 444
920 247 1329 597 622 437 805 424 897 684 611 1200 878 251 296 189 607 172 363 95 662 482 594 358 704 0 855 555 262 646 353 937 187 881 176 336 1313 395 904 888 275 397 1239 479 1122 208 873 921 566 725 347 918 569 314 178 1333 863 314 881 567 819 639 344 106 149 853 330 304 859 283 645 859 583 845 1315 193 676 1187 727 353
87 906 498 301 864 706 506 610 597 717 853 368 510 910 733 979 305 963 794 864 295 507 304 795 517 855 0 1192 700 734 595 638 711 513 967 951 481 756 537 715 712 759 407 1093 629 845 505 553 439 162 589 618 441 951 729 502 217 951 514 440 81 1276 651 783 939 486 767 941 64 920 1282 64 792 50 483 984 308 355 149 595
1101 506 1510 777 802 696 986 613 1077 848 791 1380 1058 510 476 523 787 506 622 407 843 662 775 538 884 398 1036 0 443 810 533 1101 367 1061 510 493 1493 654 1085 1052 456 656 1419 636 1302 236 1053 1101 747 906 528 1099 749 286 358 1514 1043 286 1061 748 999 465 525 326 482 1033 511 271 1040 250 471 1040 747 1025 1495 527 856 1367 908 533
765 256 1174 441 466 317 650 277 741 529 455 1044 722 259 140 387 451 370 242 271 506 326 438 202 548 262 700 599 0 490 197 781 118 725 374 358 1157 275 748 733 90 277 1083 500 966 253 717 765 411 570 192 763 413 358 136 1177 707 358 725 412 663 683 188 190 346 697 175 348 704 327 689 704 427 689 1159 391 520 1031 571 197
799 697 1210 547 399 694 358 598 410 196 388 1080 474 700 377 770 551 753 683 655 481 647 550 315 369 646 734 966 490 0 467 420 501 477 757 642 1193 716 500 400 503 718 1119 784 1014 619 469 517 508 604 458 400 506 725 520 1213 745 725 477 504 697 1050 572 574 729 449 343 715 738 694 1056 738 229 723 1195 774 486 1067 606 466
660 403 1069 336 310 268 545 172 636 505 299 939 617 407 230 477 346 460 367 362 401 221 333 292 443 353 595 690 197 467 0 677 208 620 464 448 1052 328 643 709 210 332 978 591 861 343 612 660 306 465 36 658 308 448 226 1072 602 448 620 307 558 773 149 280 436 592 265 438 599 417 780 599 404 584 1054 481 415 926 466 41
703 987 1114 451 690 788 196 692 124 352 679 984 378 991 668 1061 455 1044 877 945 386 589 454 606 274 937 638 1257 781 420 677 0 792 381 1048 933 1097 838 404 100 794 842 1023 1075 918 910 373 421 412 508 672 115 410 1016 810 1118 649 1016 381 408 602 1341 734 864 1020 353 633 1006 642 985 1347 642 478 628 1099 1065 390 971 510 677
776 294 1185 453 477 384 661 288 752 540 466 1055 734 298 151 311 462 294 312 196 518 337 450 213 560 187 711 524 118 501 208 792 0 736 298 282 1169 344 760 744 131 346 1094 425 977 177 729 777 422 581 203 774 425 282 99 1189 718 282 737 423 675 607 200 114 270 709 186 272 715 251 614 715 439 701 1171 315 531 1043 583 209
578 931 989 326 844 731 248 635 339 460 833 859 39 935 758 1005 330 988 820 890 261 532 330 761 260 881 513 1218 725 477 620 381 736 0 992 976 973 781 54 458 738 784 898 1118 793 871 51 80 398 383 615 361 396 976 754 993 524 976 41 395 477 1301 676 808 964 55 788 966 517 945 1308 517 535 503 975 1009 265 847 385 620
1032 358 1441 708 733 548 917 536 1008 796 722 1311 989 362 407 80 718 69 474 160 773 593 705 469 815 176 967 666 374 757 464 1048 298 992 0 448 1424 506 1015 1000 387 508 1350 590 1233 319 984 1032 678 837 459 1030 680 425 289 1444 974 425 992 679 930 750 455 217 120 964 442 415 971 394 756 971 694 956 1426 84 787 1298 838 464
1016 444 1425 693 654 624 901 528 992 681 643 1295 974 448 391 460 702 444 552 345 758 577 690 375 800 336 951 650 358 642 448 933 282 976 448 0 1409 584 1000 885 371 586 1334 174 1217 303 969 1017 662 821 443 1011 665 409 274 1429 958 409 977 663 915 734 440 264 420 949 402 399 955 378 740 955 579 941 1411 465 771 1283 823 449
483 1364 238 761 1321 1163 965 1067 1056 1177 1310 238 970 1367 1190 1437 764 1420 1252 1322 754 964 764 1252 976 1313 481 1650 1157 1193 1052 1097 1169 973 1424 1409 0 1213 996 1174 1170 1217 233 1551 846 1303 965 1013 896 622 1047 1078 899 1409 1187 103 479 1409 973 898 540 1733 1109 1241 1397 945 1225 1398 475 1377 1740 488 1252 509 85 1441 768 321 608 1052
821 180 1230 497 597 83 706 183 797 754 586 1100 778 183 366 519 507 503 61 404 562 293 495 428 604 395 756 811 275 716 328 838 344 781 506 584 1213 0 804 915 237 51 1139 726 1022 464 773 821 467 626 323 819 469 570 362 1233 763 570 781 468 719 895 267 362 479 753 400 560 760 538 901 760 653 745 1215 524 576 1087 627 328
602 955 1013 350 868 754 272 659 363 484 857 883 57 959 782 1028 354 1012 843 913 284 556 353 784 283 904 537 1241 748 500 643 404 760 54 1015 1000 996 804 0 481 761 808 922 1142 817 894 74 62 421 407 638 385 420 1000 778 1016 548 1000 59 418 500 1325 700 832 988 78 812 990 541 969 1331 541 559 526 998 1033 289 870 409 644
780 939 1191 528 642 865 273 769 201 304 631 1061 455 943 620 1013 532 996 926 897 463 666 531 558 351 888 715 1209 733 400 709 100 744 458 1000 885 1174 915 481 0 746 919 1100 1027 995 862 450 498 489 585 700 192 487 968 762 1195 726 968 458 485 679 1293 811 816 972 430 585 958 719 937 1299 719 472 705 1176 1017 467 1048 587 709
777 218 1187 454 479 279 663 266 754 541 468 1057 735 222 153 399 464 383 205 284 519 339 451 215 561 275 712 612 90 503 210 794 131 738 387 371 1170 237 761 746 0 239 1096 513 979 265 730 778 423 582 205 775 426 371 149 1190 720 371 738 424 676 696 201 203 359 710 187 361 717 340 702 717 440 702 1172 404 533 1044 584 210
824 181 1233 501 601 87 709 187 800 756 590 1103 782 184 368 521 511 504 62 406 566 296 498 430 608 397 759 813 277 718 332 842 346 784 508 586 1217 51 808 919 239 0 1143 728 1026 466 777 825 470 629 327 822 473 572 364 1237 767 572 785 471 723 896 270 364 481 757 402 561 763 540 903 763 655 749 1219 525 580 1091 631 332
408 1290 294 687 1247 1089 891 993 982 1103 1236 63 896 1293 1116 1363 690 1346 1178 1248 680 890 690 1178 902 1239 407 1576 1083 1119 978 1023 1094 898 1350 1334 233 1139 922 1100 1096 1143 0 1477 881 1229 891 939 822 548 973 1004 825 1335 1112 273 405 1335 899 823 466 1659 1035 1167 1322 871 1151 1324 401 1303 1666 414 1177 435 254 1367 693 223 534 978
1158 586 1567 835 796 767 1043 671 1134 823 785 1437 1116 590 534 603 845 586 694 487 900 720 832 517 942 479 1093 792 500 784 591 1075 425 1118 590 174 1551 726 1142 1027 513 728 1477 0 1360 445 1111 1159 804 963 585 1153 807 551 416 1571 1101 551 1119 805 1057 876 582 406 562 1091 544 541 1097 520 882 1097 721 1083 1553 607 914 1425 965 591
694 1172 639 581 1130 972 785 876 876 997 1119 841 790 1176 999 1246 585 1229 1061 1131 574 773 584 1061 797 1122 629 1459 966 1014 861 918 977 793 1233 1217 846 1022 817 995 979 1026 881 1360 0 1112 785 833 705 499 856 898 708 1217 995 867 505 1217 793 706 593 1542 918 1049 1205 765 1034 1207 633 1186 1549 633 1072 619 848 1250 588 829 501 861
910 316 1319 587 612 506 796 423 887 658 601 1190 868 319 286 332 597 316 431 217 652 472 584 348 694 208 845 392 253 619 343 910 177 871 319 303 1303 464 894 862 265 466 1229 445 1112 0 863 911 556 715 338 908 559 151 168 1323 853 151 871 557 809 476 334 136 292 843 320 141 850 120 482 850 556 835 1305 337 666 1177 717 343
570 924 981 319 837 723 241 627 332 452 826 852 48 927 750 997 322 980 812 882 253 524 322 753 252 873 505 1210 717 469 612 373 729 51 984 969 965 773 74 450 730 777 891 1111 785 863 0 101 390 375 607 354 389 969 747 985 517 969 51 387 469 1294 669 801 957 47 780 959 510 937 1300 510 527 495 967 1001 258 839 377 612
618 972 1029 367 885 771 289 675 380 500 874 900 83 975 798 1045 370 1028 860 930 301 572 370 801 300 921 553 1258 765 517 660 421 777 80 1032 1017 1013 821 62 498 778 825 939 1159 833 911 101 0 438 423 655 402 437 1017 795 1033 565 1017 85 435 517 1342 717 849 1005 105 828 1007 558 985 1348 558 575 543 1015 1049 306 887 425 660
504 617 913 181 575 417 279 321 370 491 564 783 395 621 444 690 190 674 505 575 246 218 178 506 178 566 439 903 411 508 306 412 422 398 678 662 896 467 421 489 423 470 822 804 705 556 390 438 0 309 300 392 55 662 440 917 446 662 398 53 403 987 362 494 650 370 478 652 443 631 993 443 566 429 898 695 259 770 311 306
227 776 638 171 734 576 376 480 467 587 723 508 380 780 603 849 175 833 664 734 165 377 174 665 387 725 162 1062 570 604 465 508 581 383 837 821 622 626 407 585 582 629 548 963 499 715 375 423 309 0 459 488 312 821 599 642 231 821 384 310 126 1146 521 653 809 356 637 811 166 790 1152 166 662 152 624 854 178 496 72 465
654 398 1063 331 301 263 540 167 631 496 290 934 612 402 225 472 341 455 362 356 396 216 328 287 438 347 589 684 192 458 36 672 203 615 459 443 1047 323 638 700 205 327 973 585 856 338 607 655 300 459 0 652 303 443 221 1067 597 443 615 301 553 768 143 275 431 587 260 433 594 412 774 594 395 579 1049 476 410 921 461 35
683 969 1094 432 768 769 151 673 78 384 757 965 359 973 746 1042 435 1026 857 927 366 570 435 685 254 918 618 1255 763 400 658 115 774 361 1030 1011 1078 819 385 192 775 822 1004 1153 898 908 354 402 392 488 652 0 391 1014 792 1098 630 1014 362 389 582 1339 714 846 1002 334 712 1004 623 983 1345 623 459 608 1080 1047 371 952 490 658
507 620 916 183 577 419 278 323 369 490 566 786 394 623 446 693 193 676 508 578 248 220 180 508 176 569 441 906 413 506 308 410 425 396 680 665 899 469 420 487 426 473 825 807 708 559 389 437 55 312 303 391 0 665 443 919 449 665 397 52 405 989 365 497 653 369 481 654 446 633 996 446 564 431 901 697 262 773 313 308
1016 421 1425 693 718 612 901 529 992 764 707 1295 974 425 392 438 703 421 537 323 758 578 690 454 800 314 951 443 358 725 448 1016 282 976 425 409 1409 570 1000 968 371 572 1335 551 1217 151 969 1017 662 821 443 1014 665 0 274 1429 959 40 977 663 915 527 440 242 398 949 426 192 955 171 533 955 662 941 1411 442 771 1283 823 449
794 285 1203 471 495 403 679 306 770 558 484 1073 752 289 170 302 480 286 330 187 536 355 468 232 578 178 729 515 136 520 226 810 99 754 289 274 1187 362 778 762 149 364 1112 416 995 168 747 795 440 599 221 792 443 274 0 1207 736 274 755 441 693 599 218 106 262 727 204 264 733 243 605 733 457 719 1189 306 549 1061 601 227
503 1384 258 781 1341 1183 985 1088 1076 1197 1330 259 990 1388 1211 1457 785 1441 1272 1342 774 985 784 1273 997 1333 502 1670 1177 1213 1072 1118 1189 993 1444 1429 103 1233 1016 1195 1190 1237 273 1571 867 1323 985 1033 917 642 1067 1098 919 1429 1207 0 499 1429 993 918 560 1754 1129 1261 1417 965 1245 1419 495 1398 1760 509 1272 530 81 1462 788 361 629 1073
219 913 496 313 871 713 517 617 608 729 860 366 522 917 740 987 316 970 802 872 306 514 316 802 528 863 217 1200 707 745 602 649 718 524 974 958 479 763 548 726 720 767 405 1101 505 853 517 565 446 231 597 630 449 959 736 499 0 959 525 447 276 1283 659 791 946 497 775 948 211 927 1290 225 803 245 481 991 319 353 232 602
1016 421 1425 693 718 612 901 529 992 764 707 1295 974 425 392 438 703 422 537 323 758 578 690 454 800 314 951 443 358 725 448 1016 282 976 425 409 1409 570 1000 968 371 572 1335 551 1217 151 969 1017 662 821 443 1014 665 40 274 1429 959 0 977 663 915 527 440 242 398 949 426 192 955 171 533 955 662 941 1411 442 771 1283 823 449
579 932 990 327 845 731 249 636 340 461 834 860 44 936 759 1005 331 989 820 890 261 533 330 761 260 881 514 1218 725 477 620 381 737 41 992 977 973 781 59 458 738 785 899 1119 793 871 51 85 398 384 615 362 397 977 755 993 525 977 0 395 477 1302 677 809 965 55 789 967 518 946 1308 518 535 503 975 1010 266 847 385 621
505 618 914 182 576 418 276 322 367 488 565 784 392 622 445 691 191 675 506 576 247 219 179 507 175 567 440 904 412 504 307 408 423 395 679 663 898 468 418 485 424 471 823 805 706 557 387 435 53 310 301 389 52 663 441 918 447 663 395 0 404 988 363 495 651 367 479 653 444 632 994 444 563 430 900 696 260 772 312 307
146 870 557 265 827 669 469 573 560 681 816 427 474 874 697 943 268 927 758 828 258 471 268 759 481 819 81 1156 663 697 558 602 675 477 930 915 540 719 500 679 676 723 466 1057 593 809 469 517 403 126 553 582 405 915 693 560 276 915 477 404 0 1240 615 747 903 449 731 905 85 884 1246 85 756 70 542 947 272 414 112 559
1243 648 1652 920 945 839 1128 756 1220 991 934 1522 1201 652 619 665 930 649 764 550 985 805 917 681 1027 541 1178 203 585 952 676 1243 510 1204 652 636 1636 797 1227 1195 598 799 1562 778 1445 378 1196 1244 889 1048 670 1241 892 429 501 1656 1186 429 1204 890 1142 0 667 469 625 1176 653 414 1182 392 313 1182 889 1168 1638 669 999 1510 1050 676
716 277 1125 393 418 206 601 194 692 610 407 995 674 281 222 468 403 452 264 353 458 278 390 284 500 344 651 681 188 572 149 734 200 676 455 440 1109 267 700 811 201 270 1035 582 918 334 669 717 362 521 143 714 365 440 218 1129 659 440 677 363 615 765 0 272 428 649 256 430 655 409 771 655 509 641 1111 473 472 983 523 149
848 214 1257 525 549 404 733 361 824 612 538 1127 806 217 224 230 534 214 329 115 590 410 522 286 632 106 783 483 190 574 280 864 114 808 217 264 1241 362 832 816 203 364 1167 406 1049 136 801 849 494 653 275 846 497 242 106 1261 791 242 809 495 747 567 272 0 190 781 258 232 787 210 573 787 511 773 1243 235 603 1115 655 281
1004 331 1413 681 705 521 889 508 980 768 694 1283 962 334 379 133 690 116 446 132 746 565 678 441 788 149 939 639 346 729 436 1020 270 964 120 420 1397 479 988 972 359 481 1322 562 1205 292 957 1005 650 809 431 1002 653 398 262 1417 946 398 965 651 903 723 428 190 0 937 414 388 943 366 729 943 667 929 1399 137 759 1271 811 437
551 904 962 299 817 703 221 608 312 433 806 832 52 908 731 977 302 961 792 862 233 505 302 733 232 853 486 1190 697 449 592 353 709 55 964 949 945 753 78 430 710 757 871 1091 765 843 47 105 370 356 587 334 369 949 727 965 497 949 55 367 449 1274 649 781 937 0 760 939 490 918 1280 490 507 475 947 982 238 819 357 593
832 381 1242 509 355 441 670 345 721 381 344 1112 785 385 137 454 519 438 368 339 574 394 506 75 616 330 767 667 175 343 265 633 186 788 442 402 1225 400 812 585 187 402 1151 544 1034 320 780 828 478 637 260 712 481 426 204 1245 775 426 789 479 731 751 256 258 414 760 0 416 772 395 757 772 280 757 1227 459 588 1099 639 265
1006 411 1415 683 707 601 891 518 982 754 696 1285 964 415 381 428 692 411 527 313 748 567 680 443 790 304 941 428 348 715 438 1006 272 966 415 399 1398 560 990 958 361 561 1324 541 1207 141 959 1007 652 811 433 1004 654 192 264 1419 948 192 967 653 905 511 430 232 388 939 416 0 945 112 518 945 652 931 1400 432 761 1272 813 439
80 910 492 305 868 710 510 614 601 721 857 362 515 914 737 984 309 967 799 868 299 511 308 799 521 859 64 1196 704 738 599 642 715 517 971 955 475 760 541 719 717 763 401 1097 633 850 510 558 443 166 594 623 446 955 733 495 211 955 518 444 85 1280 655 787 943 490 772 945 0 924 1286 68 796 54 477 988 312 349 153 599
985 390 1394 661 686 580 870 497 961 732 675 1264 942 394 360 407 671 390 506 292 727 546 659 422 769 283 920 406 327 694 417 985 251 945 394 378 1377 538 969 937 340 540 1303 520 1186 120 937 985 631 790 412 983 633 171 243 1398 927 171 946 632 884 490 409 210 366 918 395 112 924 0 496 924 631 909 1379 411 740 1251 792 417
1236 642 1645 913 938 832 1122 749 1213 984 927 1516 1194 645 612 658 923 642 757 543 978 798 910 674 1020 534 1171 196 578 945 669 1236 503 1197 645 629 1629 790 1220 1188 591 792 1555 771 1438 371 1189 1237 882 1041 663 1234 885 422 494 1649 1179 422 1197 883 1135 300 660 462 618 1169 646 407 1175 386 0 1175 882 1161 1631 663 992 1503 1043 669
94 910 505 305 868 710 510 614 601 721 857 375 515 914 737 984 309 967 799 868 299 511 309 799 521 859 64 1196 704 738 599 642 715 517 971 955 488 760 541 719 717 763 414 1097 633 850 510 558 443 166 594 623 446 955 733 509 225 955 518 444 85 1280 655 787 943 490 772 945 68 924 1286 0 796 54 490 988 312 362 153 599
857 634 1268 606 336 631 417 535 468 268 325 1138 532 637 314 707 609 690 620 592 540 584 609 252 428 583 792 903 427 229 404 478 439 535 694 579 1252 653 559 472 440 655 1177 721 1072 556 527 575 566 662 395 459 564 662 457 1272 803 662 535 563 756 987 509 511 667 507 280 652 796 631 993 796 0 782 1254 711 544 1126 664 403
115 896 526 291 853 695 495 599 586 707 842 396 500 900 722 969 294 952 784 854 284 496 294 784 507 845 50 1182 689 723 584 628 701 503 956 941 509 745 526 705 702 749 435 1083 619 835 495 543 429 152 579 608 431 941 719 530 245 941 503 430 70 1266 641 773 929 475 757 931 54 909 1272 54 782 0 511 973 298 383 138 584
485 1366 240 763 1323 1165 967 1069 1058 1179 1312 240 972 1369 1192 1439 766 1422 1254 1324 756 966 766 1254 978 1315 483 1652 1159 1195 1054 1099 1171 975 1426 1411 85 1215 998 1176 1172 1219 254 1553 848 1305 967 1015 898 624 1049 1080 901 1411 1189 81 481 1411 975 900 542 1735 1111 1243 1399 947 1227 1400 477 1379 1742 490 1254 511 0 1443 770 342 610 1054
1049 375 1458 725 750 565 934 553 1025 813 739 1328 1006 379 424 97 735 86 491 177 791 610 723 486 832 193 984 683 391 774 481 1065 315 1009 84 465 1441 524 1033 1017 404 525 1367 607 1250 337 1001 1049 695 854 476 1047 697 442 306 1462 991 442 1010 696 947 767 473 235 137 982 459 432 988 411 774 988 711 973 1443 0 804 1315 856 481
373 726 784 122 684 526 258 430 349 470 673 654 263 730 553 800 125 783 615 685 83 327 125 615 269 676 308 1013 520 486 415 390 531 265 787 771 768 576 289 467 533 580 693 914 588 666 258 306 259 178 410 371 262 771 549 788 319 771 266 260 272 1096 472 603 759 238 588 761 312 740 1103 312 544 298 770 804 0 642 180 415
357 1238 495 635 1195 1037 839 941 930 1051 1184 266 844 1241 1064 1311 638 1294 1126 1196 628 838 638 1126 850 1187 355 1524 1031 1067 926 971 1043 847 1298 1283 321 1087 870 1048 1044 1091 223 1425 829 1177 839 887 770 496 921 952 773 1283 1061 361 353 1283 847 772 414 1607 983 1115 1271 819 1099 1272 349 1251 1614 362 1126 383 342 1315 642 0 482 926
214 778 625 173 735 577 377 482 468 589 724 495 382 782 605 851 177 835 666 736 167 379 176 667 389 727 149 1064 571 606 466 510 583 385 838 823 608 627 409 587 584 631 534 965 501 717 377 425 311 72 461 490 313 823 601 629 232 823 385 312 112 1148 523 655 811 357 639 813 153 792 1154 153 664 138 610 856 180 482 0 467
660 404 1069 336 309 268 545 172 636 505 298 939 617 407 230 477 346 460 367 362 402 221 334 292 444 353 595 690 197 466 41 677 209 620 464 449 1052 328 644 709 210 332 978 591 861 343 612 660 306 465 35 658 308 449 227 1073 602 449 621 307 559 774 149 281 437 593 265 439 599 417 780 599 403 584 1054 481 415 926 467 0
EOF