NAME : tsp_problem
TYPE : TSP
DIMENSION : 34
EDGE_WEIGHT_TYPE : EXPLICIT
EDGE_WEIGHT_FORMAT : FULL_MATRIX
EDGE_WEIGHT_SECTION
0 970 1310 1579 742 1024 288 987 867 1078 770 561 140 801 1018 1017 387 881 109 888 518 545 335 1314 561 389 487 1083 891 124 478 446 978 1031
970 0 1089 1358 692 519 728 764 178 1563 1256 560 935 510 795 244 612 658 984 339 849 818 821 1093 802 884 973 1568 203 919 659 553 59 808
1310 1089 0 302 614 863 1107 351 956 1919 1612 1008 1275 639 429 923 1028 471 1324 938 991 946 1177 231 929 1212 1329 1924 938 1258 924 1087 1096 299
1579 1358 302 0 884 1133 1376 621 1226 2189 1881 1277 1544 909 698 1193 1298 740 1593 1208 1261 1215 1446 501 1199 1481 1598 2194 1207 1528 1193 1356 1366 569
742 692 614 884 0 490 539 314 559 1351 1044 440 707 266 344 526 460 208 756 541 423 378 609 618 361 644 761 1356 540 690 356 519 699 358
1024 519 863 1133 490 0 821 538 386 1634 1326 722 989 284 569 353 743 432 1038 368 706 660 891 867 644 926 1043 1639 368 973 638 801 526 582
288 728 1107 1376 539 821 0 784 624 874 566 358 253 598 815 814 184 678 302 645 407 433 131 1111 450 287 284 879 649 237 274 243 735 828
987 764 351 621 314 538 784 0 631 1596 1288 684 951 314 103 598 705 146 1001 613 668 622 853 355 606 888 1006 1601 612 935 600 764 771 70
867 178 956 1226 559 386 624 631 0 1460 1153 457 832 377 662 301 509 525 881 236 731 685 718 960 669 780 870 1465 99 816 556 450 185 675
715 1200 1556 1826 988 1270 511 1233 1097 0 169 808 679 1047 1264 1263 633 1127 729 1117 843 870 422 1560 886 714 526 516 1121 663 724 692 1207 1277
659 1145 1501 1770 933 1215 455 1177 1042 614 0 752 624 992 1208 1208 578 1072 673 1062 788 814 366 1505 830 659 470 619 1066 608 668 636 1152 1222
561 560 1008 1277 440 722 358 684 457 1171 863 0 526 498 715 715 280 579 575 477 308 334 428 1012 350 475 580 1176 481 510 117 328 567 729
140 935 1275 1544 707 989 253 951 832 1043 735 526 0 766 982 982 352 846 154 852 483 510 300 1279 526 354 452 1048 856 68 442 410 942 996
801 510 639 909 266 284 598 314 377 1410 1103 498 766 0 345 344 519 209 815 359 482 436 668 644 420 702 820 1415 359 749 415 578 517 359
1018 795 429 698 344 569 815 103 662 1627 1319 715 982 345 0 629 736 177 1031 644 699 653 884 433 637 919 1036 1632 643 966 631 795 802 148
1017 244 923 1193 526 353 814 598 301 1626 1319 715 982 344 629 0 736 493 1031 283 699 653 884 928 637 919 1036 1631 283 966 631 733 252 642
387 612 1028 1298 460 743 184 705 509 996 689 280 352 519 736 736 0 599 401 529 328 355 254 1032 371 300 406 1001 533 335 196 134 619 749
881 658 471 740 208 432 678 146 525 1490 1183 579 846 209 177 493 599 0 895 507 562 517 748 475 501 783 900 1495 507 830 495 658 665 190
109 984 1324 1593 756 1038 302 1001 881 1092 784 575 154 815 1031 1031 401 895 0 902 532 559 349 1328 575 403 501 1097 905 138 491 460 992 1045
888 339 938 1208 541 368 645 613 236 1481 1173 477 852 359 644 283 529 507 902 0 713 668 738 942 651 801 890 1485 260 836 576 470 346 657
518 849 991 1261 423 706 407 668 731 1206 899 308 483 482 699 699 328 562 532 713 0 74 464 995 90 257 616 1211 713 467 224 387 857 712
545 818 946 1215 378 660 433 622 685 1233 925 334 510 436 653 653 355 517 559 668 74 0 490 950 90 305 642 1238 667 493 250 413 826 667
335 821 1177 1446 609 891 131 853 718 785 477 428 300 668 884 884 254 748 349 738 464 490 0 1181 506 335 194 790 742 284 344 312 828 898
1314 1093 231 501 618 867 1111 355 960 1923 1616 1012 1279 644 433 928 1032 475 1328 942 995 950 1181 0 933 1216 1333 1928 942 1263 928 1091 1100 303
561 802 929 1199 361 644 450 606 669 1249 941 350 526 420 637 637 371 501 575 651 90 90 506 933 0 321 659 1254 651 510 266 430 809 650
389 884 1212 1481 644 926 287 888 780 1077 770 475 354 702 919 919 300 783 403 801 257 305 335 1216 321 0 487 1082 805 338 391 359 891 933
487 973 1329 1598 761 1043 284 1006 870 889 581 580 452 820 1036 1036 406 900 501 890 616 642 194 1333 659 487 0 894 894 436 496 464 980 1050
725 1210 1566 1836 998 1281 521 1243 1107 521 179 818 690 1057 1274 1274 643 1137 739 1128 853 880 432 1570 896 724 536 0 1131 673 734 702 1217 1287
891 203 938 1207 540 368 649 612 99 1484 1177 481 856 359 643 283 533 507 905 260 713 667 742 942 651 805 894 1489 0 840 580 474 210 657
124 919 1258 1528 690 973 237 935 816 1026 719 510 68 749 966 966 335 830 138 836 467 493 284 1263 510 338 436 1031 840 0 426 394 926 979
478 659 924 1193 356 638 274 600 556 1087 779 117 442 415 631 631 196 495 491 576 224 250 344 928 266 391 496 1092 580 426 0 255 666 645
446 553 1087 1356 519 801 243 764 450 1055 747 328 410 578 795 733 134 658 460 470 387 413 312 1091 430 359 464 1060 474 394 255 0 560 808
978 59 1096 1366 699 526 735 771 185 1570 1263 567 942 517 802 252 619 665 992 346 857 826 828 1100 809 891 980 1575 210 926 666 560 0 815
1031 808 299 569 358 582 828 70 675 1640 1333 729 996 359 148 642 749 190 1045 657 712 667 898 303 650 933 1050 1645 657 979 645 808 815 0
EOF