NAME : tsp_problem
TYPE : TSP
DIMENSION : 80
EDGE_WEIGHT_TYPE : EXPLICIT
EDGE_WEIGHT_FORMAT : FULL_MATRIX
EDGE_WEIGHT_SECTION
0 261 830 110 917 364 316 369 808 325 550 323 926 1050 242 883 270 243 979 697 954 852 562 760 169 890 231 808 874 626 263 589 865 416 889 555 901 591 781 503 733 504 886 843 608 936 914 707 1002 414 694 234 336 246 327 262 277 639 263 436 805 994 932 854 561 215 757 518 370 310 717 236 1229 257 557 245 833 820 857 767
261 0 635 336 810 591 525 174 614 131 423 532 800 856 468 776 298 102 784 651 847 726 435 566 378 764 458 682 679 675 490 463 738 222 763 428 774 640 655 309 606 378 692 716 481 809 787 654 808 219 500 100 142 455 133 290 260 444 472 309 678 800 805 747 605 424 562 391 176 225 590 101 1102 467 431 472 639 626 750 573
830 635 0 904 1316 1159 1094 481 66 639 929 1100 1306 572 1036 1282 866 643 237 1157 1353 1232 942 150 947 1270 1026 1188 132 1181 1058 969 1244 452 1269 934 1280 1146 1161 347 1112 884 145 1222 988 1315 1293 1160 261 435 736 641 650 1023 641 858 766 220 1040 642 1184 252 1311 1253 1112 992 98 897 479 731 1097 642 1608 1035 937 1040 92 313 1256 157
110 336 904 0 832 280 231 443 883 400 594 397 905 1125 157 798 345 318 1053 612 869 831 637 835 244 885 147 803 948 542 178 664 843 491 868 596 896 507 776 578 807 579 961 822 683 915 909 623 1077 488 769 309 411 210 402 337 352 713 249 510 800 1069 910 769 476 241 831 593 445 385 677 311 1207 332 632 161 908 895 772 842
917 810 1316 832 0 587 879 857 1295 722 497 638 477 1525 805 197 1041 818 1465 245 88 403 444 1247 1019 464 725 382 1360 685 826 471 415 905 440 502 475 651 355 992 590 516 1373 394 620 487 488 248 1489 902 1169 816 711 718 733 1033 703 1125 897 752 379 1481 483 113 424 748 1243 530 859 668 249 817 779 708 652 715 1320 1307 109 1254
364 591 1159 280 587 0 326 698 1137 655 349 155 660 1380 252 553 600 573 1308 367 624 586 442 1090 467 640 172 558 1203 296 274 469 598 746 623 351 651 262 531 833 588 452 1216 576 556 669 664 378 1332 743 1024 564 647 165 657 592 607 968 344 687 555 1324 665 524 231 196 1086 465 700 603 432 566 962 156 587 162 1163 1150 527 1097
316 525 1094 231 879 326 0 633 1072 589 641 447 952 1314 111 845 534 507 1242 659 916 878 734 1024 198 932 193 850 1138 588 94 761 890 680 914 642 942 553 823 767 880 743 1150 868 847 961 955 669 1266 678 958 498 600 257 591 526 541 903 76 700 846 1258 957 816 523 287 1020 757 634 574 724 500 1254 382 821 207 1097 1084 819 1031
369 174 481 443 857 698 633 0 459 178 471 639 847 764 575 823 405 182 630 698 894 773 483 411 486 811 565 729 525 722 597 510 785 67 810 475 821 687 702 154 653 425 538 763 529 856 834 701 654 65 409 180 189 562 180 397 307 290 579 271 725 645 852 794 653 531 408 438 66 272 638 181 1149 574 478 579 484 471 797 418
808 614 66 883 1295 1137 1072 459 0 617 908 1079 1284 531 1015 1260 845 621 197 1135 1331 1210 920 129 925 1248 1004 1166 92 1159 1036 947 1222 430 1247 913 1258 1125 1139 326 1090 862 104 1201 966 1294 1271 1138 220 413 714 619 628 1002 619 837 744 199 1019 621 1163 212 1289 1231 1090 971 77 876 458 709 1075 620 1586 1013 915 1019 70 316 1234 135
325 131 639 400 722 655 589 178 617 0 335 596 712 859 532 688 362 138 788 563 759 638 347 569 442 676 521 594 683 587 553 375 650 225 675 340 686 552 567 312 518 290 696 628 393 721 699 566 812 223 504 136 56 519 77 354 172 448 536 221 590 803 717 659 517 488 566 303 180 137 502 137 1014 530 343 536 642 629 662 576
550 423 929 594 497 349 641 471 908 335 0 400 486 1138 567 463 655 431 1078 337 534 413 122 860 667 450 486 368 974 278 588 150 425 518 449 63 461 244 341 605 368 129 986 403 233 496 474 341 1102 516 783 429 325 480 346 646 316 739 658 365 365 1094 492 434 292 510 856 143 472 281 277 430 789 470 265 477 933 920 437 867
323 532 1100 397 638 155 447 639 1079 596 400 0 711 1321 372 604 541 514 1249 418 675 637 493 1031 440 691 292 609 1144 347 394 520 649 687 674 402 702 313 582 774 639 503 1157 628 607 720 715 429 1273 684 965 505 607 285 598 533 548 909 464 706 606 1265 716 575 282 316 1027 517 641 581 483 507 1013 252 638 282 1104 1091 578 1038
1365 1239 1745 1344 916 1099 1391 1286 1723 1151 925 1150 0 1954 1316 882 1470 1246 1894 757 953 624 872 1675 1482 870 1236 788 1789 1177 1338 900 632 1333 661 930 881 1142 761 1420 1004 944 1801 615 1036 561 894 760 1918 1331 1598 1244 1140 1229 1161 1462 1131 1554 1408 1180 785 1909 557 853 912 1260 1672 958 1288 1096 696 1245 833 1220 1067 1226 1748 1735 856 1682
1050 856 572 1125 1525 1380 1314 764 531 859 1138 1321 1515 0 1257 1491 1087 863 389 1365 1562 1441 1150 634 1167 1479 1246 1396 486 1390 1278 1178 1453 812 1477 1143 1489 1355 1369 831 1321 1092 491 1431 1196 1524 1502 1369 614 809 721 861 870 1244 861 1079 975 704 1261 794 1393 606 1520 1462 1320 1213 582 1106 766 940 1305 862 1817 1255 1146 1261 519 821 1465 641
242 468 1036 157 805 252 111 575 1015 532 567 372 877 1257 0 771 477 450 1185 585 842 803 660 967 252 858 119 776 1080 514 133 687 816 623 840 568 868 479 749 710 805 669 1093 794 773 887 881 595 1209 620 901 441 543 183 534 469 484 845 129 642 772 1201 883 742 449 213 963 683 577 517 650 443 1180 307 764 133 1040 1027 744 974
883 776 1282 798 197 553 845 823 1260 688 463 604 443 1491 771 0 1007 784 1431 211 234 369 410 1213 985 430 690 348 1326 651 792 437 381 871 406 468 441 617 321 958 556 482 1339 360 586 453 454 214 1455 868 1135 781 677 684 699 999 669 1091 862 718 345 1447 448 134 390 714 1209 496 825 634 215 783 745 674 617 681 1286 1273 137 1220
270 298 866 345 1041 600 534 405 845 362 655 541 1031 1087 477 1007 0 280 1015 882 1078 957 667 797 387 995 467 913 910 861 498 694 969 453 994 659 1005 827 886 540 837 609 923 947 713 1040 1018 885 1039 450 731 271 373 464 364 52 425 675 481 540 909 1031 1036 978 796 433 793 622 407 456 822 273 1333 475 662 481 870 857 981 804
243 102 643 318 818 573 507 182 621 138 431 514 807 863 450 784 280 0 792 658 855 733 443 574 360 771 440 689 687 683 471 470 746 230 770 436 782 648 662 317 613 385 700 724 489 817 795 662 816 227 508 108 149 437 140 272 268 452 454 317 686 807 813 755 613 406 570 399 184 233 598 109 1110 448 438 454 646 633 758 580
979 784 237 1053 1465 1308 1242 630 197 788 1078 1249 1455 389 1185 1431 1015 792 0 1306 1502 1381 1090 299 1096 1419 1175 1337 151 1330 1207 1118 1393 601 1418 1083 1429 1295 1310 496 1261 1033 156 1371 1137 1464 1442 1309 280 584 885 790 799 1172 790 1007 915 369 1189 791 1333 271 1460 1402 1260 1141 247 1046 628 880 1246 791 1757 1184 1086 1189 184 487 1405 306
697 651 1157 612 245 367 659 698 1135 563 337 418 318 1365 585 211 882 658 1306 0 282 244 284 1087 799 305 505 223 1201 465 606 312 256 745 280 342 315 431 196 832 430 356 1213 234 460 327 328 35 1329 743 1010 656 552 498 573 874 543 966 677 592 219 1321 323 182 204 528 1084 370 699 508 90 657 620 488 492 495 1160 1147 185 1094
954 847 1353 869 88 624 916 894 1331 759 534 675 514 1562 842 234 1078 855 1502 282 0 440 481 1284 1056 501 761 419 1397 722 863 508 452 942 477 539 512 688 392 1029 626 553 1410 431 657 524 525 285 1526 939 1206 852 748 755 769 1070 740 1162 933 788 416 1517 519 135 461 785 1280 567 896 704 286 854 816 745 688 752 1357 1344 132 1290
852 726 1232 831 403 586 878 773 1210 638 413 637 186 1441 803 369 957 733 1381 244 440 0 359 1162 969 357 723 275 1276 664 825 387 124 820 95 417 368 629 248 907 491 431 1289 102 523 195 381 247 1405 818 1085 731 627 716 648 949 618 1041 895 667 272 1396 191 340 399 747 1159 445 775 583 183 732 488 707 554 714 1235 1222 343 1169
562 435 942 637 444 442 734 483 920 347 122 493 433 1150 660 410 667 443 1090 284 481 359 0 872 679 397 579 315 986 374 681 67 372 530 396 127 408 339 288 617 293 141 998 350 193 443 421 288 1114 528 795 441 337 573 358 658 328 751 751 377 312 1106 439 381 239 603 868 155 484 293 224 442 736 563 225 570 945 932 384 879
760 566 150 835 1247 1090 1024 411 129 569 860 1031 1236 634 967 1213 797 574 299 1087 1284 1162 872 0 877 1200 957 1118 194 1112 988 899 1175 382 1199 865 1211 1077 1091 278 1042 814 207 1153 918 1246 1224 1091 323 365 666 571 581 954 571 789 697 151 971 573 1115 315 1242 1184 1042 923 77 828 410 662 1027 572 1539 965 867 971 154 249 1187 88
169 378 947 244 1019 467 198 486 925 442 667 440 1043 1167 252 985 387 360 1096 799 1056 969 679 877 0 1007 334 925 991 728 235 707 982 533 1006 672 1018 694 898 620 850 621 1003 960 725 1053 1031 810 1119 531 811 352 453 363 444 379 394 756 145 553 922 1111 1049 956 663 332 874 635 487 427 834 353 1346 374 675 348 950 937 959 884
890 764 1270 885 464 640 932 811 1248 676 450 691 431 1479 858 430 995 771 1419 305 501 357 397 1200 1007 0 777 134 1314 702 879 425 370 858 394 455 113 667 229 945 450 469 1326 348 482 441 67 308 1443 856 1123 769 665 771 686 987 656 1079 950 705 144 1434 437 401 437 801 1197 483 812 621 245 770 734 761 513 768 1273 1260 404 1207
231 458 1026 147 725 172 193 565 1004 521 486 292 797 1246 119 690 467 440 1175 505 761 723 579 957 334 777 0 695 1070 434 141 607 736 613 760 488 788 399 668 700 725 589 1083 714 693 807 801 515 1199 610 891 431 533 102 523 458 474 835 211 632 692 1190 803 661 369 133 953 603 567 506 569 432 1100 227 725 100 1029 1017 664 963
808 682 1188 803 382 558 850 729 1166 594 368 609 349 1396 776 348 913 689 1337 223 419 275 315 1118 925 134 695 0 1232 620 797 343 288 776 312 373 144 585 147 863 368 387 1244 266 400 359 157 226 1360 774 1041 687 583 689 604 905 574 997 867 623 96 1352 355 319 355 719 1115 401 730 539 163 688 652 679 431 686 1191 1178 322 1125
874 679 132 948 1360 1203 1138 525 92 683 974 1144 1350 486 1080 1326 910 687 151 1201 1397 1276 986 194 991 1314 1070 1232 0 1225 1102 1013 1288 496 1313 978 1324 1190 1205 391 1156 928 59 1266 1032 1359 1337 1204 144 479 780 685 694 1067 685 902 810 265 1084 686 1228 135 1355 1297 1156 1036 143 941 523 775 1141 686 1652 1079 981 1084 80 368 1300 201
626 675 1181 542 685 296 588 722 1159 587 278 347 738 1390 514 651 861 683 1330 465 722 664 374 1112 728 702 434 620 1225 0 535 401 676 770 701 280 712 68 593 857 619 381 1238 655 485 748 725 476 1354 767 1034 680 576 427 597 853 568 990 606 616 617 1345 743 622 329 457 1108 395 724 532 529 682 1040 417 516 424 1185 1172 625 1118
263 490 1058 178 826 274 94 597 1036 553 588 394 899 1278 133 792 498 471 1207 606 863 825 681 988 235 879 141 797 1102 535 0 708 837 644 862 590 890 501 770 731 827 691 1115 816 795 908 903 617 1231 642 923 463 564 204 555 490 506 867 112 664 794 1222 904 763 470 235 985 705 599 538 671 464 1201 329 786 155 1061 1048 766 995
589 463 969 664 471 469 761 510 947 375 150 520 461 1178 687 437 694 470 1118 312 508 387 67 899 707 425 607 343 1013 401 708 0 399 557 424 154 435 366 316 644 311 169 1026 377 211 470 448 315 1142 555 822 468 364 600 385 686 355 778 779 404 339 1133 466 408 267 630 896 182 512 320 252 469 763 590 243 597 972 959 411 906
865 738 1244 843 415 598 890 785 1222 650 425 649 193 1453 816 381 969 746 1393 256 452 124 372 1175 982 370 736 288 1288 676 837 399 0 833 161 430 380 642 261 920 503 444 1301 115 535 202 393 259 1417 830 1097 743 639 729 660 961 631 1053 908 679 284 1408 198 352 412 759 1171 458 787 595 196 745 495 719 566 726 1248 1235 355 1181
416 222 452 491 905 746 680 67 430 225 518 687 894 812 623 871 453 230 601 745 942 820 530 382 533 858 613 776 496 770 644 557 833 0 857 523 869 735 749 125 701 472 509 811 576 904 882 749 625 65 456 227 237 610 227 445 355 261 627 319 773 616 900 842 700 579 379 486 66 320 685 229 1197 621 525 627 455 442 845 389
889 763 1269 868 440 623 914 810 1247 675 449 674 222 1477 840 406 994 770 1418 280 477 95 396 1199 1006 394 760 312 1313 701 862 424 161 857 0 454 405 666 285 944 528 468 1325 87 559 232 418 284 1441 855 1122 768 664 753 685 986 655 1078 932 704 309 1433 228 377 436 784 1196 482 811 620 220 769 525 744 591 750 1272 1259 380 1206
555 428 934 596 502 351 642 475 913 340 63 402 491 1143 568 468 659 436 1083 342 539 417 127 865 672 455 488 373 978 280 590 154 430 523 454 0 466 245 346 610 373 134 991 408 238 501 479 346 1107 520 787 434 329 481 351 651 321 743 660 370 370 1099 497 439 297 512 861 148 477 286 282 435 794 472 270 478 938 925 441 872
901 774 1280 896 475 651 942 821 1258 686 461 702 442 1489 868 441 1005 782 1429 315 512 368 408 1211 1018 113 788 144 1324 712 890 435 380 869 405 466 0 678 240 956 460 480 1337 359 492 451 136 319 1453 866 1133 779 675 781 697 997 667 1089 960 716 154 1445 447 412 448 812 1207 494 823 632 255 781 744 772 524 778 1284 1271 415 1218
591 640 1146 507 651 262 553 687 1125 552 244 313 703 1355 479 617 827 648 1295 431 688 629 339 1077 694 667 399 585 1190 68 501 366 642 735 666 245 678 0 558 822 585 346 1203 620 450 713 691 441 1319 732 1000 646 542 392 563 819 533 956 571 582 582 1311 709 588 295 423 1073 360 689 498 494 647 1006 383 482 389 1150 1137 590 1084
781 655 1161 776 355 531 823 702 1139 567 341 582 322 1369 749 321 886 662 1310 196 392 248 288 1091 898 229 668 147 1205 593 770 316 261 749 285 346 240 558 0 836 363 360 1217 239 394 332 253 199 1333 747 1014 660 556 662 577 878 547 970 840 596 144 1325 328 292 328 692 1088 374 703 512 136 661 625 652 426 659 1164 1151 295 1098
503 309 347 578 992 833 767 154 326 312 605 774 981 831 710 958 540 317 496 832 1029 907 617 278 620 945 700 863 391 857 731 644 920 125 944 610 956 822 836 0 787 559 404 898 663 991 969 836 520 108 543 314 324 697 314 532 442 156 714 406 860 512 987 929 787 666 274 573 153 407 772 315 1284 708 612 714 351 338 932 285
733 606 1112 807 590 588 880 653 1090 518 368 639 565 1321 805 556 837 613 1261 430 626 491 293 1042 850 450 725 368 1156 619 827 311 503 701 528 373 460 585 363 787 0 280 1169 481 161 574 473 434 1285 698 965 611 507 718 528 829 498 921 897 547 365 1276 570 526 385 749 1039 251 655 463 370 612 867 709 214 715 1115 1102 529 1049
504 378 884 579 516 452 743 425 862 290 129 503 505 1092 669 482 609 385 1033 356 553 431 141 814 621 469 589 387 928 381 691 169 444 472 468 134 480 346 360 559 280 0 940 422 146 515 493 360 1056 470 737 383 279 582 300 601 270 693 715 319 384 1048 511 453 311 613 811 68 426 235 296 384 808 573 177 579 887 874 456 821
886 692 145 961 1373 1216 1150 538 104 696 986 1157 1363 491 1093 1339 923 700 156 1213 1410 1289 998 207 1003 1326 1083 1244 59 1238 1115 1026 1301 509 1325 991 1337 1203 1217 404 1169 940 0 1279 1044 1372 1350 1217 188 491 792 697 707 1080 698 915 823 277 1097 699 1241 179 1368 1310 1168 1049 155 954 536 788 1153 699 1665 1091 994 1097 92 395 1313 214
843 716 1222 822 394 576 868 763 1201 628 403 628 176 1431 794 360 947 724 1371 234 431 102 350 1153 960 348 714 266 1266 655 816 377 115 811 87 408 359 620 239 898 481 422 1279 0 513 186 371 238 1395 808 1076 722 618 707 639 939 609 1032 886 658 263 1387 182 331 390 738 1149 436 765 574 174 723 479 698 545 704 1226 1213 334 1160
608 481 988 683 620 556 847 529 966 393 233 607 597 1196 773 586 713 489 1137 460 657 523 193 918 725 482 693 400 1032 485 795 211 535 576 559 238 492 450 394 663 161 146 1044 513 0 606 505 464 1160 574 841 487 383 686 404 705 374 797 819 423 396 1152 602 557 415 717 915 116 530 339 400 488 899 677 79 683 991 978 560 925
1355 1228 1734 1333 906 1088 1380 1275 1713 1140 915 1139 541 1943 1306 872 1459 1236 1883 746 942 614 862 1665 1472 860 1226 778 1778 1166 1327 889 621 1323 651 920 870 1132 751 1410 993 934 1791 605 1025 0 883 750 1907 1320 1587 1234 1129 1219 1151 1451 1121 1543 1398 1170 774 1899 547 842 902 1249 1661 948 1277 1086 686 1235 823 1209 1057 1216 1738 1725 845 1672
914 787 1293 909 488 664 955 834 1271 699 474 715 455 1502 881 454 1018 795 1442 328 525 381 421 1224 1031 67 801 157 1337 725 903 448 393 882 418 479 136 691 253 969 473 493 1350 371 505 464 0 332 1466 879 1146 792 688 794 709 1010 680 1102 973 728 167 1457 460 425 461 825 1220 507 836 644 268 794 757 785 537 791 1297 1284 427 1230
707 654 1160 623 248 378 669 701 1138 566 341 429 321 1369 595 214 885 662 1309 35 285 247 288 1091 810 308 515 226 1204 476 617 315 259 749 284 346 319 441 199 836 434 360 1217 238 464 331 332 0 1333 746 1013 659 555 508 577 877 547 969 687 596 223 1325 326 185 215 539 1087 374 703 512 93 661 623 499 495 505 1164 1151 188 1098
1002 808 261 1077 1489 1332 1266 654 220 812 1102 1273 1479 614 1209 1455 1039 816 280 1329 1526 1405 1114 323 1119 1443 1199 1360 144 1354 1231 1142 1417 625 1441 1107 1453 1319 1333 520 1285 1056 188 1395 1160 1488 1466 1333 0 608 908 813 823 1196 814 1031 939 393 1213 815 1357 157 1484 1426 1284 1165 271 1070 652 904 1269 815 1781 1207 1110 1213 208 389 1429 330
414 219 435 488 902 743 678 65 413 223 516 684 892 809 620 868 450 227 584 743 939 818 528 365 531 856 610 774 479 767 642 555 830 65 855 520 866 732 747 108 698 470 491 808 574 901 879 746 608 0 454 225 234 607 225 442 352 244 624 316 770 599 897 839 698 576 362 483 63 317 683 226 1194 619 523 624 438 425 842 372
694 500 736 769 1169 1024 958 409 714 504 783 965 1159 721 901 1135 731 508 885 1010 1206 1085 795 666 811 1123 891 1041 780 1034 923 822 1097 456 1122 787 1133 1000 1014 543 965 737 792 1076 841 1169 1146 1013 908 454 0 505 515 888 506 723 619 545 905 438 1038 900 1164 1106 965 857 663 751 410 584 950 507 1461 899 790 905 739 726 1109 673
234 100 641 309 816 564 498 180 619 136 429 505 805 861 441 781 271 108 790 656 852 731 441 571 352 769 431 687 685 680 463 468 743 227 768 434 779 646 660 314 611 383 697 722 487 815 792 659 813 225 505 0 147 428 138 263 265 450 445 314 684 805 810 752 611 397 568 397 181 230 596 107 1107 440 436 445 644 631 755 578
336 142 650 411 711 647 600 189 628 56 325 607 701 870 543 677 373 149 799 552 748 627 337 581 453 665 533 583 694 576 564 364 639 237 664 329 675 542 556 324 507 279 707 618 383 711 688 555 823 234 515 147 0 530 67 365 161 459 547 210 580 814 706 648 507 499 577 293 191 126 492 148 1003 541 332 547 653 640 651 587
246 455 1023 210 718 165 257 562 1002 519 480 285 790 1244 183 684 464 437 1172 498 755 716 573 954 363 771 102 689 1067 427 204 600 729 610 753 481 781 392 662 697 718 582 1080 707 686 800 794 508 1196 607 888 428 530 0 521 456 471 832 274 629 685 1188 796 655 362 95 950 596 564 504 563 430 1093 220 718 93 1027 1014 657 961
327 133 641 402 733 657 591 180 619 77 346 598 722 861 534 699 364 140 790 573 769 648 358 571 444 686 523 604 685 597 555 385 660 227 685 351 697 563 577 314 528 300 698 639 404 732 709 577 814 225 506 138 67 521 0 356 182 450 538 231 601 805 728 669 528 490 568 314 182 147 513 139 1024 532 353 538 644 631 672 578
262 290 858 337 1033 592 526 397 837 354 646 533 1023 1079 469 999 52 272 1007 874 1070 949 658 789 379 987 458 905 902 853 490 686 961 445 986 651 997 819 878 532 829 601 915 939 705 1032 1010 877 1031 442 723 263 365 456 356 0 417 667 473 532 901 1023 1028 970 788 425 785 614 399 448 814 265 1325 467 654 473 862 849 973 796
277 260 766 352 703 607 541 307 744 172 316 548 692 975 484 669 425 268 915 543 740 618 328 697 394 656 474 574 810 568 506 355 631 355 655 321 667 533 547 442 498 270 823 609 374 702 680 547 939 352 619 265 161 471 182 417 0 575 488 201 571 930 698 640 498 440 693 284 309 88 483 267 995 482 323 488 770 757 642 703
639 444 220 713 1125 968 903 290 199 448 739 909 1115 704 845 1091 675 452 369 966 1162 1041 751 151 756 1079 835 997 265 990 867 778 1053 261 1078 743 1089 956 970 156 921 693 277 1032 797 1124 1102 969 393 244 545 450 459 832 450 667 575 0 849 452 993 385 1120 1062 921 801 147 707 289 540 906 451 1417 844 746 849 224 211 1065 158
263 472 1040 249 897 344 76 579 1019 536 658 464 969 1261 129 862 481 454 1189 677 933 895 751 971 145 950 211 867 1084 606 112 779 908 627 932 660 960 571 840 714 897 715 1097 886 819 979 973 687 1213 624 905 445 547 274 538 473 488 849 0 646 864 1205 975 833 541 305 967 729 581 521 741 447 1272 399 768 225 1044 1031 836 978
436 309 642 510 752 687 700 271 621 221 365 706 741 794 642 718 540 317 791 592 788 667 377 573 553 705 632 623 686 616 664 404 679 319 704 370 716 582 596 406 547 319 699 658 423 751 728 596 815 316 438 314 210 629 231 532 201 452 646 0 620 807 747 689 547 598 569 333 273 166 532 315 1044 641 372 646 646 633 691 580
805 678 1184 800 379 555 846 725 1163 590 365 606 346 1393 772 345 909 686 1333 219 416 272 312 1115 922 144 692 96 1228 617 794 339 284 773 309 370 154 582 144 860 365 384 1241 263 396 356 167 223 1357 770 1038 684 580 685 601 901 571 993 864 620 0 1349 351 316 352 716 1111 398 727 536 159 685 648 676 428 682 1188 1175 319 1122
994 800 252 1069 1481 1324 1258 645 212 803 1094 1265 1470 606 1201 1447 1031 807 271 1321 1517 1396 1106 315 1111 1434 1190 1352 135 1345 1222 1133 1408 616 1433 1099 1445 1311 1325 512 1276 1048 179 1387 1152 1480 1457 1325 157 599 900 805 814 1188 805 1023 930 385 1205 807 1349 0 1476 1417 1276 1157 263 1062 644 895 1261 806 1772 1199 1101 1205 200 281 1420 321
1360 1233 1739 1338 910 1093 1385 1280 1717 1145 920 1144 546 1948 1311 876 1464 1241 1888 751 947 619 867 1670 1477 865 1230 783 1783 1171 1332 894 626 1328 656 924 875 1137 756 1415 998 939 1796 609 1030 556 888 754 1912 1325 1592 1238 1134 1224 1155 1456 1125 1548 1402 1174 779 1903 0 847 907 1254 1666 952 1282 1090 691 1239 828 1214 1061 1221 1742 1730 850 1676
854 747 1253 769 113 524 816 794 1231 659 434 575 414 1462 742 134 978 755 1402 182 135 340 381 1184 956 401 661 319 1297 622 763 408 352 842 377 439 412 588 292 929 526 453 1310 331 557 424 425 185 1426 839 1106 752 648 655 669 970 640 1062 833 689 316 1417 419 0 361 685 1180 467 796 604 186 754 716 645 588 652 1257 1244 73 1190
561 605 1112 476 424 231 523 653 1090 517 292 282 473 1320 449 390 796 613 1260 204 461 399 239 1042 663 437 369 355 1156 329 470 267 412 700 436 297 448 295 328 787 385 311 1168 390 415 483 461 215 1284 698 965 611 507 362 528 788 498 921 541 547 352 1276 479 361 0 392 1038 325 654 463 264 612 776 352 447 359 1115 1102 364 1049
215 424 992 241 748 196 287 531 971 488 510 316 821 1213 213 714 433 406 1141 528 785 747 603 923 332 801 133 719 1036 457 235 630 759 579 784 512 812 423 692 666 749 613 1049 738 717 830 825 539 1165 576 857 397 499 95 490 425 440 801 305 598 716 1157 826 685 392 0 919 626 533 473 593 399 1123 251 720 123 996 983 688 930
757 562 98 831 1243 1086 1020 408 77 566 856 1027 1233 582 963 1209 793 570 247 1084 1280 1159 868 77 874 1197 953 1115 143 1108 985 896 1171 379 1196 861 1207 1073 1088 274 1039 811 155 1149 915 1242 1220 1087 271 362 663 568 577 950 568 785 693 147 967 569 1111 263 1238 1180 1038 919 0 824 406 658 1023 569 1535 962 864 967 102 265 1183 84
518 391 897 593 530 465 757 438 876 303 143 517 519 1106 683 496 622 399 1046 370 567 445 155 828 635 483 603 401 941 395 705 182 458 486 482 148 494 360 374 573 251 68 954 436 116 529 507 374 1070 483 751 397 293 596 314 614 284 707 729 333 398 1062 525 467 325 626 824 0 440 249 310 398 822 587 148 593 901 888 469 835
370 176 479 445 859 700 634 66 458 180 472 641 849 766 577 825 407 184 628 699 896 775 484 410 487 812 567 730 523 724 599 512 787 66 811 477 823 689 703 153 655 426 536 765 530 858 836 703 652 63 410 181 191 564 182 399 309 289 581 273 727 644 854 796 654 533 406 440 0 274 639 183 1151 575 480 581 483 470 799 417
310 225 731 385 668 603 574 272 709 137 281 581 657 940 517 634 456 233 880 508 704 583 293 662 427 621 506 539 775 532 538 320 595 320 620 286 632 498 512 407 463 235 788 574 339 667 644 512 904 317 584 230 126 504 147 448 88 540 521 166 536 895 663 604 463 473 658 249 274 0 448 231 959 515 288 521 734 722 607 668
717 590 1097 677 249 432 724 638 1075 502 277 483 257 1305 650 215 822 598 1246 90 286 183 224 1027 834 245 569 163 1141 529 671 252 196 685 220 282 255 494 136 772 370 296 1153 174 400 267 268 93 1269 683 950 596 492 563 513 814 483 906 741 532 159 1261 263 186 264 593 1023 310 639 448 0 597 560 553 432 560 1100 1087 189 1034
236 101 642 311 817 566 500 181 620 137 430 507 806 862 443 783 273 109 791 657 854 732 442 572 353 770 432 688 686 682 464 469 745 229 769 435 781 647 661 315 612 384 699 723 488 816 794 661 815 226 507 107 148 430 139 265 267 451 447 315 685 806 812 754 612 399 569 398 183 231 597 0 1109 441 437 447 645 632 756 579
1121 994 1501 1100 672 855 1146 1042 1479 906 681 906 308 1709 1072 638 1226 1002 1650 512 709 380 628 1431 1238 626 992 544 1545 933 1094 656 388 1089 417 686 637 898 517 1176 760 700 1557 371 791 317 650 516 1673 1087 1354 1000 896 985 917 1218 887 1310 1164 936 541 1665 313 609 668 1016 1428 714 1043 852 452 1001 0 976 823 982 1504 1491 612 1438
257 467 1035 332 708 156 382 574 1013 530 470 252 781 1255 307 674 475 448 1184 488 745 707 563 965 374 761 227 679 1079 417 329 590 719 621 744 472 772 383 652 708 709 573 1091 698 677 790 785 499 1207 619 899 440 541 220 532 467 482 844 399 641 676 1199 786 645 352 251 962 587 575 515 553 441 1083 0 708 218 1038 1025 648 972
557 431 937 632 652 587 821 478 915 343 265 638 628 1146 764 617 662 438 1086 492 688 554 225 867 675 513 725 431 981 516 786 243 566 525 591 270 524 482 426 612 214 177 994 545 79 638 537 495 1110 523 790 436 332 718 353 654 323 746 768 372 428 1101 634 588 447 720 864 148 480 288 432 437 930 708 0 715 940 927 591 874
245 472 1040 161 715 162 207 579 1019 536 477 282 788 1261 133 681 481 454 1189 495 752 714 570 971 348 768 100 686 1084 424 155 597 726 627 750 478 778 389 659 714 715 579 1097 704 683 797 791 505 1213 624 905 445 547 93 538 473 488 849 225 646 682 1205 793 652 359 123 967 593 581 521 560 447 1090 218 715 0 1044 1031 655 978
833 639 92 908 1320 1163 1097 484 70 642 933 1104 1309 519 1040 1286 870 646 184 1160 1357 1235 945 154 950 1273 1029 1191 80 1185 1061 972 1248 455 1272 938 1284 1150 1164 351 1115 887 92 1226 991 1319 1297 1164 208 438 739 644 653 1027 644 862 770 224 1044 646 1188 200 1315 1257 1115 996 102 901 483 734 1100 645 1612 1038 940 1044 0 341 1259 161
820 626 313 895 1307 1150 1084 471 316 629 920 1091 1296 821 1027 1273 857 633 487 1147 1344 1222 932 249 937 1260 1017 1178 368 1172 1048 959 1235 442 1259 925 1271 1137 1151 338 1102 874 395 1213 978 1306 1284 1151 389 425 726 631 640 1014 631 849 757 211 1031 633 1175 281 1302 1244 1102 983 265 888 470 722 1087 632 1599 1025 927 1031 341 0 1247 253
857 750 1256 772 109 527 819 797 1234 662 437 578 417 1465 744 137 981 758 1405 185 132 343 384 1187 959 404 664 322 1300 625 766 411 355 845 380 441 415 590 295 932 529 456 1313 334 560 426 427 188 1429 842 1109 755 651 657 672 973 642 1065 836 691 319 1420 422 73 364 688 1183 469 799 607 189 756 719 648 591 655 1259 1247 0 1193
767 573 157 842 1254 1097 1031 418 135 576 867 1038 1243 641 974 1220 804 580 306 1094 1290 1169 879 88 884 1207 963 1125 201 1118 995 906 1181 389 1206 872 1218 1084 1098 285 1049 821 214 1160 925 1253 1230 1098 330 372 673 578 587 961 578 796 703 158 978 580 1122 321 1249 1190 1049 930 84 835 417 668 1034 579 1545 972 874 978 161 253 1193 0
EOF