NAME : tsp_problem
TYPE : TSP
DIMENSION : 48
EDGE_WEIGHT_TYPE : EXPLICIT
EDGE_WEIGHT_FORMAT : FULL_MATRIX
EDGE_WEIGHT_SECTION
0 1355 898 1415 1342 634 963 646 1031 1580 1152 1143 1506 1047 1046 1277 671 944 686 932 1263 938 1177 982 1425 1265 892 1421 890 1806 938 874 1713 974 1262 925 1024 1187 1265 1060 1168 1025 1035 1059 1639 1509 1923 887
894 0 879 223 149 808 787 820 505 866 369 502 508 656 929 359 844 456 860 914 547 821 259 764 426 469 874 107 672 1092 734 526 999 563 479 475 820 207 707 371 552 822 918 856 925 793 1209 869
437 879 0 940 866 351 393 363 539 1088 677 651 1014 555 577 801 387 452 403 93 772 470 702 435 933 774 60 946 388 1314 367 383 1221 482 771 433 454 712 774 585 677 455 567 489 1147 1017 1432 103
954 223 940 0 98 868 847 880 566 724 424 360 366 514 989 294 904 516 920 974 406 881 320 731 284 327 934 289 732 950 793 586 858 624 337 535 825 267 565 432 410 819 978 783 783 651 1068 930
881 149 866 98 0 795 774 807 492 741 356 378 383 532 916 311 831 443 847 901 423 808 246 749 302 345 861 215 659 967 721 513 875 550 355 462 807 194 583 358 428 809 905 801 801 668 1085 856
174 808 351 868 795 0 416 100 484 1033 605 596 959 500 499 730 89 397 93 385 716 391 630 435 878 719 345 874 343 1259 391 328 1166 427 716 378 477 640 719 513 621 479 488 513 1092 962 1376 341
503 787 393 847 774 416 0 428 447 984 584 547 910 420 643 709 453 360 468 427 668 535 610 191 829 670 388 853 144 1210 123 290 1118 390 667 341 76 620 670 492 573 78 632 112 1044 913 1328 383
186 820 363 880 807 100 428 0 496 1045 617 608 971 512 511 742 93 409 98 397 728 403 642 447 890 731 357 886 355 1271 403 340 1178 439 728 390 489 652 730 525 633 491 500 525 1104 974 1388 353
570 505 539 566 492 484 447 496 0 826 303 389 752 294 688 427 520 295 536 574 510 581 328 294 671 512 534 572 332 1052 356 316 960 91 509 314 462 338 512 172 415 456 678 421 886 755 1170 529
1119 866 1088 724 741 1033 984 1045 826 0 933 569 694 625 1237 803 1069 934 1085 1123 348 1129 936 842 612 453 1083 908 880 262 904 865 169 769 450 915 936 910 398 966 456 930 1226 895 95 167 379 1078
691 369 677 424 356 605 584 617 303 933 0 569 575 564 726 227 641 253 657 711 614 618 192 561 493 536 671 435 469 1159 531 323 1066 361 546 272 617 201 774 169 619 619 715 653 992 860 1276 667
682 502 651 360 378 596 547 608 389 569 569 0 441 188 800 439 632 497 648 686 252 692 572 405 359 254 646 544 443 795 467 428 702 332 251 478 499 546 254 529 157 493 789 457 628 498 912 641
1045 508 1014 366 383 959 910 971 752 694 575 441 0 552 1163 445 995 801 1011 1049 375 1056 577 769 122 297 1009 550 807 920 831 791 827 695 307 820 862 552 535 717 380 856 1153 821 753 621 1037 1004
586 656 555 514 532 500 420 512 294 625 564 188 552 0 704 594 536 401 552 590 309 597 589 310 470 311 550 698 348 851 341 332 759 236 308 382 372 599 311 433 214 366 694 331 685 554 969 545
585 929 577 989 916 499 643 511 688 1237 726 800 1163 704 0 851 535 522 551 612 921 159 752 639 1082 923 572 995 547 1463 609 532 1371 631 920 541 696 761 923 634 826 697 74 731 1296 1166 1581 567
816 359 801 294 311 730 709 742 427 803 227 439 445 594 851 0 766 378 782 836 485 743 153 686 364 407 796 425 594 1029 656 448 937 485 416 397 742 191 644 293 490 744 840 778 863 730 1147 791
210 844 387 904 831 89 453 93 520 1069 641 632 995 536 535 766 0 433 74 422 753 427 667 471 914 755 382 910 379 1295 427 364 1203 463 752 414 513 677 755 549 658 515 524 549 1128 998 1413 377
483 456 452 516 443 397 360 409 295 934 253 497 801 401 522 378 433 0 449 487 618 415 278 336 720 620 447 522 244 1160 306 119 1068 328 617 68 393 288 620 161 523 394 512 428 993 863 1278 442
226 860 403 920 847 93 468 98 536 1085 657 648 1011 552 551 782 74 449 0 437 768 443 682 487 930 771 397 926 395 1311 443 380 1218 479 768 430 529 692 770 565 673 531 540 565 1144 1014 1428 393
471 914 93 974 901 385 427 397 574 1123 711 686 1049 590 612 836 422 487 437 0 806 504 737 469 967 808 83 980 422 1348 402 417 1256 517 805 468 488 747 808 619 711 490 601 524 1182 1052 1466 137
803 547 772 406 423 716 668 728 510 348 614 252 375 309 921 485 753 618 768 806 0 813 617 526 294 135 766 589 564 574 588 548 482 453 132 599 619 592 189 650 137 613 910 578 407 275 692 761
477 821 470 881 808 391 535 403 581 1129 618 692 1056 597 159 743 427 415 443 504 813 0 644 532 974 815 464 887 440 1355 502 424 1263 523 812 434 588 654 815 526 718 589 148 623 1189 1058 1473 460
717 259 702 320 246 630 610 642 328 936 192 572 577 589 752 153 667 278 682 737 617 644 0 586 496 539 697 326 494 1161 556 348 1069 386 549 297 643 92 777 194 622 644 741 678 995 863 1279 692
521 764 435 731 749 435 191 447 294 842 561 405 769 310 639 686 471 336 487 469 526 532 586 0 687 528 429 830 158 1068 99 267 976 236 525 317 224 596 528 433 431 225 629 230 902 771 1186 425
964 426 933 284 302 878 829 890 671 612 493 359 122 470 1082 364 914 720 930 967 294 974 496 687 0 216 928 468 725 838 749 710 746 614 225 739 781 471 454 635 299 775 1071 739 672 539 956 923
805 469 774 327 345 719 670 731 512 453 536 254 297 311 923 407 755 620 771 808 135 815 539 528 216 0 768 511 566 679 590 551 587 455 102 601 621 514 294 652 140 616 912 580 513 380 797 764
432 874 60 934 861 345 388 357 534 1083 671 646 1009 550 572 796 382 447 397 83 766 464 697 429 928 768 0 940 382 1309 362 377 1216 477 765 428 448 707 768 579 671 450 561 484 1142 1012 1426 97
960 107 946 289 215 874 853 886 572 908 435 544 550 698 995 425 910 522 926 980 589 887 326 830 468 511 940 0 738 1134 800 592 1041 630 521 541 886 273 749 438 594 888 984 922 967 835 1251 936
429 672 388 732 659 343 144 355 332 880 469 443 807 348 547 594 379 244 395 422 564 440 494 158 725 566 382 738 0 1106 90 175 1014 274 563 225 177 504 566 377 469 178 537 212 940 809 1224 377
1345 1092 1314 950 967 1259 1210 1271 1052 262 1159 795 920 851 1463 1029 1295 1160 1311 1348 574 1355 1161 1068 838 679 1309 1134 1106 0 1130 1091 122 995 676 1141 1162 1136 624 1192 682 1156 1452 1120 219 393 144 1304
477 734 367 793 721 391 123 403 356 904 531 467 831 341 609 656 427 306 443 402 588 502 556 99 749 590 362 800 90 1130 0 237 1038 299 587 287 156 566 590 439 493 158 599 192 964 833 1248 357
414 526 383 586 513 328 290 340 316 865 323 428 791 332 532 448 364 119 380 417 548 424 348 267 710 551 377 592 175 1091 237 0 998 259 548 138 323 358 550 231 453 325 521 359 924 794 1208 373
1253 999 1221 858 875 1166 1118 1178 960 169 1066 702 827 759 1371 937 1203 1068 1218 1256 482 1263 1069 976 746 587 1216 1041 1014 122 1038 998 0 903 584 1049 1069 1044 531 1099 589 1063 1360 1028 127 300 245 1211
513 563 482 624 550 427 390 439 91 769 361 332 695 236 631 485 463 328 479 517 453 523 386 236 614 455 477 630 274 995 299 259 903 0 452 309 405 396 455 230 358 399 620 364 828 698 1113 472
802 479 771 337 355 716 667 728 509 450 546 251 307 308 920 416 752 617 768 805 132 812 549 525 225 102 765 521 563 676 587 548 584 452 0 598 618 523 291 649 137 612 909 577 510 377 794 761
464 475 433 535 462 378 341 390 314 915 272 478 820 382 541 397 414 68 430 468 599 434 297 317 739 601 428 541 225 1141 287 138 1049 309 598 0 374 307 601 180 504 375 531 409 974 844 1259 423
563 820 454 825 807 477 76 489 462 936 617 499 862 372 696 742 513 393 529 488 619 588 643 224 781 621 448 886 177 1162 156 323 1069 405 618 374 0 653 621 525 524 71 685 63 995 865 1279 443
727 207 712 267 194 640 620 652 338 910 201 546 552 599 761 191 677 288 692 747 592 654 92 596 471 514 707 273 504 1136 566 358 1044 396 523 307 653 0 752 204 597 654 751 688 970 837 1254 702
805 707 774 565 583 719 670 730 512 398 774 254 535 311 923 644 755 620 770 808 189 815 777 528 454 294 768 749 566 624 590 550 531 455 291 601 621 752 0 652 280 615 912 580 457 399 741 764
599 371 585 432 358 513 492 525 172 966 169 529 717 433 634 293 549 161 565 619 650 526 194 433 635 652 579 438 377 1192 439 231 1099 230 649 180 525 204 652 0 555 527 623 561 1025 895 1310 575
708 552 677 410 428 621 573 633 415 456 619 157 380 214 826 490 658 523 673 711 137 718 622 431 299 140 671 594 469 682 493 453 589 358 137 504 524 597 280 555 0 518 815 483 515 383 799 666
565 822 455 819 809 479 78 491 456 930 619 493 856 366 697 744 515 394 531 490 613 589 644 225 775 616 450 888 178 1156 158 325 1063 399 612 375 71 654 615 527 518 0 686 57 989 859 1273 445
574 918 567 978 905 488 632 500 678 1226 715 789 1153 694 74 840 524 512 540 601 910 148 741 629 1071 912 561 984 537 1452 599 521 1360 620 909 531 685 751 912 623 815 686 0 720 1286 1155 1570 557
599 856 489 783 801 513 112 525 421 895 653 457 821 331 731 778 549 428 565 524 578 623 678 230 739 580 484 922 212 1120 192 359 1028 364 577 409 63 688 580 561 483 57 720 0 954 823 1238 479
1178 925 1147 783 801 1092 1044 1104 886 95 992 628 753 685 1296 863 1128 993 1144 1182 407 1189 995 902 672 513 1142 967 940 219 964 924 127 828 510 974 995 970 457 1025 515 989 1286 954 0 226 342 1137
1048 793 1017 651 668 962 913 974 755 167 860 498 621 554 1166 730 998 863 1014 1052 275 1058 863 771 539 380 1012 835 809 393 833 794 300 698 377 844 865 837 399 895 383 859 1155 823 226 0 510 1007
1463 1209 1432 1068 1085 1376 1328 1388 1170 379 1276 912 1037 969 1581 1147 1413 1278 1428 1466 692 1473 1279 1186 956 797 1426 1251 1224 144 1248 1208 245 1113 794 1259 1279 1254 741 1310 799 1273 1570 1238 342 510 0 1421
427 869 103 930 856 341 383 353 529 1078 667 641 1004 545 567 791 377 442 393 137 761 460 692 425 923 764 97 936 377 1304 357 373 1211 472 761 423 443 702 764 575 666 445 557 479 1137 1007 1421 0
EOF