NAME : tsp_problem
TYPE : TSP
DIMENSION : 56
EDGE_WEIGHT_TYPE : EXPLICIT
EDGE_WEIGHT_FORMAT : FULL_MATRIX
EDGE_WEIGHT_SECTION
0 391 918 909 402 954 818 834 731 727 401 791 1076 1157 782 288 738 395 859 255 821 303 499 864 910 1301 648 881 753 965 720 975 97 652 462 1090 261 440 952 473 191 992 807 624 965 875 574 668 331 807 707 352 1004 663 385 696
391 0 844 824 430 880 505 760 419 642 429 479 1002 844 470 317 664 51 606 258 589 331 317 552 836 989 336 569 679 653 646 663 318 340 491 778 253 469 640 202 300 918 495 550 653 563 502 534 359 495 395 380 692 351 313 384
918 844 0 799 1068 283 1200 125 1113 839 1067 1173 405 1539 1164 955 325 836 1300 714 1283 969 610 1246 239 1684 1030 1264 214 1347 308 1357 845 1034 1129 1472 708 1107 1334 694 756 138 1189 321 1347 1257 429 1228 997 1189 1089 1018 1386 1045 575 1078
909 824 799 0 1059 568 1179 715 1093 595 1058 1153 423 1518 1144 946 841 816 1279 705 1263 960 533 1226 590 1663 1010 1243 766 1327 823 1337 837 1014 1120 1451 700 1098 1314 677 748 789 1168 727 1327 1236 811 1207 988 1169 1069 1009 1366 1025 621 1058
402 430 1068 1059 0 1105 746 984 396 878 229 628 1226 894 787 328 888 435 486 405 447 272 649 701 1060 1122 731 718 904 785 871 795 329 687 431 827 412 335 789 597 341 1143 644 774 785 695 725 294 336 644 674 321 841 481 535 663
954 880 283 568 1105 0 1236 199 1149 875 1103 1210 173 1575 1201 991 362 872 1336 750 1320 1006 647 1282 74 1720 1067 1300 250 1383 344 1393 882 1071 1165 1508 745 1143 1370 731 793 273 1225 357 1383 1293 465 1264 1034 1226 1126 1055 1422 1081 611 1115
818 505 1200 1179 746 1236 0 1115 481 998 748 154 1358 728 63 787 1020 498 489 614 472 801 673 250 1192 858 212 359 1035 522 1002 532 745 191 915 661 608 718 430 558 656 1274 328 906 522 431 858 515 830 319 226 836 482 413 669 235
834 760 125 715 984 199 1115 0 1029 755 983 1089 321 1454 1080 870 242 752 1216 630 1199 885 526 1162 154 1599 946 1179 129 1263 224 1273 761 950 1045 1388 624 1022 1250 610 672 200 1105 236 1263 1173 344 1144 913 1105 1005 934 1302 961 490 994
731 419 1113 1093 396 1149 481 1029 0 911 398 379 1271 744 445 695 933 411 356 527 318 547 587 452 1105 889 359 469 948 553 915 563 659 305 565 678 522 368 540 471 570 1187 395 819 553 463 771 129 704 395 295 485 592 100 582 284
727 642 839 595 878 875 998 755 911 0 877 971 976 1337 962 764 659 634 1098 523 1081 779 351 1044 831 1481 828 1061 674 1145 641 1155 655 832 938 1270 518 916 1132 495 566 913 987 545 1145 1055 629 1026 807 987 887 828 1184 843 440 876
401 429 1067 1058 229 1103 748 983 398 877 0 630 1225 896 789 327 887 433 488 404 450 271 648 703 1059 1124 730 720 902 788 869 798 328 689 333 829 410 136 791 596 340 1141 646 773 787 697 723 297 335 646 676 253 843 484 534 665
791 479 1173 1153 628 1210 154 1089 379 971 630 0 1332 610 195 761 993 471 371 588 354 775 647 168 1165 754 212 277 1009 418 976 428 719 191 797 543 582 600 348 531 630 1248 246 880 418 328 832 397 803 237 144 718 400 311 642 153
1076 1002 405 423 1226 173 1358 321 1271 976 1225 1332 0 1697 1323 1113 484 994 1458 872 1442 1128 769 1404 195 1842 1188 1422 372 1505 466 1515 1004 1193 1287 1630 867 1265 1492 853 915 395 1347 479 1505 1415 587 1386 1156 1348 1248 1177 1544 1203 733 1237
1157 844 1539 1518 894 1575 728 1454 744 1337 896 610 1697 0 768 1126 1359 837 452 953 466 1046 1012 505 1531 919 784 522 1374 582 1341 592 1084 731 1063 164 947 866 593 897 995 1613 447 1245 582 492 1197 663 1169 448 655 983 645 676 1008 645
782 470 1164 1144 787 1201 63 1080 445 962 789 195 1323 768 0 752 984 462 529 578 513 766 638 291 1156 899 177 400 1000 562 967 572 710 156 926 702 573 759 471 522 621 1239 369 870 562 472 823 556 794 360 239 815 523 377 633 248
288 317 955 946 328 991 787 870 695 764 327 761 1113 1126 752 0 775 321 785 292 747 229 536 833 947 1271 617 851 790 934 757 944 216 622 247 1059 298 366 921 483 228 1029 776 661 934 844 611 594 82 777 676 278 973 632 422 665
738 664 325 841 888 362 1020 242 933 659 887 993 484 1359 984 775 0 656 1120 534 1103 789 430 1066 318 1504 850 1084 161 1167 89 1177 666 854 949 1292 529 927 1154 515 576 284 1009 141 1167 1077 249 1048 817 1009 909 838 1206 865 395 898
395 51 836 816 435 872 498 752 411 634 433 471 994 837 462 321 656 0 598 250 581 336 310 544 828 982 328 562 671 645 638 655 323 332 495 770 245 473 632 194 293 911 487 542 645 555 495 526 364 487 387 385 684 343 305 376
859 606 1300 1279 486 1336 489 1216 356 1098 488 371 1458 452 529 785 1120 598 0 714 80 638 773 266 1292 680 545 283 1135 343 1102 353 787 492 655 385 708 458 354 658 756 1374 209 1006 343 253 958 255 794 209 417 575 406 437 769 406
255 258 714 705 405 750 614 630 527 523 404 588 872 953 578 292 534 250 714 0 698 306 295 660 706 1098 444 678 549 761 516 771 183 449 466 886 88 444 748 270 136 788 603 420 761 671 370 642 334 604 503 355 800 459 181 492
821 589 1283 1263 447 1320 472 1199 318 1081 450 354 1442 466 513 747 1103 581 80 698 0 599 757 280 1275 694 529 298 1119 358 1086 368 749 475 617 399 692 420 368 641 740 1358 223 990 358 268 942 217 756 223 400 537 420 404 752 389
303 331 969 960 272 1006 801 885 547 779 271 775 1128 1046 766 229 789 336 638 306 599 0 550 848 961 1274 632 865 805 937 772 947 230 636 332 979 313 218 936 498 243 1044 791 675 937 847 626 446 237 791 691 130 988 633 436 680
499 317 610 533 649 647 673 526 587 351 648 647 769 1012 638 536 430 310 773 295 757 550 0 719 602 1157 504 737 446 821 413 831 426 508 710 945 289 688 808 171 337 685 662 316 820 730 401 701 578 663 563 599 860 518 211 552
864 552 1246 1226 701 1282 250 1162 452 1044 703 168 1404 505 291 833 1066 544 266 660 280 848 719 0 1238 627 308 128 1081 291 1048 301 792 287 870 438 655 673 199 604 703 1320 97 952 290 200 904 470 876 88 240 790 251 384 715 249
910 836 239 590 1060 74 1192 154 1105 831 1059 1165 195 1531 1156 947 318 828 1292 706 1275 961 602 1238 0 1675 1022 1255 205 1339 300 1349 837 1026 1121 1464 700 1099 1326 686 748 229 1181 313 1339 1249 421 1220 989 1181 1081 1010 1378 1037 566 1070
1206 894 1588 1568 1026 1625 763 1504 794 1386 1029 659 1746 823 803 1175 1408 886 584 1002 599 1178 1062 532 1580 0 821 549 1423 420 1390 435 1134 780 1196 757 997 999 620 946 1045 1663 474 1294 419 399 1247 796 1218 475 705 1116 672 726 1057 694
648 336 1030 1010 731 1067 212 946 359 828 730 212 1188 784 177 617 850 328 545 444 529 632 504 308 1022 916 0 417 866 580 833 590 576 69 792 717 439 713 488 388 487 1105 386 736 580 489 689 473 660 377 152 681 540 291 499 162
881 569 1264 1243 718 1300 359 1179 469 1061 720 277 1422 522 400 851 1084 562 283 678 298 865 737 128 1255 645 417 0 1099 308 1066 318 809 397 887 455 672 690 129 622 720 1338 114 970 308 218 922 487 893 106 350 808 181 401 732 359
753 679 214 766 904 250 1035 129 948 674 902 1009 372 1374 1000 790 161 671 1135 549 1119 805 446 1081 205 1519 866 1099 0 1182 143 1192 681 870 964 1307 544 942 1169 530 592 258 1024 156 1182 1092 264 1063 833 1025 925 854 1221 880 410 914
965 653 1347 1327 785 1383 522 1263 553 1145 788 418 1505 582 562 934 1167 645 343 761 358 937 821 291 1339 515 580 308 1182 0 1149 194 893 539 955 516 756 758 379 705 804 1422 233 1053 43 158 1006 555 977 234 464 875 431 485 816 453
720 646 308 823 871 344 1002 224 915 641 869 976 466 1341 967 757 89 638 1102 516 1086 772 413 1048 300 1486 833 1066 143 1149 0 1159 648 837 931 1274 511 909 1136 497 559 303 991 123 1149 1059 231 1030 800 992 892 821 1188 847 377 881
975 663 1357 1337 795 1393 532 1273 563 1155 798 428 1515 592 572 944 1177 655 353 771 368 947 831 301 1349 530 590 318 1192 194 1159 0 903 549 965 526 766 768 389 715 814 1432 243 1063 194 168 1016 565 987 244 474 885 441 495 826 463
97 318 845 837 329 882 745 761 659 655 328 719 1004 1084 710 216 666 323 787 183 749 230 426 792 837 1229 576 809 681 893 648 903 0 580 390 1017 189 368 880 401 119 920 734 552 893 802 502 596 258 735 635 279 932 591 312 624
652 340 1034 1014 687 1071 191 950 305 832 689 191 1193 731 156 622 854 332 492 449 475 636 508 287 1026 875 69 397 870 539 837 549 580 0 796 664 443 659 467 392 491 1109 365 741 539 449 693 420 664 356 132 685 519 237 503 141
462 491 1129 1120 431 1165 915 1045 565 938 333 797 1287 1063 926 247 949 495 655 466 617 332 710 870 1121 1291 792 887 964 955 931 965 390 796 0 996 472 236 958 657 402 1203 813 835 954 864 785 464 207 813 843 280 1010 651 596 832
1090 778 1472 1451 827 1508 661 1388 678 1270 829 543 1630 164 702 1059 1292 770 385 886 399 979 945 438 1464 852 717 455 1307 516 1274 526 1017 664 996 0 880 799 526 830 928 1546 381 1178 515 425 1130 596 1102 381 589 917 578 610 941 578
261 253 708 700 412 745 608 624 522 518 410 582 867 947 573 298 529 245 708 88 692 313 289 655 700 1092 439 672 544 756 511 766 189 443 472 880 0 450 743 264 131 783 597 415 756 665 365 636 341 598 498 362 795 454 175 487
440 469 1107 1098 335 1143 718 1022 368 916 136 600 1265 866 759 366 927 473 458 444 420 218 688 673 1099 1094 713 690 942 758 909 768 368 659 236 799 450 0 761 635 380 1181 616 813 757 667 763 267 375 616 646 156 813 454 574 635
952 640 1334 1314 789 1370 430 1250 540 1132 791 348 1492 593 471 921 1154 632 354 748 368 936 808 199 1326 715 488 129 1169 379 1136 389 880 467 958 526 743 761 0 692 791 1409 185 1040 378 288 993 558 964 176 420 878 124 472 803 429
473 202 694 677 597 731 558 610 471 495 596 531 853 897 522 483 515 194 658 270 641 498 171 604 686 1042 388 622 530 705 497 715 401 392 657 830 264 635 692 0 312 769 547 401 705 615 375 586 526 547 447 547 744 403 186 436
191 300 756 748 341 793 656 672 570 566 340 630 915 995 621 228 576 293 756 136 740 243 337 703 748 1140 487 720 592 804 559 814 119 491 402 928 131 380 791 312 0 831 645 463 803 713 413 608 271 646 546 292 843 502 223 535
992 918 138 789 1143 273 1274 200 1187 913 1141 1248 395 1613 1239 1029 284 911 1374 788 1358 1044 685 1320 229 1758 1105 1338 258 1422 303 1432 920 1109 1203 1546 783 1181 1409 769 831 0 1263 395 1421 1331 503 1302 1072 1264 1164 1093 1461 1119 649 1153
807 495 1189 1168 644 1225 328 1105 395 987 646 246 1347 447 369 776 1009 487 209 603 223 791 662 97 1181 570 386 114 1024 233 991 243 734 365 813 381 597 616 185 547 645 1263 0 895 233 143 847 413 819 53 306 733 237 327 658 295
624 550 321 727 774 357 906 236 819 545 773 880 479 1245 870 661 141 542 1006 420 990 675 316 952 313 1390 736 970 156 1053 123 1063 552 741 835 1178 415 813 1040 401 463 395 895 0 1053 963 135 934 704 896 795 725 1092 751 281 784
965 653 1347 1327 785 1383 522 1263 553 1145 787 418 1505 582 562 934 1167 645 343 761 358 937 820 290 1339 515 580 308 1182 43 1149 194 893 539 954 515 756 757 378 705 803 1421 233 1053 0 158 1005 554 977 234 464 875 430 485 816 453
875 563 1257 1236 695 1293 431 1173 463 1055 697 328 1415 492 472 844 1077 555 253 671 268 847 730 200 1249 495 489 218 1092 158 1059 168 802 449 864 425 665 667 288 615 713 1331 143 963 158 0 915 464 887 144 374 785 340 395 726 363
574 502 429 811 725 465 858 344 771 629 723 832 587 1197 823 611 249 495 958 370 942 626 401 904 421 1342 689 922 264 1006 231 1016 502 693 785 1130 365 763 993 375 413 503 847 135 1005 915 0 886 654 848 748 675 1045 703 231 737
668 534 1228 1207 294 1264 515 1144 129 1026 297 397 1386 663 556 594 1048 526 255 642 217 446 701 470 1220 891 473 487 1063 555 1030 565 596 420 464 596 636 267 558 586 608 1302 413 934 554 464 886 0 603 413 410 384 610 215 697 399
331 359 997 988 336 1034 830 913 704 807 335 803 1156 1169 794 82 817 364 794 334 756 237 578 876 989 1313 660 893 833 977 800 987 258 664 207 1102 341 375 964 526 271 1072 819 704 977 887 654 603 0 819 719 286 1016 675 464 708
807 495 1189 1169 644 1226 319 1105 395 987 646 237 1348 448 360 777 1009 487 209 604 223 791 663 88 1181 570 377 106 1025 234 992 244 735 356 813 381 598 616 176 547 646 1264 53 896 234 144 848 413 819 0 306 734 228 327 658 295
707 395 1089 1069 674 1126 226 1005 295 887 676 144 1248 655 239 676 909 387 417 503 400 691 563 240 1081 800 152 350 925 464 892 474 635 132 843 589 498 646 420 447 546 1164 306 795 464 374 748 410 719 306 0 740 472 227 558 94
352 380 1018 1009 321 1055 836 934 485 828 253 718 1177 983 815 278 838 385 575 355 537 130 599 790 1010 1211 681 808 854 875 821 885 279 685 280 917 362 156 878 547 292 1093 733 725 875 785 675 384 286 734 740 0 930 571 485 729
1004 692 1386 1366 841 1422 482 1302 592 1184 843 400 1544 645 523 973 1206 684 406 800 420 988 860 251 1378 767 540 181 1221 431 1188 441 932 519 1010 578 795 813 124 744 843 1461 237 1092 430 340 1045 610 1016 228 472 930 0 524 855 481
663 351 1045 1025 481 1081 413 961 100 843 484 311 1203 676 377 632 865 343 437 459 404 633 518 384 1037 821 291 401 880 485 847 495 591 237 651 610 454 454 472 403 502 1119 327 751 485 395 703 215 675 327 227 571 524 0 514 216
385 313 575 621 535 611 669 490 582 440 534 642 733 1008 633 422 395 305 769 181 752 436 211 715 566 1152 499 732 410 816 377 826 312 503 596 941 175 574 803 186 223 649 658 281 816 726 231 697 464 658 558 485 855 514 0 547
696 384 1078 1058 663 1115 235 994 284 876 665 153 1237 645 248 665 898 376 406 492 389 680 552 249 1070 789 162 359 914 453 881 463 624 141 832 578 487 635 429 436 535 1153 295 784 453 363 737 399 708 295 94 729 481 216 547 0
EOF