NAME : tsp_problem
TYPE : TSP
DIMENSION : 70
EDGE_WEIGHT_TYPE : EXPLICIT
EDGE_WEIGHT_FORMAT : FULL_MATRIX
EDGE_WEIGHT_SECTION
0 331 141 574 639 361 441 666 220 662 544 682 1079 256 659 324 590 779 543 519 525 828 749 427 1103 479 327 215 881 568 791 280 370 413 105 570 281 528 671 676 671 543 87 497 881 560 672 528 497 664 495 735 318 190 177 980 495 598 1181 946 957 764 173 244 1255 728 291 530 946 653
331 0 291 707 514 291 574 798 344 493 436 814 1212 299 792 456 351 600 676 279 397 961 602 300 1236 352 460 283 1014 693 923 123 243 286 325 702 154 420 431 469 522 668 354 369 1014 693 474 661 369 743 627 868 290 257 245 1112 367 358 1054 1079 1090 897 381 287 1127 650 134 422 1079 525
141 291 0 664 729 387 532 756 212 752 455 772 1170 167 749 414 613 863 634 542 485 919 839 387 1194 440 418 241 972 659 881 241 291 327 146 660 231 440 694 731 761 634 128 457 972 651 737 619 457 754 585 826 230 215 203 1070 455 621 1142 1037 1048 854 214 155 1215 818 252 441 1036 613
574 707 664 0 538 737 273 497 757 561 939 146 546 803 491 396 710 678 375 772 901 295 648 803 570 856 399 591 588 467 257 656 746 790 569 65 657 924 615 575 570 386 597 873 348 392 572 79 873 563 326 202 794 566 553 446 871 694 1557 413 424 471 710 790 1631 627 667 925 653 1029
639 514 729 538 0 464 319 347 822 89 921 645 1045 785 340 354 238 346 198 260 866 794 316 769 1069 821 354 565 859 206 756 588 728 771 633 533 639 905 103 243 238 181 662 838 847 242 99 492 838 256 241 701 776 590 618 945 836 182 1523 912 923 741 774 772 1596 295 591 907 923 911
361 291 387 737 464 0 604 785 555 443 662 845 1242 525 778 487 301 551 635 229 623 992 553 525 1267 578 491 172 1045 643 954 365 468 512 356 733 380 646 382 419 473 619 384 595 1045 679 424 691 595 693 658 898 516 198 227 1143 593 309 1279 1109 1120 927 507 513 1353 600 368 648 1109 688
441 574 532 273 319 604 0 278 624 342 807 380 780 670 272 263 491 459 156 553 768 529 429 670 804 723 266 459 594 248 491 523 613 657 436 268 525 791 396 356 351 167 464 740 582 173 353 227 740 344 121 436 661 433 420 681 738 475 1424 647 658 476 577 658 1498 408 535 793 658 896
666 798 756 497 347 785 278 0 849 371 1031 605 1005 895 54 425 520 488 184 582 993 754 457 895 1029 947 425 683 818 277 716 748 838 881 660 493 749 1016 424 384 380 195 689 964 807 132 381 452 965 373 201 661 886 658 645 905 963 503 1649 872 883 701 801 882 1723 436 759 1017 883 1121
220 344 212 757 822 555 624 849 0 808 483 865 1262 188 842 507 666 916 726 595 524 1012 918 426 1287 478 510 409 1065 751 974 293 319 355 226 753 259 468 747 784 838 727 208 495 1064 743 790 711 496 847 678 918 258 383 371 1163 494 674 1180 1129 1140 947 64 78 1254 911 304 469 1129 666
662 493 752 561 89 443 342 371 808 0 900 669 1068 764 364 378 178 370 221 323 845 818 340 747 1093 800 378 543 882 230 780 567 707 750 657 557 618 884 166 257 262 205 685 817 871 265 100 515 817 280 265 724 755 569 598 969 815 245 1502 935 946 765 798 751 1575 319 570 886 947 890
544 436 455 939 921 662 807 1031 483 900 0 1047 1445 310 1024 689 758 1008 908 687 430 1194 1010 332 1469 385 693 516 1247 933 1156 385 225 262 549 935 387 79 839 876 930 909 532 402 1247 926 882 894 402 1029 860 1101 244 490 478 1345 400 766 1086 1312 1323 1129 520 426 1160 1057 397 81 1311 580
682 814 772 146 645 845 380 605 865 669 1047 0 491 910 598 503 818 786 482 880 1008 240 755 911 515 963 507 699 695 575 202 764 854 897 676 136 765 1031 722 682 678 493 705 980 293 499 679 187 980 671 434 146 901 673 661 391 979 802 1665 358 368 578 817 898 1738 734 775 1033 760 1136
1079 1212 1170 546 1045 1242 780 1005 1262 1068 1445 491 0 1308 998 901 1217 1185 882 1279 1406 373 1155 1308 292 1361 904 1097 647 974 335 1161 1251 1295 1074 536 1163 1429 1122 1082 1077 893 1102 1378 426 899 1079 587 1378 1070 833 373 1299 1071 1058 422 1376 1201 2062 165 374 844 1215 1296 2136 1134 1173 1431 592 1534
256 299 167 803 785 525 670 895 188 764 310 910 1308 0 888 553 622 872 772 550 350 1057 873 252 1332 305 556 379 1110 797 1019 249 145 182 262 799 215 294 702 740 793 772 244 322 1110 789 745 757 322 893 723 964 84 354 341 1209 320 629 1006 1175 1186 993 225 139 1080 921 260 296 1175 501
659 792 749 491 340 778 272 54 842 364 1024 598 998 888 0 418 513 481 177 575 986 747 450 888 1022 940 418 676 811 270 709 741 831 874 654 486 742 1009 417 377 373 189 682 958 800 125 374 445 958 366 194 654 879 651 638 898 956 497 1642 865 876 694 794 875 1716 429 752 1010 876 1114
324 456 414 396 354 487 263 425 507 378 689 503 901 553 418 0 527 495 276 589 651 650 464 553 925 605 60 341 703 284 612 406 496 539 318 391 407 673 431 391 387 259 347 622 703 319 388 350 623 380 316 557 544 316 303 801 621 511 1307 768 779 586 459 540 1381 443 417 675 768 778
590 351 613 710 238 301 491 520 666 178 758 818 1217 622 513 527 0 286 370 195 703 967 288 606 1242 658 527 402 1031 379 929 425 565 608 585 706 476 743 213 154 208 354 614 675 1020 414 160 664 675 429 414 873 613 428 456 1118 674 274 1360 1084 1095 914 703 609 1433 335 428 744 1096 748
779 600 863 678 346 551 459 488 916 370 1008 786 1185 872 481 495 286 0 338 445 953 934 54 855 1209 908 495 651 999 275 897 675 815 858 774 674 726 992 424 225 279 322 802 925 987 382 371 632 925 206 382 841 863 677 706 1086 923 503 1609 1052 1063 882 914 859 1683 100 678 994 1064 998
543 676 634 375 198 635 156 184 726 221 908 482 882 772 177 276 370 338 0 432 870 631 308 772 906 825 276 560 696 127 593 625 715 759 538 370 626 893 275 235 230 51 566 842 684 79 232 329 842 223 78 538 763 535 522 782 840 354 1526 749 760 578 679 759 1600 287 636 895 760 998
519 279 542 772 260 229 553 582 595 323 687 880 1279 550 575 589 195 445 432 0 632 1029 447 534 1304 586 589 330 1093 441 991 354 494 537 514 768 405 671 242 313 367 416 542 604 1082 476 319 726 604 491 476 935 541 356 385 1180 602 104 1288 1146 1157 976 632 538 1362 494 357 673 1158 677
525 397 485 901 866 623 768 993 524 845 430 1008 1406 350 986 651 703 953 870 632 0 1155 955 145 1430 138 654 477 1208 895 1117 347 237 280 519 897 348 414 784 821 875 870 548 155 1208 887 827 855 156 991 822 1062 285 452 439 1307 154 711 835 1273 1284 1091 561 467 909 1002 358 416 1273 519
828 961 919 295 794 992 529 754 1012 818 1194 240 373 1057 747 650 967 934 631 1029 1155 0 904 1058 305 1110 654 846 710 724 84 911 1001 1044 823 285 912 1178 871 831 827 642 851 1127 78 648 828 336 1127 820 583 122 1048 820 808 177 1125 950 1812 240 227 593 964 1045 1885 883 922 1180 775 1283
749 602 839 648 316 553 429 457 918 340 1010 755 1155 873 450 464 288 54 308 447 955 904 0 857 1179 910 465 653 969 244 866 677 817 860 743 644 728 994 393 227 281 292 772 927 957 352 350 602 927 176 352 811 865 679 708 1056 925 473 1611 1022 1033 852 884 861 1685 70 680 996 1034 1000
427 300 387 803 769 525 670 895 426 747 332 911 1308 252 888 553 606 855 772 534 145 1058 857 0 1333 100 556 379 1111 797 1020 249 139 182 422 799 250 317 686 724 777 773 450 117 1110 789 729 757 117 893 724 964 187 354 341 1209 115 613 801 1175 1186 993 463 369 875 905 260 318 1175 421
1103 1236 1194 570 1069 1267 804 1029 1287 1093 1469 515 292 1332 1022 925 1242 1209 906 1304 1430 305 1179 1333 0 1385 929 1121 911 999 337 1186 1276 1319 1098 560 1187 1453 1146 1106 1102 917 1127 1402 252 923 1103 611 1402 1095 858 397 1323 1095 1083 150 1401 1225 2087 223 167 868 1239 1320 2160 1158 1197 1455 855 1558
479 352 440 856 821 578 723 947 478 800 385 963 1361 305 940 605 658 908 825 586 138 1110 910 100 1385 0 609 432 1163 850 1072 302 191 235 474 851 303 369 739 776 830 825 502 102 1163 842 781 810 110 946 776 1017 239 406 394 1261 106 666 795 1228 1239 1046 515 421 868 957 313 371 1228 473
327 460 418 399 354 491 266 425 510 378 693 507 904 556 418 60 527 495 276 589 654 654 465 556 929 609 0 345 707 284 616 410 500 543 322 395 411 677 432 391 387 259 350 626 706 319 388 353 626 380 319 560 547 319 306 805 624 511 1311 771 782 589 463 544 1384 443 421 679 771 782
215 283 241 591 565 172 459 683 409 543 516 699 1097 379 676 341 402 651 560 330 477 846 653 379 1121 432 345 0 899 585 808 233 323 366 210 587 234 500 482 520 573 561 238 449 899 578 525 546 449 681 512 752 370 90 81 997 447 409 1134 964 975 781 361 367 1207 701 244 502 963 605
881 1014 972 588 859 1045 594 818 1065 882 1247 695 647 1110 811 703 1031 999 696 1093 1208 710 969 1111 911 1163 707 899 0 788 673 964 1054 1097 876 584 965 1231 936 896 891 707 905 1180 763 713 892 542 1180 884 647 617 1101 873 861 862 1179 1015 1865 784 839 423 1017 1098 1938 948 975 1233 162 1336
568 693 659 467 206 643 248 277 751 230 933 575 974 797 270 284 379 275 127 441 895 724 244 797 999 850 284 585 788 0 686 650 740 784 563 463 651 918 283 243 239 111 591 867 777 171 240 421 867 126 171 630 788 560 547 875 865 362 1551 841 852 671 704 784 1625 223 661 920 853 1023
791 923 881 257 756 954 491 716 974 780 1156 202 335 1019 709 612 929 897 593 991 1117 84 866 1020 337 1072 616 808 673 686 0 873 963 1006 785 247 874 1140 833 793 789 604 814 1089 110 610 790 298 1090 782 545 84 1010 782 770 208 1088 913 1774 202 213 555 926 1007 1848 845 884 1142 737 1245
280 123 241 656 588 365 523 748 293 567 385 764 1161 249 741 406 425 675 625 354 347 911 677 249 1186 302 410 233 964 650 873 0 192 236 275 652 103 370 506 543 597 626 303 319 964 643 549 610 319 746 577 817 240 207 194 1062 317 433 1003 1028 1039 846 330 236 1077 724 84 371 1028 475
370 243 291 746 728 468 613 838 319 707 225 854 1251 145 831 496 565 815 715 494 237 1001 817 139 1276 191 500 323 1054 740 963 192 0 75 365 742 193 210 646 683 737 716 367 209 1054 733 689 700 209 836 667 907 80 297 284 1152 207 573 893 1118 1129 936 356 262 967 864 203 211 1118 387
413 286 327 790 771 512 657 881 355 750 262 897 1295 182 874 539 608 858 759 537 280 1044 860 182 1319 235 543 366 1097 784 1006 236 75 0 408 785 237 246 689 726 780 759 403 252 1097 776 732 744 252 880 710 951 116 340 328 1195 250 616 936 1162 1173 980 392 298 1010 907 247 248 1162 431
105 325 146 569 633 356 436 660 226 657 549 676 1074 262 654 318 585 774 538 514 519 823 743 422 1098 474 322 210 876 563 785 275 365 408 0 564 276 534 666 670 666 538 92 491 876 555 667 523 491 659 489 730 324 184 172 974 490 593 1176 941 952 759 178 249 1249 722 286 536 941 647
570 702 660 65 533 733 268 493 753 557 935 136 536 799 486 391 706 674 370 768 897 285 644 799 560 851 395 587 584 463 247 652 742 785 564 0 653 919 611 570 566 382 593 868 338 388 567 75 869 559 322 192 790 562 549 437 867 690 1553 403 414 466 705 786 1627 622 663 921 648 1025
281 154 231 657 639 380 525 749 259 618 387 765 1163 215 742 407 476 726 626 405 348 912 728 250 1187 303 411 234 965 651 874 103 193 237 276 653 0 371 557 594 648 627 304 320 965 644 600 612 320 747 578 819 241 208 196 1063 318 484 1004 1030 1041 847 296 202 1078 775 115 373 1029 476
528 420 440 924 905 646 791 1016 468 884 79 1031 1429 294 1009 673 743 992 893 671 414 1178 994 317 1453 369 677 500 1231 918 1140 370 210 246 534 919 371 0 823 861 914 893 516 386 1231 910 866 878 386 1014 844 1085 229 475 462 1330 385 750 1071 1296 1307 1114 505 411 1144 1042 381 65 1296 565
671 431 694 615 103 382 396 424 747 166 839 722 1122 702 417 431 213 424 275 242 784 871 393 686 1146 739 432 482 936 283 833 506 646 689 666 611 557 823 0 320 316 259 694 756 924 319 176 569 756 333 319 778 694 508 537 1023 754 164 1440 989 1000 819 784 690 1514 372 509 825 1001 829
676 469 731 575 243 419 356 384 784 257 876 682 1082 740 377 391 154 225 235 313 821 831 227 724 1106 776 391 520 896 243 793 543 683 726 670 570 594 861 320 0 102 218 699 793 884 279 239 529 793 293 278 738 731 545 574 982 791 392 1478 949 960 778 811 727 1551 274 546 862 960 866
671 522 761 570 238 473 351 380 838 262 930 678 1077 793 373 387 208 279 230 367 875 827 281 777 1102 830 387 573 891 239 789 597 737 780 666 566 648 914 316 102 0 214 694 847 880 274 272 524 847 289 274 733 784 599 628 978 845 395 1531 944 955 774 807 781 1605 327 600 916 956 920
543 668 634 386 181 619 167 195 727 205 909 493 893 772 189 259 354 322 51 416 870 642 292 773 917 825 259 561 707 111 604 626 716 759 538 382 627 893 259 218 214 0 566 842 695 90 215 340 842 207 90 549 763 535 523 794 840 338 1527 760 771 590 679 760 1600 270 637 895 772 998
87 354 128 597 662 384 464 689 208 685 532 705 1102 244 682 347 614 802 566 542 548 851 772 450 1127 502 350 238 905 591 814 303 367 403 92 593 304 516 694 699 694 566 0 520 904 583 695 551 520 687 518 758 306 213 200 1003 518 621 1204 969 980 787 160 231 1278 751 314 518 969 676
497 369 457 873 838 595 740 964 495 817 402 980 1378 322 958 622 675 925 842 604 155 1127 927 117 1402 102 626 449 1180 867 1089 319 209 252 491 868 320 386 756 793 847 842 520 0 1180 859 799 827 116 963 793 1034 256 423 411 1278 106 683 812 1245 1256 1063 532 438 885 974 330 388 1245 490
881 1014 972 348 847 1045 582 807 1064 871 1247 293 426 1110 800 703 1020 987 684 1082 1208 78 957 1110 252 1163 706 899 763 777 110 964 1054 1097 876 338 965 1231 924 884 880 695 904 1180 0 701 881 389 1180 873 635 175 1101 873 860 123 1178 1003 1865 293 173 646 1017 1098 1938 936 975 1233 828 1336
560 693 651 392 242 679 173 132 743 265 926 499 899 789 125 319 414 382 79 476 887 648 352 789 923 842 319 578 713 171 610 643 733 776 555 388 644 910 319 279 274 90 583 859 701 0 275 346 859 267 96 555 780 552 539 800 857 398 1544 766 777 595 696 777 1617 331 654 912 777 1015
672 474 737 572 99 424 353 381 790 100 882 679 1079 745 374 388 160 371 232 319 827 828 350 729 1103 781 388 525 892 240 790 549 689 732 667 567 600 866 176 239 272 215 695 799 881 275 0 526 799 290 275 735 736 551 580 979 797 256 1483 946 957 775 808 733 1557 329 552 868 957 872
528 661 619 79 492 691 227 452 711 515 894 187 587 757 445 350 664 632 329 726 855 336 602 757 611 810 353 546 542 421 298 610 700 744 523 75 612 878 569 529 524 340 551 827 389 346 526 0 827 517 280 243 748 520 507 487 825 648 1511 454 465 425 664 745 1585 581 622 880 607 983
497 369 457 873 838 595 740 965 496 817 402 980 1378 322 958 623 675 925 842 604 156 1127 927 117 1402 110 626 449 1180 867 1090 319 209 252 491 869 320 386 756 793 847 842 520 116 1180 859 799 827 0 963 794 1034 257 424 411 1279 120 683 812 1245 1256 1063 533 439 886 974 330 388 1245 491
664 743 754 563 256 693 344 373 847 280 1029 671 1070 893 366 380 429 206 223 491 991 820 176 893 1095 946 380 681 884 126 782 746 836 880 659 559 747 1014 333 293 289 207 687 963 873 267 290 517 963 0 267 726 884 656 643 971 961 412 1647 937 948 767 800 880 1721 155 757 1015 949 1119
495 627 585 326 241 658 121 201 678 265 860 434 833 723 194 316 414 382 78 476 822 583 352 724 858 776 319 512 647 171 545 577 667 710 489 322 578 844 319 278 274 90 518 793 635 96 275 280 794 267 0 489 715 486 474 734 792 398 1478 700 711 530 630 711 1552 330 588 846 712 949
735 868 826 202 701 898 436 661 918 724 1101 146 373 964 654 557 873 841 538 935 1062 122 811 964 397 1017 560 752 617 630 84 817 907 951 730 192 819 1085 778 738 733 549 758 1034 175 555 735 243 1034 726 489 0 955 727 714 274 1032 857 1718 240 251 500 871 951 1792 790 828 1087 682 1190
318 290 230 794 776 516 661 886 258 755 244 901 1299 84 879 544 613 863 763 541 285 1048 865 187 1323 239 547 370 1101 788 1010 240 80 116 324 790 241 229 694 731 784 763 306 256 1101 780 736 748 257 884 715 955 0 345 332 1200 255 620 941 1166 1177 984 295 201 1015 912 251 230 1166 435
190 257 215 566 590 198 433 658 383 569 490 673 1071 354 651 316 428 677 535 356 452 820 679 354 1095 406 319 90 873 560 782 207 297 340 184 562 208 475 508 545 599 535 213 423 873 552 551 520 424 656 486 727 345 0 56 972 422 435 1108 938 949 756 336 341 1182 719 218 476 938 580
177 245 203 553 618 227 420 645 371 598 478 661 1058 341 638 303 456 706 522 385 439 808 708 341 1083 394 306 81 861 547 770 194 284 328 172 549 196 462 537 574 628 523 200 411 860 539 580 507 411 643 474 714 332 56 0 959 409 464 1095 925 936 743 323 328 1169 707 205 464 925 567
980 1112 1070 446 945 1143 681 905 1163 969 1345 391 422 1209 898 801 1118 1086 782 1180 1307 177 1056 1209 150 1261 805 997 862 875 208 1062 1152 1195 974 437 1063 1330 1023 982 978 794 1003 1278 123 800 979 487 1279 971 734 274 1200 972 959 0 1277 1102 1963 291 72 745 1115 1196 2037 1035 1073 1331 927 1435
495 367 455 871 836 593 738 963 494 815 400 979 1376 320 956 621 674 923 840 602 154 1125 925 115 1401 106 624 447 1179 865 1088 317 207 250 490 867 318 385 754 791 845 840 518 106 1178 857 797 825 120 961 792 1032 255 422 409 1277 0 681 810 1243 1254 1061 531 437 884 973 328 386 1243 489
598 358 621 694 182 309 475 503 674 245 766 802 1201 629 497 511 274 503 354 104 711 950 473 613 1225 666 511 409 1015 362 913 433 573 616 593 690 484 750 164 392 395 338 621 683 1003 398 256 648 683 412 398 857 620 435 464 1102 681 0 1367 1068 1079 898 711 617 1441 451 436 752 1080 756
813 686 774 1189 1155 912 1057 1281 812 1134 718 1297 1695 639 1274 939 992 1242 1158 920 467 1444 1244 433 1719 427 943 766 1497 1183 1406 635 525 569 808 1185 637 703 1072 1110 1163 1159 836 444 1497 1176 1115 1144 444 1279 1110 1350 573 740 727 1595 442 999 0 1562 1572 1379 849 755 1055 1291 646 704 1561 807
946 1079 1037 413 912 1109 647 872 1129 935 1312 358 165 1175 865 768 1084 1052 749 1146 1273 240 1022 1175 223 1228 771 964 784 841 202 1028 1118 1162 941 403 1030 1296 989 949 944 760 969 1245 293 766 946 454 1245 937 700 240 1166 938 925 291 1243 1068 1929 0 241 711 1082 1163 2003 1001 1040 1298 728 1401
957 1090 1048 424 923 1120 658 883 1140 946 1323 368 374 1186 876 779 1095 1063 760 1157 1284 227 1033 1186 167 1239 782 975 839 852 213 1039 1129 1173 952 414 1041 1307 1000 960 955 771 980 1256 173 777 957 465 1256 948 711 251 1177 949 936 72 1254 1079 1940 241 0 722 1093 1173 2014 1012 1050 1309 904 1412
764 897 854 471 741 927 476 701 947 765 1129 578 844 993 694 586 914 882 578 976 1091 593 852 993 868 1046 589 781 423 671 555 846 936 980 759 466 847 1114 819 778 774 590 787 1063 646 595 775 425 1063 767 530 500 984 756 743 745 1061 898 1747 711 722 0 900 980 1821 830 857 1115 488 1219
173 381 214 710 774 507 577 801 64 798 520 817 1215 225 794 459 703 914 679 632 561 964 884 463 1239 515 463 361 1017 704 926 330 356 392 178 705 296 505 784 811 807 679 160 532 1017 696 808 664 533 800 630 871 295 336 323 1115 531 711 1217 1082 1093 900 0 115 1291 863 341 506 1082 703
244 287 155 790 772 513 658 882 78 751 426 898 1296 139 875 540 609 859 759 538 467 1045 861 369 1320 421 544 367 1098 784 1007 236 262 298 249 786 202 411 690 727 781 760 231 438 1098 777 733 745 439 880 711 951 201 341 328 1196 437 617 1123 1163 1173 980 115 0 1197 908 247 413 1162 609
1272 1145 1233 1648 1614 1370 1515 1740 1271 1593 1177 1756 2153 1097 1733 1398 1451 1700 1617 1379 926 1903 1702 892 2178 886 1402 1225 1956 1642 1865 1094 984 1027 1267 1644 1095 1162 1531 1569 1622 1618 1295 903 1956 1635 1574 1602 903 1738 1569 1809 1032 1199 1186 2054 901 1458 1420 2020 2031 1838 1308 1214 0 1750 1105 1163 2020 1266
728 650 818 627 295 600 408 436 911 319 1057 734 1134 921 429 443 335 100 287 494 1002 883 70 905 1158 957 443 701 948 223 845 724 864 907 722 622 775 1042 372 274 327 270 751 974 936 331 329 581 974 155 330 790 912 719 707 1035 973 451 1659 1001 1012 830 863 908 1732 0 727 1043 1012 1047
291 134 252 667 591 368 535 759 304 570 397 775 1173 260 752 417 428 678 636 357 358 922 680 260 1197 313 421 244 975 661 884 84 203 247 286 663 115 381 509 546 600 637 314 330 975 654 552 622 330 757 588 828 251 218 205 1073 328 436 1014 1040 1050 857 341 247 1088 727 0 383 1039 486
530 422 441 925 907 648 793 1017 469 886 81 1033 1431 296 1010 675 744 994 895 673 416 1180 996 318 1455 371 679 502 1233 920 1142 371 211 248 536 921 373 65 825 862 916 895 518 388 1233 912 868 880 388 1015 846 1087 230 476 464 1331 386 752 1072 1298 1309 1115 506 413 1146 1043 383 0 1297 566
946 1079 1036 653 923 1109 658 883 1129 947 1311 760 592 1175 876 768 1096 1064 760 1158 1273 775 1034 1175 855 1228 771 963 162 853 737 1028 1118 1162 941 648 1029 1296 1001 960 956 772 969 1245 828 777 957 607 1245 949 712 682 1166 938 925 927 1243 1080 1929 728 904 488 1082 1162 2003 1012 1039 1297 0 1401
653 525 613 1029 911 688 896 1121 666 890 580 1136 1534 501 1114 778 748 998 998 677 519 1283 1000 421 1558 473 782 605 1336 1023 1245 475 387 431 647 1025 476 565 829 866 920 998 676 490 1336 1015 872 983 491 1119 949 1190 435 580 567 1435 489 756 1175 1401 1412 1219 703 609 1249 1047 486 566 1401 0
EOF