NAME : tsp_problem
TYPE : TSP
DIMENSION : 82
EDGE_WEIGHT_TYPE : EXPLICIT
EDGE_WEIGHT_FORMAT : FULL_MATRIX
EDGE_WEIGHT_SECTION
0 788 328 749 314 648 301 143 951 326 284 758 71 797 690 345 678 424 308 780 743 566 230 622 344 489 555 802 597 526 159 626 606 238 693 519 433 547 765 732 441 643 556 551 875 741 564 487 794 791 712 834 547 678 546 781 756 558 771 316 845 641 609 476 786 674 362 793 518 676 518 733 629 535 279 505 427 639 442 523 592 552
788 0 772 326 678 1362 665 699 573 770 648 335 842 103 490 557 299 1006 671 699 725 1280 782 244 1028 865 999 61 481 325 930 192 488 820 383 896 492 1261 365 868 501 443 276 425 497 126 558 1201 394 413 1426 93 346 198 290 40 1470 1001 934 759 444 449 480 363 93 380 944 393 1231 196 570 355 189 434 643 434 1141 600 501 1236 930 928
328 772 0 732 142 744 150 285 935 117 177 742 275 781 674 329 661 386 158 482 445 662 161 605 408 191 257 786 581 510 323 610 590 200 677 221 417 643 749 433 425 627 539 535 859 724 548 583 778 775 807 818 530 661 529 765 852 259 472 107 829 625 592 460 770 658 324 777 613 659 501 717 613 518 263 489 523 622 425 618 293 254
749 326 732 0 639 1323 626 660 590 731 609 51 803 335 450 446 317 967 632 660 686 1241 742 261 989 826 960 340 187 242 891 209 193 781 89 856 391 1222 382 829 334 404 293 235 515 279 519 1162 411 430 1386 372 271 146 306 319 1431 962 895 720 462 154 185 324 324 128 905 410 1192 151 275 372 207 243 604 268 1102 560 334 1197 891 889
314 678 142 639 0 735 67 225 842 141 84 648 267 687 581 236 568 377 74 595 558 653 152 512 399 304 370 692 488 416 314 516 497 191 584 334 323 634 656 546 332 534 446 442 766 631 454 574 685 681 798 724 437 568 436 672 843 372 585 130 735 531 499 366 677 565 315 684 604 566 408 624 520 425 169 395 514 529 332 609 406 367
648 1362 744 1323 735 0 742 715 1525 742 770 1332 595 1371 1264 919 1252 449 750 1196 1159 322 646 1196 368 905 971 1376 1171 1100 643 1200 1180 567 1267 935 1007 127 1339 1147 1015 1217 1130 1125 1449 1315 1138 187 1368 1365 133 1408 1121 1252 1120 1355 259 973 1186 731 1419 1215 1183 1050 1360 1248 439 1367 282 1250 1092 1307 1203 1109 853 1079 252 1213 1016 287 1007 968
301 665 150 626 67 742 0 212 828 148 71 635 274 674 567 222 555 385 60 602 565 660 160 499 406 311 377 679 474 403 321 503 483 198 570 341 310 641 642 553 318 520 433 428 752 618 441 581 671 668 806 711 424 555 423 658 850 380 592 137 722 518 486 353 663 551 322 670 612 553 395 610 506 412 156 382 521 516 319 616 413 374
143 699 285 660 225 715 212 0 862 284 195 669 197 708 601 256 589 382 219 704 667 633 188 533 403 413 513 713 508 437 285 537 517 196 604 443 344 614 676 655 352 554 467 462 786 652 475 554 705 702 778 745 458 589 457 692 823 515 694 273 756 552 520 387 697 585 319 704 584 587 429 644 540 446 190 416 494 550 353 589 515 476
951 573 935 590 842 1525 828 862 0 933 812 600 1005 582 554 720 356 1170 835 763 789 1443 945 359 1191 1029 1162 587 738 489 1093 411 744 984 648 1012 656 1424 527 932 664 527 439 644 151 526 722 1364 556 194 1589 619 509 463 453 567 1633 1165 998 923 607 705 736 526 572 637 1107 555 1395 461 826 412 415 690 806 598 1304 664 664 1400 994 1092
326 770 117 731 141 742 148 284 933 0 176 740 274 779 672 327 660 384 156 517 480 660 160 604 406 225 291 784 579 508 321 608 588 198 675 256 415 641 747 468 423 625 538 533 857 723 546 581 776 773 806 816 529 660 528 763 850 294 507 105 827 623 591 458 768 656 322 775 611 658 500 715 611 517 261 487 521 621 424 616 328 288
284 648 177 609 84 770 71 195 812 176 0 618 302 657 551 206 538 412 77 630 593 688 187 482 434 339 405 662 458 387 349 486 467 226 554 369 293 669 626 581 302 504 416 412 736 601 424 609 655 651 833 694 407 538 406 642 878 407 620 165 705 502 469 336 647 535 350 654 639 536 378 594 490 395 139 365 549 499 302 644 441 402
758 335 742 51 648 1332 635 669 600 740 618 0 812 344 460 456 326 976 641 669 695 1250 752 270 998 836 969 349 184 251 900 218 191 790 86 866 400 1231 391 838 343 413 302 244 524 288 529 1171 420 439 1396 381 280 156 315 329 1440 971 904 729 471 152 183 333 334 125 914 419 1201 161 273 382 216 253 613 277 1111 570 344 1206 900 898
71 842 275 803 267 595 274 197 1005 274 302 812 0 851 744 399 731 372 282 728 691 513 178 676 291 437 503 856 651 580 106 680 660 186 747 467 487 494 819 679 495 697 610 605 929 795 618 434 848 845 659 888 600 732 599 835 703 505 718 263 899 695 662 530 840 728 309 847 465 730 572 787 683 589 333 559 374 693 495 470 539 500
797 103 781 335 687 1371 674 708 582 779 657 344 851 0 499 566 308 1016 680 708 734 1289 791 253 1037 875 1008 117 490 335 939 201 497 829 393 905 501 1270 374 877 510 452 285 434 506 135 568 1210 403 422 1435 149 355 207 299 97 1479 1011 943 768 453 458 489 372 89 390 953 402 1241 205 579 364 198 443 652 443 1150 609 510 1245 939 937
690 490 674 450 581 1264 567 601 554 672 551 460 744 499 0 459 219 909 574 242 268 1182 684 283 930 575 752 504 477 228 832 328 483 723 407 491 395 1163 451 411 403 75 257 383 478 442 218 1103 480 393 1328 536 248 379 247 483 1372 754 477 662 531 444 475 265 488 376 846 479 1134 378 565 161 331 429 545 337 1043 142 403 1139 473 638
345 557 329 446 236 919 222 256 720 327 206 456 399 566 459 0 446 564 229 606 632 837 339 390 585 423 556 571 295 295 487 395 304 378 391 453 202 818 534 665 210 412 324 285 644 509 333 758 563 560 983 603 315 446 314 550 1027 559 704 317 614 338 306 245 555 372 501 562 789 445 215 502 398 232 200 274 698 407 210 794 525 486
678 299 661 317 568 1252 555 589 356 660 538 326 731 308 219 446 0 896 561 429 455 1170 671 85 918 755 888 314 464 215 820 138 470 710 374 678 382 1151 254 598 390 193 165 371 280 252 405 1091 283 196 1315 346 236 189 179 293 1360 891 664 649 333 432 463 252 298 363 834 282 1121 187 552 78 141 416 533 324 1031 329 391 1126 660 818
424 1006 386 967 377 449 385 382 1170 384 412 976 372 1016 909 564 896 0 393 839 802 367 288 840 113 548 613 1021 816 745 419 845 825 210 912 578 651 348 984 790 660 862 774 770 1094 959 783 288 1013 1009 512 1053 765 896 764 1000 557 616 829 374 1064 860 827 695 1005 893 82 1012 318 894 736 952 848 753 498 724 228 857 660 323 650 610
308 671 158 632 74 750 60 219 835 156 77 641 282 680 574 229 561 393 0 610 573 668 168 505 414 319 385 686 481 410 330 510 490 207 577 349 316 649 649 561 325 527 439 435 759 624 448 589 678 674 814 718 430 561 429 665 858 388 600 146 729 525 492 360 670 558 330 677 620 559 401 617 513 418 163 388 529 522 325 624 421 382
780 699 482 660 595 1196 602 704 763 517 630 669 728 708 242 606 429 839 610 0 256 1114 614 492 860 372 549 714 687 438 776 538 693 653 616 287 542 1095 661 208 550 285 467 593 687 652 301 1035 689 603 1260 746 458 589 457 693 1304 551 274 511 740 654 685 475 698 586 776 688 1066 587 712 371 541 638 545 546 975 225 551 1071 270 435
743 725 445 686 558 1159 565 667 789 480 593 695 691 734 268 632 455 802 573 256 0 1077 577 518 823 335 512 739 712 463 739 563 719 616 642 250 568 1058 686 425 576 311 493 619 713 678 327 998 715 629 1223 771 484 615 483 719 1267 514 491 474 766 680 711 501 724 612 739 714 1029 613 738 397 567 664 509 572 938 251 576 1034 367 398
566 1280 662 1241 653 322 660 633 1443 660 688 1250 513 1289 1182 837 1170 367 668 1114 1077 0 564 1114 286 823 889 1294 1089 1018 561 1118 1098 485 1185 853 925 229 1257 1065 933 1135 1048 1043 1367 1233 1056 169 1286 1283 210 1326 1039 1170 1038 1273 438 891 1104 649 1337 1133 1101 968 1278 1166 357 1285 69 1168 1010 1225 1121 1027 771 997 170 1131 934 68 925 886
230 782 161 742 152 646 160 188 945 160 187 752 178 791 684 339 671 288 168 614 577 564 0 615 310 323 388 796 591 520 225 620 600 102 687 353 427 545 759 565 435 637 549 545 869 734 558 485 788 785 710 828 540 671 539 775 754 391 604 149 839 635 602 470 780 668 226 787 515 670 511 727 623 528 273 499 425 632 435 520 425 386
622 244 605 261 512 1196 499 533 359 604 482 270 676 253 283 390 85 840 505 492 518 1114 615 0 862 699 833 258 408 159 764 82 415 654 319 729 326 1095 198 661 335 256 110 315 283 196 392 1035 227 199 1259 290 180 133 123 237 1304 835 727 593 277 376 407 197 242 307 778 226 1065 131 496 141 85 360 477 268 975 393 335 1070 723 762
344 1028 408 989 399 368 406 403 1191 406 434 998 291 1037 930 585 918 113 414 860 823 286 310 862 0 569 635 1042 837 766 339 866 846 232 934 599 673 267 1006 811 681 883 796 792 1116 981 804 207 1035 1031 431 1074 787 918 786 1022 476 638 850 396 1085 881 849 716 1027 914 104 1034 237 916 758 973 870 775 519 745 147 879 682 242 671 632
489 865 191 826 304 905 311 413 1029 225 339 836 437 875 575 423 755 548 319 372 335 823 323 699 569 0 258 880 675 604 485 704 684 362 771 111 510 804 843 323 519 618 633 629 953 818 634 744 872 868 969 912 624 755 623 859 1013 260 346 219 923 719 686 554 864 752 485 871 775 753 595 704 707 612 254 583 684 558 519 779 183 124
555 999 257 960 370 971 377 513 1162 291 405 969 503 1008 752 556 888 613 385 549 512 889 388 833 635 258 0 1013 808 737 550 837 817 427 904 288 644 870 976 500 652 795 767 762 1086 952 775 810 1005 1002 1034 1045 757 888 756 992 1079 46 539 285 1056 852 819 687 997 885 551 1004 840 887 729 881 840 746 431 716 750 735 652 845 360 320
802 61 786 340 692 1376 679 713 587 784 662 349 856 117 504 571 314 1021 686 714 739 1294 796 258 1042 880 1013 0 496 340 944 206 502 835 398 910 506 1275 379 883 515 457 290 439 511 140 573 1215 408 427 1440 94 360 212 304 54 1484 1016 949 774 459 463 494 377 107 395 958 407 1246 211 584 369 204 448 657 449 1155 614 515 1250 945 942
597 481 581 187 488 1171 474 508 738 579 458 184 651 490 477 295 464 816 481 687 712 1089 591 408 837 675 808 496 0 268 739 365 59 630 113 705 249 1070 538 856 192 430 342 224 662 434 443 1010 567 577 1235 528 298 302 332 475 1279 811 922 569 617 61 51 350 480 124 753 566 1041 307 105 520 362 170 452 256 950 518 193 1046 777 738
526 325 510 242 416 1100 403 437 489 508 387 251 580 335 228 295 215 745 410 438 463 1018 520 159 766 604 737 340 268 0 668 164 275 559 198 634 230 999 303 607 239 181 93 212 413 278 297 939 332 328 1164 372 55 215 83 319 1208 740 673 498 383 236 267 101 324 168 682 331 970 213 357 271 167 221 381 173 879 338 239 974 669 667
159 930 323 891 314 643 321 285 1093 321 349 900 106 939 832 487 820 419 330 776 739 561 225 764 339 485 550 944 739 668 0 768 748 233 835 515 575 542 907 727 583 785 698 693 1017 883 706 482 936 933 707 976 689 820 688 923 751 553 766 311 987 783 751 618 928 816 357 935 513 818 660 875 771 677 421 647 422 781 584 517 587 547
626 192 610 209 516 1200 503 537 411 608 486 218 680 201 328 395 138 845 510 538 563 1118 620 82 866 704 837 206 365 164 768 0 371 659 267 734 330 1099 203 707 339 281 114 309 335 144 397 1039 232 251 1264 238 184 81 128 185 1308 840 773 598 283 332 363 201 190 264 782 231 1070 80 453 193 51 317 481 273 979 438 339 1074 769 767
606 488 590 193 497 1180 483 517 744 588 467 191 660 497 483 304 470 825 490 693 719 1098 600 415 846 684 817 502 59 275 748 371 0 639 120 714 258 1079 544 862 201 436 349 233 668 440 452 1019 573 584 1244 534 304 308 338 481 1288 820 928 578 624 67 58 356 486 130 762 572 1050 313 114 526 369 179 461 265 959 527 202 1055 786 747
238 820 200 781 191 567 198 196 984 198 226 790 186 829 723 378 710 210 207 653 616 485 102 654 232 362 427 835 630 559 233 659 639 0 726 392 465 466 798 604 474 676 588 584 908 773 597 406 827 823 631 867 579 710 578 814 675 430 643 188 878 674 641 509 819 707 147 826 437 708 550 766 662 567 312 537 346 671 474 442 464 424
693 383 677 89 584 1267 570 604 648 675 554 86 747 393 407 391 374 912 577 616 642 1185 687 319 934 771 904 398 113 198 835 267 120 726 0 801 345 1167 440 785 289 360 272 191 572 336 476 1106 469 488 1331 430 227 204 262 377 1375 907 851 665 519 81 112 280 382 54 850 468 1137 209 202 430 264 200 548 224 1046 517 289 1142 847 834
519 896 221 856 334 935 341 443 1012 256 369 866 467 905 491 453 678 578 349 287 250 853 353 729 599 111 288 910 705 634 515 734 714 392 801 0 541 834 873 283 549 534 663 659 936 848 550 774 902 852 999 942 654 785 653 889 1043 290 322 250 953 749 716 584 894 782 515 901 805 784 625 620 737 642 284 613 714 474 549 810 143 174
433 492 417 391 323 1007 310 344 656 415 293 400 487 501 395 202 382 651 316 542 568 925 427 326 673 510 644 506 249 230 575 330 258 465 345 541 0 906 470 711 116 348 260 230 580 445 268 846 499 495 1071 538 251 382 250 486 1115 646 777 404 549 293 261 180 491 316 589 498 876 380 244 438 334 176 288 209 786 343 117 881 613 573
547 1261 643 1222 634 127 641 614 1424 641 669 1231 494 1270 1163 818 1151 348 649 1095 1058 229 545 1095 267 804 870 1275 1070 999 542 1099 1079 466 1167 834 906 0 1239 1046 914 1116 1029 1025 1349 1214 1037 86 1268 1264 229 1307 1020 1151 1019 1255 235 873 1085 631 1318 1114 1082 949 1260 1147 339 1267 181 1149 991 1206 1103 1008 752 978 151 1112 915 186 906 867
765 365 749 382 656 1339 642 676 527 747 626 391 819 374 451 534 254 984 649 661 686 1257 759 198 1006 843 976 379 538 303 907 203 544 798 440 873 470 1239 0 830 478 420 253 459 451 317 536 1178 100 367 1403 411 324 254 267 358 1447 979 896 737 214 505 536 340 363 437 922 99 1209 253 626 309 206 490 620 412 1118 561 479 1214 892 906
732 868 433 829 546 1147 553 655 932 468 581 838 679 877 411 665 598 790 561 208 425 1065 565 661 811 323 500 883 856 607 727 707 862 604 785 283 711 1046 830 0 719 454 636 762 856 821 470 986 859 772 1211 915 627 758 626 862 1255 502 103 462 909 823 854 644 867 755 727 857 1017 756 838 540 710 807 497 716 926 394 720 1022 221 325
441 501 425 334 332 1015 318 352 664 423 302 343 495 510 403 210 390 660 325 550 576 933 435 335 681 519 652 515 192 239 583 339 201 474 289 549 116 914 478 719 0 356 268 173 588 453 277 854 507 504 1079 547 259 345 258 494 1123 655 785 413 558 236 204 189 499 260 597 506 885 350 187 446 342 119 296 206 794 351 125 890 621 582
643 443 627 404 534 1217 520 554 527 625 504 413 697 452 75 412 193 862 527 285 311 1135 637 256 883 618 795 457 430 181 785 281 436 676 360 534 348 1116 420 454 356 0 210 336 452 395 261 1056 449 367 1281 489 201 332 200 436 1325 798 520 615 500 397 428 218 441 329 799 448 1087 331 518 135 284 382 498 290 996 185 356 1092 516 681
556 276 539 293 446 1130 433 467 439 538 416 302 610 285 257 324 165 774 439 467 493 1048 549 110 796 633 767 290 342 93 698 114 349 588 272 663 260 1029 253 636 268 210 0 249 363 228 326 969 282 279 1193 322 114 165 113 269 1238 769 702 527 333 310 341 130 274 241 712 281 999 164 430 221 117 294 411 202 909 367 269 1004 698 696
551 425 535 235 442 1125 428 462 644 533 412 244 605 434 383 285 371 770 435 593 619 1043 545 315 792 629 762 439 224 212 693 309 233 584 191 659 230 1025 459 762 173 336 249 0 568 378 322 964 488 484 1189 472 240 246 239 419 1234 765 828 523 538 229 235 169 424 160 708 486 995 251 219 426 306 82 407 106 905 397 173 1000 731 692
875 497 859 515 766 1449 752 786 151 857 736 524 929 506 478 644 280 1094 759 687 713 1367 869 283 1116 953 1086 511 662 413 1017 335 668 908 572 936 580 1349 451 856 588 452 363 568 0 450 646 1288 480 118 1513 543 433 387 377 491 1557 1089 922 847 531 629 660 450 496 561 1031 479 1319 385 750 336 339 614 730 522 1228 588 588 1324 918 1016
741 126 724 279 631 1315 618 652 526 723 601 288 795 135 442 509 252 959 624 652 678 1233 734 196 981 818 952 140 434 278 883 144 440 773 336 848 445 1214 317 821 453 395 228 378 450 0 511 1154 346 365 1378 172 299 151 242 119 1423 954 887 712 397 402 433 315 125 333 897 345 1184 149 522 308 142 387 596 387 1094 552 454 1189 883 881
564 558 548 519 454 1138 441 475 722 546 424 529 618 568 218 333 405 783 448 301 327 1056 558 392 804 634 775 573 443 297 706 397 452 597 476 550 268 1037 536 470 277 261 326 322 646 511 0 977 565 562 1202 605 317 448 316 552 1246 778 536 535 616 487 455 247 557 445 720 564 1008 446 438 347 400 368 419 276 917 102 277 1012 532 697
487 1201 583 1162 574 187 581 554 1364 581 609 1171 434 1210 1103 758 1091 288 589 1035 998 169 485 1035 207 744 810 1215 1010 939 482 1039 1019 406 1106 774 846 86 1178 986 854 1056 969 964 1288 1154 977 0 1207 1204 250 1247 960 1091 959 1194 295 812 1025 570 1258 1054 1022 889 1199 1087 278 1206 121 1089 931 1146 1042 948 692 918 91 1052 855 126 846 807
794 394 778 411 685 1368 671 705 556 776 655 420 848 403 480 563 283 1013 678 689 715 1286 788 227 1035 872 1005 408 567 332 936 232 573 827 469 902 499 1268 100 859 507 449 282 488 480 346 565 1207 0 396 1432 440 352 283 296 387 1476 1008 925 766 243 534 565 369 392 466 951 29 1238 282 655 338 235 519 649 441 1147 590 508 1243 920 935
791 413 775 430 681 1365 668 702 194 773 651 439 845 422 393 560 196 1009 674 603 629 1283 785 199 1031 868 1002 427 577 328 933 251 584 823 488 852 495 1264 367 772 504 367 279 484 118 365 562 1204 396 0 1429 459 349 302 293 406 1473 1004 838 762 447 545 576 366 411 477 947 395 1234 301 665 251 254 529 646 437 1144 503 504 1239 834 931
712 1426 807 1386 798 133 806 778 1589 806 833 1396 659 1435 1328 983 1315 512 814 1260 1223 210 710 1259 431 969 1034 1440 1235 1164 707 1264 1244 631 1331 999 1071 229 1403 1211 1079 1281 1193 1189 1513 1378 1202 250 1432 1429 0 1472 1184 1315 1183 1419 362 1037 1250 795 1483 1279 1246 1114 1424 1312 503 1431 215 1313 1155 1371 1267 1172 917 1143 316 1276 1079 214 1071 1032
834 93 818 372 724 1408 711 745 619 816 694 381 888 149 536 603 346 1053 718 746 771 1326 828 290 1074 912 1045 94 528 372 976 238 534 867 430 942 538 1307 411 915 547 489 322 472 543 172 605 1247 440 459 1472 0 392 244 336 86 1516 1048 981 806 491 495 526 409 139 427 990 439 1278 243 616 401 236 480 689 481 1187 646 547 1282 977 974
547 346 530 271 437 1121 424 458 509 529 407 280 600 355 248 315 236 765 430 458 484 1039 540 180 787 624 757 360 298 55 689 184 304 579 227 654 251 1020 324 627 259 201 114 240 433 299 317 960 352 349 1184 392 0 236 104 339 1229 760 693 518 403 265 296 121 345 197 703 351 990 234 386 291 187 250 402 193 900 358 260 995 689 687
678 198 661 146 568 1252 555 589 463 660 538 156 732 207 379 446 189 896 561 589 615 1170 671 133 918 755 888 212 302 215 820 81 308 710 204 785 382 1151 254 758 345 332 165 246 387 151 448 1091 283 302 1315 244 236 0 179 192 1360 891 824 649 334 269 300 252 197 201 834 282 1121 24 390 245 79 255 533 279 1031 489 345 1126 820 818
546 290 529 306 436 1120 423 457 453 528 406 315 599 299 247 314 179 764 429 457 483 1038 539 123 786 623 756 304 332 83 688 128 338 578 262 653 250 1019 267 626 258 200 113 239 377 242 316 959 296 293 1183 336 104 179 0 283 1228 759 692 517 347 300 331 120 288 231 702 295 989 178 420 235 131 284 401 192 899 357 259 994 688 686
781 40 765 319 672 1355 658 692 567 763 642 329 835 97 483 550 293 1000 665 693 719 1273 775 237 1022 859 992 54 475 319 923 185 481 814 377 889 486 1255 358 862 494 436 269 419 491 119 552 1194 387 406 1419 86 339 192 283 0 1463 995 928 753 438 442 473 356 86 374 937 386 1225 190 563 348 183 428 636 428 1134 593 494 1230 924 922
756 1470 852 1431 843 259 850 823 1633 850 878 1440 703 1479 1372 1027 1360 557 858 1304 1267 438 754 1304 476 1013 1079 1484 1279 1208 751 1308 1288 675 1375 1043 1115 235 1447 1255 1123 1325 1238 1234 1557 1423 1246 295 1476 1473 362 1516 1229 1360 1228 1463 0 1081 1294 839 1527 1323 1291 1158 1469 1356 547 1475 390 1358 1200 1415 1311 1217 961 1187 360 1321 1124 395 1115 1076
558 1001 259 962 372 973 380 515 1165 294 407 971 505 1011 754 559 891 616 388 551 514 891 391 835 638 260 46 1016 811 740 553 840 820 430 907 290 646 873 979 502 655 798 769 765 1089 954 778 812 1008 1004 1037 1048 760 891 759 995 1081 0 541 288 1059 855 822 690 1000 888 554 1007 843 889 731 884 843 748 434 719 752 738 655 848 362 323
771 934 472 895 585 1186 592 694 998 507 620 904 718 943 477 704 664 829 600 274 491 1104 604 727 850 346 539 949 922 673 766 773 928 643 851 322 777 1085 896 103 785 520 702 828 922 887 536 1025 925 838 1250 981 693 824 692 928 1294 541 0 501 975 889 920 710 933 821 766 923 1056 822 877 606 776 873 536 782 965 460 786 1061 287 282
316 759 107 720 130 731 137 273 923 105 165 729 263 768 662 317 649 374 146 511 474 649 149 593 396 219 285 774 569 498 311 598 578 188 665 250 404 631 737 462 413 615 527 523 847 712 535 570 766 762 795 806 518 649 517 753 839 288 501 0 817 613 580 447 758 646 311 765 601 647 489 705 601 506 251 476 510 610 413 606 322 282
1254 854 1238 871 1145 1828 1131 1165 1016 1236 1115 880 1308 863 940 1023 742 1473 1138 1149 1175 1746 1248 687 1494 1332 1465 868 1027 792 1396 692 1033 1287 929 1362 959 1727 623 1318 967 909 742 947 940 806 1025 1667 652 856 1892 900 812 743 756 847 1936 1468 1384 1226 0 994 1025 829 852 926 1410 651 1698 742 1115 798 695 979 1109 901 1607 1050 967 1703 1380 1395
641 449 625 154 531 1215 518 552 705 623 502 152 695 458 444 338 432 860 525 654 680 1133 635 376 881 719 852 463 61 236 783 332 67 674 81 749 293 1114 505 823 236 397 310 229 629 402 487 1054 534 545 1279 495 265 269 300 442 1323 855 889 613 585 0 59 317 447 92 797 533 1085 274 149 487 330 214 496 261 994 554 237 1089 821 782
609 480 592 185 499 1183 486 520 736 591 469 183 662 489 475 306 463 827 492 685 711 1101 602 407 849 686 819 494 51 267 751 363 58 641 112 716 261 1082 536 854 204 428 341 235 660 433 455 1022 565 576 1246 526 296 300 331 473 1291 822 920 580 616 59 0 348 478 123 765 564 1052 305 117 518 361 182 464 268 962 529 204 1057 788 749
476 363 460 324 366 1050 353 387 526 458 336 333 530 372 265 245 252 695 360 475 501 968 470 197 716 554 687 377 350 101 618 201 356 509 280 584 180 949 340 644 189 218 130 169 450 315 247 889 369 366 1114 409 121 252 120 356 1158 690 710 447 420 317 348 0 361 249 632 368 920 251 350 308 204 214 331 123 829 321 189 924 656 616
786 93 770 324 677 1360 663 697 572 768 647 334 840 89 488 555 298 1005 670 698 724 1278 780 242 1027 864 997 107 480 324 928 190 486 819 382 894 491 1260 363 867 499 441 274 424 496 125 557 1199 392 411 1424 139 345 197 288 86 1469 1000 933 758 443 447 478 361 0 379 943 391 1230 195 568 354 188 433 642 433 1140 598 500 1235 929 927
674 380 658 128 565 1248 551 585 637 656 535 125 728 390 376 372 363 893 558 586 612 1166 668 307 914 752 885 395 124 168 816 264 130 707 54 782 316 1147 437 755 260 329 241 160 561 333 445 1087 466 477 1312 427 197 201 231 374 1356 888 821 646 516 92 123 249 379 0 830 465 1118 206 212 419 261 169 529 193 1027 486 260 1123 817 815
362 944 324 905 315 439 322 319 1107 322 350 914 309 953 846 501 834 82 330 776 739 357 226 778 104 485 551 958 753 682 357 782 762 147 850 515 589 339 922 727 597 799 712 708 1031 897 720 278 951 947 503 990 703 834 702 937 547 554 766 311 1001 797 765 632 943 830 0 950 309 832 674 889 786 691 435 661 218 795 598 314 587 548
793 393 777 410 684 1367 670 704 555 775 654 419 847 402 479 562 282 1012 677 688 714 1285 787 226 1034 871 1004 407 566 331 935 231 572 826 468 901 498 1267 99 857 506 448 281 486 479 345 564 1206 29 395 1431 439 351 282 295 386 1475 1007 923 765 242 533 564 368 391 465 950 0 1237 281 654 337 234 518 648 440 1146 589 506 1242 919 934
518 1231 613 1192 604 282 612 584 1395 611 639 1201 465 1241 1134 789 1121 318 620 1066 1029 69 515 1065 237 775 840 1246 1041 970 513 1070 1050 437 1137 805 876 181 1209 1017 885 1087 999 995 1319 1184 1008 121 1238 1234 215 1278 990 1121 989 1225 390 843 1056 601 1289 1085 1052 920 1230 1118 309 1237 0 1119 961 1177 1073 978 723 949 122 1082 885 45 877 837
676 196 659 151 566 1250 553 587 461 658 536 161 730 205 378 445 187 894 559 587 613 1168 670 131 916 753 887 211 307 213 818 80 313 708 209 784 380 1149 253 756 350 331 164 251 385 149 446 1089 282 301 1313 243 234 24 178 190 1358 889 822 647 332 274 305 251 195 206 832 281 1119 0 395 243 77 260 531 284 1029 488 350 1124 818 816
518 570 501 275 408 1092 395 429 826 500 378 273 572 579 565 215 552 736 401 712 738 1010 511 496 758 595 729 584 105 357 660 453 114 550 202 625 244 991 626 838 187 518 430 219 750 522 438 931 655 665 1155 616 386 390 420 563 1200 731 877 489 706 149 117 350 568 212 674 654 961 395 0 608 451 165 373 252 871 513 188 966 698 658
733 355 717 372 624 1307 610 644 412 715 594 382 787 364 161 502 78 952 617 371 397 1225 727 141 973 704 881 369 520 271 875 193 526 766 430 620 438 1206 309 540 446 135 221 426 336 308 347 1146 338 251 1371 401 291 245 235 348 1415 884 606 705 389 487 518 308 354 419 889 337 1177 243 608 0 196 472 588 380 1086 271 446 1182 602 767
629 189 613 207 520 1203 506 540 415 611 490 216 683 198 331 398 141 848 513 541 567 1121 623 85 870 707 840 204 362 167 771 51 369 662 264 737 334 1103 206 710 342 284 117 306 339 142 400 1042 235 254 1267 236 187 79 131 183 1311 843 776 601 286 330 361 204 188 261 786 234 1073 77 451 196 0 315 484 276 982 441 342 1078 772 770
535 434 518 243 425 1109 412 446 690 517 395 253 589 443 429 232 416 753 418 638 664 1027 528 360 775 612 746 448 170 221 677 317 179 567 200 642 176 1008 490 807 119 382 294 82 614 387 368 948 519 529 1172 480 250 255 284 428 1217 748 873 506 570 214 182 214 433 169 691 518 978 260 165 472 315 0 390 115 888 442 120 983 714 675
279 643 263 604 169 853 156 190 806 261 139 613 333 652 545 200 533 498 163 545 509 771 273 477 519 254 431 657 452 381 421 481 461 312 548 284 288 752 620 497 296 498 411 407 730 596 419 692 649 646 917 689 402 533 401 636 961 434 536 251 700 496 464 331 642 529 435 648 723 531 373 588 484 390 0 360 632 494 297 727 357 317
505 434 489 268 395 1079 382 416 598 487 365 277 559 443 337 274 324 724 388 546 572 997 499 268 745 583 716 449 256 173 647 273 265 537 224 613 209 978 412 716 206 290 202 106 522 387 276 918 441 437 1143 481 193 279 192 428 1187 719 782 476 492 261 268 123 433 193 661 440 949 284 252 380 276 115 360 0 858 350 206 953 685 645
427 1141 523 1102 514 252 521 494 1304 521 549 1111 374 1150 1043 698 1031 228 529 975 938 170 425 975 147 684 750 1155 950 879 422 979 959 346 1046 714 786 151 1118 926 794 996 909 905 1228 1094 917 91 1147 1144 316 1187 900 1031 899 1134 360 752 965 510 1198 994 962 829 1140 1027 218 1146 122 1029 871 1086 982 888 632 858 0 992 795 126 786 747
639 600 622 560 529 1213 516 550 664 621 499 570 693 609 142 407 329 857 522 225 251 1131 632 393 879 558 735 614 518 338 781 438 527 671 517 474 343 1112 561 394 351 185 367 397 588 552 102 1052 590 503 1276 646 358 489 357 593 1321 738 460 610 640 554 529 321 598 486 795 589 1082 488 513 271 441 442 494 350 992 0 352 1087 456 621
442 501 425 334 332 1016 319 353 664 424 302 344 495 510 403 210 391 660 325 551 576 934 435 335 682 519 652 515 193 239 584 339 202 474 289 549 117 915 479 720 125 356 269 173 588 454 277 855 508 504 1079 547 260 345 259 494 1124 655 786 413 558 237 204 189 500 260 598 506 885 350 188 446 342 120 297 206 795 352 0 890 621 582
523 1236 618 1197 609 287 616 589 1400 616 644 1206 470 1245 1139 794 1126 323 624 1071 1034 68 520 1070 242 779 845 1250 1046 974 517 1074 1055 442 1142 810 881 186 1214 1022 890 1092 1004 1000 1324 1189 1012 126 1243 1239 214 1282 995 1126 994 1230 395 848 1061 606 1293 1089 1057 924 1235 1123 314 1242 45 1124 966 1182 1078 983 727 953 126 1087 890 0 882 842
592 930 293 891 406 1007 413 515 994 328 441 900 539 939 473 525 660 650 421 270 367 925 425 723 671 183 360 945 777 669 587 769 786 464 847 143 613 906 892 221 621 516 698 731 918 883 532 846 920 834 1071 977 689 820 688 924 1115 362 287 322 971 821 788 656 929 817 587 919 877 818 698 602 772 714 357 685 786 456 621 882 0 246
552 928 254 889 367 968 374 476 1092 288 402 898 500 937 638 486 818 610 382 435 398 886 386 762 632 124 320 942 738 667 547 767 747 424 834 174 573 867 906 325 582 681 696 692 1016 881 697 807 935 931 1032 974 687 818 686 922 1076 323 282 282 986 782 749 616 927 815 548 934 837 816 658 767 770 675 317 645 747 621 582 842 246 0
EOF