NAME : tsp_problem
TYPE : TSP
DIMENSION : 54
EDGE_WEIGHT_TYPE : EXPLICIT
EDGE_WEIGHT_FORMAT : FULL_MATRIX
EDGE_WEIGHT_SECTION
0 593 620 314 475 357 576 627 591 479 348 902 682 861 450 137 177 423 377 170 555 225 532 464 816 886 272 548 210 455 979 376 882 1078 684 526 111 600 595 376 621 285 622 109 1131 200 660 507 460 461 380 532 811 517
593 0 1147 796 1001 884 76 395 50 1005 874 897 491 845 976 710 459 200 904 649 551 752 492 990 800 870 364 78 585 981 963 266 866 1604 680 1053 638 367 437 272 388 374 408 665 1115 575 656 489 987 988 520 300 1338 516
620 1147 0 740 591 473 1130 884 1145 595 464 1455 939 1414 566 737 731 977 493 770 1109 714 788 580 1369 1440 826 1101 764 291 1532 930 1435 1170 1238 619 600 949 851 929 1172 838 878 692 1684 754 1214 1061 553 554 934 1083 904 773
314 796 740 0 657 539 779 422 794 661 530 1149 477 1108 632 431 425 671 560 464 803 103 326 646 1063 1133 519 750 457 574 1226 623 1129 1260 932 709 236 487 389 623 710 532 416 385 1378 448 908 755 643 644 627 621 994 311
475 1001 591 657 0 248 984 838 999 133 238 1310 893 1269 89 500 585 831 159 533 963 568 742 78 1224 1294 680 956 611 425 1386 784 1290 1025 1092 474 454 902 805 784 1029 693 832 515 1539 608 1068 915 408 409 788 940 759 727
357 884 473 539 248 0 866 720 881 252 41 1192 775 1151 223 404 467 713 150 436 845 450 624 237 1106 1176 562 838 500 307 1269 666 1172 908 974 356 337 785 687 666 911 575 714 419 1421 490 950 797 290 291 670 822 641 609
576 76 1130 779 984 866 0 378 74 988 857 880 474 828 959 693 442 183 887 632 534 735 475 973 783 853 347 60 567 964 945 249 848 1587 663 1036 621 350 420 254 371 357 390 647 1098 558 639 472 970 971 502 282 1321 499
627 395 884 422 838 720 378 0 392 842 711 999 392 947 813 744 493 302 740 683 653 416 117 826 902 972 466 349 619 718 1064 368 967 1424 782 873 549 288 216 373 309 365 52 698 1217 609 758 591 807 808 621 220 1158 141
591 50 1145 794 999 881 74 392 0 1003 872 895 489 842 974 708 456 198 901 647 548 750 490 988 797 868 362 75 582 979 960 264 863 1602 677 1050 636 365 434 269 386 372 405 662 1112 573 654 487 985 985 517 297 1336 513
479 1005 595 661 133 252 988 842 1003 0 243 1314 897 1273 109 504 589 835 163 537 967 572 746 122 1228 1298 684 960 615 429 1391 788 1294 1030 1096 478 459 907 809 788 1033 697 836 519 1543 612 1072 919 412 413 792 944 763 731
348 874 464 530 238 41 857 711 872 243 0 1183 766 1142 214 395 458 704 141 427 836 441 615 227 1097 1167 553 829 491 298 1260 657 1163 899 965 347 328 776 678 657 902 566 705 410 1412 481 941 788 281 282 661 813 632 600
902 897 1455 1149 1310 1192 880 999 895 1314 1183 0 1096 894 1285 1018 767 727 1212 958 403 1060 1097 1299 767 920 686 852 893 1290 862 680 765 1913 495 1361 946 972 1041 680 993 815 1012 973 432 883 283 673 1295 1296 548 904 1646 1120
682 491 939 477 893 775 474 392 489 897 766 1096 0 1043 868 799 590 398 795 780 749 471 296 882 998 1068 563 446 715 773 1161 464 1064 1479 878 928 604 182 225 470 288 462 424 754 1313 706 854 688 862 863 718 290 1213 281
861 845 1414 1108 1269 1151 828 947 842 1273 1142 894 1043 0 1244 977 726 675 1171 916 548 1019 1044 1258 273 60 634 799 852 1249 186 627 281 1872 677 1320 905 919 988 627 940 774 959 932 588 842 653 380 1254 1255 565 851 1605 1068
450 976 566 632 89 223 959 813 974 109 214 1285 868 1244 0 475 560 806 134 508 938 543 717 43 1199 1269 655 931 586 400 1362 759 1265 1001 1067 449 430 878 780 759 1004 668 807 490 1514 583 1043 890 383 384 763 915 734 702
137 710 737 431 500 404 693 744 708 504 395 1018 799 977 475 0 294 540 402 89 672 342 648 489 932 1003 389 664 168 572 1095 493 998 1182 801 630 228 717 711 492 738 401 738 72 1247 179 777 624 564 565 497 649 915 634
177 459 731 425 585 467 442 493 456 589 458 767 590 726 560 294 0 289 488 233 420 336 590 574 681 751 137 413 169 565 844 241 747 1188 549 637 222 465 535 241 487 150 506 249 996 159 526 373 571 572 245 398 922 614
423 200 977 671 831 713 183 302 198 835 704 727 398 675 806 540 289 0 734 479 381 582 399 820 630 700 194 154 415 811 792 121 696 1434 510 883 468 274 344 127 295 281 314 495 945 405 486 319 817 818 349 206 1168 423
377 904 493 560 159 150 887 740 901 163 141 1212 795 1171 134 402 488 734 0 435 865 471 644 148 1126 1196 582 858 513 328 1289 686 1192 928 994 376 357 805 707 686 932 595 734 418 1441 511 971 818 311 311 690 843 662 630
170 649 770 464 533 436 632 683 647 537 427 958 780 916 508 89 233 479 435 0 611 375 681 521 872 942 328 603 107 604 1034 432 937 1214 740 663 261 656 725 431 677 340 696 105 1186 118 716 563 597 598 436 588 948 666
555 551 1109 803 963 845 534 653 548 967 836 403 749 548 938 672 420 381 865 611 0 714 750 952 503 573 340 505 546 943 665 333 569 1566 186 1014 600 625 694 333 646 469 665 626 786 537 162 326 949 949 202 557 1300 774
225 752 714 103 568 450 735 416 750 572 441 1060 471 1019 543 342 336 582 471 375 714 0 320 557 974 1044 431 706 368 548 1137 534 1040 1171 843 620 147 481 383 534 704 443 410 297 1289 359 819 666 554 555 538 615 905 306
532 492 788 326 742 624 475 117 490 746 615 1097 296 1044 717 648 590 399 644 681 750 320 0 731 999 1069 564 446 675 623 1162 465 1065 1329 879 777 453 306 208 471 406 463 149 603 1314 665 855 689 711 712 719 317 1062 84
464 990 580 646 78 237 973 826 988 122 227 1299 882 1258 43 489 574 820 148 521 952 557 731 0 1213 1283 669 944 600 414 1375 773 1278 1014 1081 463 443 891 794 772 1018 682 821 504 1528 597 1057 904 397 398 777 929 748 716
816 800 1369 1063 1224 1106 783 902 797 1228 1097 767 998 273 1199 932 681 630 1126 872 503 974 999 1213 0 296 589 754 807 1204 200 582 103 1827 632 1275 860 874 943 582 895 729 914 887 352 797 608 335 1209 1210 520 806 1560 1023
886 870 1440 1133 1294 1176 853 972 868 1298 1167 920 1068 60 1269 1003 751 700 1196 942 573 1044 1069 1283 296 0 659 824 877 1274 187 653 283 1897 702 1345 931 944 1014 652 966 800 985 957 607 868 678 405 1280 1280 590 877 1631 1093
272 364 826 519 680 562 347 466 362 684 553 686 563 634 655 389 137 194 582 328 340 431 564 669 589 659 0 319 263 660 752 147 655 1283 469 731 317 439 508 147 460 186 479 343 904 254 445 278 666 666 281 371 1017 587
548 78 1101 750 956 838 60 349 75 960 829 852 446 799 931 664 413 154 858 603 505 706 446 944 754 824 319 0 539 936 917 220 820 1559 634 1007 592 322 391 226 343 328 362 619 1069 529 610 444 941 942 474 254 1292 470
210 585 764 457 611 500 567 619 582 615 491 893 715 852 586 168 169 415 513 107 546 368 675 600 807 877 263 539 0 598 970 367 873 1221 675 669 255 591 661 367 613 276 632 183 1122 122 652 499 604 604 371 524 955 660
455 981 291 574 425 307 964 718 979 429 298 1290 773 1249 400 572 565 811 328 604 943 548 623 414 1204 1274 660 936 598 0 1367 764 1270 1005 1072 453 435 783 686 764 1007 673 713 526 1519 588 1048 895 388 388 768 918 738 608
979 963 1532 1226 1386 1269 945 1064 960 1391 1260 862 1161 186 1362 1095 844 792 1289 1034 665 1137 1162 1375 200 187 752 917 970 1367 0 745 121 1990 794 1438 1023 1037 1106 745 1058 892 1077 1050 447 960 771 498 1372 1373 682 969 1723 1185
376 266 930 623 784 666 249 368 264 788 657 680 464 627 759 493 241 121 686 432 333 534 465 773 582 653 147 220 367 764 745 0 648 1387 462 835 421 340 410 108 361 289 380 447 897 357 438 272 770 770 302 272 1120 489
882 866 1435 1129 1290 1172 848 967 863 1294 1163 765 1064 281 1265 998 747 696 1192 937 569 1040 1065 1278 103 283 655 820 873 1270 121 648 0 1893 698 1341 926 940 1009 648 961 795 980 953 350 863 674 401 1275 1276 586 872 1626 1088
784 1310 876 966 731 614 1293 1130 1308 736 605 1619 1185 1578 707 887 894 1140 634 920 1272 877 1035 720 1533 1603 989 1265 927 711 1695 1093 1599 0 1401 428 763 1195 1098 1093 1338 1002 1125 855 1848 917 1377 1224 504 510 1097 1249 714 1020
684 680 1238 932 1092 974 663 782 677 1096 965 495 878 677 1067 801 549 510 994 740 186 843 879 1081 632 702 469 634 675 1072 794 462 698 1695 0 1143 729 754 823 462 775 598 794 755 878 666 253 455 1078 1078 331 686 1429 903
919 1446 1012 1102 867 749 1429 1266 1444 871 740 1754 1321 1713 842 1023 1030 1276 770 1056 1408 1013 1170 856 1668 1739 1125 1400 1063 846 1831 1228 1734 1095 1537 0 899 1331 1233 1228 1474 1137 1260 991 1983 1053 1513 1360 640 646 1233 1385 341 1155
111 638 600 236 454 337 621 549 636 459 328 946 604 905 430 228 222 468 357 261 600 147 453 443 860 931 317 592 255 435 1023 421 926 1058 729 506 0 614 516 420 666 329 543 183 1175 245 705 552 440 441 425 577 791 439
600 367 949 487 902 785 350 288 365 907 776 972 182 919 878 717 465 274 805 656 625 481 306 891 874 944 439 322 591 783 1037 340 940 1489 754 937 614 0 235 346 281 338 300 671 1189 582 730 564 872 872 594 192 1223 291
595 437 851 389 805 687 420 216 434 809 678 1041 225 988 780 711 535 344 707 725 694 383 208 794 943 1014 508 391 661 686 1106 410 1009 1392 823 840 516 235 0 415 351 407 229 666 1258 651 800 633 774 775 663 262 1125 193
376 272 929 623 784 666 254 373 269 788 657 680 470 627 759 492 241 127 686 431 333 534 471 772 582 652 147 226 367 764 745 108 648 1387 462 835 420 346 415 0 367 289 386 447 897 357 438 272 769 770 302 278 1120 494
621 388 1172 710 1029 911 371 309 386 1033 902 993 288 940 1004 738 487 295 932 677 646 704 406 1018 895 966 460 343 613 1007 1058 361 961 1632 775 1081 666 281 351 367 0 359 322 693 1210 603 751 585 1015 1016 615 115 1366 430
285 374 838 532 693 575 357 365 372 697 566 815 462 774 668 401 150 281 595 340 469 443 463 682 729 800 186 328 276 673 892 289 795 1296 598 744 329 338 407 289 359 0 378 356 1044 266 574 421 678 679 294 270 1029 486
622 408 878 416 832 714 390 52 405 836 705 1012 424 959 807 738 506 314 734 696 665 410 149 821 914 985 479 362 632 713 1077 380 980 1419 794 867 543 300 229 386 322 378 0 693 1229 622 770 604 801 802 634 233 1152 173
109 665 692 385 515 419 647 698 662 519 410 973 754 932 490 72 249 495 418 105 626 297 603 504 887 957 343 619 183 526 1050 447 953 1149 755 597 183 671 666 447 693 356 693 0 1202 195 732 579 532 532 451 604 883 588
1131 1115 1684 1378 1539 1421 1098 1217 1112 1543 1412 432 1313 588 1514 1247 996 945 1441 1186 786 1289 1314 1528 352 607 904 1069 1122 1519 447 897 350 2142 878 1590 1175 1189 1258 897 1210 1044 1229 1202 0 1112 666 650 1524 1525 835 1121 1875 1338
200 575 754 448 608 490 558 609 573 612 481 883 706 842 583 179 159 405 511 118 537 359 665 597 797 868 254 529 122 588 960 357 863 1211 666 660 245 582 651 357 603 266 622 195 1112 0 642 489 594 595 362 514 945 650
660 656 1214 908 1068 950 639 758 654 1072 941 283 854 653 1043 777 526 486 971 716 162 819 855 1057 608 678 445 610 652 1048 771 438 674 1671 253 1120 705 730 800 438 751 574 770 732 666 642 0 431 1054 1055 307 662 1405 879
507 489 1061 755 915 797 472 591 487 919 788 673 688 380 890 624 373 319 818 563 326 666 689 904 335 405 278 444 499 895 498 272 401 1518 455 967 552 564 633 272 585 421 604 579 650 489 431 0 901 902 295 496 1252 712
460 987 553 643 408 290 970 807 985 412 281 1295 862 1254 383 564 571 817 311 597 949 554 711 397 1209 1280 666 941 604 388 1372 770 1275 798 1078 247 440 872 774 769 1015 678 801 532 1524 594 1054 901 0 187 774 926 532 696
461 988 554 644 409 291 971 808 985 413 282 1296 863 1255 384 565 572 818 311 598 949 555 712 398 1210 1280 666 942 604 388 1373 770 1276 804 1078 252 441 872 775 770 1016 679 802 532 1525 595 1055 902 187 0 774 927 538 697
380 520 934 627 788 670 502 621 517 792 661 548 718 565 763 497 245 349 690 436 202 538 719 777 520 590 281 474 371 768 682 302 586 1391 331 839 425 594 663 302 615 294 634 451 835 362 307 295 774 774 0 526 1125 742
532 300 1083 621 940 822 282 220 297 944 813 904 290 851 915 649 398 206 843 588 557 615 317 929 806 877 371 254 524 918 969 272 872 1543 686 992 577 192 262 278 115 270 233 604 1121 514 662 496 926 927 526 0 1277 341
829 1355 921 1011 776 659 1338 1175 1353 780 649 1664 1230 1622 751 932 939 1185 679 965 1317 922 1079 765 1578 1648 1034 1309 972 756 1740 1138 1643 1004 1446 473 808 1240 1142 1137 1383 1046 1169 900 1892 962 1422 1269 549 555 1142 1294 0 1065
517 516 773 311 727 609 499 141 513 731 600 1120 281 1068 702 634 614 423 630 666 774 306 84 716 1023 1093 587 470 660 608 1185 489 1088 1314 903 762 439 291 193 494 430 486 173 588 1338 650 879 712 696 697 742 341 1047 0
EOF