NAME : tsp_problem
TYPE : TSP
DIMENSION : 26
EDGE_WEIGHT_TYPE : EXPLICIT
EDGE_WEIGHT_FORMAT : FULL_MATRIX
EDGE_WEIGHT_SECTION
0 345 76 850 845 320 410 463 852 1017 988 828 976 966 1037 942 342 920 848 818 1021 666 834 597 369 414
345 0 301 604 655 413 503 555 562 726 798 582 686 675 746 651 434 630 658 629 730 376 588 307 462 506
76 301 0 805 800 276 366 418 808 973 944 784 932 922 992 897 297 876 804 774 976 622 790 553 325 369
850 604 805 0 1202 610 703 542 602 767 1346 49 727 716 787 692 796 670 1205 1164 771 416 77 564 509 700
845 655 800 1202 0 913 1003 1055 1160 1325 496 1181 1284 1274 1345 1250 934 1228 54 856 1329 974 1187 905 962 1006
320 413 276 610 913 0 297 223 823 988 1056 589 931 937 992 897 266 892 916 886 975 666 595 597 255 300
410 503 366 703 1003 297 0 192 916 1081 1146 681 1024 1030 1084 989 167 984 1006 977 1068 757 687 688 346 97
463 555 418 542 1055 223 192 0 755 920 1198 521 863 869 924 829 298 824 1058 1029 907 620 527 740 262 190
852 562 808 602 1160 823 916 755 0 251 1303 580 289 200 349 254 874 176 1163 1122 333 229 587 393 722 913
1017 726 973 767 1325 988 1081 920 251 0 1468 745 454 150 514 419 1039 341 1328 1287 498 394 752 616 887 1078
988 798 944 1346 496 1056 1146 1198 1303 1468 0 1324 1428 1417 1488 1393 1077 1372 499 636 1472 1117 1330 1048 1105 1149
828 582 784 49 1181 589 681 521 580 745 1324 0 705 694 765 670 774 649 1184 1143 749 394 94 542 487 679
976 686 932 727 1284 931 1024 863 289 454 1428 705 0 403 153 93 998 357 1288 1247 250 354 711 646 830 1021
966 675 922 716 1274 937 1030 869 200 150 1417 694 403 0 463 368 988 290 1277 1236 447 343 700 565 836 1027
1037 746 992 787 1345 992 1084 924 349 514 1488 765 153 463 0 153 1058 418 1348 1307 310 414 771 707 890 1082
942 651 897 692 1250 897 989 829 254 419 1393 670 93 368 153 0 963 323 1253 1212 215 319 676 612 795 987
342 434 297 796 934 266 167 298 874 1039 1077 774 998 988 1058 963 0 942 937 908 1042 688 780 619 315 170
920 630 876 670 1228 892 984 824 176 341 1372 649 357 290 418 323 942 0 1232 1191 402 298 655 541 790 982
848 658 804 1205 54 916 1006 1058 1163 1328 499 1184 1288 1277 1348 1253 937 1232 0 859 1332 977 1190 908 965 1009
818 629 774 1164 856 886 977 1029 1122 1287 636 1143 1247 1236 1307 1212 908 1191 859 0 1291 936 1149 867 935 980
1430 1139 1385 1180 1738 1385 1477 1317 742 907 1881 1158 659 856 719 624 1451 811 1741 1700 0 807 1164 1100 1283 1475
666 376 622 416 974 666 757 620 229 394 1117 394 354 343 414 319 688 298 977 936 398 0 401 336 587 760
834 588 790 77 1187 595 687 527 587 752 1330 94 711 700 771 676 780 655 1190 1149 755 401 0 549 493 685
597 307 553 564 905 597 688 740 393 616 1048 542 646 565 707 612 619 541 908 867 690 336 549 0 646 691
369 462 325 509 962 255 346 262 722 887 1105 487 830 836 890 795 315 790 965 935 874 587 493 646 0 349
414 506 369 700 1006 300 97 190 913 1078 1149 679 1021 1027 1082 987 170 982 1009 980 1065 760 685 691 349 0
EOF