NAME : tsp_problem
TYPE : TSP
DIMENSION : 40
EDGE_WEIGHT_TYPE : EXPLICIT
EDGE_WEIGHT_FORMAT : FULL_MATRIX
EDGE_WEIGHT_SECTION
0 492 471 579 813 378 411 544 858 639 419 583 215 227 427 756 889 81 807 584 760 635 730 761 777 224 355 758 68 615 373 75 440 1195 153 594 435 808 410 225
492 0 774 882 1116 707 360 847 1161 942 735 900 531 431 756 1060 1192 453 1110 887 1063 952 1033 1064 1094 541 658 1074 531 918 690 538 769 1499 616 911 752 1111 739 542
471 774 0 233 425 818 693 148 470 251 508 607 371 364 867 369 501 432 419 223 372 724 342 373 440 296 271 445 509 227 530 517 879 808 595 588 524 420 849 301
579 882 233 0 615 925 801 163 581 455 616 780 479 472 975 480 691 540 609 53 562 832 532 563 644 404 379 649 617 345 638 625 987 998 703 791 632 553 957 409
813 1116 425 615 0 1159 1035 532 351 333 850 735 713 706 1209 250 174 773 89 605 96 912 114 93 567 638 613 572 851 309 872 859 1221 481 936 716 866 302 1191 643
378 707 818 925 1159 0 626 890 1204 986 767 932 563 531 137 1103 1235 429 1153 931 1106 984 1076 1107 1126 573 701 1106 329 961 722 347 108 1542 359 943 784 1154 104 574
411 360 693 801 1035 626 0 766 1080 861 655 819 450 350 676 979 1111 372 1029 807 982 871 952 983 1013 460 577 994 450 837 609 457 688 1418 535 830 671 1030 658 461
544 847 148 163 532 890 766 0 498 371 581 727 444 437 940 397 607 505 526 154 479 797 449 480 559 369 344 564 582 262 603 590 952 914 668 708 597 470 922 374
858 1161 470 581 351 1204 1080 498 0 378 895 796 758 751 1254 124 427 818 346 572 299 973 269 300 629 683 658 634 896 354 917 904 1266 734 982 777 911 290 1236 688
639 942 251 455 333 986 861 371 378 0 676 447 540 532 1035 277 409 600 327 446 280 624 250 281 280 464 439 285 677 135 698 685 1047 716 763 428 692 328 1018 470
419 735 508 616 850 767 655 581 895 676 0 294 250 470 817 793 925 379 844 621 797 280 767 798 488 328 278 469 457 652 195 465 829 1232 543 305 128 845 799 329
583 900 607 780 735 932 819 727 796 447 294 0 414 634 981 695 811 544 729 786 682 323 652 683 248 493 442 204 621 554 360 629 993 1118 707 85 310 747 963 494
215 531 371 479 713 563 450 444 758 540 250 414 0 266 613 657 789 175 707 485 660 466 630 661 609 124 255 589 253 515 205 261 625 1096 339 426 266 708 595 125
227 431 364 472 706 531 350 437 751 532 470 634 266 0 581 650 782 187 700 478 653 686 623 654 721 273 248 726 265 508 424 272 593 1089 350 645 486 701 563 276
427 756 867 975 1209 137 676 940 1254 1035 817 981 613 581 0 1152 1285 479 1203 980 1156 1033 1126 1157 1175 622 751 1156 379 1011 771 396 199 1591 408 992 833 1204 169 623
756 1060 369 480 250 1103 979 397 124 277 793 695 657 650 1152 0 326 717 244 471 197 872 167 198 528 582 557 533 795 252 816 802 1165 633 880 676 810 188 1135 587
1337 1641 950 1140 623 1684 1560 1056 876 858 1374 1260 1238 1231 1733 775 0 1298 617 1130 621 1437 638 618 1092 1163 1138 1097 1376 833 1396 1383 1746 351 1461 1241 1391 826 1716 1168
81 453 432 540 773 429 372 505 818 600 379 544 175 187 479 717 849 0 768 545 721 596 691 722 738 185 315 718 119 576 334 127 491 1156 205 555 396 769 461 186
807 1110 419 609 89 1153 1029 526 346 327 844 729 707 700 1203 244 169 768 0 600 90 906 108 87 562 632 607 567 845 303 866 853 1215 475 931 710 860 296 1185 637
584 887 223 53 605 931 807 154 572 446 621 786 485 478 980 471 681 545 600 0 553 837 523 554 634 410 385 639 623 336 643 630 993 988 708 783 637 544 963 415
760 1063 372 562 96 1106 982 479 299 280 797 682 660 653 1156 197 172 721 90 553 0 859 68 47 515 585 560 520 798 256 819 806 1168 479 884 663 813 249 1138 590
635 952 724 832 912 984 871 797 973 624 280 323 466 686 1033 872 988 596 906 837 859 0 829 860 424 545 494 380 673 731 412 681 1045 1295 759 304 271 924 1015 546
730 1033 342 532 114 1076 952 449 269 250 767 652 630 623 1126 167 190 691 108 523 68 829 0 65 485 555 530 490 768 226 789 776 1138 496 854 633 783 219 1108 560
761 1064 373 563 93 1107 983 480 300 281 798 683 661 654 1157 198 169 722 87 554 47 860 65 0 516 586 561 521 799 257 820 807 1169 476 885 664 814 250 1139 591
777 1094 440 644 567 1126 1013 559 629 280 488 248 609 721 1175 528 643 738 562 634 515 424 485 516 0 653 628 85 816 386 554 823 1188 950 901 228 505 579 1158 658
224 541 296 404 638 573 460 369 683 464 328 493 124 273 622 582 714 185 632 410 585 545 555 586 653 0 180 658 262 440 283 270 634 1021 348 504 345 633 604 86
355 658 271 379 613 701 577 344 658 439 278 442 255 248 751 557 689 315 607 385 560 494 530 561 628 180 0 617 393 415 343 401 763 996 479 453 294 608 733 185
758 1074 445 649 572 1106 994 564 634 285 469 204 589 726 1156 533 648 718 567 639 520 380 490 521 85 658 617 0 796 391 534 804 1168 955 882 184 485 584 1138 663
68 531 509 617 851 329 450 582 896 677 457 621 253 265 379 795 927 119 845 623 798 673 768 799 816 262 393 796 0 653 412 62 391 1234 104 632 473 846 361 263
615 918 227 345 309 961 837 262 354 135 652 554 515 508 1011 252 385 576 303 336 256 731 226 257 386 440 415 391 653 0 674 661 1023 691 739 534 668 304 993 445
373 690 530 638 872 722 609 603 917 698 195 360 205 424 771 816 948 334 866 643 819 412 789 820 554 283 343 534 412 674 0 419 784 1255 497 371 212 867 754 284
75 538 517 625 859 347 457 590 904 685 465 629 261 272 396 802 934 127 853 630 806 681 776 807 823 270 401 804 62 661 419 0 409 1241 122 640 481 854 379 271
440 769 879 987 1221 108 688 952 1266 1047 829 993 625 593 199 1165 1297 491 1215 993 1168 1045 1138 1169 1188 634 763 1168 391 1023 784 409 0 1604 421 1004 845 1216 51 635
1213 1516 825 1015 498 1559 1435 932 751 733 1250 1135 1113 1106 1609 650 428 1173 493 1006 496 1312 514 493 967 1038 1013 972 1251 709 1272 1259 1621 0 1336 1116 1266 702 1591 1043
153 616 595 703 936 359 535 668 982 763 543 707 339 350 408 880 1012 205 931 708 884 759 854 885 901 348 479 882 104 739 497 122 421 1319 0 718 559 932 391 349
594 911 588 791 716 943 830 708 777 428 305 85 426 645 992 676 792 555 710 783 663 304 633 664 228 504 453 184 632 534 371 640 1004 1099 718 0 321 727 974 505
435 752 524 632 866 784 671 597 911 692 128 310 266 486 833 810 942 396 860 637 813 271 783 814 505 345 294 485 473 668 212 481 845 1249 559 321 0 861 815 346
808 1111 420 553 302 1154 1030 470 290 328 845 747 708 701 1204 188 377 769 296 544 249 924 219 250 579 633 608 584 846 304 867 854 1216 684 932 727 861 0 1186 638
410 739 849 957 1191 104 658 922 1236 1018 799 963 595 563 169 1135 1267 461 1185 963 1138 1015 1108 1139 1158 604 733 1138 361 993 754 379 51 1574 391 974 815 1186 0 605
225 542 301 409 643 574 461 374 688 470 329 494 125 276 623 587 719 186 637 415 590 546 560 591 658 86 185 663 263 445 284 271 635 1026 349 505 346 638 605 0
EOF