NAME : tsp_problem
TYPE : TSP
DIMENSION : 30
EDGE_WEIGHT_TYPE : EXPLICIT
EDGE_WEIGHT_FORMAT : FULL_MATRIX
EDGE_WEIGHT_SECTION
0 332 250 725 760 562 595 851 726 765 492 808 500 466 506 855 601 388 702 357 482 729 569 695 310 1072 843 315 385 337
332 0 147 880 1015 509 541 1007 882 937 753 980 446 412 452 1011 547 334 649 329 778 885 725 867 257 1018 999 261 331 633
250 147 0 772 907 401 433 899 774 829 644 872 338 304 344 903 439 226 540 297 697 777 616 759 149 910 891 153 223 551
725 880 772 0 405 759 633 295 21 304 266 348 477 579 471 300 797 569 261 742 601 24 196 235 789 1266 288 793 662 421
760 1015 907 405 0 893 768 477 409 384 400 427 611 714 605 481 932 704 639 777 673 404 372 314 924 1401 469 928 797 456
562 509 401 759 893 0 213 885 761 815 631 859 325 223 331 890 77 370 527 610 771 763 603 746 350 548 878 354 223 786
595 541 433 633 768 213 0 760 635 690 506 733 199 255 205 764 252 245 402 642 646 638 478 620 382 698 752 386 255 661
851 1007 899 295 477 885 760 0 299 376 392 420 603 705 597 77 924 696 539 868 727 295 364 307 916 1393 65 920 789 547
726 882 774 21 409 761 635 299 0 308 267 352 478 581 472 304 799 571 263 744 603 26 197 238 791 1268 292 795 664 422
765 937 829 304 384 815 690 376 308 0 322 84 533 635 527 381 854 626 547 782 657 304 294 107 846 1323 369 850 719 461
492 753 644 266 400 631 506 392 267 322 0 366 349 451 343 396 670 441 376 510 405 270 110 253 661 1139 384 666 535 188
808 980 872 348 427 859 733 420 352 84 366 0 577 679 571 424 897 669 591 825 701 347 338 151 889 1366 412 893 762 504
500 446 338 477 611 325 199 603 478 533 349 577 0 145 60 607 363 135 245 547 489 481 321 463 355 832 595 359 228 504
466 412 304 579 714 223 255 705 581 635 451 679 145 0 151 710 262 190 347 513 591 583 423 566 254 733 698 258 127 606
506 452 344 471 605 331 205 597 472 527 343 571 60 151 0 601 370 141 239 553 483 475 315 457 361 838 589 365 234 498
855 1011 903 300 481 890 764 77 304 381 396 424 607 710 601 0 928 700 543 873 732 299 368 311 920 1397 69 924 793 552
601 547 439 797 932 77 252 924 799 854 670 897 363 262 370 928 0 409 566 648 810 802 642 784 389 495 916 393 262 825
388 334 226 569 704 370 245 696 571 626 441 669 135 190 141 700 409 0 337 435 582 574 413 556 287 878 688 291 274 597
702 649 540 261 639 527 402 539 263 547 376 591 245 347 239 543 566 337 0 749 516 265 308 478 557 1034 531 562 431 531
357 329 297 742 777 610 642 868 744 782 510 825 547 513 553 873 648 435 749 0 499 746 586 712 358 1119 861 362 432 354
482 778 697 601 673 771 646 727 603 657 405 701 489 591 483 732 810 582 516 499 0 605 445 588 757 1279 720 761 675 249
729 885 777 24 404 763 638 295 26 304 270 347 481 583 475 299 802 574 265 746 605 0 200 234 794 1271 287 798 667 425
569 725 616 196 372 603 478 364 197 294 110 338 321 423 315 368 642 413 308 586 445 200 0 225 633 1111 356 638 507 265
695 867 759 235 314 746 620 307 238 107 253 151 463 566 457 311 784 556 478 712 588 234 225 0 776 1253 299 780 649 391
310 257 149 789 924 350 382 916 791 846 661 889 355 254 361 920 389 287 557 358 757 794 633 776 0 859 908 39 173 612
1072 1018 910 1266 1401 548 698 1393 1268 1323 1139 1366 832 733 838 1397 495 878 1034 1119 1279 1271 1111 1253 859 0 1385 864 733 1294
843 999 891 288 469 878 752 65 292 369 384 412 595 698 589 69 916 688 531 861 720 287 356 299 908 1385 0 912 781 539
315 261 153 793 928 354 386 920 795 850 666 893 359 258 365 924 393 291 562 362 761 798 638 780 39 864 912 0 177 616
385 331 223 662 797 223 255 789 664 719 535 762 228 127 234 793 262 274 431 432 675 667 507 649 173 733 781 177 0 686
337 633 551 421 456 786 661 547 422 461 188 504 504 606 498 552 825 597 531 354 249 425 265 391 612 1294 539 616 686 0
EOF