NAME : tsp_problem
TYPE : TSP
DIMENSION : 44
EDGE_WEIGHT_TYPE : EXPLICIT
EDGE_WEIGHT_FORMAT : FULL_MATRIX
EDGE_WEIGHT_SECTION
0 681 675 1470 710 357 162 685 604 734 314 978 628 1175 435 987 188 506 700 426 1089 464 660 562 1258 390 740 675 732 677 507 654 1118 508 523 351 690 636 816 1076 580 99 612 606
681 0 189 1656 855 963 768 391 560 440 670 1152 816 1361 983 1173 793 976 406 332 1275 281 676 530 1444 996 545 189 134 383 775 670 1304 414 993 349 396 605 1004 1262 472 615 662 411
675 189 0 1650 850 957 762 385 554 434 665 1147 811 1356 977 1167 788 971 400 326 1269 275 670 525 1438 990 539 43 241 377 769 664 1298 408 987 343 390 599 998 1257 466 609 657 405
1470 1656 1650 0 872 1430 1396 1644 1366 1693 1528 605 868 558 1301 508 1370 1227 1659 1385 725 1423 1054 1323 511 1366 1799 1650 1708 1636 1025 1051 501 1337 1243 1601 1649 1246 672 719 1444 1553 1050 1665
710 855 850 872 0 670 636 844 565 892 727 315 168 581 541 393 610 467 858 584 495 622 200 523 664 606 998 850 907 835 265 207 524 536 484 800 848 445 304 482 643 793 290 864
357 963 957 1430 670 0 310 968 821 1016 596 937 588 1135 205 946 336 466 982 708 1048 747 620 779 1218 88 1023 957 1015 960 467 614 1077 790 482 634 972 701 776 1036 863 381 571 888
162 768 762 1396 636 310 0 773 692 821 401 903 554 1101 360 912 80 431 787 513 1014 551 586 649 1183 343 828 762 820 764 433 580 1043 595 448 439 777 667 742 1002 667 186 537 693
685 391 385 1644 844 968 773 0 469 135 658 1140 804 1349 971 1161 798 964 66 320 1263 269 664 499 1432 1000 556 385 443 78 763 658 1292 402 981 361 84 593 992 1250 381 619 650 422
604 560 554 1366 565 821 692 469 0 518 445 862 526 1071 692 882 717 686 484 258 984 340 385 68 1154 758 716 554 612 461 485 379 1013 217 703 518 474 164 714 972 117 538 372 581
734 440 434 1693 892 1016 821 135 518 0 707 1189 853 1398 1019 1209 846 1013 149 368 1311 317 712 547 1481 1048 605 434 491 126 811 706 1340 450 1030 409 139 641 1041 1299 430 667 699 471
314 670 665 1528 727 596 401 658 445 707 0 1024 688 1233 733 1044 426 804 673 399 1146 437 548 402 1316 629 750 664 722 650 647 541 1176 351 820 361 663 477 876 1134 458 248 534 616
978 1152 1147 605 315 937 903 1140 862 1189 1024 0 436 849 808 660 878 734 1155 881 762 919 497 820 932 874 1295 1147 1204 1132 533 503 791 833 751 1097 1145 742 571 750 940 1061 558 1161
628 816 811 868 168 588 554 804 526 853 688 436 0 573 459 385 529 385 819 545 487 583 240 484 656 524 959 811 868 796 184 233 516 497 402 761 809 406 214 475 604 711 208 825
1175 1361 1356 558 581 1135 1101 1349 1071 1398 1233 849 573 0 1006 213 1075 932 1364 1090 189 1128 762 1028 121 1071 1504 1355 1413 1341 730 756 82 1042 948 1306 1354 951 377 199 1149 1258 755 1370
435 983 977 1301 541 205 360 971 692 1019 733 808 459 1006 0 817 335 336 985 711 919 750 491 650 1089 141 1125 977 1034 963 338 485 948 663 353 770 975 572 647 907 771 518 442 991
987 1173 1167 508 393 946 912 1161 882 1209 1044 660 385 213 817 0 887 743 1175 901 247 940 573 840 296 882 1315 1167 1224 1153 542 567 156 853 760 1117 1165 762 189 235 960 1069 566 1181
188 793 788 1370 610 336 80 798 717 846 426 878 529 1075 335 887 0 406 812 538 989 577 561 674 1158 364 853 788 845 790 408 554 1018 620 423 464 802 642 716 977 693 211 512 719
506 976 971 1227 467 466 431 964 686 1013 804 734 385 932 336 743 406 0 979 705 845 743 485 644 1015 402 1119 971 1028 956 264 478 874 657 53 841 969 566 573 833 764 589 368 985
700 406 400 1659 858 982 787 66 484 149 673 1155 819 1364 985 1175 812 979 0 334 1277 283 678 513 1447 1015 571 400 457 71 778 672 1306 416 996 375 62 607 1007 1265 396 634 665 437
426 332 326 1385 584 708 513 320 258 368 399 881 545 1090 711 901 538 705 334 0 1003 99 404 259 1173 740 474 326 383 312 503 398 1032 142 721 277 324 333 733 991 170 359 391 340
1089 1275 1269 725 495 1048 1014 1263 984 1311 1146 762 487 189 919 247 989 845 1277 1003 0 1042 675 942 234 984 1417 1269 1326 1255 644 669 250 955 862 1220 1267 864 291 53 1063 1171 668 1283
464 281 275 1423 622 747 551 269 340 317 437 919 583 1128 750 940 577 743 283 99 1042 0 443 297 1211 779 423 275 332 261 542 437 1071 181 760 228 273 372 771 1029 253 398 429 289
660 676 670 1054 200 620 586 664 385 712 548 497 240 762 491 573 561 485 678 404 675 443 0 343 845 556 818 670 727 656 283 70 704 356 501 621 668 265 427 663 464 641 170 684
562 530 525 1323 523 779 649 499 68 547 402 820 484 1028 650 840 674 644 513 259 942 297 343 0 1111 715 673 525 582 491 442 337 971 211 660 475 503 194 671 930 147 496 330 539
1258 1444 1438 511 664 1218 1183 1432 1154 1481 1316 932 656 121 1089 296 1158 1015 1447 1173 234 1211 845 1111 0 1154 1587 1438 1496 1424 813 839 182 1125 1031 1389 1437 1034 460 245 1232 1341 838 1453
390 996 990 1366 606 88 343 1000 758 1048 629 874 524 1071 141 882 364 402 1015 740 984 779 556 715 1154 0 1055 990 1047 992 403 550 1013 728 418 666 1004 637 712 972 836 414 507 921
740 545 539 1799 998 1023 828 556 716 605 750 1295 959 1504 1125 1315 853 1119 571 474 1417 423 818 673 1587 1055 0 539 597 548 918 812 1446 556 1136 409 561 747 1147 1405 629 674 805 297
675 189 43 1650 850 957 762 385 554 434 664 1147 811 1355 977 1167 788 971 400 326 1269 275 670 525 1438 990 539 0 241 377 769 664 1298 408 987 343 390 599 998 1257 466 609 656 405
732 134 241 1708 907 1015 820 443 612 491 722 1204 868 1413 1034 1224 845 1028 457 383 1326 332 727 582 1496 1047 597 241 0 435 827 721 1355 465 1045 401 447 656 1056 1314 523 666 714 462
677 383 377 1636 835 960 764 78 461 126 650 1132 796 1341 963 1153 790 956 71 312 1255 261 656 491 1424 992 548 377 435 0 755 650 1284 394 973 353 83 585 984 1242 373 611 642 414
507 775 769 1025 265 467 433 763 485 811 647 533 184 730 338 542 408 264 778 503 644 542 283 442 813 403 918 769 827 755 0 277 673 455 281 720 768 364 371 632 563 590 167 783
654 670 664 1051 207 614 580 658 379 706 541 503 233 756 485 567 554 478 672 398 669 437 70 337 839 550 812 664 721 650 277 0 698 350 495 614 662 259 421 657 458 635 164 678
1118 1304 1298 501 524 1077 1043 1292 1013 1340 1176 791 516 82 948 156 1018 874 1306 1032 250 1071 704 971 182 1013 1446 1298 1355 1284 673 698 0 984 891 1249 1296 893 320 261 1092 1200 698 1312
508 414 408 1337 536 790 595 402 217 450 351 833 497 1042 663 853 620 657 416 142 955 181 356 211 1125 728 556 408 465 394 455 350 984 0 674 359 406 285 685 943 165 441 343 422
523 993 987 1243 484 482 448 981 703 1030 820 751 402 948 353 760 423 53 996 721 862 760 501 660 1031 418 1136 987 1045 973 281 495 891 674 0 858 986 583 589 850 781 605 385 1001
351 349 343 1601 800 634 439 361 518 409 361 1097 761 1306 770 1117 464 841 375 277 1220 228 621 475 1389 666 409 343 401 353 720 614 1249 359 858 0 365 550 949 1207 431 285 607 274
690 396 390 1649 848 972 777 84 474 139 663 1145 809 1354 975 1165 802 969 62 324 1267 273 668 503 1437 1004 561 390 447 83 768 662 1296 406 986 365 0 597 997 1255 386 624 655 427
636 605 599 1246 445 701 667 593 164 641 477 742 406 951 572 762 642 566 607 333 864 372 265 194 1034 637 747 599 656 585 364 259 893 285 583 550 597 0 594 852 243 570 252 613
816 1004 998 672 304 776 742 992 714 1041 876 571 214 377 647 189 716 573 1007 733 291 771 427 671 460 712 1147 998 1056 984 371 421 320 685 589 949 997 594 0 278 792 899 396 1013
1076 1262 1257 719 482 1036 1002 1250 972 1299 1134 750 475 199 907 235 977 833 1265 991 53 1029 663 930 245 972 1405 1257 1314 1242 632 657 261 943 850 1207 1255 852 278 0 1050 1159 656 1271
580 472 466 1444 643 863 667 381 117 430 458 940 604 1149 771 960 693 764 396 170 1063 253 464 147 1232 836 629 466 523 373 563 458 1092 165 781 431 386 243 792 1050 0 514 450 495
99 615 609 1553 793 381 186 619 538 667 248 1061 711 1258 518 1069 211 589 634 359 1171 398 641 496 1341 414 674 609 666 611 590 635 1200 441 605 285 624 570 899 1159 514 0 628 540
612 662 657 1050 290 571 537 650 372 699 534 558 208 755 442 566 512 368 665 391 668 429 170 330 838 507 805 656 714 642 167 164 698 343 385 607 655 252 396 656 450 628 0 671
606 411 405 1665 864 888 693 422 581 471 616 1161 825 1370 991 1181 719 985 437 340 1283 289 684 539 1453 921 297 405 462 414 783 678 1312 422 1001 274 427 613 1013 1271 495 540 671 0
EOF