NAME : tsp_problem
TYPE : TSP
DIMENSION : 66
EDGE_WEIGHT_TYPE : EXPLICIT
EDGE_WEIGHT_FORMAT : FULL_MATRIX
EDGE_WEIGHT_SECTION
0 988 1612 705 522 983 266 1013 794 334 379 362 908 1029 760 945 337 487 453 272 1185 479 512 818 689 830 563 838 309 889 528 568 788 803 490 412 1023 1129 447 351 1011 418 841 482 1648 69 873 991 346 438 568 495 835 739 384 568 622 360 82 613 986 474 752 774 850 875
988 0 809 445 898 185 768 1426 453 874 832 676 318 1442 1162 147 870 901 627 762 594 894 769 227 1102 240 978 248 938 142 919 742 398 447 751 661 433 538 755 980 1423 643 533 897 845 942 1286 193 975 971 756 714 528 349 1014 590 641 903 964 1027 396 728 279 1187 1263 1287
1310 507 0 767 1220 507 1089 1748 775 1196 1154 998 640 1763 1483 469 1192 1223 949 1084 916 1215 1091 549 1424 562 1300 570 1260 464 1241 1064 720 769 1073 983 755 860 1077 1302 1745 965 855 1219 1026 1264 1608 515 1297 1293 1078 1036 850 671 1336 912 963 1224 1286 1349 717 1050 601 1509 1585 1609
705 445 1069 0 762 440 485 1143 113 681 696 393 252 1159 879 402 684 619 344 479 642 611 486 275 819 287 695 295 655 347 783 459 177 121 615 378 481 586 619 697 1140 360 256 614 1106 659 1003 448 692 784 473 578 251 196 731 287 232 707 681 744 443 592 209 904 980 1004
522 898 1522 762 0 893 497 1244 784 384 315 593 835 1260 992 855 213 718 577 503 1012 710 743 710 920 756 794 764 240 800 56 731 714 778 234 532 950 956 238 247 1242 538 864 713 1559 476 1104 902 247 108 745 466 859 665 244 731 786 245 498 844 912 480 679 1005 1082 1106
983 185 809 440 893 0 763 1421 448 869 827 671 313 1437 1157 79 865 896 622 757 589 889 764 222 1097 235 973 243 933 137 914 737 393 442 746 656 428 533 750 975 1418 638 528 892 845 937 1281 26 970 966 751 709 523 344 1009 585 636 898 959 1022 391 723 274 1182 1258 1282
266 768 1391 485 497 763 0 793 574 309 354 141 688 808 540 725 312 266 233 95 964 259 291 597 469 609 343 617 284 669 503 348 567 582 465 266 803 909 422 326 790 248 620 262 1428 220 653 771 321 413 348 471 614 518 360 347 402 335 242 392 765 449 532 554 630 654
1013 1426 2050 1143 1244 1421 793 0 1233 1057 1101 802 1347 188 928 1383 1059 551 891 787 1623 670 735 1256 353 1268 469 1276 1031 1327 1250 762 1226 1241 1212 924 1461 1567 1170 1073 308 907 1279 550 2086 967 161 1429 1068 1160 748 1218 1273 1177 1107 1006 1061 1083 990 419 1424 1196 1190 255 215 160
794 453 1077 113 784 448 574 1233 0 760 719 482 168 1248 968 410 756 708 434 569 665 700 575 297 908 254 784 247 745 355 805 549 94 87 637 467 410 609 641 787 1230 450 173 703 1114 748 1092 457 782 857 562 600 168 143 821 271 217 789 771 834 372 614 232 993 1070 1094
334 874 1498 681 384 869 309 1057 760 0 100 405 811 1072 804 831 199 530 390 315 988 522 555 686 733 733 607 741 171 776 390 544 691 754 211 345 926 932 169 249 1054 350 816 525 1535 288 917 878 250 300 557 187 811 642 247 544 598 222 311 656 888 165 655 817 894 918
379 832 1456 696 315 827 354 1101 719 100 0 449 769 1117 848 790 243 575 434 360 946 567 600 645 777 691 651 699 215 734 336 588 649 713 140 389 884 890 97 293 1099 395 798 570 1493 332 961 836 294 344 601 261 793 600 291 588 643 267 355 700 847 239 613 862 938 962
362 676 1300 393 593 671 141 802 482 405 449 0 596 817 549 633 408 275 141 136 873 267 282 505 478 518 351 526 379 577 599 256 476 491 561 174 711 817 518 421 799 156 528 270 1336 315 662 679 417 509 269 566 523 427 455 255 310 431 338 401 673 544 440 562 639 663
908 318 942 252 835 313 688 1347 168 811 769 596 0 1362 1082 275 807 822 548 682 538 814 689 171 1022 119 898 112 859 220 856 663 169 162 688 581 275 482 692 901 1344 563 248 817 979 862 1206 322 896 908 676 651 243 219 935 410 356 839 885 948 237 665 199 1107 1184 1208
1029 1442 2065 1159 1260 1437 808 188 1248 1072 1117 817 1362 0 943 1399 1075 567 906 803 1638 686 751 1271 369 1283 484 1291 1047 1343 1266 777 1241 1256 1228 940 1477 1583 1185 1089 281 922 1294 566 2102 983 274 1445 1084 1176 764 1233 1288 1192 1122 1021 1076 1098 1005 434 1439 1212 1206 306 388 333
760 1162 1785 879 992 1157 540 928 968 804 848 549 1082 943 0 1119 806 535 627 534 1358 527 414 991 604 1003 607 1011 778 1063 997 440 961 976 959 660 1197 1303 917 820 925 642 1014 531 1822 714 788 1165 815 907 426 965 1008 912 854 741 796 830 737 557 1159 943 926 689 765 789
945 147 771 402 855 79 725 1383 410 831 790 633 275 1399 1119 0 827 858 584 719 551 851 726 184 1059 197 935 205 895 99 876 699 355 404 708 618 390 495 712 937 1380 600 490 854 807 899 1243 87 932 928 713 671 485 306 971 547 598 860 921 984 353 685 236 1144 1220 1244
337 870 1494 684 213 865 312 1059 756 199 243 408 807 1075 806 827 0 533 392 318 984 525 558 682 735 728 609 736 173 772 234 546 686 750 206 347 922 928 210 252 1057 353 819 528 1531 291 919 874 252 285 560 360 813 637 249 546 601 57 313 659 884 338 651 820 896 921
487 901 1525 619 718 896 266 551 708 530 575 275 822 567 535 858 533 0 366 261 1098 144 287 731 227 743 101 751 504 803 724 357 701 716 686 400 937 1043 643 547 549 382 754 59 1562 441 411 905 542 634 343 691 748 652 580 481 536 556 463 151 899 670 665 312 389 413
453 627 1251 344 577 622 233 891 434 390 434 141 548 906 627 584 392 366 0 227 824 359 234 457 567 469 443 477 364 529 583 207 427 442 545 95 663 768 502 406 888 78 480 362 1288 407 751 631 401 493 221 551 474 378 440 207 262 416 429 492 625 529 391 652 728 752
272 762 1386 479 503 757 95 787 569 315 360 136 682 803 534 719 318 261 227 0 959 253 286 592 463 604 337 612 290 663 509 342 562 577 471 260 797 903 428 332 785 243 615 256 1422 226 647 765 327 419 342 476 609 513 365 342 396 341 248 387 760 455 526 548 625 649
1185 594 1218 642 1012 589 964 1623 665 988 946 873 538 1638 1358 551 984 1098 824 959 0 1090 966 406 1299 459 1175 467 1132 495 1033 939 595 659 865 858 653 117 869 1177 1620 840 744 1094 1254 1139 1483 597 1172 1084 953 828 739 546 1208 787 841 1016 1161 1224 615 842 476 1384 1460 1484
479 894 1517 611 710 889 259 670 700 522 567 267 814 686 527 851 525 144 359 253 1090 0 279 723 346 735 220 743 497 795 716 349 693 708 678 392 929 1035 635 539 667 374 746 139 1554 433 530 897 534 626 335 684 740 644 573 473 528 548 455 269 891 662 658 431 507 531
512 769 1393 486 743 764 291 735 575 555 600 282 689 751 414 726 558 287 234 286 966 279 0 599 411 611 363 619 530 670 749 88 569 584 711 267 804 910 668 572 733 250 622 282 1429 466 595 772 567 659 75 716 616 520 605 349 403 581 488 365 767 695 533 496 573 597
818 227 851 275 710 222 597 1256 297 686 645 505 171 1271 991 184 682 731 457 592 406 723 599 0 931 92 807 100 768 128 731 572 227 291 563 490 285 350 567 810 1253 473 377 726 887 771 1115 230 805 783 585 526 372 178 844 419 474 715 794 857 248 540 108 1016 1093 1117
689 1102 1726 819 920 1097 469 353 908 733 777 478 1022 369 604 1059 735 227 567 463 1299 346 411 931 0 944 145 952 707 1003 926 437 902 917 888 600 1137 1243 845 749 351 582 954 226 1762 643 213 1105 744 836 424 894 949 853 783 681 736 759 665 95 1099 872 866 114 190 214
830 240 864 287 756 235 609 1268 254 733 691 518 119 1283 1003 197 728 743 469 604 459 735 611 92 944 0 819 49 780 141 777 584 240 248 609 503 234 403 613 822 1265 485 334 738 900 783 1128 243 817 829 597 572 329 191 856 431 441 761 806 869 196 586 120 1028 1105 1129
563 978 1602 695 794 973 343 469 784 607 651 351 898 484 607 935 609 101 443 337 1175 220 363 807 145 819 0 828 581 879 800 433 778 793 762 476 1013 1119 719 623 466 458 830 100 1638 517 329 981 618 710 420 768 825 729 657 557 612 633 539 73 975 746 742 229 306 330
838 248 872 295 764 243 617 1276 247 741 699 526 112 1291 1011 205 736 751 477 612 467 743 619 100 952 49 828 0 788 149 785 592 248 241 617 511 227 411 622 830 1273 493 326 747 908 792 1136 251 825 837 605 580 322 199 864 440 434 769 814 877 189 594 129 1036 1113 1137
309 938 1562 655 240 933 284 1031 745 171 215 379 859 1047 778 895 173 504 364 290 1132 497 530 768 707 780 581 788 0 840 246 518 738 753 326 319 973 1076 283 105 1028 325 791 500 1599 262 891 941 105 155 531 332 785 689 102 518 573 197 285 630 936 310 702 792 868 892
889 142 766 347 800 137 669 1327 355 776 734 577 220 1343 1063 99 772 803 529 663 495 795 670 128 1003 141 879 149 840 0 821 644 299 349 652 562 335 440 657 882 1325 544 434 798 802 843 1187 145 877 872 657 616 430 250 915 491 542 804 866 929 297 629 180 1088 1165 1189
528 919 1543 783 56 914 503 1250 805 390 336 599 856 1266 997 876 234 724 583 509 1033 716 749 731 926 777 800 785 246 821 0 737 735 799 255 538 971 977 259 253 1248 544 885 719 1580 482 1110 922 253 114 751 487 880 686 250 737 792 266 504 850 933 501 700 1011 1087 1112
568 742 1366 459 731 737 348 762 549 544 588 256 663 777 440 699 546 357 207 342 939 349 88 572 437 584 433 592 518 644 737 0 542 557 699 241 778 883 657 560 759 223 595 352 1403 522 621 746 555 647 76 705 589 493 594 322 377 570 544 391 740 683 506 522 599 623
788 398 1022 177 714 393 567 1226 94 691 649 476 169 1241 961 355 686 701 427 562 595 693 569 227 902 240 778 248 738 299 735 542 0 88 567 461 411 539 571 780 1223 443 174 696 1058 741 1086 401 775 787 555 530 169 119 814 336 281 719 764 827 373 544 162 986 1063 1087
803 447 1071 121 778 442 582 1241 87 754 713 491 162 1256 976 404 750 716 442 577 659 708 584 291 917 248 793 241 753 349 799 557 88 0 631 476 404 603 635 795 1238 458 167 711 1108 757 1101 451 790 851 570 594 162 137 829 279 225 783 779 842 366 608 226 1001 1078 1102
490 751 1375 615 234 746 465 1212 637 211 140 561 688 1228 959 708 206 686 545 471 865 678 711 563 888 609 762 617 326 652 255 699 567 631 0 500 803 809 91 405 1210 506 717 681 1411 444 1072 754 405 306 713 319 712 518 402 697 751 238 466 812 765 333 531 973 1049 1073
412 661 1285 378 532 656 266 924 467 345 389 174 581 940 660 618 347 400 95 260 858 392 267 490 600 503 476 511 319 562 538 241 461 476 500 0 696 802 458 361 922 56 513 395 1321 366 784 664 356 448 254 506 508 412 395 240 295 371 389 526 658 484 425 685 762 786
1023 433 1057 481 950 428 803 1461 410 926 884 711 275 1477 1197 390 922 937 663 797 653 929 804 285 1137 234 1013 227 973 335 971 778 411 404 803 696 0 597 807 1015 1459 678 490 932 1094 977 1321 437 1011 1022 791 766 485 384 1049 625 597 954 1000 1063 138 780 314 1222 1298 1323
1129 538 1162 586 956 533 909 1567 609 932 890 817 482 1583 1303 495 928 1043 768 903 117 1035 910 350 1243 403 1119 411 1076 440 977 883 539 603 809 802 597 0 813 1121 1564 784 688 1038 1199 1083 1427 541 1116 1029 897 772 684 490 1152 731 786 961 1105 1168 559 786 420 1328 1404 1428
447 755 1379 619 238 750 422 1170 641 169 97 518 692 1185 917 712 210 643 502 428 869 635 668 567 845 613 719 622 283 657 259 657 571 635 91 458 807 813 0 362 1167 463 721 638 1416 401 1029 759 362 310 670 323 716 523 359 656 711 242 423 769 769 308 536 930 1007 1031
351 980 1604 697 247 975 326 1073 787 249 293 421 901 1089 820 937 252 547 406 332 1177 539 572 810 749 822 623 830 105 882 253 560 780 795 405 361 1015 1121 362 0 1070 367 833 542 1641 304 933 983 86 163 573 410 827 731 83 560 615 275 327 672 978 388 744 834 910 934
1011 1423 2047 1140 1242 1418 790 308 1230 1054 1099 799 1344 281 925 1380 1057 549 888 785 1620 667 733 1253 351 1265 466 1273 1028 1325 1248 759 1223 1238 1210 922 1459 1564 1167 1070 0 904 1276 548 2084 964 255 1427 1066 1158 745 1215 1270 1174 1104 1003 1058 1080 987 416 1421 1193 1187 288 492 388
418 643 1267 360 538 638 248 907 450 350 395 156 563 922 642 600 353 382 78 243 840 374 250 473 582 485 458 493 325 544 544 223 443 458 506 56 678 784 463 367 904 0 496 377 1303 372 766 646 362 454 236 512 490 394 401 223 277 376 394 508 641 490 407 667 744 768
841 533 1157 256 864 528 620 1279 173 816 798 528 248 1294 1014 490 819 754 480 615 744 746 622 377 954 334 830 326 791 434 885 595 174 167 717 513 490 688 721 833 1276 496 0 749 1193 794 1138 536 828 920 608 680 73 223 867 317 263 842 817 880 452 694 311 1039 1116 1140
482 897 1521 614 713 892 262 550 703 525 570 270 817 566 531 854 528 59 362 256 1094 139 282 726 226 738 100 747 500 798 719 352 696 711 681 395 932 1038 638 542 548 377 749 0 1557 436 410 900 537 629 338 687 744 648 576 476 531 551 458 149 894 665 661 311 387 411
1666 862 1324 1123 1576 863 1445 2104 1131 1552 1510 1353 996 2119 1839 825 1548 1579 1305 1440 1272 1571 1447 904 1779 917 1655 925 1616 819 1597 1420 1075 1125 1429 1338 1111 1216 1433 1658 2101 1321 1211 1574 0 1619 1963 871 1653 1648 1433 1392 1206 1026 1692 1267 1318 1580 1642 1705 1073 1406 956 1864 1941 1965
69 942 1566 659 476 937 220 967 748 288 332 315 862 983 714 899 291 441 407 226 1139 433 466 771 643 783 517 792 262 843 482 522 741 757 444 366 977 1083 401 304 964 372 794 436 1602 0 827 945 300 392 522 449 789 693 338 521 576 314 45 566 939 427 706 728 804 828
873 1286 1910 1003 1104 1281 653 161 1092 917 961 662 1206 274 788 1243 919 411 751 647 1483 530 595 1115 213 1128 329 1136 891 1187 1110 621 1086 1101 1072 784 1321 1427 1029 933 255 766 1138 410 1946 827 0 1289 928 1020 608 1078 1133 1037 967 866 920 943 850 279 1284 1056 1050 150 276 220
991 193 817 448 902 26 771 1429 457 878 836 679 322 1445 1165 87 874 905 631 765 597 897 772 230 1105 243 981 251 941 145 922 746 401 451 754 664 437 541 759 983 1427 646 536 900 854 945 1289 0 979 974 759 717 532 352 1017 593 644 906 968 1031 399 731 282 1190 1266 1291
346 975 1599 692 247 970 321 1068 782 250 294 417 896 1084 815 932 252 542 401 327 1172 534 567 805 744 817 618 825 105 877 253 555 775 790 405 356 1011 1116 362 86 1066 362 828 537 1636 300 928 979 0 163 569 411 822 726 84 555 610 276 322 668 973 389 739 829 905 929
438 971 1595 784 108 966 413 1160 857 300 344 509 908 1176 907 928 285 634 493 419 1084 626 659 783 836 829 710 837 155 872 114 647 787 851 306 448 1022 1029 310 163 1158 454 920 629 1631 392 1020 974 163 0 661 461 914 738 160 647 702 317 414 760 985 439 751 921 997 1021
568 756 1380 473 745 751 348 748 562 557 601 269 676 764 426 713 560 343 221 342 953 335 75 585 424 597 420 605 531 657 751 76 555 570 713 254 791 897 670 573 745 236 608 338 1416 522 608 759 569 661 0 718 603 506 607 335 390 583 545 378 753 696 520 509 585 609
495 714 1338 578 466 709 471 1218 600 187 261 566 651 1233 965 671 360 691 551 476 828 684 716 526 894 572 768 580 332 616 487 705 530 594 319 506 766 772 323 410 1215 512 680 687 1375 449 1078 717 411 461 718 0 675 481 408 660 715 383 472 817 728 80 495 979 1055 1079
835 528 1152 251 859 523 614 1273 168 811 793 523 243 1288 1008 485 813 748 474 609 739 740 616 372 949 329 825 322 785 430 880 589 169 162 712 508 485 684 716 827 1270 490 73 744 1189 789 1133 532 822 914 603 675 0 218 861 311 257 837 811 874 447 689 307 1034 1110 1134
739 349 973 196 665 344 518 1177 143 642 600 427 219 1192 912 306 637 652 378 513 546 644 520 178 853 191 729 199 689 250 686 493 119 137 518 412 384 490 523 731 1174 394 223 648 1009 693 1037 352 726 738 506 481 218 0 765 341 331 670 715 778 347 495 113 937 1014 1038
384 1014 1638 731 244 1009 360 1107 821 247 291 455 935 1122 854 971 249 580 440 365 1208 573 605 844 783 856 657 864 102 915 250 594 814 829 402 395 1049 1152 359 83 1104 401 867 576 1674 338 967 1017 84 160 607 408 861 765 0 594 648 273 361 706 1012 386 778 868 944 968
568 590 1214 287 731 585 347 1006 271 544 588 255 410 1021 741 547 546 481 207 342 787 473 349 419 681 431 557 440 518 491 737 322 336 279 697 240 625 731 656 560 1003 223 317 476 1250 521 866 593 555 647 335 660 311 341 594 0 110 569 544 607 587 674 354 766 843 867
622 641 1265 232 786 636 402 1061 217 598 643 310 356 1076 796 598 601 536 262 396 841 528 403 474 736 441 612 434 573 542 792 377 281 225 751 295 597 786 711 615 1058 277 263 531 1301 576 920 644 610 702 390 715 257 331 648 110 0 624 599 662 560 728 408 821 898 922
360 903 1526 707 245 898 335 1083 789 222 267 431 839 1098 830 860 57 556 416 341 1016 548 581 715 759 761 633 769 197 804 266 570 719 783 238 371 954 961 242 275 1080 376 842 551 1563 314 943 906 276 317 583 383 837 670 273 569 624 0 337 682 917 362 683 843 920 944
82 964 1588 681 498 959 242 990 771 311 355 338 885 1005 737 921 313 463 429 248 1161 455 488 794 665 806 539 814 285 866 504 544 764 779 466 389 1000 1105 423 327 987 394 817 458 1625 45 850 968 322 414 545 472 811 715 361 544 599 337 0 589 962 450 728 750 827 851
613 1027 1651 744 844 1022 392 419 834 656 700 401 948 434 557 984 659 151 492 387 1224 269 365 857 95 869 73 877 630 929 850 391 827 842 812 526 1063 1168 769 672 416 508 880 149 1688 566 279 1031 668 760 378 817 874 778 706 607 662 682 589 0 1025 795 791 180 256 280
986 396 1019 443 912 391 765 1424 372 888 847 673 237 1439 1159 353 884 899 625 760 615 891 767 248 1099 196 975 189 936 297 933 740 373 366 765 658 138 559 769 978 1421 641 452 894 1056 939 1284 399 973 985 753 728 447 347 1012 587 560 917 962 1025 0 742 276 1184 1261 1285
474 728 1352 592 480 723 449 1196 614 165 239 544 665 1212 943 685 338 670 529 455 842 662 695 540 872 586 746 594 310 629 501 683 544 608 333 484 780 786 308 388 1193 490 694 665 1388 427 1056 731 389 439 696 80 689 495 386 674 728 362 450 795 742 0 508 957 1033 1057
752 279 903 209 679 274 532 1190 232 655 613 440 199 1206 926 236 651 665 391 526 476 658 533 108 866 120 742 129 702 180 700 506 162 226 531 425 314 420 536 744 1187 407 311 661 939 706 1050 282 739 751 520 495 307 113 778 354 408 683 728 791 276 508 0 951 1027 1051
774 1187 1811 904 1005 1182 554 255 993 817 862 562 1107 306 689 1144 820 312 652 548 1384 431 496 1016 114 1028 229 1036 792 1088 1011 522 986 1001 973 685 1222 1328 930 834 288 667 1039 311 1847 728 150 1190 829 921 509 979 1034 937 868 766 821 843 750 180 1184 957 951 0 239 116
850 1263 1887 980 1082 1258 630 215 1070 894 938 639 1184 388 765 1220 896 389 728 625 1460 507 573 1093 190 1105 306 1113 868 1165 1087 599 1063 1078 1049 762 1298 1404 1007 910 492 744 1116 387 1924 804 276 1266 905 997 585 1055 1110 1014 944 843 898 920 827 256 1261 1033 1027 239 0 144
875 1287 1911 1004 1106 1282 654 160 1094 918 962 663 1208 333 789 1244 921 413 752 649 1484 531 597 1117 214 1129 330 1137 892 1189 1112 623 1087 1102 1073 786 1323 1428 1031 934 388 768 1140 411 1948 828 220 1291 929 1021 609 1079 1134 1038 968 867 922 944 851 280 1285 1057 1051 116 144 0
EOF