NAME : tsp_problem
TYPE : TSP
DIMENSION : 66
EDGE_WEIGHT_TYPE : EXPLICIT
EDGE_WEIGHT_FORMAT : FULL_MATRIX
EDGE_WEIGHT_SECTION
0 1047 1249 1301 51 1285 1428 1366 653 564 1053 2044 1465 176 1274 1075 332 1423 923 1200 1130 272 817 964 956 707 1018 1166 1316 724 482 740 1088 1147 1368 85 1396 1171 409 1237 1049 1427 410 1349 513 484 1048 1289 428 353 465 1004 1134 1027 419 1296 1460 969 1435 1421 197 1439 1446 1460 1020 1363
1047 0 830 525 1068 867 1009 947 572 500 634 1625 1046 897 498 299 902 1004 287 424 354 843 259 328 122 578 242 390 897 561 931 555 312 371 949 1102 977 205 959 818 630 1008 952 930 566 594 82 513 871 729 908 228 168 251 862 878 1041 334 1016 1002 899 1021 1027 1041 601 944
1249 830 0 484 1270 263 277 215 675 705 362 892 313 1099 497 690 1105 215 774 572 636 1045 669 815 739 625 802 597 108 608 1133 587 681 627 216 1304 245 828 1162 47 292 219 1155 141 766 794 832 490 1073 932 1110 775 879 798 1065 145 308 821 284 213 1102 288 317 252 328 212
1301 525 484 0 1322 521 647 585 800 754 486 1263 684 1151 102 247 1156 658 541 178 192 1097 513 582 463 750 363 202 551 733 1185 711 237 183 587 1356 615 385 1213 473 366 662 1206 584 820 848 478 95 1125 983 1162 331 435 355 1116 532 679 588 654 656 1153 658 582 695 453 599
51 1068 1270 1322 0 1307 1449 1387 674 585 1074 2065 1486 197 1295 1096 353 1444 944 1221 1151 293 839 985 977 729 1039 1187 1337 745 503 761 1109 1168 1389 83 1417 1192 431 1258 1070 1448 431 1370 534 505 1069 1310 449 374 486 1025 1155 1048 440 1318 1481 991 1456 1442 218 1461 1467 1481 1041 1384
1285 867 263 521 1307 0 499 437 712 741 260 1114 535 1135 533 727 1141 415 811 608 672 1081 705 851 776 662 838 633 308 645 1170 623 717 663 438 1340 467 865 1198 268 329 419 1191 362 802 831 868 526 1110 968 1147 811 915 834 1101 137 530 857 506 413 1138 510 531 451 292 123
1877 1458 726 1096 1898 948 0 635 1303 1333 990 1145 733 1727 1108 1302 1733 899 1402 1183 1248 1673 1297 1443 1367 1253 1418 1208 792 1236 1761 1215 1292 1238 636 1932 659 1440 1790 714 920 903 1783 825 1394 1422 1460 1101 1701 1560 1738 1386 1490 1410 1693 830 728 1449 557 897 1730 561 922 936 956 896
1366 947 215 585 1387 437 186 0 793 822 479 802 159 1216 598 791 1222 388 891 673 737 1162 786 932 856 743 907 698 282 726 1250 704 782 728 106 1421 154 929 1279 203 410 393 1272 314 883 911 949 590 1191 1049 1227 876 980 899 1182 319 154 938 193 386 1219 197 411 425 446 385
653 572 675 800 674 712 854 793 0 241 479 1470 891 503 800 600 509 849 449 725 656 449 343 490 481 77 544 692 742 93 537 109 613 673 794 708 822 697 566 664 475 853 559 775 170 198 574 805 478 336 514 530 660 552 469 723 886 495 862 847 506 866 873 886 446 790
564 500 705 754 585 741 884 822 241 0 509 1500 921 414 728 528 420 879 377 653 584 360 271 418 410 247 472 620 772 230 448 316 542 601 824 619 852 625 477 693 504 883 470 805 234 262 502 743 389 247 426 458 588 481 380 752 916 423 891 877 417 895 902 915 476 819
1053 634 362 486 1074 260 541 479 479 509 0 1156 577 903 498 662 909 535 578 573 637 849 473 619 543 429 606 598 428 412 937 391 675 628 480 1108 509 758 966 350 161 539 959 461 570 598 636 491 877 736 914 592 721 614 869 271 572 625 548 533 906 552 559 572 103 338
1681 1262 529 900 1702 751 354 438 1107 1137 793 0 537 1531 912 1106 1536 703 1206 987 1051 1477 1100 1247 1171 1057 1222 1012 596 1040 1565 1018 1096 1042 440 1736 463 1243 1594 517 724 707 1586 629 1198 1226 1263 905 1505 1363 1542 1190 1294 1213 1496 633 532 1252 361 701 1533 365 725 740 760 700
1465 1046 313 684 1486 535 284 159 891 921 577 900 0 1315 696 890 1320 487 990 771 835 1261 884 1031 955 841 1006 796 380 824 1349 802 880 826 155 1520 252 1027 1378 301 508 491 1370 413 982 1010 1047 689 1289 1147 1326 974 1078 997 1280 417 47 1036 292 485 1317 296 510 524 544 484
176 897 1099 1151 197 1135 1278 1216 503 414 903 1894 1315 0 1124 925 182 1273 773 1050 980 122 668 814 806 557 868 1016 1166 574 334 590 938 997 1218 231 1246 1021 261 1087 899 1277 262 1199 363 334 898 1139 278 203 315 854 984 877 269 1147 1310 819 1285 1271 47 1289 1296 1310 870 1213
1274 498 497 102 1295 533 659 598 800 728 498 1275 696 1124 0 308 1130 670 515 101 254 1070 486 555 436 762 424 125 564 745 1158 723 299 245 599 1329 627 446 1187 485 378 675 1179 596 793 821 458 107 1098 956 1135 393 497 416 1089 544 691 561 667 668 1127 671 594 707 465 611
1075 299 690 247 1096 727 853 791 600 528 662 1469 890 925 308 0 930 864 315 270 200 871 287 356 237 606 229 237 757 589 959 583 223 93 793 1130 821 370 987 678 571 868 980 790 594 622 259 235 899 757 936 215 345 238 890 738 885 362 860 862 927 864 788 901 629 805
332 902 1105 1156 353 1141 1284 1222 509 420 909 1899 1320 182 1130 930 0 1278 779 1055 986 97 673 820 811 563 874 1022 1172 580 178 596 943 1002 1223 387 1252 1027 105 1093 904 1283 106 1204 368 340 904 1145 209 208 173 860 989 882 206 1152 1316 825 1291 1276 185 1295 1302 1315 876 1219
1423 1004 215 658 1444 415 450 388 849 879 535 1066 487 1273 670 864 1278 0 948 746 810 1219 842 989 913 799 975 770 159 782 1307 760 854 800 390 1478 418 1002 1336 220 466 76 1328 314 940 968 1005 663 1247 1105 1284 948 1052 972 1238 296 482 994 457 69 1275 462 491 108 502 363
923 287 774 541 944 811 953 891 449 377 578 1569 990 773 515 315 779 948 0 440 371 719 135 72 196 455 259 407 841 438 807 499 328 387 893 978 921 412 836 762 574 952 829 874 442 470 289 530 747 606 784 245 375 267 739 822 985 78 960 946 776 965 971 985 545 888
1200 424 572 178 1221 608 734 673 725 653 573 1350 771 1050 101 270 1055 746 440 0 190 996 412 481 362 731 354 85 639 714 1084 708 374 320 674 1254 702 507 1112 560 453 750 1105 671 718 747 384 183 1024 882 1061 340 470 362 1015 619 766 487 742 744 1052 746 669 782 540 686
1130 354 636 192 1151 672 798 737 656 584 637 1414 835 980 254 200 986 810 371 190 0 926 342 411 292 662 284 157 703 645 1014 638 303 249 738 1185 767 437 1043 624 517 814 1036 736 649 677 314 181 954 813 991 270 400 293 946 683 830 417 806 808 983 810 734 846 604 750
272 843 1045 1097 293 1081 1224 1162 449 360 849 1840 1261 122 1070 871 97 1219 719 996 926 0 614 760 752 503 814 962 1112 520 251 536 884 943 1164 327 1192 967 178 1033 845 1223 179 1145 309 280 844 1085 224 149 247 800 930 823 215 1093 1256 765 1231 1217 125 1235 1242 1256 816 1159
817 259 669 513 839 705 848 786 343 271 473 1463 884 668 486 287 673 842 135 412 342 614 0 176 168 349 230 379 736 332 702 393 300 359 787 872 816 383 730 657 468 847 723 768 336 365 260 501 642 500 679 216 346 239 633 716 880 182 855 840 670 859 866 879 440 783
964 328 815 582 985 851 994 932 490 418 619 1610 1031 814 555 356 820 989 72 481 411 760 176 0 237 496 300 448 882 479 848 540 369 428 934 1019 962 452 877 803 615 993 869 915 483 511 330 570 788 646 825 286 415 308 779 862 1026 61 1001 987 817 1005 1012 1026 586 929
956 122 739 463 977 776 918 856 481 410 543 1534 955 806 436 237 811 913 196 362 292 752 168 237 0 488 181 329 806 471 840 464 250 309 858 1011 886 279 869 727 539 917 861 839 475 503 156 451 780 638 817 167 242 189 771 787 950 243 926 911 808 930 936 950 510 853
707 578 625 750 729 662 804 743 77 247 429 1420 841 557 762 606 563 799 455 731 662 503 349 496 488 0 550 698 692 77 592 93 620 679 744 762 772 703 620 614 425 803 613 725 224 253 580 755 532 390 569 536 666 559 523 673 836 501 812 797 560 816 823 836 396 740
1018 242 802 363 1039 838 969 907 544 472 606 1585 1006 868 424 229 874 975 259 354 284 814 230 300 181 550 0 321 869 533 902 527 150 285 909 1073 937 325 931 790 601 980 924 901 537 565 202 351 843 701 879 130 288 153 834 849 1001 305 976 974 871 981 904 1012 573 916
1166 390 597 202 1187 633 759 698 692 620 598 1375 796 1016 125 237 1022 770 407 85 157 962 379 448 329 698 321 0 664 681 1050 675 390 309 699 1221 727 474 1079 585 478 775 1072 696 685 714 351 208 991 849 1028 307 436 329 982 644 791 454 767 769 1019 771 694 807 565 711
1316 897 108 551 1337 308 343 282 742 772 428 959 380 1166 564 757 1172 159 841 639 703 1112 736 882 806 692 869 664 0 675 1200 654 748 694 283 1371 311 895 1229 113 359 163 1222 207 833 861 898 556 1140 999 1177 842 946 865 1131 190 375 887 351 157 1169 355 384 195 395 256
724 561 608 733 745 645 787 726 93 230 412 1403 824 574 745 589 580 782 438 714 645 520 332 479 471 77 533 681 675 0 608 109 603 662 727 779 755 686 637 597 408 786 630 708 241 269 563 738 549 407 585 519 649 542 540 656 819 484 795 780 577 799 806 819 379 723
482 931 1133 1185 503 1170 1312 1250 537 448 937 1928 1349 334 1158 959 178 1307 807 1084 1014 251 702 848 840 592 902 1050 1200 608 0 624 972 1031 1252 537 1280 1055 93 1121 933 1311 86 1233 397 368 932 1173 96 237 60 888 1018 911 93 1181 1344 853 1319 1305 301 1324 1330 1344 904 1247
740 555 587 711 761 623 766 704 109 316 391 1381 802 590 723 583 596 760 499 708 638 536 393 540 464 93 527 675 654 109 624 0 596 655 705 795 734 679 653 575 386 765 646 686 257 285 556 716 565 423 601 513 642 535 556 634 798 545 773 758 593 777 784 797 358 701
1088 312 681 237 1109 717 843 782 613 542 675 1459 880 938 299 223 943 854 328 374 303 884 300 369 250 620 150 390 748 603 972 596 0 160 783 1143 811 221 1001 669 562 859 993 780 607 635 272 226 912 770 949 118 271 142 903 728 875 375 851 852 940 855 778 891 642 795
1147 371 627 183 1168 663 789 728 673 601 628 1405 826 997 245 93 1002 800 387 320 249 943 359 428 309 679 285 309 694 662 1031 655 160 0 729 1202 757 307 1060 615 508 805 1052 726 666 694 331 172 971 829 1008 254 358 277 962 674 821 434 797 799 999 801 724 837 595 741
1368 949 216 587 1389 438 187 106 794 824 480 803 155 1218 599 793 1223 390 893 674 738 1164 787 934 858 744 909 699 283 727 1252 705 783 729 0 1423 155 930 1281 204 411 394 1273 316 885 913 950 592 1192 1050 1229 877 981 900 1183 320 150 939 195 388 1220 199 413 427 447 387
85 1102 1304 1356 83 1340 1483 1421 708 619 1108 2099 1520 231 1329 1130 387 1478 978 1254 1185 327 872 1019 1011 762 1073 1221 1371 779 537 795 1143 1202 1423 0 1451 1226 464 1292 1104 1482 465 1404 568 539 1103 1344 483 408 520 1059 1189 1082 474 1351 1515 1024 1490 1476 252 1494 1501 1515 1075 1418
1396 977 245 615 1417 467 210 154 822 852 509 826 252 1246 627 821 1252 418 921 702 767 1192 816 962 886 772 937 727 311 755 1280 734 811 757 155 1451 0 959 1309 233 439 422 1302 344 913 941 979 620 1220 1079 1257 905 1009 929 1212 349 247 968 218 416 1249 222 441 455 475 415
1171 205 828 385 1192 865 991 929 697 625 758 1607 1027 1021 446 370 1027 1002 412 507 437 967 383 452 279 703 325 474 895 686 1055 679 221 307 930 1226 959 0 1084 816 709 1006 1077 928 690 718 145 373 995 854 1032 311 103 334 987 876 1023 458 998 1000 1024 1002 926 1039 725 942
409 959 1162 1213 431 1198 1341 1279 566 477 966 1957 1378 261 1187 987 105 1336 836 1112 1043 178 730 877 869 620 931 1079 1229 637 93 653 1001 1060 1281 464 1309 1084 0 1150 961 1340 50 1262 426 397 961 1202 125 266 89 917 1047 940 122 1209 1373 882 1348 1334 229 1352 1359 1372 933 1276
1237 818 47 473 1258 268 265 203 664 693 350 880 301 1087 485 678 1093 220 762 560 624 1033 657 803 727 614 790 585 113 597 1121 575 669 615 204 1292 233 816 1150 0 280 224 1143 146 754 782 820 478 1062 920 1098 763 867 786 1053 150 296 809 272 218 1090 276 305 256 317 217
1049 630 292 366 1070 329 471 410 475 504 161 1087 508 899 378 571 904 466 574 453 517 845 468 615 539 425 601 478 359 408 933 386 562 508 411 1104 439 709 961 280 0 470 954 392 566 594 631 371 873 731 910 587 717 610 864 340 503 620 479 464 901 483 489 503 128 406
1427 1008 219 662 1448 419 454 393 853 883 539 1070 491 1277 675 868 1283 76 952 750 814 1223 847 993 917 803 980 775 163 786 1311 765 859 805 394 1482 422 1006 1340 224 470 0 1333 318 944 972 1009 667 1251 1110 1288 953 1057 976 1243 301 486 999 462 74 1280 466 495 64 506 367
410 952 1155 1206 431 1191 1334 1272 559 470 959 1949 1370 262 1179 980 106 1328 829 1105 1036 179 723 869 861 613 924 1072 1222 630 86 646 993 1052 1273 465 1302 1077 50 1143 954 1333 0 1254 418 390 954 1195 117 258 82 910 1039 932 114 1202 1366 875 1341 1326 230 1345 1352 1365 925 1269
1349 930 141 584 1370 362 376 314 775 805 461 992 413 1199 596 790 1204 314 874 671 736 1145 768 915 839 725 901 696 207 708 1233 686 780 726 316 1404 344 928 1262 146 392 318 1254 0 866 894 931 589 1173 1031 1210 874 978 898 1164 244 408 920 383 312 1201 388 417 351 428 311
513 566 766 820 534 802 945 883 170 234 570 1561 982 363 793 594 368 940 442 718 649 309 336 483 475 224 537 685 833 241 397 257 607 666 885 568 913 690 426 754 566 944 418 866 0 65 567 808 337 195 374 523 653 546 328 814 977 488 952 938 365 956 963 977 537 880
484 594 794 848 505 831 973 911 198 262 598 1589 1010 334 821 622 340 968 470 747 677 280 365 511 503 253 565 714 861 269 368 285 635 694 913 539 941 718 397 782 594 972 390 894 65 0 595 836 308 167 345 551 681 574 300 842 1005 517 981 966 337 985 991 1005 565 908
1048 82 832 478 1069 868 1011 949 574 502 636 1626 1047 898 458 259 904 1005 289 384 314 844 260 330 156 580 202 351 898 563 932 556 272 331 950 1103 979 145 961 820 631 1009 954 931 567 595 0 466 872 731 909 188 128 211 864 879 1042 335 1018 1003 901 1022 1019 1042 602 946
1289 513 490 95 1310 526 652 590 805 743 491 1268 689 1139 107 235 1145 663 530 183 181 1085 501 570 451 755 351 208 556 738 1173 716 226 172 592 1344 620 373 1202 478 371 667 1195 589 808 836 466 0 1113 972 1150 320 424 343 1104 537 684 576 659 661 1142 664 587 700 458 604
428 871 1073 1125 449 1110 1252 1191 478 389 877 1868 1289 278 1098 899 209 1247 747 1024 954 224 642 788 780 532 843 991 1140 549 96 565 912 971 1192 483 1220 995 125 1062 873 1251 117 1173 337 308 872 1113 0 177 92 829 958 851 77 1121 1284 794 1260 1245 281 1264 1271 1284 844 1188
353 729 932 983 374 968 1111 1049 336 247 736 1726 1147 203 956 757 208 1105 606 882 813 149 500 646 638 390 701 849 999 407 237 423 770 829 1050 408 1079 854 266 920 731 1110 258 1031 195 167 731 972 177 0 214 687 816 709 168 979 1143 652 1118 1103 205 1122 1129 1142 702 1046
465 908 1110 1162 486 1147 1289 1227 514 426 914 1905 1326 315 1135 936 173 1284 784 1061 991 247 679 825 817 569 879 1028 1177 585 60 601 949 1008 1229 520 1257 1032 89 1098 910 1288 82 1210 374 345 909 1150 92 214 0 865 995 888 89 1158 1321 831 1296 1282 297 1301 1307 1321 881 1224
1004 228 775 331 1025 811 937 876 530 458 592 1553 974 854 393 215 860 948 245 340 270 800 216 286 167 536 130 307 842 519 888 513 118 254 877 1059 905 311 917 763 587 953 910 874 523 551 188 320 829 687 865 0 274 122 820 822 969 291 945 946 857 949 872 985 559 889
1134 168 879 435 1155 915 1041 980 660 588 721 1657 1078 984 497 345 989 1052 375 470 400 930 346 415 242 666 288 436 946 649 1018 642 271 358 981 1189 1009 103 1047 867 717 1057 1039 978 653 681 128 424 958 816 995 274 0 297 949 926 1073 421 1049 1051 987 1053 976 1089 688 993
1027 251 798 355 1048 834 961 899 552 481 614 1576 997 877 416 238 882 972 267 362 293 823 239 308 189 559 153 329 865 542 911 535 142 277 900 1082 929 334 940 786 610 976 932 898 546 574 211 343 851 709 888 122 297 0 842 846 993 314 968 970 879 972 896 1009 581 912
419 862 1065 1116 440 1101 1244 1182 469 380 869 1859 1280 269 1089 890 206 1238 739 1015 946 215 633 779 771 523 834 982 1131 540 93 556 903 962 1183 474 1212 987 122 1053 864 1243 114 1164 328 300 864 1104 77 168 89 820 949 842 0 1112 1275 785 1251 1236 272 1255 1262 1275 835 1179
1296 878 145 532 1318 137 380 319 723 752 271 996 417 1147 544 738 1152 296 822 619 683 1093 716 862 787 673 849 644 190 656 1181 634 728 674 320 1351 349 876 1209 150 340 301 1202 244 814 842 879 537 1121 979 1158 822 926 846 1112 0 412 868 388 295 1149 392 421 333 303 86
1460 1041 308 679 1481 530 279 154 886 916 572 895 47 1310 691 885 1316 482 985 766 830 1256 880 1026 950 836 1001 791 375 819 1344 798 875 821 150 1515 247 1023 1373 296 503 486 1366 408 977 1005 1042 684 1284 1143 1321 969 1073 993 1275 412 0 1031 287 480 1313 291 505 519 539 479
969 334 821 588 991 857 1000 938 495 423 625 1615 1036 819 561 362 825 994 78 487 417 765 182 61 243 501 305 454 887 484 853 545 375 434 939 1024 968 458 882 809 620 999 875 920 488 517 335 576 794 652 831 291 421 314 785 868 1031 0 1007 992 822 1011 1018 1031 591 935
1874 1455 723 1093 1895 945 547 632 1301 1330 987 1142 730 1724 1105 1299 1730 896 1399 1181 1245 1670 1294 1440 1364 1251 1415 1206 790 1234 1758 1212 1290 1236 633 1929 657 1437 1787 711 917 901 1780 822 1391 1419 1457 1098 1699 1557 1735 1383 1488 1407 1690 827 726 1446 0 894 1727 559 919 933 954 893
1421 1002 213 656 1442 413 448 386 847 877 533 1064 485 1271 668 862 1276 69 946 744 808 1217 840 987 911 797 974 769 157 780 1305 758 852 799 388 1476 416 1000 1334 218 464 74 1326 312 938 966 1003 661 1245 1103 1282 946 1051 970 1236 295 480 992 455 0 1273 460 489 106 500 361
197 899 1102 1153 218 1138 1281 1219 506 417 906 1897 1317 47 1127 927 185 1275 776 1052 983 125 670 817 808 560 871 1019 1169 577 301 593 940 999 1220 252 1249 1024 229 1090 901 1280 230 1201 365 337 901 1142 281 205 297 857 987 879 272 1149 1313 822 1288 1273 0 1292 1299 1312 873 1216
1867 1448 716 1086 1888 938 540 625 1294 1323 980 1135 723 1717 1098 1292 1723 889 1392 1174 1238 1663 1287 1433 1357 1244 1408 1199 783 1227 1751 1205 1283 1229 626 1922 650 1430 1780 704 910 894 1773 815 1384 1412 1450 1091 1692 1550 1728 1376 1481 1400 1683 820 719 1439 547 887 1720 0 912 926 947 886
1446 1027 317 582 1467 531 473 411 873 902 559 1089 510 1296 594 788 1302 491 971 669 734 1242 866 1012 936 823 904 694 384 806 1330 784 778 724 413 1501 441 926 1359 305 489 495 1352 417 963 991 1019 587 1271 1129 1307 872 976 896 1262 421 505 1018 480 489 1299 484 0 528 526 488
1460 1041 252 695 1481 451 487 425 886 915 572 1103 524 1310 707 901 1315 108 985 782 846 1256 879 1026 950 836 1012 807 195 819 1344 797 891 837 427 1515 455 1039 1372 256 503 64 1365 351 977 1005 1042 700 1284 1142 1321 985 1089 1009 1275 333 519 1031 494 106 1312 498 528 0 539 400
1020 601 328 453 1041 292 507 446 446 476 103 1123 544 870 465 629 876 502 545 540 604 816 440 586 510 396 573 565 395 379 904 358 642 595 447 1075 475 725 933 317 128 506 925 428 537 565 602 458 844 702 881 559 688 581 835 303 539 591 515 500 873 519 526 539 0 370
1363 944 212 599 1384 123 447 385 790 819 338 1063 484 1213 611 805 1219 363 888 686 750 1159 783 929 853 740 916 711 256 723 1247 701 795 741 387 1418 415 942 1276 217 406 367 1269 311 880 908 946 604 1188 1046 1224 889 993 912 1179 86 479 935 455 361 1216 459 488 400 370 0
EOF