NAME : tsp_problem
TYPE : TSP
DIMENSION : 52
EDGE_WEIGHT_TYPE : EXPLICIT
EDGE_WEIGHT_FORMAT : FULL_MATRIX
EDGE_WEIGHT_SECTION
0 323 294 541 892 158 378 767 821 1331 555 1187 652 941 159 563 330 584 710 765 864 897 161 633 1319 220 549 391 843 69 1147 369 1248 1177 1071 300 382 694 1255 250 141 134 906 419 903 398 179 751 947 204 303 1208
323 0 427 282 717 427 511 488 542 1264 502 1121 372 874 428 303 379 305 643 661 779 831 430 354 1252 489 483 324 758 333 1081 302 1182 1111 1004 434 315 415 1189 326 274 403 839 367 817 118 448 472 880 337 400 1142
294 427 0 645 996 398 135 888 942 1435 581 1291 772 1045 399 667 356 705 814 870 969 1002 401 754 1423 460 654 495 947 304 1252 473 1352 1282 1175 111 486 815 1360 275 194 374 1010 445 1007 518 419 872 1051 155 431 1312
541 282 645 0 714 645 729 484 538 1287 525 1143 369 897 646 90 597 301 666 658 776 853 648 350 1275 707 505 347 754 551 1103 198 1204 1133 1027 651 338 412 1211 544 492 621 862 567 814 196 666 469 903 555 592 1164
892 717 996 714 0 995 1080 282 256 1098 722 954 383 708 997 735 936 443 474 229 347 662 999 400 1086 1058 464 633 325 901 914 676 1015 944 850 1002 624 321 1022 895 843 972 671 842 385 631 1017 290 725 906 1006 975
158 427 398 645 995 0 482 871 925 1435 659 1291 756 1045 191 666 434 688 813 869 968 1001 51 737 1423 246 653 495 947 144 1251 473 1352 1281 1175 404 486 798 1359 354 245 116 1010 523 1006 501 205 855 1050 308 407 1312
378 511 135 729 1080 482 0 972 1026 1519 665 1376 856 1129 483 751 440 789 898 954 1053 1086 485 838 1507 544 738 579 1031 388 1336 557 1436 1366 1259 195 570 899 1444 359 278 458 1094 529 1091 602 503 956 1135 239 515 1396
767 488 888 484 282 871 972 0 241 1095 719 951 154 705 873 506 840 278 471 226 344 659 874 171 1083 933 461 630 322 777 911 574 1012 941 846 894 620 293 1019 787 735 847 667 828 382 402 892 171 722 798 799 972
821 542 942 538 256 925 1026 241 0 1259 883 1115 208 869 926 560 894 332 636 390 508 824 928 225 1247 987 625 776 487 831 1075 628 1176 1106 1011 948 767 443 1183 841 789 901 832 882 546 456 946 102 886 852 853 1136
1331 1264 1435 1287 1098 1435 1519 1095 1259 0 1162 169 1196 418 1436 1309 1376 1256 650 904 1003 454 1438 1213 274 1497 838 1072 982 1341 233 1115 196 516 951 1442 1063 1134 104 1335 1282 1411 515 1282 1041 1355 1456 1213 774 1345 1446 425
555 502 581 525 722 659 665 719 883 1162 0 1018 785 772 660 547 247 717 540 596 695 728 662 766 1150 721 380 204 674 565 978 353 1079 1008 902 587 241 758 1086 327 455 635 737 153 733 593 680 838 777 491 684 1039
1187 1121 1291 1143 954 1291 1376 951 1115 169 1018 0 1052 274 1293 1165 1232 1113 506 760 859 310 1294 1070 157 1353 694 929 838 1197 89 971 86 374 807 1298 919 990 94 1191 1139 1268 371 1138 898 1212 1312 1070 683 1202 1302 282
652 372 772 369 383 756 856 154 208 1196 785 1052 0 806 757 391 724 163 573 327 445 761 759 77 1184 818 562 607 424 662 1013 459 1113 1043 948 779 598 273 1121 672 620 732 769 712 483 287 777 138 823 682 683 1073
941 874 1045 897 708 1045 1129 705 869 418 772 274 806 0 1046 919 986 866 260 514 613 64 1048 823 406 1107 448 682 592 951 234 725 335 264 561 1052 673 744 342 944 892 1021 125 891 651 965 1066 823 436 955 1056 295
159 428 399 646 997 191 483 873 926 1436 660 1293 757 1046 0 668 435 689 815 871 970 1003 194 738 1424 253 655 496 948 145 1253 474 1354 1283 1177 406 487 800 1361 355 246 167 1011 525 1008 503 212 857 1052 309 409 1314
563 303 667 90 735 666 751 506 560 1309 547 1165 391 919 668 0 619 323 687 680 798 875 670 372 1297 729 527 369 776 572 1125 220 1226 1155 1049 673 359 433 1233 566 514 643 884 588 836 218 688 490 924 577 614 1186
330 379 356 597 936 434 440 840 894 1376 247 1232 724 986 435 619 0 657 754 810 909 942 437 706 1364 496 594 340 888 340 1192 425 1293 1222 1116 362 376 767 1300 101 230 410 950 112 947 470 455 824 991 266 467 1253
584 305 705 301 443 688 789 278 332 1256 717 1113 163 866 689 323 657 0 633 388 506 821 691 144 1244 750 622 539 484 594 1073 391 1174 1103 1008 711 530 141 1181 604 552 664 829 645 544 219 709 263 884 615 616 1134
710 643 814 666 474 813 898 471 636 650 540 506 573 260 815 687 754 633 0 281 380 214 817 590 638 876 214 451 358 719 466 494 567 496 462 820 442 510 574 713 661 790 223 660 418 734 835 590 337 724 824 527
765 661 870 658 229 869 954 226 390 904 596 760 327 514 871 680 810 388 281 0 153 469 872 344 892 932 270 507 132 775 721 550 821 751 656 876 498 265 829 769 717 846 477 716 191 576 891 345 531 780 880 781
864 779 969 776 347 968 1053 344 508 1003 695 859 445 613 970 798 909 506 380 153 0 568 971 462 991 1031 369 606 55 874 820 649 920 850 755 975 597 383 928 868 816 945 576 815 101 694 990 462 630 879 979 880
897 831 1002 853 662 1001 1086 659 824 454 728 310 761 64 1003 875 942 821 214 469 568 0 1004 778 442 1064 402 639 546 907 270 681 371 300 597 1008 629 698 378 901 849 978 79 848 606 922 1023 778 472 912 1012 331
161 430 401 648 999 51 485 874 928 1438 662 1294 759 1048 194 670 437 691 817 872 971 1004 0 740 1426 250 656 498 950 147 1254 476 1355 1285 1178 407 489 801 1362 357 248 120 1013 526 1010 505 209 858 1054 311 410 1315
633 354 754 350 400 737 838 171 225 1213 766 1070 77 823 738 372 706 144 590 344 462 778 740 0 1201 799 579 588 441 643 1030 440 1131 1060 965 760 579 254 1138 653 601 713 786 694 500 268 758 155 840 664 665 1090
1319 1252 1423 1275 1086 1423 1507 1083 1247 274 1150 157 1184 406 1424 1297 1364 1244 638 892 991 442 1426 1201 0 1485 826 1060 970 1329 221 1103 192 366 939 1430 1051 1122 199 1322 1270 1399 503 1269 1029 1343 1444 1201 814 1333 1434 291
614 883 854 1101 1451 640 938 1327 1381 1891 1115 1747 1212 1501 647 1122 890 1144 1269 1325 1424 1457 643 1193 1879 0 1109 951 1403 600 1707 929 1808 1737 1631 860 942 1254 1815 810 701 617 1466 979 1463 958 520 1311 1507 764 863 1768
549 483 654 505 464 653 738 461 625 838 380 694 562 448 655 527 594 622 214 270 369 402 656 579 826 716 0 291 348 559 654 334 755 684 589 660 282 500 762 553 501 630 411 500 407 574 675 579 465 564 664 715
391 324 495 347 633 495 579 630 776 1072 204 929 607 682 496 369 340 539 451 507 606 639 498 588 1060 557 291 0 584 401 889 175 990 919 812 502 94 650 997 289 342 471 647 246 644 415 516 707 688 405 506 950
843 758 947 754 325 947 1031 322 487 982 674 838 424 592 948 776 888 484 358 132 55 546 950 441 970 1009 348 584 0 853 798 627 899 828 733 954 575 361 906 847 794 923 555 794 103 672 968 441 609 857 958 859
69 333 304 551 901 144 388 777 831 1341 565 1197 662 951 145 572 340 594 719 775 874 907 147 643 1329 206 559 401 853 0 1157 379 1258 1187 1081 310 392 704 1265 260 151 120 916 429 913 407 165 761 957 214 313 1218
1147 1081 1252 1103 914 1251 1336 911 1075 233 978 89 1013 234 1253 1125 1192 1073 466 721 820 270 1254 1030 221 1314 654 889 798 1157 0 931 150 304 767 1258 879 950 157 1151 1099 1228 331 1098 858 1172 1273 1030 643 1162 1262 229
369 302 473 198 676 473 557 574 628 1115 353 971 459 725 474 220 425 391 494 550 649 681 476 440 1103 535 334 175 627 379 931 0 1032 962 855 480 166 501 1039 372 320 449 690 395 687 285 494 558 731 383 484 992
1248 1182 1352 1204 1015 1352 1436 1012 1176 196 1079 86 1113 335 1354 1226 1293 1174 567 821 920 371 1355 1131 192 1414 755 990 899 1258 150 1032 0 433 868 1359 980 1051 120 1252 1200 1329 432 1199 959 1273 1373 1131 744 1263 1363 343
1177 1111 1282 1133 944 1281 1366 941 1106 516 1008 374 1043 264 1283 1155 1222 1103 496 751 850 300 1285 1060 366 1344 684 919 828 1187 304 962 433 0 798 1288 910 980 441 1181 1129 1258 361 1128 888 1202 1303 1060 673 1192 1292 117
1071 1004 1175 1027 850 1175 1259 846 1011 951 902 807 948 561 1177 1049 1116 1008 462 656 755 597 1178 965 939 1237 589 812 733 1081 767 855 868 798 0 1182 803 886 875 1075 1023 1151 658 1022 793 1096 1196 965 344 1085 1186 828
300 434 111 651 1002 404 195 894 948 1442 587 1298 779 1052 406 673 362 711 820 876 975 1008 407 760 1430 466 660 502 954 310 1258 480 1359 1288 1182 0 492 822 1366 282 201 381 1017 451 1013 525 425 878 1057 161 437 1319
382 315 486 338 624 486 570 620 767 1063 241 919 598 673 487 359 376 530 442 498 597 629 489 579 1051 548 282 94 575 392 879 166 980 910 803 492 0 640 987 325 333 462 638 282 635 406 507 697 679 396 496 940
694 415 815 412 321 798 899 293 443 1134 758 990 273 744 800 433 767 141 510 265 383 698 801 254 1122 861 500 650 361 704 950 501 1051 980 886 822 640 0 1058 714 662 775 707 755 421 329 820 373 761 725 726 1011
1255 1189 1360 1211 1022 1359 1444 1019 1183 104 1086 94 1121 342 1361 1233 1300 1181 574 829 928 378 1362 1138 199 1422 762 997 906 1265 157 1039 120 441 875 1366 987 1058 0 1259 1207 1336 439 1206 966 1280 1381 1138 751 1270 1370 350
250 326 275 544 895 354 359 787 841 1335 327 1191 672 944 355 566 101 604 713 769 868 901 357 653 1322 416 553 289 847 260 1151 372 1252 1181 1075 282 325 714 1259 0 150 330 909 191 906 418 375 771 950 185 387 1212
141 274 194 492 843 245 278 735 789 1282 455 1139 620 892 246 514 230 552 661 717 816 849 248 601 1270 307 501 342 794 151 1099 320 1200 1129 1023 201 333 662 1207 150 0 221 857 320 854 365 266 719 898 104 278 1160
134 403 374 621 972 116 458 847 901 1411 635 1268 732 1021 167 643 410 664 790 846 945 978 120 713 1399 223 630 471 923 120 1228 449 1329 1258 1151 381 462 775 1336 330 221 0 986 500 983 478 182 832 1027 284 384 1289
906 839 1010 862 671 1010 1094 667 832 515 737 371 769 125 1011 884 950 829 223 477 576 79 1013 786 503 1072 411 647 555 916 331 690 432 361 658 1017 638 707 439 909 857 986 0 856 614 930 1031 786 533 920 1021 392
419 367 445 567 842 523 529 828 882 1282 153 1138 712 891 525 588 112 645 660 716 815 848 526 694 1269 586 500 246 794 429 1098 395 1199 1128 1022 451 282 755 1206 191 320 500 856 0 853 458 545 812 897 355 548 1159
903 817 1007 814 385 1006 1091 382 546 1041 733 898 483 651 1008 836 947 544 418 191 101 606 1010 500 1029 1069 407 644 103 913 858 687 959 888 793 1013 635 421 966 906 854 983 614 853 0 732 1028 501 669 917 1017 919
398 118 518 196 631 501 602 402 456 1355 593 1212 287 965 503 218 470 219 734 576 694 922 505 268 1343 564 574 415 672 407 1172 285 1273 1202 1096 525 406 329 1280 418 365 478 930 458 732 0 523 386 971 428 429 1233
650 919 890 1137 1487 676 974 1363 1417 1927 1151 1783 1248 1537 683 1158 926 1180 1305 1361 1460 1493 679 1229 1915 597 1145 987 1439 636 1743 965 1844 1773 1667 896 978 1290 1851 846 737 653 1502 1015 1498 993 0 1347 1543 800 899 1804
751 472 872 469 290 855 956 171 102 1213 838 1070 138 823 857 490 824 263 590 345 462 778 858 155 1201 918 579 707 441 761 1030 558 1131 1060 965 878 697 373 1138 771 719 832 786 812 501 386 877 0 841 782 783 1091
947 880 1051 903 725 1050 1135 722 886 774 777 683 823 436 1052 924 991 884 337 531 630 472 1054 840 814 1113 465 688 609 957 643 731 744 673 344 1057 679 761 751 950 898 1027 533 897 669 971 1072 841 0 961 1061 704
204 337 155 555 906 308 239 798 852 1345 491 1202 682 955 309 577 266 615 724 780 879 912 311 664 1333 370 564 405 857 214 1162 383 1263 1192 1085 161 396 725 1270 185 104 284 920 355 917 428 329 782 961 0 341 1223
303 400 431 592 1006 407 515 799 853 1446 684 1302 683 1056 409 614 467 616 824 880 979 1012 410 665 1434 470 664 506 958 313 1262 484 1363 1292 1186 437 496 726 1370 387 278 384 1021 548 1017 429 429 783 1061 341 0 1323
1208 1142 1312 1164 975 1312 1396 972 1136 425 1039 282 1073 295 1314 1186 1253 1134 527 781 880 331 1315 1090 291 1374 715 950 859 1218 229 992 343 117 828 1319 940 1011 350 1212 1160 1289 392 1159 919 1233 1333 1091 704 1223 1323 0
EOF