NAME : tsp_problem
TYPE : TSP
DIMENSION : 84
EDGE_WEIGHT_TYPE : EXPLICIT
EDGE_WEIGHT_FORMAT : FULL_MATRIX
EDGE_WEIGHT_SECTION
0 625 273 530 694 635 857 848 615 828 827 669 961 537 242 262 642 930 349 588 253 545 799 947 966 929 607 1027 234 931 518 861 112 1630 345 349 830 617 395 234 162 697 463 930 247 975 978 338 926 1580 895 613 735 352 548 517 931 933 961 415 843 310 578 784 723 646 642 562 985 843 579 604 525 893 937 943 325 998 250 619 885 676 563 643
625 0 458 850 1000 477 283 1166 93 247 1145 87 387 358 521 806 267 356 606 735 797 692 376 1265 1284 1247 450 1345 778 357 838 1178 571 1049 594 613 256 395 715 560 706 1015 284 349 791 393 1296 882 345 999 1213 456 154 601 173 511 350 358 387 622 325 854 894 1102 436 271 267 383 411 453 204 920 802 312 1255 368 375 416 794 245 367 389 725 959
273 458 0 646 810 645 690 964 448 661 943 501 794 370 93 378 474 763 465 704 369 661 632 1063 1082 1045 617 1143 350 764 634 977 219 1463 461 465 663 521 511 208 278 813 296 763 363 808 1094 454 759 1413 1011 623 568 468 381 633 764 766 794 531 676 426 694 900 665 478 475 394 818 683 412 720 641 726 1053 776 158 831 366 452 718 619 679 759
530 850 646 0 424 570 814 350 860 800 328 785 917 674 574 556 645 887 394 321 533 356 756 448 468 431 543 528 496 888 137 362 561 1602 382 401 786 553 187 684 494 198 735 903 542 947 480 489 898 1553 396 549 726 389 727 452 904 889 918 283 799 461 280 286 659 651 651 773 941 778 695 254 255 865 438 899 715 1053 582 654 841 612 292 215
694 1000 810 424 0 721 964 608 1010 951 587 935 1068 825 738 720 796 1037 545 295 697 329 906 706 726 689 693 787 660 1038 412 620 725 1753 533 552 937 704 351 848 658 457 885 1053 706 1098 738 653 1049 1703 655 699 876 540 877 603 1054 1039 1068 447 950 625 336 544 809 801 802 923 1092 929 845 362 216 1016 697 1049 879 1204 746 804 991 763 302 401
635 477 645 570 721 0 422 887 487 428 865 412 525 302 678 660 273 495 326 456 638 412 213 985 1005 968 126 1065 600 496 558 899 666 1230 314 333 414 181 435 746 599 735 362 530 647 575 1017 661 526 1180 933 121 354 321 354 232 531 497 526 342 256 633 614 823 151 278 279 401 550 245 322 641 523 493 975 507 562 681 686 282 298 184 446 679
857 283 690 814 964 422 0 1130 293 211 1109 218 162 480 754 904 256 131 570 699 881 656 239 1228 1248 1211 414 1309 844 132 802 1142 804 1013 558 577 140 359 678 792 842 979 517 314 890 358 1260 904 309 963 1177 420 159 564 338 475 314 134 162 585 188 876 858 1066 344 262 262 579 186 324 306 884 766 276 1219 144 608 487 930 265 230 353 689 923
848 1166 964 350 608 887 1130 0 1176 1117 217 1101 1234 991 892 874 962 1203 711 518 851 552 1072 337 262 299 859 378 814 1204 456 238 880 1919 699 718 1103 870 505 1002 813 181 1051 1219 861 1264 250 807 1215 1869 204 865 1042 706 1043 769 1220 1205 1234 601 1116 779 302 90 975 967 968 1089 1258 1095 1011 275 439 1182 125 1215 1034 1370 900 971 1157 929 525 237
615 93 448 860 1010 487 293 1176 0 257 1155 97 397 348 511 796 257 366 616 745 787 702 386 1275 1294 1257 460 1355 768 367 848 1188 561 1059 604 623 266 405 725 550 696 1025 274 359 781 403 1306 872 355 1009 1223 466 164 611 163 521 360 368 397 632 335 844 904 1112 446 261 257 373 421 463 194 930 812 322 1265 378 365 426 784 235 377 399 735 969
828 247 661 800 951 428 211 1117 257 0 1095 182 315 467 724 890 243 284 556 686 868 642 304 1215 1235 1198 401 1295 830 285 789 1129 774 862 545 563 184 346 665 763 829 965 487 163 877 207 1247 891 159 813 1164 406 123 551 324 462 164 287 315 572 253 863 845 1053 386 248 249 566 339 389 293 871 753 125 1206 297 578 450 917 252 295 340 676 910
827 1145 943 328 587 865 1109 217 1155 1095 0 1080 1212 969 871 853 940 1182 689 497 830 531 1051 188 208 171 838 268 793 1182 434 102 858 1897 677 696 1081 848 484 980 791 159 1030 1198 839 1242 220 786 1193 1847 106 844 1021 684 1022 747 1198 1184 1212 580 1094 758 280 153 954 946 946 1068 1236 1073 990 254 418 1160 186 1194 1012 1348 879 949 1136 907 503 215
669 87 501 785 935 412 218 1101 97 182 1080 0 321 402 565 850 227 291 541 670 841 627 311 1199 1219 1182 385 1280 815 292 773 1113 615 983 529 548 190 330 649 603 750 950 328 284 835 328 1231 875 280 934 1148 391 88 535 217 446 285 293 322 556 260 848 829 1037 371 233 233 427 346 388 248 855 737 246 1190 303 419 351 837 236 302 324 660 894
961 387 794 917 1068 525 162 1234 397 315 1212 321 0 584 857 1007 360 99 673 802 984 759 342 1332 1351 1314 517 1412 947 109 905 1246 907 1117 661 680 243 463 782 896 946 1082 620 417 994 462 1363 1008 413 1067 1280 523 263 668 441 579 418 101 139 689 291 980 961 1169 447 365 366 682 162 427 409 987 869 380 1322 87 711 590 1033 368 333 456 792 1026
537 358 370 674 825 302 480 991 348 467 969 402 584 0 433 718 312 553 430 559 709 516 422 1089 1108 1072 274 1169 690 554 662 1003 483 1269 418 437 453 178 539 471 618 839 87 569 703 614 1120 765 565 1219 1037 280 393 425 281 336 570 555 584 446 466 737 718 926 325 317 318 126 608 473 312 744 627 532 1079 565 287 720 706 321 507 279 549 783
242 521 93 574 738 678 754 892 511 724 871 565 857 433 0 306 538 827 392 632 297 588 696 990 1010 973 651 1071 278 828 562 904 273 1526 389 392 726 584 438 271 206 741 359 827 291 871 1022 382 822 1476 939 657 631 396 445 560 827 829 858 458 739 354 622 828 729 542 538 458 881 746 475 648 569 789 981 839 221 894 293 516 781 682 606 687
262 806 378 556 720 660 904 874 796 890 853 850 1007 718 306 0 735 977 374 614 91 570 846 972 992 955 633 1053 90 978 544 886 293 1692 371 374 876 643 420 301 139 723 644 993 95 1037 1004 364 989 1643 921 639 816 378 730 542 994 979 1008 440 889 336 604 810 749 741 741 743 1031 868 760 630 551 955 963 989 447 1143 98 744 931 702 588 669
642 267 474 645 796 273 256 962 257 243 940 227 360 312 538 735 0 329 401 531 713 487 198 1060 1080 1043 245 1140 675 330 633 974 588 1045 389 408 229 191 510 576 674 810 301 345 722 390 1092 736 341 995 1008 251 169 396 140 307 346 331 360 417 242 708 689 898 231 64 64 400 384 249 108 716 598 308 1050 341 392 496 761 67 284 185 521 754
930 356 763 887 1037 495 131 1203 366 284 1182 291 99 553 827 977 329 0 642 772 954 729 312 1301 1321 1284 487 1381 917 78 875 1215 876 1086 631 650 213 432 751 865 915 1052 590 387 963 431 1333 977 382 1036 1250 493 232 637 411 548 387 80 108 658 261 949 931 1139 417 335 335 652 132 397 379 957 839 349 1292 71 681 560 1003 338 303 426 762 996
349 606 465 394 545 326 570 711 616 556 689 541 673 430 392 374 401 642 0 279 352 236 511 809 828 792 299 889 314 643 382 723 380 1358 53 57 542 309 259 502 313 559 491 659 361 703 840 419 654 1308 757 305 482 60 482 208 659 645 673 166 555 391 438 646 414 406 407 529 697 534 451 464 347 621 799 655 534 809 400 410 597 368 269 503
588 735 704 321 295 456 699 518 745 686 497 670 802 559 632 614 531 772 279 0 591 64 641 616 636 599 428 696 554 773 309 530 619 1488 268 287 671 438 249 742 552 367 620 788 600 833 648 551 784 1438 565 434 611 274 612 338 789 774 803 295 684 523 246 454 544 536 537 658 827 664 580 272 97 751 607 784 773 939 640 539 726 497 53 311
253 797 369 533 697 638 881 851 787 868 830 841 984 709 297 91 713 954 352 591 0 548 823 950 969 932 610 1030 68 955 521 863 284 1669 348 352 853 620 398 292 130 700 635 970 77 1014 981 341 966 1620 898 616 793 355 721 519 971 956 985 418 866 313 581 787 726 718 718 734 1008 846 751 607 528 932 940 966 438 1121 89 721 908 679 566 646
545 692 661 356 329 412 656 552 702 642 531 627 759 516 588 570 487 729 236 64 548 0 598 651 670 633 385 731 510 730 344 565 576 1444 224 243 628 395 283 698 509 401 577 745 557 789 682 571 740 1395 599 391 568 231 569 294 745 731 760 252 641 543 280 488 501 493 493 615 783 620 537 306 131 707 641 741 730 895 596 496 683 454 87 345
799 376 632 756 906 213 239 1072 386 304 1051 311 342 422 696 846 198 312 511 641 823 598 0 1170 1190 1153 239 1250 786 313 744 1084 745 1106 500 519 233 301 620 734 784 920 459 407 832 451 1202 846 402 1057 1119 234 252 506 280 346 408 314 343 527 73 818 800 1008 135 203 204 521 367 114 248 826 708 369 1161 324 550 580 872 207 115 167 631 865
947 1265 1063 448 706 985 1228 337 1275 1215 188 1199 1332 1089 990 972 1060 1301 809 616 950 651 1170 0 196 159 958 95 912 1302 554 222 978 2017 797 816 1201 968 604 1100 911 279 1149 1317 959 1362 208 906 1313 1967 256 963 1141 804 1141 867 1318 1304 1332 699 1214 878 400 273 1073 1065 1066 1188 1356 1193 1109 374 538 1280 302 1314 1132 1468 998 1069 1256 1027 623 335
966 1284 1082 468 726 1005 1248 262 1294 1235 208 1219 1351 1108 1010 992 1080 1321 828 636 969 670 1190 196 0 57 977 239 932 1322 574 229 997 2037 817 836 1220 987 623 1120 931 299 1169 1337 978 1382 73 925 1333 1987 195 983 1160 823 1161 887 1338 1323 1352 719 1233 897 419 292 1093 1085 1086 1207 1376 1213 1129 393 557 1300 159 1333 1151 1488 1018 1088 1275 1046 643 354
929 1247 1045 431 689 968 1211 299 1257 1198 171 1182 1314 1072 973 955 1043 1284 792 599 932 633 1153 159 57 0 940 239 895 1285 537 205 960 2000 780 799 1183 951 586 1083 894 262 1132 1300 942 1345 69 888 1296 1950 232 946 1123 787 1124 850 1301 1286 1315 682 1197 860 382 256 1056 1048 1049 1170 1339 1176 1092 356 520 1263 196 1296 1114 1451 981 1051 1238 1009 606 317
607 450 617 543 693 126 414 859 460 401 838 385 517 274 651 633 245 487 299 428 610 385 239 958 977 940 0 1038 573 488 531 871 638 1202 287 306 386 153 408 719 571 708 335 503 619 547 989 634 499 1153 906 120 326 294 327 204 504 489 518 315 283 606 587 795 178 251 251 373 541 272 295 613 495 465 948 499 535 654 659 254 325 211 418 652
1027 1345 1143 528 787 1065 1309 378 1355 1295 268 1280 1412 1169 1071 1053 1140 1381 889 696 1030 731 1250 95 239 239 1038 0 993 1382 634 302 1058 2097 877 896 1281 1048 684 1180 991 359 1230 1398 1039 1442 227 986 1393 2047 310 1044 1221 884 1221 947 1398 1384 1412 780 1294 958 480 353 1153 1145 1146 1268 1436 1273 1190 454 618 1360 275 1394 1212 1548 1079 1149 1336 1107 703 415
234 778 350 496 660 600 844 814 768 830 793 815 947 690 278 90 675 917 314 554 68 510 786 912 932 895 573 993 0 918 484 826 265 1632 311 314 816 583 360 327 165 663 616 933 77 977 944 304 929 1583 861 579 756 318 702 482 934 919 948 380 829 276 544 750 689 681 681 715 971 808 725 570 491 895 903 929 419 1083 123 684 871 642 528 609
931 357 764 888 1038 496 132 1204 367 285 1182 292 109 554 828 978 330 78 643 773 955 730 313 1302 1322 1285 488 1382 918 0 876 1216 877 1087 632 650 214 433 752 866 916 1052 591 388 964 432 1334 978 383 1037 1251 494 233 638 411 549 388 80 62 659 262 950 932 1140 418 335 336 653 85 398 380 958 840 350 1293 90 682 561 1004 339 304 427 763 997
518 838 634 137 412 558 802 456 848 789 434 773 905 662 562 544 633 875 382 309 521 344 744 554 574 537 531 634 484 876 0 468 549 1590 371 389 774 541 175 672 482 304 723 891 530 935 586 477 887 1541 502 537 714 377 715 440 892 877 906 271 787 449 296 391 647 639 639 761 929 766 683 322 243 853 544 887 703 1041 570 642 829 600 280 321
861 1178 977 362 620 899 1142 238 1188 1129 102 1113 1246 1003 904 886 974 1215 723 530 863 565 1084 222 229 205 871 302 826 1216 468 0 892 1931 711 730 1115 882 518 1014 825 193 1063 1231 873 1276 217 820 1227 1881 55 877 1055 718 1055 781 1232 1218 1246 613 1128 792 314 187 987 979 980 1102 1270 1107 1023 288 452 1194 135 1228 1046 1382 912 983 1170 941 537 249
112 571 219 561 725 666 804 880 561 774 858 615 907 483 273 293 588 876 380 619 284 576 745 978 997 960 638 1058 265 877 549 892 0 1576 376 380 776 634 426 180 193 728 409 876 278 921 1009 369 872 1526 926 644 681 383 494 548 877 879 907 446 789 341 609 815 754 592 588 508 931 796 525 635 556 839 968 889 271 944 281 566 831 707 594 674
1647 1066 1480 1620 1770 1247 1030 1936 1076 880 1914 1001 1134 1286 1543 1710 1062 1103 1375 1505 1687 1462 1124 2034 2054 2017 1220 2114 1650 1104 1608 1948 1593 0 1364 1382 1003 1165 1484 1582 1648 1784 1306 912 1696 809 2066 1710 902 1394 1983 1226 942 1370 1143 1281 912 1106 1134 1391 1072 1682 1664 1872 1206 1067 1068 1385 1158 1208 1112 1690 1572 874 2025 1116 1397 1269 1736 1071 1114 1159 1495 1729
345 594 461 382 533 314 558 699 604 545 677 529 661 418 389 371 389 631 53 268 348 224 500 797 817 780 287 877 311 632 371 711 376 1346 0 53 530 297 247 498 309 547 479 647 357 691 829 415 643 1297 746 293 470 56 471 196 648 633 662 154 543 387 427 635 403 395 395 517 685 523 439 453 335 609 788 643 530 798 397 398 585 356 258 492
349 613 465 401 552 333 577 718 623 563 696 548 680 437 392 374 408 650 57 287 352 243 519 816 836 799 306 896 314 650 389 730 380 1365 53 0 549 316 266 502 313 566 498 666 361 710 848 419 661 1315 764 312 489 60 490 215 666 652 680 173 562 391 445 653 422 413 414 536 704 541 458 472 354 628 806 662 534 816 400 417 604 375 276 510
830 256 663 786 937 414 140 1103 266 184 1081 190 243 453 726 876 229 213 542 671 853 628 233 1201 1220 1183 386 1281 816 214 774 1115 776 986 530 549 0 332 651 765 815 951 489 286 863 330 1232 877 282 936 1149 392 132 537 310 448 287 215 244 558 182 849 830 1038 338 234 235 551 267 318 278 856 738 249 1191 225 580 459 902 237 224 325 661 895
617 395 521 553 704 181 359 870 405 346 848 330 463 178 584 643 191 432 309 438 620 395 301 968 987 951 153 1048 583 433 541 882 634 1148 297 316 332 0 418 622 582 718 238 448 630 493 999 644 444 1098 916 159 271 304 272 215 449 434 463 325 345 616 597 805 204 196 197 277 487 352 240 623 506 411 958 444 438 599 669 200 386 158 428 662
395 715 511 187 351 435 678 505 725 665 484 649 782 539 438 420 510 751 259 249 398 283 620 604 623 586 408 684 360 752 175 518 426 1467 247 266 651 418 0 548 359 354 600 768 407 812 635 354 763 1417 552 413 591 254 591 317 768 754 782 148 664 326 235 441 523 515 516 638 806 643 560 261 182 730 594 764 580 918 446 519 706 477 220 300
234 560 208 684 848 746 792 1002 550 763 980 603 896 471 271 301 576 865 502 742 292 698 734 1100 1120 1083 719 1180 327 866 672 1014 180 1564 498 502 765 622 548 0 304 850 397 865 286 909 1132 492 861 1515 1049 725 670 506 483 670 866 867 896 568 778 464 732 938 767 580 577 496 920 785 514 758 679 827 1091 877 259 932 288 554 819 721 716 797
162 706 278 494 658 599 842 813 696 829 791 750 946 618 206 139 674 915 313 552 130 509 784 911 931 894 571 991 165 916 482 825 193 1631 309 313 815 582 359 304 0 661 544 931 124 976 943 303 927 1581 859 577 755 316 630 481 932 918 946 379 828 275 542 748 687 679 680 643 970 807 660 569 490 894 901 927 347 1079 127 683 870 641 527 607
697 1015 813 198 457 735 979 181 1025 965 159 950 1082 839 741 723 810 1052 559 367 700 401 920 279 299 262 708 359 663 1052 304 193 728 1767 547 566 951 718 354 850 661 0 900 1068 709 1112 311 656 1063 1717 227 714 891 554 892 617 1068 1054 1082 450 964 628 150 116 823 815 816 938 1106 943 860 124 288 1030 269 1064 882 1218 749 819 1006 777 373 85
463 284 296 735 885 362 517 1051 274 487 1030 328 620 87 359 644 301 590 491 620 635 577 459 1149 1169 1132 335 1230 616 591 723 1063 409 1289 479 498 489 238 600 397 544 900 0 589 629 634 1181 720 585 1239 1098 341 394 486 207 396 590 592 621 506 502 692 779 987 386 305 301 112 644 509 238 805 687 552 1140 602 213 657 632 279 544 339 610 844
930 349 763 903 1053 530 314 1219 359 163 1198 284 417 569 827 993 345 387 659 788 970 745 407 1317 1337 1300 503 1398 933 388 891 1231 876 894 647 666 286 448 768 865 931 1068 589 0 979 239 1349 994 190 845 1266 509 225 654 427 564 33 389 417 674 356 966 947 1155 489 351 351 668 441 492 395 973 855 102 1308 399 681 553 1019 354 397 442 778 1012
247 791 363 542 706 647 890 861 781 877 839 835 994 703 291 95 722 963 361 600 77 557 832 959 978 942 619 1039 77 964 530 873 278 1679 357 361 863 630 407 286 124 709 629 979 0 1024 990 351 975 1629 907 625 802 364 714 529 980 965 994 427 876 323 590 796 735 727 728 728 1018 855 745 616 537 942 949 975 432 1130 82 730 917 689 575 655
1386 804 1219 1358 1509 986 769 1675 814 618 1653 739 872 1025 1282 1448 801 842 1114 1244 1425 1200 862 1773 1793 1756 958 1853 1388 843 1346 1687 1332 695 1102 1121 741 904 1223 1320 1387 1523 1045 650 1435 0 1805 1449 641 1133 1721 964 681 1109 882 1020 651 844 873 1130 811 1421 1402 1610 944 806 807 1124 897 947 850 1429 1311 613 1763 854 1136 1008 1474 810 853 898 1234 1467
978 1296 1094 480 738 1017 1260 250 1306 1247 220 1231 1363 1120 1022 1004 1092 1333 840 648 981 682 1202 208 73 69 989 227 944 1334 586 217 1009 2049 829 848 1232 999 635 1132 943 311 1181 1349 990 1394 0 937 1345 1999 183 995 1172 835 1173 899 1350 1335 1364 731 1245 909 431 303 1105 1097 1098 1219 1388 1225 1141 405 569 1312 147 1345 1163 1500 1030 1100 1287 1058 655 366
338 882 454 489 653 661 904 807 872 891 786 875 1008 765 382 364 736 977 419 551 341 571 846 906 925 888 634 986 304 978 477 820 369 1693 415 419 877 644 354 492 303 656 720 994 351 1038 937 0 989 1643 854 639 817 422 806 543 994 980 1008 374 890 76 537 743 749 741 742 819 1032 869 786 563 484 956 896 990 523 1144 390 745 932 703 522 602
926 345 759 898 1049 526 309 1215 355 159 1193 280 413 565 822 989 341 382 654 784 966 740 402 1313 1333 1296 499 1393 929 383 887 1227 872 885 643 661 282 444 763 861 927 1063 585 190 975 230 1345 989 0 835 1262 504 221 649 422 560 191 385 413 670 351 961 943 1151 484 346 347 664 437 487 391 969 851 153 1304 395 676 548 1015 350 393 438 774 1008
1216 635 1049 1189 1339 816 599 1505 645 449 1483 570 703 855 1112 1279 631 672 944 1074 1256 1031 693 1603 1623 1586 789 1683 1219 673 1177 1517 1162 1034 933 951 572 734 1053 1151 1217 1353 875 481 1265 378 1635 1279 471 0 1552 795 511 939 712 850 481 675 703 960 642 1251 1233 1441 775 636 637 954 727 777 681 1259 1141 443 1594 685 966 838 1305 640 683 728 1064 1298
895 1213 1011 396 655 933 1177 204 1223 1164 106 1148 1280 1037 939 921 1008 1250 757 565 898 599 1119 256 195 232 906 310 861 1251 502 55 926 1965 746 764 1149 916 552 1049 859 227 1098 1266 907 1310 183 854 1262 1916 0 912 1089 752 1090 815 1267 1252 1281 648 1162 826 348 221 1022 1014 1014 1136 1304 1141 1058 322 486 1228 101 1262 1080 1416 947 1017 1204 975 572 283
613 456 623 549 699 121 420 865 466 406 844 391 523 280 657 639 251 493 305 434 616 391 234 963 983 946 120 1044 579 494 537 877 644 1208 293 312 392 159 413 725 577 714 341 509 625 553 995 639 504 1159 912 0 332 299 333 210 509 495 524 320 278 611 593 801 173 257 257 379 547 267 301 619 501 471 954 505 540 659 665 260 319 206 424 658
735 154 568 726 876 354 159 1042 164 123 1021 88 263 393 631 816 169 232 482 611 793 568 252 1141 1160 1123 326 1221 756 233 714 1055 681 925 470 489 132 271 591 670 755 891 394 225 802 270 1172 817 221 875 1089 332 0 477 250 388 226 235 263 498 201 789 770 978 312 174 174 491 287 329 218 796 678 188 1131 245 485 357 842 177 243 265 601 835
352 601 468 389 540 321 564 706 611 551 684 535 668 425 396 378 396 637 60 274 355 231 506 804 823 787 294 884 318 638 377 718 383 1353 56 60 537 304 254 506 316 554 486 654 364 698 835 422 649 1303 752 299 477 0 477 203 654 640 668 161 550 394 433 641 409 401 402 524 692 529 446 459 342 616 794 650 537 804 404 405 592 363 264 498
548 173 381 727 877 354 338 1043 163 324 1022 217 441 281 445 730 140 411 482 612 721 569 280 1141 1161 1124 327 1221 702 411 715 1055 494 1126 471 490 310 272 591 483 630 892 207 427 714 471 1173 806 422 1076 1090 333 250 477 0 388 427 413 441 498 323 778 771 979 313 145 146 306 465 330 127 797 679 389 1132 423 299 546 717 148 365 266 602 836
517 511 633 452 603 232 475 769 521 462 747 446 579 336 560 542 307 548 208 338 519 294 346 867 887 850 204 947 482 549 440 781 548 1264 196 215 448 215 317 670 481 617 396 564 529 609 899 543 560 1214 815 210 388 203 388 0 565 550 579 224 390 515 496 705 285 312 313 434 603 369 356 523 405 527 857 560 596 715 568 316 432 274 328 561
931 350 764 904 1054 531 314 1220 360 164 1198 285 418 570 827 994 346 387 659 789 971 745 408 1318 1338 1301 504 1398 934 388 892 1232 877 895 648 666 287 449 768 866 932 1068 590 33 980 240 1350 994 191 845 1267 509 226 654 427 565 0 390 418 675 356 966 948 1156 489 351 352 669 442 492 396 974 856 103 1309 400 681 553 1020 355 398 443 779 1013
933 358 766 889 1039 497 134 1205 368 287 1184 293 101 555 829 979 331 80 645 774 956 731 314 1304 1323 1286 489 1384 919 80 877 1218 879 1088 633 652 215 434 754 867 918 1054 592 389 965 433 1335 980 385 1039 1252 495 235 640 413 550 390 0 110 661 263 952 933 1141 419 337 337 654 134 399 381 959 841 351 1294 74 683 562 1005 340 305 428 764 998
961 387 794 918 1068 526 162 1234 397 315 1212 322 139 584 858 1008 360 108 673 803 985 760 343 1332 1352 1315 518 1412 948 62 906 1246 907 1117 662 680 244 463 782 896 946 1082 621 417 994 462 1364 1008 413 1067 1281 524 263 668 441 579 418 110 0 689 292 980 962 1170 448 365 366 683 83 428 410 988 870 380 1323 120 712 591 1034 369 334 457 793 1027
415 622 531 283 447 342 585 601 632 572 580 556 689 446 458 440 417 658 166 295 418 252 527 699 719 682 315 780 380 659 271 613 446 1374 154 173 558 325 148 568 379 450 506 674 427 719 731 374 670 1324 648 320 498 161 498 224 675 661 689 0 571 346 331 537 430 422 423 545 713 550 466 357 278 637 690 671 600 825 466 426 613 384 285 396
843 325 676 799 950 256 188 1116 335 253 1094 260 291 466 739 889 242 261 555 684 866 641 73 1214 1233 1197 283 1294 829 262 787 1128 789 1055 543 562 182 345 664 778 828 964 502 356 876 400 1245 890 351 1005 1162 278 201 550 323 390 356 263 292 571 0 862 843 1051 178 247 248 565 316 151 291 870 752 318 1204 273 593 529 915 250 64 211 674 908
310 854 426 461 625 633 876 779 844 863 758 848 980 737 354 336 708 949 391 523 313 543 818 878 897 860 606 958 276 950 449 792 341 1665 387 391 849 616 326 464 275 628 692 966 323 1010 909 76 961 1615 826 611 789 394 778 515 966 952 980 346 862 0 509 715 721 713 714 791 1004 841 758 535 456 928 868 962 495 1116 362 717 904 675 494 574
578 894 694 280 336 614 858 302 904 845 280 829 961 718 622 604 689 931 438 246 581 280 800 400 419 382 587 480 544 932 296 314 609 1646 427 445 830 597 235 732 542 150 779 947 590 991 431 537 943 1597 348 593 770 433 771 496 948 933 962 331 843 509 0 237 703 695 695 817 985 822 739 55 167 909 390 943 763 1097 630 698 885 656 253 94
784 1102 900 286 544 823 1066 90 1112 1053 153 1037 1169 926 828 810 898 1139 646 454 787 488 1008 273 292 256 795 353 750 1140 391 187 815 1855 635 653 1038 805 441 938 748 116 987 1155 796 1199 303 743 1151 1805 221 801 978 641 979 705 1156 1141 1170 537 1051 715 237 0 911 903 903 1025 1193 1031 947 211 375 1118 178 1151 969 1306 836 906 1093 864 461 172
723 436 665 659 809 151 344 975 446 386 954 371 447 325 729 749 231 417 414 544 726 501 135 1073 1093 1056 178 1153 689 418 647 987 754 1188 403 422 338 204 523 767 687 823 386 489 735 533 1105 749 484 1139 1022 173 312 409 313 285 489 419 448 430 178 721 703 911 0 237 237 424 472 185 281 729 611 451 1064 429 583 639 775 240 220 106 534 768
646 271 478 651 801 278 262 967 261 248 946 233 365 317 542 741 64 335 406 536 718 493 203 1065 1085 1048 251 1145 681 335 639 979 592 1050 395 413 234 196 515 580 679 815 305 351 727 395 1097 741 346 1000 1014 257 174 401 145 312 351 337 365 422 247 713 695 903 237 0 70 404 389 254 113 721 603 313 1056 347 396 501 767 72 289 190 526 760
642 267 475 651 802 279 262 968 257 249 946 233 366 318 538 741 64 335 407 537 718 493 204 1066 1086 1049 251 1146 681 336 639 980 588 1051 395 414 235 197 516 577 680 816 301 351 728 396 1098 742 347 1001 1014 257 174 402 146 313 352 337 366 423 248 714 695 903 237 70 0 400 390 255 114 722 604 314 1056 347 392 502 767 73 289 191 526 760
562 383 394 773 923 401 579 1089 373 566 1068 427 682 126 458 743 400 652 529 658 734 615 521 1188 1207 1170 373 1268 715 653 761 1102 508 1368 517 536 551 277 638 496 643 938 112 668 728 713 1219 819 664 1318 1136 379 491 524 306 434 669 654 683 545 565 791 817 1025 424 404 400 0 707 571 337 843 725 631 1178 664 312 756 730 378 606 377 648 882
985 411 818 941 1092 550 186 1258 421 339 1236 346 162 608 881 1031 384 132 697 827 1008 783 367 1356 1376 1339 541 1436 971 85 929 1270 931 1141 685 704 267 487 806 920 970 1106 644 441 1018 486 1388 1032 437 1091 1304 547 287 692 465 603 442 134 83 713 316 1004 985 1193 472 389 390 707 0 452 433 1012 894 404 1346 144 736 614 1057 393 357 481 817 1050
843 453 683 778 929 245 324 1095 463 389 1073 388 427 473 746 868 249 397 534 664 846 620 114 1193 1213 1176 272 1273 808 398 766 1107 796 1191 523 541 318 352 643 785 807 943 509 492 855 536 1225 869 487 1141 1141 267 329 529 330 369 492 399 428 550 151 841 822 1031 185 254 255 571 452 0 298 849 731 454 1183 409 600 657 894 257 126 218 654 888
579 204 412 695 845 322 306 1011 194 293 990 248 409 312 475 760 108 379 451 580 751 537 248 1109 1129 1092 295 1190 725 380 683 1023 525 1094 439 458 278 240 560 514 660 860 238 395 745 439 1141 786 391 1045 1058 301 218 446 127 356 396 381 410 466 291 758 739 947 281 113 114 337 433 298 0 765 647 357 1100 391 329 545 748 117 333 234 570 804
604 920 720 254 362 641 884 275 930 871 254 855 987 744 648 630 716 957 464 272 607 306 826 374 393 356 613 454 570 958 322 288 635 1673 453 472 856 623 261 758 569 124 805 973 616 1018 405 563 969 1623 322 619 796 459 797 523 974 959 988 357 870 535 55 211 729 721 722 843 1012 849 765 0 193 936 364 969 789 1124 656 724 911 682 279 68
525 802 641 255 216 523 766 439 812 753 418 737 869 627 569 551 598 839 347 97 528 131 708 538 557 520 495 618 491 840 243 452 556 1555 335 354 738 506 182 679 490 288 687 855 537 900 569 484 851 1505 486 501 678 342 679 405 856 841 870 278 752 456 167 375 611 603 604 725 894 731 647 193 0 818 528 851 710 1006 577 606 793 565 104 232
893 312 726 865 1016 493 276 1182 322 125 1160 246 380 532 789 955 308 349 621 751 932 707 369 1280 1300 1263 465 1360 895 350 853 1194 839 857 609 628 249 411 730 827 894 1030 552 102 942 202 1312 956 153 807 1228 471 188 616 389 527 103 351 380 637 318 928 909 1118 451 313 314 631 404 454 357 936 818 0 1270 361 643 515 981 317 360 405 741 974
937 1255 1053 438 697 975 1219 125 1265 1206 186 1190 1322 1079 981 963 1050 1292 799 607 940 641 1161 302 159 196 948 275 903 1293 544 135 968 2007 788 806 1191 958 594 1091 901 269 1140 1308 949 1352 147 896 1304 1958 101 954 1131 794 1132 857 1309 1294 1323 690 1204 868 390 178 1064 1056 1056 1178 1346 1183 1100 364 528 1270 0 1304 1122 1458 989 1059 1246 1017 614 325
943 368 776 899 1049 507 144 1215 378 297 1194 303 87 565 839 989 341 71 655 784 966 741 324 1314 1333 1296 499 1394 929 90 887 1228 889 1098 643 662 225 444 764 877 927 1064 602 399 975 443 1345 990 395 1049 1262 505 245 650 423 560 400 74 120 671 273 962 943 1151 429 347 347 664 144 409 391 969 851 361 1304 0 693 572 1015 350 315 438 774 1008
325 375 158 715 879 562 608 1034 365 578 1012 419 711 287 221 447 392 681 534 773 438 730 550 1132 1151 1114 535 1212 419 682 703 1046 271 1380 530 534 580 438 580 259 347 882 213 681 432 725 1163 523 676 1330 1080 540 485 537 299 596 681 683 712 600 593 495 763 969 583 396 392 312 736 600 329 789 710 643 1122 693 0 748 435 370 635 536 748 828
998 416 831 1053 1204 681 487 1370 426 450 1348 351 590 720 894 1143 496 560 809 939 1121 895 580 1468 1488 1451 654 1548 1083 561 1041 1382 944 1252 798 816 459 599 918 932 1079 1218 657 553 1130 597 1500 1144 548 1202 1416 659 357 804 546 715 553 562 591 825 529 1116 1097 1306 639 501 502 756 614 657 545 1124 1006 515 1458 572 748 0 1167 505 571 593 929 1163
250 794 366 582 746 686 930 900 784 917 879 837 1033 706 293 98 761 1003 400 640 89 596 872 998 1018 981 659 1079 123 1004 570 912 281 1718 397 400 902 669 446 288 127 749 632 1019 82 1063 1030 390 1015 1669 947 665 842 404 717 568 1020 1005 1034 466 915 362 630 836 775 767 767 730 1057 894 748 656 577 981 989 1015 435 1167 0 770 957 728 615 695
619 245 452 654 804 282 265 971 235 252 949 236 368 321 516 744 67 338 410 539 721 496 207 1069 1088 1051 254 1149 684 339 642 983 566 1054 398 417 237 200 519 554 683 819 279 354 730 399 1100 745 350 1004 1017 260 177 405 148 316 355 340 369 426 250 717 698 906 240 72 73 378 393 257 117 724 606 317 1059 350 370 505 770 0 292 193 529 763
885 367 718 841 991 298 230 1157 377 295 1136 302 333 507 781 931 284 303 597 726 908 683 115 1256 1275 1238 325 1336 871 304 829 1170 831 1097 585 604 224 386 706 819 870 1006 544 397 917 442 1287 932 393 1047 1204 319 243 592 365 432 398 305 334 613 64 904 885 1093 220 289 289 606 357 126 333 911 793 360 1246 315 635 571 957 292 0 253 716 950
676 389 619 612 763 184 353 929 399 340 907 324 456 279 682 702 185 426 368 497 679 454 167 1027 1046 1009 211 1107 642 427 600 941 707 1142 356 375 325 158 477 721 641 777 339 442 689 487 1058 703 438 1092 975 206 265 363 266 274 443 428 457 384 211 675 656 864 106 190 191 377 481 218 234 682 565 405 1017 438 536 593 728 193 253 0 487 721
563 725 679 292 302 446 689 525 735 676 503 660 792 549 606 588 521 762 269 53 566 87 631 623 643 606 418 703 528 763 280 537 594 1478 258 276 661 428 220 716 527 373 610 778 575 823 655 522 774 1428 572 424 601 264 602 328 779 764 793 285 674 494 253 461 534 526 526 648 817 654 570 279 104 741 614 774 748 929 615 529 716 487 0 318
643 959 759 215 401 679 923 237 969 910 215 894 1026 783 687 669 754 996 503 311 646 345 865 335 354 317 652 415 609 997 321 249 674 1711 492 510 895 662 300 797 607 85 844 1012 655 1056 366 602 1008 1662 283 658 835 498 836 561 1013 998 1027 396 908 574 94 172 768 760 760 882 1050 888 804 68 232 974 325 1008 828 1163 695 763 950 721 318 0
EOF