NAME : tsp_problem
TYPE : TSP
DIMENSION : 50
EDGE_WEIGHT_TYPE : EXPLICIT
EDGE_WEIGHT_FORMAT : FULL_MATRIX
EDGE_WEIGHT_SECTION
0 439 595 383 563 719 497 623 706 565 448 376 519 485 592 1222 1250 502 190 636 597 974 576 419 662 1179 649 712 632 731 818 756 608 553 586 742 623 507 598 944 599 511 756 1028 68 562 767 538 512 757
439 0 320 295 201 892 135 349 879 203 555 288 432 658 318 1394 975 674 395 361 322 1146 749 592 835 1352 624 687 367 904 793 731 781 190 312 783 796 145 324 670 772 149 764 1201 433 735 939 176 685 929
595 320 0 372 444 969 378 213 956 446 632 365 492 735 46 1471 839 752 472 225 50 1223 826 669 912 1429 684 747 421 981 853 792 858 434 40 844 873 388 52 534 849 392 824 1278 589 812 1016 419 762 1006
383 295 372 0 419 743 352 400 730 421 324 110 164 509 369 1246 1027 526 246 412 374 998 600 443 686 1203 356 419 396 755 525 463 632 408 363 515 647 362 375 721 623 367 496 1052 377 586 768 394 537 781
563 201 444 419 0 1015 131 472 1002 62 679 412 555 781 441 1518 1099 798 518 485 446 1270 872 715 958 1475 747 810 491 1028 916 854 905 107 435 907 920 94 447 793 895 98 887 1325 557 858 1063 92 809 1053
719 892 969 743 1015 0 949 997 307 1017 764 736 703 459 966 1040 1624 476 583 1009 970 792 392 343 478 997 505 447 993 333 461 392 424 1005 960 343 440 959 972 1318 419 963 357 846 713 378 368 990 268 75
497 135 378 352 131 949 0 406 936 133 612 345 489 715 375 1451 1033 732 452 418 379 1204 806 649 892 1409 681 744 424 961 850 788 838 121 369 840 853 75 381 727 829 79 821 1258 491 792 996 106 742 986
1095 820 684 872 944 1469 878 0 1456 946 1132 865 992 1235 682 1971 1177 1251 972 583 686 1723 1325 1169 1412 1929 1184 1247 921 1481 1353 1291 1358 933 675 1344 1373 888 687 384 1348 892 1324 1778 1089 1312 1516 919 1262 1506
706 879 956 730 1002 307 936 984 0 1004 707 723 647 514 953 1094 1611 530 570 996 957 847 447 398 533 1052 449 391 980 70 325 336 479 992 947 287 494 946 959 1305 474 951 301 901 700 433 112 977 322 345
565 203 446 421 62 1017 133 474 1004 0 681 414 557 783 443 1520 1101 800 520 486 448 1272 874 717 960 1477 749 812 493 1029 918 856 906 109 437 909 922 96 449 795 897 100 889 1326 559 860 1065 94 811 1055
448 555 632 324 679 764 612 660 707 681 0 331 192 574 629 1311 1287 591 311 673 634 1063 665 508 751 1268 285 348 593 706 454 392 697 668 623 444 713 623 635 981 688 627 425 1117 442 651 697 654 602 801
376 288 365 110 412 736 345 393 723 414 331 0 171 502 362 1239 1020 519 239 406 367 991 593 436 679 1196 363 426 389 749 532 470 626 401 356 522 641 356 368 714 616 360 503 1046 370 579 775 387 530 774
519 432 492 164 555 703 489 521 647 557 192 171 0 646 490 1382 1147 663 383 533 494 1135 737 580 823 1340 224 288 433 646 393 332 769 545 484 384 784 499 495 841 760 503 364 1189 513 723 637 530 673 740
485 658 735 509 781 459 715 763 514 783 574 502 646 0 732 800 1390 81 349 775 736 553 177 242 263 758 712 653 759 539 667 598 210 771 726 550 225 725 738 1084 178 730 563 607 479 163 574 756 252 496
592 318 46 369 441 966 375 210 953 443 629 362 490 732 0 1468 837 749 469 222 47 1221 823 666 909 1426 682 745 418 978 851 789 855 431 37 841 870 385 49 531 846 390 822 1275 586 809 1013 416 759 1003
1222 1394 1471 1246 1518 1040 1451 1499 1094 1520 1311 1239 1382 800 1468 0 2126 798 1085 1512 1473 273 671 847 612 353 1292 1234 1495 1119 1248 1179 660 1507 1462 1130 625 1461 1474 1820 661 1466 1144 226 1216 681 1155 1493 833 1077
879 604 468 656 728 1253 662 355 1240 730 916 649 776 1019 466 1755 0 1035 756 367 470 1507 1110 953 1196 1713 968 1031 705 1265 1137 1075 1142 718 460 1128 1157 672 471 676 1133 676 1108 1562 873 1096 1300 703 1046 1290
502 674 752 526 798 476 732 780 530 800 591 519 663 81 749 798 1406 0 366 792 753 550 194 258 280 755 728 670 776 555 683 615 226 788 743 566 241 742 755 1101 185 746 580 604 496 180 591 773 269 513
190 395 472 246 518 583 452 500 570 520 311 239 383 349 469 1085 1127 366 0 512 473 838 440 283 526 1043 512 576 496 595 681 620 472 508 463 606 487 462 475 821 463 467 620 892 184 426 630 493 376 620
1063 789 653 840 912 1437 846 539 1424 914 1100 833 960 1203 650 1939 1145 1220 940 0 654 1692 1294 1137 1380 1897 1152 1216 889 1449 1322 1260 1326 902 644 1312 1341 856 656 352 1317 860 1292 1746 1057 1280 1484 887 1230 1474
597 322 50 374 446 970 379 214 957 448 634 367 494 736 47 1473 841 753 473 226 0 1225 827 670 913 1430 686 749 422 983 855 793 860 435 41 845 875 389 53 535 850 394 826 1279 591 813 1018 421 764 1008
974 1146 1223 998 1270 792 1204 1252 847 1272 1063 991 1135 553 1221 273 1878 550 838 1264 1225 0 424 600 364 231 1045 986 1248 872 1000 931 412 1259 1215 883 377 1214 1226 1573 414 1218 896 80 968 433 907 1245 585 829
576 749 826 600 872 392 806 854 447 874 665 593 737 177 823 671 1481 194 440 866 827 424 0 200 110 629 645 586 850 472 600 532 56 862 817 483 71 816 829 1175 137 820 496 478 570 57 507 847 185 430
419 592 669 443 715 343 649 697 398 717 508 436 580 242 666 847 1324 258 283 709 670 600 200 0 286 805 596 537 693 423 551 482 232 705 660 434 247 659 672 1018 227 663 447 654 413 186 458 690 136 380
662 835 912 686 958 478 892 940 533 960 751 679 823 263 909 612 1567 280 526 952 913 364 110 286 0 569 731 672 936 558 686 618 99 948 903 569 63 902 915 1261 224 907 583 418 656 120 593 933 272 516
1179 1352 1429 1203 1475 997 1409 1457 1052 1477 1268 1196 1340 758 1426 353 2084 755 1043 1469 1430 231 629 805 569 0 1250 1191 1453 1077 1205 1137 617 1465 1420 1088 582 1419 1432 1778 619 1423 1101 220 1173 639 1112 1450 791 1035
649 624 684 356 747 505 681 713 449 749 285 363 224 712 682 1292 1339 728 512 725 686 1045 645 596 731 1250 0 286 625 448 392 323 677 737 676 382 692 691 687 1033 672 696 363 1099 643 631 439 722 520 543
712 687 747 419 810 447 744 776 391 812 348 426 288 653 745 1234 1402 670 576 788 749 986 586 537 672 1191 286 0 689 390 137 124 619 800 739 128 634 754 750 1097 613 759 108 1041 706 572 381 785 462 484
632 367 421 396 491 993 424 449 980 493 593 389 433 759 418 1495 1076 776 496 461 422 1248 850 693 936 1453 625 689 0 1005 794 733 882 480 412 785 897 435 424 770 873 439 765 1302 626 836 1038 466 786 1030
731 904 981 755 1028 333 961 1009 70 1029 706 749 646 539 978 1119 1636 555 595 1021 983 872 472 423 558 1077 448 390 1005 0 307 335 504 1017 972 286 519 971 984 1330 499 976 300 926 725 458 94 1003 348 370
818 793 853 525 916 461 850 882 325 918 454 532 393 667 851 1248 1508 683 681 894 855 1000 600 551 686 1205 392 137 794 307 0 230 632 906 845 142 647 860 856 1202 627 865 122 1054 812 586 298 891 476 498
756 731 792 463 854 392 788 820 336 856 392 470 332 598 789 1179 1446 615 620 832 793 931 532 482 618 1137 323 124 733 335 230 0 564 844 783 220 579 798 795 1141 558 803 201 986 750 518 326 829 407 430
608 781 858 632 905 424 838 886 479 906 697 626 769 210 855 660 1513 226 472 898 860 412 56 232 99 617 677 619 882 504 632 564 0 894 849 515 77 848 861 1207 170 853 529 467 602 66 540 880 218 462
553 190 434 408 107 1005 121 462 992 109 668 401 545 771 431 1507 1089 788 508 474 435 1259 862 705 948 1465 737 800 480 1017 906 844 894 0 425 896 909 83 437 783 885 88 877 1314 547 848 1052 82 798 1042
586 312 40 363 435 960 369 204 947 437 623 356 484 726 37 1462 831 743 463 216 41 1215 817 660 903 1420 676 739 412 972 845 783 849 425 0 835 864 379 43 525 840 383 815 1269 580 803 1007 410 753 997
742 783 844 515 907 343 840 872 287 909 444 522 384 550 841 1130 1499 566 606 884 845 883 483 434 569 1088 382 128 785 286 142 220 515 896 835 0 530 850 847 1193 510 855 93 937 736 469 277 882 358 381
623 796 873 647 920 440 853 901 494 922 713 641 784 225 870 625 1528 241 487 913 875 377 71 247 63 582 692 634 897 519 647 579 77 909 864 530 0 863 876 1222 185 868 544 431 617 81 555 895 233 477
507 145 388 362 94 959 75 416 946 96 623 356 499 725 385 1461 1043 742 462 428 389 1214 816 659 902 1419 691 754 435 971 860 798 848 83 379 850 863 0 391 737 839 42 831 1268 501 802 1007 69 752 997
598 324 52 375 447 972 381 216 959 449 635 368 495 738 49 1474 842 755 475 228 53 1226 829 672 915 1432 687 750 424 984 856 795 861 437 43 847 876 391 0 537 852 395 827 1281 592 815 1019 422 765 1009
962 687 551 738 810 1335 744 437 1322 812 999 732 859 1101 548 1837 1043 1118 838 450 552 1590 1192 1035 1278 1795 1051 1114 787 1347 1220 1158 1224 800 542 1210 1239 754 554 0 1215 759 1191 1644 956 1178 1383 785 1128 1373
599 772 849 623 895 419 829 877 474 897 688 616 760 178 846 661 1504 185 463 889 850 414 137 227 224 619 672 613 873 499 627 558 170 885 840 510 185 839 852 1198 0 843 523 468 593 124 534 870 212 457
511 149 392 367 98 963 79 420 951 100 627 360 503 730 390 1466 1047 746 467 433 394 1218 820 663 907 1423 696 759 439 976 865 803 853 88 383 855 868 42 395 741 843 0 835 1273 505 807 1011 73 757 1001
756 764 824 496 887 357 821 852 301 889 425 503 364 563 822 1144 1479 580 620 865 826 896 496 447 583 1101 363 108 765 300 122 201 529 877 815 93 544 831 827 1173 523 835 0 951 750 483 291 862 372 395
1028 1201 1278 1052 1325 846 1258 1306 901 1326 1117 1046 1189 607 1275 226 1933 604 892 1318 1279 80 478 654 418 220 1099 1041 1302 926 1054 986 467 1314 1269 937 431 1268 1281 1627 468 1273 951 0 1022 488 962 1299 640 884
68 433 589 377 557 713 491 617 700 559 442 370 513 479 586 1216 1244 496 184 630 591 968 570 413 656 1173 643 706 626 725 812 750 602 547 580 736 617 501 592 938 593 505 750 1022 0 556 761 532 507 751
562 735 812 586 858 378 792 840 433 860 651 579 723 163 809 681 1467 180 426 852 813 433 57 186 120 639 631 572 836 458 586 518 66 848 803 469 81 802 815 1161 124 807 483 488 556 0 493 833 172 416
767 939 1016 768 1063 368 996 1044 112 1065 697 775 637 574 1013 1155 1671 591 630 1057 1018 907 507 458 593 1112 439 381 1038 94 298 326 540 1052 1007 277 555 1007 1019 1365 534 1011 291 962 761 493 0 1038 383 405
538 176 419 394 92 990 106 447 977 94 654 387 530 756 416 1493 1074 773 493 459 421 1245 847 690 933 1450 722 785 466 1003 891 829 880 82 410 882 895 69 422 768 870 73 862 1299 532 833 1038 0 784 1028
512 685 762 537 809 268 742 790 322 811 602 530 673 252 759 833 1417 269 376 803 764 585 185 136 272 791 520 462 786 348 476 407 218 798 753 358 233 752 765 1111 212 757 372 640 507 172 383 784 0 305
757 929 1006 781 1053 75 986 1034 345 1055 801 774 740 496 1003 1077 1661 513 620 1047 1008 829 430 380 516 1035 543 484 1030 370 498 430 462 1042 997 381 477 997 1009 1355 457 1001 395 884 751 416 405 1028 305 0
EOF