NAME : tsp_problem
TYPE : TSP
DIMENSION : 42
EDGE_WEIGHT_TYPE : EXPLICIT
EDGE_WEIGHT_FORMAT : FULL_MATRIX
EDGE_WEIGHT_SECTION
0 549 324 779 970 134 1075 750 810 789 745 792 675 363 683 451 710 381 352 470 556 488 1445 410 883 1039 396 226 156 1021 596 546 441 788 1136 1076 169 393 455 396 704 760
549 0 394 385 576 647 681 685 827 708 663 710 281 362 602 617 645 414 422 539 474 171 1380 619 489 645 441 436 502 956 202 514 628 707 742 1011 515 566 142 437 520 678
324 394 0 624 815 385 920 903 963 942 898 944 520 207 836 604 863 534 63 282 709 332 1598 563 727 884 240 211 277 1174 441 698 594 941 981 1229 290 546 300 241 792 913
779 385 624 0 276 877 381 1016 1158 1038 994 1040 129 592 932 948 976 745 652 769 805 501 1711 949 189 345 671 666 731 1286 207 845 958 1037 442 1341 745 897 372 667 851 1009
970 576 815 276 0 1068 215 1205 1347 1227 1183 1230 320 783 1121 1137 1165 934 843 960 994 690 1900 1139 116 142 862 857 923 1475 398 1034 1147 1226 191 1530 936 1086 563 858 1040 1198
134 647 385 877 1068 0 1173 642 701 681 636 683 773 460 575 343 602 273 347 430 448 585 1337 302 980 1137 494 323 254 913 694 437 332 680 1234 967 260 284 553 494 596 652
1075 681 920 381 215 1173 0 1310 1452 1332 1287 1334 425 887 1226 1242 1270 1039 948 1065 1099 795 2005 1243 221 97 967 962 1027 1580 503 1139 1252 1331 268 1635 1041 1191 668 962 1145 1303
750 685 903 1016 1205 642 1310 0 553 434 390 437 912 925 328 343 101 536 865 949 401 662 899 384 1117 1274 1004 855 782 475 833 240 354 433 1371 529 779 688 773 1000 535 405
810 827 963 1158 1347 701 1452 553 0 599 555 601 1054 1067 493 402 513 679 924 1008 544 804 1248 443 1260 1416 1146 915 842 824 975 348 413 598 1513 879 838 767 915 1142 692 570
789 708 942 1038 1227 681 1332 434 599 0 72 73 934 948 272 389 394 559 904 988 413 684 1129 430 1140 1296 1027 894 821 705 855 286 399 82 1393 760 818 711 795 1022 479 134
745 663 898 994 1183 636 1287 390 555 72 0 74 890 903 228 345 350 514 860 943 369 640 1085 385 1095 1252 982 850 777 660 811 241 355 71 1349 715 773 666 751 978 434 90
792 710 944 1040 1230 683 1334 437 601 73 74 0 936 950 275 391 397 561 906 990 415 687 1132 432 1142 1298 1029 897 823 707 858 288 402 85 1396 762 820 713 798 1025 481 137
675 281 520 129 320 773 425 912 1054 934 890 936 0 488 828 844 872 641 548 665 701 397 1607 845 233 389 567 562 627 1182 103 741 854 933 486 1237 641 793 268 563 747 905
363 362 207 592 783 460 887 925 1067 948 903 950 488 0 842 776 885 654 235 249 714 300 1620 735 695 852 117 249 315 1196 409 754 766 946 949 1250 329 718 268 113 760 918
683 602 836 932 1121 575 1226 328 493 272 228 275 828 842 0 283 288 453 798 882 161 578 1023 324 1034 1190 921 788 715 599 749 180 293 271 1287 654 712 605 690 917 227 243
451 617 604 948 1137 343 1242 343 402 389 345 391 844 776 283 0 303 397 566 649 333 594 1038 98 1049 1206 810 556 483 614 765 138 72 388 1303 669 479 409 705 810 482 360
710 645 863 976 1165 602 1270 101 513 394 350 397 872 885 288 303 0 496 825 909 361 622 859 344 1077 1234 964 815 742 435 793 200 314 393 1331 489 739 648 733 960 495 365
381 414 534 745 934 273 1039 536 679 559 514 561 641 654 453 397 496 0 496 580 326 391 1231 356 847 1003 733 486 413 807 562 365 387 558 1100 862 409 170 502 729 447 529
352 422 63 652 843 347 948 865 924 904 860 906 548 235 798 566 825 496 0 244 671 360 1560 525 755 912 269 239 305 1136 469 660 555 903 1009 1191 318 508 328 269 819 875
470 539 282 769 960 430 1065 949 1008 988 943 990 665 249 882 649 909 580 244 0 754 478 1644 608 873 1029 196 356 422 1219 586 744 639 987 1126 1274 432 591 445 196 903 958
556 474 709 805 994 448 1099 401 544 413 369 415 701 714 161 333 361 326 671 754 0 451 1096 335 907 1063 793 661 588 672 622 230 344 412 1160 727 584 477 562 789 177 384
488 171 332 501 690 585 795 662 804 684 640 687 397 300 578 594 622 391 360 478 451 0 1357 596 603 759 379 374 440 932 318 491 604 683 856 987 454 543 258 375 497 655
1463 1397 1616 1728 1917 1354 2022 916 1266 1147 1102 1149 1624 1637 1041 1055 876 1249 1577 1661 1113 1374 0 1096 1829 1986 1716 1568 1495 1019 1545 952 1066 1146 2083 1074 1491 1400 1485 1712 1247 1117
410 619 563 949 1139 302 1243 384 443 430 385 432 845 735 324 98 344 356 525 608 335 596 1079 0 1051 1208 769 515 442 655 767 179 88 429 1305 709 438 368 707 769 483 401
883 489 727 189 116 980 221 1117 1260 1140 1095 1142 233 695 1034 1049 1077 847 755 873 907 603 1812 1051 0 185 774 769 835 1388 310 946 1060 1139 282 1443 849 998 476 770 953 1110
1039 645 884 345 142 1137 97 1274 1416 1296 1252 1298 389 852 1190 1206 1234 1003 912 1029 1063 759 1969 1208 185 0 931 926 991 1544 467 1103 1216 1295 308 1599 1005 1155 632 927 1109 1267
396 441 240 671 862 494 967 1004 1146 1027 982 1029 567 117 921 810 964 733 269 196 793 379 1699 769 774 931 0 283 348 1275 488 833 799 1026 1028 1330 362 751 347 96 839 997
226 436 211 666 857 323 962 855 915 894 850 897 562 249 788 556 815 486 239 356 661 374 1550 515 769 926 283 0 178 1126 483 650 546 893 1023 1181 192 498 342 283 809 865
156 502 277 731 923 254 1027 782 842 821 777 823 627 315 715 483 742 413 305 422 588 440 1477 442 835 991 348 178 0 1053 549 577 473 820 1089 1108 103 425 408 349 736 792
801 736 954 1067 1256 693 1361 255 604 485 441 488 963 976 379 394 215 587 916 1000 452 713 803 435 1168 1325 1055 906 833 0 884 291 405 484 1422 434 830 739 824 1051 586 456
596 202 441 207 398 694 503 833 975 855 811 858 103 409 749 765 793 562 469 586 622 318 1528 767 310 467 488 483 549 1103 0 662 775 854 564 1158 562 714 189 484 668 826
546 514 698 845 1034 437 1139 240 348 286 241 288 741 754 180 138 200 365 660 744 230 491 935 179 946 1103 833 650 577 511 662 0 149 285 1200 565 574 503 602 829 379 257
441 628 594 958 1147 332 1252 354 413 399 355 402 854 766 293 72 314 387 555 639 344 604 1049 88 1060 1216 799 546 473 624 775 149 0 398 1313 679 469 398 715 800 492 370
788 707 941 1037 1226 680 1331 433 598 82 71 85 933 946 271 388 393 558 903 987 412 683 1128 429 1139 1295 1026 893 820 704 854 285 398 0 1392 759 817 710 794 1021 478 133
1136 742 981 442 191 1234 268 1371 1513 1393 1349 1396 486 949 1287 1303 1331 1100 1009 1126 1160 856 2066 1305 282 308 1028 1023 1089 1642 564 1200 1313 1392 0 1696 1102 1252 729 1024 1206 1364
979 914 1132 1244 1434 871 1538 433 782 663 619 665 1140 1154 557 572 393 765 1094 1178 630 891 981 613 1346 1502 1233 1084 1011 236 1061 469 582 662 1600 0 1007 917 1002 1229 764 634
169 515 290 745 936 260 1041 779 838 818 773 820 641 329 712 479 739 409 318 432 584 454 1474 438 849 1005 362 192 103 1049 562 574 469 817 1102 1104 0 421 421 362 733 788
393 566 546 897 1086 284 1191 688 767 711 666 713 793 718 605 409 648 170 508 591 477 543 1383 368 998 1155 751 498 425 959 714 503 398 710 1252 1014 421 0 654 752 599 681
455 142 300 372 563 553 668 773 915 795 751 798 268 268 690 705 733 502 328 445 562 258 1468 707 476 632 347 342 408 1044 189 602 715 794 729 1098 421 654 0 343 608 766
396 437 241 667 858 494 962 1000 1142 1022 978 1025 563 113 917 810 960 729 269 196 789 375 1695 769 770 927 96 283 349 1271 484 829 800 1021 1024 1325 362 752 343 0 835 993
704 520 792 851 1040 596 1145 535 692 479 434 481 747 760 227 482 495 447 819 903 177 497 1230 483 953 1109 839 809 736 806 668 379 492 478 1206 861 733 599 608 835 0 450
760 678 913 1009 1198 652 1303 405 570 134 90 137 905 918 243 360 365 529 875 958 384 655 1100 401 1110 1267 997 865 792 676 826 257 370 133 1364 730 788 681 766 993 450 0
EOF