NAME : tsp_problem
TYPE : TSP
DIMENSION : 34
EDGE_WEIGHT_TYPE : EXPLICIT
EDGE_WEIGHT_FORMAT : FULL_MATRIX
EDGE_WEIGHT_SECTION
0 928 819 423 1945 1030 739 1130 130 1165 880 624 765 488 836 1293 438 1273 699 912 545 1288 1092 1116 1318 695 1292 1026 996 663 1177 528 769 645
928 0 598 1002 1116 267 232 301 824 336 591 355 521 479 225 464 1017 445 478 148 1124 460 439 362 489 289 463 197 707 343 348 431 547 334
819 598 0 893 1615 700 408 800 715 834 265 454 151 372 506 963 908 943 150 582 1015 958 477 786 987 363 961 696 381 472 687 320 82 313
423 1002 893 0 2018 1104 812 1204 324 1238 954 697 839 561 910 1367 121 1347 773 986 161 1362 1165 1189 1391 769 1365 1099 1070 737 1250 602 842 719
1962 1133 1632 2036 0 1288 1266 1091 1858 974 1596 1389 1555 1513 1259 1103 2051 870 1512 1182 2158 1098 1376 1217 773 1323 1102 1036 1699 1377 1170 1465 1581 1368
1030 267 700 1104 1271 0 334 226 926 504 694 458 624 581 238 540 1120 599 580 145 1227 627 658 117 643 391 539 291 810 445 516 533 650 436
739 232 408 812 1249 334 0 434 634 469 402 166 332 290 140 597 828 577 288 216 935 592 614 420 622 99 596 330 518 153 481 241 358 145
1130 301 800 1204 1074 226 434 0 1026 317 780 558 724 681 338 344 1219 403 680 245 1327 440 560 155 447 491 342 129 884 545 355 633 750 536
130 824 715 324 1840 926 634 1026 0 1060 775 519 661 383 732 1189 340 1169 595 808 447 1184 987 1011 1213 591 1187 921 892 559 1072 424 664 541
1165 336 834 1238 957 504 469 317 1060 0 641 592 752 716 461 328 1254 285 714 385 1361 217 421 434 330 525 327 239 745 579 216 667 784 571
880 591 265 954 1578 694 402 780 775 641 0 478 145 433 500 943 969 907 211 575 1076 839 357 779 951 411 942 676 261 465 457 381 215 374
624 355 454 697 1372 458 166 558 519 592 478 0 401 175 264 721 713 701 334 339 820 716 690 543 745 176 719 453 594 122 604 163 404 221
765 521 151 839 1538 624 332 724 661 752 145 401 0 318 430 886 855 867 96 505 962 882 357 709 911 310 885 619 262 395 568 266 100 259
488 479 372 561 1496 581 290 681 383 716 433 175 318 0 387 844 577 824 252 463 684 839 645 667 869 248 843 577 549 246 728 81 322 198
836 225 506 910 1241 238 140 338 732 461 500 264 430 387 0 590 926 570 386 209 1033 585 616 323 614 197 588 322 616 251 473 339 456 242
1293 464 963 1367 1086 540 597 344 1189 328 943 721 886 844 590 0 1382 414 843 513 1489 452 723 469 459 654 139 367 1047 708 518 796 913 699
438 1017 908 121 2034 1120 828 1219 340 1254 969 713 855 577 926 1382 0 1362 788 1001 244 1378 1181 1205 1407 785 1381 1115 1085 752 1266 617 858 734
1273 445 943 1347 853 599 577 403 1169 285 907 701 867 824 570 414 1362 0 823 493 1470 409 687 528 226 634 413 347 1011 688 482 776 893 679
699 478 150 773 1495 580 288 680 595 714 211 334 96 252 386 843 788 823 0 462 895 838 423 666 867 243 841 576 327 352 633 200 100 193
912 148 582 986 1165 145 216 245 808 385 575 339 505 463 209 513 1001 493 462 0 1108 509 540 240 538 273 512 246 691 327 397 415 532 318
545 1124 1015 161 2141 1227 935 1327 447 1361 1076 820 962 684 1033 1489 244 1470 895 1108 0 1485 1288 1312 1514 892 1488 1222 1192 860 1373 724 965 842
1288 460 958 1362 1080 627 592 440 1184 217 839 716 882 839 585 452 1378 409 838 509 1485 0 619 558 453 649 451 362 943 703 414 791 908 694
1092 439 477 1165 1359 658 614 560 987 421 357 690 357 645 616 723 1181 687 423 540 1288 619 0 651 731 623 722 456 473 677 237 592 427 586
1116 362 786 1189 1200 117 420 155 1011 434 779 543 709 667 323 469 1205 528 666 240 1312 558 651 0 573 476 468 220 895 530 446 618 735 522
1737 908 1407 1811 667 1063 1041 867 1633 749 1371 1165 1330 1288 1034 878 1826 645 1287 957 1934 873 1151 992 0 1098 877 811 1475 1152 946 1240 1357 1143
695 289 363 769 1305 391 99 491 591 525 411 176 310 248 197 654 785 634 243 273 892 649 623 476 678 0 652 386 527 163 537 196 313 99
1292 463 961 1365 1084 539 596 342 1187 327 942 719 885 843 588 139 1381 413 841 512 1488 451 722 468 457 652 0 366 1045 706 516 794 911 698
1026 197 696 1099 1019 291 330 129 921 239 676 453 619 577 322 367 1115 347 576 246 1222 362 456 220 392 386 366 0 780 440 251 528 645 432
996 707 381 1070 1682 810 518 884 892 745 261 594 262 549 616 1047 1085 1011 327 691 1192 943 473 895 1055 527 1045 780 0 581 561 497 331 490
663 343 472 737 1359 445 153 545 559 579 465 122 395 246 251 708 752 688 352 327 860 703 677 530 732 163 706 440 581 0 591 234 422 208
1177 348 687 1250 1153 516 481 355 1072 216 457 604 568 728 473 518 1266 482 633 397 1373 414 237 446 526 537 516 251 561 591 0 679 637 583
528 431 320 602 1447 533 241 633 424 667 381 163 266 81 339 796 617 776 200 415 724 791 592 618 820 196 794 528 497 234 679 0 269 146
769 547 82 842 1564 650 358 750 664 784 215 404 100 322 456 913 858 893 100 532 965 908 427 735 937 313 911 645 331 422 637 269 0 263
645 334 313 719 1351 436 145 536 541 571 374 221 259 198 242 699 734 679 193 318 842 694 586 522 724 99 698 432 490 208 583 146 263 0
EOF