NAME : tsp_problem
TYPE : TSP
DIMENSION : 42
EDGE_WEIGHT_TYPE : EXPLICIT
EDGE_WEIGHT_FORMAT : FULL_MATRIX
EDGE_WEIGHT_SECTION
0 657 316 577 796 294 316 526 748 464 806 723 760 825 675 640 568 819 802 774 673 297 759 598 692 508 627 565 608 285 417 830 708 755 636 697 570 519 718 219 727 363
657 0 624 1143 734 543 413 1092 256 772 314 207 1327 333 1242 42 1134 467 310 142 259 547 127 672 176 817 1193 381 1174 535 725 338 110 525 883 782 386 399 172 688 1294 460
316 624 0 622 557 136 283 571 715 217 773 690 805 792 720 607 613 592 769 740 640 139 725 360 659 261 672 532 653 127 170 797 675 516 398 459 537 486 685 169 773 330
577 1143 622 0 1111 657 802 129 1234 770 1292 1209 228 1311 439 1126 179 1146 1288 1259 1159 661 1245 913 1178 815 391 1051 71 649 723 1316 1194 1070 951 1012 1056 1005 1204 527 491 849
796 734 557 1111 0 625 704 1060 924 456 982 883 1294 1001 1209 717 1102 341 978 850 520 628 835 271 851 500 1161 872 1142 616 461 1006 655 265 265 151 877 607 603 658 1262 751
294 543 136 657 625 0 202 607 635 284 693 609 841 711 756 527 648 660 688 660 560 59 645 428 578 329 707 452 688 47 237 716 595 584 465 526 457 405 604 204 808 249
316 413 283 802 704 202 0 751 504 431 563 479 985 581 900 397 793 575 558 530 430 206 515 507 448 475 852 291 833 194 384 586 465 633 545 606 296 275 474 347 953 88
526 1092 571 129 1060 607 751 0 1183 719 1242 1158 318 1260 395 1076 269 1095 1237 1209 1108 610 1194 863 1127 764 346 1001 160 598 672 1265 1144 1019 901 962 1006 954 1153 476 447 798
748 256 715 1234 924 635 504 1183 0 863 326 299 1418 344 1333 239 1225 657 321 372 450 638 357 862 268 908 1284 402 1265 626 816 349 307 716 977 972 407 490 369 779 1385 551
464 772 217 770 456 284 431 719 863 0 921 838 953 940 869 755 761 490 917 888 669 288 874 258 807 76 820 680 801 276 120 945 804 415 296 357 685 634 753 317 921 478
806 314 773 1292 982 693 563 1242 326 921 0 358 1476 167 1391 297 1284 716 52 431 508 696 416 921 326 966 1343 438 1323 684 875 171 366 774 1035 1031 443 549 428 837 1443 609
723 207 690 1209 883 609 479 1158 299 838 358 0 1392 376 1307 191 1200 616 353 324 408 613 309 821 78 882 1259 433 1240 601 791 381 259 674 952 931 438 465 321 754 1359 526
760 1327 805 228 1294 841 985 318 1418 953 1476 1392 0 1494 248 1310 238 1329 1471 1443 1343 844 1428 1097 1361 998 199 1235 259 832 907 1499 1378 1253 1135 1196 1240 1188 1387 710 300 1032
825 333 792 1311 1001 711 581 1260 344 940 167 376 1494 0 1410 316 1302 734 162 449 527 715 434 939 345 985 1361 457 1342 703 893 53 384 793 1054 1049 462 567 446 856 1462 628
675 1242 720 439 1209 756 900 395 1333 869 1391 1307 248 1410 0 1225 309 1244 1387 1358 1258 759 1343 1012 1276 913 106 1150 470 747 822 1415 1293 1168 1050 1111 1155 1103 1302 625 199 947
640 42 607 1126 717 527 397 1076 239 755 297 191 1310 316 1225 0 1117 450 293 158 242 530 143 655 159 800 1176 364 1157 518 708 321 93 509 866 765 369 382 155 671 1277 443
568 1134 613 179 1102 648 793 269 1225 761 1284 1200 238 1302 309 1117 0 1137 1279 1251 1150 652 1236 904 1169 806 261 1042 210 640 714 1307 1185 1061 942 1003 1048 996 1195 518 361 840
819 467 592 1146 341 660 575 1095 657 490 716 616 1329 734 1244 450 1137 0 711 583 253 663 568 279 585 535 1196 605 1177 651 495 739 388 133 490 389 610 340 337 693 1296 622
802 310 769 1288 978 688 558 1237 321 917 52 353 1471 162 1387 293 1279 711 0 426 504 692 411 916 322 962 1338 434 1319 680 870 167 361 770 1031 1026 439 544 423 833 1439 605
774 142 740 1259 850 660 530 1209 372 888 431 324 1443 449 1358 158 1251 583 426 0 375 663 124 788 292 933 1310 497 1290 651 842 454 226 642 999 898 502 516 288 804 1410 576
673 259 640 1159 520 560 430 1108 450 669 508 408 1343 527 1258 242 1150 253 504 375 0 563 361 458 377 714 1209 397 1190 551 674 532 180 311 669 568 402 290 129 704 1310 476
297 547 139 661 628 59 206 610 638 288 696 613 844 715 759 530 652 663 692 663 563 0 648 431 581 332 711 455 691 50 241 720 598 587 469 530 460 408 608 207 811 252
759 127 725 1245 835 645 515 1194 357 874 416 309 1428 434 1343 143 1236 568 411 124 361 648 0 773 278 918 1295 483 1276 636 827 439 211 627 984 883 488 501 273 789 1395 562
598 672 360 913 271 428 507 863 862 258 921 821 1097 939 1012 655 904 279 916 788 458 431 773 0 789 302 963 756 944 419 263 944 593 203 258 319 761 545 541 460 1064 553
692 176 659 1178 851 578 448 1127 268 807 326 78 1361 345 1276 159 1169 585 322 292 377 581 278 789 0 851 1228 402 1209 569 760 350 227 643 920 899 407 434 290 722 1328 495
508 817 261 815 500 329 475 764 908 76 966 882 998 985 913 800 806 535 962 933 714 332 918 302 851 0 865 725 846 320 164 990 849 459 340 401 730 678 797 361 965 522
627 1193 672 391 1161 707 852 346 1284 820 1343 1259 199 1361 106 1176 261 1196 1338 1310 1209 711 1295 963 1228 865 0 1101 422 699 773 1366 1245 1120 1001 1062 1107 1055 1254 577 158 899
565 381 532 1051 872 452 291 1001 402 680 438 433 1235 457 1150 364 1042 605 434 497 397 455 483 756 402 725 1101 0 1082 443 633 462 432 663 794 855 50 308 442 596 1202 299
608 1174 653 71 1142 688 833 160 1265 801 1323 1240 259 1342 470 1157 210 1177 1319 1290 1190 691 1276 944 1209 846 422 1082 0 679 754 1347 1225 1101 982 1043 1087 1036 1235 558 522 880
285 535 127 649 616 47 194 598 626 276 684 601 832 703 747 518 640 651 680 651 551 50 636 419 569 320 699 443 679 0 229 708 586 575 457 518 448 396 596 195 799 240
417 725 170 723 461 237 384 672 816 120 875 791 907 893 822 708 714 495 870 842 674 241 827 263 760 164 773 633 754 229 0 898 776 420 301 362 639 587 758 270 874 431
830 338 797 1316 1006 716 586 1265 349 945 171 381 1499 53 1415 321 1307 739 167 454 532 720 439 944 350 990 1366 462 1347 708 898 0 389 798 1059 1054 467 572 451 861 1467 633
708 110 675 1194 655 595 465 1144 307 804 366 259 1378 384 1293 93 1185 388 361 226 180 598 211 593 227 849 1245 432 1225 586 776 389 0 446 804 703 437 425 93 739 1345 511
755 525 516 1070 265 584 633 1019 716 415 774 674 1253 793 1168 509 1061 133 770 642 311 587 627 203 643 459 1120 663 1101 575 420 798 446 0 414 313 668 399 395 617 1221 680
636 883 398 951 265 465 545 901 977 296 1035 952 1135 1054 1050 866 942 490 1031 999 669 469 984 258 920 340 1001 794 982 457 301 1059 804 414 0 167 799 747 753 498 1102 591
697 782 459 1012 151 526 606 962 972 357 1031 931 1196 1049 1111 765 1003 389 1026 898 568 530 883 319 899 401 1062 855 1043 518 362 1054 703 313 167 0 860 655 652 559 1163 652
570 386 537 1056 877 457 296 1006 407 685 443 438 1240 462 1155 369 1048 610 439 502 402 460 488 761 407 730 1107 50 1087 448 639 467 437 668 799 860 0 313 447 601 1207 304
519 399 486 1005 607 405 275 954 490 634 549 465 1188 567 1103 382 996 340 544 516 290 408 501 545 434 678 1055 308 1036 396 587 572 425 399 747 655 313 0 373 549 1155 322
718 172 685 1204 603 604 474 1153 369 753 428 321 1387 446 1302 155 1195 337 423 288 129 608 273 541 290 797 1254 442 1235 596 758 451 93 395 753 652 447 373 0 749 1354 521
219 688 169 527 658 204 347 476 779 317 837 754 710 856 625 671 518 693 833 804 704 207 789 460 722 361 577 596 558 195 270 861 739 617 498 559 601 549 749 0 677 393
727 1294 773 491 1262 808 953 447 1385 921 1443 1359 300 1462 199 1277 361 1296 1439 1410 1310 811 1395 1064 1328 965 158 1202 522 799 874 1467 1345 1221 1102 1163 1207 1155 1354 677 0 999
363 460 330 849 751 249 88 798 551 478 609 526 1032 628 947 443 840 622 605 576 476 252 562 553 495 522 899 299 880 240 431 633 511 680 591 652 304 322 521 393 999 0
EOF
