NAME : tsp_problem
TYPE : TSP
DIMENSION : 44
EDGE_WEIGHT_TYPE : EXPLICIT
EDGE_WEIGHT_FORMAT : FULL_MATRIX
EDGE_WEIGHT_SECTION
0 1097 1238 1176 416 1666 1319 1058 508 1038 978 1095 303 1214 987 1020 1066 691 1341 151 999 233 1268 1335 265 540 880 873 1377 1204 876 1151 305 1010 1005 855 1160 1170 1040 1354 703 1334 1053 1113
1097 0 464 96 716 892 545 382 625 607 716 550 977 440 715 421 292 525 567 1207 132 1001 505 561 986 623 1004 633 603 430 637 377 932 236 119 688 292 396 407 580 439 560 406 568
1238 464 0 510 857 637 136 696 766 921 884 864 1118 185 893 734 348 665 312 1347 365 1141 262 307 1126 763 1145 780 371 175 783 263 1073 272 372 829 606 102 720 172 579 305 720 882
1176 96 510 0 795 921 590 309 704 534 643 477 1056 469 642 347 370 603 596 1285 210 1079 551 590 1064 701 1083 560 549 459 563 422 1011 315 197 653 219 442 333 626 517 589 333 495
416 716 857 795 0 1284 937 675 125 655 594 711 296 832 603 636 684 308 959 525 617 319 886 954 304 157 662 489 996 822 493 769 251 629 624 471 777 789 657 973 319 952 669 730
1570 796 542 825 1189 0 622 1011 1098 1237 1216 1180 1450 394 1225 1050 699 997 436 1679 697 1474 672 431 1459 1095 1477 1112 680 412 1115 655 1405 604 704 1161 921 474 1036 658 911 429 1036 1197
1319 545 136 590 937 718 0 776 846 1002 965 945 1198 266 974 815 428 746 393 1428 446 1222 342 387 1207 844 1225 860 452 256 864 344 1154 352 453 909 686 182 801 110 660 386 800 962
1058 382 696 309 675 1107 776 0 584 357 355 300 938 655 354 59 653 422 782 1167 496 962 737 777 947 581 976 272 735 645 275 609 893 558 483 365 123 628 228 812 495 775 156 317
508 625 766 704 125 1193 846 584 0 564 503 620 388 741 512 545 593 217 868 618 526 412 795 863 397 66 571 399 905 731 402 679 343 538 533 380 686 698 566 882 228 861 578 639
1038 607 921 534 655 1332 1002 357 564 0 145 80 918 880 144 328 773 402 1007 1148 705 942 962 1002 927 562 956 230 961 870 235 834 873 717 708 345 348 853 349 1037 475 1000 238 98
978 716 884 643 594 1312 965 355 503 145 0 202 857 860 99 317 712 341 987 1087 644 881 914 981 866 501 896 136 1023 850 140 797 812 656 651 284 457 816 337 1000 414 980 349 220
1095 550 864 477 711 1275 945 300 620 80 202 0 974 823 200 338 822 459 950 1204 664 998 905 945 983 618 1013 286 904 813 291 777 930 726 651 401 291 796 405 980 532 943 181 76
303 977 1118 1056 296 1545 1198 938 388 918 857 974 0 1093 866 899 945 571 1220 318 878 253 1147 1215 74 420 791 753 1257 1083 756 1031 78 890 885 734 1040 1050 920 1234 582 1213 932 993
1214 440 185 469 832 490 266 655 741 880 860 823 1093 0 869 693 343 641 165 1323 341 1117 316 159 1102 739 1120 755 323 97 758 298 1049 247 348 804 565 117 679 301 555 158 679 841
987 715 893 642 603 1321 974 354 512 144 99 200 866 869 0 315 721 350 996 1096 654 890 923 991 875 510 905 145 1032 859 149 806 822 665 660 293 456 825 336 1010 423 989 348 219
1020 421 734 347 636 1145 815 59 545 328 317 338 899 693 315 0 692 384 820 1129 534 923 775 815 908 543 938 234 774 684 237 647 855 596 521 326 161 666 190 851 457 813 194 356
1066 292 348 370 684 795 428 653 593 773 712 822 945 343 721 692 0 493 470 1175 193 969 237 465 954 591 972 607 506 333 610 143 901 139 199 656 563 299 678 464 407 463 677 839
691 525 665 603 308 1093 746 422 217 402 341 459 571 641 350 384 493 0 768 800 426 595 695 763 580 214 609 237 805 631 240 578 526 437 432 219 524 597 404 782 128 761 416 477
1341 567 312 596 959 532 393 782 868 1007 987 950 1220 165 996 820 470 768 0 1450 468 1244 443 39 1229 866 1247 882 450 182 885 425 1176 374 474 931 692 244 806 428 682 37 806 968
151 1207 1347 1285 525 1775 1428 1167 618 1148 1087 1204 318 1323 1096 1129 1175 800 1450 0 1108 248 1377 1445 280 650 859 982 1487 1313 986 1260 327 1119 1115 964 1270 1279 1150 1464 812 1443 1162 1222
999 132 365 210 617 793 446 496 526 705 644 664 878 341 654 534 193 426 468 1108 0 902 406 463 887 524 905 540 504 331 543 278 833 137 80 589 406 297 520 482 340 461 520 682
233 1001 1141 1079 319 1569 1222 962 412 942 881 998 253 1117 890 923 969 595 1244 248 902 0 1171 1239 231 444 815 776 1281 1107 780 1054 208 913 909 758 1064 1074 944 1258 606 1237 956 1017
1268 505 262 551 886 768 342 737 795 962 914 905 1147 316 923 775 237 695 443 1377 406 1171 0 438 1156 793 1174 809 502 306 813 153 1103 313 413 859 647 233 761 378 609 436 761 923
1335 561 307 590 954 526 387 777 863 1002 981 945 1215 159 991 815 465 763 39 1445 463 1239 438 0 1224 861 1242 877 445 177 880 420 1170 369 469 926 686 239 801 423 677 32 801 963
265 986 1126 1064 304 1554 1207 947 397 927 866 983 74 1102 875 908 954 580 1229 280 887 231 1156 1224 0 429 800 761 1266 1092 765 1039 84 898 894 743 1049 1059 929 1243 591 1222 941 1002
540 623 763 701 157 1191 844 581 66 562 501 618 420 739 510 543 591 214 866 650 524 444 793 861 429 0 569 396 903 729 400 676 375 535 531 378 684 696 564 880 226 859 576 636
880 1004 1145 1083 662 1572 1225 976 571 956 896 1013 791 1120 905 938 972 609 1247 859 905 815 1174 1242 800 569 0 791 1284 1110 794 1057 747 917 912 773 1078 1077 958 1261 621 1240 971 1031
873 633 780 560 489 1207 860 272 399 230 136 286 753 755 145 234 607 237 882 982 540 776 809 877 761 396 791 0 919 745 90 693 708 552 547 179 374 712 254 896 310 875 266 305
1377 603 371 549 996 775 452 735 905 961 1023 904 1257 323 1032 774 506 805 450 1487 504 1281 502 445 1266 903 1284 919 0 314 922 462 1212 411 511 968 645 303 760 488 718 443 760 921
1204 430 175 459 822 507 256 645 731 870 850 813 1083 97 859 684 333 631 182 1313 331 1107 306 177 1092 729 1110 745 314 0 749 288 1039 238 338 795 555 107 669 292 545 175 669 831
876 637 783 563 493 1210 864 275 402 235 140 291 756 758 149 237 610 240 885 986 543 780 813 880 765 400 794 90 922 749 0 696 711 555 550 183 377 715 257 899 313 878 270 309
1151 377 263 422 769 750 344 609 679 834 797 777 1031 298 806 647 143 578 425 1260 278 1054 153 420 1039 676 1057 693 462 288 696 0 986 185 285 742 518 234 633 380 492 418 633 795
305 932 1073 1011 251 1501 1154 893 343 873 812 930 78 1049 822 855 901 526 1176 327 833 208 1103 1170 84 375 747 708 1212 1039 711 986 0 845 840 690 995 1005 875 1189 538 1168 888 948
1010 236 272 315 629 699 352 558 538 717 656 726 890 247 665 596 139 437 374 1119 137 913 313 369 898 535 917 552 411 238 555 185 845 0 144 601 468 204 582 388 351 367 582 744
1005 119 372 197 624 799 453 483 533 708 651 651 885 348 660 521 199 432 474 1115 80 909 413 469 894 531 912 547 511 338 550 285 840 144 0 596 393 304 507 488 346 467 507 669
855 688 829 653 471 1256 909 365 380 345 284 401 734 804 293 326 656 219 931 964 589 758 859 926 743 378 773 179 968 795 183 742 690 601 596 0 467 761 347 945 292 924 359 420
1160 292 606 219 777 1017 686 123 686 348 457 291 1040 565 456 161 563 524 692 1270 406 1064 647 686 1049 684 1078 374 645 555 377 518 995 468 393 467 0 538 248 722 597 685 147 309
1170 396 102 442 789 569 182 628 698 853 816 796 1050 117 825 666 299 597 244 1279 297 1074 233 239 1059 696 1077 712 303 107 715 234 1005 204 304 761 538 0 652 218 511 237 652 814
1040 407 720 333 657 1131 801 228 566 349 337 405 920 679 336 190 678 404 806 1150 520 944 761 801 929 564 958 254 760 669 257 633 875 582 507 347 248 652 0 836 477 799 362 424
1354 580 172 626 973 753 110 812 882 1037 1000 980 1234 301 1010 851 464 782 428 1464 482 1258 378 423 1243 880 1261 896 488 292 899 380 1189 388 488 945 722 218 836 0 696 421 836 998
703 439 579 517 319 1007 660 495 228 475 414 532 582 555 423 457 407 128 682 812 340 606 609 677 591 226 621 310 718 545 313 492 538 351 346 292 597 511 477 696 0 675 489 550
1334 560 305 589 952 524 386 775 861 1000 980 943 1213 158 989 813 463 761 37 1443 461 1237 436 32 1222 859 1240 875 443 175 878 418 1168 367 467 924 685 237 799 421 675 0 799 961
1053 406 720 333 669 1131 800 156 578 238 349 181 932 679 348 194 677 416 806 1162 520 956 761 801 941 576 971 266 760 669 270 633 888 582 507 359 147 652 362 836 489 799 0 199
1113 568 882 495 730 1293 962 317 639 98 220 76 993 841 219 356 839 477 968 1222 682 1017 923 963 1002 636 1031 305 921 831 309 795 948 744 669 420 309 814 424 998 550 961 199 0
EOF