NAME : tsp_problem
TYPE : TSP
DIMENSION : 76
EDGE_WEIGHT_TYPE : EXPLICIT
EDGE_WEIGHT_FORMAT : FULL_MATRIX
EDGE_WEIGHT_SECTION
0 469 931 409 266 578 50 98 566 1183 222 929 411 1142 1051 680 632 773 328 199 352 413 914 1070 635 581 967 744 1087 845 466 874 241 267 1038 114 929 413 877 875 770 1114 716 1043 270 367 410 412 300 257 922 623 689 183 926 699 765 416 417 332 872 273 791 672 756 410 47 1020 750 1026 758 1027 664 783 950 399
469 0 574 133 240 222 471 444 632 830 280 572 135 834 694 324 276 417 483 545 508 137 558 762 279 273 659 546 779 552 42 517 298 423 682 398 573 137 569 518 413 806 359 687 426 341 384 568 275 413 565 267 333 529 570 501 409 140 391 488 516 619 593 315 399 385 469 664 394 669 402 671 356 586 594 169
931 574 0 662 769 474 933 905 518 469 769 213 664 1362 335 562 377 257 712 887 714 666 198 1289 379 803 1186 582 1307 191 572 158 788 792 322 860 48 667 1096 159 449 1333 330 327 795 870 914 662 804 814 206 367 303 909 408 537 249 670 920 717 156 827 629 351 487 914 930 139 482 145 243 147 885 621 234 574
409 133 662 0 180 310 411 383 661 917 219 660 75 806 782 412 364 505 423 485 448 77 646 734 367 245 631 634 751 640 130 605 238 363 769 338 661 77 541 606 501 778 447 775 366 281 324 508 214 352 653 355 421 469 658 589 497 80 331 428 604 559 681 403 487 324 408 752 482 757 490 759 328 673 682 257
266 240 769 180 0 417 268 241 519 1025 76 767 182 914 889 519 471 612 280 342 305 184 753 841 474 353 738 696 859 747 237 713 95 220 877 195 768 184 648 713 609 885 554 882 223 138 181 365 72 209 760 462 528 326 765 652 604 187 188 285 711 416 744 510 594 182 266 859 589 864 597 866 435 736 789 282
578 222 474 310 417 0 581 553 532 730 417 472 312 1009 595 155 176 317 593 654 617 314 458 937 179 450 834 446 954 452 219 418 436 532 582 507 473 314 744 419 314 981 260 587 535 518 561 675 452 522 465 167 233 639 401 401 309 317 568 597 416 728 493 215 230 562 578 564 225 569 302 571 533 486 494 222
50 471 933 411 268 581 0 100 568 1185 225 931 413 1145 1053 682 635 775 330 201 355 415 917 1072 637 584 969 746 1090 847 469 876 243 269 1040 116 931 415 879 877 772 1116 718 1045 272 369 412 414 303 259 924 625 691 186 929 701 767 418 419 335 874 276 793 674 758 413 49 1022 753 1028 761 1029 666 786 952 402
98 444 905 383 241 553 100 0 541 1158 197 903 386 1117 1025 655 607 748 302 174 327 388 889 1045 610 556 942 719 1062 819 441 849 216 242 1013 115 904 388 852 850 745 1088 690 1018 245 342 385 387 275 232 896 598 664 158 901 674 740 391 391 307 847 248 766 646 730 385 98 995 725 1000 733 1002 639 758 925 374
566 632 518 661 519 532 568 541 0 690 475 533 664 1395 655 632 434 348 267 442 269 666 518 1323 437 834 1220 251 1340 352 629 478 494 347 642 566 517 666 1130 479 286 1367 450 647 350 620 663 217 553 369 526 425 423 464 542 206 340 669 669 272 476 383 298 356 557 663 566 608 552 613 333 615 917 291 554 632
1183 830 469 917 1025 730 1185 1158 690 0 1024 490 920 1617 612 830 632 512 884 1059 886 922 476 1545 634 1058 1441 774 1562 363 827 436 1043 964 600 1115 467 922 1351 436 704 1588 585 605 967 1126 1169 834 1059 986 483 623 558 1081 677 729 505 925 1175 889 434 1000 821 606 755 1169 1183 558 750 564 498 566 1141 813 512 829
222 280 769 219 76 417 225 197 475 1024 0 767 221 953 889 519 471 612 237 298 261 223 753 881 474 392 777 653 898 747 277 712 52 176 876 151 768 224 687 713 608 924 554 882 179 177 221 321 111 166 760 462 528 283 765 608 604 227 227 241 711 372 700 510 594 221 222 859 589 864 597 866 475 692 789 238
929 572 213 660 767 472 931 903 533 490 767 0 662 1360 254 414 375 255 726 902 728 664 51 1287 377 800 1184 580 1305 212 570 99 786 806 241 858 211 665 1094 100 447 1331 328 247 809 868 912 676 802 829 73 365 301 923 260 535 247 668 918 731 97 842 627 349 339 912 928 302 334 308 240 309 883 619 86 572
411 135 664 75 182 312 413 386 664 920 221 662 0 809 784 414 366 507 425 487 450 79 648 736 369 248 633 636 754 642 132 608 240 365 772 340 663 79 543 609 504 780 449 777 368 283 326 510 217 354 655 357 423 471 660 591 499 82 333 430 606 561 683 405 489 327 411 754 484 759 492 761 330 676 684 260
1142 834 1362 806 914 1009 1145 1117 1395 1617 953 1360 809 0 1482 1111 1063 1204 1157 1218 1182 811 1345 112 1066 610 392 1333 257 1339 832 1305 972 1096 1469 1072 1360 811 319 1306 1201 294 1147 1474 1099 1015 1058 1241 948 1086 1353 1054 1120 1203 1357 1288 1196 814 1064 1161 1303 1292 1380 1103 1187 1058 1142 1451 1181 1457 1189 1458 602 1373 1381 957
1051 694 335 782 889 595 1053 1025 655 612 889 254 784 1482 0 603 497 377 849 1024 851 787 240 1409 499 923 1306 702 1427 335 692 221 908 928 149 980 333 787 1216 222 569 1453 450 74 931 990 1034 798 924 951 247 487 423 1046 449 657 369 790 1040 853 219 964 749 471 528 1034 1050 424 523 430 363 431 1005 741 275 694
680 324 562 412 519 155 682 655 632 830 519 414 414 1111 603 0 247 417 695 756 719 416 400 1039 250 552 936 546 1056 552 321 448 538 634 590 609 560 416 846 449 414 1082 330 596 637 620 663 775 554 624 422 238 304 740 327 501 409 419 670 699 446 830 594 316 156 664 680 651 151 657 402 658 635 586 435 324
632 276 377 364 471 176 635 607 434 632 471 375 366 1063 497 247 0 219 628 708 630 368 360 991 52 504 888 348 1008 354 273 320 490 586 484 562 375 369 798 321 216 1035 162 489 590 572 615 577 506 576 368 40 135 693 354 304 211 372 622 632 318 743 396 118 173 616 632 466 167 472 204 473 587 388 396 276
773 417 257 505 612 317 775 748 348 512 612 255 507 1204 377 417 219 0 541 717 544 509 241 1132 222 645 1028 424 1149 235 414 200 631 621 364 702 256 509 938 201 292 1175 172 370 624 713 756 491 647 644 248 210 146 739 264 379 62 512 763 546 199 657 471 193 342 756 773 347 337 352 56 354 728 464 277 417
328 483 712 423 280 593 330 302 267 884 237 726 425 1157 849 695 628 541 0 367 194 427 712 1085 630 596 981 445 1102 546 481 672 256 271 836 327 710 428 891 673 480 1128 644 841 274 381 424 276 315 131 719 619 617 388 736 400 534 431 431 33 670 307 492 550 751 425 327 801 746 807 527 809 679 485 748 414
199 545 887 485 342 654 201 174 442 1059 298 902 487 1218 1024 756 708 717 367 0 229 489 887 1146 711 657 1043 620 1163 721 542 847 317 306 1011 216 886 489 953 848 655 1190 792 1016 309 443 486 451 376 333 895 699 765 84 911 575 709 492 493 372 845 137 668 726 831 486 199 977 826 982 702 984 740 660 923 475
352 508 714 448 305 617 355 327 269 886 261 728 450 1182 851 719 630 544 194 229 0 452 714 1109 632 620 1006 447 1127 548 505 674 280 133 838 352 712 452 916 675 482 1153 646 843 136 406 449 278 340 296 721 621 619 250 738 402 536 455 456 198 672 169 494 552 753 450 352 803 748 809 529 811 703 487 750 439
413 137 666 77 184 314 415 388 666 922 223 664 79 811 787 416 368 509 427 489 452 0 650 738 371 250 635 638 756 644 134 610 242 367 774 342 665 81 545 611 506 782 452 779 370 285 328 512 219 356 657 359 425 473 662 593 501 84 335 432 608 563 685 407 491 329 413 756 486 761 494 763 332 678 686 262
914 558 198 646 753 458 917 889 518 476 753 51 648 1345 240 400 360 241 712 887 714 650 0 1273 363 786 1170 565 1290 198 555 84 772 792 227 843 197 650 1080 85 433 1317 314 232 795 854 897 662 788 814 58 351 287 909 245 521 233 653 904 717 83 828 613 335 325 898 914 288 320 293 226 295 869 605 72 558
1070 762 1289 734 841 937 1072 1045 1323 1545 881 1287 736 112 1409 1039 991 1132 1085 1146 1109 738 1273 0 994 538 319 1261 185 1267 759 1232 900 1024 1397 999 1288 739 246 1233 1128 222 1074 1402 1027 942 986 1169 876 1014 1280 982 1048 1130 1285 1216 1124 742 992 1089 1231 1220 1308 1030 1114 986 1070 1379 1109 1384 1117 1386 530 1301 1309 884
635 279 379 367 474 179 637 610 437 634 474 377 369 1066 499 250 52 222 630 711 632 371 363 994 0 507 890 351 1011 357 276 322 492 589 486 564 378 371 800 323 218 1037 164 492 592 575 618 580 508 579 370 43 138 695 356 306 214 374 625 635 321 746 398 120 175 618 635 469 170 474 207 476 590 390 399 279
581 273 803 245 353 450 584 556 834 1058 392 800 248 610 923 552 504 645 596 657 620 250 786 538 507 0 434 774 555 780 271 746 411 535 910 510 801 250 344 747 642 581 588 915 538 453 497 680 387 525 793 495 561 642 798 729 637 253 503 600 744 731 821 544 627 497 581 892 622 897 630 899 132 814 822 398
967 659 1186 631 738 834 969 942 1220 1441 777 1184 633 392 1306 936 888 1028 981 1043 1006 635 1170 319 890 434 0 1158 179 1163 656 1129 796 921 1293 896 1184 635 268 1130 1025 501 971 1299 924 839 882 1066 773 910 1177 879 944 1027 1182 1113 1021 638 889 986 1127 1117 1205 927 1011 883 967 1275 1006 1281 1014 1283 426 1197 1205 781
744 546 582 634 696 446 746 719 251 774 653 580 636 1333 702 546 348 424 445 620 447 638 565 1261 351 774 1158 0 1278 435 543 525 672 525 689 743 580 638 1068 526 200 1305 367 694 528 797 841 395 731 547 573 339 340 642 589 121 416 641 847 450 523 560 87 271 471 841 744 671 466 677 409 678 857 79 601 546
1087 779 1307 751 859 954 1090 1062 1340 1562 898 1305 754 257 1427 1056 1008 1149 1102 1163 1127 756 1290 185 1011 555 179 1278 0 1284 777 1250 917 1041 1414 1017 1305 756 264 1251 1146 367 1092 1419 1044 960 1003 1187 893 1031 1298 999 1065 1148 1302 1234 1141 759 1010 1107 1248 1238 1326 1048 1132 1003 1087 1396 1126 1402 1134 1403 547 1318 1326 902
845 552 191 640 747 452 847 819 352 363 747 212 642 1339 335 552 354 235 546 721 548 644 198 1267 357 780 1163 435 1284 0 549 158 765 625 322 837 190 644 1073 159 426 1310 307 327 629 848 891 495 781 648 205 345 281 743 399 391 227 647 898 550 156 661 483 328 477 891 844 281 472 286 220 288 863 475 234 552
466 42 572 130 237 219 469 441 629 827 277 570 132 832 692 321 273 414 481 542 505 134 555 759 276 271 656 543 777 549 0 515 296 420 679 395 570 135 566 516 411 803 357 684 423 338 382 565 272 410 563 264 330 526 567 499 406 138 388 485 513 616 591 313 397 382 466 661 391 667 399 668 353 583 591 167
874 517 158 605 713 418 876 849 478 436 712 99 608 1305 221 448 320 200 672 847 674 610 84 1232 322 746 1129 525 1250 158 515 0 731 751 208 803 156 610 1039 45 392 1276 273 213 754 813 857 621 747 774 92 310 246 869 294 480 192 613 863 676 42 787 572 294 373 857 873 247 368 253 186 254 828 564 120 517
241 298 788 238 95 436 243 216 494 1043 52 786 240 972 908 538 490 631 256 317 280 242 772 900 492 411 796 672 917 765 296 731 0 195 895 170 786 242 706 732 627 943 573 901 198 196 239 340 130 185 779 481 546 301 784 627 623 245 246 260 730 391 719 529 613 240 241 877 608 883 616 885 494 711 807 257
267 423 792 363 220 532 269 242 347 964 176 806 365 1096 928 634 586 621 271 306 133 367 792 1024 589 535 921 525 1041 625 420 751 195 0 915 267 790 367 831 752 560 1068 670 921 51 321 364 355 254 211 799 577 643 327 815 480 613 370 371 276 750 247 572 626 710 364 267 881 704 887 606 888 618 564 827 353
1038 682 322 769 877 582 1040 1013 642 600 876 241 772 1469 149 590 484 364 836 1011 838 774 227 1397 486 910 1293 689 1414 322 679 208 895 915 0 967 320 774 1203 209 556 1440 437 141 918 978 1021 785 911 938 234 475 410 1033 436 644 357 777 1027 840 206 951 736 458 515 1021 1038 411 510 417 350 418 993 728 262 681
114 398 860 338 195 507 116 115 566 1115 151 858 340 1072 980 609 562 702 327 216 352 342 843 999 564 510 896 743 1017 837 395 803 170 267 967 0 858 342 806 804 699 1043 645 972 270 296 339 412 230 256 851 552 618 200 855 699 694 345 346 332 801 290 791 601 685 340 113 949 680 955 688 956 593 783 879 329
929 573 48 661 768 473 931 904 517 467 768 211 663 1360 333 560 375 256 710 886 712 665 197 1288 378 801 1184 580 1305 190 570 156 786 790 320 858 0 665 1094 157 447 1331 328 326 793 869 912 660 802 813 204 366 302 907 406 535 248 668 919 715 155 826 627 349 485 912 929 138 480 143 241 145 884 620 232 573
413 137 667 77 184 314 415 388 666 922 224 665 79 811 787 416 369 509 428 489 452 81 650 739 371 250 635 638 756 644 135 610 242 367 774 342 665 0 545 611 506 782 452 779 370 285 328 512 219 357 658 359 425 473 662 594 501 85 335 432 608 563 686 408 492 329 413 756 486 762 494 763 333 678 686 262
877 569 1096 541 648 744 879 852 1130 1351 687 1094 543 319 1216 846 798 938 891 953 916 545 1080 246 800 344 268 1068 264 1073 566 1039 706 831 1203 806 1094 545 0 1040 935 290 881 1209 834 749 792 976 683 820 1087 789 854 937 1092 1023 931 548 799 896 1037 1027 1115 837 921 793 877 1185 916 1191 924 1193 336 1107 1115 691
875 518 159 606 713 419 877 850 479 436 713 100 609 1306 222 449 321 201 673 848 675 611 85 1233 323 747 1130 526 1251 159 516 45 732 752 209 804 157 611 1040 0 393 1277 274 214 755 814 858 622 748 775 93 311 247 870 295 481 193 614 864 677 43 788 573 295 374 858 874 248 369 254 187 255 829 565 121 518
770 413 449 501 609 314 772 745 286 704 608 447 504 1201 569 414 216 292 480 655 482 506 433 1128 218 642 1025 200 1146 426 411 392 627 560 556 699 447 506 935 393 0 1172 234 562 563 709 753 430 643 582 440 206 207 677 456 156 284 509 759 485 391 595 248 138 339 753 769 538 334 544 277 546 724 240 468 413
1114 806 1333 778 885 981 1116 1088 1367 1588 924 1331 780 294 1453 1082 1035 1175 1128 1190 1153 782 1317 222 1037 581 501 1305 367 1310 803 1276 943 1068 1440 1043 1331 782 290 1277 1172 0 1118 1445 1071 986 1029 1213 920 1057 1324 1025 1091 1174 1329 1260 1167 785 1036 1133 1274 1264 1352 1074 1158 1030 1113 1422 1153 1428 1161 1429 573 1344 1352 928
716 359 330 447 554 260 718 690 450 585 554 328 449 1147 450 330 162 172 644 792 646 452 314 1074 164 588 971 367 1092 307 357 273 573 670 437 645 328 452 881 274 234 1118 0 442 673 655 699 593 589 659 321 152 58 776 308 322 164 455 705 648 271 759 414 136 256 699 715 419 250 425 158 426 670 406 349 359
1043 687 327 775 882 587 1045 1018 647 605 882 247 777 1474 74 596 489 370 841 1016 843 779 232 1402 492 915 1299 694 1419 327 684 213 901 921 141 972 326 779 1209 214 562 1445 442 0 924 983 1026 791 917 943 240 480 416 1038 441 649 362 782 1033 846 212 956 741 464 521 1027 1043 417 516 422 355 424 998 734 268 687
270 426 795 366 223 535 272 245 350 967 179 809 368 1099 931 637 590 624 274 309 136 370 795 1027 592 538 924 528 1044 629 423 754 198 51 918 270 793 370 834 755 563 1071 673 924 0 324 367 358 257 214 802 580 646 330 818 483 616 373 374 279 753 250 575 629 713 367 270 884 707 890 609 891 621 567 830 356
367 341 870 281 138 518 369 342 620 1126 177 868 283 1015 990 620 572 713 381 443 406 285 854 942 575 453 839 797 960 848 338 813 196 321 978 296 869 285 749 814 709 986 655 983 324 0 99 466 89 310 861 563 629 427 866 753 705 288 106 386 812 517 845 611 695 100 366 960 690 965 698 967 536 837 890 383
410 384 914 324 181 561 412 385 663 1169 221 912 326 1058 1034 663 615 756 424 486 449 328 897 986 618 497 882 841 1003 891 382 857 239 364 1021 339 912 328 792 858 753 1029 699 1026 367 99 0 509 133 354 905 606 672 470 909 796 748 331 52 429 855 560 888 655 739 47 410 1003 733 1009 741 1010 580 880 933 426
412 568 662 508 365 675 414 387 217 834 321 676 510 1241 798 775 577 491 276 451 278 512 662 1169 580 680 1066 395 1187 495 565 621 340 355 785 412 660 512 976 622 430 1213 593 791 358 466 509 0 400 215 669 568 566 472 685 350 483 515 516 280 620 391 442 500 701 509 412 751 696 757 476 758 763 434 697 499
300 275 804 214 72 452 303 275 553 1059 111 802 217 948 924 554 506 647 315 376 340 219 788 876 508 387 773 731 893 781 272 747 130 254 911 230 802 219 683 748 643 920 589 917 257 89 133 400 0 244 795 497 562 361 800 686 639 222 139 320 746 451 778 545 629 133 300 893 624 899 632 901 470 771 823 316
257 413 814 352 209 522 259 232 369 986 166 829 354 1086 951 624 576 644 131 333 296 356 814 1014 579 525 910 547 1031 648 410 774 185 211 938 256 813 357 820 775 582 1057 659 943 214 310 354 215 244 0 822 567 633 317 838 502 636 360 360 135 772 407 594 615 699 354 257 904 694 909 629 911 608 587 850 343
922 565 206 653 760 465 924 896 526 483 760 73 655 1353 247 422 368 248 719 895 721 657 58 1280 370 793 1177 573 1298 205 563 92 779 799 234 851 204 658 1087 93 440 1324 321 240 802 861 905 669 795 822 0 358 294 916 268 528 240 661 911 724 90 835 620 342 347 905 921 295 342 301 233 302 876 612 94 565
623 267 367 355 462 167 625 598 425 623 462 365 357 1054 487 238 40 210 619 699 621 359 351 982 43 495 879 339 999 345 264 310 481 577 475 552 366 359 789 311 206 1025 152 480 580 563 606 568 497 567 358 0 126 683 344 294 202 362 613 623 309 734 386 108 163 607 623 457 158 462 195 464 578 379 387 267
689 333 303 421 528 233 691 664 423 558 528 301 423 1120 423 304 135 146 617 765 619 425 287 1048 138 561 944 340 1065 281 330 246 546 643 410 618 302 425 854 247 207 1091 58 416 646 629 672 566 562 633 294 126 0 749 281 295 138 428 679 622 245 732 387 109 229 672 689 393 224 398 131 400 644 380 323 333
183 529 909 469 326 639 186 158 464 1081 283 923 471 1203 1046 740 693 739 388 84 250 473 909 1130 695 642 1027 642 1148 743 526 869 301 327 1033 200 907 473 937 870 677 1174 776 1038 330 427 470 472 361 317 916 683 749 0 933 597 731 476 477 392 867 159 689 732 816 471 183 998 811 1004 724 1006 724 682 945 460
926 570 408 658 765 401 929 901 542 677 765 260 660 1357 449 327 354 264 736 911 738 662 245 1285 356 798 1182 589 1302 399 567 294 784 815 436 855 406 662 1092 295 456 1329 308 441 818 866 909 685 800 838 268 344 281 933 0 544 256 665 916 740 292 851 636 358 262 910 926 497 257 503 250 504 881 628 281 570
699 501 537 589 652 401 701 674 206 729 608 535 591 1288 657 501 304 379 400 575 402 593 521 1216 306 729 1113 121 1234 391 499 480 627 480 644 699 535 594 1023 481 156 1260 322 649 483 753 796 350 686 502 528 294 295 597 544 0 371 597 803 405 478 516 168 226 427 796 699 626 422 632 365 633 812 160 556 501
765 409 249 497 604 309 767 740 340 505 604 247 499 1196 369 409 211 62 534 709 536 501 233 1124 214 637 1021 416 1141 227 406 192 623 613 357 694 248 501 931 193 284 1167 164 362 616 705 748 483 639 636 240 202 138 731 256 371 0 504 755 538 191 649 463 185 334 749 765 339 329 344 48 346 720 456 269 409
416 140 670 80 187 317 418 391 669 925 227 668 82 814 790 419 372 512 431 492 455 84 653 742 374 253 638 641 759 647 138 613 245 370 777 345 668 85 548 614 509 785 455 782 373 288 331 515 222 360 661 362 428 476 665 597 504 0 338 435 611 566 689 411 495 332 416 759 489 765 497 766 336 681 689 265
417 391 920 331 188 568 419 391 669 1175 227 918 333 1064 1040 670 622 763 431 493 456 335 904 992 625 503 889 847 1010 898 388 863 246 371 1027 346 919 335 799 864 759 1036 705 1033 374 106 52 516 139 360 911 613 679 477 916 803 755 338 0 436 862 567 895 661 745 53 416 1010 740 1015 748 1017 586 887 940 432
332 488 717 428 285 597 335 307 272 889 241 731 430 1161 853 699 632 546 33 372 198 432 717 1089 635 600 986 450 1107 550 485 676 260 276 840 332 715 432 896 677 485 1133 648 846 279 386 429 280 320 135 724 623 622 392 740 405 538 435 436 0 675 312 497 555 756 429 332 806 751 812 531 813 683 489 752 419
872 516 156 604 711 416 874 847 476 434 711 97 606 1303 219 446 318 199 670 845 672 608 83 1231 321 744 1127 523 1248 156 513 42 730 750 206 801 155 608 1037 43 391 1274 271 212 753 812 855 620 746 772 90 309 245 867 292 478 191 611 862 675 0 785 570 292 371 856 872 246 366 251 184 253 827 563 118 516
273 619 827 559 416 728 276 248 383 1000 372 842 561 1292 964 830 743 657 307 137 169 563 828 1220 746 731 1117 560 1238 661 616 787 391 247 951 290 826 563 1027 788 595 1264 759 956 250 517 560 391 451 407 835 734 732 159 851 516 649 566 567 312 785 0 608 666 866 560 273 917 861 922 642 924 814 600 863 550
791 593 629 681 744 493 793 766 298 821 700 627 683 1380 749 594 396 471 492 668 494 685 613 1308 398 821 1205 87 1326 483 591 572 719 572 736 791 627 686 1115 573 248 1352 414 741 575 845 888 442 778 594 620 386 387 689 636 168 463 689 895 497 570 608 0 318 519 888 791 718 514 724 457 725 904 64 648 593
672 315 351 403 510 215 674 646 356 606 510 349 405 1103 471 316 118 193 550 726 552 407 335 1030 120 544 927 271 1048 328 313 294 529 626 458 601 349 408 837 295 138 1074 136 464 629 611 655 500 545 615 342 108 109 732 358 226 185 411 661 555 292 666 318 0 241 655 671 440 236 446 179 448 626 310 370 315
756 399 487 487 594 230 758 730 557 755 594 339 489 1187 528 156 173 342 751 831 753 491 325 1114 175 627 1011 471 1132 477 397 373 613 710 515 685 485 492 921 374 339 1158 256 521 713 695 739 701 629 699 347 163 229 816 262 427 334 495 745 756 371 866 519 241 0 739 755 576 76 582 328 583 710 511 360 399
410 385 914 324 182 562 413 385 663 1169 221 912 327 1058 1034 664 616 756 425 486 450 329 898 986 618 497 883 841 1003 891 382 857 240 364 1021 340 912 329 793 858 753 1030 699 1027 367 100 47 509 133 354 905 607 672 471 910 796 749 332 53 429 856 560 888 655 739 0 410 1003 734 1009 742 1011 580 881 933 426
47 469 930 408 266 578 49 98 566 1183 222 928 411 1142 1050 680 632 773 327 199 352 413 914 1070 635 581 967 744 1087 844 466 873 241 267 1038 113 929 413 877 874 769 1113 715 1043 270 366 410 412 300 257 921 623 689 183 926 699 765 416 416 332 872 273 791 671 755 410 0 1020 750 1025 758 1027 664 783 950 399
1020 664 139 752 859 564 1022 995 608 558 859 302 754 1451 424 651 466 347 801 977 803 756 288 1379 469 892 1275 671 1396 281 661 247 877 881 411 949 138 756 1185 248 538 1422 419 417 884 960 1003 751 893 904 295 457 393 998 497 626 339 759 1010 806 246 917 718 440 576 1003 1020 0 571 29 332 30 975 711 323 664
750 394 482 482 589 225 753 725 552 750 589 334 484 1181 523 151 167 337 746 826 748 486 320 1109 170 622 1006 466 1126 472 391 368 608 704 510 680 480 486 916 369 334 1153 250 516 707 690 733 696 624 694 342 158 224 811 257 422 329 489 740 751 366 861 514 236 76 734 750 571 0 577 322 578 705 506 355 394
1026 669 145 757 864 569 1028 1000 613 564 864 308 759 1457 430 657 472 352 807 982 809 761 293 1384 474 897 1281 677 1402 286 667 253 883 887 417 955 143 762 1191 254 544 1428 425 422 890 965 1009 757 899 909 301 462 398 1004 503 632 344 765 1015 812 251 922 724 446 582 1009 1025 29 577 0 338 36 980 716 329 669
758 402 243 490 597 302 761 733 333 498 597 240 492 1189 363 402 204 56 527 702 529 494 226 1117 207 630 1014 409 1134 220 399 186 616 606 350 688 241 494 924 187 277 1161 158 355 609 698 741 476 632 629 233 195 131 724 250 365 48 497 748 531 184 642 457 179 328 742 758 332 322 338 0 339 713 449 262 402
1027 671 147 759 866 571 1029 1002 615 566 866 309 761 1458 431 658 473 354 809 984 811 763 295 1386 476 899 1283 678 1403 288 668 254 885 888 418 956 145 763 1193 255 546 1429 426 424 891 967 1010 758 901 911 302 464 400 1006 504 633 346 766 1017 813 253 924 725 448 583 1011 1027 30 578 36 339 0 982 718 331 671
664 356 885 328 435 533 666 639 917 1141 475 883 330 602 1005 635 587 728 679 740 703 332 869 530 590 132 426 857 547 863 353 828 494 618 993 593 884 333 336 829 724 573 670 998 621 536 580 763 470 608 876 578 644 724 881 812 720 336 586 683 827 814 904 626 710 580 664 975 705 980 713 982 0 897 905 480
783 586 621 673 736 486 786 758 291 813 692 619 676 1373 741 586 388 464 485 660 487 678 605 1301 390 814 1197 79 1318 475 583 564 711 564 728 783 620 678 1107 565 240 1344 406 734 567 837 880 434 771 587 612 379 380 682 628 160 456 681 887 489 563 600 64 310 511 881 783 711 506 716 449 718 897 0 640 585
950 594 234 682 789 494 952 925 554 512 789 86 684 1381 275 435 396 277 748 923 750 686 72 1309 399 822 1205 601 1326 234 591 120 807 827 262 879 232 686 1115 121 468 1352 349 268 830 890 933 697 823 850 94 387 323 945 281 556 269 689 940 752 118 863 648 370 360 933 950 323 355 329 262 331 905 640 0 594
399 169 574 257 282 222 402 374 632 829 238 572 260 957 694 324 276 417 414 475 439 262 558 884 279 398 781 546 902 552 167 517 257 353 681 329 573 262 691 518 413 928 359 687 356 383 426 499 316 343 565 267 333 460 570 501 409 265 432 419 516 550 593 315 399 426 399 664 394 669 402 671 480 585 594 0
EOF
