NAME : tsp_problem
TYPE : TSP
DIMENSION : 16
EDGE_WEIGHT_TYPE : EXPLICIT
EDGE_WEIGHT_FORMAT : FULL_MATRIX
EDGE_WEIGHT_SECTION
0 138 312 397 264 498 787 521 373 389 922 281 595 131 523 513
138 0 283 368 351 585 758 608 460 476 893 219 682 70 610 600
312 283 0 403 437 670 660 694 545 561 794 425 768 276 695 685
397 368 403 0 610 844 487 867 718 735 622 511 941 361 868 859
264 351 437 610 0 434 998 458 309 256 1133 494 532 344 459 380
498 585 670 844 434 0 1232 474 326 407 1367 683 548 578 476 466
787 758 660 487 998 1232 0 1255 1107 1123 485 901 1329 751 1257 1247
521 608 694 867 458 474 1255 0 284 360 1390 751 120 601 47 223
373 460 545 718 309 326 1107 284 0 253 1242 602 358 453 286 247
389 476 561 735 256 407 1123 360 253 0 1258 618 346 469 362 179
922 893 794 622 1133 1367 485 1390 1242 1258 0 1036 1464 886 1391 1382
281 219 425 511 494 683 901 751 602 618 1036 0 825 212 752 742
595 682 768 941 532 548 1329 120 358 346 1464 825 0 675 121 208
131 70 276 361 344 578 751 601 453 469 886 212 675 0 603 593
523 610 695 868 459 476 1257 47 286 362 1391 752 121 603 0 224
513 600 685 859 380 466 1247 223 247 179 1382 742 208 593 224 0
EOF
