NAME : tsp_problem
TYPE : TSP
DIMENSION : 54
EDGE_WEIGHT_TYPE : EXPLICIT
EDGE_WEIGHT_FORMAT : FULL_MATRIX
EDGE_WEIGHT_SECTION
0 672 774 377 398 526 41 895 1456 374 688 994 578 216 253 1434 938 773 908 1244 874 813 851 641 681 87 840 426 559 978 1015 444 829 1206 642 806 625 950 977 809 507 948 1285 926 242 1294 267 657 816 397 926 339 829 339
672 0 145 681 679 217 686 266 829 678 592 432 288 577 465 807 377 312 279 617 552 452 222 181 588 684 211 335 309 349 486 353 432 579 182 177 646 321 415 454 442 319 658 297 523 667 571 72 187 370 297 624 436 443
774 145 0 783 781 320 788 297 860 780 477 317 390 679 567 838 261 342 164 648 436 336 106 283 472 787 242 437 411 233 370 455 317 609 284 207 531 206 300 339 545 204 689 181 625 698 673 167 73 473 182 726 321 546
377 681 783 0 384 535 391 905 1466 34 681 1003 605 282 262 1444 948 782 917 1253 867 806 860 651 674 390 849 435 627 987 1008 454 821 1215 651 815 618 959 986 802 595 957 1294 935 228 1304 156 666 825 406 936 427 822 349
398 679 781 384 0 533 412 903 1464 381 596 966 603 303 260 1442 946 781 916 1252 782 721 858 649 589 411 848 434 625 985 923 452 737 1213 650 813 533 958 984 717 606 956 1293 933 198 1302 274 665 823 404 934 448 737 347
526 217 320 535 533 0 539 441 1002 532 583 539 112 430 319 980 484 319 454 790 659 559 397 187 576 538 386 189 133 523 593 207 539 751 188 351 520 496 523 562 266 494 831 471 377 840 425 203 361 224 472 448 543 297
41 686 788 391 412 539 0 909 1470 388 702 1007 592 229 267 1448 952 787 922 1258 887 827 865 655 695 101 854 440 573 991 1029 458 842 1219 656 820 638 964 991 823 521 962 1299 939 255 1308 281 671 829 410 940 353 843 353
895 266 297 905 903 441 909 0 607 901 744 584 511 800 688 585 529 325 431 395 703 604 374 404 740 908 79 558 533 500 638 577 584 357 405 131 798 473 567 606 666 471 436 448 747 445 795 289 338 594 449 847 588 667
1456 829 860 1466 1464 1002 1470 607 0 1462 1307 1147 1072 1361 1249 337 1092 766 994 536 1266 1167 937 965 1303 1469 642 1119 1094 1063 1201 1138 1147 497 966 694 1361 1036 1130 1169 1227 1034 487 1011 1308 327 1356 852 901 1155 1012 1408 1151 1228
374 678 780 34 381 532 388 901 1462 0 677 1000 602 279 259 1440 944 779 914 1250 863 803 857 648 671 387 846 432 623 984 1005 450 818 1212 648 812 614 956 983 799 592 954 1291 932 224 1300 153 663 822 403 932 424 819 345
688 592 477 681 596 583 702 744 1307 677 0 414 653 593 481 1285 461 789 474 1095 229 169 400 558 85 701 689 432 675 544 370 409 184 1056 549 654 98 516 463 241 656 514 1136 492 494 1145 571 614 435 516 492 651 185 459
994 432 317 1003 966 539 1007 584 1147 1000 414 0 610 898 787 1125 128 630 314 935 222 306 240 398 410 1006 529 657 631 384 138 675 286 896 389 494 468 356 113 308 764 354 976 332 845 985 893 455 275 692 333 946 290 765
578 288 390 605 603 112 592 511 1072 602 653 610 0 501 389 1050 554 389 524 860 729 629 467 258 647 591 456 259 98 594 663 277 610 822 258 422 590 566 593 632 197 564 901 542 447 910 495 273 432 295 542 378 614 356
216 577 679 282 303 430 229 800 1361 279 593 898 501 0 158 1339 843 678 813 1149 778 718 756 546 586 228 745 331 485 882 920 349 733 1110 547 711 530 855 882 714 433 853 1190 830 146 1199 172 562 720 301 831 265 734 244
253 465 567 262 260 319 267 688 1249 259 481 787 389 158 0 1227 731 566 701 1037 667 606 644 434 474 265 633 219 410 771 808 237 622 999 435 599 418 743 770 602 392 741 1078 719 104 1087 152 450 609 190 719 303 622 132
1434 807 838 1444 1442 980 1448 585 337 1440 1285 1125 1050 1339 1227 0 1070 744 972 397 1244 1145 915 943 1281 1447 620 1097 1072 1041 1179 1116 1125 428 944 672 1339 1014 1108 1147 1205 1012 327 989 1286 305 1334 830 879 1133 990 1386 1129 1206
938 377 261 948 946 484 952 529 1092 944 461 128 554 843 731 1070 0 574 259 879 299 321 185 343 457 951 474 601 576 329 182 620 301 841 334 439 515 301 78 323 709 299 921 277 790 930 838 399 220 637 277 890 305 710
773 312 342 782 781 319 787 325 766 779 789 630 389 678 566 744 574 0 476 554 749 649 419 282 785 786 270 436 411 546 683 454 630 516 283 235 768 518 613 652 544 516 595 494 625 604 672 298 384 472 495 725 633 545
908 279 164 917 916 454 922 431 994 914 474 314 524 813 701 972 259 476 0 782 434 334 104 356 470 921 376 571 546 101 368 589 314 743 347 341 528 74 297 336 679 72 823 49 759 832 807 301 122 607 50 860 318 680
1244 617 648 1253 1252 790 1258 395 536 1250 1095 935 860 1149 1037 397 879 554 782 0 1054 954 724 753 1091 1257 429 907 882 851 988 925 935 102 754 482 1149 824 918 957 1015 822 85 799 1095 253 1143 639 689 943 800 1196 939 1016
874 552 436 867 782 659 887 703 1266 863 229 222 729 778 667 1244 299 749 434 1054 0 269 359 517 225 886 648 617 751 503 179 595 144 1016 509 614 283 476 284 427 842 474 1095 451 680 1104 757 574 395 702 452 837 285 645
813 452 336 806 721 559 827 604 1167 803 169 306 629 718 606 1145 321 649 334 954 269 0 260 417 165 826 548 557 651 403 359 535 224 916 409 514 223 376 323 187 782 374 996 351 620 1005 696 474 295 642 352 777 61 585
851 222 106 860 858 397 865 374 937 857 400 240 467 756 644 915 185 419 104 724 359 260 0 281 396 864 318 514 488 173 294 532 240 686 273 284 454 146 223 262 621 144 766 122 702 775 750 244 65 549 122 803 244 622
641 181 283 651 649 187 655 404 965 648 558 398 258 546 434 943 343 282 356 753 517 417 281 0 554 654 349 304 279 425 451 323 398 715 59 315 612 398 381 420 412 396 794 373 493 804 541 166 317 340 374 593 402 413
681 588 472 674 589 576 695 740 1303 671 85 410 647 586 474 1281 457 785 470 1091 225 165 396 554 0 694 685 425 668 540 366 402 180 1052 545 650 91 512 459 234 649 510 1132 488 488 1141 564 610 431 510 488 645 181 453
87 684 787 390 411 538 101 908 1469 387 701 1006 591 228 265 1447 951 786 921 1257 886 826 864 654 694 0 853 439 572 990 1028 457 841 1218 655 818 637 963 990 822 520 961 1298 938 254 1307 280 670 828 409 939 352 842 352
840 211 242 849 848 386 854 79 642 846 689 529 456 745 633 620 474 270 376 429 648 548 318 349 685 853 0 503 478 445 582 521 529 391 350 76 743 418 512 551 611 416 471 393 691 480 739 233 283 539 394 792 533 612
426 335 437 435 434 189 440 558 1119 432 432 657 259 331 219 1097 601 436 571 907 617 557 514 304 425 439 503 0 280 641 710 55 572 869 305 469 369 613 640 553 262 611 948 589 277 957 325 320 479 125 589 390 573 198
559 309 411 627 625 133 573 533 1094 623 675 631 98 485 410 1072 576 411 546 882 751 651 488 279 668 572 478 280 0 615 685 299 631 843 280 443 612 588 614 653 178 586 923 563 469 932 517 295 453 291 564 359 635 337
978 349 233 987 985 523 991 500 1063 984 544 384 594 882 771 1041 329 546 101 851 503 403 173 425 540 990 445 641 615 0 437 659 384 813 417 411 598 77 367 406 748 77 892 74 829 901 877 371 192 676 82 930 388 749
1015 486 370 1008 923 593 1029 638 1201 1005 370 138 663 920 808 1179 182 683 368 988 179 359 294 451 366 1028 582 710 685 437 0 728 285 950 443 548 425 410 167 362 818 408 1029 385 822 1039 898 508 329 746 386 978 343 786
444 353 455 454 452 207 458 577 1138 450 409 675 277 349 237 1116 620 454 589 925 595 535 532 323 402 457 521 55 299 659 728 0 550 887 323 487 346 631 658 530 280 629 966 607 296 976 344 338 497 143 608 408 550 216
829 432 317 821 737 539 842 584 1147 818 184 286 610 733 622 1125 301 630 314 935 144 224 240 398 180 841 529 572 631 384 285 550 0 896 389 494 238 356 303 308 764 354 976 332 635 985 711 455 275 657 333 792 239 600
1206 579 609 1215 1213 751 1219 357 497 1212 1056 896 822 1110 999 428 841 516 743 102 1016 916 686 715 1052 1218 391 869 843 813 950 887 896 0 716 444 1110 785 879 918 976 783 116 761 1057 284 1105 601 651 904 761 1158 900 977
642 182 284 651 650 188 656 405 966 648 549 389 258 547 435 944 334 283 347 754 509 409 273 59 545 655 350 305 280 417 443 323 389 716 0 316 603 389 373 412 413 387 795 365 494 804 541 167 308 341 366 594 393 414
806 177 207 815 813 351 820 131 694 812 654 494 422 711 599 672 439 235 341 482 614 514 284 315 650 818 76 469 443 411 548 487 494 444 316 0 708 383 478 517 576 381 523 359 657 532 705 199 249 504 360 758 498 577
625 646 531 618 533 520 638 798 1361 614 98 468 590 530 418 1339 515 768 528 1149 283 223 454 612 91 637 743 369 612 598 425 346 238 1110 603 708 0 570 517 247 593 568 1190 546 431 1199 508 651 489 453 547 588 239 396
950 321 206 959 958 496 964 473 1036 956 516 356 566 855 743 1014 301 518 74 824 476 376 146 398 512 963 418 613 588 77 410 631 356 785 389 383 570 0 340 379 721 53 865 47 802 874 849 343 164 649 55 902 360 722
977 415 300 986 984 523 991 567 1130 983 463 113 593 882 770 1108 78 613 297 918 284 323 223 381 459 990 512 640 614 367 167 658 303 879 373 478 517 340 0 325 747 338 959 315 828 968 876 438 259 675 316 929 307 748
809 454 339 802 717 562 823 606 1169 799 241 308 632 714 602 1147 323 652 336 957 427 187 262 420 234 822 551 553 653 406 362 530 308 918 412 517 247 379 325 0 778 377 998 354 616 1007 692 477 298 638 355 773 171 581
507 442 545 595 606 266 521 666 1227 592 656 764 197 433 392 1205 709 544 679 1015 842 782 621 412 649 520 611 262 178 748 818 280 764 976 413 576 593 721 747 778 0 719 1056 696 450 1065 485 428 586 239 697 213 768 285
948 319 204 957 956 494 962 471 1034 954 514 354 564 853 741 1012 299 516 72 822 474 374 144 396 510 961 416 611 586 77 408 629 354 783 387 381 568 53 338 377 719 0 863 45 799 872 847 341 162 647 53 900 358 720
1285 658 689 1294 1293 831 1299 436 487 1291 1136 976 901 1190 1078 327 921 595 823 85 1095 996 766 794 1132 1298 471 948 923 892 1029 966 976 116 795 523 1190 865 959 998 1056 863 0 840 1137 183 1184 680 730 984 841 1237 980 1057
926 297 181 935 933 471 939 448 1011 932 492 332 542 830 719 989 277 494 49 799 451 351 122 373 488 938 393 589 563 74 385 607 332 761 365 359 546 47 315 354 696 45 840 0 777 849 825 319 140 624 32 878 336 697
242 523 625 228 198 377 255 747 1308 224 494 845 447 146 104 1286 790 625 759 1095 680 620 702 493 488 254 691 277 469 829 822 296 635 1057 494 657 431 802 828 616 450 799 1137 777 0 1146 118 508 667 248 778 292 636 191
1294 667 698 1304 1302 840 1308 445 327 1300 1145 985 910 1199 1087 305 930 604 832 253 1104 1005 775 804 1141 1307 480 957 932 901 1039 976 985 284 804 532 1199 874 968 1007 1065 872 183 849 1146 0 1194 690 739 993 850 1246 989 1066
267 571 673 156 274 425 281 795 1356 153 571 893 495 172 152 1334 838 672 807 1143 757 696 750 541 564 280 739 325 517 877 898 344 711 1105 541 705 508 849 876 692 485 847 1184 825 118 1194 0 556 715 296 826 317 712 239
657 72 167 666 665 203 671 289 852 663 614 455 273 562 450 830 399 298 301 639 574 474 244 166 610 670 233 320 295 371 508 338 455 601 167 199 651 343 438 477 428 341 680 319 508 690 556 0 209 356 320 609 458 429
816 187 73 825 823 361 829 338 901 822 435 275 432 720 609 879 220 384 122 689 395 295 65 317 431 828 283 479 453 192 329 497 275 651 308 249 489 164 259 298 586 162 730 140 667 739 715 209 0 514 141 768 279 587
397 370 473 406 404 224 410 594 1155 403 516 692 295 301 190 1133 637 472 607 943 702 642 549 340 510 409 539 125 291 676 746 143 657 904 341 504 453 649 675 638 239 647 984 624 248 993 296 356 514 0 625 302 658 168
926 297 182 936 934 472 940 449 1012 932 492 333 542 831 719 990 277 495 50 800 452 352 122 374 488 939 394 589 564 82 386 608 333 761 366 360 547 55 316 355 697 53 841 32 778 850 826 320 141 625 0 878 337 698
339 624 726 427 448 448 353 847 1408 424 651 946 378 265 303 1386 890 725 860 1196 837 777 803 593 645 352 792 390 359 930 978 408 792 1158 594 758 588 902 929 773 213 900 1237 878 292 1246 317 609 768 302 878 0 793 217
829 436 321 822 737 543 843 588 1151 819 185 290 614 734 622 1129 305 633 318 939 285 61 244 402 181 842 533 573 635 388 343 550 239 900 393 498 239 360 307 171 768 358 980 336 636 989 712 458 279 658 337 793 0 601
339 443 546 349 347 297 353 667 1228 345 459 765 356 244 132 1206 710 545 680 1016 645 585 622 413 453 352 612 198 337 749 786 216 600 977 414 577 396 722 748 581 285 720 1057 697 191 1066 239 429 587 168 698 217 601 0
EOF