NAME : tsp_problem
TYPE : TSP
DIMENSION : 78
EDGE_WEIGHT_TYPE : EXPLICIT
EDGE_WEIGHT_FORMAT : FULL_MATRIX
EDGE_WEIGHT_SECTION
0 551 520 769 360 768 1025 529 986 391 703 482 921 228 391 518 365 621 748 760 488 718 551 772 908 365 466 471 504 507 690 508 681 732 577 611 712 677 333 765 615 318 866 496 648 224 489 664 585 367 515 575 214 898 597 573 488 848 858 223 250 821 512 646 496 696 410 463 187 880 740 591 875 399 157 120 406 419
551 0 1011 597 389 924 1178 685 1139 328 859 638 1076 586 883 274 859 376 503 916 243 284 707 928 1064 395 403 963 260 133 687 135 437 693 1069 767 468 833 825 921 770 810 1022 251 404 411 245 420 340 396 1006 731 401 1054 1089 729 115 1340 1013 581 469 977 268 1138 988 852 346 619 681 1035 737 747 1031 891 638 614 343 174
520 1011 0 1232 822 1230 1488 991 1448 851 1165 944 1383 490 200 979 828 1081 1208 1222 948 1179 1014 1235 1371 827 926 267 964 967 1152 968 1141 1194 255 1074 1173 1139 210 1228 1077 255 1328 956 1108 684 950 1125 1045 829 37 1037 674 1360 120 1035 949 526 1320 485 710 1283 972 323 274 1158 870 926 363 1342 1202 1053 1337 317 619 582 866 879
769 597 1232 0 565 455 629 344 589 619 548 383 624 808 1103 392 1068 271 184 463 394 431 385 487 612 570 693 1183 377 623 138 625 251 144 1289 289 176 510 1045 452 288 1030 553 402 246 665 395 234 295 572 1226 590 655 601 1309 588 605 1560 561 803 576 536 385 1358 1208 541 637 364 899 583 188 294 578 1111 700 747 634 465
360 389 822 565 0 564 821 325 782 340 499 278 716 398 694 357 658 459 586 556 326 557 347 568 704 35 415 774 342 345 486 346 519 527 880 407 551 473 636 561 410 621 662 334 486 256 328 503 423 36 817 371 246 694 900 369 327 1151 653 394 166 617 350 948 799 492 359 259 490 676 535 387 671 701 291 338 355 257
768 924 1230 455 564 0 464 280 424 831 470 381 360 806 1102 798 1066 677 590 256 800 838 321 409 348 569 906 1182 784 879 524 881 658 355 1288 251 583 433 1044 40 254 1029 141 808 653 664 802 641 702 571 1225 575 654 337 1308 573 861 1559 297 802 574 331 792 1356 1207 463 850 363 898 319 574 230 314 1109 699 746 846 791
1025 1178 1488 629 821 464 0 537 139 1089 742 639 640 1064 1359 973 1324 852 764 536 975 1012 579 681 628 827 1163 1439 958 1137 719 1138 832 529 1545 508 757 704 1301 461 511 1286 562 983 827 921 976 815 876 828 1483 847 911 617 1565 844 1118 1816 577 1059 832 611 966 1614 1464 735 1107 620 1155 599 769 488 594 1367 956 1004 1104 1046
529 685 991 344 325 280 537 0 498 592 357 142 433 567 863 652 827 566 479 272 621 727 82 296 420 330 667 943 638 640 285 642 547 244 1049 123 472 208 805 277 126 790 378 629 541 425 623 530 591 332 986 350 415 410 1069 348 622 1320 370 563 335 345 646 1117 968 350 611 124 659 392 335 103 387 870 460 507 607 552
986 1139 1448 589 782 424 139 498 0 1049 702 599 600 1024 1320 933 1284 812 725 496 935 972 539 641 588 787 1124 1399 918 1097 679 1098 792 489 1506 469 717 664 1261 422 472 1247 522 943 787 882 936 776 836 788 1443 807 871 577 1526 804 1079 1777 537 1020 792 571 926 1574 1424 695 1067 581 1116 559 729 448 555 1327 917 964 1064 1006
391 328 851 619 340 831 1089 592 1049 0 766 545 984 425 723 295 699 398 525 823 265 495 615 836 972 346 121 803 281 283 708 285 458 715 909 675 489 740 665 829 678 650 929 273 425 251 266 441 362 347 846 638 240 961 929 636 265 1180 921 421 309 884 289 977 828 759 103 527 521 943 758 654 938 731 478 453 100 196
703 859 1165 548 499 470 742 357 702 766 0 298 544 741 1037 826 1001 771 684 232 796 931 367 122 532 504 841 1117 812 814 535 816 751 448 1223 328 676 278 979 467 331 964 568 803 746 599 797 734 795 506 1160 158 589 521 1243 156 796 1494 481 737 509 171 820 1291 1142 46 785 279 833 503 585 278 499 1045 634 681 781 726
482 638 944 383 278 381 639 142 599 545 298 0 534 520 816 605 780 605 518 345 574 765 165 367 522 283 620 896 590 593 303 594 585 345 1002 225 510 261 757 379 228 743 479 582 580 378 576 569 630 284 939 274 368 511 1022 271 575 1273 471 516 288 416 598 1070 921 291 563 48 612 493 353 204 488 823 413 460 560 505
921 1076 1383 624 716 360 640 433 600 984 544 534 0 959 1255 967 1219 846 759 330 969 1007 474 483 70 722 1058 1334 953 1032 677 1033 827 524 1440 404 752 507 1196 357 407 1182 458 977 822 816 971 810 871 723 1378 649 806 116 1460 647 1014 1711 109 954 727 405 961 1509 1359 537 1002 515 1050 98 727 383 174 1262 851 899 999 944
228 586 490 808 398 806 1064 567 1024 425 741 520 959 0 361 553 536 655 782 799 522 753 590 811 947 404 500 441 539 541 728 542 716 770 547 650 747 715 303 804 653 288 904 530 682 258 524 699 619 405 485 614 248 936 567 611 523 818 896 59 284 859 546 616 466 734 444 502 265 918 778 629 913 369 315 290 441 453
391 883 200 1103 694 1102 1359 863 1320 723 1037 816 1255 361 0 850 699 953 1080 1094 820 1050 885 1106 1242 699 798 152 836 839 1024 840 1013 1065 258 945 1044 1011 81 1099 948 127 1200 828 980 556 821 996 917 701 195 909 546 1232 278 907 820 529 1192 357 582 1155 844 327 302 1030 741 797 235 1214 1074 925 1209 207 491 454 738 751
518 274 979 392 357 798 973 652 933 295 826 605 967 553 850 0 826 344 298 807 211 270 675 830 955 362 370 930 54 300 481 301 231 487 1036 633 425 800 792 796 632 777 896 219 360 378 212 214 135 364 974 698 368 944 1056 696 282 1307 904 548 437 879 62 1105 955 819 314 586 648 926 531 637 922 858 606 581 310 142
365 859 828 1068 658 1066 1324 827 1284 699 1001 780 1219 536 699 826 0 929 1056 1058 796 1026 850 1071 1207 664 774 779 812 815 988 816 989 1030 885 910 1020 975 641 1064 913 626 1164 804 956 532 797 972 893 665 823 873 521 1196 905 871 796 986 1156 531 558 1119 820 954 804 994 717 762 495 1178 1038 889 1173 707 398 361 714 727
621 376 1081 271 459 677 852 566 812 398 771 605 846 655 953 344 929 0 298 686 172 543 607 710 834 464 472 1033 329 402 360 404 365 367 1139 512 140 733 894 675 511 880 775 180 197 480 174 348 409 466 1076 801 470 824 1159 798 384 1410 783 651 539 758 337 1207 1058 764 416 587 751 805 410 516 801 960 708 683 413 244
748 503 1208 184 586 590 764 479 725 525 684 518 759 782 1080 298 1056 298 0 599 300 337 520 622 747 591 599 1160 283 529 273 531 157 279 1266 425 217 646 1022 587 424 1007 688 308 152 607 301 140 201 593 1203 726 597 736 1286 723 511 1537 696 778 666 671 291 1334 1185 677 543 499 878 718 323 429 714 1087 835 810 540 371
760 916 1222 463 556 256 536 272 496 823 232 345 330 799 1094 807 1058 686 599 0 809 846 284 171 318 561 898 1174 792 871 516 873 666 363 1280 243 591 195 1036 253 246 1021 354 817 661 656 810 649 710 563 1217 337 646 307 1300 335 853 1551 267 794 567 93 800 1349 1199 225 842 326 890 289 566 193 285 1102 691 738 838 783
488 243 948 394 326 800 975 621 935 265 796 574 969 522 820 211 796 172 300 809 0 411 644 833 957 331 339 900 196 269 483 271 233 490 1006 635 264 769 762 798 634 747 898 47 200 347 41 216 277 333 943 668 337 947 1026 665 251 1277 907 518 406 881 204 1074 925 789 283 556 618 929 533 640 924 827 575 550 280 111
718 284 1179 431 557 838 1012 727 972 495 931 765 1007 753 1050 270 1026 543 337 846 411 0 768 870 994 562 570 1130 256 327 521 328 270 527 1236 672 464 893 992 835 671 977 936 418 399 578 412 253 174 563 1174 898 568 984 1256 896 309 1507 944 748 636 919 264 1305 1155 924 514 747 848 966 570 677 961 1058 805 781 510 341
551 707 1014 385 347 321 579 82 539 615 367 165 474 590 885 675 850 607 520 284 644 768 0 308 462 353 689 965 660 663 308 664 588 285 1071 164 513 200 827 318 168 812 419 652 583 447 645 571 632 354 1009 343 437 451 1091 341 645 1342 411 585 358 356 668 1140 990 360 633 146 681 433 358 144 428 893 482 530 630 575
772 928 1235 487 568 409 681 296 641 836 122 367 483 811 1106 830 1071 710 622 171 833 870 308 0 471 573 910 1186 816 884 540 885 690 387 1292 267 615 219 1048 406 270 1033 507 841 685 668 834 673 734 575 1230 227 658 460 1312 225 865 1563 420 806 579 110 824 1361 1211 115 854 349 902 442 590 217 437 1114 703 751 851 796
908 1064 1371 612 704 348 628 420 588 972 532 522 70 947 1242 955 1207 834 747 318 957 994 462 471 0 710 1046 1322 941 1020 665 1021 815 511 1428 391 740 495 1184 345 394 1169 446 965 809 804 959 798 859 711 1366 637 794 104 1448 635 1001 1699 97 942 715 393 949 1497 1347 525 990 503 1038 86 715 371 162 1250 839 887 987 932
365 395 827 570 35 569 827 330 787 346 504 283 722 404 699 362 664 464 591 561 331 562 353 573 710 0 420 779 348 350 491 351 525 533 885 413 556 478 641 566 416 626 667 339 492 261 333 508 429 42 822 376 251 699 905 374 332 1156 659 399 172 622 356 954 804 497 364 264 495 681 541 392 676 707 296 343 361 262
466 403 926 693 415 906 1163 667 1124 121 841 620 1058 500 798 370 774 472 599 898 339 570 689 910 1046 420 0 877 356 358 783 359 533 789 984 749 564 815 739 903 752 725 1004 347 500 325 341 516 436 422 921 713 315 1036 1004 711 340 1255 996 496 384 959 364 1052 903 834 102 601 596 1018 833 729 1013 805 553 528 82 270
471 963 267 1183 774 1182 1439 943 1399 803 1117 896 1334 441 152 930 779 1033 1160 1174 900 1130 965 1186 1322 779 877 0 916 918 1103 920 1093 1145 338 1025 1124 1091 161 1179 1028 206 1280 907 1060 635 901 1076 997 781 262 989 625 1312 201 986 900 609 1271 437 662 1235 924 406 225 1110 821 877 315 1293 1153 1004 1289 268 570 534 818 830
504 260 964 377 342 784 958 638 918 281 812 590 953 539 836 54 812 329 283 792 196 256 660 816 941 348 356 916 0 286 467 287 216 473 1022 618 411 786 778 781 617 763 882 204 346 364 198 200 120 349 959 684 353 930 1042 681 267 1293 890 534 422 865 47 1091 941 805 299 572 634 912 517 623 907 844 591 567 296 127
507 133 967 623 345 879 1137 640 1097 283 814 593 1032 541 839 300 815 402 529 871 269 327 663 884 1020 350 358 918 286 0 713 42 463 719 1025 723 494 788 780 877 726 766 977 277 430 366 271 446 366 352 962 686 356 1009 1045 684 64 1296 969 537 425 932 294 1093 943 807 302 575 637 991 763 702 986 846 594 569 299 200
690 687 1152 138 486 524 719 285 679 708 535 303 677 728 1024 481 988 360 273 516 483 521 308 540 665 491 783 1103 467 713 0 714 341 234 1210 368 266 434 965 522 371 951 622 491 336 586 485 324 385 492 1147 511 575 654 1230 508 695 1481 614 724 496 589 475 1278 1128 528 727 285 820 636 108 347 631 1031 621 668 723 555
508 135 968 625 346 881 1138 642 1098 285 816 594 1033 542 840 301 816 404 531 873 271 328 664 885 1021 351 359 920 287 42 714 0 464 721 1026 724 495 790 782 878 727 767 978 279 431 367 272 447 368 353 963 688 357 1010 1046 685 65 1297 970 538 426 934 295 1094 945 809 303 576 638 992 764 703 988 847 595 570 300 202
681 437 1141 251 519 658 832 547 792 458 751 585 827 716 1013 231 989 365 157 666 233 270 588 690 815 525 533 1093 216 463 341 464 0 347 1199 492 284 713 955 655 491 940 756 241 219 541 234 74 134 526 1136 793 530 804 1219 791 444 1470 764 711 599 739 224 1268 1118 744 476 567 811 786 391 497 781 1021 768 744 473 304
732 693 1194 144 527 355 529 244 489 715 448 345 524 770 1065 487 1030 367 279 363 490 527 285 387 511 533 789 1145 473 719 234 721 347 0 1251 189 272 410 1007 352 188 992 453 498 342 627 491 330 391 534 1189 553 617 501 1271 550 701 1522 461 765 538 436 481 1320 1170 441 733 326 861 483 284 194 478 1073 662 710 730 561
577 1069 255 1289 880 1288 1545 1049 1506 909 1223 1002 1440 547 258 1036 885 1139 1266 1280 1006 1236 1071 1292 1428 885 984 338 1022 1025 1210 1026 1199 1251 0 1131 1230 1197 267 1285 1134 313 1386 1014 1166 742 1007 1182 1103 887 250 1095 731 1418 192 1093 1006 453 1378 543 768 1341 1030 251 346 1216 927 983 421 1400 1259 1111 1395 389 677 640 924 937
611 767 1074 289 407 251 508 123 469 675 328 225 404 650 945 633 910 512 425 243 635 672 164 267 391 413 749 1025 618 723 368 724 492 189 1131 0 417 290 887 248 72 872 349 643 487 507 636 475 536 414 1069 432 497 381 1151 430 704 1402 341 645 418 315 626 1200 1050 321 693 206 741 363 418 74 358 953 542 590 690 635
712 468 1173 176 551 583 757 472 717 489 676 510 752 747 1044 425 1020 140 217 591 264 464 513 615 740 556 564 1124 411 494 266 495 284 272 1230 417 0 638 986 580 416 971 681 272 279 572 265 268 329 558 1168 718 562 729 1250 716 476 1501 689 742 631 664 419 1299 1149 669 508 492 842 711 316 422 706 1052 800 775 504 335
677 833 1139 510 473 433 704 208 664 740 278 261 507 715 1011 800 975 733 646 195 769 893 200 219 495 478 815 1091 786 788 434 790 713 410 1197 290 638 0 953 431 293 938 531 777 708 573 771 697 757 480 1134 254 563 484 1217 252 770 1468 444 711 483 268 794 1265 1116 271 759 243 807 466 483 241 462 1018 608 655 755 700
333 825 210 1045 636 1044 1301 805 1261 665 979 757 1196 303 81 792 641 894 1022 1036 762 992 827 1048 1184 641 739 161 778 780 965 782 955 1007 267 887 986 953 0 1041 890 68 1142 769 922 497 763 938 859 642 205 851 487 1173 287 848 762 538 1133 299 524 1097 786 336 246 972 683 739 177 1155 1015 866 1151 149 432 395 680 692
765 921 1228 452 561 40 461 277 422 829 467 379 357 804 1099 796 1064 675 587 253 798 835 318 406 345 566 903 1179 781 877 522 878 655 352 1285 248 580 431 1041 0 251 1026 138 806 650 661 799 638 699 568 1223 573 651 335 1305 570 858 1556 294 799 572 328 789 1354 1204 460 847 360 895 316 572 228 312 1107 696 744 844 789
615 770 1077 288 410 254 511 126 472 678 331 228 407 653 948 632 913 511 424 246 634 671 168 270 394 416 752 1028 617 726 371 727 491 188 1134 72 416 293 890 251 0 875 352 642 486 510 635 474 535 417 1072 436 500 384 1154 433 708 1405 344 648 421 319 625 1203 1053 324 696 209 744 366 421 77 361 956 545 593 693 638
318 810 255 1030 621 1029 1286 790 1247 650 964 743 1182 288 127 777 626 880 1007 1021 747 977 812 1033 1169 626 725 206 763 766 951 767 940 992 313 872 971 938 68 1026 875 0 1127 755 907 483 748 923 844 628 250 836 473 1159 333 834 747 584 1119 284 509 1082 771 381 231 957 669 724 162 1141 1001 852 1136 134 418 381 665 678
866 1022 1328 553 662 141 562 378 522 929 568 479 458 904 1200 896 1164 775 688 354 898 936 419 507 446 667 1004 1280 882 977 622 978 756 453 1386 349 681 531 1142 138 352 1127 0 906 751 762 900 739 800 669 1323 673 752 435 1406 671 959 1657 395 900 672 429 890 1454 1305 561 948 461 996 417 672 328 412 1207 797 844 944 889
496 251 956 402 334 808 983 629 943 273 803 582 977 530 828 219 804 180 308 817 47 418 652 841 965 339 347 907 204 277 491 279 241 498 1014 643 272 777 769 806 642 755 906 0 208 355 49 224 285 341 951 675 345 955 1034 673 259 1285 914 526 414 889 212 1082 933 796 291 564 626 936 541 647 932 835 583 558 288 119
648 404 1108 246 486 653 827 541 787 425 746 580 822 682 980 360 956 197 152 661 200 399 583 685 809 492 500 1060 346 430 336 431 219 342 1166 487 279 708 922 650 486 907 751 208 0 508 201 203 264 493 1103 788 497 799 1186 786 411 1437 759 678 566 734 354 1234 1085 739 443 562 778 781 385 492 776 988 735 710 440 271
224 411 684 665 256 664 921 425 882 251 599 378 816 258 556 378 532 480 607 656 347 578 447 668 804 261 325 635 364 366 586 367 541 627 742 507 572 573 497 661 510 483 762 355 508 0 349 524 444 263 679 471 73 794 762 469 348 1013 754 254 142 717 372 810 660 592 269 359 354 776 635 487 771 563 311 286 266 278
489 245 950 395 328 802 976 623 936 266 797 576 971 524 821 212 797 174 301 810 41 412 645 834 959 333 341 901 198 271 485 272 234 491 1007 636 265 771 763 799 635 748 900 49 201 349 0 218 279 334 945 669 339 948 1027 667 253 1278 908 519 408 883 206 1076 926 790 285 557 619 930 535 641 925 829 577 552 281 112
664 420 1125 234 503 641 815 530 776 441 734 569 810 699 996 214 972 348 140 649 216 253 571 673 798 508 516 1076 200 446 324 447 74 330 1182 475 268 697 938 638 474 923 739 224 203 524 218 0 118 509 1120 776 514 787 1202 774 428 1453 747 694 583 722 208 1251 1101 727 460 550 794 769 374 480 764 1004 752 727 456 287
585 340 1045 295 423 702 876 591 836 362 795 630 871 619 917 135 893 409 201 710 277 174 632 734 859 429 436 997 120 366 385 368 134 391 1103 536 329 757 859 699 535 844 800 285 264 444 279 118 0 430 1040 765 434 848 1123 762 348 1374 808 615 503 783 128 1171 1022 788 380 611 715 830 435 541 825 924 672 647 377 208
367 396 829 572 36 571 828 332 788 347 506 284 723 405 701 364 665 466 593 563 333 563 354 575 711 42 422 781 349 352 492 353 526 534 887 414 558 480 642 568 417 628 669 341 493 263 334 509 430 0 824 378 253 701 907 375 334 1158 660 401 173 624 357 955 806 499 366 266 497 682 542 393 678 708 298 345 362 264
515 1006 37 1226 817 1225 1483 986 1443 846 1160 939 1378 485 195 974 823 1076 1203 1217 943 1174 1009 1230 1366 822 921 262 959 962 1147 963 1136 1189 250 1069 1168 1134 205 1223 1072 250 1323 951 1103 679 945 1120 1040 824 0 1032 669 1355 115 1030 944 521 1315 480 705 1278 967 318 269 1153 865 921 358 1337 1197 1048 1332 312 614 577 861 874
575 731 1037 590 371 575 847 350 807 638 158 274 649 614 909 698 873 801 726 337 668 898 343 227 637 376 713 989 684 686 511 688 793 553 1095 432 718 254 851 573 436 836 673 675 788 471 669 776 765 378 1032 0 461 626 1115 28 668 1366 586 609 382 276 692 1164 1014 151 657 255 705 608 561 383 604 917 506 553 653 598
214 401 674 655 246 654 911 415 871 240 589 368 806 248 546 368 521 470 597 646 337 568 437 658 794 251 315 625 353 356 575 357 530 617 731 497 562 563 487 651 500 473 752 345 497 73 339 514 434 253 669 461 0 784 751 458 338 1002 743 243 132 707 361 800 650 582 259 349 343 765 625 476 761 553 301 276 255 268
898 1054 1360 601 694 337 617 410 577 961 521 511 116 936 1232 944 1196 824 736 307 947 984 451 460 104 699 1036 1312 930 1009 654 1010 804 501 1418 381 729 484 1173 335 384 1159 435 955 799 794 948 787 848 701 1355 626 784 0 1438 624 991 1689 86 932 704 382 938 1486 1337 514 980 493 1028 76 704 360 151 1239 829 876 976 921
597 1089 120 1309 900 1308 1565 1069 1526 929 1243 1022 1460 567 278 1056 905 1159 1286 1300 1026 1256 1091 1312 1448 905 1004 201 1042 1045 1230 1046 1219 1271 192 1151 1250 1217 287 1305 1154 333 1406 1034 1186 762 1027 1202 1123 907 115 1115 751 1438 0 1113 1026 602 1398 563 788 1361 1050 399 208 1236 947 1003 441 1420 1279 1131 1415 251 697 660 944 957
573 729 1035 588 369 573 844 348 804 636 156 271 647 611 907 696 871 798 723 335 665 896 341 225 635 374 711 986 681 684 508 685 791 550 1093 430 716 252 848 570 433 834 671 673 786 469 667 774 762 375 1030 28 458 624 1113 0 666 1364 584 607 379 273 689 1161 1012 148 654 253 703 606 558 380 601 914 504 551 651 596
488 115 949 605 327 861 1118 622 1079 265 796 575 1014 523 820 282 796 384 511 853 251 309 645 865 1001 332 340 900 267 64 695 65 444 701 1006 704 476 770 762 858 708 747 959 259 411 348 253 428 348 334 944 668 338 991 1026 666 0 1277 951 518 407 914 275 1075 925 789 284 556 618 973 745 684 968 828 576 551 280 182
848 1340 526 1560 1151 1559 1816 1320 1777 1180 1494 1273 1711 818 529 1307 986 1410 1537 1551 1277 1507 1342 1563 1699 1156 1255 609 1293 1296 1481 1297 1470 1522 453 1402 1501 1468 538 1556 1405 584 1657 1285 1437 1013 1278 1453 1374 1158 521 1366 1002 1689 602 1364 1277 0 1648 814 1039 1612 1301 231 755 1487 1198 1254 692 1671 1530 1382 1666 664 943 907 1195 1208
858 1013 1320 561 653 297 577 370 537 921 481 471 109 896 1192 904 1156 783 696 267 907 944 411 420 97 659 996 1271 890 969 614 970 764 461 1378 341 689 444 1133 294 344 1119 395 914 759 754 908 747 808 660 1315 586 743 86 1398 584 951 1648 0 892 664 342 898 1446 1296 474 939 453 988 68 664 320 111 1199 789 836 936 881
223 581 485 803 394 802 1059 563 1020 421 737 516 954 59 357 548 531 651 778 794 518 748 585 806 942 399 496 437 534 537 724 538 711 765 543 645 742 711 299 799 648 284 900 526 678 254 519 694 615 401 480 609 243 932 563 607 518 814 892 0 280 855 542 611 462 730 439 497 260 914 773 625 909 364 310 286 436 449
250 469 710 576 166 574 832 335 792 309 509 288 727 284 582 437 558 539 666 567 406 636 358 579 715 172 384 662 422 425 496 426 599 538 768 418 631 483 524 572 421 509 672 414 566 142 408 583 503 173 705 382 132 704 788 379 407 1039 664 280 0 627 430 836 687 502 328 270 380 686 546 397 681 590 301 312 324 337
821 977 1283 536 617 331 611 345 571 884 171 416 405 859 1155 879 1119 758 671 93 881 919 356 110 393 622 959 1235 865 932 589 934 739 436 1341 315 664 268 1097 328 319 1082 429 889 734 717 883 722 783 624 1278 276 707 382 1361 273 914 1612 342 855 627 0 873 1409 1260 164 903 397 951 364 639 265 360 1162 752 799 899 844
512 268 972 385 350 792 966 646 926 289 820 598 961 546 844 62 820 337 291 800 204 264 668 824 949 356 364 924 47 294 475 295 224 481 1030 626 419 794 786 789 625 771 890 212 354 372 206 208 128 357 967 692 361 938 1050 689 275 1301 898 542 430 873 0 1098 949 813 307 580 642 920 525 631 915 852 599 574 304 135
646 1138 323 1358 948 1356 1614 1117 1574 977 1291 1070 1509 616 327 1105 954 1207 1334 1349 1074 1305 1140 1361 1497 954 1052 406 1091 1093 1278 1094 1268 1320 251 1200 1299 1265 336 1354 1203 381 1454 1082 1234 810 1076 1251 1171 955 318 1164 800 1486 399 1161 1075 231 1446 611 836 1409 1098 0 553 1284 996 1052 490 1468 1328 1179 1463 462 745 708 993 1005
496 988 274 1208 799 1207 1464 968 1424 828 1142 921 1359 466 302 955 804 1058 1185 1199 925 1155 990 1211 1347 804 903 225 941 943 1128 945 1118 1170 346 1050 1149 1116 246 1204 1053 231 1305 933 1085 660 926 1101 1022 806 269 1014 650 1337 208 1012 925 755 1296 462 687 1260 949 553 0 1135 846 902 340 1318 1178 1030 1314 145 596 559 843 856
696 852 1158 541 492 463 735 350 695 759 46 291 537 734 1030 819 994 764 677 225 789 924 360 115 525 497 834 1110 805 807 528 809 744 441 1216 321 669 271 972 460 324 957 561 796 739 592 790 727 788 499 1153 151 582 514 1236 148 789 1487 474 730 502 164 813 1284 1135 0 778 272 826 496 578 271 491 1037 627 674 774 719
410 346 870 637 359 850 1107 611 1067 103 785 563 1002 444 741 314 717 416 543 842 283 514 633 854 990 364 102 821 299 302 727 303 476 733 927 693 508 759 683 847 696 669 948 291 443 269 285 460 380 366 865 657 259 980 947 654 284 1198 939 439 328 903 307 996 846 778 0 545 539 961 777 672 957 749 497 472 43 214
463 619 926 364 259 363 620 124 581 527 279 48 515 502 797 586 762 587 499 326 556 747 146 349 503 264 601 877 572 575 285 576 567 326 983 206 492 243 739 360 209 724 461 564 562 359 557 550 611 266 921 255 349 493 1003 253 556 1254 453 497 270 397 580 1052 902 272 545 0 593 475 334 186 470 805 394 442 542 487
187 681 363 899 490 898 1155 659 1116 521 833 612 1050 265 235 648 495 751 878 890 618 848 681 902 1038 495 596 315 634 637 820 638 811 861 421 741 842 807 177 895 744 162 996 626 778 354 619 794 715 497 358 705 343 1028 441 703 618 692 988 260 380 951 642 490 340 826 539 593 0 1010 869 721 1005 243 287 250 536 549
880 1035 1342 583 676 319 599 392 559 943 503 493 98 918 1214 926 1178 805 718 289 929 966 433 442 86 681 1018 1293 912 991 636 992 786 483 1400 363 711 466 1155 316 366 1141 417 936 781 776 930 769 830 682 1337 608 765 76 1420 606 973 1671 68 914 686 364 920 1468 1318 496 961 475 1010 0 686 342 133 1221 811 858 958 903
740 737 1202 188 535 574 769 335 729 758 585 353 727 778 1074 531 1038 410 323 566 533 570 358 590 715 541 833 1153 517 763 108 764 391 284 1259 418 316 483 1015 572 421 1001 672 541 385 635 535 374 435 542 1197 561 625 704 1279 558 745 1530 664 773 546 639 525 1328 1178 578 777 334 869 686 0 397 681 1081 670 718 773 604
591 747 1053 294 387 230 488 103 448 654 278 204 383 629 925 637 889 516 429 193 640 677 144 217 371 392 729 1004 623 702 347 703 497 194 1111 74 422 241 866 228 77 852 328 647 492 487 641 480 541 393 1048 383 476 360 1131 380 684 1382 320 625 397 265 631 1179 1030 271 672 186 721 342 397 0 337 932 522 569 669 614
875 1031 1337 578 671 314 594 387 555 938 499 488 174 913 1209 922 1173 801 714 285 924 961 428 437 162 676 1013 1289 907 986 631 988 781 478 1395 358 706 462 1151 312 361 1136 412 932 776 771 925 764 825 678 1332 604 761 151 1415 601 968 1666 111 909 681 360 915 1463 1314 491 957 470 1005 133 681 337 0 1217 806 853 953 898
399 891 317 1111 701 1109 1367 870 1327 731 1045 823 1262 369 207 858 707 960 1087 1102 827 1058 893 1114 1250 707 805 268 844 846 1031 847 1021 1073 389 953 1052 1018 149 1107 956 134 1207 835 988 563 829 1004 924 708 312 917 553 1239 251 914 828 664 1199 364 590 1162 852 462 145 1037 749 805 243 1221 1081 932 1217 0 498 461 746 758
157 638 619 700 291 699 956 460 917 478 634 413 851 315 491 606 398 708 835 691 575 805 482 703 839 296 553 570 591 594 621 595 768 662 677 542 800 608 432 696 545 418 797 583 735 311 577 752 672 298 614 506 301 829 697 504 576 943 789 310 301 752 599 745 596 627 497 394 287 811 670 522 806 498 0 78 493 506
120 614 582 747 338 746 1004 507 964 453 681 460 899 290 454 581 361 683 810 738 550 781 530 751 887 343 528 534 567 569 668 570 744 710 640 590 775 655 395 744 593 381 844 558 710 286 552 727 647 345 577 553 276 876 660 551 551 907 836 286 312 799 574 708 559 674 472 442 250 858 718 569 853 461 78 0 469 481
406 343 866 634 355 846 1104 607 1064 100 781 560 999 441 738 310 714 413 540 838 280 510 630 851 987 361 82 818 296 299 723 300 473 730 924 690 504 755 680 844 693 665 944 288 440 266 281 456 377 362 861 653 255 976 944 651 280 1195 936 436 324 899 304 993 843 774 43 542 536 958 773 669 953 746 493 469 0 211
419 174 879 465 257 791 1046 552 1006 196 726 505 944 453 751 142 727 244 371 783 111 341 575 796 932 262 270 830 127 200 555 202 304 561 937 635 335 700 692 789 638 678 889 119 271 278 112 287 208 264 874 598 268 921 957 596 182 1208 881 449 337 844 135 1005 856 719 214 487 549 903 604 614 898 758 506 481 211 0
EOF
