NAME : tsp_problem
TYPE : TSP
DIMENSION : 70
EDGE_WEIGHT_TYPE : EXPLICIT
EDGE_WEIGHT_FORMAT : FULL_MATRIX
EDGE_WEIGHT_SECTION
0 420 934 916 413 394 381 1211 501 86 914 479 862 1330 845 443 1378 527 1353 1322 654 399 1046 89 746 445 501 899 737 939 859 690 647 417 460 1025 1035 1016 149 988 269 507 383 1347 438 678 480 1489 462 524 88 341 1028 1117 397 147 1213 1480 1003 922 381 1064 150 290 76 450 1067 440 879 1202
420 0 849 831 345 326 313 1143 511 391 846 489 794 1262 761 167 1310 538 1285 1254 563 332 979 394 678 170 433 831 670 855 775 409 579 131 459 957 968 948 374 920 280 416 394 1280 347 594 199 1421 371 534 393 127 960 1050 408 372 1145 1412 919 854 392 996 375 301 382 174 983 108 795 921
934 849 0 380 554 640 593 961 812 905 356 817 610 1080 125 873 1128 802 1103 1072 978 645 795 908 667 875 598 647 560 335 437 1119 720 847 773 275 501 768 888 454 794 831 852 1098 762 288 909 1239 786 799 907 771 273 879 736 886 963 1230 107 344 849 222 889 814 896 879 170 869 274 1632
916 831 380 0 536 622 575 817 709 887 212 734 466 936 292 855 984 699 959 927 960 627 650 890 522 857 580 502 415 81 83 1101 576 829 737 269 357 623 870 309 776 813 834 953 744 270 891 1095 768 696 889 753 267 735 718 868 819 1086 348 200 831 271 871 796 878 861 310 851 134 1614
413 345 554 536 0 119 77 936 318 384 639 296 587 1055 465 368 1103 344 1078 1047 556 124 772 387 471 371 226 624 463 560 480 615 372 343 252 750 760 741 367 713 273 410 331 1073 341 299 405 1214 365 340 386 266 753 843 215 365 938 1205 624 647 329 739 368 294 375 375 687 365 499 1127
394 326 640 622 119 0 87 917 225 365 620 203 568 1036 551 349 1084 251 1059 1028 537 76 752 368 452 351 207 605 443 645 565 596 353 323 184 731 741 722 348 694 235 390 237 1053 322 384 386 1195 346 248 367 247 734 823 121 346 919 1186 709 628 235 770 349 214 356 356 773 346 585 1108
381 313 593 575 77 87 0 905 286 353 608 264 556 1024 504 337 1072 312 1046 1015 525 93 740 356 439 339 195 592 431 599 519 583 340 311 220 719 729 709 336 682 242 378 299 1041 309 338 373 1182 334 309 355 235 721 811 183 333 906 1174 662 616 297 757 336 262 343 343 726 333 538 1096
1211 1143 961 817 936 917 905 0 891 1183 635 916 392 257 898 1167 305 882 200 133 1355 923 185 1186 511 1169 830 343 532 803 874 1413 758 1141 920 813 756 225 1166 709 1072 1208 1129 159 1139 1061 1203 415 1163 878 1185 1065 816 579 1013 1163 76 407 929 710 1127 852 1166 1092 1173 1173 891 1163 856 1926
501 511 812 709 318 225 286 891 0 472 594 90 543 1010 723 535 1058 55 1033 1002 736 219 727 475 426 537 247 579 418 695 737 781 177 509 83 705 716 696 455 668 265 589 267 1028 521 556 571 1169 545 52 474 433 708 798 151 453 893 1160 821 602 265 744 456 244 463 541 783 531 748 1294
86 391 905 887 384 365 353 1183 472 0 886 450 834 1302 816 415 1350 499 1324 1293 625 371 1018 60 717 417 473 870 709 911 831 661 618 389 432 997 1007 987 120 960 241 478 355 1319 410 650 451 1460 434 495 59 313 1000 1089 368 118 1184 1452 975 894 353 1035 121 261 48 421 1038 411 850 1174
914 846 356 212 639 620 608 635 594 886 0 619 284 754 293 870 802 585 777 745 1058 626 468 889 375 872 533 320 233 197 269 1116 461 844 623 208 175 441 869 127 775 911 832 771 842 455 906 913 866 581 888 768 211 553 716 866 637 904 323 105 830 247 869 795 876 876 286 866 251 1629
479 489 817 734 296 203 264 916 90 450 619 0 567 1035 728 513 1083 80 1058 1027 714 197 752 453 451 515 254 604 443 720 742 759 202 487 61 730 740 721 433 693 243 567 245 1053 499 561 549 1194 523 77 452 411 733 823 129 431 918 1185 846 627 243 769 434 222 441 519 808 509 762 1272
862 794 610 466 587 568 556 392 543 834 284 567 0 511 547 818 559 533 534 502 1006 574 225 837 185 820 481 77 182 452 524 1064 409 792 571 463 405 251 817 358 723 859 780 528 790 710 854 670 815 530 836 716 465 362 664 814 394 661 578 360 778 501 818 743 824 824 540 814 505 1577
1330 1262 1080 936 1055 1036 1024 257 1010 1302 754 1035 511 0 1017 1286 296 1001 114 181 1474 1042 304 1305 630 1288 948 462 651 922 993 1532 877 1260 1039 932 875 344 1284 828 1191 1327 1248 118 1258 1180 1322 407 1282 997 1304 1184 935 698 1132 1282 258 398 1048 829 1246 971 1285 1211 1292 1292 1010 1282 975 2045
845 761 125 292 465 551 504 898 723 816 293 728 547 1017 0 784 1065 713 1040 1008 889 556 731 819 603 786 509 583 496 246 348 1031 657 758 684 350 438 704 799 391 705 742 763 1034 673 199 820 1176 698 710 818 682 348 816 647 797 900 1167 195 281 761 310 800 726 807 791 259 780 185 1543
443 167 873 855 368 349 337 1167 535 415 870 513 818 1286 784 0 1334 561 1308 1277 586 355 1002 418 701 31 457 854 693 878 798 437 602 165 482 981 991 971 398 944 304 439 418 1303 370 617 227 1444 395 558 417 150 984 1073 431 395 1168 1436 942 878 416 1019 398 324 405 35 1006 187 818 950
1378 1310 1128 984 1103 1084 1072 305 1058 1350 802 1083 559 296 1065 1334 0 1049 306 370 1522 1090 352 1352 678 1336 996 510 699 970 1041 1580 925 1308 1087 980 923 392 1332 876 1238 1375 1296 307 1306 1227 1370 193 1330 1045 1351 1232 983 746 1180 1330 306 184 1096 877 1294 1019 1333 1259 1340 1340 1058 1330 1023 2093
527 538 802 699 344 251 312 882 55 499 585 80 533 1001 713 561 1049 0 1024 992 762 245 717 502 417 564 237 569 408 685 728 808 168 536 110 696 706 686 482 659 292 615 280 1018 547 547 598 1160 571 43 501 459 699 788 178 479 884 1151 811 593 279 735 482 271 489 568 773 558 739 1320
1353 1285 1103 959 1078 1059 1046 200 1033 1324 777 1058 534 114 1040 1308 306 1024 0 118 1496 1064 327 1327 653 1311 971 485 674 944 1016 1555 900 1283 1062 955 898 366 1307 851 1213 1350 1271 56 1281 1202 1345 430 1305 1020 1326 1206 958 721 1155 1305 202 421 1070 852 1269 994 1308 1234 1315 1315 1033 1305 998 2067
1322 1254 1072 927 1047 1028 1015 133 1002 1293 745 1027 502 181 1008 1277 370 992 118 0 1465 1033 295 1296 621 1279 940 454 643 913 985 1524 869 1251 1030 924 867 335 1276 819 1182 1318 1239 77 1250 1171 1313 520 1274 989 1295 1175 927 690 1124 1274 135 511 1039 821 1237 963 1277 1202 1284 1284 1001 1273 966 2036
654 563 978 960 556 537 525 1355 736 625 1058 714 1006 1474 889 586 1522 762 1496 1465 0 543 1190 628 889 588 645 1042 881 983 903 833 790 560 670 1169 1179 1159 608 1132 514 192 628 1491 301 722 622 1632 326 759 627 484 1171 1261 633 606 1356 1624 1047 1066 626 1162 609 535 616 592 1111 582 923 1345
399 332 645 627 124 76 93 923 219 371 626 197 574 1042 556 355 1090 245 1064 1033 543 0 758 374 457 357 213 610 449 651 571 602 359 329 179 737 747 727 354 700 229 396 231 1059 327 390 391 1200 352 242 373 253 740 829 115 352 924 1192 715 634 229 775 355 208 361 361 778 351 590 1114
1046 979 795 650 772 752 740 185 727 1018 468 752 225 304 731 1002 352 717 327 295 1190 758 0 1021 369 1004 665 177 366 636 708 1249 594 976 755 647 589 140 1001 542 907 1043 964 321 974 894 1038 463 999 714 1020 900 650 494 848 999 187 454 762 544 962 685 1002 927 1009 1009 724 998 689 1761
89 394 908 890 387 368 356 1186 475 60 889 453 837 1305 819 418 1352 502 1327 1296 628 374 1021 0 720 420 476 873 712 914 834 664 621 392 435 999 1010 990 123 963 244 481 358 1322 413 653 454 1463 437 498 50 316 1002 1092 371 121 1187 1454 978 896 356 1038 124 264 51 424 1041 414 853 1177
746 678 667 522 471 452 439 511 426 717 375 451 185 630 603 701 678 417 653 621 889 457 369 720 0 704 364 221 231 508 580 948 293 676 455 519 496 315 700 449 606 743 664 647 674 674 738 789 698 413 719 599 522 420 548 698 513 780 634 416 662 557 701 627 708 708 596 698 561 1460
445 170 875 857 371 351 339 1169 537 417 872 515 820 1288 786 31 1336 564 1311 1279 588 357 1004 420 704 0 459 856 695 881 801 440 605 167 484 983 993 973 400 946 306 441 420 1305 373 620 229 1447 397 560 419 152 986 1075 433 398 1171 1438 944 880 418 1022 401 326 408 37 1008 189 820 952
501 433 598 580 226 207 195 830 247 473 533 254 481 948 509 457 996 237 971 940 645 213 665 476 364 459 0 517 356 604 524 703 265 431 210 643 654 634 456 607 362 498 419 966 429 343 493 1107 454 234 475 355 646 736 303 453 831 1098 667 540 417 682 457 382 463 463 721 453 543 1216
899 831 647 502 624 605 592 343 579 870 320 604 77 462 583 854 510 569 485 454 1042 610 177 873 221 856 517 0 218 488 560 1101 446 828 607 499 442 287 853 394 759 895 816 479 826 746 890 621 851 566 872 752 502 399 701 851 345 612 614 396 814 538 854 779 861 861 576 850 541 1613
737 670 560 415 463 443 431 532 418 709 233 443 182 651 496 693 699 408 674 643 881 449 366 712 231 695 356 218 0 401 473 940 285 667 446 412 355 339 692 307 598 734 655 669 665 659 729 810 690 405 711 591 415 450 539 690 534 801 527 309 653 451 693 618 700 700 489 689 455 1452
939 855 335 81 560 645 599 803 695 911 197 720 452 922 246 878 970 685 944 913 983 651 636 914 508 881 604 488 401 0 139 1125 562 853 723 255 343 609 894 295 800 836 857 939 768 294 915 1080 792 682 913 776 253 721 741 891 804 1072 334 186 855 257 895 820 901 885 296 875 117 1637
859 775 437 83 480 565 519 874 737 831 269 742 524 993 348 798 1041 728 1016 985 903 571 708 834 580 801 524 560 473 139 0 1045 633 773 698 326 414 681 814 367 720 756 777 1011 688 262 835 1152 712 724 833 696 324 792 661 811 876 1143 405 257 775 329 814 740 821 805 368 795 192 1557
533 252 963 945 458 439 427 1257 625 505 960 603 908 1376 874 281 1424 651 1398 1367 676 445 1092 508 791 283 547 944 783 969 888 0 693 250 572 1071 1081 1061 488 1034 394 529 508 1393 460 708 171 1534 485 648 507 240 1074 1163 521 485 1258 1526 1032 968 506 1109 488 414 495 287 1096 272 908 893
647 579 720 576 372 353 340 758 177 618 461 202 409 877 657 602 925 168 900 869 790 359 594 621 293 605 265 446 285 562 633 849 0 577 232 572 583 563 601 535 413 644 415 895 575 575 639 1036 599 164 620 501 575 665 299 599 760 1027 688 469 413 611 602 392 609 609 650 599 615 1361
417 131 847 829 343 323 311 1141 509 389 844 487 792 1260 758 165 1308 536 1283 1251 560 329 976 392 676 167 431 828 667 853 773 406 577 0 456 955 965 945 372 918 278 413 392 1277 344 592 196 1419 369 532 391 124 958 1047 405 370 1143 1410 916 852 390 994 373 298 379 171 980 113 792 919
460 459 773 737 252 184 220 920 83 432 623 61 571 1039 684 482 1087 110 1062 1030 670 179 755 435 455 484 210 607 446 723 698 729 232 456 0 734 744 724 415 697 225 523 227 1056 455 517 519 1198 479 106 434 380 737 826 111 413 922 1189 842 631 225 773 416 204 423 489 811 479 718 1241
1025 957 275 269 750 731 719 813 705 997 208 730 463 932 350 981 980 696 955 924 1169 737 647 999 519 983 643 499 412 255 326 1227 572 955 734 0 353 620 979 306 885 1022 943 950 953 513 1017 1091 977 692 998 879 84 731 827 977 815 1082 191 142 941 114 980 906 987 987 153 977 308 1740
1035 968 501 357 760 741 729 756 716 1007 175 740 405 875 438 991 923 706 898 867 1179 747 589 1010 496 993 654 442 355 343 414 1238 583 965 744 353 0 562 990 79 896 1032 953 892 963 600 1027 1034 988 703 1009 889 356 674 837 987 758 1025 468 250 951 392 991 916 997 997 431 987 396 1750
1016 948 768 623 741 722 709 225 696 987 441 721 251 344 704 971 392 686 366 335 1159 727 140 990 315 973 634 287 339 609 681 1218 563 945 724 620 562 0 970 515 876 1012 933 361 943 867 1007 503 968 683 989 869 623 384 818 968 227 494 735 517 931 658 971 896 978 978 697 967 662 1730
149 374 888 870 367 348 336 1166 455 120 869 433 817 1284 799 398 1332 482 1307 1276 608 354 1001 123 700 400 456 853 692 894 814 644 601 372 415 979 990 970 0 943 224 461 338 1302 393 633 434 1443 417 478 122 296 982 1072 351 65 1167 1434 957 876 336 1018 56 244 111 404 1021 394 833 1157
988 920 454 309 713 694 682 709 668 960 127 693 358 828 391 944 876 659 851 819 1132 700 542 963 449 946 607 394 307 295 367 1190 535 918 697 306 79 515 943 0 849 985 906 845 916 553 980 987 940 655 962 842 309 627 790 940 711 978 421 203 904 345 943 869 950 950 383 940 349 1703
269 280 794 776 273 235 242 1072 265 241 775 243 723 1191 705 304 1238 292 1213 1182 514 229 907 244 606 306 362 759 598 800 720 550 413 278 225 885 896 876 224 849 0 367 148 1208 299 539 340 1349 323 288 243 202 888 978 161 222 1073 1340 864 782 146 924 225 83 232 310 927 300 739 1063
507 416 831 813 410 390 378 1208 589 478 911 567 859 1327 742 439 1375 615 1350 1318 192 396 1043 481 743 441 498 895 734 836 756 686 644 413 523 1022 1032 1012 461 985 367 0 481 1344 155 575 475 1486 179 612 480 337 1025 1114 486 459 1210 1477 900 919 479 1016 462 388 469 446 964 435 776 1198
383 394 852 834 331 237 299 1129 267 355 832 245 780 1248 763 418 1296 280 1271 1239 628 231 964 358 664 420 419 816 655 857 777 664 415 392 227 943 953 933 338 906 148 481 0 1265 413 596 454 1407 437 283 357 316 946 1035 159 336 1131 1398 921 840 44 982 339 127 346 424 985 414 797 1177
1347 1280 1098 953 1073 1053 1041 159 1028 1319 771 1053 528 118 1034 1303 307 1018 56 77 1491 1059 321 1322 647 1305 966 479 669 939 1011 1550 895 1277 1056 950 892 361 1302 845 1208 1344 1265 0 1275 1197 1339 457 1300 1015 1321 1201 953 716 1149 1300 161 449 1065 847 1263 988 1303 1228 1310 1309 1027 1299 992 2062
438 347 762 744 341 322 309 1139 521 410 842 499 790 1258 673 370 1306 547 1281 1250 301 327 974 413 674 373 429 826 665 768 688 617 575 344 455 953 963 943 393 916 299 155 413 1275 0 507 407 1417 58 543 412 268 956 1045 418 390 1141 1408 831 850 411 947 393 319 400 377 895 367 707 1129
678 594 288 270 299 384 338 1061 556 650 455 561 710 1180 199 617 1227 547 1202 1171 722 390 894 653 674 620 343 746 659 294 262 864 575 592 517 513 600 867 633 553 539 575 596 1197 507 0 654 1338 531 543 652 516 511 978 480 630 1062 1329 358 444 594 473 634 559 640 624 421 614 233 1376
940 659 1369 1351 865 846 833 1663 1031 911 1366 1009 1314 1782 1280 687 1830 1058 1805 1774 1082 851 1498 914 1198 689 953 1350 1189 1375 1295 766 1099 656 979 1477 1487 1468 894 1440 800 936 914 1799 867 1114 0 1941 891 1054 913 646 1480 1569 927 892 1665 1932 1439 1374 912 1516 895 821 902 694 1502 678 1314 791
1489 1421 1239 1095 1214 1195 1182 415 1169 1460 913 1194 670 407 1176 1444 193 1160 430 520 1632 1200 463 1463 789 1447 1107 621 810 1080 1152 1691 1036 1419 1198 1091 1034 503 1443 987 1349 1486 1407 457 1417 1338 1481 0 1441 1156 1462 1342 1094 857 1291 1441 417 50 1206 988 1405 1130 1444 1370 1451 1451 1169 1441 1134 2203
462 371 786 768 365 346 334 1163 545 434 866 523 815 1282 698 395 1330 571 1305 1274 326 352 999 437 698 397 454 851 690 792 712 641 599 369 479 977 988 968 417 940 323 179 437 1300 58 531 431 1441 0 568 436 293 980 1070 442 415 1165 1432 856 874 435 971 418 343 425 401 920 391 732 1154
524 534 799 696 340 248 309 878 52 495 581 77 530 997 710 558 1045 43 1020 989 759 242 714 498 413 560 234 566 405 682 724 804 164 532 106 692 703 683 478 655 288 612 283 1015 543 543 594 1156 568 0 497 456 695 785 174 476 880 1147 808 589 282 731 479 267 486 564 770 554 735 1317
88 393 907 889 386 367 355 1185 474 59 888 452 836 1304 818 417 1351 501 1326 1295 627 373 1020 50 719 419 475 872 711 913 833 663 620 391 434 998 1009 989 122 962 243 480 357 1321 412 652 453 1462 436 497 0 315 1001 1091 370 120 1186 1453 977 895 355 1037 123 263 50 423 1040 413 852 1176
341 127 771 753 266 247 235 1065 433 313 768 411 716 1184 682 150 1232 459 1206 1175 484 253 900 316 599 152 355 752 591 776 696 397 501 124 380 879 889 869 296 842 202 337 316 1201 268 516 186 1342 293 456 315 0 882 971 329 293 1066 1334 840 776 314 917 296 222 303 156 904 146 716 909
1028 960 273 267 753 734 721 816 708 1000 211 733 465 935 348 984 983 699 958 927 1171 740 650 1002 522 986 646 502 415 253 324 1230 575 958 737 84 356 623 982 309 888 1025 946 953 956 511 1020 1094 980 695 1001 882 0 734 830 980 818 1085 189 145 944 112 983 909 990 990 151 980 306 1743
1117 1050 879 735 843 823 811 579 798 1089 553 823 362 698 816 1073 746 788 721 690 1261 829 494 1092 420 1075 736 399 450 721 792 1320 665 1047 826 731 674 384 1072 627 978 1114 1035 716 1045 978 1109 857 1070 785 1091 971 734 0 919 1070 581 848 847 628 1033 770 1073 998 1080 1079 809 1069 774 1832
397 408 736 718 215 121 183 1013 151 368 716 129 664 1132 647 431 1180 178 1155 1124 633 115 848 371 548 433 303 701 539 741 661 677 299 405 111 827 837 818 351 790 161 486 159 1149 418 480 467 1291 442 174 370 329 830 919 0 349 1015 1282 805 724 158 866 352 140 359 437 869 427 681 1190
147 372 886 868 365 346 333 1163 453 118 866 431 814 1282 797 395 1330 479 1305 1274 606 352 999 121 698 398 453 851 690 891 811 642 599 370 413 977 987 968 65 940 222 459 336 1300 390 630 432 1441 415 476 120 293 980 1070 349 0 1165 1432 955 874 334 1016 71 242 109 402 1019 392 831 1154
1213 1145 963 819 938 919 906 76 893 1184 637 918 394 258 900 1168 306 884 202 135 1356 924 187 1187 513 1171 831 345 534 804 876 1415 760 1143 922 815 758 227 1167 711 1073 1210 1131 161 1141 1062 1205 417 1165 880 1186 1066 818 581 1015 1165 0 408 930 712 1129 854 1168 1094 1175 1175 893 1165 858 1927
1480 1412 1230 1086 1205 1186 1174 407 1160 1452 904 1185 661 398 1167 1436 184 1151 421 511 1624 1192 454 1454 780 1438 1098 612 801 1072 1143 1682 1027 1410 1189 1082 1025 494 1434 978 1340 1477 1398 449 1408 1329 1472 50 1432 1147 1453 1334 1085 848 1282 1432 408 0 1198 979 1396 1121 1435 1361 1442 1442 1160 1432 1125 2195
1003 919 107 348 624 709 662 929 821 975 323 846 578 1048 195 942 1096 811 1070 1039 1047 715 762 978 634 944 667 614 527 334 405 1189 688 916 842 191 468 735 957 421 864 900 921 1065 831 358 979 1206 856 808 977 840 189 847 805 955 930 1198 0 291 919 138 958 884 965 949 87 939 344 1701
922 854 344 200 647 628 616 710 602 894 105 627 360 829 281 878 877 593 852 821 1066 634 544 896 416 880 540 396 309 186 257 1124 469 852 631 142 250 517 876 203 782 919 840 847 850 444 914 988 874 589 895 776 145 628 724 874 712 979 291 0 838 214 877 803 884 884 253 874 239 1637
381 392 849 831 329 235 297 1127 265 353 830 243 778 1246 761 416 1294 279 1269 1237 626 229 962 356 662 418 417 814 653 855 775 662 413 390 225 941 951 931 336 904 146 479 44 1263 411 594 452 1405 435 282 355 314 944 1033 158 334 1129 1396 919 838 0 980 337 125 344 422 983 412 795 1175
1064 996 222 271 739 770 757 852 744 1035 247 769 501 971 310 1019 1019 735 994 963 1162 775 685 1038 557 1022 682 538 451 257 329 1266 611 994 773 114 392 658 1018 345 924 1016 982 988 947 473 1056 1130 971 731 1037 917 112 770 866 1016 854 1121 138 214 980 0 1019 945 1026 1026 130 1016 310 1778
150 375 889 871 368 349 336 1166 456 121 869 434 818 1285 800 398 1333 482 1308 1277 609 355 1002 124 701 401 457 854 693 895 814 645 602 373 416 980 991 971 56 943 225 462 339 1303 393 634 435 1444 418 479 123 296 983 1073 352 71 1168 1435 958 877 337 1019 0 245 112 405 1022 395 834 1157
290 301 814 796 294 214 262 1092 244 261 795 222 743 1211 726 324 1259 271 1234 1202 535 208 927 264 627 326 382 779 618 820 740 571 392 298 204 906 916 896 244 869 83 388 127 1228 319 559 360 1370 343 267 263 222 909 998 140 242 1094 1361 884 803 125 945 245 0 252 331 948 320 760 1083
76 382 896 878 375 356 343 1173 463 48 876 441 824 1292 807 405 1340 489 1315 1284 616 361 1009 51 708 408 463 861 700 901 821 652 609 379 423 987 997 978 111 950 232 469 346 1310 400 640 442 1451 425 486 50 303 990 1080 359 109 1175 1442 965 884 344 1026 112 252 0 412 1029 402 841 1164
450 174 879 861 375 356 343 1173 541 421 876 519 824 1292 791 35 1340 568 1315 1284 592 361 1009 424 708 37 463 861 700 885 805 444 609 171 489 987 997 978 404 950 310 446 424 1309 377 624 234 1451 401 564 423 156 990 1079 437 402 1175 1442 949 884 422 1026 405 331 412 0 1012 194 824 956
1067 983 170 310 687 773 726 891 783 1038 286 808 540 1010 259 1006 1058 773 1033 1001 1111 778 724 1041 596 1008 721 576 489 296 368 1253 650 980 811 153 431 697 1021 383 927 964 985 1027 895 421 1042 1169 920 770 1040 904 151 809 869 1019 893 1160 87 253 983 130 1022 948 1029 1012 0 1002 349 1765
440 108 869 851 365 346 333 1163 531 411 866 509 814 1282 780 187 1330 558 1305 1273 582 351 998 414 698 189 453 850 689 875 795 429 599 113 479 977 987 967 394 940 300 435 414 1299 367 614 218 1441 391 554 413 146 980 1069 427 392 1165 1432 939 874 412 1016 395 320 402 194 1002 0 814 941
879 795 274 134 499 585 538 856 748 850 251 762 505 975 185 818 1023 739 998 966 923 590 689 853 561 820 543 541 455 117 192 1065 615 792 718 308 396 662 833 349 739 776 797 992 707 233 854 1134 732 735 852 716 306 774 681 831 858 1125 344 239 795 310 834 760 841 824 349 814 0 1577
1219 939 1649 1631 1145 1125 1113 1943 1311 1191 1646 1289 1594 2062 1560 967 2110 1338 2085 2053 1362 1131 1778 1194 1478 969 1233 1630 1469 1655 1575 1046 1379 936 1258 1757 1767 1747 1174 1720 1080 1215 1194 2079 1147 1394 857 2221 1171 1334 1193 926 1760 1849 1207 1172 1945 2212 1718 1654 1192 1796 1175 1100 1182 974 1782 958 1594 0
EOF