NAME : tsp_problem
TYPE : TSP
DIMENSION : 37
EDGE_WEIGHT_TYPE : EXPLICIT
EDGE_WEIGHT_FORMAT : FULL_MATRIX
EDGE_WEIGHT_SECTION
0 759 860 1278 1328 619 1014 860 427 1472 505 167 408 842 1590 1016 742 1413 421 892 299 989 1252 757 699 370 455 768 684 257 913 1354 434 45 837 450 844
759 0 628 1048 1098 207 468 627 780 1242 672 668 762 698 1371 387 683 1183 775 334 652 474 1022 210 402 494 809 199 387 610 398 1124 587 752 291 803 381
860 628 0 464 514 785 596 43 864 658 626 769 846 224 864 516 330 599 859 341 736 422 438 653 741 808 893 604 726 694 345 540 541 852 571 887 276
1278 1048 464 0 128 1205 1017 464 1283 272 1044 1187 1264 511 478 936 632 213 1277 762 1154 842 52 1074 1160 1227 1311 1025 1145 1113 766 154 960 1271 991 1306 697
1328 1098 514 128 0 1255 1067 514 1333 167 1094 1237 1314 561 528 986 682 250 1327 812 1204 892 102 1124 1209 1277 1361 1075 1195 1163 816 204 1009 1321 1041 1355 747
619 207 785 1205 1255 0 463 784 640 1399 532 528 621 792 1528 544 693 1340 634 491 512 631 1178 205 262 354 668 216 247 470 555 1281 447 612 285 663 538
1014 468 596 1017 1067 463 0 596 1035 1211 862 923 1017 667 1340 166 652 1152 1030 303 907 443 990 331 657 749 1064 444 642 865 367 1093 777 1007 411 1058 350
860 627 43 464 514 784 596 0 864 658 625 768 845 224 864 516 330 598 858 341 736 421 437 653 741 808 892 604 726 694 345 540 541 852 570 887 276
427 780 864 1283 1333 640 1035 864 0 1476 431 336 119 846 1594 1020 747 1417 41 897 246 993 1256 778 703 398 167 789 689 204 917 1359 438 419 858 161 848
1472 1242 658 272 167 1399 1211 658 1476 0 1238 1381 1458 705 550 1130 825 130 1471 956 1348 1036 246 1267 1353 1420 1505 1218 1339 1306 960 226 1153 1465 1185 1499 891
505 672 626 1044 1094 532 862 625 431 1238 0 414 412 608 1355 781 508 1179 425 658 324 755 1018 669 465 467 459 681 450 282 678 1120 170 498 750 454 609
167 668 769 1187 1237 528 923 768 336 1381 414 0 317 751 1498 924 651 1322 330 801 207 898 1160 666 608 279 364 677 593 166 821 1263 343 159 746 358 752
408 762 846 1264 1314 621 1017 845 119 1458 412 317 0 828 1575 1001 728 1399 114 878 227 975 1238 759 685 379 101 770 670 186 898 1340 420 401 839 95 829
842 698 224 511 561 792 667 224 846 705 608 751 828 0 765 586 138 646 841 412 718 492 484 724 723 790 875 675 708 676 416 587 523 834 641 869 347
1590 1371 864 478 528 1528 1340 864 1594 550 1355 1498 1575 765 0 1259 886 483 1588 1085 1466 1165 452 1397 1471 1538 1623 1347 1456 1424 1089 358 1271 1582 1314 1617 1020
1016 387 516 936 986 544 166 516 1020 1130 781 924 1001 586 1259 0 571 1071 1015 223 892 362 910 413 738 831 1049 364 724 850 286 1013 697 1008 330 1043 269
742 683 330 632 682 693 652 330 747 825 508 651 728 138 886 571 0 766 741 448 618 544 605 708 624 691 775 659 609 577 468 708 423 735 626 770 399
1413 1183 599 213 250 1340 1152 598 1417 130 1179 1322 1399 646 483 1071 766 0 1412 896 1289 977 186 1208 1294 1361 1446 1159 1279 1247 900 159 1094 1405 1126 1440 832
421 775 859 1277 1327 634 1030 858 41 1471 425 330 114 841 1588 1015 741 1412 0 891 240 988 1251 772 698 392 161 783 683 199 911 1353 433 414 852 155 843
892 334 341 762 812 491 303 341 897 956 658 801 878 412 1085 223 448 896 891 0 768 188 735 360 686 778 925 311 671 727 112 838 574 885 277 920 95
299 652 736 1154 1204 512 907 736 246 1348 324 207 227 718 1466 892 618 1289 240 768 0 865 1128 649 575 269 274 661 560 76 789 1230 310 291 730 269 720
989 474 422 842 892 631 443 421 993 1036 755 898 975 492 1165 362 544 977 988 188 865 0 815 500 825 918 1022 451 811 823 109 918 670 981 417 1016 175
1252 1022 438 52 102 1178 990 437 1256 246 1018 1160 1238 484 452 910 605 186 1251 735 1128 815 0 1047 1133 1200 1285 998 1118 1086 739 128 933 1244 964 1279 670
757 210 653 1074 1124 205 331 653 778 1267 669 666 759 724 1397 413 708 1208 772 360 649 500 1047 0 399 492 806 354 385 608 423 1150 585 749 154 801 406
699 402 741 1160 1209 262 657 741 703 1353 465 608 685 723 1471 738 624 1294 698 686 575 825 1133 399 0 454 732 411 52 533 749 1236 380 691 480 726 725
370 494 808 1227 1277 354 749 808 398 1420 467 279 379 790 1538 831 691 1361 392 778 269 918 1200 492 454 0 426 503 439 228 842 1303 382 362 572 421 792
455 809 893 1311 1361 668 1064 892 167 1505 459 364 101 875 1623 1049 775 1446 161 925 274 1022 1285 806 732 426 0 818 717 233 945 1387 467 448 887 52 877
768 199 604 1025 1075 216 444 604 789 1218 681 677 770 675 1347 364 659 1159 783 311 661 451 998 354 411 503 818 0 396 619 374 1101 596 761 278 812 357
684 387 726 1145 1195 247 642 726 689 1339 450 593 670 708 1456 724 609 1279 683 671 560 811 1118 385 52 439 717 396 0 518 734 1221 365 677 465 711 710
257 610 694 1113 1163 470 865 694 204 1306 282 166 186 676 1424 850 577 1247 199 727 76 823 1086 608 533 228 233 619 518 0 747 1189 268 249 688 227 678
913 398 345 766 816 555 367 345 917 960 678 821 898 416 1089 286 468 900 911 112 789 109 739 423 749 842 945 374 734 747 0 842 594 905 341 940 99
1354 1124 540 154 204 1281 1093 540 1359 226 1120 1263 1340 587 358 1013 708 159 1353 838 1230 918 128 1150 1236 1303 1387 1101 1221 1189 842 0 1036 1347 1067 1382 773
434 587 541 960 1009 447 777 541 438 1153 170 343 420 523 1271 697 423 1094 433 574 310 670 933 585 380 382 467 596 365 268 594 1036 0 426 665 461 525
45 752 852 1271 1321 612 1007 852 419 1465 498 159 401 834 1582 1008 735 1405 414 885 291 981 1244 749 691 362 448 761 677 249 905 1347 426 0 830 442 836
837 291 571 991 1041 285 411 570 858 1185 750 746 839 641 1314 330 626 1126 852 277 730 417 964 154 480 572 887 278 465 688 341 1067 665 830 0 881 324
450 803 887 1306 1355 663 1058 887 161 1499 454 358 95 869 1617 1043 770 1440 155 920 269 1016 1279 801 726 421 52 812 711 227 940 1382 461 442 881 0 871
844 381 276 697 747 538 350 276 848 891 609 752 829 347 1020 269 399 832 843 95 720 175 670 406 725 792 877 357 710 678 99 773 525 836 324 871 0
EOF
