NAME : tsp_problem
TYPE : TSP
DIMENSION : 40
EDGE_WEIGHT_TYPE : EXPLICIT
EDGE_WEIGHT_FORMAT : FULL_MATRIX
EDGE_WEIGHT_SECTION
0 630 603 570 600 938 88 723 1269 514 350 291 728 476 992 547 966 451 512 285 577 1177 1009 233 727 761 1002 560 560 352 541 691 480 461 698 352 291 1091 871 765
630 0 920 369 112 1256 636 991 776 831 344 608 682 275 1309 865 1283 217 419 375 376 1495 1326 459 789 729 1319 117 359 454 644 198 279 369 205 298 446 1408 1188 940
603 920 0 939 890 824 609 392 1560 397 627 414 460 846 877 74 851 787 740 615 946 1062 894 569 396 429 887 851 929 629 774 981 849 739 989 868 831 976 756 434
570 369 939 0 339 1275 576 1027 1008 850 363 628 717 130 1328 884 1302 190 438 394 68 1514 1345 478 825 764 1338 300 68 473 663 430 143 388 437 238 386 1427 1207 975
600 112 890 339 0 1226 606 961 751 801 314 579 652 245 1279 835 1253 187 389 345 346 1465 1296 429 759 699 1289 87 329 424 614 173 249 339 180 268 416 1378 1158 910
938 1256 824 1275 1226 0 944 1012 1895 460 963 750 1080 1181 159 768 205 1123 1125 950 1282 345 176 905 1016 1049 169 1187 1264 965 1154 1317 1185 1074 1324 1203 1166 173 170 1054
88 636 609 576 606 944 0 729 1275 519 355 297 734 482 997 553 971 457 518 291 583 1183 1015 238 733 767 1007 566 566 358 547 697 486 467 704 358 285 1097 876 771
723 991 392 1027 961 1012 729 0 1631 585 748 498 467 933 1065 336 1039 874 617 735 1034 1250 1082 690 239 306 1075 922 1016 720 651 1052 936 666 1060 955 918 1164 944 108
975 482 1266 714 457 1601 981 1337 0 1176 689 954 1027 621 1654 1210 1628 562 765 720 721 1840 1671 804 1134 1074 1664 462 704 799 989 402 624 714 409 643 791 1753 1533 1285
514 831 397 850 801 460 519 585 1470 0 538 325 653 756 513 341 488 698 700 526 857 699 531 480 589 622 523 762 840 540 730 892 760 650 899 779 741 613 392 627
350 344 627 363 314 963 355 748 983 538 0 315 492 269 1016 572 990 211 213 81 370 1201 1033 166 600 539 1026 275 353 161 350 405 273 163 412 292 254 1115 895 750
291 608 414 628 579 750 297 498 1248 325 315 0 566 534 803 359 777 475 478 303 635 988 820 257 502 535 813 539 617 317 507 669 537 427 677 556 519 902 682 540
728 682 460 717 652 1080 734 467 1321 653 492 566 0 623 1133 405 1107 565 307 523 724 1319 1150 545 372 312 1143 612 707 410 341 743 627 357 750 646 608 1232 1012 509
476 275 846 130 245 1181 482 933 915 756 269 534 623 0 1235 790 1209 96 345 300 137 1420 1252 384 731 671 1244 206 119 380 569 336 72 294 344 144 293 1334 1113 881
992 1309 877 1328 1279 159 997 1065 1948 513 1016 803 1133 1235 0 821 302 1176 1178 1004 1335 268 99 958 1069 1102 92 1240 1318 1018 1208 1370 1238 1128 1377 1257 1219 178 223 1107
547 865 74 884 835 768 553 336 1504 341 572 359 405 790 821 0 795 732 684 560 891 1007 839 514 340 374 831 796 874 574 719 926 794 683 933 813 775 921 700 378
966 1283 851 1302 1253 205 971 1039 1922 488 990 777 1107 1209 302 795 0 1150 1152 978 1309 527 359 932 1043 1076 304 1214 1292 992 1182 1344 1212 1102 1351 1231 1193 144 147 1081
451 217 787 190 187 1123 457 874 856 698 211 475 565 96 1176 732 1150 0 286 241 197 1361 1193 326 672 612 1186 147 180 321 510 278 100 235 285 119 267 1275 1055 823
512 419 740 438 389 1125 518 617 1059 700 213 478 307 345 1178 684 1152 286 0 244 446 1364 1196 328 415 354 1188 350 428 323 289 480 348 108 488 367 330 1278 1057 565
285 375 615 394 345 950 291 735 1014 526 81 303 523 300 1004 560 978 241 244 0 401 1189 1021 154 630 570 1014 305 383 149 338 436 303 193 443 275 233 1103 883 778
577 376 946 68 346 1282 583 1034 1015 857 370 635 724 137 1335 891 1309 197 446 401 0 1521 1352 485 832 771 1345 307 91 480 670 437 150 395 444 245 393 1434 1214 982
1177 1495 1062 1514 1465 345 1183 1250 2134 699 1201 988 1319 1420 268 1007 527 1361 1364 1189 1521 0 195 1143 1254 1288 278 1425 1503 1203 1393 1556 1423 1313 1563 1442 1405 403 408 1292
1009 1326 894 1345 1296 176 1015 1082 1966 531 1033 820 1150 1252 99 839 359 1193 1196 1021 1352 195 0 975 1086 1119 109 1257 1335 1035 1225 1387 1255 1145 1395 1274 1236 235 240 1124
233 459 569 478 429 905 238 690 1098 480 166 257 545 384 958 514 932 326 328 154 485 1143 975 0 652 592 968 390 468 168 358 520 388 278 527 353 311 1057 837 732
727 789 396 825 759 1016 733 239 1429 589 600 502 372 731 1069 340 1043 672 415 630 832 1254 1086 652 0 104 1079 720 814 518 449 850 734 464 857 753 716 1168 948 188
761 729 429 764 699 1049 767 306 1368 622 539 535 312 671 1102 374 1076 612 354 570 771 1288 1119 592 104 0 1112 659 754 457 389 790 674 404 797 693 655 1201 981 254
1002 1319 887 1338 1289 169 1007 1075 1958 523 1026 813 1143 1244 92 831 304 1186 1188 1014 1345 278 109 968 1079 1112 0 1250 1328 1028 1218 1380 1248 1138 1387 1267 1229 180 233 1117
560 117 851 300 87 1187 566 922 756 762 275 539 612 206 1240 796 1214 147 350 305 307 1425 1257 390 720 659 1250 0 289 385 574 178 209 299 185 228 376 1339 1119 870
560 359 929 68 329 1264 566 1016 998 840 353 617 707 119 1318 874 1292 180 428 383 91 1503 1335 468 814 754 1328 289 0 463 652 420 133 377 427 227 376 1417 1197 964
352 454 629 473 424 965 358 720 1093 540 161 317 410 380 1018 574 992 321 323 149 480 1203 1035 168 518 457 1028 385 463 0 223 515 383 273 522 402 364 1117 897 668
541 644 774 663 614 1154 547 651 1283 730 350 507 341 569 1208 719 1182 510 289 338 670 1393 1225 358 449 389 1218 574 652 223 0 705 572 339 712 591 554 1307 1087 599
1142 649 1433 882 625 1768 1148 1504 1126 1344 857 1121 1194 788 1822 1377 1796 729 932 887 889 2007 1839 972 1302 1241 1832 629 871 967 1156 0 791 881 576 810 958 1921 1701 1452
480 279 849 143 249 1185 486 936 918 760 273 537 627 72 1238 794 1212 100 348 303 150 1423 1255 388 734 674 1248 209 133 383 572 340 0 297 347 147 296 1337 1117 885
461 369 739 388 339 1074 467 666 1008 650 163 427 357 294 1128 683 1102 235 108 193 395 1313 1145 278 464 404 1138 299 377 273 339 430 297 0 437 316 279 1227 1007 615
1117 624 1408 856 599 1743 1123 1479 1101 1318 831 1096 1169 763 1796 1352 1770 704 907 862 863 1982 1813 946 1276 1216 1806 604 846 941 1131 544 766 856 0 785 933 1895 1675 1427
352 298 868 238 268 1203 358 955 937 779 292 556 646 144 1257 813 1231 119 367 275 245 1442 1274 353 753 693 1267 228 227 402 591 359 147 316 366 0 168 1356 1136 903
291 446 831 386 416 1166 285 918 1085 741 254 519 608 293 1219 775 1193 267 330 233 393 1405 1236 311 716 655 1229 376 376 364 554 507 296 279 514 168 0 1318 1098 866
1091 1408 976 1427 1378 173 1097 1164 2048 613 1115 902 1232 1334 178 921 144 1275 1278 1103 1434 403 235 1057 1168 1201 180 1339 1417 1117 1307 1469 1337 1227 1477 1356 1318 0 245 1206
871 1188 756 1207 1158 170 876 944 1827 392 895 682 1012 1113 223 700 147 1055 1057 883 1214 408 240 837 948 981 233 1119 1197 897 1087 1249 1117 1007 1256 1136 1098 245 0 986
765 940 434 975 910 1054 771 108 1579 627 750 540 509 881 1107 378 1081 823 565 778 982 1292 1124 732 188 254 1117 870 964 668 599 1001 885 615 1008 903 866 1206 986 0
EOF