NAME : tsp_problem
TYPE : TSP
DIMENSION : 11
EDGE_WEIGHT_TYPE : EXPLICIT
EDGE_WEIGHT_FORMAT : FULL_MATRIX
EDGE_WEIGHT_SECTION
0 973 787 480 455 998 876 883 1020 642 869
973 0 529 862 825 363 1244 625 408 467 1237
787 529 0 565 683 618 1103 159 639 326 1096
480 862 565 0 614 971 1035 661 1009 733 1028
455 825 683 614 0 850 479 779 872 493 472
998 363 618 971 850 0 1269 714 410 492 1263
876 1244 1103 1035 479 1269 0 1199 1291 913 187
883 625 159 661 779 714 1199 0 735 422 1192
1020 408 639 1009 872 410 1291 735 0 514 1284
642 467 326 733 493 492 913 422 514 0 906
869 1237 1096 1028 472 1263 187 1192 1284 906 0
EOF
