NAME : tsp_problem
TYPE : TSP
DIMENSION : 26
EDGE_WEIGHT_TYPE : EXPLICIT
EDGE_WEIGHT_FORMAT : FULL_MATRIX
EDGE_WEIGHT_SECTION
0 587 904 1065 735 137 898 1047 687 1024 1472 406 978 854 1381 887 78 836 378 602 729 1045 429 1201 999 1147
587 0 468 802 471 642 462 666 424 761 1209 538 709 591 1118 451 550 573 511 711 160 782 561 937 735 884
904 468 0 820 659 960 123 230 493 493 1226 839 303 606 1134 286 867 727 828 929 528 810 862 954 468 900
1065 802 820 0 382 1121 815 724 532 634 433 1016 655 252 342 703 1028 311 978 1190 944 393 1039 161 608 108
735 471 659 382 0 790 653 563 202 503 790 686 493 194 698 541 698 156 647 859 614 365 709 518 477 464
137 642 960 1121 790 0 954 1103 742 1080 1528 462 1034 910 1436 943 133 892 433 658 785 1101 484 1256 1054 1202
898 462 123 815 653 954 0 246 487 488 1220 833 319 600 1129 281 862 721 823 923 522 804 856 948 462 895
1047 666 230 724 563 1103 246 0 397 397 1130 998 135 510 1038 285 1011 631 960 1127 726 714 1021 858 372 804
687 424 493 532 202 742 487 397 0 417 940 638 327 322 848 375 650 304 600 811 566 512 661 668 391 614
1024 761 493 634 503 1080 488 397 417 0 1039 976 328 419 948 376 988 541 937 1149 859 623 998 767 84 714
1472 1209 1226 433 790 1528 1220 1130 940 1039 0 1423 1060 644 212 1108 1436 718 1385 1597 1351 801 1446 421 1013 367
406 538 839 1016 686 462 833 998 638 976 1423 0 929 805 1332 822 369 787 407 530 680 996 81 1152 950 1098
978 709 303 655 493 1034 319 135 327 328 1060 929 0 440 969 286 942 562 891 1103 769 645 952 789 302 735
854 591 606 252 194 910 600 510 322 419 644 805 440 0 553 488 818 232 767 979 733 315 828 372 393 318
1381 1118 1134 342 698 1436 1129 1038 848 948 212 1332 969 553 0 1017 1344 627 1294 1505 1260 709 1355 330 922 276
887 451 286 703 541 943 281 285 375 376 1108 822 286 488 1017 0 851 610 812 913 512 692 845 836 350 783
78 550 867 1028 698 133 862 1011 650 988 1436 369 942 818 1344 851 0 800 341 565 693 1008 392 1164 962 1110
836 573 727 311 156 892 721 631 304 541 718 787 562 232 627 610 800 0 749 961 715 233 810 446 515 393
378 511 828 978 647 433 823 960 600 937 1385 407 891 767 1294 812 341 749 0 603 654 958 430 1113 911 1060
602 711 929 1190 859 658 923 1127 811 1149 1597 530 1103 979 1505 913 565 961 603 0 791 1170 553 1325 1123 1271
729 160 528 944 614 785 522 726 566 859 1351 680 769 733 1260 512 693 715 654 791 0 924 703 1080 833 1026
1045 782 810 393 365 1101 804 714 512 623 801 996 645 315 709 692 1008 233 958 1170 924 0 1019 529 598 475
429 561 862 1039 709 484 856 1021 661 998 1446 81 952 828 1355 845 392 810 430 553 703 1019 0 1175 973 1121
1201 937 954 161 518 1256 948 858 668 767 421 1152 789 372 330 836 1164 446 1113 1325 1080 529 1175 0 742 96
999 735 468 608 477 1054 462 372 391 84 1013 950 302 393 922 350 962 515 911 1123 833 598 973 742 0 688
1147 884 900 108 464 1202 895 804 614 714 367 1098 735 318 276 783 1110 393 1060 1271 1026 475 1121 96 688 0
EOF