NAME : tsp_problem
TYPE : TSP
DIMENSION : 32
EDGE_WEIGHT_TYPE : EXPLICIT
EDGE_WEIGHT_FORMAT : FULL_MATRIX
EDGE_WEIGHT_SECTION
0 892 623 942 715 1047 574 207 507 646 614 525 49 757 509 1134 609 490 405 764 594 895 738 286 656 797 659 390 622 995 358 720
892 0 734 76 758 296 1167 730 1007 756 724 1039 887 1257 1009 383 1202 533 686 548 1187 75 964 839 1156 908 1174 1068 1136 243 859 763
623 734 0 783 272 888 897 460 650 159 127 770 617 988 740 975 933 249 241 616 918 736 366 569 887 246 904 799 867 836 589 277
942 76 783 0 807 267 1216 779 1057 806 774 1089 936 1306 1059 432 1252 583 735 597 1237 73 1013 888 1206 958 1223 1118 1186 293 908 813
715 758 272 807 0 912 989 552 785 294 262 862 709 1079 831 999 1025 273 376 641 1010 760 502 661 979 446 996 891 959 860 681 56
1047 296 888 267 912 0 1321 884 1162 911 879 1194 1041 1412 1164 278 1357 688 841 702 1342 298 1118 993 1311 1063 1328 1223 1291 67 1013 918
574 1167 897 1216 989 1321 0 570 631 920 888 268 570 508 260 1408 88 765 679 1038 73 1169 729 397 408 980 402 218 365 1269 483 995
207 730 460 779 552 884 570 0 411 483 451 443 201 661 413 971 606 328 242 601 591 732 642 242 560 635 577 449 540 832 262 558
507 1007 650 1057 785 1162 631 411 0 517 641 504 503 658 455 1249 667 605 520 878 652 1010 315 303 558 565 638 533 601 1110 175 791
646 756 159 806 294 911 920 483 517 0 150 788 640 922 719 997 955 271 263 639 940 759 233 592 822 263 922 821 885 858 608 300
614 724 127 774 262 879 888 451 641 150 0 761 608 978 730 966 924 239 231 607 909 727 357 560 878 248 895 790 858 827 580 268
525 1039 770 1089 862 1194 268 443 504 788 761 0 521 357 109 1281 304 637 552 911 289 1042 586 270 257 836 165 170 128 1142 355 867
49 887 617 936 709 1041 570 201 503 640 608 521 0 752 504 1128 605 484 399 758 590 889 733 282 652 792 655 386 618 989 354 714
757 1257 988 1306 1079 1412 508 661 658 922 978 357 752 0 289 1498 544 855 769 1128 529 1259 720 488 135 970 492 410 455 1359 573 1085
509 1009 740 1059 831 1164 260 413 455 719 730 109 504 289 0 1250 296 607 521 880 281 1011 517 240 188 767 244 162 207 1111 325 837
1134 383 975 432 999 278 1408 971 1249 997 966 1281 1128 1498 1250 0 1444 775 927 789 1429 385 1205 1080 1398 1149 1415 1310 1378 226 1100 1005
609 1202 933 1252 1025 1357 88 606 667 955 924 304 605 544 296 1444 0 800 715 1073 78 1205 765 433 443 1015 438 254 401 1304 518 1030
490 533 249 583 273 688 765 328 605 271 239 637 484 855 607 775 800 0 284 416 785 536 479 437 754 423 772 666 734 636 457 278
405 686 241 735 376 841 679 242 520 263 231 552 399 769 521 927 715 284 0 557 700 688 470 351 669 415 686 581 649 788 371 381
764 548 616 597 641 702 1038 601 878 639 607 911 758 1128 880 789 1073 416 557 0 1058 550 846 710 1028 791 1045 939 1008 650 730 646
594 1187 918 1237 1010 1342 73 591 652 940 909 289 590 529 281 1429 78 785 700 1058 0 1190 750 418 428 1000 423 239 386 1290 503 1015
895 75 736 73 760 298 1169 732 1010 759 727 1042 889 1259 1011 385 1205 536 688 550 1190 0 966 841 1159 910 1176 1071 1139 246 861 766
738 964 366 1013 502 1118 729 642 315 233 357 586 733 720 517 1205 765 479 470 846 750 966 0 531 619 397 720 631 683 1066 406 507
286 839 569 888 661 993 397 242 303 592 560 270 282 488 240 1080 433 437 351 710 418 841 531 0 387 744 404 299 367 941 154 667
656 1156 887 1206 979 1311 408 560 558 822 878 257 652 135 188 1398 443 754 669 1028 428 1159 619 387 0 870 391 309 354 1259 472 984
797 908 246 958 446 1063 980 635 565 263 248 836 792 970 767 1149 1015 423 415 791 1000 910 397 744 870 0 970 881 933 1010 656 452
659 1174 904 1223 996 1328 402 577 638 922 895 165 655 492 244 1415 438 772 686 1045 423 1176 720 404 391 970 0 304 95 1276 489 1002
390 1068 799 1118 891 1223 218 449 533 821 790 170 386 410 162 1310 254 666 581 939 239 1071 631 299 309 881 304 0 267 1171 384 896
622 1136 867 1186 959 1291 365 540 601 885 858 128 618 455 207 1378 401 734 649 1008 386 1139 683 367 354 933 95 267 0 1239 452 964
995 243 836 293 860 67 1269 832 1110 858 827 1142 989 1359 1111 226 1304 636 788 650 1290 246 1066 941 1259 1010 1276 1171 1239 0 961 866
358 859 589 908 681 1013 483 262 175 608 580 355 354 573 325 1100 518 457 371 730 503 861 406 154 472 656 489 384 452 961 0 687
720 763 277 813 56 918 995 558 791 300 268 867 714 1085 837 1005 1030 278 381 646 1015 766 507 667 984 452 1002 896 964 866 687 0
EOF