NAME : tsp_problem
TYPE : TSP
DIMENSION : 64
EDGE_WEIGHT_TYPE : EXPLICIT
EDGE_WEIGHT_FORMAT : FULL_MATRIX
EDGE_WEIGHT_SECTION
0 785 894 680 223 699 599 805 420 877 215 840 831 300 825 721 547 807 908 855 937 753 847 234 807 994 250 987 780 561 545 479 401 809 684 246 249 1064 796 582 534 902 341 815 329 394 238 637 897 252 894 542 297 536 742 549 788 692 1056 675 778 873 845 1063
785 0 1164 140 667 958 362 314 579 287 659 349 241 920 235 991 607 217 318 118 200 349 109 780 217 1264 919 1257 470 406 284 350 599 1079 560 915 659 1334 260 855 806 312 895 225 664 599 793 287 307 884 305 814 546 750 152 649 297 475 1326 943 53 1143 1115 1333
894 1164 0 1093 1014 649 919 1268 642 1240 1015 1302 1193 987 1188 209 1165 1170 1271 1234 1316 1078 1226 920 1170 292 936 229 1068 964 1198 1103 624 235 972 933 847 191 1159 345 384 1265 846 1178 614 616 743 925 1260 901 1257 396 1123 486 1105 593 1251 980 355 247 1158 41 207 361
680 140 1093 0 563 887 291 210 508 239 555 244 193 816 187 920 523 169 270 210 292 292 202 676 169 1193 848 1186 414 336 179 259 529 1008 504 844 588 1264 212 784 736 264 825 177 594 528 722 216 259 813 256 743 441 679 104 578 193 417 1255 873 133 1073 1044 1262
223 667 1014 563 0 819 482 688 539 759 98 723 713 291 708 841 430 689 791 738 819 635 729 152 689 1113 370 1107 757 443 427 362 521 929 784 366 369 1184 679 702 654 785 461 698 448 514 358 560 779 372 777 662 254 656 624 669 671 698 1176 795 661 993 965 1183
699 958 649 887 819 0 713 1061 447 1033 820 1096 987 792 982 475 958 963 1065 1028 1109 871 1019 725 963 748 741 742 861 757 992 896 429 563 766 738 641 819 952 471 423 1059 651 971 419 421 548 718 1053 706 1051 431 928 222 898 329 1044 773 811 428 951 628 599 812
599 362 919 291 482 713 0 465 334 437 474 500 391 724 386 746 273 367 469 432 513 275 423 595 367 1019 674 1012 341 109 396 300 354 834 329 670 414 1089 356 610 562 463 651 375 419 354 548 122 457 639 455 569 360 505 302 404 448 243 1081 698 355 899 870 1088
805 314 1268 210 688 1061 465 0 683 413 680 196 367 941 362 1095 648 343 445 385 466 467 376 801 343 1368 1020 1361 589 510 304 385 703 1183 678 1016 763 1438 386 958 910 439 999 351 768 703 896 391 433 987 431 918 567 854 278 753 46 591 1430 1047 308 1247 1219 1437
420 579 642 508 539 447 334 683 0 654 541 717 608 512 603 469 580 584 686 649 731 492 641 446 584 741 462 735 482 378 613 517 78 557 387 458 262 812 573 330 282 680 371 593 140 78 268 340 674 427 672 290 649 284 519 252 665 395 804 423 572 621 593 811
877 287 1240 239 759 1033 437 413 654 0 751 448 98 1012 232 1066 683 214 101 357 439 345 349 872 125 1339 994 1333 467 482 383 426 675 1154 557 991 735 1410 257 930 882 95 971 222 740 675 868 363 82 959 87 890 638 826 176 725 396 471 1402 1019 280 1219 1190 1409
215 659 1015 555 98 820 474 680 541 751 0 715 705 293 700 842 422 681 783 730 811 627 721 153 681 1115 371 1108 749 435 419 354 522 930 776 367 370 1185 670 703 655 777 462 690 450 515 359 551 771 373 769 663 246 657 616 670 663 689 1177 796 653 994 966 1184
840 349 1302 244 723 1096 500 196 717 448 715 0 402 976 396 1129 683 378 479 419 501 501 411 836 378 1402 1054 1395 623 545 339 419 738 1217 713 1050 797 1473 421 993 945 473 1034 386 803 738 931 426 468 1022 465 953 601 888 313 787 179 626 1464 1082 342 1282 1253 1471
831 241 1193 193 713 987 391 367 608 98 705 402 0 966 186 1020 637 168 130 311 393 299 303 826 112 1293 948 1286 421 436 337 379 629 1108 511 944 688 1364 211 884 836 124 925 176 694 629 822 317 118 913 116 844 592 779 130 678 350 425 1356 973 234 1173 1144 1362
300 920 987 816 291 792 724 941 512 1012 293 976 966 0 961 813 682 942 1044 991 1072 882 982 327 942 1086 153 1079 873 696 680 615 494 901 777 149 342 1157 931 675 627 1038 434 950 421 487 331 730 1032 155 1030 635 506 629 877 642 924 785 1149 768 914 966 937 1155
825 235 1188 187 708 982 386 362 603 232 700 396 186 961 0 1015 632 95 264 306 387 146 297 821 162 1288 943 1281 268 430 331 374 623 1103 358 939 683 1358 60 879 831 258 920 103 688 623 817 311 252 908 250 838 586 774 125 673 345 272 1350 967 229 1168 1139 1357
721 991 209 920 841 475 746 1095 469 1066 842 1129 1020 813 1015 0 992 996 1098 1061 1143 904 1053 747 996 309 763 302 895 790 1025 929 450 124 799 759 674 379 985 172 211 1092 672 1005 441 443 569 752 1086 728 1084 223 950 312 931 420 1077 807 371 73 984 189 160 378
547 607 1165 523 430 958 273 648 580 683 422 683 637 682 632 992 0 613 715 678 759 521 669 543 613 1265 761 1258 587 234 387 322 600 1080 575 757 660 1335 602 856 807 709 852 621 665 600 749 368 703 763 701 815 308 751 548 650 631 488 1327 944 601 1144 1116 1334
807 217 1170 169 689 963 367 343 584 214 681 378 168 942 95 996 613 0 245 287 369 151 279 802 144 1269 924 1262 273 412 313 356 605 1084 363 921 665 1340 65 860 812 239 901 85 670 605 798 293 234 889 231 820 568 756 106 655 326 277 1332 949 210 1149 1120 1339
908 318 1271 270 791 1065 469 445 686 101 783 479 130 1044 264 1098 715 245 0 389 470 377 380 904 157 1371 1026 1364 499 513 414 457 706 1186 589 1022 766 1441 288 962 914 76 1002 253 771 706 900 394 121 991 71 921 669 857 208 756 428 503 1433 1050 312 1251 1222 1440
855 118 1234 210 738 1028 432 385 649 357 730 419 311 991 306 1061 678 287 389 0 226 419 135 851 287 1334 989 1327 541 477 354 420 670 1149 631 985 729 1405 330 925 877 383 966 295 735 669 863 357 377 954 375 885 616 820 222 719 368 545 1396 1014 122 1214 1185 1403
937 200 1316 292 819 1109 513 466 731 439 811 501 393 1072 387 1143 759 369 470 226 0 500 148 932 369 1416 1071 1409 622 558 436 502 751 1231 712 1067 811 1486 412 1006 958 464 1047 377 816 751 944 439 459 1035 456 966 698 902 304 801 449 626 1478 1095 204 1295 1267 1485
753 349 1078 292 635 871 275 467 492 345 627 501 299 882 146 904 521 151 377 419 500 0 410 748 275 1177 832 1170 192 320 397 302 513 992 244 828 573 1248 113 768 720 371 809 157 578 513 706 216 365 797 363 728 514 664 238 563 450 157 1240 857 342 1057 1028 1246
847 109 1226 202 729 1019 423 376 641 349 721 411 303 982 297 1053 669 279 380 135 148 410 0 842 279 1326 981 1319 532 468 346 412 661 1141 622 977 721 1396 322 916 868 374 957 287 726 661 854 349 369 945 366 876 608 812 214 711 359 536 1388 1005 114 1205 1177 1395
234 780 920 676 152 725 595 801 446 872 153 836 826 327 821 747 543 802 904 851 932 748 842 0 802 1020 276 1013 806 556 540 475 427 835 711 273 275 1090 792 609 561 898 367 811 355 420 264 663 892 278 890 568 367 562 737 576 784 718 1082 701 774 899 871 1089
807 217 1170 169 689 963 367 343 584 125 681 378 112 942 162 996 613 144 157 287 369 275 279 802 0 1269 924 1262 397 412 313 356 605 1084 487 920 664 1340 187 860 812 151 901 152 670 605 798 293 145 889 143 820 568 755 106 655 326 401 1332 949 210 1149 1120 1338
994 1264 292 1193 1113 748 1019 1368 741 1339 1115 1402 1293 1086 1288 309 1265 1269 1371 1334 1416 1177 1326 1020 1269 0 1036 254 1167 1063 1298 1202 723 334 1072 1032 947 240 1258 445 484 1365 945 1278 714 716 842 1025 1359 1001 1357 496 1223 585 1204 693 1350 1080 185 346 1257 272 370 192
250 919 936 848 370 741 674 1020 462 994 371 1054 948 153 943 763 761 924 1026 989 1071 832 981 276 924 1036 0 1029 823 718 759 694 444 851 727 32 291 1107 913 625 577 1020 383 933 371 437 281 680 1014 78 1012 585 480 578 859 592 1003 735 1098 717 912 916 887 1105
987 1257 229 1186 1107 742 1012 1361 735 1333 1108 1395 1286 1079 1281 302 1258 1262 1364 1327 1409 1170 1319 1013 1262 254 1029 0 1161 1057 1291 1196 716 328 1065 1025 940 141 1252 438 477 1358 938 1271 707 709 836 1018 1352 994 1350 489 1216 579 1198 686 1344 1073 316 339 1250 249 287 323
780 470 1068 414 757 861 341 589 482 467 749 623 421 873 268 895 587 273 499 541 622 192 532 806 397 1167 823 1161 0 385 519 424 503 983 112 819 563 1238 235 758 710 493 799 279 568 503 696 346 487 787 485 718 636 654 360 553 572 126 1230 847 464 1047 1019 1237
561 406 964 336 443 757 109 510 378 482 435 545 436 696 430 790 234 412 513 477 558 320 468 556 412 1063 718 1057 385 0 401 336 399 878 374 715 459 1134 401 654 606 507 695 420 464 399 592 167 502 683 499 614 322 550 347 449 493 287 1126 743 400 943 914 1133
545 284 1198 179 427 992 396 304 613 383 419 339 337 680 331 1025 387 313 414 354 436 397 346 540 313 1298 759 1291 519 401 0 124 633 1113 608 755 693 1368 356 889 841 408 849 321 698 633 747 321 403 760 400 848 306 784 248 683 287 522 1360 977 277 1178 1149 1367
479 350 1103 259 362 896 300 385 517 426 354 419 379 615 374 929 322 356 457 420 502 302 412 475 356 1202 694 1196 424 336 124 0 538 1017 513 690 598 1273 345 793 745 451 784 364 603 538 681 226 446 695 443 753 241 689 291 588 368 426 1265 882 343 1082 1053 1272
401 599 624 529 521 429 354 703 78 675 522 738 629 494 623 450 600 605 706 670 751 513 661 427 605 723 444 716 503 399 633 538 0 538 408 440 283 794 594 312 264 700 353 613 122 98 250 360 695 409 693 272 631 266 540 273 686 415 786 405 593 603 574 792
809 1079 235 1008 929 563 834 1183 557 1154 930 1217 1108 901 1103 124 1080 1084 1186 1149 1231 992 1141 835 1084 334 851 328 983 878 1113 1017 538 0 887 847 762 291 1073 260 299 1180 760 1093 529 531 657 840 1174 816 1172 311 1038 400 1019 508 1165 895 397 161 1072 214 66 404
684 560 972 504 784 766 329 678 387 557 776 713 511 777 358 799 575 363 589 631 712 244 622 711 487 1072 727 1065 112 374 608 513 408 887 0 723 467 1142 325 663 615 583 704 369 472 407 601 335 577 692 575 622 663 558 450 457 661 115 1134 751 554 952 923 1141
246 915 933 844 366 738 670 1016 458 991 367 1050 944 149 939 759 757 921 1022 985 1067 828 977 273 920 1032 32 1025 819 715 755 690 440 847 723 0 288 1103 910 621 573 1016 380 929 367 433 277 676 1010 74 1008 581 476 575 856 588 999 731 1095 714 908 912 883 1101
249 659 847 588 369 641 414 763 262 735 370 797 688 342 683 674 660 665 766 729 811 573 721 275 664 947 291 940 563 459 693 598 283 762 467 288 0 1017 654 538 490 760 311 673 299 282 209 420 754 256 752 497 478 433 600 332 746 475 1009 626 652 827 798 1016
1064 1334 191 1264 1184 819 1089 1438 812 1410 1185 1473 1364 1157 1358 379 1335 1340 1441 1405 1486 1248 1396 1090 1340 240 1107 141 1238 1134 1368 1273 794 291 1142 1103 1017 0 1329 515 554 1435 1016 1348 784 787 913 1095 1430 1071 1428 567 1293 656 1275 763 1421 1150 302 417 1328 212 249 309
796 260 1159 212 679 952 356 386 573 257 670 421 211 931 60 985 602 65 288 330 412 113 322 792 187 1258 913 1252 235 401 356 345 594 1073 325 910 654 1329 0 849 801 282 890 71 659 594 787 282 277 878 274 809 557 745 149 644 369 239 1321 938 253 1138 1109 1328
582 855 345 784 702 471 610 958 330 930 703 993 884 675 879 172 856 860 962 925 1006 768 916 609 860 445 625 438 758 654 889 793 312 260 663 621 538 515 849 0 73 956 534 868 303 305 431 615 950 590 948 85 812 308 795 403 941 671 507 139 848 325 296 514
534 806 384 736 654 423 562 910 282 882 655 945 836 627 831 211 807 812 914 877 958 720 868 561 812 484 577 477 710 606 841 745 264 299 615 573 490 554 801 73 0 908 486 820 255 257 383 567 902 542 900 68 764 260 747 355 893 622 546 178 800 364 335 553
902 312 1265 264 785 1059 463 439 680 95 777 473 124 1038 258 1092 709 239 76 383 464 371 374 898 151 1365 1020 1358 493 507 408 451 700 1180 583 1016 760 1435 282 956 908 0 997 248 765 700 894 388 115 985 65 915 663 851 202 750 422 497 1427 1044 306 1245 1216 1434
341 895 846 825 461 651 651 999 371 971 462 1034 925 434 920 672 852 901 1002 966 1047 809 957 367 901 945 383 938 799 695 849 784 353 760 704 380 311 1016 890 534 486 997 0 909 280 346 123 656 991 348 989 494 570 488 836 569 982 711 1008 627 889 825 796 1014
815 225 1178 177 698 971 375 351 593 222 690 386 176 950 103 1005 621 85 253 295 377 157 287 811 152 1278 933 1271 279 420 321 364 613 1093 369 929 673 1348 71 868 820 248 909 0 678 613 806 301 242 897 240 828 576 764 114 663 334 283 1340 957 219 1157 1129 1347
329 664 614 594 448 419 419 768 140 740 450 803 694 421 688 441 665 670 771 735 816 578 726 355 670 714 371 707 568 464 698 603 122 529 472 367 299 784 659 303 255 765 280 678 0 115 177 425 760 336 758 262 558 256 605 338 751 480 776 395 658 594 565 783
394 599 616 528 514 421 354 703 78 675 515 738 629 487 623 443 600 605 706 669 751 513 661 420 605 716 437 709 503 399 633 538 98 531 407 433 282 787 594 305 257 700 346 613 115 0 243 360 695 401 692 265 624 258 540 272 686 415 778 397 593 596 567 785
238 793 743 722 358 548 548 896 268 868 359 931 822 331 817 569 749 798 900 863 944 706 854 264 798 842 281 836 696 592 747 681 250 657 601 277 209 913 787 431 383 894 123 806 177 243 0 553 888 245 886 391 467 385 733 466 879 609 905 524 786 722 693 912
637 287 925 216 560 718 122 391 340 363 551 426 317 730 311 752 368 293 394 357 439 216 349 663 293 1025 680 1018 346 167 321 226 360 840 335 676 420 1095 282 615 567 388 656 301 425 360 553 0 383 644 380 575 438 511 228 410 374 248 1087 704 281 904 876 1094
897 307 1260 259 779 1053 457 433 674 82 771 468 118 1032 252 1086 703 234 121 377 459 365 369 892 145 1359 1014 1352 487 502 403 446 695 1174 577 1010 754 1430 277 950 902 115 991 242 760 695 888 383 0 979 107 910 658 845 196 745 416 491 1422 1039 300 1239 1210 1428
252 884 901 813 372 706 639 987 427 959 373 1022 913 155 908 728 763 889 991 954 1035 797 945 278 889 1001 78 994 787 683 760 695 409 816 692 74 256 1071 878 590 542 985 348 897 336 401 245 644 979 0 977 549 481 543 824 557 970 699 1063 682 877 881 852 1070
894 305 1257 256 777 1051 455 431 672 87 769 465 116 1030 250 1084 701 231 71 375 456 363 366 890 143 1357 1012 1350 485 499 400 443 693 1172 575 1008 752 1428 274 948 900 65 989 240 758 692 886 380 107 977 0 907 656 843 194 742 414 489 1419 1036 298 1237 1208 1426
542 814 396 743 662 431 569 918 290 890 663 953 844 635 838 223 815 820 921 885 966 728 876 568 820 496 585 489 718 614 848 753 272 311 622 581 497 567 809 85 68 915 494 828 262 265 391 575 910 549 907 0 771 268 755 363 901 630 558 191 808 376 347 565
297 546 1123 441 254 928 360 567 649 638 246 601 592 506 586 950 308 568 669 616 698 514 608 367 568 1223 480 1216 636 322 306 241 631 1038 663 476 478 1293 557 812 764 663 570 576 558 624 467 438 658 481 656 771 0 765 503 738 549 576 1285 904 539 1103 1074 1292
536 750 486 679 656 222 505 854 284 826 657 888 779 629 774 312 751 756 857 820 902 664 812 562 755 585 578 579 654 550 784 689 266 400 558 575 433 656 745 308 260 851 488 764 256 258 385 511 845 543 843 268 765 0 691 122 837 566 648 265 743 465 436 655
742 152 1105 104 624 898 302 278 519 176 616 313 130 877 125 931 548 106 208 222 304 238 214 737 106 1204 859 1198 360 347 248 291 540 1019 450 856 600 1275 149 795 747 202 836 114 605 540 733 228 196 824 194 755 503 691 0 590 261 364 1267 884 145 1084 1055 1274
549 649 593 578 669 329 404 753 252 725 670 787 678 642 673 420 650 655 756 719 801 563 711 576 655 693 592 686 553 449 683 588 273 508 457 588 332 763 644 403 355 750 569 663 338 272 466 410 745 557 742 363 738 122 590 0 736 465 755 372 642 572 544 762
788 297 1251 193 671 1044 448 46 665 396 663 179 350 924 345 1077 631 326 428 368 449 450 359 784 326 1350 1003 1344 572 493 287 368 686 1165 661 999 746 1421 369 941 893 422 982 334 751 686 879 374 416 970 414 901 549 837 261 736 0 574 1413 1030 291 1230 1201 1420
692 475 980 417 698 773 243 591 395 471 689 626 425 785 272 807 488 277 503 545 626 157 536 718 401 1080 735 1073 126 287 522 426 415 895 115 731 475 1150 239 671 622 497 711 283 480 415 609 248 491 699 489 630 576 566 364 465 574 0 1142 759 468 959 931 1149
1056 1326 355 1255 1176 811 1081 1430 804 1402 1177 1464 1356 1149 1350 371 1327 1332 1433 1396 1478 1240 1388 1082 1332 185 1098 316 1230 1126 1360 1265 786 397 1134 1095 1009 302 1321 507 546 1427 1008 1340 776 778 905 1087 1422 1063 1419 558 1285 648 1267 755 1413 1142 0 409 1320 334 433 67
675 943 247 873 795 428 698 1047 423 1019 796 1082 973 768 967 73 944 949 1050 1014 1095 857 1005 701 949 346 717 339 847 743 977 882 405 161 751 714 626 417 938 139 178 1044 627 957 395 397 524 704 1039 682 1036 191 904 265 884 372 1030 759 409 0 937 226 197 415
778 53 1158 133 661 951 355 308 572 280 653 342 234 914 229 984 601 210 312 122 204 342 114 774 210 1257 912 1250 464 400 277 343 593 1072 554 908 652 1328 253 848 800 306 889 219 658 593 786 281 300 877 298 808 539 743 145 642 291 468 1320 937 0 1137 1108 1326
873 1143 41 1073 993 628 899 1247 621 1219 994 1282 1173 966 1168 189 1144 1149 1251 1214 1295 1057 1205 899 1149 272 916 249 1047 943 1178 1082 603 214 952 912 827 212 1138 325 364 1245 825 1157 594 596 722 904 1239 881 1237 376 1103 465 1084 572 1230 959 334 226 1137 0 227 341
845 1115 207 1044 965 599 870 1219 593 1190 966 1253 1144 937 1139 160 1116 1120 1222 1185 1267 1028 1177 871 1120 370 887 287 1019 914 1149 1053 574 66 923 883 798 249 1109 296 335 1216 796 1129 565 567 693 876 1210 852 1208 347 1074 436 1055 544 1201 931 433 197 1108 227 0 440
1063 1333 361 1262 1183 812 1088 1437 811 1409 1184 1471 1362 1155 1357 378 1334 1339 1440 1403 1485 1246 1395 1089 1338 192 1105 323 1237 1133 1367 1272 792 404 1141 1101 1016 309 1328 514 553 1434 1014 1347 783 785 912 1094 1428 1070 1426 565 1292 655 1274 762 1420 1149 67 415 1326 341 440 0
EOF