NAME : tsp_problem
TYPE : TSP
DIMENSION : 60
EDGE_WEIGHT_TYPE : EXPLICIT
EDGE_WEIGHT_FORMAT : FULL_MATRIX
EDGE_WEIGHT_SECTION
0 852 1017 1009 971 1151 868 1622 1027 850 751 333 934 765 995 655 268 521 254 811 58 1006 401 844 331 1020 923 914 894 1021 816 1119 943 801 881 910 820 376 977 286 808 355 362 1110 544 467 868 970 975 369 689 959 42 382 258 1304 937 844 52 415
852 0 1329 1320 1282 1462 1180 1933 1338 59 265 646 335 1076 1306 967 863 1117 850 1122 820 1318 770 312 644 1331 204 217 381 1332 1128 1430 1254 1157 1192 216 1131 971 1288 882 1119 951 957 1421 855 1063 1179 1281 1287 965 1000 1270 854 493 656 1615 1249 53 873 477
1017 1329 0 483 468 624 365 1095 501 1327 1228 728 1411 439 123 525 962 650 901 308 986 503 698 1321 737 517 1400 1391 1371 494 313 156 416 653 378 1388 586 781 474 977 248 794 791 146 631 932 420 444 472 1061 716 197 1020 861 822 777 411 1321 1039 890
1448 1759 922 0 875 680 773 664 724 1757 1658 1159 1841 870 899 956 1392 1164 1378 716 1417 911 1129 1751 1167 925 1830 1822 1802 571 721 1023 640 1146 786 1818 1002 1295 882 1411 712 1307 1305 1014 1061 1445 828 662 880 1494 1132 863 1450 1291 1253 833 634 1751 1470 1321
971 1282 468 437 0 578 124 1049 454 1280 1181 681 1364 393 445 478 915 703 901 203 939 141 651 1274 690 155 1353 1344 1324 448 198 569 370 669 230 1341 446 834 112 933 258 847 844 560 584 984 272 398 110 1017 576 409 973 814 775 731 365 1274 992 843
1130 1441 603 241 557 0 455 854 406 1439 1340 840 1523 552 581 637 1074 846 1060 398 1099 593 810 1433 849 607 1512 1504 1483 253 403 705 321 828 468 1500 684 977 564 1093 394 989 987 696 743 1127 509 344 562 1176 814 545 1132 973 935 236 316 1433 1152 1003
868 1180 365 335 124 476 0 947 352 1178 1079 579 1262 290 343 376 813 601 799 101 837 160 549 1172 588 174 1251 1242 1222 346 96 467 268 567 128 1239 344 732 131 831 156 744 742 458 482 882 169 296 129 914 474 307 871 712 673 629 263 1172 890 741
1639 1950 1113 750 1067 871 964 0 915 1948 1849 1350 2032 1061 1090 1147 1583 1355 1569 907 1608 1102 1320 1942 1358 1116 2021 2013 1993 762 912 1214 831 1337 977 2009 1193 1486 1073 1602 903 1499 1496 1205 1252 1636 1019 853 1071 1685 1324 1054 1641 1482 1444 1024 825 1942 1661 1512
1027 1338 501 285 454 427 352 898 0 1336 1237 738 1420 449 478 535 971 743 957 295 996 490 708 1330 746 504 1409 1401 1381 297 300 602 155 725 365 1397 581 874 461 990 291 887 884 593 640 1024 407 246 459 1073 712 442 1029 870 832 580 150 1330 1049 900
850 59 1327 1318 1280 1460 1178 1931 1336 0 263 644 333 1074 1304 965 862 1115 848 1120 819 1316 769 310 642 1330 202 215 379 1330 1126 1428 1252 1155 1190 214 1129 970 1287 880 1117 949 956 1419 854 1061 1177 1279 1285 963 998 1268 852 492 654 1613 1247 52 872 475
751 265 1228 1219 1181 1361 1079 1832 1237 263 0 545 208 975 1205 866 763 1016 749 1021 720 1217 670 118 543 1231 197 189 169 1231 1027 1329 1153 1056 1091 185 1030 871 1188 781 1018 850 856 1320 755 962 1078 1180 1186 864 899 1169 753 393 555 1514 1148 257 772 376
333 646 728 720 681 861 579 1333 738 644 545 0 728 476 706 366 345 598 331 522 302 717 170 638 84 731 717 708 688 731 527 830 653 557 592 705 531 452 688 363 519 432 438 820 255 544 579 681 686 446 400 670 335 176 137 1014 648 638 354 209
934 335 1411 1403 1364 1544 1262 2015 1420 333 208 728 0 1158 1388 1049 946 1199 932 1204 903 1400 853 184 726 1414 218 231 104 1414 1210 1513 1336 1240 1274 230 1213 1054 1371 964 1201 1033 1040 1503 938 1145 1262 1364 1369 1047 1083 1353 936 576 739 1697 1331 327 956 559
765 1076 439 431 393 573 290 1044 449 1074 975 476 1158 0 417 273 709 338 588 233 734 428 446 1068 484 442 1147 1139 1119 443 238 541 365 340 303 1135 334 469 399 665 230 481 478 532 378 619 290 392 397 748 463 381 767 608 570 726 359 1068 787 638
995 1306 123 460 445 602 343 1073 478 1304 1205 706 1388 417 0 503 939 628 878 285 964 481 676 1298 714 495 1377 1369 1349 472 291 210 394 630 355 1365 564 759 452 955 225 771 769 201 608 909 397 421 450 1038 693 175 997 838 800 755 389 1298 1017 868
655 967 525 517 478 658 376 1129 535 965 866 366 1049 273 503 0 600 391 586 319 624 514 336 959 375 528 1038 1029 1009 528 324 627 450 224 389 1026 403 522 485 618 316 534 532 617 269 672 376 478 483 701 354 467 658 499 460 811 445 959 677 528
268 863 962 954 915 1095 813 1566 971 862 763 345 946 709 939 600 0 423 155 755 237 951 302 856 343 965 934 926 906 965 761 1064 887 703 825 922 764 277 922 187 752 257 263 1054 489 271 813 915 920 147 634 903 270 394 270 1248 882 856 290 427
521 1117 650 725 703 867 601 1338 743 1115 1016 598 1199 338 628 391 423 0 294 543 490 739 556 1109 596 753 1188 1180 1160 737 549 752 659 323 613 1176 644 174 710 370 490 187 184 743 626 325 600 686 708 454 711 592 524 647 523 1020 653 1109 543 681
254 850 901 940 901 1081 799 1552 957 848 749 331 932 588 878 586 155 294 0 741 223 937 288 842 329 951 921 912 892 951 747 1003 873 574 811 909 750 148 908 103 738 128 178 993 475 284 799 901 906 186 620 843 256 380 256 1234 868 842 276 413
811 1122 308 277 203 419 101 890 295 1120 1021 522 1204 233 285 319 755 543 741 0 780 238 492 1114 530 252 1193 1185 1165 289 59 410 211 509 113 1181 329 674 209 774 98 687 684 400 424 825 155 238 207 857 460 250 813 654 616 572 205 1114 833 684
58 820 986 978 939 1120 837 1591 996 819 720 302 903 734 964 624 237 490 223 780 0 975 370 813 299 989 891 883 863 990 785 1088 912 770 850 879 789 345 946 255 777 324 331 1079 513 436 837 939 944 338 658 928 60 351 226 1273 906 813 79 384
1006 1318 503 472 141 614 160 1085 490 1316 1217 717 1400 428 481 514 951 739 937 238 975 0 687 1310 726 110 1389 1380 1360 484 233 605 406 705 265 1377 482 870 77 969 294 882 880 596 620 1020 307 433 65 1052 612 445 1008 850 811 767 401 1310 1028 879
401 770 698 690 651 831 549 1302 708 769 670 170 853 446 676 336 302 556 288 492 370 687 0 763 179 701 841 833 813 701 497 800 623 527 561 829 501 410 658 321 489 390 396 790 225 502 549 651 656 404 370 640 403 303 264 984 618 763 423 332
844 312 1321 1312 1274 1454 1172 1925 1330 310 118 638 184 1068 1298 959 856 1109 842 1114 813 1310 763 0 636 1324 128 120 144 1324 1120 1422 1246 1149 1184 116 1123 963 1281 874 1111 943 949 1413 848 1055 1171 1273 1279 957 992 1262 846 486 648 1607 1241 304 865 469
331 644 737 729 690 870 588 1341 746 642 543 84 726 484 714 375 343 596 329 530 299 726 179 636 0 740 715 706 686 740 536 839 662 566 600 703 539 450 697 361 527 430 436 829 264 542 588 690 695 444 409 679 333 174 135 1023 657 636 352 207
1020 1331 517 486 155 628 174 1099 504 1330 1231 731 1414 442 495 528 965 753 951 252 989 110 701 1324 740 0 1402 1394 1374 498 247 619 420 719 279 1390 496 884 91 983 308 896 893 609 634 1034 321 447 79 1066 626 459 1022 864 825 781 415 1324 1042 893
923 204 1400 1391 1353 1533 1251 2004 1409 202 197 717 218 1147 1377 1038 934 1188 921 1193 891 1389 841 128 715 1402 0 88 223 1403 1199 1501 1325 1228 1263 85 1202 1042 1359 953 1190 1022 1028 1492 926 1134 1250 1352 1357 1036 1071 1341 925 564 727 1686 1320 196 944 548
914 217 1391 1383 1344 1524 1242 1996 1401 215 189 708 231 1139 1369 1029 926 1180 912 1185 883 1380 833 120 706 1394 88 0 215 1395 1190 1493 1317 1220 1255 76 1194 1034 1351 945 1182 1014 1020 1484 918 1126 1242 1344 1349 1028 1063 1333 916 556 719 1678 1311 209 936 540
894 381 1371 1363 1324 1504 1222 1976 1381 379 169 688 104 1119 1349 1009 906 1160 892 1165 863 1360 813 144 686 1374 223 215 0 1374 1170 1473 1296 1200 1235 211 1174 1014 1331 924 1162 994 1000 1463 898 1105 1222 1324 1329 1008 1043 1313 896 536 699 1657 1291 373 916 520
1430 1742 904 542 858 663 756 646 706 1740 1641 1141 1824 852 882 938 1375 1146 1361 698 1399 894 1111 1734 1150 908 1813 1804 1784 0 704 1006 622 1129 768 1801 985 1277 865 1393 695 1290 1287 996 1044 1428 810 644 863 1476 1115 846 1433 1274 1235 816 617 1734 1452 1303
816 1128 313 283 198 424 96 895 300 1126 1027 527 1210 238 291 324 761 549 747 59 785 233 497 1120 536 247 1199 1190 1170 294 0 415 216 515 108 1187 324 680 204 779 104 692 690 406 430 830 150 244 202 862 455 255 819 660 621 577 211 1120 838 689
1119 1430 156 584 569 726 467 1197 602 1428 1329 830 1513 541 210 627 1064 752 1003 410 1088 605 800 1422 839 619 1501 1493 1473 596 415 0 518 754 479 1489 688 883 576 1079 349 896 893 67 732 1033 521 545 574 1162 818 299 1121 963 924 879 513 1422 1141 992
943 1254 416 201 370 342 268 813 155 1252 1153 653 1336 365 394 450 887 659 873 211 912 406 623 1246 662 420 1325 1317 1296 212 216 518 0 641 280 1313 497 790 377 906 207 802 799 509 556 940 322 162 375 989 627 358 945 786 747 495 115 1246 965 816
801 1157 653 707 669 849 567 1320 725 1155 1056 557 1240 340 630 224 703 323 574 509 770 705 527 1149 566 719 1228 1220 1200 719 515 754 641 0 579 1216 593 454 676 650 492 467 464 745 459 605 566 668 674 734 544 594 804 689 651 1002 636 1149 823 719
881 1192 378 347 230 488 128 960 365 1190 1091 592 1274 303 355 389 825 613 811 113 850 265 561 1184 600 279 1263 1255 1235 359 108 479 280 579 0 1251 250 744 236 844 168 757 754 470 425 895 78 308 234 927 381 319 883 724 686 642 275 1184 903 754
910 216 1388 1379 1341 1521 1239 1992 1397 214 185 705 230 1135 1365 1026 922 1176 909 1181 879 1377 829 116 703 1390 85 76 211 1391 1187 1489 1313 1216 1251 0 1190 1030 1347 941 1178 1010 1016 1480 914 1122 1238 1340 1345 1024 1059 1329 913 552 715 1674 1308 208 932 536
820 1131 586 563 446 705 344 1176 581 1129 1030 531 1213 334 564 403 764 644 750 329 789 482 501 1123 539 496 1202 1194 1174 575 324 688 497 593 250 1190 0 775 453 783 377 788 785 678 318 926 192 524 451 866 152 528 822 663 625 858 492 1123 842 693
376 971 781 856 834 998 732 1469 874 970 871 452 1054 469 759 522 277 174 148 674 345 870 410 963 450 884 1042 1034 1014 868 680 883 790 454 744 1030 775 0 841 225 621 69 229 874 596 370 732 817 839 308 741 723 378 502 377 1151 784 964 398 535
977 1288 474 443 112 585 131 1056 461 1287 1188 688 1371 399 452 485 922 710 908 209 946 77 658 1281 697 91 1359 1351 1331 455 204 576 377 676 236 1347 453 841 0 940 265 853 850 566 590 991 278 404 46 1023 583 416 979 821 782 738 372 1281 999 850
286 882 977 972 933 1113 831 1585 990 880 781 363 964 665 955 618 187 370 103 774 255 969 321 874 361 983 953 945 924 984 779 1079 906 650 844 941 783 225 940 0 771 204 211 1070 507 226 831 933 938 129 652 919 288 412 288 1267 900 874 308 445
808 1119 248 273 258 415 156 886 291 1117 1018 519 1201 230 225 316 752 490 738 98 777 294 489 1111 527 308 1190 1182 1162 285 104 349 207 492 168 1178 377 621 265 771 0 634 631 340 421 772 210 234 263 854 506 189 810 651 613 568 202 1111 830 681
355 951 794 869 847 1010 744 1481 887 949 850 432 1033 481 771 534 257 187 128 687 324 882 390 943 430 896 1022 1014 994 880 692 896 802 467 757 1010 788 69 853 204 634 0 242 886 576 382 744 830 851 288 721 736 358 481 357 1163 797 943 377 515
362 957 791 866 844 1007 742 1479 884 956 856 438 1040 478 769 532 263 184 178 684 331 880 396 949 436 893 1028 1020 1000 878 690 893 799 464 754 1016 785 229 850 211 631 242 0 883 582 239 741 827 849 294 727 733 364 488 363 1161 794 950 384 521
1110 1421 146 575 560 716 458 1188 593 1419 1320 820 1503 532 201 617 1054 743 993 400 1079 596 790 1413 829 609 1492 1484 1463 587 406 67 509 745 470 1480 678 874 566 1070 340 886 883 0 723 1024 512 536 565 1153 808 289 1112 953 914 870 503 1413 1132 983
544 855 631 622 584 764 482 1235 640 854 755 255 938 378 608 269 489 626 475 424 513 620 225 848 264 634 926 918 898 634 430 732 556 459 425 914 318 596 590 507 421 576 582 723 0 688 367 583 589 590 187 572 546 388 349 917 551 848 566 417
467 1063 932 1007 984 1148 882 1619 1024 1061 962 544 1145 619 909 672 271 325 284 825 436 1020 502 1055 542 1034 1134 1126 1105 1018 830 1033 940 605 895 1122 926 370 991 226 772 382 239 1024 688 0 882 968 989 209 833 873 469 593 469 1301 935 1055 489 627
868 1179 420 389 272 530 169 1001 407 1177 1078 579 1262 290 397 376 813 600 799 155 837 307 549 1171 588 321 1250 1242 1222 400 150 521 322 566 78 1238 192 732 278 831 210 744 741 512 367 882 0 350 276 914 323 361 870 712 673 683 317 1171 890 741
970 1281 444 223 398 365 296 836 246 1279 1180 681 1364 392 421 478 915 686 901 238 939 433 651 1273 690 447 1352 1344 1324 235 244 545 162 668 308 1340 524 817 404 933 234 830 827 536 583 968 350 0 402 1016 655 385 972 814 775 518 157 1274 992 843
975 1287 472 441 110 583 129 1054 459 1285 1186 686 1369 397 450 483 920 708 906 207 944 65 656 1279 695 79 1357 1349 1329 453 202 574 375 674 234 1345 451 839 46 938 263 851 849 565 589 989 276 402 0 1021 581 414 977 819 780 736 370 1279 997 848
369 965 1061 1055 1017 1197 914 1668 1073 963 864 446 1047 748 1038 701 147 454 186 857 338 1052 404 957 444 1066 1036 1028 1008 1067 862 1162 989 734 927 1024 866 308 1023 129 854 288 294 1153 590 209 914 1016 1021 0 735 1002 371 495 371 1350 983 957 391 529
689 1000 716 694 576 835 474 1306 712 998 899 400 1083 463 693 354 634 711 620 460 658 612 370 992 409 626 1071 1063 1043 705 455 818 627 544 381 1059 152 741 583 652 506 721 727 808 187 833 323 655 581 735 0 657 691 533 494 988 622 992 711 562
959 1270 197 424 409 566 307 1037 442 1268 1169 670 1353 381 175 467 903 592 843 250 928 445 640 1262 679 459 1341 1333 1313 436 255 299 358 594 319 1329 528 723 416 919 189 736 733 289 572 873 361 385 414 1002 657 0 961 803 764 719 353 1262 981 832
42 854 1020 1011 973 1153 871 1624 1029 852 753 335 936 767 997 658 270 524 256 813 60 1008 403 846 333 1022 925 916 896 1023 819 1121 945 804 883 913 822 378 979 288 810 358 364 1112 546 469 870 972 977 371 691 961 0 384 260 1306 940 846 58 417
382 493 861 853 814 994 712 1465 870 492 393 176 576 608 838 499 394 647 380 654 351 850 303 486 174 864 564 556 536 864 660 963 786 689 724 552 663 502 821 412 651 481 488 953 388 593 712 814 819 495 533 803 384 0 187 1147 781 486 404 120
258 656 822 814 775 955 673 1427 832 654 555 137 739 570 800 460 270 523 256 616 226 811 264 648 135 825 727 719 699 825 621 924 747 651 686 715 625 377 782 288 613 357 363 914 349 469 673 775 780 371 494 764 260 187 0 1109 742 648 279 220
1208 1520 682 320 636 141 534 933 484 1518 1419 919 1602 630 660 716 1153 924 1139 476 1177 672 889 1512 928 686 1591 1582 1562 331 482 784 400 907 546 1579 763 1055 643 1171 472 1068 1065 774 822 1206 588 422 641 1254 893 624 1210 1052 1013 0 395 1512 1230 1081
937 1249 411 196 365 337 263 808 150 1247 1148 648 1331 359 389 445 882 653 868 205 906 401 618 1241 657 415 1320 1311 1291 207 211 513 115 636 275 1308 492 784 372 900 202 797 794 503 551 935 317 157 370 983 622 353 940 781 742 490 0 1241 959 810
844 53 1321 1312 1274 1454 1172 1925 1330 52 257 638 327 1068 1298 959 856 1109 842 1114 813 1310 763 304 636 1324 196 209 373 1324 1120 1422 1246 1149 1184 208 1123 964 1281 874 1111 943 950 1413 848 1055 1171 1274 1279 957 992 1262 846 486 648 1607 1241 0 866 469
52 873 1039 1031 992 1172 890 1644 1049 872 772 354 956 787 1017 677 290 543 276 833 79 1028 423 865 352 1042 944 936 916 1043 838 1141 965 823 903 932 842 398 999 308 830 377 384 1132 566 489 890 992 997 391 711 981 58 404 279 1326 959 866 0 437
415 477 890 882 843 1023 741 1495 900 475 376 209 559 638 868 528 427 681 413 684 384 879 332 469 207 893 548 540 520 894 689 992 816 719 754 536 693 535 850 445 681 515 521 983 417 627 741 843 848 529 562 832 417 120 220 1177 810 469 437 0
EOF