NAME : tsp_problem
TYPE : TSP
DIMENSION : 36
EDGE_WEIGHT_TYPE : EXPLICIT
EDGE_WEIGHT_FORMAT : FULL_MATRIX
EDGE_WEIGHT_SECTION
0 338 343 468 925 264 466 201 699 886 392 202 513 354 390 328 277 420 320 592 508 184 220 320 528 612 76 485 998 450 425 676 664 356 329 468
338 0 255 718 1176 515 717 386 909 1137 102 258 764 516 245 578 132 671 463 842 219 240 471 558 382 862 378 341 1248 612 587 927 914 211 184 324
343 255 0 724 1181 520 722 172 930 1142 309 166 769 538 250 583 154 676 233 848 425 245 383 333 467 867 384 324 1254 634 609 932 919 78 269 307
468 718 724 0 492 275 237 581 537 532 772 582 284 720 770 338 657 237 625 228 888 564 384 485 908 382 508 865 564 614 630 276 502 736 709 849
925 1176 1181 492 0 733 696 1039 997 857 1230 1040 743 1180 1228 796 1114 575 1082 363 1346 1022 841 943 1366 842 965 1323 207 1074 1090 278 962 1194 1167 1306
264 515 520 275 733 0 274 378 462 694 569 379 303 591 567 91 453 228 421 399 685 361 180 282 705 418 305 662 805 539 555 484 427 533 506 645
466 717 722 237 696 274 0 579 330 669 770 581 77 513 768 281 655 374 623 365 887 563 382 483 906 175 506 864 769 407 423 449 295 734 707 847
201 386 172 581 1039 378 579 0 812 999 440 178 626 525 391 441 296 533 213 705 556 232 263 213 576 725 241 465 1111 621 596 789 777 219 377 448
699 909 930 537 997 462 330 812 0 969 962 789 283 434 977 394 863 662 856 665 1079 730 615 716 1015 399 706 1072 1069 444 419 749 147 943 756 1055
886 1137 1142 532 857 694 669 999 969 0 1190 1001 716 1152 1188 757 1075 478 1043 524 1307 983 802 903 1326 814 926 1284 898 1046 1062 608 934 1154 1127 1267
392 102 309 772 1230 569 770 440 962 1190 0 311 817 570 299 632 185 724 517 896 152 293 524 611 436 916 432 394 1302 665 641 980 968 265 237 377
202 258 166 582 1040 379 581 178 789 1001 311 0 628 396 309 442 196 535 245 706 428 104 335 339 447 726 242 405 1112 492 467 791 778 213 248 388
513 764 769 284 743 303 77 626 283 716 817 628 0 466 815 234 702 421 670 412 934 610 429 530 953 145 553 911 816 360 376 496 248 781 754 894
354 516 538 720 1180 591 513 525 434 1152 570 396 466 0 584 576 471 747 616 848 686 337 547 647 622 581 313 679 1252 137 112 932 519 550 363 663
390 245 250 770 1228 567 768 391 977 1188 299 309 815 584 0 630 144 722 458 894 415 291 522 552 457 914 430 335 1300 680 655 978 966 206 258 318
328 578 583 338 796 91 281 441 394 757 632 442 234 576 630 0 516 291 484 462 748 424 243 345 768 349 368 725 869 470 486 547 358 596 569 708
277 132 154 657 1114 453 655 296 863 1075 185 196 702 471 144 516 0 609 362 781 302 178 409 457 344 800 317 240 1187 567 542 865 853 110 145 223
420 671 676 237 575 228 374 533 662 478 724 535 421 747 722 291 609 0 577 241 841 517 336 437 860 519 460 818 647 739 755 325 627 688 661 801
320 463 233 625 1082 421 623 213 856 1043 517 245 670 616 458 484 362 577 0 748 633 324 283 184 667 768 360 532 1155 712 687 833 820 286 468 515
592 842 848 228 363 399 365 705 665 524 896 706 412 848 894 462 781 241 748 0 1012 688 507 609 1032 510 632 989 435 742 758 114 630 860 833 972
508 219 425 888 1346 685 887 556 1079 1307 152 428 934 686 415 748 302 841 633 1012 0 410 641 727 552 1032 548 511 1418 782 757 1097 1084 381 353 494
184 240 245 564 1022 361 563 232 730 983 293 104 610 337 291 424 178 517 324 688 410 0 317 416 429 708 224 387 1094 433 409 773 760 257 230 370
220 471 383 384 841 180 382 263 615 802 524 335 429 547 522 243 409 336 283 507 641 317 0 144 660 527 260 618 914 643 618 592 579 430 461 601
320 558 333 485 943 282 483 213 716 903 611 339 530 647 552 345 457 437 184 609 727 416 144 0 760 629 360 626 1015 743 718 693 681 380 561 609
528 382 467 908 1366 705 906 576 1015 1326 436 447 953 622 457 768 344 860 667 1032 552 429 660 760 0 1052 568 553 1438 718 693 1116 1101 423 290 536
612 862 867 382 842 418 175 725 399 814 916 726 145 581 914 349 800 519 768 510 1032 708 527 629 1052 0 652 1009 914 475 491 594 363 880 853 992
76 378 384 508 965 305 506 241 706 926 432 242 553 313 430 368 317 460 360 632 548 224 260 360 568 652 0 525 1038 409 384 716 704 396 369 508
485 341 324 865 1323 662 864 465 1072 1284 394 405 911 679 335 725 240 818 532 989 511 387 618 626 553 1009 525 0 1395 775 750 1074 1061 279 354 97
998 1248 1254 564 207 805 769 1111 1069 898 1302 1112 816 1252 1300 869 1187 647 1155 435 1418 1094 914 1015 1438 914 1038 1395 0 1146 1162 350 1034 1266 1239 1379
450 612 634 614 1074 539 407 621 444 1046 665 492 360 137 680 470 567 739 712 742 782 433 643 743 718 475 409 775 1146 0 93 826 414 646 459 758
425 587 609 630 1090 555 423 596 419 1062 641 467 376 112 655 486 542 755 687 758 757 409 618 718 693 491 384 750 1162 93 0 842 429 621 434 734
676 927 932 276 278 484 449 789 749 608 980 791 496 932 978 547 865 325 833 114 1097 773 592 693 1116 594 716 1074 350 826 842 0 714 944 917 1057
664 914 919 502 962 427 295 777 147 934 968 778 248 519 966 358 853 627 820 630 1084 760 579 681 1101 363 704 1061 1034 414 429 714 0 932 842 1044
356 211 78 736 1194 533 734 219 943 1154 265 213 781 550 206 596 110 688 286 860 381 257 430 380 423 880 396 279 1266 646 621 944 932 0 224 263
329 184 269 709 1167 506 707 377 756 1127 237 248 754 363 258 569 145 661 468 833 353 230 461 561 290 853 369 354 1239 459 434 917 842 224 0 337
468 324 307 849 1306 645 847 448 1055 1267 377 388 894 663 318 708 223 801 515 972 494 370 601 609 536 992 508 97 1379 758 734 1057 1044 263 337 0
EOF