NAME : tsp_problem
TYPE : TSP
DIMENSION : 22
EDGE_WEIGHT_TYPE : EXPLICIT
EDGE_WEIGHT_FORMAT : FULL_MATRIX
EDGE_WEIGHT_SECTION
0 605 266 796 830 427 448 737 493 375 657 762 151 476 328 759 632 811 750 590 236 756
605 0 797 1292 1326 923 944 312 989 871 200 1258 682 972 824 177 1128 229 1246 1086 766 1252
266 797 0 987 1022 618 640 929 684 566 849 954 145 668 519 951 779 1002 942 781 177 947
796 1292 987 0 514 440 462 1424 376 518 1344 446 872 528 624 1445 711 1497 93 522 917 439
830 1326 1022 514 0 475 497 1458 411 553 1378 160 907 642 658 1480 746 1532 469 636 952 153
427 923 618 440 475 0 63 1055 137 149 975 407 503 222 255 1077 342 1128 395 346 548 400
448 944 640 462 497 63 0 1077 159 171 996 429 525 243 276 1098 364 1150 417 367 570 422
737 312 929 1424 1458 1055 1077 0 1121 1003 347 1390 814 1104 956 194 1261 125 1379 1218 898 1384
493 989 684 376 411 137 159 1121 0 215 1041 343 569 317 321 1142 408 1194 331 312 614 336
375 871 566 518 553 149 171 1003 215 0 923 485 451 170 203 1024 355 1076 473 294 496 478
657 200 849 1344 1378 975 996 347 1041 923 0 1310 734 1024 876 211 1181 263 1299 1138 818 1304
762 1258 954 446 160 407 429 1390 343 485 1310 0 839 574 590 1412 678 1464 401 568 884 36
151 682 145 872 907 503 525 814 569 451 734 839 0 553 404 836 709 888 827 666 114 832
476 972 668 528 642 222 243 1104 317 170 1024 574 553 0 235 1126 457 1178 483 181 597 567
328 824 519 624 658 255 276 956 321 203 876 590 404 235 0 978 461 1030 579 348 449 584
759 177 951 1445 1480 1077 1098 194 1142 1024 211 1412 836 1126 978 0 1282 110 1400 1240 920 1406
632 1128 779 711 746 342 364 1261 408 355 1181 678 709 457 461 1282 0 1334 666 581 666 671
811 229 1002 1497 1532 1128 1150 125 1194 1076 263 1464 888 1178 1030 110 1334 0 1452 1292 972 1457
750 1246 942 93 469 395 417 1379 331 473 1299 401 827 483 579 1400 666 1452 0 477 872 394
590 1086 781 522 636 346 367 1218 312 294 1138 568 666 181 348 1240 581 1292 477 0 711 561
236 766 177 917 952 548 570 898 614 496 818 884 114 597 449 920 666 972 872 711 0 877
756 1252 947 439 153 400 422 1384 336 478 1304 36 832 567 584 1406 671 1457 394 561 877 0
EOF
