NAME : tsp_problem
TYPE : TSP
DIMENSION : 72
EDGE_WEIGHT_TYPE : EXPLICIT
EDGE_WEIGHT_FORMAT : FULL_MATRIX
EDGE_WEIGHT_SECTION
0 529 816 302 567 634 851 811 1000 776 85 174 300 734 174 861 840 177 706 78 1141 362 753 381 556 625 746 1165 687 646 86 576 821 456 409 579 722 292 813 691 441 675 654 825 499 459 499 419 474 629 220 702 471 233 447 599 1476 309 815 780 508 641 83 653 256 852 468 941 78 128 562 334
529 0 507 603 257 325 541 502 691 467 573 662 584 424 405 551 531 409 396 567 831 848 455 681 441 391 437 855 1173 1133 531 332 512 943 641 518 413 280 504 195 557 178 345 516 190 535 985 584 380 1116 520 392 550 722 934 638 1167 369 506 471 995 365 571 1139 556 543 701 631 567 616 305 634
816 507 0 889 349 417 433 393 582 150 860 949 871 351 691 443 422 695 288 853 510 1135 433 968 765 566 329 534 1460 1419 818 606 196 1230 928 843 141 566 188 638 882 652 237 407 411 859 1272 909 654 1403 807 284 874 1009 1221 962 845 656 48 154 1281 690 858 1426 843 222 987 522 854 903 513 921
302 603 889 0 640 708 924 884 1074 850 347 436 56 807 248 934 913 250 779 340 1214 624 826 172 311 698 820 1238 949 908 304 650 895 718 164 334 796 365 887 634 196 668 728 898 572 215 761 174 548 891 112 775 226 495 709 355 1550 276 888 854 770 397 345 915 76 926 223 1014 340 390 636 125
567 257 349 640 0 126 384 344 533 309 611 700 622 192 442 394 373 446 235 604 674 886 222 719 533 256 208 698 1211 1170 568 296 354 980 679 610 256 317 347 406 649 403 187 358 162 627 1023 676 344 1153 558 235 641 759 971 730 1009 407 348 313 1032 457 609 1177 594 386 738 474 605 654 203 672
634 325 417 708 126 0 392 353 601 377 679 768 690 124 510 402 382 514 167 672 742 954 155 787 601 188 141 766 1279 1238 636 228 422 1048 747 678 323 385 414 473 717 471 239 367 227 695 1091 744 276 1221 625 265 709 827 1039 797 1077 475 416 381 1100 525 677 1245 661 453 806 542 672 722 135 740
851 541 433 924 384 392 0 135 640 393 895 984 906 307 726 104 83 730 244 888 758 1170 389 1003 817 522 285 782 1495 1454 852 562 438 1264 963 894 339 601 430 690 933 687 236 149 446 911 1307 960 610 1437 842 262 925 1043 1255 1014 1093 691 432 397 1316 741 893 1461 878 469 1022 580 888 938 469 956
811 502 393 884 344 353 135 0 600 353 855 944 866 267 686 145 124 691 204 849 718 1130 349 963 777 482 245 742 1455 1414 813 522 399 1225 923 854 300 562 391 650 893 647 196 48 406 871 1267 920 570 1398 802 222 886 1004 1216 974 1053 651 392 357 1276 701 853 1421 838 430 983 541 849 898 429 916
1000 691 582 1074 533 601 640 600 0 542 1045 1134 1056 558 876 650 629 880 495 1038 907 1319 640 1153 867 765 536 931 1644 1604 1002 803 587 1414 1110 944 488 751 579 740 983 774 444 614 596 961 1457 1010 851 1587 991 491 976 1193 1405 1064 1242 841 581 546 1466 791 1043 1611 1027 618 1172 164 1038 1088 711 1106
776 467 150 850 309 377 393 353 542 0 820 909 831 311 651 403 382 656 248 814 475 1095 393 928 726 526 289 499 1420 1380 778 566 87 1190 888 803 101 527 79 599 842 612 197 367 371 820 1232 869 614 1363 767 244 834 969 1181 923 811 616 149 101 1242 650 818 1386 803 187 948 482 814 863 473 881
85 573 860 347 611 679 895 855 1045 820 0 119 345 778 219 905 884 221 750 62 1185 306 797 426 600 669 791 1209 631 591 70 620 866 401 453 623 767 336 858 736 485 719 699 869 543 504 443 463 518 574 264 746 515 178 392 644 1520 354 859 824 453 686 67 598 300 897 512 985 62 72 607 379
174 662 949 436 700 768 984 944 1134 909 119 0 434 867 308 994 973 310 839 114 1274 211 886 515 689 758 880 1298 536 496 159 710 955 306 542 712 856 425 947 825 574 808 788 958 632 593 348 552 608 479 353 835 604 83 297 733 1610 443 948 913 358 775 130 503 389 986 602 1074 124 71 696 468
300 584 871 56 622 690 906 866 1056 831 345 434 0 789 246 916 895 248 761 338 1196 621 808 170 285 680 802 1220 946 906 302 631 877 716 138 309 778 347 869 608 170 642 710 880 554 189 759 148 529 889 110 757 200 493 707 329 1531 250 870 835 768 371 343 913 74 908 198 996 338 388 618 123
734 424 351 807 192 124 307 267 558 311 778 867 789 0 609 317 296 613 95 771 676 1053 121 886 700 253 77 700 1378 1337 736 294 357 1147 846 777 258 484 349 573 816 570 154 281 293 794 1190 843 342 1321 725 180 809 927 1139 897 1011 574 350 315 1199 624 776 1344 761 388 905 498 772 821 201 839
174 405 691 248 442 510 726 686 876 651 219 308 246 609 0 736 715 100 581 212 1016 495 628 327 501 500 622 1040 820 780 176 452 697 590 354 524 598 167 689 567 386 550 530 700 374 405 633 364 350 763 165 577 416 367 581 545 1352 185 690 655 642 587 217 787 201 728 414 816 212 262 438 280
861 551 443 934 394 402 104 145 650 403 905 994 916 317 736 0 93 740 254 898 768 1180 399 1013 827 532 295 792 1505 1464 862 572 448 1274 973 904 349 611 440 700 943 697 246 159 456 921 1317 970 620 1448 852 272 935 1054 1266 1024 1103 701 442 407 1326 751 903 1471 888 480 1032 590 899 948 479 966
840 531 422 913 373 382 83 124 629 382 884 973 895 296 715 93 0 719 233 877 747 1159 378 992 806 511 274 771 1484 1443 842 551 428 1254 952 883 329 590 420 679 922 676 225 138 435 900 1296 949 599 1427 831 251 915 1033 1245 1003 1082 680 421 386 1305 730 882 1450 867 459 1011 569 878 927 458 945
177 409 695 250 446 514 730 691 880 656 221 310 248 613 100 740 719 0 585 214 1020 498 632 329 504 504 626 1044 823 782 179 456 701 593 357 527 602 171 693 571 389 554 534 705 378 407 635 367 354 766 168 581 419 370 584 547 1356 189 695 660 644 589 219 789 204 732 416 820 215 264 442 282
706 396 288 779 235 167 244 204 495 248 750 839 761 95 581 254 233 585 0 743 613 1025 164 858 672 297 73 637 1350 1309 707 337 293 1119 818 749 194 456 285 545 788 542 91 218 301 766 1162 815 385 1293 697 117 780 899 1111 869 948 546 287 252 1171 596 748 1316 733 325 877 435 744 793 244 811
78 567 853 340 604 672 888 849 1038 814 62 114 338 771 212 898 877 214 743 0 1178 301 790 419 593 662 784 1202 626 586 63 614 859 396 446 617 760 329 851 729 478 712 692 863 536 497 439 456 512 569 258 739 508 173 387 637 1514 347 853 818 448 679 60 593 294 890 506 978 56 68 600 372
988 679 357 1062 521 589 605 565 754 323 1032 1122 1043 523 864 615 594 868 460 1026 0 1307 605 1141 938 738 501 565 1632 1592 990 778 368 1402 1100 1015 313 739 360 811 1054 824 409 580 584 1032 1444 1081 826 1575 979 456 1047 1181 1393 1135 876 828 356 327 1454 862 1031 1599 1015 253 1160 694 1026 1075 685 1094
362 848 1135 624 886 954 1170 1130 1319 1095 306 211 621 1053 495 1180 1159 498 1025 301 1460 0 1072 702 877 944 1066 1484 400 359 347 895 1140 170 730 900 1042 611 1133 1010 762 994 973 1144 818 780 179 740 793 343 541 1021 792 213 128 921 1795 629 1134 1099 221 963 317 366 577 1172 789 1260 312 259 882 655
753 455 433 826 222 155 389 349 640 393 797 886 808 121 628 399 378 632 164 790 758 1072 0 905 730 150 137 782 1397 1356 754 210 438 1166 865 807 339 503 430 603 847 601 236 363 323 824 1209 873 323 1340 744 261 839 946 1158 927 1093 593 432 397 1218 655 795 1363 780 469 924 580 791 840 231 858
381 681 968 172 719 787 1003 963 1153 928 426 515 170 886 327 1013 992 329 858 419 1293 702 905 0 426 777 899 1317 1027 987 383 729 974 797 279 449 875 444 966 749 311 782 807 977 651 329 840 289 627 970 191 854 341 574 788 469 1629 391 967 932 849 511 424 994 155 1005 338 1093 419 469 715 72
556 441 765 311 533 601 817 777 867 726 600 689 285 700 501 827 806 504 672 593 1090 877 730 426 0 764 713 1114 1202 1161 557 740 771 971 272 192 672 551 763 352 145 386 620 791 595 182 1014 258 733 1145 365 668 224 749 963 312 1426 454 765 730 1023 115 598 1168 330 802 370 807 594 643 710 379
625 391 566 698 256 188 522 482 765 526 669 758 680 253 500 532 511 504 297 662 890 944 150 777 764 0 270 914 1269 1228 626 81 571 1038 737 841 472 375 563 553 769 536 369 496 324 787 1081 747 195 1212 616 394 799 818 1030 928 1226 465 565 530 1090 688 667 1235 652 602 796 705 663 712 181 730
746 437 329 820 208 141 285 245 536 289 791 880 802 77 622 295 274 626 73 784 654 1066 137 899 713 270 0 678 1391 1350 748 310 334 1160 859 790 235 497 326 586 829 583 132 259 309 807 1203 856 358 1333 738 158 821 939 1151 910 989 587 328 293 1212 637 789 1357 774 365 918 476 784 834 217 852
1182 873 551 1255 715 783 799 759 948 516 1226 1315 1237 717 1057 809 788 1062 654 1220 713 1501 799 1334 1132 932 695 0 1826 1785 1184 972 562 1596 1294 1209 507 933 554 1004 1248 1018 603 773 777 1226 1638 1275 1020 1769 1173 650 1240 1375 1587 1329 407 1022 550 520 1647 1056 1224 1792 1209 446 1354 888 1220 1269 879 1287
687 1173 1460 949 1211 1279 1495 1455 1644 1420 631 536 946 1378 820 1505 1484 823 1350 626 1785 400 1397 1027 1202 1269 1391 1809 0 71 672 1220 1465 367 1055 1225 1367 936 1458 1335 1087 1319 1299 1469 1143 1105 531 1065 1118 279 866 1346 1117 538 486 1246 2120 954 1459 1424 287 1288 642 96 902 1497 1114 1585 637 584 1207 980
646 1133 1419 908 1170 1238 1454 1414 1604 1380 591 496 906 1337 780 1464 1443 782 1309 586 1744 359 1356 987 1161 1228 1350 1768 71 0 631 1180 1425 327 1014 1185 1326 895 1417 1295 1046 1278 1258 1429 1102 1065 491 1024 1078 238 825 1305 1076 498 445 1205 2080 913 1418 1384 247 1247 602 55 861 1456 1074 1544 596 543 1166 940
86 531 818 304 568 636 852 813 1002 778 70 159 302 736 176 862 842 179 707 63 1142 347 754 383 557 626 748 1166 672 631 0 578 823 441 410 581 724 294 815 693 442 676 656 827 501 461 484 420 476 614 222 703 472 218 432 601 1478 311 817 782 493 643 68 638 258 854 470 942 63 113 564 336
576 332 606 650 296 228 562 522 803 566 620 710 631 294 452 572 551 456 337 614 930 895 210 729 740 81 310 955 1220 1180 578 0 611 990 688 817 512 327 603 494 720 477 409 536 265 739 1032 698 156 1163 567 434 750 769 981 879 1266 416 605 570 1042 664 619 1187 603 642 748 744 614 663 122 682
821 512 196 895 354 422 438 399 587 87 866 955 877 357 697 448 428 701 293 859 520 1140 438 974 771 571 334 544 1465 1425 823 611 0 1235 934 848 147 572 31 644 887 658 242 413 417 865 1278 914 659 1408 812 289 880 1014 1226 968 856 662 195 102 1287 695 864 1432 848 232 993 528 859 909 518 927
456 943 1230 718 980 1048 1264 1225 1414 1190 401 306 716 1147 590 1274 1254 593 1119 396 1554 170 1166 797 971 1038 1160 1578 367 327 441 990 1235 0 824 995 1136 705 1227 1105 856 1088 1068 1239 913 875 193 834 888 310 636 1115 886 308 239 1015 1890 723 1229 1194 188 1057 412 333 672 1266 884 1354 406 353 976 750
409 641 928 164 679 747 963 923 1110 888 453 542 138 846 354 973 952 357 818 446 1253 730 865 279 272 737 859 1277 1055 1014 410 688 934 824 0 295 835 404 926 595 157 628 767 937 611 175 867 135 586 998 218 814 187 602 816 217 1588 307 927 892 876 357 451 1021 183 965 125 1050 447 496 675 232
579 518 843 334 610 678 894 854 944 803 623 712 309 777 524 904 883 527 749 617 1167 900 807 449 192 841 790 1192 1225 1185 581 817 848 995 295 0 749 574 840 429 309 463 698 868 672 346 1037 195 757 1168 389 745 161 772 986 157 1503 477 842 807 1047 192 621 1191 353 879 314 884 617 666 787 402
722 413 141 796 256 323 339 300 488 101 767 856 778 258 598 349 329 602 194 760 466 1042 339 875 672 472 235 490 1367 1326 724 512 147 1136 835 749 0 473 139 545 788 559 143 314 318 766 1179 815 560 1309 713 190 781 915 1127 869 801 563 140 105 1188 597 765 1333 749 178 894 429 760 810 419 828
292 280 566 365 317 385 601 562 751 527 336 425 347 484 167 611 590 171 456 329 891 611 503 444 551 375 497 915 936 895 294 327 572 705 404 574 473 0 564 442 436 425 405 576 250 455 748 414 225 879 283 452 466 485 697 595 1227 132 566 531 757 612 334 902 319 603 463 691 330 379 313 397
813 504 188 887 347 414 430 391 579 79 858 947 869 349 689 440 420 693 285 851 512 1133 430 966 763 563 326 537 1458 1417 815 603 31 1227 926 840 139 564 0 636 879 650 234 405 409 857 1270 906 651 1400 804 281 872 1006 1218 960 848 654 187 94 1279 688 856 1424 840 224 985 520 851 901 510 919
691 195 638 634 406 473 690 650 740 599 736 825 608 573 567 700 679 571 545 729 963 1010 603 749 352 553 586 987 1335 1295 693 494 644 1105 595 429 545 442 636 0 468 140 493 664 352 446 1148 495 542 1278 682 541 461 884 1096 549 1299 532 638 603 1157 276 734 1302 653 675 693 680 729 779 467 702
441 557 882 196 649 717 933 893 983 842 485 574 170 816 386 943 922 389 788 478 1207 762 847 311 145 769 829 1231 1087 1046 442 720 887 856 157 309 788 436 879 468 0 502 737 907 643 67 899 167 618 1030 250 784 219 634 848 347 1542 339 881 846 908 231 483 1053 215 918 255 924 479 528 707 264
675 178 652 668 403 471 687 647 774 612 719 808 642 570 550 697 676 554 542 712 977 994 601 782 386 536 583 1001 1319 1278 676 477 658 1088 628 463 559 425 650 140 502 0 491 661 335 480 1131 529 526 1262 666 538 494 868 1080 583 1312 515 651 616 1140 310 717 1285 686 689 727 714 713 762 450 735
654 345 237 728 187 239 236 196 444 197 699 788 710 154 530 246 225 534 91 692 561 973 236 807 620 369 132 585 1299 1258 656 409 242 1068 767 698 143 405 234 493 737 491 0 210 250 714 1111 764 457 1241 645 87 729 847 1059 817 897 495 236 201 1120 545 697 1265 681 273 826 384 692 742 316 760
825 516 407 898 358 367 149 48 614 367 869 958 880 281 700 159 138 705 218 863 732 1144 363 977 791 496 259 756 1469 1429 827 536 413 1239 937 868 314 576 405 664 907 661 210 0 420 885 1281 934 584 1412 816 236 900 1018 1230 988 1068 665 406 371 1290 716 867 1435 852 444 997 555 863 912 443 930
499 190 411 572 162 227 446 406 596 371 543 632 554 293 374 456 435 378 301 536 736 818 323 651 595 324 309 760 1143 1102 501 265 417 913 611 672 318 250 409 352 643 335 250 420 0 662 955 621 313 1086 490 297 673 692 904 792 1072 339 410 375 964 519 541 1109 526 448 670 536 537 586 172 604
459 535 859 215 627 695 911 871 961 820 504 593 189 794 405 921 900 407 766 497 1184 780 824 329 182 787 807 1208 1105 1065 461 739 865 875 175 346 766 455 857 446 67 480 714 885 662 0 918 185 637 1048 269 762 237 652 866 366 1520 358 859 824 927 268 502 1072 233 896 273 901 497 547 725 282
499 985 1272 761 1023 1091 1307 1267 1457 1232 443 348 759 1190 633 1317 1296 635 1162 439 1597 179 1209 840 1014 1081 1203 1621 531 491 484 1032 1278 193 867 1037 1179 748 1270 1148 899 1131 1111 1281 955 918 0 877 930 316 678 1158 929 350 88 1058 1932 766 1271 1236 303 1100 455 497 714 1309 926 1397 449 396 1019 793
419 584 909 174 676 744 960 920 1010 869 463 552 148 843 364 970 949 367 815 456 1233 740 873 289 258 747 856 1257 1065 1024 420 698 914 834 135 195 815 414 906 495 167 529 764 934 621 185 877 0 596 1008 228 811 87 612 826 315 1569 317 908 873 886 258 461 1031 193 945 233 950 457 506 685 242
474 380 654 548 344 276 610 570 851 614 518 608 529 342 350 620 599 354 385 512 979 793 323 627 733 195 358 1003 1118 1078 476 156 659 888 586 757 560 225 651 542 618 526 457 584 313 637 930 596 0 1061 465 483 648 667 879 777 1314 315 653 618 940 713 517 1085 501 691 646 792 512 561 170 580
629 1116 1403 891 1153 1221 1437 1398 1587 1363 574 479 889 1321 763 1448 1427 766 1293 569 1727 343 1340 970 1145 1212 1333 1752 279 238 614 1163 1408 310 998 1168 1309 879 1400 1278 1030 1262 1241 1412 1086 1048 316 1008 1061 0 809 1289 1060 481 362 1188 2063 896 1402 1367 230 1230 585 245 845 1439 1057 1528 580 526 1149 923
220 520 807 112 558 625 842 802 991 767 264 353 110 725 165 852 831 168 697 258 1132 541 744 191 365 616 738 1156 866 825 222 567 812 636 218 389 713 283 804 682 250 666 645 816 490 269 678 228 465 809 0 693 280 413 627 409 1467 300 806 771 687 451 262 832 66 844 278 932 258 307 554 144
702 392 284 775 235 265 262 222 491 244 746 835 757 180 577 272 251 581 117 739 609 1021 261 854 668 394 158 633 1346 1305 703 434 289 1115 814 745 190 452 281 541 784 538 87 236 297 762 1158 811 483 1289 693 0 776 895 1107 865 944 542 283 248 1167 592 744 1312 729 321 873 431 740 789 342 807
471 550 874 226 641 709 925 886 976 834 515 604 200 809 416 935 915 419 780 508 1199 792 839 341 224 799 821 1223 1117 1076 472 750 880 886 187 161 781 466 872 461 219 494 729 900 673 237 929 87 648 1060 280 776 0 664 878 281 1535 369 873 838 938 223 513 1083 245 911 285 916 509 558 737 294
233 722 1009 495 759 827 1043 1004 1193 969 178 83 493 927 367 1054 1033 370 899 173 1333 213 946 574 749 818 939 1358 538 498 218 769 1014 308 602 772 915 485 1006 884 634 868 847 1018 692 652 350 612 667 481 413 895 664 0 299 792 1669 502 1008 973 360 834 189 504 449 1045 661 1134 184 130 755 527
447 934 1221 709 971 1039 1255 1216 1405 1181 392 297 707 1139 581 1266 1245 584 1111 387 1545 128 1158 788 963 1030 1151 1570 486 445 432 981 1226 239 816 986 1127 697 1218 1096 848 1080 1059 1230 904 866 88 826 879 362 627 1107 878 299 0 1006 1881 714 1220 1185 307 1048 403 452 663 1257 875 1346 398 344 967 741
599 638 962 355 730 797 1014 974 1064 923 644 733 329 897 545 1024 1003 547 869 637 1287 921 927 469 312 928 910 1311 1246 1205 601 879 968 1015 217 157 869 595 960 549 347 583 817 988 792 366 1058 315 777 1188 409 865 281 792 1006 0 1623 498 962 927 1067 311 642 1212 373 999 224 1004 637 687 866 422
1493 1184 862 1567 1026 1094 1110 1071 1259 828 1538 1627 1549 1029 1369 1120 1100 1373 965 1531 1025 1812 1110 1646 1443 1243 1006 407 2138 2097 1495 1283 873 1907 1606 1520 819 1244 865 1316 1559 1330 914 1085 1089 1537 1950 1586 1331 2080 1484 961 1552 1686 1898 1640 0 1334 862 832 1959 1368 1536 2104 1520 758 1665 1200 1531 1581 1190 1599
309 369 656 276 407 475 691 651 841 616 354 443 250 574 185 701 680 189 546 347 981 629 593 391 454 465 587 1005 954 913 311 416 662 723 307 477 563 132 654 532 339 515 495 665 339 358 766 317 315 896 300 542 369 502 714 498 1316 0 655 620 775 540 352 920 294 693 367 781 347 397 403 344
815 506 48 888 348 416 432 392 581 149 859 948 870 350 690 442 421 695 287 853 509 1134 432 967 765 565 328 533 1459 1418 817 605 195 1229 927 842 140 566 187 638 881 651 236 406 410 859 1271 908 653 1402 806 283 873 1008 1220 962 844 655 0 153 1280 689 857 1425 842 221 987 521 853 902 512 920
780 471 154 854 313 381 397 357 546 101 824 913 835 315 655 407 386 660 252 818 479 1099 397 932 730 530 293 503 1424 1384 782 570 102 1194 892 807 105 531 94 603 846 616 201 371 375 824 1236 873 618 1367 771 248 838 973 1185 927 815 620 153 0 1246 654 822 1390 807 191 952 486 818 867 477 885
508 995 1281 770 1032 1100 1316 1276 1466 1242 453 358 768 1199 642 1326 1305 644 1171 448 1606 221 1218 849 1023 1090 1212 1630 287 247 493 1042 1287 188 876 1047 1188 757 1279 1157 908 1140 1120 1290 964 927 303 886 940 230 687 1167 938 360 307 1067 1942 775 1280 1246 0 1109 464 254 723 1318 936 1406 458 405 1028 802
641 365 690 397 457 525 741 701 791 650 686 775 371 624 587 751 730 589 596 679 1015 963 655 511 115 688 637 1039 1288 1247 643 664 695 1057 357 192 597 612 688 276 231 310 545 716 519 268 1100 258 713 1230 451 592 223 834 1048 311 1350 540 689 654 1109 0 684 1254 415 727 455 732 679 729 635 464
83 571 858 345 609 677 893 853 1043 818 67 130 343 776 217 903 882 219 748 60 1183 317 795 424 598 667 789 1207 642 602 68 619 864 412 451 621 765 334 856 734 483 717 697 867 541 502 455 461 517 585 262 744 513 189 403 642 1519 352 857 822 464 684 0 609 298 895 511 983 60 84 605 377
653 1139 1426 915 1177 1245 1461 1421 1611 1386 598 503 913 1344 787 1471 1450 789 1316 593 1751 366 1363 994 1168 1235 1357 1775 96 55 638 1187 1432 333 1021 1191 1333 902 1424 1302 1053 1285 1265 1435 1109 1072 497 1031 1085 245 832 1312 1083 504 452 1212 2086 920 1425 1390 254 1254 609 0 868 1463 1080 1551 603 550 1173 947
256 556 843 76 594 661 878 838 1027 803 300 389 74 761 201 888 867 204 733 294 1168 577 780 155 330 652 774 1192 902 861 258 603 848 672 183 353 749 319 840 653 215 686 681 852 526 233 714 193 501 845 66 729 245 449 663 373 1503 294 842 807 723 415 298 868 0 879 242 968 294 343 589 108
1313 1003 682 1386 846 914 930 890 1079 647 1357 1446 1368 848 1188 940 919 1192 785 1350 844 1632 930 1465 1262 1062 826 381 1957 1916 1314 1102 692 1726 1425 1339 638 1063 684 1135 1379 1149 733 904 908 1356 1769 1405 1151 1899 1304 781 1371 1505 1717 1459 692 1153 681 651 1778 1187 1355 1923 1340 0 1484 1019 1350 1400 1010 1418
468 701 987 223 738 806 1022 983 1172 948 512 602 198 905 414 1032 1011 416 877 506 1312 789 924 338 370 796 918 1336 1114 1074 470 748 993 884 125 314 894 463 985 693 255 727 826 997 670 273 926 233 646 1057 278 873 285 661 875 224 1648 367 987 952 936 455 511 1080 242 1024 0 1112 506 555 734 291
941 631 522 1014 474 542 580 541 164 482 985 1074 996 498 816 590 569 820 435 978 847 1260 580 1093 807 705 476 871 1585 1544 942 744 528 1354 1050 884 429 691 520 680 924 714 384 555 536 901 1397 950 792 1528 932 431 916 1134 1346 1004 1182 781 521 486 1406 732 983 1551 968 559 1112 0 979 1028 651 1046
78 567 854 340 605 672 888 849 1038 814 62 124 338 772 212 899 878 215 744 56 1179 312 791 419 594 663 784 1203 637 596 63 614 859 406 447 617 760 330 851 729 479 713 692 863 537 497 449 457 512 580 258 740 509 184 398 637 1514 347 853 818 458 679 60 603 294 890 506 979 0 78 600 372
128 616 903 390 654 722 938 898 1088 863 72 71 388 821 262 948 927 264 793 68 1228 259 840 469 643 712 834 1252 584 543 113 663 909 353 496 666 810 379 901 779 528 762 742 912 586 547 396 506 561 526 307 789 558 130 344 687 1563 397 902 867 405 729 84 550 343 940 555 1028 78 0 650 422
562 305 513 636 203 135 469 429 711 473 607 696 618 201 438 479 458 442 244 600 838 882 231 715 710 181 217 862 1207 1166 564 122 518 976 675 787 419 313 510 467 707 450 316 443 172 725 1019 685 170 1149 554 342 737 755 967 866 1173 403 512 477 1028 635 605 1173 589 550 734 651 600 650 0 668
334 634 921 125 672 740 956 916 1106 881 379 468 123 839 280 966 945 282 811 372 1246 655 858 72 379 730 852 1270 980 940 336 682 927 750 232 402 828 397 919 702 264 735 760 930 604 282 793 242 580 923 144 807 294 527 741 422 1582 344 920 885 802 464 377 947 108 958 291 1046 372 422 668 0
EOF