NAME : tsp_problem
TYPE : TSP
DIMENSION : 50
EDGE_WEIGHT_TYPE : EXPLICIT
EDGE_WEIGHT_FORMAT : FULL_MATRIX
EDGE_WEIGHT_SECTION
0 1194 239 1016 1081 284 624 630 320 311 289 399 549 521 424 440 767 418 310 1008 388 485 743 482 327 915 388 425 430 879 415 348 216 278 658 331 586 1211 546 522 607 1035 623 332 829 525 321 615 590 406
1194 0 1343 361 536 1387 1200 1206 1055 1045 1392 1503 820 1047 1527 1544 1870 926 1414 357 1432 1589 757 1586 935 632 1492 933 1534 595 923 1423 1320 1381 707 920 1161 145 1275 1041 1182 352 1198 924 532 1628 937 1190 1694 1509
239 1343 0 1165 1230 237 768 775 469 459 242 353 698 670 377 394 720 567 264 1157 295 439 892 436 476 1064 342 574 384 1027 564 301 170 130 807 480 735 1360 453 671 704 1184 771 481 978 478 470 535 544 359
1016 361 1165 0 216 1210 1010 1016 877 867 1215 1325 501 858 1350 1366 1693 737 1236 38 1242 1411 802 1408 746 312 1314 744 1356 275 734 1246 1142 1204 387 730 972 236 1086 852 993 60 1009 735 212 1451 748 1001 1516 1332
1081 536 1230 216 0 1274 1075 1081 941 932 1279 1390 565 923 1414 1430 1757 801 1301 208 1307 1476 867 1473 811 348 1378 808 1421 340 798 1310 1206 1268 452 795 1037 411 1150 916 1058 235 1073 800 277 1515 812 1066 1581 1396
284 1387 237 1210 1274 0 817 823 513 504 231 197 742 714 222 238 565 612 194 1201 489 283 936 239 520 1108 186 618 251 1072 608 290 214 276 851 524 779 1405 647 715 800 1228 816 525 1023 282 514 728 411 219
624 1200 768 1010 1075 817 0 90 327 358 823 933 541 187 958 974 1301 330 844 1002 499 1019 748 1016 420 909 922 332 964 873 340 854 750 712 654 404 78 1205 342 188 90 1029 83 409 823 1059 421 258 1124 940
630 1206 775 1016 1081 823 90 0 333 364 829 939 547 193 964 980 1306 336 850 1008 507 1025 754 1022 426 915 928 338 970 879 346 860 756 720 660 410 84 1211 350 194 98 1035 89 415 829 1065 427 265 1130 946
320 1055 469 877 941 513 327 333 0 54 518 629 409 224 654 670 996 279 540 869 559 715 603 712 187 776 618 286 660 739 276 549 446 507 519 191 289 1072 403 225 310 896 326 193 690 755 181 318 820 635
311 1045 459 867 932 504 358 364 54 0 509 620 400 255 644 660 987 269 530 859 590 705 594 702 178 766 608 276 651 729 266 540 436 498 509 182 320 1062 433 256 341 886 357 183 680 745 172 349 811 626
289 1392 242 1215 1279 231 823 829 518 509 0 388 747 720 413 429 755 617 69 1206 494 474 941 392 525 1114 377 623 433 1077 614 84 101 281 856 529 784 1410 652 720 805 1233 821 530 1028 435 519 733 594 164
399 1503 353 1325 1390 197 933 939 629 620 388 0 858 830 77 146 472 727 351 1317 588 191 1052 396 636 1224 90 734 343 1188 724 447 330 391 967 640 895 1520 746 831 916 1344 932 641 1138 439 630 828 503 376
549 820 698 501 565 742 541 547 409 400 747 858 0 389 882 898 1225 268 769 493 773 944 467 941 277 400 847 274 889 363 265 778 675 736 215 261 503 696 616 382 524 520 539 266 314 983 279 532 1049 864
521 1047 670 858 923 714 187 193 224 255 720 830 389 0 855 871 1197 178 741 850 419 916 596 913 267 757 819 180 861 720 187 751 647 633 502 252 149 1053 263 36 170 877 186 256 671 956 269 178 1021 837
424 1527 377 1350 1414 222 958 964 654 644 413 77 882 855 0 170 497 752 375 1342 613 215 1076 420 660 1249 89 759 368 1212 749 471 354 416 992 664 920 1545 771 856 941 1369 956 666 1163 463 654 852 528 401
440 1544 394 1366 1430 238 974 980 670 660 429 146 898 871 170 0 508 768 391 1358 629 226 1092 437 676 1265 134 775 384 1228 765 487 370 432 1008 680 936 1561 787 872 957 1385 972 682 1179 479 670 868 544 417
614 1718 568 1540 1605 412 1148 1154 844 834 603 320 1073 1045 344 355 0 942 565 1532 803 259 1267 611 851 1439 309 949 558 1402 939 662 545 606 1182 855 1110 1735 961 1046 1131 1559 1147 856 1353 653 845 1043 718 591
418 926 567 737 801 612 330 336 279 269 617 727 268 178 752 768 1095 0 638 729 562 813 475 810 146 636 716 111 758 599 102 648 544 606 381 130 292 932 405 171 313 756 329 135 550 853 148 321 918 734
310 1414 264 1236 1301 194 844 850 540 530 69 351 769 741 375 391 718 638 0 1228 515 436 963 355 547 1135 339 645 404 1098 635 128 122 302 878 551 806 1431 673 742 827 1255 843 552 1049 397 541 755 564 127
1008 357 1157 38 208 1201 1002 1008 869 859 1206 1317 493 850 1342 1358 1684 729 1228 0 1234 1403 794 1400 738 304 1306 735 1348 267 726 1238 1134 1195 379 722 964 232 1078 843 985 56 1001 727 204 1443 740 993 1508 1324
388 1432 295 1242 1307 489 499 507 559 590 494 588 773 419 613 629 955 562 515 1234 0 674 980 687 652 1141 577 564 536 1105 572 553 421 240 886 636 484 1437 183 420 435 1261 502 641 1055 730 653 354 696 611
912 2016 866 1838 1902 710 1446 1452 1142 1132 901 618 1371 1343 642 653 818 1240 863 1830 1101 0 1564 909 1148 1737 606 1247 856 1700 1237 960 842 904 1480 1153 1408 2033 1259 1344 1429 1857 1444 1154 1651 951 1142 1340 1016 889
743 757 892 802 867 936 748 754 603 594 941 1052 467 596 1076 1092 1419 475 963 794 980 1138 0 1135 484 701 1040 482 1083 665 472 972 868 930 444 468 710 859 824 590 731 821 747 473 615 1177 486 739 1243 1058
482 1586 436 1408 1473 239 1016 1022 712 702 392 396 941 913 420 437 763 810 355 1400 687 482 1135 0 719 1307 385 817 450 1270 807 451 413 474 1050 723 978 1603 845 914 999 1427 1015 724 1221 148 713 927 610 380
327 935 476 746 811 520 420 426 187 178 525 636 277 267 660 676 1003 146 547 738 652 722 484 719 0 645 624 153 667 608 143 556 452 514 390 74 381 941 495 261 402 765 418 75 559 761 63 410 827 642
915 632 1064 312 348 1108 909 915 776 766 1114 1224 400 757 1249 1265 1592 636 1135 304 1141 1310 701 1307 645 0 1213 643 1255 61 633 1145 1041 1103 286 629 871 507 985 751 892 331 908 634 125 1350 647 900 1415 1231
388 1492 342 1314 1378 186 922 928 618 608 377 90 847 819 89 134 461 716 339 1306 577 179 1040 385 624 1213 0 723 332 1176 713 435 318 380 956 628 884 1509 735 820 905 1333 920 630 1127 427 618 816 492 365
425 933 574 744 808 618 332 338 286 276 623 734 274 180 759 775 1101 111 645 735 564 820 482 817 153 643 723 0 765 606 108 655 551 612 387 137 294 939 407 173 315 763 330 142 557 860 155 323 925 740
430 1534 384 1356 1421 251 964 970 660 651 433 343 889 861 368 384 711 758 404 1348 536 429 1083 450 667 1255 332 765 0 1219 755 492 361 371 998 671 926 1551 694 862 944 1375 963 672 1169 492 661 776 299 430
879 595 1027 275 340 1072 873 879 739 729 1077 1188 363 720 1212 1228 1555 599 1098 267 1105 1273 665 1270 608 61 1176 606 1219 0 596 1108 1004 1066 250 593 834 470 948 714 855 294 871 597 88 1313 610 863 1379 1194
415 923 564 734 798 608 340 346 276 266 614 724 265 187 749 765 1092 102 635 726 572 810 472 807 143 633 713 108 755 596 0 645 541 603 378 127 302 929 415 181 323 753 338 132 547 850 145 331 915 731
348 1423 301 1246 1310 290 854 860 549 540 84 447 778 751 471 487 814 648 128 1238 553 533 972 451 556 1145 435 655 492 1108 645 0 160 340 888 560 815 1441 711 751 836 1265 852 562 1059 494 550 792 652 112
216 1320 170 1142 1206 214 750 756 446 436 101 330 675 647 354 370 697 544 122 1134 421 416 868 413 452 1041 318 551 361 1004 541 160 0 208 784 457 712 1337 579 648 733 1161 748 458 955 455 446 661 521 218
278 1381 130 1204 1268 276 712 720 507 498 281 391 736 633 416 432 759 606 302 1195 240 477 930 474 514 1103 380 612 371 1066 603 340 208 0 845 518 698 1399 398 634 648 1222 716 519 1017 517 508 480 531 398
658 707 807 387 452 851 654 660 519 509 856 967 215 502 992 1008 1334 381 878 379 886 1053 444 1050 390 286 956 387 998 250 378 888 784 845 0 374 616 582 729 495 637 406 653 379 200 1093 392 645 1158 974
331 920 480 730 795 524 404 410 191 182 529 640 261 252 664 680 1007 130 551 722 636 726 468 723 74 629 628 137 671 593 127 560 457 518 374 0 366 925 479 245 387 749 402 79 543 765 68 395 831 646
586 1161 735 972 1037 779 78 84 289 320 784 895 503 149 920 936 1262 292 806 964 484 981 710 978 381 871 884 294 926 834 302 815 712 698 616 366 0 1167 328 150 125 991 76 371 785 1021 383 243 1086 901
1211 145 1360 236 411 1405 1205 1211 1072 1062 1410 1520 696 1053 1545 1561 1888 932 1431 232 1437 1606 859 1603 941 507 1509 939 1551 470 929 1441 1337 1399 582 925 1167 0 1281 1047 1188 228 1204 930 407 1646 943 1196 1711 1527
546 1275 453 1086 1150 647 342 350 403 433 652 746 616 263 771 787 1113 405 673 1078 183 832 824 845 495 985 735 407 694 948 415 711 579 398 729 479 328 1281 0 264 278 1105 345 484 899 888 497 286 854 769
522 1041 671 852 916 715 188 194 225 256 720 831 382 36 856 872 1198 171 742 843 420 917 590 914 261 751 820 173 862 714 181 751 648 634 495 245 150 1047 264 0 171 871 187 250 665 956 263 179 1022 837
607 1182 704 993 1058 800 90 98 310 341 805 916 524 170 941 957 1283 313 827 985 435 1002 731 999 402 892 905 315 944 855 323 836 733 648 637 387 125 1188 278 171 0 1012 94 392 806 1041 404 194 1104 922
1035 352 1184 60 235 1228 1029 1035 896 886 1233 1344 520 877 1369 1385 1711 756 1255 56 1261 1430 821 1427 765 331 1333 763 1375 294 753 1265 1161 1222 406 749 991 228 1105 871 1012 0 1028 754 231 1470 767 1020 1535 1351
623 1198 771 1009 1073 816 83 89 326 357 821 932 539 186 956 972 1299 329 843 1001 502 1018 747 1015 418 908 920 330 963 871 338 852 748 716 653 402 76 1204 345 187 94 1028 0 407 822 1057 420 261 1123 938
332 924 481 735 800 525 409 415 193 183 530 641 266 256 666 682 1008 135 552 727 641 727 473 724 75 634 630 142 672 597 132 562 458 519 379 79 371 930 484 250 392 754 407 0 548 767 69 399 832 648
829 532 978 212 277 1023 823 829 690 680 1028 1138 314 671 1163 1179 1506 550 1049 204 1055 1224 615 1221 559 125 1127 557 1169 88 547 1059 955 1017 200 543 785 407 899 665 806 231 822 548 0 1264 561 814 1329 1145
525 1628 478 1451 1515 282 1059 1065 755 745 435 439 983 956 463 479 806 853 397 1443 730 524 1177 148 761 1350 427 860 492 1313 850 494 455 517 1093 765 1021 1646 888 956 1041 1470 1057 767 1264 0 755 970 652 423
321 937 470 748 812 514 421 427 181 172 519 630 279 269 654 670 997 148 541 740 653 716 486 713 63 647 618 155 661 610 145 550 446 508 392 68 383 943 497 263 404 767 420 69 561 755 0 412 821 636
615 1190 535 1001 1066 728 258 265 318 349 733 828 532 178 852 868 1195 321 755 993 354 914 739 927 410 900 816 323 776 863 331 792 661 480 645 395 243 1196 286 179 194 1020 261 399 814 970 412 0 936 851
590 1694 544 1516 1581 411 1124 1130 820 811 594 503 1049 1021 528 544 871 918 564 1508 696 589 1243 610 827 1415 492 925 299 1379 915 652 521 531 1158 831 1086 1711 854 1022 1104 1535 1123 832 1329 652 821 936 0 590
406 1509 359 1332 1396 219 940 946 635 626 164 376 864 837 401 417 743 734 127 1324 611 462 1058 380 642 1231 365 740 430 1194 731 112 218 398 974 646 901 1527 769 837 922 1351 938 648 1145 423 636 851 590 0
EOF