NAME : tsp_problem
TYPE : TSP
DIMENSION : 64
EDGE_WEIGHT_TYPE : EXPLICIT
EDGE_WEIGHT_FORMAT : FULL_MATRIX
EDGE_WEIGHT_SECTION
0 110 898 696 1007 628 660 768 1040 936 1009 1008 909 331 951 412 774 385 730 687 367 591 450 693 262 484 347 871 1011 837 302 1027 1150 830 508 364 543 825 988 604 705 847 283 996 652 386 1900 884 758 734 740 282 349 845 842 804 382 424 877 476 199 752 903 270
110 0 979 778 1088 708 740 850 1122 1018 1091 1090 990 247 1032 491 853 302 810 767 447 671 366 774 256 565 427 952 1092 919 219 1108 1232 911 589 444 623 904 1069 683 785 928 313 1077 732 303 1981 966 839 815 819 314 430 927 924 885 462 503 958 555 116 834 985 264
898 979 0 385 695 766 532 150 666 397 698 696 83 1200 639 544 409 1255 665 755 661 841 1319 237 755 541 641 559 699 320 1171 652 775 514 1062 658 792 584 676 671 455 535 715 684 756 1255 1588 59 446 422 428 714 601 533 512 354 563 532 40 698 1068 440 592 756
696 778 385 0 354 653 641 255 388 284 357 355 396 999 298 343 518 1053 755 712 460 684 1117 180 553 340 440 218 358 185 970 374 497 177 861 456 636 693 335 628 564 194 514 343 677 1054 1247 371 105 81 538 513 399 192 189 151 361 331 364 568 867 99 250 555
1007 1088 695 354 0 963 880 566 442 338 411 40 706 1309 353 653 756 1364 1013 1022 770 994 1428 490 864 650 750 174 412 439 1280 428 551 231 1171 767 946 931 390 939 803 249 824 398 987 1364 1094 682 360 336 776 823 710 247 243 406 672 641 674 879 1177 354 160 865
628 708 766 653 963 0 287 719 997 796 966 965 777 928 907 432 401 983 184 115 307 329 1047 650 481 347 311 828 967 719 900 983 1107 786 802 316 281 279 944 158 332 804 442 953 73 984 1856 753 714 690 367 440 500 802 799 753 402 431 746 187 797 709 860 483
660 740 532 641 880 287 0 484 830 562 899 881 543 960 840 464 166 1015 319 276 339 361 1079 571 513 379 343 744 900 485 932 816 940 678 834 348 313 244 877 192 256 736 474 885 277 1016 1773 519 647 623 229 472 532 735 677 518 434 463 511 219 829 641 776 515
768 850 150 255 566 719 484 0 599 349 568 567 161 1071 510 415 361 1125 617 707 532 756 1189 107 625 412 512 430 569 273 1042 585 709 389 933 528 708 536 547 624 408 406 586 555 708 1126 1459 137 317 293 381 585 471 404 401 306 433 403 130 640 939 311 462 627
1040 1122 666 388 442 997 830 599 0 288 468 443 677 1343 409 687 707 1398 963 1053 804 1028 1462 524 898 684 784 306 469 422 1314 96 157 240 1205 800 980 882 446 970 754 305 858 454 1021 1398 1335 652 394 369 727 857 743 303 239 440 705 675 645 912 1211 388 338 899
936 1018 397 284 338 796 562 349 288 0 364 339 408 1239 305 583 439 1294 695 785 700 870 1358 420 794 580 680 202 365 154 1210 274 398 136 1101 696 822 613 342 701 485 201 754 350 786 1294 1231 384 290 265 458 753 639 199 135 188 601 571 376 728 1107 284 234 795
1009 1091 698 357 411 966 899 568 468 364 0 413 709 1312 298 656 776 1367 1032 1025 773 997 1431 493 867 653 753 276 79 442 1283 454 577 257 1174 769 949 950 98 941 822 201 827 107 990 1367 1304 684 363 338 795 826 712 200 270 409 674 644 677 881 1180 357 308 868
1008 1090 696 355 40 965 881 567 443 339 413 0 707 1310 354 654 758 1365 1014 1024 772 996 1429 492 865 651 751 176 414 441 1282 429 553 232 1173 768 948 933 391 940 805 250 826 399 989 1366 1095 683 361 337 778 824 711 249 245 407 673 642 676 880 1179 356 161 867
909 990 83 396 706 777 543 161 677 408 709 707 0 1211 650 555 420 1266 676 766 672 852 1330 248 766 552 652 570 710 331 1182 663 786 525 1073 669 803 595 687 682 466 546 726 695 767 1266 1599 70 457 433 439 725 612 544 523 365 574 543 63 709 1079 451 603 767
331 247 1200 999 1309 928 960 1071 1343 1239 1312 1310 1211 0 1253 712 1074 379 1030 987 668 892 443 995 476 786 647 1173 1313 1140 76 1329 1452 1132 810 664 844 1125 1290 904 1005 1149 534 1298 952 266 2202 1187 1060 1036 1040 535 651 1147 1145 1106 682 724 1179 776 155 1054 1206 484
951 1032 639 298 353 907 840 510 409 305 298 354 650 1253 0 597 717 1308 973 966 714 938 1372 434 808 594 694 217 300 384 1224 395 519 198 1115 711 890 892 277 883 764 142 769 285 931 1308 1246 626 304 280 737 767 654 141 211 350 616 585 618 823 1121 298 249 809
412 491 544 343 653 432 464 415 687 583 656 654 555 712 597 0 578 767 534 491 171 395 831 339 265 130 151 517 657 484 683 673 796 476 586 168 347 629 634 407 509 493 226 642 456 767 1546 531 404 380 544 224 189 491 488 450 73 112 523 280 580 398 550 266
774 853 409 518 756 401 166 361 707 439 776 758 420 1074 717 578 0 1129 299 389 452 475 1193 447 627 492 457 621 777 362 1045 693 817 555 948 462 427 218 754 306 133 613 588 762 391 1129 1649 395 524 500 106 586 646 611 554 395 548 577 388 333 942 518 653 628
385 302 1255 1053 1364 983 1015 1125 1398 1294 1367 1365 1266 379 1308 767 1129 0 1085 1042 723 947 104 1050 531 841 702 1228 1368 1195 432 1384 1507 1187 865 719 898 1180 1345 959 1060 1204 589 1353 1007 133 2257 1242 1115 1091 1095 590 706 1202 1199 1161 737 779 1234 831 335 1109 1260 539
730 810 665 755 1013 184 319 617 963 695 1032 1014 676 1030 973 534 299 1085 0 156 409 431 1149 704 583 449 413 877 1033 618 1002 949 1073 811 904 418 383 147 1010 172 364 869 544 1018 157 1086 1906 652 780 756 362 542 602 868 810 651 504 533 644 289 899 775 909 585
687 767 755 712 1022 115 276 707 1053 785 1025 1024 766 987 966 491 389 1042 156 0 365 388 1106 708 540 406 370 886 1026 708 959 1039 1163 845 861 375 340 250 1003 129 320 862 501 1012 88 1043 1915 742 773 749 355 499 559 861 858 741 461 490 734 246 856 768 919 542
367 447 661 460 770 307 339 532 804 700 773 772 672 668 714 171 452 723 409 365 0 270 787 456 221 247 74 634 774 601 639 790 913 593 541 91 222 503 751 282 383 610 181 759 330 723 1663 648 521 497 418 180 273 609 606 567 142 183 640 154 536 516 667 222
591 671 841 684 994 329 361 756 1028 870 997 996 852 892 938 395 475 947 431 388 270 0 1011 680 445 421 274 858 998 794 863 1014 1137 817 765 279 70 526 975 305 406 834 405 983 353 947 1887 827 745 721 441 404 497 833 830 791 366 407 820 177 760 740 891 446
450 366 1319 1117 1428 1047 1079 1189 1462 1358 1431 1429 1330 443 1372 831 1193 104 1149 1106 787 1011 0 1114 595 905 766 1292 1432 1259 496 1448 1571 1251 929 783 962 1244 1409 1023 1124 1268 653 1417 1071 197 2321 1306 1179 1155 1159 654 770 1266 1263 1225 801 843 1298 895 399 1173 1325 603
693 774 237 180 490 650 571 107 524 420 493 492 248 995 434 339 447 1050 704 708 456 680 1114 0 550 336 436 354 494 321 966 510 633 313 857 453 632 622 471 625 494 330 511 479 673 1050 1383 224 241 217 467 509 396 329 326 287 358 327 216 565 863 236 387 551
262 256 755 553 864 481 513 625 898 794 867 865 766 476 808 265 627 531 583 540 221 445 595 550 0 341 200 728 868 695 448 884 1007 687 496 217 396 678 845 457 558 704 87 853 505 532 1757 742 615 591 593 88 228 702 699 661 235 277 734 329 345 609 761 67
484 565 541 340 650 347 379 412 684 580 653 651 552 786 594 130 492 841 449 406 247 421 905 336 341 0 227 514 654 481 757 670 793 473 648 244 373 543 631 322 424 490 301 639 371 841 1543 528 401 377 458 300 186 489 486 447 148 118 520 279 654 395 547 342
347 427 641 440 750 311 343 512 784 680 753 751 652 647 694 151 457 702 413 370 74 274 766 436 200 227 0 614 754 581 619 770 893 573 521 71 226 507 731 286 388 590 161 739 335 703 1643 628 501 477 422 159 253 588 585 547 121 163 620 158 516 495 647 202
871 952 559 218 174 828 744 430 306 202 276 176 570 1173 217 517 621 1228 877 886 634 858 1292 354 728 514 614 0 277 304 1144 292 415 95 1035 631 810 795 254 803 667 113 689 262 851 1228 1067 546 224 200 640 687 574 111 108 270 536 505 538 743 1041 218 90 729
1011 1092 699 358 412 967 900 569 469 365 79 414 710 1313 300 657 777 1368 1033 1026 774 998 1432 494 868 654 754 277 0 443 1284 455 578 258 1175 771 950 952 72 943 823 202 828 109 991 1368 1305 685 364 340 796 827 713 201 271 410 675 645 678 882 1181 358 309 869
837 919 320 185 439 719 485 273 422 154 442 441 331 1140 384 484 362 1195 618 708 601 794 1259 321 695 481 581 304 443 0 1111 409 532 263 1002 597 745 537 420 624 408 280 655 429 709 1195 1332 307 191 166 381 654 540 278 269 111 502 472 299 651 1008 185 336 696
302 219 1171 970 1280 900 932 1042 1314 1210 1283 1282 1182 76 1224 683 1045 432 1002 959 639 863 496 966 448 757 619 1144 1284 1111 0 1300 1423 1103 781 635 815 1096 1261 875 977 1120 505 1269 924 319 2173 1158 1031 1007 1011 506 622 1119 1116 1077 654 695 1150 747 126 1026 1177 456
1027 1108 652 374 428 983 816 585 96 274 454 429 663 1329 395 673 693 1384 949 1039 790 1014 1448 510 884 670 770 292 455 409 1300 0 182 226 1191 787 966 868 432 956 740 291 844 440 1007 1384 1321 638 380 356 713 843 729 290 225 426 691 661 631 898 1197 374 324 885
1150 1232 775 497 551 1107 940 709 157 398 577 553 786 1452 519 796 817 1507 1073 1163 913 1137 1571 633 1007 793 893 415 578 532 1423 182 0 350 1314 910 1089 991 555 1079 863 415 968 564 1131 1507 1444 762 503 479 836 966 853 413 348 549 815 784 754 1022 1320 497 448 1008
830 911 514 177 231 786 678 389 240 136 257 232 525 1132 198 476 555 1187 811 845 593 817 1251 313 687 473 573 95 258 263 1103 226 350 0 994 590 769 730 235 762 602 94 648 244 810 1187 1124 500 183 159 575 646 533 93 67 229 495 464 493 702 1000 177 128 688
508 589 1062 861 1171 802 834 933 1205 1101 1174 1173 1073 810 1115 586 948 865 904 861 541 765 929 857 496 648 521 1035 1175 1002 781 1191 1314 994 0 538 717 999 1152 777 879 1011 457 1160 826 865 2064 1049 922 898 914 456 516 1010 1007 968 556 598 1041 650 678 916 1068 498
364 444 658 456 767 316 348 528 800 696 769 768 669 664 711 168 462 719 418 375 91 279 783 453 217 244 71 631 771 597 635 787 910 590 538 0 231 512 748 291 393 607 178 756 340 720 1660 644 518 494 427 176 270 605 602 564 138 180 637 163 533 512 663 218
543 623 792 636 946 281 313 708 980 822 949 948 803 844 890 347 427 898 383 340 222 70 962 632 396 373 226 810 950 745 815 966 1089 769 717 231 0 478 927 256 358 786 357 935 305 899 1839 779 697 673 393 356 449 785 782 743 318 359 772 129 712 691 843 398
825 904 584 693 931 279 244 536 882 613 950 933 595 1125 892 629 218 1180 147 250 503 526 1244 622 678 543 507 795 952 537 1096 868 991 730 999 512 478 0 929 267 308 788 639 937 252 1180 1824 570 699 675 281 637 696 786 729 570 599 628 563 384 993 693 828 679
988 1069 676 335 390 944 877 547 446 342 98 391 687 1290 277 634 754 1345 1010 1003 751 975 1409 471 845 631 731 254 72 420 1261 432 555 235 1152 748 927 929 0 920 800 179 805 86 968 1345 1283 663 341 317 774 804 691 178 248 387 653 622 655 860 1158 335 286 846
604 683 671 628 939 158 192 624 970 701 941 940 682 904 883 407 306 959 172 129 282 305 1023 625 457 322 286 803 943 624 875 956 1079 762 777 291 256 267 920 0 237 779 417 928 130 959 1832 658 690 666 271 416 475 777 774 658 378 406 650 163 772 684 835 458
705 785 455 564 803 332 256 408 754 485 822 805 466 1005 764 509 133 1060 364 320 383 406 1124 494 558 424 388 667 823 408 977 740 863 602 879 393 358 308 800 237 0 660 519 809 322 1061 1696 442 571 546 59 517 577 658 600 442 479 508 435 264 874 565 700 560
847 928 535 194 249 804 736 406 305 201 201 250 546 1149 142 493 613 1204 869 862 610 834 1268 330 704 490 590 113 202 280 1120 291 415 94 1011 607 786 788 179 779 660 0 665 187 827 1204 1142 522 200 176 633 663 550 43 107 246 512 481 514 719 1017 194 146 705
283 313 715 514 824 442 474 586 858 754 827 826 726 534 769 226 588 589 544 501 181 405 653 511 87 301 161 689 828 655 505 844 968 648 457 178 357 639 805 417 519 665 0 814 466 589 1717 702 576 551 554 95 189 663 660 622 196 238 695 290 402 570 721 88
996 1077 684 343 398 953 885 555 454 350 107 399 695 1298 285 642 762 1353 1018 1012 759 983 1417 479 853 639 739 262 109 429 1269 440 564 244 1160 756 935 937 86 928 809 187 814 0 977 1353 1291 671 349 325 782 812 699 186 256 395 661 630 663 868 1166 343 295 854
652 732 756 677 987 73 277 708 1021 786 990 989 767 952 931 456 391 1007 157 88 330 353 1071 673 505 371 335 851 991 709 924 1007 1131 810 826 340 305 252 968 130 322 827 466 977 0 1008 1880 743 738 714 356 464 524 826 823 743 426 455 735 211 821 733 884 507
386 303 1255 1054 1364 984 1016 1126 1398 1294 1367 1366 1266 266 1308 767 1129 133 1086 1043 723 947 197 1050 532 841 703 1228 1368 1195 319 1384 1507 1187 865 720 899 1180 1345 959 1061 1204 589 1353 1008 0 2257 1242 1115 1091 1095 590 706 1203 1200 1161 738 779 1234 831 336 1110 1261 540
1917 1998 1605 1264 1111 1874 1790 1476 1352 1248 1322 1112 1616 2219 1263 1563 1667 2274 1923 1932 1680 1904 2338 1400 1774 1560 1660 1084 1323 1350 2190 1338 1461 1141 2081 1677 1856 1841 1300 1849 1713 1159 1735 1308 1897 2274 0 1592 1270 1246 1686 1733 1620 1157 1154 1316 1582 1551 1584 1789 2087 1264 1070 1775
884 966 59 371 682 753 519 137 652 384 684 683 70 1187 626 531 395 1242 652 742 648 827 1306 224 742 528 628 546 685 307 1158 638 762 500 1049 644 779 570 663 658 442 522 702 671 743 1242 1575 0 433 409 415 701 587 520 499 340 549 519 38 685 1055 427 578 743
758 839 446 105 360 714 647 317 394 290 363 361 457 1060 304 404 524 1115 780 773 521 745 1179 241 615 401 501 224 364 191 1031 380 503 183 922 518 697 699 341 690 571 200 576 349 738 1115 1253 433 0 57 544 574 461 198 195 157 423 392 425 630 928 76 257 616
734 815 422 81 336 690 623 293 369 265 338 337 433 1036 280 380 500 1091 756 749 497 721 1155 217 591 377 477 200 340 166 1007 356 479 159 898 494 673 675 317 666 546 176 551 325 714 1091 1229 409 57 0 520 550 437 174 171 133 399 368 401 606 904 52 232 592
740 819 428 538 776 367 229 381 727 458 795 778 439 1040 737 544 106 1095 362 355 418 441 1159 467 593 458 422 640 796 381 1011 713 836 575 914 427 393 281 774 271 59 633 554 782 356 1095 1669 415 544 520 0 552 611 631 574 415 514 543 408 299 908 538 673 594
282 314 714 513 823 440 472 585 857 753 826 824 725 535 767 224 586 590 542 499 180 404 654 509 88 300 159 687 827 654 506 843 966 646 456 176 356 637 804 416 517 663 95 812 464 590 1716 701 574 550 552 0 187 661 658 620 194 236 693 288 403 568 720 89
349 430 601 399 710 500 532 471 743 639 712 711 612 651 654 189 646 706 602 559 273 497 770 396 228 186 253 574 713 540 622 729 853 533 516 270 449 696 691 475 577 550 189 699 524 706 1603 587 461 437 611 187 0 548 545 507 208 177 580 382 519 455 606 229
845 927 533 192 247 802 735 404 303 199 200 249 544 1147 141 491 611 1202 868 861 609 833 1266 329 702 489 588 111 201 278 1119 290 413 93 1010 605 785 786 178 777 658 43 663 186 826 1203 1140 520 198 174 631 661 548 0 105 244 510 479 513 717 1016 193 144 704
842 924 512 189 243 799 677 401 239 135 270 245 523 1145 211 488 554 1199 810 858 606 830 1263 326 699 486 585 108 271 269 1116 225 348 67 1007 602 782 729 248 774 600 107 660 256 823 1200 1136 499 195 171 574 658 545 105 0 241 507 476 492 714 1013 190 140 701
804 885 354 151 406 753 518 306 440 188 409 407 365 1106 350 450 395 1161 651 741 567 791 1225 287 661 447 547 270 410 111 1077 426 549 229 968 564 743 570 387 658 442 246 622 395 743 1161 1299 340 157 133 415 620 507 244 241 0 469 438 333 676 974 151 303 662
382 462 563 361 672 402 434 433 705 601 674 673 574 682 616 73 548 737 504 461 142 366 801 358 235 148 121 536 675 502 654 691 815 495 556 138 318 599 653 378 479 512 196 661 426 738 1565 549 423 399 514 194 208 510 507 469 0 85 542 250 551 417 568 237
424 503 532 331 641 431 463 403 675 571 644 642 543 724 585 112 577 779 533 490 183 407 843 327 277 118 163 505 645 472 695 661 784 464 598 180 359 628 622 406 508 481 238 630 455 779 1534 519 392 368 543 236 177 479 476 438 85 0 511 292 592 386 538 278
877 958 40 364 674 746 511 130 645 376 677 676 63 1179 618 523 388 1234 644 734 640 820 1298 216 734 520 620 538 678 299 1150 631 754 493 1041 637 772 563 655 650 435 514 695 663 735 1234 1567 38 425 401 408 693 580 513 492 333 542 511 0 678 1047 420 571 735
476 555 698 568 879 187 219 640 912 728 881 880 709 776 823 280 333 831 289 246 154 177 895 565 329 279 158 743 882 651 747 898 1022 702 650 163 129 384 860 163 264 719 290 868 211 831 1771 685 630 606 299 288 382 717 714 676 250 292 678 0 644 624 775 330
199 116 1068 867 1177 797 829 939 1211 1107 1180 1179 1079 155 1121 580 942 335 899 856 536 760 399 863 345 654 516 1041 1181 1008 126 1197 1320 1000 678 533 712 993 1158 772 874 1017 402 1166 821 336 2070 1055 928 904 908 403 519 1016 1013 974 551 592 1047 644 0 923 1074 353
752 834 440 99 354 709 641 311 388 284 357 356 451 1054 298 398 518 1109 775 768 516 740 1173 236 609 395 495 218 358 185 1026 374 497 177 916 512 691 693 335 684 565 194 570 343 733 1110 1247 427 76 52 538 568 455 193 190 151 417 386 420 624 923 0 251 611
903 985 592 250 160 860 776 462 338 234 308 161 603 1206 249 550 653 1260 909 919 667 891 1325 387 761 547 647 90 309 336 1177 324 448 128 1068 663 843 828 286 835 700 146 721 295 884 1261 1053 578 257 232 673 720 606 144 140 303 568 538 571 775 1074 251 0 762
270 264 756 555 865 483 515 627 899 795 868 867 767 484 809 266 628 539 585 542 222 446 603 551 67 342 202 729 869 696 456 885 1008 688 498 218 398 679 846 458 560 705 88 854 507 540 1758 743 616 592 594 89 229 704 701 662 237 278 735 330 353 611 762 0
EOF