NAME : tsp_problem
TYPE : TSP
DIMENSION : 37
EDGE_WEIGHT_TYPE : EXPLICIT
EDGE_WEIGHT_FORMAT : FULL_MATRIX
EDGE_WEIGHT_SECTION
0 417 442 422 716 708 355 369 402 650 570 650 164 830 925 643 836 454 601 570 614 640 600 757 660 655 565 355 516 334 636 665 838 766 557 557 977
417 0 683 505 439 432 283 480 635 732 262 338 490 531 615 366 526 607 775 666 337 295 683 480 742 750 221 284 204 138 810 321 539 521 639 245 667
442 683 0 278 743 796 621 254 71 329 837 916 365 1096 1192 909 1102 123 270 240 880 906 332 921 339 324 832 622 783 600 305 932 1104 685 236 823 1243
422 505 278 0 535 588 442 75 230 327 658 737 345 918 1013 730 924 202 370 261 702 727 248 713 337 346 653 443 604 422 405 753 926 477 235 644 1065
716 439 743 535 0 366 582 540 695 692 629 704 747 898 982 372 893 666 834 709 343 412 452 216 703 794 337 387 571 504 869 437 906 121 539 611 1033
708 432 796 588 366 0 574 593 748 746 622 697 781 891 975 364 885 720 888 762 335 404 505 408 756 847 330 379 563 497 923 430 899 308 592 604 1026
355 283 621 442 582 574 0 418 573 670 329 431 427 589 684 509 594 544 712 603 480 506 620 623 680 688 431 221 297 200 747 531 596 664 577 338 735
369 480 254 75 540 593 418 0 205 303 633 713 292 893 988 706 899 177 345 236 677 703 253 718 313 321 628 419 579 397 380 728 901 482 210 620 1040
402 635 71 230 695 748 573 205 0 280 789 868 324 1048 1144 861 1054 75 221 191 832 858 283 873 290 276 783 574 734 552 256 883 1056 637 187 775 1195
650 732 329 327 692 746 670 303 280 0 886 965 573 1145 1241 958 1151 252 420 288 929 955 274 870 129 372 881 671 832 649 455 981 1153 635 178 872 1292
570 262 837 658 629 622 329 633 789 886 0 248 643 415 392 556 302 760 928 819 527 485 836 670 896 904 411 437 223 295 963 511 423 711 793 264 443
650 338 916 737 704 697 431 713 868 965 248 0 723 626 319 631 229 839 1008 899 602 561 916 746 975 983 486 517 188 371 1043 586 634 787 872 229 370
164 490 365 345 747 781 427 292 324 573 643 723 0 903 998 716 909 377 523 493 687 713 523 830 583 578 638 428 589 407 558 738 911 689 480 630 1050
830 531 1096 918 898 891 589 893 1048 1145 415 626 903 0 770 825 680 1020 1188 1079 796 754 1096 940 1155 1164 680 697 492 564 1223 780 459 981 1053 533 821
925 615 1192 1013 982 975 684 988 1144 1241 392 319 998 770 0 909 113 1115 1283 1174 880 838 1191 1023 1251 1259 764 792 466 648 1318 864 778 1064 1148 506 122
643 366 909 730 372 364 509 706 861 958 556 631 716 825 909 0 819 832 1001 892 63 339 785 240 968 976 264 313 498 431 1036 364 833 454 865 538 960
836 526 1102 924 893 885 594 899 1054 1151 302 229 909 680 113 819 0 1026 1194 1085 790 749 1102 934 1161 1170 674 703 376 559 1229 774 688 975 1059 417 164
454 607 123 202 666 720 544 177 75 252 760 839 377 1020 1115 832 1026 0 215 163 804 829 255 844 262 248 755 545 706 524 250 855 1028 608 159 746 1167
601 775 270 370 834 888 712 345 221 420 928 1008 523 1188 1283 1001 1194 215 0 331 972 997 423 1012 430 416 923 713 874 692 101 1023 1196 777 327 915 1335
570 666 240 261 709 762 603 236 191 288 819 899 493 1079 1174 892 1085 163 331 0 863 889 291 887 298 142 814 604 765 583 366 914 1087 651 195 806 1226
614 337 880 702 343 335 480 677 832 929 527 602 687 796 880 63 790 804 972 863 0 310 756 211 939 947 235 284 469 402 1007 335 804 425 836 509 931
640 295 906 727 412 404 506 703 858 955 485 561 713 754 838 339 749 829 997 889 310 0 825 453 965 973 110 354 427 361 1032 62 762 494 862 468 890
600 683 332 248 452 505 620 253 283 274 836 916 523 1096 1191 785 1102 255 423 291 756 825 0 630 284 376 751 621 782 600 458 851 1104 394 121 823 1243
757 480 921 713 216 408 623 718 873 870 670 746 830 940 1023 240 934 844 1012 887 211 453 630 0 881 972 379 428 612 546 1047 479 948 299 717 653 1075
660 742 339 337 703 756 680 313 290 129 896 975 583 1155 1251 968 1161 262 430 298 939 965 284 881 0 382 891 681 842 659 465 991 1163 645 188 882 1302
655 750 324 346 794 847 688 321 276 372 904 983 578 1164 1259 976 1170 248 416 142 947 973 376 972 382 0 899 689 850 668 451 999 1172 736 280 890 1310
565 221 832 653 337 330 431 628 783 881 411 486 638 680 764 264 674 755 923 814 235 110 751 379 891 899 0 279 352 286 958 136 688 420 788 393 815
355 284 622 443 387 379 221 419 574 671 437 517 428 697 792 313 703 545 713 604 284 354 621 428 681 689 279 0 383 201 748 379 705 469 578 424 844
516 204 783 604 571 563 297 579 734 832 223 188 589 492 466 498 376 706 874 765 469 427 782 612 842 850 352 383 0 237 909 452 500 653 739 95 517
334 138 600 422 504 497 200 397 552 649 295 371 407 564 648 431 559 524 692 583 402 361 600 546 659 668 286 201 237 0 727 386 572 587 556 278 700
636 810 305 405 869 923 747 380 256 455 963 1043 558 1223 1318 1036 1229 250 101 366 1007 1032 458 1047 465 451 958 748 909 727 0 1058 1231 811 362 949 1370
665 321 932 753 437 430 531 728 883 981 511 586 738 780 864 364 774 855 1023 914 335 62 851 479 991 999 136 379 452 386 1058 0 788 520 888 493 915
838 539 1104 926 906 899 596 901 1056 1153 423 634 911 459 778 833 688 1028 1196 1087 804 762 1104 948 1163 1172 688 705 500 572 1231 788 0 988 1060 541 829
766 521 685 477 121 308 664 482 637 635 711 787 689 981 1064 454 975 608 777 651 425 494 394 299 645 736 420 469 653 587 811 520 988 0 481 694 1116
557 639 236 235 539 592 577 210 187 178 793 872 480 1053 1148 865 1059 159 327 195 836 862 121 717 188 280 788 578 739 556 362 888 1060 481 0 779 1199
557 245 823 644 611 604 338 620 775 872 264 229 630 533 506 538 417 746 915 806 509 468 823 653 882 890 393 424 95 278 949 493 541 694 779 0 558
977 667 1243 1065 1033 1026 735 1040 1195 1292 443 370 1050 821 122 960 164 1167 1335 1226 931 890 1243 1075 1302 1310 815 844 517 700 1370 915 829 1116 1199 558 0
EOF
