NAME : tsp_problem
TYPE : TSP
DIMENSION : 62
EDGE_WEIGHT_TYPE : EXPLICIT
EDGE_WEIGHT_FORMAT : FULL_MATRIX
EDGE_WEIGHT_SECTION
0 639 442 329 418 410 545 515 965 633 402 608 628 505 415 681 697 690 631 631 896 562 329 922 563 613 429 698 748 391 606 623 503 1051 1200 763 714 563 1264 648 428 130 536 1029 610 377 619 561 829 535 204 633 244 677 711 1097 632 278 596 209 538 211
639 0 518 496 390 485 954 230 737 800 285 775 400 672 838 79 1023 902 403 110 1063 262 751 1089 421 1035 390 470 915 814 378 101 926 1219 1368 975 926 985 1431 127 850 542 143 1196 777 800 69 984 997 307 462 405 666 449 923 1264 404 426 346 463 156 633
442 518 0 139 249 72 693 415 922 538 373 514 586 411 766 560 761 640 588 510 801 289 687 827 597 799 239 656 654 750 563 501 689 957 1106 713 665 864 1169 527 754 345 414 934 516 736 498 854 735 493 265 590 602 634 661 1002 589 424 262 266 417 569
329 496 139 0 275 107 580 372 822 425 259 401 486 298 653 538 648 527 488 488 688 324 574 714 484 686 274 555 541 636 463 480 576 844 993 600 551 750 1056 505 640 232 393 821 403 622 476 741 622 393 152 490 489 534 548 889 489 311 359 153 396 456
418 390 249 275 0 217 733 266 716 579 153 554 379 451 616 432 802 681 382 382 842 172 530 868 377 814 122 449 694 593 357 374 704 998 1146 754 705 764 1210 399 629 321 287 975 556 579 370 762 775 286 240 384 445 428 702 1043 383 205 207 242 289 412
410 485 72 107 217 0 660 382 890 505 340 481 553 378 734 527 728 608 556 477 769 257 654 794 564 766 206 623 621 717 530 469 656 924 1073 681 632 831 1137 494 721 313 382 902 483 703 465 821 702 460 232 557 570 602 628 969 557 392 288 234 385 537
545 954 693 580 733 660 0 830 1277 566 717 295 941 404 154 996 233 226 943 947 671 877 320 697 855 271 744 1010 522 266 918 938 128 827 976 299 250 335 1039 963 142 591 851 816 310 283 934 326 603 847 610 945 411 989 247 872 944 570 912 611 854 367
515 230 415 372 266 382 830 0 612 675 160 651 276 548 713 271 898 778 278 222 939 159 626 964 296 911 276 346 791 689 253 213 801 1094 1243 851 802 861 1307 239 726 417 126 1072 653 675 209 859 872 183 337 280 542 324 798 1139 280 302 244 339 129 509
868 640 826 725 619 793 1180 516 0 1029 514 1005 422 902 1050 682 1252 1131 419 632 1292 569 964 1318 627 1248 630 491 1145 1026 394 624 1138 1448 1597 1204 1155 1198 1660 649 1063 771 537 1425 1007 1013 620 1196 1226 385 691 426 879 323 1152 1493 420 655 654 692 539 846
633 800 538 425 579 505 566 675 1126 0 563 320 789 297 640 841 635 447 792 792 338 723 722 363 787 673 590 859 321 668 766 783 562 493 642 520 471 737 706 809 627 535 696 413 322 685 780 728 388 696 455 793 793 838 467 538 793 615 757 456 699 759
402 285 373 259 153 340 717 160 610 563 0 538 274 435 601 326 786 665 277 277 826 214 514 852 272 798 164 344 679 577 251 268 689 982 1131 738 689 748 1194 294 613 305 181 959 540 563 265 747 760 181 225 278 429 322 686 1027 278 189 299 226 184 396
608 775 514 401 554 481 295 651 1101 320 538 0 765 157 369 817 363 175 767 768 425 698 450 450 763 401 565 834 275 397 742 759 291 580 729 248 199 466 793 784 356 511 672 569 105 413 755 456 356 672 431 769 542 813 196 626 768 590 733 432 675 581
628 400 586 486 379 553 941 276 518 789 274 765 0 662 811 442 1012 892 184 393 1052 330 724 1078 387 1008 390 139 905 787 159 384 899 1208 1357 965 916 958 1421 409 823 531 297 1186 767 773 380 957 986 145 451 24 639 230 912 1253 185 416 414 452 300 606
505 672 411 298 451 378 404 548 998 297 435 157 662 0 477 714 472 284 664 665 447 595 559 473 660 510 462 731 297 506 639 656 400 602 751 357 308 575 815 681 465 408 569 591 159 522 652 565 378 569 328 666 651 710 305 648 665 487 630 329 572 632
415 838 766 653 616 734 154 713 1147 640 601 369 811 477 0 879 306 300 813 830 745 760 393 771 725 271 627 880 595 190 788 821 112 901 1049 373 324 221 1113 847 86 461 734 890 384 310 817 219 676 718 536 815 312 859 320 946 814 440 795 540 737 237
681 79 560 538 432 527 996 271 779 841 326 817 442 714 879 0 1064 944 445 152 1105 303 793 1130 463 1077 432 512 957 855 419 143 967 1260 1409 1017 968 1027 1473 169 892 584 185 1238 819 841 101 1025 1038 349 503 446 708 490 964 1306 446 468 388 505 198 675
697 1023 761 648 802 728 233 898 1349 635 786 363 1012 472 306 1064 0 294 1015 1015 740 945 388 765 1007 149 812 1082 590 335 989 1006 229 895 1044 367 318 214 1108 1032 294 743 919 884 379 351 1003 204 671 919 678 1016 480 1060 315 940 1016 722 980 679 922 519
690 902 640 527 681 608 226 778 1228 447 665 175 892 284 300 944 294 0 894 894 552 825 381 577 890 332 692 961 402 328 869 886 222 707 856 105 56 397 920 911 287 638 799 696 191 345 882 387 483 799 557 896 473 940 52 752 895 715 860 559 802 512
631 403 588 488 382 556 943 278 516 792 277 767 184 664 813 445 1015 894 0 395 1055 332 726 1081 389 1011 393 254 907 789 113 386 901 1211 1359 967 918 961 1423 412 826 534 299 1188 769 775 383 959 988 147 453 188 642 228 915 1256 47 418 417 455 302 609
631 110 510 488 382 477 947 222 729 792 277 768 393 665 830 152 1015 894 395 0 1055 254 743 1081 413 1028 382 462 908 806 370 46 918 1211 1360 967 918 977 1423 69 842 534 136 1188 770 792 90 976 989 300 454 397 659 441 915 1256 396 418 339 455 149 625
896 1063 801 688 842 769 671 939 1389 338 826 425 1052 447 745 1105 740 552 1055 1055 0 986 827 53 1050 778 853 1122 194 773 1030 1047 667 183 331 625 576 842 395 1072 732 799 960 587 427 790 1043 833 101 959 718 1057 918 1101 572 228 1056 878 1020 720 962 957
562 262 289 324 172 257 877 159 666 723 214 698 330 595 760 303 945 825 332 254 986 0 674 1012 350 958 162 399 838 736 307 245 848 1141 1290 898 849 908 1354 271 773 465 158 1119 700 723 241 906 919 237 384 334 589 378 846 1187 333 349 118 386 161 556
329 751 687 574 530 654 320 626 1060 722 514 450 724 559 393 793 388 381 726 743 827 674 0 852 639 426 541 793 677 281 701 734 316 982 1131 454 405 491 1195 760 381 374 647 971 466 162 731 481 758 631 449 728 110 772 402 1027 727 353 708 454 650 192
922 1089 827 714 868 794 697 964 1415 363 852 450 1078 473 771 1130 765 577 1081 1081 53 1012 852 0 1076 803 879 1148 220 799 1055 1072 693 160 309 650 601 868 372 1098 758 824 985 612 452 816 1069 858 127 985 744 1082 944 1127 598 205 1082 904 1046 745 988 983
563 421 597 484 377 564 855 296 723 787 272 763 387 660 725 463 1007 890 389 413 1050 350 639 1076 0 923 388 456 903 701 364 404 813 1206 1355 963 914 873 1419 430 738 529 317 1183 765 688 401 871 984 294 449 391 554 435 910 1251 390 392 435 450 320 521
613 1035 799 686 814 766 271 911 1345 673 798 401 1008 510 271 1077 149 332 1011 1028 778 958 426 803 923 0 825 1078 628 373 986 1019 267 933 1082 405 356 117 1146 1044 284 659 932 922 417 389 1015 107 709 915 716 1013 510 1057 353 978 1012 638 993 717 935 435
429 390 239 274 122 206 744 276 727 590 164 565 390 462 627 432 812 692 393 382 853 162 541 879 388 825 0 460 705 603 367 374 715 1008 1157 765 716 775 1221 399 640 332 287 986 567 589 370 773 786 297 251 394 456 439 712 1054 394 216 196 253 289 423
698 470 656 555 449 623 1010 346 588 859 344 834 139 731 880 512 1082 961 254 462 1122 399 793 1148 456 1078 460 0 974 856 229 454 968 1278 1427 1034 985 1028 1490 479 893 601 367 1255 836 842 450 1026 1056 214 520 143 709 300 982 1323 255 485 484 522 369 676
748 915 654 541 694 621 522 791 1241 321 679 275 905 297 595 957 590 402 907 908 194 838 677 220 903 628 705 974 0 624 882 899 518 350 498 475 426 693 562 925 583 651 812 571 277 640 895 683 125 812 571 909 769 953 423 395 908 730 873 572 815 808
391 814 750 636 593 717 266 689 1123 668 577 397 787 506 190 855 335 328 789 806 773 736 281 799 701 373 603 856 624 0 764 797 262 929 1078 401 352 338 1141 823 202 437 710 918 412 244 794 336 705 694 512 791 288 835 349 974 790 416 771 516 713 213
606 378 563 463 357 530 918 253 490 766 251 742 159 639 788 419 989 869 113 370 1030 307 701 1055 364 986 367 229 882 764 0 361 876 1185 1334 942 893 935 1398 387 800 508 274 1163 744 750 357 934 963 122 428 163 617 202 889 1230 115 393 392 430 277 583
623 101 501 480 374 469 938 213 720 783 268 759 384 656 821 143 1006 886 386 46 1047 245 734 1072 404 1019 374 454 899 797 361 0 909 1202 1351 959 910 969 1415 63 834 525 127 1180 761 783 81 967 980 291 445 388 650 432 906 1247 388 410 330 447 140 617
503 926 689 576 704 656 128 801 1235 562 689 291 899 400 112 967 229 222 901 918 667 848 316 693 813 267 715 968 518 262 876 909 0 823 972 295 246 309 1035 935 100 549 822 812 306 279 905 307 599 806 606 903 400 947 243 868 902 528 883 607 825 325
1051 1219 957 844 998 924 827 1094 1544 493 982 580 1208 602 901 1260 895 707 1211 1211 183 1141 982 160 1206 933 1008 1278 350 929 1185 1202 823 0 173 780 731 998 237 1228 888 954 1115 742 582 945 1198 988 256 1115 874 1212 1074 1256 728 223 1212 1034 1176 875 1118 1113
1200 1368 1106 993 1146 1073 976 1243 1693 642 1131 729 1357 751 1049 1409 1044 856 1359 1360 331 1290 1131 309 1355 1082 1157 1427 498 1078 1334 1351 972 173 0 929 880 1147 79 1377 1037 1103 1264 891 731 1094 1347 1137 405 1264 1023 1361 1223 1405 877 149 1361 1183 1325 1024 1267 1262
763 975 713 600 754 681 299 851 1301 520 738 248 965 357 373 1017 367 105 967 967 625 898 454 650 963 405 765 1034 475 401 942 959 295 780 929 0 74 470 993 984 360 711 872 769 264 418 955 460 556 872 630 969 546 1013 71 825 968 788 933 632 875 585
714 926 665 551 705 632 250 802 1252 471 689 199 916 308 324 968 318 56 918 918 576 849 405 601 914 356 716 985 426 352 893 910 246 731 880 74 0 421 944 935 311 662 823 720 215 369 906 412 507 823 582 920 497 964 52 776 919 739 884 583 826 536
563 985 864 750 764 831 335 861 1295 737 748 466 958 575 221 1027 214 397 961 977 842 908 491 868 873 117 775 1028 693 338 935 969 309 998 1147 470 421 0 1210 994 234 609 882 987 481 454 965 94 774 865 683 962 459 1007 418 1043 962 588 943 688 885 385
1264 1431 1169 1056 1210 1137 1039 1307 1757 706 1194 793 1421 815 1113 1473 1108 920 1423 1423 395 1354 1195 372 1419 1146 1221 1490 562 1141 1398 1415 1035 237 79 993 944 1210 0 1440 1100 1167 1328 955 795 1158 1411 1201 469 1328 1086 1425 1286 1469 940 213 1424 1246 1389 1088 1331 1325
648 127 527 505 399 494 963 239 746 809 294 784 409 681 847 169 1032 911 412 69 1072 271 760 1098 430 1044 399 479 925 823 387 63 935 1228 1377 984 935 994 1440 0 859 551 152 1205 786 809 107 993 1006 316 471 414 675 458 932 1273 413 435 355 472 165 642
428 850 754 640 629 721 142 726 1160 627 613 356 823 465 86 892 294 287 826 842 732 773 381 758 738 284 640 893 583 202 800 834 100 888 1037 360 311 234 1100 859 0 474 747 877 371 323 830 232 664 730 548 827 324 872 307 933 827 452 808 553 750 249
130 542 345 232 321 313 591 417 868 535 305 511 531 408 461 584 743 638 534 534 799 465 374 824 529 659 332 601 651 437 508 525 549 954 1103 711 662 609 1167 551 474 0 438 932 513 423 522 607 732 438 107 535 290 580 658 999 535 323 499 112 441 257
536 143 414 393 287 382 851 126 633 696 181 672 297 569 734 185 919 799 299 136 960 158 647 985 317 932 287 367 812 710 274 127 822 1115 1264 872 823 882 1328 152 747 438 0 1093 674 696 123 880 893 204 358 301 563 345 819 1160 301 323 243 360 75 530
1029 1196 934 821 975 902 816 1072 1522 413 959 569 1186 591 890 1238 884 696 1188 1188 587 1119 971 612 1183 922 986 1255 571 918 1163 1180 812 742 891 769 720 987 955 1205 877 932 1093 0 571 934 1176 977 637 1093 851 1190 1063 1234 717 787 1189 1011 1154 853 1095 1102
610 777 516 403 556 483 310 653 1103 322 540 105 767 159 384 819 379 191 769 770 427 700 466 452 765 417 567 836 277 412 744 761 306 582 731 264 215 481 795 786 371 513 674 571 0 429 757 472 358 674 433 771 557 815 211 627 770 592 735 434 677 596
377 800 736 622 579 703 283 675 1109 685 563 413 773 522 310 841 351 345 775 792 790 723 162 816 688 389 589 842 640 244 750 783 279 945 1094 418 369 454 1158 809 323 423 696 934 429 0 780 444 721 680 498 777 254 821 365 991 776 402 757 502 699 199
619 69 498 476 370 465 934 209 717 780 265 755 380 652 817 101 1003 882 383 90 1043 241 731 1069 401 1015 370 450 895 794 357 81 905 1198 1347 955 906 965 1411 107 830 522 123 1176 757 780 0 963 976 287 441 384 646 429 903 1244 384 406 326 443 136 613
561 984 854 741 762 821 326 859 1293 728 747 456 957 565 219 1025 204 387 959 976 833 906 481 858 871 107 773 1026 683 336 934 967 307 988 1137 460 412 94 1201 993 232 607 880 977 472 444 963 0 764 864 682 961 458 1005 408 1033 960 586 941 686 883 383
829 997 735 622 775 702 603 872 1322 388 760 356 986 378 676 1038 671 483 988 989 101 919 758 127 984 709 786 1056 125 705 963 980 599 256 405 556 507 774 469 1006 664 732 893 637 358 721 976 764 0 893 652 990 850 1034 504 302 990 812 954 653 896 889
535 307 493 393 286 460 847 183 481 696 181 672 145 569 718 349 919 799 147 300 959 237 631 985 294 915 297 214 812 694 122 291 806 1115 1264 872 823 865 1328 316 730 438 204 1093 674 680 287 864 893 0 358 149 546 193 819 1160 148 323 321 359 207 513
204 462 265 152 240 232 610 337 787 455 225 431 451 328 536 503 678 557 453 454 718 384 449 744 449 716 251 520 571 512 428 445 606 874 1023 630 582 683 1086 471 548 107 358 851 433 498 441 682 652 358 0 455 364 499 578 919 454 276 419 66 361 331
633 405 590 490 384 557 945 280 522 793 278 769 24 666 815 446 1016 896 188 397 1057 334 728 1082 391 1013 394 143 909 791 163 388 903 1212 1361 969 920 962 1425 414 827 535 301 1190 771 777 384 961 990 149 455 0 644 234 916 1257 190 420 419 457 304 610
244 666 602 489 445 570 411 542 976 793 429 542 639 651 312 708 480 473 642 659 918 589 110 944 554 510 456 709 769 288 617 650 400 1074 1223 546 497 459 1286 675 324 290 563 1063 557 254 646 458 850 546 364 644 0 688 493 1119 643 269 624 369 566 107
1096 868 1053 953 847 1021 1408 743 818 1256 741 1232 649 1129 1278 909 1479 1359 646 860 1520 797 1191 1545 854 1476 858 719 1372 1254 621 851 1366 1675 1824 1432 1383 1426 1888 877 1291 999 764 1653 1234 1240 848 1424 1453 612 918 653 1107 0 1379 1720 648 883 882 920 767 1074
711 923 661 548 702 628 247 798 1249 467 686 196 912 305 320 964 315 52 915 915 572 846 402 598 910 353 712 982 423 349 889 906 243 728 877 71 52 418 940 932 307 658 819 717 211 365 903 408 504 819 578 916 493 961 0 773 916 735 880 579 822 533
1097 1264 1002 889 1043 969 872 1139 1590 538 1027 626 1253 648 946 1306 940 752 1256 1256 228 1187 1027 205 1251 978 1054 1323 395 974 1230 1247 868 223 149 825 776 1043 213 1273 933 999 1160 787 627 991 1244 1033 302 1160 919 1257 1119 1302 773 0 1257 1079 1221 921 1163 1158
632 404 589 489 383 557 944 280 517 793 278 768 185 665 814 446 1016 895 47 396 1056 333 727 1082 390 1012 394 255 908 790 115 388 902 1212 1361 968 919 962 1424 413 827 535 301 1189 770 776 384 960 990 148 454 190 643 229 916 1257 0 419 418 456 303 610
278 426 424 311 205 392 570 302 752 615 189 590 416 487 440 468 722 715 418 418 878 349 353 904 392 638 216 485 730 416 393 410 528 1034 1183 788 739 588 1246 435 452 323 323 1011 592 402 406 586 812 323 276 420 269 464 735 1079 419 0 384 278 325 235
596 346 262 359 207 288 912 244 751 757 299 733 414 630 795 388 980 860 417 339 1020 118 708 1046 435 993 196 484 873 771 392 330 883 1176 1325 933 884 943 1389 355 808 499 243 1154 735 757 326 941 954 321 419 419 624 463 880 1221 418 384 0 420 246 591
209 463 266 153 242 234 611 339 789 456 226 432 452 329 540 505 679 559 455 455 720 386 454 745 450 717 253 522 572 516 430 447 607 875 1024 632 583 688 1088 472 553 112 360 853 434 502 443 686 653 359 66 457 369 501 579 921 456 278 420 0 362 336
538 156 417 396 289 385 854 129 636 699 184 675 300 572 737 198 922 802 302 149 962 161 650 988 320 935 289 369 815 713 277 140 825 1118 1267 875 826 885 1331 165 750 441 75 1095 677 699 136 883 896 207 361 304 566 348 822 1163 303 325 246 362 0 533
211 633 569 456 412 537 367 509 943 759 396 581 606 632 237 675 519 512 609 625 957 556 192 983 521 435 423 676 808 213 583 617 325 1113 1262 585 536 385 1325 642 249 257 530 1102 596 199 613 383 889 513 331 610 107 655 533 1158 610 235 591 336 533 0
EOF