NAME : tsp_problem
TYPE : TSP
DIMENSION : 21
EDGE_WEIGHT_TYPE : EXPLICIT
EDGE_WEIGHT_FORMAT : FULL_MATRIX
EDGE_WEIGHT_SECTION
0 420 818 385 57 649 811 913 438 93 517 700 806 760 460 638 899 495 567 271 279
420 0 1181 631 423 1015 1175 1277 185 459 882 1064 1170 1123 825 1001 1263 858 346 177 644
818 1181 0 656 820 926 628 335 1199 769 816 439 425 367 886 260 156 681 1328 1032 590
385 631 656 0 387 660 649 751 649 336 528 538 644 598 538 476 737 333 778 482 242
57 423 820 387 0 652 814 916 440 96 519 703 809 762 462 640 902 497 569 273 281
649 1015 926 660 652 0 681 1038 1032 600 311 891 942 884 435 733 1008 368 1162 865 537
811 1175 628 649 814 681 0 724 1192 762 570 511 628 570 835 448 709 674 1322 1025 583
913 1277 335 751 916 1038 724 0 1294 864 927 456 442 384 982 355 416 776 1424 1127 685
438 185 1199 649 440 1032 1192 1294 0 476 900 1081 1187 1140 843 1018 1280 876 484 194 662
93 459 769 336 96 600 762 864 476 0 468 651 757 710 411 588 850 446 606 309 230
517 882 816 528 519 311 570 927 900 468 0 758 832 774 303 622 897 236 1029 733 404
700 1064 439 538 703 891 511 456 1081 651 758 0 209 150 769 272 520 563 1211 914 472
806 1170 425 644 809 942 628 442 1187 757 832 209 0 137 875 259 506 669 1316 1020 578
760 1123 367 598 762 884 570 384 1140 710 774 150 137 0 828 201 448 623 1270 974 531
460 825 886 538 462 435 835 982 843 411 303 769 875 828 0 706 968 290 972 676 347
638 1001 260 476 640 733 448 355 1018 588 622 272 259 201 706 0 341 501 1148 852 409
899 1263 156 737 902 1008 709 416 1280 850 897 520 506 448 968 341 0 762 1409 1113 671
495 858 681 333 497 368 674 776 876 446 236 563 669 623 290 501 762 0 1005 709 267
567 346 1328 778 569 1162 1322 1424 484 606 1029 1211 1316 1270 972 1148 1409 1005 0 324 791
271 177 1032 482 273 865 1025 1127 194 309 733 914 1020 974 676 852 1113 709 324 0 495
279 644 590 242 281 537 583 685 662 230 404 472 578 531 347 409 671 267 791 495 0
EOF
