NAME : tsp_problem
TYPE : TSP
DIMENSION : 88
EDGE_WEIGHT_TYPE : EXPLICIT
EDGE_WEIGHT_FORMAT : FULL_MATRIX
EDGE_WEIGHT_SECTION
0 381 798 372 1023 1216 1001 312 880 969 480 980 561 401 845 708 740 636 969 71 601 1017 334 972 869 514 265 370 837 555 244 1085 394 870 606 698 748 514 310 531 976 816 687 664 691 521 1115 691 822 1019 416 323 857 741 565 1028 465 396 230 912 669 469 723 289 973 1213 663 864 51 465 652 470 894 705 440 957 681 589 791 333 854 328 1639 719 36 528 965 380
381 0 926 203 861 1053 855 150 1009 806 609 817 689 182 683 760 868 605 807 328 652 871 462 809 707 575 394 308 480 616 261 840 412 708 658 341 602 643 257 659 813 767 748 499 675 649 870 752 772 857 60 451 694 870 625 1157 210 187 248 766 575 597 498 306 827 1051 495 702 405 254 636 213 748 756 568 712 733 232 920 461 982 457 1476 770 384 653 819 509
798 926 0 917 1284 1477 1261 857 132 1229 349 1241 268 946 1106 969 207 897 1230 745 861 1277 493 1232 1130 775 591 915 1142 816 789 1346 722 1131 867 1064 1009 304 855 521 1236 1076 948 924 952 511 1376 951 1082 1280 961 586 1117 732 825 367 1010 941 775 1172 930 367 983 834 1234 1474 924 1125 822 1010 913 1015 1155 965 383 1218 942 1134 781 596 81 591 1899 979 801 531 1226 441
372 203 917 0 866 1059 860 250 1000 812 599 823 680 50 688 760 859 611 812 319 652 876 453 815 712 566 385 308 486 607 252 845 403 713 658 347 607 633 248 650 819 773 739 505 681 640 875 742 778 862 180 442 700 861 616 1147 356 44 238 771 581 588 504 297 833 1057 500 707 396 260 642 359 754 757 559 717 733 238 911 452 973 448 1482 770 375 644 825 499
1023 861 1284 866 0 491 484 986 1366 244 964 142 1045 845 224 639 1226 435 131 970 544 500 822 247 199 610 816 1073 760 650 947 568 709 196 549 641 320 1002 1013 1005 138 582 704 542 505 861 598 712 587 294 838 746 204 1216 660 1514 1014 851 933 395 405 957 406 991 457 489 541 202 1047 784 465 1017 378 578 927 440 612 669 1266 747 1339 751 914 649 1026 840 449 868
1059 897 1320 902 335 0 520 1022 1403 275 1000 291 1081 881 261 675 1262 471 281 1007 580 536 858 278 236 646 852 1109 796 686 983 604 745 232 586 677 357 1038 1049 1041 287 619 740 578 541 897 634 749 623 184 874 782 241 1252 696 1550 1050 887 969 431 441 993 442 1028 493 378 578 238 1083 820 502 1053 414 614 964 476 648 705 1302 783 1376 787 804 685 1063 876 485 904
1001 855 1261 860 484 677 0 980 1344 429 942 441 1022 839 306 537 1204 412 430 948 521 70 799 432 330 587 793 1051 737 628 924 569 687 331 527 635 298 980 990 982 437 481 603 520 482 839 599 611 486 480 832 723 318 1193 630 1492 1008 844 910 157 382 934 383 969 141 674 519 325 1024 777 443 1010 179 477 905 441 510 663 1243 724 1317 728 1099 548 1004 817 86 846
312 150 857 250 986 1179 980 0 940 932 539 943 620 279 808 700 799 628 932 259 592 996 393 935 832 506 325 248 606 547 192 965 343 833 598 467 727 573 188 590 939 807 679 625 683 580 995 682 813 982 185 382 820 801 556 1087 335 273 178 891 661 528 624 237 953 1176 620 827 336 343 644 338 874 696 499 837 673 358 851 392 913 388 1602 710 315 584 945 439
880 1009 132 1000 1366 1559 1344 940 0 1312 432 1323 351 1029 1188 1051 163 980 1312 828 944 1360 576 1315 1212 858 673 998 1225 898 871 1428 805 1214 949 1147 1091 386 938 603 1319 1159 1031 1007 1035 594 1459 1034 1165 1362 1044 668 1200 814 908 470 1093 1023 858 1255 1013 450 1066 916 1317 1557 1006 1207 904 1092 995 1098 1238 1048 465 1300 1024 1216 864 678 115 674 1982 1062 884 613 1309 524
969 806 1229 812 244 432 429 932 1312 0 910 201 990 790 170 584 1171 380 190 916 489 445 767 51 145 555 761 1019 705 596 892 513 655 141 495 587 266 948 958 950 196 528 649 488 450 807 543 658 533 235 783 691 150 1161 605 1460 959 796 878 340 350 902 351 937 402 429 487 147 992 729 411 962 323 523 873 385 557 615 1211 692 1285 696 854 594 972 785 394 814
480 609 349 599 964 1157 942 539 432 910 0 921 110 629 786 649 292 578 910 428 542 958 176 913 810 455 273 598 823 496 471 1026 402 811 547 744 689 256 537 201 917 757 629 605 633 192 1056 632 763 960 644 268 798 412 506 580 693 623 458 853 611 275 664 516 914 1155 604 805 504 692 593 698 836 646 246 898 622 816 462 278 405 273 1580 660 484 211 907 187
980 817 1241 823 142 448 441 943 1323 201 921 0 1002 802 181 595 1183 391 39 927 501 457 779 204 156 566 773 1030 717 607 903 524 666 153 506 598 277 959 969 962 46 539 661 499 462 818 555 669 544 251 795 703 161 1173 617 1471 970 807 890 352 362 914 363 948 413 446 498 158 1004 740 422 973 334 535 884 396 568 626 1223 704 1296 708 871 606 983 797 405 825
561 689 268 680 1045 1238 1022 620 351 990 110 1002 0 709 867 730 211 658 991 508 622 1038 257 993 891 536 354 678 903 577 552 1107 483 892 628 825 770 175 618 282 997 838 709 685 713 272 1137 713 843 1041 724 349 879 493 586 499 773 704 538 933 691 239 744 597 995 1235 685 886 585 773 674 778 916 727 255 979 703 897 543 359 324 354 1660 740 564 292 987 267
401 182 946 50 845 1038 839 279 1029 790 629 802 709 0 667 744 889 590 791 349 636 855 482 793 691 595 414 337 465 636 281 824 432 692 642 326 586 663 277 679 798 752 768 484 660 670 854 772 757 841 159 472 679 890 646 1177 335 49 268 750 560 617 482 326 812 1035 479 686 425 239 620 338 733 741 588 696 717 216 940 482 1002 477 1461 754 405 673 804 529
845 683 1106 688 224 417 306 808 1188 170 786 181 867 667 0 460 1048 257 170 792 366 322 644 173 82 432 638 895 582 472 769 390 531 79 371 463 142 824 835 827 177 404 526 364 327 683 420 534 409 220 660 568 87 1038 482 1336 836 672 755 217 227 779 228 813 278 415 363 84 869 606 287 839 200 400 749 262 434 491 1088 569 1161 573 840 471 848 662 271 690
708 760 969 760 639 831 537 700 1051 584 649 595 730 744 460 0 911 265 584 655 133 553 507 587 484 246 501 758 510 197 632 714 394 486 129 432 376 687 698 690 591 140 88 292 170 546 744 97 146 635 737 431 472 901 186 1199 853 750 618 448 298 642 351 676 510 829 291 479 732 683 244 858 431 90 612 586 66 568 951 432 1024 436 1254 74 711 525 502 553
740 868 207 859 1226 1419 1204 799 163 1171 292 1183 211 889 1048 911 0 839 1172 687 804 1219 436 1175 1072 717 533 858 1084 758 731 1288 664 1073 809 1006 951 246 797 463 1179 1019 890 867 894 454 1318 894 1024 1222 903 528 1060 674 767 437 953 883 718 1115 872 310 925 776 1176 1416 866 1067 764 952 855 958 1097 908 325 1160 884 1076 724 538 257 533 1842 921 743 473 1168 384
636 605 897 611 435 627 412 628 980 380 578 391 658 590 257 265 839 0 381 584 157 428 435 383 281 223 429 686 373 264 560 497 322 282 163 295 160 615 626 618 387 325 331 155 118 474 527 340 330 431 582 359 268 829 273 1127 758 595 546 323 81 570 134 605 385 625 155 276 660 528 79 761 306 205 541 369 238 414 879 360 953 364 1050 275 640 453 377 481
969 807 1230 812 131 437 430 932 1312 190 910 39 991 791 170 584 1172 381 0 916 490 446 768 193 145 556 762 1019 706 596 893 514 655 142 495 587 266 948 959 951 35 528 650 488 451 807 544 658 533 240 784 692 150 1162 606 1460 960 796 879 341 351 903 352 937 402 435 487 148 993 730 411 963 324 524 873 386 557 615 1212 693 1285 697 860 595 972 786 395 814
71 328 745 319 970 1163 948 259 828 916 428 927 508 349 792 655 687 584 916 0 548 964 281 919 816 462 213 318 784 502 191 1033 342 818 553 645 695 462 257 478 923 763 635 611 639 468 1063 638 769 966 363 270 804 689 512 975 413 343 177 859 617 416 670 236 921 1161 610 811 95 412 599 418 842 652 387 905 628 536 739 280 801 276 1586 666 74 476 913 327
601 652 861 652 544 737 521 592 944 489 542 501 622 636 366 133 804 157 490 548 0 537 399 492 390 187 393 651 402 228 524 606 287 391 98 324 269 580 590 582 497 252 200 184 211 439 636 208 257 540 629 323 378 793 226 1092 746 642 510 432 190 534 243 569 494 734 184 385 624 575 173 750 415 130 505 478 107 461 843 324 917 328 1160 144 604 417 486 446
1017 871 1277 876 500 693 70 996 1360 445 958 457 1038 855 322 553 1219 428 446 964 537 0 815 448 346 603 809 1067 753 644 940 584 703 347 543 651 314 996 1006 998 452 497 619 536 498 855 615 627 502 496 848 739 333 1209 646 1508 1023 860 926 173 398 950 399 985 157 690 535 341 1040 793 459 1026 195 492 921 456 526 679 1259 740 1333 744 1115 564 1020 833 101 862
334 462 493 453 822 1015 799 393 576 767 176 779 257 482 644 507 436 435 768 281 399 815 0 770 668 313 127 451 680 354 325 884 260 669 405 602 547 210 391 226 774 614 486 462 490 217 914 489 620 818 497 122 655 437 363 724 546 477 311 710 468 165 521 370 772 1012 462 663 358 546 451 551 693 504 135 756 480 670 487 132 549 127 1437 517 337 224 764 76
972 809 1232 815 247 435 432 935 1315 51 913 204 993 793 173 587 1175 383 193 919 492 448 770 0 148 558 764 1022 708 599 895 516 658 144 498 590 269 951 961 953 200 531 652 491 453 810 546 661 536 238 786 694 153 1164 608 1463 962 799 881 343 353 905 354 940 405 432 490 150 995 732 414 965 326 526 876 388 560 618 1214 695 1288 699 857 598 975 788 397 817
869 707 1130 712 199 392 330 832 1212 145 810 156 891 691 82 484 1072 281 145 816 390 346 668 148 0 456 662 919 606 496 793 414 555 54 395 487 166 848 859 851 152 428 550 388 351 707 444 558 433 195 684 592 62 1062 506 1360 860 696 779 241 251 803 252 837 302 390 387 59 893 630 311 863 224 424 773 286 458 515 1112 593 1185 597 815 495 872 686 295 714
514 575 775 566 610 802 587 506 858 555 455 566 536 595 432 246 717 223 556 462 187 603 313 558 456 0 307 564 468 93 438 672 200 457 193 390 335 493 504 496 562 354 225 250 278 352 702 229 359 606 610 237 443 707 103 1005 659 590 424 498 256 448 309 483 560 800 249 451 538 641 238 664 481 243 419 544 219 526 757 238 831 242 1225 257 518 331 552 359
265 394 591 385 816 1009 793 325 673 761 273 773 354 414 638 501 533 429 762 213 393 809 127 764 662 307 0 383 674 348 256 878 254 663 399 596 541 307 322 323 768 608 480 456 484 314 908 484 614 812 429 116 650 534 357 821 478 408 243 704 462 262 515 301 766 1006 456 657 289 477 445 483 687 498 232 750 474 601 584 126 646 121 1431 511 269 321 758 173
370 308 915 308 1073 1266 1051 248 998 1019 598 1030 678 337 895 758 858 686 1019 318 651 1067 451 1022 919 564 383 0 731 605 191 1090 401 920 656 592 798 632 87 648 1026 866 737 714 741 639 1120 741 872 1069 310 441 907 859 615 1146 157 332 205 962 719 586 749 146 1023 1263 713 914 394 401 702 162 944 755 557 962 731 483 909 451 971 446 1689 769 374 642 1015 498
837 480 1142 486 760 953 737 606 1225 705 823 717 903 465 582 510 1084 373 706 784 402 753 680 708 606 468 674 731 0 509 717 759 567 607 408 152 485 860 713 863 713 628 576 250 428 719 789 585 634 756 457 604 594 1074 518 1372 633 470 703 648 406 815 417 762 710 950 245 601 861 403 389 636 631 507 786 631 483 289 1124 605 1198 609 1376 520 840 698 702 726
555 616 816 607 650 843 628 547 898 596 496 607 577 636 472 197 758 264 596 502 228 644 354 599 496 93 348 605 509 0 478 712 241 497 233 430 375 534 544 537 603 305 177 291 275 393 742 180 311 646 651 278 484 748 122 1046 700 630 465 539 297 489 350 523 600 841 290 491 579 681 279 705 522 194 459 584 170 567 798 279 871 283 1266 208 558 372 593 400
244 261 789 252 947 1139 924 192 871 892 471 903 552 281 769 632 731 560 893 191 524 940 325 895 793 438 256 191 717 478 0 1009 275 794 530 578 671 505 161 522 899 739 611 587 615 512 1039 614 745 943 296 314 780 732 488 1019 286 276 110 835 593 460 646 99 897 1137 586 788 268 345 575 290 818 628 431 881 605 469 782 324 845 319 1562 642 247 516 889 371
1085 840 1346 845 568 761 569 965 1428 513 1026 524 1107 824 390 714 1288 497 514 1033 606 584 884 516 414 672 878 1090 759 712 1009 0 771 415 612 620 383 1064 1072 1067 520 659 780 604 567 923 117 789 664 564 817 808 401 1278 722 1576 993 830 995 480 467 1019 468 1053 541 758 604 409 1109 763 527 996 462 653 990 162 687 648 1328 809 1402 813 1183 724 1089 902 533 930
394 412 722 403 709 902 687 343 805 655 402 666 483 432 531 394 664 322 655 342 287 703 260 658 555 200 254 401 567 241 275 771 0 556 292 489 434 440 341 443 662 502 373 350 377 299 801 377 507 705 447 184 543 654 250 952 496 426 261 598 355 395 408 319 659 899 349 550 418 496 338 501 580 391 366 643 367 620 704 185 778 189 1325 404 398 278 651 306
870 708 1131 713 196 389 331 833 1214 141 811 153 892 692 79 486 1073 282 142 818 391 347 669 144 54 457 663 920 607 497 794 415 556 0 397 488 168 849 860 852 149 430 551 389 352 708 445 560 434 192 685 593 59 1063 507 1361 861 698 780 242 252 804 253 839 304 386 389 56 894 631 313 864 225 425 775 287 459 516 1113 594 1187 598 812 496 874 687 296 715
606 658 867 658 549 742 527 598 949 495 547 506 628 642 371 129 809 163 495 553 98 543 405 498 395 193 399 656 408 233 530 612 292 397 0 330 274 585 596 588 502 247 195 190 206 444 642 204 253 545 635 329 383 799 222 1097 751 647 516 438 196 540 249 574 500 740 189 390 630 580 178 756 421 126 510 484 102 466 849 330 922 334 1165 139 609 423 492 451
698 341 1064 347 641 834 635 467 1147 587 744 598 825 326 463 432 1006 295 587 645 324 651 602 590 487 390 596 592 152 430 578 620 489 488 330 0 382 782 574 785 594 548 498 171 350 641 650 507 553 637 319 526 475 996 440 1294 494 331 565 546 328 737 279 623 608 831 167 482 722 264 311 497 529 429 708 492 405 150 1046 527 1120 531 1257 442 701 620 600 648
748 602 1009 607 320 513 298 727 1091 266 689 277 770 586 142 376 951 160 266 695 269 314 547 269 166 335 541 798 485 375 671 383 434 168 274 382 0 727 738 730 273 322 442 267 230 586 413 451 326 317 579 471 154 941 385 1239 755 592 658 209 130 682 131 716 271 511 266 161 772 525 190 758 192 316 652 255 349 410 991 472 1064 476 936 387 751 565 263 593
514 643 304 633 1002 1195 980 573 386 948 256 959 175 663 824 687 246 615 948 462 580 996 210 951 848 493 307 632 860 534 505 1064 440 849 585 782 727 0 571 371 955 795 666 643 671 362 1094 670 801 998 678 302 836 582 544 534 727 657 492 891 649 84 702 550 952 1192 642 843 538 726 631 732 874 684 99 936 660 850 632 312 359 307 1618 698 518 369 944 158
310 257 855 248 1013 1206 990 188 938 958 537 969 618 277 835 698 797 626 959 257 590 1006 391 961 859 504 322 87 713 544 161 1072 341 860 596 574 738 571 0 588 965 805 677 653 681 578 1102 680 811 1009 292 380 846 798 554 1085 182 271 176 901 659 526 712 116 963 1203 652 854 334 340 642 187 884 694 497 944 671 464 848 390 911 386 1628 708 313 582 955 437
531 659 521 650 1005 1198 982 590 603 950 201 962 282 679 827 690 463 618 951 478 582 998 226 953 851 496 323 648 863 537 522 1067 443 852 588 785 730 371 588 0 958 798 669 645 673 175 1097 673 803 1001 694 319 839 267 546 751 743 673 508 893 651 326 704 566 955 1195 645 846 554 743 634 748 876 687 296 939 663 867 317 328 576 324 1621 700 534 195 947 237
976 813 1236 819 138 444 437 939 1319 196 917 46 997 798 177 591 1179 387 35 923 497 452 774 200 152 562 768 1026 713 603 899 520 662 149 502 594 273 955 965 958 0 535 656 495 457 814 550 665 540 247 790 698 157 1168 613 1467 966 803 886 348 357 909 358 944 409 441 494 154 999 736 418 969 330 530 880 392 564 622 1218 699 1292 703 867 602 979 793 401 821
816 767 1076 773 582 775 481 807 1159 528 757 539 838 752 404 140 1019 325 528 763 252 497 614 531 428 354 608 866 628 305 739 659 502 430 247 548 322 795 805 798 535 0 144 410 246 654 689 153 73 578 745 538 416 1008 293 1307 920 757 726 392 295 750 296 784 454 773 409 423 840 690 319 923 375 208 720 531 160 576 1058 539 1132 543 1198 130 819 633 446 661
687 748 948 739 704 897 603 679 1031 649 629 661 709 768 526 88 890 331 650 635 200 619 486 652 550 225 480 737 576 177 611 780 373 551 195 498 442 666 677 669 656 144 0 358 237 525 810 47 150 700 783 410 537 880 165 1178 832 763 597 514 364 621 417 656 575 894 357 545 711 749 310 837 496 156 592 652 108 634 930 411 1004 415 1319 78 691 504 567 532
664 499 924 505 542 735 520 625 1007 488 605 499 685 484 364 292 867 155 488 611 184 536 462 491 388 250 456 714 250 291 587 604 350 389 190 171 267 643 653 645 495 410 358 0 210 502 634 367 416 538 476 386 376 856 300 1155 652 489 573 431 188 597 242 632 492 732 96 383 687 422 171 655 413 289 568 476 265 308 906 387 980 391 1158 303 667 480 484 509
691 675 952 681 505 698 482 683 1035 450 633 462 713 660 327 170 894 118 451 639 211 498 490 453 351 278 484 741 428 275 615 567 377 352 206 350 230 671 681 673 457 246 237 210 0 530 597 245 251 501 653 414 339 884 263 1182 828 665 601 393 151 625 204 660 455 695 210 346 715 598 104 831 376 110 596 439 143 484 934 415 1008 419 1120 181 695 508 447 536
521 649 511 640 861 1054 839 580 594 807 192 818 272 670 683 546 454 474 807 468 439 855 217 810 707 352 314 639 719 393 512 923 299 708 444 641 586 362 578 175 814 654 525 502 530 0 953 529 660 857 684 309 695 386 403 742 734 664 498 750 508 316 561 557 811 1051 501 702 545 733 490 739 733 543 287 795 519 778 436 319 567 314 1477 557 524 51 803 227
1115 870 1376 875 598 791 599 995 1459 543 1056 555 1137 854 420 744 1318 527 544 1063 636 615 914 546 444 702 908 1120 789 742 1039 117 801 445 642 650 413 1094 1102 1097 550 689 810 634 597 953 0 819 694 594 847 838 431 1308 752 1606 1023 860 1025 510 497 1049 498 1083 571 788 634 439 1139 793 558 1026 492 683 1020 192 717 678 1358 839 1432 843 1213 754 1119 932 563 960
691 752 951 742 712 905 611 682 1034 658 632 669 713 772 534 97 894 340 658 638 208 627 489 661 558 229 484 741 585 180 614 789 377 560 204 507 451 670 680 673 665 153 47 367 245 529 819 0 159 709 787 413 546 883 168 1182 836 766 601 522 373 625 426 659 584 903 366 553 715 757 319 841 505 165 595 661 117 643 933 414 1007 418 1328 87 694 508 576 536
822 772 1082 778 587 780 486 813 1165 533 763 544 843 757 409 146 1024 330 533 769 257 502 620 536 433 359 614 872 634 311 745 664 507 434 253 553 326 801 811 803 540 73 150 416 251 660 694 159 0 583 749 544 421 1014 299 1312 925 762 731 397 300 755 301 790 459 778 415 428 845 695 324 928 380 214 726 536 166 581 1064 545 1138 549 1203 136 825 638 451 667
1429 1266 1690 1272 704 729 890 1392 1772 644 1370 661 1451 1251 630 1044 1632 840 650 1376 950 906 1228 648 605 1015 1222 1479 1166 1056 1352 973 1115 602 955 1047 726 1408 1418 1411 657 988 1110 948 911 1267 1003 1118 993 0 1244 1152 610 1622 1066 1920 1419 1256 1339 801 810 1363 812 1397 862 727 947 607 1453 1189 871 1422 783 984 1333 845 1017 1075 1672 1153 1745 1157 665 1055 1432 1246 854 1274
416 60 961 180 838 1031 832 185 1044 783 644 795 724 159 660 737 903 582 784 363 629 848 497 786 684 610 429 310 457 651 296 817 447 685 635 319 579 678 292 694 790 745 783 476 653 684 847 787 749 834 0 486 671 905 660 1192 212 164 283 743 552 632 475 341 804 1028 472 679 440 232 613 215 726 734 603 689 710 209 955 496 1017 492 1453 747 419 688 796 544
323 451 586 442 746 939 723 382 668 691 268 703 349 472 568 431 528 359 692 270 323 739 122 694 592 237 116 441 604 278 314 808 184 593 329 526 471 302 380 319 698 538 410 386 414 309 838 413 544 742 486 0 579 529 287 816 536 466 301 634 392 257 445 359 696 936 386 587 347 535 375 541 617 428 227 680 404 659 579 97 641 94 1361 441 326 315 688 168
857 694 1117 700 204 397 318 820 1200 150 798 161 879 679 87 472 1060 268 150 804 378 333 655 153 62 443 650 907 594 484 780 401 543 59 383 475 154 836 846 839 157 416 537 376 339 695 431 546 421 200 671 579 0 1049 494 1348 847 684 767 229 238 791 240 825 290 395 375 64 881 617 299 850 211 411 761 273 445 503 1099 580 1173 584 820 483 860 674 282 702
741 870 732 861 1216 1409 1193 801 814 1161 412 1173 493 890 1038 901 674 829 1162 689 793 1209 437 1164 1062 707 534 859 1074 748 732 1278 654 1063 799 996 941 582 798 267 1168 1008 880 856 884 386 1308 883 1014 1212 905 529 1049 0 757 962 954 884 719 1104 862 537 915 777 1166 1406 856 1057 765 953 845 959 1087 898 507 1150 874 1077 490 539 787 535 1831 911 745 406 1158 448
565 625 825 616 660 853 630 556 908 605 506 617 586 646 482 186 767 273 606 512 226 646 363 608 506 103 357 615 518 122 488 722 250 507 222 440 385 544 554 546 613 293 165 300 263 403 752 168 299 656 660 287 494 757 0 1056 710 640 474 541 306 498 359 533 603 850 300 501 588 691 289 714 524 182 469 594 159 577 807 288 881 292 1275 196 568 381 595 410
1028 1157 367 1147 1514 1707 1492 1087 470 1460 580 1471 499 1177 1336 1199 437 1127 1460 975 1092 1508 724 1463 1360 1005 821 1146 1372 1046 1019 1576 952 1361 1097 1294 1239 534 1085 751 1467 1307 1178 1155 1182 742 1606 1182 1312 1510 1192 816 1348 962 1056 0 1241 1171 1006 1403 1160 598 1214 1064 1464 1704 1154 1355 1052 1240 1143 1246 1385 1196 613 1448 1172 1364 596 826 423 821 2130 1210 1031 761 1456 672
465 210 1010 356 1014 1206 1008 335 1093 959 693 970 773 335 836 853 953 758 960 413 746 1023 546 962 860 659 478 157 633 700 286 993 496 861 751 494 755 727 182 743 966 920 832 652 828 734 1023 836 925 1010 212 536 847 954 710 1241 0 340 300 919 728 682 651 241 980 1204 648 855 489 407 789 99 901 850 652 865 826 385 1004 546 1066 541 1629 864 469 737 972 593
396 187 941 44 851 1043 844 273 1023 796 623 807 704 49 672 750 883 595 796 343 642 860 477 799 696 590 408 332 470 630 276 830 426 698 647 331 592 657 271 673 803 757 763 489 665 664 860 766 762 847 164 466 684 884 640 1171 340 0 262 755 565 612 488 320 817 1041 484 691 419 244 626 343 738 746 582 702 723 222 934 476 996 471 1466 760 399 667 809 523
230 248 775 238 933 1126 910 178 858 878 458 890 538 268 755 618 718 546 879 177 510 926 311 881 779 424 243 205 703 465 110 995 261 780 516 565 658 492 176 508 886 726 597 573 601 498 1025 601 731 929 283 301 767 719 474 1006 300 262 0 821 579 446 632 114 883 1123 573 774 254 331 562 305 804 615 417 867 591 455 769 310 831 306 1549 628 233 502 875 358
912 766 1172 771 395 588 157 891 1255 340 853 352 933 750 217 448 1115 323 341 859 432 173 710 343 241 498 704 962 648 539 835 480 598 242 438 546 209 891 901 893 348 392 514 431 393 750 510 522 397 391 743 634 229 1104 541 1403 919 755 821 0 293 845 294 880 130 585 430 236 935 688 354 921 126 388 816 352 421 574 1154 635 1228 639 1010 459 915 728 122 757
669 575 930 581 405 598 382 661 1013 350 611 362 691 560 227 298 872 81 351 617 190 398 468 353 251 256 462 719 406 297 593 467 355 252 196 328 130 649 659 651 357 295 364 188 151 508 497 373 300 401 552 392 238 862 306 1160 728 565 579 293 0 603 104 638 355 595 188 246 693 498 112 731 276 238 574 339 271 384 912 393 986 397 1020 308 673 486 347 514
469 597 367 588 957 1150 934 528 450 902 275 914 239 617 779 642 310 570 903 416 534 950 165 905 803 448 262 586 815 489 460 1019 395 804 540 737 682 84 526 326 909 750 621 597 625 316 1049 625 755 953 632 257 791 537 498 598 682 612 446 845 603 0 656 505 907 1147 597 798 493 681 586 686 828 639 54 891 615 805 587 267 423 262 1572 652 472 324 899 112
723 498 983 504 406 599 383 624 1066 351 664 363 744 482 228 351 925 134 352 670 243 399 521 354 252 309 515 749 417 350 646 468 408 253 249 279 131 702 712 704 358 296 417 242 204 561 498 426 301 402 475 445 240 915 359 1214 651 488 632 294 104 656 0 691 356 596 241 247 746 421 165 654 277 291 627 340 324 307 965 446 1039 450 1021 361 726 539 348 568
289 306 834 297 991 1184 969 237 916 937 516 948 597 326 813 676 776 605 937 236 569 985 370 940 837 483 301 146 762 523 99 1053 319 839 574 623 716 550 116 566 944 784 656 632 660 557 1083 659 790 987 341 359 825 777 533 1064 241 320 114 880 638 505 691 0 942 1182 631 832 312 390 620 246 863 673 475 925 649 514 827 369 889 364 1607 687 292 560 934 416
973 827 1234 833 457 649 141 953 1317 402 914 413 995 812 278 510 1176 385 402 921 494 157 772 405 302 560 766 1023 710 600 897 541 659 304 500 608 271 952 963 955 409 454 575 492 455 811 571 584 459 453 804 696 290 1166 603 1464 980 817 883 130 355 907 356 942 0 647 492 297 997 750 416 983 152 449 878 413 483 636 1216 697 1290 701 1072 521 977 790 106 818
1062 900 1323 905 337 384 523 1025 1405 278 1003 294 1084 884 263 678 1265 474 283 1010 583 539 861 281 239 649 855 1112 799 689 986 607 748 235 589 680 360 1041 1052 1044 290 622 743 581 544 900 637 752 626 187 877 785 243 1255 699 1553 1053 890 972 434 444 996 445 1030 496 0 581 241 1086 823 504 1056 417 617 967 479 651 708 1305 786 1379 790 807 688 1066 879 488 907
663 495 924 500 541 734 519 620 1006 487 604 498 685 479 363 291 866 155 487 610 184 535 462 490 387 249 456 713 245 290 586 604 349 389 189 167 266 642 652 645 494 409 357 96 210 501 634 366 415 537 472 386 375 856 300 1154 648 484 573 430 188 597 241 631 492 732 0 382 687 418 170 651 413 288 567 476 264 303 906 387 979 391 1157 302 666 480 484 508
864 702 1125 707 202 394 325 827 1207 147 805 158 886 686 84 479 1067 276 148 811 385 341 663 150 59 451 657 914 601 491 788 409 550 56 390 482 161 843 854 846 154 423 545 383 346 702 439 553 428 198 679 587 64 1057 501 1355 855 691 774 236 246 798 247 832 297 392 382 0 888 625 306 858 219 419 768 281 453 510 1107 588 1180 592 817 490 867 681 290 709
51 405 822 396 1047 1240 1024 336 904 992 504 1004 585 425 869 732 764 660 993 95 624 1040 358 995 893 538 289 394 861 579 268 1109 418 894 630 722 772 538 334 554 999 840 711 687 715 545 1139 715 845 1043 440 347 881 765 588 1052 489 419 254 935 693 493 746 312 997 1237 687 888 0 489 676 494 918 729 463 981 705 612 815 357 877 352 1662 742 54 552 989 404
465 254 1010 260 784 976 777 343 1092 729 692 740 773 239 606 683 952 528 730 412 575 793 546 732 630 641 477 401 403 681 345 763 496 631 580 264 525 726 340 743 736 690 749 422 598 733 793 757 695 780 232 535 617 953 691 1240 407 244 331 688 498 681 421 390 750 974 418 625 489 0 559 410 671 679 652 635 656 155 1003 545 1066 540 1399 693 468 737 742 592
652 636 913 642 465 658 443 644 995 411 593 422 674 620 287 244 855 79 411 599 173 459 451 414 311 238 445 702 389 279 575 527 338 313 178 311 190 631 642 634 418 319 310 171 104 490 558 319 324 461 613 375 299 845 289 1143 789 626 562 354 112 586 165 620 416 656 170 306 676 559 0 792 337 183 556 399 217 445 895 376 968 380 1081 254 655 469 408 497
470 213 1015 359 1017 1209 1010 338 1098 962 698 973 778 338 839 858 958 761 963 418 750 1026 551 965 863 664 483 162 636 705 290 996 501 864 756 497 758 732 187 748 969 923 837 655 831 739 1026 841 928 1013 215 541 850 959 714 1246 99 343 305 921 731 686 654 246 983 1207 651 858 494 410 792 0 904 855 657 868 831 388 1009 551 1071 546 1632 868 474 742 975 598
894 748 1155 754 378 570 179 874 1238 323 836 334 916 733 200 431 1097 306 324 842 415 195 693 326 224 481 687 944 631 522 818 462 580 225 421 529 192 874 884 876 330 375 496 413 376 733 492 505 380 374 726 617 211 1087 524 1385 901 738 804 126 276 828 277 863 152 568 413 219 918 671 337 904 0 370 799 334 404 557 1137 618 1211 622 993 442 898 711 144 739
705 756 965 757 578 771 477 696 1048 523 646 535 727 741 400 90 908 205 524 652 130 492 504 526 424 243 498 755 507 194 628 653 391 425 126 429 316 684 694 687 530 208 156 289 110 543 683 165 214 574 734 428 411 898 182 1196 850 746 615 388 238 639 291 673 449 768 288 419 729 679 183 855 370 0 609 525 63 565 947 429 1021 433 1193 100 708 522 441 550
440 568 383 559 927 1120 905 499 465 873 246 884 255 588 749 612 325 541 873 387 505 921 135 876 773 419 232 557 786 459 431 990 366 775 510 708 652 99 497 296 880 720 592 568 596 287 1020 595 726 923 603 227 761 507 469 613 652 582 417 816 574 54 627 475 878 1118 567 768 463 652 556 657 799 609 0 862 585 776 557 237 438 233 1543 623 443 294 870 83
957 712 1218 717 440 632 441 837 1300 385 898 396 979 696 262 586 1160 369 386 905 478 456 756 388 286 544 750 962 631 584 881 162 643 287 484 492 255 936 944 939 392 531 652 476 439 795 192 661 536 436 689 680 273 1150 594 1448 865 702 867 352 339 891 340 925 413 630 476 281 981 635 399 868 334 525 862 0 559 520 1200 681 1274 685 1055 596 961 774 405 802
681 733 942 733 612 804 510 673 1024 557 622 568 703 717 434 66 884 238 557 628 107 526 480 560 458 219 474 731 483 170 605 687 367 459 102 405 349 660 671 663 564 160 108 265 143 519 717 117 166 608 710 404 445 874 159 1172 826 723 591 421 271 615 324 649 483 802 264 453 705 656 217 831 404 63 585 559 0 541 924 405 997 409 1227 76 684 498 475 526
589 232 1134 238 669 862 663 358 1216 615 816 626 897 216 491 568 1076 414 615 536 461 679 670 618 515 526 601 483 289 567 469 648 620 516 466 150 410 850 464 867 622 576 634 308 484 778 678 643 581 665 209 659 503 1077 577 1364 385 222 455 574 384 805 307 514 636 860 303 510 612 155 445 388 557 565 776 520 541 0 1127 663 1189 664 1285 579 592 757 628 716
791 920 781 911 1266 1459 1243 851 864 1211 462 1223 543 940 1088 951 724 879 1212 739 843 1259 487 1214 1112 757 584 909 1124 798 782 1328 704 1113 849 1046 991 632 848 317 1218 1058 930 906 934 436 1358 933 1064 1262 955 579 1099 490 807 596 1004 934 769 1154 912 587 965 827 1216 1456 906 1107 815 1003 895 1009 1137 947 557 1200 924 1127 0 589 837 585 1881 961 795 456 1208 498
333 461 596 452 747 940 724 392 678 692 278 704 359 482 569 432 538 360 693 280 324 740 132 695 593 238 126 451 605 279 324 809 185 594 330 527 472 312 390 328 699 539 411 387 415 319 839 414 545 743 496 97 580 539 288 826 546 476 310 635 393 267 446 369 697 937 387 588 357 545 376 551 618 429 237 681 405 663 589 0 651 102 1362 442 336 316 689 178
854 982 81 973 1339 1532 1317 913 115 1285 405 1296 324 1002 1161 1024 257 953 1285 801 917 1333 549 1288 1185 831 646 971 1198 871 845 1402 778 1187 922 1120 1064 359 911 576 1292 1132 1004 980 1008 567 1432 1007 1138 1335 1017 641 1173 787 881 423 1066 996 831 1228 986 423 1039 889 1290 1530 979 1180 877 1066 968 1071 1211 1021 438 1274 997 1189 837 651 0 647 1955 1035 857 586 1282 497
328 457 591 448 751 944 728 388 674 696 273 708 354 477 573 436 533 364 697 276 328 744 127 699 597 242 121 446 609 283 319 813 189 598 334 531 476 307 386 324 703 543 415 391 419 314 843 418 549 747 492 94 584 535 292 821 541 471 306 639 397 262 450 364 701 941 391 592 352 540 380 546 622 433 233 685 409 664 585 102 647 0 1366 446 332 320 693 173
1656 1493 1917 1499 931 956 1117 1619 1999 872 1597 888 1678 1478 857 1271 1859 1067 877 1603 1177 1133 1455 875 832 1242 1449 1706 1393 1283 1579 1200 1342 829 1182 1274 953 1635 1645 1638 884 1215 1337 1175 1138 1494 1231 1345 1220 781 1471 1379 837 1849 1293 2147 1646 1483 1566 1028 1038 1590 1039 1624 1089 954 1174 834 1680 1416 1098 1649 1010 1211 1560 1072 1244 1302 1899 1380 1972 1384 0 1282 1659 1473 1081 1501
719 770 979 770 649 842 548 710 1062 594 660 606 740 754 471 74 921 275 595 666 144 564 517 598 495 257 511 769 520 208 642 724 404 496 139 442 387 698 708 700 602 130 78 303 181 557 754 87 136 645 747 441 483 911 196 1210 864 760 628 459 308 652 361 687 521 839 302 490 742 693 254 868 442 100 623 596 76 579 961 442 1035 446 1265 0 722 535 513 564
36 384 801 375 1026 1219 1004 315 884 972 484 983 564 405 848 711 743 640 972 74 604 1020 337 975 872 518 269 374 840 558 247 1089 398 874 609 701 751 518 313 534 979 819 691 667 695 524 1119 694 825 1022 419 326 860 745 568 1031 469 399 233 915 673 472 726 292 977 1217 666 867 54 468 655 474 898 708 443 961 684 592 795 336 857 332 1642 722 0 532 969 384
528 653 531 644 840 1033 817 584 613 785 211 797 292 673 662 525 473 453 786 476 417 833 224 788 686 331 321 642 698 372 516 902 278 687 423 620 565 369 582 195 793 633 504 480 508 51 932 508 638 836 688 315 674 406 381 761 737 667 502 728 486 324 539 560 790 1030 480 681 552 737 469 742 711 522 294 774 498 757 456 316 586 320 1456 535 532 0 782 235
965 819 1226 825 449 641 86 945 1309 394 907 405 987 804 271 502 1168 377 395 913 486 101 764 397 295 552 758 1015 702 593 889 533 651 296 492 600 263 944 955 947 401 446 567 484 447 803 563 576 451 445 796 688 282 1158 595 1456 972 809 875 122 347 899 348 934 106 639 484 290 989 742 408 975 144 441 870 405 475 628 1208 689 1282 693 1064 513 969 782 0 810
380 509 441 499 868 1061 846 439 524 814 187 825 267 529 690 553 384 481 814 327 446 862 76 817 714 359 173 498 726 400 371 930 306 715 451 648 593 158 437 237 821 661 532 509 536 227 960 536 667 864 544 168 702 448 410 672 593 523 358 757 514 112 568 416 818 1058 508 709 404 592 497 598 739 550 83 802 526 716 498 178 497 173 1484 564 384 235 810 0
EOF