NAME : tsp_problem
TYPE : TSP
DIMENSION : 50
EDGE_WEIGHT_TYPE : EXPLICIT
EDGE_WEIGHT_FORMAT : FULL_MATRIX
EDGE_WEIGHT_SECTION
0 619 431 361 570 527 422 526 137 598 143 1345 344 377 563 356 318 668 693 721 441 646 620 715 114 640 527 448 633 577 342 615 720 593 1341 310 1290 733 358 586 678 557 810 654 701 493 296 567 459 347
619 0 393 390 1141 794 779 126 710 175 716 978 917 341 641 450 891 1239 270 298 465 280 1191 292 687 1211 700 282 209 1148 848 191 297 226 975 715 923 389 931 81 254 1117 466 1225 357 715 541 329 293 920
431 393 0 267 953 803 740 324 522 238 528 1176 729 164 651 101 703 1051 446 474 104 478 1003 468 499 1023 709 294 386 960 660 368 473 194 1173 527 1122 578 743 361 431 929 655 1037 546 725 179 168 304 732
361 390 267 0 884 569 554 298 453 370 459 1116 659 149 416 192 633 982 465 493 278 418 933 486 430 953 475 220 404 890 590 386 492 364 1112 458 1061 504 674 357 449 859 581 968 472 491 284 338 230 662
570 1141 953 884 0 986 881 1049 596 1121 602 1867 245 900 1022 878 777 228 1216 1244 963 1169 155 1237 573 101 986 971 1155 240 801 1137 1243 1115 1863 509 1812 1255 817 1108 1200 744 1332 236 1223 952 818 1089 981 806
527 794 803 569 986 0 129 701 420 773 414 1503 760 682 401 728 452 1085 868 896 814 805 1036 890 468 1056 190 540 808 993 220 789 895 768 1499 726 1448 808 492 761 853 974 885 1071 776 340 710 742 529 480
422 779 740 554 881 129 0 687 315 759 309 1489 655 668 386 665 347 980 854 882 750 790 931 875 363 951 176 525 793 888 115 775 881 753 1485 621 1434 794 387 746 838 869 871 966 762 326 605 727 515 375
526 126 324 298 1049 701 687 0 618 105 624 886 824 249 548 357 798 1147 200 228 395 187 1098 222 595 1118 607 190 140 1055 755 122 227 156 882 623 831 297 839 93 185 1024 374 1133 265 623 449 259 200 827
137 710 522 453 596 420 315 618 0 690 120 1436 370 469 456 447 210 695 785 813 533 738 646 807 108 666 420 540 724 603 234 706 812 684 1433 336 1381 825 251 678 769 584 901 681 793 385 387 658 551 239
598 175 238 370 1121 773 759 105 690 0 696 958 897 301 620 307 870 1219 228 256 310 259 1170 250 667 1190 679 262 167 1127 827 149 255 70 954 695 903 369 911 142 212 1096 446 1205 337 695 386 174 272 899
143 716 528 459 602 414 309 624 120 696 0 1442 376 475 450 453 204 701 791 819 539 744 652 813 114 672 414 546 730 609 229 712 818 690 1439 342 1387 831 245 684 775 590 908 687 799 379 393 664 557 233
977 610 808 748 1499 1135 1121 518 1068 590 1074 0 1275 699 982 808 1249 1597 685 713 880 425 1549 707 1045 1569 1041 640 625 1506 1206 606 712 641 520 1073 469 724 1289 578 669 1475 801 1583 692 1057 899 744 651 1278
344 917 729 659 245 760 655 824 370 897 376 1643 0 676 796 654 551 343 992 1020 739 944 294 1013 347 314 760 747 931 251 575 913 1018 891 1639 388 1588 1031 591 884 976 623 1108 329 999 726 594 865 757 579
377 341 164 149 900 682 668 249 469 301 475 1067 676 0 530 208 649 998 416 444 235 369 949 438 446 969 588 171 355 906 606 337 443 257 1063 474 1012 455 690 308 400 875 532 984 423 604 300 231 182 678
563 641 651 416 1022 401 386 548 456 620 450 1350 796 530 0 576 488 1121 716 743 661 652 1072 737 504 1092 307 387 655 1029 331 637 742 615 1347 762 1296 656 528 608 700 1010 733 1107 624 206 667 589 376 516
356 450 101 192 878 728 665 357 447 307 453 1176 654 208 576 0 628 977 515 543 111 477 928 537 425 948 634 279 455 885 585 437 542 263 1172 453 1121 564 669 417 500 854 641 963 532 650 187 237 290 657
318 891 703 633 777 452 347 798 210 870 204 1617 551 649 488 628 0 875 966 993 713 918 826 987 258 846 452 721 905 784 267 887 992 865 1613 517 1562 1005 103 858 950 764 1082 861 973 418 568 839 731 82
668 1239 1051 982 228 1085 980 1147 695 1219 701 1965 343 998 1121 977 875 0 1314 1342 1062 1267 93 1336 672 206 1085 1069 1254 128 900 1235 1341 1213 1962 607 1910 1354 916 1207 1298 842 1431 58 1322 1051 916 1187 1080 904
693 270 446 465 1216 868 854 200 785 228 791 1053 992 416 716 515 966 1314 0 137 518 355 1265 80 762 1285 774 357 116 1223 922 146 135 279 1049 790 998 464 1006 237 59 1192 541 1300 432 790 594 382 368 994
721 298 474 493 1244 896 882 228 813 256 819 1081 1020 444 743 543 993 1342 137 0 546 383 1293 158 790 1313 802 385 144 1250 950 174 45 307 1077 818 1026 492 1034 265 121 1219 569 1328 460 818 622 410 395 1022
441 465 104 278 963 814 750 395 533 310 539 1248 739 235 661 111 713 1062 518 546 0 550 1013 540 510 1033 720 365 458 970 670 439 545 266 1244 538 1193 649 754 432 502 939 726 1048 617 735 190 198 375 742
646 280 478 418 1169 805 790 187 738 259 744 793 944 369 652 477 918 1267 355 383 550 0 1218 376 715 1238 711 310 294 1175 875 276 381 310 789 743 738 393 959 247 339 1144 470 1253 361 726 569 414 320 947
620 1191 1003 933 155 1036 931 1098 646 1170 652 1917 294 949 1072 928 826 93 1265 1293 1013 1218 0 1287 623 224 1036 1020 1205 200 851 1187 1292 1165 1913 558 1862 1305 867 1158 1250 793 1382 101 1273 1002 867 1139 1031 855
715 292 468 486 1237 890 875 222 807 250 813 1075 1013 438 737 537 987 1336 80 158 540 376 1287 0 784 1307 796 379 138 1244 944 167 157 301 1071 812 1020 486 1028 259 105 1213 563 1322 454 812 616 404 389 1016
114 687 499 430 573 468 363 595 108 667 114 1413 347 446 504 425 258 672 762 790 510 715 623 784 0 643 468 517 702 580 283 683 789 661 1410 313 1359 802 299 655 746 561 879 658 770 434 364 635 528 287
640 1211 1023 953 101 1056 951 1118 666 1190 672 1936 314 969 1092 948 846 206 1285 1313 1033 1238 224 1307 643 0 1056 1040 1225 309 871 1206 1312 1185 1933 578 1882 1325 887 1178 1270 813 1402 215 1293 1022 887 1159 1051 875
527 700 709 475 986 190 176 607 420 679 414 1409 760 588 307 634 452 1085 774 802 720 711 1036 796 468 1056 0 446 714 993 267 696 801 674 1406 726 1354 714 492 667 759 974 791 1071 682 246 710 648 435 480
448 282 294 220 971 540 525 190 540 262 546 1008 747 171 387 279 721 1069 357 385 365 310 1020 379 517 1040 446 0 296 978 616 278 384 256 1004 545 953 396 761 249 341 946 473 1055 364 461 371 230 93 749
633 209 386 404 1155 808 793 140 724 167 730 992 931 355 655 455 905 1254 116 144 458 294 1205 138 702 1225 714 296 0 1162 862 111 143 218 989 730 938 403 946 177 100 1131 480 1240 371 730 534 322 307 934
577 1148 960 890 240 993 888 1055 603 1127 609 1874 251 906 1029 885 784 128 1223 1250 970 1175 200 1244 580 309 993 978 1162 0 808 1144 1249 1122 1870 516 1819 1262 824 1115 1207 751 1339 114 1230 959 825 1096 988 812
342 848 660 590 801 220 115 755 234 827 229 1574 575 606 331 585 267 900 922 950 670 875 851 944 283 871 267 616 862 808 0 844 949 822 1570 541 1519 885 307 815 907 789 961 886 852 261 525 796 605 295
615 191 368 386 1137 789 775 122 706 149 712 974 913 337 637 437 887 1235 146 174 439 276 1187 167 683 1206 696 278 111 1144 844 0 172 200 971 711 919 385 927 158 130 1113 462 1221 353 711 515 303 289 915
720 297 473 492 1243 895 881 227 812 255 818 1080 1018 443 742 542 992 1341 135 45 545 381 1292 157 789 1312 801 384 143 1249 949 172 0 306 1076 817 1025 491 1033 264 120 1218 568 1327 459 817 621 409 394 1021
593 226 194 364 1115 768 753 156 684 70 690 1009 891 257 615 263 865 1213 279 307 266 310 1165 301 661 1185 674 256 218 1122 822 200 306 0 1005 689 954 420 905 193 263 1091 497 1199 388 689 342 130 267 893
983 617 815 754 1505 1142 1127 524 1075 596 1081 530 1281 706 989 814 1255 1604 691 719 886 431 1555 713 1052 1575 1048 647 631 1512 1212 613 718 647 0 1080 475 730 1296 584 676 1481 807 1590 698 1063 906 750 657 1284
310 715 527 458 509 726 621 623 336 695 342 1441 388 474 762 453 517 607 790 818 538 743 558 812 313 578 726 545 730 516 541 711 817 689 1438 0 1387 830 557 683 775 427 907 593 798 692 392 664 556 546
1019 653 851 791 1542 1178 1163 560 1111 633 1117 117 1318 742 1025 850 1291 1640 728 756 923 467 1591 749 1088 1611 1084 683 667 1548 1248 649 754 684 114 1116 0 766 1332 620 712 1517 843 1626 734 1100 942 787 693 1320
733 389 578 504 1255 808 794 297 825 369 831 1092 1031 455 656 564 1005 1354 464 492 649 393 1305 486 802 1325 714 396 403 1262 885 385 491 420 1088 830 1037 0 1046 356 448 1231 122 1340 81 730 656 515 407 1034
358 931 743 674 817 492 387 839 251 911 245 1657 591 690 528 669 103 916 1006 1034 754 959 867 1028 299 887 492 761 946 824 307 927 1033 905 1654 557 1603 1046 0 899 990 805 1123 902 1014 458 608 879 772 48
586 81 361 357 1108 761 746 93 678 142 684 946 884 308 608 417 858 1207 237 265 432 247 1158 259 655 1178 667 249 177 1115 815 158 264 193 942 683 891 356 899 0 222 1084 433 1193 324 683 508 296 260 887
678 254 431 449 1200 853 838 185 769 212 775 1037 976 400 700 500 950 1298 59 121 502 339 1250 105 746 1270 759 341 100 1207 907 130 120 263 1034 775 983 448 990 222 0 1176 525 1285 416 774 578 366 352 979
557 1117 929 859 744 974 869 1024 584 1096 590 1843 623 875 1010 854 764 842 1192 1219 939 1144 793 1213 561 813 974 946 1131 751 789 1113 1218 1091 1839 427 1788 1231 805 1084 1176 0 1308 828 1199 940 794 1065 957 793
810 466 655 581 1332 885 871 374 901 446 908 1169 1108 532 733 641 1082 1431 541 569 726 470 1382 563 879 1402 791 473 480 1339 961 462 568 497 1165 907 1114 122 1123 433 525 1308 0 1417 141 807 733 592 484 1111
654 1225 1037 968 236 1071 966 1133 681 1205 687 1951 329 984 1107 963 861 58 1300 1328 1048 1253 101 1322 658 215 1071 1055 1240 114 886 1221 1327 1199 1948 593 1897 1340 902 1193 1285 828 1417 0 1308 1037 902 1174 1066 890
701 357 546 472 1223 776 762 265 793 337 799 1060 999 423 624 532 973 1322 432 460 617 361 1273 454 770 1293 682 364 371 1230 852 353 459 388 1056 798 1005 81 1014 324 416 1199 141 1308 0 698 624 483 375 1002
493 715 725 491 952 340 326 623 385 695 379 1425 726 604 206 650 418 1051 790 818 735 726 1002 812 434 1022 246 461 730 959 261 711 817 689 1421 692 1370 730 458 683 774 940 807 1037 698 0 676 663 451 446
296 541 179 284 818 710 605 449 387 386 393 1267 594 300 667 187 568 916 594 622 190 569 867 616 364 887 710 371 534 825 525 515 621 342 1264 392 1212 656 608 508 578 794 733 902 624 676 0 316 382 596
567 329 168 338 1089 742 727 259 658 174 664 1112 865 231 589 237 839 1187 382 410 198 414 1139 404 635 1159 648 230 322 1096 796 303 409 130 1108 664 1057 515 879 296 366 1065 592 1174 483 663 316 0 241 868
459 293 304 230 981 529 515 200 551 272 557 1019 757 182 376 290 731 1080 368 395 375 320 1031 389 528 1051 435 93 307 988 605 289 394 267 1015 556 964 407 772 260 352 957 484 1066 375 451 382 241 0 760
347 920 732 662 806 480 375 827 239 899 233 1645 579 678 516 657 82 904 994 1022 742 947 855 1016 287 875 480 749 934 812 295 915 1021 893 1642 546 1591 1034 48 887 979 793 1111 890 1002 446 596 868 760 0
EOF