NAME : tsp_problem
TYPE : TSP
DIMENSION : 38
EDGE_WEIGHT_TYPE : EXPLICIT
EDGE_WEIGHT_FORMAT : FULL_MATRIX
EDGE_WEIGHT_SECTION
0 957 237 1369 1050 1166 395 529 580 381 284 456 1234 968 452 807 659 378 1188 346 845 216 899 469 776 1340 447 390 280 414 792 893 397 650 963 253 1004 629
957 0 819 1149 841 945 977 603 492 625 693 683 1013 463 682 215 492 629 979 675 143 995 677 723 325 1119 715 972 697 996 413 388 979 495 87 1027 499 542
237 819 0 1215 896 1011 190 374 442 227 152 301 1079 813 297 669 504 223 1034 191 707 275 745 314 638 1185 293 185 149 209 654 738 192 496 825 306 850 474
1369 1149 1215 0 767 232 1373 1112 1211 1159 1263 1039 157 943 1035 1065 872 1156 905 1124 1144 1408 511 987 1093 240 1030 1368 1259 1392 1074 868 1375 864 1152 1439 980 843
1050 841 896 767 0 563 1053 793 892 840 943 720 631 635 715 758 553 836 362 804 836 1088 428 667 785 737 711 1048 940 1073 767 560 1056 545 844 1120 672 523
1166 945 1011 232 563 0 1169 908 1007 956 1059 835 211 739 831 862 669 952 701 920 940 1204 307 783 889 317 826 1164 1056 1188 871 664 1171 660 948 1235 776 639
395 977 190 1373 1053 1169 0 532 600 384 310 459 1237 971 455 827 662 381 1191 349 865 433 903 472 796 1343 450 100 307 70 812 896 107 654 983 464 1008 632
529 603 374 1112 793 908 532 0 125 319 422 106 976 710 104 453 401 315 931 283 491 567 642 211 422 1082 138 527 419 552 438 635 535 393 609 598 747 372
580 492 442 1211 892 1007 600 125 0 248 316 205 1075 696 203 342 500 252 1030 297 380 618 741 310 311 1181 237 594 319 619 327 621 602 492 498 649 733 471
381 625 227 1159 840 956 384 319 248 0 254 246 1023 757 241 475 448 138 978 106 513 419 689 258 444 1130 237 379 257 404 461 682 387 440 631 451 794 419
284 693 152 1263 943 1059 310 422 316 254 0 349 1127 861 345 543 552 257 1081 239 581 322 792 362 512 1233 340 305 23 330 529 786 312 544 699 353 897 522
456 683 301 1039 720 835 459 106 205 246 349 0 903 637 69 533 328 242 858 210 571 494 569 138 502 1009 65 454 346 479 518 562 462 320 689 526 674 299
1234 1013 1079 157 631 211 1237 976 1075 1023 1127 903 0 807 899 929 736 1020 769 988 1008 1272 375 851 957 258 894 1232 1123 1256 938 732 1239 728 1016 1303 844 707
968 463 813 943 635 739 971 710 696 757 861 637 807 0 633 379 397 754 773 722 458 1006 471 585 406 913 628 966 857 990 388 100 973 400 465 1037 110 441
452 682 297 1035 715 831 455 104 203 241 345 69 899 633 0 531 324 238 853 206 569 490 564 134 500 1005 61 450 342 474 517 558 457 316 687 521 669 294
807 215 669 1065 758 862 827 453 342 475 543 533 929 379 531 0 408 479 896 525 103 845 593 638 174 1036 565 822 546 846 325 304 829 411 221 877 416 459
659 492 504 872 553 669 662 401 500 448 552 328 736 397 324 408 0 445 691 413 487 697 402 276 435 843 319 657 549 681 417 322 664 57 494 728 433 102
378 629 223 1156 836 952 381 315 252 138 257 242 1020 754 238 479 445 0 974 102 517 416 686 255 448 1126 233 376 261 400 465 679 383 437 635 447 791 415
1188 979 1034 905 362 701 1191 931 1030 978 1081 858 769 773 853 896 691 974 0 942 974 1226 566 805 923 807 849 1186 1078 1211 905 698 1194 683 982 1258 810 661
346 675 191 1124 804 920 349 283 297 106 239 210 988 722 206 525 413 102 942 0 563 384 653 223 494 1094 201 344 236 368 510 647 351 405 681 415 758 383
845 143 707 1144 836 940 865 491 380 513 581 571 1008 458 569 103 487 517 974 563 0 883 672 676 212 1114 603 860 584 884 363 383 867 490 149 915 494 537
655 1434 714 1846 1527 1643 872 1006 1057 858 761 933 1711 1445 929 1284 1136 855 1665 823 1322 0 1376 946 1253 1817 924 867 757 891 1270 1370 874 1128 1440 730 1481 1106
899 677 745 511 428 307 903 642 741 689 792 569 375 471 564 593 402 686 566 653 672 937 0 517 620 481 560 898 789 922 602 396 905 394 679 969 508 373
469 723 314 987 667 783 472 211 310 258 362 138 851 585 134 638 276 255 805 223 676 507 517 0 607 957 129 467 359 491 624 510 474 268 726 538 622 246
776 325 638 1093 785 889 796 422 311 444 512 502 957 406 500 174 435 448 923 494 212 814 620 607 0 1063 534 791 516 815 216 331 798 438 330 846 443 486
1340 1119 1185 240 737 317 1343 1082 1181 1130 1233 1009 258 913 1005 1036 843 1126 807 1094 1114 1378 481 957 1063 0 1000 1338 1230 1362 1045 838 1345 834 1122 1409 950 813
447 715 293 1030 711 826 450 138 237 237 340 65 894 628 61 565 319 233 849 201 603 485 560 129 534 1000 0 445 337 470 551 553 453 311 721 517 665 290
390 972 185 1368 1048 1164 100 527 594 379 305 454 1232 966 450 822 657 376 1186 344 860 428 898 467 791 1338 445 0 302 119 807 891 95 649 978 459 1003 627
280 697 149 1259 940 1056 307 419 319 257 23 346 1123 857 342 546 549 261 1078 236 584 318 789 359 516 1230 337 302 0 326 532 782 309 540 702 350 894 519
414 996 209 1392 1073 1188 70 552 619 404 330 479 1256 990 474 846 681 400 1211 368 884 452 922 491 815 1362 470 119 326 0 831 915 126 673 1002 483 1027 652
792 413 654 1074 767 871 812 438 327 461 529 518 938 388 517 325 417 465 905 510 363 831 602 624 216 1045 551 807 532 831 0 313 814 420 415 862 425 468
893 388 738 868 560 664 896 635 621 682 786 562 732 100 558 304 322 679 698 647 383 931 396 510 331 838 553 891 782 915 313 0 898 325 390 962 136 366
397 979 192 1375 1056 1171 107 535 602 387 312 462 1239 973 457 829 664 383 1194 351 867 435 905 474 798 1345 453 95 309 126 814 898 0 656 985 466 1010 635
650 495 496 864 545 660 654 393 492 440 544 320 728 400 316 411 57 437 683 405 490 689 394 268 438 834 311 649 540 673 420 325 656 0 497 720 437 94
963 87 825 1152 844 948 983 609 498 631 699 689 1016 465 687 221 494 635 982 681 149 1001 679 726 330 1122 721 978 702 1002 415 390 985 497 0 1033 502 545
253 1027 306 1439 1120 1235 464 598 649 451 353 526 1303 1037 521 877 728 447 1258 415 915 291 969 538 846 1409 517 459 350 483 862 962 466 720 1033 0 1074 698
1004 499 850 980 672 776 1008 747 733 794 897 674 844 110 669 416 433 791 810 758 494 1042 508 622 443 950 665 1003 894 1027 425 136 1010 437 502 1074 0 478
629 542 474 843 523 639 632 372 471 419 522 299 707 441 294 459 102 415 661 383 537 667 373 246 486 813 290 627 519 652 468 366 635 94 545 698 478 0
EOF