NAME : tsp_problem
TYPE : TSP
DIMENSION : 32
EDGE_WEIGHT_TYPE : EXPLICIT
EDGE_WEIGHT_FORMAT : FULL_MATRIX
EDGE_WEIGHT_SECTION
0 433 747 519 219 625 377 597 704 529 1063 815 677 171 1069 730 1152 1062 375 741 93 402 1280 223 448 698 719 763 216 434 645 658
433 0 1002 643 481 749 302 852 959 476 1318 740 802 277 1324 855 1077 1317 300 995 372 527 1535 243 703 952 844 1018 497 123 900 783
747 1002 0 610 608 494 889 492 541 1040 902 1327 442 891 908 378 1663 901 886 47 814 718 1119 909 356 534 393 55 796 1003 128 483
519 643 610 0 447 147 514 801 849 582 1211 952 200 533 1216 253 1288 1209 511 604 493 149 1428 550 665 843 242 626 618 644 508 181
219 481 608 447 0 553 368 458 564 519 924 806 605 330 929 617 1142 922 365 601 252 393 1141 382 308 558 631 623 244 482 506 586
625 749 494 147 553 0 620 685 733 688 1095 1058 83 639 1100 249 1394 1093 617 488 599 255 1312 656 549 727 262 510 724 750 393 201
377 302 889 514 368 620 0 739 845 339 1205 493 672 242 1210 725 829 1203 81 882 337 397 1422 209 589 839 714 904 463 303 787 653
597 852 492 801 458 685 739 0 310 890 538 1177 633 741 543 569 1513 536 736 485 664 764 755 759 264 304 583 508 646 853 390 673
704 959 541 849 564 733 845 310 0 997 387 1283 681 848 393 617 1620 386 843 534 770 870 604 865 313 63 632 556 752 960 439 722
529 476 1040 582 519 688 339 890 997 0 1356 777 741 416 1362 794 1114 1355 337 1034 503 466 1573 383 741 991 783 1056 629 477 938 722
1063 1318 902 1211 924 1095 1205 538 387 1356 0 1643 1043 1208 171 979 1979 179 1202 895 1130 1230 382 1225 674 390 993 918 1112 1319 800 1083
720 645 1231 856 710 962 398 1081 1188 682 1547 0 1015 584 1553 1068 951 1546 392 1225 680 740 1764 551 932 1182 1057 1247 805 646 1129 996
677 802 442 200 605 83 672 633 681 741 1043 1110 0 691 1048 197 1447 1041 670 436 651 308 1260 709 497 675 315 458 777 803 340 253
171 277 891 533 330 639 242 741 848 416 1208 680 691 0 1213 745 1016 1206 240 885 110 416 1424 73 592 842 734 907 235 278 790 672
1069 1324 908 1216 929 1100 1210 543 393 1362 171 1648 1048 1213 0 984 1985 297 1208 901 1135 1235 257 1230 680 395 999 923 1118 1325 806 1089
730 855 378 253 617 249 725 569 617 794 979 1163 197 745 984 0 1500 977 723 372 705 361 1196 762 433 611 233 394 805 856 276 125
1169 1094 1680 1305 1159 1411 847 1530 1637 1131 1996 1043 1464 1034 2002 1517 0 1995 841 1674 1129 1189 2213 1000 1381 1631 1506 1696 1254 1095 1579 1445
1062 1317 901 1209 922 1093 1203 536 386 1355 179 1641 1041 1206 297 977 1978 0 1201 894 1128 1228 512 1223 673 388 992 916 1110 1318 799 1082
375 300 886 511 365 617 81 736 843 337 1202 488 670 240 1208 723 824 1201 0 880 335 395 1419 206 587 837 712 902 460 301 785 651
741 995 47 604 601 488 882 485 534 1034 895 1320 436 885 901 372 1657 894 880 0 807 712 1112 902 349 528 386 55 789 996 121 476
93 372 814 493 252 599 337 664 770 503 1130 775 651 110 1135 705 1112 1128 335 807 0 376 1347 162 514 764 694 829 196 373 712 632
402 527 718 149 393 255 397 764 870 466 1230 835 308 416 1235 361 1172 1228 395 712 376 0 1447 434 614 864 350 734 502 528 616 289
1280 1535 1119 1428 1141 1312 1422 755 604 1573 382 1860 1260 1424 257 1196 2196 512 1419 1112 1347 1447 0 1442 891 607 1210 1134 1329 1536 1017 1300
223 243 909 550 382 656 209 759 865 383 1225 647 709 73 1230 762 983 1223 206 902 162 434 1442 0 609 859 751 924 288 244 807 690
448 703 356 665 308 549 589 264 313 741 674 1027 497 592 680 433 1364 673 587 349 514 614 891 609 0 306 447 371 497 704 254 537
698 952 534 843 558 727 839 304 63 991 390 1277 675 842 395 611 1613 388 837 528 764 864 607 859 306 0 626 550 746 953 433 716
719 844 393 242 631 262 714 583 632 783 993 1152 315 734 999 233 1489 992 712 386 694 350 1210 751 447 626 0 408 819 845 291 161
763 1018 55 626 623 510 904 508 556 1056 918 1342 458 907 923 394 1679 916 902 55 829 734 1134 924 371 550 408 0 811 1019 143 498
216 497 796 618 244 724 463 646 752 629 1112 901 777 235 1118 805 1237 1110 460 789 196 502 1329 288 497 746 819 811 0 498 694 758
434 123 1003 644 482 750 303 853 960 477 1319 741 803 278 1325 856 1077 1318 301 996 373 528 1536 244 704 953 845 1019 498 0 901 784
645 900 128 508 506 393 787 390 439 938 800 1225 340 790 806 276 1561 799 785 121 712 616 1017 807 254 433 291 143 694 901 0 381
658 783 483 181 586 201 653 673 722 722 1083 1091 253 672 1089 125 1428 1082 651 476 632 289 1300 690 537 716 161 498 758 784 381 0
EOF