NAME : tsp_problem
TYPE : TSP
DIMENSION : 67
EDGE_WEIGHT_TYPE : EXPLICIT
EDGE_WEIGHT_FORMAT : FULL_MATRIX
EDGE_WEIGHT_SECTION
0 798 518 696 1168 1158 965 536 661 823 1165 805 657 736 890 575 1032 919 1108 480 1042 712 810 885 987 1176 894 1162 1175 706 1063 1115 1143 1355 691 1315 1152 810 971 1158 1114 1279 1157 505 1076 1150 1152 933 780 547 1154 837 874 1175 404 544 483 914 979 750 1128 805 1074 1108 821 663 950
798 0 398 846 575 644 1115 686 313 634 664 304 309 615 389 725 678 1069 515 498 471 592 621 140 242 583 392 648 582 856 318 613 550 854 571 813 638 622 469 565 521 777 564 384 562 649 638 188 592 311 639 986 1024 582 444 694 377 1211 477 900 626 617 573 619 290 315 205
518 398 0 555 768 758 824 397 260 376 765 405 256 289 490 434 586 778 708 205 642 266 363 485 586 776 494 762 775 565 663 715 743 955 245 914 752 364 570 758 714 878 757 59 676 750 752 533 334 133 753 695 733 775 155 403 241 920 578 608 727 359 674 662 420 262 550
696 846 555 0 1216 1206 474 205 709 859 1213 853 705 772 939 170 1069 432 1156 407 1090 749 846 933 1035 1224 942 1210 1223 52 1111 1163 1192 1403 728 1363 1200 846 1019 1206 1162 1327 1205 542 1124 1198 1200 981 817 584 1202 349 387 1223 442 190 529 574 1027 263 1176 842 1122 1145 869 711 998
1168 575 768 1216 0 416 1485 1056 683 928 446 459 679 985 349 1095 700 1439 116 868 243 962 948 512 494 141 352 420 49 1226 440 396 109 636 941 595 411 992 276 123 121 559 122 754 334 431 410 569 962 681 412 1356 1394 140 814 1064 747 1581 259 1270 408 943 355 641 409 685 447
1158 644 758 1206 416 0 1475 1046 673 901 412 449 669 975 339 1085 674 1429 356 858 290 952 921 580 562 424 342 202 424 1216 508 362 392 602 930 562 192 981 266 406 362 526 405 744 159 397 51 638 952 671 53 1346 1384 423 804 1054 737 1571 228 1259 375 917 321 615 399 675 515
965 1115 824 474 1485 1475 0 473 977 1128 1482 1122 973 1041 1207 439 1337 311 1425 675 1359 1018 1115 1202 1303 1493 1210 1479 1492 483 1380 1431 1460 1672 996 1631 1469 1115 1287 1475 1431 1595 1474 810 1393 1467 1469 1250 1085 852 1470 229 266 1492 711 458 797 454 1295 272 1444 1110 1391 1413 1137 979 1267
536 686 397 205 1056 1046 473 0 549 701 1053 693 545 614 779 83 911 427 997 270 930 591 688 773 875 1064 782 1050 1064 214 951 1003 1032 1243 570 1203 1040 688 859 1046 1002 1167 1045 384 964 1038 1040 821 659 426 1042 345 382 1063 282 53 369 570 867 258 1016 684 962 987 709 551 838
661 313 260 709 683 673 977 549 0 371 680 320 45 395 406 587 580 931 624 361 557 371 358 400 502 692 409 677 691 718 578 630 659 870 350 830 667 358 486 673 629 794 672 247 591 665 667 448 328 173 669 849 886 690 307 557 240 1074 494 762 643 353 589 636 336 52 465
823 634 376 859 928 901 1128 701 371 0 825 642 367 343 621 738 286 1082 868 509 802 320 236 721 823 936 624 906 935 869 834 775 903 1015 299 975 896 307 731 918 874 939 917 363 819 810 896 770 277 438 897 999 1037 935 459 707 546 1224 724 913 788 232 604 361 657 373 787
1165 664 765 1213 446 412 1482 1053 680 825 0 456 676 982 346 1092 597 1436 386 865 320 959 845 600 584 454 349 416 453 1223 530 77 421 352 937 312 406 988 273 435 391 276 435 751 330 49 406 659 959 678 408 1353 1391 453 811 1061 744 1578 235 1266 125 841 245 538 406 682 536
805 304 405 853 459 449 1122 693 320 642 456 0 316 622 181 732 418 1076 399 506 333 599 629 240 353 467 184 453 466 863 365 405 434 646 578 605 443 629 261 448 404 569 448 392 367 441 443 299 599 318 444 994 1031 466 451 701 384 1218 269 907 418 624 365 359 111 323 241
657 309 256 705 679 669 973 545 45 367 676 316 0 390 402 583 576 927 620 357 553 367 354 396 498 688 405 673 687 714 574 626 655 866 346 826 663 354 482 669 625 790 668 243 587 661 663 444 324 169 665 845 882 686 303 553 236 1070 490 758 639 349 585 631 332 48 461
736 615 289 772 985 975 1041 614 395 343 982 622 390 0 707 651 553 995 925 422 859 74 330 702 803 993 711 979 992 782 880 932 960 1172 129 1131 969 331 788 975 931 1095 974 276 893 967 969 750 301 351 971 912 950 992 372 620 459 1137 796 826 944 326 872 629 638 397 767
890 389 490 939 349 339 1207 779 406 621 346 181 402 707 0 817 393 1161 289 591 223 684 641 326 309 357 45 343 356 948 255 295 324 536 663 495 333 714 151 339 295 459 338 477 257 331 333 384 684 403 334 1079 1116 356 536 787 469 1304 159 992 308 636 255 334 131 408 261
575 725 434 170 1095 1085 439 83 587 738 1092 732 583 651 817 0 948 393 1035 285 969 628 725 812 913 1103 821 1089 1102 180 990 1042 1070 1282 607 1241 1079 725 898 1085 1041 1205 1084 420 1003 1077 1079 860 696 463 1081 310 348 1102 321 68 408 535 906 224 1055 720 1001 1023 748 590 877
1032 678 586 1069 700 674 1337 911 580 286 597 418 576 553 393 948 0 1291 641 719 574 530 305 615 661 709 396 678 708 1078 607 547 676 788 509 747 668 516 503 690 646 711 689 573 592 583 668 673 487 647 669 1209 1247 707 669 917 755 1434 496 1122 560 301 376 134 483 582 613
919 1069 778 432 1439 1429 311 427 931 1082 1436 1076 927 995 1161 393 1291 0 1379 629 1313 971 1069 1155 1257 1447 1164 1433 1446 441 1334 1385 1414 1626 950 1585 1423 1069 1241 1428 1384 1549 1428 764 1347 1421 1423 1204 1039 806 1424 117 70 1446 665 412 751 196 1249 226 1398 1064 1345 1367 1091 933 1221
1108 515 708 1156 116 356 1425 997 624 868 386 399 620 925 289 1035 641 1379 0 809 183 902 888 452 434 124 292 361 123 1166 380 336 91 576 881 536 351 932 216 106 62 500 105 695 274 371 351 510 902 621 352 1297 1334 123 754 1005 687 1522 200 1210 349 884 295 581 349 626 387
480 498 205 407 868 858 675 270 361 509 865 506 357 422 591 285 719 629 809 0 742 399 496 585 687 877 594 863 876 416 763 815 844 1055 378 1015 853 497 671 858 814 979 858 192 776 850 853 634 467 234 854 547 584 876 117 255 203 772 679 460 828 492 774 795 521 363 651
1042 471 642 1090 243 290 1359 930 557 802 320 333 553 859 223 969 574 1313 183 742 0 836 822 407 389 251 226 294 251 1100 335 269 219 510 815 469 284 865 150 233 189 433 232 628 208 305 284 465 836 555 286 1230 1268 250 688 938 621 1455 133 1144 282 817 229 515 283 559 342
712 592 266 749 962 952 1018 591 371 320 959 599 367 74 684 628 530 971 902 399 836 0 307 679 780 970 687 956 969 759 857 908 937 1149 106 1108 946 308 764 952 908 1072 951 253 870 944 946 727 278 327 947 889 927 969 349 597 435 1114 772 802 921 303 849 606 614 374 744
810 621 363 846 948 921 1115 688 358 236 845 629 354 330 641 725 305 1069 888 496 822 307 0 708 810 956 644 925 955 856 854 795 923 1035 286 995 916 294 750 938 893 959 937 350 839 830 915 757 264 425 917 986 1024 955 446 694 533 1211 744 900 808 78 624 381 644 360 774
885 140 485 933 512 580 1202 773 400 721 600 240 396 702 326 812 615 1155 452 585 407 679 708 0 189 520 329 584 519 943 265 550 487 790 657 750 575 708 406 501 457 714 501 471 498 585 574 135 679 398 576 1073 1111 519 531 781 464 1298 414 986 563 704 509 556 227 402 142
987 242 586 1035 494 562 1303 875 502 823 584 353 498 803 309 913 661 1257 434 687 389 780 810 189 0 502 312 567 501 1044 115 533 469 774 759 733 557 810 389 483 439 697 483 573 480 569 557 114 780 499 558 1175 1212 501 633 883 566 1400 397 1088 546 805 493 602 339 504 254
1176 583 776 1224 141 424 1493 1064 692 936 454 467 688 993 357 1103 709 1447 124 877 251 970 956 520 502 0 360 429 149 1234 448 404 69 644 949 604 419 1000 284 84 130 568 83 763 342 439 419 578 970 689 420 1365 1402 68 822 1073 755 1590 268 1278 417 952 363 649 417 694 455
894 392 494 942 352 342 1210 782 409 624 349 184 405 711 45 821 396 1164 292 594 226 687 644 329 312 360 0 346 359 951 258 299 327 539 666 499 336 717 155 342 298 463 341 480 260 334 336 388 688 406 338 1082 1120 359 540 790 473 1307 163 995 312 639 258 337 135 411 265
1162 648 762 1210 420 202 1479 1050 677 906 416 453 673 979 343 1089 678 1433 361 863 294 956 925 584 567 429 346 0 428 1220 513 366 396 606 935 566 34 986 270 410 366 530 410 749 164 402 197 642 956 675 198 1350 1388 428 808 1058 741 1575 232 1264 379 921 326 619 403 680 519
1175 582 775 1223 49 424 1492 1064 691 935 453 466 687 992 356 1102 708 1446 123 876 251 969 955 519 501 149 359 428 0 1233 447 403 116 643 948 603 418 999 283 130 129 567 130 762 341 438 418 577 969 688 419 1364 1401 148 821 1072 754 1589 267 1277 416 951 362 648 416 693 454
706 856 565 52 1226 1216 483 214 718 869 1223 863 714 782 948 180 1078 441 1166 416 1100 759 856 943 1044 1234 951 1220 1233 0 1121 1172 1201 1413 737 1372 1210 856 1028 1216 1172 1336 1215 551 1134 1208 1210 991 826 593 1211 359 397 1233 452 199 538 584 1036 272 1185 851 1132 1154 878 720 1008
1063 318 663 1111 440 508 1380 951 578 834 530 365 574 880 255 990 607 1334 380 763 335 857 854 265 115 448 258 513 447 1121 0 479 415 720 836 679 503 886 335 429 385 643 429 649 426 515 503 191 857 576 504 1251 1289 447 709 959 642 1476 343 1165 492 850 439 548 286 580 202
1115 613 715 1163 396 362 1431 1003 630 775 77 405 626 932 295 1042 547 1385 336 815 269 908 795 550 533 404 299 366 403 1172 479 0 371 302 887 262 356 938 223 385 341 226 385 701 280 62 356 609 909 627 358 1303 1341 403 761 1011 694 1528 185 1216 75 790 195 488 356 632 485
1143 550 743 1192 109 392 1460 1032 659 903 421 434 655 960 324 1070 676 1414 91 844 219 937 923 487 469 69 327 396 116 1201 415 371 0 611 916 571 386 967 251 51 97 535 50 730 310 406 386 545 937 656 387 1332 1369 68 789 1040 722 1557 235 1245 384 919 330 617 384 661 422
1355 854 955 1403 636 602 1672 1243 870 1015 352 646 866 1172 536 1282 788 1626 576 1055 510 1149 1035 790 774 644 539 606 643 1413 720 302 611 0 1127 141 596 1178 463 625 581 180 625 941 520 338 596 849 1149 868 598 1543 1581 643 1001 1251 934 1768 425 1456 280 1031 435 728 596 872 726
691 571 245 728 941 930 996 570 350 299 937 578 346 129 663 607 509 950 881 378 815 106 286 657 759 949 666 935 948 737 836 887 916 1127 0 1087 925 286 743 930 886 1051 930 232 848 923 925 706 257 306 926 868 906 948 328 576 414 1093 751 781 900 282 827 585 593 352 723
1315 813 914 1363 595 562 1631 1203 830 975 312 605 826 1131 495 1241 747 1585 536 1015 469 1108 995 750 733 604 499 566 603 1372 679 262 571 141 1087 0 556 1138 422 585 541 140 584 901 480 297 556 808 1108 827 558 1503 1540 602 961 1211 894 1728 384 1416 240 990 395 688 556 832 685
1152 638 752 1200 411 192 1469 1040 667 896 406 443 663 969 333 1079 668 1423 351 853 284 946 916 575 557 419 336 34 418 1210 503 356 386 596 925 556 0 976 260 400 356 520 400 739 154 392 187 632 946 665 188 1341 1378 418 798 1049 731 1565 222 1254 369 911 316 609 393 670 509
810 622 364 846 992 981 1115 688 358 307 988 629 354 331 714 725 516 1069 932 497 865 308 294 708 810 1000 717 986 999 856 886 938 967 1178 286 1138 976 0 794 981 937 1102 981 350 899 974 976 757 58 425 977 987 1024 999 446 694 533 1211 802 900 951 289 835 592 644 360 774
971 469 570 1019 276 266 1287 859 486 731 273 261 482 788 151 898 503 1241 216 671 150 764 750 406 389 284 155 270 283 1028 335 223 251 463 743 422 260 794 0 266 222 386 265 557 184 258 260 465 765 483 262 1159 1197 283 617 867 550 1384 87 1072 236 746 182 444 212 488 341
1158 565 758 1206 123 406 1475 1046 673 918 435 448 669 975 339 1085 690 1428 106 858 233 952 938 501 483 84 342 410 130 1216 429 385 51 625 930 585 400 981 266 0 111 549 65 744 324 421 400 559 952 671 402 1346 1384 83 804 1054 737 1571 249 1259 398 933 345 631 399 675 436
1114 521 714 1162 121 362 1431 1002 629 874 391 404 625 931 295 1041 646 1384 62 814 189 908 893 457 439 130 298 366 129 1172 385 341 97 581 886 541 356 937 222 111 0 505 110 700 280 377 356 515 908 627 358 1302 1340 128 760 1010 693 1527 205 1215 354 889 301 587 355 631 392
1279 777 878 1327 559 526 1595 1167 794 939 276 569 790 1095 459 1205 711 1549 500 979 433 1072 959 714 697 568 463 530 567 1336 643 226 535 180 1051 140 520 1102 386 549 505 0 549 865 444 261 520 773 1073 791 522 1467 1504 566 925 1175 858 1692 348 1380 204 954 359 652 520 796 649
1157 564 757 1205 122 405 1474 1045 672 917 435 448 668 974 338 1084 689 1428 105 858 232 951 937 501 483 83 341 410 130 1215 429 385 50 625 930 584 400 981 265 65 110 549 0 744 323 420 400 559 951 670 401 1346 1383 82 803 1053 736 1570 249 1259 398 932 344 630 398 675 436
505 384 59 542 754 744 810 384 247 363 751 392 243 276 477 420 573 764 695 192 628 253 350 471 573 763 480 749 762 551 649 701 730 941 232 901 739 350 557 744 700 865 744 0 662 736 739 520 321 120 740 682 719 762 141 390 228 907 565 595 714 345 660 648 407 249 537
1076 562 676 1124 334 159 1393 964 591 819 330 367 587 893 257 1003 592 1347 274 776 208 870 839 498 480 342 260 164 341 1134 426 280 310 520 848 480 154 899 184 324 280 444 323 662 0 315 154 556 870 589 155 1264 1302 341 722 972 655 1489 146 1177 293 835 239 533 317 593 433
1150 649 750 1198 431 397 1467 1038 665 810 49 441 661 967 331 1077 583 1421 371 850 305 944 830 585 569 439 334 402 438 1208 515 62 406 338 923 297 392 974 258 421 377 261 420 736 315 0 392 644 944 663 393 1338 1376 438 796 1046 729 1563 220 1252 110 826 230 524 391 667 521
1152 638 752 1200 410 51 1469 1040 667 896 406 443 663 969 333 1079 668 1423 351 853 284 946 915 574 557 419 336 197 418 1210 503 356 386 596 925 556 187 976 260 400 356 520 400 739 154 392 0 632 946 665 47 1340 1378 418 798 1048 731 1565 222 1254 369 911 316 609 393 670 509
933 188 533 981 569 638 1250 821 448 770 659 299 444 750 384 860 673 1204 510 634 465 727 757 135 114 578 388 642 577 991 191 609 545 849 706 808 632 757 465 559 515 773 559 520 556 644 632 0 727 446 634 1121 1159 577 579 829 512 1346 473 1035 622 752 568 614 285 451 201
780 592 334 817 962 952 1085 659 328 277 959 599 324 301 684 696 487 1039 902 467 836 278 264 679 780 970 688 956 969 826 857 909 937 1149 257 1108 946 58 765 952 908 1073 951 321 870 944 946 727 0 395 948 957 995 969 417 665 503 1182 773 870 922 260 805 563 615 330 744
547 311 133 584 681 671 852 426 173 438 678 318 169 351 403 463 647 806 621 234 555 327 425 398 499 689 406 675 688 593 576 627 656 868 306 827 665 425 483 671 627 791 670 120 589 663 665 446 395 0 666 724 762 688 184 432 237 949 491 637 640 420 587 633 333 175 463
1154 639 753 1202 412 53 1470 1042 669 897 408 444 665 971 334 1081 669 1424 352 854 286 947 917 576 558 420 338 198 419 1211 504 358 387 598 926 558 188 977 262 402 358 522 401 740 155 393 47 634 948 666 0 1342 1380 419 800 1050 733 1567 224 1255 371 912 317 610 395 671 511
837 986 695 349 1356 1346 229 345 849 999 1353 994 845 912 1079 310 1209 117 1297 547 1230 889 986 1073 1175 1365 1082 1350 1364 359 1251 1303 1332 1543 868 1503 1341 987 1159 1346 1302 1467 1346 682 1264 1338 1340 1121 957 724 1342 0 72 1364 582 330 669 259 1167 144 1316 982 1262 1285 1009 851 1139
874 1024 733 387 1394 1384 266 382 886 1037 1391 1031 882 950 1116 348 1247 70 1334 584 1268 927 1024 1111 1212 1402 1120 1388 1401 397 1289 1341 1369 1581 906 1540 1378 1024 1197 1384 1340 1504 1383 719 1302 1376 1378 1159 995 762 1380 72 0 1401 620 367 707 213 1205 181 1353 1019 1300 1322 1047 889 1176
1175 582 775 1223 140 423 1492 1063 690 935 453 466 686 992 356 1102 707 1446 123 876 250 969 955 519 501 68 359 428 148 1233 447 403 68 643 948 602 418 999 283 83 128 566 82 762 341 438 418 577 969 688 419 1364 1401 0 821 1071 754 1588 267 1277 416 950 362 648 416 693 454
404 444 155 442 814 804 711 282 307 459 811 451 303 372 536 321 669 665 754 117 688 349 446 531 633 822 540 808 821 452 709 761 789 1001 328 961 798 446 617 804 760 925 803 141 722 796 798 579 417 184 800 582 620 821 0 290 127 807 625 496 774 441 720 745 467 309 596
544 694 403 190 1064 1054 458 53 557 707 1061 701 553 620 787 68 917 412 1005 255 938 597 694 781 883 1073 790 1058 1072 199 959 1011 1040 1251 576 1211 1049 694 867 1054 1010 1175 1053 390 972 1046 1048 829 665 432 1050 330 367 1071 290 0 377 555 875 243 1024 690 970 993 717 559 846
483 377 241 529 747 737 797 369 240 546 744 384 236 459 469 408 755 751 687 203 621 435 533 464 566 755 473 741 754 538 642 694 722 934 414 894 731 533 550 737 693 858 736 228 655 729 731 512 503 237 733 669 707 754 127 377 0 894 558 582 707 528 653 699 400 242 529
914 1211 920 574 1581 1571 454 570 1074 1224 1578 1218 1070 1137 1304 535 1434 196 1522 772 1455 1114 1211 1298 1400 1590 1307 1575 1589 584 1476 1528 1557 1768 1093 1728 1565 1211 1384 1571 1527 1692 1570 907 1489 1563 1565 1346 1182 949 1567 259 213 1588 807 555 894 0 1392 369 1541 1207 1487 1510 1234 1076 1363
979 477 578 1027 259 228 1295 867 494 724 235 269 490 796 159 906 496 1249 200 679 133 772 744 414 397 268 163 232 267 1036 343 185 235 425 751 384 222 802 87 249 205 348 249 565 146 220 222 473 773 491 224 1167 1205 267 625 875 558 1392 0 1080 197 739 144 437 220 496 349
750 900 608 263 1270 1259 272 258 762 913 1266 907 758 826 992 224 1122 226 1210 460 1144 802 900 986 1088 1278 995 1264 1277 272 1165 1216 1245 1456 781 1416 1254 900 1072 1259 1215 1380 1259 595 1177 1252 1254 1035 870 637 1255 144 181 1277 496 243 582 369 1080 0 1229 895 1176 1198 922 764 1052
1128 626 727 1176 408 375 1444 1016 643 788 125 418 639 944 308 1055 560 1398 349 828 282 921 808 563 546 417 312 379 416 1185 492 75 384 280 900 240 369 951 236 398 354 204 398 714 293 110 369 622 922 640 371 1316 1353 416 774 1024 707 1541 197 1229 0 803 208 501 369 645 498
805 617 359 842 943 917 1110 684 353 232 841 624 349 326 636 720 301 1064 884 492 817 303 78 704 805 952 639 921 951 851 850 790 919 1031 282 990 911 289 746 933 889 954 932 345 835 826 911 752 260 420 912 982 1019 950 441 690 528 1207 739 895 803 0 619 377 639 355 769
1074 573 674 1122 355 321 1391 962 589 604 245 365 585 872 255 1001 376 1345 295 774 229 849 624 509 493 363 258 326 362 1132 439 195 330 435 827 395 316 835 182 345 301 359 344 660 239 230 316 568 805 587 317 1262 1300 362 720 970 653 1487 144 1176 208 619 0 317 315 591 445
1108 619 662 1145 641 615 1413 987 636 361 538 359 631 629 334 1023 134 1367 581 795 515 606 381 556 602 649 337 619 648 1154 548 488 617 728 585 688 609 592 444 631 587 652 630 648 533 524 609 614 563 633 610 1285 1322 648 745 993 699 1510 437 1198 501 377 317 0 424 638 554
821 290 420 869 409 399 1137 709 336 657 406 111 332 638 131 748 483 1091 349 521 283 614 644 227 339 417 135 403 416 878 286 356 384 596 593 556 393 644 212 399 355 520 398 407 317 391 393 285 615 333 395 1009 1047 416 467 717 400 1234 220 922 369 639 315 424 0 338 161
663 315 262 711 685 675 979 551 52 373 682 323 48 397 408 590 582 933 626 363 559 374 360 402 504 694 411 680 693 720 580 632 661 872 352 832 670 360 488 675 631 796 675 249 593 667 670 451 330 175 671 851 889 693 309 559 242 1076 496 764 645 355 591 638 338 0 468
950 205 550 998 447 515 1267 838 465 787 536 241 461 767 261 877 613 1221 387 651 342 744 774 142 254 455 265 519 454 1008 202 485 422 726 723 685 509 774 341 436 392 649 436 537 433 521 509 201 744 463 511 1139 1176 454 596 846 529 1363 349 1052 498 769 445 554 161 468 0
EOF
