NAME : tsp_problem
TYPE : TSP
DIMENSION : 40
EDGE_WEIGHT_TYPE : EXPLICIT
EDGE_WEIGHT_FORMAT : FULL_MATRIX
EDGE_WEIGHT_SECTION
0 501 379 749 718 948 835 525 609 250 505 509 1047 1585 496 921 784 511 312 663 674 681 625 616 227 764 487 230 75 434 497 902 518 862 1188 607 859 609 1503 633
501 0 856 764 634 864 834 1002 554 656 277 271 963 1585 46 920 555 618 790 280 488 481 461 632 328 779 211 555 450 912 220 818 637 779 1187 933 776 728 1502 156
379 856 0 1102 1071 1301 1188 374 962 231 860 864 1400 1938 851 1273 1137 864 161 1018 1027 1034 978 969 582 1117 842 451 430 198 852 1255 871 1215 1541 828 1212 961 1856 988
749 764 1102 0 170 400 264 1247 239 900 872 876 499 1015 771 350 236 336 1035 610 304 310 450 246 661 136 781 726 697 1157 771 354 407 315 617 1166 312 345 933 760
718 634 1071 170 0 250 232 1216 208 869 841 845 349 983 640 318 99 305 1004 480 262 255 419 215 631 185 650 695 667 1126 641 204 376 164 585 1135 161 385 901 630
948 864 1301 400 250 0 463 1447 438 1099 1071 1075 201 1214 871 549 329 536 1234 710 493 486 650 446 861 416 881 926 897 1357 871 95 607 234 816 1366 122 616 1131 861
835 834 1188 264 232 463 0 1333 324 986 958 962 562 888 840 223 299 422 1121 680 390 396 536 332 747 279 850 812 783 1243 841 417 493 377 490 1252 374 488 805 830
525 1002 374 1247 1216 1447 1333 0 1107 377 1006 1010 1545 2084 996 1419 1283 1010 237 1163 1173 1179 1124 1115 728 1262 988 596 575 301 998 1400 1016 1361 1686 738 1358 1107 2002 1134
609 554 962 239 208 438 324 1107 0 760 732 736 537 1075 561 410 249 196 895 400 135 141 310 106 522 254 571 586 558 1017 561 392 268 352 677 1027 349 276 993 550
250 656 231 900 869 1099 986 377 760 0 660 664 1198 1736 651 1072 935 662 164 818 825 832 776 767 382 915 642 249 280 286 652 1053 669 1013 1339 626 1010 760 1654 788
505 277 860 872 841 1071 958 1006 732 660 0 100 1170 1709 271 1044 808 634 793 438 740 734 714 739 332 887 263 559 454 915 272 1025 641 986 1311 936 983 732 1626 301
509 271 864 876 845 1075 962 1010 736 664 100 0 1174 1712 265 1048 802 638 797 432 735 728 708 743 336 891 257 563 458 919 267 1029 645 989 1315 940 986 736 1630 296
1047 963 1400 499 349 201 562 1545 537 1198 1170 1174 0 1312 970 648 428 634 1333 809 591 585 748 544 960 514 980 1024 996 1455 970 193 706 333 915 1465 221 714 1230 959
1603 1602 1956 1032 1000 1231 905 2101 1092 1754 1726 1730 1330 0 1608 849 1067 1190 1889 1448 1158 1164 1304 1100 1515 1047 1619 1580 1551 2011 1609 1185 1261 1145 1096 2020 1142 1257 1411 1598
496 46 851 771 640 871 840 996 561 651 271 265 970 1591 0 926 561 624 784 287 494 488 467 638 322 786 205 550 445 906 215 825 631 785 1193 927 782 722 1509 162
1314 1314 1667 744 712 943 617 1813 804 1465 1437 1441 1041 718 1320 0 778 902 1600 1159 869 876 1016 812 1227 759 1330 1291 1263 1722 1320 896 973 857 807 1732 854 968 1123 1310
784 555 1137 236 99 329 299 1283 249 935 808 802 428 1050 561 385 0 371 1070 401 183 176 352 281 697 251 571 761 733 1192 562 283 443 243 652 1202 240 451 967 551
511 618 864 336 305 536 422 1010 196 662 634 638 634 1173 624 508 371 0 797 463 262 268 171 204 424 351 617 488 460 919 625 489 170 450 775 929 447 244 1090 614
312 790 161 1035 1004 1234 1121 237 895 164 793 797 1333 1872 784 1207 1070 797 0 951 960 967 912 902 515 1050 775 384 363 147 785 1188 804 1149 1474 761 1146 895 1789 921
663 280 1018 610 480 710 680 1163 400 818 438 432 809 1430 287 766 401 463 951 0 333 327 307 478 489 625 201 716 611 1073 191 664 577 624 1033 1094 621 648 1348 276
674 488 1027 304 262 493 390 1173 135 825 740 735 591 1141 494 476 183 262 960 333 0 109 285 171 587 319 504 651 623 1082 495 446 333 407 743 1092 404 342 1058 484
681 481 1034 310 255 486 396 1179 141 832 734 728 585 1147 488 482 176 268 967 327 109 0 278 178 594 326 498 658 630 1089 488 440 339 400 749 1098 397 348 1065 477
625 461 978 450 419 650 536 1124 310 776 714 708 748 1287 467 622 352 171 912 307 285 278 0 318 538 465 478 603 574 1034 468 603 284 564 889 1043 561 358 1205 457
616 632 969 246 215 446 332 1115 106 767 739 743 544 1083 638 418 281 204 902 478 171 178 318 0 529 231 649 594 565 1025 639 399 275 360 685 1034 357 199 1000 628
227 328 582 661 631 861 747 728 522 382 332 336 960 1498 322 833 697 424 515 489 587 594 538 529 0 677 314 281 176 637 324 815 430 775 1100 658 772 521 1416 460
764 779 1117 136 185 416 279 1262 254 915 887 891 514 1030 786 365 251 351 1050 625 319 326 465 231 677 0 796 741 713 1172 786 369 329 330 632 1181 327 243 948 776
487 211 842 781 650 881 850 988 571 642 263 257 980 1601 205 936 571 617 775 201 504 498 478 649 314 796 0 541 436 898 65 835 623 795 1204 919 792 714 1519 342
230 555 451 726 695 926 812 596 586 249 559 563 1024 1563 550 898 761 488 384 716 651 658 603 594 281 741 541 0 178 506 551 879 495 840 1165 458 837 586 1480 687
75 450 430 697 667 897 783 575 558 280 454 458 996 1534 445 869 733 460 363 611 623 630 574 565 176 713 436 178 0 485 446 851 466 811 1136 556 808 557 1452 582
434 912 198 1157 1126 1357 1243 301 1017 286 915 919 1455 1994 906 1329 1192 919 147 1073 1082 1089 1034 1025 637 1172 898 506 485 0 907 1310 926 1271 1596 883 1268 1017 1911 1043
497 220 852 771 641 871 841 998 561 652 272 267 970 1592 215 927 562 625 785 191 495 488 468 639 324 786 65 551 446 907 0 825 633 785 1194 928 782 724 1509 352
902 818 1255 354 204 95 417 1400 392 1053 1025 1029 193 1167 825 502 283 489 1188 664 446 440 603 399 815 369 835 879 851 1310 825 0 561 188 770 1320 91 569 1085 814
518 637 871 407 376 607 493 1016 268 669 641 645 706 1244 631 579 443 170 804 577 333 339 284 275 430 329 623 495 466 926 633 561 0 521 846 935 518 118 1162 727
862 779 1215 315 164 234 377 1361 352 1013 986 989 333 1128 785 463 243 450 1149 624 407 400 564 360 775 330 795 840 811 1271 785 188 521 0 730 1280 145 530 1046 775
1025 1024 1378 455 423 654 327 1524 515 1176 1148 1152 752 937 1031 272 489 612 1311 870 580 587 727 522 938 470 1041 1002 974 1433 1031 607 684 568 0 1443 565 679 554 1020
607 933 828 1166 1135 1366 1252 738 1027 626 936 940 1465 2003 927 1338 1202 929 761 1094 1092 1098 1043 1034 658 1181 919 458 556 883 928 1320 935 1280 1605 0 1277 1026 1921 1064
859 776 1212 312 161 122 374 1358 349 1010 983 986 221 1125 782 460 240 447 1146 621 404 397 561 357 772 327 792 837 808 1268 782 91 518 145 727 1277 0 527 1043 772
609 728 961 345 385 616 488 1107 276 760 732 736 714 1239 722 574 451 244 895 648 342 348 358 199 521 243 714 586 557 1017 724 569 118 530 841 1026 527 0 1157 798
1154 1153 1507 584 552 782 456 1653 644 1305 1277 1281 881 1066 1160 401 618 741 1440 999 709 716 856 651 1067 599 1170 1131 1103 1562 1160 736 813 696 175 1572 693 808 0 1149
633 156 988 760 630 861 830 1134 550 788 301 296 959 1581 162 916 551 614 921 276 484 477 457 628 460 776 342 687 582 1043 352 814 727 775 1183 1064 772 798 1498 0
EOF