NAME : tsp_problem
TYPE : TSP
DIMENSION : 67
EDGE_WEIGHT_TYPE : EXPLICIT
EDGE_WEIGHT_FORMAT : FULL_MATRIX
EDGE_WEIGHT_SECTION
0 599 620 543 334 271 171 296 493 656 632 577 574 544 360 750 663 498 558 659 603 264 780 748 717 578 359 445 250 297 734 719 734 576 643 173 165 635 575 593 683 73 650 682 114 338 633 420 224 561 651 732 715 642 489 619 471 567 373 541 173 401 262 322 873 174 259
599 0 371 528 890 434 727 611 1036 239 367 1131 326 529 725 501 1217 379 451 1213 295 739 531 1302 1271 1132 724 426 566 773 468 454 386 327 1197 729 721 386 327 277 446 629 402 445 555 703 368 581 540 455 234 467 466 103 584 371 1025 1120 494 283 489 955 738 486 1427 730 423
620 371 0 839 911 424 747 632 1056 307 260 1152 146 841 869 300 1238 156 227 1234 570 840 330 1323 1292 1153 868 737 587 873 362 348 385 147 1218 750 742 33 147 589 96 650 133 95 575 848 262 359 560 231 302 360 265 414 895 18 1046 1141 805 192 510 976 839 438 1448 751 413
543 528 839 0 834 703 670 728 993 707 835 1077 794 68 293 970 1163 848 920 1159 567 481 1000 1248 1217 1078 293 334 682 514 937 923 854 795 1143 673 665 854 795 320 915 540 870 913 614 272 836 852 530 923 702 935 935 484 122 839 971 1066 262 752 576 901 479 755 1373 674 691
334 890 911 834 0 562 213 502 646 947 923 339 866 835 652 1042 425 789 849 421 894 555 1072 510 479 340 651 736 457 588 1025 1011 1026 867 405 216 208 926 867 885 975 365 942 973 406 630 925 711 515 853 943 1023 1006 934 780 911 233 328 664 833 465 163 553 614 635 217 551
271 434 424 703 562 0 398 283 707 491 467 803 409 704 520 585 889 302 362 885 438 491 615 974 943 804 519 605 238 524 569 555 569 411 869 401 393 439 410 589 488 301 486 486 226 499 468 224 211 366 486 567 550 477 649 424 697 792 533 377 161 627 490 127 1099 402 63
171 727 747 670 213 398 0 338 482 783 759 456 702 672 488 878 542 625 686 538 730 391 908 627 596 457 487 572 293 424 861 847 862 703 522 52 44 762 703 721 811 201 778 810 242 466 761 547 352 689 779 859 843 770 616 747 350 445 500 669 301 280 390 450 752 53 387
296 611 632 728 502 283 338 0 473 668 644 626 587 729 545 762 712 510 570 708 615 516 792 797 766 627 544 630 155 549 746 732 746 588 692 341 333 647 588 766 696 326 663 694 251 523 645 432 236 574 664 744 727 655 674 632 520 615 558 554 186 450 514 335 922 342 272
493 1036 1056 993 646 707 482 473 0 1092 1068 755 1011 994 810 1187 841 934 995 837 1039 714 1217 926 895 756 809 895 580 747 1170 1156 1171 1012 821 485 477 1071 1012 1044 1120 523 1087 1119 565 789 1070 856 661 998 1088 1168 1152 1079 939 1056 649 744 823 978 610 579 712 759 980 486 696
656 239 307 707 947 491 783 668 1092 0 239 1188 205 708 904 381 1274 436 508 1270 474 876 411 1359 1328 1189 903 605 623 910 341 327 258 206 1254 786 778 322 206 456 385 686 281 383 612 882 240 638 597 512 106 339 346 282 763 307 1082 1177 673 156 546 1012 875 543 1484 787 479
632 367 260 835 923 467 759 644 1068 239 0 1164 158 837 881 334 1250 399 470 1246 582 853 364 1335 1304 1165 881 733 599 886 153 139 317 160 1230 762 754 275 159 584 338 662 235 337 588 860 53 601 573 473 235 151 299 410 891 260 1058 1153 801 132 522 988 851 519 1460 763 456
577 1131 1152 1077 339 803 456 626 755 1188 1164 0 1106 1078 894 1282 117 1030 1090 113 1135 798 1312 359 171 32 893 979 675 831 1266 1251 1266 1108 253 458 450 1167 1107 1127 1215 607 1182 1214 648 872 1165 952 756 1093 1183 1264 1247 1174 1023 1151 149 177 907 1073 705 221 796 854 484 459 791
574 326 146 794 866 409 702 587 1011 205 158 1106 0 795 824 220 1193 284 355 1188 525 795 250 1278 1247 1107 823 692 541 828 260 246 283 45 1172 705 696 161 45 543 224 604 120 222 530 802 160 487 515 359 200 258 184 369 850 146 1000 1096 760 91 464 930 793 461 1403 705 398
544 529 841 68 835 704 672 729 994 708 837 1078 795 0 295 971 1164 849 921 1160 569 482 1001 1249 1218 1079 294 336 684 515 938 924 855 797 1144 674 666 856 796 321 916 541 871 914 615 273 838 853 531 924 704 936 936 485 124 840 972 1067 264 753 577 902 480 756 1374 675 693
360 725 869 293 652 520 488 545 810 904 881 894 824 295 0 1000 980 747 807 976 764 298 1030 1065 1035 895 36 368 500 331 983 969 983 825 960 490 482 884 825 517 933 358 900 931 432 56 883 669 347 811 899 981 964 681 239 869 788 884 296 791 393 718 296 572 1190 491 509
750 501 300 970 1042 585 878 762 1187 381 334 1282 220 971 1000 0 1369 438 509 1364 700 971 109 1454 1423 1283 999 868 717 1004 436 422 459 221 1348 880 872 315 221 719 378 780 274 376 706 978 336 641 691 513 376 434 77 545 1026 300 1176 1272 936 266 640 1106 969 637 1578 881 574
663 1217 1238 1163 425 889 542 712 841 1274 1250 117 1193 1164 980 1369 0 1116 1176 56 1221 884 1399 442 115 118 980 1065 761 917 1352 1338 1352 1194 336 545 537 1253 1194 1214 1302 693 1269 1300 735 959 1252 1038 842 1180 1270 1350 1333 1261 1109 1238 236 262 993 1160 792 308 882 941 567 546 878
498 379 156 848 789 302 625 510 934 436 399 1030 284 849 747 438 1116 0 235 1112 448 718 468 1201 1170 1031 746 745 465 751 500 486 514 285 1096 628 620 171 285 597 232 528 271 230 453 725 400 237 438 238 431 498 403 422 876 156 924 1019 760 322 388 854 716 315 1326 628 290
558 451 227 920 849 362 686 570 995 508 470 1090 355 921 807 509 1176 235 0 1172 584 779 539 1261 1230 1091 807 817 525 812 571 557 586 356 1156 688 680 242 356 669 169 588 342 167 514 786 471 205 499 47 504 570 474 495 936 227 984 1080 820 394 448 914 777 375 1386 689 351
659 1213 1234 1159 421 885 538 708 837 1270 1246 113 1188 1160 976 1364 56 1112 1172 0 1217 880 1394 437 110 114 975 1061 757 913 1348 1334 1348 1190 332 540 532 1249 1189 1209 1297 689 1264 1296 731 954 1247 1034 838 1176 1265 1346 1329 1256 1105 1233 231 257 989 1155 787 303 878 936 562 541 873
603 295 570 567 894 438 730 615 1039 474 582 1135 525 569 764 700 1221 448 584 1217 0 779 731 1306 1275 1136 764 465 570 812 684 670 621 526 1201 733 725 585 526 317 645 633 601 644 559 743 583 585 543 587 470 682 665 251 623 570 1029 1124 533 492 493 959 777 490 1431 734 426
264 739 840 481 555 491 391 516 714 876 853 798 795 482 298 971 884 718 779 880 779 0 1001 969 938 799 297 383 471 76 954 940 955 796 864 394 386 855 796 532 904 261 871 903 335 277 854 640 362 782 872 952 936 696 427 840 692 787 311 762 394 622 41 543 1094 395 480
780 531 330 1000 1072 615 908 792 1217 411 364 1312 250 1001 1030 109 1399 468 539 1394 731 1001 0 1484 1453 1313 1029 898 747 1034 466 452 489 251 1378 910 902 345 251 749 408 810 304 406 736 1008 366 671 721 543 406 464 107 575 1056 330 1206 1302 966 296 670 1136 999 667 1608 911 604
748 1302 1323 1248 510 974 627 797 926 1359 1335 359 1278 1249 1065 1454 442 1201 1261 437 1306 969 1484 0 366 360 1065 1150 846 1002 1437 1423 1437 1279 163 630 622 1338 1279 1299 1387 778 1354 1385 820 1044 1337 1123 927 1265 1355 1435 1418 1346 1194 1323 321 217 1078 1245 877 393 967 1026 182 630 963
717 1271 1292 1217 479 943 596 766 895 1328 1304 171 1247 1218 1035 1423 115 1170 1230 110 1275 938 1453 366 0 173 1034 1119 815 971 1406 1392 1407 1248 261 599 591 1307 1248 1268 1356 748 1323 1354 789 1013 1306 1092 896 1234 1324 1404 1387 1315 1163 1292 290 186 1047 1214 846 362 936 995 491 600 932
578 1132 1153 1078 340 804 457 627 756 1189 1165 32 1107 1079 895 1283 118 1031 1091 114 1136 799 1313 360 173 0 894 980 676 832 1267 1253 1267 1109 254 460 451 1168 1108 1129 1217 608 1184 1215 650 873 1166 953 757 1095 1184 1265 1248 1175 1024 1152 150 178 908 1074 706 222 797 856 485 460 792
359 724 868 293 651 519 487 544 809 903 881 893 823 294 36 999 980 746 807 975 764 297 1029 1065 1034 894 0 368 499 331 982 968 983 824 959 490 481 883 824 516 932 357 899 931 431 55 882 669 346 810 899 980 964 680 239 868 787 883 296 790 392 717 296 571 1190 490 508
445 426 737 334 736 605 572 630 895 605 733 979 692 336 368 868 1065 745 817 1061 465 383 898 1150 1119 980 368 0 584 416 835 821 752 693 1045 575 567 752 693 218 812 442 768 811 516 347 734 754 432 821 600 833 832 382 390 737 873 968 300 649 478 803 381 657 1275 576 593
250 566 587 682 457 238 293 155 580 623 599 675 541 684 500 717 761 465 525 757 570 471 747 846 815 676 499 584 0 504 701 687 701 543 741 296 288 602 542 721 651 280 618 649 206 478 600 387 191 529 618 699 682 609 629 586 569 664 512 508 140 499 469 290 971 296 226
297 773 873 514 588 524 424 549 747 910 886 831 828 515 331 1004 917 751 812 913 812 76 1034 1002 971 832 331 416 504 0 987 973 988 829 897 427 419 888 829 565 937 294 904 936 368 310 887 674 395 815 905 985 969 729 460 873 725 820 344 795 427 655 57 576 1127 428 513
734 468 362 937 1025 569 861 746 1170 341 153 1266 260 938 983 436 1352 500 571 1348 684 954 466 1437 1406 1267 982 835 701 987 0 197 419 262 1332 864 856 377 261 686 440 764 336 439 689 961 154 703 674 575 336 47 401 512 993 362 1160 1255 903 233 624 1090 952 620 1562 864 557
719 454 348 923 1011 555 847 732 1156 327 139 1251 246 924 969 422 1338 486 557 1334 670 940 452 1423 1392 1253 968 821 687 973 197 0 405 247 1318 850 842 363 247 672 426 749 322 424 675 947 140 689 660 561 322 196 387 498 979 348 1146 1241 889 219 610 1076 938 606 1548 850 543
734 386 385 854 1026 569 862 746 1171 258 317 1266 283 855 983 459 1352 514 586 1348 621 955 489 1437 1407 1267 983 752 701 988 419 405 0 284 1332 864 856 400 284 603 463 764 359 461 690 962 319 717 675 590 254 417 424 429 910 385 1160 1256 820 234 624 1090 953 621 1562 865 558
576 327 147 795 867 411 703 588 1012 206 160 1108 45 797 825 221 1194 285 356 1190 526 796 251 1279 1248 1109 824 693 543 829 262 247 284 0 1174 706 698 162 46 545 225 606 121 224 531 804 161 488 516 360 202 260 186 370 851 147 1002 1097 761 92 466 932 795 463 1404 707 399
643 1197 1218 1143 405 869 522 692 821 1254 1230 253 1172 1144 960 1348 336 1096 1156 332 1201 864 1378 163 261 254 959 1045 741 897 1332 1318 1332 1174 0 524 516 1233 1173 1193 1282 673 1249 1280 715 938 1231 1018 822 1160 1249 1330 1313 1240 1089 1217 215 111 973 1139 771 287 862 921 288 525 857
173 729 750 673 216 401 52 341 485 786 762 458 705 674 490 880 545 628 688 540 733 394 910 630 599 460 490 575 296 427 864 850 864 706 524 0 47 765 706 724 814 203 781 812 245 469 763 550 354 692 782 862 845 773 619 750 353 448 503 672 304 283 392 453 755 55 390
165 721 742 665 208 393 44 333 477 778 754 450 696 666 482 872 537 620 680 532 725 386 902 622 591 451 481 567 288 419 856 842 856 698 516 47 0 757 697 716 806 195 773 804 237 461 755 542 346 684 773 854 837 764 611 742 344 440 495 664 296 274 384 445 747 47 381
635 386 33 854 926 439 762 647 1071 322 275 1167 161 856 884 315 1253 171 242 1249 585 855 345 1338 1307 1168 883 752 602 888 377 363 400 162 1233 765 757 0 162 604 111 665 148 110 590 862 277 374 575 246 317 375 280 429 910 33 1061 1156 820 207 525 991 854 452 1463 766 428
575 327 147 795 867 410 703 588 1012 206 159 1107 45 796 825 221 1194 285 356 1189 526 796 251 1279 1248 1108 824 693 542 829 261 247 284 46 1173 706 697 162 0 544 225 605 121 223 531 803 161 488 516 360 201 259 185 370 851 146 1001 1097 761 91 465 931 794 462 1404 706 399
593 277 589 320 885 589 721 766 1044 456 584 1127 543 321 517 719 1214 597 669 1209 317 532 749 1299 1268 1129 516 218 721 565 686 672 603 545 1193 724 716 604 544 0 664 591 619 662 665 495 586 737 581 672 452 684 684 233 376 588 1022 1117 286 501 626 952 530 641 1424 724 578
683 446 96 915 975 488 811 696 1120 385 338 1215 224 916 933 378 1302 232 169 1297 645 904 408 1387 1356 1217 932 812 651 937 440 426 463 225 1282 814 806 111 225 664 0 713 211 36 639 911 340 330 624 173 380 438 343 490 970 96 1110 1205 881 270 574 1040 902 501 1512 814 476
73 629 650 540 365 301 201 326 523 686 662 607 604 541 358 780 693 528 588 689 633 261 810 778 748 608 357 442 280 294 764 749 764 606 673 203 195 665 605 591 713 0 680 712 145 336 663 450 254 591 681 762 745 672 486 649 501 597 370 571 203 431 259 352 903 204 289
650 402 133 870 942 486 778 663 1087 281 235 1182 120 871 900 274 1269 271 342 1264 601 871 304 1354 1323 1184 899 768 618 904 336 322 359 121 1249 781 773 148 121 619 211 680 0 210 606 878 236 474 591 346 277 335 239 445 926 133 1077 1172 836 167 541 1007 869 537 1479 781 474
682 445 95 913 973 486 810 694 1119 383 337 1214 222 914 931 376 1300 230 167 1296 644 903 406 1385 1354 1215 931 811 649 936 439 424 461 224 1280 812 804 110 223 662 36 712 210 0 638 910 338 329 623 171 379 437 341 488 969 94 1108 1204 879 269 572 1038 901 499 1510 813 475
114 555 575 614 406 226 242 251 565 612 588 648 530 615 432 706 735 453 514 731 559 335 736 820 789 650 431 516 206 368 689 675 690 531 715 245 237 590 531 665 639 145 606 638 0 410 589 376 180 517 607 687 671 598 560 575 543 638 444 497 129 473 333 278 945 245 215
338 703 848 272 630 499 466 523 789 882 860 872 802 273 56 978 959 725 786 954 743 277 1008 1044 1013 873 55 347 478 310 961 947 962 804 938 469 461 862 803 495 911 336 878 910 410 0 861 648 325 789 878 960 943 659 218 847 766 862 275 769 371 697 275 550 1169 469 487
633 368 262 836 925 468 761 645 1070 240 53 1165 160 838 883 336 1252 400 471 1247 583 854 366 1337 1306 1166 882 734 600 887 154 140 319 161 1231 763 755 277 161 586 340 663 236 338 589 861 0 603 574 475 236 153 300 411 892 261 1059 1155 802 133 523 989 852 520 1461 764 457
420 581 359 852 711 224 547 432 856 638 601 952 487 853 669 641 1038 237 205 1034 585 640 671 1123 1092 953 669 754 387 674 703 689 717 488 1018 550 542 374 488 737 330 450 474 329 376 648 603 0 361 208 634 701 606 625 798 359 846 941 682 524 310 776 639 237 1248 551 212
224 540 560 530 515 211 352 236 661 597 573 756 515 531 347 691 842 438 499 838 543 362 721 927 896 757 346 432 191 395 674 660 675 516 822 354 346 575 516 581 624 254 591 623 180 325 574 361 0 502 592 672 656 583 476 560 650 745 360 482 84 580 360 263 1052 355 200
561 455 231 923 853 366 689 574 998 512 473 1093 359 924 811 513 1180 238 47 1176 587 782 543 1265 1234 1095 810 821 529 815 575 561 590 360 1160 692 684 246 360 672 173 591 346 171 517 789 475 208 502 0 507 573 478 498 940 231 988 1083 824 397 452 918 780 379 1390 692 354
651 234 302 702 943 486 779 664 1088 106 235 1183 200 704 899 376 1270 431 504 1265 470 872 406 1355 1324 1184 899 600 618 905 336 322 254 202 1249 782 773 317 201 452 380 681 277 379 607 878 236 634 592 507 0 334 341 277 758 302 1077 1173 668 151 541 1007 870 538 1480 782 475
732 467 360 935 1023 567 859 744 1168 339 151 1264 258 936 981 434 1350 498 570 1346 682 952 464 1435 1404 1265 980 833 699 985 47 196 417 260 1330 862 854 375 259 684 438 762 335 437 687 960 153 701 672 573 334 0 399 510 991 360 1158 1253 901 232 622 1088 951 619 1560 863 555
715 466 265 935 1006 550 843 727 1152 346 299 1247 184 936 964 77 1333 403 474 1329 665 936 107 1418 1387 1248 964 832 682 969 401 387 424 186 1313 845 837 280 185 684 343 745 239 341 671 943 300 606 656 478 341 399 0 510 990 264 1141 1236 901 231 605 1071 934 602 1543 846 539
642 103 414 484 934 477 770 655 1079 282 410 1174 369 485 681 545 1261 422 495 1256 251 696 575 1346 1315 1175 680 382 609 729 512 498 429 370 1240 773 764 429 370 233 490 672 445 488 598 659 411 625 583 498 277 510 510 0 540 414 1068 1164 450 327 532 998 694 529 1471 773 466
489 584 895 122 780 649 616 674 939 763 891 1023 850 124 239 1026 1109 876 936 1105 623 427 1056 1194 1163 1024 239 390 629 460 993 979 910 851 1089 619 611 910 851 376 970 486 926 969 560 218 892 798 476 940 758 991 990 540 0 895 917 1012 318 807 522 847 425 701 1319 620 638
619 371 18 839 911 424 747 632 1056 307 260 1151 146 840 869 300 1238 156 227 1233 570 840 330 1323 1292 1152 868 737 586 873 362 348 385 147 1217 750 742 33 146 588 96 649 133 94 575 847 261 359 560 231 302 360 264 414 895 0 1045 1141 805 192 510 976 838 437 1448 750 412
471 1025 1046 971 233 697 350 520 649 1082 1058 149 1000 972 788 1176 236 924 984 231 1029 692 1206 321 290 150 787 873 569 725 1160 1146 1160 1002 215 353 344 1061 1001 1022 1110 501 1077 1108 543 766 1059 846 650 988 1077 1158 1141 1068 917 1045 0 139 801 967 599 115 690 749 445 353 685
567 1120 1141 1066 328 792 445 615 744 1177 1153 177 1096 1067 884 1272 262 1019 1080 257 1124 787 1302 217 186 178 883 968 664 820 1255 1241 1256 1097 111 448 440 1156 1097 1117 1205 597 1172 1204 638 862 1155 941 745 1083 1173 1253 1236 1164 1012 1141 139 0 896 1063 695 211 785 844 342 449 781
373 494 805 262 664 533 500 558 823 673 801 907 760 264 296 936 993 760 820 989 533 311 966 1078 1047 908 296 300 512 344 903 889 820 761 973 503 495 820 761 286 881 370 836 879 444 275 802 682 360 824 668 901 901 450 318 805 801 896 0 718 406 731 309 585 1203 504 521
541 283 192 752 833 377 669 554 978 156 132 1073 91 753 791 266 1160 322 394 1155 492 762 296 1245 1214 1074 790 649 508 795 233 219 234 92 1139 672 664 207 91 501 270 571 167 269 497 769 133 524 482 397 151 232 231 327 807 192 967 1063 718 0 432 898 760 428 1370 672 365
173 489 510 576 465 161 301 186 610 546 522 705 464 577 393 640 792 388 448 787 493 394 670 877 846 706 392 478 140 427 624 610 624 466 771 304 296 525 465 626 574 203 541 572 129 371 523 310 84 452 541 622 605 532 522 510 599 695 406 432 0 530 392 213 1002 304 149
401 955 976 901 163 627 280 450 579 1012 988 221 930 902 718 1106 308 854 914 303 959 622 1136 393 362 222 717 803 499 655 1090 1076 1090 932 287 283 274 991 931 952 1040 431 1007 1038 473 697 989 776 580 918 1007 1088 1071 998 847 976 115 211 731 898 530 0 620 679 517 283 615
262 738 839 479 553 490 390 514 712 875 851 796 793 480 296 969 882 716 777 878 777 41 999 967 936 797 296 381 469 57 952 938 953 795 862 392 384 854 794 530 902 259 869 901 333 275 852 639 360 780 870 951 934 694 425 838 690 785 309 760 392 620 0 541 1092 393 478
322 486 438 755 614 127 450 335 759 543 519 854 461 756 572 637 941 315 375 936 490 543 667 1026 995 856 571 657 290 576 620 606 621 463 921 453 445 452 462 641 501 352 537 499 278 550 520 237 263 379 538 619 602 529 701 437 749 844 585 428 213 679 541 0 1151 453 115
873 1427 1448 1373 635 1099 752 922 980 1484 1460 484 1403 1374 1190 1578 567 1326 1386 562 1431 1094 1608 182 491 485 1190 1275 971 1127 1562 1548 1562 1404 288 755 747 1463 1404 1424 1512 903 1479 1510 945 1169 1461 1248 1052 1390 1480 1560 1543 1471 1319 1448 445 342 1203 1370 1002 517 1092 1151 0 755 1088
174 730 751 674 217 402 53 342 486 787 763 459 705 675 491 881 546 628 689 541 734 395 911 630 600 460 490 576 296 428 864 850 865 707 525 55 47 766 706 724 814 204 781 813 245 469 764 551 355 692 782 863 846 773 620 750 353 449 504 672 304 283 393 453 755 0 390
259 423 413 691 551 63 387 272 696 479 456 791 398 693 509 574 878 290 351 873 426 480 604 963 932 792 508 593 226 513 557 543 558 399 857 390 381 428 399 578 476 289 474 475 215 487 457 212 200 354 475 555 539 466 638 412 685 781 521 365 149 615 478 115 1088 390 0
EOF
