NAME : tsp_problem
TYPE : TSP
DIMENSION : 24
EDGE_WEIGHT_TYPE : EXPLICIT
EDGE_WEIGHT_FORMAT : FULL_MATRIX
EDGE_WEIGHT_SECTION
0 634 550 525 845 760 349 830 645 600 412 479 715 179 253 367 773 695 628 464 512 732 589 604
634 0 141 656 1345 1260 337 1331 173 71 265 214 1216 527 856 970 1273 1196 66 400 859 468 325 1105
550 141 0 572 1261 1176 253 1246 151 106 181 130 1132 443 772 885 1189 1111 134 316 774 384 241 1020
525 656 572 0 1235 1150 370 1221 666 621 434 491 1106 417 658 737 1164 1086 649 320 510 754 611 995
845 1345 1261 1235 0 323 1059 227 1356 1310 1123 1190 266 890 853 1009 280 187 1338 1174 1154 1443 1300 282
760 1260 1176 1150 323 0 974 209 1271 1225 1038 1105 195 805 768 924 132 286 1253 1089 1069 1358 1215 171
349 337 253 370 1059 974 0 1045 347 302 115 181 930 241 570 684 988 910 330 166 641 435 292 819
830 1331 1246 1221 227 209 1045 0 1341 1296 1108 1175 228 875 838 995 165 172 1324 1160 1139 1428 1285 268
645 173 151 666 1356 1271 347 1341 0 138 275 225 1226 538 866 980 1284 1206 166 410 869 479 336 1115
600 71 106 621 1310 1225 302 1296 138 0 230 179 1181 492 821 935 1239 1161 85 365 824 433 290 1070
412 265 181 434 1123 1038 115 1108 275 230 0 110 994 305 634 747 1051 973 258 178 653 363 220 882
479 214 130 491 1190 1105 181 1175 225 179 110 0 1061 372 701 814 1118 1040 208 245 674 335 193 949
715 1216 1132 1106 266 195 930 228 1226 1181 994 1061 0 760 723 880 83 117 1209 1045 1025 1314 1171 153
179 527 443 417 890 805 241 875 538 492 305 372 760 0 400 514 818 740 520 356 659 625 482 649
253 856 772 658 853 768 570 838 866 821 634 701 723 400 0 192 781 703 849 650 337 954 811 612
367 970 885 737 1009 924 684 995 980 935 747 814 880 514 192 0 938 860 963 730 278 1067 925 769
773 1273 1189 1164 280 132 988 165 1284 1239 1051 1118 83 818 781 938 0 174 1267 1103 1082 1371 1228 211
695 1196 1111 1086 187 286 910 172 1206 1161 973 1040 117 740 703 860 174 0 1189 1025 1004 1293 1151 133
628 66 134 649 1338 1253 330 1324 166 85 258 208 1209 520 849 963 1267 1189 0 393 852 462 319 1098
464 400 316 320 1174 1089 166 1160 410 365 178 245 1045 356 650 730 1103 1025 393 0 502 498 355 934
512 859 774 510 1154 1069 641 1139 869 824 653 674 1025 659 337 278 1082 1004 852 502 0 973 830 913
732 468 384 754 1443 1358 435 1428 479 433 363 335 1314 625 954 1067 1371 1293 462 498 973 0 207 1202
589 325 241 611 1300 1215 292 1285 336 290 220 193 1171 482 811 925 1228 1151 319 355 830 207 0 1060
604 1105 1020 995 282 171 819 268 1115 1070 882 949 153 649 612 769 211 133 1098 934 913 1202 1060 0
EOF