NAME : tsp_problem
TYPE : TSP
DIMENSION : 34
EDGE_WEIGHT_TYPE : EXPLICIT
EDGE_WEIGHT_FORMAT : FULL_MATRIX
EDGE_WEIGHT_SECTION
0 722 707 237 199 514 607 487 470 522 678 784 596 597 670 307 539 593 716 293 942 708 636 472 785 363 861 205 186 460 394 873 375 294
722 0 371 911 566 713 1279 779 343 712 1350 262 1268 757 432 790 556 753 515 911 419 525 590 346 122 606 198 879 585 399 809 209 1047 777
707 371 0 896 551 715 1264 781 328 713 1336 448 1253 758 85 775 208 754 516 896 605 526 591 331 434 591 510 864 570 322 794 522 1032 762
237 911 896 0 389 703 458 676 659 711 529 974 447 786 859 497 729 783 906 162 1131 898 825 662 974 553 1050 158 376 650 583 1062 226 483
199 566 551 389 0 474 758 447 314 482 830 628 748 557 514 267 384 554 635 392 786 644 596 316 629 208 705 357 62 305 354 717 527 254
514 713 715 703 474 0 1073 275 552 193 1145 692 1062 252 776 300 747 248 231 707 850 223 306 561 776 358 852 671 461 666 276 864 841 249
607 1279 1264 458 758 1073 0 1046 1027 1081 251 1341 187 1156 1227 866 1096 1152 1275 397 1499 1267 1195 1029 1342 920 1418 527 745 1017 953 1430 269 853
487 779 781 676 447 275 1046 0 618 306 1117 758 1035 178 842 273 720 174 297 680 916 289 420 627 842 331 918 644 434 641 248 930 814 222
470 343 328 659 314 552 1027 618 0 551 1098 406 1016 596 367 538 318 592 354 659 563 363 429 42 406 354 482 627 333 147 557 494 795 525
522 712 713 711 482 193 1081 306 551 0 1153 691 1070 385 775 308 755 381 230 715 848 222 179 559 775 366 851 679 469 664 284 863 849 257
678 1350 1336 529 830 1145 251 1117 1098 1153 0 1413 112 1228 1299 938 1168 1224 1347 469 1570 1339 1266 1101 1414 992 1490 599 817 1089 1024 1501 341 925
784 262 448 974 628 692 1341 758 406 691 1413 0 1331 736 509 852 632 732 494 973 225 504 569 408 325 669 401 942 647 461 872 413 1110 839
596 1268 1253 447 748 1062 187 1035 1016 1070 112 1331 0 1145 1216 856 1086 1142 1265 387 1488 1257 1184 1019 1331 910 1407 517 735 1007 942 1419 259 842
597 757 758 786 557 252 1156 178 596 385 1228 736 1145 0 820 383 830 127 275 790 893 267 398 604 820 441 896 754 544 709 347 908 924 332
670 432 85 859 514 776 1227 842 367 775 1299 509 1216 820 0 738 152 816 578 859 667 587 653 369 496 554 571 827 533 294 757 583 995 725
307 790 775 497 267 300 866 273 538 308 938 852 856 383 738 0 608 379 502 500 1010 494 421 540 853 262 929 464 254 529 180 941 634 80
539 556 208 729 384 747 1096 720 318 755 1168 632 1086 830 152 608 0 826 638 728 790 648 714 320 619 424 695 697 402 246 627 707 865 594
593 753 754 783 554 248 1152 174 592 381 1224 732 1142 127 816 379 826 0 271 786 890 263 394 600 816 438 892 750 541 705 355 904 921 329
716 515 516 906 635 231 1275 297 354 230 1347 494 1265 275 578 502 638 271 0 909 651 91 156 362 578 561 654 874 653 467 478 666 1044 452
293 911 896 162 392 707 397 680 659 715 469 973 387 790 859 500 728 786 909 0 1130 901 828 661 974 552 1050 232 379 649 586 1062 166 487
942 419 605 1131 786 850 1499 916 563 848 1570 225 1488 893 667 1010 790 890 651 1130 0 661 727 565 482 826 558 1099 804 618 1029 570 1267 997
708 525 526 898 644 223 1267 289 363 222 1339 504 1257 267 587 494 648 263 91 901 661 0 166 372 588 553 664 866 656 477 470 675 1036 444
636 590 591 825 596 306 1195 420 429 179 1266 569 1184 398 653 421 714 394 156 828 727 166 0 437 653 480 729 793 583 542 397 741 963 371
472 346 331 662 316 561 1029 627 42 559 1101 408 1019 604 369 540 320 600 362 661 565 372 437 0 409 356 485 629 335 149 559 497 797 527
785 122 434 974 629 776 1342 842 406 775 1414 325 1331 820 496 853 619 816 578 974 482 588 653 409 0 669 194 942 648 462 872 149 1110 840
363 606 591 553 208 358 920 331 354 366 992 669 910 441 554 262 424 438 561 552 826 553 480 356 669 0 745 521 226 345 238 757 689 212
1289 625 938 1478 1133 1280 1846 1346 910 1279 1917 829 1835 1324 999 1357 1123 1320 1082 1477 986 1091 1157 912 622 1173 0 1446 1152 966 1376 710 1614 1344
205 879 864 158 357 671 527 644 627 679 599 942 517 754 827 464 697 750 874 232 1099 866 793 629 942 521 1018 0 344 618 551 1030 296 451
186 585 570 376 62 461 745 434 333 469 817 647 735 544 533 254 402 541 653 379 804 656 583 335 648 226 724 344 0 323 341 736 514 241
460 399 322 650 305 666 1017 641 147 664 1089 461 1007 709 294 529 246 705 467 649 618 477 542 149 462 345 538 618 323 0 548 550 786 515
394 809 794 583 354 276 953 248 557 284 1024 872 942 347 757 180 627 355 478 586 1029 470 397 559 872 238 948 551 341 548 0 960 721 129
873 209 522 1062 717 864 1430 930 494 863 1501 413 1419 908 583 941 707 904 666 1062 570 675 741 497 149 757 282 1030 736 550 960 0 1198 928
375 1047 1032 226 527 841 269 814 795 849 341 1110 259 924 995 634 865 921 1044 166 1267 1036 963 797 1110 689 1186 296 514 786 721 1198 0 621
294 777 762 483 254 249 853 222 525 257 925 839 842 332 725 80 594 329 452 487 997 444 371 527 840 212 916 451 241 515 129 928 621 0
EOF