NAME : tsp_problem
TYPE : TSP
DIMENSION : 38
EDGE_WEIGHT_TYPE : EXPLICIT
EDGE_WEIGHT_FORMAT : FULL_MATRIX
EDGE_WEIGHT_SECTION
0 619 600 322 320 298 657 712 787 821 462 212 334 664 330 940 691 684 1019 404 690 445 373 556 469 1040 319 469 998 1018 648 1014 293 590 438 447 450 547
619 0 515 848 341 404 109 414 705 739 378 521 328 580 855 857 430 614 937 929 1216 970 898 257 994 958 343 385 916 936 500 932 399 465 964 972 976 463
600 515 0 829 322 435 553 677 223 256 157 501 309 98 836 375 693 456 455 910 1196 951 879 520 975 476 323 158 434 453 763 450 430 728 944 953 956 77
322 848 829 0 549 527 886 893 1016 1050 691 441 563 893 349 1169 837 913 1248 294 398 152 213 785 176 1269 548 698 1227 1247 795 1243 522 737 146 281 284 776
320 341 322 549 0 156 379 503 512 545 185 222 68 387 556 664 519 420 744 631 917 671 600 346 696 765 52 192 723 742 589 739 151 554 665 674 677 270
298 404 435 527 156 0 442 455 623 656 297 200 170 500 534 775 471 520 855 609 895 649 577 298 673 876 154 304 834 853 541 850 67 506 643 652 655 382
657 109 553 886 379 442 0 451 743 776 416 558 366 618 893 895 468 652 975 967 1253 1008 936 295 1032 996 380 423 954 974 538 970 436 502 1001 1010 1013 501
712 414 677 893 503 455 451 0 866 900 539 614 489 742 916 1019 78 775 1099 991 1261 1015 959 237 1039 1120 504 546 1078 1097 148 1093 449 188 1009 1034 1037 624
787 705 223 1016 512 623 743 866 0 113 347 689 498 221 1023 232 883 512 312 1098 1384 1138 1067 710 1163 333 513 347 291 310 953 307 618 918 1132 1141 1144 267
821 739 256 1050 545 656 776 900 113 0 380 722 532 254 1057 265 916 545 345 1131 1418 1172 1100 743 1196 366 547 381 324 343 986 340 651 951 1166 1174 1177 300
462 378 157 691 185 297 416 539 347 380 0 364 171 222 698 499 556 319 579 773 1059 813 741 383 838 600 186 67 558 578 626 574 293 590 807 816 819 105
212 521 501 441 222 200 558 614 689 722 364 0 236 566 377 841 631 586 921 452 809 563 420 458 587 942 221 371 900 920 701 916 195 665 557 566 569 449
334 328 309 563 68 170 366 489 498 532 171 236 0 373 570 651 506 407 730 645 931 685 613 332 710 751 66 178 709 729 575 725 165 540 679 688 691 256
664 580 98 893 387 500 618 742 221 254 222 566 373 0 901 373 758 521 453 975 1261 1016 944 585 1040 474 388 222 432 452 828 448 495 793 1009 1018 1021 142
330 855 836 349 556 534 893 916 1023 1057 698 377 570 901 0 1176 861 920 1256 115 717 471 169 792 495 1277 555 705 1235 1254 818 1250 529 760 465 395 398 783
940 857 375 1169 664 775 895 1019 232 265 499 841 651 373 1176 0 1035 664 205 1250 1536 1291 1219 862 1315 226 665 500 184 203 1105 200 770 1070 1284 1293 1296 419
691 430 693 837 519 471 468 78 883 916 556 631 506 758 861 1035 0 792 1115 935 1205 960 904 253 984 1136 520 563 1094 1114 93 1110 465 133 953 978 982 641
684 614 456 913 420 520 652 775 512 545 319 586 407 521 920 664 792 0 744 995 1281 1035 964 618 1060 765 422 326 723 742 862 739 515 826 1029 1038 1041 404
1019 937 455 1248 744 855 975 1099 312 345 579 921 730 453 1256 205 1115 744 0 1330 1616 1371 1299 942 1395 168 745 579 134 145 1185 25 850 1150 1364 1373 1376 499
404 929 910 294 631 609 967 991 1098 1131 773 452 645 975 115 1250 935 995 1330 0 662 416 114 866 441 1351 630 780 1309 1328 893 1325 604 835 410 340 344 858
534 1059 1040 241 761 738 1097 1104 1228 1261 902 652 775 1105 560 1380 1049 1125 1460 506 0 282 424 996 159 1481 759 909 1439 1458 1006 1455 733 948 275 492 495 987
445 970 951 152 671 649 1008 1015 1138 1172 813 563 685 1016 471 1291 960 1035 1371 416 438 0 335 907 217 1392 670 820 1350 1369 917 1365 644 859 24 403 406 898
373 898 879 213 600 577 936 959 1067 1100 741 420 613 944 169 1219 904 964 1299 114 581 335 0 835 359 1320 598 748 1278 1297 861 1293 572 803 329 259 262 826
556 257 520 785 346 298 295 237 710 743 383 458 332 585 792 862 253 618 942 866 1153 907 835 0 931 963 347 390 921 940 323 937 292 288 901 910 913 468
927 1453 1434 635 1154 1132 1491 1498 1621 1655 1296 1046 1168 1498 954 1774 1442 1518 1853 899 754 675 818 1390 0 1874 1153 1303 1832 1852 1400 1848 1127 1342 669 886 889 1381
1040 958 476 1269 765 876 996 1120 333 366 600 942 751 474 1277 226 1136 765 168 1351 1637 1392 1320 963 1416 0 766 600 155 64 1206 163 871 1171 1385 1394 1397 520
319 343 323 548 52 154 380 504 513 547 186 221 66 388 555 665 520 422 745 630 916 670 598 347 694 766 0 193 724 744 590 740 150 555 664 673 676 271
469 385 158 698 192 304 423 546 347 381 67 371 178 222 705 500 563 326 579 780 1066 820 748 390 844 600 193 0 558 578 633 574 300 597 814 823 826 105
998 916 434 1227 723 834 954 1078 291 324 558 900 709 432 1235 184 1094 723 134 1309 1595 1350 1278 921 1374 155 724 558 0 132 1164 129 829 1129 1343 1352 1355 478
1018 936 453 1247 742 853 974 1097 310 343 578 920 729 452 1254 203 1114 742 145 1328 1615 1369 1297 940 1393 64 744 578 132 0 1183 140 848 1148 1363 1372 1375 497
648 500 763 795 589 541 538 148 953 986 626 701 575 828 818 1105 93 862 1185 893 1163 917 861 323 941 1206 590 633 1164 1183 0 1180 535 90 911 936 939 711
1014 932 450 1243 739 850 970 1093 307 340 574 916 725 448 1250 200 1110 739 25 1325 1611 1365 1293 937 1390 163 740 574 129 140 1180 0 845 1144 1359 1368 1371 494
293 399 430 522 151 67 436 449 618 651 293 195 165 495 529 770 465 515 850 604 890 644 572 292 669 871 150 300 829 848 535 845 0 500 638 647 650 378
590 465 728 737 554 506 502 188 918 951 590 665 540 793 760 1070 133 826 1150 835 1105 859 803 288 883 1171 555 597 1129 1148 90 1144 500 0 853 878 881 675
438 964 944 146 665 643 1001 1009 1132 1166 807 557 679 1009 465 1284 953 1029 1364 410 432 24 329 901 210 1385 664 814 1343 1363 911 1359 638 853 0 397 400 892
447 972 953 281 674 652 1010 1034 1141 1174 816 566 688 1018 395 1293 978 1038 1373 340 649 403 259 910 427 1394 673 823 1352 1372 936 1368 647 878 397 0 115 901
450 976 956 284 677 655 1013 1037 1144 1177 819 569 691 1021 398 1296 982 1041 1376 344 652 406 262 913 430 1397 676 826 1355 1375 939 1371 650 881 400 115 0 904
547 463 77 776 270 382 501 624 267 300 105 449 256 142 783 419 641 404 499 858 1144 898 826 468 922 520 271 105 478 497 711 494 378 675 892 901 904 0
EOF