NAME : tsp_problem
TYPE : TSP
DIMENSION : 38
EDGE_WEIGHT_TYPE : EXPLICIT
EDGE_WEIGHT_FORMAT : FULL_MATRIX
EDGE_WEIGHT_SECTION
0 778 511 279 1093 199 673 530 553 264 477 471 392 861 497 196 431 240 240 784 769 442 425 563 336 606 307 234 813 363 984 296 500 496 276 505 510 195
778 0 296 1011 1825 711 153 1262 895 996 1209 1203 1124 214 1229 709 773 971 590 136 234 1174 1157 308 1068 979 549 595 204 1095 336 570 1232 837 572 1236 1242 927
511 296 0 743 1558 444 191 994 629 729 941 935 857 379 961 441 507 704 325 302 287 906 890 213 801 713 281 330 331 828 502 305 964 572 304 969 975 660
279 1011 743 0 981 432 905 418 541 152 365 359 280 1094 385 429 664 98 473 1017 1002 330 313 796 255 418 540 467 1046 251 1217 529 388 565 509 392 398 135
820 1552 1284 708 0 972 1446 758 1203 603 704 699 675 1635 517 970 1205 668 1014 1557 1543 670 654 1337 918 1081 1081 1008 1587 718 1757 1070 521 1228 1050 525 739 676
199 711 444 432 1246 0 606 682 388 417 629 623 545 794 649 64 267 392 173 717 702 594 578 496 489 472 240 167 746 516 917 229 652 331 209 657 663 348
673 153 191 905 1720 606 0 1156 789 890 1103 1097 1019 236 1123 603 667 866 485 158 113 1068 1052 202 963 873 443 490 157 989 358 465 1126 732 466 1131 1136 821
530 1262 994 418 1032 682 1156 0 930 313 438 116 307 1345 435 680 915 378 724 1267 1253 167 285 1047 644 807 791 718 1297 350 1467 780 439 954 760 443 75 386
553 895 629 541 1477 388 789 930 0 664 777 871 792 977 880 390 220 605 430 900 886 842 825 678 419 218 594 436 930 763 1100 354 884 92 563 888 910 647
264 996 729 152 877 417 890 313 664 0 260 254 230 1079 280 414 649 112 458 1002 987 225 209 781 379 542 525 452 1031 236 1202 514 283 689 494 288 294 120
477 1209 941 365 978 629 1103 438 777 260 0 379 355 1292 381 627 862 325 671 1214 1200 350 333 994 492 655 738 664 1244 398 1414 727 385 802 707 389 418 333
471 1203 935 359 973 623 1097 116 871 254 379 0 248 1286 376 621 856 319 665 1208 1194 108 226 988 585 748 732 659 1238 290 1408 721 380 895 701 384 97 327
392 1124 857 280 949 545 1019 307 792 230 355 248 0 1207 352 542 777 241 586 1130 1115 219 57 909 507 670 653 580 1159 60 1330 642 355 817 622 360 287 248
861 214 379 1094 1908 794 236 1345 977 1079 1292 1286 1207 0 1312 792 856 1054 673 103 280 1257 1240 391 1151 1062 631 678 250 1178 288 653 1315 920 655 1319 1325 1010
497 1229 961 385 791 649 1123 435 880 280 381 376 352 1312 0 647 882 345 691 1234 1220 347 331 1014 595 758 758 684 1264 395 1434 747 35 905 727 40 416 353
196 709 441 429 1243 64 603 680 390 414 627 621 542 792 647 0 268 389 171 714 700 592 575 494 486 474 238 165 744 513 914 227 650 333 207 654 660 345
431 773 507 664 1478 267 667 915 220 649 862 856 777 856 882 268 0 624 309 779 764 827 810 556 571 304 473 314 808 748 979 232 885 163 442 889 895 580
240 971 704 98 942 392 866 378 605 112 325 319 241 1054 345 389 624 0 434 977 962 290 274 756 319 482 501 427 1006 211 1177 489 348 629 469 353 358 95
240 590 325 473 1287 173 485 724 430 458 671 665 586 673 691 171 309 434 0 596 581 636 619 373 530 515 282 84 625 557 796 106 694 373 251 698 704 389
784 136 302 1017 1831 717 158 1267 900 1002 1214 1208 1130 103 1234 714 779 977 596 0 255 1180 1163 313 1074 984 554 601 299 1101 226 576 1238 843 577 1242 1248 933
769 234 287 1002 1816 702 113 1253 886 987 1200 1194 1115 280 1220 700 764 962 581 255 0 1165 1148 299 1059 970 540 586 97 1086 408 561 1223 828 563 1227 1233 918
442 1174 906 330 944 594 1068 167 842 225 350 108 219 1257 347 592 827 290 636 1180 1165 0 197 959 556 719 703 630 1209 262 1380 692 351 866 672 355 147 298
425 1157 890 313 927 578 1052 285 825 209 333 226 57 1240 331 575 810 274 619 1163 1148 197 0 942 540 703 686 613 1192 97 1363 675 334 850 655 339 266 281
563 308 213 796 1610 496 202 1047 678 781 994 988 909 391 1014 494 556 756 373 313 299 959 942 0 853 762 453 378 343 880 513 353 1017 620 476 1021 1027 712
336 1068 801 255 1191 489 963 644 419 379 492 585 507 1151 595 486 571 319 530 1074 1059 556 540 853 0 296 597 524 1103 478 1274 586 598 443 566 602 625 335
606 979 713 418 1354 472 873 807 218 542 655 748 670 1062 758 474 304 482 515 984 970 719 703 762 296 0 679 520 1014 641 1184 438 761 243 648 765 788 525
307 549 281 540 1354 240 443 791 594 525 738 732 653 631 758 238 473 501 282 554 540 703 686 453 597 679 0 276 584 624 754 325 761 537 59 765 771 456
234 595 330 467 1281 167 490 718 436 452 664 659 580 678 684 165 314 427 84 601 586 630 613 378 524 520 276 0 630 551 801 111 688 378 245 692 698 383
813 204 331 1046 1860 746 157 1297 930 1031 1244 1238 1159 250 1264 744 808 1006 625 299 97 1209 1192 343 1103 1014 584 630 0 1130 378 605 1267 872 607 1271 1277 962
363 1095 828 251 992 516 989 350 763 236 398 290 60 1178 395 513 748 211 557 1101 1086 262 97 880 478 641 624 551 1130 0 1301 613 398 787 593 403 330 219
984 336 502 1217 2031 917 358 1467 1100 1202 1414 1408 1330 288 1434 914 979 1177 796 226 408 1380 1363 513 1274 1184 754 801 378 1301 0 776 1438 1043 777 1442 1448 1133
296 570 305 529 1343 229 465 780 354 514 727 721 642 653 747 227 232 489 106 576 561 692 675 353 586 438 325 111 605 613 776 0 750 297 307 754 760 445
500 1232 964 388 794 652 1126 439 884 283 385 380 355 1315 35 650 885 348 694 1238 1223 351 334 1017 598 761 761 688 1267 398 1438 750 0 908 730 43 419 356
496 837 572 565 1501 331 732 954 92 689 802 895 817 920 905 333 163 629 373 843 828 866 850 620 443 243 537 378 872 787 1043 297 908 0 506 912 935 644
276 572 304 509 1323 209 466 760 563 494 707 701 622 655 727 207 442 469 251 577 563 672 655 476 566 648 59 245 607 593 777 307 730 506 0 734 740 425
505 1236 969 392 798 657 1131 443 888 288 389 384 360 1319 40 654 889 353 698 1242 1227 355 339 1021 602 765 765 692 1271 403 1442 754 43 912 734 0 423 360
510 1242 975 398 1012 663 1136 75 910 294 418 97 287 1325 416 660 895 358 704 1248 1233 147 266 1027 625 788 771 698 1277 330 1448 760 419 935 740 423 0 366
195 927 660 135 949 348 821 386 647 120 333 327 248 1010 353 345 580 95 389 933 918 298 281 712 335 525 456 383 962 219 1133 445 356 644 425 360 366 0
EOF