NAME : tsp_problem
TYPE : TSP
DIMENSION : 56
EDGE_WEIGHT_TYPE : EXPLICIT
EDGE_WEIGHT_FORMAT : FULL_MATRIX
EDGE_WEIGHT_SECTION
0 650 501 338 648 516 647 557 575 484 302 944 872 631 437 1062 832 1132 740 758 462 879 349 472 483 1132 1124 446 848 678 856 283 970 816 719 804 616 957 810 868 74 873 743 937 536 592 514 837 975 58 346 336 1000 400 869 963
650 0 217 563 96 486 147 346 139 593 626 443 371 195 305 561 260 631 847 258 563 378 352 581 588 632 623 462 428 177 963 607 470 391 218 303 723 456 309 367 601 372 126 437 367 697 396 265 474 626 670 660 499 505 369 462
501 217 0 513 215 337 214 530 142 444 477 511 439 198 157 629 444 699 698 326 637 446 203 432 439 700 691 621 495 245 814 458 538 353 286 371 574 524 377 435 452 440 310 505 551 548 580 449 542 477 521 511 567 575 437 530
338 563 513 0 558 596 659 341 587 563 271 824 752 643 410 859 518 929 820 517 148 759 428 552 563 929 921 133 534 690 936 181 867 816 615 655 696 853 706 748 289 753 465 818 362 671 200 523 855 314 278 271 896 298 749 843
648 96 215 558 0 484 145 341 137 591 624 442 369 193 304 559 255 629 845 256 558 376 350 579 586 630 621 457 426 175 961 605 468 389 216 301 721 454 307 365 599 370 121 435 362 695 391 260 472 624 668 658 497 500 367 460
516 486 337 596 484 0 483 799 410 321 560 780 708 467 273 897 712 968 443 594 720 715 319 309 184 968 959 704 764 514 559 541 806 652 555 640 319 792 646 704 467 709 578 773 794 293 772 718 811 492 604 594 836 658 705 799
647 147 214 659 145 483 0 457 136 590 623 376 303 192 303 493 373 563 844 190 674 310 349 578 585 564 555 573 360 79 960 604 402 302 150 235 720 388 241 299 598 304 239 369 478 694 507 378 406 623 667 657 431 615 301 394
557 346 530 341 341 799 457 0 452 783 490 607 535 508 618 642 301 712 1039 300 340 542 647 771 782 712 704 240 317 487 1155 401 650 599 398 438 915 636 489 531 508 536 248 601 70 891 174 306 638 533 497 490 679 184 532 626
575 139 142 587 137 410 136 452 0 517 551 433 361 91 230 551 365 621 772 247 668 368 276 506 513 621 612 568 417 167 888 532 459 269 208 293 648 445 299 357 525 362 231 426 473 621 502 371 464 550 595 585 489 610 358 452
484 593 444 563 591 321 590 783 517 0 527 887 815 574 380 1004 819 1075 281 701 687 822 291 62 287 1075 1066 672 871 620 397 508 913 759 662 747 157 899 752 811 434 816 685 880 761 185 739 825 918 459 571 561 943 625 812 905
302 626 477 271 624 560 623 490 551 527 0 920 848 607 374 1038 765 1108 784 734 328 855 392 516 527 1108 1100 379 781 654 900 156 946 792 695 780 660 933 786 844 253 849 712 914 469 635 447 770 951 278 83 73 976 333 845 939
944 443 511 824 442 780 376 607 433 887 920 0 133 489 600 459 670 529 1141 357 824 132 646 875 882 530 521 723 334 406 1257 901 369 504 317 201 1017 355 208 117 895 130 536 112 629 991 657 675 102 920 964 954 398 766 126 153
872 371 439 752 369 708 303 535 361 815 848 133 0 417 527 387 598 457 1069 285 752 87 574 803 810 458 449 651 262 334 1185 829 296 431 245 129 945 283 136 72 823 85 464 126 556 919 585 603 164 848 892 882 326 694 81 151
631 195 198 643 193 467 192 508 91 574 607 489 417 0 286 607 422 677 828 304 725 424 333 562 569 678 669 624 473 200 944 588 516 222 264 349 704 502 355 413 581 418 288 483 529 678 558 427 520 607 651 641 545 667 414 508
437 305 157 410 304 273 303 618 230 380 374 600 527 286 0 717 532 787 634 414 533 534 139 368 375 788 779 518 584 333 750 355 626 472 374 460 510 612 465 524 387 529 398 593 608 484 585 537 631 413 418 408 655 472 525 618
1062 561 629 859 559 897 493 642 551 1004 1038 459 387 607 717 0 725 173 1259 474 858 394 763 993 1000 173 164 758 368 524 1375 1016 509 636 435 290 1135 495 348 383 1012 388 654 452 663 1108 692 730 490 1037 1082 1072 538 800 384 478
832 260 444 518 255 712 373 301 365 819 765 670 598 422 532 725 0 795 1074 383 518 605 578 808 815 795 786 417 400 404 1190 675 696 618 445 521 950 683 536 594 783 599 161 663 322 923 351 47 701 808 772 764 726 460 595 689
1132 631 699 929 629 968 563 712 621 1075 1108 529 457 677 787 173 795 0 1329 545 929 464 834 1063 1070 26 40 828 439 594 1445 1086 579 706 505 360 1205 565 418 453 1082 458 724 523 733 1179 762 800 560 1108 1152 1142 609 871 455 548
740 847 698 820 845 443 844 1039 772 281 784 1141 1069 828 634 1259 1074 1329 0 956 944 1076 548 293 289 1330 1321 928 1125 875 220 765 1167 1013 916 1001 152 1154 1007 1065 691 1070 940 1135 1018 180 995 1079 1172 716 828 818 1197 882 1066 1160
758 258 326 517 256 594 190 300 247 701 734 357 285 304 414 474 383 545 956 0 517 292 460 690 697 545 536 416 203 221 1071 674 383 332 132 217 832 369 222 281 709 286 330 350 321 805 350 388 388 734 771 763 413 459 282 375
462 563 637 148 558 720 674 340 668 687 328 824 752 725 533 858 518 929 944 517 0 759 552 676 686 929 920 132 534 704 1059 305 867 816 615 655 820 853 706 748 412 753 465 817 362 795 200 523 855 438 309 301 896 421 749 843
879 378 446 759 376 715 310 542 368 822 855 132 87 424 534 394 605 464 1076 292 759 0 581 810 817 465 456 658 269 341 1192 836 303 438 252 136 952 290 143 71 830 84 471 126 563 926 592 610 163 855 899 889 333 701 80 151
349 352 203 428 350 319 349 647 276 291 392 646 574 333 139 763 578 834 548 460 552 581 0 280 291 834 825 536 630 380 664 373 672 518 421 506 424 658 511 570 299 575 444 639 626 399 604 584 677 324 436 426 702 490 571 665
472 581 432 552 579 309 578 771 506 62 516 875 803 562 368 993 808 1063 293 690 676 810 280 0 276 1064 1055 660 859 609 409 497 901 747 650 735 169 888 741 799 423 804 674 869 750 197 727 813 906 448 560 550 931 614 800 894
483 588 439 563 586 184 585 782 513 287 527 882 810 569 375 1000 815 1070 289 697 686 817 291 276 0 1071 1062 671 866 616 405 508 908 754 657 742 165 895 748 806 434 811 681 876 761 138 738 820 913 459 571 561 938 625 807 901
1132 632 700 929 630 968 564 712 621 1075 1108 530 458 678 788 173 795 26 1330 545 929 465 834 1064 1071 0 40 828 439 595 1445 1087 579 706 506 360 1206 566 419 454 1083 459 724 523 734 1179 762 801 561 1108 1152 1142 609 871 455 549
1124 623 691 921 621 959 555 704 612 1066 1100 521 449 669 779 164 786 40 1321 536 920 456 825 1055 1062 40 0 820 430 586 1437 1078 571 697 497 352 1197 557 410 445 1074 450 716 514 725 1170 754 792 552 1099 1144 1134 600 862 446 540
446 462 621 133 457 704 573 240 568 672 379 723 651 624 518 758 417 828 928 416 132 658 536 660 671 828 820 0 433 603 1044 290 766 715 515 554 804 752 605 647 397 652 364 717 261 780 99 422 754 422 386 379 795 321 648 742
848 428 495 534 426 764 360 317 417 871 781 334 262 473 584 368 400 439 1125 203 534 269 630 859 866 439 430 433 0 390 1241 691 383 502 301 165 1001 370 223 258 799 263 347 327 338 975 367 405 365 824 788 780 413 476 259 353
678 177 245 690 175 514 79 487 167 620 654 406 334 200 333 524 404 594 875 221 704 341 380 609 616 595 586 603 390 0 991 635 432 266 181 266 751 419 272 330 628 335 270 400 509 725 537 409 437 653 698 688 462 646 331 425
856 963 814 936 961 559 960 1155 888 397 900 1257 1185 944 750 1375 1190 1445 220 1071 1059 1192 664 409 405 1445 1437 1044 1241 991 0 881 1283 1129 1032 1117 268 1270 1123 1181 807 1186 1056 1251 1134 296 1111 1195 1288 832 944 934 1313 998 1182 1276
283 607 458 181 605 541 604 401 532 508 156 901 829 588 355 1016 675 1086 765 674 305 836 373 497 508 1087 1078 290 691 635 881 0 927 773 676 761 641 914 767 825 234 830 622 895 380 616 357 681 932 259 136 129 957 244 826 920
970 470 538 867 468 806 402 650 459 913 946 369 296 516 626 509 696 579 1167 383 867 303 672 901 908 579 571 766 383 432 1283 927 0 451 343 251 1043 88 195 292 921 297 562 362 671 1017 700 702 399 946 990 980 131 809 294 387
816 391 353 816 389 652 302 599 269 759 792 504 431 222 472 636 618 706 1013 332 816 438 518 747 754 706 697 715 502 266 1129 773 451 0 243 378 889 437 330 428 767 433 484 497 620 863 649 623 535 792 836 826 481 758 429 522
719 218 286 615 216 555 150 398 208 662 695 317 245 264 374 435 445 505 916 132 615 252 421 650 657 506 497 515 301 181 1032 676 343 243 0 177 792 330 183 241 669 246 311 311 420 766 448 450 348 695 739 729 373 557 242 336
804 303 371 655 301 640 235 438 293 747 780 201 129 349 460 290 521 360 1001 217 655 136 506 735 742 360 352 554 165 266 1117 761 251 378 177 0 877 237 91 125 755 130 396 195 459 851 488 526 232 780 824 814 281 597 127 220
616 723 574 696 721 319 720 915 648 157 660 1017 945 704 510 1135 950 1205 152 832 820 952 424 169 165 1206 1197 804 1001 751 268 641 1043 889 792 877 0 1030 883 941 567 946 816 1011 894 56 871 955 1048 592 704 694 1073 758 942 1036
957 456 524 853 454 792 388 636 445 899 933 355 283 502 612 495 683 565 1154 369 853 290 658 888 895 566 557 752 370 419 1270 914 88 437 330 237 1030 0 181 279 907 284 549 348 657 1003 686 688 386 932 977 967 118 795 280 374
810 309 377 706 307 646 241 489 299 752 786 208 136 355 465 348 536 418 1007 222 706 143 511 741 748 419 410 605 223 272 1123 767 195 330 183 91 883 181 0 132 760 137 402 201 511 857 539 541 239 785 830 820 224 648 133 227
868 367 435 748 365 704 299 531 357 811 844 117 72 413 524 383 594 453 1065 281 748 71 570 799 806 454 445 647 258 330 1181 825 292 428 241 125 941 279 132 0 819 69 460 110 552 915 581 599 148 844 888 878 322 690 65 135
74 601 452 289 599 467 598 508 525 434 253 895 823 581 387 1012 783 1082 691 709 412 830 299 423 434 1083 1074 397 799 628 807 234 921 767 669 755 567 907 760 819 0 824 693 888 487 542 464 788 926 49 297 287 950 351 820 913
873 372 440 753 370 709 304 536 362 816 849 130 85 418 529 388 599 458 1070 286 753 84 575 804 811 459 450 652 263 335 1186 830 297 433 246 130 946 284 137 69 824 0 465 123 557 920 586 604 161 849 893 883 327 695 78 148
743 126 310 465 121 578 239 248 231 685 712 536 464 288 398 654 161 724 940 330 465 471 444 674 681 724 716 364 347 270 1056 622 562 484 311 396 816 549 402 460 693 465 0 529 269 789 298 167 567 718 719 711 592 406 461 555
937 437 505 818 435 773 369 601 426 880 914 112 126 483 593 452 663 523 1135 350 817 126 639 869 876 523 514 717 327 400 1251 895 362 497 311 195 1011 348 201 110 888 123 529 0 622 984 651 669 94 913 957 947 391 759 119 146
536 367 551 362 362 794 478 70 473 761 469 629 556 529 608 663 322 733 1018 321 362 563 626 750 761 734 725 261 338 509 1134 380 671 620 420 459 894 657 511 552 487 557 269 622 0 869 195 328 659 512 476 469 701 163 554 647
592 697 548 671 695 293 694 891 621 185 635 991 919 678 484 1108 923 1179 180 805 795 926 399 197 138 1179 1170 780 975 725 296 616 1017 863 766 851 56 1003 857 915 542 920 789 984 869 0 847 929 1022 567 679 669 1047 733 916 1010
514 396 580 200 391 772 507 174 502 739 447 657 585 558 585 692 351 762 995 350 200 592 604 727 738 762 754 99 367 537 1111 357 700 649 448 488 871 686 539 581 464 586 298 651 195 847 0 356 688 490 454 446 729 255 582 676
837 265 449 523 260 718 378 306 371 825 770 675 603 427 537 730 47 800 1079 388 523 610 584 813 820 801 792 422 405 409 1195 681 702 623 450 526 955 688 541 599 788 604 167 669 328 929 356 0 706 813 777 770 731 465 601 694
975 474 542 855 472 811 406 638 464 918 951 102 164 520 631 490 701 560 1172 388 855 163 677 906 913 561 552 754 365 437 1288 932 399 535 348 232 1048 386 239 148 926 161 567 94 659 1022 688 706 0 951 995 985 429 797 157 184
58 626 477 314 624 492 623 533 550 459 278 920 848 607 413 1037 808 1108 716 734 438 855 324 448 459 1108 1099 422 824 653 832 259 946 792 695 780 592 932 785 844 49 849 718 913 512 567 490 813 951 0 322 312 976 376 845 938
346 670 521 278 668 604 667 497 595 571 83 964 892 651 418 1082 772 1152 828 771 309 899 436 560 571 1152 1144 386 788 698 944 136 990 836 739 824 704 977 830 888 297 893 719 957 476 679 454 777 995 322 0 96 1020 340 889 983
336 660 511 271 658 594 657 490 585 561 73 954 882 641 408 1072 764 1142 818 763 301 889 426 550 561 1142 1134 379 780 688 934 129 980 826 729 814 694 967 820 878 287 883 711 947 469 669 446 770 985 312 96 0 1010 333 879 973
1000 499 567 896 497 836 431 679 489 943 976 398 326 545 655 538 726 609 1197 413 896 333 702 931 938 609 600 795 413 462 1313 957 131 481 373 281 1073 118 224 322 950 327 592 391 701 1047 729 731 429 976 1020 1010 0 838 323 417
400 505 575 298 500 658 615 184 610 625 333 766 694 667 472 800 460 871 882 459 421 701 490 614 625 871 862 321 476 646 998 244 809 758 557 597 758 795 648 690 351 695 406 759 163 733 255 465 797 376 340 333 838 0 691 785
869 369 437 749 367 705 301 532 358 812 845 126 81 414 525 384 595 455 1066 282 749 80 571 800 807 455 446 648 259 331 1182 826 294 429 242 127 942 280 133 65 820 78 461 119 554 916 582 601 157 845 889 879 323 691 0 145
963 462 530 843 460 799 394 626 452 905 939 153 151 508 618 478 689 548 1160 375 843 151 665 894 901 549 540 742 353 425 1276 920 387 522 336 220 1036 374 227 135 913 148 555 146 647 1010 676 694 184 938 983 973 417 785 145 0
EOF