NAME : tsp_problem
TYPE : TSP
DIMENSION : 72
EDGE_WEIGHT_TYPE : EXPLICIT
EDGE_WEIGHT_FORMAT : FULL_MATRIX
EDGE_WEIGHT_SECTION
0 752 755 950 50 1215 598 786 209 202 250 354 276 263 1448 949 471 273 214 152 860 800 152 905 682 624 743 958 560 813 581 786 593 408 1213 223 1278 718 808 1368 941 761 271 652 706 158 356 1075 325 291 836 959 900 420 72 667 298 241 1213 183 358 445 905 872 538 833 382 288 804 1190 792 284
752 0 524 719 719 982 471 552 682 770 818 637 623 643 1215 1422 838 841 687 692 133 282 692 321 309 161 508 263 405 118 1053 551 308 511 980 763 1045 651 248 1135 706 66 720 136 350 704 423 843 797 764 602 264 383 365 707 1140 690 665 980 751 646 812 316 176 347 599 622 491 103 957 557 852
755 524 0 233 722 499 204 145 702 773 821 442 496 516 731 1441 940 844 706 635 427 478 695 470 416 661 102 562 663 618 1073 145 685 511 496 672 561 177 373 651 300 509 517 636 204 707 655 359 817 783 196 557 398 718 710 1159 486 538 496 754 442 915 470 649 668 193 418 586 473 473 151 855
950 719 233 0 917 293 398 244 896 968 1015 637 691 710 526 1636 1135 1038 901 830 621 673 890 665 610 855 285 757 858 812 1267 239 880 705 291 867 356 315 568 446 151 704 711 831 399 901 850 154 1011 977 203 752 593 913 905 1354 681 732 291 948 637 1109 665 844 862 206 612 781 667 268 248 1050
50 719 722 917 0 1182 565 753 226 219 267 321 243 230 1415 966 488 290 231 119 827 767 119 872 649 591 710 925 527 780 598 753 560 374 1179 187 1244 684 775 1334 908 728 238 619 673 175 323 1042 342 308 803 926 867 387 87 684 265 208 1180 200 325 462 872 838 505 800 349 255 770 1157 759 301
1215 982 499 293 1182 0 662 460 1162 1233 1281 902 956 976 350 1901 1400 1304 1166 1095 885 936 1155 928 876 1119 501 1020 1123 1076 1533 455 1143 971 115 1132 180 581 832 226 367 967 977 1094 662 1167 1115 177 1277 1243 419 1015 856 1178 1170 1619 946 998 84 1214 902 1375 928 1107 1128 422 878 1046 931 224 464 1315
598 471 204 398 565 662 0 231 545 616 664 286 339 359 894 1284 783 687 549 478 374 425 538 417 259 608 188 509 506 564 916 231 632 354 659 515 724 295 320 814 386 456 360 583 151 550 498 522 660 626 281 504 345 561 553 1002 329 381 659 597 285 758 417 596 511 278 261 429 420 637 237 698
786 552 145 244 753 460 231 0 733 804 852 473 527 547 692 1472 971 875 737 666 454 505 726 497 447 688 70 589 694 645 1104 62 712 542 457 703 522 272 401 612 184 536 548 663 231 738 686 320 848 814 79 584 425 749 741 1190 517 569 457 785 473 946 497 676 699 76 449 617 500 435 68 886
209 682 702 896 226 1162 545 733 0 221 269 350 274 293 1394 769 387 291 87 328 790 730 329 851 628 554 689 888 506 743 401 733 523 354 1159 399 1224 664 754 1314 888 691 448 582 653 155 303 1022 145 111 783 889 847 350 158 487 475 315 1159 202 502 362 851 802 468 780 478 234 733 1136 738 303
202 770 773 968 219 1233 616 804 221 0 126 422 346 365 1466 961 482 149 226 321 878 818 322 923 700 642 761 976 578 831 592 804 611 426 1231 392 1296 736 826 1386 959 779 441 670 724 169 374 1093 336 302 854 977 918 438 151 679 468 387 1231 136 527 457 923 890 556 852 549 306 822 1208 810 161
250 818 821 1015 267 1281 664 852 269 126 0 470 394 413 1513 1008 530 117 273 369 926 866 369 971 747 689 809 1024 626 878 640 852 659 473 1278 440 1343 783 874 1433 1007 827 488 718 772 217 422 1141 384 350 902 1025 966 485 198 726 515 435 1278 146 575 504 970 937 604 899 597 353 869 1256 858 129
354 637 442 637 321 902 286 473 350 422 470 0 145 164 1135 1090 589 492 355 234 549 600 294 592 369 509 430 684 312 698 722 473 478 160 900 281 965 405 495 1055 628 631 151 537 394 356 304 763 466 432 524 679 587 367 359 808 178 186 900 403 238 564 592 756 316 521 219 235 595 877 479 504
276 623 496 691 243 956 339 527 274 346 394 145 0 58 1189 1014 513 416 279 156 603 654 216 646 423 495 484 738 301 684 646 527 465 149 954 287 1019 459 549 1109 682 633 203 524 448 280 228 817 390 356 578 733 641 291 283 732 231 80 954 327 290 488 646 743 305 575 273 159 649 931 533 428
263 643 516 710 230 976 359 547 293 365 413 164 58 0 1208 1033 532 436 298 143 622 673 204 665 442 514 503 757 320 703 665 547 484 168 973 274 1038 478 568 1128 702 652 191 543 467 299 247 836 409 375 597 752 661 310 301 751 218 100 973 346 277 507 665 762 325 594 292 178 668 950 552 447
1448 1215 731 526 1415 350 894 692 1394 1466 1513 1135 1189 1208 0 2134 1633 1536 1399 1328 1117 1169 1388 1161 1108 1351 733 1253 1356 1308 1765 687 1376 1203 261 1365 283 813 1064 373 600 1200 1209 1327 895 1399 1348 410 1509 1476 652 1248 1089 1411 1403 1852 1179 1230 348 1446 1135 1607 1161 1340 1360 655 1110 1279 1163 457 696 1548
655 1128 1147 1342 672 1607 990 1178 475 667 714 796 720 739 1840 0 833 737 487 774 1236 1176 774 1297 1074 999 1135 1334 952 1188 291 1178 969 799 1604 845 1670 1109 1200 1759 1333 1137 893 1028 1098 600 748 1467 497 468 1228 1335 1292 795 603 205 920 761 1605 647 948 807 1297 1247 914 1225 923 680 1179 1582 1184 748
471 838 940 1135 488 1400 783 971 387 482 530 589 513 532 1633 1127 0 552 392 581 946 886 582 1090 867 709 928 1044 682 898 758 971 679 592 1398 652 1463 903 993 1552 1126 847 699 738 891 416 504 1260 502 468 1021 1045 1085 505 419 845 726 554 1398 463 741 114 1090 957 624 1018 716 473 889 1375 977 564
273 841 844 1038 290 1304 687 875 291 149 117 492 416 436 1536 1031 552 0 296 392 949 888 392 993 770 712 832 1047 648 901 663 875 682 496 1301 463 1366 806 896 1456 1030 850 511 741 795 240 445 1164 407 373 925 1048 989 508 221 749 538 458 1301 169 598 527 993 960 627 922 620 376 892 1278 880 71
214 687 706 901 231 1166 549 737 87 226 273 355 279 298 1399 781 392 296 0 333 795 735 333 856 633 558 694 893 511 747 413 737 528 358 1164 404 1229 669 759 1318 892 696 452 587 657 159 307 1026 157 123 787 894 851 354 163 499 479 320 1164 206 507 366 856 806 473 784 482 239 738 1141 743 307
152 692 635 830 119 1095 478 666 328 321 369 234 156 143 1328 1068 581 392 333 0 741 740 92 785 562 564 623 877 440 753 700 666 533 288 1093 163 1158 598 688 1248 821 701 151 592 586 277 296 956 444 410 716 872 780 360 189 786 178 121 1093 302 237 556 785 811 444 714 262 228 743 1070 672 403
860 133 427 621 827 885 374 454 790 878 926 549 603 622 1117 1530 946 949 795 741 0 184 800 223 211 269 411 268 513 226 1161 454 391 617 882 778 947 553 150 1037 609 117 623 244 252 812 531 745 905 872 504 263 285 473 815 1248 592 644 882 859 548 920 218 284 455 501 524 599 81 860 460 960
800 282 478 673 767 936 425 505 730 818 866 600 654 673 1169 1470 886 888 735 740 184 0 740 275 263 251 462 320 453 375 1101 505 233 559 934 811 999 604 202 1089 660 267 674 253 304 752 471 797 845 811 556 315 337 413 755 1188 644 695 934 799 600 860 269 407 395 553 576 539 230 911 511 900
152 692 695 890 119 1155 538 726 329 322 369 294 216 204 1388 1068 582 392 333 92 800 740 0 845 622 564 683 899 500 753 700 726 534 348 1153 91 1218 658 748 1308 881 701 211 592 646 277 297 1016 444 410 777 900 840 360 190 786 238 182 1153 302 298 556 845 812 479 774 322 228 744 1130 732 404
905 321 470 665 872 928 417 497 851 923 971 592 646 665 1161 1591 1090 993 856 785 223 275 845 0 255 457 454 169 702 285 1223 497 482 661 926 822 991 596 128 1081 652 306 666 432 296 857 719 789 967 933 548 163 329 661 860 1309 636 687 926 904 592 1065 84 256 643 545 568 736 269 903 503 1005
682 309 416 610 649 876 259 447 628 700 747 369 423 442 1108 1368 867 770 633 562 211 263 622 255 0 445 404 347 590 402 999 447 470 437 873 599 938 378 158 1028 602 294 443 421 260 633 581 736 743 709 497 342 293 645 637 1086 412 464 873 680 369 841 255 434 594 494 344 513 257 851 453 781
624 161 661 855 591 1119 608 688 554 642 689 509 495 514 1351 1293 709 712 558 564 269 251 564 457 445 0 645 367 277 221 925 688 179 382 1116 634 1181 787 384 1271 843 170 619 100 486 575 295 979 669 635 738 368 519 236 579 1011 646 536 1116 623 660 684 452 280 219 735 636 363 212 1094 694 724
743 508 102 285 710 501 188 70 689 761 809 430 484 503 733 1429 928 832 694 623 411 462 683 454 404 645 0 546 651 602 1061 70 669 499 498 660 563 228 357 653 225 493 505 620 188 695 643 361 805 771 120 541 382 706 698 1147 474 525 498 742 430 903 454 633 655 117 406 574 457 475 76 843
958 263 562 757 925 1020 509 589 888 976 1024 684 738 757 1253 1628 1044 1047 893 877 268 320 899 169 347 367 546 0 611 182 1260 589 514 717 1018 914 1083 688 254 1173 744 272 758 342 388 910 629 881 1004 970 640 94 421 571 913 1346 728 779 1018 957 684 1018 163 153 553 637 660 698 314 995 595 1058
560 405 663 858 527 1123 506 694 506 578 626 312 301 320 1356 1246 682 648 511 440 513 453 500 702 590 277 651 611 0 466 878 694 246 186 1121 552 1186 626 628 1276 849 414 422 305 614 512 267 984 622 588 745 612 764 209 515 964 449 342 1121 559 464 657 696 525 85 742 440 336 457 1098 700 660
813 118 618 812 780 1076 564 645 743 831 878 698 684 703 1308 1482 898 901 747 753 226 375 753 285 402 221 602 182 466 0 1114 645 368 571 1073 823 1138 744 341 1228 800 127 808 197 443 764 484 936 858 824 695 183 476 425 768 1200 783 725 1073 812 739 873 280 96 408 692 715 552 169 1050 651 913
424 897 916 1111 441 1376 759 947 245 436 483 565 489 508 1609 749 602 506 256 543 1005 945 544 1066 843 769 904 1103 721 958 0 947 738 569 1374 614 1439 879 969 1529 1102 906 662 797 867 369 518 1237 266 237 998 1104 1061 565 373 467 689 530 1374 416 717 576 1066 1016 683 995 693 449 948 1351 953 518
786 551 145 239 753 455 231 62 733 804 852 473 527 547 687 1472 971 875 737 666 454 505 726 497 447 688 70 589 694 645 1104 0 712 542 452 703 517 272 401 607 179 536 548 663 231 738 686 315 848 814 74 584 425 749 741 1190 517 569 452 785 473 946 497 676 699 71 449 617 500 430 68 886
593 308 685 880 560 1143 632 712 523 611 659 478 465 484 1376 1263 679 682 528 533 391 233 534 482 470 179 669 514 246 368 895 712 0 352 1141 604 1206 792 409 1296 867 317 588 208 511 545 264 1004 639 605 763 515 544 206 548 981 615 506 1141 592 630 653 476 427 188 760 606 333 359 1118 718 693
408 511 511 705 374 971 354 542 354 426 473 160 149 168 1203 1093 592 496 358 288 617 559 348 661 437 382 499 717 186 571 725 542 352 0 968 400 1033 473 564 1123 697 520 270 411 462 359 307 831 469 435 592 718 656 314 363 811 297 190 968 406 311 567 660 630 190 589 287 239 562 946 548 507
1213 980 496 291 1179 115 659 457 1159 1231 1278 900 954 973 261 1899 1398 1301 1164 1093 882 934 1153 926 873 1116 498 1018 1121 1073 1530 452 1141 968 0 1130 91 578 829 180 365 965 974 1091 660 1164 1112 175 1274 1240 417 1012 853 1176 1168 1617 943 995 113 1211 900 1372 925 1105 1125 420 875 1044 928 222 461 1312
223 763 672 867 187 1132 515 703 399 392 440 281 287 274 1365 1139 652 463 404 163 778 811 91 822 599 634 660 914 552 823 771 703 604 400 1130 0 1195 635 725 1285 858 772 198 663 623 347 367 993 515 481 753 909 817 431 260 857 225 252 1130 373 274 627 822 882 549 751 299 298 814 1107 709 474
1278 1045 561 356 1244 180 724 522 1224 1296 1343 965 1019 1038 283 1964 1463 1366 1229 1158 947 999 1218 991 938 1181 563 1083 1186 1138 1595 517 1206 1033 91 1195 0 643 894 148 430 1030 1039 1156 725 1229 1177 240 1339 1305 482 1078 918 1241 1233 1682 1008 1060 178 1276 965 1437 991 1170 1190 485 940 1109 993 287 526 1377
718 651 177 315 684 581 295 272 664 736 783 405 459 478 813 1404 903 806 669 598 553 604 658 596 378 787 228 688 626 744 1035 272 792 473 578 635 643 0 500 733 427 635 479 762 330 669 617 441 779 745 322 683 524 681 673 1122 448 500 578 716 405 877 596 775 630 319 380 549 599 556 277 817
808 248 373 568 775 832 320 401 754 826 874 495 549 568 1064 1494 993 896 759 688 150 202 748 128 158 384 357 254 628 341 1126 401 409 564 829 725 894 500 0 984 556 232 570 359 199 760 646 692 870 836 451 248 232 588 763 1212 539 590 829 807 495 968 128 341 570 448 471 639 196 806 406 908
1368 1135 651 446 1334 226 814 612 1314 1386 1433 1055 1109 1128 373 2053 1552 1456 1318 1248 1037 1089 1308 1081 1028 1271 653 1173 1276 1228 1685 607 1296 1123 180 1285 148 733 984 0 520 1120 1129 1246 814 1319 1267 330 1429 1395 571 1167 1008 1331 1323 1771 1098 1150 232 1366 1055 1527 1080 1260 1280 575 1030 1199 1083 255 616 1467
941 706 300 151 908 367 386 184 888 959 1007 628 682 702 600 1627 1126 1030 892 821 609 660 881 652 602 843 225 744 849 800 1259 179 867 697 365 858 430 427 556 520 0 691 703 818 386 893 841 228 1003 969 143 739 580 904 896 1345 672 724 365 940 628 1101 652 831 854 146 604 772 655 342 188 1041
761 66 509 704 728 967 456 536 691 779 827 631 633 652 1200 1431 847 850 696 701 117 267 701 306 294 170 493 272 414 127 1062 536 317 520 965 772 1030 635 232 1120 691 0 705 145 335 713 432 828 806 773 587 273 368 374 716 1149 675 674 965 760 631 821 300 185 356 584 607 500 88 942 542 861
271 720 517 711 238 977 360 548 448 441 488 151 203 191 1209 1187 699 511 452 151 623 674 211 666 443 619 505 758 422 808 819 548 588 270 974 198 1039 479 570 1129 703 705 0 647 468 396 414 837 563 529 598 753 662 477 308 905 95 169 974 421 119 674 666 845 427 595 143 345 669 951 554 522
652 136 636 831 619 1094 583 663 582 670 718 537 524 543 1327 1322 738 741 587 592 244 253 592 432 421 100 620 342 305 197 954 663 208 411 1091 663 1156 762 359 1246 818 145 647 0 461 604 323 954 698 664 713 343 495 265 607 1040 674 565 1091 651 689 712 427 255 247 710 665 392 187 1069 669 752
706 350 204 399 673 662 151 231 653 724 772 394 448 467 895 1392 891 795 657 586 252 304 646 296 260 486 188 388 614 443 1024 231 511 462 660 623 725 330 199 814 386 335 468 461 0 658 606 522 768 734 281 382 223 670 661 1110 437 489 660 705 393 866 295 475 619 278 369 537 298 637 237 806
158 704 707 901 175 1167 550 738 155 169 217 356 280 299 1399 894 416 240 159 277 812 752 277 857 633 575 695 910 512 764 526 738 545 359 1164 347 1229 669 760 1319 893 713 396 604 658 0 308 1027 270 236 788 911 852 372 106 612 423 321 1164 150 482 390 856 823 490 785 483 239 755 1142 744 251
356 423 655 850 323 1115 498 686 303 374 422 304 228 247 1348 1042 504 445 307 296 531 471 297 719 581 295 643 629 267 484 674 686 264 307 1112 367 1177 617 646 1267 841 432 414 323 606 308 0 975 418 384 736 630 782 91 311 760 441 269 1112 355 455 478 714 542 209 733 431 157 474 1090 692 456
1075 843 359 154 1042 177 522 320 1022 1093 1141 763 817 836 410 1761 1260 1164 1026 956 745 797 1016 789 736 979 361 881 984 936 1393 315 1004 831 175 993 240 441 692 330 228 828 837 954 522 1027 975 0 1137 1103 279 875 716 1039 1030 1479 806 858 175 1074 763 1235 788 968 988 283 738 907 791 152 324 1175
325 797 817 1011 342 1277 660 848 145 336 384 466 390 409 1509 791 502 407 157 444 905 845 444 967 743 669 805 1004 622 858 423 848 639 469 1274 515 1339 779 870 1429 1003 806 563 698 768 270 418 1137 0 138 898 1005 962 465 273 509 590 431 1274 317 617 477 966 917 584 895 593 349 849 1252 854 418
291 764 783 977 308 1243 626 814 111 302 350 432 356 375 1476 762 468 373 123 410 872 811 410 933 709 635 771 970 588 824 394 814 605 435 1240 481 1305 745 836 1395 969 773 529 664 734 236 384 1103 138 0 864 971 928 431 239 480 556 397 1240 283 583 443 932 883 550 861 559 316 815 1218 820 384
836 602 196 203 803 419 281 79 783 854 902 524 578 597 652 1522 1021 925 787 716 504 556 777 548 497 738 120 640 745 695 1154 74 763 592 417 753 482 322 451 571 143 587 598 713 281 788 736 279 898 864 0 634 475 800 791 1240 567 619 417 835 523 996 547 727 749 72 499 668 550 394 83 936
959 264 557 752 926 1015 504 584 889 977 1025 679 733 752 1248 1629 1045 1048 894 872 263 315 900 163 342 368 541 94 612 183 1261 584 515 718 1012 909 1078 683 248 1167 739 273 753 343 382 911 630 875 1005 971 634 0 416 572 914 1347 722 774 1013 958 679 1019 158 154 554 631 654 699 309 990 590 1059
900 383 398 593 867 856 345 425 847 918 966 587 641 661 1089 1586 1085 989 851 780 285 337 840 329 293 519 382 421 764 476 1218 425 544 656 853 817 918 524 232 1008 580 368 662 495 223 852 782 716 962 928 475 416 0 723 855 1304 631 683 854 899 587 1060 329 508 706 472 563 731 331 831 431 1000
420 365 718 913 387 1178 561 749 350 438 485 367 291 310 1411 1089 505 508 354 360 473 413 360 661 645 236 706 571 209 425 721 749 206 314 1176 431 1241 681 588 1331 904 374 477 265 670 372 91 1039 465 431 800 572 723 0 375 807 505 332 1176 419 519 480 656 484 151 797 495 159 416 1153 755 520
72 707 710 905 87 1170 553 741 158 151 198 359 283 301 1403 898 419 221 163 189 815 755 190 860 637 579 698 913 515 768 529 741 548 363 1168 260 1233 673 763 1323 896 716 308 607 661 106 311 1030 273 239 791 914 855 375 0 616 335 279 1168 132 395 394 860 827 493 788 419 243 759 1145 747 233
572 1044 1064 1258 589 1524 907 1095 392 583 631 713 637 656 1756 596 749 654 404 691 1152 1092 691 1214 990 916 1052 1251 869 1105 208 1095 885 716 1521 761 1586 1026 1117 1676 1250 1053 810 944 1015 517 665 1384 414 385 1145 1251 1209 712 520 0 837 678 1521 564 864 724 1213 1164 831 1142 840 596 1096 1499 1101 665
298 690 486 681 265 946 329 517 475 468 515 178 231 218 1179 1214 726 538 479 178 592 644 238 636 412 646 474 728 449 783 846 517 615 297 943 225 1008 448 539 1098 672 675 95 674 437 423 441 806 590 556 567 722 631 505 335 932 0 196 943 448 88 701 635 815 454 564 112 372 638 921 523 549
241 665 538 732 208 998 381 569 315 387 435 186 80 100 1230 1055 554 458 320 121 644 695 182 687 464 536 525 779 342 725 687 569 506 190 995 252 1060 500 590 1150 724 674 169 565 489 321 269 858 431 397 619 774 683 332 279 773 196 0 995 368 255 529 687 784 347 616 280 200 690 972 574 469
1213 980 496 291 1180 84 659 457 1159 1231 1278 900 954 973 348 1899 1398 1301 1164 1093 882 934 1153 926 873 1116 498 1018 1121 1073 1530 452 1141 968 113 1130 178 578 829 232 365 965 974 1091 660 1164 1112 175 1274 1240 417 1013 854 1176 1168 1617 943 995 0 1211 900 1372 926 1105 1125 420 875 1044 928 222 461 1312
183 751 754 948 200 1214 597 785 202 136 146 403 327 346 1446 941 463 169 206 302 859 799 302 904 680 623 742 957 559 812 573 785 592 406 1211 373 1276 716 807 1366 940 760 421 651 705 150 355 1074 317 283 835 958 899 419 132 659 448 368 1211 0 508 437 903 870 537 832 530 287 802 1189 791 181
358 646 442 637 325 902 285 473 502 527 575 238 290 277 1135 1242 741 598 507 237 548 600 298 592 369 660 430 684 464 739 873 473 630 311 900 274 965 405 495 1055 628 631 119 689 393 482 455 763 617 583 523 679 587 519 395 960 88 255 900 508 0 715 592 771 468 521 115 387 594 877 479 609
445 812 915 1109 462 1375 758 946 362 457 504 564 488 507 1607 1101 114 527 366 556 920 860 556 1065 841 684 903 1018 657 873 733 946 653 567 1372 627 1437 877 968 1527 1101 821 674 712 866 390 478 1235 477 443 996 1019 1060 480 394 819 701 529 1372 437 715 0 1064 932 598 993 691 447 864 1350 952 539
905 316 470 665 872 928 417 497 851 923 970 592 646 665 1161 1591 1090 993 856 785 218 269 845 84 255 452 454 163 696 280 1222 497 476 660 925 822 991 596 128 1080 652 300 666 427 295 856 714 788 966 932 547 158 329 656 860 1309 635 687 926 903 592 1064 0 250 638 544 567 736 264 903 503 1004
872 176 649 844 838 1107 596 676 802 890 937 756 743 762 1340 1541 957 960 806 811 284 407 812 256 434 280 633 153 525 96 1173 676 427 630 1105 882 1170 775 341 1260 831 185 845 255 475 823 542 968 917 883 727 154 508 484 827 1259 815 784 1105 870 771 932 250 0 467 724 747 611 228 1082 682 971
538 347 668 862 505 1128 511 699 468 556 604 316 305 325 1360 1208 624 627 473 444 455 395 479 643 594 219 655 553 85 408 840 699 188 190 1125 549 1190 630 570 1280 854 356 427 247 619 490 209 988 584 550 749 554 706 151 493 926 454 347 1125 537 468 598 638 467 0 746 444 278 398 1102 704 638
833 599 193 206 800 422 278 76 780 852 899 521 575 594 655 1519 1018 922 784 714 501 553 774 545 494 735 117 637 742 692 1151 71 760 589 420 751 485 319 448 575 146 584 595 710 278 785 733 283 895 861 72 631 472 797 788 1237 564 616 420 832 521 993 544 724 746 0 496 665 547 397 80 933
382 622 418 612 349 878 261 449 478 549 597 219 273 292 1110 1217 716 620 482 262 524 576 322 568 344 636 406 660 440 715 849 449 606 287 875 299 940 380 471 1030 604 607 143 665 369 483 431 738 593 559 499 654 563 495 419 935 112 280 875 530 115 691 567 747 444 496 0 363 570 853 455 631
288 491 586 781 255 1046 429 617 234 306 353 235 159 178 1279 974 473 376 239 228 599 539 228 736 513 363 574 698 336 552 606 617 333 239 1044 298 1109 549 639 1199 772 500 345 392 537 239 157 907 349 316 668 699 731 159 243 692 372 200 1044 287 387 447 736 611 278 665 363 0 543 1021 623 388
804 103 473 667 770 931 420 500 733 822 869 595 649 668 1163 1473 889 892 738 743 81 230 744 269 257 212 457 314 457 169 1105 500 359 562 928 814 993 599 196 1083 655 88 669 187 298 755 474 791 849 815 550 309 331 416 759 1191 638 690 928 802 594 864 264 228 398 547 570 543 0 906 506 903
1190 957 473 268 1157 224 637 435 1136 1208 1256 877 931 950 457 1876 1375 1278 1141 1070 860 911 1130 903 851 1094 475 995 1098 1050 1508 430 1118 946 222 1107 287 556 806 255 342 942 951 1069 637 1142 1090 152 1252 1218 394 990 831 1153 1145 1594 921 972 222 1189 877 1350 903 1082 1102 397 853 1021 906 0 439 1290
792 557 151 248 759 464 237 68 738 810 858 479 533 552 696 1478 977 880 743 672 460 511 732 503 453 694 76 595 700 651 1110 68 718 548 461 709 526 277 406 616 188 542 554 669 237 744 692 324 854 820 83 590 431 755 747 1196 523 574 461 791 479 952 503 682 704 80 455 623 506 439 0 892
284 852 855 1050 301 1315 698 886 303 161 129 504 428 447 1548 1042 564 71 307 403 960 900 404 1005 781 724 843 1058 660 913 674 886 693 507 1312 474 1377 817 908 1467 1041 861 522 752 806 251 456 1175 418 384 936 1059 1000 520 233 760 549 469 1312 181 609 539 1004 971 638 933 631 388 903 1290 892 0
EOF