NAME : tsp_problem
TYPE : TSP
DIMENSION : 76
EDGE_WEIGHT_TYPE : EXPLICIT
EDGE_WEIGHT_FORMAT : FULL_MATRIX
EDGE_WEIGHT_SECTION
0 832 779 427 726 750 843 314 306 719 504 317 225 311 836 290 540 676 767 835 727 866 397 281 372 467 832 863 336 732 190 293 819 551 583 665 821 814 821 697 828 425 362 427 278 568 177 860 310 198 375 844 542 725 526 266 127 735 825 489 173 134 868 85 444 752 242 723 664 314 580 811 789 1119 277 807
832 0 359 1009 228 308 1427 822 826 300 1087 662 959 670 416 1024 582 200 366 122 308 87 978 848 958 508 413 84 793 708 684 836 399 588 1166 210 424 101 402 673 408 947 785 468 848 1151 700 441 655 683 777 1427 586 305 497 1001 773 149 65 522 975 936 471 790 707 1335 902 275 640 659 529 98 370 1703 862 95
779 359 0 956 253 334 1373 752 757 103 1034 609 894 617 97 971 608 204 392 362 104 393 925 778 904 455 94 391 724 655 631 766 138 614 1113 193 348 341 141 620 90 878 715 415 779 1098 647 180 602 630 707 1374 611 115 513 947 720 263 352 477 922 883 395 737 637 1282 832 301 587 606 555 338 103 1649 809 335
427 1009 956 0 903 927 446 711 704 896 107 494 622 502 1012 687 716 853 944 1012 904 1042 60 679 181 644 1009 1040 734 909 371 691 996 728 186 842 998 991 998 874 1005 822 760 604 676 171 358 1037 487 379 773 447 719 901 703 664 368 912 1001 666 571 532 1045 386 842 355 640 900 841 491 757 988 966 722 255 984
726 228 253 903 0 100 1321 716 720 194 981 556 853 564 310 918 374 94 158 231 202 261 872 742 851 334 307 259 687 602 578 730 293 379 1060 104 318 210 296 567 302 841 678 362 742 1045 594 335 549 577 670 1321 377 199 288 895 667 131 220 313 869 830 365 684 601 1229 796 73 534 553 321 207 264 1596 756 203
750 308 334 927 100 0 1345 740 744 274 1005 580 877 588 391 942 314 174 98 311 282 342 896 766 875 309 387 340 711 626 602 754 374 320 1084 184 399 290 376 591 383 865 702 340 766 1069 618 415 573 601 694 1345 318 280 263 919 691 212 301 288 893 854 446 708 625 1253 820 48 558 577 289 287 344 1620 780 284
843 1427 1373 446 1321 1345 0 1127 1120 1314 369 912 1038 920 1430 1103 1134 1271 1362 1430 1322 1460 478 1095 511 1062 1427 1458 1150 1327 787 1107 1413 1146 383 1260 1416 1408 1416 1292 1422 1238 1176 1022 1092 307 774 1455 905 795 1189 54 1137 1319 1120 1080 784 1330 1419 1084 987 948 1463 802 1258 155 1056 1317 1259 909 1175 1406 1384 307 584 1402
314 822 752 711 716 740 1127 0 343 693 788 428 262 419 809 327 756 666 769 825 700 855 681 178 656 654 806 853 97 467 475 190 792 768 867 655 711 804 795 432 801 462 326 614 315 852 461 833 433 482 318 1128 758 698 713 337 397 725 814 676 392 353 758 355 248 1036 139 712 398 434 768 801 763 1403 561 797
306 826 757 704 720 744 1120 343 0 697 781 421 162 411 814 319 748 670 773 829 705 860 673 211 649 659 810 858 291 472 467 199 797 760 859 660 716 808 799 436 806 170 80 619 71 844 454 838 426 475 93 1120 751 703 718 329 389 730 819 681 384 345 763 347 162 1028 265 717 403 426 772 805 767 1396 554 802
719 300 103 896 194 274 1314 693 697 0 975 550 835 557 160 912 548 144 332 303 66 333 865 719 845 395 157 331 664 595 572 707 143 554 1053 133 288 282 146 560 152 818 655 355 719 1038 587 184 542 570 647 1315 552 76 454 888 660 203 293 417 863 823 335 678 578 1222 773 241 527 546 495 279 114 1590 750 275
504 1087 1034 107 981 1005 369 788 781 975 0 573 699 580 1091 764 795 932 1023 1090 983 1121 139 755 172 723 1088 1119 811 988 448 768 1074 807 108 921 1077 1069 1077 953 1083 899 837 683 753 93 435 1116 566 456 849 369 797 980 781 740 445 991 1080 745 648 608 1124 463 918 277 717 978 919 569 836 1067 1045 645 245 1063
317 662 609 494 556 580 912 428 421 550 573 0 339 53 666 404 370 506 598 665 557 696 463 396 443 297 663 693 451 563 169 408 649 381 651 495 652 644 652 527 658 539 477 257 393 636 185 690 68 168 489 912 372 555 356 380 258 566 655 320 399 359 698 276 559 820 357 553 494 68 411 641 620 1188 348 638
225 959 894 622 853 877 1038 262 162 835 699 339 0 330 951 238 667 804 895 962 843 993 592 229 567 595 948 991 284 609 385 241 934 679 777 793 854 941 937 574 943 308 218 555 134 763 372 976 344 393 231 1039 669 840 653 248 308 863 952 617 303 263 901 266 300 947 190 850 541 345 708 938 905 1314 472 935
311 670 617 502 564 588 920 419 411 557 580 53 330 0 674 395 378 514 605 673 565 704 471 386 450 305 670 701 441 570 177 398 657 389 659 503 659 652 659 535 666 530 467 265 383 644 193 698 59 176 480 920 380 563 364 371 266 573 663 327 389 350 706 283 549 828 347 561 502 59 418 649 627 1195 355 645
836 416 97 1012 310 391 1430 809 814 160 1091 666 951 674 0 1028 665 260 449 419 161 450 982 835 961 512 46 447 781 712 688 823 195 670 1170 249 405 398 198 677 42 934 772 472 836 1155 704 236 659 687 764 1431 668 171 570 1004 777 320 409 534 979 940 452 794 694 1339 889 358 643 663 612 395 104 1706 866 392
290 1024 971 687 918 942 1103 327 319 912 764 404 238 395 1028 0 732 868 960 1027 919 1058 656 294 632 659 1025 1055 349 766 450 306 1011 743 842 857 1011 1006 1014 731 1020 248 375 619 291 828 437 1052 409 458 388 1104 734 917 718 96 373 928 1017 681 368 328 1057 331 457 1012 255 915 698 409 773 1003 982 1379 537 1000
540 582 608 716 374 314 1134 756 748 548 795 370 667 378 665 732 0 448 244 585 556 616 686 723 665 193 661 614 779 575 392 735 648 48 873 458 664 564 651 540 657 867 784 223 721 859 408 689 363 391 776 1135 38 554 147 708 481 486 575 172 683 644 711 498 707 1043 684 322 507 367 76 561 618 1410 570 558
676 200 204 853 94 174 1271 666 670 144 932 506 804 514 260 868 448 0 232 203 152 234 822 692 802 352 257 231 638 552 528 680 243 454 1010 54 268 182 246 517 253 791 629 312 692 995 544 285 499 527 621 1271 452 149 363 845 617 103 193 374 820 780 315 634 551 1179 746 141 484 503 396 179 214 1547 707 175
767 366 392 944 158 98 1362 769 773 332 1023 598 895 605 449 960 244 232 0 369 340 400 913 795 893 337 445 397 740 655 620 783 432 250 1101 242 457 348 434 620 441 894 731 367 795 1087 635 473 590 618 723 1363 248 338 291 936 708 270 359 315 911 872 503 726 654 1270 849 106 587 594 219 345 402 1638 798 341
835 122 362 1012 231 311 1430 825 829 303 1090 665 962 673 419 1027 585 203 369 0 311 156 981 851 961 511 416 154 796 711 687 839 402 591 1169 213 427 55 405 676 411 950 787 471 851 1154 703 444 658 686 779 1430 589 308 500 1004 776 152 115 524 978 939 474 793 710 1338 905 278 643 662 532 72 373 1706 865 76
727 308 104 904 202 282 1322 700 705 66 983 557 843 565 161 919 556 152 340 311 0 341 873 727 853 403 158 339 672 603 579 715 144 562 1061 141 296 290 147 568 153 826 663 363 727 1046 595 186 550 578 655 1322 560 77 462 896 668 211 300 425 871 831 343 686 586 1230 781 249 535 554 503 287 115 1598 758 283
866 87 393 1042 261 342 1460 855 860 333 1121 696 993 704 450 1058 616 234 400 156 341 0 1012 881 991 541 447 104 827 742 718 869 433 622 1199 243 458 135 436 707 442 981 818 501 882 1185 734 474 689 717 810 1461 619 339 531 1034 807 182 92 555 1009 970 505 824 740 1369 935 309 673 693 563 132 403 1736 896 128
397 978 925 60 872 896 478 681 673 865 139 463 592 471 982 656 686 822 913 981 873 1012 0 648 213 613 978 1009 703 878 340 660 965 697 217 811 967 960 967 843 974 792 729 573 645 202 327 1006 456 348 742 478 688 871 672 633 338 881 971 635 540 501 1014 355 811 386 609 869 810 460 726 957 935 754 286 953
281 848 778 679 742 766 1095 178 211 719 755 396 229 386 835 294 723 692 795 851 727 881 648 0 624 651 832 879 200 493 442 57 818 735 834 681 738 830 821 458 827 332 169 611 233 819 429 860 401 450 161 1095 726 724 709 304 364 751 840 673 359 320 784 322 184 1003 106 739 425 401 764 827 789 1371 528 823
372 958 904 181 851 875 511 656 649 845 172 443 567 450 961 632 665 802 893 961 853 991 213 624 0 593 958 989 679 858 316 636 944 677 250 791 947 939 947 823 953 767 705 553 621 236 303 986 436 324 717 512 667 850 651 608 313 861 950 615 516 476 994 331 786 420 585 848 790 439 706 937 915 787 113 933
467 508 455 644 334 309 1062 654 659 395 723 297 595 305 512 659 193 352 337 511 403 541 613 651 593 0 508 539 626 408 319 663 495 199 801 341 497 490 497 373 504 780 617 74 648 786 335 536 290 318 609 1062 197 401 107 636 408 411 500 131 611 571 544 425 540 970 612 282 340 294 139 487 465 1338 498 483
832 413 94 1009 307 387 1427 806 810 157 1088 663 948 670 46 1025 661 257 445 416 158 447 978 832 958 508 0 444 777 708 685 820 192 667 1166 246 401 395 194 673 38 931 768 468 832 1152 701 233 656 683 760 1428 665 168 567 1001 773 316 406 530 976 937 448 791 691 1335 886 354 640 659 608 392 101 1703 863 388
863 84 391 1040 259 340 1458 853 858 331 1119 693 991 701 447 1055 614 231 397 154 339 104 1009 879 989 539 444 0 825 739 715 867 431 619 1197 241 456 132 433 704 440 978 816 499 879 1182 731 472 686 714 808 1458 617 337 528 1032 804 180 90 553 1007 967 502 822 738 1366 933 306 671 690 561 130 401 1734 894 126
336 793 724 734 687 711 1150 97 291 664 811 451 284 441 781 349 779 638 740 796 672 827 703 200 679 626 777 825 0 439 497 212 764 790 889 627 683 775 767 404 773 412 249 586 313 875 484 805 456 505 241 1151 781 670 685 360 420 697 786 648 414 375 730 378 172 1058 161 684 370 456 739 772 734 1426 584 769
732 708 655 909 602 626 1327 467 472 595 988 563 609 570 712 766 575 552 655 711 603 742 878 493 858 408 708 739 439 0 584 481 695 581 1066 541 634 690 698 107 704 592 430 368 493 1051 600 736 555 583 422 1328 579 601 467 776 673 611 701 430 831 792 681 691 352 1235 547 599 83 559 521 687 665 1603 763 683
190 684 631 371 578 602 787 475 467 572 448 169 385 177 688 450 392 528 620 687 579 718 340 442 316 319 685 715 497 584 0 454 671 403 526 517 673 666 674 549 680 585 523 279 439 512 83 712 162 66 536 788 394 577 378 427 132 588 677 341 334 295 720 149 605 696 403 575 516 166 432 663 641 1063 221 659
293 836 766 691 730 754 1107 190 199 707 768 408 241 398 823 306 735 680 783 839 715 869 660 57 636 663 820 867 212 481 454 0 806 747 846 669 725 818 809 446 815 320 157 623 221 831 441 847 413 462 149 1107 738 712 722 316 376 739 828 685 371 332 772 335 172 1015 111 727 413 413 776 815 777 1383 541 811
819 399 138 996 293 374 1413 792 797 143 1074 649 934 657 195 1011 648 243 432 402 144 433 965 818 944 495 192 431 764 695 671 806 0 653 1153 233 388 381 40 660 187 917 755 455 819 1138 687 214 642 670 747 1414 651 155 553 987 760 303 392 517 962 923 435 777 677 1322 872 341 627 646 595 378 149 1689 849 375
551 588 614 728 379 320 1146 768 760 554 807 381 679 389 670 743 48 454 250 591 562 622 697 735 677 199 667 619 790 581 403 747 653 0 885 464 670 570 656 546 662 879 790 229 732 870 419 695 374 402 782 1146 50 559 153 720 492 491 581 177 695 655 717 510 712 1054 696 327 512 378 81 567 624 1422 582 563
583 1166 1113 186 1060 1084 383 867 859 1053 108 651 777 659 1170 842 873 1010 1101 1169 1061 1199 217 834 250 801 1166 1197 889 1066 526 846 1153 885 0 999 1155 1148 1155 1031 1162 977 915 761 831 108 513 1194 644 534 928 384 876 1059 860 819 524 1069 1158 823 726 687 1202 541 997 291 795 1057 998 648 914 1145 1123 659 324 1141
665 210 193 842 104 184 1260 655 660 133 921 495 793 503 249 857 458 54 242 213 141 243 811 681 791 341 246 241 627 541 517 669 233 464 999 0 258 192 235 506 242 780 618 301 681 984 533 274 488 516 610 1260 462 138 373 834 606 113 203 363 809 769 304 624 540 1168 735 151 473 492 405 189 203 1536 696 185
821 424 348 998 318 399 1416 711 716 288 1077 652 854 659 405 1011 664 268 457 427 296 458 967 738 947 497 401 456 683 634 673 725 388 670 1155 258 0 406 390 599 397 837 674 457 738 1140 689 429 644 672 666 1417 668 294 556 990 762 328 417 519 965 925 180 780 597 1324 791 366 566 648 610 403 358 1692 852 400
814 101 341 991 210 290 1408 804 808 282 1069 644 941 652 398 1006 564 182 348 55 290 135 960 830 939 490 395 132 775 690 666 818 381 570 1148 192 406 0 384 655 390 929 766 450 830 1133 682 423 637 665 758 1409 568 287 479 982 755 130 94 503 957 918 453 772 689 1317 884 257 622 641 511 74 352 1684 844 77
821 402 141 998 296 376 1416 795 799 146 1077 652 937 659 198 1014 651 246 434 405 147 436 967 821 947 497 194 433 767 698 674 809 40 656 1155 235 390 384 0 662 190 920 758 457 821 1141 690 217 645 673 750 1417 654 157 556 990 763 305 395 519 965 926 437 780 680 1325 875 343 629 648 598 381 151 1692 852 377
697 673 620 874 567 591 1292 432 436 560 953 527 574 535 677 731 540 517 620 676 568 707 843 458 823 373 673 704 404 107 549 446 660 546 1031 506 599 655 662 0 669 557 395 333 458 1016 565 701 520 548 387 1292 544 566 432 741 638 576 666 395 796 757 646 656 317 1200 512 564 95 524 486 652 630 1568 728 648
828 408 90 1005 302 383 1422 801 806 152 1083 658 943 666 42 1020 657 253 441 411 153 442 974 827 953 504 38 440 773 704 680 815 187 662 1162 242 397 390 190 669 0 926 764 464 828 1147 696 229 651 679 756 1423 660 164 562 996 769 312 401 526 971 932 444 786 686 1331 881 350 636 655 604 387 97 1698 858 384
425 947 878 822 841 865 1238 462 170 818 899 539 308 530 934 248 867 791 894 950 826 981 792 332 767 780 931 978 412 592 585 320 917 879 977 780 837 929 920 557 926 0 201 740 192 963 572 959 544 593 214 1239 869 823 838 258 508 850 940 802 503 463 884 466 283 1147 386 838 524 545 893 926 888 1514 672 922
362 785 715 760 678 702 1176 326 80 655 837 477 218 467 772 375 784 629 731 787 663 818 729 169 705 617 768 816 249 430 523 157 755 790 915 618 674 766 758 395 764 201 0 577 102 900 510 796 482 531 98 1176 788 661 676 385 445 688 777 639 440 401 721 403 120 1084 223 675 361 482 730 764 725 1452 610 760
427 468 415 604 362 340 1022 614 619 355 683 257 555 265 472 619 223 312 367 471 363 501 573 611 553 74 468 499 586 368 279 623 455 229 761 301 457 450 457 333 464 740 577 0 608 746 295 496 250 278 569 1022 227 361 133 596 368 371 460 96 571 531 504 386 500 930 572 313 300 254 170 447 425 1298 458 443
278 848 779 676 742 766 1092 315 71 719 753 393 134 383 836 291 721 692 795 851 727 882 645 233 621 648 832 879 313 493 439 221 819 732 831 681 738 830 821 458 828 192 102 608 0 816 426 860 398 447 115 1093 723 725 707 301 362 752 841 670 356 317 785 320 184 1000 244 739 425 398 761 827 789 1368 526 823
568 1151 1098 171 1045 1069 307 852 844 1038 93 636 763 644 1155 828 859 995 1087 1154 1046 1185 202 819 236 786 1152 1182 875 1051 512 831 1138 870 108 984 1140 1133 1141 1016 1147 963 900 746 816 0 499 1179 629 520 913 307 861 1044 845 804 509 1055 1144 808 711 672 1187 526 982 215 780 1042 983 633 899 1130 1108 583 309 1126
177 700 647 358 594 618 774 461 454 587 435 185 372 193 704 437 408 544 635 703 595 734 327 429 303 335 701 731 484 600 83 441 687 419 513 533 689 682 690 565 696 572 510 295 426 499 0 728 178 82 523 775 410 593 394 414 118 604 693 357 321 282 736 136 592 682 390 591 532 182 448 679 657 1050 208 675
1312 893 632 1489 787 867 1907 1285 1290 636 1568 1142 1428 1150 688 1504 1141 737 925 896 638 926 1458 1312 1438 988 685 924 1257 1188 1164 1299 666 1147 1646 726 881 875 669 1153 681 1411 1248 948 1312 1631 1180 0 1135 1163 1240 1907 1145 648 1047 1481 1253 796 885 1010 1456 1416 928 1271 1171 1815 1366 834 1120 1139 1088 872 642 2183 1343 868
310 655 602 487 549 573 905 433 426 542 566 68 344 59 659 409 363 499 590 658 550 689 456 401 436 290 656 686 456 555 162 413 642 374 644 488 644 637 645 520 651 544 482 250 398 629 178 683 0 161 495 905 365 548 349 386 251 559 648 312 404 364 691 268 564 813 362 546 487 73 403 634 612 1181 341 630
198 683 630 379 577 601 795 482 475 570 456 168 393 176 687 458 391 527 618 686 578 717 348 450 324 318 683 714 505 583 66 462 670 402 534 516 672 665 673 548 679 593 531 278 447 520 82 711 161 0 544 796 393 576 377 435 139 586 676 340 342 303 719 157 613 703 411 574 515 165 431 662 640 1071 229 658
375 777 707 773 670 694 1189 318 93 647 849 489 231 480 764 388 776 621 723 779 655 810 742 161 717 609 760 808 241 422 536 149 747 782 928 610 666 758 750 387 756 214 98 569 115 913 523 788 495 544 0 1189 780 653 668 398 458 680 769 631 453 414 713 416 112 1097 215 667 353 495 722 756 717 1464 622 752
844 1427 1374 447 1321 1345 54 1128 1120 1315 369 912 1039 920 1431 1104 1135 1271 1363 1430 1322 1461 478 1095 512 1062 1428 1458 1151 1328 788 1107 1414 1146 384 1260 1417 1409 1417 1292 1423 1239 1176 1022 1093 307 775 1455 905 796 1189 0 1137 1320 1121 1080 785 1331 1420 1084 987 948 1463 802 1258 156 1056 1318 1259 909 1175 1406 1385 330 585 1403
542 586 611 719 377 318 1137 758 751 552 797 372 669 380 668 734 38 452 248 589 560 619 688 726 667 197 665 617 781 579 394 738 651 50 876 462 668 568 654 544 660 869 788 227 723 861 410 693 365 393 780 1137 0 557 151 711 483 489 579 175 685 646 714 500 710 1045 687 325 510 369 79 565 622 1412 572 561
725 305 115 901 199 280 1319 698 703 76 980 555 840 563 171 917 554 149 338 308 77 339 871 724 850 401 168 337 670 601 577 712 155 559 1059 138 294 287 157 566 164 823 661 361 725 1044 593 196 548 576 653 1320 557 0 459 893 666 209 298 423 868 829 341 683 583 1228 778 247 533 552 501 284 125 1595 755 281
526 497 513 703 288 263 1120 713 718 454 781 356 653 364 570 718 147 363 291 500 462 531 672 709 651 107 567 528 685 467 378 722 553 153 860 373 556 479 556 432 562 838 676 133 707 845 394 595 349 377 668 1121 151 459 0 694 467 400 490 85 669 630 603 484 598 1029 671 236 398 353 93 476 524 1396 556 472
266 1001 947 664 895 919 1080 337 329 888 740 380 248 371 1004 96 708 845 936 1004 896 1034 633 304 608 636 1001 1032 360 776 427 316 987 720 819 834 990 982 990 741 996 258 385 596 301 804 414 1029 386 435 398 1080 711 893 694 0 349 904 993 658 344 305 1037 307 467 988 265 891 708 386 749 980 958 1355 513 976
127 773 720 368 667 691 784 397 389 660 445 258 308 266 777 373 481 617 708 776 668 807 338 364 313 408 773 804 420 673 132 376 760 492 524 606 762 755 763 638 769 508 445 368 362 509 118 801 251 139 458 785 483 666 467 349 0 676 766 430 256 217 809 114 527 693 325 664 605 255 521 752 730 1060 218 748
735 149 263 912 131 212 1330 725 730 203 991 566 863 573 320 928 486 103 270 152 211 182 881 751 861 411 316 180 697 611 588 739 303 491 1069 113 328 130 305 576 312 850 688 371 752 1055 604 344 559 586 680 1331 489 209 400 904 676 0 141 425 879 840 375 694 610 1238 805 179 543 562 433 128 273 1606 766 124
825 65 352 1001 220 301 1419 814 819 293 1080 655 952 663 409 1017 575 193 359 115 300 92 971 840 950 500 406 90 786 701 677 828 392 581 1158 203 417 94 395 666 401 940 777 460 841 1144 693 433 648 676 769 1420 579 298 490 993 766 141 0 514 968 929 464 783 699 1328 894 268 632 652 522 91 362 1695 855 87
489 522 477 666 313 288 1084 676 681 417 745 320 617 327 534 681 172 374 315 524 425 555 635 673 615 131 530 553 648 430 341 685 517 177 823 363 519 503 519 395 526 802 639 96 670 808 357 558 312 340 631 1084 175 423 85 658 430 425 514 0 633 593 566 448 562 992 634 261 362 316 118 501 487 1360 520 497
173 975 922 571 869 893 987 392 384 863 648 399 303 389 979 368 683 820 911 978 871 1009 540 359 516 611 976 1007 414 831 334 371 962 695 726 809 965 957 965 796 971 503 440 571 356 711 321 1004 404 342 453 987 685 868 669 344 256 879 968 633 0 70 1011 215 522 895 320 866 763 404 724 955 933 1263 421 951
134 936 883 532 830 854 948 353 345 823 608 359 263 350 940 328 644 780 872 939 831 970 501 320 476 571 937 967 375 792 295 332 923 655 687 769 925 918 926 757 932 463 401 531 317 672 282 964 364 303 414 948 646 829 630 305 217 840 929 593 70 0 972 175 483 856 281 827 724 365 684 915 893 1223 381 911
868 471 395 1045 365 446 1463 758 763 335 1124 698 901 706 452 1057 711 315 503 474 343 505 1014 784 994 544 448 502 730 681 720 772 435 717 1202 304 180 453 437 646 444 884 721 504 785 1187 736 476 691 719 713 1463 714 341 603 1037 809 375 464 566 1011 972 0 826 643 1371 838 412 613 695 657 450 405 1739 898 446
85 790 737 386 684 708 802 355 347 678 463 276 266 283 794 331 498 634 726 793 686 824 355 322 331 425 791 822 378 691 149 335 777 510 541 624 780 772 780 656 786 466 403 386 320 526 136 819 268 157 416 802 500 683 484 307 114 694 783 448 215 175 826 0 485 710 284 681 622 272 539 769 748 1078 236 766
444 707 637 842 601 625 1258 248 162 578 918 559 300 549 694 457 707 551 654 710 586 740 811 184 786 540 691 738 172 352 605 172 677 712 997 540 597 689 680 317 686 283 120 500 184 982 592 719 564 613 112 1258 710 583 598 467 527 610 699 562 522 483 643 485 0 1166 238 598 284 564 653 686 648 1533 691 682
752 1335 1282 355 1229 1253 155 1036 1028 1222 277 820 947 828 1339 1012 1043 1179 1270 1338 1230 1369 386 1003 420 970 1335 1366 1058 1235 696 1015 1322 1054 291 1168 1324 1317 1325 1200 1331 1147 1084 930 1000 215 682 1363 813 703 1097 156 1045 1228 1029 988 693 1238 1328 992 895 856 1371 710 1166 0 964 1226 1167 817 1083 1314 1292 431 493 1310
242 902 832 640 796 820 1056 139 265 773 717 357 190 347 889 255 684 746 849 905 781 935 609 106 585 612 886 933 161 547 403 111 872 696 795 735 791 884 875 512 881 386 223 572 244 780 390 914 362 411 215 1056 687 778 671 265 325 805 894 634 320 281 838 284 238 964 0 793 479 362 725 881 843 1332 490 877
723 275 301 900 73 48 1317 712 717 241 978 553 850 561 358 915 322 141 106 278 249 309 869 739 848 282 354 306 684 599 575 727 341 327 1057 151 366 257 343 564 350 838 675 313 739 1042 591 382 546 574 667 1318 325 247 236 891 664 179 268 261 866 827 412 681 598 1226 793 0 531 550 269 254 311 1593 753 250
664 640 587 841 534 558 1259 398 403 527 919 494 541 502 643 698 507 484 587 643 535 673 810 425 790 340 640 671 370 83 516 413 627 512 998 473 566 622 629 95 636 524 361 300 425 983 532 668 487 515 353 1259 510 533 398 708 605 543 632 362 763 724 613 622 284 1167 479 531 0 491 453 619 597 1534 694 615
314 659 606 491 553 577 909 434 426 546 569 68 345 59 663 409 367 503 594 662 554 693 460 401 439 294 659 690 456 559 166 413 646 378 648 492 648 641 648 524 655 545 482 254 398 633 182 687 73 165 495 909 369 552 353 386 255 562 652 316 404 365 695 272 564 817 362 550 491 0 407 638 616 1184 344 634
580 529 555 757 321 289 1175 768 772 495 836 411 708 418 612 773 76 396 219 532 503 563 726 764 706 139 608 561 739 521 432 776 595 81 914 405 610 511 598 486 604 893 730 170 761 899 448 636 403 431 722 1175 79 501 93 749 521 433 522 118 724 684 657 539 653 1083 725 269 453 407 0 508 565 1451 611 505
811 98 338 988 207 287 1406 801 805 279 1067 641 938 649 395 1003 561 179 345 72 287 132 957 827 937 487 392 130 772 687 663 815 378 567 1145 189 403 74 381 652 387 926 764 447 827 1130 679 420 634 662 756 1406 565 284 476 980 752 128 91 501 955 915 450 769 686 1314 881 254 619 638 508 0 349 1682 841 74
789 370 103 966 264 344 1384 763 767 114 1045 620 905 627 104 982 618 214 402 373 115 403 935 789 915 465 101 401 734 665 641 777 149 624 1123 203 358 352 151 630 97 888 725 425 789 1108 657 190 612 640 717 1385 622 125 524 958 730 273 362 487 933 893 405 748 648 1292 843 311 597 616 565 349 0 1660 820 345
1119 1703 1649 722 1596 1620 307 1403 1396 1590 645 1188 1314 1195 1706 1379 1410 1547 1638 1706 1598 1736 754 1371 787 1338 1703 1734 1426 1603 1063 1383 1689 1422 659 1536 1692 1684 1692 1568 1698 1514 1452 1298 1368 583 1050 1731 1181 1071 1464 330 1412 1595 1396 1355 1060 1606 1695 1360 1263 1223 1739 1078 1533 431 1332 1593 1534 1184 1451 1682 1660 0 860 1678
277 862 809 255 756 780 584 561 554 750 245 348 472 355 866 537 570 707 798 865 758 896 286 528 113 498 863 894 584 763 221 541 849 582 324 696 852 844 852 728 858 672 610 458 526 309 208 891 341 229 622 585 572 755 556 513 218 766 855 520 421 381 898 236 691 493 490 753 694 344 611 841 820 860 0 838
807 95 335 984 203 284 1402 797 802 275 1063 638 935 645 392 1000 558 175 341 76 283 128 953 823 933 483 388 126 769 683 659 811 375 563 1141 185 400 77 377 648 384 922 760 443 823 1126 675 416 630 658 752 1403 561 281 472 976 748 124 87 497 951 911 446 766 682 1310 877 250 615 634 505 74 345 1678 838 0
EOF