NAME : tsp_problem
TYPE : TSP
DIMENSION : 66
EDGE_WEIGHT_TYPE : EXPLICIT
EDGE_WEIGHT_FORMAT : FULL_MATRIX
EDGE_WEIGHT_SECTION
0 565 687 789 264 566 483 462 534 697 597 462 635 235 234 662 514 544 298 302 84 574 402 759 533 758 237 816 719 431 684 420 239 631 599 692 627 447 682 589 445 717 795 249 535 483 696 498 792 689 282 566 616 1337 504 551 303 416 524 692 374 348 445 312 214 262
565 0 204 305 320 83 923 902 974 1203 1103 969 1142 550 546 1169 954 1050 804 742 592 91 842 1265 1040 1264 677 1323 236 598 1190 926 548 1137 106 208 1133 615 1188 1095 149 1223 312 689 179 923 1202 937 1298 1195 722 1006 1122 1843 944 991 743 856 964 1198 814 788 952 818 392 430
687 204 0 166 443 205 1045 1025 1097 1325 1225 1091 1264 673 669 1291 1076 1172 927 865 715 213 965 1388 1162 1387 800 1445 227 721 1312 1049 670 1260 238 199 1256 737 1310 1218 272 1346 148 811 301 1046 1325 1060 1421 1318 845 1129 1245 1965 1066 1114 865 979 1087 1321 937 910 1074 941 514 553
789 305 166 0 544 307 1147 1127 1199 1427 1327 1193 1366 775 771 1393 1178 1274 1029 967 816 315 1067 1490 1264 1489 902 1547 329 812 1414 1151 772 1362 339 301 1358 839 1412 1319 374 1447 274 913 403 1148 1427 1162 1523 1419 947 1231 1347 2067 1168 1216 967 1080 1189 1423 1038 1012 1176 1043 616 654
264 320 443 544 0 322 622 601 674 904 804 670 843 274 270 870 653 751 506 442 291 330 542 967 741 966 377 1024 475 431 891 627 271 838 354 447 835 448 889 796 201 924 551 388 290 623 903 637 999 896 421 705 823 1544 643 691 442 555 663 900 513 487 653 519 214 263
566 83 205 307 322 0 925 904 976 1205 1105 970 1143 552 548 1170 956 1052 806 744 594 92 844 1267 1041 1266 679 1324 235 600 1192 928 549 1139 82 210 1135 616 1190 1097 151 1225 313 691 180 925 1204 939 1300 1197 724 1008 1124 1845 945 993 745 858 966 1200 816 789 953 820 393 432
483 923 1045 1147 622 925 0 259 204 1014 914 622 695 594 593 979 352 902 657 378 510 932 154 1076 867 1092 280 1050 1077 789 1017 779 598 964 957 1050 961 805 999 906 803 1050 1153 325 893 88 1013 237 1026 923 358 460 949 1654 362 182 378 159 296 926 172 423 804 671 572 621
462 902 1025 1127 601 904 259 0 97 804 704 413 485 574 572 770 143 762 619 357 489 912 323 866 657 882 259 840 1057 768 807 758 577 755 936 1029 751 785 789 696 783 840 1133 304 872 255 803 60 816 713 337 358 739 1444 153 114 358 328 87 716 318 403 747 650 551 600
534 974 1097 1199 674 976 204 97 0 851 751 460 533 646 644 817 190 809 667 429 562 984 305 914 704 929 331 888 1129 840 854 830 650 802 1008 1101 798 857 836 743 855 888 1205 376 944 199 850 107 863 760 409 405 787 1491 200 122 430 311 134 763 324 475 794 722 623 672
697 1203 1325 1427 904 1205 1014 804 851 0 159 561 338 704 702 95 757 528 462 942 667 1213 975 255 237 462 877 519 1358 1057 387 655 707 391 1237 1330 331 1074 66 154 1083 420 1433 889 1173 1009 29 814 495 392 922 703 320 832 767 868 943 989 749 395 947 988 514 628 850 845
597 1103 1225 1327 804 1105 914 704 751 159 0 461 238 604 602 124 657 428 362 842 567 1113 875 221 137 362 777 419 1257 957 287 555 607 291 1137 1230 231 974 144 77 983 320 1333 789 1073 909 158 714 395 292 822 603 219 799 667 768 843 889 649 295 847 888 414 528 750 744
462 969 1091 1193 670 970 622 413 460 561 461 0 345 469 468 527 366 484 228 708 433 978 711 624 398 623 643 681 1123 823 548 435 473 496 1003 1096 492 840 546 454 849 582 1199 655 939 618 561 423 657 554 688 311 481 1202 375 477 709 716 358 557 706 754 358 393 616 610
635 1142 1264 1366 843 1143 695 485 533 338 238 345 0 642 641 304 438 481 401 818 606 1151 784 401 198 423 720 375 1296 996 348 608 646 352 1176 1269 292 1012 323 230 1022 382 1372 765 1112 691 337 496 350 247 798 384 281 978 448 550 819 789 430 250 779 864 466 566 789 783
235 550 673 775 274 552 594 574 646 704 604 469 642 0 99 669 625 551 305 451 206 560 514 766 540 765 386 823 705 407 691 427 101 638 584 677 634 424 689 596 431 724 781 398 521 595 703 609 799 696 431 678 623 1344 615 663 452 527 636 699 485 496 452 319 198 195
234 546 669 771 270 548 593 572 644 702 602 468 641 99 0 668 624 549 304 447 204 556 512 765 539 764 382 822 701 403 689 425 97 636 580 673 633 420 687 594 427 722 777 394 516 593 701 608 797 694 427 676 621 1342 614 661 447 526 634 698 484 492 451 317 193 191
662 1169 1291 1393 870 1170 979 770 817 95 124 527 304 669 668 0 723 494 428 908 633 1178 941 221 203 428 843 485 1323 1023 353 621 673 357 1203 1296 297 1040 81 120 1049 386 1399 855 1139 975 94 780 461 357 888 668 285 798 732 834 909 954 715 361 912 954 479 593 816 810
514 954 1076 1178 653 956 352 143 190 757 657 366 438 625 624 723 0 715 572 409 541 964 375 819 610 835 311 793 1109 820 760 779 629 708 988 1081 704 836 742 649 835 793 1184 356 924 348 756 153 769 666 389 311 692 1397 106 207 410 380 88 669 370 455 700 702 603 652
544 1050 1172 1274 751 1052 902 762 809 528 428 484 481 551 549 494 715 0 273 789 514 1060 822 590 325 511 724 662 1205 904 436 150 554 168 1084 1177 380 921 513 420 930 469 1280 736 1020 903 527 773 637 534 769 661 368 1168 725 826 790 836 707 538 794 835 223 276 697 692
298 804 927 1029 506 806 657 619 667 462 362 228 401 305 304 428 572 273 0 544 269 814 577 524 299 524 479 582 959 659 449 224 309 350 838 931 392 675 447 354 685 482 1035 491 775 657 461 630 557 454 524 518 381 1102 582 684 544 590 564 457 548 589 164 228 451 446
302 742 865 967 442 744 378 357 429 942 842 708 818 451 447 908 409 789 544 0 330 752 298 1005 779 1004 132 1062 897 608 929 666 448 877 776 869 873 625 927 835 623 963 973 72 712 378 942 393 1038 935 45 461 862 1582 399 447 27 311 419 938 269 72 691 558 391 440
84 592 715 816 291 594 510 489 562 667 567 433 606 206 204 633 541 514 269 330 0 602 430 730 504 729 265 787 747 458 654 390 210 601 626 719 598 474 652 559 473 687 823 276 562 511 666 525 762 659 309 593 586 1307 531 579 330 443 551 662 401 375 416 282 241 290
574 91 213 315 330 92 932 912 984 1213 1113 978 1151 560 556 1178 964 1060 814 752 602 0 852 1275 1049 1274 687 1332 245 608 1199 936 557 1147 108 218 1143 624 1198 1105 159 1233 321 699 188 933 1212 947 1308 1205 732 1016 1132 1853 953 1001 752 866 974 1208 824 797 961 828 401 440
402 842 965 1067 542 844 154 323 305 975 875 711 784 514 512 941 375 822 577 298 430 852 0 1038 812 1037 199 1095 997 708 962 698 518 909 876 969 906 725 960 867 723 995 1073 244 813 154 974 338 1070 967 277 427 894 1615 365 284 298 94 385 970 58 343 724 590 491 540
1152 1659 1781 1883 1360 1660 1469 1260 1307 648 614 1017 794 1159 1158 614 1213 983 918 1398 1123 1668 1431 0 693 918 1333 975 1813 1513 843 1111 1163 847 1693 1786 787 1530 633 610 1539 876 1889 1345 1629 1465 647 1270 950 847 1378 1158 775 1121 1222 1324 1399 1444 1205 851 1402 1444 969 1083 1306 1300
533 1040 1162 1264 741 1041 867 657 704 237 137 398 198 540 539 203 610 325 299 779 504 1049 812 300 0 259 714 379 1194 894 184 452 544 188 1074 1167 128 910 222 129 920 217 1270 726 1010 863 236 668 355 252 759 556 117 877 620 721 780 825 602 255 783 825 311 457 687 681
758 1264 1387 1489 966 1266 1092 882 929 462 362 623 423 765 764 428 835 511 524 1004 729 1274 1037 524 259 0 939 604 1419 1119 108 638 769 374 1298 1391 218 1135 447 354 1145 109 1495 951 1235 1087 461 892 580 477 984 781 203 1102 845 946 1005 1050 827 480 1008 1050 497 643 912 906
237 677 800 902 377 679 280 259 331 877 777 643 720 386 382 843 311 724 479 132 265 687 199 940 714 939 0 997 832 543 864 601 383 812 711 804 808 560 862 770 558 898 908 79 647 280 877 294 973 870 112 363 797 1517 301 348 133 213 321 873 171 178 626 493 326 375
816 1323 1445 1547 1024 1324 1050 840 888 519 419 681 375 823 822 485 793 662 582 1062 787 1332 1095 582 379 604 997 0 1477 1177 529 788 827 533 1357 1449 473 1193 504 411 1203 563 1553 1009 1293 1046 518 851 109 255 1042 739 462 1159 803 905 1063 1108 785 258 1066 1108 647 747 970 964
719 236 227 329 475 235 1077 1057 1129 1358 1257 1123 1296 705 701 1323 1109 1205 959 897 747 245 997 1420 1194 1419 832 1477 0 753 1344 1081 702 1292 209 76 1288 769 1343 1250 304 1378 258 844 276 1078 1357 1092 1453 1350 877 1161 1277 1998 1098 1146 897 1011 1119 1353 969 942 1106 973 546 585
431 598 721 812 431 600 789 768 840 1057 957 823 996 407 403 1023 820 904 659 608 458 608 708 1120 894 1119 543 1177 753 0 1044 780 405 991 632 725 988 246 1042 949 479 1077 829 555 568 789 1056 803 1152 1049 588 872 976 1697 809 857 609 722 830 1053 680 654 806 672 256 227
684 1190 1312 1414 891 1192 1017 807 854 387 287 548 348 691 689 353 760 436 449 929 654 1199 962 450 184 108 864 529 1344 1044 0 563 694 299 1224 1317 143 1061 372 279 1070 67 1420 876 1160 1013 386 818 505 402 909 706 128 1027 770 872 930 976 752 405 934 975 422 568 837 831
420 926 1049 1151 627 928 779 758 830 655 555 435 608 427 425 621 779 150 224 666 390 936 698 717 452 638 601 788 1081 780 563 0 431 296 960 1053 507 797 640 547 807 596 1157 612 896 779 654 793 764 661 646 725 495 1295 789 847 666 712 771 664 670 711 174 152 573 568
239 548 670 772 271 549 598 577 650 707 607 473 646 101 97 673 629 554 309 448 210 557 518 770 544 769 383 827 702 405 694 431 0 642 582 674 638 421 692 600 428 728 778 395 518 599 707 613 803 700 428 681 627 1348 619 667 449 531 639 703 489 494 456 323 195 192
631 1137 1260 1362 838 1139 964 755 802 391 291 496 352 638 636 357 708 168 350 877 601 1147 909 454 188 374 812 533 1292 991 299 296 642 0 1171 1264 243 1008 376 283 1018 333 1368 823 1107 960 390 765 509 406 857 653 232 1031 717 819 877 923 700 409 881 922 218 364 784 779
599 106 238 339 354 82 957 936 1008 1237 1137 1003 1176 584 580 1203 988 1084 838 776 626 108 876 1299 1074 1298 711 1357 209 632 1224 960 582 1171 0 232 1167 649 1222 1129 183 1257 346 723 213 957 1236 972 1332 1229 756 1040 1156 1877 978 1025 777 890 998 1232 848 822 986 852 426 464
692 208 199 301 447 210 1050 1029 1101 1330 1230 1096 1269 677 673 1296 1081 1177 931 869 719 218 969 1392 1167 1391 804 1449 76 725 1317 1053 674 1264 232 0 1260 742 1315 1222 276 1350 282 816 300 1050 1329 1064 1425 1322 849 1133 1249 1970 1071 1118 870 983 1091 1325 941 915 1079 945 519 557
627 1133 1256 1358 835 1135 961 751 798 331 231 492 292 634 633 297 704 380 392 873 598 1143 906 393 128 218 808 473 1288 988 143 507 638 243 1167 1260 0 1004 316 223 1014 176 1364 820 1104 956 330 761 449 346 853 650 118 971 714 815 873 919 696 349 877 918 365 512 780 775
447 615 737 839 448 616 805 785 857 1074 974 840 1012 424 420 1040 836 921 675 625 474 624 725 1136 910 1135 560 1193 769 246 1061 797 421 1008 649 742 1004 0 1059 966 495 1094 845 571 585 806 1073 820 1169 1066 605 889 993 1714 826 874 625 738 847 1069 696 670 823 689 272 244
682 1188 1310 1412 889 1190 999 789 836 66 144 546 323 689 687 81 742 513 447 927 652 1198 960 240 222 447 862 504 1343 1042 372 640 692 376 1222 1315 316 1059 0 139 1068 405 1418 874 1158 994 65 799 480 377 907 688 305 817 752 853 928 974 734 380 932 973 499 613 835 830
589 1095 1218 1319 796 1097 906 696 743 154 77 454 230 596 594 120 649 420 354 835 559 1105 867 217 129 354 770 411 1250 949 279 547 600 283 1129 1222 223 966 139 0 976 313 1326 781 1065 902 153 707 387 284 814 595 212 794 659 760 835 881 641 287 839 880 406 520 742 737
445 149 272 374 201 151 803 783 855 1083 983 849 1022 431 427 1049 835 930 685 623 473 159 723 1146 920 1145 558 1203 304 479 1070 807 428 1018 183 276 1014 495 1068 976 0 1104 380 570 120 804 1083 818 1179 1076 603 887 1003 1724 824 872 623 737 845 1079 695 668 832 699 272 311
717 1223 1346 1447 924 1225 1050 840 888 420 320 582 382 724 722 386 793 469 482 963 687 1233 995 483 217 109 898 563 1378 1077 67 596 728 333 1257 1350 176 1094 405 313 1104 0 1454 909 1193 1046 420 851 538 435 942 739 162 1061 803 905 963 1009 785 438 967 1008 455 601 870 865
795 312 148 274 551 313 1153 1133 1205 1433 1333 1199 1372 781 777 1399 1184 1280 1035 973 823 321 1073 1496 1270 1495 908 1553 258 829 1420 1157 778 1368 346 282 1364 845 1418 1326 380 1454 0 919 409 1154 1433 1168 1529 1426 953 1237 1353 2073 1174 1222 973 1087 1195 1429 1045 1018 1182 1049 622 661
249 689 811 913 388 691 325 304 376 889 789 655 765 398 394 855 356 736 491 72 276 699 244 952 726 951 79 1009 844 555 876 612 395 823 723 816 820 571 874 781 570 909 919 0 659 325 888 339 984 881 52 408 808 1529 345 393 73 258 366 884 216 118 638 504 338 387
535 179 301 403 290 180 893 872 944 1173 1073 939 1112 521 516 1139 924 1020 775 712 562 188 813 1236 1010 1235 647 1293 276 568 1160 896 518 1107 213 300 1104 585 1158 1065 120 1193 409 659 0 893 1172 908 1268 1165 692 976 1092 1813 914 962 713 826 934 1168 784 758 922 788 362 400
483 923 1046 1148 623 925 88 255 199 1009 909 618 691 595 593 975 348 903 657 378 511 933 154 1072 863 1087 280 1046 1078 789 1013 779 599 960 957 1050 956 806 994 902 804 1046 1154 325 893 0 1009 232 1022 918 358 461 945 1650 358 178 379 159 292 922 172 424 805 671 572 621
696 1202 1325 1427 903 1204 1013 803 850 29 158 561 337 703 701 94 756 527 461 942 666 1212 974 254 236 461 877 518 1357 1056 386 654 707 390 1236 1329 330 1073 65 153 1083 420 1433 888 1172 1009 0 814 494 391 922 702 319 832 766 868 942 988 748 394 946 987 513 627 849 844
498 937 1060 1162 637 939 237 60 107 814 714 423 496 609 608 780 153 773 630 393 525 947 338 877 668 892 294 851 1092 803 818 793 613 765 972 1064 761 820 799 707 818 851 1168 339 908 232 814 0 827 723 373 368 750 1454 163 124 393 343 97 727 354 438 757 685 587 635
792 1298 1421 1523 999 1300 1026 816 863 495 395 657 350 799 797 461 769 637 557 1038 762 1308 1070 557 355 580 973 109 1453 1152 505 764 803 509 1332 1425 449 1169 480 387 1179 538 1529 984 1268 1022 494 827 0 230 1018 715 437 1135 779 880 1038 1084 761 233 1042 1083 622 723 945 940
689 1195 1318 1419 896 1197 923 713 760 392 292 554 247 696 694 357 666 534 454 935 659 1205 967 454 252 477 870 255 1350 1049 402 661 700 406 1229 1322 346 1066 377 284 1076 435 1426 881 1165 918 391 723 230 0 914 612 334 1032 676 777 935 981 658 32 939 980 519 620 842 837
282 722 845 947 421 724 358 337 409 922 822 688 798 431 427 888 389 769 524 45 309 732 277 985 759 984 112 1042 877 588 909 646 428 857 756 849 853 605 907 814 603 942 953 52 692 358 922 373 1018 914 0 441 842 1562 379 426 45 291 399 918 249 90 671 538 371 420
566 1006 1129 1231 705 1008 460 358 405 703 603 311 384 678 676 668 311 661 518 461 593 1016 427 765 556 781 363 739 1161 872 706 725 681 653 1040 1133 650 889 688 595 887 739 1237 408 976 461 702 368 715 612 441 0 638 1343 321 422 462 432 303 615 422 507 646 684 655 704
616 1122 1245 1347 823 1124 949 739 787 320 219 481 281 623 621 285 692 368 381 862 586 1132 894 382 117 203 797 462 1277 976 128 495 627 232 1156 1249 118 993 305 212 1003 162 1353 808 1092 945 319 750 437 334 842 638 0 960 702 804 862 908 684 337 866 907 354 500 769 764
980 1487 1609 1711 1188 1488 1297 1088 1135 476 442 845 622 987 986 442 1041 812 746 1226 951 1496 1259 392 521 746 1161 803 1641 1341 671 939 991 675 1521 1614 615 1358 461 438 1367 704 1717 1173 1457 1293 475 1098 779 675 1206 986 603 0 1050 1152 1227 1272 1033 679 1230 1272 797 911 1134 1128
504 944 1066 1168 643 945 362 153 200 767 667 375 448 615 614 732 106 725 582 399 531 953 365 829 620 845 301 803 1098 809 770 789 619 717 978 1071 714 826 752 659 824 803 1174 345 914 358 766 163 779 676 379 321 702 1407 0 217 399 370 98 679 360 444 710 691 593 641
551 991 1114 1216 691 993 182 114 122 868 768 477 550 663 661 834 207 826 684 447 579 1001 284 931 721 946 348 905 1146 857 872 847 667 819 1025 1118 815 874 853 760 872 905 1222 393 962 178 868 124 880 777 426 422 804 1508 217 0 447 289 151 781 302 492 811 739 641 689
303 743 865 967 442 745 378 358 430 943 843 709 819 452 447 909 410 790 544 27 330 752 298 1005 780 1005 133 1063 897 609 930 666 449 877 777 870 873 625 928 835 623 963 973 73 713 379 942 393 1038 935 45 462 862 1583 399 447 0 312 420 938 270 68 692 558 392 441
416 856 979 1080 555 858 159 328 311 989 889 716 789 527 526 954 380 836 590 311 443 866 94 1051 825 1050 213 1108 1011 722 976 712 531 923 890 983 919 738 974 881 737 1009 1087 258 826 159 988 343 1084 981 291 432 908 1629 370 289 312 0 390 984 72 357 737 604 505 554
524 964 1087 1189 663 966 296 87 134 749 649 358 430 636 634 715 88 707 564 419 551 974 385 811 602 827 321 785 1119 830 752 771 639 700 998 1091 696 847 734 641 845 785 1195 366 934 292 748 97 761 658 399 303 684 1389 98 151 420 390 0 661 380 465 692 712 613 662
692 1198 1321 1423 900 1200 926 716 763 395 295 557 250 699 698 361 669 538 457 938 662 1208 970 457 255 480 873 258 1353 1053 405 664 703 409 1232 1325 349 1069 380 287 1079 438 1429 884 1168 922 394 727 233 32 918 615 337 1035 679 781 938 984 661 0 942 983 522 623 845 840
374 814 937 1038 513 816 172 318 324 947 847 706 779 485 484 912 370 794 548 269 401 824 58 1009 783 1008 171 1066 969 680 934 670 489 881 848 941 877 696 932 839 695 967 1045 216 784 172 946 354 1042 939 249 422 866 1587 360 302 270 72 380 942 0 315 695 562 463 512
348 788 910 1012 487 789 423 403 475 988 888 754 864 496 492 954 455 835 589 72 375 797 343 1050 825 1050 178 1108 942 654 975 711 494 922 822 915 918 670 973 880 668 1008 1018 118 758 424 987 438 1083 980 90 507 907 1628 444 492 68 357 465 983 315 0 737 603 437 485
445 952 1074 1176 653 953 804 747 794 514 414 358 466 452 451 479 700 223 164 691 416 961 724 576 311 497 626 647 1106 806 422 174 456 218 986 1079 365 823 499 406 832 455 1182 638 922 805 513 757 622 519 671 646 354 1154 710 811 692 737 692 522 695 737 0 178 599 593
312 818 941 1043 519 820 671 650 722 628 528 393 566 319 317 593 702 276 228 558 282 828 590 690 457 643 493 747 973 672 568 152 323 364 852 945 512 689 613 520 699 601 1049 504 788 671 627 685 723 620 538 684 500 1268 691 739 558 604 712 623 562 603 178 0 465 460
214 392 514 616 214 393 572 551 623 850 750 616 789 198 193 816 603 697 451 391 241 401 491 912 687 912 326 970 546 256 837 573 195 784 426 519 780 272 835 742 272 870 622 338 362 572 849 587 945 842 371 655 769 1490 593 641 392 505 613 845 463 437 599 465 0 87
262 430 553 654 263 432 621 600 672 845 744 610 783 195 191 810 652 692 446 440 290 440 540 907 681 906 375 964 585 227 831 568 192 779 464 557 775 244 830 737 311 865 661 387 400 621 844 635 940 837 420 704 764 1485 641 689 441 554 662 840 512 485 593 460 87 0
EOF