NAME : tsp_problem
TYPE : TSP
DIMENSION : 20
EDGE_WEIGHT_TYPE : EXPLICIT
EDGE_WEIGHT_FORMAT : FULL_MATRIX
EDGE_WEIGHT_SECTION
0 1327 1289 1007 1213 1439 1455 618 1132 1434 161 114 1452 64 1103 1039 1001 1316 1063 1493
1327 0 151 386 416 358 374 738 959 354 1199 1267 371 1283 743 810 856 630 445 434
1289 151 0 348 399 320 336 700 920 315 1160 1229 332 1245 705 772 817 592 428 396
1007 386 348 0 245 498 514 418 665 493 878 947 510 963 620 572 535 374 179 551
1213 416 399 245 0 607 622 623 871 602 1084 1153 619 1168 806 778 741 591 188 675
1878 797 759 937 1045 0 570 1289 1493 550 1750 1818 567 1834 1278 1344 1406 1181 1074 962
1864 783 745 923 1032 541 0 1275 1479 536 1736 1804 553 1820 1264 1331 1392 1167 1060 948
618 738 700 418 623 850 866 0 540 845 489 558 862 574 512 447 410 726 474 903
1132 959 920 665 871 1054 1070 540 0 1049 1003 1072 1066 1087 265 299 202 692 722 1024
1907 826 788 966 1074 583 599 1318 1522 0 1778 1847 596 1863 1306 1373 1435 1209 1103 991
161 1199 1160 878 1084 1311 1326 489 1003 1306 0 101 1323 116 975 910 873 1187 935 1364
114 1267 1229 947 1153 1379 1395 558 1072 1375 101 0 1392 95 1044 979 941 1256 1003 1433
1862 781 743 921 1029 538 554 1273 1477 534 1734 1802 0 1818 1262 1328 1390 1165 1058 946
64 1283 1245 963 1168 1395 1411 574 1087 1390 116 95 1407 0 1059 994 957 1271 1019 1448
1103 743 705 620 806 839 855 512 265 834 975 1044 851 1059 0 271 304 476 694 809
1039 810 772 572 778 906 921 447 299 901 910 979 918 994 271 0 239 543 629 876
1001 856 817 535 741 967 983 410 202 963 873 941 980 957 304 239 0 756 591 1021
1316 630 592 374 591 742 758 726 692 737 1187 1256 754 1271 476 543 756 0 524 732
1063 445 428 179 188 635 651 474 722 630 935 1003 647 1019 694 629 591 524 0 702
1493 434 396 551 675 523 539 903 1024 518 1364 1433 535 1448 809 876 1021 732 702 0
EOF