NAME : tsp_problem
TYPE : TSP
DIMENSION : 62
EDGE_WEIGHT_TYPE : EXPLICIT
EDGE_WEIGHT_FORMAT : FULL_MATRIX
EDGE_WEIGHT_SECTION
0 919 423 378 1020 340 651 656 1143 510 682 773 573 484 534 651 706 499 651 443 521 748 594 673 670 1041 603 1313 825 480 592 601 305 716 1090 157 717 542 668 417 709 650 565 274 532 249 576 457 712 278 754 295 364 469 989 636 687 752 689 618 561 391
919 0 702 570 131 822 948 1041 254 883 910 403 772 864 733 768 1103 930 771 759 593 362 480 279 1066 151 1000 1726 182 648 1005 998 931 819 200 1006 240 710 268 768 1106 1063 978 765 606 875 567 853 226 930 1167 871 815 638 99 1033 1100 1248 1102 1015 557 873
423 702 0 162 804 326 779 873 927 245 742 557 603 226 565 600 935 762 603 87 305 532 378 457 898 825 832 1558 609 263 837 829 701 651 874 510 501 325 452 272 937 894 810 269 316 379 359 685 495 674 999 375 647 253 772 864 932 1080 934 847 344 328
378 570 162 0 672 281 715 808 795 342 678 429 539 323 501 535 870 697 538 218 260 400 246 325 834 693 767 1493 477 131 773 765 656 586 742 465 369 193 320 227 873 830 745 224 271 334 314 621 363 629 935 330 583 121 640 800 867 1016 870 783 299 332
1020 131 804 672 0 924 1049 1143 207 985 1012 505 873 966 835 869 1205 1032 873 861 695 463 582 381 1168 94 1102 1827 283 750 1107 1099 1032 921 213 1108 341 812 370 869 1207 1164 1080 867 707 976 668 955 328 1032 1269 973 917 740 180 1134 1201 1350 1204 1117 658 975
340 822 326 281 924 0 760 765 1047 207 791 677 681 181 643 719 815 608 723 346 425 651 497 577 779 944 712 1422 729 383 701 710 414 771 994 223 621 445 572 118 818 758 674 218 436 288 479 566 615 387 863 88 473 373 892 745 796 861 798 727 464 90
651 948 779 715 1049 760 0 117 1172 930 54 631 212 904 250 219 452 372 219 836 499 669 524 704 149 1070 198 1154 856 793 433 255 373 151 1119 578 748 855 699 839 455 491 406 799 512 734 473 260 742 542 595 715 428 783 1018 234 528 691 530 364 463 811
656 1041 873 808 1143 765 117 0 1265 935 147 725 306 909 344 312 359 287 313 929 593 763 617 797 54 1163 104 1060 949 886 340 161 378 244 1212 582 842 948 793 843 361 397 312 803 606 738 567 264 836 572 502 720 457 876 1111 140 434 605 436 271 556 816
1143 254 927 795 207 1047 1172 1265 0 1108 1135 628 996 1089 958 992 1328 1155 995 983 817 586 705 504 1291 228 1224 1950 406 873 1230 1222 1155 1044 226 1231 464 935 493 992 1330 1287 1202 990 830 1099 791 1078 450 1154 1392 1096 1040 863 303 1257 1324 1473 1327 1240 781 1097
510 883 245 342 985 207 930 935 1108 0 923 738 784 76 746 780 986 778 783 217 486 712 558 638 949 1005 882 1592 789 444 871 880 584 832 1055 394 682 506 633 288 988 929 844 380 496 458 540 736 676 557 1033 259 643 434 953 915 966 1031 968 898 525 151
682 910 742 678 1012 791 54 147 1135 923 0 594 175 904 213 181 483 403 182 799 462 632 487 667 179 1032 228 1184 819 755 464 286 404 113 1082 608 711 817 662 807 486 521 437 805 475 764 436 290 705 505 626 746 390 745 980 265 559 721 561 395 426 842
773 403 557 429 505 677 631 725 628 738 594 0 455 719 417 452 787 614 455 614 277 68 301 279 750 525 684 1410 431 507 689 681 615 503 575 757 324 569 274 622 789 746 662 620 290 729 251 537 318 614 851 726 499 497 473 716 784 932 786 699 241 728
573 772 603 539 873 681 212 306 996 784 175 455 0 765 130 104 509 356 105 660 323 494 348 528 321 894 255 1152 680 617 431 312 357 169 943 499 572 679 523 669 512 489 404 666 336 655 297 279 566 356 593 637 241 607 842 291 526 674 528 421 287 732
484 864 226 323 966 181 904 909 1089 76 904 719 765 0 727 761 959 752 765 198 467 694 539 619 923 986 856 1566 771 425 845 854 558 813 1036 368 663 487 614 262 962 903 818 361 478 432 521 710 657 531 1007 232 617 415 934 889 940 1005 942 872 506 125
534 733 565 501 835 643 250 344 958 746 213 417 130 727 0 142 491 318 143 622 285 455 310 490 359 856 293 1114 642 579 393 350 319 207 905 461 534 641 485 631 493 450 366 628 298 617 259 241 528 318 555 598 203 569 804 329 488 636 490 403 249 694
651 768 600 535 869 719 219 312 992 780 181 452 104 761 142 0 516 435 100 656 319 490 344 524 328 890 261 1217 676 613 497 319 435 148 939 577 568 675 519 665 518 554 469 662 332 733 293 323 562 434 659 715 320 603 838 298 591 753 594 428 283 770
706 1103 935 870 1205 815 452 359 1328 986 483 787 509 959 491 516 0 250 516 991 655 825 679 859 342 1225 269 1023 1011 948 303 216 428 580 1274 633 904 1010 855 894 49 360 275 854 668 789 629 351 898 622 465 770 508 938 1173 251 397 568 400 146 618 866
499 930 762 697 1032 608 372 287 1155 778 403 614 356 752 318 435 250 0 435 818 482 652 506 687 270 1052 197 849 838 775 129 144 255 499 1101 425 731 837 682 687 252 186 101 646 495 582 456 178 725 450 291 563 335 765 1000 179 223 354 226 162 446 659
651 771 603 538 873 723 219 313 995 783 182 455 105 765 143 100 516 435 0 659 323 493 347 527 328 893 262 1218 679 616 497 319 436 151 942 578 572 678 523 668 519 554 470 666 335 734 297 324 566 435 659 715 320 606 841 298 592 753 594 428 286 773
443 759 87 218 861 346 836 929 983 217 799 614 660 198 622 656 991 818 659 0 362 588 434 513 955 881 888 1614 665 320 894 886 721 707 930 530 558 382 509 292 994 951 866 289 372 399 416 742 552 694 1056 395 704 310 829 921 988 1137 991 904 401 300
521 593 305 260 695 425 499 593 817 486 462 277 323 467 285 319 655 482 323 362 0 315 169 349 618 715 552 1277 501 362 557 549 483 371 764 609 394 424 345 370 657 614 530 368 42 477 86 405 388 482 719 474 367 352 663 584 652 800 654 567 71 476
748 362 532 400 463 651 669 763 586 712 632 68 494 694 455 490 825 652 493 588 315 0 309 250 788 484 722 1448 402 478 727 719 653 541 533 795 295 540 245 597 827 784 700 595 328 704 289 575 289 652 889 700 537 468 432 754 822 970 824 737 279 702
594 480 378 246 582 497 524 617 705 558 487 301 348 539 310 344 679 506 347 434 169 309 0 235 643 602 576 1302 387 324 582 574 507 395 652 649 279 386 230 443 682 639 554 440 182 550 143 430 273 506 744 546 392 313 550 609 676 825 679 591 133 548
673 279 457 325 381 577 704 797 504 638 667 279 528 619 490 524 859 687 527 513 349 250 235 0 823 401 756 1482 186 403 762 754 687 576 451 761 78 465 60 522 862 819 734 520 362 629 323 610 72 686 924 626 572 393 349 789 856 1005 859 772 313 627
670 1066 898 834 1168 779 149 54 1291 949 179 750 321 923 359 328 342 270 328 955 618 788 643 823 0 1189 87 1043 975 912 323 145 392 276 1238 596 867 974 818 857 344 380 295 817 631 752 592 278 861 586 485 734 471 902 1136 124 417 588 420 254 582 830
1041 151 825 693 94 944 1070 1163 228 1005 1032 525 894 986 856 890 1225 1052 893 881 715 484 602 401 1189 0 1122 1848 304 771 1128 1120 1053 941 199 1128 362 833 391 890 1228 1185 1100 888 728 997 689 976 348 1052 1290 993 937 760 201 1155 1222 1370 1224 1137 679 995
603 1000 832 767 1102 712 198 104 1224 882 228 684 255 856 293 261 269 197 262 888 552 722 576 756 87 1122 0 970 908 845 250 78 325 325 1171 529 801 907 752 791 272 307 223 750 564 686 526 212 795 519 412 667 405 835 1070 57 345 515 347 181 515 763
1011 1424 1256 1191 1525 1120 852 758 1648 1290 882 1108 850 1264 812 915 721 547 916 1312 975 1146 1000 1180 741 1546 668 0 1332 1269 469 616 749 979 1595 937 1225 1331 1175 1198 724 473 492 1158 988 1093 949 672 1219 943 577 1075 828 1259 1494 651 505 865 512 633 939 1170
825 182 609 477 283 729 856 949 406 789 819 431 680 771 642 676 1011 838 679 665 501 402 387 186 975 304 908 1634 0 555 914 906 839 727 353 912 146 617 175 674 1014 971 886 672 514 781 475 762 132 838 1076 777 724 545 252 941 1008 1157 1011 924 465 779
480 648 263 131 750 383 793 886 873 444 755 507 617 425 579 613 948 775 616 320 362 478 324 403 912 771 845 1571 555 0 851 843 758 664 820 567 447 105 398 329 951 908 823 326 373 436 412 699 441 731 1013 432 660 31 718 878 945 1094 948 860 401 434
592 1005 837 773 1107 701 433 340 1230 871 464 689 431 845 393 497 303 129 497 894 557 727 582 762 323 1128 250 771 914 851 0 197 331 561 1177 519 806 913 757 780 305 108 84 739 570 675 531 253 800 525 213 656 410 841 1075 232 145 447 148 215 521 752
601 998 829 765 1099 710 255 161 1222 880 286 681 312 854 350 319 216 144 319 886 549 719 574 754 145 1120 78 918 906 843 197 0 323 383 1169 527 798 905 749 788 219 254 170 748 562 683 523 245 792 517 359 665 402 833 1068 79 292 463 294 128 513 761
305 931 701 656 1032 414 373 378 1155 584 404 615 357 558 319 435 428 255 436 721 483 653 507 687 392 1053 325 1051 839 758 331 323 0 500 1102 232 732 820 682 493 431 388 303 452 495 388 456 179 726 258 493 369 336 748 1001 358 425 536 427 340 446 465
716 819 651 586 921 771 151 244 1044 832 113 503 169 813 207 148 580 499 151 707 371 541 395 576 276 941 325 1281 727 664 561 383 500 0 990 642 620 726 571 716 582 618 533 714 384 798 345 387 614 499 723 780 384 654 889 362 655 818 658 492 335 821
1090 200 874 742 213 994 1119 1212 226 1055 1082 575 943 1036 905 939 1274 1101 942 930 764 533 652 451 1238 199 1171 1897 353 820 1177 1169 1102 990 0 1177 411 882 440 939 1277 1234 1149 937 777 1046 738 1025 397 1101 1339 1042 987 810 125 1204 1271 1420 1274 1187 728 1044
157 1006 510 465 1108 223 578 582 1231 394 608 757 499 368 461 577 633 425 578 530 609 795 649 761 596 1128 529 1239 912 567 519 527 232 642 1177 0 805 629 756 302 635 576 491 262 619 197 598 383 799 204 681 178 290 557 1076 562 613 678 615 545 588 274
717 240 501 369 341 621 748 842 464 682 711 324 572 663 534 568 904 731 572 558 394 295 279 78 867 362 801 1527 146 447 806 798 732 620 411 805 0 509 67 566 906 863 779 564 407 674 368 654 60 731 968 670 616 437 310 833 901 1049 903 816 358 672
542 710 325 193 812 445 855 948 935 506 817 569 679 487 641 675 1010 837 678 382 424 540 386 465 974 833 907 1633 617 105 913 905 820 726 882 629 509 0 460 391 1013 970 885 388 435 498 474 761 503 793 1075 494 723 103 780 940 1007 1156 1010 922 463 496
668 268 452 320 370 572 699 793 493 633 662 274 523 614 485 519 855 682 523 509 345 245 230 60 818 391 752 1477 175 398 757 749 682 571 440 756 67 460 0 517 857 814 730 515 357 624 318 605 61 682 919 621 567 388 338 784 851 1000 854 767 308 623
417 768 272 227 869 118 839 843 992 288 807 622 669 262 631 665 894 687 668 292 370 597 443 522 857 890 791 1500 674 329 780 788 493 716 939 302 566 391 517 0 896 837 752 264 381 366 425 644 561 466 942 167 552 318 838 823 874 939 877 806 410 169
709 1106 937 873 1207 818 455 361 1330 988 486 789 512 962 493 518 49 252 519 994 657 827 682 862 344 1228 272 1026 1014 951 305 219 431 582 1277 635 906 1013 857 896 0 362 278 856 670 791 631 353 900 625 467 773 510 941 1176 254 400 571 402 149 621 869
650 1063 894 830 1164 758 491 397 1287 929 521 746 489 903 450 554 360 186 554 951 614 784 639 819 380 1185 307 775 971 908 108 254 388 618 1234 576 863 970 814 837 362 0 131 797 627 732 588 310 857 582 163 714 467 898 1133 289 149 504 98 272 578 809
565 978 810 745 1080 674 406 312 1202 844 437 662 404 818 366 469 275 101 470 866 530 700 554 734 295 1100 223 794 886 823 84 170 303 533 1149 491 779 885 730 752 278 131 0 712 542 647 504 226 773 497 236 629 383 813 1048 205 168 420 170 187 493 725
274 765 269 224 867 218 799 803 990 380 805 620 666 361 628 662 854 646 666 289 368 595 440 520 817 888 750 1460 672 326 739 748 452 714 937 262 564 388 515 264 856 797 712 0 379 231 422 604 558 425 901 173 511 316 835 783 834 899 836 766 407 269
532 606 316 271 707 436 512 606 830 496 475 290 336 478 298 332 668 495 335 372 42 328 182 362 631 728 564 1290 514 373 570 562 495 384 777 619 407 435 357 381 670 627 542 379 0 488 97 418 401 494 732 484 380 363 676 597 664 813 667 580 82 486
249 875 379 334 976 288 734 738 1099 458 764 729 655 432 617 733 789 582 734 399 477 704 550 629 752 997 686 1395 781 436 675 683 388 798 1046 197 674 498 624 366 791 732 647 231 488 0 532 539 668 361 837 243 447 426 945 718 769 834 772 701 517 338
576 567 359 314 668 479 473 567 791 540 436 251 297 521 259 293 629 456 297 416 86 289 143 323 592 689 526 1251 475 412 531 523 456 345 738 598 368 474 318 425 631 588 504 422 97 532 0 379 362 455 693 528 341 402 637 558 625 774 628 541 53 530
457 853 685 621 955 566 260 264 1078 736 290 537 279 710 241 323 351 178 324 742 405 575 430 610 278 976 212 974 762 699 253 245 179 387 1025 383 654 761 605 644 353 310 226 604 418 539 379 0 648 373 415 521 258 689 923 248 348 496 350 263 369 616
712 226 495 363 328 615 742 836 450 676 705 318 566 657 528 562 898 725 566 552 388 289 273 72 861 348 795 1521 132 441 800 792 726 614 397 799 60 503 61 561 900 857 773 558 401 668 362 648 0 725 962 664 610 431 296 827 895 1043 897 810 352 666
278 930 674 629 1032 387 542 572 1154 557 505 614 356 531 318 434 622 450 435 694 482 652 506 686 586 1052 519 1245 838 731 525 517 258 499 1101 204 731 793 682 466 625 582 497 425 494 361 455 373 725 0 687 342 148 721 1000 552 619 705 622 535 445 438
754 1167 999 935 1269 863 595 502 1392 1033 626 851 593 1007 555 659 465 291 659 1056 719 889 744 924 485 1290 412 879 1076 1013 213 359 493 723 1339 681 968 1075 919 942 467 163 236 901 732 837 693 415 962 687 0 818 572 1003 1237 394 254 609 143 377 683 914
295 871 375 330 973 88 715 720 1096 259 746 726 637 232 598 715 770 563 715 395 474 700 546 626 734 993 667 1377 777 432 656 665 369 780 1042 178 670 494 621 167 773 714 629 173 484 243 528 521 664 342 818 0 428 422 941 700 751 816 753 682 513 139
364 815 647 583 917 473 428 457 1040 643 390 499 241 617 203 320 508 335 320 704 367 537 392 572 471 937 405 1130 724 660 410 402 336 384 987 290 616 723 567 552 510 467 383 511 380 447 341 258 610 148 572 428 0 650 885 437 505 653 507 420 331 524
469 638 253 121 740 373 783 876 863 434 745 497 607 415 569 603 938 765 606 310 352 468 313 393 902 760 835 1561 545 31 841 833 748 654 810 557 437 103 388 318 941 898 813 316 363 426 402 689 431 721 1003 422 650 0 708 868 935 1083 937 850 391 424
989 99 772 640 180 892 1018 1111 303 953 980 473 842 934 804 838 1173 1000 841 829 663 432 550 349 1136 201 1070 1796 252 718 1075 1068 1001 889 125 1076 310 780 338 838 1176 1133 1048 835 676 945 637 923 296 1000 1237 941 885 708 0 1103 1170 1318 1172 1085 627 943
636 1033 864 800 1134 745 234 140 1257 915 265 716 291 889 329 298 251 179 298 921 584 754 609 789 124 1155 57 953 941 878 232 79 358 362 1204 562 833 940 784 823 254 289 205 783 597 718 558 248 827 552 394 700 437 868 1103 0 327 498 329 163 548 796
687 1100 932 867 1201 796 528 434 1324 966 559 784 526 940 488 591 397 223 592 988 652 822 676 856 417 1222 345 807 1008 945 145 292 425 655 1271 613 901 1007 851 874 400 149 168 834 664 769 625 348 895 619 254 751 505 935 1170 327 0 542 188 309 615 847
752 1248 1080 1016 1350 861 691 605 1473 1031 721 932 674 1005 636 753 568 354 753 1137 800 970 825 1005 588 1370 515 1167 1157 1094 447 463 536 818 1420 678 1049 1156 1000 939 571 504 420 899 813 834 774 496 1043 705 609 816 653 1083 1318 498 542 0 544 480 764 912
689 1102 934 870 1204 798 530 436 1327 968 561 786 528 942 490 594 400 226 594 991 654 824 679 859 420 1224 347 814 1011 948 148 294 427 658 1274 615 903 1010 854 877 402 98 170 836 667 772 628 350 897 622 143 753 507 937 1172 329 188 544 0 312 618 849
618 1015 847 783 1117 727 364 271 1240 898 395 699 421 872 403 428 146 162 428 904 567 737 591 772 254 1137 181 935 924 860 215 128 340 492 1187 545 816 922 767 806 149 272 187 766 580 701 541 263 810 535 377 682 420 850 1085 163 309 480 312 0 531 778
561 557 344 299 658 464 463 556 781 525 426 241 287 506 249 283 618 446 286 401 71 279 133 313 582 679 515 1241 465 401 521 513 446 335 728 588 358 463 308 410 621 578 493 407 82 517 53 369 352 445 683 513 331 391 627 548 615 764 618 531 0 515
391 873 328 332 975 90 811 816 1097 151 842 728 732 125 694 770 866 659 773 300 476 702 548 627 830 995 763 1472 779 434 752 761 465 821 1044 274 672 496 623 169 869 809 725 269 486 338 530 616 666 438 914 139 524 424 943 796 847 912 849 778 515 0
EOF