NAME : tsp_problem
TYPE : TSP
DIMENSION : 24
EDGE_WEIGHT_TYPE : EXPLICIT
EDGE_WEIGHT_FORMAT : FULL_MATRIX
EDGE_WEIGHT_SECTION
0 419 559 387 182 715 753 419 758 343 379 726 814 413 457 555 939 706 516 752 527 746 567 493
419 0 197 625 572 420 480 579 464 560 618 431 566 63 604 193 579 411 676 389 301 451 205 131
559 197 0 765 712 456 516 719 499 700 757 467 602 196 743 81 423 447 815 234 238 487 73 167
387 625 765 0 216 828 766 246 964 170 106 932 828 619 293 761 1145 892 343 958 733 795 773 699
182 572 712 216 0 775 713 248 911 172 208 879 775 567 295 708 1092 839 345 905 680 742 720 646
715 420 456 828 775 0 276 766 259 763 821 270 362 419 562 452 838 207 862 649 597 247 464 332
753 480 516 766 713 276 0 704 302 701 759 330 111 479 500 512 898 150 800 709 657 78 524 391
419 579 719 246 248 766 704 0 918 181 239 886 765 573 224 715 1099 829 155 911 687 732 727 653
758 464 499 964 911 259 302 918 0 899 957 124 224 463 752 495 882 250 1014 692 640 290 507 375
343 560 700 170 172 763 701 181 899 0 163 867 762 554 228 696 1080 826 278 892 668 730 708 634
379 618 757 106 208 821 759 239 957 163 0 924 820 612 286 754 1138 884 335 950 726 788 766 692
726 431 467 932 879 270 330 886 124 867 924 0 290 430 806 463 849 261 982 660 608 301 475 343
814 566 602 828 775 362 111 765 224 762 820 290 0 565 561 598 984 236 862 795 743 139 610 478
413 63 196 619 567 419 479 573 463 554 612 430 565 0 598 192 578 410 670 388 295 450 204 130
457 604 743 293 295 562 500 224 752 228 286 806 561 598 0 739 1123 625 320 936 711 528 751 678
555 193 81 761 708 452 512 715 495 696 754 463 598 192 739 0 406 443 811 217 235 483 56 163
939 579 423 1145 1092 838 898 1099 882 1080 1138 849 984 578 1123 406 0 829 1196 278 499 870 398 549
706 411 447 892 839 207 150 829 250 826 884 261 236 410 625 443 829 0 925 640 588 121 455 323
516 676 815 343 345 862 800 155 1014 278 335 982 862 670 320 811 1196 925 0 1008 783 829 823 750
752 389 234 958 905 649 709 911 692 892 950 660 795 388 936 217 278 640 1008 0 431 680 208 360
527 301 238 733 680 597 657 687 640 668 726 608 743 295 711 235 499 588 783 431 0 628 247 312
746 451 487 795 742 247 78 732 290 730 788 301 139 450 528 483 870 121 829 680 628 0 495 363
567 205 73 773 720 464 524 727 507 708 766 475 610 204 751 56 398 455 823 208 247 495 0 175
493 131 167 699 646 332 391 653 375 634 692 343 478 130 678 163 549 323 750 360 312 363 175 0
EOF