NAME : tsp_problem
TYPE : TSP
DIMENSION : 50
EDGE_WEIGHT_TYPE : EXPLICIT
EDGE_WEIGHT_FORMAT : FULL_MATRIX
EDGE_WEIGHT_SECTION
0 839 777 590 428 53 622 867 938 977 947 949 830 371 871 844 1011 371 451 53 795 846 1090 647 562 376 446 79 631 310 681 492 953 405 478 241 926 300 854 551 516 289 807 850 960 456 128 300 794 1037
839 0 135 426 443 805 328 1246 337 375 322 324 122 751 270 220 386 495 410 817 473 244 382 255 309 579 827 779 337 799 257 632 328 786 701 690 301 796 229 322 349 659 1186 225 358 630 740 575 463 329
777 135 0 330 558 744 232 1150 241 279 226 228 92 655 174 124 290 610 525 755 377 148 351 370 424 483 731 718 241 810 161 536 232 690 605 594 205 800 133 437 464 564 1090 129 262 534 696 690 368 299
590 426 330 0 602 557 175 963 491 530 500 502 383 468 313 397 564 654 570 568 242 399 643 378 468 296 544 530 184 623 234 349 506 502 418 407 479 613 407 481 508 376 903 403 513 347 508 612 240 590
428 443 558 602 0 394 567 1085 753 792 746 747 545 588 686 643 809 311 178 406 712 660 805 252 167 483 664 368 575 388 496 642 751 623 696 459 724 384 653 156 251 395 1025 648 775 639 329 208 702 752
53 805 744 557 394 0 589 834 905 944 914 916 797 337 838 811 977 338 417 55 762 812 1056 614 529 343 413 45 597 277 648 458 920 372 445 208 893 267 821 518 483 255 774 816 926 423 95 266 761 1004
622 328 232 175 567 589 0 995 393 432 402 404 285 500 288 299 465 619 534 600 308 300 545 345 433 328 576 562 56 655 136 381 408 534 450 439 381 645 309 446 473 408 935 305 415 379 540 644 299 492
867 1246 1150 963 1085 834 995 0 1311 1350 1320 1322 1203 521 1244 1217 1384 1029 1108 846 1168 1219 1463 1198 1220 812 440 808 1004 968 1054 692 1326 492 629 684 1299 958 1227 1209 1174 892 238 1223 1333 668 786 957 1167 1410
938 337 241 491 753 905 393 1311 0 125 388 390 294 816 233 285 452 805 720 917 445 115 553 565 619 644 892 879 402 971 322 697 394 851 766 755 367 961 295 632 659 725 1251 291 105 695 857 885 436 501
977 375 279 530 792 944 432 1350 125 0 427 429 332 855 272 324 490 844 759 955 483 154 592 603 658 683 931 917 440 1010 361 736 433 889 805 793 406 1000 334 671 698 763 1290 329 146 734 895 924 474 539
947 322 226 500 746 914 402 1320 388 427 0 191 279 825 321 155 253 798 713 926 533 296 539 557 612 653 901 888 411 980 331 706 195 860 775 764 112 970 141 625 651 734 1260 140 410 704 866 878 523 486
949 324 228 502 747 916 404 1322 390 429 191 0 281 827 323 157 142 799 715 927 534 297 541 559 613 655 903 889 413 982 333 708 35 861 777 766 170 972 142 626 653 735 1262 142 412 706 867 879 525 488
830 122 92 383 545 797 285 1203 294 332 279 281 0 708 227 177 343 598 513 809 430 201 294 357 412 536 784 771 294 863 214 589 285 743 658 647 258 853 186 425 451 617 1143 182 315 587 749 678 421 241
371 751 655 468 588 337 500 521 816 855 825 827 708 0 749 723 889 532 611 349 674 724 968 703 723 317 99 311 509 471 559 285 831 58 218 187 804 461 732 712 677 397 460 728 838 196 289 460 672 915
871 270 174 313 686 838 288 1244 233 272 321 323 227 749 0 218 384 738 653 849 231 141 486 498 552 577 825 811 303 904 222 630 327 784 699 688 300 894 228 565 592 658 1184 224 255 628 789 818 222 434
844 220 124 397 643 811 299 1217 285 324 155 157 177 723 218 0 218 695 610 823 430 193 436 455 509 551 798 785 308 877 228 603 161 757 673 661 134 867 63 522 549 631 1157 62 307 601 763 775 420 384
1011 386 290 564 809 977 465 1384 452 490 253 142 343 889 384 218 0 861 776 989 596 359 602 621 675 717 964 951 474 1043 394 769 146 923 839 827 232 1033 204 688 715 797 1323 203 473 767 929 941 587 550
371 495 610 654 311 338 619 1029 805 844 798 799 598 532 738 695 861 0 154 350 764 712 857 304 264 427 607 312 627 331 548 585 804 566 639 402 777 328 705 256 172 339 968 700 827 583 273 139 754 804
451 410 525 570 178 417 534 1108 720 759 713 715 513 611 653 610 776 154 0 429 679 628 772 219 134 506 687 391 543 411 463 665 719 646 719 482 692 407 620 123 219 419 1048 615 742 662 352 218 670 720
53 817 755 568 406 55 600 846 917 955 926 927 809 349 849 823 989 350 429 0 774 824 1068 626 541 355 425 57 609 289 659 470 931 383 456 219 904 279 833 530 495 267 786 828 938 434 107 278 772 1015
795 473 377 242 712 762 308 1168 445 483 533 534 430 674 231 430 596 764 679 774 0 352 690 523 578 502 749 736 324 828 243 554 538 708 623 612 511 818 440 591 617 582 1108 435 466 552 714 817 67 637
846 244 148 399 660 812 300 1219 115 154 296 297 201 724 141 193 359 712 628 824 352 0 461 472 526 552 799 786 309 878 229 604 302 758 674 662 275 868 203 539 566 632 1158 198 137 602 764 792 343 408
1090 382 351 643 805 1056 545 1463 553 592 539 541 294 968 486 436 602 857 772 1068 690 461 0 617 671 796 1044 1030 553 1123 474 849 545 1002 918 906 518 1113 446 684 711 876 1403 441 575 846 1008 937 680 126
647 255 370 378 252 614 345 1198 565 603 557 559 357 703 498 455 621 304 219 626 523 472 617 0 118 531 779 588 354 608 308 584 563 738 653 642 536 604 464 131 158 612 1138 460 586 582 549 384 514 564
562 309 424 468 167 529 433 1220 619 658 612 613 412 723 552 509 675 264 134 541 578 526 671 118 0 618 799 503 441 523 362 674 618 757 743 593 591 519 519 91 117 530 1160 514 641 672 464 299 568 618
376 579 483 296 483 343 328 812 644 683 653 655 536 317 577 551 717 427 506 355 502 552 796 531 618 0 393 317 337 366 387 198 659 351 267 255 632 356 560 607 572 120 752 556 666 196 278 355 500 743
446 827 731 544 664 413 576 440 892 931 901 903 784 99 825 798 964 607 687 425 749 799 1044 779 799 393 0 387 584 547 635 360 907 71 293 263 880 537 808 788 753 473 380 803 914 271 365 536 748 991
79 779 718 530 368 45 562 808 879 917 888 889 771 311 811 785 951 312 391 57 736 786 1030 588 503 317 387 0 571 251 621 432 893 345 418 181 866 241 795 492 457 229 748 790 900 396 69 240 734 978
631 337 241 184 575 597 56 1004 402 440 411 413 294 509 303 308 474 627 543 609 324 309 553 354 441 337 584 571 0 663 145 389 417 543 459 447 390 653 318 455 481 417 943 313 423 387 549 653 315 501
310 799 810 623 388 277 655 968 971 1010 980 982 863 471 904 877 1043 331 411 289 828 878 1123 608 523 366 547 251 663 0 714 524 986 505 578 341 959 84 887 512 477 278 908 882 993 522 212 260 827 1070
681 257 161 234 496 648 136 1054 322 361 331 333 214 559 222 228 394 548 463 659 243 229 474 308 362 387 635 621 145 714 0 440 337 593 509 497 310 704 238 375 402 467 994 233 344 438 599 628 234 421
492 632 536 349 642 458 381 692 697 736 706 708 589 285 630 603 769 585 665 470 554 604 849 584 674 198 360 432 389 524 440 0 712 319 123 308 685 514 613 687 714 278 632 608 719 141 410 514 553 796
953 328 232 506 751 920 408 1326 394 433 195 35 285 831 327 161 146 804 719 931 538 302 545 563 618 659 907 893 417 986 337 712 0 866 781 770 174 976 147 631 657 740 1266 146 416 710 871 884 529 492
405 786 690 502 623 372 534 492 851 889 860 861 743 58 784 757 923 566 646 383 708 758 1002 738 757 351 71 345 543 505 593 319 866 0 252 222 839 495 767 746 711 432 432 762 872 230 323 494 706 950
478 701 605 418 696 445 450 629 766 805 775 777 658 218 699 673 839 639 719 456 623 674 918 653 743 267 293 418 459 578 509 123 781 252 0 295 754 568 682 757 783 347 569 678 788 123 396 568 622 865
241 690 594 407 459 208 439 684 755 793 764 766 647 187 688 661 827 402 482 219 612 662 906 642 593 255 263 181 447 341 497 308 770 222 295 0 743 331 671 582 547 320 624 666 776 272 159 330 610 854
926 301 205 479 724 893 381 1299 367 406 112 170 258 804 300 134 232 777 692 904 511 275 518 536 591 632 880 866 390 959 310 685 174 839 754 743 0 949 120 604 630 713 1239 119 389 683 844 857 502 465
300 796 800 613 384 267 645 958 961 1000 970 972 853 461 894 867 1033 328 407 279 818 868 1113 604 519 356 537 241 653 84 704 514 976 495 568 331 949 0 877 508 473 268 898 872 983 512 202 256 817 1060
854 229 133 407 653 821 309 1227 295 334 141 142 186 732 228 63 204 705 620 833 440 203 446 464 519 560 808 795 318 887 238 613 147 767 682 671 120 877 0 532 559 641 1167 48 317 611 773 785 430 393
551 322 437 481 156 518 446 1209 632 671 625 626 425 712 565 522 688 256 123 530 591 539 684 131 91 607 788 492 455 512 375 687 631 746 757 582 604 508 532 0 130 519 1149 527 654 685 453 288 581 632
516 349 464 508 251 483 473 1174 659 698 651 653 451 677 592 549 715 172 219 495 617 566 711 158 117 572 753 457 481 477 402 714 657 711 783 547 630 473 559 130 0 484 1114 554 680 712 418 284 608 658
289 659 564 376 395 255 408 892 725 763 734 735 617 397 658 631 797 339 419 267 582 632 876 612 530 120 473 229 417 278 467 278 740 432 347 320 713 268 641 519 484 0 832 636 746 276 190 267 580 824
807 1186 1090 903 1025 774 935 238 1251 1290 1260 1262 1143 460 1184 1157 1323 968 1048 786 1108 1158 1403 1138 1160 752 380 748 943 908 994 632 1266 432 569 624 1239 898 1167 1149 1114 832 0 1162 1273 608 726 897 1107 1350
850 225 129 403 648 816 305 1223 291 329 140 142 182 728 224 62 203 700 615 828 435 198 441 460 514 556 803 790 313 882 233 608 146 762 678 666 119 872 48 527 554 636 1162 0 312 606 768 780 426 389
960 358 262 513 775 926 415 1333 105 146 410 412 315 838 255 307 473 827 742 938 466 137 575 586 641 666 914 900 423 993 344 719 416 872 788 776 389 983 317 654 680 746 1273 312 0 716 878 907 457 522
456 630 534 347 639 423 379 668 695 734 704 706 587 196 628 601 767 583 662 434 552 602 846 582 672 196 271 396 387 522 438 141 710 230 123 272 683 512 611 685 712 276 608 606 716 0 374 511 551 794
128 740 696 508 329 95 540 786 857 895 866 867 749 289 789 763 929 273 352 107 714 764 1008 549 464 278 365 69 549 212 599 410 871 323 396 159 844 202 773 453 418 190 726 768 878 374 0 201 712 956
300 575 690 612 208 266 644 957 885 924 878 879 678 460 818 775 941 139 218 278 817 792 937 384 299 355 536 240 653 260 628 514 884 494 568 330 857 256 785 288 284 267 897 780 907 511 201 0 816 885
794 463 368 240 702 761 299 1167 436 474 523 525 421 672 222 420 587 754 670 772 67 343 680 514 568 500 748 734 315 827 234 553 529 706 622 610 502 817 430 581 608 580 1107 426 457 551 712 816 0 628
1037 329 299 590 752 1004 492 1410 501 539 486 488 241 915 434 384 550 804 720 1015 637 408 126 564 618 743 991 978 501 1070 421 796 492 950 865 854 465 1060 393 632 658 824 1350 389 522 794 956 885 628 0
EOF