NAME : tsp_problem
TYPE : TSP
DIMENSION : 60
EDGE_WEIGHT_TYPE : EXPLICIT
EDGE_WEIGHT_FORMAT : FULL_MATRIX
EDGE_WEIGHT_SECTION
0 455 71 796 854 871 1173 389 716 190 772 156 288 730 273 781 924 551 842 618 337 763 759 180 722 486 773 847 267 382 646 887 569 205 898 962 562 864 387 537 704 1060 564 161 185 608 921 176 155 749 707 453 912 907 474 636 573 878 171 187
455 0 490 550 1272 625 1591 99 470 292 526 498 706 583 631 518 678 325 579 338 755 516 1178 598 575 904 1191 1265 610 801 293 640 987 623 651 716 513 618 107 955 1122 797 141 579 603 559 1340 314 427 1167 426 732 649 661 577 1054 151 632 590 606
71 490 0 755 812 830 1131 423 675 225 731 191 246 688 231 740 883 510 800 577 295 721 718 180 680 444 731 805 302 341 604 846 527 205 856 921 521 823 421 495 663 1018 598 161 185 566 880 211 190 707 665 412 870 866 432 595 608 837 130 187
796 550 755 0 1294 265 1613 616 149 809 188 680 730 222 578 254 318 384 314 256 779 89 1200 905 215 928 1213 1287 572 825 283 281 998 930 292 356 250 258 624 965 1144 533 441 886 910 262 1362 831 847 1189 202 679 384 301 365 1076 522 272 677 912
854 1272 812 1294 0 1369 367 1206 1214 1007 1270 973 592 1228 773 1279 1422 1049 1340 1116 556 1261 457 962 1220 456 218 154 868 504 1144 1385 797 988 1396 1460 1060 1363 1204 764 281 1558 1301 944 968 1106 236 993 972 193 1205 693 1410 1406 972 340 1220 1376 735 970
871 625 830 265 1369 0 1688 691 189 884 228 755 805 449 653 294 93 459 354 331 854 196 1275 980 441 1003 1288 1362 646 899 358 106 1073 1005 117 182 476 84 699 1040 1219 572 516 961 985 489 1437 906 922 1264 242 754 424 127 591 1151 597 98 752 987
1173 1591 1131 1613 367 1688 0 1525 1533 1326 1589 1292 911 1547 1092 1598 1741 1368 1658 1435 874 1580 776 1281 1539 775 537 473 1186 822 1463 1704 945 1306 1715 1779 1379 1681 1523 913 599 1877 1620 1262 1286 1424 555 1312 1291 512 1523 1008 1729 1724 1291 659 1539 1695 1053 1289
389 99 423 616 1206 691 1525 0 536 255 592 432 640 649 625 585 744 391 645 404 689 582 1111 532 641 838 1125 1199 543 734 360 707 921 557 717 782 580 684 90 889 1056 863 208 513 537 625 1273 247 360 1100 492 761 715 727 643 988 217 698 523 539
716 470 675 149 1214 189 1533 536 0 729 90 600 650 333 498 139 242 304 199 176 699 80 1120 825 325 848 1133 1207 492 745 203 205 918 850 215 280 360 182 544 885 1064 417 361 806 830 373 1282 751 767 1109 87 599 269 225 444 996 442 196 597 832
190 292 225 809 1007 884 1326 255 729 0 785 233 441 815 426 777 937 584 838 597 490 775 913 333 808 639 926 1000 344 535 552 900 722 358 910 975 648 877 253 690 857 1056 400 314 338 693 1075 183 162 902 685 563 908 920 560 789 410 891 324 340
772 526 731 188 1270 228 1589 592 90 785 0 656 706 371 554 195 281 360 255 232 755 119 1176 881 363 904 1189 1263 547 800 259 243 974 906 254 319 399 221 600 941 1120 473 417 862 886 411 1338 807 823 1165 143 655 325 264 499 1052 497 235 653 888
156 498 191 680 973 755 1292 432 600 233 656 0 407 613 259 665 808 435 725 502 456 646 879 299 606 605 892 966 143 502 529 771 679 325 781 846 446 748 430 647 824 944 607 281 305 491 1041 219 198 868 590 361 796 791 358 756 606 762 291 307
288 706 246 730 592 805 911 640 650 441 706 407 0 663 206 715 858 485 775 552 75 696 498 396 656 224 511 585 303 120 579 821 364 421 831 896 496 798 638 332 442 994 737 377 401 541 660 427 406 487 640 248 845 841 408 374 656 812 168 403
730 583 688 222 1228 449 1547 649 333 815 371 613 663 0 511 437 502 393 498 289 712 271 1133 838 68 861 1147 1221 505 758 316 465 931 863 475 540 193 442 657 899 1078 716 474 819 843 171 1295 801 780 1122 377 612 568 485 298 1010 554 456 610 845
273 631 231 578 773 653 1092 625 498 426 554 259 206 511 0 563 706 333 623 400 256 544 678 381 503 404 692 766 151 301 427 668 488 406 679 744 344 646 623 455 623 841 585 362 386 389 840 412 391 667 488 258 693 689 255 555 504 660 153 389
781 518 740 254 1279 294 1598 585 139 777 195 665 715 437 563 0 347 369 101 241 764 185 1185 890 430 913 1198 1272 557 810 268 310 983 915 320 385 445 287 593 950 1129 319 410 871 895 477 1347 799 832 1174 128 664 171 330 509 1061 490 301 662 897
924 678 883 318 1422 93 1741 744 242 937 281 808 858 502 706 347 0 512 407 384 907 250 1328 1033 494 1056 1341 1415 700 953 412 160 1126 1058 170 235 529 137 752 1094 1273 626 569 1014 1038 542 1490 959 975 1317 295 807 477 180 644 1205 650 151 805 1040
551 325 510 384 1049 459 1368 391 304 584 360 435 485 393 333 369 512 0 429 206 534 351 955 660 385 683 968 1042 327 580 234 475 753 685 485 550 215 452 399 720 899 648 287 641 665 260 1117 606 602 944 294 434 500 495 279 831 197 466 432 667
842 579 800 314 1340 354 1658 645 199 838 255 725 775 498 623 101 407 429 0 301 824 246 1245 950 490 973 1259 1333 617 870 329 370 1043 975 380 445 505 347 653 1011 1190 335 470 931 955 538 1407 860 892 1234 189 724 187 390 569 1122 551 361 722 957
618 338 577 256 1116 331 1435 404 176 597 232 502 552 289 400 241 384 206 301 0 601 222 1022 727 281 750 1035 1109 394 647 76 347 820 752 357 422 282 324 412 787 966 520 229 708 732 327 1184 619 669 1011 166 501 371 367 346 898 309 338 499 734
337 755 295 779 556 854 874 689 699 490 755 456 75 712 256 764 907 534 824 601 0 745 461 445 705 187 475 549 352 84 629 870 413 470 880 945 545 847 687 381 406 1043 786 426 450 590 623 476 455 450 689 297 895 890 457 338 705 861 217 453
763 516 721 89 1261 196 1580 582 80 775 119 646 696 271 544 185 250 351 246 222 745 0 1166 871 263 894 1180 1254 538 791 250 212 964 896 223 288 298 190 591 932 1111 464 407 852 876 311 1328 797 813 1155 133 645 316 233 413 1043 488 204 643 878
759 1178 718 1200 457 1275 776 1111 1120 913 1176 879 498 1133 678 1185 1328 955 1245 1022 461 1166 0 868 1125 361 265 450 773 409 1049 1290 702 893 1301 1366 966 1268 1109 670 201 1463 1207 849 873 1011 386 899 878 310 1110 598 1315 1311 877 149 1126 1282 640 875
180 598 180 905 962 980 1281 532 825 333 881 299 396 838 381 890 1033 660 950 727 445 871 868 0 830 594 881 955 411 491 754 995 677 58 1006 1071 671 973 530 645 813 1168 707 49 54 716 1030 319 298 857 815 562 1020 1016 582 745 716 987 280 52
722 575 680 215 1220 441 1539 641 325 808 363 606 656 68 503 430 494 385 490 281 705 263 1125 830 0 854 1139 1213 497 750 308 457 923 856 467 532 185 434 649 891 1070 708 466 812 836 164 1288 794 773 1115 369 605 560 477 290 1002 547 448 603 838
486 904 444 928 456 1003 775 838 848 639 904 605 224 861 404 913 1056 683 973 750 187 894 361 594 854 0 375 449 501 135 777 1019 562 619 1029 1094 694 996 836 530 306 1192 935 575 599 739 523 625 604 351 838 446 1043 1039 606 238 854 1010 366 601
773 1191 731 1213 218 1288 537 1125 1133 926 1189 892 511 1147 692 1198 1341 968 1259 1035 475 1180 265 881 1139 375 0 211 787 422 1063 1304 716 907 1315 1379 979 1281 1123 683 199 1477 1220 863 887 1025 285 912 891 111 1124 612 1329 1324 891 259 1139 1295 654 889
847 1265 805 1287 154 1362 473 1199 1207 1000 1263 966 585 1221 766 1272 1415 1042 1333 1109 549 1254 450 955 1213 449 211 0 861 497 1137 1378 790 981 1389 1453 1053 1355 1197 757 273 1551 1294 937 961 1099 229 986 965 186 1198 686 1403 1398 965 333 1213 1369 728 963
267 610 302 572 868 646 1186 543 492 344 547 143 303 505 151 557 700 327 617 394 352 538 773 411 497 501 787 861 0 398 421 662 571 436 673 738 338 640 541 539 718 835 579 392 416 383 935 331 309 762 482 252 687 683 249 650 497 654 250 418
382 801 341 825 504 899 822 734 745 535 800 502 120 758 301 810 953 580 870 647 84 791 409 491 750 135 422 497 398 0 674 915 459 516 926 991 591 893 732 426 354 1088 832 472 496 636 571 522 500 398 735 343 940 936 502 286 750 907 263 498
646 293 604 283 1144 358 1463 360 203 552 259 529 579 316 427 268 412 234 329 76 629 250 1049 754 308 777 1063 1137 421 674 0 374 847 779 385 449 310 352 368 815 994 547 185 735 759 355 1211 574 687 1038 194 529 399 395 373 926 265 365 526 761
887 640 846 281 1385 106 1704 707 205 900 243 771 821 465 668 310 160 475 370 347 870 212 1290 995 457 1019 1304 1378 662 915 374 0 1089 1021 73 137 492 52 715 1056 1235 588 532 977 1001 505 1453 922 938 1280 257 770 440 83 607 1167 612 66 768 1003
569 987 527 998 797 1073 945 921 918 722 974 679 364 931 488 983 1126 753 1043 820 413 964 702 677 923 562 716 790 571 459 847 1089 0 703 1099 1164 764 1066 919 106 647 1261 1005 659 683 809 864 708 687 691 908 339 1113 1109 675 579 924 1080 450 685
205 623 205 930 988 1005 1306 557 850 358 906 325 421 863 406 915 1058 685 975 752 470 896 893 58 856 619 907 981 436 516 779 1021 703 0 1031 1096 696 998 555 670 838 1194 732 84 65 741 1055 344 323 882 840 587 1045 1041 608 770 741 1012 305 63
898 651 856 292 1396 117 1715 717 215 910 254 781 831 475 679 320 170 485 380 357 880 223 1301 1006 467 1029 1315 1389 673 926 385 73 1099 1031 0 94 503 63 726 1067 1246 599 542 987 1011 515 1463 932 948 1290 268 780 451 51 618 1178 623 70 778 1013
962 716 921 356 1460 182 1779 782 280 975 319 846 896 540 744 385 235 550 445 422 945 288 1366 1071 532 1094 1379 1453 738 991 449 137 1164 1096 94 0 567 127 790 1132 1310 664 607 1052 1076 580 1528 997 1013 1355 333 845 515 94 682 1243 688 135 843 1078
562 513 521 250 1060 476 1379 580 360 648 399 446 496 193 344 445 529 215 505 282 545 298 966 671 185 694 979 1053 338 591 310 492 764 696 503 567 0 469 588 732 911 724 467 652 676 61 1128 634 613 955 370 445 576 512 163 843 386 483 443 678
864 618 823 258 1363 84 1681 684 182 877 221 748 798 442 646 287 137 452 347 324 847 190 1268 973 434 996 1281 1355 640 893 352 52 1066 998 63 127 469 0 692 1034 1213 566 509 954 978 482 1430 899 915 1257 235 747 417 73 585 1145 590 43 745 980
387 107 421 624 1204 699 1523 90 544 253 600 430 638 657 623 593 752 399 653 412 687 591 1109 530 649 836 1123 1197 541 732 368 715 919 555 726 790 588 692 0 887 1054 872 216 511 535 633 1271 245 358 1099 500 759 723 735 651 986 225 706 521 537
537 955 495 965 764 1040 913 889 885 690 941 647 332 899 455 950 1094 720 1011 787 381 932 670 645 891 530 683 757 539 426 815 1056 106 670 1067 1132 732 1034 887 0 614 1229 972 626 650 777 832 676 655 659 876 307 1081 1077 643 546 891 1047 417 652
704 1122 663 1144 281 1219 599 1056 1064 857 1120 824 442 1078 623 1129 1273 899 1190 966 406 1111 201 813 1070 306 199 273 718 354 994 1235 647 838 1246 1310 911 1213 1054 614 0 1408 1151 794 818 956 348 843 822 175 1055 543 1260 1256 822 190 1070 1226 585 820
1039 776 997 512 1537 552 1856 842 397 1035 452 923 973 695 820 298 605 627 314 499 1022 443 1442 1147 687 1171 1456 1530 814 1067 526 567 1241 1173 578 643 703 545 851 1208 1387 0 667 1129 1153 735 1605 1057 1090 1432 386 922 238 588 766 1319 748 559 920 1155
564 141 598 441 1301 516 1620 208 361 400 417 607 737 474 585 410 569 287 470 229 786 407 1207 707 466 935 1220 1294 579 832 185 532 1005 732 542 607 467 509 216 972 1151 688 0 688 712 512 1369 422 535 1196 317 686 540 552 531 1083 113 523 684 714
161 579 161 886 944 961 1262 513 806 314 862 281 377 819 362 871 1014 641 931 708 426 852 849 49 812 575 863 937 392 472 735 977 659 84 987 1052 652 954 511 626 794 1149 688 0 54 697 1011 300 279 838 796 543 1001 997 564 726 697 968 261 57
185 603 185 910 968 985 1286 537 830 338 886 305 401 843 386 895 1038 665 955 732 450 876 873 54 836 599 887 961 416 496 759 1001 683 65 1011 1076 676 978 535 650 818 1173 712 54 0 721 1035 324 303 862 820 567 1025 1021 587 750 721 992 285 59
608 559 566 262 1106 489 1424 625 373 693 411 491 541 171 389 477 542 260 538 327 590 311 1011 716 164 739 1025 1099 383 636 355 505 809 741 515 580 61 482 633 777 956 756 512 697 721 0 1173 679 658 1000 416 490 608 525 176 888 431 496 488 723
921 1340 880 1362 236 1437 555 1273 1282 1075 1338 1041 660 1295 840 1347 1490 1117 1407 1184 623 1328 386 1030 1288 523 285 229 935 571 1211 1453 864 1055 1463 1528 1128 1430 1271 832 348 1625 1369 1011 1035 1173 0 1061 1040 261 1272 760 1477 1473 1039 407 1288 1444 802 1037
176 314 211 831 993 906 1312 247 751 183 807 219 427 801 412 799 959 606 860 619 476 797 899 319 794 625 912 986 331 522 574 922 708 344 932 997 634 899 245 676 843 1078 422 300 324 679 1061 0 148 888 707 549 930 942 546 775 432 913 311 327
155 427 190 847 972 922 1291 360 767 162 823 198 406 780 391 832 975 602 892 669 455 813 878 298 773 604 891 965 309 500 687 938 687 323 948 1013 613 915 358 655 822 1111 535 279 303 658 1040 148 0 867 757 528 962 958 525 754 545 929 290 306
749 1167 707 1189 193 1264 512 1100 1109 902 1165 868 487 1122 667 1174 1317 944 1234 1011 450 1155 310 857 1115 351 111 186 762 398 1038 1280 691 882 1290 1355 955 1257 1099 659 175 1453 1196 838 862 1000 261 888 867 0 1099 587 1304 1300 867 235 1115 1271 629 864
707 426 665 202 1205 242 1523 492 87 685 143 590 640 377 488 128 295 294 189 166 689 133 1110 815 369 838 1124 1198 482 735 194 257 908 840 268 333 370 235 500 876 1055 407 317 796 820 416 1272 707 757 1099 0 589 259 278 434 987 398 249 587 822
453 732 412 679 693 754 1008 761 599 563 655 361 248 612 258 664 807 434 724 501 297 645 598 562 605 446 612 686 252 343 529 770 339 587 780 845 445 747 759 307 543 943 686 543 567 490 760 549 528 587 589 0 795 790 357 475 605 761 334 569
1373 1110 1331 846 1871 885 2190 1176 731 1369 786 1257 1307 1029 1154 632 939 961 648 833 1356 777 1776 1481 1021 1505 1790 1864 1148 1401 860 901 1574 1507 912 977 1037 879 1185 1542 1721 699 1001 1463 1487 1069 1938 1391 1424 1766 720 1256 0 922 1100 1653 1082 893 1254 1489
907 661 866 301 1406 127 1724 727 225 920 264 791 841 485 689 330 180 495 390 367 890 233 1311 1016 477 1039 1324 1398 683 936 395 83 1109 1041 51 94 512 73 735 1077 1256 609 552 997 1021 525 1473 942 958 1300 278 790 460 0 628 1188 633 80 788 1023
474 577 432 365 972 591 1291 643 444 560 499 358 408 298 255 509 644 279 569 346 457 413 877 582 290 606 891 965 249 502 373 607 675 608 618 682 163 585 651 643 822 787 531 564 587 176 1039 546 525 867 434 357 639 628 0 754 449 598 355 590
636 1054 595 1076 340 1151 659 988 996 789 1052 756 374 1010 555 1061 1205 831 1122 898 338 1043 149 745 1002 238 259 333 650 286 926 1167 579 770 1178 1243 843 1145 986 546 190 1340 1083 726 750 888 407 775 754 235 987 475 1192 1188 754 0 1002 1158 517 752
573 151 608 522 1220 597 1539 217 442 410 497 606 656 554 504 490 650 197 551 309 705 488 1126 716 547 854 1139 1213 497 750 265 612 924 741 623 688 386 590 225 891 1070 769 113 697 721 431 1288 432 545 1115 398 605 621 633 449 1002 0 604 603 724
878 632 837 272 1376 98 1695 698 196 891 235 762 812 456 660 301 151 466 361 338 861 204 1282 987 448 1010 1295 1369 654 907 365 66 1080 1012 70 135 483 43 706 1047 1226 580 523 968 992 496 1444 913 929 1271 249 761 431 80 598 1158 604 0 759 994
171 590 130 677 735 752 1053 523 597 324 653 291 168 610 153 662 805 432 722 499 217 643 640 280 603 366 654 728 250 263 526 768 450 305 778 843 443 745 521 417 585 940 684 261 285 488 802 311 290 629 587 334 792 788 355 517 603 759 0 287
187 606 187 912 970 987 1289 539 832 340 888 307 403 845 389 897 1040 667 957 734 453 878 875 52 838 601 889 963 418 498 761 1003 685 63 1013 1078 678 980 537 652 820 1176 714 57 59 723 1037 327 306 864 822 569 1027 1023 590 752 724 994 287 0
EOF