NAME : tsp_problem
TYPE : TSP
DIMENSION : 38
EDGE_WEIGHT_TYPE : EXPLICIT
EDGE_WEIGHT_FORMAT : FULL_MATRIX
EDGE_WEIGHT_SECTION
0 629 1281 198 403 716 282 209 1228 894 1288 450 286 143 304 147 220 939 520 283 1137 921 315 878 1242 305 246 824 418 791 829 413 243 293 766 829 330 824
629 0 711 506 534 539 412 597 658 322 718 581 674 531 435 512 456 367 828 671 566 416 703 427 671 436 578 423 726 454 418 349 574 681 193 413 617 319
1281 711 0 1158 1186 1092 1065 1250 409 875 216 1233 1326 1183 1087 1164 1108 920 1481 1323 196 969 1355 980 65 1088 1230 976 1378 1007 971 1001 1226 1333 538 966 1269 872
198 506 1158 0 256 558 158 166 1105 771 1165 292 242 99 181 80 96 816 355 239 1014 798 271 720 1118 181 203 666 253 633 671 290 119 250 642 671 165 701
403 534 1186 256 0 341 187 372 1133 730 1194 75 448 305 143 286 230 775 514 445 1042 695 477 502 1147 210 352 449 411 416 454 318 343 455 671 454 111 616
716 539 1092 558 341 0 499 684 1039 421 1099 298 760 617 445 599 542 465 816 758 947 385 790 193 1052 522 665 140 713 158 145 468 645 768 574 197 413 307
282 412 1065 158 187 499 0 250 1012 678 1072 233 326 183 87 164 108 722 481 323 920 704 355 661 1025 58 193 608 378 574 612 196 227 334 549 612 269 607
209 597 1250 166 372 684 250 0 1197 863 1257 418 144 111 272 115 188 907 488 141 1105 889 173 846 1210 273 193 793 386 759 797 381 211 152 734 797 298 792
1228 658 409 1105 1133 1039 1012 1197 0 822 219 1180 1273 1130 1034 1111 1055 867 1427 1270 232 916 1302 927 371 1035 1177 923 1325 954 918 948 1173 1280 485 913 1216 819
894 322 875 771 730 421 678 863 822 0 882 687 939 796 700 777 721 72 1094 936 730 298 968 308 835 701 843 305 991 335 300 614 839 946 357 295 802 201
1288 718 216 1165 1194 1099 1072 1257 219 882 0 1240 1333 1190 1094 1171 1115 927 1488 1330 203 976 1362 987 176 1095 1237 983 1385 1014 978 1008 1233 1340 545 973 1276 879
450 581 1233 292 75 298 233 418 1180 687 1240 0 494 351 179 333 276 732 550 491 1088 652 524 459 1193 256 399 406 447 373 411 319 379 502 717 411 147 573
286 674 1326 242 448 760 326 144 1273 939 1333 494 0 187 349 192 264 984 564 91 1181 966 76 922 1286 349 269 869 462 835 874 457 288 101 810 874 374 868
143 531 1183 99 305 617 183 111 1130 796 1190 351 187 0 205 49 121 840 421 184 1038 822 217 779 1143 206 148 726 319 692 731 314 145 195 667 731 231 725
304 435 1087 181 143 445 87 272 1034 700 1094 179 349 205 0 187 131 745 503 346 943 727 378 607 1047 111 253 553 401 520 558 219 249 356 571 558 215 630
147 512 1164 80 286 599 164 115 1111 777 1171 333 192 49 187 0 102 822 403 189 1020 804 221 760 1124 187 152 707 300 673 712 296 126 199 648 712 212 707
220 456 1108 96 230 542 108 188 1055 721 1115 276 264 121 131 102 0 766 419 261 963 748 293 704 1068 131 225 651 316 617 656 239 164 272 592 656 228 650
939 367 920 816 775 465 722 907 867 72 927 732 984 840 745 822 766 0 1138 981 775 343 1013 353 880 746 888 350 1036 380 345 659 884 991 402 340 847 245
520 828 1481 355 514 816 481 488 1427 1094 1488 550 564 421 503 403 419 1138 0 561 1336 1120 594 977 1441 504 525 924 157 890 929 612 442 572 965 929 422 1023
283 671 1323 239 445 758 323 141 1270 936 1330 491 91 184 346 189 261 981 561 0 1178 963 120 919 1283 346 266 866 459 832 871 455 285 77 807 871 371 866
1137 566 196 1014 1042 947 920 1105 232 730 203 1088 1181 1038 943 1020 963 775 1336 1178 0 825 1211 835 156 943 1085 832 1234 862 827 856 1082 1189 394 822 1125 727
921 416 969 798 695 385 704 889 916 298 976 652 966 822 727 804 748 343 1120 963 825 0 995 273 929 727 870 270 1018 300 265 641 866 973 451 260 767 129
315 703 1355 271 477 790 355 173 1302 968 1362 524 76 217 378 221 293 1013 594 120 1211 995 0 951 1315 379 299 898 491 865 903 487 317 131 839 903 404 898
878 427 980 720 502 193 661 846 927 308 987 459 922 779 607 760 704 353 977 919 835 273 951 0 940 684 826 77 875 259 72 630 806 930 462 218 575 194
1242 671 65 1118 1147 1052 1025 1210 371 835 176 1193 1286 1143 1047 1124 1068 880 1441 1283 156 929 1315 940 0 1048 1190 936 1338 967 932 961 1187 1294 498 926 1229 832
305 436 1088 181 210 522 58 273 1035 701 1095 256 349 206 111 187 131 746 504 346 943 727 379 684 1048 0 167 631 401 597 636 219 250 357 572 636 292 630
246 578 1230 203 352 665 193 193 1177 843 1237 399 269 148 253 152 225 888 525 266 1085 870 299 826 1190 167 0 773 423 739 778 362 248 277 714 778 335 773
824 423 976 666 449 140 608 793 923 305 983 406 869 726 553 707 651 350 924 866 832 270 898 77 936 631 773 0 822 255 47 577 753 876 458 215 521 191
418 726 1378 253 411 713 378 386 1325 991 1385 447 462 319 401 300 316 1036 157 459 1234 1018 491 875 1338 401 423 822 0 788 827 510 339 470 862 827 320 921
791 454 1007 633 416 158 574 759 954 335 1014 373 835 692 520 673 617 380 890 832 862 300 865 259 967 597 739 255 788 0 250 543 719 843 489 105 488 221
829 418 971 671 454 145 612 797 918 300 978 411 874 731 558 712 656 345 929 871 827 265 903 72 932 636 778 47 827 250 0 582 758 881 454 210 526 186
413 349 1001 290 318 468 196 381 948 614 1008 319 457 314 219 296 239 659 612 455 856 641 487 630 961 219 362 577 510 543 582 0 358 465 485 582 401 544
243 574 1226 119 343 645 227 211 1173 839 1233 379 288 145 249 126 164 884 442 285 1082 866 317 806 1187 250 248 753 339 719 758 358 0 295 711 758 251 769
293 681 1333 250 455 768 334 152 1280 946 1340 502 101 195 356 199 272 991 572 77 1189 973 131 930 1294 357 277 876 470 843 881 465 295 0 818 881 382 876
766 193 538 642 671 574 549 734 485 357 545 717 810 667 571 648 592 402 965 807 394 451 839 462 498 572 714 458 862 489 454 485 711 818 0 449 753 354
829 413 966 671 454 197 612 797 913 295 973 411 874 731 558 712 656 340 929 871 822 260 903 218 926 636 778 215 827 105 210 582 758 881 449 0 526 181
330 617 1269 165 111 413 269 298 1216 802 1276 147 374 231 215 212 228 847 422 371 1125 767 404 575 1229 292 335 521 320 488 526 401 251 382 753 526 0 688
824 319 872 701 616 307 607 792 819 201 879 573 868 725 630 707 650 245 1023 866 727 129 898 194 832 630 773 191 921 221 186 544 769 876 354 181 688 0
EOF