NAME : tsp_problem
TYPE : TSP
DIMENSION : 37
EDGE_WEIGHT_TYPE : EXPLICIT
EDGE_WEIGHT_FORMAT : FULL_MATRIX
EDGE_WEIGHT_SECTION
0 1242 763 1095 1094 239 59 931 849 483 316 745 775 211 1126 599 857 349 1214 781 955 846 592 1094 630 1155 1020 240 867 1098 1223 171 854 1047 1046 1339 958
1242 0 1176 696 188 1032 1266 1018 1003 886 1268 661 538 1418 477 753 773 1301 387 544 588 1000 724 188 1043 228 755 1447 953 192 397 1379 1007 437 781 150 828
763 1176 0 1040 1027 553 787 876 795 539 789 679 709 939 1060 544 791 822 1147 714 889 792 537 1028 340 1089 966 968 812 1032 1156 899 799 981 991 1273 903
1095 696 1040 0 547 887 1119 472 572 737 1122 559 578 1271 261 571 480 1154 568 584 721 569 597 548 907 609 276 1300 478 552 577 1232 576 631 302 793 349
1094 188 1027 547 0 884 1118 869 855 738 1120 513 390 1270 329 604 625 1153 239 396 462 852 576 40 895 101 607 1299 805 44 248 1230 859 310 633 285 680
239 1032 553 887 884 0 263 723 641 296 266 535 565 415 916 390 647 298 1003 571 745 638 384 884 420 945 812 444 659 888 1013 376 645 837 838 1129 750
59 1266 787 1119 1118 263 0 955 873 507 340 769 799 235 1150 623 881 373 1238 805 979 870 616 1118 654 1179 1044 264 891 1122 1247 195 878 1071 1070 1363 982
931 1018 876 472 869 723 955 0 408 573 958 395 550 1107 679 407 316 990 986 556 731 405 433 870 744 931 398 1136 115 874 996 1068 412 823 424 1115 335
849 1003 795 572 855 641 873 408 0 491 876 424 536 1026 779 325 345 908 975 542 716 44 351 856 662 916 497 1054 344 859 984 986 50 809 523 1101 435
483 886 539 737 738 296 507 573 491 0 510 390 419 659 770 241 501 542 858 425 599 489 234 738 406 799 663 688 509 742 867 620 496 691 688 984 600
316 1268 789 1122 1120 266 340 958 876 510 0 772 801 491 1153 625 884 72 1240 807 982 873 619 1121 656 1182 1047 381 893 1125 1249 313 880 1074 1073 1366 984
745 661 679 559 513 535 769 395 424 390 772 0 194 922 545 256 150 804 633 200 374 421 227 513 546 574 484 950 330 517 642 882 428 466 510 759 422
775 538 709 578 390 565 799 550 536 419 801 194 0 951 422 285 306 834 510 46 220 533 257 391 576 451 638 980 486 394 519 912 540 312 663 636 577
211 1418 939 1271 1270 415 235 1107 1026 659 491 922 951 0 1302 775 1033 523 1390 957 1131 1023 768 1271 806 1331 1197 286 1043 1274 1399 218 1030 1224 1223 1516 1134
1126 477 1060 261 329 916 1150 679 779 770 1153 545 422 1302 0 637 657 1185 349 428 565 776 608 330 927 391 320 1331 685 333 359 1263 783 413 346 575 393
599 753 544 571 604 390 623 407 325 241 625 256 285 775 637 0 344 658 724 291 466 323 101 605 411 666 497 804 343 609 733 735 330 558 522 850 434
857 773 791 480 625 647 881 316 345 501 884 150 306 1033 657 344 0 916 745 312 486 342 339 625 658 686 405 1062 252 629 754 994 349 578 431 870 343
349 1301 822 1154 1153 298 373 990 908 542 72 804 834 523 1185 658 916 0 1273 840 1014 906 651 1153 689 1214 1079 414 926 1157 1282 345 913 1106 1105 1398 1017
1214 387 1147 568 239 1003 1238 986 975 858 1240 633 510 1390 349 724 745 1273 0 516 652 972 696 240 1014 301 627 1419 925 244 53 1350 979 501 653 485 700
781 544 714 584 396 571 805 556 542 425 807 200 46 957 428 291 312 840 516 0 226 539 263 396 582 457 644 986 492 400 525 917 546 318 669 642 583
955 588 889 721 462 745 979 731 716 599 982 374 220 1131 565 466 486 1014 652 226 0 713 437 462 756 434 780 1160 666 466 662 1092 721 243 806 686 757
846 1000 792 569 852 638 870 405 44 489 873 421 533 1023 776 323 342 906 972 539 713 0 349 853 659 914 494 1051 341 857 981 983 48 806 520 1098 432
592 724 537 597 576 384 616 433 351 234 619 227 257 768 608 101 339 651 696 263 437 349 0 576 404 637 523 797 369 580 705 729 356 529 548 821 460
1094 188 1028 548 40 884 1118 870 856 738 1121 513 391 1271 330 605 625 1153 240 396 462 853 576 0 895 102 607 1299 805 45 249 1231 860 311 633 286 680
630 1043 340 907 895 420 654 744 662 406 656 546 576 806 927 411 658 689 1014 582 756 659 404 895 0 956 833 835 679 899 1024 767 666 848 859 1140 770
1155 228 1089 609 101 945 1179 931 916 799 1182 574 451 1331 391 666 686 1214 301 457 434 914 637 102 956 0 668 1360 866 106 310 1292 921 283 694 325 741
1020 755 966 276 607 812 1044 398 497 663 1047 484 638 1197 320 497 405 1079 627 644 780 494 523 607 833 668 0 1225 404 611 637 1157 502 691 64 853 274
240 1447 968 1300 1299 444 264 1136 1054 688 381 950 980 286 1331 804 1062 414 1419 986 1160 1051 797 1299 835 1360 1225 0 1072 1303 1428 108 1059 1252 1251 1544 1163
867 953 812 478 805 659 891 115 344 509 893 330 486 1043 685 343 252 926 925 492 666 341 369 805 679 866 404 1072 0 809 934 1003 348 758 430 1051 341
1098 192 1032 552 44 888 1122 874 859 742 1125 517 394 1274 333 609 629 1157 244 400 466 857 580 45 899 106 611 1303 809 0 253 1235 864 314 637 290 684
1223 397 1156 577 248 1013 1247 996 984 867 1249 642 519 1399 359 733 754 1282 53 525 662 981 705 249 1024 310 637 1428 934 253 0 1359 988 510 662 494 709
171 1379 899 1232 1230 376 195 1068 986 620 313 882 912 218 1263 735 994 345 1350 917 1092 983 729 1231 767 1292 1157 108 1003 1235 1359 0 990 1184 1183 1476 1095
854 1007 799 576 859 645 878 412 50 496 880 428 540 1030 783 330 349 913 979 546 721 48 356 860 666 921 502 1059 348 864 988 990 0 813 527 1105 439
1047 437 981 631 310 837 1071 823 809 691 1074 466 312 1224 413 558 578 1106 501 318 243 806 529 311 848 283 691 1252 758 314 510 1184 813 0 717 534 763
1046 781 991 302 633 838 1070 424 523 688 1073 510 663 1223 346 522 431 1105 653 669 806 520 548 633 859 694 64 1251 430 637 662 1183 527 717 0 878 299
1339 150 1273 793 285 1129 1363 1115 1101 984 1366 759 636 1516 575 850 870 1398 485 642 686 1098 821 286 1140 325 853 1544 1051 290 494 1476 1105 534 878 0 925
958 828 903 349 680 750 982 335 435 600 984 422 577 1134 393 434 343 1017 700 583 757 432 460 680 770 741 274 1163 341 684 709 1095 439 763 299 925 0
EOF
