NAME : tsp_problem
TYPE : TSP
DIMENSION : 30
EDGE_WEIGHT_TYPE : EXPLICIT
EDGE_WEIGHT_FORMAT : FULL_MATRIX
EDGE_WEIGHT_SECTION
0 826 635 544 345 902 685 431 537 717 390 921 321 879 705 300 606 264 255 796 948 261 844 350 852 825 877 914 753 663
826 0 1073 971 785 162 322 874 432 1155 677 356 580 140 1144 766 410 919 614 231 384 614 1282 790 288 1263 137 175 211 1101
635 1073 0 521 318 1149 932 963 784 130 922 1168 627 1126 122 831 854 795 504 1043 1196 510 297 330 1100 278 1124 1161 1001 116
544 971 521 0 365 1047 830 872 682 603 831 1066 525 1024 591 740 751 705 413 941 1093 420 730 370 997 711 1021 1059 898 549
345 785 318 365 0 861 644 673 496 401 632 880 340 839 389 541 566 506 214 755 908 221 527 60 812 508 836 873 713 346
902 162 1149 1047 861 0 398 950 508 1231 753 432 656 50 1219 841 486 994 690 307 459 690 1358 866 363 1339 94 65 287 1176
685 322 932 830 644 398 0 828 174 1014 631 496 439 375 1002 719 117 777 473 371 523 473 1141 649 427 1122 373 410 343 960
431 874 963 872 673 950 828 0 782 1045 374 953 538 927 1033 328 852 255 583 827 980 589 1172 678 884 1153 925 962 702 991
537 432 784 682 496 508 174 782 0 866 586 527 291 485 854 665 96 629 325 402 555 325 993 501 459 974 483 520 360 812
717 1155 130 603 401 1231 1014 1045 866 0 1004 1250 709 1209 77 913 936 877 586 1125 1278 592 283 412 1182 360 1206 1243 1083 77
390 677 922 831 632 753 631 374 586 1004 0 756 497 731 992 264 656 403 542 631 784 548 1131 637 687 1112 728 765 505 949
1380 815 1627 1525 1339 891 955 1412 986 1709 1215 0 1134 869 1698 1303 1043 1473 1168 628 730 1168 1836 1344 634 1817 866 903 742 1655
321 580 627 525 340 656 439 538 291 709 497 675 0 633 698 406 360 370 168 550 702 168 836 344 606 817 631 668 507 655
879 140 1126 1024 839 50 375 927 485 1209 731 410 633 0 1197 819 464 972 667 284 437 667 1335 843 341 1316 72 62 265 1154
705 1144 122 591 389 1219 1002 1033 854 77 992 1239 698 1197 0 902 924 866 574 1113 1266 581 324 400 1170 348 1194 1231 1071 69
300 766 831 740 541 841 719 328 665 913 264 844 406 819 902 0 735 313 451 719 872 457 1040 546 776 1021 816 854 594 859
606 410 854 751 566 486 117 852 96 936 656 584 360 464 924 735 0 699 395 459 612 394 1062 570 515 1043 461 498 430 881
264 919 795 705 506 994 777 255 629 877 403 1014 370 972 866 313 699 0 415 888 1041 421 1004 510 945 985 969 1007 846 823
255 614 504 413 214 690 473 583 325 586 542 709 168 667 574 451 395 415 0 584 737 78 713 219 640 694 665 702 542 532
796 231 1043 941 755 307 371 827 402 1125 631 169 550 284 1113 719 459 888 584 0 196 584 1252 760 100 1233 282 319 158 1070
948 384 1196 1093 908 459 523 980 555 1278 784 271 702 437 1266 872 612 1041 737 196 0 737 1404 912 125 1385 434 472 310 1223
261 614 510 420 221 690 473 589 325 592 548 709 168 667 581 457 394 421 78 584 737 0 719 225 640 700 665 702 542 538
844 1282 297 730 527 1358 1141 1172 993 283 1131 1377 836 1335 324 1040 1062 1004 713 1252 1404 719 0 539 1308 228 1333 1370 1209 324
350 790 330 370 60 866 649 678 501 412 637 885 344 843 400 546 570 510 219 760 912 225 539 0 816 520 840 878 717 358
852 288 1100 997 812 363 427 884 459 1182 687 175 606 341 1170 776 515 945 640 100 125 640 1308 816 0 1289 338 376 214 1127
825 1263 278 711 508 1339 1122 1153 974 360 1112 1358 817 1316 348 1021 1043 985 694 1233 1385 700 228 520 1289 0 1314 1351 1190 305
877 137 1124 1021 836 94 373 925 483 1206 728 407 631 72 1194 816 461 969 665 282 434 665 1333 840 338 1314 0 107 262 1151
914 175 1161 1059 873 65 410 962 520 1243 765 444 668 62 1231 854 498 1007 702 319 472 702 1370 878 376 1351 107 0 299 1189
753 211 1001 898 713 287 343 702 360 1083 505 283 507 265 1071 594 430 846 542 158 310 542 1209 717 214 1190 262 299 0 1028
663 1101 116 549 346 1176 960 991 812 77 949 1196 655 1154 69 859 881 823 532 1070 1223 538 324 358 1127 305 1151 1189 1028 0
EOF