NAME : tsp_problem
TYPE : TSP
DIMENSION : 64
EDGE_WEIGHT_TYPE : EXPLICIT
EDGE_WEIGHT_FORMAT : FULL_MATRIX
EDGE_WEIGHT_SECTION
0 347 1203 249 863 904 517 938 816 857 329 707 385 531 588 225 572 186 577 267 290 993 725 347 793 180 1535 325 250 494 245 213 752 860 767 857 470 112 987 703 183 313 1021 632 249 918 364 440 441 581 1044 858 861 647 318 1046 478 897 767 161 783 846 575 412
347 0 1192 345 852 574 506 609 806 847 319 696 207 521 577 540 561 502 567 227 605 664 714 59 782 197 1525 641 349 483 349 528 423 850 757 846 141 427 977 373 498 628 691 709 341 907 680 316 756 570 715 847 532 318 633 1035 468 568 438 476 773 835 565 234
1220 1209 0 1007 536 1764 799 1798 759 744 933 593 1089 948 1013 1374 854 1336 794 1038 1110 1853 611 1209 679 1099 405 1068 1010 840 1010 1178 1612 747 496 530 1332 1148 873 1563 1333 1206 1881 1001 1002 596 1276 1091 971 1008 1904 744 1721 1507 1212 557 825 1757 1627 1245 670 519 857 1270
249 345 989 0 649 899 304 934 603 644 116 493 225 318 374 404 359 365 364 174 469 989 512 345 580 235 1322 504 56 280 51 392 747 647 554 643 468 178 774 698 362 492 1016 506 56 704 543 227 620 367 1040 644 857 643 497 833 265 893 763 340 570 632 362 406
863 852 519 649 0 1406 441 1441 402 386 576 236 732 590 655 1017 496 978 436 681 753 1496 253 852 322 741 852 710 653 483 653 821 1254 389 139 37 975 791 516 1205 975 849 1523 644 645 239 918 734 614 651 1546 387 1364 1149 854 362 467 1399 1270 887 313 110 500 913
904 574 1746 899 1406 0 1061 63 1360 1401 873 1250 738 1075 1131 1096 1116 1058 1121 783 1162 118 1269 590 1337 753 2079 1197 903 1037 903 1085 344 1404 1311 1400 559 983 1531 295 1055 1184 146 1263 895 1461 1236 750 1312 1124 169 1401 193 367 1189 1589 1022 228 360 1032 1327 1389 1119 523
517 506 782 304 441 1061 0 1095 395 436 230 286 386 258 324 671 99 633 156 335 504 1150 304 506 372 396 1114 462 308 137 307 573 909 439 346 436 629 445 566 860 630 601 1178 247 300 497 670 388 365 319 1201 436 1019 804 606 625 122 1054 924 607 362 425 102 568
938 609 1781 934 1441 63 1095 0 1395 1435 908 1285 773 1110 1166 1131 1150 1092 1155 818 1196 81 1303 624 1371 788 2114 1232 938 1072 938 1119 379 1439 1345 1435 594 1018 1566 330 1089 1219 108 1298 930 1496 1270 785 1347 1159 132 1436 227 402 1224 1624 1056 263 394 1067 1362 1424 1154 557
816 806 742 603 402 1360 395 1395 0 318 529 201 686 314 285 971 450 932 261 635 723 1450 287 806 275 695 1075 680 607 377 607 791 1208 321 307 396 929 745 549 1159 929 819 1477 598 599 457 888 688 584 280 1500 318 1318 1103 824 585 367 1353 1223 857 109 385 453 867
857 847 726 644 386 1401 436 1435 318 0 570 185 727 506 571 1011 491 973 431 675 764 1490 271 847 260 736 1059 721 648 477 648 832 1249 43 291 380 970 785 534 1200 970 860 1518 639 640 441 929 728 625 567 1541 41 1359 1144 865 570 462 1394 1264 898 229 369 494 908
329 319 916 116 576 873 230 908 529 570 0 420 199 245 301 484 285 445 290 148 549 963 438 319 506 208 1249 584 120 207 120 472 721 573 480 570 442 258 700 672 442 572 990 433 112 631 623 201 551 294 1013 571 831 616 577 759 191 866 736 420 497 559 289 380
707 696 576 493 236 1250 286 1285 201 185 420 0 576 389 454 861 340 822 281 525 613 1340 121 696 121 585 909 571 497 327 497 681 1098 188 140 230 819 635 383 1049 819 710 1367 488 489 291 779 578 474 450 1391 186 1208 994 715 419 312 1243 1114 748 112 219 344 757
385 207 1072 225 732 738 386 773 686 727 199 576 0 401 457 577 441 539 447 257 643 828 594 206 662 234 1405 678 229 363 229 566 586 730 636 726 329 367 857 537 536 665 855 589 221 787 717 128 708 450 878 727 696 481 671 915 348 731 602 514 653 715 445 245
531 521 930 318 590 1075 258 1110 314 506 245 389 401 0 152 686 313 647 188 350 718 1165 466 521 463 410 1263 676 322 174 322 674 923 509 495 584 644 460 728 874 644 774 1192 460 314 645 825 403 579 146 1215 507 1033 818 779 773 164 1068 939 622 297 573 316 582
588 577 995 374 655 1131 324 1166 285 571 301 454 457 152 0 742 378 703 254 406 784 1221 531 577 528 466 1328 741 378 240 378 730 979 574 560 649 700 516 794 930 700 830 1248 526 370 710 881 459 645 43 1271 572 1089 874 835 838 230 1124 995 678 362 638 382 638
225 540 1357 404 1017 1096 671 1131 971 1011 484 861 577 686 742 0 726 85 731 460 374 1186 876 540 947 373 1690 409 404 648 399 297 944 1014 921 1011 663 266 1139 895 100 293 1213 716 403 1072 258 594 525 735 1236 1012 1054 839 293 1200 632 1089 960 245 938 1000 730 605
572 561 836 359 496 1116 99 1150 450 491 285 340 441 313 378 726 0 688 211 390 438 1205 359 561 427 451 1169 396 362 192 362 507 964 494 401 490 684 500 621 915 685 535 1233 181 355 552 604 443 299 374 1256 491 1074 859 540 680 177 1109 979 573 417 480 77 623
186 502 1318 365 978 1058 633 1092 932 973 445 822 539 647 703 85 688 0 693 421 367 1147 841 502 909 334 1651 402 365 609 361 290 906 976 883 972 624 227 1103 857 93 286 1175 709 365 1033 251 556 518 696 1198 973 1016 801 286 1162 594 1051 921 238 899 962 691 567
577 567 777 364 436 1121 156 1155 261 431 290 281 447 188 254 731 211 693 0 395 614 1210 299 567 367 456 1109 571 368 197 368 682 969 434 341 431 690 505 561 920 690 710 1238 359 360 492 779 448 475 250 1261 432 1079 864 715 620 182 1114 984 668 245 420 214 628
267 227 1021 174 681 783 335 818 635 675 148 525 257 350 406 460 390 421 395 0 525 873 543 227 611 117 1354 560 178 312 178 448 631 678 585 675 350 315 806 582 418 548 900 538 170 736 599 258 656 399 924 676 741 527 553 864 296 777 647 396 602 664 394 292
290 605 1093 469 753 1162 504 1196 723 764 549 613 643 718 784 374 438 367 614 525 0 1251 532 605 699 438 1425 188 469 597 464 98 1010 767 657 747 728 331 794 961 381 192 1279 371 469 808 262 660 180 779 1302 764 1119 905 197 936 582 1155 1025 230 690 736 435 670
993 664 1836 989 1496 118 1150 81 1450 1490 963 1340 828 1165 1221 1186 1205 1147 1210 873 1251 0 1358 679 1426 843 2169 1287 993 1127 993 1174 434 1494 1400 1490 649 1073 1621 385 1144 1274 56 1353 985 1551 1325 840 1402 1214 77 1491 282 457 1279 1679 1111 318 449 1122 1417 1479 1209 612
725 714 593 512 253 1269 304 1303 287 271 438 121 594 466 531 876 359 841 299 543 532 1358 0 714 207 604 926 489 515 345 515 600 1117 274 158 247 837 653 282 1068 838 628 1386 443 507 308 698 596 393 527 1409 272 1226 1012 633 436 330 1262 1132 666 197 236 362 775
347 59 1192 345 852 590 506 624 806 847 319 696 206 521 577 540 561 502 567 227 605 679 714 0 782 197 1525 641 349 483 349 528 438 850 757 846 156 427 977 389 498 628 707 709 341 907 680 316 756 570 730 847 548 333 633 1035 468 583 453 476 773 835 565 234
793 782 662 580 322 1337 372 1371 275 260 506 121 662 463 528 947 427 909 367 611 699 1426 207 782 0 672 995 657 583 413 583 768 1185 263 227 316 905 721 469 1136 905 796 1454 574 575 377 865 664 560 524 1477 260 1294 1080 801 505 398 1330 1200 834 186 305 430 843
180 197 1082 235 741 753 396 788 695 736 208 585 234 410 466 373 451 334 456 117 438 843 604 197 672 0 1414 474 238 372 238 361 601 739 646 735 320 260 866 552 331 461 870 599 230 797 512 319 589 459 893 736 711 496 466 925 357 746 617 309 662 725 454 262
1553 1542 405 1339 869 2096 1132 2131 1092 1076 1266 926 1422 1280 1345 1707 1187 1668 1127 1371 1443 2186 943 1542 1012 1432 0 1400 1343 1173 1343 1511 1944 1080 829 863 1665 1481 1206 1895 1665 1539 2213 1334 1335 929 1609 1424 1304 1341 2237 1077 2054 1840 1544 890 1158 2090 1960 1577 1003 852 1190 1603
325 641 1050 504 710 1197 462 1232 680 721 584 571 678 676 741 409 396 402 571 560 188 1287 489 641 657 474 1383 0 505 555 500 256 1045 724 615 704 764 367 752 996 417 284 1314 329 504 765 353 695 138 737 1337 722 1155 940 289 893 540 1190 1060 322 648 693 392 706
250 349 993 56 653 903 308 938 607 648 120 497 229 322 378 404 362 365 368 178 469 993 515 349 583 238 1326 505 0 284 52 392 751 651 558 647 472 178 778 702 362 492 1020 510 56 708 543 231 620 371 1043 648 861 646 497 836 269 896 766 340 574 636 366 410
494 483 823 280 483 1037 137 1072 377 477 207 327 363 174 240 648 192 609 197 312 597 1127 345 483 413 372 1156 555 284 0 284 636 885 480 387 477 606 422 608 836 606 694 1154 340 276 538 763 365 458 235 1177 478 995 780 699 666 69 1030 901 584 360 466 196 544
245 349 993 51 653 903 307 938 607 648 120 497 229 322 378 399 362 361 368 178 464 993 515 349 583 238 1326 500 52 284 0 387 751 651 557 647 472 173 778 702 357 487 1020 510 51 708 539 231 615 371 1043 648 861 646 492 836 269 896 766 335 574 636 366 410
213 528 1161 392 821 1085 573 1119 791 832 472 681 566 674 730 297 507 290 682 448 98 1174 600 528 768 361 1494 256 392 636 387 0 933 835 726 815 651 254 863 884 304 261 1202 439 392 876 330 583 249 723 1225 832 1043 828 266 1004 621 1078 948 233 758 804 503 594
752 423 1594 747 1254 344 909 379 1208 1249 721 1098 586 923 979 944 964 906 969 631 1010 434 1117 438 1185 601 1927 1045 751 885 751 933 0 1252 1159 1248 407 831 1379 101 903 1032 461 1111 743 1309 1084 598 1160 972 485 1249 302 215 1037 1438 870 261 51 880 1175 1237 967 371
860 850 729 647 389 1404 439 1439 321 43 573 188 730 509 574 1014 494 976 434 678 767 1494 274 850 263 739 1062 724 651 480 651 835 1252 0 294 383 973 789 537 1203 973 863 1521 642 643 445 932 731 628 570 1544 44 1362 1147 868 573 465 1397 1267 901 232 373 497 911
767 757 479 554 139 1311 346 1345 307 291 480 140 636 495 560 921 401 883 341 585 657 1400 158 757 227 646 812 615 558 387 557 726 1159 294 0 133 879 695 420 1110 880 754 1428 549 550 194 823 638 518 555 1451 291 1269 1054 759 322 372 1304 1174 792 217 122 404 818
857 846 513 643 37 1400 436 1435 396 380 570 230 726 584 649 1011 490 972 431 675 747 1490 247 846 316 735 846 704 647 477 647 815 1248 383 133 0 969 785 510 1199 969 843 1517 638 639 233 912 728 608 645 1541 381 1358 1144 848 356 462 1393 1264 881 307 104 494 907
470 141 1315 468 975 559 629 594 929 970 442 819 329 644 700 663 684 624 690 350 728 649 837 156 905 320 1648 764 472 606 472 651 407 973 879 969 0 550 1100 358 621 751 676 832 464 1030 802 439 879 693 699 970 517 302 756 1158 591 552 422 599 896 958 688 326
112 427 1131 178 791 983 445 1018 745 785 258 635 367 460 516 266 500 227 505 315 331 1073 653 427 721 260 1464 367 178 422 173 254 831 789 695 785 550 0 916 782 224 354 1100 648 177 846 405 368 482 509 1123 786 941 726 359 974 406 976 846 202 712 774 504 492
987 977 856 774 516 1531 566 1566 549 534 700 383 857 728 794 1139 621 1103 561 806 794 1621 282 977 469 866 1189 752 778 608 778 863 1379 537 420 510 1100 916 0 1330 1100 891 1648 706 770 571 960 859 655 789 1671 534 1489 1274 896 699 592 1524 1394 929 460 499 624 1038
703 373 1545 698 1205 295 860 330 1159 1200 672 1049 537 874 930 895 915 857 920 582 961 385 1068 389 1136 552 1878 996 702 836 702 884 101 1203 1110 1199 358 782 1330 0 854 983 412 1062 694 1260 1035 549 1111 923 436 1200 253 166 988 1388 821 289 116 831 1126 1188 918 322
183 498 1315 362 975 1055 630 1089 929 970 442 819 536 644 700 100 685 93 690 418 381 1144 838 498 905 331 1648 417 362 606 357 304 903 973 880 969 621 224 1100 854 0 300 1172 723 362 1030 266 553 532 693 1195 970 1012 798 300 1158 591 1048 918 252 896 958 688 563
313 628 1189 492 849 1184 601 1219 819 860 572 710 665 774 830 293 535 286 710 548 192 1274 628 628 796 461 1522 284 492 694 487 261 1032 863 754 843 751 354 891 983 300 0 1301 468 491 904 101 682 277 823 1324 860 1142 927 121 1032 679 1177 1048 187 786 832 531 693
1021 691 1863 1016 1523 146 1178 108 1477 1518 990 1367 855 1192 1248 1213 1233 1175 1238 900 1279 56 1386 707 1454 870 2196 1314 1020 1154 1020 1202 461 1521 1428 1517 676 1100 1648 412 1172 1301 0 1380 1012 1578 1353 867 1429 1241 40 1518 310 484 1306 1706 1139 345 477 1149 1444 1506 1236 640
632 709 984 506 644 1263 247 1298 598 639 433 488 589 460 526 716 181 709 359 538 371 1353 443 709 574 599 1317 329 510 340 510 439 1111 642 549 638 832 648 706 1062 723 468 1380 0 502 699 537 591 232 522 1404 639 1221 1007 473 827 325 1257 1127 506 565 627 177 770
249 341 985 56 645 895 300 930 599 640 112 489 221 314 370 403 355 365 360 170 469 985 507 341 575 230 1318 504 56 276 51 392 743 643 550 639 464 177 770 694 362 491 1012 502 0 700 543 223 620 363 1035 640 853 638 497 828 261 888 759 340 566 628 358 402
918 907 579 704 239 1461 497 1496 457 441 631 291 787 645 710 1072 552 1033 492 736 808 1551 308 907 377 797 912 765 708 538 708 876 1309 445 194 233 1030 846 571 1260 1030 904 1578 699 700 0 974 789 669 706 1602 442 1419 1205 909 422 523 1455 1325 942 368 222 555 968
364 680 1258 543 918 1236 670 1270 888 929 623 779 717 825 881 258 604 251 779 599 262 1325 698 680 865 512 1591 353 543 763 539 330 1084 932 823 912 802 405 960 1035 266 101 1353 537 543 974 0 734 346 874 1376 930 1194 979 101 1102 748 1229 1099 256 856 902 600 745
440 316 1074 227 734 750 388 785 688 728 201 578 128 403 459 594 443 556 448 258 660 840 596 316 664 319 1407 695 231 365 231 583 598 731 638 728 439 368 859 549 553 682 867 591 223 789 734 0 709 452 891 729 708 494 688 917 349 744 614 531 655 717 447 257
441 756 954 620 614 1312 365 1347 584 625 551 474 708 579 645 525 299 518 475 656 180 1402 393 756 560 589 1286 138 620 458 615 249 1160 628 518 608 879 482 655 1111 532 277 1429 232 620 669 346 709 0 640 1453 625 1270 1056 282 797 443 1305 1176 315 551 597 296 821
581 570 991 367 651 1124 319 1159 280 567 294 450 450 146 43 735 374 696 250 399 779 1214 527 570 524 459 1324 737 371 235 371 723 972 570 555 645 693 509 789 923 693 823 1241 522 363 706 874 452 640 0 1264 567 1082 867 828 834 226 1117 988 671 358 634 377 631
1044 715 1887 1040 1546 169 1201 132 1500 1541 1013 1391 878 1215 1271 1236 1256 1198 1261 924 1302 77 1409 730 1477 893 2219 1337 1043 1177 1043 1225 485 1544 1451 1541 699 1123 1671 436 1195 1324 40 1404 1035 1602 1376 891 1453 1264 0 1541 333 507 1330 1730 1162 368 500 1173 1467 1530 1259 663
858 847 727 644 387 1401 436 1436 318 41 571 186 727 507 572 1012 491 973 432 676 764 1491 272 847 260 736 1060 722 648 478 648 832 1249 44 291 381 970 786 534 1200 970 860 1518 639 640 442 930 729 625 567 1541 0 1359 1144 866 570 462 1394 1265 899 229 370 495 908
861 532 1704 857 1364 193 1019 227 1318 1359 831 1208 696 1033 1089 1054 1074 1016 1079 741 1119 282 1226 548 1294 711 2037 1155 861 995 861 1043 302 1362 1269 1358 517 941 1489 253 1012 1142 310 1221 853 1419 1194 708 1270 1082 333 1359 0 325 1147 1547 980 66 295 990 1285 1347 1077 481
647 318 1490 643 1149 367 804 402 1103 1144 616 994 481 818 874 839 859 801 864 527 905 457 1012 333 1080 496 1822 940 646 780 646 828 215 1147 1054 1144 302 726 1274 166 798 927 484 1007 638 1205 979 494 1056 867 507 1144 325 0 933 1333 765 360 230 776 1070 1133 862 266
318 633 1194 497 854 1189 606 1224 824 865 577 715 671 779 835 293 540 286 715 553 197 1279 633 633 801 466 1527 289 497 699 492 266 1037 868 759 848 756 359 896 988 300 121 1306 473 497 909 101 688 282 828 1330 866 1147 933 0 1038 684 1183 1053 192 792 837 536 698
1025 1014 540 812 341 1569 604 1603 564 549 738 398 894 753 818 1179 659 1141 599 843 915 1658 416 1014 484 904 872 873 815 645 815 983 1417 552 301 335 1137 953 678 1368 1138 1011 1686 807 808 401 1081 896 776 813 1709 549 1526 1312 1017 0 630 1562 1432 1050 475 324 662 1076
478 468 808 265 467 1022 122 1056 367 462 191 312 348 164 230 632 177 594 182 296 582 1111 330 468 398 357 1140 540 269 69 269 621 870 465 372 462 591 406 592 821 591 679 1139 325 261 523 748 349 443 226 1162 462 980 765 684 651 0 1015 885 569 351 451 180 529
897 568 1740 893 1399 228 1054 263 1353 1394 866 1243 731 1068 1124 1089 1109 1051 1114 777 1155 318 1262 583 1330 746 2072 1190 896 1030 896 1078 261 1397 1304 1393 552 976 1524 289 1048 1177 345 1257 888 1455 1229 744 1305 1117 368 1394 66 360 1183 1583 1015 0 249 1025 1320 1383 1112 516
767 438 1610 763 1270 360 924 394 1223 1264 736 1114 602 939 995 960 979 921 984 647 1025 449 1132 453 1200 617 1943 1060 766 901 766 948 51 1267 1174 1264 422 846 1394 116 918 1048 477 1127 759 1325 1099 614 1176 988 500 1265 295 230 1053 1453 885 249 0 896 1190 1253 982 386
161 476 1227 340 887 1032 607 1067 857 898 420 748 514 622 678 245 573 238 668 396 230 1122 666 476 834 309 1560 322 340 584 335 233 880 901 792 881 599 202 929 831 252 187 1149 506 340 942 256 531 315 671 1173 899 990 776 192 1071 569 1025 896 0 825 870 569 541
783 773 653 570 313 1327 362 1362 109 229 497 112 653 297 362 938 417 899 245 602 690 1417 197 773 186 662 986 648 574 360 574 758 1175 232 217 307 896 712 460 1126 896 786 1444 565 566 368 856 655 551 358 1467 229 1285 1070 792 496 351 1320 1190 825 0 296 421 834
846 835 502 632 110 1389 425 1424 385 369 559 219 715 573 638 1000 480 962 420 664 736 1479 236 835 305 725 835 693 636 466 636 804 1237 373 122 104 958 774 499 1188 958 832 1506 627 628 222 902 717 597 634 1530 370 1347 1133 837 345 451 1383 1253 870 296 0 483 896
575 565 840 362 500 1119 102 1154 453 494 289 344 445 316 382 730 77 691 214 394 435 1209 362 565 430 454 1173 392 366 196 366 503 967 497 404 494 688 504 624 918 688 531 1236 177 358 555 600 447 296 377 1259 495 1077 862 536 683 180 1112 982 569 421 483 0 626
412 234 1253 406 913 523 568 557 867 908 380 757 245 582 638 605 623 567 628 292 670 612 775 234 843 262 1586 706 410 544 410 594 371 911 818 907 326 492 1038 322 563 693 640 770 402 968 745 257 821 631 663 908 481 266 698 1096 529 516 386 541 834 896 626 0
EOF