NAME : tsp_problem
TYPE : TSP
DIMENSION : 62
EDGE_WEIGHT_TYPE : EXPLICIT
EDGE_WEIGHT_FORMAT : FULL_MATRIX
EDGE_WEIGHT_SECTION
0 385 529 654 751 898 559 471 1256 362 893 108 673 597 225 435 436 603 1166 868 829 412 586 354 963 1269 1273 1091 549 614 156 643 1314 298 967 875 336 530 276 328 336 160 915 1309 655 389 243 811 983 350 388 834 639 1350 552 854 1441 770 743 844 404 345
385 0 522 569 761 892 474 464 1249 356 886 365 683 590 431 88 89 588 1160 878 839 327 501 269 957 1262 1266 1084 559 624 259 636 1308 127 960 868 104 444 212 321 329 361 925 1302 570 383 445 804 977 343 88 1040 553 1344 546 864 1434 763 736 854 104 339
529 522 0 410 405 640 419 91 998 299 634 509 326 339 575 572 573 344 908 522 483 493 341 435 705 1011 1015 833 168 267 403 147 1056 435 709 617 473 455 413 265 273 505 569 1051 411 326 588 553 725 230 525 1184 394 1092 294 508 1183 512 485 498 541 227
654 569 410 0 781 619 117 352 976 438 613 634 703 169 701 619 620 164 887 710 725 273 91 325 684 989 994 811 545 644 529 524 1035 482 687 596 520 153 481 360 358 630 868 1029 34 466 714 531 704 369 572 1309 115 1071 224 830 1161 490 463 702 588 366
751 761 405 781 0 667 749 462 1027 432 336 731 284 691 798 811 812 697 938 161 171 732 713 674 450 1040 1044 874 255 170 626 369 1086 674 454 327 712 720 652 504 512 727 208 1080 783 405 811 580 387 526 764 1407 748 1122 647 147 1212 712 669 186 780 521
898 892 640 619 667 0 713 582 379 669 462 878 729 492 945 942 943 497 289 559 574 862 646 804 465 392 396 468 775 794 773 754 437 804 469 377 843 749 782 634 642 874 717 432 612 696 958 114 553 599 895 1554 548 473 447 679 564 318 264 551 911 596
559 474 419 117 749 713 0 361 1071 344 707 539 671 264 606 524 525 258 981 804 820 178 101 229 778 1084 1088 906 547 612 434 533 1129 387 782 690 425 58 386 265 263 535 913 1124 118 371 619 626 798 332 477 1214 210 1165 319 852 1256 585 558 797 493 327
471 464 91 352 462 582 361 0 940 242 577 451 384 281 517 515 516 287 850 579 540 435 283 377 648 953 957 775 226 325 346 205 998 377 651 559 416 397 355 207 215 447 626 993 353 269 531 495 667 172 467 1126 336 1034 236 565 1125 454 427 555 483 169
1256 1249 998 976 1027 379 1071 940 0 1027 822 1236 1088 849 1303 1300 1301 855 120 919 934 1220 1003 1162 825 57 61 694 1133 1153 1131 1112 367 1162 829 737 1201 1107 1140 992 1000 1232 1077 97 970 1054 1316 474 913 957 1252 1911 906 337 805 1039 508 556 592 911 1268 954
362 356 299 438 432 669 344 242 1027 0 663 342 354 368 409 406 407 373 937 549 511 326 370 268 734 1039 1044 862 230 295 237 344 1085 268 738 646 307 315 246 98 106 339 596 1080 440 130 422 581 754 121 359 1018 422 1121 323 535 1211 540 513 526 375 116
893 886 634 613 336 462 707 577 822 663 0 873 397 486 939 936 937 491 732 227 243 857 640 799 245 835 839 668 547 462 767 661 880 799 248 122 837 744 777 629 636 869 326 875 606 690 952 374 129 594 889 1548 542 916 441 348 1007 506 464 220 905 591
108 365 509 634 731 878 539 451 1236 342 873 0 653 577 205 415 416 583 1147 848 810 392 566 335 944 1249 1253 1071 529 594 136 623 1295 278 947 855 316 510 256 308 316 140 895 1289 636 369 224 791 964 330 368 814 619 1331 532 834 1421 750 723 825 384 325
673 683 326 703 284 729 671 384 1088 354 397 653 0 632 719 733 734 638 999 401 299 653 634 596 511 1101 1106 935 176 147 548 290 1147 596 515 388 634 642 573 425 433 649 448 1141 704 327 733 641 448 448 686 1328 687 1183 587 387 1273 773 731 275 702 443
597 590 339 169 691 492 264 281 849 368 486 577 632 0 644 641 642 126 760 583 598 413 196 355 557 862 867 684 474 573 472 453 908 503 560 469 542 300 481 333 341 573 741 902 163 395 657 404 577 298 594 1252 99 944 97 703 1034 363 336 575 609 295
652 858 1002 1127 1225 1372 1032 944 1729 836 1366 632 1146 1070 0 909 910 1076 1640 1342 1303 886 1060 828 1437 1742 1747 1564 1022 1087 630 1116 1788 771 1440 1349 810 1003 749 801 809 633 1388 1782 1129 863 717 1284 1457 823 861 1145 1112 1824 1026 1328 1914 1243 1216 1318 877 819
435 88 572 619 811 942 524 515 1300 406 936 415 733 641 482 0 106 639 1210 928 889 377 551 319 1007 1313 1317 1135 609 674 310 687 1358 177 1011 919 154 495 262 371 379 412 975 1353 620 433 495 854 1027 394 138 1091 604 1394 596 914 1484 814 786 904 154 389
436 89 573 620 812 943 525 516 1301 407 937 416 734 642 483 106 0 640 1211 929 890 378 552 320 1008 1313 1318 1136 610 675 311 688 1359 178 1012 920 155 496 263 372 380 412 976 1354 621 434 496 855 1028 395 139 1092 605 1395 597 915 1485 814 787 905 155 390
603 588 344 164 697 497 258 287 855 373 491 583 638 126 649 639 640 0 765 588 604 408 191 350 562 868 872 690 480 579 477 459 913 501 566 474 540 294 487 339 346 579 746 908 157 400 662 409 582 304 592 1258 93 949 103 709 1040 369 342 581 608 301
1166 1160 908 887 938 289 981 850 120 937 732 1147 999 760 1213 1210 1211 765 0 829 845 1130 914 1073 736 133 137 604 1043 1064 1041 1023 292 1073 739 647 1111 1017 1050 902 910 1143 987 173 880 964 1226 384 823 868 1163 1822 816 328 715 950 419 466 502 821 1179 865
868 878 522 710 161 559 804 579 919 549 227 848 401 583 915 928 929 588 829 0 269 849 737 791 342 932 936 765 372 287 743 486 977 791 345 219 829 837 769 621 629 844 234 972 703 522 928 471 279 643 881 1524 639 1013 538 173 1103 603 561 246 897 638
829 839 483 725 171 574 820 540 934 511 243 810 299 598 876 889 890 604 845 269 0 810 752 752 357 947 951 781 333 248 704 447 993 752 361 234 790 798 730 582 590 806 335 987 719 484 889 487 294 604 842 1485 655 1029 554 274 1119 619 577 101 858 599
412 327 493 273 732 862 178 435 1220 326 857 392 653 413 459 377 378 408 1130 849 810 0 257 88 928 1233 1237 1055 529 594 287 607 1278 240 931 839 278 149 239 247 245 389 895 1273 274 353 472 775 947 314 330 1068 366 1314 468 835 1405 734 707 825 346 309
586 501 341 91 713 646 101 283 1003 370 640 566 634 196 633 551 552 191 914 737 752 257 0 262 711 1016 1021 838 476 575 461 455 1062 414 714 623 452 137 413 292 290 563 876 1056 93 397 646 558 731 300 504 1242 156 1098 251 816 1188 517 490 729 520 297
354 269 435 325 674 804 229 377 1162 268 799 335 596 355 401 319 320 350 1073 791 752 88 262 0 870 1175 1179 997 472 537 229 549 1221 182 873 781 220 200 181 190 188 331 838 1215 326 296 414 717 890 256 272 1010 315 1257 410 777 1347 676 649 767 288 251
963 957 705 684 450 465 778 648 825 734 245 944 511 557 1010 1007 1008 562 736 342 357 928 711 870 0 838 842 672 661 577 838 775 883 870 54 160 908 814 848 699 707 940 500 878 677 761 1023 378 336 665 960 1619 613 919 512 462 1010 521 467 334 976 662
1269 1262 1011 989 1040 392 1084 953 57 1039 835 1249 1101 862 1315 1313 1313 868 133 932 947 1233 1016 1175 838 0 46 707 1146 1166 1143 1125 353 1175 842 750 1213 1120 1153 1005 1013 1245 1090 82 983 1066 1329 487 925 970 1265 1924 919 322 817 1052 515 569 605 924 1281 967
1273 1266 1015 994 1044 396 1088 957 61 1044 839 1253 1106 867 1320 1317 1318 872 137 936 951 1237 1021 1179 842 46 0 711 1150 1171 1148 1129 357 1179 846 754 1218 1124 1157 1009 1017 1249 1094 86 987 1071 1333 491 930 974 1270 1928 923 326 822 1056 520 573 609 928 1286 971
1091 1084 833 811 874 468 906 775 694 862 668 1071 935 684 1138 1135 1136 690 604 765 781 1055 838 997 672 707 711 0 968 1000 966 947 752 997 675 583 1036 942 975 827 835 1067 923 747 805 889 1151 380 759 792 1087 1746 741 788 640 886 879 333 370 758 1103 789
549 559 168 545 255 775 547 226 1133 230 547 529 176 474 596 609 610 480 1043 372 333 529 476 472 661 1146 1150 968 0 117 424 132 1191 472 664 538 510 518 449 301 309 525 418 1186 546 203 609 688 598 324 562 1204 529 1227 429 358 1318 647 620 348 578 319
614 624 267 644 170 794 612 325 1153 295 462 594 147 573 660 674 675 579 1064 287 248 594 575 537 577 1166 1171 1000 117 0 488 231 1212 537 580 453 575 583 514 366 374 590 334 1206 645 268 674 706 513 389 627 1269 628 1248 528 273 1338 746 719 263 643 384
156 259 403 529 626 773 434 346 1131 237 767 136 548 472 203 310 311 477 1041 743 704 287 461 229 838 1143 1148 966 424 488 0 518 1189 172 842 750 211 404 150 202 210 133 790 1184 530 264 216 685 858 225 263 812 513 1225 427 729 1315 644 617 719 279 220
643 636 147 524 369 754 533 205 1112 344 661 623 290 453 690 687 688 459 1023 486 447 607 455 549 775 1125 1129 947 132 231 518 0 1170 549 779 652 588 569 527 379 387 619 532 1165 525 317 703 667 712 344 639 1298 508 1206 408 472 1297 626 599 462 655 341
1314 1308 1056 1035 1086 437 1129 998 367 1085 880 1295 1147 908 1361 1358 1359 913 292 977 993 1278 1062 1221 883 353 357 752 1191 1212 1189 1170 0 1221 887 795 1259 1165 1198 1050 1058 1291 1135 292 1028 1112 1374 532 971 1016 1311 1970 964 87 863 1098 178 614 650 969 1327 1013
298 127 435 482 674 804 387 377 1162 268 799 278 596 503 344 177 178 501 1073 791 752 240 414 182 870 1175 1179 997 472 537 172 549 1221 0 873 781 104 357 125 234 242 274 838 1215 483 296 358 717 890 256 130 953 466 1257 459 777 1347 676 649 767 146 252
967 960 709 687 454 469 782 651 829 738 248 947 515 560 1014 1011 1012 566 739 345 361 931 714 873 54 842 846 675 664 580 842 779 887 873 0 163 912 818 851 703 711 943 503 882 681 765 1027 381 339 668 963 1622 617 923 516 466 1013 525 471 338 979 665
875 868 617 596 327 377 690 559 737 646 122 855 388 469 922 919 920 474 647 219 234 839 623 781 160 750 754 583 538 453 750 652 795 781 163 0 820 726 759 611 619 851 377 790 589 673 935 289 213 576 872 1530 525 831 424 339 922 433 379 211 888 573
336 104 473 520 712 843 425 416 1201 307 837 316 634 542 383 154 155 540 1111 829 790 278 452 220 908 1213 1218 1036 510 575 211 588 1259 104 912 820 0 396 163 272 280 312 876 1254 521 334 396 755 928 295 107 992 505 1295 497 815 1385 714 687 805 123 290
530 444 455 153 720 749 58 397 1107 315 744 510 642 300 576 495 496 294 1017 837 798 149 137 200 814 1120 1124 942 518 583 404 569 1165 357 818 726 396 0 357 236 234 506 884 1160 154 342 589 662 834 302 447 1185 246 1201 355 823 1292 621 594 813 463 298
276 212 413 481 652 782 386 355 1140 246 777 256 573 481 322 262 263 487 1050 769 730 239 413 181 848 1153 1157 975 449 514 150 527 1198 125 851 759 163 357 0 212 220 252 816 1193 482 273 335 695 867 234 215 931 466 1234 436 755 1325 654 627 745 231 229
328 321 265 360 504 634 265 207 992 98 629 308 425 333 374 371 372 339 902 621 582 247 292 190 699 1005 1009 827 301 366 202 379 1050 234 703 611 272 236 212 0 42 304 667 1045 361 125 387 547 719 86 324 983 345 1086 288 607 1177 506 479 597 340 81
336 329 273 358 512 642 263 215 1000 106 636 316 433 341 382 379 380 346 910 629 590 245 290 188 707 1013 1017 835 309 374 210 387 1058 242 711 619 280 234 220 42 0 312 675 1053 359 133 395 555 727 94 332 991 343 1094 296 615 1185 514 487 605 348 89
160 361 505 630 727 874 535 447 1232 339 869 140 649 573 206 412 412 579 1143 844 806 389 563 331 940 1245 1249 1067 525 590 133 619 1291 274 943 851 312 506 252 304 312 0 891 1285 632 366 148 787 960 326 364 815 615 1327 529 830 1417 746 719 821 380 322
915 925 569 868 208 717 913 626 1077 596 326 895 448 741 962 975 976 746 987 234 335 895 876 838 500 1090 1094 923 418 334 790 532 1135 838 503 377 876 884 816 667 675 891 0 1130 862 569 975 629 247 690 928 1570 797 1171 696 98 1262 761 719 350 944 685
1309 1302 1051 1029 1080 432 1124 993 97 1080 875 1289 1141 902 1356 1353 1354 908 173 972 987 1273 1056 1215 878 82 86 747 1186 1206 1184 1165 292 1215 882 790 1254 1160 1193 1045 1053 1285 1130 0 1023 1107 1369 527 966 1010 1305 1964 959 261 858 1092 454 609 645 964 1321 1007
655 570 411 34 783 612 118 353 970 440 606 636 704 163 702 620 621 157 880 703 719 274 93 326 677 983 987 805 546 645 530 525 1028 483 681 589 521 154 482 361 359 632 862 1023 0 467 715 525 697 370 573 1311 109 1064 218 824 1155 484 457 696 589 367
389 383 326 466 405 696 371 269 1054 130 690 369 327 395 436 433 434 400 964 522 484 353 397 296 761 1066 1071 889 203 268 264 317 1112 296 765 673 334 342 273 125 133 366 569 1107 467 0 449 608 749 148 386 1045 449 1148 350 508 1238 567 540 499 402 143
243 445 588 714 811 958 619 531 1316 422 952 224 733 657 290 495 496 662 1226 928 889 472 646 414 1023 1329 1333 1151 609 674 216 703 1374 358 1027 935 396 589 335 387 395 148 975 1369 715 449 0 870 1043 410 448 899 698 1410 612 914 1500 829 802 904 464 405
811 804 553 531 580 114 626 495 474 581 374 791 641 404 857 854 855 409 384 471 487 775 558 717 378 487 491 380 688 706 685 667 532 717 381 289 755 662 695 547 555 787 629 527 525 608 870 0 465 512 807 1466 460 568 359 592 659 230 176 464 823 509
983 977 725 704 387 553 798 667 913 754 129 964 448 577 1030 1027 1028 582 823 279 294 947 731 890 336 925 930 759 598 513 858 712 971 890 339 213 928 834 867 719 727 960 247 966 697 749 1043 465 0 685 980 1639 633 1007 532 290 1097 597 555 271 996 681
350 343 230 369 526 599 332 172 957 121 594 330 448 298 397 394 395 304 868 643 604 314 300 256 665 970 974 792 324 389 225 344 1016 256 668 576 295 302 234 86 94 326 690 1010 370 148 410 512 685 0 346 1005 353 1052 253 629 1142 471 444 619 362 103
388 88 525 572 764 895 477 467 1252 359 889 368 686 594 435 138 139 592 1163 881 842 330 504 272 960 1265 1270 1087 562 627 263 639 1311 130 963 872 107 447 215 324 332 364 928 1305 573 386 448 807 980 346 0 1043 556 1347 549 867 1437 766 739 857 58 342
470 676 820 945 1043 1190 850 762 1547 654 1184 450 964 888 375 727 728 894 1458 1160 1121 704 878 646 1255 1560 1565 1382 840 905 448 934 1606 589 1258 1167 628 821 567 619 627 451 1206 1600 947 681 535 1102 1275 641 679 0 930 1642 844 1146 1732 1061 1034 1136 695 637
639 553 394 115 748 548 210 336 906 422 542 619 687 99 685 604 605 93 816 639 655 366 156 315 613 919 923 741 529 628 513 508 964 466 617 525 505 246 466 345 343 615 797 959 109 449 698 460 633 353 556 1294 0 1000 153 760 1091 420 392 632 572 350
1350 1344 1092 1071 1122 473 1165 1034 337 1121 916 1331 1183 944 1397 1394 1395 949 328 1013 1029 1314 1098 1257 919 322 326 788 1227 1248 1225 1206 87 1257 923 831 1295 1201 1234 1086 1094 1327 1171 261 1064 1148 1410 568 1007 1052 1347 2006 1000 0 899 1134 214 650 686 1005 1363 1049
552 546 294 224 647 447 319 236 805 323 441 532 587 97 599 596 597 103 715 538 554 468 251 410 512 817 822 640 429 528 427 408 863 459 516 424 497 355 436 288 296 529 696 858 218 350 612 359 532 253 549 1208 153 899 0 659 989 318 291 530 565 250
854 864 508 830 147 679 852 565 1039 535 348 834 387 703 901 914 915 709 950 173 274 835 816 777 462 1052 1056 886 358 273 729 472 1098 777 466 339 815 823 755 607 615 830 98 1092 824 508 914 592 290 629 867 1510 760 1134 659 0 1224 724 681 289 883 624
1441 1434 1183 1161 1212 564 1256 1125 508 1211 1007 1421 1273 1034 1487 1484 1485 1040 419 1103 1119 1405 1188 1347 1010 515 520 879 1318 1338 1315 1297 178 1347 1013 922 1385 1292 1325 1177 1185 1417 1262 454 1155 1238 1500 659 1097 1142 1437 2096 1091 214 989 1224 0 740 777 1096 1453 1139
770 763 512 490 712 318 585 454 556 540 506 750 773 363 816 814 814 369 466 603 619 734 517 676 521 569 573 333 647 746 644 626 614 676 525 433 714 621 654 506 514 746 761 609 484 567 829 230 597 471 766 1425 420 650 318 724 740 0 73 596 782 468
743 736 485 463 669 264 558 427 592 513 464 723 731 336 789 786 787 342 502 561 577 707 490 649 467 605 609 370 620 719 617 599 650 649 471 379 687 594 627 479 487 719 719 645 457 540 802 176 555 444 739 1398 392 686 291 681 777 73 0 553 755 441
844 854 498 702 186 551 797 555 911 526 220 825 275 575 891 904 905 581 821 246 101 825 729 767 334 924 928 758 348 263 719 462 969 767 338 211 805 813 745 597 605 821 350 964 696 499 904 464 271 619 857 1500 632 1005 530 289 1096 596 553 0 873 614
404 104 541 588 780 911 493 483 1268 375 905 384 702 609 451 154 155 608 1179 897 858 346 520 288 976 1281 1286 1103 578 643 279 655 1327 146 979 888 123 463 231 340 348 380 944 1321 589 402 464 823 996 362 58 1059 572 1363 565 883 1453 782 755 873 0 358
345 339 227 366 521 596 327 169 954 116 591 325 443 295 392 389 390 301 865 638 599 309 297 251 662 967 971 789 319 384 220 341 1013 252 665 573 290 298 229 81 89 322 685 1007 367 143 405 509 681 103 342 1001 350 1049 250 624 1139 468 441 614 358 0
EOF