NAME : tsp_problem
TYPE : TSP
DIMENSION : 52
EDGE_WEIGHT_TYPE : EXPLICIT
EDGE_WEIGHT_FORMAT : FULL_MATRIX
EDGE_WEIGHT_SECTION
0 467 877 463 327 161 510 629 692 324 504 304 330 317 457 565 412 672 912 563 372 333 904 324 302 410 674 95 644 315 383 998 545 149 441 298 796 210 393 943 684 438 862 596 749 735 345 234 553 666 409 868
473 0 675 261 566 591 167 728 318 292 177 530 556 184 375 263 585 387 828 662 472 559 860 576 599 378 684 467 524 340 112 670 243 579 359 524 752 582 604 622 311 538 512 552 549 690 444 648 578 247 212 518
877 675 0 475 968 1008 577 689 392 865 571 790 958 812 464 527 810 431 428 657 701 961 515 978 1000 951 546 872 268 967 740 163 542 996 480 783 420 986 829 102 395 663 323 473 246 469 674 1050 1206 489 840 330
463 261 475 0 554 594 123 527 305 451 117 376 544 398 190 178 400 229 587 477 287 547 620 564 587 537 444 458 284 553 326 565 158 582 174 370 512 572 419 516 297 353 419 311 316 450 260 636 792 344 426 425
259 566 968 554 0 389 601 514 783 417 595 368 88 417 548 656 189 762 1002 448 310 91 815 105 83 503 559 254 734 474 483 1089 636 376 532 362 707 368 171 1034 775 323 952 597 840 645 337 122 712 766 534 959
161 591 1008 594 389 0 641 760 823 454 635 435 404 442 588 696 537 802 1043 694 503 398 1035 385 363 541 805 226 775 314 508 1129 676 51 572 429 927 338 519 1074 815 569 993 727 880 865 476 295 552 791 534 999
510 167 577 123 601 641 0 590 252 412 56 423 591 304 237 125 447 249 689 524 333 594 722 611 633 498 546 504 386 460 232 604 105 628 221 416 614 619 466 555 244 399 446 414 418 552 306 683 698 291 332 452
629 728 689 527 514 760 590 0 586 706 585 490 504 706 437 626 356 484 723 100 296 507 432 524 547 792 176 623 455 818 772 810 625 747 453 483 325 738 375 755 589 209 673 248 561 263 323 596 1057 681 823 680
692 318 392 305 783 823 252 586 0 563 246 604 772 455 361 170 629 183 646 555 515 775 679 792 815 649 503 686 343 610 383 387 185 810 378 598 571 801 648 339 43 560 229 370 266 509 488 864 849 132 483 236
636 400 703 249 727 767 262 716 444 0 257 548 716 537 362 317 573 424 815 650 459 719 848 736 759 127 672 630 512 693 465 773 297 754 346 542 740 745 592 724 437 525 615 539 544 678 432 809 931 483 565 621
504 177 571 117 595 635 56 585 246 422 0 417 585 314 231 119 441 243 684 518 328 588 716 605 628 508 540 499 380 469 241 598 99 623 215 410 609 613 460 549 238 394 440 408 413 547 301 677 707 285 342 446
304 530 790 376 368 435 423 490 604 381 417 0 358 381 370 478 274 584 824 423 233 361 764 378 401 468 534 299 556 494 447 911 458 422 354 49 657 413 256 856 597 299 774 456 662 595 206 450 732 643 499 781
275 556 958 544 88 404 591 504 772 407 585 358 0 407 537 646 179 752 992 438 300 80 805 97 98 493 548 270 724 489 473 1079 626 392 521 352 697 384 160 1023 765 313 942 587 830 635 327 138 728 755 524 949
324 184 805 351 417 442 304 706 455 143 314 381 407 0 445 400 489 524 899 640 449 410 930 427 450 229 751 318 615 191 101 807 380 430 429 375 822 433 470 758 447 515 649 622 647 760 422 499 429 383 196 655
457 375 464 190 548 588 237 437 361 445 231 370 537 445 0 292 394 258 498 405 280 540 529 558 580 531 353 451 230 557 439 585 272 575 78 363 421 566 413 529 364 337 448 221 336 359 253 630 795 456 540 455
565 263 527 178 656 696 125 626 170 508 119 478 646 400 292 0 502 167 686 579 388 649 718 666 688 594 543 559 383 555 328 522 65 683 276 471 611 674 521 474 163 454 364 410 401 549 361 738 794 209 428 371
408 585 810 400 189 537 447 356 629 489 441 274 179 489 394 502 0 605 844 290 152 182 657 199 222 575 401 403 576 601 555 931 482 525 378 268 549 517 77 876 621 165 794 439 682 488 179 271 840 668 606 801
672 387 431 229 762 802 249 484 183 632 243 584 752 524 258 167 605 0 543 452 495 755 576 772 795 718 400 666 240 679 451 446 182 790 275 578 468 781 623 397 175 457 288 268 272 406 468 844 917 222 552 294
751 648 248 408 842 882 510 563 467 738 504 663 831 738 337 507 684 364 0 531 574 834 389 851 874 825 419 745 158 851 713 371 521 869 354 657 293 860 702 314 470 536 403 346 234 342 547 923 1089 561 813 410
563 662 657 477 448 694 524 100 555 640 518 423 438 640 405 579 290 452 692 0 229 441 401 458 480 726 144 557 424 752 706 778 559 681 421 417 293 672 309 723 558 143 642 217 530 231 256 530 990 649 757 648
372 472 701 287 310 503 333 296 515 449 328 233 300 449 280 388 152 495 735 229 0 303 596 320 343 535 340 367 467 562 515 822 369 490 264 226 489 481 171 766 508 105 685 367 573 427 66 392 800 554 567 691
269 559 961 547 91 398 594 507 775 410 588 361 80 410 540 649 182 755 995 441 303 0 808 100 92 496 552 263 727 483 476 1082 629 385 524 355 700 378 163 1027 768 316 945 590 833 638 330 132 721 758 527 952
904 860 515 620 815 1035 722 432 679 930 716 764 805 930 529 718 657 576 420 401 596 808 0 825 847 1016 287 898 425 1042 925 638 733 1022 545 758 139 1013 676 581 682 510 670 340 501 209 623 897 1280 773 1025 677
256 576 978 564 105 385 611 524 792 427 605 378 97 427 558 666 199 772 1012 458 320 100 825 0 79 513 569 250 744 470 493 1099 646 372 542 372 717 365 180 1044 785 333 962 607 850 655 347 119 708 775 544 969
234 599 1000 587 83 363 633 547 815 450 628 401 98 450 580 688 222 795 1035 480 343 92 847 79 0 536 591 228 767 448 515 1122 668 350 564 394 740 343 203 1066 808 356 985 630 873 678 370 97 686 798 542 991
575 340 642 188 666 706 201 655 383 563 196 488 655 476 301 256 512 363 754 589 398 659 787 676 698 0 611 569 451 632 404 712 237 693 285 481 679 684 531 663 376 464 554 479 483 617 371 748 870 422 504 560
674 684 546 444 559 805 546 176 503 751 540 534 548 751 353 543 401 400 580 144 340 552 287 569 591 837 0 668 372 863 749 669 557 792 369 528 179 783 420 612 506 254 590 165 477 117 367 641 1101 597 849 596
154 404 982 528 451 283 524 746 675 320 534 421 447 255 574 596 529 703 1028 680 489 450 1021 448 426 406 790 0 760 252 321 1027 577 270 558 414 913 147 510 978 667 555 869 713 823 851 462 358 491 603 346 875
644 524 268 284 734 775 386 455 343 631 380 556 724 631 230 383 576 240 337 424 467 727 425 744 767 717 372 638 0 743 589 391 397 762 247 550 329 753 595 334 346 429 386 239 254 378 440 816 982 437 689 392
287 340 918 463 529 314 460 818 610 255 469 494 519 191 557 532 601 639 1011 752 562 522 1042 539 558 342 863 344 727 0 256 962 512 301 541 487 935 342 583 914 603 628 804 734 759 873 534 490 272 539 282 811
389 112 740 326 483 508 232 772 383 209 241 447 473 101 439 328 555 451 892 706 515 476 925 493 515 295 749 384 589 256 0 735 308 495 423 441 817 498 536 686 375 581 577 616 613 755 488 565 495 311 192 583
998 670 163 565 1089 1129 604 810 387 915 598 911 1079 807 585 522 931 446 551 778 822 1082 638 1099 1122 1001 669 993 391 962 735 0 537 1117 601 904 543 1107 950 109 390 784 318 594 287 592 795 1171 1201 485 835 325
545 243 542 158 636 676 105 625 185 488 99 458 626 380 272 65 482 182 701 559 369 629 733 646 668 574 557 540 397 535 308 537 0 663 256 451 626 654 501 488 178 435 379 425 416 564 341 718 774 224 408 385
149 579 996 582 376 51 628 747 810 442 623 422 392 430 575 683 525 790 1030 681 490 385 1022 372 350 528 792 213 762 301 495 1117 663 0 559 416 915 326 506 1061 803 556 980 714 868 853 463 282 540 778 521 986
441 359 480 174 532 572 221 453 378 428 215 354 521 429 78 276 378 275 515 421 264 524 545 542 564 515 369 435 247 541 423 601 256 559 0 347 438 550 397 546 381 330 465 237 352 376 237 614 779 441 523 471
298 524 783 370 362 429 416 483 598 375 410 49 352 375 363 471 268 578 818 417 226 355 758 372 394 461 528 292 550 487 441 904 451 416 347 0 650 407 249 849 590 292 768 450 656 588 199 444 725 637 492 774
796 752 420 512 707 927 614 325 571 822 609 657 697 822 421 611 549 468 454 293 489 700 139 717 740 909 179 791 329 935 817 543 626 915 438 650 0 905 568 486 574 402 575 233 406 102 516 789 1173 665 917 581
370 297 875 421 487 397 417 776 568 213 427 451 477 148 514 490 559 597 969 710 519 480 1000 497 519 299 821 388 684 145 214 920 470 384 498 445 892 0 540 872 561 585 762 692 716 830 492 569 384 497 240 768
390 604 829 419 171 519 466 375 648 470 460 256 160 470 413 521 77 623 863 309 171 163 676 180 203 557 420 384 595 583 536 950 501 506 397 249 568 499 0 895 640 184 813 458 701 506 198 253 821 687 588 820
943 622 102 516 1034 1074 555 755 339 866 549 856 1023 758 529 474 876 397 494 723 766 1027 581 1044 1066 953 612 937 334 914 686 109 488 1061 546 849 486 1052 895 0 342 728 270 539 238 534 739 1116 1152 436 786 276
684 311 395 297 775 815 244 589 43 556 238 597 765 447 364 163 621 175 649 558 508 768 682 785 808 642 506 679 346 603 375 390 178 803 381 590 574 793 640 342 0 563 232 373 269 512 481 857 841 125 475 239
438 538 663 353 323 569 399 209 560 515 394 299 313 515 337 454 165 457 697 143 105 316 510 333 356 601 254 433 429 628 581 784 435 556 330 292 402 547 184 728 563 0 647 292 535 340 132 405 866 620 632 654
862 512 323 419 952 993 446 673 229 757 440 774 942 649 448 364 794 288 583 642 685 945 670 962 985 843 590 856 386 804 577 318 379 980 465 768 575 971 813 270 232 647 0 457 225 596 658 1034 1043 326 677 42
596 552 473 311 597 727 414 248 370 622 408 456 587 622 221 410 439 268 507 217 367 590 340 607 630 708 165 590 239 734 616 594 425 714 237 450 233 705 458 539 373 292 457 0 345 171 340 679 972 465 717 464
749 549 246 316 840 880 418 561 266 737 413 662 830 685 336 401 682 272 414 530 573 833 501 850 873 823 477 744 254 841 613 287 416 868 352 656 406 858 701 238 269 535 225 345 0 455 546 922 1079 363 713 232
735 690 469 450 645 865 552 263 509 760 547 595 635 760 359 549 488 406 503 231 427 638 209 655 678 847 117 729 378 873 755 592 564 853 376 588 102 844 506 534 512 340 596 171 455 0 454 727 1111 603 855 602
345 444 674 260 337 476 306 323 488 422 301 206 327 422 253 361 179 468 708 256 66 330 623 347 370 508 367 339 440 534 488 795 341 463 237 199 516 454 198 739 481 132 658 340 546 454 0 419 773 527 539 664
208 574 985 571 122 295 618 596 800 431 612 412 138 425 565 673 271 779 1019 530 392 132 897 119 97 518 641 203 751 423 491 1106 653 282 549 405 789 317 253 1051 792 405 970 679 857 727 419 0 661 774 517 976
525 578 1156 702 768 552 698 1057 849 494 707 732 757 429 795 770 840 877 1250 990 800 760 1280 778 796 580 1101 582 965 272 495 1201 751 540 779 725 1173 581 821 1152 841 866 1043 972 997 1111 773 729 0 777 411 1049
672 247 489 344 766 791 291 681 132 492 285 643 755 383 456 209 668 222 740 649 554 758 773 775 798 578 597 666 437 539 311 485 224 778 441 637 665 781 687 436 125 620 326 465 363 603 527 848 777 0 411 333
441 212 840 426 534 534 332 823 483 260 342 499 524 196 540 428 606 552 992 757 567 527 1025 544 567 347 849 435 689 282 192 835 408 521 523 492 917 550 588 786 475 632 677 717 713 855 539 616 411 411 0 683
868 518 330 425 959 999 452 680 236 763 446 781 949 655 455 371 801 294 589 648 691 952 677 969 991 849 596 862 392 811 583 325 385 986 471 774 581 977 820 276 239 654 42 464 232 602 664 1041 1049 333 683 0
EOF