NAME : tsp_problem
TYPE : TSP
DIMENSION : 62
EDGE_WEIGHT_TYPE : EXPLICIT
EDGE_WEIGHT_FORMAT : FULL_MATRIX
EDGE_WEIGHT_SECTION
0 550 738 567 508 552 581 685 464 460 511 191 305 454 340 124 485 334 215 632 685 725 286 568 610 152 622 554 570 544 288 527 492 726 556 654 476 527 442 488 927 835 560 407 374 338 307 624 351 362 611 284 459 526 471 538 182 296 528 523 499 514
550 0 273 166 193 341 143 515 398 710 642 658 302 406 480 473 766 486 555 785 527 618 702 281 326 619 707 784 297 884 360 461 426 261 155 484 411 461 909 768 462 369 351 620 365 378 347 777 497 501 172 751 301 469 602 52 650 673 463 655 433 357
776 310 0 392 394 542 324 715 624 934 844 884 528 607 706 699 991 712 781 986 753 844 928 482 526 845 908 985 498 1110 585 687 652 458 381 684 637 687 1135 994 252 346 552 821 591 604 573 978 698 702 295 977 527 670 803 298 876 899 689 856 659 573
501 513 752 0 356 683 429 817 685 584 594 553 362 308 566 458 640 560 450 736 816 908 649 415 741 515 699 710 431 777 291 748 713 740 613 786 698 748 805 643 899 849 485 532 240 522 491 728 400 404 458 647 590 602 553 499 545 660 749 606 720 646
508 193 433 326 0 501 110 675 558 575 485 560 369 248 572 465 647 566 457 628 687 778 655 124 486 521 550 627 140 784 298 621 587 421 315 644 571 621 811 650 579 529 193 462 246 529 498 620 340 344 139 653 461 312 445 179 551 667 623 498 593 517
552 272 345 353 432 0 381 276 385 877 881 697 379 621 467 475 902 473 632 1023 305 396 689 520 86 658 945 971 536 961 436 358 403 277 343 244 398 368 948 905 478 386 589 824 552 365 334 1016 712 716 411 790 124 708 841 260 688 660 360 894 405 60
581 143 382 276 110 451 0 625 508 649 559 634 412 322 589 538 721 595 530 701 636 728 729 198 435 595 623 700 213 857 371 571 536 370 265 593 520 571 885 723 509 479 267 536 320 488 456 694 414 418 89 727 411 386 519 129 625 741 572 572 543 466
685 515 588 544 675 276 625 0 486 1010 1061 830 513 777 595 608 1035 601 765 1182 362 453 823 763 216 791 1167 1105 779 1094 570 415 460 451 534 49 464 425 1081 1038 652 559 833 958 708 499 467 1174 868 872 654 923 257 951 1021 503 822 794 417 1074 461 307
464 398 580 415 558 355 508 486 0 878 929 609 383 644 155 424 903 161 633 1050 272 307 485 646 412 570 1035 972 662 892 438 109 82 568 404 455 66 109 769 906 769 677 716 825 576 340 309 1042 736 740 537 611 262 834 889 386 583 456 111 942 89 317
460 732 972 817 575 877 649 1010 878 0 198 378 555 442 755 539 151 749 290 199 1010 1101 534 476 935 400 253 198 465 343 484 941 907 960 806 979 891 941 438 154 1119 1068 455 185 383 716 684 191 361 371 678 418 784 419 320 718 430 560 943 211 913 839
511 642 882 775 485 927 559 1061 929 198 0 489 606 352 805 589 313 799 386 251 1060 1152 585 386 935 451 305 250 375 514 535 992 957 870 765 1029 941 992 609 316 1029 978 365 163 392 766 735 243 315 326 588 583 834 329 230 628 481 611 993 121 964 890
191 658 846 675 560 697 634 830 609 378 489 0 413 433 485 269 401 479 194 550 830 870 264 560 754 130 601 470 549 405 342 672 637 834 664 799 621 671 282 404 1035 943 539 386 352 483 452 542 330 340 663 262 604 505 450 646 160 291 673 502 644 659
305 302 491 319 369 379 412 513 383 555 606 413 0 322 336 228 580 330 310 727 512 603 459 429 437 375 712 650 444 639 115 447 412 479 309 481 396 446 665 583 680 587 498 503 253 292 261 719 413 417 441 507 286 615 566 291 405 430 448 619 418 342
454 406 645 538 248 643 322 777 644 442 352 433 322 0 525 418 520 519 330 494 776 867 528 260 698 394 434 494 249 657 251 708 673 633 528 745 657 707 684 523 792 742 239 329 199 482 451 487 135 139 351 526 550 337 312 392 424 555 709 365 680 606
340 480 668 496 572 463 589 595 155 755 805 485 336 525 0 301 780 77 510 927 381 416 362 632 521 447 916 849 648 769 318 218 183 656 486 564 168 218 646 782 857 764 702 702 457 256 224 919 617 621 619 488 370 819 766 468 459 333 219 818 190 426
124 473 661 490 465 475 538 608 424 539 589 269 228 418 301 0 564 294 294 711 607 685 285 524 532 231 701 633 540 622 211 487 452 649 479 577 436 487 521 566 850 758 594 486 349 261 230 703 430 440 568 363 382 605 550 461 261 256 488 602 459 437
485 804 1013 842 647 902 721 1035 903 151 313 401 580 520 780 564 0 774 313 186 1035 1126 559 591 960 425 368 103 580 367 509 966 932 1001 831 1004 916 966 461 36 1191 1110 570 290 439 741 710 178 417 427 750 441 809 534 435 790 455 585 968 326 938 865
334 486 674 502 566 469 595 601 161 749 799 479 330 519 77 294 774 0 504 920 387 422 355 626 527 440 909 843 642 763 312 224 189 662 492 570 174 224 640 776 863 770 696 696 451 262 230 913 611 615 625 482 376 812 760 474 453 326 225 812 196 432
215 555 743 572 457 632 530 765 633 290 386 194 310 330 510 294 313 504 0 462 765 856 289 456 690 155 497 382 445 372 239 697 662 731 561 734 646 696 400 316 932 840 435 282 249 471 440 454 226 237 560 287 539 401 346 543 185 315 698 399 668 595
632 785 1024 918 628 1049 701 1182 1050 199 251 550 727 494 927 711 186 920 462 0 1181 1273 706 529 1077 572 221 123 518 515 656 1113 1078 1012 907 1151 1063 1113 610 189 1171 1121 508 305 535 887 856 52 457 468 731 590 956 468 373 771 602 732 1114 264 1085 1011
685 521 594 544 681 368 630 362 272 1010 1060 830 512 776 381 607 1035 387 765 1181 0 157 711 769 332 791 1166 1104 785 1093 569 200 245 567 533 330 249 211 995 1037 768 676 838 957 707 498 467 1174 867 872 660 837 256 957 1020 509 809 682 202 1073 247 331
725 612 685 635 772 459 721 453 307 1101 1152 870 603 867 416 685 1126 422 856 1273 157 0 746 860 424 831 1257 1195 876 1153 660 236 280 658 624 421 285 246 1031 1128 859 767 929 1048 798 589 558 1265 959 963 751 873 348 1048 1112 600 844 717 238 1164 282 422
286 702 890 719 655 689 729 823 485 534 585 264 459 528 362 285 559 355 289 706 711 746 0 655 747 167 696 628 644 444 438 548 513 878 708 791 498 548 322 561 1079 987 634 481 447 476 445 698 425 436 758 164 596 600 545 690 135 63 549 597 520 652
568 281 521 414 124 589 198 763 646 476 386 560 429 260 632 524 591 626 456 529 775 866 655 0 574 521 468 528 41 783 358 709 675 509 403 732 659 709 811 594 667 617 95 364 306 589 558 521 262 266 227 653 549 276 346 267 551 681 711 399 681 605
610 326 399 407 486 86 435 216 443 935 935 755 437 675 525 533 960 531 690 1077 332 424 747 574 0 716 999 1029 589 1018 494 386 430 261 397 184 435 396 1006 962 462 370 643 882 606 423 392 1070 766 770 465 848 182 762 895 314 746 718 388 948 432 118
152 619 808 636 521 658 595 791 570 400 451 130 375 394 447 231 425 440 155 572 791 831 167 521 716 0 562 494 510 446 304 633 598 796 626 760 583 633 323 428 997 904 500 347 313 445 413 564 291 302 624 165 565 466 411 608 122 193 634 463 605 621
622 707 946 840 550 1015 623 1167 1035 253 305 601 712 434 916 701 368 909 497 221 1166 1257 696 468 999 562 0 305 457 569 641 1098 1063 934 829 1135 1047 1097 663 370 1093 1043 447 359 503 872 841 229 426 436 653 643 940 276 188 693 592 722 1099 317 1070 996
554 784 1023 911 627 971 700 1105 972 198 250 470 650 494 849 633 103 843 382 123 1104 1195 628 528 1029 494 305 0 517 436 579 1036 1001 1012 901 1073 985 1035 531 105 1170 1120 507 304 508 810 779 115 456 467 730 511 878 470 372 770 524 655 1037 263 1008 934
570 297 536 430 140 605 213 779 662 465 375 549 444 249 648 540 580 642 445 518 791 882 644 41 589 510 457 517 0 772 373 725 690 524 419 747 675 725 800 583 683 633 83 352 322 605 574 510 251 255 243 642 565 292 335 283 540 670 727 388 697 620
544 884 1072 900 784 960 857 1094 892 343 514 405 639 657 769 622 367 763 372 515 1093 1153 444 783 1018 446 569 436 772 0 568 955 921 1060 890 1062 905 955 161 369 1261 1168 762 482 576 799 768 507 553 564 887 324 867 729 631 872 414 471 957 527 927 923
288 360 548 376 298 436 371 570 438 484 535 342 115 251 318 211 509 312 239 656 569 660 438 358 494 304 641 579 373 568 0 501 466 536 366 538 450 500 594 512 737 644 427 432 182 275 244 648 342 346 401 436 343 544 495 348 334 413 502 548 473 399
527 452 526 475 612 300 562 415 109 941 992 672 444 708 218 487 966 224 697 1113 200 236 548 700 358 633 1098 1036 716 955 501 0 83 514 465 383 87 54 833 969 715 622 770 889 639 403 372 1105 799 803 591 675 207 889 952 441 646 519 56 1005 84 263
492 426 553 443 587 328 536 460 82 907 957 637 412 673 183 452 932 189 662 1078 245 280 513 675 385 598 1063 1001 690 921 466 83 0 542 433 428 95 82 798 934 742 650 744 854 604 368 337 1070 764 768 565 640 235 863 917 415 611 484 84 970 112 290
726 261 334 342 421 277 370 451 574 886 870 834 479 610 656 649 942 662 731 1012 554 645 878 509 261 796 934 1011 524 1060 536 607 603 0 332 419 587 617 1086 944 238 145 578 833 541 554 523 1005 701 705 400 928 372 697 830 249 826 849 609 883 610 308
512 523 763 634 366 694 440 828 695 595 604 564 373 319 576 469 651 570 460 747 827 918 659 426 752 525 709 720 442 788 302 759 724 751 0 796 708 758 815 653 910 859 495 542 250 533 502 739 410 414 469 657 601 612 564 509 555 671 760 617 731 657
654 484 557 513 644 244 593 49 455 979 1029 799 481 745 564 577 1004 570 734 1151 330 421 791 732 184 760 1135 1073 747 1062 538 383 428 419 502 0 432 393 1050 1006 620 528 801 926 676 467 436 1143 837 841 623 892 226 920 990 472 790 762 385 1042 430 276
476 411 558 427 571 332 520 464 66 891 941 621 396 657 168 436 916 174 646 1063 249 285 498 659 390 583 1047 985 675 905 450 87 95 546 417 432 0 86 782 918 747 654 728 838 588 352 321 1055 749 753 550 624 239 847 902 399 595 469 88 954 101 295
527 452 525 475 612 299 562 425 109 941 992 671 443 707 218 487 966 224 696 1113 211 246 548 700 357 633 1097 1035 716 955 500 54 82 513 464 393 86 0 832 968 714 622 769 888 639 403 371 1105 799 803 591 674 206 888 952 440 646 519 55 1004 84 262
442 909 1098 926 811 948 885 1081 769 438 609 282 665 684 646 521 461 640 400 610 995 1031 322 811 1006 323 663 531 800 161 594 833 798 1086 916 1050 782 832 0 464 1287 1194 790 577 603 735 703 602 581 592 914 201 855 756 701 898 291 348 834 622 805 911
488 807 1016 844 650 904 723 1038 906 154 316 404 583 523 782 566 36 776 316 189 1037 1128 561 594 962 428 370 105 583 369 512 969 934 1004 834 1006 918 968 464 0 1193 1112 573 293 442 743 712 181 419 430 753 444 811 536 438 793 458 588 970 329 941 867
927 462 535 543 579 478 509 652 775 1087 1029 1035 680 792 857 850 1143 863 932 1171 755 846 1079 667 462 997 1093 1170 683 1261 737 808 804 238 533 620 788 818 1287 1145 0 125 737 1006 742 755 724 1163 883 887 480 1129 573 856 988 450 1027 1050 810 1041 810 509
835 369 442 451 529 386 479 559 683 994 978 943 587 718 764 758 1050 770 840 1121 662 753 987 617 370 904 1043 1119 633 1168 644 715 711 145 440 528 695 726 1194 1053 125 0 686 942 650 663 631 1113 810 814 508 1036 481 805 938 357 934 958 717 991 718 417
560 351 590 483 193 659 267 833 716 455 365 539 498 239 702 594 570 696 435 508 844 935 634 95 643 500 447 507 83 762 427 779 744 578 473 801 728 778 790 573 737 686 0 342 376 658 627 500 240 245 296 632 618 345 325 337 530 660 780 378 751 674
407 620 859 752 462 824 536 958 825 185 163 386 503 329 702 486 290 696 282 305 957 1048 481 364 882 347 359 304 352 482 432 889 854 847 742 926 838 888 577 293 1006 955 342 0 331 663 632 297 292 303 565 479 731 306 208 605 377 508 890 175 861 787
374 404 643 514 246 574 320 708 576 383 392 352 253 199 457 349 439 451 249 535 707 798 447 306 632 313 503 508 322 576 182 639 604 631 504 676 588 639 603 442 790 739 376 331 0 413 382 527 232 243 349 445 481 407 352 390 344 474 640 405 611 537
338 378 566 395 529 365 488 499 340 716 766 483 292 482 256 261 741 262 471 887 498 589 476 589 423 445 872 810 605 799 275 403 368 554 384 467 352 403 735 743 755 663 658 663 413 0 86 880 573 577 517 577 272 775 726 366 475 447 404 779 375 328
307 347 535 363 498 334 456 467 309 684 735 452 261 451 224 230 710 230 440 856 467 558 445 558 392 413 841 779 574 768 244 372 337 523 353 436 321 371 703 712 724 631 627 632 382 86 0 848 542 546 486 545 241 744 695 335 444 416 373 748 344 297
624 777 1017 910 620 1041 694 1174 1042 191 243 542 719 487 919 703 178 913 454 52 1174 1265 698 521 1070 564 229 115 510 507 648 1105 1070 1005 899 1143 1055 1105 602 181 1163 1113 500 297 527 880 848 0 450 460 723 582 948 463 365 763 594 724 1107 256 1077 1003
351 497 737 630 340 735 414 868 736 361 315 330 413 135 617 430 417 611 226 457 867 959 425 262 790 291 426 456 251 553 342 799 764 725 619 837 749 799 581 419 883 833 240 292 232 573 542 450 0 81 443 423 642 330 275 483 321 451 800 328 771 697
362 501 741 634 344 739 418 872 740 371 326 340 417 139 621 440 427 615 237 468 872 963 436 266 794 302 436 467 255 564 346 803 768 729 623 841 753 803 592 430 887 837 245 303 243 577 546 460 81 0 447 434 646 340 285 487 332 462 805 338 775 701
611 172 412 305 139 480 89 654 537 678 588 663 441 351 619 568 750 625 560 731 666 757 758 227 465 624 653 730 243 887 401 600 565 400 294 623 550 600 914 753 480 508 296 565 349 517 486 723 443 447 0 756 440 415 548 158 654 770 602 601 572 496
284 751 940 768 653 790 727 923 611 418 583 262 507 526 488 363 441 482 287 590 837 873 164 653 848 165 643 511 642 324 436 675 640 928 758 892 624 674 201 444 1129 1036 632 479 445 577 545 582 423 434 756 0 697 598 543 740 133 190 676 595 647 753
459 295 368 318 455 142 404 257 292 784 834 604 286 550 374 382 809 380 539 956 256 348 596 543 200 565 940 878 559 867 343 310 321 356 307 226 305 320 855 811 557 465 612 731 481 272 241 948 642 646 434 697 0 731 795 283 595 567 312 847 327 105
526 469 709 602 312 778 386 951 834 419 329 505 615 337 819 605 534 812 401 468 963 1054 600 276 762 466 276 470 292 729 544 898 863 697 591 920 847 897 756 536 856 805 345 306 407 775 744 463 330 340 415 598 737 0 211 455 496 626 899 341 869 793
471 602 842 735 445 888 519 1021 889 320 230 450 566 312 766 550 435 760 346 373 1020 1112 545 346 895 411 188 372 335 631 495 952 917 830 724 990 902 952 701 438 988 938 325 208 352 726 695 365 275 285 548 543 795 211 0 588 441 571 954 243 924 850
538 52 261 154 179 330 129 503 386 698 628 646 291 392 468 461 754 474 543 771 515 606 690 267 314 608 693 770 283 872 348 450 415 249 144 472 399 449 898 756 450 357 337 605 353 366 335 763 483 487 158 740 289 455 588 0 638 661 451 641 421 345
182 650 838 666 551 688 625 822 583 430 481 160 405 424 459 261 455 453 185 602 809 844 135 551 746 122 592 524 540 414 334 646 611 826 656 790 595 646 291 458 1027 934 530 377 344 475 444 594 321 332 654 133 595 496 441 638 0 161 647 494 618 651
296 673 861 690 667 660 741 794 456 560 611 291 430 555 333 256 585 326 315 732 682 717 63 681 718 193 722 655 670 471 413 519 484 849 679 762 469 519 348 588 1050 958 660 508 474 447 416 724 451 462 770 190 567 626 571 661 161 0 520 624 491 623
528 454 527 477 614 301 563 417 111 943 993 673 445 709 219 488 968 225 698 1114 202 238 549 702 359 634 1099 1037 718 957 502 56 84 515 466 385 88 55 834 970 716 623 771 890 640 404 373 1107 800 805 593 676 208 890 954 442 647 520 0 1006 85 264
523 655 895 788 498 940 572 1074 942 211 121 502 619 365 818 602 326 812 399 264 1073 1164 597 399 948 463 317 263 388 527 548 1005 970 883 777 1042 954 1004 622 329 1041 991 378 175 405 779 748 256 328 338 601 595 847 341 243 641 494 624 1006 0 977 903
499 433 555 450 593 329 543 461 89 913 964 644 418 680 190 459 938 196 668 1085 247 282 520 681 387 605 1070 1008 697 927 473 84 112 543 439 430 101 84 805 941 744 652 751 861 611 375 344 1077 771 775 572 647 236 869 924 421 618 491 85 977 0 292
556 234 308 316 394 60 344 307 389 860 844 700 383 584 471 478 906 477 636 986 309 400 693 482 118 662 908 975 498 964 440 362 407 296 305 276 402 372 952 908 497 404 552 807 515 369 338 978 675 679 373 794 127 671 803 223 692 664 364 856 408 0
EOF