NAME : tsp_problem
TYPE : TSP
DIMENSION : 42
EDGE_WEIGHT_TYPE : EXPLICIT
EDGE_WEIGHT_FORMAT : FULL_MATRIX
EDGE_WEIGHT_SECTION
0 631 596 904 516 691 365 464 442 876 417 878 1077 1036 1079 672 1028 490 942 1017 559 1010 323 367 436 28 139 578 743 1027 970 363 445 678 171 832 973 596 1046 431 1001 1129
631 0 758 863 677 768 667 200 376 487 351 837 583 581 762 179 1043 652 654 976 507 970 464 729 370 636 597 548 403 649 862 570 250 259 629 544 932 208 729 307 508 730
596 758 0 426 120 134 388 630 608 474 583 400 677 633 677 624 471 146 514 538 875 532 443 647 601 601 562 894 486 625 492 359 573 536 594 429 495 762 644 523 602 727
904 863 426 0 428 368 696 828 806 537 781 74 662 548 591 730 211 454 338 144 1074 138 728 955 800 909 870 1094 550 539 316 644 771 642 902 430 101 960 558 721 636 641
516 677 120 428 0 215 308 549 528 476 503 402 679 635 679 544 552 66 517 541 794 535 363 566 521 521 482 814 488 627 495 279 493 455 514 431 497 682 646 443 604 729
691 768 134 368 215 0 482 724 702 442 677 342 645 601 645 634 367 241 457 435 969 444 537 741 696 696 657 989 454 593 435 454 668 546 689 397 437 857 612 618 570 695
365 667 388 696 308 482 0 500 478 743 453 669 947 903 947 708 819 282 784 808 745 802 358 298 472 370 331 764 718 895 762 368 481 653 363 699 765 632 913 467 871 997
464 200 630 828 549 724 500 0 208 604 183 801 715 713 807 310 1007 524 670 940 463 934 296 561 202 469 430 496 419 755 877 402 83 353 462 559 897 165 774 139 640 857
442 376 608 806 528 702 478 208 0 621 162 780 821 780 824 417 985 502 686 918 311 912 274 473 161 447 378 331 488 772 872 381 189 422 329 576 875 325 791 176 746 874
876 487 474 537 476 442 743 604 621 0 596 511 257 254 436 354 717 502 328 650 889 644 675 968 614 881 842 908 275 322 536 591 547 344 874 218 606 661 403 536 181 403
417 351 583 781 503 677 453 183 162 596 0 755 796 755 799 392 960 477 661 893 338 887 249 499 155 422 383 357 463 747 847 356 164 397 356 551 850 316 766 151 721 849
878 837 400 74 402 342 669 801 780 511 755 0 636 521 565 704 242 428 311 175 1048 169 701 928 773 883 844 1067 523 513 289 617 744 615 876 404 132 933 532 695 609 615
921 634 513 462 515 455 783 649 666 308 641 435 0 321 365 500 641 541 228 574 934 568 721 1013 660 926 888 954 320 313 435 637 593 412 919 141 531 782 332 581 409 415
1009 581 601 550 603 543 871 713 754 254 729 523 141 0 208 448 729 629 316 662 1022 656 809 1101 748 1014 975 1042 408 94 409 725 656 438 1007 229 619 755 174 669 114 258
1079 762 671 605 673 613 940 807 824 436 799 578 322 208 0 629 784 699 385 717 1092 711 878 1171 818 1084 1045 1112 478 140 453 795 751 570 1077 299 674 936 65 739 295 82
672 179 624 730 544 634 708 310 417 354 392 704 450 448 629 0 909 519 521 842 651 836 504 769 410 677 638 692 270 516 728 482 254 126 670 411 799 352 596 274 375 596
1028 1043 471 211 552 367 819 1007 985 717 960 242 841 727 771 909 0 578 517 95 1254 104 874 1078 979 1033 994 1273 729 719 495 791 950 821 1026 609 143 1139 737 900 815 821
490 652 146 454 66 241 282 524 502 502 477 428 705 661 705 519 578 0 543 566 769 560 337 541 496 495 457 788 495 653 520 253 467 430 488 457 523 656 672 418 630 755
893 605 484 433 486 426 754 620 637 279 612 406 344 230 273 472 612 512 0 545 906 539 692 984 631 897 859 925 291 221 343 608 564 383 891 112 502 753 240 552 317 323
1017 976 538 144 541 435 808 940 918 650 893 175 774 660 704 842 95 566 450 0 1187 40 840 1067 912 1021 983 1206 662 652 428 756 883 754 1015 542 76 1072 671 834 748 754
559 507 875 1074 794 969 745 463 311 889 338 1048 1056 1049 1092 651 1254 769 955 1187 0 1181 541 563 318 564 467 92 756 1040 1141 648 457 691 419 845 1143 341 1059 444 980 1142
1010 970 532 138 535 444 802 934 912 644 887 169 768 654 698 836 104 560 444 40 1181 0 834 1061 906 1015 977 1200 656 646 422 750 877 748 1009 536 70 1066 664 827 742 748
323 464 443 751 363 537 358 296 274 675 249 725 876 835 878 504 874 337 741 863 541 857 0 419 268 328 289 561 542 826 817 138 277 477 321 631 820 429 845 264 800 928
367 729 647 955 566 741 298 561 473 968 499 928 1168 1127 1171 769 1078 541 1034 1067 563 1061 419 0 479 372 276 582 835 1119 1021 430 542 770 228 923 1024 643 1138 529 1093 1221
436 370 601 800 521 696 472 202 161 614 155 773 815 774 818 410 979 496 680 912 318 906 268 479 0 440 384 337 481 766 866 374 183 416 336 570 869 332 784 169 740 868
28 636 601 909 521 696 370 469 447 881 422 883 1081 1040 1084 677 1033 495 947 1021 564 1015 328 372 440 0 144 583 748 1032 975 368 449 683 176 836 978 601 1051 436 1006 1134
139 597 562 870 482 657 331 430 378 842 383 844 1043 1002 1045 638 994 457 908 983 467 977 289 276 384 144 0 487 709 993 937 329 411 644 80 798 939 548 1012 397 967 1095
578 548 894 1094 814 989 764 496 331 908 357 1067 1096 1068 1112 692 1273 788 974 1206 92 1200 561 582 337 583 487 0 775 1060 1160 667 477 710 438 864 1163 382 1078 463 1021 1162
743 403 486 550 488 454 718 419 488 275 463 523 449 434 478 270 729 495 340 662 756 656 542 835 481 748 709 775 0 426 548 458 362 181 741 230 619 551 445 382 373 528
1027 649 619 553 621 561 888 755 772 322 747 526 209 94 140 516 732 647 333 665 1040 659 826 1119 766 1032 993 1060 426 0 401 743 699 506 1025 247 622 823 107 687 182 190
970 862 492 316 495 435 762 877 872 536 847 289 524 409 453 728 495 520 285 428 1141 422 794 1021 866 975 937 1160 548 401 0 710 820 640 969 368 385 1010 420 787 497 503
363 570 359 667 279 454 368 402 381 591 356 641 792 751 795 482 791 253 657 780 648 773 138 430 374 368 329 667 458 743 733 0 383 393 361 547 736 535 761 370 717 845
445 250 573 771 493 668 481 83 189 547 164 744 658 656 751 254 950 467 613 883 457 877 277 542 183 449 411 477 362 699 820 383 0 297 443 503 840 215 717 83 583 801
678 259 536 642 455 546 653 353 422 344 397 615 440 438 570 126 821 430 432 754 691 748 477 770 416 683 644 710 181 506 640 393 297 0 676 322 711 433 537 317 365 586
171 629 594 902 514 689 363 462 329 874 356 876 1075 1034 1077 670 1026 488 940 1015 419 1009 321 228 336 176 80 438 741 1025 969 361 443 676 0 830 971 499 1044 429 999 1127
832 544 429 395 431 389 699 559 576 218 551 369 369 255 299 411 574 457 161 507 845 501 631 923 570 836 798 864 230 247 368 547 503 322 830 0 464 692 265 491 343 349
973 932 495 101 497 437 765 897 875 606 850 132 731 617 660 799 143 523 407 76 1143 70 797 1024 869 978 939 1163 619 608 385 713 840 711 971 499 0 1029 627 790 705 710
596 208 762 960 682 857 632 165 325 661 316 933 757 755 936 352 1139 656 802 1072 341 1066 429 643 332 601 548 382 551 823 1010 535 215 433 499 692 1029 0 903 272 682 904
1046 729 637 572 640 580 907 774 791 403 766 545 289 174 65 596 751 666 352 684 1059 678 845 1138 784 1051 1012 1078 445 107 420 761 717 537 1044 265 641 903 0 706 262 115
431 307 523 721 443 618 467 139 176 536 151 695 678 676 739 274 900 418 602 834 444 827 264 529 169 436 397 463 382 687 787 370 83 317 429 491 790 272 706 0 603 789
1001 508 593 542 595 535 862 640 746 181 721 515 133 114 295 375 721 621 308 654 980 648 800 1093 740 1006 967 1021 373 182 497 717 583 365 999 221 611 682 262 603 0 263
1129 730 721 655 723 663 990 857 874 403 849 628 354 258 82 596 834 749 436 767 1142 761 928 1221 868 1134 1095 1162 528 190 503 845 801 586 1127 349 724 904 115 789 263 0
EOF