NAME : tsp_problem
TYPE : TSP
DIMENSION : 62
EDGE_WEIGHT_TYPE : EXPLICIT
EDGE_WEIGHT_FORMAT : FULL_MATRIX
EDGE_WEIGHT_SECTION
0 596 463 815 1057 1265 650 515 418 709 345 1257 464 960 346 1045 794 99 1134 534 789 642 761 667 518 585 1259 1095 782 630 735 1146 497 1141 330 682 839 58 1156 1030 428 800 1149 804 404 856 933 1087 863 712 959 730 1000 846 964 812 596 701 907 367 905 261
575 0 436 290 797 877 468 199 288 359 422 907 334 701 317 785 355 623 746 486 328 595 411 101 168 123 871 957 342 168 571 1008 450 885 469 635 273 593 1060 641 470 316 878 304 311 290 545 797 424 146 843 380 611 280 847 295 236 484 482 445 555 400
463 442 0 559 639 876 394 453 356 409 149 866 401 550 300 627 539 511 745 110 533 219 371 513 455 523 869 671 526 567 311 722 73 717 163 258 685 500 732 640 94 544 725 548 342 702 544 677 608 558 536 366 610 692 540 556 534 291 566 126 515 383
696 233 557 0 911 812 585 320 410 439 543 1022 455 815 438 899 155 744 681 607 84 716 525 227 289 325 805 1071 245 369 685 1122 571 1000 590 756 343 714 1175 630 592 72 992 59 432 275 570 911 225 181 957 494 636 278 961 50 438 598 507 566 642 521
1063 797 639 911 0 439 917 884 935 504 748 362 981 144 880 67 789 1111 408 565 886 450 430 868 853 890 433 198 711 935 443 249 605 207 763 529 1040 1100 302 427 673 897 199 900 922 1057 368 118 718 913 204 461 397 1047 177 908 1003 394 426 726 301 962
1264 877 876 812 439 0 1036 964 1053 622 985 434 1099 467 1006 451 689 1312 171 802 786 786 549 948 933 970 113 571 714 1015 686 622 842 497 1000 867 1117 1282 674 277 910 797 489 801 1048 1049 358 408 618 955 576 579 294 1052 550 809 1083 623 417 963 393 1089
727 496 303 610 440 669 0 582 599 202 412 659 645 343 544 428 487 775 538 229 584 310 164 567 551 589 662 580 409 633 171 631 269 559 427 350 739 764 681 433 337 595 551 599 585 755 337 470 421 612 444 159 403 746 448 607 702 84 359 390 308 626
515 136 406 395 884 964 497 0 145 445 393 994 191 788 209 872 441 593 833 457 434 566 497 207 65 176 957 1019 429 220 635 1070 421 972 440 606 379 485 1079 728 441 422 964 410 168 396 632 884 511 252 883 467 698 386 887 401 289 548 569 415 641 291
418 226 356 485 853 1054 446 145 0 505 342 1054 77 757 111 841 531 496 923 406 524 515 557 297 147 215 1047 968 519 260 584 1019 370 972 389 555 469 387 1028 818 390 512 964 499 70 485 722 883 600 342 832 527 788 476 836 491 210 497 659 364 701 194
707 359 409 439 504 622 479 445 505 0 465 614 551 407 449 492 317 755 491 335 414 416 117 430 414 452 615 663 239 496 277 715 375 592 512 456 602 725 767 386 443 425 584 429 491 618 290 503 250 475 549 87 356 609 554 436 565 190 231 487 261 532
345 454 149 571 748 985 406 439 342 465 0 975 387 659 286 736 551 393 854 219 545 328 480 525 442 509 978 781 538 554 421 832 183 826 144 368 697 382 841 749 114 556 834 560 328 714 653 786 620 570 645 475 719 704 649 568 520 400 664 51 624 369
1115 767 707 881 203 379 887 853 913 473 816 0 959 231 858 215 758 1163 347 633 855 617 400 838 822 860 372 334 680 904 517 385 673 261 831 698 1010 1134 438 396 741 866 253 870 899 1026 337 172 687 883 340 430 349 1017 313 878 973 454 396 794 271 940
464 271 401 531 899 1099 492 191 77 551 387 1099 0 802 157 887 577 542 968 451 569 560 603 342 193 261 1092 1013 564 228 630 1064 415 1018 434 600 514 433 1074 863 436 558 1010 545 116 531 767 929 646 387 877 572 833 521 882 536 168 543 704 410 747 240
974 701 550 815 144 467 821 787 846 407 659 390 892 0 791 143 692 1022 435 477 789 408 334 772 756 794 460 275 614 838 360 326 517 234 674 487 944 1011 378 330 585 800 226 804 833 960 271 146 621 817 200 364 300 951 205 812 907 298 330 637 205 874
346 289 300 549 798 1006 390 209 111 449 286 998 157 701 0 785 535 424 875 350 530 459 501 360 211 279 999 912 523 323 529 963 314 917 333 499 532 315 972 770 334 541 909 544 98 549 674 828 604 405 776 471 740 539 781 552 289 442 648 309 645 122
1051 785 627 899 67 451 905 872 923 492 736 374 969 143 868 0 777 1099 420 553 874 438 418 856 841 878 445 210 699 923 431 261 593 219 751 517 1028 1088 314 415 661 885 211 888 910 1045 356 130 706 901 216 449 385 1035 189 896 991 382 414 714 289 950
793 351 539 155 789 689 564 438 527 317 551 899 573 692 535 777 0 841 558 589 130 698 402 344 406 442 682 949 122 487 562 1000 553 877 597 738 461 811 1052 507 573 141 869 144 550 393 447 788 102 299 834 372 514 396 839 152 555 475 385 573 519 618
99 674 511 863 1105 1313 698 593 496 757 393 1305 542 1008 424 1093 842 0 1182 582 837 691 809 745 596 663 1307 1143 830 708 783 1194 545 1189 378 730 917 136 1204 1078 477 848 1197 852 482 933 981 1135 912 790 1008 778 1048 924 1012 860 674 749 955 415 953 339
1133 746 745 681 408 171 905 833 922 491 854 488 968 435 875 420 558 1181 0 671 655 655 418 817 802 839 164 539 583 884 555 590 711 466 869 736 986 1151 642 146 779 666 458 670 917 918 227 377 487 824 545 448 256 921 518 678 952 492 286 832 262 958
534 492 110 609 565 802 445 503 406 335 219 792 451 477 350 553 589 582 671 0 584 145 297 563 506 573 795 598 542 618 238 649 76 643 234 185 736 571 658 566 144 595 651 598 392 752 470 603 554 608 462 292 536 743 466 606 584 217 492 197 441 433
735 272 533 84 886 786 559 359 448 414 545 996 494 789 477 874 130 783 655 584 0 693 499 265 328 364 779 1045 219 408 659 1096 547 974 592 732 382 753 1149 604 568 110 966 98 471 314 544 885 199 220 931 469 610 317 935 89 477 572 481 568 616 560
642 601 219 718 450 786 553 612 515 416 328 776 560 408 459 438 698 691 655 145 693 0 378 672 615 682 779 483 623 727 255 534 185 529 343 170 845 680 560 550 253 704 536 707 501 861 491 535 634 717 347 373 520 852 351 715 693 298 549 306 425 542
759 411 371 525 430 549 531 497 557 117 480 541 603 334 501 418 402 807 418 297 499 378 0 482 466 504 542 590 324 548 239 641 337 519 495 418 654 777 694 313 405 510 511 514 543 670 217 430 335 527 476 74 283 661 480 522 617 152 239 458 188 584
646 101 507 227 868 948 539 270 310 430 493 978 355 772 373 856 344 694 817 557 265 666 482 0 239 136 941 1028 413 181 642 1079 521 956 540 706 210 649 1131 712 541 253 949 241 332 227 616 868 414 83 914 451 682 217 918 232 249 555 553 515 626 456
514 105 375 364 853 933 466 65 147 414 362 963 193 756 211 841 410 563 802 426 403 535 466 176 0 178 926 987 398 223 604 1038 390 941 409 574 348 487 1048 697 410 391 933 379 170 364 601 852 480 221 852 436 667 355 856 370 291 517 538 384 610 294
585 123 523 325 890 970 561 176 215 452 509 1000 261 794 279 878 442 663 839 573 364 682 504 136 178 0 964 1050 435 83 664 1101 537 979 556 722 308 555 1153 734 557 352 971 339 238 325 638 890 512 181 936 473 704 315 940 330 152 577 575 531 648 361
1257 871 869 805 433 113 1029 957 1047 615 978 509 1092 460 999 445 682 1305 164 795 779 779 542 941 926 964 0 564 708 1008 679 615 835 491 993 861 1110 1275 667 271 904 790 483 794 1041 1042 352 402 611 948 570 572 288 1045 543 802 1077 617 410 956 386 1082
1095 957 671 1071 198 571 1006 1044 968 663 781 494 1013 275 912 210 949 1143 539 598 1045 483 590 1028 1013 1050 564 0 870 1095 475 93 638 109 796 562 1200 1132 145 587 706 1056 117 1060 954 1217 528 194 878 1073 198 621 541 1207 171 1068 1146 534 586 758 461 995
780 342 526 245 711 714 552 429 518 239 538 821 564 614 523 699 122 828 583 542 219 623 324 413 398 435 708 870 0 480 484 921 540 799 585 663 550 799 974 503 561 230 791 234 541 482 406 710 128 388 756 294 473 485 761 242 548 397 344 561 468 605
630 168 567 369 935 1015 605 220 260 496 554 1045 228 838 323 923 487 708 884 618 408 727 548 181 223 83 1008 1095 480 0 708 1146 582 1023 601 766 353 599 1198 779 602 396 1015 384 282 369 683 934 556 226 980 518 749 360 985 375 102 621 620 576 692 406
735 571 311 685 443 686 646 657 608 277 421 676 653 360 552 431 562 783 555 238 659 255 239 642 626 664 679 475 484 708 0 526 278 521 436 358 814 772 553 450 346 670 529 674 594 830 391 487 496 687 339 234 420 821 344 682 777 159 434 398 325 635
1146 1008 722 1122 249 622 1057 1095 1019 715 832 545 1064 326 963 261 1000 1194 590 649 1096 534 641 1079 1064 1101 615 93 921 1146 526 0 689 160 847 570 1251 1183 88 638 757 1107 168 1111 1005 1268 579 245 929 1124 249 672 592 1258 222 1119 1197 585 637 809 512 1046
497 456 73 573 605 842 408 467 370 375 183 832 415 517 314 593 553 545 711 76 547 185 337 527 469 537 835 638 540 582 278 689 0 684 198 225 700 534 698 606 108 559 691 562 356 716 510 643 594 572 502 332 576 707 506 570 548 257 532 160 481 397
1141 885 717 1000 207 497 1006 972 1013 592 826 420 1059 234 958 219 877 1189 466 643 974 529 519 956 941 979 491 109 799 1023 521 160 684 0 841 607 1129 1178 213 515 752 985 116 989 1000 1145 456 117 806 1001 243 549 468 1136 217 997 1092 514 514 804 390 1040
330 501 163 618 763 1000 453 486 389 512 144 990 434 674 333 751 597 378 869 234 592 343 495 572 488 556 993 796 585 601 436 847 198 841 0 383 744 367 856 764 129 603 849 607 375 761 668 801 667 617 660 490 734 751 664 615 567 415 690 122 639 416
682 641 258 758 529 867 593 652 555 456 368 858 600 487 499 517 738 730 736 185 732 170 418 712 654 722 861 562 663 766 358 570 225 607 383 0 884 719 504 632 293 743 615 747 541 901 573 614 674 757 426 413 602 891 430 755 733 338 613 345 506 582
818 273 679 343 1040 1117 711 442 482 602 665 1151 528 944 546 1028 461 866 986 729 382 838 654 210 411 308 1110 1200 550 353 814 1251 693 1129 712 878 0 822 1304 885 714 370 1121 357 505 106 788 1040 530 200 1086 623 855 97 1090 349 421 727 726 688 798 628
58 565 500 825 1074 1282 666 485 387 725 382 1274 433 977 315 1061 811 136 1151 571 806 680 777 636 487 555 1275 1132 799 599 772 1183 534 1178 367 719 808 0 1193 1046 465 817 1185 820 374 825 950 1104 880 681 996 747 1016 815 1001 828 565 718 924 404 921 230
1156 1060 732 1175 302 674 1067 1125 1028 767 841 597 1074 378 972 314 1052 1204 642 658 1149 560 694 1131 1116 1153 667 145 974 1198 553 88 698 213 856 504 1304 1193 0 690 766 1160 220 1164 1014 1320 631 298 981 1176 301 724 645 1311 274 1172 1206 638 689 819 565 1055
1028 641 640 630 427 277 800 728 818 386 749 537 863 330 770 415 507 1076 146 566 604 550 313 712 697 734 271 587 503 779 450 638 606 515 764 632 885 1046 690 0 674 615 507 619 812 867 122 426 436 757 472 343 151 870 477 627 848 388 181 727 157 853
428 477 94 594 673 910 429 487 390 443 114 900 436 585 334 661 573 477 779 144 568 253 405 548 490 557 904 706 561 602 346 757 108 752 129 293 720 465 766 674 0 579 759 583 376 736 578 712 642 593 570 400 644 727 575 591 568 326 600 92 549 417
723 260 544 72 897 797 570 347 436 425 556 1007 482 800 465 885 141 771 666 595 110 704 510 253 316 352 790 1056 230 396 670 1107 559 985 603 743 370 741 1160 615 579 0 977 86 459 302 555 896 210 208 942 480 621 305 947 77 465 583 492 579 627 548
1149 878 725 992 199 489 998 964 1021 584 834 412 1067 226 965 211 869 1197 458 651 966 536 511 949 933 971 483 117 791 1015 529 168 691 116 849 615 1121 1186 220 507 759 977 0 981 1007 1137 448 109 798 994 251 541 460 1128 224 989 1084 506 507 812 382 1048
710 248 548 59 900 801 574 334 424 429 558 1011 469 804 453 888 144 759 670 598 98 707 514 241 303 339 794 1060 234 384 674 1111 562 989 605 747 357 729 1164 619 583 86 981 0 446 290 559 900 214 196 946 483 625 292 950 65 452 587 496 580 631 535
404 248 342 508 839 1048 432 168 70 491 328 1040 116 743 98 827 554 482 917 392 546 501 543 319 170 238 1041 954 541 282 571 1005 356 958 375 541 491 374 1014 812 376 535 951 522 0 508 716 870 623 364 818 513 782 498 823 513 248 484 681 350 687 180
835 290 696 275 1057 1049 727 458 499 618 682 1167 544 960 562 1045 393 883 918 746 314 855 670 227 427 325 1042 1217 482 369 830 1268 710 1145 729 895 106 838 1320 867 730 302 1137 290 521 0 805 1056 462 216 1102 640 871 113 1107 281 438 744 742 704 814 645
932 545 544 570 368 358 704 632 721 290 653 478 767 271 674 356 447 980 227 470 544 491 217 616 601 638 352 528 406 683 391 579 510 456 668 573 788 950 631 122 578 555 448 559 716 805 0 367 376 661 413 247 92 795 418 567 751 325 85 631 98 757
1101 797 677 911 118 408 917 883 943 503 786 331 989 146 887 130 788 1149 377 603 885 535 430 868 852 890 402 194 710 934 487 245 643 117 801 614 1040 1138 298 426 712 896 109 900 929 1056 367 0 717 913 255 460 379 1047 228 908 1003 425 426 764 301 970
862 420 608 225 718 618 634 507 596 250 620 828 642 621 604 706 102 910 487 554 199 634 335 414 476 512 611 878 128 556 496 929 594 806 667 674 530 880 981 436 642 210 798 214 619 462 376 717 0 368 763 305 443 465 768 222 625 409 314 642 448 687
691 146 552 181 913 955 584 315 355 475 538 1023 400 817 418 901 299 739 824 602 220 711 527 83 284 181 948 1073 388 226 687 1124 566 1001 585 751 200 694 1176 757 586 208 994 196 377 216 661 913 368 0 959 496 727 207 963 187 294 600 598 560 671 501
959 843 536 957 204 576 870 929 832 549 645 499 877 200 776 216 834 1008 545 462 931 347 476 914 898 936 570 198 756 980 339 249 502 243 660 426 1086 996 301 472 570 942 251 946 818 1102 413 255 763 959 0 506 442 1093 66 954 1010 398 472 623 347 859
729 380 366 494 461 579 500 467 527 87 475 571 572 364 471 449 372 777 448 292 469 373 74 451 436 473 572 621 294 518 234 672 332 549 490 413 623 747 724 343 400 480 541 483 513 640 247 460 305 496 506 0 313 630 511 491 586 147 269 453 218 554
998 611 610 636 397 294 770 698 788 356 719 490 833 300 740 385 514 1046 256 536 610 520 283 682 667 704 288 541 473 749 420 592 576 468 734 602 855 1016 645 151 644 621 460 625 782 871 92 379 443 727 442 313 0 862 447 633 817 358 151 697 127 823
825 280 686 278 1047 1052 718 449 489 609 672 1158 535 951 553 1035 396 873 921 736 317 845 661 217 418 315 1045 1207 485 360 821 1258 700 1136 719 885 97 829 1311 870 721 305 1128 292 512 113 795 1047 465 207 1093 630 862 0 1097 284 428 734 733 695 805 635
964 847 540 961 177 550 875 934 836 554 649 473 882 205 781 189 839 1012 518 466 935 351 480 918 903 940 543 171 761 985 344 222 506 217 664 430 1090 1001 274 477 575 947 224 950 823 1107 418 228 768 963 66 511 447 1097 0 958 1014 403 476 627 351 863
702 239 556 50 908 809 582 326 415 436 549 1019 461 812 444 896 152 750 678 606 89 715 522 232 295 330 802 1068 242 375 682 1119 570 997 596 755 349 720 1172 627 591 77 989 65 438 281 567 908 222 187 954 491 633 284 958 0 443 595 504 571 639 527
596 236 534 438 1003 1083 624 289 210 565 520 1114 168 907 289 991 555 674 952 584 477 693 617 249 291 152 1077 1146 548 102 763 1197 548 1092 567 733 421 565 1206 848 568 465 1084 452 248 438 751 1003 625 294 1010 586 817 428 1014 443 0 676 688 542 761 372
715 484 291 598 394 623 604 570 587 190 400 614 633 298 532 382 475 763 492 217 572 298 152 555 539 577 617 534 397 621 159 585 257 514 415 338 727 752 638 388 326 583 506 587 574 744 325 425 409 600 398 147 358 734 403 595 690 0 347 378 262 614
906 482 566 507 426 417 678 569 659 231 664 536 704 330 648 414 385 954 286 492 481 549 239 553 538 575 410 586 344 620 434 637 532 514 690 613 726 924 689 181 600 492 507 496 681 742 85 426 314 598 472 269 151 733 476 504 688 347 0 653 157 731
367 476 126 593 726 963 428 461 364 487 51 953 410 637 309 714 573 415 832 197 568 306 458 547 464 531 956 758 561 576 398 809 160 804 122 345 720 404 819 727 92 579 812 582 350 736 631 764 642 592 623 453 697 727 627 590 542 378 653 0 602 391
903 555 515 642 301 393 675 641 701 261 624 412 747 205 645 289 519 951 262 441 616 425 188 626 610 648 386 461 468 692 325 512 481 390 639 506 798 921 565 157 549 627 382 631 687 814 98 301 448 671 347 218 127 805 351 639 761 262 157 602 0 728
261 372 383 631 880 1089 473 291 194 532 369 1081 240 784 122 868 618 339 958 433 612 542 584 443 294 361 1082 995 605 406 611 1046 397 999 416 582 615 230 1055 853 417 623 991 627 180 631 757 911 687 488 859 554 823 622 863 635 372 525 731 391 728 0
EOF