NAME : tsp_problem
TYPE : TSP
DIMENSION : 32
EDGE_WEIGHT_TYPE : EXPLICIT
EDGE_WEIGHT_FORMAT : FULL_MATRIX
EDGE_WEIGHT_SECTION
0 268 635 477 681 676 256 753 507 637 523 499 539 354 371 272 673 645 368 521 240 508 541 530 333 345 329 651 807 349 444 649
268 0 856 699 901 896 101 973 729 857 744 721 414 576 430 118 895 865 450 743 352 450 761 752 415 200 269 872 1027 489 360 869
636 856 0 496 187 74 844 367 442 421 201 411 1018 419 564 861 355 413 618 428 547 947 441 301 772 892 875 413 422 491 944 420
477 699 496 0 655 542 687 762 120 649 533 136 978 164 309 617 436 657 733 135 509 947 627 255 772 637 621 663 816 618 689 660
681 901 187 655 0 142 890 336 602 390 247 571 1064 578 724 906 514 381 664 588 593 993 482 461 818 988 972 382 390 537 1082 388
676 896 74 542 142 0 884 331 488 385 242 457 1058 465 610 901 401 376 658 474 588 988 476 347 813 938 922 377 385 532 990 383
256 101 844 687 890 884 0 961 717 845 732 709 426 564 418 106 883 853 438 731 341 462 749 740 403 188 257 860 1015 477 371 857
753 973 376 733 336 331 961 0 679 326 318 648 1135 656 802 978 592 318 735 666 664 1058 418 539 883 1060 1044 319 93 608 1153 325
507 729 442 120 602 488 717 711 0 599 482 150 1008 193 339 647 383 607 739 105 539 977 576 202 802 666 650 613 766 612 719 610
637 857 346 648 390 385 845 326 595 0 234 564 1019 549 695 862 508 60 530 581 549 769 129 454 595 944 928 61 272 441 1037 67
605 834 155 458 315 201 822 389 405 443 0 373 1039 381 527 834 317 434 639 391 569 969 463 264 794 854 838 435 443 513 906 441
499 721 411 136 571 457 709 680 150 567 451 0 1000 186 331 639 352 575 708 136 531 969 545 171 794 659 642 582 735 581 711 579
359 234 857 798 903 898 246 974 828 859 745 820 0 675 628 319 904 867 451 842 354 338 762 762 397 305 470 873 1029 490 444 870
354 576 419 164 578 465 564 662 193 549 433 186 854 0 186 494 359 557 610 207 386 824 527 217 649 513 497 564 717 494 566 561
371 430 564 309 724 610 418 808 339 695 579 331 807 186 0 348 505 703 627 353 403 776 673 363 602 367 351 709 862 512 437 706
272 118 860 617 906 901 106 978 647 862 748 639 498 494 348 0 813 870 454 661 357 535 766 670 420 118 187 876 1032 494 301 873
677 906 538 304 697 584 894 807 214 694 578 245 1159 377 523 831 0 702 834 201 688 1127 672 297 952 850 834 708 861 707 903 705
645 865 337 640 381 376 853 318 586 60 225 555 1027 557 703 870 499 0 538 573 557 777 137 446 603 952 936 52 264 449 1045 59
368 450 618 733 664 658 438 735 739 530 506 708 612 610 627 454 740 538 0 725 268 452 434 598 277 536 521 544 765 162 636 542
521 743 428 135 588 474 731 697 105 585 468 136 1022 207 353 661 369 593 725 0 553 991 562 188 816 681 664 599 752 598 733 596
240 352 547 509 593 588 341 664 539 549 435 531 515 386 403 357 595 557 268 553 0 482 452 452 307 439 424 563 719 260 538 560
508 450 947 947 993 988 462 1058 977 769 835 969 495 824 776 535 1033 777 452 991 482 0 673 890 201 521 661 783 1004 491 660 780
541 761 437 627 482 476 749 418 576 129 325 545 923 527 673 766 578 137 434 562 452 673 0 435 498 848 832 144 364 344 941 141
440 670 301 255 461 347 658 570 202 458 341 171 923 217 363 670 242 466 598 188 452 890 435 0 715 690 674 472 625 471 742 469
333 415 772 772 818 813 403 883 802 595 660 794 558 649 602 420 858 603 277 816 307 201 498 715 0 502 487 609 829 316 601 606
345 200 892 637 988 938 188 1060 666 944 830 659 484 513 367 118 833 952 536 681 439 521 848 690 502 0 206 958 1114 576 293 955
329 269 875 621 972 922 257 1044 650 928 815 642 649 497 351 187 816 936 521 664 424 661 832 674 487 206 0 943 1098 560 152 940
651 872 338 641 382 377 860 319 587 61 226 556 1034 564 709 876 500 52 544 573 563 783 144 446 609 958 943 0 265 455 1052 59
807 1027 430 787 390 385 1015 93 734 272 373 703 1190 710 856 1032 646 264 765 720 719 1004 364 593 829 1114 1098 265 0 663 1207 271
349 489 491 618 537 532 477 608 612 441 379 581 651 494 512 494 614 449 162 598 260 491 344 471 316 576 560 455 663 0 675 452
444 360 944 689 1082 990 371 1153 719 1037 924 711 624 566 437 301 885 1045 636 733 538 660 941 742 601 293 152 1052 1207 675 0 1049
649 869 344 647 388 383 857 325 593 67 232 562 1031 561 706 873 506 59 542 579 560 780 141 453 606 955 940 59 271 452 1049 0
EOF