NAME : tsp_problem
TYPE : TSP
DIMENSION : 36
EDGE_WEIGHT_TYPE : EXPLICIT
EDGE_WEIGHT_FORMAT : FULL_MATRIX
EDGE_WEIGHT_SECTION
0 144 491 498 578 559 275 437 366 587 227 484 371 890 289 423 471 634 672 81 630 353 679 676 706 560 548 260 688 118 517 558 597 254 705 525
144 0 423 383 509 491 206 410 464 593 109 582 302 951 387 308 569 566 677 179 728 451 740 774 638 492 480 192 619 216 449 656 695 260 637 586
491 423 0 451 594 575 485 549 774 732 377 929 393 1171 697 448 916 362 817 526 985 761 959 1002 293 576 103 538 311 563 325 914 953 479 265 806
498 383 451 0 859 840 295 759 766 942 308 845 652 1303 741 114 833 635 1027 533 997 805 1091 1128 668 841 509 348 650 570 599 1010 1049 611 667 938
578 509 594 859 0 90 641 280 703 291 593 753 251 760 626 788 740 477 375 613 807 591 548 590 553 64 534 626 534 605 389 711 648 444 573 459
559 491 575 840 90 0 622 261 644 231 574 693 232 700 566 770 680 458 315 593 747 531 488 531 534 72 515 607 515 545 370 651 588 384 554 399
275 206 485 295 641 622 0 541 491 724 269 571 434 1083 492 220 558 669 809 310 723 557 871 879 702 623 542 73 683 344 580 762 800 391 701 717
437 410 549 759 280 261 541 0 485 304 493 640 244 773 408 689 627 469 389 435 697 472 561 604 545 262 527 526 527 387 382 625 661 226 565 472
366 464 774 766 703 644 491 485 0 546 548 199 653 771 155 691 186 912 596 330 351 219 559 542 988 686 831 448 969 282 800 424 463 338 988 406
587 593 732 942 291 231 724 304 546 0 676 533 433 540 422 872 521 641 124 586 587 372 328 371 717 273 716 709 699 537 571 491 428 377 738 240
227 109 377 308 593 574 269 493 548 676 0 665 386 1035 471 233 652 561 761 263 811 535 824 858 594 575 434 275 575 299 525 740 779 343 593 670
484 582 929 845 753 693 571 640 199 533 665 0 808 712 310 770 80 1066 583 448 198 267 501 459 1143 735 986 527 1124 437 955 341 380 493 1143 393
371 302 393 652 251 232 434 244 653 433 386 808 0 902 576 582 795 305 518 406 865 641 690 733 381 233 333 419 363 443 188 794 790 359 398 602
890 951 1111 1303 760 700 1083 750 771 540 1035 758 902 0 647 1230 745 1110 472 855 663 596 249 355 1186 742 1169 1065 1168 806 1040 475 412 736 1207 464
289 387 697 741 626 566 492 408 155 422 471 310 576 647 0 666 297 834 471 253 371 95 435 418 911 609 754 449 892 205 723 300 339 261 911 281
423 308 448 114 788 770 220 689 691 872 233 770 582 1230 666 0 757 632 956 458 922 730 1019 1053 665 771 506 273 646 495 596 935 974 539 664 865
471 569 916 833 740 680 558 627 186 521 652 80 795 722 297 757 0 1054 570 435 207 254 510 468 1130 722 973 514 1111 424 942 350 389 480 1130 380
634 566 362 635 477 458 669 469 912 641 561 1066 305 1110 834 632 1054 0 726 670 1123 899 899 941 105 459 302 683 86 706 299 1052 999 623 125 810
672 677 817 1027 375 315 809 389 596 124 761 583 518 472 471 956 570 726 0 671 636 421 352 394 802 358 801 794 784 622 656 515 452 462 822 289
81 179 526 533 613 593 310 435 330 586 263 448 406 855 253 458 435 670 671 0 594 317 643 640 741 595 584 296 723 82 552 523 561 288 741 489
630 728 985 997 801 741 723 697 351 581 811 198 865 676 371 922 207 1123 605 594 0 321 464 388 1199 783 1043 679 1181 546 1011 319 291 550 1200 447
353 451 761 805 591 531 557 472 219 372 535 267 641 596 95 730 254 899 421 317 321 0 385 367 975 574 819 513 956 269 787 250 288 326 975 231
679 740 900 1091 548 488 871 538 559 328 824 546 690 249 435 1019 534 899 352 643 451 385 0 143 975 530 957 853 956 595 828 263 201 524 995 253
676 774 942 1128 590 531 880 580 542 371 858 529 733 355 418 1053 516 941 394 641 374 368 143 0 1017 573 1000 836 999 592 871 187 124 566 1037 295
706 638 293 668 553 534 702 545 988 717 594 1143 381 1186 911 665 1130 105 802 741 1199 975 975 1017 0 535 234 754 79 778 331 1128 1075 694 50 886
560 492 576 841 64 72 623 262 686 273 575 735 233 742 609 771 722 459 358 595 789 574 530 573 535 0 516 608 517 587 371 693 630 427 555 441
548 480 103 509 534 515 542 527 831 716 434 986 333 1185 754 506 973 302 801 584 1043 819 973 1016 234 516 0 595 252 620 266 971 1010 537 206 863
260 192 538 348 626 607 73 526 448 709 275 527 419 1065 449 273 514 683 794 296 679 513 853 836 754 608 595 0 736 301 565 718 757 376 753 700
688 619 311 650 534 515 683 527 969 699 575 1124 363 1168 892 646 1111 86 784 723 1181 956 956 999 79 517 252 736 0 760 313 1109 1056 676 68 868
118 216 563 570 605 545 344 387 282 537 299 437 443 806 205 495 424 706 622 82 546 269 595 592 778 587 620 301 760 0 589 474 513 240 777 441
517 449 325 599 389 370 580 382 800 571 525 955 188 1040 723 596 942 299 656 552 1011 787 828 871 331 371 266 565 313 589 0 940 928 505 331 739
509 607 865 961 680 620 713 576 375 460 691 362 744 570 251 886 349 1003 484 473 207 200 359 317 1079 662 922 669 1060 425 891 0 237 429 1079 326
597 695 953 1049 648 588 801 638 463 428 779 450 790 412 339 974 437 999 452 562 291 289 201 124 1075 630 1010 757 1056 513 928 108 0 517 1095 353
254 260 479 611 444 384 391 226 338 377 343 493 359 736 261 539 480 623 462 288 550 326 524 566 694 427 537 376 676 240 505 479 517 0 694 370
705 637 265 667 573 554 701 565 988 738 593 1143 398 1207 911 664 1130 125 822 741 1200 975 995 1037 50 555 206 753 68 777 331 1128 1095 694 0 906
534 540 679 889 536 476 671 317 583 468 623 738 486 937 506 819 725 744 553 533 795 570 726 768 820 518 737 656 801 484 633 723 762 324 840 0
EOF