NAME : tsp_problem
TYPE : TSP
DIMENSION : 28
EDGE_WEIGHT_TYPE : EXPLICIT
EDGE_WEIGHT_FORMAT : FULL_MATRIX
EDGE_WEIGHT_SECTION
0 490 569 403 472 350 601 338 339 259 376 255 719 717 872 716 737 572 611 259 300 409 101 413 377 374 666 655
490 0 667 756 647 703 926 188 692 338 298 499 1043 1042 1196 1040 1064 925 964 503 653 762 437 213 299 727 991 499
569 667 0 661 199 735 606 591 746 446 628 670 518 517 723 515 745 776 816 674 706 816 482 503 630 781 671 312
403 756 661 0 504 82 329 604 135 525 642 343 449 448 599 446 341 176 216 283 128 205 439 636 643 170 394 858
472 647 199 504 0 579 464 571 587 426 608 643 430 429 635 427 603 620 659 583 548 657 462 483 610 622 529 473
350 703 735 82 579 0 404 551 81 472 589 289 524 523 674 521 416 251 290 230 75 151 386 619 590 116 468 862
601 977 691 228 549 303 0 825 356 705 863 564 400 398 421 407 173 229 268 504 349 403 637 804 864 391 215 940
338 188 591 604 571 551 850 0 541 187 146 347 968 967 1121 965 938 773 813 351 501 611 286 202 148 576 915 521
339 692 746 135 587 81 456 541 0 462 578 279 576 575 727 574 468 303 343 219 64 109 375 609 580 106 521 851
259 338 446 525 426 472 705 187 462 0 224 268 822 821 975 820 843 694 734 272 422 532 172 290 226 497 770 532
376 298 628 642 608 589 888 146 578 224 0 385 1005 1004 1158 1002 976 811 850 389 539 648 323 290 24 613 952 631
255 499 670 343 643 289 664 347 279 268 385 0 784 783 935 782 676 511 551 90 239 349 203 462 386 314 729 756
719 1043 518 440 430 515 246 968 567 822 1005 775 0 53 252 54 384 441 480 716 561 615 755 879 1006 602 303 793
717 1042 517 439 429 514 245 967 566 821 1004 774 53 0 250 53 382 440 479 715 560 614 754 878 1005 601 301 792
872 1196 723 593 635 668 399 1121 721 975 1158 929 252 250 0 259 405 579 618 869 714 768 908 1032 1160 755 324 997
716 1040 515 441 427 515 247 965 568 820 1002 776 54 53 259 0 385 441 481 716 562 616 752 876 1004 603 310 790
713 1064 745 341 603 416 267 938 468 818 976 676 384 382 405 391 0 216 255 617 462 516 750 901 977 503 118 994
549 925 776 176 620 251 358 773 303 653 811 511 544 542 566 552 216 0 72 452 297 351 585 752 812 338 292 973
588 964 816 216 659 290 398 813 343 692 850 551 584 582 605 591 255 72 0 491 336 390 624 791 852 378 332 1013
259 503 674 283 583 230 605 351 219 272 389 90 725 724 875 722 617 452 491 0 180 289 207 466 390 254 669 760
300 653 706 128 548 75 450 501 64 422 539 239 570 569 720 567 462 297 336 180 0 134 336 569 540 99 514 812
409 762 816 205 657 151 526 611 109 532 648 349 646 645 797 644 516 351 390 289 134 0 446 679 650 74 591 921
101 437 482 439 462 386 637 286 375 172 323 203 755 754 908 752 773 608 647 207 336 446 0 326 325 410 702 568
413 213 503 673 483 619 762 202 609 290 290 462 879 878 1032 876 900 842 881 466 569 679 326 0 292 644 827 383
377 299 630 643 610 590 889 148 580 226 24 386 1006 1005 1160 1004 977 812 852 390 540 650 325 292 0 614 954 633
374 727 781 170 622 116 491 576 106 497 613 314 611 610 762 608 503 338 378 254 99 74 410 644 614 0 556 886
666 991 671 387 529 462 193 915 515 770 952 723 303 301 324 310 118 292 332 663 508 562 702 827 954 550 0 920
655 499 312 858 473 862 855 521 851 532 631 756 793 792 997 790 993 973 1013 760 812 921 568 383 633 886 920 0
EOF