NAME : tsp_problem
TYPE : TSP
DIMENSION : 22
EDGE_WEIGHT_TYPE : EXPLICIT
EDGE_WEIGHT_FORMAT : FULL_MATRIX
EDGE_WEIGHT_SECTION
0 190 752 928 837 588 817 869 677 872 801 240 465 441 822 896 387 607 589 609 689 462
326 0 576 781 660 441 687 692 711 815 654 167 288 264 645 840 467 430 668 432 512 285
752 618 0 547 189 419 454 369 570 582 421 656 747 342 201 606 779 285 706 214 222 742
928 823 547 0 391 383 163 281 496 188 171 861 982 600 377 213 866 696 632 486 633 980
836 702 189 391 0 300 298 213 415 426 265 740 861 426 91 450 785 441 550 275 378 859
588 484 419 383 300 0 289 332 374 418 257 522 643 261 286 442 529 360 445 259 355 640
834 730 454 163 298 289 0 293 367 165 182 768 888 506 283 189 737 602 503 392 540 886
869 734 369 281 213 332 293 0 447 317 234 772 893 459 198 342 817 517 583 307 455 891
677 754 570 496 415 374 367 447 0 353 371 792 913 530 400 299 507 630 174 509 625 910
962 858 582 188 426 418 165 317 353 0 207 896 1016 634 411 70 792 730 492 520 668 1014
801 697 421 171 265 257 182 234 371 207 0 735 855 473 250 232 741 569 507 359 507 853
240 207 656 861 740 522 768 772 792 896 735 0 291 344 726 921 541 505 743 512 588 289
478 393 747 982 861 643 888 893 913 1016 855 291 0 465 846 1041 668 494 870 633 577 41
441 306 342 600 426 261 506 459 530 634 473 344 465 0 412 659 467 199 602 199 278 463
822 688 201 377 91 286 283 198 400 411 250 726 846 412 0 436 771 453 536 261 391 844
941 882 606 213 450 442 189 342 299 70 232 921 1041 659 436 0 771 755 437 545 692 1039
387 490 779 866 785 529 737 817 507 792 741 541 700 467 771 771 0 633 419 620 715 697
603 469 285 696 441 360 602 517 630 730 569 505 494 199 453 755 633 0 702 294 114 489
589 692 706 632 550 445 503 583 174 492 507 743 876 602 536 437 419 702 0 600 696 874
608 474 214 486 275 259 392 307 509 520 359 512 633 199 261 545 620 294 600 0 232 631
686 552 222 633 378 355 540 455 625 668 507 588 577 278 391 692 715 114 696 232 0 572
476 391 742 980 859 640 886 891 910 1014 853 289 41 463 844 1039 666 489 867 631 572 0
EOF