NAME : tsp_problem
TYPE : TSP
DIMENSION : 28
EDGE_WEIGHT_TYPE : EXPLICIT
EDGE_WEIGHT_FORMAT : FULL_MATRIX
EDGE_WEIGHT_SECTION
0 160 446 376 664 386 415 1035 588 930 723 89 233 996 417 855 395 786 479 161 744 351 708 940 549 517 511 384
160 0 462 502 702 325 406 1139 601 946 739 220 230 1100 428 871 522 803 495 100 760 368 747 982 675 603 528 323
446 462 0 632 401 438 393 806 268 612 405 448 649 768 396 537 475 379 194 403 337 188 445 648 494 859 104 436
552 639 680 0 659 708 663 1007 836 1029 866 612 575 968 665 1014 367 983 638 618 940 599 704 912 521 343 745 705
686 702 401 687 0 730 685 495 560 520 356 688 750 456 688 523 330 494 269 643 451 480 103 383 242 885 466 728
311 325 438 536 730 0 126 1167 321 974 767 313 514 1129 148 899 556 651 523 267 699 369 775 1010 709 763 451 43
391 406 393 615 685 126 0 1122 276 929 722 393 594 1084 103 855 520 606 479 347 654 324 730 965 673 842 406 124
1074 1139 806 1035 495 1167 1122 0 936 387 606 1125 1098 70 1125 454 678 677 706 1080 574 917 490 213 537 1233 754 1165
586 601 268 789 560 321 276 936 0 742 535 588 789 898 278 667 634 419 353 542 467 330 604 778 653 1016 219 318
930 946 612 1041 520 974 929 387 742 0 413 932 1104 348 932 258 714 481 513 887 378 724 455 228 599 1268 560 972
572 588 286 683 356 616 571 606 445 413 0 574 745 568 574 372 436 341 155 529 299 366 291 448 454 910 278 614
211 165 391 437 631 331 360 1068 533 875 668 0 353 1029 362 800 456 731 424 106 689 296 676 910 610 664 456 329
233 230 650 439 727 514 594 1098 789 1044 881 293 0 1059 616 1029 458 990 653 288 947 555 772 1003 612 540 715 511
1036 1100 768 997 456 1129 1084 70 898 348 568 1086 1059 0 1086 415 640 638 667 1042 535 878 451 174 498 1195 716 1126
413 428 396 618 688 148 103 1125 278 932 725 416 616 1086 0 857 522 609 481 369 656 327 733 967 676 845 409 146
855 871 537 966 523 899 855 454 667 258 373 857 1029 415 857 0 717 406 438 812 303 649 458 295 658 1193 485 897
435 522 475 396 330 565 520 678 634 714 551 495 458 640 522 717 0 689 343 475 646 457 375 584 192 594 540 562
786 803 379 936 494 651 606 677 419 481 343 788 990 638 609 406 689 0 407 744 254 528 429 518 629 1163 327 649
479 495 194 590 269 523 479 706 353 513 305 481 653 667 481 438 343 407 0 436 365 273 314 548 362 817 259 521
218 100 403 449 643 267 347 1080 542 887 680 226 288 1042 369 812 469 744 436 0 701 309 688 923 622 661 469 264
744 760 337 893 451 699 654 574 467 378 300 746 947 535 656 303 646 254 365 701 0 485 387 415 586 1120 284 696
351 368 188 552 480 369 324 917 330 724 517 353 555 878 327 649 457 528 273 309 485 0 525 759 573 779 253 367
731 747 445 732 103 775 730 490 604 455 291 733 795 451 733 458 375 429 314 688 387 525 0 378 237 930 439 773
965 982 648 941 383 1010 965 213 778 228 448 967 1003 174 967 295 584 518 548 923 415 759 378 0 425 1139 595 1007
588 675 494 549 242 718 673 537 653 599 491 648 612 498 676 658 192 629 362 628 586 573 237 425 0 747 559 716
517 603 859 603 885 874 842 1233 1016 1208 1045 577 540 1195 845 1193 594 1163 817 648 1120 779 930 1139 747 0 924 871
511 528 104 697 466 451 406 754 219 560 353 513 715 716 409 485 540 327 259 469 284 253 439 595 559 924 0 448
308 323 436 534 728 43 124 1165 318 972 765 311 511 1126 146 897 554 649 521 264 696 367 773 1007 707 761 448 0
EOF
