NAME : tsp_problem
TYPE : TSP
DIMENSION : 32
EDGE_WEIGHT_TYPE : EXPLICIT
EDGE_WEIGHT_FORMAT : FULL_MATRIX
EDGE_WEIGHT_SECTION
0 637 95 1043 415 1014 813 1058 300 977 453 220 943 596 957 1035 566 183 911 662 725 399 689 456 1118 234 1030 984 472 587 489 855
637 0 691 552 286 553 322 515 380 575 228 810 453 486 466 634 353 636 421 59 183 348 146 584 583 555 539 481 277 276 410 454
95 691 0 1096 468 1039 866 1111 353 1002 507 172 997 547 1010 1060 554 192 965 715 779 452 742 509 1172 287 1083 1037 526 641 478 881
1043 552 1096 0 743 460 260 136 785 557 633 1215 270 777 283 601 758 1041 237 576 422 753 419 1072 108 961 50 178 682 764 815 525
415 286 468 743 0 744 514 725 157 716 192 588 644 507 658 774 401 413 612 311 374 255 338 358 793 333 731 684 325 236 346 595
954 553 1007 447 745 0 262 462 718 302 604 1051 244 521 257 235 596 922 255 577 423 592 420 1077 523 932 434 388 520 795 653 270
813 322 866 260 514 280 0 276 555 327 403 986 161 547 174 386 528 811 129 346 192 523 189 846 336 731 248 201 452 564 585 295
1058 515 1111 136 725 475 276 0 800 572 648 1231 285 792 298 616 773 1056 253 494 437 769 435 966 150 976 123 134 697 659 830 540
300 380 353 785 157 756 555 800 0 719 195 451 686 415 699 777 329 277 653 404 468 163 431 452 860 253 772 726 236 330 253 598
1047 705 1056 808 846 521 578 823 811 0 697 1068 671 538 684 477 636 960 677 730 576 684 573 1178 884 1025 795 749 613 947 693 312
453 228 507 633 192 604 403 648 195 567 0 626 534 386 547 626 252 452 502 252 316 248 279 524 709 371 620 574 177 402 309 446
220 810 172 1215 588 1051 986 1231 451 1014 626 0 1116 559 1130 1072 566 204 1084 835 898 521 862 631 1291 408 1203 1156 594 760 490 893
943 453 997 270 644 244 161 285 686 452 534 1116 0 672 67 385 659 942 65 477 323 654 320 976 345 861 257 211 583 694 716 420
596 486 547 783 507 521 553 798 415 484 386 559 672 0 685 543 291 452 652 510 551 353 538 802 859 647 770 724 282 680 226 363
957 466 1010 283 658 257 174 298 699 465 547 1130 67 685 0 398 672 955 78 490 336 667 333 990 359 875 270 224 596 708 729 433
976 634 1029 588 774 235 402 603 739 323 626 1072 385 543 398 0 618 943 396 658 504 613 501 1106 663 953 575 529 542 876 674 291
566 353 554 758 401 619 528 773 329 582 252 566 659 291 672 641 0 459 627 377 441 219 404 717 834 562 745 699 148 594 120 461
183 636 192 1041 413 943 811 1056 277 906 452 204 942 452 955 965 459 0 910 660 724 367 687 456 1117 234 1028 982 440 586 382 785
911 421 965 237 612 255 129 253 653 426 502 1084 65 646 78 396 627 910 0 445 291 622 288 944 313 829 225 178 551 662 683 394
662 59 715 576 311 577 346 494 404 600 252 835 477 510 490 658 377 660 445 0 207 372 170 564 562 580 564 460 301 256 434 479
725 183 779 422 374 423 192 437 468 446 316 898 323 551 336 504 441 724 291 207 0 436 50 706 498 643 409 363 365 424 498 325
399 348 452 753 255 681 523 769 163 644 248 521 654 353 667 703 219 367 622 372 436 0 400 550 829 395 741 694 144 428 257 523
689 146 742 419 338 420 189 435 431 443 279 862 320 538 333 501 404 687 288 170 50 400 0 670 495 607 407 360 328 388 461 322
456 584 509 1072 358 1076 846 966 452 1048 524 631 976 802 990 1106 717 456 944 564 706 550 670 0 1034 336 1059 932 623 337 640 927
1118 583 1172 108 793 536 336 150 860 633 709 1291 345 853 359 677 834 1117 313 562 498 829 495 1034 0 1036 120 254 758 727 890 601
234 555 287 961 333 932 731 976 253 895 371 408 861 647 875 953 562 234 829 580 643 395 607 336 1036 0 948 902 468 505 485 773
1030 539 1083 50 731 448 248 123 772 544 620 1203 257 764 270 588 745 1028 225 564 409 741 407 1059 120 948 0 165 669 751 802 513
984 481 1037 178 684 401 201 134 726 498 574 1156 211 718 224 542 699 982 178 460 363 694 360 932 254 902 165 0 623 624 756 466
472 277 526 682 325 610 452 697 236 573 177 594 583 282 596 632 148 440 551 301 365 144 328 623 758 468 669 623 0 501 205 452
587 276 641 764 236 795 564 659 330 817 402 760 694 680 708 876 594 586 662 256 424 428 388 337 727 505 751 624 501 0 518 696
489 410 478 815 346 676 585 830 253 639 309 490 716 226 729 698 120 382 683 434 498 257 461 640 890 485 802 756 205 518 0 518
796 454 849 557 595 270 327 572 560 233 446 893 420 363 433 291 438 764 426 479 325 433 322 927 633 773 544 498 362 696 495 0
EOF