NAME : tsp_problem
TYPE : TSP
DIMENSION : 24
EDGE_WEIGHT_TYPE : EXPLICIT
EDGE_WEIGHT_FORMAT : FULL_MATRIX
EDGE_WEIGHT_SECTION
0 588 961 749 200 405 786 972 1047 514 574 230 804 597 143 615 529 335 232 183 626 420 467 261
588 0 570 625 613 668 316 581 700 611 413 591 388 100 637 120 122 552 603 605 630 300 347 631
961 570 0 378 782 641 414 83 203 493 865 967 213 631 1014 651 575 941 809 982 438 752 799 731
749 625 378 0 569 429 570 326 342 280 745 755 369 686 802 705 629 729 597 769 226 697 744 519
200 613 782 569 0 225 716 793 867 335 599 382 628 639 295 657 554 488 92 335 446 551 598 81
405 668 641 429 225 0 714 652 727 194 696 587 577 729 500 749 651 590 297 540 286 648 695 174
786 316 414 570 716 714 0 425 544 629 611 789 319 377 836 397 321 750 739 803 575 498 545 677
972 581 83 326 793 652 425 0 150 504 876 978 224 642 1025 662 586 952 820 993 449 763 810 742
1047 700 203 342 867 727 544 150 0 578 996 1053 343 762 1100 781 705 1027 895 1067 523 883 929 816
514 611 493 280 335 194 629 504 578 0 675 610 428 672 609 691 615 583 399 624 157 627 674 284
620 343 460 399 444 443 389 471 590 385 0 626 301 404 672 423 347 599 467 640 404 525 572 406
230 585 967 755 382 587 783 978 1053 610 577 0 810 585 126 603 526 185 415 94 721 408 440 444
804 388 213 369 628 577 319 224 343 428 684 810 0 450 856 469 393 783 651 824 373 571 617 590
613 100 631 686 639 729 377 642 762 672 439 617 450 0 663 111 184 552 629 631 691 300 347 692
143 609 992 779 295 500 807 1003 1077 609 601 126 834 609 0 627 550 231 328 79 721 432 479 356
632 120 651 705 657 749 397 662 781 691 457 635 469 111 681 0 203 570 647 649 710 318 365 712
529 122 575 629 554 651 321 586 705 615 354 532 393 184 579 203 0 493 545 546 634 241 288 614
335 552 941 729 488 590 750 952 1027 583 550 185 783 552 231 570 493 0 483 199 695 375 296 549
232 603 809 597 92 297 739 820 895 399 589 415 651 629 328 647 545 483 0 368 511 541 588 153
183 599 982 769 335 540 797 993 1067 624 591 94 824 599 79 617 540 199 368 0 735 422 454 396
626 630 438 226 446 286 575 449 523 157 750 721 373 691 721 710 634 695 511 735 0 702 748 395
792 412 943 964 818 915 689 954 1073 894 618 795 761 366 842 323 495 731 808 810 968 0 526 878
572 347 799 744 598 695 545 810 929 674 398 426 617 347 473 365 288 296 588 441 748 170 0 658
261 631 731 519 81 174 677 742 816 284 659 444 590 692 356 712 614 549 153 396 395 611 658 0
EOF