NAME : tsp_problem
TYPE : TSP
DIMENSION : 54
EDGE_WEIGHT_TYPE : EXPLICIT
EDGE_WEIGHT_FORMAT : FULL_MATRIX
EDGE_WEIGHT_SECTION
0 604 100 647 1003 624 836 949 264 884 784 100 748 262 141 763 485 441 562 752 426 287 925 896 137 463 865 252 210 376 354 629 531 787 415 814 232 711 649 890 815 876 250 941 154 862 900 825 321 264 420 288 659 625
604 0 625 83 482 271 298 429 399 364 246 669 227 380 711 430 393 577 74 478 471 374 405 697 526 434 327 800 461 420 399 355 305 454 460 293 439 204 310 691 345 677 792 671 723 342 379 304 869 609 465 836 121 670
100 625 0 668 1025 645 857 971 285 906 805 103 769 293 145 830 551 401 583 818 447 354 947 962 204 529 887 256 276 397 375 695 597 853 436 835 298 732 715 956 881 942 316 1007 157 884 921 846 325 330 441 291 680 586
647 83 668 0 535 313 341 481 442 416 289 712 279 423 753 482 445 620 117 530 514 417 457 749 568 486 370 843 504 463 442 407 357 506 502 345 481 247 362 743 397 729 835 724 766 394 431 356 912 651 507 879 164 712
1003 482 1025 535 0 527 324 80 799 341 370 1069 345 779 1110 498 650 976 526 606 922 773 250 839 925 691 292 1200 860 872 850 587 562 522 911 270 838 457 574 833 395 819 1191 799 1123 459 192 422 1269 894 916 1235 505 1058
624 271 645 313 527 0 243 532 392 599 190 689 464 453 730 667 633 562 228 718 454 447 375 936 599 631 272 820 534 394 381 595 545 691 442 528 512 118 550 930 582 916 818 911 743 579 421 541 889 682 447 856 196 562
836 298 857 341 324 243 0 329 604 396 86 901 261 612 943 464 492 774 306 537 666 606 171 755 758 533 91 1032 693 606 594 454 404 488 654 325 671 173 409 750 379 735 1024 730 955 376 218 338 1101 735 659 1068 220 774
949 429 971 481 80 532 329 0 745 287 375 1015 291 725 1056 444 596 922 472 552 868 719 196 785 871 637 298 1146 806 818 796 533 508 468 857 216 784 463 520 779 341 765 1137 745 1069 405 138 368 1215 840 862 1181 510 1064
264 399 285 442 799 392 604 745 0 680 552 329 543 177 370 717 548 237 357 705 194 341 721 923 302 526 634 460 279 143 122 582 532 740 183 609 301 479 537 917 661 903 457 898 383 658 695 620 529 426 188 495 454 393
884 364 906 416 341 599 396 287 680 0 442 950 226 660 991 262 525 857 407 370 804 654 263 667 806 566 364 1081 741 753 731 462 437 252 792 104 719 529 455 661 159 617 1072 563 1004 338 238 300 1150 769 797 1116 453 1002
784 246 805 289 370 190 86 375 552 442 0 849 307 560 890 510 477 722 254 562 614 554 217 780 705 517 115 980 641 554 541 439 389 534 602 371 618 121 394 774 425 760 972 755 903 422 264 384 1049 720 607 1016 168 722
100 669 103 712 1069 689 901 1015 329 950 849 0 813 328 116 829 551 422 627 818 491 353 991 961 203 529 931 227 276 441 419 695 597 853 480 879 298 776 714 956 881 941 316 1007 128 928 965 890 296 330 485 262 724 607
771 360 837 413 415 600 459 361 677 294 444 837 0 605 878 247 349 854 404 319 800 566 337 538 669 390 438 989 653 750 728 286 261 270 789 225 631 532 331 532 161 518 918 513 891 158 311 120 1058 592 794 1025 450 999
262 380 293 423 779 453 612 725 177 660 560 328 523 0 369 687 409 355 337 675 340 202 701 819 300 386 641 468 278 289 268 552 454 711 329 589 267 491 517 813 642 799 456 864 382 638 675 601 537 424 334 504 434 539
141 711 145 753 1110 730 943 1056 370 991 890 116 854 369 0 871 593 414 668 859 525 395 1032 1003 245 570 972 220 317 482 460 736 638 895 512 920 339 818 756 997 922 983 329 1048 121 969 1006 931 289 371 519 255 765 600
763 430 830 483 485 670 529 431 717 262 514 829 293 597 871 0 342 894 474 186 870 558 407 483 661 382 508 982 645 820 798 278 253 54 859 261 623 602 323 478 130 434 911 379 883 291 381 253 1051 585 864 1017 520 1069
485 393 551 445 657 633 492 603 548 525 477 551 401 409 593 342 0 726 436 330 711 303 579 537 383 104 521 704 391 660 638 207 109 365 699 467 368 564 227 531 393 517 633 523 605 516 553 478 773 307 704 739 483 909
441 577 401 620 976 562 774 922 237 857 722 422 721 355 414 894 726 0 535 883 155 519 898 1101 479 703 804 384 457 313 206 760 709 918 142 787 479 649 714 1095 839 1081 493 1076 324 836 873 798 453 603 149 419 632 230
562 74 583 117 526 228 306 472 357 407 254 627 270 337 668 473 436 535 0 521 429 332 438 740 483 477 336 758 419 378 356 398 348 497 417 336 396 212 353 734 388 720 750 715 681 385 422 347 827 566 422 794 129 627
752 478 818 530 592 718 577 538 705 370 562 818 400 585 859 186 330 883 521 0 867 546 514 335 650 370 607 970 634 816 795 266 242 210 855 368 611 649 312 329 238 285 899 231 872 398 489 361 1039 573 860 1006 568 1065
426 471 447 514 922 454 666 868 194 804 614 491 667 340 525 870 711 155 429 867 0 504 798 1085 464 688 695 495 442 205 97 744 694 894 35 733 464 541 699 1079 785 1065 604 1060 435 782 819 744 563 588 40 530 526 249
287 374 354 417 773 447 606 719 341 654 554 353 518 202 395 581 303 519 332 570 504 0 695 714 185 281 635 506 121 453 432 447 349 605 492 583 99 485 466 708 633 694 452 759 407 632 670 595 575 288 497 541 429 702
903 382 924 434 250 375 171 196 698 263 217 968 244 679 1010 420 550 876 425 520 798 673 0 739 825 591 140 1099 760 738 725 487 462 444 786 192 738 305 473 733 317 719 1091 714 1022 359 86 321 1168 793 791 1135 352 906
896 698 962 750 890 938 797 836 925 667 782 961 697 805 1003 483 537 1102 741 335 1087 714 812 0 794 472 826 1114 801 1036 1014 401 462 507 1075 666 778 869 532 74 535 71 1043 136 1015 696 786 658 1183 717 1080 1149 788 1285
137 526 204 568 925 599 758 871 302 806 705 203 669 300 245 661 383 479 483 650 464 185 847 794 0 361 787 356 108 413 392 527 429 685 453 735 130 637 547 788 713 774 302 839 257 784 821 746 425 162 458 391 580 663
463 434 529 486 697 631 533 643 526 566 517 529 442 386 570 382 104 703 477 370 688 281 619 472 361 0 562 681 368 637 616 246 150 406 677 507 346 605 267 466 434 452 610 517 583 556 594 519 750 284 682 717 523 887
865 327 887 370 292 272 91 298 634 364 115 931 229 641 972 433 521 804 336 505 695 635 140 724 787 562 0 1062 722 635 623 472 433 456 684 294 700 202 439 718 347 704 1054 699 985 344 187 306 1131 765 689 1097 250 803
252 800 256 843 1200 820 1032 1146 460 1081 980 227 944 468 220 982 704 384 758 970 495 506 1122 1114 356 681 1062 0 428 572 545 847 749 1006 482 1010 451 907 867 1108 1033 1094 281 1159 130 1059 1096 1021 105 482 488 72 855 569
210 461 276 504 860 534 693 806 279 741 641 276 605 278 317 669 391 457 419 657 442 121 782 801 108 368 722 428 0 391 369 534 436 693 430 671 66 572 554 795 720 781 375 846 330 720 757 682 497 210 435 464 516 640
376 420 397 463 872 394 606 818 143 753 554 441 616 289 482 819 660 313 378 816 205 453 738 1034 413 637 635 572 391 0 133 693 643 843 193 682 413 481 648 1029 734 1014 569 1009 495 731 768 693 641 537 198 607 475 291
354 399 375 442 850 381 594 796 122 731 541 419 595 268 460 798 638 206 356 795 97 432 725 1013 392 616 623 545 369 133 0 672 621 822 86 660 392 468 627 1007 713 993 548 988 473 709 747 672 614 516 91 581 454 300
629 355 695 407 619 595 454 565 582 462 439 695 363 462 736 278 207 760 398 266 744 424 541 401 527 246 484 847 511 693 672 0 119 302 732 429 488 526 189 395 330 381 776 446 749 478 515 440 916 450 737 883 445 943
531 305 597 357 568 545 404 515 532 437 389 597 313 412 638 253 109 709 348 242 694 349 491 460 429 150 433 749 436 643 621 119 0 277 682 379 414 476 138 454 305 440 678 435 651 428 465 390 818 352 687 785 395 892
787 454 853 506 509 694 553 455 740 252 538 853 316 621 895 54 365 918 498 210 894 582 431 507 685 406 532 1006 669 844 822 302 277 0 883 285 647 626 347 501 154 457 935 403 907 315 405 277 1075 609 888 1041 544 1093
415 460 436 502 911 442 654 857 183 792 602 480 655 329 512 859 699 142 417 855 35 492 786 1074 453 677 684 482 430 193 86 732 682 883 0 721 452 529 687 1068 774 1054 591 1049 422 770 807 732 551 577 29 517 514 236
814 293 835 345 270 528 325 216 609 104 371 879 155 589 920 261 461 787 336 368 733 583 192 649 735 501 294 1010 671 682 660 397 373 285 721 0 648 459 384 643 158 616 1002 562 933 270 167 232 1079 704 726 1045 382 931
232 439 298 481 838 512 671 784 301 719 618 298 582 267 339 646 368 479 396 635 464 99 760 778 130 346 700 451 66 413 392 512 414 670 452 648 0 550 531 773 698 758 397 824 352 697 734 659 520 232 457 486 493 663
711 204 732 247 457 118 173 463 479 529 121 776 394 491 818 598 564 649 212 649 541 485 305 868 637 605 202 907 572 481 468 526 476 622 529 459 550 0 481 862 513 848 903 843 830 509 352 472 976 720 534 943 127 649
505 486 569 528 885 559 718 831 453 766 665 571 629 314 612 760 482 631 443 748 615 275 807 892 426 459 747 724 362 565 543 625 527 784 604 695 340 597 0 886 747 872 693 937 625 744 781 706 793 510 609 759 540 814
890 692 956 744 884 932 791 830 919 661 776 956 691 799 997 478 531 1096 735 329 1081 708 806 74 788 466 821 1108 795 1030 1009 395 456 501 1069 660 773 863 526 0 529 65 1037 130 1010 690 780 652 1177 711 1074 1144 782 1279
815 345 881 397 395 585 444 341 661 159 429 881 207 642 922 130 393 839 388 238 785 610 317 535 713 434 418 1033 697 735 713 330 305 154 774 158 674 517 375 529 0 485 962 431 935 206 292 168 1102 636 779 1069 435 984
876 678 942 730 840 918 777 786 905 617 762 941 647 785 983 434 517 1082 721 285 1067 694 762 71 774 452 806 1094 781 1016 994 381 442 457 1055 616 758 849 511 65 485 0 1023 86 995 646 736 608 1163 697 1060 1129 768 1265
250 792 316 835 1191 818 1024 1137 457 1072 972 316 936 456 329 911 633 493 750 899 604 452 1113 1043 302 610 1054 281 375 569 548 776 678 935 591 1002 397 903 796 1037 962 1023 0 1088 239 1051 1088 1013 218 429 597 238 847 679
941 671 1007 724 786 911 770 732 898 563 755 1007 593 779 1048 379 523 1076 715 231 1060 740 708 136 839 517 800 1159 827 1009 988 446 435 403 1049 562 805 843 505 130 431 86 1088 0 1061 592 682 554 1228 762 1054 1195 761 1259
154 723 157 766 1123 743 955 1069 383 1004 903 128 867 382 121 883 605 324 681 872 435 407 1045 1015 257 583 985 130 330 495 473 749 651 907 422 933 352 830 768 1010 935 995 239 1061 0 982 1019 944 199 384 429 165 778 510
653 380 719 432 620 619 479 566 606 397 463 719 388 487 760 213 231 784 423 202 768 448 542 420 551 272 508 872 535 718 696 168 143 237 757 396 513 551 213 414 265 400 801 395 773 0 516 388 941 475 762 907 469 967
900 379 921 431 192 421 218 138 695 238 264 965 241 675 1006 395 547 873 422 502 819 670 86 735 821 587 187 1096 757 768 747 483 459 419 807 167 734 352 470 730 292 715 1088 696 1019 356 0 318 1165 790 812 1132 399 953
691 418 757 470 658 657 517 604 644 435 501 757 426 525 798 251 269 822 461 240 806 486 580 458 589 310 546 910 573 756 734 206 181 275 795 434 551 589 251 452 303 438 839 433 811 78 554 0 978 513 800 945 507 1005
321 869 325 912 1269 889 1101 1215 529 1150 1049 296 1013 537 289 1051 773 453 827 1039 563 575 1191 1183 425 750 1131 105 497 641 614 916 818 1075 551 1079 520 976 936 1177 1102 1163 218 1228 199 1128 1165 1090 0 551 557 63 924 638
264 609 330 651 900 682 735 846 426 769 720 330 644 424 371 585 307 603 566 573 588 288 822 717 162 284 765 482 210 537 516 450 352 609 577 710 232 720 470 711 636 697 429 762 384 759 796 721 551 0 582 518 663 787
420 465 441 507 916 447 659 862 188 797 607 485 660 334 519 864 704 149 422 860 40 497 791 1079 458 682 689 488 435 198 91 737 687 888 29 726 457 534 692 1073 779 1059 597 1054 429 775 812 737 557 582 0 524 519 243
288 836 291 879 1235 856 1068 1181 495 1116 1016 262 980 504 255 1017 739 419 794 1006 530 541 1157 1149 391 717 1097 72 464 607 581 883 785 1041 517 1045 486 943 902 1144 1069 1129 238 1195 165 1094 1132 1057 63 518 524 0 891 605
659 121 680 164 505 196 220 510 454 453 168 724 317 434 765 520 483 632 129 568 526 429 352 786 580 523 250 855 516 475 454 445 395 544 514 382 493 127 400 780 435 766 847 761 778 431 399 394 924 663 519 891 0 724
625 670 586 712 1058 562 774 1064 393 1002 722 607 866 539 600 1069 909 230 627 1065 249 702 906 1284 663 887 803 569 640 291 300 943 892 1093 236 931 663 649 897 1278 984 1264 679 1259 510 980 953 943 638 787 243 605 724 0
EOF