NAME : tsp_problem
TYPE : TSP
DIMENSION : 35
EDGE_WEIGHT_TYPE : EXPLICIT
EDGE_WEIGHT_FORMAT : FULL_MATRIX
EDGE_WEIGHT_SECTION
0 374 939 917 278 398 1024 212 999 952 976 306 124 290 592 281 431 562 546 925 852 153 578 509 265 713 652 253 598 594 704 1015 910 216 735
374 0 932 625 589 430 790 255 708 749 774 507 307 601 338 592 534 270 255 634 560 464 681 218 314 458 369 383 702 697 412 781 618 520 663
939 932 0 761 1174 664 729 843 778 553 682 717 938 1122 688 1177 549 863 738 769 710 1049 469 781 825 600 1269 1013 463 458 836 720 754 1113 514
917 625 650 0 1131 664 212 797 130 390 223 765 849 1142 367 1134 596 388 432 56 108 1006 626 475 778 332 872 925 558 554 254 203 41 1062 503
278 589 1174 1131 0 634 1238 447 1214 1166 1190 541 343 211 807 67 667 777 761 1140 1066 170 813 724 501 927 675 276 834 830 918 1229 1125 105 971
398 430 664 664 634 0 771 286 747 699 723 267 416 599 339 637 156 453 326 673 599 509 303 369 236 460 767 491 323 319 455 762 658 572 460
1024 790 742 212 1238 771 0 903 288 359 75 872 956 1249 526 1241 703 553 591 221 273 1113 733 634 885 438 1037 1032 665 661 419 53 206 1169 610
212 255 898 797 447 286 903 0 879 831 856 286 241 442 472 450 391 442 427 805 732 322 537 390 93 593 592 316 558 553 584 895 790 386 695
836 634 570 415 1051 584 383 716 0 312 336 685 769 1062 339 1053 516 514 404 424 361 926 546 447 698 251 972 845 478 473 487 375 409 982 423
952 749 553 390 1166 699 359 831 408 0 311 794 884 1177 454 1169 625 629 519 399 451 1041 655 562 813 366 1087 960 587 583 597 350 384 1097 538
976 774 695 223 1190 723 75 856 241 311 0 824 909 1201 478 1193 656 564 543 232 284 1065 685 586 838 391 1048 984 618 613 430 66 217 1122 563
306 507 717 774 541 267 878 286 857 794 830 0 387 507 555 544 210 668 541 783 709 416 356 584 235 600 845 516 377 373 670 869 768 480 514
124 307 1020 849 343 416 956 241 932 884 909 387 0 355 525 346 513 495 479 858 785 218 659 442 301 646 585 186 680 676 636 948 843 281 760
290 601 1122 1142 211 599 1249 442 1224 1177 1201 507 355 0 817 189 615 789 773 1150 1077 182 761 736 466 938 687 288 782 778 930 1240 1135 245 919
592 338 688 367 807 339 526 472 449 454 478 555 525 817 0 809 444 217 107 375 302 681 571 150 454 163 675 600 506 502 220 517 360 738 419
281 592 1177 1134 67 637 1241 450 1216 1169 1193 544 346 189 809 0 670 779 763 1142 1069 173 816 726 503 930 677 278 837 832 921 1232 1127 108 974
431 534 549 605 667 156 709 391 688 625 662 210 513 615 444 670 0 557 431 614 541 542 188 474 341 431 872 596 208 204 560 701 599 605 345
562 270 863 388 777 453 553 442 471 629 564 668 495 789 217 779 557 0 157 397 323 651 704 120 502 338 518 570 681 677 175 544 382 708 594
546 255 738 432 761 326 591 427 514 519 543 541 479 773 107 763 431 157 0 440 367 636 577 67 440 228 592 554 557 552 223 582 425 692 470
925 634 659 56 1140 673 221 805 138 399 232 774 858 1150 375 1142 605 397 440 0 117 1015 635 483 787 340 881 933 567 562 263 212 49 1071 512
852 560 710 108 1066 599 273 732 191 451 284 709 785 1077 302 1069 541 323 367 117 0 941 593 410 714 270 808 860 528 524 190 264 101 998 441
153 464 1049 1006 170 509 1113 322 1089 1041 1065 416 218 182 681 173 542 651 636 1015 941 0 688 599 376 802 550 151 709 705 793 1104 1000 108 846
578 681 469 658 813 303 762 537 740 655 714 356 659 761 571 816 188 704 577 666 593 688 0 620 487 484 1019 742 112 107 706 753 651 752 398
509 218 781 475 724 369 634 390 557 562 586 584 442 736 150 726 474 120 67 483 410 599 620 0 449 271 555 517 600 595 262 625 468 655 513
265 314 848 778 501 236 885 93 861 813 838 235 301 466 454 503 341 502 440 787 714 376 487 449 0 574 652 376 508 503 570 877 772 439 645
713 458 600 334 927 460 438 593 417 366 391 600 646 938 163 930 431 338 228 343 270 802 484 271 574 0 796 721 419 414 314 430 328 858 332
652 369 1269 872 675 767 1037 592 955 1087 1048 845 585 687 675 677 872 518 592 881 808 550 1019 555 652 796 0 468 1039 1035 659 1028 866 604 1001
253 383 1103 925 276 491 1032 316 1007 960 984 516 186 288 600 278 596 570 554 933 860 151 742 517 376 721 468 0 763 759 712 1023 918 214 836
598 702 463 593 834 323 697 558 676 587 650 377 680 782 506 837 208 681 557 602 528 709 112 600 508 419 1039 763 0 40 655 688 587 772 333
594 697 458 588 830 319 693 553 671 583 645 373 676 778 502 832 204 677 552 597 524 705 107 595 503 414 1035 759 40 0 651 684 582 768 328
704 412 836 254 918 455 419 584 337 597 430 670 636 930 220 921 560 175 223 263 190 793 706 262 570 314 659 712 655 651 0 411 248 849 568
1015 781 734 203 1229 762 53 895 280 350 66 863 948 1240 517 1232 694 544 582 212 264 1104 724 625 877 430 1028 1023 657 652 411 0 197 1161 601
910 618 644 41 1125 658 206 790 123 384 217 759 843 1135 360 1127 590 382 425 49 101 1000 620 468 772 325 866 918 552 547 248 197 0 1056 497
216 520 1113 1062 105 572 1169 386 1145 1097 1122 480 281 245 738 108 605 708 692 1071 998 108 752 655 439 858 604 214 772 768 849 1161 1056 0 909
484 472 843 707 720 231 813 364 789 742 766 446 459 708 382 723 335 495 369 715 642 595 482 412 345 503 810 534 503 498 498 805 700 658 0
EOF
