NAME : tsp_problem
TYPE : TSP
DIMENSION : 42
EDGE_WEIGHT_TYPE : EXPLICIT
EDGE_WEIGHT_FORMAT : FULL_MATRIX
EDGE_WEIGHT_SECTION
0 514 251 845 319 1008 392 432 764 901 435 304 425 959 611 913 902 465 348 458 948 452 663 388 414 166 285 854 669 388 572 403 728 407 653 1025 421 564 473 446 172 397
600 0 489 532 662 552 734 562 377 470 597 708 555 647 358 457 446 296 690 289 518 778 182 626 305 464 689 398 198 714 403 617 513 625 182 672 747 395 232 771 581 304
254 336 0 815 491 830 564 453 680 774 489 320 446 930 618 735 724 487 520 480 821 326 485 209 236 338 338 676 502 262 594 508 750 517 486 957 295 586 295 319 129 419
844 899 815 0 769 517 926 627 368 382 662 952 620 155 279 584 519 440 849 448 430 1103 538 952 741 709 933 526 376 1039 407 682 166 690 390 388 1072 444 669 1097 906 497
360 611 407 769 0 1073 245 188 804 940 155 350 185 884 625 999 988 447 141 455 988 695 725 543 569 224 331 941 709 631 404 122 626 127 693 1064 664 356 629 689 423 436
1034 979 830 517 1096 0 1168 996 306 222 1031 1112 989 521 558 232 139 730 1124 723 261 1119 437 967 646 898 1123 287 416 1054 776 1051 639 1059 430 479 1088 812 573 1112 922 738
447 706 502 926 245 1168 0 345 899 1035 312 423 343 1041 745 1094 1083 599 157 592 1083 775 820 638 664 301 404 1036 804 711 561 279 784 284 788 1159 744 514 724 769 495 531
393 537 440 627 188 996 345 0 727 863 96 500 54 742 483 922 911 305 268 312 911 728 648 576 501 258 480 864 631 664 262 100 484 109 615 975 697 214 561 722 483 307
764 780 697 368 826 306 899 727 0 171 762 872 719 372 288 385 308 460 854 453 219 985 383 833 585 629 853 371 220 921 506 781 370 790 235 330 954 543 513 979 788 469
901 917 833 382 963 222 1035 863 171 0 898 1009 856 387 425 317 224 597 991 590 76 1122 476 970 679 765 990 366 314 1057 643 918 506 926 328 345 1090 680 607 1115 925 605
360 572 407 662 155 1031 312 96 762 898 0 466 89 777 519 957 946 341 235 348 946 695 683 543 536 224 447 899 667 631 297 67 519 76 651 1010 664 249 596 689 450 342
304 618 320 952 350 1112 423 500 872 1009 466 0 497 1067 718 1017 1006 573 379 566 1056 518 767 491 518 274 87 958 777 454 680 433 835 438 761 1133 487 668 577 511 238 505
390 530 437 620 185 989 343 54 719 856 89 497 0 735 476 915 904 298 265 305 904 726 641 574 494 255 478 857 624 661 255 98 477 106 608 968 695 207 554 719 480 300
959 1014 930 155 884 521 1041 742 372 387 777 1067 735 0 394 616 524 555 964 562 434 1218 653 1067 856 824 1048 641 491 1154 522 797 281 805 505 286 1187 558 783 1212 1021 612
610 701 618 279 625 558 745 483 288 425 519 718 476 394 0 484 472 254 701 247 472 906 438 754 567 475 699 426 275 842 263 538 260 547 290 549 875 300 495 900 700 263
951 883 735 584 1022 232 1094 922 385 317 957 1017 915 616 484 0 125 656 1050 649 356 1023 342 872 550 824 1035 191 333 959 702 977 565 985 347 574 992 739 478 1017 826 664
940 872 724 519 1010 139 1083 911 308 224 946 1006 904 524 472 125 0 644 1039 637 263 1012 330 860 539 813 1024 180 321 948 690 965 554 974 336 482 981 727 467 1006 815 653
465 570 487 440 447 730 599 305 460 597 341 573 298 555 254 656 644 0 528 42 644 775 382 623 505 329 554 598 365 711 142 360 298 369 349 721 744 134 432 769 555 117
403 662 458 849 141 1124 157 268 854 991 235 379 265 964 701 1050 1039 528 0 535 1039 731 776 594 620 256 360 992 759 667 484 202 706 207 743 1115 700 436 680 725 451 487
458 563 480 448 455 723 592 312 453 590 348 566 305 562 247 649 637 42 535 0 637 768 375 616 497 322 547 591 358 704 149 367 305 376 342 714 737 141 425 762 548 110
948 964 881 430 1010 261 1083 911 219 76 946 1056 904 434 472 356 263 644 1039 637 0 1169 524 1017 726 813 1037 411 361 1105 690 965 554 974 376 392 1138 727 654 1163 972 653
452 625 326 1103 689 1119 762 742 968 1062 777 518 735 1218 906 1023 1012 775 718 768 1110 0 774 498 524 536 536 965 790 104 882 773 1038 777 774 1246 63 874 584 70 327 707
686 657 509 538 748 437 820 648 383 476 683 791 641 653 438 342 330 382 776 375 524 797 0 645 324 550 775 283 284 733 489 703 519 711 268 678 766 481 252 791 600 390
553 510 336 989 724 928 797 628 854 948 663 618 621 1104 792 833 822 661 753 654 995 290 607 0 346 527 636 775 676 362 768 682 924 691 660 1131 321 760 393 292 428 593
452 384 236 741 598 646 670 501 585 679 536 518 494 856 567 550 539 505 626 497 726 524 324 372 0 400 536 492 407 460 612 556 722 564 391 881 493 604 111 517 327 466
185 436 232 709 228 898 301 296 629 765 331 274 289 824 475 824 813 329 256 322 813 520 550 368 394 0 255 766 533 456 436 311 592 316 517 889 489 428 454 514 275 261
285 636 338 933 331 1123 404 480 853 990 447 87 478 1048 699 1035 1024 554 360 547 1037 536 775 509 536 255 0 976 758 472 661 414 816 419 742 1114 505 649 595 529 256 486
893 825 676 526 963 287 1036 864 371 366 899 958 857 641 426 191 180 598 992 591 411 965 283 813 492 766 976 0 274 901 644 919 507 927 289 624 934 681 420 958 768 606
669 685 592 376 731 416 804 631 220 314 667 777 624 491 275 333 321 365 759 358 361 880 284 728 407 533 758 274 0 816 472 686 357 695 138 516 849 464 335 873 683 373
388 560 262 1039 625 1054 698 678 904 998 713 454 671 1154 842 959 948 711 654 704 1045 104 710 434 460 472 472 901 726 0 818 708 974 713 710 1181 73 810 519 98 263 643
572 678 594 407 404 776 561 262 506 643 297 680 255 522 263 702 690 142 484 149 690 882 489 730 612 436 661 644 472 818 0 317 264 325 456 754 851 77 539 876 662 224
337 589 384 682 122 1051 279 100 781 918 67 433 98 797 538 977 965 360 202 367 965 673 703 521 547 202 414 919 686 608 317 0 539 53 670 1029 641 269 606 666 427 362
727 833 750 166 626 639 784 484 370 506 519 835 477 281 260 565 554 298 706 305 554 1038 519 886 722 592 816 507 357 974 264 539 0 547 371 514 1007 301 649 1031 817 380
346 598 393 690 127 1059 284 109 790 926 76 438 106 805 547 985 974 369 207 376 974 681 711 529 555 210 419 927 695 617 325 53 547 0 679 1038 650 277 615 675 436 370
653 669 576 390 715 430 788 615 235 328 651 761 608 505 290 347 336 349 743 342 376 864 268 712 391 517 742 289 138 800 456 670 371 679 0 530 833 448 319 857 667 358
1025 1041 957 388 1087 479 1159 975 330 345 1010 1133 968 286 549 574 482 721 1115 714 392 1246 678 1094 881 889 1114 624 516 1181 754 1029 514 1038 530 0 1214 791 809 1239 1048 729
421 593 295 1072 658 1088 731 711 937 1031 746 487 704 1187 875 992 981 744 687 737 1078 63 743 467 493 505 505 934 759 73 851 741 1007 746 743 1214 0 843 552 56 296 676
561 670 586 444 356 812 514 214 543 680 249 668 207 558 300 739 727 134 436 141 727 874 481 723 604 426 649 681 464 810 77 269 301 277 448 791 843 0 532 868 651 216
511 444 295 669 658 573 730 561 513 607 596 577 554 783 495 478 467 432 686 425 654 584 252 432 111 460 595 420 335 519 539 615 649 624 319 809 552 532 0 577 386 441
446 618 319 1097 683 1112 755 735 962 1056 771 511 728 1212 900 1017 1006 769 711 762 1103 70 767 491 517 530 529 958 784 98 876 766 1031 771 768 1239 56 868 577 0 321 701
172 428 129 906 409 922 482 522 771 865 525 238 514 1021 700 826 815 555 438 548 912 327 577 301 327 256 256 768 593 263 662 493 818 497 577 1048 296 654 386 321 0 487
397 502 419 497 449 738 531 307 469 605 342 505 300 612 263 664 653 117 487 110 653 707 390 555 466 261 486 606 373 643 224 362 380 370 358 729 676 216 441 701 487 0
EOF