NAME : tsp_problem
TYPE : TSP
DIMENSION : 76
EDGE_WEIGHT_TYPE : EXPLICIT
EDGE_WEIGHT_FORMAT : FULL_MATRIX
EDGE_WEIGHT_SECTION
0 726 239 888 372 706 574 442 365 549 389 411 302 249 315 377 344 651 288 393 311 679 136 380 456 629 666 663 716 388 785 906 666 650 730 664 563 477 742 431 249 412 659 449 798 417 880 685 782 365 617 914 752 463 753 469 391 703 753 874 701 305 681 860 431 693 674 411 366 280 318 430 583 488 936 330
726 0 842 413 657 157 638 398 653 497 1075 1060 985 814 539 487 615 210 972 467 994 204 640 1029 414 154 320 197 153 1086 178 670 192 208 375 330 314 1181 91 378 955 448 324 407 323 897 645 174 168 1070 237 715 146 388 97 382 1081 163 278 208 158 657 186 254 1087 168 184 801 512 674 466 616 576 575 701 624
239 842 0 1004 547 822 748 558 540 719 332 317 243 162 432 493 409 767 229 510 252 796 253 286 572 745 782 779 833 344 901 1022 782 766 846 781 679 441 859 548 214 529 776 566 915 225 997 801 899 329 733 1053 869 580 870 586 339 819 869 991 817 370 798 977 464 810 790 585 482 345 434 605 757 663 1053 394
888 413 1004 0 632 531 613 559 628 471 1160 1222 1127 976 757 652 887 584 1113 668 1136 247 802 1191 788 283 320 572 527 1158 472 534 567 582 227 335 536 1184 466 540 1065 687 377 782 126 1144 509 549 543 1135 612 643 439 763 471 757 1162 537 166 561 533 929 561 547 1090 542 559 775 784 946 628 591 551 550 565 896
372 664 547 632 0 646 227 441 47 202 600 763 610 557 465 377 612 591 597 393 620 605 345 732 517 567 516 604 657 598 723 611 606 590 435 531 501 623 683 431 549 412 572 511 604 725 585 625 723 575 582 566 690 492 694 486 601 643 644 812 641 613 622 798 529 634 615 215 509 588 318 83 236 141 624 621
706 157 822 531 638 0 619 351 634 477 1055 1027 965 705 424 372 500 95 952 352 974 323 620 1009 298 273 311 83 52 1066 297 666 77 93 405 310 198 1161 78 341 934 333 305 292 442 782 640 59 118 1050 122 696 264 273 89 267 1061 48 397 211 43 541 71 259 1067 53 69 781 397 558 446 597 557 556 696 509
574 667 748 613 227 650 0 528 223 206 755 965 812 759 667 578 814 595 798 595 821 586 546 933 719 570 497 607 660 753 726 483 610 594 416 511 504 779 686 508 734 614 553 712 585 926 475 629 727 730 585 362 694 694 697 687 757 647 625 815 645 814 625 802 685 638 618 370 711 790 507 186 91 125 419 823
442 398 558 559 441 351 528 0 434 364 791 776 701 478 259 154 389 296 688 170 710 351 355 744 294 301 338 308 362 802 457 667 311 295 432 336 235 897 387 51 670 189 331 288 470 645 642 330 428 786 262 698 424 269 399 263 797 348 425 521 346 431 327 532 803 339 319 631 286 448 239 484 469 442 698 398
365 660 540 628 47 642 223 434 0 198 596 756 603 550 458 370 605 587 590 386 613 601 338 725 510 563 512 600 653 594 719 607 602 586 431 527 497 619 679 424 542 405 568 504 600 718 581 621 719 571 578 562 686 485 690 479 597 639 640 808 637 606 618 794 525 630 611 211 502 581 311 79 232 137 620 614
549 503 719 471 202 485 206 364 198 0 730 936 787 729 547 456 692 431 774 473 796 444 516 905 597 406 355 443 496 729 562 450 446 430 274 370 340 754 522 344 710 492 412 590 444 896 424 464 562 706 421 480 529 571 533 565 732 483 483 651 480 733 461 637 660 473 454 345 589 750 342 161 215 120 480 701
389 1075 332 1160 600 1055 755 791 596 730 0 483 134 449 664 726 693 1000 130 742 135 1028 485 452 805 978 1015 1012 1065 46 1134 1139 1015 999 963 1014 912 211 1091 780 168 761 1008 798 1133 512 1113 1034 1131 55 966 1095 1101 812 1102 818 49 1052 1102 1223 1050 654 1030 1209 298 1043 1023 494 715 629 667 612 764 670 1152 679
411 1060 317 1222 763 1027 965 776 756 936 483 0 394 434 650 711 562 973 380 727 403 1014 470 308 778 963 1000 985 1038 495 1119 1240 988 971 1064 999 897 593 1064 765 365 746 994 771 1132 295 1214 1006 1104 480 938 1270 1087 785 1075 791 490 1025 1087 1197 1022 523 1003 1195 615 1015 996 802 661 498 652 821 974 879 1271 548
302 985 243 1147 610 965 812 701 603 787 134 394 0 360 575 637 603 910 41 653 54 939 396 363 716 889 926 923 976 146 1044 1165 925 909 990 924 823 311 1002 691 157 672 919 709 1058 423 1140 944 1042 154 876 1152 1012 723 1013 729 141 962 1012 1134 960 565 941 1120 398 953 934 594 626 540 578 668 821 726 1196 589
249 814 162 976 557 705 759 478 550 729 449 434 360 0 315 413 343 650 346 429 369 768 263 403 455 717 754 662 715 460 873 1032 665 649 848 753 651 558 741 467 331 440 748 448 887 191 1007 684 782 446 616 1063 841 462 752 468 456 702 841 875 700 304 680 923 581 693 673 596 365 279 445 615 768 673 1063 328
315 539 432 757 465 424 667 259 458 547 664 650 575 315 0 194 187 369 561 178 584 549 255 618 174 499 535 381 434 676 654 850 384 368 629 534 433 772 460 249 544 159 529 167 668 469 825 403 500 660 335 881 622 181 471 187 671 421 622 594 419 228 399 641 682 411 392 654 84 246 263 523 652 581 881 196
377 487 493 652 377 372 578 154 370 456 726 711 637 413 194 0 274 317 623 55 646 444 291 680 179 393 430 329 382 737 549 760 332 316 524 429 328 832 408 143 606 74 424 172 563 556 734 351 448 721 283 790 517 154 419 148 732 369 517 541 367 315 347 589 738 359 340 566 171 333 174 435 562 493 790 283
344 615 409 887 612 500 814 389 605 692 693 562 603 343 187 274 0 445 590 254 613 679 357 647 250 629 666 457 510 704 755 995 460 444 760 664 512 800 536 379 573 235 659 244 798 316 970 479 577 688 411 1026 723 257 547 264 699 497 753 670 495 76 475 718 711 488 468 690 134 93 410 670 797 728 1026 43
651 210 767 584 591 95 595 296 587 431 1000 973 910 650 369 317 445 0 897 297 920 376 565 954 244 326 364 69 105 1011 350 718 72 56 458 363 143 1106 131 286 880 278 358 237 495 727 693 90 171 995 67 749 317 218 142 212 1006 100 450 264 96 486 87 312 1012 99 80 735 342 504 394 550 536 509 749 454
288 972 229 1134 597 952 798 688 590 774 130 380 41 346 561 623 590 897 0 639 50 925 382 349 702 875 912 909 962 142 1031 1152 912 896 976 911 809 307 988 677 143 658 905 695 1044 409 1126 931 1028 150 863 1138 998 709 999 715 137 949 999 1120 947 551 927 1106 393 939 920 583 612 526 564 655 807 713 1182 576
393 467 510 668 393 352 595 170 386 473 742 727 653 429 178 55 254 297 639 0 662 460 307 696 159 410 447 309 362 753 566 776 312 296 541 445 344 848 388 160 622 79 440 152 579 536 751 331 428 737 263 806 533 134 399 128 749 349 534 521 346 295 327 569 754 339 320 582 151 313 190 451 578 509 807 263
311 994 252 1156 620 974 821 710 613 796 135 403 54 369 584 646 613 920 50 662 0 948 405 372 725 898 935 932 985 133 1053 1174 935 918 999 933 832 299 1011 700 166 681 928 718 1067 432 1149 953 1051 142 885 1161 1021 732 1022 738 137 972 1021 1143 969 574 950 1129 386 962 943 581 635 549 587 678 830 736 1205 598
679 204 796 247 605 323 586 351 601 444 1028 1014 939 768 549 444 679 376 925 460 948 0 593 982 580 75 157 364 319 1040 264 507 358 374 212 171 328 1135 258 332 908 479 213 574 157 935 482 341 335 1024 403 616 231 555 263 549 1035 329 112 353 325 721 353 339 1040 334 351 748 576 738 420 564 524 523 538 688
136 640 253 802 345 620 546 355 338 516 485 470 396 263 255 291 357 565 382 307 405 593 0 439 396 543 580 577 630 496 699 820 580 564 644 578 477 593 656 345 365 326 573 389 712 430 794 599 696 480 531 850 666 403 667 400 492 617 667 788 615 318 595 774 503 607 588 483 306 294 232 403 555 461 850 343
257 924 182 1086 609 904 810 640 602 786 329 333 240 299 514 575 542 849 226 592 249 878 335 0 654 827 864 862 915 340 983 1104 864 848 929 863 762 438 941 630 211 611 858 648 997 362 1079 883 981 326 815 1135 951 662 952 668 336 901 951 1073 899 504 880 1059 460 892 873 647 565 479 517 667 819 725 1135 528
456 414 572 788 517 298 719 294 510 597 805 778 716 455 174 179 250 244 702 159 725 580 396 759 0 530 568 256 309 816 554 900 259 243 662 567 311 912 335 284 685 140 562 41 699 532 875 277 375 800 209 930 522 55 346 61 811 296 654 468 293 291 274 516 823 286 267 706 147 309 315 575 702 633 931 259
629 154 745 283 561 273 541 301 557 400 978 963 889 717 499 393 629 326 875 410 898 75 543 932 530 0 190 313 269 989 213 541 308 324 246 205 277 1084 207 281 858 429 228 523 194 885 516 290 284 973 353 619 181 504 213 498 984 278 148 302 274 670 302 289 990 284 300 704 526 687 369 520 479 478 572 638
666 268 783 320 481 387 462 338 477 321 1010 1000 926 755 536 431 666 405 912 447 935 157 580 969 571 171 0 417 383 1008 327 418 420 404 123 44 314 1033 321 318 895 466 86 564 275 922 392 404 398 985 395 527 295 546 327 540 1011 393 230 416 388 707 416 403 939 398 414 625 563 725 406 440 400 399 449 675
663 197 779 572 604 83 607 308 600 443 1012 985 923 662 381 329 457 69 909 309 932 364 577 966 256 313 352 0 93 1023 337 706 84 68 446 351 156 1118 119 298 892 290 345 249 483 739 681 100 159 1007 79 737 305 230 130 224 1019 88 437 252 84 499 99 300 1024 94 92 747 354 516 406 563 548 522 737 466
716 153 833 527 648 52 629 362 644 487 1065 1038 976 715 434 382 510 105 962 362 985 319 630 1019 309 269 321 93 0 1076 293 676 87 103 415 320 209 1171 74 351 945 343 315 302 438 792 650 69 128 1060 132 706 260 283 85 277 1072 58 392 207 53 552 81 255 1077 63 79 791 407 569 456 607 567 566 706 519
388 1086 344 1158 598 1066 753 802 594 729 46 495 146 460 676 737 704 1011 142 753 133 1040 496 463 816 989 1026 1023 1076 0 1145 1137 1026 1010 961 1025 923 210 1102 791 166 773 1020 810 1131 524 1112 1045 1143 53 977 1093 1113 824 1114 830 47 1063 1113 1234 1061 665 1041 1221 296 1054 1034 492 726 640 678 610 763 668 1150 690
785 178 901 472 716 297 697 457 712 556 1134 1119 1044 873 654 549 755 350 1031 566 1053 264 699 1088 554 213 379 337 293 1145 0 729 332 348 434 389 433 1240 231 437 1014 585 383 547 382 1037 704 314 308 1129 377 775 64 528 237 522 1140 302 337 146 298 797 326 108 1146 308 324 860 652 814 525 675 635 634 760 764
868 657 1022 534 611 776 483 667 607 450 1139 1240 1106 1032 850 760 995 734 1092 776 1115 507 820 1209 900 541 418 746 772 1137 716 0 749 733 337 433 644 1162 710 647 1044 795 474 894 507 1200 57 768 787 1114 724 174 684 875 716 869 1140 781 546 805 777 1036 764 792 1068 777 757 754 892 1054 646 570 482 528 96 1004
666 192 782 567 606 77 610 311 602 446 1015 988 925 665 384 332 460 72 912 312 935 358 580 969 259 308 347 84 87 1026 332 701 0 71 440 345 159 1121 113 301 895 293 340 252 477 742 675 94 153 1010 82 731 300 233 124 227 1021 83 432 246 78 501 102 294 1027 88 95 750 357 519 409 565 551 524 731 469
650 208 766 582 590 93 594 295 586 430 999 971 909 649 368 316 444 56 896 296 918 374 564 953 243 324 362 68 103 1010 348 716 71 0 456 361 142 1105 129 285 879 277 356 236 493 726 691 89 169 994 66 747 315 217 140 211 1005 98 447 262 94 485 86 310 1011 98 79 734 341 502 393 549 535 508 747 453
692 362 846 227 435 481 416 432 431 274 963 1064 930 849 630 525 760 499 916 541 939 212 644 1033 665 246 123 511 477 961 421 337 514 498 0 138 408 987 415 412 868 560 180 658 200 1016 312 498 492 938 489 446 389 640 421 634 965 487 239 510 482 801 510 497 893 492 508 578 657 819 470 394 354 353 368 769
665 267 781 335 480 386 461 337 476 319 1008 999 924 753 534 429 665 404 911 446 934 171 579 968 570 170 44 416 381 1007 326 433 419 403 138 0 313 1032 320 317 894 465 84 563 290 921 407 403 397 983 394 538 293 544 325 538 1010 391 245 415 387 706 415 401 938 397 413 623 562 723 405 439 399 398 463 674
563 314 679 536 501 198 504 235 497 340 912 897 823 651 433 328 512 143 809 344 832 328 477 866 311 277 314 156 209 923 433 644 159 142 408 313 0 1018 235 215 792 345 308 304 447 794 618 177 275 907 134 674 401 285 246 279 919 195 401 368 193 554 174 416 924 186 167 644 409 571 303 460 445 419 674 521
477 1181 441 1184 623 1161 779 897 619 754 211 593 311 558 772 832 800 1106 307 848 299 1135 593 561 912 1084 1068 1118 1171 210 1240 1162 1121 1105 987 1082 1018 0 1197 886 255 867 1114 906 1156 622 1137 1140 1238 206 1072 1118 1207 920 1208 926 213 1158 1196 1329 1156 761 1136 1315 123 1149 1129 534 822 737 773 635 788 693 1176 786
677 91 794 466 609 78 590 349 605 448 1026 1011 937 741 460 408 536 131 923 388 946 258 591 980 335 207 282 119 74 1038 231 637 113 129 376 281 235 1132 0 329 906 369 276 328 377 818 611 95 89 1021 158 667 199 309 24 303 1033 84 331 211 79 578 107 259 1038 89 105 752 433 595 417 568 528 527 667 545
431 378 548 540 431 341 508 51 424 344 780 765 691 467 249 143 379 286 677 160 700 332 345 734 284 281 318 298 351 791 437 647 301 285 412 317 215 886 377 0 660 179 311 277 450 635 622 320 417 775 252 678 404 259 388 253 787 338 405 511 336 420 316 513 792 328 309 620 276 437 228 464 449 423 678 388
249 955 214 1116 549 934 734 670 542 710 168 365 157 331 544 606 573 880 143 622 166 908 365 334 685 858 895 892 945 166 1014 1118 895 879 942 893 792 255 971 660 0 641 888 678 1027 394 1093 914 1011 143 846 1074 981 692 982 698 169 932 982 1103 929 534 910 1089 277 922 903 473 595 509 547 591 744 649 1131 558
412 448 529 687 412 333 614 189 405 492 761 746 672 440 159 74 235 278 658 79 681 479 326 715 140 429 466 290 343 773 585 795 293 277 560 464 345 867 369 179 641 0 459 133 598 517 770 312 409 756 244 825 552 115 380 109 768 330 553 502 328 276 308 550 773 320 301 601 132 294 210 470 597 528 826 244
593 195 710 357 525 314 506 265 521 364 942 928 853 682 463 358 593 332 839 374 862 149 507 896 498 99 199 345 310 954 254 553 347 331 293 197 242 1048 249 246 822 393 0 492 268 849 527 331 326 937 323 583 222 473 254 467 949 320 222 344 316 635 344 330 954 325 342 668 490 652 334 484 444 443 583 602
449 407 566 782 511 292 712 288 504 590 798 771 709 448 167 172 244 237 695 152 718 574 389 752 41 523 562 249 302 810 547 894 252 236 656 561 304 906 328 277 678 133 555 0 693 526 868 271 369 793 203 924 515 49 340 55 805 289 647 462 287 285 268 510 816 280 260 700 141 302 308 569 695 627 924 253
798 323 915 126 604 442 585 470 600 444 1133 1132 1058 887 668 563 798 495 1044 579 1067 157 712 1101 699 194 275 483 438 1131 382 507 477 493 200 290 447 1156 377 450 1027 598 332 693 0 1054 481 459 454 1108 522 616 350 674 382 668 1134 448 76 472 444 840 472 458 1062 453 470 748 695 857 538 563 523 522 537 807
417 897 225 1144 725 782 926 645 718 896 512 295 423 191 469 556 316 727 409 536 432 935 430 463 532 885 922 739 792 524 1037 1200 742 726 1016 920 794 622 818 635 394 517 915 526 1054 0 1174 761 859 509 693 1230 1005 539 829 546 519 779 1009 952 777 278 757 1000 644 770 750 763 416 253 612 783 936 841 1231 302
842 631 997 509 585 750 475 642 581 424 1113 1214 1080 1007 825 734 970 709 1067 751 1089 482 794 1183 875 516 392 721 746 1112 690 57 724 708 312 407 618 1137 685 622 1019 770 449 868 481 1174 0 742 762 1089 699 166 658 849 690 843 1115 756 521 780 752 1011 739 766 1043 751 732 728 867 1028 620 544 474 503 88 979
685 174 801 549 625 59 629 330 621 464 1034 1006 944 684 403 351 479 90 931 331 953 341 599 988 277 290 329 100 69 1045 314 683 94 89 423 327 177 1140 95 320 914 312 322 271 459 761 657 0 135 1029 101 713 282 252 106 246 1040 65 414 229 61 520 89 276 1046 70 87 769 376 537 428 584 570 543 713 488
633 298 750 460 565 417 546 305 561 404 982 967 893 722 503 398 633 372 879 414 902 252 547 936 538 202 238 384 413 994 357 593 387 371 332 237 282 1088 352 285 862 433 232 532 371 889 567 406 0 977 363 623 325 513 357 507 989 423 325 447 419 675 403 433 994 415 395 708 530 692 373 524 484 483 623 642
365 1070 329 1135 575 1050 730 786 571 706 55 480 154 446 660 721 688 995 150 737 142 1024 480 449 800 973 1010 1007 1060 53 1129 1114 1010 994 938 1009 907 206 1086 775 143 756 1003 793 1108 509 1089 1029 1127 0 961 1070 1096 807 1097 813 56 1047 1097 1218 1045 649 1025 1205 273 1038 1018 469 710 624 662 587 739 645 1127 674
617 237 733 612 582 122 585 262 578 421 966 938 876 616 335 283 411 67 863 263 885 403 531 920 209 353 392 79 132 977 377 724 82 66 486 390 134 1072 158 252 846 244 385 203 522 693 699 101 198 961 0 755 345 184 169 178 972 119 477 291 117 452 97 339 978 109 90 725 308 469 384 541 526 500 755 420
900 766 1054 643 566 821 362 699 562 482 1095 1272 1138 1064 882 792 1027 766 1124 808 1147 616 851 1241 932 650 527 778 831 1093 825 174 781 765 446 542 675 1118 819 679 1074 827 584 925 616 1232 166 800 896 1070 756 0 793 907 825 901 1096 818 655 915 816 1068 796 901 1024 809 789 710 924 1086 678 525 361 464 111 1036
752 146 869 439 684 264 665 424 680 523 1101 1087 1012 841 622 517 723 317 998 533 1021 231 666 1055 522 181 346 305 260 1113 64 697 300 315 402 356 401 1207 199 404 981 552 351 515 350 1005 671 282 276 1096 345 742 0 496 204 490 1108 270 304 178 266 764 294 140 1113 276 292 827 620 781 493 643 603 602 728 732
463 388 580 763 492 273 694 269 485 571 812 785 723 462 181 154 257 218 709 134 732 555 403 766 55 504 543 230 283 824 528 875 233 217 637 542 285 920 309 259 692 115 536 49 674 539 849 252 350 807 184 905 496 0 321 49 819 270 628 443 268 299 249 491 830 261 241 681 154 316 289 550 677 608 905 266
688 97 805 471 620 89 601 360 616 459 1037 1023 948 752 471 419 547 142 934 399 957 263 602 991 346 213 294 130 85 1049 237 648 124 140 388 292 246 1143 24 341 917 380 287 340 382 829 622 106 101 1032 169 678 204 321 0 315 1044 95 336 222 90 589 119 270 1049 100 116 763 444 606 429 579 539 538 678 556
469 382 586 757 486 267 687 263 479 565 818 791 729 468 187 148 264 212 715 128 738 549 400 772 61 498 537 224 277 830 522 869 227 211 631 535 279 926 303 253 698 109 530 55 668 546 843 246 344 813 178 899 490 49 315 0 825 264 622 437 262 305 242 485 836 255 235 675 161 322 283 544 671 602 899 272
391 1081 339 1162 601 1061 757 797 597 732 49 490 141 456 671 732 699 1006 137 749 137 1035 492 459 811 984 1021 1019 1072 47 1140 1140 1021 1005 965 1020 919 213 1098 787 169 768 1015 805 1134 519 1115 1040 1138 56 972 1096 1108 819 1109 825 0 1058 1108 1230 1056 661 1037 1216 300 1049 1030 495 722 636 674 613 766 671 1154 685
703 163 819 537 643 48 624 348 639 483 1052 1025 962 702 421 369 497 100 949 349 972 329 617 1006 296 278 317 88 58 1063 302 671 83 98 411 316 195 1158 84 338 932 330 310 289 448 779 646 65 124 1047 119 702 270 270 95 264 1058 0 402 217 49 538 77 265 1064 59 75 787 394 556 446 602 562 561 702 506
753 278 869 166 644 397 625 425 640 483 1102 1087 1012 841 622 517 753 450 999 534 1021 112 667 1056 654 148 230 437 392 1113 337 546 432 447 239 245 401 1196 331 405 982 553 286 647 76 1009 521 414 408 1097 477 655 304 628 336 622 1108 402 0 426 398 794 426 412 1102 408 424 787 650 811 493 603 563 562 577 762
874 208 991 561 806 211 786 521 802 645 1223 1197 1134 875 594 541 670 264 1120 521 1143 353 788 1177 468 302 468 252 207 1234 146 819 246 262 524 478 368 1329 211 511 1103 502 473 462 472 952 793 229 287 1218 291 864 178 443 222 437 1230 217 426 0 213 711 241 77 1235 222 239 949 567 728 614 765 725 724 849 679
701 158 817 533 639 43 620 346 635 478 1050 1022 960 700 419 367 495 96 947 346 969 325 615 1004 293 274 313 84 53 1061 298 667 78 94 407 311 193 1156 79 336 929 328 306 287 444 777 641 61 120 1045 117 697 266 268 90 262 1056 49 398 213 0 536 73 261 1062 54 71 782 392 553 444 598 558 557 698 504
305 657 370 929 613 541 814 431 606 733 654 523 565 304 228 315 76 486 551 295 574 721 318 608 291 670 707 499 552 665 797 1036 501 485 801 706 554 761 578 420 534 276 701 285 840 278 1011 520 618 649 452 1067 764 299 589 305 661 538 794 711 536 0 517 759 672 529 510 651 175 60 451 671 824 729 1067 61
681 186 798 561 622 71 625 327 618 461 1030 1003 941 680 399 347 475 87 927 327 950 353 595 984 274 302 341 99 81 1041 326 695 102 86 435 340 174 1136 107 316 910 308 334 268 472 757 670 89 148 1025 97 725 294 249 119 242 1037 77 426 241 73 517 0 289 1042 82 99 765 372 534 424 581 566 540 726 484
860 254 977 547 792 259 773 532 788 631 1209 1195 1120 923 641 589 718 312 1106 569 1129 339 774 1163 516 289 454 300 255 1221 108 805 294 310 510 464 416 1315 259 513 1089 550 459 510 458 1000 780 276 335 1205 339 850 140 491 270 485 1216 265 412 77 261 759 289 0 1221 270 287 935 615 776 601 751 711 710 836 727
431 1087 464 1090 529 1067 685 803 525 660 298 615 398 581 682 738 711 1012 393 754 386 1040 503 584 823 990 973 1024 1077 296 1146 1068 1027 1011 893 988 924 123 1103 792 277 773 1020 816 1062 644 1043 1046 1144 273 978 1024 1113 830 1114 836 300 1064 1102 1235 1062 672 1042 1221 0 1055 1035 440 733 647 679 541 694 599 1081 696
693 168 810 542 634 53 630 339 630 473 1043 1015 953 693 411 359 488 99 939 339 962 334 607 996 286 284 322 94 63 1054 308 677 88 98 416 321 186 1149 89 328 922 320 316 280 453 770 651 70 129 1038 109 707 276 261 100 255 1049 59 408 222 54 529 82 270 1055 0 80 777 385 546 436 593 568 552 707 497
674 184 790 559 615 69 618 319 611 454 1023 996 934 673 392 340 468 80 920 320 943 351 588 977 267 300 339 92 79 1034 324 693 95 79 433 337 167 1129 105 309 903 301 332 260 470 750 667 87 146 1018 90 723 292 241 116 235 1030 75 424 239 71 510 99 287 1035 80 0 758 365 527 417 574 559 532 724 477
411 807 585 775 215 790 370 631 211 345 494 802 594 596 654 566 690 735 583 582 581 748 483 770 706 710 659 747 800 492 866 754 750 734 578 674 644 534 826 620 473 601 716 700 748 763 728 769 866 469 725 710 833 681 837 675 495 787 787 955 784 651 765 942 440 777 758 0 698 627 507 227 379 285 767 676
366 512 482 784 509 397 711 286 502 589 715 661 626 365 84 171 134 342 612 151 635 576 306 669 147 526 563 354 407 726 652 892 357 341 657 561 409 822 433 276 595 132 556 141 695 416 867 376 474 710 308 922 620 154 444 161 722 394 650 567 392 175 372 615 733 385 365 698 0 192 307 567 694 625 923 143
280 674 345 946 588 558 790 448 581 750 629 498 540 279 246 333 93 504 526 313 549 738 294 583 309 687 724 516 569 640 814 1054 519 502 818 723 571 737 595 437 509 294 718 302 857 253 1028 537 635 624 469 1084 781 316 606 322 636 556 811 728 553 60 534 776 647 546 527 627 192 0 468 646 799 704 1084 79
318 466 434 628 318 449 507 239 311 342 667 652 578 445 263 174 410 394 564 190 587 420 232 621 315 369 406 406 459 678 525 646 409 393 470 405 303 773 485 228 547 210 399 308 538 612 620 428 525 662 384 676 493 289 496 283 674 446 493 614 444 451 424 601 679 436 417 507 307 468 0 376 448 421 676 419
430 623 605 591 83 605 186 484 79 161 612 821 668 615 523 435 670 550 655 451 678 564 403 790 575 526 475 563 616 610 682 570 565 549 394 490 460 635 642 464 591 470 531 569 563 783 544 584 682 587 541 525 649 550 653 544 613 602 603 771 600 671 581 757 541 593 574 227 567 646 376 0 195 100 583 679
583 608 757 551 236 591 91 469 232 215 764 974 821 768 652 562 797 536 807 578 830 524 555 942 702 511 435 548 601 763 667 482 551 535 354 449 445 788 627 449 744 597 491 695 523 936 474 570 668 739 526 361 635 677 638 671 766 588 563 756 586 824 566 743 694 579 559 379 694 799 448 195 0 134 418 806
488 581 663 550 141 564 125 442 137 120 670 879 726 673 581 493 728 509 713 509 736 523 461 848 633 485 434 522 575 668 640 528 524 508 353 449 419 693 601 423 649 528 490 627 522 841 503 543 641 645 500 464 608 608 612 602 671 561 562 730 559 729 540 716 599 552 532 285 625 704 421 100 134 0 522 737
898 688 1053 565 624 806 419 698 620 480 1152 1271 1136 1063 881 790 1026 765 1123 807 1145 538 850 1239 931 572 449 777 802 1150 747 96 780 764 368 463 674 1176 741 678 1075 826 505 924 537 1231 88 799 818 1127 755 111 714 905 746 899 1154 812 577 836 808 1067 795 822 1081 807 788 767 923 1084 676 583 418 522 0 1035
330 624 394 896 621 509 823 398 614 701 679 548 589 328 196 283 43 454 576 263 598 688 343 633 259 638 675 466 519 690 764 1004 469 453 769 673 521 786 545 388 558 244 668 253 807 302 979 488 586 674 420 1034 732 266 556 272 685 506 762 679 504 61 484 727 696 497 477 676 143 79 419 679 806 737 1035 0
EOF