NAME : tsp_problem
TYPE : TSP
DIMENSION : 28
EDGE_WEIGHT_TYPE : EXPLICIT
EDGE_WEIGHT_FORMAT : FULL_MATRIX
EDGE_WEIGHT_SECTION
0 770 779 808 355 513 942 455 495 827 915 692 630 1052 671 433 585 767 989 1128 1183 434 1178 531 759 744 1024 573
770 0 318 145 452 530 313 597 549 347 581 216 605 808 647 513 382 566 528 853 908 560 903 549 85 410 563 362
779 318 0 430 462 496 197 625 514 632 326 133 376 553 460 523 411 338 272 598 653 565 648 578 370 181 307 389
698 145 430 0 380 573 425 504 592 254 693 328 648 920 690 441 289 678 640 965 1020 577 1015 455 99 522 675 269
355 452 462 501 0 248 625 245 266 618 598 374 323 734 364 116 375 450 672 810 866 252 860 322 441 426 707 364
513 530 496 579 248 0 661 456 100 737 541 452 156 650 198 309 505 307 616 734 731 109 722 532 519 370 651 483
942 313 197 425 625 661 0 773 679 627 374 281 541 601 625 686 559 502 321 646 701 730 696 726 365 346 356 538
455 601 625 522 245 456 773 0 474 541 806 523 531 942 572 324 285 658 872 1018 1074 460 1068 109 566 634 907 289
495 549 514 597 266 100 679 474 0 755 560 471 175 668 216 327 523 325 634 752 749 90 741 551 538 388 669 501
840 347 632 254 538 731 627 541 749 0 854 530 806 1081 847 599 308 839 842 1126 1181 735 1176 474 298 683 877 288
915 581 326 693 598 541 374 806 560 854 0 396 422 300 505 659 622 363 165 315 370 611 365 789 634 215 200 600
692 216 133 328 374 452 281 523 471 530 396 0 420 623 503 435 309 381 380 668 723 482 718 476 269 224 414 287
630 605 376 654 323 156 541 531 175 812 422 420 0 539 121 384 580 188 497 614 653 226 645 608 594 251 532 558
1124 808 553 920 816 650 601 1025 668 1081 300 623 539 0 518 877 849 466 392 163 219 720 214 1016 861 442 382 827
671 647 460 695 364 198 625 572 216 853 505 503 121 518 0 425 621 271 580 645 599 267 591 649 636 334 615 599
358 727 736 775 418 404 899 626 386 933 872 649 521 1009 562 0 701 672 946 1084 1095 325 1087 703 716 701 981 679
585 382 411 289 306 499 559 285 517 308 622 309 574 849 615 367 0 607 658 894 950 503 944 219 333 451 693 56
780 566 338 678 473 307 502 681 325 839 363 381 188 466 271 534 607 0 438 555 546 376 538 758 619 212 473 585
989 528 272 640 672 616 321 872 634 842 165 380 497 392 580 733 658 438 0 430 485 685 480 825 580 289 60 636
1187 853 598 965 870 734 646 1078 752 1126 315 668 614 163 645 931 894 555 430 0 93 803 87 1061 905 487 397 872
1204 908 653 1020 897 731 701 1105 749 1181 370 723 653 219 599 958 950 546 485 93 0 800 139 1116 961 543 453 928
434 560 565 608 252 109 730 460 90 767 611 482 226 720 267 313 535 376 685 803 800 0 792 536 549 440 720 513
1196 903 648 1015 889 722 696 1097 741 1176 365 718 645 214 591 950 944 538 480 87 139 792 0 1111 956 537 447 922
531 549 578 455 322 532 726 109 551 474 789 476 608 1016 649 400 219 735 825 1061 1116 536 1111 0 500 617 860 222
742 85 370 99 425 519 365 548 538 298 634 269 594 861 636 485 333 619 580 905 961 549 956 500 0 462 615 313
744 410 181 522 426 370 346 634 388 683 215 224 251 442 334 487 451 212 289 487 543 440 537 617 462 0 324 429
1024 563 307 675 707 651 356 907 669 877 200 414 532 382 615 768 693 473 60 397 453 720 447 860 615 324 0 671
588 362 389 269 284 477 538 289 495 288 600 287 552 827 593 345 56 585 636 872 928 481 922 222 313 429 671 0
EOF