NAME : tsp_problem
TYPE : TSP
DIMENSION : 52
EDGE_WEIGHT_TYPE : EXPLICIT
EDGE_WEIGHT_FORMAT : FULL_MATRIX
EDGE_WEIGHT_SECTION
0 726 488 585 319 784 583 657 207 824 655 777 426 641 725 394 545 166 733 248 660 73 524 510 284 562 470 418 592 649 245 269 665 782 772 650 291 631 439 372 494 435 427 530 671 649 190 113 653 306 653 476
717 0 445 321 656 969 619 543 566 859 729 296 437 319 183 394 333 594 397 518 660 680 323 1101 927 636 941 1016 981 134 528 716 131 242 807 328 618 667 439 1016 1085 688 1047 339 671 774 833 802 498 949 119 947
488 445 0 442 601 662 332 306 489 573 811 550 93 440 499 475 159 448 519 485 742 450 212 724 557 718 564 639 604 368 494 372 384 556 521 449 274 380 520 645 708 312 670 143 753 398 489 572 621 580 372 570
546 397 442 0 484 984 743 693 395 984 494 311 434 85 260 222 483 422 220 346 403 509 267 1027 801 465 885 935 925 392 356 638 408 317 932 93 541 791 181 872 1011 633 945 336 414 808 707 630 277 806 397 892
319 688 601 524 0 975 775 849 168 1016 443 738 539 580 686 332 658 196 672 209 525 282 485 800 574 350 760 708 839 610 206 435 626 743 964 588 404 823 377 645 784 626 718 553 536 840 480 403 592 579 614 767
784 969 662 983 975 0 388 462 863 172 1277 1092 633 981 1040 942 679 823 1061 905 1208 825 806 502 656 1184 351 419 383 892 901 681 908 1097 237 990 649 364 987 701 487 412 572 737 1219 347 634 796 1162 679 896 358
583 619 332 743 775 388 0 111 663 278 1075 848 394 741 735 740 328 622 821 704 1006 624 513 623 456 982 463 538 503 541 701 481 557 794 226 750 449 86 785 543 607 210 569 444 1017 253 433 596 922 478 546 469
657 543 306 693 849 462 111 0 737 351 1076 772 361 691 659 741 252 696 771 750 1007 698 464 697 529 984 537 612 577 465 760 555 481 718 300 700 522 159 786 617 681 284 643 394 1018 326 507 669 872 552 469 543
207 575 489 434 168 863 663 737 0 903 504 626 427 490 574 243 546 84 582 97 509 170 373 688 462 411 648 596 727 498 94 323 514 631 852 499 292 711 288 533 672 514 606 441 520 728 368 291 502 467 502 655
824 859 573 983 1016 172 278 351 903 0 1315 1088 634 981 975 980 568 863 1061 945 1246 865 754 610 696 1223 459 527 490 781 942 721 797 1034 127 990 689 254 1025 784 594 451 679 685 1257 237 674 836 1162 719 786 465
655 855 812 494 443 1279 1076 1078 504 1317 0 777 750 550 725 428 868 531 642 531 121 617 652 1136 909 129 1090 1044 1161 777 541 770 793 782 1265 559 725 1124 347 981 1120 928 1053 720 132 1142 816 739 562 915 781 1096
770 296 550 368 709 1092 848 772 619 1088 782 0 542 372 159 447 562 647 312 571 698 733 375 1154 980 689 994 1069 1034 364 580 769 360 100 1037 381 671 896 477 1069 1138 741 1100 444 709 916 886 855 413 1002 348 1000
426 437 93 434 539 633 394 361 427 634 749 542 0 432 491 414 151 386 511 423 680 388 204 695 521 656 535 610 575 360 432 310 376 548 583 441 212 442 459 610 679 282 641 135 691 459 427 510 613 543 364 541
603 338 383 207 542 924 684 634 452 924 615 252 375 0 200 280 424 480 221 404 546 566 208 986 812 522 826 901 866 333 413 602 349 258 873 34 504 732 325 901 971 574 932 277 557 749 719 688 322 835 338 832
719 183 499 316 657 1040 735 659 568 975 731 159 491 321 0 395 449 595 260 519 647 681 324 1102 928 638 942 1017 982 251 529 717 247 105 924 329 620 783 425 1017 1086 690 1048 392 658 865 835 803 361 951 235 948
394 518 475 262 332 942 740 741 243 980 406 544 414 318 493 0 531 270 410 194 336 356 315 875 648 313 753 783 824 440 204 486 456 550 928 326 389 788 115 720 859 591 792 384 347 805 555 478 330 654 444 759
545 333 159 483 658 679 328 252 546 568 866 562 151 481 449 531 0 506 560 540 797 508 253 810 640 773 650 725 690 255 549 430 271 508 517 489 332 376 576 729 794 397 756 184 808 483 547 630 661 663 259 656
166 603 448 462 196 823 622 696 84 863 531 653 386 518 602 270 506 0 610 125 537 129 400 647 421 438 608 556 687 525 122 282 541 659 811 527 251 670 315 493 632 474 565 469 548 688 328 251 530 427 530 614
733 397 519 220 672 1061 821 771 582 1061 642 312 511 276 260 410 560 610 0 534 551 696 345 1123 949 652 963 1038 1003 464 543 738 461 317 1009 285 641 869 329 1038 1107 710 1069 413 562 886 855 818 143 972 449 969
248 527 485 386 209 905 704 750 97 945 530 577 423 442 525 194 540 125 534 0 461 211 324 729 503 437 690 638 769 449 58 364 465 583 893 451 333 752 239 575 714 556 647 393 471 770 410 333 454 509 454 696
660 770 742 403 525 1208 1006 1007 509 1246 121 685 680 459 633 336 797 537 551 461 0 623 581 1141 915 212 1019 1049 1090 706 470 753 722 690 1195 467 655 1054 256 986 1125 858 1059 650 40 1071 821 744 470 920 711 1025
73 689 450 548 282 825 624 698 170 865 617 739 388 604 688 356 508 129 696 211 623 0 486 554 327 524 514 462 636 611 208 284 627 745 813 613 253 672 401 399 538 476 471 492 634 690 234 157 616 333 616 520
524 325 212 267 485 806 513 464 373 754 650 375 204 265 324 315 253 400 345 324 581 486 0 868 694 558 708 783 748 248 334 483 264 381 702 274 386 561 360 783 852 456 814 106 592 579 600 608 446 717 252 714
510 1101 724 1045 800 502 623 697 688 610 1136 1154 695 1043 1102 875 810 647 1123 729 1141 554 868 0 379 1043 206 137 170 1023 726 499 1039 1159 558 1052 589 602 920 424 72 474 289 799 1152 464 357 522 1134 402 1027 213
284 927 557 840 574 656 456 529 462 696 909 980 521 869 928 648 640 421 949 503 915 327 694 379 0 816 340 287 462 849 500 273 865 985 644 878 386 504 694 183 363 307 297 625 926 521 130 296 908 117 853 346
562 762 719 585 350 1186 984 985 411 1224 129 812 658 641 760 403 775 438 733 438 212 524 559 1043 816 0 997 951 1068 684 448 678 700 817 1172 649 633 1032 438 888 1027 835 960 628 222 1049 723 646 653 822 688 1003
470 941 564 885 760 351 463 537 648 459 1096 994 535 883 942 835 650 608 963 690 1101 514 708 206 340 1003 0 115 160 863 686 460 879 999 407 892 442 451 880 384 191 314 267 638 1112 313 317 482 1064 362 867 41
418 1016 639 960 708 419 538 612 596 527 1044 1069 610 958 1017 783 725 556 1038 638 1049 462 783 137 287 951 115 0 219 938 634 408 954 1074 475 967 497 519 828 332 121 389 197 714 1060 381 265 430 1043 310 942 121
592 981 604 925 839 383 503 577 727 490 1175 1034 575 923 982 884 690 687 1003 769 1150 636 748 170 462 1082 160 219 0 903 765 545 919 1039 438 932 513 482 929 506 154 354 371 679 1161 344 439 604 1104 484 907 166
649 134 368 389 610 892 541 465 498 781 776 364 360 387 251 440 255 525 464 449 706 611 248 1023 849 683 863 938 903 0 459 639 73 309 730 395 541 589 485 938 1007 611 969 261 717 697 756 733 566 872 61 869
245 536 494 395 206 901 701 760 94 942 539 587 432 452 535 204 549 122 543 58 470 208 334 726 500 446 686 634 765 459 0 361 475 592 890 460 330 749 249 571 710 552 644 402 481 766 406 329 463 505 463 693
269 716 372 661 435 681 481 555 323 721 770 769 310 659 717 510 430 282 738 364 776 284 483 499 273 678 460 408 545 639 361 0 654 775 669 667 175 529 555 362 484 332 417 414 787 546 180 282 769 296 643 466
665 131 384 385 626 908 557 481 514 797 791 360 376 383 247 456 271 541 461 465 722 627 264 1039 865 699 879 954 919 73 475 654 0 306 746 392 557 605 501 954 1023 627 985 277 733 712 772 749 562 888 57 885
776 242 556 373 714 1097 794 718 625 1034 788 100 548 378 105 452 508 652 317 576 704 738 381 1159 985 695 999 1074 1039 309 586 775 306 0 982 386 677 842 483 1074 1143 747 1105 449 715 922 892 860 418 1008 294 1005
772 807 521 932 964 237 226 300 852 127 1264 1037 583 930 924 928 517 811 1009 893 1195 813 702 558 644 1171 407 475 438 730 890 669 746 982 0 938 637 202 973 732 542 399 627 633 1206 185 622 784 1110 667 734 413
612 346 392 215 550 933 693 643 461 933 624 261 384 34 209 288 432 488 230 412 554 574 217 995 821 531 835 910 875 342 422 610 358 266 881 0 513 741 333 910 979 583 941 285 565 758 727 696 331 844 346 841
291 618 274 563 404 649 449 522 292 689 739 671 212 561 620 478 332 251 641 333 745 253 386 589 386 646 442 497 513 541 330 175 557 677 637 570 0 497 524 474 573 300 506 316 756 514 292 375 738 408 545 448
631 667 380 791 823 364 86 159 711 254 1123 896 442 789 783 788 376 670 869 752 1054 672 561 602 504 1030 451 519 482 589 749 529 605 842 202 798 497 0 833 591 586 258 617 492 1065 229 481 644 970 526 593 457
439 549 520 181 377 987 785 786 288 1025 347 464 459 237 412 115 576 315 329 239 256 401 360 920 694 358 798 828 869 485 249 531 501 469 973 246 434 833 0 765 904 636 837 429 267 850 600 523 249 699 489 804
372 1016 645 912 645 701 543 617 533 784 981 1069 610 958 1017 720 729 493 1038 575 986 399 783 424 183 888 384 332 506 938 571 362 954 1074 732 967 474 591 765 0 408 395 342 713 997 609 219 385 980 130 942 390
494 1085 708 1029 784 487 607 681 672 594 1120 1138 679 1028 1086 859 794 632 1107 714 1125 538 852 72 363 1027 191 121 154 1007 710 484 1023 1143 542 1036 573 586 904 408 0 458 273 783 1136 448 341 506 1119 386 1011 197
435 688 312 633 626 412 210 284 514 451 927 741 282 631 690 591 397 474 710 556 858 476 456 474 307 834 314 389 354 611 552 332 627 747 399 640 300 258 636 395 458 0 420 386 869 276 284 447 811 330 615 320
427 1047 670 984 718 572 569 643 606 679 1053 1100 641 989 1048 792 756 565 1069 647 1059 471 814 289 297 960 267 197 371 969 644 417 985 1105 627 998 506 617 837 342 273 420 0 745 1070 533 274 440 1052 320 973 273
530 339 143 336 553 737 444 394 441 685 719 444 135 334 392 384 184 469 413 393 650 492 106 799 625 626 638 714 679 261 402 414 277 449 633 342 316 492 429 713 783 386 745 0 661 509 531 614 514 647 266 645
671 781 753 414 536 1219 1017 1018 520 1257 132 696 691 470 644 347 808 548 562 471 40 634 592 1152 926 222 1030 1060 1101 717 481 764 733 701 1206 478 666 1065 267 997 1136 869 1070 661 0 1082 832 755 481 931 722 1036
649 774 398 808 840 347 253 326 728 237 1140 916 459 806 865 805 483 688 886 770 1071 690 579 464 521 1047 313 381 344 697 766 546 712 922 185 815 514 229 850 609 448 276 533 509 1082 0 498 661 987 543 701 319
190 833 489 747 480 634 433 507 368 674 816 886 427 776 835 555 547 328 855 410 821 234 600 357 130 723 317 265 439 756 406 180 772 892 622 784 292 481 600 219 341 284 274 531 832 498 0 202 815 153 760 323
113 811 572 670 403 796 596 669 291 836 739 861 510 726 809 478 630 251 818 333 744 157 608 522 296 646 482 430 604 733 329 282 749 866 784 734 375 644 523 385 506 447 440 614 755 661 202 0 738 318 737 489
653 498 621 277 592 1162 922 872 502 1162 562 413 613 333 361 330 661 530 143 454 470 616 446 1134 908 572 1013 1043 1084 566 463 746 562 418 1110 341 648 970 249 980 1119 811 1052 514 481 987 815 738 0 914 550 1019
306 949 580 846 579 679 478 552 467 719 915 1002 543 892 951 654 663 427 972 509 920 333 717 402 117 822 362 310 484 872 505 296 888 1008 667 901 408 526 699 130 386 330 320 647 931 543 153 318 914 0 876 369
653 119 372 373 614 896 546 469 502 786 780 348 364 371 235 444 259 530 449 454 711 616 252 1027 853 687 867 942 907 61 463 643 57 294 734 380 545 593 489 942 1011 615 973 266 722 701 760 737 550 876 0 873
476 947 570 891 767 358 469 543 655 465 1102 1000 541 889 948 841 656 614 969 696 1108 520 714 213 346 1009 41 121 166 869 693 466 885 1005 413 898 448 457 886 390 197 320 273 645 1119 319 323 489 1070 369 873 0
EOF
