NAME : tsp_problem
TYPE : TSP
DIMENSION : 28
EDGE_WEIGHT_TYPE : EXPLICIT
EDGE_WEIGHT_FORMAT : FULL_MATRIX
EDGE_WEIGHT_SECTION
0 555 572 544 232 321 261 297 454 402 349 577 440 413 606 680 314 441 428 156 783 391 309 869 481 513 358 671
555 0 617 887 718 807 747 299 206 199 795 919 517 859 557 245 463 345 352 641 477 564 794 368 497 855 676 235
572 617 0 496 735 824 520 546 467 624 536 410 240 600 188 647 711 334 308 631 441 261 811 945 158 464 419 638
447 887 496 0 594 683 367 673 737 779 251 127 500 315 638 921 691 603 578 435 891 451 671 1217 542 63 272 911
232 718 735 581 0 130 298 459 616 565 386 613 602 449 769 842 476 603 590 193 945 553 117 1031 643 550 434 833
321 807 824 670 130 0 387 548 705 654 475 702 691 538 858 931 518 692 679 282 1034 642 50 1120 732 639 523 922
222 707 524 311 298 387 0 448 605 554 159 343 391 223 558 812 466 495 469 138 786 343 374 1020 433 279 164 803
297 299 546 680 459 548 488 0 220 145 575 712 447 639 552 505 204 274 281 382 636 494 535 612 427 648 469 496
477 206 467 737 639 728 628 220 0 298 645 769 367 709 473 413 384 195 202 563 550 414 716 537 347 705 526 404
402 199 624 785 565 654 594 145 298 0 681 817 524 745 629 406 310 352 359 488 635 571 641 530 504 754 575 397
349 795 536 251 386 475 159 575 645 681 0 283 408 106 575 829 593 512 486 226 803 360 462 1125 450 219 181 820
479 919 410 127 627 716 400 706 769 811 283 0 532 347 551 953 723 636 610 467 805 484 703 1249 522 95 305 944
440 517 240 500 602 691 391 447 367 524 408 532 0 472 246 551 591 234 208 502 473 126 678 848 120 469 290 542
413 859 600 315 449 538 223 639 709 745 106 347 472 0 639 893 657 575 550 290 866 423 526 1189 514 283 244 884
606 557 188 638 769 858 558 552 473 629 575 551 246 639 0 513 716 339 314 669 307 293 845 811 163 606 457 504
762 245 647 921 925 1014 812 505 413 406 829 953 551 893 513 0 670 388 386 848 433 598 1001 376 531 889 710 64
314 463 711 720 476 518 505 204 384 310 593 752 591 657 716 670 0 438 445 400 800 543 506 776 591 688 510 660
453 345 334 603 616 705 494 274 195 352 512 636 234 575 339 388 438 0 69 539 424 281 692 675 214 572 393 379
428 352 308 578 590 679 469 281 202 359 486 610 208 550 314 386 445 69 0 513 398 255 666 682 188 546 367 377
156 641 635 421 193 282 138 382 539 488 226 454 502 290 669 766 400 527 513 0 868 453 269 954 544 390 274 757
783 477 441 891 945 1034 785 636 550 635 803 805 473 866 307 433 800 424 398 868 0 520 1021 663 417 859 684 424
391 564 261 451 553 642 342 494 414 571 360 484 126 423 293 598 543 281 255 453 520 0 630 895 167 420 241 589
309 794 811 657 117 50 374 535 693 641 462 690 678 526 845 919 506 680 666 269 1021 630 0 1107 720 626 510 910
869 368 945 1217 1031 1120 1060 612 537 530 1125 1249 848 1189 811 376 776 675 682 954 663 895 1107 0 828 1186 1007 367
481 497 158 542 643 732 433 427 347 504 450 522 120 514 163 531 591 214 188 543 417 167 720 828 0 510 331 522
415 855 464 63 563 652 336 642 705 748 219 95 469 283 606 889 659 572 546 403 859 420 639 1186 510 0 241 880
237 676 423 272 399 488 163 463 526 569 181 305 290 244 457 710 481 393 367 274 684 241 475 1007 331 241 0 701
753 235 638 911 915 1004 802 496 404 397 820 944 542 884 504 64 660 379 377 839 424 589 992 367 522 880 701 0
EOF
