NAME : tsp_problem
TYPE : TSP
DIMENSION : 10
EDGE_WEIGHT_TYPE : EXPLICIT
EDGE_WEIGHT_FORMAT : FULL_MATRIX
EDGE_WEIGHT_SECTION
0 958 974 763 1055 864 639 1084 861 121
958 0 649 906 499 255 916 170 1080 1030
973 649 0 394 192 476 610 746 744 1045
761 906 394 0 553 733 373 1004 405 834
1054 499 192 553 0 326 742 597 902 1126
864 255 476 733 326 0 743 380 906 936
639 916 610 373 742 743 0 1014 283 711
1084 170 746 1004 597 380 1014 0 1177 1156
811 1080 744 405 902 906 283 1177 0 883
121 1030 1047 835 1128 936 711 1156 934 0
EOF
