NAME : tsp_problem
TYPE : TSP
DIMENSION : 70
EDGE_WEIGHT_TYPE : EXPLICIT
EDGE_WEIGHT_FORMAT : FULL_MATRIX
EDGE_WEIGHT_SECTION
0 674 406 585 646 664 592 627 865 157 562 648 707 480 512 643 661 174 581 718 399 797 411 461 659 591 650 592 330 159 219 624 135 543 581 783 543 580 691 378 748 624 691 978 176 567 418 221 783 275 406 447 614 667 541 243 368 586 760 617 414 778 302 647 709 177 598 617 602 592
674 0 559 666 619 104 490 559 784 552 171 269 393 609 567 454 560 815 132 124 552 418 577 590 558 638 736 535 528 800 498 626 584 346 564 634 590 396 373 383 691 521 664 477 537 575 719 630 703 612 700 503 546 289 158 601 356 273 687 97 567 400 775 83 331 522 653 303 289 105
406 559 0 213 274 507 878 358 1151 304 637 404 550 765 798 920 947 547 598 561 89 553 697 746 945 877 936 878 615 533 401 251 421 685 209 1063 829 807 423 281 1034 909 319 734 322 195 711 507 1069 604 692 733 344 423 624 184 510 429 1046 562 64 535 676 490 466 425 226 460 445 571
585 659 213 0 91 607 987 291 1260 483 737 476 656 875 907 1020 1056 726 698 636 230 610 806 856 1054 986 1045 987 757 711 563 68 600 795 144 1172 938 916 445 388 1143 1018 136 791 501 130 890 686 1178 783 871 843 277 495 724 362 620 536 1155 663 205 592 855 591 523 586 52 566 552 671
646 613 274 91 0 561 941 245 1214 543 691 430 610 829 861 974 1010 787 652 590 291 564 760 810 1008 940 999 941 711 772 516 51 602 748 105 1126 892 870 399 342 1097 972 77 745 538 117 863 660 1132 757 845 796 231 449 678 423 573 490 1109 616 266 545 916 544 477 540 79 520 506 625
664 104 507 613 567 0 501 507 795 541 182 217 341 620 578 465 571 805 143 189 500 366 587 600 569 649 747 546 539 790 490 574 576 357 511 645 601 407 320 330 702 532 612 541 527 523 730 634 714 623 711 513 493 236 169 549 367 220 698 107 515 347 785 35 279 514 601 251 237 116
592 490 878 987 941 501 0 893 346 613 416 666 790 354 175 193 121 608 397 575 871 815 330 335 119 199 340 96 282 593 551 948 496 260 885 290 151 130 769 696 252 131 986 928 598 897 473 457 264 366 454 232 880 685 403 715 418 670 248 433 886 797 528 480 728 509 975 700 686 408
627 559 358 291 245 507 893 0 1166 505 637 327 562 781 813 920 962 769 598 536 375 399 712 762 960 892 951 893 663 754 469 252 554 701 189 1078 844 822 234 294 1049 924 290 580 490 201 816 612 1084 709 797 749 52 307 624 507 526 442 1061 563 350 381 871 491 312 492 279 472 458 571
865 784 1151 1260 1214 795 346 1166 0 886 709 960 1084 422 372 369 350 881 691 869 1144 1109 499 440 300 312 251 354 554 866 824 1221 768 554 1158 178 360 425 1063 969 163 346 1259 1221 871 1170 544 730 178 638 563 469 1153 979 697 987 700 963 159 727 1159 1090 624 774 1022 782 1248 994 979 702
157 552 304 483 543 541 613 505 886 0 439 525 584 501 533 657 682 298 458 596 297 674 432 482 680 612 671 613 366 284 136 521 172 420 479 798 564 542 569 255 769 644 589 855 73 465 462 258 804 355 443 468 491 545 419 141 245 464 781 495 312 656 427 525 587 160 496 494 480 469
562 171 637 743 697 182 416 637 709 439 0 347 471 496 455 380 486 703 78 256 630 496 464 477 483 534 624 460 416 688 386 704 472 233 642 560 486 322 450 461 617 447 742 608 425 653 607 518 629 500 588 390 623 366 64 545 244 351 613 114 645 477 662 161 409 410 731 381 367 89
648 269 491 525 479 217 666 327 960 525 347 0 325 695 653 630 736 789 308 246 484 186 643 676 734 732 822 711 594 774 474 485 560 499 423 810 684 572 141 314 867 697 524 367 511 434 785 618 879 678 766 589 314 94 334 533 442 204 863 273 499 168 840 201 99 498 513 235 221 281
470 340 613 722 676 351 401 628 696 348 227 516 0 405 363 445 471 611 247 425 606 665 373 386 469 442 533 443 324 596 295 683 380 209 620 586 394 330 619 431 602 433 721 777 333 632 515 426 615 408 496 299 614 535 207 453 152 497 598 283 621 646 571 330 578 318 710 528 514 258
480 609 765 875 829 620 354 781 422 501 496 712 771 0 221 413 387 496 516 694 759 861 218 159 336 211 205 318 169 481 439 835 383 384 773 415 259 350 815 583 303 394 874 1042 486 784 262 345 340 253 281 174 767 731 476 602 340 650 315 552 773 842 342 599 773 397 863 681 666 527
512 567 798 907 861 578 175 813 372 533 455 743 803 221 0 317 208 528 474 652 791 892 250 219 206 138 188 139 201 513 471 868 415 343 805 365 89 254 846 616 278 254 906 1005 518 817 343 377 290 285 362 116 800 762 434 634 347 683 274 510 806 874 423 557 805 429 895 713 699 485
643 454 920 1026 980 465 193 920 369 657 380 630 754 413 317 0 263 659 361 539 913 779 381 394 261 341 482 238 332 644 602 987 546 280 925 219 293 150 734 740 394 175 1025 892 642 936 523 508 299 416 504 307 907 650 367 763 462 634 390 397 928 761 579 444 692 559 1014 664 650 372
661 560 947 1056 1010 571 121 962 350 682 486 736 860 387 208 263 0 677 467 645 940 885 399 368 123 232 345 129 351 662 620 1017 565 329 955 343 184 200 839 765 256 200 1055 997 668 966 509 526 269 435 523 265 949 755 473 784 487 739 252 503 955 866 589 550 798 578 1044 770 756 478
174 815 547 726 787 805 608 769 881 298 703 789 848 496 528 659 677 0 722 859 540 938 427 477 675 607 666 608 345 78 360 765 276 630 722 799 559 596 832 519 764 639 832 1119 317 708 418 363 799 275 422 463 755 808 682 384 509 727 776 758 555 919 303 789 851 318 739 758 744 733
581 132 598 704 658 143 397 598 691 458 78 308 432 516 474 361 467 722 0 217 591 457 483 497 465 545 643 442 435 707 405 665 491 253 602 541 497 303 411 421 598 428 703 569 444 614 626 537 610 519 607 410 584 327 65 564 263 311 594 75 606 438 681 122 370 429 692 342 328 50
718 124 561 668 622 189 575 536 869 596 256 246 396 694 652 539 645 859 217 0 554 395 662 675 643 723 821 620 613 845 545 628 630 431 566 719 675 481 349 385 776 606 667 383 581 577 804 688 788 697 785 588 522 265 243 603 441 275 772 182 569 376 860 168 308 569 656 306 291 190
399 552 89 230 291 500 871 375 1144 297 630 421 543 759 791 913 940 540 591 554 0 570 690 739 938 870 929 871 608 526 394 268 414 678 226 1056 822 800 440 275 1027 902 336 751 315 212 704 500 1062 597 685 726 361 441 617 177 503 422 1039 555 81 552 669 483 483 418 243 453 438 564
797 418 639 597 551 366 815 399 1109 674 496 186 474 844 802 779 885 938 457 395 633 0 792 825 883 881 971 860 743 923 623 557 709 647 495 959 833 721 213 463 1016 846 596 210 660 506 934 767 1028 827 915 738 386 166 483 682 591 353 1012 422 647 55 989 350 127 647 585 384 370 430
411 577 697 806 760 587 330 712 499 432 464 643 702 218 250 381 399 427 483 662 690 792 0 199 397 289 283 330 100 412 370 767 314 352 704 492 281 318 746 515 381 361 805 973 417 716 238 276 418 184 257 185 698 662 444 533 271 581 393 520 705 773 318 567 705 328 794 612 598 494
461 590 746 856 810 600 335 762 440 482 477 693 752 159 219 394 368 477 497 675 739 842 199 0 355 230 224 299 150 462 420 816 364 365 754 434 250 331 796 564 322 375 855 1023 467 765 281 326 359 234 300 154 748 712 457 583 321 631 334 533 754 823 361 580 754 377 844 662 647 507
659 558 945 1054 1008 569 119 960 300 680 483 734 858 336 206 261 123 675 465 643 938 883 397 355 0 227 294 127 349 660 618 1015 563 327 953 293 182 198 837 763 206 198 1053 995 665 964 458 524 218 433 477 263 947 753 471 782 485 737 202 501 953 864 538 548 796 576 1042 768 753 476
591 638 877 986 940 649 199 892 312 612 534 815 882 211 138 341 232 607 545 723 870 963 289 230 227 0 178 163 280 592 550 947 494 408 884 305 114 278 918 695 218 279 985 1076 597 896 333 456 231 364 352 195 879 834 513 713 426 762 214 582 885 945 413 629 876 508 974 792 778 556
650 736 936 1045 999 747 340 951 251 671 624 882 941 205 188 482 345 666 643 821 929 1031 283 224 294 178 0 307 340 651 609 1006 554 512 944 373 225 419 985 754 129 420 1044 1174 656 955 327 515 298 424 346 285 938 901 603 773 510 821 141 680 944 1012 407 726 944 567 1033 851 837 654
592 535 878 987 941 546 96 893 354 613 460 711 835 318 139 238 129 608 442 620 871 860 330 299 127 163 307 0 281 593 551 948 495 304 885 334 115 175 814 696 260 175 986 972 598 897 463 457 272 365 453 196 880 730 448 714 427 714 256 478 886 841 528 525 773 509 975 745 730 453
330 528 615 757 711 539 282 663 554 366 416 594 653 169 201 332 351 345 435 613 608 743 100 150 349 280 340 281 0 331 289 718 233 304 656 472 232 269 697 466 437 313 756 924 369 667 210 195 473 103 191 137 650 613 395 452 222 533 449 471 623 725 265 518 656 246 745 563 549 446
159 800 533 711 772 790 593 754 866 284 688 774 833 481 513 644 662 78 707 845 526 923 412 462 660 592 651 593 331 0 345 750 261 615 707 784 544 581 817 504 749 625 817 1104 302 693 404 348 784 261 407 449 740 793 667 369 494 713 761 743 541 904 288 774 836 303 724 743 729 718
219 498 401 563 516 490 551 469 824 136 386 474 533 439 471 602 620 360 405 545 394 623 370 420 618 550 609 551 289 345 0 523 122 367 461 741 502 489 532 219 707 582 561 804 121 472 384 180 742 277 365 406 455 494 365 242 192 413 719 442 409 605 440 474 536 61 550 443 429 416
624 620 251 68 51 567 948 252 1221 521 698 437 617 835 868 981 1017 765 659 596 268 571 767 816 1015 947 1006 948 718 750 523 0 609 755 112 1133 899 877 406 349 1104 979 96 752 540 121 870 666 1139 763 851 803 238 456 685 401 580 496 1116 623 243 552 894 551 484 547 56 527 512 632
135 584 421 600 602 576 496 554 768 172 472 560 619 383 415 546 565 276 491 630 414 709 314 364 563 494 554 495 233 261 122 609 0 453 546 686 446 483 618 304 651 527 647 890 190 558 329 125 687 222 310 351 540 579 451 257 278 498 663 527 429 690 384 560 622 80 613 529 515 502
543 346 685 795 748 357 260 701 554 420 233 522 646 384 343 280 329 630 253 431 678 671 352 365 327 408 512 304 304 615 367 755 453 0 693 421 360 165 625 503 460 291 794 783 406 704 495 479 473 388 476 278 687 541 213 526 225 525 456 289 693 652 550 336 584 391 783 556 541 264
581 558 209 144 105 505 885 189 1158 479 635 374 555 773 805 919 955 722 596 534 226 508 704 754 953 884 944 885 656 707 461 112 546 693 0 1070 836 815 344 286 1041 917 150 690 483 52 808 604 1077 701 789 741 176 394 623 358 518 434 1053 561 201 490 851 489 421 485 132 465 450 569
783 634 1063 1172 1126 645 290 1078 178 798 560 810 934 415 365 219 343 799 541 719 1056 959 492 434 293 305 373 334 472 784 741 1133 686 421 1070 0 353 291 914 881 284 196 1171 1072 783 1082 537 648 109 556 556 447 1064 830 547 904 602 814 280 577 1071 941 617 624 872 699 1160 844 830 552
543 590 829 938 892 601 151 844 360 564 486 766 834 259 89 293 184 559 497 675 822 915 281 250 182 114 225 115 232 544 502 899 446 360 836 353 0 230 870 647 266 231 937 1028 549 848 381 408 278 316 400 147 830 786 465 665 378 713 262 534 837 897 461 580 828 460 926 744 730 508
580 396 807 916 870 407 130 822 425 542 322 572 696 350 254 150 200 596 303 481 800 721 318 331 198 278 419 175 269 581 489 877 483 165 815 291 230 0 675 625 331 161 915 833 528 826 460 445 343 353 441 244 809 591 309 648 347 575 327 339 815 702 516 386 634 496 904 606 592 314
691 373 499 432 386 320 769 234 1063 569 450 141 428 798 757 734 839 833 411 349 516 213 746 779 837 836 926 814 697 818 533 392 618 602 330 914 787 675 0 358 970 801 431 394 554 342 880 676 983 773 861 692 221 120 438 576 546 308 966 376 491 194 935 304 125 556 420 338 324 384
378 383 281 388 342 330 696 294 969 255 461 314 374 583 616 740 765 519 421 385 275 463 515 564 763 695 754 696 466 504 219 349 304 503 286 881 647 625 358 0 852 727 387 644 241 298 566 362 887 459 547 551 281 334 448 265 328 253 864 386 289 445 622 314 376 243 376 284 269 395
748 691 1034 1143 1097 702 252 1049 163 769 617 867 991 303 278 394 256 764 598 776 1027 1016 381 322 206 218 129 260 437 749 707 1104 651 460 1041 284 266 331 970 852 0 331 1142 1128 754 1053 425 613 209 521 444 375 1036 886 604 870 606 871 52 634 1042 997 505 681 929 665 1131 901 887 609
624 521 909 1018 972 532 131 924 346 644 447 697 821 394 254 175 200 639 428 606 902 846 361 375 198 279 420 175 313 625 582 979 527 291 917 196 231 161 801 727 331 0 1017 959 629 928 504 489 276 397 485 288 911 717 434 746 449 701 327 465 917 828 559 511 759 540 1006 731 717 439
691 658 319 136 77 606 986 290 1259 589 736 475 655 874 906 1019 1055 832 697 635 336 609 805 855 1053 985 1044 986 756 817 561 96 647 794 150 1171 937 915 444 387 1142 1017 0 790 583 162 909 705 1177 802 890 842 276 494 723 468 619 535 1154 662 311 591 961 590 522 585 124 565 551 670
978 477 821 778 732 541 928 580 1221 855 608 367 655 1025 983 892 997 1119 569 383 814 210 973 1006 995 1062 1153 972 924 1104 804 739 890 783 676 1072 1014 833 394 644 1128 959 777 0 841 688 1115 948 1141 1008 1096 919 567 347 596 863 772 535 1124 534 829 236 1170 521 308 828 766 565 551 542
176 537 322 501 538 527 598 490 871 73 425 511 570 486 518 642 668 317 444 581 315 660 417 467 665 597 656 598 369 302 121 540 190 406 483 783 549 528 554 241 754 629 583 841 0 483 469 265 790 362 450 454 477 530 404 159 231 449 766 480 330 641 446 510 572 145 514 480 465 455
567 569 195 130 117 517 897 201 1170 465 647 386 566 784 817 930 966 708 608 545 212 520 716 765 964 896 955 897 667 693 472 121 558 704 52 1082 848 826 355 298 1053 928 162 701 483 0 819 615 1088 712 801 752 187 405 634 344 529 445 1065 572 187 501 837 500 433 496 118 476 461 581
418 719 711 890 863 730 473 816 544 462 607 785 844 262 343 523 509 418 626 804 704 934 238 281 458 333 327 463 210 404 384 870 329 495 808 537 381 460 880 566 425 504 909 1115 469 819 0 290 462 198 63 328 802 804 586 548 413 723 437 662 719 915 157 709 846 342 898 754 739 637
221 630 507 686 660 634 457 612 730 258 518 618 677 345 377 508 526 363 537 688 500 767 276 326 524 456 515 457 195 348 180 666 125 479 604 648 408 445 676 362 613 489 705 948 265 615 290 0 648 183 272 313 598 637 497 344 324 556 625 573 515 748 346 617 679 138 694 587 572 548
783 703 1069 1178 1132 714 264 1084 178 804 629 879 1003 340 290 299 269 799 610 788 1062 1028 418 359 218 231 298 272 473 784 742 1139 687 473 1077 109 278 343 983 887 209 276 1177 1141 790 1088 462 648 0 557 481 387 1071 899 616 906 618 883 205 647 1077 1010 542 693 941 700 1166 913 899 621
275 612 604 783 757 623 366 709 638 355 500 678 737 253 285 416 435 275 519 697 597 827 184 234 433 364 424 365 103 261 277 763 222 388 701 556 316 353 773 459 521 397 802 1008 362 712 198 183 557 0 180 221 695 697 479 441 306 616 533 555 612 808 196 602 740 235 791 647 633 530
406 700 692 871 845 711 454 797 563 443 588 766 825 281 362 504 523 422 607 785 685 915 257 300 477 352 346 453 191 407 365 851 310 476 789 556 400 441 861 547 444 485 890 1096 450 801 63 272 481 180 0 309 783 785 567 529 394 705 456 643 700 896 176 690 828 323 879 735 721 618
447 503 733 843 796 513 232 749 469 468 390 679 738 174 116 307 265 463 410 588 726 828 185 154 263 195 285 196 137 449 406 803 351 278 741 447 147 244 782 551 375 288 842 940 454 752 328 313 387 221 309 0 735 698 370 570 283 618 371 446 741 809 383 493 740 364 831 649 634 420
614 546 344 277 231 493 880 52 1153 491 623 314 549 767 800 907 949 755 584 522 361 386 698 748 947 879 938 880 650 740 455 238 540 687 176 1064 830 809 221 281 1036 911 276 567 477 187 802 598 1071 695 783 735 0 293 611 494 512 428 1048 549 336 367 858 477 299 479 265 459 444 557
667 289 510 504 458 236 685 307 979 545 366 94 344 714 673 650 755 808 327 265 503 166 662 695 753 752 842 730 613 793 494 465 579 518 403 830 704 591 120 334 886 717 503 347 530 414 804 637 899 697 785 608 293 0 354 552 462 224 882 292 518 147 860 220 79 517 492 254 240 300
541 158 624 731 684 169 403 624 697 419 64 334 458 476 434 367 473 682 65 243 617 483 444 457 471 513 603 448 395 667 365 691 451 213 629 547 465 309 438 448 604 434 730 596 404 640 586 497 616 479 567 370 611 354 0 524 223 338 600 102 632 465 642 148 396 389 719 368 354 76
243 601 184 362 423 549 715 507 987 141 545 533 592 602 634 763 784 384 564 603 177 682 533 583 782 713 773 714 452 369 242 401 257 526 358 904 665 648 573 265 870 746 468 863 159 344 548 344 906 441 529 570 494 552 524 0 351 471 882 600 192 663 513 532 594 266 375 502 487 575
368 356 510 620 573 367 418 526 700 245 244 456 516 340 347 462 487 509 263 441 503 605 271 321 485 426 510 427 222 494 192 580 278 225 518 602 378 347 560 328 606 449 619 787 231 529 413 324 618 306 394 283 512 476 223 351 0 395 602 299 518 587 468 346 518 216 608 426 411 274
596 466 739 848 802 477 528 754 822 474 354 642 161 531 489 571 597 737 373 551 732 791 499 512 595 568 659 569 450 723 421 809 506 335 746 712 520 456 745 557 728 559 847 903 459 758 641 552 741 534 622 425 741 661 333 580 278 0 724 409 747 772 697 456 704 445 836 654 640 384
760 687 1046 1155 1109 698 248 1061 159 781 613 863 987 315 274 390 252 776 594 772 1039 1012 393 334 202 214 141 256 449 761 719 1116 663 456 1053 280 262 327 966 864 52 327 1154 1124 766 1065 437 625 205 533 456 371 1048 882 600 882 602 866 0 630 1054 993 517 677 925 677 1143 897 883 605
617 97 562 669 623 107 433 563 727 495 114 273 397 552 510 397 503 758 75 182 555 422 520 533 501 582 680 478 471 743 442 629 527 289 567 577 534 339 376 386 634 465 668 534 480 578 662 573 647 555 643 446 549 292 102 600 299 276 630 0 570 403 718 87 334 465 657 307 292 48
414 567 64 205 266 515 886 350 1159 312 645 396 558 773 806 928 955 555 606 556 81 545 705 754 953 885 944 886 623 541 409 243 429 693 201 1071 837 815 415 289 1042 917 311 726 330 187 719 515 1077 612 700 741 336 416 632 192 518 437 1054 570 0 527 684 498 458 433 218 468 453 579
778 400 621 578 532 347 797 381 1090 656 477 168 455 825 784 761 866 919 438 376 614 55 773 806 864 863 953 841 725 904 605 539 690 629 476 941 815 702 194 445 997 828 577 236 641 488 915 748 1010 808 896 719 367 147 465 663 573 335 993 403 629 0 971 331 108 628 566 365 351 411
302 775 676 855 916 785 528 871 624 427 662 840 899 342 423 579 589 303 681 860 669 989 318 361 538 413 407 528 265 288 440 894 384 550 851 617 461 516 935 622 505 559 961 1170 446 837 157 346 542 196 176 383 858 860 642 513 468 779 517 718 684 971 0 765 902 398 868 809 795 692
647 83 490 597 551 35 480 491 774 525 161 201 325 599 557 444 550 789 122 168 483 350 567 580 548 629 726 525 518 774 474 557 560 336 495 624 580 386 304 314 681 511 596 521 510 506 709 617 693 602 690 493 477 220 148 532 346 204 677 87 498 331 765 0 263 498 585 235 220 95
709 331 552 510 463 279 728 312 1022 587 409 99 387 757 715 692 798 851 370 308 545 127 705 738 796 794 884 773 656 836 536 470 622 560 408 872 746 634 125 376 929 759 509 308 572 419 846 679 941 740 828 651 299 79 396 594 504 266 925 334 560 108 902 263 0 560 498 297 282 343
177 522 425 586 540 514 509 492 782 160 410 498 557 397 429 559 578 318 429 569 418 647 328 377 576 508 567 509 246 303 61 547 80 391 485 699 460 496 556 243 665 540 585 828 145 496 342 138 700 235 323 364 479 517 389 266 216 437 677 465 433 628 398 498 560 0 574 467 453 440
598 647 226 52 79 595 975 279 1248 496 725 464 644 863 895 1008 1044 739 686 624 243 598 794 844 1042 974 1033 975 745 724 550 56 613 783 132 1160 926 904 433 376 1131 1006 124 779 514 118 898 694 1166 791 879 831 265 483 712 375 608 524 1143 651 218 580 868 579 511 574 0 554 540 659
567 437 710 819 773 448 499 725 794 445 325 613 132 502 461 542 569 709 344 522 703 762 470 483 567 540 630 541 422 694 392 780 478 306 718 683 492 428 716 528 700 530 818 875 431 729 612 524 712 506 594 396 712 632 304 551 250 595 696 380 718 744 668 427 675 416 807 0 611 355
589 459 732 841 795 470 521 747 816 467 347 635 154 524 483 565 591 731 366 544 725 784 492 505 589 562 652 563 444 716 414 802 500 328 740 705 514 450 738 550 722 552 840 897 453 751 634 546 734 528 616 418 734 654 326 573 272 617 718 402 740 766 690 449 697 438 829 647 0 377
592 105 571 677 631 116 408 571 702 469 89 281 405 527 485 372 478 733 50 190 564 430 494 507 476 556 654 453 446 718 416 638 502 264 576 552 508 314 384 395 609 439 676 542 455 587 637 548 621 530 618 420 557 300 76 575 274 285 605 48 579 411 692 95 343 440 665 315 301 0
EOF