NAME : tsp_problem
TYPE : TSP
DIMENSION : 44
EDGE_WEIGHT_TYPE : EXPLICIT
EDGE_WEIGHT_FORMAT : FULL_MATRIX
EDGE_WEIGHT_SECTION
0 419 1069 89 902 1145 646 1176 930 1211 1159 317 94 459 821 1005 221 1149 278 258 847 132 742 743 270 443 1015 512 1112 726 398 1028 831 874 718 769 1003 528 852 961 713 256 520 267
419 0 984 373 818 1060 561 1091 782 1126 1075 464 378 606 736 921 287 1064 425 405 834 319 787 596 185 358 1034 485 1027 468 197 881 746 726 634 622 918 444 768 890 628 403 214 414
1069 984 0 1022 249 195 531 135 602 170 192 874 1027 717 307 89 937 108 911 931 444 969 541 625 833 716 390 678 71 1051 946 499 500 528 394 773 234 623 258 291 400 930 965 923
89 373 1022 0 856 1098 599 1129 883 1164 1113 371 47 513 774 959 174 1102 331 311 872 85 795 696 223 396 1068 523 1065 679 352 982 784 827 672 722 956 482 806 928 666 309 474 320
902 818 249 856 0 294 364 356 460 367 309 707 860 550 140 238 770 329 744 765 277 802 374 428 666 550 477 511 292 884 779 357 302 383 228 576 323 457 70 333 233 764 797 757
1145 1060 195 1098 294 0 607 160 444 126 67 949 1103 792 383 184 1012 183 987 1007 520 1045 617 513 909 792 485 754 229 970 971 341 382 370 470 661 329 699 313 386 476 1006 883 999
646 561 531 599 364 607 0 638 581 673 621 399 604 246 256 467 514 611 436 456 291 546 267 447 410 241 491 203 574 703 523 610 367 525 255 595 421 148 314 347 250 455 572 448
1176 1091 135 1129 356 160 638 0 573 74 121 980 1134 823 414 195 1043 132 1018 1038 550 1076 648 642 940 823 497 785 109 1099 1053 470 511 499 501 790 341 730 365 398 507 1037 1012 1030
936 782 602 889 460 444 581 573 0 539 481 743 894 696 489 591 803 596 781 801 626 836 723 229 700 589 825 653 643 685 687 233 380 211 488 377 671 598 463 681 482 800 599 793
1211 1126 170 1164 367 126 673 74 539 0 87 1016 1169 858 449 230 1078 97 1053 1073 586 1111 683 608 975 858 532 820 144 1064 1066 436 476 465 536 756 376 765 386 433 542 1072 978 1065
1159 1075 192 1113 309 67 621 121 481 87 0 964 1117 807 398 181 1027 144 1001 1022 534 1059 631 550 923 807 482 768 191 1006 1007 377 418 406 485 697 326 714 327 383 490 1021 919 1014
317 464 874 371 707 949 399 980 743 1016 964 0 356 188 599 810 224 954 107 104 575 317 471 557 315 251 743 241 917 647 428 842 635 688 523 606 764 281 657 690 518 102 476 97
94 378 1027 47 860 1103 604 1134 888 1169 1117 356 0 499 779 964 179 1107 317 297 877 90 781 701 228 401 1054 528 1070 684 356 986 789 832 676 727 961 486 810 933 671 295 478 306
459 606 717 513 550 792 246 823 696 858 807 188 499 0 442 653 366 797 225 246 418 459 314 562 457 294 586 173 760 768 570 793 483 640 370 704 607 214 500 533 365 244 618 237
821 736 307 774 140 383 256 414 489 449 398 599 779 442 0 244 688 387 636 656 168 721 266 457 585 468 368 430 350 803 698 386 331 412 146 604 241 375 91 224 152 655 717 648
1005 921 89 959 238 184 467 195 591 230 181 810 964 653 244 0 873 169 848 868 380 905 478 605 769 653 326 614 132 988 883 488 480 517 331 753 170 560 195 228 337 867 901 860
221 287 937 174 770 1012 514 1043 797 1078 1027 224 179 366 688 873 0 1017 184 165 753 121 649 611 138 311 921 419 980 594 266 896 698 742 586 637 871 396 720 842 580 162 388 173
1149 1064 108 1102 329 183 611 132 596 97 144 954 1107 797 387 169 1017 0 991 1012 524 1049 621 665 913 797 470 758 82 1121 1026 493 534 522 475 813 314 704 339 371 480 1010 1035 1003
278 425 911 331 744 987 436 1018 781 1053 1001 107 317 225 636 848 184 991 0 64 612 277 508 594 275 288 781 278 954 607 388 880 673 725 560 636 802 318 695 727 555 63 437 57
258 405 931 311 765 1007 456 1038 792 1073 1022 104 297 246 656 868 165 1012 64 0 633 258 528 606 256 306 801 298 975 603 384 891 693 737 581 632 822 339 715 748 575 59 433 53
847 834 444 872 277 520 291 550 626 586 534 575 877 418 168 380 753 524 612 633 0 819 139 593 683 514 241 476 487 939 796 522 468 549 282 741 289 421 227 260 288 632 844 625
132 319 969 85 802 1045 546 1076 829 1111 1059 317 90 459 721 905 121 1049 277 258 819 0 742 643 170 343 1015 470 1012 626 298 928 730 774 618 669 903 428 752 874 613 256 420 267
742 787 541 795 374 617 267 648 723 683 631 471 781 314 266 478 649 621 508 528 139 742 0 689 636 467 307 428 584 943 749 620 565 646 380 837 355 374 325 329 385 527 797 520
749 596 625 703 428 513 447 642 229 608 550 557 707 562 457 605 617 665 594 615 593 649 689 0 513 402 793 519 668 498 500 328 247 173 355 190 639 465 430 649 349 613 412 606
270 185 833 223 666 909 410 940 694 975 923 315 228 457 585 769 138 913 275 256 683 170 636 507 0 207 882 334 876 492 164 792 595 638 482 533 767 292 616 738 477 254 286 264
443 358 716 396 550 792 241 823 589 858 807 251 401 294 468 653 311 797 288 309 514 343 467 402 207 0 714 165 760 515 320 688 478 533 366 451 644 124 500 570 360 307 369 300
1015 1034 390 1068 477 485 491 497 825 532 482 743 1054 586 368 326 921 470 781 801 241 1015 307 793 882 714 0 675 433 1139 995 722 667 748 482 941 201 621 427 175 488 800 1044 793
512 485 678 523 511 754 203 785 653 820 768 241 528 173 430 614 419 758 278 298 476 470 428 519 334 165 675 0 721 641 447 750 440 597 327 578 606 85 461 531 322 297 495 290
1112 1027 71 1065 292 229 574 109 643 144 191 917 1070 760 350 132 980 82 954 975 487 1012 584 668 876 760 433 721 0 1094 989 539 543 568 438 816 277 667 302 334 443 973 1008 966
712 468 991 666 794 970 703 1098 685 1064 1006 669 671 768 803 971 580 1072 707 698 939 612 943 498 477 515 1139 641 1035 0 372 784 680 629 700 525 985 600 797 995 695 696 284 707
398 197 946 352 780 971 523 1053 687 1066 1007 443 356 574 698 883 266 1026 403 384 796 298 749 500 164 321 996 447 989 372 0 786 682 631 596 526 880 406 730 852 590 382 167 393
1035 881 499 988 357 341 610 470 233 436 377 842 993 793 386 488 902 493 880 900 522 935 620 328 799 688 722 750 539 784 786 0 354 310 473 476 568 695 360 578 479 899 698 892
831 746 500 784 302 382 367 511 380 476 418 635 789 483 331 480 698 534 673 693 468 730 565 247 595 478 667 440 543 703 705 354 0 248 275 395 513 385 305 523 269 692 617 685
880 726 528 833 383 370 525 499 211 465 406 688 838 640 412 517 748 522 725 746 549 780 646 173 644 533 748 597 568 629 631 310 248 0 432 321 594 543 386 604 427 744 543 737
718 634 394 672 228 470 255 501 488 536 485 523 676 370 146 331 586 475 560 581 282 618 380 355 482 366 482 327 438 700 595 473 275 432 0 503 328 273 178 338 89 580 614 573
798 622 773 751 576 661 595 790 377 756 697 606 756 704 604 753 666 813 643 663 741 698 837 190 562 451 941 578 816 525 526 476 395 321 503 0 787 536 578 797 497 662 438 655
1003 918 234 956 323 329 421 341 671 376 326 764 961 607 241 170 871 314 802 822 289 903 355 639 767 644 201 606 277 985 880 568 513 594 328 787 0 551 273 102 334 821 899 814
528 444 623 482 457 699 148 730 598 765 714 281 486 214 375 560 396 704 318 339 421 428 374 465 292 124 621 85 667 600 405 695 385 543 273 536 551 0 407 477 267 338 454 331
852 768 258 806 70 313 314 365 463 386 327 657 810 500 91 195 720 339 695 715 227 752 325 430 616 500 427 461 302 835 729 360 305 386 178 578 273 407 0 283 184 714 748 707
961 890 291 928 333 386 347 398 681 433 383 690 933 533 224 228 842 371 727 748 260 874 329 649 738 570 175 531 334 995 852 578 523 604 338 797 102 477 283 0 344 746 900 739
713 628 400 666 233 476 250 507 482 542 490 518 671 365 152 337 580 480 555 575 288 613 385 349 477 360 488 322 443 695 590 479 269 427 89 497 334 267 184 344 0 574 609 567
256 403 930 309 764 1006 455 1037 791 1072 1021 102 295 244 655 867 162 1010 63 59 632 256 527 604 254 305 800 297 973 602 382 890 692 735 580 631 821 338 714 746 574 0 431 52
507 214 905 460 708 883 572 1012 599 978 919 524 465 622 717 885 375 985 512 493 845 407 797 412 271 369 1044 496 948 284 167 698 594 543 614 438 899 454 710 900 609 491 0 501
267 414 923 320 757 999 448 1030 785 1065 1014 97 306 237 648 860 173 1003 57 53 625 267 520 599 264 299 793 290 966 597 377 884 685 730 573 625 814 331 707 739 567 52 426 0
EOF