NAME : tsp_problem
TYPE : TSP
DIMENSION : 28
EDGE_WEIGHT_TYPE : EXPLICIT
EDGE_WEIGHT_FORMAT : FULL_MATRIX
EDGE_WEIGHT_SECTION
0 1228 712 145 845 1108 552 141 1074 1088 1028 517 1053 680 993 1147 494 1035 185 1129 118 1139 636 429 1089 979 1040 524
1228 0 717 1122 465 868 719 1118 376 249 297 909 224 605 664 112 1196 337 1119 889 1163 115 714 896 217 421 287 903
712 717 0 606 283 1045 417 602 718 622 466 239 658 416 855 761 681 679 604 1065 648 753 701 540 642 623 478 233
145 1122 606 0 739 1161 446 35 968 982 922 411 948 574 1016 1041 388 929 281 1182 214 1033 690 489 983 873 934 418
845 465 283 739 0 900 341 735 568 369 213 475 406 284 711 509 814 529 736 921 780 501 569 518 390 474 226 469
1108 919 1046 1147 901 0 804 1143 661 779 793 1161 745 691 305 838 1282 633 971 89 1022 830 497 796 780 576 806 1155
552 719 417 446 341 803 0 442 565 580 519 400 545 172 614 639 521 526 443 824 488 630 367 316 581 471 532 394
141 1118 602 35 735 1157 442 0 964 978 918 407 944 570 1012 1037 384 925 277 1178 210 1029 686 485 979 869 930 414
1074 376 718 968 568 661 565 964 0 237 400 884 202 452 393 296 1043 77 965 682 1009 287 554 743 238 225 390 878
1088 249 622 982 369 728 580 978 237 0 202 813 75 466 524 178 1057 198 979 749 1024 170 575 757 59 282 191 807
1028 297 466 922 213 754 519 918 400 202 0 657 239 408 564 342 996 361 919 774 963 333 523 696 222 307 98 652
517 909 239 411 475 1159 400 407 884 813 657 0 850 528 970 953 486 845 521 1180 454 945 723 523 834 789 670 88
1053 224 658 948 406 694 545 944 202 75 239 850 0 431 490 143 1022 163 945 714 989 135 540 722 76 247 228 844
680 605 416 574 284 689 172 570 452 466 408 528 431 0 500 525 649 413 572 710 616 517 400 349 467 357 421 522
993 651 855 957 711 305 614 953 393 511 603 970 476 500 0 570 1091 365 856 325 907 562 382 658 512 308 615 964
1147 112 761 1041 509 787 639 1037 296 178 342 953 143 525 583 0 1116 257 1038 808 1083 55 634 816 146 341 331 947
314 1035 520 208 653 1119 360 204 882 896 835 325 861 488 930 955 0 843 318 1140 251 947 663 462 897 787 848 331
1035 337 679 929 529 633 526 925 77 198 361 845 163 413 365 257 1004 0 926 654 971 248 521 704 199 196 351 839
185 1119 604 281 736 971 443 277 965 979 919 521 945 572 856 1038 498 926 0 991 98 1030 499 292 980 870 931 528
1129 939 1067 1168 922 89 825 1164 682 800 814 1181 765 711 325 859 1302 654 991 0 1042 850 517 817 801 597 826 1175
118 1163 648 214 780 1022 488 210 1009 1024 963 454 989 616 907 1083 431 971 98 1042 0 1074 550 343 1025 915 976 461
1139 115 753 1033 501 779 630 1029 287 170 333 945 135 517 575 55 1107 248 1030 800 1074 0 625 807 138 333 323 939
636 720 701 690 569 497 367 686 554 581 523 723 546 400 382 640 842 526 499 517 550 631 0 324 582 469 535 717
429 896 540 489 518 796 316 485 743 757 696 523 722 349 681 816 642 704 292 817 343 807 324 0 758 648 709 517
1089 217 642 983 390 730 581 979 238 59 222 834 76 467 526 146 1058 199 980 750 1025 138 576 758 0 283 212 828
961 381 645 896 501 503 493 892 225 241 392 811 207 379 308 300 970 188 824 524 874 292 349 626 242 0 394 805
1040 287 478 934 226 743 532 930 390 191 98 670 228 421 554 331 1009 351 931 764 976 323 535 709 212 296 0 664
524 903 233 418 469 1153 394 414 878 807 652 88 844 522 964 947 492 839 528 1174 461 939 717 517 828 783 664 0
EOF