NAME : tsp_problem
TYPE : TSP
DIMENSION : 29
EDGE_WEIGHT_TYPE : EXPLICIT
EDGE_WEIGHT_FORMAT : FULL_MATRIX
EDGE_WEIGHT_SECTION
0 629 418 320 348 432 211 422 467 424 308 27 448 159 465 354 399 444 435 269 288 333 186 278 401 149 286 286 325
691 0 519 622 650 592 810 523 568 937 356 680 495 672 566 867 912 491 594 587 606 635 784 519 448 748 604 527 372
418 519 0 148 176 150 384 48 94 766 198 407 131 539 91 593 741 127 153 304 323 160 359 436 197 322 322 444 214
320 622 148 0 78 254 287 152 197 669 301 309 234 441 195 495 643 230 256 408 426 63 261 539 301 224 425 547 318
348 650 176 78 0 282 315 180 225 697 330 338 263 470 223 523 671 258 285 436 455 91 289 568 329 253 453 575 346
432 592 150 254 282 0 399 154 200 781 271 422 204 554 197 607 755 200 46 377 396 266 373 509 270 337 395 517 287
211 803 384 287 315 399 0 388 434 454 482 201 471 333 431 281 429 467 402 322 341 299 46 452 489 116 339 459 499
422 523 48 152 180 154 388 0 98 770 202 411 135 543 95 597 745 131 157 308 327 164 363 440 201 326 326 448 218
467 568 94 197 225 200 434 98 0 816 247 457 180 589 141 642 790 176 202 354 372 210 408 485 247 372 371 493 264
438 1008 611 513 541 625 299 615 660 0 709 427 697 360 658 175 323 693 628 549 567 526 273 595 715 342 566 603 725
436 356 198 301 330 271 490 202 247 691 0 426 174 425 245 621 665 170 274 267 285 314 464 273 127 428 284 281 51
27 618 407 309 338 422 201 411 457 414 298 0 437 148 454 344 388 433 425 258 277 322 175 267 390 139 275 275 314
450 495 131 234 263 204 471 135 180 830 174 440 0 565 178 680 805 103 207 281 299 247 445 412 174 409 298 420 191
159 672 539 441 470 554 333 543 589 289 425 148 565 0 586 219 263 561 557 390 409 454 307 258 518 271 408 266 441
465 566 91 195 223 197 431 95 141 813 245 454 178 586 0 640 788 174 200 351 370 208 406 483 244 369 369 491 261
354 867 593 495 523 607 281 597 642 207 621 344 680 219 640 0 182 675 610 531 549 508 255 454 698 324 548 462 637
462 1033 635 538 566 650 323 639 685 45 733 452 722 385 682 199 0 718 653 573 592 550 297 620 740 367 590 627 750
446 491 127 230 258 200 467 131 176 826 170 436 103 561 174 675 800 0 203 276 295 243 441 408 170 405 294 416 186
435 594 153 256 285 46 402 157 202 784 274 425 207 557 200 610 758 203 0 380 399 269 376 512 273 340 397 520 290
269 587 304 408 436 377 322 308 354 656 267 258 281 390 351 531 630 276 380 0 118 420 296 505 266 260 116 512 283
288 606 323 426 455 396 341 327 372 675 285 277 299 409 370 549 649 295 399 118 0 439 315 523 285 279 135 531 302
333 635 160 63 91 266 299 164 210 681 314 322 247 454 208 508 656 243 269 420 439 0 273 552 314 237 438 560 330
186 777 359 261 289 373 46 363 408 428 456 175 445 307 406 255 403 441 376 296 315 273 0 426 463 90 314 434 473
278 519 436 539 568 509 452 440 485 524 273 267 412 258 483 454 498 408 512 505 523 552 426 0 365 390 522 114 289
436 448 197 301 329 270 489 201 247 783 127 425 174 518 244 698 758 170 273 266 285 314 463 365 0 427 283 373 144
149 741 322 224 253 337 116 326 372 498 420 139 409 271 369 324 472 405 340 260 279 237 90 390 427 0 277 397 436
286 604 322 425 453 395 339 326 371 673 284 275 298 408 369 548 647 294 397 116 135 438 314 522 283 277 0 530 300
286 527 444 547 575 517 459 448 493 532 281 275 420 266 491 462 506 416 520 512 531 560 434 114 373 397 530 0 297
453 372 214 318 346 287 506 218 264 707 51 442 191 441 261 637 681 186 290 283 302 330 480 289 144 444 300 297 0
EOF
