NAME : tsp_problem
TYPE : TSP
DIMENSION : 27
EDGE_WEIGHT_TYPE : EXPLICIT
EDGE_WEIGHT_FORMAT : FULL_MATRIX
EDGE_WEIGHT_SECTION
0 301 397 214 91 609 364 431 318 261 61 477 345 450 291 652 465 352 669 114 301 719 290 582 535 101 255
301 0 326 168 300 679 517 166 247 190 271 217 332 402 498 388 205 281 404 323 454 454 25 652 275 310 462
397 326 0 264 396 907 527 315 151 199 367 506 622 411 564 328 494 290 345 419 463 395 315 879 564 406 561
214 168 264 0 214 731 456 298 185 128 184 348 464 340 414 519 337 219 536 237 392 586 157 704 406 223 378
91 300 396 214 0 608 364 430 318 260 61 476 344 450 291 652 464 352 668 113 300 718 289 581 534 100 255
609 679 914 731 608 0 608 741 835 778 579 520 388 693 535 962 509 756 979 631 544 1029 668 103 578 618 499
364 517 527 456 364 608 0 647 448 391 334 476 344 258 209 830 464 320 847 387 108 897 507 580 534 373 254
431 166 315 298 430 741 647 0 377 320 401 279 394 532 623 264 267 411 281 453 584 331 155 714 337 440 587
318 247 151 185 318 828 448 377 0 121 288 428 543 333 485 454 416 212 471 341 384 521 236 801 486 327 482
261 190 199 128 260 771 391 320 121 0 231 370 486 276 428 503 358 155 519 283 327 569 179 744 428 270 425
61 271 367 184 61 579 334 401 288 231 0 447 315 420 261 622 435 322 639 84 270 689 260 551 505 70 225
477 217 506 348 476 520 476 279 428 370 447 0 174 562 403 500 46 462 517 499 412 567 206 493 116 486 367
345 332 622 464 344 388 344 394 543 486 315 174 0 430 271 616 162 492 632 367 280 683 322 361 232 354 235
450 402 411 340 450 693 258 532 333 276 420 562 430 0 295 715 550 205 732 472 194 782 391 666 620 459 340
291 500 564 414 291 535 209 623 485 428 261 403 271 295 0 845 391 357 861 314 145 912 490 507 461 300 181
545 458 173 412 544 1033 675 335 299 347 515 571 686 559 712 0 559 438 38 567 611 88 448 1006 629 554 708
465 205 494 337 464 509 464 267 416 358 435 46 162 550 391 488 0 450 505 487 400 555 194 481 104 474 355
352 281 290 219 352 756 320 411 212 155 322 462 492 205 357 594 450 0 611 375 257 661 270 729 520 361 403
562 475 189 429 561 1050 691 352 315 364 531 587 703 576 729 38 576 455 0 584 628 104 464 1023 646 570 725
114 323 419 237 113 631 387 453 341 283 84 499 367 472 314 674 487 375 691 0 323 741 312 604 557 123 278
301 454 463 392 300 544 108 584 384 327 270 412 280 194 145 766 400 257 783 323 0 833 443 517 470 310 191
480 394 108 347 480 969 610 271 234 282 450 506 622 495 647 284 495 374 301 503 546 0 383 942 564 489 644
290 25 315 157 289 668 507 155 236 179 260 206 322 391 487 377 194 270 393 312 443 444 0 641 264 299 451
582 652 887 704 581 103 580 714 808 751 551 493 361 666 507 935 481 729 952 604 517 1002 641 0 551 591 471
535 275 564 406 534 578 534 337 486 428 505 116 232 620 461 558 104 520 575 557 470 625 264 551 0 544 425
101 310 406 223 100 618 373 440 327 270 70 486 354 459 300 661 474 361 678 123 310 728 299 591 544 0 264
255 464 561 378 255 499 254 587 482 425 225 367 235 340 181 809 355 403 825 278 191 876 454 471 425 264 0
EOF
