NAME : tsp_problem
TYPE : TSP
DIMENSION : 52
EDGE_WEIGHT_TYPE : EXPLICIT
EDGE_WEIGHT_FORMAT : FULL_MATRIX
EDGE_WEIGHT_SECTION
0 310 368 193 310 552 735 226 215 869 214 437 182 458 89 562 203 185 320 456 492 103 527 363 238 327 355 443 331 370 586 366 574 230 351 488 872 555 97 354 594 325 519 526 591 325 591 447 492 241 381 176
310 0 218 173 368 315 536 397 353 671 385 149 162 170 260 542 375 246 26 436 473 275 377 70 377 34 204 181 311 77 566 73 554 210 57 469 673 318 269 60 356 32 368 375 571 305 354 427 472 222 87 238
368 218 0 374 202 235 418 254 324 553 242 120 363 141 318 736 232 415 228 362 398 333 211 271 347 235 38 127 484 278 760 274 748 411 258 394 555 238 327 261 277 233 202 209 765 478 274 353 397 423 288 406
193 173 374 0 364 464 685 280 236 820 268 305 45 326 143 425 258 129 183 319 355 157 533 226 259 190 361 337 194 233 449 229 437 92 214 351 822 467 152 216 506 188 525 531 454 188 503 310 355 104 244 120
310 368 202 364 0 386 568 195 312 703 184 271 353 292 260 733 173 356 378 512 548 274 361 422 335 386 189 277 502 428 757 424 745 401 409 544 705 389 268 412 427 383 353 359 762 496 425 503 548 412 439 347
552 315 235 464 386 0 234 438 507 368 426 217 453 238 502 633 416 537 324 197 233 517 381 368 531 332 222 223 320 374 657 370 646 468 355 229 371 16 511 358 54 330 372 379 662 313 51 188 233 480 385 529
750 599 433 755 583 475 0 636 705 169 624 502 744 523 700 1096 613 796 609 660 696 714 282 652 728 616 419 508 782 659 1120 655 1108 792 640 692 171 478 709 642 459 614 273 280 1125 776 456 651 695 804 670 787
226 397 254 280 195 438 621 0 302 755 100 323 269 344 176 649 89 272 407 543 579 190 413 451 325 414 241 329 418 457 673 453 661 317 438 575 758 441 185 441 480 412 405 411 678 412 477 534 579 328 468 263
215 353 324 236 312 507 690 302 0 824 290 392 225 413 165 605 279 228 363 499 535 179 483 407 72 370 310 398 374 413 629 409 617 273 394 531 827 510 173 397 549 368 474 481 634 368 546 490 535 284 424 219
601 451 285 607 435 327 213 487 556 0 475 353 596 374 551 948 465 648 461 511 548 566 134 504 580 468 271 359 634 511 972 507 960 644 491 544 23 330 560 494 311 466 125 132 977 628 308 502 547 656 521 639
214 385 242 268 184 426 609 100 290 743 0 311 257 332 164 637 77 260 395 531 567 178 401 439 313 403 229 317 406 445 661 441 649 305 426 563 746 429 173 429 468 400 393 399 666 400 465 522 567 316 456 251
437 149 120 305 271 217 438 323 392 573 311 0 294 72 387 674 301 378 159 343 380 402 279 202 416 166 107 84 444 209 698 205 687 342 189 376 575 220 396 192 259 164 271 277 703 437 256 334 379 354 219 370
182 162 363 45 353 453 674 269 225 809 257 294 0 315 132 414 246 118 172 308 344 146 522 215 248 179 350 326 183 222 438 218 426 81 203 340 811 456 141 205 495 177 514 520 443 177 492 299 344 93 233 109
458 170 141 326 292 238 459 344 413 594 332 72 315 0 408 695 322 399 180 364 401 423 300 223 437 187 128 105 465 230 719 226 708 363 210 397 596 241 417 213 280 185 292 298 724 458 277 356 400 375 240 391
89 260 318 143 260 502 685 176 165 819 164 387 132 408 0 512 153 135 270 406 442 53 477 313 188 277 305 393 281 320 536 316 524 180 301 438 822 505 47 304 544 275 469 476 541 275 541 397 442 191 331 126
562 542 743 425 733 633 855 649 605 989 637 674 414 695 512 0 626 498 552 488 525 526 902 595 628 559 730 706 363 602 96 598 85 429 582 521 991 636 521 585 675 557 894 900 101 357 672 479 524 441 613 489
203 375 232 258 173 416 598 89 279 733 77 301 246 322 153 626 0 249 385 521 557 168 391 428 303 392 218 307 396 435 651 431 639 294 415 553 735 419 162 418 457 390 382 389 656 390 455 512 556 306 445 241
185 246 415 129 356 537 758 272 228 893 260 378 118 399 135 498 249 0 256 392 428 149 574 299 251 263 401 410 267 306 522 302 510 165 287 424 895 540 144 290 579 261 565 572 527 261 576 383 428 177 317 112
320 26 228 183 378 324 546 407 363 680 395 159 172 180 270 552 385 256 0 446 482 285 387 80 386 44 214 191 321 86 576 82 564 220 67 478 683 328 279 70 366 41 378 385 581 315 363 437 482 231 97 247
456 436 362 319 512 197 418 543 499 553 531 343 308 364 406 488 521 392 446 0 88 421 521 490 523 454 348 349 175 496 512 492 501 323 477 84 555 200 415 480 239 451 512 519 517 168 236 43 88 335 507 384
492 473 398 355 548 233 455 579 535 589 567 380 344 401 442 525 557 428 482 88 0 457 557 526 559 490 384 386 211 532 549 529 537 360 513 121 592 236 451 516 275 488 548 555 554 205 272 79 124 371 543 420
103 275 333 157 274 517 699 190 179 834 178 402 146 423 53 526 168 149 285 421 457 0 492 328 203 292 319 408 296 335 550 331 539 194 315 453 836 520 62 318 558 290 483 490 556 290 556 412 456 206 345 141
527 377 211 533 361 381 267 413 483 402 401 279 522 300 477 895 391 574 387 521 557 492 0 430 506 394 197 286 643 437 919 433 907 570 417 553 404 384 486 420 365 392 51 58 924 637 362 512 556 582 447 565
363 70 271 226 422 368 589 451 407 724 439 202 215 223 313 595 428 299 80 490 526 328 430 0 430 87 258 234 365 130 619 126 608 263 111 522 726 371 322 113 410 85 422 428 625 358 407 481 525 275 141 291
238 377 347 259 335 531 713 325 72 848 313 416 248 437 188 628 303 251 386 523 559 203 506 430 0 394 333 422 398 437 652 433 641 296 417 555 850 534 197 420 572 392 497 504 657 391 570 514 558 308 447 243
327 34 235 190 386 332 553 414 370 688 403 166 179 187 277 559 392 263 44 454 490 292 394 87 394 0 222 198 329 94 583 90 572 227 74 486 690 335 286 77 374 49 386 392 588 322 371 445 489 239 105 255
355 204 38 361 189 222 404 241 310 539 229 107 350 128 305 722 218 401 214 348 384 319 197 258 333 222 0 113 470 264 746 260 735 397 245 380 541 225 314 248 263 219 189 195 751 464 261 339 384 409 275 393
443 181 127 337 277 223 445 329 398 579 317 84 326 105 393 706 307 410 191 349 386 408 286 234 422 198 113 0 472 241 730 237 719 374 222 382 581 226 402 224 265 196 277 284 736 466 262 341 385 386 252 402
331 311 484 194 502 320 541 418 374 675 406 444 183 465 281 363 396 267 321 175 211 296 643 365 398 329 470 472 0 371 387 367 376 198 352 207 678 323 290 355 361 326 634 641 392 43 359 166 210 210 382 259
370 77 278 233 428 374 596 457 413 730 445 209 222 230 320 602 435 306 86 496 532 335 437 130 437 94 264 241 371 0 626 132 614 270 117 528 733 378 329 120 416 91 428 435 631 365 413 487 532 281 147 298
586 566 767 449 757 657 879 673 629 1013 661 698 438 719 536 96 651 522 576 512 549 550 926 619 652 583 754 730 387 626 0 622 109 453 607 545 1016 660 545 610 699 581 918 924 125 381 696 503 548 465 637 513
366 73 274 229 424 370 592 453 409 726 441 205 218 226 316 598 431 302 82 492 529 331 433 126 433 90 260 237 367 132 622 0 610 266 113 525 729 374 325 116 412 87 424 431 627 361 409 483 528 277 143 294
574 554 756 437 745 646 867 661 617 1002 649 687 426 708 524 85 639 510 564 501 537 539 915 608 641 572 742 719 376 614 109 610 0 441 595 533 1004 649 533 598 687 569 906 913 114 370 685 492 536 453 625 502
230 210 411 92 401 468 690 317 273 824 305 342 81 363 180 429 294 165 220 323 360 194 570 263 296 227 397 374 198 270 453 266 441 0 250 356 826 471 188 253 510 225 561 568 458 192 507 314 359 109 280 157
351 57 258 214 409 355 576 438 394 711 426 189 203 210 301 582 415 287 67 477 513 315 417 111 417 74 245 222 352 117 607 113 595 250 0 509 713 358 310 101 397 72 409 415 612 346 394 468 513 262 128 278
488 469 394 351 544 229 451 575 531 585 563 376 340 397 438 521 553 424 478 84 121 453 553 522 555 486 380 382 207 528 545 525 533 356 509 0 588 232 447 512 271 484 544 551 550 201 268 75 120 367 539 416
604 453 287 609 437 329 215 490 559 23 478 356 598 377 554 950 467 650 463 514 550 568 136 506 582 470 273 362 636 513 974 509 962 646 494 546 0 332 563 496 313 468 127 134 979 630 310 505 549 658 524 641
555 318 238 467 389 16 237 441 510 372 429 220 456 241 505 636 419 540 328 200 236 520 384 371 534 335 225 226 323 378 660 374 649 471 358 232 374 0 514 361 57 333 375 382 666 317 55 191 236 483 388 532
97 269 327 152 268 511 694 185 173 828 173 396 141 417 47 521 162 144 279 415 451 62 486 322 197 286 314 402 290 329 545 325 533 188 310 447 831 514 0 312 553 284 478 484 550 284 550 406 451 200 340 135
354 60 261 216 412 358 579 441 397 714 429 192 205 213 304 585 418 290 70 480 516 318 420 113 420 77 248 224 355 120 610 116 598 253 101 512 716 361 312 0 400 75 412 418 615 349 397 471 515 265 131 281
594 356 277 506 427 54 218 480 549 352 468 259 495 280 544 675 457 579 366 239 275 558 365 410 572 374 263 265 361 416 699 412 687 510 397 271 355 57 553 400 0 371 356 363 704 355 35 230 274 522 427 570
325 32 233 188 383 330 551 412 368 685 400 164 177 185 275 557 390 261 41 451 488 290 392 85 392 49 219 196 326 91 581 87 569 225 72 484 688 333 284 75 371 0 383 390 586 320 369 442 487 237 102 253
519 368 202 525 353 372 259 405 474 393 393 271 514 292 469 886 382 565 378 512 548 483 51 422 497 386 189 277 634 428 910 424 899 561 409 544 395 375 478 412 356 383 0 49 915 628 353 503 548 573 439 557
526 375 209 531 359 379 265 411 481 400 399 277 520 298 476 893 389 572 385 519 555 490 58 428 504 392 195 284 641 435 917 431 905 568 415 551 402 382 484 418 363 390 49 0 922 635 360 510 554 580 446 563
591 571 772 454 762 662 884 678 634 1018 666 703 443 724 541 101 656 527 581 517 554 556 931 625 657 588 759 736 392 631 125 627 114 458 612 550 1021 666 550 615 704 586 923 930 0 386 701 509 553 470 642 518
325 305 478 188 496 313 535 412 368 669 400 437 177 458 275 357 390 261 315 168 205 290 637 358 391 322 464 466 43 365 381 361 370 192 346 201 672 317 284 349 355 320 628 635 386 0 352 160 204 204 376 252
591 354 274 503 425 51 215 477 546 350 465 256 492 277 541 672 455 576 363 236 272 556 362 407 570 371 261 262 359 413 696 409 685 507 394 268 352 55 550 397 35 369 353 360 701 352 0 227 272 519 424 568
447 427 353 310 503 188 409 534 490 544 522 334 299 356 397 479 512 383 437 43 79 412 512 481 514 445 339 341 166 487 503 483 492 314 468 75 546 191 406 471 230 442 503 510 509 160 227 0 79 326 498 375
492 472 397 355 548 233 454 579 535 589 567 379 344 400 442 524 556 428 482 88 124 456 556 525 558 489 384 385 210 532 548 528 536 359 513 120 591 236 451 515 274 487 548 554 553 204 272 79 0 371 543 419
241 222 423 104 412 480 701 328 284 836 316 354 93 375 191 441 306 177 231 335 371 206 582 275 308 239 409 386 210 281 465 277 453 109 262 367 838 483 200 265 522 237 573 580 470 204 519 326 371 0 292 169
381 87 288 244 439 385 607 468 424 741 456 219 233 240 331 613 445 317 97 507 543 345 447 141 447 105 275 252 382 147 637 143 625 280 128 539 743 388 340 131 427 102 439 446 642 376 424 498 543 292 0 308
176 238 406 120 347 529 750 263 219 884 251 370 109 391 126 489 241 112 247 384 420 141 565 291 243 255 393 402 259 298 513 294 502 157 278 416 887 532 135 281 570 253 557 563 518 252 568 375 419 169 308 0
EOF
