NAME : tsp_problem
TYPE : TSP
DIMENSION : 78
EDGE_WEIGHT_TYPE : EXPLICIT
EDGE_WEIGHT_FORMAT : FULL_MATRIX
EDGE_WEIGHT_SECTION
0 243 287 576 208 345 230 720 250 365 485 231 66 578 115 458 453 368 254 500 86 87 402 424 702 579 80 67 172 499 290 347 308 396 178 377 401 340 714 389 586 289 265 264 553 305 235 594 513 544 264 421 448 105 384 409 197 412 300 385 602 238 354 554 185 523 205 262 400 477 262 250 202 289 386 395 335 240
243 0 306 419 89 140 392 563 412 160 372 361 228 733 278 253 248 329 383 386 249 249 220 242 545 734 242 229 104 385 309 481 327 327 111 259 196 135 557 271 741 171 327 426 707 100 398 749 371 387 145 239 599 267 266 227 360 230 95 267 757 33 235 709 118 410 367 417 218 363 144 412 134 308 267 214 468 35
287 306 0 687 358 199 162 831 183 219 418 82 272 510 321 521 516 142 105 432 293 293 143 165 814 511 286 273 373 431 31 280 49 170 379 527 255 194 825 539 519 439 49 197 485 368 168 526 639 656 414 162 381 311 534 150 130 153 363 535 534 301 504 486 386 456 137 195 141 410 412 182 403 30 536 137 267 303
639 434 702 0 485 536 788 193 808 556 684 757 624 1108 674 222 217 725 779 699 645 645 616 638 176 1108 638 625 500 698 705 794 723 723 507 456 592 531 187 468 1116 567 723 822 1082 390 794 1123 329 345 541 635 912 663 463 623 756 626 385 464 1131 429 490 1083 514 723 763 813 614 676 540 808 530 704 464 610 781 431
208 89 358 422 0 192 357 566 377 212 336 358 193 698 242 305 300 381 381 351 214 214 272 294 549 698 207 194 69 350 361 446 379 379 76 224 248 187 560 236 706 136 379 391 672 151 362 714 360 391 110 291 564 232 231 279 325 282 146 232 722 84 200 674 83 375 332 382 270 328 108 377 99 360 232 265 433 87
345 140 199 522 192 0 334 666 354 54 474 254 331 682 380 356 351 270 277 489 351 352 113 136 648 683 345 332 207 488 202 451 221 268 214 362 90 29 659 373 690 274 221 368 657 202 339 698 473 490 248 132 552 370 368 121 301 123 197 370 706 135 338 658 220 512 309 366 112 466 246 354 237 202 370 107 439 138
230 392 162 686 357 334 0 830 93 354 329 107 216 421 265 607 603 244 129 343 236 236 277 300 812 422 229 216 321 342 165 191 183 271 328 487 390 329 823 499 430 439 140 108 396 454 111 437 623 654 413 297 291 254 494 285 73 288 449 495 445 387 464 397 334 367 81 106 276 320 411 125 351 165 495 271 178 389
500 295 563 238 347 398 649 0 670 417 545 618 486 969 535 83 78 586 640 560 506 506 477 499 37 969 499 486 361 559 566 655 584 584 368 317 453 392 48 329 977 428 584 684 943 251 655 984 190 206 403 496 773 524 324 485 617 487 246 325 992 290 351 945 375 584 624 674 476 537 401 669 391 565 325 471 642 292
250 412 183 706 377 354 93 850 0 374 349 127 236 441 285 628 623 264 150 363 256 256 298 320 832 442 249 236 341 362 185 211 204 292 348 508 410 349 844 519 450 459 161 128 416 474 131 457 644 674 433 317 312 275 514 305 93 308 469 516 465 407 484 417 355 387 101 126 296 341 431 146 371 185 516 291 198 410
365 160 219 541 212 54 354 685 374 0 494 274 351 702 400 375 371 289 296 508 371 371 133 155 668 702 364 351 227 507 222 471 240 287 233 381 109 48 679 393 710 294 240 388 676 222 359 718 493 510 268 152 572 390 388 141 321 143 217 389 725 155 358 678 240 532 329 386 132 486 266 374 257 221 390 127 458 157
485 372 418 443 336 474 329 587 349 494 0 362 471 509 520 514 510 499 385 100 491 492 533 555 569 510 484 471 351 99 421 196 439 527 358 245 530 469 581 256 518 271 396 363 484 433 366 525 381 412 272 552 314 510 251 540 328 543 428 253 533 366 221 485 365 124 336 268 531 78 243 381 381 420 253 526 183 369
231 361 82 719 358 254 107 863 127 274 362 0 217 455 266 576 571 164 49 376 237 237 197 220 846 455 230 217 322 375 85 224 103 191 329 521 310 249 857 533 463 440 60 141 429 422 112 471 657 688 414 217 325 256 528 205 74 208 418 529 479 356 497 431 336 400 82 139 196 354 412 127 352 85 529 191 212 358
66 228 272 561 193 331 216 705 236 351 471 217 0 564 101 444 439 354 239 485 72 72 387 410 688 564 65 52 157 484 275 333 293 381 164 363 387 326 699 375 572 275 250 250 538 290 221 579 499 530 249 407 434 91 370 395 183 397 285 371 587 223 339 539 171 509 191 248 386 463 247 235 187 275 371 381 320 226
578 740 510 866 705 682 421 1010 441 702 509 455 564 0 613 937 933 592 477 524 584 584 625 648 993 81 577 564 669 523 513 371 531 619 676 668 738 677 1004 680 89 694 488 455 55 802 459 96 804 835 695 645 472 602 675 633 421 635 797 676 104 735 644 56 682 547 429 361 624 501 666 473 699 513 676 619 359 737
115 278 321 610 242 380 265 754 285 400 520 266 101 613 0 493 488 403 289 534 121 122 436 459 737 613 114 101 207 533 324 382 343 430 213 412 436 375 748 424 621 324 299 299 587 339 270 628 548 579 298 456 483 140 419 444 232 447 334 420 636 272 389 589 220 558 240 297 435 512 297 285 237 324 420 430 369 275
458 253 521 207 305 356 607 351 628 375 514 576 444 937 493 0 36 544 598 529 464 464 435 457 333 938 457 444 319 528 524 624 542 542 326 286 411 350 345 297 946 386 542 642 912 209 613 953 158 175 361 454 742 482 292 443 575 445 204 294 961 248 320 913 333 552 582 632 434 506 359 627 349 523 294 429 611 250
453 248 516 202 300 351 603 346 623 371 510 571 439 933 488 36 0 539 594 524 459 459 430 453 329 933 452 439 315 523 519 619 538 537 321 281 407 346 340 293 941 382 538 637 907 204 608 949 154 171 356 449 737 478 288 438 570 440 199 289 957 243 315 909 328 548 578 628 429 502 354 622 345 519 289 424 607 245
368 329 142 710 381 270 244 854 264 289 499 164 354 592 403 544 539 0 186 513 374 374 257 279 836 592 367 354 395 512 145 361 163 71 402 550 325 264 848 562 600 462 130 278 566 391 249 607 662 678 436 276 462 392 557 265 211 267 386 558 615 324 527 568 409 537 219 276 256 491 435 263 425 144 558 251 348 326
254 383 105 742 381 277 129 886 150 296 385 49 239 477 289 598 594 186 0 399 260 260 220 243 868 478 253 240 345 398 108 247 126 214 352 544 333 272 880 555 486 463 83 164 452 445 135 493 680 710 437 239 348 278 550 228 97 230 440 552 501 378 520 453 358 423 104 162 219 377 435 149 375 107 552 214 234 380
500 386 432 457 351 489 343 601 363 508 100 376 485 524 534 529 524 513 399 0 506 506 547 569 584 524 499 486 366 114 435 210 453 541 372 259 544 484 595 271 532 285 410 377 498 448 381 539 395 426 286 566 328 524 266 555 343 557 443 267 547 381 236 499 379 139 350 282 546 92 257 395 396 434 267 541 197 383
86 249 293 582 214 351 236 726 256 371 491 237 72 584 121 464 459 374 260 506 0 93 408 430 708 585 86 73 178 505 296 353 314 402 184 383 407 346 719 395 592 295 271 270 558 311 241 600 519 550 270 427 454 111 390 415 203 418 306 391 608 244 360 560 191 529 211 268 406 483 268 256 208 295 391 401 341 246
87 249 293 582 214 352 236 726 256 371 492 237 72 584 122 464 459 374 260 506 93 0 408 430 708 585 86 73 178 505 296 354 314 402 185 384 408 347 720 395 593 296 271 271 559 311 242 600 520 550 270 427 454 111 390 416 204 418 306 392 608 244 360 560 191 530 211 269 407 483 268 256 208 295 392 402 341 246
402 220 143 601 272 113 277 745 298 133 533 197 387 625 436 435 430 257 220 547 408 408 0 79 727 626 401 388 286 546 146 395 164 285 293 441 169 108 739 453 634 353 164 312 600 282 283 641 553 569 327 76 495 426 448 64 245 67 277 449 649 215 418 601 300 571 252 310 55 525 326 297 316 145 449 50 382 217
424 242 165 623 294 136 300 767 320 155 555 220 410 648 459 457 453 279 243 569 430 430 79 0 750 649 423 410 309 569 168 417 186 307 316 464 192 131 761 475 656 376 186 334 622 304 305 664 575 592 350 98 518 449 470 87 267 89 299 472 672 237 440 624 322 593 275 332 78 547 348 320 339 168 472 73 405 239
482 277 546 220 329 380 632 37 652 400 528 600 468 951 517 65 61 568 623 542 488 489 459 482 0 952 481 468 344 541 548 637 567 567 351 299 436 375 31 311 960 411 567 666 926 233 637 967 172 189 385 479 756 507 306 467 599 470 229 307 975 272 334 927 357 566 607 657 458 520 383 652 374 548 308 453 625 274
579 741 511 867 706 683 422 1011 442 702 510 455 564 81 613 938 933 592 478 524 585 585 626 649 993 0 578 565 670 523 514 372 532 620 677 669 739 678 1005 680 89 694 489 456 55 803 460 97 805 835 696 645 473 603 675 634 422 636 798 677 105 736 645 57 683 548 429 361 625 502 667 474 700 513 677 620 359 738
80 242 286 575 207 345 229 719 249 364 484 230 65 577 114 457 452 367 253 499 86 86 401 423 701 578 0 66 171 498 289 346 307 395 178 377 401 340 713 388 586 289 264 263 552 304 234 593 513 543 263 420 447 104 383 408 197 411 299 385 601 237 353 553 184 523 204 262 399 476 261 249 201 288 385 395 334 239
67 229 273 562 194 332 216 706 236 351 471 217 52 564 101 444 439 354 240 486 73 73 388 410 688 565 66 0 158 485 276 333 294 382 165 364 387 327 700 375 573 276 251 250 539 291 221 580 500 530 250 407 434 91 370 395 184 398 286 371 588 224 340 540 171 510 191 249 386 463 248 236 188 275 372 382 321 226
172 104 373 437 69 207 321 581 341 227 351 322 157 669 207 319 315 395 345 366 178 178 286 309 564 670 171 158 0 365 375 438 394 394 40 239 263 202 575 251 678 151 356 355 644 166 327 685 375 406 125 306 539 196 246 294 289 297 161 247 693 99 215 645 47 390 296 354 285 343 123 341 63 375 247 280 426 101
499 385 431 456 350 488 342 600 362 507 99 375 484 523 533 528 523 512 398 114 505 505 546 569 583 523 498 485 365 0 434 209 452 540 371 258 543 483 594 270 531 284 409 376 497 447 380 538 394 425 285 565 327 523 265 554 342 556 442 266 546 380 235 499 378 138 349 281 545 91 256 394 395 433 266 540 196 382
290 309 31 690 361 202 165 834 185 222 421 85 275 513 324 524 519 145 108 435 296 296 146 168 816 514 289 276 375 434 0 283 52 173 382 530 258 197 828 542 522 442 52 200 488 371 171 529 642 658 417 165 383 314 537 153 133 156 366 538 537 304 507 489 389 459 140 198 144 412 415 185 406 33 538 139 270 306
347 481 280 553 446 451 191 697 211 471 196 224 333 371 382 624 619 361 247 210 353 354 395 417 679 372 346 333 438 209 283 0 301 389 445 354 507 446 690 366 380 380 258 225 346 543 228 387 490 521 381 414 176 372 361 402 190 405 538 362 395 476 331 347 452 234 198 130 393 187 352 243 469 282 362 388 45 478
308 327 49 708 379 221 183 852 204 240 439 103 293 531 343 542 538 163 126 453 314 314 164 186 835 532 307 294 394 452 52 301 0 191 400 548 276 215 846 560 540 461 70 218 506 389 189 547 660 677 435 183 402 332 555 171 151 174 384 556 555 322 525 507 407 477 158 216 162 431 433 203 424 51 557 158 288 324
396 327 170 708 379 268 271 852 292 287 527 191 381 619 430 542 537 71 214 541 402 402 285 307 835 620 395 382 394 540 173 389 191 0 400 548 324 263 846 560 628 460 158 306 594 389 277 635 660 677 435 304 489 420 555 292 239 295 384 556 643 322 525 595 407 565 246 304 283 519 433 291 424 172 557 278 376 324
178 111 379 444 76 214 328 588 348 233 358 329 164 676 213 326 321 402 352 372 184 185 293 316 570 677 178 165 40 371 382 445 400 400 0 246 270 209 582 257 684 158 363 362 650 173 333 692 382 412 132 312 546 203 252 301 295 303 168 254 700 106 222 652 53 396 303 360 292 350 130 348 70 382 254 287 433 108
377 259 527 215 224 362 487 359 508 381 245 521 363 668 412 286 281 550 544 259 383 384 441 464 341 669 377 364 239 258 530 354 548 548 246 0 418 357 352 28 676 158 549 522 643 321 525 684 152 183 159 460 472 402 23 449 487 451 316 24 692 254 50 644 252 283 495 427 440 237 131 540 269 530 24 435 342 256
401 196 255 577 248 90 390 721 410 109 530 310 387 738 436 411 407 325 333 544 407 408 169 192 704 739 401 387 263 543 258 507 276 324 270 418 0 85 715 429 746 330 276 424 712 258 395 754 529 546 304 188 608 426 424 177 357 179 253 426 762 191 394 714 276 568 365 422 168 522 302 410 293 258 426 163 495 193
340 135 194 516 187 29 329 660 349 48 469 249 326 677 375 350 346 264 272 484 346 347 108 131 643 678 340 327 202 483 197 446 215 263 209 357 85 0 654 368 685 269 216 363 652 197 334 693 468 485 243 127 547 365 363 116 296 118 192 365 701 130 333 653 215 507 304 361 107 461 241 349 232 197 365 102 434 133
475 270 538 213 321 372 624 357 644 392 520 593 460 944 510 58 53 561 615 535 481 481 452 474 339 944 474 461 336 534 541 630 559 559 343 292 428 367 0 304 952 403 559 658 918 226 630 959 165 181 377 471 748 499 299 459 592 462 221 300 967 265 326 919 350 559 599 649 450 512 376 644 366 540 300 446 617 267
389 271 539 226 236 373 499 370 519 393 256 533 375 680 424 297 293 562 555 271 395 395 453 475 353 680 388 375 251 270 542 366 560 560 257 28 429 368 364 0 688 170 560 533 654 333 537 696 164 195 171 472 484 413 35 460 499 463 328 36 703 266 62 656 264 295 506 438 451 248 142 551 281 541 36 447 353 268
586 749 519 875 714 690 430 1019 450 710 518 463 572 89 621 946 941 600 486 532 592 593 634 656 1001 89 586 573 678 531 522 380 540 628 684 676 746 685 1013 688 0 702 497 464 63 810 467 104 812 843 703 653 481 611 683 641 429 644 806 684 112 744 653 64 691 556 437 369 632 510 675 482 708 521 685 628 367 746
289 171 439 356 136 274 404 500 424 294 271 437 275 659 324 386 382 462 460 285 295 296 353 376 483 659 289 276 151 284 442 380 461 460 158 158 330 269 494 170 667 0 461 438 633 233 442 675 294 325 71 373 498 314 165 361 404 363 228 166 682 166 135 635 164 309 411 343 352 263 43 456 181 442 166 347 368 168
265 327 49 708 379 221 140 852 161 240 396 60 250 488 299 542 538 130 83 410 271 271 164 186 835 489 264 251 356 409 52 258 70 158 363 549 276 216 846 560 497 461 0 175 463 389 146 504 660 677 435 183 358 289 555 171 108 174 384 557 512 322 525 464 369 434 115 173 163 388 433 160 386 51 557 158 245 324
264 426 197 720 391 368 108 864 128 388 363 141 250 455 299 642 637 278 164 377 270 271 312 334 846 456 263 250 355 376 200 225 218 306 362 522 424 363 858 533 464 473 175 0 430 488 145 471 658 688 447 331 326 289 528 319 107 322 483 530 479 421 498 431 369 401 115 140 310 355 445 160 386 199 530 305 212 424
553 715 485 841 680 657 396 985 416 676 484 429 538 55 587 912 907 566 452 498 558 559 600 622 967 55 552 539 644 497 488 346 506 594 650 643 712 652 979 654 63 668 463 430 0 777 434 71 779 809 670 619 447 577 649 607 396 610 772 651 78 710 619 31 657 522 403 335 599 476 641 448 674 487 651 594 333 712
305 100 368 375 151 202 454 519 474 222 433 422 290 795 339 209 204 391 445 448 311 311 282 304 501 795 304 291 166 447 371 543 389 389 173 321 258 197 513 333 803 233 389 488 769 0 459 810 327 344 207 301 661 329 328 289 421 292 51 329 818 94 297 771 179 472 429 479 280 425 205 474 196 370 329 275 530 97
235 398 168 723 362 339 111 867 131 359 366 112 221 459 270 613 608 249 135 381 241 242 283 305 850 460 234 221 327 380 171 228 189 277 333 525 395 334 861 537 467 444 146 145 434 459 0 475 661 692 418 302 329 260 532 290 78 293 454 533 483 392 501 435 340 404 86 143 281 358 417 131 357 170 533 276 216 395
594 756 526 882 721 698 437 1026 457 718 525 471 579 96 628 953 949 607 493 539 600 600 641 664 1009 97 593 580 685 538 529 387 547 635 692 684 754 693 1020 696 104 710 504 471 71 818 475 0 820 851 711 660 488 618 691 649 437 651 813 692 120 751 660 72 698 563 444 376 640 517 682 489 715 529 692 635 374 753
513 371 639 87 360 473 623 231 644 493 381 657 499 804 548 158 154 662 680 395 519 520 553 575 214 805 513 500 375 394 642 490 660 660 382 152 529 468 225 164 812 294 660 658 779 327 661 820 0 56 295 572 608 538 159 560 623 563 322 160 828 365 186 780 388 419 631 563 551 373 266 676 405 641 160 546 478 368
653 448 716 64 500 551 802 208 823 570 699 771 639 1122 688 236 231 739 794 713 659 659 630 653 190 1123 652 639 515 712 719 808 737 737 521 470 607 546 202 482 1130 581 737 837 1096 404 808 1138 343 0 556 649 926 677 477 638 770 640 399 478 1146 443 504 1098 528 737 777 828 629 691 554 822 545 719 478 624 796 445
264 145 414 358 110 248 378 502 398 268 272 412 249 633 298 361 356 436 434 286 270 270 327 350 484 634 263 250 125 285 417 381 435 435 132 159 304 243 495 171 641 71 435 412 608 207 416 649 295 326 0 347 499 288 166 335 378 338 202 167 657 140 136 609 139 310 386 317 326 264 44 430 155 416 167 321 369 143
421 239 162 620 291 132 297 764 317 152 552 217 407 645 456 454 449 276 239 566 427 427 76 98 747 645 420 407 306 565 165 414 183 304 312 460 188 127 758 472 653 373 183 331 619 301 302 660 572 589 347 0 515 445 467 83 264 86 296 468 668 234 437 620 319 590 272 329 74 544 345 316 336 164 469 70 401 236
448 599 381 671 564 552 291 815 312 572 314 325 434 472 483 742 737 462 348 328 454 454 495 518 797 473 447 434 539 327 383 176 402 489 546 472 608 547 809 484 481 498 358 326 447 661 329 488 608 639 499 515 0 473 479 503 291 506 656 480 496 594 449 448 553 352 299 231 494 306 471 344 569 383 481 489 163 596
105 267 311 600 232 370 254 744 275 390 510 256 91 602 140 482 478 392 278 524 111 111 426 449 727 603 104 91 196 523 314 372 332 420 203 402 426 365 738 413 611 314 289 289 577 329 260 618 538 569 288 445 473 0 409 434 222 436 324 410 626 262 378 578 209 548 229 287 425 502 286 274 226 313 410 420 359 264
384 266 534 221 231 368 494 365 514 388 251 528 370 675 419 292 288 557 550 266 390 390 448 470 348 675 383 370 246 265 537 361 555 555 252 23 424 363 359 35 683 165 555 528 649 328 532 691 159 190 166 467 479 409 0 455 494 458 323 31 698 261 57 651 259 290 501 433 447 243 137 546 276 536 31 442 348 263
409 227 150 609 279 121 285 753 305 141 540 205 395 633 444 443 438 265 228 555 415 416 64 87 735 634 408 395 294 554 153 402 171 292 301 449 177 116 746 460 641 361 171 319 607 289 290 649 560 577 335 83 503 434 455 0 252 74 284 457 657 222 425 609 307 578 260 317 63 532 333 305 324 153 457 58 390 225
197 360 130 685 325 301 73 829 93 321 328 74 183 421 232 575 570 211 97 343 203 204 245 267 812 422 197 184 289 342 133 190 151 239 295 487 357 296 823 499 429 406 108 107 396 421 78 437 623 654 381 264 291 222 494 252 0 255 416 495 445 355 464 397 302 367 48 105 243 320 379 93 319 132 495 238 178 357
412 230 153 611 282 123 288 755 308 143 543 208 397 635 447 445 440 267 230 557 418 418 67 89 738 636 411 398 297 556 156 405 174 295 303 451 179 118 749 463 644 363 174 322 610 292 293 651 563 580 338 86 506 436 458 74 255 0 287 459 659 225 428 611 310 581 263 320 65 535 336 307 327 155 460 60 392 227
300 95 363 370 146 197 449 514 469 217 428 418 285 790 334 204 199 386 440 443 306 306 277 299 497 790 299 286 161 442 366 538 384 384 168 316 253 192 508 328 798 228 384 483 764 51 454 806 322 339 202 296 656 324 323 284 416 287 0 324 813 90 292 766 175 467 424 474 275 420 200 469 191 365 324 270 525 92
385 267 535 223 232 370 495 367 516 389 253 529 371 676 420 294 289 558 552 267 391 392 449 472 349 677 385 371 247 266 538 362 556 556 254 24 426 365 360 36 684 166 557 530 651 329 533 692 160 191 167 468 480 410 31 457 495 459 324 0 700 262 58 652 260 291 503 435 448 245 138 547 277 538 32 443 350 264
602 764 534 890 729 706 445 1034 465 725 533 479 587 104 636 961 957 615 501 547 608 608 649 672 1016 105 601 588 693 546 537 395 555 643 700 692 762 701 1028 703 112 718 512 479 78 826 483 120 828 858 719 668 496 626 698 657 445 659 821 700 0 759 668 80 706 571 452 384 648 525 690 497 723 536 700 643 382 761
238 33 301 414 84 135 387 558 407 155 366 356 223 728 272 248 243 324 378 381 244 244 215 237 540 728 237 224 99 380 304 476 322 322 106 254 191 130 552 266 736 166 322 421 702 94 392 744 365 382 140 234 594 262 261 222 355 225 90 262 752 0 230 704 113 405 362 412 213 358 138 407 129 303 262 209 463 30
354 235 504 249 200 338 464 393 484 358 221 497 339 644 389 320 315 527 520 236 360 360 418 440 375 645 353 340 215 235 507 331 525 525 222 50 394 333 387 62 653 135 525 498 619 297 501 660 186 217 136 437 449 378 57 425 464 428 292 58 668 230 0 620 229 259 471 403 416 213 107 516 245 506 59 411 318 233
554 716 486 842 681 658 397 986 417 678 485 431 539 56 589 913 909 568 453 499 560 560 601 624 969 57 553 540 645 499 489 347 507 595 652 644 714 653 980 656 64 670 464 431 31 778 435 72 780 811 671 620 448 578 651 609 397 611 773 652 80 711 620 0 658 523 405 336 600 477 642 449 675 489 652 595 335 713
185 118 386 450 83 220 334 594 355 240 365 336 171 682 220 333 328 409 358 379 191 191 300 322 577 683 184 171 47 378 389 452 407 407 53 252 276 215 588 264 691 164 369 369 657 179 340 698 388 419 139 319 553 209 259 307 302 310 175 260 706 113 229 658 0 403 310 367 298 357 137 354 77 388 260 293 439 115
523 410 456 481 375 512 367 625 387 532 124 400 509 547 558 552 548 537 423 139 529 530 571 593 608 548 523 510 390 138 459 234 477 565 396 283 568 507 619 295 556 309 434 401 522 472 404 563 419 450 310 590 352 548 290 578 367 581 467 291 571 405 259 523 403 0 374 306 569 116 281 419 420 458 291 565 221 407
205 367 137 693 332 309 81 837 101 329 336 82 191 429 240 582 578 219 104 350 211 211 252 275 819 429 204 191 296 349 140 198 158 246 303 495 365 304 831 506 437 414 115 115 403 429 86 444 631 661 388 272 299 229 501 260 48 263 424 503 452 362 471 405 310 374 0 113 251 328 386 100 326 140 503 246 185 364
262 425 195 625 390 366 106 769 126 386 268 139 248 361 297 640 635 276 162 282 268 269 310 332 751 361 262 249 354 281 198 130 216 304 360 427 422 361 763 438 369 452 173 140 335 486 143 376 563 593 446 329 231 287 433 317 105 320 482 435 384 420 403 336 367 306 113 0 308 260 425 158 384 197 435 304 117 422
400 218 141 600 270 112 276 744 296 132 531 196 386 624 435 434 429 256 219 546 406 407 55 78 726 625 399 386 285 545 144 393 162 283 292 440 168 107 737 451 632 352 163 310 599 280 281 640 551 568 326 74 494 425 447 63 243 65 275 448 648 213 416 600 298 569 251 308 0 523 324 296 315 144 448 49 381 216
477 363 410 435 328 466 320 579 341 486 78 354 463 501 512 506 502 491 377 92 483 483 525 547 561 502 476 463 343 91 412 187 431 519 350 237 522 461 573 248 510 263 388 355 476 425 358 517 373 403 264 544 306 502 243 532 320 535 420 245 525 358 213 477 357 116 328 260 523 0 235 373 373 412 245 518 175 361
262 144 412 329 108 246 376 473 396 266 243 410 247 631 297 359 354 435 432 257 268 268 326 348 455 632 261 248 123 256 415 352 433 433 130 131 302 241 467 142 640 43 433 410 606 205 414 647 266 297 44 345 471 286 137 333 376 336 200 138 655 138 107 607 137 281 384 316 324 235 0 428 153 414 139 319 340 141
250 412 182 738 377 354 125 882 146 374 381 127 235 473 285 627 622 263 149 395 256 256 297 320 864 474 249 236 341 394 185 243 203 291 348 540 410 349 876 551 482 459 160 160 448 474 131 489 676 706 433 316 344 274 546 305 93 307 469 547 497 407 516 449 354 419 100 158 296 373 431 0 371 185 548 291 230 409
202 134 403 467 99 237 351 611 371 257 381 352 187 699 237 349 345 425 375 396 208 208 316 339 594 700 201 188 63 395 406 469 424 424 70 269 293 232 605 281 708 181 386 386 674 196 357 715 405 436 155 336 569 226 276 324 319 327 191 277 723 129 245 675 77 420 326 384 315 373 153 371 0 405 277 310 456 132
289 308 30 689 360 202 165 833 185 221 420 85 275 513 324 523 519 144 107 434 295 295 145 168 816 513 288 275 375 433 33 282 51 172 382 530 258 197 827 541 521 442 51 199 487 370 170 529 641 658 416 164 383 313 536 153 132 155 365 538 536 303 506 489 388 458 140 197 144 412 414 185 405 0 538 139 269 306
386 267 536 223 232 370 495 367 516 390 253 529 371 676 420 294 289 558 552 267 391 392 449 472 349 677 385 372 247 266 538 362 557 557 254 24 426 365 361 36 685 166 557 530 651 329 533 692 160 191 167 469 481 410 31 457 495 460 324 32 700 262 59 652 260 291 503 435 448 245 139 548 277 538 0 443 350 264
395 214 137 595 265 107 271 739 291 127 526 191 381 619 430 429 424 251 214 541 401 402 50 73 721 620 395 382 280 540 139 388 158 278 287 435 163 102 733 447 628 347 158 305 594 275 276 635 546 563 321 70 489 420 442 58 238 60 270 443 643 209 411 595 293 565 246 304 49 518 319 291 310 139 443 0 376 211
335 468 267 540 433 439 178 684 198 458 183 212 320 359 369 611 607 348 234 197 341 341 382 405 666 359 334 321 426 196 270 45 288 376 433 342 495 434 678 353 367 368 245 212 333 530 216 374 478 509 369 401 163 359 348 390 178 392 525 350 382 463 318 335 439 221 185 117 381 175 340 230 456 269 350 376 0 466
240 35 303 416 87 138 389 560 410 157 369 358 226 730 275 250 245 326 380 383 246 246 217 239 542 731 239 226 101 382 306 478 324 324 108 256 193 133 554 268 738 168 324 424 705 97 395 746 368 384 143 236 596 264 263 225 357 227 92 264 754 30 233 706 115 407 364 414 216 361 141 409 132 306 264 211 466 0
EOF
