NAME : tsp_problem
TYPE : TSP
DIMENSION : 28
EDGE_WEIGHT_TYPE : EXPLICIT
EDGE_WEIGHT_FORMAT : FULL_MATRIX
EDGE_WEIGHT_SECTION
0 198 725 308 131 340 160 221 492 507 450 302 570 383 464 530 84 647 426 433 288 471 363 400 352 283 352 336
258 0 942 479 370 578 330 459 731 746 689 541 741 621 703 768 323 865 664 672 131 710 541 639 591 521 590 575
732 655 0 487 623 406 632 564 257 238 640 507 234 524 293 342 671 157 616 623 746 661 435 508 543 539 394 474
308 192 487 0 328 301 169 269 454 469 291 351 286 431 426 578 373 410 267 274 282 312 86 449 194 213 313 125
131 309 615 328 0 230 271 111 382 398 341 193 476 273 355 420 112 538 316 324 400 361 253 291 243 173 242 227
340 469 406 301 230 0 447 171 166 181 314 253 405 333 138 314 278 329 290 297 560 335 226 351 216 146 92 200
160 58 632 169 271 447 0 361 599 614 436 442 431 523 571 670 224 555 412 419 148 457 232 540 339 358 459 270
221 399 556 269 111 171 361 0 324 339 282 103 417 183 296 330 159 479 257 265 489 302 194 201 184 114 183 168
492 622 257 454 382 166 599 324 0 61 466 330 257 347 116 165 430 180 442 449 712 487 379 331 369 299 154 352
507 637 238 469 398 181 614 339 61 0 482 311 237 328 97 146 446 161 457 465 727 502 394 312 384 314 169 368
720 717 297 549 611 394 695 552 245 226 0 495 296 512 281 330 658 219 670 677 808 715 498 496 597 527 382 536
302 480 507 351 193 253 442 103 330 311 363 0 498 134 366 256 240 429 339 346 570 384 276 151 265 196 265 249
570 454 234 286 476 405 431 417 257 237 439 498 0 523 292 341 523 156 414 422 544 459 234 507 341 360 393 273
383 561 524 431 273 333 523 183 347 328 444 134 523 0 383 202 321 447 419 427 651 464 356 231 346 276 345 330
464 594 293 426 355 138 571 296 116 97 439 366 292 383 0 201 403 216 414 422 684 459 351 367 341 271 126 325
530 708 342 578 420 314 670 330 165 146 591 256 341 202 201 0 468 264 566 574 798 611 503 186 493 423 302 477
84 262 663 373 112 278 224 159 430 446 388 240 523 321 403 468 0 586 364 371 353 409 301 339 291 221 290 274
655 578 157 410 545 329 555 486 180 161 563 429 156 447 216 264 593 0 538 546 668 584 358 431 465 461 317 397
748 745 324 577 638 422 722 579 273 254 722 522 324 540 309 357 686 247 0 705 835 743 525 524 624 555 410 564
735 732 312 565 626 409 710 567 260 241 710 510 311 527 296 345 674 234 685 0 823 730 513 511 612 542 397 552
149 258 832 369 260 468 220 350 621 636 579 431 631 512 593 659 213 755 555 562 0 600 432 529 481 411 481 465
692 689 269 521 583 366 667 524 217 198 666 467 268 484 253 302 630 191 642 649 780 0 470 468 569 499 354 508
363 254 435 86 253 226 232 194 379 394 216 276 234 356 351 503 301 358 192 199 345 237 0 374 118 137 238 50
400 578 508 449 291 351 540 201 331 312 461 151 507 231 367 186 339 431 437 444 669 482 374 0 364 294 363 347
823 820 399 652 713 496 797 654 348 328 797 597 398 615 384 432 761 322 772 780 910 818 600 598 0 629 485 639
283 380 500 213 173 146 358 114 299 314 225 196 360 276 271 423 221 422 201 208 471 246 137 294 127 0 158 111
352 481 394 313 242 92 459 183 154 169 326 265 393 345 126 302 290 317 302 309 572 347 238 363 228 158 0 212
336 293 464 125 227 200 270 168 352 368 190 249 273 330 325 477 274 387 165 173 383 210 50 347 92 111 212 0
EOF