NAME : tsp_problem
TYPE : TSP
DIMENSION : 18
EDGE_WEIGHT_TYPE : EXPLICIT
EDGE_WEIGHT_FORMAT : FULL_MATRIX
EDGE_WEIGHT_SECTION
0 463 70 659 722 307 434 380 82 422 34 497 836 497 540 312 372 26
463 0 501 277 302 193 510 457 423 499 466 441 697 67 355 247 449 457
309 527 0 723 796 371 712 658 269 700 312 775 1113 561 639 532 650 304
659 277 697 0 220 389 543 490 619 531 662 358 614 311 385 444 481 654
722 302 747 220 0 462 447 394 692 436 725 263 518 336 289 462 385 717
307 193 345 389 462 0 460 407 267 449 310 523 800 226 305 197 399 302
434 510 459 543 447 460 0 105 484 147 436 222 561 544 531 308 97 428
380 457 406 490 394 407 105 0 431 94 383 169 507 491 478 254 44 375
82 423 120 619 692 267 484 431 0 473 85 548 886 457 535 362 423 77
422 499 448 531 436 449 147 94 473 0 425 210 549 533 520 296 86 417
34 466 72 662 725 310 436 383 85 425 0 500 838 499 542 314 375 29
497 441 522 358 263 523 222 169 548 210 500 0 376 475 347 371 160 491
836 697 861 614 518 808 561 507 886 549 838 376 0 731 603 709 499 830
497 67 535 311 336 226 544 491 457 533 499 475 731 0 389 281 483 491
540 355 565 385 289 305 531 478 535 520 542 347 603 389 0 273 470 534
312 247 337 444 460 197 308 254 362 296 314 371 648 281 273 0 246 306
372 449 397 481 385 399 97 44 423 86 375 160 499 483 470 246 0 367
26 457 64 654 717 302 428 375 77 417 29 491 830 491 534 306 367 0
EOF
