NAME : tsp_problem
TYPE : TSP
DIMENSION : 31
EDGE_WEIGHT_TYPE : EXPLICIT
EDGE_WEIGHT_FORMAT : FULL_MATRIX
EDGE_WEIGHT_SECTION
0 81 538 385 480 395 493 531 420 459 553 490 423 453 507 514 599 346 446 558 486 543 461 591 223 535 548 395 560 355 511
81 0 498 345 440 355 453 491 380 419 513 449 383 413 467 474 559 306 406 517 446 503 421 551 183 495 508 355 520 315 471
609 569 0 735 524 346 536 1019 704 179 526 441 707 276 331 338 95 663 620 530 529 39 635 564 711 1023 1036 232 533 394 554
385 345 802 0 247 437 260 465 187 708 320 371 190 717 772 779 864 112 213 324 252 808 228 358 240 469 482 660 327 398 278
480 440 631 247 0 226 49 560 249 497 383 321 253 546 600 607 692 175 276 387 41 636 290 421 335 564 578 488 390 187 67
395 355 502 437 226 0 239 743 407 320 229 144 410 417 471 478 564 365 323 233 232 507 338 267 497 747 760 373 236 97 257
493 453 643 260 49 239 0 572 262 510 395 334 265 558 613 620 705 188 288 400 54 648 303 433 347 577 590 501 402 199 79
531 491 948 465 560 750 572 0 499 869 633 684 503 863 917 924 1009 425 526 637 565 953 540 671 385 93 106 805 640 711 591
420 380 837 187 249 407 262 499 0 678 241 292 111 752 806 813 898 114 134 245 254 842 149 279 274 504 517 694 248 400 280
459 419 212 708 497 320 510 869 678 0 500 415 681 127 181 188 274 636 594 504 502 217 609 538 561 874 887 83 507 367 528
553 513 682 320 383 229 395 633 241 500 0 115 244 597 651 658 743 248 157 68 388 687 172 101 408 637 650 553 70 276 414
490 449 597 371 321 144 334 684 292 415 115 0 296 512 566 573 658 299 209 119 326 602 223 152 459 688 702 468 122 191 352
423 383 840 190 253 410 265 503 111 681 244 296 0 755 809 816 902 118 137 249 258 845 152 282 278 507 520 697 251 403 283
694 654 119 820 609 432 621 1104 789 265 612 527 792 0 88 95 181 748 705 616 614 124 720 649 796 1108 1122 318 618 479 639
628 588 53 754 543 366 556 1038 723 199 546 461 727 296 0 357 115 682 640 550 548 58 654 584 730 1043 1056 252 553 413 574
647 607 72 773 562 384 574 1057 742 217 564 479 745 314 41 0 133 701 658 568 567 77 673 602 749 1061 1074 270 571 432 592
558 518 310 684 473 295 485 968 653 128 475 390 656 225 280 287 0 612 569 479 478 315 584 513 660 972 985 182 482 343 503
346 306 763 112 175 365 188 425 114 636 248 299 118 678 732 739 824 0 141 252 180 768 156 286 200 429 443 620 255 326 206
446 406 776 213 276 323 288 526 134 594 157 209 137 691 745 752 837 141 0 161 281 781 65 195 301 530 543 647 164 370 306
558 517 686 324 387 233 400 637 245 504 68 119 249 601 655 662 747 252 161 0 392 691 176 105 412 641 655 557 75 280 418
486 446 636 252 41 232 54 565 254 502 388 326 258 551 605 612 698 180 281 392 0 641 296 426 340 569 583 493 395 192 72
614 574 39 740 529 351 541 1024 709 184 531 446 712 281 336 343 100 668 625 535 534 0 640 569 716 1028 1041 238 538 399 559
461 421 790 228 290 338 303 540 149 609 172 223 152 705 760 767 852 156 65 176 296 796 0 210 315 545 558 662 179 385 321
591 551 719 358 421 267 433 671 279 538 101 152 282 634 689 696 781 286 195 105 426 725 210 0 446 675 688 591 108 314 451
223 183 640 240 335 497 347 385 274 561 408 459 278 555 609 616 701 200 301 412 340 645 315 446 0 390 403 497 415 457 366
535 495 952 469 564 754 577 93 504 874 637 688 507 867 921 929 1014 429 530 641 569 957 545 675 390 0 110 809 644 715 595
548 508 965 482 578 768 590 106 517 887 650 702 520 880 935 942 1027 443 543 655 583 971 558 688 403 110 0 823 657 728 608
395 355 162 660 488 373 501 805 694 83 553 468 697 77 131 138 223 620 647 557 493 167 662 591 497 809 823 0 560 358 519
560 520 689 327 390 236 402 640 248 507 70 122 251 604 658 665 750 255 164 75 395 694 179 108 415 644 657 560 0 283 421
355 315 501 398 187 97 199 703 400 367 276 191 403 416 470 477 563 326 370 280 192 506 385 314 457 708 721 358 283 0 217
511 471 661 278 67 257 79 591 280 528 414 352 283 576 631 638 723 206 306 418 72 667 321 451 366 595 608 519 421 217 0
EOF
