NAME : tsp_problem
TYPE : TSP
DIMENSION : 44
EDGE_WEIGHT_TYPE : EXPLICIT
EDGE_WEIGHT_FORMAT : FULL_MATRIX
EDGE_WEIGHT_SECTION
0 450 529 304 730 394 555 594 298 531 339 346 368 354 446 308 466 257 472 89 403 70 556 604 79 529 340 204 349 94 409 630 577 430 565 383 387 391 368 232 553 75 635 243
450 0 614 318 793 495 617 678 192 616 167 151 173 159 138 201 550 359 556 447 96 429 641 689 437 613 145 356 154 452 101 693 662 122 628 484 488 492 294 236 616 434 698 328
529 614 0 466 630 294 455 558 462 165 501 508 530 516 610 472 99 298 106 527 567 508 520 568 517 162 502 417 511 532 573 530 542 594 466 283 288 291 532 396 454 513 536 375
304 318 466 0 517 325 342 798 368 467 184 191 213 199 314 377 402 189 408 301 271 283 761 809 291 465 185 187 194 306 277 417 782 298 353 315 319 323 378 412 341 288 423 456
491 506 570 230 0 314 197 964 555 571 372 378 400 386 501 564 506 376 512 488 459 470 927 975 478 569 372 374 381 493 464 272 948 485 208 303 307 311 566 599 196 475 277 643
394 495 294 325 374 0 199 689 544 296 361 368 390 376 490 554 230 158 237 391 448 373 651 699 381 293 362 277 371 396 453 274 673 475 209 27 31 35 555 527 197 377 279 506
664 678 742 403 217 486 0 1137 727 744 544 551 573 559 673 737 678 549 685 661 631 642 1099 1147 651 741 545 547 554 666 637 117 1121 658 53 475 479 483 738 771 41 647 123 815
594 678 558 806 1025 689 850 0 527 559 703 687 709 695 674 536 494 693 500 591 631 572 63 111 581 557 681 706 690 596 637 925 84 658 860 678 682 686 596 460 848 577 930 439
298 192 462 368 842 544 667 527 0 464 216 201 223 209 187 50 399 408 405 296 145 277 489 537 285 462 195 406 204 300 150 742 510 171 677 534 538 542 142 84 665 282 747 176
531 616 165 467 632 296 457 559 464 0 503 509 531 517 611 473 101 300 107 528 569 510 522 570 518 164 503 418 512 533 574 532 543 595 467 285 289 293 533 398 455 514 537 376
339 167 501 184 659 361 483 703 216 503 0 39 62 48 162 226 437 225 443 337 120 318 665 713 326 500 34 222 43 341 125 559 687 146 494 350 354 358 252 260 482 323 564 353
346 151 508 191 665 368 490 687 201 509 39 0 46 32 146 210 444 231 450 343 104 325 649 698 333 507 18 229 27 348 110 565 671 131 500 357 361 365 259 244 488 330 570 337
368 173 530 213 687 390 512 709 223 531 62 46 0 54 169 232 466 253 472 365 126 347 671 720 355 529 40 251 49 370 132 587 693 153 522 379 383 387 281 267 511 352 592 359
354 159 516 199 673 376 498 695 209 517 48 32 54 0 155 218 452 239 458 351 113 333 658 706 341 515 26 237 35 356 118 573 679 139 509 365 369 373 267 253 497 338 579 345
446 138 610 314 788 490 613 674 187 611 162 146 169 155 0 197 546 354 552 443 91 424 636 684 433 609 141 352 150 448 96 688 657 117 623 479 484 487 289 231 611 429 693 324
308 201 472 377 851 554 676 536 50 473 226 210 232 218 197 0 408 417 414 305 154 287 498 547 295 471 204 415 213 310 160 751 520 181 687 543 547 551 152 94 675 292 757 186
466 550 99 402 566 230 391 494 399 101 437 444 466 452 546 408 0 235 42 463 503 444 456 505 453 99 438 353 447 468 509 467 478 530 402 220 224 228 468 332 390 449 472 311
257 359 298 189 494 158 319 631 408 300 225 231 253 239 354 417 235 0 241 254 312 236 593 642 244 298 225 140 234 259 317 394 615 338 330 147 152 155 419 395 318 241 399 374
472 556 106 408 573 237 397 500 405 107 443 450 472 458 552 414 42 241 0 469 510 450 462 511 459 105 444 359 453 474 515 473 484 536 408 226 230 234 474 338 396 455 478 317
89 447 527 301 727 391 552 591 296 528 337 343 365 351 443 305 463 254 469 0 400 68 553 601 76 526 337 201 346 91 406 627 574 427 562 380 384 388 365 229 550 72 632 241
403 96 567 271 746 448 571 631 145 569 120 104 126 113 91 154 503 312 510 400 0 382 594 642 390 566 98 309 107 405 54 646 615 75 581 437 442 445 247 189 569 387 651 281
70 429 508 283 709 373 534 572 277 510 318 325 347 333 424 287 444 236 450 68 382 0 535 583 58 507 319 183 328 73 387 609 556 409 544 362 366 370 346 211 532 54 614 222
556 641 520 768 987 651 812 63 489 522 665 649 671 658 636 498 456 655 462 553 594 535 0 73 543 519 644 668 652 558 599 887 46 620 823 640 645 648 558 423 811 540 892 401
604 689 568 816 1035 699 860 111 537 570 713 698 720 706 684 547 505 704 511 601 642 583 73 0 591 568 692 717 701 606 647 936 95 668 871 689 693 697 606 471 859 588 941 450
79 437 517 291 717 381 542 581 285 518 326 333 355 341 433 295 453 244 459 76 390 58 543 591 0 516 327 191 336 81 396 617 564 417 552 370 374 378 355 219 540 62 622 230
529 613 162 465 630 293 454 557 462 164 500 507 529 515 609 471 99 298 105 526 566 507 519 568 516 0 501 416 510 531 572 530 541 593 465 283 287 291 531 395 453 512 535 374
340 145 502 185 659 362 484 681 195 503 34 18 40 26 141 204 438 225 444 337 98 319 644 692 327 501 0 223 21 342 104 559 665 125 495 351 355 359 253 239 483 324 564 331
204 356 417 187 613 277 438 706 406 418 222 229 251 237 352 415 353 140 359 201 309 183 668 717 191 416 223 0 232 206 315 513 690 336 448 266 270 274 416 345 436 188 518 356
349 154 511 194 668 371 493 690 204 512 43 27 49 35 150 213 447 234 453 346 107 328 652 701 336 510 21 232 0 351 113 568 674 134 503 360 364 368 262 248 492 333 573 340
94 452 532 306 732 396 557 596 300 533 341 348 370 356 448 310 468 259 474 91 405 73 558 606 81 531 342 206 351 0 411 632 579 432 567 385 389 393 370 234 555 77 637 245
409 101 573 277 751 453 576 637 150 574 125 110 132 118 96 160 509 317 515 406 54 387 599 647 396 572 104 315 113 411 0 651 621 80 586 443 447 451 252 194 574 392 656 287
584 599 663 323 138 407 290 1058 648 664 465 471 493 479 594 658 599 469 605 581 552 563 1020 1068 571 662 465 467 474 586 557 0 1041 578 301 396 400 404 659 692 289 568 43 736
577 662 542 790 1009 673 834 84 510 543 687 671 693 679 657 520 478 677 484 574 615 556 46 95 564 541 665 690 674 579 621 909 0 642 844 662 666 670 580 444 832 561 914 423
430 122 594 298 772 475 597 658 171 595 146 131 153 139 117 181 530 338 536 427 75 409 620 668 417 593 125 336 134 432 80 672 642 0 607 464 468 472 274 215 595 413 677 308
628 643 707 368 182 451 334 1102 692 708 509 515 537 524 638 702 643 513 649 625 596 607 1064 1112 615 706 509 511 518 630 601 82 1085 622 0 440 444 448 703 736 333 612 87 780
383 484 283 315 363 27 188 678 534 285 350 357 379 365 479 543 220 147 226 380 437 362 640 689 370 283 351 266 360 385 443 263 662 464 198 0 21 24 544 516 187 367 268 495
387 488 288 319 368 31 192 682 538 289 354 361 383 369 484 547 224 152 230 384 442 366 645 693 374 287 355 270 364 389 447 268 666 468 203 21 0 29 548 521 191 371 273 500
391 492 291 323 371 35 196 686 542 293 358 365 387 373 487 551 228 155 234 388 445 370 648 697 378 291 359 274 368 393 451 271 670 472 206 24 29 0 552 524 195 375 276 503
368 294 532 378 853 555 677 596 142 533 252 259 281 267 289 152 468 419 474 365 247 346 558 606 355 531 253 416 262 370 252 753 580 274 688 544 548 552 0 153 676 351 758 246
232 236 396 412 863 527 688 460 84 398 260 244 267 253 231 94 332 398 338 229 189 211 423 471 219 395 239 345 248 234 194 763 444 215 699 516 521 524 153 0 687 216 768 110
638 653 717 378 192 461 344 1112 702 718 519 525 547 534 648 712 653 523 659 635 606 617 1074 1122 625 716 520 521 528 640 611 92 1095 632 27 450 454 458 713 746 0 622 97 790
75 434 513 288 714 377 538 577 282 514 323 330 352 338 429 292 449 241 455 72 387 54 540 588 62 512 324 188 333 77 392 614 561 413 549 367 371 375 351 216 537 0 619 227
589 604 668 329 143 412 295 1063 653 669 470 476 498 485 599 663 604 474 610 586 557 568 1025 1073 576 667 470 472 479 591 562 43 1046 583 306 401 405 409 664 697 294 573 0 741
243 328 375 456 842 506 667 439 176 376 353 337 359 345 324 186 311 409 317 241 281 222 401 450 230 374 331 356 340 245 287 742 423 308 677 495 500 503 246 110 666 227 747 0
EOF
