NAME : tsp_problem
TYPE : TSP
DIMENSION : 82
EDGE_WEIGHT_TYPE : EXPLICIT
EDGE_WEIGHT_FORMAT : FULL_MATRIX
EDGE_WEIGHT_SECTION
0 285 152 228 263 566 25 403 470 228 345 24 689 219 188 208 376 289 422 578 289 425 157 524 288 222 370 668 382 291 362 280 544 382 678 363 367 350 660 492 236 601 553 275 477 408 183 556 458 27 523 306 433 464 548 452 403 576 371 21 389 585 564 686 431 262 207 537 569 252 238 155 358 378 476 548 331 266 683 175 235 419
285 0 304 109 145 447 294 551 351 109 569 292 571 100 457 477 524 558 303 508 558 556 309 405 556 103 518 549 530 172 510 162 533 530 559 511 515 232 541 373 118 531 484 156 359 556 452 574 590 295 404 458 564 595 567 583 551 506 519 290 537 515 582 567 562 530 360 419 588 133 391 423 626 526 357 479 484 147 564 443 388 301
152 304 0 247 283 450 161 282 490 248 296 159 647 239 324 344 255 425 305 457 425 304 63 407 423 242 249 626 261 311 241 300 423 261 636 242 246 370 617 375 256 480 432 294 497 287 319 435 337 162 407 185 312 343 428 331 282 455 250 157 269 464 443 644 310 397 86 421 449 272 117 291 493 257 495 428 210 285 641 311 114 303
228 109 247 0 88 390 237 494 294 52 512 235 514 43 400 420 466 501 246 451 501 499 252 348 499 46 461 492 473 115 453 105 476 473 502 454 458 175 484 316 61 474 427 99 302 499 395 517 533 238 347 401 507 538 510 526 494 449 462 233 480 458 525 510 505 473 303 362 531 76 334 366 569 469 300 422 427 90 507 386 331 244
263 145 283 88 0 426 272 529 330 88 548 271 549 79 435 455 502 537 282 487 536 535 288 384 535 82 496 528 508 151 488 140 512 509 538 490 494 210 519 352 96 510 462 135 337 535 430 553 568 274 383 437 543 574 545 562 529 485 497 268 516 494 561 546 541 509 338 397 566 112 369 402 605 504 335 457 462 126 543 422 366 279
566 447 452 390 426 0 575 302 368 390 563 573 521 381 738 758 274 839 179 178 839 226 484 188 837 384 269 500 281 453 261 443 203 281 510 262 266 265 491 156 399 201 153 437 375 307 733 244 259 576 188 452 234 265 236 253 302 176 270 571 288 185 252 518 232 811 386 88 258 414 367 705 907 277 373 149 478 428 515 725 364 177
25 294 161 237 272 575 0 412 479 237 354 33 698 228 197 217 385 299 431 587 298 434 166 533 297 231 379 677 391 300 371 290 553 391 687 372 376 359 669 501 245 610 562 284 486 417 192 565 467 36 532 315 442 473 557 461 412 585 380 30 399 594 573 695 440 271 216 546 579 261 247 164 367 387 485 558 340 275 692 184 244 428
403 551 282 494 529 302 412 0 471 494 426 410 625 485 575 595 104 676 283 363 676 411 314 292 674 488 99 604 111 557 91 547 388 111 614 92 96 369 595 260 502 386 338 541 479 137 570 429 444 413 291 315 419 450 421 438 132 361 100 408 118 370 437 622 417 648 216 273 442 518 197 542 744 107 477 333 341 532 619 562 194 281
470 351 490 294 330 368 479 471 0 294 754 478 491 285 642 662 444 743 224 429 743 477 494 326 741 289 438 470 450 358 430 347 454 450 480 431 436 169 461 294 303 452 404 341 128 476 637 495 510 480 325 643 485 516 487 504 471 427 439 475 458 436 503 488 483 715 545 339 508 319 536 609 811 446 126 399 669 332 485 629 533 221
228 109 248 52 88 390 237 494 294 0 512 235 514 43 400 420 467 501 246 451 501 499 252 348 499 46 461 492 473 115 453 105 476 473 502 454 458 175 484 316 61 474 427 99 302 499 395 517 533 238 347 401 507 538 510 526 494 449 462 233 480 458 525 510 505 473 303 362 531 76 334 366 569 469 300 422 427 90 508 386 331 244
345 569 296 512 548 563 354 426 754 512 0 353 912 503 240 260 398 341 570 514 341 361 327 586 339 506 393 890 405 575 385 565 480 405 900 386 390 634 882 554 521 537 489 559 762 431 235 492 394 356 585 136 369 400 484 388 426 512 394 350 412 521 500 908 367 313 230 535 506 536 261 221 409 401 760 485 162 550 906 214 258 567
24 292 159 235 271 573 33 410 478 235 353 0 697 226 195 216 383 297 429 585 297 432 164 531 295 229 377 675 389 298 369 288 552 389 685 370 374 358 667 499 244 608 561 282 485 415 190 563 466 34 530 313 440 471 556 459 410 583 378 29 397 592 572 693 438 269 215 545 577 259 245 162 365 385 483 556 339 273 691 182 243 427
689 571 709 514 549 521 698 625 491 514 919 697 0 505 861 881 598 963 377 582 962 630 714 479 961 508 592 101 604 577 584 566 607 604 112 585 589 389 93 447 522 605 558 560 498 630 856 648 664 700 478 808 638 669 641 657 625 580 593 694 611 589 656 120 636 935 710 493 662 538 690 828 1031 600 496 553 834 552 117 848 687 375
219 100 239 43 79 381 228 485 285 43 503 226 505 0 391 411 458 492 237 442 492 490 243 339 490 37 452 483 464 106 444 96 467 464 493 445 449 166 475 307 52 465 418 90 293 490 386 508 524 229 338 392 498 529 501 517 485 440 453 224 471 449 517 501 496 464 294 353 522 67 325 358 560 460 291 413 418 81 499 378 322 235
475 744 553 687 722 821 484 684 929 687 300 483 1148 678 0 62 656 144 828 772 143 619 585 844 142 681 651 1127 663 750 642 739 738 663 1137 644 648 809 1118 812 695 795 747 734 936 689 37 750 652 485 843 394 627 658 742 646 683 770 651 480 670 779 758 1145 625 116 488 792 763 711 519 350 212 659 934 742 420 725 1142 344 516 825
450 718 528 661 697 795 459 658 903 661 275 457 1123 652 344 0 631 118 802 746 118 593 559 818 116 655 625 1101 637 724 617 714 712 637 1111 618 622 784 1093 786 670 769 722 708 911 663 339 724 626 460 818 368 601 632 717 620 658 744 626 454 645 753 733 1119 599 90 462 767 738 685 493 325 186 633 909 717 394 699 1116 318 490 800
376 524 255 466 502 274 385 104 444 467 398 383 598 458 547 568 0 649 256 335 649 383 286 265 647 461 71 576 83 530 63 519 360 83 586 64 69 342 568 233 475 358 311 513 451 110 542 402 417 386 264 288 392 422 394 410 104 334 72 381 91 343 410 594 390 621 189 246 415 491 169 514 717 79 449 306 313 505 591 534 166 253
360 629 439 572 607 706 369 569 814 572 186 368 1033 563 255 275 541 0 713 657 29 504 470 729 27 566 536 1012 548 635 528 624 623 548 1022 529 533 694 1004 697 580 680 632 619 821 574 250 635 537 371 728 279 512 543 627 531 569 655 537 365 555 664 643 1030 510 328 373 678 649 596 404 236 97 544 819 628 305 610 1027 229 401 710
422 303 433 246 282 179 431 283 224 246 577 429 377 237 594 614 256 695 0 240 695 288 446 137 693 240 250 356 262 309 242 299 265 262 366 243 247 121 347 105 255 263 216 293 231 288 589 306 322 432 137 466 297 327 299 315 283 239 251 427 270 248 315 374 295 667 368 151 320 270 348 560 763 258 229 211 492 284 371 580 345 33
578 508 457 451 487 178 587 363 429 451 514 585 582 442 711 731 335 812 240 0 812 176 488 249 811 445 330 561 342 514 321 504 186 342 571 323 327 326 552 217 460 152 104 498 436 368 706 228 210 588 249 403 185 216 220 204 362 127 330 583 349 136 236 579 183 784 391 149 241 475 422 692 881 338 434 99 429 489 576 685 419 238
360 629 438 572 607 706 369 569 814 572 185 367 1033 563 255 275 541 29 713 657 0 503 470 729 27 566 535 1012 548 635 527 624 623 548 1022 529 533 694 1003 697 580 680 632 618 821 574 250 635 537 370 728 279 512 543 627 530 568 655 536 365 555 664 643 1030 510 328 373 677 648 596 404 235 97 543 819 627 305 610 1027 229 401 710
425 556 304 499 535 226 434 411 477 499 361 432 630 490 558 578 383 659 288 176 659 0 335 297 657 493 377 609 390 562 369 552 234 390 619 371 375 374 600 265 508 200 152 546 484 416 553 276 57 435 297 250 32 62 268 50 410 175 378 429 397 184 284 627 30 631 238 197 289 523 269 539 727 385 482 147 275 537 624 532 266 286
157 309 63 252 288 481 166 314 494 252 327 164 679 243 329 349 286 430 337 488 430 335 0 439 428 246 280 657 293 315 272 305 455 293 667 274 278 375 649 407 261 511 464 299 502 319 323 467 369 167 438 216 344 374 459 362 313 487 281 162 300 496 475 675 342 402 118 452 480 276 149 295 498 288 500 459 242 290 673 315 146 334
524 405 442 348 384 188 533 292 326 348 586 531 479 339 696 716 265 797 137 249 797 297 474 0 795 342 259 458 271 411 251 401 274 271 468 252 256 223 449 114 357 272 225 395 333 297 691 315 331 534 146 475 305 336 308 324 292 247 260 529 279 256 324 476 304 769 377 160 329 372 357 662 865 267 331 220 501 386 473 682 354 135
358 627 437 570 606 704 367 567 812 570 184 366 1031 561 253 273 540 27 711 655 27 502 468 727 0 564 534 1010 546 633 526 623 621 546 1020 527 531 692 1002 695 579 678 630 617 820 572 248 633 535 369 727 277 510 541 626 529 567 653 535 363 553 662 641 1028 508 326 371 676 647 594 402 234 95 542 818 626 303 608 1025 227 399 709
222 103 242 46 82 384 231 488 289 46 506 229 508 37 394 414 461 495 240 445 495 493 246 342 493 0 455 486 467 109 447 99 470 467 497 448 452 169 478 310 55 468 421 93 296 493 389 511 527 232 342 395 502 532 504 520 488 444 456 227 475 453 520 505 500 467 297 356 525 71 328 361 563 463 294 416 421 84 502 381 325 238
370 518 249 461 496 269 379 99 438 461 393 377 592 452 542 562 71 643 250 330 643 377 280 259 641 455 0 570 78 524 57 513 355 78 580 59 63 336 562 227 469 353 305 508 446 104 537 396 411 380 258 282 386 417 388 405 98 328 66 375 85 337 404 588 384 615 183 240 409 485 163 508 711 73 444 300 307 499 586 528 160 248
668 549 688 492 528 500 677 604 470 492 898 675 101 483 840 860 576 941 356 561 941 609 692 458 939 486 570 0 583 555 562 545 586 583 90 564 568 367 72 426 501 584 536 539 477 609 835 627 642 678 457 787 617 648 619 636 603 559 571 673 590 568 635 98 615 913 688 471 640 516 668 807 1009 578 475 531 812 530 95 827 665 353
382 530 261 473 508 281 391 111 450 473 405 389 604 464 554 574 83 655 262 342 655 390 293 271 653 467 78 583 0 536 70 526 367 90 593 71 75 348 574 239 481 365 317 520 458 116 549 408 423 392 270 294 398 429 400 417 111 340 79 387 97 349 416 601 396 627 195 252 421 497 176 521 723 86 456 312 320 511 598 541 173 260
291 172 311 115 151 453 300 557 358 115 575 298 577 106 463 483 530 564 309 514 564 562 315 411 562 109 524 555 536 0 516 168 539 536 565 517 521 238 547 379 124 537 490 162 365 562 458 580 596 301 410 464 570 601 573 589 557 512 525 296 543 521 589 573 568 536 366 425 594 139 397 430 632 532 363 485 490 153 571 450 394 307
362 510 241 453 488 261 371 91 430 453 385 369 584 444 534 554 63 635 242 321 635 369 272 251 633 447 57 562 70 516 0 505 346 70 572 51 55 328 554 219 461 345 297 499 437 96 528 388 403 372 250 274 378 409 380 396 90 320 58 367 77 329 396 580 376 607 175 232 401 477 155 500 703 65 436 292 299 491 578 520 152 239
280 162 300 105 140 443 290 547 347 105 565 288 566 96 452 472 519 554 299 504 553 552 305 401 552 99 513 545 526 168 505 0 529 526 555 507 511 227 536 369 113 527 479 152 354 552 447 570 585 291 400 454 560 591 562 579 546 502 514 285 533 511 578 563 558 526 355 414 583 129 386 419 622 521 352 474 479 143 560 439 383 296
544 533 423 476 512 203 553 388 454 476 480 552 607 467 677 698 360 779 265 186 779 234 455 274 777 470 355 586 367 539 346 529 0 367 596 348 352 351 577 242 485 209 162 523 461 393 672 73 268 554 274 369 243 274 65 261 387 185 355 549 374 194 81 604 241 751 358 174 86 500 389 658 847 362 459 157 395 514 601 652 386 263
382 530 261 473 509 281 391 111 450 473 405 389 604 464 554 574 83 655 262 342 655 390 293 271 653 467 78 583 90 536 70 526 367 0 593 71 75 348 574 239 481 365 317 520 458 116 549 408 423 392 270 294 398 429 400 417 111 340 79 387 97 349 416 601 396 627 195 252 421 497 176 521 723 86 456 312 320 511 598 541 173 260
678 559 698 502 538 510 687 614 480 502 908 685 112 493 850 870 586 951 366 571 951 619 702 468 949 497 580 90 593 565 572 555 596 593 0 574 578 377 82 436 511 594 546 549 487 619 845 637 652 688 467 797 627 658 629 646 613 569 581 683 600 578 645 108 625 923 698 481 650 527 678 817 1019 588 485 542 823 540 105 837 676 363
363 511 242 454 490 262 372 92 431 454 386 370 585 445 535 555 64 636 243 323 636 371 274 252 634 448 59 564 71 517 51 507 348 71 574 0 56 329 555 220 462 346 298 501 439 97 530 389 404 373 251 275 379 410 381 398 92 321 60 368 78 330 397 582 377 608 176 233 402 478 157 502 704 67 437 293 301 492 579 522 154 241
367 515 246 458 494 266 376 96 436 458 390 374 589 449 539 559 69 640 247 327 640 375 278 256 638 452 63 568 75 521 55 511 352 75 578 56 0 333 559 224 467 350 302 505 443 101 534 393 408 377 255 279 383 414 385 402 96 325 64 372 82 334 401 586 381 612 181 237 406 482 161 506 708 71 441 298 305 496 583 526 158 245
350 232 370 175 210 265 359 369 169 175 634 358 389 166 522 542 342 624 121 326 623 374 375 223 622 169 336 367 348 238 328 227 351 348 377 329 333 0 359 191 183 349 302 221 177 374 517 392 408 361 222 524 382 413 385 401 369 324 337 355 355 333 400 385 380 596 425 237 406 199 434 489 692 344 175 297 549 213 383 509 431 119
660 541 679 484 519 491 669 595 461 484 889 667 93 475 831 851 568 933 347 552 932 600 684 449 931 478 562 72 574 547 554 536 577 574 82 555 559 359 0 417 492 575 528 531 469 600 826 618 634 670 449 778 608 639 611 627 595 550 563 664 582 559 627 90 607 905 680 463 632 508 660 798 1001 570 467 523 804 522 87 818 657 345
492 373 410 316 352 156 501 260 294 316 554 499 447 307 664 684 233 765 105 217 765 265 442 114 763 310 227 426 239 379 219 369 242 239 436 220 224 191 417 0 325 240 193 363 301 265 659 283 299 502 114 443 274 304 276 292 260 216 228 497 247 225 292 444 272 737 345 128 297 340 325 630 833 235 299 188 469 354 441 651 322 103
236 118 256 61 96 399 245 502 303 61 521 244 522 52 408 428 475 510 255 460 509 508 261 357 508 55 469 501 481 124 461 113 485 481 511 462 467 183 492 325 0 483 435 107 310 508 403 526 541 247 356 410 516 547 518 535 502 458 470 241 489 467 534 519 514 482 311 370 539 85 342 375 578 477 308 430 435 99 516 395 339 252
601 531 480 474 510 201 610 386 452 474 537 608 605 465 734 754 358 835 263 152 835 200 511 272 834 468 353 584 365 537 345 527 209 365 594 346 350 349 575 240 483 0 127 521 459 391 729 251 233 611 272 426 208 239 243 227 386 150 354 606 372 159 259 602 206 808 414 172 264 498 445 715 904 361 457 122 452 512 599 708 442 261
553 484 432 427 462 153 562 338 404 427 489 561 558 418 687 707 311 788 216 104 788 152 464 225 786 421 305 536 317 490 297 479 162 317 546 298 302 302 528 193 435 127 0 473 411 343 681 203 186 564 224 378 160 191 196 179 338 102 306 558 325 111 211 554 158 760 367 125 217 451 398 667 856 313 409 75 404 465 552 661 395 213
275 156 294 99 135 437 284 541 341 99 559 282 560 90 446 467 513 548 293 498 548 546 299 395 546 93 508 539 520 162 499 152 523 520 549 501 505 221 531 363 107 521 473 0 349 546 441 564 579 285 394 448 554 585 556 573 540 496 509 280 527 505 572 557 552 520 349 408 578 123 380 413 616 516 347 469 474 137 554 433 378 290
477 359 497 302 337 375 486 479 128 302 762 485 498 293 649 669 451 751 231 436 750 484 502 333 749 296 446 477 458 365 437 354 461 458 487 439 443 177 469 301 310 459 411 349 0 484 644 502 517 488 332 651 492 523 494 511 478 434 446 482 465 443 510 495 490 723 552 346 516 326 544 616 819 454 134 407 676 340 492 636 541 228
408 556 287 499 535 307 417 137 476 499 431 415 630 490 580 600 110 681 288 368 681 416 319 297 679 493 104 609 116 562 96 552 393 116 619 97 101 374 600 265 508 391 343 546 484 0 575 434 449 418 296 320 424 455 426 443 137 366 105 413 123 375 442 627 422 653 221 278 447 523 202 547 749 112 482 338 346 537 624 567 199 286
470 739 548 682 717 816 479 679 924 682 295 477 1143 673 37 57 651 139 823 767 138 613 580 839 137 676 645 1122 658 745 637 734 733 658 1132 639 643 804 1113 807 690 790 742 728 931 684 0 745 647 480 838 389 622 653 737 640 678 765 646 475 665 774 753 1140 620 111 483 787 758 706 514 345 207 653 929 737 415 720 1137 339 511 820
556 574 435 517 553 244 565 429 495 517 492 563 648 508 689 709 402 791 306 228 790 276 467 315 789 511 396 627 408 580 388 570 73 408 637 389 393 392 618 283 526 251 203 564 502 434 684 0 309 566 315 381 284 315 77 303 429 226 397 561 415 235 93 645 282 763 369 215 98 541 400 670 859 404 500 198 407 555 642 663 397 304
458 590 337 533 568 259 467 444 510 533 394 466 664 524 591 612 417 693 322 210 693 57 369 331 691 527 411 642 423 596 403 585 268 423 652 404 408 408 634 299 541 233 186 579 517 449 586 309 0 468 330 283 65 96 302 84 444 208 412 463 431 217 317 660 63 665 272 231 323 557 303 572 761 419 515 181 309 571 657 565 300 319
27 295 162 238 274 576 36 413 480 238 356 34 700 229 198 219 386 300 432 588 300 435 167 534 298 232 380 678 392 301 372 291 554 392 688 373 377 361 670 502 247 611 564 285 488 418 193 566 468 0 533 316 443 474 559 462 413 586 381 31 400 595 575 696 441 272 217 548 580 262 248 165 368 388 486 559 342 276 694 185 245 430
523 404 442 347 383 188 532 291 325 347 585 530 478 338 695 715 264 796 137 249 796 297 473 146 794 342 258 457 270 410 250 400 274 270 467 251 255 222 449 114 356 272 224 394 332 296 690 315 330 533 0 475 305 336 307 324 291 247 259 528 278 256 323 475 303 768 376 159 328 372 356 662 864 266 330 219 500 385 472 682 353 134
306 458 185 401 437 452 315 315 643 401 136 313 801 392 333 353 288 435 459 403 434 250 216 475 433 395 282 779 294 464 274 454 369 294 789 275 279 524 771 443 410 426 378 448 651 320 328 381 283 316 475 0 258 289 374 277 315 401 283 311 301 410 389 797 256 407 119 424 395 425 150 314 503 290 649 374 51 439 795 307 147 457
433 564 312 507 543 234 442 419 485 507 369 440 638 498 566 586 392 667 297 185 667 32 344 305 666 502 386 617 398 570 378 560 243 398 627 379 383 382 608 274 516 208 160 554 492 424 561 284 65 443 305 258 0 71 276 59 419 183 387 438 405 192 292 635 38 640 246 205 297 532 277 547 736 394 490 155 284 545 632 540 274 294
464 595 343 538 574 265 473 450 516 538 400 471 669 529 597 617 422 698 327 216 698 62 374 336 696 532 417 648 429 601 409 591 274 429 658 410 414 413 639 304 547 239 191 585 523 455 592 315 96 474 336 289 71 0 307 89 450 214 418 469 436 223 323 666 69 670 277 236 328 562 308 578 766 425 521 186 315 576 663 571 305 325
548 567 428 510 545 236 557 421 487 510 484 556 641 501 682 702 394 783 299 220 783 268 459 308 781 504 388 619 400 573 380 562 65 400 629 381 385 385 611 276 518 243 196 556 494 426 677 77 302 559 307 374 276 307 0 295 421 218 389 553 408 227 85 637 274 755 362 208 90 534 393 662 851 396 493 191 399 548 635 656 390 296
452 583 331 526 562 253 461 438 504 526 388 459 657 517 585 605 410 686 315 204 686 50 362 324 684 520 405 636 417 589 396 579 261 417 646 398 402 401 627 292 535 227 179 573 511 443 580 303 84 462 324 277 59 89 295 0 437 202 405 456 424 211 311 654 57 658 265 224 316 550 296 566 754 412 509 174 302 564 651 559 293 313
403 551 282 494 529 302 412 132 471 494 426 410 625 485 575 595 104 676 283 362 676 410 313 292 674 488 98 603 111 557 90 546 387 111 613 92 96 369 595 260 502 386 338 540 478 137 569 429 444 413 291 315 419 450 421 437 0 361 99 408 118 370 437 621 417 648 216 273 442 518 196 541 744 106 477 333 340 532 619 561 193 280
576 506 455 449 485 176 585 361 427 449 512 583 580 440 709 729 334 811 239 127 810 175 487 247 809 444 328 559 340 512 320 502 185 340 569 321 325 324 550 216 458 150 102 496 434 366 704 226 208 586 247 401 183 214 218 202 361 0 329 581 347 134 234 577 181 783 389 147 239 474 420 690 879 336 432 97 427 487 574 683 418 236
371 519 250 462 497 270 380 100 439 462 394 378 593 453 543 563 72 644 251 330 644 378 281 260 642 456 66 571 79 525 58 514 355 79 581 60 64 337 563 228 470 354 306 509 446 105 538 397 412 381 259 283 387 418 389 405 99 329 0 376 86 338 405 589 385 616 184 241 410 486 164 509 712 74 445 301 308 500 587 529 161 248
21 290 157 233 268 571 30 408 475 233 350 29 694 224 193 213 381 294 427 583 294 429 162 529 292 227 375 673 387 296 367 285 549 387 683 368 372 355 664 497 241 606 558 280 482 413 188 561 463 31 528 311 438 469 553 456 408 581 376 0 394 590 569 691 436 266 212 542 574 257 243 160 362 383 480 553 336 271 688 180 240 424
389 537 269 480 516 288 399 118 458 480 412 397 611 471 561 581 91 663 270 349 662 397 300 279 661 475 85 590 97 543 77 533 374 97 600 78 82 355 582 247 489 372 325 527 465 123 556 415 431 400 278 301 405 436 408 424 118 347 86 394 0 356 424 608 403 635 203 260 429 505 183 528 731 93 463 320 327 518 605 548 180 267
585 515 464 458 494 185 594 370 436 458 521 592 589 449 718 738 343 820 248 136 819 184 496 256 818 453 337 568 349 521 329 511 194 349 578 330 334 333 559 225 467 159 111 505 443 375 713 235 217 595 256 410 192 223 227 211 370 134 338 590 356 0 243 586 190 792 398 156 248 482 429 699 888 345 441 106 436 496 583 692 426 245
564 582 443 525 561 252 573 437 503 525 500 572 656 517 697 718 410 799 315 236 799 284 475 324 797 520 404 635 416 589 396 578 81 416 645 397 401 400 627 292 534 259 211 572 510 442 692 93 317 575 323 389 292 323 85 311 437 234 405 569 424 243 0 653 290 771 378 224 106 550 409 678 867 412 508 207 415 563 650 672 406 312
686 567 706 510 546 518 695 622 488 510 916 693 120 501 858 878 594 959 374 579 959 627 710 476 957 505 588 98 601 573 580 563 604 601 108 582 586 385 90 444 519 602 554 557 495 627 853 645 660 696 475 805 635 666 637 654 621 577 589 691 608 586 653 0 633 931 706 489 658 535 686 825 1027 596 493 550 830 548 113 845 684 371
431 562 310 505 541 232 440 417 483 505 367 438 636 496 564 584 390 666 295 183 665 30 342 304 664 500 384 615 396 568 376 558 241 396 625 377 381 380 607 272 514 206 158 552 490 422 559 282 63 441 303 256 38 69 274 57 417 181 385 436 403 190 290 633 0 638 244 204 295 530 275 545 734 392 488 154 282 543 630 538 272 292
394 662 472 605 641 740 403 602 848 605 219 401 1067 597 288 309 575 62 747 691 62 537 504 763 61 600 569 1046 581 669 561 658 657 582 1056 563 567 728 1037 731 614 714 666 652 855 608 283 669 571 404 762 313 546 576 661 564 602 689 570 399 589 698 677 1064 544 0 407 711 682 630 438 269 131 577 853 661 338 643 1061 263 435 744
207 360 86 303 338 386 216 216 545 303 230 215 702 294 379 399 189 480 360 391 480 238 118 377 478 297 183 681 195 366 175 355 358 195 691 176 181 425 672 345 311 414 367 349 552 221 374 369 272 217 376 119 246 277 362 265 216 389 184 212 203 398 378 699 244 452 0 358 383 327 52 346 548 191 550 362 145 341 696 366 49 358
537 419 424 362 397 88 546 273 339 362 535 545 493 353 709 729 246 811 151 149 810 197 455 160 809 356 240 471 252 425 232 414 174 252 481 233 237 237 463 128 370 172 125 408 346 278 704 215 231 548 159 424 205 236 208 224 273 147 241 542 260 156 224 489 204 783 358 0 229 386 338 676 879 248 344 120 449 400 486 696 335 148
569 588 449 531 566 258 579 442 508 531 506 577 662 522 703 723 415 804 320 241 804 289 480 329 802 525 409 640 421 594 401 583 86 421 650 402 406 406 632 297 539 264 217 578 516 447 698 98 323 580 328 395 297 328 90 316 442 239 410 574 429 248 106 658 295 776 383 229 0 555 414 683 872 417 514 212 420 569 656 677 411 317
252 133 272 76 112 414 261 518 319 76 536 259 538 67 424 444 491 525 270 475 525 523 276 372 523 71 485 516 497 139 477 129 500 497 527 478 482 199 508 340 85 498 451 123 326 523 419 541 557 262 372 425 532 562 534 550 518 474 486 257 505 482 550 535 530 497 327 386 555 0 358 391 593 493 324 446 451 114 532 411 355 268
238 391 117 334 369 367 247 197 536 334 261 245 690 325 410 430 169 511 348 422 511 269 149 357 509 328 163 668 176 397 155 386 389 176 678 157 161 434 660 325 342 445 398 380 544 202 405 400 303 248 356 150 277 308 393 296 196 420 164 243 183 429 409 686 275 483 52 338 414 358 0 377 579 171 542 393 176 372 684 397 29 345
155 423 291 366 402 705 164 542 609 366 221 162 828 358 63 84 514 165 560 692 165 539 295 662 163 361 508 807 521 430 500 419 658 521 817 502 506 489 798 630 375 715 667 413 616 547 58 670 572 165 662 314 547 578 662 566 541 690 509 160 528 699 678 825 545 137 346 676 683 391 377 0 233 516 614 662 340 404 822 50 374 558
316 584 394 527 563 662 325 525 770 528 141 323 989 519 211 231 497 312 669 613 312 459 426 685 310 522 491 968 504 591 483 580 579 504 978 485 489 650 959 653 536 636 588 574 777 530 205 591 493 326 684 235 468 498 583 486 524 611 492 321 511 620 599 986 466 284 329 633 604 552 360 191 0 499 775 583 260 565 983 185 357 666
378 526 257 469 504 277 387 107 446 469 401 385 600 460 550 570 79 651 258 338 651 385 288 267 649 463 73 578 86 532 65 521 362 86 588 67 71 344 570 235 477 361 313 516 454 112 545 404 419 388 266 290 394 425 396 412 106 336 74 383 93 345 412 596 392 623 191 248 417 493 171 516 719 0 452 308 315 507 594 536 168 255
476 357 495 300 335 373 485 477 126 300 760 483 496 291 647 667 449 749 229 434 748 482 500 331 747 294 444 475 456 363 436 352 459 456 485 437 441 175 467 299 308 457 409 347 134 482 642 500 515 486 330 649 490 521 493 509 477 432 445 480 463 441 508 493 488 721 550 344 514 324 542 614 817 452 0 405 674 338 490 634 539 226
548 479 428 422 457 149 558 333 399 422 485 556 553 413 682 702 306 783 211 99 783 147 459 220 781 416 300 531 312 485 292 474 157 312 542 293 298 297 523 188 430 122 75 469 407 338 677 198 181 559 219 374 155 186 191 174 333 97 301 553 320 106 207 550 154 755 362 120 212 446 393 662 851 308 405 0 399 460 547 656 390 209
331 484 210 427 462 478 340 341 669 427 162 339 826 418 359 379 313 460 485 429 460 275 242 501 459 421 307 805 320 490 299 479 395 320 815 301 305 549 797 469 435 452 404 474 676 346 354 407 309 342 500 51 284 315 399 302 340 427 308 336 327 436 415 823 282 432 145 449 420 451 176 340 529 315 674 399 0 465 820 333 173 482
266 147 285 90 126 428 275 532 332 90 550 273 552 81 438 458 505 539 284 489 539 537 290 386 537 84 499 530 511 153 491 143 514 511 540 492 496 213 522 354 99 512 465 137 340 537 433 555 571 276 385 439 545 576 548 564 532 487 500 271 518 496 563 548 543 511 341 400 569 114 372 404 607 507 338 460 465 0 545 424 369 282
683 564 703 507 543 515 692 619 485 508 913 691 117 499 855 875 591 956 371 576 956 624 708 473 955 502 586 95 598 571 578 560 601 598 105 579 583 383 87 441 516 599 552 554 492 624 850 642 657 694 472 802 632 663 635 651 619 574 587 688 605 583 650 113 630 929 703 486 656 532 684 822 1025 594 490 547 828 545 0 842 681 369
175 443 311 386 422 725 184 562 629 386 214 182 848 378 69 90 534 171 580 685 171 532 315 682 169 381 528 827 541 450 520 439 652 541 837 522 526 509 818 651 395 708 661 433 636 567 64 663 565 185 682 307 540 571 656 559 561 683 529 180 548 692 672 845 538 143 366 696 677 411 397 50 239 536 634 656 333 424 842 0 394 578
235 388 114 331 366 364 244 194 533 331 258 243 687 322 407 427 166 508 345 419 508 266 146 354 506 325 160 665 173 394 152 383 386 173 676 154 158 431 657 322 339 442 395 378 541 199 402 397 300 245 353 147 274 305 390 293 193 418 161 240 180 426 406 684 272 480 49 335 411 355 29 374 576 168 539 390 173 369 681 394 0 343
419 301 431 244 279 177 428 281 221 244 575 427 375 235 591 611 253 693 33 238 692 286 444 135 691 238 248 353 260 307 239 296 263 260 363 241 245 119 345 103 252 261 213 290 228 286 586 304 319 430 134 464 294 325 296 313 280 236 248 424 267 245 312 371 292 665 365 148 317 268 345 558 761 255 226 209 490 282 369 578 343 0
EOF
