NAME : tsp_problem
TYPE : TSP
DIMENSION : 28
EDGE_WEIGHT_TYPE : EXPLICIT
EDGE_WEIGHT_FORMAT : FULL_MATRIX
EDGE_WEIGHT_SECTION
0 400 524 689 700 616 20 780 656 627 120 806 656 784 618 656 613 528 744 655 502 638 763 715 656 455 125 710
374 0 218 465 477 309 373 474 349 320 473 499 432 477 312 349 306 222 437 348 279 332 457 491 349 347 478 403
329 218 0 277 289 241 329 436 281 253 429 396 244 440 331 281 239 33 457 280 90 264 476 303 282 159 434 423
436 465 277 0 124 484 436 408 524 496 536 368 80 412 557 524 482 281 482 524 197 507 501 139 525 266 541 405
448 477 289 124 0 496 448 420 536 507 547 380 91 423 569 536 493 293 493 535 209 519 513 150 536 278 553 416
541 309 241 484 496 0 541 249 92 63 640 242 451 253 399 92 49 245 323 91 302 75 343 510 92 371 646 246
20 399 524 689 700 615 0 780 655 627 119 805 655 784 618 655 613 528 744 654 502 638 763 715 656 455 125 710
732 474 439 408 420 249 731 0 290 261 831 166 375 95 241 289 247 443 166 289 493 272 185 434 290 561 836 89
581 349 281 524 536 92 581 290 0 103 681 282 491 293 439 132 89 285 363 131 342 115 383 550 132 411 686 286
553 320 253 496 507 63 552 261 103 0 652 253 462 264 410 103 61 257 335 102 314 86 354 522 104 382 657 257
265 317 442 606 618 533 265 698 573 544 0 723 573 701 536 573 530 446 662 572 420 556 681 632 573 372 43 628
692 499 431 368 380 242 692 166 282 253 791 0 335 169 315 282 239 435 240 281 453 265 259 394 282 522 796 162
403 432 244 80 91 451 403 375 491 462 502 335 0 378 524 491 448 248 449 490 164 474 468 106 491 233 508 372
735 477 442 412 423 253 735 95 293 264 834 169 378 0 245 293 250 446 169 292 496 276 189 438 293 565 840 92
592 312 331 557 569 399 592 241 439 410 691 315 524 245 0 439 396 335 205 438 392 422 224 583 439 460 697 171
581 349 281 524 536 92 581 289 132 103 680 282 491 293 439 0 89 285 363 131 342 115 383 550 132 411 686 286
539 306 239 482 493 49 538 247 89 61 638 239 448 250 396 89 0 243 321 88 300 72 340 508 90 368 643 243
333 222 33 281 293 245 333 440 285 257 433 400 248 444 335 285 243 0 461 284 94 268 480 307 286 163 438 427
718 437 457 482 493 323 718 166 363 335 817 240 449 169 205 363 321 461 0 362 518 346 149 508 364 586 823 96
580 348 280 524 535 91 580 289 131 102 680 281 490 292 438 131 88 284 362 0 342 114 382 549 131 410 685 285
250 279 90 197 209 302 250 493 342 314 349 453 164 496 392 342 300 94 518 342 0 325 537 223 343 80 355 484
564 332 264 507 519 75 564 272 115 86 663 265 474 276 422 115 72 268 346 114 325 0 366 533 115 394 669 269
737 457 476 501 513 343 737 185 383 354 836 259 468 189 224 383 340 480 149 382 537 366 0 527 383 606 842 115
462 491 303 139 150 510 462 434 550 522 562 394 106 438 583 550 508 307 508 549 223 533 527 0 551 292 567 431
582 349 282 525 536 92 581 290 132 104 681 282 491 293 439 132 90 286 364 131 343 115 383 551 0 411 686 286
202 347 159 266 278 371 202 561 411 382 302 522 233 565 460 411 368 163 586 410 80 394 606 292 411 0 307 552
271 323 447 612 623 539 271 703 579 550 43 729 579 707 541 579 536 451 667 578 425 561 686 638 579 378 0 633
684 403 423 405 416 246 684 89 286 257 783 162 372 92 171 286 243 427 96 285 484 269 115 431 286 552 789 0
EOF
