NAME : tsp_problem
TYPE : TSP
DIMENSION : 34
EDGE_WEIGHT_TYPE : EXPLICIT
EDGE_WEIGHT_FORMAT : FULL_MATRIX
EDGE_WEIGHT_SECTION
0 556 445 533 107 497 96 526 266 364 336 566 388 508 392 244 380 526 585 450 344 480 510 502 529 209 84 483 575 427 268 519 492 495
556 0 167 288 550 610 539 162 460 310 250 321 301 422 305 369 312 440 106 605 276 116 665 657 684 405 527 119 96 149 307 674 405 608
445 167 0 177 439 499 428 252 550 199 139 210 190 311 194 460 402 328 196 695 366 206 755 747 774 294 416 209 186 38 196 764 294 497
533 288 177 0 527 587 516 329 579 287 226 118 278 398 282 489 431 416 316 724 395 282 784 776 804 382 504 285 307 158 284 793 382 585
107 550 439 527 0 491 89 520 260 358 330 560 381 502 386 238 374 520 579 444 337 474 504 496 523 203 77 476 569 421 262 513 486 489
497 610 499 587 491 0 480 695 651 418 390 620 441 562 446 629 685 580 639 835 649 649 895 886 914 346 468 652 629 481 322 904 546 27
96 539 428 516 89 480 0 509 249 347 319 549 370 491 375 227 363 509 568 433 326 463 493 485 512 192 66 465 558 410 251 502 475 478
526 162 252 329 520 695 509 0 408 395 335 332 386 394 390 318 261 411 191 554 224 64 614 605 633 490 497 67 181 234 392 623 377 693
266 460 550 579 260 651 249 408 0 518 490 582 541 395 545 126 262 413 488 216 226 362 276 268 296 362 237 365 478 531 422 285 379 648
364 310 199 287 358 418 347 395 518 0 90 320 141 262 146 467 385 280 339 702 349 349 762 753 781 213 335 352 329 181 115 771 246 416
336 250 139 226 330 390 319 335 490 90 0 259 81 202 85 407 324 219 278 674 288 288 734 725 753 185 307 291 268 120 87 743 185 388
566 321 210 118 560 620 549 332 582 320 259 0 311 431 315 492 435 449 349 728 398 286 788 779 807 415 537 289 340 191 317 797 415 618
388 301 190 278 381 441 370 386 541 141 81 311 0 253 137 458 376 271 329 725 339 339 785 776 804 236 358 342 320 171 138 794 237 439
508 422 311 398 502 562 491 394 395 262 202 431 253 0 257 305 223 118 450 579 186 347 639 631 658 357 479 350 440 292 259 648 84 560
392 305 194 282 386 446 375 390 545 146 85 315 137 257 0 462 380 275 334 729 344 344 789 781 809 241 363 347 324 176 143 799 241 444
244 369 460 489 238 629 227 318 126 432 404 492 455 305 460 0 172 323 398 310 136 272 370 362 390 340 215 275 388 441 336 379 289 626
380 312 402 431 374 685 363 261 262 385 324 435 376 223 380 172 0 240 340 446 53 214 506 498 525 476 351 217 331 384 382 515 206 683
526 440 328 416 520 580 509 411 413 280 219 449 271 118 275 323 240 0 468 597 204 365 657 648 676 375 497 368 458 310 277 666 101 578
585 106 196 316 579 639 568 191 488 339 278 349 329 450 334 398 340 468 0 633 304 144 693 685 713 433 556 147 124 177 335 703 434 636
691 620 710 739 685 1076 674 569 457 804 744 743 795 642 799 552 509 660 648 0 473 522 97 88 116 788 662 525 639 691 794 106 626 1074
344 276 366 395 337 649 326 224 226 349 288 398 339 186 344 136 53 204 304 410 0 178 470 461 489 440 314 181 294 347 345 479 170 646
480 116 206 282 474 649 463 64 362 349 288 286 339 347 344 272 214 365 144 507 178 0 567 559 587 443 451 21 134 187 346 577 331 646
643 571 661 690 637 1027 626 520 409 756 695 694 746 593 751 503 460 611 599 315 424 473 0 40 67 739 614 476 590 643 745 57 577 1025
623 551 641 670 617 1007 606 500 389 736 675 674 727 574 731 483 441 591 580 296 404 454 356 0 48 719 594 456 570 623 725 37 557 1005
600 529 619 648 594 985 583 478 366 713 653 651 704 551 708 460 418 569 557 273 382 431 333 325 0 696 571 434 547 600 703 342 535 982
209 405 294 382 203 346 192 490 362 213 185 415 236 357 241 340 476 375 433 546 440 443 606 598 626 0 180 446 424 275 117 616 341 344
84 527 416 504 77 468 66 497 237 335 307 537 358 479 363 215 351 497 556 421 314 451 481 473 500 180 0 453 546 398 239 490 463 466
483 119 209 285 476 652 465 67 365 352 291 289 342 350 347 275 217 368 147 510 181 21 570 562 589 446 453 0 137 190 348 579 334 649
575 96 186 307 569 629 558 181 478 329 268 340 320 440 324 388 331 458 124 624 294 134 684 675 703 424 546 137 0 168 326 693 424 627
427 149 38 158 421 481 410 234 531 181 120 191 171 292 176 441 384 310 177 677 347 187 737 728 756 275 398 190 168 0 178 746 276 478
268 307 196 284 262 322 251 392 422 115 87 317 138 259 143 400 382 277 335 606 345 346 666 657 685 117 239 348 326 178 0 675 243 320
609 538 628 657 603 994 592 487 376 722 662 661 713 560 718 470 427 578 566 282 391 440 342 334 34 706 580 443 557 610 712 0 544 992
492 405 294 382 486 546 475 377 379 246 185 415 237 84 241 289 206 101 434 563 170 331 623 614 642 341 463 334 424 276 243 632 0 544
495 608 497 585 489 27 478 693 648 416 388 618 439 560 444 626 683 578 636 832 646 646 892 884 912 344 466 649 627 478 320 902 544 0
EOF
