NAME : tsp_problem
TYPE : TSP
DIMENSION : 77
EDGE_WEIGHT_TYPE : EXPLICIT
EDGE_WEIGHT_FORMAT : FULL_MATRIX
EDGE_WEIGHT_SECTION
0 285 367 468 276 358 752 481 593 311 519 638 560 588 639 967 558 386 184 468 306 618 606 116 510 602 597 956 491 630 549 449 382 642 570 215 596 331 370 383 462 947 602 273 466 567 648 234 506 393 469 127 137 656 253 549 750 489 355 922 372 967 658 546 188 604 662 344 213 307 223 952 499 507 969 529 940
109 0 436 537 345 427 821 550 662 380 587 707 629 657 708 1036 627 455 252 537 47 687 675 185 579 670 666 1025 559 699 617 518 451 711 639 284 665 400 438 452 531 1016 670 342 535 636 717 303 575 462 537 196 206 725 322 618 819 558 424 991 441 1036 727 615 257 673 731 413 282 376 292 1021 568 575 1038 597 1009
606 524 0 180 125 95 558 330 442 273 364 383 409 437 384 707 404 235 422 317 545 467 318 403 221 451 341 697 202 342 394 298 144 353 416 454 308 93 132 145 174 687 451 122 178 413 471 189 351 242 318 286 296 368 207 395 556 338 201 662 222 707 369 391 427 453 381 55 452 268 178 693 211 352 709 374 680
707 625 180 0 226 196 429 408 407 374 461 254 344 402 255 578 500 336 523 395 646 344 189 504 93 327 212 568 73 213 491 376 245 225 512 555 179 194 233 246 45 559 327 223 49 509 342 290 448 343 396 387 397 239 308 491 427 416 302 534 323 579 241 488 528 330 252 156 553 369 279 564 82 449 581 471 552
563 481 125 226 0 116 593 239 351 268 360 396 318 346 397 746 400 144 380 226 502 376 364 312 268 360 355 736 249 388 390 207 140 400 412 411 354 89 128 141 220 727 360 31 224 409 489 98 347 151 227 195 205 414 116 390 591 247 197 701 130 746 416 387 384 362 420 102 409 264 87 732 257 348 749 370 719
596 515 95 196 116 0 574 320 433 263 355 399 400 428 400 723 394 226 413 307 535 458 334 393 238 441 357 713 219 358 385 288 135 370 406 444 324 84 122 136 190 704 441 113 194 403 484 179 342 232 308 277 287 384 198 385 572 329 191 679 212 724 386 382 417 443 397 72 442 259 169 709 227 343 726 365 697
812 730 558 429 593 574 0 512 511 479 299 358 448 506 359 482 339 553 629 499 751 448 261 664 471 431 316 472 451 285 329 480 491 329 351 660 283 561 479 465 423 463 431 590 427 348 181 656 286 560 499 754 764 310 675 330 115 520 407 438 562 483 312 326 633 434 231 534 658 475 646 468 460 287 485 309 456
768 686 330 408 239 320 512 0 331 473 543 256 269 326 257 661 583 139 584 85 706 235 272 516 449 219 214 651 430 296 573 66 344 307 595 615 262 294 332 345 402 642 219 236 405 592 425 302 531 146 86 400 410 322 321 574 510 106 401 616 148 661 323 571 588 221 335 306 614 469 292 647 439 531 663 553 634
880 798 442 407 351 433 511 331 0 585 542 255 88 116 256 660 582 299 697 318 819 268 271 629 449 251 213 650 429 295 573 299 457 307 594 728 261 406 445 458 401 641 251 348 405 591 424 415 530 306 319 512 522 321 433 573 509 340 514 615 285 660 323 570 701 253 334 419 726 581 404 646 438 531 663 553 634
371 290 273 374 268 263 479 473 585 0 246 569 552 580 570 694 286 378 188 460 310 610 472 224 415 594 528 684 396 496 276 441 166 540 298 219 495 236 154 140 368 674 594 265 371 294 375 332 233 385 461 358 368 522 350 276 477 481 83 649 364 694 524 273 192 596 442 249 217 34 321 680 405 234 696 256 667
579 497 364 461 360 355 299 543 542 246 0 390 480 538 391 514 106 470 396 530 518 480 292 431 502 463 348 504 483 316 96 511 258 360 118 427 315 328 246 232 455 495 463 357 458 115 195 423 53 476 531 521 531 342 442 97 297 552 174 469 456 514 344 93 400 465 262 341 425 241 413 500 491 54 517 76 488
903 821 383 254 396 399 358 256 255 569 390 0 192 250 103 507 430 297 719 243 842 192 118 674 296 175 60 497 276 142 420 224 448 154 441 750 108 397 436 449 248 488 175 394 252 438 272 460 377 304 243 558 567 168 479 420 356 264 498 463 306 508 170 417 723 178 181 359 749 565 449 493 285 378 510 400 481
847 765 409 344 318 400 448 269 88 552 480 192 0 83 193 598 520 266 663 256 786 205 209 596 386 188 150 587 367 233 510 237 424 244 532 695 199 373 411 425 338 578 188 315 342 529 362 382 467 273 256 479 489 258 400 510 447 277 480 553 252 598 260 507 667 191 271 386 693 548 371 583 375 468 600 490 571
875 793 437 402 346 428 506 326 116 580 538 250 83 0 251 655 578 294 692 313 814 263 266 624 444 246 208 645 424 290 568 294 452 302 590 723 256 401 440 453 396 636 246 343 400 586 420 410 525 301 314 507 517 316 428 568 504 335 509 611 281 656 318 565 696 248 329 414 721 576 399 641 433 526 658 548 629
904 822 384 255 397 400 359 257 256 570 391 103 193 251 0 508 430 298 720 243 842 193 119 675 297 176 61 498 277 143 421 225 449 155 442 751 109 398 437 450 249 489 176 395 253 439 272 461 378 305 244 559 568 169 480 421 357 265 499 464 307 509 171 418 724 178 182 360 750 566 450 494 286 379 511 401 482
1027 946 707 578 753 723 482 661 660 694 514 507 598 655 508 0 554 702 844 648 966 597 410 880 620 581 465 100 600 434 544 629 706 478 566 875 433 721 694 680 572 91 581 751 576 563 396 817 501 709 649 915 924 460 836 545 481 669 622 65 711 110 462 542 848 583 380 683 873 690 806 96 609 502 113 524 84
619 537 404 500 400 394 339 583 582 286 106 430 520 578 430 554 0 509 435 570 558 520 332 471 542 503 388 544 523 356 136 551 298 400 158 467 355 368 286 272 494 535 503 397 498 155 235 463 93 516 571 561 571 382 482 136 337 592 214 509 496 554 384 133 440 505 302 380 465 281 452 540 531 94 557 116 528
673 591 235 336 144 226 553 139 299 378 470 297 266 294 298 702 509 0 489 126 612 277 313 422 378 260 255 692 358 337 500 107 250 349 521 521 303 199 237 251 330 683 260 141 334 518 467 208 457 51 127 305 315 363 226 500 551 148 306 658 53 703 365 497 493 262 376 212 519 374 197 688 367 458 705 480 676
204 122 531 632 440 522 916 645 757 475 683 803 724 752 803 1131 723 550 0 632 143 782 770 280 674 766 761 1120 655 794 713 613 546 806 735 51 760 495 534 547 626 1111 766 437 630 731 812 398 670 557 633 291 301 820 417 713 914 653 519 1086 536 1131 822 710 24 768 826 508 50 471 388 1117 663 671 1133 693 1104
755 673 317 395 226 307 499 85 318 460 530 243 256 313 243 648 570 126 571 0 693 222 259 503 436 206 201 637 417 283 560 53 331 294 582 602 249 280 319 332 389 628 206 223 392 579 412 289 517 133 73 387 397 309 308 561 497 93 388 603 135 648 310 558 575 208 322 293 601 455 278 634 426 518 650 540 621
110 356 437 538 346 428 822 551 663 381 589 709 630 658 710 1037 629 456 254 538 0 688 677 186 580 672 667 1027 561 700 619 519 452 712 641 285 667 401 440 453 533 1018 672 343 536 638 718 304 576 463 539 198 207 726 323 619 820 559 426 992 443 1037 728 616 258 674 732 414 283 377 294 1023 569 577 1039 599 1010
905 823 467 344 376 458 448 235 268 610 480 192 205 263 193 597 520 277 722 222 844 0 208 654 386 155 150 587 366 232 510 203 482 244 532 753 198 431 470 483 338 578 155 373 342 528 362 440 467 284 223 537 547 258 458 510 446 244 539 553 286 598 260 507 726 157 271 444 751 606 429 583 375 468 600 490 571
806 724 318 189 364 334 261 272 271 472 292 118 209 266 119 410 332 313 622 259 744 208 0 642 231 192 77 400 212 45 323 240 383 89 344 653 44 332 371 384 183 391 192 362 187 341 174 428 280 320 260 526 535 71 447 323 259 280 401 365 322 410 73 320 626 194 84 294 652 468 417 396 220 281 413 302 384
280 198 403 504 312 393 664 516 629 224 431 674 596 624 675 880 471 422 96 503 219 654 642 0 546 637 632 869 526 666 461 484 352 678 483 128 632 367 340 326 498 860 637 309 502 480 561 270 419 428 504 163 173 692 288 462 663 525 268 835 408 880 693 459 100 640 628 379 126 220 259 865 535 419 882 441 853
749 667 221 93 268 238 471 449 449 415 502 296 386 444 297 620 542 378 565 436 687 386 231 546 0 369 254 610 115 255 532 417 287 266 554 596 221 236 275 288 87 600 369 265 90 551 384 332 489 384 437 429 439 281 350 533 469 458 344 575 364 620 282 530 569 371 294 198 595 411 321 606 124 490 622 512 593
889 807 451 327 360 441 431 219 251 594 463 175 188 246 176 581 503 260 705 206 827 155 192 637 369 0 134 570 350 216 493 187 465 227 515 736 182 414 453 466 321 561 138 357 325 512 345 423 450 267 207 521 531 241 442 494 430 227 522 536 269 581 243 490 709 141 254 427 735 589 412 566 358 451 583 473 554
861 779 341 212 355 357 316 214 213 528 348 60 150 208 61 465 388 255 677 201 800 150 77 632 254 134 0 455 234 100 378 182 406 112 400 709 67 355 394 407 206 446 134 352 210 397 230 418 335 262 202 516 526 126 437 378 315 222 456 421 264 466 128 375 681 136 139 317 707 523 408 451 243 336 468 358 439
1017 935 697 568 743 713 472 651 650 684 504 497 587 645 498 100 544 692 833 637 956 587 400 869 610 570 455 0 590 424 534 619 696 468 556 865 422 711 683 670 562 80 570 740 566 553 386 807 491 699 638 904 914 449 825 534 471 659 612 55 701 100 451 531 837 573 370 673 863 679 796 85 599 492 102 514 73
729 648 202 73 249 219 451 430 429 396 483 276 367 424 277 600 523 358 546 417 668 366 212 526 115 350 234 590 0 235 513 398 267 247 535 577 202 217 255 268 67 581 350 246 71 532 365 312 470 365 418 410 420 261 331 513 450 438 324 556 345 601 263 510 550 352 274 179 575 392 301 586 104 471 603 493 574
830 748 342 213 388 358 285 296 295 496 316 142 233 290 143 434 356 337 646 283 768 232 45 666 255 216 100 424 235 0 346 264 407 113 368 677 67 356 395 408 207 415 216 385 211 365 198 452 304 344 284 549 559 95 470 347 283 304 424 389 346 434 96 344 650 218 108 318 676 492 441 420 244 304 437 326 408
609 527 394 491 390 385 329 573 573 276 96 420 510 568 421 544 136 500 426 560 548 510 323 461 532 493 378 534 513 346 0 541 288 390 148 457 345 358 276 262 485 525 493 387 488 145 225 453 83 506 561 551 561 372 472 127 327 582 204 500 486 545 374 123 430 495 292 371 455 272 443 530 522 84 547 106 518
736 654 298 376 207 288 480 66 299 441 511 224 237 294 225 629 551 107 552 53 674 203 240 484 417 187 182 619 398 264 541 0 312 275 563 583 230 262 300 313 370 610 187 204 373 560 393 270 499 114 54 368 378 290 289 542 478 74 369 584 116 629 291 539 556 189 303 274 582 437 260 615 407 499 631 521 602
500 418 144 245 140 135 491 344 457 166 258 445 424 452 446 644 298 250 316 331 439 482 348 352 287 465 404 634 267 372 288 312 0 416 310 347 371 108 26 39 239 625 465 137 243 307 387 203 245 256 332 301 311 398 222 288 489 353 95 599 236 644 400 285 320 467 318 121 346 162 193 630 276 246 647 268 618
873 792 353 225 400 370 329 307 307 540 360 154 244 302 155 478 400 349 690 294 812 244 89 678 266 227 112 468 247 113 390 275 419 0 412 721 79 368 406 420 219 459 227 397 222 409 242 463 348 355 295 561 571 139 482 391 327 316 468 433 358 478 140 388 694 229 152 330 719 536 453 464 256 348 480 370 451
631 549 416 512 412 406 351 595 594 298 118 441 532 590 442 566 158 521 447 582 570 532 344 483 554 515 400 556 535 368 148 563 310 412 0 479 367 380 297 284 506 547 515 409 510 167 247 475 105 528 583 573 583 394 494 148 349 604 226 521 508 566 396 145 452 517 314 392 477 293 464 552 543 106 569 128 540
189 107 517 618 426 507 901 630 743 460 668 788 709 738 789 1116 708 535 333 617 128 768 756 265 659 751 746 1106 640 780 698 598 531 791 720 0 746 480 519 532 612 1097 751 423 615 717 797 384 655 542 618 277 287 805 402 699 899 639 505 1072 522 1116 807 695 337 753 811 493 35 456 373 1102 649 656 1119 678 1090
828 746 308 179 354 324 283 262 261 495 315 108 199 256 109 433 355 303 644 249 767 198 44 632 221 182 67 422 202 67 345 230 373 79 367 676 0 322 361 374 173 413 182 352 177 364 197 418 302 310 250 516 525 93 437 345 282 270 423 388 312 433 95 342 649 184 106 284 674 490 407 418 210 303 435 325 406
570 488 93 194 89 84 561 294 406 236 328 397 373 401 398 714 368 199 386 280 508 431 332 367 236 414 355 704 217 356 358 262 108 368 380 417 322 0 96 109 188 695 414 86 192 377 457 153 315 205 281 250 260 382 171 358 559 302 165 669 185 714 384 355 390 417 388 70 416 232 142 700 225 316 717 338 688
488 406 132 233 128 122 479 332 445 154 246 433 411 440 434 632 286 237 304 319 426 470 336 340 275 453 391 622 255 360 276 300 26 404 297 335 358 96 0 27 227 612 453 125 231 294 375 191 233 244 320 289 299 386 210 276 477 341 82 587 224 632 387 273 308 455 306 108 333 150 180 618 264 234 634 256 605
474 392 145 246 141 136 465 345 458 140 232 446 425 453 447 645 272 251 290 332 413 483 349 326 288 466 405 635 268 373 262 313 39 417 284 321 372 109 27 0 240 626 466 138 244 281 361 204 219 257 333 302 312 399 223 263 463 354 69 600 237 645 401 259 294 468 319 122 320 136 194 631 277 220 648 242 619
701 619 174 45 220 190 423 402 401 368 455 248 338 396 249 572 494 330 517 389 640 338 183 498 87 321 206 562 67 207 485 370 239 219 506 549 173 188 227 240 0 553 321 218 43 503 336 284 442 337 390 382 391 233 303 485 421 410 296 528 317 573 235 482 522 324 246 150 547 363 273 558 76 443 575 465 546
1008 926 687 559 734 704 463 642 641 674 495 488 578 636 489 91 535 683 824 628 947 578 391 860 600 561 446 80 581 415 525 610 687 459 547 856 413 702 674 661 553 0 561 731 556 544 377 798 482 690 629 895 905 440 816 525 461 650 603 46 692 91 442 522 828 563 360 664 854 670 787 76 590 483 93 505 64
889 807 451 327 360 441 431 219 251 594 463 175 188 246 176 581 503 260 705 206 827 155 192 637 369 138 134 570 350 216 493 187 465 227 515 736 182 414 453 466 321 561 0 357 325 512 345 423 450 267 207 521 531 241 442 494 430 227 522 536 269 581 243 490 709 141 254 427 734 589 412 566 358 451 583 473 554
560 478 122 223 31 113 590 236 348 265 357 394 315 343 395 743 397 141 377 223 499 373 362 309 265 357 352 733 246 385 387 204 137 397 409 408 352 86 125 138 218 724 357 0 221 406 486 95 344 148 224 192 202 411 113 387 588 244 194 698 128 743 413 384 381 359 417 99 406 261 84 729 254 345 746 367 717
705 623 178 49 224 194 427 405 405 371 458 252 342 400 253 576 498 334 521 392 643 342 187 502 90 325 210 566 71 211 488 373 243 222 510 552 177 192 231 244 43 556 325 221 0 507 340 288 446 340 393 385 395 237 306 489 425 414 300 531 320 576 238 486 525 327 250 154 551 367 277 562 80 446 578 468 549
628 546 413 509 409 403 348 592 591 294 115 438 529 586 439 563 155 518 444 579 567 528 341 480 551 512 397 553 532 365 145 560 307 409 167 476 364 377 294 281 503 544 512 406 507 0 244 472 102 525 580 570 580 391 491 145 346 600 223 518 505 563 393 142 448 514 311 389 474 290 461 549 540 103 565 125 536
709 627 471 342 489 484 181 425 424 375 195 272 362 420 272 396 235 467 525 412 647 362 174 561 384 345 230 386 365 198 225 393 387 242 247 556 197 457 375 361 336 377 345 486 340 244 0 553 183 473 413 650 660 224 571 226 179 434 303 351 475 396 226 223 529 347 144 448 554 371 542 382 373 183 399 205 370
521 439 189 290 98 179 656 302 415 332 423 460 382 410 461 810 463 208 338 289 460 440 428 270 332 423 418 799 312 452 453 270 203 463 475 369 418 153 191 204 284 790 423 95 288 472 553 0 411 214 290 153 163 478 74 454 655 311 260 765 194 810 479 451 342 425 483 165 367 328 45 795 321 411 812 433 783
566 485 351 448 347 342 286 531 530 233 53 377 467 525 378 501 93 457 383 517 505 467 280 419 489 450 335 491 470 304 83 499 245 348 105 414 302 315 233 219 442 482 450 344 446 102 183 411 0 464 518 508 518 329 429 84 285 539 161 457 443 502 331 81 387 453 249 328 412 229 400 487 479 41 504 63 475
680 598 242 343 151 232 560 146 306 385 476 304 273 301 305 709 516 51 496 133 618 284 320 428 384 267 262 699 365 344 506 114 256 355 528 527 310 205 244 257 337 690 267 148 340 525 473 214 464 0 134 312 322 370 233 507 558 154 313 664 60 709 371 504 500 269 383 218 526 381 204 695 374 464 712 486 683
755 674 318 396 227 308 499 86 319 461 531 243 256 314 244 649 571 127 572 73 694 223 260 504 437 207 202 638 418 284 561 54 332 295 583 603 250 281 320 333 390 629 207 224 393 580 413 290 518 134 0 388 398 309 309 562 498 94 389 604 136 649 311 558 576 209 323 294 601 456 279 634 426 519 651 541 622
414 333 286 387 195 277 754 400 512 358 521 558 479 507 559 907 561 305 231 387 353 537 526 163 429 521 516 897 410 549 551 368 301 561 573 262 516 250 289 302 382 888 521 192 385 570 650 153 508 312 388 0 56 575 172 551 752 408 358 862 292 907 577 548 235 523 581 263 260 354 143 893 418 509 910 531 881
424 342 296 397 205 287 764 410 522 368 531 567 489 517 568 917 571 315 241 397 363 547 535 173 439 531 526 907 420 559 561 378 311 571 583 272 525 260 299 312 391 898 531 202 395 580 660 163 518 322 398 56 0 585 182 561 762 418 368 872 301 917 587 558 245 533 591 273 270 364 152 903 428 519 919 541 890
855 773 368 239 414 384 310 322 321 522 342 168 258 316 169 460 382 363 672 309 794 258 71 692 281 241 126 449 261 95 372 290 433 139 394 703 93 382 421 434 233 440 241 411 237 391 224 478 329 370 309 575 585 0 496 373 309 330 450 415 372 460 122 369 676 244 134 344 701 518 467 445 270 330 462 352 433
540 458 207 308 116 198 675 321 433 350 442 479 400 428 480 828 482 226 356 308 478 458 447 288 350 442 437 818 331 470 472 289 222 482 494 387 437 171 210 223 303 809 442 113 306 491 571 74 429 233 309 172 182 496 0 472 673 329 279 783 213 828 498 469 360 444 502 184 386 346 64 814 339 430 831 452 802
610 528 395 491 390 385 330 574 573 276 97 420 510 568 421 545 136 500 426 561 548 510 323 462 533 494 378 534 513 347 127 542 288 391 148 457 345 358 276 263 485 525 494 387 489 145 226 454 84 507 562 551 561 373 472 0 328 582 205 500 486 545 374 124 430 496 293 371 456 272 443 530 522 85 547 107 518
811 729 556 427 591 572 115 510 509 477 297 356 447 504 357 481 337 551 627 497 749 446 259 663 469 430 315 471 450 283 327 478 489 327 349 658 282 559 477 463 421 461 430 588 425 346 179 655 285 558 498 752 762 309 673 328 0 518 406 436 560 481 311 325 631 432 229 532 657 473 644 467 458 285 483 307 454
776 694 338 416 247 329 520 106 340 481 552 264 277 335 265 669 592 148 592 93 715 244 280 525 458 227 222 659 438 304 582 74 353 316 604 624 270 302 341 354 410 650 227 244 414 600 434 311 539 154 94 408 418 330 329 582 518 0 410 625 156 670 332 579 597 229 343 315 622 477 300 655 447 540 672 562 643
416 334 201 302 197 191 407 401 514 83 174 498 480 509 499 622 214 306 232 388 355 539 401 268 344 522 456 612 324 424 204 369 95 468 226 264 423 165 82 69 296 603 522 194 300 223 303 260 161 313 389 358 368 450 279 205 406 410 0 578 293 623 452 201 236 524 370 177 262 78 249 608 333 162 625 184 596
983 901 662 534 709 679 438 616 615 649 469 463 553 611 464 65 509 658 799 603 921 553 365 835 575 536 421 55 556 389 500 584 661 433 521 830 388 677 649 635 528 46 536 706 531 518 351 772 457 664 604 870 880 415 791 500 436 625 578 0 666 66 417 497 803 538 335 639 829 645 762 51 564 458 68 479 39
659 578 222 323 130 212 562 148 285 364 456 306 252 281 307 711 496 53 476 135 598 286 322 408 364 269 264 701 345 346 486 116 236 358 508 507 312 185 224 237 317 692 269 128 320 505 475 194 443 60 136 292 301 372 213 486 560 156 293 666 0 711 374 483 480 271 385 198 505 360 183 697 353 444 714 466 685
1028 946 707 579 754 724 483 661 660 694 514 508 598 656 509 110 554 703 844 648 966 598 410 880 620 581 466 100 601 434 545 629 706 478 566 875 433 722 694 680 573 91 581 751 576 563 396 817 502 709 649 915 925 460 836 545 481 670 623 66 711 0 462 542 848 583 380 684 874 690 807 96 609 503 113 524 84
857 775 369 241 416 386 312 323 323 524 344 170 260 318 171 462 384 365 673 310 796 260 73 693 282 243 128 451 263 96 374 291 435 140 396 705 95 384 422 436 235 442 243 413 238 393 226 479 331 371 311 577 587 122 498 374 311 332 452 417 374 462 0 371 678 245 135 346 703 519 469 447 272 332 464 354 435
607 525 391 488 387 382 326 571 570 273 93 417 507 565 418 542 133 497 423 558 545 507 320 459 530 490 375 531 510 344 123 539 285 388 145 454 342 355 273 259 482 522 490 384 486 142 223 451 81 504 558 548 558 369 469 124 325 579 201 497 483 542 371 0 427 493 290 368 452 269 440 527 519 81 544 103 515
208 126 535 636 444 526 920 649 761 479 687 807 728 756 808 1135 727 554 24 636 147 786 775 284 678 770 765 1125 659 798 717 617 550 810 739 55 765 499 538 551 630 1116 770 441 634 736 816 402 674 561 637 296 305 824 421 717 918 657 524 1090 541 1135 826 714 0 772 830 512 54 475 392 1121 667 675 1137 697 1108
891 809 453 330 362 443 434 221 253 596 465 178 191 248 178 583 505 262 707 208 830 157 194 640 371 141 136 573 352 218 495 189 467 229 517 738 184 417 455 468 324 563 141 359 327 514 347 425 453 269 209 523 533 244 444 496 432 229 524 538 271 583 245 493 711 0 257 429 737 592 415 569 361 453 585 475 556
775 694 381 252 427 397 231 335 334 442 262 181 271 329 182 380 302 376 592 322 714 271 84 628 294 254 139 370 274 108 292 303 446 152 314 623 106 395 434 428 246 360 254 424 250 311 144 491 249 383 323 588 598 134 509 293 229 343 370 335 385 380 135 290 596 257 0 357 621 438 480 366 283 250 382 272 353
582 501 55 156 102 72 534 306 419 249 341 359 386 414 360 683 380 212 399 293 521 444 294 379 198 427 317 673 179 318 371 274 121 330 392 430 284 70 108 122 150 664 427 99 154 389 448 165 328 218 294 263 273 344 184 371 532 315 177 639 198 684 346 368 403 429 357 0 428 245 155 669 187 329 686 351 657
188 106 515 616 424 506 899 629 741 459 666 786 708 736 787 1115 706 534 331 615 126 766 754 264 658 749 744 1104 638 778 696 597 530 790 718 35 744 479 517 531 610 1095 749 421 614 715 796 382 654 540 616 275 285 804 401 697 898 637 503 1070 520 1115 806 694 335 752 810 492 0 455 371 1100 647 654 1117 676 1088
367 286 268 369 264 259 475 469 581 34 241 565 548 576 566 690 281 374 184 455 306 606 468 220 411 589 523 679 392 492 272 437 162 536 293 215 490 232 150 136 363 670 589 261 367 290 371 328 229 381 456 354 364 518 346 272 473 477 78 645 360 690 519 269 188 592 438 245 213 0 317 675 400 230 692 251 663
510 429 178 279 87 169 646 292 404 321 413 449 371 399 450 799 452 197 327 278 449 429 417 259 321 412 408 789 301 441 443 260 193 453 464 358 407 142 180 194 273 779 412 84 277 461 542 45 400 204 279 143 152 467 64 443 644 300 249 754 183 799 469 440 331 415 473 155 356 317 0 785 310 401 801 423 772
1013 931 693 564 739 709 468 647 646 680 500 493 583 641 494 96 540 688 829 634 952 583 396 865 606 566 451 85 586 420 530 615 692 464 552 861 418 707 679 666 558 76 566 736 562 549 382 803 487 695 634 900 910 445 821 530 467 655 608 51 697 96 447 527 834 569 366 669 859 675 792 0 595 488 98 510 69
738 656 211 82 257 227 460 439 438 405 491 285 375 433 286 609 531 367 554 426 677 375 220 535 124 358 243 599 104 244 522 407 276 256 543 586 210 225 264 277 76 590 358 254 80 540 373 321 479 374 426 418 428 270 339 522 458 447 333 564 353 609 272 519 558 361 283 187 584 400 310 595 0 480 612 501 583
567 485 352 449 348 343 287 531 531 234 54 378 468 526 379 502 94 458 384 518 506 468 281 419 490 451 336 492 471 304 84 499 246 348 106 415 303 316 234 220 443 483 451 345 446 103 183 411 41 464 519 509 519 330 430 85 285 540 162 458 444 503 332 81 388 453 250 329 413 230 401 488 480 0 505 64 476
1030 948 709 581 756 726 485 663 663 696 517 510 600 658 511 113 557 705 846 650 969 600 413 882 622 583 468 102 603 437 547 631 709 480 569 877 435 724 696 683 575 93 583 753 578 565 399 819 504 712 651 917 927 462 838 547 483 672 625 68 714 113 464 544 850 585 382 686 876 692 809 98 612 505 0 527 86
589 507 374 471 370 365 309 553 553 256 76 400 490 548 401 524 116 480 406 540 528 490 302 441 512 473 358 514 493 326 106 521 268 370 128 437 325 338 256 242 465 505 473 367 468 125 205 433 63 486 541 531 541 352 452 107 307 562 184 479 466 524 354 103 410 475 272 351 435 251 423 510 501 64 527 0 498
1001 919 680 552 727 697 456 634 634 667 488 481 571 629 482 84 528 676 817 621 940 571 384 853 593 554 439 73 574 408 518 602 680 451 540 848 406 695 667 654 546 64 554 724 549 536 370 790 475 683 622 888 898 433 809 518 454 643 596 39 685 84 435 515 821 556 353 657 847 663 780 69 583 476 86 498 0
EOF
