NAME : tsp_problem
TYPE : TSP
DIMENSION : 20
EDGE_WEIGHT_TYPE : EXPLICIT
EDGE_WEIGHT_FORMAT : FULL_MATRIX
EDGE_WEIGHT_SECTION
0 335 387 658 301 522 104 434 407 595 370 197 483 579 439 664 552 156 550 646
335 0 113 370 82 234 409 233 206 307 169 312 283 291 239 376 352 193 263 445
387 113 0 290 146 154 316 141 114 227 76 219 190 211 146 296 259 292 183 352
287 341 440 0 308 562 368 561 534 502 497 362 610 619 566 704 679 162 590 672
301 82 146 403 0 267 382 267 240 340 202 346 316 325 272 409 385 159 296 478
424 478 577 834 444 0 504 697 670 638 633 498 747 755 703 840 816 299 727 808
104 409 316 586 382 450 0 363 335 523 298 277 412 507 368 592 481 236 479 574
434 233 141 411 267 275 363 0 55 348 88 266 119 332 87 417 140 413 304 234
407 206 114 384 240 248 335 55 0 321 60 239 104 305 60 390 168 386 276 261
595 307 227 364 340 228 523 348 321 0 283 427 351 285 353 370 279 486 256 192
370 169 76 346 202 210 298 88 60 283 0 202 137 268 93 352 206 348 239 299
197 312 219 490 346 354 277 266 239 427 202 0 315 411 271 496 384 230 382 478
483 283 190 460 316 324 412 119 104 351 137 315 0 381 114 466 93 462 353 186
360 415 513 771 381 635 441 634 607 575 570 435 683 0 640 777 752 236 664 745
439 239 146 416 272 280 368 87 60 353 93 271 114 337 0 422 135 418 309 229
281 336 434 692 302 556 362 555 528 496 491 356 604 613 560 0 673 157 585 666
552 352 259 529 385 393 481 140 168 279 206 384 93 450 135 535 0 531 422 114
156 193 292 549 159 413 236 413 386 486 348 230 462 471 418 555 531 0 442 624
393 447 546 803 413 667 473 667 639 608 602 467 716 725 672 809 785 268 0 778
646 445 352 534 478 397 574 234 261 192 299 478 186 455 229 540 114 624 426 0
EOF