NAME : tsp_problem
TYPE : TSP
DIMENSION : 21
EDGE_WEIGHT_TYPE : EXPLICIT
EDGE_WEIGHT_FORMAT : FULL_MATRIX
EDGE_WEIGHT_SECTION
0 216 510 425 277 240 335 480 80 180 176 376 241 613 64 238 432 200 641 397 536
216 0 636 229 403 399 486 364 239 338 335 527 126 764 222 123 317 359 793 523 687
510 636 0 533 256 347 242 450 533 403 399 226 693 185 516 691 667 397 214 172 109
425 229 533 0 301 351 445 574 448 341 338 486 335 685 432 332 526 335 713 421 608
277 403 256 301 0 179 274 423 300 170 166 315 460 408 283 458 640 164 436 144 331
240 396 347 351 179 0 117 266 263 133 129 157 421 394 247 418 483 127 423 300 318
335 486 242 445 274 117 0 220 358 228 224 53 511 290 341 509 437 222 319 381 214
480 364 450 574 423 266 220 0 503 377 374 261 390 498 486 387 315 372 527 544 421
80 239 533 448 300 263 358 503 0 203 199 399 264 636 87 261 455 223 665 420 559
180 338 403 341 170 133 228 377 203 0 69 269 364 506 186 361 555 93 534 290 429
176 335 399 338 166 129 224 374 199 69 0 265 360 502 183 357 551 89 531 286 425
376 527 226 486 315 157 53 261 399 269 265 0 552 273 382 550 478 263 302 364 197
241 126 693 335 460 424 511 390 264 364 360 552 0 789 247 148 342 384 818 581 713
567 693 214 591 314 469 423 630 590 460 456 406 751 0 573 748 847 454 67 230 289
64 222 516 432 283 247 341 486 87 186 183 382 247 619 0 245 438 207 648 404 542
238 123 691 332 458 421 509 387 261 361 357 550 148 786 245 0 339 381 815 578 710
432 317 667 526 640 483 437 315 455 555 551 478 342 715 438 339 0 575 744 761 638
200 359 397 335 164 127 222 372 223 93 89 263 384 500 207 381 575 0 529 284 423
534 660 181 558 281 436 390 597 557 427 423 373 718 333 541 715 814 421 0 197 256
397 523 172 421 144 300 381 544 420 290 286 364 581 324 404 578 761 284 352 0 247
621 747 268 645 368 523 477 685 644 514 510 460 805 92 628 802 901 508 121 284 0
EOF
