NAME : tsp_problem
TYPE : TSP
DIMENSION : 30
EDGE_WEIGHT_TYPE : EXPLICIT
EDGE_WEIGHT_FORMAT : FULL_MATRIX
EDGE_WEIGHT_SECTION
0 467 486 471 321 800 396 863 579 381 551 560 584 834 527 710 582 403 341 420 727 963 756 871 919 910 367 773 631 723
460 0 317 428 170 575 91 613 400 213 103 112 257 640 200 485 133 235 298 252 502 832 445 646 788 779 120 548 182 412
264 317 0 446 189 380 246 504 158 121 401 410 333 531 377 289 432 99 316 99 306 675 335 450 630 621 217 352 400 303
580 428 446 0 281 695 357 749 540 342 512 521 544 720 487 604 542 364 227 381 622 849 717 765 805 796 327 668 592 684
388 170 189 281 0 503 99 628 282 84 254 263 287 644 230 413 285 106 151 123 430 773 459 574 729 720 70 476 334 426
572 354 372 357 207 0 282 749 465 267 438 447 470 720 413 596 468 289 227 306 613 849 643 757 805 796 253 659 517 610
444 91 246 357 99 559 0 597 339 141 175 184 207 624 150 469 205 163 227 181 486 816 428 629 771 763 49 532 255 395
370 613 504 749 628 485 597 0 360 557 549 541 402 54 466 394 519 535 619 535 411 246 191 555 202 193 626 457 469 223
121 400 158 540 282 236 339 360 0 211 337 328 189 387 254 145 307 189 409 189 162 531 191 306 486 478 310 208 257 159
318 213 121 342 84 433 141 557 211 0 297 306 329 585 272 342 327 148 212 153 360 728 389 503 684 675 112 406 376 356
397 103 401 512 254 512 175 549 337 297 0 108 217 577 281 421 130 319 382 336 439 769 381 582 724 715 204 485 179 348
389 112 410 521 263 504 184 541 328 306 108 0 208 569 273 413 139 328 391 345 430 760 373 574 716 707 213 476 188 340
249 257 333 544 287 364 207 402 189 329 217 208 0 429 82 274 187 351 414 364 291 621 233 434 576 568 237 337 136 200
341 640 531 720 644 456 624 54 387 585 577 569 429 0 494 365 547 562 590 563 383 217 218 526 173 164 654 429 497 251
314 200 377 487 230 429 150 466 254 272 281 273 82 494 0 338 251 294 357 311 355 685 298 499 641 632 180 402 201 265
669 451 470 455 305 784 380 846 563 365 535 544 568 818 511 0 566 387 325 404 711 947 740 854 902 894 351 757 615 707
367 133 432 542 285 482 205 519 307 327 130 139 187 547 251 391 0 349 412 366 409 739 351 552 694 685 235 455 209 318
296 235 99 364 106 411 163 535 189 148 319 328 351 562 294 320 349 0 234 130 337 706 367 481 661 653 134 383 398 334
450 298 316 227 151 565 227 619 409 212 382 391 414 590 357 474 412 234 0 251 491 719 587 635 675 666 197 538 462 554
296 252 99 381 123 411 181 535 189 153 336 345 364 563 311 320 366 130 251 0 338 706 367 481 662 653 151 384 415 334
644 426 445 430 280 759 355 821 538 340 510 519 543 793 486 669 541 362 300 379 0 922 715 829 877 869 326 732 590 682
413 606 497 850 621 528 590 128 353 550 543 534 395 155 459 438 513 528 720 528 455 0 184 598 302 294 619 501 462 216
252 445 335 710 459 367 428 191 191 389 381 373 233 218 298 276 351 367 580 367 293 410 0 437 366 357 458 339 301 97
514 296 315 300 150 629 225 691 408 210 380 389 413 663 355 539 411 232 170 249 556 792 585 0 747 739 196 602 460 552
466 659 550 903 674 581 643 181 406 603 596 587 448 208 512 491 566 581 773 581 508 72 237 651 0 347 672 554 515 269
470 663 554 907 678 585 647 185 410 608 600 592 452 213 517 495 570 585 777 586 512 77 241 656 360 0 677 558 520 274
416 120 217 327 70 531 49 626 310 112 204 213 237 654 180 441 235 134 197 151 458 819 458 602 775 766 0 504 284 425
599 381 399 384 234 714 309 776 492 294 464 474 497 747 440 623 495 316 254 333 640 876 670 784 832 823 280 0 544 637
317 182 400 592 334 432 255 469 257 376 179 188 136 497 201 341 209 398 462 415 358 688 301 502 644 635 284 405 0 268
219 412 303 677 426 334 395 223 159 356 348 340 200 251 265 243 318 334 547 334 260 442 97 404 398 389 425 307 268 0
EOF