NAME : tsp_problem
TYPE : TSP
DIMENSION : 32
EDGE_WEIGHT_TYPE : EXPLICIT
EDGE_WEIGHT_FORMAT : FULL_MATRIX
EDGE_WEIGHT_SECTION
0 630 388 589 139 302 460 134 245 415 502 167 576 674 424 560 504 489 859 373 161 568 303 556 486 812 801 627 515 407 557 589
766 0 264 61 555 350 284 516 661 331 157 584 80 64 402 538 482 468 325 351 577 176 349 205 464 278 267 116 228 254 535 567
524 264 0 224 314 109 197 274 419 152 137 342 211 309 161 297 240 226 570 109 335 305 107 293 223 523 513 362 252 72 294 325
725 61 224 0 515 310 326 475 621 353 116 543 79 106 362 498 442 427 367 310 536 218 308 247 424 320 309 158 270 214 495 527
231 555 314 515 0 228 386 60 126 341 428 77 502 600 350 486 429 415 740 298 83 494 229 482 412 693 683 553 441 333 483 514
438 350 109 310 228 0 181 188 333 136 223 256 297 395 145 281 224 210 601 93 249 289 60 277 207 554 543 347 236 128 278 309
548 284 197 326 386 181 0 346 443 86 311 414 345 240 146 282 225 211 441 107 407 122 179 110 208 394 384 181 71 216 279 310
270 516 274 475 60 188 346 0 165 301 388 88 462 561 310 446 390 375 766 259 81 454 189 442 372 719 709 513 401 293 443 475
129 737 495 696 246 409 567 241 0 522 609 274 683 782 531 667 611 596 966 480 268 675 410 663 593 919 908 734 622 514 664 696
503 331 152 353 341 136 86 301 398 0 266 369 340 287 101 237 180 166 488 62 362 169 134 157 163 441 431 228 118 171 234 265
638 157 137 116 428 223 311 388 533 266 0 456 103 202 275 411 354 340 463 223 449 314 221 343 337 416 405 254 366 126 408 439
208 584 342 543 77 256 414 88 103 369 456 0 530 628 365 476 420 405 717 326 59 522 257 510 402 670 660 581 469 361 473 505
712 80 211 79 502 297 345 462 607 340 103 530 0 124 349 485 428 414 386 297 523 237 295 266 411 339 328 177 289 200 482 513
767 64 309 106 600 395 240 561 662 287 202 628 124 0 372 508 452 438 281 333 622 132 394 161 434 234 224 73 184 299 505 537
416 402 161 362 350 145 146 310 311 101 275 365 349 372 0 150 94 79 470 71 371 254 143 242 76 423 412 313 201 180 147 179
827 309 555 351 797 592 425 758 722 472 447 776 370 265 557 0 637 623 341 519 782 317 591 346 620 294 283 258 370 544 690 722
888 370 616 412 859 654 487 819 783 534 508 837 431 327 619 755 0 684 402 580 843 379 652 408 681 355 345 319 431 606 752 783
897 379 625 421 868 663 496 828 792 543 517 846 440 336 628 764 707 0 411 589 852 388 661 417 690 364 354 328 440 615 761 792
769 325 570 367 740 608 441 773 664 488 463 717 386 281 532 643 587 572 0 534 723 333 606 362 569 236 225 274 385 560 640 672
473 351 109 310 298 93 107 259 368 62 223 326 297 333 71 207 151 136 527 0 320 215 92 203 133 480 470 274 162 129 204 236
214 577 335 536 83 249 407 81 109 362 449 59 523 622 371 482 426 411 723 320 0 515 251 503 408 676 666 574 462 355 479 511
656 176 305 218 494 289 122 454 551 169 314 522 237 132 254 390 334 319 333 215 515 0 287 105 316 286 276 125 66 324 387 418
440 349 107 308 229 60 179 189 335 134 221 257 295 394 143 279 223 209 599 92 251 287 0 275 205 552 542 346 234 127 276 308
644 205 293 247 482 277 110 442 539 157 343 510 266 161 242 378 322 307 362 203 503 105 275 0 304 315 305 154 54 312 375 407
906 388 634 430 876 671 505 837 801 552 526 855 449 345 637 773 716 702 420 598 861 397 670 425 0 373 363 337 449 623 769 801
722 278 523 320 693 561 394 726 617 441 416 670 339 234 485 596 540 525 236 487 676 286 559 315 522 0 178 227 338 513 593 625
711 267 513 309 683 551 384 716 606 431 405 660 328 224 474 586 529 515 225 477 666 276 549 305 512 178 0 216 328 503 582 614
715 116 362 158 553 347 181 513 610 228 254 581 177 73 313 449 392 378 274 274 574 125 346 154 375 227 216 0 125 352 445 477
603 228 252 270 441 236 71 401 498 118 366 469 289 184 201 337 281 266 385 162 462 66 234 54 263 338 328 125 0 271 334 366
544 254 72 214 333 128 216 293 439 171 126 361 200 299 180 316 260 245 560 129 355 324 127 312 242 513 503 352 271 0 313 345
834 317 562 358 805 600 433 765 730 480 454 783 377 273 565 701 644 630 348 526 789 325 598 354 627 301 291 265 377 552 0 729
793 275 521 317 763 558 391 724 688 438 413 742 336 231 523 659 603 589 307 485 748 283 557 312 586 260 249 224 336 510 656 0
EOF