NAME : tsp_problem
TYPE : TSP
DIMENSION : 52
EDGE_WEIGHT_TYPE : EXPLICIT
EDGE_WEIGHT_FORMAT : FULL_MATRIX
EDGE_WEIGHT_SECTION
0 449 403 281 247 399 810 200 419 514 273 211 439 523 182 741 250 851 849 177 434 357 231 258 868 138 378 381 129 170 807 785 421 180 917 425 509 365 224 433 525 428 189 872 820 130 861 424 386 762 122 654
449 0 107 334 579 464 529 347 484 205 233 358 131 215 514 461 303 571 568 510 499 167 251 591 587 471 196 199 352 502 526 504 487 326 636 145 201 263 412 498 217 357 336 591 539 462 581 143 129 482 364 366
403 107 0 288 533 380 563 301 401 134 160 311 60 144 468 495 257 605 603 464 416 96 205 544 621 424 231 234 306 456 560 538 403 280 670 179 130 179 366 415 146 278 289 625 574 416 615 177 58 516 318 295
281 334 288 0 411 516 694 179 536 398 158 190 324 408 346 626 51 736 734 342 551 242 116 423 752 303 263 266 184 335 691 669 539 159 802 310 394 250 244 551 410 414 168 756 705 294 746 309 271 647 196 559
247 579 533 411 0 395 940 330 415 577 404 341 570 561 97 872 381 981 979 179 430 487 361 59 998 268 509 511 259 109 937 915 418 310 1047 556 581 495 354 430 560 425 319 1002 950 260 991 554 517 892 252 650
399 464 380 516 395 0 920 482 49 330 388 493 401 315 335 852 485 961 959 268 64 334 433 376 978 420 520 523 411 323 917 895 52 462 1027 536 334 357 506 64 314 179 471 982 930 411 971 534 364 872 404 404
810 529 563 694 940 920 0 707 940 661 593 718 587 671 875 110 664 73 81 870 955 623 612 951 113 831 557 560 713 863 145 123 943 687 139 426 657 685 773 954 673 813 696 382 65 822 106 430 585 189 724 611
200 347 301 179 330 482 707 0 502 411 171 54 337 421 265 639 148 749 747 261 517 255 129 342 765 222 276 279 103 254 704 682 505 78 815 323 407 263 163 517 423 427 64 769 718 213 759 322 284 660 115 572
419 484 401 536 415 49 940 502 0 351 408 513 421 335 355 872 505 982 980 288 47 355 454 397 998 440 540 543 431 343 937 915 34 482 1047 556 355 378 526 46 334 199 491 1002 951 432 992 554 384 893 424 424
514 205 134 398 577 330 661 411 351 0 271 422 106 107 516 593 368 703 701 449 366 194 316 558 719 535 329 332 417 505 658 636 353 391 769 277 127 290 477 365 106 187 400 723 672 527 713 276 156 614 428 196
273 233 160 158 404 388 593 171 408 271 0 182 196 280 338 525 127 635 633 334 423 114 76 415 651 295 162 165 176 327 590 568 411 151 701 209 266 122 236 423 282 286 160 655 604 286 645 207 143 546 188 431
211 358 311 190 341 493 718 54 513 422 182 0 348 432 276 650 159 760 758 272 528 266 140 352 776 233 287 290 114 264 715 693 516 63 825 334 418 274 174 527 434 437 48 780 729 224 770 332 295 671 126 583
439 131 60 324 570 401 587 337 421 106 196 348 0 115 505 519 293 629 627 500 436 120 242 581 645 461 255 258 343 493 584 562 423 317 695 203 102 216 402 435 117 257 326 649 598 452 639 201 82 540 354 267
523 215 144 408 561 315 671 421 335 107 280 432 115 0 500 603 377 713 711 434 350 204 326 542 729 545 339 342 426 489 668 646 337 401 778 287 111 300 486 349 91 171 410 733 681 536 723 285 166 624 438 181
182 514 468 346 97 335 875 265 355 516 338 276 505 500 0 807 316 916 914 114 370 422 296 108 933 203 443 446 194 79 872 850 358 245 982 491 520 430 289 370 500 365 254 937 885 195 926 489 452 827 187 590
741 461 495 626 872 852 110 639 872 593 525 650 519 603 807 0 595 151 149 802 887 555 544 883 168 763 489 492 645 795 107 85 875 619 217 358 589 617 704 886 605 745 628 314 120 754 161 362 517 121 656 542
250 303 257 51 381 485 664 148 505 368 127 159 293 377 316 595 0 705 703 311 520 211 85 392 722 272 232 235 154 304 661 639 508 128 771 279 363 219 213 520 379 383 137 726 674 263 715 278 240 616 165 528
851 571 605 736 981 961 73 749 982 703 635 760 629 713 916 151 705 0 72 912 997 664 653 993 154 873 599 602 754 904 187 165 984 729 92 468 699 727 814 996 714 855 738 424 107 864 148 472 627 231 766 652
849 568 603 734 979 959 81 747 980 701 633 758 627 711 914 149 703 72 0 910 995 662 651 991 152 871 597 600 752 902 185 163 982 727 138 466 697 725 812 994 712 853 736 422 105 862 146 470 625 229 764 650
177 510 464 342 179 268 870 261 288 449 334 272 500 434 114 802 311 912 910 0 303 418 292 190 928 199 439 442 190 102 867 845 291 240 978 486 453 426 285 303 433 298 250 932 881 190 922 484 447 823 183 523
434 499 416 551 430 64 955 517 47 366 423 528 436 350 370 887 520 997 995 303 0 370 469 412 1013 455 555 558 446 358 952 930 25 497 1062 571 370 393 541 36 349 214 506 1017 966 447 1007 569 399 908 439 439
357 167 96 242 487 334 623 255 355 194 114 266 120 204 422 555 211 664 662 418 370 0 159 499 681 379 246 249 260 410 620 598 357 234 730 239 190 133 320 369 206 232 244 685 633 370 674 237 90 575 272 355
231 251 205 116 361 433 612 129 454 316 76 140 242 326 296 544 85 653 651 292 469 159 0 373 670 253 181 184 134 284 609 587 456 108 719 228 312 168 194 468 327 331 118 674 622 244 664 226 189 565 146 477
258 591 544 423 59 376 951 342 397 558 415 352 581 542 108 883 392 993 991 190 412 499 373 0 1009 280 520 523 270 120 948 926 399 321 1058 567 562 507 366 411 541 406 330 1013 962 271 1003 565 528 904 264 631
868 587 621 752 998 978 113 765 998 719 651 776 645 729 933 168 722 154 152 928 1013 681 670 1009 0 889 615 618 771 921 203 181 1001 745 220 484 715 743 831 1012 731 871 754 440 88 881 59 488 643 247 782 669
138 471 424 303 268 420 831 222 440 535 295 233 461 545 203 763 272 873 871 199 455 379 253 280 889 0 400 403 151 192 828 806 443 201 939 447 531 387 246 455 547 450 211 893 842 85 883 445 408 784 144 675
378 196 231 263 509 520 557 276 540 329 162 287 255 339 443 489 232 599 597 439 555 246 181 520 615 400 0 47 281 432 554 532 543 256 664 173 325 254 341 554 340 417 265 619 567 391 609 171 253 510 293 490
381 199 234 266 511 523 560 279 543 332 165 290 258 342 446 492 235 602 600 442 558 249 184 523 618 403 47 0 284 435 557 535 546 259 667 176 328 257 344 557 343 420 268 622 570 394 612 174 256 513 296 493
129 352 306 184 259 411 713 103 431 417 176 114 343 426 194 645 154 754 752 190 446 260 134 270 771 151 281 284 0 182 710 688 434 83 820 329 413 268 127 446 428 432 92 775 723 142 764 327 290 665 79 577
170 502 456 335 109 323 863 254 343 505 327 264 493 489 79 795 304 904 902 102 358 410 284 120 921 192 432 435 182 0 860 838 346 233 970 479 509 419 277 358 488 353 242 925 873 183 915 477 440 816 176 578
807 526 560 691 937 917 145 704 937 658 590 715 584 668 872 107 661 187 185 867 952 620 609 948 203 828 554 557 710 860 0 63 940 684 253 423 654 682 770 951 670 810 693 379 156 820 197 427 582 186 721 608
785 504 538 669 915 895 123 682 915 636 568 693 562 646 850 85 639 165 163 845 930 598 587 926 181 806 532 535 688 838 63 0 918 662 231 401 632 660 748 929 648 788 671 357 134 798 175 405 560 164 699 586
421 487 403 539 418 52 943 505 34 353 411 516 423 337 358 875 508 984 982 291 25 357 456 399 1001 443 543 546 434 346 940 918 0 485 1050 559 357 380 529 24 337 202 494 1005 953 434 994 557 387 895 427 427
180 326 280 159 310 462 687 78 482 391 151 63 317 401 245 619 128 729 727 240 497 234 108 321 745 201 256 259 83 233 684 662 485 0 794 303 387 243 143 496 402 406 66 749 697 193 739 301 264 640 95 552
917 636 670 802 1047 1027 139 815 1047 769 701 825 695 778 982 217 771 92 138 978 1062 730 719 1058 220 939 664 667 820 970 253 231 1050 794 0 533 765 792 880 1062 780 920 803 490 172 930 214 537 693 296 832 718
425 145 179 310 556 536 426 323 556 277 209 334 203 287 491 358 279 468 466 486 571 239 228 567 484 447 173 176 329 479 423 401 559 303 533 0 273 301 388 570 289 429 312 488 436 438 478 51 201 379 340 430
509 201 130 394 581 334 657 407 355 127 266 418 102 111 520 589 363 699 697 453 370 190 312 562 715 531 325 328 413 509 654 632 357 387 765 273 0 286 472 369 111 191 396 719 668 522 709 271 152 610 424 200
365 263 179 250 495 357 685 263 378 290 122 274 216 300 430 617 219 727 725 426 393 133 168 507 743 387 254 257 268 419 682 660 380 243 792 301 286 0 328 392 301 255 252 747 695 378 737 299 163 638 280 451
224 412 366 244 354 506 773 163 526 477 236 174 402 486 289 704 213 814 812 285 541 320 194 366 831 246 341 344 127 277 770 748 529 143 880 388 472 328 0 541 488 492 152 835 783 237 824 387 349 725 139 637
433 498 415 551 430 64 954 517 46 365 423 527 435 349 370 886 520 996 994 303 36 369 468 411 1012 455 554 557 446 358 951 929 24 496 1062 570 369 392 541 0 349 213 505 1016 965 446 1006 569 399 907 439 439
525 217 146 410 560 314 673 423 334 106 282 434 117 91 500 605 379 714 712 433 349 206 327 541 731 547 340 343 428 488 670 648 337 402 780 289 111 301 488 349 0 171 412 735 683 538 725 287 168 626 440 180
428 357 278 414 425 179 813 427 199 187 286 437 257 171 365 745 383 855 853 298 214 232 331 406 871 450 417 420 432 353 810 788 202 406 920 429 191 255 492 213 171 0 415 875 823 441 865 427 262 766 434 261
189 336 289 168 319 471 696 64 491 400 160 48 326 410 254 628 137 738 736 250 506 244 118 330 754 211 265 268 92 242 693 671 494 66 803 312 396 252 152 505 412 415 0 758 707 202 748 310 273 649 104 561
872 591 625 756 1002 982 382 769 1002 723 655 780 649 733 937 314 726 424 422 932 1017 685 674 1013 440 893 619 622 775 925 379 357 1005 749 490 488 719 747 835 1016 735 875 758 0 393 885 434 492 647 335 786 673
820 539 574 705 950 930 65 718 951 672 604 729 598 681 885 120 674 107 105 881 966 633 622 962 88 842 567 570 723 873 156 134 953 697 172 436 668 695 783 965 683 823 707 393 0 833 81 440 596 199 735 621
130 462 416 294 260 411 822 213 432 527 286 224 452 536 195 754 263 864 862 190 447 370 244 271 881 85 391 394 142 183 820 798 434 193 930 438 522 378 237 446 538 441 202 885 833 0 874 437 399 775 135 667
861 581 615 746 991 971 106 759 992 713 645 770 639 723 926 161 715 148 146 922 1007 674 664 1003 59 883 609 612 764 915 197 175 994 739 214 478 709 737 824 1006 725 865 748 434 81 874 0 482 637 241 776 662
424 143 177 309 554 534 430 322 554 276 207 332 201 285 489 362 278 472 470 484 569 237 226 565 488 445 171 174 327 477 427 405 557 301 537 51 271 299 387 569 287 427 310 492 440 437 482 0 199 383 339 434
386 129 58 271 517 364 585 284 384 156 143 295 82 166 452 517 240 627 625 447 399 90 189 528 643 408 253 256 290 440 582 560 387 264 693 201 152 163 349 399 168 262 273 647 596 399 637 199 0 538 301 317
762 482 516 647 892 872 189 660 893 614 546 671 540 624 827 121 616 231 229 823 908 575 565 904 247 784 510 513 665 816 186 164 895 640 296 379 610 638 725 907 626 766 649 335 199 775 241 383 538 0 677 563
122 364 318 196 252 404 724 115 424 428 188 126 354 438 187 656 165 766 764 183 439 272 146 264 782 144 293 296 79 176 721 699 427 95 832 340 424 280 139 439 440 434 104 786 735 135 776 339 301 677 0 589
654 366 295 559 650 404 611 572 424 196 431 583 267 181 590 542 528 652 650 523 439 355 477 631 669 675 490 493 577 578 608 586 427 552 718 430 200 451 637 439 180 261 561 673 621 667 662 434 317 563 589 0
EOF