NAME : tsp_problem
TYPE : TSP
DIMENSION : 43
EDGE_WEIGHT_TYPE : EXPLICIT
EDGE_WEIGHT_FORMAT : FULL_MATRIX
EDGE_WEIGHT_SECTION
0 284 278 770 532 338 515 861 431 111 438 204 260 504 354 255 475 526 717 424 704 863 797 349 499 305 146 693 458 650 547 414 339 535 789 383 372 377 254 747 358 514 397
284 0 155 647 540 486 434 738 308 217 586 217 407 423 273 267 622 445 594 301 581 740 674 226 418 224 253 570 335 527 554 291 486 542 666 260 291 296 402 624 235 521 316
278 155 0 524 533 480 337 615 184 211 580 210 401 319 176 261 616 348 471 178 458 616 551 121 320 217 247 447 212 403 548 168 480 535 543 154 285 289 395 501 112 514 218
770 647 524 0 995 973 748 118 596 704 1072 703 894 448 588 754 1109 636 229 590 212 120 222 614 732 679 739 201 624 157 1009 580 973 997 120 647 746 751 888 172 524 976 630
532 540 533 995 0 399 359 1086 560 507 426 553 320 596 446 604 462 618 941 553 928 1087 1022 605 343 397 543 918 587 874 48 543 399 36 1014 638 278 288 315 972 502 99 434
338 486 480 973 399 0 505 1063 633 313 334 407 126 707 557 457 371 728 919 627 906 1065 1000 551 489 507 349 895 661 852 413 616 77 401 992 585 424 434 121 950 561 380 581
515 434 337 748 359 505 0 839 313 448 532 448 426 348 199 498 568 371 695 307 682 841 775 426 60 291 484 671 341 628 373 296 505 361 767 460 252 262 421 725 255 340 151
861 738 615 118 1086 1063 839 0 687 795 1163 794 984 538 678 844 1200 727 320 681 302 52 312 704 823 770 830 291 715 248 1100 670 1063 1088 211 738 837 842 979 262 615 1067 721
431 308 184 596 560 633 313 687 0 364 733 364 554 303 152 414 769 324 543 63 530 688 623 274 297 244 400 519 97 475 574 53 633 562 615 307 311 316 549 573 103 541 195
111 217 211 704 507 313 448 795 364 0 413 138 234 438 288 188 450 460 650 358 637 796 731 283 432 238 80 627 392 583 522 348 313 509 723 316 306 310 229 681 292 489 330
438 586 580 1072 426 334 532 1163 733 413 0 506 255 769 619 557 79 791 1019 726 1006 1164 1099 651 516 569 448 995 760 952 440 716 334 428 1091 685 451 461 250 1049 660 407 607
204 217 210 703 553 407 448 794 364 138 506 0 328 437 287 78 543 459 650 357 637 795 730 282 432 238 173 626 391 583 568 347 407 555 722 316 305 310 322 680 291 535 330
260 407 401 894 320 126 426 984 554 234 255 328 0 628 478 378 292 649 840 548 827 986 921 473 410 428 270 816 582 773 334 537 126 322 913 506 345 356 42 871 482 301 502
504 423 319 448 596 707 348 538 303 438 769 437 628 0 189 488 806 233 394 296 381 540 475 408 332 280 473 370 330 327 610 286 707 598 467 442 348 352 622 425 245 577 231
354 273 176 588 446 557 199 678 152 288 619 287 478 189 0 337 655 211 534 146 521 680 615 265 183 130 323 510 180 467 460 136 557 448 607 299 198 202 472 565 95 427 81
255 267 261 754 604 457 498 844 414 188 557 78 378 488 337 0 593 509 700 407 687 846 780 332 482 288 224 676 441 633 618 397 457 606 772 366 355 360 373 730 341 585 380
475 622 616 1109 462 371 568 1200 769 450 79 543 292 806 655 593 0 827 1055 763 1042 1201 1136 688 552 606 485 1031 797 988 476 752 371 464 1128 721 487 497 286 1086 697 443 644
526 445 348 636 618 728 371 727 324 460 791 459 649 233 211 509 827 0 583 318 570 728 663 437 355 302 495 559 352 515 632 308 728 620 655 471 369 374 644 613 266 599 253
717 594 471 229 941 919 695 320 543 650 1019 650 840 394 534 700 1055 583 0 536 163 322 256 560 679 626 686 152 570 109 956 526 919 944 248 594 693 698 835 206 470 923 577
424 301 178 590 553 627 307 681 63 358 726 357 548 296 146 407 763 318 536 0 523 682 617 268 291 238 393 512 91 469 568 47 627 555 609 301 305 310 542 567 97 535 189
704 581 458 212 928 906 682 302 530 637 1006 637 827 381 521 687 1042 570 163 523 0 304 239 547 666 613 673 70 557 82 943 513 906 931 230 581 680 685 822 188 457 910 564
863 740 616 120 1087 1065 841 52 688 796 1164 795 986 540 680 846 1201 728 322 682 304 0 314 706 824 771 832 293 716 250 1101 672 1065 1089 212 739 839 843 980 264 616 1068 722
797 674 551 222 1022 1000 775 312 623 731 1099 730 921 475 615 780 1136 663 256 617 239 314 0 641 759 706 766 228 651 184 1036 607 1000 1024 241 674 773 778 915 133 551 1003 657
349 226 121 614 605 551 426 704 274 283 651 282 473 408 265 332 688 437 560 268 547 706 641 0 410 289 318 536 301 493 619 257 552 607 632 74 356 361 467 590 201 586 308
499 418 320 732 343 489 60 823 297 432 516 432 410 332 183 482 552 355 679 291 666 824 759 410 0 275 468 655 325 612 357 280 489 345 751 443 236 246 405 709 239 324 135
305 224 217 679 397 507 291 770 244 238 569 238 428 280 130 288 606 302 626 238 613 771 706 289 275 0 274 602 272 558 411 227 507 399 698 323 148 153 423 656 186 378 173
146 253 247 739 543 349 484 830 400 80 448 173 270 473 323 224 485 495 686 393 673 832 766 318 468 274 0 662 427 619 557 383 349 545 758 352 341 346 264 716 327 524 366
693 570 447 201 918 895 671 291 519 627 995 626 816 370 510 676 1031 559 152 512 70 293 228 536 655 602 662 0 546 71 932 502 895 920 220 570 669 674 811 178 446 899 553
458 335 212 624 587 661 341 715 97 392 760 391 582 330 180 441 797 352 570 91 557 716 651 301 325 272 427 546 0 503 602 81 661 589 643 335 339 344 576 601 131 569 223
650 527 403 157 874 852 628 248 475 583 952 583 773 327 467 633 988 515 109 469 82 250 184 493 612 558 619 71 503 0 888 459 852 876 176 526 626 630 768 134 403 855 509
547 554 548 1009 48 413 373 1100 574 522 440 568 334 610 460 618 476 632 956 568 943 1101 1036 619 357 411 557 932 602 888 0 557 413 50 1028 653 292 302 329 986 516 113 449
414 291 168 580 543 616 296 670 53 348 716 347 537 286 136 397 752 308 526 47 513 672 607 257 280 227 383 502 81 459 557 0 616 545 598 291 295 299 532 556 86 524 178
339 486 480 973 399 77 505 1063 633 313 334 407 126 707 557 457 371 728 919 627 906 1065 1000 552 489 507 349 895 661 852 413 616 0 401 992 585 424 435 121 950 561 380 581
535 542 535 997 36 401 361 1088 562 509 428 555 322 598 448 606 464 620 944 555 931 1089 1024 607 345 399 545 920 589 876 50 545 401 0 1016 641 280 290 317 974 504 101 436
789 666 543 120 1014 992 767 211 615 723 1091 722 913 467 607 772 1128 655 248 609 230 212 241 632 751 698 758 220 643 176 1028 598 992 1016 0 666 765 770 907 191 543 995 649
383 260 154 647 638 585 460 738 307 316 685 316 506 442 299 366 721 471 594 301 581 739 674 74 443 323 352 570 335 526 653 291 585 641 666 0 390 395 501 624 235 620 341
372 291 285 746 278 424 252 837 311 306 451 305 345 348 198 355 487 369 693 305 680 839 773 356 236 148 341 669 339 626 292 295 424 280 765 390 0 40 340 723 253 259 240
377 296 289 751 288 434 262 842 316 310 461 310 356 352 202 360 497 374 698 310 685 843 778 361 246 153 346 674 344 630 302 299 435 290 770 395 40 0 350 728 258 269 245
254 402 395 888 315 121 421 979 549 229 250 322 42 622 472 373 286 644 835 542 822 980 915 467 405 423 264 811 576 768 329 532 121 317 907 501 340 350 0 865 476 296 496
747 624 501 172 972 950 725 262 573 681 1049 680 871 425 565 730 1086 613 206 567 188 264 133 590 709 656 716 178 601 134 986 556 950 974 191 624 723 728 865 0 501 953 607
358 235 112 524 502 561 255 615 103 292 660 291 482 245 95 341 697 266 470 97 457 616 551 201 239 186 327 446 131 403 516 86 561 504 543 235 253 258 476 501 0 483 137
514 521 514 976 99 380 340 1067 541 489 407 535 301 577 427 585 443 599 923 535 910 1068 1003 586 324 378 524 899 569 855 113 524 380 101 995 620 259 269 296 953 483 0 415
397 316 218 630 434 581 151 721 195 330 607 330 502 231 81 380 644 253 577 189 564 722 657 308 135 173 366 553 223 509 449 178 581 436 649 341 240 245 496 607 137 415 0
EOF
