NAME : tsp_problem
TYPE : TSP
DIMENSION : 34
EDGE_WEIGHT_TYPE : EXPLICIT
EDGE_WEIGHT_FORMAT : FULL_MATRIX
EDGE_WEIGHT_SECTION
0 416 522 161 426 111 314 275 517 515 489 246 525 449 522 528 294 492 322 272 496 420 197 202 494 386 163 270 273 294 525 138 412 568
416 0 770 285 110 423 506 172 201 198 376 281 513 696 770 776 253 740 139 184 744 103 372 400 481 256 338 304 448 264 339 523 189 815
522 770 0 647 780 517 720 655 871 869 975 733 1012 371 79 450 736 414 676 667 418 774 684 410 980 697 649 757 759 747 1010 543 766 490
161 285 647 0 295 167 251 143 386 384 357 115 394 574 647 653 163 617 191 141 621 289 117 277 362 254 82 139 192 163 393 267 281 693
426 110 780 295 0 433 516 182 169 167 345 291 482 706 780 786 263 750 149 194 754 72 382 410 450 266 348 314 458 274 308 533 199 825
111 423 517 167 433 0 309 281 524 521 495 252 531 444 517 523 300 487 328 278 491 426 203 197 500 392 169 276 279 300 531 133 418 563
314 506 720 251 516 309 0 365 587 584 331 328 368 646 720 726 384 690 412 362 694 510 196 400 336 476 200 305 272 384 367 237 502 765
275 172 655 143 182 281 365 0 273 271 382 139 418 582 655 661 111 625 78 69 629 176 231 285 387 141 196 163 306 122 412 381 168 701
517 201 871 386 169 524 587 273 0 59 292 382 428 798 871 877 354 841 240 285 845 163 473 501 397 357 439 406 549 365 255 624 290 917
515 198 869 384 167 521 584 271 59 0 289 379 426 795 869 875 351 839 238 282 842 161 471 499 394 355 437 403 547 363 252 621 288 914
489 376 975 357 345 495 331 382 292 289 0 265 172 902 975 981 357 945 415 379 949 338 390 605 141 492 394 242 466 351 136 531 466 1021
246 281 733 115 291 252 328 139 382 379 265 0 302 659 733 738 115 702 186 137 706 284 202 363 270 250 168 48 278 108 301 352 276 778
525 513 1012 394 482 531 368 418 428 426 172 302 0 938 1012 1018 394 982 465 416 986 475 427 642 68 529 431 278 503 387 208 567 555 1057
449 696 371 574 706 444 646 582 798 795 902 659 938 0 370 120 662 84 602 593 88 700 610 336 907 624 576 683 686 673 936 470 692 160
522 770 79 647 780 517 720 655 871 869 975 733 1012 370 0 450 736 414 676 667 418 774 683 410 980 697 649 756 759 747 1010 543 766 489
528 776 450 653 786 523 726 661 877 875 981 738 1018 120 450 0 742 154 681 672 158 779 689 416 986 703 655 762 765 753 1015 549 771 230
294 253 736 163 263 300 384 111 354 351 357 115 394 662 736 742 0 706 158 109 710 256 250 366 362 222 216 138 326 55 393 400 248 781
492 740 414 617 750 487 690 625 841 839 945 702 982 84 414 154 706 0 646 636 53 743 653 380 950 667 619 726 729 717 979 513 735 118
322 139 676 191 149 328 412 78 240 238 415 186 465 602 676 681 158 646 0 89 649 142 278 306 434 162 244 210 354 169 378 428 134 721
272 184 667 141 194 278 362 69 285 282 379 137 416 593 667 672 109 636 89 0 640 187 228 297 384 153 194 160 304 120 415 379 179 712
496 744 418 621 754 491 694 629 845 842 949 706 986 88 418 158 710 53 649 640 0 747 657 384 954 671 623 730 733 721 983 517 739 128
420 103 774 289 72 426 510 176 163 161 338 284 475 700 774 779 256 743 142 187 747 0 376 404 444 260 342 308 452 267 301 526 193 819
197 372 684 117 382 203 196 231 473 471 390 202 427 610 683 689 250 653 278 228 657 376 0 313 395 341 66 226 97 250 426 303 368 729
202 400 410 277 410 197 400 285 501 499 605 363 642 336 410 416 366 380 306 297 384 404 313 0 610 327 279 386 389 377 640 223 396 455
494 481 980 362 450 500 336 387 397 394 141 270 68 907 980 986 362 950 434 384 954 444 395 610 0 497 399 247 471 356 177 536 524 1026
386 256 697 254 266 392 476 141 357 355 492 250 529 624 697 703 222 667 162 153 671 260 341 327 497 0 307 274 417 233 496 492 252 743
163 338 649 82 348 169 200 196 439 437 394 168 431 576 649 655 216 619 244 194 623 342 66 279 399 307 0 192 142 216 430 269 334 695
270 304 757 139 314 276 305 163 406 403 242 48 278 683 756 762 138 726 210 160 730 308 226 386 247 274 192 0 302 132 278 376 300 802
273 448 759 192 458 279 272 306 549 547 466 278 503 686 759 765 326 729 354 304 733 452 97 389 471 417 142 302 0 326 502 379 444 805
294 264 747 163 274 300 384 122 365 363 351 108 387 673 747 753 55 717 169 120 721 267 250 377 356 233 216 132 326 0 387 400 259 792
525 339 1010 393 308 531 367 412 255 252 136 301 208 936 1010 1015 393 979 378 415 983 301 426 640 177 496 430 278 502 387 0 566 429 1055
138 523 543 267 533 133 237 381 624 621 531 352 567 470 543 549 400 513 428 379 517 526 303 223 536 492 269 376 379 400 566 0 518 589
412 189 766 281 199 418 502 168 290 288 466 276 555 692 766 771 248 735 134 179 739 193 368 396 524 252 334 300 444 259 429 518 0 811
568 815 490 693 825 563 765 701 917 914 1021 778 1057 160 489 230 781 118 721 712 128 819 729 455 1026 743 695 802 805 792 1055 589 811 0
EOF