NAME : tsp_problem
TYPE : TSP
DIMENSION : 37
EDGE_WEIGHT_TYPE : EXPLICIT
EDGE_WEIGHT_FORMAT : FULL_MATRIX
EDGE_WEIGHT_SECTION
0 381 219 201 525 628 268 473 368 221 426 183 969 766 965 267 850 397 1060 129 880 373 195 832 474 126 491 162 820 848 365 388 349 467 381 354 852
381 0 204 227 280 426 253 271 527 247 262 482 725 522 721 158 606 283 815 428 636 625 365 588 272 425 247 333 576 604 524 144 508 222 29 381 608
219 204 0 66 348 451 92 296 506 85 288 321 793 590 788 90 673 309 883 267 703 463 204 655 298 264 314 171 644 672 503 211 488 290 204 407 675
201 227 66 0 371 474 115 319 488 67 311 302 816 613 811 113 696 331 906 249 726 445 186 678 321 246 337 153 667 695 485 234 469 313 227 430 698
525 280 348 371 0 302 397 147 545 391 280 626 671 468 667 302 552 300 761 572 582 769 509 534 148 569 291 477 522 550 541 171 526 267 281 399 554
628 426 451 474 302 0 500 213 611 494 346 729 719 516 714 405 599 366 809 676 629 872 613 581 214 673 462 580 570 597 607 342 592 438 426 465 601
268 253 92 115 397 500 0 345 555 134 337 370 842 639 837 139 722 358 932 316 752 512 253 704 347 313 363 220 693 721 552 260 537 339 253 456 724
473 271 296 319 147 213 345 0 456 339 191 574 687 484 683 250 568 211 778 521 598 717 458 550 59 518 307 425 538 566 452 187 437 283 271 310 570
368 527 506 488 545 611 555 456 0 508 311 411 1085 882 1080 506 965 282 1175 354 995 581 482 947 457 413 637 449 936 964 114 534 99 613 527 239 967
221 247 85 67 391 494 134 339 508 0 331 322 836 632 831 133 716 351 926 268 746 465 205 698 340 265 357 173 687 714 504 254 489 333 247 450 718
426 262 288 311 280 346 337 191 311 331 0 469 820 617 815 242 700 66 910 412 730 639 449 682 192 471 372 417 671 699 307 269 292 348 262 165 702
183 482 321 302 626 729 370 574 411 322 469 0 1071 868 1066 368 951 440 1161 230 981 276 296 933 576 88 592 263 922 950 408 489 392 568 482 397 953
969 725 793 816 671 719 842 687 1085 836 820 1071 0 255 44 746 161 840 637 1017 118 1214 954 176 688 1014 736 921 187 253 1081 615 1066 712 725 939 164
766 522 590 613 468 516 639 484 882 632 617 868 255 0 250 543 135 637 434 814 165 1010 751 117 485 811 533 718 106 134 878 412 863 509 522 736 137
965 721 788 811 667 714 837 683 1080 831 815 1066 44 250 0 742 157 836 632 1013 114 1209 950 171 684 1010 731 917 182 249 1077 611 1062 707 721 934 159
267 158 90 113 302 405 139 250 506 133 242 368 746 543 742 0 627 262 837 314 657 511 251 609 251 311 268 219 597 625 503 165 488 244 158 360 629
850 606 673 696 552 599 722 568 965 716 700 951 161 135 157 627 0 721 517 897 72 1094 834 56 569 895 616 802 67 134 962 496 947 592 606 819 44
397 283 309 331 300 366 358 211 282 351 66 440 840 637 836 262 721 0 931 383 751 610 470 703 212 442 393 437 691 719 278 290 263 369 283 136 723
1060 815 883 906 761 809 932 778 1175 926 910 1161 637 434 632 837 517 931 0 1107 547 1304 1044 499 779 1104 826 1012 488 516 1172 706 1156 802 816 1029 519
129 428 267 249 572 676 316 521 354 268 412 230 1017 814 1013 314 897 383 1107 0 928 421 242 880 522 174 538 210 868 896 350 436 335 514 428 340 900
880 636 703 726 582 629 752 598 995 746 730 981 118 165 114 657 72 751 547 928 0 1124 865 86 599 925 646 832 97 164 992 526 977 622 636 849 74
373 625 463 445 769 872 512 717 581 465 639 276 1214 1010 1209 511 1094 610 1304 421 1124 0 439 1076 718 334 735 406 1065 1092 577 632 562 711 625 567 1096
195 365 204 186 509 613 253 458 482 205 449 296 954 751 950 251 834 470 1044 242 865 439 0 817 459 239 475 60 805 833 478 373 463 451 365 468 837
832 588 655 678 534 581 704 550 947 698 682 933 176 117 171 609 56 703 499 880 86 1076 817 0 551 877 598 784 49 116 944 478 929 574 588 801 58
474 272 298 321 148 214 347 59 457 340 192 576 688 485 684 251 569 212 779 522 599 718 459 551 0 519 309 426 540 567 453 188 438 285 272 311 571
126 425 264 246 569 673 313 518 413 265 471 88 1014 811 1010 311 895 442 1104 174 925 334 239 877 519 0 536 207 865 893 410 433 394 512 426 399 897
491 247 314 337 291 462 363 307 637 357 372 592 736 533 731 268 616 393 826 538 646 735 475 598 309 536 0 443 587 615 634 154 619 57 247 491 618
162 333 171 153 477 580 220 425 449 173 417 263 921 718 917 219 802 437 1012 210 832 406 60 784 426 207 443 0 773 800 446 340 430 419 333 435 804
820 576 644 667 522 570 693 538 936 687 671 922 187 106 182 597 67 691 488 868 97 1065 805 49 540 865 587 773 0 105 933 466 917 563 576 790 69
848 604 672 695 550 597 721 566 964 714 699 950 253 134 249 625 134 719 516 896 164 1092 833 116 567 893 615 800 105 0 960 494 945 591 604 818 136
365 524 503 485 541 607 552 452 114 504 307 408 1081 878 1077 503 962 278 1172 350 992 577 478 944 453 410 634 446 933 960 0 531 95 610 524 235 964
388 144 211 234 171 342 260 187 534 254 269 489 615 412 611 165 496 290 706 436 526 632 373 478 188 433 154 340 466 494 531 0 516 130 144 388 498
349 508 488 469 526 592 537 437 99 489 292 392 1066 863 1062 488 947 263 1156 335 977 562 463 929 438 394 619 430 917 945 95 516 0 595 509 220 949
467 222 290 313 267 438 339 283 613 333 348 568 712 509 707 244 592 369 802 514 622 711 451 574 285 512 57 419 563 591 610 130 595 0 223 467 594
381 29 204 227 281 426 253 271 527 247 262 482 725 522 721 158 606 283 816 428 636 625 365 588 272 426 247 333 576 604 524 144 509 223 0 381 608
354 381 407 430 399 465 456 310 239 450 165 397 939 736 934 360 819 136 1029 340 849 567 468 801 311 399 491 435 790 818 235 388 220 467 381 0 821
852 608 675 698 554 601 724 570 967 718 702 953 164 137 159 629 44 723 519 900 74 1096 837 58 571 897 618 804 69 136 964 498 949 594 608 821 0
EOF
