NAME : tsp_problem
TYPE : TSP
DIMENSION : 64
EDGE_WEIGHT_TYPE : EXPLICIT
EDGE_WEIGHT_FORMAT : FULL_MATRIX
EDGE_WEIGHT_SECTION
0 245 377 983 282 496 961 931 137 986 519 233 896 185 612 140 750 464 379 368 291 556 370 384 94 553 210 990 395 266 263 610 517 486 430 452 372 530 202 884 265 569 761 373 349 516 354 287 436 931 420 363 391 341 258 490 450 299 871 360 301 376 995 400
245 0 426 1032 493 544 1009 979 220 1035 568 443 945 395 682 350 799 534 428 417 501 604 515 594 304 601 124 1039 444 477 473 679 565 535 593 522 528 579 116 933 475 618 810 583 559 565 564 336 599 980 583 412 440 390 468 560 499 509 920 571 350 424 1044 449
377 426 0 637 398 150 615 585 353 640 173 477 550 430 354 483 404 207 151 90 262 210 188 621 436 207 391 644 127 291 378 352 171 141 266 195 201 184 383 538 381 223 415 344 279 170 284 228 272 585 256 84 131 112 374 232 104 295 525 290 100 141 649 122
983 1032 637 0 871 523 111 175 958 403 501 950 229 902 686 1022 278 638 713 644 735 472 661 1094 976 468 997 141 660 764 851 684 499 549 739 626 673 593 989 216 854 454 267 817 752 597 757 761 745 176 729 679 664 718 847 663 572 768 199 763 705 673 146 644
282 493 398 871 0 426 848 818 308 874 407 239 784 192 489 311 638 342 376 389 168 443 248 383 265 573 458 878 494 144 67 487 537 507 308 330 250 550 450 772 70 457 649 250 226 499 232 535 314 819 298 341 498 405 94 367 471 177 759 238 399 507 883 306
496 544 150 523 426 0 501 471 471 527 60 505 436 457 241 577 290 193 268 156 290 96 215 649 531 251 510 531 172 319 406 239 215 185 294 181 228 229 502 424 408 109 301 372 306 110 312 273 300 472 283 203 176 230 401 218 149 322 411 318 218 186 535 199
961 1009 615 111 848 501 0 153 936 380 479 927 206 880 664 1000 255 615 691 621 713 450 638 1071 953 446 975 75 637 742 829 661 477 527 717 603 651 570 967 194 831 432 245 794 729 575 734 738 722 153 706 657 641 696 824 641 549 745 176 741 683 651 74 622
931 979 585 175 818 471 153 0 906 350 449 897 176 850 634 970 225 585 661 591 683 420 608 1041 923 416 945 182 607 712 799 631 447 497 687 573 621 540 937 164 801 402 215 764 699 545 704 708 692 58 676 627 611 666 794 611 519 715 146 711 653 621 187 592
137 220 353 958 308 471 936 906 0 962 494 258 871 211 608 166 725 461 355 344 316 531 396 409 119 528 185 966 371 292 288 606 492 462 456 449 398 505 177 859 291 544 736 398 374 491 380 262 462 906 446 338 367 316 284 486 426 325 846 386 277 351 970 375
986 1035 640 403 874 527 380 350 962 0 504 953 316 906 689 1025 281 641 717 647 738 476 664 1097 979 471 1000 410 663 767 855 687 502 553 742 629 677 596 992 303 857 457 270 820 755 600 760 764 748 351 732 682 667 721 850 667 575 771 291 766 709 677 415 647
519 568 173 501 407 60 479 449 494 504 0 486 414 439 222 558 268 174 250 180 271 74 197 630 512 275 533 508 196 300 387 220 239 209 275 162 210 252 525 402 390 87 279 353 288 133 293 297 281 449 265 215 200 254 383 199 173 304 389 299 241 209 513 180
233 443 477 950 239 505 927 897 258 953 486 0 863 79 568 179 717 421 455 468 247 522 327 318 206 652 408 957 573 223 219 566 616 586 387 409 329 629 400 851 222 536 728 330 305 578 311 485 393 898 377 420 577 484 215 446 550 256 838 317 478 574 962 385
896 945 550 229 784 436 206 176 871 316 414 863 0 816 599 935 191 551 626 557 648 386 574 1007 889 381 910 236 573 677 764 597 412 462 652 539 587 506 902 46 767 367 180 730 665 510 670 674 658 177 642 592 577 631 760 576 485 681 117 676 618 586 241 557
185 395 430 902 192 457 880 850 211 906 439 79 816 0 521 214 669 374 407 420 200 475 280 334 168 605 361 910 526 176 172 519 569 539 340 362 281 582 353 803 174 489 680 282 258 531 263 438 345 851 329 373 530 437 167 399 503 208 790 270 430 526 915 338
612 682 354 686 489 241 664 634 608 689 222 568 599 521 0 641 453 256 332 345 354 259 279 713 595 456 647 693 377 383 470 40 420 390 358 244 292 434 639 587 472 272 464 436 370 314 376 478 363 634 347 298 381 362 465 282 354 386 574 382 355 391 698 263
140 350 483 1022 311 577 1000 970 166 1025 558 179 935 214 641 0 789 493 485 473 319 595 399 292 102 658 315 1029 501 295 292 639 622 592 459 481 401 635 307 923 294 608 800 402 378 621 383 392 465 970 449 468 497 446 287 519 556 328 910 389 407 481 1034 458
750 799 404 278 638 290 255 225 725 281 268 717 191 669 453 789 0 405 480 410 502 239 427 861 743 235 764 285 427 531 618 451 266 316 506 393 440 360 756 179 621 221 81 584 518 364 524 528 512 226 496 446 431 485 613 430 339 535 166 530 472 440 290 411
464 534 207 638 342 193 615 585 461 641 174 421 551 374 256 493 405 0 184 198 206 210 132 565 447 382 499 645 303 235 322 254 346 316 210 59 145 359 491 539 325 224 416 288 223 266 228 404 216 586 200 150 307 214 318 49 280 239 526 234 207 316 650 115
379 428 151 713 376 268 691 661 355 717 250 455 626 407 332 485 480 184 0 142 240 286 165 599 438 326 393 721 247 269 356 330 290 260 244 172 178 303 385 614 358 299 491 322 256 289 262 338 250 662 233 96 251 65 351 210 224 273 601 268 102 260 725 99
368 417 90 644 389 156 621 591 344 647 180 468 557 420 345 473 410 198 142 0 253 216 179 612 427 213 382 651 134 282 369 343 177 147 257 186 191 190 374 544 372 230 422 335 270 176 275 235 263 592 247 75 138 103 364 223 111 286 531 281 90 147 656 112
291 501 262 735 168 290 713 683 316 738 271 247 648 200 354 319 502 206 240 253 0 308 112 391 273 437 466 742 358 62 149 351 401 371 172 194 114 415 458 636 151 321 513 115 91 363 96 459 178 683 162 206 362 269 144 232 335 66 623 102 263 372 747 170
556 604 210 472 443 96 450 420 531 476 74 522 386 475 259 595 239 210 286 216 308 0 233 666 548 255 570 480 232 337 424 256 276 245 312 198 246 289 562 373 426 59 250 390 324 170 330 333 317 421 301 252 236 291 419 236 209 340 360 336 278 246 485 217
370 515 188 661 248 215 638 608 396 664 197 327 574 280 279 399 427 132 165 179 112 233 0 471 353 363 480 668 284 141 228 277 327 297 116 120 58 340 472 561 231 247 439 194 129 289 134 385 122 609 106 131 288 195 224 157 261 145 549 140 188 297 673 96
384 594 621 1094 383 649 1071 1041 409 1097 630 318 1007 334 713 292 861 565 599 612 391 666 471 0 319 796 559 1101 717 367 363 710 760 730 531 553 473 774 551 995 366 680 872 474 449 722 455 636 537 1042 521 564 721 628 359 590 694 400 982 461 622 725 1106 529
94 304 436 976 265 531 953 923 119 979 512 206 889 168 595 102 743 447 438 427 273 548 353 319 0 612 269 983 454 249 245 592 576 545 413 435 355 589 261 877 248 562 754 356 331 575 337 346 419 924 403 422 450 400 241 473 509 282 864 343 360 435 988 411
553 601 207 468 573 251 446 416 528 471 275 652 381 605 456 658 235 382 326 213 437 255 363 796 612 0 567 475 229 466 554 454 84 115 441 370 376 158 559 369 556 236 246 519 454 272 459 330 447 416 431 260 233 288 549 408 137 470 356 465 275 243 480 297
210 124 391 997 458 510 975 945 185 1000 533 408 910 361 647 315 764 499 393 382 466 570 480 559 269 567 0 1004 409 442 438 644 531 501 559 487 493 544 34 898 441 583 775 548 524 530 530 301 564 945 548 377 405 355 434 525 464 475 885 536 316 390 1009 414
990 1039 644 141 878 531 75 182 966 410 508 957 236 910 693 1029 285 645 721 651 742 480 668 1101 983 475 1004 0 667 771 859 691 506 557 746 633 681 600 996 224 861 461 274 824 759 604 764 768 752 183 736 686 671 725 854 671 579 775 206 770 713 680 88 651
395 444 127 660 494 172 637 607 371 663 196 573 573 526 377 501 427 303 247 134 358 232 284 717 454 229 409 667 0 387 475 375 193 163 362 291 297 207 401 561 477 246 438 440 375 193 380 137 368 608 352 181 64 208 470 328 127 391 548 386 196 73 672 218
266 477 291 764 144 319 742 712 292 767 300 223 677 176 383 295 531 235 269 282 62 337 141 367 249 466 442 771 387 0 124 380 430 400 201 223 143 444 434 665 127 350 542 144 120 392 125 488 207 712 191 235 391 298 120 261 364 95 652 131 292 401 776 199
263 473 378 851 67 406 829 799 288 855 387 219 764 172 470 292 618 322 356 369 149 424 228 363 245 554 438 859 475 124 0 468 518 488 288 310 230 531 430 752 37 437 629 231 207 480 212 515 294 799 278 322 479 386 62 348 451 157 739 218 379 488 863 287
610 679 352 684 487 239 661 631 606 687 220 566 597 519 40 639 451 254 330 343 351 256 277 710 592 454 644 691 375 380 468 0 418 388 355 242 290 431 636 585 470 270 462 433 368 312 373 476 361 632 345 296 379 359 463 280 352 384 572 379 353 388 696 260
517 565 171 499 537 215 477 447 492 502 239 616 412 569 420 622 266 346 290 177 401 276 327 760 576 84 531 506 193 430 518 418 0 79 405 334 340 122 523 400 520 268 277 483 418 236 423 294 411 447 395 224 197 252 513 372 101 434 387 429 239 207 511 261
486 535 141 549 507 185 527 497 462 553 209 586 462 539 390 592 316 316 260 147 371 245 297 730 545 115 501 557 163 400 488 388 79 0 375 304 310 54 493 450 490 259 327 453 388 206 393 264 381 497 365 194 167 221 483 342 71 404 437 399 209 177 561 231
430 593 266 739 308 294 717 687 456 742 275 387 652 340 358 459 506 210 244 257 172 312 116 531 413 441 559 746 362 201 288 355 405 375 0 198 118 419 551 640 291 325 517 254 189 367 194 463 28 687 26 210 366 273 284 236 339 205 627 200 267 376 751 174
452 522 195 626 330 181 603 573 449 629 162 409 539 362 244 481 393 59 172 186 194 198 120 553 435 370 487 633 291 223 310 242 334 304 198 0 133 347 479 527 313 212 404 276 211 254 216 392 204 574 188 138 295 202 306 62 268 227 514 222 195 304 638 103
372 528 201 673 250 228 651 621 398 677 210 329 587 281 292 401 440 145 178 191 114 246 58 473 355 376 493 681 297 143 230 290 340 310 118 133 0 353 485 574 232 260 451 196 130 302 136 398 124 622 107 144 301 208 225 170 274 147 561 142 201 310 685 109
530 579 184 593 550 229 570 540 505 596 252 629 506 582 434 635 360 359 303 190 415 289 340 774 589 158 544 600 207 444 531 431 122 54 419 347 353 0 536 493 533 302 371 497 431 249 437 308 424 541 408 237 211 265 526 385 114 447 481 443 252 220 605 274
202 116 383 989 450 502 967 937 177 992 525 400 902 353 639 307 756 491 385 374 458 562 472 551 261 559 34 996 401 434 430 636 523 493 551 479 485 536 0 890 433 575 767 540 516 522 522 293 556 937 540 369 397 347 425 517 456 467 877 528 308 382 1001 406
884 933 538 216 772 424 194 164 859 303 402 851 46 803 587 923 179 539 614 544 636 373 561 995 877 369 898 224 561 665 752 585 400 450 640 527 574 493 890 0 754 355 168 718 652 498 658 661 646 164 629 580 565 619 747 564 472 669 104 664 606 574 228 545
265 475 381 854 70 408 831 801 291 857 390 222 767 174 472 294 621 325 358 372 151 426 231 366 248 556 441 861 477 127 37 470 520 490 291 313 232 533 433 754 0 440 632 233 209 482 215 518 297 802 280 324 481 388 64 350 454 160 742 221 381 490 866 289
569 618 223 454 457 109 432 402 544 457 87 536 367 489 272 608 221 224 299 230 321 59 247 680 562 236 583 461 246 350 437 270 268 259 325 212 260 302 575 355 440 0 232 403 338 183 343 347 331 402 315 265 250 304 433 249 223 354 342 349 291 259 466 230
761 810 415 267 649 301 245 215 736 270 279 728 180 680 464 800 81 416 491 422 513 250 439 872 754 246 775 274 438 542 629 462 277 327 517 404 451 371 767 168 632 232 0 595 530 375 535 539 523 215 507 457 442 496 625 441 350 546 155 541 483 451 279 422
373 583 344 817 250 372 794 764 398 820 353 330 730 282 436 402 584 288 322 335 115 390 194 474 356 519 548 824 440 144 231 433 483 453 254 276 196 497 540 718 233 403 595 0 173 445 178 541 260 765 244 287 444 351 226 314 417 147 705 184 345 454 829 252
349 559 279 752 226 306 729 699 374 755 288 305 665 258 370 378 518 223 256 270 91 324 129 449 331 454 524 759 375 120 207 368 418 388 189 211 130 431 516 652 209 338 530 173 0 380 47 476 194 700 178 222 379 286 202 248 352 123 640 53 279 388 764 187
516 565 170 597 499 110 575 545 491 600 133 578 510 531 314 621 364 266 289 176 363 170 289 722 575 272 530 604 193 392 480 312 236 206 367 254 302 249 522 498 482 183 375 445 380 0 385 294 373 545 357 223 197 251 475 292 170 396 485 391 238 206 609 260
354 564 284 757 232 312 734 704 380 760 293 311 670 263 376 383 524 228 262 275 96 330 134 455 337 459 530 764 380 125 212 373 423 393 194 216 136 437 522 658 215 343 535 178 47 385 0 481 200 705 184 228 384 291 207 254 357 129 645 44 285 394 769 192
287 336 228 761 535 273 738 708 262 764 297 485 674 438 478 392 528 404 338 235 459 333 385 636 346 330 301 768 137 488 515 476 294 264 463 392 398 308 293 661 518 347 539 541 476 294 481 0 469 709 453 281 133 300 511 429 228 492 649 487 260 117 773 319
436 599 272 745 314 300 722 692 462 748 281 393 658 345 363 465 512 216 250 263 178 317 122 537 419 447 564 752 368 207 294 361 411 381 28 204 124 424 556 646 297 331 523 260 194 373 200 469 0 693 31 215 372 279 289 241 345 211 633 206 273 381 757 180
931 980 585 176 819 472 153 58 906 351 449 898 177 851 634 970 226 586 662 592 683 421 609 1042 924 416 945 183 608 712 799 632 447 497 687 574 622 541 937 164 802 402 215 765 700 545 705 709 693 0 677 627 612 666 795 611 520 716 147 711 653 621 188 592
420 583 256 729 298 283 706 676 446 732 265 377 642 329 347 449 496 200 233 247 162 301 106 521 403 431 548 736 352 191 278 345 395 365 26 188 107 408 540 629 280 315 507 244 178 357 184 453 31 677 0 199 356 263 273 225 329 195 617 190 256 365 741 164
363 412 84 679 341 203 657 627 338 682 215 420 592 373 298 468 446 150 96 75 206 252 131 564 422 260 377 686 181 235 322 296 224 194 210 138 144 237 369 580 324 265 457 287 222 223 228 281 215 627 199 0 185 98 317 176 157 238 567 234 85 194 691 65
391 440 131 664 498 176 641 611 367 667 200 577 577 530 381 497 431 307 251 138 362 236 288 721 450 233 405 671 64 391 479 379 197 167 366 295 301 211 397 565 481 250 442 444 379 197 384 133 372 612 356 185 0 212 474 332 131 395 552 390 200 77 676 222
341 390 112 718 405 230 696 666 316 721 254 484 631 437 362 446 485 214 65 103 269 291 195 628 400 288 355 725 208 298 386 359 252 221 273 202 208 265 347 619 388 304 496 351 286 251 291 300 279 666 263 98 212 0 381 240 185 302 606 297 63 222 730 129
258 468 374 847 94 401 824 794 284 850 383 215 760 167 465 287 613 318 351 364 144 419 224 359 241 549 434 854 470 120 62 463 513 483 284 306 225 526 425 747 64 433 625 226 202 475 207 511 289 795 273 317 474 381 0 343 447 152 734 214 374 483 859 282
490 560 232 663 367 218 641 611 486 667 199 446 576 399 282 519 430 49 210 223 232 236 157 590 473 408 525 671 328 261 348 280 372 342 236 62 170 385 517 564 350 249 441 314 248 292 254 429 241 611 225 176 332 240 343 0 305 264 551 260 233 342 675 141
450 499 104 572 471 149 549 519 426 575 173 550 485 503 354 556 339 280 224 111 335 209 261 694 509 137 464 579 127 364 451 352 101 71 339 268 274 114 456 472 454 223 350 417 352 170 357 228 345 520 329 157 131 185 447 305 0 368 460 363 173 141 584 195
299 509 295 768 177 322 745 715 325 771 304 256 681 208 386 328 535 239 273 286 66 340 145 400 282 470 475 775 391 95 157 384 434 404 205 227 147 447 467 669 160 354 546 147 123 396 129 492 211 716 195 238 395 302 152 264 368 0 656 135 296 404 780 203
871 920 525 199 759 411 176 146 846 291 389 838 117 790 574 910 166 526 601 531 623 360 549 982 864 356 885 206 548 652 739 572 387 437 627 514 561 481 877 104 742 342 155 705 640 485 645 649 633 147 617 567 552 606 734 551 460 656 0 651 593 561 211 532
360 571 290 763 238 318 741 711 386 766 299 317 676 270 382 389 530 234 268 281 102 336 140 461 343 465 536 770 386 131 218 379 429 399 200 222 142 443 528 664 221 349 541 184 53 391 44 487 206 711 190 234 390 297 214 260 363 135 651 0 291 400 775 198
301 350 100 705 399 218 683 653 277 709 241 478 618 430 355 407 472 207 102 90 263 278 188 622 360 275 316 713 196 292 379 353 239 209 267 195 201 252 308 606 381 291 483 345 279 238 285 260 273 653 256 85 200 63 374 233 173 296 593 291 0 209 717 122
376 424 141 673 507 186 651 621 351 677 209 574 586 526 391 481 440 316 260 147 372 246 297 725 435 243 390 680 73 401 488 388 207 177 376 304 310 220 382 574 490 259 451 454 388 206 394 117 381 621 365 194 77 222 483 342 141 404 561 400 209 0 685 231
995 1044 649 146 883 535 74 187 970 415 513 962 241 915 698 1034 290 650 725 656 747 485 673 1106 988 480 1009 88 672 776 863 696 511 561 751 638 685 605 1001 228 866 466 279 829 764 609 769 773 757 188 741 691 676 730 859 675 584 780 211 775 717 685 0 656
400 449 122 644 306 199 622 592 375 647 180 385 557 338 263 458 411 115 99 112 170 217 96 529 411 297 414 651 218 199 287 260 261 231 174 103 109 274 406 545 289 230 422 252 187 260 192 319 180 592 164 65 222 129 282 141 195 203 532 198 122 231 656 0
EOF