NAME : tsp_problem
TYPE : TSP
DIMENSION : 88
EDGE_WEIGHT_TYPE : EXPLICIT
EDGE_WEIGHT_FORMAT : FULL_MATRIX
EDGE_WEIGHT_SECTION
0 186 826 786 607 721 641 474 281 708 1136 500 576 952 874 734 913 990 874 74 899 869 615 679 762 845 711 922 966 729 664 90 845 888 402 695 386 825 742 789 67 654 988 72 433 382 934 504 578 548 674 145 689 972 615 571 995 473 634 62 752 82 730 877 567 756 128 640 500 707 846 845 881 920 668 997 763 842 798 634 478 705 607 669 791 553 140 825
186 0 682 643 464 577 497 330 137 564 992 357 432 809 730 591 769 846 730 213 756 725 472 535 619 701 568 778 822 585 520 185 702 744 259 551 242 682 598 645 161 510 844 234 289 238 790 360 435 404 530 78 545 829 472 428 851 329 490 147 608 177 586 733 423 612 90 496 356 564 702 702 737 776 524 853 619 698 654 490 334 562 463 525 647 410 83 681
826 682 0 217 408 193 442 397 592 180 422 969 377 268 161 125 199 448 160 852 186 155 275 338 193 380 149 300 253 201 194 825 64 346 457 261 472 58 116 430 800 455 446 873 433 482 392 359 379 443 505 717 380 431 275 424 453 595 336 786 224 817 161 163 294 187 729 472 622 274 133 46 168 207 500 455 491 42 412 336 513 178 408 235 222 354 722 432
786 643 217 0 369 153 403 358 552 141 527 930 337 373 266 126 304 553 266 813 291 260 235 299 46 485 110 405 358 162 155 785 237 451 418 222 432 217 133 440 761 415 551 834 394 442 497 320 340 404 466 678 340 536 236 385 558 555 296 747 185 777 77 268 254 51 690 432 582 234 238 237 273 312 460 560 552 234 449 296 474 138 368 196 29 315 683 493
607 464 408 369 0 303 87 179 374 291 719 751 65 564 457 317 495 604 457 634 482 451 198 261 345 459 294 536 549 312 247 606 428 501 239 278 254 408 324 403 582 111 602 655 215 263 548 141 57 293 355 499 303 586 198 274 608 437 217 568 334 598 313 459 150 338 511 321 464 290 429 428 464 503 350 611 445 425 412 217 363 288 64 252 374 82 504 456
721 577 193 153 303 0 337 292 487 74 503 864 272 349 241 102 280 529 241 747 267 236 170 233 130 431 79 380 333 70 89 719 213 427 352 156 367 192 109 375 695 350 527 768 328 377 473 254 274 338 400 612 275 511 170 319 534 490 231 681 90 711 97 244 189 123 624 366 517 169 213 213 248 287 395 536 486 209 384 231 408 69 303 130 158 249 617 428
641 497 442 403 87 337 0 213 407 324 752 785 99 598 490 351 529 637 490 668 516 485 232 295 379 492 328 569 582 345 280 640 462 535 273 311 287 442 358 436 616 79 635 689 248 297 581 174 90 326 389 532 336 620 232 307 642 471 250 602 368 632 346 493 183 372 545 355 498 324 462 462 497 536 383 644 478 458 445 250 397 322 62 285 407 116 538 489
474 330 397 358 179 292 213 0 240 280 707 617 147 524 446 306 484 562 445 501 471 440 187 250 334 417 283 493 538 300 235 473 417 459 106 266 120 397 313 361 448 226 559 522 81 130 506 75 150 183 245 365 261 544 187 164 566 303 206 435 323 465 302 448 138 327 377 211 330 279 418 417 453 492 240 569 335 414 369 205 253 277 178 241 363 125 371 397
281 137 592 552 374 487 407 240 0 474 902 425 342 719 640 501 679 756 640 308 666 635 381 445 528 611 478 688 732 495 430 280 612 654 169 461 152 591 508 555 256 420 754 329 199 148 700 270 345 314 440 172 455 739 382 338 761 239 400 242 518 272 496 643 333 522 185 406 266 474 612 612 647 686 434 763 529 608 564 400 244 471 373 435 557 320 178 591
708 564 180 141 291 74 324 280 474 0 490 851 259 336 229 89 267 516 228 735 254 223 157 221 117 418 66 368 321 84 76 707 200 414 340 144 354 180 96 362 683 337 514 756 315 364 460 241 261 325 388 599 262 499 157 306 521 477 218 669 106 699 85 231 176 110 611 354 504 156 201 200 236 275 382 523 474 197 371 218 396 60 290 118 146 237 605 415
1136 992 422 527 719 503 752 707 902 490 0 1279 687 314 471 435 254 494 337 1163 289 465 585 648 504 425 459 345 298 511 504 1135 442 392 768 571 782 422 426 476 1110 765 492 1183 743 792 438 669 689 716 724 1027 565 476 585 697 499 846 646 1097 534 1127 471 338 604 497 1039 690 830 584 443 442 287 249 631 501 537 439 457 646 786 488 718 546 532 664 1032 478
500 357 969 930 751 864 785 617 425 851 1279 0 719 1096 1018 878 1056 1133 1017 527 1043 1012 759 822 906 989 855 1065 1110 872 807 499 989 1031 546 838 529 969 885 933 475 798 1131 548 576 525 1078 647 722 691 817 392 833 1116 759 715 1138 616 778 461 895 491 873 1020 710 899 404 783 643 851 990 989 1025 1064 812 1140 907 985 941 777 621 849 750 813 935 697 397 969
576 432 377 337 65 272 99 147 342 259 687 719 0 533 425 285 464 572 425 602 450 420 166 230 313 427 262 504 517 280 215 575 396 470 208 246 222 376 293 371 550 112 570 623 183 232 516 109 47 261 323 467 271 554 166 242 577 405 185 537 303 567 281 428 118 307 479 290 432 258 397 396 432 471 318 579 413 393 380 185 331 256 64 220 342 51 472 424
952 809 268 373 564 349 598 524 719 336 314 1096 533 0 317 281 226 215 153 979 213 311 398 383 349 146 305 147 115 357 350 951 288 113 584 417 599 268 272 197 927 611 213 1000 560 608 159 515 535 437 445 844 286 197 395 418 220 567 492 913 380 943 317 154 450 343 856 411 551 430 289 288 195 234 352 222 258 284 178 491 507 333 564 391 378 510 849 199
874 730 161 266 457 241 490 446 640 229 471 1018 425 317 0 174 248 497 209 901 234 24 323 387 242 428 198 348 301 250 243 873 181 394 506 310 520 160 165 479 849 503 494 922 482 530 441 407 428 492 554 765 428 479 324 473 501 643 384 835 272 865 210 212 342 235 778 520 670 322 41 181 216 255 548 504 539 177 460 384 562 226 456 284 271 403 771 481
734 591 125 126 317 102 351 306 501 89 435 878 285 281 174 0 212 461 173 761 199 168 184 247 102 392 58 312 265 110 103 733 145 359 366 170 381 125 75 389 709 364 459 782 342 390 405 268 288 352 414 626 288 443 184 333 466 503 244 695 133 725 70 176 202 96 638 380 530 182 146 145 181 220 408 468 500 141 397 244 422 86 316 144 131 263 631 441
913 769 199 304 495 280 529 484 679 267 254 1056 464 226 248 212 0 406 119 939 66 242 362 425 280 338 236 258 211 288 281 912 219 304 544 348 559 199 203 388 887 542 404 960 520 569 351 446 466 530 592 804 467 389 362 511 411 682 423 873 311 903 248 122 381 274 816 558 709 361 220 219 64 39 543 413 449 216 370 423 600 265 495 322 309 441 809 390
990 846 448 553 604 529 637 562 756 516 494 1133 572 215 497 461 406 0 333 1017 393 491 436 420 529 184 485 185 230 537 519 989 468 127 622 550 636 448 452 235 964 650 31 1038 597 646 77 554 575 475 483 881 324 100 433 456 51 604 531 951 560 981 497 334 489 523 893 449 589 562 469 468 375 414 390 49 295 464 216 531 545 514 603 524 558 550 887 237
874 730 160 266 457 241 490 445 640 228 337 1017 425 153 209 173 119 333 0 901 105 203 323 387 242 265 197 185 138 249 242 873 180 231 506 309 520 160 164 315 848 503 331 922 481 530 277 407 427 491 554 765 404 316 323 472 338 643 384 835 272 865 209 75 342 235 777 520 670 322 181 180 87 126 470 340 376 177 297 384 562 226 456 284 270 402 771 317
74 213 852 813 634 747 668 501 308 735 1163 527 602 979 901 761 939 1017 901 0 926 895 642 705 789 872 738 949 993 756 691 117 872 914 429 722 412 852 769 816 94 681 1015 115 460 409 961 531 605 575 700 172 716 999 642 598 1021 499 661 89 778 109 757 903 594 783 154 667 526 734 873 872 908 947 695 1024 790 869 825 661 505 732 633 696 818 580 167 852
899 756 186 291 482 267 516 471 666 254 289 1043 450 213 234 199 66 393 105 926 0 229 349 412 267 325 223 245 198 275 268 898 206 291 531 335 546 186 190 375 874 529 391 947 507 555 337 433 453 517 579 791 454 376 349 498 398 669 410 860 298 890 235 108 367 261 803 545 696 348 206 206 93 73 530 400 436 202 357 409 587 251 481 309 296 428 796 377
869 725 155 260 451 236 485 440 635 223 465 1012 420 311 24 168 242 491 203 895 229 0 318 381 236 423 192 342 296 244 237 867 175 389 500 304 515 155 159 473 843 498 489 916 476 524 435 402 422 486 548 760 423 473 318 467 496 638 379 829 267 859 204 206 337 230 772 514 665 317 36 175 211 250 543 498 534 171 455 378 556 220 451 278 265 397 765 475
615 472 275 235 198 170 232 187 381 157 585 759 166 398 323 184 362 436 323 642 349 318 0 94 212 291 161 368 414 178 113 614 295 334 247 144 261 274 191 235 590 244 434 663 223 271 380 148 169 198 261 507 135 418 65 179 441 350 125 576 201 606 179 326 83 205 519 227 377 157 295 295 330 369 255 443 346 291 244 125 269 154 197 118 240 144 512 288
679 535 338 299 261 233 295 250 445 221 648 822 230 383 387 247 425 420 387 705 412 381 94 0 275 275 224 352 398 242 177 678 358 318 310 208 325 338 254 219 653 308 418 726 286 335 364 212 232 208 270 570 119 403 90 189 425 359 189 639 264 669 243 389 147 268 582 236 386 220 359 358 394 433 265 427 331 355 228 189 278 218 261 182 304 207 575 272
762 619 193 46 345 130 379 334 528 117 504 906 313 349 242 102 280 529 242 789 267 236 212 275 0 461 86 381 334 138 131 761 213 427 394 198 408 193 109 416 737 392 527 810 370 418 473 296 316 380 442 654 316 512 212 361 534 531 272 723 161 753 53 244 230 27 666 408 558 210 214 213 249 288 436 536 528 210 425 272 450 114 344 172 51 291 659 469
845 701 380 485 459 431 492 417 611 418 425 989 427 146 428 392 338 184 265 872 325 423 291 275 461 0 416 116 162 439 374 844 399 82 477 405 491 379 384 90 820 505 182 893 453 501 128 409 430 330 338 736 179 166 288 311 189 459 386 806 462 836 428 266 344 454 749 304 444 418 400 399 306 345 245 191 150 396 71 386 400 415 458 379 490 405 742 92
711 568 149 110 294 79 328 283 478 66 459 855 262 305 198 58 236 485 197 738 223 192 161 224 86 416 0 336 289 87 80 710 169 383 343 147 358 149 65 366 686 341 483 759 319 367 429 245 265 329 391 603 265 467 161 310 490 480 221 672 110 702 53 200 179 79 615 357 507 159 169 169 205 244 385 492 477 165 374 221 399 63 293 121 115 240 608 418
922 778 300 405 536 380 569 493 688 368 345 1065 504 147 348 312 258 185 185 949 245 342 368 352 381 116 336 0 146 389 381 921 319 82 554 449 568 299 304 166 896 582 182 970 529 578 129 486 506 407 415 813 256 167 364 388 189 536 463 883 411 913 348 186 421 374 825 381 521 461 320 319 226 265 321 192 227 316 148 463 477 365 535 423 410 482 819 169
966 822 253 358 549 333 582 538 732 321 298 1110 517 115 301 265 211 230 138 993 198 296 414 398 334 162 289 146 0 342 335 965 272 128 598 402 612 252 257 212 941 595 228 1014 573 622 174 499 520 452 460 857 301 212 410 433 235 582 476 927 364 957 301 139 434 327 870 426 566 414 273 272 179 218 367 237 273 269 194 476 522 318 548 376 363 495 863 214
729 585 201 162 312 70 345 300 495 84 511 872 280 357 250 110 288 537 249 756 275 244 178 242 138 439 87 389 342 0 97 728 221 435 361 165 375 201 117 383 703 358 535 777 336 385 481 262 282 346 409 620 283 520 178 327 542 498 239 690 108 720 106 252 197 131 632 375 525 177 222 221 257 296 403 544 494 218 392 239 417 81 311 139 167 257 626 436
664 520 194 155 247 89 280 235 430 76 504 807 215 350 243 103 281 519 242 691 268 237 113 177 131 374 80 381 335 97 0 663 214 417 296 99 310 194 110 318 638 293 517 712 271 320 463 197 217 281 344 555 218 501 113 262 524 433 174 625 120 655 98 245 132 124 567 310 460 112 215 214 250 289 338 526 429 210 327 174 352 74 246 74 160 192 561 371
90 185 825 785 606 719 640 473 280 707 1135 499 575 951 873 733 912 989 873 117 898 867 614 678 761 844 710 921 965 728 663 0 844 887 401 694 384 824 741 788 66 653 987 138 432 381 933 503 577 547 673 144 688 971 614 570 994 472 633 61 751 56 729 876 566 755 127 639 499 706 845 844 880 919 667 996 762 841 797 633 477 704 606 668 790 552 139 824
845 702 64 237 428 213 462 417 612 200 442 989 396 288 181 145 219 468 180 872 206 175 295 358 213 399 169 319 272 221 214 844 0 366 477 281 492 93 136 450 820 475 466 893 453 501 412 379 399 463 525 737 400 450 295 444 473 615 356 806 244 836 181 183 313 207 749 491 642 294 153 84 188 227 520 475 511 80 432 355 533 197 427 255 242 374 742 452
888 744 346 451 501 427 535 459 654 414 392 1031 470 113 394 359 304 127 231 914 291 389 334 318 427 82 383 82 128 435 417 887 366 0 519 448 534 345 350 132 862 548 125 935 495 544 72 452 472 372 380 779 221 110 330 353 132 502 429 848 458 879 395 232 387 421 791 347 487 460 366 366 273 312 287 134 193 362 114 429 443 411 501 422 456 447 784 134
402 259 457 418 239 352 273 106 169 340 768 546 208 584 506 366 544 622 506 429 531 500 247 310 394 477 343 554 598 361 296 401 477 519 0 327 117 457 374 421 377 286 620 450 78 126 566 136 210 243 306 294 321 604 247 224 626 232 266 363 383 393 362 508 199 388 306 272 259 339 478 477 513 552 300 629 395 474 430 266 237 337 239 301 423 185 299 457
695 551 261 222 278 156 311 266 461 144 571 838 246 417 310 170 348 550 309 722 335 304 144 208 198 405 147 449 402 165 99 694 281 448 327 0 341 261 177 349 669 324 548 743 302 351 494 228 248 312 375 586 249 532 144 293 555 464 205 656 187 686 166 312 163 191 598 341 491 32 282 281 317 356 369 557 460 278 358 205 383 141 277 46 227 223 592 402
386 242 472 432 254 367 287 120 152 354 782 529 222 599 520 381 559 636 520 412 546 515 261 325 408 491 358 568 612 375 310 384 492 534 117 341 0 471 388 435 360 300 634 433 92 118 580 150 225 258 320 277 335 619 262 239 641 215 280 346 398 376 376 523 213 402 289 286 242 354 492 492 527 566 314 643 409 488 444 280 220 351 253 315 437 200 282 471
825 682 58 217 408 192 442 397 591 180 422 969 376 268 160 125 199 448 160 852 186 155 274 338 193 379 149 299 252 201 194 824 93 345 457 261 471 0 116 430 800 454 446 873 433 481 392 358 379 443 505 717 379 430 275 424 452 594 335 786 224 816 161 163 293 186 729 471 621 273 132 77 167 206 499 455 490 74 411 335 513 177 407 235 222 354 722 432
742 598 116 133 324 109 358 313 508 96 426 885 293 272 165 75 203 452 164 769 190 159 191 254 109 384 65 304 257 117 110 741 136 350 374 177 388 116 0 396 716 371 450 789 349 398 396 275 295 359 422 633 296 435 191 340 457 511 252 703 140 733 77 167 210 103 645 388 538 190 137 136 172 211 416 459 495 133 405 252 429 94 324 152 138 270 638 436
789 645 430 440 403 375 436 361 555 362 476 933 371 197 479 389 388 235 315 816 375 473 235 219 416 90 366 166 212 383 318 788 450 132 421 349 435 430 396 0 764 449 232 837 396 445 179 353 374 274 332 680 123 217 232 255 239 425 330 750 406 780 384 316 288 410 693 298 439 362 450 450 357 396 239 242 145 446 66 330 344 359 402 323 445 349 686 86
67 161 800 761 582 695 616 448 256 683 1110 475 550 927 849 709 887 964 848 94 874 843 590 653 737 820 686 896 941 703 638 66 820 862 377 669 360 800 716 764 0 629 962 114 407 356 909 478 553 522 648 120 664 947 590 546 969 447 609 38 726 58 705 851 541 730 102 614 474 682 821 820 856 895 643 972 738 816 772 608 452 680 581 644 766 528 115 800
654 510 455 415 111 350 79 226 420 337 765 798 112 611 503 364 542 650 503 681 529 498 244 308 392 505 341 582 595 358 293 653 475 548 286 324 300 454 371 449 629 0 648 702 261 310 594 187 103 339 402 545 349 633 245 320 655 484 263 615 381 645 359 506 196 385 558 368 511 337 475 475 510 549 396 657 491 471 458 263 410 334 74 298 420 129 551 502
988 844 446 551 602 527 635 559 754 514 492 1131 570 213 494 459 404 31 331 1015 391 489 434 418 527 182 483 182 228 535 517 987 466 125 620 548 634 446 450 232 962 648 0 1035 595 644 75 552 572 472 481 879 321 97 430 453 49 602 529 949 558 979 495 332 487 521 891 447 587 560 466 466 373 412 387 47 293 462 214 529 543 511 601 522 556 547 884 235
72 234 873 834 655 768 689 522 329 756 1183 548 623 1000 922 782 960 1038 922 115 947 916 663 726 810 893 759 970 1014 777 712 138 893 935 450 743 433 873 789 837 114 702 1035 0 481 429 982 552 626 595 721 193 737 1020 663 619 1042 520 682 110 799 130 778 924 615 803 175 687 547 755 894 893 929 968 716 1045 811 890 846 682 526 753 654 717 839 601 188 873
433 289 433 394 215 328 248 81 199 315 743 576 183 560 482 342 520 597 481 460 507 476 223 286 370 453 319 529 573 336 271 432 453 495 78 302 92 433 349 396 407 261 595 481 0 102 541 111 186 219 281 324 296 580 223 200 602 262 242 394 359 424 337 484 174 363 336 247 289 315 453 453 489 528 275 604 371 449 405 241 268 313 214 276 399 161 330 433
382 238 482 442 263 377 297 130 148 364 792 525 232 608 530 390 569 646 530 409 555 524 271 335 418 501 367 578 622 385 320 381 501 544 126 351 118 481 398 445 356 310 644 429 102 0 590 160 234 267 330 273 345 628 271 248 651 211 290 343 408 373 386 533 223 412 285 296 238 363 502 501 537 576 324 653 419 498 454 290 216 361 263 325 447 209 278 481
934 790 392 497 548 473 581 506 700 460 438 1078 516 159 441 405 351 77 277 961 337 435 380 364 473 128 429 129 174 481 463 933 412 72 566 494 580 392 396 179 909 594 75 982 541 590 0 498 519 419 427 825 268 59 377 400 82 548 475 895 504 925 441 279 433 467 838 393 533 507 413 412 319 358 334 84 239 409 160 475 489 458 547 468 502 494 831 181
504 360 359 320 141 254 174 75 270 241 669 647 109 515 407 268 446 554 407 531 433 402 148 212 296 409 245 486 499 262 197 503 379 452 136 228 150 358 275 353 478 187 552 552 111 160 498 0 112 189 252 395 253 537 149 170 559 333 167 465 285 495 263 410 100 289 407 218 360 241 379 379 414 453 246 561 341 375 362 167 260 239 140 202 324 87 401 403
578 435 379 340 57 274 90 150 345 261 689 722 47 535 428 288 466 575 427 605 453 422 169 232 316 430 265 506 520 282 217 577 399 472 210 248 225 379 295 374 553 103 572 626 186 234 519 112 0 264 326 470 274 557 169 245 579 408 188 539 305 569 283 430 120 309 482 292 435 261 400 399 435 474 320 582 415 395 382 187 334 259 56 223 345 53 475 426
548 404 443 404 293 338 326 183 314 325 716 691 261 437 492 352 530 475 491 575 517 486 198 208 380 330 329 407 452 346 281 547 463 372 243 312 258 443 359 274 522 339 472 595 219 267 419 189 264 0 158 439 174 457 195 77 479 180 293 509 369 539 347 494 251 373 451 124 207 325 464 463 499 538 153 482 248 459 282 293 98 323 292 287 409 239 444 310
674 530 505 466 355 400 389 245 440 388 724 817 323 445 554 414 592 483 554 700 579 548 261 270 442 338 391 415 460 409 344 673 525 380 306 375 320 505 422 332 648 402 481 721 281 330 427 252 326 158 0 565 236 465 257 139 487 310 356 635 432 665 410 557 314 436 577 55 337 387 526 525 561 600 125 490 220 522 314 356 229 385 354 349 471 301 570 282
145 78 717 678 499 612 532 365 172 599 1027 392 467 844 765 626 804 881 765 172 791 760 507 570 654 736 603 813 857 620 555 144 737 779 294 586 277 717 633 680 120 545 879 193 324 273 825 395 470 439 565 0 580 864 507 463 886 364 525 106 643 136 621 768 458 647 63 531 391 599 737 737 772 811 559 888 654 733 689 525 369 597 498 560 682 445 56 716
689 545 380 340 303 275 336 261 455 262 565 833 271 286 428 288 467 324 404 716 454 423 135 119 316 179 265 256 301 283 218 688 400 221 321 249 335 379 296 123 664 349 321 737 296 345 268 253 274 174 236 580 0 306 132 155 328 325 230 650 306 680 284 405 188 310 593 202 352 262 400 400 435 474 230 331 234 396 131 230 244 259 302 223 345 249 586 175
972 829 431 536 586 511 620 544 739 499 476 1116 554 197 479 443 389 100 316 999 376 473 418 403 512 166 467 167 212 520 501 971 450 110 604 532 619 430 435 217 947 633 97 1020 580 628 59 537 557 457 465 864 306 0 415 438 104 587 513 933 542 963 479 317 471 505 876 431 571 545 451 450 357 396 372 107 278 447 198 513 527 496 585 507 541 532 869 219
615 472 275 236 198 170 232 187 382 157 585 759 166 395 324 184 362 433 323 642 349 318 65 90 212 288 161 364 410 178 113 614 295 330 247 144 262 275 191 232 590 245 430 663 223 271 377 149 169 195 257 507 132 415 0 176 437 347 125 576 201 606 179 326 83 205 519 223 374 157 295 295 331 370 252 440 343 291 240 125 265 155 197 119 241 144 512 284
571 428 424 385 274 319 307 164 338 306 697 715 242 418 473 333 511 456 472 598 498 467 179 189 361 311 310 388 433 327 262 570 444 353 224 293 239 424 340 255 546 320 453 619 200 248 400 170 245 77 139 463 155 438 176 0 460 203 274 532 350 562 328 475 232 354 475 105 230 306 444 444 480 519 134 463 229 440 263 274 122 304 273 268 390 220 468 291
995 851 453 558 608 534 642 566 761 521 499 1138 577 220 501 466 411 51 338 1021 398 496 441 425 534 189 490 189 235 542 524 994 473 132 626 555 641 452 457 239 969 655 49 1042 602 651 82 559 579 479 487 886 328 104 437 460 0 609 536 955 565 985 502 339 494 528 898 453 594 567 473 473 380 419 394 67 300 469 221 536 549 518 608 529 563 554 891 241
473 329 595 555 437 490 471 303 239 477 846 616 405 567 643 503 682 604 643 499 669 638 350 359 531 459 480 536 582 498 433 472 615 502 232 464 215 594 511 425 447 484 602 520 262 211 548 333 408 180 310 364 325 587 347 203 609 0 445 433 521 464 499 646 396 525 376 276 132 476 615 615 650 689 304 611 341 611 434 445 110 474 436 438 560 383 369 403
634 490 336 296 217 231 250 206 400 218 646 778 185 492 384 244 423 531 384 661 410 379 125 189 272 386 221 463 476 239 174 633 356 429 266 205 280 335 252 330 609 263 529 682 242 290 475 167 188 293 356 525 230 513 125 274 536 445 0 595 262 625 240 387 102 266 538 322 472 217 356 356 391 430 350 538 442 352 339 34 364 215 216 179 301 163 531 383
62 147 786 747 568 681 602 435 242 669 1097 461 537 913 835 695 873 951 835 89 860 829 576 639 723 806 672 883 927 690 625 61 806 848 363 656 346 786 703 750 38 615 949 110 394 343 895 465 539 509 635 106 650 933 576 532 955 433 595 0 712 53 691 837 528 717 88 601 461 668 807 806 842 881 629 958 724 803 759 595 439 666 568 630 752 514 101 786
752 608 224 185 334 90 368 323 518 106 534 895 303 380 272 133 311 560 272 778 298 267 201 264 161 462 110 411 364 108 120 751 244 458 383 187 398 224 140 406 726 381 558 799 359 408 504 285 305 369 432 643 306 542 201 350 565 521 262 712 0 743 128 275 220 154 655 398 548 200 244 244 280 318 426 567 517 240 415 262 439 104 334 162 189 280 648 459
82 177 817 777 598 711 632 465 272 699 1127 491 567 943 865 725 903 981 865 109 890 859 606 669 753 836 702 913 957 720 655 56 836 879 393 686 376 816 733 780 58 645 979 130 424 373 925 495 569 539 665 136 680 963 606 562 985 464 625 53 743 0 721 868 558 747 119 631 491 698 837 836 872 911 659 988 754 833 789 625 469 696 598 660 782 544 131 816
730 586 161 77 313 97 346 302 496 85 471 873 281 317 210 70 248 497 209 757 235 204 179 243 53 428 53 348 301 106 98 729 181 395 362 166 376 161 77 384 705 359 495 778 337 386 441 263 283 347 410 621 284 479 179 328 502 499 240 691 128 721 0 212 198 58 633 376 526 178 181 181 217 256 404 504 496 177 393 240 418 82 312 140 82 259 627 437
877 733 163 268 459 244 493 448 643 231 338 1020 428 154 212 176 122 334 75 903 108 206 326 389 244 266 200 186 139 252 245 876 183 232 508 312 523 163 167 316 851 506 332 924 484 533 279 410 430 494 557 768 405 317 326 475 339 646 387 837 275 868 212 0 345 238 780 523 671 325 184 183 90 129 471 341 377 180 298 387 564 229 459 287 273 405 773 319
567 423 294 254 150 189 183 138 333 176 604 710 118 450 342 202 381 489 342 594 367 337 83 147 230 344 179 421 434 197 132 566 313 387 199 163 213 293 210 288 541 196 487 615 174 223 433 100 120 251 314 458 188 471 83 232 494 396 102 528 220 558 198 345 0 224 470 280 423 175 314 313 349 388 308 496 399 310 297 102 322 173 149 137 259 95 464 341
756 612 187 51 338 123 372 327 522 110 497 899 307 343 235 96 274 523 235 783 261 230 205 268 27 454 79 374 327 131 124 755 207 421 388 191 402 186 103 410 730 385 521 803 363 412 467 289 309 373 436 647 310 505 205 354 528 525 266 717 154 747 58 238 224 0 659 402 552 204 207 207 242 281 430 530 521 203 419 266 443 108 338 166 55 284 652 463
128 90 729 690 511 624 545 377 185 611 1039 404 479 856 778 638 816 893 777 154 803 772 519 582 666 749 615 825 870 632 567 127 749 791 306 598 289 729 645 693 102 558 891 175 336 285 838 407 482 451 577 63 593 876 519 475 898 376 538 88 655 119 633 780 470 659 0 543 403 611 750 749 785 824 572 900 667 745 701 537 381 609 510 573 695 457 68 729
640 496 472 432 321 366 355 211 406 354 690 783 290 411 520 380 558 449 520 667 545 514 227 236 408 304 357 381 426 375 310 639 491 347 272 341 286 471 388 298 614 368 447 687 247 296 393 218 292 124 55 531 202 431 223 105 453 276 322 601 398 631 376 523 280 402 543 0 303 353 492 491 527 566 91 456 186 488 280 322 195 351 320 315 437 267 536 248
500 356 622 582 464 517 498 330 266 504 830 643 432 551 670 530 709 589 670 526 696 665 377 386 558 444 507 521 566 525 460 499 642 487 259 491 242 621 538 439 474 511 587 547 289 238 533 360 435 207 337 391 352 571 374 230 594 132 472 461 548 491 526 671 423 552 403 303 0 503 642 642 677 716 331 596 326 638 420 472 137 501 463 465 587 410 396 388
707 564 274 234 290 169 324 279 474 156 584 851 258 430 322 182 361 562 322 734 348 317 157 220 210 418 159 461 414 177 112 706 294 460 339 32 354 273 190 362 682 337 560 755 315 363 507 241 261 325 387 599 262 545 157 306 567 476 217 668 200 698 178 325 175 204 611 353 503 0 294 294 329 368 381 569 473 290 370 217 395 153 289 59 239 236 604 414
846 702 133 238 429 213 462 418 612 201 443 990 397 289 41 146 220 469 181 873 206 36 295 359 214 400 169 320 273 222 215 845 153 366 478 282 492 132 137 450 821 475 466 894 453 502 413 379 400 464 526 737 400 451 295 444 473 615 356 807 244 837 181 184 314 207 750 492 642 294 0 152 188 227 520 476 511 149 432 356 534 198 428 256 243 375 743 453
845 702 46 237 428 213 462 417 612 200 442 989 396 288 181 145 219 468 180 872 206 175 295 358 213 399 169 319 272 221 214 844 84 366 477 281 492 77 136 450 820 475 466 893 453 501 412 379 399 463 525 737 400 450 295 444 473 615 356 806 244 836 181 183 313 207 749 491 642 294 152 0 188 226 520 475 511 62 431 355 533 197 427 255 242 374 742 452
881 737 168 273 464 248 497 453 647 236 287 1025 432 195 216 181 64 375 87 908 93 211 330 394 249 306 205 226 179 257 250 880 188 273 513 317 527 167 172 357 856 510 373 929 489 537 319 414 435 499 561 772 435 357 331 480 380 650 391 842 280 872 217 90 349 242 785 527 677 329 188 188 0 71 512 382 418 184 338 391 569 233 463 291 278 410 778 359
920 776 207 312 503 287 536 492 686 275 249 1064 471 234 255 220 39 414 126 947 73 250 369 433 288 345 244 265 218 296 289 919 227 312 552 356 566 206 211 396 895 549 412 968 528 576 358 453 474 538 600 811 474 396 370 519 419 689 430 881 318 911 256 129 388 281 824 566 716 368 227 226 71 0 551 421 457 223 377 430 608 272 502 330 317 449 817 398
668 524 500 460 350 395 383 240 434 382 631 812 318 352 548 408 543 390 470 695 530 543 255 265 436 245 385 321 367 403 338 667 520 287 300 369 314 499 416 239 643 396 387 716 275 324 334 246 320 153 125 559 230 372 252 134 394 304 350 629 426 659 404 471 308 430 572 91 331 381 520 520 512 551 0 397 126 516 221 350 223 379 349 343 465 295 565 188
997 853 455 560 611 536 644 569 763 523 501 1140 579 222 504 468 413 49 340 1024 400 498 443 427 536 191 492 192 237 544 526 996 475 134 629 557 643 455 459 242 972 657 47 1045 604 653 84 561 582 482 490 888 331 107 440 463 67 611 538 958 567 988 504 341 496 530 900 456 596 569 476 475 382 421 397 0 302 472 223 538 552 521 610 531 565 557 894 244
763 619 491 552 445 486 478 335 529 474 537 907 413 258 539 500 449 295 376 790 436 534 346 331 528 150 477 227 273 494 429 762 511 193 395 460 409 490 495 145 738 491 293 811 371 419 239 341 415 248 220 654 234 278 343 229 300 341 442 724 517 754 496 377 399 521 667 186 326 473 511 511 418 457 126 302 0 507 127 441 318 471 444 435 557 390 660 147
842 698 42 234 425 209 458 414 608 197 439 985 393 284 177 141 216 464 177 869 202 171 291 355 210 396 165 316 269 218 210 841 80 362 474 278 488 74 133 446 816 471 462 890 449 498 409 375 395 459 522 733 396 447 291 440 469 611 352 803 240 833 177 180 310 203 745 488 638 290 149 62 184 223 516 472 507 0 428 352 530 194 424 252 239 371 739 449
798 654 412 449 412 384 445 369 564 371 457 941 380 178 460 397 370 216 297 825 357 455 244 228 425 71 374 148 194 392 327 797 432 114 430 358 444 411 405 66 772 458 214 846 405 454 160 362 382 282 314 689 131 198 240 263 221 434 339 759 415 789 393 298 297 419 701 280 420 370 432 431 338 377 221 223 127 428 0 339 353 368 411 332 454 357 694 68
634 490 336 296 217 231 250 205 400 218 646 777 185 491 384 244 423 531 384 661 409 378 125 189 272 386 221 463 476 239 174 633 355 429 266 205 280 335 252 330 608 263 529 682 241 290 475 167 187 293 356 525 230 513 125 274 536 445 34 595 262 625 240 387 102 266 537 322 472 217 356 355 391 430 350 538 441 352 339 0 364 215 216 179 301 163 531 383
478 334 513 474 363 408 397 253 244 396 786 621 331 507 562 422 600 545 562 505 587 556 269 278 450 400 399 477 522 417 352 477 533 443 237 383 220 513 429 344 452 410 543 526 268 216 489 260 334 98 229 369 244 527 265 122 549 110 364 439 439 469 418 564 322 443 381 195 137 395 534 533 569 608 223 552 318 530 353 364 0 393 362 357 479 309 375 380
705 562 178 138 288 69 322 277 471 60 488 849 256 333 226 86 265 514 226 732 251 220 154 218 114 415 63 365 318 81 74 704 197 411 337 141 351 177 94 359 680 334 511 753 313 361 458 239 259 323 385 597 259 496 155 304 518 474 215 666 104 696 82 229 173 108 609 351 501 153 198 197 233 272 379 521 471 194 368 215 393 0 287 115 143 234 602 412
607 463 408 368 64 303 62 178 373 290 718 750 64 564 456 316 495 603 456 633 481 451 197 261 344 458 293 535 548 311 246 606 427 501 239 277 253 407 324 402 581 74 601 654 214 263 547 140 56 292 354 498 302 585 197 273 608 436 216 568 334 598 312 459 149 338 510 320 463 289 428 427 463 502 349 610 444 424 411 216 362 287 0 251 373 82 503 455
669 525 235 196 252 130 285 241 435 118 546 813 220 391 284 144 322 524 284 696 309 278 118 182 172 379 121 423 376 139 74 668 255 422 301 46 315 235 152 323 644 298 522 717 276 325 468 202 223 287 349 560 223 507 119 268 529 438 179 630 162 660 140 287 137 166 573 315 465 59 256 255 291 330 343 531 435 252 332 179 357 115 251 0 201 198 566 376
791 647 222 29 374 158 407 363 557 146 532 935 342 378 271 131 309 558 270 818 296 265 240 304 51 490 115 410 363 167 160 790 242 456 423 227 437 222 138 445 766 420 556 839 399 447 502 324 345 409 471 682 345 541 241 390 563 560 301 752 189 782 82 273 259 55 695 437 587 239 243 242 278 317 465 565 557 239 454 301 479 143 373 201 0 320 688 498
553 410 354 315 82 249 116 125 320 237 664 697 51 510 403 263 441 550 402 580 428 397 144 207 291 405 240 482 495 257 192 552 374 447 185 223 200 354 270 349 528 129 547 601 161 209 494 87 53 239 301 445 249 532 144 220 554 383 163 514 280 544 259 405 95 284 457 267 410 236 375 374 410 449 295 557 390 371 357 163 309 234 82 198 320 0 450 401
140 83 722 683 504 617 538 371 178 605 1032 397 472 849 771 631 809 887 771 167 796 765 512 575 659 742 608 819 863 626 561 139 742 784 299 592 282 722 638 686 115 551 884 188 330 278 831 401 475 444 570 56 586 869 512 468 891 369 531 101 648 131 627 773 464 652 68 536 396 604 743 742 778 817 565 894 660 739 694 531 375 602 503 566 688 450 0 722
825 681 432 493 456 428 489 397 591 415 478 969 424 199 481 441 390 237 317 852 377 475 288 272 469 92 418 169 214 436 371 824 452 134 457 402 471 432 436 86 800 502 235 873 433 481 181 403 426 310 282 716 175 219 284 291 241 403 383 786 459 816 437 319 341 463 729 248 388 414 453 452 359 398 188 244 147 449 68 383 380 412 455 376 498 401 722 0
EOF