NAME : tsp_problem
TYPE : TSP
DIMENSION : 84
EDGE_WEIGHT_TYPE : EXPLICIT
EDGE_WEIGHT_FORMAT : FULL_MATRIX
EDGE_WEIGHT_SECTION
0 217 310 109 261 619 361 375 403 471 496 554 223 220 302 150 247 205 476 383 395 257 451 509 274 409 519 390 346 501 432 304 250 467 462 250 288 102 549 297 95 548 529 399 489 349 435 166 387 241 336 307 506 381 243 565 383 533 161 379 243 467 67 241 167 641 498 337 403 145 219 56 368 155 312 310 226 150 256 495 282 182 170 432
217 0 345 144 443 801 396 410 438 653 345 438 257 255 337 185 276 240 658 417 430 292 486 357 309 444 514 425 381 350 613 339 336 316 310 285 238 265 731 332 155 397 711 434 337 384 470 201 568 275 371 489 688 416 188 512 418 528 196 413 278 649 230 276 314 636 347 371 438 104 91 219 403 100 347 345 261 336 291 677 317 127 115 613
310 345 0 225 403 761 257 109 138 613 483 289 210 118 58 189 234 192 619 117 130 179 186 346 269 144 254 125 242 488 574 201 296 455 449 246 276 358 692 194 248 350 671 134 476 84 170 243 529 228 233 449 649 116 372 300 118 268 261 113 170 609 323 99 446 376 486 160 138 273 347 312 103 284 47 207 221 407 251 637 178 311 298 574
109 144 225 0 335 693 288 289 318 545 410 468 137 135 217 77 161 120 550 297 309 171 366 423 201 323 434 305 273 416 506 231 228 382 376 177 203 157 623 224 47 463 603 314 403 263 350 93 461 155 263 381 580 296 170 480 298 447 88 293 170 541 122 156 245 556 413 251 317 72 146 111 283 82 227 237 153 228 183 569 209 109 97 506
261 443 403 335 0 406 386 468 496 258 722 647 448 387 395 376 472 431 263 476 488 448 544 705 165 502 612 483 371 727 219 329 139 693 688 202 514 212 336 322 325 708 316 492 715 442 528 272 174 466 361 94 293 474 469 658 476 626 291 471 268 254 251 369 253 734 724 388 496 370 445 286 461 381 405 335 227 154 194 282 307 408 396 219
619 801 761 693 406 0 744 826 854 431 1080 1005 806 745 753 734 830 789 437 833 846 806 902 1062 523 860 970 841 729 1085 392 687 497 1051 1045 560 872 570 510 680 683 1066 489 850 1072 800 886 630 276 824 719 357 467 832 827 1016 834 984 649 829 626 210 609 727 611 1092 1082 745 854 728 803 644 819 739 763 693 585 512 552 455 665 766 754 392
361 396 257 288 386 744 0 322 350 595 607 501 333 241 249 313 357 316 601 329 342 302 398 558 252 356 466 337 88 612 556 90 278 578 573 228 399 409 674 102 299 562 654 346 600 296 382 225 511 351 90 432 631 328 422 512 330 480 244 325 152 591 373 223 489 588 609 242 350 323 397 363 315 334 259 99 204 390 233 619 107 361 349 556
375 410 109 289 468 826 322 0 69 677 501 254 274 182 117 253 298 257 683 177 95 243 152 312 334 66 220 91 307 506 638 265 360 472 467 310 340 423 756 258 313 315 736 100 494 143 136 307 593 292 297 514 713 81 436 266 178 233 326 61 234 673 387 163 510 342 503 224 59 337 411 377 69 348 93 271 286 472 315 702 243 375 363 638
403 438 138 318 496 854 350 69 0 706 529 282 302 211 146 282 326 285 711 205 123 271 180 340 362 68 248 119 335 534 667 293 389 500 495 338 368 451 784 287 341 344 764 128 522 172 164 335 622 320 325 542 741 110 464 294 206 261 354 63 262 702 416 192 539 370 532 253 61 365 440 405 83 376 122 300 314 500 344 730 271 403 391 667
471 653 613 545 258 431 595 677 706 0 931 857 658 597 605 585 682 641 117 685 698 658 754 914 375 712 822 693 580 937 72 539 349 903 897 412 724 422 111 532 535 918 90 702 924 652 738 482 199 676 571 209 68 684 679 868 686 836 501 681 477 279 461 578 463 944 934 597 706 580 654 496 671 591 615 545 437 364 404 56 517 618 606 160
496 345 483 410 722 1080 607 501 529 931 0 303 297 393 475 375 272 314 937 555 439 380 536 222 588 535 378 475 592 45 892 550 614 61 55 564 235 544 1010 543 434 262 990 435 32 522 520 480 847 278 582 768 967 451 503 377 556 392 475 505 519 927 508 414 567 500 54 509 529 419 344 498 494 415 485 556 540 615 569 955 528 381 398 892
554 438 289 468 647 1005 501 254 282 857 303 0 390 361 296 433 366 408 862 356 193 422 290 114 513 288 132 229 486 308 817 444 540 274 269 489 329 602 935 437 492 118 915 188 296 322 273 486 772 372 476 693 892 205 597 130 357 145 505 258 413 853 566 343 661 254 305 403 282 513 438 556 248 509 272 450 465 651 495 881 422 475 492 817
223 257 210 137 448 806 333 274 302 658 297 390 0 120 201 101 47 55 664 282 294 106 351 309 314 308 419 290 318 302 619 277 341 268 262 291 89 270 737 270 160 349 716 299 289 248 335 207 574 43 309 494 694 280 284 464 283 432 202 278 246 654 235 141 358 541 299 236 302 185 259 225 268 196 212 283 266 342 296 682 255 223 211 619
220 255 118 135 387 745 241 182 211 597 393 361 120 0 110 99 144 102 603 190 202 88 259 406 254 216 327 198 226 398 558 185 280 364 359 230 185 268 676 178 158 423 655 207 386 156 243 204 513 138 217 433 633 189 281 373 191 340 199 186 154 593 233 63 356 449 395 144 210 182 257 222 176 193 120 191 206 339 235 621 163 220 208 558
302 337 58 217 395 753 249 117 146 605 475 296 201 110 0 181 225 184 610 125 137 170 194 354 261 151 262 133 234 480 566 192 288 446 441 237 267 350 683 186 240 358 663 142 468 91 178 234 521 219 224 441 640 124 363 308 126 275 253 121 161 601 315 91 438 384 477 152 145 264 339 304 111 275 55 199 213 399 243 629 170 302 290 566
150 185 189 77 376 734 313 253 282 585 375 433 101 99 181 0 125 84 591 261 274 136 330 387 242 288 398 269 298 380 546 256 268 346 341 218 167 198 664 249 88 427 644 278 368 228 314 134 501 119 288 422 621 260 211 444 262 412 129 257 210 581 162 120 286 520 377 215 282 112 187 152 247 123 191 262 194 269 223 610 234 150 138 546
247 276 234 161 472 830 357 298 326 682 272 366 47 144 225 125 0 65 688 306 318 130 375 285 338 332 442 314 342 278 643 301 365 244 238 315 65 294 761 294 184 325 740 323 265 272 359 231 598 29 333 518 718 304 308 440 307 455 226 302 270 678 259 165 382 564 275 260 326 209 275 248 292 220 236 307 290 366 320 706 278 247 235 643
205 240 192 120 431 789 316 257 285 641 314 408 55 102 184 84 65 0 646 265 277 89 333 327 297 291 401 272 301 319 601 259 324 286 280 273 107 253 719 252 143 367 699 281 307 231 317 189 557 60 291 477 676 263 266 447 265 415 184 260 228 637 218 123 341 523 317 219 285 167 242 207 250 178 194 266 249 324 279 665 237 205 193 602
476 658 619 550 263 437 601 683 711 117 937 862 664 603 610 591 688 646 0 691 703 664 760 920 381 717 828 699 586 942 61 545 354 909 903 417 730 428 196 538 540 923 175 708 930 657 744 488 205 682 577 215 153 689 684 874 692 841 506 687 483 285 466 584 469 950 940 603 711 586 660 502 677 597 621 551 443 370 409 141 522 624 611 166
383 417 117 297 476 833 329 177 205 685 555 356 282 190 125 261 306 265 691 0 197 251 254 414 342 211 321 193 315 561 646 273 368 527 521 318 348 430 764 266 320 417 743 202 548 54 237 315 601 300 305 521 721 183 444 368 26 335 333 181 242 681 395 171 518 443 558 232 205 345 419 384 171 356 114 279 294 480 323 709 251 383 371 646
395 430 130 309 488 846 342 95 123 698 439 193 294 202 137 274 318 277 703 197 0 263 131 250 354 129 158 70 327 445 658 285 381 411 405 330 360 443 776 278 333 254 756 79 432 163 114 327 614 312 317 534 733 60 456 204 198 172 346 99 254 694 407 184 530 280 442 244 123 357 432 397 89 368 113 291 306 492 336 722 263 395 383 658
257 292 179 171 448 806 302 243 271 658 380 422 106 88 170 136 130 89 664 251 263 0 320 392 314 277 387 259 287 385 619 246 341 351 346 291 172 305 737 239 195 432 716 268 373 217 303 241 574 124 278 494 694 249 318 434 252 401 236 247 215 654 269 110 392 509 382 205 271 219 294 259 237 230 180 252 266 376 296 682 223 257 245 619
451 486 186 366 544 902 398 152 180 754 536 290 351 259 194 330 375 333 760 254 131 320 0 347 410 186 255 81 383 541 715 342 437 508 502 387 417 499 833 335 389 351 812 135 529 220 31 384 670 369 374 590 790 117 513 301 255 269 402 156 311 750 464 240 587 377 539 301 180 414 488 453 146 425 170 348 362 548 392 778 319 452 439 715
509 357 346 423 705 1062 558 312 340 914 222 114 309 406 354 387 285 327 920 414 250 392 347 0 571 346 190 286 543 227 875 502 597 193 188 547 248 557 993 495 447 73 972 246 215 380 331 493 830 291 534 750 950 262 516 188 415 203 488 316 471 910 521 400 580 312 224 461 340 432 357 511 306 428 330 508 523 628 552 938 480 393 411 875
274 309 269 201 165 523 252 334 362 375 588 513 314 254 261 242 338 297 381 342 354 314 410 571 0 368 478 350 237 593 336 195 104 559 554 68 380 228 454 188 212 574 433 358 581 308 394 138 291 332 227 211 411 340 335 524 343 492 157 338 134 371 266 235 268 600 590 254 362 236 311 276 328 247 271 201 94 169 60 399 173 274 262 336
409 444 144 323 502 860 356 66 68 712 535 288 308 216 151 288 332 291 717 211 129 277 186 346 368 0 254 125 341 540 672 299 395 506 501 344 374 457 790 292 347 350 770 134 528 177 170 341 628 326 331 548 747 116 470 300 212 267 360 61 268 708 421 198 544 376 537 258 59 371 446 411 81 382 127 305 320 506 350 736 277 409 397 673
519 514 254 434 612 970 466 220 248 822 378 132 419 327 262 398 442 401 828 321 158 387 255 190 478 254 0 194 451 384 783 410 505 350 344 455 404 567 901 403 457 193 880 154 371 288 239 452 738 437 442 658 858 170 580 143 322 87 470 223 379 818 532 308 655 158 381 369 248 482 513 521 213 492 238 416 430 616 460 846 387 520 507 783
390 425 125 305 483 841 337 91 119 693 475 229 290 198 133 269 314 272 699 193 70 259 81 286 350 125 194 0 322 481 654 281 376 447 441 326 356 438 772 274 328 290 751 74 468 159 65 323 609 308 313 529 729 56 452 240 194 208 341 95 250 689 403 179 526 316 478 240 119 353 427 392 85 364 109 287 302 488 331 717 259 391 378 654
346 381 242 273 371 729 88 307 335 580 592 486 318 226 234 298 342 301 586 315 327 287 383 543 237 341 451 322 0 597 541 75 263 563 558 213 384 394 659 87 284 547 639 331 585 281 367 210 496 336 48 417 616 313 407 497 315 465 229 310 137 576 358 208 474 573 594 227 335 308 382 348 300 319 244 84 189 375 218 605 92 346 334 541
501 350 488 416 727 1085 612 506 534 937 45 308 302 398 480 380 278 319 942 561 445 385 541 227 593 540 384 481 597 0 898 555 620 66 60 569 240 549 1015 549 439 267 995 440 25 527 525 485 853 284 587 773 972 456 508 382 562 397 480 510 524 933 514 420 572 506 46 515 534 424 349 503 500 420 490 562 545 620 575 961 533 386 403 898
432 613 574 506 219 392 556 638 667 72 892 817 619 558 566 546 643 601 61 646 658 619 715 875 336 672 783 654 541 898 0 500 310 864 858 372 685 383 151 493 496 879 130 663 885 613 699 443 160 637 532 170 108 645 640 829 647 796 461 642 438 240 422 539 424 905 895 558 667 541 615 457 632 552 576 506 398 325 365 96 477 579 567 121
304 339 201 231 329 687 90 265 293 539 550 444 277 185 192 256 301 259 545 273 285 246 342 502 195 299 410 281 75 555 500 0 222 522 516 172 343 352 618 46 242 506 597 290 543 239 326 169 455 295 65 375 575 271 365 456 274 423 187 269 96 535 317 166 432 532 553 185 293 267 341 306 259 277 203 51 147 333 177 563 51 304 292 500
250 336 296 228 139 497 278 360 389 349 614 540 341 280 288 268 365 324 354 368 381 341 437 597 104 395 505 376 263 620 310 222 0 586 580 95 407 201 427 215 239 601 407 385 607 335 421 165 265 359 254 185 384 367 362 551 369 519 184 364 160 345 240 261 242 627 617 280 389 263 337 275 354 274 298 228 120 143 87 373 200 301 289 310
467 316 455 382 693 1051 578 472 500 903 61 274 268 364 446 346 244 286 909 527 411 351 508 193 559 506 350 447 563 66 864 522 586 0 27 535 206 515 982 515 405 233 961 406 54 493 491 451 819 250 554 739 939 423 474 348 528 363 446 476 491 899 480 386 539 472 63 481 500 390 316 469 466 386 456 528 511 587 541 927 499 352 369 864
462 310 449 376 688 1045 573 467 495 897 55 269 262 359 441 341 238 280 903 521 405 346 502 188 554 501 344 441 558 60 858 516 580 27 0 530 201 510 976 509 400 227 955 401 48 488 486 446 813 244 548 733 933 417 469 343 522 358 441 470 485 893 474 380 533 466 58 475 495 385 310 464 460 381 451 522 506 581 535 921 494 347 364 858
250 285 246 177 202 560 228 310 338 412 564 489 291 230 237 218 315 273 417 318 330 291 387 547 68 344 455 326 213 569 372 172 95 535 530 0 357 264 490 165 188 550 470 335 557 284 370 115 327 309 204 248 447 316 311 501 319 468 133 314 110 408 263 211 305 577 567 230 338 213 287 252 304 224 248 178 70 206 50 436 149 251 238 372
288 238 276 203 514 872 399 340 368 724 235 329 89 185 267 167 65 107 730 348 360 172 417 248 380 374 404 356 384 240 685 343 407 206 201 357 0 336 803 336 226 288 782 365 228 314 400 272 640 71 375 560 760 346 350 403 349 418 267 344 312 720 301 207 424 526 238 302 368 251 238 290 334 262 277 349 332 408 362 748 320 274 276 685
102 265 358 157 212 570 409 423 451 422 544 602 270 268 350 198 294 253 428 430 443 305 499 557 228 457 567 438 394 549 383 352 201 515 510 264 336 0 501 345 143 596 480 447 537 397 483 214 338 288 384 258 458 429 291 613 431 581 209 426 291 418 115 289 118 689 546 384 451 192 267 104 416 203 360 358 274 102 256 446 330 230 218 383
549 731 692 623 336 510 674 756 784 111 1010 935 737 676 683 664 761 719 196 764 776 737 833 993 454 790 901 772 659 1015 151 618 427 982 976 490 803 501 0 611 613 996 154 781 1003 730 817 561 278 755 650 288 83 762 757 947 765 914 579 760 556 358 539 657 542 1023 1013 676 784 659 733 575 750 670 694 624 516 443 482 120 595 697 684 239
297 332 194 224 322 680 102 258 287 532 543 437 270 178 186 249 294 252 538 266 278 239 335 495 188 292 403 274 87 549 493 46 215 515 509 165 336 345 611 0 235 499 590 283 536 232 319 162 448 288 78 368 568 265 358 449 267 416 180 262 89 528 310 159 425 525 546 178 286 260 334 299 252 271 196 52 140 326 170 556 44 298 285 493
95 155 248 47 325 683 299 313 341 535 434 492 160 158 240 88 184 143 540 320 333 195 389 447 212 347 457 328 284 439 496 242 239 405 400 188 226 143 613 235 0 486 593 337 427 287 373 104 451 178 274 371 570 319 181 503 321 471 99 316 181 531 107 179 230 579 436 274 341 82 157 97 306 93 250 248 164 214 194 559 220 120 108 496
548 397 350 463 708 1066 562 315 344 918 262 118 349 423 358 427 325 367 923 417 254 432 351 73 574 350 193 290 547 267 879 506 601 233 227 550 288 596 996 499 486 0 976 250 254 384 335 532 834 331 538 754 953 266 555 191 418 207 527 319 474 914 561 404 620 315 264 465 344 471 397 550 309 467 334 512 526 668 556 942 483 433 450 879
529 711 671 603 316 489 654 736 764 90 990 915 716 655 663 644 740 699 175 743 756 716 812 972 433 770 880 751 639 995 130 597 407 961 955 470 782 480 154 590 593 976 0 760 982 710 796 540 257 734 629 267 111 742 737 926 744 894 559 739 536 337 519 637 521 1002 992 655 764 638 712 554 729 649 673 603 495 422 462 67 575 676 664 218
399 434 134 314 492 850 346 100 128 702 435 188 299 207 142 278 323 281 708 202 79 268 135 246 358 134 154 74 331 440 663 290 385 406 401 335 365 447 781 283 337 250 760 0 428 168 119 332 618 317 322 538 738 65 460 200 202 167 350 103 259 698 412 188 535 276 437 249 128 362 436 401 93 373 118 296 310 496 340 726 267 400 387 663
489 337 476 403 715 1072 600 494 522 924 32 296 289 386 468 368 265 307 930 548 432 373 529 215 581 528 371 468 585 25 885 543 607 54 48 557 228 537 1003 536 427 254 982 428 0 515 513 473 840 271 575 760 960 444 496 370 549 385 468 497 512 920 501 407 560 493 33 502 522 412 337 491 487 408 478 549 533 608 562 948 521 374 391 885
349 384 84 263 442 800 296 143 172 652 522 322 248 156 91 228 272 231 657 54 163 217 220 380 308 177 288 159 281 527 613 239 335 493 488 284 314 397 730 232 287 384 710 168 515 0 204 281 568 266 271 488 687 150 410 334 54 301 300 147 208 648 361 138 484 410 524 198 172 311 386 351 137 322 81 245 260 446 290 676 217 349 337 613
435 470 170 350 528 886 382 136 164 738 520 273 335 243 178 314 359 317 744 237 114 303 31 331 394 170 239 65 367 525 699 326 421 491 486 370 400 483 817 319 373 335 796 119 513 204 0 368 654 353 358 574 774 101 496 285 238 252 386 139 295 734 448 224 571 361 522 285 164 398 472 437 129 408 154 332 346 532 376 762 303 435 423 699
166 201 243 93 272 630 225 307 335 482 480 486 207 204 234 134 231 189 488 315 327 241 384 493 138 341 452 323 210 485 443 169 165 451 446 115 272 214 561 162 104 532 540 332 473 281 368 0 398 225 201 318 518 313 227 498 316 465 49 311 107 478 179 208 302 574 482 227 335 129 203 168 301 139 245 175 90 276 120 506 146 167 154 443
387 568 529 461 174 276 511 593 622 199 847 772 574 513 521 501 598 557 205 601 614 574 670 830 291 628 738 609 496 853 160 455 265 819 813 327 640 338 278 448 451 834 257 618 840 568 654 398 0 592 487 125 235 600 595 784 602 752 417 597 393 195 377 494 379 860 850 513 622 496 570 412 587 507 531 461 353 280 320 223 433 534 522 160
241 275 228 155 466 824 351 292 320 676 278 372 43 138 219 119 29 60 682 300 312 124 369 291 332 326 437 308 336 284 637 295 359 250 244 309 71 288 755 288 178 331 734 317 271 266 353 225 592 0 327 512 712 298 302 446 301 450 220 296 264 672 253 159 376 559 281 254 320 203 277 242 286 214 230 301 284 360 314 700 272 241 229 637
336 371 233 263 361 719 90 297 325 571 582 476 309 217 224 288 333 291 577 305 317 278 374 534 227 331 442 313 48 587 532 65 254 554 548 204 375 384 650 78 274 538 629 322 575 271 358 201 487 327 0 407 607 303 397 488 306 455 219 301 128 567 349 198 464 564 585 217 325 299 373 338 291 309 235 75 179 365 209 595 83 336 324 532
307 489 449 381 94 357 432 514 542 209 768 693 494 433 441 422 518 477 215 521 534 494 590 750 211 548 658 529 417 773 170 375 185 739 733 248 560 258 288 368 371 754 267 538 760 488 574 318 125 512 407 0 245 520 515 704 522 672 337 517 314 205 297 415 299 780 770 433 542 416 491 332 507 427 451 381 273 200 240 233 353 454 442 170
506 688 649 580 293 467 631 713 741 68 967 892 694 633 640 621 718 676 153 721 733 694 790 950 411 747 858 729 616 972 108 575 384 939 933 447 760 458 83 568 570 953 111 738 960 687 774 518 235 712 607 245 0 719 715 904 722 871 536 717 513 315 496 614 499 980 970 633 741 616 690 532 707 627 651 581 473 400 439 77 552 654 641 196
381 416 116 296 474 832 328 81 110 684 451 205 280 189 124 260 304 263 689 183 60 249 117 262 340 116 170 56 313 456 645 271 367 423 417 316 346 429 762 265 319 266 742 65 444 150 101 313 600 298 303 520 719 0 442 216 184 184 332 85 240 680 394 170 517 292 454 231 110 343 418 383 75 354 100 278 292 478 322 708 249 381 369 645
243 188 372 170 469 827 422 436 464 679 503 597 284 281 363 211 308 266 684 444 456 318 513 516 335 470 580 452 407 508 640 365 362 474 469 311 350 291 757 358 181 555 737 460 496 410 496 227 595 302 397 515 715 442 0 626 445 594 222 440 304 675 256 303 379 702 505 398 464 130 190 245 430 98 373 371 287 363 317 703 343 153 141 640
565 512 300 480 658 1016 512 266 294 868 377 130 464 373 308 444 440 447 874 368 204 434 301 188 524 300 143 240 497 382 829 456 551 348 343 501 403 613 947 449 503 191 926 200 370 334 285 498 784 446 488 704 904 216 626 0 368 157 516 269 425 864 578 354 701 265 379 415 294 528 512 567 259 539 284 462 476 662 506 892 433 548 553 829
383 418 118 298 476 834 330 178 206 686 556 357 283 191 126 262 307 265 692 26 198 252 255 415 343 212 322 194 315 562 647 274 369 528 522 319 349 431 765 267 321 418 744 202 549 54 238 316 602 301 306 522 722 184 445 368 0 336 334 182 243 682 396 172 519 444 559 233 206 346 420 385 172 357 115 280 295 481 324 710 252 384 371 647
533 528 268 447 626 984 480 233 261 836 392 145 432 340 275 412 455 415 841 335 172 401 269 203 492 267 87 208 465 397 796 423 519 363 358 468 418 581 914 416 471 207 894 167 385 301 252 465 752 450 455 672 871 184 594 157 336 0 484 237 392 832 545 322 668 144 395 382 261 495 527 535 227 506 251 429 444 630 474 860 401 533 521 796
161 196 261 88 291 649 244 326 354 501 475 505 202 199 253 129 226 184 506 333 346 236 402 488 157 360 470 341 229 480 461 187 184 446 441 133 267 209 579 180 99 527 559 350 468 300 386 49 417 220 219 337 536 332 222 516 334 484 0 329 126 497 174 220 297 592 477 245 354 124 198 163 319 134 263 193 109 280 139 525 165 162 149 462
379 413 113 293 471 829 325 61 63 681 505 258 278 186 121 257 302 260 687 181 99 247 156 316 338 61 223 95 310 510 642 269 364 476 470 314 344 426 760 262 316 319 739 103 497 147 139 311 597 296 301 517 717 85 440 269 182 237 329 0 238 677 391 167 514 345 507 228 53 341 415 380 73 352 97 275 290 476 319 705 247 379 367 642
243 278 170 170 268 626 152 234 262 477 519 413 246 154 161 210 270 228 483 242 254 215 311 471 134 268 379 250 137 524 438 96 160 491 485 110 312 291 556 89 181 474 536 259 512 208 295 107 393 264 128 314 513 240 304 425 243 392 126 238 0 473 255 135 371 501 522 154 262 205 279 245 228 216 172 102 86 272 115 502 73 243 231 438
467 649 609 541 254 210 591 673 702 279 927 853 654 593 601 581 678 637 285 681 694 654 750 910 371 708 818 689 576 933 240 535 345 899 893 408 720 418 358 528 531 914 337 698 920 648 734 478 195 672 567 205 315 680 675 864 682 832 497 677 473 0 457 574 459 940 930 593 702 576 650 492 667 587 611 541 433 360 400 303 513 614 602 240
67 230 323 122 251 609 373 387 416 461 508 566 235 233 315 162 259 218 466 395 407 269 464 521 266 421 532 403 358 514 422 317 240 480 474 263 301 115 539 310 107 561 519 412 501 361 448 179 377 253 349 297 496 394 256 578 396 545 174 391 255 457 0 254 156 654 511 349 415 157 231 69 381 168 325 323 239 140 268 485 294 195 183 422
241 276 99 156 369 727 223 163 192 578 414 343 141 63 91 120 165 123 584 171 184 110 240 400 235 198 308 179 208 420 539 166 261 386 380 211 207 289 657 159 179 404 637 188 407 138 224 208 494 159 198 415 614 170 303 354 172 322 220 167 135 574 254 0 377 430 417 125 192 204 278 243 157 215 101 172 187 361 216 602 144 242 229 539
167 314 446 245 253 611 489 510 539 463 567 661 358 356 438 286 382 341 469 518 530 392 587 580 268 544 655 526 474 572 424 432 242 539 533 305 424 118 542 425 230 620 521 535 560 484 571 302 379 376 464 299 499 517 379 701 519 668 297 514 371 459 156 377 0 777 570 472 539 280 313 192 504 291 448 438 330 142 297 487 410 318 306 424
641 636 376 556 734 1092 588 342 370 944 500 254 541 449 384 520 564 523 950 443 280 509 377 312 600 376 158 316 573 506 905 532 627 472 466 577 526 689 1023 525 579 315 1002 276 493 410 361 574 860 559 564 780 980 292 702 265 444 144 592 345 501 940 654 430 777 0 503 491 370 604 635 643 335 614 360 538 552 738 582 968 509 641 629 905
498 347 486 413 724 1082 609 503 532 934 54 305 299 395 477 377 275 317 940 558 442 382 539 224 590 537 381 478 594 46 895 553 617 63 58 567 238 546 1013 546 436 264 992 437 33 524 522 482 850 281 585 770 970 454 505 379 559 395 477 507 522 930 511 417 570 503 0 512 531 421 347 500 497 418 488 559 542 618 572 958 530 383 400 895
337 371 160 251 388 745 242 224 253 597 509 403 236 144 152 215 260 219 603 232 244 205 301 461 254 258 369 240 227 515 558 185 280 481 475 230 302 384 676 178 274 465 655 249 502 198 285 227 513 254 217 433 633 231 398 415 233 382 245 228 154 593 349 125 472 491 512 0 252 299 373 338 218 310 162 191 206 392 235 621 163 337 325 558
403 438 138 317 496 854 350 59 61 706 529 282 302 210 145 282 326 285 711 205 123 271 180 340 362 59 248 119 335 534 667 293 389 500 495 338 368 451 784 286 341 344 764 128 522 172 164 335 622 320 325 542 741 110 464 294 206 261 354 53 262 702 415 192 539 370 531 252 0 365 440 405 73 376 121 299 314 500 344 730 271 403 391 667
145 104 273 72 370 728 323 337 365 580 419 513 185 182 264 112 209 167 586 345 357 219 414 432 236 371 482 353 308 424 541 267 263 390 385 213 251 192 659 260 82 471 638 362 412 311 398 129 496 203 299 416 616 343 130 528 346 495 124 341 205 576 157 204 280 604 421 299 365 0 106 146 331 42 275 273 188 264 218 604 244 69 57 541
219 91 347 146 445 803 397 411 440 654 344 438 259 257 339 187 275 242 660 419 432 294 488 357 311 446 513 427 382 349 615 341 337 316 310 287 238 267 733 334 157 397 712 436 337 386 472 203 570 277 373 491 690 418 190 512 420 527 198 415 279 650 231 278 313 635 347 373 440 106 0 221 405 102 349 347 263 338 292 678 319 127 116 615
56 219 312 111 286 644 363 377 405 496 498 556 225 222 304 152 248 207 502 384 397 259 453 511 276 411 521 392 348 503 457 306 275 469 464 252 290 104 575 299 97 550 554 401 491 351 437 168 412 242 338 332 532 383 245 567 385 535 163 380 245 492 69 243 192 643 500 338 405 146 221 0 370 157 314 312 228 176 258 520 284 184 172 457
368 403 103 283 461 819 315 69 83 671 494 248 268 176 111 247 292 250 677 171 89 237 146 306 328 81 213 85 300 500 632 259 354 466 460 304 334 416 750 252 306 309 729 93 487 137 129 301 587 286 291 507 707 75 430 259 172 227 319 73 228 667 381 157 504 335 497 218 73 331 405 370 0 342 87 265 280 466 309 695 237 369 356 632
155 100 284 82 381 739 334 348 376 591 415 509 196 193 275 123 220 178 597 356 368 230 425 428 247 382 492 364 319 420 552 277 274 386 381 224 262 203 670 271 93 467 649 373 408 322 408 139 507 214 309 427 627 354 98 539 357 506 134 352 216 587 168 215 291 614 418 310 376 42 102 157 342 0 285 284 199 275 229 615 255 65 53 552
312 347 47 227 405 763 259 93 122 615 485 272 212 120 55 191 236 194 621 114 113 180 170 330 271 127 238 109 244 490 576 203 298 456 451 248 277 360 694 196 250 334 673 118 478 81 154 245 531 230 235 451 651 100 373 284 115 251 263 97 172 611 325 101 448 360 488 162 121 275 349 314 87 285 0 209 223 409 253 639 180 312 300 576
310 345 207 237 335 693 99 271 300 545 556 450 283 191 199 262 307 266 551 279 291 252 348 508 201 305 416 287 84 562 506 51 228 528 522 178 349 358 624 52 248 512 603 296 549 245 332 175 461 301 75 381 581 278 371 462 280 429 193 275 102 541 323 172 438 538 559 191 299 273 347 312 265 284 209 0 153 339 183 569 57 311 298 506
226 261 221 153 227 585 204 286 314 437 540 465 266 206 213 194 290 249 443 294 306 266 362 523 94 320 430 302 189 545 398 147 120 511 506 70 332 274 516 140 164 526 495 310 533 260 346 90 353 284 179 273 473 292 287 476 295 444 109 290 86 433 239 187 330 552 542 206 314 188 263 228 280 199 223 153 0 232 75 461 125 226 214 398
150 336 407 228 154 512 390 472 500 364 615 651 342 339 399 269 366 324 370 480 492 376 548 628 169 506 616 488 375 620 325 333 143 587 581 206 408 102 443 326 214 668 422 496 608 446 532 276 280 360 365 200 400 478 363 662 481 630 280 476 272 360 140 361 142 738 618 392 500 264 338 176 466 275 409 339 232 0 198 388 311 302 289 325
256 291 251 183 194 552 233 315 344 404 569 495 296 235 243 223 320 279 409 323 336 296 392 552 60 350 460 331 218 575 365 177 87 541 535 50 362 256 482 170 194 556 462 340 562 290 376 120 320 314 209 240 439 322 317 506 324 474 139 319 115 400 268 216 297 582 572 235 344 218 292 258 309 229 253 183 75 198 0 428 155 256 244 365
495 677 637 569 282 455 619 702 730 56 955 881 682 621 629 610 706 665 141 709 722 682 778 938 399 736 846 717 605 961 96 563 373 927 921 436 748 446 120 556 559 942 67 726 948 676 762 506 223 700 595 233 77 708 703 892 710 860 525 705 502 303 485 602 487 968 958 621 730 604 678 520 695 615 639 569 461 388 428 0 541 642 630 184
282 317 178 209 307 665 107 243 271 517 528 422 255 163 170 234 278 237 522 251 263 223 319 480 173 277 387 259 92 533 477 51 200 499 494 149 320 330 595 44 220 483 575 267 521 217 303 146 433 272 83 353 552 249 343 433 252 401 165 247 73 513 294 144 410 509 530 163 271 244 319 284 237 255 180 57 125 311 155 541 0 282 270 477
182 127 311 109 408 766 361 375 403 618 381 475 223 220 302 150 247 205 624 383 395 257 452 393 274 409 520 391 346 386 579 304 301 352 347 251 274 230 697 298 120 433 676 400 374 349 435 167 534 241 336 454 654 381 153 548 384 533 162 379 243 614 195 242 318 641 383 337 403 69 127 184 369 65 312 311 226 302 256 642 282 0 80 579
170 115 298 97 396 754 349 363 391 606 398 492 211 208 290 138 235 193 611 371 383 245 439 411 262 397 507 378 334 403 567 292 289 369 364 238 276 218 684 285 108 450 664 387 391 337 423 154 522 229 324 442 641 369 141 553 371 521 149 367 231 602 183 229 306 629 400 325 391 57 116 172 356 53 300 298 214 289 244 630 270 80 0 567
432 613 574 506 219 392 556 638 667 160 892 817 619 558 566 546 643 602 166 646 658 619 715 875 336 673 783 654 541 898 121 500 310 864 858 372 685 383 239 493 496 879 218 663 885 613 699 443 160 637 532 170 196 645 640 829 647 796 462 642 438 240 422 539 424 905 895 558 667 541 615 457 632 552 576 506 398 325 365 184 477 579 567 0
EOF