NAME : tsp_problem
TYPE : TSP
DIMENSION : 42
EDGE_WEIGHT_TYPE : EXPLICIT
EDGE_WEIGHT_FORMAT : FULL_MATRIX
EDGE_WEIGHT_SECTION
0 920 491 722 631 914 73 626 663 372 137 520 436 510 851 924 661 877 811 642 499 653 530 720 548 373 909 819 481 604 957 701 75 45 78 540 946 701 589 784 877 606
920 0 494 244 604 33 983 457 325 583 831 433 519 455 287 163 283 394 410 614 484 361 503 463 512 580 28 418 508 350 77 532 985 920 988 416 377 444 393 210 347 409
491 494 0 296 174 488 554 168 274 154 402 205 291 121 394 498 235 419 354 185 42 196 73 263 283 151 483 362 60 216 531 243 556 491 559 188 489 243 131 395 419 429
722 244 296 0 406 238 785 259 277 385 632 235 321 256 372 247 85 479 444 416 285 163 305 353 313 381 233 452 309 152 281 333 787 722 790 218 462 334 195 163 431 362
631 604 174 406 0 598 694 278 414 294 542 345 431 261 503 607 345 529 464 49 164 305 129 373 423 291 593 472 188 335 641 353 696 631 699 328 599 353 241 522 529 569
914 33 488 238 598 0 977 451 318 577 824 427 512 448 280 156 277 388 404 608 477 355 497 457 505 573 22 411 501 344 70 525 979 913 981 410 371 437 387 203 340 403
73 983 554 785 694 977 0 688 726 434 200 582 499 572 914 986 724 939 874 704 562 715 593 783 611 436 972 882 544 667 1020 763 48 108 51 602 1009 763 651 846 939 669
626 457 168 259 278 451 688 0 341 288 536 271 357 255 266 380 198 292 227 288 158 158 177 135 349 285 446 234 182 188 494 116 690 625 693 254 362 116 94 375 292 495
663 325 274 277 414 318 726 341 0 326 573 176 262 197 452 328 243 560 526 425 282 280 313 435 254 322 314 534 264 187 362 415 728 663 731 159 543 416 277 152 512 186
372 583 154 385 294 577 434 288 326 0 282 256 210 172 514 586 324 539 474 304 162 315 193 383 323 115 572 482 144 267 620 363 436 371 439 239 609 363 251 446 539 380
137 831 402 632 542 824 200 536 573 282 0 430 346 420 761 834 571 787 722 552 409 563 441 630 459 283 819 729 391 515 868 611 202 137 205 450 857 611 499 694 787 516
520 433 205 235 345 427 582 271 176 256 430 0 114 128 497 436 174 522 457 355 213 210 244 366 106 253 422 465 195 117 470 346 584 519 587 89 592 346 208 297 522 330
436 519 291 321 431 512 499 357 262 210 346 114 0 213 582 522 260 608 543 441 298 296 330 451 143 212 508 550 280 203 556 432 501 436 503 134 678 432 293 382 608 247
510 455 121 256 261 448 572 255 197 172 420 128 213 0 481 458 195 506 441 271 129 231 160 350 206 169 443 449 111 138 491 330 575 509 577 111 576 330 218 318 506 352
851 287 394 372 503 280 914 266 452 514 761 497 582 481 0 159 411 153 169 514 383 384 402 222 575 510 276 177 407 414 324 338 916 850 918 479 175 203 319 337 105 537
924 163 498 247 607 156 986 380 328 586 834 436 522 458 159 0 286 267 283 618 487 364 506 336 515 583 151 290 511 354 200 452 988 923 991 419 250 317 396 213 219 412
661 283 235 85 345 277 724 198 243 324 571 174 260 195 411 286 0 449 383 355 224 102 244 292 252 320 272 391 248 91 320 273 726 661 729 157 501 273 134 201 449 398
877 394 419 479 529 388 939 292 560 539 787 522 608 506 153 267 449 0 195 539 409 409 428 248 600 536 383 202 433 439 431 364 941 876 944 505 249 228 345 445 179 644
811 410 354 444 464 404 874 227 526 474 722 457 543 441 169 283 383 195 0 474 343 344 363 183 535 471 399 137 368 374 447 298 876 811 879 440 264 163 280 461 195 660
642 614 185 416 49 608 704 288 425 304 552 355 441 271 514 618 355 539 474 0 174 316 140 383 434 301 603 482 198 346 651 363 707 641 709 338 609 363 251 533 539 579
499 484 42 285 164 477 562 158 282 162 409 213 298 129 383 487 224 409 343 174 0 185 63 252 291 158 472 351 55 215 521 233 564 499 567 195 478 233 121 402 409 436
653 361 196 163 305 355 715 158 280 315 563 210 296 231 384 364 102 409 344 316 185 0 204 253 288 312 350 352 209 127 398 233 718 652 720 193 479 233 95 279 409 434
530 503 73 305 129 497 593 177 313 193 441 244 330 160 402 506 244 428 363 140 63 204 0 272 322 190 492 371 87 234 540 252 595 530 598 227 498 252 140 421 428 468
720 463 263 353 373 457 783 135 435 383 630 366 451 350 222 336 292 248 183 383 252 253 272 0 444 379 452 190 276 283 500 207 785 720 788 348 318 72 188 470 248 589
548 512 283 313 423 505 611 349 254 323 459 106 143 206 575 515 252 600 535 434 291 288 322 444 0 324 500 543 273 196 549 424 613 548 616 127 670 424 286 375 600 360
373 580 151 381 291 573 436 285 322 115 283 253 212 169 510 583 320 536 471 301 158 312 190 379 324 0 568 478 140 264 617 360 438 373 441 236 606 360 248 443 536 382
909 28 483 233 593 22 972 446 314 572 819 422 508 443 276 151 272 383 399 603 472 350 492 452 500 568 0 407 496 339 65 521 974 909 977 405 366 433 382 199 335 398
819 418 362 452 472 411 882 234 534 482 729 465 550 449 177 290 391 202 137 482 351 352 371 190 543 478 407 0 375 382 455 306 884 819 887 447 272 171 287 468 202 668
481 508 60 309 188 501 544 182 264 144 391 195 280 111 407 511 248 433 368 198 55 209 87 276 273 140 496 375 0 205 545 257 546 481 549 177 503 257 145 385 433 418
604 350 216 152 335 344 667 188 187 267 515 117 203 138 414 354 91 439 374 346 215 127 234 283 196 264 339 382 205 0 387 263 669 604 672 100 509 263 125 269 439 341
957 77 531 281 641 70 1020 494 362 620 868 470 556 491 324 200 320 431 447 651 521 398 540 500 549 617 65 455 545 387 0 569 1022 957 1025 453 414 481 430 247 384 446
701 532 243 333 353 525 763 116 415 363 611 346 432 330 338 452 273 364 298 363 233 233 252 207 424 360 521 306 257 263 569 0 765 700 768 329 433 188 169 450 364 570
75 985 556 787 696 979 48 690 728 436 202 584 501 575 916 988 726 941 876 707 564 718 595 785 613 438 974 884 546 669 1022 765 0 110 46 604 1011 765 653 849 941 671
45 920 491 722 631 913 108 625 663 371 137 519 436 509 850 923 661 876 811 641 499 652 530 720 548 373 909 819 481 604 957 700 110 0 112 539 946 700 588 783 876 605
78 988 559 790 699 981 51 693 731 439 205 587 503 577 918 991 729 944 879 709 567 720 598 788 616 441 977 887 549 672 1025 768 46 112 0 607 1014 768 656 851 944 673
540 416 188 218 328 410 602 254 159 239 450 89 134 111 479 419 157 505 440 338 195 193 227 348 127 236 405 447 177 100 453 329 604 539 607 0 575 329 190 279 505 313
946 377 489 462 599 371 1009 362 543 609 857 592 678 576 175 250 501 249 264 609 478 479 498 318 670 606 366 272 503 509 414 433 1011 946 1014 575 0 298 415 428 122 627
701 444 243 334 353 437 763 116 416 363 611 346 432 330 203 317 273 228 163 363 233 233 252 72 424 360 433 171 257 263 481 188 765 700 768 329 298 0 169 450 228 570
589 393 131 195 241 387 651 94 277 251 499 208 293 218 319 396 134 345 280 251 121 95 140 188 286 248 382 287 145 125 430 169 653 588 656 190 415 169 0 312 345 431
784 210 395 163 522 203 846 375 152 446 694 297 382 318 337 213 201 445 461 533 402 279 421 470 375 443 199 468 385 269 247 450 849 783 851 279 428 450 312 0 397 236
877 347 419 431 529 340 939 292 512 539 787 522 608 506 105 219 449 179 195 539 409 409 428 248 600 536 335 202 433 439 384 364 941 876 944 505 122 228 345 397 0 597
606 409 429 362 569 403 669 495 186 380 516 330 247 352 537 412 398 644 660 579 436 434 468 589 360 382 398 668 418 341 446 570 671 605 673 313 627 570 431 236 597 0
EOF