NAME : tsp_problem
TYPE : TSP
DIMENSION : 26
EDGE_WEIGHT_TYPE : EXPLICIT
EDGE_WEIGHT_FORMAT : FULL_MATRIX
EDGE_WEIGHT_SECTION
0 265 630 185 164 514 327 201 635 135 433 334 504 467 566 712 193 164 399 312 556 186 193 277 650 348
265 0 674 262 382 557 240 419 678 353 510 247 547 380 480 625 411 382 475 225 469 229 411 41 693 425
630 674 0 768 624 327 777 784 448 595 1016 784 317 917 1017 1162 486 623 981 763 1006 481 776 685 40 931
185 262 768 0 302 652 324 339 773 273 294 331 642 464 463 639 331 302 259 309 487 324 274 274 788 209
164 382 624 302 0 507 444 318 628 124 550 450 497 584 683 829 182 69 515 429 673 303 309 394 643 465
514 557 327 652 507 0 661 668 247 478 900 667 117 801 900 1046 370 507 865 646 890 364 659 569 347 815
327 240 777 324 444 661 0 481 781 415 525 41 651 254 354 499 473 443 490 100 343 333 472 252 797 440
201 419 784 339 318 668 481 0 788 289 533 488 658 621 702 866 347 318 498 466 710 340 256 431 804 448
635 678 448 773 628 247 781 788 0 599 1020 788 233 922 1021 1166 490 627 986 767 1010 485 780 690 467 935
135 353 595 273 124 478 415 289 599 0 521 421 468 555 654 799 153 124 486 400 643 274 280 365 614 436
433 510 1016 294 550 900 525 533 1020 521 0 532 890 479 387 563 579 549 64 469 412 572 330 522 1036 133
334 247 784 331 450 667 41 488 788 421 532 0 658 261 360 506 480 450 497 106 350 339 479 259 804 447
504 547 317 642 497 117 651 658 233 468 890 658 0 791 890 1036 360 497 855 636 880 355 649 559 337 805
467 380 917 464 584 801 254 621 922 555 479 261 791 0 308 454 613 584 445 199 298 473 592 392 937 394
566 480 1017 463 683 900 354 702 1021 654 387 360 890 308 0 472 712 683 353 298 268 572 500 491 1036 302
712 625 1162 639 829 1046 499 866 1166 799 563 506 1036 454 472 0 858 828 529 443 295 717 676 637 1182 478
193 411 486 331 182 370 473 347 490 153 579 480 360 613 712 858 0 182 544 458 702 237 337 423 506 494
164 382 623 302 69 507 443 318 627 124 549 450 497 584 683 828 182 0 515 429 672 302 309 393 643 464
399 475 981 259 515 865 490 498 986 486 64 497 855 445 353 529 544 515 0 434 377 537 296 487 1001 99
312 225 763 309 429 646 100 466 767 400 469 106 636 199 298 443 458 429 434 0 287 318 458 237 782 384
556 469 1006 487 673 890 343 710 1010 643 412 350 880 298 268 295 702 672 377 287 0 561 524 481 1026 327
186 229 481 324 303 364 333 340 485 274 572 339 355 473 572 717 237 302 537 318 561 0 331 241 501 487
193 411 776 274 309 659 472 256 780 280 330 479 649 592 500 676 337 309 296 458 524 331 0 422 795 246
277 41 685 274 394 569 252 431 690 365 522 259 559 392 491 637 423 393 487 237 481 241 422 0 705 437
650 693 40 788 643 347 797 804 467 614 1036 804 337 937 1036 1182 506 643 1001 782 1026 501 795 705 0 951
348 425 931 209 465 815 440 448 935 436 133 447 805 394 302 478 494 464 99 384 327 487 246 437 951 0
EOF
