NAME : tsp_problem
TYPE : TSP
DIMENSION : 70
EDGE_WEIGHT_TYPE : EXPLICIT
EDGE_WEIGHT_FORMAT : FULL_MATRIX
EDGE_WEIGHT_SECTION
0 164 605 693 705 821 679 872 808 702 524 701 117 1008 431 938 109 796 683 872 180 860 113 802 690 748 560 785 552 568 819 284 1143 522 80 729 116 667 536 1021 660 981 824 78 686 951 688 250 577 901 722 1117 1052 891 126 899 724 701 595 770 720 775 563 805 673 556 860 1017 930 51
164 0 466 553 565 682 539 733 668 563 385 561 101 868 292 798 86 657 543 733 70 720 82 662 551 608 421 646 413 428 680 144 1004 383 110 589 89 527 396 882 520 842 684 127 546 811 549 110 438 761 583 978 912 751 64 760 585 562 455 630 581 635 424 666 534 417 721 878 791 167
605 466 0 122 134 250 108 301 398 436 118 130 542 468 304 366 528 225 273 301 512 289 524 392 119 177 150 214 289 282 248 366 572 316 552 189 531 179 115 481 89 441 253 569 169 411 180 493 167 361 182 546 512 320 506 328 314 130 250 199 149 204 88 265 102 285 356 477 359 608
693 553 122 0 184 301 158 352 455 498 205 180 630 518 391 417 615 276 334 352 599 339 611 453 170 227 237 265 350 343 299 453 622 378 639 239 618 229 202 532 139 492 303 656 219 461 267 580 255 411 232 596 562 370 593 379 376 181 311 249 200 254 175 316 43 346 407 528 410 695
705 565 134 184 0 156 128 207 426 468 218 57 642 489 404 273 627 132 305 208 611 195 624 424 140 198 250 120 321 313 154 465 478 348 651 209 630 200 214 502 110 462 159 668 189 408 279 592 267 382 203 452 533 226 605 234 346 58 282 105 170 110 187 286 165 317 377 498 266 708
821 682 250 301 156 0 245 210 542 584 334 174 758 517 520 275 744 175 421 210 727 197 740 540 256 314 366 164 437 430 22 581 481 464 767 326 747 316 330 531 226 491 26 785 306 410 396 709 383 461 319 455 561 228 722 237 462 165 398 107 286 154 303 402 281 433 494 526 268 824
679 539 108 158 128 245 0 296 325 367 191 124 616 388 349 361 601 220 204 296 585 283 597 323 39 97 209 209 220 213 243 439 567 247 625 109 604 99 188 402 63 362 247 642 89 331 253 566 204 281 102 541 432 314 579 323 245 125 181 193 69 198 161 185 139 216 277 397 354 681
872 733 301 352 207 210 296 0 493 615 385 225 809 423 571 181 795 226 472 116 778 104 791 499 308 365 417 215 488 481 208 633 387 515 818 377 798 367 381 437 277 397 212 836 357 316 447 760 434 367 370 361 467 135 773 95 513 216 449 137 337 205 354 453 332 484 444 433 174 875
808 668 398 455 426 542 325 493 0 154 321 422 745 269 417 429 730 517 156 493 714 480 726 110 313 320 280 506 291 283 540 568 499 318 754 240 733 259 328 282 346 242 545 771 278 211 481 695 274 162 246 616 313 511 708 520 119 422 252 491 318 496 356 167 436 287 157 278 470 811
702 563 436 498 468 584 367 615 154 0 359 464 640 390 310 551 625 559 194 615 609 602 621 148 356 412 319 548 325 322 582 463 621 295 649 359 628 297 367 404 389 364 587 666 316 333 519 590 313 283 352 738 434 633 603 642 157 464 290 533 395 538 394 289 478 325 207 400 592 705
524 385 118 205 218 334 191 385 321 359 0 214 461 521 223 450 447 309 196 385 431 373 443 315 203 261 73 298 212 204 332 285 656 239 471 241 450 180 49 534 173 494 336 488 199 464 201 412 90 414 235 630 565 403 425 412 237 214 173 283 233 288 76 318 186 208 373 530 443 527
701 561 130 180 57 174 124 225 422 464 214 0 638 485 399 290 623 149 301 225 607 212 619 420 136 194 246 137 317 309 172 461 495 344 647 205 626 195 210 498 105 458 176 664 185 425 275 588 263 378 199 469 529 243 601 251 342 54 278 122 166 127 183 282 161 312 373 494 283 704
117 101 542 630 642 758 616 809 745 640 461 638 0 945 368 875 46 733 620 810 117 797 50 739 628 685 497 722 489 505 756 221 1080 460 64 666 53 604 473 959 597 919 761 81 623 888 626 187 514 838 659 1054 989 828 63 836 661 639 532 707 657 712 500 742 610 494 798 954 867 120
1008 868 468 518 489 517 388 423 269 390 521 485 945 0 619 360 930 533 392 424 914 411 926 274 376 383 480 522 491 483 515 768 430 518 954 303 933 370 528 30 409 53 519 971 360 142 613 895 474 143 309 547 108 442 908 450 355 485 452 444 381 512 521 230 499 487 220 26 401 1011
431 292 304 391 404 520 349 571 417 310 223 399 368 619 0 636 354 495 294 571 337 558 350 412 337 393 259 484 159 175 518 191 842 130 377 340 356 278 234 633 358 593 522 394 297 562 387 318 276 512 334 816 663 589 332 598 336 400 202 468 376 474 262 417 372 164 470 629 629 434
938 798 366 417 273 275 361 181 429 551 450 290 875 360 636 0 860 291 537 182 844 169 856 435 373 430 482 280 553 546 273 698 238 581 884 442 863 432 447 374 342 334 277 901 422 253 512 825 500 304 435 345 404 200 838 208 516 281 514 202 403 270 420 391 398 549 381 370 159 940
109 86 528 615 627 744 601 795 730 625 447 623 46 930 354 860 0 719 606 795 103 782 42 724 613 670 483 708 475 490 742 206 1066 445 55 651 44 589 458 944 582 904 746 72 608 873 611 172 500 823 645 1040 974 813 49 822 647 624 517 692 643 697 486 728 596 479 783 940 853 112
796 657 225 276 132 175 220 226 517 559 309 149 733 533 495 291 719 0 396 226 703 214 715 515 232 289 341 88 412 405 173 557 497 439 743 301 722 291 305 547 201 507 177 760 281 426 371 684 358 473 294 471 577 244 697 253 437 140 373 123 261 92 278 378 256 408 469 543 284 799
683 543 273 334 305 421 204 472 156 194 196 301 620 392 294 537 606 396 0 472 589 460 602 150 192 249 155 385 166 158 419 443 623 193 629 196 608 134 203 406 225 366 423 646 153 335 356 570 149 285 189 717 436 490 583 499 101 301 127 369 232 375 231 272 315 162 208 402 530 686
872 733 301 352 208 210 296 116 493 615 385 225 810 424 571 182 795 226 472 0 779 80 791 499 308 365 417 215 488 481 208 633 387 516 819 377 798 367 382 437 277 397 212 836 357 317 447 760 435 368 370 361 468 40 773 143 514 216 449 137 338 205 355 454 333 484 444 433 175 875
180 70 512 599 611 727 585 778 714 609 431 607 117 914 337 844 103 703 589 779 0 766 99 708 597 654 466 691 458 474 725 190 1049 429 127 635 106 573 442 928 566 888 730 144 592 857 595 156 484 807 628 1023 958 797 81 805 631 608 501 676 627 681 469 712 580 463 767 924 837 183
860 720 289 339 195 197 283 104 480 602 373 212 797 411 558 169 782 214 460 80 766 0 778 486 295 353 405 202 476 468 195 620 375 503 806 364 785 354 369 425 264 385 200 823 344 304 434 747 422 355 358 349 455 54 760 131 501 204 437 124 325 192 342 441 320 471 432 421 162 863
113 82 524 611 624 740 597 791 726 621 443 619 50 926 350 856 42 715 602 791 99 778 0 720 609 667 479 704 471 487 738 203 1062 441 60 647 49 585 454 940 578 900 742 77 604 869 607 168 496 820 641 1036 970 809 45 818 643 620 514 688 639 694 482 724 592 475 779 936 849 116
802 662 392 453 424 540 323 499 110 148 315 420 739 274 412 435 724 515 150 499 708 486 720 0 311 326 274 504 285 277 538 562 505 312 748 246 727 253 322 288 344 248 542 765 272 217 475 689 268 167 252 622 318 517 702 526 113 420 246 488 324 494 350 173 434 281 162 284 476 805
690 551 119 170 140 256 39 308 313 356 203 136 628 376 337 373 613 232 192 308 597 295 609 311 0 95 198 220 208 201 255 451 578 236 637 97 616 87 200 390 61 350 259 654 77 319 265 578 192 269 90 552 420 326 591 334 234 137 169 205 67 210 173 174 150 204 265 386 366 693
748 608 177 227 198 314 97 365 320 412 261 194 685 383 393 430 670 289 249 365 654 353 667 326 95 0 254 278 265 257 312 508 613 292 694 103 673 143 257 396 118 356 316 711 133 325 322 635 248 276 97 610 426 383 648 392 290 194 226 262 47 268 230 180 208 260 271 392 423 751
560 421 150 237 250 366 209 417 280 319 73 246 497 480 259 482 483 341 155 417 466 405 479 274 198 254 0 330 172 164 364 320 688 199 506 201 485 139 80 494 205 454 368 523 158 423 233 447 50 373 194 662 524 435 461 444 197 246 132 314 237 320 108 278 218 167 333 490 475 563
785 646 214 265 120 164 209 215 506 548 298 137 722 522 484 280 708 88 385 215 691 202 704 504 220 278 330 0 401 393 162 545 486 428 731 290 711 280 294 536 190 496 166 749 270 415 360 673 347 462 283 460 566 233 686 242 426 129 362 112 250 52 267 366 245 397 458 532 273 788
552 413 289 350 321 437 220 488 291 325 212 317 489 491 159 553 475 412 166 488 458 476 471 285 208 265 172 401 0 47 435 312 722 82 498 212 478 150 220 505 241 465 440 516 169 434 372 440 166 384 205 733 535 507 453 515 207 317 74 386 248 391 247 288 331 50 344 500 546 555
568 428 282 343 313 430 213 481 283 322 204 309 505 483 175 546 490 405 158 481 474 468 487 277 201 257 164 393 47 0 428 328 714 74 514 204 493 142 212 497 234 457 432 531 161 426 365 455 158 376 197 725 527 499 468 507 200 310 66 378 240 383 239 281 324 42 336 493 539 571
819 680 248 299 154 22 243 208 540 582 332 172 756 515 518 273 742 173 419 208 725 195 738 538 255 312 364 162 435 428 0 580 479 462 765 324 745 314 328 529 224 489 20 783 304 408 394 707 381 459 317 453 559 226 720 235 460 163 396 105 284 152 301 400 279 431 492 524 266 822
284 144 366 453 465 581 439 633 568 463 285 461 221 768 191 698 206 557 443 633 190 620 203 562 451 508 320 545 312 328 580 0 903 283 230 489 209 427 296 782 420 742 584 247 446 711 449 171 338 661 482 877 812 651 184 659 485 462 355 530 481 535 323 566 434 317 621 778 691 287
1143 1004 572 622 478 481 567 387 499 621 656 495 1080 430 842 238 1066 497 623 387 1049 375 1062 505 578 613 688 486 722 714 479 903 0 749 1089 534 1069 601 652 444 548 404 483 1107 590 323 718 1031 705 374 540 155 474 406 1044 414 586 487 683 408 608 475 625 461 603 717 451 439 341 1146
522 383 316 378 348 464 247 515 318 295 239 344 460 518 130 581 445 439 193 516 429 503 441 312 236 292 199 428 82 74 462 283 749 0 469 239 448 177 247 532 269 492 467 486 196 461 399 410 193 411 232 760 562 534 423 542 235 345 101 413 275 418 274 316 358 77 371 528 573 525
80 110 552 639 651 767 625 818 754 649 471 647 64 954 377 884 55 743 629 819 127 806 60 748 637 694 506 731 498 514 765 230 1089 469 0 675 62 613 482 968 606 928 770 48 632 897 635 196 524 847 668 1063 998 837 72 845 671 648 541 716 667 721 509 752 620 503 807 964 877 83
729 589 189 239 209 326 109 377 240 359 241 205 666 303 340 442 651 301 196 377 635 364 647 246 97 103 201 290 212 204 324 489 534 239 675 0 654 90 249 317 130 277 328 692 80 246 334 616 195 196 44 622 347 395 629 404 237 206 173 274 102 279 242 101 220 207 192 313 435 731
116 89 531 618 630 747 604 798 733 628 450 626 53 933 356 863 44 722 608 798 106 785 49 727 616 673 485 711 478 493 745 209 1069 448 62 654 0 592 461 947 585 907 749 79 611 876 614 175 503 826 647 1043 977 816 52 825 650 627 520 695 646 700 488 731 599 482 786 943 856 118
667 527 179 229 200 316 99 367 259 297 180 195 604 370 278 432 589 291 134 367 573 354 585 253 87 143 139 280 150 142 314 427 601 177 613 90 592 0 187 383 120 343 318 630 71 313 324 554 133 263 84 612 414 385 567 394 175 196 111 264 127 270 215 167 210 146 258 379 425 670
536 396 115 202 214 330 188 381 328 367 49 210 473 528 234 447 458 305 203 382 442 369 454 322 200 257 80 294 220 212 328 296 652 247 482 249 461 187 0 542 169 502 333 499 206 471 198 423 98 421 242 626 572 400 436 408 245 211 180 279 229 284 83 326 182 215 381 538 440 539
1021 882 481 532 502 531 402 437 282 404 534 498 959 30 633 374 944 547 406 437 928 425 940 288 390 396 494 536 505 497 529 782 444 532 968 317 947 383 542 0 423 67 533 985 373 156 627 909 488 157 323 560 121 456 922 464 369 499 465 458 395 525 535 244 513 500 234 40 414 1024
660 520 89 139 110 226 63 277 346 389 173 105 597 409 358 342 582 201 225 277 566 264 578 344 61 118 205 190 241 234 224 420 548 269 606 130 585 120 169 423 0 383 228 623 110 352 234 547 222 302 123 522 453 295 560 304 267 106 202 174 91 180 142 207 120 237 298 419 335 663
981 842 441 492 462 491 362 397 242 364 494 458 919 53 593 334 904 507 366 397 888 385 900 248 350 356 454 496 465 457 489 742 404 492 928 277 907 343 502 67 383 0 493 945 333 116 587 869 448 117 283 520 97 416 882 424 329 459 425 418 355 485 495 204 473 460 194 63 374 984
824 684 253 303 159 26 247 212 545 587 336 176 761 519 522 277 746 177 423 212 730 200 742 542 259 316 368 166 440 432 20 584 483 467 770 328 749 318 333 533 228 493 0 787 308 412 398 711 386 463 322 457 563 231 724 239 465 167 400 110 289 156 306 405 284 435 496 529 270 826
78 127 569 656 668 785 642 836 771 666 488 664 81 971 394 901 72 760 646 836 144 823 77 765 654 711 523 749 516 531 783 247 1107 486 48 692 79 630 499 985 623 945 787 0 649 914 652 213 541 864 685 1081 1015 854 90 863 688 665 558 733 684 738 526 769 637 520 824 981 894 80
686 546 169 219 189 306 89 357 278 316 199 185 623 360 297 422 608 281 153 357 592 344 604 272 77 133 158 270 169 161 304 446 590 196 632 80 611 71 206 373 110 333 308 649 0 302 314 573 152 253 74 602 404 375 586 384 194 186 130 254 117 259 222 157 200 165 248 369 415 689
951 811 411 461 408 410 331 316 211 333 464 425 888 142 562 253 873 426 335 317 857 304 869 217 319 325 423 415 434 426 408 711 323 461 897 246 876 313 471 156 352 116 412 914 302 0 556 838 417 86 252 439 186 335 851 343 298 416 395 337 324 405 464 173 442 429 163 152 293 954
688 549 180 267 279 396 253 447 481 519 201 275 626 613 387 512 611 371 356 447 595 434 607 475 265 322 233 360 372 365 394 449 718 399 635 334 614 324 198 627 234 587 398 652 314 556 0 576 251 506 328 692 657 465 589 474 398 276 333 344 295 349 171 411 248 368 502 623 505 691
250 110 493 580 592 709 566 760 695 590 412 588 187 895 318 825 172 684 570 760 156 747 168 689 578 635 447 673 440 455 707 171 1031 410 196 616 175 554 423 909 547 869 711 213 573 838 576 0 465 788 609 1005 939 778 150 787 612 589 482 657 608 662 450 693 561 444 748 905 818 252
577 438 167 255 267 383 204 434 274 313 90 263 514 474 276 500 500 358 149 435 484 422 496 268 192 248 50 347 166 158 381 338 705 193 524 195 503 133 98 488 222 448 386 541 152 417 251 465 0 367 189 679 518 453 478 461 191 264 126 332 231 337 125 272 235 161 327 484 492 580
901 761 361 411 382 461 281 367 162 283 414 378 838 143 512 304 823 473 285 368 807 355 820 167 269 276 373 462 384 376 459 661 374 411 847 196 826 263 421 157 302 117 463 864 253 86 506 788 367 0 202 490 187 386 801 394 249 378 345 388 274 452 414 123 392 380 113 153 344 904
722 583 182 232 203 319 102 370 246 352 235 199 659 309 334 435 645 294 189 370 628 358 641 252 90 97 194 283 205 197 317 482 540 232 668 44 647 84 242 323 123 283 322 685 74 252 328 609 189 202 0 615 353 389 623 397 230 199 166 268 95 273 235 107 213 201 198 319 428 725
1117 978 546 596 452 455 541 361 616 738 630 469 1054 547 816 345 1040 471 717 361 1023 349 1036 622 552 610 662 460 733 725 453 877 155 760 1063 622 1043 612 626 560 522 520 457 1081 602 439 692 1005 679 490 615 0 591 380 1018 388 703 461 694 382 582 449 599 577 577 729 567 556 223 1120
1052 912 512 562 533 561 432 467 313 434 565 529 989 108 663 404 974 577 436 468 958 455 970 318 420 426 524 566 535 527 559 812 474 562 998 347 977 414 572 121 453 97 563 1015 404 186 657 939 518 187 353 591 0 486 952 494 399 529 496 488 425 556 565 274 543 531 264 117 444 1055
891 751 320 370 226 228 314 135 511 633 403 243 828 442 589 200 813 244 490 40 797 54 809 517 326 383 435 233 507 499 226 651 406 534 837 395 816 385 400 456 295 416 231 854 375 335 465 778 453 386 389 380 486 0 791 162 532 234 467 155 356 223 373 472 351 502 463 451 193 894
126 64 506 593 605 722 579 773 708 603 425 601 63 908 332 838 49 697 583 773 81 760 45 702 591 648 461 686 453 468 720 184 1044 423 72 629 52 567 436 922 560 882 724 90 586 851 589 150 478 801 623 1018 952 791 0 800 625 602 495 670 621 675 464 706 574 457 761 918 831 129
899 760 328 379 234 237 323 95 520 642 412 251 836 450 598 208 822 253 499 143 805 131 818 526 334 392 444 242 515 507 235 659 414 542 845 404 825 394 408 464 304 424 239 863 384 343 474 787 461 394 397 388 494 162 800 0 540 243 476 164 364 232 381 480 359 511 471 460 201 902
724 585 314 376 346 462 245 513 119 157 237 342 661 355 336 516 647 437 101 514 631 501 643 113 234 290 197 426 207 200 460 485 586 235 671 237 650 175 245 369 267 329 465 688 194 298 398 612 191 249 230 703 399 532 625 540 0 343 168 411 273 416 272 254 356 203 172 365 557 727
701 562 130 181 58 165 125 216 422 464 214 54 639 485 400 281 624 140 301 216 608 204 620 420 137 194 246 129 317 310 163 462 487 345 648 206 627 196 211 499 106 459 167 665 186 416 276 589 264 378 199 461 529 234 602 243 343 0 278 113 167 119 184 283 162 313 374 495 274 704
595 455 250 311 282 398 181 449 252 290 173 278 532 452 202 514 517 373 127 449 501 437 514 246 169 226 132 362 74 66 396 355 683 101 541 173 520 111 180 465 202 425 400 558 130 395 333 482 126 345 166 694 496 467 495 476 168 278 0 346 209 352 208 249 292 69 304 461 507 598
770 630 199 249 105 107 193 137 491 533 283 122 707 444 468 202 692 123 369 137 676 124 688 488 205 262 314 112 386 378 105 530 408 413 716 274 695 264 279 458 174 418 110 733 254 337 344 657 332 388 268 382 488 155 670 164 411 113 346 0 235 102 252 351 230 381 442 453 195 773
720 581 149 200 170 286 69 337 318 395 233 166 657 381 376 403 643 261 232 338 627 325 639 324 67 47 237 250 248 240 284 481 608 275 667 102 646 127 229 395 91 355 289 684 117 324 295 608 231 274 95 582 425 356 621 364 273 167 209 235 0 240 202 178 180 244 269 390 396 723
775 635 204 254 110 154 198 205 496 538 288 127 712 512 474 270 697 92 375 205 681 192 694 494 210 268 320 52 391 383 152 535 475 418 721 279 700 270 284 525 180 485 156 738 259 405 349 662 337 452 273 449 556 223 675 232 416 119 352 102 240 0 257 356 235 387 447 521 263 778
563 424 88 175 187 303 161 354 356 394 76 183 500 521 262 420 486 278 231 355 469 342 482 350 173 230 108 267 247 239 301 323 625 274 509 242 488 215 83 535 142 495 306 526 222 464 171 450 125 414 235 599 565 373 464 381 272 184 208 252 202 257 0 319 155 243 408 531 413 566
805 666 265 316 286 402 185 453 167 289 318 282 742 230 417 391 728 378 272 454 712 441 724 173 174 180 278 366 288 281 400 566 461 316 752 101 731 167 326 244 207 204 405 769 157 173 411 693 272 123 107 577 274 472 706 480 254 283 249 351 178 356 319 0 296 284 119 240 431 808
673 534 102 43 165 281 139 332 436 478 186 161 610 499 372 398 596 256 315 333 580 320 592 434 150 208 218 245 331 324 279 434 603 358 620 220 599 210 182 513 120 473 284 637 200 442 248 561 235 392 213 577 543 351 574 359 356 162 292 230 180 235 155 296 0 327 388 508 390 676
556 417 285 346 317 433 216 484 287 325 208 312 494 487 164 549 479 408 162 484 463 471 475 281 204 260 167 397 50 42 431 317 717 77 503 207 482 146 215 500 237 460 435 520 165 429 368 444 161 380 201 729 531 502 457 511 203 313 69 381 244 387 243 284 327 0 339 496 542 559
860 721 356 407 377 494 277 444 157 207 373 373 798 220 470 381 783 469 208 444 767 432 779 162 265 271 333 458 344 336 492 621 451 371 807 192 786 258 381 234 298 194 496 824 248 163 502 748 327 113 198 567 264 463 761 471 172 374 304 442 269 447 408 119 388 339 0 229 421 863
1017 878 477 528 498 526 397 433 278 400 530 494 954 26 629 370 940 543 402 433 924 421 936 284 386 392 490 532 500 493 524 778 439 528 964 313 943 379 538 40 419 63 529 981 369 152 623 905 484 153 319 556 117 451 918 460 365 495 461 453 390 521 531 240 508 496 229 0 410 1020
930 791 359 410 266 268 354 174 470 592 443 283 867 401 629 159 853 284 530 175 837 162 849 476 366 423 475 273 546 539 266 691 341 573 877 435 856 425 440 414 335 374 270 894 415 293 505 818 492 344 428 223 444 193 831 201 557 274 507 195 396 263 413 431 390 542 421 410 0 933
51 167 608 695 708 824 681 875 811 705 527 704 120 1011 434 940 112 799 686 875 183 863 116 805 693 751 563 788 555 571 822 287 1146 525 83 731 118 670 539 1024 663 984 826 80 689 954 691 252 580 904 725 1120 1055 894 129 902 727 704 598 773 723 778 566 808 676 559 863 1020 933 0
EOF