NAME : tsp_problem
TYPE : TSP
DIMENSION : 80
EDGE_WEIGHT_TYPE : EXPLICIT
EDGE_WEIGHT_FORMAT : FULL_MATRIX
EDGE_WEIGHT_SECTION
0 860 585 442 814 828 571 954 374 580 804 103 881 663 613 864 126 572 725 668 806 361 394 934 597 692 522 581 707 956 643 587 928 587 346 56 593 790 657 672 901 640 796 595 437 657 646 443 639 119 580 576 359 896 707 641 790 682 66 846 137 612 226 687 936 49 619 657 743 239 628 595 101 954 935 562 685 687 701 687
860 0 310 583 206 219 477 327 517 344 196 807 183 428 288 174 872 478 331 432 198 532 505 197 307 270 507 515 244 328 408 394 300 493 920 834 530 294 422 343 162 311 305 514 664 421 318 585 404 865 345 341 535 168 284 463 182 260 877 109 882 419 800 358 308 821 278 421 280 665 264 298 798 326 307 460 206 359 278 264
585 310 0 309 264 278 203 476 242 70 254 533 402 154 63 314 597 204 247 158 256 257 231 384 46 142 233 244 157 478 134 119 449 218 645 560 467 311 147 122 412 90 322 258 390 147 96 311 130 591 70 66 261 417 157 401 240 132 603 296 608 145 525 136 457 547 69 147 193 391 78 45 523 476 457 186 135 137 151 137
442 583 309 0 537 551 362 545 244 269 528 390 471 283 336 587 454 363 316 292 530 231 264 657 320 416 108 172 431 547 278 352 518 378 502 417 266 380 288 395 492 363 386 186 110 290 370 111 274 448 265 272 229 486 430 314 513 406 460 570 465 378 382 410 526 404 342 292 467 248 352 318 380 545 526 152 408 411 424 410
814 206 264 537 0 174 431 472 471 299 77 761 329 382 242 210 826 432 475 387 79 486 460 280 262 224 461 472 198 474 362 348 445 447 874 788 675 439 376 298 308 266 450 486 619 376 272 539 358 820 299 295 489 313 239 609 63 214 831 192 837 373 754 312 453 775 232 376 234 619 218 253 752 472 453 414 161 313 233 219
828 219 278 551 174 0 445 486 485 313 164 775 343 396 256 224 840 446 489 401 166 500 474 294 276 238 475 486 212 488 376 362 459 461 888 802 689 453 390 311 322 280 464 500 632 389 286 553 372 833 313 309 503 327 252 623 150 228 845 206 851 387 768 326 467 789 246 390 248 633 232 266 766 486 467 428 175 327 246 232
571 477 203 362 431 445 0 603 228 197 422 519 529 281 230 481 583 64 374 285 424 243 217 551 214 310 286 298 325 605 261 205 576 79 631 546 521 438 274 289 550 258 449 311 436 274 264 365 257 577 197 193 246 545 324 455 408 300 589 464 594 230 511 304 584 532 237 274 361 376 246 212 509 603 584 278 302 305 318 304
954 327 476 545 472 486 603 0 612 436 463 902 179 401 504 441 967 604 257 409 465 626 600 428 487 536 469 441 510 36 420 520 90 618 1015 929 456 220 405 562 200 531 231 440 604 408 537 547 418 960 433 440 630 194 551 389 448 526 972 376 977 545 894 577 99 916 510 416 546 760 519 485 892 34 98 422 473 578 545 531
374 517 242 244 471 485 228 612 0 237 462 321 538 320 270 521 386 229 382 325 463 96 70 591 254 349 227 238 364 613 300 244 585 244 434 348 395 447 314 329 559 297 453 252 239 314 303 244 296 379 237 233 100 553 364 395 447 340 391 504 396 270 314 344 593 335 276 314 401 179 285 252 311 611 592 219 342 344 358 344
580 344 70 269 299 313 197 436 237 0 289 527 362 114 98 349 592 198 207 118 291 252 225 419 81 177 193 204 192 438 94 114 409 213 640 554 427 271 107 157 383 125 282 218 350 107 131 271 90 585 65 61 255 378 192 361 275 167 597 331 602 139 520 171 417 541 104 107 228 385 113 79 518 436 417 146 170 172 186 172
804 196 254 528 77 164 422 463 462 289 0 752 319 373 232 200 817 423 466 377 57 476 450 270 252 215 452 463 188 464 353 339 436 437 865 779 666 430 366 288 298 256 441 477 609 366 263 530 349 810 289 286 480 304 229 599 40 205 822 183 827 364 744 303 444 766 223 366 224 610 209 243 742 463 443 405 151 304 223 209
103 807 533 390 761 775 519 902 321 527 752 0 828 611 561 811 115 520 673 615 754 308 341 881 544 640 469 529 655 904 591 535 875 534 293 77 541 737 604 619 849 588 743 543 385 604 594 391 587 108 527 523 306 844 654 588 738 630 120 794 126 560 173 634 883 64 567 604 691 186 576 542 83 902 883 509 632 635 648 634
881 183 402 471 329 343 529 179 538 362 319 828 0 327 411 298 893 530 183 336 321 553 527 285 414 393 395 367 367 181 347 446 152 545 941 855 382 146 332 467 126 435 157 366 531 334 441 473 344 886 359 366 556 121 408 316 305 383 898 233 904 471 821 481 160 842 401 342 403 686 387 412 819 179 160 349 330 482 402 388
663 428 154 283 382 396 281 401 320 114 373 611 327 0 181 432 675 282 171 44 375 335 309 502 165 261 207 219 276 403 55 197 374 296 723 638 442 236 40 240 348 208 247 232 365 42 215 285 53 669 110 118 338 342 275 376 358 251 681 415 686 223 603 255 382 624 187 51 312 468 197 163 601 401 381 161 253 256 269 255
613 288 63 336 242 256 230 504 270 98 232 561 411 181 0 292 625 231 274 186 234 285 259 362 64 120 260 271 135 505 161 147 477 246 673 588 495 339 175 100 390 68 349 285 418 175 74 338 157 619 98 94 288 395 135 429 218 110 630 274 636 172 553 114 485 574 47 175 171 418 56 55 551 504 484 214 113 115 129 115
864 174 314 587 210 224 481 441 521 349 200 811 298 432 292 0 876 482 445 437 202 536 510 249 312 274 511 522 248 443 412 398 414 497 924 838 644 408 426 348 277 316 419 536 669 426 322 589 408 870 349 345 539 282 289 578 186 264 881 161 887 423 804 362 422 825 282 426 284 669 268 303 802 441 422 465 211 363 283 269
126 872 597 454 826 840 583 967 386 592 817 115 893 675 625 876 0 584 737 680 819 373 406 946 609 705 534 593 720 968 655 599 940 599 358 100 605 802 669 684 914 652 808 607 449 669 658 455 651 48 592 588 371 908 719 653 802 695 143 859 55 625 238 699 948 87 631 669 756 251 640 607 113 967 947 574 697 700 713 699
572 478 204 363 432 446 64 604 229 198 423 520 530 282 231 482 584 0 375 286 425 244 218 552 215 311 287 299 326 606 262 206 577 53 632 547 522 439 275 290 551 259 450 312 437 275 265 366 258 578 198 194 247 546 325 456 409 301 590 465 595 231 512 305 585 533 238 275 362 377 247 213 510 604 585 279 303 306 319 305
725 331 247 316 475 489 374 257 382 207 466 673 183 171 274 445 737 375 0 180 468 397 371 432 258 354 240 251 369 259 191 290 230 389 785 700 328 92 176 333 204 301 103 265 397 178 308 318 189 731 203 211 400 198 368 261 452 344 743 380 748 316 665 348 238 686 280 186 405 530 290 256 663 257 238 193 346 349 362 348
668 432 158 292 387 401 285 409 325 118 377 615 336 44 186 437 680 286 180 0 379 340 314 507 169 265 216 227 280 411 60 202 382 301 728 642 451 244 45 245 356 213 255 241 373 47 219 294 57 673 115 122 343 351 280 384 363 255 685 419 691 227 608 259 391 629 192 55 316 473 201 168 606 409 390 169 258 260 274 260
806 198 256 530 79 166 424 465 463 291 57 754 321 375 234 202 819 425 468 379 0 478 452 272 254 217 454 465 190 466 355 341 438 439 867 781 668 432 368 290 300 258 443 479 611 368 265 532 351 812 291 287 482 306 231 601 42 207 824 185 829 366 746 305 446 768 225 368 226 612 210 245 744 464 445 407 153 306 225 211
361 532 257 231 486 500 243 626 96 252 476 308 553 335 285 536 373 244 397 340 478 0 85 606 269 364 242 253 379 628 315 259 600 259 421 335 382 462 329 344 573 312 468 267 226 328 318 231 311 366 252 248 115 568 379 410 462 354 378 518 383 284 300 358 608 322 291 329 415 166 300 267 298 626 607 234 357 359 373 359
394 505 231 264 460 474 217 600 70 225 450 341 527 309 259 510 406 218 371 314 452 85 0 580 242 338 216 227 353 602 289 233 573 232 454 368 415 435 303 318 547 286 441 241 259 302 292 265 285 399 226 222 88 542 353 384 436 328 411 492 417 258 334 332 581 355 265 302 389 199 274 240 332 600 581 207 331 333 347 333
934 197 384 657 280 294 551 428 591 419 270 881 285 502 362 249 946 552 432 507 272 606 580 0 382 344 581 592 318 430 482 468 401 567 994 908 631 396 496 417 264 386 406 606 738 495 392 659 478 939 419 415 609 269 358 565 256 334 951 125 957 493 874 432 409 895 352 496 354 739 338 373 872 428 409 534 281 433 352 338
597 307 46 320 262 276 214 487 254 81 252 544 414 165 64 312 609 215 258 169 254 269 242 382 0 140 244 255 155 489 145 131 460 230 657 571 479 322 159 120 410 88 333 269 401 158 94 322 141 602 82 78 272 415 155 412 238 130 614 294 619 156 537 134 468 558 67 158 191 402 76 53 535 487 468 197 133 135 149 135
692 270 142 416 224 238 310 536 349 177 215 640 393 261 120 274 705 311 354 265 217 364 338 344 140 0 340 351 118 538 241 227 509 325 753 667 575 418 254 176 372 144 429 365 497 254 151 418 237 698 177 174 368 378 48 508 200 50 710 257 715 252 632 191 518 654 111 254 154 498 96 131 630 536 517 293 95 192 50 62
522 507 233 108 461 475 286 469 227 193 452 469 395 207 260 511 534 287 240 216 454 242 216 581 244 340 0 96 355 471 202 276 442 302 582 496 319 304 212 319 416 287 310 110 189 214 294 110 198 527 189 196 245 410 354 253 437 330 539 494 545 302 462 334 450 483 266 216 391 327 276 242 460 469 450 76 332 335 348 334
581 515 244 172 472 486 298 441 238 204 463 529 367 219 271 522 593 299 251 227 465 253 227 592 255 351 96 0 366 443 213 287 414 313 641 556 255 256 223 330 388 298 246 45 253 225 305 174 210 587 200 208 257 382 365 188 449 341 599 505 604 313 521 345 422 543 278 227 402 387 287 253 519 441 421 87 343 346 359 345
707 244 157 431 198 212 325 510 364 192 188 655 367 276 135 248 720 326 369 280 190 379 353 318 155 118 355 366 0 512 256 242 483 340 768 682 589 433 269 191 346 159 444 380 512 269 166 433 252 713 192 188 383 351 132 523 174 108 725 230 730 267 647 206 491 669 126 269 56 513 111 146 645 510 491 308 69 207 126 112
956 328 478 547 474 488 605 36 613 438 464 904 181 403 505 443 968 606 259 411 466 628 602 430 489 538 471 443 512 0 422 521 92 620 1016 931 458 222 407 564 202 533 233 442 606 409 539 549 420 962 434 442 632 196 553 391 450 528 974 378 979 547 896 579 100 918 512 418 548 762 521 487 894 36 100 424 475 580 547 533
643 408 134 278 362 376 261 420 300 94 353 591 347 55 161 412 655 262 191 60 355 315 289 482 145 241 202 213 256 422 0 177 393 276 703 618 437 255 49 220 367 188 266 227 359 48 195 280 42 649 90 97 318 362 255 370 338 231 661 395 666 203 583 235 401 604 167 49 292 448 177 143 581 420 401 155 233 236 249 235
587 394 119 352 348 362 205 520 244 114 339 535 446 197 147 398 599 206 290 202 341 259 233 468 131 227 276 287 242 521 177 0 493 220 647 562 511 355 191 206 467 174 365 301 434 191 180 354 173 593 114 110 262 461 241 445 324 217 604 381 610 49 527 221 501 548 153 191 278 392 162 129 525 520 500 230 219 222 235 221
928 300 449 518 445 459 576 90 585 409 436 875 152 374 477 414 940 577 230 382 438 600 573 401 460 509 442 414 483 92 393 493 0 592 988 902 429 193 378 536 173 504 204 413 577 381 510 520 391 933 406 413 603 167 524 363 421 499 945 349 950 518 868 550 34 889 483 389 519 733 492 458 866 90 33 395 446 551 518 504
587 493 218 378 447 461 79 618 244 213 437 534 545 296 246 497 599 53 389 301 439 259 232 567 230 325 302 313 340 620 276 220 592 0 647 561 537 454 290 305 566 273 464 327 452 289 279 380 272 592 213 209 262 560 340 470 423 315 604 479 609 245 527 319 600 548 252 290 376 392 261 228 525 618 599 293 318 320 334 320
346 920 645 502 874 888 631 1015 434 640 865 293 941 723 673 924 358 632 785 728 867 421 454 994 657 753 582 641 768 1016 703 647 988 647 0 320 653 850 717 732 962 700 856 655 497 717 706 503 699 351 640 636 419 956 767 701 850 743 363 907 369 673 164 747 996 307 679 717 804 299 688 655 284 1015 995 622 745 748 761 747
56 834 560 417 788 802 546 929 348 554 779 77 855 638 588 838 100 547 700 642 781 335 368 908 571 667 496 556 682 931 618 562 902 561 320 0 568 764 631 646 876 615 770 570 412 631 621 418 614 94 554 551 333 871 681 615 765 657 73 821 111 587 200 661 910 50 594 631 718 213 603 569 75 929 910 536 660 662 676 661
593 530 467 266 675 689 521 456 395 427 666 541 382 442 495 644 605 522 328 451 668 382 415 631 479 575 319 255 589 458 437 511 429 537 653 568 0 272 447 554 403 522 261 254 204 449 528 267 433 599 424 431 380 398 589 104 652 565 611 579 616 536 533 569 437 555 501 451 626 399 510 477 531 456 437 311 567 569 583 569
790 294 311 380 439 453 438 220 447 271 430 737 146 236 339 408 802 439 92 244 432 462 435 396 322 418 304 256 433 222 255 355 193 454 850 764 272 0 240 398 167 366 66 256 420 243 372 382 253 795 268 275 465 162 433 205 416 408 807 343 812 380 730 412 201 751 345 251 469 595 354 320 728 220 201 257 411 413 427 413
657 422 147 288 376 390 274 405 314 107 366 604 332 40 175 426 669 275 176 45 368 329 303 496 159 254 212 223 269 407 49 191 378 290 717 631 447 240 0 234 352 202 251 237 369 36 208 290 46 662 104 111 332 347 269 380 352 244 674 408 680 216 597 249 386 618 181 44 305 462 190 157 595 405 386 165 247 249 263 249
672 343 122 395 298 311 289 562 329 157 288 619 467 240 100 348 684 290 333 245 290 344 318 417 120 176 319 330 191 564 220 206 536 305 732 646 554 398 234 0 446 52 408 344 476 233 45 397 216 677 157 153 347 451 191 487 274 166 689 330 695 231 612 61 544 633 103 234 227 477 112 111 610 562 543 272 169 62 185 171
901 162 412 492 308 322 550 200 559 383 298 849 126 348 390 277 914 551 204 356 300 573 547 264 410 372 416 388 346 202 367 467 173 566 962 876 403 167 352 446 0 414 178 387 551 355 420 494 365 907 380 387 577 141 387 336 284 362 919 212 924 492 841 460 181 863 380 363 382 707 366 401 839 200 180 369 309 461 381 367
640 311 90 363 266 280 258 531 297 125 256 588 435 208 68 316 652 259 301 213 258 312 286 386 88 144 287 298 159 533 188 174 504 273 700 615 522 366 202 52 414 0 377 312 445 202 51 365 185 646 125 121 315 419 159 456 242 134 657 298 663 200 580 67 512 601 71 202 195 445 80 79 578 531 511 241 137 67 153 139
796 305 322 386 450 464 449 231 453 282 441 743 157 247 349 419 808 450 103 255 443 468 441 406 333 429 310 246 444 233 266 365 204 464 856 770 261 66 251 408 178 377 0 245 409 253 383 388 264 801 278 286 471 172 443 194 426 419 813 354 819 391 736 423 212 757 356 262 480 601 365 331 734 231 211 268 421 424 437 423
595 514 258 186 486 500 311 440 252 218 477 543 366 232 285 536 607 312 265 241 479 267 241 606 269 365 110 45 380 442 227 301 413 327 655 570 254 256 237 344 387 312 245 0 267 239 319 188 223 601 214 222 270 381 379 187 462 355 613 519 618 327 535 359 421 556 291 241 416 400 301 267 533 440 420 101 357 360 373 359
437 664 390 110 619 632 436 604 239 350 609 385 531 365 418 669 449 437 397 373 611 226 259 738 401 497 189 253 512 606 359 434 577 452 497 412 204 420 369 476 551 445 409 267 0 372 451 111 356 443 347 354 224 546 512 252 595 487 455 651 460 459 377 491 585 398 424 373 548 242 433 399 375 604 585 234 490 492 506 492
657 421 147 290 376 389 274 408 314 107 366 604 334 42 175 426 669 275 178 47 368 328 302 495 158 254 214 225 269 409 48 191 381 289 717 631 449 243 36 233 355 202 253 239 372 0 208 292 46 662 104 111 332 349 269 382 352 244 674 408 679 216 596 248 389 618 181 44 305 462 190 156 594 408 388 168 247 249 263 249
646 318 96 370 272 286 264 537 303 131 263 594 441 215 74 322 658 265 308 219 265 318 292 392 94 151 294 305 166 539 195 180 510 279 706 621 528 372 208 45 420 51 383 319 451 208 0 372 191 652 131 127 322 426 165 462 248 141 664 305 669 206 586 60 518 608 77 208 202 452 86 85 584 537 518 247 143 61 159 145
443 585 311 111 539 553 365 547 244 271 530 391 473 285 338 589 455 366 318 294 532 231 265 659 322 418 110 174 433 549 280 354 520 380 503 418 267 382 290 397 494 365 388 188 111 292 372 0 277 449 267 275 230 489 432 314 516 408 460 572 466 380 383 412 528 404 345 294 469 248 354 320 381 547 528 154 410 413 426 412
639 404 130 274 358 372 257 418 296 90 349 587 344 53 157 408 651 258 189 57 351 311 285 478 141 237 198 210 252 420 42 173 391 272 699 614 433 253 46 216 365 185 264 223 356 46 191 277 0 645 86 94 315 360 251 367 335 227 657 391 662 199 579 231 399 601 164 46 288 445 173 139 577 418 399 152 229 232 245 231
119 865 591 448 820 833 577 960 379 585 810 108 886 669 619 870 48 578 731 673 812 366 399 939 602 698 527 587 713 962 649 593 933 592 351 94 599 795 662 677 907 646 801 601 443 662 652 449 645 0 585 582 364 902 712 646 796 688 137 852 58 618 231 692 941 81 625 662 749 244 634 600 106 960 941 567 691 693 707 693
580 345 70 265 299 313 197 433 237 65 289 527 359 110 98 349 592 198 203 115 291 252 226 419 82 177 189 200 192 434 90 114 406 213 640 554 424 268 104 157 380 125 278 214 347 104 131 267 86 585 0 61 255 374 192 357 275 167 597 331 603 139 520 171 414 541 104 104 228 385 113 80 518 433 413 142 170 172 186 172
576 341 66 272 295 309 193 440 233 61 286 523 366 118 94 345 588 194 211 122 287 248 222 415 78 174 196 208 188 442 97 110 413 209 636 551 431 275 111 153 387 121 286 222 354 111 127 275 94 582 61 0 251 382 188 365 271 164 593 328 599 135 516 168 421 537 100 111 225 381 109 76 514 440 421 150 166 168 182 168
359 535 261 229 489 503 246 630 100 255 480 306 556 338 288 539 371 247 400 343 482 115 88 609 272 368 245 257 383 632 318 262 603 262 419 333 380 465 332 347 577 315 471 270 224 332 322 230 315 364 255 251 0 571 382 414 465 358 376 522 382 288 299 362 611 320 294 332 419 164 304 270 297 630 610 237 360 363 376 362
896 168 417 486 313 327 545 194 553 378 304 844 121 342 395 282 908 546 198 351 306 568 542 269 415 378 410 382 351 196 362 461 167 560 956 871 398 162 347 451 141 419 172 381 546 349 426 489 360 902 374 382 571 0 392 331 290 368 913 217 919 487 836 466 176 857 386 357 387 701 372 406 834 194 175 364 314 467 386 372
707 284 157 430 239 252 324 551 364 192 229 654 408 275 135 289 719 325 368 280 231 379 353 358 155 48 354 365 132 553 255 241 524 340 767 681 589 433 269 191 387 159 443 379 512 269 165 432 251 712 192 188 382 392 0 522 215 53 724 271 730 266 647 205 532 668 125 269 168 512 111 146 645 551 531 307 110 206 52 65
641 463 401 314 609 623 455 389 395 361 599 588 316 376 429 578 653 456 261 384 601 410 384 565 412 508 253 188 523 391 370 445 363 470 701 615 104 205 380 487 336 456 194 187 252 382 462 314 367 646 357 365 414 331 522 0 585 498 658 513 664 470 581 502 371 602 435 384 559 446 444 410 579 389 370 244 500 503 516 502
790 182 240 513 63 150 408 448 447 275 40 738 305 358 218 186 802 409 452 363 42 462 436 256 238 200 437 449 174 450 338 324 421 423 850 765 652 416 352 274 284 242 426 462 595 352 248 516 335 796 275 271 465 290 215 585 0 190 808 169 813 350 730 288 429 751 209 352 210 595 194 229 728 448 429 391 137 289 209 195
682 260 132 406 214 228 300 526 340 167 205 630 383 251 110 264 695 301 344 255 207 354 328 334 130 50 330 341 108 528 231 217 499 315 743 657 565 408 244 166 362 134 419 355 487 244 141 408 227 688 167 164 358 368 53 498 190 0 700 247 705 242 622 181 508 644 101 244 144 488 87 121 620 526 507 283 85 182 54 67
66 877 603 460 831 845 589 972 391 597 822 120 898 681 630 881 143 590 743 685 824 378 411 951 614 710 539 599 725 974 661 604 945 604 363 73 611 807 674 689 919 657 813 613 455 674 664 460 657 137 597 593 376 913 724 658 808 700 0 864 154 630 243 704 953 66 637 674 761 256 646 612 118 972 953 579 702 705 718 704
846 109 296 570 192 206 464 376 504 331 183 794 233 415 274 161 859 465 380 419 185 518 492 125 294 257 494 505 230 378 395 381 349 479 907 821 579 343 408 330 212 298 354 519 651 408 305 572 391 852 331 328 522 217 271 513 169 247 864 0 869 406 786 345 357 808 265 408 266 652 251 285 784 376 357 447 193 346 265 251
137 882 608 465 837 851 594 977 396 602 827 126 904 686 636 887 55 595 748 691 829 383 417 957 619 715 545 604 730 979 666 610 950 609 369 111 616 812 680 695 924 663 819 618 460 679 669 466 662 58 603 599 382 919 730 664 813 705 154 869 0 635 248 709 959 98 642 680 766 262 651 617 123 977 958 585 708 710 724 710
612 419 145 378 373 387 230 545 270 139 364 560 471 223 172 423 625 231 316 227 366 284 258 493 156 252 302 313 267 547 203 49 518 245 673 587 536 380 216 231 492 200 391 327 459 216 206 380 199 618 139 135 288 487 266 470 350 242 630 406 635 0 552 246 526 574 179 216 303 418 188 154 550 545 526 255 244 247 260 246
226 800 525 382 754 768 511 894 314 520 744 173 821 603 553 804 238 512 665 608 746 300 334 874 537 632 462 521 647 896 583 527 868 527 164 200 533 730 597 612 841 580 736 535 377 596 586 383 579 231 520 516 299 836 647 581 730 622 243 786 248 552 0 626 876 187 559 597 683 179 568 535 164 894 875 502 625 627 641 627
687 358 136 410 312 326 304 577 344 171 303 634 481 255 114 362 699 305 348 259 305 358 332 432 134 191 334 345 206 579 235 221 550 319 747 661 569 412 249 61 460 67 423 359 491 248 60 412 231 692 171 168 362 466 205 502 288 181 704 345 709 246 626 0 558 648 117 248 242 492 127 125 624 577 558 287 183 26 199 185
936 308 457 526 453 467 584 99 593 417 444 883 160 382 485 422 948 585 238 391 446 608 581 409 468 518 450 422 491 100 401 501 34 600 996 910 437 201 386 544 181 512 212 421 585 389 518 528 399 941 414 421 611 176 532 371 429 508 953 357 959 526 876 558 0 897 491 397 527 741 500 467 874 98 32 403 454 559 526 512
49 821 547 404 775 789 532 916 335 541 766 64 842 624 574 825 87 533 686 629 768 322 355 895 558 654 483 543 669 918 604 548 889 548 307 50 555 751 618 633 863 601 757 556 398 618 608 404 601 81 541 537 320 857 668 602 751 644 66 808 98 574 187 648 897 0 580 618 705 200 590 556 62 916 896 523 646 649 662 648
619 278 69 342 232 246 237 510 276 104 223 567 401 187 47 282 631 238 280 192 225 291 265 352 67 111 266 278 126 512 167 153 483 252 679 594 501 345 181 103 380 71 356 291 424 181 77 345 164 625 104 100 294 386 125 435 209 101 637 265 642 179 559 117 491 580 0 181 162 424 59 58 557 510 490 220 103 118 119 105
657 421 147 292 376 390 274 416 314 107 366 604 342 51 175 426 669 275 186 55 368 329 302 496 158 254 216 227 269 418 49 191 389 290 717 631 451 251 44 234 363 202 262 241 373 44 208 294 46 662 104 111 332 357 269 384 352 244 674 408 680 216 597 248 397 618 181 0 305 462 190 156 595 416 396 169 247 249 263 249
743 280 193 467 234 248 361 546 401 228 224 691 403 312 171 284 756 362 405 316 226 415 389 354 191 154 391 402 56 548 292 278 519 376 804 718 626 469 305 227 382 195 480 416 548 305 202 469 288 749 228 225 419 387 168 559 210 144 761 266 766 303 683 242 527 705 162 305 0 549 148 182 681 546 527 344 105 243 162 148
239 665 391 248 619 633 376 760 179 385 610 186 686 468 418 669 251 377 530 473 612 166 199 739 402 498 327 387 513 762 448 392 733 392 299 213 399 595 462 477 707 445 601 400 242 462 452 248 445 244 385 381 164 701 512 446 595 488 256 652 262 418 179 492 741 200 424 462 549 0 434 400 177 760 740 367 490 493 506 492
628 264 78 352 218 232 246 519 285 113 209 576 387 197 56 268 640 247 290 201 210 300 274 338 76 96 276 287 111 521 177 162 492 261 688 603 510 354 190 112 366 80 365 301 433 190 86 354 173 634 113 109 304 372 111 444 194 87 646 251 651 188 568 127 500 590 59 190 148 434 0 67 566 519 500 229 89 128 105 91
595 298 45 318 253 266 212 485 252 79 243 542 412 163 55 303 607 213 256 168 245 267 240 373 53 131 242 253 146 487 143 129 458 228 655 569 477 320 157 111 401 79 331 267 399 156 85 320 139 600 80 76 270 406 146 410 229 121 612 285 617 154 535 125 467 556 58 156 182 400 67 0 533 485 466 195 124 126 140 126
101 798 523 380 752 766 509 892 311 518 742 83 819 601 551 802 113 510 663 606 744 298 332 872 535 630 460 519 645 894 581 525 866 525 284 75 531 728 595 610 839 578 734 533 375 594 584 381 577 106 518 514 297 834 645 579 728 620 118 784 123 550 164 624 874 62 557 595 681 177 566 533 0 892 873 500 623 625 639 625
954 326 476 545 472 486 603 34 611 436 463 902 179 401 504 441 967 604 257 409 464 626 600 428 487 536 469 441 510 36 420 520 90 618 1015 929 456 220 405 562 200 531 231 440 604 408 537 547 418 960 433 440 630 194 551 389 448 526 972 376 977 545 894 577 98 916 510 416 546 760 519 485 892 0 98 422 473 578 545 531
935 307 457 526 453 467 584 98 592 417 443 883 160 381 484 422 947 585 238 390 445 607 581 409 468 517 450 421 491 100 401 500 33 599 995 910 437 201 386 543 180 511 211 420 585 388 518 528 399 941 413 421 610 175 531 370 429 507 953 357 958 526 875 558 32 896 490 396 527 740 500 466 873 98 0 403 454 559 525 511
562 460 186 152 414 428 278 422 219 146 405 509 349 161 214 465 574 279 193 169 407 234 207 534 197 293 76 87 308 424 155 230 395 293 622 536 311 257 165 272 369 241 268 101 234 168 247 154 152 567 142 150 237 364 307 244 391 283 579 447 585 255 502 287 403 523 220 169 344 367 229 195 500 422 403 0 286 288 302 287
685 206 135 408 161 175 302 473 342 170 151 632 330 253 113 211 697 303 346 258 153 357 331 281 133 95 332 343 69 475 233 219 446 318 745 660 567 411 247 169 309 137 421 357 490 247 143 410 229 691 170 166 360 314 110 500 137 85 702 193 708 244 625 183 454 646 103 247 105 490 89 124 623 473 454 286 0 184 104 90
687 359 137 411 313 327 305 578 344 172 304 635 482 256 115 363 700 306 349 260 306 359 333 433 135 192 335 346 207 580 236 222 551 320 748 662 569 413 249 62 461 67 424 360 492 249 61 413 232 693 172 168 363 467 206 503 289 182 705 346 710 247 627 26 559 649 118 249 243 493 128 126 625 578 559 288 184 0 200 186
701 278 151 424 233 246 318 545 358 186 223 648 402 269 129 283 713 319 362 274 225 373 347 352 149 50 348 359 126 547 249 235 518 334 761 676 583 427 263 185 381 153 437 373 506 263 159 426 245 707 186 182 376 386 52 516 209 54 718 265 724 260 641 199 526 662 119 263 162 506 105 140 639 545 525 302 104 200 0 66
687 264 137 410 219 232 304 531 344 172 209 634 388 255 115 269 699 305 348 260 211 359 333 338 135 62 334 345 112 533 235 221 504 320 747 661 569 413 249 171 367 139 423 359 492 249 145 412 231 693 172 168 362 372 65 502 195 67 704 251 710 246 627 185 512 648 105 249 148 492 91 126 625 531 511 287 90 186 66 0
EOF