NAME : tsp_problem
TYPE : TSP
DIMENSION : 66
EDGE_WEIGHT_TYPE : EXPLICIT
EDGE_WEIGHT_FORMAT : FULL_MATRIX
EDGE_WEIGHT_SECTION
0 781 570 637 599 793 574 854 160 851 621 780 80 540 761 649 176 908 253 620 620 525 679 151 580 810 539 613 367 492 410 804 460 699 518 860 599 824 794 536 83 598 618 506 768 836 680 197 432 515 82 541 613 858 536 122 530 489 544 698 111 67 888 619 865 461
781 0 416 296 375 138 574 198 905 304 280 62 750 527 235 308 920 220 616 279 279 372 297 670 426 154 427 230 453 339 415 149 447 173 518 205 217 278 76 413 823 216 277 309 222 181 298 941 381 657 835 419 366 312 289 866 530 336 532 315 851 820 342 278 209 603
570 416 0 272 142 428 293 489 693 394 256 415 538 316 396 285 709 543 405 255 255 72 314 459 49 445 216 248 242 127 204 439 236 334 237 495 235 367 429 113 612 233 253 141 312 472 315 730 170 358 624 119 248 402 171 655 249 125 320 333 639 609 432 254 500 303
637 296 272 0 332 308 448 369 760 537 55 295 605 383 276 84 776 423 472 54 55 228 194 526 282 325 283 127 309 195 271 319 303 214 392 375 114 510 308 269 679 113 53 165 455 351 195 797 237 513 691 274 222 545 145 722 404 192 388 212 707 676 575 53 380 458
599 375 142 332 0 450 277 484 722 276 316 374 567 376 456 345 738 429 434 315 315 132 374 488 126 467 276 308 271 188 264 461 296 395 222 459 295 250 388 98 641 293 314 201 194 493 375 759 230 342 653 104 308 284 231 684 233 185 381 393 669 638 314 314 522 288
793 138 428 308 450 0 605 90 917 379 292 137 762 540 247 321 933 144 629 291 292 384 309 683 438 46 440 243 465 351 428 40 460 185 549 96 230 353 151 426 835 228 290 322 297 72 310 954 394 670 848 431 378 387 301 879 561 348 544 328 863 833 417 290 101 615
574 574 293 448 277 605 0 665 698 475 432 573 543 419 573 461 713 628 409 431 432 249 490 463 292 621 392 424 246 304 289 616 339 511 106 657 411 448 587 214 616 409 430 317 393 648 491 734 312 317 628 220 424 483 347 659 118 301 423 509 644 613 513 430 676 263
854 198 489 369 484 90 665 0 978 413 353 197 823 600 308 381 993 103 689 352 352 445 370 743 499 106 500 303 526 412 488 82 520 246 610 55 290 386 211 486 896 289 350 382 330 67 371 1014 454 730 908 492 439 420 362 939 622 409 605 388 924 893 451 351 95 676
160 905 693 760 722 917 698 978 0 975 745 904 204 663 885 773 53 1032 377 744 744 649 803 275 703 934 663 737 491 616 534 928 584 823 642 984 723 948 917 659 207 722 742 630 892 960 804 73 556 639 215 665 737 982 660 162 654 613 668 821 235 200 1012 743 989 585
851 304 394 537 276 379 475 413 975 0 521 303 819 628 476 550 990 359 686 520 521 384 538 740 378 396 528 472 523 440 516 390 548 414 419 388 459 59 317 350 893 457 519 453 123 422 539 1011 482 594 905 356 560 31 483 936 431 437 633 557 921 890 108 519 451 540
621 280 256 55 316 292 432 353 745 521 0 279 589 367 260 68 760 407 456 38 39 212 178 510 266 309 267 112 293 179 255 303 287 198 376 359 98 494 292 253 663 97 37 149 439 335 179 781 221 497 675 258 206 529 129 706 388 176 372 196 691 660 559 37 364 442
780 62 415 295 374 137 573 197 904 303 279 0 749 526 233 307 919 219 615 278 278 371 296 669 425 153 426 229 452 338 414 148 446 172 517 204 216 277 75 412 822 214 276 308 221 180 297 940 380 656 834 418 365 311 288 865 529 335 531 314 850 819 341 277 208 602
80 750 538 605 567 762 543 823 204 819 589 749 0 508 730 618 220 877 222 589 589 494 648 120 548 779 508 581 335 461 379 773 429 668 487 829 568 793 762 504 122 567 587 475 737 805 649 241 401 484 135 510 582 827 505 166 499 458 513 666 150 120 857 587 834 429
540 527 316 383 376 540 419 600 663 628 367 526 508 0 508 396 679 654 375 366 366 272 425 429 326 556 285 359 212 239 174 551 124 446 363 607 346 601 540 313 582 344 365 252 546 583 426 700 179 484 594 318 359 636 282 625 375 236 105 444 609 579 666 365 611 429
761 235 396 276 456 247 573 308 885 476 260 233 730 508 0 289 901 362 597 259 260 352 277 651 406 264 408 211 433 319 396 258 428 153 517 314 198 449 247 394 803 196 258 290 394 290 278 922 362 638 816 399 346 484 269 846 529 316 512 296 831 801 514 258 319 583
649 308 285 84 345 321 461 381 773 550 68 307 618 396 289 0 789 436 485 67 67 240 206 539 295 337 296 140 322 207 284 332 316 227 405 388 127 523 321 282 691 125 66 178 468 364 207 810 250 526 704 287 234 558 158 735 417 204 400 225 719 689 588 66 392 471
176 920 709 776 738 933 713 993 53 990 760 919 220 679 901 789 0 1048 393 759 760 665 818 291 719 949 679 752 506 632 549 944 599 839 658 1000 739 964 933 675 223 737 758 646 908 976 819 89 572 655 230 681 752 998 676 178 670 629 684 837 251 216 1028 758 1004 600
908 220 543 423 429 144 628 103 1032 359 407 219 877 654 362 436 1048 0 744 406 407 499 424 797 531 160 555 358 580 466 542 137 575 300 572 78 345 332 232 503 950 343 405 436 276 121 425 1068 508 747 962 509 493 366 416 993 584 463 659 443 978 948 396 405 149 693
253 616 405 472 434 629 409 689 377 686 456 615 222 375 597 485 393 744 0 455 456 361 514 143 415 645 375 448 202 328 245 640 295 535 354 696 435 659 629 371 295 433 454 341 604 672 515 414 268 357 308 377 448 694 371 339 366 325 380 533 323 293 724 454 700 302
620 279 255 54 315 291 431 352 744 520 38 278 589 366 259 67 759 406 455 0 38 211 177 509 265 308 266 111 292 178 254 302 286 197 376 358 97 494 292 252 662 96 36 148 438 334 178 780 220 496 674 258 205 528 128 705 388 175 371 196 690 659 558 36 363 442
620 279 255 55 315 292 432 352 744 521 39 278 589 366 260 67 760 407 456 38 0 211 177 510 265 308 267 111 292 178 254 303 287 198 376 359 98 494 292 252 662 96 36 148 438 335 178 781 221 497 674 258 205 528 128 705 388 175 371 196 690 660 559 37 363 442
525 372 72 228 132 384 249 445 649 384 212 371 494 272 352 240 665 499 361 211 211 0 270 415 82 401 172 204 198 83 160 395 192 290 193 451 190 358 385 69 567 189 209 97 302 427 271 686 126 314 580 75 204 392 127 611 205 80 276 289 595 565 422 210 456 259
679 297 314 194 374 309 490 370 803 538 178 296 648 425 277 206 818 424 514 177 177 270 0 568 324 326 325 128 351 237 313 320 345 215 435 376 115 511 309 311 721 114 175 207 456 352 87 839 279 555 733 317 264 546 187 764 447 234 430 49 749 718 576 176 381 501
151 670 459 526 488 683 463 743 275 740 510 669 120 429 651 539 291 797 143 509 510 415 568 0 469 699 429 502 256 382 299 694 349 589 408 750 489 713 683 425 193 487 508 395 658 726 569 312 322 405 206 431 502 748 425 237 420 379 434 587 221 191 778 508 754 350
580 426 49 282 126 438 292 499 703 378 266 425 548 326 406 295 719 531 415 265 265 82 324 469 0 455 226 258 252 137 214 449 246 344 237 505 245 351 439 113 622 243 263 151 296 482 325 740 180 357 634 118 258 386 181 665 248 135 331 343 650 619 416 264 510 302
810 154 445 325 467 46 621 106 934 396 309 153 779 556 264 337 949 160 645 308 308 401 326 699 455 0 456 260 482 368 444 57 476 202 566 113 246 369 167 442 852 245 306 338 313 89 327 970 410 686 864 448 395 403 318 895 578 365 561 344 880 849 434 307 117 632
539 427 216 283 276 440 392 500 663 528 267 426 508 285 408 296 679 555 375 266 267 172 325 429 226 456 0 259 211 139 173 451 206 346 337 507 246 502 440 213 581 244 265 153 446 483 326 699 140 457 593 219 259 536 183 624 349 136 290 344 609 579 566 265 511 403
613 230 248 127 308 243 424 303 737 472 112 229 581 359 211 140 752 358 448 111 111 204 128 502 258 260 259 0 285 171 247 254 279 149 369 310 49 445 243 245 655 47 109 141 390 286 129 773 213 489 667 250 198 480 121 698 380 168 364 147 683 652 510 110 314 435
367 453 242 309 271 465 246 526 491 523 293 452 335 212 433 322 506 580 202 292 292 198 351 256 252 482 211 285 0 164 82 476 132 371 190 532 272 496 466 208 409 270 290 178 440 509 352 527 104 311 421 213 285 530 208 452 202 162 216 370 437 406 561 291 537 256
492 339 127 195 188 351 304 412 616 440 179 338 461 239 319 207 632 466 328 178 178 83 237 382 137 368 139 171 164 0 127 362 159 257 248 418 157 413 351 125 534 156 176 64 357 394 238 653 93 369 547 130 171 447 94 578 260 47 243 255 562 532 477 177 423 314
410 415 204 271 264 428 289 488 534 516 255 414 379 174 396 284 549 542 245 254 254 160 313 299 214 444 173 247 82 127 0 439 94 334 234 495 234 489 428 201 452 232 253 140 434 471 314 570 67 354 464 207 247 524 170 495 245 124 178 332 480 449 554 253 499 300
804 149 439 319 461 40 616 82 928 390 303 148 773 551 258 332 944 137 640 302 303 395 320 694 449 57 451 254 476 362 439 0 471 196 560 89 241 364 162 437 846 239 301 333 308 65 321 965 405 681 859 442 389 398 313 890 572 359 555 339 874 844 428 301 93 626
460 447 236 303 296 460 339 520 584 548 287 446 429 124 428 316 599 575 295 286 287 192 345 349 246 476 206 279 132 159 94 471 0 366 284 527 266 522 460 233 502 264 285 173 466 503 346 620 99 404 514 239 279 556 203 545 296 156 129 364 530 499 586 285 531 350
699 173 334 214 395 185 511 246 823 414 198 172 668 446 153 227 839 300 535 197 198 290 215 589 344 202 346 149 371 257 334 196 366 0 455 252 136 387 185 332 741 134 196 228 332 228 216 860 300 576 754 337 284 422 208 785 467 254 450 234 769 739 452 196 257 521
518 518 237 392 222 549 106 610 642 419 376 517 487 363 517 405 658 572 354 376 376 193 435 408 237 566 337 369 190 248 234 560 284 455 0 602 355 393 531 159 560 354 374 262 337 592 436 679 256 262 572 164 369 427 292 603 63 245 368 453 588 558 457 374 621 207
860 205 495 375 459 96 657 55 984 388 359 204 829 607 314 388 1000 78 696 358 359 451 376 750 505 113 507 310 532 418 495 89 527 252 602 0 297 361 218 493 902 295 357 389 305 73 377 1021 461 737 915 498 445 395 369 946 613 415 611 395 930 900 425 357 102 682
599 217 235 114 295 230 411 290 723 459 98 216 568 346 198 127 739 345 435 97 98 190 115 489 245 246 246 49 272 157 234 241 266 136 355 297 0 432 230 232 641 34 96 128 376 273 116 760 200 476 654 237 184 466 108 685 367 154 350 134 669 639 497 96 301 421
824 278 367 510 250 353 448 386 948 59 494 277 793 601 449 523 964 332 659 494 494 358 511 713 351 369 502 445 496 413 489 364 522 387 393 361 432 0 290 323 866 430 492 427 96 396 512 984 455 567 878 329 533 67 456 909 405 410 606 530 894 863 97 492 424 513
794 76 429 308 388 151 587 211 917 317 292 75 762 540 247 321 933 232 629 292 292 385 309 683 439 167 440 243 466 351 428 162 460 185 531 218 230 290 0 426 836 228 290 322 235 194 310 954 394 670 848 431 379 325 302 879 543 349 545 328 864 833 355 290 222 615
536 413 113 269 98 426 214 486 659 350 253 412 504 313 394 282 675 503 371 252 252 69 311 425 113 442 213 245 208 125 201 437 233 332 159 493 232 323 426 0 578 230 251 138 268 469 312 696 167 279 590 41 245 358 168 621 171 122 318 330 606 575 388 251 497 225
83 823 612 679 641 835 616 896 207 893 663 822 122 582 803 691 223 950 295 662 662 567 721 193 622 852 581 655 409 534 452 846 502 741 560 902 641 866 836 578 0 640 660 548 810 879 722 244 474 557 138 583 655 900 578 169 572 531 586 740 70 123 931 661 907 503
598 216 233 113 293 228 409 289 722 457 97 214 567 344 196 125 737 343 433 96 96 189 114 487 243 245 244 47 270 156 232 239 264 134 354 295 34 430 228 230 640 0 94 126 375 271 115 758 198 474 652 236 183 465 106 683 366 153 349 132 668 637 495 95 300 420
618 277 253 53 314 290 430 350 742 519 37 276 587 365 258 66 758 405 454 36 36 209 175 508 263 306 265 109 290 176 253 301 285 196 374 357 96 492 290 251 660 94 0 147 436 333 176 779 219 495 673 256 203 526 127 704 386 173 369 194 688 658 557 35 361 440
506 309 141 165 201 322 317 382 630 453 149 308 475 252 290 178 646 436 341 148 148 97 207 395 151 338 153 141 178 64 140 333 173 228 262 389 128 427 322 138 548 126 147 0 371 365 208 666 106 382 560 144 141 461 64 591 274 61 257 226 576 545 491 147 393 328
768 222 312 455 194 297 393 330 892 123 439 221 737 546 394 468 908 276 604 438 438 302 456 658 296 313 446 390 440 357 434 308 466 332 337 305 376 96 235 268 810 375 436 371 0 340 457 929 400 512 822 273 478 131 401 853 349 354 550 474 838 808 161 437 368 457
836 181 472 351 493 72 648 67 960 422 335 180 805 583 290 364 976 121 672 334 335 427 352 726 482 89 483 286 509 394 471 65 503 228 592 73 273 396 194 469 879 271 333 365 340 0 353 997 437 713 891 474 421 430 345 922 604 391 587 371 906 876 460 333 78 658
680 298 315 195 375 310 491 371 804 539 179 297 649 426 278 207 819 425 515 178 178 271 87 569 325 327 326 129 352 238 314 321 346 216 436 377 116 512 310 312 722 115 176 208 457 353 0 840 280 556 734 318 265 547 188 765 448 235 431 106 750 719 577 177 382 502
197 941 730 797 759 954 734 1014 73 1011 781 940 241 700 922 810 89 1068 414 780 781 686 839 312 740 970 699 773 527 653 570 965 620 860 679 1021 760 984 954 696 244 758 779 666 929 997 840 0 593 676 251 701 773 1019 696 199 690 650 705 858 272 236 1049 779 1025 621
432 381 170 237 230 394 312 454 556 482 221 380 401 179 362 250 572 508 268 220 221 126 279 322 180 410 140 213 104 93 67 405 99 300 256 461 200 455 394 167 474 198 219 106 400 437 280 593 0 377 487 173 213 490 136 518 268 90 183 298 502 472 520 219 465 322
515 657 358 513 342 670 317 730 639 594 497 656 484 484 638 526 655 747 357 496 497 314 555 405 357 686 457 489 311 369 354 681 404 576 262 737 476 567 670 279 557 474 495 382 512 713 556 676 377 0 570 285 489 602 412 600 274 366 489 574 585 555 632 495 741 117
82 835 624 691 653 848 628 908 215 905 675 834 135 594 816 704 230 962 308 674 674 580 733 206 634 864 593 667 421 547 464 859 514 754 572 915 654 878 848 590 138 652 673 560 822 891 734 251 487 570 0 595 667 912 590 176 584 544 598 752 166 66 943 673 919 515
541 419 119 274 104 431 220 492 665 356 258 418 510 318 399 287 681 509 377 258 258 75 317 431 118 448 219 250 213 130 207 442 239 337 164 498 237 329 431 41 583 236 256 144 273 474 318 701 173 285 595 0 251 363 174 626 176 127 323 335 611 581 393 256 503 230
613 366 248 222 308 378 424 439 737 560 206 365 582 359 346 234 752 493 448 205 205 204 264 502 258 395 259 198 285 171 247 389 279 284 369 445 184 533 379 245 655 183 203 141 478 421 265 773 213 489 667 251 0 568 121 698 381 168 364 283 683 652 598 204 450 435
858 312 402 545 284 387 483 420 982 31 529 311 827 636 484 558 998 366 694 528 528 392 546 748 386 403 536 480 530 447 524 398 556 422 427 395 466 67 325 358 900 465 526 461 131 430 547 1019 490 602 912 363 568 0 491 943 439 444 640 564 928 898 116 527 458 547
536 289 171 145 231 301 347 362 660 483 129 288 505 282 269 158 676 416 371 128 128 127 187 425 181 318 183 121 208 94 170 313 203 208 292 369 108 456 302 168 578 106 127 64 401 345 188 696 136 412 590 174 121 491 0 621 304 91 287 206 606 575 521 127 373 358
122 866 655 722 684 879 659 939 162 936 706 865 166 625 846 735 178 993 339 705 705 611 764 237 665 895 624 698 452 578 495 890 545 785 603 946 685 909 879 621 169 683 704 591 853 922 765 199 518 600 176 626 698 943 621 0 615 575 629 783 197 161 974 704 950 546
530 530 249 404 233 561 118 622 654 431 388 529 499 375 529 417 670 584 366 388 388 205 447 420 248 578 349 380 202 260 245 572 296 467 63 613 367 405 543 171 572 366 386 274 349 604 448 690 268 274 584 176 381 439 304 615 0 257 380 465 600 570 469 386 633 219
489 336 125 192 185 348 301 409 613 437 176 335 458 236 316 204 629 463 325 175 175 80 234 379 135 365 136 168 162 47 124 359 156 254 245 415 154 410 349 122 531 153 173 61 354 391 235 650 90 366 544 127 168 444 91 575 257 0 240 253 559 529 475 174 420 311
544 532 320 388 381 544 423 605 668 633 372 531 513 105 512 400 684 659 380 371 371 276 430 434 331 561 290 364 216 243 178 555 129 450 368 611 350 606 545 318 586 349 369 257 550 587 431 705 183 489 598 323 364 640 287 629 380 240 0 448 614 584 671 370 616 434
698 315 333 212 393 328 509 388 821 557 196 314 666 444 296 225 837 443 533 196 196 289 49 587 343 344 344 147 370 255 332 339 364 234 453 395 134 530 328 330 740 132 194 226 474 371 106 858 298 574 752 335 283 564 206 783 465 253 448 0 767 737 595 194 399 519
111 851 639 707 669 863 644 924 235 921 691 850 150 609 831 719 251 978 323 690 690 595 749 221 650 880 609 683 437 562 480 874 530 769 588 930 669 894 864 606 70 668 688 576 838 906 750 272 502 585 166 611 683 928 606 197 600 559 614 767 0 151 958 689 935 531
67 820 609 676 638 833 613 893 200 890 660 819 120 579 801 689 216 948 293 659 660 565 718 191 619 849 579 652 406 532 449 844 499 739 558 900 639 863 833 575 123 637 658 545 808 876 719 236 472 555 66 581 652 898 575 161 570 529 584 737 151 0 928 658 904 500
888 342 432 575 314 417 513 451 1012 108 559 341 857 666 514 588 1028 396 724 558 559 422 576 778 416 434 566 510 561 477 554 428 586 452 457 425 497 97 355 388 931 495 557 491 161 460 577 1049 520 632 943 393 598 116 521 974 469 475 671 595 958 928 0 557 489 578
619 278 254 53 314 290 430 351 743 519 37 277 587 365 258 66 758 405 454 36 37 210 176 508 264 307 265 110 291 177 253 301 285 196 374 357 96 492 290 251 661 95 35 147 437 333 177 779 219 495 673 256 204 527 127 704 386 174 370 194 689 658 557 0 362 440
865 209 500 380 522 101 676 95 989 451 364 208 834 611 319 392 1004 149 700 363 363 456 381 754 510 117 511 314 537 423 499 93 531 257 621 102 301 424 222 497 907 300 361 393 368 78 382 1025 465 741 919 503 450 458 373 950 633 420 616 399 935 904 489 362 0 687
461 603 303 458 288 615 263 676 585 540 442 602 429 429 583 471 600 693 302 442 442 259 501 350 302 632 403 435 256 314 300 626 350 521 207 682 421 513 615 225 503 420 440 328 457 658 502 621 322 117 515 230 435 547 358 546 219 311 434 519 531 500 578 440 687 0
EOF
