NAME : tsp_problem
TYPE : TSP
DIMENSION : 74
EDGE_WEIGHT_TYPE : EXPLICIT
EDGE_WEIGHT_FORMAT : FULL_MATRIX
EDGE_WEIGHT_SECTION
0 519 743 273 313 722 377 244 267 218 292 256 657 721 241 256 240 500 780 511 819 219 537 155 708 256 387 610 586 692 63 251 767 619 738 561 506 845 424 376 375 398 595 716 842 234 469 201 641 289 445 494 184 175 345 312 594 492 468 798 207 154 184 495 422 307 371 179 392 676 285 360 475 274
519 0 500 748 787 336 332 719 422 345 258 731 414 306 716 731 714 64 537 137 404 694 381 395 464 731 342 195 466 368 537 726 523 204 495 62 132 430 410 331 361 254 440 342 427 708 454 676 226 342 166 339 658 650 300 372 179 118 282 383 354 628 374 80 149 361 326 654 289 382 339 414 101 282
743 500 0 972 1012 199 587 943 514 569 514 955 111 227 940 955 939 481 121 533 574 918 234 620 64 955 597 446 230 168 762 950 108 455 45 542 528 417 386 586 436 509 204 193 557 933 336 900 316 485 514 272 883 874 555 463 430 514 384 344 578 853 599 454 491 480 581 878 380 152 491 542 497 538
273 748 972 0 79 951 606 153 496 447 521 72 887 950 150 72 56 729 1009 740 1048 300 766 384 937 166 616 839 815 921 255 67 996 848 967 790 735 1074 654 606 604 628 824 945 1071 315 698 199 870 518 674 724 176 123 574 541 823 721 698 1028 436 235 413 724 651 536 601 260 621 905 514 589 704 503
313 787 1012 79 0 990 646 192 536 486 560 111 926 989 189 111 95 768 1049 779 1087 339 805 424 976 205 655 878 854 960 295 106 1035 888 1006 829 775 1114 693 645 644 667 863 985 1111 354 737 238 909 557 714 763 215 162 613 581 862 761 737 1067 475 274 452 763 690 575 640 299 660 944 554 628 743 542
722 336 199 951 990 0 564 922 493 548 491 934 113 100 919 934 918 317 236 370 410 897 213 599 163 934 574 283 209 147 741 929 222 292 193 378 365 254 365 564 415 486 182 136 393 912 315 879 152 464 398 251 862 853 532 442 267 351 363 180 557 832 577 291 382 459 558 857 359 131 469 521 333 515
377 332 587 606 646 564 0 577 348 203 117 589 501 534 574 589 573 313 624 324 632 552 381 254 552 589 48 423 466 536 396 584 611 432 582 374 319 658 336 64 287 211 439 560 655 567 381 534 454 200 258 338 517 508 77 298 407 305 281 611 212 487 233 308 235 219 59 512 288 520 197 272 288 141
244 719 943 153 192 922 577 0 467 418 491 136 857 920 55 136 119 699 980 711 1019 271 736 355 908 71 587 809 785 891 226 131 966 819 938 761 706 1045 624 576 575 598 795 916 1042 285 669 169 840 488 645 694 147 94 545 512 794 692 668 998 406 205 383 695 622 507 571 231 592 876 485 560 675 473
267 422 514 496 536 493 348 467 0 263 263 479 428 521 464 479 463 403 551 414 722 442 307 240 478 479 358 513 356 462 286 474 537 522 508 464 409 711 195 348 146 344 365 487 746 457 239 424 544 179 349 265 407 398 316 78 497 396 269 638 271 377 268 398 325 174 343 402 162 446 184 236 378 245
218 345 569 447 486 548 203 418 263 0 118 430 484 547 415 430 413 326 606 337 645 393 363 95 534 430 213 436 412 518 237 425 593 445 564 387 332 671 251 203 201 225 421 542 668 408 295 375 467 115 271 320 358 349 171 213 420 318 295 625 53 327 73 321 248 133 197 353 218 502 111 186 301 100
292 258 514 521 560 491 117 491 263 118 0 504 428 460 488 504 487 239 551 251 558 466 307 168 478 504 126 349 392 462 310 499 537 359 508 301 246 585 251 116 201 138 365 487 582 481 295 449 380 115 185 265 431 422 85 213 334 232 208 538 126 401 147 234 161 133 111 426 214 446 111 186 214 55
256 731 955 72 111 934 589 136 479 430 504 0 869 933 133 55 39 712 992 723 1031 283 749 367 920 148 599 822 798 904 238 50 979 831 950 773 718 1057 636 588 587 610 807 928 1054 298 681 181 853 501 657 706 159 106 557 524 806 704 680 1010 419 218 396 707 634 519 583 243 604 888 497 572 687 486
657 414 111 887 926 113 501 857 428 484 428 869 0 141 854 869 853 395 148 447 488 832 149 534 76 870 511 360 144 82 676 864 134 370 106 456 442 331 300 501 350 423 118 107 471 847 250 815 230 399 428 186 797 788 469 378 345 428 298 258 492 767 513 368 405 394 496 792 294 66 405 457 411 452
721 306 227 950 989 100 534 920 521 547 460 933 141 0 917 933 916 286 264 339 380 895 242 597 192 933 543 252 238 131 739 928 251 261 222 348 334 223 393 533 443 456 211 106 363 910 343 878 122 493 367 279 860 851 502 471 236 320 392 150 555 830 576 260 351 488 528 855 387 146 498 550 303 484
241 716 940 150 189 919 574 55 464 415 488 133 854 917 0 133 116 696 977 708 1015 267 733 352 904 68 584 806 782 888 223 128 963 816 934 758 703 1042 621 573 572 595 791 913 1039 282 665 166 837 485 642 691 144 91 542 509 791 689 665 995 403 202 380 691 618 504 568 227 589 872 482 557 672 470
256 731 955 72 111 934 589 136 479 430 504 55 869 933 133 0 39 712 992 723 1031 283 749 367 920 148 599 822 798 904 238 50 979 831 950 773 718 1057 636 588 587 610 807 928 1054 298 681 182 853 501 657 706 159 106 557 524 806 704 680 1010 419 218 396 707 634 519 583 243 604 888 497 572 687 486
240 714 939 56 95 918 573 119 463 413 487 39 853 916 116 39 0 695 976 706 1014 266 732 351 903 132 582 805 781 887 222 34 962 815 933 756 702 1041 620 572 571 594 790 912 1038 281 664 165 836 484 641 690 143 90 540 508 789 688 664 994 402 201 379 690 617 503 567 226 587 871 481 556 670 469
500 64 481 729 768 317 313 699 403 326 239 712 395 286 696 712 695 0 518 118 384 674 362 376 445 712 322 175 447 348 518 707 504 185 475 82 113 411 391 312 342 235 420 323 408 689 435 657 206 323 146 320 639 630 281 353 160 99 263 364 334 609 355 60 130 341 307 634 269 363 319 394 82 263
780 537 121 1009 1049 236 624 980 551 606 551 992 148 264 977 992 976 518 0 570 611 955 271 657 101 992 634 483 267 205 799 987 75 493 116 579 565 454 423 624 473 546 241 230 594 970 373 937 353 522 551 309 920 911 592 500 467 551 421 381 615 890 636 491 528 517 618 915 417 189 528 579 534 575
511 137 533 740 779 370 324 711 414 337 251 723 447 339 708 723 706 118 570 0 437 686 373 388 498 723 334 228 458 401 529 718 557 237 528 179 61 463 402 323 353 246 432 376 460 701 446 668 259 334 158 331 651 642 292 364 212 80 274 417 346 620 366 113 141 353 318 646 281 416 331 406 84 275
819 404 574 1048 1087 410 632 1019 722 645 558 1031 488 380 1015 1031 1014 384 611 437 0 993 589 695 539 1031 642 350 585 442 837 1026 598 359 569 446 432 221 710 631 661 554 558 416 111 1008 690 976 300 642 465 626 958 950 600 672 334 418 582 281 653 928 674 358 449 660 626 953 588 457 638 713 401 582
219 694 918 300 339 897 552 271 442 393 466 283 832 895 267 283 266 674 955 686 993 0 711 330 883 283 562 784 760 866 201 278 941 794 913 736 681 1020 599 551 550 573 770 891 1017 160 644 228 815 463 620 669 210 202 520 487 769 667 643 973 381 180 358 669 597 482 546 200 567 850 460 535 650 448
537 381 234 766 805 213 381 736 307 363 307 749 149 242 733 749 732 362 271 373 589 711 0 413 199 749 390 461 113 183 555 743 258 470 229 423 368 432 269 380 246 303 86 207 572 726 218 694 331 279 308 65 676 667 348 257 445 354 178 359 371 646 392 357 284 274 375 671 173 167 284 336 337 331
155 395 620 384 424 599 254 355 240 95 168 367 534 597 352 367 351 376 657 388 695 330 413 0 584 367 263 486 462 568 174 362 643 496 614 438 383 722 301 253 252 275 471 593 719 345 345 312 517 165 322 371 295 286 222 263 471 369 345 675 89 265 110 371 298 184 248 290 268 552 162 237 351 150
708 464 64 937 976 163 552 908 478 534 478 920 76 192 904 920 903 445 101 498 539 883 199 584 0 920 562 411 195 133 726 915 88 420 59 506 493 382 351 551 401 474 168 157 521 897 301 865 280 450 479 237 847 839 520 428 395 479 349 309 542 817 563 419 455 445 546 843 345 117 455 507 462 502
256 731 955 166 205 934 589 71 479 430 504 148 870 933 68 148 132 712 992 723 1031 283 749 367 920 0 599 822 798 904 238 143 979 831 950 773 718 1057 637 589 587 611 807 928 1054 298 681 182 853 501 657 706 159 106 557 524 806 704 681 1011 419 218 396 707 634 519 584 243 604 888 497 572 687 486
387 342 597 616 655 574 48 587 358 213 126 599 511 543 584 599 582 322 634 334 642 562 390 263 562 599 0 432 475 545 405 594 621 442 592 384 329 668 346 74 297 221 449 570 665 576 390 544 463 210 268 348 526 518 86 308 417 315 291 621 222 496 242 318 245 229 68 522 298 530 207 282 298 150
610 195 446 839 878 283 423 809 513 436 349 822 360 252 806 822 805 175 483 228 350 784 461 486 411 822 432 0 457 314 628 817 470 77 441 237 223 376 501 422 452 345 430 289 373 799 545 767 172 433 256 430 749 740 391 463 39 209 373 330 444 719 465 149 240 451 417 744 379 329 429 504 192 373
586 466 230 815 854 209 466 785 356 412 392 798 144 238 782 798 781 447 267 458 585 760 113 462 195 798 475 457 0 179 604 792 254 466 225 508 453 428 192 465 242 388 82 203 567 775 142 743 326 328 393 150 725 716 433 306 441 439 263 354 420 695 441 442 369 323 460 720 258 163 333 385 422 394
692 368 168 921 960 147 536 891 462 518 462 904 82 131 888 904 887 348 205 401 442 866 183 568 133 904 545 314 179 0 710 898 192 323 163 410 396 285 334 535 384 458 152 141 425 881 284 849 184 434 429 220 831 822 503 412 298 382 333 212 526 801 547 322 413 429 530 826 328 101 439 491 365 486
63 537 762 255 295 741 396 226 286 237 310 238 676 739 223 238 222 518 799 529 837 201 555 174 726 238 405 628 604 710 0 233 785 638 756 579 525 864 443 395 394 417 613 735 861 216 487 183 659 307 464 513 166 157 363 331 612 511 487 817 225 136 202 513 440 326 390 161 410 694 304 379 493 292
251 726 950 67 106 929 584 131 474 425 499 50 864 928 128 50 34 707 987 718 1026 278 743 362 915 143 594 817 792 898 233 0 974 826 945 768 713 1052 631 583 582 605 802 923 1049 293 676 176 848 496 652 701 154 101 552 519 801 699 675 1005 413 213 390 702 629 514 578 238 599 883 492 567 682 481
767 523 108 996 1035 222 611 966 537 593 537 979 134 251 963 979 962 504 75 557 598 941 258 643 88 979 621 470 254 192 785 974 0 479 102 565 552 441 409 610 459 533 227 216 580 956 359 924 339 509 538 295 906 897 579 487 454 538 408 367 601 876 622 478 514 504 605 901 403 176 514 566 521 561
619 204 455 848 888 292 432 819 522 445 359 831 370 261 816 831 815 185 493 237 359 794 470 496 420 831 442 77 466 323 638 826 479 0 450 246 233 386 510 431 461 354 439 298 383 809 555 776 181 442 266 439 759 750 400 472 61 219 382 339 454 729 475 159 250 461 426 754 389 338 439 514 201 383
738 495 45 967 1006 193 582 938 508 564 508 950 106 222 934 950 933 475 116 528 569 913 229 614 59 950 592 441 225 163 756 945 102 450 0 537 523 412 381 581 431 504 198 187 552 927 331 895 311 480 509 267 877 869 550 458 425 509 379 339 573 847 593 449 485 475 576 873 375 147 485 537 492 533
561 62 542 790 829 378 374 761 464 387 301 773 456 348 758 773 756 82 579 179 446 736 423 438 506 773 384 237 508 410 579 768 565 246 537 0 174 472 452 373 403 296 482 384 469 751 496 718 268 384 208 381 701 692 342 414 221 160 324 425 396 670 416 122 191 403 368 696 331 424 381 456 143 325
506 132 528 735 775 365 319 706 409 332 246 718 442 334 703 718 702 113 565 61 432 681 368 383 493 718 329 223 453 396 525 713 552 233 523 174 0 459 397 318 348 241 427 371 456 696 442 663 254 329 153 326 646 637 287 359 207 59 269 412 341 616 362 108 137 348 313 641 276 411 326 401 63 270
845 430 417 1074 1114 254 658 1045 711 671 585 1057 331 223 1042 1057 1041 411 454 463 221 1020 432 722 382 1057 668 376 428 285 864 1052 441 386 412 472 459 0 583 657 633 580 401 260 185 1035 533 1002 276 668 492 469 985 976 626 661 361 445 582 105 680 955 701 384 476 678 652 980 577 300 665 740 427 609
424 410 386 654 693 365 336 624 195 251 251 636 300 393 621 636 620 391 423 402 710 599 269 301 351 637 346 501 192 334 443 631 409 510 381 452 397 583 0 335 81 331 218 359 723 614 113 582 482 167 336 253 564 555 304 145 485 383 256 510 259 534 280 386 313 162 330 559 150 319 172 224 366 233
376 331 586 606 645 564 64 576 348 203 116 588 501 533 573 588 572 312 624 323 631 551 380 253 551 589 74 422 465 535 395 583 610 431 581 373 318 657 335 0 286 211 438 560 654 566 380 534 453 200 258 338 516 507 76 297 406 304 281 611 211 486 232 307 234 218 46 511 287 519 196 271 287 140
375 361 436 604 644 415 287 575 146 201 201 587 350 443 572 587 571 342 473 353 661 550 246 252 401 587 297 452 242 384 394 582 459 461 431 403 348 633 81 286 0 282 268 409 684 565 125 532 483 117 287 203 515 506 255 96 436 334 207 560 210 485 231 337 264 112 281 510 101 368 123 174 317 183
398 254 509 628 667 486 211 598 344 225 138 610 423 456 595 610 594 235 546 246 554 573 303 275 474 611 221 345 388 458 417 605 533 354 504 296 241 580 331 211 282 0 361 482 577 588 376 556 376 222 180 260 538 529 179 293 329 227 203 533 233 508 254 230 157 240 206 533 210 442 218 293 210 162
595 440 204 824 863 182 439 795 365 421 365 807 118 211 791 807 790 420 241 432 558 770 86 471 168 807 449 430 82 152 613 802 227 439 198 482 427 401 218 438 268 361 0 177 541 784 168 752 300 337 366 124 734 726 407 315 414 413 236 328 430 704 450 415 342 332 433 730 232 136 342 394 396 390
716 342 193 945 985 136 560 916 487 542 487 928 107 106 913 928 912 323 230 376 416 891 207 593 157 928 570 289 203 141 735 923 216 298 187 384 371 260 359 560 409 482 177 0 399 906 309 873 158 458 404 245 856 847 528 436 273 357 357 186 551 826 572 297 388 453 554 851 353 125 464 515 339 511
842 427 557 1071 1111 393 655 1042 746 668 582 1054 471 363 1039 1054 1038 408 594 460 111 1017 572 719 521 1054 665 373 567 425 861 1049 580 383 552 469 456 185 723 654 684 577 541 399 0 1032 673 999 323 665 489 609 982 973 623 695 358 442 605 245 677 952 698 382 473 684 649 977 612 439 662 737 424 606
234 708 933 315 354 912 567 285 457 408 481 298 847 910 282 298 281 689 970 701 1008 160 726 345 897 298 576 799 775 881 216 293 956 809 927 751 696 1035 614 566 565 588 784 906 1032 0 658 243 830 478 635 684 225 216 535 502 784 682 658 988 396 195 373 684 611 497 561 190 581 865 475 550 664 463
469 454 336 698 737 315 381 669 239 295 295 681 250 343 665 681 664 435 373 446 690 644 218 345 301 681 390 545 142 284 487 676 359 555 331 496 442 533 113 380 125 376 168 309 673 658 0 626 432 211 381 256 608 600 348 189 529 428 301 460 303 578 324 430 357 206 375 604 195 269 216 268 410 277
201 676 900 199 238 879 534 169 424 375 449 181 815 878 166 182 165 657 937 668 976 228 694 312 865 182 544 767 743 849 183 176 924 776 895 718 663 1002 582 534 532 556 752 873 999 243 626 0 798 446 602 652 109 100 502 469 751 649 626 956 364 163 341 652 579 464 529 188 549 833 442 517 632 431
641 226 316 870 909 152 454 840 544 467 380 853 230 122 837 853 836 206 353 259 300 815 331 517 280 853 463 172 326 184 659 848 339 181 311 268 254 276 482 453 483 376 300 158 323 830 432 798 0 464 287 368 780 771 422 494 156 240 404 202 475 750 496 180 271 482 448 775 410 198 460 535 223 404
289 342 485 518 557 464 200 488 179 115 115 501 399 493 485 501 484 323 522 334 642 463 279 165 450 501 210 433 328 434 307 496 509 442 480 384 329 668 167 200 117 222 337 458 665 478 211 446 464 0 268 236 428 419 168 128 417 315 240 609 123 398 144 318 245 49 195 423 134 418 36 102 298 97
445 166 514 674 714 398 258 645 349 271 185 657 428 367 642 657 641 146 551 158 465 620 308 322 479 657 268 256 393 429 464 652 538 266 509 208 153 492 336 258 287 180 366 404 489 635 381 602 287 268 0 265 585 576 226 298 241 139 208 445 280 555 301 141 76 287 252 580 215 444 265 340 122 209
494 339 272 724 763 251 338 694 265 320 265 706 186 279 691 706 690 320 309 331 626 669 65 371 237 706 348 430 150 220 513 701 295 439 267 381 326 469 253 338 203 260 124 245 609 684 256 652 368 236 265 0 634 625 306 215 414 312 135 396 329 604 350 315 242 231 333 629 131 204 242 293 295 289
184 658 883 176 215 862 517 147 407 358 431 159 797 860 144 159 143 639 920 651 958 210 676 295 847 159 526 749 725 831 166 154 906 759 877 701 646 985 564 516 515 538 734 856 982 225 608 109 780 428 585 634 0 78 485 452 734 632 608 938 346 145 323 634 561 447 511 170 531 815 425 500 614 413
175 650 874 123 162 853 508 94 398 349 422 106 788 851 91 106 90 630 911 642 950 202 667 286 839 106 518 740 716 822 157 101 897 750 869 692 637 976 555 507 506 529 726 847 973 216 600 100 771 419 576 625 78 0 476 443 725 623 599 929 337 136 314 626 553 438 502 162 523 807 416 491 606 404
345 300 555 574 613 532 77 545 316 171 85 557 469 502 542 557 540 281 592 292 600 520 348 222 520 557 86 391 433 503 363 552 579 400 550 342 287 626 304 76 255 179 407 528 623 535 348 502 422 168 226 306 485 476 0 266 375 273 249 579 180 454 200 276 203 187 71 480 256 488 165 240 256 109
312 372 463 541 581 442 298 512 78 213 213 524 378 471 509 524 508 353 500 364 672 487 257 263 428 524 308 463 306 412 331 519 487 472 458 414 359 661 145 297 96 293 315 436 695 502 189 469 494 128 298 215 452 443 266 0 447 345 218 588 221 422 242 348 275 123 292 447 112 396 134 186 328 195
594 179 430 823 862 267 407 794 497 420 334 806 345 236 791 806 789 160 467 212 334 769 445 471 395 806 417 39 441 298 612 801 454 61 425 221 207 361 485 406 436 329 414 273 358 784 529 751 156 417 241 414 734 725 375 447 0 193 357 314 429 703 449 133 224 436 401 729 364 313 414 489 176 358
492 118 514 721 761 351 305 692 396 318 232 704 428 320 689 704 688 99 551 80 418 667 354 369 479 704 315 209 439 382 511 699 538 219 509 160 59 445 383 304 334 227 413 357 442 682 428 649 240 315 139 312 632 623 273 345 193 0 255 398 327 602 348 94 123 334 299 627 262 397 312 387 74 256
468 282 384 698 737 363 281 668 269 295 208 680 298 392 665 680 664 263 421 274 582 643 178 345 349 681 291 373 263 333 487 675 408 382 379 324 269 582 256 281 207 203 236 357 605 658 301 626 404 240 208 135 608 599 249 218 357 255 0 508 303 578 324 258 185 235 276 603 135 317 245 297 238 232
798 383 344 1028 1067 180 611 998 638 625 538 1010 258 150 995 1010 994 364 381 417 281 973 359 675 309 1011 621 330 354 212 817 1005 367 339 339 425 412 105 510 611 560 533 328 186 245 988 460 956 202 609 445 396 938 929 579 588 314 398 508 0 633 908 654 338 429 604 606 933 504 227 615 667 381 562
207 354 578 436 475 557 212 406 271 53 126 419 492 555 403 419 402 334 615 346 653 381 371 89 542 419 222 444 420 526 225 413 601 454 573 396 341 680 259 211 210 233 430 551 677 396 303 364 475 123 280 329 346 337 180 221 429 327 303 633 0 316 68 329 256 142 206 341 227 510 120 195 310 108
154 628 853 235 274 832 487 205 377 327 401 218 767 830 202 218 201 609 890 620 928 180 646 265 817 218 496 719 695 801 136 213 876 729 847 670 616 955 534 486 485 508 704 826 952 195 578 163 750 398 555 604 145 136 454 422 703 602 578 908 316 0 293 604 531 417 481 140 501 785 395 470 584 383
184 374 599 413 452 577 233 383 268 73 147 396 513 576 380 396 379 355 636 366 674 358 392 110 563 396 242 465 441 547 202 390 622 475 593 416 362 701 280 232 231 254 450 572 698 373 324 341 496 144 301 350 323 314 200 242 449 348 324 654 68 293 0 350 277 162 227 318 247 531 141 215 330 129
495 80 454 724 763 291 308 695 398 321 234 707 368 260 691 707 690 60 491 113 358 669 357 371 419 707 318 149 442 322 513 702 478 159 449 122 108 384 386 307 337 230 415 297 382 684 430 652 180 318 141 315 634 626 276 348 133 94 258 338 329 604 350 0 125 336 302 630 264 337 314 389 77 258
422 149 491 651 690 382 235 622 325 248 161 634 405 351 618 634 617 130 528 141 449 597 284 298 455 634 245 240 369 413 440 629 514 250 485 191 137 476 313 234 264 157 342 388 473 611 357 579 271 245 76 242 561 553 203 275 224 123 185 429 256 531 277 125 0 263 229 557 191 423 242 316 105 185
307 361 480 536 575 459 219 507 174 133 133 519 394 488 504 519 503 341 517 353 660 482 274 184 445 519 229 451 323 429 326 514 504 461 475 403 348 678 162 218 112 240 332 453 684 497 206 464 482 49 287 231 447 438 187 123 436 334 235 604 142 417 162 336 263 0 213 442 129 413 54 106 317 115
371 326 581 601 640 558 59 571 343 197 111 583 496 528 568 583 567 307 618 318 626 546 375 248 546 584 68 417 460 530 390 578 605 426 576 368 313 652 330 46 281 206 433 554 649 561 375 529 448 195 252 333 511 502 71 292 401 299 276 606 206 481 227 302 229 213 0 506 282 514 191 266 282 135
179 654 878 260 299 857 512 231 402 353 426 243 792 855 227 243 226 634 915 646 953 200 671 290 843 243 522 744 720 826 161 238 901 754 873 696 641 980 559 511 510 533 730 851 977 190 604 188 775 423 580 629 170 162 480 447 729 627 603 933 341 140 318 630 557 442 506 0 527 810 420 495 610 408
392 289 380 621 660 359 288 592 162 218 214 604 294 387 589 604 587 269 417 281 588 567 173 268 345 604 298 379 258 328 410 599 403 389 375 331 276 577 150 287 101 210 232 353 612 581 195 549 410 134 215 131 531 523 256 112 364 262 135 504 227 501 247 264 191 129 282 527 0 313 139 191 245 200
676 382 152 905 944 131 520 876 446 502 446 888 66 146 872 888 871 363 189 416 457 850 167 552 117 888 530 329 163 101 694 883 176 338 147 424 411 300 319 519 368 442 136 125 439 865 269 833 198 418 444 204 815 807 488 396 313 397 317 227 510 785 531 337 423 413 514 810 313 0 423 475 380 470
285 339 491 514 554 469 197 485 184 111 111 497 405 498 482 497 481 319 528 331 638 460 284 162 455 497 207 429 333 439 304 492 514 439 485 381 326 665 172 196 123 218 342 464 662 475 216 442 460 36 265 242 425 416 165 134 414 312 245 615 120 395 141 314 242 54 191 420 139 423 0 107 295 93
360 414 542 589 628 521 272 560 236 186 186 572 457 550 557 572 556 394 579 406 713 535 336 237 507 572 282 504 385 491 379 567 566 514 537 456 401 740 224 271 174 293 394 515 737 550 268 517 535 102 340 293 500 491 240 186 489 387 297 667 195 470 215 389 316 106 266 495 191 475 107 0 370 168
475 101 497 704 743 333 288 675 378 301 214 687 411 303 672 687 670 82 534 84 401 650 337 351 462 687 298 192 422 365 493 682 521 201 492 143 63 427 366 287 317 210 396 339 424 664 410 632 223 298 122 295 614 606 256 328 176 74 238 381 310 584 330 77 105 317 282 610 245 380 295 370 0 239
274 282 538 503 542 515 141 473 245 100 55 486 452 484 470 486 469 263 575 275 582 448 331 150 502 486 150 373 394 486 292 481 561 383 533 325 270 609 233 140 183 162 390 511 606 463 277 431 404 97 209 289 413 404 109 195 358 256 232 562 108 383 129 258 185 115 135 408 200 470 93 168 239 0
EOF