NAME : tsp_problem
TYPE : TSP
DIMENSION : 26
EDGE_WEIGHT_TYPE : EXPLICIT
EDGE_WEIGHT_FORMAT : FULL_MATRIX
EDGE_WEIGHT_SECTION
0 200 121 729 126 105 487 784 796 139 373 346 211 268 104 476 397 886 403 289 783 107 853 715 449 353
200 0 221 643 226 133 401 698 710 239 287 260 167 182 204 390 496 800 318 389 697 129 767 629 363 453
121 221 0 750 86 126 508 805 817 160 394 368 232 289 77 497 418 907 425 310 804 128 874 737 470 374
729 643 750 0 755 661 503 94 107 768 487 427 695 616 732 291 853 196 518 918 93 657 163 73 563 982
126 226 86 755 0 131 513 810 822 165 399 372 237 294 91 501 423 912 429 315 809 133 879 741 475 379
105 133 126 661 131 0 420 717 729 144 306 279 144 200 108 408 401 819 336 294 716 57 786 648 382 358
487 401 508 503 513 420 0 558 570 526 246 186 454 375 491 249 517 660 276 676 557 416 627 489 322 740
784 698 805 94 810 717 558 0 126 823 543 483 751 672 788 346 909 216 573 973 113 713 183 94 618 1037
796 710 817 107 822 729 570 126 0 835 555 495 763 684 800 358 921 121 585 985 45 725 101 106 631 1049
139 239 160 768 165 144 526 823 835 0 412 385 250 307 143 515 355 925 442 186 822 146 892 754 488 249
373 287 394 487 399 306 246 543 555 412 0 105 340 261 377 234 529 645 58 562 542 302 612 474 103 626
346 260 368 427 372 279 186 483 495 385 105 0 313 234 350 174 502 585 135 535 482 275 552 414 181 599
211 167 232 695 237 144 454 751 763 250 340 313 0 234 215 442 508 853 370 400 749 140 820 682 415 464
268 182 289 616 294 200 375 672 684 307 261 234 234 0 271 363 517 774 291 457 671 196 741 603 337 521
104 204 77 732 91 108 491 788 800 143 377 350 215 271 0 479 400 890 407 293 787 111 857 719 453 357
476 390 497 291 501 408 249 346 358 515 234 174 442 363 479 0 600 448 264 665 345 404 415 278 310 728
397 496 418 853 423 401 517 909 921 355 529 502 508 517 400 600 0 1011 559 505 908 404 978 840 605 528
886 800 907 196 912 819 660 216 121 925 645 585 853 774 890 448 1011 0 675 1075 135 814 191 196 720 1139
403 318 425 518 429 336 276 573 585 442 58 135 370 291 407 264 559 675 0 592 572 332 642 504 112 656
289 389 310 918 315 294 676 973 985 186 562 535 400 457 293 665 505 1075 592 0 972 296 1042 904 638 131
783 697 804 93 809 716 557 113 45 822 542 482 749 671 787 345 908 135 572 972 0 711 102 93 617 1036
107 129 128 657 133 57 416 713 725 146 302 275 140 196 111 404 404 814 332 296 711 0 782 644 377 360
853 767 874 163 879 786 627 183 101 892 612 552 820 741 857 415 978 191 642 1042 102 782 0 163 687 1106
715 629 737 73 741 648 489 94 106 754 474 414 682 603 719 278 840 196 504 904 93 644 163 0 550 968
449 363 470 563 475 382 322 618 631 488 103 181 415 337 453 310 605 720 112 638 617 377 687 550 0 702
353 453 374 982 379 358 740 1037 1049 249 626 599 464 521 357 728 528 1139 656 131 1036 360 1106 968 702 0
EOF