NAME : tsp_problem
TYPE : TSP
DIMENSION : 84
EDGE_WEIGHT_TYPE : EXPLICIT
EDGE_WEIGHT_FORMAT : FULL_MATRIX
EDGE_WEIGHT_SECTION
0 598 191 904 463 636 620 655 262 645 610 510 547 580 502 659 595 815 653 508 532 609 836 144 504 618 556 558 512 690 663 538 861 797 516 181 623 227 882 328 337 875 552 378 175 769 813 583 489 847 590 312 803 640 201 829 488 665 214 366 128 584 642 648 619 196 912 672 912 439 200 257 732 583 815 236 573 464 764 675 468 664 729 355
598 0 634 485 166 217 170 103 705 92 67 201 268 301 130 106 286 262 110 125 254 331 284 587 262 199 106 280 358 138 120 222 308 378 207 624 79 670 329 400 293 456 143 261 618 216 394 175 274 416 49 320 384 190 644 410 278 121 657 267 571 305 406 105 341 639 493 119 493 330 642 616 179 60 263 410 264 310 211 122 302 111 398 282
191 634 0 940 499 672 656 691 116 681 646 546 583 616 538 695 631 851 689 544 568 645 872 92 540 654 592 594 548 726 699 574 897 833 552 41 659 82 918 364 373 911 588 414 40 805 849 619 525 883 626 348 839 676 56 865 524 701 68 402 105 620 678 684 655 33 948 708 948 475 36 293 768 619 851 272 609 500 800 711 504 700 765 391
904 485 940 0 503 292 393 496 1011 485 497 538 426 397 468 499 623 307 540 462 427 363 300 893 436 309 409 414 531 489 550 395 387 143 545 930 510 977 227 619 600 50 481 567 924 423 128 512 448 142 477 627 137 374 950 101 489 552 963 573 877 393 332 536 353 946 45 436 34 503 949 922 531 470 470 717 601 483 419 515 475 504 244 588
463 166 499 503 0 235 188 223 570 213 178 78 201 234 70 227 163 383 221 76 187 264 404 452 195 218 124 213 291 258 231 193 429 397 85 489 191 535 450 265 158 474 120 126 483 337 412 151 207 446 158 185 402 208 509 428 143 233 522 132 436 238 339 217 274 504 511 240 512 263 507 481 300 151 383 275 141 243 332 243 235 232 384 147
636 217 672 292 235 0 125 274 743 264 229 270 174 207 199 278 355 399 272 194 159 236 392 625 168 55 141 185 263 309 282 127 480 185 276 662 242 708 319 351 331 262 212 299 656 388 200 244 180 234 209 358 190 106 682 216 221 283 695 305 608 211 292 267 246 677 299 291 300 235 680 654 351 201 434 448 333 215 383 294 207 282 204 320
620 170 656 393 188 125 0 227 726 217 182 223 202 235 152 231 308 387 225 147 187 265 408 608 196 108 94 213 291 262 235 155 433 287 229 646 195 692 421 379 315 364 165 283 639 340 302 197 208 336 161 342 292 55 666 318 249 236 679 289 592 239 339 220 275 661 401 244 401 263 664 638 304 154 387 432 285 243 336 246 235 235 306 304
655 103 691 496 223 274 227 0 762 65 124 258 326 359 188 61 343 235 167 182 311 388 256 644 320 257 163 337 415 110 177 279 281 436 265 681 137 728 302 457 351 467 201 319 675 189 424 232 332 389 107 378 434 247 702 420 335 178 714 324 628 363 463 162 399 697 503 92 504 387 700 673 152 117 235 468 321 367 184 50 359 73 455 339
262 705 116 1011 570 743 726 762 0 752 717 617 653 686 608 766 702 922 760 615 639 716 943 162 610 725 663 665 619 797 770 645 968 904 623 112 730 77 988 434 444 982 658 485 110 875 920 690 595 954 696 418 910 746 92 935 595 771 72 473 176 690 748 755 726 121 1018 779 1019 545 124 364 839 689 922 342 679 571 871 781 575 770 836 462
645 92 681 485 213 264 217 65 752 0 114 248 315 348 177 68 333 224 156 172 301 378 246 634 309 246 153 327 405 100 167 269 271 425 254 671 126 717 291 447 340 456 190 308 665 178 414 222 321 378 96 367 424 237 691 410 325 168 704 314 617 352 453 152 388 686 493 81 493 377 689 663 141 107 225 457 311 357 173 62 349 73 445 329
610 67 646 497 178 229 182 124 717 114 0 213 281 314 143 128 298 284 63 137 266 343 305 599 275 212 118 292 370 159 73 234 330 391 220 636 58 683 351 412 305 468 156 273 630 237 406 187 287 438 61 332 396 202 656 422 290 75 669 279 583 318 418 59 354 651 505 141 505 342 655 628 201 72 284 423 276 322 233 144 314 132 410 294
510 201 546 538 78 270 223 258 617 248 213 0 248 281 105 262 124 418 256 111 234 311 439 499 242 252 159 260 338 293 266 240 464 431 45 536 226 582 485 312 205 509 155 173 530 372 447 186 254 481 193 232 437 243 556 463 190 267 569 179 482 285 386 251 321 551 546 275 546 310 554 528 335 186 418 322 102 290 367 278 282 266 431 194
547 268 583 426 201 174 202 326 653 315 281 248 0 65 240 330 334 485 324 246 70 94 507 535 78 156 193 58 174 361 334 76 532 319 255 573 293 619 453 262 242 396 264 210 566 439 334 296 90 368 260 269 324 207 593 350 131 335 605 216 519 69 169 319 104 588 433 343 434 146 591 565 402 253 486 359 311 126 435 345 118 334 214 231
580 301 616 397 234 207 235 359 686 348 314 281 65 0 273 363 366 504 356 278 72 89 497 568 111 189 225 53 207 394 367 109 565 290 288 606 326 652 424 295 275 368 297 243 599 472 305 328 123 340 293 302 295 240 626 321 164 368 638 248 552 64 140 352 100 621 404 375 405 179 624 598 435 286 519 392 344 159 468 378 151 367 185 264
502 130 538 468 70 199 152 188 608 177 143 105 240 273 0 192 190 347 185 57 226 303 369 491 234 182 89 252 330 223 196 205 394 361 111 528 155 574 414 304 197 439 84 165 522 301 377 116 246 411 122 224 366 172 548 392 182 197 561 171 474 277 378 181 313 543 475 204 476 302 546 520 264 115 348 314 168 282 297 207 274 196 381 186
659 106 695 499 227 278 231 61 766 68 128 262 330 363 192 0 347 239 171 186 315 392 260 648 324 260 167 341 419 114 181 283 285 439 269 685 141 731 305 461 354 470 205 322 679 192 428 236 335 392 110 381 438 251 705 424 339 182 718 328 632 367 467 166 402 700 507 96 508 391 704 677 156 121 239 471 325 371 188 45 363 67 459 343
595 286 631 623 163 355 308 343 702 333 298 124 334 366 190 347 0 503 341 196 319 396 524 584 327 338 244 345 423 378 351 325 549 517 123 621 311 667 570 397 290 594 240 258 615 457 532 271 339 566 278 317 522 328 641 548 275 353 654 264 568 370 471 337 406 636 631 360 632 395 640 613 420 271 503 408 95 375 452 363 367 352 516 279
815 262 851 307 383 399 387 235 922 224 284 418 485 504 347 239 503 0 327 342 471 470 67 804 479 416 323 497 575 229 337 439 126 250 424 841 296 887 112 617 510 277 360 478 835 162 235 392 491 200 266 537 245 407 861 231 495 338 874 484 787 500 439 322 460 856 314 175 315 547 859 833 270 277 209 627 481 527 158 254 519 243 352 499
653 110 689 540 221 272 225 167 760 156 63 256 324 356 185 171 341 327 0 180 309 386 348 642 317 254 161 335 413 202 65 277 373 433 262 679 50 725 393 455 348 511 198 316 673 280 449 230 329 480 104 375 439 245 699 465 333 35 712 322 626 360 461 20 396 694 548 184 548 385 697 671 244 115 327 465 319 365 276 186 357 175 453 337
508 125 544 462 76 194 147 182 615 172 137 111 246 278 57 186 196 342 180 0 231 308 363 497 239 176 83 257 335 217 190 199 388 355 117 534 150 580 409 310 203 433 79 171 528 296 371 110 251 405 116 230 361 167 554 387 188 191 567 177 481 282 383 175 318 549 470 199 470 307 552 526 259 109 342 320 174 287 291 202 279 190 375 192
532 254 568 427 187 159 187 311 639 301 266 234 70 72 226 315 319 471 309 231 0 102 492 521 64 142 178 65 159 346 319 61 517 321 240 558 279 604 455 247 227 398 250 195 552 425 336 281 76 370 246 254 326 193 578 352 117 320 591 201 505 76 177 304 112 573 435 328 435 131 576 550 388 238 471 344 297 111 420 331 103 319 222 216
609 331 645 363 264 236 265 388 716 378 343 311 94 89 303 392 396 470 386 308 102 0 463 598 141 219 255 82 236 423 396 139 551 256 317 635 356 682 391 324 304 334 327 272 629 502 272 358 153 306 323 331 261 270 655 287 194 398 668 278 582 93 106 381 127 650 370 405 371 208 654 627 465 316 548 422 374 188 497 408 180 397 151 293
836 284 872 300 404 392 408 256 943 246 305 439 507 497 369 260 524 67 348 363 492 463 0 825 501 410 344 515 596 250 358 460 147 244 446 862 318 909 106 638 532 271 382 500 856 184 228 413 513 193 288 559 238 428 882 224 516 359 895 505 809 493 432 343 453 878 307 196 308 568 881 854 291 298 230 649 502 548 179 276 540 264 345 520
144 587 92 893 452 625 608 644 162 634 599 499 535 568 491 648 584 804 642 497 521 598 825 0 492 607 545 547 501 679 652 527 850 786 505 82 612 128 870 316 326 864 540 367 75 757 802 572 478 836 578 300 792 629 102 817 477 653 115 355 58 572 630 637 608 97 901 661 901 427 100 246 721 571 804 224 561 453 753 663 457 652 718 344
504 262 540 436 195 168 196 320 610 309 275 242 78 111 234 324 327 479 317 239 64 141 501 492 0 150 186 90 127 355 328 70 526 329 249 530 287 576 464 214 236 407 258 204 523 433 345 289 84 379 254 263 335 201 550 360 125 329 563 209 476 115 216 313 151 545 443 336 444 99 548 522 396 247 480 316 305 78 429 339 82 328 261 225
618 199 654 309 218 55 108 257 725 246 212 252 156 189 182 260 338 416 254 176 142 219 410 607 150 0 123 167 246 292 265 110 463 202 259 645 224 691 337 334 314 280 195 282 638 370 218 226 162 252 191 341 208 88 665 234 203 266 677 287 591 193 294 250 229 660 317 273 317 218 663 637 333 184 417 431 315 197 366 276 190 265 222 302
556 106 592 409 124 141 94 163 663 153 118 159 193 225 89 167 244 323 161 83 178 255 344 545 186 123 0 204 282 198 171 146 369 302 166 582 131 629 390 358 252 380 102 220 576 277 318 133 198 352 98 279 308 114 602 334 236 173 615 225 529 229 330 157 265 598 417 180 417 254 601 574 240 91 323 369 222 234 272 183 226 172 322 240
558 280 594 414 213 185 213 337 665 327 292 260 58 53 252 341 345 497 335 257 65 82 515 547 90 167 204 0 185 372 345 87 543 307 266 584 305 630 442 273 253 385 275 221 578 451 323 307 102 357 271 280 313 219 604 338 142 346 617 227 530 57 157 330 93 599 421 354 422 157 602 576 414 264 497 370 322 137 446 357 129 345 202 242
512 358 548 531 291 263 291 415 619 405 370 338 174 207 330 419 423 575 413 335 159 236 596 501 127 246 282 185 0 450 423 165 621 424 344 539 383 585 559 223 324 502 353 299 532 529 440 385 112 474 349 299 430 297 559 456 221 424 571 305 485 211 311 408 247 554 539 432 539 107 557 531 492 342 575 325 400 70 524 435 91 423 356 320
690 138 726 489 258 309 262 110 797 100 159 293 361 394 223 114 378 229 202 217 346 423 250 679 355 292 198 372 450 0 212 314 275 433 300 716 172 763 295 492 386 460 236 354 710 182 418 267 367 382 142 413 428 282 737 414 370 213 749 359 663 398 498 197 434 732 497 86 498 422 735 708 62 152 229 503 356 402 178 130 394 118 490 374
663 120 699 550 231 282 235 177 770 167 73 266 334 367 196 181 351 337 65 190 319 396 358 652 328 265 171 345 423 212 0 287 383 443 273 689 60 735 403 465 358 521 209 326 683 290 459 240 340 491 114 385 449 255 709 475 343 77 722 332 636 371 471 61 406 704 558 194 558 395 708 681 254 125 337 476 329 375 286 197 367 185 463 347
538 222 574 395 193 127 155 279 645 269 234 240 76 109 205 283 325 439 277 199 61 139 460 527 70 110 146 87 165 314 287 0 485 289 247 564 247 611 423 253 234 366 218 202 558 393 304 249 82 338 214 261 294 161 585 320 123 288 597 207 511 113 213 272 149 580 403 296 403 137 583 556 356 207 439 351 303 117 388 299 109 287 258 222
861 308 897 387 429 480 433 281 968 271 330 464 532 565 394 285 549 126 373 388 517 551 147 850 526 463 369 543 621 275 383 485 0 331 471 887 343 934 193 663 556 358 407 524 881 209 316 438 538 280 312 583 325 453 907 312 541 384 920 530 834 569 520 368 541 903 395 221 395 593 906 879 316 323 255 674 527 573 204 300 565 289 432 545
797 378 833 143 397 185 287 436 904 425 391 431 319 290 361 439 517 250 433 355 321 256 244 786 329 202 302 307 424 433 443 289 331 0 438 823 403 870 171 512 493 114 374 461 817 367 71 405 341 86 370 520 81 267 844 67 382 445 856 466 770 286 225 429 246 839 151 380 151 397 842 816 475 363 414 610 494 376 363 455 369 444 137 481
516 207 552 545 85 276 229 265 623 254 220 45 255 288 111 269 123 424 262 117 240 317 446 505 249 259 166 266 344 300 273 247 471 438 0 542 232 589 491 319 212 516 161 180 536 378 454 193 261 488 199 239 443 249 563 469 196 274 575 185 489 292 392 258 328 558 552 281 553 316 561 535 341 192 425 329 101 296 374 284 288 273 437 200
181 624 41 930 489 662 646 681 112 671 636 536 573 606 528 685 621 841 679 534 558 635 862 82 530 645 582 584 539 716 689 564 887 823 542 0 649 78 908 354 363 901 578 404 36 795 839 609 515 873 616 338 829 666 52 855 514 691 64 392 95 610 668 675 646 47 938 698 938 465 50 283 758 609 841 262 599 490 790 701 494 690 755 381
623 79 659 510 191 242 195 137 730 126 58 226 293 326 155 141 311 296 50 150 279 356 318 612 287 224 131 305 383 172 60 247 343 403 232 649 0 695 363 425 318 481 168 286 643 250 419 200 299 450 74 345 409 215 669 435 303 62 682 292 595 330 431 45 366 664 518 154 518 355 667 641 213 85 297 435 289 335 246 156 327 145 423 307
227 670 82 977 535 708 692 728 77 717 683 582 619 652 574 731 667 887 725 580 604 682 909 128 576 691 629 630 585 763 735 611 934 870 589 78 695 0 954 400 410 947 624 450 76 841 885 655 561 920 662 384 875 712 58 901 561 737 38 439 141 656 714 721 692 87 984 744 985 511 90 329 804 655 888 308 645 537 836 747 540 736 801 427
882 329 918 227 450 319 421 302 988 291 351 485 453 424 414 305 570 112 393 409 455 391 106 870 464 337 390 442 559 295 403 423 193 171 491 908 363 954 0 647 577 198 427 545 901 229 155 459 476 136 333 604 165 402 928 151 517 405 941 551 854 421 359 389 381 923 234 242 235 531 926 900 337 344 276 694 547 511 225 321 503 310 272 566
328 400 364 619 265 351 379 457 434 447 412 312 262 295 304 461 397 617 455 310 247 324 638 316 214 334 358 273 223 492 465 253 663 512 319 354 425 400 647 0 139 590 354 180 347 571 528 385 200 562 392 114 518 385 374 544 290 467 386 169 300 299 352 451 335 369 627 474 627 149 372 346 534 385 617 140 375 175 566 477 179 466 442 157
337 293 373 600 158 331 315 351 444 340 305 205 242 275 197 354 290 510 348 203 227 304 532 326 236 314 252 253 324 386 358 234 556 493 212 363 318 410 577 139 0 570 247 79 357 464 508 278 248 542 285 117 498 335 383 524 184 360 396 85 310 279 379 344 315 378 607 367 608 250 382 355 427 278 511 150 268 276 459 370 275 359 424 100
875 456 911 50 474 262 364 467 982 456 468 509 396 368 439 470 594 277 511 433 398 334 271 864 407 280 380 385 502 460 521 366 358 114 516 901 481 947 198 590 570 0 452 538 895 394 98 483 419 113 448 597 108 345 921 72 460 523 934 544 848 364 302 507 324 916 58 407 58 474 920 893 502 441 441 688 572 454 390 486 446 475 215 559
552 143 588 481 120 212 165 201 658 190 156 155 264 297 84 205 240 360 198 79 250 327 382 540 258 195 102 275 353 236 209 218 407 374 161 578 168 624 427 354 247 452 0 215 571 314 390 55 270 424 135 274 379 185 598 405 232 210 611 221 524 301 401 194 337 593 488 217 489 326 596 570 277 128 361 364 217 305 310 220 298 209 394 236
378 261 414 567 126 299 283 319 485 308 273 173 210 243 165 322 258 478 316 171 195 272 500 367 204 282 220 221 299 354 326 202 524 461 180 404 286 450 545 180 79 538 215 0 398 432 476 246 216 510 253 106 466 303 424 492 152 328 437 53 350 247 347 312 283 419 575 335 576 271 422 396 395 246 478 190 236 251 427 338 243 327 392 68
175 618 40 924 483 656 639 675 110 665 630 530 566 599 522 679 615 835 673 528 552 629 856 75 523 638 576 578 532 710 683 558 881 817 536 36 643 76 901 347 357 895 571 398 0 788 833 603 509 867 609 331 823 660 50 848 508 684 62 386 89 603 661 668 639 45 932 692 932 458 48 277 752 602 835 255 592 484 784 695 488 683 749 375
769 216 805 423 337 388 340 189 875 178 237 372 439 472 301 192 457 162 280 296 425 502 184 757 433 370 277 451 529 182 290 393 209 367 378 795 250 841 229 571 464 394 314 432 788 0 352 346 445 316 220 491 362 360 815 348 449 292 828 438 741 476 556 276 512 810 431 129 431 501 813 787 224 231 163 581 434 481 57 208 473 197 468 453
813 394 849 128 412 200 302 424 920 414 406 447 334 305 377 428 532 235 449 371 336 272 228 802 345 218 318 323 440 418 459 304 316 71 454 839 419 885 155 528 508 98 390 476 833 352 0 421 357 70 386 535 66 283 859 52 398 460 872 482 786 302 240 444 262 854 135 364 136 412 857 831 460 379 398 625 510 392 347 444 384 432 153 497
583 175 619 512 151 244 197 232 690 222 187 186 296 328 116 236 271 392 230 110 281 358 413 572 289 226 133 307 385 267 240 249 438 405 193 609 200 655 459 385 278 483 55 246 603 346 421 0 301 455 166 305 411 217 629 437 263 241 642 252 556 332 433 225 368 624 520 249 520 357 628 601 309 159 392 395 249 337 341 252 329 240 425 267
489 274 525 448 207 180 208 332 595 321 287 254 90 123 246 335 339 491 329 251 76 153 513 478 84 162 198 102 112 367 340 82 538 341 261 515 299 561 476 200 248 419 270 216 509 445 357 301 0 391 266 275 346 213 535 372 137 341 548 221 461 127 228 325 163 530 455 348 456 84 533 507 408 259 492 301 317 64 440 351 67 340 273 237
847 416 883 142 446 234 336 389 954 378 438 481 368 340 411 392 566 200 480 405 370 306 193 836 379 252 352 357 474 382 491 338 280 86 488 873 450 920 136 562 542 113 424 510 867 316 70 455 391 0 420 569 80 317 893 66 432 492 906 516 820 336 274 476 296 888 150 329 150 446 892 865 424 413 363 660 544 426 312 408 418 397 187 531
590 49 626 477 158 209 161 107 696 96 61 193 260 293 122 110 278 266 104 116 246 323 288 578 254 191 98 271 349 142 114 214 312 370 199 616 74 662 333 392 285 448 135 253 609 220 386 166 266 420 0 312 375 181 636 401 270 116 648 259 562 297 397 100 333 631 484 123 485 322 634 608 183 55 266 402 255 301 215 126 294 115 390 274
312 320 348 627 185 358 342 378 418 367 332 232 269 302 224 381 317 537 375 230 254 331 559 300 263 341 279 280 299 413 385 261 583 520 239 338 345 384 604 114 117 597 274 106 331 491 535 305 275 569 312 0 525 362 358 551 211 387 370 112 284 306 406 371 342 353 634 394 635 225 356 330 454 305 538 124 295 251 486 397 254 386 451 127
803 384 839 137 402 190 292 434 910 424 396 437 324 295 366 438 522 245 439 361 326 261 238 792 335 208 308 313 430 428 449 294 325 81 443 829 409 875 165 518 498 108 379 466 823 362 66 411 346 80 375 525 0 273 849 62 387 450 862 472 775 291 230 434 251 844 145 374 145 402 847 821 470 368 408 615 500 382 357 454 374 442 143 487
640 190 676 374 208 106 55 247 746 237 202 243 207 240 172 251 328 407 245 167 193 270 428 629 201 88 114 219 297 282 255 161 453 267 249 666 215 712 402 385 335 345 185 303 660 360 283 217 213 317 181 362 273 0 686 298 254 256 699 309 612 244 345 240 280 681 382 264 382 269 684 658 324 174 407 452 306 249 356 267 241 255 287 324
201 644 56 950 509 682 666 702 92 691 656 556 593 626 548 705 641 861 699 554 578 655 882 102 550 665 602 604 559 737 709 585 907 844 563 52 669 58 928 374 383 921 598 424 50 815 859 629 535 893 636 358 849 686 0 875 534 711 51 413 115 630 688 695 666 61 958 718 959 485 64 303 778 629 861 282 619 511 810 721 514 710 775 401
829 410 865 101 428 216 318 420 935 410 422 463 350 321 392 424 548 231 465 387 352 287 224 817 360 234 334 338 456 414 475 320 312 67 469 855 435 901 151 544 524 72 405 492 848 348 52 437 372 66 401 551 62 298 875 0 413 476 888 498 801 317 256 460 277 870 108 360 109 428 873 847 456 394 394 641 526 408 343 440 400 428 169 513
488 278 524 489 143 221 249 335 595 325 290 190 131 164 182 339 275 495 333 188 117 194 516 477 125 203 236 142 221 370 343 123 541 382 196 514 303 561 517 290 184 460 232 152 508 449 398 263 137 432 270 211 387 254 534 413 0 345 547 157 461 168 269 329 204 530 496 352 497 193 533 506 412 263 495 301 253 173 444 355 165 344 313 172
665 121 701 552 233 283 236 178 771 168 75 267 335 368 197 182 353 338 35 191 320 398 359 653 329 266 173 346 424 213 77 288 384 445 274 691 62 737 405 467 360 523 210 328 684 292 460 241 341 492 116 387 450 256 711 476 345 0 723 333 637 372 472 31 408 706 559 195 560 396 709 683 255 126 338 477 330 376 287 198 368 187 465 349
214 657 68 963 522 695 679 714 72 704 669 569 605 638 561 718 654 874 712 567 591 668 895 115 563 677 615 617 571 749 722 597 920 856 575 64 682 38 941 386 396 934 611 437 62 828 872 642 548 906 648 370 862 699 51 888 547 723 0 425 128 642 700 707 678 74 971 731 971 497 77 316 791 641 874 294 632 523 823 734 527 722 788 414
366 267 402 573 132 305 289 324 473 314 279 179 216 248 171 328 264 484 322 177 201 278 505 355 209 287 225 227 305 359 332 207 530 466 185 392 292 439 551 169 85 544 221 53 386 438 482 252 221 516 259 112 472 309 413 498 157 333 425 0 339 252 353 317 288 408 581 341 581 277 411 385 401 251 484 179 242 257 433 344 249 332 398 74
128 571 105 877 436 608 592 628 176 617 583 482 519 552 474 632 568 787 626 481 505 582 809 58 476 591 529 530 485 663 636 511 834 770 489 95 595 141 854 300 310 848 524 350 89 741 786 556 461 820 562 284 775 612 115 801 461 637 128 339 0 556 614 621 592 110 884 645 885 411 113 230 704 555 788 208 545 437 737 647 441 636 701 327
584 305 620 393 238 211 239 363 690 352 318 285 69 64 277 367 370 500 360 282 76 93 493 572 115 193 229 57 211 398 371 113 569 286 292 610 330 656 421 299 279 364 301 247 603 476 302 332 127 336 297 306 291 244 630 317 168 372 642 252 556 0 136 356 104 625 400 379 401 183 628 602 439 290 523 396 348 163 472 382 155 371 181 268
642 406 678 332 339 292 339 463 748 453 418 386 169 140 378 467 471 439 461 383 177 106 432 630 216 294 330 157 311 498 471 213 520 225 392 668 431 714 359 352 379 302 401 347 661 556 240 433 228 274 397 406 230 345 688 256 269 472 700 353 614 136 0 456 96 683 339 480 340 283 686 660 540 390 602 454 448 263 551 483 255 471 120 368
648 105 684 536 217 267 220 162 755 152 59 251 319 352 181 166 337 322 20 175 304 381 343 637 313 250 157 330 408 197 61 272 368 429 258 675 45 721 389 451 344 507 194 312 668 276 444 225 325 476 100 371 434 240 695 460 329 31 707 317 621 356 456 0 392 690 543 179 544 380 693 667 239 110 322 461 314 360 271 182 352 171 449 332
619 341 655 353 274 246 275 399 726 388 354 321 104 100 313 402 406 460 396 318 112 127 453 608 151 229 265 93 247 434 406 149 541 246 328 646 366 692 381 335 315 324 337 283 639 512 262 368 163 296 333 342 251 280 666 277 204 408 678 288 592 104 96 392 0 661 360 415 361 219 664 638 475 326 559 432 384 198 507 418 191 407 141 303
196 639 33 946 504 677 661 697 121 686 651 551 588 621 543 700 636 856 694 549 573 650 878 97 545 660 598 599 554 732 704 580 903 839 558 47 664 87 923 369 378 916 593 419 45 810 854 624 530 888 631 353 844 681 61 870 530 706 74 408 110 625 683 690 661 0 953 713 954 480 41 298 773 624 857 277 614 506 805 716 509 705 770 396
912 493 948 45 511 299 401 503 1018 493 505 546 433 404 475 507 631 314 548 470 435 370 307 901 443 317 417 421 539 497 558 403 395 151 552 938 518 984 234 627 607 58 488 575 932 431 135 520 455 150 484 634 145 382 958 108 496 559 971 581 884 400 339 543 360 953 0 444 44 511 956 930 539 477 477 724 609 491 426 523 483 512 252 596
672 119 708 436 240 291 244 92 779 81 141 275 343 375 204 96 360 175 184 199 328 405 196 661 336 273 180 354 432 86 194 296 221 380 281 698 154 744 242 474 367 407 217 335 692 129 364 249 348 329 123 394 374 264 718 360 352 195 731 341 645 379 480 179 415 713 444 0 444 404 716 690 127 134 175 484 338 384 124 111 376 100 472 356
912 493 948 34 512 300 401 504 1019 493 505 546 434 405 476 508 632 315 548 470 435 371 308 901 444 317 417 422 539 498 558 403 395 151 553 938 518 985 235 627 608 58 489 576 932 431 136 520 456 150 485 635 145 382 959 109 497 560 971 581 885 401 340 544 361 954 44 444 0 511 957 930 539 478 478 725 609 491 427 523 483 512 252 596
439 330 475 503 263 235 263 387 545 377 342 310 146 179 302 391 395 547 385 307 131 208 568 427 99 218 254 157 107 422 395 137 593 397 316 465 355 511 531 149 250 474 326 271 458 501 412 357 84 446 322 225 402 269 485 428 193 396 497 277 411 183 283 380 219 480 511 404 511 0 483 457 464 315 547 251 373 59 496 407 63 396 328 268
200 642 36 949 507 680 664 700 124 689 655 554 591 624 546 704 640 859 697 552 576 654 881 100 548 663 601 602 557 735 708 583 906 842 561 50 667 90 926 372 382 920 596 422 48 813 857 628 533 892 634 356 847 684 64 873 533 709 77 411 113 628 686 693 664 41 956 716 957 483 0 301 776 627 860 280 617 509 809 719 513 708 773 399
257 616 293 922 481 654 638 673 364 663 628 528 565 598 520 677 613 833 671 526 550 627 854 246 522 637 574 576 531 708 681 556 879 816 535 283 641 329 900 346 355 893 570 396 277 787 831 601 507 865 608 330 821 658 303 847 506 683 316 385 230 602 660 667 638 298 930 690 930 457 301 0 750 601 833 254 591 483 782 693 486 682 747 373
732 179 768 531 300 351 304 152 839 141 201 335 402 435 264 156 420 270 244 259 388 465 291 721 396 333 240 414 492 62 254 356 316 475 341 758 213 804 337 534 427 502 277 395 752 224 460 309 408 424 183 454 470 324 778 456 412 255 791 401 704 439 540 239 475 773 539 127 539 464 776 750 0 194 270 544 398 444 219 171 436 160 532 416
583 60 619 470 151 201 154 117 689 107 72 186 253 286 115 121 271 277 115 109 238 316 298 571 247 184 91 264 342 152 125 207 323 363 192 609 85 655 344 385 278 441 128 246 602 231 379 159 259 413 55 305 368 174 629 394 263 126 641 251 555 290 390 110 326 624 477 134 478 315 627 601 194 0 277 395 248 294 226 137 286 126 383 267
815 263 851 470 383 434 387 235 922 225 284 418 486 519 348 239 503 209 327 342 471 548 230 804 480 417 323 497 575 229 337 439 255 414 425 841 297 888 276 617 511 441 361 478 835 163 398 392 492 363 266 538 408 407 861 394 495 338 874 484 788 523 602 322 559 857 477 175 478 547 860 833 270 277 0 628 481 527 158 254 519 243 515 499
236 410 272 717 275 448 432 468 342 457 423 322 359 392 314 471 408 627 465 320 344 422 649 224 316 431 369 370 325 503 476 351 674 610 329 262 435 308 694 140 150 688 364 190 255 581 625 395 301 660 402 124 615 452 282 641 301 477 294 179 208 396 454 461 432 277 724 484 725 251 280 254 544 395 628 0 385 277 576 487 281 476 541 167
573 264 609 601 141 333 285 321 679 311 276 102 311 344 168 325 95 481 319 174 297 374 502 561 305 315 222 322 400 356 329 303 527 494 101 599 289 645 547 375 268 572 217 236 592 434 510 249 317 544 255 295 500 306 619 526 253 330 632 242 545 348 448 314 384 614 609 338 609 373 617 591 398 248 481 385 0 352 430 341 344 329 493 257
464 310 500 483 243 215 243 367 571 357 322 290 126 159 282 371 375 527 365 287 111 188 548 453 78 197 234 137 70 402 375 117 573 376 296 490 335 537 511 175 276 454 305 251 484 481 392 337 64 426 301 251 382 249 511 408 173 376 523 257 437 163 263 360 198 506 491 384 491 59 509 483 444 294 527 277 352 0 476 387 43 375 308 272
764 211 800 419 332 383 336 184 871 173 233 367 435 468 297 188 452 158 276 291 420 497 179 753 429 366 272 446 524 178 286 388 204 363 374 790 246 836 225 566 459 390 310 427 784 57 347 341 440 312 215 486 357 356 810 343 444 287 823 433 737 472 551 271 507 805 426 124 427 496 809 782 219 226 158 576 430 476 0 203 468 192 464 448
675 122 711 515 243 294 246 50 781 62 144 278 345 378 207 45 363 254 186 202 331 408 276 663 339 276 183 357 435 130 197 299 300 455 284 701 156 747 321 477 370 486 220 338 695 208 444 252 351 408 126 397 454 267 721 440 355 198 734 344 647 382 483 182 418 716 523 111 523 407 719 693 171 137 254 487 341 387 203 0 379 56 475 359
468 302 504 475 235 207 235 359 575 349 314 282 118 151 274 363 367 519 357 279 103 180 540 457 82 190 226 129 91 394 367 109 565 369 288 494 327 540 503 179 275 446 298 243 488 473 384 329 67 418 294 254 374 241 514 400 165 368 527 249 441 155 255 352 191 509 483 376 483 63 513 486 436 286 519 281 344 43 468 379 0 367 300 264
664 111 700 504 232 282 235 73 770 73 132 266 334 367 196 67 352 243 175 190 319 397 264 652 328 265 172 345 423 118 185 287 289 444 273 690 145 736 310 466 359 475 209 327 683 197 432 240 340 397 115 386 442 255 710 428 344 187 722 332 636 371 471 171 407 705 512 100 512 396 708 682 160 126 243 476 329 375 192 56 367 0 464 348
729 398 765 244 384 204 306 455 836 445 410 431 214 185 381 459 516 352 453 375 222 151 345 718 261 222 322 202 356 490 463 258 432 137 437 755 423 801 272 442 424 215 394 392 749 468 153 425 273 187 390 451 143 287 775 169 313 465 788 398 701 181 120 449 141 770 252 472 252 328 773 747 532 383 515 541 493 308 464 475 300 464 0 413
355 282 391 588 147 320 304 339 462 329 294 194 231 264 186 343 279 499 337 192 216 293 520 344 225 302 240 242 320 374 347 222 545 481 200 381 307 427 566 157 100 559 236 68 375 453 497 267 237 531 274 127 487 324 401 513 172 349 414 74 327 268 368 332 303 396 596 356 596 268 399 373 416 267 499 167 257 272 448 359 264 348 413 0
EOF