NAME : tsp_problem
TYPE : TSP
DIMENSION : 84
EDGE_WEIGHT_TYPE : EXPLICIT
EDGE_WEIGHT_FORMAT : FULL_MATRIX
EDGE_WEIGHT_SECTION
0 253 560 563 299 223 295 449 483 407 289 353 185 329 357 516 229 313 435 469 477 307 170 471 325 227 385 98 420 440 246 392 227 336 556 600 420 236 148 155 489 252 307 222 319 328 511 501 187 623 569 449 443 556 244 249 88 237 257 255 456 420 298 410 361 192 290 538 236 564 587 420 241 86 591 584 456 225 255 401 317 496 438 473
253 0 490 492 104 164 194 231 686 610 95 556 323 111 139 719 127 95 638 672 259 112 309 253 107 71 167 192 366 222 317 322 266 118 485 802 202 275 188 132 692 322 377 199 101 110 293 704 257 405 498 652 646 348 283 288 291 307 62 458 659 349 80 376 291 263 188 741 62 346 516 623 312 213 521 514 386 296 60 386 123 699 641 676
560 490 0 37 535 501 383 453 992 916 526 862 534 518 505 1026 390 502 944 979 351 543 520 310 438 463 533 530 212 444 380 192 604 525 17 1109 424 613 525 470 999 374 322 373 508 518 386 1010 431 336 30 958 953 200 621 626 597 395 493 765 965 196 488 222 226 437 377 1048 472 404 95 930 486 531 100 93 140 470 491 232 554 1005 947 983
563 492 37 0 538 504 385 455 995 919 528 865 537 521 508 1028 393 505 947 982 354 546 522 313 441 465 536 533 215 446 382 194 607 528 32 1112 426 616 528 473 1002 377 325 375 511 520 389 1013 434 339 45 961 955 203 624 628 600 398 496 768 968 198 490 225 229 439 380 1051 475 406 98 933 488 533 102 95 142 472 494 235 556 1008 950 986
299 104 535 538 0 209 240 300 731 656 31 601 369 180 208 765 173 163 683 718 327 26 354 322 176 117 236 238 412 291 363 368 312 187 531 848 271 321 233 178 738 368 423 245 170 179 362 749 303 474 544 697 692 417 329 334 337 353 62 504 705 395 149 422 337 309 234 787 108 415 562 669 358 258 567 560 432 342 106 432 59 744 686 722
223 164 501 504 209 0 206 359 655 580 200 525 293 239 267 689 139 223 607 642 387 217 278 381 236 137 296 162 378 350 329 334 236 246 497 772 330 245 157 102 662 334 389 210 229 238 421 673 269 533 510 621 616 477 253 258 260 319 167 428 629 361 208 388 303 275 200 711 146 474 528 593 324 182 533 526 398 308 165 397 228 668 610 646
295 194 383 385 240 206 0 389 728 652 230 598 304 269 297 761 95 253 680 714 417 248 289 412 266 167 326 234 259 380 260 215 308 276 378 844 361 317 229 174 734 265 320 142 259 269 452 745 200 515 391 693 688 379 325 330 333 250 198 500 701 242 239 269 184 206 38 783 176 504 409 665 255 255 414 407 279 239 195 279 258 741 683 718
449 231 453 455 300 359 389 0 881 805 290 751 519 236 222 915 323 219 833 868 198 308 504 192 156 267 251 388 461 81 513 441 462 243 448 998 61 471 383 328 888 518 571 394 225 235 232 899 453 344 461 847 842 287 479 484 486 503 258 654 855 445 205 471 475 459 384 937 258 285 479 819 507 408 484 477 389 492 234 481 318 894 836 872
483 686 992 995 731 655 728 881 0 162 722 167 617 761 789 127 661 745 190 81 909 739 602 903 758 659 818 531 852 872 679 825 659 768 988 527 852 668 580 588 151 684 739 654 751 760 943 163 598 1055 1001 80 94 988 676 681 429 669 689 272 74 852 731 843 794 589 722 150 668 996 1019 176 550 518 1024 1017 889 562 687 834 750 158 99 89
407 610 916 919 656 580 652 805 162 0 646 91 541 685 713 196 585 669 67 149 833 664 527 828 682 583 742 455 776 796 603 749 583 692 912 451 777 592 504 512 169 608 663 578 675 685 868 180 522 980 925 128 123 913 600 605 353 593 613 197 136 776 655 767 718 513 646 218 592 920 943 52 474 442 948 941 813 486 611 758 674 175 117 153
289 95 526 528 31 200 230 290 722 646 0 592 359 170 198 755 163 154 674 708 318 39 345 312 167 107 226 228 402 281 353 358 302 177 521 838 261 311 223 168 728 358 413 235 160 169 352 739 293 464 534 687 682 408 319 324 327 343 53 494 695 385 139 412 327 299 224 777 98 405 552 659 348 249 557 550 422 332 96 422 49 735 677 712
353 556 862 865 601 525 598 751 167 91 592 0 487 631 659 200 531 615 119 154 779 609 472 773 628 529 688 401 722 742 549 694 529 638 858 397 722 538 450 457 174 554 609 524 621 630 813 185 468 925 871 133 127 858 546 551 299 539 559 142 140 722 600 712 664 459 592 223 538 866 889 105 420 388 894 887 758 432 557 703 620 180 122 158
185 323 534 537 369 293 304 519 617 541 359 487 0 399 427 651 261 382 569 604 546 377 53 541 395 297 455 168 394 510 221 367 297 406 530 734 490 305 218 225 624 226 281 196 388 398 581 635 161 667 543 583 578 531 314 318 222 211 327 390 590 394 368 385 336 167 298 673 306 634 561 555 216 155 566 559 431 200 325 376 387 630 572 608
329 111 518 521 180 239 269 236 761 685 170 631 399 0 143 795 202 45 713 748 263 188 384 258 112 147 172 268 441 227 392 397 342 59 514 878 207 351 263 208 768 398 453 274 67 34 298 779 333 410 527 727 722 353 359 364 366 383 138 534 734 425 63 451 366 338 264 817 137 350 545 699 387 288 550 543 454 371 114 461 198 774 716 752
357 139 505 508 208 267 297 222 789 713 198 659 427 143 0 822 230 127 741 776 250 216 412 244 99 175 49 296 469 213 420 425 370 150 500 906 193 379 291 236 796 426 481 302 133 143 284 807 361 396 513 755 750 340 387 391 394 411 166 562 762 453 113 479 394 366 292 845 165 337 531 727 415 316 536 529 441 399 142 489 226 802 744 780
516 719 1026 1028 765 689 761 915 127 196 755 200 651 795 822 0 694 778 224 89 942 773 636 937 791 692 851 564 885 906 712 858 692 801 1021 560 886 701 614 621 185 718 772 688 784 794 977 196 632 1089 1034 91 104 1022 709 714 463 703 723 306 85 885 764 876 827 622 756 80 702 1030 1052 209 584 551 1057 1050 922 595 720 867 783 191 110 99
229 127 390 393 173 139 95 323 661 585 163 531 261 202 230 694 0 186 613 647 350 181 247 345 199 100 259 167 267 314 218 223 241 209 386 778 294 250 163 108 667 223 278 99 192 202 385 679 158 497 399 627 621 386 259 263 266 208 131 433 634 250 172 277 192 164 89 716 110 437 417 598 213 188 422 415 287 197 128 286 191 674 616 651
313 95 502 505 163 223 253 219 745 669 154 615 382 45 127 778 186 0 697 731 247 171 368 241 96 130 156 251 425 210 376 381 325 69 497 862 190 334 247 192 751 381 436 258 77 45 281 763 316 393 510 711 705 337 343 347 350 367 121 517 718 408 68 435 350 322 247 800 121 334 528 682 371 272 533 526 438 355 98 445 182 758 700 735
435 638 944 947 683 607 680 833 190 67 674 119 569 713 741 224 613 697 0 177 861 691 554 855 710 611 770 483 804 824 631 777 611 720 940 479 804 620 532 540 197 636 691 606 703 712 895 208 550 1007 953 156 151 940 628 633 381 621 641 224 164 804 683 795 746 541 674 246 620 948 971 63 502 470 976 969 841 514 639 785 702 203 145 181
469 672 979 982 718 642 714 868 81 149 708 154 604 748 776 89 647 731 177 0 895 726 589 890 744 646 804 517 839 859 665 811 646 755 974 514 839 655 567 574 138 671 726 641 737 747 930 149 585 1042 988 44 58 975 663 667 416 656 676 259 38 839 717 829 780 575 709 111 655 983 1006 163 537 505 1010 1003 875 549 674 820 736 144 63 53
477 259 351 354 327 387 417 198 909 833 318 779 546 263 250 942 350 247 861 895 0 336 532 91 183 294 278 415 360 188 527 339 489 270 347 1026 169 498 411 356 915 522 470 422 253 262 96 927 480 184 360 875 869 186 507 511 514 531 285 681 882 343 233 370 374 486 411 965 285 125 378 846 535 436 383 376 287 519 262 380 346 922 864 899
307 112 543 546 26 217 248 308 739 664 39 609 377 188 216 773 181 171 691 726 336 0 362 330 184 125 244 246 420 299 371 376 320 195 539 856 279 329 241 186 746 376 431 253 178 187 370 757 311 482 552 705 700 425 337 342 345 361 70 512 713 403 157 430 345 317 242 795 116 423 570 677 366 267 575 568 440 350 114 440 67 752 694 730
170 309 520 522 354 278 289 504 602 527 345 472 53 384 412 636 247 368 554 589 532 362 0 526 381 282 441 154 379 495 206 352 282 391 515 719 475 291 203 211 609 212 266 182 374 383 566 620 147 652 528 568 563 516 299 304 208 197 312 375 576 379 354 370 321 152 283 658 291 619 546 540 201 141 551 544 416 185 310 361 373 615 557 593
471 253 310 313 322 381 412 192 903 828 312 773 541 258 244 937 345 241 855 890 91 330 526 0 178 289 273 410 319 183 486 298 484 265 306 1020 163 493 405 350 910 480 428 417 247 257 126 921 475 204 319 869 864 145 501 506 508 501 280 676 877 302 227 329 333 481 406 959 280 178 337 841 530 430 341 334 246 514 257 338 340 916 858 894
325 107 438 441 176 236 266 156 758 682 167 628 395 112 99 791 199 96 710 744 183 184 381 178 0 143 127 264 438 147 389 394 338 119 434 874 127 347 260 204 764 394 449 271 102 111 218 776 329 330 447 724 718 273 355 360 363 379 134 530 731 421 81 448 363 335 260 813 134 270 465 695 384 285 470 463 374 368 111 458 195 771 713 748
227 71 463 465 117 137 167 267 659 583 107 529 297 147 175 692 100 130 611 646 294 125 282 289 143 0 203 165 339 258 290 295 240 154 458 776 238 248 161 106 665 296 350 172 136 146 329 677 231 441 471 625 619 384 257 261 264 281 75 431 632 322 116 349 264 236 162 715 64 382 489 597 285 186 494 487 359 269 73 359 135 672 614 649
385 167 533 536 236 296 326 251 818 742 226 688 455 172 49 851 259 156 770 804 278 244 441 273 127 203 0 324 498 242 449 454 398 179 529 934 222 407 319 264 824 454 509 331 162 171 313 835 389 425 542 783 778 368 415 420 423 439 194 590 791 481 141 508 423 395 320 873 194 366 560 755 444 345 565 558 470 428 171 518 255 831 773 808
98 192 530 533 238 162 234 388 531 455 228 401 168 268 296 564 167 251 483 517 415 246 154 410 264 165 324 0 403 379 230 362 165 275 525 647 359 174 87 94 537 235 290 205 257 267 450 549 170 562 538 497 491 505 183 187 136 220 196 303 504 390 237 394 331 176 229 586 175 503 556 468 225 69 561 554 426 209 194 385 256 544 486 521
420 366 212 215 412 378 259 461 852 776 402 722 394 441 469 885 267 425 804 839 360 420 379 319 438 339 498 403 0 452 203 68 480 448 208 969 432 489 401 346 859 197 145 249 431 441 395 870 291 344 221 818 812 208 497 502 457 218 370 624 825 72 411 99 103 296 253 908 348 412 239 790 345 390 244 237 109 329 367 108 430 865 807 842
440 222 444 446 291 350 380 81 872 796 281 742 510 227 213 906 314 210 824 859 188 299 495 183 147 258 242 379 452 0 503 431 453 233 439 989 46 462 374 319 879 509 562 385 216 226 223 890 444 335 452 838 833 278 470 475 477 494 249 645 845 435 196 462 466 449 375 928 249 276 470 810 498 399 475 468 380 482 225 472 309 885 827 863
246 317 380 382 363 329 260 513 679 603 353 549 221 392 420 712 218 376 631 665 527 371 206 486 389 290 449 230 203 503 0 235 358 399 375 795 484 367 279 287 685 92 109 153 382 392 562 697 118 512 388 645 639 376 375 380 284 77 321 451 652 220 362 193 270 123 254 734 299 579 406 616 172 217 411 404 276 156 318 184 381 692 634 669
392 322 192 194 368 334 215 441 825 749 358 694 367 397 425 858 223 381 777 811 339 376 352 298 394 295 454 362 68 431 235 0 436 404 187 941 412 445 357 302 831 230 178 205 387 397 374 842 263 324 200 790 785 188 453 458 430 251 326 597 798 51 367 78 82 269 209 880 304 392 218 762 318 363 223 216 88 302 323 88 386 838 780 815
227 266 604 607 312 236 308 462 659 583 302 529 297 342 370 692 241 325 611 646 489 320 282 484 338 240 398 165 480 453 358 436 0 349 600 776 433 44 107 168 666 364 418 313 331 341 524 677 299 636 613 625 619 579 65 65 264 349 270 432 632 464 311 490 405 304 303 715 249 577 631 597 353 186 635 628 500 337 268 500 330 672 614 650
336 118 525 528 187 246 276 243 768 692 177 638 406 59 150 801 209 69 720 755 270 195 391 265 119 154 179 275 448 233 399 404 349 0 521 885 214 358 270 215 775 405 460 281 90 58 305 786 340 417 534 734 729 360 366 371 373 390 145 541 741 432 86 458 373 345 271 824 144 357 552 706 394 295 557 550 461 378 121 468 205 781 723 759
556 485 17 32 531 497 378 448 988 912 521 858 530 514 500 1021 386 497 940 974 347 539 515 306 434 458 529 525 208 439 375 187 600 521 0 1105 419 608 521 466 994 370 317 368 503 513 382 1006 427 331 25 954 948 195 617 621 593 391 489 760 961 191 483 218 222 432 373 1044 468 399 90 925 481 526 95 88 135 465 486 228 549 1001 943 978
600 802 1109 1112 848 772 844 998 527 451 838 397 734 878 906 560 778 862 479 514 1026 856 719 1020 874 776 934 647 969 989 795 941 776 885 1105 0 969 785 697 704 534 801 856 771 868 877 1060 545 715 1172 1118 493 488 1105 793 798 546 786 806 389 500 969 847 959 910 705 839 583 785 1113 1136 465 667 635 1140 1133 1005 679 804 950 866 540 482 518
420 202 424 426 271 330 361 61 852 777 261 722 490 207 193 886 294 190 804 839 169 279 475 163 127 238 222 359 432 46 484 412 433 214 419 969 0 442 354 299 859 489 542 366 196 206 203 870 424 315 432 818 813 259 450 455 457 474 229 625 826 416 176 442 446 430 355 908 229 256 450 790 479 379 455 448 360 463 205 452 289 865 807 843
236 275 613 616 321 245 317 471 668 592 311 538 305 351 379 701 250 334 620 655 498 329 291 493 347 248 407 174 489 462 367 445 44 358 608 785 442 0 116 177 674 372 427 322 340 350 533 686 307 645 621 634 628 588 74 56 273 358 279 440 641 473 320 499 414 313 312 724 258 586 639 606 362 195 644 637 509 346 277 509 339 681 623 658
148 188 525 528 233 157 229 383 580 504 223 450 218 263 291 614 163 247 532 567 411 241 203 405 260 161 319 87 401 374 279 357 107 270 521 697 354 116 0 89 587 285 340 234 253 262 445 598 220 557 534 546 541 501 124 129 185 270 191 353 553 385 232 411 326 225 224 636 170 498 552 518 274 107 557 550 421 258 189 421 252 593 535 571
155 132 470 473 178 102 174 328 588 512 168 457 225 208 236 621 108 192 540 574 356 186 211 350 204 106 264 94 346 319 287 302 168 215 466 704 299 177 89 0 594 292 347 179 198 207 390 605 227 502 479 553 548 446 185 190 193 277 136 360 561 330 177 356 271 233 169 643 115 443 497 525 282 115 502 495 366 266 134 366 196 601 542 578
489 692 999 1002 738 662 734 888 151 169 728 174 624 768 796 185 667 751 197 138 915 746 609 910 764 665 824 537 859 879 685 831 666 775 994 534 859 674 587 594 0 691 746 661 757 767 950 56 605 1062 1007 117 112 995 683 687 436 676 696 279 125 859 737 849 800 595 729 207 675 1003 1025 183 557 524 1030 1023 895 569 694 840 756 59 106 142
252 322 374 377 368 334 265 518 684 608 358 554 226 398 426 718 223 381 636 671 522 376 212 480 394 296 454 235 197 509 92 230 364 405 370 801 489 372 285 292 691 0 103 158 388 397 556 702 123 506 383 650 645 370 381 385 289 83 326 457 657 214 367 188 265 129 260 740 305 574 401 622 178 223 406 399 270 162 324 179 386 697 639 675
307 377 322 325 423 389 320 571 739 663 413 609 281 453 481 772 278 436 691 726 470 431 266 428 449 350 509 290 145 562 109 178 418 460 317 856 542 427 340 347 746 103 0 213 442 452 504 757 178 454 331 705 699 318 435 440 344 124 381 512 712 162 422 136 212 183 315 795 360 522 349 677 232 277 353 346 218 216 379 127 441 752 694 730
222 199 373 375 245 210 142 394 654 578 235 524 196 274 302 688 99 258 606 641 422 253 182 417 271 172 331 205 249 385 153 205 313 281 368 771 366 322 234 179 661 158 213 0 264 274 457 672 93 505 381 620 615 369 330 335 259 143 202 427 627 232 244 259 174 99 136 710 181 509 399 592 147 192 404 397 269 131 200 269 263 667 609 645
319 101 508 511 170 229 259 225 751 675 160 621 388 67 133 784 192 77 703 737 253 178 374 247 102 136 162 257 431 216 382 387 331 90 503 868 196 340 253 198 757 388 442 264 0 66 287 769 322 399 516 717 711 343 349 353 356 373 127 523 724 414 75 441 356 328 253 807 127 340 534 689 377 278 539 532 444 361 104 451 188 764 706 741
328 110 518 520 179 238 269 235 760 685 169 630 398 34 143 794 202 45 712 747 262 187 383 257 111 146 171 267 441 226 392 397 341 58 513 877 206 350 262 207 767 397 452 274 66 0 297 778 332 409 526 726 721 352 358 363 366 382 137 533 734 424 62 451 366 338 263 816 137 350 544 698 387 287 549 542 454 371 114 461 197 773 715 751
511 293 386 389 362 421 452 232 943 868 352 813 581 298 284 977 385 281 895 930 96 370 566 126 218 329 313 450 395 223 562 374 524 305 382 1060 203 533 445 390 950 556 504 457 287 297 0 961 515 180 395 909 904 221 541 546 548 565 320 716 917 378 267 405 409 521 446 999 320 120 413 881 570 470 418 411 322 554 297 414 380 956 898 934
501 704 1010 1013 749 673 745 899 163 180 739 185 635 779 807 196 679 763 208 149 927 757 620 921 776 677 835 549 870 890 697 842 677 786 1006 545 870 686 598 605 56 702 757 672 769 778 961 0 616 1073 1019 128 123 1006 694 699 447 687 707 290 136 870 748 860 811 606 740 218 686 1014 1037 194 568 536 1042 1035 906 580 705 851 768 51 117 153
187 257 431 434 303 269 200 453 598 522 293 468 161 333 361 632 158 316 550 585 480 311 147 475 329 231 389 170 291 444 118 263 299 340 427 715 424 307 220 227 605 123 178 93 322 332 515 616 0 563 440 564 559 427 316 320 224 108 261 371 571 291 302 281 232 64 195 654 240 568 458 536 87 157 463 456 327 96 259 272 321 611 553 589
623 405 336 339 474 533 515 344 1055 980 464 925 667 410 396 1089 497 393 1007 1042 184 482 652 204 330 441 425 562 344 335 512 324 636 417 331 1172 315 645 557 502 1062 506 454 505 399 409 180 1073 563 0 345 1021 1016 171 653 658 661 527 432 828 1029 328 379 354 359 569 509 1111 432 100 362 993 618 582 367 360 272 602 409 364 492 1068 1010 1046
569 498 30 45 544 510 391 461 1001 925 534 871 543 527 513 1034 399 510 953 988 360 552 528 319 447 471 542 538 221 452 388 200 613 534 25 1118 432 621 534 479 1007 383 331 381 516 526 395 1019 440 345 0 967 961 209 630 634 606 404 502 773 974 204 496 231 235 445 386 1057 481 412 104 939 494 539 108 101 148 478 500 241 562 1014 956 991
449 652 958 961 697 621 693 847 80 128 687 133 583 727 755 91 627 711 156 44 875 705 568 869 724 625 783 497 818 838 645 790 625 734 954 493 818 634 546 553 117 650 705 620 717 726 909 128 564 1021 967 0 58 954 642 647 395 635 655 238 38 818 696 808 759 554 688 114 634 962 985 142 516 484 990 983 854 528 653 799 716 124 63 52
443 646 953 955 692 616 688 842 94 123 682 127 578 722 750 104 621 705 151 58 869 700 563 864 718 619 778 491 812 833 639 785 619 729 948 488 813 628 541 548 112 645 699 615 711 721 904 123 559 1016 961 58 0 949 637 641 390 630 650 233 51 812 691 803 754 549 683 127 629 957 979 137 511 478 984 977 849 523 648 794 710 118 60 66
556 348 200 203 417 477 379 287 988 913 408 858 531 353 340 1022 386 337 940 975 186 425 516 145 273 384 368 505 208 278 376 188 579 360 195 1105 259 588 501 446 995 370 318 369 343 352 221 1006 427 171 209 954 949 0 596 601 593 391 375 761 962 192 322 218 223 433 373 1044 375 238 226 926 482 526 231 224 136 466 352 228 436 1001 943 979
244 283 621 624 329 253 325 479 676 600 319 546 314 359 387 709 259 343 628 663 507 337 299 501 355 257 415 183 497 470 375 453 65 366 617 793 450 74 124 185 683 381 435 330 349 358 541 694 316 653 630 642 637 596 0 96 281 366 287 449 649 481 328 507 422 321 320 732 266 594 648 614 370 203 653 646 517 354 285 517 347 689 631 667
249 288 626 628 334 258 330 484 681 605 324 551 318 364 391 714 263 347 633 667 511 342 304 506 360 261 420 187 502 475 380 458 65 371 621 798 455 56 129 190 687 385 440 335 353 363 546 699 320 658 634 647 641 601 96 0 286 370 292 453 654 486 333 512 427 326 325 736 271 599 652 618 375 208 657 650 522 359 290 522 352 694 636 671
88 291 597 600 337 260 333 486 429 353 327 299 222 366 394 463 266 350 381 416 514 345 208 508 363 264 423 136 457 477 284 430 264 373 593 546 457 273 185 193 436 289 344 259 356 366 548 447 224 661 606 395 390 593 281 286 0 274 294 202 402 457 336 448 399 230 327 485 273 601 624 367 279 123 629 622 494 263 292 439 355 442 384 420
237 307 395 398 353 319 250 503 669 593 343 539 211 383 411 703 208 367 621 656 531 361 197 501 379 281 439 220 218 494 77 251 349 390 391 786 474 358 270 277 676 83 124 143 373 382 565 687 108 527 404 635 630 391 366 370 274 0 311 442 642 235 352 209 283 114 245 725 290 595 422 607 163 208 427 420 291 147 309 200 371 682 624 660
257 62 493 496 62 167 198 258 689 613 53 559 327 138 166 723 131 121 641 676 285 70 312 280 134 75 194 196 370 249 321 326 270 145 489 806 229 279 191 136 696 326 381 202 127 137 320 707 261 432 502 655 650 375 287 292 294 311 0 462 663 353 107 380 295 267 192 745 66 373 520 627 316 216 525 518 390 300 64 389 81 702 644 680
255 458 765 768 504 428 500 654 272 197 494 142 390 534 562 306 433 517 224 259 681 512 375 676 530 431 590 303 624 645 451 597 432 541 760 389 625 440 353 360 279 457 512 427 523 533 716 290 371 828 773 238 233 761 449 453 202 442 462 0 246 625 503 615 566 361 495 328 441 769 791 210 323 290 796 789 661 335 460 606 522 285 227 263
456 659 965 968 705 629 701 855 74 136 695 140 590 734 762 85 634 718 164 38 882 713 576 877 731 632 791 504 825 845 652 798 632 741 961 500 826 641 553 561 125 657 712 627 724 734 917 136 571 1029 974 38 51 962 649 654 402 642 663 246 0 825 704 816 767 562 695 107 641 969 992 149 523 491 997 990 862 535 660 807 723 131 56 46
420 349 196 198 395 361 242 445 852 776 385 722 394 425 453 885 250 408 804 839 343 403 379 302 421 322 481 390 72 435 220 51 464 432 191 969 416 473 385 330 859 214 162 232 414 424 378 870 291 328 204 818 812 192 481 486 457 235 353 625 825 0 394 82 86 296 237 908 332 396 222 790 345 390 227 220 92 329 351 92 413 865 807 843
298 80 488 490 149 208 239 205 731 655 139 600 368 63 113 764 172 68 683 717 233 157 354 227 81 116 141 237 411 196 362 367 311 86 483 847 176 320 232 177 737 367 422 244 75 62 267 748 302 379 496 696 691 322 328 333 336 352 107 503 704 394 0 421 336 308 233 786 107 320 514 668 357 258 519 512 424 341 84 431 168 744 686 721
410 376 222 225 422 388 269 471 843 767 412 712 385 451 479 876 277 435 795 829 370 430 370 329 448 349 508 394 99 462 193 78 490 458 218 959 442 499 411 356 849 188 136 259 441 451 405 860 281 354 231 808 803 218 507 512 448 209 380 615 816 82 421 0 113 287 263 898 358 422 249 780 336 381 254 247 119 320 377 118 440 856 798 833
361 291 226 229 337 303 184 475 794 718 327 664 336 366 394 827 192 350 746 780 374 345 321 333 363 264 423 331 103 466 270 82 405 373 222 910 446 414 326 271 800 265 212 174 356 366 409 811 232 359 235 759 754 223 422 427 399 283 295 566 767 86 336 113 0 238 178 849 273 426 253 731 287 332 258 251 123 271 292 123 355 807 749 784
192 263 437 439 309 275 206 459 589 513 299 459 167 338 366 622 164 322 541 575 486 317 152 481 335 236 395 176 296 449 123 269 304 345 432 705 430 313 225 233 595 129 183 99 328 338 521 606 64 569 445 554 549 433 321 326 230 114 267 361 562 296 308 287 238 0 200 644 245 573 463 526 78 163 468 461 333 90 264 278 327 602 544 579
290 188 377 380 234 200 38 384 722 646 224 592 298 264 292 756 89 247 674 709 411 242 283 406 260 162 320 229 253 375 254 209 303 271 373 839 355 312 224 169 729 260 315 136 253 263 446 740 195 509 386 688 683 373 320 325 327 245 192 495 695 237 233 263 178 200 0 778 171 499 404 660 249 249 409 402 273 233 190 273 252 735 677 713
538 741 1048 1051 787 711 783 937 150 218 777 223 673 817 845 80 716 800 246 111 965 795 658 959 813 715 873 586 908 928 734 880 715 824 1044 583 908 724 636 643 207 740 795 710 807 816 999 218 654 1111 1057 114 127 1044 732 736 485 725 745 328 107 908 786 898 849 644 778 0 724 1052 1075 232 606 574 1079 1072 944 618 743 889 805 213 132 122
236 62 472 475 108 146 176 258 668 592 98 538 306 137 165 702 110 121 620 655 285 116 291 280 134 64 194 175 348 249 299 304 249 144 468 785 229 258 170 115 675 305 360 181 127 137 320 686 240 432 481 634 629 375 266 271 273 290 66 441 641 332 107 358 273 245 171 724 0 372 499 606 294 195 504 497 368 278 63 368 126 681 623 659
564 346 404 406 415 474 504 285 996 920 405 866 634 350 337 1030 437 334 948 983 125 423 619 178 270 382 366 503 412 276 579 392 577 357 399 1113 256 586 498 443 1003 574 522 509 340 350 120 1014 568 100 412 962 957 238 594 599 601 595 373 769 969 396 320 422 426 573 499 1052 372 0 430 934 622 523 435 428 340 606 349 432 433 1009 951 987
587 516 95 98 562 528 409 479 1019 943 552 889 561 545 531 1052 417 528 971 1006 378 570 546 337 465 489 560 556 239 470 406 218 631 552 90 1136 450 639 552 497 1025 401 349 399 534 544 413 1037 458 362 104 985 979 226 648 652 624 422 520 791 992 222 514 249 253 463 404 1075 499 430 0 957 512 557 51 36 166 496 517 259 580 1032 974 1009
420 623 930 933 669 593 665 819 176 52 659 105 555 699 727 209 598 682 63 163 846 677 540 841 695 597 755 468 790 810 616 762 597 706 925 465 790 606 518 525 183 622 677 592 689 698 881 194 536 993 939 142 137 926 614 618 367 607 627 210 149 790 668 780 731 526 660 232 606 934 957 0 488 456 961 954 826 500 625 771 687 189 131 167
241 312 486 488 358 324 255 507 550 474 348 420 216 387 415 584 213 371 502 537 535 366 201 530 384 285 444 225 345 498 172 318 353 394 481 667 479 362 274 282 557 178 232 147 377 387 570 568 87 618 494 516 511 482 370 375 279 163 316 323 523 345 357 336 287 78 249 606 294 622 512 488 0 212 517 510 382 51 313 327 376 563 505 541
86 213 531 533 258 182 255 408 518 442 249 388 155 288 316 551 188 272 470 505 436 267 141 430 285 186 345 69 390 399 217 363 186 295 526 635 379 195 107 115 524 223 277 192 278 287 470 536 157 582 539 484 478 526 203 208 123 208 216 290 491 390 258 381 332 163 249 574 195 523 557 456 212 0 562 555 427 196 214 372 277 531 473 508
591 521 100 102 567 533 414 484 1024 948 557 894 566 550 536 1057 422 533 976 1010 383 575 551 341 470 494 565 561 244 475 411 223 635 557 95 1140 455 644 557 502 1030 406 353 404 539 549 418 1042 463 367 108 990 984 231 653 657 629 427 525 796 997 227 519 254 258 468 409 1079 504 435 51 961 517 562 0 49 171 501 522 264 585 1037 979 1014
584 514 93 95 560 526 407 477 1017 941 550 887 559 543 529 1050 415 526 969 1003 376 568 544 334 463 487 558 554 237 468 404 216 628 550 88 1133 448 637 550 495 1023 399 346 397 532 542 411 1035 456 360 101 983 977 224 646 650 622 420 518 789 990 220 512 247 251 461 402 1072 497 428 36 954 510 555 49 0 164 494 515 257 578 1030 972 1007
456 386 140 142 432 398 279 389 889 813 422 758 431 454 441 922 287 438 841 875 287 440 416 246 374 359 470 426 109 380 276 88 500 461 135 1005 360 509 421 366 895 270 218 269 444 454 322 906 327 272 148 854 849 136 517 522 494 291 390 661 862 92 424 119 123 333 273 944 368 340 166 826 382 427 171 164 0 366 387 128 450 902 844 879
225 296 470 472 342 308 239 492 562 486 332 432 200 371 399 595 197 355 514 549 519 350 185 514 368 269 428 209 329 482 156 302 337 378 465 679 463 346 258 266 569 162 216 131 361 371 554 580 96 602 478 528 523 466 354 359 263 147 300 335 535 329 341 320 271 90 233 618 278 606 496 500 51 196 501 494 366 0 297 311 360 575 517 553
255 60 491 494 106 165 195 234 687 611 96 557 325 114 142 720 128 98 639 674 262 114 310 257 111 73 171 194 367 225 318 323 268 121 486 804 205 277 189 134 694 324 379 200 104 114 297 705 259 409 500 653 648 352 285 290 292 309 64 460 660 351 84 377 292 264 190 743 63 349 517 625 313 214 522 515 387 297 0 387 124 700 642 678
401 386 232 235 432 397 279 481 834 758 422 703 376 461 489 867 286 445 785 820 380 440 361 338 458 359 518 385 108 472 184 88 500 468 228 950 452 509 421 366 840 179 127 269 451 461 414 851 272 364 241 799 794 228 517 522 439 200 389 606 807 92 431 118 123 278 273 889 368 432 259 771 327 372 264 257 128 311 387 0 450 846 788 824
317 123 554 556 59 228 258 318 750 674 49 620 387 198 226 783 191 182 702 736 346 67 373 340 195 135 255 256 430 309 381 386 330 205 549 866 289 339 252 196 756 386 441 263 188 197 380 768 321 492 562 716 710 436 347 352 355 371 81 522 723 413 168 440 355 327 252 805 126 433 580 687 376 277 585 578 450 360 124 450 0 763 705 740
496 699 1005 1008 744 668 741 894 158 175 735 180 630 774 802 191 674 758 203 144 922 752 615 916 771 672 831 544 865 885 692 838 672 781 1001 540 865 681 593 601 59 697 752 667 764 773 956 51 611 1068 1014 124 118 1001 689 694 442 682 702 285 131 865 744 856 807 602 735 213 681 1009 1032 189 563 531 1037 1030 902 575 700 846 763 0 113 148
438 641 947 950 686 610 683 836 99 117 677 122 572 716 744 110 616 700 145 63 864 694 557 858 713 614 773 486 807 827 634 780 614 723 943 482 807 623 535 542 106 639 694 609 706 715 898 117 553 1010 956 63 60 943 631 636 384 624 644 227 56 807 686 798 749 544 677 132 623 951 974 131 505 473 979 972 844 517 642 788 705 113 0 71
473 676 983 986 722 646 718 872 89 153 712 158 608 752 780 99 651 735 181 53 899 730 593 894 748 649 808 521 842 863 669 815 650 759 978 518 843 658 571 578 142 675 730 645 741 751 934 153 589 1046 991 52 66 979 667 671 420 660 680 263 46 843 721 833 784 579 713 122 659 987 1009 167 541 508 1014 1007 879 553 678 824 740 148 71 0
EOF