NAME : tsp_problem
TYPE : TSP
DIMENSION : 62
EDGE_WEIGHT_TYPE : EXPLICIT
EDGE_WEIGHT_FORMAT : FULL_MATRIX
EDGE_WEIGHT_SECTION
0 442 254 372 278 615 315 532 532 279 549 187 586 535 207 353 270 398 397 208 246 765 35 677 551 576 420 271 151 61 163 499 225 248 437 624 555 261 67 415 510 263 268 522 687 595 697 503 271 534 155 281 278 235 579 198 639 212 205 417 225 279
442 0 471 216 200 873 303 388 387 538 404 301 845 391 466 570 299 242 384 425 505 1024 437 936 406 835 679 530 327 405 422 355 484 507 425 883 411 520 399 178 769 293 208 377 946 854 956 571 488 390 372 311 308 452 342 457 898 335 329 324 442 267
254 471 0 401 307 564 344 397 397 229 414 215 536 400 169 128 299 427 262 149 295 715 248 627 416 526 370 221 179 217 199 364 274 197 265 574 420 211 211 444 460 292 297 387 637 545 647 278 58 399 151 310 307 99 608 178 589 240 234 282 90 308
372 216 401 0 130 803 232 446 445 467 462 230 774 449 396 500 229 171 443 355 434 953 366 865 465 764 608 459 256 334 351 413 413 436 483 812 469 449 328 189 698 222 137 436 875 783 886 629 417 448 301 240 237 381 352 386 827 265 258 382 371 197
278 200 307 130 0 709 139 430 430 373 447 137 680 433 302 406 135 156 427 261 341 860 272 771 449 670 514 365 163 241 257 397 319 342 467 718 454 355 235 173 604 128 67 420 782 689 792 556 323 433 208 147 143 287 337 293 734 171 164 366 277 103
615 873 564 803 709 0 746 932 932 375 949 618 166 935 452 489 701 829 792 639 578 429 609 86 951 156 242 383 582 577 483 899 557 412 749 42 955 389 571 847 147 694 700 922 96 175 361 619 542 934 586 712 709 583 1010 461 48 643 636 817 602 710
315 303 344 232 139 746 0 533 533 410 550 173 717 536 339 443 172 259 486 298 377 896 309 808 552 707 551 402 199 277 294 500 356 379 526 755 557 392 272 276 641 165 129 523 818 726 829 593 360 536 244 183 180 324 439 329 770 208 201 469 314 56
532 388 397 446 430 932 533 0 44 596 96 493 903 36 536 496 529 472 212 401 595 1083 526 995 99 893 737 588 457 495 512 62 574 565 252 941 103 578 489 408 828 523 438 23 1005 912 1015 398 413 35 428 541 538 378 572 546 957 518 512 151 368 498
532 387 397 445 430 932 533 44 0 596 96 493 903 47 536 496 529 472 211 401 594 1082 526 994 98 893 737 588 457 494 511 62 573 565 252 941 103 578 488 408 827 522 437 33 1004 912 1014 398 413 46 428 541 537 377 571 545 956 518 511 151 367 497
279 538 229 467 373 375 410 596 596 0 613 282 346 599 116 277 365 494 456 304 242 525 273 437 615 336 180 81 246 242 147 563 221 76 413 384 620 71 236 511 270 358 364 586 447 355 458 427 207 599 250 377 373 247 674 125 399 307 301 481 266 374
549 404 414 462 447 949 550 96 96 613 0 510 920 99 553 513 546 489 229 418 611 1099 543 1011 31 910 754 605 474 511 528 79 590 582 269 958 49 595 505 425 844 539 454 86 1021 929 1032 415 430 99 445 558 554 394 588 562 973 535 529 168 384 514
187 301 215 230 137 618 173 493 493 282 510 0 589 496 211 314 128 257 358 170 249 768 181 680 512 579 423 274 71 149 166 460 228 251 398 627 517 264 143 274 513 122 127 483 690 598 701 464 232 495 116 140 137 196 437 201 642 79 73 378 186 138
586 845 536 774 680 166 717 903 903 346 920 589 0 906 423 460 672 801 763 611 549 400 580 228 922 44 213 354 553 549 454 870 528 383 720 175 927 360 543 818 118 665 671 893 238 63 333 590 513 905 557 684 680 554 981 432 190 614 608 788 573 681
535 391 400 449 433 935 536 36 47 599 99 496 906 0 539 499 532 475 215 404 598 1085 529 997 101 896 740 591 460 498 514 65 577 568 255 944 106 581 492 411 830 526 441 25 1007 915 1018 401 416 38 431 544 541 381 575 548 960 521 515 154 370 500
207 466 169 396 302 452 339 536 536 116 553 211 423 539 0 217 294 422 396 232 171 602 202 514 555 413 257 108 175 170 76 503 150 85 353 461 560 98 164 440 347 287 293 526 524 432 535 367 147 539 179 305 302 187 603 65 477 236 229 421 206 303
353 570 128 500 406 489 443 496 496 277 513 314 460 499 217 0 398 526 356 248 343 639 348 551 515 450 294 268 278 316 247 463 322 245 313 498 519 259 310 543 384 391 396 486 561 469 572 326 106 498 250 409 406 147 707 226 513 339 333 381 166 407
270 299 299 229 135 701 172 529 529 365 546 128 672 532 294 398 0 255 441 253 332 851 264 763 548 662 506 357 154 232 249 496 311 334 481 710 553 347 226 272 596 75 125 519 773 681 784 548 315 532 199 118 87 279 436 284 725 163 156 461 269 136
398 242 427 171 156 829 259 472 472 494 489 257 801 475 422 526 255 0 469 381 461 980 393 892 491 791 635 486 283 361 378 439 440 463 509 839 496 476 355 215 725 249 164 462 902 810 912 656 444 475 328 267 264 408 379 413 854 291 285 408 398 223
397 384 262 443 427 792 486 212 211 456 229 358 763 215 396 356 441 469 0 266 459 943 391 855 231 753 597 448 322 359 376 179 438 425 117 801 235 438 353 405 688 434 435 202 865 772 875 222 278 214 293 453 449 242 569 406 817 383 377 97 232 450
208 425 149 355 261 639 298 401 401 304 418 170 611 404 232 248 253 381 266 0 271 790 203 702 420 601 445 296 134 171 188 368 250 273 306 649 425 286 165 398 535 246 251 391 712 620 722 398 165 404 105 264 261 130 562 223 664 195 188 287 120 262
246 505 295 434 341 578 377 595 594 242 611 249 549 598 171 343 332 461 459 271 0 729 240 641 614 539 383 234 213 209 126 562 63 211 479 587 618 224 203 478 474 326 331 585 651 558 661 493 273 597 218 344 341 298 642 162 603 274 268 480 288 342
765 1024 715 953 860 429 896 1083 1082 525 1099 768 400 1085 602 639 851 980 943 790 729 0 759 491 1101 390 393 534 732 728 633 1049 707 563 899 438 1106 539 722 997 324 845 850 1072 501 409 114 769 693 1085 737 863 860 734 1160 612 454 793 787 968 752 861
35 437 248 366 272 609 309 526 526 273 543 181 580 529 202 348 264 393 391 203 240 759 0 671 545 570 414 265 145 55 157 493 219 242 431 618 550 255 61 410 504 257 263 516 681 589 692 498 265 528 149 276 272 229 573 192 634 206 200 411 219 273
677 936 627 865 771 86 808 995 994 437 1011 680 228 997 514 551 763 892 855 702 641 491 671 0 1013 218 304 445 644 640 545 961 619 474 811 94 1018 451 634 909 210 757 762 984 148 237 424 681 605 997 649 775 772 646 1072 524 100 705 699 880 664 773
551 406 416 465 449 951 552 99 98 615 31 512 922 101 555 515 548 491 231 420 614 1101 545 1013 0 912 756 607 476 513 530 81 592 584 271 960 51 597 508 427 846 542 457 88 1023 931 1034 417 432 101 447 560 557 396 591 564 975 537 531 170 386 516
576 835 526 764 670 156 707 893 893 336 910 579 44 896 413 450 662 791 753 601 539 390 570 218 912 0 203 344 543 539 444 860 518 373 710 165 917 350 533 808 108 655 661 883 228 53 323 580 504 896 547 674 670 544 971 422 180 604 598 778 563 671
420 679 370 608 514 242 551 737 737 180 754 423 213 740 257 294 506 635 597 445 383 393 414 304 756 203 0 188 387 383 288 704 362 217 554 251 761 194 377 652 137 500 505 727 315 222 325 424 348 740 392 518 515 388 815 267 267 448 442 623 407 515
271 530 221 459 365 383 402 588 588 81 605 274 354 591 108 268 357 486 448 296 234 534 265 445 607 344 188 0 238 233 139 555 213 68 405 392 612 63 228 503 278 350 356 578 456 363 466 419 198 590 242 369 365 239 666 117 408 299 293 473 258 366
151 327 179 256 163 582 199 457 457 246 474 71 553 460 175 278 154 283 322 134 213 732 145 644 476 543 387 238 0 113 130 424 192 215 362 591 481 228 107 300 477 148 153 447 654 562 665 428 196 459 80 166 163 160 463 165 606 96 90 342 150 164
61 405 217 334 241 577 277 495 494 242 511 149 549 498 170 316 232 361 359 171 209 728 55 640 513 539 383 233 113 0 126 462 188 210 400 587 518 223 52 378 473 226 231 485 650 558 660 466 233 497 118 244 241 198 541 161 602 174 168 380 188 242
163 422 199 351 257 483 294 512 511 147 528 166 454 514 76 247 249 378 376 188 126 633 157 545 530 444 288 139 130 126 0 478 105 116 384 492 535 129 120 395 378 243 248 501 555 463 566 397 177 514 135 261 258 214 558 66 507 191 185 397 204 258
499 355 364 413 397 899 500 62 62 563 79 460 870 65 503 463 496 439 179 368 562 1049 493 961 81 860 704 555 424 462 478 0 541 532 219 908 86 545 456 375 794 490 405 52 971 879 982 365 380 64 395 508 505 345 539 512 924 485 479 118 334 464
225 484 274 413 319 557 356 574 573 221 590 228 528 577 150 322 311 440 438 250 63 707 219 619 592 518 362 213 192 188 105 541 0 190 458 566 597 203 182 457 452 305 310 563 629 537 640 472 252 576 197 323 320 277 620 140 582 253 247 459 266 321
248 507 197 436 342 412 379 565 565 76 582 251 383 568 85 245 334 463 425 273 211 563 242 474 584 373 217 68 215 210 116 532 190 0 382 421 589 58 205 480 307 327 333 555 485 392 495 395 175 567 219 346 342 216 643 94 437 276 270 450 235 343
437 425 265 483 467 749 526 252 252 413 269 398 720 255 353 313 481 509 117 306 479 899 431 811 271 710 554 405 362 400 384 219 458 382 0 758 276 395 394 445 644 475 475 242 821 729 832 179 243 254 333 493 490 283 609 362 773 423 417 137 272 490
624 883 574 812 718 42 755 941 941 384 958 627 175 944 461 498 710 839 801 649 587 438 618 94 960 165 251 392 591 587 492 908 566 421 758 0 965 398 581 856 156 703 709 931 104 184 371 628 551 943 595 722 718 592 1019 470 57 652 646 826 611 719
555 411 420 469 454 955 557 103 103 620 49 517 927 106 560 519 553 496 235 425 618 1106 550 1018 51 917 761 612 481 518 535 86 597 589 276 965 0 602 512 432 851 546 461 93 1028 936 1038 422 437 105 452 565 561 401 595 569 980 542 535 174 391 521
261 520 211 449 355 389 392 578 578 71 595 264 360 581 98 259 347 476 438 286 224 539 255 451 597 350 194 63 228 223 129 545 203 58 395 398 602 0 218 493 284 340 346 568 461 369 472 409 188 580 232 359 355 229 656 107 413 289 283 463 248 356
67 399 211 328 235 571 272 489 488 236 505 143 543 492 164 310 226 355 353 165 203 722 61 634 508 533 377 228 107 52 120 456 182 205 394 581 512 218 0 372 467 220 225 479 644 552 654 460 228 491 112 238 235 192 536 155 596 168 162 374 182 236
415 178 444 189 173 847 276 408 408 511 425 274 818 411 440 543 272 215 405 398 478 997 410 909 427 808 652 503 300 378 395 375 457 480 445 856 432 493 372 0 742 266 181 398 919 827 930 592 461 411 345 284 281 425 200 430 871 308 302 344 415 240
510 769 460 698 604 147 641 828 827 270 844 513 118 830 347 384 596 725 688 535 474 324 504 210 846 108 137 278 477 473 378 794 452 307 644 156 851 284 467 742 0 590 595 817 220 127 257 514 438 830 482 608 605 479 905 357 172 538 532 713 497 606
263 293 292 222 128 694 165 523 522 358 539 122 665 526 287 391 75 249 434 246 326 845 257 757 542 655 500 350 148 226 243 490 305 327 475 703 546 340 220 266 590 0 119 513 767 674 777 541 308 525 193 84 54 273 429 278 719 156 150 455 262 129
268 208 297 137 67 700 129 438 437 364 454 127 671 441 293 396 125 164 435 251 331 850 263 762 457 661 505 356 153 231 248 405 310 333 475 709 461 346 225 181 595 119 0 428 772 680 783 546 314 440 198 137 134 278 344 283 724 161 155 374 268 93
522 377 387 436 420 922 523 23 33 586 86 483 893 25 526 486 519 462 202 391 585 1072 516 984 88 883 727 578 447 485 501 52 563 555 242 931 93 568 479 398 817 513 428 0 994 902 1005 388 403 25 418 531 528 368 562 535 947 508 502 141 357 487
687 946 637 875 782 96 818 1005 1004 447 1021 690 238 1007 524 561 773 902 865 712 651 501 681 148 1023 228 315 456 654 650 555 971 629 485 821 104 1028 461 644 919 220 767 772 994 0 247 434 691 615 1007 659 785 782 656 1082 534 87 715 709 890 674 783
595 854 545 783 689 175 726 912 912 355 929 598 63 915 432 469 681 810 772 620 558 409 589 237 931 53 222 363 562 558 463 879 537 392 729 184 936 369 552 827 127 674 680 902 247 0 342 599 523 915 566 693 689 563 990 441 200 623 617 797 582 690
697 956 647 886 792 361 829 1015 1014 458 1032 701 333 1018 535 572 784 912 875 722 661 114 692 424 1034 323 325 466 665 660 566 982 640 495 832 371 1038 472 654 930 257 777 783 1005 434 342 0 702 625 1017 669 795 792 666 1093 544 386 726 719 900 685 793
503 571 278 629 556 619 593 398 398 427 415 464 590 401 367 326 548 656 222 398 493 769 498 681 417 580 424 419 428 466 397 365 472 395 179 628 422 409 460 592 514 541 546 388 691 599 702 0 256 401 400 559 556 297 755 376 643 489 483 283 316 557
271 488 58 417 323 542 360 413 413 207 430 232 513 416 147 106 315 444 278 165 273 693 265 605 432 504 348 198 196 233 177 380 252 175 243 551 437 188 228 461 438 308 314 403 615 523 625 256 0 416 167 327 323 77 624 156 567 257 251 299 96 324
534 390 399 448 433 934 536 35 46 599 99 495 905 38 539 498 532 475 214 404 597 1085 528 997 101 896 740 590 459 497 514 64 576 567 254 943 105 580 491 411 830 525 440 25 1007 915 1017 401 416 0 431 543 540 380 574 548 959 520 514 153 370 500
155 372 151 301 208 586 244 428 428 250 445 116 557 431 179 250 199 328 293 105 218 737 149 649 447 547 392 242 80 118 135 395 197 219 333 595 452 232 112 345 482 193 198 418 659 566 669 400 167 431 0 211 208 131 508 170 611 141 135 313 121 209
281 311 310 240 147 712 183 541 541 377 558 140 684 544 305 409 118 267 453 264 344 863 276 775 560 674 518 369 166 244 261 508 323 346 493 722 565 359 238 284 608 84 137 531 785 693 795 559 327 543 211 0 97 291 447 296 737 174 168 473 281 148
278 308 307 237 143 709 180 538 537 373 554 137 680 541 302 406 87 264 449 261 341 860 272 772 557 670 515 365 163 241 258 505 320 342 490 718 561 355 235 281 605 54 134 528 782 689 792 556 323 540 208 97 0 288 444 293 734 171 165 470 278 144
235 452 99 381 287 583 324 378 377 247 394 196 554 381 187 147 279 408 242 130 298 734 229 646 396 544 388 239 160 198 214 345 277 216 283 592 401 229 192 425 479 273 278 368 656 563 666 297 77 380 131 291 288 0 588 197 608 221 215 263 71 289
579 342 608 352 337 1010 439 572 571 674 588 437 981 575 603 707 436 379 569 562 642 1160 573 1072 591 971 815 666 463 541 558 539 620 643 609 1019 595 656 536 200 905 429 344 562 1082 990 1093 755 624 574 508 447 444 588 0 593 1035 472 465 508 578 404
198 457 178 386 293 461 329 546 545 125 562 201 432 548 65 226 284 413 406 223 162 612 192 524 564 422 267 117 165 161 66 512 140 94 362 470 569 107 155 430 357 278 283 535 534 441 544 376 156 548 170 296 293 197 593 0 486 226 220 431 215 294
639 898 589 827 734 48 770 957 956 399 973 642 190 960 477 513 725 854 817 664 603 454 634 100 975 180 267 408 606 602 507 924 582 437 773 57 980 413 596 871 172 719 724 947 87 200 386 643 567 959 611 737 734 608 1035 486 0 667 661 842 627 735
212 335 240 265 171 643 208 518 518 307 535 79 614 521 236 339 163 291 383 195 274 793 206 705 537 604 448 299 96 174 191 485 253 276 423 652 542 289 168 308 538 156 161 508 715 623 726 489 257 520 141 174 171 221 472 226 667 0 51 403 211 172
205 329 234 258 164 636 201 512 511 301 529 73 608 515 229 333 156 285 377 188 268 787 200 699 531 598 442 293 90 168 185 479 247 270 417 646 535 283 162 302 532 150 155 502 709 617 719 483 251 514 135 168 165 215 465 220 661 51 0 397 205 166
417 324 282 382 366 817 469 151 151 481 168 378 788 154 421 381 461 408 97 287 480 968 411 880 170 778 623 473 342 380 397 118 459 450 137 826 174 463 374 344 713 455 374 141 890 797 900 283 299 153 313 473 470 263 508 431 842 403 397 0 253 433
225 442 90 371 277 602 314 368 367 266 384 186 573 370 206 166 269 398 232 120 288 752 219 664 386 563 407 258 150 188 204 334 266 235 272 611 391 248 182 415 497 262 268 357 674 582 685 316 96 370 121 281 278 71 578 215 627 211 205 253 0 278
279 267 308 197 103 710 56 498 497 374 514 138 681 500 303 407 136 223 450 262 342 861 273 773 516 671 515 366 164 242 258 464 321 343 490 719 521 356 236 240 606 129 93 487 783 690 793 557 324 500 209 148 144 289 404 294 735 172 166 433 278 0
EOF