NAME : tsp_problem
TYPE : TSP
DIMENSION : 85
EDGE_WEIGHT_TYPE : EXPLICIT
EDGE_WEIGHT_FORMAT : FULL_MATRIX
EDGE_WEIGHT_SECTION
0 422 429 169 568 210 590 151 406 323 80 480 178 483 368 341 219 126 366 307 88 535 252 217 428 592 665 454 381 232 279 186 127 271 147 301 602 146 491 616 451 220 402 597 327 139 491 476 265 229 353 127 403 178 430 402 143 522 439 645 343 368 435 648 607 592 245 287 123 496 445 438 522 346 200 104 168 352 590 348 232 492 308 190 505
422 0 597 322 670 527 692 392 508 538 403 387 495 585 318 381 537 466 472 604 406 637 202 535 42 694 766 559 487 378 596 405 356 312 487 251 704 306 397 718 357 260 570 699 429 457 397 562 215 547 650 323 571 397 646 308 461 624 541 747 293 318 537 750 708 694 563 328 463 598 546 52 624 562 518 444 398 108 692 645 549 593 605 336 606
429 597 0 465 960 413 983 543 799 165 473 416 381 876 693 665 328 519 161 230 385 928 576 327 603 985 1057 248 176 625 347 483 424 596 540 626 995 538 427 1009 387 544 58 990 719 343 426 84 589 339 277 519 59 475 272 337 347 915 832 1038 667 693 828 1041 999 984 223 612 516 889 837 613 915 189 269 497 465 527 983 272 341 884 232 583 897
169 322 465 0 669 246 692 252 507 359 213 353 214 584 269 241 255 259 403 343 125 636 152 254 328 693 766 490 417 238 315 124 75 172 279 201 703 166 364 718 324 120 439 699 428 176 363 512 165 266 390 183 440 116 466 274 180 623 540 746 243 269 537 749 708 693 282 188 255 597 546 338 623 383 237 236 117 252 691 385 268 593 345 196 606
568 670 960 669 0 741 48 469 224 854 549 981 709 301 756 604 750 612 898 838 620 353 639 749 675 410 122 985 912 620 810 718 658 535 633 688 420 533 991 74 951 607 934 416 282 671 991 1007 652 761 885 514 935 709 961 902 675 340 257 463 730 756 253 106 425 410 777 551 609 314 263 661 340 878 732 590 700 739 408 880 763 310 840 578 323
210 527 413 246 741 0 764 324 580 307 254 558 53 656 474 446 203 300 351 291 166 708 357 202 533 765 838 438 365 405 263 264 204 376 320 406 775 319 569 790 529 325 386 771 500 124 568 460 370 213 337 300 387 255 414 479 127 695 612 818 448 474 609 822 780 765 229 393 296 669 618 543 696 331 185 277 246 457 764 333 216 665 292 363 678
590 692 983 692 48 764 0 492 247 877 571 1004 732 324 778 627 773 635 920 861 642 376 662 772 698 433 145 1008 935 642 833 740 681 557 656 711 443 556 1014 96 974 630 956 438 304 694 1014 1030 674 783 907 537 957 732 984 925 697 363 280 486 753 778 276 128 447 432 799 574 632 337 285 683 363 901 754 613 722 762 431 902 786 332 862 600 345
151 392 543 252 469 324 492 0 308 437 132 564 292 385 339 311 333 195 481 421 203 437 222 332 398 494 566 568 495 203 393 301 241 241 216 271 503 116 574 518 534 190 517 499 228 254 574 590 235 344 468 97 518 292 544 485 258 424 341 547 313 339 337 550 508 493 360 258 192 398 346 408 424 461 315 173 283 322 492 463 346 393 423 161 406
406 508 799 507 224 580 247 308 0 693 387 819 548 126 594 443 589 451 736 677 458 178 477 587 514 235 321 824 751 458 649 556 497 373 472 527 245 372 830 273 790 445 772 240 120 509 830 846 490 599 723 352 773 548 800 741 513 165 82 288 569 594 78 305 249 235 615 390 448 139 87 499 165 716 570 429 538 577 233 718 602 134 678 416 147
323 538 165 359 854 307 877 437 693 0 367 357 275 770 587 559 222 413 103 124 279 821 470 221 544 879 951 190 117 519 241 377 317 490 433 519 888 432 368 903 328 438 139 884 613 237 368 212 483 232 171 413 140 369 142 279 241 808 726 932 561 587 722 935 893 878 117 506 409 783 731 555 809 59 162 390 359 468 877 166 235 778 126 477 791
80 403 473 213 549 254 571 132 387 367 0 525 222 464 349 321 263 125 410 351 132 516 233 262 409 573 646 498 425 213 323 230 171 252 146 282 583 127 535 597 495 201 446 578 308 184 535 520 245 273 397 108 447 222 474 446 187 503 420 626 324 349 416 629 587 573 289 268 122 477 425 419 503 391 244 103 212 333 571 392 276 472 352 171 486
480 387 416 353 981 558 1004 564 819 357 525 0 526 896 526 553 521 571 291 423 437 948 410 519 392 1005 1078 378 306 550 539 386 387 484 591 459 1015 478 34 1030 56 432 389 1011 740 488 33 382 423 531 469 495 390 378 465 127 492 935 852 1058 501 526 849 1061 1020 1005 415 500 567 909 858 403 935 381 461 548 394 316 1003 464 534 905 424 508 918
178 495 381 214 709 53 732 292 548 275 222 526 0 625 442 414 171 268 319 259 134 676 325 170 501 734 806 406 333 374 231 232 172 345 288 374 743 287 537 758 497 293 355 739 468 92 536 428 338 181 305 268 355 224 382 447 96 663 581 787 416 442 577 790 748 733 197 361 264 638 586 511 664 299 153 245 214 425 732 301 184 633 260 332 646
483 585 876 584 301 656 324 385 126 770 464 896 625 0 671 520 666 528 813 754 535 97 554 664 591 154 398 900 828 535 726 633 574 450 548 604 164 448 907 350 867 522 849 159 197 586 907 923 567 676 800 429 850 625 877 817 590 84 89 207 646 671 85 382 168 153 692 467 524 58 94 576 84 793 647 506 615 654 152 795 679 141 755 493 66
368 318 693 269 756 474 778 339 594 587 349 526 442 671 0 328 483 413 612 571 352 723 148 481 324 780 852 699 626 324 543 351 303 258 433 98 790 252 537 804 497 207 666 785 515 403 537 702 161 493 617 269 667 343 694 447 407 710 627 833 86 111 623 836 794 780 509 274 409 684 632 334 710 610 464 391 344 248 778 612 496 679 572 282 692
341 381 665 241 604 446 627 311 443 559 321 553 414 520 328 0 455 385 603 543 325 572 211 454 387 629 701 690 617 297 515 324 275 103 406 260 639 225 563 653 523 179 639 634 363 376 563 712 224 465 589 242 639 315 666 474 380 559 476 682 302 328 472 685 643 628 481 119 382 533 481 395 559 583 437 363 316 311 627 585 468 528 545 255 541
219 537 328 255 750 203 773 333 589 222 263 521 171 666 483 455 0 309 266 206 175 718 366 37 542 775 847 353 280 415 178 273 214 386 330 416 785 328 531 799 491 334 302 780 509 133 531 375 379 48 253 309 303 265 329 442 137 705 622 828 458 483 618 831 789 774 144 402 306 679 627 553 705 246 100 287 255 466 773 248 51 674 208 373 687
126 466 519 259 612 300 635 195 451 413 125 571 268 528 413 385 309 0 456 397 178 580 296 308 472 637 709 544 471 277 369 276 217 316 66 346 647 190 581 661 541 264 492 642 371 230 581 566 309 319 443 171 493 268 520 492 233 567 484 690 388 413 480 693 651 636 335 332 42 541 489 483 567 437 290 67 258 396 635 438 322 536 398 235 549
366 472 161 403 898 351 920 481 736 103 410 291 319 813 612 603 266 456 0 168 323 865 495 264 478 922 995 124 51 562 284 421 361 533 477 545 932 476 302 946 262 482 135 927 657 280 301 208 508 276 214 457 136 412 210 212 284 852 769 975 587 612 765 978 937 922 161 549 453 826 774 488 852 127 206 434 403 402 920 210 279 822 169 520 835
307 604 230 343 838 291 861 421 677 124 351 423 259 754 571 543 206 397 168 0 263 806 454 205 609 863 935 255 182 503 225 361 302 474 417 503 872 416 433 887 393 422 204 868 597 221 433 277 467 216 155 397 205 353 231 344 225 793 710 916 545 571 706 919 877 862 101 490 393 767 715 620 793 148 146 374 343 533 861 150 219 762 24 461 775
88 406 385 125 620 166 642 203 458 279 132 437 134 535 352 325 175 178 323 263 0 587 236 174 412 644 717 410 337 284 235 142 83 255 199 285 654 198 447 668 407 204 358 649 379 96 447 432 248 185 309 179 359 134 386 358 99 574 491 697 327 352 487 700 658 644 201 271 175 548 496 422 574 303 157 156 125 336 642 305 188 543 264 242 557
535 637 928 636 353 708 376 437 178 821 516 948 676 97 723 572 718 580 865 806 587 0 606 716 643 206 450 952 880 587 777 685 626 502 600 656 215 500 959 402 919 574 901 211 249 638 958 975 619 728 852 481 902 677 929 869 642 70 141 259 697 723 137 434 220 205 744 518 576 110 146 628 136 845 699 557 667 706 204 847 731 193 807 545 118
252 202 576 152 639 357 662 222 477 470 233 410 325 554 148 211 366 296 495 454 236 606 0 365 208 663 736 583 510 208 426 235 186 142 317 81 673 136 420 688 380 90 550 669 398 287 420 586 44 377 500 153 551 226 577 331 291 593 510 716 123 148 507 719 678 663 392 158 293 567 516 218 593 494 348 274 228 132 661 496 379 563 456 166 576
217 535 327 254 749 202 772 332 587 221 262 519 170 664 481 454 37 308 264 205 174 716 365 0 541 773 846 352 279 413 177 272 212 384 328 414 783 327 530 798 490 333 300 779 508 132 529 374 378 47 251 308 301 263 328 440 135 703 620 826 456 481 617 829 788 773 143 401 304 677 626 551 703 244 98 285 254 465 771 246 49 673 206 371 686
428 42 603 328 675 533 698 398 514 544 409 392 501 591 324 387 542 472 478 609 412 643 208 541 0 700 772 565 492 384 602 411 362 318 493 257 710 312 403 724 363 266 576 705 434 463 402 568 220 552 656 329 577 402 651 313 467 630 547 753 299 324 543 756 714 699 568 334 469 604 552 58 630 568 524 450 403 114 698 651 555 599 611 342 612
592 694 985 693 410 765 433 494 235 879 573 1005 734 154 780 629 775 637 922 863 644 206 663 773 700 0 507 1009 937 644 835 742 683 559 657 713 47 557 1016 459 976 631 958 42 306 695 1015 1032 676 785 909 538 959 734 986 926 699 193 198 222 755 780 194 491 183 169 801 576 633 128 203 685 99 902 756 615 724 763 35 904 788 250 864 602 114
665 766 1057 766 122 838 145 566 321 951 646 1078 806 398 852 701 847 709 995 935 717 450 736 846 772 507 0 1082 1009 716 907 815 755 632 730 785 517 630 1088 108 1048 704 1031 512 378 768 1088 1104 749 857 981 611 1031 806 1058 999 772 437 354 560 827 852 350 68 521 507 873 648 706 411 359 757 437 975 829 687 797 836 505 977 860 406 937 674 419
454 559 248 490 985 438 1008 568 824 190 498 378 406 900 699 690 353 544 124 255 410 952 583 352 565 1009 1082 0 138 649 372 508 448 620 564 632 1019 563 389 1034 349 569 222 1015 744 368 388 295 595 363 301 544 223 499 297 299 371 939 856 1062 674 699 853 1066 1024 1009 248 637 540 913 862 575 940 214 293 521 490 489 1008 297 366 909 257 607 922
381 487 176 417 912 365 935 495 751 117 425 306 333 828 626 617 280 471 51 182 337 880 510 279 492 937 1009 138 0 577 299 435 376 548 491 559 946 490 316 961 276 496 149 942 671 295 316 223 523 290 229 471 150 427 224 227 299 867 784 990 601 626 780 993 951 936 175 564 467 841 789 503 867 141 220 449 417 416 935 224 293 836 184 535 849
232 378 625 238 620 405 642 203 458 519 213 550 374 535 324 297 415 277 562 503 284 587 208 413 384 644 716 649 577 0 475 321 272 227 297 257 654 116 560 668 520 176 598 649 379 335 560 672 221 425 549 134 599 312 626 471 339 574 491 697 299 324 487 700 658 644 441 244 273 548 496 394 574 542 396 255 313 308 642 544 428 543 504 81 556
279 596 347 315 810 263 833 393 649 241 323 539 231 726 543 515 178 369 284 225 235 777 426 177 602 835 907 372 299 475 0 333 273 446 389 475 844 388 550 859 510 394 320 840 569 193 549 394 439 188 271 369 321 325 348 460 197 764 682 888 517 543 678 891 849 834 163 462 365 739 687 612 765 264 118 346 315 526 833 266 191 734 226 433 747
186 405 483 124 718 264 740 301 556 377 230 386 232 633 351 324 273 276 421 361 142 685 235 272 411 742 815 508 435 321 333 0 93 254 297 284 752 248 396 766 356 203 457 747 477 194 396 530 248 283 407 266 457 40 484 307 198 672 589 795 326 351 585 798 757 742 299 271 273 646 594 421 672 401 255 254 57 335 740 403 286 642 362 279 655
127 356 424 75 658 204 681 241 497 317 171 387 172 574 303 275 214 217 361 302 83 626 186 212 362 683 755 448 376 272 273 93 0 206 238 235 693 200 398 707 358 154 397 688 417 134 397 471 199 224 348 217 398 85 425 308 138 613 530 736 277 303 526 739 697 682 240 222 214 587 535 372 613 341 195 195 75 286 681 343 227 582 303 230 595
271 312 596 172 535 376 557 241 373 490 252 484 345 450 258 103 386 316 533 474 255 502 142 384 318 559 632 620 548 227 446 254 206 0 336 191 569 155 494 583 454 110 569 565 294 306 494 643 154 396 520 172 570 246 597 405 310 489 406 612 233 258 402 615 574 559 412 49 312 463 412 326 489 513 367 293 247 242 557 515 399 459 475 185 472
147 487 540 279 633 320 656 216 472 433 146 591 288 548 433 406 330 66 477 417 199 600 317 328 493 657 730 564 491 297 389 297 238 336 0 366 667 211 602 682 562 285 513 663 392 250 601 586 330 340 464 192 514 289 541 512 254 587 504 710 408 433 501 714 672 657 356 353 63 561 510 503 588 457 311 87 279 417 656 459 343 557 419 255 570
301 251 626 201 688 406 711 271 527 519 282 459 374 604 98 260 416 346 545 503 285 656 81 414 257 713 785 632 559 257 475 284 235 191 366 0 722 185 470 737 430 139 599 718 447 336 469 635 94 426 550 202 600 276 627 380 340 643 560 766 72 98 556 769 727 712 442 207 342 617 565 267 643 543 397 323 277 181 711 545 429 612 505 215 625
602 704 995 703 420 775 443 503 245 888 583 1015 743 164 790 639 785 647 932 872 654 215 673 783 710 47 517 1019 946 654 844 752 693 569 667 722 0 567 1026 469 986 641 968 52 316 705 1025 1041 686 795 919 548 969 744 996 936 709 202 208 232 764 790 204 501 193 179 811 585 643 138 213 695 109 912 766 624 734 773 45 914 797 260 874 612 123
146 306 538 166 533 319 556 116 372 432 127 478 287 448 252 225 328 190 476 416 198 500 136 327 312 557 630 563 490 116 388 248 200 155 211 185 567 0 488 582 448 104 512 563 292 249 488 585 149 339 462 47 513 240 539 399 253 487 404 610 227 252 401 614 572 557 354 171 187 461 410 322 488 456 310 168 241 236 556 458 341 457 418 74 470
491 397 427 364 991 569 1014 574 830 368 535 34 537 907 537 563 531 581 302 433 447 959 420 530 403 1016 1088 389 316 560 550 396 398 494 602 470 1026 488 0 1040 67 443 400 1021 750 498 44 392 433 541 479 505 401 388 475 137 502 946 863 1069 512 537 859 1072 1030 1015 426 510 578 920 868 413 946 392 471 559 405 327 1014 475 544 915 435 518 928
616 718 1009 718 74 790 96 518 273 903 597 1030 758 350 804 653 799 661 946 887 668 402 688 798 724 459 108 1034 961 668 859 766 707 583 682 737 469 582 1040 0 1000 656 982 464 330 720 1040 1056 700 809 933 563 983 758 1010 951 723 389 306 512 779 804 302 92 473 459 825 600 658 363 311 709 389 927 780 639 748 788 457 928 812 358 888 626 371
451 357 387 324 951 529 974 534 790 328 495 56 497 867 497 523 491 541 262 393 407 919 380 490 363 976 1048 349 276 520 510 356 358 454 562 430 986 448 67 1000 0 403 360 981 710 458 66 352 393 501 439 465 361 348 435 97 462 906 823 1029 472 497 819 1032 990 975 386 470 538 880 828 373 906 352 431 519 365 287 974 435 504 875 395 478 888
220 260 544 120 607 325 630 190 445 438 201 432 293 522 207 179 334 264 482 422 204 574 90 333 266 631 704 569 496 176 394 203 154 110 285 139 641 104 443 656 403 0 518 637 366 255 442 591 103 344 468 121 519 194 545 353 259 561 478 684 181 207 474 687 646 631 360 126 261 535 484 276 561 462 316 242 195 190 629 464 347 531 424 134 544
402 570 58 439 934 386 956 517 772 139 446 389 355 849 666 639 302 492 135 204 358 901 550 300 576 958 1031 222 149 598 320 457 397 569 513 599 968 512 400 982 360 518 0 963 693 316 400 105 563 312 250 493 32 448 246 311 320 888 805 1011 641 666 801 1014 973 958 197 585 489 862 810 587 888 162 242 470 439 500 956 246 315 858 205 556 871
597 699 990 699 416 771 438 499 240 884 578 1011 739 159 785 634 780 642 927 868 649 211 669 779 705 42 512 1015 942 649 840 747 688 565 663 718 52 563 1021 464 981 637 963 0 311 701 1021 1037 681 790 914 544 964 739 991 932 704 198 203 227 760 785 199 496 189 174 806 581 639 133 208 690 104 908 761 620 729 769 41 910 793 255 869 607 119
327 429 719 428 282 500 304 228 120 613 308 740 468 197 515 363 509 371 657 597 379 249 398 508 434 306 378 744 671 379 569 477 417 294 392 447 316 292 750 330 710 366 693 311 0 430 750 766 411 520 644 273 694 469 720 661 434 236 153 359 489 515 149 362 320 306 536 310 368 210 158 420 236 637 491 349 459 498 304 639 522 205 599 337 218
139 457 343 176 671 124 694 254 509 237 184 488 92 586 403 376 133 230 280 221 96 638 287 132 463 695 768 368 295 335 193 194 134 306 250 336 705 249 498 720 458 255 316 701 430 0 498 390 300 143 267 230 317 185 344 409 57 625 542 748 378 403 539 752 710 695 159 323 226 599 548 473 625 261 115 207 176 387 694 263 146 595 222 293 608
491 397 426 363 991 568 1014 574 830 368 535 33 536 907 537 563 531 581 301 433 447 958 420 529 402 1015 1088 388 316 560 549 396 397 494 601 469 1025 488 44 1040 66 442 400 1021 750 498 0 392 433 541 479 505 401 388 475 137 502 945 863 1069 511 537 859 1072 1030 1015 426 510 577 920 868 413 946 391 471 558 404 327 1014 474 544 915 434 518 928
476 562 84 512 1007 460 1030 590 846 212 520 382 428 923 702 712 375 566 208 277 432 975 586 374 568 1032 1104 295 223 672 394 530 471 643 586 635 1041 585 392 1056 352 591 105 1037 766 390 392 0 599 385 324 566 106 522 319 303 394 962 879 1085 677 702 875 1088 1046 1031 270 659 562 936 884 579 962 236 315 544 512 492 1030 319 388 931 279 630 944
265 215 589 165 652 370 674 235 490 483 245 423 338 567 161 224 379 309 508 467 248 619 44 378 220 676 749 595 523 221 439 248 199 154 330 94 686 149 433 700 393 103 563 681 411 300 433 599 0 389 513 166 563 239 590 344 304 606 523 729 136 161 519 732 690 676 405 171 306 580 528 231 606 507 361 287 240 144 674 509 392 575 468 179 589
229 547 339 266 761 213 783 344 599 232 273 531 181 676 493 465 48 319 276 216 185 728 377 47 552 785 857 363 290 425 188 283 224 396 340 426 795 339 541 809 501 344 312 790 520 143 541 385 389 0 263 319 313 275 340 452 147 715 632 838 468 493 628 841 799 785 155 412 316 689 637 563 715 256 110 297 265 477 783 258 61 684 218 383 697
353 650 277 390 885 337 907 468 723 171 397 469 305 800 617 589 253 443 214 155 309 852 500 251 656 909 981 301 229 549 271 407 348 520 464 550 919 462 479 933 439 468 250 914 644 267 479 324 513 263 0 443 251 399 278 390 271 839 756 962 592 617 752 965 923 909 147 536 440 813 761 666 839 194 193 421 389 580 907 57 265 808 156 507 821
127 323 519 183 514 300 537 97 352 413 108 495 268 429 269 242 309 171 457 397 179 481 153 308 329 538 611 544 471 134 369 266 217 172 192 202 548 47 505 563 465 121 493 544 273 230 505 566 166 319 443 0 494 257 520 416 234 468 385 591 244 269 382 595 553 538 335 189 168 442 391 339 469 437 291 149 258 253 537 439 322 438 399 92 451
403 571 59 440 935 387 957 518 773 140 447 390 355 850 667 639 303 493 136 205 359 902 551 301 577 959 1031 223 150 599 321 457 398 570 514 600 969 513 401 983 361 519 32 964 694 317 401 106 563 313 251 494 0 449 247 311 321 889 806 1012 642 667 802 1015 973 959 198 586 490 863 811 587 889 163 243 471 439 501 957 246 316 858 206 557 871
178 397 475 116 709 255 732 292 548 369 222 378 224 625 343 315 265 268 412 353 134 677 226 263 402 734 806 499 427 312 325 40 85 246 289 276 744 240 388 758 348 194 448 739 469 185 388 522 239 275 399 257 449 0 476 299 189 664 581 787 318 343 577 790 748 734 291 262 265 638 586 413 664 392 246 246 49 327 732 394 278 633 354 270 646
430 646 272 466 961 414 984 544 800 142 474 465 382 877 694 666 329 520 210 231 386 929 577 328 651 986 1058 297 224 626 348 484 425 597 541 627 996 539 475 1010 435 545 246 991 720 344 475 319 590 340 278 520 247 476 0 386 348 916 833 1039 669 694 829 1042 1000 985 224 613 517 890 838 662 916 166 270 498 466 576 984 273 342 885 233 584 898
402 308 337 274 902 479 925 485 741 279 446 127 447 817 447 474 442 492 212 344 358 869 331 440 313 926 999 299 227 471 460 307 308 405 512 380 936 399 137 951 97 353 311 932 661 409 137 303 344 452 390 416 311 299 386 0 413 856 773 979 422 447 770 983 941 926 337 421 488 830 779 324 857 302 382 469 315 237 925 385 455 826 345 429 839
143 461 347 180 675 127 697 258 513 241 187 492 96 590 407 380 137 233 284 225 99 642 291 135 467 699 772 371 299 339 197 198 138 310 254 340 709 253 502 723 462 259 320 704 434 57 502 394 304 147 271 234 321 189 348 413 0 629 546 752 382 407 542 755 713 699 163 326 230 603 551 477 629 264 118 211 180 391 697 266 150 598 226 297 612
522 624 915 623 340 695 363 424 165 808 503 935 663 84 710 559 705 567 852 793 574 70 593 703 630 193 437 939 867 574 764 672 613 489 587 643 202 487 946 389 906 561 888 198 236 625 945 962 606 715 839 468 889 664 916 856 629 0 128 246 684 710 124 421 207 192 731 505 563 97 133 615 123 832 686 544 654 693 191 834 718 180 794 532 105
439 541 832 540 257 612 280 341 82 726 420 852 581 89 627 476 622 484 769 710 491 141 510 620 547 198 354 856 784 491 682 589 530 406 504 560 208 404 863 306 823 478 805 203 153 542 863 879 523 632 756 385 806 581 833 773 546 128 0 251 602 627 41 338 212 197 648 423 480 102 50 532 128 749 603 462 571 610 196 751 635 97 711 449 110
645 747 1038 746 463 818 486 547 288 932 626 1058 787 207 833 682 828 690 975 916 697 259 716 826 753 222 560 1062 990 697 888 795 736 612 710 766 232 610 1069 512 1029 684 1011 227 359 748 1069 1085 729 838 962 591 1012 787 1039 979 752 246 251 0 808 833 247 544 101 86 854 629 686 181 256 738 152 955 809 668 777 816 220 957 841 303 917 655 167
343 293 667 243 730 448 753 313 569 561 324 501 416 646 86 302 458 388 587 545 327 697 123 456 299 755 827 674 601 299 517 326 277 233 408 72 764 227 512 779 472 181 641 760 489 378 511 677 136 468 592 244 642 318 669 422 382 684 602 808 0 86 598 811 769 754 484 249 384 659 607 309 685 585 439 365 319 223 753 587 470 654 547 257 667
368 318 693 269 756 474 778 339 594 587 349 526 442 671 111 328 483 413 612 571 352 723 148 481 324 780 852 699 626 324 543 351 303 258 433 98 790 252 537 804 497 207 666 785 515 403 537 702 161 493 617 269 667 343 694 447 407 710 627 833 86 0 623 836 794 780 509 274 409 684 632 334 710 610 464 391 344 248 778 612 496 679 572 282 692
435 537 828 537 253 609 276 337 78 722 416 849 577 85 623 472 618 480 765 706 487 137 507 617 543 194 350 853 780 487 678 585 526 402 501 556 204 401 859 302 819 474 801 199 149 539 859 875 519 628 752 382 802 577 829 770 542 124 41 247 598 623 0 334 208 194 644 419 477 98 27 528 124 746 599 458 567 607 192 747 631 74 707 445 106
648 750 1041 749 106 822 128 550 305 935 629 1061 790 382 836 685 831 693 978 919 700 434 719 829 756 491 68 1066 993 700 891 798 739 615 714 769 501 614 1072 92 1032 687 1014 496 362 752 1072 1088 732 841 965 595 1015 790 1042 983 755 421 338 544 811 836 334 0 505 490 857 632 690 395 343 741 421 958 812 671 780 820 489 960 844 390 920 658 403
607 708 999 708 425 780 447 508 249 893 587 1020 748 168 794 643 789 651 937 877 658 220 678 788 714 183 521 1024 951 658 849 757 697 574 672 727 193 572 1030 473 990 646 973 189 320 710 1030 1046 690 799 923 553 973 748 1000 941 713 207 212 101 769 794 208 505 0 47 815 590 648 142 217 699 114 917 771 629 739 778 182 919 802 264 878 616 128
592 694 984 693 410 765 432 493 235 878 573 1005 733 153 780 628 774 636 922 862 644 205 663 773 699 169 507 1009 936 644 834 742 682 559 657 712 179 557 1015 459 975 631 958 174 306 695 1015 1031 676 785 909 538 959 734 985 926 699 192 197 86 754 780 194 490 47 0 801 575 633 128 203 685 99 902 756 614 724 763 167 904 787 250 864 602 113
245 563 223 282 777 229 799 360 615 117 289 415 197 692 509 481 144 335 161 101 201 744 392 143 568 801 873 248 175 441 163 299 240 412 356 442 811 354 426 825 386 360 197 806 536 159 426 270 405 155 147 335 198 291 224 337 163 731 648 854 484 509 644 857 815 801 0 428 332 705 653 579 731 141 85 313 281 492 799 143 157 700 103 399 713
287 328 612 188 551 393 574 258 390 506 268 500 361 467 274 119 402 332 549 490 271 518 158 401 334 576 648 637 564 244 462 271 222 49 353 207 585 171 510 600 470 126 585 581 310 323 510 659 171 412 536 189 586 262 613 421 326 505 423 629 249 274 419 632 590 575 428 0 329 480 428 342 506 530 384 310 263 258 574 532 415 475 491 202 488
123 463 516 255 609 296 632 192 448 409 122 567 264 524 409 382 306 42 453 393 175 576 293 304 469 633 706 540 467 273 365 273 214 312 63 342 643 187 578 658 538 261 489 639 368 226 577 562 306 316 440 168 490 265 517 488 230 563 480 686 384 409 477 690 648 633 332 329 0 537 486 479 564 433 287 63 255 393 632 435 319 533 395 231 546
496 598 889 597 314 669 337 398 139 783 477 909 638 58 684 533 679 541 826 767 548 110 567 677 604 128 411 913 841 548 739 646 587 463 561 617 138 461 920 363 880 535 862 133 210 599 920 936 580 689 813 442 863 638 890 830 603 97 102 181 659 684 98 395 142 128 705 480 537 0 107 589 58 806 660 519 628 667 126 808 692 154 768 506 40
445 546 837 546 263 618 285 346 87 731 425 858 586 94 632 481 627 489 774 715 496 146 516 626 552 203 359 862 789 496 687 594 535 412 510 565 213 410 868 311 828 484 810 208 158 548 868 884 528 637 761 391 811 586 838 779 551 133 50 256 607 632 27 343 217 203 653 428 486 107 0 537 133 755 609 467 576 616 201 757 640 83 716 454 115
438 52 613 338 661 543 683 408 499 555 419 403 511 576 334 395 553 483 488 620 422 628 218 551 58 685 757 575 503 394 612 421 372 326 503 267 695 322 413 709 373 276 587 690 420 473 413 579 231 563 666 339 587 413 662 324 477 615 532 738 309 334 528 741 699 685 579 342 479 589 537 0 615 578 534 460 414 124 683 661 566 584 621 352 597
522 624 915 623 340 696 363 424 165 809 503 935 664 84 710 559 705 567 852 793 574 136 593 703 630 99 437 940 867 574 765 672 613 489 588 643 109 488 946 389 906 561 888 104 236 625 946 962 606 715 839 469 889 664 916 857 629 123 128 152 685 710 124 421 114 99 731 506 564 58 133 615 0 832 686 545 654 693 97 834 718 180 794 532 44
346 562 189 383 878 331 901 461 716 59 391 381 299 793 610 583 246 437 127 148 303 845 494 244 568 902 975 214 141 542 264 401 341 513 457 543 912 456 392 927 352 462 162 908 637 261 391 236 507 256 194 437 163 392 166 302 264 832 749 955 585 610 746 958 917 902 141 530 433 806 755 578 832 0 186 414 383 492 900 190 259 802 149 500 815
200 518 269 237 732 185 754 315 570 162 244 461 153 647 464 437 100 290 206 146 157 699 348 98 524 756 829 293 220 396 118 255 195 367 311 397 766 310 471 780 431 316 242 761 491 115 471 315 361 110 193 291 243 246 270 382 118 686 603 809 439 464 599 812 771 756 85 384 287 660 609 534 686 186 0 268 237 448 754 188 113 656 148 354 669
104 444 497 236 590 277 613 173 429 390 103 548 245 506 391 363 287 67 434 374 156 557 274 285 450 615 687 521 449 255 346 254 195 293 87 323 624 168 559 639 519 242 470 620 349 207 558 544 287 297 421 149 471 246 498 469 211 544 462 668 365 391 458 671 629 614 313 310 63 519 467 460 545 414 268 0 236 374 613 416 300 514 376 213 527
168 398 465 117 700 246 722 283 538 359 212 394 214 615 344 316 255 258 403 343 125 667 228 254 403 724 797 490 417 313 315 57 75 247 279 277 734 241 405 748 365 195 439 729 459 176 404 512 240 265 389 258 439 49 466 315 180 654 571 777 319 344 567 780 739 724 281 263 255 628 576 414 654 383 237 236 0 328 722 385 268 624 344 271 637
352 108 527 252 739 457 762 322 577 468 333 316 425 654 248 311 466 396 402 533 336 706 132 465 114 763 836 489 416 308 526 335 286 242 417 181 773 236 327 788 287 190 500 769 498 387 327 492 144 477 580 253 501 327 576 237 391 693 610 816 223 248 607 820 778 763 492 258 393 667 616 124 693 492 448 374 328 0 761 575 479 663 535 266 676
590 692 983 691 408 764 431 492 233 877 571 1003 732 152 778 627 773 635 920 861 642 204 661 771 698 35 505 1008 935 642 833 740 681 557 656 711 45 556 1014 457 974 629 956 41 304 694 1014 1030 674 783 907 537 957 732 984 925 697 191 196 220 753 778 192 489 182 167 799 574 632 126 201 683 97 900 754 613 722 761 0 902 786 248 862 600 112
348 645 272 385 880 333 902 463 718 166 392 464 301 795 612 585 248 438 210 150 305 847 496 246 651 904 977 297 224 544 266 403 343 515 459 545 914 458 475 928 435 464 246 910 639 263 474 319 509 258 57 439 246 394 273 385 266 834 751 957 587 612 747 960 919 904 143 532 435 808 757 661 834 190 188 416 385 575 902 0 261 804 151 502 817
232 549 341 268 763 216 786 346 602 235 276 534 184 679 496 468 51 322 279 219 188 731 379 49 555 788 860 366 293 428 191 286 227 399 343 429 797 341 544 812 504 347 315 793 522 146 544 388 392 61 265 322 316 278 342 455 150 718 635 841 470 496 631 844 802 787 157 415 319 692 640 566 718 259 113 300 268 479 786 261 0 687 221 386 700
492 593 884 593 310 665 332 393 134 778 472 905 633 141 679 528 674 536 822 762 543 193 563 673 599 250 406 909 836 543 734 642 582 459 557 612 260 457 915 358 875 531 858 255 205 595 915 931 575 684 808 438 858 633 885 826 598 180 97 303 654 679 74 390 264 250 700 475 533 154 83 584 180 802 656 514 624 663 248 804 687 0 763 501 163
308 605 232 345 840 292 862 423 678 126 352 424 260 755 572 545 208 398 169 24 264 807 456 206 611 864 937 257 184 504 226 362 303 475 419 505 874 418 435 888 395 424 205 869 599 222 434 279 468 218 156 399 206 354 233 345 226 794 711 917 547 572 707 920 878 864 103 491 395 768 716 621 794 149 148 376 344 535 862 151 221 763 0 462 776
190 336 583 196 578 363 600 161 416 477 171 508 332 493 282 255 373 235 520 461 242 545 166 371 342 602 674 607 535 81 433 279 230 185 255 215 612 74 518 626 478 134 556 607 337 293 518 630 179 383 507 92 557 270 584 429 297 532 449 655 257 282 445 658 616 602 399 202 231 506 454 352 532 500 354 213 271 266 600 502 386 501 462 0 514
505 606 897 606 323 678 345 406 147 791 486 918 646 66 692 541 687 549 835 775 557 118 576 686 612 114 419 922 849 556 747 655 595 472 570 625 123 470 928 371 888 544 871 119 218 608 928 944 589 697 821 451 871 646 898 839 612 105 110 167 667 692 106 403 128 113 713 488 546 40 115 597 44 815 669 527 637 676 112 817 700 163 776 514 0
EOF
