NAME : tsp_problem
TYPE : TSP
DIMENSION : 11
EDGE_WEIGHT_TYPE : EXPLICIT
EDGE_WEIGHT_FORMAT : FULL_MATRIX
EDGE_WEIGHT_SECTION
0 81 404 210 161 91 850 196 826 201 547
81 0 437 243 194 124 883 229 859 234 580
404 437 0 247 478 353 652 327 628 332 438
210 243 247 0 285 160 694 133 669 138 411
161 194 478 285 0 165 924 270 900 275 430
91 124 353 160 165 0 800 145 775 150 517
850 883 652 694 924 800 0 773 141 778 785
196 229 327 133 270 145 773 0 749 43 490
826 859 628 669 900 775 141 749 0 754 761
201 234 332 138 275 150 778 43 754 0 495
547 580 438 411 430 517 785 490 761 495 0
EOF
