NAME : tsp_problem
TYPE : TSP
DIMENSION : 70
EDGE_WEIGHT_TYPE : EXPLICIT
EDGE_WEIGHT_FORMAT : FULL_MATRIX
EDGE_WEIGHT_SECTION
0 750 132 407 499 377 329 699 308 560 660 396 402 250 490 394 274 343 179 392 349 198 648 156 312 453 410 396 320 541 680 423 447 602 440 394 359 436 76 615 369 544 478 548 308 320 557 214 679 246 362 224 468 440 137 266 368 393 381 386 284 499 218 366 236 369 544 145 185 615
750 0 822 874 966 844 754 528 775 390 1247 863 1085 534 957 861 956 742 609 1074 816 751 478 875 478 920 1062 863 787 371 510 890 914 1069 907 1077 826 903 766 445 1051 1011 996 378 707 719 1024 737 509 812 829 943 935 907 827 866 835 860 848 853 751 982 937 1048 556 836 1011 649 602 445
132 822 0 479 571 449 401 771 381 633 602 468 344 323 562 466 216 415 251 334 421 270 720 98 384 525 352 468 392 613 752 496 519 555 512 336 431 508 122 688 310 501 419 620 381 392 515 287 751 319 434 166 540 513 209 239 440 465 453 458 356 441 160 308 308 442 549 217 257 687
407 874 479 0 222 101 281 822 131 684 504 119 513 374 213 33 461 368 435 502 208 236 772 528 436 176 319 161 179 665 804 37 170 326 53 505 123 51 423 739 479 267 252 672 334 345 280 222 803 297 221 463 191 164 484 382 59 157 145 109 161 239 469 365 360 93 267 374 442 739
499 966 571 222 0 159 373 915 223 777 451 137 460 466 81 209 409 460 528 450 300 329 864 520 528 124 267 253 271 757 896 239 118 273 256 453 215 251 515 832 427 215 200 764 426 438 228 314 895 389 313 455 90 111 576 474 184 250 238 145 253 187 461 313 452 164 215 466 534 831
377 844 449 101 159 0 251 793 101 655 441 72 450 345 150 87 398 339 406 440 178 207 742 498 406 114 256 131 149 635 774 117 107 263 134 442 94 130 394 710 416 204 189 643 304 316 217 193 774 268 191 434 128 101 454 353 62 128 116 80 131 176 440 302 330 63 204 344 412 709
329 754 401 281 373 251 0 703 182 565 654 270 523 254 364 268 395 248 357 513 223 159 652 450 316 327 470 270 194 545 684 297 321 476 314 515 233 310 345 620 489 418 403 552 214 225 431 144 683 219 236 385 342 314 406 304 242 267 255 260 158 389 391 487 240 244 418 254 364 619
699 528 771 822 915 793 703 0 724 255 1196 812 1033 483 906 809 905 691 558 1023 765 700 80 823 427 869 1011 812 736 196 57 839 863 1018 856 1026 774 851 715 129 1000 960 945 174 656 668 973 686 192 761 778 891 884 856 776 815 784 809 797 802 699 931 885 997 504 785 960 598 551 115
308 775 381 131 223 101 182 724 0 586 504 120 502 276 214 118 374 270 337 492 109 138 673 429 337 177 320 120 80 566 705 148 171 326 164 495 83 160 325 641 469 268 253 574 235 247 281 124 705 199 122 365 192 164 386 284 92 117 105 110 62 240 371 366 261 94 268 275 343 640
560 390 633 684 777 655 565 255 586 0 1058 674 895 345 768 671 767 553 420 885 627 562 205 685 288 731 873 674 598 97 237 701 724 880 718 888 636 713 577 172 862 822 807 105 518 530 835 548 236 623 640 753 745 718 638 677 646 670 658 664 561 793 747 859 366 647 822 459 413 172
660 1247 602 504 451 441 654 1196 504 1058 0 418 477 748 442 490 425 742 772 467 581 610 1145 537 809 405 283 534 552 1038 1177 520 399 225 537 470 497 533 644 1113 444 289 315 1046 707 719 254 596 1177 648 594 472 420 393 766 504 465 531 519 426 534 336 478 330 733 445 295 738 778 1112
396 863 468 119 137 72 270 812 120 674 418 0 427 363 128 106 375 357 425 417 197 226 761 486 425 91 233 150 168 654 793 136 85 240 153 419 112 148 412 729 394 182 167 661 323 334 195 211 792 286 210 422 106 78 473 371 80 147 135 57 150 153 428 280 349 76 182 363 431 728
402 1085 344 513 460 450 523 1033 502 895 477 427 0 585 451 500 167 610 514 46 543 392 983 279 647 415 227 543 514 876 1015 529 408 430 546 39 506 542 386 950 66 377 295 883 576 587 390 408 1014 390 556 214 429 402 508 246 474 540 528 436 478 316 220 183 571 454 424 480 520 950
250 534 323 374 466 345 254 483 276 345 748 363 585 0 457 361 457 242 277 575 317 252 432 375 124 421 563 364 287 325 464 391 414 570 407 577 326 403 267 400 552 511 496 332 208 220 525 238 463 313 330 443 435 408 328 367 335 360 348 354 251 483 437 549 56 337 511 149 270 399
490 957 562 213 81 150 364 906 214 768 442 128 451 457 0 200 399 451 519 441 291 320 855 511 519 115 257 244 262 748 887 230 109 264 246 444 206 242 506 823 418 206 191 755 417 428 219 305 886 380 304 446 75 102 567 465 174 240 229 136 244 177 452 304 443 155 206 457 525 822
394 861 466 33 209 87 268 809 118 671 490 106 500 361 200 0 448 355 422 489 195 223 759 515 423 163 306 148 166 652 791 50 157 313 67 492 110 62 410 726 466 254 239 659 321 332 267 209 790 284 208 450 178 151 471 369 71 144 132 96 148 226 456 352 347 80 254 361 429 726
274 956 216 461 409 398 395 905 374 767 425 375 167 457 399 448 0 482 385 157 415 264 855 150 519 363 175 462 386 748 887 477 356 378 494 160 424 490 258 822 134 325 243 755 448 459 338 280 886 262 428 86 377 350 380 118 422 459 447 384 350 264 92 131 443 402 372 352 392 822
343 742 415 368 460 339 248 691 270 553 742 357 610 242 451 355 482 0 371 600 310 246 640 468 304 414 557 357 281 533 672 385 408 564 401 602 320 397 359 608 576 505 490 540 70 88 518 231 671 307 323 473 429 402 420 391 329 354 342 348 245 477 479 574 228 331 505 242 378 607
179 609 251 435 528 406 357 558 337 420 772 425 514 277 519 422 385 371 0 503 378 227 507 303 221 482 521 425 349 400 539 452 475 631 469 506 387 464 195 475 480 572 558 407 337 349 586 243 538 275 391 372 496 469 256 295 397 421 409 415 312 544 365 477 265 398 573 174 86 474
392 1074 334 502 450 440 513 1023 492 885 467 417 46 575 441 489 157 600 503 0 533 382 973 268 637 404 217 533 504 866 1005 519 398 420 536 28 496 532 376 940 56 366 284 873 566 577 380 398 1004 380 546 204 419 392 498 236 464 530 518 425 468 305 210 173 561 444 414 470 510 940
349 816 421 208 300 178 223 765 109 627 581 197 543 317 291 195 415 310 378 533 0 179 714 470 378 254 397 197 49 607 746 224 248 403 241 535 160 237 366 682 509 345 330 615 276 288 358 164 746 240 28 406 269 241 426 324 169 194 182 187 103 316 412 443 302 171 345 316 384 681
198 751 270 236 329 207 159 700 138 562 610 226 392 252 320 223 264 246 227 382 179 0 650 319 314 283 400 226 150 542 682 253 276 432 270 384 188 265 214 617 358 374 359 550 211 223 387 46 681 89 192 255 297 270 275 173 198 222 211 216 113 345 261 356 238 199 374 193 233 617
648 478 720 772 864 742 652 80 673 205 1145 761 983 432 855 759 855 640 507 973 714 650 0 773 376 818 961 761 685 146 61 789 812 968 805 975 724 801 664 78 949 909 894 124 606 617 922 635 142 710 727 841 833 806 725 764 733 758 746 751 649 881 835 947 454 735 909 547 501 64
156 875 98 528 520 498 450 823 429 685 537 486 279 375 511 515 150 468 303 268 470 319 773 0 437 474 286 517 441 666 805 545 468 490 561 271 480 557 139 740 245 436 354 673 433 445 449 336 804 318 483 141 488 461 261 173 489 514 502 495 405 375 147 242 361 491 484 270 310 740
312 478 384 436 528 406 316 427 337 288 809 425 647 124 519 423 519 304 221 637 378 314 376 437 0 482 625 425 349 269 408 453 476 632 469 639 388 465 328 343 613 573 558 276 270 281 586 299 407 374 391 505 497 470 389 428 397 422 410 415 313 545 499 611 118 399 573 211 214 343
453 920 525 176 124 114 327 869 177 731 405 91 415 421 115 163 363 414 482 404 254 283 818 474 482 0 221 207 225 711 850 193 72 228 210 407 170 205 470 786 381 169 154 719 380 392 182 269 850 344 267 409 93 66 530 428 138 204 192 99 207 141 415 267 406 118 169 420 488 785
410 1062 352 319 267 256 470 1011 320 873 283 233 227 563 257 306 175 557 521 217 397 400 961 286 625 221 0 349 367 853 993 335 214 236 352 219 312 348 393 928 193 183 101 861 522 534 196 411 992 398 410 222 235 208 516 254 280 346 334 242 349 122 228 116 549 260 230 488 528 928
396 863 468 161 253 131 270 812 120 674 534 150 543 364 244 148 462 357 425 533 197 226 761 517 425 207 349 0 168 654 793 177 201 356 194 536 97 190 413 729 510 298 283 662 323 335 311 211 793 287 210 453 222 194 473 371 122 97 83 140 150 269 459 396 349 123 298 363 431 728
320 787 392 179 271 149 194 736 80 598 552 168 514 287 262 166 386 281 349 504 49 150 685 441 349 225 367 168 0 578 717 195 219 374 212 506 131 208 336 653 480 316 301 585 247 259 329 135 716 210 62 377 240 212 397 295 140 165 153 158 74 287 383 414 273 141 316 287 355 652
541 371 613 665 757 635 545 196 566 97 1038 654 876 325 748 652 748 533 400 866 607 542 146 666 269 711 853 654 578 0 178 681 705 860 698 868 617 694 557 113 842 802 787 66 499 510 815 528 177 603 620 734 726 698 618 657 626 651 639 644 542 773 728 839 347 627 802 440 393 113
680 510 752 804 896 774 684 57 705 237 1177 793 1015 464 887 791 887 672 539 1005 746 682 61 805 408 850 993 793 717 178 0 821 844 1000 837 1007 756 833 696 110 981 941 926 156 638 649 954 667 174 742 759 873 865 838 757 796 765 790 778 783 681 913 867 979 486 767 941 579 533 96
423 890 496 37 239 117 297 839 148 701 520 136 529 391 230 50 477 385 452 519 224 253 789 545 453 193 335 177 195 681 821 0 187 342 33 522 140 67 440 756 496 284 269 689 350 362 297 239 820 314 237 480 208 180 501 399 76 174 162 126 177 255 486 382 377 110 284 390 459 756
447 914 519 170 118 107 321 863 171 724 399 85 408 414 109 157 356 408 475 398 248 276 812 468 476 72 214 201 219 705 844 187 0 221 203 400 163 199 463 779 375 163 148 712 374 385 176 262 843 337 261 403 87 59 524 422 131 197 185 93 201 134 409 261 400 111 163 414 482 779
602 1069 555 326 273 263 476 1018 326 880 225 240 430 570 264 313 378 564 631 420 403 432 968 490 632 228 236 356 374 860 1000 342 221 0 359 423 319 355 597 935 397 111 175 868 529 541 76 418 999 493 416 425 242 215 680 457 287 353 341 249 356 161 431 283 556 267 237 569 638 935
440 907 512 53 256 134 314 856 164 718 537 153 546 407 246 67 494 401 469 536 241 270 805 561 469 210 352 194 212 698 837 33 203 359 0 538 156 84 456 773 512 300 285 705 367 379 314 255 836 330 254 497 224 197 517 415 93 191 179 143 194 272 503 398 393 126 300 407 475 772
394 1077 336 505 453 442 515 1026 495 888 470 419 39 577 444 492 160 602 506 28 535 384 975 271 639 407 219 536 506 868 1007 522 400 423 538 0 498 534 378 943 58 369 287 875 568 580 382 401 1006 383 548 206 421 394 500 238 466 532 520 428 470 308 212 175 563 446 416 472 512 942
359 826 431 123 215 94 233 774 83 636 497 112 506 326 206 110 424 320 387 496 160 188 724 480 388 170 312 97 131 617 756 140 163 319 156 498 0 152 375 691 472 260 245 624 286 297 274 174 755 249 173 415 184 157 436 334 84 66 53 103 113 232 421 358 312 86 260 326 394 691
436 903 508 51 251 130 310 851 160 713 533 148 542 403 242 62 490 397 464 532 237 265 801 557 465 205 348 190 208 694 833 67 199 355 84 534 152 0 452 768 508 296 281 701 363 374 309 251 832 326 250 492 220 193 513 411 88 186 174 139 190 268 498 394 389 122 296 403 471 768
76 766 122 423 515 394 345 715 325 577 644 412 386 267 506 410 258 359 195 376 366 214 664 139 328 470 393 413 336 557 696 440 463 597 456 378 375 452 0 632 352 543 461 565 325 336 556 231 696 263 379 207 484 457 153 280 384 409 397 403 300 482 201 350 252 386 560 162 202 631
615 445 688 739 832 710 620 129 641 172 1113 729 950 400 823 726 822 608 475 940 682 617 78 740 343 786 928 729 653 113 110 756 779 935 773 943 691 768 632 0 917 877 862 91 573 585 890 603 74 678 695 808 800 773 693 732 701 725 714 719 616 848 802 914 421 702 877 514 468 45
369 1051 310 479 427 416 489 1000 469 862 444 394 66 552 418 466 134 576 480 56 509 358 949 245 613 381 193 510 480 842 981 496 375 397 512 58 472 508 352 917 0 343 261 850 542 554 356 375 980 357 522 180 396 368 474 212 440 506 494 402 444 282 186 149 537 420 391 446 486 916
544 1011 501 267 215 204 418 960 268 822 289 182 377 511 206 254 325 505 572 366 345 374 909 436 573 169 183 298 316 802 941 284 163 111 300 369 260 296 543 877 343 0 116 809 471 482 66 359 940 434 358 371 184 156 621 403 228 294 283 190 298 103 377 229 497 209 179 511 579 876
478 996 419 252 200 189 403 945 253 807 315 167 295 496 191 239 243 490 558 284 330 359 894 354 558 154 101 283 301 787 926 269 148 175 285 287 245 281 461 862 261 116 0 794 456 467 129 344 925 419 343 289 169 141 583 321 213 279 268 175 283 55 295 147 482 194 164 496 564 861
548 378 620 672 764 643 552 174 574 105 1046 661 883 332 755 659 755 540 407 873 615 550 124 673 276 719 861 662 585 66 156 689 712 868 705 875 624 701 565 91 850 809 794 0 506 518 823 536 155 611 628 741 733 706 626 664 633 658 646 652 549 781 735 847 354 635 809 447 401 91
308 707 381 334 426 304 214 656 235 518 707 323 576 208 417 321 448 70 337 566 276 211 606 433 270 380 522 323 247 499 638 350 374 529 367 568 286 363 325 573 542 471 456 506 0 53 484 197 637 272 289 438 395 367 386 357 295 320 308 313 211 442 444 539 194 296 471 207 344 573
320 719 392 345 438 316 225 668 247 530 719 334 587 220 428 332 459 88 349 577 288 223 617 445 281 392 534 335 259 510 649 362 385 541 379 580 297 374 336 585 554 482 467 518 53 0 496 209 649 284 301 450 406 379 397 369 306 331 319 325 222 454 456 551 205 308 482 219 355 584
557 1024 515 280 228 217 431 973 281 835 254 195 390 525 219 267 338 518 586 380 358 387 922 449 586 182 196 311 329 815 954 297 176 76 314 382 274 309 556 890 356 66 129 823 484 496 0 372 953 448 371 384 197 170 634 417 242 308 296 203 311 116 390 242 510 222 192 524 592 889
214 737 287 222 314 193 144 686 124 548 596 211 408 238 305 209 280 231 243 398 164 46 635 336 299 269 411 211 135 528 667 239 262 418 255 401 174 251 231 603 375 359 344 536 197 209 372 0 667 105 177 271 283 256 292 190 183 208 196 202 99 331 277 372 223 185 359 210 250 602
679 509 751 803 895 774 683 192 705 236 1177 792 1014 463 886 790 886 671 538 1004 746 681 142 804 407 850 992 793 716 177 174 820 843 999 836 1006 755 832 696 74 980 940 925 155 637 649 953 667 0 742 759 872 864 837 756 795 764 789 777 783 680 912 866 978 485 766 940 578 532 109
246 812 319 297 389 268 219 761 199 623 648 286 390 313 380 284 262 307 275 380 240 89 710 318 374 344 398 287 210 603 742 314 337 493 330 383 249 326 263 678 357 434 419 611 272 284 448 105 742 0 253 253 358 331 324 172 258 283 271 277 174 406 259 354 298 260 434 241 282 677
362 829 434 221 313 191 236 778 122 640 594 210 556 330 304 208 428 323 391 546 28 192 727 483 391 267 410 210 62 620 759 237 261 416 254 548 173 250 379 695 522 358 343 628 289 301 371 177 759 253 0 419 282 254 439 337 182 207 195 200 116 329 425 456 315 184 358 329 397 694
224 943 166 463 455 434 385 891 365 753 472 422 214 443 446 450 86 473 372 204 406 255 841 141 505 409 222 453 377 734 873 480 403 425 497 206 415 492 207 808 180 371 289 741 438 450 384 271 872 253 419 0 424 397 330 109 424 449 437 430 340 310 83 178 429 426 419 338 378 808
468 935 540 191 90 128 342 884 192 745 420 106 429 435 75 178 377 429 496 419 269 297 833 488 497 93 235 222 240 726 865 208 87 242 224 421 184 220 484 800 396 184 169 733 395 406 197 283 864 358 282 424 0 80 545 443 152 218 206 114 222 155 430 282 421 132 184 435 503 800
440 907 513 164 111 101 314 856 164 718 393 78 402 408 102 151 350 402 469 392 241 270 806 461 470 66 208 194 212 698 838 180 59 215 197 394 157 193 457 773 368 156 141 706 367 379 170 256 837 331 254 397 80 0 518 416 125 191 179 87 194 128 403 254 394 105 156 407 476 773
137 827 209 484 576 454 406 776 386 638 766 473 508 328 567 471 380 420 256 498 426 275 725 261 389 530 516 473 397 618 757 501 524 680 517 500 436 513 153 693 474 621 583 626 386 397 634 292 756 324 439 330 545 518 0 343 445 470 458 463 361 593 324 472 313 447 621 222 262 692
266 866 239 382 474 353 304 815 284 677 504 371 246 367 465 369 118 391 295 236 324 173 764 173 428 428 254 371 295 657 796 399 422 457 415 238 334 411 280 732 212 403 321 664 357 369 417 190 795 172 337 109 443 416 343 0 343 368 356 362 259 342 115 210 352 345 451 261 301 731
368 835 440 59 184 62 242 784 92 646 465 80 474 335 174 71 422 329 397 464 169 198 733 489 397 138 280 122 140 626 765 76 131 287 93 466 84 88 384 701 440 228 213 633 295 306 242 183 764 258 182 424 152 125 445 343 0 119 107 71 122 200 430 326 321 54 228 335 403 700
393 860 465 157 250 128 267 809 117 670 531 147 540 360 240 144 459 354 421 530 194 222 758 514 422 204 346 97 165 651 790 174 197 353 191 532 66 186 409 725 506 294 279 658 320 331 308 208 789 283 207 449 218 191 470 368 119 0 53 137 147 266 455 392 346 120 294 360 428 725
381 848 453 145 238 116 255 797 105 658 519 135 528 348 229 132 447 342 409 518 182 211 746 502 410 192 334 83 153 639 778 162 185 341 179 520 53 174 397 714 494 283 268 646 308 319 296 196 777 271 195 437 206 179 458 356 107 53 0 125 135 254 443 381 334 108 283 348 416 713
386 853 458 109 145 80 260 802 110 664 426 57 436 354 136 96 384 348 415 425 187 216 751 495 415 99 242 140 158 644 783 126 93 249 143 428 103 139 403 719 402 190 175 652 313 325 203 202 783 277 200 430 114 87 463 362 71 137 125 0 140 162 436 288 339 72 190 353 421 718
284 751 356 161 253 131 158 699 62 561 534 150 478 251 244 148 350 245 312 468 103 113 649 405 313 207 349 150 74 542 681 177 201 356 194 470 113 190 300 616 444 298 283 549 211 222 311 99 680 174 116 340 222 194 361 259 122 147 135 140 0 269 346 396 237 123 298 251 319 616
499 982 441 239 187 176 389 931 240 793 336 153 316 483 177 226 264 477 544 305 316 345 881 375 545 141 122 269 287 773 913 255 134 161 272 308 232 268 482 848 282 103 55 781 442 454 116 331 912 406 329 310 155 128 593 342 200 266 254 162 269 0 316 168 469 180 150 482 551 848
218 937 160 469 461 440 391 885 371 747 478 428 220 437 452 456 92 479 365 210 412 261 835 147 499 415 228 459 383 728 867 486 409 431 503 212 421 498 201 802 186 377 295 735 444 456 390 277 866 259 425 83 430 403 324 115 430 455 443 436 346 316 0 184 423 432 425 332 372 802
366 1048 308 365 313 302 487 997 366 859 330 280 183 549 304 352 131 574 477 173 443 356 947 242 611 267 116 396 414 839 979 382 261 283 398 175 358 394 350 914 149 229 147 847 539 551 242 372 978 354 456 178 282 254 472 210 326 392 381 288 396 168 184 0 535 307 277 444 484 914
236 556 308 360 452 330 240 504 261 366 733 349 571 56 443 347 443 228 265 561 302 238 454 361 118 406 549 349 273 347 486 377 400 556 393 563 312 389 252 421 537 497 482 354 194 205 510 223 485 298 315 429 421 394 313 352 321 346 334 339 237 469 423 535 0 323 497 135 271 421
369 836 442 93 164 63 244 785 94 647 445 76 454 337 155 80 402 331 398 444 171 199 735 491 399 118 260 123 141 627 767 110 111 267 126 446 86 122 386 702 420 209 194 635 296 308 222 185 766 260 184 426 132 105 447 345 54 120 108 72 123 180 432 307 323 0 209 336 405 702
544 1011 549 267 215 204 418 960 268 822 295 182 424 511 206 254 372 505 573 414 345 374 909 484 573 169 230 298 316 802 941 284 163 237 300 416 260 296 560 877 391 179 164 809 471 482 192 359 940 434 358 419 184 156 621 451 228 294 283 190 298 150 425 277 497 209 0 511 579 876
145 649 217 374 466 344 254 598 275 459 738 363 480 149 457 361 352 242 174 470 316 193 547 270 211 420 488 363 287 440 579 390 414 569 407 472 326 403 162 514 446 511 496 447 207 219 524 210 578 241 329 338 435 407 222 261 335 360 348 353 251 482 332 444 135 336 511 0 180 514
185 602 257 442 534 412 364 551 343 413 778 431 520 270 525 429 392 378 86 510 384 233 501 310 214 488 528 431 355 393 533 459 482 638 475 512 394 471 202 468 486 579 564 401 344 355 592 250 532 282 397 378 503 476 262 301 403 428 416 421 319 551 372 484 271 405 579 180 0 468
615 445 687 739 831 709 619 115 640 172 1112 728 950 399 822 726 822 607 474 940 681 617 64 740 343 785 928 728 652 113 96 756 779 935 772 942 691 768 631 45 916 876 861 91 573 584 889 602 109 677 694 808 800 773 692 731 700 725 713 718 616 848 802 914 421 702 876 514 468 0
EOF