NAME : tsp_problem
TYPE : TSP
DIMENSION : 50
EDGE_WEIGHT_TYPE : EXPLICIT
EDGE_WEIGHT_FORMAT : FULL_MATRIX
EDGE_WEIGHT_SECTION
0 447 350 100 487 477 473 828 498 881 350 878 907 976 394 441 525 305 441 203 397 265 324 1003 1029 583 433 958 981 404 793 586 497 369 111 313 465 436 181 960 284 837 903 916 375 235 416 492 977 520
447 0 191 521 73 296 108 446 222 499 125 496 525 594 104 45 112 372 118 372 307 205 165 621 647 201 342 576 599 218 411 173 174 210 372 320 142 51 299 578 488 455 521 533 102 235 234 216 594 197
350 191 0 424 231 156 217 507 288 560 94 557 586 654 138 185 269 232 185 275 374 108 68 682 708 262 409 637 660 285 472 330 241 86 275 180 209 180 202 639 488 516 582 594 119 138 94 282 655 264
100 521 424 0 560 551 546 902 571 955 424 952 981 1049 468 515 599 379 515 277 471 339 398 1077 1103 657 506 1032 1055 477 867 660 570 443 185 387 538 510 255 1034 358 911 977 989 449 309 489 565 1050 593
487 73 231 560 0 284 147 435 261 488 164 485 513 582 144 79 74 360 158 411 347 245 205 610 636 190 382 565 588 257 400 136 214 215 412 309 181 86 339 567 527 444 510 522 141 274 223 255 583 236
477 296 156 551 284 0 344 389 416 442 221 439 467 536 265 302 323 283 312 347 501 235 177 564 590 240 536 519 542 412 354 384 368 137 402 231 336 307 329 521 615 398 464 476 246 265 93 409 537 391
473 108 217 546 147 344 0 520 247 573 150 570 599 668 130 102 186 420 144 397 333 231 191 695 721 275 368 650 673 243 485 247 200 236 398 368 167 97 325 652 513 529 595 607 127 260 282 241 668 222
828 446 507 902 435 389 520 0 634 192 537 105 115 184 517 452 473 592 531 698 719 586 528 211 238 277 755 167 190 630 78 535 586 489 753 582 554 458 680 168 900 60 111 124 514 616 449 628 185 609
498 222 288 571 261 416 247 634 0 687 222 684 713 781 202 216 300 491 141 469 217 302 262 809 835 389 252 764 787 128 599 361 178 308 462 440 146 210 397 766 398 643 709 721 199 332 354 55 782 201
881 499 560 955 488 442 573 192 687 0 590 242 271 340 570 505 526 645 584 751 772 639 581 367 394 330 808 323 346 683 157 588 639 542 806 636 607 511 733 324 953 202 267 280 567 669 502 681 341 662
350 125 94 424 164 221 150 537 222 590 0 587 616 685 72 119 203 297 119 275 308 108 68 712 738 292 343 667 690 219 502 264 175 113 275 245 143 114 202 669 488 546 612 625 53 138 160 216 686 198
878 496 557 952 485 439 570 105 684 242 587 0 184 253 566 502 523 642 580 748 769 636 578 280 307 327 804 236 259 680 127 584 636 538 803 632 604 508 730 237 950 114 180 193 564 666 498 678 254 659
907 525 586 981 513 467 599 115 713 271 616 184 0 110 595 531 552 671 609 777 798 665 607 137 164 356 833 93 116 709 156 613 665 567 832 661 633 537 759 94 979 94 121 134 593 695 527 706 111 688
976 594 654 1049 582 536 668 184 781 340 685 253 110 0 664 600 621 739 678 846 867 734 676 196 223 424 902 60 43 778 225 682 734 636 901 730 702 606 828 153 1048 163 190 203 662 764 596 775 45 757
394 104 138 468 144 265 130 517 202 570 72 566 595 664 0 99 182 341 99 319 287 152 112 692 718 272 323 647 670 198 482 244 154 157 319 289 122 93 246 649 468 526 592 604 82 182 204 196 665 177
441 45 185 515 79 302 102 452 216 505 119 502 531 600 99 0 118 378 113 366 301 199 159 627 653 207 337 582 605 212 417 179 168 205 366 326 136 57 294 584 482 461 527 540 96 229 240 210 601 191
525 112 269 599 74 323 186 473 300 526 203 523 552 621 182 118 0 399 196 450 385 283 243 648 674 228 420 603 626 296 438 110 252 253 450 347 220 124 377 605 566 482 548 561 180 313 261 293 622 275
305 372 232 379 360 283 420 592 491 645 297 642 671 739 341 378 399 0 388 139 556 292 253 767 793 389 592 722 745 488 557 460 444 213 230 83 412 383 208 724 443 601 667 679 322 262 222 485 740 467
441 118 185 515 158 312 144 531 141 584 119 580 609 678 99 113 196 388 0 366 226 199 159 706 732 286 262 661 684 137 496 258 93 204 366 337 61 107 293 663 407 540 606 618 96 229 251 135 679 116
203 372 275 277 411 347 397 698 469 751 275 748 777 846 319 366 450 139 366 0 454 190 249 873 899 453 490 828 851 460 663 511 422 277 128 146 389 361 106 830 341 707 773 785 300 160 286 463 846 445
397 307 374 471 347 501 333 719 217 772 308 769 798 867 287 301 385 556 226 454 0 388 348 894 920 474 58 849 872 123 684 446 263 393 362 525 231 296 432 851 297 728 794 807 285 418 440 211 868 286
265 205 108 339 245 235 231 586 302 639 108 636 665 734 152 199 283 292 199 190 388 0 82 761 787 341 423 716 739 299 551 344 255 127 190 259 223 194 117 718 403 595 661 674 133 53 174 296 735 278
324 165 68 398 205 177 191 528 262 581 68 578 607 676 112 159 243 253 159 249 348 82 0 703 729 283 383 658 681 259 493 304 215 87 249 201 183 154 176 660 462 537 603 615 93 112 116 256 676 238
1003 621 682 1077 610 564 695 211 809 367 712 280 137 196 692 627 648 767 706 873 894 761 703 0 92 452 930 179 202 805 253 710 761 664 928 757 729 633 855 70 1075 191 217 230 689 791 624 803 197 784
1029 647 708 1103 636 590 721 238 835 394 738 307 164 223 718 653 674 793 732 899 920 787 729 92 0 478 956 205 228 831 279 736 787 690 954 784 755 660 882 96 1101 217 244 256 715 817 650 829 224 810
583 201 262 657 190 240 275 277 389 330 292 327 356 424 272 207 228 389 286 453 474 341 283 452 478 0 510 407 430 385 242 289 341 243 508 337 309 213 435 409 655 286 352 364 269 371 252 383 425 364
433 342 409 506 382 536 368 755 252 808 343 804 833 902 323 337 420 592 262 490 58 423 383 930 956 510 0 885 908 158 720 482 299 428 397 561 267 331 468 887 333 764 830 842 320 453 475 246 903 322
958 576 637 1032 565 519 650 167 764 323 667 236 93 60 647 582 603 722 661 828 849 716 658 179 205 407 885 0 66 760 208 665 716 619 883 713 684 588 811 136 1030 146 173 185 644 746 579 758 68 739
981 599 660 1055 588 542 673 190 787 346 690 259 116 43 670 605 626 745 684 851 872 739 681 202 228 430 908 66 0 783 231 688 739 642 906 736 707 611 834 159 1053 169 196 208 667 769 602 781 51 762
404 218 285 477 257 412 243 630 128 683 219 680 709 778 198 212 296 488 137 460 123 299 259 805 831 385 158 760 783 0 595 357 174 304 368 436 142 207 393 762 304 639 705 718 196 329 350 122 779 197
793 411 472 867 400 354 485 78 599 157 502 127 156 225 482 417 438 557 496 663 684 551 493 253 279 242 720 208 231 595 0 500 551 454 718 547 519 423 645 210 865 87 153 165 479 581 414 593 226 574
586 173 330 660 136 384 247 535 361 588 264 584 613 682 244 179 110 460 258 511 446 344 304 710 736 289 482 665 688 357 500 0 313 314 511 408 281 185 439 667 627 544 609 622 241 374 323 355 683 336
497 174 241 570 214 368 200 586 178 639 175 636 665 734 154 168 252 444 93 422 263 255 215 761 787 341 299 716 739 174 551 313 0 260 422 392 53 163 349 718 444 595 661 674 152 285 307 172 735 43
369 210 86 443 215 137 236 489 308 542 113 538 567 636 157 205 253 213 204 277 393 127 87 664 690 243 428 619 642 304 454 314 260 0 294 162 228 199 221 621 507 498 564 576 138 157 76 301 637 283
111 372 275 185 412 402 398 753 462 806 275 803 832 901 319 366 450 230 366 128 362 190 249 928 954 508 397 883 906 368 718 511 422 294 0 238 390 361 106 885 249 762 828 841 300 160 341 456 902 445
313 320 180 387 309 231 368 582 440 636 245 632 661 730 289 326 347 83 337 146 525 259 201 757 784 337 561 713 736 436 547 408 392 162 238 0 360 331 216 714 451 592 657 670 270 270 170 434 731 415
465 142 209 538 181 336 167 554 146 607 143 604 633 702 122 136 220 412 61 389 231 223 183 729 755 309 267 684 707 142 519 281 53 228 390 360 0 131 317 686 412 563 629 641 119 252 274 140 702 75
436 51 180 510 86 307 97 458 210 511 114 508 537 606 93 57 124 383 107 361 296 194 154 633 660 213 331 588 611 207 423 185 163 199 361 331 131 0 288 590 477 467 533 546 91 224 246 204 607 186
181 299 202 255 339 329 325 680 397 733 202 730 759 828 246 294 377 208 293 106 432 117 176 855 882 435 468 811 834 393 645 439 349 221 106 216 317 288 0 812 319 690 755 768 227 87 268 391 829 372
960 578 639 1034 567 521 652 168 766 324 669 237 94 153 649 584 605 724 663 830 851 718 660 70 96 409 887 136 159 762 210 667 718 621 885 714 686 590 812 0 1032 148 174 187 646 748 581 760 154 741
284 488 488 358 527 615 513 900 398 953 488 950 979 1048 468 482 566 443 407 341 297 403 462 1075 1101 655 333 1030 1053 304 865 627 444 507 249 451 412 477 319 1032 0 909 975 987 465 373 554 392 1048 467
837 455 516 911 444 398 529 60 643 202 546 114 94 163 526 461 482 601 540 707 728 595 537 191 217 286 764 146 169 639 87 544 595 498 762 592 563 467 690 148 909 0 91 103 523 625 458 637 164 618
903 521 582 977 510 464 595 111 709 267 612 180 121 190 592 527 548 667 606 773 794 661 603 217 244 352 830 173 196 705 153 609 661 564 828 657 629 533 755 174 975 91 0 64 589 691 524 703 191 684
916 533 594 989 522 476 607 124 721 280 625 193 134 203 604 540 561 679 618 785 807 674 615 230 256 364 842 185 208 718 165 622 674 576 841 670 641 546 768 187 987 103 64 0 601 703 536 715 203 696
375 102 119 449 141 246 127 514 199 567 53 564 593 662 82 96 180 322 96 300 285 133 93 689 715 269 320 644 667 196 479 241 152 138 300 270 119 91 227 646 465 523 589 601 0 163 185 193 662 174
235 235 138 309 274 265 260 616 332 669 138 666 695 764 182 229 313 262 229 160 418 53 112 791 817 371 453 746 769 329 581 374 285 157 160 270 252 224 87 748 373 625 691 703 163 0 203 326 764 307
416 234 94 489 223 93 282 449 354 502 160 498 527 596 204 240 261 222 251 286 440 174 116 624 650 252 475 579 602 350 414 323 307 76 341 170 274 246 268 581 554 458 524 536 185 203 0 348 597 329
492 216 282 565 255 409 241 628 55 681 216 678 706 775 196 210 293 485 135 463 211 296 256 803 829 383 246 758 781 122 593 355 172 301 456 434 140 204 391 760 392 637 703 715 193 326 348 0 776 195
977 594 655 1050 583 537 668 185 782 341 686 254 111 45 665 601 622 740 679 846 868 735 676 197 224 425 903 68 51 779 226 683 735 637 902 731 702 607 829 154 1048 164 191 203 662 764 597 776 0 757
520 197 264 593 236 391 222 609 201 662 198 659 688 757 177 191 275 467 116 445 286 278 238 784 810 364 322 739 762 197 574 336 43 283 445 415 75 186 372 741 467 618 684 696 174 307 329 195 757 0
EOF