NAME : tsp_problem
TYPE : TSP
DIMENSION : 30
EDGE_WEIGHT_TYPE : EXPLICIT
EDGE_WEIGHT_FORMAT : FULL_MATRIX
EDGE_WEIGHT_SECTION
0 438 450 530 368 676 156 291 366 474 605 398 315 367 168 54 278 334 294 352 468 210 285 348 522 109 89 179 401 61
438 0 754 685 523 284 338 661 736 629 212 768 428 522 575 432 566 447 186 507 623 393 398 503 129 397 467 297 772 439
450 754 0 220 325 993 538 195 230 245 921 262 459 269 313 472 282 478 677 403 239 593 429 305 838 453 420 561 266 479
530 685 220 0 256 924 499 339 374 177 852 406 390 200 457 525 425 410 629 334 170 553 360 236 769 451 560 559 410 532
368 523 325 256 0 762 337 444 479 201 690 511 229 93 477 363 356 248 467 172 194 392 198 75 608 289 398 397 515 370
676 284 993 924 762 0 577 900 975 868 189 1007 667 760 814 671 805 686 425 745 862 632 637 742 195 635 706 536 1010 678
156 338 538 499 337 577 0 379 454 443 505 486 242 335 293 150 284 261 282 320 437 74 211 317 423 115 186 184 490 157
291 661 195 339 444 900 379 0 111 364 828 143 398 388 155 314 123 417 518 434 358 434 367 424 745 294 261 402 147 321
366 736 230 374 479 975 454 111 0 399 903 59 473 423 230 389 198 492 593 509 393 509 442 459 820 369 336 477 62 396
474 629 245 177 201 868 443 364 399 0 796 432 335 145 483 469 451 354 573 278 28 498 304 180 714 395 504 503 435 476
605 212 921 852 690 189 505 828 903 796 0 935 595 689 742 599 733 614 353 674 790 560 565 670 123 564 634 464 939 606
398 768 262 406 511 1007 486 143 59 432 935 0 505 455 262 421 230 524 625 542 425 541 474 491 853 401 369 509 32 428
315 428 459 390 229 667 242 398 473 335 595 505 0 227 424 309 303 43 372 212 328 296 55 208 512 236 345 344 508 316
367 522 269 200 93 760 335 388 423 145 689 455 227 0 475 361 354 246 465 170 138 390 197 73 606 287 396 395 459 368
168 575 313 457 477 814 293 155 230 483 742 262 424 475 0 191 149 443 430 460 476 348 393 457 659 246 139 316 265 198
54 432 472 525 363 671 150 314 389 469 599 421 309 361 191 0 273 329 289 346 462 205 279 343 516 103 83 173 424 55
278 566 282 425 356 805 284 123 198 451 733 230 303 354 149 273 0 322 423 339 444 339 272 336 650 199 256 307 233 280
334 447 478 410 248 686 261 417 492 354 614 524 43 246 443 329 322 0 391 231 348 316 74 228 532 255 364 363 527 336
294 186 677 629 467 425 282 518 593 573 353 625 372 465 430 289 423 391 0 451 567 337 342 447 270 253 324 149 628 296
352 507 403 334 172 745 320 434 509 278 674 542 212 170 460 346 339 231 451 0 272 375 182 152 591 272 381 380 545 353
468 623 239 170 194 862 437 358 393 28 790 425 328 138 476 462 444 348 567 272 0 491 298 174 707 389 498 497 429 469
210 393 593 553 392 632 74 434 509 498 560 541 296 390 348 205 339 316 337 375 491 0 266 371 477 169 240 239 544 212
285 398 429 360 198 637 211 367 442 304 565 474 55 197 393 279 272 74 342 182 298 266 0 178 482 205 314 313 478 286
348 503 305 236 75 742 317 424 459 180 670 491 208 73 457 343 336 228 447 152 174 371 178 0 587 269 378 377 494 350
522 129 838 769 608 195 423 745 820 714 123 853 512 606 659 516 650 532 270 591 707 477 482 587 0 481 552 381 856 523
109 397 453 451 289 635 115 294 369 395 564 401 236 287 246 103 199 255 253 272 389 169 205 269 481 0 139 137 405 110
89 467 420 560 398 706 186 261 336 504 634 369 345 396 139 83 256 364 324 381 498 240 314 378 552 139 0 208 372 91
179 297 561 559 397 536 184 402 477 503 464 509 344 395 316 173 307 363 149 380 497 239 313 377 381 137 208 0 513 180
401 772 266 410 515 1010 490 147 62 435 939 32 508 459 265 424 233 527 628 545 429 544 478 494 856 405 372 513 0 431
61 439 479 532 370 678 157 321 396 476 606 428 316 368 198 55 280 336 296 353 469 212 286 350 523 110 91 180 431 0
EOF