NAME : tsp_problem
TYPE : TSP
DIMENSION : 34
EDGE_WEIGHT_TYPE : EXPLICIT
EDGE_WEIGHT_FORMAT : FULL_MATRIX
EDGE_WEIGHT_SECTION
0 218 681 209 655 568 127 244 80 110 293 603 238 276 489 201 293 621 400 186 256 655 202 364 381 194 329 234 69 95 340 249 256 359
218 0 595 362 569 482 280 157 162 263 446 516 152 236 402 354 446 534 313 339 169 569 355 465 534 347 289 194 245 260 494 209 216 512
681 595 0 789 69 255 706 477 684 689 873 201 484 758 222 781 873 126 329 765 457 97 781 987 960 773 734 716 722 748 920 526 521 938
209 362 789 0 763 676 118 352 261 144 213 710 346 458 596 62 213 729 508 200 363 763 58 499 301 76 510 415 250 276 260 431 437 279
655 569 69 763 0 229 680 451 658 663 847 175 458 732 197 755 847 100 303 739 431 71 755 961 934 747 708 690 696 722 894 500 495 912
568 482 255 676 229 0 593 364 571 576 760 176 371 645 109 668 760 195 216 652 343 229 668 874 847 660 620 602 609 635 807 413 408 825
127 280 706 118 680 593 0 269 179 62 202 628 263 376 514 110 202 646 425 117 280 680 110 464 289 102 428 333 168 194 249 349 355 267
244 157 477 352 451 364 269 0 247 252 435 398 53 321 284 344 435 417 196 328 70 451 344 550 523 336 373 278 285 311 483 265 260 501
80 162 684 261 658 571 179 247 0 161 345 606 241 221 492 253 345 624 403 238 258 658 254 327 433 246 273 178 107 122 392 194 200 411
110 263 689 144 663 576 62 252 161 0 228 610 246 358 496 136 228 629 408 121 263 663 137 446 316 129 411 316 150 176 275 331 338 294
293 446 873 213 847 760 202 435 345 228 0 794 430 542 680 205 57 813 591 284 447 847 206 397 199 198 574 499 334 360 158 515 521 177
603 516 201 710 175 176 628 398 606 610 794 0 406 679 144 702 794 141 250 687 378 175 703 909 881 695 655 637 644 670 841 447 442 860
238 152 484 346 458 371 263 53 241 246 430 406 0 315 292 338 430 424 203 322 64 458 338 544 517 330 367 272 279 305 477 272 267 495
276 236 758 458 732 645 376 321 221 358 542 679 315 0 565 450 542 698 477 434 332 732 450 310 515 442 98 109 303 319 522 268 274 414
489 402 222 596 197 109 514 284 492 496 680 144 292 565 0 588 680 162 136 573 264 197 589 794 767 581 541 523 530 556 727 333 328 746
201 354 781 62 755 668 110 344 253 136 205 702 338 450 588 0 205 721 500 192 355 755 37 491 293 55 502 407 242 268 252 423 429 271
293 446 873 213 847 760 202 435 345 228 57 794 430 542 680 205 0 812 591 284 447 847 206 397 199 198 574 499 334 360 158 515 521 177
621 534 126 729 100 195 646 417 624 629 813 141 424 698 162 721 812 0 268 705 396 100 721 927 900 713 673 655 662 688 860 466 461 878
400 313 329 508 303 216 425 196 403 408 591 250 203 477 136 500 591 268 0 484 175 303 500 706 679 492 452 434 441 467 639 245 240 657
186 339 765 200 739 652 117 328 238 121 284 687 322 434 573 192 284 705 484 0 339 739 192 522 371 184 487 392 227 253 331 408 414 349
256 169 457 363 431 343 280 70 258 263 447 378 64 332 264 355 447 396 175 339 0 431 355 561 534 347 385 290 296 322 494 244 239 512
655 569 97 763 71 229 680 451 658 663 847 175 458 732 197 755 847 100 303 739 431 0 755 961 934 747 708 690 696 722 894 500 495 912
202 355 781 58 755 668 110 344 254 137 206 703 338 450 589 37 206 721 500 192 355 755 0 492 293 52 503 408 243 269 253 424 430 271
364 465 987 499 961 874 464 550 327 446 397 909 544 310 794 491 397 927 706 522 561 961 492 0 356 484 328 339 368 357 363 497 503 255
381 534 960 301 934 847 289 523 433 316 199 881 517 515 767 293 199 900 679 371 534 934 293 356 0 285 532 543 422 448 165 602 609 136
194 347 773 76 747 660 102 336 246 129 198 695 330 442 581 55 198 713 492 184 347 747 52 484 285 0 495 400 235 261 245 416 422 263
329 289 734 510 708 620 428 373 273 411 574 655 367 98 541 502 574 673 452 487 385 708 503 328 532 495 0 126 356 371 540 320 319 431
234 194 716 415 690 602 333 278 178 316 499 637 272 109 523 407 499 655 434 392 290 690 408 339 543 400 126 0 261 276 546 225 231 442
69 245 722 250 696 609 168 285 107 150 334 644 279 303 530 242 334 662 441 227 296 696 243 368 422 235 356 261 0 55 381 277 283 400
95 260 748 276 722 635 194 311 122 176 360 670 305 319 556 268 360 688 467 253 322 722 269 357 448 261 371 276 55 0 407 292 298 426
340 494 920 260 894 807 249 483 392 275 158 841 477 522 727 252 158 860 639 331 494 894 253 363 165 245 540 546 381 407 0 562 568 143
249 209 526 431 500 413 349 265 194 331 515 447 272 268 333 423 515 466 245 408 244 500 424 497 602 416 320 225 277 292 562 0 111 581
256 216 521 437 495 408 355 260 200 338 521 442 267 274 328 429 521 461 240 414 239 495 430 503 609 422 319 231 283 298 568 111 0 587
359 512 938 279 912 825 267 501 411 294 177 860 495 414 746 271 177 878 657 349 512 912 271 255 136 263 431 442 400 426 143 581 587 0
EOF