NAME : tsp_problem
TYPE : TSP
DIMENSION : 58
EDGE_WEIGHT_TYPE : EXPLICIT
EDGE_WEIGHT_FORMAT : FULL_MATRIX
EDGE_WEIGHT_SECTION
0 213 296 704 645 316 129 101 411 387 193 315 225 145 204 468 394 441 224 242 288 293 205 576 217 195 599 258 305 672 356 90 150 581 272 271 442 149 156 515 700 329 123 282 267 209 382 453 186 651 274 236 135 187 136 556 282 400
213 0 344 533 474 232 140 218 459 435 241 363 54 227 120 297 442 556 341 358 336 209 52 406 265 312 428 198 353 501 404 207 297 410 389 319 490 300 293 344 529 245 240 330 96 390 563 501 102 480 322 66 251 194 224 386 330 229
296 344 0 835 776 348 355 365 247 223 141 151 356 202 269 599 230 344 488 506 53 325 336 708 111 459 730 500 99 803 192 354 272 712 484 63 278 275 269 646 832 362 387 212 398 397 361 289 287 782 61 368 399 211 200 688 80 531
704 533 835 0 217 723 632 635 950 927 732 855 513 718 611 279 933 1047 832 850 827 700 544 150 756 803 137 493 844 98 895 698 788 247 880 811 981 791 785 220 88 736 731 821 474 882 1054 992 593 224 813 506 604 685 716 174 822 349
645 474 776 217 0 664 572 576 891 868 673 796 453 659 552 220 874 988 773 791 768 641 485 91 697 744 112 434 785 185 836 639 729 188 821 751 922 732 725 161 214 677 672 762 415 822 995 933 534 59 754 447 545 626 656 115 762 290
316 232 348 723 664 0 243 321 463 440 245 368 244 231 157 487 447 560 444 462 340 88 224 596 270 415 618 388 357 691 408 310 301 600 492 324 494 305 298 534 720 74 343 334 286 426 578 505 175 670 326 256 355 198 229 576 335 419
129 140 355 632 572 243 0 134 471 447 252 375 153 238 131 395 454 538 257 275 347 221 133 504 277 228 526 291 365 599 415 123 247 508 305 331 501 246 253 442 628 257 156 342 195 307 479 512 113 579 334 164 168 205 233 484 342 327
101 218 365 635 576 321 134 0 480 457 262 385 231 215 209 399 464 511 229 247 357 298 211 508 287 201 530 185 374 603 425 96 219 512 278 341 511 218 225 446 632 335 128 351 273 279 452 522 191 582 343 242 62 257 205 488 352 331
411 459 247 950 891 463 471 480 0 45 256 225 471 317 384 714 159 273 543 529 239 441 451 823 226 574 845 615 256 918 79 469 387 827 498 222 207 390 384 761 947 477 502 327 513 462 290 218 402 897 225 483 514 326 315 803 233 646
387 435 223 927 868 440 447 457 45 0 233 202 448 294 361 691 136 250 520 505 215 417 428 799 203 551 822 592 233 894 87 446 364 804 475 199 184 367 360 738 923 453 479 304 490 439 267 195 379 874 202 459 490 303 291 779 210 622
193 241 141 732 673 245 252 262 256 233 0 161 253 99 166 496 239 353 385 403 133 222 233 604 62 356 627 397 150 699 201 251 169 609 380 116 287 172 165 543 728 258 284 127 295 293 370 298 184 679 119 264 296 108 96 584 127 427
315 363 151 855 796 368 375 385 225 202 161 0 376 222 289 619 209 322 508 526 143 345 356 727 131 479 750 520 161 822 170 374 292 732 503 127 256 295 288 666 851 381 407 232 418 416 340 267 307 802 130 387 418 231 219 707 138 550
225 54 356 513 453 244 153 231 471 448 253 376 0 239 132 276 455 568 353 371 348 222 65 385 278 324 407 177 366 480 416 219 309 389 402 332 502 313 306 323 509 258 252 342 108 403 576 513 114 460 334 77 264 206 237 365 343 208
145 227 202 718 659 231 238 215 317 294 99 222 239 0 152 482 300 414 337 355 194 208 219 591 123 309 613 372 211 686 262 204 121 595 333 177 348 125 118 529 714 244 236 188 281 246 419 359 170 665 180 250 248 94 82 570 188 414
204 120 269 611 552 157 131 209 384 361 166 289 132 152 0 375 368 481 332 350 261 134 112 484 191 303 506 276 278 579 329 198 222 488 380 245 415 226 219 422 607 171 231 255 174 347 499 426 78 558 247 143 243 119 150 464 256 307
468 297 599 279 220 487 395 399 714 691 496 619 276 482 375 0 697 811 596 614 591 464 307 152 520 567 174 257 608 247 659 462 552 156 644 574 745 555 548 90 275 500 495 585 238 645 818 756 357 226 577 270 368 449 479 131 585 113
394 442 230 933 874 447 454 464 159 136 239 209 455 300 368 697 0 256 526 512 222 424 435 806 209 557 828 598 239 901 104 452 370 810 482 205 190 374 367 744 930 460 485 310 497 445 274 201 385 881 208 466 497 309 298 786 216 629
441 556 344 1047 988 560 538 511 273 250 353 322 568 414 481 811 256 0 346 332 336 538 548 920 323 392 942 668 353 1015 218 483 432 924 302 319 113 431 438 858 1044 574 450 424 610 265 94 186 499 994 322 580 544 423 412 900 330 743
224 341 488 832 773 444 257 229 543 520 385 508 353 337 332 596 526 346 0 86 480 421 333 705 409 74 727 385 497 800 488 165 332 709 116 463 383 331 338 643 828 457 132 474 395 165 287 456 314 779 466 364 263 380 328 685 474 528
242 358 506 850 791 462 275 247 529 505 403 526 371 355 350 614 512 332 86 0 498 439 351 722 427 92 745 402 515 817 473 183 318 727 134 481 368 317 324 661 846 475 150 492 413 151 273 442 332 797 484 382 281 398 346 702 492 545
288 336 53 827 768 340 347 357 239 215 133 143 348 194 261 591 222 336 480 498 0 317 328 700 103 451 722 492 81 795 183 346 264 704 476 45 270 267 261 638 823 353 379 204 390 389 353 280 279 774 43 359 391 203 191 680 62 523
293 209 325 700 641 88 221 298 441 417 222 345 222 208 134 464 424 538 421 439 317 0 202 573 247 392 595 365 335 668 385 287 278 577 470 301 471 282 275 511 697 75 320 312 264 403 555 482 152 647 304 233 332 175 206 553 312 396
205 52 336 544 485 224 133 211 451 428 233 356 65 219 112 307 435 548 333 351 328 202 0 416 258 305 438 209 346 511 396 199 289 421 382 312 482 293 286 355 540 238 232 322 107 383 556 493 94 491 315 76 244 186 217 396 323 239
576 406 708 150 91 596 504 508 823 799 604 727 385 591 484 152 806 920 705 722 700 573 416 0 629 676 45 366 717 118 768 571 661 119 753 683 854 664 657 93 146 609 604 694 347 754 927 865 466 97 686 379 477 558 588 47 694 222
217 265 111 756 697 270 277 287 226 203 62 131 278 123 191 520 209 323 409 427 103 247 258 629 0 381 651 421 120 724 171 275 193 633 405 87 257 197 190 567 753 283 308 133 320 318 340 268 208 704 89 289 320 132 121 609 97 452
195 312 459 803 744 415 228 201 574 551 356 479 324 309 303 567 557 392 74 92 451 392 305 676 381 0 698 358 468 771 519 137 313 680 122 435 428 312 319 614 800 428 132 445 367 211 333 501 285 750 437 336 234 351 299 656 446 499
599 428 730 137 112 618 526 530 845 822 627 750 407 613 506 174 828 942 727 745 722 595 438 45 651 698 0 388 739 104 790 593 683 142 775 705 876 686 679 115 133 631 626 716 369 776 949 887 488 118 708 401 499 580 610 69 716 244
258 198 500 493 434 388 291 185 615 592 397 520 177 372 276 257 598 668 385 402 492 365 209 366 421 358 388 0 509 461 560 253 376 370 433 476 646 375 382 304 490 401 285 486 139 436 609 657 258 440 478 171 155 350 362 346 486 189
305 353 99 844 785 357 365 374 256 233 150 161 366 211 278 608 239 353 497 515 81 335 346 717 120 468 739 509 0 812 201 363 281 721 493 92 287 285 278 655 841 371 396 221 408 406 370 298 296 791 90 377 408 220 209 697 108 540
672 501 803 98 185 691 599 603 918 894 699 822 480 686 579 247 901 1015 800 817 795 668 511 118 724 771 104 461 812 0 863 666 756 215 848 778 949 759 752 188 89 704 699 789 442 849 1022 960 561 191 781 474 572 653 683 142 789 317
356 404 192 895 836 408 415 425 79 87 201 170 416 262 329 659 104 218 488 473 183 385 396 768 171 519 790 560 201 863 0 414 332 772 443 167 152 335 328 706 891 421 447 272 458 407 235 163 347 842 170 427 459 271 259 748 178 591
90 207 354 698 639 310 123 96 469 446 251 374 219 204 198 462 452 483 165 183 346 287 199 571 275 137 593 253 363 666 414 0 208 575 214 330 500 207 214 509 695 323 64 340 261 268 424 511 180 645 332 231 129 246 194 551 341 394
150 297 272 788 729 301 247 219 387 364 169 292 309 121 222 552 370 432 332 318 264 278 289 661 193 313 683 376 281 756 332 208 0 665 288 247 418 36 39 599 784 314 241 258 351 201 373 429 240 735 250 320 253 164 112 640 258 484
581 410 712 247 188 600 508 512 827 804 609 732 389 595 488 156 810 924 709 727 704 577 421 119 633 680 142 370 721 215 772 575 665 0 757 687 858 668 662 97 243 613 608 698 351 759 931 869 470 194 690 383 481 562 592 99 698 226
272 389 484 880 821 492 305 278 498 475 380 503 402 333 380 644 482 302 116 134 476 470 382 753 405 122 775 433 493 848 443 214 288 757 0 459 338 287 294 691 877 506 180 470 444 121 243 412 362 828 462 413 311 375 324 733 470 576
271 319 63 811 751 324 331 341 222 199 116 127 332 177 245 574 205 319 463 481 45 301 312 683 87 435 705 476 92 778 167 330 247 687 459 0 253 251 244 621 807 337 362 187 374 372 337 264 262 758 54 343 374 186 175 663 72 506
442 490 278 981 922 494 501 511 207 184 287 256 502 348 415 745 190 113 383 368 270 471 482 854 257 428 876 646 287 949 152 500 418 858 338 253 0 421 415 792 978 508 486 358 544 302 130 120 433 928 256 514 545 357 346 834 264 677
149 300 275 791 732 305 246 218 390 367 172 295 313 125 226 555 374 431 331 317 267 282 293 664 197 312 686 375 285 759 335 207 36 668 287 251 421 0 42 602 788 318 240 261 355 200 372 432 243 738 253 324 252 167 115 644 262 487
156 293 269 785 725 298 253 225 384 360 165 288 306 118 219 548 367 438 338 324 261 275 286 657 190 319 679 382 278 752 328 214 39 662 294 244 415 42 0 596 781 311 247 255 348 207 379 426 236 732 247 317 259 160 109 637 255 480
515 344 646 220 161 534 442 446 761 738 543 666 323 529 422 90 744 858 643 661 638 511 355 93 567 614 115 304 655 188 706 509 599 97 691 621 792 602 596 0 217 547 542 632 285 693 865 803 404 167 624 317 415 496 527 73 632 160
700 529 832 88 214 720 628 632 947 923 728 851 509 714 607 275 930 1044 828 846 823 697 540 146 753 800 133 490 841 89 891 695 784 243 877 807 978 788 781 217 0 733 727 818 471 878 1051 988 589 220 810 503 601 681 712 171 818 346
329 245 362 736 677 74 257 335 477 453 258 381 258 244 171 500 460 574 457 475 353 75 238 609 283 428 631 401 371 704 421 323 314 613 506 337 508 318 311 547 733 0 356 348 300 439 591 519 188 684 340 269 368 211 242 589 348 432
123 240 387 731 672 343 156 128 502 479 284 407 252 236 231 495 485 450 132 150 379 320 232 604 308 132 626 285 396 699 447 64 241 608 180 362 486 240 247 542 727 356 0 373 294 269 391 544 213 678 365 263 162 279 227 583 373 427
282 330 212 821 762 334 342 351 327 304 127 232 342 188 255 585 310 424 474 492 204 312 322 694 133 445 716 486 221 789 272 340 258 698 470 187 358 261 255 632 818 348 373 0 384 383 441 369 273 768 190 354 385 197 186 674 198 517
267 96 398 474 415 286 195 273 513 490 295 418 108 281 174 238 497 610 395 413 390 264 107 347 320 367 369 139 408 442 458 261 351 351 444 374 544 355 348 285 471 300 294 384 0 445 618 555 156 421 377 120 250 248 279 327 385 170
209 390 397 882 822 426 307 279 462 439 293 416 403 246 347 645 445 265 165 151 389 403 383 754 318 211 776 436 406 849 407 268 201 759 121 372 302 200 207 693 878 439 269 383 445 0 206 375 363 829 375 414 312 288 237 734 383 577
382 563 361 1054 995 578 479 452 290 267 370 340 576 419 499 818 274 94 287 273 353 555 556 927 340 333 949 609 370 1022 235 424 373 931 243 337 130 372 379 865 1051 591 391 441 618 206 0 204 516 1001 339 587 485 440 409 907 348 750
453 501 289 992 933 505 512 522 218 195 298 267 513 359 426 756 201 186 456 442 280 482 493 865 268 501 887 657 298 960 163 511 429 869 412 264 120 432 426 803 988 519 544 369 555 375 204 0 444 939 267 525 556 368 357 845 275 688
186 102 287 593 534 175 113 191 402 379 184 307 114 170 78 357 385 499 314 332 279 152 94 466 208 285 488 258 296 561 347 180 240 470 362 262 433 243 236 404 589 188 213 273 156 363 516 444 0 540 265 125 224 137 167 445 273 289
651 480 782 224 59 670 579 582 897 874 679 802 460 665 558 226 881 994 779 797 774 647 491 97 704 750 118 440 791 191 842 645 735 194 828 758 928 738 732 167 220 684 678 768 421 829 1001 939 540 0 760 454 552 632 663 121 769 296
274 322 61 813 754 326 334 343 225 202 119 130 334 180 247 577 208 322 466 484 43 304 315 686 89 437 708 478 90 781 170 332 250 690 462 54 256 253 247 624 810 340 365 190 377 375 339 267 265 760 0 346 377 189 178 666 70 509
236 66 368 506 447 256 164 242 483 459 264 387 77 250 143 270 466 580 364 382 359 233 76 379 289 336 401 171 377 474 427 231 320 383 413 343 514 324 317 317 503 269 263 354 120 414 587 525 125 454 346 0 275 217 248 359 354 202
135 251 399 604 545 355 168 62 514 490 296 418 264 248 243 368 497 544 263 281 391 332 244 477 320 234 499 155 408 572 459 129 253 481 311 374 545 252 259 415 601 368 162 385 250 312 485 556 224 552 377 275 0 290 239 457 385 300
187 194 211 685 626 198 205 257 326 303 108 231 206 94 119 449 309 423 380 398 203 175 186 558 132 351 580 350 220 653 271 246 164 562 375 186 357 167 160 496 681 211 279 197 248 288 440 368 137 632 189 217 290 0 91 537 197 381
136 224 200 716 656 229 233 205 315 291 96 219 237 82 150 479 298 412 328 346 191 206 217 588 121 299 610 362 209 683 259 194 112 592 324 175 346 115 109 527 712 242 227 186 279 237 409 357 167 663 178 248 239 91 0 568 186 411
556 386 688 174 115 576 484 488 803 779 584 707 365 570 464 131 786 900 685 702 680 553 396 47 609 656 69 346 697 142 748 551 640 99 733 663 834 644 637 73 171 589 583 674 327 734 907 845 445 121 666 359 457 537 568 0 674 202
282 330 80 822 762 335 342 352 233 210 127 138 343 188 256 585 216 330 474 492 62 312 323 694 97 446 716 486 108 789 178 341 258 698 470 72 264 262 255 632 818 348 373 198 385 383 348 275 273 769 70 354 385 197 186 674 0 517
400 229 531 349 290 419 327 331 646 622 427 550 208 414 307 113 629 743 528 545 523 396 239 222 452 499 244 189 540 317 591 394 484 226 576 506 677 487 480 160 346 432 427 517 170 577 750 688 289 296 509 202 300 381 411 202 517 0
EOF