NAME : tsp_problem
TYPE : TSP
DIMENSION : 58
EDGE_WEIGHT_TYPE : EXPLICIT
EDGE_WEIGHT_FORMAT : FULL_MATRIX
EDGE_WEIGHT_SECTION
0 406 473 519 426 866 536 397 527 419 492 981 332 23 531 440 27 236 409 27 54 516 24 376 483 367 29 860 359 1052 503 500 264 992 474 930 577 517 539 576 1009 417 990 890 460 481 419 860 908 951 487 485 1001 575 410 928 489 307
406 0 210 354 317 484 371 88 361 398 239 600 198 412 150 308 408 197 156 416 380 309 413 109 318 86 418 478 105 670 337 118 187 610 93 549 263 352 157 262 627 396 608 508 78 227 398 478 527 569 233 231 619 193 545 546 107 449
473 210 0 258 221 457 275 262 265 302 143 573 372 480 324 212 476 265 94 484 448 214 481 283 222 181 486 451 143 644 241 292 255 583 161 522 138 256 331 137 600 301 581 482 252 131 302 451 500 542 96 135 592 167 449 519 176 353
519 354 258 0 126 681 33 418 62 207 148 797 528 526 480 117 522 399 228 530 494 160 527 440 56 315 532 675 277 868 37 449 389 808 386 746 362 26 487 361 825 206 806 706 408 179 208 676 724 766 271 176 817 391 354 743 400 258
426 317 221 126 0 644 143 381 133 114 110 760 491 432 443 80 428 362 191 436 400 123 433 403 90 278 438 638 240 831 109 411 352 770 348 709 325 124 450 324 787 112 769 669 371 142 114 638 687 729 234 139 780 354 260 706 363 164
866 484 457 681 644 0 698 536 689 725 566 154 603 872 474 635 868 657 518 876 841 637 873 557 645 534 878 155 565 225 665 400 647 165 435 103 510 679 361 509 182 724 163 102 445 555 726 67 81 123 519 559 174 325 872 101 450 776
536 371 275 33 143 698 0 435 79 224 164 814 545 542 497 134 538 415 245 546 511 177 543 456 73 332 548 692 294 885 53 465 406 824 402 763 379 42 504 378 841 222 822 722 425 196 224 692 741 783 288 192 833 407 371 760 417 275
397 88 262 418 381 536 435 0 426 462 303 651 141 404 201 372 400 261 220 408 372 374 405 71 382 138 410 529 169 722 402 170 251 662 144 600 315 416 209 314 679 461 660 560 129 291 463 530 578 621 298 295 671 245 608 598 159 505
527 361 265 62 133 689 79 426 0 215 155 804 535 533 487 124 529 406 235 537 501 167 534 447 64 323 539 682 284 875 46 456 396 815 393 753 369 60 495 368 832 213 813 713 415 186 215 683 731 774 279 183 824 398 361 751 407 266
419 398 302 207 114 725 224 462 215 0 192 841 551 425 524 128 421 443 272 429 394 204 426 484 171 359 431 719 321 912 191 493 433 852 430 790 406 205 531 405 869 105 850 750 452 223 53 720 768 810 315 220 861 435 254 787 444 158
492 239 143 148 110 566 164 303 155 192 0 682 413 498 365 101 495 284 113 502 467 103 500 325 111 200 505 560 162 753 131 333 274 692 271 631 247 145 372 246 709 190 691 591 293 64 192 561 609 651 156 61 702 276 338 628 285 242
981 600 573 797 760 154 814 651 804 841 682 0 719 988 589 751 984 773 633 992 956 752 989 673 761 650 994 271 681 98 780 515 763 138 551 82 626 795 477 625 155 839 85 218 561 670 841 158 100 54 635 674 147 441 988 167 565 892
332 198 372 528 491 603 545 141 535 551 413 719 0 338 311 482 334 236 330 342 307 483 339 119 492 248 344 597 279 790 511 280 264 729 254 668 425 526 318 424 746 550 727 627 239 401 552 597 646 688 407 405 738 355 542 665 269 439
23 412 480 526 432 872 542 404 533 425 498 988 338 0 538 446 33 242 416 33 60 522 30 382 490 373 35 866 365 1059 509 506 270 998 481 937 584 523 545 583 1015 423 996 896 466 487 425 866 915 957 493 491 1007 581 416 934 495 313
531 150 324 480 443 474 497 201 487 524 365 589 311 538 0 434 534 323 282 542 506 435 539 223 444 200 544 468 231 660 463 104 313 600 206 539 377 478 143 376 617 522 598 498 107 353 524 468 516 559 359 357 609 307 671 536 221 575
440 308 212 117 80 635 134 372 124 128 101 751 482 446 434 0 442 353 182 450 415 114 447 394 81 269 452 629 231 822 101 402 343 761 339 700 316 115 441 315 778 126 760 660 362 133 128 629 678 720 225 130 771 345 274 697 354 179
27 408 476 522 428 868 538 400 529 421 495 984 334 33 534 442 0 238 412 37 57 518 34 378 486 369 39 862 361 1055 505 502 267 994 477 933 580 519 541 579 1011 420 992 893 462 483 422 862 911 953 489 487 1003 578 412 930 491 309
236 197 265 399 362 657 415 261 406 443 284 773 236 242 323 353 238 0 201 246 211 354 243 280 363 158 249 651 150 844 382 291 55 783 266 722 369 396 330 368 800 441 781 682 251 272 443 651 700 742 278 276 792 367 446 719 280 344
409 156 94 228 191 518 245 220 235 272 113 633 330 416 282 182 412 201 0 420 384 184 417 242 192 117 422 511 79 704 212 251 191 644 222 582 198 226 289 197 661 271 642 542 210 101 273 512 560 602 108 105 653 227 419 580 236 323
27 416 484 530 436 876 546 408 537 429 502 992 342 33 542 450 37 246 420 0 64 526 34 386 493 377 39 870 369 1062 513 510 274 1002 485 941 587 527 549 586 1019 427 1000 900 470 491 429 870 919 961 497 495 1011 585 420 938 499 317
54 380 448 494 400 841 511 372 501 394 467 956 307 60 506 415 57 211 384 64 0 491 62 351 458 342 67 834 333 1027 477 475 239 967 449 905 552 492 514 551 984 392 965 865 434 455 394 835 883 925 462 459 976 550 384 903 464 282
516 309 214 160 123 637 177 374 167 204 103 752 483 522 435 114 518 354 184 526 491 0 523 395 124 271 528 631 232 823 143 404 344 763 341 702 317 158 443 316 780 202 761 661 363 135 204 631 680 722 227 131 772 346 351 699 356 255
24 413 481 527 433 873 543 405 534 426 500 989 339 30 539 447 34 243 417 34 62 523 0 383 491 374 37 867 366 1060 510 507 272 999 482 938 585 524 546 584 1016 425 997 898 467 488 427 867 916 958 494 492 1008 583 417 935 496 314
376 109 283 440 403 557 456 71 447 484 325 673 119 382 223 394 378 280 242 386 351 395 383 0 404 160 388 551 191 744 423 192 273 683 166 622 336 437 230 335 700 482 682 582 151 313 484 551 600 642 319 317 693 267 586 619 180 483
483 318 222 56 90 645 73 382 64 171 111 761 492 490 444 81 486 363 192 493 458 124 491 404 0 279 496 639 241 832 40 413 353 771 350 710 326 54 451 325 788 170 770 670 372 143 172 640 688 730 235 140 781 355 318 707 364 222
367 86 181 315 278 534 332 138 323 359 200 650 248 373 200 269 369 158 117 377 342 271 374 160 279 0 379 528 66 721 299 168 148 660 143 599 285 313 207 284 677 358 658 558 128 188 360 528 577 619 195 192 669 243 506 596 157 410
29 418 486 532 438 878 548 410 539 431 505 994 344 35 544 452 39 249 422 39 67 528 37 388 496 379 0 872 371 1065 515 513 277 1004 487 943 590 529 551 589 1021 430 1002 903 472 493 432 872 921 963 499 497 1013 588 422 940 501 319
860 478 451 675 638 155 692 529 682 719 560 271 597 866 468 629 862 651 511 870 834 631 867 551 639 528 872 0 559 342 659 394 641 282 429 220 504 673 355 503 299 718 280 180 439 548 720 150 198 240 513 552 291 319 866 217 443 770
359 105 143 277 240 565 294 169 284 321 162 681 279 365 231 231 361 150 79 369 333 232 366 191 241 66 371 559 0 752 260 200 140 691 174 630 247 275 239 246 708 319 690 590 159 150 321 560 608 650 156 154 701 275 467 627 189 372
1052 670 644 868 831 225 885 722 875 912 753 98 790 1059 660 822 1055 844 704 1062 1027 823 1060 744 832 721 1065 342 752 0 851 586 834 209 622 153 697 866 548 696 226 910 156 289 632 741 912 229 171 125 706 745 218 512 1059 238 636 963
503 337 241 37 109 665 53 402 46 191 131 780 511 509 463 101 505 382 212 513 477 143 510 423 40 299 515 659 260 851 0 432 372 791 369 729 345 36 471 344 808 189 789 689 391 162 191 659 707 750 255 159 800 374 337 727 383 242
500 118 292 449 411 400 465 170 456 493 333 515 280 506 104 402 502 291 251 510 475 404 507 192 413 168 513 394 200 586 432 0 282 526 175 464 345 446 111 344 543 491 524 424 76 322 493 394 442 485 328 326 535 275 639 462 189 543
264 187 255 389 352 647 406 251 396 433 274 763 264 270 313 343 267 55 191 274 239 344 272 273 353 148 277 641 140 834 372 282 0 773 256 712 359 387 321 358 790 431 772 672 241 262 433 642 690 732 268 266 783 357 474 709 271 372
992 610 583 808 770 165 824 662 815 852 692 138 729 998 600 761 994 783 644 1002 967 763 999 683 771 660 1004 282 691 209 791 526 773 0 561 93 636 805 487 635 100 850 146 228 572 681 852 169 110 107 645 685 92 451 998 178 576 902
474 93 161 386 348 435 402 144 393 430 271 551 254 481 206 339 477 266 222 485 449 341 482 166 350 143 487 429 174 622 369 175 256 561 0 500 214 383 213 213 578 428 559 460 134 259 430 429 478 520 223 263 570 145 576 497 58 481
930 549 522 746 709 103 763 600 753 790 631 82 668 937 539 700 933 722 582 941 905 702 938 622 710 599 943 220 630 153 729 464 712 93 500 0 575 744 426 574 110 789 91 167 510 619 790 107 49 52 584 623 102 390 937 116 514 841
577 263 138 362 325 510 379 315 369 406 247 626 425 584 377 316 580 369 198 587 552 317 585 336 326 285 590 504 247 697 345 345 359 636 214 575 0 360 384 64 653 404 634 535 305 235 406 504 553 595 199 239 645 220 553 572 229 457
517 352 256 26 124 679 42 416 60 205 145 795 526 523 478 115 519 396 226 527 492 158 524 437 54 313 529 673 275 866 36 446 387 805 383 744 360 0 485 359 822 203 803 704 406 177 205 673 722 764 269 174 814 389 352 741 398 256
539 157 331 487 450 361 504 209 495 531 372 477 318 545 143 441 541 330 289 549 514 443 546 230 451 207 551 355 239 548 471 111 321 487 213 426 384 485 0 383 504 530 486 386 114 360 532 356 404 446 367 365 497 238 678 423 228 582
576 262 137 361 324 509 378 314 368 405 246 625 424 583 376 315 579 368 197 586 551 316 584 335 325 284 589 503 246 696 344 344 358 635 213 574 64 359 383 0 652 403 633 534 304 234 405 503 552 594 198 238 644 219 552 571 228 456
1009 627 600 825 787 182 841 679 832 869 709 155 746 1015 617 778 1011 800 661 1019 984 780 1016 700 788 677 1021 299 708 226 808 543 790 100 578 110 653 822 504 652 0 867 163 245 589 698 869 186 127 124 662 702 43 468 1015 195 593 919
417 396 301 206 112 724 222 461 213 105 190 839 550 423 522 126 420 441 271 427 392 202 425 482 170 358 430 718 319 910 189 491 431 850 428 789 404 203 530 403 867 0 848 748 450 222 106 718 767 809 314 218 859 433 252 786 443 156
990 608 581 806 769 163 822 660 813 850 691 85 727 996 598 760 992 781 642 1000 965 761 997 682 770 658 1002 280 690 156 789 524 772 146 559 91 634 803 486 633 163 848 0 227 570 679 850 167 108 85 643 683 156 449 996 176 574 901
890 508 482 706 669 102 722 560 713 750 591 218 627 896 498 660 893 682 542 900 865 661 898 582 670 558 903 180 590 289 689 424 672 228 460 167 535 704 386 534 245 748 227 0 470 579 750 96 145 187 543 583 238 350 896 164 474 801
460 78 252 408 371 445 425 129 415 452 293 561 239 466 107 362 462 251 210 470 434 363 467 151 372 128 472 439 159 632 391 76 241 572 134 510 305 406 114 304 589 450 570 470 0 281 452 440 488 530 287 285 581 235 599 507 149 503
481 227 131 179 142 555 196 291 186 223 64 670 401 487 353 133 483 272 101 491 455 135 488 313 143 188 493 548 150 741 162 322 262 681 259 619 235 177 360 234 698 222 679 579 281 0 223 549 597 639 145 56 690 264 370 617 273 274
419 398 302 208 114 726 224 463 215 53 192 841 552 425 524 128 422 443 273 429 394 204 427 484 172 360 432 720 321 912 191 493 433 852 430 790 406 205 532 405 869 106 850 750 452 223 0 720 768 811 316 220 861 435 254 788 444 158
860 478 451 676 638 67 692 530 683 720 561 158 597 866 468 629 862 651 512 870 835 631 867 551 640 528 872 150 560 229 659 394 642 169 429 107 504 673 356 503 186 718 167 96 440 549 720 0 85 127 513 553 178 319 866 105 444 771
908 527 500 724 687 81 741 578 731 768 609 100 646 915 516 678 911 700 560 919 883 680 916 600 688 577 921 198 608 171 707 442 690 110 478 49 553 722 404 552 127 767 108 145 488 597 768 85 0 69 562 601 119 368 915 94 492 819
951 569 542 766 729 123 783 621 774 810 651 54 688 957 559 720 953 742 602 961 925 722 958 642 730 619 963 240 650 125 750 485 732 107 520 52 595 764 446 594 124 809 85 187 530 639 811 127 69 0 604 643 116 410 957 137 534 861
487 233 96 271 234 519 288 298 279 315 156 635 407 493 359 225 489 278 108 497 462 227 494 319 235 195 499 513 156 706 255 328 268 645 223 584 199 269 367 198 662 314 643 543 287 145 316 513 562 604 0 149 654 228 462 581 238 366
485 231 135 176 139 559 192 295 183 220 61 674 405 491 357 130 487 276 105 495 459 131 492 317 140 192 497 552 154 745 159 326 266 685 263 623 239 174 365 238 702 218 683 583 285 56 220 553 601 643 149 0 694 268 366 621 277 271
1001 619 592 817 780 174 833 671 824 861 702 147 738 1007 609 771 1003 792 653 1011 976 772 1008 693 781 669 1013 291 701 218 800 535 783 92 570 102 645 814 497 644 43 859 156 238 581 690 861 178 119 116 654 694 0 460 1007 187 585 912
575 193 167 391 354 325 407 245 398 435 276 441 355 581 307 345 578 367 227 585 550 346 583 267 355 243 588 319 275 512 374 275 357 451 145 390 220 389 238 219 468 433 449 350 235 264 435 319 368 410 228 268 460 0 581 387 159 486
410 545 449 354 260 872 371 608 361 254 338 988 542 416 671 274 412 446 419 420 384 351 417 586 318 506 422 866 467 1059 337 639 474 998 576 937 553 352 678 552 1015 252 996 896 599 370 254 866 915 957 462 366 1007 581 0 934 591 176
928 546 519 743 706 101 760 598 751 787 628 167 665 934 536 697 930 719 580 938 903 699 935 619 707 596 940 217 627 238 727 462 709 178 497 116 572 741 423 571 195 786 176 164 507 617 788 105 94 137 581 621 187 387 934 0 512 838
489 107 176 400 363 450 417 159 407 444 285 565 269 495 221 354 491 280 236 499 464 356 496 180 364 157 501 443 189 636 383 189 271 576 58 514 229 398 228 228 593 443 574 474 149 273 444 444 492 534 238 277 585 159 591 512 0 495
307 449 353 258 164 776 275 505 266 158 242 892 439 313 575 179 309 344 323 317 282 255 314 483 222 410 319 770 372 963 242 543 372 902 481 841 457 256 582 456 919 156 901 801 503 274 158 771 819 861 366 271 912 486 176 838 495 0
EOF