NAME : tsp_problem
TYPE : TSP
DIMENSION : 24
EDGE_WEIGHT_TYPE : EXPLICIT
EDGE_WEIGHT_FORMAT : FULL_MATRIX
EDGE_WEIGHT_SECTION
0 1003 578 587 329 581 470 427 261 431 327 374 298 919 417 587 468 897 588 438 568 447 574 418
1003 0 457 699 770 721 1058 774 968 871 768 721 967 108 671 700 1056 169 700 691 475 1035 724 1007
578 457 0 274 344 295 632 348 542 445 342 295 541 373 245 274 630 351 274 265 68 610 298 581
587 699 274 0 353 404 673 358 552 502 352 305 582 615 255 100 671 593 101 275 264 650 406 621
329 770 344 353 0 406 555 193 294 431 88 140 384 685 183 353 553 663 354 204 334 532 408 503
581 721 295 404 406 0 409 410 598 185 404 357 318 636 274 404 407 615 404 229 286 386 124 357
470 1058 632 673 555 409 0 607 487 260 554 554 207 974 470 673 83 952 674 426 623 57 403 111
427 774 348 358 193 410 607 0 392 435 192 73 482 689 188 358 604 668 358 208 339 584 413 555
261 968 542 552 294 598 487 392 0 448 292 339 316 884 382 552 485 862 552 403 533 464 591 435
431 871 445 502 431 185 260 435 448 0 429 383 169 786 299 502 257 764 502 255 435 237 178 208
327 768 342 352 88 404 554 192 292 429 0 139 382 683 182 352 551 661 352 202 333 531 407 502
374 721 295 305 140 357 554 73 339 383 139 0 429 636 135 305 551 615 305 155 286 531 360 502
298 967 541 582 384 318 207 482 316 169 382 429 0 883 379 582 205 861 583 335 532 185 312 156
919 108 373 615 685 636 974 689 884 786 683 636 883 0 586 615 971 85 615 607 390 951 639 922
417 671 245 255 183 274 470 188 382 299 182 135 379 586 0 255 468 564 255 72 236 447 276 418
587 700 274 100 353 404 673 358 552 502 352 305 582 615 255 0 671 593 38 275 264 650 406 621
468 1056 630 671 553 407 83 604 485 257 551 551 205 971 468 671 0 950 671 424 621 59 400 109
897 169 351 593 663 615 952 668 862 764 661 615 861 85 564 593 950 0 593 585 368 929 617 900
588 700 274 101 354 404 674 358 552 502 352 305 583 615 255 38 671 593 0 275 265 651 407 622
438 691 265 275 204 229 426 208 403 255 202 155 335 607 72 275 424 585 275 0 256 403 232 374
568 475 68 264 334 286 623 339 533 435 333 286 532 390 236 264 621 368 265 256 0 600 289 571
447 1035 610 650 532 386 57 584 464 237 531 531 185 951 447 650 59 929 651 403 600 0 380 88
574 724 298 406 408 124 403 413 591 178 407 360 312 639 276 406 400 617 407 232 289 380 0 351
418 1007 581 621 503 357 111 555 435 208 502 502 156 922 418 621 109 900 622 374 571 88 351 0
EOF