NAME : tsp_problem
TYPE : TSP
DIMENSION : 30
EDGE_WEIGHT_TYPE : EXPLICIT
EDGE_WEIGHT_FORMAT : FULL_MATRIX
EDGE_WEIGHT_SECTION
0 506 195 477 524 205 505 370 682 224 665 667 352 442 306 492 72 445 313 781 161 225 401 763 185 406 334 686 429 306
506 0 642 484 95 340 76 368 212 322 196 198 188 242 753 250 503 98 760 483 378 672 201 465 355 164 234 217 359 752
195 642 0 613 660 341 641 506 818 360 801 804 488 578 321 628 183 581 169 917 297 240 537 899 321 542 470 822 565 321
477 484 613 0 502 388 484 320 431 370 623 460 398 462 724 371 474 424 731 378 413 643 422 361 403 350 380 452 156 723
524 95 660 502 0 358 49 386 271 341 254 257 207 261 771 268 522 116 778 542 397 690 220 524 373 183 252 275 378 770
205 340 341 388 358 0 340 204 516 71 499 502 186 276 452 326 202 280 459 615 127 371 236 597 103 240 169 520 263 451
505 76 641 484 49 340 0 367 252 322 235 238 188 242 752 249 503 97 759 523 378 671 201 505 354 164 233 256 359 751
370 368 506 320 386 204 367 0 544 186 527 530 214 304 617 292 367 308 624 547 242 536 264 530 219 268 196 548 196 616
682 212 818 431 271 516 252 544 0 498 226 64 364 418 929 426 679 274 936 305 554 848 377 288 531 340 409 56 472 928
224 322 360 370 341 71 322 186 498 0 482 484 168 259 471 308 221 262 478 597 109 390 218 580 86 223 151 503 246 470
665 196 801 623 254 499 235 527 226 482 0 212 348 401 912 409 662 257 919 497 538 831 361 479 514 323 393 230 519 911
667 198 804 460 257 502 238 530 64 484 212 0 350 404 914 412 665 260 921 334 540 833 363 317 516 326 395 68 501 914
352 188 488 398 207 186 188 214 364 168 348 350 0 125 599 174 349 128 606 495 224 518 84 477 200 89 79 369 273 598
442 242 578 462 261 276 242 304 418 259 401 404 125 0 689 228 440 182 696 548 315 608 65 531 291 142 170 422 338 688
306 753 321 724 771 452 752 617 929 471 912 914 599 689 0 739 294 692 439 1028 408 179 648 1010 432 653 581 933 676 34
492 250 628 371 268 326 249 292 426 308 409 412 174 228 739 0 489 190 746 407 364 658 187 389 341 116 220 430 246 738
72 503 183 474 522 202 503 367 679 221 662 665 349 440 294 489 0 443 301 778 159 213 399 761 183 403 332 683 427 294
445 98 581 424 116 280 97 308 274 262 257 260 128 182 692 190 443 0 699 510 318 611 141 492 294 104 173 278 299 692
313 760 169 731 778 459 759 624 936 478 919 921 606 696 439 746 301 699 0 1035 415 358 655 1017 439 660 588 940 683 439
781 483 917 378 542 615 523 547 305 597 497 334 495 548 1028 407 778 510 1035 0 653 947 508 100 630 436 540 326 419 1027
161 378 297 413 397 127 378 242 554 109 538 540 224 315 408 364 159 318 415 653 0 327 274 636 116 279 207 559 302 408
225 672 240 643 690 371 671 536 848 390 831 833 518 608 179 658 213 611 358 947 327 0 567 929 351 572 500 852 595 179
401 201 537 422 220 236 201 264 377 218 361 363 84 65 648 187 399 141 655 508 274 567 0 490 250 102 129 382 297 648
763 465 899 361 524 597 505 530 288 580 479 317 477 531 1010 389 761 492 1017 100 636 929 490 0 612 418 522 309 401 1009
185 355 321 403 373 103 354 219 531 86 514 516 200 291 432 341 183 294 439 630 116 351 250 612 0 255 183 535 278 431
406 164 542 350 183 240 164 268 340 223 323 326 89 142 653 116 403 104 660 436 279 572 102 418 255 0 134 344 225 652
334 234 470 380 252 169 233 196 409 151 393 395 79 170 581 220 332 173 588 540 207 500 129 522 183 134 0 414 256 580
686 217 822 452 275 520 256 548 56 503 230 68 369 422 933 430 683 278 940 326 559 852 382 309 535 344 414 0 493 932
429 359 565 156 378 263 359 196 472 246 519 501 273 338 676 246 427 299 683 419 302 595 297 401 278 225 256 493 0 675
306 752 321 723 770 451 751 616 928 470 911 914 598 688 34 738 294 692 439 1027 408 179 648 1009 431 652 580 932 675 0
EOF