NAME : tsp_problem
TYPE : TSP
DIMENSION : 36
EDGE_WEIGHT_TYPE : EXPLICIT
EDGE_WEIGHT_FORMAT : FULL_MATRIX
EDGE_WEIGHT_SECTION
0 230 266 991 467 220 475 252 984 553 575 335 432 929 397 700 602 915 363 417 411 400 152 539 504 330 392 925 597 726 546 530 730 564 358 542
230 0 144 869 345 59 435 44 862 431 453 213 310 806 274 578 480 793 241 424 417 278 159 416 382 208 399 802 475 604 424 407 608 442 236 548
266 144 0 761 237 134 327 166 754 323 344 105 202 698 166 469 371 684 132 460 453 169 195 308 274 100 435 694 366 496 315 299 500 334 127 461
991 869 761 0 691 859 792 891 175 678 668 694 595 102 756 503 572 106 672 1013 1007 624 920 632 530 783 988 209 567 320 572 654 534 689 811 785
467 345 237 691 0 335 299 367 684 253 316 170 132 628 232 442 344 615 148 520 514 100 396 280 204 259 495 624 338 426 246 229 472 264 287 433
220 59 134 859 335 0 424 81 852 421 442 203 299 796 264 567 469 782 230 413 407 267 148 406 372 198 388 792 464 594 413 397 598 432 225 538
475 435 327 792 299 424 0 457 785 385 242 260 264 729 321 367 270 715 237 266 259 231 404 206 305 349 241 725 264 527 265 361 398 396 377 258
252 44 166 891 367 81 457 0 884 453 474 235 332 828 296 599 502 815 262 446 439 299 181 438 404 230 421 824 496 626 445 429 630 464 257 570
984 862 754 175 684 852 785 884 0 671 661 687 588 113 749 496 565 99 665 1006 1000 617 913 625 523 776 981 202 560 313 565 647 527 682 804 778
553 431 323 678 253 421 385 453 671 0 329 256 157 615 318 447 356 601 234 606 600 185 482 293 191 345 581 611 351 413 232 90 477 46 373 445
575 453 344 668 316 442 242 474 661 329 0 278 247 606 339 244 146 592 255 410 403 249 503 83 181 367 384 602 141 403 142 305 275 340 394 145
335 213 105 694 170 203 260 235 687 256 278 0 135 631 100 403 305 618 66 482 475 103 264 242 207 127 456 627 300 429 249 233 433 267 155 394
432 310 202 595 132 299 264 332 588 157 247 135 0 533 196 364 274 519 113 485 478 64 361 211 108 224 460 529 269 330 150 134 395 168 252 363
929 806 698 102 628 796 729 828 113 615 606 631 533 0 693 440 509 43 609 950 944 561 857 569 467 720 925 146 504 257 509 591 471 626 748 722
397 274 166 756 232 264 321 296 749 318 339 100 196 693 0 464 366 679 127 543 536 164 325 303 268 189 518 689 361 491 310 294 495 329 216 455
700 578 469 503 442 567 367 599 496 447 244 403 364 440 464 0 144 427 380 589 582 374 628 208 299 492 564 436 138 238 267 423 105 458 519 359
602 480 371 572 344 469 270 502 565 356 146 305 274 509 366 144 0 496 282 491 484 276 531 110 209 394 466 505 40 307 169 333 174 367 421 263
915 793 684 106 615 782 715 815 99 601 592 618 519 43 679 427 496 0 595 937 930 547 843 556 453 707 912 133 490 243 495 578 457 612 734 708
363 241 132 672 148 230 237 262 665 234 255 66 113 609 127 380 282 595 0 459 452 80 291 219 185 155 434 605 277 407 226 210 411 245 182 371
417 424 460 1013 520 413 266 446 1006 606 410 482 485 950 543 589 491 937 459 0 19 453 346 428 526 524 63 946 486 748 487 583 620 617 551 332
411 417 453 1007 514 407 259 439 1000 600 403 475 478 944 536 582 484 930 452 19 0 446 339 421 519 517 57 940 479 742 480 576 613 611 545 326
400 278 169 624 100 267 231 299 617 185 249 103 64 561 164 374 276 547 80 453 446 0 328 213 136 192 428 557 271 359 178 162 405 196 219 365
152 159 195 920 396 148 404 181 913 482 503 264 361 857 325 628 531 843 291 346 339 328 0 467 433 259 321 853 525 655 474 458 659 493 286 470
539 416 308 632 280 406 206 438 625 293 83 242 211 569 303 208 110 556 219 428 421 213 467 0 145 330 403 565 105 367 106 269 239 304 358 199
504 382 274 530 204 372 305 404 523 191 181 207 108 467 268 299 209 453 185 526 519 136 433 145 0 296 501 463 203 265 84 167 330 202 324 298
330 208 100 783 259 198 349 230 776 345 367 127 224 720 189 492 394 707 155 524 517 192 259 330 296 0 499 716 389 518 338 322 522 356 69 483
392 399 435 988 495 388 241 421 981 581 384 456 460 925 518 564 466 912 434 63 57 428 321 403 501 499 0 921 461 723 461 557 594 592 526 307
925 802 694 209 624 792 725 824 202 611 602 627 529 146 689 436 505 133 605 946 940 557 853 565 463 716 921 0 500 253 505 587 467 622 744 718
597 475 366 567 338 464 264 496 560 351 141 300 269 504 361 138 40 490 277 486 479 271 525 105 203 389 461 500 0 302 164 327 169 362 416 257
726 604 496 320 426 594 527 626 313 413 403 429 330 257 491 238 307 243 407 748 742 359 655 367 265 518 723 253 302 0 307 389 269 424 546 520
546 424 315 572 246 413 265 445 565 232 142 249 150 509 310 267 169 495 226 487 480 178 474 106 84 338 461 505 164 307 0 209 297 243 365 258
530 407 299 654 229 397 361 429 647 90 305 233 134 591 294 423 333 578 210 583 576 162 458 269 167 322 557 587 327 389 209 0 454 90 349 422
730 608 500 534 472 598 398 630 527 477 275 433 395 471 495 105 174 457 411 620 613 405 659 239 330 522 594 467 169 269 297 454 0 488 550 389
564 442 334 689 264 432 396 464 682 46 340 267 168 626 329 458 367 612 245 617 611 196 493 304 202 356 592 622 362 424 243 90 488 0 384 456
358 236 127 811 287 225 377 257 804 373 394 155 252 748 216 519 421 734 182 551 545 219 286 358 324 69 526 744 416 546 365 349 550 384 0 511
542 548 461 785 433 538 258 570 778 445 145 394 363 722 455 359 263 708 371 332 326 365 470 199 298 483 307 718 257 520 258 422 389 456 511 0
EOF
