NAME : tsp_problem
TYPE : TSP
DIMENSION : 27
EDGE_WEIGHT_TYPE : EXPLICIT
EDGE_WEIGHT_FORMAT : FULL_MATRIX
EDGE_WEIGHT_SECTION
0 629 721 299 150 476 681 415 412 266 499 430 417 614 552 484 358 585 436 665 485 276 673 681 682 680 600
629 0 959 508 525 189 919 264 261 513 213 372 266 851 265 332 472 823 665 903 334 523 910 250 250 249 838
721 959 0 656 617 806 96 745 742 728 829 718 747 164 881 813 532 317 736 143 815 739 223 1010 1011 1010 245
299 508 656 0 194 355 616 294 291 182 378 268 296 549 431 363 169 520 355 600 364 193 608 560 561 559 535
150 525 617 194 0 371 577 311 308 161 395 326 313 509 447 379 254 481 332 561 381 172 568 576 577 575 496
476 189 806 355 371 0 766 110 107 359 59 219 112 698 112 179 319 669 532 750 180 370 757 241 242 240 685
681 919 96 616 577 766 0 705 702 688 789 678 707 124 841 773 492 277 696 103 775 699 183 970 971 970 205
415 264 745 294 311 110 705 0 47 299 134 158 52 637 186 118 258 609 471 689 120 309 696 315 316 314 624
412 261 742 291 308 107 702 47 0 295 131 155 49 634 183 115 255 606 468 686 117 306 693 312 313 311 621
266 513 728 182 161 359 688 299 295 0 383 314 301 621 435 367 242 592 231 672 369 69 680 564 565 563 607
499 213 829 378 395 59 789 134 131 383 0 242 136 721 135 202 342 693 555 773 204 393 781 264 265 263 708
430 372 718 268 326 219 678 158 155 314 242 0 160 610 295 227 231 582 486 662 228 324 670 424 425 423 597
417 266 747 296 313 112 707 52 49 301 136 160 0 639 188 120 260 611 473 691 122 311 698 317 318 316 626
614 851 164 549 509 698 124 637 634 621 721 610 639 0 774 706 425 210 629 108 707 631 98 903 904 902 137
552 265 881 431 447 112 841 186 183 435 135 295 188 774 0 255 395 745 608 825 256 446 833 317 317 316 761
484 332 813 363 379 179 773 118 115 367 202 227 120 706 255 0 326 677 540 757 25 377 765 384 385 383 692
358 472 532 169 254 319 492 258 255 242 342 231 260 425 395 326 0 396 414 476 328 252 484 524 524 523 412
585 823 317 520 481 669 277 609 606 592 693 582 611 210 745 677 396 0 600 261 679 603 269 874 875 873 197
436 665 736 355 332 532 696 471 468 231 555 486 473 629 608 540 414 600 0 680 541 242 688 587 588 587 615
665 903 143 600 561 750 103 689 686 672 773 662 691 108 825 757 476 261 680 0 759 683 167 954 955 954 189
485 334 815 364 381 180 775 120 117 369 204 228 122 707 256 25 328 679 541 759 0 379 766 385 386 384 694
276 523 739 193 172 370 699 309 306 69 393 324 311 631 446 377 252 603 242 683 379 0 690 575 575 574 618
673 910 223 608 568 757 183 696 693 680 781 670 698 98 833 765 484 269 688 167 766 690 0 962 963 961 196
681 250 1010 560 576 241 970 315 312 564 264 424 317 903 317 384 524 874 587 954 385 575 962 0 52 32 890
682 250 1011 561 577 242 971 316 313 565 265 425 318 904 317 385 524 875 588 955 386 575 963 52 0 51 890
680 249 1010 559 575 240 970 314 311 563 263 423 316 902 316 383 523 873 587 954 384 574 961 32 51 0 889
600 838 245 535 496 685 205 624 621 607 708 597 626 137 761 692 412 197 615 189 694 618 196 890 890 889 0
EOF
