NAME : tsp_problem
TYPE : TSP
DIMENSION : 54
EDGE_WEIGHT_TYPE : EXPLICIT
EDGE_WEIGHT_FORMAT : FULL_MATRIX
EDGE_WEIGHT_SECTION
0 435 1071 562 559 742 469 774 565 374 681 964 743 608 617 684 359 462 713 861 616 1005 1040 421 592 1086 455 515 1101 927 694 728 995 391 1117 379 343 839 518 661 424 670 453 673 394 1193 625 969 633 722 1113 609 400 382
435 0 715 512 510 385 153 417 208 93 433 607 529 251 260 327 188 56 356 504 481 648 683 105 457 729 50 466 744 571 337 372 638 76 760 208 253 482 161 304 68 313 137 421 77 837 268 613 276 366 757 306 109 88
1071 715 0 977 975 496 790 570 615 730 709 144 651 669 568 536 824 741 664 255 762 204 63 742 787 104 734 931 69 174 546 649 194 713 85 844 890 280 704 612 704 621 774 698 714 476 608 139 694 575 81 724 745 724
562 512 977 0 44 515 546 546 502 451 349 870 411 330 553 485 436 539 649 766 284 910 945 498 259 992 532 63 1007 833 504 396 900 468 1023 456 294 744 548 597 502 607 530 341 471 1099 398 875 307 532 1019 277 477 459
559 510 975 44 0 513 544 544 499 448 347 867 408 328 551 482 433 536 647 764 281 908 943 496 257 989 530 61 1004 831 501 393 898 466 1020 454 291 742 546 595 499 604 527 338 469 1096 395 872 304 530 1017 274 475 456
742 385 496 515 513 0 460 104 328 401 247 389 309 207 306 170 495 412 402 285 300 429 464 413 325 511 405 469 526 352 189 187 419 383 542 515 560 264 374 350 375 360 444 236 385 618 146 394 232 218 538 261 416 395
469 153 790 546 544 460 0 492 283 127 508 682 604 326 335 402 221 180 431 579 556 723 758 68 532 804 173 500 819 646 412 447 713 110 835 242 287 557 236 379 143 388 31 496 112 912 343 688 351 441 832 381 143 121
774 417 570 546 544 104 492 0 359 432 279 463 375 238 338 202 526 443 434 360 331 503 539 444 356 585 437 500 600 426 221 218 493 415 616 546 592 338 406 382 406 391 476 267 416 692 178 468 263 249 612 293 447 426
565 208 615 502 499 328 283 359 0 223 375 508 472 194 161 228 318 235 256 405 424 549 584 235 400 630 228 456 645 471 238 314 539 206 661 338 383 383 197 205 198 214 267 364 207 737 211 513 218 266 657 248 239 218
374 93 730 451 448 401 127 432 223 0 448 622 544 266 275 342 126 120 371 519 496 663 698 79 472 744 113 405 759 586 352 387 653 50 776 147 192 497 176 319 83 328 111 436 52 852 283 628 291 381 772 321 83 61
681 433 709 349 347 247 508 279 375 448 0 602 142 254 353 217 542 459 449 499 98 643 678 460 122 724 452 303 739 565 236 127 633 430 755 562 414 477 421 398 422 407 491 72 432 831 193 607 279 265 751 264 463 442
964 607 144 870 867 389 682 463 508 622 602 0 544 561 460 429 716 634 556 148 654 96 112 634 679 158 627 823 173 66 439 541 86 605 190 737 782 172 596 504 597 513 666 590 606 369 501 56 586 467 186 616 638 616
743 529 651 411 408 309 604 375 472 544 142 544 0 351 450 314 618 556 546 441 159 585 620 556 184 666 549 365 681 507 333 188 575 527 697 638 475 419 518 494 518 503 588 133 528 773 290 549 356 361 693 326 560 538
608 251 669 330 328 207 326 238 194 266 254 561 351 0 245 177 360 278 341 458 253 602 637 278 228 684 271 284 698 525 196 193 592 249 715 381 395 436 240 289 240 299 310 242 250 791 90 567 47 224 711 77 282 260
617 260 568 553 551 306 335 338 161 275 353 460 450 245 0 180 369 286 135 357 406 501 536 287 431 582 280 507 597 424 190 293 491 258 613 390 435 335 249 83 249 92 319 342 259 690 252 465 270 219 610 300 290 269
684 327 536 485 482 170 402 202 228 342 217 429 314 177 180 0 437 354 276 326 270 469 505 354 295 551 347 439 566 392 63 156 459 325 582 457 502 304 316 224 317 234 386 206 326 658 116 434 202 92 578 231 358 336
359 188 824 436 433 495 221 526 318 126 542 716 618 360 369 437 0 214 465 613 490 757 792 174 466 839 207 390 853 680 446 481 747 144 870 64 177 591 271 413 177 423 205 530 147 946 377 722 385 475 866 415 152 134
462 56 741 539 536 412 180 443 235 120 459 634 556 278 286 354 214 0 382 531 508 674 710 132 484 756 44 493 771 597 364 398 664 103 787 235 280 509 188 331 69 340 164 448 104 863 295 639 302 392 783 332 135 114
713 356 664 649 647 402 431 434 256 371 449 556 546 341 135 276 465 382 0 453 502 597 632 383 527 678 376 603 693 520 286 388 587 354 709 485 531 431 345 127 345 129 415 438 355 786 348 561 366 314 706 396 386 365
861 504 255 766 764 285 579 360 405 519 499 148 441 458 357 326 613 531 453 0 551 189 224 531 576 270 524 720 285 111 335 438 179 502 301 634 679 69 493 401 493 410 563 487 503 377 398 153 483 364 297 513 535 513
616 481 762 284 281 300 556 331 424 496 98 654 159 253 406 270 490 508 502 551 0 695 730 508 140 777 501 237 791 618 289 144 685 479 808 511 348 529 470 450 471 459 540 89 480 884 246 660 229 317 804 199 512 491
1005 648 204 910 908 429 723 503 549 663 643 96 585 602 501 469 757 674 597 189 695 0 172 675 720 218 668 864 233 107 479 582 44 646 250 778 823 213 637 545 637 554 707 631 647 410 542 102 627 508 246 657 678 657
1040 683 63 945 943 464 758 539 584 698 678 112 620 637 536 505 792 710 632 224 730 172 0 710 755 78 703 899 93 142 514 617 162 681 109 813 858 248 672 580 672 589 742 666 682 445 577 107 662 543 105 692 714 692
421 105 742 498 496 413 68 444 235 79 460 634 556 278 287 354 174 132 383 531 508 675 710 0 484 756 125 452 771 598 364 399 665 62 788 194 239 509 188 331 95 340 52 448 64 864 295 640 303 393 784 333 95 73
592 457 787 259 257 325 532 356 400 472 122 679 184 228 431 295 466 484 527 576 140 720 755 484 0 801 477 213 816 643 313 169 710 455 832 486 324 554 446 475 446 484 516 114 456 909 271 685 204 342 829 174 488 466
1086 729 104 992 989 511 804 585 630 744 724 158 666 684 582 551 839 756 678 270 777 218 78 756 801 0 749 946 133 188 561 663 208 727 149 859 904 295 718 626 719 636 788 713 728 491 623 154 708 589 145 738 760 739
455 50 734 532 530 405 173 437 228 113 452 627 549 271 280 347 207 44 376 524 501 668 703 125 477 749 0 486 764 590 357 391 658 96 780 228 273 502 181 324 62 333 157 441 97 856 288 632 296 385 776 325 129 107
515 466 931 63 61 469 500 500 456 405 303 823 365 284 507 439 390 493 603 720 237 864 899 452 213 946 486 0 960 787 458 350 854 422 977 410 248 698 502 551 456 561 484 295 425 1053 352 829 260 486 973 230 431 413
1101 744 69 1007 1004 526 819 600 645 759 739 173 681 698 597 566 853 771 693 285 791 233 93 771 816 133 764 960 0 203 575 678 223 742 62 874 919 309 733 641 734 650 803 727 743 506 638 168 723 604 58 753 775 753
927 571 174 833 831 352 646 426 471 586 565 66 507 525 424 392 680 597 520 111 618 107 142 598 643 188 590 787 203 0 402 505 97 569 220 700 746 136 560 468 560 477 629 554 570 332 464 72 550 431 216 579 601 580
694 337 546 504 501 189 412 221 238 352 236 439 333 196 190 63 446 364 286 335 289 479 514 364 313 561 357 458 575 402 0 175 469 335 592 467 512 313 326 234 326 243 396 225 336 668 135 444 221 59 588 250 368 346
728 372 649 396 393 187 447 218 314 387 127 541 188 193 293 156 481 398 388 438 144 582 617 399 169 663 391 350 678 505 175 0 572 370 694 501 460 416 361 337 361 346 430 118 371 770 133 546 218 204 691 248 402 381
995 638 194 900 898 419 713 493 539 653 633 86 575 592 491 459 747 664 587 179 685 44 162 665 710 208 658 854 223 97 469 572 0 636 240 768 813 203 627 535 627 544 697 621 637 400 532 92 617 498 236 647 669 647
391 76 713 468 466 383 110 415 206 50 430 605 527 249 258 325 144 103 354 502 479 646 681 62 455 727 96 422 742 569 335 370 636 0 758 164 209 480 159 302 66 311 94 419 35 834 266 610 274 363 755 303 66 44
1117 760 85 1023 1020 542 835 616 661 776 755 190 697 715 613 582 870 787 709 301 808 250 109 788 832 149 780 977 62 220 592 694 240 758 0 890 935 326 749 657 750 667 819 744 759 522 654 185 739 620 45 769 791 770
379 208 844 456 454 515 242 546 338 147 562 737 638 381 390 457 64 235 485 634 511 778 813 194 486 859 228 410 874 700 467 501 768 164 890 0 197 612 291 434 197 443 226 551 167 966 398 742 406 495 886 435 173 155
343 253 890 294 291 560 287 592 383 192 414 782 475 395 435 502 177 280 531 679 348 823 858 239 324 904 273 248 919 746 512 460 813 209 935 197 0 657 336 479 243 488 271 405 212 1012 443 787 371 541 932 341 218 200
839 482 280 744 742 264 557 338 383 497 477 172 419 436 335 304 591 509 431 69 529 213 248 509 554 295 502 698 309 136 313 416 203 480 326 612 657 0 471 379 471 388 541 465 481 402 376 178 461 342 322 491 513 491
518 161 704 548 546 374 236 406 197 176 421 596 518 240 249 316 271 188 345 493 470 637 672 188 446 718 181 502 733 560 326 361 627 159 749 291 336 471 0 293 151 302 220 410 160 825 257 601 265 354 746 294 192 171
661 304 612 597 595 350 379 382 205 319 398 504 494 289 83 224 413 331 127 401 450 545 580 331 475 626 324 551 641 468 234 337 535 302 657 434 479 379 293 0 293 49 363 386 303 734 296 510 314 263 654 344 335 313
424 68 704 502 499 375 143 406 198 83 422 597 518 240 249 317 177 69 345 493 471 637 672 95 446 719 62 456 734 560 326 361 627 66 750 197 243 471 151 293 0 303 127 410 67 826 258 602 265 355 746 295 98 77
670 313 621 607 604 360 388 391 214 328 407 513 503 299 92 234 423 340 129 410 459 554 589 340 484 636 333 561 650 477 243 346 544 311 667 443 488 388 302 49 303 0 372 395 312 743 306 519 323 272 663 353 344 322
453 137 774 530 527 444 31 476 267 111 491 666 588 310 319 386 205 164 415 563 540 707 742 52 516 788 157 484 803 629 396 430 697 94 819 226 271 541 220 363 127 372 0 480 96 895 327 671 335 424 815 364 126 105
673 421 698 341 338 236 496 267 364 436 72 590 133 242 342 206 530 448 438 487 89 631 666 448 114 713 441 295 727 554 225 118 621 419 744 551 405 465 410 386 410 395 480 0 420 820 182 596 267 253 740 256 452 430
394 77 714 471 469 385 112 416 207 52 432 606 528 250 259 326 147 104 355 503 480 647 682 64 456 728 97 425 743 570 336 371 637 35 759 167 212 481 160 303 67 312 96 420 0 836 267 612 275 365 756 305 68 46
1193 837 476 1099 1096 618 912 692 737 852 831 369 773 791 690 658 946 863 786 377 884 410 445 864 909 491 856 1053 506 332 668 770 400 834 522 966 1012 402 825 734 826 743 895 820 836 0 730 374 816 697 518 845 867 846
625 268 608 398 395 146 343 178 211 283 193 501 290 90 252 116 377 295 348 398 246 542 577 295 271 623 288 352 638 464 135 133 532 266 654 398 443 376 257 296 258 306 327 182 267 730 0 506 114 164 650 144 299 277
969 613 139 875 872 394 688 468 513 628 607 56 549 567 465 434 722 639 561 153 660 102 107 640 685 154 632 829 168 72 444 546 92 610 185 742 787 178 601 510 602 519 671 596 612 374 506 0 592 472 181 621 643 622
633 276 694 307 304 232 351 263 218 291 279 586 356 47 270 202 385 302 366 483 229 627 662 303 204 708 296 260 723 550 221 218 617 274 739 406 371 461 265 314 265 323 335 267 275 816 114 592 0 249 736 53 306 285
722 366 575 532 530 218 441 249 266 381 265 467 361 224 219 92 475 392 314 364 317 508 543 393 342 589 385 486 604 431 59 204 498 363 620 495 541 342 354 263 355 272 424 253 365 697 164 472 249 0 617 279 396 375
1113 757 81 1019 1017 538 832 612 657 772 751 186 693 711 610 578 866 783 706 297 804 246 105 784 829 145 776 973 58 216 588 691 236 755 45 886 932 322 746 654 746 663 815 740 756 518 650 181 736 617 0 765 787 766
609 306 724 277 274 261 381 293 248 321 264 616 326 77 300 231 415 332 396 513 199 657 692 333 174 738 325 230 753 579 250 248 647 303 769 435 341 491 294 344 295 353 364 256 305 845 144 621 53 279 765 0 336 315
400 109 745 477 475 416 143 447 239 83 463 638 560 282 290 358 152 135 386 535 512 678 714 95 488 760 129 431 775 601 368 402 669 66 791 173 218 513 192 335 98 344 126 452 68 867 299 643 306 396 787 336 0 77
382 88 724 459 456 395 121 426 218 61 442 616 538 260 269 336 134 114 365 513 491 657 692 73 466 739 107 413 753 580 346 381 647 44 770 155 200 491 171 313 77 322 105 430 46 846 277 622 285 375 766 315 77 0
EOF