NAME : tsp_problem
TYPE : TSP
DIMENSION : 66
EDGE_WEIGHT_TYPE : EXPLICIT
EDGE_WEIGHT_FORMAT : FULL_MATRIX
EDGE_WEIGHT_SECTION
0 379 607 533 415 512 589 496 436 89 432 380 390 137 366 279 343 290 297 393 465 259 520 512 126 388 745 292 680 682 266 279 341 429 666 546 302 607 376 439 637 655 336 632 612 375 353 125 531 362 258 709 290 559 406 806 614 639 584 256 386 196 608 447 326 252
379 0 498 284 426 495 669 247 374 360 511 50 141 270 211 358 68 228 118 331 216 156 599 263 339 326 824 272 759 761 246 359 70 179 557 625 240 358 388 450 528 734 415 523 503 386 291 330 462 74 338 788 142 638 417 885 364 718 335 336 398 275 500 458 405 331
607 498 0 275 328 231 865 348 199 588 708 499 395 498 532 459 462 345 462 237 398 424 795 445 567 242 1021 499 955 957 474 555 460 506 88 822 333 376 397 514 59 931 612 54 34 367 278 557 112 480 534 985 455 835 481 1082 359 915 197 532 356 502 31 309 602 455
533 284 275 0 453 357 822 134 325 514 665 284 180 424 364 511 247 381 272 362 184 310 752 230 493 368 978 425 912 914 400 512 246 291 334 779 393 197 523 604 305 888 569 300 280 493 404 483 238 266 491 942 295 792 571 1039 203 872 111 489 481 428 276 435 559 485
415 426 328 453 0 129 605 527 246 396 448 427 437 306 413 199 390 226 343 276 512 305 536 559 375 270 761 381 696 698 355 295 388 475 387 562 215 555 101 254 358 671 352 353 333 99 236 365 251 408 274 725 337 575 221 822 538 655 376 272 111 256 329 99 342 195
512 495 231 357 129 0 703 430 149 493 545 495 477 403 482 296 458 295 412 186 480 374 633 527 472 192 858 449 793 795 424 393 457 544 290 659 283 458 198 351 261 768 449 256 236 168 228 463 155 477 372 822 405 672 318 919 441 752 279 370 157 354 232 110 439 293
589 669 865 822 605 703 0 785 694 570 201 669 679 480 655 469 632 579 586 651 754 548 141 801 549 646 366 581 301 303 555 349 631 718 924 167 590 896 567 386 895 276 293 890 870 565 611 540 789 651 375 170 579 180 417 268 903 260 873 378 577 431 866 637 297 442
496 247 348 134 527 430 785 0 398 477 628 248 144 387 328 475 211 345 235 436 147 273 716 194 456 442 941 389 876 878 363 476 209 255 407 742 357 208 505 567 378 851 532 373 354 503 408 447 312 229 455 905 259 755 534 1002 215 835 185 453 514 392 350 508 522 448
436 374 199 325 246 149 694 398 0 416 537 374 384 326 361 288 337 174 291 65 448 253 624 495 395 71 849 328 784 786 303 384 336 423 258 650 162 426 280 342 229 759 440 224 204 278 107 386 123 356 363 813 284 664 309 910 409 743 247 361 274 331 201 227 430 284
89 360 588 514 396 493 570 477 416 0 413 361 371 118 347 259 324 270 277 374 446 239 500 493 76 368 726 273 661 663 247 260 322 409 646 527 282 588 357 420 618 636 317 613 593 356 333 85 511 342 239 690 271 540 387 787 594 620 565 237 367 176 589 428 307 233
432 511 708 665 448 545 201 628 537 413 0 512 522 323 498 312 475 422 429 494 597 391 132 644 392 489 357 424 292 294 398 192 474 561 767 158 433 739 410 229 738 267 136 733 713 408 454 383 632 494 218 321 422 171 260 418 746 251 716 221 419 274 709 480 140 285
380 50 499 284 427 495 669 248 374 361 512 0 141 271 212 359 69 228 119 332 217 157 600 263 340 326 825 273 760 762 247 359 71 180 558 626 240 358 388 451 529 735 416 524 504 387 292 331 462 75 338 789 143 639 418 886 365 719 335 336 398 276 500 459 406 332
390 141 395 180 437 477 679 144 384 371 522 141 0 281 222 369 104 238 129 342 113 167 609 159 350 336 835 282 770 772 257 369 103 149 454 636 250 254 398 461 425 745 426 420 400 397 301 340 358 123 348 799 152 649 428 896 261 729 231 346 408 286 396 469 416 342
137 270 498 424 306 403 480 387 326 118 323 271 281 0 257 170 234 180 188 284 356 149 411 403 97 278 636 183 571 573 157 170 232 319 557 437 192 498 267 330 528 546 227 523 503 266 244 88 421 253 149 600 181 450 297 697 505 530 475 147 277 87 499 338 217 143
366 211 532 364 413 482 655 328 361 347 498 212 222 257 0 345 175 214 128 318 297 143 586 343 326 312 811 259 746 748 233 346 173 260 591 612 226 439 374 437 562 721 402 557 537 373 278 317 455 193 324 775 129 625 404 872 445 705 415 322 384 262 533 445 392 318
279 358 459 511 199 296 469 475 288 259 312 359 369 170 345 0 321 195 275 245 444 237 399 490 238 239 625 270 560 562 245 159 320 407 518 426 184 586 160 223 489 535 216 484 464 159 205 229 383 340 138 589 268 439 190 686 592 519 507 136 170 120 460 231 206 59
343 68 462 247 390 458 632 211 337 324 475 69 104 234 175 321 0 191 82 295 180 120 562 226 303 289 788 235 723 725 210 322 56 143 521 589 203 321 351 414 492 698 379 487 467 350 254 293 425 76 301 752 105 602 381 849 328 682 298 299 361 239 463 422 369 295
290 228 345 381 226 295 579 345 174 270 422 228 238 180 214 195 191 0 145 132 314 107 509 360 249 126 734 182 669 671 157 269 190 277 404 535 40 455 188 250 375 644 326 370 350 186 91 240 269 210 248 698 138 549 217 795 462 628 393 246 198 185 347 259 315 192
297 118 462 272 343 412 586 235 291 277 429 119 129 188 128 275 82 145 0 249 204 73 516 251 256 243 741 189 676 678 164 276 80 167 521 543 157 346 305 367 492 652 333 487 467 303 208 247 386 101 255 705 59 556 334 802 353 636 323 253 315 192 464 376 322 248
393 331 237 362 276 186 651 436 65 374 494 332 342 284 318 245 295 132 249 0 417 211 582 464 353 39 807 286 742 744 260 342 294 381 295 608 120 464 238 300 267 717 398 262 242 236 64 344 160 314 320 771 242 621 267 868 447 701 285 319 248 289 238 264 388 242
465 216 398 184 512 480 754 147 448 446 597 217 113 356 297 444 180 314 204 417 0 242 685 163 425 412 910 358 845 847 332 445 178 224 457 711 326 258 473 536 428 820 501 423 404 472 377 416 362 198 423 874 228 724 503 971 265 804 235 422 483 361 400 544 491 417
259 156 424 310 305 374 548 273 253 239 391 157 167 149 143 237 120 107 73 211 242 0 478 288 218 205 703 151 638 640 126 238 118 205 483 504 119 384 267 329 454 613 295 449 429 265 170 209 348 138 217 667 66 518 296 764 390 597 360 215 277 154 426 338 284 210
520 599 795 752 536 633 141 716 624 500 132 600 609 411 586 399 562 509 516 582 685 478 0 731 479 576 246 511 180 182 486 279 561 648 854 47 520 827 497 316 825 156 224 820 801 496 541 470 719 581 305 260 509 60 348 357 833 140 803 308 507 361 797 568 228 373
512 263 445 230 559 527 801 194 495 493 644 263 159 403 343 490 226 360 251 464 163 288 731 0 472 458 957 404 891 893 379 491 225 270 504 758 372 304 520 582 475 867 548 470 450 519 423 462 408 245 470 921 274 771 550 1018 311 851 281 468 530 407 446 591 538 464
126 339 567 493 375 472 549 456 395 76 392 340 350 97 326 238 303 249 256 353 425 218 479 472 0 347 705 252 640 641 226 239 301 388 625 506 261 567 336 398 597 615 296 592 572 335 312 49 490 321 218 669 250 519 366 766 573 599 544 216 346 155 568 407 286 212
388 326 242 368 270 192 646 442 71 368 489 326 336 278 312 239 289 126 243 39 412 205 576 458 347 0 801 280 736 738 255 336 288 375 301 602 114 470 232 294 272 711 392 268 248 230 59 338 166 308 315 765 236 615 261 862 453 695 290 313 242 283 244 270 382 236
745 824 1021 978 761 858 366 941 849 726 357 825 835 636 811 625 788 734 741 807 910 703 246 957 705 801 0 737 122 193 711 505 786 873 1079 239 745 1052 722 541 1051 114 449 1046 1026 721 766 695 944 807 531 486 735 223 573 583 1059 137 1029 534 732 586 1022 793 453 598
292 272 499 425 381 449 581 389 328 273 424 273 282 183 259 270 235 182 189 286 358 151 511 404 252 280 737 0 672 674 51 271 234 321 558 538 194 499 342 404 529 647 328 524 505 340 245 242 423 254 250 701 182 551 372 798 506 631 476 248 352 187 501 413 318 244
680 759 955 912 696 793 301 876 784 661 292 760 770 571 746 560 723 669 676 742 845 638 180 891 640 736 122 672 0 128 646 439 721 808 1014 174 680 987 657 476 986 52 384 981 961 656 701 630 879 741 466 421 669 158 508 518 993 76 963 468 667 521 957 728 388 533
682 761 957 914 698 795 303 878 786 663 294 762 772 573 748 562 725 671 678 744 847 640 182 893 641 738 193 674 128 0 648 441 723 810 1016 176 682 989 659 478 988 103 386 983 963 658 703 632 881 743 468 422 671 160 510 520 995 87 965 470 669 523 959 730 390 535
266 246 474 400 355 424 555 363 303 247 398 247 257 157 233 245 210 157 164 260 332 126 486 379 226 255 711 51 646 648 0 246 208 296 533 512 169 474 316 379 504 621 302 499 479 315 220 217 398 229 225 675 157 525 346 772 481 605 451 223 326 162 475 387 292 218
279 359 555 512 295 393 349 476 384 260 192 359 369 170 346 159 322 269 276 342 445 238 279 491 239 336 505 271 439 441 246 0 321 408 614 306 280 586 257 238 585 415 129 580 560 255 301 230 479 341 65 469 269 319 269 566 593 399 563 68 267 121 557 328 119 132
341 70 460 246 388 457 631 209 336 322 474 71 103 232 173 320 56 190 80 294 178 118 561 225 301 288 786 234 721 723 208 321 0 141 519 587 202 320 350 412 490 696 377 485 466 348 253 292 424 75 300 750 104 600 379 847 327 680 297 298 360 237 462 420 367 293
429 179 506 291 475 544 718 255 423 409 561 180 149 319 260 407 143 277 167 381 224 205 648 270 388 375 873 321 808 810 296 408 141 0 565 674 289 366 437 499 536 783 464 531 511 435 340 379 470 162 387 837 191 688 466 934 372 767 342 385 447 324 508 508 454 380
666 557 88 334 387 290 924 407 258 646 767 558 454 557 591 518 521 404 521 295 457 483 854 504 625 301 1079 558 1014 1016 533 614 519 565 0 881 392 435 456 573 102 990 671 98 93 426 337 616 171 539 593 1043 514 894 540 1140 418 974 256 591 415 561 90 368 660 514
546 625 822 779 562 659 167 742 650 527 158 626 636 437 612 426 589 535 543 608 711 504 47 758 506 602 239 538 174 176 512 306 587 674 881 0 547 853 523 343 852 149 250 847 827 522 568 497 745 608 332 287 536 53 374 384 860 133 830 335 533 388 823 594 254 399
302 240 333 393 215 283 590 357 162 282 433 240 250 192 226 184 203 40 157 120 326 119 520 372 261 114 745 194 680 682 169 280 202 289 392 547 0 467 176 239 363 656 337 359 339 175 79 252 257 222 259 709 150 560 206 806 474 640 381 257 186 197 335 247 326 180
607 358 376 197 555 458 896 208 426 588 739 358 254 498 439 586 321 455 346 464 258 384 827 304 567 470 1052 499 987 989 474 586 320 366 435 853 467 0 615 678 406 962 643 401 382 594 505 557 340 340 565 1016 369 866 645 1113 47 946 213 563 583 503 378 536 633 559
376 388 397 523 101 198 567 505 280 357 410 388 398 267 374 160 351 188 305 238 473 267 497 520 336 232 722 342 657 659 316 257 350 437 456 523 176 615 0 215 427 632 313 422 402 61 197 327 321 370 236 686 298 536 182 783 607 616 445 234 72 218 398 133 303 157
439 450 514 604 254 351 386 567 342 420 229 451 461 330 437 223 414 250 367 300 536 329 316 582 398 294 541 404 476 478 379 238 412 499 573 343 239 678 215 0 544 452 182 539 519 214 260 389 437 432 264 505 360 356 109 602 684 436 562 267 225 280 515 286 186 219
637 528 59 305 358 261 895 378 229 618 738 529 425 528 562 489 492 375 492 267 428 454 825 475 597 272 1051 529 986 988 504 585 490 536 102 852 363 406 427 544 0 961 642 35 64 397 308 587 142 511 564 1015 485 865 511 1112 389 945 227 562 386 533 61 339 632 485
655 734 931 888 671 768 276 851 759 636 267 735 745 546 721 535 698 644 652 717 820 613 156 867 615 711 114 647 52 103 621 415 696 783 990 149 656 962 632 452 961 0 359 956 936 631 677 606 854 717 441 396 645 133 483 493 969 60 939 444 642 497 932 703 363 508
336 415 612 569 352 449 293 532 440 317 136 416 426 227 402 216 379 326 333 398 501 295 224 548 296 392 449 328 384 386 302 129 377 464 671 250 337 643 313 182 642 359 0 637 617 312 358 287 535 398 122 413 326 263 214 510 650 343 620 125 323 178 613 384 87 189
632 523 54 300 353 256 890 373 224 613 733 524 420 523 557 484 487 370 487 262 423 449 820 470 592 268 1046 524 981 983 499 580 485 531 98 847 359 401 422 539 35 956 637 0 60 392 303 582 138 506 559 1010 481 860 506 1107 384 940 222 557 381 528 56 334 627 480
612 503 34 280 333 236 870 354 204 593 713 504 400 503 537 464 467 350 467 242 404 429 801 450 572 248 1026 505 961 963 479 560 466 511 93 827 339 382 402 519 64 936 617 60 0 372 283 563 118 486 539 990 461 840 486 1087 365 920 202 537 361 508 36 314 607 460
375 386 367 493 99 168 565 503 278 356 408 387 397 266 373 159 350 186 303 236 472 265 496 519 335 230 721 340 656 658 315 255 348 435 426 522 175 594 61 214 397 631 312 392 372 0 196 325 291 368 234 685 297 535 181 782 577 615 415 232 71 216 369 132 302 155
353 291 278 404 236 228 611 408 107 333 454 292 301 244 278 205 254 91 208 64 377 170 541 423 312 59 766 245 701 703 220 301 253 340 337 568 79 505 197 260 308 677 358 303 283 196 0 303 202 273 280 730 201 581 227 827 488 661 326 278 207 248 279 268 347 201
125 330 557 483 365 463 540 447 386 85 383 331 340 88 317 229 293 240 247 344 416 209 470 462 49 338 695 242 630 632 217 230 292 379 616 497 252 557 327 389 587 606 287 582 563 325 303 0 481 312 209 659 240 510 356 756 564 590 534 207 337 146 559 398 276 202
531 462 112 238 251 155 789 312 123 511 632 462 358 421 455 383 425 269 386 160 362 348 719 408 490 166 944 423 879 881 398 479 424 470 171 745 257 340 321 437 142 854 535 138 118 291 202 481 0 444 458 908 379 758 404 1005 323 838 160 456 279 426 114 233 525 379
362 74 480 266 408 477 651 229 356 342 494 75 123 253 193 340 76 210 101 314 198 138 581 245 321 308 807 254 741 743 229 341 75 162 539 608 222 340 370 432 511 717 398 506 486 368 273 312 444 0 320 770 124 621 399 868 347 701 317 318 380 257 482 441 387 313
258 338 534 491 274 372 375 455 363 239 218 338 348 149 324 138 301 248 255 320 423 217 305 470 218 315 531 250 466 468 225 65 300 387 593 332 259 565 236 264 564 441 122 559 539 234 280 209 458 320 0 495 248 345 265 592 572 425 542 47 246 100 535 306 112 111
709 788 985 942 725 822 170 905 813 690 321 789 799 600 775 589 752 698 705 771 874 667 260 921 669 765 486 701 421 422 675 469 750 837 1043 287 709 1016 686 505 1015 396 413 1010 990 685 730 659 908 770 495 0 699 300 537 238 1022 380 993 498 696 550 986 757 417 562
290 142 455 295 337 405 579 259 284 271 422 143 152 181 129 268 105 138 59 242 228 66 509 274 250 236 735 182 669 671 157 269 104 191 514 536 150 369 298 360 485 645 326 481 461 297 201 240 379 124 248 699 0 549 328 796 376 629 346 246 308 185 457 369 316 242
559 638 835 792 575 672 180 755 664 540 171 639 649 450 625 439 602 549 556 621 724 518 60 771 519 615 223 551 158 160 525 319 600 688 894 53 560 866 536 356 865 133 263 860 840 535 581 510 758 621 345 300 549 0 387 397 873 117 843 348 546 401 836 607 267 412
406 417 481 571 221 318 417 534 309 387 260 418 428 297 404 190 381 217 334 267 503 296 348 550 366 261 573 372 508 510 346 269 379 466 540 374 206 645 182 109 511 483 214 506 486 181 227 356 404 399 265 537 328 387 0 634 651 467 529 263 192 247 482 253 218 186
806 885 1082 1039 822 919 268 1002 910 787 418 886 896 697 872 686 849 795 802 868 971 764 357 1018 766 862 583 798 518 520 772 566 847 934 1140 384 806 1113 783 602 1112 493 510 1107 1087 782 827 756 1005 868 592 238 796 397 634 0 1120 477 1090 595 793 647 1083 854 514 659
614 364 359 203 538 441 903 215 409 594 746 365 261 505 445 592 328 462 353 447 265 390 833 311 573 453 1059 506 993 995 481 593 327 372 418 860 474 47 607 684 389 969 650 384 365 577 488 564 323 347 572 1022 376 873 651 1120 0 953 196 570 566 509 361 519 639 565
639 718 915 872 655 752 260 835 743 620 251 719 729 530 705 519 682 628 636 701 804 597 140 851 599 695 137 631 76 87 605 399 680 767 974 133 640 946 616 436 945 60 343 940 920 615 661 590 838 701 425 380 629 117 467 477 953 0 923 428 626 481 916 687 347 492
584 335 197 111 376 279 873 185 247 565 716 335 231 475 415 507 298 393 323 285 235 360 803 281 544 290 1029 476 963 965 451 563 297 342 256 830 381 213 445 562 227 939 620 222 202 415 326 534 160 317 542 993 346 843 529 1090 196 923 0 540 404 479 198 357 610 503
256 336 532 489 272 370 378 453 361 237 221 336 346 147 322 136 299 246 253 319 422 215 308 468 216 313 534 248 468 470 223 68 298 385 591 335 257 563 234 267 562 444 125 557 537 232 278 207 456 318 47 498 246 348 263 595 570 428 540 0 244 98 534 305 115 109
386 398 356 481 111 157 577 514 274 367 419 398 408 277 384 170 361 198 315 248 483 277 507 530 346 242 732 352 667 669 326 267 360 447 415 533 186 583 72 225 386 642 323 381 361 71 207 337 279 380 246 696 308 546 192 793 566 626 404 244 0 228 357 127 313 167
196 275 502 428 256 354 431 392 331 176 274 276 286 87 262 120 239 185 192 289 361 154 361 407 155 283 586 187 521 523 162 121 237 324 561 388 197 503 218 280 533 497 178 528 508 216 248 146 426 257 100 550 185 401 247 647 509 481 479 98 228 0 504 289 167 93
608 500 31 276 329 232 866 350 201 589 709 500 396 499 533 460 463 347 464 238 400 426 797 446 568 244 1022 501 957 959 475 557 462 508 90 823 335 378 398 515 61 932 613 56 36 369 279 559 114 482 535 986 457 836 482 1083 361 916 198 534 357 504 0 310 603 457
447 458 309 435 99 110 637 508 227 428 480 459 469 338 445 231 422 259 376 264 544 338 568 591 407 270 793 413 728 730 387 328 420 508 368 594 247 536 133 286 339 703 384 334 314 132 268 398 233 441 306 757 369 607 253 854 519 687 357 305 127 289 310 0 374 228
326 405 602 559 342 439 297 522 430 307 140 406 416 217 392 206 369 315 322 388 491 284 228 538 286 382 453 318 388 390 292 119 367 454 660 254 326 633 303 186 632 363 87 627 607 302 347 276 525 387 112 417 316 267 218 514 639 347 610 115 313 167 603 374 0 179
252 331 455 485 195 293 442 448 284 233 285 332 342 143 318 59 295 192 248 242 417 210 373 464 212 236 598 244 533 535 218 132 293 380 514 399 180 559 157 219 485 508 189 480 460 155 201 202 379 313 111 562 242 412 186 659 565 492 503 109 167 93 457 228 179 0
EOF