NAME : tsp_problem
TYPE : TSP
DIMENSION : 70
EDGE_WEIGHT_TYPE : EXPLICIT
EDGE_WEIGHT_FORMAT : FULL_MATRIX
EDGE_WEIGHT_SECTION
0 351 106 910 568 407 392 621 551 445 575 602 663 442 533 467 546 494 577 497 529 114 1021 53 461 676 300 103 480 1055 580 502 974 352 112 435 117 655 761 657 461 621 931 440 567 347 280 567 408 601 595 536 895 440 958 439 69 558 807 904 428 561 355 946 990 1029 931 423 632 999
351 0 304 776 263 470 87 457 246 175 270 468 617 334 254 162 241 189 319 192 262 313 887 336 156 512 364 302 175 921 275 277 840 75 311 383 316 490 627 493 156 457 798 135 402 71 344 309 366 468 338 242 761 503 825 439 338 253 673 771 123 256 180 813 856 895 798 249 499 866
106 304 0 863 522 361 346 575 505 399 529 556 617 396 486 421 500 448 531 451 483 21 974 90 415 630 254 34 434 1008 534 456 927 306 19 389 24 608 715 611 415 575 885 393 521 301 234 521 362 555 549 490 848 394 912 393 93 512 760 858 382 515 309 900 943 982 885 377 586 953
910 776 863 0 645 570 784 510 628 872 694 358 289 528 563 730 623 757 607 616 559 872 150 894 724 565 678 861 633 184 698 533 102 779 870 577 875 543 197 546 654 510 99 831 456 769 657 597 560 354 625 566 63 555 87 500 897 635 148 67 819 679 911 75 119 280 60 950 316 128
568 263 522 645 0 417 270 325 60 358 180 337 486 202 122 217 52 244 188 103 131 530 756 553 210 380 495 519 120 790 185 146 709 266 528 251 533 359 496 361 141 325 667 318 271 255 362 178 234 336 206 111 630 556 693 307 555 67 542 639 306 166 398 681 725 764 667 437 368 735
407 470 361 570 417 0 512 350 400 565 465 263 324 244 334 502 395 529 379 388 331 369 682 392 496 405 139 358 405 716 470 304 634 471 367 261 372 383 422 386 426 350 592 559 295 467 268 369 210 262 397 338 555 170 619 139 394 407 467 565 547 451 474 607 650 689 592 543 293 660
392 87 346 784 270 512 0 464 254 120 278 476 624 341 261 170 248 197 327 200 270 354 895 377 163 519 405 343 182 929 282 284 847 90 353 390 358 497 635 500 163 464 805 79 410 80 385 317 373 475 345 250 768 545 832 446 380 260 680 778 91 263 203 820 864 902 805 199 506 873
621 457 575 510 325 350 464 0 309 552 374 202 351 209 243 411 304 438 288 297 240 584 621 606 404 120 457 572 314 655 379 213 574 460 582 258 587 87 361 75 334 38 532 511 83 449 369 278 241 202 306 247 495 489 559 279 609 315 407 504 500 360 592 547 590 629 532 631 233 600
551 246 505 628 60 400 254 309 0 342 163 320 469 185 106 200 61 227 171 86 114 514 739 536 194 363 479 502 103 773 168 129 692 249 512 235 517 342 479 345 124 308 650 301 254 239 345 161 218 320 189 94 613 539 677 291 539 76 525 622 289 149 381 665 708 747 650 420 351 718
445 175 399 872 358 565 120 552 342 0 366 564 713 429 349 258 337 285 415 288 358 408 983 430 252 607 458 397 270 1017 370 373 936 178 406 478 411 586 723 588 252 552 893 72 498 168 438 405 461 563 433 338 857 598 920 534 433 348 769 866 120 351 123 908 952 991 893 119 594 962
575 270 529 694 180 465 278 374 163 366 0 386 534 251 171 224 158 251 237 110 180 538 805 560 218 429 544 527 127 839 84 194 757 273 536 300 541 407 545 410 148 374 715 325 320 263 411 227 283 385 255 160 678 604 742 356 563 170 590 688 313 65 405 730 774 812 715 445 416 783
602 468 556 358 337 263 476 202 320 564 386 0 199 220 255 422 315 449 299 308 251 564 469 587 416 257 370 553 325 503 390 225 422 471 562 269 567 236 209 238 346 202 380 523 148 461 349 289 252 50 317 258 343 402 407 192 589 327 255 353 511 371 603 395 438 477 380 643 81 448
663 617 617 289 486 324 624 351 469 713 534 199 0 359 404 571 464 598 448 457 400 626 400 648 565 406 430 615 474 434 539 373 353 620 624 376 629 384 140 387 495 351 311 672 297 610 411 438 325 194 466 407 274 304 337 253 651 476 186 283 660 520 731 325 369 408 311 791 157 379
442 334 396 528 202 244 341 209 185 429 251 220 359 0 120 287 180 314 164 173 117 405 639 427 281 263 323 394 191 673 255 90 592 336 403 79 408 242 379 245 211 208 550 388 154 326 190 155 62 220 183 124 513 383 577 135 430 192 425 522 376 236 468 565 608 647 550 508 251 618
533 254 486 563 122 334 261 243 106 349 171 255 404 120 0 207 100 234 106 94 58 495 674 517 201 298 413 484 111 708 175 63 627 257 493 169 498 277 414 279 131 243 584 308 189 246 280 96 152 254 124 65 548 473 611 225 520 112 460 557 297 156 389 599 643 682 584 428 285 652
467 162 421 730 217 502 170 411 200 258 224 422 571 287 207 0 195 95 273 146 216 430 841 452 110 465 480 419 129 875 229 231 794 165 428 337 433 444 581 447 110 410 752 217 356 155 447 263 320 422 291 196 715 620 778 393 455 207 627 724 205 210 297 767 810 849 752 337 453 820
546 241 500 623 52 395 248 304 61 337 158 315 464 180 100 195 0 222 166 81 109 508 734 531 189 358 474 497 98 768 163 124 687 244 507 230 512 337 474 340 119 303 645 296 249 234 340 156 213 315 184 89 608 534 671 286 534 67 520 617 284 144 376 660 703 742 645 415 346 713
494 189 448 757 244 529 197 438 227 285 251 449 598 314 234 95 222 0 300 173 243 457 868 479 137 492 507 446 156 902 256 258 821 192 455 364 460 471 608 474 137 437 779 244 383 182 474 290 346 449 318 223 742 647 805 420 482 234 654 751 232 237 324 794 837 876 779 364 480 847
577 319 531 607 188 379 327 288 171 415 237 299 448 164 106 273 166 300 0 159 102 539 718 562 267 342 458 528 176 752 241 108 671 322 538 214 543 321 458 324 197 287 629 374 233 312 324 31 197 299 59 109 592 518 656 270 564 178 504 601 362 222 454 644 687 726 629 493 330 697
497 192 451 616 103 388 200 297 86 288 110 308 457 173 94 146 81 173 159 0 102 460 727 482 140 351 467 449 50 761 115 117 680 195 458 223 463 330 467 333 71 296 638 247 242 185 333 149 206 308 177 82 601 527 665 279 485 93 513 610 235 96 327 653 696 735 638 367 339 706
529 262 483 559 131 331 270 240 114 358 180 251 400 117 58 216 109 243 102 102 0 491 670 514 210 295 410 480 119 704 184 60 623 265 490 166 495 273 410 276 140 240 581 317 185 255 277 92 149 251 121 61 544 470 608 222 517 121 456 554 305 165 397 596 639 678 581 436 282 649
114 313 21 872 530 369 354 584 514 408 538 564 626 405 495 430 508 457 539 460 491 0 983 99 423 638 262 43 442 1017 542 465 936 314 27 398 33 617 723 620 423 583 894 402 529 310 242 529 371 563 558 498 857 402 920 402 101 520 769 866 390 523 317 909 952 991 894 386 595 962
1021 887 974 150 756 682 895 621 739 983 805 469 400 639 674 841 734 868 718 727 670 983 0 1006 835 676 789 972 744 152 809 644 165 890 981 688 986 655 308 657 765 621 210 942 567 880 768 708 671 465 736 677 174 666 149 611 1008 746 259 154 930 790 1022 137 87 391 122 1061 427 97
53 336 90 894 553 392 377 606 536 430 560 587 648 427 517 452 531 479 562 482 514 99 1006 0 446 661 285 88 465 1040 565 487 958 337 97 420 102 639 746 642 446 606 916 424 552 332 265 552 393 586 580 521 879 425 943 424 53 543 791 889 413 546 340 931 974 1013 916 408 617 984
461 156 415 724 210 496 163 404 194 252 218 416 565 281 201 110 189 137 267 140 210 423 835 446 0 459 474 412 123 869 222 225 788 159 422 330 427 438 575 440 104 404 746 211 350 149 441 257 313 415 285 190 709 614 772 386 449 201 621 718 199 203 291 760 804 843 746 330 446 814
676 512 630 565 380 405 519 120 363 607 429 257 406 263 298 465 358 492 342 351 295 638 676 661 459 0 512 627 369 710 433 268 629 514 636 313 641 87 416 106 389 120 587 566 137 504 423 333 296 256 361 302 550 544 613 334 663 370 462 559 554 414 646 601 645 684 587 686 288 655
300 364 254 678 495 139 405 457 479 458 544 370 430 323 413 480 474 507 458 467 410 262 789 285 474 512 0 251 484 823 549 383 742 365 261 316 266 491 529 494 474 457 700 452 403 360 161 448 289 370 476 417 663 172 727 246 287 486 575 672 441 530 368 715 758 797 700 436 401 768
103 302 34 861 519 358 343 572 502 397 527 553 615 394 484 419 497 446 528 449 480 43 972 88 412 627 251 0 431 1006 531 454 925 303 41 386 46 606 712 609 412 572 883 391 518 299 231 518 360 552 546 487 846 391 909 391 90 509 758 855 379 512 306 897 941 980 883 375 584 951
480 175 434 633 120 405 182 314 103 270 127 325 474 191 111 129 98 156 176 50 119 442 744 465 123 369 484 431 0 778 132 134 697 178 440 240 446 347 484 350 68 314 655 230 260 167 351 167 223 325 195 99 618 544 682 296 467 110 530 628 218 113 310 670 713 752 655 349 356 723
1055 921 1008 184 790 716 929 655 773 1017 839 503 434 673 708 875 768 902 752 761 704 1017 152 1040 869 710 823 1006 778 0 843 678 199 924 1015 722 1020 689 342 691 799 655 245 976 601 914 802 742 705 499 770 711 208 700 183 645 1042 780 293 188 964 824 1056 171 87 426 156 1096 461 95
580 275 534 698 185 470 282 379 168 370 84 390 539 255 175 229 163 256 241 115 184 542 809 565 222 433 549 531 132 843 0 199 762 278 540 305 545 412 549 415 153 378 720 330 324 267 415 231 287 390 259 164 683 609 746 361 567 175 595 692 318 42 410 735 778 817 720 449 421 788
502 277 456 533 146 304 284 213 129 373 194 225 373 90 63 231 124 258 108 117 60 465 644 487 225 268 383 454 134 678 199 0 596 280 463 139 468 246 384 249 155 213 554 332 159 269 250 98 122 224 126 67 517 443 581 195 490 136 429 527 320 180 412 569 613 651 554 451 255 622
974 840 927 102 709 634 847 574 692 936 757 422 353 592 627 794 687 821 671 680 623 936 165 958 788 629 742 925 697 199 762 596 0 843 934 641 939 607 261 610 718 574 163 895 520 833 721 661 624 417 689 630 126 619 54 564 961 699 212 106 883 743 975 58 134 344 59 1014 380 143
352 75 306 779 266 471 90 460 249 178 273 471 620 336 257 165 244 192 322 195 265 314 890 337 159 514 365 303 178 924 278 280 843 0 312 386 317 493 630 496 159 459 801 137 405 72 345 312 369 471 340 245 764 504 828 442 339 256 676 773 126 259 182 816 859 898 801 250 502 869
112 311 19 870 528 367 353 582 512 406 536 562 624 403 493 428 507 455 538 458 490 27 981 97 422 636 261 41 440 1015 540 463 934 312 0 396 31 615 721 618 422 581 892 400 527 308 240 528 369 562 556 497 855 400 919 400 100 518 767 864 388 521 315 907 950 989 892 384 593 960
435 383 389 577 251 261 390 258 235 478 300 269 376 79 169 337 230 364 214 223 166 398 688 420 330 313 316 386 240 722 305 139 641 386 396 0 401 291 428 294 260 258 599 437 203 375 183 204 79 269 232 173 562 400 626 152 423 241 474 572 426 286 503 614 657 696 599 557 300 667
117 316 24 875 533 372 358 587 517 411 541 567 629 408 498 433 512 460 543 463 495 33 986 102 427 641 266 46 446 1020 545 468 939 317 31 401 0 620 726 623 427 587 897 405 532 313 246 533 374 567 561 502 860 405 924 405 105 524 772 869 393 526 320 912 955 994 897 389 598 965
655 490 608 543 359 383 497 87 342 586 407 236 384 242 277 444 337 471 321 330 273 617 655 639 438 87 491 606 347 689 412 246 607 493 615 291 620 0 395 54 368 87 565 545 116 483 402 311 274 235 339 280 528 522 592 312 642 349 440 538 533 393 625 580 623 662 565 664 266 633
761 627 715 197 496 422 635 361 479 723 545 209 140 379 414 581 474 608 458 467 410 723 308 746 575 416 529 712 484 342 549 384 261 630 721 428 726 395 0 397 505 361 219 682 307 620 508 448 411 205 476 417 182 406 245 351 748 486 94 191 670 530 762 233 277 316 219 802 167 287
657 493 611 546 361 386 500 75 345 588 410 238 387 245 279 447 340 474 324 333 276 620 657 642 440 106 494 609 350 691 415 249 610 496 618 294 623 54 397 0 371 74 568 548 119 485 405 314 277 238 342 283 531 525 595 315 645 352 443 541 536 396 628 583 626 665 568 667 269 636
461 156 415 654 141 426 163 334 124 252 148 346 495 211 131 110 119 137 197 71 140 423 765 446 104 389 474 412 68 799 153 155 718 159 422 260 427 368 505 371 0 334 676 211 280 149 371 187 243 345 215 120 639 565 702 317 449 131 551 648 199 134 291 691 734 773 676 330 377 744
621 457 575 510 325 350 464 38 308 552 374 202 351 208 243 410 303 437 287 296 240 583 621 606 404 120 457 572 314 655 378 213 574 459 581 258 587 87 361 74 334 0 532 511 82 449 368 278 241 201 306 247 495 489 558 279 608 315 407 504 499 359 591 546 590 629 532 631 233 600
931 798 885 99 667 592 805 532 650 893 715 380 311 550 584 752 645 779 629 638 581 894 210 916 746 587 700 883 655 245 720 554 163 801 892 599 897 565 219 568 676 532 0 853 477 790 679 619 582 375 647 588 64 577 148 521 919 657 170 94 841 701 933 136 179 302 121 972 338 189
440 135 393 831 318 559 79 511 301 72 325 523 672 388 308 217 296 244 374 247 317 402 942 424 211 566 452 391 230 976 330 332 895 137 400 437 405 545 682 548 211 511 853 0 457 127 432 364 420 522 392 297 816 592 879 494 427 308 728 825 79 311 155 868 911 950 853 151 554 921
567 402 521 456 271 295 410 83 254 498 320 148 297 154 189 356 249 383 233 242 185 529 567 552 350 137 403 518 260 601 324 159 520 405 527 203 532 116 307 119 280 82 477 457 0 395 314 223 186 147 252 192 441 434 504 225 554 261 353 450 445 305 537 492 536 575 477 577 178 546
347 71 301 769 255 467 80 449 239 168 263 461 610 326 246 155 234 182 312 185 255 310 880 332 149 504 360 299 167 914 267 269 833 72 308 375 313 483 620 485 149 449 790 127 395 0 340 302 358 460 330 235 754 500 817 431 335 245 666 763 115 248 177 805 849 888 790 246 491 858
280 344 234 657 362 268 385 369 345 438 411 349 411 190 280 447 340 474 324 333 277 242 768 265 441 423 161 231 351 802 415 250 721 345 240 183 246 402 508 405 371 368 679 432 314 340 0 315 156 349 343 284 642 301 705 187 267 352 554 651 421 396 348 694 737 776 679 416 380 747
567 309 521 597 178 369 317 278 161 405 227 289 438 155 96 263 156 290 31 149 92 529 708 552 257 333 448 518 167 742 231 98 661 312 528 204 533 311 448 314 187 278 619 364 223 302 315 0 187 289 49 99 582 508 646 260 555 168 494 592 352 212 444 634 677 716 619 484 320 687
408 366 362 560 234 210 373 241 218 461 283 252 325 62 152 320 213 346 197 206 149 371 671 393 313 296 289 360 223 705 287 122 624 369 369 79 374 274 411 277 243 241 582 420 186 358 156 187 0 252 215 156 545 349 609 101 396 224 457 555 409 269 476 597 640 679 582 540 283 650
601 468 555 354 336 262 475 202 320 563 385 50 194 220 254 422 315 449 299 308 251 563 465 586 415 256 370 552 325 499 390 224 417 471 562 269 567 235 205 238 345 201 375 522 147 460 349 289 252 0 317 258 338 401 402 191 589 326 250 348 511 371 603 390 434 472 375 642 76 443
595 338 549 625 206 397 345 306 189 433 255 317 466 183 124 291 184 318 59 177 121 558 736 580 285 361 476 546 195 770 259 126 689 340 556 232 561 339 476 342 215 306 647 392 252 330 343 49 215 317 0 128 610 536 674 288 583 196 522 620 380 240 472 662 705 744 647 512 348 715
536 242 490 566 111 338 250 247 94 338 160 258 407 124 65 196 89 223 109 82 61 498 677 521 190 302 417 487 99 711 164 67 630 245 497 173 502 280 417 283 120 247 588 297 192 235 284 99 156 258 128 0 551 477 615 229 524 101 463 561 285 145 377 603 646 685 588 417 289 656
895 761 848 63 630 555 768 495 613 857 678 343 274 513 548 715 608 742 592 601 544 857 174 879 709 550 663 846 618 208 683 517 126 764 855 562 860 528 182 531 639 495 64 816 441 754 642 582 545 338 610 551 0 540 111 485 882 620 133 57 804 664 896 99 143 265 84 935 301 152
440 503 394 555 556 170 545 489 539 598 604 402 304 383 473 620 534 647 518 527 470 402 666 425 614 544 172 391 544 700 609 443 619 504 400 400 405 522 406 525 565 489 577 592 434 500 301 508 349 401 536 477 540 0 603 278 427 546 452 549 580 590 507 592 635 674 577 576 423 645
958 825 912 87 693 619 832 559 677 920 742 407 337 577 611 778 671 805 656 665 608 920 149 943 772 613 727 909 682 183 746 581 54 828 919 626 924 592 245 595 702 558 148 879 504 817 705 646 609 402 674 615 111 603 0 548 945 683 197 91 868 727 960 60 118 329 60 999 365 128
439 439 393 500 307 139 446 279 291 534 356 192 253 135 225 393 286 420 270 279 222 402 611 424 386 334 246 391 296 645 361 195 564 442 400 152 405 312 351 315 317 279 521 494 225 431 187 260 101 191 288 229 485 278 548 0 427 298 397 494 482 342 507 536 580 619 521 576 222 589
69 338 93 897 555 394 380 609 539 433 563 589 651 430 520 455 534 482 564 485 517 101 1008 53 449 663 287 90 467 1042 567 490 961 339 100 423 105 642 748 645 449 608 919 427 554 335 267 555 396 589 583 524 882 427 945 427 0 545 794 891 415 548 342 934 977 1016 919 411 620 987
558 253 512 635 67 407 260 315 76 348 170 327 476 192 112 207 67 234 178 93 121 520 746 543 201 370 486 509 110 780 175 136 699 256 518 241 524 349 486 352 131 315 657 308 261 245 352 168 224 326 196 101 620 546 683 298 545 0 532 629 296 156 388 671 715 754 657 427 358 725
807 673 760 148 542 467 680 407 525 769 590 255 186 425 460 627 520 654 504 513 456 769 259 791 621 462 575 758 530 293 595 429 212 676 767 474 772 440 94 443 551 407 170 728 353 666 554 494 457 250 522 463 133 452 197 397 794 532 0 142 716 576 808 185 228 267 170 847 213 238
904 771 858 67 639 565 778 504 622 866 688 353 283 522 557 724 617 751 601 610 554 866 154 889 718 559 672 855 628 188 692 527 106 773 864 572 869 538 191 541 648 504 94 825 450 763 651 592 555 348 620 561 57 549 91 494 891 629 142 0 813 673 905 79 123 275 64 945 310 132
428 123 382 819 306 547 91 500 289 120 313 511 660 376 297 205 284 232 362 235 305 390 930 413 199 554 441 379 218 964 318 320 883 126 388 426 393 533 670 536 199 499 841 79 445 115 421 352 409 511 380 285 804 580 868 482 415 296 716 813 0 299 203 856 899 938 841 199 542 909
561 256 515 679 166 451 263 360 149 351 65 371 520 236 156 210 144 237 222 96 165 523 790 546 203 414 530 512 113 824 42 180 743 259 521 286 526 393 530 396 134 359 701 311 305 248 396 212 269 371 240 145 664 590 727 342 548 156 576 673 299 0 391 716 759 798 701 430 402 769
355 180 309 911 398 474 203 592 381 123 405 603 731 468 389 297 376 324 454 327 397 317 1022 340 291 646 368 306 310 1056 410 412 975 182 315 503 320 625 762 628 291 591 933 155 537 177 348 444 476 603 472 377 896 507 960 507 342 388 808 905 203 391 0 948 991 1030 933 101 634 1001
946 813 900 75 681 607 820 547 665 908 730 395 325 565 599 767 660 794 644 653 596 909 137 931 760 601 715 897 670 171 735 569 58 816 907 614 912 580 233 583 691 546 136 868 492 805 694 634 597 390 662 603 99 592 60 536 934 671 185 79 856 716 948 0 106 317 48 987 353 116
990 856 943 119 725 650 864 590 708 952 774 438 369 608 643 810 703 837 687 696 639 952 87 974 804 645 758 941 713 87 778 613 134 859 950 657 955 623 277 626 734 590 179 911 536 849 737 677 640 434 705 646 143 635 118 580 977 715 228 123 899 759 991 106 0 360 91 1030 396 48
1029 895 982 280 764 689 902 629 747 991 812 477 408 647 682 849 742 876 726 735 678 991 391 1013 843 684 797 980 752 426 817 651 344 898 989 696 994 662 316 665 773 629 302 950 575 888 776 716 679 472 744 685 265 674 329 619 1016 754 267 275 938 798 1030 317 360 0 302 1069 435 370
931 798 885 60 667 592 805 532 650 893 715 380 311 550 584 752 645 779 629 638 581 894 122 916 746 587 700 883 655 156 720 554 59 801 892 599 897 565 219 568 676 532 121 853 477 790 679 619 582 375 647 588 84 577 60 521 919 657 170 64 841 701 933 48 91 302 0 972 338 101
423 249 377 950 437 543 199 631 420 119 445 643 791 508 428 337 415 364 493 367 436 386 1061 408 330 686 436 375 349 1096 449 451 1014 250 384 557 389 664 802 667 330 631 972 151 577 246 416 484 540 642 512 417 935 576 999 576 411 427 847 945 199 430 101 987 1030 1069 972 0 673 1040
632 499 586 316 368 293 506 233 351 594 416 81 157 251 285 453 346 480 330 339 282 595 427 617 446 288 401 584 356 461 421 255 380 502 593 300 598 266 167 269 377 233 338 554 178 491 380 320 283 76 348 289 301 423 365 222 620 358 213 310 542 402 634 353 396 435 338 673 0 406
999 866 953 128 735 660 873 600 718 962 783 448 379 618 652 820 713 847 697 706 649 962 97 984 814 655 768 951 723 95 788 622 143 869 960 667 965 633 287 636 744 600 189 921 546 858 747 687 650 443 715 656 152 645 128 589 987 725 238 132 909 769 1001 116 48 370 101 1040 406 0
EOF