NAME : tsp_problem
TYPE : TSP
DIMENSION : 72
EDGE_WEIGHT_TYPE : EXPLICIT
EDGE_WEIGHT_FORMAT : FULL_MATRIX
EDGE_WEIGHT_SECTION
0 133 198 123 567 458 148 472 286 458 354 318 156 142 205 116 154 492 179 266 626 116 138 219 246 437 468 306 175 225 198 491 460 495 233 140 574 469 113 375 90 145 407 210 219 592 431 433 409 381 318 143 331 311 511 218 395 191 237 510 106 286 240 213 500 208 400 99 513 204 121 502
133 0 295 151 664 487 176 569 357 486 382 346 253 170 233 144 182 520 207 337 654 144 235 290 274 465 496 334 272 253 226 589 488 523 261 237 671 567 43 403 187 66 435 281 247 689 459 530 437 409 346 240 403 339 539 246 437 219 265 608 134 314 268 241 528 236 497 196 541 232 149 530
198 295 0 285 600 494 226 506 224 494 516 481 189 232 367 260 220 528 341 204 789 278 270 157 282 544 504 468 307 387 360 525 496 531 395 173 607 503 276 537 153 308 570 148 381 625 548 466 445 544 481 177 270 346 547 381 333 282 399 544 268 449 402 376 536 371 434 144 549 367 283 538
123 151 285 0 654 410 124 559 305 434 276 240 242 118 127 92 130 468 101 285 548 92 225 238 222 358 400 228 261 147 120 578 435 471 155 227 661 556 131 297 177 163 329 229 141 679 353 519 385 303 240 230 350 286 487 140 385 167 159 597 82 208 162 135 475 130 487 186 489 126 53 478
567 664 600 654 0 959 679 221 519 958 885 849 451 673 736 647 684 992 710 545 1157 647 639 584 746 968 968 837 676 756 729 113 960 995 764 478 83 219 644 906 522 676 938 612 750 425 962 182 909 912 849 466 734 811 1011 749 797 722 768 79 637 817 771 744 1000 739 197 513 1013 735 652 1002
458 487 494 410 959 0 338 864 477 147 322 286 547 344 358 372 332 180 427 457 330 394 561 410 235 111 152 274 597 297 446 883 148 183 387 532 966 861 467 147 511 499 246 401 467 983 105 824 97 141 286 535 293 182 200 372 230 344 325 902 380 254 352 461 188 456 792 502 202 316 401 190
148 176 226 124 679 338 0 585 209 338 355 320 268 43 206 62 34 372 180 189 628 84 250 142 126 387 348 307 287 226 199 604 339 374 234 252 686 582 156 376 202 189 409 133 220 704 392 545 289 383 320 255 254 190 391 220 289 104 238 623 69 288 241 215 379 210 513 212 393 206 122 382
472 569 506 559 221 864 585 0 424 864 790 755 356 579 641 553 590 898 615 450 1063 552 544 489 652 873 873 742 581 661 634 146 865 900 669 383 228 43 550 811 427 582 844 518 655 330 868 64 815 818 755 371 639 716 917 655 703 627 673 165 542 723 676 650 905 645 102 418 919 641 557 907
286 357 224 305 519 477 209 424 0 477 536 501 277 215 387 243 203 511 361 59 772 265 358 99 265 526 487 488 395 407 380 443 478 514 416 261 526 422 338 558 241 370 590 131 402 544 531 385 428 564 501 265 252 329 530 401 316 265 419 463 250 469 422 396 518 391 352 232 532 387 303 521
458 486 494 434 958 147 338 864 477 0 433 397 547 344 469 372 332 61 490 457 441 394 560 410 235 196 156 385 597 408 509 883 28 63 498 531 965 861 467 258 511 499 357 401 531 983 200 824 74 252 397 534 293 181 80 483 230 344 436 902 379 365 463 525 68 520 792 502 82 427 432 70
354 382 516 276 885 322 355 790 536 433 0 58 474 349 224 323 361 467 292 516 460 323 456 469 453 270 312 71 493 163 311 809 434 469 252 458 892 787 362 209 408 394 241 460 333 910 265 751 384 215 152 461 580 468 486 238 516 398 191 828 313 91 218 327 474 322 718 417 488 182 266 476
318 346 481 240 849 286 320 755 501 397 58 0 438 314 189 288 326 431 257 481 425 287 420 433 418 235 276 80 457 127 276 774 399 434 217 422 856 752 326 173 372 359 206 425 297 874 230 715 348 180 116 425 544 432 450 203 481 362 155 793 277 85 183 292 439 286 683 382 452 146 231 441
156 253 189 242 451 547 268 356 277 547 474 438 0 262 324 236 273 581 299 257 746 236 227 210 335 556 557 425 264 345 318 375 548 584 353 66 458 353 233 495 111 265 527 201 339 476 551 317 498 501 438 54 322 399 600 338 386 311 357 394 226 406 359 333 588 328 284 101 602 324 240 591
142 170 232 118 673 344 43 579 215 344 349 314 262 0 200 56 40 378 174 195 622 78 244 147 132 393 354 301 281 220 193 598 345 380 228 246 680 576 150 370 196 183 403 139 214 698 398 539 295 377 314 250 260 196 397 214 295 98 232 617 63 282 235 209 385 204 507 206 399 200 116 387
205 233 367 127 736 358 206 641 387 469 224 189 324 200 0 174 212 503 143 367 497 174 307 320 304 307 348 176 343 95 162 660 471 506 69 309 743 638 213 245 259 245 278 311 183 761 302 602 420 252 189 312 432 368 522 56 467 249 107 679 164 157 110 178 511 173 569 268 524 75 117 513
116 144 260 92 647 372 62 553 243 372 323 288 236 56 174 0 68 406 148 223 596 84 218 176 160 406 382 275 255 194 167 572 373 408 202 220 654 550 124 344 170 157 376 167 188 672 400 513 323 351 287 223 288 224 425 188 323 105 206 591 70 256 209 183 413 177 481 179 427 173 90 415
154 182 220 130 684 332 34 590 203 332 361 326 273 40 212 68 0 366 186 183 627 90 256 136 120 381 342 313 293 232 205 609 333 369 240 257 691 587 162 382 208 195 415 127 226 709 386 550 283 389 326 261 248 184 385 226 283 110 244 628 75 294 247 221 373 216 518 218 387 212 128 376
492 520 528 468 992 180 372 898 511 61 467 431 581 378 503 406 366 0 524 491 475 428 594 443 269 230 190 419 631 442 543 917 62 56 532 565 999 895 500 292 545 533 391 435 564 1017 234 858 108 286 431 568 327 215 98 517 264 377 470 936 413 399 497 559 51 554 826 536 100 461 466 53
179 207 341 101 710 427 180 615 361 490 292 257 299 174 143 148 186 524 0 341 565 148 281 294 278 375 417 244 318 163 39 634 492 527 172 283 717 613 187 314 233 219 346 285 60 735 370 576 441 320 257 286 407 343 543 157 441 223 176 654 138 225 178 54 532 49 543 242 545 143 92 534
266 337 204 285 545 457 189 450 59 457 516 481 257 195 367 223 183 491 341 0 751 245 338 78 245 506 467 468 375 387 360 469 458 493 395 241 552 447 317 537 221 350 570 111 381 570 511 411 408 544 481 244 232 309 510 381 296 244 399 488 230 449 402 376 498 371 378 212 512 367 283 500
626 654 789 548 1157 330 628 1063 772 441 460 425 746 622 497 596 627 475 565 751 0 595 728 704 530 278 320 412 765 435 584 1082 442 477 525 730 1164 1060 634 315 680 667 287 696 605 1182 273 1023 392 309 424 733 588 476 494 510 524 638 463 1101 585 393 490 599 482 594 991 690 496 454 539 484
116 144 278 92 647 394 84 552 265 394 323 287 236 78 174 84 90 428 148 245 595 0 218 198 182 406 404 275 255 194 167 571 395 430 202 220 654 549 124 344 170 156 376 189 188 672 400 513 345 350 287 223 310 246 447 187 345 127 206 591 75 255 209 182 435 177 480 179 449 173 90 438
138 235 270 225 639 561 250 544 358 560 456 420 227 244 307 218 256 594 281 338 728 218 0 291 348 539 570 408 121 327 300 563 562 597 335 212 646 541 215 477 162 247 509 282 321 664 533 505 511 483 420 215 403 413 613 320 467 293 339 582 208 388 342 315 602 310 472 171 615 306 223 604
219 290 157 238 584 410 142 489 99 410 469 433 210 147 320 176 136 443 294 78 704 198 291 0 197 459 419 421 327 340 313 509 411 446 348 194 591 487 270 490 174 302 522 64 334 609 464 450 360 496 433 197 185 262 463 333 248 197 352 528 183 401 355 328 451 323 417 165 465 319 236 453
246 274 282 222 746 235 126 652 265 235 453 418 335 132 304 160 120 269 278 245 530 182 348 197 0 285 245 405 385 324 297 671 237 272 332 319 753 649 254 347 299 287 446 189 318 771 289 612 186 341 417 322 250 87 288 318 186 131 336 690 167 386 339 313 277 307 579 290 290 303 220 279
437 465 544 358 968 111 387 873 526 196 270 235 556 393 307 406 381 230 375 506 278 406 539 459 285 0 101 222 575 246 394 892 197 232 335 541 975 870 445 96 491 477 195 450 415 993 54 833 147 90 235 544 343 231 249 321 279 393 273 911 396 203 301 410 237 405 801 500 251 265 349 239
468 496 504 400 968 152 348 873 487 156 312 276 557 354 348 382 342 190 417 467 320 404 570 419 245 101 0 264 607 287 436 893 157 193 377 541 975 871 476 137 521 508 236 411 457 993 96 834 107 131 276 544 303 191 209 362 239 353 315 912 389 244 342 451 197 446 801 512 211 306 391 200
306 334 468 228 837 274 307 742 488 385 71 80 425 301 176 275 313 419 244 468 412 275 408 421 405 222 264 0 444 115 263 761 386 421 204 410 844 739 314 161 360 346 193 412 284 862 217 702 335 167 104 413 532 420 438 190 468 350 142 780 265 72 170 279 426 274 670 369 440 134 218 428
175 272 307 261 676 597 287 581 395 597 493 457 264 281 343 255 293 631 318 375 765 255 121 327 385 575 607 444 0 364 337 600 598 634 372 249 683 578 252 514 198 284 546 319 358 700 570 541 548 520 457 252 440 449 650 357 504 330 376 619 245 425 378 352 639 347 509 208 652 343 259 641
225 253 387 147 756 297 226 661 407 408 163 127 345 220 95 194 232 442 163 387 435 194 327 340 324 246 287 115 364 0 182 680 409 444 123 329 763 658 233 184 279 265 216 331 204 781 240 622 359 190 127 332 453 389 461 109 487 269 86 699 184 95 89 198 449 193 589 288 463 54 137 451
198 226 360 120 729 446 199 634 380 509 311 276 318 193 162 167 205 543 39 360 584 167 300 313 297 394 436 263 337 182 0 653 511 546 191 302 736 631 206 333 252 238 365 304 36 754 389 595 460 339 276 305 426 362 562 176 460 242 195 673 157 244 197 62 551 26 562 261 564 162 111 553
491 589 525 578 113 883 604 146 443 883 809 774 375 598 660 572 609 917 634 469 1082 571 563 509 671 892 893 761 600 680 653 0 884 919 689 402 121 143 569 831 446 601 863 537 675 349 887 106 834 837 774 390 658 735 936 674 722 647 692 57 561 742 695 669 924 664 121 437 938 660 576 926
460 488 496 435 960 148 339 865 478 28 434 399 548 345 471 373 333 62 492 458 442 395 562 411 237 197 157 386 598 409 511 884 0 64 499 533 967 862 468 259 512 500 359 402 532 985 202 825 76 254 398 536 295 183 81 484 231 345 437 903 381 367 464 526 69 521 793 503 83 428 433 71
495 523 531 471 995 183 374 900 514 63 469 434 584 380 506 408 369 56 527 493 477 430 597 446 272 232 193 421 634 444 546 919 64 0 534 568 1002 897 503 295 548 535 394 438 567 1020 237 861 111 289 434 571 330 218 101 520 266 380 472 938 416 402 500 561 52 556 828 538 102 464 469 54
233 261 395 155 764 387 234 669 416 498 252 217 353 228 69 202 240 532 172 395 525 202 335 348 332 335 377 204 372 123 191 689 499 534 0 337 771 667 241 274 287 273 306 340 212 789 330 630 449 280 217 340 461 397 551 58 496 277 136 708 192 185 138 206 539 201 597 296 553 103 146 541
140 237 173 227 478 532 252 383 261 531 458 422 66 246 309 220 257 565 283 241 730 220 212 194 319 541 541 410 249 329 302 402 533 568 337 0 485 380 217 479 95 249 511 185 323 502 535 343 482 485 422 54 307 384 584 322 370 295 341 421 210 390 344 317 573 312 311 86 586 308 225 575
574 671 607 661 83 966 686 228 526 965 892 856 458 680 743 654 691 999 717 552 1164 654 646 591 753 975 975 844 683 763 736 121 967 1002 771 485 0 226 651 913 529 683 945 619 757 432 969 189 916 919 856 473 741 818 1018 757 804 729 775 86 644 825 778 751 1007 746 204 520 1020 742 659 1009
469 567 503 556 219 861 582 43 422 861 787 752 353 576 638 550 587 895 613 447 1060 549 541 487 649 870 871 739 578 658 631 143 862 897 667 380 226 0 547 809 424 579 841 515 653 327 865 64 812 815 752 368 636 713 914 652 700 625 671 162 540 720 673 647 902 642 99 415 916 638 554 904
113 43 276 131 644 467 156 550 338 467 362 326 233 150 213 124 162 500 187 317 634 124 215 270 254 445 476 314 252 233 206 569 468 503 241 217 651 547 0 383 167 56 415 262 227 669 439 510 417 389 326 220 383 319 520 227 418 199 245 588 114 295 248 222 508 216 477 176 521 212 129 510
375 403 537 297 906 147 376 811 558 258 209 173 495 370 245 344 382 292 314 537 315 344 477 490 347 96 137 161 514 184 333 831 259 295 274 479 913 809 383 0 429 415 133 481 354 931 90 772 209 45 173 482 405 293 311 259 341 419 212 850 334 141 239 348 300 343 739 438 313 203 288 302
90 187 153 177 522 511 202 427 241 511 408 372 111 196 259 170 208 545 233 221 680 170 162 174 299 491 521 360 198 279 252 446 512 548 287 95 529 424 167 429 0 199 461 165 273 547 485 388 462 435 372 98 287 363 564 272 350 245 291 466 160 340 294 267 553 262 355 65 566 258 175 555
145 66 308 163 676 499 189 582 370 499 394 359 265 183 245 157 195 533 219 350 667 156 247 302 287 477 508 346 284 265 238 601 500 535 273 249 683 579 56 415 199 0 448 294 259 701 472 542 450 422 359 253 415 351 552 259 450 231 277 620 146 327 280 254 540 249 510 209 554 245 161 542
407 435 570 329 938 246 409 844 590 357 241 206 527 403 278 376 415 391 346 570 287 376 509 522 446 195 236 193 546 216 365 863 359 394 306 511 945 841 415 133 461 448 0 514 386 963 190 804 308 140 205 514 504 392 411 291 441 451 244 882 366 174 271 380 399 375 772 470 412 235 320 401
210 281 148 229 612 401 133 518 131 401 460 425 201 139 311 167 127 435 285 111 696 189 282 64 189 450 411 412 319 331 304 537 402 438 340 185 619 515 262 481 165 294 514 0 326 637 455 478 352 488 425 189 146 253 454 325 209 189 343 556 174 393 346 320 442 315 446 156 456 311 227 445
219 247 381 141 750 467 220 655 402 531 333 297 339 214 183 188 226 564 60 381 605 188 321 334 318 415 457 284 358 204 36 675 532 567 212 323 757 653 227 354 273 259 386 326 0 775 410 616 481 360 297 326 447 383 584 197 482 263 216 694 178 265 219 83 572 26 583 282 586 183 132 574
592 689 625 679 425 983 704 330 544 983 910 874 476 698 761 672 709 1017 735 570 1182 672 664 609 771 993 993 862 700 781 754 349 985 1020 789 502 432 327 669 931 547 701 963 637 775 0 987 290 934 937 874 491 759 835 1036 774 822 747 793 368 662 842 796 769 1025 764 258 538 1038 760 677 1027
431 459 548 353 962 105 392 868 531 200 265 230 551 398 302 400 386 234 370 511 273 400 533 464 289 54 96 217 570 240 389 887 202 237 330 535 969 865 439 90 485 472 190 455 410 987 0 828 151 85 229 538 347 235 254 315 284 398 268 906 390 198 295 404 242 399 796 494 255 259 344 244
433 530 466 519 182 824 545 64 385 824 751 715 317 539 602 513 550 858 576 411 1023 513 505 450 612 833 834 702 541 622 595 106 825 861 630 343 189 64 510 772 388 542 804 478 616 290 828 0 775 778 715 332 600 676 877 615 663 588 634 125 503 683 637 610 866 605 62 378 879 601 517 868
409 437 445 385 909 97 289 815 428 74 384 348 498 295 420 323 283 108 441 408 392 345 511 360 186 147 107 335 548 359 460 834 76 111 449 482 916 812 417 209 462 450 308 352 481 934 151 775 0 203 348 485 244 132 127 434 181 294 387 853 330 316 414 476 116 471 743 453 129 378 383 118
381 409 544 303 912 141 383 818 564 252 215 180 501 377 252 351 389 286 320 544 309 350 483 496 341 90 131 167 520 190 339 837 254 289 280 485 919 815 389 45 435 422 140 488 360 937 85 778 203 0 179 488 399 287 305 265 336 425 218 856 340 148 245 355 294 349 746 445 307 209 294 296
318 346 481 240 849 286 320 755 501 397 152 116 438 314 189 287 326 431 257 481 424 287 420 433 417 235 276 104 457 127 276 774 398 434 217 422 856 752 326 173 372 359 205 425 297 874 229 715 348 179 0 425 544 432 450 202 480 362 155 793 277 85 182 291 438 286 682 381 452 146 231 441
143 240 177 230 466 535 255 371 265 534 461 425 54 250 312 223 261 568 286 244 733 223 215 197 322 544 544 413 252 332 305 390 536 571 340 54 473 368 220 482 98 253 514 189 326 491 538 332 485 488 425 0 310 387 588 326 373 298 344 409 213 394 347 321 576 315 299 89 589 311 228 578
331 403 270 350 734 293 254 639 252 293 580 544 322 260 432 288 248 327 407 232 588 310 403 185 250 343 303 532 440 453 426 658 295 330 461 307 741 636 383 405 287 415 504 146 447 759 347 600 244 399 544 310 0 196 346 446 96 310 465 677 296 512 467 441 335 436 567 277 348 432 348 337
311 339 346 286 811 182 190 716 329 181 468 432 399 196 368 224 184 215 343 309 476 246 413 262 87 231 191 420 449 389 362 735 183 218 397 384 818 713 319 293 363 351 392 253 383 835 235 676 132 287 432 387 196 0 235 382 133 196 401 754 232 400 403 377 223 372 644 354 236 368 284 225
511 539 547 487 1011 200 391 917 530 80 486 450 600 397 522 425 385 98 543 510 494 447 613 463 288 249 209 438 650 461 562 936 81 101 551 584 1018 914 520 311 564 552 411 454 584 1036 254 877 127 305 450 588 346 235 0 536 283 397 489 955 433 419 516 578 105 573 845 555 36 480 485 108
218 246 381 140 749 372 220 655 401 483 238 203 338 214 56 188 226 517 157 381 510 187 320 333 318 321 362 190 357 109 176 674 484 520 58 322 757 652 227 259 272 259 291 325 197 774 315 615 434 265 202 326 446 382 536 0 481 263 121 693 177 171 124 192 525 186 583 282 538 88 131 527
395 437 333 385 797 230 289 703 316 230 516 481 386 295 467 323 283 264 441 296 524 345 467 248 186 279 239 468 504 487 460 722 231 266 496 370 804 700 418 341 350 450 441 209 482 822 284 663 181 336 480 373 96 133 283 481 0 295 499 741 330 449 502 476 271 471 631 341 285 467 383 273
191 219 282 167 722 344 104 627 265 344 398 362 311 98 249 105 110 377 223 244 638 127 293 197 131 393 353 350 330 269 242 647 345 380 277 295 729 625 199 419 245 231 451 189 263 747 398 588 294 425 362 298 310 196 397 263 295 0 281 666 112 331 284 258 385 252 555 254 398 248 165 387
237 265 399 159 768 325 238 673 419 436 191 155 357 232 107 206 244 470 176 399 463 206 339 352 336 273 315 142 376 86 195 692 437 472 136 341 775 671 245 212 291 277 244 343 216 793 268 634 387 218 155 344 465 401 489 121 499 281 0 712 196 123 101 210 477 205 601 300 491 66 150 479
510 608 544 597 79 902 623 165 463 902 828 793 394 617 679 591 628 936 654 488 1101 591 582 528 690 911 912 780 619 699 673 57 903 938 708 421 86 162 588 850 466 620 882 556 694 368 906 125 853 856 793 409 677 754 955 693 741 666 712 0 581 761 714 688 943 683 140 456 957 679 595 946
106 134 268 82 637 380 69 542 250 379 313 277 226 63 164 70 75 413 138 230 585 75 208 183 167 396 389 265 245 184 157 561 381 416 192 210 644 540 114 334 160 146 366 174 178 662 390 503 330 340 277 213 296 232 433 177 330 112 196 581 0 245 199 172 421 167 470 169 434 163 80 423
286 314 449 208 817 254 288 723 469 365 91 85 406 282 157 256 294 399 225 449 393 255 388 401 386 203 244 72 425 95 244 742 367 402 185 390 825 720 295 141 340 327 174 393 265 842 198 683 316 148 85 394 512 400 419 171 449 331 123 761 245 0 151 260 407 254 651 350 420 115 199 409
240 268 402 162 771 352 241 676 422 463 218 183 359 235 110 209 247 497 178 402 490 209 342 355 339 301 342 170 378 89 197 695 464 500 138 344 778 673 248 239 294 280 271 346 219 796 295 637 414 245 182 347 467 403 516 124 502 284 101 714 199 151 0 213 505 208 604 303 518 68 152 507
213 241 376 135 744 461 215 650 396 525 327 292 333 209 178 183 221 559 54 376 599 182 315 328 313 410 451 279 352 198 62 669 526 561 206 317 751 647 222 348 267 254 380 320 83 769 404 610 476 355 291 321 441 377 578 192 476 258 210 688 172 260 213 0 566 72 578 277 580 177 126 568
500 528 536 475 1000 188 379 905 518 68 474 439 588 385 511 413 373 51 532 498 482 435 602 451 277 237 197 426 639 449 551 924 69 52 539 573 1007 902 508 300 553 540 399 442 572 1025 242 866 116 294 438 576 335 223 105 525 271 385 477 943 421 407 505 566 0 561 833 543 107 468 473 49
208 236 371 130 739 456 210 645 391 520 322 286 328 204 173 177 216 554 49 371 594 177 310 323 307 405 446 274 347 193 26 664 521 556 201 312 746 642 216 343 262 249 375 315 26 764 399 605 471 349 286 315 436 372 573 186 471 252 205 683 167 254 208 72 561 0 573 271 575 172 121 563
400 497 434 487 197 792 513 102 352 792 718 683 284 507 569 481 518 826 543 378 991 480 472 417 579 801 801 670 509 589 562 121 793 828 597 311 204 99 477 739 355 510 772 446 583 258 796 62 743 746 682 299 567 644 845 583 631 555 601 140 470 651 604 578 833 573 0 346 847 569 485 835
99 196 144 186 513 502 212 418 232 502 417 382 101 206 268 179 218 536 242 212 690 179 171 165 290 500 512 369 208 288 261 437 503 538 296 86 520 415 176 438 65 209 470 156 282 538 494 378 453 445 381 89 277 354 555 282 341 254 300 456 169 350 303 277 543 271 346 0 557 267 184 545
513 541 549 489 1013 202 393 919 532 82 488 452 602 399 524 427 387 100 545 512 496 449 615 465 290 251 211 440 652 463 564 938 83 102 553 586 1020 916 521 313 566 554 412 456 586 1038 255 879 129 307 452 589 348 236 36 538 285 398 491 957 434 420 518 580 107 575 847 557 0 482 487 109
204 232 367 126 735 316 206 641 387 427 182 146 324 200 75 173 212 461 143 367 454 173 306 319 303 265 306 134 343 54 162 660 428 464 103 308 742 638 212 203 258 245 235 311 183 760 259 601 378 209 146 311 432 368 480 88 467 248 66 679 163 115 68 177 468 172 569 267 482 0 117 471
121 149 283 53 652 401 122 557 303 432 266 231 240 116 117 90 128 466 92 283 539 90 223 236 220 349 391 218 259 137 111 576 433 469 146 225 659 554 129 288 175 161 320 227 132 677 344 517 383 294 231 228 348 284 485 131 383 165 150 595 80 199 152 126 473 121 485 184 487 117 0 476
502 530 538 478 1002 190 382 907 521 70 476 441 591 387 513 415 376 53 534 500 484 438 604 453 279 239 200 428 641 451 553 926 71 54 541 575 1009 904 510 302 555 542 401 445 574 1027 244 868 118 296 441 578 337 225 108 527 273 387 479 946 423 409 507 568 49 563 835 545 109 471 476 0
EOF