NAME : tsp_problem
TYPE : TSP
DIMENSION : 62
EDGE_WEIGHT_TYPE : EXPLICIT
EDGE_WEIGHT_FORMAT : FULL_MATRIX
EDGE_WEIGHT_SECTION
0 214 239 500 467 395 450 491 132 269 212 448 169 51 289 510 158 592 152 228 202 431 72 132 494 569 318 546 322 335 177 143 512 299 402 634 544 461 495 499 143 486 140 589 294 488 482 196 538 152 618 283 455 511 301 533 146 381 565 166 458 572
214 0 119 521 646 275 629 511 242 380 322 626 237 198 467 531 337 770 331 296 177 311 251 127 515 747 199 725 432 446 356 124 691 478 580 813 723 482 516 379 322 665 319 768 405 666 503 76 419 331 797 394 634 532 412 711 325 262 743 234 368 751
239 119 0 437 670 192 653 428 266 404 347 651 261 222 491 447 361 795 355 320 201 228 275 151 432 771 115 749 457 470 380 148 715 502 604 837 747 399 433 296 346 689 343 792 429 690 420 100 336 355 821 418 658 449 436 735 349 178 767 258 285 775
500 521 437 0 900 387 883 38 527 396 444 881 408 483 634 104 496 1025 489 295 555 242 536 485 41 1002 439 979 554 513 610 495 945 732 835 1067 977 71 42 326 576 919 573 1022 527 920 40 502 394 585 1051 515 888 106 533 966 579 294 998 396 188 1005
467 646 670 900 0 827 100 891 564 572 493 97 601 483 309 910 461 325 455 629 634 863 440 564 895 218 750 196 381 638 324 574 162 217 108 284 194 862 896 931 366 53 378 323 407 137 883 627 970 350 268 419 105 912 400 182 363 813 214 598 859 222
395 275 192 387 827 0 810 378 423 553 503 807 417 378 648 397 518 951 511 452 357 178 432 308 381 928 194 906 613 626 537 305 872 658 761 994 904 348 383 179 502 846 499 949 586 847 369 257 175 512 977 574 815 399 592 892 506 128 924 415 234 932
450 629 653 883 100 810 0 874 547 555 477 71 584 466 292 893 444 308 438 612 617 846 424 547 878 143 733 120 364 621 308 557 86 200 91 208 118 845 879 914 349 119 361 306 390 62 866 610 953 333 192 402 49 895 383 107 346 796 139 581 842 146
491 511 428 38 891 378 874 0 518 387 435 871 399 474 625 94 486 1015 480 285 546 233 527 476 32 992 429 970 545 504 601 486 936 723 825 1058 968 62 33 317 567 910 564 1013 517 911 30 493 385 576 1042 506 879 96 524 956 570 285 988 387 179 996
132 242 266 527 564 423 547 518 0 340 282 544 197 116 385 537 255 688 249 256 230 459 169 159 522 665 346 643 392 406 274 170 609 395 498 731 641 489 523 527 240 583 237 686 365 584 510 223 566 249 715 354 552 539 372 629 243 409 661 194 486 669
269 380 404 396 572 553 555 387 340 0 115 552 246 285 306 406 167 696 161 230 368 408 242 297 390 673 484 651 225 148 282 308 617 403 506 739 649 357 392 492 247 591 244 693 198 592 378 361 561 257 722 187 560 408 205 637 251 460 669 243 355 676
212 322 347 444 493 503 477 435 282 115 0 474 189 227 223 454 110 618 104 172 310 457 185 240 438 595 426 573 143 181 224 251 539 325 428 660 570 405 440 540 190 513 187 615 115 514 426 304 609 199 644 104 481 456 122 559 194 489 591 186 403 598
448 626 651 881 97 807 71 871 544 552 474 0 581 463 289 891 441 306 435 609 614 843 421 544 875 160 730 137 361 618 305 555 103 197 89 225 135 842 876 911 347 116 358 303 387 78 863 608 950 330 209 400 66 892 380 123 343 793 156 578 839 163
169 237 261 408 601 417 584 399 197 246 189 581 0 152 379 418 241 725 234 137 225 421 205 154 403 702 341 680 299 312 310 165 646 432 535 768 678 370 404 505 276 620 273 722 272 621 391 218 561 286 751 260 589 420 278 666 280 404 698 32 367 705
51 198 222 483 483 378 466 474 116 285 227 463 152 0 304 493 174 607 167 211 185 414 88 115 477 584 301 562 337 350 193 126 528 314 417 650 560 444 479 482 158 502 155 605 310 503 465 179 522 168 633 298 471 495 316 548 162 364 580 149 442 588
289 467 491 634 309 648 292 625 385 306 223 289 379 304 0 644 282 433 276 363 455 647 262 385 629 410 571 388 111 372 146 395 354 140 243 475 385 596 630 731 187 328 199 430 136 329 617 448 791 171 459 149 296 646 130 374 184 634 406 376 593 413
510 531 447 104 910 397 893 94 537 406 454 891 418 493 644 0 506 1035 499 304 565 252 546 495 98 1011 449 989 564 523 620 505 955 742 844 1077 987 81 99 336 586 929 583 1032 536 930 86 512 404 595 1061 525 898 32 543 975 589 304 1007 406 198 1015
158 337 361 496 461 518 444 486 255 167 110 441 241 174 282 506 0 585 50 224 325 508 131 254 490 562 441 540 220 233 171 265 506 292 395 628 538 457 491 592 137 480 134 583 193 481 478 318 661 146 612 181 449 507 199 526 140 504 558 238 454 566
592 770 795 1025 325 951 308 1015 688 696 618 306 725 607 433 1035 585 0 579 753 758 987 565 688 1019 426 874 404 505 762 449 699 370 341 259 492 402 986 1020 1055 491 344 502 49 531 345 1007 752 1094 474 476 544 313 1036 524 390 487 937 422 722 983 430
152 331 355 489 455 511 438 480 249 161 104 435 234 167 276 499 50 579 0 218 319 502 125 248 484 556 435 534 213 227 164 259 500 286 389 622 532 451 485 586 130 474 127 576 186 475 472 312 655 140 605 175 443 501 193 520 134 497 552 231 448 559
228 296 320 295 629 452 612 285 256 230 172 609 137 211 363 304 224 753 218 0 284 307 265 213 289 730 400 708 282 296 339 224 674 460 563 796 706 256 290 391 304 648 301 751 255 649 277 277 460 314 779 244 617 306 262 694 308 359 726 124 253 734
202 177 201 555 634 357 617 546 230 368 310 614 225 185 455 565 325 758 319 284 0 393 239 115 550 735 281 713 420 434 344 112 679 465 568 801 711 517 551 461 310 653 306 756 393 654 538 158 501 319 785 382 622 567 400 699 313 343 731 222 450 739
431 311 228 242 863 178 846 233 459 408 457 843 421 414 647 252 508 987 502 307 393 0 467 344 236 964 230 942 567 526 572 341 908 694 797 1030 940 203 238 117 538 882 535 984 539 883 224 293 185 548 1013 528 851 254 546 928 542 85 960 409 105 967
72 251 275 536 440 432 424 527 169 242 185 421 205 88 262 546 131 565 125 265 239 467 0 168 531 542 355 520 295 308 150 179 486 272 375 607 517 497 532 535 116 460 113 562 267 461 518 232 575 125 591 256 428 548 274 506 120 418 538 202 495 545
132 127 151 485 564 308 547 476 159 297 240 544 154 115 385 495 254 688 248 213 115 344 168 0 479 665 231 643 350 363 273 62 609 395 498 731 640 446 481 412 239 583 236 685 323 584 467 108 451 248 714 311 551 497 329 629 243 294 661 151 401 668
494 515 432 41 895 381 878 32 522 390 438 875 403 477 629 98 490 1019 484 289 550 236 531 479 0 996 433 974 548 507 605 490 940 726 829 1062 972 65 37 320 570 914 567 1016 521 915 34 496 389 580 1045 510 883 100 528 960 574 288 992 390 182 1000
569 747 771 1002 218 928 143 992 665 673 595 160 702 584 410 1011 562 426 556 730 735 964 542 665 996 0 851 116 482 739 426 675 88 318 210 92 113 963 997 1032 468 237 479 424 508 150 984 729 1071 451 76 521 137 1013 501 68 464 914 134 699 960 90
318 199 115 439 750 194 733 429 346 484 426 730 341 301 571 449 441 874 435 400 281 230 355 231 433 851 0 829 536 550 460 228 795 581 684 917 827 400 434 297 425 769 422 872 509 770 421 180 337 435 900 497 738 450 516 815 429 180 847 338 286 855
546 725 749 979 196 906 120 970 643 651 573 137 680 562 388 989 540 404 534 708 713 942 520 643 974 116 829 0 460 717 404 653 65 296 187 181 54 941 975 1010 445 215 457 402 486 128 962 706 1049 429 165 498 115 991 479 80 442 892 53 677 938 119
322 432 457 554 381 613 364 545 392 225 143 361 299 337 111 564 220 505 213 282 420 567 295 350 548 482 536 460 0 291 218 360 426 212 315 548 458 515 550 650 260 400 272 503 103 401 536 414 719 244 532 111 369 566 96 446 256 599 478 296 513 486
335 446 470 513 638 626 621 504 406 148 181 618 312 350 372 523 233 762 227 296 434 526 308 363 507 739 550 717 291 0 347 374 683 469 572 805 715 474 509 609 313 657 310 759 264 658 495 427 678 323 788 252 626 525 271 703 317 577 735 309 472 742
177 356 380 610 324 537 308 601 274 282 224 305 310 193 146 620 171 449 164 339 344 572 150 273 605 426 460 404 218 347 0 284 370 156 259 491 401 571 606 640 76 343 88 446 244 345 592 337 680 77 475 256 312 622 237 390 72 523 422 307 569 429
143 124 148 495 574 305 557 486 170 308 251 555 165 126 395 505 265 699 259 224 112 341 179 62 490 675 228 653 360 374 284 0 619 406 508 741 651 457 491 409 250 593 247 696 333 594 478 105 448 259 725 322 562 507 340 639 253 291 671 162 398 679
512 691 715 945 162 872 86 936 609 617 539 103 646 528 354 955 506 370 500 674 679 908 486 609 940 88 795 65 426 683 370 619 0 262 154 153 63 907 941 976 411 181 423 368 452 94 928 672 1015 395 137 464 81 957 445 52 408 858 84 643 904 91
299 478 502 732 217 658 200 723 395 403 325 197 432 314 140 742 292 341 286 460 465 694 272 395 726 318 581 296 212 469 156 406 262 0 151 383 293 693 727 762 198 236 209 338 238 237 714 459 802 181 367 251 204 743 231 282 194 644 314 429 691 321
402 580 604 835 108 761 91 825 498 506 428 89 535 417 243 844 395 259 389 563 568 797 375 498 829 210 684 187 315 572 259 508 154 151 0 275 185 796 830 865 301 127 312 257 341 129 817 562 904 284 259 354 96 846 334 174 297 747 206 532 793 213
634 813 837 1067 284 994 208 1058 731 739 660 225 768 650 475 1077 628 492 622 796 801 1030 607 731 1062 92 917 181 548 805 491 741 153 383 275 0 179 1029 1063 1098 533 303 545 490 573 216 1050 794 1137 517 77 586 203 1079 567 133 529 980 200 765 1026 156
544 723 747 977 194 904 118 968 641 649 570 135 678 560 385 987 538 402 532 706 711 940 517 640 972 113 827 54 458 715 401 651 63 293 185 179 0 939 973 1008 443 213 455 399 483 126 959 704 1047 427 163 496 113 989 477 77 439 890 60 675 936 117
461 482 399 71 862 348 845 62 489 357 405 842 370 444 596 81 457 986 451 256 517 203 497 446 65 963 400 941 515 474 571 457 907 693 796 1029 939 0 67 287 537 881 534 983 488 882 53 463 356 547 1012 476 850 83 495 927 541 255 959 357 149 966
495 516 433 42 896 383 879 33 523 392 440 876 404 479 630 99 491 1020 485 290 551 238 532 481 37 997 434 975 550 509 606 491 941 727 830 1063 973 67 0 322 572 915 568 1018 522 916 35 498 390 581 1047 511 884 101 529 961 575 289 993 392 184 1001
499 379 296 326 931 179 914 317 527 492 540 911 505 482 731 336 592 1055 586 391 461 117 535 412 320 1032 297 1010 650 609 640 409 976 762 865 1098 1008 287 322 0 606 950 603 1052 623 951 308 361 101 616 1081 612 919 338 630 996 610 153 1028 492 173 1035
143 322 346 576 366 502 349 567 240 247 190 347 276 158 187 586 137 491 130 304 310 538 116 239 570 468 425 445 260 313 76 250 411 198 301 533 443 537 572 606 0 385 54 488 273 386 558 303 646 51 517 261 354 588 279 431 46 488 464 273 535 471
486 665 689 919 53 846 119 910 583 591 513 116 620 502 328 929 480 344 474 648 653 882 460 583 914 237 769 215 400 657 343 593 181 236 127 303 213 881 915 950 385 0 397 342 426 156 902 646 989 369 287 438 124 931 419 201 382 832 233 617 878 241
140 319 343 573 378 499 361 564 237 244 187 358 273 155 199 583 134 502 127 301 306 535 113 236 567 479 422 457 272 310 88 247 423 209 312 545 455 534 568 603 54 397 0 500 270 398 555 300 643 63 529 258 366 585 276 443 57 485 475 270 532 483
589 768 792 1022 323 949 306 1013 686 693 615 303 722 605 430 1032 583 49 576 751 756 984 562 685 1016 424 872 402 503 759 446 696 368 338 257 490 399 983 1018 1052 488 342 500 0 528 343 1004 749 1092 472 473 541 310 1034 522 388 484 935 420 719 981 427
294 405 429 527 407 586 390 517 365 198 115 387 272 310 136 536 193 531 186 255 393 539 267 323 521 508 509 486 103 264 244 333 452 238 341 573 483 488 522 623 273 426 270 528 0 427 509 386 692 269 557 84 394 538 102 472 276 572 504 269 485 511
488 666 690 920 137 847 62 911 584 592 514 78 621 503 329 930 481 345 475 649 654 883 461 584 915 150 770 128 401 658 345 594 94 237 129 216 126 882 916 951 386 156 398 343 427 0 903 647 990 370 200 440 56 932 420 114 383 833 146 618 879 154
482 503 420 40 883 369 866 30 510 378 426 863 391 465 617 86 478 1007 472 277 538 224 518 467 34 984 421 962 536 495 592 478 928 714 817 1050 959 53 35 308 558 902 555 1004 509 903 0 484 377 568 1033 497 870 88 515 948 562 276 980 378 170 987
196 76 100 502 627 257 610 493 223 361 304 608 218 179 448 512 318 752 312 277 158 293 232 108 496 729 180 706 414 427 337 105 672 459 562 794 704 463 498 361 303 646 300 749 386 647 484 0 400 312 778 375 615 514 393 693 306 243 725 215 349 732
538 419 336 394 970 175 953 385 566 561 609 950 561 522 791 404 661 1094 655 460 501 185 575 451 389 1071 337 1049 719 678 680 448 1015 802 904 1137 1047 356 390 101 646 989 643 1092 692 990 377 400 0 655 1121 680 958 406 698 1035 649 221 1067 558 242 1075
152 331 355 585 350 512 333 576 249 257 199 330 286 168 171 595 146 474 140 314 319 548 125 248 580 451 435 429 244 323 77 259 395 181 284 517 427 547 581 616 51 369 63 472 269 370 568 312 655 0 501 271 338 597 263 415 47 498 447 283 544 455
618 797 821 1051 268 977 192 1042 715 722 644 209 751 633 459 1061 612 476 605 779 785 1013 591 714 1045 76 900 165 532 788 475 725 137 367 259 77 163 1012 1047 1081 517 287 529 473 557 200 1033 778 1121 501 0 570 187 1063 550 117 513 963 183 748 1010 140
283 394 418 515 419 574 402 506 354 187 104 400 260 298 149 525 181 544 175 244 382 528 256 311 510 521 497 498 111 252 256 322 464 251 354 586 496 476 511 612 261 438 258 541 84 440 497 375 680 271 570 0 407 527 91 485 265 560 517 257 474 524
455 634 658 888 105 815 49 879 552 560 481 66 589 471 296 898 449 313 443 617 622 851 428 551 883 137 738 115 369 626 312 562 81 204 96 203 113 850 884 919 354 124 366 310 394 56 870 615 958 338 187 407 0 900 388 101 350 801 133 586 847 141
511 532 449 106 912 399 895 96 539 408 456 892 420 495 646 32 507 1036 501 306 567 254 548 497 100 1013 450 991 566 525 622 507 957 743 846 1079 989 83 101 338 588 931 585 1034 538 932 88 514 406 597 1063 527 900 0 545 977 591 305 1009 408 200 1017
301 412 436 533 400 592 383 524 372 205 122 380 278 316 130 543 199 524 193 262 400 546 274 329 528 501 516 479 96 271 237 340 445 231 334 567 477 495 529 630 279 419 276 522 102 420 515 393 698 263 550 91 388 545 0 465 275 578 497 275 492 505
533 711 735 966 182 892 107 956 629 637 559 123 666 548 374 975 526 390 520 694 699 928 506 629 960 68 815 80 446 703 390 639 52 282 174 133 77 927 961 996 431 201 443 388 472 114 948 693 1035 415 117 485 101 977 465 0 428 878 98 663 924 94
146 325 349 579 363 506 346 570 243 251 194 343 280 162 184 589 140 487 134 308 313 542 120 243 574 464 429 442 256 317 72 253 408 194 297 529 439 541 575 610 46 382 57 484 276 383 562 306 649 47 513 265 350 591 275 428 0 492 460 277 538 467
381 262 178 294 813 128 796 285 409 460 489 793 404 364 634 304 504 937 497 359 343 85 418 294 288 914 180 892 599 577 523 291 858 644 747 980 890 255 289 153 488 832 485 935 572 833 276 243 221 498 963 560 801 305 578 878 492 0 910 401 141 918
565 743 767 998 214 924 139 988 661 669 591 156 698 580 406 1007 558 422 552 726 731 960 538 661 992 134 847 53 478 735 422 671 84 314 206 200 60 959 993 1028 464 233 475 420 504 146 980 725 1067 447 183 517 133 1009 497 98 460 910 0 695 956 137
166 234 258 396 598 415 581 387 194 243 186 578 32 149 376 406 238 722 231 124 222 409 202 151 390 699 338 677 296 309 307 162 643 429 532 765 675 357 392 492 273 617 270 719 269 618 378 215 558 283 748 257 586 408 275 663 277 401 695 0 355 702
458 368 285 188 859 234 842 179 486 355 403 839 367 442 593 198 454 983 448 253 450 105 495 401 182 960 286 938 513 472 569 398 904 691 793 1026 936 149 184 173 535 878 532 981 485 879 170 349 242 544 1010 474 847 200 492 924 538 141 956 355 0 964
572 751 775 1005 222 932 146 996 669 676 598 163 705 588 413 1015 566 430 559 734 739 967 545 668 1000 90 855 119 486 742 429 679 91 321 213 156 117 966 1001 1035 471 241 483 427 511 154 987 732 1075 455 140 524 141 1017 505 94 467 918 137 702 964 0
EOF