NAME : tsp_problem
TYPE : TSP
DIMENSION : 88
EDGE_WEIGHT_TYPE : EXPLICIT
EDGE_WEIGHT_FORMAT : FULL_MATRIX
EDGE_WEIGHT_SECTION
0 334 400 461 485 601 577 368 287 568 240 659 371 537 386 394 368 489 505 525 614 311 628 465 354 646 502 372 456 701 653 167 322 401 564 299 475 462 502 255 605 264 491 551 576 573 391 615 467 516 513 676 586 524 562 259 528 293 516 358 723 94 294 611 480 693 391 245 361 399 486 267 664 516 103 278 667 561 134 617 172 414 643 516 331 509 606 414
334 0 314 367 179 564 541 235 306 283 152 622 88 333 405 260 234 256 199 219 329 223 343 428 368 610 269 238 150 665 617 198 40 169 527 138 169 156 197 186 320 176 258 346 270 536 411 579 340 211 356 640 301 367 276 171 222 143 210 377 686 272 207 574 247 657 410 264 57 265 253 173 627 211 303 191 631 443 235 332 193 108 606 312 350 203 570 280
400 314 0 567 378 290 267 130 561 482 266 349 374 532 620 129 125 315 399 418 528 220 542 155 99 336 328 118 308 391 343 312 326 227 254 392 368 355 396 440 519 266 317 546 469 263 665 305 540 410 556 366 500 567 476 271 422 398 409 632 413 386 246 301 306 383 665 519 289 131 311 428 354 410 417 258 357 643 349 531 307 241 333 511 605 403 296 111
461 367 567 0 339 817 794 488 222 163 492 876 428 132 109 513 487 510 202 216 209 563 223 681 626 863 523 491 403 918 870 491 379 422 781 366 329 316 262 323 200 516 512 145 294 790 327 832 62 276 108 893 181 118 157 511 288 360 276 293 940 418 546 828 501 910 326 256 343 518 506 335 881 276 430 530 884 195 458 212 496 361 860 111 166 269 823 533
485 179 378 339 0 629 605 299 458 254 303 687 239 304 392 324 299 321 171 190 300 374 314 493 438 675 334 302 215 729 681 349 191 233 592 289 31 43 168 337 291 328 323 318 241 601 562 644 312 182 327 705 272 338 248 322 194 294 181 528 751 423 358 639 312 722 561 415 154 330 318 324 692 182 454 342 696 415 386 303 344 173 671 283 448 174 635 344
601 564 290 817 629 0 97 380 812 733 496 179 625 783 870 336 375 565 649 669 779 421 793 181 300 167 578 368 558 305 174 562 576 477 64 643 619 606 647 691 770 467 567 796 720 177 916 136 790 661 806 197 751 817 727 472 673 649 660 883 327 636 447 51 556 214 916 769 539 338 562 679 184 661 625 459 188 893 600 782 557 491 163 762 856 653 127 319
577 541 267 794 605 97 0 356 788 709 472 107 601 759 847 312 352 542 626 645 755 398 769 157 276 94 554 345 535 282 101 539 552 454 61 619 595 582 623 667 746 443 544 773 696 153 892 63 767 637 782 124 727 793 703 448 649 625 636 859 304 613 424 108 533 141 892 746 516 314 538 655 112 637 601 436 115 870 576 758 534 467 91 738 832 629 54 295
368 235 130 488 299 380 356 0 482 403 187 438 295 453 541 76 50 236 320 339 449 258 463 244 189 426 249 54 229 481 433 233 246 148 343 313 289 276 317 361 440 211 238 467 390 352 586 395 461 331 477 456 421 487 397 206 343 319 330 553 502 307 241 390 227 473 586 440 210 81 232 349 443 331 337 225 447 564 270 452 228 161 422 432 526 323 386 96
287 306 561 222 458 812 788 482 0 329 353 870 294 298 147 507 482 535 368 382 375 425 389 676 570 858 548 485 429 912 864 317 295 447 775 192 448 435 428 149 366 378 537 312 460 784 129 827 228 442 274 888 347 284 323 372 454 186 442 96 934 244 408 822 526 905 129 82 334 513 532 160 875 442 256 392 879 322 284 378 322 387 854 277 92 435 817 527
568 283 482 163 254 733 709 403 329 0 407 791 343 128 216 428 403 425 118 132 124 478 83 597 542 779 438 406 319 833 785 453 295 337 696 393 244 231 178 429 115 432 427 142 210 705 433 748 136 192 152 809 96 163 72 426 204 398 191 400 855 525 462 743 416 826 433 363 258 434 422 428 796 192 537 446 800 239 490 72 448 277 775 107 273 184 739 448
240 152 266 492 303 496 472 187 353 407 0 554 190 457 452 212 186 307 324 343 453 104 467 360 249 541 320 190 274 596 548 104 140 220 459 184 293 280 321 232 444 82 310 471 394 468 457 510 465 335 480 571 425 491 401 77 347 190 334 424 618 178 87 506 299 588 457 311 179 217 304 220 559 335 209 96 562 568 141 456 99 232 538 436 397 327 501 232
659 622 349 876 687 179 107 438 870 791 554 0 683 841 929 394 434 623 707 727 837 480 851 239 358 53 636 427 617 364 50 621 634 536 143 701 677 664 705 749 828 525 626 855 778 235 974 106 849 719 864 74 809 875 785 530 731 707 718 941 386 695 506 190 615 58 974 827 598 396 620 737 61 719 683 518 47 952 658 840 616 549 134 820 914 711 97 377
371 88 374 428 239 625 601 295 294 343 190 683 0 393 393 320 295 317 260 279 389 261 403 489 406 671 330 298 211 725 677 236 98 229 588 125 229 216 257 173 380 214 319 407 330 597 398 640 401 271 417 701 361 428 337 209 283 131 270 365 747 310 244 635 308 718 398 252 116 326 313 161 688 271 340 228 691 504 273 392 231 169 667 372 338 264 630 340
537 333 532 132 304 783 759 453 298 128 457 841 393 0 185 478 453 475 168 182 174 528 188 647 591 829 488 456 369 883 835 503 345 387 746 442 294 281 228 398 165 481 477 87 260 755 402 798 105 242 121 859 146 131 122 476 254 436 241 369 905 494 512 793 466 876 402 332 308 484 471 410 846 242 506 496 850 208 534 177 498 327 825 56 241 234 788 498
386 405 620 109 392 870 847 541 147 216 452 929 393 185 0 566 540 562 255 269 262 523 276 734 668 916 575 544 456 971 923 415 393 475 833 290 382 369 315 247 253 476 565 198 347 842 251 885 115 329 160 946 234 171 209 471 341 285 328 217 993 343 506 881 554 963 250 180 395 571 559 259 933 329 355 490 937 208 382 265 420 414 912 164 116 322 876 586
394 260 129 513 324 336 312 76 507 428 212 394 320 478 566 0 71 261 345 364 474 266 488 200 145 382 274 64 254 436 388 258 271 173 299 338 314 301 342 386 465 236 263 492 415 308 611 351 486 356 502 412 446 513 422 231 368 344 355 578 458 332 266 346 252 429 611 465 235 83 257 374 399 356 363 250 403 589 295 477 253 187 378 457 551 349 342 98
368 234 125 487 299 375 352 50 482 403 186 434 295 453 540 71 0 235 319 339 449 258 463 239 184 421 248 49 228 476 428 232 246 147 338 313 289 276 316 361 439 211 237 466 390 347 586 390 460 330 476 451 420 487 396 205 342 319 330 552 498 306 241 386 226 468 585 439 209 76 232 349 438 330 337 225 442 563 269 451 227 161 417 432 526 323 381 91
489 256 315 510 321 565 542 236 535 425 307 623 317 475 562 261 235 0 341 361 471 379 485 429 374 611 79 239 250 666 618 353 268 116 528 366 311 298 339 414 462 332 37 489 412 537 639 580 483 353 498 641 443 509 419 326 365 372 352 606 687 427 362 575 44 658 639 492 232 266 54 402 628 353 458 346 632 586 391 474 348 183 607 454 579 345 571 281
505 199 399 202 171 649 626 320 368 118 324 707 260 168 255 345 319 341 0 75 164 395 178 513 458 695 354 323 235 750 702 369 211 254 612 309 161 148 94 357 155 348 344 181 126 621 473 664 175 108 191 725 136 202 111 343 120 315 107 439 771 443 378 659 333 742 472 402 174 350 338 345 712 108 474 362 716 278 407 167 364 193 691 147 312 101 655 365
525 219 418 216 190 669 645 339 382 132 343 727 279 182 269 364 339 361 75 0 178 414 192 533 478 715 374 342 255 769 721 389 231 273 632 329 180 167 114 377 169 367 363 195 146 641 487 684 189 128 205 745 150 216 125 362 140 334 127 453 791 463 398 679 352 762 486 416 194 370 358 364 732 128 494 382 736 292 426 181 384 213 711 161 326 120 674 384
614 329 528 209 300 779 755 449 375 124 453 837 389 174 262 474 449 471 164 178 0 524 184 643 587 825 484 452 365 879 831 499 341 383 742 438 290 277 224 475 84 477 473 188 256 751 479 794 182 238 198 855 62 208 118 472 250 444 237 446 901 571 507 789 462 872 479 409 304 480 467 474 842 238 583 492 845 285 536 173 494 323 821 153 318 230 784 494
311 223 220 563 374 421 398 258 425 478 104 480 261 528 523 266 258 379 395 414 524 0 538 285 175 467 392 261 346 522 474 175 212 291 385 256 364 351 392 304 515 75 381 542 465 394 529 436 536 406 552 497 496 563 472 80 418 261 405 495 544 249 56 432 370 514 528 382 251 268 375 291 485 406 280 68 488 639 212 527 170 304 464 507 468 399 427 249
628 343 542 223 314 793 769 463 389 83 467 851 403 188 276 488 463 485 178 192 184 538 0 657 601 839 498 466 379 893 845 513 355 397 756 452 304 291 238 489 175 491 487 202 270 765 493 808 196 252 212 869 156 222 90 486 264 458 251 460 915 585 521 803 476 886 493 423 318 494 481 488 856 252 597 506 859 299 550 24 508 337 835 167 332 244 798 508
465 428 155 681 493 181 157 244 676 597 360 239 489 647 734 200 239 429 513 533 643 285 657 0 164 227 442 232 422 281 233 427 440 342 144 507 483 470 511 555 634 331 431 661 584 153 780 196 654 525 670 256 615 681 591 336 537 513 524 747 303 500 311 191 420 274 780 633 403 202 426 543 244 525 489 323 247 757 464 646 421 355 223 626 720 517 186 183
354 368 99 626 438 300 276 189 570 542 249 358 406 591 668 145 184 374 458 478 587 175 601 164 0 346 387 177 367 401 353 320 357 286 263 401 428 415 455 449 578 220 376 605 528 272 674 315 599 469 615 376 559 626 535 226 481 407 468 640 422 394 201 310 365 393 674 527 348 147 370 437 363 469 378 213 367 702 358 590 315 300 342 571 614 462 306 127
646 610 336 863 675 167 94 426 858 779 541 53 671 829 916 382 421 611 695 715 825 467 839 227 346 0 624 414 604 351 48 608 622 523 130 689 665 652 693 737 816 513 613 842 766 223 962 94 836 707 852 71 797 863 772 518 718 695 706 928 373 682 493 177 602 88 962 815 585 384 608 725 58 706 671 505 62 939 646 828 603 537 121 808 902 699 85 364
502 269 328 523 334 578 554 249 548 438 320 636 330 488 575 274 248 79 354 374 484 392 498 442 387 624 0 252 263 679 631 366 281 129 541 379 324 311 352 427 475 345 81 502 425 550 652 593 496 366 511 654 456 522 432 339 378 385 365 619 700 440 375 588 70 671 652 505 244 279 98 415 641 366 471 359 645 599 404 487 361 196 620 467 592 358 584 294
372 238 118 491 302 368 345 54 485 406 190 427 298 456 544 64 49 239 323 342 452 261 466 232 177 414 252 0 232 469 421 236 250 151 332 316 292 279 320 364 443 214 241 470 393 340 589 383 464 334 480 444 424 491 400 209 346 322 333 556 491 310 244 379 230 461 589 443 213 69 235 352 431 334 341 228 435 567 273 455 231 165 410 435 529 327 374 84
456 150 308 403 215 558 535 229 429 319 274 617 211 369 456 254 228 250 235 255 365 346 379 422 367 604 263 232 0 659 611 320 162 163 521 260 205 192 233 308 356 299 253 382 306 530 533 573 376 247 392 634 337 403 312 293 258 266 246 500 681 394 329 568 242 651 533 386 125 259 247 296 621 246 425 313 625 479 358 368 315 102 600 348 473 239 564 274
701 665 391 918 729 305 282 481 912 833 596 364 725 883 971 436 476 666 750 769 879 522 893 281 401 351 679 469 659 0 358 663 676 578 269 743 719 706 747 791 870 567 668 897 820 172 1016 320 891 761 907 381 851 918 827 572 773 749 760 983 42 737 548 316 657 398 1016 870 640 438 662 779 369 761 725 560 372 994 700 882 658 591 348 862 956 753 311 419
653 617 343 870 681 174 101 433 864 785 548 50 677 835 923 388 428 618 702 721 831 474 845 233 353 48 631 421 611 358 0 615 628 530 137 695 671 658 699 743 822 519 620 849 772 230 968 100 843 713 859 61 803 870 779 524 725 701 712 935 380 689 500 184 609 85 968 822 592 390 614 731 55 713 677 512 59 946 652 834 610 544 128 814 908 706 91 371
167 198 312 491 349 562 539 233 317 453 104 621 236 503 415 258 232 353 369 389 499 175 513 427 320 608 366 236 320 663 615 0 186 266 526 230 339 326 367 278 490 128 356 517 440 535 421 577 496 381 526 638 471 537 447 123 393 236 380 387 685 124 158 573 345 655 420 274 225 263 350 266 626 381 136 142 629 590 97 502 54 278 605 482 361 373 568 278
322 40 326 379 191 576 552 246 295 295 140 634 98 345 393 271 246 268 211 231 341 212 355 440 357 622 281 250 162 676 628 186 0 180 539 126 181 168 208 174 331 165 270 358 282 548 399 591 352 222 368 652 312 379 288 159 234 132 222 365 698 260 195 586 259 669 399 252 67 277 265 162 639 222 291 179 643 455 224 343 181 120 618 324 339 215 582 292
401 169 227 422 233 477 454 148 447 337 220 536 229 387 475 173 147 116 254 273 383 291 397 342 286 523 129 151 163 578 530 266 180 0 441 278 223 210 251 326 374 244 118 401 324 450 551 492 395 265 411 553 355 422 331 239 277 284 264 518 600 340 274 488 107 570 551 405 144 178 112 314 541 265 370 258 544 498 303 386 261 95 520 366 491 257 483 193
564 527 254 781 592 64 61 343 775 696 459 143 588 746 833 299 338 528 612 632 742 385 756 144 263 130 541 332 521 269 137 526 539 441 0 606 582 569 610 654 733 430 531 760 683 140 879 99 754 624 769 160 714 780 690 435 636 612 623 846 290 600 411 72 520 177 879 732 503 301 525 642 147 624 588 423 151 857 563 745 521 454 126 725 819 616 90 282
299 138 392 366 289 643 619 313 192 393 184 701 125 442 290 338 313 366 309 329 438 256 452 507 401 689 379 316 260 743 695 230 126 278 606 0 279 266 306 71 429 209 368 455 379 615 296 658 372 320 417 719 410 428 386 203 332 39 320 263 765 256 239 653 357 736 296 149 165 344 363 59 706 320 268 223 710 465 268 441 225 218 685 421 236 313 649 358
475 169 368 329 31 619 595 289 448 244 293 677 229 294 382 314 289 311 161 180 290 364 304 483 428 665 324 292 205 719 671 339 181 223 582 279 0 33 158 327 281 318 313 308 231 591 552 634 302 172 318 695 262 329 238 312 184 285 171 518 741 413 348 629 302 712 551 405 144 320 308 315 682 172 444 332 686 405 376 293 334 163 661 273 439 165 625 335
462 156 355 316 43 606 582 276 435 231 280 664 216 281 369 301 276 298 148 167 277 351 291 470 415 652 311 279 192 706 658 326 168 210 569 266 33 0 145 314 268 305 300 295 218 578 539 621 289 159 305 682 249 316 225 299 171 272 158 505 728 400 335 616 289 699 538 392 131 307 295 302 669 159 431 319 673 392 363 280 321 150 648 260 426 152 612 322
502 197 396 262 168 647 623 317 428 178 321 705 257 228 315 342 316 339 94 114 224 392 238 511 455 693 352 320 233 747 699 367 208 251 610 306 158 145 0 354 215 345 341 241 165 619 533 661 235 66 251 722 196 262 172 340 72 312 58 499 769 441 375 657 330 739 532 433 172 348 335 342 710 59 471 359 713 338 404 227 362 190 689 207 372 84 652 362
255 186 440 323 337 691 667 361 149 429 232 749 173 398 247 386 361 414 357 377 475 304 489 555 449 737 427 364 308 791 743 278 174 326 654 71 327 314 354 0 466 257 416 412 428 663 253 706 328 368 374 767 447 385 423 252 380 65 368 219 813 212 287 701 405 784 252 106 213 392 411 68 754 368 224 271 758 422 252 478 273 266 733 377 192 361 697 407
605 320 519 200 291 770 746 440 366 115 444 828 380 165 253 465 439 462 155 169 84 515 175 634 578 816 475 443 356 870 822 490 331 374 733 429 281 268 215 466 0 468 464 179 247 742 470 785 173 229 188 845 50 199 109 463 241 435 228 437 892 562 498 780 453 863 470 399 295 471 458 465 833 229 574 482 836 276 527 164 485 313 812 144 309 221 775 485
264 176 266 516 328 467 443 211 378 432 82 525 214 481 476 236 211 332 348 367 477 75 491 331 220 513 345 214 299 567 519 128 165 244 430 209 318 305 345 257 468 0 334 495 418 439 482 482 489 359 505 542 449 516 425 83 371 215 358 448 589 202 58 477 323 560 481 335 204 242 328 245 530 359 233 70 533 592 166 480 123 257 509 461 422 352 472 256
491 258 317 512 323 567 544 238 537 427 310 626 319 477 565 263 237 37 344 363 473 381 487 431 376 613 81 241 253 668 620 356 270 118 531 368 313 300 341 416 464 334 0 491 414 539 641 582 485 355 500 643 445 511 421 329 367 374 354 608 690 429 364 578 46 660 641 495 234 268 56 404 631 355 460 348 634 588 393 476 350 185 609 456 581 347 573 283
551 346 546 145 318 796 773 467 312 142 471 855 407 87 198 492 466 489 181 195 188 542 202 661 605 842 502 470 382 897 849 517 358 401 760 455 308 295 241 412 179 495 491 0 273 769 416 811 118 255 134 872 160 145 136 490 267 450 255 382 919 508 525 807 480 889 415 345 322 497 485 424 860 255 520 509 863 221 547 191 512 340 839 69 255 248 802 512
576 270 469 294 241 720 696 390 460 210 394 778 330 260 347 415 390 412 126 146 256 465 270 584 528 766 425 393 306 820 772 440 282 324 683 379 231 218 165 428 247 418 414 273 0 692 565 735 267 179 283 796 228 294 203 413 191 385 178 531 842 514 448 730 403 813 564 494 245 421 408 415 783 179 545 433 786 370 477 259 435 264 762 239 404 171 725 435
573 536 263 790 601 177 153 352 784 705 468 235 597 755 842 308 347 537 621 641 751 394 765 153 272 223 550 340 530 172 230 535 548 450 140 615 591 578 619 663 742 439 539 769 692 0 888 192 763 633 778 253 723 789 699 444 645 621 632 855 194 608 420 187 528 270 888 741 511 310 534 651 240 633 597 432 244 866 572 754 529 463 219 734 828 625 183 291
391 411 665 327 562 916 892 586 129 433 457 974 398 402 251 611 586 639 473 487 479 529 493 780 674 962 652 589 533 1016 968 421 399 551 879 296 552 539 533 253 470 482 641 416 565 888 0 931 332 547 378 992 451 389 427 477 559 290 546 88 1038 348 512 926 630 1009 56 186 438 617 636 265 979 547 360 496 983 426 388 482 426 491 958 381 196 539 922 632
615 579 305 832 644 136 63 395 827 748 510 106 640 798 885 351 390 580 664 684 794 436 808 196 315 94 593 383 573 320 100 577 591 492 99 658 634 621 661 706 785 482 582 811 735 192 931 0 805 676 821 124 766 832 741 487 687 664 675 897 342 651 462 146 571 141 931 784 554 353 577 694 111 675 640 474 115 908 615 797 572 506 58 777 871 668 54 333
467 340 540 62 312 790 767 461 228 136 465 849 401 105 115 486 460 483 175 189 182 536 196 654 599 836 496 464 376 891 843 496 352 395 754 372 302 289 235 328 173 489 485 118 267 763 332 805 0 249 81 866 154 91 130 484 261 366 249 299 913 424 519 801 474 883 332 262 316 491 479 340 854 249 436 503 857 168 464 185 502 334 833 84 172 242 796 506
516 211 410 276 182 661 637 331 442 192 335 719 271 242 329 356 330 353 108 128 238 406 252 525 469 707 366 334 247 761 713 381 222 265 624 320 172 159 66 368 229 359 355 255 179 633 547 676 249 0 265 736 210 276 186 354 60 326 45 513 783 455 389 671 344 754 546 447 186 362 349 356 724 46 485 373 727 352 418 241 376 204 703 221 386 71 666 376
513 356 556 108 327 806 782 477 274 152 480 864 417 121 160 502 476 498 191 205 198 552 212 670 615 852 511 480 392 907 859 526 368 411 769 417 318 305 251 374 188 505 500 134 283 778 378 821 81 265 0 882 169 84 145 500 277 412 264 344 928 470 535 816 489 899 377 307 331 507 495 386 869 265 482 519 873 125 509 201 521 350 848 100 217 258 812 522
676 640 366 893 705 197 124 456 888 809 571 74 701 859 946 412 451 641 725 745 855 497 869 256 376 71 654 444 634 381 61 638 652 553 160 719 695 682 722 767 845 542 643 872 796 253 992 124 866 736 882 0 826 893 802 548 748 725 736 958 403 712 523 207 632 108 991 845 615 414 638 755 42 736 700 535 82 969 675 858 633 567 151 838 932 729 115 394
586 301 500 181 272 751 727 421 347 96 425 809 361 146 234 446 420 443 136 150 62 496 156 615 559 797 456 424 337 851 803 471 312 355 714 410 262 249 196 447 50 449 445 160 228 723 451 766 154 210 169 826 0 180 90 444 222 416 209 417 873 543 479 761 434 844 451 380 276 452 439 446 814 210 555 463 817 257 508 145 466 294 793 125 290 202 756 466
524 367 567 118 338 817 793 487 284 163 491 875 428 131 171 513 487 509 202 216 208 563 222 681 626 863 522 491 403 918 870 537 379 422 780 428 329 316 262 385 199 516 511 145 294 789 389 832 91 276 84 893 180 0 156 510 288 422 275 355 939 481 546 827 500 910 388 318 342 518 506 397 880 276 492 530 884 108 520 211 532 361 859 111 228 269 823 533
562 276 476 157 248 727 703 397 323 72 401 785 337 122 209 422 396 419 111 125 118 472 90 591 535 772 432 400 312 827 779 447 288 331 690 386 238 225 172 423 109 425 421 136 203 699 427 741 130 186 145 802 90 156 0 420 197 392 185 393 849 519 455 737 410 819 426 356 252 427 415 422 790 185 531 439 793 233 484 79 442 270 769 101 266 178 732 442
259 171 271 511 322 472 448 206 372 426 77 530 209 476 471 231 205 326 343 362 472 80 486 336 226 518 339 209 293 572 524 123 159 239 435 203 312 299 340 252 463 83 329 490 413 444 477 487 484 354 500 548 444 510 420 0 366 209 353 443 594 197 64 482 318 565 476 330 198 237 323 239 535 354 228 76 539 587 160 475 118 251 514 455 416 346 478 251
528 222 422 288 194 673 649 343 454 204 347 731 283 254 341 368 342 365 120 140 250 418 264 537 481 718 378 346 258 773 725 393 234 277 636 332 184 171 72 380 241 371 367 267 191 645 559 687 261 60 277 748 222 288 197 366 0 338 52 525 795 467 401 683 356 765 558 459 198 373 361 368 736 53 497 385 739 364 430 253 388 216 715 233 398 77 678 388
293 143 398 360 294 649 625 319 186 398 190 707 131 436 285 344 319 372 315 334 444 261 458 513 407 695 385 322 266 749 701 236 132 284 612 39 285 272 312 65 435 215 374 450 385 621 290 664 366 326 412 725 416 422 392 209 338 0 325 257 771 250 245 659 363 742 290 144 171 350 369 53 712 326 262 229 715 460 273 447 231 224 691 415 230 319 654 364
516 210 409 276 181 660 636 330 442 191 334 718 270 241 328 355 330 352 107 127 237 405 251 524 468 706 365 333 246 760 712 380 222 264 623 320 171 158 58 368 228 358 354 255 178 632 546 675 249 45 264 736 209 275 185 353 52 325 0 512 782 454 389 670 343 753 545 446 185 361 348 355 723 38 485 373 726 352 417 240 375 204 702 220 385 63 665 375
358 377 632 293 528 883 859 553 96 400 424 941 365 369 217 578 552 606 439 453 446 495 460 747 640 928 619 556 500 983 935 387 365 518 846 263 518 505 499 219 437 448 608 382 531 855 88 897 299 513 344 958 417 355 393 443 525 257 512 0 1005 315 479 893 597 975 87 152 404 584 602 231 946 513 327 463 949 392 355 449 392 457 925 348 163 506 888 598
723 686 413 940 751 327 304 502 934 855 618 386 747 905 993 458 498 687 771 791 901 544 915 303 422 373 700 491 681 42 380 685 698 600 290 765 741 728 769 813 892 589 690 919 842 194 1038 342 913 783 928 403 873 939 849 594 795 771 782 1005 0 759 570 338 679 420 1038 891 662 460 684 801 390 783 747 582 394 1016 722 904 680 613 369 884 978 775 333 441
94 272 386 418 423 636 613 307 244 525 178 695 310 494 343 332 306 427 443 463 571 249 585 500 394 682 440 310 394 737 689 124 260 340 600 256 413 400 441 212 562 202 429 508 514 608 348 651 424 455 470 712 543 481 519 197 467 250 454 315 759 0 232 647 418 729 348 202 299 337 424 224 699 455 63 216 703 518 91 574 128 352 678 473 288 447 642 352
294 207 246 546 358 447 424 241 408 462 87 506 244 512 506 266 241 362 378 398 507 56 521 311 201 493 375 244 329 548 500 158 195 274 411 239 348 335 375 287 498 58 364 525 448 420 512 462 519 389 535 523 479 546 455 64 401 245 389 479 570 232 0 458 353 540 512 365 234 272 358 275 511 389 263 51 514 622 196 510 153 287 490 491 452 382 453 275
611 574 301 828 639 51 108 390 822 743 506 190 635 793 881 346 386 575 659 679 789 432 803 191 310 177 588 379 568 316 184 573 586 488 72 653 629 616 657 701 780 477 578 807 730 187 926 146 801 671 816 207 761 827 737 482 683 659 670 893 338 647 458 0 567 224 926 779 550 348 572 689 195 671 635 470 198 904 610 792 568 501 174 772 866 663 137 329
480 247 306 501 312 556 533 227 526 416 299 615 308 466 554 252 226 44 333 352 462 370 476 420 365 602 70 230 242 657 609 345 259 107 520 357 302 289 330 405 453 323 46 480 403 528 630 571 474 344 489 632 434 500 410 318 356 363 343 597 679 418 353 567 0 649 630 484 223 257 63 393 619 344 449 337 623 577 382 465 339 174 598 445 570 336 562 272
693 657 383 910 722 214 141 473 905 826 588 58 718 876 963 429 468 658 742 762 872 514 886 274 393 88 671 461 651 398 85 655 669 570 177 736 712 699 739 784 863 560 660 889 813 270 1009 141 883 754 899 108 844 910 819 565 765 742 753 975 420 729 540 224 649 0 1009 862 632 431 655 772 96 753 718 552 54 986 693 875 650 584 168 855 949 746 132 411
391 410 665 326 561 916 892 586 129 433 457 974 398 402 250 611 585 639 472 486 479 528 493 780 674 962 652 589 533 1016 968 420 399 551 879 296 551 538 532 252 470 481 641 415 564 888 56 931 332 546 377 991 451 388 426 476 558 290 545 87 1038 348 512 926 630 1009 0 186 438 617 635 264 979 546 360 496 982 425 388 482 426 491 958 381 196 539 921 631
245 264 519 256 415 769 746 440 82 363 311 827 252 332 180 465 439 492 402 416 409 382 423 633 527 815 505 443 386 870 822 274 252 405 732 149 405 392 433 106 399 335 495 345 494 741 186 784 262 447 307 845 380 318 356 330 459 144 446 152 891 202 365 779 484 862 186 0 291 470 489 118 832 447 214 349 836 355 241 412 279 344 811 311 126 439 775 485
361 57 289 343 154 539 516 210 334 258 179 598 116 308 395 235 209 232 174 194 304 251 318 403 348 585 244 213 125 640 592 225 67 144 503 165 144 131 172 213 295 204 234 322 245 511 438 554 316 186 331 615 276 342 252 198 198 171 185 404 662 299 234 550 223 632 438 291 0 240 228 201 602 186 330 218 606 419 263 307 220 83 581 287 378 178 545 255
399 265 131 518 330 338 314 81 513 434 217 396 326 484 571 83 76 266 350 370 480 268 494 202 147 384 279 69 259 438 390 263 277 178 301 344 320 307 348 392 471 242 268 497 421 310 617 353 491 362 507 414 452 518 427 237 373 350 361 584 460 337 272 348 257 431 617 470 240 0 263 380 401 362 368 256 405 594 301 483 258 192 380 463 557 354 344 103
486 253 311 506 318 562 538 232 532 422 304 620 313 471 559 257 232 54 338 358 467 375 481 426 370 608 98 235 247 662 614 350 265 112 525 363 308 295 335 411 458 328 56 485 408 534 636 577 479 349 495 638 439 506 415 323 361 369 348 602 684 424 358 572 63 655 635 489 228 263 0 398 625 349 454 342 628 582 387 470 345 180 604 451 575 342 567 277
267 173 428 335 324 679 655 349 160 428 220 737 161 410 259 374 349 402 345 364 474 291 488 543 437 725 415 352 296 779 731 266 162 314 642 59 315 302 342 68 465 245 404 424 415 651 265 694 340 356 386 755 446 397 422 239 368 53 355 231 801 224 275 689 393 772 264 118 201 380 398 0 742 356 236 259 745 434 264 477 261 254 721 389 204 349 684 394
664 627 354 881 692 184 112 443 875 796 559 61 688 846 933 399 438 628 712 732 842 485 856 244 363 58 641 431 621 369 55 626 639 541 147 706 682 669 710 754 833 530 631 860 783 240 979 111 854 724 869 42 814 880 790 535 736 712 723 946 390 699 511 195 619 96 979 832 602 401 625 742 0 724 688 523 69 957 663 845 621 554 138 825 919 716 102 382
516 211 410 276 182 661 637 331 442 192 335 719 271 242 329 356 330 353 108 128 238 406 252 525 469 706 366 334 246 761 713 381 222 265 624 320 172 159 59 368 229 359 355 255 179 633 547 675 249 46 265 736 210 276 185 354 53 326 38 513 783 455 389 671 344 753 546 447 186 362 349 356 724 0 485 373 727 352 418 241 376 204 703 221 386 64 666 376
103 303 417 430 454 625 601 337 256 537 209 683 340 506 355 363 337 458 474 494 583 280 597 489 378 671 471 341 425 725 677 136 291 370 588 268 444 431 471 224 574 233 460 520 545 597 360 640 436 485 482 700 555 492 531 228 497 262 485 327 747 63 263 635 449 718 360 214 330 368 454 236 688 485 0 247 691 530 103 586 141 383 667 485 300 478 630 383
278 191 258 530 342 459 436 225 392 446 96 518 228 496 490 250 225 346 362 382 492 68 506 323 213 505 359 228 313 560 512 142 179 258 423 223 332 319 359 271 482 70 348 509 433 432 496 474 503 373 519 535 463 530 439 76 385 229 373 463 582 216 51 470 337 552 496 349 218 256 342 259 523 373 247 0 526 606 180 494 137 271 502 475 436 366 465 271
667 631 357 884 696 188 115 447 879 800 562 47 691 850 937 403 442 632 716 736 845 488 859 247 367 62 645 435 625 372 59 629 643 544 151 710 686 673 713 758 836 533 634 863 786 244 983 115 857 727 873 82 817 884 793 539 739 715 726 949 394 703 514 198 623 54 982 836 606 405 628 745 69 727 691 526 0 960 666 848 624 558 142 829 922 720 105 385
561 443 643 195 415 893 870 564 322 239 568 952 504 208 208 589 563 586 278 292 285 639 299 757 702 939 599 567 479 994 946 590 455 498 857 465 405 392 338 422 276 592 588 221 370 866 426 908 168 352 125 969 257 108 233 587 364 460 352 392 1016 518 622 904 577 986 425 355 419 594 582 434 957 352 530 606 960 0 557 288 595 437 936 187 265 345 899 609
134 235 349 458 386 600 576 270 284 490 141 658 273 534 382 295 269 391 407 426 536 212 550 464 358 646 404 273 358 700 652 97 224 303 563 268 376 363 404 252 527 166 393 547 477 572 388 615 464 418 509 675 508 520 484 160 430 273 417 355 722 91 196 610 382 693 388 241 263 301 387 264 663 418 103 180 666 557 0 539 91 316 642 513 328 411 605 315
617 332 531 212 303 782 758 452 378 72 456 840 392 177 265 477 451 474 167 181 173 527 24 646 590 828 487 455 368 882 834 502 343 386 745 441 293 280 227 478 164 480 476 191 259 754 482 797 185 241 201 858 145 211 79 475 253 447 240 449 904 574 510 792 465 875 482 412 307 483 470 477 845 241 586 494 848 288 539 0 497 326 824 156 321 233 787 497
172 193 307 496 344 557 534 228 322 448 99 616 231 498 420 253 227 348 364 384 494 170 508 421 315 603 361 231 315 658 610 54 181 261 521 225 334 321 362 273 485 123 350 512 435 529 426 572 502 376 521 633 466 532 442 118 388 231 375 392 680 128 153 568 339 650 426 279 220 258 345 261 621 376 141 137 624 595 91 497 0 273 600 477 366 368 563 273
414 108 241 361 173 491 467 161 387 277 232 549 169 327 414 187 161 183 193 213 323 304 337 355 300 537 196 165 102 591 544 278 120 95 454 218 163 150 190 266 313 257 185 340 264 463 491 506 334 204 350 567 294 361 270 251 216 224 204 457 613 352 287 501 174 584 491 344 83 192 180 254 554 204 383 271 558 437 316 326 273 0 533 306 431 197 497 207
643 606 333 860 671 163 91 422 854 775 538 134 667 825 912 378 417 607 691 711 821 464 835 223 342 121 620 410 600 348 128 605 618 520 126 685 661 648 689 733 812 509 609 839 762 219 958 58 833 703 848 151 793 859 769 514 715 691 702 925 369 678 490 174 598 168 958 811 581 380 604 721 138 703 667 502 142 936 642 824 600 533 0 804 898 695 52 361
516 312 511 111 283 762 738 432 277 107 436 820 372 56 164 457 432 454 147 161 153 507 167 626 571 808 467 435 348 862 814 482 324 366 725 421 273 260 207 377 144 461 456 69 239 734 381 777 84 221 100 838 125 111 101 455 233 415 220 348 884 473 491 772 445 855 381 311 287 463 451 389 825 221 485 475 829 187 513 156 477 306 804 0 221 213 768 477
331 350 605 166 448 856 832 526 92 273 397 914 338 241 116 551 526 579 312 326 318 468 332 720 614 902 592 529 473 956 908 361 339 491 819 236 439 426 372 192 309 422 581 255 404 828 196 871 172 386 217 932 290 228 266 416 398 230 385 163 978 288 452 866 570 949 196 126 378 557 575 204 919 386 300 436 922 265 328 321 366 431 898 221 0 379 861 571
509 203 403 269 174 653 629 323 435 184 327 711 264 234 322 349 323 345 101 120 230 399 244 517 462 699 358 327 239 753 706 373 215 257 616 313 165 152 84 361 221 352 347 248 171 625 539 668 242 71 258 729 202 269 178 346 77 319 63 506 775 447 382 663 336 746 539 439 178 354 342 349 716 64 478 366 720 345 411 233 368 197 695 213 379 0 659 369
606 570 296 823 635 127 54 386 817 739 501 97 630 788 876 342 381 571 655 674 784 427 798 186 306 85 584 374 564 311 91 568 582 483 90 649 625 612 652 697 775 472 573 802 725 183 922 54 796 666 812 115 756 823 732 478 678 654 665 888 333 642 453 137 562 132 921 775 545 344 567 684 102 666 630 465 105 899 605 787 563 497 52 768 861 659 0 324
414 280 111 533 344 319 295 96 527 448 232 377 340 498 586 98 91 281 365 384 494 249 508 183 127 364 294 84 274 419 371 278 292 193 282 358 335 322 362 407 485 256 283 512 435 291 632 333 506 376 522 394 466 533 442 251 388 364 375 598 441 352 275 329 272 411 631 485 255 103 277 394 382 376 383 271 385 609 315 497 273 207 361 477 571 369 324 0
EOF