NAME : tsp_problem
TYPE : TSP
DIMENSION : 70
EDGE_WEIGHT_TYPE : EXPLICIT
EDGE_WEIGHT_FORMAT : FULL_MATRIX
EDGE_WEIGHT_SECTION
0 678 377 102 495 385 602 535 287 539 556 353 506 498 911 459 401 612 354 394 441 498 447 375 519 325 954 170 924 533 328 496 91 286 716 436 106 361 564 905 904 92 385 966 284 361 66 893 557 426 941 879 535 999 437 377 96 533 69 537 540 77 450 294 887 490 874 559 414 499
678 0 365 745 436 688 402 180 468 184 366 656 495 486 361 269 335 412 383 568 471 397 261 705 507 560 404 572 374 178 766 484 734 467 166 466 749 425 207 355 354 626 505 416 649 403 709 343 358 456 390 328 180 449 611 414 630 197 712 182 340 720 392 418 337 478 324 369 588 487
377 365 0 445 323 575 357 222 131 226 243 542 381 373 598 146 88 367 182 455 357 326 135 591 394 446 641 271 611 220 561 147 434 130 403 353 449 223 251 592 591 326 391 653 518 206 408 580 312 342 628 566 222 686 497 212 329 220 411 224 295 420 278 172 575 365 561 246 475 373
102 745 445 0 563 453 670 603 354 607 624 420 574 565 979 527 469 680 421 462 509 565 515 443 587 392 1022 238 991 601 395 564 49 353 784 504 64 429 632 973 972 160 453 1034 352 429 107 961 625 494 1008 946 602 1066 504 445 163 601 110 605 607 119 518 361 955 557 942 627 482 566
495 436 323 563 0 381 329 294 426 298 448 348 187 179 670 350 293 340 170 261 164 225 287 398 200 253 713 389 682 292 459 442 552 425 475 159 567 211 455 664 663 443 198 725 342 501 526 652 285 149 699 637 293 757 304 200 447 292 529 296 267 538 85 235 646 171 633 451 281 180
385 688 575 453 381 0 581 545 528 549 699 70 345 336 921 602 544 591 421 232 280 477 539 53 358 163 964 411 934 543 115 693 442 527 726 275 457 463 707 915 914 334 224 976 185 603 416 903 536 265 951 889 545 1009 275 451 337 543 419 547 519 428 336 487 898 328 884 702 253 337
602 402 357 670 329 581 0 259 459 263 481 549 388 379 635 384 326 40 276 461 364 290 253 598 400 453 679 496 648 257 659 476 658 458 440 359 673 318 481 629 629 550 398 690 542 534 633 617 125 349 665 603 259 723 504 307 554 258 636 262 95 644 285 342 612 371 598 484 481 380
535 180 222 603 294 545 259 0 325 41 347 513 352 343 413 249 192 270 240 425 328 254 118 562 365 417 456 429 426 35 623 341 591 324 218 323 607 282 259 407 406 483 362 468 506 400 566 395 215 313 443 381 37 501 468 271 487 54 569 40 197 578 249 275 390 335 376 349 445 344
287 468 131 354 426 528 459 325 0 329 346 495 484 475 701 249 191 470 284 536 460 428 237 518 497 467 744 180 714 323 470 250 343 39 506 455 358 326 352 695 694 235 494 756 427 115 317 683 415 445 730 668 324 789 579 315 238 323 320 327 397 329 381 274 677 467 664 349 557 476
539 184 226 607 298 549 263 41 329 0 351 517 356 347 417 254 196 274 245 429 332 258 122 566 369 421 461 433 430 40 627 345 596 328 223 327 611 286 264 411 411 488 366 472 511 404 570 399 219 317 447 385 41 505 472 275 491 58 573 44 201 582 253 279 394 339 380 354 450 348
556 366 243 624 448 699 481 347 346 351 0 667 506 497 599 143 213 492 306 579 482 450 259 716 519 571 642 450 612 345 740 362 613 345 404 477 628 348 248 593 592 505 516 654 661 421 587 581 437 467 629 567 346 687 622 337 508 345 590 349 419 599 403 296 576 489 562 76 599 498
353 656 542 420 348 70 549 513 495 517 667 0 312 304 889 569 512 559 389 200 247 444 506 87 325 131 932 379 902 511 148 661 409 494 694 243 424 430 674 883 882 301 191 944 153 570 384 871 504 232 918 856 512 977 243 419 305 511 387 515 487 395 304 454 865 296 852 670 220 305
506 495 381 574 187 345 388 352 484 356 506 312 0 62 728 408 351 398 228 225 127 283 345 362 84 217 771 447 741 350 423 500 563 483 533 123 578 269 513 722 721 455 162 783 306 559 537 710 343 113 757 695 351 816 268 258 458 350 540 354 325 549 143 293 704 55 691 509 245 63
498 486 373 565 179 336 379 343 475 347 497 304 62 0 719 400 342 389 219 216 119 275 337 353 75 208 762 438 732 341 414 491 554 474 524 114 569 261 505 713 712 446 153 774 298 550 529 701 334 104 749 687 343 807 259 249 450 341 532 345 317 540 134 285 696 46 682 500 237 55
911 361 598 979 670 921 635 413 701 417 599 889 728 719 0 502 568 646 616 801 704 630 494 938 741 793 85 805 55 411 999 717 967 700 249 699 983 658 440 36 35 859 738 97 883 636 942 56 591 689 71 64 413 395 844 647 863 430 945 416 573 954 625 651 200 711 186 602 821 720
459 269 146 527 350 602 384 249 249 254 143 569 408 400 502 0 116 394 209 482 385 353 162 619 421 474 545 353 515 248 643 265 515 248 307 380 531 251 151 496 495 407 419 557 563 324 490 484 339 370 531 469 249 590 525 239 411 248 493 252 322 502 306 199 478 392 465 146 502 401
401 335 88 469 293 544 326 192 191 196 213 512 351 342 568 116 0 337 151 424 327 295 104 561 364 416 611 295 581 190 585 207 458 190 373 322 473 193 221 562 561 350 361 623 506 266 432 550 282 312 597 535 191 656 467 182 353 190 435 194 264 444 248 141 544 334 531 216 444 343
612 412 367 680 340 591 40 270 470 274 492 559 398 389 646 394 337 0 287 471 374 300 263 608 411 463 689 506 658 268 669 486 669 469 451 369 684 328 492 640 639 561 408 701 553 545 643 628 135 359 675 613 269 733 514 317 564 268 646 272 106 655 295 352 622 381 609 494 492 390
354 383 182 421 170 421 276 240 284 245 306 389 228 219 616 209 151 287 0 301 204 172 197 438 240 293 660 248 629 239 499 301 410 283 422 199 425 70 314 611 610 302 238 671 382 359 384 599 232 189 646 584 240 704 344 58 306 239 388 243 214 396 125 94 593 211 579 309 321 220
394 568 455 462 261 232 461 425 536 429 579 200 225 216 801 482 424 471 301 0 160 357 419 249 238 104 844 420 814 423 311 573 450 535 606 155 465 343 587 795 794 342 104 856 194 611 425 783 416 145 831 769 425 889 155 331 346 423 428 427 399 436 216 367 778 208 764 582 133 217
441 471 357 509 164 280 364 328 460 332 482 247 127 119 704 385 327 374 204 160 0 259 321 297 140 151 747 423 717 326 358 476 498 459 509 58 513 245 490 698 697 390 96 759 241 535 472 686 319 47 733 671 327 792 202 234 393 326 475 330 302 484 119 269 680 111 667 485 180 120
498 397 326 565 225 477 290 254 428 258 450 444 283 275 630 353 295 300 172 357 259 0 248 494 296 348 673 392 643 252 555 445 554 427 435 255 569 214 458 624 623 446 293 685 438 503 528 612 246 244 660 598 254 718 399 202 449 252 531 257 228 540 180 238 607 267 593 453 377 275
447 261 135 515 287 539 253 118 237 122 259 506 345 337 494 162 104 263 197 419 321 248 0 556 358 410 537 341 507 116 617 253 504 236 299 317 519 239 267 488 487 396 355 549 500 312 478 476 208 306 524 462 118 582 461 228 399 116 481 121 191 490 242 188 471 329 457 262 439 337
375 705 591 443 398 53 598 562 518 566 716 87 362 353 938 619 561 608 438 249 297 494 556 0 375 180 981 401 951 560 96 710 431 517 743 292 447 479 724 932 931 323 241 993 202 593 406 920 553 282 968 906 562 1026 292 468 327 560 409 564 536 418 353 504 914 345 901 719 270 354
519 507 394 587 200 358 400 365 497 369 519 325 84 75 741 421 364 411 240 238 140 296 358 375 0 229 784 460 753 363 436 513 576 496 546 136 591 282 526 735 734 468 174 796 319 572 550 723 356 125 770 708 364 828 280 271 471 363 553 367 338 562 155 306 717 67 703 521 258 76
325 560 446 392 253 163 453 417 467 421 571 131 217 208 793 474 416 463 293 104 151 348 410 180 229 0 836 351 806 415 241 565 381 466 598 147 396 334 579 787 786 273 96 848 125 542 356 775 408 137 823 761 417 881 147 323 277 415 359 419 391 367 208 358 769 200 756 574 125 209
954 404 641 1022 713 964 679 456 744 461 642 932 771 762 85 545 611 689 660 844 747 673 537 981 784 836 0 848 98 455 1042 760 1011 743 293 742 1026 701 483 79 78 903 781 140 926 679 985 99 634 732 41 107 456 438 887 690 906 473 988 459 616 997 668 694 243 754 230 645 865 763
170 572 271 238 389 411 496 429 180 433 450 379 447 438 805 353 295 506 248 420 423 392 341 401 460 351 848 0 818 427 354 390 227 180 610 418 242 255 458 799 798 118 411 860 310 255 201 787 451 408 835 772 428 893 463 271 122 427 204 431 434 213 344 188 781 431 768 453 440 439
924 374 611 991 682 934 648 426 714 430 612 902 741 732 55 515 581 658 629 814 717 643 507 951 753 806 98 818 0 424 1012 730 980 713 262 712 995 671 453 49 48 872 751 92 895 649 955 69 604 702 84 77 426 408 857 660 876 443 958 428 586 966 638 664 213 724 199 615 834 733
533 178 220 601 292 543 257 35 323 40 345 511 350 341 411 248 190 268 239 423 326 252 116 560 363 415 455 427 424 0 621 339 590 322 217 321 605 280 258 405 405 482 360 466 505 398 564 393 213 311 441 379 35 499 466 269 485 52 567 38 195 576 247 273 388 333 374 348 444 342
328 766 561 395 459 115 659 623 470 627 740 148 423 414 999 643 585 669 499 311 358 555 617 96 436 241 1042 354 1012 621 0 680 384 469 804 353 399 541 748 993 992 276 302 1054 230 545 359 981 615 343 1029 967 623 1087 353 529 280 621 362 626 597 370 414 478 976 406 962 743 331 415
496 484 147 564 442 693 476 341 250 345 362 661 500 491 717 265 207 486 301 573 476 445 253 710 513 565 760 390 730 339 680 0 553 249 522 471 568 342 370 711 710 445 510 772 637 325 527 699 431 461 747 685 341 805 616 331 448 339 530 343 414 539 397 291 693 484 680 365 594 492
91 734 434 49 552 442 658 591 343 596 613 409 563 554 967 515 458 669 410 450 498 554 504 431 576 381 1011 227 980 590 384 553 0 342 773 493 53 417 620 961 961 149 442 1022 341 418 96 949 614 483 997 935 591 1055 493 433 152 590 99 594 596 108 507 350 944 546 930 615 471 555
286 467 130 353 425 527 458 324 39 328 345 494 483 474 700 248 190 469 283 535 459 427 236 517 496 466 743 180 713 322 469 249 342 0 505 454 357 325 351 694 693 234 493 755 426 114 316 682 414 444 729 667 323 788 578 314 237 322 319 326 396 328 380 273 676 466 663 348 556 475
716 166 403 784 475 726 440 218 506 223 404 694 533 524 249 307 373 451 422 606 509 435 299 743 546 598 293 610 262 217 804 522 773 505 0 504 788 463 245 243 243 664 543 304 688 441 747 231 396 494 279 217 218 337 649 452 668 235 750 221 378 759 430 456 226 516 212 407 627 525
436 466 353 504 159 275 359 323 455 327 477 243 123 114 699 380 322 369 199 155 58 255 317 292 136 147 742 418 712 321 353 471 493 454 504 0 508 241 485 693 692 385 92 754 236 530 467 681 314 43 729 667 323 787 198 229 388 321 470 325 297 479 114 265 676 106 662 480 175 115
106 749 449 64 567 457 673 607 358 611 628 424 578 569 983 531 473 684 425 465 513 569 519 447 591 396 1026 242 995 605 399 568 53 357 788 508 0 432 636 977 976 164 457 1038 356 433 111 965 629 498 1012 950 606 1070 508 449 167 605 114 609 611 123 522 365 959 561 945 631 486 570
361 425 223 429 211 463 318 282 326 286 348 430 269 261 658 251 193 328 70 343 245 214 239 479 282 334 701 255 671 280 541 342 417 325 463 241 432 0 356 652 651 309 279 713 424 401 392 640 273 230 688 626 282 746 385 50 313 280 395 285 256 403 166 101 635 253 621 351 363 261
564 207 251 632 455 707 481 259 352 264 248 674 513 505 440 151 221 492 314 587 490 458 267 724 526 579 483 458 453 258 748 370 620 351 245 485 636 356 0 434 433 512 524 495 668 285 595 422 437 475 470 408 259 528 630 344 516 276 598 262 419 607 411 304 417 497 403 251 607 506
905 355 592 973 664 915 629 407 695 411 593 883 722 713 36 496 562 640 611 795 698 624 488 932 735 787 79 799 49 405 993 711 961 694 243 693 977 652 434 0 29 853 732 91 877 630 936 50 585 683 65 58 407 389 838 641 857 424 939 410 567 948 619 645 194 705 181 596 815 714
904 354 591 972 663 914 629 406 694 411 592 882 721 712 35 495 561 639 610 794 697 623 487 931 734 786 78 798 48 405 992 710 961 693 243 692 976 651 433 29 0 853 731 90 876 629 935 49 584 682 65 57 406 388 837 640 856 423 938 409 566 947 618 644 193 704 180 595 815 713
92 626 326 160 443 334 550 483 235 488 505 301 455 446 859 407 350 561 302 342 390 446 396 323 468 273 903 118 872 482 276 445 149 234 664 385 164 309 512 853 853 0 334 914 233 310 123 841 506 375 889 827 483 947 385 325 44 482 126 486 488 135 399 242 836 438 822 507 363 447
385 505 391 453 198 224 398 362 494 366 516 191 162 153 738 419 361 408 238 104 96 293 355 241 174 96 781 411 751 360 302 510 442 493 543 92 457 279 524 732 731 334 0 793 185 569 416 720 353 81 767 705 361 826 146 268 337 360 419 364 336 428 153 303 714 145 701 519 124 154
966 416 653 1034 725 976 690 468 756 472 654 944 783 774 97 557 623 701 671 856 759 685 549 993 796 848 140 860 92 466 1054 772 1022 755 304 754 1038 713 495 91 90 914 793 0 938 691 997 111 646 744 126 119 468 450 899 702 918 485 1000 471 628 1009 680 706 255 766 241 657 876 775
284 649 518 352 342 185 542 506 427 511 661 153 306 298 883 563 506 553 382 194 241 438 500 202 319 125 926 310 895 505 230 637 341 426 688 236 356 424 668 877 876 233 185 938 0 502 315 865 498 226 912 850 506 970 237 413 236 505 318 509 480 327 297 434 859 290 845 663 214 298
361 403 206 429 501 603 534 400 115 404 421 570 559 550 636 324 266 545 359 611 535 503 312 593 572 542 679 255 649 398 545 325 418 114 441 530 433 401 285 630 629 310 569 691 502 0 392 618 490 520 666 604 399 724 654 390 313 398 395 402 472 404 456 349 613 542 599 424 632 551
66 709 408 107 526 416 633 566 317 570 587 384 537 529 942 490 432 643 384 425 472 528 478 406 550 356 985 201 955 564 359 527 96 316 747 467 111 392 595 936 935 123 416 997 315 392 0 924 588 457 971 909 565 1030 468 408 127 564 26 568 571 35 481 325 918 521 905 590 445 529
893 343 580 961 652 903 617 395 683 399 581 871 710 701 56 484 550 628 599 783 686 612 476 920 723 775 99 787 69 393 981 699 949 682 231 681 965 640 422 50 49 841 720 111 865 618 924 0 573 671 86 46 395 377 826 629 845 412 927 398 555 936 607 633 182 693 169 584 803 702
557 358 312 625 285 536 125 215 415 219 437 504 343 334 591 339 282 135 232 416 319 246 208 553 356 408 634 451 604 213 615 431 614 414 396 314 629 273 437 585 584 506 353 646 498 490 588 573 0 304 620 558 214 679 459 262 509 213 591 217 63 600 240 298 567 327 554 440 437 335
426 456 342 494 149 265 349 313 445 317 467 232 113 104 689 370 312 359 189 145 47 244 306 282 125 137 732 408 702 311 343 461 483 444 494 43 498 230 475 683 682 375 81 744 226 520 457 671 304 0 719 657 313 777 188 219 378 311 460 315 287 469 104 254 665 96 652 470 165 105
941 390 628 1008 699 951 665 443 730 447 629 918 757 749 71 531 597 675 646 831 733 660 524 968 770 823 41 835 84 441 1029 747 997 729 279 729 1012 688 470 65 65 889 767 126 912 666 971 86 620 719 0 94 442 425 874 676 892 460 974 445 603 983 654 681 230 741 216 632 851 750
879 328 566 946 637 889 603 381 668 385 567 856 695 687 64 469 535 613 584 769 671 598 462 906 708 761 107 772 77 379 967 685 935 667 217 667 950 626 408 58 57 827 705 119 850 604 909 46 558 657 94 0 380 363 812 614 830 398 912 383 541 921 592 619 168 679 154 570 789 688
535 180 222 602 293 545 259 37 324 41 346 512 351 343 413 249 191 269 240 425 327 254 118 562 364 417 456 428 426 35 623 341 591 323 218 323 606 282 259 407 406 483 361 468 506 399 565 395 214 313 442 380 0 501 468 270 486 54 568 39 197 577 248 275 389 335 376 349 445 344
999 449 686 1066 757 1009 723 501 789 505 687 977 816 807 395 590 656 733 704 889 792 718 582 1026 828 881 438 893 408 499 1087 805 1055 788 337 787 1070 746 528 389 388 947 826 450 970 724 1030 377 679 777 425 363 501 0 932 735 951 518 1033 503 661 1041 713 739 372 799 358 690 909 808
437 611 497 504 304 275 504 468 579 472 622 243 268 259 844 525 467 514 344 155 202 399 461 292 280 147 887 463 857 466 353 616 493 578 649 198 508 385 630 838 837 385 146 899 237 654 468 826 459 188 874 812 468 932 0 374 389 466 471 470 442 479 259 409 820 251 807 625 36 260
377 414 212 445 200 451 307 271 315 275 337 419 258 249 647 239 182 317 58 331 234 202 228 468 271 323 690 271 660 269 529 331 433 314 452 229 449 50 344 641 640 325 268 702 413 390 408 629 262 219 676 614 270 735 374 0 329 269 411 273 245 420 155 117 623 241 610 339 352 250
96 630 329 163 447 337 554 487 238 491 508 305 458 450 863 411 353 564 306 346 393 449 399 327 471 277 906 122 876 485 280 448 152 237 668 388 167 313 516 857 856 44 337 918 236 313 127 845 509 378 892 830 486 951 389 329 0 485 130 489 492 138 402 246 839 442 826 511 366 450
533 197 220 601 292 543 258 54 323 58 345 511 350 341 430 248 190 268 239 423 326 252 116 560 363 415 473 427 443 52 621 339 590 322 235 321 605 280 276 424 423 482 360 485 505 398 564 412 213 311 460 398 54 518 466 269 485 0 567 56 195 576 247 273 407 333 393 348 444 342
69 712 411 110 529 419 636 569 320 573 590 387 540 532 945 493 435 646 388 428 475 531 481 409 553 359 988 204 958 567 362 530 99 319 750 470 114 395 598 939 938 126 419 1000 318 395 26 927 591 460 974 912 568 1033 471 411 130 567 0 571 574 38 484 328 921 524 908 593 448 532
537 182 224 605 296 547 262 40 327 44 349 515 354 345 416 252 194 272 243 427 330 257 121 564 367 419 459 431 428 38 626 343 594 326 221 325 609 285 262 410 409 486 364 471 509 402 568 398 217 315 445 383 39 503 470 273 489 56 571 0 200 580 251 277 392 338 379 352 448 346
540 340 295 607 267 519 95 197 397 201 419 487 325 317 573 322 264 106 214 399 302 228 191 536 338 391 616 434 586 195 597 414 596 396 378 297 611 256 419 567 566 488 336 628 480 472 571 555 63 287 603 541 197 661 442 245 492 195 574 200 0 582 223 280 550 309 536 422 419 318
77 720 420 119 538 428 644 578 329 582 599 395 549 540 954 502 444 655 396 436 484 540 490 418 562 367 997 213 966 576 370 539 108 328 759 479 123 403 607 948 947 135 428 1009 327 404 35 936 600 469 983 921 577 1041 479 420 138 576 38 580 582 0 493 336 930 532 916 602 457 541
450 392 278 518 85 336 285 249 381 253 403 304 143 134 625 306 248 295 125 216 119 180 242 353 155 208 668 344 638 247 414 397 507 380 430 114 522 166 411 619 618 399 153 680 297 456 481 607 240 104 654 592 248 713 259 155 402 247 484 251 223 493 0 190 601 126 588 406 236 135
294 418 172 361 235 487 342 275 274 279 296 454 293 285 651 199 141 352 94 367 269 238 188 504 306 358 694 188 664 273 478 291 350 273 456 265 365 101 304 645 644 242 303 706 434 349 325 633 298 254 681 619 275 739 409 117 246 273 328 277 280 336 190 0 628 277 614 299 387 286
887 337 575 955 646 898 612 390 677 394 576 865 704 696 200 478 544 622 593 778 680 607 471 914 717 769 243 781 213 388 976 693 944 676 226 676 959 635 417 194 193 836 714 255 859 613 918 182 567 665 230 168 389 372 820 623 839 407 921 392 550 930 601 628 0 688 80 578 798 696
490 478 365 557 171 328 371 335 467 339 489 296 55 46 711 392 334 381 211 208 111 267 329 345 67 200 754 431 724 333 406 484 546 466 516 106 561 253 497 705 704 438 145 766 290 542 521 693 327 96 741 679 335 799 251 241 442 333 524 338 309 532 126 277 688 0 674 492 229 47
874 324 561 942 633 884 598 376 664 380 562 852 691 682 186 465 531 609 579 764 667 593 457 901 703 756 230 768 199 374 962 680 930 663 212 662 945 621 403 181 180 822 701 241 845 599 905 169 554 652 216 154 376 358 807 610 826 393 908 379 536 916 588 614 80 674 0 565 784 683
559 369 246 627 451 702 484 349 349 354 76 670 509 500 602 146 216 494 309 582 485 453 262 719 521 574 645 453 615 348 743 365 615 348 407 480 631 351 251 596 595 507 519 657 663 424 590 584 440 470 632 570 349 690 625 339 511 348 593 352 422 602 406 299 578 492 565 0 602 501
414 588 475 482 281 253 481 445 557 450 599 220 245 237 821 502 444 492 321 133 180 377 439 270 258 125 865 440 834 444 331 594 471 556 627 175 486 363 607 815 815 363 124 876 214 632 445 803 437 165 851 789 445 909 36 352 366 444 448 448 419 457 236 387 798 229 784 602 0 237
499 487 373 566 180 337 380 344 476 348 498 305 63 55 720 401 343 390 220 217 120 275 337 354 76 209 763 439 733 342 415 492 555 475 525 115 570 261 506 714 713 447 154 775 298 551 529 702 335 105 750 688 344 808 260 250 450 342 532 346 318 541 135 286 696 47 683 501 237 0
EOF
