NAME : tsp_problem
TYPE : TSP
DIMENSION : 84
EDGE_WEIGHT_TYPE : EXPLICIT
EDGE_WEIGHT_FORMAT : FULL_MATRIX
EDGE_WEIGHT_SECTION
0 128 757 704 576 874 695 792 949 920 786 216 431 683 427 879 1019 940 486 1044 351 683 479 1011 254 263 727 690 647 122 128 891 875 678 173 477 97 564 597 150 981 733 661 257 701 784 1023 954 66 657 133 162 791 907 735 873 966 906 672 756 875 445 167 420 88 904 551 158 600 691 834 744 191 311 994 458 1013 46 540 802 890 577 640 875
128 0 695 641 514 812 633 730 887 858 724 154 369 621 365 817 957 878 424 982 288 621 417 949 192 201 665 628 585 60 62 829 812 616 111 415 71 502 535 54 919 671 599 195 639 722 961 892 107 595 58 76 729 845 673 811 904 844 610 694 813 383 94 358 96 842 489 66 538 629 772 682 129 248 932 396 951 116 478 740 828 515 578 812
757 695 0 237 352 272 187 191 348 319 185 689 363 217 729 278 417 339 312 567 652 217 318 420 639 648 250 324 272 689 695 290 398 554 646 314 700 227 325 717 451 256 153 642 100 182 546 353 736 290 700 729 190 306 399 271 467 429 206 279 273 344 734 371 724 303 283 725 329 225 233 267 664 612 517 329 536 744 387 200 289 365 372 414
704 641 237 0 341 354 176 273 430 401 267 636 310 57 675 360 499 421 259 556 599 57 264 502 586 595 239 270 261 636 641 372 386 543 593 261 646 174 314 664 493 245 142 589 182 264 535 435 682 237 647 675 272 388 388 353 478 418 55 268 355 291 681 318 671 385 230 672 317 65 315 256 611 559 506 276 524 691 376 282 371 354 319 403
576 514 352 341 0 469 193 387 544 516 381 509 266 321 548 475 614 536 243 507 471 321 249 474 459 468 190 354 109 509 514 487 337 315 466 246 519 227 67 537 444 196 230 461 297 379 486 550 555 321 520 548 387 503 198 468 429 369 310 219 470 275 554 254 544 500 173 544 70 329 430 207 484 431 457 260 475 564 70 397 486 48 208 337
874 812 272 354 469 0 304 213 185 156 207 806 480 334 846 29 255 176 429 451 769 334 435 257 756 765 367 441 389 806 812 41 414 650 763 431 816 344 442 834 288 373 270 759 203 124 430 190 853 407 817 846 115 143 516 54 304 364 323 396 56 461 851 488 841 60 400 842 446 342 215 384 781 729 401 446 420 861 504 109 47 482 489 431
695 633 187 176 193 304 0 222 379 351 216 628 302 156 667 310 449 371 250 408 590 156 256 375 578 587 90 262 113 628 633 322 238 394 585 253 638 166 165 655 345 97 65 580 132 214 386 385 674 229 638 667 222 337 240 303 329 269 144 120 305 282 673 309 663 334 215 663 169 164 265 108 603 550 357 267 376 683 227 232 321 205 250 255
792 730 191 273 387 213 222 0 289 260 52 724 398 252 764 219 358 280 347 555 687 252 353 361 674 684 285 359 307 724 730 231 433 589 681 349 735 262 360 752 392 292 188 677 121 123 534 294 771 325 735 764 131 247 434 212 408 464 241 314 214 379 769 406 759 244 318 760 364 260 174 302 699 647 505 364 524 779 422 141 230 400 407 449
949 887 348 430 544 185 379 289 0 150 283 881 555 410 921 190 249 170 504 446 844 409 510 251 831 841 442 516 465 881 887 202 408 644 838 506 892 419 517 909 282 449 345 834 278 199 424 184 928 482 892 921 190 218 560 184 298 358 398 471 186 536 926 563 916 215 476 917 521 417 290 459 856 804 395 521 414 937 579 184 201 557 564 425
920 858 319 401 516 156 351 260 150 0 254 853 527 381 892 162 173 62 475 337 815 381 481 143 803 812 413 487 436 853 858 174 300 536 810 478 863 391 488 881 174 409 317 805 250 170 316 108 899 454 864 892 162 189 451 155 189 249 370 386 157 507 898 534 888 187 447 888 492 389 261 398 828 775 287 493 306 908 551 156 173 529 535 316
786 724 185 267 381 207 216 52 283 254 0 718 392 247 758 213 352 274 341 549 681 246 347 355 669 678 279 353 302 718 724 225 427 583 676 343 729 256 354 746 386 286 182 671 116 117 528 288 765 319 729 758 125 241 429 206 402 458 235 308 208 373 763 400 754 238 313 754 358 254 168 296 693 641 499 358 518 774 416 135 224 394 401 443
216 154 689 636 509 806 628 724 881 853 718 0 364 616 360 812 951 873 419 976 283 616 411 944 187 196 659 623 579 148 154 824 807 611 73 410 159 496 530 176 913 666 593 189 634 716 955 887 195 590 159 188 724 839 668 805 898 838 604 689 807 378 193 352 184 836 484 184 532 624 767 677 66 243 926 391 945 204 473 734 823 510 572 807
431 369 363 310 266 480 302 398 555 527 392 364 0 290 403 486 625 547 99 651 326 290 105 618 314 323 333 297 253 363 369 498 481 367 321 101 374 170 267 391 587 340 267 316 308 390 629 561 410 264 374 403 398 513 342 479 572 512 279 363 481 128 409 103 399 510 158 399 271 298 441 351 338 286 600 116 619 419 230 408 497 267 246 481
683 621 217 57 321 334 156 252 410 381 247 616 290 0 655 340 479 401 238 536 579 34 244 482 566 575 219 250 241 616 621 352 366 523 573 241 626 154 293 644 473 225 122 568 162 244 514 415 662 217 627 655 252 368 368 333 458 397 35 248 335 270 661 298 651 365 210 651 297 39 295 236 591 539 486 256 504 671 356 262 351 334 298 383
427 365 729 675 548 846 667 764 921 892 758 360 403 655 0 851 991 912 458 1016 130 655 451 983 310 319 699 662 619 360 365 863 846 650 317 449 370 536 569 388 953 705 633 312 673 756 995 926 406 629 371 399 763 879 707 845 938 878 644 728 846 417 405 392 395 876 523 395 572 663 806 716 335 161 966 430 985 415 512 774 862 549 612 846
879 817 278 360 475 29 310 219 190 162 213 812 486 340 851 0 260 182 434 457 774 340 440 263 762 771 373 446 395 812 817 47 420 656 769 437 822 350 447 840 294 379 276 764 209 129 436 196 858 413 823 851 121 148 522 60 310 370 329 402 62 466 857 493 847 65 406 847 451 348 220 390 787 734 407 452 426 867 510 115 52 488 494 437
1019 957 417 499 614 255 449 358 249 173 352 951 625 479 991 260 0 192 574 433 914 479 580 238 901 910 511 586 534 951 957 272 396 631 908 576 962 489 587 979 269 505 415 904 348 269 411 96 998 552 962 991 260 288 547 254 285 345 468 482 255 606 996 633 986 285 545 987 591 487 360 494 926 874 383 591 401 1006 649 254 271 627 634 412
940 878 339 421 536 176 371 280 170 62 274 873 547 401 912 182 192 0 495 310 835 401 501 116 823 832 389 507 456 873 878 194 273 509 830 498 883 411 508 900 147 383 336 825 270 190 289 128 919 474 883 912 181 209 424 175 162 223 389 359 177 527 918 554 908 206 467 908 512 409 281 371 848 795 260 512 279 928 570 176 193 548 555 289
486 424 312 259 243 429 250 347 504 475 341 419 99 238 458 434 574 495 0 599 381 238 53 566 369 378 282 245 202 419 424 446 430 423 376 50 429 119 216 446 536 288 216 371 256 339 578 509 465 212 429 458 346 462 290 428 521 461 227 311 430 79 464 106 454 459 106 454 220 246 389 299 394 341 549 64 568 474 278 357 445 256 195 430
1044 982 567 556 507 451 408 555 446 337 549 976 651 536 1016 457 433 310 599 0 939 536 605 229 927 936 341 642 427 976 982 469 225 461 934 602 987 546 479 1004 199 334 445 929 511 466 105 403 1023 609 987 1016 457 485 376 451 184 174 524 311 452 631 1021 658 1012 482 528 1012 483 544 557 323 951 899 92 616 95 1032 541 451 468 519 563 241
351 288 652 599 471 769 590 687 844 815 681 283 326 579 130 774 914 835 381 939 0 578 374 906 233 242 622 585 542 283 288 786 770 573 240 372 293 459 492 311 876 628 556 236 596 679 918 849 329 552 294 322 686 802 630 768 861 801 567 651 770 340 328 315 318 799 446 319 495 586 729 639 258 200 889 353 908 338 435 697 785 472 535 770
683 621 217 57 321 334 156 252 409 381 246 616 290 34 655 340 479 401 238 536 578 0 244 482 566 575 218 250 241 616 621 352 366 522 573 241 626 154 293 644 473 225 121 568 162 244 514 415 662 217 627 655 252 367 368 333 457 397 35 248 335 270 661 297 651 364 210 651 297 28 295 236 591 538 485 255 504 671 355 262 351 333 298 383
479 417 318 264 249 435 256 353 510 481 347 411 105 244 451 440 580 501 53 605 374 244 0 572 361 370 288 251 207 411 417 452 435 415 368 56 421 124 222 439 542 294 222 364 262 345 584 515 458 218 422 451 352 468 296 434 527 467 233 317 435 85 456 112 446 465 112 447 226 252 395 305 386 334 555 70 574 466 277 363 451 262 201 435
1011 949 420 502 474 257 375 361 251 143 355 944 618 482 983 263 238 116 566 229 906 482 572 0 894 903 308 588 394 943 949 275 192 428 901 569 954 492 446 971 142 301 412 896 351 271 208 209 990 555 954 983 263 290 343 256 151 141 471 278 258 598 988 625 979 287 496 979 450 490 362 290 918 866 179 583 198 999 508 257 274 486 531 208
254 192 639 586 459 756 578 674 831 803 669 187 314 566 310 762 901 823 369 927 233 566 361 894 0 63 609 573 529 187 192 774 757 561 144 360 197 446 480 215 864 616 544 56 584 666 905 837 233 540 198 226 674 790 618 755 848 788 555 639 757 328 232 303 222 787 434 222 482 574 717 627 162 193 876 341 895 242 423 684 773 460 522 757
263 201 648 595 468 765 587 684 841 812 678 196 323 575 319 771 910 832 378 936 242 575 370 903 63 0 618 582 538 196 201 783 766 570 153 369 206 455 489 224 873 625 553 65 593 675 914 846 242 549 207 235 683 799 627 764 858 797 564 648 766 337 241 312 231 796 443 231 491 583 726 636 171 202 886 350 904 251 432 693 782 469 532 766
727 665 250 239 190 367 90 285 442 413 279 659 333 219 699 373 511 389 282 341 622 218 288 308 609 618 0 325 110 659 665 384 171 391 616 284 670 228 162 687 277 44 127 612 194 277 319 447 706 291 670 699 284 400 237 366 262 202 207 66 368 314 704 341 694 397 211 695 166 226 327 55 634 582 290 299 309 714 224 295 383 202 246 188
690 628 324 270 354 441 262 359 516 487 353 623 297 250 662 446 586 507 245 642 585 250 251 588 573 582 325 0 312 623 628 458 473 556 580 248 633 161 326 651 579 331 228 575 268 351 621 521 669 87 634 662 358 474 401 440 564 504 239 354 442 277 668 304 658 471 217 658 330 258 401 342 598 546 592 263 611 678 389 369 457 367 305 489
647 585 272 261 109 389 113 307 465 436 302 579 253 241 619 395 534 456 202 427 542 241 207 394 529 538 110 312 0 579 585 407 257 311 536 204 589 185 82 607 364 116 150 532 217 299 406 470 626 279 590 619 307 423 156 388 349 289 230 139 390 234 624 261 614 420 131 615 86 249 350 127 554 502 377 219 396 634 144 317 406 122 166 274
122 60 689 636 509 806 628 724 881 853 718 148 363 616 360 812 951 873 419 976 283 616 411 943 187 196 659 623 579 0 60 824 807 611 106 410 65 496 529 59 913 666 593 189 633 716 955 886 101 589 63 81 723 839 668 805 898 838 604 688 807 378 99 352 90 836 484 71 532 624 767 677 123 243 926 391 945 110 473 734 822 510 572 807
128 62 695 641 514 812 633 730 887 858 724 154 369 621 365 817 957 878 424 982 288 621 417 949 192 201 665 628 585 60 0 829 812 616 111 415 71 502 535 45 919 671 599 195 639 722 961 892 107 595 49 67 729 845 673 811 904 844 610 694 813 383 85 358 96 842 489 57 538 629 772 682 129 248 932 396 951 116 478 740 828 515 578 812
891 829 290 372 487 41 322 231 202 174 225 824 498 352 863 47 272 194 446 469 786 352 452 275 774 783 384 458 407 824 829 0 432 668 781 449 834 362 459 852 306 391 287 776 221 141 448 208 870 425 835 863 133 160 534 72 321 382 341 414 74 478 869 505 859 77 418 859 463 360 232 402 799 746 419 463 438 879 522 127 64 500 506 449
875 812 398 386 337 414 238 433 408 300 427 807 481 366 846 420 396 273 430 225 770 366 435 192 757 766 171 473 257 807 812 432 0 272 764 432 817 376 310 835 162 165 275 760 342 425 203 366 854 439 818 847 420 448 187 413 146 86 355 142 415 462 852 489 842 445 359 843 314 374 475 154 782 730 175 447 193 862 372 414 431 350 394 72
678 616 554 543 315 650 394 589 644 536 583 611 367 523 650 656 631 509 423 461 573 522 415 428 561 570 391 556 311 611 616 668 272 0 568 414 621 429 325 638 398 398 431 563 498 581 439 602 657 522 621 650 588 683 186 649 382 322 511 377 651 382 656 356 646 680 374 646 329 530 632 390 586 533 410 395 429 666 279 599 667 316 409 255
173 111 646 593 466 763 585 681 838 810 676 73 321 573 317 769 908 830 376 934 240 573 368 901 144 153 616 580 536 106 111 781 764 568 0 367 116 453 487 133 871 623 551 146 591 673 912 844 152 547 116 145 681 797 625 762 855 795 562 646 764 335 151 310 141 794 441 141 489 581 724 634 56 200 883 348 902 161 430 691 780 467 529 764
477 415 314 261 246 431 253 349 506 478 343 410 101 241 449 437 576 498 50 602 372 241 56 569 360 369 284 248 204 410 415 449 432 414 367 0 420 121 218 438 539 291 218 362 259 341 580 512 456 215 421 449 349 465 293 430 523 463 230 314 432 82 455 109 445 462 109 445 222 249 392 302 385 332 551 67 570 465 276 359 448 259 197 432
97 71 700 646 519 816 638 735 892 863 729 159 374 626 370 822 962 883 429 987 293 626 421 954 197 206 670 633 589 65 71 834 817 621 116 420 0 506 540 93 924 676 604 199 644 726 965 897 76 600 76 105 734 850 678 815 909 848 615 699 817 388 110 363 66 847 494 101 542 634 777 687 134 253 937 401 955 85 483 744 833 520 583 817
564 502 227 174 227 344 166 262 419 391 256 496 170 154 536 350 489 411 119 546 459 154 124 492 446 455 228 161 185 496 502 362 376 429 453 121 506 0 200 524 483 235 131 449 172 254 524 425 543 128 507 536 262 378 274 343 467 407 143 258 345 151 541 178 531 375 90 532 204 162 305 246 471 419 495 136 514 551 262 272 361 240 179 393
597 535 325 314 67 442 165 360 517 488 354 530 267 293 569 447 587 508 216 479 492 293 222 446 480 489 162 326 82 529 535 459 310 325 487 218 540 200 0 557 416 169 202 482 269 352 458 522 576 293 540 569 359 475 171 441 401 341 282 191 443 248 575 275 565 472 145 565 91 301 402 180 505 452 429 233 448 585 90 370 458 68 180 310
150 54 717 664 537 834 655 752 909 881 746 176 391 644 388 840 979 900 446 1004 311 644 439 971 215 224 687 651 607 59 45 852 835 638 133 438 93 524 557 0 941 694 621 217 661 744 983 914 129 617 41 59 751 867 696 833 926 866 632 716 835 406 77 380 118 864 512 49 560 652 795 704 151 271 954 419 973 138 501 762 850 538 600 835
981 919 451 493 444 288 345 392 282 174 386 913 587 473 953 294 269 147 536 199 876 473 542 142 864 873 277 579 364 913 919 306 162 398 871 539 924 483 416 941 0 271 382 866 382 302 178 240 960 546 924 953 294 321 313 287 121 111 461 248 289 568 958 595 949 318 465 949 420 481 393 260 888 836 149 553 168 969 478 288 305 456 500 178
733 671 256 245 196 373 97 292 449 409 286 666 340 225 705 379 505 383 288 334 628 225 294 301 616 625 44 331 116 666 671 391 165 398 623 291 676 235 169 694 271 0 134 618 201 283 313 454 712 298 677 705 291 407 243 372 256 196 214 60 374 320 711 347 701 404 218 701 173 233 334 61 641 588 284 306 303 721 231 301 390 209 253 182
661 599 153 142 230 270 65 188 345 317 182 593 267 122 633 276 415 336 216 445 556 121 222 412 544 553 127 228 150 593 599 287 275 431 551 218 604 131 202 621 382 134 0 546 97 180 423 350 640 194 604 633 187 303 277 269 366 306 110 157 271 248 638 275 629 300 188 629 206 129 231 145 568 516 394 233 413 649 264 198 286 242 276 292
257 195 642 589 461 759 580 677 834 805 671 189 316 568 312 764 904 825 371 929 236 568 364 896 56 65 612 575 532 189 195 776 760 563 146 362 199 449 482 217 866 618 546 0 586 669 908 839 236 542 200 229 676 792 620 758 851 791 557 641 760 330 234 305 224 789 436 225 485 576 719 629 164 196 879 343 898 244 425 687 775 462 525 760
701 639 100 182 297 203 132 121 278 250 116 634 308 162 673 209 348 270 256 511 596 162 262 351 584 593 194 268 217 633 639 221 342 498 591 259 644 172 269 661 382 201 97 586 0 113 490 284 680 235 644 673 121 237 344 202 398 373 150 224 204 288 678 315 669 234 228 669 273 170 164 212 608 556 461 273 480 689 331 131 220 309 316 359
784 722 182 264 379 124 214 123 199 170 117 716 390 244 756 129 269 190 339 466 679 244 345 271 666 675 277 351 299 716 722 141 425 581 673 341 726 254 352 744 302 283 180 669 113 0 444 204 763 317 727 756 75 157 426 123 318 378 233 306 125 371 761 398 751 154 310 752 356 252 125 294 691 639 416 356 434 771 414 69 140 392 399 441
1023 961 546 535 486 430 386 534 424 316 528 955 629 514 995 436 411 289 578 105 918 514 584 208 905 914 319 621 406 955 961 448 203 439 912 580 965 524 458 983 178 313 423 908 490 444 0 382 1002 587 966 995 436 463 355 429 162 153 503 290 431 610 1000 637 990 460 507 991 462 522 535 302 930 878 71 595 37 1010 520 430 447 498 542 220
954 892 353 435 550 190 385 294 184 108 288 887 561 415 926 196 96 128 509 403 849 415 515 209 837 846 447 521 470 886 892 208 366 602 844 512 897 425 522 914 240 454 350 839 284 204 382 0 933 488 897 926 195 223 517 189 256 316 403 452 191 541 932 568 922 220 481 922 526 423 295 464 862 809 353 526 372 942 584 190 207 562 569 383
66 107 736 682 555 853 674 771 928 899 765 195 410 662 406 858 998 919 465 1023 329 662 458 990 233 242 706 669 626 101 107 870 854 657 152 456 76 543 576 129 960 712 640 236 680 763 1002 933 0 636 112 141 770 886 714 852 945 885 651 735 854 424 146 399 67 883 530 137 579 670 813 723 170 289 973 437 992 54 519 781 869 556 619 853
657 595 290 237 321 407 229 325 482 454 319 590 264 217 629 413 552 474 212 609 552 217 218 555 540 549 291 87 279 589 595 425 439 522 547 215 600 128 293 617 546 298 194 542 235 317 587 488 636 0 600 629 325 441 368 406 530 470 206 321 408 244 634 271 625 438 184 625 297 225 368 309 564 512 558 229 577 645 355 335 424 333 272 456
133 58 700 647 520 817 638 735 892 864 729 159 374 627 371 823 962 883 429 987 294 627 422 954 198 207 670 634 590 63 49 835 818 621 116 421 76 507 540 41 924 677 604 200 644 727 966 897 112 600 0 62 734 850 679 816 909 849 615 699 818 389 80 363 101 847 495 52 543 635 778 687 134 254 937 402 956 121 484 745 833 521 583 818
162 76 729 675 548 846 667 764 921 892 758 188 403 655 399 851 991 912 458 1016 322 655 451 983 226 235 699 662 619 81 67 863 847 650 145 449 105 536 569 59 953 705 633 229 673 756 995 926 141 629 62 0 763 879 707 845 938 878 644 728 847 417 98 392 130 876 523 70 572 663 806 716 163 283 966 430 985 150 512 774 862 549 612 846
791 729 190 272 387 115 222 131 190 162 125 724 398 252 763 121 260 181 346 457 686 252 352 263 674 683 284 358 307 723 729 133 420 588 681 349 734 262 359 751 294 291 187 676 121 75 436 195 770 325 734 763 0 148 434 114 309 369 240 314 116 378 769 405 759 145 318 759 363 260 132 302 699 646 407 363 426 779 421 60 131 399 406 436
907 845 306 388 503 143 337 247 218 189 241 839 513 368 879 148 288 209 462 485 802 367 468 290 790 799 400 474 423 839 845 160 448 683 797 465 850 378 475 867 321 407 303 792 237 157 463 223 886 441 850 879 148 0 550 142 337 397 356 429 144 494 884 521 875 173 434 875 479 376 248 418 814 762 435 479 453 895 537 143 159 515 522 464
735 673 399 388 198 516 240 434 560 451 429 668 342 368 707 522 547 424 290 376 630 368 296 343 618 627 237 401 156 668 673 534 187 186 625 293 678 274 171 696 313 243 277 620 344 426 355 517 714 368 679 707 434 550 0 515 298 238 357 266 517 322 713 349 703 547 220 703 175 376 477 254 643 590 326 308 345 723 233 444 533 211 255 170
873 811 271 353 468 54 303 212 184 155 206 805 479 333 845 60 254 175 428 451 768 333 434 256 755 764 366 440 388 805 811 72 413 649 762 430 815 343 441 833 287 372 269 758 202 123 429 189 852 406 816 845 114 142 515 0 303 363 322 395 71 460 850 487 840 90 399 841 445 341 214 383 780 728 400 445 419 860 503 108 77 481 488 430
966 904 467 478 429 304 329 408 298 189 402 898 572 458 938 310 285 162 521 184 861 457 527 151 848 858 262 564 349 898 904 321 146 382 855 523 909 467 401 926 121 256 366 851 398 318 162 256 945 530 909 938 309 337 298 303 0 96 446 233 305 553 943 580 933 334 450 934 405 465 409 245 873 821 134 538 152 953 463 304 320 441 485 163
906 844 429 418 369 364 269 464 358 249 458 838 512 397 878 370 345 223 461 174 801 397 467 141 788 797 202 504 289 838 844 382 86 322 795 463 848 407 341 866 111 196 306 791 373 378 153 316 885 470 849 878 369 397 238 363 96 0 386 173 365 493 883 520 873 394 390 874 345 405 469 185 813 761 124 478 143 893 403 364 380 381 425 103
672 610 206 55 310 323 144 241 398 370 235 604 279 35 644 329 468 389 227 524 567 35 233 471 555 564 207 239 230 604 610 341 355 511 562 230 615 143 282 632 461 214 110 557 150 233 503 403 651 206 615 644 240 356 357 322 446 386 0 236 324 259 649 286 640 353 199 640 286 43 284 225 579 527 474 244 493 660 344 251 339 322 287 371
756 694 279 268 219 396 120 314 471 386 308 689 363 248 728 402 482 359 311 311 651 248 317 278 639 648 66 354 139 688 694 414 142 377 646 314 699 258 191 716 248 60 157 641 224 306 290 452 735 321 699 728 314 429 266 395 233 173 236 0 397 343 734 370 724 427 241 724 195 256 357 49 664 611 261 328 280 744 254 324 413 232 276 158
875 813 273 355 470 56 305 214 186 157 208 807 481 335 846 62 255 177 430 452 770 335 435 258 757 766 368 442 390 807 813 74 415 651 764 432 817 345 443 835 289 374 271 760 204 125 431 191 854 408 818 847 116 144 517 71 305 365 324 397 0 462 852 489 842 93 401 843 447 343 216 385 782 730 402 447 421 862 505 110 80 483 490 432
445 383 344 291 275 461 282 379 536 507 373 378 128 270 417 466 606 527 79 631 340 270 85 598 328 337 314 277 234 378 383 478 462 382 335 82 388 151 248 406 568 320 248 330 288 371 610 541 424 244 389 417 378 494 322 460 553 493 259 343 462 0 423 117 413 491 138 413 252 278 421 331 353 300 581 96 600 433 244 389 477 281 227 462
167 94 734 681 554 851 673 769 926 898 763 193 409 661 405 857 996 918 464 1021 328 661 456 988 232 241 704 668 624 99 85 869 852 656 151 455 110 541 575 77 958 711 638 234 678 761 1000 932 146 634 80 98 769 884 713 850 943 883 649 734 852 423 0 397 135 881 529 89 577 669 812 722 168 288 971 436 990 155 518 779 868 555 617 852
420 358 371 318 254 488 309 406 563 534 400 352 103 298 392 493 633 554 106 658 315 297 112 625 303 312 341 304 261 352 358 505 489 356 310 109 363 178 275 380 595 347 275 305 315 398 637 568 399 271 363 392 405 521 349 487 580 520 286 370 489 117 397 0 388 518 165 388 278 305 448 358 327 275 608 123 627 408 218 416 504 255 254 489
88 96 724 671 544 841 663 759 916 888 754 184 399 651 395 847 986 908 454 1012 318 651 446 979 222 231 694 658 614 90 96 859 842 646 141 445 66 531 565 118 949 701 629 224 669 751 990 922 67 625 101 130 759 875 703 840 933 873 640 724 842 413 135 388 0 872 519 126 567 659 802 712 159 278 961 426 980 76 508 769 858 545 607 842
904 842 303 385 500 60 334 244 215 187 238 836 510 365 876 65 285 206 459 482 799 364 465 287 787 796 397 471 420 836 842 77 445 680 794 462 847 375 472 864 318 404 300 789 234 154 460 220 883 438 847 876 145 173 547 90 334 394 353 427 93 491 881 518 872 0 431 872 476 373 245 415 811 759 432 476 450 892 534 140 83 512 519 461
551 489 283 230 173 400 215 318 476 447 313 484 158 210 523 406 545 467 106 528 446 210 112 496 434 443 211 217 131 484 489 418 359 374 441 109 494 90 145 512 465 218 188 436 228 310 507 481 530 184 495 523 318 434 220 399 450 390 199 241 401 138 529 165 519 431 0 519 149 218 361 229 459 407 478 124 497 539 207 328 417 185 124 359
158 66 725 672 544 842 663 760 917 888 754 184 399 651 395 847 987 908 454 1012 319 651 447 979 222 231 695 658 615 71 57 859 843 646 141 445 101 532 565 49 949 701 629 225 669 752 991 922 137 625 52 70 759 875 703 841 934 874 640 724 843 413 89 388 126 872 519 0 568 659 802 712 159 279 962 426 981 146 508 770 858 545 608 842
600 538 329 317 70 446 169 364 521 492 358 532 271 297 572 451 591 512 220 483 495 297 226 450 482 491 166 330 86 532 538 463 314 329 489 222 542 204 91 560 420 173 206 485 273 356 462 526 579 297 543 572 363 479 175 445 405 345 286 195 447 252 577 278 567 476 149 568 0 305 406 183 507 455 433 237 452 587 93 374 462 71 184 314
691 629 225 65 329 342 164 260 417 389 254 624 298 39 663 348 487 409 246 544 586 28 252 490 574 583 226 258 249 624 629 360 374 530 581 249 634 162 301 652 481 233 129 576 170 252 522 423 670 225 635 663 260 376 376 341 465 405 43 256 343 278 669 305 659 373 218 659 305 0 303 244 599 546 493 264 512 679 364 270 359 342 306 391
834 772 233 315 430 215 265 174 290 261 168 767 441 295 806 220 360 281 389 557 729 295 395 362 717 726 327 401 350 767 772 232 475 632 724 392 777 305 402 795 393 334 231 719 164 125 535 295 813 368 778 806 132 248 477 214 409 469 284 357 216 421 812 448 802 245 361 802 406 303 0 345 742 689 507 407 525 822 465 143 231 443 449 492
744 682 267 256 207 384 108 302 459 398 296 677 351 236 716 390 494 371 299 323 639 236 305 290 627 636 55 342 127 677 682 402 154 390 634 302 687 246 180 704 260 61 145 629 212 294 302 464 723 309 687 716 302 418 254 383 245 185 225 49 385 331 722 358 712 415 229 712 183 244 345 0 652 599 273 316 292 732 242 312 401 220 264 170
191 129 664 611 484 781 603 699 856 828 693 66 338 591 335 787 926 848 394 951 258 591 386 918 162 171 634 598 554 123 129 799 782 586 56 385 134 471 505 151 888 641 568 164 608 691 930 862 170 564 134 163 699 814 643 780 873 813 579 664 782 353 168 327 159 811 459 159 507 599 742 652 0 218 901 366 920 179 448 709 798 485 547 782
311 248 612 559 431 729 550 647 804 775 641 243 286 539 161 734 874 795 341 899 200 538 334 866 193 202 582 546 502 243 248 746 730 533 200 332 253 419 452 271 836 588 516 196 556 639 878 809 289 512 254 283 646 762 590 728 821 761 527 611 730 300 288 275 278 759 407 279 455 546 689 599 218 0 849 314 868 298 395 657 745 432 495 730
994 932 517 506 457 401 357 505 395 287 499 926 600 486 966 407 383 260 549 92 889 485 555 179 876 886 290 592 377 926 932 419 175 410 883 551 937 495 429 954 149 284 394 879 461 416 71 353 973 558 937 966 407 435 326 400 134 124 474 261 402 581 971 608 961 432 478 962 433 493 507 273 901 849 0 566 61 982 491 401 418 469 513 191
458 396 329 276 260 446 267 364 521 493 358 391 116 256 430 452 591 512 64 616 353 255 70 583 341 350 299 263 219 391 396 463 447 395 348 67 401 136 233 419 553 306 233 343 273 356 595 526 437 229 402 430 363 479 308 445 538 478 244 328 447 96 436 123 426 476 124 426 237 264 407 316 366 314 566 0 585 446 257 374 462 273 212 447
1013 951 536 524 475 420 376 524 414 306 518 945 619 504 985 426 401 279 568 95 908 504 574 198 895 904 309 611 396 945 951 438 193 429 902 570 955 514 448 973 168 303 413 898 480 434 37 372 992 577 956 985 426 453 345 419 152 143 493 280 421 600 990 627 980 450 497 981 452 512 525 292 920 868 61 585 0 1000 510 420 437 488 532 210
46 116 744 691 564 861 683 779 937 908 774 204 419 671 415 867 1006 928 474 1032 338 671 466 999 242 251 714 678 634 110 116 879 862 666 161 465 85 551 585 138 969 721 649 244 689 771 1010 942 54 645 121 150 779 895 723 860 953 893 660 744 862 433 155 408 76 892 539 146 587 679 822 732 179 298 982 446 1000 0 528 789 878 565 627 862
540 478 387 376 70 504 227 422 579 551 416 473 230 356 512 510 649 570 278 541 435 355 277 508 423 432 224 389 144 473 478 522 372 279 430 276 483 262 90 501 478 231 264 425 331 414 520 584 519 355 484 512 421 537 233 503 463 403 344 254 505 244 518 218 508 534 207 508 93 364 465 242 448 395 491 257 510 528 0 432 520 71 242 372
802 740 200 282 397 109 232 141 184 156 135 734 408 262 774 115 254 176 357 451 697 262 363 257 684 693 295 369 317 734 740 127 414 599 691 359 744 272 370 762 288 301 198 687 131 69 430 190 781 335 745 774 60 143 444 108 304 364 251 324 110 389 779 416 769 140 328 770 374 270 143 312 709 657 401 374 420 789 432 0 126 410 417 431
890 828 289 371 486 47 321 230 201 173 224 823 497 351 862 52 271 193 445 468 785 351 451 274 773 782 383 457 406 822 828 64 431 667 780 448 833 361 458 850 305 390 286 775 220 140 447 207 869 424 833 862 131 159 533 77 320 380 339 413 80 477 868 504 858 83 417 858 462 359 231 401 798 745 418 462 437 878 520 126 0 498 505 447
577 515 365 354 48 482 205 400 557 529 394 510 267 334 549 488 627 548 256 519 472 333 262 486 460 469 202 367 122 510 515 500 350 316 467 259 520 240 68 538 456 209 242 462 309 392 498 562 556 333 521 549 399 515 211 481 441 381 322 232 483 281 555 255 545 512 185 545 71 342 443 220 485 432 469 273 488 565 71 410 498 0 220 350
640 578 372 319 208 489 250 407 564 535 401 572 246 298 612 494 634 555 195 563 535 298 201 531 522 532 246 305 166 572 578 506 394 409 529 197 583 179 180 600 500 253 276 525 316 399 542 569 619 272 583 612 406 522 255 488 485 425 287 276 490 227 617 254 607 519 124 608 184 306 449 264 547 495 513 212 532 627 242 417 505 220 0 394
875 812 414 403 337 431 255 449 425 316 443 807 481 383 846 437 412 289 430 241 770 383 435 208 757 766 188 489 274 807 812 449 72 255 764 432 817 393 310 835 178 182 292 760 359 441 220 383 853 456 818 846 436 464 170 430 163 103 371 158 432 462 852 489 842 461 359 842 314 391 492 170 782 730 191 447 210 862 372 431 447 350 394 0
EOF