NAME : tsp_problem
TYPE : TSP
DIMENSION : 58
EDGE_WEIGHT_TYPE : EXPLICIT
EDGE_WEIGHT_FORMAT : FULL_MATRIX
EDGE_WEIGHT_SECTION
0 241 737 67 485 73 98 740 857 788 664 456 594 478 434 545 434 158 534 74 269 719 596 824 749 746 100 741 768 821 1009 612 665 492 756 984 172 685 791 934 767 667 760 1082 685 687 864 762 656 605 317 866 859 691 717 710 755 649
241 0 638 184 386 190 174 641 758 689 565 357 495 379 335 446 335 108 435 206 170 620 497 725 650 647 182 642 669 722 910 513 566 393 657 885 255 586 692 835 668 568 661 983 586 588 766 663 557 506 218 767 760 592 618 611 656 550
737 638 0 681 298 686 671 276 174 324 113 316 177 301 747 360 461 604 847 703 583 396 309 141 66 282 678 418 85 445 498 357 311 412 73 302 752 362 467 423 66 343 77 400 83 333 182 173 301 302 631 183 176 511 253 484 167 153
67 184 681 0 428 33 41 684 800 732 608 400 538 421 377 489 378 101 477 49 213 663 540 768 693 690 44 685 711 765 953 556 609 436 700 928 116 629 734 878 710 610 704 1026 629 631 808 706 599 549 261 809 803 635 661 653 699 592
485 386 298 428 0 434 418 301 417 349 225 63 155 49 495 244 209 352 595 450 330 280 193 385 310 307 426 302 328 382 570 173 225 267 316 545 499 246 351 495 327 227 320 643 246 248 425 322 216 186 378 426 420 395 278 368 316 209
73 190 686 33 434 0 47 689 806 737 613 405 543 427 383 494 383 107 483 55 218 668 545 773 698 695 49 690 717 770 958 561 614 441 705 933 121 634 740 883 716 616 709 1031 634 636 814 711 605 554 266 815 808 640 666 659 704 598
98 174 671 41 418 47 0 674 790 722 598 390 528 411 367 479 368 92 467 63 203 653 530 758 683 680 40 675 702 755 943 546 599 426 690 918 112 619 724 868 700 600 694 1016 619 621 798 696 589 539 251 800 793 625 651 644 689 583
740 641 276 684 301 689 674 0 395 71 203 319 211 304 750 230 354 607 850 706 586 266 180 363 288 31 681 266 306 192 292 264 345 282 294 297 755 232 223 217 305 213 298 621 224 367 403 300 335 172 634 404 398 338 60 311 294 149
857 758 174 800 417 806 790 395 0 443 232 435 297 421 867 480 581 724 967 822 702 515 429 220 186 401 798 537 123 464 432 476 430 532 192 235 871 481 494 357 203 463 196 333 202 453 61 293 421 422 750 62 55 610 372 583 286 273
788 689 324 732 349 737 722 71 443 0 250 367 259 352 798 278 402 655 898 753 634 249 227 411 336 65 729 222 354 149 249 312 392 330 342 254 802 280 179 174 353 261 346 601 271 415 451 348 383 220 681 452 445 295 94 267 342 197
664 565 113 608 225 613 598 203 232 250 0 243 104 228 674 287 388 531 774 629 510 323 236 200 125 209 605 345 143 372 471 284 237 339 132 360 678 289 394 397 142 270 135 458 61 260 240 138 228 229 557 241 235 438 180 411 131 80
456 357 316 400 63 405 390 319 435 367 243 0 173 56 466 262 180 323 566 421 302 298 211 403 328 325 397 320 346 400 588 191 243 238 334 563 470 264 369 513 345 245 338 661 264 266 443 340 234 204 349 444 438 413 296 386 334 227
594 495 177 538 155 543 528 211 297 259 104 173 0 158 604 285 318 461 704 560 440 321 234 264 189 217 535 343 208 381 480 214 168 337 196 425 608 287 392 406 207 268 200 523 125 190 305 202 158 227 488 306 299 436 189 409 196 89
478 379 301 421 49 427 411 304 421 352 228 56 158 0 488 248 202 345 588 443 323 284 197 388 313 310 419 306 332 385 573 177 229 260 320 549 492 250 355 499 331 231 324 647 249 252 429 326 220 190 371 430 423 399 282 372 320 213
434 335 747 377 495 383 367 750 867 798 674 466 604 488 0 555 444 301 235 399 208 730 606 834 759 756 375 751 778 831 1019 622 675 502 766 995 448 695 801 945 777 677 770 1093 695 698 875 772 666 615 168 876 869 701 728 720 766 659
545 446 360 489 244 494 479 230 480 278 287 262 285 248 555 0 155 412 655 511 391 209 82 447 372 236 486 231 391 311 499 208 356 98 379 504 560 175 281 424 390 157 383 705 308 378 487 385 346 91 439 489 482 325 207 297 378 234
434 335 461 378 209 383 368 354 581 402 388 180 318 202 444 155 0 301 544 400 280 333 205 548 473 360 375 355 492 433 623 331 389 102 480 628 448 299 402 548 491 280 484 807 409 412 589 486 380 214 328 590 583 301 331 319 480 357
158 108 604 101 352 107 92 607 724 655 531 323 461 345 301 412 301 0 401 123 136 586 463 691 616 613 99 608 635 688 876 479 532 359 623 851 172 552 658 801 634 534 627 950 552 554 732 629 523 472 184 733 726 558 584 577 623 516
534 435 847 477 595 483 467 850 967 898 774 566 704 588 235 655 544 401 0 499 308 830 706 934 859 856 475 851 878 931 1119 722 775 602 866 1095 548 795 901 1045 877 777 870 1193 795 798 975 872 766 715 268 976 969 801 827 820 866 759
74 206 703 49 450 55 63 706 822 753 629 421 560 443 399 511 400 123 499 0 235 685 561 790 715 712 66 707 733 787 975 578 630 458 721 950 138 651 756 900 732 632 725 1048 651 653 830 727 621 570 282 831 825 657 683 675 721 614
269 170 583 213 330 218 203 586 702 634 510 302 440 323 208 391 280 136 308 235 0 565 442 670 595 592 210 587 614 667 855 458 511 338 602 830 284 531 636 780 612 512 606 928 531 533 710 608 501 451 163 712 705 537 563 556 601 495
719 620 396 663 280 668 653 266 515 249 323 298 321 284 730 209 333 586 830 685 565 0 159 483 408 272 661 74 426 133 357 243 392 262 415 362 734 121 102 282 425 102 418 709 344 414 523 421 382 152 613 524 518 147 243 119 414 269
596 497 309 540 193 545 530 180 429 227 236 211 234 197 606 82 205 463 706 561 442 159 0 396 321 186 537 181 340 261 448 157 305 134 328 454 610 125 230 374 339 106 332 655 257 327 437 334 296 65 489 438 431 274 157 247 328 183
824 725 141 768 385 773 758 363 220 411 200 403 264 388 834 447 548 691 934 790 670 483 396 0 153 369 765 505 131 532 544 444 398 499 160 347 839 449 554 469 171 430 164 445 170 420 227 260 388 389 718 229 222 598 340 571 254 240
749 650 66 693 310 698 683 288 186 336 125 328 189 313 759 372 473 616 859 715 595 408 321 153 0 294 690 430 97 457 510 369 323 424 70 314 764 374 479 435 51 355 78 412 95 345 194 185 313 314 643 195 188 523 265 496 179 165
746 647 282 690 307 695 680 31 401 65 209 325 217 310 756 236 360 613 856 712 592 272 186 369 294 0 687 260 312 186 286 270 351 288 300 291 760 238 217 211 311 219 304 627 230 373 409 306 341 178 640 410 404 332 54 305 300 155
100 182 678 44 426 49 40 681 798 729 605 397 535 419 375 486 375 99 475 66 210 661 537 765 690 687 0 682 709 762 950 553 606 433 697 926 114 626 732 876 708 608 701 1024 626 629 806 703 597 546 258 807 800 632 659 651 697 590
741 642 418 685 302 690 675 266 537 222 345 320 343 306 751 231 355 608 851 707 587 74 181 505 430 260 682 0 448 106 330 265 413 283 436 335 756 107 76 256 447 124 440 682 366 436 545 443 404 174 635 546 540 120 265 92 436 291
768 669 85 711 328 717 702 306 123 354 143 346 208 332 778 391 492 635 878 733 614 426 340 131 97 312 709 448 0 476 447 387 341 443 103 250 782 392 498 372 114 374 107 349 113 364 131 204 332 333 661 132 125 542 283 514 197 184
821 722 445 765 382 770 755 192 464 149 372 400 381 385 831 311 433 688 931 787 667 133 261 532 457 186 762 106 476 0 257 345 493 363 464 262 836 166 134 182 475 186 468 609 393 516 472 470 484 253 715 473 466 179 216 151 463 319
1009 910 498 953 570 958 943 292 432 249 471 588 480 573 1019 499 623 876 1119 975 855 357 448 544 510 286 950 330 447 257 0 533 614 551 516 229 1023 390 287 104 527 410 520 576 492 636 439 569 604 441 903 441 434 403 316 375 563 418
612 513 357 556 173 561 546 264 476 312 284 191 214 177 622 208 331 479 722 578 458 243 157 444 369 270 553 265 387 345 533 0 284 260 375 538 627 209 315 458 386 191 379 702 305 307 484 381 275 150 506 485 479 359 241 331 375 268
665 566 311 609 225 614 599 345 430 392 237 243 168 229 675 356 389 532 775 630 511 392 305 398 323 351 606 413 341 493 614 284 0 408 329 558 679 357 463 539 340 339 333 656 258 95 438 335 49 298 558 439 432 507 322 479 329 222
492 393 412 436 267 441 426 282 532 330 339 238 337 260 502 98 102 359 602 458 338 262 134 499 424 288 433 283 443 363 551 260 408 0 431 557 507 228 333 477 442 209 435 757 360 430 539 437 398 143 386 541 534 276 260 295 430 286
756 657 73 700 316 705 690 294 192 342 132 334 196 320 766 379 480 623 866 721 602 415 328 160 70 300 697 436 103 464 516 375 329 431 0 320 770 380 486 442 60 362 86 418 101 352 200 192 320 321 649 201 195 530 272 502 185 172
984 885 302 928 545 933 918 297 235 254 360 563 425 549 995 504 628 851 1095 950 830 362 454 347 314 291 926 335 250 262 229 538 558 557 320 0 999 395 292 155 331 415 324 380 330 580 243 420 548 447 878 244 238 408 321 380 414 400
172 255 752 116 499 121 112 755 871 802 678 470 608 492 448 560 448 172 548 138 284 734 610 839 764 760 114 756 782 836 1023 627 679 507 770 999 0 700 805 949 781 681 774 1097 699 702 879 776 670 619 331 880 873 706 732 724 770 663
685 586 362 629 246 634 619 232 481 280 289 264 287 250 695 175 299 552 795 651 531 121 125 449 374 238 626 107 392 166 390 209 357 228 380 395 700 0 135 315 391 68 384 707 310 380 489 387 348 118 579 490 484 179 209 152 380 235
791 692 467 734 351 740 724 223 494 179 394 369 392 355 801 281 402 658 901 756 636 102 230 554 479 217 732 76 498 134 287 315 463 333 486 292 805 135 0 212 497 155 490 639 415 485 502 492 453 223 684 503 497 148 246 120 485 341
934 835 423 878 495 883 868 217 357 174 397 513 406 499 945 424 548 801 1045 900 780 282 374 469 435 211 876 256 372 182 104 458 539 477 442 155 949 315 212 0 453 335 446 502 418 561 365 495 530 367 828 366 359 328 241 300 488 344
767 668 66 710 327 716 700 305 203 353 142 345 207 331 777 390 491 634 877 732 612 425 339 171 51 311 708 447 114 475 527 386 340 442 60 331 781 391 497 453 0 373 67 429 112 363 211 203 331 332 660 212 206 541 282 513 196 183
667 568 343 610 227 616 600 213 463 261 270 245 268 231 677 157 280 534 777 632 512 102 106 430 355 219 608 124 374 186 410 191 339 209 362 415 681 68 155 335 373 0 366 688 291 361 470 368 329 99 560 472 465 199 190 172 361 217
760 661 77 704 320 709 694 298 196 346 135 338 200 324 770 383 484 627 870 725 606 418 332 164 78 304 701 440 107 468 520 379 333 435 86 324 774 384 490 446 67 366 0 422 105 356 204 196 324 325 653 205 199 534 276 506 189 176
1082 983 400 1026 643 1031 1016 621 333 601 458 661 523 647 1093 705 807 950 1193 1048 928 709 655 445 412 627 1024 682 349 609 576 702 656 757 418 380 1097 707 639 502 429 688 422 0 428 678 341 518 646 647 976 342 336 755 598 727 512 498
685 586 83 629 246 634 619 224 202 271 61 264 125 249 695 308 409 552 795 651 531 344 257 170 95 230 626 366 113 393 492 305 258 360 101 330 699 310 415 418 112 291 105 428 0 281 210 121 249 250 578 211 205 459 201 432 114 101
687 588 333 631 248 636 621 367 453 415 260 266 190 252 698 378 412 554 798 653 533 414 327 420 345 373 629 436 364 516 636 307 95 430 352 580 702 380 485 561 363 361 356 678 281 0 460 358 118 320 581 462 455 530 344 502 351 245
864 766 182 808 425 814 798 403 61 451 240 443 305 429 875 487 589 732 975 830 710 523 437 227 194 409 806 545 131 472 439 484 438 539 200 243 879 489 502 365 211 470 204 341 210 460 0 300 429 430 758 38 31 618 380 590 294 281
762 663 173 706 322 711 696 300 293 348 138 340 202 326 772 385 486 629 872 727 608 421 334 260 185 306 703 443 204 470 569 381 335 437 192 420 776 387 492 495 203 368 196 518 121 358 300 0 326 327 655 302 295 536 278 509 82 178
656 557 301 599 216 605 589 335 421 383 228 234 158 220 666 346 380 523 766 621 501 382 296 388 313 341 597 404 332 484 604 275 49 398 320 548 670 348 453 530 331 329 324 646 249 118 429 326 0 289 549 430 423 498 312 470 319 213
605 506 302 549 186 554 539 172 422 220 229 204 227 190 615 91 214 472 715 570 451 152 65 389 314 178 546 174 333 253 441 150 298 143 321 447 619 118 223 367 332 99 325 647 250 320 430 327 289 0 498 431 424 267 150 240 320 176
317 218 631 261 378 266 251 634 750 681 557 349 488 371 168 439 328 184 268 282 163 613 489 718 643 640 258 635 661 715 903 506 558 386 649 878 331 579 684 828 660 560 653 976 578 581 758 655 549 498 0 759 752 585 611 603 649 542
866 767 183 809 426 815 800 404 62 452 241 444 306 430 876 489 590 733 976 831 712 524 438 229 195 410 807 546 132 473 441 485 439 541 201 244 880 490 503 366 212 472 205 342 211 462 38 302 430 431 759 0 33 619 381 592 295 282
859 760 176 803 420 808 793 398 55 445 235 438 299 423 869 482 583 726 969 825 705 518 431 222 188 404 800 540 125 466 434 479 432 534 195 238 873 484 497 359 206 465 199 336 205 455 31 295 423 424 752 33 0 613 375 585 288 275
691 592 511 635 395 640 625 338 610 295 438 413 436 399 701 325 301 558 801 657 537 147 274 598 523 332 632 120 542 179 403 359 507 276 530 408 706 179 148 328 541 199 534 755 459 530 618 536 498 267 585 619 613 0 359 65 530 385
717 618 253 661 278 666 651 60 372 94 180 296 189 282 728 207 331 584 827 683 563 243 157 340 265 54 659 265 283 216 316 241 322 260 272 321 732 209 246 241 282 190 276 598 201 344 380 278 312 150 611 381 375 359 0 331 271 127
710 611 484 653 368 659 644 311 583 267 411 386 409 372 720 297 319 577 820 675 556 119 247 571 496 305 651 92 514 151 375 331 479 295 502 380 724 152 120 300 513 172 506 727 432 502 590 509 470 240 603 592 585 65 331 0 502 357
755 656 167 699 316 704 689 294 286 342 131 334 196 320 766 378 480 623 866 721 601 414 328 254 179 300 697 436 197 463 563 375 329 430 185 414 770 380 485 488 196 361 189 512 114 351 294 82 319 320 649 295 288 530 271 502 0 171
649 550 153 592 209 598 583 149 273 197 80 227 89 213 659 234 357 516 759 614 495 269 183 240 165 155 590 291 184 319 418 268 222 286 172 400 663 235 341 344 183 217 176 498 101 245 281 178 213 176 542 282 275 385 127 357 171 0
EOF