NAME : tsp_problem
TYPE : TSP
DIMENSION : 42
EDGE_WEIGHT_TYPE : EXPLICIT
EDGE_WEIGHT_FORMAT : FULL_MATRIX
EDGE_WEIGHT_SECTION
0 607 998 585 329 534 1041 348 1054 574 575 554 614 1095 976 548 627 1034 657 686 530 601 177 662 904 343 1000 560 465 1013 442 274 353 695 503 779 541 588 570 446 617 425
607 0 437 188 301 139 480 487 493 248 379 270 52 534 414 310 202 472 232 125 205 317 466 237 342 482 438 323 414 451 236 361 595 184 308 217 248 163 278 401 56 249
998 437 0 579 692 531 87 879 118 640 770 661 426 159 54 701 593 364 623 352 596 708 857 629 131 874 64 714 805 77 628 752 986 362 699 267 493 554 464 638 422 640
585 188 579 0 279 213 622 561 635 322 453 343 195 676 557 288 275 615 305 267 278 391 444 311 485 556 581 396 487 594 215 339 639 326 381 360 227 236 256 379 198 227
329 301 692 279 0 228 735 378 748 268 357 248 308 789 670 296 321 728 351 380 224 295 188 356 598 373 694 301 392 707 223 83 383 389 286 473 235 282 264 344 311 235
534 139 531 213 228 0 574 384 587 145 275 166 146 628 508 335 128 567 158 219 101 213 393 164 437 379 533 219 310 545 262 288 491 278 204 312 274 89 303 426 150 274
1041 480 87 622 735 574 0 922 161 683 814 704 469 202 97 744 636 407 666 395 639 751 900 672 174 917 107 757 848 120 671 795 1029 405 742 310 536 597 507 681 465 683
348 487 879 561 378 384 922 0 935 423 284 310 495 976 857 597 476 915 506 567 380 357 226 512 785 52 881 269 174 893 492 323 164 626 212 660 554 437 583 495 498 475
1054 493 118 635 748 587 161 935 0 696 827 717 482 79 110 757 649 420 679 408 652 764 913 685 187 930 86 770 861 66 684 808 1042 418 755 323 549 610 520 694 478 696
574 248 640 322 268 145 683 423 696 0 315 206 255 737 617 418 237 675 267 328 68 253 433 273 545 419 641 259 350 654 345 328 531 387 244 420 357 198 386 509 259 357
575 379 770 453 357 275 814 284 827 315 0 201 386 867 748 507 368 806 398 459 272 249 454 403 676 279 772 161 210 785 434 417 391 518 104 551 446 329 475 598 389 446
554 270 661 343 248 166 704 310 717 206 201 0 277 758 639 397 259 697 288 349 162 67 413 294 567 305 663 145 236 676 324 308 417 408 130 442 336 220 365 489 280 336
614 52 426 195 308 146 469 495 482 255 386 277 0 523 404 317 209 462 239 114 212 324 473 244 332 490 428 330 421 440 244 368 602 173 315 207 256 170 276 408 45 256
1095 534 159 676 789 628 202 976 79 737 867 758 523 0 151 798 690 461 720 449 693 805 954 726 228 971 127 811 902 107 725 849 1083 458 796 364 590 651 561 735 519 737
976 414 54 557 670 508 97 857 110 617 748 639 404 151 0 679 571 341 601 330 574 686 835 606 108 852 56 692 783 69 606 730 964 339 677 244 471 532 442 616 400 618
548 310 701 288 296 335 744 597 757 418 507 397 317 798 679 0 397 737 427 389 374 445 407 433 607 592 703 451 541 716 141 356 602 398 435 482 243 358 273 305 320 153
627 202 593 275 321 128 636 476 649 237 368 259 209 690 571 397 0 629 68 281 194 306 486 89 499 471 595 312 403 608 324 381 584 341 297 374 336 78 366 489 212 336
1034 472 364 615 728 567 407 915 420 675 806 697 462 461 341 737 629 0 659 388 632 744 893 664 269 910 365 750 841 378 664 788 1022 397 735 302 529 590 500 674 458 676
657 232 623 305 351 158 666 506 679 267 398 288 239 720 601 427 68 659 0 311 223 336 516 56 529 501 625 342 432 638 354 411 614 370 327 404 366 108 395 519 242 366
686 125 352 267 380 219 395 567 408 328 459 349 114 449 330 389 281 388 311 0 284 397 546 317 258 562 354 403 493 366 316 440 674 99 387 133 231 242 202 376 117 328
530 205 596 278 224 101 639 380 652 68 272 162 212 693 574 374 194 632 223 284 0 210 390 229 502 375 598 215 306 611 301 284 487 343 200 377 313 155 342 466 215 313
601 317 708 391 295 213 751 357 764 253 249 67 324 805 686 445 306 744 336 397 210 0 460 341 614 352 710 193 283 723 371 355 465 456 177 489 383 267 413 536 327 384
177 466 857 444 188 393 900 226 913 433 454 413 473 954 835 407 486 893 516 546 390 460 0 521 763 222 859 439 344 872 302 133 231 554 382 638 400 447 429 305 476 284
662 237 629 311 356 164 672 512 685 273 403 294 244 726 606 433 89 664 56 317 229 341 521 0 535 507 630 347 438 643 360 416 619 376 332 409 372 113 401 524 248 372
904 342 131 485 598 437 174 785 187 545 676 567 332 228 108 607 499 269 529 258 502 614 763 535 0 780 132 620 711 145 534 658 892 267 605 172 399 460 370 544 328 546
343 482 874 556 373 379 917 52 930 419 279 305 490 971 852 592 471 910 501 562 375 352 222 507 780 0 876 264 169 888 487 318 159 621 207 655 549 433 578 490 493 470
1000 438 64 581 694 533 107 881 86 641 772 663 428 127 56 703 595 365 625 354 598 710 859 630 132 876 0 716 807 51 630 754 988 363 701 268 495 556 466 640 424 642
560 323 714 396 301 219 757 269 770 259 161 145 330 811 692 451 312 750 342 403 215 193 439 347 620 264 716 0 195 729 377 361 376 462 89 495 389 273 419 542 333 390
465 414 805 487 392 310 848 174 861 350 210 236 421 902 783 541 403 841 432 493 306 283 344 438 711 169 807 195 0 820 468 440 281 552 138 586 480 364 509 612 424 480
1013 451 77 594 707 545 120 893 66 654 785 676 440 107 69 716 608 378 638 366 611 723 872 643 145 888 51 729 820 0 642 767 1001 376 714 281 507 569 479 652 437 655
442 236 628 215 223 262 671 492 684 345 434 324 244 725 606 141 324 664 354 316 301 371 302 360 534 487 630 377 468 642 0 283 497 325 362 409 170 285 200 200 247 80
274 361 752 339 83 288 795 323 808 328 417 308 368 849 730 356 381 788 411 440 284 355 133 416 658 318 754 361 440 767 283 0 328 449 346 533 295 342 324 289 371 269
353 595 986 639 383 491 1029 164 1042 531 391 417 602 1083 964 602 584 1022 614 674 487 465 231 619 892 159 988 376 281 1001 497 328 0 734 319 767 595 545 624 500 605 480
695 184 362 326 389 278 405 626 418 387 518 408 173 458 339 398 341 397 370 99 343 456 554 376 267 621 363 462 552 376 325 449 734 0 447 142 185 302 156 330 170 337
503 308 699 381 286 204 742 212 755 244 104 130 315 796 677 435 297 735 327 387 200 177 382 332 605 207 701 89 138 714 362 346 319 447 0 480 374 258 404 527 318 375
779 217 267 360 473 312 310 660 323 420 551 442 207 364 244 482 374 302 404 133 377 489 638 409 172 655 268 495 586 281 409 533 767 142 480 0 274 335 245 419 203 421
541 248 493 227 235 274 536 554 549 357 446 336 256 590 471 243 336 529 366 231 313 383 400 372 399 549 495 389 480 507 170 295 595 185 374 274 0 297 84 319 259 182
588 163 554 236 282 89 597 437 610 198 329 220 170 651 532 358 78 590 108 242 155 267 447 113 460 433 556 273 364 569 285 342 545 302 258 335 297 0 327 450 173 298
570 278 464 256 264 303 507 583 520 386 475 365 276 561 442 273 366 500 395 202 342 413 429 401 370 578 466 419 509 479 200 324 624 156 404 245 84 327 0 290 272 212
446 401 638 379 344 426 681 495 694 509 598 489 408 735 616 305 489 674 519 376 466 536 305 524 544 490 640 542 612 652 200 289 500 330 527 419 319 450 290 0 411 183
617 56 422 198 311 150 465 498 478 259 389 280 45 519 400 320 212 458 242 117 215 327 476 248 328 493 424 333 424 437 247 371 605 170 318 203 259 173 272 411 0 259
425 249 640 227 235 274 683 475 696 357 446 336 256 737 618 153 336 676 366 328 313 384 284 372 546 470 642 390 480 655 80 269 480 337 375 421 182 298 212 183 259 0
EOF