NAME : tsp_problem
TYPE : TSP
DIMENSION : 40
EDGE_WEIGHT_TYPE : EXPLICIT
EDGE_WEIGHT_FORMAT : FULL_MATRIX
EDGE_WEIGHT_SECTION
0 118 541 494 497 409 479 1028 510 294 170 1063 543 531 507 600 588 525 914 503 457 1034 101 480 334 86 410 650 554 558 486 530 778 505 972 419 318 591 447 924
118 0 452 405 408 320 390 939 421 205 81 974 454 442 418 511 499 436 825 415 368 945 102 391 246 71 321 561 465 469 397 441 689 416 883 330 229 502 358 835
541 452 0 656 161 160 204 552 175 270 407 587 67 154 172 124 112 304 438 256 618 558 525 205 397 494 200 174 60 311 151 255 302 170 496 316 246 115 272 449
494 405 656 0 539 610 720 1174 519 536 411 1208 658 646 515 746 733 766 1060 478 75 1179 478 721 338 447 652 765 669 533 545 772 924 531 1118 393 560 737 421 1070
497 408 161 539 0 116 263 680 58 225 363 714 163 152 55 252 239 363 566 139 502 685 481 264 280 450 195 271 175 194 63 315 430 58 623 199 201 243 155 576
409 320 160 610 116 0 175 678 129 138 275 713 162 150 126 250 238 275 564 211 573 684 393 176 351 362 107 269 173 265 105 227 428 124 622 270 114 241 226 574
479 390 204 720 263 175 0 588 276 207 345 623 236 297 273 226 213 204 474 358 683 594 463 85 498 432 100 343 193 413 252 86 339 271 532 417 183 217 374 485
1028 939 552 1174 680 678 588 0 693 757 894 202 585 672 690 467 482 754 147 775 1137 438 1012 581 915 982 649 692 542 829 669 536 295 688 111 834 733 479 790 245
510 421 175 519 58 129 276 693 0 239 376 727 176 165 47 265 252 376 579 119 481 698 494 277 260 463 208 284 188 174 64 328 443 50 636 179 215 256 135 589
294 205 270 536 225 138 207 757 239 0 161 791 272 260 236 329 316 308 643 320 498 762 278 209 376 248 139 379 283 375 215 259 507 234 700 380 47 320 336 653
170 81 407 411 363 275 345 894 376 161 0 929 409 397 373 467 454 391 780 421 374 900 154 346 252 123 277 517 421 475 352 397 644 371 838 336 185 458 364 791
1063 974 587 1208 714 713 623 202 727 791 929 0 619 707 724 502 517 788 182 809 1171 473 1047 615 949 1016 684 727 577 864 703 570 329 722 120 869 767 513 825 280
543 454 67 658 163 162 236 585 176 272 409 619 0 156 173 157 144 336 471 258 620 590 527 237 399 496 232 136 80 313 152 288 335 172 528 318 248 148 274 481
531 442 154 646 152 150 297 672 165 260 397 707 156 0 162 244 232 398 558 246 609 678 515 299 387 485 229 263 167 301 141 349 422 160 616 306 236 235 262 568
507 418 172 515 55 126 273 690 47 236 373 724 173 162 0 262 249 373 576 115 478 695 491 274 256 460 205 281 185 170 61 325 440 47 633 175 212 253 131 586
600 511 124 746 252 250 226 467 265 329 467 502 157 244 262 0 54 326 353 347 709 473 584 227 487 554 222 264 114 402 241 277 217 260 411 406 305 51 363 364
588 499 112 733 239 238 213 482 252 316 454 517 144 232 249 54 0 313 368 334 696 488 572 214 474 541 209 252 102 389 228 265 232 247 426 394 292 46 350 379
525 436 304 766 363 275 204 754 376 308 391 788 336 398 373 326 313 0 640 458 729 759 509 206 598 478 200 444 294 513 352 256 504 372 697 518 284 317 474 650
914 825 438 1060 566 564 474 147 579 643 780 182 471 558 576 353 368 640 0 661 1023 324 898 467 801 868 535 578 428 715 555 422 181 574 91 720 619 365 676 131
503 415 256 478 139 211 358 775 119 320 421 809 258 246 115 347 334 458 661 0 440 780 488 359 219 457 290 366 270 75 146 409 525 132 718 138 296 338 94 671
457 368 618 75 502 573 683 1137 481 498 374 1171 620 609 478 709 696 729 1023 440 0 1142 441 684 301 410 614 728 632 495 508 734 887 494 1080 355 522 700 384 1033
1034 945 558 1179 685 684 594 438 698 762 900 473 590 678 695 473 488 759 324 780 1142 0 1018 586 920 987 655 698 547 835 674 541 300 693 382 840 738 484 796 335
101 102 525 478 481 393 463 1012 494 278 154 1047 527 515 491 584 572 509 898 488 441 1018 0 464 318 70 394 634 538 542 470 514 762 489 956 403 302 575 431 908
480 391 205 721 264 176 85 581 277 209 346 615 237 299 274 227 214 206 467 359 684 586 464 0 499 433 101 345 195 414 253 78 331 273 524 419 185 218 375 477
334 246 397 338 280 351 498 915 260 376 252 949 399 387 256 487 474 598 801 219 301 920 318 499 0 288 430 506 410 273 286 550 665 272 858 134 400 478 162 811
86 71 494 447 450 362 432 982 463 248 123 1016 496 485 460 554 541 478 868 457 410 987 70 433 288 0 364 604 508 512 439 484 732 458 925 372 272 545 400 878
410 321 200 652 195 107 100 649 208 139 277 684 232 229 205 222 209 200 535 290 614 655 394 101 430 364 0 339 189 345 184 152 400 203 593 349 115 213 306 546
650 561 174 765 271 269 343 692 284 379 517 727 136 263 281 264 252 444 578 366 728 698 634 345 506 604 339 0 187 421 260 395 442 279 636 425 355 255 382 588
554 465 60 669 175 173 193 542 188 283 421 577 80 167 185 114 102 294 428 270 632 547 538 195 410 508 189 187 0 325 164 245 292 183 486 329 259 105 286 438
558 469 311 533 194 265 413 829 174 375 475 864 313 301 170 402 389 513 715 75 495 835 542 414 273 512 345 421 325 0 200 464 579 187 773 193 351 393 149 726
486 397 151 545 63 105 252 669 64 215 352 703 152 141 61 241 228 352 555 146 508 674 470 253 286 439 184 260 164 200 0 304 419 64 612 205 191 232 161 565
530 441 255 772 315 227 86 536 328 259 397 570 288 349 325 277 265 256 422 409 734 541 514 78 550 484 152 395 245 464 304 0 286 323 479 469 235 268 425 432
778 689 302 924 430 428 339 295 443 507 644 329 335 422 440 217 232 504 181 525 887 300 762 331 665 732 400 442 292 579 419 286 0 438 238 584 483 229 540 191
505 416 170 531 58 124 271 688 50 234 371 722 172 160 47 260 247 372 574 132 494 693 489 273 272 458 203 279 183 187 64 323 438 0 632 191 210 251 148 584
972 883 496 1118 623 622 532 111 636 700 838 120 528 616 633 411 426 697 91 718 1080 382 956 524 858 925 593 636 486 773 612 479 238 632 0 778 677 422 734 189
419 330 316 393 199 270 417 834 179 380 336 869 318 306 175 406 394 518 720 138 355 840 403 419 134 372 349 425 329 193 205 469 584 191 778 0 356 397 81 730
318 229 246 560 201 114 183 733 215 47 185 767 248 236 212 305 292 284 619 296 522 738 302 185 400 272 115 355 259 351 191 235 483 210 677 356 0 296 312 629
591 502 115 737 243 241 217 479 256 320 458 513 148 235 253 51 46 317 365 338 700 484 575 218 478 545 213 255 105 393 232 268 229 251 422 397 296 0 354 375
447 358 272 421 155 226 374 790 135 336 364 825 274 262 131 363 350 474 676 94 384 796 431 375 162 400 306 382 286 149 161 425 540 148 734 81 312 354 0 687
924 835 449 1070 576 574 485 245 589 653 791 280 481 568 586 364 379 650 131 671 1033 335 908 477 811 878 546 588 438 726 565 432 191 584 189 730 629 375 687 0
EOF