NAME : tsp_problem
TYPE : TSP
DIMENSION : 30
EDGE_WEIGHT_TYPE : EXPLICIT
EDGE_WEIGHT_FORMAT : FULL_MATRIX
EDGE_WEIGHT_SECTION
0 545 90 271 243 397 264 536 207 238 142 300 677 229 238 267 283 607 482 61 165 556 166 130 465 286 400 464 418 742
545 0 595 776 749 902 678 1041 713 743 515 326 1182 697 743 681 471 1112 122 534 497 1062 648 503 473 338 846 472 177 1247
90 595 0 265 238 392 226 531 202 233 192 350 672 190 233 229 334 602 532 99 215 551 127 180 426 336 361 425 468 737
271 776 265 0 109 431 366 570 97 272 372 531 711 331 81 369 514 641 713 279 396 590 341 361 640 517 494 639 649 776
243 749 238 109 0 404 339 543 89 245 345 504 684 304 63 342 487 614 685 252 369 563 314 333 613 490 467 612 621 749
397 902 392 431 404 0 394 186 368 199 499 657 328 338 398 397 640 258 839 406 522 207 467 487 735 643 239 734 775 393
264 678 226 366 339 394 0 533 303 235 366 506 674 93 334 41 508 604 706 273 390 553 236 354 416 510 264 415 642 739
536 1041 531 570 543 186 533 0 507 338 638 796 308 477 537 536 779 96 978 544 661 45 606 626 874 782 378 873 914 373
207 713 202 97 89 368 303 507 0 209 309 468 648 268 64 306 451 578 649 216 333 527 278 297 577 454 431 576 586 713
238 743 233 272 245 199 235 338 209 0 340 498 479 200 240 238 482 410 680 247 363 359 308 328 576 484 262 576 616 544
142 515 192 372 345 499 366 638 309 340 0 270 779 331 340 369 253 709 452 131 135 658 267 67 520 256 502 519 388 844
300 326 350 531 504 657 506 796 468 498 270 0 937 489 498 509 226 867 343 289 252 816 426 258 301 64 660 300 279 1002
677 1182 672 711 684 328 674 308 648 479 779 937 0 618 679 677 921 380 1119 686 802 329 747 767 1015 923 519 1015 1055 86
229 697 190 331 304 338 93 477 268 200 331 489 618 0 299 96 473 548 671 238 354 497 200 319 435 475 203 434 607 683
238 743 233 81 63 398 334 537 64 240 340 498 679 299 0 337 482 609 680 247 363 558 308 328 608 484 462 607 616 744
267 681 229 369 342 397 41 536 306 238 369 509 677 96 337 0 511 607 709 276 393 556 239 357 419 514 267 418 645 742
283 471 334 514 487 640 508 779 451 482 253 226 921 473 482 511 0 851 408 272 235 800 409 241 476 212 643 475 344 985
607 1112 602 641 614 258 604 96 578 410 709 867 380 548 609 607 851 0 1049 616 732 87 677 697 946 853 449 945 985 445
482 122 532 713 685 839 706 978 649 680 452 343 1119 671 680 709 408 1049 0 471 434 998 607 440 552 329 842 552 131 1184
61 534 99 279 252 406 273 544 216 247 131 289 686 238 247 276 272 616 471 0 154 565 174 119 473 275 408 473 407 751
165 497 215 396 369 522 390 661 333 363 135 252 802 354 363 393 235 732 434 154 0 681 291 123 502 238 525 501 370 867
556 1062 551 590 563 207 553 45 527 359 658 816 329 497 558 556 800 87 998 565 681 0 627 646 895 802 398 894 934 394
166 648 127 341 314 467 236 606 278 308 267 426 747 200 308 239 409 677 607 174 291 627 0 256 386 412 371 385 544 812
130 503 180 361 333 487 354 626 297 328 67 258 767 319 328 357 241 697 440 119 123 646 256 0 508 244 490 507 376 832
465 473 426 640 613 735 416 874 577 576 520 301 1015 435 608 419 476 946 552 473 502 895 386 508 0 314 583 40 529 1080
286 338 336 517 490 643 510 782 454 484 256 64 923 475 484 514 212 853 329 275 238 802 412 244 314 0 646 313 265 988
400 846 361 494 467 239 264 378 431 262 502 660 519 203 462 267 643 449 842 408 525 398 371 490 583 646 0 582 778 584
464 472 425 639 612 734 415 873 576 576 519 300 1015 434 607 418 475 945 552 473 501 894 385 507 40 313 582 0 528 1080
418 177 468 649 621 775 642 914 586 616 388 279 1055 607 616 645 344 985 131 407 370 934 544 376 529 265 778 528 0 1120
742 1247 737 776 749 393 739 373 713 544 844 1002 86 683 744 742 985 445 1184 751 867 394 812 832 1080 988 584 1080 1120 0
EOF