NAME : tsp_problem
TYPE : TSP
DIMENSION : 32
EDGE_WEIGHT_TYPE : EXPLICIT
EDGE_WEIGHT_FORMAT : FULL_MATRIX
EDGE_WEIGHT_SECTION
0 46 445 153 231 350 349 334 402 55 735 638 331 324 304 716 217 243 400 271 257 437 449 224 291 419 703 277 397 367 313 360
46 0 462 140 245 367 366 321 389 42 753 656 348 342 322 734 204 256 417 284 275 455 436 241 309 407 721 290 384 380 330 347
445 462 0 494 289 611 610 527 744 470 335 238 152 585 424 316 559 282 661 448 518 698 724 485 411 761 303 349 739 446 432 701
153 140 494 0 236 431 430 205 273 131 785 688 381 405 385 766 87 248 341 276 338 458 319 305 372 290 753 282 267 293 393 230
231 245 289 236 0 434 433 269 486 236 579 482 175 408 247 560 301 162 484 190 341 521 532 308 234 503 547 91 481 286 255 443
350 367 611 431 434 0 62 512 448 375 901 804 497 117 470 882 445 497 193 525 236 230 256 162 457 465 869 494 442 600 478 305
349 366 610 430 433 62 0 511 447 375 900 803 496 116 470 882 444 496 192 524 235 229 255 161 456 464 868 493 442 599 478 304
334 321 527 205 269 512 511 0 285 313 817 720 413 486 486 799 151 281 354 111 512 471 332 478 472 303 786 315 280 120 494 243
402 389 744 273 486 448 447 285 0 381 1034 937 630 422 635 1016 219 498 290 364 541 406 268 467 621 103 1002 532 33 374 643 178
55 42 470 131 236 375 375 313 381 0 761 664 356 350 330 742 196 248 425 276 283 463 427 250 317 398 729 282 376 371 338 338
735 753 335 785 579 901 900 817 1034 761 0 129 442 875 715 57 849 572 951 739 809 989 1015 775 701 1052 180 639 1029 737 723 992
638 656 238 688 482 804 803 720 937 664 129 0 345 778 618 110 752 475 854 642 712 892 918 678 604 955 97 542 932 640 626 895
331 348 152 381 175 497 496 413 630 356 442 345 0 471 310 423 445 250 547 334 404 584 610 371 297 647 410 235 625 415 318 587
324 342 585 405 408 117 116 486 422 350 875 778 471 0 445 857 420 471 167 500 210 205 231 137 431 439 843 468 417 575 453 279
304 322 424 385 247 470 470 486 635 330 715 618 310 445 0 696 450 379 520 407 378 558 584 344 79 652 683 307 630 502 50 592
716 734 316 766 560 882 882 799 1016 742 57 110 423 857 696 0 831 553 932 720 790 970 996 756 683 1033 161 620 1011 718 704 973
217 204 559 87 301 445 444 151 219 196 849 752 445 420 450 831 0 312 287 229 403 404 265 369 436 236 817 346 214 239 458 176
243 256 282 248 162 497 496 281 498 248 572 475 250 471 379 553 312 0 547 202 405 585 544 371 365 515 540 208 492 297 387 455
400 417 661 341 484 193 192 354 290 425 951 854 547 167 520 932 287 547 0 432 286 151 98 212 507 307 919 544 285 442 528 147
271 284 448 276 190 525 524 111 364 276 739 642 334 500 407 720 229 202 432 0 433 549 410 399 393 381 707 236 359 127 415 321
257 275 518 338 341 236 235 512 541 283 809 712 404 210 378 790 403 405 286 433 0 324 350 110 365 558 777 401 536 528 386 398
437 455 698 458 521 230 229 471 406 463 989 892 584 205 558 970 404 585 151 549 324 0 206 250 545 424 957 581 401 559 566 264
449 436 724 319 532 256 255 332 268 427 1015 918 610 231 584 996 265 544 98 410 350 206 0 276 571 285 983 578 262 420 592 125
224 241 485 305 308 162 161 478 467 250 775 678 371 137 344 756 369 371 212 399 110 250 276 0 331 485 743 368 462 495 353 324
291 309 411 372 234 457 456 472 621 317 701 604 297 431 79 683 436 365 507 393 365 545 571 331 0 639 669 294 616 489 87 579
419 407 761 290 503 465 464 303 103 398 1052 955 647 439 652 1033 236 515 307 381 558 424 285 485 639 0 1020 549 98 391 660 196
703 721 303 753 547 869 868 786 1002 729 180 97 410 843 683 161 817 540 919 707 777 957 983 743 669 1020 0 607 997 705 691 960
277 290 349 282 91 494 493 315 532 282 639 542 235 468 307 620 346 208 544 236 401 581 578 368 294 549 607 0 526 331 315 489
397 384 739 267 481 442 442 280 33 376 1029 932 625 417 630 1011 214 492 285 359 536 401 262 462 616 98 997 526 0 368 638 173
367 380 446 293 286 600 599 120 374 371 737 640 415 575 502 718 239 297 442 127 528 559 420 495 489 391 705 331 368 0 510 331
313 330 432 393 255 478 478 494 643 338 723 626 318 453 50 704 458 387 528 415 386 566 592 353 87 660 691 315 638 510 0 600
360 347 701 230 443 305 304 243 178 338 992 895 587 279 592 973 176 455 147 321 398 264 125 324 579 196 960 489 173 331 600 0
EOF