NAME : tsp_problem
TYPE : TSP
DIMENSION : 84
EDGE_WEIGHT_TYPE : EXPLICIT
EDGE_WEIGHT_FORMAT : FULL_MATRIX
EDGE_WEIGHT_SECTION
0 638 277 262 672 43 132 355 544 625 46 192 370 772 259 225 284 379 657 350 207 726 201 630 264 621 271 253 524 159 169 208 757 343 419 243 760 260 477 205 522 208 497 207 517 126 721 358 450 114 254 391 444 452 246 794 331 340 37 710 204 617 252 243 525 715 133 298 724 708 715 542 716 629 413 171 440 65 100 305 539 305 268 475
638 0 473 786 200 632 657 455 897 153 647 622 440 300 596 562 480 544 185 327 544 254 538 157 789 148 795 419 877 683 599 503 285 330 584 539 288 597 291 730 875 732 662 465 870 651 248 318 615 639 778 556 750 617 771 321 349 437 638 238 728 145 547 426 878 243 557 502 252 236 243 894 244 157 395 696 730 633 625 611 892 378 605 215
277 473 0 426 508 272 296 258 567 460 286 262 274 608 236 202 46 283 493 186 184 561 178 465 429 456 435 89 548 323 239 142 592 179 322 178 596 236 312 369 546 372 400 105 541 290 556 194 353 278 418 295 420 355 410 629 166 175 278 545 368 452 187 78 549 551 196 240 560 543 550 565 551 465 316 335 417 273 265 282 563 140 245 310
262 786 426 0 821 257 167 503 378 773 271 340 519 921 408 374 433 528 806 499 356 875 350 778 99 769 105 402 359 266 318 356 905 492 505 392 909 408 625 168 357 171 424 356 351 209 869 507 484 181 88 527 307 470 81 942 480 489 262 859 167 766 401 391 359 864 282 447 873 857 864 376 864 778 562 279 360 258 193 429 374 454 417 624
672 200 508 821 0 667 691 489 931 84 681 657 474 163 631 597 515 579 48 361 579 116 573 192 823 99 830 453 912 718 634 537 147 364 619 573 151 631 325 764 910 767 696 500 905 685 111 353 650 673 813 591 784 651 805 184 383 472 673 100 763 96 582 461 912 73 591 536 115 98 106 929 106 69 430 730 764 668 660 646 927 413 640 249
43 632 272 257 667 0 127 349 538 619 48 186 365 767 254 220 279 374 652 345 202 721 196 624 259 615 265 248 519 154 164 202 751 338 414 238 755 254 471 200 517 202 491 202 512 121 715 353 445 109 248 386 438 446 241 788 326 335 40 705 198 612 246 237 520 710 128 293 719 703 710 536 710 624 408 166 435 67 95 300 534 300 263 470
132 657 296 167 691 127 0 374 449 644 141 211 389 791 278 244 303 398 676 369 226 745 220 649 169 640 176 272 429 137 188 227 776 362 438 262 779 279 496 110 427 113 495 226 422 97 740 377 469 69 159 410 378 471 151 812 350 359 133 729 109 636 271 262 430 734 152 317 743 727 734 447 735 648 432 149 431 128 78 324 444 324 287 494
355 455 258 503 489 349 374 0 481 442 364 339 78 589 224 157 265 128 474 232 175 543 181 447 506 438 512 204 461 400 316 262 574 225 168 297 577 221 202 447 459 449 246 250 454 368 538 240 199 356 495 141 334 201 488 611 213 126 355 527 445 434 306 211 462 532 274 86 541 525 532 479 533 446 93 413 314 350 342 195 476 187 223 292
544 897 567 378 931 538 449 481 0 883 553 575 496 1031 410 393 574 451 916 609 411 985 417 888 313 879 308 543 102 548 552 498 1015 602 384 533 1019 407 648 450 100 452 303 497 95 491 979 617 363 463 336 406 186 349 332 1052 590 503 544 969 448 876 542 532 103 974 509 424 983 967 974 36 974 888 539 560 239 539 475 308 34 564 409 734
625 153 460 773 84 619 644 442 883 0 634 609 427 184 583 549 467 531 69 313 531 138 525 144 776 52 782 406 864 670 586 490 168 317 571 525 172 584 278 717 862 719 649 452 857 638 132 305 602 626 765 543 736 604 758 205 336 424 625 122 715 48 534 413 865 127 543 489 136 120 127 881 127 55 382 682 716 620 612 598 879 365 592 201
46 647 286 271 681 48 141 364 553 634 0 201 379 781 269 234 293 388 667 359 217 735 210 639 274 630 280 262 533 168 178 217 766 352 428 252 769 269 486 214 531 217 506 216 526 135 730 368 459 123 263 400 453 461 255 803 340 349 42 719 213 626 261 252 534 724 143 307 733 717 724 551 725 638 422 180 449 70 110 314 549 314 277 484
192 622 262 340 657 186 211 339 575 609 201 0 355 757 244 210 269 364 642 335 192 710 186 614 343 605 349 238 556 237 43 192 741 328 403 228 744 244 461 284 554 286 481 191 548 205 705 343 434 193 332 376 428 436 325 778 315 324 192 694 282 601 236 227 556 700 118 283 709 692 699 573 700 613 397 250 425 187 179 290 571 289 253 459
370 440 274 519 474 365 389 78 496 427 379 355 0 574 239 173 281 144 459 248 191 528 197 432 521 423 528 219 477 416 332 277 559 241 184 313 562 237 187 462 475 465 261 266 470 383 523 256 215 371 511 156 349 216 503 595 228 142 371 512 461 419 321 227 478 517 289 101 526 510 517 494 518 431 78 428 329 366 357 211 492 202 239 277
772 300 608 921 163 767 791 589 1031 184 781 757 574 0 731 697 615 679 148 461 679 123 673 292 923 199 930 553 1012 818 734 637 153 464 719 673 157 731 425 864 1010 867 796 600 1004 785 117 453 750 773 913 691 884 751 905 190 483 572 773 107 863 195 681 561 1012 206 691 636 75 106 112 1029 79 168 530 830 864 768 759 746 1027 513 740 349
259 596 236 408 631 254 278 224 410 583 269 244 239 731 0 96 243 248 616 309 80 685 86 588 411 579 417 212 390 305 221 166 715 302 288 202 719 36 391 351 388 354 324 166 383 273 679 317 319 260 400 260 263 321 392 752 290 246 260 669 350 576 211 201 391 674 178 168 683 667 674 408 674 588 282 317 259 255 247 124 405 264 45 434
225 562 202 374 597 220 244 157 393 549 234 210 173 697 96 0 209 182 582 275 46 650 52 554 376 545 383 178 374 271 187 132 681 268 222 168 685 96 325 317 372 320 299 131 367 238 645 283 253 226 366 194 246 254 358 718 255 180 226 634 316 541 176 167 375 640 144 101 649 632 640 391 640 554 216 283 243 221 212 108 389 229 105 400
284 480 46 433 515 279 303 265 574 467 293 269 281 615 243 209 0 290 500 193 191 568 185 472 435 463 442 96 555 330 246 149 599 186 329 185 602 243 319 376 553 379 407 112 548 297 563 201 360 285 425 302 427 362 417 636 173 182 285 552 375 459 193 85 555 558 203 247 567 550 557 572 558 471 323 342 424 280 271 289 570 147 252 317
379 544 283 528 579 374 398 128 451 531 388 364 144 679 248 182 290 0 564 257 199 632 205 536 507 527 502 228 432 425 341 286 663 250 102 322 667 246 296 471 430 473 180 275 424 392 627 265 133 380 520 74 304 135 512 700 237 151 380 616 469 523 330 236 432 622 298 110 631 614 621 449 622 536 187 437 248 375 366 220 447 211 248 381
657 185 493 806 48 652 676 474 916 69 667 642 459 148 616 582 500 564 0 346 564 102 558 177 809 84 815 438 897 703 619 523 132 349 604 558 136 617 311 749 895 752 681 485 890 671 96 338 635 658 798 576 769 636 790 169 368 457 658 86 748 81 567 446 898 74 576 521 100 83 91 914 91 54 415 715 749 653 645 631 912 398 625 234
350 327 186 499 361 345 369 232 609 313 359 335 248 461 309 275 193 257 346 0 257 415 251 318 501 309 508 131 590 396 312 215 445 66 297 251 449 309 165 442 588 445 374 178 582 363 409 81 328 351 491 269 462 329 483 482 61 150 351 399 441 306 259 139 590 404 269 214 413 397 404 607 405 318 270 408 442 346 337 324 605 91 318 164
207 544 184 356 579 202 226 175 411 531 217 192 191 679 80 46 191 199 564 257 0 633 36 536 359 527 365 160 391 253 169 114 663 250 239 150 667 80 343 299 389 302 317 114 384 221 627 265 270 208 348 212 264 272 340 700 238 198 208 617 298 524 159 149 392 622 126 119 631 615 622 409 622 536 233 265 261 203 195 126 407 212 89 382
726 254 561 875 116 721 745 543 985 138 735 710 528 123 685 650 568 632 102 415 633 0 627 246 877 153 883 507 965 772 687 591 54 418 672 627 80 685 379 818 963 820 750 553 958 739 49 406 703 727 866 645 838 705 859 91 437 525 726 60 816 149 635 515 966 159 645 590 75 59 63 983 66 122 484 784 818 722 713 699 980 467 693 303
201 538 178 350 573 196 220 181 417 525 210 186 197 673 86 52 185 205 558 251 36 627 0 530 353 521 359 154 397 247 163 108 657 244 245 144 661 86 349 293 395 296 323 108 390 214 621 259 276 202 342 218 270 278 334 694 232 204 202 611 292 518 152 143 398 616 120 125 625 609 616 415 616 530 239 259 267 197 189 132 413 206 95 376
630 157 465 778 192 624 649 447 888 144 639 614 432 292 588 554 472 536 177 318 536 246 530 0 781 140 787 410 869 675 591 495 276 322 576 530 280 589 283 721 867 724 654 457 862 643 240 310 607 631 770 548 741 608 763 313 340 429 630 230 720 137 539 418 870 235 548 493 244 228 235 886 235 149 387 687 721 625 617 603 884 370 597 206
264 789 429 99 823 259 169 506 313 776 274 343 521 923 411 376 435 507 809 501 359 877 353 781 0 772 45 404 294 269 320 359 908 494 441 395 911 411 628 171 292 173 360 358 287 212 872 510 419 184 56 463 243 405 53 945 482 491 265 861 169 768 403 394 295 866 285 450 875 859 866 311 867 780 564 281 295 260 196 365 309 456 419 626
621 148 456 769 99 615 640 438 879 52 630 605 423 199 579 545 463 527 84 309 527 153 521 140 772 0 778 402 860 666 582 486 184 313 567 521 187 580 274 713 858 715 645 448 853 634 147 301 598 622 761 539 732 600 754 220 332 420 621 137 711 24 530 409 861 142 539 485 151 135 142 877 143 56 378 678 712 616 608 594 875 361 588 197
271 795 435 105 830 265 176 512 308 782 280 349 528 930 417 383 442 502 815 508 365 883 359 787 45 778 0 411 288 275 326 365 914 501 435 401 918 417 634 177 286 179 354 364 281 218 878 516 414 190 63 457 237 399 59 951 488 497 271 867 175 774 409 400 289 873 291 456 882 865 873 305 873 787 570 287 289 266 202 359 303 462 426 632
253 419 89 402 453 248 272 204 543 406 262 238 219 553 212 178 96 228 438 131 160 507 154 410 404 402 411 0 524 299 215 118 538 124 268 154 541 212 257 345 522 348 346 81 517 266 502 139 299 254 394 240 396 300 386 574 112 121 254 491 344 398 162 42 524 496 172 185 505 489 496 541 497 410 262 311 393 249 240 258 539 86 221 256
524 877 548 359 912 519 429 461 102 864 533 556 477 1012 390 374 555 432 897 590 391 965 397 869 294 860 288 524 0 529 533 478 996 583 365 514 1000 388 629 431 45 433 284 477 29 472 960 598 344 444 316 387 167 329 313 1033 570 484 525 949 429 856 522 513 36 955 490 405 964 947 954 100 955 869 520 541 219 520 456 289 98 544 390 714
159 683 323 266 718 154 137 400 548 670 168 237 416 818 305 271 330 425 703 396 253 772 247 675 269 666 275 299 529 0 215 253 802 389 465 289 806 305 522 210 527 212 542 253 522 131 766 404 496 119 258 437 477 497 251 839 377 386 159 756 208 663 297 288 530 761 179 344 770 754 761 546 761 675 459 67 486 155 105 351 544 351 314 521
169 599 239 318 634 164 188 316 552 586 178 43 332 734 221 187 246 341 619 312 169 687 163 591 320 582 326 215 533 215 0 169 718 305 381 205 722 221 438 261 531 263 458 168 526 182 682 320 412 170 309 353 405 413 302 755 292 302 169 671 259 578 213 204 533 677 95 260 686 669 677 550 677 591 374 227 402 165 156 267 548 266 230 437
208 503 142 356 537 202 227 262 498 490 217 192 277 637 166 132 149 286 523 215 114 591 108 495 359 486 365 118 478 253 169 0 622 208 326 60 625 167 342 300 476 302 404 72 471 221 586 224 357 209 348 298 351 359 341 659 196 205 208 575 298 482 68 108 479 580 127 205 589 573 580 495 581 494 320 266 347 203 195 212 493 170 175 340
757 285 592 905 147 751 776 574 1015 168 766 741 559 153 715 681 599 663 132 445 663 54 657 276 908 184 914 538 996 802 718 622 0 449 703 657 90 716 410 849 994 851 781 584 989 770 59 437 734 758 897 675 868 736 890 64 468 556 757 78 847 180 666 545 997 190 675 621 105 90 73 1013 97 153 514 814 848 752 744 730 1011 497 724 333
343 330 179 492 364 338 362 225 602 317 352 328 241 464 302 268 186 250 349 66 250 418 244 322 494 313 501 124 583 389 305 208 449 0 290 244 452 302 169 435 581 438 367 171 576 356 413 74 321 344 484 262 455 322 476 485 54 143 344 402 434 309 253 132 583 407 262 207 416 400 407 600 408 321 273 401 435 339 330 317 598 84 311 167
419 584 322 505 619 414 438 168 384 571 428 403 184 719 288 222 329 102 604 297 239 672 245 576 441 567 435 268 365 465 381 326 703 290 0 362 706 286 336 511 363 513 113 314 358 432 667 305 101 420 463 114 237 87 460 740 277 191 419 656 509 563 370 276 366 662 338 150 671 654 661 382 662 575 226 477 181 415 406 260 380 251 288 421
243 539 178 392 573 238 262 297 533 525 252 228 313 673 202 168 185 322 558 251 150 627 144 530 395 521 401 154 514 289 205 60 657 244 362 0 661 202 377 335 512 338 439 108 507 256 621 259 393 244 384 334 386 394 376 694 232 241 244 611 334 518 32 143 515 616 162 241 625 609 616 531 617 530 356 301 383 239 231 248 529 206 211 376
760 288 596 909 151 755 779 577 1019 172 769 744 562 157 719 685 602 667 136 449 667 80 661 280 911 187 918 541 1000 806 722 625 90 452 706 661 0 719 413 852 998 854 784 588 992 773 85 441 737 761 901 679 872 739 893 127 471 559 760 95 850 183 669 549 1000 193 679 624 109 94 99 1017 100 156 518 818 852 756 747 734 1015 501 728 337
260 597 236 408 631 254 279 221 407 584 269 244 237 731 36 96 243 246 617 309 80 685 86 589 411 580 417 212 388 305 221 167 716 302 286 202 719 0 389 352 386 354 321 166 381 273 680 317 317 261 400 258 260 318 393 753 290 244 260 669 350 576 211 202 389 674 179 165 683 667 674 405 675 588 280 318 257 255 247 122 403 264 42 434
477 291 312 625 325 471 496 202 648 278 486 461 187 425 391 325 319 296 311 165 343 379 349 283 628 274 634 257 629 522 438 342 410 169 336 377 413 389 0 568 627 571 412 304 622 490 374 157 367 478 617 308 501 368 610 447 187 276 477 363 567 270 386 265 630 368 395 253 377 361 368 646 369 282 143 534 480 472 464 363 644 217 391 128
205 730 369 168 764 200 110 447 450 717 214 284 462 864 351 317 376 471 749 442 299 818 293 721 171 713 177 345 431 210 261 300 849 435 511 335 852 352 568 0 429 75 496 299 423 152 813 450 542 125 160 483 379 542 152 885 423 432 206 802 56 709 344 334 431 807 225 390 816 800 807 448 808 721 505 222 432 201 136 397 446 397 360 567
522 875 546 357 910 517 427 459 100 862 531 554 475 1010 388 372 553 430 895 588 389 963 395 867 292 858 286 522 45 527 531 476 994 581 363 512 998 386 627 429 0 431 282 475 38 470 958 596 342 442 314 385 165 327 311 1031 568 482 523 947 427 854 520 511 46 953 488 403 962 945 952 98 953 867 518 539 217 518 454 287 96 542 388 712
208 732 372 171 767 202 113 449 452 719 217 286 465 867 354 320 379 473 752 445 302 820 296 724 173 715 179 348 433 212 263 302 851 438 513 338 854 354 571 75 431 0 499 301 426 155 815 453 544 127 162 486 382 544 155 888 425 434 208 804 58 711 346 337 434 809 228 393 818 802 809 450 810 723 507 224 434 203 139 400 448 399 363 569
497 662 400 424 696 491 495 246 303 649 506 481 261 796 324 299 407 180 681 374 317 750 323 654 360 645 354 346 284 542 458 404 781 367 113 439 784 321 412 496 282 499 0 392 277 510 745 382 92 498 382 135 156 77 379 817 355 268 497 734 495 641 448 353 285 739 415 228 748 732 739 301 740 653 304 554 153 492 484 223 299 329 323 499
207 465 105 356 500 202 226 250 497 452 216 191 266 600 166 131 112 275 485 178 114 553 108 457 358 448 364 81 477 253 168 72 584 171 314 108 588 166 304 299 475 301 392 0 470 220 548 186 345 208 347 287 350 347 340 621 158 167 207 537 297 444 116 70 478 543 126 205 552 535 542 495 543 457 308 265 346 202 194 211 492 132 174 302
517 870 541 351 905 512 422 454 95 857 526 548 470 1004 383 367 548 424 890 582 384 958 390 862 287 853 281 517 29 522 526 471 989 576 358 507 992 381 622 423 38 426 277 470 0 464 953 591 336 437 309 380 160 322 306 1026 563 477 518 942 422 849 515 506 29 947 483 398 956 940 947 93 948 861 512 534 212 513 448 282 91 537 383 707
126 651 290 209 685 121 97 368 491 638 135 205 383 785 273 238 297 392 671 363 221 739 214 643 212 634 218 266 472 131 182 221 770 356 432 256 773 273 490 152 470 155 510 220 464 0 734 372 463 86 201 404 420 465 194 807 344 353 127 723 151 630 265 256 472 728 147 311 737 721 728 489 729 642 426 143 453 122 72 318 487 318 281 488
721 248 556 869 111 715 740 538 979 132 730 705 523 117 679 645 563 627 96 409 627 49 621 240 872 147 878 502 960 766 682 586 59 413 667 621 85 680 374 813 958 815 745 548 953 734 0 401 698 722 861 639 832 699 854 96 431 520 721 55 811 144 630 509 961 154 639 585 69 54 60 977 61 117 478 778 812 716 708 694 975 461 688 297
358 318 194 507 353 353 377 240 617 305 368 343 256 453 317 283 201 265 338 81 265 406 259 310 510 301 516 139 598 404 320 224 437 74 305 259 441 317 157 450 596 453 382 186 591 372 401 0 336 359 499 277 470 337 491 474 69 158 359 390 449 297 268 147 599 396 277 222 405 388 396 615 396 310 262 416 450 354 346 332 613 99 326 156
450 615 353 484 650 445 469 199 363 602 459 434 215 750 319 253 360 133 635 328 270 703 276 607 419 598 414 299 344 496 412 357 734 321 101 393 737 317 367 542 342 544 92 345 336 463 698 336 0 451 442 123 216 65 438 771 308 222 450 687 540 594 401 307 344 692 369 181 701 685 692 361 693 606 257 508 160 446 437 282 359 282 319 452
114 639 278 181 673 109 69 356 463 626 123 193 371 773 260 226 285 380 658 351 208 727 202 631 184 622 190 254 444 119 170 209 758 344 420 244 761 261 478 125 442 127 498 208 437 86 722 359 451 0 173 392 392 453 166 795 332 341 115 711 123 618 253 244 445 716 134 299 725 709 716 461 717 630 414 131 441 110 60 306 459 306 269 476
254 778 418 88 813 248 159 495 336 765 263 332 511 913 400 366 425 520 798 491 348 866 342 770 56 761 63 394 316 258 309 348 897 484 463 384 901 400 617 160 314 162 382 347 309 201 861 499 442 173 0 485 265 427 71 934 471 481 254 850 158 757 392 383 317 856 274 439 865 848 856 333 856 770 553 270 317 249 185 387 331 445 409 616
391 556 295 527 591 386 410 141 406 543 400 376 156 691 260 194 302 74 576 269 212 645 218 548 463 539 457 240 387 437 353 298 675 262 114 334 679 258 308 483 385 486 135 287 380 404 639 277 123 392 485 0 259 109 482 712 250 163 392 629 482 536 342 248 387 634 310 122 643 626 634 404 634 548 199 449 203 387 378 232 402 223 260 394
444 750 420 307 784 438 378 334 186 736 453 428 349 884 263 246 427 304 769 462 264 838 270 741 243 732 237 396 167 477 405 351 868 455 237 386 872 260 501 379 165 382 156 350 160 420 832 470 216 392 265 259 0 202 262 905 443 356 444 822 378 729 395 385 168 827 362 277 836 820 827 184 827 741 392 490 92 439 404 161 182 417 262 587
452 617 355 470 651 446 471 201 349 604 461 436 216 751 321 254 362 135 636 329 272 705 278 608 405 600 399 300 329 497 413 359 736 322 87 394 739 318 368 542 327 544 77 347 322 465 699 337 65 453 427 109 202 0 424 772 310 223 452 689 540 596 403 308 330 694 370 183 703 687 694 346 695 608 259 509 145 447 439 268 344 284 320 454
246 771 410 81 805 241 151 488 332 758 255 325 503 905 392 358 417 512 790 483 340 859 334 763 53 754 59 386 313 251 302 341 890 476 460 376 893 393 610 152 311 155 379 340 306 194 854 491 438 166 71 482 262 424 0 926 464 473 247 843 151 750 385 376 314 848 266 431 857 841 848 330 849 762 546 263 314 242 177 384 328 438 401 608
794 321 629 942 184 788 812 611 1052 205 803 778 595 190 752 718 636 700 169 482 700 91 694 313 945 220 951 574 1033 839 755 659 64 485 740 694 127 753 447 885 1031 888 817 621 1026 807 96 474 771 795 934 712 905 772 926 0 504 593 794 115 884 217 703 582 1034 227 712 657 142 127 110 1050 134 190 551 851 885 789 781 767 1048 534 761 370
331 349 166 480 383 326 350 213 590 336 340 315 228 483 290 255 173 237 368 61 238 437 232 340 482 332 488 112 570 377 292 196 468 54 277 232 471 290 187 423 568 425 355 158 563 344 431 69 308 332 471 250 443 310 464 504 0 130 331 421 421 328 240 120 571 426 250 195 435 419 426 588 427 340 271 389 423 327 318 304 585 72 298 186
340 437 175 489 472 335 359 126 503 424 349 324 142 572 246 180 182 151 457 150 198 525 204 429 491 420 497 121 484 386 302 205 556 143 191 241 559 244 276 432 482 434 268 167 477 353 520 158 222 341 481 163 356 223 473 593 130 0 340 509 430 416 249 129 485 515 259 108 524 507 514 501 515 428 185 398 336 336 327 218 499 104 246 274
37 638 278 262 673 40 133 355 544 625 42 192 371 773 260 226 285 380 658 351 208 726 202 630 265 621 271 254 525 159 169 208 757 344 419 244 760 260 477 206 523 208 497 207 518 127 721 359 450 115 254 392 444 452 247 794 331 340 0 710 204 617 252 243 525 716 134 299 725 708 715 542 716 629 413 171 441 61 101 306 540 305 269 475
710 238 545 859 100 705 729 527 969 122 719 694 512 107 669 634 552 616 86 399 617 60 611 230 861 137 867 491 949 756 671 575 78 402 656 611 95 669 363 802 947 804 734 537 942 723 55 390 687 711 850 629 822 689 843 115 421 509 710 0 800 133 619 499 950 143 629 574 59 43 50 967 50 106 468 768 802 706 697 683 964 451 677 287
204 728 368 167 763 198 109 445 448 715 213 282 461 863 350 316 375 469 748 441 298 816 292 720 169 711 175 344 429 208 259 298 847 434 509 334 850 350 567 56 427 58 495 297 422 151 811 449 540 123 158 482 378 540 151 884 421 430 204 800 0 707 342 333 430 806 224 389 814 798 805 446 806 719 503 220 430 199 135 396 444 395 359 565
617 145 452 766 96 612 636 434 876 48 626 601 419 195 576 541 459 523 81 306 524 149 518 137 768 24 774 398 856 663 578 482 180 309 563 518 183 576 270 709 854 711 641 444 849 630 144 297 594 618 757 536 729 596 750 217 328 416 617 133 707 0 526 406 857 138 536 481 147 131 138 874 139 52 375 675 709 613 604 590 871 358 584 194
252 547 187 401 582 246 271 306 542 534 261 236 321 681 211 176 193 330 567 259 159 635 152 539 403 530 409 162 522 297 213 68 666 253 370 32 669 211 386 344 520 346 448 116 515 265 630 268 401 253 392 342 395 403 385 703 240 249 252 619 342 526 0 152 523 624 171 249 633 617 624 539 625 538 364 310 391 247 239 256 537 214 219 384
243 426 78 391 461 237 262 211 532 413 252 227 227 561 201 167 85 236 446 139 149 515 143 418 394 409 400 42 513 288 204 108 545 132 276 143 549 202 265 334 511 337 353 70 506 256 509 147 307 244 383 248 385 308 376 582 120 129 243 499 333 406 152 0 514 504 161 193 513 496 504 530 504 418 269 300 382 238 230 247 528 93 210 264
525 878 549 359 912 520 430 462 103 865 534 556 478 1012 391 375 555 432 898 590 392 966 398 870 295 861 289 524 36 530 533 479 997 583 366 515 1000 389 630 431 46 434 285 478 29 472 961 599 344 445 317 387 168 330 314 1034 571 485 525 950 430 857 523 514 0 955 491 406 964 948 955 101 956 869 520 542 220 521 456 290 99 545 391 715
715 243 551 864 73 710 734 532 974 127 724 700 517 206 674 640 558 622 74 404 622 159 616 235 866 142 873 496 955 761 677 580 190 407 662 616 193 674 368 807 953 809 739 543 947 728 154 396 692 716 856 634 827 694 848 227 426 515 716 143 806 138 624 504 955 0 634 579 158 141 148 972 149 111 473 773 807 711 702 689 970 456 683 292
133 557 196 282 591 128 152 274 509 543 143 118 289 691 178 144 203 298 576 269 126 645 120 548 285 539 291 172 490 179 95 127 675 262 338 162 679 179 395 225 488 228 415 126 483 147 639 277 369 134 274 310 362 370 266 712 250 259 134 629 224 536 171 161 491 634 0 217 643 627 634 507 635 548 332 191 359 129 121 224 505 224 187 394
298 502 240 447 536 293 317 86 424 489 307 283 101 636 168 101 247 110 521 214 119 590 125 493 450 485 456 185 405 344 260 205 621 207 150 241 624 165 253 390 403 393 228 205 398 311 585 222 181 299 439 122 277 183 431 657 195 108 299 574 389 481 249 193 406 579 217 0 588 572 579 422 580 493 144 356 274 294 286 139 420 169 167 339
724 252 560 873 115 719 743 541 983 136 733 709 526 75 683 649 567 631 100 413 631 75 625 244 875 151 882 505 964 770 686 589 105 416 671 625 109 683 377 816 962 818 748 552 956 737 69 405 701 725 865 643 836 703 857 142 435 524 725 59 814 147 633 513 964 158 643 588 0 58 64 981 47 120 482 782 816 720 711 698 979 465 692 301
708 236 543 857 98 703 727 525 967 120 717 692 510 106 667 632 550 614 83 397 615 59 609 228 859 135 865 489 947 754 669 573 90 400 654 609 94 667 361 800 945 802 732 535 940 721 54 388 685 709 848 626 820 687 841 127 419 507 708 43 798 131 617 496 948 141 627 572 58 0 48 964 49 104 466 766 800 703 695 681 962 448 675 285
715 243 550 864 106 710 734 532 974 127 724 699 517 112 674 640 557 621 91 404 622 63 616 235 866 142 873 496 954 761 677 580 73 407 661 616 99 674 368 807 952 809 739 542 947 728 60 396 692 716 856 634 827 694 848 110 426 514 715 50 805 138 624 504 955 148 634 579 64 48 0 972 55 111 473 773 807 711 702 688 969 456 683 292
542 894 565 376 929 536 447 479 36 881 551 573 494 1029 408 391 572 449 914 607 409 983 415 886 311 877 305 541 100 546 550 495 1013 600 382 531 1017 405 646 448 98 450 301 495 93 489 977 615 361 461 333 404 184 346 330 1050 588 501 542 967 446 874 539 530 101 972 507 422 981 964 972 0 972 886 537 558 237 537 473 306 31 562 407 732
716 244 551 864 106 710 735 533 974 127 725 700 518 79 674 640 558 622 91 405 622 66 616 235 867 143 873 497 955 761 677 581 97 408 662 617 100 675 369 808 953 810 740 543 948 729 61 396 693 717 856 634 827 695 849 134 427 515 716 50 806 139 625 504 956 149 635 580 47 49 55 972 0 112 473 774 808 711 703 689 970 456 683 292
629 157 465 778 69 624 648 446 888 55 638 613 431 168 588 554 471 536 54 318 536 122 530 149 780 56 787 410 869 675 591 494 153 321 575 530 156 588 282 721 867 723 653 457 861 642 117 310 606 630 770 548 741 608 762 190 340 428 629 106 719 52 538 418 869 111 548 493 120 104 111 886 112 0 387 687 721 625 616 603 884 370 597 206
413 395 316 562 430 408 432 93 539 382 422 397 78 530 282 216 323 187 415 270 233 484 239 387 564 378 570 262 520 459 374 320 514 273 226 356 518 280 143 505 518 507 304 308 512 426 478 262 257 414 553 199 392 259 546 551 271 185 413 468 503 375 364 269 520 473 332 144 482 466 473 537 473 387 0 471 372 409 400 254 535 245 282 233
171 696 335 279 730 166 149 413 560 682 180 250 428 830 317 283 342 437 715 408 265 784 259 687 281 678 287 311 541 67 227 266 814 401 477 301 818 318 534 222 539 224 554 265 534 143 778 416 508 131 270 449 490 509 263 851 389 398 171 768 220 675 310 300 542 773 191 356 782 766 773 558 774 687 471 0 498 167 117 363 556 363 326 533
440 730 417 360 764 435 431 314 239 716 449 425 329 864 259 243 424 248 749 442 261 818 267 721 295 712 289 393 219 486 402 347 848 435 181 383 852 257 480 432 217 434 153 346 212 453 812 450 160 441 317 203 92 145 314 885 423 336 441 802 430 709 391 382 220 807 359 274 816 800 807 237 808 721 372 498 0 436 427 158 235 397 259 567
65 633 273 258 668 67 128 350 539 620 70 187 366 768 255 221 280 375 653 346 203 722 197 625 260 616 266 249 520 155 165 203 752 339 415 239 756 255 472 201 518 203 492 202 513 122 716 354 446 110 249 387 439 447 242 789 327 336 61 706 199 613 247 238 521 711 129 294 720 703 711 537 711 625 409 167 436 0 96 301 535 300 264 471
100 625 265 193 660 95 78 342 475 612 110 179 357 759 247 212 271 366 645 337 195 713 189 617 196 608 202 240 456 105 156 195 744 330 406 231 747 247 464 136 454 139 484 194 448 72 708 346 437 60 185 378 404 439 177 781 318 327 101 697 135 604 239 230 456 702 121 286 711 695 702 473 703 616 400 117 427 96 0 292 471 292 255 462
305 611 282 429 646 300 324 195 308 598 314 290 211 746 124 108 289 220 631 324 126 699 132 603 365 594 359 258 289 351 267 212 730 317 260 248 734 122 363 397 287 400 223 211 282 318 694 332 282 306 387 232 161 268 384 767 304 218 306 683 396 590 256 247 290 689 224 139 698 681 688 306 689 603 254 363 158 301 292 0 304 278 124 448
539 892 563 374 927 534 444 476 34 879 549 571 492 1027 405 389 570 447 912 605 407 980 413 884 309 875 303 539 98 544 548 493 1011 598 380 529 1015 403 644 446 96 448 299 492 91 487 975 613 359 459 331 402 182 344 328 1048 585 499 540 964 444 871 537 528 99 970 505 420 979 962 969 31 970 884 535 556 235 535 471 304 0 559 405 729
305 378 140 454 413 300 324 187 564 365 314 289 202 513 264 229 147 211 398 91 212 467 206 370 456 361 462 86 544 351 266 170 497 84 251 206 501 264 217 397 542 399 329 132 537 318 461 99 282 306 445 223 417 284 438 534 72 104 305 451 395 358 214 93 545 456 224 169 465 448 456 562 456 370 245 363 397 300 292 278 559 0 272 216
268 605 245 417 640 263 287 223 409 592 277 253 239 740 45 105 252 248 625 318 89 693 95 597 419 588 426 221 390 314 230 175 724 311 288 211 728 42 391 360 388 363 323 174 383 281 688 326 319 269 409 260 262 320 401 761 298 246 269 677 359 584 219 210 391 683 187 167 692 675 683 407 683 597 282 326 259 264 255 124 405 272 0 443
475 215 310 624 249 470 494 292 734 201 484 459 277 349 434 400 317 381 234 164 382 303 376 206 626 197 632 256 714 521 437 340 333 167 421 376 337 434 128 567 712 569 499 302 707 488 297 156 452 476 616 394 587 454 608 370 186 274 475 287 565 194 384 264 715 292 394 339 301 285 292 732 292 206 233 533 567 471 462 448 729 216 443 0
EOF