NAME : tsp_problem
TYPE : TSP
DIMENSION : 66
EDGE_WEIGHT_TYPE : EXPLICIT
EDGE_WEIGHT_FORMAT : FULL_MATRIX
EDGE_WEIGHT_SECTION
0 886 349 427 960 62 501 450 271 506 932 915 789 278 885 531 465 505 443 489 297 546 867 857 200 940 492 875 581 200 927 413 254 503 442 391 507 274 556 216 273 275 270 403 276 423 296 862 174 820 480 187 418 154 183 288 931 328 374 256 496 681 617 913 329 307
886 0 774 497 97 859 625 574 929 532 123 105 122 936 76 655 467 550 679 650 655 516 151 61 838 396 635 61 470 838 117 629 973 418 608 656 412 932 525 737 767 769 723 668 729 647 623 146 812 276 642 825 705 921 951 790 122 1128 597 838 626 249 439 103 753 782
349 774 0 360 848 354 488 438 223 299 821 803 678 230 774 518 353 261 127 173 410 302 755 745 492 828 175 764 337 492 815 269 546 392 271 277 396 227 311 492 522 524 477 300 484 443 377 751 466 709 163 479 102 446 471 108 820 518 394 132 180 570 373 801 149 127
427 497 360 0 570 400 165 115 501 117 543 525 400 508 496 196 75 184 264 379 196 225 478 467 379 550 220 486 260 379 537 215 514 114 194 197 118 504 234 278 308 310 264 209 270 187 163 473 353 431 228 366 290 462 491 362 542 669 138 409 211 292 296 523 325 353
960 97 848 570 0 933 699 648 1003 605 196 179 196 1010 150 729 540 624 752 724 729 590 225 135 912 469 709 114 544 912 191 703 1047 492 682 729 486 1006 599 811 841 843 797 742 803 720 696 220 886 350 716 899 779 995 1024 864 196 1202 671 911 700 323 513 177 827 855
62 859 354 400 933 0 474 423 277 479 905 888 762 284 858 504 438 478 449 495 270 519 840 830 173 913 497 848 554 173 900 386 227 476 415 364 480 280 529 189 246 248 243 376 249 396 269 835 147 793 485 160 424 127 156 294 904 334 347 262 502 654 590 886 334 312
501 625 488 165 699 474 0 99 575 245 671 654 528 582 624 78 204 312 392 508 270 353 606 595 453 679 349 614 388 453 666 293 588 242 322 271 246 578 363 352 382 384 338 283 344 262 238 601 427 559 356 440 418 536 565 436 670 743 212 484 339 420 424 652 399 428
450 574 438 115 648 423 99 0 525 195 621 603 478 532 574 129 153 261 342 457 220 303 555 545 403 628 298 564 337 403 615 243 538 192 271 221 196 528 312 302 332 334 287 233 293 211 187 551 377 509 306 389 368 486 515 386 620 693 162 433 289 370 373 601 349 377
271 929 223 501 1003 277 575 525 0 454 976 958 832 44 929 605 508 415 318 364 464 457 910 900 415 983 366 918 491 415 970 324 469 547 352 332 550 40 466 431 488 490 485 354 491 498 432 905 389 863 354 402 293 369 394 163 975 441 448 131 371 725 527 956 203 181
506 532 299 117 605 479 245 195 454 0 578 560 435 461 531 275 111 123 203 319 276 164 513 502 459 585 160 521 199 458 572 154 594 149 133 180 153 457 174 358 388 390 343 238 349 267 243 508 433 466 167 445 230 541 571 315 577 749 217 363 151 327 235 558 278 307
932 123 821 543 196 905 671 621 976 578 0 60 168 982 87 701 513 596 725 697 702 562 197 108 884 442 681 112 517 884 50 676 1020 464 655 702 459 979 572 784 814 816 769 715 775 693 669 193 859 322 689 871 751 967 997 837 36 1175 643 884 672 295 486 68 800 828
915 105 803 525 179 888 654 603 958 560 60 0 151 965 69 684 495 579 707 679 684 545 180 90 867 425 664 94 499 867 73 658 1002 447 637 684 441 961 554 766 796 798 752 697 758 676 652 175 841 305 671 854 734 950 979 819 59 1157 626 867 655 278 468 61 782 811
789 122 678 400 196 762 528 478 832 435 168 151 0 839 122 558 370 453 582 554 558 419 103 93 741 299 538 111 374 741 163 532 876 321 512 559 316 835 429 640 670 672 626 571 632 550 526 98 715 179 545 728 608 824 854 694 168 1032 500 741 529 152 342 149 656 685
278 936 230 508 1010 284 582 532 44 461 982 965 839 0 936 612 515 422 325 370 471 464 917 907 421 990 373 925 498 421 977 331 476 553 359 339 557 36 473 438 495 497 492 361 498 505 439 912 396 870 361 408 300 376 400 170 982 447 455 137 377 732 534 963 210 188
885 76 774 496 150 858 624 574 929 531 87 69 122 936 0 655 466 549 678 650 655 515 151 61 838 395 635 65 470 838 81 629 973 417 608 655 412 932 525 737 767 769 722 668 729 646 622 146 812 276 642 825 704 921 950 790 86 1128 597 837 625 249 439 67 753 781
531 655 518 196 729 504 78 129 605 275 701 684 558 612 655 0 234 342 422 538 300 383 636 626 483 709 379 644 418 483 696 324 618 272 352 302 276 608 393 382 412 414 368 313 374 292 268 631 457 589 386 470 449 566 596 467 701 773 242 514 370 451 454 682 429 458
465 467 353 75 540 438 204 153 508 111 513 495 370 515 466 234 0 177 258 373 234 218 448 437 417 520 214 456 253 417 507 208 552 84 187 234 88 511 228 316 346 348 302 247 308 226 202 443 391 401 221 404 284 500 530 369 512 707 176 417 205 262 277 493 332 361
505 550 261 184 624 478 312 261 415 123 596 579 453 422 549 342 177 0 165 280 274 73 531 521 457 604 121 539 108 457 591 116 592 216 95 142 219 418 83 356 386 388 342 199 348 308 242 526 431 484 129 444 191 540 570 277 595 710 258 324 112 346 144 577 240 268
443 679 127 264 752 449 392 342 318 203 725 707 582 325 678 422 258 165 0 147 355 206 660 649 538 732 111 668 241 538 719 196 641 296 175 222 300 321 216 437 467 469 422 280 428 388 322 655 512 613 118 524 76 541 566 203 724 613 338 227 102 474 277 705 243 221
489 650 173 379 724 495 508 457 364 319 697 679 554 370 650 538 373 280 147 0 470 322 632 621 632 704 195 640 295 632 691 311 686 412 291 338 415 367 331 552 582 584 538 395 544 504 438 627 607 585 183 619 122 587 611 248 696 658 454 272 199 446 264 677 289 267
297 655 410 196 729 270 270 220 464 276 702 684 558 471 655 300 234 274 355 470 0 316 636 626 249 709 311 644 350 249 696 183 384 273 211 161 276 467 325 148 178 180 134 172 140 193 66 632 223 589 318 236 381 332 361 326 701 539 143 373 302 451 386 682 288 317
546 516 302 225 590 519 353 303 457 164 562 545 419 464 515 383 218 73 206 322 316 0 497 487 498 570 163 505 74 498 557 157 634 257 136 183 261 460 49 398 428 430 383 240 389 349 283 492 473 450 170 485 232 581 611 318 561 751 299 365 153 311 110 543 281 309
867 151 755 478 225 840 606 555 910 513 197 180 103 917 151 636 448 531 660 632 636 497 0 122 819 377 616 140 451 819 192 610 954 399 589 637 393 913 506 718 748 750 704 649 710 628 604 62 793 257 623 806 686 902 932 771 197 1109 578 819 607 230 420 178 734 763
857 61 745 467 135 830 595 545 900 502 108 90 93 907 61 626 437 521 649 621 626 487 122 0 809 366 606 50 441 809 102 600 944 389 579 626 383 903 496 708 738 740 694 639 700 617 593 117 783 247 613 796 675 892 921 761 107 1099 568 808 596 220 410 88 724 752
200 838 492 379 912 173 453 403 415 459 884 867 741 421 838 483 417 457 538 632 249 498 819 809 0 892 494 827 533 69 879 365 287 456 394 343 459 418 508 169 226 228 222 355 229 376 249 814 126 772 501 56 562 235 264 432 884 442 326 399 485 634 569 865 471 450
940 396 828 550 469 913 679 628 983 585 442 425 299 990 395 709 520 604 732 704 709 570 377 366 892 0 689 385 524 892 437 683 1027 472 662 709 466 986 579 791 821 823 777 722 783 701 677 372 866 170 696 879 759 975 1004 844 441 1182 651 891 680 303 493 422 807 835
492 635 175 220 709 497 349 298 366 160 681 664 538 373 635 379 214 121 111 195 311 163 616 606 494 689 0 624 197 494 676 152 629 252 131 179 256 369 172 393 423 425 379 236 385 345 279 611 468 569 75 481 124 577 607 251 681 661 295 275 58 431 233 662 276 269
875 61 764 486 114 848 614 564 918 521 112 94 111 925 65 644 456 539 668 640 644 505 140 50 827 385 624 0 460 827 106 618 962 407 597 645 402 921 515 726 756 758 712 657 718 636 612 135 801 265 631 814 694 910 940 780 111 1118 586 827 615 238 428 92 742 771
581 470 337 260 544 554 388 337 491 199 517 499 374 498 470 418 253 108 241 295 350 74 451 441 533 524 197 460 0 533 511 192 668 260 171 218 255 495 83 432 462 464 418 275 424 384 318 447 507 405 205 520 267 616 646 353 516 786 334 400 188 266 84 497 316 344
200 838 492 379 912 173 453 403 415 458 884 867 741 421 838 483 417 457 538 632 249 498 819 809 69 892 494 827 533 0 879 365 287 455 394 343 459 418 508 169 226 228 222 355 229 376 249 814 126 772 501 53 562 235 264 431 884 442 326 399 485 634 569 865 471 450
927 117 815 537 191 900 666 615 970 572 50 73 163 977 81 696 507 591 719 691 696 557 192 102 879 437 676 106 511 879 0 670 1014 459 649 696 453 973 566 778 808 810 764 709 770 688 664 187 853 317 683 866 746 962 991 831 50 1169 638 878 667 290 480 73 794 822
413 629 269 215 703 386 293 243 324 154 676 658 532 331 629 324 208 116 196 311 183 157 610 600 365 683 152 618 192 365 670 0 501 247 70 50 250 327 166 265 295 297 250 107 256 216 150 606 340 563 160 352 222 448 478 185 675 618 166 232 143 425 228 656 148 176
254 973 546 514 1047 227 588 538 469 594 1020 1002 876 476 973 618 552 592 641 686 384 634 954 944 287 1027 629 962 668 287 1014 501 0 591 529 479 594 472 643 304 361 363 358 490 364 511 384 950 261 907 636 274 616 289 318 486 1019 210 461 454 620 769 704 1000 526 504
503 418 392 114 492 476 242 192 547 149 464 447 321 553 417 272 84 216 296 412 273 257 399 389 456 472 252 407 260 455 459 247 591 0 226 273 62 550 266 355 385 387 340 286 346 264 240 394 430 352 260 442 322 538 568 408 463 746 214 455 243 213 229 445 371 399
442 608 271 194 682 415 322 271 352 133 655 637 512 359 608 352 187 95 175 291 211 136 589 579 394 662 131 597 171 394 649 70 529 226 0 79 230 355 145 293 323 325 279 136 285 245 179 585 368 543 139 381 201 477 506 213 654 647 195 261 122 404 207 635 176 205
391 656 277 197 729 364 271 221 332 180 702 684 559 339 655 302 234 142 222 338 161 183 637 626 343 709 179 645 218 343 696 50 479 273 79 0 277 335 193 243 273 275 228 85 234 194 128 632 318 590 186 330 248 426 456 193 701 627 144 240 169 451 254 682 156 184
507 412 396 118 486 480 246 196 550 153 459 441 316 557 412 276 88 219 300 415 276 261 393 383 459 466 256 402 255 459 453 250 594 62 230 277 0 553 270 359 388 390 344 290 350 268 244 389 433 347 264 446 326 542 572 412 458 750 218 459 247 208 223 439 375 403
274 932 227 504 1006 280 578 528 40 457 979 961 835 36 932 608 511 418 321 367 467 460 913 903 418 986 369 921 495 418 973 327 472 550 355 335 553 0 469 434 491 493 488 357 494 501 435 909 392 866 357 405 296 372 397 166 978 444 451 134 374 728 531 959 206 184
556 525 311 234 599 529 363 312 466 174 572 554 429 473 525 393 228 83 216 331 325 49 506 496 508 579 172 515 83 508 566 166 643 266 145 193 270 469 0 407 437 439 393 250 399 359 293 502 482 460 179 495 242 591 620 327 571 761 309 375 163 321 119 552 290 319
216 737 492 278 811 189 352 302 431 358 784 766 640 438 737 382 316 356 437 552 148 398 718 708 169 791 393 726 432 169 778 265 304 355 293 243 359 434 407 0 125 127 122 254 128 275 148 714 143 672 401 155 463 252 281 408 783 459 225 416 384 533 468 764 371 399
273 767 522 308 841 246 382 332 488 388 814 796 670 495 767 412 346 386 467 582 178 428 748 738 226 821 423 756 462 226 808 295 361 385 323 273 388 491 437 125 0 22 152 284 158 305 178 744 200 701 430 212 493 309 338 438 813 516 255 473 414 563 498 794 400 429
275 769 524 310 843 248 384 334 490 390 816 798 672 497 769 414 348 388 469 584 180 430 750 740 228 823 425 758 464 228 810 297 363 387 325 275 390 493 439 127 22 0 154 286 160 307 180 745 202 703 432 214 495 311 340 440 815 518 257 475 416 565 500 796 402 431
270 723 477 264 797 243 338 287 485 343 769 752 626 492 722 368 302 342 422 538 134 383 704 694 222 777 379 712 418 222 764 250 358 340 279 228 344 488 393 122 152 154 0 240 48 260 133 699 197 657 386 209 449 305 335 393 768 513 211 441 370 518 454 750 356 384
403 668 300 209 742 376 283 233 354 238 715 697 571 361 668 313 247 199 280 395 172 240 649 639 355 722 236 657 275 355 709 107 490 286 136 85 290 357 250 254 284 286 240 0 246 206 140 645 329 603 243 342 306 438 468 215 714 646 156 263 227 464 311 695 178 207
276 729 484 270 803 249 344 293 491 349 775 758 632 498 729 374 308 348 428 544 140 389 710 700 229 783 385 718 424 229 770 256 364 346 285 234 350 494 399 128 158 160 48 246 0 267 140 705 203 663 392 215 455 312 341 399 775 519 217 447 376 525 460 756 362 391
423 647 443 187 720 396 262 211 498 267 693 676 550 505 646 292 226 308 388 504 193 349 628 617 376 701 345 636 384 376 688 216 511 264 245 194 268 501 359 275 305 307 260 206 267 0 160 623 350 581 352 362 414 459 488 359 692 666 74 406 335 442 420 674 322 350
296 623 377 163 696 269 238 187 432 243 669 652 526 439 622 268 202 242 322 438 66 283 604 593 249 677 279 612 318 249 664 150 384 240 179 128 244 435 293 148 178 180 133 140 140 160 0 599 223 557 286 236 348 332 361 293 668 539 111 340 269 418 354 649 256 284
862 146 751 473 220 835 601 551 905 508 193 175 98 912 146 631 443 526 655 627 632 492 62 117 814 372 611 135 447 814 187 606 950 394 585 632 389 909 502 714 744 745 699 645 705 623 599 0 788 252 619 801 681 897 927 767 192 1105 573 814 602 225 416 173 730 758
174 812 466 353 886 147 427 377 389 433 859 841 715 396 812 457 391 431 512 607 223 473 793 783 126 866 468 801 507 126 853 340 261 430 368 318 433 392 482 143 200 202 197 329 203 350 223 788 0 746 475 113 536 209 239 406 858 416 300 374 459 608 543 839 445 424
820 276 709 431 350 793 559 509 863 466 322 305 179 870 276 589 401 484 613 585 589 450 257 247 772 170 569 265 405 772 317 563 907 352 543 590 347 866 460 672 701 703 657 603 663 581 557 252 746 0 577 759 639 855 885 725 322 1063 531 772 560 183 373 303 688 716
480 642 163 228 716 485 356 306 354 167 689 671 545 361 642 386 221 129 118 183 318 170 623 613 501 696 75 631 205 501 683 160 636 260 139 186 264 357 179 401 430 432 386 243 392 352 286 619 475 577 0 488 112 577 602 239 688 649 302 263 66 438 241 669 280 257
187 825 479 366 899 160 440 389 402 445 871 854 728 408 825 470 404 444 524 619 236 485 806 796 56 879 481 814 520 53 866 352 274 442 381 330 446 405 495 155 212 214 209 342 215 362 236 801 113 759 488 0 549 222 251 418 870 429 313 386 472 621 556 852 458 437
418 705 102 290 779 424 418 368 293 230 751 734 608 300 704 449 284 191 76 122 381 232 686 675 562 759 124 694 267 562 746 222 616 322 201 248 326 296 242 463 493 495 449 306 455 414 348 681 536 639 112 549 0 516 541 178 750 588 365 202 128 500 303 732 218 196
154 921 446 462 995 127 536 486 369 541 967 950 824 376 921 566 500 540 541 587 332 581 902 892 235 975 577 910 616 235 962 448 289 538 477 426 542 372 591 252 309 311 305 438 312 459 332 897 209 855 577 222 516 0 61 386 967 239 409 354 568 717 652 948 426 404
183 951 471 491 1024 156 565 515 394 571 997 979 854 400 950 596 530 570 566 611 361 611 932 921 264 1004 607 940 646 264 991 478 318 568 506 456 572 397 620 281 338 340 335 468 341 488 361 927 239 885 602 251 541 61 0 410 996 225 438 378 597 746 682 977 451 429
288 790 108 362 864 294 436 386 163 315 837 819 694 170 790 467 369 277 203 248 326 318 771 761 432 844 251 780 353 431 831 185 486 408 213 193 412 166 327 408 438 440 393 215 399 359 293 767 406 725 239 418 178 386 410 0 836 457 309 71 255 586 389 817 88 66
931 122 820 542 196 904 670 620 975 577 36 59 168 982 86 701 512 595 724 696 701 561 197 107 884 441 681 111 516 884 50 675 1019 463 654 701 458 978 571 783 813 815 768 714 775 692 668 192 858 322 688 870 750 967 996 836 0 1174 643 883 671 295 485 67 799 827
328 1128 518 669 1202 334 743 693 441 749 1175 1157 1032 447 1128 773 707 710 613 658 539 751 1109 1099 442 1182 661 1118 786 442 1169 618 210 746 647 627 750 444 761 459 516 518 513 646 519 666 539 1105 416 1063 649 429 588 239 225 457 1174 0 616 425 665 924 822 1155 498 476
374 597 394 138 671 347 212 162 448 217 643 626 500 455 597 242 176 258 338 454 143 299 578 568 326 651 295 586 334 326 638 166 461 214 195 144 218 451 309 225 255 257 211 156 217 74 111 573 300 531 302 313 365 409 438 309 643 616 0 357 286 393 370 624 272 301
256 838 132 409 911 262 484 433 131 363 884 867 741 137 837 514 417 324 227 272 373 365 819 808 399 891 275 827 400 399 878 232 454 455 261 240 459 134 375 416 473 475 441 263 447 406 340 814 374 772 263 386 202 354 378 71 883 425 357 0 279 633 436 864 112 90
496 626 180 211 700 502 339 289 371 151 672 655 529 377 625 370 205 112 102 199 302 153 607 596 485 680 58 615 188 485 667 143 620 243 122 169 247 374 163 384 414 416 370 227 376 335 269 602 459 560 66 472 128 568 597 255 671 665 286 279 0 421 224 653 267 274
681 249 570 292 323 654 420 370 725 327 295 278 152 732 249 451 262 346 474 446 451 311 230 220 634 303 431 238 266 634 290 425 769 213 404 451 208 728 321 533 563 565 518 464 525 442 418 225 608 183 438 621 500 717 746 586 295 924 393 633 421 0 235 276 549 577
617 439 373 296 513 590 424 373 527 235 486 468 342 534 439 454 277 144 277 264 386 110 420 410 569 493 233 428 84 569 480 228 704 229 207 254 223 531 119 468 498 500 454 311 460 420 354 416 543 373 241 556 303 652 682 389 485 822 370 436 224 235 0 466 352 380
913 103 801 523 177 886 652 601 956 558 68 61 149 963 67 682 493 577 705 677 682 543 178 88 865 422 662 92 497 865 73 656 1000 445 635 682 439 959 552 764 794 796 750 695 756 674 649 173 839 303 669 852 732 948 977 817 67 1155 624 864 653 276 466 0 780 808
329 753 149 325 827 334 399 349 203 278 800 782 656 210 753 429 332 240 243 289 288 281 734 724 471 807 276 742 316 471 794 148 526 371 176 156 375 206 290 371 400 402 356 178 362 322 256 730 445 688 280 458 218 426 451 88 799 498 272 112 267 549 352 780 0 96
307 782 127 353 855 312 428 377 181 307 828 811 685 188 781 458 361 268 221 267 317 309 763 752 450 835 269 771 344 450 822 176 504 399 205 184 403 184 319 399 429 431 384 207 391 350 284 758 424 716 257 437 196 404 429 66 827 476 301 90 274 577 380 808 96 0
EOF