NAME : tsp_problem
TYPE : TSP
DIMENSION : 50
EDGE_WEIGHT_TYPE : EXPLICIT
EDGE_WEIGHT_FORMAT : FULL_MATRIX
EDGE_WEIGHT_SECTION
0 633 106 416 777 156 275 341 236 434 329 379 440 126 205 241 81 259 264 319 741 360 310 302 653 195 466 489 354 376 663 106 438 527 772 73 194 308 337 287 445 240 261 874 698 657 464 405 491 406
633 0 630 846 306 757 471 332 531 863 808 545 870 728 501 536 606 860 601 515 146 445 911 376 97 625 613 303 445 429 107 631 728 402 178 651 624 504 533 599 875 424 556 403 103 62 894 834 306 393
106 630 0 490 774 229 272 338 233 507 402 376 514 200 202 238 68 333 261 316 738 357 383 300 650 192 463 486 351 373 660 67 435 524 770 123 191 305 334 284 519 237 258 871 695 654 538 478 488 403
416 846 490 0 990 431 519 554 479 57 122 373 64 401 449 484 466 400 354 563 953 440 504 515 865 531 298 590 433 456 875 491 190 542 985 403 531 551 580 322 69 484 504 1087 911 869 88 28 617 486
777 306 774 990 0 901 615 476 675 1007 952 689 1014 872 645 680 750 1004 745 659 413 589 1055 520 325 769 757 447 589 573 335 775 872 546 445 795 768 648 677 743 1019 568 700 238 370 329 1038 978 450 537
156 757 229 431 901 0 399 465 359 448 343 503 455 93 329 364 205 273 387 443 864 484 324 426 777 318 569 612 477 500 787 230 461 651 896 142 317 431 460 410 459 364 384 998 822 780 479 419 615 530
275 471 272 519 615 399 0 179 173 536 481 285 543 369 142 178 248 502 243 83 578 266 553 140 491 267 372 326 260 282 501 273 417 425 610 292 266 72 101 266 547 78 198 712 536 495 567 507 329 312
341 332 338 554 476 465 179 0 239 571 516 253 578 435 209 244 314 568 309 223 439 233 619 84 351 333 340 187 227 249 361 339 435 286 471 358 332 212 241 307 583 132 264 573 396 355 602 542 189 277
236 531 233 479 675 359 173 239 0 497 442 319 503 330 55 31 208 463 203 217 638 300 513 200 551 228 406 386 293 316 561 234 378 467 670 253 227 206 234 226 508 138 48 772 596 554 527 468 389 346
434 863 507 57 1007 448 536 571 497 0 140 391 19 419 466 502 483 418 372 580 971 457 521 533 883 549 316 608 451 473 893 508 208 560 1003 420 548 569 598 340 24 501 522 1105 928 887 90 46 634 504
329 808 402 122 952 343 481 516 442 140 0 336 146 314 412 447 378 313 317 525 916 402 416 478 828 491 261 553 396 418 838 403 153 505 948 315 491 514 543 285 151 446 467 1050 873 832 170 111 579 449
379 545 376 373 689 503 285 253 319 391 336 0 397 474 289 324 352 607 244 329 652 139 657 214 565 371 123 289 132 155 574 377 218 306 684 397 371 318 347 212 402 238 344 786 610 568 421 362 316 185
440 870 514 64 1014 455 543 578 503 19 146 397 0 425 473 509 490 425 378 587 977 464 528 539 890 556 322 615 458 480 900 515 214 567 1009 427 555 576 605 347 30 508 528 1111 935 893 96 53 641 510
126 728 200 401 872 93 369 435 330 419 314 474 425 0 300 335 176 244 358 413 835 454 295 397 747 289 540 583 448 470 757 201 432 621 867 113 288 402 431 381 430 334 355 969 792 751 449 390 585 501
205 501 202 449 645 329 142 209 55 466 412 289 473 300 0 60 178 432 173 187 608 269 483 170 521 197 376 356 263 285 530 203 347 436 640 223 196 175 204 196 478 108 80 742 566 524 497 438 359 316
241 536 238 484 680 364 178 244 31 502 447 324 509 335 60 0 214 468 209 222 644 305 519 205 556 233 411 392 299 321 566 239 383 472 675 258 232 211 240 232 513 143 32 777 601 560 532 473 394 351
81 606 68 466 750 205 248 314 208 483 378 352 490 176 178 214 0 308 237 292 713 333 359 275 626 168 439 461 327 349 636 79 411 500 745 99 167 281 310 260 494 213 234 847 671 630 514 454 464 379
259 860 333 400 1004 273 502 568 463 418 313 607 425 244 432 468 308 0 491 546 968 587 346 530 880 422 539 716 581 603 890 334 431 754 1000 246 421 535 564 514 429 467 488 1101 925 884 448 389 718 633
264 601 261 354 745 387 243 309 203 372 317 244 378 358 173 209 237 491 0 287 708 225 541 270 621 256 331 375 218 241 631 262 253 392 740 281 255 276 305 58 383 208 228 842 666 624 402 343 402 271
319 515 316 563 659 443 83 223 217 580 525 329 587 413 187 222 292 546 287 0 623 310 597 184 535 311 416 370 304 326 545 317 461 469 654 336 310 64 93 310 592 122 242 756 580 539 611 551 373 356
741 146 738 953 413 864 578 439 638 971 916 652 977 835 608 644 713 968 708 623 0 553 1018 484 205 733 720 410 552 537 215 739 835 509 61 758 732 611 640 706 982 532 663 510 74 120 1001 942 413 500
360 445 357 440 589 484 266 233 300 457 402 139 464 454 269 305 333 587 225 310 553 0 638 195 465 352 226 186 78 63 475 358 321 202 585 377 351 299 327 193 469 219 325 687 510 469 488 428 212 81
310 911 383 504 1055 324 553 619 513 521 416 657 528 295 483 519 359 346 541 597 1018 638 0 580 931 472 642 766 631 654 941 384 534 805 1050 296 471 586 614 564 532 518 538 1152 976 934 552 492 769 684
302 376 300 515 520 426 140 84 200 533 478 214 539 397 170 205 275 530 270 184 484 195 580 0 396 295 301 232 188 211 406 300 397 330 515 320 294 173 202 268 544 93 225 617 441 400 563 504 234 241
653 97 650 865 325 777 491 351 551 883 828 565 890 747 521 556 626 880 621 535 205 465 931 396 0 645 632 323 465 449 44 651 747 422 237 670 644 524 553 619 894 444 576 422 162 121 914 854 325 413
195 625 192 531 769 318 267 333 228 549 491 371 556 289 197 233 168 422 256 311 733 352 472 295 645 0 458 481 346 368 655 193 430 519 764 212 26 300 329 279 560 232 253 866 690 649 580 520 483 398
466 613 463 298 757 569 372 340 406 316 261 123 322 540 376 411 439 539 331 416 720 226 642 301 632 458 0 353 219 241 642 464 144 270 752 483 457 405 434 299 327 325 431 854 677 636 346 287 379 272
489 303 486 590 447 612 326 187 386 608 553 289 615 583 356 392 461 716 375 370 410 186 766 232 323 481 353 0 185 170 333 486 470 142 442 506 480 359 388 344 619 280 411 544 368 326 638 579 153 133
354 445 351 433 589 477 260 227 293 451 396 132 458 448 263 299 327 581 218 304 552 78 631 188 465 346 219 185 0 62 475 352 315 202 584 371 345 292 321 187 462 213 318 686 510 468 481 422 212 81
376 429 373 456 573 500 282 249 316 473 418 155 480 470 285 321 349 603 241 326 537 63 654 211 449 368 241 170 62 0 459 374 337 186 569 393 367 315 343 209 485 235 341 671 494 453 504 444 196 65
663 107 660 875 335 787 501 361 561 893 838 574 900 757 530 566 636 890 631 545 215 475 941 406 44 655 642 333 475 459 0 661 757 432 246 680 654 534 563 629 904 454 586 432 172 131 924 864 335 422
106 631 67 491 775 230 273 339 234 508 403 377 515 201 203 239 79 334 262 317 739 358 384 300 651 193 464 486 352 374 661 0 436 525 770 124 192 306 335 285 520 238 259 872 696 655 539 479 489 404
438 728 435 190 872 461 417 435 378 208 153 218 214 432 347 383 411 431 253 461 835 321 534 397 747 430 144 470 315 337 757 436 0 388 867 433 429 450 479 221 219 382 403 969 792 751 238 179 497 368
527 402 524 542 546 651 425 286 467 560 505 306 567 621 436 472 500 754 392 469 509 202 805 330 422 519 270 142 202 186 432 525 388 0 541 544 518 458 487 360 571 378 492 643 467 425 590 531 169 149
772 178 770 985 445 896 610 471 670 1003 948 684 1009 867 640 675 745 1000 740 654 61 585 1050 515 237 764 752 442 584 569 246 770 867 541 0 790 764 643 672 738 1014 563 695 542 106 152 1033 974 445 532
73 651 123 403 795 142 292 358 253 420 315 397 427 113 223 258 99 246 281 336 758 377 296 320 670 212 483 506 371 393 680 124 433 544 790 0 211 325 354 304 432 257 278 892 715 674 451 391 508 424
194 624 191 531 768 317 266 332 227 548 491 371 555 288 196 232 167 421 255 310 732 351 471 294 644 26 457 480 345 367 654 192 429 518 764 211 0 299 328 278 559 231 252 866 689 648 579 519 482 397
308 504 305 551 648 431 72 212 206 569 514 318 576 402 175 211 281 535 276 64 611 299 586 173 524 300 405 359 292 315 534 306 450 458 643 325 299 0 63 299 580 111 231 745 569 527 599 540 362 345
337 533 334 580 677 460 101 241 234 598 543 347 605 431 204 240 310 564 305 93 640 327 614 202 553 329 434 388 321 343 563 335 479 487 672 354 328 63 0 327 609 140 259 774 598 556 628 569 391 374
287 599 284 322 743 410 266 307 226 340 285 212 347 381 196 232 260 514 58 310 706 193 564 268 619 279 299 344 187 209 629 285 221 360 738 304 278 299 327 0 351 231 251 840 664 622 370 311 370 239
445 875 519 69 1019 459 547 583 508 24 151 402 30 430 478 513 494 429 383 592 982 469 532 544 894 560 327 619 462 485 904 520 219 571 1014 432 559 580 609 351 0 513 533 1116 939 898 101 57 646 515
240 424 237 484 568 364 78 132 138 501 446 238 508 334 108 143 213 467 208 122 532 219 518 93 444 232 325 280 213 235 454 238 382 378 563 257 231 111 140 231 513 0 163 665 489 448 532 472 282 265
261 556 258 504 700 384 198 264 48 522 467 344 528 355 80 32 234 488 228 242 663 325 538 225 576 253 431 411 318 341 586 259 403 492 695 278 252 231 259 251 533 163 0 797 621 579 552 493 414 371
874 403 871 1087 238 998 712 573 772 1105 1050 786 1111 969 742 777 847 1101 842 756 510 687 1152 617 422 866 854 544 686 671 432 872 969 643 542 892 866 745 774 840 1116 665 797 0 467 426 1135 1076 547 634
698 103 695 911 370 822 536 396 596 928 873 610 935 792 566 601 671 925 666 580 74 510 976 441 162 690 677 368 510 494 172 696 792 467 106 715 689 569 598 664 939 489 621 467 0 78 959 899 370 458
657 62 654 869 329 780 495 355 554 887 832 568 893 751 524 560 630 884 624 539 120 469 934 400 121 649 636 326 468 453 131 655 751 425 152 674 648 527 556 622 898 448 579 426 78 0 917 858 329 416
464 894 538 88 1038 479 567 602 527 90 170 421 96 449 497 532 514 448 402 611 1001 488 552 563 914 580 346 638 481 504 924 539 238 590 1033 451 579 599 628 370 101 532 552 1135 959 917 0 76 665 534
405 834 478 28 978 419 507 542 468 46 111 362 53 390 438 473 454 389 343 551 942 428 492 504 854 520 287 579 422 444 864 479 179 531 974 391 519 540 569 311 57 472 493 1076 899 858 76 0 605 475
491 306 488 617 450 615 329 189 389 634 579 316 641 585 359 394 464 718 402 373 413 212 769 234 325 483 379 153 212 196 335 489 497 169 445 508 482 362 391 370 646 282 414 547 370 329 665 605 0 160
406 393 403 486 537 530 312 277 346 504 449 185 510 501 316 351 379 633 271 356 500 81 684 241 413 398 272 133 81 65 422 404 368 149 532 424 397 345 374 239 515 265 371 634 458 416 534 475 160 0
EOF