NAME : tsp_problem
TYPE : TSP
DIMENSION : 54
EDGE_WEIGHT_TYPE : EXPLICIT
EDGE_WEIGHT_FORMAT : FULL_MATRIX
EDGE_WEIGHT_SECTION
0 262 248 419 403 236 428 71 518 386 652 567 152 124 268 717 159 254 202 230 349 241 150 236 501 533 162 215 162 522 572 52 514 219 386 282 704 417 297 331 719 512 456 382 624 715 421 640 266 641 297 478 361 232
262 0 417 309 380 406 366 241 455 276 822 737 228 200 438 887 235 144 372 400 519 48 320 126 439 470 332 385 331 671 742 294 451 109 276 452 874 307 467 501 889 449 605 272 794 885 531 810 86 811 467 415 531 122
248 417 0 248 178 49 204 222 293 482 683 598 308 280 166 749 314 410 122 54 247 396 212 392 277 308 224 114 114 377 603 279 290 374 490 345 735 383 232 230 751 288 311 284 655 747 237 671 421 672 328 253 260 387
419 309 248 0 106 260 92 398 181 269 908 823 385 358 391 973 392 221 347 265 472 288 437 284 165 196 449 339 339 398 828 451 178 266 278 569 960 171 457 349 975 176 331 136 880 971 257 896 313 897 553 141 324 279
403 380 178 106 0 190 62 377 151 340 838 753 455 428 321 904 462 291 277 195 402 358 367 354 135 166 379 269 269 328 758 434 148 337 348 500 890 241 387 279 906 145 261 142 810 902 187 826 384 827 483 111 254 349
236 406 49 260 190 0 216 210 305 494 671 586 296 268 154 737 302 398 110 66 235 384 200 380 289 321 212 102 102 390 592 267 302 362 502 333 723 395 221 218 739 300 323 296 643 735 249 659 409 660 316 265 248 375
428 366 204 92 62 216 0 403 114 326 864 779 442 414 347 930 448 277 303 221 428 345 393 340 98 130 405 295 295 354 784 460 111 323 334 526 916 227 413 305 931 109 287 128 836 927 213 852 370 853 509 74 280 335
71 241 222 398 377 210 403 0 492 365 626 541 131 103 242 692 138 233 176 204 323 220 124 215 476 507 136 190 136 496 547 103 488 198 365 257 678 396 271 306 694 486 430 361 598 690 395 614 245 615 271 452 336 210
518 455 293 181 151 305 114 492 0 415 953 868 531 503 436 1019 538 366 392 311 517 434 482 429 38 106 494 384 384 443 874 549 50 412 423 615 1005 317 503 394 1021 38 376 217 925 1017 302 941 459 942 598 67 369 425
386 276 482 269 340 494 326 365 415 0 946 861 352 324 562 1011 358 187 496 499 642 255 444 250 399 430 456 509 455 631 866 417 411 233 48 576 998 147 591 583 1013 409 565 233 918 1009 491 934 280 935 591 375 558 245
652 822 683 908 838 671 864 626 953 946 0 122 712 685 543 110 719 814 669 666 474 801 575 796 937 969 587 604 628 605 117 684 950 779 946 608 96 977 524 626 377 948 653 943 198 108 716 126 826 34 386 913 656 792
567 737 598 823 753 586 779 541 868 861 122 0 627 599 458 187 634 729 584 580 389 716 490 711 852 883 502 519 543 520 56 599 865 694 861 523 174 892 439 541 292 863 568 857 112 185 631 110 741 110 300 828 571 707
152 228 308 385 455 296 442 131 531 352 712 627 0 67 328 777 44 220 262 290 409 207 210 202 514 546 222 275 222 582 632 184 527 185 352 342 764 383 357 391 779 525 516 348 684 775 481 700 232 701 357 491 421 197
124 200 280 358 428 268 414 103 503 324 685 599 67 0 300 750 73 192 234 262 381 179 182 174 487 518 195 248 194 555 605 156 500 157 324 315 737 356 329 364 752 498 488 321 656 748 453 672 204 673 329 463 394 170
268 438 166 391 321 154 347 242 436 562 543 458 328 300 0 609 335 430 192 148 126 417 233 412 420 452 245 87 134 300 463 300 433 395 562 272 595 526 92 109 611 431 233 427 515 607 199 531 442 532 188 396 139 407
717 887 749 973 904 737 930 692 1019 1011 110 187 777 750 609 0 784 880 734 731 539 866 640 861 1002 1034 652 669 694 671 182 749 1015 844 1011 673 97 1043 589 692 442 1013 718 1008 263 48 781 191 891 99 451 979 722 857
159 235 314 392 462 302 448 138 538 358 719 634 44 73 335 784 0 227 269 297 415 213 217 209 521 553 229 282 228 589 639 191 534 191 359 349 771 390 364 398 786 532 522 355 691 782 488 707 239 708 364 498 428 204
254 144 410 221 291 398 277 233 366 187 814 729 220 192 430 880 227 0 364 392 511 123 312 118 350 381 324 378 324 583 734 286 363 101 187 445 866 218 459 494 882 361 516 184 786 878 442 802 148 803 459 326 509 114
202 372 122 347 277 110 303 176 392 496 669 584 262 234 192 734 269 364 0 104 273 351 167 346 376 407 179 140 90 447 589 234 389 329 496 299 721 482 259 256 736 386 380 383 641 732 336 657 376 658 314 352 286 342
230 400 54 265 195 66 221 204 311 499 666 580 290 262 148 731 297 392 104 0 229 378 194 374 294 326 207 96 96 395 586 262 307 357 507 327 718 401 215 212 733 305 328 301 637 729 254 653 404 654 311 271 242 369
349 519 247 472 402 235 428 323 517 642 474 389 409 381 126 539 415 511 273 229 0 497 313 493 501 532 326 168 215 286 394 380 514 475 643 373 526 607 193 190 541 511 314 508 446 537 280 462 522 463 263 477 220 488
241 48 396 288 358 384 345 220 434 255 801 716 207 179 417 866 213 123 351 378 497 0 299 105 417 449 311 364 310 650 721 272 430 88 255 431 853 286 445 480 868 428 584 251 773 864 510 789 61 789 446 394 510 100
150 320 212 437 367 200 393 124 482 444 575 490 210 182 233 640 217 312 167 194 313 299 0 294 466 498 71 180 126 487 495 182 479 277 444 205 627 475 220 296 642 477 420 440 547 638 386 563 324 564 220 442 326 290
236 126 392 284 354 380 340 215 429 250 796 711 202 174 412 861 209 118 346 374 493 105 294 0 413 444 306 359 306 645 716 268 426 83 250 426 848 281 441 475 863 423 579 247 768 859 505 784 130 785 441 389 505 92
501 439 277 165 135 289 98 476 38 399 937 852 514 487 420 1002 521 350 376 294 501 417 466 413 0 90 478 368 368 427 857 533 45 396 407 598 989 300 486 378 1004 33 360 201 909 1000 286 925 443 926 582 50 353 408
533 470 308 196 166 321 130 507 106 430 969 883 546 518 452 1034 553 381 407 326 532 449 498 444 90 0 510 399 399 458 889 565 103 427 438 630 1021 332 518 410 1036 101 392 232 940 1032 318 957 474 957 614 82 384 440
162 332 224 449 379 212 405 136 494 456 587 502 222 195 245 652 229 324 179 207 326 311 71 306 478 510 0 192 138 499 507 194 491 289 456 217 639 487 232 308 654 489 432 453 559 650 398 575 336 576 232 454 338 302
215 385 114 339 269 102 295 190 384 509 604 519 275 248 87 669 282 378 140 96 168 364 180 359 368 399 192 0 82 341 524 247 380 342 509 313 656 474 153 150 671 378 275 374 576 667 240 592 389 592 249 344 180 355
162 331 114 339 269 102 295 136 384 455 628 543 222 194 134 694 228 324 90 96 215 310 126 306 368 399 138 82 0 388 549 193 380 288 456 259 680 474 200 198 696 378 322 375 600 692 287 616 335 617 273 344 228 301
522 671 377 398 328 390 354 496 443 631 605 520 582 555 300 671 589 583 447 395 286 650 487 645 427 458 499 341 388 0 526 554 439 628 640 546 657 533 366 222 673 437 104 433 577 669 169 593 675 594 395 403 196 641
572 742 603 828 758 592 784 547 874 866 117 56 632 605 463 182 639 734 589 586 394 721 495 716 857 889 507 524 549 526 0 604 870 699 866 528 169 898 444 546 297 868 573 863 118 180 636 105 746 105 306 834 576 712
52 294 279 451 434 267 460 103 549 417 684 599 184 156 300 749 191 286 234 262 380 272 182 268 533 565 194 247 193 554 604 0 546 250 418 314 736 449 329 363 751 544 487 414 656 747 453 672 298 673 329 509 393 263
514 451 290 178 148 302 111 488 50 411 950 865 527 500 433 1015 534 363 389 307 514 430 479 426 45 103 491 380 380 439 870 546 0 408 420 611 1002 313 499 391 1017 45 373 213 922 1013 299 938 455 938 595 63 366 421
219 109 374 266 337 362 323 198 412 233 779 694 185 157 395 844 191 101 329 357 475 88 277 83 396 427 289 342 288 628 699 250 408 0 233 409 831 264 424 458 846 406 562 229 751 842 488 767 113 768 424 372 488 79
386 276 490 278 348 502 334 365 423 48 946 861 352 324 562 1011 359 187 496 507 643 255 444 250 407 438 456 509 456 640 866 418 420 233 0 576 998 155 591 591 1013 418 573 241 918 1009 499 934 280 935 591 383 566 246
282 452 345 569 500 333 526 257 615 576 608 523 342 315 272 673 349 445 299 327 373 431 205 426 598 630 217 313 259 546 528 314 611 409 576 0 660 608 253 355 675 609 479 573 580 671 445 596 456 597 253 575 385 422
704 874 735 960 890 723 916 678 1005 998 96 174 764 737 595 97 771 866 721 718 526 853 627 848 989 1021 639 656 680 657 169 736 1002 831 998 660 0 1029 576 678 429 1000 705 995 250 94 768 178 878 86 438 965 708 844
417 307 383 171 241 395 227 396 317 147 977 892 383 356 526 1043 390 218 482 401 607 286 475 281 300 332 487 474 474 533 898 449 313 264 155 608 1029 0 593 485 1045 311 466 134 949 1041 392 965 311 966 622 277 459 277
297 467 232 457 387 221 413 271 503 591 524 439 357 329 92 589 364 459 259 215 193 445 220 441 486 518 232 153 200 366 444 329 499 424 591 253 576 593 0 175 591 497 300 493 495 587 265 512 471 512 169 463 205 436
331 501 230 349 279 218 305 306 394 583 626 541 391 364 109 692 398 494 256 212 190 480 296 475 378 410 308 150 198 222 546 363 391 458 591 355 678 485 175 0 693 389 155 385 598 689 121 614 505 615 271 354 112 471
719 889 751 975 906 739 931 694 1021 1013 377 292 779 752 611 442 786 882 736 733 541 868 642 863 1004 1036 654 671 696 673 297 751 1017 846 1013 675 429 1045 591 693 0 1015 720 1010 349 440 783 365 893 366 453 981 723 859
512 449 288 176 145 300 109 486 38 409 948 863 525 498 431 1013 532 361 386 305 511 428 477 423 33 101 489 378 378 437 868 544 45 406 418 609 1000 311 497 389 1015 0 371 211 919 1011 297 936 453 936 593 61 363 419
456 605 311 331 261 323 287 430 376 565 653 568 516 488 233 718 522 516 380 328 314 584 420 579 360 392 432 275 322 104 573 487 373 562 573 479 705 466 300 155 720 371 0 367 625 716 103 641 609 642 395 336 130 575
382 272 284 136 142 296 128 361 217 233 943 857 348 321 427 1008 355 184 383 301 508 251 440 247 201 232 453 374 375 433 863 414 213 229 241 573 995 134 493 385 1010 211 367 0 914 1006 293 930 276 931 588 177 360 242
624 794 655 880 810 643 836 598 925 918 198 112 684 656 515 263 691 786 641 637 446 773 547 768 909 940 559 576 600 577 118 656 922 751 918 580 250 949 495 598 349 919 625 914 0 261 688 186 798 186 357 885 628 763
715 885 747 971 902 735 927 690 1017 1009 108 185 775 748 607 48 782 878 732 729 537 864 638 859 1000 1032 650 667 692 669 180 747 1013 842 1009 671 94 1041 587 689 440 1011 716 1006 261 0 779 189 889 97 449 977 719 855
421 531 237 257 187 249 213 395 302 491 716 631 481 453 199 781 488 442 336 254 280 510 386 505 286 318 398 240 287 169 636 453 299 488 499 445 768 392 265 121 783 297 103 293 688 779 0 704 535 705 361 262 95 500
640 810 671 896 826 659 852 614 941 934 126 110 700 672 531 191 707 802 657 653 462 789 563 784 925 957 575 592 616 593 105 672 938 767 934 596 178 965 512 614 365 936 641 930 186 189 704 0 814 114 374 901 644 780
266 86 421 313 384 409 370 245 459 280 826 741 232 204 442 891 239 148 376 404 522 61 324 130 443 474 336 389 335 675 746 298 455 113 280 456 878 311 471 505 893 453 609 276 798 889 535 814 0 815 471 419 535 126
641 811 672 897 827 660 853 615 942 935 34 110 701 673 532 99 708 803 658 654 463 789 564 785 926 957 576 592 617 594 105 673 938 768 935 597 86 966 512 615 366 936 642 931 186 97 705 114 815 0 374 902 645 780
297 467 328 553 483 316 509 271 598 591 386 300 357 329 188 451 364 459 314 311 263 446 220 441 582 614 232 249 273 395 306 329 595 424 591 253 438 622 169 271 453 593 395 588 357 449 361 374 471 374 0 558 301 437
478 415 253 141 111 265 74 452 67 375 913 828 491 463 396 979 498 326 352 271 477 394 442 389 50 82 454 344 344 403 834 509 63 372 383 575 965 277 463 354 981 61 336 177 885 977 262 901 419 902 558 0 329 385
361 531 260 324 254 248 280 336 369 558 656 571 421 394 139 722 428 509 286 242 220 510 326 505 353 384 338 180 228 196 576 393 366 488 566 385 708 459 205 112 723 363 130 360 628 719 95 644 535 645 301 329 0 501
232 122 387 279 349 375 335 210 425 245 792 707 197 170 407 857 204 114 342 369 488 100 290 92 408 440 302 355 301 641 712 263 421 79 246 422 844 277 436 471 859 419 575 242 763 855 500 780 126 780 437 385 501 0
EOF