NAME : tsp_problem
TYPE : TSP
DIMENSION : 46
EDGE_WEIGHT_TYPE : EXPLICIT
EDGE_WEIGHT_FORMAT : FULL_MATRIX
EDGE_WEIGHT_SECTION
0 79 768 131 253 230 271 176 460 73 391 206 361 764 363 688 101 461 248 781 326 508 364 244 269 289 44 233 191 308 383 217 278 278 180 367 427 207 490 766 366 119 212 497 388 493
79 0 826 190 312 289 330 235 518 132 450 264 420 823 421 747 159 520 306 840 384 566 423 302 328 348 66 291 250 367 442 276 336 337 238 426 486 266 548 825 424 177 271 556 447 552
768 826 0 681 659 907 947 852 964 750 667 747 946 403 436 326 777 737 924 419 632 1012 572 920 717 640 780 909 732 622 689 665 725 695 856 941 881 883 994 405 641 753 753 1001 552 998
131 190 681 0 167 270 311 216 462 113 305 120 401 678 276 602 141 375 288 695 240 510 278 284 183 203 144 273 105 222 297 131 192 192 220 407 378 247 491 680 280 117 126 499 302 495
253 312 659 167 0 392 433 338 481 235 325 232 463 656 254 579 262 394 410 672 217 529 255 405 202 222 266 395 217 241 274 150 211 211 341 458 397 369 511 657 299 239 239 518 321 514
230 289 907 270 392 0 185 171 326 191 531 345 227 904 502 827 167 470 98 920 465 374 503 109 408 428 243 99 330 447 522 356 417 417 174 233 293 121 355 905 505 258 351 363 527 359
271 330 947 311 433 185 0 211 414 232 571 386 316 944 542 868 208 558 202 961 505 462 544 198 449 469 284 187 371 488 563 397 457 458 215 321 381 100 444 946 546 298 392 451 568 448
176 235 852 216 338 171 211 0 400 137 476 290 302 849 447 773 113 544 188 866 410 448 449 184 354 374 189 173 276 393 468 302 362 363 65 307 367 147 430 851 451 203 297 437 473 434
460 518 964 462 481 326 414 400 0 420 369 527 134 961 559 885 396 296 343 978 553 80 465 276 365 353 473 261 512 372 611 358 346 292 403 129 119 350 62 963 390 487 533 69 452 66
73 132 750 113 235 191 232 137 420 0 374 188 322 747 345 670 79 443 209 763 308 469 346 204 251 271 86 194 173 290 365 199 260 260 140 328 388 168 450 748 348 101 194 458 370 454
391 450 667 305 325 531 571 476 369 374 0 371 351 664 262 588 401 124 548 681 324 417 168 493 252 131 404 478 356 113 381 202 240 186 480 346 286 507 399 666 57 377 377 406 155 403
206 264 747 120 232 345 386 290 527 188 371 0 476 744 342 667 215 440 362 760 305 575 343 358 248 268 219 347 61 287 362 196 257 257 294 481 443 321 557 745 345 192 82 564 367 560
361 420 946 401 463 227 316 302 134 322 351 476 0 943 541 867 298 278 245 960 536 182 448 178 348 335 374 163 461 354 593 341 329 274 305 111 102 251 164 945 373 389 482 171 434 168
764 823 403 678 656 904 944 849 961 747 664 744 943 0 433 103 774 734 921 87 629 1009 569 917 714 637 777 906 729 619 686 662 722 692 853 938 878 880 991 136 638 750 750 998 549 995
363 421 436 276 254 502 542 447 559 345 262 342 541 433 0 357 372 332 519 450 227 607 167 515 312 235 375 504 327 217 284 260 320 290 451 536 476 478 589 435 236 349 348 596 259 593
688 747 326 602 579 827 868 773 885 670 588 667 867 103 357 0 697 657 845 120 553 933 492 840 637 561 701 830 652 542 610 585 646 615 776 862 801 804 915 105 562 674 674 922 472 918
101 159 777 141 262 167 208 113 396 79 401 215 298 774 372 697 0 471 184 790 335 444 373 180 279 298 114 169 200 317 392 226 287 288 116 304 364 144 426 776 375 128 222 434 397 430
461 520 737 375 394 470 558 544 296 443 124 440 278 734 332 657 471 0 487 750 394 344 238 420 322 201 474 405 426 183 451 272 310 256 547 273 213 494 326 736 127 447 447 333 224 330
248 306 924 288 410 98 202 188 343 209 548 362 245 921 519 845 184 487 0 938 482 391 521 127 426 445 261 116 348 464 539 374 434 435 191 250 310 138 373 923 522 275 369 380 544 377
781 840 419 695 672 920 961 866 978 763 681 760 960 87 450 120 790 750 938 0 646 1026 585 933 730 654 794 923 745 635 703 678 739 708 869 955 894 897 1008 153 655 767 767 1015 565 1011
326 384 632 240 217 465 505 410 553 308 324 305 536 629 227 553 335 394 482 646 0 602 229 478 275 295 338 467 290 279 122 223 283 284 414 530 470 441 583 631 298 312 311 591 320 587
508 566 1012 510 529 374 462 448 80 469 417 575 182 1009 607 933 444 344 391 1026 602 0 513 324 413 401 521 309 560 420 659 407 394 340 452 177 168 398 95 1011 439 535 581 102 500 98
364 423 572 278 255 503 544 449 465 346 168 343 448 569 167 492 373 238 521 585 229 513 0 516 262 141 377 506 329 123 286 212 250 196 452 442 382 480 495 571 142 350 350 503 165 499
244 302 920 284 405 109 198 184 276 204 493 358 178 917 515 840 180 420 127 933 478 324 516 0 421 441 256 49 343 460 535 369 430 416 187 183 244 134 306 918 515 271 364 313 540 310
269 328 717 183 202 408 449 354 365 251 252 248 348 714 312 637 279 322 426 730 275 413 262 421 0 150 282 411 234 169 332 80 52 96 357 342 282 385 395 716 227 255 255 403 249 399
289 348 640 203 222 428 469 374 353 271 131 268 335 637 235 561 298 201 445 654 295 401 141 441 150 0 302 430 253 86 352 100 137 83 377 330 269 405 383 639 106 275 274 390 128 386
44 66 780 144 266 243 284 189 473 86 404 219 374 777 375 701 114 474 261 794 338 521 377 256 282 302 0 246 204 321 396 230 290 291 192 380 440 220 502 779 379 131 225 510 401 506
233 291 909 273 395 99 187 173 261 194 478 347 163 906 504 830 169 405 116 923 467 309 506 49 411 430 246 0 333 450 524 359 419 401 177 168 228 123 291 908 499 260 354 298 529 295
191 250 732 105 217 330 371 276 512 173 356 61 461 729 327 652 200 426 348 745 290 560 329 343 234 253 204 333 0 272 347 181 242 243 279 467 429 307 542 731 330 177 36 549 352 546
308 367 622 222 241 447 488 393 372 290 113 287 354 619 217 542 317 183 464 635 279 420 123 460 169 86 321 450 272 0 336 119 157 102 396 349 289 424 402 621 87 294 294 409 109 406
383 442 689 297 274 522 563 468 611 365 381 362 593 686 284 610 392 451 539 703 122 659 286 535 332 352 396 524 347 336 0 280 341 341 471 587 527 499 641 688 356 369 369 648 378 644
217 276 665 131 150 356 397 302 358 199 202 196 341 662 260 585 226 272 374 678 223 407 212 369 80 100 230 359 181 119 280 0 88 89 305 335 275 333 388 663 177 203 203 396 199 392
278 336 725 192 211 417 457 362 346 260 240 257 329 722 320 646 287 310 434 739 283 394 250 430 52 137 290 419 242 157 341 88 0 77 366 323 263 393 376 724 214 264 263 384 236 380
278 337 695 192 211 417 458 363 292 260 186 257 274 692 290 615 288 256 435 708 284 340 196 416 96 83 291 401 243 102 341 89 77 0 366 269 208 394 322 693 160 264 264 329 182 325
180 238 856 220 341 174 215 65 403 140 480 294 305 853 451 776 116 547 191 869 414 452 452 187 357 377 192 177 279 396 471 305 366 366 0 311 371 151 433 854 454 207 300 441 476 437
367 426 941 407 458 233 321 307 129 328 346 481 111 938 536 862 304 273 250 955 530 177 442 183 342 330 380 168 467 349 587 335 323 269 311 0 96 257 159 940 367 394 488 166 429 162
427 486 881 378 397 293 381 367 119 388 286 443 102 878 476 801 364 213 310 894 470 168 382 244 282 269 440 228 429 289 527 275 263 208 371 96 0 317 149 880 307 450 450 157 369 153
207 266 883 247 369 121 100 147 350 168 507 321 251 880 478 804 144 494 138 897 441 398 480 134 385 405 220 123 307 424 499 333 393 394 151 257 317 0 380 882 482 234 328 387 504 383
490 548 994 491 511 355 444 430 62 450 399 557 164 991 589 915 426 326 373 1008 583 95 495 306 395 383 502 291 542 402 641 388 376 322 433 159 149 380 0 993 420 517 563 37 482 43
766 825 405 680 657 905 946 851 963 748 666 745 945 136 435 105 776 736 923 153 631 1011 571 918 716 639 779 908 731 621 688 663 724 693 854 940 880 882 993 0 640 752 752 1000 550 997
366 424 641 280 299 505 546 451 390 348 57 345 373 638 236 562 375 127 522 655 298 439 142 515 227 106 379 499 330 87 356 177 214 160 454 367 307 482 420 640 0 352 351 428 129 424
119 177 753 117 239 258 298 203 487 101 377 192 389 750 349 674 128 447 275 767 312 535 350 271 255 275 131 260 177 294 369 203 264 264 207 394 450 234 517 752 352 0 198 524 374 521
212 271 753 126 239 351 392 297 533 194 377 82 482 750 348 674 222 447 369 767 311 581 350 364 255 274 225 354 36 294 369 203 263 264 300 488 450 328 563 752 351 198 0 571 374 567
497 556 1001 499 518 363 451 437 69 458 406 564 171 998 596 922 434 333 380 1015 591 102 503 313 403 390 510 298 549 409 648 396 384 329 441 166 157 387 37 1000 428 524 571 0 489 50
388 447 552 302 321 527 568 473 452 370 155 367 434 549 259 472 397 224 544 565 320 500 165 540 249 128 401 529 352 109 378 199 236 182 476 429 369 504 482 550 129 374 374 489 0 486
493 552 998 495 514 359 448 434 66 454 403 560 168 995 593 918 430 330 377 1011 587 98 499 310 399 386 506 295 546 406 644 392 380 325 437 162 153 383 43 997 424 521 567 50 486 0
EOF