NAME : tsp_problem
TYPE : TSP
DIMENSION : 82
EDGE_WEIGHT_TYPE : EXPLICIT
EDGE_WEIGHT_FORMAT : FULL_MATRIX
EDGE_WEIGHT_SECTION
0 131 525 71 119 678 125 114 441 636 211 546 652 593 499 572 243 97 254 280 122 61 281 214 176 154 67 102 160 190 366 295 188 129 269 604 659 218 120 188 252 76 196 302 247 521 292 404 168 273 231 397 228 306 336 121 597 599 205 656 523 133 348 61 229 291 419 454 111 538 161 341 183 91 701 536 516 653 231 650 209 183
131 0 529 116 137 682 88 77 405 640 174 550 656 597 503 576 247 198 355 178 222 127 179 112 277 254 106 202 70 291 330 258 289 230 369 608 663 318 148 149 352 176 94 265 348 525 392 504 268 374 331 394 136 269 437 222 601 603 168 660 528 96 246 123 127 391 382 555 148 542 262 441 283 191 705 540 520 657 235 654 213 81
525 529 0 539 614 194 541 555 905 295 674 121 169 110 74 89 316 565 722 603 548 529 387 457 645 622 548 570 495 658 830 759 657 556 737 120 176 545 614 416 720 544 519 729 715 91 760 872 636 741 699 865 456 770 804 589 113 115 668 315 81 529 671 529 552 759 883 922 606 113 629 809 510 468 217 52 175 170 325 166 358 485
71 116 539 0 105 692 110 99 427 650 196 560 667 607 513 587 258 111 269 265 136 73 266 199 191 168 52 116 145 204 352 280 203 144 283 618 673 232 105 202 266 90 182 287 261 535 306 418 182 287 245 411 223 291 351 135 611 613 190 670 538 118 333 70 215 305 404 468 96 553 176 355 197 105 715 550 530 668 245 664 223 168
119 137 614 105 0 767 131 121 398 725 167 635 741 682 588 661 332 186 343 287 211 116 288 221 266 243 94 191 167 279 323 252 278 219 358 693 748 307 44 258 341 165 203 258 336 610 381 493 257 362 320 388 245 263 425 210 686 688 161 745 613 140 313 112 236 380 376 543 44 627 250 430 272 180 790 625 605 742 320 739 298 190
678 682 194 692 767 0 694 707 1058 448 827 274 198 114 227 129 469 718 875 756 700 682 540 609 797 774 700 722 648 811 983 911 809 708 889 97 69 697 767 568 872 696 672 882 868 244 912 1024 789 894 851 1017 609 923 957 742 143 102 821 468 205 682 824 682 705 912 1035 1075 758 266 782 961 662 621 83 175 327 199 478 196 511 638
125 88 541 110 131 694 0 71 399 652 168 562 668 609 515 588 259 191 349 190 216 121 191 124 271 248 99 196 82 285 323 252 283 224 363 620 675 312 142 161 346 170 106 259 341 537 386 498 262 367 325 388 148 263 431 215 613 615 162 672 539 90 258 117 139 385 376 548 142 554 256 435 277 185 716 551 532 669 247 665 225 93
114 77 555 99 121 707 71 0 388 666 157 575 682 623 528 602 273 181 338 204 205 110 204 137 260 237 89 185 96 274 313 241 272 213 352 634 689 301 131 175 335 159 120 248 331 550 375 487 251 357 314 377 162 253 420 205 627 628 151 686 553 80 272 107 153 375 365 538 132 568 245 424 266 174 730 565 546 683 261 679 239 107
441 405 905 427 398 1058 399 388 0 1016 258 926 1032 973 879 952 623 508 433 368 533 438 555 488 464 518 416 513 434 486 181 186 512 541 447 984 1039 629 409 525 430 487 454 248 570 901 470 448 478 452 554 245 512 171 324 532 977 979 264 1036 903 407 303 434 425 470 98 552 409 918 526 328 594 502 1081 916 896 1033 611 1030 589 457
636 640 295 650 725 448 652 666 1016 0 785 316 422 363 269 342 427 676 833 714 659 640 498 568 755 733 659 681 606 769 941 870 768 667 848 374 429 656 725 527 831 655 630 840 826 291 871 983 747 852 810 976 567 881 915 700 367 369 779 117 293 640 782 640 663 870 994 1033 717 308 740 920 621 579 470 305 164 423 436 419 469 596
211 174 674 196 167 827 168 157 258 785 0 695 802 742 648 722 393 277 435 238 302 207 324 257 357 334 185 282 203 371 183 112 369 310 449 753 808 398 178 295 432 256 240 119 427 670 472 451 348 453 411 248 281 123 326 301 746 748 62 805 673 176 173 203 272 471 236 554 178 688 342 331 363 271 850 685 665 803 380 799 358 226
546 550 121 560 635 274 562 575 926 316 695 0 248 189 72 168 337 586 743 624 568 550 408 477 665 642 568 591 516 679 851 779 677 576 757 200 255 565 635 436 740 565 540 750 736 117 780 892 657 762 719 885 477 791 825 610 193 195 689 336 119 550 692 550 573 780 903 943 626 51 650 830 530 489 296 131 196 249 346 245 379 506
652 656 169 667 741 198 668 682 1032 422 802 248 0 114 201 103 443 692 850 730 675 656 514 584 772 749 675 697 622 786 957 886 784 683 864 125 180 672 742 543 847 671 646 857 842 218 887 999 763 868 826 992 583 897 932 716 94 119 795 442 179 657 798 656 679 886 1010 1049 733 241 757 936 637 595 221 150 302 42 453 38 485 612
593 597 110 607 682 114 609 623 973 363 742 189 114 0 142 44 384 633 790 671 616 597 455 525 713 690 616 638 563 726 898 827 725 624 805 61 95 613 683 484 788 612 587 798 783 159 828 940 704 809 767 933 524 838 872 657 58 60 736 383 120 597 739 597 620 827 951 990 674 182 698 877 578 536 137 91 243 115 393 111 426 553
499 503 74 513 588 227 515 528 879 269 648 72 201 142 0 121 290 539 696 577 521 503 361 430 618 595 521 543 469 632 804 732 630 529 710 153 208 518 588 389 693 517 493 703 689 69 733 845 610 715 672 838 430 744 778 563 146 147 642 289 72 503 645 503 526 733 856 896 579 64 603 782 483 442 249 84 148 202 299 198 332 459
572 576 89 587 661 129 588 602 952 342 722 168 103 44 121 0 363 612 770 650 595 576 434 504 692 669 595 617 542 706 877 806 704 603 784 55 110 592 662 463 767 591 566 777 762 138 807 919 683 788 746 912 503 817 852 636 48 50 715 362 99 577 718 576 599 806 930 969 653 161 677 856 557 515 152 70 222 104 373 101 405 532
243 247 316 258 332 469 259 273 623 427 393 337 443 384 290 363 0 283 441 321 266 247 233 255 363 340 266 288 213 377 548 477 375 274 455 395 450 263 333 134 438 262 237 448 433 312 478 590 354 459 417 583 174 488 523 307 388 390 386 447 314 248 389 247 270 477 601 640 324 329 348 527 228 186 491 326 307 444 90 440 76 224
97 198 565 111 186 718 191 181 508 676 277 586 692 633 539 612 283 0 188 347 162 101 348 281 110 87 120 49 227 124 398 362 122 170 202 644 699 258 187 228 185 55 263 369 181 561 225 337 101 207 164 330 268 373 270 68 637 639 271 696 564 200 415 101 296 225 486 388 178 579 95 274 223 131 741 576 556 694 271 690 249 250
254 355 722 269 343 875 349 338 433 833 435 743 850 790 696 770 441 188 0 504 319 258 505 438 110 163 277 206 384 132 288 363 157 327 93 801 856 415 344 385 76 212 420 425 216 718 60 228 123 97 199 221 425 348 160 225 794 796 428 853 721 357 480 258 453 115 410 278 335 736 171 165 380 288 898 733 713 851 428 847 406 407
280 178 603 265 287 756 190 204 368 714 238 624 730 671 577 650 321 347 504 0 371 276 253 186 426 403 255 352 144 440 293 222 438 379 518 682 737 394 297 223 501 326 115 156 497 599 541 561 418 523 480 357 210 233 436 371 675 677 244 734 601 178 97 273 110 541 345 664 298 616 411 440 359 318 778 613 594 731 309 727 287 155
122 222 548 136 211 700 216 205 533 659 302 568 675 616 521 595 266 162 319 371 0 125 372 305 241 218 144 166 251 255 458 386 253 39 333 627 682 240 211 210 316 140 288 393 312 543 356 468 232 338 295 461 250 397 401 186 620 621 296 679 546 224 439 125 321 356 510 519 202 561 226 405 205 113 723 558 539 676 254 672 232 274
61 127 529 73 116 682 121 110 438 640 207 550 656 597 503 576 247 101 258 276 125 0 277 210 180 157 63 105 156 194 362 291 192 133 272 608 663 221 116 191 255 79 193 298 251 524 295 407 171 277 234 400 231 302 340 125 601 602 201 660 527 129 344 65 225 295 415 458 107 542 165 344 187 94 704 539 520 657 235 653 213 179
281 179 387 266 288 540 191 204 555 498 324 408 514 455 361 434 233 348 505 253 372 277 0 102 427 404 256 352 145 441 480 408 439 380 519 466 521 395 298 224 502 326 169 379 498 383 542 654 418 524 481 544 211 420 587 372 459 461 318 518 386 179 321 274 202 542 532 705 299 400 412 591 360 319 563 398 378 515 242 512 275 130
214 112 457 199 221 609 124 137 488 568 257 477 584 525 430 504 255 281 438 186 305 210 102 0 360 337 189 285 78 374 413 341 372 313 452 536 591 328 231 157 435 259 102 312 431 452 475 587 351 457 414 477 144 353 520 305 529 530 251 588 455 112 254 206 135 475 465 638 232 470 345 524 293 252 632 467 447 585 243 581 221 89
176 277 645 191 266 797 271 260 464 755 357 665 772 713 618 692 363 110 110 426 241 180 427 360 0 86 199 128 306 81 320 394 79 249 124 724 779 337 266 307 107 134 343 448 138 640 147 259 59 129 121 252 347 380 192 147 716 718 351 776 643 279 494 180 375 147 442 310 257 658 93 196 302 210 820 655 635 773 351 769 329 329
154 254 622 168 243 774 248 237 518 733 334 642 749 690 595 669 340 87 163 403 218 157 404 337 86 0 176 105 283 99 373 418 98 226 178 701 756 314 243 284 161 111 320 425 156 617 201 313 77 182 140 306 324 429 245 124 693 695 328 753 620 256 471 157 352 200 495 363 234 635 70 250 279 187 797 632 612 750 328 746 306 306
67 106 548 52 94 700 99 89 416 659 185 568 675 616 521 595 266 120 277 255 144 63 256 189 199 176 0 124 135 213 341 270 211 152 291 627 682 240 95 210 274 98 171 277 270 543 314 426 190 296 253 406 213 281 359 144 619 621 179 679 546 108 323 59 204 314 394 477 86 561 184 363 205 113 723 558 538 676 254 672 232 158
102 202 570 116 191 722 196 185 513 681 282 591 697 638 543 617 288 49 206 352 166 105 352 285 128 105 124 0 231 142 415 366 140 174 220 649 704 262 191 232 203 59 268 373 198 565 243 355 119 225 182 348 272 378 288 72 642 643 276 701 568 205 420 106 301 242 490 406 182 583 113 292 228 135 745 580 561 698 276 694 254 255
160 70 495 145 167 648 82 96 434 606 203 516 622 563 469 542 213 227 384 144 251 156 145 78 306 283 135 231 0 320 359 287 318 259 398 574 629 286 177 115 381 205 60 271 377 491 421 533 297 403 360 423 102 299 466 251 567 569 197 626 493 70 212 152 93 421 411 584 178 508 291 470 252 210 670 506 486 623 201 620 179 47
190 291 658 204 279 811 285 274 486 769 371 679 786 726 632 706 377 124 132 440 255 194 441 374 81 99 213 142 320 0 342 416 93 263 146 737 792 351 280 321 129 148 356 462 152 654 169 281 72 151 135 274 361 402 214 161 730 732 364 789 657 293 508 194 389 169 464 332 271 672 107 218 316 224 834 669 649 787 364 783 342 343
366 330 830 352 323 983 323 313 181 941 183 851 957 898 804 877 548 398 288 293 458 362 480 413 320 373 341 415 359 342 0 111 367 465 303 909 964 554 334 450 286 412 379 173 426 826 326 304 333 307 409 137 437 96 179 435 902 904 189 961 828 332 228 359 350 325 158 407 334 843 381 183 519 427 1005 841 821 958 536 955 514 382
295 258 759 280 252 911 252 241 186 870 112 779 886 827 732 806 477 362 363 222 386 291 408 341 394 418 270 366 287 416 111 0 441 394 377 838 893 482 262 379 360 340 308 102 500 754 400 378 408 382 483 175 366 101 254 386 831 832 118 890 757 261 156 288 279 399 163 482 263 772 426 258 448 355 934 769 750 887 465 883 443 311
188 289 657 203 278 809 283 272 512 768 369 677 784 725 630 704 375 122 157 438 253 192 439 372 79 98 211 140 318 93 367 441 0 261 171 736 791 349 278 319 154 146 355 460 79 652 194 306 71 176 62 299 359 427 239 159 728 730 363 788 655 291 506 192 387 194 489 357 269 670 105 244 314 222 832 667 647 785 363 781 341 341
129 230 556 144 219 708 224 213 541 667 310 576 683 624 529 603 274 170 327 379 39 133 380 313 249 226 152 174 259 263 465 394 261 0 341 635 690 248 219 218 324 148 296 401 320 551 364 476 240 346 303 469 258 405 409 194 628 629 304 687 554 232 447 133 328 363 518 527 210 569 234 413 213 121 731 566 546 684 262 680 240 282
269 369 737 283 358 889 363 352 447 848 449 757 864 805 710 784 455 202 93 518 333 272 519 452 124 178 291 220 398 146 303 377 171 341 0 816 871 429 358 399 90 226 435 440 230 732 130 242 138 57 213 235 439 363 175 239 809 810 443 868 735 371 494 272 468 43 425 293 349 750 186 179 394 302 912 747 727 865 443 861 421 421
604 608 120 618 693 97 620 634 984 374 753 200 125 61 153 55 395 644 801 682 627 608 466 536 724 701 627 649 574 737 909 838 736 635 816 0 79 624 693 495 799 623 598 808 794 170 839 951 715 820 778 944 535 849 883 668 69 49 747 394 131 608 750 608 631 838 962 1001 685 192 708 888 589 547 120 102 254 126 404 122 437 564
659 663 176 673 748 69 675 689 1039 429 808 255 180 95 208 110 450 699 856 737 682 663 521 591 779 756 682 704 629 792 964 893 791 690 871 79 0 679 749 550 854 678 653 864 849 225 894 1006 770 875 833 999 590 904 938 723 124 84 802 449 186 663 805 663 686 893 1017 1056 740 248 764 943 644 602 92 157 309 181 459 177 492 619
218 318 545 232 307 697 312 301 629 656 398 565 672 613 518 592 263 258 415 394 240 221 395 328 337 314 240 262 286 351 554 482 349 248 429 624 679 0 307 207 412 236 311 489 408 540 452 564 329 434 391 557 247 494 497 282 617 618 392 676 543 321 462 222 344 452 606 615 298 558 322 501 77 161 720 555 535 673 251 669 229 297
120 148 614 105 44 767 142 131 409 725 178 635 742 683 588 662 333 187 344 297 211 116 298 231 266 243 95 191 177 280 334 262 278 219 358 693 749 307 0 269 341 165 214 269 336 610 381 493 257 363 320 398 255 273 426 210 686 688 172 746 613 150 323 112 246 380 386 544 45 628 251 430 272 180 790 625 605 743 320 739 298 200
188 149 416 202 258 568 161 175 525 527 295 436 543 484 389 463 134 228 385 223 210 191 224 157 307 284 210 232 115 321 450 379 319 218 399 495 550 207 269 0 382 206 139 350 378 411 422 534 298 404 361 515 76 390 467 252 488 489 288 547 414 150 291 191 172 422 503 585 268 429 292 471 172 131 591 426 407 544 122 540 100 126
252 352 720 266 341 872 346 335 430 831 432 740 847 788 693 767 438 185 76 501 316 255 502 435 107 161 274 203 381 129 286 360 154 324 90 799 854 412 341 382 0 209 418 423 213 715 78 225 121 95 196 218 422 346 158 222 792 793 426 851 718 354 477 255 451 112 408 276 332 733 169 162 377 285 895 730 710 848 426 844 404 404
76 176 544 90 165 696 170 159 487 655 256 565 671 612 517 591 262 55 212 326 140 79 326 259 134 111 98 59 205 148 412 340 146 148 226 623 678 236 165 206 209 0 242 347 205 539 249 361 125 231 188 354 246 352 294 79 616 617 250 675 542 179 393 80 275 249 464 412 156 557 119 298 201 109 719 554 535 672 250 668 228 229
196 94 519 182 203 672 106 120 454 630 240 540 646 587 493 566 237 263 420 115 288 193 169 102 343 320 171 268 60 356 379 308 355 296 435 598 653 311 214 139 418 242 0 242 413 515 458 570 334 439 397 443 126 319 502 287 591 593 233 650 518 95 183 189 65 457 431 620 214 532 327 507 276 234 695 530 510 647 225 644 203 71
302 265 729 287 258 882 259 248 248 840 119 750 857 798 703 777 448 369 425 156 393 298 379 312 448 425 277 373 271 462 173 102 460 401 440 808 864 489 269 350 423 347 242 0 519 725 463 441 439 444 502 238 337 113 316 393 801 803 125 861 728 267 162 294 213 462 226 544 269 743 433 321 454 362 905 740 720 858 435 854 413 281
247 348 715 261 336 868 341 331 570 826 427 736 842 783 689 762 433 181 216 497 312 251 498 431 138 156 270 198 377 152 426 500 79 320 230 794 849 408 336 378 213 205 413 519 0 711 253 365 129 235 33 358 418 486 298 218 787 789 421 846 714 350 565 251 446 252 548 416 328 728 164 302 373 281 891 726 706 843 421 840 399 400
521 525 91 535 610 244 537 550 901 291 670 117 218 159 69 138 312 561 718 599 543 524 383 452 640 617 543 565 491 654 826 754 652 551 732 170 225 540 610 411 715 539 515 725 711 0 755 867 631 737 694 860 451 766 800 585 163 165 664 311 89 525 667 525 548 755 878 918 601 109 625 804 505 464 266 101 170 219 321 215 353 481
292 392 760 306 381 912 386 375 470 871 472 780 887 828 733 807 478 225 60 541 356 295 542 475 147 201 314 243 421 169 326 400 194 364 130 839 894 452 381 422 78 249 458 463 253 755 0 265 161 135 236 258 462 386 198 262 832 833 466 891 758 395 517 295 491 152 448 316 372 773 209 202 417 325 935 770 750 888 466 884 444 444
404 504 872 418 493 1024 498 487 448 983 451 892 999 940 845 919 590 337 228 561 468 407 654 587 259 313 426 355 533 281 304 378 306 476 242 951 1006 564 493 534 225 361 570 441 365 867 265 0 273 247 348 236 574 364 181 374 943 945 457 1003 870 506 495 407 602 264 426 346 484 885 320 185 529 437 1047 882 862 1000 578 996 556 556
168 268 636 182 257 789 262 251 478 747 348 657 763 704 610 683 354 101 123 418 232 171 418 351 59 77 190 119 297 72 333 408 71 240 138 715 770 329 257 298 121 125 334 439 129 631 161 273 0 142 113 266 338 393 205 139 708 710 342 767 634 271 486 172 367 160 455 323 248 649 85 210 294 201 811 646 627 764 342 760 320 321
273 374 741 287 362 894 367 357 452 852 453 762 868 809 715 788 459 207 97 523 338 277 524 457 129 182 296 225 403 151 307 382 176 346 57 820 875 434 363 404 95 231 439 444 235 737 135 247 142 0 218 240 444 367 179 244 813 815 447 872 740 376 499 277 472 80 429 297 354 755 190 184 399 307 917 752 732 869 447 866 425 426
231 331 699 245 320 851 325 314 554 810 411 719 826 767 672 746 417 164 199 480 295 234 481 414 121 140 253 182 360 135 409 483 62 303 213 778 833 391 320 361 196 188 397 502 33 694 236 348 113 218 0 341 401 469 281 201 770 772 405 830 697 333 548 234 430 236 531 399 311 712 148 286 356 264 874 709 689 827 405 823 383 383
397 394 865 411 388 1017 388 377 245 976 248 885 992 933 838 912 583 330 221 357 461 400 544 477 252 306 406 348 423 274 137 175 299 469 235 944 999 557 398 515 218 354 443 238 358 860 258 236 266 240 341 0 502 161 112 367 937 938 254 996 863 397 292 400 415 257 223 340 399 878 314 116 522 430 1040 875 855 993 571 989 549 447
228 136 456 223 245 609 148 162 512 567 281 477 583 524 430 503 174 268 425 210 250 231 211 144 347 324 213 272 102 361 437 366 359 258 439 535 590 247 255 76 422 246 126 337 418 451 462 574 338 444 401 502 0 377 507 292 528 530 275 587 454 136 278 231 159 462 490 625 256 469 332 511 212 171 631 466 447 584 162 580 140 113
306 269 770 291 263 923 263 253 171 881 123 791 897 838 744 817 488 373 348 233 397 302 420 353 380 429 281 378 299 402 96 101 427 405 363 849 904 494 273 390 346 352 319 113 486 766 386 364 393 367 469 161 377 0 239 397 842 844 129 901 768 272 167 299 290 385 149 467 274 783 437 244 459 366 945 780 761 898 476 894 454 322
336 437 804 351 425 957 431 420 324 915 326 825 932 872 778 852 523 270 160 436 401 340 587 520 192 245 359 288 466 214 179 254 239 409 175 883 938 497 426 467 158 294 502 316 298 800 198 181 205 179 281 112 507 239 0 307 876 878 332 935 803 439 371 340 493 197 301 279 417 818 253 54 462 370 980 815 795 933 510 929 488 489
121 222 589 135 210 742 215 205 532 700 301 610 716 657 563 636 307 68 225 371 186 125 372 305 147 124 144 72 251 161 435 386 159 194 239 668 723 282 210 252 222 79 287 393 218 585 262 374 139 244 201 367 292 397 307 0 661 663 295 720 588 224 439 125 320 262 510 425 202 602 132 311 247 155 765 600 580 717 295 714 273 274
597 601 113 611 686 143 613 627 977 367 746 193 94 58 146 48 388 637 794 675 620 601 459 529 716 693 619 642 567 730 902 831 728 628 809 69 124 617 686 488 792 616 591 801 787 163 832 943 708 813 770 937 528 842 876 661 0 64 740 387 124 601 743 601 624 831 955 994 678 185 701 881 582 540 166 94 247 95 397 92 430 557
599 603 115 613 688 102 615 628 979 369 748 195 119 60 147 50 390 639 796 677 621 602 461 530 718 695 621 643 569 732 904 832 730 629 810 49 84 618 688 489 793 617 593 803 789 165 833 945 710 815 772 938 530 844 878 663 64 0 742 389 126 603 745 603 626 833 956 996 679 187 703 882 583 542 125 96 248 120 399 117 431 559
205 168 668 190 161 821 162 151 264 779 62 689 795 736 642 715 386 271 428 244 296 201 318 251 351 328 179 276 197 364 189 118 363 304 443 747 802 392 172 288 426 250 233 125 421 664 466 457 342 447 405 254 275 129 332 295 740 742 0 799 667 170 179 197 266 465 242 560 172 682 336 337 357 265 844 679 659 796 374 793 352 220
656 660 315 670 745 468 672 686 1036 117 805 336 442 383 289 362 447 696 853 734 679 660 518 588 776 753 679 701 626 789 961 890 788 687 868 394 449 676 746 547 851 675 650 861 846 311 891 1003 767 872 830 996 587 901 935 720 387 389 799 0 313 660 802 660 683 890 1014 1053 737 328 761 940 641 599 491 326 184 443 456 440 489 616
523 528 81 538 613 205 539 553 903 293 673 119 179 120 72 99 314 564 721 601 546 527 386 455 643 620 546 568 493 657 828 757 655 554 735 131 186 543 613 414 718 542 518 728 714 89 758 870 634 740 697 863 454 768 803 588 124 126 667 313 0 528 669 527 550 757 881 921 604 112 628 807 508 467 227 62 173 180 324 176 356 483
133 96 529 118 140 682 90 80 407 640 176 550 657 597 503 577 248 200 357 178 224 129 179 112 279 256 108 205 70 293 332 261 291 232 371 608 663 321 150 150 354 179 95 267 350 525 395 506 271 376 333 397 136 272 439 224 601 603 170 660 528 0 246 126 127 394 385 557 151 543 264 444 286 194 705 540 520 658 235 654 213 81
348 246 671 333 313 824 258 272 303 782 173 692 798 739 645 718 389 415 480 97 439 344 321 254 494 471 323 420 212 508 228 156 506 447 494 750 805 462 323 291 477 393 183 162 565 667 517 495 486 499 548 292 278 167 371 439 743 745 179 802 669 246 0 341 155 516 280 599 324 684 479 375 427 386 846 681 662 799 377 795 355 223
61 123 529 70 112 682 117 107 434 640 203 550 656 597 503 576 247 101 258 273 125 65 274 206 180 157 59 106 152 194 359 288 192 133 272 608 663 222 112 191 255 80 189 294 251 525 295 407 172 277 234 400 231 299 340 125 601 603 197 660 527 126 341 0 222 295 412 458 104 542 165 345 187 94 704 539 520 657 235 653 213 176
229 127 552 215 236 705 139 153 425 663 272 573 679 620 526 599 270 296 453 110 321 225 202 135 375 352 204 301 93 389 350 279 387 328 468 631 686 344 246 172 451 275 65 213 446 548 491 602 367 472 430 415 159 290 493 320 624 626 266 683 550 127 155 222 0 490 403 653 247 565 360 497 309 267 727 563 543 680 258 677 236 104
291 391 759 305 380 912 385 375 470 870 471 780 886 827 733 806 477 225 115 541 356 295 542 475 147 200 314 242 421 169 325 399 194 363 43 838 893 452 380 422 112 249 457 462 252 755 152 264 160 80 236 257 462 385 197 262 831 833 465 890 757 394 516 295 490 0 447 315 372 772 208 202 417 325 935 770 750 887 465 884 443 444
419 382 883 404 376 1035 376 365 98 994 236 903 1010 951 856 930 601 486 410 345 510 415 532 465 442 495 394 490 411 464 158 163 489 518 425 962 1017 606 386 503 408 464 431 226 548 878 448 426 455 429 531 223 490 149 301 510 955 956 242 1014 881 385 280 412 403 447 0 529 387 896 503 306 571 479 1058 893 873 1011 589 1007 567 435
454 555 922 468 543 1075 548 538 552 1033 554 943 1049 990 896 969 640 388 278 664 519 458 705 638 310 363 477 406 584 332 407 482 357 527 293 1001 1056 615 544 585 276 412 620 544 416 918 316 346 323 297 399 340 625 467 279 425 994 996 560 1053 921 557 599 458 653 315 529 0 535 936 371 284 580 488 1098 933 913 1051 628 1047 606 607
111 148 606 96 44 758 142 132 409 717 178 626 733 674 579 653 324 178 335 298 202 107 299 232 257 234 86 182 178 271 334 263 269 210 349 685 740 298 45 268 332 156 214 269 328 601 372 484 248 354 311 399 256 274 417 202 678 679 172 737 604 151 324 104 247 372 387 535 0 619 242 421 263 171 781 616 596 734 312 730 290 201
538 542 113 553 627 266 554 568 918 308 688 51 241 182 64 161 329 579 736 616 561 542 400 470 658 635 561 583 508 672 843 772 670 569 750 192 248 558 628 429 733 557 532 743 728 109 773 885 649 755 712 878 469 783 818 602 185 187 682 328 112 543 684 542 565 772 896 936 619 0 643 822 523 482 289 124 188 242 339 238 371 498
161 262 629 176 250 782 256 245 526 740 342 650 757 698 603 677 348 95 171 411 226 165 412 345 93 70 184 113 291 107 381 426 105 234 186 708 764 322 251 292 169 119 327 433 164 625 209 320 85 190 148 314 332 437 253 132 701 703 336 761 628 264 479 165 360 208 503 371 242 643 0 258 287 195 805 640 620 758 335 754 313 314
341 441 809 355 430 961 435 424 328 920 331 830 936 877 782 856 527 274 165 440 405 344 591 524 196 250 363 292 470 218 183 258 244 413 179 888 943 501 430 471 162 298 507 321 302 804 202 185 210 184 286 116 511 244 54 311 881 882 337 940 807 444 375 345 497 202 306 284 421 822 258 0 466 374 984 819 800 937 515 933 493 494
183 283 510 197 272 662 277 266 594 621 363 530 637 578 483 557 228 223 380 359 205 187 360 293 302 279 205 228 252 316 519 448 314 213 394 589 644 77 272 172 377 201 276 454 373 505 417 529 294 399 356 522 212 459 462 247 582 583 357 641 508 286 427 187 309 417 571 580 263 523 287 466 0 126 685 520 501 638 216 634 194 262
91 191 468 105 180 621 185 174 502 579 271 489 595 536 442 515 186 131 288 318 113 94 319 252 210 187 113 135 210 224 427 355 222 121 302 547 602 161 180 131 285 109 234 362 281 464 325 437 201 307 264 430 171 366 370 155 540 542 265 599 467 194 386 94 267 325 479 488 171 482 195 374 126 0 644 479 459 597 174 593 152 221
701 705 217 715 790 83 716 730 1081 470 850 296 221 137 249 152 491 741 898 778 723 704 563 632 820 797 723 745 670 834 1005 934 832 731 912 120 92 720 790 591 895 719 695 905 891 266 935 1047 811 917 874 1040 631 945 980 765 166 125 844 491 227 705 846 704 727 935 1058 1098 781 289 805 984 685 644 0 198 350 222 501 218 533 660
536 540 52 550 625 175 551 565 916 305 685 131 150 91 84 70 326 576 733 613 558 539 398 467 655 632 558 580 506 669 841 769 667 566 747 102 157 555 625 426 730 554 530 740 726 101 770 882 646 752 709 875 466 780 815 600 94 96 679 326 62 540 681 539 563 770 893 933 616 124 640 819 520 479 198 0 185 151 336 147 368 496
516 520 175 530 605 327 532 546 896 164 665 196 302 243 148 222 307 556 713 594 539 520 378 447 635 612 538 561 486 649 821 750 647 546 727 254 309 535 605 407 710 535 510 720 706 170 750 862 627 732 689 855 447 761 795 580 247 248 659 184 173 520 662 520 543 750 873 913 596 188 620 800 501 459 350 185 0 303 316 299 349 476
653 657 170 668 742 199 669 683 1033 423 803 249 42 115 202 104 444 694 851 731 676 657 515 585 773 750 676 698 623 787 958 887 785 684 865 126 181 673 743 544 848 672 647 858 843 219 888 1000 764 869 827 993 584 898 933 717 95 120 796 443 180 658 799 657 680 887 1011 1051 734 242 758 937 638 597 222 151 303 0 454 39 486 613
231 235 325 245 320 478 247 261 611 436 380 346 453 393 299 373 90 271 428 309 254 235 242 243 351 328 254 276 201 364 536 465 363 262 443 404 459 251 320 122 426 250 225 435 421 321 466 578 342 447 405 571 162 476 510 295 397 399 374 456 324 235 377 235 258 465 589 628 312 339 335 515 216 174 501 336 316 454 0 450 64 212
650 654 166 664 739 196 665 679 1030 419 799 245 38 111 198 101 440 690 847 727 672 653 512 581 769 746 672 694 620 783 955 883 781 680 861 122 177 669 739 540 844 668 644 854 840 215 884 996 760 866 823 989 580 894 929 714 92 117 793 440 176 654 795 653 677 884 1007 1047 730 238 754 933 634 593 218 147 299 39 450 0 482 610
209 213 358 223 298 511 225 239 589 469 358 379 485 426 332 405 76 249 406 287 232 213 275 221 329 306 232 254 179 342 514 443 341 240 421 437 492 229 298 100 404 228 203 413 399 353 444 556 320 425 383 549 140 454 488 273 430 431 352 489 356 213 355 213 236 443 567 606 290 371 313 493 194 152 533 368 349 486 64 482 0 190
183 81 485 168 190 638 93 107 457 596 226 506 612 553 459 532 224 250 407 155 274 179 130 89 329 306 158 255 47 343 382 311 341 282 421 564 619 297 200 126 404 229 71 281 400 481 444 556 321 426 383 447 113 322 489 274 557 559 220 616 483 81 223 176 104 444 435 607 201 498 314 494 262 221 660 496 476 613 212 610 190 0
EOF