NAME : tsp_problem
TYPE : TSP
DIMENSION : 24
EDGE_WEIGHT_TYPE : EXPLICIT
EDGE_WEIGHT_FORMAT : FULL_MATRIX
EDGE_WEIGHT_SECTION
0 706 647 877 881 233 597 113 525 636 385 771 696 564 630 658 662 168 558 730 956 73 572 208
706 0 395 266 270 790 270 670 353 254 484 378 82 281 248 234 410 580 374 82 516 663 388 765
647 395 0 465 571 731 154 611 161 367 338 240 385 321 361 259 127 521 219 420 375 604 234 706
877 266 465 0 174 961 441 841 524 425 655 308 256 452 419 405 456 751 545 290 311 834 560 936
881 270 571 174 0 966 445 846 529 429 660 423 260 457 423 409 570 756 549 294 425 838 564 940
233 790 731 961 966 0 682 158 609 720 470 855 781 648 714 742 746 253 642 815 1040 190 657 198
597 270 154 441 445 682 0 562 112 242 289 202 260 269 236 133 168 472 170 294 387 555 184 656
113 670 611 841 846 158 562 0 489 600 349 735 660 528 594 622 626 132 522 694 920 70 536 133
525 353 161 524 529 609 112 489 0 325 212 285 343 279 319 216 176 399 177 377 470 482 192 584
636 254 367 425 429 720 242 600 325 0 414 350 244 211 35 205 381 510 303 278 535 593 318 695
385 484 338 655 660 470 289 349 212 414 0 462 474 342 408 394 353 260 336 508 647 342 350 444
771 378 240 308 423 855 202 735 285 350 462 0 368 377 344 207 232 645 343 403 219 728 358 830
696 82 385 256 260 781 260 660 343 244 474 368 0 271 238 224 400 571 364 66 507 653 379 755
564 281 321 452 457 648 269 528 279 211 342 377 271 0 205 233 336 438 232 305 562 521 246 623
630 248 361 419 423 714 236 594 319 35 408 344 238 205 0 200 376 504 298 272 529 587 312 689
658 234 259 405 409 742 133 622 216 205 394 207 224 233 200 0 273 532 274 258 392 615 289 717
662 410 127 456 570 746 168 626 176 381 353 232 400 336 376 273 0 536 234 434 366 619 249 720
168 580 521 751 756 253 472 132 399 510 260 645 571 438 504 532 536 0 432 605 830 125 447 227
558 374 219 545 549 642 170 522 177 303 336 343 364 232 298 274 234 432 0 398 528 515 53 617
730 82 420 290 294 815 294 694 377 278 508 403 66 305 272 258 434 605 398 0 541 687 413 789
956 516 375 311 425 1040 387 920 470 535 647 219 507 562 529 392 366 830 528 541 0 913 543 1015
73 663 604 834 838 190 555 70 482 593 342 728 653 521 587 615 619 125 515 687 913 0 529 165
572 388 234 560 564 657 184 536 192 318 350 358 379 246 312 289 249 447 53 413 543 529 0 631
208 765 706 936 940 198 656 133 584 695 444 830 755 623 689 717 720 227 617 789 1015 165 631 0
EOF