NAME : tsp_problem
TYPE : TSP
DIMENSION : 72
EDGE_WEIGHT_TYPE : EXPLICIT
EDGE_WEIGHT_FORMAT : FULL_MATRIX
EDGE_WEIGHT_SECTION
0 815 998 540 831 131 615 902 169 667 754 781 726 426 739 341 670 826 1112 1003 508 1009 704 655 678 788 871 983 930 531 254 176 197 668 735 669 691 80 175 597 619 656 758 880 782 1034 537 885 643 638 783 768 673 682 607 791 449 865 203 45 667 931 802 717 279 97 792 681 752 780 76 716
815 0 477 350 544 776 330 155 671 276 467 494 121 430 102 720 480 539 603 256 887 262 514 265 168 479 484 236 352 323 717 678 842 424 216 205 446 775 727 255 333 411 471 493 486 287 313 498 253 393 496 482 174 437 387 505 397 478 754 814 186 336 515 234 581 741 477 284 466 493 795 139
998 477 0 502 354 958 608 359 854 498 319 346 566 701 547 902 564 350 305 420 1069 426 598 506 602 246 250 400 181 638 899 860 1024 463 513 650 485 957 909 570 611 450 323 259 252 452 628 264 517 432 306 427 597 476 426 356 580 244 937 996 592 181 326 500 763 923 243 487 411 345 977 584
540 350 502 0 335 500 150 436 396 202 259 286 260 244 273 445 175 331 617 538 612 544 209 190 213 293 376 518 435 248 441 403 567 173 269 415 196 499 451 180 153 161 262 384 287 569 238 390 178 143 287 273 208 187 111 296 122 370 479 538 202 435 307 252 305 466 297 215 257 284 520 348
831 544 354 335 0 791 441 470 687 331 152 179 483 534 496 735 397 74 469 531 902 537 431 339 435 144 227 511 287 470 732 693 857 296 351 637 318 790 742 403 444 283 156 236 139 563 460 242 349 265 68 260 430 309 259 189 412 221 770 829 425 287 49 333 596 756 149 320 244 177 810 571
131 776 958 500 791 0 576 862 129 627 714 741 686 386 699 301 630 786 1072 963 468 969 665 616 638 748 831 943 891 491 214 136 91 629 695 629 651 90 136 557 579 616 718 840 743 995 497 845 604 598 743 728 633 642 567 752 409 825 164 129 628 891 762 677 239 57 752 641 713 740 110 676
615 330 608 150 441 576 0 416 471 182 364 391 240 319 253 520 280 436 722 517 687 524 314 170 193 398 481 498 541 228 517 478 642 278 249 395 301 575 527 160 42 266 368 490 392 549 218 495 158 248 393 378 187 292 217 401 197 475 554 614 182 541 412 232 381 541 402 195 362 390 595 328
902 155 359 436 470 862 416 0 758 269 434 461 243 518 224 806 499 465 485 138 973 144 533 277 291 361 365 118 234 409 803 764 928 398 190 328 420 861 813 341 419 385 438 374 368 169 399 380 288 367 422 455 296 411 361 472 483 359 841 900 309 217 441 208 667 827 358 258 440 460 881 261
169 671 854 396 687 129 471 758 0 523 610 637 582 282 595 197 526 682 968 859 364 865 560 512 534 644 727 839 787 387 110 66 196 524 591 525 547 128 80 453 475 512 614 736 638 890 393 741 499 494 639 624 529 538 463 647 305 721 108 168 523 787 658 573 135 95 648 537 608 636 149 572
667 276 498 202 331 627 182 269 523 0 254 281 187 283 200 572 312 326 612 370 739 377 346 90 139 288 371 350 431 174 568 530 694 210 102 341 233 626 578 106 185 198 258 380 283 402 164 385 100 180 283 268 134 224 174 292 249 365 606 665 128 431 302 84 432 592 292 71 253 280 647 275
754 467 319 259 152 714 364 434 610 254 0 70 406 458 420 659 320 147 434 496 826 502 354 263 359 109 192 476 252 394 656 617 781 219 274 561 242 713 665 326 367 207 56 201 104 527 384 207 273 189 104 184 354 233 182 93 336 186 693 753 348 252 123 257 519 680 113 244 168 83 734 494
781 494 346 286 179 741 391 461 637 281 70 0 433 485 446 686 347 174 460 523 853 529 381 290 386 136 219 503 279 421 682 644 808 246 301 588 269 740 692 353 394 234 69 228 131 554 411 233 300 216 131 211 381 260 209 105 363 213 720 779 375 279 150 284 546 706 140 270 195 95 761 521
726 121 566 260 483 686 240 243 582 187 406 433 0 342 82 630 391 478 692 345 797 351 425 175 107 440 523 325 441 233 627 588 752 363 254 186 385 685 637 165 243 350 410 532 435 376 223 538 163 332 435 421 102 376 326 444 308 517 665 724 96 424 454 237 491 651 444 200 405 432 705 119
426 430 701 244 534 386 319 518 282 283 458 485 342 0 355 331 374 529 816 619 498 626 408 272 294 491 574 600 634 143 328 289 453 372 351 281 395 385 337 209 322 360 461 583 486 651 149 589 260 342 486 472 289 386 310 495 152 568 365 425 284 634 506 334 191 352 496 297 456 483 406 328
739 102 547 273 496 699 253 224 595 200 420 446 82 355 0 644 404 491 673 326 810 332 438 188 120 453 536 306 422 246 640 602 765 376 267 167 398 698 650 178 257 364 423 545 448 357 236 551 176 346 448 434 115 390 339 457 321 530 678 737 110 405 467 250 504 664 457 213 418 445 718 100
341 720 902 445 735 301 520 806 197 572 659 686 630 331 644 0 575 731 1017 908 221 914 609 560 583 693 776 888 835 435 242 204 367 573 639 573 596 300 252 502 523 561 662 784 687 939 442 790 548 543 687 673 578 587 511 696 353 770 280 339 572 835 707 622 184 266 697 586 657 684 321 621
670 480 564 175 397 630 280 499 526 312 320 347 391 374 404 575 0 392 678 600 742 606 54 320 343 354 437 580 497 378 572 533 697 234 332 545 257 629 581 310 283 222 324 446 348 631 368 451 308 204 349 334 338 248 173 357 252 431 609 669 332 497 368 314 435 596 358 301 318 346 650 478
826 539 350 331 74 786 436 465 682 326 147 174 478 529 491 731 392 0 464 527 898 533 426 335 431 140 223 507 282 466 727 689 853 291 346 633 314 785 737 398 439 279 151 232 134 558 456 237 345 261 64 256 426 305 254 185 408 217 765 824 420 282 46 329 591 751 144 315 240 173 806 566
1112 603 305 617 469 1072 722 485 968 612 434 460 692 816 673 1017 678 464 0 547 1184 553 713 621 717 360 365 527 343 752 1014 975 1139 577 633 777 600 1071 1023 684 725 565 437 373 367 578 742 379 631 547 421 542 712 591 541 471 694 359 1051 1111 706 343 440 615 877 1038 358 602 526 459 1092 710
1003 256 420 538 531 963 517 138 859 370 496 523 345 619 326 908 600 527 547 0 1075 23 634 379 392 423 427 60 295 510 904 866 1030 499 292 429 522 962 914 442 521 487 500 436 429 95 500 441 389 469 483 557 397 513 462 533 585 421 942 1001 410 279 503 309 768 928 420 360 541 522 983 363
508 887 1069 612 902 468 687 973 364 739 826 853 797 498 810 221 742 898 1184 1075 0 1081 776 727 750 860 942 1055 1002 602 409 371 534 740 806 740 763 467 419 669 690 728 829 951 854 1106 609 957 715 710 854 840 745 754 678 863 520 937 447 506 739 1002 874 789 351 433 864 752 824 851 487 788
1009 262 426 544 537 969 524 144 865 377 502 529 351 626 332 914 606 533 553 23 1081 0 641 385 398 429 433 66 302 516 911 872 1036 505 298 435 528 968 920 448 527 493 506 442 435 101 506 448 395 475 490 563 404 519 469 540 591 427 948 1008 416 285 509 315 774 935 426 366 547 528 989 369
704 514 598 209 431 665 314 533 560 346 354 381 425 408 438 609 54 426 713 634 776 641 0 354 377 388 471 614 531 412 606 567 731 269 366 579 291 664 616 344 318 256 358 480 383 666 402 485 342 238 383 369 372 282 207 392 286 465 643 703 366 531 402 348 470 630 392 335 353 380 684 513
655 265 506 190 339 616 170 277 512 90 263 290 175 272 188 560 320 335 621 379 727 385 354 0 127 297 380 359 439 163 557 518 682 219 111 329 242 615 567 95 173 207 266 388 291 410 153 394 93 189 291 277 122 233 182 300 237 374 594 654 117 439 311 93 421 581 301 80 261 288 635 263
678 168 602 213 435 638 193 291 534 139 359 386 107 294 120 583 343 431 717 392 750 398 377 127 0 393 476 372 488 185 579 541 705 315 206 233 338 637 589 117 196 303 362 484 387 424 175 490 115 285 387 373 54 329 278 396 260 470 617 676 49 472 407 189 443 604 397 153 357 384 658 167
788 479 246 293 144 748 398 361 644 288 109 136 440 491 453 693 354 140 360 423 860 429 388 297 393 0 119 403 178 428 689 651 814 253 308 595 275 747 699 360 401 241 113 128 67 454 418 133 307 223 97 217 387 267 216 147 370 113 727 786 382 178 116 291 553 713 57 277 202 135 767 528
871 484 250 376 227 831 481 365 727 371 192 219 523 574 536 776 437 223 365 427 942 433 471 380 476 119 0 407 183 511 772 734 897 336 391 657 358 830 782 443 484 324 196 46 125 458 501 70 390 306 180 300 470 350 299 229 453 31 810 869 465 183 199 374 636 796 116 360 285 218 850 590
983 236 400 518 511 943 498 118 839 350 476 503 325 600 306 888 580 507 527 60 1055 66 614 359 372 403 407 0 276 490 885 846 1010 479 272 409 502 942 894 422 501 467 480 416 409 91 480 421 369 449 463 537 377 493 442 513 565 401 922 982 390 259 483 289 748 909 400 340 521 502 963 343
930 352 181 435 287 891 541 234 787 431 252 279 441 634 422 835 497 282 343 295 1002 302 531 439 488 178 183 276 0 570 832 793 957 395 388 525 418 890 842 502 544 383 255 192 185 327 560 197 449 365 239 360 494 409 359 289 512 177 869 929 506 51 258 405 696 856 176 420 344 277 910 459
531 323 638 248 470 491 228 409 387 174 394 421 233 143 246 435 378 466 752 510 602 516 412 163 185 428 511 490 570 0 432 393 557 350 242 279 373 490 442 100 231 338 398 520 422 541 83 525 150 320 423 408 180 364 314 431 257 505 470 529 175 570 442 224 296 456 432 188 392 420 510 321
254 717 899 441 732 214 517 803 110 568 656 682 627 328 640 242 572 727 1014 904 409 911 606 557 579 689 772 885 832 432 0 116 280 570 636 570 592 213 165 498 520 558 659 781 684 936 438 787 545 540 684 670 574 584 508 693 350 766 193 252 569 832 703 618 180 179 693 582 654 681 233 618
176 678 860 403 693 136 478 764 66 530 617 644 588 289 602 204 533 689 975 866 371 872 567 518 541 651 734 846 793 393 116 0 203 531 597 531 554 135 87 460 481 519 620 742 645 897 400 748 506 501 645 631 536 545 469 654 311 728 115 174 530 793 665 580 142 101 655 544 615 642 156 579
197 842 1024 567 857 91 642 928 196 694 781 808 752 453 765 367 697 853 1139 1030 534 1036 731 682 705 814 897 1010 957 557 280 203 0 695 761 695 718 156 202 624 645 683 784 906 809 1061 564 912 670 665 809 795 700 709 633 818 475 891 230 196 694 957 829 744 306 124 819 707 779 806 177 743
668 424 463 173 296 629 278 398 524 210 219 246 363 372 376 573 234 291 577 499 740 505 269 219 315 253 336 479 395 350 570 531 695 0 231 517 49 628 580 282 282 36 223 345 247 530 340 350 229 55 248 233 310 37 97 256 250 330 607 667 304 395 267 213 434 594 257 200 217 245 648 451
735 216 513 269 351 695 249 190 591 102 274 301 254 351 267 639 332 346 633 292 806 298 366 111 206 308 391 272 388 242 636 597 761 231 0 390 253 694 646 174 252 218 278 400 303 323 232 406 121 200 303 289 201 244 194 312 316 385 674 733 196 371 322 55 500 660 312 91 273 300 714 323
669 205 650 415 637 629 395 328 525 341 561 588 186 281 167 573 545 633 777 429 740 435 579 329 233 595 657 409 525 279 570 531 695 517 390 0 540 628 580 319 398 505 565 666 589 461 285 671 317 487 589 575 238 531 480 598 395 651 608 667 251 509 609 391 434 594 599 355 559 586 648 104
691 446 485 196 318 651 301 420 547 233 242 269 385 395 398 596 257 314 600 522 763 528 291 242 338 275 358 502 418 373 592 554 718 49 253 540 0 650 602 305 304 59 245 367 270 553 363 373 252 77 270 256 333 62 119 279 273 352 630 689 327 418 290 236 456 616 280 222 240 267 671 473
80 775 957 499 790 90 575 861 128 626 713 740 685 385 698 300 629 785 1071 962 467 968 664 615 637 747 830 942 890 490 213 135 156 628 694 628 650 0 135 556 578 615 717 839 742 994 496 844 602 597 742 727 632 641 566 751 408 824 162 79 627 890 761 676 238 56 751 640 712 739 60 675
175 727 909 451 742 136 527 813 80 578 665 692 637 337 650 252 581 737 1023 914 419 920 616 567 589 699 782 894 842 442 165 87 202 580 646 580 602 135 0 508 530 567 669 791 694 945 448 796 554 549 694 679 584 593 518 703 360 776 67 174 579 842 713 628 190 101 703 592 664 691 155 627
597 255 570 180 403 557 160 341 453 106 326 353 165 209 178 502 310 398 684 442 669 448 344 95 117 360 443 422 502 100 498 460 624 282 174 319 305 556 508 0 163 270 330 452 354 473 90 457 82 252 355 340 112 296 246 363 227 437 536 595 107 502 374 156 362 522 364 120 324 352 577 253
619 333 611 153 444 579 42 419 475 185 367 394 243 322 257 523 283 439 725 521 690 527 318 173 196 401 484 501 544 231 520 481 645 282 252 398 304 578 530 163 0 269 371 493 396 552 221 498 161 251 396 381 191 295 220 405 200 478 558 617 185 544 415 235 384 544 405 199 366 393 598 331
656 411 450 161 283 616 266 385 512 198 207 234 350 360 364 561 222 279 565 487 728 493 256 207 303 241 324 467 383 338 558 519 683 36 218 505 59 615 567 270 269 0 210 332 235 518 328 338 217 65 235 221 298 50 84 244 238 318 595 655 292 383 255 201 421 582 245 188 205 232 636 438
758 471 323 262 156 718 368 438 614 258 56 69 410 461 423 662 324 151 437 500 829 506 358 266 362 113 196 480 255 398 659 620 784 223 278 565 245 717 669 330 371 210 0 205 107 531 388 210 277 192 108 187 357 236 186 92 340 190 697 756 352 255 127 260 523 683 117 247 171 82 737 498
880 493 259 384 236 840 490 374 736 380 201 228 532 583 545 784 446 232 373 436 951 442 480 388 484 128 46 416 192 520 781 742 906 345 400 666 367 839 791 452 493 332 205 0 134 467 510 79 399 314 188 309 479 358 308 238 462 40 819 878 474 192 208 383 645 805 125 369 293 227 859 599
782 486 252 287 139 743 392 368 638 283 104 131 435 486 448 687 348 134 367 429 854 435 383 291 387 67 125 409 185 422 684 645 809 247 303 589 270 742 694 354 396 235 107 134 0 461 412 140 301 217 91 212 382 261 211 141 364 120 721 781 376 185 110 285 548 708 64 272 196 129 762 523
1034 287 452 569 563 995 549 169 890 402 527 554 376 651 357 939 631 558 578 95 1106 101 666 410 424 454 458 91 327 541 936 897 1061 530 323 461 553 994 945 473 552 518 531 467 461 0 531 473 420 500 515 588 429 544 494 565 616 452 973 1033 441 310 534 341 799 960 451 391 572 553 1014 394
537 313 628 238 460 497 218 399 393 164 384 411 223 149 236 442 368 456 742 500 609 506 402 153 175 418 501 480 560 83 438 400 564 340 232 285 363 496 448 90 221 328 388 510 412 531 0 515 140 310 413 398 170 354 304 421 263 495 476 535 165 560 432 214 302 462 422 178 382 410 517 311
885 498 264 390 242 845 495 380 741 385 207 233 538 589 551 790 451 237 379 441 957 448 485 394 490 133 70 421 197 525 787 748 912 350 406 671 373 844 796 457 498 338 210 79 140 473 515 0 404 320 194 315 485 364 313 244 467 64 824 884 479 197 213 388 650 811 131 375 299 232 865 605
643 253 517 178 349 604 158 288 499 100 273 300 163 260 176 548 308 345 631 389 715 395 342 93 115 307 390 369 449 150 545 506 670 229 121 317 252 602 554 82 161 217 277 399 301 420 140 404 0 199 302 287 110 243 193 310 225 384 582 642 105 449 321 103 408 569 311 90 271 299 623 251
638 393 432 143 265 598 248 367 494 180 189 216 332 342 346 543 204 261 547 469 710 475 238 189 285 223 306 449 365 320 540 501 665 55 200 487 77 597 549 252 251 65 192 314 217 500 310 320 199 0 217 203 280 68 66 226 220 300 577 637 274 365 237 183 403 564 227 170 187 214 618 420
783 496 306 287 68 743 393 422 639 283 104 131 435 486 448 687 349 64 421 483 854 490 383 291 387 97 180 463 239 423 684 645 809 248 303 589 270 742 694 355 396 235 108 188 91 515 413 194 302 217 0 212 382 261 211 141 364 174 722 781 377 239 40 285 548 708 101 272 196 130 762 523
768 482 427 273 260 728 378 455 624 268 184 211 421 472 434 673 334 256 542 557 840 563 369 277 373 217 300 537 360 408 670 631 795 233 289 575 256 727 679 340 381 221 187 309 212 588 398 315 287 203 212 0 368 247 197 221 350 294 707 767 362 360 232 271 533 694 222 258 45 209 748 509
673 174 597 208 430 633 187 296 529 134 354 381 102 289 115 578 338 426 712 397 745 404 372 122 54 387 470 377 494 180 574 536 700 310 201 238 333 632 584 112 191 298 357 479 382 429 170 485 110 280 382 368 0 324 273 391 255 464 612 671 44 477 402 184 438 598 392 148 352 379 653 172
682 437 476 187 309 642 292 411 538 224 233 260 376 386 390 587 248 305 591 513 754 519 282 233 329 267 350 493 409 364 584 545 709 37 244 531 62 641 593 296 295 50 236 358 261 544 354 364 243 68 261 247 324 0 110 270 264 344 621 681 318 409 281 227 447 608 271 214 231 258 662 464
607 387 426 111 259 567 217 361 463 174 182 209 326 310 339 511 173 254 541 462 678 469 207 182 278 216 299 442 359 314 508 469 633 97 194 480 119 566 518 246 220 84 186 308 211 494 304 313 193 66 211 197 273 110 0 220 188 293 546 605 268 359 230 176 372 532 220 163 181 208 586 414
791 505 356 296 189 752 401 472 647 292 93 105 444 495 457 696 357 185 471 533 863 540 392 300 396 147 229 513 289 431 693 654 818 256 312 598 279 751 703 363 405 244 92 238 141 565 421 244 310 226 141 221 391 270 220 0 373 224 730 790 386 289 161 294 557 717 151 281 205 118 771 532
449 397 580 122 412 409 197 483 305 249 336 363 308 152 321 353 252 408 694 585 520 591 286 237 260 370 453 565 512 257 350 311 475 250 316 395 273 408 360 227 200 238 340 462 364 616 263 467 225 220 364 350 255 264 188 373 0 447 388 447 249 512 384 299 214 374 374 263 334 361 428 395
865 478 244 370 221 825 475 359 721 365 186 213 517 568 530 770 431 217 359 421 937 427 465 374 470 113 31 401 177 505 766 728 891 330 385 651 352 824 776 437 478 318 190 40 120 452 495 64 384 300 174 294 464 344 293 224 447 0 804 863 459 177 193 368 630 790 110 354 279 212 844 584
203 754 937 479 770 164 554 841 108 606 693 720 665 365 678 280 609 765 1051 942 447 948 643 594 617 727 810 922 869 470 193 115 230 607 674 608 630 162 67 536 558 595 697 819 721 973 476 824 582 577 722 707 612 621 546 730 388 804 0 202 606 870 741 656 218 129 731 620 691 719 183 655
45 814 996 538 829 129 614 900 168 665 753 779 724 425 737 339 669 824 1111 1001 506 1008 703 654 676 786 869 982 929 529 252 174 196 667 733 667 689 79 174 595 617 655 756 878 781 1033 535 884 642 637 781 767 671 681 605 790 447 863 202 0 666 929 800 715 277 95 790 679 751 778 67 714
667 186 592 202 425 628 182 309 523 128 348 375 96 284 110 572 332 420 706 410 739 416 366 117 49 382 465 390 506 175 569 530 694 304 196 251 327 627 579 107 185 292 352 474 376 441 165 479 105 274 377 362 44 318 268 386 249 459 606 666 0 490 396 178 433 593 386 142 347 374 647 184
931 336 181 435 287 891 541 217 787 431 252 279 424 634 405 835 497 282 343 279 1002 285 531 439 472 178 183 259 51 570 832 793 957 395 371 509 418 890 842 502 544 383 255 192 185 310 560 197 449 365 239 360 477 409 359 289 512 177 870 929 490 0 259 389 696 856 176 420 344 277 910 442
802 515 326 307 49 762 412 441 658 302 123 150 454 506 467 707 368 46 440 503 874 509 402 311 407 116 199 483 258 442 703 665 829 267 322 609 290 761 713 374 415 255 127 208 110 534 432 213 321 237 40 232 402 281 230 161 384 193 741 800 396 259 0 305 567 727 120 291 216 149 782 542
717 234 500 252 333 677 232 208 573 84 257 284 237 334 250 622 314 329 615 309 789 315 348 93 189 291 374 289 405 224 618 580 744 213 55 391 236 676 628 156 235 201 260 383 285 341 214 388 103 183 285 271 184 227 176 294 299 368 656 715 178 389 305 0 482 643 295 74 255 282 697 325
279 581 763 305 596 239 381 667 135 432 519 546 491 191 504 184 435 591 877 768 351 774 470 421 443 553 636 748 696 296 180 142 306 434 500 434 456 238 190 362 384 421 523 645 548 799 302 650 408 403 548 533 438 447 372 557 214 630 218 277 433 696 567 482 0 204 557 446 518 545 259 481
97 741 923 466 756 57 541 827 95 592 680 706 651 352 664 266 596 751 1038 928 433 935 630 581 604 713 796 909 856 456 179 101 124 594 660 594 616 56 101 522 544 582 683 805 708 960 462 811 569 564 708 694 598 608 532 717 374 790 129 95 593 856 727 643 204 0 717 606 678 705 77 642
792 477 243 297 149 752 402 358 648 292 113 140 444 496 457 697 358 144 358 420 864 426 392 301 397 57 116 400 176 432 693 655 819 257 312 599 280 751 703 364 405 245 117 125 64 451 422 131 311 227 101 222 392 271 220 151 374 110 731 790 386 176 120 295 557 717 0 281 206 139 772 532
681 284 487 215 320 641 195 258 537 71 244 270 200 297 213 586 301 315 602 360 752 366 335 80 153 277 360 340 420 188 582 544 707 200 91 355 222 640 592 120 199 188 247 369 272 391 178 375 90 170 272 258 148 214 163 281 263 354 620 679 142 420 291 74 446 606 281 0 242 269 660 288
752 466 411 257 244 713 362 440 608 253 168 195 405 456 418 657 318 240 526 541 824 547 353 261 357 202 285 521 344 392 654 615 779 217 273 559 240 712 664 324 366 205 171 293 196 572 382 299 271 187 196 45 352 231 181 205 334 279 691 751 347 344 216 255 518 678 206 242 0 193 732 493
780 493 345 284 177 740 390 460 636 280 83 95 432 483 445 684 346 173 459 522 851 528 380 288 384 135 218 502 277 420 681 642 806 245 300 586 267 739 691 352 393 232 82 227 129 553 410 232 299 214 130 209 379 258 208 118 361 212 719 778 374 277 149 282 545 705 139 269 193 0 759 520
76 795 977 520 810 110 595 881 149 647 734 761 705 406 718 321 650 806 1092 983 487 989 684 635 658 767 850 963 910 510 233 156 177 648 714 648 671 60 155 577 598 636 737 859 762 1014 517 865 623 618 762 748 653 662 586 771 428 844 183 67 647 910 782 697 259 77 772 660 732 759 0 696
716 139 584 348 571 676 328 261 572 275 494 521 119 328 100 621 478 566 710 363 788 369 513 263 167 528 590 343 459 321 618 579 743 451 323 104 473 675 627 253 331 438 498 599 523 394 311 605 251 420 523 509 172 464 414 532 395 584 655 714 184 442 542 325 481 642 532 288 493 520 696 0
EOF