NAME : tsp_problem
TYPE : TSP
DIMENSION : 55
EDGE_WEIGHT_TYPE : EXPLICIT
EDGE_WEIGHT_FORMAT : FULL_MATRIX
EDGE_WEIGHT_SECTION
0 1032 104 491 586 436 616 602 313 568 276 506 409 497 602 454 32 480 1100 497 1032 960 211 413 520 875 390 432 473 444 579 592 432 429 549 437 533 1003 1036 79 914 950 478 916 523 879 480 527 433 415 489 502 914 1020 491
1032 0 1022 914 481 859 675 652 927 759 786 565 688 776 652 637 1034 903 512 734 179 107 862 965 547 203 712 1011 1025 868 638 486 669 716 786 806 565 416 51 982 243 129 757 140 672 208 903 806 802 967 768 926 155 261 569
104 1022 0 481 576 426 606 592 303 558 266 496 399 487 592 444 106 470 1090 487 1022 950 201 403 510 865 380 422 463 434 569 582 422 420 539 427 523 993 1026 69 904 940 469 906 513 869 470 517 423 405 479 493 904 1010 481
491 914 481 0 468 146 631 453 214 325 477 521 348 207 453 468 493 190 981 566 914 842 452 252 447 756 372 298 311 155 593 474 500 376 618 147 383 885 917 441 796 831 189 798 373 761 190 237 143 253 199 73 796 902 469
586 481 576 468 0 413 353 206 481 312 339 243 242 330 205 190 588 457 548 288 480 408 416 519 101 323 266 565 579 422 315 40 222 269 340 360 118 451 484 536 363 398 311 365 226 328 457 360 356 521 322 480 362 468 123
436 859 426 146 413 0 576 398 159 270 422 466 293 153 398 414 438 96 926 511 859 787 397 197 392 701 317 243 257 61 539 419 446 321 563 93 328 830 863 386 741 776 134 743 319 706 96 182 88 199 144 158 741 847 414
616 675 606 631 353 576 0 436 644 475 369 145 316 493 436 220 618 620 742 317 675 603 445 682 287 517 297 727 741 584 134 358 252 344 369 523 349 646 679 566 557 592 474 559 430 522 620 522 518 683 484 642 557 663 258
602 652 592 453 206 398 436 0 466 297 355 327 227 315 38 274 604 442 719 371 652 579 432 504 185 494 251 550 564 407 399 211 306 254 423 345 121 622 655 552 534 569 296 536 211 499 442 345 341 505 307 465 533 640 206
313 927 303 214 481 159 644 466 0 338 340 534 361 221 466 482 315 203 995 561 927 855 274 136 460 770 385 182 196 168 607 487 495 389 613 161 397 898 931 263 810 845 202 811 387 774 203 250 156 138 213 226 809 915 482
568 759 558 325 312 270 475 297 338 0 321 365 192 187 297 313 570 314 826 410 758 686 397 376 291 601 216 422 436 279 438 318 345 220 462 217 228 729 762 518 641 676 168 643 218 606 314 217 213 378 179 337 640 746 313
276 786 266 477 339 422 369 355 340 321 0 260 162 339 355 207 278 466 853 304 785 713 105 440 273 628 143 459 500 430 332 345 239 183 356 369 286 756 789 226 668 703 320 670 276 633 466 368 364 442 330 488 667 773 245
506 565 496 521 243 466 145 327 534 365 260 0 206 383 326 110 508 510 633 208 565 493 336 572 177 408 187 618 631 475 108 248 143 234 260 413 239 536 569 456 448 483 364 449 320 412 510 413 408 573 375 533 447 553 148
409 688 399 348 242 293 316 227 361 192 162 206 0 210 227 154 411 337 755 251 688 615 238 399 220 530 57 445 458 302 279 247 186 61 303 240 157 658 691 359 570 605 191 572 147 535 337 240 236 400 202 360 570 676 191
497 776 487 207 330 153 493 315 221 187 339 383 210 0 315 330 499 197 843 428 776 704 415 258 309 618 234 304 318 161 455 336 363 238 480 99 245 747 780 447 658 693 51 660 236 623 197 99 95 260 61 219 658 764 331
602 652 592 453 205 398 436 38 466 297 355 326 227 315 0 274 604 442 719 371 651 579 431 504 184 494 251 549 563 406 399 211 306 254 423 345 121 622 655 552 534 569 296 536 210 499 442 344 340 505 306 464 533 639 206
454 637 444 468 190 414 220 274 482 313 207 110 154 330 274 0 456 458 704 155 636 564 283 519 124 479 135 565 579 422 183 196 90 182 207 360 187 607 640 404 519 554 312 521 268 484 458 360 356 521 322 480 518 624 95
32 1034 106 493 588 438 618 604 315 570 278 508 411 499 604 456 0 482 1101 499 1034 962 212 415 522 876 392 434 474 446 581 594 433 431 551 439 534 1005 1037 81 916 951 480 918 525 881 482 529 435 416 491 504 916 1022 493
480 903 470 190 457 96 620 442 203 314 466 510 337 197 442 458 482 0 970 555 903 831 441 241 436 745 361 287 301 57 583 463 490 365 607 136 372 874 907 430 785 820 178 787 363 750 93 226 132 243 188 202 785 891 458
1100 512 1090 981 548 926 742 719 995 826 853 633 755 843 719 704 1101 970 0 801 512 440 929 1032 614 355 779 1078 1092 935 705 553 736 783 853 873 632 122 516 1049 394 429 825 396 739 359 971 873 869 1034 835 993 394 500 636
497 734 487 566 288 511 317 371 561 410 304 208 251 428 371 155 499 555 801 0 733 661 326 616 221 576 232 662 676 519 280 293 97 279 114 458 284 704 737 447 616 651 409 618 365 581 555 457 453 618 419 577 615 721 193
1032 179 1022 914 480 859 675 652 927 758 785 565 688 776 651 636 1034 903 512 733 0 107 862 965 547 203 712 1011 1024 868 638 486 668 715 786 806 564 415 183 982 243 129 757 140 671 208 903 806 802 966 768 926 155 261 569
960 107 950 842 408 787 603 579 855 686 713 493 615 704 579 564 962 831 440 661 107 0 789 892 474 131 639 938 952 795 565 414 596 643 713 734 492 343 110 910 171 56 685 67 599 136 831 733 729 894 695 853 82 188 496
211 862 201 452 416 397 445 432 274 397 105 336 238 415 431 283 212 441 929 326 862 789 0 374 350 704 219 393 434 406 408 421 261 259 378 399 362 832 865 161 744 779 396 746 352 709 442 444 394 376 407 464 743 850 321
413 965 403 252 519 197 682 504 136 376 440 572 399 258 504 519 415 241 1032 616 965 892 374 0 498 807 423 99 112 205 644 524 551 426 669 198 434 935 968 363 847 882 240 849 424 812 241 288 194 54 250 264 847 953 519
520 547 510 447 101 392 287 185 460 291 273 177 220 309 184 124 522 436 614 221 547 474 350 498 0 389 201 544 557 401 249 106 156 248 274 339 97 517 550 470 429 464 290 431 204 394 436 338 334 499 301 459 429 535 57
875 203 865 756 323 701 517 494 770 601 628 408 530 618 494 479 876 745 355 576 203 131 704 807 389 0 554 853 867 710 480 328 511 558 628 648 407 258 207 825 66 121 600 88 514 31 746 648 644 809 610 768 85 191 411
390 712 380 372 266 317 297 251 385 216 143 187 57 234 251 135 392 361 779 232 712 639 219 423 201 554 0 469 482 326 260 271 167 85 284 264 181 682 715 340 594 629 215 596 171 559 361 264 260 424 226 384 594 700 173
432 1011 422 298 565 243 727 550 182 422 459 618 445 304 549 565 434 287 1078 662 1011 938 393 99 544 853 469 0 92 251 690 570 597 472 714 244 480 981 1014 382 893 928 285 895 470 858 287 334 240 100 296 309 892 999 565
473 1025 463 311 579 257 741 564 196 436 500 631 458 318 563 579 474 301 1092 676 1024 952 434 112 557 867 482 92 0 265 704 584 611 486 728 258 494 995 1028 422 907 942 299 909 484 872 301 348 254 114 310 323 906 1012 579
444 868 434 155 422 61 584 407 168 279 430 475 302 161 406 422 446 57 935 519 868 795 406 205 401 710 326 251 265 0 547 427 454 329 571 101 337 838 871 394 750 785 142 752 327 715 58 191 97 207 153 166 749 856 422
579 638 569 593 315 539 134 399 607 438 332 108 279 455 399 183 581 583 705 280 638 565 408 644 249 480 260 690 704 547 0 321 215 307 332 485 312 608 641 529 520 555 437 522 393 485 583 485 481 646 447 605 520 626 220
592 486 582 474 40 419 358 211 487 318 345 248 247 336 211 196 594 463 553 293 486 414 421 524 106 328 271 570 584 427 321 0 228 275 345 365 124 457 490 542 368 403 317 370 231 333 463 365 361 526 327 485 368 474 128
432 669 422 500 222 446 252 306 495 345 239 143 186 363 306 90 433 490 736 97 668 596 261 551 156 511 167 597 611 454 215 228 0 214 149 392 219 639 672 382 551 586 344 553 300 516 490 392 388 553 354 512 550 656 128
429 716 420 376 269 321 344 254 389 220 183 234 61 238 254 182 431 365 783 279 715 643 259 426 248 558 85 472 486 329 307 275 214 0 331 268 185 686 719 379 598 633 219 600 175 563 365 267 263 428 229 387 597 703 219
549 786 539 618 340 563 369 423 613 462 356 260 303 480 423 207 551 607 853 114 786 713 378 669 274 628 284 714 728 571 332 345 149 331 0 510 336 756 789 499 668 703 461 670 417 633 607 509 505 670 471 629 667 774 245
437 806 427 147 360 93 523 345 161 217 369 413 240 99 345 360 439 136 873 458 806 734 399 198 339 648 264 244 258 101 485 365 392 268 510 0 275 777 809 387 688 723 81 690 265 653 137 129 35 200 91 159 688 794 361
533 565 523 383 118 328 349 121 397 228 286 239 157 245 121 187 534 372 632 284 564 492 362 434 97 407 181 480 494 337 312 124 219 185 336 275 0 535 568 483 447 482 227 449 141 412 373 275 271 436 237 395 446 552 119
1003 416 993 885 451 830 646 622 898 729 756 536 658 747 622 607 1005 874 122 704 415 343 832 935 517 258 682 981 995 838 608 457 639 686 756 777 535 0 419 953 298 333 728 300 642 263 874 776 772 937 738 896 297 403 539
1036 51 1026 917 484 863 679 655 931 762 789 569 691 780 655 640 1037 907 516 737 183 110 865 968 550 207 715 1014 1028 871 641 490 672 719 789 809 568 419 0 986 247 132 761 143 675 212 907 809 805 970 771 929 158 264 572
79 982 69 441 536 386 566 552 263 518 226 456 359 447 552 404 81 430 1049 447 982 910 161 363 470 825 340 382 422 394 529 542 382 379 499 387 483 953 986 0 864 899 428 866 473 829 430 477 383 364 439 452 864 970 441
914 243 904 796 363 741 557 534 810 641 668 448 570 658 534 519 916 785 394 616 243 171 744 847 429 66 594 893 907 750 520 368 551 598 668 688 447 298 247 864 0 161 640 127 554 71 785 688 684 849 650 808 125 231 451
950 129 940 831 398 776 592 569 845 676 703 483 605 693 569 554 951 820 429 651 129 56 779 882 464 121 629 928 942 785 555 403 586 633 703 723 482 333 132 899 161 0 675 57 589 125 821 723 719 884 685 843 72 178 486
478 757 469 189 311 134 474 296 202 168 320 364 191 51 296 312 480 178 825 409 757 685 396 240 290 600 215 285 299 142 437 317 344 219 461 81 227 728 761 428 640 675 0 641 217 604 178 80 76 241 42 200 639 745 312
916 140 906 798 365 743 559 536 811 643 670 449 572 660 536 521 918 787 396 618 140 67 746 849 431 88 596 895 909 752 522 370 553 600 670 690 449 300 143 866 127 57 641 0 556 92 787 690 686 851 652 810 39 145 453
523 672 513 373 226 319 430 211 387 218 276 320 147 236 210 268 525 363 739 365 671 599 352 424 204 514 171 470 484 327 393 231 300 175 417 265 141 642 675 473 554 589 217 556 0 519 363 265 261 426 227 385 553 659 226
879 208 869 761 328 706 522 499 774 606 633 412 535 623 499 484 881 750 359 581 208 136 709 812 394 31 559 858 872 715 485 333 516 563 633 653 412 263 212 829 71 125 604 92 519 0 750 653 649 814 615 773 90 196 416
480 903 470 190 457 96 620 442 203 314 466 510 337 197 442 458 482 93 971 555 903 831 442 241 436 746 361 287 301 58 583 463 490 365 607 137 373 874 907 430 785 821 178 787 363 750 0 226 132 243 188 202 785 891 458
527 806 517 237 360 182 522 345 250 217 368 413 240 99 344 360 529 226 873 457 806 733 444 288 338 648 264 334 348 191 485 365 392 267 509 129 275 776 809 477 688 723 80 690 265 653 226 0 125 290 91 249 687 794 360
433 802 423 143 356 88 518 341 156 213 364 408 236 95 340 356 435 132 869 453 802 729 394 194 334 644 260 240 254 97 481 361 388 263 505 35 271 772 805 383 684 719 76 686 261 649 132 125 0 196 87 155 683 790 356
415 967 405 253 521 199 683 505 138 378 442 573 400 260 505 521 416 243 1034 618 966 894 376 54 499 809 424 100 114 207 646 526 553 428 670 200 436 937 970 364 849 884 241 851 426 814 243 290 196 0 252 265 848 954 521
489 768 479 199 322 144 484 307 213 179 330 375 202 61 306 322 491 188 835 419 768 695 407 250 301 610 226 296 310 153 447 327 354 229 471 91 237 738 771 439 650 685 42 652 227 615 188 91 87 252 0 211 650 756 322
502 926 493 73 480 158 642 465 226 337 488 533 360 219 464 480 504 202 993 577 926 853 464 264 459 768 384 309 323 166 605 485 512 387 629 159 395 896 929 452 808 843 200 810 385 773 202 249 155 265 211 0 807 914 480
914 155 904 796 362 741 557 533 809 640 667 447 570 658 533 518 916 785 394 615 155 82 743 847 429 85 594 892 906 749 520 368 550 597 667 688 446 297 158 864 125 72 639 39 553 90 785 687 683 848 650 807 0 143 450
1020 261 1010 902 468 847 663 640 915 746 773 553 676 764 639 624 1022 891 500 721 261 188 850 953 535 191 700 999 1012 856 626 474 656 703 774 794 552 403 264 970 231 178 745 145 659 196 891 794 790 954 756 914 143 0 557
491 569 481 469 123 414 258 206 482 313 245 148 191 331 206 95 493 458 636 193 569 496 321 519 57 411 173 565 579 422 220 128 128 219 245 361 119 539 572 441 451 486 312 453 226 416 458 360 356 521 322 480 450 557 0
EOF
