NAME : tsp_problem
TYPE : TSP
DIMENSION : 60
EDGE_WEIGHT_TYPE : EXPLICIT
EDGE_WEIGHT_FORMAT : FULL_MATRIX
EDGE_WEIGHT_SECTION
0 154 783 837 574 91 782 244 414 345 550 741 467 360 411 381 170 722 206 852 494 433 189 473 450 96 178 433 367 267 474 462 830 412 428 361 307 374 438 748 851 743 446 398 858 425 465 846 257 97 205 342 525 705 432 93 407 335 95 191
154 0 859 913 454 167 858 320 294 254 626 816 463 435 291 365 246 798 281 928 441 509 265 549 330 172 254 313 443 147 354 537 906 292 321 437 382 450 514 823 926 819 521 474 934 501 541 922 137 173 281 418 405 781 499 168 287 411 171 267
783 859 0 95 644 726 133 669 947 1050 285 179 626 550 944 681 730 102 631 375 654 624 749 565 762 723 697 966 578 912 738 553 88 945 729 584 637 572 518 98 109 182 510 490 116 517 486 104 921 802 765 478 687 228 591 798 940 667 800 710
837 913 95 0 698 780 187 723 1001 1104 339 233 680 604 998 735 784 156 685 429 708 678 803 619 816 777 751 1020 632 966 792 607 83 999 783 638 691 626 572 152 97 236 564 544 104 571 540 92 975 856 819 532 741 282 645 852 994 721 854 764
574 454 644 698 0 537 643 481 378 576 411 602 157 429 375 317 541 583 442 713 136 503 560 348 157 534 508 397 256 342 132 337 691 376 273 262 316 250 276 609 712 604 284 297 719 300 303 707 352 593 577 358 100 566 194 588 371 390 591 521
91 167 726 780 537 0 725 187 427 358 493 684 410 302 423 323 113 665 148 795 437 376 132 416 462 54 121 446 310 280 486 404 773 425 371 304 249 317 381 691 793 686 388 341 801 368 408 789 270 110 148 285 470 648 374 105 420 278 108 134
782 858 133 187 643 725 0 668 946 1049 284 179 626 549 943 680 729 101 630 374 653 623 748 564 761 722 696 965 577 911 737 553 180 944 728 583 637 571 517 65 200 181 509 489 208 516 485 196 920 801 764 478 686 227 590 797 939 666 799 709
244 320 669 723 481 187 668 0 533 511 437 627 353 246 529 267 191 608 59 738 381 319 210 359 436 184 158 552 253 433 460 348 716 531 315 247 193 260 324 634 737 629 332 284 744 311 351 732 423 263 226 228 413 591 318 259 526 221 261 171
414 294 947 1001 378 427 946 533 0 416 714 905 387 555 33 289 506 886 494 1016 365 628 524 542 254 432 514 102 399 182 278 530 994 34 246 392 368 405 469 912 1015 907 477 490 1022 493 496 1010 192 433 541 537 329 869 423 428 37 398 431 527
345 254 1050 1104 576 358 1049 511 416 0 817 1007 585 626 413 487 437 989 472 1119 563 700 456 740 452 363 445 435 597 269 476 728 1097 414 444 590 566 603 667 1014 1117 1010 675 665 1125 692 694 1112 260 364 472 609 527 972 622 359 409 597 362 458
550 626 285 339 411 493 284 437 714 817 0 242 394 317 711 448 497 224 398 354 421 391 516 332 530 490 464 734 345 679 505 321 332 712 496 351 405 339 285 249 352 244 277 257 359 284 254 347 688 569 533 246 454 206 359 565 707 434 567 477
741 816 179 233 602 684 179 627 905 1007 242 0 584 508 902 639 688 119 588 332 612 581 707 522 720 680 654 924 536 869 695 511 226 903 687 542 595 529 475 144 247 56 467 447 254 474 444 242 879 760 723 436 644 185 549 755 898 624 758 668
467 463 626 680 157 410 626 353 387 585 394 584 0 302 383 232 414 566 314 695 114 375 433 221 166 406 380 406 129 351 141 209 673 385 280 135 188 122 148 591 694 586 156 169 701 173 175 689 360 486 449 230 109 548 66 481 380 262 484 394
360 435 550 604 429 302 549 246 555 626 317 508 302 0 552 289 307 489 207 619 329 107 326 240 438 299 273 574 253 519 413 229 597 553 337 259 215 247 273 515 618 510 281 165 625 192 300 613 529 379 342 109 362 472 267 374 548 243 377 287
411 291 944 998 375 423 943 529 33 413 711 902 383 552 0 286 502 883 491 1013 362 625 521 538 250 429 510 99 395 179 275 527 991 30 242 389 365 402 466 909 1011 904 474 487 1019 490 493 1007 189 430 537 534 326 866 420 425 33 395 428 523
381 365 681 735 317 323 680 267 289 487 448 639 232 289 286 0 328 620 228 750 260 362 347 276 192 320 294 308 133 253 217 264 728 287 71 126 102 139 203 646 749 641 211 224 756 228 230 744 263 400 363 271 268 603 197 395 282 133 398 308
170 246 730 784 541 113 729 191 506 437 497 688 414 307 502 328 0 669 153 799 442 380 39 420 497 109 125 525 314 359 521 409 777 504 375 308 254 321 385 695 798 690 393 345 805 372 412 793 349 189 55 289 474 652 379 184 499 282 187 138
722 798 102 156 583 665 101 608 886 989 224 119 566 489 883 620 669 0 570 314 593 563 688 504 701 662 636 905 517 851 677 493 149 884 668 523 577 511 457 67 170 121 449 429 177 456 425 165 860 741 704 418 626 167 530 737 879 606 739 649
206 281 631 685 442 148 630 59 494 472 398 588 314 207 491 228 153 570 0 700 342 281 172 321 397 145 119 513 215 394 422 309 678 492 276 208 154 221 285 595 698 591 293 246 706 272 312 693 384 225 188 189 374 552 279 220 487 182 223 132
852 928 375 429 713 795 374 738 1016 1119 354 332 695 619 1013 750 799 314 700 0 723 693 818 634 831 792 766 1035 647 981 807 622 422 1014 798 653 706 641 587 339 442 335 579 559 450 586 555 437 990 871 834 547 756 191 660 867 1009 736 869 779
494 441 654 708 136 437 653 381 365 563 421 612 114 329 362 260 442 593 342 723 0 403 460 249 144 434 408 384 156 329 119 237 701 363 260 162 216 150 176 619 722 614 184 197 729 200 203 717 339 513 477 258 87 576 94 509 358 290 511 421
433 509 624 678 503 376 623 319 628 700 391 581 375 107 625 362 380 563 281 693 403 0 399 314 511 373 347 647 327 593 486 302 671 626 410 333 288 320 346 588 691 584 354 239 699 266 373 686 602 452 415 183 435 546 340 448 621 317 450 360
189 265 749 803 560 132 748 210 524 456 516 707 433 326 521 347 39 688 172 818 460 399 0 439 516 128 144 544 333 378 540 428 796 522 394 327 273 340 404 714 817 709 412 364 824 391 431 812 368 208 31 308 493 671 398 203 517 301 206 157
473 549 565 619 348 416 564 359 542 740 332 522 221 240 538 276 420 504 321 634 249 314 439 0 357 413 387 561 172 506 332 56 612 540 323 178 232 166 192 529 632 525 200 107 640 85 219 627 515 492 455 168 281 487 186 487 535 306 490 400
450 330 762 816 157 462 761 436 254 452 530 720 166 438 250 192 497 701 397 831 144 511 516 357 0 467 464 273 265 218 140 345 809 252 149 271 271 258 284 727 830 722 292 305 837 309 311 825 227 468 532 366 108 684 202 464 247 302 466 477
96 172 723 777 534 54 722 184 432 363 490 680 406 299 429 320 109 662 145 792 434 373 128 413 467 0 117 451 307 285 492 401 770 430 368 300 246 313 377 687 790 683 385 338 798 364 404 785 275 115 144 281 466 644 371 111 425 274 113 130
178 254 697 751 508 121 696 158 514 445 464 654 380 273 510 294 125 636 119 766 408 347 144 387 464 117 0 533 281 367 488 375 744 511 342 275 220 287 352 661 764 657 359 312 772 339 379 760 357 197 160 256 441 619 345 192 506 249 195 58
433 313 966 1020 397 446 965 552 102 435 734 924 406 574 99 308 525 905 513 1035 384 647 544 561 273 451 533 0 418 202 297 549 1013 100 265 411 387 424 488 931 1034 926 496 509 1041 513 515 1029 211 452 560 556 348 888 443 447 95 418 450 546
367 443 578 632 256 310 577 253 399 597 345 536 129 253 395 133 314 517 215 647 156 327 333 172 265 307 281 418 0 363 240 161 625 396 180 86 89 74 100 543 645 538 108 121 653 124 127 641 372 386 349 181 189 500 94 382 391 163 384 294
267 147 912 966 342 280 911 433 182 269 679 869 351 519 179 253 359 851 394 981 329 593 378 506 218 285 367 202 363 0 242 494 959 180 210 357 332 369 433 876 979 871 441 454 986 458 460 974 152 286 394 501 293 833 388 281 175 363 284 380
474 354 738 792 132 486 737 460 278 476 505 695 141 413 275 217 521 677 422 807 119 486 540 332 140 492 488 297 240 242 0 321 785 276 173 246 296 234 259 702 805 698 267 280 813 284 287 800 252 493 556 341 83 659 178 488 271 326 491 501
462 537 553 607 337 404 553 348 530 728 321 511 209 229 527 264 409 493 309 622 237 302 428 56 345 401 375 549 161 494 321 0 600 528 312 167 220 155 180 518 621 513 188 96 628 74 208 616 504 481 444 157 270 475 174 476 523 294 479 389
830 906 88 83 691 773 180 716 994 1097 332 226 673 597 991 728 777 149 678 422 701 671 796 612 809 770 744 1013 625 959 785 600 0 992 776 631 684 619 565 145 91 229 557 537 99 564 533 86 968 849 812 525 734 275 638 845 987 714 847 757
412 292 945 999 376 425 944 531 34 414 712 903 385 553 30 287 504 884 492 1014 363 626 522 540 252 430 511 100 396 180 276 528 992 0 243 390 366 403 467 910 1013 905 475 488 1020 491 494 1008 190 431 539 535 327 867 421 426 34 396 429 525
428 321 729 783 273 371 728 315 246 444 496 687 280 337 242 71 375 668 276 798 260 410 394 323 149 368 342 265 180 210 173 312 776 243 0 174 150 187 251 694 796 689 259 272 804 275 278 792 219 447 411 319 224 651 245 443 238 180 445 355
361 437 584 638 262 304 583 247 392 590 351 542 135 259 389 126 308 523 208 653 162 333 327 178 271 300 275 411 86 357 246 167 631 390 174 0 82 80 106 549 651 544 114 127 659 130 133 647 366 380 343 187 195 506 100 375 385 156 378 288
307 382 637 691 316 249 637 193 368 566 405 595 188 215 365 102 254 577 154 706 216 288 273 232 271 246 220 387 89 332 296 220 684 366 150 82 0 95 159 602 705 597 167 180 712 184 186 700 342 326 289 197 248 559 153 321 361 102 324 234
374 450 572 626 250 317 571 260 405 603 339 529 122 247 402 139 321 511 221 641 150 320 340 166 258 313 287 424 74 369 234 155 619 403 187 80 95 0 93 536 639 532 101 114 647 118 121 634 379 393 356 175 183 493 87 388 398 169 391 301
438 514 518 572 276 381 517 324 469 667 285 475 148 273 466 203 385 457 285 587 176 346 404 192 284 377 352 488 100 433 259 180 565 467 251 106 159 93 0 482 585 477 71 140 592 144 62 580 443 457 420 201 208 439 113 452 462 233 455 365
748 823 98 152 609 691 65 634 912 1014 249 144 591 515 909 646 695 67 595 339 619 588 714 529 727 687 661 931 543 876 702 518 145 910 694 549 602 536 482 0 166 146 474 454 173 481 451 161 886 767 730 443 651 192 556 762 905 631 765 675
851 926 109 97 712 793 200 737 1015 1117 352 247 694 618 1011 749 798 170 698 442 722 691 817 632 830 790 764 1034 645 979 805 621 91 1013 796 651 705 639 585 166 0 249 577 557 51 584 554 38 988 869 833 546 754 295 659 865 1008 734 868 777
743 819 182 236 604 686 181 629 907 1010 244 56 586 510 904 641 690 121 591 335 614 584 709 525 722 683 657 926 538 871 698 513 229 905 689 544 597 532 477 146 249 0 470 450 257 477 446 244 881 762 725 438 647 187 551 757 900 627 760 670
446 521 510 564 284 388 509 332 477 675 277 467 156 281 474 211 393 449 293 579 184 354 412 200 292 385 359 496 108 441 267 188 557 475 259 114 167 101 71 474 577 470 0 148 585 152 54 572 451 465 428 209 216 432 121 460 470 241 463 373
398 474 490 544 297 341 489 284 490 665 257 447 169 165 487 224 345 429 246 559 197 239 364 107 305 338 312 509 121 454 280 96 537 488 272 127 180 114 140 454 557 450 148 0 565 59 167 552 464 417 380 93 229 412 134 412 483 254 415 325
858 934 116 104 719 801 208 744 1022 1125 359 254 701 625 1019 756 805 177 706 450 729 699 824 640 837 798 772 1041 653 986 813 628 99 1020 804 659 712 647 592 173 51 257 585 565 0 592 561 46 996 877 840 553 762 302 666 872 1015 742 875 785
425 501 517 571 300 368 516 311 493 692 284 474 173 192 490 228 372 456 272 586 200 266 391 85 309 364 339 513 124 458 284 74 564 491 275 130 184 118 144 481 584 477 152 59 592 0 171 579 467 444 407 120 233 438 138 439 486 257 442 352
465 541 486 540 303 408 485 351 496 694 254 444 175 300 493 230 412 425 312 555 203 373 431 219 311 404 379 515 127 460 287 208 533 494 278 133 186 121 62 451 554 446 54 167 561 171 0 549 470 484 447 228 236 408 140 479 489 260 482 392
846 922 104 92 707 789 196 732 1010 1112 347 242 689 613 1007 744 793 165 693 437 717 686 812 627 825 785 760 1029 641 974 800 616 86 1008 792 647 700 634 580 161 38 244 572 552 46 579 549 0 984 865 828 541 749 290 654 860 1003 729 863 773
257 137 921 975 352 270 920 423 192 260 688 879 360 529 189 263 349 860 384 990 339 602 368 515 227 275 357 211 372 152 252 504 968 190 219 366 342 379 443 886 988 881 451 464 996 467 470 984 0 276 384 511 303 843 397 272 185 372 274 370
97 173 802 856 593 110 801 263 433 364 569 760 486 379 430 400 189 741 225 871 513 452 208 492 468 115 197 452 386 286 493 481 849 431 447 380 326 393 457 767 869 762 465 417 877 444 484 865 276 0 224 361 544 724 451 57 426 354 60 210
205 281 765 819 577 148 764 226 541 472 533 723 449 342 537 363 55 704 188 834 477 415 31 455 532 144 160 560 349 394 556 444 812 539 411 343 289 356 420 730 833 725 428 380 840 407 447 828 384 224 0 324 509 687 414 219 534 317 222 173
342 418 478 532 358 285 478 228 537 609 246 436 230 109 534 271 289 418 189 547 258 183 308 168 366 281 256 556 181 501 341 157 525 535 319 187 197 175 201 443 546 438 209 93 553 120 228 541 511 361 324 0 290 400 195 356 530 225 359 269
525 405 687 741 100 470 686 413 329 527 454 644 109 362 326 268 474 626 374 756 87 435 493 281 108 466 441 348 189 293 83 270 734 327 224 195 248 183 208 651 754 647 216 229 762 233 236 749 303 544 509 290 0 608 127 539 322 322 542 454
705 781 228 282 566 648 227 591 869 972 206 185 548 472 866 603 652 167 552 191 576 546 671 487 684 644 619 888 500 833 659 475 275 867 651 506 559 493 439 192 295 187 432 412 302 438 408 290 843 724 687 400 608 0 513 719 862 588 722 632
432 499 591 645 194 374 590 318 423 622 359 549 66 267 420 197 379 530 279 660 94 340 398 186 202 371 345 443 94 388 178 174 638 421 245 100 153 87 113 556 659 551 121 134 666 138 140 654 397 451 414 195 127 513 0 446 416 227 449 358
93 168 798 852 588 105 797 259 428 359 565 755 481 374 425 395 184 737 220 867 509 448 203 487 464 111 192 447 382 281 488 476 845 426 443 375 321 388 452 762 865 757 460 412 872 439 479 860 272 57 219 356 539 719 446 0 421 349 23 205
407 287 940 994 371 420 939 526 37 409 707 898 380 548 33 282 499 879 487 1009 358 621 517 535 247 425 506 95 391 175 271 523 987 34 238 385 361 398 462 905 1008 900 470 483 1015 486 489 1003 185 426 534 530 322 862 416 421 0 391 424 520
335 411 667 721 390 278 666 221 398 597 434 624 262 243 395 133 282 606 182 736 290 317 301 306 302 274 249 418 163 363 326 294 714 396 180 156 102 169 233 631 734 627 241 254 742 257 260 729 372 354 317 225 322 588 227 349 391 0 352 262
95 171 800 854 591 108 799 261 431 362 567 758 484 377 428 398 187 739 223 869 511 450 206 490 466 113 195 450 384 284 491 479 847 429 445 378 324 391 455 765 868 760 463 415 875 442 482 863 274 60 222 359 542 722 449 23 424 352 0 208
191 267 710 764 521 134 709 171 527 458 477 668 394 287 523 308 138 649 132 779 421 360 157 400 477 130 58 546 294 380 501 389 757 525 355 288 234 301 365 675 777 670 373 325 785 352 392 773 370 210 173 269 454 632 358 205 520 262 208 0
EOF