NAME : tsp_problem
TYPE : TSP
DIMENSION : 48
EDGE_WEIGHT_TYPE : EXPLICIT
EDGE_WEIGHT_FORMAT : FULL_MATRIX
EDGE_WEIGHT_SECTION
0 610 657 885 903 199 871 557 602 825 574 544 200 854 470 871 576 900 419 153 667 926 851 477 108 229 555 614 321 647 650 701 856 117 879 158 565 550 669 338 676 830 224 121 330 723 760 174
610 0 233 399 386 668 355 273 262 401 149 140 668 430 224 354 151 383 269 622 242 410 426 216 576 697 131 273 376 130 309 184 340 586 362 627 224 133 244 394 252 405 693 589 312 207 259 643
657 233 0 415 556 715 525 320 397 355 121 275 716 384 360 525 126 554 404 669 196 580 380 352 623 744 137 409 466 301 445 355 477 633 533 674 360 269 198 483 205 359 740 637 359 377 430 690
885 399 415 0 222 943 191 548 381 95 349 400 944 203 485 190 354 219 529 897 330 246 200 477 851 973 365 373 637 291 516 242 131 861 198 902 431 394 332 654 242 116 968 865 587 225 228 918
903 386 556 222 0 960 58 597 368 284 473 388 961 392 472 68 475 37 517 914 519 98 389 464 869 990 454 360 624 278 503 229 163 878 66 919 418 381 521 642 430 305 985 882 605 213 215 935
199 668 715 943 960 0 929 614 660 883 631 602 76 912 527 929 634 958 477 84 725 984 909 535 117 77 613 672 379 705 708 759 914 106 937 128 623 608 727 395 734 887 66 120 388 781 817 56
871 355 525 191 58 929 0 565 336 252 441 356 929 361 441 37 443 55 485 883 488 82 357 433 837 958 423 329 593 247 472 198 131 847 34 888 387 350 490 610 399 273 954 850 573 181 184 904
557 273 320 548 597 614 565 0 364 488 237 306 615 517 327 565 239 594 371 568 330 621 514 319 523 644 218 376 365 341 412 395 550 532 573 573 327 309 332 382 339 493 639 536 259 418 470 589
602 262 397 381 368 660 336 364 0 442 313 151 661 551 172 336 316 365 216 614 407 392 547 164 569 690 295 130 324 254 166 256 321 578 344 619 82 157 409 341 416 463 685 582 304 239 188 635
825 401 355 95 284 883 252 488 442 0 289 443 883 143 528 252 294 281 572 837 270 308 140 520 791 912 305 435 634 353 577 304 157 801 260 842 493 437 272 651 181 56 908 804 527 287 289 858
574 149 121 349 473 631 441 237 313 289 0 192 632 318 276 441 61 470 320 585 131 496 315 268 540 661 54 325 383 217 361 271 411 549 449 590 276 185 133 399 140 294 656 553 276 293 346 606
544 140 275 400 388 602 356 306 151 443 192 0 602 472 114 356 194 385 158 556 285 412 469 106 510 631 173 162 266 132 198 186 341 519 364 560 114 98 287 283 294 447 627 523 246 209 261 577
200 668 716 944 961 76 929 615 661 883 632 602 0 913 528 929 634 958 477 85 725 985 909 536 117 105 613 672 379 705 708 759 914 107 937 128 623 608 727 396 734 888 101 120 389 782 818 57
854 430 384 203 392 912 361 517 551 143 318 472 913 0 557 361 323 389 601 866 299 416 71 549 821 942 334 543 663 462 642 412 265 830 368 871 557 466 301 680 211 147 937 834 556 396 398 887
470 224 360 485 472 527 441 327 172 528 276 114 528 557 0 441 278 470 79 481 369 496 554 71 436 557 258 184 187 217 220 271 426 445 449 486 135 120 371 204 379 532 552 449 267 293 329 502
871 354 525 190 68 929 37 565 336 252 441 356 929 361 441 0 443 66 485 883 487 92 357 433 837 958 423 329 593 247 471 197 131 846 45 887 386 350 489 610 399 273 954 850 573 181 183 904
576 151 126 354 475 634 443 239 316 294 61 194 634 323 278 443 0 472 323 588 136 499 320 271 542 663 56 327 385 219 363 273 416 551 451 592 278 187 137 402 145 298 658 555 278 296 348 609
900 383 554 219 37 958 55 594 365 281 470 385 958 389 470 66 472 0 514 912 516 95 386 462 866 987 452 358 622 276 500 226 160 875 63 916 415 379 518 639 428 302 983 879 602 210 212 933
419 269 404 529 517 477 485 371 216 572 320 158 477 601 79 485 323 514 0 430 414 540 598 87 385 506 302 228 136 261 264 315 470 394 493 435 179 164 416 154 423 576 501 398 237 337 373 452
153 622 669 897 914 84 883 568 614 837 585 556 85 866 481 883 588 912 430 0 679 938 863 489 70 113 567 626 332 659 662 713 868 60 890 82 577 562 680 349 688 841 109 74 342 735 771 59
667 242 196 330 519 725 488 330 407 270 131 285 725 299 369 487 136 516 414 679 0 543 296 362 633 754 147 418 476 310 454 364 392 642 495 683 369 278 59 493 121 274 749 646 369 387 439 700
926 410 580 246 98 984 82 621 392 308 496 412 985 416 496 92 499 95 540 938 543 0 413 488 893 1014 478 384 648 302 527 253 187 902 89 943 442 405 545 665 454 329 1009 906 628 237 239 959
851 426 380 200 389 909 357 514 547 140 315 469 909 71 554 357 320 386 598 863 296 413 0 546 817 938 331 540 660 458 638 409 262 827 365 868 554 463 298 677 207 144 934 830 553 392 395 884
477 216 352 477 464 535 433 319 164 520 268 106 536 549 71 433 271 462 87 489 362 488 546 0 443 565 250 176 195 209 212 263 418 453 441 494 127 112 363 212 371 524 560 457 259 285 321 510
108 576 623 851 869 117 837 523 569 791 540 510 117 821 436 837 542 866 385 70 633 893 817 443 0 146 521 580 287 613 616 667 822 54 845 75 531 516 635 304 642 796 141 67 297 690 726 92
229 697 744 973 990 77 958 644 690 912 661 631 105 942 557 958 663 987 506 113 754 1014 938 565 146 0 642 701 408 734 737 788 943 136 966 157 652 637 756 425 763 917 68 149 418 811 847 86
555 131 137 365 454 613 423 218 295 305 54 173 613 334 258 423 56 452 302 567 147 478 331 250 521 642 0 307 364 199 343 253 408 531 430 572 258 167 149 381 156 310 638 534 257 275 328 588
614 273 409 373 360 672 329 376 130 435 325 162 672 543 184 329 327 358 228 626 418 384 540 176 580 701 307 0 336 266 178 248 314 590 337 631 93 168 420 353 428 456 697 593 316 232 181 647
321 376 466 637 624 379 593 365 324 634 383 266 379 663 187 593 385 622 136 332 476 648 660 195 287 408 364 336 0 369 372 423 578 296 601 337 287 272 478 147 485 638 403 300 139 445 480 354
647 130 301 291 278 705 247 341 254 353 217 132 705 462 217 247 219 276 261 659 310 302 458 209 613 734 199 266 369 0 302 77 232 623 255 664 217 126 312 386 320 374 730 626 349 99 152 680
650 309 445 516 503 708 472 412 166 577 361 198 708 642 220 471 363 500 264 662 454 527 638 212 616 737 343 178 372 302 0 356 457 626 479 666 105 204 456 389 463 599 733 629 352 374 324 683
701 184 355 242 229 759 198 395 256 304 271 186 759 412 271 197 273 226 315 713 364 253 409 263 667 788 253 248 423 77 356 0 183 677 205 718 271 180 366 440 374 325 784 680 403 101 103 734
856 340 477 131 163 914 131 550 321 157 411 341 914 265 426 131 416 160 470 868 392 187 262 418 822 943 408 314 578 232 457 183 0 832 139 873 372 335 394 595 304 178 939 836 558 166 169 889
117 586 633 861 878 106 847 532 578 801 549 519 107 830 445 846 551 875 394 60 642 902 827 453 54 136 531 590 296 623 626 677 832 0 854 65 541 525 644 313 652 805 131 57 306 699 735 81
879 362 533 198 66 937 34 573 344 260 449 364 937 368 449 45 451 63 493 890 495 89 365 441 845 966 430 337 601 255 479 205 139 854 0 895 394 358 497 618 407 281 961 858 581 189 191 912
158 627 674 902 919 128 888 573 619 842 590 560 128 871 486 887 592 916 435 82 683 943 868 494 75 157 572 631 337 664 666 718 873 65 895 0 582 566 685 354 693 846 153 79 347 740 776 103
565 224 360 431 418 623 387 327 82 493 276 114 623 557 135 386 278 415 179 577 369 442 554 127 531 652 258 93 287 217 105 271 372 541 394 582 0 120 371 304 379 514 648 544 267 289 239 598
550 133 269 394 381 608 350 309 157 437 185 98 608 466 120 350 187 379 164 562 278 405 463 112 516 637 167 168 272 126 204 180 335 525 358 566 120 0 280 289 288 441 633 529 252 202 255 583
669 244 198 332 521 727 490 332 409 272 133 287 727 301 371 489 137 518 416 680 59 545 298 363 635 756 149 420 478 312 456 366 394 644 497 685 371 280 0 494 123 276 751 648 371 389 441 702
338 394 483 654 642 395 610 382 341 651 399 283 396 680 204 610 402 639 154 349 493 665 677 212 304 425 381 353 147 386 389 440 595 313 618 354 304 289 494 0 502 655 420 317 156 462 497 370
676 252 205 242 430 734 399 339 416 181 140 294 734 211 379 399 145 428 423 688 121 454 207 371 642 763 156 428 485 320 463 374 304 652 407 693 379 288 123 502 0 186 759 655 378 396 436 709
830 405 359 116 305 887 273 493 463 56 294 447 888 147 532 273 298 302 576 841 274 329 144 524 796 917 310 456 638 374 599 325 178 805 281 846 514 441 276 655 186 0 912 809 532 308 311 862
224 693 740 968 985 66 954 639 685 908 656 627 101 937 552 954 658 983 501 109 749 1009 934 560 141 68 638 697 403 730 733 784 939 131 961 153 648 633 751 420 759 912 0 145 413 806 842 81
121 589 637 865 882 120 850 536 582 804 553 523 120 834 449 850 555 879 398 74 646 906 830 457 67 149 534 593 300 626 629 680 836 57 858 79 544 529 648 317 655 809 145 0 310 703 739 95
330 312 359 587 605 388 573 259 304 527 276 246 389 556 267 573 278 602 237 342 369 628 553 259 297 418 257 316 139 349 352 403 558 306 581 347 267 252 371 156 378 532 413 310 0 425 462 363
723 207 377 225 213 781 181 418 239 287 293 209 782 396 293 181 296 210 337 735 387 237 392 285 690 811 275 232 445 99 374 101 166 699 189 740 289 202 389 462 396 308 806 703 425 0 86 756
760 259 430 228 215 817 184 470 188 289 346 261 818 398 329 183 348 212 373 771 439 239 395 321 726 847 328 181 480 152 324 103 169 735 191 776 239 255 441 497 436 311 842 739 462 86 0 792
174 643 690 918 935 56 904 589 635 858 606 577 57 887 502 904 609 933 452 59 700 959 884 510 92 86 588 647 354 680 683 734 889 81 912 103 598 583 702 370 709 862 81 95 363 756 792 0
EOF