NAME : tsp_problem
TYPE : TSP
DIMENSION : 14
EDGE_WEIGHT_TYPE : EXPLICIT
EDGE_WEIGHT_FORMAT : FULL_MATRIX
EDGE_WEIGHT_SECTION
0 532 247 528 375 524 699 479 186 586 315 113 380 454
532 0 462 130 275 236 247 192 401 172 307 448 280 167
247 462 0 457 304 453 628 409 116 534 264 163 310 384
528 130 457 0 271 232 296 188 396 221 305 444 276 163
375 275 304 271 0 266 442 222 243 366 454 291 43 197
524 236 453 232 266 0 403 141 392 327 462 440 272 117
699 247 628 296 442 403 0 324 567 198 473 615 447 334
479 192 409 188 222 141 324 0 348 248 418 395 227 72
186 401 116 396 243 392 567 348 0 492 265 102 249 323
586 172 534 221 366 327 198 248 492 0 344 540 372 258
315 307 264 305 454 462 473 418 265 344 0 313 459 393
113 448 163 444 291 440 615 395 102 540 313 0 297 371
380 280 310 276 43 272 447 227 249 372 459 297 0 203
454 167 384 163 197 117 334 72 323 258 393 371 203 0
EOF
