NAME : tsp_problem
TYPE : TSP
DIMENSION : 78
EDGE_WEIGHT_TYPE : EXPLICIT
EDGE_WEIGHT_FORMAT : FULL_MATRIX
EDGE_WEIGHT_SECTION
0 218 394 440 328 374 812 494 693 271 427 388 264 382 790 366 262 463 273 232 743 369 423 428 221 146 811 489 309 308 224 384 193 733 184 161 404 295 391 475 365 436 423 379 427 193 195 374 315 466 785 414 726 361 428 706 274 715 226 664 279 555 440 358 434 184 320 290 205 162 324 791 754 289 364 255 278 202
218 0 467 372 401 447 744 596 625 203 511 461 337 382 722 439 335 547 115 333 676 442 355 501 323 269 743 574 411 381 326 457 295 665 308 89 404 227 493 560 438 520 508 311 427 309 297 307 247 551 717 414 658 293 427 638 206 647 159 596 211 487 525 432 536 307 320 223 278 235 257 724 686 133 297 100 210 275
394 467 0 522 292 151 807 322 688 399 174 27 175 346 786 102 165 210 401 510 739 146 418 53 500 318 806 236 252 272 502 161 471 729 288 528 368 423 267 222 142 183 170 374 392 289 473 370 443 213 780 379 721 356 392 701 374 710 355 659 355 550 187 135 337 297 284 418 219 260 320 787 750 575 360 542 369 222
440 372 522 0 414 502 448 715 329 204 566 516 392 369 427 494 390 602 306 644 380 497 142 556 634 370 447 629 645 394 637 512 605 370 409 435 391 177 660 615 493 575 562 183 414 410 607 193 154 606 421 401 362 211 414 342 297 351 260 300 279 191 580 486 730 408 307 181 379 336 240 428 391 322 204 346 293 376
328 401 292 414 0 271 698 484 579 333 336 285 162 238 677 264 160 372 334 531 630 267 310 325 521 251 697 398 414 32 524 281 493 620 222 461 259 356 429 384 263 345 332 266 283 222 495 261 377 375 672 270 613 248 283 593 265 602 288 550 247 442 349 256 499 231 176 352 152 194 211 678 641 509 251 476 260 155
374 447 151 502 271 0 786 343 667 379 194 144 154 326 765 123 145 230 380 531 718 82 398 184 521 297 785 257 273 252 523 89 492 708 268 507 347 402 288 243 45 204 191 354 371 268 494 349 423 234 760 358 701 336 371 681 353 690 334 638 335 530 208 72 358 277 264 398 198 240 299 766 729 555 339 522 348 202
812 744 807 448 698 786 0 999 327 580 851 800 677 653 425 779 675 887 677 1015 378 782 426 840 1005 741 137 913 929 679 1008 796 977 368 737 808 675 552 944 899 778 860 847 467 699 737 979 478 529 890 420 686 144 496 699 341 582 350 612 298 564 301 864 771 1014 746 591 557 667 708 524 117 389 697 489 721 577 670
494 596 322 715 484 343 999 0 880 592 222 316 367 539 978 254 358 258 593 477 931 339 611 356 467 510 998 284 219 465 469 353 438 921 481 539 560 615 234 270 335 231 218 567 584 481 440 562 636 261 973 571 914 549 584 894 566 903 547 851 548 743 235 328 304 490 477 611 411 453 512 979 942 666 552 633 561 414
693 625 688 329 579 667 327 880 0 461 732 681 558 534 134 660 556 768 558 896 87 663 307 721 886 622 326 794 810 560 889 677 858 51 618 689 556 433 825 780 659 741 728 348 580 618 860 359 410 771 129 567 242 377 580 50 463 147 493 66 445 182 745 652 895 627 472 438 548 589 405 307 98 578 370 602 458 551
271 203 399 204 333 379 580 592 461 0 443 393 269 313 559 371 267 479 137 475 512 374 274 433 465 201 579 506 521 313 467 389 436 502 239 267 335 59 536 492 370 452 439 243 359 241 438 238 79 482 553 346 495 225 359 474 138 484 90 432 143 323 457 363 607 239 251 54 210 167 188 560 523 311 228 278 142 207
427 511 174 566 336 194 851 222 732 443 0 167 218 390 829 106 209 109 445 409 783 190 462 207 399 362 850 101 151 316 402 204 371 772 332 471 412 467 166 122 186 82 69 418 435 332 373 413 487 112 824 422 765 400 436 745 417 754 398 703 399 594 87 179 237 341 328 462 263 304 363 831 793 599 404 565 413 266
388 461 27 516 285 144 800 316 681 393 167 0 168 340 779 96 159 203 395 504 732 140 412 60 493 311 800 230 246 266 496 154 465 722 282 521 362 416 261 216 136 176 164 368 385 282 467 363 437 207 774 372 715 350 385 695 367 704 348 652 349 544 181 129 331 291 278 412 213 254 313 780 743 569 353 536 362 216
264 337 175 392 162 154 677 367 558 269 218 168 0 216 655 147 53 254 271 468 609 150 288 208 458 188 676 281 297 142 460 164 429 598 158 398 238 293 312 267 146 228 215 244 261 158 431 240 313 258 650 248 591 226 262 571 243 580 224 529 225 420 232 139 382 167 154 288 89 130 190 657 619 445 230 412 239 92
382 382 346 369 238 326 653 539 534 313 390 340 216 0 632 318 214 426 315 586 585 321 264 379 575 305 652 452 468 218 578 336 547 575 276 446 89 337 483 438 317 399 386 220 112 276 549 216 358 429 627 88 568 203 113 548 220 557 249 505 201 397 403 310 553 285 91 333 207 248 166 633 596 490 206 457 215 210
790 722 786 427 677 765 425 978 134 559 829 779 655 632 0 758 653 865 656 994 78 761 405 819 984 720 424 892 908 657 986 775 955 174 715 786 654 531 923 878 757 839 826 446 677 716 957 456 508 869 57 664 339 474 678 147 561 244 590 164 542 280 843 750 993 724 570 535 646 686 503 405 68 676 468 700 556 649
366 439 102 494 264 123 779 254 660 371 106 96 147 318 758 0 137 141 373 442 711 118 390 135 432 290 778 168 184 244 434 133 403 701 260 500 340 395 199 154 114 115 102 346 364 261 405 342 415 145 752 351 694 328 364 673 346 683 327 631 327 523 119 107 269 269 256 391 191 232 292 759 722 548 332 514 341 194
262 335 165 390 160 145 675 358 556 267 209 159 53 214 653 137 0 245 269 466 607 140 286 199 456 186 674 272 288 140 458 155 427 596 156 396 236 291 303 258 136 218 206 242 259 156 429 238 311 249 648 246 589 224 260 569 242 578 222 527 223 418 223 130 373 165 152 286 87 128 188 655 617 443 228 410 237 90
463 547 210 602 372 230 887 258 768 479 109 203 254 426 865 141 245 0 481 445 819 226 498 243 435 398 886 171 187 352 438 240 407 808 368 507 448 502 202 77 222 118 105 454 471 368 409 449 523 80 860 458 801 436 472 781 453 790 434 739 435 630 122 215 272 377 364 498 299 340 399 867 829 634 440 601 449 302
273 115 401 306 334 380 677 593 558 137 445 395 271 315 656 373 269 481 0 422 609 376 289 434 412 203 676 507 500 315 415 390 384 599 241 179 337 160 538 493 372 454 441 245 361 243 386 240 181 484 651 348 592 227 361 572 139 581 92 529 144 421 458 365 608 241 253 156 212 169 190 657 620 223 230 189 144 209
232 333 510 644 531 531 1015 477 896 475 409 504 468 586 994 442 466 445 422 0 947 526 627 543 32 350 1014 472 292 512 33 541 56 937 388 276 607 498 374 458 522 418 406 583 631 396 58 578 519 449 989 618 930 565 631 910 477 919 430 867 482 759 423 515 417 388 524 494 409 366 528 995 958 403 568 370 482 406
743 676 739 380 630 718 378 931 87 512 783 732 609 585 78 711 607 819 609 947 0 714 358 772 937 673 377 845 861 611 940 728 909 128 669 740 607 484 876 831 710 792 779 399 631 669 911 410 461 822 73 618 293 428 631 100 514 198 543 117 496 233 796 703 946 677 523 488 599 640 456 358 55 629 421 653 509 602
369 442 146 497 267 82 782 339 663 374 190 140 150 321 761 118 140 226 376 526 714 0 393 179 516 293 781 252 268 247 519 121 488 704 263 503 343 398 283 238 77 199 186 349 366 264 490 345 418 229 755 354 696 331 367 676 349 685 329 634 330 525 204 104 353 272 259 393 194 235 295 762 725 550 335 517 344 197
423 355 418 142 310 398 426 611 307 274 462 412 288 264 405 390 286 498 289 627 358 393 0 451 616 353 426 524 540 290 619 408 588 348 348 419 286 246 555 510 389 471 458 106 310 348 590 102 223 501 400 297 341 107 310 321 193 330 223 278 175 170 476 382 625 357 202 250 279 319 136 406 369 391 100 415 189 282
428 501 53 556 325 184 840 356 721 433 207 60 208 379 819 135 199 243 434 543 772 179 451 0 533 351 839 270 285 305 536 194 505 762 322 561 401 456 300 256 176 216 203 407 425 322 507 403 477 247 814 412 755 390 425 735 407 744 388 692 388 584 221 169 371 330 317 452 252 294 353 820 783 609 393 576 402 255
221 323 500 634 521 521 1005 467 886 465 399 493 458 575 984 432 456 435 412 32 937 516 616 533 0 340 1004 462 282 502 34 531 46 927 378 266 597 488 364 448 512 408 396 572 621 386 48 568 509 439 979 608 920 555 621 900 467 909 420 857 472 749 413 505 407 378 513 484 399 356 518 985 948 393 558 360 472 396
146 269 318 370 251 297 741 510 622 201 362 311 188 305 720 290 186 398 203 350 673 293 353 351 340 0 740 424 428 232 342 307 311 663 65 279 327 224 455 410 289 371 358 309 351 73 313 304 245 401 715 338 656 291 351 636 203 645 156 593 208 485 375 282 525 65 243 220 129 92 254 721 684 377 294 344 208 126
811 743 806 447 697 785 137 998 326 579 850 800 676 652 424 778 674 886 676 1014 377 781 426 839 1004 740 0 912 928 678 1007 795 976 367 736 807 674 551 943 898 777 859 846 466 698 736 978 477 528 889 419 685 143 495 698 340 581 349 611 297 563 300 863 770 1013 745 590 556 666 707 523 64 388 696 488 720 576 669
489 574 236 629 398 257 913 284 794 506 101 230 281 452 892 168 272 171 507 472 845 252 524 270 462 424 912 0 214 378 464 267 433 835 395 534 474 529 229 184 249 76 90 480 498 395 435 476 550 175 887 485 828 463 498 808 480 817 461 765 461 657 75 242 299 403 390 525 325 367 426 893 856 661 466 628 475 328
309 411 252 645 414 273 929 219 810 521 151 246 297 468 908 184 288 187 500 292 861 268 540 285 282 428 928 214 0 394 284 283 253 851 411 354 490 545 116 200 264 161 148 496 514 411 255 492 566 191 903 501 844 478 514 823 496 833 477 781 477 673 165 258 186 419 406 541 341 382 442 909 872 481 482 448 491 344
308 381 272 394 32 252 679 465 560 313 316 266 142 218 657 244 140 352 315 512 611 247 290 305 502 232 678 378 394 0 504 262 473 600 202 441 240 336 409 364 243 325 312 246 263 202 475 241 357 355 652 250 593 228 264 573 245 582 268 531 227 422 330 236 479 211 156 332 133 174 191 658 621 489 232 456 241 136
224 326 502 637 524 523 1008 469 889 467 402 496 460 578 986 434 458 438 415 33 940 519 619 536 34 342 1007 464 284 504 0 533 48 929 381 268 600 491 366 450 515 411 398 575 623 389 50 571 511 441 981 611 922 557 624 902 470 911 423 860 475 751 415 508 409 380 516 487 401 358 521 988 950 396 561 363 474 398
384 457 161 512 281 89 796 353 677 389 204 154 164 336 775 133 155 240 390 541 728 121 408 194 531 307 795 267 283 262 533 0 502 718 278 517 357 412 298 253 84 214 201 364 381 278 504 359 433 244 770 368 711 346 381 691 363 700 344 648 345 540 218 111 368 287 274 408 208 250 309 776 739 565 349 532 358 211
193 295 471 605 493 492 977 438 858 436 371 465 429 547 955 403 427 407 384 56 909 488 588 505 46 311 976 433 253 473 48 502 0 898 350 237 569 460 335 419 484 380 367 544 592 358 19 539 480 410 950 579 891 526 593 871 439 880 392 829 444 720 384 477 378 349 485 455 370 327 490 957 919 365 530 332 443 367
733 665 729 370 620 708 368 921 51 502 772 722 598 575 174 701 596 808 599 937 128 704 348 762 927 663 367 835 851 600 929 718 898 0 658 729 597 474 866 821 700 781 769 389 620 659 900 399 451 812 169 607 282 417 621 58 504 187 533 106 485 223 786 693 936 667 513 478 589 629 446 348 138 619 410 643 499 592
184 308 288 409 222 268 737 481 618 239 332 282 158 276 715 260 156 368 241 388 669 263 348 322 378 65 736 395 411 202 381 278 350 658 0 318 298 263 426 381 259 341 328 304 321 44 352 299 284 372 710 308 651 286 322 631 242 640 195 589 247 480 346 253 496 45 214 259 99 102 250 717 679 416 290 382 246 96
161 89 528 435 461 507 808 539 689 267 471 521 398 446 786 500 396 507 179 276 740 503 419 561 266 279 807 534 354 441 268 517 237 729 318 0 468 291 436 520 499 480 468 375 491 326 239 371 311 511 781 478 722 357 491 702 270 711 223 660 275 551 485 492 479 318 384 287 339 296 321 788 750 159 361 126 274 336
404 404 368 391 259 347 675 560 556 335 412 362 238 89 654 340 236 448 337 607 607 343 286 401 597 327 674 474 490 240 600 357 569 597 298 468 0 359 505 460 339 421 408 242 43 298 571 238 380 451 649 55 590 224 49 570 242 579 271 527 223 419 425 332 575 307 112 355 228 270 188 655 618 512 228 478 237 231
295 227 423 177 356 402 552 615 433 59 467 416 293 337 531 395 291 502 160 498 484 398 246 456 488 224 551 529 545 336 491 412 460 474 263 291 359 0 560 515 394 476 463 266 382 264 462 262 75 506 526 370 467 248 383 447 161 456 114 404 166 296 480 387 630 262 275 50 234 191 212 532 495 319 252 302 166 231
391 493 267 660 429 288 944 234 825 536 166 261 312 483 923 199 303 202 538 374 876 283 555 300 364 455 943 229 116 409 366 298 335 866 426 436 505 560 0 215 279 176 163 511 529 426 337 507 581 206 918 516 859 493 529 838 511 848 492 796 492 688 180 273 122 434 421 556 356 397 457 924 887 563 497 530 506 359
475 560 222 615 384 243 899 270 780 492 122 216 267 438 878 154 258 77 493 458 831 238 510 256 448 410 898 184 200 364 450 253 419 821 381 520 460 515 215 0 235 131 118 466 484 381 421 462 536 99 873 471 814 449 484 794 466 803 447 751 447 643 135 228 285 389 376 511 311 353 412 879 842 647 452 614 461 314
365 438 142 493 263 45 778 335 659 370 186 136 146 317 757 114 136 222 372 522 710 77 389 176 512 289 777 249 264 243 515 84 484 700 259 499 339 394 279 235 0 195 182 345 363 260 486 341 414 225 751 350 693 327 363 672 345 682 326 630 326 522 200 67 350 268 255 390 190 231 291 758 721 547 331 513 340 193
436 520 183 575 345 204 860 231 741 452 82 176 228 399 839 115 218 118 454 418 792 199 471 216 408 371 859 76 161 325 411 214 380 781 341 480 421 476 176 131 195 0 79 427 444 341 382 423 496 122 833 431 774 409 445 754 427 763 407 712 408 603 92 188 246 350 337 471 272 313 373 840 802 608 413 575 422 275
423 508 170 562 332 191 847 218 728 439 69 164 215 386 826 102 206 105 441 406 779 186 458 203 396 358 846 90 148 312 398 201 367 769 328 468 408 463 163 118 182 79 0 414 432 329 369 410 484 109 820 419 762 396 432 741 414 751 395 699 395 591 83 175 233 337 324 459 259 300 360 827 790 595 400 562 409 262
379 311 374 183 266 354 467 567 348 243 418 368 244 220 446 346 242 454 245 583 399 349 106 407 572 309 466 480 496 246 575 364 544 389 304 375 242 266 511 466 345 427 414 0 266 304 546 58 264 457 441 253 382 63 266 362 149 371 179 319 131 211 432 338 581 313 158 262 235 275 92 447 410 419 56 386 145 238
427 427 392 414 283 371 699 584 580 359 435 385 261 112 677 364 259 471 361 631 631 366 310 425 621 351 698 498 514 263 623 381 592 620 321 491 43 382 529 484 363 444 432 266 0 321 594 261 403 475 672 79 613 248 38 593 265 602 295 551 247 442 449 356 599 330 136 378 252 293 211 679 641 535 252 502 261 255
193 309 289 410 222 268 737 481 618 241 332 282 158 276 716 261 156 368 243 396 669 264 348 322 386 73 736 395 411 202 389 278 358 659 44 326 298 264 426 381 260 341 329 304 321 0 360 300 285 372 710 309 651 286 322 631 244 640 196 589 249 480 346 253 496 53 214 260 99 102 250 717 680 417 290 384 248 96
195 297 473 607 495 494 979 440 860 438 373 467 431 549 957 405 429 409 386 58 911 490 590 507 48 313 978 435 255 475 50 504 19 900 352 239 571 462 337 421 486 382 369 546 594 360 0 541 482 412 952 581 893 528 595 873 441 882 394 831 446 722 386 479 380 351 487 457 372 329 492 959 921 367 532 334 445 369
374 307 370 193 261 349 478 562 359 238 413 363 240 216 456 342 238 449 240 578 410 345 102 403 568 304 477 476 492 241 571 359 539 399 299 371 238 262 507 462 341 423 410 58 261 300 541 0 274 453 451 248 392 59 262 372 145 381 174 330 126 221 427 334 577 308 154 258 230 270 87 457 420 415 52 381 140 233
315 247 443 154 377 423 529 636 410 79 487 437 313 358 508 415 311 523 181 519 461 418 223 477 509 245 528 550 566 357 511 433 480 451 284 311 380 75 581 536 414 496 484 264 403 285 482 274 0 527 503 390 444 269 403 423 182 433 135 381 187 273 501 408 651 283 296 71 254 211 233 509 472 296 273 320 186 251
466 551 213 606 375 234 890 261 771 482 112 207 258 429 869 145 249 80 484 449 822 229 501 247 439 401 889 175 191 355 441 244 410 812 372 511 451 506 206 99 225 122 109 457 475 372 412 453 527 0 864 462 805 439 475 785 457 794 438 742 438 634 126 219 276 380 367 502 302 343 403 870 833 638 443 605 452 305
785 717 780 421 672 760 420 973 129 553 824 774 650 627 57 752 648 860 651 989 73 755 400 814 979 715 419 887 903 652 981 770 950 169 710 781 649 526 918 873 751 833 820 441 672 710 952 451 503 864 0 659 334 469 672 142 555 239 585 158 537 275 838 745 988 719 565 530 641 681 498 399 62 671 462 694 551 644
414 414 379 401 270 358 686 571 567 346 422 372 248 88 664 351 246 458 348 618 618 354 297 412 608 338 685 485 501 250 611 368 579 607 308 478 55 370 516 471 350 431 419 253 79 309 581 248 390 462 659 0 600 235 79 580 252 589 282 538 234 429 436 343 586 317 123 365 239 280 199 666 628 522 239 489 248 242
726 658 721 362 613 701 144 914 242 495 765 715 591 568 339 694 589 801 592 930 293 696 341 755 920 656 143 828 844 593 922 711 891 282 651 722 590 467 859 814 693 774 762 382 613 651 893 392 444 805 334 600 0 410 614 255 497 264 526 213 478 216 779 686 929 660 506 471 582 622 439 124 303 612 403 636 492 585
361 293 356 211 248 336 496 549 377 225 400 350 226 203 474 328 224 436 227 565 428 331 107 390 555 291 495 463 478 228 557 346 526 417 286 357 224 248 493 449 327 409 396 63 248 286 528 59 269 439 469 235 410 0 248 390 131 399 161 348 113 239 414 320 564 295 141 244 217 257 74 476 438 401 49 368 127 220
428 427 392 414 283 371 699 584 580 359 436 385 262 113 678 364 260 472 361 631 631 367 310 425 621 351 698 498 514 264 624 381 593 621 322 491 49 383 529 484 363 445 432 266 38 322 595 262 403 475 672 79 614 248 0 593 266 603 295 551 247 443 449 356 599 330 136 379 252 293 212 679 642 535 252 502 261 255
706 638 701 342 593 681 341 894 50 474 745 695 571 548 147 673 569 781 572 910 100 676 321 735 900 636 340 808 823 573 902 691 871 58 631 702 570 447 838 794 672 754 741 362 593 631 873 372 423 785 142 580 255 390 593 0 476 160 506 79 458 196 759 665 909 640 486 451 562 602 419 320 111 592 383 615 472 565
274 206 374 297 265 353 582 566 463 138 417 367 243 220 561 346 242 453 139 477 514 349 193 407 467 203 581 480 496 245 470 363 439 504 242 270 242 161 511 466 345 427 414 149 265 244 441 145 182 457 555 252 497 131 266 476 0 486 83 434 49 326 431 338 581 241 158 157 213 170 95 562 525 314 135 281 49 210
715 647 710 351 602 690 350 903 147 484 754 704 580 557 244 683 578 790 581 919 198 685 330 744 909 645 349 817 833 582 911 700 880 187 640 711 579 456 848 803 682 763 751 371 602 640 882 381 433 794 239 589 264 399 603 160 486 0 515 118 467 205 768 675 918 649 495 460 571 611 428 330 208 601 392 625 481 574
226 159 355 260 288 334 612 547 493 90 398 348 224 249 590 327 222 434 92 430 543 329 223 388 420 156 611 461 477 268 423 344 392 533 195 223 271 114 492 447 326 407 395 179 295 196 394 174 135 438 585 282 526 161 295 506 83 515 0 463 79 355 412 319 562 194 187 110 165 122 124 591 554 267 164 233 78 162
664 596 659 300 550 638 298 851 66 432 703 652 529 505 164 631 527 739 529 867 117 634 278 692 857 593 297 765 781 531 860 648 829 106 589 660 527 404 796 751 630 712 699 319 551 589 831 330 381 742 158 538 213 348 551 79 434 118 463 0 416 153 716 623 866 598 443 409 519 560 376 278 127 549 341 573 429 522
279 211 355 279 247 335 564 548 445 143 399 349 225 201 542 327 223 435 144 482 496 330 175 388 472 208 563 461 477 227 475 345 444 485 247 275 223 166 492 447 326 408 395 131 247 249 446 126 187 438 537 234 478 113 247 458 49 467 79 416 0 307 413 319 562 246 139 162 216 175 76 543 506 319 117 286 44 215
555 487 550 191 442 530 301 743 182 323 594 544 420 397 280 523 418 630 421 759 233 525 170 584 749 485 300 657 673 422 751 540 720 223 480 551 419 296 688 643 522 603 591 211 442 480 722 221 273 634 275 429 216 239 443 196 326 205 355 153 307 0 608 515 758 489 335 300 411 451 268 281 244 441 232 465 321 414
440 525 187 580 349 208 864 235 745 457 87 181 232 403 843 119 223 122 458 423 796 204 476 221 413 375 863 75 165 330 415 218 384 786 346 485 425 480 180 135 200 92 83 432 449 346 386 427 501 126 838 436 779 414 449 759 431 768 412 716 413 608 0 193 250 355 341 476 276 318 377 844 807 612 417 579 426 279
358 432 135 486 256 72 771 328 652 363 179 129 139 310 750 107 130 215 365 515 703 104 382 169 505 282 770 242 258 236 508 111 477 693 253 492 332 387 273 228 67 188 175 338 356 253 479 334 408 219 745 343 686 320 356 665 338 675 319 623 319 515 193 0 343 261 248 383 183 224 284 751 714 540 324 506 333 186
434 536 337 730 499 358 1014 304 895 607 237 331 382 553 993 269 373 272 608 417 946 353 625 371 407 525 1013 299 186 479 409 368 378 936 496 479 575 630 122 285 350 246 233 581 599 496 380 577 651 276 988 586 929 564 599 909 581 918 562 866 562 758 250 343 0 504 491 626 426 467 527 994 957 606 567 573 576 429
184 307 297 408 231 277 746 490 627 239 341 291 167 285 724 269 165 377 241 388 677 272 357 330 378 65 745 403 419 211 380 287 349 667 45 318 307 262 434 389 268 350 337 313 330 53 351 308 283 380 719 317 660 295 330 640 241 649 194 598 246 489 355 261 504 0 223 258 108 111 258 725 688 415 298 382 246 105
320 320 284 307 176 264 591 477 472 251 328 278 154 91 570 256 152 364 253 524 523 259 202 317 513 243 590 390 406 156 516 274 485 513 214 384 112 275 421 376 255 337 324 158 136 214 487 154 296 367 565 123 506 141 136 486 158 495 187 443 139 335 341 248 491 223 0 271 145 186 104 571 534 428 144 395 153 148
290 223 418 181 352 398 557 611 438 54 462 412 288 333 535 391 286 498 156 494 488 393 250 452 484 220 556 525 541 332 487 408 455 478 259 287 355 50 556 511 390 471 459 262 378 260 457 258 71 502 530 365 471 244 379 451 157 460 110 409 162 300 476 383 626 258 271 0 229 186 208 536 499 324 248 297 161 226
205 278 219 379 152 198 667 411 548 210 263 213 89 207 646 191 87 299 212 409 599 194 279 252 399 129 666 325 341 133 401 208 370 589 99 339 228 234 356 311 190 272 259 235 252 99 372 230 254 302 641 239 582 217 252 562 213 571 165 519 216 411 276 183 426 108 145 229 0 71 180 647 610 386 220 353 217 65
162 235 260 336 194 240 708 453 589 167 304 254 130 248 686 232 128 340 169 366 640 235 319 294 356 92 707 367 382 174 358 250 327 629 102 296 270 191 397 353 231 313 300 275 293 102 329 270 211 343 681 280 622 257 293 602 170 611 122 560 175 451 318 224 467 111 186 186 71 0 220 687 650 343 261 310 174 68
324 257 320 240 211 299 524 512 405 188 363 313 190 166 503 292 188 399 190 528 456 295 136 353 518 254 523 426 442 191 521 309 490 446 250 321 188 212 457 412 291 373 360 92 211 250 492 87 233 403 498 199 439 74 212 419 95 428 124 376 76 268 377 284 527 258 104 208 180 220 0 504 467 365 77 331 90 183
791 724 787 428 678 766 117 979 307 560 831 780 657 633 405 759 655 867 657 995 358 762 406 820 985 721 64 893 909 658 988 776 957 348 717 788 655 532 924 879 758 840 827 447 679 717 959 457 509 870 399 666 124 476 679 320 562 330 591 278 543 281 844 751 994 725 571 536 647 687 504 0 369 677 469 701 557 650
754 686 750 391 641 729 389 942 98 523 793 743 619 596 68 722 617 829 620 958 55 725 369 783 948 684 388 856 872 621 950 739 919 138 679 750 618 495 887 842 721 802 790 410 641 680 921 420 472 833 62 628 303 438 642 111 525 208 554 127 506 244 807 714 957 688 534 499 610 650 467 369 0 640 431 664 520 613
289 133 575 322 509 555 697 666 578 311 599 569 445 490 676 548 443 634 223 403 629 550 391 609 393 377 696 661 481 489 396 565 365 619 416 159 512 319 563 647 547 608 595 419 535 417 367 415 296 638 671 522 612 401 535 592 314 601 267 549 319 441 612 540 606 415 428 324 386 343 365 677 640 0 405 70 318 383
364 297 360 204 251 339 489 552 370 228 404 353 230 206 468 332 228 440 230 568 421 335 100 393 558 294 488 466 482 232 561 349 530 410 290 361 228 252 497 452 331 413 400 56 252 290 532 52 273 443 462 239 403 49 252 383 135 392 164 341 117 232 417 324 567 298 144 248 220 261 77 469 431 405 0 372 130 223
255 100 542 346 476 522 721 633 602 278 565 536 412 457 700 514 410 601 189 370 653 517 415 576 360 344 720 628 448 456 363 532 332 643 382 126 478 302 530 614 513 575 562 386 502 384 334 381 320 605 694 489 636 368 502 615 281 625 233 573 286 465 579 506 573 382 395 297 353 310 331 701 664 70 372 0 285 350
278 210 369 293 260 348 577 561 458 142 413 362 239 215 556 341 237 449 144 482 509 344 189 402 472 208 576 475 491 241 474 358 443 499 246 274 237 166 506 461 340 422 409 145 261 248 445 140 186 452 551 248 492 127 261 472 49 481 78 429 44 321 426 333 576 246 153 161 217 174 90 557 520 318 130 285 0 214
202 275 222 376 155 202 670 414 551 207 266 216 92 210 649 194 90 302 209 406 602 197 282 255 396 126 669 328 344 136 398 211 367 592 96 336 231 231 359 314 193 275 262 238 255 96 369 233 251 305 644 242 585 220 255 565 210 574 162 522 215 414 279 186 429 105 148 226 65 68 183 650 613 383 223 350 214 0
EOF