NAME : tsp_problem
TYPE : TSP
DIMENSION : 67
EDGE_WEIGHT_TYPE : EXPLICIT
EDGE_WEIGHT_FORMAT : FULL_MATRIX
EDGE_WEIGHT_SECTION
0 622 382 341 764 647 677 593 735 656 665 497 594 695 987 409 792 780 360 470 585 456 753 425 253 258 844 640 761 794 416 662 406 425 982 954 693 979 533 685 457 891 991 597 451 713 730 353 833 744 293 74 709 293 546 1018 54 669 874 754 607 467 759 256 981 995 980
622 0 618 577 332 314 245 161 304 87 234 164 80 263 587 646 360 348 596 707 79 211 420 661 490 494 444 308 360 362 652 230 642 662 551 554 292 578 201 284 407 459 559 265 205 281 397 590 402 312 529 671 278 530 336 617 651 238 442 322 274 703 426 492 580 564 580
382 618 0 165 760 642 673 588 731 651 661 493 589 691 983 69 788 775 72 200 580 452 748 155 165 170 840 636 756 790 75 657 136 155 978 950 688 975 529 680 453 886 986 593 446 709 726 177 829 739 117 430 705 205 541 1014 410 665 869 749 603 197 754 163 977 991 976
341 577 165 0 719 601 632 547 690 611 620 452 549 650 942 192 747 735 142 253 539 411 708 208 124 129 799 595 716 749 198 616 189 208 937 909 648 934 488 639 412 845 946 552 406 668 685 71 788 699 76 389 664 164 501 973 370 624 829 709 562 250 714 122 936 950 935
764 332 760 719 0 387 246 203 117 366 141 306 304 306 540 787 173 81 737 848 295 352 493 803 631 636 444 381 361 175 793 137 784 803 364 507 293 532 342 284 488 272 372 338 347 188 471 731 215 219 671 812 278 671 410 571 793 145 255 55 348 845 500 634 534 377 533
647 314 642 601 387 0 169 258 359 347 289 188 285 360 424 670 415 403 620 731 276 235 153 685 514 518 281 41 251 418 676 285 666 686 587 391 183 415 144 175 238 514 600 88 230 336 130 614 457 367 553 695 234 554 160 454 675 293 497 377 98 728 159 516 417 619 417
677 245 673 632 246 169 0 116 217 279 147 219 217 219 369 701 274 262 651 761 208 266 275 716 545 549 226 163 143 276 707 143 697 716 464 336 74 361 176 66 270 372 473 120 260 195 253 644 315 226 584 726 103 584 192 400 706 151 356 236 130 758 281 547 363 477 362
593 161 588 547 203 258 116 0 175 194 105 134 132 134 458 616 231 219 566 677 123 181 364 631 460 464 315 252 231 233 622 101 612 632 422 425 163 449 171 155 359 330 430 209 176 152 342 560 273 183 499 641 149 500 281 488 621 109 313 193 218 674 370 462 451 435 451
735 304 731 690 117 359 217 175 0 337 112 277 275 277 471 759 104 133 709 820 266 324 465 774 603 607 416 353 332 106 765 109 755 775 294 438 264 462 314 256 460 202 302 310 318 160 443 703 145 191 642 784 250 643 382 501 764 116 186 107 319 817 471 605 464 307 464
656 87 651 611 366 347 279 194 337 0 267 197 113 297 620 679 394 382 629 740 112 244 453 694 523 527 477 341 394 396 685 263 675 695 584 587 325 612 234 317 441 492 592 298 239 315 431 623 435 345 563 704 311 563 370 651 684 271 475 356 307 737 459 525 614 597 613
665 234 661 620 141 289 147 105 112 267 0 207 205 207 488 689 169 157 639 749 196 254 395 704 533 537 345 282 262 171 695 38 685 704 359 455 194 480 243 186 390 267 367 239 248 90 372 632 210 120 572 714 180 573 311 519 694 46 250 131 249 746 401 535 482 372 481
497 164 493 452 306 188 219 134 277 197 207 0 135 237 529 520 334 322 471 581 126 86 294 536 364 369 386 182 303 336 527 203 517 536 524 496 234 521 75 226 282 432 532 139 80 255 272 464 375 286 404 546 251 404 211 560 526 211 416 296 149 578 301 367 523 537 522
594 80 589 549 304 285 217 132 275 113 205 135 0 235 558 617 332 320 567 678 50 182 391 632 461 465 415 279 332 334 623 201 613 633 522 525 264 550 172 255 379 430 530 236 177 253 369 561 373 283 501 642 249 501 308 589 622 209 414 294 245 675 397 463 552 535 551
695 263 691 650 306 360 219 134 277 297 207 237 235 0 560 719 334 322 669 779 226 284 467 734 563 567 417 354 334 336 725 203 715 734 524 527 266 552 273 257 461 432 532 311 278 255 444 662 375 286 602 744 251 603 383 591 724 211 416 296 321 776 473 565 554 537 553
987 587 983 942 540 424 369 458 471 620 488 529 558 560 0 1011 527 556 961 1072 549 576 336 1026 855 859 207 418 271 529 1017 485 1007 1027 382 65 333 101 484 325 579 481 394 429 570 536 507 955 569 567 894 1036 384 895 501 113 1016 492 464 530 438 1068 342 857 29 457 29
409 646 69 192 787 670 701 616 759 679 689 520 617 719 1011 0 815 803 100 228 608 480 776 183 193 197 868 664 784 818 42 685 164 183 1006 978 716 1002 557 708 481 914 1014 621 474 736 754 205 857 767 144 458 733 233 569 1041 438 693 897 777 630 225 782 190 1005 1019 1004
792 360 788 747 173 415 274 231 104 394 169 334 332 334 527 815 0 189 766 876 323 381 521 831 659 664 472 409 389 23 822 165 812 831 350 494 321 519 370 312 516 259 359 366 375 216 499 759 93 247 699 841 306 699 438 558 821 173 242 163 376 873 528 662 521 363 520
780 348 775 735 81 403 262 219 133 382 157 322 320 322 556 803 189 0 753 864 310 368 509 818 647 652 460 397 377 191 809 153 800 819 380 523 308 548 358 300 504 288 388 354 363 204 487 747 231 235 687 828 294 687 426 587 809 160 271 71 364 861 516 649 550 392 549
360 596 72 142 737 620 651 566 709 629 639 471 567 669 961 100 766 753 0 178 558 430 726 133 143 147 818 614 734 768 106 635 114 133 956 928 666 953 507 658 431 864 964 571 424 686 704 155 807 717 94 408 683 183 519 991 388 643 847 727 581 175 732 141 955 969 954
470 707 200 253 848 731 761 677 820 740 749 581 678 779 1072 228 876 864 178 0 669 541 837 108 254 258 928 725 845 878 234 746 151 108 1067 1039 777 1063 618 769 542 975 1075 682 535 797 815 266 918 828 205 519 794 294 630 1102 499 753 958 838 691 54 843 251 1065 1079 1064
585 79 580 539 295 276 208 123 266 112 196 126 50 226 549 608 323 310 558 669 0 173 382 623 452 456 406 270 323 325 614 192 604 624 513 516 254 541 163 246 369 421 521 227 168 244 360 552 364 274 491 633 240 492 299 580 613 200 404 284 236 666 388 454 543 526 542
456 211 452 411 352 235 266 181 324 244 254 86 182 284 576 480 381 368 430 541 173 0 341 495 324 328 433 229 349 383 486 250 476 496 571 543 281 568 122 273 241 479 579 186 39 301 319 424 422 332 363 505 298 364 258 606 485 258 462 342 196 537 347 326 570 584 569
753 420 748 708 493 153 275 364 465 453 395 294 391 467 336 776 521 509 726 837 382 341 0 791 620 624 193 147 257 524 782 391 772 792 500 303 289 328 250 281 343 600 512 194 336 442 236 720 563 473 660 801 340 660 266 367 781 399 583 483 204 834 72 622 330 575 329
425 661 155 208 803 685 716 631 774 694 704 536 632 734 1026 183 831 818 133 108 623 495 791 0 208 213 883 679 799 833 189 700 105 63 1021 993 731 1018 572 723 496 929 1029 636 489 752 769 220 872 782 160 473 748 248 584 1057 453 708 912 793 646 104 798 206 1020 1034 1019
253 490 165 124 631 514 545 460 603 523 533 364 461 563 855 193 659 647 143 254 452 324 620 208 0 22 712 508 628 662 199 529 189 209 850 822 560 846 401 552 325 758 858 465 318 580 598 137 701 611 76 302 577 58 413 885 282 537 741 621 474 251 626 39 849 863 848
258 494 170 129 636 518 549 464 607 527 537 369 465 567 859 197 664 652 147 258 456 328 624 213 22 0 716 512 633 666 203 533 194 213 854 826 565 851 405 556 329 762 862 469 322 585 602 141 705 616 81 306 581 62 418 890 286 541 746 626 479 255 631 44 853 867 852
844 444 840 799 444 281 226 315 416 477 345 386 415 417 207 868 472 460 818 928 406 433 193 883 712 716 0 274 128 474 874 342 864 883 371 174 190 199 341 182 436 470 383 286 427 393 364 811 514 424 751 893 241 752 357 238 873 349 453 434 295 925 199 714 201 446 200
640 308 636 595 381 41 163 252 353 341 282 182 279 354 418 664 409 397 614 725 270 229 147 679 508 512 274 0 245 411 670 279 660 680 581 384 177 409 138 169 232 508 593 82 223 330 124 608 451 361 547 689 228 548 154 448 669 286 491 371 91 721 153 510 411 612 410
761 360 756 716 361 251 143 231 332 394 262 303 332 334 271 784 389 377 734 845 323 349 257 799 628 633 128 245 0 391 790 258 781 800 434 238 107 262 258 99 352 487 447 202 344 310 335 728 430 341 668 809 157 668 274 301 790 266 471 351 212 842 263 630 265 510 264
794 362 790 749 175 418 276 233 106 396 171 336 334 336 529 818 23 191 768 878 325 383 524 833 662 666 474 411 391 0 824 167 814 833 353 496 323 521 372 315 518 261 361 368 377 218 501 761 96 249 701 843 308 702 440 560 823 175 244 165 378 875 530 664 523 365 522
416 652 75 198 793 676 707 622 765 685 695 527 623 725 1017 42 822 809 106 234 614 486 782 189 199 203 874 670 790 824 0 691 170 189 1012 984 722 1009 563 714 487 920 1020 627 480 742 760 211 863 773 150 464 739 239 575 1047 444 699 903 783 637 231 788 197 1011 1025 1010
662 230 657 616 137 285 143 101 109 263 38 203 201 203 485 685 165 153 635 746 192 250 391 700 529 533 342 279 258 167 691 0 681 701 355 452 190 476 240 182 386 264 364 236 245 86 369 629 207 117 568 710 176 569 308 515 690 42 247 127 245 743 397 531 479 368 478
406 642 136 189 784 666 697 612 755 675 685 517 613 715 1007 164 812 800 114 151 604 476 772 105 189 194 864 660 781 814 170 681 0 106 1002 974 712 999 553 704 477 910 1010 617 470 733 750 201 853 764 141 454 729 229 565 1038 434 689 894 774 627 148 779 187 1001 1015 1000
425 662 155 208 803 686 716 632 775 695 704 536 633 734 1027 183 831 819 133 108 624 496 792 63 209 213 883 680 800 833 189 701 106 0 1021 993 732 1018 573 724 496 930 1030 637 490 752 769 221 873 783 160 474 749 249 585 1057 454 708 913 793 646 105 798 206 1020 1034 1019
982 551 978 937 364 587 464 422 294 584 359 524 522 524 382 1006 350 380 956 1067 513 571 500 1021 850 854 371 581 434 353 1012 355 1002 1021 0 349 497 373 561 489 707 305 276 557 565 407 671 950 392 438 889 1031 497 890 628 412 1011 363 288 354 566 1063 506 852 375 280 375
954 554 950 909 507 391 336 425 438 587 455 496 525 527 65 978 494 523 928 1039 516 543 303 993 822 826 174 384 238 496 984 452 974 993 349 0 300 68 451 292 546 448 361 396 537 503 474 922 536 534 861 1003 351 862 468 96 983 459 431 497 405 1035 309 824 59 424 58
693 292 688 648 293 183 74 163 264 325 194 234 264 266 333 716 321 308 666 777 254 281 289 731 560 565 190 177 107 323 722 190 712 732 497 300 0 325 190 30 284 419 509 134 276 242 267 660 362 272 600 741 89 600 206 364 721 198 402 282 144 774 296 562 327 524 326
979 578 975 934 532 415 361 449 462 612 480 521 550 552 101 1002 519 548 953 1063 541 568 328 1018 846 851 199 409 262 521 1009 476 999 1018 373 68 325 0 476 317 571 473 386 420 562 528 499 946 560 559 886 1028 376 886 492 131 1008 484 456 522 430 1060 334 849 94 449 94
533 201 529 488 342 144 176 171 314 234 243 75 172 273 484 557 370 358 507 618 163 122 250 572 401 405 341 138 258 372 563 240 553 573 561 451 190 476 0 182 245 469 569 95 116 291 227 501 412 322 440 582 241 441 166 515 562 247 452 332 104 615 256 403 478 573 477
685 284 680 639 284 175 66 155 256 317 186 226 255 257 325 708 312 300 658 769 246 273 281 723 552 556 182 169 99 315 714 182 704 724 489 292 30 317 182 0 276 411 501 126 267 233 259 652 354 264 591 733 81 592 198 356 713 190 394 274 136 766 287 554 319 516 318
457 407 453 412 488 238 270 359 460 441 390 282 379 461 579 481 516 504 431 542 369 241 343 496 325 329 436 232 352 518 487 386 477 496 707 546 284 571 245 276 0 615 715 189 236 437 322 425 558 468 364 506 335 365 133 609 486 394 598 478 199 538 349 327 573 720 572
891 459 886 845 272 514 372 330 202 492 267 432 430 432 481 914 259 288 864 975 421 479 600 929 758 762 470 508 487 261 920 264 910 930 305 448 419 473 469 411 615 0 313 465 474 315 598 858 300 346 798 939 405 798 537 512 919 271 196 262 474 972 606 760 475 318 474
991 559 986 946 372 600 473 430 302 592 367 532 530 532 394 1014 359 388 964 1075 521 579 512 1029 858 862 383 593 447 361 1020 364 1010 1030 276 361 509 386 569 501 715 313 0 565 574 415 683 958 400 446 898 1039 505 898 637 424 1019 371 296 362 574 1072 518 860 388 102 387
597 265 593 552 338 88 120 209 310 298 239 139 236 311 429 621 366 354 571 682 227 186 194 636 465 469 286 82 202 368 627 236 617 637 557 396 134 420 95 126 189 465 565 0 180 287 172 565 408 318 504 646 185 505 111 459 626 243 448 328 48 678 200 467 423 569 422
451 205 446 406 347 230 260 176 318 239 248 80 177 278 570 474 375 363 424 535 168 39 336 489 318 322 427 223 344 377 480 245 470 490 565 537 276 562 116 267 236 474 574 180 0 296 313 418 416 327 358 499 292 358 252 601 479 252 457 337 190 532 342 320 564 578 563
713 281 709 668 188 336 195 152 160 315 90 255 253 255 536 736 216 204 686 797 244 301 442 752 580 585 393 330 310 218 742 86 733 752 407 503 242 528 291 233 437 315 415 287 296 0 420 680 258 59 620 761 227 620 359 567 742 94 298 178 297 794 449 583 530 420 529
730 397 726 685 471 130 253 342 443 431 372 272 369 444 507 754 499 487 704 815 360 319 236 769 598 602 364 124 335 501 760 369 750 769 671 474 267 499 227 259 322 598 683 172 313 420 0 697 541 451 637 779 318 638 244 538 759 376 581 461 181 811 243 600 501 702 500
353 590 177 71 731 614 644 560 703 623 632 464 561 662 955 205 759 747 155 266 552 424 720 220 137 141 811 608 728 761 211 629 201 221 950 922 660 946 501 652 425 858 958 565 418 680 697 0 801 711 88 402 677 177 513 985 382 636 841 721 574 262 726 134 948 962 947
833 402 829 788 215 457 315 273 145 435 210 375 373 375 569 857 93 231 807 918 364 422 563 872 701 705 514 451 430 96 863 207 853 873 392 536 362 560 412 354 558 300 400 408 416 258 541 801 0 289 740 882 348 741 480 599 862 214 284 205 417 915 569 703 562 405 562
744 312 739 699 219 367 226 183 191 345 120 286 283 286 567 767 247 235 717 828 274 332 473 782 611 616 424 361 341 249 773 117 764 783 438 534 272 559 322 264 468 346 446 318 327 59 451 711 289 0 651 792 258 651 390 598 772 124 329 209 328 825 479 613 561 450 560
293 529 117 76 671 553 584 499 642 563 572 404 501 602 894 144 699 687 94 205 491 363 660 160 76 81 751 547 668 701 150 568 141 160 889 861 600 886 440 591 364 798 898 504 358 620 637 88 740 651 0 341 616 116 453 925 322 576 781 661 514 202 666 74 888 902 887
74 671 430 389 812 695 726 641 784 704 714 546 642 744 1036 458 841 828 408 519 633 505 801 473 302 306 893 689 809 843 464 710 454 474 1031 1003 741 1028 582 733 506 939 1039 646 499 761 779 402 882 792 341 0 758 342 594 1066 40 718 922 802 656 516 807 304 1030 1044 1029
709 278 705 664 278 234 103 149 250 311 180 251 249 251 384 733 306 294 683 794 240 298 340 748 577 581 241 228 157 308 739 176 729 749 497 351 89 376 241 81 335 405 505 185 292 227 318 677 348 258 616 758 0 617 257 414 738 184 388 268 194 791 346 579 378 510 377
293 530 205 164 671 554 584 500 643 563 573 404 501 603 895 233 699 687 183 294 492 364 660 248 58 62 752 548 668 702 239 569 229 249 890 862 600 886 441 592 365 798 898 505 358 620 638 177 741 651 116 342 617 0 453 925 322 577 781 661 514 291 666 79 889 903 888
546 336 541 501 410 160 192 281 382 370 311 211 308 383 501 569 438 426 519 630 299 258 266 584 413 418 357 154 274 440 575 308 565 585 628 468 206 492 166 198 133 537 637 111 252 359 244 513 480 390 453 594 257 453 0 531 574 315 520 400 120 627 272 415 494 641 493
1018 617 1014 973 571 454 400 488 501 651 519 560 589 591 113 1041 558 587 991 1102 580 606 367 1057 885 890 238 448 301 560 1047 515 1038 1057 412 96 364 131 515 356 609 512 424 459 601 567 538 985 599 598 925 1066 414 925 531 0 1047 523 495 561 469 1099 373 888 107 488 106
54 651 410 370 793 675 706 621 764 684 694 526 622 724 1016 438 821 809 388 499 613 485 781 453 282 286 873 669 790 823 444 690 434 454 1011 983 721 1008 562 713 486 919 1019 626 479 742 759 382 862 772 322 40 738 322 574 1047 0 698 902 783 636 496 788 284 1010 1024 1009
669 238 665 624 145 293 151 109 116 271 46 211 209 211 492 693 173 160 643 753 200 258 399 708 537 541 349 286 266 175 699 42 689 708 363 459 198 484 247 190 394 271 371 243 252 94 376 636 214 124 576 718 184 577 315 523 698 0 254 135 253 750 405 539 486 376 485
874 442 869 829 255 497 356 313 186 475 250 416 414 416 464 897 242 271 847 958 404 462 583 912 741 746 453 491 471 244 903 247 894 913 288 431 402 456 452 394 598 196 296 448 457 298 581 841 284 329 781 922 388 781 520 495 902 254 0 245 458 955 589 743 458 301 457
754 322 749 709 55 377 236 193 107 356 131 296 294 296 530 777 163 71 727 838 284 342 483 793 621 626 434 371 351 165 783 127 774 793 354 497 282 522 332 274 478 262 362 328 337 178 461 721 205 209 661 802 268 661 400 561 783 135 245 0 338 835 490 623 524 366 523
607 274 603 562 348 98 130 218 319 307 249 149 245 321 438 630 376 364 581 691 236 196 204 646 474 479 295 91 212 378 637 245 627 646 566 405 144 430 104 136 199 474 574 48 190 297 181 574 417 328 514 656 194 514 120 469 636 253 458 338 0 688 210 477 432 579 431
467 703 197 250 845 728 758 674 817 737 746 578 675 776 1068 225 873 861 175 54 666 537 834 104 251 255 925 721 842 875 231 743 148 105 1063 1035 774 1060 615 766 538 972 1072 678 532 794 811 262 915 825 202 516 791 291 627 1099 496 750 955 835 688 0 840 248 1062 1076 1061
759 426 754 714 500 159 281 370 471 459 401 301 397 473 342 782 528 516 732 843 388 347 72 798 626 631 199 153 263 530 788 397 779 798 506 309 296 334 256 287 349 606 518 200 342 449 243 726 569 479 666 807 346 666 272 373 788 405 589 490 210 840 0 628 336 581 335
256 492 163 122 634 516 547 462 605 525 535 367 463 565 857 190 662 649 141 251 454 326 622 206 39 44 714 510 630 664 197 531 187 206 852 824 562 849 403 554 327 760 860 467 320 583 600 134 703 613 74 304 579 79 415 888 284 539 743 623 477 248 628 0 851 865 850
981 580 977 936 534 417 363 451 464 614 482 523 552 554 29 1005 521 550 955 1065 543 570 330 1020 849 853 201 411 265 523 1011 479 1001 1020 375 59 327 94 478 319 573 475 388 423 564 530 501 948 562 561 888 1030 378 889 494 107 1010 486 458 524 432 1062 336 851 0 451 22
995 564 991 950 377 619 477 435 307 597 372 537 535 537 457 1019 363 392 969 1079 526 584 575 1034 863 867 446 612 510 365 1025 368 1015 1034 280 424 524 449 573 516 720 318 102 569 578 420 702 962 405 450 902 1044 510 903 641 488 1024 376 301 366 579 1076 581 865 451 0 450
980 580 976 935 533 417 362 451 464 613 481 522 551 553 29 1004 520 549 954 1064 542 569 329 1019 848 852 200 410 264 522 1010 478 1000 1019 375 58 326 94 477 318 572 474 387 422 563 529 500 947 562 560 887 1029 377 888 493 106 1009 485 457 523 431 1061 335 850 22 450 0
EOF
