NAME : tsp_problem
TYPE : TSP
DIMENSION : 70
EDGE_WEIGHT_TYPE : EXPLICIT
EDGE_WEIGHT_FORMAT : FULL_MATRIX
EDGE_WEIGHT_SECTION
0 497 428 84 425 300 233 296 469 531 344 331 372 459 417 427 136 526 605 106 297 614 271 366 316 235 222 512 187 480 630 222 162 204 170 458 509 82 641 418 81 195 217 251 559 129 320 431 161 41 430 446 327 467 210 438 526 588 65 184 255 580 183 422 465 282 339 273 381 194
497 0 377 518 374 602 535 255 114 869 187 200 710 103 191 376 569 203 943 558 257 952 511 265 275 429 308 47 427 191 202 674 365 437 507 796 67 534 334 191 533 384 456 281 897 580 279 380 499 480 379 784 204 416 449 211 864 926 516 423 308 918 417 196 157 521 232 512 250 433
428 377 0 486 37 434 368 490 313 933 422 435 773 308 426 39 537 308 1006 488 492 1016 605 147 511 261 463 392 521 262 412 582 403 269 339 860 389 464 569 426 414 478 550 492 960 511 514 43 562 410 54 847 439 113 543 446 927 989 447 518 496 982 398 431 392 616 467 607 163 528
84 518 486 0 483 358 291 317 490 503 365 352 344 479 438 485 71 584 577 164 318 586 243 424 337 293 243 533 160 538 688 280 220 262 228 430 530 140 662 439 139 168 189 272 531 187 341 489 133 99 488 418 347 525 182 459 498 560 123 156 276 552 241 443 485 254 359 245 439 166
425 374 37 483 0 432 365 488 310 930 419 432 770 306 423 24 534 305 1003 486 489 1013 602 144 508 258 461 389 518 259 409 580 401 266 336 857 386 462 566 424 411 476 548 490 958 508 512 27 559 408 38 845 437 110 541 444 925 987 444 515 493 979 396 428 389 613 464 604 160 525
300 602 434 358 432 0 104 550 538 593 598 585 434 534 651 434 409 533 667 311 552 676 545 372 571 205 477 617 461 487 637 204 417 362 175 520 614 331 794 652 250 469 490 505 621 279 575 437 434 295 437 508 581 473 483 671 588 650 319 458 509 642 437 656 617 556 593 547 388 468
233 535 368 291 365 104 0 484 471 641 532 519 481 467 585 367 343 466 714 294 485 724 478 306 504 139 410 551 395 420 570 252 350 295 108 568 547 270 727 585 183 403 424 439 669 317 508 371 368 229 370 556 514 407 417 605 636 698 253 391 443 690 370 589 551 489 526 480 321 401
296 255 490 317 488 550 484 0 227 668 102 89 509 217 176 490 368 351 742 357 56 751 310 378 75 457 107 271 226 305 426 473 164 314 420 595 267 333 400 176 332 183 255 80 696 379 68 493 298 279 493 583 85 529 248 196 663 725 315 222 107 717 217 180 223 320 97 311 363 232
469 114 313 490 310 538 471 227 0 841 159 172 682 72 163 312 541 174 914 530 229 924 482 201 247 365 280 129 399 127 278 646 336 373 443 768 126 506 306 163 505 356 428 253 869 552 251 316 471 452 315 756 176 352 421 183 836 898 488 395 280 890 389 168 129 493 204 484 186 405
531 869 933 503 930 593 641 668 841 0 716 703 204 831 790 932 555 965 187 488 670 197 595 871 689 740 595 885 511 919 1040 437 590 709 675 110 881 507 1014 790 586 519 540 623 141 455 692 936 416 546 935 200 699 972 533 810 280 343 522 508 627 163 643 794 837 606 711 597 886 518
344 187 422 365 419 598 532 102 159 716 0 62 556 149 107 422 416 283 789 404 103 799 357 310 122 474 155 202 273 237 358 521 211 362 468 643 199 381 331 108 380 231 302 128 744 427 126 425 345 327 425 631 66 461 296 128 711 773 363 270 155 765 264 112 155 368 94 359 295 280
331 200 435 352 432 585 519 89 172 703 62 0 544 161 120 434 403 296 777 392 91 786 345 323 110 487 142 215 261 250 370 508 199 349 455 630 212 368 344 121 367 218 290 115 731 414 113 438 333 314 437 618 79 474 283 141 698 760 350 257 142 752 251 125 167 355 91 346 308 267
372 710 773 344 770 434 481 509 682 204 556 544 0 671 630 773 395 806 277 328 510 287 435 711 529 581 435 725 351 759 880 278 431 550 515 131 722 348 854 631 427 360 381 464 231 295 533 776 256 386 776 118 539 812 374 650 199 261 362 348 468 253 484 635 677 446 551 437 727 358
459 103 308 479 306 534 467 217 72 831 149 161 671 0 152 308 531 169 904 519 218 914 472 196 237 360 269 119 388 123 273 635 326 368 438 758 115 495 295 153 494 345 417 243 858 542 241 311 460 441 311 745 166 347 410 173 826 888 478 385 270 880 379 157 118 483 194 474 182 395
417 191 426 438 423 651 585 176 163 790 107 120 630 152 0 425 490 287 863 478 177 873 431 314 196 478 228 206 347 241 362 594 285 435 542 717 203 454 335 58 453 304 376 202 817 501 200 429 419 400 429 704 125 465 369 93 784 846 437 344 229 839 338 62 158 442 152 433 299 354
427 376 39 485 24 434 367 490 312 932 422 434 773 308 425 0 537 307 1005 488 491 1015 605 146 510 261 463 392 521 261 411 582 403 269 339 859 388 464 568 426 413 478 550 492 960 510 514 29 562 410 40 847 439 112 543 446 927 989 447 517 495 981 398 430 392 615 467 606 162 527
136 569 537 71 534 409 343 368 541 555 416 403 395 531 490 537 0 636 628 216 370 638 295 475 388 345 295 584 211 590 740 332 272 314 279 482 581 192 713 490 191 219 240 323 583 238 392 540 184 150 540 470 399 576 233 510 550 612 174 208 327 604 292 494 537 305 411 297 491 218
526 203 308 584 305 533 466 351 174 965 283 296 806 169 287 307 636 0 1039 587 353 1048 607 196 372 360 404 189 523 102 152 681 461 368 438 892 227 563 328 287 513 480 552 377 993 610 375 311 595 509 310 880 300 347 545 307 960 1022 546 520 404 1014 497 292 253 617 328 608 181 529
605 943 1006 577 1003 667 714 742 914 187 789 777 277 904 863 1005 628 1039 0 561 743 45 668 944 762 813 668 958 584 992 1113 510 663 783 748 183 954 581 1087 863 660 592 613 697 86 528 766 1009 489 619 1008 274 772 1045 607 883 354 416 595 581 700 142 716 868 910 679 784 670 960 591
106 558 488 164 486 311 294 357 530 488 404 392 328 519 478 488 216 587 561 0 358 571 351 426 377 296 283 573 267 541 691 155 223 265 231 415 570 59 702 479 142 276 297 312 515 62 381 491 241 102 491 402 387 527 290 498 483 545 73 264 316 537 243 483 525 362 399 353 442 274
297 257 492 318 489 552 485 56 229 670 103 91 510 218 177 491 370 353 743 358 0 753 311 380 76 458 108 272 227 306 427 474 165 315 422 597 269 334 401 178 333 184 256 82 697 381 66 495 299 280 494 584 86 531 249 197 664 727 317 224 109 719 218 182 224 322 98 313 365 234
614 952 1016 586 1013 676 724 751 924 197 799 786 287 914 873 1015 638 1048 45 571 753 0 678 954 772 823 678 968 594 1002 1123 520 673 792 758 193 964 591 1097 873 669 602 623 706 95 538 775 1019 499 629 1018 283 782 1055 616 893 363 426 605 591 710 152 726 877 920 689 794 680 969 601
271 511 605 243 602 545 478 310 482 595 357 345 435 472 431 605 295 607 668 351 311 678 0 543 330 480 236 526 112 560 681 460 231 382 415 522 522 327 655 431 326 160 88 265 623 374 334 608 224 286 608 510 340 644 101 451 590 652 310 123 268 644 284 436 478 55 352 46 559 105
366 265 147 424 144 372 306 378 201 871 310 323 711 196 314 146 475 196 944 426 380 954 543 0 398 199 401 280 459 149 300 520 341 207 277 797 277 402 457 314 352 416 488 404 898 449 402 150 500 348 150 785 327 186 481 334 865 927 385 456 431 920 336 319 280 553 355 545 101 466
316 275 511 337 508 571 504 75 247 689 122 110 529 237 196 510 388 372 762 377 76 772 330 398 0 477 127 291 246 325 446 493 184 334 441 615 287 353 420 196 352 203 275 101 716 399 72 514 318 299 513 603 105 550 268 216 683 745 336 243 127 737 237 201 243 340 117 331 384 253
235 429 261 293 258 205 139 457 365 740 474 487 581 360 478 261 345 360 813 296 458 823 480 199 477 0 383 444 396 313 464 354 323 189 110 667 441 272 621 478 185 398 425 412 768 318 481 264 370 230 264 655 487 300 419 498 735 797 255 393 416 789 318 483 444 491 499 482 215 403
222 308 463 243 461 477 410 107 280 595 155 142 435 269 228 463 295 404 668 283 108 678 236 401 127 383 0 323 152 358 479 399 90 240 347 521 320 259 452 229 258 109 181 62 622 306 131 467 224 205 466 509 137 502 174 249 589 651 242 149 66 644 143 233 275 246 150 238 416 159
512 47 392 533 389 617 551 271 129 885 202 215 725 119 206 392 584 189 958 573 272 968 526 280 291 444 323 0 442 207 188 689 380 452 522 811 71 549 349 207 548 399 471 297 912 596 295 395 514 495 395 799 220 431 464 227 879 941 532 439 323 934 433 211 172 536 247 528 265 449
187 427 521 160 518 461 395 226 399 511 273 261 351 388 347 521 211 523 584 267 227 594 112 459 246 396 152 442 0 476 597 376 148 298 331 438 439 244 571 347 243 76 58 181 539 290 250 524 141 202 524 426 256 560 51 367 506 568 226 65 184 560 200 352 394 123 268 114 475 56
480 191 262 538 259 487 420 305 127 919 237 250 759 123 241 261 590 102 992 541 306 1002 560 149 325 313 358 207 476 0 179 635 414 322 392 846 203 517 355 241 466 434 506 331 947 563 329 265 548 463 264 834 254 301 499 261 914 976 500 473 358 968 451 245 207 571 282 562 135 483
630 202 412 688 409 637 570 426 278 1040 358 370 880 273 362 411 740 152 1113 691 427 1123 681 300 446 464 479 188 597 179 0 785 535 472 542 967 226 667 221 362 617 555 626 452 1068 714 450 415 669 613 414 955 375 451 619 382 1035 1097 650 594 479 1089 588 366 328 692 403 683 285 604
222 674 582 280 580 204 252 473 646 437 521 508 278 635 594 582 332 681 510 155 474 520 460 520 493 354 399 689 376 635 785 0 339 381 323 364 686 175 818 595 258 384 405 428 465 122 497 585 281 218 585 352 503 621 398 615 432 494 189 373 432 486 359 599 641 471 516 462 536 383
162 365 403 220 401 417 350 164 336 590 211 199 431 326 285 403 272 461 663 223 165 673 231 341 184 323 90 380 148 414 535 339 0 180 287 517 376 199 509 285 198 105 177 119 618 245 188 406 220 145 406 505 194 442 170 305 585 647 182 144 122 639 83 290 332 242 206 233 357 154
204 437 269 262 266 362 295 314 373 709 362 349 550 368 435 269 314 368 783 265 315 792 382 207 334 189 240 452 298 322 472 381 180 0 267 636 449 241 629 436 240 255 327 269 737 288 338 272 339 187 272 624 344 308 320 456 704 766 224 295 273 758 175 440 452 392 356 383 223 305
170 507 339 228 336 175 108 420 443 675 468 455 515 438 542 339 279 438 748 231 422 758 415 277 441 110 347 522 331 392 542 323 287 267 0 602 519 207 699 542 120 339 360 376 703 253 445 342 305 165 342 590 451 378 353 562 670 732 189 328 379 724 307 547 522 426 463 417 293 338
458 796 860 430 857 520 568 595 768 110 643 630 131 758 717 859 482 892 183 415 597 193 522 797 615 667 521 811 438 846 967 364 517 636 602 0 808 434 940 717 513 446 467 550 137 382 619 863 342 473 862 127 626 899 460 737 207 269 449 435 554 158 570 721 764 532 638 524 813 445
509 67 389 530 386 614 547 267 126 881 199 212 722 115 203 388 581 227 954 570 269 964 522 277 287 441 320 71 439 203 226 686 376 449 519 808 0 546 346 203 545 396 468 293 909 592 291 392 511 492 391 796 216 428 461 223 876 938 528 435 320 930 429 208 169 533 244 524 262 445
82 534 464 140 462 331 270 333 506 507 381 368 348 495 454 464 192 563 581 59 334 591 327 402 353 272 259 549 244 517 667 175 199 241 207 434 546 0 678 455 118 252 273 288 535 81 357 467 217 78 467 422 363 503 266 475 502 564 93 240 292 556 219 459 501 338 375 329 418 250
641 334 569 662 566 794 727 400 306 1014 331 344 854 295 335 568 713 328 1087 702 401 1097 655 457 420 621 452 349 571 355 221 818 509 629 699 940 346 678 0 336 677 528 600 426 1041 724 424 572 643 624 571 928 349 608 593 356 1008 1070 661 568 452 1062 562 340 213 665 376 656 442 578
418 191 426 439 424 652 585 176 163 790 108 121 631 153 58 426 490 287 863 479 178 873 431 314 196 478 229 207 347 241 362 595 285 436 542 717 203 455 336 0 454 305 377 202 818 501 200 429 420 401 429 705 125 465 370 64 785 847 437 344 229 839 338 30 159 442 153 433 300 354
81 533 414 139 411 250 183 332 505 586 380 367 427 494 453 413 191 513 660 142 333 669 326 352 352 185 258 548 243 466 617 258 198 240 120 513 545 118 677 454 0 251 272 287 614 165 356 417 216 77 416 501 362 453 265 474 581 643 101 239 291 635 218 458 500 337 374 328 367 249
195 384 478 168 476 469 403 183 356 519 231 218 360 345 304 478 219 480 592 276 184 602 160 416 203 398 109 399 76 434 555 384 105 255 339 446 396 252 528 305 251 0 106 138 547 298 207 481 149 210 481 434 213 517 99 325 514 576 234 73 142 568 158 309 351 171 226 162 432 83
217 456 550 189 548 490 424 255 428 540 302 290 381 417 376 550 240 552 613 297 256 623 88 488 275 425 181 471 58 506 626 405 177 327 360 467 468 273 600 377 272 106 0 210 568 319 279 553 170 231 553 455 285 589 46 396 535 597 255 68 214 589 230 381 423 99 297 90 504 51
251 281 492 272 490 505 439 80 253 623 128 115 464 243 202 492 323 377 697 312 82 706 265 404 101 412 62 297 181 331 452 428 119 269 376 550 293 288 426 202 287 138 210 0 651 334 104 495 253 234 495 538 111 531 203 222 618 680 271 178 62 672 172 207 249 275 123 266 389 188
559 897 960 531 958 621 669 696 869 141 744 731 231 858 817 960 583 993 86 515 697 95 623 898 716 768 622 912 539 947 1068 465 618 737 703 137 909 535 1041 818 614 547 568 651 0 483 720 963 443 574 963 228 726 999 561 838 308 370 549 536 655 97 671 822 865 633 739 624 914 546
129 580 511 187 508 279 317 379 552 455 427 414 295 542 501 510 238 610 528 62 381 538 374 449 399 318 306 596 290 563 714 122 245 288 253 382 592 81 724 501 165 298 319 334 483 0 403 514 263 124 513 370 410 550 312 521 450 512 96 287 338 504 266 505 548 384 422 376 465 297
320 279 514 341 512 575 508 68 251 692 126 113 533 241 200 514 392 375 766 381 66 775 334 402 72 481 131 295 250 329 450 497 188 338 445 619 291 357 424 200 356 207 279 104 720 403 0 518 322 303 517 607 109 554 272 220 687 749 340 247 131 741 241 205 247 344 121 335 388 257
431 380 43 489 27 437 371 493 316 936 425 438 776 311 429 29 540 311 1009 491 495 1019 608 150 514 264 467 395 524 265 415 585 406 272 342 863 392 467 572 429 417 481 553 495 963 514 518 0 565 413 44 850 442 116 546 449 930 993 450 521 499 985 401 434 395 619 470 610 166 531
161 499 562 133 559 434 368 298 471 416 345 333 256 460 419 562 184 595 489 241 299 499 224 500 318 370 224 514 141 548 669 281 220 339 305 342 511 217 643 420 216 149 170 253 443 263 322 565 0 175 565 330 328 601 163 439 410 472 200 137 257 465 273 424 466 235 340 226 516 147
41 480 410 99 408 295 229 279 452 546 327 314 386 441 400 410 150 509 619 102 280 629 286 348 299 230 205 495 202 463 613 218 145 187 165 473 492 78 624 401 77 210 231 234 574 124 303 413 175 0 413 461 309 449 224 421 541 603 60 199 238 595 165 405 447 297 321 288 364 209
430 379 54 488 38 437 370 493 315 935 425 437 776 311 429 40 540 310 1008 491 494 1018 608 150 513 264 466 395 524 264 414 585 406 272 342 862 391 467 571 429 416 481 553 495 963 513 517 44 565 413 0 850 442 115 546 449 930 992 450 520 499 984 401 433 395 618 470 609 165 530
446 784 847 418 845 508 556 583 756 200 631 618 118 745 704 847 470 880 274 402 584 283 510 785 603 655 509 799 426 834 955 352 505 624 590 127 796 422 928 705 501 434 455 538 228 370 607 850 330 461 850 0 614 886 448 725 195 186 436 423 542 249 558 709 752 520 626 511 801 433
327 204 439 347 437 581 514 85 176 699 66 79 539 166 125 439 399 300 772 387 86 782 340 327 105 487 137 220 256 254 375 503 194 344 451 626 216 363 349 125 362 213 285 111 726 410 109 442 328 309 442 614 0 478 278 145 694 756 346 253 138 748 247 129 172 351 86 342 312 263
467 416 113 525 110 473 407 529 352 972 461 474 812 347 465 112 576 347 1045 527 531 1055 644 186 550 300 502 431 560 301 451 621 442 308 378 899 428 503 608 465 453 517 589 531 999 550 554 116 601 449 115 886 478 0 582 485 966 1029 486 557 535 1021 437 470 431 655 506 646 202 567
210 449 543 182 541 483 417 248 421 533 296 283 374 410 369 543 233 545 607 290 249 616 101 481 268 419 174 464 51 499 619 398 170 320 353 460 461 266 593 370 265 99 46 203 561 312 272 546 163 224 546 448 278 582 0 390 528 590 248 61 207 582 223 374 416 111 290 102 497 44
438 211 446 459 444 671 605 196 183 810 128 141 650 173 93 446 510 307 883 498 197 893 451 334 216 498 249 227 367 261 382 615 305 456 562 737 223 475 356 64 474 325 396 222 838 521 220 449 439 421 449 725 145 485 390 0 805 867 457 364 249 859 358 69 179 462 173 453 319 374
526 864 927 498 925 588 636 663 836 280 711 698 199 826 784 927 550 960 354 483 664 363 590 865 683 735 589 879 506 914 1035 432 585 704 670 207 876 502 1008 785 581 514 535 618 308 450 687 930 410 541 930 195 694 966 528 805 0 120 517 503 622 329 638 789 832 600 706 591 881 513
588 926 989 560 987 650 698 725 898 343 773 760 261 888 846 989 612 1022 416 545 727 426 652 927 745 797 651 941 568 976 1097 494 647 766 732 269 938 564 1070 847 643 576 597 680 370 512 749 993 472 603 992 186 756 1029 590 867 120 0 579 565 684 391 700 851 894 662 768 653 943 575
65 516 447 123 444 319 253 315 488 522 363 350 362 478 437 447 174 546 595 73 317 605 310 385 336 255 242 532 226 500 650 189 182 224 189 449 528 93 661 437 101 234 255 271 549 96 340 450 200 60 450 436 346 486 248 457 517 579 0 223 274 571 202 442 484 321 358 312 401 233
184 423 518 156 515 458 391 222 395 508 270 257 348 385 344 517 208 520 581 264 224 591 123 456 243 393 149 439 65 473 594 373 144 295 328 435 435 240 568 344 239 73 68 178 536 287 247 521 137 199 520 423 253 557 61 364 503 565 223 0 181 557 197 349 391 134 265 125 472 66
255 308 496 276 493 509 443 107 280 627 155 142 468 270 229 495 327 404 700 316 109 710 268 431 127 416 66 323 184 358 479 432 122 273 379 554 320 292 452 229 291 142 214 62 655 338 131 499 257 238 499 542 138 535 207 249 622 684 274 181 0 676 175 233 276 279 150 270 416 191
580 918 982 552 979 642 690 717 890 163 765 752 253 880 839 981 604 1014 142 537 719 152 644 920 737 789 644 934 560 968 1089 486 639 758 724 158 930 556 1062 839 635 568 589 672 97 504 741 985 465 595 984 249 748 1021 582 859 329 391 571 557 676 0 692 843 886 655 760 646 935 567
183 417 398 241 396 437 370 217 389 643 264 251 484 379 338 398 292 497 716 243 218 726 284 336 237 318 143 433 200 451 588 359 83 175 307 570 429 219 562 338 218 158 230 172 671 266 241 401 273 165 401 558 247 437 223 358 638 700 202 197 175 692 0 343 385 295 259 286 352 207
422 196 431 443 428 656 589 180 168 794 112 125 635 157 62 430 494 292 868 483 182 877 436 319 201 483 233 211 352 245 366 599 290 440 547 721 208 459 340 30 458 309 381 207 822 505 205 434 424 405 433 709 129 470 374 69 789 851 442 349 233 843 343 0 163 446 157 437 304 359
465 157 392 485 389 617 551 223 129 837 155 167 677 118 158 392 537 253 910 525 224 920 478 280 243 444 275 172 394 207 328 641 332 452 522 764 169 501 213 159 500 351 423 249 865 548 247 395 466 447 395 752 172 431 416 179 832 894 484 391 276 886 385 163 0 489 200 480 265 401
282 521 616 254 613 556 489 320 493 606 368 355 446 483 442 615 305 617 679 362 322 689 55 553 340 491 246 536 123 571 692 471 242 392 426 532 533 338 665 442 337 171 99 275 633 384 344 619 235 297 618 520 351 655 111 462 600 662 321 134 279 655 295 446 489 0 363 44 569 116
339 232 467 359 464 593 526 97 204 711 94 91 551 194 152 467 411 328 784 399 98 794 352 355 117 499 150 247 268 282 403 516 206 356 463 638 244 375 376 153 374 226 297 123 739 422 121 470 340 321 470 626 86 506 290 173 706 768 358 265 150 760 259 157 200 363 0 354 340 275
273 512 607 245 604 547 480 311 484 597 359 346 437 474 433 606 297 608 670 353 313 680 46 545 331 482 238 528 114 562 683 462 233 383 417 524 524 329 656 433 328 162 90 266 624 376 335 610 226 288 609 511 342 646 102 453 591 653 312 125 270 646 286 437 480 44 354 0 560 107
381 250 163 439 160 388 321 363 186 886 295 308 727 182 299 162 491 181 960 442 365 969 559 101 384 215 416 265 475 135 285 536 357 223 293 813 262 418 442 300 367 432 504 389 914 465 388 166 516 364 165 801 312 202 497 319 881 943 401 472 416 935 352 304 265 569 340 560 0 482
194 433 528 166 525 468 401 232 405 518 280 267 358 395 354 527 218 529 591 274 234 601 105 466 253 403 159 449 56 483 604 383 154 305 338 445 445 250 578 354 249 83 51 188 546 297 257 531 147 209 530 433 263 567 44 374 513 575 233 66 191 567 207 359 401 116 275 107 482 0
EOF