NAME : tsp_problem
TYPE : TSP
DIMENSION : 66
EDGE_WEIGHT_TYPE : EXPLICIT
EDGE_WEIGHT_FORMAT : FULL_MATRIX
EDGE_WEIGHT_SECTION
0 302 188 790 362 781 272 533 424 439 443 365 854 141 141 216 143 687 416 626 146 524 405 344 550 319 343 752 388 282 776 347 212 308 188 656 424 552 647 669 684 532 403 374 168 652 646 261 417 863 325 402 100 159 252 652 730 574 132 258 568 341 196 717 418 716
302 0 358 960 532 952 442 703 594 609 384 94 1024 198 195 386 313 857 586 796 316 380 370 199 571 489 514 922 558 452 946 517 382 478 358 826 540 408 817 840 854 388 556 544 297 822 816 431 543 1033 495 258 236 329 237 823 900 429 261 242 424 511 366 887 588 886
188 358 0 659 231 650 114 402 266 281 286 422 723 198 197 85 98 556 258 495 87 413 248 400 392 188 212 621 231 124 645 216 174 150 150 525 266 441 516 538 553 421 246 243 225 521 515 130 259 732 194 372 157 121 309 521 599 463 188 314 457 183 158 586 260 585
790 960 659 0 459 46 743 316 532 521 879 1024 516 800 799 608 700 349 545 204 689 1011 845 1002 705 550 574 148 687 670 59 484 776 645 752 175 723 1039 309 247 261 1019 702 450 826 177 175 690 716 525 655 969 759 723 911 162 126 1060 790 916 1055 619 760 114 538 206
362 532 231 459 0 451 315 203 253 242 451 596 523 372 371 180 272 356 266 295 261 583 417 574 421 122 147 421 259 242 445 63 348 217 324 325 295 611 316 339 353 591 274 90 399 321 315 262 288 533 227 541 331 295 483 322 399 632 363 488 627 212 332 386 259 385
781 952 650 46 451 0 734 308 523 512 870 1015 507 791 790 600 691 340 536 195 680 1002 837 993 697 541 566 140 679 661 50 476 767 636 744 167 714 1030 300 239 253 1010 694 441 818 169 167 681 707 516 646 961 750 715 902 153 117 1052 782 907 1046 610 752 106 529 197
272 442 114 743 315 734 0 486 278 293 247 505 807 282 281 169 182 640 269 579 171 375 209 432 404 263 235 705 242 136 729 300 258 161 234 609 278 403 600 622 636 383 257 327 308 604 599 214 271 816 278 333 241 205 393 605 683 424 272 398 419 195 242 670 272 669
533 703 402 316 203 308 486 0 275 264 622 767 380 543 542 352 443 213 288 152 432 754 589 745 449 293 318 278 431 413 302 228 519 388 495 182 466 782 173 196 210 762 446 193 570 178 172 433 459 389 398 713 502 466 654 179 256 804 534 659 798 362 503 243 281 242
424 594 266 532 253 523 278 275 0 111 380 657 596 433 433 310 333 429 88 368 323 512 346 569 302 209 181 494 188 171 518 278 410 146 386 398 224 540 389 411 426 520 203 244 460 393 388 366 216 605 357 470 392 357 544 394 472 561 424 550 556 115 394 459 90 458
439 609 281 521 242 512 293 264 111 0 395 672 585 448 448 325 348 418 102 357 338 527 361 584 291 224 196 483 203 186 507 267 425 161 401 387 239 555 378 400 415 535 218 233 475 383 377 381 231 594 371 485 407 372 559 383 461 576 439 565 571 130 409 448 105 447
443 384 286 879 451 870 247 622 380 395 0 389 943 425 422 340 353 776 372 715 342 204 62 261 222 365 337 841 254 242 865 436 430 268 406 745 191 232 736 758 772 212 207 463 480 740 735 385 195 952 450 163 412 377 464 741 819 254 444 469 248 297 414 806 374 805
365 94 422 1024 596 1015 505 767 657 672 389 0 1087 261 258 450 376 920 649 860 379 384 375 157 576 552 577 986 607 515 1009 580 445 541 422 890 545 413 880 903 917 392 561 608 361 885 880 495 548 1097 559 263 299 392 300 886 963 434 324 306 428 574 430 951 651 950
854 1024 723 516 523 507 807 380 596 585 943 1087 0 864 863 672 763 221 609 352 753 1075 909 1066 769 613 638 478 751 734 501 548 840 709 816 382 787 1103 251 395 409 1083 766 514 890 377 372 754 779 280 719 1033 823 787 975 378 455 1124 854 980 1119 683 824 443 602 442
141 198 198 800 372 791 282 543 433 448 425 261 864 0 52 226 152 697 425 636 155 420 410 240 560 328 353 762 398 292 786 357 222 317 198 666 434 448 657 679 693 428 413 384 137 661 656 271 426 873 335 298 76 169 148 662 740 470 101 154 464 351 206 727 428 726
141 195 197 799 371 790 281 542 433 448 422 258 863 52 0 225 152 696 425 635 155 417 407 237 559 328 353 761 397 291 785 356 221 317 197 665 433 445 656 678 693 425 412 383 136 661 655 270 426 872 334 295 75 168 146 661 739 467 100 151 461 350 205 726 427 725
216 386 85 608 180 600 169 352 310 325 340 450 672 226 225 0 126 505 302 444 115 468 302 428 436 137 162 570 275 179 594 165 202 205 178 474 310 496 465 488 502 476 290 193 253 470 464 116 303 682 143 426 185 149 337 471 548 517 216 342 512 227 186 535 304 534
143 313 98 700 272 691 182 443 333 348 353 376 763 152 152 126 0 597 325 536 62 481 315 355 460 228 253 662 298 191 685 256 129 217 105 566 334 509 557 579 593 488 313 284 179 561 556 171 326 773 235 413 111 76 263 562 639 530 143 269 524 251 113 627 328 626
687 857 556 349 356 340 640 213 429 418 776 920 221 697 696 505 597 0 442 185 586 908 742 899 602 446 471 311 584 567 335 381 673 542 649 215 620 936 200 228 242 916 599 347 723 210 205 587 612 230 552 866 656 620 808 211 288 957 687 813 952 516 657 276 435 275
416 586 258 545 266 536 269 288 88 102 372 649 609 425 425 302 325 442 0 381 315 504 338 561 315 201 172 507 180 162 531 271 402 137 378 411 216 532 402 424 439 511 195 257 452 406 401 357 208 618 348 462 384 349 536 407 485 553 416 542 547 107 386 472 82 471
626 796 495 204 295 195 579 152 368 357 715 860 352 636 635 444 536 185 381 0 525 847 681 838 542 386 411 166 523 506 190 320 612 481 588 70 559 875 145 56 70 855 538 286 663 66 60 526 552 361 491 805 595 559 747 66 144 896 627 752 891 455 596 131 374 130
146 316 87 689 261 680 171 432 323 338 342 379 753 155 155 115 62 586 315 525 0 470 304 358 449 218 242 651 287 181 675 246 132 207 108 555 323 498 546 568 583 478 302 273 182 550 545 160 316 762 224 416 114 79 266 551 629 519 146 272 514 240 116 616 317 615
524 380 413 1011 583 1002 375 754 512 527 204 384 1075 420 417 468 481 908 504 847 470 0 189 257 390 497 469 973 422 370 997 568 557 396 533 877 360 92 868 890 904 25 376 595 519 872 867 513 363 1084 577 158 458 504 459 873 951 113 483 464 108 429 541 938 506 937
405 370 248 845 417 837 209 589 346 361 62 375 909 410 407 302 315 742 338 681 304 189 0 247 248 332 303 807 280 204 831 402 391 230 368 711 218 218 702 725 739 197 234 430 442 707 701 347 221 919 412 148 374 339 449 708 785 239 406 455 233 263 376 772 340 771
344 199 400 1002 574 993 432 745 569 584 261 157 1066 240 237 428 355 899 561 838 358 257 247 0 448 531 526 964 479 427 988 559 424 453 400 868 417 285 859 881 896 265 433 586 339 864 858 473 420 1075 537 135 278 371 279 864 942 306 303 284 301 486 408 929 563 928
550 571 392 705 421 697 404 449 302 291 222 576 769 560 559 436 460 602 315 542 449 390 248 448 0 335 307 668 224 297 691 406 536 272 512 572 162 419 562 585 599 398 178 417 587 567 561 492 165 779 483 349 519 483 650 568 645 440 551 656 434 267 520 632 308 632
319 489 188 550 122 541 263 293 209 224 365 552 613 328 328 137 228 446 201 386 218 497 332 531 335 0 61 512 174 156 535 106 305 131 281 416 209 525 407 429 443 505 189 134 355 411 406 219 202 623 184 456 287 252 439 412 489 547 319 445 541 126 289 477 203 476
343 514 212 574 147 566 235 318 181 196 337 577 638 353 353 162 253 471 172 411 242 469 303 526 307 61 0 537 145 128 560 131 330 103 306 441 181 497 431 454 468 477 160 159 380 436 430 244 174 648 208 427 312 277 464 437 514 518 344 470 513 98 314 502 175 501
752 922 621 148 421 140 705 278 494 483 841 986 478 762 761 570 662 311 507 166 651 973 807 964 668 512 537 0 649 632 134 446 738 607 714 137 685 1001 271 209 224 981 664 412 789 140 137 652 678 487 617 931 721 685 873 124 45 1022 753 878 1017 581 722 76 500 168
388 558 231 687 259 679 242 431 188 203 254 607 751 398 397 275 298 584 180 523 287 422 280 479 224 174 145 649 0 135 673 244 374 110 351 553 98 450 544 567 581 430 77 272 425 549 543 330 91 761 321 381 357 321 509 550 627 472 389 514 466 105 359 614 182 613
282 452 124 670 242 661 136 413 171 186 242 515 734 292 291 179 191 567 162 506 181 370 204 427 297 156 128 632 135 0 656 227 268 93 244 536 171 398 527 549 563 378 150 254 318 531 526 224 164 743 288 328 251 215 403 532 610 419 282 408 414 88 252 597 165 596
776 946 645 59 445 50 729 302 518 507 865 1009 501 786 785 594 685 335 531 190 675 997 831 988 691 535 560 134 673 656 0 470 762 631 738 161 709 1025 295 233 247 1005 688 436 812 163 161 676 701 511 641 955 745 709 897 148 112 1046 776 902 1041 605 746 100 524 192
347 517 216 484 63 476 300 228 278 267 436 580 548 357 356 165 256 381 271 320 246 568 402 559 406 106 131 446 244 227 470 0 333 202 309 350 280 596 341 364 378 576 259 75 383 346 340 247 272 558 212 526 316 280 468 347 424 617 347 473 612 197 317 411 274 410
212 382 174 776 348 767 258 519 410 425 430 445 840 222 221 202 129 673 402 612 132 557 391 424 536 305 330 738 374 268 762 333 0 294 39 642 410 585 633 655 670 565 389 360 248 638 632 247 403 849 311 482 181 73 333 638 716 607 212 338 601 327 45 703 404 702
308 478 150 645 217 636 161 388 146 161 268 541 709 317 317 205 217 542 137 481 207 396 230 453 272 131 103 607 110 93 631 202 294 0 270 511 146 424 502 524 538 403 125 229 344 506 501 249 139 718 279 354 276 241 428 507 585 445 308 434 439 63 278 572 140 571
188 358 150 752 324 744 234 495 386 401 406 422 816 198 197 178 105 649 378 588 108 533 368 400 512 281 306 714 351 244 738 309 39 270 0 618 386 561 609 632 646 541 366 337 224 614 608 223 379 825 287 458 157 49 309 615 692 583 188 314 577 303 26 679 380 678
656 826 525 175 325 167 609 182 398 387 745 890 382 666 665 474 566 215 411 70 555 877 711 868 572 416 441 137 553 536 161 350 642 511 618 0 589 905 175 113 128 885 568 316 693 73 71 556 582 391 521 836 625 589 777 57 115 926 657 782 921 485 626 102 404 101
424 540 266 723 295 714 278 466 224 239 191 545 787 434 433 310 334 620 216 559 323 360 218 417 162 209 181 685 98 171 709 280 410 146 386 589 0 388 580 602 617 368 113 307 461 585 579 366 126 796 357 318 393 357 545 585 663 409 425 550 404 141 394 650 218 649
552 408 441 1039 611 1030 403 782 540 555 232 413 1103 448 445 496 509 936 532 875 498 92 218 285 419 525 497 1001 450 398 1025 596 585 424 561 905 388 0 896 918 933 100 404 623 548 901 895 541 391 1112 605 186 487 532 487 901 979 78 512 493 71 457 569 966 534 965
647 817 516 309 316 300 600 173 389 378 736 880 251 657 656 465 557 200 402 145 546 868 702 859 562 407 431 271 544 527 295 341 633 502 609 175 580 896 0 188 202 876 559 307 683 170 165 547 572 260 512 826 616 580 768 171 248 917 647 773 912 476 617 236 395 235
669 840 538 247 339 239 622 196 411 400 758 903 395 679 678 488 579 228 424 56 568 890 725 881 585 429 454 209 567 549 233 364 655 524 632 113 602 918 188 0 57 898 582 329 706 109 103 569 595 404 534 849 638 602 790 110 187 940 670 795 934 498 640 174 417 173
684 854 553 261 353 253 636 210 426 415 772 917 409 693 693 502 593 242 439 70 583 904 739 896 599 443 468 224 581 563 247 378 670 538 646 128 617 933 202 57 0 912 596 343 720 123 117 584 609 419 549 863 652 617 804 124 201 954 684 810 948 513 654 189 432 188
532 388 421 1019 591 1010 383 762 520 535 212 392 1083 428 425 476 488 916 511 855 478 25 197 265 398 505 477 981 430 378 1005 576 565 403 541 885 368 100 876 898 912 0 384 603 527 880 875 521 371 1092 585 166 466 512 467 881 959 121 491 472 116 437 549 946 514 945
403 556 246 702 274 694 257 446 203 218 207 561 766 413 412 290 313 599 195 538 302 376 234 433 178 189 160 664 77 150 688 259 389 125 366 568 113 404 559 582 596 384 0 287 440 564 558 345 106 776 336 334 372 336 524 565 642 425 404 529 420 120 374 629 197 628
374 544 243 450 90 441 327 193 244 233 463 608 514 384 383 193 284 347 257 286 273 595 430 586 417 134 159 412 272 254 436 75 360 229 337 316 307 623 307 329 343 603 287 0 411 311 306 274 300 523 239 554 343 307 495 312 390 645 375 500 639 224 345 377 250 376
168 297 225 826 399 818 308 570 460 475 480 361 890 137 136 253 179 723 452 663 182 519 442 339 587 355 380 789 425 318 812 383 248 344 224 693 461 548 683 706 720 527 440 411 0 688 682 297 453 900 362 397 102 195 248 689 766 569 56 253 563 377 232 754 454 753
652 822 521 177 321 169 604 178 393 383 740 885 377 661 661 470 561 210 406 66 550 872 707 864 567 411 436 140 549 531 163 346 638 506 614 73 585 901 170 109 123 880 564 311 688 0 73 552 577 387 517 831 620 585 772 59 117 922 652 778 916 480 622 105 399 104
646 816 515 175 315 167 599 172 388 377 735 880 372 656 655 464 556 205 401 60 545 867 701 858 561 406 430 137 543 526 161 340 632 501 608 71 579 895 165 103 117 875 558 306 682 73 0 546 572 381 511 825 615 579 767 57 115 916 646 772 911 475 616 102 394 101
261 431 130 690 262 681 214 433 366 381 385 495 754 271 270 116 171 587 357 526 160 513 347 473 492 219 244 652 330 224 676 247 247 249 223 556 366 541 547 569 584 521 345 274 297 552 546 0 359 763 225 471 230 194 382 552 630 562 261 387 557 283 231 617 360 616
417 543 259 716 288 707 271 459 216 231 195 548 779 426 426 303 326 612 208 552 316 363 221 420 165 202 174 678 91 164 701 272 403 139 379 582 126 391 572 595 609 371 106 300 453 577 572 359 0 789 350 321 385 350 537 578 655 412 417 543 407 134 387 643 211 642
863 1033 732 525 533 516 816 389 605 594 952 1097 280 873 872 682 773 230 618 361 762 1084 919 1075 779 623 648 487 761 743 511 558 849 718 825 391 796 1112 260 404 419 1092 776 523 900 387 381 763 789 0 728 1043 832 796 984 387 465 1134 864 989 1128 692 834 452 611 451
325 495 194 655 227 646 278 398 357 371 450 559 719 335 334 143 235 552 348 491 224 577 412 537 483 184 208 617 321 288 641 212 311 279 287 521 357 605 512 534 549 585 336 239 362 517 511 225 350 728 0 536 294 258 446 517 595 627 326 451 621 274 295 582 351 581
402 258 372 969 541 961 333 713 470 485 163 263 1033 298 295 426 413 866 462 805 416 158 148 135 349 456 427 931 381 328 955 526 482 354 458 836 318 186 826 849 863 166 334 554 397 831 825 471 321 1043 536 0 336 429 337 832 909 207 361 342 202 388 466 896 465 895
100 236 157 759 331 750 241 502 392 407 412 299 823 76 75 185 111 656 384 595 114 458 374 278 519 287 312 721 357 251 745 316 181 276 157 625 393 487 616 638 652 466 372 343 102 620 615 230 385 832 294 336 0 128 187 621 699 508 66 192 502 310 165 686 387 685
159 329 121 723 295 715 205 466 357 372 377 392 787 169 168 149 76 620 349 559 79 504 339 371 483 252 277 685 321 215 709 280 73 241 49 589 357 532 580 602 617 512 336 307 195 585 579 194 350 796 258 429 128 0 280 585 663 554 159 285 548 274 57 650 351 649
252 237 309 911 483 902 393 654 544 559 464 300 975 148 146 337 263 808 536 747 266 459 449 279 650 439 464 873 509 403 897 468 333 428 309 777 545 487 768 790 804 467 524 495 248 772 767 382 537 984 446 337 187 280 0 773 851 509 212 18 503 462 317 838 539 837
652 823 521 162 322 153 605 179 394 383 741 886 378 662 661 471 562 211 407 66 551 873 708 864 568 412 437 124 550 532 148 347 638 507 615 57 585 901 171 110 124 881 565 312 689 59 57 552 578 387 517 832 621 585 773 0 101 923 653 778 917 481 623 89 400 88
730 900 599 126 399 117 683 256 472 461 819 963 455 740 739 548 639 288 485 144 629 951 785 942 645 489 514 45 627 610 112 424 716 585 692 115 663 979 248 187 201 959 642 390 766 117 115 630 655 465 595 909 699 663 851 101 0 1000 730 856 995 559 700 54 478 146
574 429 463 1060 632 1052 424 804 561 576 254 434 1124 470 467 517 530 957 553 896 519 113 239 306 440 547 518 1022 472 419 1046 617 607 445 583 926 409 78 917 940 954 121 425 645 569 922 916 562 412 1134 627 207 508 554 509 923 1000 0 533 514 74 478 591 987 556 986
132 261 188 790 363 782 272 534 424 439 444 324 854 101 100 216 143 687 416 627 146 483 406 303 551 319 344 753 389 282 776 347 212 308 188 657 425 512 647 670 684 491 404 375 56 652 646 261 417 864 326 361 66 159 212 653 730 533 0 217 527 341 196 717 418 717
258 242 314 916 488 907 398 659 550 565 469 306 980 154 151 342 269 813 542 752 272 464 455 284 656 445 470 878 514 408 902 473 338 434 314 782 550 493 773 795 810 472 529 500 253 778 772 387 543 989 451 342 192 285 18 778 856 514 217 0 508 467 322 843 544 842
568 424 457 1055 627 1046 419 798 556 571 248 428 1119 464 461 512 524 952 547 891 514 108 233 301 434 541 513 1017 466 414 1041 612 601 439 577 921 404 71 912 934 948 116 420 639 563 916 911 557 407 1128 621 202 502 548 503 917 995 74 527 508 0 473 585 982 550 981
341 511 183 619 212 610 195 362 115 130 297 574 683 351 350 227 251 516 107 455 240 429 263 486 267 126 98 581 105 88 605 197 327 63 303 485 141 457 476 498 513 437 120 224 377 480 475 283 134 692 274 388 310 274 462 481 559 478 341 467 473 0 311 546 110 545
196 366 158 760 332 752 242 503 394 409 414 430 824 206 205 186 113 657 386 596 116 541 376 408 520 289 314 722 359 252 746 317 45 278 26 626 394 569 617 640 654 549 374 345 232 622 616 231 387 834 295 466 165 57 317 623 700 591 196 322 585 311 0 687 388 686
717 887 586 114 386 106 670 243 459 448 806 951 443 727 726 535 627 276 472 131 616 938 772 929 632 477 502 76 614 597 100 411 703 572 679 102 650 966 236 174 189 946 629 377 754 105 102 617 643 452 582 896 686 650 838 89 54 987 717 843 982 546 687 0 465 133
418 588 260 538 259 529 272 281 90 105 374 651 602 428 427 304 328 435 82 374 317 506 340 563 308 203 175 500 182 165 524 274 404 140 380 404 218 534 395 417 432 514 197 250 454 399 394 360 211 611 351 465 387 351 539 400 478 556 418 544 550 110 388 465 0 464
716 886 585 206 385 197 669 242 458 447 805 950 442 726 725 534 626 275 471 130 615 937 771 928 632 476 501 168 613 596 192 410 702 571 678 101 649 965 235 173 188 945 628 376 753 104 101 616 642 451 581 895 685 649 837 88 146 986 717 842 981 545 686 133 464 0
EOF