NAME : tsp_problem
TYPE : TSP
DIMENSION : 53
EDGE_WEIGHT_TYPE : EXPLICIT
EDGE_WEIGHT_FORMAT : FULL_MATRIX
EDGE_WEIGHT_SECTION
0 279 194 678 136 211 170 336 674 363 371 509 369 720 590 145 499 715 149 505 648 478 462 580 593 567 632 222 637 613 553 359 365 603 411 586 387 133 247 366 235 85 329 532 303 123 551 490 317 139 380 402 285
279 0 314 703 241 200 186 262 698 121 130 286 128 744 615 393 277 739 396 264 673 237 221 604 618 592 657 246 661 637 312 118 124 627 482 611 457 380 133 125 176 242 182 291 155 370 576 249 242 387 451 426 44
194 314 0 645 102 283 241 303 641 397 406 562 404 687 557 308 553 682 311 539 615 513 496 547 560 534 599 189 604 579 588 394 399 570 538 553 513 295 213 401 307 157 322 567 296 285 518 524 284 302 507 369 320
678 703 645 0 572 767 726 692 194 786 794 950 792 105 111 792 941 100 795 928 169 902 885 133 208 143 79 490 157 133 976 782 788 217 1022 201 997 779 602 790 747 641 711 955 684 769 254 913 672 786 991 325 708
136 241 102 572 0 224 183 230 568 324 333 489 331 614 484 249 480 609 253 466 542 440 423 474 487 461 526 116 531 507 515 321 326 497 479 480 455 237 140 328 249 99 249 494 223 227 445 451 211 243 448 296 247
211 200 283 767 224 0 67 331 763 284 292 448 290 809 679 325 439 804 328 426 737 399 383 669 682 656 721 311 726 701 474 280 286 692 363 675 339 312 202 287 69 174 250 453 224 302 640 411 311 319 332 491 206
170 186 241 726 183 67 0 316 721 269 277 419 276 767 638 283 410 762 287 411 696 385 368 627 641 615 680 269 684 660 459 265 271 651 322 634 298 270 187 273 97 133 236 439 209 261 599 396 297 277 291 450 191
336 262 303 692 230 331 316 0 687 345 353 510 352 733 604 450 500 728 453 487 662 461 444 593 607 581 646 235 650 626 536 341 347 617 612 600 587 437 161 349 306 299 270 515 243 427 565 472 106 444 581 416 268
674 698 641 194 568 763 721 687 0 781 790 946 788 236 106 787 937 231 791 923 94 897 880 128 203 138 148 485 82 111 972 778 783 213 1017 196 993 775 597 785 742 637 706 951 680 765 249 908 668 782 986 321 704
363 121 397 786 324 284 269 345 781 0 119 234 76 828 698 476 225 822 480 212 756 185 169 688 701 675 740 330 744 720 260 66 113 711 477 694 453 464 217 115 259 326 265 239 238 454 659 197 326 470 446 510 127
371 130 406 794 333 292 277 353 790 119 0 284 126 836 706 485 274 831 488 261 764 235 218 696 709 683 748 338 753 729 310 115 41 719 527 702 502 472 225 43 267 334 273 289 247 462 667 246 334 479 496 518 136
509 286 562 950 489 448 419 510 946 234 284 0 241 992 862 429 54 987 626 232 920 205 189 852 865 840 904 494 909 885 151 230 277 875 306 859 281 416 381 279 423 490 429 178 403 600 823 217 490 423 275 674 292
369 128 404 792 331 290 276 352 788 76 126 241 0 834 705 483 231 829 486 218 763 192 175 694 708 682 746 336 751 727 267 73 119 717 484 701 459 470 223 121 266 332 272 246 245 460 666 203 332 477 453 516 134
720 744 687 105 614 809 767 733 236 828 836 992 834 0 153 834 983 45 837 970 211 943 927 175 249 185 121 532 199 175 1018 824 830 259 1064 243 1039 821 644 832 788 683 753 997 726 811 295 955 714 828 1033 367 750
590 615 557 111 484 679 638 604 106 698 706 862 705 153 0 704 853 147 707 840 81 814 797 45 120 55 65 402 69 45 888 694 700 129 934 113 909 691 514 702 659 554 623 867 596 681 166 825 584 698 903 237 620
145 393 308 792 249 325 283 450 787 476 485 429 483 834 704 0 420 828 262 598 762 571 555 694 707 681 746 336 750 726 517 473 478 717 331 700 307 53 360 480 349 199 443 544 416 236 665 583 431 60 300 516 399
499 277 553 941 480 439 410 500 937 225 274 54 231 983 853 420 0 978 617 222 911 196 179 843 856 830 895 485 900 876 142 221 268 866 297 849 272 407 372 270 414 481 420 169 394 591 814 207 481 414 266 665 283
715 739 682 100 609 804 762 728 231 822 831 987 829 45 147 828 978 0 832 964 205 938 921 169 244 179 116 526 194 170 1013 819 824 254 1058 237 1034 816 638 826 783 678 747 992 721 806 290 949 709 823 1027 362 745
149 396 311 795 253 328 287 453 791 480 488 626 486 837 707 262 617 832 0 622 765 595 579 697 710 685 749 339 754 730 670 476 482 720 529 704 504 250 364 484 352 203 447 649 420 86 669 607 434 257 498 519 402
505 264 539 928 466 426 411 487 923 212 261 232 218 970 840 598 222 964 622 0 898 183 166 830 843 817 882 472 886 862 258 208 255 853 475 836 450 585 359 257 401 468 407 237 380 596 801 194 468 592 444 652 269
648 673 615 169 542 737 696 662 94 756 764 920 763 211 81 762 911 205 765 898 0 872 855 103 178 113 123 460 57 85 946 752 758 187 992 171 967 749 572 760 717 612 681 925 654 739 224 883 642 756 961 295 678
478 237 513 902 440 399 385 461 897 185 235 205 192 943 814 571 196 938 595 183 872 0 54 803 817 791 855 445 860 836 231 182 228 826 448 810 424 559 332 230 375 441 381 210 354 569 775 82 441 565 417 625 243
462 221 496 885 423 383 368 444 880 169 218 189 175 927 797 555 179 921 579 166 855 54 0 787 800 774 839 429 843 819 215 165 212 810 432 793 407 542 316 214 358 425 364 194 337 553 758 65 425 549 401 609 226
580 604 547 133 474 669 627 593 128 688 696 852 694 175 45 694 843 169 697 830 103 803 787 0 109 44 87 392 91 67 878 684 690 119 923 102 899 681 504 691 648 543 613 857 586 671 155 815 574 688 892 227 610
593 618 560 208 487 682 641 607 203 701 709 865 708 249 120 707 856 244 710 843 178 817 800 109 0 97 161 405 166 142 891 697 703 67 937 50 912 694 517 705 662 557 626 870 599 684 169 828 587 701 906 240 623
567 592 534 143 461 656 615 581 138 675 683 840 682 185 55 681 830 179 685 817 113 791 774 44 97 0 97 379 101 77 865 671 677 107 911 90 886 668 491 679 636 531 600 845 573 659 143 802 561 675 880 214 597
632 657 599 79 526 721 680 646 148 740 748 904 746 121 65 746 895 116 749 882 123 855 839 87 161 97 0 444 111 87 930 736 742 171 976 155 951 733 556 744 701 595 665 909 638 723 208 867 626 740 945 279 662
222 246 189 490 116 311 269 235 485 330 338 494 336 532 402 336 485 526 339 472 460 445 429 392 405 379 444 0 448 424 520 326 332 415 565 398 541 323 146 333 290 185 254 499 228 313 363 457 216 330 534 214 252
637 661 604 157 531 726 684 650 82 744 753 909 751 199 69 750 900 194 754 886 57 860 843 91 166 101 111 448 0 74 935 741 746 176 980 159 956 738 560 748 705 600 669 914 643 728 212 871 631 745 949 284 667
613 637 579 133 507 701 660 626 111 720 729 885 727 175 45 726 876 170 730 862 85 836 819 67 142 77 87 424 74 0 911 717 722 152 956 135 932 714 536 724 681 576 645 890 618 704 188 847 607 720 925 259 643
553 312 588 976 515 474 459 536 972 260 310 151 267 1018 888 517 142 1013 670 258 946 231 215 878 891 865 930 520 935 911 0 256 303 901 394 885 370 505 407 305 449 516 455 204 429 644 849 243 516 511 363 700 318
359 118 394 782 321 280 265 341 778 66 115 230 73 824 694 473 221 819 476 208 752 182 165 684 697 671 736 326 741 717 256 0 109 707 473 691 449 460 213 111 255 322 261 236 235 450 655 193 322 467 442 506 124
365 124 399 788 326 286 271 347 783 113 41 277 119 830 700 478 268 824 482 255 758 228 212 690 703 677 742 332 746 722 303 109 0 713 520 696 496 466 219 36 261 328 267 282 240 456 661 240 328 472 489 512 129
603 627 570 217 497 692 651 617 213 711 719 875 717 259 129 717 866 254 720 853 187 826 810 119 67 107 171 415 176 152 901 707 713 0 947 60 922 704 527 715 672 566 636 880 609 694 179 838 597 711 916 250 633
411 482 538 1022 479 363 322 612 1017 477 527 306 484 1064 934 331 297 1058 529 475 992 448 432 923 937 911 976 565 980 956 394 473 520 947 0 930 75 319 484 522 393 429 532 421 505 503 895 460 593 326 68 746 487
586 611 553 201 480 675 634 600 196 694 702 859 701 243 113 700 849 237 704 836 171 810 793 102 50 90 155 398 159 135 885 691 696 60 930 0 905 687 510 698 655 550 619 864 592 678 162 821 581 694 899 233 617
387 457 513 997 455 339 298 587 993 453 502 281 459 1039 909 307 272 1034 504 450 967 424 407 899 912 886 951 541 956 932 370 449 496 922 75 905 0 294 459 498 369 404 507 396 481 478 870 435 568 301 33 721 463
133 380 295 779 237 312 270 437 775 464 472 416 470 821 691 53 407 816 250 585 749 559 542 681 694 668 733 323 738 714 505 460 466 704 319 687 294 0 348 467 336 186 430 531 404 224 652 570 418 47 288 503 386
247 133 213 602 140 202 187 161 597 217 225 381 223 644 514 360 372 638 364 359 572 332 316 504 517 491 556 146 560 536 407 213 219 527 484 510 459 348 0 220 177 210 142 386 115 338 475 344 142 354 453 326 139
366 125 401 790 328 287 273 349 785 115 43 279 121 832 702 480 270 826 484 257 760 230 214 691 705 679 744 333 748 724 305 111 36 715 522 698 498 467 220 0 263 330 269 284 242 458 663 242 330 474 491 514 131
235 176 307 747 249 69 97 306 742 259 267 423 266 788 659 349 414 783 352 401 717 375 358 648 662 636 701 290 705 681 449 255 261 672 393 655 369 336 177 263 0 198 226 428 199 326 620 386 287 343 362 471 181
85 242 157 641 99 174 133 299 637 326 334 490 332 683 554 199 481 678 203 468 612 441 425 543 557 531 595 185 600 576 516 322 328 566 429 550 404 186 210 330 198 0 293 495 266 177 515 453 280 193 398 365 248
329 182 322 711 249 250 236 270 706 265 273 429 272 753 623 443 420 747 447 407 681 381 364 613 626 600 665 254 669 645 455 261 267 636 532 619 507 430 142 269 226 293 0 435 56 421 584 392 251 437 501 435 187
532 291 567 955 494 453 439 515 951 239 289 178 246 997 867 544 169 992 649 237 925 210 194 857 870 845 909 499 914 890 204 236 282 880 421 864 396 531 386 284 428 495 435 0 408 623 829 222 495 538 390 679 297
303 155 296 684 223 224 209 243 680 238 247 403 245 726 596 416 394 721 420 380 654 354 337 586 599 573 638 228 643 618 429 235 240 609 505 592 481 404 115 242 199 266 56 408 0 394 557 365 224 411 474 408 161
123 370 285 769 227 302 261 427 765 454 462 600 460 811 681 236 591 806 86 596 739 569 553 671 684 659 723 313 728 704 644 450 456 694 503 678 478 224 338 458 326 177 421 623 394 0 643 581 408 231 472 493 376
551 576 518 254 445 640 599 565 249 659 667 823 666 295 166 665 814 290 669 801 224 775 758 155 169 143 208 363 212 188 849 655 661 179 895 162 870 652 475 663 620 515 584 829 557 643 0 786 545 659 864 198 581
490 249 524 913 451 411 396 472 908 197 246 217 203 955 825 583 207 949 607 194 883 82 65 815 828 802 867 457 871 847 243 193 240 838 460 821 435 570 344 242 386 453 392 222 365 581 786 0 453 577 429 637 254
317 242 284 672 211 311 297 106 668 326 334 490 332 714 584 431 481 709 434 468 642 441 425 574 587 561 626 216 631 607 516 322 328 597 593 581 568 418 142 330 287 280 251 495 224 408 545 453 0 425 562 396 248
139 387 302 786 243 319 277 444 782 470 479 423 477 828 698 60 414 823 257 592 756 565 549 688 701 675 740 330 745 720 511 467 472 711 326 694 301 47 354 474 343 193 437 538 411 231 659 577 425 0 295 510 393
380 451 507 991 448 332 291 581 986 446 496 275 453 1033 903 300 266 1027 498 444 961 417 401 892 906 880 945 534 949 925 363 442 489 916 68 899 33 288 453 491 362 398 501 390 474 472 864 429 562 295 0 715 456
402 426 369 325 296 491 450 416 321 510 518 674 516 367 237 516 665 362 519 652 295 625 609 227 240 214 279 214 284 259 700 506 512 250 746 233 721 503 326 514 471 365 435 679 408 493 198 637 396 510 715 0 432
285 44 320 708 247 206 191 268 704 127 136 292 134 750 620 399 283 745 402 269 678 243 226 610 623 597 662 252 667 643 318 124 129 633 487 617 463 386 139 131 181 248 187 297 161 376 581 254 248 393 456 432 0
EOF
