NAME : tsp_problem
TYPE : TSP
DIMENSION : 24
EDGE_WEIGHT_TYPE : EXPLICIT
EDGE_WEIGHT_FORMAT : FULL_MATRIX
EDGE_WEIGHT_SECTION
0 393 582 375 313 507 358 905 466 312 343 374 960 387 296 324 401 828 328 266 845 172 497 871
393 0 404 157 240 329 56 759 248 116 314 156 814 169 223 471 183 681 467 193 699 530 339 724
582 404 0 345 469 114 368 617 341 344 314 343 672 356 451 398 258 540 393 421 557 618 198 583
375 157 345 0 222 270 122 699 189 97 255 84 754 92 205 411 124 622 407 175 639 512 279 665
313 240 469 222 0 393 204 823 312 159 379 220 878 233 70 535 248 746 531 113 763 450 403 788
507 329 114 270 393 0 293 542 266 269 239 268 597 281 376 322 183 465 318 346 482 543 123 508
358 56 368 122 204 293 0 723 212 80 279 120 778 133 187 435 148 645 431 157 663 494 303 688
905 759 617 699 823 542 723 0 696 699 669 698 187 711 806 653 613 227 649 776 101 941 465 65
466 248 341 189 312 266 212 696 0 188 251 187 751 200 295 408 120 618 404 265 636 555 276 661
312 116 344 97 159 269 80 699 188 0 254 96 754 109 141 411 123 621 407 111 639 448 279 664
343 314 314 255 379 239 279 669 251 254 0 253 724 267 362 282 169 592 278 332 609 379 249 634
374 156 343 84 220 268 120 698 187 96 253 0 753 106 203 410 122 620 406 173 638 510 278 663
960 814 672 754 878 597 778 187 751 754 724 753 0 766 861 708 668 282 704 831 156 996 520 152
387 169 356 92 233 281 133 711 200 109 267 106 766 0 216 423 136 633 419 186 651 523 291 676
296 223 451 205 70 376 187 806 295 141 362 203 861 216 0 518 231 729 514 96 746 433 386 771
324 471 398 411 535 322 435 653 408 411 282 410 708 423 518 0 325 576 127 488 593 360 245 619
401 183 258 124 248 183 148 613 120 123 169 122 668 136 231 325 0 536 321 201 553 472 193 578
828 681 540 622 746 465 645 227 618 621 592 620 282 633 729 576 536 0 572 699 167 864 387 192
328 467 393 407 531 318 431 649 404 407 278 406 704 419 514 127 321 572 0 484 589 364 241 615
266 193 421 175 113 346 157 776 265 111 332 173 831 186 96 488 201 699 484 0 716 403 356 741
845 699 557 639 763 482 663 101 636 639 609 638 156 651 746 593 553 167 589 716 0 881 405 67
172 530 618 512 450 543 494 941 555 448 379 510 996 523 433 360 472 864 364 403 881 0 533 907
497 339 198 279 403 123 303 465 276 279 249 278 520 291 386 245 193 387 241 356 405 533 0 430
871 724 583 665 788 508 688 65 661 664 634 663 152 676 771 619 578 192 615 741 67 907 430 0
EOF