NAME : tsp_problem
TYPE : TSP
DIMENSION : 74
EDGE_WEIGHT_TYPE : EXPLICIT
EDGE_WEIGHT_FORMAT : FULL_MATRIX
EDGE_WEIGHT_SECTION
0 138 871 117 970 726 670 442 591 62 958 765 998 107 456 903 951 156 730 209 582 1073 997 599 613 66 907 146 741 572 651 894 490 77 73 1109 826 676 525 719 648 233 118 225 279 992 821 557 923 720 648 530 752 745 741 583 734 115 819 48 660 974 640 489 42 709 588 698 160 460 124 889 750 613
138 0 907 154 1007 763 706 478 628 99 994 801 1035 73 493 940 987 193 767 245 618 1109 1034 636 650 102 943 51 778 608 688 931 526 187 183 1146 863 712 562 755 684 270 228 261 316 1028 857 593 959 756 684 567 788 781 778 620 770 225 855 157 696 1010 676 526 152 745 625 734 197 497 234 926 786 650
871 907 0 792 463 192 364 463 327 831 278 140 319 876 459 224 272 832 455 796 516 394 490 589 307 834 228 915 248 561 661 215 424 919 915 430 451 511 515 184 483 820 961 812 646 484 286 546 244 445 384 464 477 590 248 319 199 957 284 890 261 466 376 423 884 403 454 392 747 463 966 382 616 448
117 154 792 0 892 648 591 364 513 78 879 686 920 122 378 825 872 78 652 131 503 994 919 521 535 81 829 161 663 494 573 816 412 166 162 1031 748 597 447 641 569 155 207 147 201 914 743 478 845 641 570 452 673 666 663 505 656 204 740 136 582 895 562 411 131 630 510 620 82 382 213 811 672 535
970 1007 463 892 0 463 363 563 457 931 421 411 380 975 559 304 249 931 285 895 519 400 94 555 438 934 418 1014 519 528 401 295 523 1018 1014 437 191 641 481 455 613 920 1060 911 745 89 557 513 434 275 514 468 263 329 519 450 470 1057 555 989 484 23 506 523 983 384 421 380 847 562 1066 121 528 579
726 763 192 648 463 0 219 319 183 687 279 86 319 731 315 224 272 687 311 651 371 394 490 444 163 690 228 770 104 417 538 215 279 775 771 430 407 366 370 40 338 676 816 667 501 485 142 402 244 300 239 320 332 466 103 175 55 813 140 745 116 466 231 279 739 258 310 247 603 318 822 382 471 304
670 706 364 591 363 219 0 262 126 630 451 258 491 675 258 396 410 631 123 595 221 561 390 256 106 633 400 714 234 229 350 387 223 718 714 598 219 310 182 212 282 619 760 611 445 385 314 214 416 112 183 169 144 278 234 118 227 756 312 689 153 366 175 222 683 113 122 102 546 262 765 282 284 247
442 478 463 364 563 319 262 0 184 402 550 357 591 447 49 496 543 403 323 367 174 665 590 315 206 406 500 486 334 288 409 487 82 490 486 702 419 268 241 312 240 391 532 383 217 585 414 273 515 312 241 123 344 337 334 176 326 529 411 461 253 566 232 82 455 301 181 290 319 53 538 482 342 206
591 628 327 513 457 183 126 184 0 552 414 221 454 596 180 359 407 552 218 516 236 529 485 351 70 555 363 635 198 324 444 351 144 640 635 566 314 231 277 175 203 541 681 532 366 479 277 308 379 207 104 184 239 373 198 40 190 678 275 610 116 461 96 144 604 165 217 154 468 183 687 377 378 169
62 99 831 78 931 687 630 402 552 0 918 725 959 67 417 864 911 117 691 169 542 1033 958 560 574 26 867 106 702 532 612 855 450 111 107 1070 787 636 486 679 608 194 152 185 240 952 781 517 883 680 608 491 712 705 702 544 694 149 779 81 620 934 600 450 76 669 549 658 121 421 158 850 710 574
958 994 278 879 421 279 451 550 414 918 0 227 90 962 546 182 230 919 504 883 602 165 448 676 394 921 234 1002 335 648 620 173 511 1006 1002 201 409 598 602 271 570 907 1047 899 733 443 373 633 249 493 471 551 481 548 335 406 286 1044 371 977 347 424 463 510 971 490 541 479 834 550 1053 340 703 535
765 801 140 686 411 86 258 357 221 725 227 0 267 769 353 172 220 726 349 690 409 342 438 483 201 728 176 809 142 455 576 163 318 813 809 379 400 405 409 78 377 714 854 706 540 433 180 440 192 339 278 358 371 505 142 213 93 851 178 784 155 415 270 317 778 297 348 286 641 357 860 330 510 342
998 1035 319 920 380 319 491 591 454 959 90 267 0 1003 587 223 189 959 463 923 643 115 407 716 435 962 274 1042 375 689 579 214 551 1047 1042 152 368 638 642 312 610 948 1088 939 773 402 414 674 290 452 511 591 440 507 375 447 327 1085 411 1017 388 383 503 551 1011 530 582 519 875 590 1094 299 706 576
107 73 876 122 975 731 675 447 596 67 962 769 1003 0 461 908 955 161 735 214 587 1078 1002 604 618 71 912 80 746 577 656 899 495 155 151 1114 831 681 530 724 652 238 197 230 284 997 826 561 928 725 653 535 756 750 746 588 739 193 824 126 665 979 645 494 120 713 593 703 165 465 202 894 755 618
456 493 459 378 559 315 258 49 180 417 546 353 587 461 0 492 539 417 319 382 170 661 586 311 202 420 496 501 330 284 405 483 78 505 501 698 415 264 237 308 236 406 546 398 232 580 410 269 511 308 236 119 340 333 330 172 322 543 407 476 248 562 228 78 470 297 177 286 333 49 552 478 338 202
903 940 224 825 304 224 396 496 359 864 182 172 223 908 492 0 113 864 387 828 548 264 331 621 340 867 179 947 280 594 503 56 456 952 947 301 292 543 547 217 515 853 993 844 678 326 319 579 195 377 416 496 365 431 280 352 232 990 316 922 293 307 408 456 916 435 487 424 780 495 999 223 630 481
951 987 272 872 249 272 410 543 407 911 230 220 189 955 539 113 0 912 332 876 566 209 276 602 387 914 227 995 328 575 448 104 504 999 995 246 237 591 528 264 563 900 1040 892 726 271 366 559 243 321 464 514 309 376 328 399 279 1037 364 970 341 252 456 503 964 431 467 427 827 543 1046 168 575 528
156 193 832 78 931 687 631 403 552 117 919 726 959 161 417 864 912 0 691 170 543 1034 958 560 574 120 868 201 702 533 612 855 451 205 201 1070 787 637 486 680 608 194 246 186 240 953 782 517 884 681 609 491 713 706 702 544 695 243 780 176 621 935 601 450 170 670 549 659 121 421 252 850 711 574
730 767 455 652 285 311 123 323 218 691 504 349 463 735 319 387 332 691 0 656 280 484 313 316 198 694 492 774 326 288 352 378 283 779 775 520 142 402 242 304 374 680 820 671 506 307 406 273 508 35 275 228 67 281 326 210 319 817 403 749 245 289 266 283 744 145 181 140 607 323 826 205 343 339
209 245 796 131 895 651 595 367 516 169 883 690 923 214 382 828 876 170 656 0 507 998 923 524 539 173 832 253 667 497 577 819 415 257 253 1034 752 601 450 644 573 75 299 66 205 917 746 482 848 645 573 455 677 670 666 509 659 295 744 228 585 899 565 414 222 634 513 623 66 385 304 815 675 538
582 618 516 503 519 371 221 174 236 542 602 409 643 587 170 548 566 543 280 507 0 718 547 272 258 545 552 626 386 245 365 539 135 630 626 754 376 321 198 364 292 531 671 523 357 541 466 229 568 269 293 79 301 294 386 228 379 668 464 601 305 523 285 134 595 292 138 288 458 174 677 439 299 258
1073 1109 394 994 400 394 561 665 529 1033 165 342 115 1078 661 264 209 1034 484 998 718 0 428 753 509 1036 349 1117 450 726 599 255 626 1121 1117 79 389 713 679 386 685 1022 1163 1014 848 422 488 711 365 473 586 666 461 528 450 521 401 1159 486 1092 463 404 578 625 1086 582 619 578 949 665 1168 320 726 650
997 1034 490 919 94 490 390 590 485 958 448 438 407 1002 586 331 276 958 313 923 547 428 0 583 465 961 445 1041 546 555 428 322 550 1046 1042 464 218 669 509 483 641 947 1087 939 773 116 585 540 461 302 542 495 290 357 546 477 498 1084 582 1016 512 98 534 550 1011 412 448 407 874 590 1093 149 556 606
599 636 589 521 555 444 256 315 351 560 676 483 716 604 311 621 602 560 316 524 272 753 583 0 332 563 625 643 459 153 399 612 276 648 644 790 412 462 106 437 434 549 689 540 374 577 539 138 641 305 408 220 337 330 459 343 452 686 537 618 378 559 400 275 612 328 173 323 476 315 695 475 335 399
613 650 307 535 438 163 106 206 70 574 394 201 435 618 202 340 387 574 198 539 258 509 465 332 0 577 344 657 178 304 425 331 166 662 658 546 294 254 258 156 226 563 703 555 389 460 258 289 360 188 127 207 219 353 178 62 171 700 255 633 97 442 118 166 627 145 197 135 490 206 709 357 359 191
66 102 834 81 934 690 633 406 555 26 921 728 962 71 420 867 914 120 694 173 545 1036 961 563 577 0 871 110 705 535 615 858 453 114 110 1073 790 639 489 683 611 197 155 188 243 956 785 520 886 683 612 494 715 708 705 547 698 152 782 85 624 937 603 453 79 672 552 661 124 424 161 853 713 577
907 943 228 829 418 228 400 500 363 867 234 176 274 912 496 179 227 868 492 832 552 349 445 625 344 871 0 951 284 598 617 170 460 955 951 323 406 547 551 221 519 856 997 848 682 440 323 582 52 481 420 500 478 545 284 356 236 994 320 926 297 421 412 459 920 439 490 428 784 499 1003 337 652 485
146 51 915 161 1014 770 714 486 635 106 1002 809 1042 80 501 947 995 201 774 253 626 1117 1041 643 657 110 951 0 785 616 695 938 534 194 190 1153 870 720 569 763 692 277 236 269 323 1036 865 601 967 764 692 574 796 789 785 627 778 233 863 165 704 1018 684 533 159 753 632 742 204 504 242 933 794 657
741 778 248 663 519 104 234 334 198 702 335 142 375 746 330 280 328 702 326 667 386 450 546 459 178 705 284 785 0 432 553 271 294 790 786 487 422 381 385 96 353 691 831 682 516 541 198 417 300 315 254 335 347 481 38 190 111 828 196 760 131 523 246 294 755 273 325 262 618 334 837 438 486 319
572 608 561 494 528 417 229 288 324 532 648 455 689 577 284 594 575 533 288 497 245 726 555 153 304 535 598 616 432 0 372 585 248 620 616 763 384 434 79 410 406 521 662 513 347 550 512 110 613 278 380 193 309 302 432 316 424 658 509 591 351 532 372 248 585 300 146 296 449 287 667 447 308 372
651 688 661 573 401 538 350 409 444 612 620 576 579 656 405 503 448 612 352 577 365 599 428 399 425 615 617 695 553 372 0 494 369 700 696 636 257 555 325 530 527 601 741 592 426 423 632 357 632 341 501 314 329 139 553 437 545 738 630 670 471 405 493 369 665 421 267 417 528 408 747 320 338 492
894 931 215 816 295 215 387 487 351 855 173 163 214 899 483 56 104 855 378 819 539 255 322 612 331 858 170 938 271 585 494 0 447 943 939 292 283 534 538 208 506 844 984 835 669 317 310 570 186 368 407 487 356 422 271 343 223 981 308 913 284 299 399 447 907 426 478 415 771 486 990 214 621 472
490 526 424 412 523 279 223 82 144 450 511 318 551 495 78 456 504 451 283 415 135 626 550 276 166 453 460 534 294 248 369 447 0 538 534 662 379 229 202 272 201 439 580 431 265 545 374 233 476 273 201 83 305 298 294 136 287 576 372 509 213 527 193 42 503 262 141 251 367 82 585 442 303 166
77 187 919 166 1018 775 718 490 640 111 1006 813 1047 155 505 952 999 205 779 257 630 1121 1046 648 662 114 955 194 790 620 700 943 538 0 59 1158 875 724 574 767 696 282 104 273 328 1040 869 605 971 768 696 578 800 793 790 632 782 101 867 96 708 1022 688 538 90 757 637 746 209 509 110 938 798 662
73 183 915 162 1014 771 714 486 635 107 1002 809 1042 151 501 947 995 201 775 253 626 1117 1042 644 658 110 951 190 786 616 696 939 534 59 0 1154 871 720 570 763 692 278 100 269 324 1036 865 601 967 764 692 574 796 789 786 628 778 97 863 92 704 1018 684 534 86 753 633 742 205 504 106 934 794 657
1109 1146 430 1031 437 430 598 702 566 1070 201 379 152 1114 698 301 246 1070 520 1034 754 79 464 790 546 1073 323 1153 487 763 636 292 662 1158 1154 0 425 749 716 423 721 1059 1199 1050 884 459 525 747 328 509 622 702 497 564 486 558 438 1196 523 1128 499 440 614 662 1122 619 655 615 986 701 1205 356 763 687
826 863 451 748 191 407 219 419 314 787 409 400 368 831 415 292 237 787 142 752 376 389 218 412 294 790 406 870 422 384 257 283 379 875 871 425 0 498 338 400 470 776 916 768 602 212 502 369 422 131 371 324 119 186 422 306 415 913 500 845 341 194 363 379 840 241 277 236 703 419 922 110 385 435
676 712 511 597 641 366 310 268 231 636 598 405 638 681 264 543 591 637 402 601 321 713 669 462 254 639 547 720 381 434 555 534 229 724 720 749 498 0 388 359 116 625 766 617 451 663 461 419 563 391 288 269 423 484 381 224 374 762 459 695 300 645 280 228 689 349 327 338 552 268 771 561 489 128
525 562 515 447 481 370 182 241 277 486 602 409 642 530 237 547 528 486 242 450 198 679 509 106 258 489 551 569 385 79 325 538 202 574 570 716 338 388 0 363 360 475 615 466 300 503 465 64 567 231 334 146 263 256 385 269 378 612 463 544 304 485 326 201 538 254 99 249 402 241 621 401 261 325
719 755 184 641 455 40 212 312 175 679 271 78 312 724 308 217 264 680 304 644 364 386 483 437 156 683 221 763 96 410 530 208 272 767 763 423 400 359 363 0 331 668 809 660 494 477 135 394 236 293 232 312 325 459 96 168 47 806 132 738 109 459 224 271 732 251 302 240 596 311 815 375 464 297
648 684 483 569 613 338 282 240 203 608 570 377 610 652 236 515 563 608 374 573 292 685 641 434 226 611 519 692 353 406 527 506 201 696 692 721 470 116 360 331 0 597 737 589 423 635 433 391 535 363 260 241 395 455 353 195 346 734 431 667 272 617 252 200 661 321 299 310 524 240 743 532 461 73
233 270 820 155 920 676 619 391 541 194 907 714 948 238 406 853 900 194 680 75 531 1022 947 549 563 197 856 277 691 521 601 844 439 282 278 1059 776 625 475 668 597 0 323 38 229 941 770 506 872 669 597 480 701 694 691 533 683 320 768 252 609 923 589 439 246 658 538 647 90 410 329 839 699 563
118 228 961 207 1060 816 760 532 681 152 1047 854 1088 197 546 993 1040 246 820 299 671 1163 1087 689 703 155 997 236 831 662 741 984 580 104 100 1199 916 766 615 809 737 323 0 315 369 1082 911 646 1013 810 738 620 841 834 831 673 824 46 909 137 750 1064 730 579 132 798 678 788 250 550 55 979 840 703
225 261 812 147 911 667 611 383 532 185 899 706 939 230 398 844 892 186 671 66 523 1014 939 540 555 188 848 269 682 513 592 835 431 273 269 1050 768 617 466 660 589 38 315 0 220 933 762 498 864 661 589 471 693 686 682 524 675 311 760 244 601 915 581 430 238 650 529 639 82 401 320 830 691 554
279 316 646 201 745 501 445 217 366 240 733 540 773 284 232 678 726 240 506 205 357 848 773 374 389 243 682 323 516 347 426 669 265 328 324 884 602 451 300 494 423 229 369 220 0 767 596 332 698 495 423 305 527 520 516 359 509 366 594 298 435 749 415 264 293 484 363 473 156 235 375 664 525 388
992 1028 484 914 89 485 385 585 479 952 443 433 402 997 580 326 271 953 307 917 541 422 116 577 460 956 440 1036 541 550 423 317 545 1040 1036 459 212 663 503 477 635 941 1082 933 767 0 579 535 455 297 536 490 285 351 541 472 492 1078 577 1011 506 92 528 544 1005 406 443 402 869 584 1088 143 550 601
821 857 286 743 557 142 314 414 277 781 373 180 414 826 410 319 366 782 406 746 466 488 585 539 258 785 323 865 198 512 632 310 374 869 865 525 502 461 465 135 433 770 911 762 596 579 0 496 338 395 334 414 427 561 198 270 149 908 70 840 211 561 326 373 834 353 404 342 698 413 917 477 566 399
557 593 546 478 513 402 214 273 308 517 633 440 674 561 269 579 559 517 273 482 229 711 540 138 289 520 582 601 417 110 357 570 233 605 601 747 369 419 64 394 391 506 646 498 332 535 496 0 598 262 365 178 294 287 417 301 409 643 494 576 335 516 357 233 570 285 131 281 433 272 652 432 292 356
923 959 244 845 434 244 416 515 379 883 249 192 290 928 511 195 243 884 508 848 568 365 461 641 360 886 52 967 300 613 632 186 476 971 967 328 422 563 567 236 535 872 1013 864 698 455 338 598 0 497 436 516 494 561 300 371 251 1009 336 942 313 437 428 475 936 455 506 444 800 515 1018 353 668 500
720 756 445 641 275 300 112 312 207 680 493 339 452 725 308 377 321 681 35 645 269 473 302 305 188 683 481 764 315 278 341 368 273 768 764 509 131 391 231 293 363 669 810 661 495 297 395 262 497 0 264 217 56 270 315 199 308 806 393 739 234 278 256 272 733 134 170 130 596 312 815 194 332 328
648 684 384 570 514 239 183 241 104 608 471 278 511 653 236 416 464 609 275 573 293 586 542 408 127 612 420 692 254 380 501 407 201 696 692 622 371 288 334 232 260 597 738 589 423 536 334 365 436 264 0 241 296 430 254 96 247 734 332 667 173 518 45 200 661 222 273 211 525 240 743 434 435 225
530 567 464 452 468 320 169 123 184 491 551 358 591 535 119 496 514 491 228 455 79 666 495 220 207 494 500 574 335 193 314 487 83 578 574 702 324 269 146 312 241 480 620 471 305 490 414 178 516 217 241 0 249 242 334 177 327 617 412 549 253 471 233 82 543 240 86 236 407 122 626 387 247 206
752 788 477 673 263 332 144 344 239 712 481 371 440 756 340 365 309 713 67 677 301 461 290 337 219 715 478 796 347 309 329 356 305 800 796 497 119 423 263 325 395 701 841 693 527 285 427 294 494 56 296 249 0 258 347 231 340 838 425 771 266 266 288 304 765 166 202 161 628 344 847 182 364 360
745 781 590 666 329 466 278 337 373 705 548 505 507 750 333 431 376 706 281 670 294 528 357 330 353 708 545 789 481 302 139 422 298 793 789 564 186 484 256 459 455 694 834 686 520 351 561 287 561 270 430 242 258 0 481 365 474 831 559 764 400 333 422 297 758 350 195 345 621 337 840 249 266 421
741 778 248 663 519 103 234 334 198 702 335 142 375 746 330 280 328 702 326 666 386 450 546 459 178 705 284 785 38 432 553 271 294 790 786 486 422 381 385 96 353 691 831 682 516 541 198 417 300 315 254 334 347 481 0 190 111 828 196 760 131 522 246 294 754 273 325 262 618 333 837 438 486 319
583 620 319 505 450 175 118 176 40 544 406 213 447 588 172 352 399 544 210 509 228 521 477 343 62 547 356 627 190 316 437 343 136 632 628 558 306 224 269 168 195 533 673 524 359 472 270 301 371 199 96 177 231 365 190 0 182 670 267 602 109 453 88 136 597 157 209 146 460 176 679 369 370 161
734 770 199 656 470 55 227 326 190 694 286 93 327 739 322 232 279 695 319 659 379 401 498 452 171 698 236 778 111 424 545 223 287 782 778 438 415 374 378 47 346 683 824 675 509 492 149 409 251 308 247 327 340 474 111 182 0 820 147 753 124 474 239 286 747 266 317 255 611 326 829 390 479 311
115 225 957 204 1057 813 756 529 678 149 1044 851 1085 193 543 990 1037 243 817 295 668 1159 1084 686 700 152 994 233 828 658 738 981 576 101 97 1196 913 762 612 806 734 320 46 311 366 1078 908 643 1009 806 734 617 838 831 828 670 820 0 905 134 746 1060 726 576 128 795 675 784 247 547 52 976 836 700
819 855 284 740 555 140 312 411 275 779 371 178 411 824 407 316 364 780 403 744 464 486 582 537 255 782 320 863 196 509 630 308 372 867 863 523 500 459 463 132 431 768 909 760 594 577 70 494 336 393 332 412 425 559 196 267 147 905 0 838 209 559 324 371 832 351 402 340 695 411 914 474 564 396
48 157 890 136 989 745 689 461 610 81 977 784 1017 126 476 922 970 176 749 228 601 1092 1016 618 633 85 926 165 760 591 670 913 509 96 92 1128 845 695 544 738 667 252 137 244 298 1011 840 576 942 739 667 549 771 764 760 602 753 134 838 0 679 993 659 508 61 728 607 717 179 479 143 908 769 632
660 696 261 582 484 116 153 253 116 620 347 155 388 665 248 293 341 621 245 585 305 463 512 378 97 624 297 704 131 351 471 284 213 708 704 499 341 300 304 109 272 609 750 601 435 506 211 335 313 234 173 253 266 400 131 109 124 746 209 679 0 488 165 212 673 192 243 181 537 252 756 404 405 238
974 1010 466 895 23 466 366 566 461 934 424 415 383 979 562 307 252 935 289 899 523 404 98 559 442 937 421 1018 523 532 405 299 527 1022 1018 440 194 645 485 459 617 923 1064 915 749 92 561 516 437 278 518 471 266 333 522 453 474 1060 559 993 488 0 510 526 987 388 424 384 850 566 1069 125 532 582
640 676 376 562 506 231 175 232 96 600 463 270 503 645 228 408 456 601 266 565 285 578 534 400 118 603 412 684 246 372 493 399 193 688 684 614 363 280 326 224 252 589 730 581 415 528 326 357 428 256 45 233 288 422 246 88 239 726 324 659 165 510 0 192 653 214 265 203 517 232 735 425 427 217
489 526 423 411 523 279 222 82 144 450 510 317 551 494 78 456 503 450 283 414 134 625 550 275 166 453 459 533 294 248 369 447 42 538 534 662 379 228 201 271 200 439 579 430 264 544 373 233 475 272 200 82 304 297 294 136 286 576 371 508 212 526 192 0 502 261 141 250 366 81 585 442 302 166
42 152 884 131 983 739 683 455 604 76 971 778 1011 120 470 916 964 170 744 222 595 1086 1011 612 627 79 920 159 755 585 665 907 503 90 86 1122 840 689 538 732 661 246 132 238 293 1005 834 570 936 733 661 543 765 758 754 597 747 128 832 61 673 987 653 502 0 722 601 711 174 473 137 903 763 626
709 745 403 630 384 258 113 301 165 669 490 297 530 713 297 435 431 670 145 634 292 582 412 328 145 672 439 753 273 300 421 426 262 757 753 619 241 349 254 251 321 658 798 650 484 406 353 285 455 134 222 240 166 350 273 157 266 795 351 728 192 388 214 261 722 0 193 44 585 301 804 303 355 286
588 625 454 510 421 310 122 181 217 549 541 348 582 593 177 487 467 549 181 513 138 619 448 173 197 552 490 632 325 146 267 478 141 637 633 655 277 327 99 302 299 538 678 529 363 443 404 131 506 170 273 86 202 195 325 209 317 675 402 607 243 424 265 141 601 193 0 189 465 180 684 340 200 265
698 734 392 620 380 247 102 290 154 658 479 286 519 703 286 424 427 659 140 623 288 578 407 323 135 661 428 742 262 296 417 415 251 746 742 615 236 338 249 240 310 647 788 639 473 402 342 281 444 130 211 236 161 345 262 146 255 784 340 717 181 384 203 250 711 44 189 0 575 290 793 299 351 275
160 197 747 82 847 603 546 319 468 121 834 641 875 165 333 780 827 121 607 66 458 949 874 476 490 124 784 204 618 449 528 771 367 209 205 986 703 552 402 596 524 90 250 82 156 869 698 433 800 596 525 407 628 621 618 460 611 247 695 179 537 850 517 366 174 585 465 575 0 337 256 766 627 490
460 497 463 382 562 318 262 53 183 421 550 357 590 465 49 495 543 421 323 385 174 665 590 315 206 424 499 504 334 287 408 486 82 509 504 701 419 268 241 311 240 410 550 401 235 584 413 272 515 312 240 122 344 337 333 176 326 547 411 479 252 566 232 81 473 301 180 290 337 0 556 482 342 205
124 234 966 213 1066 822 765 538 687 158 1053 860 1094 202 552 999 1046 252 826 304 677 1168 1093 695 709 161 1003 242 837 667 747 990 585 110 106 1205 922 771 621 815 743 329 55 320 375 1088 917 652 1018 815 743 626 847 840 837 679 829 52 914 143 756 1069 735 585 137 804 684 793 256 556 0 985 845 709
889 926 382 811 121 382 282 482 377 850 340 330 299 894 478 223 168 850 205 815 439 320 149 475 357 853 337 933 438 447 320 214 442 938 934 356 110 561 401 375 532 839 979 830 664 143 477 432 353 194 434 387 182 249 438 369 390 976 474 908 404 125 425 442 903 303 340 299 766 482 985 0 447 498
750 786 616 672 528 471 284 342 378 710 703 510 706 755 338 630 575 711 343 675 299 726 556 335 359 713 652 794 486 308 338 621 303 798 794 763 385 489 261 464 461 699 840 691 525 550 566 292 668 332 435 247 364 266 486 370 479 836 564 769 405 532 427 302 763 355 200 351 627 342 845 447 0 426
613 650 448 535 579 304 247 206 169 574 535 342 576 618 202 481 528 574 339 538 258 650 606 399 191 577 485 657 319 372 492 472 166 662 657 687 435 128 325 297 73 563 703 554 388 601 399 356 500 328 225 206 360 421 319 161 311 700 396 632 238 582 217 166 626 286 265 275 490 205 709 498 426 0
EOF
