NAME : tsp_problem
TYPE : TSP
DIMENSION : 58
EDGE_WEIGHT_TYPE : EXPLICIT
EDGE_WEIGHT_FORMAT : FULL_MATRIX
EDGE_WEIGHT_SECTION
0 658 177 949 718 869 775 505 856 141 956 562 638 757 995 721 215 548 951 206 258 799 636 696 95 351 958 172 627 972 118 589 627 822 516 719 675 470 640 600 75 832 803 613 695 970 747 695 928 850 637 636 459 203 744 718 516 561
658 0 598 508 277 246 334 196 415 562 332 162 197 316 371 280 725 239 510 715 767 358 195 255 604 396 335 681 228 348 627 290 327 381 207 286 101 328 347 301 649 391 179 304 254 346 306 254 487 409 238 63 797 624 303 277 234 128
177 598 0 889 658 810 715 445 796 81 896 502 578 697 935 661 244 488 892 234 286 739 577 637 123 291 899 200 568 912 146 530 567 762 456 659 615 410 581 541 169 773 743 553 636 910 687 635 868 791 577 577 400 59 685 658 456 501
949 508 889 0 349 331 365 620 302 853 418 422 363 347 457 353 1015 663 46 1006 1058 245 362 422 895 686 420 972 488 433 918 549 587 268 631 533 494 751 594 560 940 197 397 727 286 432 338 285 58 296 498 486 1088 915 245 349 494 552
718 277 658 349 0 442 175 389 257 622 528 191 133 157 568 41 785 432 352 775 827 200 131 191 664 456 531 741 257 544 687 319 356 223 400 479 263 521 540 330 709 233 422 497 96 542 148 96 328 251 267 255 857 684 145 38 263 321
869 246 810 331 442 0 457 408 394 773 134 374 409 439 174 445 936 451 334 926 979 337 407 467 816 607 137 892 440 150 839 501 539 360 418 250 313 539 311 512 861 289 113 515 378 148 430 378 337 389 449 274 1008 835 337 442 446 339
775 334 715 365 175 457 0 446 272 679 544 248 189 33 583 179 841 489 368 832 884 215 188 248 721 512 546 798 314 560 744 375 413 238 457 536 320 577 597 387 766 249 479 553 112 558 55 111 344 267 324 312 914 741 161 175 320 378
505 196 445 620 389 408 446 0 527 409 494 275 309 428 533 392 572 82 623 562 615 470 307 367 452 249 497 528 340 510 475 328 366 493 50 257 258 171 318 339 497 503 341 147 367 508 418 366 599 522 350 175 644 471 415 389 255 99
856 415 796 302 257 394 272 527 0 760 481 330 271 254 520 260 923 570 305 913 965 152 269 329 802 594 483 879 396 497 825 457 494 175 538 596 401 659 658 468 848 185 460 635 193 495 245 193 281 24 405 394 995 822 152 257 401 459
141 562 81 853 622 773 679 409 760 0 860 466 542 661 899 625 208 452 856 198 250 703 541 600 87 255 863 164 532 876 110 493 531 726 420 623 579 374 545 504 132 736 707 517 600 874 651 599 832 755 541 540 363 107 648 622 420 465
956 332 896 418 528 134 544 494 481 860 0 461 495 526 125 532 1023 537 420 1013 1065 424 494 554 902 694 41 979 527 101 925 588 625 447 505 337 399 626 398 599 948 376 200 602 465 100 517 464 424 475 536 361 1095 922 424 528 532 426
562 162 502 422 191 374 248 275 330 466 461 0 112 230 500 195 628 318 425 619 671 273 110 170 508 299 463 585 101 477 531 162 200 296 285 365 148 406 426 173 553 306 308 382 169 475 221 169 401 324 111 141 700 527 218 192 107 206
638 197 578 363 133 409 189 309 271 542 495 112 0 171 534 136 705 352 366 695 747 214 51 111 584 376 498 661 177 511 607 239 276 237 320 399 183 441 460 250 630 247 342 417 110 509 162 110 342 265 187 175 777 604 159 133 183 241
757 316 697 347 157 439 33 428 254 661 526 230 171 0 565 161 823 471 350 814 866 197 170 230 703 494 528 780 296 542 726 357 395 220 438 518 302 559 579 368 748 231 461 535 94 540 37 93 326 249 306 294 895 722 143 157 302 359
995 371 935 457 568 174 583 533 520 899 125 500 534 565 0 571 1062 577 460 1052 1105 463 533 593 942 733 127 1018 566 57 965 627 664 486 544 376 439 665 437 638 987 415 239 641 504 55 556 504 463 514 575 400 1134 961 463 568 572 465
721 280 661 353 41 445 179 392 260 625 532 195 136 161 571 0 788 435 355 778 831 203 135 194 667 459 534 744 261 548 691 322 359 226 403 482 266 524 543 333 713 236 425 500 99 546 151 99 332 254 270 259 860 687 148 42 266 324
215 725 244 1015 785 936 841 572 923 208 1023 628 705 823 1062 788 0 615 1018 47 231 866 703 763 145 418 1025 145 694 1039 123 656 693 889 583 786 742 537 707 667 207 899 870 680 762 1037 814 762 995 917 704 703 526 269 811 785 583 627
548 239 488 663 432 451 489 82 570 452 537 318 352 471 577 435 615 0 666 605 658 513 351 410 495 292 540 571 384 553 518 371 409 536 93 300 301 214 361 382 540 546 384 190 410 551 461 409 642 565 393 218 687 514 458 432 298 142
951 510 892 46 352 334 368 623 305 856 420 425 366 350 460 355 1018 666 0 1008 1061 248 365 425 898 689 423 975 491 436 921 552 590 270 633 536 496 754 597 563 943 200 399 730 289 434 340 288 60 299 500 489 1090 917 247 352 497 554
206 715 234 1006 775 926 832 562 913 198 1013 619 695 814 1052 778 47 605 1008 0 221 856 693 753 135 408 1015 135 685 1029 114 646 684 879 573 776 732 527 698 657 197 889 860 670 752 1027 804 752 985 907 694 693 516 260 801 775 573 618
258 767 286 1058 827 979 884 615 965 250 1065 671 747 866 1105 831 231 658 1061 221 0 909 746 806 187 460 1068 114 737 1081 166 699 736 931 625 828 784 580 750 710 250 942 912 722 805 1079 857 805 1037 960 746 746 569 312 854 827 625 670
799 358 739 245 200 337 215 470 152 703 424 273 214 197 463 203 866 513 248 856 909 0 213 272 745 537 426 822 339 440 769 400 437 79 481 540 344 602 601 411 791 129 403 578 136 438 188 136 224 147 348 337 938 765 95 200 344 402
636 195 577 362 131 407 188 307 269 541 494 110 51 170 533 135 703 351 365 693 746 213 0 110 583 374 496 660 176 510 606 237 274 235 318 398 181 439 459 248 628 246 341 415 109 508 161 109 341 264 185 174 775 602 158 131 182 239
696 255 637 422 191 467 248 367 329 600 554 170 111 230 593 194 763 410 425 753 806 272 110 0 643 434 556 719 236 570 666 297 334 295 378 457 241 499 519 308 688 306 400 475 169 568 221 168 401 324 245 234 835 662 218 191 242 299
95 604 123 895 664 816 721 452 802 87 902 508 584 703 942 667 145 495 898 135 187 745 583 643 0 297 905 101 574 918 47 536 573 768 462 665 621 416 587 547 87 779 749 559 642 916 694 641 874 797 583 583 406 149 691 664 462 507
351 396 291 686 456 607 512 249 594 255 694 299 376 494 733 459 418 292 689 408 460 537 374 434 297 0 696 374 365 710 320 327 364 560 260 457 413 214 385 338 343 570 541 357 433 708 485 433 666 588 375 374 490 317 482 456 254 298
958 335 899 420 531 137 546 497 483 863 41 463 498 528 127 534 1025 540 423 1015 1068 426 496 556 905 696 0 982 529 104 928 590 628 449 508 339 402 628 400 601 950 379 202 604 467 102 519 467 426 478 539 363 1097 924 426 531 535 429
172 681 200 972 741 892 798 528 879 164 979 585 661 780 1018 744 145 571 975 135 114 822 660 719 101 374 982 0 651 995 80 612 650 845 539 742 698 493 664 623 163 855 826 636 719 993 770 718 951 874 660 659 482 226 767 741 539 584
627 228 568 488 257 440 314 340 396 532 527 101 177 296 566 261 694 384 491 685 737 339 176 236 574 365 529 651 0 543 597 228 266 362 351 430 214 472 492 239 619 372 374 448 235 541 287 235 467 390 69 207 766 593 284 258 173 272
972 348 912 433 544 150 560 510 497 876 101 477 511 542 57 548 1039 553 436 1029 1081 440 510 570 918 710 104 995 543 0 941 604 641 463 521 352 415 642 414 615 964 392 216 618 481 32 532 480 440 491 552 377 1111 938 440 544 548 442
118 627 146 918 687 839 744 475 825 110 925 531 607 726 965 691 123 518 921 114 166 769 606 666 47 320 928 80 597 941 0 559 596 791 486 688 644 440 610 570 110 802 772 582 665 939 717 665 897 820 606 606 429 172 714 687 486 530
589 290 530 549 319 501 375 328 457 493 588 162 239 357 627 322 656 371 552 646 699 400 237 297 536 327 590 612 228 604 559 0 75 423 339 418 276 453 480 49 581 433 435 436 296 602 348 296 529 451 238 268 728 555 345 319 135 260
627 327 567 587 356 539 413 366 494 531 625 200 276 395 664 359 693 409 590 684 736 437 274 334 573 364 628 650 266 641 596 75 0 460 376 456 313 490 517 77 618 470 472 473 334 639 385 333 566 489 275 305 765 593 382 356 172 297
822 381 762 268 223 360 238 493 175 726 447 296 237 220 486 226 889 536 270 879 931 79 235 295 768 560 449 845 362 463 791 423 460 0 504 562 367 625 624 434 814 151 426 601 159 461 211 159 247 170 371 360 961 788 118 223 367 425
516 207 456 631 400 418 457 50 538 420 505 285 320 438 544 403 583 93 633 573 625 481 318 378 462 260 508 539 351 521 486 339 376 504 0 268 268 182 329 350 508 514 352 158 377 519 429 377 610 532 361 185 655 482 426 400 266 110
719 286 659 533 479 250 536 257 596 623 337 365 399 518 376 482 786 300 536 776 828 540 398 457 665 457 339 742 430 352 688 418 456 562 268 0 348 387 124 429 711 492 183 365 457 351 508 456 539 591 440 265 858 685 505 479 345 189
675 101 615 494 263 313 320 258 401 579 399 148 183 302 439 266 742 301 496 732 784 344 181 241 621 413 402 698 214 415 644 276 313 367 268 348 0 389 409 287 666 377 246 365 240 413 292 240 473 395 224 124 814 641 289 263 220 189
470 328 410 751 521 539 577 171 659 374 626 406 441 559 665 524 537 214 754 527 580 602 439 499 416 214 628 493 472 642 440 453 490 625 182 387 389 0 306 464 462 635 473 279 498 640 550 498 730 653 482 306 609 436 547 521 379 231
640 347 581 594 540 311 597 318 658 545 398 426 460 579 437 543 707 361 597 698 750 601 459 519 587 385 400 664 492 414 610 480 517 624 329 124 409 306 0 491 632 553 245 426 518 412 570 517 601 652 501 326 779 606 567 540 406 250
600 301 541 560 330 512 387 339 468 504 599 173 250 368 638 333 667 382 563 657 710 411 248 308 547 338 601 623 239 615 570 49 77 434 350 429 287 464 491 0 592 444 446 447 307 613 359 307 540 462 249 279 739 566 356 330 146 271
75 649 169 940 709 861 766 497 848 132 948 553 630 748 987 713 207 540 943 197 250 791 628 688 87 343 950 163 619 964 110 581 618 814 508 711 666 462 632 592 0 824 794 605 687 962 739 687 919 842 629 628 451 194 736 710 508 552
832 391 773 197 233 289 249 503 185 736 376 306 247 231 415 236 899 546 200 889 942 129 246 306 779 570 379 855 372 392 802 433 470 151 514 492 377 635 553 444 824 0 355 611 169 390 221 169 176 180 381 370 971 798 128 233 378 435
803 179 743 397 422 113 479 341 460 707 200 308 342 461 239 425 870 384 399 860 912 403 341 400 749 541 202 826 374 216 772 435 472 426 352 183 246 473 245 446 794 355 0 449 400 214 451 399 403 454 383 208 942 769 403 422 379 273
613 304 553 727 497 515 553 147 635 517 602 382 417 535 641 500 680 190 730 670 722 578 415 475 559 357 604 636 448 618 582 436 473 601 158 365 365 279 426 447 605 611 449 0 474 616 526 474 706 629 457 282 752 579 523 497 363 207
695 254 636 286 96 378 112 367 193 600 465 169 110 94 504 99 762 410 289 752 805 136 109 169 642 433 467 719 235 481 665 296 334 159 377 457 240 498 518 307 687 169 400 474 0 479 84 32 265 188 244 233 834 661 81 96 241 298
970 346 910 432 542 148 558 508 495 874 100 475 509 540 55 546 1037 551 434 1027 1079 438 508 568 916 708 102 993 541 32 939 602 639 461 519 351 413 640 412 613 962 390 214 616 479 0 531 478 438 489 550 375 1109 936 438 542 546 440
747 306 687 338 148 430 55 418 245 651 517 221 162 37 556 151 814 461 340 804 857 188 161 221 694 485 519 770 287 532 717 348 385 211 429 508 292 550 570 359 739 221 451 526 84 531 0 84 317 239 296 285 886 713 133 148 293 350
695 254 635 285 96 378 111 366 193 599 464 169 110 93 504 99 762 409 288 752 805 136 109 168 641 433 467 718 235 480 665 296 333 159 377 456 240 498 517 307 687 169 399 474 32 478 84 0 264 187 244 233 834 661 81 96 240 298
928 487 868 58 328 337 344 599 281 832 424 401 342 326 463 332 995 642 60 985 1037 224 341 401 874 666 426 951 467 440 897 529 566 247 610 539 473 730 601 540 919 176 403 706 265 438 317 264 0 275 477 465 1067 894 224 328 473 531
850 409 791 296 251 389 267 522 24 755 475 324 265 249 514 254 917 565 299 907 960 147 264 324 797 588 478 874 390 491 820 451 489 170 532 591 395 653 652 462 842 180 454 629 188 489 239 187 275 0 399 388 989 816 146 251 396 453
637 238 577 498 267 449 324 350 405 541 536 111 187 306 575 270 704 393 500 694 746 348 185 245 583 375 539 660 69 552 606 238 275 371 361 440 224 482 501 249 629 381 383 457 244 550 296 244 477 399 0 216 776 603 293 267 182 282
636 63 577 486 255 274 312 175 394 540 361 141 175 294 400 259 703 218 489 693 746 337 174 234 583 374 363 659 207 377 606 268 305 360 185 265 124 306 326 279 628 370 208 282 233 375 285 233 465 388 216 0 775 602 282 256 213 106
459 797 400 1088 857 1008 914 644 995 363 1095 700 777 895 1134 860 526 687 1090 516 569 938 775 835 406 490 1097 482 766 1111 429 728 765 961 655 858 814 609 779 739 451 971 942 752 834 1109 886 834 1067 989 776 775 0 425 883 857 655 699
203 624 59 915 684 835 741 471 822 107 922 527 604 722 961 687 269 514 917 260 312 765 602 662 149 317 924 226 593 938 172 555 593 788 482 685 641 436 606 566 194 798 769 579 661 936 713 661 894 816 603 602 425 0 710 684 482 527
744 303 685 245 145 337 161 415 152 648 424 218 159 143 463 148 811 458 247 801 854 95 158 218 691 482 426 767 284 440 714 345 382 118 426 505 289 547 567 356 736 128 403 523 81 438 133 81 224 146 293 282 883 710 0 145 290 347
718 277 658 349 38 442 175 389 257 622 528 192 133 157 568 42 785 432 352 775 827 200 131 191 664 456 531 741 258 544 687 319 356 223 400 479 263 521 540 330 710 233 422 497 96 542 148 96 328 251 267 256 857 684 145 0 263 321
516 234 456 494 263 446 320 255 401 420 532 107 183 302 572 266 583 298 497 573 625 344 182 242 462 254 535 539 173 548 486 135 172 367 266 345 220 379 406 146 508 378 379 363 241 546 293 240 473 396 182 213 655 482 290 263 0 187
561 128 501 552 321 339 378 99 459 465 426 206 241 359 465 324 627 142 554 618 670 402 239 299 507 298 429 584 272 442 530 260 297 425 110 189 189 231 250 271 552 435 273 207 298 440 350 298 531 453 282 106 699 527 347 321 187 0
EOF
