NAME : tsp_problem
TYPE : TSP
DIMENSION : 50
EDGE_WEIGHT_TYPE : EXPLICIT
EDGE_WEIGHT_FORMAT : FULL_MATRIX
EDGE_WEIGHT_SECTION
0 227 481 104 158 307 762 68 352 474 385 777 385 173 477 652 653 106 423 245 748 47 242 474 70 191 122 192 477 314 246 220 343 68 302 222 219 489 168 230 317 822 369 280 177 492 316 302 185 227
227 0 319 278 333 482 937 242 508 436 224 951 223 347 651 826 827 280 306 419 922 221 416 436 244 365 296 141 316 387 421 394 518 242 141 396 58 327 342 404 491 997 543 454 352 331 490 376 359 401
481 319 0 532 540 595 1019 496 422 350 138 1034 137 554 601 909 909 534 220 533 1005 475 529 350 498 572 503 395 47 301 534 377 631 497 395 379 312 106 549 518 605 1079 657 568 465 109 604 290 473 515
104 278 532 0 210 358 814 119 403 525 436 828 436 224 528 703 704 157 475 296 799 98 293 525 121 242 173 243 529 365 298 271 395 119 353 273 270 540 219 281 368 874 420 331 229 544 367 354 236 278
158 333 540 210 0 278 733 174 323 445 444 748 443 34 448 623 623 171 394 216 719 153 212 445 176 52 93 298 536 284 217 191 314 133 408 193 325 548 29 201 288 793 340 251 148 551 287 273 156 198
307 482 595 358 278 0 648 322 305 427 499 662 499 292 430 537 538 319 450 229 633 302 226 427 325 310 242 447 592 340 132 246 76 282 557 248 474 603 287 214 50 707 129 264 162 607 75 329 170 211
762 937 1019 814 733 648 0 778 662 783 924 183 923 747 663 135 241 775 874 685 155 757 681 783 780 765 697 902 1016 764 569 701 684 737 1012 703 929 1027 742 669 657 229 709 719 617 1031 656 753 625 666
68 242 496 119 174 322 778 0 368 489 400 792 400 188 492 667 668 121 439 260 763 62 257 489 85 206 137 208 493 329 262 235 359 83 317 237 234 504 183 245 332 838 384 295 193 508 331 318 200 242
352 508 422 403 323 305 662 368 0 150 326 676 326 337 243 551 552 364 277 316 647 347 313 150 370 355 287 492 419 221 227 160 342 327 584 162 501 430 332 301 315 722 367 351 249 434 314 210 257 298
474 436 350 525 445 427 783 489 150 0 254 798 254 459 365 672 673 486 205 438 769 468 434 78 491 477 408 512 347 286 348 281 463 448 512 283 429 358 454 423 437 843 489 473 370 362 435 274 378 420
385 224 138 436 444 499 924 400 326 254 0 938 41 458 505 813 814 439 124 437 909 380 434 255 402 476 408 299 134 205 439 281 536 401 299 283 216 145 453 422 509 983 561 472 370 149 508 194 377 419
777 951 1034 828 748 662 183 792 676 798 938 0 937 762 677 149 255 789 888 699 95 771 695 798 794 780 711 917 1030 778 583 716 698 751 1026 718 943 1041 757 684 672 108 724 734 631 1045 670 767 639 681
385 223 137 436 443 499 923 400 326 254 41 937 0 458 505 812 813 438 124 437 908 379 433 254 402 476 407 299 134 205 438 280 535 400 299 282 216 145 452 421 509 983 561 471 369 149 507 194 377 419
173 347 554 224 34 292 747 188 337 459 458 762 458 0 462 637 638 185 408 230 733 167 227 459 190 35 107 313 550 299 232 205 328 147 422 207 339 562 43 215 302 807 354 265 162 565 301 287 170 212
477 651 601 528 448 430 663 492 243 365 505 677 505 462 0 552 553 489 455 441 648 471 437 365 494 480 411 617 597 346 351 285 466 451 727 286 644 609 457 426 440 723 492 476 373 612 438 334 381 423
652 826 909 703 623 537 135 667 551 672 813 149 812 637 552 0 130 664 763 574 120 646 570 673 669 655 586 792 905 653 458 591 573 626 901 593 818 916 632 559 547 195 599 609 506 920 545 642 514 556
653 827 909 704 623 538 241 668 552 673 814 255 813 638 553 130 0 665 764 575 226 647 571 674 670 656 587 793 906 654 459 592 574 627 902 593 819 917 632 559 548 301 599 610 507 921 546 643 515 557
106 280 534 157 171 319 775 121 364 486 439 789 438 185 489 664 665 0 436 257 760 100 254 486 123 203 134 246 531 326 259 232 356 80 355 234 272 542 180 242 329 834 381 292 190 546 328 314 197 239
423 306 220 475 394 450 874 439 277 205 124 888 124 408 455 763 764 436 0 387 859 418 384 205 441 426 358 382 217 156 389 231 486 398 382 233 299 228 403 372 460 934 511 422 320 232 458 144 328 369
245 419 533 296 216 229 685 260 316 438 437 699 437 230 441 574 575 257 387 0 670 240 21 438 262 248 179 385 530 278 169 184 266 220 495 186 412 541 225 44 239 744 291 95 100 544 238 266 107 42
748 922 1005 799 719 633 155 763 647 769 909 95 908 733 648 120 226 760 859 670 0 742 667 769 765 751 682 888 1001 749 554 687 669 722 998 689 915 1013 728 655 643 141 695 705 602 1016 641 738 610 652
47 221 475 98 153 302 757 62 347 468 380 771 379 167 471 646 647 100 418 240 742 0 236 468 64 185 116 187 472 308 241 214 338 63 297 216 214 483 162 224 312 817 363 274 172 487 310 297 180 221
242 416 529 293 212 226 681 257 313 434 434 695 433 227 437 570 571 254 384 21 667 236 0 435 259 245 176 381 526 274 165 180 262 216 491 182 408 537 221 41 236 741 288 91 96 541 234 263 104 38
474 436 350 525 445 427 783 489 150 78 255 798 254 459 365 673 674 486 205 438 769 468 435 0 491 477 408 512 347 286 349 282 463 449 512 284 429 358 454 423 437 843 489 473 370 362 435 275 378 420
70 244 498 121 176 325 780 85 370 491 402 794 402 190 494 669 670 123 441 262 765 64 259 491 0 208 139 210 495 331 264 237 361 85 319 239 236 506 185 247 334 840 386 297 195 510 333 320 202 244
191 365 572 242 52 310 765 206 355 477 476 780 476 35 480 655 656 203 426 248 751 185 245 477 208 0 125 331 569 317 250 223 346 165 440 225 357 580 61 233 320 825 372 283 180 583 319 305 188 230
122 296 503 173 93 242 697 137 287 408 408 711 407 107 411 586 587 134 358 179 682 116 176 408 139 125 0 262 500 248 181 154 278 97 372 156 289 511 102 164 252 757 303 214 112 515 250 237 120 161
192 141 395 243 298 447 902 208 492 512 299 917 299 313 617 792 793 246 382 385 888 187 381 512 210 331 262 0 392 454 386 360 483 208 216 362 133 403 307 370 457 962 509 420 317 407 456 442 325 367
477 316 47 529 536 592 1016 493 419 347 134 1030 134 550 597 905 906 531 217 530 1001 472 526 347 495 569 500 392 0 298 531 373 628 493 391 375 308 102 545 514 602 1076 653 564 462 106 600 286 470 511
314 387 301 365 284 340 764 329 221 286 205 778 205 299 346 653 654 326 156 278 749 308 274 286 331 317 248 454 298 0 279 121 376 288 463 123 380 309 293 262 350 824 402 313 210 313 348 35 218 260
246 421 534 298 217 132 569 262 227 348 439 583 438 232 351 458 459 259 389 169 554 241 165 349 264 250 181 386 531 279 0 185 168 221 496 187 413 542 226 153 142 629 193 204 101 546 140 268 109 151
220 394 377 271 191 246 701 235 160 281 281 716 280 205 285 591 592 232 231 184 687 214 180 282 237 223 154 360 373 121 185 0 282 194 470 30 387 384 200 169 256 761 308 219 116 388 255 110 124 166
343 518 631 395 314 76 684 359 342 463 536 698 535 328 466 573 574 356 486 266 669 338 262 463 361 346 278 483 628 376 168 282 0 318 593 284 510 639 323 250 77 744 105 300 198 643 67 365 206 247
68 242 497 119 133 282 737 83 327 448 401 751 400 147 451 626 627 80 398 220 722 63 216 449 85 165 97 208 493 288 221 194 318 0 318 196 235 505 142 204 292 797 344 254 152 508 290 277 160 202
302 141 395 353 408 557 1012 317 584 512 299 1026 299 422 727 901 902 355 382 495 998 297 491 512 319 440 372 216 391 463 496 470 593 318 0 472 133 403 417 480 567 1072 619 530 427 406 565 451 435 477
222 396 379 273 193 248 703 237 162 283 283 718 282 207 286 593 593 234 233 186 689 216 182 284 239 225 156 362 375 123 187 30 284 196 472 0 389 386 202 171 258 763 310 221 118 390 257 112 126 168
219 58 312 270 325 474 929 234 501 429 216 943 216 339 644 818 819 272 299 412 915 214 408 429 236 357 289 133 308 380 413 387 510 235 133 389 0 320 334 396 484 989 536 447 344 323 482 368 352 394
489 327 106 540 548 603 1027 504 430 358 145 1041 145 562 609 916 917 542 228 541 1013 483 537 358 506 580 511 403 102 309 542 384 639 505 403 386 320 0 557 526 613 1087 665 576 473 34 611 298 481 523
168 342 549 219 29 287 742 183 332 454 453 757 452 43 457 632 632 180 403 225 728 162 221 454 185 61 102 307 545 293 226 200 323 142 417 202 334 557 0 210 297 802 349 260 157 560 296 282 165 207
230 404 518 281 201 214 669 245 301 423 422 684 421 215 426 559 559 242 372 44 655 224 41 423 247 233 164 370 514 262 153 169 250 204 480 171 396 526 210 0 224 729 276 79 84 529 223 251 92 26
317 491 605 368 288 50 657 332 315 437 509 672 509 302 440 547 548 329 460 239 643 312 236 437 334 320 252 457 602 350 142 256 77 292 567 258 484 613 297 224 0 717 138 274 172 617 85 339 179 221
822 997 1079 874 793 707 229 838 722 843 983 108 983 807 723 195 301 834 934 744 141 817 741 843 840 825 757 962 1076 824 629 761 744 797 1072 763 989 1087 802 729 717 0 769 779 677 1091 716 813 685 726
369 543 657 420 340 129 709 384 367 489 561 724 561 354 492 599 599 381 511 291 695 363 288 489 386 372 303 509 653 402 193 308 105 344 619 310 536 665 349 276 138 769 0 326 224 668 86 390 231 273
280 454 568 331 251 264 719 295 351 473 472 734 471 265 476 609 610 292 422 95 705 274 91 473 297 283 214 420 564 313 204 219 300 254 530 221 447 576 260 79 274 779 326 0 134 579 273 301 142 77
177 352 465 229 148 162 617 193 249 370 370 631 369 162 373 506 507 190 320 100 602 172 96 370 195 180 112 317 462 210 101 116 198 152 427 118 344 473 157 84 172 677 224 134 0 477 170 199 40 82
492 331 109 544 551 607 1031 508 434 362 149 1045 149 565 612 920 921 546 232 544 1016 487 541 362 510 583 515 407 106 313 546 388 643 508 406 390 323 34 560 529 617 1091 668 579 477 0 615 301 485 526
316 490 604 367 287 75 656 331 314 435 508 670 507 301 438 545 546 328 458 238 641 310 234 435 333 319 250 456 600 348 140 255 67 290 565 257 482 611 296 223 85 716 86 273 170 615 0 337 178 220
302 376 290 354 273 329 753 318 210 274 194 767 194 287 334 642 643 314 144 266 738 297 263 275 320 305 237 442 286 35 268 110 365 277 451 112 368 298 282 251 339 813 390 301 199 301 337 0 207 248
185 359 473 236 156 170 625 200 257 378 377 639 377 170 381 514 515 197 328 107 610 180 104 378 202 188 120 325 470 218 109 124 206 160 435 126 352 481 165 92 179 685 231 142 40 485 178 207 0 89
227 401 515 278 198 211 666 242 298 420 419 681 419 212 423 556 557 239 369 42 652 221 38 420 244 230 161 367 511 260 151 166 247 202 477 168 394 523 207 26 221 726 273 77 82 526 220 248 89 0
EOF
