NAME : tsp_problem
TYPE : TSP
DIMENSION : 34
EDGE_WEIGHT_TYPE : EXPLICIT
EDGE_WEIGHT_FORMAT : FULL_MATRIX
EDGE_WEIGHT_SECTION
0 76 716 868 118 1020 764 111 667 696 554 724 657 770 52 237 740 705 748 645 572 662 1000 791 1009 819 559 1017 588 994 782 986 1031 768
76 0 696 847 98 1000 744 90 647 675 534 703 637 749 74 216 720 684 727 625 552 641 980 771 989 798 538 996 567 974 762 965 1011 747
716 696 0 587 664 380 293 646 275 436 362 331 465 510 722 601 103 138 92 200 285 470 360 532 565 559 286 376 259 420 522 576 391 508
868 847 587 0 815 441 418 798 368 225 348 377 420 163 873 752 556 499 542 439 435 425 421 226 258 212 421 437 445 243 217 235 452 203
118 98 664 815 0 968 712 58 615 643 502 671 605 717 124 184 688 652 695 593 520 609 948 739 957 766 506 964 535 942 730 933 979 715
1020 1000 380 441 968 0 279 950 387 502 531 320 604 487 1026 904 349 381 335 443 491 609 42 550 418 536 492 47 465 274 541 430 109 527
764 744 293 418 712 279 0 695 132 246 276 64 348 320 770 649 262 263 248 203 236 353 259 341 464 369 236 275 209 319 332 475 290 318
111 90 646 798 58 950 695 0 597 626 484 654 587 700 117 167 671 635 678 576 503 592 931 722 939 749 489 947 518 925 712 916 962 698
667 647 275 368 615 387 132 597 0 196 216 91 298 270 673 551 243 166 208 106 138 303 368 292 509 319 139 384 112 428 282 486 399 268
696 675 436 225 643 502 246 626 196 0 176 205 249 127 702 580 405 327 370 268 263 254 482 149 366 176 249 498 274 351 139 343 513 125
554 534 362 348 502 531 276 484 216 176 0 235 137 250 560 438 331 253 296 194 121 142 512 272 489 299 107 528 200 474 262 466 542 248
724 703 331 377 671 320 64 654 91 205 235 0 308 279 729 608 300 222 265 163 195 312 300 301 505 328 196 317 169 360 292 495 331 277
657 637 465 420 605 604 348 587 298 249 137 308 0 322 663 541 434 356 399 297 224 53 584 344 562 371 210 600 303 547 335 538 615 320
770 749 510 163 717 487 320 700 270 127 250 279 322 0 775 654 479 401 444 342 337 327 468 128 305 69 323 484 347 290 119 281 499 105
52 74 722 873 124 1026 770 117 673 702 560 729 663 775 0 243 746 711 753 651 578 668 1006 797 1015 825 564 1022 593 1000 788 991 1037 773
237 216 601 752 184 904 649 167 551 580 438 608 541 654 243 0 625 589 632 530 457 546 885 676 893 703 443 901 472 879 667 870 916 652
740 720 103 556 688 349 262 671 243 405 331 300 434 479 746 625 0 107 61 169 254 439 329 501 534 528 255 345 228 389 491 545 360 477
705 684 138 499 652 381 263 635 166 327 253 222 356 401 711 589 107 0 94 91 176 361 361 423 566 450 177 378 150 421 414 578 392 399
748 727 92 542 695 335 248 678 208 370 296 265 399 444 753 632 61 94 0 134 219 404 315 466 520 493 220 331 193 375 456 531 346 442
645 625 200 439 593 443 203 576 106 268 194 163 297 342 651 530 169 91 134 0 117 302 423 363 581 391 117 439 90 483 354 557 454 340
572 552 285 435 520 491 236 503 138 263 121 195 224 337 578 457 254 176 219 117 0 229 472 358 576 386 44 488 123 532 349 552 503 335
662 641 470 425 609 609 353 592 303 254 142 312 53 327 668 546 439 361 404 302 229 0 589 349 567 376 215 605 308 552 340 543 620 325
1000 980 360 421 948 42 259 931 368 482 512 300 584 468 1006 885 329 361 315 423 472 589 0 531 399 517 472 38 445 254 521 410 89 507
791 771 532 226 739 550 341 722 292 149 272 301 344 128 797 676 501 423 466 363 358 349 531 0 368 177 345 547 369 353 89 344 562 87
1009 989 565 258 957 418 464 939 509 366 489 505 562 305 1015 893 534 566 520 581 576 567 399 368 0 354 562 415 587 174 358 60 430 344
819 798 559 212 766 536 369 749 319 176 299 328 371 69 825 703 528 450 493 391 386 376 517 177 354 0 372 533 396 339 168 330 548 154
559 538 286 421 506 492 236 489 139 249 107 196 210 323 564 443 255 177 220 117 44 215 472 345 562 372 0 489 123 532 335 539 503 321
1017 996 376 437 964 47 275 947 384 498 528 317 600 484 1022 901 345 378 331 439 488 605 38 547 415 533 489 0 462 270 538 427 106 523
588 567 259 445 535 465 209 518 112 274 200 169 303 347 593 472 228 150 193 90 123 308 445 369 587 396 123 462 0 505 360 563 476 345
994 974 420 243 942 274 319 925 428 351 474 360 547 290 1000 879 389 421 375 483 532 552 254 353 174 339 532 270 505 0 344 194 285 329
782 762 522 217 730 541 332 712 282 139 262 292 335 119 788 667 491 414 456 354 349 340 521 89 358 168 335 538 360 344 0 335 552 48
986 965 576 235 933 430 475 916 486 343 466 495 538 281 991 870 545 578 531 557 552 543 410 344 60 330 539 427 563 194 335 0 441 320
1031 1011 391 452 979 109 290 962 399 513 542 331 615 499 1037 916 360 392 346 454 503 620 89 562 430 548 503 106 476 285 552 441 0 538
768 747 508 203 715 527 318 698 268 125 248 277 320 105 773 652 477 399 442 340 335 325 507 87 344 154 321 523 345 329 48 320 538 0
EOF