NAME : tsp_problem
TYPE : TSP
DIMENSION : 48
EDGE_WEIGHT_TYPE : EXPLICIT
EDGE_WEIGHT_FORMAT : FULL_MATRIX
EDGE_WEIGHT_SECTION
0 395 210 280 838 298 310 325 322 1001 416 999 426 410 100 382 497 293 86 370 934 353 327 263 417 694 588 352 833 66 416 883 544 520 349 349 520 875 408 356 356 357 810 463 535 488 333 482
395 0 346 240 694 448 189 300 110 857 376 855 161 399 461 33 232 282 446 46 791 396 315 481 151 550 495 212 689 427 241 739 369 345 84 212 345 731 142 399 208 59 666 415 360 313 570 471
210 346 0 455 651 272 405 138 327 814 592 811 336 223 149 333 312 106 161 320 747 220 139 256 326 507 401 165 646 192 229 695 357 333 299 161 333 688 244 223 169 307 622 276 347 300 326 294
280 240 455 0 804 543 155 410 167 967 172 965 271 509 345 227 342 392 331 214 901 506 426 508 261 661 605 322 799 312 351 849 479 455 194 322 455 841 252 509 318 201 776 525 470 423 578 581
838 694 651 804 0 612 753 635 675 384 941 298 684 467 777 681 661 569 788 668 233 560 543 644 675 189 308 547 216 820 487 182 564 540 647 547 540 174 592 563 544 656 108 511 554 507 590 391
298 448 272 543 612 0 507 290 428 775 680 772 437 184 237 435 414 190 249 422 708 90 164 87 428 468 362 267 606 280 308 656 385 361 401 263 361 649 346 93 271 409 583 237 376 329 157 255
310 189 405 155 753 507 0 359 116 916 291 914 220 458 375 176 291 341 361 163 850 455 375 538 211 610 554 271 748 342 301 798 428 404 143 271 404 790 201 458 267 150 725 474 419 372 608 530
325 300 138 410 635 290 359 0 280 798 546 796 289 241 264 287 266 124 276 274 732 238 157 322 280 491 419 118 630 307 182 680 310 286 252 115 286 672 198 241 122 261 607 294 301 254 412 313
322 110 327 167 675 428 116 280 0 838 303 835 141 380 387 97 212 263 373 85 771 376 296 461 132 531 475 192 669 354 222 719 349 325 64 192 326 712 122 379 188 72 646 396 340 293 550 451
1001 857 814 967 384 775 916 798 838 0 1104 544 847 630 940 844 824 732 951 831 480 723 706 807 838 352 471 710 219 983 650 428 727 703 810 710 703 421 755 726 707 819 355 674 717 670 753 554
416 376 592 172 941 680 291 546 303 1104 0 1101 407 646 482 363 478 529 467 351 1037 642 562 644 398 797 741 458 935 448 488 985 615 591 330 458 592 978 388 645 454 338 912 662 606 559 714 717
999 855 811 965 298 772 914 796 835 544 1101 0 844 628 938 842 821 729 949 829 212 720 704 805 835 349 469 708 376 980 647 147 724 700 808 708 700 246 753 723 704 816 220 672 715 668 751 552
426 161 336 271 684 437 220 289 141 847 407 844 0 389 462 148 221 272 473 135 780 386 305 470 99 540 485 201 679 458 231 728 358 334 113 201 335 721 132 389 197 122 655 405 349 302 559 460
410 399 223 509 467 184 458 241 380 630 646 628 389 0 349 386 365 141 360 373 564 132 115 216 379 323 213 218 462 392 260 512 336 312 352 214 313 504 297 135 222 360 439 188 327 280 306 107
100 461 149 345 777 237 375 264 387 940 482 938 462 349 0 448 439 232 101 435 873 292 266 202 453 633 527 291 772 82 355 822 483 459 414 288 459 814 371 295 295 422 749 403 474 427 272 421
382 33 333 227 681 435 176 287 97 844 363 842 148 386 448 0 219 269 433 58 778 383 302 467 138 537 482 198 676 414 228 726 356 332 71 199 332 718 129 386 195 71 653 402 347 300 557 458
497 232 312 342 661 414 291 266 212 824 478 821 221 365 439 219 0 248 450 206 757 362 282 447 212 517 461 178 655 481 208 705 335 311 184 178 312 697 130 365 174 193 632 381 326 279 536 437
293 282 106 392 569 190 341 124 263 732 529 729 272 141 232 269 248 0 243 256 665 138 75 222 262 425 319 101 563 275 165 613 293 269 235 97 269 606 180 141 105 243 540 194 283 236 311 212
86 446 161 331 788 249 361 276 373 951 467 949 473 360 101 433 450 243 0 421 885 303 277 213 464 644 538 302 783 67 366 833 494 470 400 299 470 825 382 306 306 408 760 414 485 438 283 432
370 46 320 214 668 422 163 274 85 831 351 829 135 373 435 58 206 256 421 0 765 370 290 455 126 525 469 186 663 401 216 713 343 319 58 186 319 705 116 373 182 65 640 389 334 287 544 445
934 791 747 901 233 708 850 732 771 480 1037 212 780 564 873 778 757 665 885 765 0 656 640 741 771 285 404 644 312 916 583 96 660 636 743 644 636 182 689 659 640 752 156 607 650 604 686 487
353 396 220 506 560 90 455 238 376 723 642 720 386 132 292 383 362 138 303 370 656 0 112 123 376 416 310 215 555 334 256 604 333 309 349 211 309 597 294 41 219 357 531 185 324 277 212 203
327 315 139 426 543 164 375 157 296 706 562 704 305 115 266 302 282 75 277 290 640 112 0 197 296 400 293 134 538 308 198 588 317 293 268 131 293 580 214 115 138 277 515 169 307 261 286 187
263 481 256 508 644 87 538 322 461 807 644 805 470 216 202 467 447 222 213 455 741 123 197 0 461 500 394 299 639 244 341 689 418 394 433 296 394 681 379 126 303 442 616 270 408 361 122 288
417 151 326 261 675 428 211 280 132 838 398 835 99 379 453 138 212 262 464 126 771 376 296 461 0 531 475 192 669 449 222 719 349 325 104 192 325 711 122 379 188 113 646 395 340 293 550 451
694 550 507 661 189 468 610 491 531 352 797 349 540 323 633 537 517 425 644 525 285 416 400 500 531 0 164 403 183 676 343 233 420 396 503 404 396 225 448 419 400 512 160 367 410 363 446 247
588 495 401 605 308 362 554 419 475 471 741 469 485 213 527 482 461 319 538 469 404 310 293 394 475 164 0 348 303 570 287 353 364 340 448 348 341 345 393 313 344 456 279 312 355 308 336 137
352 212 165 322 547 267 271 118 192 710 458 708 201 218 291 198 178 101 302 186 644 215 134 299 192 403 348 0 542 334 94 592 222 198 164 65 198 584 110 218 61 173 519 268 213 166 389 289
833 689 646 799 216 606 748 630 669 219 935 376 679 462 772 676 655 563 783 663 312 555 538 639 669 183 303 542 0 815 481 260 558 534 642 542 535 252 587 558 538 650 187 506 549 502 585 386
66 427 192 312 820 280 342 307 354 983 448 980 458 392 82 414 481 275 67 401 916 334 308 244 449 676 570 334 815 0 398 864 526 501 381 330 502 857 413 337 338 388 791 445 516 469 315 463
416 241 229 351 487 308 301 182 222 650 488 647 231 260 355 228 208 165 366 216 583 256 198 341 222 343 287 94 481 398 0 531 161 137 194 94 138 524 139 259 91 203 458 208 152 105 430 331
883 739 695 849 182 656 798 680 719 428 985 147 728 512 822 726 705 613 833 713 96 604 588 689 719 233 353 592 260 864 531 0 608 584 692 592 584 130 637 607 588 700 104 556 599 552 635 436
544 369 357 479 564 385 428 310 349 727 615 724 358 336 483 356 335 293 494 343 660 333 317 418 349 420 364 222 558 526 161 608 0 62 322 222 62 600 267 336 218 330 535 284 49 101 507 408
520 345 333 455 540 361 404 286 325 703 591 700 334 312 459 332 311 269 470 319 636 309 293 394 325 396 340 198 534 501 137 584 62 0 298 198 38 576 243 312 194 306 511 260 53 77 483 384
349 84 299 194 647 401 143 252 64 810 330 808 113 352 414 71 184 235 400 58 743 349 268 433 104 503 448 164 642 381 194 692 322 298 0 164 298 684 95 352 160 45 618 368 312 265 523 423
349 212 161 322 547 263 271 115 192 710 458 708 201 214 288 199 178 97 299 186 644 211 131 296 192 404 348 65 542 330 94 592 222 198 164 0 198 584 110 214 61 173 519 268 213 166 385 286
520 345 333 455 540 361 404 286 326 703 592 700 335 313 459 332 312 269 470 319 636 309 293 394 325 396 341 198 535 502 138 584 62 38 298 198 0 577 243 312 194 306 511 261 53 77 483 384
875 731 688 841 174 649 790 672 712 421 978 246 721 504 814 718 697 606 825 705 182 597 580 681 711 225 345 584 252 857 524 130 600 576 684 584 577 0 629 600 580 692 97 548 591 544 627 428
408 142 244 252 592 346 201 198 122 755 388 753 132 297 371 129 130 180 382 116 689 294 214 379 122 448 393 110 587 413 139 637 267 243 95 110 243 629 0 297 106 103 564 313 258 211 468 369
356 399 223 509 563 93 458 241 379 726 645 723 389 135 295 386 365 141 306 373 659 41 115 126 379 419 313 218 558 337 259 607 336 312 352 214 312 600 297 0 222 360 534 188 327 280 215 206
356 208 169 318 544 271 267 122 188 707 454 704 197 222 295 195 174 105 306 182 640 219 138 303 188 400 344 61 538 338 91 588 218 194 160 61 194 580 106 222 0 169 515 264 209 162 392 293
357 59 307 201 656 409 150 261 72 819 338 816 122 360 422 71 193 243 408 65 752 357 277 442 113 512 456 173 650 388 203 700 330 306 45 173 306 692 103 360 169 0 627 376 321 274 531 432
810 666 622 776 108 583 725 607 646 355 912 220 655 439 749 653 632 540 760 640 156 531 515 616 646 160 279 519 187 791 458 104 535 511 618 519 511 97 564 534 515 627 0 482 526 479 561 362
463 415 276 525 511 237 474 294 396 674 662 672 405 188 403 402 381 194 414 389 607 185 169 270 395 367 312 268 506 445 208 556 284 260 368 268 261 548 313 188 264 376 482 0 275 228 359 260
535 360 347 470 554 376 419 301 340 717 606 715 349 327 474 347 326 283 485 334 650 324 307 408 340 410 355 213 549 516 152 599 49 53 312 213 53 591 258 327 209 321 526 275 0 91 498 398
488 313 300 423 507 329 372 254 293 670 559 668 302 280 427 300 279 236 438 287 604 277 261 361 293 363 308 166 502 469 105 552 101 77 265 166 77 544 211 280 162 274 479 228 91 0 451 352
333 570 326 578 590 157 608 412 550 753 714 751 559 306 272 557 536 311 283 544 686 212 286 122 550 446 336 389 585 315 430 635 507 483 523 385 483 627 468 215 392 531 561 359 498 451 0 276
482 471 294 581 391 255 530 313 451 554 717 552 460 107 421 458 437 212 432 445 487 203 187 288 451 247 137 289 386 463 331 436 408 384 423 286 384 428 369 206 293 432 362 260 398 352 276 0
EOF