NAME : tsp_problem
TYPE : TSP
DIMENSION : 20
EDGE_WEIGHT_TYPE : EXPLICIT
EDGE_WEIGHT_FORMAT : FULL_MATRIX
EDGE_WEIGHT_SECTION
0 605 603 633 200 896 875 778 746 295 226 552 653 644 440 901 625 308 596 511
605 0 42 264 640 409 388 409 377 734 666 225 283 275 239 414 255 408 45 283
603 42 0 262 638 402 382 407 375 732 664 223 281 273 233 408 253 402 42 281
633 264 262 0 668 539 518 249 218 762 694 253 124 98 366 544 96 489 255 311
200 640 638 668 0 931 910 813 781 157 89 587 687 679 474 936 660 342 631 546
896 409 402 539 931 0 100 335 466 1025 957 547 451 550 496 70 474 665 409 605
875 388 382 518 910 100 0 314 445 1004 936 526 430 529 475 105 454 644 388 584
778 409 407 249 813 335 314 0 177 907 839 398 161 260 511 340 185 634 400 456
746 377 375 218 781 466 445 177 0 875 807 366 130 229 479 472 153 602 368 424
295 734 732 762 157 1025 1004 907 875 0 91 681 782 773 569 1030 754 437 725 640
226 666 664 694 89 957 936 839 807 91 0 613 713 705 500 962 686 368 657 572
552 225 223 253 587 547 526 398 366 681 613 0 272 264 327 552 244 408 216 230
653 283 281 124 687 451 430 161 130 782 713 272 0 135 385 456 74 508 274 330
644 275 273 98 679 550 529 260 229 773 705 264 135 0 377 555 107 500 266 322
440 239 233 366 474 496 475 511 479 569 500 327 385 377 0 501 357 204 239 312
901 414 408 544 936 70 105 340 472 1030 962 552 456 555 501 0 480 670 415 610
625 255 253 96 660 474 454 185 153 754 686 244 74 107 357 480 0 481 247 302
308 408 402 489 342 665 644 634 602 437 368 408 508 500 204 670 481 0 409 367
596 45 42 255 631 409 388 400 368 725 657 216 274 266 239 415 247 409 0 274
511 283 281 311 546 605 584 456 424 640 572 230 330 322 312 610 302 367 274 0
EOF