NAME : tsp_problem
TYPE : TSP
DIMENSION : 40
EDGE_WEIGHT_TYPE : EXPLICIT
EDGE_WEIGHT_FORMAT : FULL_MATRIX
EDGE_WEIGHT_SECTION
0 400 460 218 393 390 502 542 498 328 572 511 658 611 467 477 327 399 451 162 299 568 448 560 602 740 364 352 385 367 567 351 540 632 644 528 295 470 632 640
400 0 491 572 47 46 321 526 528 101 887 495 477 430 497 581 499 571 555 370 138 883 479 876 918 1056 63 319 637 66 882 302 644 451 463 456 528 289 947 956
460 491 0 449 483 481 495 221 61 419 524 190 622 311 145 187 232 208 162 334 390 520 71 513 555 693 454 195 274 457 520 212 251 332 344 207 340 377 584 593
218 572 449 0 565 562 674 530 486 500 413 500 830 620 455 458 316 301 432 333 471 410 436 402 444 582 536 341 227 539 409 358 521 642 654 517 137 642 473 482
393 47 483 565 0 36 313 518 521 94 879 488 470 423 490 574 491 563 548 362 130 876 471 868 910 1048 55 312 629 58 875 294 637 444 456 449 521 281 939 948
390 46 481 562 36 0 311 516 518 91 877 485 467 420 487 571 489 561 545 359 128 873 469 866 908 1046 53 309 627 56 872 292 634 441 453 446 518 279 937 946
502 321 495 674 313 311 0 390 533 249 922 359 189 294 385 586 600 606 560 471 239 919 483 911 953 1091 284 421 672 287 918 403 649 315 327 320 630 153 982 991
542 526 221 530 518 516 390 0 258 454 648 63 517 205 111 311 356 332 285 416 444 644 209 637 679 817 490 277 398 492 643 294 374 227 239 102 422 272 708 717
498 528 61 486 521 518 533 258 0 456 562 228 660 348 183 225 269 246 199 372 427 558 74 550 592 730 492 232 311 495 557 250 288 369 382 244 378 415 622 630
328 101 419 500 94 91 249 454 456 0 815 423 405 358 425 509 427 499 483 297 65 811 406 803 845 984 65 247 564 68 810 229 572 379 391 384 456 217 875 883
572 887 524 413 879 877 922 648 562 815 0 617 1049 738 573 515 461 358 489 589 786 57 512 79 215 210 850 591 284 853 73 608 578 759 771 634 391 804 101 110
511 495 190 500 488 485 359 63 228 423 617 0 486 175 80 281 325 301 255 385 414 614 178 606 648 786 459 246 367 462 613 264 344 196 208 71 391 241 677 686
658 477 622 830 470 467 189 517 660 405 1049 486 0 421 512 713 757 733 687 628 396 1046 610 1038 1080 1218 441 577 799 444 1045 560 776 442 454 447 786 309 1109 1118
611 430 311 620 423 420 294 205 348 358 738 175 421 0 201 401 445 422 375 506 349 734 299 727 769 907 394 367 488 397 733 384 464 63 143 135 512 176 798 807
467 497 145 455 490 487 385 111 183 425 573 80 512 201 0 236 280 257 210 341 396 569 133 561 603 741 461 201 322 464 568 219 299 222 234 97 347 267 633 641
477 581 187 458 574 571 586 311 225 509 515 281 713 401 236 0 223 199 59 351 480 512 175 504 546 684 545 285 265 548 511 303 97 422 434 297 357 468 575 584
327 499 232 316 491 489 600 356 269 427 461 325 757 445 280 223 0 145 197 201 398 457 220 450 492 630 463 203 211 465 456 221 286 467 479 342 207 512 521 530
399 571 208 301 563 561 606 332 246 499 358 301 733 422 257 199 145 0 173 273 470 354 196 347 389 527 534 275 108 537 353 292 262 443 455 318 279 488 418 427
451 555 162 432 548 545 560 285 199 483 489 255 687 375 210 59 197 173 0 325 454 486 149 478 520 658 519 259 239 522 485 277 122 396 409 271 331 442 549 558
162 370 334 333 362 359 471 416 372 297 589 385 628 506 341 351 201 273 325 0 268 585 322 578 620 758 333 226 339 336 585 244 414 527 539 402 230 439 649 658
299 138 390 471 130 128 239 444 427 65 786 414 396 349 396 480 398 470 454 268 0 782 377 774 816 954 101 218 535 104 781 200 543 370 382 375 427 207 846 854
568 883 520 410 876 873 919 644 558 811 57 614 1046 734 569 512 457 354 486 585 782 0 508 66 211 197 847 587 280 850 59 605 575 755 767 630 388 801 88 97
448 479 71 436 471 469 483 209 74 406 512 178 610 299 133 175 220 196 149 322 377 508 0 501 543 681 442 183 262 445 507 200 238 320 332 195 328 365 572 581
560 876 513 402 868 866 911 637 550 803 79 606 1038 727 561 504 450 347 478 578 774 66 501 0 204 219 839 580 273 842 80 597 567 748 760 623 380 793 110 119
602 918 555 444 910 908 953 679 592 845 215 648 1080 769 603 546 492 389 520 620 816 211 543 204 0 384 881 622 315 884 210 639 609 790 802 665 422 835 275 284
740 1056 693 582 1048 1046 1091 817 730 984 210 786 1218 907 741 684 630 527 658 758 954 197 681 219 384 0 1019 760 453 1022 212 777 747 928 940 803 560 973 241 156
364 63 454 536 55 53 284 490 492 65 850 459 441 394 461 545 463 534 519 333 101 847 442 839 881 1019 0 283 600 29 846 265 608 415 427 420 492 252 910 919
352 319 195 341 312 309 421 277 232 247 591 246 577 367 201 285 203 275 259 226 218 587 183 580 622 760 283 0 341 286 586 55 348 388 400 263 232 389 651 660
385 637 274 227 629 627 672 398 311 564 284 367 799 488 322 265 211 108 239 339 535 280 262 273 315 453 600 341 0 603 280 358 328 509 521 384 205 554 344 353
367 66 457 539 58 56 287 492 495 68 853 462 444 397 464 548 465 537 522 336 104 850 445 842 884 1022 29 286 603 0 849 268 611 418 430 423 495 255 913 922
567 882 520 409 875 872 918 643 557 810 73 613 1045 733 568 511 456 353 485 585 781 59 507 80 210 212 846 586 280 849 0 604 574 755 767 630 387 800 104 112
351 302 212 358 294 292 403 294 250 229 608 264 560 384 219 303 221 292 277 244 200 605 200 597 639 777 265 55 358 268 604 0 366 406 418 280 250 371 668 677
540 644 251 521 637 634 649 374 288 572 578 344 776 464 299 97 286 262 122 414 543 575 238 567 609 747 608 348 328 611 574 366 0 485 498 360 420 531 638 647
632 451 332 642 444 441 315 227 369 379 759 196 442 63 222 422 467 443 396 527 370 755 320 748 790 928 415 388 509 418 755 406 485 0 164 157 533 197 819 828
644 463 344 654 456 453 327 239 382 391 771 208 454 143 234 434 479 455 409 539 382 767 332 760 802 940 427 400 521 430 767 418 498 164 0 169 545 209 831 840
528 456 207 517 449 446 320 102 244 384 634 71 447 135 97 297 342 318 271 402 375 630 195 623 665 803 420 263 384 423 630 280 360 157 169 0 408 202 694 703
295 528 340 137 521 518 630 422 378 456 391 391 786 512 347 357 207 279 331 230 427 388 328 380 422 560 492 232 205 495 387 250 420 533 545 408 0 578 451 460
470 289 377 642 281 279 153 272 415 217 804 241 309 176 267 468 512 488 442 439 207 801 365 793 835 973 252 389 554 255 800 371 531 197 209 202 578 0 864 873
632 947 584 473 939 937 982 708 622 875 101 677 1109 798 633 575 521 418 549 649 846 88 572 110 275 241 910 651 344 913 104 668 638 819 831 694 451 864 0 141
640 956 593 482 948 946 991 717 630 883 110 686 1118 807 641 584 530 427 558 658 854 97 581 119 284 156 919 660 353 922 112 677 647 828 840 703 460 873 141 0
EOF