NAME : tsp_problem
TYPE : TSP
DIMENSION : 53
EDGE_WEIGHT_TYPE : EXPLICIT
EDGE_WEIGHT_FORMAT : FULL_MATRIX
EDGE_WEIGHT_SECTION
0 641 903 793 640 934 519 704 1027 908 1122 981 516 811 841 817 628 876 452 785 839 840 1155 554 1199 780 762 855 434 849 836 842 1108 628 754 559 829 909 1015 296 929 764 730 1304 885 816 899 1106 815 719 1103 1045 770
641 0 816 707 554 848 167 618 941 822 1036 895 165 724 755 731 541 789 366 698 753 753 1068 202 1113 693 675 769 259 763 749 756 1021 542 668 207 743 822 928 519 843 678 644 1217 798 729 812 1020 728 633 1016 958 684
903 816 0 300 315 473 695 310 165 181 431 119 692 349 114 325 456 414 491 292 247 113 292 730 508 287 423 363 609 216 109 250 245 456 261 735 195 46 412 780 108 302 392 441 251 224 36 244 137 244 240 182 376
793 707 300 0 205 431 585 201 425 306 551 379 582 307 239 90 407 372 381 57 237 237 553 620 628 52 382 128 500 247 234 240 505 407 78 625 227 306 444 671 327 260 350 702 282 213 297 504 212 135 500 442 267
640 554 315 205 0 347 432 116 440 321 534 393 429 223 253 230 254 288 228 197 252 252 567 467 612 192 298 268 347 262 248 255 520 254 166 472 241 321 427 518 341 176 266 716 297 228 311 518 227 132 515 457 182
934 848 473 431 347 0 727 261 577 478 312 530 724 157 411 455 354 223 523 423 451 410 548 762 389 418 323 494 641 288 406 454 528 354 392 767 311 479 204 812 499 201 291 693 350 428 469 527 385 357 571 594 313
519 167 695 585 432 727 0 496 819 700 914 773 43 603 633 610 420 668 245 577 632 632 947 81 991 572 554 648 137 642 628 634 900 420 546 86 621 701 807 397 721 556 522 1096 677 608 691 898 607 512 895 837 562
704 618 310 201 116 261 496 0 435 316 449 389 493 137 249 225 245 202 292 192 247 247 562 531 526 187 212 263 411 178 243 250 515 245 162 536 200 316 341 582 337 90 180 712 239 223 306 514 222 127 510 452 97
1027 941 165 425 440 577 819 435 0 306 411 99 816 473 239 449 581 539 616 417 372 237 272 854 489 412 548 487 734 340 233 375 225 581 386 859 320 171 436 905 232 427 517 421 375 348 161 224 262 369 220 76 501
908 822 181 306 321 478 700 316 306 0 525 259 697 354 120 330 462 420 497 298 253 118 433 735 602 293 429 368 615 221 114 256 386 462 267 740 201 187 418 786 207 308 398 582 256 229 177 385 143 250 381 323 382
1122 1036 431 551 534 312 914 449 411 525 0 365 911 381 458 575 543 446 710 543 498 456 383 949 104 538 510 613 829 335 453 501 363 543 512 954 358 437 171 1000 499 389 479 528 346 474 428 362 431 495 406 429 500
981 895 119 379 393 530 773 389 99 259 365 0 770 427 192 403 535 492 569 370 326 191 226 808 442 366 502 441 688 294 187 329 179 535 340 813 274 125 390 859 186 381 470 375 329 302 115 178 216 323 174 116 455
516 165 692 582 429 724 43 493 816 697 911 770 0 600 630 607 417 665 242 574 629 629 944 78 989 569 551 645 134 639 625 631 897 417 543 83 618 698 804 394 718 553 519 1093 674 605 688 895 604 509 892 834 559
811 724 349 307 223 157 603 137 473 354 381 427 600 0 287 332 231 99 399 299 328 286 601 638 458 294 199 370 517 164 282 330 554 232 268 643 187 355 274 689 375 77 167 750 226 304 345 552 261 234 549 491 189
841 755 114 239 253 411 633 249 239 120 458 192 630 287 0 263 395 353 430 231 186 51 366 668 535 226 362 301 548 154 47 189 319 395 200 673 134 120 351 719 140 241 330 515 189 162 110 318 76 183 314 256 315
817 731 325 90 230 455 610 225 449 330 575 403 607 332 263 0 431 397 406 69 262 262 577 645 653 76 406 86 524 272 258 264 530 432 102 650 251 331 468 695 351 285 375 726 307 238 321 528 237 159 525 467 291
628 541 456 407 254 354 420 245 581 462 543 535 417 231 395 431 0 297 216 399 435 393 708 455 620 394 178 470 334 272 389 438 661 44 368 460 294 462 436 506 483 185 147 857 333 411 452 660 368 333 656 598 296
876 789 414 372 288 223 668 202 539 420 446 492 665 99 353 397 297 0 464 364 393 351 666 703 524 359 264 435 582 230 347 395 619 297 333 708 252 420 339 754 440 143 232 815 291 369 410 617 326 299 614 556 254
452 366 491 381 228 523 245 292 616 497 710 569 242 399 430 406 216 464 0 373 428 428 743 279 788 368 350 444 159 438 424 431 696 216 342 285 417 497 603 330 517 352 319 892 473 404 487 694 403 308 691 633 359
785 698 292 57 197 423 577 192 417 298 543 370 574 299 231 69 399 364 373 0 229 229 544 612 620 44 373 107 491 239 225 232 497 399 70 617 219 298 435 663 319 252 342 693 274 205 288 496 204 127 492 434 258
839 753 247 237 252 451 632 247 372 253 498 326 629 328 186 262 435 393 428 229 0 185 500 667 575 224 402 300 546 194 181 24 453 435 198 672 174 254 391 717 274 281 371 649 230 53 244 451 160 181 448 390 313
840 753 113 237 252 410 632 247 237 118 456 191 629 286 51 262 393 351 428 229 185 0 365 667 534 224 361 300 546 153 46 187 318 394 199 672 132 119 349 718 139 239 329 514 188 161 109 316 75 182 313 255 313
1155 1068 292 553 567 548 947 562 272 433 383 226 944 601 366 577 708 666 743 544 500 365 0 982 460 539 676 615 861 468 361 502 103 709 514 987 447 298 408 1033 360 554 644 301 503 476 289 101 390 497 267 290 628
554 202 730 620 467 762 81 531 854 735 949 808 78 638 668 645 455 703 279 612 667 667 982 0 1026 607 589 683 172 677 663 669 935 455 581 50 656 736 842 432 756 591 557 1131 712 643 726 933 642 547 930 872 597
1199 1113 508 628 612 389 991 526 489 602 104 442 989 458 535 653 620 524 788 620 575 534 460 1026 0 615 587 691 906 412 530 578 440 620 589 1031 435 515 248 1077 576 466 556 605 423 551 505 439 509 572 483 506 577
780 693 287 52 192 418 572 187 412 293 538 366 569 294 226 76 394 359 368 44 224 224 539 607 615 0 369 114 486 234 220 227 492 394 65 612 214 293 430 658 314 247 337 688 269 200 283 491 199 122 487 429 253
762 675 423 382 298 323 554 212 548 429 510 502 551 199 362 406 178 264 350 373 402 361 676 589 587 369 0 444 468 239 357 405 629 178 343 594 262 429 403 640 450 152 114 825 300 378 420 627 335 308 623 565 263
855 769 363 128 268 494 648 263 487 368 613 441 645 370 301 86 470 435 444 107 300 300 615 683 691 114 444 0 562 310 296 302 568 470 140 688 289 369 506 733 389 323 413 764 345 276 359 566 275 197 563 505 329
434 259 609 500 347 641 137 411 734 615 829 688 134 517 548 524 334 582 159 491 546 546 861 172 906 486 468 562 0 556 542 549 814 334 461 177 536 615 721 312 636 471 437 1010 591 522 605 813 521 426 809 751 477
849 763 216 247 262 288 642 178 340 221 335 294 639 164 154 272 272 230 438 239 194 153 468 677 412 234 239 310 556 0 149 197 421 272 208 682 54 222 228 727 242 118 208 617 109 171 212 419 128 191 416 358 229
836 749 109 234 248 406 628 243 233 114 453 187 625 282 47 258 389 347 424 225 181 46 361 663 530 220 357 296 542 149 0 184 314 390 195 668 128 115 345 714 135 235 325 510 184 157 105 312 71 178 309 251 310
842 756 250 240 255 454 634 250 375 256 501 329 631 330 189 264 438 395 431 232 24 187 502 669 578 227 405 302 549 197 184 0 455 438 201 674 177 256 394 720 277 284 373 652 232 56 246 454 162 184 450 392 316
1108 1021 245 505 520 528 900 515 225 386 363 179 897 554 319 530 661 619 696 497 453 318 103 935 440 492 629 568 814 421 314 455 0 662 467 940 400 251 388 986 313 507 597 356 456 429 242 54 343 450 220 243 581
628 542 456 407 254 354 420 245 581 462 543 535 417 232 395 432 44 297 216 399 435 394 709 455 620 394 178 470 334 272 390 438 662 0 368 460 295 462 436 506 483 185 147 858 333 411 453 660 368 334 656 598 296
754 668 261 78 166 392 546 162 386 267 512 340 543 268 200 102 368 333 342 70 198 199 514 581 589 65 343 140 461 208 195 201 467 368 0 586 188 267 405 632 288 222 311 663 243 174 258 465 173 96 461 403 228
559 207 735 625 472 767 86 536 859 740 954 813 83 643 673 650 460 708 285 617 672 672 987 50 1031 612 594 688 177 682 668 674 940 460 586 0 661 741 847 437 761 596 562 1136 717 648 731 938 647 552 935 877 602
829 743 195 227 241 311 621 200 320 201 358 274 618 187 134 251 294 252 417 219 174 132 447 656 435 214 262 289 536 54 128 177 400 295 188 661 0 201 250 707 222 140 230 596 89 150 191 399 107 171 395 337 252
909 822 46 306 321 479 701 316 171 187 437 125 698 355 120 331 462 420 497 298 254 119 298 736 515 293 429 369 615 222 115 256 251 462 267 741 201 0 418 787 114 308 398 448 257 230 42 250 144 251 246 188 382
1015 928 412 444 427 204 807 341 436 418 171 390 804 274 351 468 436 339 603 435 391 349 408 842 248 430 403 506 721 228 345 394 388 436 405 847 250 418 0 893 438 282 371 552 239 367 408 386 324 388 431 454 393
296 519 780 671 518 812 397 582 905 786 1000 859 394 689 719 695 506 754 330 663 717 718 1033 432 1077 658 640 733 312 727 714 720 986 506 632 437 707 787 893 0 807 642 608 1182 763 693 777 984 693 597 981 923 648
929 843 108 327 341 499 721 337 232 207 499 186 718 375 140 351 483 440 517 319 274 139 360 756 576 314 450 389 636 242 135 277 313 483 288 761 222 114 438 807 0 329 418 509 277 250 104 311 164 271 308 250 403
764 678 302 260 176 201 556 90 427 308 389 381 553 77 241 285 185 143 352 252 281 239 554 591 466 247 152 323 471 118 235 284 507 185 222 596 140 308 282 642 329 0 120 703 179 257 298 506 214 187 502 444 142
730 644 392 350 266 291 522 180 517 398 479 470 519 167 330 375 147 232 319 342 371 329 644 557 556 337 114 413 437 208 325 373 597 147 311 562 230 398 371 608 418 120 0 793 269 347 388 595 304 277 592 534 232
1304 1217 441 702 716 693 1096 712 421 582 528 375 1093 750 515 726 857 815 892 693 649 514 301 1131 605 688 825 764 1010 617 510 652 356 858 663 1136 596 448 552 1182 509 703 793 0 652 625 438 354 539 646 258 439 778
885 798 251 282 297 350 677 239 375 256 346 329 674 226 189 307 333 291 473 274 230 188 503 712 423 269 300 345 591 109 184 232 456 333 243 717 89 257 239 763 277 179 269 652 0 206 247 454 163 227 451 393 290
816 729 224 213 228 428 608 223 348 229 474 302 605 304 162 238 411 369 404 205 53 161 476 643 551 200 378 276 522 171 157 56 429 411 174 648 150 230 367 693 250 257 347 625 206 0 220 427 136 157 424 366 289
899 812 36 297 311 469 691 306 161 177 428 115 688 345 110 321 452 410 487 288 244 109 289 726 505 283 420 359 605 212 105 246 242 453 258 731 191 42 408 777 104 298 388 438 247 220 0 240 134 241 236 178 372
1106 1020 244 504 518 527 898 514 224 385 362 178 895 552 318 528 660 617 694 496 451 316 101 933 439 491 627 566 813 419 312 454 54 660 465 938 399 250 386 984 311 506 595 354 454 427 240 0 341 448 218 241 580
815 728 137 212 227 385 607 222 262 143 431 216 604 261 76 237 368 326 403 204 160 75 390 642 509 199 335 275 521 128 71 162 343 368 173 647 107 144 324 693 164 214 304 539 163 136 134 341 0 157 338 280 288
719 633 244 135 132 357 512 127 369 250 495 323 509 234 183 159 333 299 308 127 181 182 497 547 572 122 308 197 426 191 178 184 450 334 96 552 171 251 388 597 271 187 277 646 227 157 241 448 157 0 445 387 193
1103 1016 240 500 515 571 895 510 220 381 406 174 892 549 314 525 656 614 691 492 448 313 267 930 483 487 623 563 809 416 309 450 220 656 461 935 395 246 431 981 308 502 592 258 451 424 236 218 338 445 0 238 576
1045 958 182 442 457 594 837 452 76 323 429 116 834 491 256 467 598 556 633 434 390 255 290 872 506 429 565 505 751 358 251 392 243 598 403 877 337 188 454 923 250 444 534 439 393 366 178 241 280 387 238 0 518
770 684 376 267 182 313 562 97 501 382 500 455 559 189 315 291 296 254 359 258 313 313 628 597 577 253 263 329 477 229 310 316 581 296 228 602 252 382 393 648 403 142 232 778 290 289 372 580 288 193 576 518 0
EOF
