NAME : tsp_problem
TYPE : TSP
DIMENSION : 68
EDGE_WEIGHT_TYPE : EXPLICIT
EDGE_WEIGHT_FORMAT : FULL_MATRIX
EDGE_WEIGHT_SECTION
0 96 380 711 382 272 325 317 301 227 395 576 762 214 349 671 261 302 718 275 401 251 714 528 108 225 637 734 196 230 706 223 288 101 297 306 717 213 301 471 284 467 304 352 217 699 239 301 174 507 270 193 204 292 363 482 833 314 371 633 297 361 325 598 280 259 277 306
96 0 366 649 424 345 399 264 239 166 381 515 700 152 335 609 199 375 656 260 474 237 652 601 144 163 576 672 134 215 644 209 274 136 370 379 656 198 374 457 270 452 378 291 155 637 224 286 112 509 344 131 190 365 349 516 771 252 309 572 243 308 398 536 266 245 350 292
380 366 0 847 171 396 450 574 438 497 48 713 898 483 455 807 493 426 854 137 287 357 850 385 363 395 774 870 465 242 843 235 125 355 422 431 854 318 253 203 161 199 429 622 486 835 344 153 443 256 395 462 221 417 95 263 969 451 558 770 554 618 227 735 198 271 402 224
711 649 847 0 906 960 1013 708 444 687 862 182 185 549 675 94 615 990 83 742 1022 676 403 1120 725 517 243 94 655 697 68 691 756 717 985 994 78 638 988 938 751 934 992 521 529 122 565 768 569 991 958 652 671 980 830 998 522 435 398 323 722 674 962 152 747 726 965 773
382 424 171 906 0 259 313 437 496 449 186 772 957 542 514 866 552 290 913 196 151 415 909 278 422 454 833 929 483 301 902 294 184 414 285 294 913 377 116 133 220 129 292 648 545 894 403 212 502 186 258 498 280 280 154 193 1028 510 617 829 417 481 90 794 257 330 265 283
272 345 396 960 259 0 82 327 550 339 411 825 1011 463 598 920 510 59 967 421 278 500 963 405 357 474 886 983 372 479 955 472 409 350 54 63 966 462 178 359 445 355 62 537 466 948 488 437 423 384 38 388 453 49 379 359 1082 563 620 883 307 371 202 847 482 508 34 508
325 399 450 1013 313 82 0 380 603 392 465 879 1064 516 652 973 564 97 1020 474 331 553 1016 458 411 527 940 1036 426 532 1009 526 463 403 92 101 1020 515 232 412 499 408 99 590 519 1001 541 490 476 438 92 441 506 87 433 413 1135 617 674 936 360 424 255 901 536 561 88 562
317 264 574 708 437 327 380 0 375 127 589 573 759 288 491 668 335 357 715 490 456 466 711 583 373 299 634 731 161 445 703 438 503 366 352 361 714 427 356 536 499 532 359 246 291 696 380 515 248 562 325 176 419 347 557 537 830 388 364 631 95 80 379 595 495 474 332 521
301 239 438 444 496 550 603 375 0 277 453 310 495 263 266 404 206 580 451 332 613 267 447 710 315 107 371 467 245 287 440 281 346 307 575 584 451 228 578 529 342 525 583 279 266 432 155 358 223 581 549 243 262 570 421 588 566 76 155 367 355 419 553 332 338 317 555 364
227 166 497 687 449 339 392 127 277 0 512 552 738 190 393 647 237 369 694 392 468 368 690 595 275 201 613 710 81 347 682 340 405 268 364 373 693 330 368 549 401 545 371 328 193 675 282 418 150 574 337 79 321 359 480 549 809 290 347 609 107 172 392 574 397 376 344 423
395 381 48 862 186 411 465 589 453 512 0 728 913 498 470 822 508 442 869 152 303 372 865 400 378 410 789 885 480 257 858 251 140 370 437 446 869 333 268 218 176 214 444 637 501 850 359 168 458 271 410 478 236 432 110 278 984 466 574 785 569 633 242 750 213 286 417 239
576 515 713 182 772 825 879 573 310 552 728 0 233 415 541 142 481 856 189 608 888 542 269 986 591 382 85 205 521 563 177 556 622 583 851 860 189 504 853 804 617 800 858 387 395 170 431 634 435 857 824 518 537 846 696 863 388 301 263 188 588 540 828 69 613 592 831 639
762 700 898 185 957 1011 1064 759 495 738 913 233 0 601 727 122 666 1041 192 793 1073 728 454 1171 776 568 294 208 706 748 181 742 807 768 1036 1045 192 689 1039 989 803 985 1043 572 580 92 616 819 620 1042 1009 703 722 1031 881 1049 573 486 449 374 773 725 1013 203 798 777 1016 824
214 152 483 549 542 463 516 288 263 190 498 415 601 0 380 510 224 493 557 378 592 354 553 719 262 188 476 573 158 333 545 327 392 254 488 497 556 316 492 574 388 570 495 187 51 538 269 404 68 627 461 156 307 483 466 634 672 277 206 472 268 332 516 437 383 362 468 409
349 335 455 675 514 598 652 491 266 393 470 541 727 380 0 636 322 628 683 350 630 284 679 728 333 223 602 699 361 305 671 298 364 325 624 633 682 246 595 546 359 542 631 511 382 664 146 376 339 599 597 359 279 619 438 605 798 279 387 598 471 535 570 563 355 334 604 381
671 609 807 94 866 920 973 668 404 647 822 142 122 510 636 0 575 950 101 702 983 637 363 1080 685 477 203 117 615 657 90 651 716 677 945 954 101 598 948 898 712 894 952 481 489 59 525 728 529 951 918 612 632 940 790 958 482 396 358 283 682 634 922 112 707 686 925 733
261 199 493 615 552 510 564 335 206 237 508 481 666 224 322 575 0 540 622 388 639 323 618 766 309 130 542 638 205 343 611 337 402 301 535 544 622 284 539 584 398 580 543 362 227 603 211 414 183 637 509 203 317 530 476 644 737 219 326 538 315 379 563 503 393 372 515 419
302 375 426 990 290 59 97 357 580 369 442 856 1041 493 628 950 540 0 997 451 308 530 993 435 387 504 916 1013 402 509 985 502 439 380 35 44 997 492 208 389 475 385 42 567 496 978 518 467 453 415 68 418 483 54 410 389 1112 593 650 913 337 401 232 877 512 538 64 538
718 656 854 83 913 967 1020 715 451 694 869 189 192 557 683 101 622 997 0 749 1029 683 410 1127 732 524 250 99 662 704 73 698 763 724 992 1001 83 645 995 945 759 941 999 528 536 129 572 775 576 998 965 659 678 987 837 1005 529 442 405 330 729 681 969 159 754 733 972 780
275 260 137 742 196 421 474 490 332 392 152 608 793 378 350 702 388 451 749 0 312 251 745 410 258 290 669 765 360 137 738 130 60 250 446 455 749 213 277 228 56 224 454 517 381 730 239 72 338 281 419 357 116 441 120 287 864 346 453 665 469 534 252 630 93 166 426 119
401 474 287 1022 151 278 331 456 613 468 303 888 1073 592 630 983 639 308 1029 312 0 532 1025 175 486 570 949 1045 501 417 1018 411 300 479 303 312 1029 493 134 227 336 194 310 666 595 1010 520 328 552 155 276 517 396 298 271 130 1144 626 734 945 435 500 109 910 373 446 283 399
251 237 357 676 415 500 553 466 267 368 372 542 728 354 284 637 323 530 683 251 532 0 679 629 234 224 603 699 336 206 672 200 265 226 525 534 683 62 497 448 261 444 533 493 357 665 174 277 314 500 499 334 181 520 340 507 798 280 388 599 446 510 472 564 257 236 505 283
714 652 850 403 909 963 1016 711 447 690 865 269 454 553 679 363 618 993 410 745 1025 679 0 1123 728 520 330 426 658 700 398 694 759 720 988 997 410 641 991 941 755 937 995 524 532 391 568 771 572 994 961 655 674 983 833 1001 216 438 401 134 725 677 965 290 750 729 968 776
528 601 385 1120 278 405 458 583 710 595 400 986 1171 719 728 1080 766 435 1127 410 175 629 1123 0 613 668 1047 1143 628 515 1116 508 398 606 430 439 1127 591 261 249 434 217 437 793 722 1108 617 426 679 178 403 644 494 425 368 152 1242 724 831 1043 562 627 236 1008 471 544 410 497
108 144 363 725 422 357 411 373 315 275 378 591 776 262 333 685 309 387 732 258 486 234 728 613 0 272 652 748 243 213 720 206 272 41 383 392 732 196 387 454 267 450 390 400 265 713 222 284 222 507 356 241 187 378 346 513 847 328 419 648 353 417 410 612 263 242 363 289
225 163 395 517 454 474 527 299 107 201 410 382 568 188 223 477 130 504 524 290 570 224 520 668 272 0 443 540 169 245 512 238 303 264 499 508 523 186 503 486 299 482 507 326 190 505 113 316 147 539 473 167 219 494 378 545 639 120 228 440 279 343 510 404 295 274 479 321
637 576 774 243 833 886 940 634 371 613 789 85 294 476 602 203 542 916 250 669 949 603 330 1047 652 443 0 266 581 624 238 617 683 644 911 921 249 565 914 865 678 861 919 448 456 231 492 695 496 918 885 579 598 907 757 924 449 362 324 249 649 601 889 130 674 653 892 700
734 672 870 94 929 983 1036 731 467 710 885 205 208 573 699 117 638 1013 99 765 1045 699 426 1143 748 540 266 0 678 720 83 714 779 740 1008 1017 62 661 1011 961 775 957 1015 544 552 145 588 791 592 1014 981 675 694 1003 853 1021 545 458 421 346 745 697 985 175 770 749 988 796
196 134 465 655 483 372 426 161 245 81 480 521 706 158 361 615 205 402 662 360 501 336 658 628 243 169 581 678 0 315 650 308 374 236 397 406 662 298 402 556 369 552 405 297 161 643 251 386 118 608 371 47 289 392 448 583 777 258 315 578 141 205 425 542 365 344 377 391
230 215 242 697 301 479 532 445 287 347 257 563 748 333 305 657 343 509 704 137 417 206 700 515 213 245 624 720 315 0 693 64 151 205 504 513 704 168 382 333 146 329 511 472 336 685 194 163 293 386 477 312 71 499 225 392 819 301 408 620 425 489 357 585 142 49 484 168
706 644 843 68 902 955 1009 703 440 682 858 177 181 545 671 90 611 985 73 738 1018 672 398 1116 720 512 238 83 650 693 0 686 751 712 980 989 67 634 983 934 747 930 988 517 525 118 560 763 565 987 954 648 667 975 826 993 517 431 393 318 718 670 958 147 743 722 960 769
223 209 235 691 294 472 526 438 281 340 251 556 742 327 298 651 337 502 698 130 411 200 694 508 206 238 617 714 308 64 686 0 144 198 497 507 697 162 376 327 140 322 505 465 330 679 188 156 287 379 471 306 64 493 219 386 813 294 402 613 418 482 351 578 136 56 478 162
288 274 125 756 184 409 463 503 346 405 140 622 807 392 364 716 402 439 763 60 300 265 759 398 272 303 683 779 374 151 751 144 0 264 434 443 763 227 265 216 70 212 442 530 395 744 253 86 352 269 408 371 130 430 108 276 878 359 467 679 483 548 240 643 107 180 414 133
101 136 355 717 414 350 403 366 307 268 370 583 768 254 325 677 301 380 724 250 479 226 720 606 41 264 644 740 236 205 712 198 264 0 375 384 724 188 379 446 259 442 382 393 257 705 214 276 214 499 348 233 179 370 338 505 839 320 411 640 345 410 402 604 255 234 355 281
297 370 422 985 285 54 92 352 575 364 437 851 1036 488 624 945 535 35 992 446 303 525 988 430 383 499 911 1008 397 504 980 497 434 375 0 26 992 487 203 384 470 380 24 562 491 973 513 462 448 410 63 413 478 36 405 384 1107 588 645 908 332 396 227 872 507 533 60 533
306 379 431 994 294 63 101 361 584 373 446 860 1045 497 633 954 544 44 1001 455 312 534 997 439 392 508 921 1017 406 513 989 507 443 384 26 0 1001 496 212 393 479 389 33 571 500 982 522 471 457 419 73 422 487 45 414 394 1116 597 654 917 341 405 236 881 516 542 69 542
717 656 854 78 913 966 1020 714 451 693 869 189 192 556 682 101 622 997 83 749 1029 683 410 1127 732 523 249 62 662 704 67 697 763 724 992 1001 0 645 994 945 758 941 999 528 536 129 572 775 576 998 965 659 678 987 837 1004 529 442 404 329 729 681 969 158 754 733 972 780
213 198 318 638 377 462 515 427 228 330 333 504 689 316 246 598 284 492 645 213 493 62 641 591 196 186 565 661 298 168 634 162 227 188 487 496 645 0 458 409 222 405 494 454 319 626 135 239 276 462 460 295 142 482 301 468 760 242 349 561 407 472 433 526 218 197 467 244
301 374 253 988 116 178 232 356 578 368 268 853 1039 492 595 948 539 208 995 277 134 497 991 261 387 503 914 1011 402 382 983 376 265 379 203 212 994 458 0 215 301 211 211 566 495 976 485 293 452 241 177 417 361 199 236 216 1110 591 650 910 336 400 74 875 338 412 184 364
471 457 203 938 133 359 412 536 529 549 218 804 989 574 546 898 584 389 945 228 227 448 941 249 454 486 865 961 556 333 934 327 216 446 384 393 945 409 215 0 252 63 391 713 577 926 435 244 534 120 357 554 312 379 186 127 1060 542 650 861 516 580 190 826 289 362 364 315
284 270 161 751 220 445 499 499 342 401 176 617 803 388 359 712 398 475 759 56 336 261 755 434 267 299 678 775 369 146 747 140 70 259 470 479 758 222 301 252 0 248 478 526 390 740 249 82 347 305 444 367 125 465 144 311 873 355 463 674 479 543 276 639 102 175 450 128
467 452 199 934 129 355 408 532 525 545 214 800 985 570 542 894 580 385 941 224 194 444 937 217 450 482 861 957 552 329 930 322 212 442 380 389 941 405 211 63 248 0 387 709 573 922 431 240 530 88 353 549 308 375 182 94 1056 538 645 857 512 576 186 822 285 358 360 311
304 378 429 992 292 62 99 359 583 371 444 858 1043 495 631 952 543 42 999 454 310 533 995 437 390 507 919 1015 405 511 988 505 442 382 24 33 999 494 211 391 478 387 0 570 498 980 520 470 455 417 71 420 486 44 412 392 1114 596 653 915 339 403 234 880 515 541 67 541
352 291 622 521 648 537 590 246 279 328 637 387 572 187 511 481 362 567 528 517 666 493 524 793 400 326 448 544 297 472 517 465 530 393 562 571 528 454 566 713 526 709 570 0 167 509 400 543 207 766 536 294 446 557 605 747 643 270 178 444 261 213 590 409 522 501 542 548
217 155 486 529 545 466 519 291 266 193 501 395 580 51 382 489 227 496 536 381 595 357 532 722 265 190 456 552 161 336 525 330 395 257 491 500 536 319 495 577 390 573 498 167 0 517 272 407 71 630 464 158 310 486 469 637 651 278 185 452 271 319 519 417 386 365 471 412
699 637 835 122 894 948 1001 696 432 675 850 170 92 538 664 59 603 978 129 730 1010 665 391 1108 713 505 231 145 643 685 118 679 744 705 973 982 129 626 976 926 740 922 980 509 517 0 553 756 557 979 946 640 659 968 818 986 510 423 386 311 710 662 950 140 735 714 953 761
239 224 344 565 403 488 541 380 155 282 359 431 616 269 146 525 211 518 572 239 520 174 568 617 222 113 492 588 251 194 560 188 253 214 513 522 572 135 485 435 249 431 520 400 272 553 0 265 229 488 486 248 169 508 327 495 687 169 276 488 360 425 459 452 244 223 493 270
301 286 153 768 212 437 490 515 358 418 168 634 819 404 376 728 414 467 775 72 328 277 771 426 284 316 695 791 386 163 763 156 86 276 462 471 775 239 293 244 82 240 470 543 407 756 265 0 364 297 435 383 142 457 136 303 890 372 479 691 495 560 268 655 119 192 442 145
174 112 443 569 502 423 476 248 223 150 458 435 620 68 339 529 183 453 576 338 552 314 572 679 222 147 496 592 118 293 565 287 352 214 448 457 576 276 452 534 347 530 455 207 71 557 229 364 0 587 421 115 267 443 426 594 691 237 226 492 228 292 476 457 343 322 428 369
507 509 256 991 186 384 438 562 581 574 271 857 1042 627 599 951 637 415 998 281 155 500 994 178 507 539 918 1014 608 386 987 379 269 499 410 419 998 462 241 120 305 88 417 766 630 979 488 297 587 0 383 606 365 405 239 55 1113 595 702 914 542 606 215 879 342 415 390 368
270 344 395 958 258 38 92 325 549 337 410 824 1009 461 597 918 509 68 965 419 276 499 961 403 356 473 885 981 371 477 954 471 408 348 63 73 965 460 177 357 444 353 71 536 464 946 486 435 421 383 0 386 452 59 378 358 1080 562 619 881 305 369 200 846 481 506 44 507
193 131 462 652 498 388 441 176 243 79 478 518 703 156 359 612 203 418 659 357 517 334 655 644 241 167 579 675 47 312 648 306 371 233 413 422 659 295 417 554 367 549 420 294 158 640 248 383 115 606 386 0 287 408 446 598 774 256 313 575 156 221 441 540 363 342 393 389
204 190 221 671 280 453 506 419 262 321 236 537 722 307 279 632 317 483 678 116 396 181 674 494 187 219 598 694 289 71 667 64 130 179 478 487 678 142 361 312 125 308 486 446 310 659 169 142 267 365 452 287 0 473 204 371 793 275 383 594 399 463 336 559 121 100 458 147
292 365 417 980 280 49 87 347 570 359 432 846 1031 483 619 940 530 54 987 441 298 520 983 425 378 494 907 1003 392 499 975 493 430 370 36 45 987 482 199 379 465 375 44 557 486 968 508 457 443 405 59 408 473 0 400 380 1102 584 640 903 327 391 222 867 502 528 55 528
363 349 95 830 154 379 433 557 421 480 110 696 881 466 438 790 476 410 837 120 271 340 833 368 346 378 757 853 448 225 826 219 108 338 405 414 837 301 236 186 144 182 412 605 469 818 327 136 426 239 378 446 204 400 0 246 952 434 542 753 537 601 210 718 181 254 385 207
482 516 263 998 193 359 413 537 588 549 278 863 1049 634 605 958 644 389 1005 287 130 507 1001 152 513 545 924 1021 583 392 993 386 276 505 384 394 1004 468 216 127 311 94 392 747 637 986 495 303 594 55 358 598 371 380 246 0 1120 601 709 920 517 581 190 885 348 422 365 374
833 771 969 522 1028 1082 1135 830 566 809 984 388 573 672 798 482 737 1112 529 864 1144 798 216 1242 847 639 449 545 777 819 517 813 878 839 1107 1116 529 760 1110 1060 873 1056 1114 643 651 510 687 890 691 1113 1080 774 793 1102 952 1120 0 557 520 253 844 796 1084 409 869 848 1087 895
314 252 451 435 510 563 617 388 76 290 466 301 486 277 279 396 219 593 442 346 626 280 438 724 328 120 362 458 258 301 431 294 359 320 588 597 442 242 591 542 355 538 596 270 278 423 169 372 237 595 562 256 275 584 434 601 557 0 147 358 368 423 566 323 351 330 568 377
371 309 558 398 617 620 674 364 155 347 574 263 449 206 387 358 326 650 405 453 734 388 401 831 419 228 324 421 315 408 393 402 467 411 645 654 404 349 650 650 463 645 653 178 185 386 276 479 226 702 619 313 383 640 542 709 520 147 0 320 378 330 673 285 459 438 625 485
633 572 770 323 829 883 936 631 367 609 785 188 374 472 598 283 538 913 330 665 945 599 134 1043 648 440 249 346 578 620 318 613 679 640 908 917 329 561 910 861 674 857 915 444 452 311 488 691 492 914 881 575 594 903 753 920 253 358 320 0 645 597 885 210 670 649 888 696
297 243 554 722 417 307 360 95 355 107 569 588 773 268 471 682 315 337 729 469 435 446 725 562 353 279 649 745 141 425 718 418 483 345 332 341 729 407 336 516 479 512 339 261 271 710 360 495 228 542 305 156 399 327 537 517 844 368 378 645 0 94 359 610 475 454 312 501
361 308 618 674 481 371 424 80 419 172 633 540 725 332 535 634 379 401 681 534 500 510 677 627 417 343 601 697 205 489 670 482 548 410 396 405 681 472 400 580 543 576 403 213 319 662 425 560 292 606 369 221 463 391 601 581 796 423 330 597 94 0 424 562 539 518 376 565
325 398 227 962 90 202 255 379 553 392 242 828 1013 516 570 922 563 232 969 252 109 472 965 236 410 510 889 985 425 357 958 351 240 402 227 236 969 433 74 190 276 186 234 590 519 950 459 268 476 215 200 441 336 222 210 190 1084 566 673 885 359 424 0 850 313 386 207 339
598 536 735 152 794 847 901 595 332 574 750 69 203 437 563 112 503 877 159 630 910 564 290 1008 612 404 130 175 542 585 147 578 643 604 872 881 158 526 875 826 639 822 880 409 417 140 452 655 457 879 846 540 559 867 718 885 409 323 285 210 610 562 850 0 635 614 852 661
280 266 198 747 257 482 536 495 338 397 213 613 798 383 355 707 393 512 754 93 373 257 750 471 263 295 674 770 365 142 743 136 107 255 507 516 754 218 338 289 102 285 515 522 386 735 244 119 343 342 481 363 121 502 181 348 869 351 459 670 475 539 313 635 0 171 487 99
259 245 271 726 330 508 561 474 317 376 286 592 777 362 334 686 372 538 733 166 446 236 729 544 242 274 653 749 344 49 722 56 180 234 533 542 733 197 412 362 175 358 541 501 365 714 223 192 322 415 506 342 100 528 254 422 848 330 438 649 454 518 386 614 171 0 513 197
277 350 402 965 265 34 88 332 555 344 417 831 1016 468 604 925 515 64 972 426 283 505 968 410 363 479 892 988 377 484 960 478 414 355 60 69 972 467 184 364 450 360 67 542 471 953 493 442 428 390 44 393 458 55 385 365 1087 568 625 888 312 376 207 852 487 513 0 513
306 292 224 773 283 508 562 521 364 423 239 639 824 409 381 733 419 538 780 119 399 283 776 497 289 321 700 796 391 168 769 162 133 281 533 542 780 244 364 315 128 311 541 548 412 761 270 145 369 368 507 389 147 528 207 374 895 377 485 696 501 565 339 661 99 197 513 0
EOF