NAME : tsp_problem
TYPE : TSP
DIMENSION : 80
EDGE_WEIGHT_TYPE : EXPLICIT
EDGE_WEIGHT_FORMAT : FULL_MATRIX
EDGE_WEIGHT_SECTION
0 264 214 332 259 507 609 71 381 222 576 406 78 205 179 259 693 339 328 295 277 138 94 203 200 741 350 673 226 444 185 308 256 535 131 117 235 680 639 309 508 199 142 213 205 134 186 147 228 360 671 179 281 308 702 232 535 699 114 165 773 292 107 557 596 200 197 564 329 631 660 685 174 462 249 695 281 763 600 644
264 0 340 458 323 277 379 253 586 286 347 532 237 190 243 58 463 544 392 500 403 264 221 188 263 512 555 444 290 570 116 513 320 306 167 193 361 451 410 435 279 325 268 277 410 179 131 211 354 486 442 130 266 106 472 191 661 470 319 229 543 90 233 328 367 326 323 335 534 401 431 456 379 588 234 466 266 534 371 415
214 340 0 315 445 583 685 258 568 408 653 389 188 282 365 336 769 526 514 481 261 129 281 280 386 818 537 750 413 427 262 495 443 612 208 304 219 757 716 293 585 45 93 400 391 321 321 334 212 343 748 255 358 384 778 381 518 776 300 351 849 368 143 634 673 183 181 641 482 707 737 762 361 445 326 772 358 840 677 721
332 458 315 0 563 701 803 375 453 526 770 227 305 400 483 453 887 411 611 366 243 246 398 397 504 935 422 868 530 265 379 380 560 730 325 421 201 875 833 130 702 300 243 517 432 438 439 452 235 41 865 373 475 502 896 499 356 894 418 469 967 486 260 751 790 207 169 758 320 825 854 879 467 283 443 890 475 957 794 839
259 323 445 563 0 565 667 225 345 167 635 522 309 363 215 318 751 303 114 259 508 369 193 360 235 800 314 732 99 555 289 272 64 594 339 165 466 739 698 540 567 429 373 110 192 170 222 183 459 591 730 303 439 367 760 268 699 758 282 125 831 350 338 616 655 431 428 623 293 689 719 744 227 519 407 754 439 822 659 703
507 277 583 701 565 0 132 496 829 529 99 775 480 433 390 288 216 787 525 743 646 507 464 431 383 264 798 197 533 813 359 756 563 59 410 436 604 204 162 678 54 568 511 520 653 422 374 417 597 729 194 373 509 237 225 434 904 222 562 472 332 249 476 80 156 569 566 87 777 154 183 208 622 831 477 255 509 323 123 168
609 379 685 803 667 132 0 598 931 630 57 877 582 535 492 390 182 889 626 844 748 609 566 532 485 231 900 163 635 915 461 858 665 113 511 538 706 170 129 780 143 669 613 622 755 524 476 519 699 831 161 475 611 338 191 536 1006 189 664 574 434 351 578 76 258 671 668 95 879 63 150 175 724 933 579 357 611 425 178 134
71 253 258 375 225 496 598 0 370 188 565 449 121 249 145 249 682 328 294 284 320 181 84 246 166 730 340 663 193 487 219 297 222 525 174 96 278 670 628 352 497 242 185 179 194 101 153 114 272 403 660 222 324 297 691 199 578 689 103 131 762 281 150 546 586 243 241 553 318 620 649 674 163 505 293 685 324 752 589 634
381 586 568 453 345 829 931 370 0 467 898 398 431 559 478 582 1015 59 379 112 543 491 394 556 499 1063 70 996 364 431 538 102 329 858 484 416 500 1003 961 430 830 552 495 375 200 434 486 447 535 481 993 532 634 630 1024 532 575 1022 290 425 1095 614 460 879 919 507 469 886 169 953 982 1007 235 395 603 1018 634 1085 922 967
222 286 408 526 167 529 630 188 467 0 598 600 272 326 178 281 715 425 236 380 471 332 157 323 199 763 436 695 135 638 252 394 164 557 302 128 429 702 661 503 530 393 336 122 314 133 185 146 422 554 693 266 402 330 723 231 729 721 254 88 795 313 301 579 618 394 391 586 415 652 682 707 314 641 370 717 402 785 622 666
576 347 653 770 635 99 57 565 898 598 0 844 549 502 459 357 150 856 594 812 715 576 534 500 452 198 868 130 602 882 428 825 632 81 479 506 673 137 96 747 110 637 580 589 722 491 443 487 667 798 128 443 578 306 159 503 973 156 631 541 402 319 545 43 225 638 635 62 846 71 117 142 691 900 546 324 578 392 145 102
406 532 389 227 522 775 877 449 398 600 844 0 380 474 557 528 961 356 556 312 317 320 472 471 578 1009 367 942 541 71 453 325 506 804 399 495 275 949 907 204 776 374 317 552 377 512 513 526 309 255 939 447 549 576 970 573 349 968 468 543 1041 560 334 825 865 281 244 832 265 899 928 953 412 89 517 964 549 1031 868 913
78 237 188 305 309 480 582 121 431 272 549 380 0 179 229 233 666 389 378 345 251 112 144 176 250 714 401 647 276 417 159 358 306 509 104 167 209 654 613 283 482 172 116 263 255 184 218 198 202 334 645 152 255 281 675 278 508 673 164 215 746 265 80 531 570 174 171 537 379 604 633 659 224 435 223 669 255 737 574 618
205 190 282 400 363 433 535 249 559 326 502 474 179 0 283 186 619 517 432 472 345 206 262 47 304 667 528 600 331 511 112 486 360 462 108 234 303 607 566 377 435 266 210 317 382 219 171 252 296 428 598 105 103 234 628 231 603 626 291 269 699 218 174 483 523 268 265 490 506 557 586 612 351 530 72 622 103 690 527 571
179 243 365 483 215 390 492 145 478 178 459 557 229 283 0 238 576 436 284 392 428 289 114 281 56 624 448 557 182 595 209 405 212 419 260 86 386 564 523 460 392 350 293 169 302 90 143 90 379 511 555 223 359 274 585 188 686 583 211 121 656 271 258 440 480 351 348 447 426 514 543 569 271 613 327 579 359 647 484 528
259 58 336 453 318 288 390 249 582 281 357 528 233 186 238 0 474 539 387 495 399 260 217 183 259 522 551 454 286 565 111 508 315 317 162 189 357 461 420 431 289 320 264 272 405 174 126 207 350 482 452 126 261 102 483 186 656 480 314 224 554 86 228 338 377 322 319 345 529 412 441 466 374 583 230 476 261 544 381 425
693 463 769 887 751 216 182 682 1015 715 150 961 666 619 576 474 0 973 710 929 832 693 650 617 569 221 984 62 719 999 545 942 749 197 595 622 790 95 119 864 227 754 697 706 839 608 560 603 783 915 70 559 695 423 182 620 1090 48 748 658 518 435 662 160 342 755 752 179 963 204 74 52 808 1017 663 441 695 509 262 125
339 544 526 411 303 787 889 328 59 425 856 356 389 517 436 539 973 0 337 70 500 449 352 514 457 1021 28 954 322 389 496 60 287 816 442 374 458 961 919 388 788 510 453 333 158 392 444 405 493 439 951 490 592 588 982 489 533 980 248 383 1053 572 418 837 876 465 427 844 127 911 940 965 193 353 561 976 592 1043 880 925
328 392 514 611 114 525 626 294 379 236 594 556 378 432 284 387 710 337 0 293 577 438 262 429 304 759 348 691 133 589 358 306 98 553 408 234 535 698 657 588 526 498 442 144 226 239 291 252 528 639 689 372 508 408 719 337 733 717 317 194 790 419 407 575 614 500 497 582 327 648 678 703 261 554 476 713 508 781 618 662
295 500 481 366 259 743 844 284 112 380 812 312 345 472 392 495 929 70 293 0 456 405 307 470 413 977 81 909 277 345 452 61 242 771 398 330 414 916 875 344 744 466 409 288 114 347 399 360 449 394 907 446 548 544 937 445 488 935 204 338 1008 527 374 793 832 420 383 800 82 866 896 921 149 309 516 931 548 999 836 880
277 403 261 243 508 646 748 320 543 471 715 317 251 345 428 399 832 500 577 456 0 191 344 342 449 880 512 813 476 355 325 469 505 675 270 366 62 820 779 220 648 245 188 462 454 384 384 397 180 271 811 318 421 447 841 444 446 839 363 414 912 431 206 696 736 152 115 703 410 770 799 825 423 373 389 835 421 903 740 784
138 264 129 246 369 507 609 181 491 332 576 320 112 206 289 260 693 449 438 405 191 0 204 203 310 741 461 674 337 358 185 418 366 536 131 227 149 681 639 223 508 113 56 323 315 244 245 258 143 274 671 179 281 308 702 305 449 700 224 275 773 292 66 557 597 114 111 564 413 631 660 685 284 376 250 696 281 763 600 645
94 221 281 398 193 464 566 84 394 157 534 472 144 262 114 217 650 352 262 307 344 204 0 259 134 699 363 631 161 510 187 321 191 493 197 64 302 638 597 376 466 265 208 148 217 69 121 82 295 426 629 202 338 265 659 167 601 657 126 100 730 249 173 515 554 267 264 522 341 588 618 643 186 528 306 653 338 721 558 602
203 188 280 397 360 431 532 246 556 323 500 471 176 47 281 183 617 514 429 470 342 203 259 0 301 665 525 597 328 509 109 483 358 459 106 231 300 604 563 374 432 264 207 315 380 217 169 249 293 425 595 102 112 232 625 229 600 623 289 267 697 215 172 481 520 265 262 488 504 554 584 609 349 527 80 619 112 687 524 568
200 263 386 504 235 383 485 166 499 199 452 578 250 304 56 259 569 457 304 413 449 310 134 301 0 617 468 549 203 616 229 426 233 412 280 106 407 557 515 481 384 370 314 190 323 111 163 83 400 532 547 244 380 267 578 209 707 575 232 142 649 279 278 433 472 372 369 440 447 507 536 561 292 634 348 572 380 639 476 521
741 512 818 935 800 264 231 730 1063 763 198 1009 714 667 624 522 221 1021 759 977 880 741 699 665 617 0 1032 202 767 1047 593 990 797 246 644 670 838 209 125 912 275 802 745 754 887 656 608 652 832 963 200 607 743 471 94 668 1138 228 796 706 567 483 710 208 390 803 800 227 1011 253 188 214 856 1065 711 489 743 557 310 120
350 555 537 422 314 798 900 340 70 436 868 367 401 528 448 551 984 28 348 81 512 461 363 525 468 1032 0 965 333 400 508 71 298 827 454 386 470 972 931 399 800 521 465 344 170 403 455 416 504 450 963 501 604 599 993 501 544 991 260 394 1064 583 429 849 888 476 438 855 138 922 951 977 204 365 572 987 604 1055 892 936
673 444 750 868 732 197 163 663 996 695 130 942 647 600 557 454 62 954 691 909 813 674 631 597 549 202 965 0 700 979 525 923 729 178 576 603 771 76 100 845 208 734 678 687 819 588 540 584 764 896 61 540 675 403 162 600 1071 69 728 638 499 416 642 141 323 736 733 160 943 185 54 73 788 998 644 422 676 490 243 105
226 290 413 530 99 533 635 193 364 135 602 541 276 331 182 286 719 322 133 277 476 337 161 328 203 767 333 700 0 574 256 291 82 562 307 133 434 707 666 508 535 397 341 126 211 138 190 151 427 559 698 271 406 334 728 236 717 726 258 93 799 318 305 584 623 399 396 590 312 657 686 712 246 538 375 722 406 790 627 671
444 570 427 265 555 813 915 487 431 638 882 71 417 511 595 565 999 389 589 345 355 358 510 509 616 1047 400 979 574 0 491 358 539 842 437 533 313 987 945 242 814 411 355 585 410 550 551 563 347 293 977 485 587 614 1008 611 341 1005 501 581 1079 598 372 863 902 319 281 870 298 937 966 991 445 66 555 1002 587 1069 906 951
185 116 262 379 289 359 461 219 538 252 428 453 159 112 209 111 545 496 358 452 325 185 187 109 229 593 508 525 256 491 0 465 286 388 88 159 282 532 491 357 360 246 189 243 362 145 97 177 276 407 523 67 187 160 554 157 582 551 271 195 625 144 154 409 448 247 245 416 486 483 512 537 331 509 155 547 187 615 452 497
308 513 495 380 272 756 858 297 102 394 825 325 358 486 405 508 942 60 306 61 469 418 321 483 426 990 71 923 291 358 465 0 256 785 411 343 427 930 888 357 757 479 422 302 127 360 413 374 462 408 920 459 561 557 951 458 502 949 217 352 1022 541 387 806 845 434 396 813 96 880 909 934 162 322 530 945 561 1012 849 894
256 320 443 560 64 563 665 222 329 164 632 506 306 360 212 315 749 287 98 242 505 366 191 358 233 797 298 729 82 539 286 256 0 592 337 163 463 736 695 537 564 427 370 94 176 167 220 181 456 588 727 300 436 364 758 265 682 755 266 122 829 348 335 613 652 428 425 620 276 687 716 741 211 503 404 751 436 819 656 700
535 306 612 730 594 59 113 525 858 557 81 804 509 462 419 317 197 816 553 771 675 536 493 459 412 246 827 178 562 842 388 785 592 0 438 465 633 185 144 707 70 596 540 549 681 450 402 446 626 758 176 402 538 265 206 463 933 204 590 500 361 278 504 62 185 598 595 69 805 135 165 190 650 860 506 284 538 352 77 149
131 167 208 325 339 410 511 174 484 302 479 399 104 108 260 162 595 442 408 398 270 131 197 106 280 644 454 576 307 437 88 411 337 438 0 210 228 583 542 302 411 192 135 294 308 195 148 228 222 353 574 81 184 211 604 208 528 602 217 245 675 194 100 460 499 193 190 467 432 533 563 588 277 455 152 598 184 666 503 547
117 193 304 421 165 436 538 96 416 128 506 495 167 234 86 189 622 374 234 330 366 227 64 231 106 670 386 603 133 533 159 343 163 465 210 0 324 610 569 398 438 288 231 120 240 41 93 54 318 449 601 174 309 237 631 139 624 629 149 72 702 221 196 487 526 289 286 493 364 560 589 615 209 551 278 625 309 693 530 574
235 361 219 201 466 604 706 278 500 429 673 275 209 303 386 357 790 458 535 414 62 149 302 300 407 838 470 771 434 313 282 427 463 633 228 324 0 778 737 178 606 203 146 420 412 341 342 355 138 229 769 276 378 405 799 402 404 797 321 372 870 389 164 654 694 110 73 661 368 728 757 783 381 331 347 793 378 861 697 742
680 451 757 875 739 204 170 670 1003 702 137 949 654 607 564 461 95 961 698 916 820 681 638 604 557 209 972 76 707 987 532 930 736 185 583 610 778 0 107 852 215 741 685 694 826 595 547 591 771 903 74 547 683 410 169 607 1078 102 735 645 506 423 649 148 330 743 740 167 950 192 67 88 795 1005 651 429 683 497 250 112
639 410 716 833 698 162 129 628 961 661 96 907 613 566 523 420 119 919 657 875 779 639 597 563 515 125 931 100 666 945 491 888 695 144 542 569 737 107 0 811 174 700 643 652 785 554 506 550 730 861 98 506 641 369 86 566 1036 126 694 604 465 382 608 107 288 702 699 126 909 151 87 112 754 963 609 388 641 455 208 49
309 435 293 130 540 678 780 352 430 503 747 204 283 377 460 431 864 388 588 344 220 223 376 374 481 912 399 845 508 242 357 357 537 707 302 398 178 852 811 0 680 277 220 494 409 416 416 429 212 158 843 350 453 479 873 476 333 871 395 446 944 463 238 728 768 184 147 735 297 802 831 857 444 260 421 867 453 935 772 816
508 279 585 702 567 54 143 497 830 530 110 776 482 435 392 289 227 788 526 744 648 508 466 432 384 275 800 208 535 814 360 757 564 70 411 438 606 215 174 680 0 569 512 521 654 423 375 419 599 730 206 375 510 238 236 435 905 234 563 473 334 251 477 91 157 571 568 98 778 165 194 220 623 832 478 257 510 324 135 179
199 325 45 300 429 568 669 242 552 393 637 374 172 266 350 320 754 510 498 466 245 113 265 264 370 802 521 734 397 411 246 479 427 596 192 288 203 741 700 277 569 0 77 384 376 305 306 318 196 328 732 239 342 369 762 366 503 760 285 336 834 352 127 618 657 168 165 625 466 691 721 746 345 430 310 756 342 824 661 705
142 268 93 243 373 511 613 185 495 336 580 317 116 210 293 264 697 453 442 409 188 56 208 207 314 745 465 678 341 355 189 422 370 540 135 231 146 685 643 220 512 77 0 327 319 248 249 262 139 271 675 183 285 312 706 309 446 704 228 279 777 296 71 561 601 111 108 568 410 635 664 690 288 373 254 700 285 768 604 649
213 277 400 517 110 520 622 179 375 122 589 552 263 317 169 272 706 333 144 288 462 323 148 315 190 754 344 687 126 585 243 302 94 549 294 120 420 694 652 494 521 384 327 0 222 125 177 138 414 545 684 257 393 321 715 222 720 713 245 79 786 305 292 570 609 385 382 577 323 644 673 698 257 549 361 709 393 776 613 658
205 410 391 432 192 653 755 194 200 314 722 377 255 382 302 405 839 158 226 114 454 315 217 380 323 887 170 819 211 410 362 127 176 681 308 240 412 826 785 409 654 376 319 222 0 257 310 271 405 460 817 356 458 454 848 355 554 845 114 272 919 438 284 703 742 377 374 710 148 777 806 831 82 375 426 841 458 909 746 790
134 179 321 438 170 422 524 101 434 133 491 512 184 219 90 174 608 392 239 347 384 244 69 217 111 656 403 588 138 550 145 360 167 450 195 41 341 595 554 416 423 305 248 125 257 0 79 59 335 466 586 159 295 223 617 124 641 614 166 76 688 207 213 472 511 306 304 479 381 546 575 600 226 568 263 610 295 678 515 559
186 131 321 439 222 374 476 153 486 185 443 513 218 171 143 126 560 444 291 399 384 245 121 169 163 608 455 540 190 551 97 413 220 402 148 93 342 547 506 416 375 306 249 177 310 79 0 111 335 467 538 111 247 175 569 91 642 566 219 129 640 159 214 424 463 307 304 431 434 498 527 552 279 569 215 562 247 630 467 511
147 211 334 452 183 417 519 114 447 146 487 526 198 252 90 207 603 405 252 360 397 258 82 249 83 652 416 584 151 563 177 374 181 446 228 54 355 591 550 429 419 318 262 138 271 59 111 0 348 480 582 192 327 255 612 157 655 610 180 90 683 239 226 468 507 320 317 475 395 541 571 596 240 582 296 606 327 674 511 555
228 354 212 235 459 597 699 272 535 422 667 309 202 296 379 350 783 493 528 449 180 143 295 293 400 832 504 764 427 347 276 462 456 626 222 318 138 771 730 212 599 196 139 414 405 335 335 348 0 263 762 269 372 398 792 395 438 790 314 365 863 382 157 648 687 69 100 654 402 721 751 776 374 365 340 786 372 854 691 735
360 486 343 41 591 729 831 403 481 554 798 255 334 428 511 482 915 439 639 394 271 274 426 425 532 963 450 896 559 293 407 408 588 758 353 449 229 903 861 158 730 328 271 545 460 466 467 480 263 0 893 401 503 530 924 527 384 922 446 497 995 514 288 779 819 235 198 786 348 853 882 907 495 311 472 918 503 985 822 867
671 442 748 865 730 194 161 660 993 693 128 939 645 598 555 452 70 951 689 907 811 671 629 595 547 200 963 61 698 977 523 920 727 176 574 601 769 74 98 843 206 732 675 684 817 586 538 582 762 893 0 538 673 401 160 598 1068 76 726 636 497 414 640 139 321 734 731 158 941 183 52 73 786 995 641 420 673 487 240 103
179 130 255 373 303 373 475 222 532 266 443 447 152 105 223 126 559 490 372 446 318 179 202 102 244 607 501 540 271 485 67 459 300 402 81 174 276 547 506 350 375 239 183 257 356 159 111 192 269 401 538 0 181 174 568 171 576 566 265 209 639 158 148 424 463 241 238 430 480 497 526 552 325 503 149 562 181 630 467 511
281 266 358 475 439 509 611 324 634 402 578 549 255 103 359 261 695 592 508 548 421 281 338 112 380 743 604 675 406 587 187 561 436 538 184 309 378 683 641 453 510 342 285 393 458 295 247 327 372 503 673 181 0 310 704 307 678 701 367 345 775 294 250 559 598 343 341 566 582 633 662 687 427 605 72 698 100 765 602 647
308 106 384 502 367 237 338 297 630 330 306 576 281 234 274 102 423 588 408 544 447 308 265 232 267 471 599 403 334 614 160 557 364 265 211 237 405 410 369 479 238 369 312 321 454 223 175 255 398 530 401 174 310 0 432 235 705 429 363 273 503 127 277 287 326 370 367 294 578 361 390 415 423 632 278 425 310 493 330 374
702 472 778 896 760 225 191 691 1024 723 159 970 675 628 585 483 182 982 719 937 841 702 659 625 578 94 993 162 728 1008 554 951 758 206 604 631 799 169 86 873 236 762 706 715 848 617 569 612 792 924 160 568 704 432 0 629 1099 188 757 667 527 444 671 169 351 764 761 188 972 213 149 174 817 1026 672 450 704 518 271 81
232 191 381 499 268 434 536 199 532 231 503 573 278 231 188 186 620 489 337 445 444 305 167 229 209 668 501 600 236 611 157 458 265 463 208 139 402 607 566 476 435 366 309 222 355 124 91 157 395 527 598 171 307 235 629 0 702 626 264 174 700 219 274 484 523 367 364 491 479 558 587 612 324 629 275 622 307 690 527 572
535 661 518 356 699 904 1006 578 575 729 973 349 508 603 686 656 1090 533 733 488 446 449 601 600 707 1138 544 1071 717 341 582 502 682 933 528 624 404 1078 1036 333 905 503 446 720 554 641 642 655 438 384 1068 576 678 705 1099 702 0 1097 621 672 1170 689 463 954 993 410 372 961 442 1028 1057 1082 589 305 646 1093 678 1160 997 1042
699 470 776 894 758 222 189 689 1022 721 156 968 673 626 583 480 48 980 717 935 839 700 657 623 575 228 991 69 726 1005 551 949 755 204 602 629 797 102 126 871 234 760 704 713 845 614 566 610 790 922 76 566 701 429 188 626 1097 0 754 664 525 442 668 167 349 762 759 186 969 211 80 59 814 1024 670 448 701 516 269 131
114 319 300 418 282 562 664 103 290 254 631 468 164 291 211 314 748 248 317 204 363 224 126 289 232 796 260 728 258 501 271 217 266 590 217 149 321 735 694 395 563 285 228 245 114 166 219 180 314 446 726 265 367 363 757 264 621 754 0 197 828 347 193 612 651 286 283 619 238 686 715 740 83 465 335 750 367 818 655 699
165 229 351 469 125 472 574 131 425 88 541 543 215 269 121 224 658 383 194 338 414 275 100 267 142 706 394 638 93 581 195 352 122 500 245 72 372 645 604 446 473 336 279 79 272 76 129 90 365 497 636 209 345 273 667 174 672 664 197 0 738 257 244 522 561 337 334 529 373 596 625 650 257 599 313 660 345 728 565 609
773 543 849 967 831 332 434 762 1095 795 402 1041 746 699 656 554 518 1053 790 1008 912 773 730 697 649 567 1064 499 799 1079 625 1022 829 361 675 702 870 506 465 944 334 834 777 786 919 688 640 683 863 995 497 639 775 503 527 700 1170 525 828 738 0 515 742 383 230 835 832 390 1043 456 486 511 888 1097 743 212 775 280 426 470
292 90 368 486 350 249 351 281 614 313 319 560 265 218 271 86 435 572 419 527 431 292 249 215 279 483 583 416 318 598 144 541 348 278 194 221 389 423 382 463 251 352 296 305 438 207 159 239 382 514 414 158 294 127 444 219 689 442 347 257 515 0 261 300 339 354 351 306 562 373 402 428 407 616 262 438 294 506 343 387
107 233 143 260 338 476 578 150 460 301 545 334 80 174 258 228 662 418 407 374 206 66 173 172 278 710 429 642 305 372 154 387 335 504 100 196 164 649 608 238 477 127 71 292 284 213 214 226 157 288 640 148 250 277 671 274 463 668 193 244 742 261 0 526 565 129 126 533 408 600 629 654 253 390 218 664 250 732 569 613
557 328 634 751 616 80 76 546 879 579 43 825 531 483 440 338 160 837 575 793 696 557 515 481 433 208 849 141 584 863 409 806 613 62 460 487 654 148 107 728 91 618 561 570 703 472 424 468 648 779 139 424 559 287 169 484 954 167 612 522 383 300 526 0 206 619 616 73 827 98 127 153 672 881 527 305 559 373 126 112
596 367 673 790 655 156 258 586 919 618 225 865 570 523 480 377 342 876 614 832 736 597 554 520 472 390 888 323 623 902 448 845 652 185 499 526 694 330 288 768 157 657 601 609 742 511 463 507 687 819 321 463 598 326 351 523 993 349 651 561 230 339 565 206 0 659 656 213 866 280 309 335 711 920 567 153 598 221 249 294
200 326 183 207 431 569 671 243 507 394 638 281 174 268 351 322 755 465 500 420 152 114 267 265 372 803 476 736 399 319 247 434 428 598 193 289 110 743 702 184 571 168 111 385 377 306 307 320 69 235 734 241 343 370 764 367 410 762 286 337 835 354 129 619 659 0 72 626 374 693 722 748 346 337 312 758 343 826 662 707
197 323 181 169 428 566 668 241 469 391 635 244 171 265 348 319 752 427 497 383 115 111 264 262 369 800 438 733 396 281 245 396 425 595 190 286 73 740 699 147 568 165 108 382 374 304 304 317 100 198 731 238 341 367 761 364 372 759 283 334 832 351 126 616 656 72 0 623 336 690 719 745 343 299 309 755 341 823 660 704
564 335 641 758 623 87 95 553 886 586 62 832 537 490 447 345 179 844 582 800 703 564 522 488 440 227 855 160 590 870 416 813 620 69 467 493 661 167 126 735 98 625 568 577 710 479 431 475 654 786 158 430 566 294 188 491 961 186 619 529 390 306 533 73 213 626 623 0 834 117 146 172 679 888 534 312 566 380 133 131
329 534 482 320 293 777 879 318 169 415 846 265 379 506 426 529 963 127 327 82 410 413 341 504 447 1011 138 943 312 298 486 96 276 805 432 364 368 950 909 297 778 466 410 323 148 381 434 395 402 348 941 480 582 578 972 479 442 969 238 373 1043 562 408 827 866 374 336 834 0 901 930 955 183 263 550 965 582 1033 870 914
631 401 707 825 689 154 63 620 953 652 71 899 604 557 514 412 204 911 648 866 770 631 588 554 507 253 922 185 657 937 483 880 687 135 533 560 728 192 151 802 165 691 635 644 777 546 498 541 721 853 183 497 633 361 213 558 1028 211 686 596 456 373 600 98 280 693 690 117 901 0 172 197 746 955 601 379 633 447 200 156
660 431 737 854 719 183 150 649 982 682 117 928 633 586 543 441 74 940 678 896 799 660 618 584 536 188 951 54 686 966 512 909 716 165 563 589 757 67 87 831 194 721 664 673 806 575 527 571 751 882 52 526 662 390 149 587 1057 80 715 625 486 402 629 127 309 722 719 146 930 172 0 66 775 984 630 408 662 476 229 92
685 456 762 879 744 208 175 674 1007 707 142 953 659 612 569 466 52 965 703 921 825 685 643 609 561 214 977 73 712 991 537 934 741 190 588 615 783 88 112 857 220 746 690 698 831 600 552 596 776 907 73 552 687 415 174 612 1082 59 740 650 511 428 654 153 335 748 745 172 955 197 66 0 800 1009 656 434 687 501 254 117
174 379 361 467 227 622 724 163 235 314 691 412 224 351 271 374 808 193 261 149 423 284 186 349 292 856 204 788 246 445 331 162 211 650 277 209 381 795 754 444 623 345 288 257 82 226 279 240 374 495 786 325 427 423 817 324 589 814 83 257 888 407 253 672 711 346 343 679 183 746 775 800 0 409 395 810 427 878 715 759
462 588 445 283 519 831 933 505 395 641 900 89 435 530 613 583 1017 353 554 309 373 376 528 527 634 1065 365 998 538 66 509 322 503 860 455 551 331 1005 963 260 832 430 373 549 375 568 569 582 365 311 995 503 605 632 1026 629 305 1024 465 599 1097 616 390 881 920 337 299 888 263 955 984 1009 409 0 573 1020 605 1087 924 969
249 234 326 443 407 477 579 293 603 370 546 517 223 72 327 230 663 561 476 516 389 250 306 80 348 711 572 644 375 555 155 530 404 506 152 278 347 651 609 421 478 310 254 361 426 263 215 296 340 472 641 149 72 278 672 275 646 670 335 313 743 262 218 527 567 312 309 534 550 601 630 656 395 573 0 666 118 734 570 615
695 466 772 890 754 255 357 685 1018 717 324 964 669 622 579 476 441 976 713 931 835 696 653 619 572 489 987 422 722 1002 547 945 751 284 598 625 793 429 388 867 257 756 700 709 841 610 562 606 786 918 420 562 698 425 450 622 1093 448 750 660 212 438 664 305 153 758 755 312 965 379 408 434 810 1020 666 0 698 122 349 393
281 266 358 475 439 509 611 324 634 402 578 549 255 103 359 261 695 592 508 548 421 281 338 112 380 743 604 676 406 587 187 561 436 538 184 309 378 683 641 453 510 342 285 393 458 295 247 327 372 503 673 181 100 310 704 307 678 701 367 345 775 294 250 559 598 343 341 566 582 633 662 687 427 605 118 698 0 765 602 647
763 534 840 957 822 323 425 752 1085 785 392 1031 737 690 647 544 509 1043 781 999 903 763 721 687 639 557 1055 490 790 1069 615 1012 819 352 666 693 861 497 455 935 324 824 768 776 909 678 630 674 854 985 487 630 765 493 518 690 1160 516 818 728 280 506 732 373 221 826 823 380 1033 447 476 501 878 1087 734 122 765 0 416 461
600 371 677 794 659 123 178 589 922 622 145 868 574 527 484 381 262 880 618 836 740 600 558 524 476 310 892 243 627 906 452 849 656 77 503 530 697 250 208 772 135 661 604 613 746 515 467 511 691 822 240 467 602 330 271 527 997 269 655 565 426 343 569 126 249 662 660 133 870 200 229 254 715 924 570 349 602 416 0 214
644 415 721 839 703 168 134 634 967 666 102 913 618 571 528 425 125 925 662 880 784 645 602 568 521 120 936 105 671 951 497 894 700 149 547 574 742 112 49 816 179 705 649 658 790 559 511 555 735 867 103 511 647 374 81 572 1042 131 699 609 470 387 613 112 294 707 704 131 914 156 92 117 759 969 615 393 647 461 214 0
EOF