NAME : tsp_problem
TYPE : TSP
DIMENSION : 32
EDGE_WEIGHT_TYPE : EXPLICIT
EDGE_WEIGHT_FORMAT : FULL_MATRIX
EDGE_WEIGHT_SECTION
0 113 802 697 709 778 132 560 625 658 1006 825 965 706 634 664 50 635 589 238 662 165 627 598 965 788 888 342 416 600 435 469
113 0 817 712 724 793 147 575 640 673 1021 840 980 721 649 679 99 650 604 253 677 83 642 613 981 803 903 357 431 615 450 484
802 817 0 233 131 128 700 404 520 380 356 175 315 200 388 294 788 358 453 612 197 869 381 462 315 446 309 492 554 464 533 502
697 712 233 0 140 209 595 299 415 275 436 256 396 136 283 189 683 253 348 507 67 764 276 357 396 442 390 387 449 359 428 397
709 724 131 140 0 106 607 311 426 287 334 154 294 107 295 200 695 265 360 519 104 776 288 369 294 425 288 399 461 371 440 409
778 793 128 209 106 0 676 380 496 356 331 70 291 176 364 269 764 334 429 588 173 845 357 438 291 422 285 468 530 440 509 478
132 147 700 595 607 676 0 458 523 556 904 723 864 604 532 562 117 533 487 136 560 198 525 496 864 686 786 240 314 498 333 367
560 575 404 299 311 380 458 0 145 161 608 427 567 308 103 266 546 149 310 370 264 627 96 319 501 262 357 250 179 321 158 127
625 640 520 415 426 496 523 145 0 276 723 543 683 423 219 381 610 265 374 434 379 691 211 383 474 195 331 314 244 386 223 191
658 673 380 275 287 356 556 161 276 0 584 403 544 284 94 242 643 57 308 467 240 724 87 317 492 253 349 347 310 320 290 258
1006 1021 356 436 334 331 904 608 723 584 0 379 167 404 592 497 991 562 656 815 401 1072 584 665 305 569 432 695 757 668 737 705
825 840 175 256 154 70 723 427 543 403 379 0 338 223 411 317 811 381 476 635 220 892 404 485 338 469 332 515 577 487 556 525
965 980 315 396 294 291 864 567 683 544 167 338 0 363 551 457 951 521 616 775 361 1032 544 625 324 528 391 655 717 627 696 665
706 721 200 136 107 176 604 308 423 284 404 223 363 0 292 197 691 262 357 515 101 773 284 366 363 450 358 395 458 368 437 405
634 649 388 283 295 364 532 103 219 94 592 411 551 292 0 250 620 108 316 444 248 701 30 325 421 182 277 324 253 327 232 201
664 679 294 189 200 269 562 266 381 242 497 317 457 197 250 0 650 220 315 474 153 731 243 324 457 408 451 354 416 326 395 364
50 99 788 683 695 764 117 546 610 643 991 811 951 691 620 650 0 621 574 223 647 150 612 583 951 774 874 328 401 586 420 454
635 650 358 253 265 334 533 149 265 57 562 381 521 262 108 220 621 0 286 445 218 702 100 295 505 266 362 325 299 297 278 247
589 604 453 348 360 429 487 310 374 308 656 476 616 357 316 315 574 286 0 398 313 656 309 44 616 474 570 278 409 55 388 356
238 253 612 507 519 588 136 370 434 467 815 635 775 515 444 474 223 445 398 0 471 304 436 407 775 597 698 152 225 410 244 278
662 677 197 67 104 173 560 264 379 240 401 220 361 101 248 153 647 218 313 471 0 729 240 322 361 406 355 351 414 324 393 361
165 83 869 764 776 845 198 627 691 724 1072 892 1032 773 701 731 150 702 656 304 729 0 693 664 1032 855 955 409 482 667 501 535
627 642 381 276 288 357 525 96 211 87 584 404 544 284 30 243 612 100 309 436 240 693 0 317 427 188 284 316 246 320 225 194
598 613 462 357 369 438 496 319 383 317 665 485 625 366 325 324 583 295 44 407 322 664 317 0 625 483 579 287 417 46 397 365
965 981 315 396 294 291 864 501 474 492 305 338 324 363 421 457 951 505 616 775 361 1032 427 625 0 316 179 655 650 627 630 598
788 803 446 442 425 422 686 262 195 253 569 469 528 450 182 408 774 266 474 597 406 855 188 483 316 0 172 477 407 486 386 355
888 903 309 390 288 285 786 357 331 349 432 332 391 358 277 451 874 362 570 698 355 955 284 579 179 172 0 578 507 581 486 455
342 357 492 387 399 468 240 250 314 347 695 515 655 395 324 354 328 325 278 152 351 409 316 287 655 477 578 0 201 290 220 254
416 431 554 449 461 530 314 179 244 310 757 577 717 458 253 416 401 299 409 225 414 482 246 417 650 407 507 201 0 420 96 98
600 615 464 359 371 440 498 321 386 320 668 487 627 368 327 326 586 297 55 410 324 667 320 46 627 486 581 290 420 0 399 368
435 450 533 428 440 509 333 158 223 290 737 556 696 437 232 395 420 278 388 244 393 501 225 397 630 386 486 220 96 399 0 77
469 484 502 397 409 478 367 127 191 258 705 525 665 405 201 364 454 247 356 278 361 535 194 365 598 355 455 254 98 368 77 0
EOF