NAME : tsp_problem
TYPE : TSP
DIMENSION : 70
EDGE_WEIGHT_TYPE : EXPLICIT
EDGE_WEIGHT_FORMAT : FULL_MATRIX
EDGE_WEIGHT_SECTION
0 627 935 629 585 480 746 752 941 66 599 689 617 925 331 169 709 939 810 433 706 197 449 679 572 595 855 49 574 455 351 53 881 643 705 685 687 443 714 893 148 503 908 455 680 239 376 864 622 456 833 437 390 680 627 956 188 132 826 178 1014 792 199 508 687 492 911 105 896 640
627 0 366 304 119 180 277 271 372 645 174 222 343 356 337 595 140 369 343 774 239 710 211 213 247 128 389 620 82 210 319 632 312 215 238 219 220 220 247 426 662 180 339 206 252 433 283 397 338 218 367 299 273 213 302 387 702 645 257 604 547 326 713 183 220 188 342 560 327 212
935 366 0 642 457 488 258 252 49 953 512 513 403 33 644 903 272 47 449 1082 530 1018 519 464 585 466 303 927 390 518 627 940 160 360 530 510 512 528 497 403 970 488 67 513 505 740 590 422 398 536 472 585 581 504 639 100 1010 953 145 912 571 431 1020 520 457 496 190 867 175 367
629 304 642 0 261 254 521 527 648 647 274 364 546 632 338 597 416 645 485 776 381 712 414 355 122 270 531 621 348 412 408 634 587 417 381 361 362 423 389 568 664 278 614 408 454 434 284 539 540 219 509 494 275 355 40 663 704 647 533 606 689 468 714 157 362 390 618 561 603 414
585 119 457 261 0 210 368 362 463 603 131 138 434 447 295 553 231 460 260 732 156 668 302 129 204 45 305 578 173 300 364 590 402 305 155 135 137 311 164 343 620 234 429 296 343 391 240 314 428 175 283 390 231 129 259 477 660 603 348 562 463 242 671 140 137 278 402 518 417 302
480 180 488 254 210 0 299 305 494 497 223 313 324 478 189 447 262 491 435 627 331 563 192 304 197 220 480 472 127 191 259 485 433 195 330 310 312 201 339 518 514 56 460 186 233 285 135 489 319 80 458 280 125 305 252 509 554 498 379 457 638 417 565 133 312 169 464 412 449 193
746 277 258 521 368 299 0 159 264 764 423 471 178 248 455 714 183 261 492 893 488 829 330 462 464 377 346 739 265 329 436 751 203 135 488 468 470 339 496 446 781 299 230 324 280 552 401 465 173 347 515 360 392 462 518 278 821 764 149 723 615 474 832 399 469 307 233 678 218 142
752 271 252 527 362 305 159 0 258 770 417 465 184 242 461 720 177 255 486 899 482 835 336 456 470 371 340 745 271 335 442 757 197 141 482 462 464 345 490 441 787 305 224 330 286 558 407 459 179 353 509 366 398 456 524 272 827 770 143 729 609 468 838 405 463 313 227 685 213 148
941 372 49 648 463 494 264 258 0 959 518 519 410 28 650 909 278 41 455 1088 536 1024 525 470 591 472 309 934 396 524 633 946 166 367 536 516 518 534 503 409 976 494 73 520 512 747 596 428 404 542 478 591 587 510 646 106 1016 959 151 918 577 437 1027 527 463 502 196 874 181 373
66 645 953 647 603 497 764 770 959 0 616 706 634 943 348 187 727 956 827 450 723 214 466 697 590 612 873 66 591 473 368 71 898 660 722 702 704 460 731 910 166 521 925 472 697 256 394 881 640 473 850 455 407 697 644 973 206 149 844 196 1031 809 216 525 704 510 928 122 913 657
599 174 512 274 131 223 423 417 518 616 0 234 489 502 308 566 286 515 356 745 251 682 357 225 217 140 401 591 228 356 377 604 458 360 251 231 233 366 259 439 633 247 485 351 398 404 254 410 484 188 379 445 244 225 272 533 673 617 403 575 559 338 684 153 232 334 488 531 473 358
689 222 513 364 138 313 471 465 519 706 234 0 537 503 398 656 334 516 216 835 90 772 405 86 307 127 261 681 276 404 467 694 389 408 73 75 88 414 120 299 723 337 486 399 446 494 344 270 532 278 239 493 334 84 362 534 763 706 444 665 420 198 774 243 93 382 358 621 374 406
617 343 403 546 434 324 178 184 410 634 489 537 0 394 376 585 329 407 638 764 554 700 296 528 489 443 492 609 290 303 304 622 349 160 554 534 536 290 562 592 651 325 376 302 305 422 421 611 56 372 661 228 417 528 544 424 691 635 294 594 760 620 702 425 535 332 379 549 364 167
925 356 33 632 447 478 248 242 28 943 502 503 394 0 635 893 262 25 439 1072 521 1008 509 454 575 456 293 918 381 508 617 930 150 351 520 500 502 518 487 393 960 478 57 504 496 731 581 412 388 526 462 575 571 494 630 90 1000 943 135 902 562 421 1011 511 447 486 180 858 165 357
331 337 644 338 295 189 455 461 650 348 308 398 376 635 0 298 419 648 519 478 415 414 208 389 281 304 564 323 283 214 110 336 590 352 414 394 396 202 423 602 365 213 617 214 389 136 129 573 381 165 542 196 122 389 336 665 405 349 535 307 723 501 416 217 396 251 620 263 605 349
169 595 903 597 553 447 714 720 909 187 566 656 585 893 298 0 677 906 778 400 673 252 416 647 540 562 823 162 542 423 318 174 848 610 673 653 654 411 681 861 204 471 875 422 648 206 344 831 590 423 801 405 357 647 594 924 244 187 794 63 981 760 255 475 654 460 879 102 864 608
709 140 272 416 231 262 183 177 278 727 286 334 329 262 419 677 0 275 456 856 351 792 293 325 359 240 360 702 164 292 401 714 217 286 351 331 333 302 359 460 744 262 244 288 334 515 365 479 323 310 479 381 355 325 414 292 784 727 163 686 629 438 795 295 332 270 247 642 232 292
939 369 47 645 460 491 261 255 41 956 515 516 407 25 648 906 275 0 452 1085 534 1022 522 467 588 469 306 931 394 521 630 944 163 364 533 513 515 531 500 406 973 492 70 517 509 744 594 425 401 539 475 588 584 508 643 103 1013 957 148 915 575 434 1024 524 460 499 193 871 178 370
810 343 449 485 260 435 492 486 455 827 356 216 638 439 519 778 456 452 0 957 233 893 527 167 428 249 197 802 398 525 589 815 325 530 233 213 215 535 200 235 844 459 421 521 567 615 465 206 632 399 175 615 456 207 483 470 884 828 380 787 356 95 895 364 160 503 294 742 309 527
433 774 1082 776 732 627 893 899 1088 450 745 835 764 1072 478 400 856 1085 957 0 853 516 596 826 719 742 1002 425 721 602 498 438 1028 790 852 832 834 590 861 1040 467 650 1055 602 827 386 523 1011 769 602 980 584 537 826 774 1103 507 451 973 409 1160 939 518 655 834 639 1058 365 1043 787
706 239 530 381 156 331 488 482 536 723 251 90 554 521 415 673 351 534 233 853 0 789 422 103 324 144 279 698 294 421 485 711 407 426 65 67 80 431 137 316 740 354 503 417 463 511 361 287 549 295 257 510 351 76 379 551 780 724 461 682 437 216 791 260 110 399 376 638 391 423
197 710 1018 712 668 563 829 835 1024 214 682 772 700 1008 414 252 792 1022 893 516 789 0 532 762 655 678 938 189 657 539 434 202 964 726 788 768 770 526 797 976 88 586 991 538 763 322 459 947 705 539 916 520 473 763 710 1039 46 87 909 261 1097 875 188 591 770 575 994 188 979 723
449 211 519 414 302 192 330 336 525 466 357 405 296 509 208 416 293 522 527 596 422 532 0 396 357 311 572 441 158 94 136 454 465 227 422 402 404 104 430 610 483 193 492 90 264 254 253 581 302 240 550 116 267 396 411 540 523 467 410 426 730 509 534 292 403 72 495 381 480 224
679 213 464 355 129 304 462 456 470 697 225 86 528 454 389 647 325 467 167 826 103 762 396 0 298 118 212 672 267 394 458 684 340 399 102 82 84 405 71 250 714 328 436 390 437 485 335 221 523 269 190 484 325 77 353 485 754 697 395 656 370 149 765 234 44 373 309 612 324 397
572 247 585 122 204 197 464 470 591 590 217 307 489 575 281 540 359 588 428 719 324 655 357 298 0 213 474 564 291 355 351 577 530 360 324 304 305 366 332 511 607 221 557 351 397 377 227 482 483 162 452 437 218 298 120 606 647 590 476 549 632 411 657 100 305 333 561 504 546 357
595 128 466 270 45 220 377 371 472 612 140 127 443 456 304 562 240 469 249 742 144 678 311 118 213 0 294 587 182 310 373 600 412 315 144 124 126 320 152 332 629 243 439 306 352 400 250 303 438 184 272 399 240 118 268 487 669 613 357 571 452 231 680 149 125 288 391 527 406 312
855 389 303 531 305 480 346 340 309 873 401 261 492 293 564 823 360 306 197 1002 279 938 572 212 474 294 0 847 443 570 634 860 179 449 278 258 260 581 245 151 890 504 276 566 594 661 510 170 487 445 220 660 501 253 528 324 930 873 234 832 320 179 940 409 205 548 148 787 164 456
49 620 927 621 578 472 739 745 934 66 591 681 609 918 323 162 702 931 802 425 698 189 441 672 564 587 847 0 566 448 343 54 873 635 697 677 679 435 706 885 140 496 900 447 672 231 369 856 615 448 825 429 382 672 619 948 180 124 819 171 1006 784 191 500 679 485 903 97 888 632
574 82 390 348 173 127 265 271 396 591 228 276 290 381 283 542 164 394 398 721 294 657 158 267 291 182 443 566 0 156 266 579 336 161 293 273 275 167 302 481 608 127 363 152 198 379 229 452 284 175 421 246 220 267 346 411 648 592 281 551 601 380 659 227 275 134 366 506 351 158
455 210 518 412 300 191 329 335 524 473 356 404 303 508 214 423 292 521 525 602 421 539 94 394 355 310 570 448 156 0 143 460 463 225 420 400 402 103 429 608 490 191 490 88 262 261 260 579 308 239 548 123 273 395 410 538 530 473 409 432 729 507 541 291 402 71 493 388 478 222
351 319 627 408 364 259 436 442 633 368 377 467 304 617 110 318 401 630 589 498 485 434 136 458 351 373 634 343 266 143 0 356 573 335 484 464 466 130 492 672 385 282 600 142 372 156 155 643 310 234 612 125 169 458 406 648 425 369 518 328 792 571 436 287 465 180 603 283 588 332
53 632 940 634 590 485 751 757 946 71 604 694 622 930 336 174 714 944 815 438 711 202 454 684 577 600 860 54 579 460 356 0 886 648 710 690 692 448 719 898 153 508 913 460 685 244 381 869 627 461 838 442 395 685 632 961 193 137 831 183 1019 797 204 513 692 497 916 110 901 645
881 312 160 587 402 433 203 197 166 898 458 389 349 150 590 848 217 163 325 1028 407 964 465 340 530 412 179 873 336 463 573 886 0 306 406 386 388 473 373 279 915 434 133 459 451 686 536 298 343 482 348 531 526 380 585 181 955 899 91 858 447 307 966 466 333 441 136 813 121 313
643 215 360 417 305 195 135 141 367 660 360 408 160 351 352 610 286 364 530 790 426 726 227 399 360 315 449 635 161 225 335 648 306 0 425 405 407 235 434 549 677 196 333 221 177 448 298 568 155 243 553 315 288 400 415 381 717 661 251 619 717 512 728 296 407 203 336 575 321 124
705 238 530 381 155 330 488 482 536 722 251 73 554 520 414 673 351 533 233 852 65 788 422 102 324 144 278 697 293 420 484 710 406 425 0 50 63 430 136 316 739 354 502 416 462 510 360 287 548 294 256 510 351 58 378 550 779 723 460 682 436 215 790 259 109 398 375 637 390 422
685 219 510 361 135 310 468 462 516 702 231 75 534 500 394 653 331 513 213 832 67 768 402 82 304 124 258 677 273 400 464 690 386 405 50 0 65 410 116 296 719 334 482 396 442 490 340 267 528 274 236 490 331 61 358 530 760 703 440 662 416 195 770 239 89 378 355 617 370 402
687 220 512 362 137 312 470 464 518 704 233 88 536 502 396 654 333 515 215 834 80 770 404 84 305 126 260 679 275 402 466 692 388 407 63 65 0 412 118 298 721 335 484 398 444 492 342 269 530 276 238 492 332 74 360 532 761 705 442 664 418 197 772 241 91 380 357 619 372 404
443 220 528 423 311 201 339 345 534 460 366 414 290 518 202 411 302 531 535 590 431 526 104 405 366 320 581 435 167 103 130 448 473 235 430 410 412 0 439 618 477 201 500 99 273 248 247 589 296 249 558 111 261 405 420 549 517 461 419 420 739 517 528 301 412 81 504 375 489 233
714 247 497 389 164 339 496 490 503 731 259 120 562 487 423 681 359 500 200 861 137 797 430 71 332 152 245 706 302 429 492 719 373 434 136 116 118 439 0 283 748 362 470 425 471 519 369 254 557 303 223 518 359 111 387 518 788 732 428 690 404 182 799 268 77 407 342 646 358 431
893 426 403 568 343 518 446 441 409 910 439 299 592 393 602 861 460 406 235 1040 316 976 610 250 511 332 151 885 481 608 672 898 279 549 316 296 298 618 283 0 927 541 376 604 650 698 548 208 587 482 258 698 538 290 566 424 967 911 334 870 354 217 978 447 243 586 248 825 264 556
148 662 970 664 620 514 781 787 976 166 633 723 651 960 365 204 744 973 844 467 740 88 483 714 607 629 890 140 608 490 385 153 915 677 739 719 721 477 748 927 0 538 942 489 715 273 411 898 657 490 867 472 424 714 661 990 80 55 861 213 1048 827 140 542 721 527 945 139 930 674
503 180 488 278 234 56 299 305 494 521 247 337 325 478 213 471 262 492 459 650 354 586 193 328 221 243 504 496 127 191 282 508 434 196 354 334 335 201 362 541 538 0 461 187 233 309 159 512 319 104 482 280 149 328 275 509 578 521 379 480 662 441 589 156 335 169 464 436 449 193
908 339 67 614 429 460 230 224 73 925 485 486 376 57 617 875 244 70 421 1055 503 991 492 436 557 439 276 900 363 490 600 913 133 333 502 482 484 500 470 376 942 461 0 486 478 713 563 394 370 508 445 558 553 477 612 88 982 926 118 885 544 404 993 493 430 468 163 840 148 340
455 206 513 408 296 186 324 330 520 472 351 399 302 504 214 422 288 517 521 602 417 538 90 390 351 306 566 447 152 88 142 460 459 221 416 396 398 99 425 604 489 187 486 0 258 260 259 575 308 234 544 122 273 391 406 534 529 473 404 432 724 503 540 287 398 66 489 387 474 218
680 252 505 454 343 233 280 286 512 697 398 446 305 496 389 648 334 509 567 827 463 763 264 437 397 352 594 672 198 262 372 685 451 177 462 442 444 273 471 650 715 233 478 258 0 485 335 621 300 281 590 352 326 437 452 526 755 698 396 657 771 549 765 333 444 240 481 612 466 174
239 433 740 434 391 285 552 558 747 256 404 494 422 731 136 206 515 744 615 386 511 322 254 485 377 400 661 231 379 261 156 244 686 448 510 490 492 248 519 698 273 309 713 260 485 0 182 669 428 261 638 242 195 485 432 761 313 257 632 216 819 597 324 313 492 298 716 171 701 445
376 283 590 284 240 135 401 407 596 394 254 344 421 581 129 344 365 594 465 523 361 459 253 335 227 250 510 369 229 260 155 381 536 298 360 340 342 247 369 548 411 159 563 259 335 182 0 519 421 111 488 241 68 335 282 611 451 394 481 353 669 447 462 163 342 271 566 308 551 295
864 397 422 539 314 489 465 459 428 881 410 270 611 412 573 831 479 425 206 1011 287 947 581 221 482 303 170 856 452 579 643 869 298 568 287 267 269 589 254 208 898 512 394 575 621 669 519 0 605 453 229 669 509 261 537 442 938 882 352 841 186 188 949 418 214 557 267 796 282 575
622 338 398 540 428 319 173 179 404 640 484 532 56 388 381 590 323 401 632 769 549 705 302 523 483 438 487 615 284 308 310 627 343 155 548 528 530 296 557 587 657 319 370 308 300 428 421 605 0 367 656 233 412 523 538 419 697 640 289 599 755 615 708 419 530 326 374 555 359 162
456 218 536 219 175 80 347 353 542 473 188 278 372 526 165 423 310 539 399 602 295 539 240 269 162 184 445 448 175 239 234 461 482 243 294 274 276 249 303 482 490 104 508 234 281 261 111 453 367 0 422 321 101 269 216 557 530 474 427 432 603 381 541 97 276 217 512 388 497 241
833 367 472 509 283 458 515 509 478 850 379 239 661 462 542 801 479 475 175 980 257 916 550 190 452 272 220 825 421 548 612 838 348 553 256 236 238 558 223 258 867 482 445 544 590 638 488 229 656 422 0 638 479 230 506 493 907 851 403 810 379 157 918 387 183 526 317 765 332 550
437 299 585 494 390 280 360 366 591 455 445 493 228 575 196 405 381 588 615 584 510 520 116 484 437 399 660 429 246 123 125 442 531 315 510 490 492 111 518 698 472 280 558 122 352 242 241 669 233 321 638 0 255 484 492 606 512 455 476 414 818 597 522 373 491 160 561 369 546 312
390 273 581 275 231 125 392 398 587 407 244 334 417 571 122 357 355 584 456 537 351 473 267 325 218 240 501 382 220 273 169 395 526 288 351 331 332 261 359 538 424 149 553 273 326 195 68 509 412 101 479 255 0 325 272 601 464 408 472 366 659 438 475 153 332 262 557 322 542 286
680 213 504 355 129 305 462 456 510 697 225 84 528 494 389 647 325 508 207 826 76 763 396 77 298 118 253 672 267 395 458 685 380 400 58 61 74 405 111 290 714 328 477 391 437 485 335 261 523 269 230 484 325 0 353 525 754 698 435 656 411 189 765 234 84 373 349 612 365 397
627 302 639 40 259 252 518 524 646 644 272 362 544 630 336 594 414 643 483 774 379 710 411 353 120 268 528 619 346 410 406 632 585 415 378 358 360 420 387 566 661 275 612 406 452 432 282 537 538 216 506 492 272 353 0 660 701 645 531 604 687 465 712 155 360 388 615 559 600 412
956 387 100 663 477 509 278 272 106 973 533 534 424 90 665 924 292 103 470 1103 551 1039 540 485 606 487 324 948 411 538 648 961 181 381 550 530 532 549 518 424 990 509 88 534 526 761 611 442 419 557 493 606 601 525 660 0 1030 974 166 933 592 452 1041 541 478 516 211 888 196 388
188 702 1010 704 660 554 821 827 1016 206 673 763 691 1000 405 244 784 1013 884 507 780 46 523 754 647 669 930 180 648 530 425 193 955 717 779 760 761 517 788 967 80 578 982 529 755 313 451 938 697 530 907 512 464 754 701 1030 0 79 901 253 1088 867 180 582 761 567 985 179 971 714
132 645 953 647 603 498 764 770 959 149 617 706 635 943 349 187 727 957 828 451 724 87 467 697 590 613 873 124 592 473 369 137 899 661 723 703 705 461 732 911 55 521 926 473 698 257 394 882 640 474 851 455 408 698 645 974 79 0 844 196 1031 810 123 526 705 510 929 123 914 658
826 257 145 533 348 379 149 143 151 844 403 444 294 135 535 794 163 148 380 973 461 909 410 395 476 357 234 819 281 409 518 831 91 251 460 440 442 419 428 334 861 379 118 404 396 632 481 352 289 427 403 476 472 435 531 166 901 844 0 803 502 362 912 412 388 387 121 758 106 258
178 604 912 606 562 457 723 729 918 196 575 665 594 902 307 63 686 915 787 409 682 261 426 656 549 571 832 171 551 432 328 183 858 619 682 662 664 420 690 870 213 480 885 432 657 216 353 841 599 432 810 414 366 656 604 933 253 196 803 0 990 769 264 485 663 469 888 111 873 617
1014 547 571 689 463 638 615 609 577 1031 559 420 760 562 723 981 629 575 356 1160 437 1097 730 370 632 452 320 1006 601 729 792 1019 447 717 436 416 418 739 404 354 1048 662 544 724 771 819 669 186 755 603 379 818 659 411 687 592 1088 1031 502 990 0 338 1099 568 364 707 416 946 432 724
792 326 431 468 242 417 474 468 437 809 338 198 620 421 501 760 438 434 95 939 216 875 509 149 411 231 179 784 380 507 571 797 307 512 215 195 197 517 182 217 827 441 404 503 549 597 447 188 615 381 157 597 438 189 465 452 867 810 362 769 338 0 877 346 142 485 276 724 292 509
199 713 1020 714 671 565 832 838 1027 216 684 774 702 1011 416 255 795 1024 895 518 791 188 534 765 657 680 940 191 659 541 436 204 966 728 790 770 772 528 799 978 140 589 993 540 765 324 462 949 708 541 918 522 475 765 712 1041 180 123 912 264 1099 877 0 593 772 578 996 190 981 725
508 183 520 157 140 133 399 405 527 525 153 243 425 511 217 475 295 524 364 655 260 591 292 234 100 149 409 500 227 291 287 513 466 296 259 239 241 301 268 447 542 156 493 287 333 313 163 418 419 97 387 373 153 234 155 541 582 526 412 485 568 346 593 0 241 269 496 440 481 293
687 220 457 362 137 312 469 463 463 704 232 93 535 447 396 654 332 460 160 834 110 770 403 44 305 125 205 679 275 402 465 692 333 407 109 89 91 412 77 243 721 335 430 398 444 492 342 214 530 276 183 491 332 84 360 478 761 705 388 663 364 142 772 241 0 380 302 619 318 404
492 188 496 390 278 169 307 313 502 510 334 382 332 486 251 460 270 499 503 639 399 575 72 373 333 288 548 485 134 71 180 497 441 203 398 378 380 81 407 586 527 169 468 66 240 298 271 557 326 217 526 160 262 373 388 516 567 510 387 469 707 485 578 269 380 0 471 425 456 200
911 342 190 618 402 464 233 227 196 928 488 358 379 180 620 879 247 193 294 1058 376 994 495 309 561 391 148 903 366 493 603 916 136 336 375 355 357 504 342 248 945 464 163 489 481 716 566 267 374 512 317 561 557 349 615 211 985 929 121 888 416 276 996 496 302 471 0 843 151 343
105 560 867 561 518 412 678 685 874 122 531 621 549 858 263 102 642 871 742 365 638 188 381 612 504 527 787 97 506 388 283 110 813 575 637 617 619 375 646 825 139 436 840 387 612 171 308 796 555 388 765 369 322 612 559 888 179 123 758 111 946 724 190 440 619 425 843 0 828 572
896 327 175 603 417 449 218 213 181 913 473 374 364 165 605 864 232 178 309 1043 391 979 480 324 546 406 164 888 351 478 588 901 121 321 390 370 372 489 358 264 930 449 148 474 466 701 551 282 359 497 332 546 542 365 600 196 971 914 106 873 432 292 981 481 318 456 151 828 0 328
640 212 367 414 302 193 142 148 373 657 358 406 167 357 349 608 292 370 527 787 423 723 224 397 357 312 456 632 158 222 332 645 313 124 422 402 404 233 431 556 674 193 340 218 174 445 295 575 162 241 550 312 286 397 412 388 714 658 258 617 724 509 725 293 404 200 343 572 328 0
EOF