NAME : tsp_problem
TYPE : TSP
DIMENSION : 24
EDGE_WEIGHT_TYPE : EXPLICIT
EDGE_WEIGHT_FORMAT : FULL_MATRIX
EDGE_WEIGHT_SECTION
0 191 2341 2021 2702 1848 974 1379 2868 2857 2806 2847 2711 835 2679 1404 2392 1249 2422 2555 2851 2812 2333 1917
191 0 2207 1888 2611 1715 840 1246 2777 2724 2673 2714 2577 729 2588 1271 2258 1115 2288 2421 2760 2679 2199 1783
2387 2254 0 1075 1007 1100 1858 1258 979 562 756 797 415 2530 969 1414 486 1394 126 259 962 762 282 970
2033 1900 1040 0 1757 746 1504 904 1729 1557 1506 1547 1410 2313 1719 1060 1091 1040 1122 1255 1713 1512 1032 224
2443 2343 972 1757 0 1782 2540 1939 408 1489 934 976 1342 1925 220 2095 1231 2076 1053 1049 391 940 774 1652
1860 1727 1065 746 1782 0 1331 731 1754 1582 1531 1572 1435 2140 1744 887 1116 867 1146 1280 1737 1537 1057 641
980 847 1823 1504 2540 1331 0 862 2512 2340 2289 2330 2193 1259 2502 887 1874 731 1904 2037 2495 2295 1815 1399
1391 1258 1223 904 1939 731 862 0 1912 1740 1689 1730 1593 1671 1902 348 1274 398 1304 1437 1895 1694 1215 799
2609 2509 944 1729 408 1754 2512 1912 0 1461 907 948 1315 2090 295 2068 1204 2048 1026 1022 118 913 747 1625
2852 2719 589 1540 1471 1565 2323 1722 1444 0 1220 1262 298 2951 1433 1878 951 1859 497 527 1427 1226 747 1435
2799 2666 702 1487 686 1512 2270 1669 659 1219 0 137 1072 2369 648 1825 961 1806 783 916 642 283 504 1382
2860 2726 763 1547 752 1572 2330 1730 725 1279 137 0 1133 2435 714 1886 1022 1866 844 977 708 178 565 1443
2705 2572 442 1393 1324 1418 2176 1576 1297 298 1074 1115 0 2804 1287 1732 804 1712 351 380 1280 1080 600 1288
835 729 2620 2301 2200 2127 1253 1659 2366 3137 2892 2933 2990 0 2177 1684 2671 1528 2701 2748 2349 2898 2612 2196
2421 2321 934 1719 220 1744 2502 1902 295 1451 897 938 1304 1902 0 2058 1193 2038 1015 1011 278 902 736 1614
1417 1283 1379 1060 2095 887 887 348 2068 1896 1845 1886 1749 1696 2058 0 1430 423 1460 1593 2051 1851 1371 955
2404 2271 452 1091 1231 1116 1874 1274 1204 968 980 1022 822 2683 1193 1430 0 1410 533 666 1187 986 507 987
1261 1127 1359 1040 2076 867 731 398 2048 1876 1825 1866 1729 1540 2038 423 1410 0 1440 1574 2031 1831 1351 935
2416 2283 153 1104 1035 1129 1887 1287 1008 497 785 826 351 2517 998 1443 515 1423 0 239 991 791 311 999
2554 2421 291 1242 1048 1267 2025 1424 1021 527 923 964 380 2461 1010 1580 653 1561 239 0 1004 928 449 1137
2592 2492 928 1713 391 1737 2495 1895 118 1445 890 931 1298 2074 278 2051 1187 2031 1009 1005 0 896 730 1608
2824 2691 727 1512 803 1537 2295 1694 775 1244 283 178 1097 2485 765 1851 986 1831 808 941 759 0 529 1407
2345 2211 248 1032 774 1057 1815 1215 747 764 523 565 618 2457 736 1371 507 1351 329 462 730 529 0 928
1929 1795 936 224 1652 641 1399 799 1625 1453 1401 1443 1306 2208 1614 955 987 935 1017 1150 1608 1407 928 0
EOF