NAME : tsp_problem
TYPE : TSP
DIMENSION : 15
EDGE_WEIGHT_TYPE : EXPLICIT
EDGE_WEIGHT_FORMAT : FULL_MATRIX
EDGE_WEIGHT_SECTION
0 1045 2196 841 2178 2473 1784 2069 1839 2585 1466 1823 753 2588 2020
1045 0 1482 268 1465 2384 1071 1356 1126 1871 690 1110 460 1875 1307
2196 1482 0 1418 73 1475 787 148 1173 962 1903 698 1610 966 529
841 268 1418 0 1401 2320 1007 1292 1062 1807 689 1046 255 1811 1243
2178 1465 73 1401 0 1458 770 131 1156 945 1886 681 1593 949 512
3085 2372 1463 2308 1446 0 1677 1336 2062 866 2793 1588 2499 881 1419
1784 1071 787 1007 770 1689 0 661 761 1176 1492 177 1198 1180 612
2069 1356 148 1292 131 1349 661 0 1047 836 1777 572 1484 840 403
1839 1126 1173 1062 1156 2074 761 1047 0 1562 1547 801 1254 1566 998
2579 1865 957 1802 939 884 1171 830 1556 0 2287 1082 1993 375 913
1448 672 1886 671 1869 2787 1474 1760 1530 2275 0 1514 863 2279 1711
1823 1110 698 1046 681 1600 177 572 801 1087 1531 0 1238 1091 523
753 460 1610 255 1593 2511 1198 1484 1254 1999 880 1238 0 2003 1435
2594 1881 972 1817 955 887 1186 845 1571 375 2302 1097 2008 0 928
2020 1307 529 1243 512 1431 612 403 998 918 1728 523 1435 922 0
EOF
