NAME : tsp_problem
TYPE : TSP
DIMENSION : 50
EDGE_WEIGHT_TYPE : EXPLICIT
EDGE_WEIGHT_FORMAT : FULL_MATRIX
EDGE_WEIGHT_SECTION
0 224 503 464 588 387 527 294 497 491 1748 1354 487 490 999 476 1259 477 1549 588 1372 497 1071 615 500 1274 1580 774 489 496 211 471 1096 496 683 1629 1237 997 1475 1498 1085 579 493 192 1105 1042 906 481 489 451
224 0 615 576 588 254 394 161 609 603 1615 1221 598 602 866 588 1127 588 1417 456 1239 609 939 561 368 1142 1448 641 600 607 108 583 963 607 550 1496 1104 864 1342 1365 953 446 360 139 972 910 774 592 601 562
503 615 0 69 385 778 799 685 54 247 1941 1634 77 60 1279 77 1539 73 1715 868 1652 64 994 412 596 1554 1774 694 51 56 602 76 1376 66 603 1822 1517 962 1397 1421 1366 802 604 583 1028 965 1186 237 287 101
464 576 69 0 346 739 760 646 65 209 1902 1595 87 70 1240 88 1501 83 1677 830 1613 75 955 373 557 1516 1735 655 61 66 563 87 1337 76 565 1784 1478 923 1358 1382 1327 763 565 544 989 926 1148 198 248 72
588 588 385 346 0 436 452 525 379 373 1595 1287 368 372 933 358 1193 358 1369 522 1306 379 647 100 250 1208 1427 347 370 377 608 353 1030 377 257 1476 1171 616 1051 1074 1019 455 257 639 681 618 840 362 135 332
387 254 778 739 436 0 241 191 772 766 1462 1068 761 765 714 751 974 751 1264 303 1087 772 786 408 215 989 1295 488 763 770 274 746 810 770 398 1344 952 711 1189 1213 800 293 208 305 820 757 621 755 533 725
527 394 799 760 452 241 0 331 792 787 1369 975 782 785 620 772 880 772 1170 209 993 793 720 425 240 895 1201 505 784 791 414 767 717 791 414 1250 858 618 1123 1147 706 90 232 445 754 691 527 776 549 746
294 161 685 646 525 191 331 0 679 673 1552 1158 668 672 803 658 1063 658 1353 392 1176 679 875 498 304 1078 1384 578 670 677 181 653 900 677 487 1433 1041 801 1279 1302 890 383 297 212 909 847 710 662 622 632
497 609 54 65 379 772 792 679 0 241 1935 1628 73 55 1273 73 1533 68 1709 862 1646 60 988 406 590 1548 1768 688 47 52 596 72 1370 62 597 1816 1511 956 1391 1414 1359 796 597 577 1021 959 1180 231 280 96
491 603 247 209 373 766 787 673 241 0 1929 1622 231 234 1267 220 1527 221 1703 856 1640 241 982 400 584 1542 1762 682 233 240 590 215 1364 240 591 1810 1505 950 1385 1408 1353 790 592 571 1015 953 1174 81 274 195
1748 1615 1941 1902 1595 1462 1369 1552 1935 1929 0 900 1924 1928 777 1914 806 1915 253 1196 487 1935 1249 1567 1461 821 187 1647 1926 1934 1635 1909 1106 1934 1557 149 784 1358 792 815 1095 1421 1453 1666 1283 1220 1045 1919 1692 1889
1354 1221 1634 1595 1287 1068 975 1158 1628 1622 900 0 1617 1621 383 1607 241 1607 702 801 525 1628 967 1260 1066 316 733 1340 1619 1626 1241 1602 712 1626 1249 781 219 1072 1189 1213 701 1027 1059 1272 1001 938 651 1611 1384 1581
487 598 77 87 368 761 782 668 73 231 1924 1617 0 78 1262 95 1523 91 1699 852 1635 83 977 395 579 1538 1757 677 69 74 585 95 1359 84 587 1806 1500 945 1380 1404 1349 785 587 566 1011 948 1170 220 270 94
490 602 60 70 372 765 785 672 55 234 1928 1621 78 0 1266 78 1526 74 1702 855 1639 65 981 399 583 1541 1761 681 52 57 589 77 1363 67 590 1809 1504 949 1384 1407 1352 789 590 570 1014 952 1173 224 273 98
999 866 1279 1240 933 714 620 803 1273 1267 777 383 1262 1266 0 1252 289 1253 579 447 401 1273 612 905 712 304 610 985 1264 1272 886 1247 357 1272 895 658 266 718 835 858 347 672 705 917 646 583 296 1257 1030 1227
476 588 77 88 358 751 772 658 73 220 1914 1607 95 78 1252 0 1512 91 1688 841 1625 83 967 385 569 1527 1747 667 69 74 575 95 1349 84 576 1795 1490 935 1370 1394 1339 775 577 556 1001 938 1159 210 259 84
1259 1127 1539 1501 1193 974 880 1063 1533 1527 806 241 1523 1526 289 1512 0 1513 607 707 430 1533 872 1166 972 94 638 1245 1525 1532 1146 1507 618 1532 1155 687 76 978 1095 1118 607 932 965 1178 906 844 557 1517 1290 1487
477 588 73 83 358 751 772 658 68 221 1915 1607 91 74 1253 91 1513 0 1689 842 1626 78 967 385 570 1528 1747 667 65 70 576 90 1349 80 577 1796 1491 936 1371 1394 1339 775 577 557 1001 938 1160 211 260 84
1549 1417 1715 1677 1369 1264 1170 1353 1709 1703 253 702 1699 1702 579 1688 607 1689 0 997 288 1709 1023 1342 1262 622 86 1421 1701 1708 1436 1683 907 1708 1331 134 585 1132 566 590 897 1222 1255 1467 1057 994 847 1693 1466 1663
588 456 868 830 522 303 209 392 862 856 1196 801 852 855 447 841 707 842 997 0 820 862 755 495 301 722 1028 574 854 861 475 836 544 861 484 1077 685 552 1086 1109 533 261 294 507 789 726 354 846 619 816
1372 1239 1652 1613 1306 1087 993 1176 1646 1640 487 525 1635 1639 401 1625 430 1626 288 820 0 1646 985 1278 1085 445 319 1358 1638 1645 1259 1620 730 1645 1268 368 408 1091 827 851 720 1045 1078 1290 1019 956 670 1630 1403 1600
497 609 64 75 379 772 793 679 60 241 1935 1628 83 65 1273 83 1533 78 1709 862 1646 0 988 406 590 1548 1768 688 57 62 596 82 1370 72 597 1816 1511 956 1391 1415 1360 796 598 577 1022 959 1180 231 281 105
1071 939 994 955 647 786 720 875 988 982 1249 1150 977 981 795 967 1056 967 1023 762 1169 988 0 620 600 1071 1081 700 979 986 958 962 1080 986 609 1130 1034 410 705 728 1069 723 607 990 226 164 1019 971 744 941
615 561 412 373 100 408 425 498 406 400 1567 1260 395 399 905 385 1166 385 1342 495 1278 406 620 0 222 1181 1400 320 397 404 581 380 1002 404 230 1449 1143 588 1023 1047 992 428 230 612 654 591 813 389 162 359
500 368 596 557 250 215 240 304 590 584 1461 1066 579 583 712 569 972 570 1262 301 1085 590 600 222 0 987 1293 302 582 589 387 564 809 589 212 1342 950 568 1003 1027 798 292 66 418 634 571 619 574 347 544
1274 1142 1554 1516 1208 989 895 1078 1548 1542 821 316 1538 1541 304 1527 94 1528 622 722 445 1548 888 1181 987 0 653 1260 1540 1547 1161 1522 633 1547 1170 702 151 993 1110 1133 622 947 980 1193 921 859 572 1532 1305 1502
1580 1448 1774 1735 1427 1295 1201 1384 1768 1762 187 733 1757 1761 610 1747 638 1747 86 1028 319 1768 1081 1400 1293 653 0 1480 1759 1766 1468 1742 939 1766 1389 69 616 1190 625 648 928 1253 1286 1499 1115 1053 878 1751 1524 1721
774 641 694 655 347 488 505 578 688 682 1647 1340 677 681 985 667 1245 667 1421 574 1358 688 700 320 302 1260 1480 0 679 686 661 662 1082 686 164 1528 1223 668 1103 1127 1071 508 310 692 734 671 892 672 444 642
489 600 51 61 370 763 784 670 47 233 1926 1619 69 52 1264 69 1525 65 1701 854 1638 57 979 397 582 1540 1759 679 0 48 587 68 1361 58 589 1808 1503 947 1383 1406 1351 787 589 568 1013 950 1172 223 272 93
496 607 56 66 377 770 791 677 52 240 1934 1626 74 57 1272 74 1532 70 1708 861 1645 62 986 404 589 1547 1766 686 48 0 595 73 1369 63 596 1815 1510 955 1390 1413 1358 794 596 576 1020 957 1179 230 279 98
211 108 602 563 608 274 414 181 596 590 1635 1241 585 589 886 575 1146 576 1436 475 1259 596 958 581 387 1161 1468 661 587 595 0 570 983 594 570 1516 1124 884 1362 1385 973 466 380 126 992 930 794 580 588 550
471 583 76 87 353 746 767 653 72 215 1909 1602 95 77 1247 95 1507 90 1683 836 1620 82 962 380 564 1522 1742 662 68 73 570 0 1344 84 571 1790 1485 930 1365 1388 1333 770 572 551 996 933 1154 205 254 79
1096 963 1376 1337 1030 810 717 900 1370 1364 1106 712 1359 1363 357 1349 618 1349 907 544 730 1370 896 1002 809 633 939 1082 1361 1369 983 1344 0 1368 991 987 595 1002 1119 1142 308 769 801 1014 930 867 393 1354 1127 1324
496 607 66 76 377 770 791 677 62 240 1934 1626 84 67 1272 84 1532 80 1708 861 1645 72 986 404 589 1547 1766 686 58 63 594 84 1368 0 596 1815 1510 954 1390 1413 1358 794 596 576 1020 957 1179 230 279 103
683 550 603 565 257 398 414 487 597 591 1557 1249 587 590 895 576 1155 577 1331 484 1268 597 609 230 212 1170 1389 164 589 596 570 571 991 596 0 1438 1133 578 1013 1036 981 417 219 601 643 580 802 581 354 551
1629 1496 1822 1784 1476 1344 1250 1433 1816 1810 149 781 1806 1809 658 1795 687 1796 134 1077 368 1816 1130 1449 1342 702 69 1528 1808 1815 1516 1790 987 1815 1438 0 665 1239 673 697 977 1302 1335 1547 1164 1101 926 1800 1573 1770
1237 1104 1517 1478 1171 952 858 1041 1511 1505 784 219 1500 1504 266 1490 76 1491 585 685 408 1511 850 1143 950 151 616 1223 1503 1510 1124 1485 595 1510 1133 665 0 956 1073 1096 585 910 943 1155 884 821 535 1495 1268 1465
1026 893 962 923 616 740 647 830 956 950 1358 1070 945 949 715 935 975 936 1132 558 1088 956 410 588 568 990 1190 668 947 955 913 930 999 954 578 1239 953 0 814 837 989 691 576 944 444 381 876 940 713 910
1475 1342 1397 1358 1051 1189 1123 1279 1391 1385 792 1178 1380 1384 824 1370 1084 1371 566 1083 827 1391 705 1023 1003 1099 625 1103 1383 1390 1362 1365 1108 1390 1013 673 1062 814 0 103 1097 1126 1011 1393 739 676 1047 1375 1148 1345
1498 1365 1421 1382 1074 1213 1147 1302 1414 1408 815 1202 1404 1407 847 1394 1107 1394 590 1106 851 1415 728 1047 1027 1122 648 1127 1406 1413 1385 1388 1131 1413 1036 697 1085 837 103 0 1121 1150 1034 1416 762 699 1070 1398 1171 1368
1085 953 1366 1327 1019 800 706 890 1359 1353 1095 701 1349 1352 347 1339 607 1339 897 533 720 1360 886 992 798 622 928 1071 1351 1358 973 1333 308 1358 981 977 585 991 1108 1132 0 758 791 1004 920 857 383 1343 1116 1313
579 446 802 763 455 293 90 383 796 790 1421 1027 785 789 672 775 932 775 1222 261 1045 796 723 428 292 947 1253 508 787 794 466 770 769 794 417 1302 910 670 1126 1150 758 0 284 497 757 694 579 779 552 749
493 360 604 565 257 208 232 297 597 592 1453 1059 587 590 705 577 965 577 1255 294 1078 598 607 230 66 980 1286 310 589 596 380 572 801 596 219 1335 943 576 1011 1034 791 284 0 411 641 579 612 581 354 551
192 139 583 544 639 305 445 212 577 571 1666 1272 566 570 917 556 1178 557 1467 507 1290 577 990 612 418 1193 1499 692 568 576 126 551 1014 576 601 1547 1155 915 1393 1416 1004 497 411 0 1023 961 825 561 569 531
1105 972 1028 989 681 820 754 909 1021 1015 1283 1184 1011 1014 829 1001 1090 1001 1057 796 1202 1022 226 654 634 1105 1115 734 1013 1020 992 996 1113 1020 643 1164 1067 444 739 762 1103 757 641 1023 0 84 1053 1005 778 975
1042 910 965 926 618 757 691 847 959 953 1220 1121 948 952 767 938 1027 938 994 733 1140 959 164 591 571 1042 1053 671 950 957 930 933 1051 957 580 1101 1005 381 676 699 1040 694 579 961 84 0 990 942 715 912
906 774 1186 1148 840 621 527 710 1180 1174 1045 651 1170 1173 296 1159 556 1160 846 354 669 1180 835 813 619 571 877 892 1172 1179 794 1154 403 1179 802 926 534 870 1057 1081 393 579 612 825 869 806 0 1164 937 1134
481 592 237 198 362 755 776 662 231 81 1919 1611 220 224 1257 210 1517 211 1693 846 1630 231 971 389 574 1532 1751 672 223 230 580 205 1354 230 581 1800 1495 940 1375 1398 1343 779 581 561 1005 942 1164 0 264 185
489 601 287 248 135 533 549 622 280 274 1692 1384 270 273 1030 259 1290 260 1466 619 1403 281 744 162 347 1305 1524 444 272 279 588 254 1127 279 354 1573 1268 713 1148 1171 1116 552 354 569 778 715 937 264 0 234
451 562 101 72 332 725 746 632 96 195 1889 1581 94 98 1227 84 1487 84 1663 816 1600 105 941 359 544 1502 1721 642 93 98 550 79 1324 103 551 1770 1465 910 1345 1368 1313 749 551 531 975 912 1134 185 234 0
EOF