NAME : tsp_problem
TYPE : TSP
DIMENSION : 84
EDGE_WEIGHT_TYPE : EXPLICIT
EDGE_WEIGHT_FORMAT : FULL_MATRIX
EDGE_WEIGHT_SECTION
0 1131 203 83 81 90 1261 1218 1776 86 671 558 90 1352 1651 73 92 1659 66 68 82 789 1053 760 1357 1229 1644 89 1598 654 1486 1316 1001 969 1129 604 560 192 622 644 515 1189 193 943 580 74 880 1616 1289 1648 1590 61 98 77 1784 65 87 61 78 67 95 545 91 1672 484 61 79 87 57 76 57 1363 1466 94 212 187 1426 1253 722 95 829 354 1312 1059
1131 0 1137 1120 1148 1123 333 377 848 1121 552 757 1135 1068 1336 1138 1127 732 1155 1139 1141 525 950 496 431 467 1273 1126 957 687 558 391 618 568 61 641 681 1126 828 535 720 263 1127 666 785 1143 862 1245 364 1277 1276 1161 1128 1155 943 1142 1117 1144 1129 1162 1130 793 1121 1301 894 1158 1140 1118 1159 1137 1164 437 1182 1124 1146 1121 498 171 449 1095 492 816 386 956
203 1137 0 193 220 196 1267 1224 1782 193 677 565 207 1358 1657 211 199 1666 227 211 213 795 1059 766 1363 1235 1650 198 1604 661 1492 1322 1007 975 1135 610 566 63 628 650 521 1195 70 949 586 216 886 1622 1296 1654 1597 233 201 227 1790 214 189 216 201 235 203 551 194 1678 490 230 213 190 231 209 237 1369 1473 197 61 69 1432 1259 728 168 835 360 1318 1066
83 1120 193 0 84 82 1250 1207 1765 80 660 548 93 1341 1640 75 86 1649 69 71 85 779 1043 749 1346 1218 1633 85 1588 644 1475 1306 990 958 1118 593 550 181 612 634 504 1178 183 933 569 76 869 1606 1279 1638 1580 63 87 79 1773 68 76 64 81 70 90 534 80 1662 473 64 81 77 59 79 59 1352 1456 83 201 177 1415 1243 711 85 818 343 1301 1049
81 1148 220 84 0 91 1278 1234 1792 87 688 575 92 1369 1667 74 94 1676 68 70 84 806 1070 777 1373 1245 1660 91 1615 671 1503 1333 1017 985 1146 620 577 209 639 661 531 1206 210 960 596 75 897 1633 1306 1665 1607 62 115 78 1800 67 89 63 80 69 96 562 95 1689 501 63 80 93 58 78 58 1379 1483 111 229 204 1443 1270 738 112 845 370 1328 1076
90 1123 196 82 91 0 1253 1210 1768 83 663 551 97 1344 1643 82 89 1652 76 78 92 782 1046 752 1349 1221 1636 88 1591 647 1478 1308 993 961 1121 596 552 184 614 637 507 1181 185 936 572 83 872 1608 1282 1640 1583 70 90 86 1776 75 79 71 88 77 92 537 83 1664 476 71 89 80 66 86 66 1355 1459 86 204 180 1418 1246 714 88 821 346 1304 1052
1213 334 1219 1202 1230 1205 0 69 614 1203 671 876 1217 760 1059 1220 1209 498 1237 1221 1223 645 642 615 382 159 1039 1208 723 807 324 342 429 380 300 760 762 1207 909 654 802 229 1209 478 867 1225 610 1011 315 1044 999 1243 1210 1236 709 1224 1199 1226 1210 1244 1212 913 1203 1067 1013 1240 1222 1199 1240 1218 1246 388 874 1206 1227 1203 264 299 569 1177 611 898 337 649
1170 377 1176 1159 1186 1162 69 0 658 1160 628 833 1173 717 1015 1177 1165 541 1193 1178 1180 601 599 572 426 116 1009 1164 767 763 368 385 386 337 344 717 719 1164 866 611 759 272 1166 434 824 1182 566 981 359 1013 955 1199 1167 1193 752 1181 1156 1182 1167 1201 1169 869 1160 1037 970 1197 1179 1156 1197 1175 1203 432 831 1163 1184 1160 308 343 525 1134 568 854 381 605
1776 848 1782 1765 1792 1768 614 658 0 1766 1196 1402 1780 682 622 1783 1771 736 1799 1784 1786 1170 1231 1140 897 747 559 1770 243 1332 563 856 1017 968 815 1286 1325 1770 1472 1179 1365 743 1772 1066 1430 1788 1198 531 830 563 562 1805 1773 1799 229 1787 1762 1788 1773 1807 1775 1438 1766 587 1539 1803 1785 1762 1803 1781 1809 903 796 1769 1790 1766 503 814 1094 1740 1136 1460 852 1237
86 1121 193 80 87 83 1251 1208 1766 0 661 549 95 1342 1641 78 87 1650 72 74 88 779 1043 750 1347 1219 1634 86 1588 645 1476 1306 991 959 1119 594 550 182 612 634 505 1179 183 933 570 79 870 1606 1280 1638 1581 66 88 82 1774 71 77 67 84 73 90 535 81 1662 474 67 85 78 63 82 62 1353 1457 84 202 177 1416 1243 712 86 819 344 1302 1050
671 552 677 660 688 663 681 638 1196 661 0 450 675 1013 1311 678 667 1080 695 679 681 133 714 104 777 649 1304 666 1259 380 907 737 438 389 550 244 144 666 367 228 260 610 667 487 325 683 541 1277 710 1309 1251 701 668 694 1291 682 657 684 668 702 670 486 661 1333 587 698 680 658 698 677 704 783 1127 664 686 661 847 674 118 635 249 356 732 720
558 757 565 548 575 551 887 843 1402 549 450 0 562 1336 1634 566 554 1285 582 566 569 423 1037 394 982 855 1627 553 1511 169 1112 942 644 595 755 421 467 553 608 315 500 815 554 692 565 571 864 1600 915 1632 1574 588 556 582 1496 569 545 571 556 590 558 106 549 1656 210 585 568 545 586 564 592 989 1450 552 573 549 1052 879 347 523 455 596 938 1043
90 1135 207 93 92 97 1265 1221 1780 95 675 562 0 1356 1654 83 100 1663 77 78 92 793 1057 764 1360 1233 1648 99 1602 658 1490 1320 1004 973 1133 608 564 196 626 648 518 1193 197 947 584 84 884 1620 1293 1652 1594 71 102 87 1788 75 91 72 89 77 104 549 95 1676 488 71 89 91 67 87 67 1367 1470 98 216 191 1430 1257 725 99 833 357 1316 1063
1352 1057 1358 1341 1369 1344 749 706 682 1342 1013 1336 1356 0 519 1359 1348 1221 1376 1360 1362 1131 782 1102 1106 615 512 1347 466 1266 1048 1065 869 890 1024 1028 901 1347 1049 1069 941 952 1348 812 1006 1364 749 484 1038 516 459 1382 1349 1376 652 1363 1338 1365 1350 1383 1351 1372 1342 540 1473 1379 1361 1339 1380 1358 1385 1112 134 1345 1367 1342 988 1023 1103 1316 1146 1037 1061 788
1651 1336 1657 1640 1667 1643 1048 1004 622 1641 1311 1634 1654 519 0 1658 1646 1224 1674 1659 1661 1430 1080 1400 1385 914 452 1645 407 1564 1051 1344 1168 1189 1303 1327 1200 1645 1347 1367 1240 1232 1647 1111 1305 1663 1047 425 1318 457 144 1680 1648 1674 592 1662 1637 1663 1648 1682 1650 1670 1641 481 1771 1678 1660 1637 1678 1656 1684 1391 633 1644 1665 1641 991 1302 1402 1615 1444 1335 1340 1086
73 1138 211 75 74 82 1268 1225 1783 78 678 566 83 1359 1658 0 85 1667 59 61 75 797 1061 767 1364 1236 1651 82 1606 662 1493 1323 1008 976 1136 611 568 199 630 652 522 1196 200 951 587 66 887 1623 1297 1656 1598 53 105 69 1791 58 81 54 71 60 87 552 86 1679 491 54 72 84 49 69 49 1370 1474 101 219 195 1433 1261 729 103 836 361 1319 1067
92 1127 199 86 94 89 1257 1213 1771 87 667 554 100 1348 1646 85 0 1655 79 80 94 785 1049 756 1352 1225 1640 91 1594 650 1482 1312 996 964 1125 599 556 188 618 640 510 1185 189 939 575 86 876 1612 1285 1644 1586 73 94 89 1780 77 83 73 90 79 96 541 87 1668 480 73 91 83 69 89 69 1359 1462 90 208 183 1422 1249 717 91 824 349 1308 1055
1659 732 1666 1649 1676 1652 498 541 736 1650 1080 1285 1663 1232 1224 1667 1655 0 1683 1667 1669 1054 1115 1024 781 631 1161 1654 845 1216 193 740 901 852 699 1169 1209 1654 1356 1063 1248 627 1655 950 1314 1672 1082 1133 713 1165 1164 1689 1657 1683 831 1670 1646 1672 1657 1691 1659 1322 1650 1189 1422 1686 1669 1646 1687 1665 1693 787 1347 1653 1674 1650 334 698 978 1624 1020 1344 736 1121
66 1155 227 69 68 76 1285 1241 1799 72 695 582 77 1376 1674 59 79 1683 0 55 69 813 1077 784 1380 1252 1667 76 1622 678 1510 1340 1024 992 1153 627 584 216 646 668 538 1213 217 967 603 60 904 1640 1313 1672 1614 47 114 63 1807 51 74 48 65 54 81 569 80 1696 508 48 65 78 43 63 43 1386 1490 105 236 211 1450 1277 745 119 852 377 1335 1083
68 1139 211 71 70 78 1269 1226 1784 74 679 566 78 1360 1659 61 80 1667 55 0 70 797 1061 768 1365 1237 1652 77 1606 663 1494 1324 1009 977 1137 612 568 200 630 652 523 1197 201 951 588 62 888 1624 1297 1656 1599 49 106 65 1792 53 76 49 66 55 83 553 82 1680 492 49 67 79 45 64 45 1371 1474 102 220 195 1434 1261 730 103 837 362 1320 1068
82 1141 213 85 84 92 1271 1228 1786 88 681 569 92 1362 1661 75 94 1669 69 70 0 799 1063 770 1367 1239 1654 91 1608 665 1496 1326 1011 979 1139 614 570 202 632 654 525 1199 203 953 590 76 890 1626 1300 1658 1601 63 108 79 1794 67 90 63 80 69 97 555 96 1682 494 63 81 93 59 79 59 1373 1477 104 222 197 1436 1263 732 105 839 364 1322 1070
789 525 795 779 806 782 655 612 1170 779 133 423 793 1131 1430 797 785 1054 813 797 799 0 833 77 751 623 1423 784 1279 354 880 710 412 363 523 307 262 784 486 201 378 583 785 461 443 802 656 1395 684 1427 1370 819 787 813 1264 800 776 802 787 821 789 460 780 1451 560 816 799 776 817 795 823 757 1246 783 804 780 820 647 92 754 223 474 706 839
1053 1134 1059 1043 1070 1046 826 783 1243 1043 714 1037 1057 782 1080 1061 1049 1298 1077 1061 1063 833 0 803 1182 692 1073 1048 1028 967 1124 1142 571 591 1100 729 603 1048 750 770 642 1029 1049 513 707 1066 450 1046 1115 1078 1020 1083 1051 1077 1213 1064 1040 1066 1051 1085 1053 1073 1044 1102 1174 1080 1063 1040 1081 1059 1087 1188 896 1047 1068 1044 1064 1099 818 1018 930 738 1137 84
760 496 766 749 777 752 625 582 1140 750 104 394 764 1102 1400 767 756 1024 784 768 770 77 803 0 721 593 1393 755 1250 324 851 681 382 333 494 278 233 755 456 172 349 554 756 431 414 772 627 1366 654 1398 1340 790 757 783 1235 771 746 773 758 791 759 430 750 1422 531 787 769 747 787 766 793 727 1216 753 775 750 791 618 62 724 193 445 676 809
1357 429 1363 1346 1373 1349 382 426 897 1347 777 982 1360 1117 1385 1364 1352 781 1380 1365 1367 751 999 721 0 515 1322 1351 1006 913 607 264 785 736 396 866 906 1351 1053 760 946 324 1353 834 1011 1369 966 1294 195 1326 1325 1386 1354 1380 992 1368 1343 1369 1354 1388 1356 1019 1347 1350 1119 1384 1366 1343 1384 1362 1390 90 1231 1350 1371 1347 547 395 675 1321 717 1041 345 1005
1181 467 1187 1170 1197 1173 159 116 747 1171 639 844 1185 728 1027 1188 1177 631 1204 1189 1191 613 610 583 515 0 1020 1176 857 775 458 475 397 348 433 728 730 1175 877 622 770 362 1177 446 835 1193 577 992 448 1024 967 1211 1178 1204 842 1192 1167 1194 1178 1212 1180 881 1171 1048 981 1208 1190 1167 1208 1186 1214 522 842 1174 1195 1171 398 433 537 1145 579 865 471 617
1644 1273 1650 1633 1660 1636 1039 998 559 1634 1304 1627 1648 512 452 1651 1640 1161 1667 1652 1654 1423 1073 1393 1322 907 0 1639 344 1558 988 1281 1161 1182 1240 1320 1193 1638 1340 1361 1233 1168 1640 1104 1298 1656 1040 210 1255 242 392 1673 1641 1667 529 1655 1630 1657 1641 1675 1643 1664 1634 266 1764 1671 1653 1630 1671 1649 1677 1328 626 1637 1658 1634 928 1239 1395 1608 1438 1328 1277 1080
89 1126 198 85 91 88 1256 1212 1770 86 666 553 99 1347 1645 82 91 1654 76 77 91 784 1048 755 1351 1224 1639 0 1593 649 1481 1311 995 963 1124 599 555 187 617 639 509 1184 188 938 575 83 875 1611 1284 1643 1585 70 93 86 1779 74 82 70 87 76 95 540 86 1667 479 70 88 82 66 86 66 1358 1461 89 207 182 1421 1248 716 90 823 348 1307 1054
1598 958 1604 1588 1615 1591 723 767 243 1588 1259 1511 1602 466 407 1606 1594 845 1622 1606 1608 1279 1028 1250 1006 857 344 1593 0 1441 672 966 1116 1077 924 1274 1148 1593 1295 1289 1187 853 1594 1058 1252 1611 995 316 939 348 347 1628 1596 1622 214 1609 1585 1611 1596 1630 1598 1547 1589 372 1648 1625 1608 1585 1626 1604 1632 1012 581 1592 1613 1589 612 923 1203 1563 1246 1283 961 1034
654 687 661 644 671 647 817 774 1332 645 380 169 658 1266 1564 662 650 1216 678 663 665 354 967 324 913 785 1558 649 1441 0 1042 872 574 525 685 351 397 649 538 245 430 745 650 623 495 667 794 1530 846 1562 1504 684 652 678 1427 666 641 667 652 686 654 206 645 1586 306 681 664 641 682 660 688 919 1380 648 669 645 982 809 278 619 385 526 868 973
1486 559 1492 1475 1503 1478 324 368 563 1476 907 1112 1490 1059 1051 1493 1482 193 1510 1494 1496 880 941 851 607 458 988 1481 672 1042 0 567 728 678 525 996 1036 1481 1183 890 1075 454 1482 776 1140 1498 908 960 540 992 991 1516 1483 1510 657 1497 1472 1499 1484 1517 1485 1148 1476 1016 1249 1513 1495 1473 1514 1492 1519 613 1173 1479 1501 1476 169 524 804 1450 847 1171 562 947
1316 389 1322 1306 1333 1308 342 385 856 1306 737 942 1320 1076 1344 1323 1312 740 1340 1324 1326 710 958 681 264 475 1281 1311 966 872 567 0 745 696 355 826 866 1311 1013 720 905 284 1312 794 970 1328 925 1254 163 1286 1284 1346 1313 1340 951 1327 1302 1329 1314 1348 1316 978 1306 1310 1079 1343 1325 1303 1344 1322 1350 270 1190 1309 1331 1306 507 354 634 1281 677 1001 105 965
1001 624 1007 990 1017 993 426 383 1015 991 467 673 1004 869 1168 1008 996 898 1024 1009 1011 441 571 411 783 394 1161 995 1116 603 725 742 0 69 622 557 550 995 697 450 590 629 997 125 655 1013 293 1133 716 1166 1108 1030 998 1024 1109 1012 987 1013 998 1032 1000 709 991 1189 810 1028 1010 987 1028 1006 1034 789 984 994 1015 991 665 700 365 965 407 685 738 577
998 575 1004 987 1014 990 377 334 965 988 418 624 1002 882 1181 1005 993 849 1021 1006 1008 392 591 362 734 345 1174 992 1075 554 676 693 69 0 573 508 547 992 694 401 587 580 994 118 652 1010 314 1146 666 1178 1121 1027 995 1021 1060 1009 984 1010 995 1029 997 660 988 1202 761 1025 1007 984 1025 1003 1031 740 997 991 1012 988 616 651 316 962 358 682 689 598
1129 61 1135 1118 1146 1121 300 344 815 1119 550 755 1133 1035 1303 1136 1125 699 1153 1137 1139 523 917 494 396 433 1240 1124 924 685 525 355 616 567 0 639 679 1124 826 533 718 228 1125 664 783 1141 860 1212 329 1244 1243 1159 1126 1153 910 1140 1115 1142 1127 1160 1128 791 1119 1268 892 1156 1138 1116 1157 1135 1162 402 1149 1122 1144 1119 465 157 447 1093 490 814 351 923
604 641 610 593 620 596 771 727 1286 594 244 421 608 1028 1327 611 599 1169 627 612 614 307 729 278 866 739 1320 599 1274 351 996 826 528 479 639 0 159 598 300 154 193 699 600 576 258 616 556 1292 799 1324 1267 633 601 627 1380 615 590 616 601 635 603 457 594 1348 558 631 613 590 631 609 637 873 1143 597 618 594 936 763 231 568 339 288 822 736
560 681 566 550 577 552 810 767 1325 550 144 467 564 901 1200 568 556 1209 584 568 570 262 603 233 906 778 1193 555 1148 397 1036 866 550 518 679 159 0 555 257 200 149 739 556 493 214 573 429 1166 839 1198 1140 590 558 584 1333 571 546 573 558 592 560 503 551 1222 604 587 569 547 588 566 594 912 1016 553 575 550 976 803 248 525 378 245 861 609
192 1126 63 181 209 184 1255 1212 1770 182 666 553 196 1347 1645 199 188 1654 216 200 202 784 1048 755 1351 1223 1638 187 1593 649 1481 1311 995 963 1124 598 555 0 617 639 509 1184 58 938 574 204 875 1611 1284 1643 1585 222 189 215 1778 203 178 205 189 223 191 539 182 1667 479 219 201 179 219 198 225 1357 1461 185 72 57 1421 1248 716 156 823 348 1306 1054
622 828 628 612 639 614 957 914 1472 612 367 608 626 1049 1347 630 618 1356 646 630 632 486 750 456 1053 925 1340 617 1295 538 1183 1013 697 665 826 300 257 617 0 341 153 886 618 640 155 634 577 1313 986 1345 1287 652 620 646 1480 633 608 635 620 654 622 644 612 1369 745 649 631 609 650 628 656 1059 1163 615 637 612 1123 950 418 587 525 307 1008 756
644 535 650 634 661 637 665 621 1179 634 228 315 648 1069 1367 652 640 1063 668 652 654 201 770 172 760 632 1361 639 1289 245 890 720 421 372 533 154 200 639 341 0 233 593 640 470 298 657 597 1333 693 1365 1307 674 642 668 1274 655 630 657 642 676 644 351 635 1389 452 671 654 631 672 650 678 766 1183 638 659 635 830 657 125 609 232 329 715 776
515 720 521 504 531 507 850 807 1365 505 260 500 518 941 1240 522 510 1248 538 523 525 378 642 349 946 818 1233 509 1187 430 1075 905 590 558 718 193 149 509 153 233 0 778 511 532 111 527 469 1205 879 1237 1180 544 512 538 1373 526 501 527 512 546 514 536 505 1261 637 542 524 501 542 520 548 952 1056 508 529 505 1015 842 311 479 418 199 901 649
1214 131 1220 1203 1230 1206 259 303 774 1204 634 840 1218 994 1262 1221 1210 658 1237 1222 1224 608 876 578 365 393 1199 1209 883 770 484 325 662 613 117 724 763 1208 910 617 803 0 1210 711 868 1226 843 1171 298 1203 1202 1243 1211 1237 869 1225 1200 1227 1211 1245 1213 876 1204 1227 977 1241 1223 1200 1241 1219 1247 371 1108 1207 1228 1204 424 97 532 1178 574 898 320 882
193 1127 70 183 210 185 1257 1214 1772 183 667 554 197 1348 1647 200 189 1655 217 201 203 785 1049 756 1353 1225 1640 188 1594 650 1482 1312 997 965 1125 600 556 58 618 640 511 1185 0 939 576 205 876 1612 1285 1644 1587 223 191 217 1780 204 179 206 191 225 193 541 183 1668 480 220 202 180 221 199 227 1359 1462 186 78 59 1422 1249 718 158 825 350 1308 1055
943 673 949 933 960 936 475 432 1063 933 516 721 947 812 1111 951 939 947 967 951 953 490 513 460 831 443 1104 938 1058 652 774 791 125 118 671 605 493 938 640 499 532 678 939 0 597 956 236 1076 764 1108 1051 973 941 967 1158 954 929 956 941 975 943 758 934 1132 858 970 953 930 971 949 977 838 927 937 958 933 714 749 414 908 456 628 787 520
580 785 586 569 596 572 915 872 1430 570 325 565 584 1006 1305 587 575 1314 603 588 590 443 707 414 1011 883 1298 575 1252 495 1140 970 655 623 783 258 214 574 155 298 111 843 576 597 0 592 534 1270 944 1302 1245 609 577 603 1438 591 566 592 577 611 579 601 570 1326 702 607 589 566 607 585 613 1017 1121 573 594 570 1080 907 376 544 483 264 966 714
74 1143 216 76 75 83 1273 1230 1788 79 683 571 84 1364 1663 66 86 1672 60 62 76 802 1066 772 1369 1241 1656 83 1611 667 1498 1328 1013 981 1141 616 573 204 634 657 527 1201 205 956 592 0 892 1628 1302 1661 1603 54 110 70 1796 59 82 55 72 61 88 557 87 1684 496 55 73 85 50 70 50 1375 1479 106 224 200 1438 1266 734 108 841 366 1324 1072
880 869 886 869 897 872 671 628 1210 870 541 864 884 749 1047 887 876 1143 904 888 890 659 450 630 1027 639 1040 875 995 794 970 987 293 314 867 556 429 875 577 597 469 874 876 236 534 892 0 1013 960 1045 987 910 877 904 1180 891 866 893 878 911 879 900 870 1069 1001 907 889 867 908 886 913 1033 863 873 895 870 910 945 609 844 652 565 982 456
1616 1246 1622 1606 1633 1608 1011 970 531 1606 1277 1600 1620 484 425 1623 1612 1133 1640 1624 1626 1395 1046 1366 1294 879 210 1611 316 1530 960 1254 1133 1154 1212 1292 1166 1611 1313 1333 1205 1141 1612 1076 1270 1628 1013 0 1227 52 365 1646 1613 1640 501 1627 1602 1629 1614 1648 1616 1636 1606 76 1737 1643 1625 1603 1644 1622 1650 1300 599 1609 1631 1606 900 1211 1368 1581 1410 1301 1249 1052
1289 362 1296 1279 1306 1282 315 359 830 1280 710 915 1293 1049 1318 1297 1285 713 1313 1297 1300 684 932 654 195 448 1255 1284 939 846 540 163 718 669 329 799 839 1284 986 693 879 257 1285 767 944 1302 899 1227 0 1259 1258 1319 1287 1313 924 1300 1276 1302 1287 1321 1289 952 1280 1283 1052 1316 1299 1276 1317 1295 1323 189 1164 1283 1304 1280 480 328 608 1254 650 974 244 938
1648 1278 1654 1638 1665 1640 1044 1002 563 1638 1309 1632 1652 516 457 1656 1644 1165 1672 1656 1658 1427 1078 1398 1326 911 242 1643 348 1562 992 1286 1166 1186 1244 1324 1198 1643 1345 1365 1237 1173 1644 1108 1302 1661 1045 52 1259 0 397 1678 1646 1672 534 1659 1634 1661 1646 1680 1648 1668 1639 91 1769 1675 1657 1635 1676 1654 1682 1332 631 1641 1663 1638 932 1243 1400 1613 1442 1333 1281 1084
1590 1276 1597 1580 1607 1583 988 944 562 1581 1251 1574 1594 459 144 1598 1586 1164 1614 1599 1601 1370 1020 1340 1325 854 392 1585 347 1504 991 1284 1108 1129 1243 1267 1140 1585 1287 1307 1180 1171 1587 1051 1245 1603 987 365 1258 397 0 1620 1588 1614 532 1602 1577 1603 1588 1622 1590 1610 1581 421 1711 1618 1600 1577 1618 1596 1624 1331 573 1584 1605 1581 931 1242 1342 1555 1384 1275 1280 1026
61 1161 233 63 62 70 1291 1247 1805 66 701 588 71 1382 1680 53 73 1689 47 49 63 819 1083 790 1386 1259 1673 70 1628 684 1516 1346 1030 998 1159 633 590 222 652 674 544 1219 223 973 609 54 910 1646 1319 1678 1620 0 108 57 1813 46 69 42 59 48 75 575 74 1702 514 42 60 72 37 57 37 1392 1496 99 242 217 1456 1283 751 125 858 383 1341 1089
98 1128 201 87 115 90 1258 1215 1773 88 668 556 102 1349 1648 105 94 1657 114 106 108 787 1051 757 1354 1226 1641 93 1596 652 1483 1313 998 966 1126 601 558 189 620 642 512 1186 191 941 577 110 877 1613 1287 1646 1588 108 0 122 1781 109 84 109 96 115 97 542 88 1669 481 109 107 85 104 104 104 1360 1464 91 209 185 1423 1251 719 93 826 351 1309 1057
77 1155 227 79 78 86 1284 1241 1799 82 694 582 87 1376 1674 69 89 1683 63 65 79 813 1077 783 1380 1252 1667 86 1622 678 1510 1340 1024 992 1153 627 584 215 646 668 538 1213 217 967 603 70 904 1640 1313 1672 1614 57 122 0 1807 62 84 58 75 64 91 568 90 1696 507 58 76 88 53 73 53 1386 1490 115 235 211 1450 1277 745 119 852 377 1335 1083
1784 943 1790 1773 1800 1776 709 752 229 1774 1291 1496 1788 652 592 1791 1780 831 1807 1792 1794 1264 1213 1235 992 842 529 1779 214 1427 657 951 1112 1063 910 1380 1333 1778 1480 1274 1373 838 1780 1161 1438 1796 1180 501 924 534 532 1813 1781 1807 0 1795 1770 1797 1781 1815 1783 1533 1774 557 1633 1811 1793 1770 1811 1789 1817 998 766 1777 1798 1774 597 909 1188 1748 1231 1468 947 1220
65 1142 214 68 67 75 1272 1229 1787 71 682 569 75 1363 1662 58 77 1670 51 53 67 800 1064 771 1368 1240 1655 74 1609 666 1497 1327 1012 980 1140 615 571 203 633 655 526 1200 204 954 591 59 891 1627 1300 1659 1602 46 109 62 1795 0 73 46 63 52 80 556 78 1683 495 46 64 76 42 61 42 1374 1477 103 223 198 1437 1264 733 106 840 365 1323 1071
87 1117 189 76 89 79 1247 1204 1762 77 657 545 91 1338 1637 81 83 1646 74 76 90 776 1040 746 1343 1215 1630 82 1585 641 1472 1302 987 955 1115 590 546 178 608 630 501 1175 179 929 566 82 866 1602 1276 1634 1577 69 84 84 1770 73 0 69 85 75 86 531 77 1658 470 69 87 74 65 84 64 1349 1453 80 198 173 1412 1239 708 82 815 340 1298 1046
61 1144 216 64 63 71 1274 1230 1788 67 684 571 72 1365 1663 54 73 1672 48 49 63 802 1066 773 1369 1242 1657 70 1611 667 1499 1329 1013 981 1142 616 573 205 635 657 527 1202 206 956 592 55 893 1629 1302 1661 1603 42 109 58 1797 46 69 0 60 48 76 558 75 1685 497 43 60 72 38 58 38 1376 1479 100 225 200 1439 1266 734 108 841 366 1325 1072
78 1129 201 81 80 88 1258 1215 1773 84 668 556 89 1350 1648 71 90 1657 65 66 80 787 1051 758 1354 1226 1641 87 1596 652 1484 1314 998 966 1127 601 558 189 620 642 512 1187 191 941 577 72 878 1614 1287 1646 1588 59 96 75 1781 63 85 60 0 65 93 542 89 1670 482 60 77 85 55 75 55 1360 1464 92 209 185 1424 1251 719 93 826 351 1309 1057
67 1162 235 70 69 77 1292 1249 1807 73 702 590 77 1383 1682 60 79 1691 54 55 69 821 1085 791 1388 1260 1675 76 1630 686 1517 1348 1032 1000 1160 635 592 223 654 676 546 1220 225 975 611 61 911 1648 1321 1680 1622 48 115 64 1815 52 75 48 65 0 82 576 81 1704 515 48 66 78 44 63 44 1394 1498 105 243 219 1457 1285 753 127 860 385 1343 1091
95 1130 203 90 96 92 1260 1217 1775 90 670 558 104 1351 1650 87 96 1659 81 83 97 789 1053 759 1356 1228 1643 95 1598 654 1485 1316 1000 968 1128 603 560 191 622 644 514 1188 193 943 579 88 879 1616 1289 1648 1590 75 97 91 1783 80 86 76 93 82 0 544 90 1672 483 76 94 87 71 91 71 1362 1466 93 211 187 1425 1253 721 95 828 353 1311 1059
545 793 551 534 562 537 923 880 1438 535 486 106 549 1372 1670 552 541 1322 569 553 555 460 1073 430 1019 891 1664 540 1547 206 1148 978 680 631 791 457 503 539 644 351 536 851 541 729 601 557 900 1636 952 1668 1610 575 542 568 1533 556 531 558 542 576 544 0 535 1692 197 572 554 531 572 550 578 1025 1486 538 559 535 1088 915 384 509 491 632 974 1079
91 1121 194 80 95 83 1251 1208 1766 81 661 549 95 1342 1641 86 87 1650 80 82 96 780 1044 750 1347 1219 1634 86 1589 645 1476 1306 991 959 1119 594 551 182 612 635 505 1179 183 934 570 87 870 1606 1280 1639 1581 74 88 90 1774 78 77 75 89 81 90 535 0 1662 474 75 92 78 70 90 70 1353 1457 84 202 178 1416 1244 712 86 819 344 1302 1050
1672 1302 1678 1662 1689 1664 1067 1026 587 1662 1333 1656 1676 540 481 1679 1668 1189 1696 1680 1682 1451 1102 1422 1350 935 266 1667 372 1586 1016 1310 1189 1210 1268 1348 1222 1667 1369 1389 1261 1197 1668 1132 1326 1684 1069 76 1283 91 421 1702 1669 1696 557 1683 1658 1685 1670 1704 1672 1692 1662 0 1793 1699 1681 1659 1700 1678 1706 1356 655 1665 1687 1662 956 1267 1424 1637 1466 1357 1305 1108
484 894 490 473 501 476 1024 980 1539 474 587 210 488 1473 1771 491 480 1422 508 492 494 560 1174 531 1119 992 1764 479 1648 306 1249 1079 781 731 892 558 604 479 745 452 637 952 480 829 702 496 1001 1737 1052 1769 1711 514 481 507 1633 495 470 497 482 515 483 197 474 1793 0 511 493 471 511 490 517 1126 1587 477 499 474 1189 1016 484 448 591 599 1075 1180
61 1158 230 64 63 71 1288 1245 1803 67 698 585 71 1379 1678 54 73 1686 48 49 63 816 1080 787 1384 1256 1671 70 1625 681 1513 1343 1028 996 1156 631 587 219 649 671 542 1216 220 970 607 55 907 1643 1316 1675 1618 42 109 58 1811 46 69 43 60 48 76 572 75 1699 511 0 60 72 38 58 38 1390 1493 99 239 214 1453 1280 749 122 856 381 1339 1087
79 1140 213 81 80 89 1270 1227 1785 85 680 568 89 1361 1660 72 91 1669 65 67 81 799 1063 769 1366 1238 1653 88 1608 664 1495 1325 1010 978 1138 613 569 201 631 654 524 1198 202 953 589 73 889 1625 1299 1657 1600 60 107 76 1793 64 87 60 77 66 94 554 92 1681 493 60 0 90 56 75 56 1372 1476 103 221 197 1435 1263 731 105 838 363 1321 1069
87 1118 190 77 93 80 1247 1204 1762 78 658 545 91 1339 1637 84 83 1646 78 79 93 776 1040 747 1343 1215 1630 82 1585 641 1473 1303 987 955 1116 590 547 179 609 631 501 1176 180 930 566 85 867 1603 1276 1635 1577 72 85 88 1770 76 74 72 85 78 87 531 78 1659 471 72 90 0 68 87 68 1349 1453 81 199 174 1413 1240 708 82 815 340 1298 1046
57 1159 231 59 58 66 1288 1245 1803 63 698 586 67 1380 1678 49 69 1687 43 45 59 817 1081 787 1384 1256 1671 66 1626 682 1514 1344 1028 996 1157 631 588 219 650 672 542 1217 221 971 607 50 908 1644 1317 1676 1618 37 104 53 1811 42 65 38 55 44 71 572 70 1700 511 38 56 68 0 53 33 1390 1494 95 239 215 1454 1281 749 123 856 381 1339 1087
76 1137 209 79 78 86 1266 1223 1781 82 677 564 87 1358 1656 69 89 1665 63 64 79 795 1059 766 1362 1234 1649 86 1604 660 1492 1322 1006 974 1135 609 566 198 628 650 520 1195 199 949 585 70 886 1622 1295 1654 1596 57 104 73 1789 61 84 58 75 63 91 550 90 1678 490 58 75 87 53 0 53 1368 1472 100 218 193 1432 1259 727 101 834 359 1317 1065
57 1164 237 59 58 66 1294 1251 1809 62 704 592 67 1385 1684 49 69 1693 43 45 59 823 1087 793 1390 1262 1677 66 1632 688 1519 1350 1034 1002 1162 637 594 225 656 678 548 1222 227 977 613 50 913 1650 1323 1682 1624 37 104 53 1817 42 64 38 55 44 71 578 70 1706 517 38 56 68 33 53 0 1396 1500 95 245 221 1459 1287 755 129 862 387 1345 1093
1363 436 1369 1352 1379 1355 388 432 903 1353 783 989 1367 1123 1391 1370 1359 787 1386 1371 1373 757 1005 727 90 522 1328 1358 1012 919 613 270 791 742 402 873 912 1357 1059 766 952 331 1359 840 1017 1375 972 1300 189 1332 1331 1392 1360 1386 998 1374 1349 1376 1360 1394 1362 1025 1353 1356 1126 1390 1372 1349 1390 1368 1396 0 1237 1356 1377 1353 553 401 681 1327 723 1047 351 1011
1466 1172 1473 1456 1483 1459 864 820 796 1457 1127 1450 1470 134 633 1474 1462 1336 1490 1474 1477 1246 896 1216 1220 730 626 1461 581 1380 1162 1179 984 1004 1138 1143 1016 1461 1163 1183 1056 1067 1462 927 1121 1479 863 599 1153 631 573 1496 1464 1490 766 1477 1453 1479 1464 1498 1466 1486 1457 655 1587 1493 1476 1453 1494 1472 1500 1226 0 1460 1481 1457 1102 1137 1218 1431 1260 1151 1175 902
94 1124 197 83 111 86 1254 1211 1769 84 664 552 98 1345 1644 101 90 1653 105 102 104 783 1047 753 1350 1222 1637 89 1592 648 1479 1309 994 962 1122 597 553 185 615 638 508 1182 186 937 573 106 873 1609 1283 1641 1584 99 91 115 1777 103 80 100 92 105 93 538 84 1665 477 99 103 81 95 100 95 1356 1460 0 205 181 1419 1247 715 89 822 347 1305 1053
212 1146 61 201 229 204 1275 1232 1790 202 686 573 216 1367 1665 219 208 1674 236 220 222 804 1068 775 1371 1243 1658 207 1613 669 1501 1331 1015 983 1144 618 575 72 637 659 529 1204 78 958 594 224 895 1631 1304 1663 1605 242 209 235 1798 223 198 225 209 243 211 559 202 1687 499 239 221 199 239 218 245 1377 1481 205 0 77 1441 1268 736 176 843 368 1326 1074
187 1121 69 177 204 180 1251 1208 1766 177 661 549 191 1342 1641 195 183 1650 211 195 197 780 1044 750 1347 1219 1634 182 1589 645 1476 1306 991 959 1119 594 550 57 612 635 505 1179 59 933 570 200 870 1606 1280 1638 1581 217 185 211 1774 198 173 200 185 219 187 535 178 1662 474 214 197 174 215 193 221 1353 1457 181 77 0 1416 1243 712 152 819 344 1302 1050
1426 499 1432 1415 1443 1418 264 308 503 1416 847 1052 1430 999 991 1433 1422 334 1450 1434 1436 820 881 791 547 398 928 1421 612 982 169 507 668 618 465 936 976 1421 1123 830 1015 394 1422 716 1080 1438 848 900 480 932 931 1456 1423 1450 597 1437 1412 1439 1424 1457 1425 1088 1416 956 1189 1453 1435 1413 1454 1432 1459 553 1113 1419 1441 1416 0 464 744 1390 787 1111 502 887
1253 171 1259 1243 1270 1246 275 318 789 1243 674 879 1257 1009 1277 1261 1249 673 1277 1261 1263 647 891 618 381 408 1214 1248 899 809 500 340 678 629 157 763 803 1248 950 657 842 227 1249 727 907 1266 858 1186 313 1219 1217 1283 1251 1277 884 1264 1239 1266 1251 1285 1253 915 1244 1242 1016 1280 1263 1240 1281 1259 1287 387 1123 1247 1268 1243 440 0 571 1218 614 938 336 897
722 449 728 711 738 714 579 536 1094 712 118 347 725 1084 1383 729 717 978 745 730 732 92 818 62 675 547 1376 716 1203 278 804 634 336 287 447 231 248 716 418 125 311 507 718 385 376 734 580 1348 608 1380 1322 751 719 745 1188 733 708 734 719 753 721 384 712 1404 484 749 731 708 749 727 755 681 1198 715 736 712 744 571 0 686 147 406 630 824
95 1095 168 85 112 88 1225 1182 1740 86 635 523 99 1316 1615 103 91 1624 119 103 105 754 1018 724 1321 1193 1608 90 1563 619 1450 1281 965 933 1093 568 525 156 587 609 479 1153 158 908 544 108 844 1581 1254 1613 1555 125 93 119 1748 106 82 108 93 127 95 509 86 1637 448 122 105 82 123 101 129 1327 1431 89 176 152 1390 1218 686 0 793 318 1276 1024
750 443 756 739 766 742 573 530 1088 740 170 375 753 1078 1377 757 745 972 773 758 760 144 852 114 669 541 1370 744 1197 306 798 628 330 281 441 259 299 744 446 153 339 501 746 379 404 762 574 1342 602 1374 1317 779 747 773 1183 761 736 762 747 781 749 412 740 1398 512 777 759 736 777 755 783 675 1192 743 764 740 738 565 68 714 0 434 624 858
354 816 360 343 370 346 946 902 1460 344 356 596 357 1037 1335 361 349 1344 377 362 364 474 738 445 1041 913 1328 348 1283 526 1171 1001 685 653 814 288 245 348 307 329 199 874 350 628 264 366 565 1301 974 1333 1275 383 351 377 1468 365 340 366 351 385 353 632 344 1357 599 381 363 340 381 359 387 1047 1151 347 368 344 1111 938 406 318 513 0 996 744
1312 384 1318 1301 1328 1304 337 381 852 1302 732 938 1316 1072 1340 1319 1308 736 1335 1320 1322 706 954 676 345 471 1277 1307 961 868 562 105 740 691 351 822 861 1306 1008 715 901 280 1308 789 966 1324 921 1249 244 1281 1280 1341 1309 1335 947 1323 1298 1325 1309 1343 1311 974 1302 1305 1075 1339 1321 1298 1339 1317 1345 351 1186 1305 1326 1302 502 350 630 1276 672 996 0 960
1059 1140 1066 1049 1076 1052 832 789 1249 1050 720 1043 1063 788 1086 1067 1055 1304 1083 1068 1070 839 84 809 1188 698 1080 1054 1034 973 1131 1148 577 598 1106 736 609 1054 756 776 649 1035 1055 520 714 1072 456 1052 1121 1084 1026 1089 1057 1083 1220 1071 1046 1072 1057 1091 1059 1079 1050 1108 1180 1087 1069 1046 1087 1065 1093 1194 902 1053 1074 1050 1071 1106 824 1024 936 744 1143 0
EOF