NAME : tsp_problem
TYPE : TSP
DIMENSION : 36
EDGE_WEIGHT_TYPE : EXPLICIT
EDGE_WEIGHT_FORMAT : FULL_MATRIX
EDGE_WEIGHT_SECTION
0 982 1597 80 1659 86 970 1469 1387 89 1354 645 1307 981 1519 1386 628 74 852 1581 81 538 816 696 1165 782 84 1408 101 1506 1566 541 463 1266 96 590
982 0 938 975 999 1001 119 809 727 994 694 695 648 494 859 913 643 1012 260 1094 946 804 496 631 760 535 979 921 1005 846 907 610 890 793 1008 660
1597 940 0 1591 272 1616 928 236 299 1609 405 1158 318 995 431 762 1106 1628 1006 500 1561 1267 959 1095 637 998 1595 992 1620 418 479 1091 1354 642 1623 1276
80 975 1591 0 1652 76 963 1463 1381 79 1347 639 1301 975 1512 1379 622 64 846 1575 74 532 809 689 1159 776 78 1401 92 1500 1560 535 457 1259 86 583
1659 1002 272 1652 0 1677 990 298 361 1670 467 1219 380 1056 492 823 1168 1689 1067 429 1623 1328 1021 1156 699 1060 1656 921 1682 480 540 1152 1415 703 1685 1337
86 1001 1616 76 1677 0 989 1488 1406 64 1373 664 1326 1000 1537 1405 647 49 871 1600 99 557 834 714 1184 801 84 1426 77 1525 1585 560 482 1284 72 608
970 119 925 963 987 989 0 797 715 982 682 683 636 482 847 901 631 1000 248 1082 934 792 484 619 748 523 967 909 993 834 895 598 878 781 996 648
1469 812 236 1463 298 1488 800 0 171 1481 277 1030 190 866 303 634 978 1499 877 526 1433 1139 831 966 509 870 1466 1018 1492 290 350 962 1225 513 1495 1147
1387 730 299 1381 361 1406 718 171 0 1399 195 948 108 784 150 551 896 1417 795 589 1351 1056 749 884 427 788 1384 1030 1410 137 198 880 1143 431 1413 1065
89 994 1609 79 1670 64 982 1481 1399 0 1366 657 1319 993 1530 1398 640 52 864 1593 92 550 827 708 1177 794 87 1420 79 1518 1578 553 475 1278 74 602
1354 697 405 1347 467 1373 685 277 195 1366 0 915 121 751 327 518 863 1384 762 695 1318 1023 716 851 394 755 1351 997 1377 314 374 847 1110 398 1380 1032
645 666 1158 639 1219 664 654 1030 948 657 915 0 868 900 1079 947 78 675 770 1447 609 203 376 145 726 351 642 1326 668 1067 1127 325 290 826 671 510
1307 650 318 1301 380 1326 638 190 108 1319 121 868 0 705 240 472 817 1338 716 608 1271 977 669 805 347 709 1305 950 1330 227 287 801 1064 352 1334 986
981 494 1178 975 1239 1000 482 1050 968 993 935 900 888 0 1099 1154 848 1012 365 953 945 1009 859 837 1029 768 979 780 1005 1087 1147 610 1096 1034 1008 660
1519 862 431 1512 492 1537 850 303 150 1530 327 1079 240 916 0 683 1028 1549 927 721 1483 1188 881 1016 559 920 1516 1161 1542 150 70 1012 1275 563 1545 1197
1386 916 762 1379 823 1405 904 634 551 1398 518 947 472 971 683 0 895 1416 981 1051 1350 1055 748 883 426 787 1383 1216 1409 671 731 879 1142 224 1412 1064
628 614 1106 622 1168 647 602 978 896 640 863 78 817 848 1028 895 0 658 719 1396 592 186 325 94 675 300 625 1275 651 1015 1075 274 273 775 654 459
74 1012 1628 64 1689 49 1000 1499 1417 52 1384 675 1338 1012 1549 1416 658 0 883 1612 111 569 846 726 1196 813 72 1438 65 1536 1597 572 494 1296 60 620
852 260 1067 846 1128 871 248 939 857 864 824 770 777 365 988 1043 719 883 0 964 816 879 625 707 889 638 849 791 875 976 1036 480 966 923 878 530
1581 1094 500 1575 429 1600 1082 526 589 1593 695 1447 608 953 721 1051 1396 1612 964 0 1545 1556 1249 1384 927 1288 1579 519 1604 708 768 1210 1643 931 1608 1260
81 946 1561 74 1623 99 934 1433 1351 92 1318 609 1271 945 1483 1350 592 111 816 1545 0 502 780 660 1129 746 78 1372 104 1470 1530 505 427 1230 107 554
538 775 1267 532 1328 557 763 1139 1056 550 1023 203 977 1009 1188 1055 186 569 879 1556 502 0 485 254 835 460 535 1435 561 1176 1236 434 183 935 564 619
737 418 911 730 972 755 406 782 700 748 667 297 621 782 832 699 246 767 548 1200 701 406 0 234 479 138 734 1135 760 819 880 230 493 579 763 415
696 602 1095 689 1156 714 590 966 884 708 851 145 805 837 1016 883 94 726 707 1384 660 254 313 0 663 288 693 1263 719 1003 1064 262 341 763 722 447
1165 753 637 1159 698 1184 741 508 426 1177 393 726 347 845 558 436 675 1196 856 926 1129 835 527 663 0 567 1163 1091 1188 545 606 659 922 316 1192 844
782 506 998 776 1060 801 494 870 788 794 755 351 709 768 920 787 300 813 636 1288 746 460 217 288 567 0 780 1194 805 907 967 284 547 667 809 461
84 979 1595 78 1656 84 967 1466 1384 87 1351 642 1305 979 1516 1383 625 72 849 1579 78 535 813 693 1163 780 0 1405 100 1503 1564 539 461 1263 94 587
1408 921 992 1401 921 1426 909 1018 1019 1420 986 1326 939 780 1150 1205 1275 1438 791 519 1372 1435 1203 1263 1080 1194 1405 0 1431 1138 1198 1036 1522 1085 1434 1086
101 1005 1620 92 1682 77 993 1492 1410 79 1377 668 1330 1005 1542 1409 651 65 875 1604 104 561 839 719 1188 805 100 1431 0 1529 1589 565 486 1289 87 613
1506 849 418 1500 480 1525 837 290 137 1518 314 1067 227 903 150 671 1015 1536 914 708 1470 1176 868 1003 546 907 1503 1149 1529 0 190 999 1262 550 1532 1184
1566 909 479 1560 540 1585 897 350 198 1578 374 1127 287 964 70 731 1075 1597 975 768 1530 1236 928 1064 606 967 1564 1209 1589 190 0 1060 1323 611 1593 1245
541 599 1091 535 1152 560 586 962 880 553 847 325 801 610 1012 879 274 572 480 1210 505 434 309 262 659 284 539 1036 565 999 1060 0 521 759 568 220
463 861 1354 457 1415 482 849 1225 1143 475 1110 290 1064 1096 1275 1142 273 494 966 1643 427 183 572 341 922 547 461 1522 486 1262 1323 521 0 1022 490 706
1266 796 642 1259 703 1284 784 513 431 1278 398 826 352 850 563 224 775 1296 861 931 1230 935 628 763 306 667 1263 1096 1289 550 611 759 1022 0 1292 944
96 1008 1623 86 1685 72 996 1495 1413 74 1380 671 1334 1008 1545 1412 654 60 878 1608 107 564 842 722 1192 809 94 1434 87 1532 1593 568 490 1292 0 616
590 660 1276 583 1337 608 648 1147 1065 602 1032 510 986 660 1197 1064 459 620 530 1260 554 619 494 447 844 461 587 1086 613 1184 1245 220 706 944 616 0
EOF