NAME : tsp_problem
TYPE : TSP
DIMENSION : 22
EDGE_WEIGHT_TYPE : EXPLICIT
EDGE_WEIGHT_FORMAT : FULL_MATRIX
EDGE_WEIGHT_SECTION
0 673 1594 61 42 569 1691 584 1564 998 223 1587 852 27 221 1268 658 1666 572 96 1420 735
673 0 1078 635 657 182 1176 167 1406 841 652 1429 336 682 650 754 290 1508 416 643 905 109
1594 1078 0 1556 1578 1214 329 1199 814 947 1573 992 931 1603 1571 560 1322 1071 1193 1564 268 1070
61 635 1556 0 81 531 1654 546 1526 961 185 1549 814 66 184 1230 620 1628 534 80 1382 698
42 657 1578 81 0 553 1676 569 1549 983 207 1571 836 46 206 1252 642 1650 556 102 1404 720
569 182 1214 531 553 0 1311 90 1542 976 548 1565 472 578 547 890 183 1643 551 539 1040 245
1691 1176 329 1654 1676 1311 0 1296 911 1045 1670 1090 1029 1700 1669 657 1420 1168 1291 1661 366 1168
584 167 1199 546 569 90 1296 0 1527 961 563 1550 457 593 562 875 198 1628 536 554 1025 229
1564 1406 814 1526 1549 1542 911 1527 0 892 1543 206 1303 1573 1542 786 1650 285 1164 1534 574 1398
998 841 1131 961 983 976 1228 961 892 0 977 915 851 1007 976 596 1084 994 598 968 957 832
223 652 1573 185 207 548 1670 563 1543 977 0 1566 831 232 56 1246 636 1644 550 193 1399 714
1587 1429 992 1549 1571 1565 1090 1550 206 915 1566 0 1358 1596 1565 809 1673 156 1187 1557 752 1421
773 257 883 735 757 393 980 378 1254 774 752 1290 0 782 750 559 501 1368 372 743 709 249
27 682 1603 66 46 578 1700 593 1573 1007 232 1596 861 0 230 1277 667 1675 581 100 1429 744
221 650 1571 184 206 547 1669 562 1542 976 56 1565 829 230 0 1245 635 1643 549 191 1398 713
1222 744 560 1184 1206 880 657 865 932 550 1201 958 597 1231 1199 0 988 1036 821 1192 386 736
658 290 1322 620 642 183 1420 198 1650 1084 636 1673 580 667 635 998 0 1752 660 628 1148 353
1666 1508 1071 1628 1650 1643 1168 1628 285 994 1644 156 1436 1675 1643 887 1752 0 1265 1636 831 1500
572 416 1193 534 556 551 1291 536 1164 598 550 1187 451 581 549 867 660 1265 0 542 1020 408
96 643 1564 80 102 539 1661 554 1534 968 193 1557 822 100 191 1238 628 1636 542 0 1390 705
1420 905 268 1382 1404 1040 366 1025 574 773 1399 752 757 1429 1398 386 1148 831 1020 1390 0 896
735 109 1070 698 720 245 1168 229 1398 832 714 1421 328 744 713 746 353 1500 408 705 896 0
EOF