NAME : tsp_problem
TYPE : TSP
DIMENSION : 82
EDGE_WEIGHT_TYPE : EXPLICIT
EDGE_WEIGHT_FORMAT : FULL_MATRIX
EDGE_WEIGHT_SECTION
0 1693 1522 918 563 685 561 993 1538 235 73 1758 246 214 1445 615 1034 211 924 231 240 1669 1206 317 234 195 715 718 472 1681 220 1140 248 1463 208 206 169 351 1613 229 234 1604 488 1317 690 982 1276 1570 585 943 1533 245 667 674 584 479 941 485 1388 208 559 333 1453 1259 82 270 1299 191 993 1639 246 238 696 561 1443 60 203 1768 249 233 758 1406
1693 0 1043 1098 1215 1528 1679 1173 1059 1701 1684 523 1712 1680 1430 1353 1244 1677 964 1697 1706 103 1191 1414 1700 1661 1524 1526 1772 639 1686 1270 1482 839 1675 1672 1635 1776 434 1695 1700 1125 1788 1301 1509 1162 1073 791 1673 983 1055 1711 1590 1596 1672 1779 1121 1785 1013 1674 1211 1398 1437 1058 1671 1460 1284 1657 1032 252 1712 1705 1504 1256 1428 1669 1572 102 1715 1699 1412 1247
1522 1043 0 822 1067 1000 1151 757 157 1530 1513 639 1542 1510 702 1182 516 1506 818 1526 1536 1019 463 1244 1529 1491 996 998 1244 474 1516 542 1311 256 1504 1501 1464 1367 1019 1524 1529 146 1259 574 981 822 346 363 1145 838 231 1541 1061 1068 1144 1250 806 1257 285 1503 1059 1227 710 363 1501 1289 556 1487 887 989 1542 1534 975 1023 700 1498 1402 1118 1545 1528 958 706
918 1098 819 0 440 612 763 157 835 926 909 1142 937 905 929 578 585 902 329 922 931 1074 690 639 925 886 608 610 856 977 911 691 707 760 900 897 860 979 1018 920 925 901 871 801 593 88 499 866 757 348 830 936 673 680 756 862 205 869 685 899 436 623 937 482 896 685 783 882 398 1044 937 929 587 481 927 894 797 1173 940 924 570 630
563 1215 1067 440 0 344 495 516 1083 571 554 1281 582 550 990 223 579 547 446 567 576 1191 751 284 570 531 339 341 588 1226 556 685 352 1008 545 542 505 646 1135 565 570 1149 603 862 325 505 821 1115 488 466 1079 581 405 412 487 594 463 600 933 544 30 268 998 804 541 330 844 527 515 1161 582 575 319 71 988 539 442 1290 585 569 227 951
685 1528 1000 583 344 0 203 519 1016 693 676 1323 705 673 923 452 512 670 759 689 699 1504 684 514 692 654 62 64 296 1158 679 617 581 940 667 664 627 419 1448 688 693 1082 312 795 73 583 753 1047 197 779 1011 704 113 120 196 302 567 309 865 666 335 498 930 736 664 559 777 650 828 1474 705 697 78 294 921 661 621 1603 708 691 347 884
561 1679 1151 734 495 203 0 670 1167 568 552 1474 580 548 1074 603 663 545 910 564 574 1655 835 610 567 529 233 235 171 1309 554 768 541 1091 542 540 503 294 1599 563 568 1233 187 945 208 734 904 1198 99 930 1162 579 185 191 98 178 718 184 1016 542 486 626 1081 887 539 563 928 525 979 1625 580 572 214 445 1072 536 496 1754 583 566 498 1035
993 1173 755 157 516 548 699 0 771 1001 984 1077 1013 980 865 653 521 977 404 997 1007 1149 626 715 1000 962 543 545 792 913 987 626 782 695 975 972 935 914 1093 995 1000 836 807 737 529 157 435 802 692 424 766 1012 609 616 691 798 73 804 620 974 512 698 872 418 972 760 719 957 473 1119 1013 1005 523 556 863 969 872 1248 1016 999 506 565
1538 1059 157 837 1083 1016 1167 773 0 1546 1529 654 1558 1525 718 1198 532 1522 834 1542 1552 1035 479 1259 1545 1507 1011 1014 1260 490 1532 558 1327 272 1520 1517 1480 1382 1035 1540 1545 162 1275 590 997 838 362 379 1161 853 93 1557 1077 1084 1159 1266 822 1273 301 1519 1075 1243 726 379 1516 1305 572 1502 903 1005 1558 1550 991 1039 716 1514 1417 1134 1561 1544 974 722
235 1701 1530 926 571 693 568 1001 1546 0 226 1766 33 59 1453 623 1042 73 932 31 45 1677 1214 325 38 97 723 725 480 1688 51 1147 256 1470 53 72 110 359 1620 35 36 1612 496 1325 698 990 1283 1577 592 951 1541 32 675 681 591 487 948 493 1396 68 567 341 1461 1266 213 278 1307 94 1001 1646 33 41 704 569 1451 210 211 1776 36 55 766 1414
73 1684 1513 909 554 676 552 984 1529 226 0 1749 237 205 1436 606 1025 202 915 222 231 1660 1197 308 225 186 706 709 463 1672 211 1131 239 1454 199 197 160 342 1604 220 225 1595 479 1308 681 973 1267 1561 576 934 1524 236 658 665 575 470 932 476 1379 199 550 324 1444 1250 73 261 1290 182 984 1630 237 229 687 552 1434 51 194 1759 240 224 749 1397
1758 523 639 1144 1281 1323 1474 1080 654 1766 1749 0 1778 1746 1025 1418 839 1743 1029 1762 1772 499 786 1480 1765 1727 1318 1320 1567 234 1752 865 1547 434 1740 1737 1700 1689 499 1760 1766 720 1582 897 1304 1145 669 387 1467 1048 650 1777 1384 1391 1466 1573 1129 1579 608 1739 1277 1463 1033 686 1737 1525 879 1723 1098 469 1778 1770 1298 1321 1023 1734 1638 598 1781 1764 1281 1028
246 1712 1542 937 582 705 580 1013 1558 33 237 1778 0 61 1465 634 1053 75 943 33 47 1689 1226 337 40 99 735 737 492 1700 53 1159 268 1482 55 73 122 371 1632 37 38 1623 507 1336 710 1002 1295 1589 604 963 1553 34 687 693 603 498 960 505 1407 70 578 353 1472 1278 225 290 1319 96 1012 1658 35 43 715 581 1462 222 222 1787 38 57 778 1426
214 1680 1510 905 550 673 548 980 1525 59 205 1746 61 0 1433 602 1021 101 911 59 74 1656 1194 304 66 86 703 705 460 1668 80 1127 236 1450 81 97 90 338 1600 63 64 1591 475 1304 678 970 1263 1557 572 931 1521 60 654 661 571 466 928 472 1375 96 546 321 1440 1246 193 257 1286 82 980 1626 61 70 683 548 1430 190 190 1755 64 83 746 1394
1445 1430 702 932 990 923 1074 868 718 1453 1436 1025 1465 1433 0 1105 439 1429 928 1449 1459 1406 346 1167 1452 1414 918 921 1167 861 1439 465 1234 643 1427 1424 1387 1290 1406 1447 1452 784 1182 157 904 932 456 750 1068 948 714 1464 984 991 1067 1173 916 1180 568 1426 982 1150 110 473 1424 1212 351 1410 997 1375 1465 1457 898 946 148 1421 1325 1505 1468 1451 881 816
615 1353 1182 578 223 452 603 653 1198 623 606 1418 634 602 1105 0 694 599 584 619 628 1329 866 336 622 583 448 450 696 1340 608 799 404 1122 597 594 557 698 1272 617 622 1264 712 977 433 642 935 1229 597 603 1193 633 514 520 596 703 600 709 1048 596 219 320 1113 918 593 382 959 579 653 1298 634 626 428 221 1103 591 494 1428 637 621 418 1066
1034 1244 516 578 579 512 663 514 532 1042 1025 839 1053 1021 439 694 0 1018 742 1038 1047 1220 200 755 1041 1002 507 509 756 675 1027 134 823 457 1016 1013 976 878 1220 1036 1041 598 771 311 492 579 270 563 656 762 527 1052 573 580 655 762 563 768 382 1015 571 739 447 287 1012 801 293 998 811 1189 1053 1046 487 535 437 1010 913 1319 1056 1040 470 630
211 1677 1506 902 547 670 545 977 1522 73 202 1743 75 101 1429 599 1018 0 908 72 87 1653 1190 301 80 83 700 702 457 1665 93 1124 233 1447 95 94 87 335 1597 76 77 1588 472 1301 675 966 1260 1554 569 927 1518 74 651 658 568 463 925 469 1372 96 543 318 1437 1243 189 254 1283 79 977 1623 74 83 680 545 1427 187 187 1752 78 97 743 1391
924 964 1002 329 446 759 910 404 1017 932 915 1029 943 911 1112 584 890 908 0 928 937 940 873 645 931 892 755 757 1003 1145 917 952 713 942 906 903 866 1007 883 926 931 1083 1019 983 740 393 682 1049 904 42 1013 942 821 827 903 1010 352 1016 867 905 442 629 1119 665 902 691 966 888 92 909 943 936 735 487 1110 900 803 1039 946 930 643 853
231 1697 1526 922 567 689 564 997 1542 31 222 1762 33 59 1449 619 1038 72 928 0 45 1673 1210 321 38 96 719 722 476 1685 51 1144 252 1467 53 71 107 355 1616 35 36 1608 492 1321 694 986 1280 1573 589 947 1537 32 671 678 588 483 945 489 1392 68 563 337 1457 1263 209 274 1303 94 997 1642 33 41 700 565 1447 206 207 1772 36 55 762 1410
240 1706 1536 931 576 699 574 1007 1552 45 231 1772 47 74 1459 628 1047 87 937 45 0 1683 1220 331 52 111 729 731 486 1694 66 1153 262 1476 67 86 116 365 1626 49 50 1617 501 1330 704 996 1289 1583 598 957 1547 46 681 687 597 492 954 499 1401 82 572 347 1466 1272 219 284 1313 108 1006 1652 47 56 709 575 1457 216 216 1781 50 69 772 1420
1669 103 1019 1074 1191 1504 1655 1149 1035 1677 1660 499 1689 1656 1406 1329 1220 1653 940 1673 1683 0 1167 1390 1676 1638 1500 1502 1748 615 1662 1246 1458 815 1651 1648 1611 1752 410 1671 1676 1101 1764 1278 1485 1138 1049 767 1649 959 1031 1688 1566 1572 1648 1755 1097 1761 989 1650 1187 1374 1414 1034 1647 1436 1260 1633 1009 228 1688 1681 1480 1232 1404 1645 1548 126 1692 1675 1388 1223
1206 1191 463 693 751 684 835 629 479 1214 1197 786 1226 1194 346 866 200 1190 689 1210 1220 1167 0 928 1213 1175 679 682 928 622 1200 226 995 404 1188 1185 1148 1051 1167 1208 1213 545 943 218 665 693 217 511 829 709 475 1225 745 752 828 934 677 941 329 1187 743 911 354 234 1185 973 128 1171 758 1136 1226 1218 659 707 344 1182 1086 1266 1229 1212 642 577
317 1414 1244 639 284 514 610 715 1259 325 308 1480 337 304 1167 336 755 301 645 321 331 1390 928 0 324 286 509 512 522 1402 311 861 106 1184 299 296 259 400 1334 319 324 1325 537 1038 495 704 997 1291 634 665 1255 336 575 582 633 528 662 534 1109 298 280 91 1174 980 295 84 1020 281 714 1360 337 329 489 283 1164 293 196 1489 340 323 480 1128
234 1700 1529 925 570 692 567 1000 1545 38 225 1765 40 66 1452 622 1041 80 931 38 52 1676 1213 324 0 104 722 724 479 1687 58 1146 255 1469 60 79 109 358 1619 42 43 1611 495 1324 697 989 1282 1576 591 950 1540 39 674 680 590 486 947 492 1395 75 566 340 1460 1265 212 277 1306 101 1000 1645 40 48 703 568 1450 209 210 1775 43 62 765 1413
195 1661 1491 886 531 654 529 962 1507 97 186 1727 99 86 1414 583 1002 83 892 96 111 1638 1175 286 104 0 684 686 441 1649 92 1108 217 1431 80 78 71 320 1581 100 101 1572 456 1285 659 951 1244 1538 553 912 1502 98 636 642 552 447 909 454 1356 80 527 302 1421 1227 174 239 1268 63 961 1607 98 107 664 530 1411 171 171 1736 101 105 727 1375
715 1524 996 579 339 62 233 514 1011 723 706 1318 735 703 918 448 507 700 755 719 729 1500 679 509 722 684 0 30 326 1154 709 613 577 936 697 694 657 449 1444 718 723 1077 342 790 92 579 749 1043 227 774 1007 734 143 150 226 332 563 339 861 696 331 493 926 732 694 555 772 680 824 1470 735 727 86 289 916 691 651 1599 738 721 342 880
718 1526 998 581 341 64 235 516 1014 725 709 1320 737 705 921 450 509 702 757 722 731 1502 682 512 724 686 30 0 328 1156 711 615 579 938 699 697 660 451 1446 720 725 1079 344 792 94 581 751 1045 229 777 1009 736 146 152 228 335 565 341 863 699 333 495 928 734 696 557 775 682 826 1472 737 729 89 291 919 693 653 1601 740 724 345 882
472 1772 1244 827 588 296 171 763 1260 480 463 1567 492 460 1167 696 756 457 1003 476 486 1748 928 522 479 441 326 328 0 1402 466 861 453 1184 454 451 414 206 1692 475 480 1326 72 1039 301 827 997 1291 195 1023 1255 491 278 284 194 40 811 69 1110 453 579 538 1175 980 451 475 1021 437 1072 1718 492 484 307 538 1165 448 408 1847 495 478 591 1128
1681 639 474 980 1226 1158 1309 916 490 1688 1672 234 1700 1668 861 1340 675 1665 977 1685 1694 615 622 1402 1687 1649 1154 1156 1402 0 1674 701 1469 270 1662 1660 1623 1525 615 1683 1688 556 1418 732 1139 980 504 222 1303 996 485 1699 1220 1226 1302 1409 964 1415 444 1662 1217 1386 868 521 1659 1448 715 1645 1046 584 1700 1692 1134 1182 859 1656 1560 714 1703 1687 1117 864
220 1686 1516 911 556 679 554 987 1532 51 211 1752 53 80 1439 608 1027 93 917 51 66 1662 1200 311 58 92 709 711 466 1674 0 1133 242 1456 73 92 96 345 1606 55 56 1597 481 1310 684 976 1269 1563 578 937 1527 52 661 667 577 472 934 479 1381 88 552 327 1446 1252 199 264 1293 88 986 1632 53 62 689 555 1436 196 196 1761 56 75 752 1400
1140 1270 542 684 685 617 768 620 558 1147 1131 865 1159 1127 465 799 134 1124 768 1144 1153 1246 226 861 1146 1108 613 615 861 701 1133 0 928 483 1121 1119 1082 984 1246 1142 1147 624 877 337 598 684 296 590 762 788 554 1158 679 685 761 868 668 874 408 1121 676 845 473 313 1118 907 319 1104 837 1216 1159 1151 593 641 463 1115 1019 1345 1162 1146 576 656
248 1482 1311 707 352 581 541 782 1327 256 239 1547 268 236 1234 404 823 233 713 252 262 1458 995 106 255 217 577 579 453 1469 242 928 0 1251 230 227 190 332 1401 251 256 1393 469 1106 562 771 1064 1358 565 732 1322 267 643 649 564 459 729 466 1177 229 348 122 1242 1047 227 85 1088 213 782 1427 268 260 557 350 1232 224 128 1557 271 254 547 1195
1463 839 256 762 1008 940 1091 698 272 1470 1454 434 1482 1450 643 1122 457 1447 759 1467 1476 815 404 1184 1469 1431 936 938 1184 270 1456 483 1251 0 1444 1442 1405 1307 815 1465 1470 338 1200 514 921 762 286 159 1085 778 268 1481 1002 1008 1084 1191 746 1197 226 1444 999 1168 650 303 1441 1230 497 1427 828 785 1482 1474 916 964 641 1438 1342 914 1485 1469 899 646
208 1675 1504 900 545 667 542 975 1520 53 199 1740 55 81 1427 597 1016 95 906 53 67 1651 1188 299 60 80 697 699 454 1662 73 1121 230 1444 0 91 84 333 1594 57 58 1586 469 1299 672 964 1257 1551 566 925 1515 54 649 655 565 460 922 467 1369 90 541 315 1434 1240 187 252 1281 76 975 1620 55 63 678 543 1425 184 185 1750 58 77 740 1388
206 1672 1501 897 542 664 540 972 1517 72 197 1737 73 97 1424 594 1013 94 903 71 86 1648 1185 296 79 78 694 697 451 1660 92 1119 227 1442 91 0 82 330 1592 75 76 1583 467 1296 669 961 1255 1549 564 922 1512 73 646 653 563 458 920 464 1367 90 538 312 1432 1238 184 249 1278 74 972 1618 73 82 675 540 1422 181 182 1747 76 96 737 1385
169 1635 1464 860 505 627 503 935 1480 110 160 1700 122 90 1387 557 976 87 866 107 116 1611 1148 259 109 71 657 660 414 1623 96 1082 190 1405 84 82 0 293 1555 105 110 1546 430 1259 632 924 1218 1512 527 885 1475 121 609 616 526 421 883 427 1330 84 501 275 1395 1201 147 212 1241 67 935 1581 122 114 638 503 1385 144 145 1710 125 109 700 1348
351 1776 1367 950 646 419 294 885 1382 359 342 1689 371 338 1290 698 878 335 1007 355 365 1752 1051 400 358 320 449 451 206 1525 345 984 332 1307 333 330 293 0 1696 353 358 1448 221 1161 424 950 1120 1414 318 1027 1378 370 400 407 317 212 934 218 1232 332 642 417 1297 1103 329 353 1143 315 1076 1722 371 363 429 645 1287 327 286 1851 374 357 714 1251
1613 434 1019 1018 1135 1448 1599 1093 1035 1620 1604 499 1632 1600 1406 1272 1220 1597 883 1616 1626 410 1167 1334 1619 1581 1444 1446 1692 615 1606 1246 1401 815 1594 1592 1555 1696 0 1615 1620 1101 1707 1277 1429 1082 995 767 1593 903 1031 1631 1509 1516 1592 1698 1040 1705 989 1594 1131 1318 1413 978 1591 1380 1260 1577 952 379 1632 1624 1423 1176 1404 1588 1492 509 1635 1618 1331 1166
229 1695 1524 920 565 688 563 995 1540 35 220 1760 37 63 1447 617 1036 76 926 35 49 1671 1208 319 42 100 718 720 475 1683 55 1142 251 1465 57 75 105 353 1615 0 39 1606 490 1319 693 984 1278 1572 587 945 1536 36 669 676 586 481 943 487 1390 71 561 336 1455 1261 207 272 1301 97 995 1641 37 45 698 563 1445 205 205 1770 40 59 761 1408
234 1700 1529 925 570 693 568 1000 1545 36 225 1766 38 64 1452 622 1041 77 931 36 50 1676 1213 324 43 101 723 725 480 1688 56 1147 256 1470 58 76 110 358 1620 39 0 1611 495 1324 698 989 1283 1577 592 951 1541 37 674 681 591 486 948 492 1395 72 566 341 1460 1266 212 277 1306 99 1000 1646 38 46 703 568 1450 210 210 1775 41 60 766 1414
1604 1125 146 903 1149 1082 1233 839 162 1612 1595 720 1623 1591 784 1264 598 1588 900 1608 1617 1101 545 1325 1611 1572 1077 1079 1326 556 1597 624 1393 338 1586 1583 1546 1448 1101 1606 1611 0 1341 656 1062 904 428 445 1226 919 162 1622 1143 1150 1225 1332 888 1338 367 1585 1141 1309 792 445 1582 1371 638 1568 969 1071 1623 1615 1057 1105 782 1580 1483 1200 1626 1610 1040 787
488 1788 1259 842 603 312 187 778 1275 496 479 1582 507 475 1182 712 771 472 1019 492 501 1764 943 537 495 456 342 344 72 1418 481 877 469 1200 469 467 430 221 1707 490 495 1341 0 1054 317 843 1013 1307 211 1038 1271 506 293 300 210 78 827 32 1125 469 595 553 1190 996 466 490 1036 452 1088 1733 507 499 322 553 1180 463 423 1863 510 494 606 1143
1317 1301 574 803 862 795 945 739 590 1325 1308 897 1336 1304 157 977 311 1301 800 1321 1330 1278 218 1038 1324 1285 790 792 1039 732 1310 337 1106 514 1299 1296 1259 1161 1277 1319 1324 656 1054 0 775 804 328 621 939 819 585 1335 856 862 938 1045 788 1051 440 1298 854 1022 165 345 1295 1084 235 1281 869 1247 1336 1328 770 818 203 1292 1196 1376 1339 1323 753 687
690 1509 981 564 325 73 208 500 997 698 681 1304 710 678 904 433 492 675 740 694 704 1485 665 495 697 659 92 94 301 1139 684 598 562 921 672 669 632 424 1429 693 698 1062 317 775 0 564 734 1028 202 760 992 709 118 125 201 308 548 314 846 671 316 478 911 717 669 540 758 655 809 1455 710 702 70 275 902 666 626 1584 713 696 328 865
982 1162 819 88 505 612 763 157 835 990 973 1142 1002 970 929 642 585 966 393 986 996 1138 690 704 989 951 608 610 856 978 976 691 771 760 964 961 924 979 1082 984 989 901 872 801 593 0 499 867 757 413 830 1001 674 680 756 863 206 869 685 963 501 687 937 482 961 749 783 947 462 1108 1002 994 587 545 927 958 862 1237 1005 988 571 630
1228 1073 346 502 750 743 894 437 362 1235 1219 669 1247 1215 456 887 270 1212 498 1231 1241 1049 217 949 1234 1196 739 741 987 504 1221 296 1016 286 1209 1207 1170 1110 1006 1230 1235 428 1002 328 724 502 0 393 888 518 357 1246 804 811 887 993 486 1000 211 1209 746 933 464 91 1206 995 310 1192 567 1019 1247 1239 718 766 454 1203 1107 1148 1250 1234 701 386
1570 791 363 869 1115 1047 1198 805 379 1577 1561 387 1589 1557 750 1229 563 1554 866 1573 1583 767 511 1291 1576 1538 1043 1045 1291 222 1563 590 1358 159 1551 1549 1512 1414 767 1572 1577 445 1307 621 1028 869 393 0 1192 885 374 1588 1109 1115 1191 1298 853 1304 333 1551 1106 1275 757 410 1548 1337 604 1534 935 737 1589 1581 1023 1071 747 1545 1449 866 1592 1575 1006 753
585 1673 1145 728 488 197 99 663 1161 592 576 1467 604 572 1068 597 656 569 904 589 598 1649 829 634 591 553 227 229 195 1303 578 762 565 1085 566 564 527 318 1593 587 592 1226 211 939 202 728 898 1192 0 923 1156 603 179 185 49 202 712 208 1010 566 480 642 1075 881 563 587 922 549 973 1619 604 596 207 438 1065 560 520 1748 607 591 492 1029
943 983 1021 348 466 779 930 424 1037 951 934 1048 963 931 1131 603 910 927 42 947 957 959 892 665 950 912 774 777 1023 1164 937 971 732 961 925 922 885 1027 903 945 951 1103 1038 1003 760 413 701 1068 923 0 1032 962 840 847 922 1029 371 1035 887 924 462 648 1139 684 922 710 985 908 97 929 963 955 754 506 1129 919 823 1058 966 949 662 872
1533 1055 231 833 1079 1011 1162 769 93 1541 1524 650 1553 1521 714 1193 527 1518 829 1537 1547 1031 475 1255 1540 1502 1007 1009 1255 485 1527 554 1322 268 1515 1512 1475 1378 1031 1536 1541 162 1271 585 992 833 357 374 1156 849 0 1552 1073 1079 1155 1262 817 1268 296 1514 1070 1239 721 374 1512 1300 567 1498 898 1000 1553 1545 987 1035 711 1509 1413 1130 1556 1539 970 717
245 1711 1541 936 581 704 579 1012 1557 32 236 1777 34 60 1464 633 1052 74 942 32 46 1688 1225 336 39 98 734 736 491 1699 52 1158 267 1481 54 73 121 370 1631 36 37 1622 506 1335 709 1001 1294 1588 603 962 1552 0 686 692 602 497 959 504 1406 69 577 352 1471 1277 224 289 1318 95 1011 1657 34 42 714 580 1462 221 221 1786 37 56 777 1425
667 1590 1061 644 405 113 185 580 1077 675 658 1384 687 654 984 514 573 651 821 671 681 1566 745 575 674 636 143 146 278 1220 661 679 643 1002 649 646 609 400 1509 669 674 1143 293 856 118 645 815 1109 179 840 1073 686 0 31 178 284 629 291 927 648 397 559 992 798 646 621 838 631 890 1535 687 679 124 355 982 643 602 1665 690 673 408 945
674 1596 1068 651 412 120 191 587 1084 681 665 1391 693 661 991 520 580 658 827 678 687 1572 752 582 680 642 150 152 284 1226 667 685 649 1008 655 653 616 407 1516 676 681 1150 300 862 125 651 821 1115 185 847 1079 692 31 0 184 291 635 297 933 655 403 566 998 804 652 627 845 638 896 1542 693 685 130 362 989 649 609 1671 696 680 415 952
584 1672 1144 727 487 196 98 662 1159 591 575 1466 603 571 1067 596 655 568 903 588 597 1648 828 633 590 552 226 228 194 1302 577 761 564 1084 565 563 526 317 1592 586 591 1225 210 938 201 727 897 1191 49 922 1155 602 178 184 0 201 711 207 1009 565 479 641 1074 880 562 586 920 548 972 1618 603 595 206 437 1064 559 519 1747 606 590 491 1028
479 1779 1250 833 594 302 178 769 1266 487 470 1573 498 466 1173 703 762 463 1010 483 492 1755 934 528 486 447 332 335 40 1409 472 868 459 1191 460 458 421 212 1698 481 486 1332 78 1045 308 834 1004 1298 202 1029 1262 497 284 291 201 0 818 76 1116 460 586 544 1181 987 457 481 1027 443 1079 1724 498 490 313 544 1171 454 414 1854 501 485 597 1134
941 1121 803 205 463 596 747 73 819 948 932 1126 960 928 914 600 569 925 352 945 954 1097 674 662 947 909 592 594 840 962 934 675 729 744 922 920 883 963 1040 943 948 885 856 785 577 206 483 851 741 371 815 959 658 664 740 847 0 853 669 922 459 646 921 466 919 708 767 905 421 1066 960 952 572 504 911 916 820 1196 963 947 555 614
485 1785 1257 840 600 309 184 775 1273 493 476 1579 505 472 1180 709 768 469 1016 489 499 1761 941 534 492 454 339 341 69 1415 479 874 466 1197 467 464 427 218 1705 487 492 1338 32 1051 314 840 1010 1304 208 1035 1268 504 291 297 207 76 824 0 1122 466 592 551 1187 993 464 488 1034 449 1085 1731 505 497 319 550 1177 461 420 1860 508 491 604 1141
1388 1013 285 687 933 865 1016 623 301 1396 1379 608 1407 1375 568 1048 382 1372 684 1392 1401 989 329 1109 1395 1356 861 863 1110 444 1381 408 1177 226 1369 1367 1330 1232 989 1390 1395 367 1125 440 846 687 211 333 1010 703 296 1406 927 933 1009 1116 672 1122 0 1369 925 1093 575 228 1366 1155 422 1352 753 958 1407 1399 841 889 566 1363 1267 1088 1410 1394 824 571
208 1674 1503 899 544 666 542 974 1519 68 199 1739 70 96 1426 596 1015 96 905 68 82 1650 1187 298 75 80 696 699 453 1662 88 1121 229 1444 90 90 84 332 1594 71 72 1585 469 1298 671 963 1257 1551 566 924 1514 69 648 655 565 460 922 466 1369 0 540 314 1434 1240 186 251 1280 76 974 1620 70 78 677 542 1424 183 184 1749 73 92 739 1387
559 1211 1059 436 30 335 486 512 1075 567 550 1277 578 546 982 219 571 543 442 563 572 1187 743 280 566 527 331 333 579 1217 552 676 348 999 541 538 501 642 1131 561 566 1141 595 854 316 501 812 1106 480 462 1070 577 397 403 479 586 459 592 925 540 0 264 990 795 537 326 836 523 511 1157 578 571 311 63 980 535 438 1286 581 565 219 943
333 1398 1227 623 268 498 626 698 1243 341 324 1463 353 321 1150 320 739 318 629 337 347 1374 911 91 340 302 493 495 538 1386 327 845 122 1168 315 312 275 417 1318 336 341 1309 553 1022 478 687 981 1275 642 648 1239 352 559 566 641 544 646 551 1093 314 264 0 1158 964 312 100 1004 298 698 1344 353 345 473 266 1148 309 213 1473 356 339 463 1111
1453 1437 710 939 998 930 1081 875 726 1461 1444 1033 1472 1440 110 1113 447 1437 936 1457 1466 1414 354 1174 1460 1421 926 928 1175 868 1446 473 1242 650 1434 1432 1395 1297 1413 1455 1460 792 1190 165 911 940 464 757 1075 955 721 1471 992 998 1074 1181 924 1187 575 1434 990 1158 0 481 1431 1220 359 1417 1005 1383 1472 1464 906 954 155 1428 1332 1512 1475 1459 889 823
1211 1069 363 485 733 726 877 420 379 1218 1202 686 1230 1198 473 870 287 1195 481 1215 1224 1045 234 932 1217 1179 722 724 970 521 1204 313 999 303 1192 1190 1153 1093 989 1213 1218 445 986 345 707 485 91 410 871 501 374 1229 787 794 870 977 469 983 228 1192 729 916 481 0 1189 978 327 1175 550 1015 1230 1222 701 749 471 1186 1090 1144 1233 1217 685 369
82 1671 1501 896 541 664 539 972 1516 213 73 1737 225 193 1424 593 1012 189 902 209 219 1647 1185 295 212 174 694 696 451 1659 199 1118 227 1441 187 184 147 329 1591 207 212 1582 466 1295 669 961 1254 1548 563 922 1512 224 646 652 562 457 919 464 1366 186 537 312 1431 1237 0 249 1277 170 971 1617 225 217 674 540 1421 58 181 1746 228 211 737 1385
270 1460 1289 685 330 559 563 760 1305 278 261 1525 290 257 1212 382 801 254 691 274 284 1436 973 84 277 239 555 557 475 1448 264 907 85 1230 252 249 212 353 1380 272 277 1371 490 1084 540 749 1043 1337 587 710 1300 289 621 627 586 481 708 488 1155 251 326 100 1220 1026 249 0 1066 234 760 1406 290 282 535 328 1210 246 149 1535 293 276 525 1173
1299 1284 556 786 844 777 928 721 572 1307 1290 879 1319 1286 351 959 293 1283 782 1303 1313 1260 128 1020 1306 1268 772 775 1021 715 1293 319 1088 497 1281 1278 1241 1143 1260 1301 1306 638 1036 235 758 786 310 604 922 802 567 1318 838 845 920 1027 770 1034 422 1280 836 1004 359 327 1277 1066 0 1263 851 1229 1318 1311 752 800 366 1275 1178 1359 1322 1305 735 670
191 1657 1487 882 527 650 525 957 1502 94 182 1723 96 82 1410 579 998 79 888 94 108 1633 1171 281 101 63 680 682 437 1645 88 1104 213 1427 76 74 67 315 1577 97 99 1568 452 1281 655 947 1240 1534 549 908 1498 95 631 638 548 443 905 449 1352 76 523 298 1417 1223 170 234 1263 0 957 1603 96 104 660 525 1407 167 167 1732 99 101 723 1371
993 1032 1071 398 515 828 979 473 1086 1001 984 1098 1012 980 1181 653 959 977 92 997 1006 1009 942 714 1000 961 824 826 1072 1213 986 1021 782 1011 975 972 935 1076 952 995 1000 1152 1088 1052 809 462 750 1118 973 97 1082 1011 890 896 972 1079 421 1085 936 974 511 698 1188 734 971 760 1035 957 0 978 1012 1004 804 556 1178 968 872 1107 1015 999 711 922
1639 252 989 1044 1161 1474 1625 1119 1005 1646 1630 469 1658 1626 1375 1298 1189 1623 909 1642 1652 228 1136 1360 1645 1607 1470 1472 1718 584 1632 1216 1427 785 1620 1618 1581 1722 379 1641 1646 1071 1733 1247 1455 1108 1019 737 1619 929 1000 1657 1535 1542 1618 1724 1066 1731 958 1620 1157 1344 1383 1004 1617 1406 1229 1603 978 0 1658 1650 1449 1202 1373 1614 1518 327 1661 1644 1357 1192
246 1712 1542 937 582 705 580 1013 1558 33 237 1778 35 61 1465 634 1053 74 943 33 47 1688 1226 337 40 98 735 737 492 1700 53 1159 268 1482 55 73 122 371 1632 37 38 1623 507 1336 710 1002 1295 1589 604 963 1553 34 687 693 603 498 960 505 1407 70 578 353 1472 1278 225 290 1318 96 1012 1658 0 43 715 581 1462 222 222 1787 38 57 778 1426
238 1705 1534 929 575 697 572 1005 1550 41 229 1770 43 70 1457 626 1046 83 936 41 56 1681 1218 329 48 107 727 729 484 1692 62 1151 260 1474 63 82 114 363 1624 45 46 1615 499 1328 702 994 1287 1581 596 955 1545 42 679 685 595 490 952 497 1399 78 571 345 1464 1270 217 282 1311 104 1004 1650 43 0 707 573 1455 214 215 1779 46 65 770 1418
696 1504 975 558 319 78 214 494 991 704 687 1298 715 683 898 428 487 680 735 700 709 1480 659 489 703 664 86 89 307 1134 689 593 557 916 678 675 638 429 1423 698 703 1057 322 770 70 558 729 1023 207 754 987 714 124 130 206 313 543 319 841 677 311 473 906 712 674 535 752 660 804 1449 715 707 0 269 896 672 631 1579 718 702 322 859
561 1256 1023 481 71 294 445 542 1039 569 552 1321 581 548 946 221 535 545 487 565 575 1232 707 283 568 530 289 291 538 1182 555 641 350 964 543 540 503 645 1176 563 568 1105 553 818 275 545 777 1071 438 506 1035 580 355 362 437 544 504 550 889 542 63 266 954 760 540 328 800 525 556 1202 581 573 269 0 944 537 440 1331 584 567 218 907
1443 1428 700 930 988 921 1072 865 716 1451 1434 1023 1462 1430 148 1103 437 1427 926 1447 1457 1404 344 1164 1450 1411 916 919 1165 859 1436 463 1232 641 1425 1422 1385 1287 1404 1445 1450 782 1180 203 902 930 454 747 1065 946 711 1462 982 989 1064 1171 914 1177 566 1424 980 1148 155 471 1421 1210 366 1407 995 1373 1462 1455 896 944 0 1419 1322 1503 1465 1449 879 814
60 1669 1498 894 539 661 536 969 1514 210 51 1734 222 190 1421 591 1010 187 900 206 216 1645 1182 293 209 171 691 693 448 1656 196 1115 224 1438 184 181 144 327 1588 205 210 1580 463 1292 666 958 1251 1545 560 919 1509 221 643 649 559 454 916 461 1363 183 535 309 1428 1234 58 246 1275 167 968 1614 222 214 672 537 1419 0 179 1744 225 208 734 1382
203 1572 1402 797 442 621 496 872 1417 211 194 1638 222 190 1325 494 913 187 803 207 216 1548 1086 196 210 171 651 653 408 1560 196 1019 128 1342 185 182 145 286 1492 205 210 1483 423 1196 626 862 1155 1449 520 823 1413 221 602 609 519 414 820 420 1267 184 438 213 1332 1138 181 149 1178 167 872 1518 222 215 631 440 1322 179 0 1647 225 209 638 1286
1768 102 1118 1173 1290 1603 1754 1248 1134 1776 1759 598 1787 1755 1505 1428 1319 1752 1039 1772 1781 126 1266 1489 1775 1736 1599 1601 1847 714 1761 1345 1557 914 1750 1747 1710 1851 509 1770 1775 1200 1863 1376 1584 1237 1148 866 1748 1058 1130 1786 1665 1671 1747 1854 1196 1860 1088 1749 1286 1473 1512 1133 1746 1535 1359 1732 1107 327 1787 1779 1579 1331 1503 1744 1647 0 1790 1774 1487 1322
249 1715 1545 940 585 708 583 1016 1561 36 240 1781 38 64 1468 637 1056 78 946 36 50 1692 1229 340 43 101 738 740 495 1703 56 1162 271 1485 58 76 125 374 1635 40 41 1626 510 1339 713 1005 1298 1592 607 966 1556 37 690 696 606 501 963 508 1410 73 581 356 1475 1281 228 293 1322 99 1015 1661 38 46 718 584 1465 225 225 1790 0 60 781 1429
233 1699 1528 924 569 691 566 999 1544 55 224 1764 57 83 1451 621 1040 97 930 55 69 1675 1212 323 62 105 721 724 478 1687 75 1146 254 1469 77 96 109 357 1618 59 60 1610 494 1323 696 988 1282 1575 591 949 1539 56 673 680 590 485 947 491 1394 92 565 339 1459 1265 211 276 1305 101 999 1644 57 65 702 567 1449 208 209 1774 60 0 764 1412
758 1412 958 541 227 347 498 477 974 766 749 1281 778 746 881 418 470 743 643 762 772 1388 642 480 765 727 342 345 591 1117 752 576 547 899 740 737 700 714 1331 761 766 1040 606 753 328 542 712 1006 492 662 970 777 408 415 491 597 526 604 824 739 219 463 889 695 737 525 735 723 711 1357 778 770 322 218 879 734 638 1487 781 764 0 842
1068 772 810 473 591 904 1055 549 826 1076 1059 838 1088 1056 920 728 734 1053 339 1072 1082 748 681 790 1075 1037 899 902 1148 953 1062 760 857 751 1050 1047 1011 1152 692 1071 1076 892 1163 792 885 538 490 858 1049 358 821 1087 965 972 1048 1154 496 1161 676 1049 587 774 928 473 1047 835 774 1033 408 718 1088 1080 879 631 918 1044 948 847 1091 1074 787 0
EOF