NAME : tsp_problem
TYPE : TSP
DIMENSION : 21
EDGE_WEIGHT_TYPE : EXPLICIT
EDGE_WEIGHT_FORMAT : FULL_MATRIX
EDGE_WEIGHT_SECTION
0 107 251 623 1491 1726 245 1254 1245 1184 1255 607 52 1745 1543 1186 946 1692 648 54 38
107 0 189 561 1429 1664 183 1192 1183 1122 1193 545 125 1683 1481 1124 884 1630 586 127 111
251 189 0 608 1476 1710 85 1239 1230 1169 1240 592 268 1730 1528 1171 931 1676 633 270 254
623 561 608 0 1119 1354 602 883 874 813 884 115 640 1373 1172 815 575 1320 276 642 626
1491 1429 1476 1119 0 304 1470 474 452 360 898 1104 1508 880 266 523 910 827 877 1510 1494
1726 1664 1710 1354 304 0 1704 709 687 595 893 1339 1743 672 501 758 1145 619 1112 1745 1729
245 183 85 602 1470 1704 0 1233 1224 1163 1234 586 262 1724 1522 1165 925 1670 626 264 248
1261 1199 1246 890 474 709 1240 0 436 344 643 874 1278 1132 527 507 655 1079 685 1280 1264
1245 1183 1230 874 452 686 1224 435 0 145 859 858 1262 1262 504 122 871 1209 631 1264 1248
1184 1122 1169 813 360 595 1163 344 146 0 768 797 1202 1171 413 216 780 1118 571 1204 1188
1255 1193 1240 884 887 893 1234 441 849 757 0 868 1272 742 939 919 649 689 906 1274 1258
607 545 592 115 1104 1339 586 867 858 797 868 0 625 1358 1157 799 559 1305 261 627 611
52 125 268 640 1508 1743 262 1271 1262 1202 1272 625 0 1762 1561 1203 963 1709 665 72 56
1745 1683 1730 1373 880 672 1724 931 1263 1171 742 1358 1762 0 1077 1334 1139 317 1396 1764 1748
1543 1481 1528 1172 266 501 1522 527 505 413 950 1157 1561 1077 0 575 963 1024 930 1563 1547
1186 1124 1171 815 522 757 1165 506 122 216 930 799 1203 1333 575 0 892 1280 573 1205 1189
946 884 931 575 949 1184 925 648 911 819 649 559 963 1139 1002 898 0 1085 597 965 949
1692 1630 1676 1320 827 619 1670 878 1210 1118 689 1305 1709 317 1024 1280 1085 0 1343 1711 1695
648 586 633 276 877 1112 626 696 631 571 906 261 665 1396 930 573 597 1343 0 667 651
54 127 270 642 1510 1745 264 1273 1264 1204 1274 627 72 1764 1563 1205 965 1711 667 0 58
38 111 254 626 1494 1729 248 1257 1248 1188 1258 611 56 1748 1547 1189 949 1695 651 58 0
EOF
