NAME : tsp_problem
TYPE : TSP
DIMENSION : 64
EDGE_WEIGHT_TYPE : EXPLICIT
EDGE_WEIGHT_FORMAT : FULL_MATRIX
EDGE_WEIGHT_SECTION
0 1101 953 1206 985 796 792 1010 974 977 1012 797 1010 897 907 993 1007 947 622 1205 1074 665 722 1213 982 618 1096 830 756 1148 1270 1017 746 1011 967 948 1205 996 1005 470 1007 1088 571 1261 1018 1000 1175 1234 998 1080 1046 331 630 1013 949 423 1256 1023 762 930 1006 221 491 1011
917 0 482 138 1165 975 971 1547 145 1514 541 977 1547 1434 1087 1530 1544 304 1085 1384 327 1036 1047 742 1519 507 1275 1009 371 677 193 546 898 1030 1146 1485 128 1533 1184 796 1544 166 952 553 1555 529 428 487 1535 158 74 1003 1167 1550 478 820 680 1561 365 745 1543 892 941 1548
769 482 0 587 829 640 636 1212 355 1178 77 642 1212 1099 752 1195 1209 329 750 1049 456 701 712 280 1184 359 940 674 223 218 652 171 563 1158 811 1150 586 1198 849 649 1208 470 804 681 1220 194 557 615 1200 462 427 855 832 1215 143 672 808 1225 217 874 1207 744 794 1212
1023 138 587 0 1270 1081 1077 1652 255 1619 647 1082 1652 1540 1192 1635 1649 410 1190 1490 433 1142 1153 847 1625 613 1380 1115 476 782 118 651 1004 1135 1252 1590 182 1639 1290 902 1649 276 1058 659 1661 635 534 592 1641 268 194 1108 1273 1655 583 926 785 1666 470 851 1648 997 1047 1653
985 1165 829 1270 0 276 272 591 1038 558 888 277 591 535 186 574 588 1011 482 318 1138 433 444 1089 564 876 208 223 893 1024 1334 893 414 1642 109 529 1269 578 115 685 588 1152 1201 1364 600 856 1239 1298 580 1144 1110 1071 565 594 811 709 1491 605 899 1556 587 960 830 592
796 975 640 1081 276 0 23 755 849 721 699 28 755 642 198 738 752 822 293 495 949 244 255 900 727 687 386 101 704 835 1145 704 225 1452 257 693 1080 741 295 495 751 963 1012 1175 763 667 1050 1108 743 955 920 881 375 758 622 519 1301 768 710 1367 750 771 640 755
792 971 636 1077 272 23 0 751 845 718 695 25 751 638 194 734 748 818 289 492 945 240 251 896 724 683 382 97 700 831 1141 700 221 1449 254 689 1076 738 292 492 748 959 1008 1171 759 663 1046 1105 739 951 917 878 371 754 618 516 1298 765 706 1363 747 767 637 752
1010 1547 1212 1652 591 755 751 0 1420 108 1271 756 43 222 679 84 56 1393 578 599 1520 624 681 1472 85 1258 490 716 1275 1407 1716 1276 788 1666 606 110 1651 57 561 985 235 1534 1226 1746 47 1239 1622 1680 121 1527 1492 1095 417 68 1193 938 1873 49 1281 1585 56 984 1006 47
791 145 355 255 1038 849 845 1420 0 1387 414 850 1420 1308 960 1403 1417 178 958 1258 201 910 921 615 1393 381 1148 883 244 550 315 419 772 903 1020 1358 250 1407 1058 670 1417 133 826 427 1429 403 302 360 1409 125 90 876 1041 1423 351 694 553 1434 238 619 1416 765 815 1421
977 1514 1178 1619 558 721 718 108 1387 0 1238 723 95 189 646 92 105 1360 545 566 1487 591 648 1439 81 1225 457 683 1242 1373 1683 1243 755 1633 573 77 1618 95 528 952 202 1501 1193 1713 99 1206 1588 1647 97 1493 1459 1062 384 112 1160 905 1840 101 1248 1552 104 951 972 99
828 541 77 647 888 699 695 1271 414 1238 0 701 1271 1158 811 1254 1268 388 809 1108 515 760 771 292 1243 418 999 733 282 164 711 211 622 1217 870 1209 646 1257 908 708 1268 529 863 741 1279 253 616 674 1259 521 486 914 891 1274 202 732 867 1284 276 933 1267 803 853 1271
797 977 642 1082 277 28 25 756 850 723 701 0 756 644 199 739 753 824 294 497 950 246 257 902 729 689 388 102 706 837 1147 706 226 1454 259 694 1081 743 297 497 753 964 1014 1176 765 669 1052 1110 745 957 922 883 377 759 623 521 1303 770 711 1368 752 772 642 757
1010 1547 1212 1652 591 755 751 43 1420 95 1271 756 0 222 679 64 36 1394 579 599 1520 624 681 1472 65 1258 490 716 1275 1407 1717 1276 788 1666 606 110 1651 37 561 985 235 1534 1226 1746 27 1239 1622 1680 101 1527 1492 1095 417 48 1193 938 1873 29 1281 1585 36 985 1006 27
897 1434 1099 1540 535 642 638 222 1308 189 1158 644 222 0 623 205 219 1281 466 543 1408 512 568 1359 195 1146 433 659 1163 1294 1604 1163 675 1554 549 160 1539 209 505 872 219 1422 1113 1634 231 1126 1509 1567 211 1414 1379 983 305 225 1081 825 1760 236 1169 1473 218 872 893 223
907 1087 752 1192 186 198 194 679 960 646 811 199 679 623 0 662 676 933 404 406 1060 356 367 1012 652 798 296 145 815 947 1257 816 336 1564 168 617 1191 666 206 607 676 1074 1123 1286 688 779 1162 1220 668 1067 1032 993 487 682 733 631 1413 693 821 1478 675 882 752 680
993 1530 1195 1635 574 738 734 84 1403 92 1254 739 64 205 662 0 77 1376 561 582 1503 607 664 1455 97 1241 473 699 1258 1390 1700 1259 771 1649 589 93 1634 78 544 968 218 1517 1209 1729 68 1222 1605 1663 113 1510 1475 1078 400 89 1176 921 1856 70 1264 1568 76 967 989 67
1007 1544 1209 1649 588 752 748 56 1417 105 1268 753 36 219 676 77 0 1390 575 596 1517 621 678 1469 77 1255 487 713 1272 1403 1713 1273 785 1663 603 107 1648 49 558 982 232 1531 1223 1743 40 1236 1619 1677 114 1523 1489 1092 414 61 1190 935 1870 42 1278 1582 48 981 1003 39
764 304 329 410 1011 822 818 1393 178 1360 388 824 1394 1281 933 1376 1390 0 932 1231 278 883 894 589 1366 354 1122 856 217 524 474 393 745 980 993 1332 409 1380 1031 643 1390 292 799 504 1402 376 379 437 1382 284 249 849 1014 1397 325 667 630 1407 211 696 1389 739 788 1394
622 1085 750 1190 482 293 289 578 958 545 809 294 579 466 404 561 575 932 0 702 1058 162 219 1010 551 796 592 327 813 945 1255 814 326 1278 464 517 1189 565 502 597 575 1072 838 1284 587 777 1160 1218 567 1065 1030 707 199 582 731 550 1411 592 819 1197 574 596 618 579
1205 1384 1049 1490 318 495 492 599 1258 566 1108 497 599 543 406 582 596 1231 702 0 1358 653 664 1309 572 1096 159 442 1113 1244 1554 1113 633 1861 332 537 1489 586 288 904 596 1372 1421 1584 608 1076 1459 1517 588 1364 1329 1290 737 602 1031 928 1710 613 1119 1776 595 1180 1049 600
891 327 456 433 1138 949 945 1520 201 1487 515 950 1520 1408 1060 1503 1517 278 1058 1358 0 1010 1021 716 1493 481 1249 983 344 651 497 520 872 859 1120 1458 432 1507 1158 770 1517 315 926 382 1529 503 257 315 1509 307 272 976 1141 1523 451 794 509 1534 338 574 1516 866 915 1521
665 1036 701 1142 433 244 240 624 910 591 760 246 624 512 356 607 621 883 162 653 1010 0 176 961 597 748 544 278 765 896 1206 765 285 1322 415 562 1141 611 453 556 621 1024 881 1236 633 728 1111 1169 613 1016 981 751 245 627 683 580 1362 638 771 1241 620 640 661 625
722 1047 712 1153 444 255 251 681 921 648 771 257 681 568 367 664 678 894 219 664 1021 176 0 972 654 759 555 289 776 907 1217 776 297 1379 426 619 1152 668 464 567 678 1035 938 1247 690 739 1122 1180 670 1027 992 808 302 684 694 591 1373 695 782 1298 677 697 712 682
1029 742 280 847 1089 900 896 1472 615 1439 292 902 1472 1359 1012 1455 1469 589 1010 1309 716 961 972 0 1444 619 1200 934 483 296 912 221 823 1418 1071 1410 846 1458 1109 909 1468 730 1064 941 1480 454 817 875 1460 722 687 1115 1092 1475 403 933 1068 1485 477 1134 1467 1004 1054 1472
982 1519 1184 1625 564 727 724 85 1393 81 1243 729 65 195 652 97 77 1366 551 572 1493 597 654 1444 0 1231 463 689 1248 1379 1689 1248 761 1639 578 83 1624 78 534 958 208 1507 1198 1719 68 1211 1594 1652 103 1499 1465 1068 390 89 1166 911 1846 70 1254 1558 77 957 978 68
556 507 359 613 866 677 673 1210 381 1177 418 678 1210 1098 788 1193 1207 354 786 1085 481 738 749 619 1183 0 976 711 162 554 677 423 600 1031 848 1149 612 1197 886 435 1207 495 591 707 1219 407 582 640 1199 487 452 641 831 1214 355 459 833 1224 168 899 1206 530 580 1211
1096 1275 940 1380 208 386 382 490 1148 457 999 388 490 433 296 473 487 1122 592 159 1249 544 555 1200 463 987 0 333 1004 1135 1445 1004 524 1752 223 428 1379 477 178 795 487 1263 1312 1474 499 967 1350 1408 479 1255 1220 1181 628 493 921 819 1601 504 1009 1667 486 1070 940 491
830 1009 674 1115 223 101 97 716 883 683 733 102 716 659 145 699 713 856 327 442 983 278 289 934 689 721 333 0 738 869 1179 738 259 1487 205 654 1114 703 243 530 713 997 1046 1209 725 701 1084 1142 705 989 955 916 409 719 656 553 1336 730 744 1401 712 805 674 717
573 371 223 476 883 694 690 1227 244 1194 282 695 1227 1115 805 1210 1224 217 803 1102 344 755 766 483 1200 162 993 728 0 418 540 287 617 1047 865 1166 475 1214 903 452 1224 358 608 570 1236 270 445 504 1216 350 316 658 848 1231 219 476 697 1241 93 762 1223 547 597 1228
964 677 218 782 1024 835 831 1407 550 1373 164 837 1407 1294 947 1390 1403 524 945 1244 651 896 907 296 1379 554 1135 869 418 0 847 352 758 1353 1006 1345 781 1393 1044 844 1403 664 999 876 1415 389 752 810 1395 657 622 1050 1027 1410 338 867 1003 1420 412 1069 1402 939 988 1407
1087 193 652 118 1334 1145 1141 1716 315 1683 711 1147 1717 1604 1257 1700 1713 474 1255 1554 497 1206 1217 912 1689 677 1445 1179 540 847 0 716 1068 1200 1316 1655 121 1703 1354 966 1713 292 1122 723 1725 699 598 656 1705 284 244 1173 1337 1720 648 990 850 1730 535 915 1712 1062 1111 1717
833 546 171 651 893 704 700 1276 419 1243 211 706 1276 1163 816 1259 1273 393 814 1113 520 765 776 221 1248 423 1004 738 287 352 716 0 627 1222 875 1214 651 1262 913 713 1273 534 868 746 1284 258 621 679 1264 526 491 919 896 1279 207 737 872 1289 281 938 1272 808 858 1276
746 898 563 1004 414 225 221 788 772 755 622 226 788 675 336 771 785 745 326 633 872 285 297 823 761 610 524 259 627 758 1068 627 0 1403 396 726 1003 775 434 419 785 886 963 1098 796 590 973 1032 777 878 844 832 408 791 545 443 1225 802 633 1290 784 721 564 789
1011 1030 1158 1135 1642 1452 1449 1666 903 1633 1217 1454 1666 1554 1564 1649 1663 980 1278 1861 859 1322 1379 1418 1639 900 1752 1487 1037 1353 1200 1222 1403 0 1623 1604 1134 1653 1662 1127 1663 1017 662 642 1675 1206 630 731 1655 1010 975 1097 1287 1669 1154 1080 638 1680 1041 312 1662 986 1148 1667
967 1146 811 1252 109 257 254 606 1020 573 870 259 606 549 168 589 603 993 464 332 1120 415 426 1071 578 858 223 205 875 1006 1316 875 396 1623 0 544 1251 592 129 666 603 1134 1183 1346 614 838 1221 1279 594 1126 1092 1052 546 609 793 690 1473 619 881 1538 602 942 811 606
948 1485 1150 1590 529 693 689 110 1358 77 1209 694 110 160 617 93 107 1332 517 537 1458 562 619 1410 83 1197 428 654 1214 1345 1655 1214 726 1604 544 0 1589 97 499 923 173 1472 1164 1684 119 1177 1560 1618 99 1465 1430 1033 355 113 1131 876 1811 124 1219 1523 106 923 944 111
1022 128 586 182 1269 1080 1076 1651 250 1618 646 1081 1651 1539 1191 1634 1648 409 1189 1489 432 1141 1152 846 1624 612 1379 1114 475 781 121 651 1003 1134 1251 1589 0 1638 1289 901 1648 227 1057 658 1660 634 533 591 1640 219 178 1107 1272 1654 582 925 784 1665 469 850 1647 997 1046 1652
996 1533 1198 1639 578 741 738 57 1407 95 1257 743 37 209 666 78 49 1380 565 586 1507 611 668 1458 78 1245 477 703 1262 1393 1703 1262 775 1653 592 97 1638 0 548 972 222 1521 1213 1733 40 1225 1608 1667 114 1513 1479 1082 404 62 1180 925 1860 42 1268 1572 49 971 992 40
1005 1184 849 1290 115 295 292 561 1058 528 908 297 561 505 206 544 558 1031 502 288 1158 453 464 1109 534 896 178 243 913 1044 1354 913 434 1662 129 499 1289 548 0 705 558 1172 1221 1384 570 876 1259 1317 550 1164 1130 1091 584 564 831 728 1511 575 919 1576 557 980 849 562
470 794 646 899 714 524 521 985 667 952 705 526 985 872 636 968 982 641 597 933 767 585 596 906 958 432 824 559 449 841 964 710 448 1127 695 923 898 972 734 0 982 781 686 993 993 693 869 927 973 774 739 556 605 988 642 65 1120 999 455 1046 981 445 186 986
1007 1544 1208 1649 588 751 748 235 1417 202 1268 753 235 219 676 218 232 1390 575 596 1517 621 678 1468 208 1255 487 713 1272 1403 1713 1273 785 1663 603 173 1648 222 558 982 0 1531 1223 1743 244 1236 1618 1677 224 1523 1489 1092 414 238 1190 935 1870 249 1278 1582 231 981 1002 236
905 166 470 276 1152 963 959 1534 133 1501 529 964 1534 1422 1074 1517 1531 292 1072 1372 315 1024 1035 730 1507 495 1263 997 358 664 292 534 886 1017 1134 1472 227 1521 1172 784 1531 0 940 541 1543 517 416 474 1523 102 111 990 1155 1537 465 808 667 1548 352 733 1530 880 929 1535
571 941 793 1047 1201 1012 1008 1226 815 1193 852 1014 1226 1113 1123 1209 1223 788 838 1421 915 881 938 1053 1198 459 1312 1046 597 988 1111 857 963 662 1183 1164 1046 1213 1221 686 1223 929 0 912 1234 841 899 1000 1214 921 886 656 846 1229 789 639 907 1240 602 582 1222 546 707 1227
1117 553 681 659 1364 1175 1171 1746 427 1713 741 1176 1746 1634 1286 1729 1743 504 1284 1584 382 1236 1247 941 1719 707 1474 1209 570 876 723 746 1098 642 1346 1684 658 1733 1384 996 1743 541 912 0 1755 729 153 254 1735 533 498 1202 1367 1749 677 1020 292 1760 564 358 1742 1091 1141 1747
1018 1555 1220 1661 600 763 759 47 1429 99 1279 765 27 231 688 68 40 1402 587 608 1529 633 690 1480 68 1267 499 725 1284 1415 1725 1284 796 1675 614 119 1660 40 570 993 244 1543 1234 1755 0 1247 1630 1688 105 1535 1500 1104 426 52 1202 946 1882 33 1290 1594 39 993 1014 30
799 512 187 617 856 667 663 1239 385 1206 246 669 1239 1126 779 1222 1236 358 777 1076 485 728 739 447 1211 389 967 701 252 382 681 251 590 1188 838 1177 616 1225 876 678 1236 499 834 711 1247 0 586 645 1227 491 457 884 859 1242 183 702 838 1252 246 903 1235 774 823 1240
992 428 557 534 1239 1050 1046 1622 302 1588 616 1052 1622 1509 1162 1605 1619 379 1160 1459 257 1111 1122 817 1594 582 1350 1084 445 752 598 621 973 630 1221 1560 533 1608 1259 871 1618 416 899 153 1630 604 0 130 1610 408 374 1078 1242 1625 553 895 280 1635 440 345 1617 967 1016 1622
1050 487 615 592 1298 1108 1105 1680 360 1647 674 1110 1680 1567 1220 1663 1677 437 1218 1517 315 1169 1180 875 1652 640 1408 1142 504 810 656 679 1032 731 1279 1618 591 1667 1317 930 1677 474 1000 254 1688 663 130 0 1668 466 432 1136 1300 1683 611 954 381 1694 498 446 1676 1025 1075 1681
998 1535 1200 1641 580 743 739 121 1409 97 1259 745 101 211 668 113 114 1382 567 588 1509 613 670 1460 103 1247 479 705 1264 1395 1705 1264 777 1655 594 99 1640 114 550 973 224 1523 1214 1735 105 1227 1610 1668 0 1515 1481 1084 406 126 1182 926 1862 107 1270 1574 113 973 994 104
897 158 462 268 1144 955 951 1527 125 1493 521 957 1527 1414 1067 1510 1523 284 1065 1364 307 1016 1027 722 1499 487 1255 989 350 657 284 526 878 1010 1126 1465 219 1513 1164 776 1523 102 932 533 1535 509 408 466 1515 0 103 983 1147 1530 458 800 660 1540 345 725 1522 872 921 1527
862 74 427 194 1110 920 917 1492 90 1459 486 922 1492 1379 1032 1475 1489 249 1030 1329 272 981 992 687 1465 452 1220 955 316 622 244 491 844 975 1092 1430 178 1479 1130 742 1489 111 897 498 1500 475 374 432 1481 103 0 948 1112 1495 423 766 625 1506 310 690 1488 837 887 1493
331 1186 1038 1292 1071 881 878 1095 1059 1062 1097 883 1095 983 993 1078 1092 1033 707 1290 1160 751 808 1298 1068 704 1181 916 841 1233 1356 1102 832 1097 1052 1033 1291 1082 1091 556 1092 1174 656 1346 1104 1086 1261 1319 1084 1166 1131 0 716 1098 1034 509 1341 1109 847 1016 1091 229 577 1096
630 1167 832 1273 565 375 371 417 1041 384 891 377 417 305 487 400 414 1014 199 737 1141 245 302 1092 390 879 628 409 896 1027 1337 896 408 1287 546 355 1272 404 584 605 414 1155 846 1367 426 859 1242 1300 406 1147 1112 716 0 420 814 558 1494 431 902 1206 413 605 626 418
1013 1550 1215 1655 594 758 754 68 1423 112 1274 759 48 225 682 89 61 1397 582 602 1523 627 684 1475 89 1262 493 719 1279 1410 1720 1279 791 1669 609 113 1654 62 564 988 238 1537 1229 1749 52 1242 1625 1683 126 1530 1495 1098 420 0 1196 941 1876 54 1284 1588 60 988 1009 51
825 537 213 643 865 675 672 1247 411 1214 272 677 1247 1134 787 1230 1244 384 785 1084 511 736 748 473 1220 415 975 710 278 408 707 277 599 1214 847 1185 642 1234 885 704 1244 525 860 737 1256 74 612 670 1236 517 483 910 868 1250 0 728 864 1261 272 929 1243 799 849 1248
423 818 670 923 738 548 545 938 691 905 729 550 938 825 660 921 935 665 550 957 791 594 620 930 911 456 848 582 473 865 988 734 472 1080 719 876 922 925 757 65 935 805 639 1017 946 717 893 951 926 798 763 509 558 941 666 0 1144 952 479 999 934 398 169 939
1243 680 808 785 1491 1301 1298 1873 553 1840 867 1303 1873 1760 1413 1856 1870 630 1411 1710 509 1362 1373 1068 1846 833 1601 1336 697 1003 850 872 1225 638 1473 1811 784 1860 1511 1123 1870 667 907 292 1882 856 280 381 1862 660 625 1329 1494 1876 804 1147 0 1887 691 353 1869 1218 1268 1874
1023 1561 1225 1666 605 768 765 49 1434 101 1284 770 29 236 693 70 42 1407 592 613 1534 638 695 1485 70 1272 504 730 1289 1420 1730 1289 802 1680 619 124 1665 42 575 999 249 1548 1240 1760 33 1252 1635 1694 107 1540 1506 1109 431 54 1207 952 1887 0 1295 1599 41 998 1019 32
578 365 217 470 889 699 696 1233 238 1200 276 701 1233 1121 811 1216 1230 211 809 1108 338 760 771 477 1206 168 999 734 93 412 535 281 623 1041 871 1171 469 1220 909 458 1230 352 613 564 1242 264 440 498 1222 345 310 664 854 1236 213 482 691 1247 0 756 1229 553 603 1234
930 745 874 851 1556 1367 1363 1585 619 1552 933 1368 1585 1473 1478 1568 1582 696 1197 1776 574 1241 1298 1134 1558 819 1667 1401 762 1069 915 938 1290 312 1538 1523 850 1572 1576 1046 1582 733 582 358 1594 921 345 446 1574 725 690 1016 1206 1588 869 999 353 1599 756 0 1581 905 1067 1586
1006 1543 1207 1648 587 750 747 56 1416 104 1267 752 36 218 675 76 48 1389 574 595 1516 620 677 1467 77 1254 486 712 1271 1402 1712 1272 784 1662 602 106 1647 49 557 981 231 1530 1222 1742 39 1235 1617 1676 113 1522 1488 1091 413 60 1189 934 1869 41 1277 1581 0 980 1001 39
221 1075 927 1181 960 771 767 984 949 951 986 772 985 872 882 967 981 922 596 1180 1049 640 697 1187 957 593 1070 805 731 1122 1245 991 721 986 942 923 1180 971 980 445 981 1063 546 1235 993 975 1150 1208 973 1055 1020 229 605 988 923 398 1231 998 736 905 980 0 466 985
491 939 791 1044 859 669 666 1006 812 972 850 671 1006 893 781 989 1003 786 618 1078 912 661 718 1051 978 577 969 703 594 986 1109 855 593 1148 840 944 1043 992 878 186 1002 926 707 1138 1014 838 1014 1072 994 919 884 577 626 1009 787 169 1265 1019 600 1067 1001 466 0 1006
1011 1548 1212 1653 592 755 752 47 1421 99 1271 757 27 223 680 67 39 1394 579 600 1521 625 682 1472 68 1259 491 717 1276 1407 1717 1276 789 1667 606 111 1652 40 562 986 236 1535 1227 1747 30 1240 1622 1681 104 1527 1493 1096 418 51 1194 939 1874 32 1282 1586 39 985 1006 0
EOF