NAME : tsp_problem
TYPE : TSP
DIMENSION : 24
EDGE_WEIGHT_TYPE : EXPLICIT
EDGE_WEIGHT_FORMAT : FULL_MATRIX
EDGE_WEIGHT_SECTION
0 1579 1005 1670 1100 1185 1593 1403 1608 1250 160 1568 1158 1596 1131 509 613 485 886 1593 1536 1673 1621 756
1579 0 1505 448 997 1222 83 1439 53 1286 1518 82 498 82 1088 1727 1608 1736 1375 65 81 451 57 1555
1005 1505 0 1238 750 498 1519 715 1533 562 943 1493 1043 1521 444 539 421 549 199 1519 1461 1241 1547 368
1670 448 1238 0 748 955 462 1173 476 1020 1609 436 550 464 822 1461 1342 1470 1108 462 404 24 490 1289
1100 997 747 777 0 651 1011 868 1026 716 1038 986 576 1014 585 969 850 978 617 1011 954 780 1039 798
1185 1222 498 955 654 0 1235 247 1250 239 1124 1210 759 1238 161 720 601 729 367 1235 1178 958 1263 548
1593 83 1519 462 1011 1235 0 1453 65 1300 1531 94 511 95 1102 1741 1622 1750 1388 77 94 465 69 1569
1403 1439 715 1173 871 247 1453 0 1467 198 1341 1427 977 1456 378 937 818 946 585 1453 1395 1175 1481 766
1608 53 1533 476 1026 1250 65 1467 0 1314 1546 64 526 64 1117 1755 1636 1764 1403 47 109 479 39 1584
1250 1286 562 1020 718 239 1300 198 1314 0 1188 1274 824 1303 225 784 665 793 432 1300 1242 1022 1328 613
160 1518 943 1609 1038 1124 1531 1341 1546 1188 0 1506 1096 1534 1070 447 551 423 825 1531 1474 1612 1559 694
1568 82 1493 436 986 1210 94 1427 64 1274 1506 0 486 94 1077 1715 1596 1724 1363 77 69 439 69 1544
1158 498 1043 550 552 759 511 977 526 824 1096 486 0 514 626 1265 1146 1274 912 511 454 553 539 1093
1596 82 1521 464 1014 1238 95 1456 64 1303 1534 94 514 0 1105 1743 1625 1753 1391 77 97 467 69 1572
1131 1088 444 822 578 161 1102 378 1117 225 1070 1077 626 1105 0 666 547 675 314 1102 1045 825 1130 494
509 1727 539 1461 972 720 1741 937 1755 784 447 1715 1265 1743 666 0 147 52 421 1741 1683 1463 1769 291
613 1608 421 1342 853 601 1622 818 1636 665 551 1596 1146 1625 547 147 0 156 302 1622 1564 1344 1650 172
485 1736 549 1470 981 729 1750 946 1764 793 423 1724 1274 1753 675 52 156 0 430 1750 1692 1472 1778 300
886 1375 199 1108 619 367 1388 585 1403 432 825 1363 912 1391 314 421 302 430 0 1388 1331 1111 1416 249
1593 65 1519 462 1011 1235 77 1453 47 1300 1531 77 511 77 1102 1741 1622 1750 1388 0 94 464 51 1569
1536 81 1461 404 954 1178 94 1395 109 1242 1474 69 454 97 1045 1683 1564 1692 1331 94 0 407 122 1512
1673 451 1241 24 751 958 465 1175 479 1022 1612 439 553 467 825 1463 1344 1472 1111 464 407 0 492 1292
1621 57 1547 490 1039 1263 69 1481 39 1328 1559 69 539 69 1130 1769 1650 1778 1416 51 122 492 0 1597
756 1555 368 1289 800 548 1569 766 1584 613 694 1544 1093 1572 494 291 172 300 249 1569 1512 1292 1597 0
EOF