NAME : tsp_problem
TYPE : TSP
DIMENSION : 29
EDGE_WEIGHT_TYPE : EXPLICIT
EDGE_WEIGHT_FORMAT : FULL_MATRIX
EDGE_WEIGHT_SECTION
0 1784 1780 1770 1513 1703 595 1698 1061 1780 1495 924 428 1216 1654 1728 400 471 632 647 1778 928 1537 1740 56 1721 1189 1274 554
1784 0 43 33 531 131 1591 126 1518 44 675 1795 1755 799 245 126 1728 1899 1628 1518 41 1743 760 234 1754 119 771 601 1538
1780 43 0 29 526 127 1587 122 1513 39 671 1791 1751 794 241 121 1724 1894 1624 1514 37 1738 755 229 1750 114 767 597 1533
1770 33 29 0 516 117 1577 112 1504 30 661 1781 1741 784 231 112 1714 1884 1614 1504 27 1729 746 220 1740 104 757 587 1523
1513 531 526 516 0 450 1319 445 1604 527 292 1881 1584 452 456 474 1556 1627 1357 1604 524 1829 848 486 1482 467 403 585 1266
1703 131 127 117 450 0 1510 45 1437 127 594 1715 1674 718 164 75 1647 1818 1548 1437 125 1662 679 153 1673 68 690 521 1457
595 1591 1587 1577 1319 1510 0 1505 1248 1587 1302 1163 666 1023 1461 1535 639 710 247 886 1585 1167 1344 1547 565 1528 996 1081 360
1698 126 122 112 445 45 1505 0 1432 122 589 1709 1669 713 159 70 1642 1813 1542 1432 120 1657 674 148 1668 63 685 515 1452
1061 1518 1513 1504 1604 1437 1237 1432 0 1514 1587 748 708 1308 1388 1462 681 889 1275 471 1512 695 1271 1473 1031 1455 1280 1110 1184
1780 44 39 30 527 127 1587 122 1514 0 671 1792 1751 795 241 122 1724 1895 1625 1514 38 1739 756 230 1750 115 767 598 1534
1495 675 671 661 292 594 1302 589 1587 671 0 1864 1566 435 601 619 1539 1610 1339 1587 669 1811 831 630 1465 612 385 567 1249
924 1795 1791 1781 1881 1715 1163 1709 748 1792 1864 0 571 1585 1665 1739 544 752 1200 334 1789 615 1548 1751 894 1732 1558 1388 1121
428 1755 1751 1741 1584 1674 666 1669 708 1751 1566 571 0 1288 1625 1699 47 255 704 294 1749 575 1508 1711 397 1692 1260 1345 625
1216 799 794 784 452 718 1023 713 1308 795 435 1585 1288 0 668 742 1260 1331 1060 1308 792 1533 552 754 1186 735 128 288 970
1654 245 241 231 456 164 1461 159 1388 241 601 1665 1625 668 0 189 1598 1768 1498 1388 239 1612 630 200 1624 182 641 471 1407
1728 126 121 112 474 75 1535 70 1462 122 619 1739 1699 742 189 0 1672 1842 1572 1462 120 1687 704 178 1698 62 715 545 1481
400 1728 1724 1714 1556 1647 639 1642 681 1724 1539 544 47 1260 1598 1672 0 228 676 267 1722 547 1481 1683 370 1665 1233 1318 597
471 1899 1894 1884 1627 1818 710 1813 889 1895 1610 752 255 1331 1768 1842 228 0 747 475 1892 756 1652 1854 441 1835 1303 1388 668
632 1628 1624 1614 1357 1548 247 1542 1286 1625 1339 1200 704 1060 1498 1572 676 747 0 923 1622 1204 1381 1584 602 1565 1033 1118 398
647 1518 1514 1504 1604 1437 886 1432 471 1514 1587 334 294 1308 1388 1462 267 475 923 0 1512 338 1271 1474 617 1455 1280 1111 844
1778 41 37 27 524 125 1585 120 1512 38 669 1789 1749 792 239 120 1722 1892 1622 1512 0 1736 754 228 1748 112 765 595 1531
928 1743 1738 1729 1829 1662 1167 1657 695 1739 1811 615 575 1533 1612 1687 547 756 1204 338 1736 0 1496 1698 898 1679 1505 1335 1125
1537 760 755 746 848 679 1344 674 1271 756 831 1548 1508 552 630 704 1481 1652 1381 1271 754 1496 0 715 1507 697 524 355 1291
1740 234 229 220 486 153 1547 148 1473 230 630 1751 1711 754 200 178 1683 1854 1584 1474 228 1698 715 0 1710 171 726 557 1493
56 1754 1750 1740 1482 1673 565 1668 1031 1750 1465 894 397 1186 1624 1698 370 441 602 617 1748 898 1507 1710 0 1691 1159 1244 523
1721 119 114 104 467 68 1528 63 1455 115 612 1732 1692 735 182 62 1665 1835 1565 1455 112 1679 697 171 1691 0 708 538 1474
1189 771 767 757 403 690 996 685 1280 767 385 1558 1260 128 641 715 1233 1303 1033 1280 765 1505 524 726 1159 708 0 261 942
1274 601 597 587 585 521 1081 515 1110 598 567 1388 1345 288 471 545 1318 1388 1118 1111 595 1335 355 557 1244 538 261 0 1027
554 1538 1533 1523 1266 1457 360 1452 1195 1534 1249 1121 625 970 1407 1481 597 668 398 844 1531 1125 1291 1493 523 1474 942 1027 0
EOF
