NAME : tsp_problem
TYPE : TSP
DIMENSION : 74
EDGE_WEIGHT_TYPE : EXPLICIT
EDGE_WEIGHT_FORMAT : FULL_MATRIX
EDGE_WEIGHT_SECTION
0 1686 945 1017 852 604 570 879 1310 301 616 597 597 215 200 381 804 848 599 146 207 593 611 148 583 584 1530 202 948 584 991 589 1201 1489 94 1113 907 442 358 947 632 600 1345 1102 735 304 1326 850 388 586 1650 1057 1387 583 205 1674 557 581 1211 1202 278 615 583 1464 1384 593 903 131 894 1349 1662 565 375 605
1686 0 1366 897 1110 1738 1705 1300 568 1904 1750 1732 1731 1818 1803 1341 1016 1082 1733 1578 1810 1727 1746 1618 1717 1719 429 1805 1066 1718 1412 1723 726 389 1700 1070 915 1507 1362 1368 1446 1735 603 1059 1354 1476 584 1292 1454 1507 142 1175 645 1717 1808 118 1692 1715 736 728 1450 1749 1717 308 778 1727 1324 1737 1012 607 130 1700 1340 1739
945 1366 0 497 940 1355 1321 153 1076 1163 1367 1348 1348 1077 1062 812 450 329 1350 837 1069 1344 1362 877 1334 1335 1266 1064 895 1335 165 1340 682 1225 959 594 553 690 789 88 1063 1351 1111 582 414 671 1092 351 819 1123 1330 1004 1153 1333 1067 1354 1308 1332 692 683 697 1366 1334 1085 864 1344 66 996 842 1116 1342 1316 806 1356
1017 897 497 0 824 1426 1393 431 935 1234 1439 1420 1419 1148 1133 883 335 213 1421 908 1141 1415 1434 948 1406 1407 797 1135 780 1406 544 1412 213 756 1031 202 437 762 861 499 1135 1423 970 190 486 742 951 423 890 1195 861 889 1013 1405 1139 885 1380 1403 223 214 768 1438 1405 616 396 1416 455 1068 726 975 873 1388 877 1427
852 1110 1001 885 0 904 870 935 734 1070 916 897 897 983 969 506 599 698 898 743 976 892 911 783 883 884 954 970 372 883 1047 889 1070 913 866 982 597 651 528 1003 612 900 769 970 857 631 750 927 620 672 1074 481 811 882 974 1098 857 881 1080 1071 616 915 883 888 1252 893 959 903 318 773 1086 865 506 904
604 1738 1355 1426 904 0 68 1289 1362 577 44 47 43 491 476 578 1214 1258 67 667 484 73 39 669 67 226 1581 478 1000 74 1401 51 1611 1541 585 1523 1224 852 600 1357 682 64 1397 1511 1144 713 1378 1260 692 268 1702 1109 1439 224 482 1726 98 55 1620 1612 688 43 224 1516 1793 51 1312 572 946 1401 1714 74 578 52
570 1705 1321 1393 870 68 0 1255 1328 544 63 66 63 458 443 545 1180 1224 87 633 450 93 58 635 86 192 1548 445 966 94 1367 70 1577 1507 551 1489 1191 818 566 1323 649 83 1363 1478 1111 680 1344 1226 658 235 1669 1075 1405 191 448 1693 69 74 1587 1578 654 62 191 1483 1760 70 1279 539 913 1368 1681 77 545 71
879 1300 153 431 874 1289 1255 0 1010 1097 1301 1282 1282 1011 996 745 384 263 1283 771 1003 1277 1296 811 1268 1269 1200 998 829 1268 232 1274 616 1159 893 528 487 624 723 186 997 1285 1045 516 348 604 1026 285 753 1057 1264 938 1087 1267 1001 1288 1242 1266 626 617 630 1300 1268 1018 798 1278 142 930 775 1050 1276 1250 739 1289
1310 568 1065 935 734 1362 1328 999 0 1528 1374 1356 1355 1442 1427 964 640 762 1357 1201 1434 1351 1369 1242 1341 1342 411 1429 690 1342 1112 1347 765 371 1324 1046 539 1131 986 1067 1070 1359 124 1035 1054 1100 106 991 1078 1131 532 799 100 1341 1432 556 1315 1339 775 766 1074 1373 1341 346 816 1351 1023 1361 636 63 544 1323 964 1363
301 1904 1163 1234 1070 577 544 1097 1528 0 590 571 570 162 124 598 1022 1066 572 364 131 566 585 366 557 558 1747 126 1166 557 1209 563 1419 1707 282 1331 1124 660 576 1165 850 574 1562 1319 952 522 1544 1068 606 560 1868 1275 1605 556 129 1892 531 555 1429 1420 496 589 556 1682 1601 567 1121 269 1112 1567 1880 539 592 578
616 1750 1367 1439 916 44 63 1301 1374 590 0 42 39 503 489 590 1226 1270 63 679 496 69 34 681 62 238 1594 491 1012 70 1413 46 1623 1553 597 1535 1237 864 612 1369 694 59 1409 1523 1157 726 1390 1272 704 281 1715 1121 1451 236 494 1738 93 50 1633 1624 700 38 237 1528 1806 46 1325 584 958 1414 1727 70 590 47
597 1732 1348 1420 897 47 66 1282 1356 571 42 0 42 485 470 572 1207 1252 66 661 477 72 37 662 65 220 1575 472 994 73 1395 49 1604 1535 579 1516 1218 845 594 1350 676 62 1390 1505 1138 707 1372 1254 685 262 1696 1102 1433 218 475 1720 96 53 1614 1606 681 41 218 1510 1787 49 1306 566 940 1395 1708 73 572 50
597 1731 1348 1419 897 43 63 1282 1355 570 39 42 0 484 469 571 1207 1251 62 660 477 68 34 662 62 219 1574 471 993 69 1394 46 1604 1534 578 1516 1217 845 593 1350 675 59 1390 1504 1137 706 1371 1253 685 261 1695 1102 1432 217 475 1719 93 50 1613 1605 681 38 217 1509 1786 46 1305 565 939 1394 1707 69 571 47
215 1818 1077 1148 983 491 458 1011 1442 162 503 485 484 0 61 512 936 980 486 278 68 480 499 280 470 472 1661 63 1080 471 1123 477 1333 1621 196 1245 1038 574 490 1079 764 488 1476 1233 866 435 1458 982 519 473 1782 1188 1519 470 66 1806 445 468 1342 1334 410 502 470 1596 1515 480 1034 183 1026 1481 1794 453 506 492
200 1803 1062 1133 969 476 443 996 1427 124 489 470 469 61 0 497 921 965 471 263 30 465 484 265 456 457 1646 25 1065 456 1108 462 1318 1606 181 1230 1023 559 475 1064 749 473 1461 1218 851 421 1443 967 505 459 1767 1174 1504 455 28 1791 430 454 1328 1319 395 488 455 1581 1500 466 1020 168 1011 1466 1779 438 491 477
381 1341 812 883 506 578 545 745 964 598 590 572 571 512 497 0 670 715 573 272 505 567 586 312 557 559 1184 499 602 558 858 564 1067 1143 394 980 773 309 83 813 287 575 999 968 601 170 980 717 149 347 1305 711 1041 557 503 1329 532 555 1077 1069 145 589 557 1119 1250 567 769 431 548 1004 1317 540 61 579
794 1051 450 335 538 1166 1132 384 675 1011 1178 1159 1159 925 910 660 0 147 1160 685 918 1154 1173 725 1145 1146 894 912 494 1145 496 1151 519 854 808 431 119 539 638 452 874 1162 709 419 439 519 691 376 667 934 1015 603 752 1144 916 1039 1119 1143 529 520 545 1177 1145 829 702 1155 408 844 440 714 1027 1127 654 1166
848 1082 329 213 636 1258 1224 263 773 1066 1270 1252 1251 980 965 715 147 0 1253 740 973 1247 1265 780 1237 1239 982 967 592 1238 375 1243 398 941 862 310 249 594 693 331 966 1255 808 298 317 574 789 255 722 1027 1046 701 850 1237 970 1070 1211 1235 408 399 600 1269 1237 801 580 1247 287 899 538 812 1058 1219 709 1259
599 1733 1350 1421 898 67 87 1283 1357 572 63 66 62 486 471 573 1208 1253 0 662 479 92 58 663 86 221 1576 473 995 93 1396 70 1605 1536 580 1518 1219 847 595 1351 677 83 1391 1506 1139 708 1373 1255 687 263 1697 1104 1434 219 476 1721 97 74 1615 1607 683 62 219 1511 1788 70 1307 567 941 1396 1709 93 573 71
146 1578 837 908 743 667 633 771 1201 364 679 661 660 278 263 272 695 740 662 0 271 656 674 78 646 647 1421 265 839 647 883 652 1093 1381 160 1005 798 334 250 839 524 664 1236 993 626 195 1217 742 279 584 1542 948 1279 646 268 1566 620 644 1102 1094 170 678 646 1356 1275 656 794 197 786 1241 1554 628 266 668
207 1810 1069 1141 976 484 450 1003 1434 131 496 477 477 68 30 505 928 973 479 271 0 473 491 272 463 464 1654 32 1072 464 1116 469 1325 1613 189 1237 1031 566 483 1071 756 480 1469 1226 859 428 1450 974 512 466 1775 1181 1511 463 36 1798 437 461 1335 1327 402 495 463 1588 1508 473 1027 176 1018 1474 1786 445 499 485
593 1727 1344 1415 892 73 93 1277 1351 566 69 72 68 480 465 567 1202 1247 92 656 473 0 64 657 92 215 1570 467 989 99 1390 76 1599 1530 574 1512 1213 841 589 1345 671 89 1385 1500 1133 702 1367 1249 681 257 1691 1098 1428 213 470 1715 91 80 1609 1601 677 68 213 1505 1782 76 1301 561 935 1390 1703 99 567 77
611 1746 1362 1434 911 39 58 1296 1369 585 34 37 34 499 484 586 1221 1265 58 674 491 64 0 676 57 233 1589 486 1007 65 1408 41 1618 1548 592 1530 1232 859 607 1364 690 54 1404 1519 1152 721 1385 1267 699 276 1710 1116 1446 231 489 1734 88 46 1628 1619 695 33 232 1524 1801 42 1320 579 953 1409 1722 65 586 42
148 1618 877 948 783 669 635 811 1242 366 681 662 662 280 265 312 736 780 663 78 272 657 676 0 648 649 1461 267 880 648 923 654 1133 1421 162 1045 838 374 290 879 564 665 1276 1033 666 236 1258 782 320 624 1582 989 1319 647 270 1606 622 646 1143 1134 210 680 648 1396 1315 658 835 199 826 1281 1594 630 306 669
583 1717 1334 1406 883 67 86 1268 1341 557 62 65 62 470 456 557 1193 1237 86 646 463 92 57 648 0 205 1561 458 979 93 1380 69 1590 1520 564 1502 1204 831 579 1336 661 82 1376 1490 1124 693 1357 1239 671 248 1682 1088 1418 203 461 1705 82 73 1600 1591 667 61 204 1495 1773 69 1292 551 925 1381 1693 90 557 70
584 1719 1335 1407 884 226 192 1269 1342 558 238 220 219 472 457 559 1194 1239 221 647 464 215 233 649 205 0 1562 459 980 206 1381 211 1591 1522 566 1503 1205 832 580 1337 663 223 1377 1492 1125 694 1358 1240 672 249 1683 1089 1420 60 462 1707 179 203 1601 1593 668 237 60 1497 1774 215 1293 553 927 1382 1695 187 559 227
1530 429 1266 797 954 1581 1548 1200 411 1747 1594 1575 1574 1661 1646 1184 860 981 1576 1421 1654 1570 1589 1461 1561 1562 0 1648 909 1561 1312 1567 626 131 1543 970 759 1350 1206 1268 1290 1578 446 958 1254 1319 427 1191 1298 1350 393 1018 488 1560 1652 417 1535 1559 636 627 1293 1593 1561 207 678 1571 1223 1580 856 451 405 1543 1184 1582
202 1805 1064 1135 970 478 445 998 1429 126 491 472 471 63 25 499 923 967 473 265 32 467 486 267 458 459 1648 0 1067 458 1110 464 1320 1608 183 1232 1025 561 477 1066 751 475 1463 1220 853 423 1445 969 507 461 1769 1176 1506 457 30 1793 432 455 1330 1321 397 489 457 1583 1502 468 1022 170 1013 1468 1781 440 493 479
948 1066 1079 963 372 1000 966 1013 690 1166 1012 994 993 1080 1065 602 654 775 995 839 1072 989 1007 880 979 980 909 1067 0 980 1125 985 1147 869 962 1060 553 851 624 1081 708 997 725 1048 1058 738 706 1004 716 768 1030 130 767 979 1070 1054 953 977 1157 1149 712 1011 979 844 1315 989 1036 999 165 729 1042 961 602 1001
584 1718 1335 1406 883 74 94 1268 1342 557 70 73 69 471 456 558 1193 1238 93 647 464 99 65 648 93 206 1561 458 980 0 1381 77 1590 1521 565 1503 1204 832 580 1336 662 90 1376 1491 1124 693 1358 1240 672 248 1682 1089 1419 204 461 1706 82 81 1600 1592 668 69 204 1496 1773 77 1292 552 926 1381 1694 90 558 78
991 1412 165 544 986 1401 1367 232 1123 1209 1413 1395 1394 1123 1108 858 496 375 1396 883 1116 1390 1408 923 1380 1381 1312 1110 942 1381 0 1386 728 1271 1005 640 599 737 836 115 1109 1398 1157 628 460 717 1138 398 865 1170 1376 1050 1200 1380 1113 1400 1354 1378 738 729 743 1412 1380 1131 911 1390 145 1042 888 1162 1388 1362 852 1402
589 1723 1340 1412 889 51 70 1274 1347 563 46 49 46 477 462 564 1199 1243 70 652 469 76 41 654 69 211 1567 464 985 77 1386 0 1596 1526 570 1508 1210 837 585 1342 667 66 1382 1497 1130 699 1363 1245 677 254 1688 1094 1424 209 467 1712 88 57 1606 1597 673 45 210 1502 1779 53 1298 557 931 1387 1700 77 563 54
1201 726 682 213 1008 1611 1577 616 765 1419 1623 1604 1604 1333 1318 1067 519 398 1605 1093 1325 1599 1618 1133 1590 1591 626 1320 964 1590 728 1596 0 586 1215 386 622 946 1045 684 1319 1607 799 375 670 926 781 607 1075 1379 691 1073 842 1589 1323 714 1564 1588 52 44 952 1622 1590 445 225 1600 639 1252 910 804 703 1572 1061 1611
1489 389 1225 756 913 1541 1507 1159 371 1707 1553 1535 1534 1621 1606 1143 819 941 1536 1381 1613 1530 1548 1421 1520 1522 131 1608 869 1521 1271 1526 586 0 1503 930 718 1310 1165 1227 1249 1538 406 918 1214 1279 387 1151 1257 1310 353 978 448 1520 1611 377 1494 1518 596 587 1253 1552 1520 167 637 1530 1183 1540 815 410 365 1503 1143 1542
94 1700 959 1031 866 585 551 893 1324 282 597 579 578 196 181 394 818 862 580 160 189 574 592 162 564 566 1543 183 962 565 1005 570 1215 1503 0 1127 920 456 372 961 646 582 1359 1115 748 318 1340 864 402 567 1664 1071 1401 564 186 1688 538 562 1225 1216 292 596 564 1478 1398 574 917 112 908 1363 1676 546 388 586
1113 1070 594 202 920 1523 1489 528 1057 1331 1535 1516 1516 1245 1230 980 431 310 1518 1005 1237 1512 1530 1045 1502 1503 970 1232 876 1503 640 1508 386 930 1127 0 534 858 957 596 1231 1519 1092 221 582 839 1073 519 987 1291 1035 985 1134 1501 1235 1058 1476 1500 396 388 865 1534 1502 789 569 1512 552 1164 822 1096 1047 1484 973 1524
896 1153 553 437 640 1268 1235 487 777 1114 1281 1262 1261 1028 1013 763 119 249 1263 788 1021 1257 1276 828 1248 1249 997 1015 596 1248 599 1254 622 956 910 534 0 642 740 555 977 1265 812 522 541 622 793 478 770 1037 1118 705 854 1247 1018 1141 1222 1245 631 623 648 1279 1247 931 804 1258 511 947 542 817 1129 1230 757 1269
363 1439 642 713 573 773 739 576 1063 581 785 766 766 495 480 230 501 545 768 255 487 762 780 295 752 753 1282 482 774 753 688 758 898 1242 377 810 603 0 207 644 481 769 1098 798 431 88 1079 547 237 541 1403 883 1140 751 485 1427 726 750 908 899 115 784 752 1217 1080 762 600 414 720 1102 1415 734 223 774
358 1362 789 861 528 600 566 723 986 576 612 594 593 490 475 83 648 693 595 250 483 589 607 290 579 580 1206 477 624 580 836 585 1045 1165 372 957 751 286 0 791 308 597 1021 946 579 148 1002 694 126 368 1326 733 1063 579 480 1350 553 577 1055 1047 122 611 579 1140 1228 589 747 409 570 1025 1338 561 78 601
947 1368 88 499 942 1357 1323 186 1078 1165 1369 1350 1350 1079 1064 813 452 331 1351 839 1071 1345 1364 879 1336 1337 1268 1066 897 1336 115 1342 684 1227 961 596 555 692 791 0 1065 1353 1113 584 416 672 1094 353 821 1125 1332 1006 1155 1335 1069 1356 1310 1334 694 685 698 1368 1336 1087 866 1346 68 998 843 1118 1344 1318 807 1357
632 1446 1063 1135 612 682 649 997 1070 850 694 676 675 764 749 287 922 966 677 524 756 671 690 564 661 663 1290 751 708 662 1109 667 1319 1249 646 1231 933 560 308 1065 0 679 1105 1219 853 422 1086 968 400 451 1411 817 1147 661 754 1435 636 659 1329 1320 396 693 661 1225 1502 671 1021 683 654 1110 1423 644 286 683
600 1735 1351 1423 900 64 83 1285 1359 574 59 62 59 488 473 575 1210 1255 83 664 480 89 54 665 82 223 1578 475 997 90 1398 66 1607 1538 582 1519 1221 848 597 1353 679 0 1393 1508 1141 710 1375 1257 688 265 1699 1105 1436 221 478 1723 99 70 1617 1609 684 58 221 1513 1790 66 1309 569 943 1398 1711 90 575 67
1345 603 1100 970 769 1397 1363 1034 124 1562 1409 1390 1390 1476 1461 999 675 797 1391 1236 1469 1385 1404 1276 1376 1377 446 1463 725 1376 1146 1382 799 406 1359 1081 574 1166 1021 1102 1105 1393 0 1069 1088 1134 60 1026 1113 1165 567 833 201 1375 1467 591 1350 1374 809 801 1109 1408 1376 381 851 1386 1058 1396 671 164 579 1358 999 1397
1102 1059 582 190 909 1511 1478 516 1046 1319 1523 1505 1504 1233 1218 968 419 298 1506 993 1226 1500 1519 1033 1490 1492 958 1220 865 1491 628 1497 375 918 1115 221 522 847 946 584 1219 1508 1080 0 571 827 1061 508 975 1280 1023 973 1123 1490 1224 1047 1465 1488 384 376 853 1522 1490 777 557 1500 540 1152 811 1085 1035 1473 962 1512
735 1354 416 485 851 1144 1111 350 1064 952 1157 1138 1137 866 851 601 438 317 1139 626 859 1133 1152 666 1124 1125 1254 853 883 1124 462 1130 670 1213 748 582 541 480 579 418 853 1141 1099 570 0 460 1080 164 608 913 1318 992 1141 1123 857 1342 1098 1121 680 671 486 1155 1123 1073 852 1134 374 785 830 1104 1330 1106 595 1145
304 1468 671 742 602 713 680 604 1092 522 726 707 706 435 421 170 529 574 708 195 428 702 721 236 693 694 1311 423 738 693 717 699 926 1271 318 839 632 168 148 672 422 710 1126 827 460 0 1107 576 178 482 1432 846 1169 692 426 1456 667 691 936 928 68 725 693 1246 1109 703 628 355 684 1131 1444 675 164 714
1326 584 1081 951 750 1378 1344 1015 106 1544 1390 1372 1371 1458 1443 980 656 778 1373 1217 1450 1367 1385 1258 1357 1358 427 1445 706 1358 1127 1363 781 387 1340 1062 555 1147 1002 1083 1086 1375 60 1050 1070 1116 0 1007 1094 1146 548 815 183 1357 1448 572 1331 1355 790 782 1090 1389 1357 362 832 1367 1039 1377 652 145 560 1339 980 1379
850 1267 337 398 840 1260 1226 271 977 1068 1272 1254 1253 982 967 717 351 230 1255 742 974 1249 1267 782 1239 1240 1166 969 796 1240 383 1245 583 1126 864 495 454 596 694 339 968 1257 1012 483 164 576 993 0 724 1028 1231 905 1054 1239 972 1255 1213 1237 592 584 602 1271 1239 985 765 1249 295 901 742 1016 1243 1221 711 1261
388 1454 819 890 620 692 658 753 1078 606 704 685 685 519 505 149 678 722 687 279 512 681 699 320 671 672 1298 507 716 672 865 677 1075 1257 402 987 780 316 126 821 400 688 1113 975 608 178 1094 724 0 460 1418 825 1155 671 510 1442 645 669 1085 1076 152 703 671 1232 1257 681 777 439 662 1117 1430 653 143 693
586 1507 1123 1195 672 268 235 1057 1131 560 281 262 261 473 459 347 982 1027 263 584 466 257 276 624 248 249 1350 461 768 248 1170 254 1379 1310 567 1291 993 620 368 1125 451 265 1165 1280 913 482 1146 1028 460 0 1471 877 1208 247 464 1495 222 246 1389 1381 456 280 248 1285 1562 258 1081 554 715 1170 1483 230 347 269
1650 142 1330 861 1074 1702 1669 1264 532 1868 1715 1696 1695 1782 1767 1305 981 1046 1697 1542 1775 1691 1710 1582 1682 1683 393 1769 1030 1682 1376 1688 691 353 1664 1035 879 1471 1326 1332 1411 1699 567 1023 1319 1440 548 1256 1418 1471 0 1139 609 1681 1772 151 1656 1679 700 692 1414 1713 1681 272 742 1692 1288 1701 976 571 139 1664 1305 1703
1057 1175 1188 1072 481 1109 1075 1121 799 1275 1121 1102 1102 1188 1174 711 762 884 1104 948 1181 1098 1116 989 1088 1089 1018 1176 130 1089 1234 1094 1256 978 1071 1168 661 960 733 1189 817 1105 833 1157 1167 846 815 1113 825 877 1139 0 876 1087 1179 1163 1062 1086 1266 1258 821 1120 1088 953 1423 1098 1145 1108 274 838 1151 1070 711 1110
1387 645 1142 1013 811 1439 1405 1076 100 1605 1451 1433 1432 1519 1504 1041 717 839 1434 1279 1511 1428 1446 1319 1418 1420 488 1506 767 1419 1189 1424 842 448 1401 1123 616 1208 1063 1144 1147 1436 201 1112 1131 1177 183 1068 1155 1208 609 876 0 1418 1509 633 1392 1416 852 843 1151 1450 1418 423 893 1428 1100 1438 713 106 621 1400 1041 1440
583 1717 1333 1405 882 224 191 1267 1341 556 236 218 217 470 455 557 1192 1237 219 646 463 213 231 647 203 60 1560 457 979 204 1380 209 1589 1520 564 1501 1203 831 579 1335 661 221 1375 1490 1123 692 1357 1239 671 247 1681 1087 1418 0 460 1705 177 201 1599 1591 666 235 59 1495 1772 213 1291 551 925 1380 1693 186 557 225
205 1808 1067 1139 974 482 448 1001 1432 129 494 475 475 66 28 503 926 970 476 268 36 470 489 270 461 462 1652 30 1070 461 1113 467 1323 1611 186 1235 1029 564 480 1069 754 478 1467 1224 857 426 1448 972 510 464 1772 1179 1509 460 0 1796 435 459 1333 1324 400 493 461 1586 1506 471 1025 173 1016 1471 1784 443 497 482
1674 118 1354 885 1098 1726 1693 1288 556 1892 1738 1720 1719 1806 1791 1329 1004 1070 1721 1566 1798 1715 1734 1606 1705 1707 417 1793 1054 1706 1400 1712 714 377 1688 1058 903 1495 1350 1356 1435 1723 591 1047 1342 1464 572 1280 1442 1495 151 1163 633 1705 1796 0 1680 1703 724 716 1438 1737 1705 296 766 1715 1312 1725 1000 595 142 1688 1329 1727
557 1692 1308 1380 857 98 69 1242 1315 531 93 96 93 445 430 532 1167 1211 97 620 437 91 88 622 82 179 1535 432 953 82 1354 88 1564 1494 538 1476 1178 805 553 1310 636 99 1350 1465 1098 667 1331 1213 645 222 1656 1062 1392 177 435 1680 0 79 1574 1565 641 92 178 1470 1747 92 1266 525 899 1355 1668 64 532 101
581 1715 1332 1403 881 55 74 1266 1339 555 50 53 50 468 454 555 1191 1235 74 644 461 80 46 646 73 203 1559 455 977 81 1378 57 1588 1518 562 1500 1202 829 577 1334 659 70 1374 1488 1121 691 1355 1237 669 246 1679 1086 1416 201 459 1703 79 0 1598 1589 665 49 202 1493 1771 58 1290 549 923 1378 1691 81 555 58
1211 736 692 223 1018 1620 1587 626 775 1429 1633 1614 1613 1342 1328 1077 529 408 1615 1102 1335 1609 1628 1143 1600 1601 636 1330 974 1600 738 1606 52 596 1225 396 631 956 1055 694 1329 1617 809 384 680 936 790 617 1085 1389 700 1083 852 1599 1333 724 1574 1598 0 53 962 1632 1600 455 235 1610 649 1262 920 814 712 1582 1071 1621
1202 728 683 214 1010 1612 1578 617 766 1420 1624 1606 1605 1334 1319 1069 520 399 1607 1094 1327 1601 1619 1134 1591 1593 627 1321 965 1592 729 1597 44 587 1216 388 623 948 1047 685 1320 1609 801 376 672 928 782 609 1076 1381 692 1074 843 1591 1324 716 1565 1589 53 0 954 1623 1591 446 226 1601 641 1253 912 805 704 1573 1063 1613
278 1450 697 768 616 688 654 630 1074 496 700 681 681 410 395 145 555 600 683 170 402 677 695 210 667 668 1293 397 712 668 743 673 952 1253 292 865 658 194 122 698 396 684 1109 853 486 68 1090 602 152 456 1414 821 1151 666 400 1438 641 665 962 954 0 699 667 1228 1135 677 654 329 658 1113 1426 649 138 689
615 1749 1366 1438 915 43 62 1300 1373 589 38 41 38 502 488 589 1225 1269 62 678 495 68 33 680 61 237 1593 489 1011 69 1412 45 1622 1552 596 1534 1236 863 611 1368 693 58 1408 1522 1155 725 1389 1271 703 280 1713 1120 1450 235 493 1737 92 49 1632 1623 699 0 236 1527 1805 45 1324 583 957 1412 1725 69 589 46
583 1717 1334 1405 883 224 191 1268 1341 556 237 218 217 470 455 557 1193 1237 219 646 463 213 232 648 204 60 1561 457 979 204 1380 210 1590 1520 564 1502 1204 831 579 1336 661 221 1376 1490 1123 693 1357 1239 671 248 1681 1088 1418 59 461 1705 178 202 1600 1591 667 236 0 1495 1772 214 1291 551 925 1380 1693 186 557 225
1464 308 1085 616 888 1516 1483 1018 346 1682 1528 1510 1509 1596 1581 1119 794 801 1511 1356 1588 1505 1524 1396 1495 1497 207 1583 844 1496 1131 1502 445 167 1478 789 693 1285 1140 1087 1225 1513 381 777 1073 1254 362 1010 1232 1285 272 953 423 1495 1586 296 1470 1493 455 446 1228 1527 1495 0 497 1505 1042 1515 790 385 284 1478 1119 1517
1384 778 864 396 1191 1793 1760 798 816 1601 1806 1787 1786 1515 1500 1250 702 580 1788 1275 1508 1782 1801 1315 1773 1774 678 1502 1147 1773 911 1779 225 637 1398 569 804 1129 1228 866 1502 1790 851 557 853 1109 832 790 1257 1562 742 1256 893 1772 1506 766 1747 1771 235 226 1135 1805 1772 497 0 1783 822 1435 1093 856 754 1755 1244 1794
593 1727 1344 1416 893 51 70 1278 1351 567 46 49 46 480 466 567 1203 1247 70 656 473 76 42 658 69 215 1571 468 989 77 1390 53 1600 1530 574 1512 1214 841 589 1346 671 66 1386 1500 1134 703 1367 1249 681 258 1692 1098 1428 213 471 1715 92 58 1610 1601 677 45 214 1505 1783 0 1302 561 935 1391 1703 77 567 54
903 1324 66 455 897 1312 1279 142 1034 1121 1325 1306 1305 1034 1020 769 408 287 1307 794 1027 1301 1320 835 1292 1293 1223 1022 853 1292 145 1298 639 1183 917 552 511 648 747 68 1021 1309 1069 540 372 628 1050 309 777 1081 1288 962 1111 1291 1025 1312 1266 1290 649 641 654 1324 1291 1042 822 1302 0 954 799 1073 1300 1274 763 1313
131 1737 996 1068 903 572 539 930 1361 269 584 566 565 183 168 431 855 899 567 197 176 561 579 199 551 553 1580 170 999 552 1042 557 1252 1540 112 1164 957 493 409 998 683 569 1396 1152 785 355 1377 901 439 554 1701 1108 1438 551 173 1725 525 549 1262 1253 329 583 551 1515 1435 561 954 0 945 1400 1713 534 425 573
894 1012 1025 909 318 946 913 959 636 1112 958 940 939 1026 1011 548 600 721 941 786 1018 935 953 826 925 927 856 1013 165 926 1071 931 1094 815 908 1006 499 797 570 1027 654 943 671 994 1004 684 652 950 662 715 976 274 713 925 1016 1000 899 923 1103 1095 658 957 925 790 1261 935 983 945 0 675 988 908 548 947
1349 607 1105 975 773 1401 1368 1039 63 1567 1414 1395 1394 1481 1466 1004 680 801 1396 1241 1474 1390 1409 1281 1381 1382 451 1468 729 1381 1151 1387 804 410 1363 1085 578 1170 1025 1107 1110 1398 164 1074 1093 1139 145 1030 1117 1170 571 838 106 1380 1471 595 1355 1378 814 805 1113 1412 1380 385 856 1391 1062 1400 675 0 583 1363 1004 1402
1662 130 1342 873 1086 1714 1681 1276 544 1880 1727 1708 1707 1794 1779 1317 992 1058 1709 1554 1786 1703 1722 1594 1693 1695 405 1781 1042 1694 1388 1700 703 365 1676 1047 891 1483 1338 1344 1423 1711 579 1035 1331 1452 560 1268 1430 1483 139 1151 621 1693 1784 142 1668 1691 712 704 1426 1725 1693 284 754 1703 1300 1713 988 583 0 1676 1317 1715
565 1700 1316 1388 865 74 77 1250 1323 539 70 73 69 453 438 540 1175 1219 93 628 445 99 65 630 90 187 1543 440 961 90 1362 77 1572 1503 546 1484 1186 813 561 1318 644 90 1358 1473 1106 675 1339 1221 653 230 1664 1070 1400 186 443 1688 64 81 1582 1573 649 69 186 1478 1755 77 1274 534 908 1363 1676 0 540 78
375 1340 806 877 506 578 545 739 964 592 590 572 571 506 491 61 664 709 573 266 499 567 586 306 557 559 1184 493 602 558 852 563 1061 1143 388 973 767 303 78 807 286 575 999 962 595 164 980 711 143 347 1305 711 1041 557 497 1329 532 555 1071 1063 138 589 557 1119 1244 567 763 425 548 1004 1317 540 0 579
605 1739 1356 1427 904 52 71 1289 1363 578 47 50 47 492 477 579 1214 1259 71 668 485 77 42 669 70 227 1582 479 1001 78 1402 54 1611 1542 586 1524 1225 853 601 1357 683 67 1397 1512 1145 714 1379 1261 693 269 1703 1110 1440 225 482 1727 101 58 1621 1613 689 46 225 1517 1794 54 1313 573 947 1402 1715 78 579 0
EOF