NAME : tsp_problem
TYPE : TSP
DIMENSION : 60
EDGE_WEIGHT_TYPE : EXPLICIT
EDGE_WEIGHT_FORMAT : FULL_MATRIX
EDGE_WEIGHT_SECTION
0 404 995 239 1716 95 523 870 69 1821 120 519 1517 66 784 51 71 78 698 1738 1499 720 60 75 788 635 57 1288 67 1073 63 1501 1473 631 64 1245 69 1246 90 50 330 387 527 60 72 1704 505 1643 897 137 132 1218 757 1358 48 56 1656 78 48 786
404 0 974 341 1571 428 267 725 403 1882 319 264 1579 399 543 385 404 411 442 1800 1355 779 393 408 644 380 390 1144 400 1134 396 1357 1328 375 398 1307 402 1307 424 383 391 449 272 393 405 1765 249 1498 959 336 331 1074 502 1213 381 390 1511 411 381 544
995 1003 0 932 951 1019 844 445 994 1228 910 841 924 990 541 976 995 1002 642 1145 734 563 984 999 428 713 981 450 991 480 987 736 708 708 989 653 993 653 1015 974 720 643 849 984 996 1111 826 878 304 927 922 640 588 780 972 981 891 1002 972 543
239 341 932 0 1653 263 460 807 237 1758 154 457 1454 234 721 219 239 246 635 1675 1436 657 228 243 726 572 225 1225 235 1010 231 1439 1410 568 232 1182 237 1183 258 218 267 325 465 228 240 1641 442 1580 834 170 166 1155 695 1295 216 224 1593 246 216 723
1716 1571 953 1653 0 1740 1413 1013 1714 1289 1631 1409 1349 1711 1110 1696 1716 1722 1211 1207 411 1131 1704 1720 996 1281 1702 559 1711 1086 1708 238 341 1276 1709 1077 1713 1078 1735 1694 1441 1364 1417 1704 1716 1173 1395 555 910 1647 1642 594 1156 734 1693 1701 387 1723 1693 1112
95 428 1019 263 1740 0 547 894 93 1845 144 543 1541 90 808 76 95 102 722 1762 1523 744 84 99 813 659 81 1312 91 1097 87 1525 1497 655 89 1269 93 1270 115 74 354 411 551 84 96 1728 529 1667 921 161 156 1242 781 1382 72 81 1680 102 72 810
523 267 815 460 1413 547 0 567 521 1875 438 26 1572 518 384 503 523 529 284 1793 1196 621 511 527 485 221 509 985 518 1127 515 1198 1170 216 516 1300 520 1301 542 501 510 567 34 511 523 1759 64 1340 952 454 449 915 343 1055 500 508 1353 530 500 386
807 662 383 744 980 831 504 0 805 1499 721 500 1195 802 201 787 807 813 301 1416 764 222 795 810 87 372 793 553 802 824 799 766 737 367 800 924 804 924 826 785 532 455 508 795 807 1382 485 907 648 738 733 483 247 622 784 792 920 814 784 202
69 403 994 237 1714 93 521 868 0 1819 119 518 1515 65 782 50 69 76 696 1736 1497 718 58 73 787 634 55 1287 65 1071 62 1500 1471 629 63 1244 67 1244 89 48 328 386 526 58 70 1702 503 1641 895 135 130 1216 756 1356 46 55 1654 77 46 784
1821 1882 1228 1758 1289 1845 1875 1551 1819 0 1735 1872 749 1816 1572 1801 1821 1827 1673 404 928 1425 1809 1824 1534 1744 1807 1140 1816 1165 1813 1075 1047 1739 1814 773 1818 773 1840 1799 1546 1469 1880 1809 1821 191 1857 785 989 1752 1747 1255 1619 1395 1798 1806 1230 1828 1798 1574
120 319 910 154 1631 144 438 785 119 1735 0 434 1432 115 699 101 120 127 613 1653 1414 635 109 124 703 550 106 1203 116 988 112 1416 1388 545 114 1160 118 1161 140 99 245 302 442 109 121 1619 419 1558 812 52 47 1133 672 1273 97 106 1571 127 97 701
519 264 812 457 1409 543 26 563 518 1872 434 0 1569 515 381 500 519 526 281 1790 1193 617 508 523 482 218 505 982 515 1124 512 1195 1167 213 513 1297 517 1297 539 498 506 564 31 508 520 1755 61 1337 948 451 446 912 340 1052 496 505 1350 527 496 383
1517 1579 924 1454 1338 1541 1572 1248 1515 749 1432 1569 0 1512 1269 1498 1517 1524 1370 667 1039 1122 1506 1521 1231 1440 1503 837 1513 862 1509 1124 1095 1436 1511 469 1515 470 1537 1496 1242 1165 1576 1506 1518 632 1554 896 686 1449 1444 1028 1315 1167 1494 1503 1278 1524 1494 1271
66 399 990 234 1711 90 518 865 65 1816 115 515 1512 0 779 47 66 73 693 1733 1494 715 55 70 784 630 52 1283 62 1068 58 1497 1468 626 60 1240 64 1241 86 45 325 382 522 55 67 1699 500 1638 892 132 127 1213 753 1353 43 52 1651 73 43 781
784 543 512 721 1110 808 384 264 782 1572 699 381 1269 779 0 764 784 791 182 1490 893 318 773 788 182 253 770 682 779 824 776 895 867 248 777 997 781 998 803 762 509 432 389 772 784 1456 366 1037 649 715 711 612 108 752 761 769 1050 791 761 23
51 385 976 219 1696 76 503 850 50 1801 101 500 1498 47 764 0 52 58 678 1719 1480 700 40 55 769 616 38 1269 47 1053 44 1482 1453 611 45 1226 49 1226 71 30 310 368 508 40 52 1684 485 1623 878 117 112 1199 738 1338 28 37 1636 59 29 766
71 404 995 239 1716 95 523 870 69 1821 120 519 1517 66 784 52 0 78 698 1738 1499 720 60 75 789 635 57 1288 67 1073 63 1501 1473 631 65 1245 69 1246 91 50 330 387 527 60 72 1704 505 1643 897 137 132 1218 758 1358 48 57 1656 78 48 786
78 411 1002 246 1722 102 529 877 76 1827 127 526 1524 73 791 58 78 0 705 1745 1506 727 66 82 795 642 64 1295 73 1080 70 1508 1480 637 71 1252 75 1253 97 56 337 394 534 66 78 1711 511 1650 904 144 139 1225 764 1365 55 63 1663 85 55 793
698 442 613 635 1211 722 284 365 696 1673 613 281 1370 693 182 678 698 705 0 1591 994 419 687 702 283 152 684 783 694 925 690 996 968 148 691 1098 695 1099 717 677 610 533 289 686 699 1556 266 1138 750 629 625 713 141 853 675 683 1151 705 675 184
1738 1800 1145 1675 1207 1762 1793 1469 1736 404 1653 1790 667 1733 1490 1719 1738 1745 1591 0 846 1343 1727 1742 1452 1661 1724 1058 1734 1083 1730 993 964 1657 1732 690 1736 691 1758 1717 1463 1386 1797 1727 1739 287 1775 702 907 1670 1665 1173 1536 1313 1715 1724 1147 1745 1715 1492
1499 1355 737 1436 411 1523 1196 796 1497 928 1414 1193 1039 1494 893 1480 1499 1506 994 846 0 915 1488 1503 780 1065 1485 342 1495 869 1491 197 168 1060 1493 860 1497 861 1519 1478 1224 1147 1201 1488 1500 811 1178 193 693 1431 1426 377 939 517 1476 1484 352 1506 1476 895
720 779 534 657 1131 744 621 285 718 1425 635 617 1122 715 318 700 720 727 419 1343 915 0 708 724 184 489 706 704 715 678 712 917 889 484 713 850 717 851 739 698 445 368 625 708 720 1309 603 1058 502 651 646 634 364 774 697 705 1072 727 697 320
60 393 984 228 1704 84 511 858 58 1809 109 508 1506 55 773 40 60 66 687 1727 1488 708 0 64 777 624 46 1277 55 1061 52 1490 1462 619 53 1234 57 1235 79 38 318 376 516 48 60 1693 493 1631 886 125 121 1207 746 1347 37 45 1645 67 37 774
75 408 999 243 1720 99 527 874 73 1824 124 523 1521 70 788 55 75 82 702 1742 1503 724 64 0 792 639 61 1292 70 1077 67 1505 1477 634 68 1249 72 1250 94 54 334 391 531 63 76 1708 508 1647 901 141 136 1222 761 1362 52 60 1660 82 52 790
788 644 399 726 996 813 485 150 787 1515 703 482 1211 784 182 769 789 795 283 1432 780 184 777 792 0 354 775 569 784 803 781 782 753 349 782 940 786 940 808 767 514 437 490 777 789 1398 467 923 627 720 715 499 229 638 766 774 936 796 766 184
635 380 684 572 1281 659 221 435 634 1744 550 218 1440 630 253 616 635 642 152 1661 1065 489 624 639 354 0 621 854 631 996 627 1067 1038 38 629 1168 633 1169 655 614 622 603 226 624 636 1627 203 1208 820 567 562 784 212 923 612 621 1221 642 612 254
57 390 981 225 1702 81 509 856 55 1807 106 505 1503 52 770 38 57 64 684 1724 1485 706 46 61 775 621 0 1274 53 1059 49 1487 1459 617 51 1231 55 1232 77 36 316 373 513 46 58 1690 491 1629 883 123 118 1204 743 1344 34 42 1642 64 34 772
1240 1133 452 1177 559 1264 975 575 1239 1151 1155 972 848 1235 672 1221 1240 1247 773 1069 342 693 1229 1244 558 843 1226 0 1236 585 1232 345 316 839 1234 576 1238 577 1260 1219 965 888 979 1229 1241 1035 957 486 409 1172 1167 249 718 389 1217 1226 499 1247 1217 674
67 400 991 235 1711 91 518 865 65 1816 116 515 1513 62 779 47 67 73 694 1734 1495 715 55 70 784 631 53 1284 0 1068 59 1497 1469 626 60 1241 64 1242 86 45 325 383 523 55 67 1699 500 1638 893 132 128 1214 753 1354 44 52 1652 74 44 781
1073 1134 480 1010 1269 1097 1127 886 1071 1165 988 1124 862 1068 824 1053 1073 1080 925 1083 1052 678 1061 1077 803 996 1059 768 1068 0 1065 1055 1026 991 1066 590 1070 590 1092 1051 798 721 1132 1061 1073 1048 1109 1196 242 1004 999 959 871 1098 1050 1058 1209 1080 1050 826
63 396 987 231 1708 87 515 862 62 1813 112 512 1509 58 776 44 63 70 690 1730 1491 712 52 67 781 627 49 1280 59 1065 0 1494 1465 623 57 1237 61 1238 83 42 322 380 520 52 64 1696 497 1635 889 129 124 1210 750 1350 40 49 1648 70 40 778
1501 1357 739 1439 238 1525 1198 799 1500 1075 1416 1195 1135 1497 895 1482 1501 1508 996 993 197 917 1490 1505 782 1067 1487 345 1497 871 1494 0 127 1062 1495 863 1499 863 1521 1480 1226 1150 1203 1490 1502 958 1180 341 696 1433 1428 379 942 519 1478 1487 183 1509 1478 897
1473 1328 711 1410 341 1497 1170 770 1471 1047 1388 1167 1106 1468 867 1453 1473 1480 968 964 168 889 1462 1477 753 1038 1459 316 1469 843 1465 127 0 1034 1466 834 1471 835 1492 1452 1198 1121 1175 1462 1474 930 1152 312 667 1404 1400 351 913 491 1450 1458 282 1480 1450 869
631 375 679 568 1276 655 216 430 629 1739 545 213 1436 626 248 611 631 637 148 1657 1060 484 619 634 349 38 617 849 626 991 623 1062 1034 0 624 1164 628 1164 650 609 618 599 221 619 631 1622 198 1204 815 562 557 779 207 919 608 616 1217 638 608 250
64 398 989 232 1709 89 516 863 63 1814 114 513 1511 60 777 45 65 71 691 1732 1493 713 53 68 782 629 51 1282 60 1066 57 1495 1466 624 0 1239 62 1239 84 43 323 381 521 53 65 1697 498 1636 891 130 125 1212 751 1351 41 50 1649 72 42 779
1245 1307 653 1182 1066 1269 1300 976 1244 773 1160 1297 469 1240 997 1226 1245 1252 1098 690 849 850 1234 1249 959 1168 1231 565 1241 590 1237 852 823 1164 1239 0 1243 96 1265 1224 970 893 1305 1234 1246 656 1282 919 414 1177 1172 756 1043 895 1222 1231 1006 1252 1222 999
69 402 993 237 1713 93 520 867 67 1818 118 517 1515 64 781 49 69 75 695 1736 1497 717 57 72 786 633 55 1286 64 1070 61 1499 1471 628 62 1243 0 1243 88 47 327 385 525 57 69 1701 502 1640 895 134 130 1216 755 1356 46 54 1654 76 46 783
1246 1307 653 1183 1067 1270 1301 976 1244 773 1161 1297 470 1241 998 1226 1246 1253 1099 691 850 851 1235 1250 960 1169 1232 566 1242 590 1238 852 824 1164 1239 96 1243 0 1265 1225 971 894 1305 1234 1247 657 1283 920 415 1177 1173 756 1044 896 1223 1231 1007 1253 1223 1000
90 424 1015 258 1735 115 542 889 89 1840 140 539 1537 86 803 71 91 97 717 1758 1519 739 79 94 808 655 77 1308 86 1092 83 1521 1492 650 84 1265 88 1265 0 69 349 407 547 79 91 1723 524 1662 917 156 151 1238 777 1377 67 76 1675 98 68 805
50 383 974 218 1694 74 501 848 48 1799 99 498 1496 45 762 30 50 56 677 1717 1478 698 38 54 767 614 36 1267 45 1051 42 1480 1452 609 43 1224 47 1225 69 0 308 366 506 38 50 1682 483 1621 876 115 111 1197 736 1337 27 35 1635 57 27 764
330 391 720 267 1441 354 510 595 328 1546 245 506 1242 325 509 310 330 337 610 1463 1224 445 318 334 514 622 316 1013 325 798 322 1226 1198 618 323 970 327 971 349 308 0 112 514 318 330 1429 492 1368 622 261 256 943 555 1083 307 315 1381 337 307 511
387 449 643 325 1364 411 567 518 386 1469 302 564 1165 382 432 368 387 394 533 1386 1147 368 376 391 437 603 373 936 383 721 380 1150 1121 599 381 893 385 894 407 366 112 0 572 376 388 1352 549 1291 545 319 314 866 478 1006 364 373 1304 394 364 434
527 272 820 465 1417 551 34 571 526 1880 442 31 1576 522 389 508 527 534 289 1797 1201 625 516 531 490 226 513 990 523 1132 520 1203 1175 221 521 1305 525 1305 547 506 514 572 0 516 528 1763 69 1344 956 459 454 920 348 1060 504 513 1358 534 504 391
60 393 984 228 1704 84 511 858 58 1809 109 508 1506 55 772 40 60 66 686 1727 1488 708 48 63 777 624 46 1277 55 1061 52 1490 1462 619 53 1234 57 1234 79 38 318 376 516 0 60 1692 493 1631 886 125 121 1207 746 1347 37 45 1645 67 37 774
72 405 996 240 1716 96 523 870 70 1821 121 520 1518 67 784 52 72 78 699 1739 1500 720 60 76 789 636 58 1289 67 1073 64 1502 1474 631 65 1246 69 1247 91 50 330 388 528 60 0 1704 505 1643 898 137 133 1219 758 1359 49 57 1657 79 49 786
1704 1765 1111 1641 1173 1728 1759 1434 1702 191 1619 1755 632 1699 1456 1684 1704 1711 1556 287 811 1309 1693 1708 1418 1627 1690 1024 1699 1048 1696 958 930 1622 1697 656 1701 657 1723 1682 1429 1352 1763 1692 1704 0 1740 668 873 1635 1631 1139 1502 1279 1681 1689 1113 1711 1681 1457
505 249 797 442 1395 529 64 549 503 1857 419 61 1554 500 366 485 505 511 266 1775 1178 603 493 508 467 203 491 967 500 1109 497 1180 1152 198 498 1282 502 1283 524 483 492 549 69 493 505 1740 0 1322 934 436 431 897 325 1037 482 490 1335 512 482 368
1643 1498 880 1580 555 1667 1340 940 1641 785 1558 1337 896 1638 1037 1623 1643 1650 1138 702 193 1058 1631 1647 923 1208 1629 486 1638 1013 1635 341 312 1204 1636 919 1640 920 1662 1621 1368 1291 1344 1631 1643 668 1322 0 837 1574 1570 521 1083 661 1620 1628 495 1650 1620 1039
897 959 304 834 1093 921 952 710 895 989 812 948 686 892 649 878 897 904 750 907 877 502 886 901 627 820 883 592 893 242 889 879 851 815 891 414 895 415 917 876 622 545 956 886 898 873 934 1020 0 829 824 783 695 923 874 882 1034 904 874 651
137 336 927 170 1647 161 454 801 135 1752 52 451 1449 132 715 117 137 144 629 1670 1431 651 125 141 720 567 123 1220 132 1004 129 1433 1404 562 130 1177 134 1177 156 115 261 319 459 125 137 1635 436 1574 829 0 63 1150 689 1289 114 122 1587 144 114 717
132 331 922 166 1642 156 449 796 130 1747 47 446 1444 127 711 112 132 139 625 1665 1426 646 121 136 715 562 118 1215 128 999 124 1428 1400 557 125 1172 130 1173 151 111 256 314 454 121 133 1631 431 1570 824 63 0 1145 684 1285 109 117 1583 139 109 713
1218 1074 643 1155 594 1242 915 515 1216 1255 1133 912 1039 1213 612 1199 1218 1225 713 1173 377 634 1207 1222 499 784 1204 249 1214 775 1210 379 351 779 1212 767 1216 767 1238 1197 943 866 920 1207 1219 1139 897 521 600 1150 1145 0 658 196 1195 1204 534 1225 1195 614
757 502 559 695 1156 781 343 310 756 1619 672 340 1315 753 108 738 758 764 141 1536 939 364 746 761 229 212 743 728 753 871 750 942 913 207 751 1043 755 1044 777 736 555 478 348 746 758 1502 325 1083 695 689 684 658 0 798 734 743 1096 765 734 110
1358 1213 783 1295 734 1382 1055 655 1356 1395 1273 1052 1178 1353 752 1338 1358 1365 853 1313 517 774 1347 1362 638 923 1344 389 1354 915 1350 519 491 919 1351 906 1356 907 1377 1337 1083 1006 1060 1347 1359 1279 1037 661 739 1289 1285 196 798 0 1335 1343 674 1365 1335 754
48 381 972 216 1693 72 500 847 46 1798 97 496 1494 43 761 28 48 55 675 1715 1476 697 37 52 766 612 34 1265 44 1050 40 1478 1450 608 41 1222 46 1223 67 27 307 364 504 37 49 1681 482 1620 874 114 109 1195 734 1335 0 33 1633 55 25 763
56 390 981 224 1701 81 508 855 55 1806 106 505 1503 52 769 37 57 63 683 1724 1484 705 45 60 774 621 42 1274 52 1058 49 1487 1458 616 50 1231 54 1231 76 35 315 373 513 45 57 1689 490 1628 882 122 117 1204 743 1343 33 0 1641 64 34 771
1656 1511 894 1593 387 1680 1353 953 1654 1230 1571 1350 1289 1651 1050 1636 1656 1663 1151 1147 352 1072 1645 1660 936 1221 1642 499 1652 1026 1648 183 282 1217 1649 1017 1654 1018 1675 1635 1381 1304 1358 1645 1657 1113 1335 495 850 1587 1583 534 1096 674 1633 1641 0 1663 1633 1052
78 411 1002 246 1723 102 530 877 77 1828 127 527 1524 73 791 59 78 85 705 1745 1506 727 67 82 796 642 64 1295 74 1080 70 1509 1480 638 72 1252 76 1253 98 57 337 394 534 67 79 1711 512 1650 904 144 139 1225 765 1365 55 64 1663 0 55 793
48 381 972 216 1693 72 500 847 46 1798 97 496 1494 43 761 29 48 55 675 1715 1476 697 37 52 766 612 34 1265 44 1050 40 1478 1450 608 42 1222 46 1223 68 27 307 364 504 37 49 1681 482 1620 874 114 109 1195 734 1335 25 34 1633 55 0 763
786 544 514 723 1112 810 386 266 784 1574 701 383 1271 781 23 766 786 793 184 1492 895 320 774 790 184 254 772 684 781 826 778 897 869 250 779 999 783 1000 805 764 511 434 391 774 786 1457 368 1039 651 717 713 614 110 754 763 771 1052 793 763 0
EOF
