NAME : tsp_problem
TYPE : TSP
DIMENSION : 79
EDGE_WEIGHT_TYPE : EXPLICIT
EDGE_WEIGHT_FORMAT : FULL_MATRIX
EDGE_WEIGHT_SECTION
0 1246 1056 1214 224 267 1056 398 497 1003 1766 231 556 246 243 1570 1814 1456 1940 1554 247 1224 1627 230 234 226 698 223 174 730 1226 1522 331 227 567 1253 468 1035 56 1231 225 870 1211 596 1543 1215 1787 175 238 1410 1144 572 652 1475 964 1054 242 1666 62 173 1557 237 538 233 232 656 942 648 698 555 1546 155 546 747 48 233 238 144 197
1246 0 223 318 1284 1327 872 883 784 848 874 1291 880 1306 1303 1148 835 478 1048 575 1307 266 648 1290 1293 1285 742 1283 1233 702 329 544 1110 1287 899 918 1003 881 1260 418 1285 801 453 708 565 257 895 1234 1298 1075 166 864 764 497 755 221 1301 1244 1251 1232 1135 1296 869 1293 1291 714 788 806 742 880 568 1214 833 1078 1252 1293 1298 1203 1092
1056 223 0 274 1095 1137 741 694 595 805 831 1102 691 1117 1113 1104 791 434 1005 531 1118 208 605 1100 1104 1096 553 1093 1044 513 286 500 921 1097 709 874 814 837 1071 375 1095 670 410 518 521 199 851 1045 1108 1031 122 675 575 453 624 32 1112 1201 1062 1043 1091 1107 680 1104 1102 524 744 617 553 690 524 1025 644 889 1063 1104 1109 1014 903
1166 318 274 0 1204 1247 580 803 742 556 738 1211 838 1226 1223 942 699 341 912 438 1227 317 512 1210 1214 1206 700 1203 1153 660 37 407 1068 1207 819 626 961 588 1180 126 1205 509 161 665 428 307 758 1154 1218 782 206 822 722 360 463 272 1221 1038 1171 1153 929 1217 789 1213 1211 672 495 764 700 837 431 1134 791 998 1172 1213 1218 1123 1012
224 1284 1095 1252 0 75 1095 436 535 1041 1805 39 594 54 51 1608 1852 1495 1979 1592 55 1263 1665 37 41 33 736 31 115 769 1264 1561 369 35 606 1292 506 1073 239 1270 33 908 1250 634 1582 1253 1825 116 45 1448 1183 610 690 1514 1002 1093 49 1704 230 115 1595 44 576 41 39 695 980 686 736 594 1585 127 584 785 231 41 46 116 235
267 1327 1137 1295 75 0 1137 479 578 1084 1847 81 637 96 93 1651 1895 1537 2021 1635 98 1305 1708 80 84 76 779 73 158 811 1307 1603 412 77 648 1334 549 1116 281 1312 75 951 1292 677 1624 1296 1867 159 88 1491 1225 653 733 1556 1045 1135 92 1747 272 157 1638 87 619 84 82 737 1023 729 779 636 1627 169 627 827 273 83 88 158 278
1056 870 747 577 1095 1137 0 694 639 587 1290 1101 868 1116 1113 1154 1250 893 1464 990 1118 869 1064 1100 1104 1096 730 1093 1044 689 589 959 1098 1097 709 837 991 619 1071 594 1095 256 630 695 980 859 1310 1045 1108 994 758 851 751 912 210 745 1112 1250 1062 1043 1141 1107 680 1104 1102 701 526 794 730 867 983 1025 688 888 1063 1103 1108 1014 903
398 883 694 851 436 479 694 0 134 640 1404 443 546 458 455 1207 1451 1094 1578 1191 459 862 1265 441 445 437 408 435 385 368 863 1160 501 439 205 891 638 672 412 869 437 507 849 233 1181 852 1424 386 450 1048 782 530 289 1113 602 692 453 1304 403 384 1194 448 175 445 443 294 579 472 408 545 1184 366 184 384 404 445 450 355 244
497 784 595 752 535 578 639 134 0 585 1349 542 447 557 554 1152 1352 995 1523 1092 558 763 1165 541 544 537 309 534 484 268 764 1061 600 538 150 836 570 617 511 770 536 452 794 134 1082 753 1369 485 549 992 683 430 190 1013 546 593 552 1248 502 483 1139 548 120 544 542 195 524 373 309 446 1085 465 84 329 503 544 549 454 343
1003 1032 988 739 1041 1084 587 640 585 0 1156 1048 995 1063 1060 960 1373 1055 1330 1152 1064 1031 1226 1046 1050 1042 857 1040 990 816 751 1121 1106 1044 656 644 1118 240 1017 639 1042 401 601 682 1142 1021 1177 991 1055 800 920 978 738 1074 495 986 1058 1056 1008 989 947 1053 626 1050 1048 660 147 921 857 994 1145 971 634 835 1009 1050 1055 960 849
1766 874 831 738 1805 1847 1292 1404 1349 1156 0 1812 1488 1826 1823 449 392 621 195 719 1828 874 792 1810 1814 1806 1349 1803 1754 1309 749 687 1718 1807 1419 842 1611 1189 1781 838 1805 1164 874 1315 709 864 41 1755 1818 704 763 1471 1371 640 1175 829 1822 545 1772 1753 436 1817 1390 1814 1812 1321 1096 1413 1350 1487 412 1735 1398 1598 1773 1814 1819 1724 1613
231 1291 1102 1259 39 81 1101 443 542 1048 1812 0 601 60 57 1615 1859 1501 1985 1599 62 1270 1672 44 48 40 743 37 122 775 1271 1567 376 41 612 1299 513 1080 246 1276 39 915 1257 641 1589 1260 1832 123 52 1455 1190 617 697 1520 1009 1100 56 1711 237 121 1602 51 583 48 46 702 987 693 743 600 1592 134 591 792 238 48 53 122 242
556 880 691 849 594 637 839 546 447 995 1488 601 0 616 613 1562 1448 1091 1662 1188 617 859 1262 600 604 596 221 593 544 268 860 1157 310 597 562 1246 203 1027 571 866 595 768 901 371 1178 850 1508 545 608 1402 779 92 427 1110 722 689 612 1658 562 543 1549 607 532 604 602 495 934 171 222 33 1181 525 496 741 563 603 608 514 526
246 1306 1117 1274 54 96 1116 458 557 1063 1826 60 616 0 72 1630 1874 1516 2000 1614 77 1284 1687 59 63 55 758 52 137 790 1286 1582 391 56 627 1313 528 1095 261 1291 54 930 1271 656 1603 1275 1847 138 67 1470 1204 632 712 1535 1024 1114 71 1726 252 136 1617 66 598 63 61 716 1002 708 758 615 1607 148 606 807 253 63 68 137 257
243 1303 1113 1271 51 93 1113 455 554 1060 1823 57 613 72 0 1627 1871 1513 1997 1611 74 1281 1684 56 60 52 755 49 134 787 1283 1579 388 53 624 1310 525 1092 257 1288 51 927 1268 653 1600 1272 1843 135 64 1467 1201 629 709 1532 1021 1111 68 1723 248 133 1614 63 595 60 58 713 999 705 755 612 1603 145 603 803 249 59 64 134 254
1570 1148 1104 931 1608 1651 1154 1207 1152 960 449 1615 1562 1630 1627 0 666 895 623 992 1631 1147 1066 1614 1618 1610 1424 1607 1557 1384 943 961 1674 1611 1223 646 1685 992 1584 831 1609 968 793 1249 982 1138 469 1558 1622 507 1036 1546 1305 914 1062 1102 1625 197 1575 1556 88 1621 1193 1617 1615 1227 899 1488 1424 1561 686 1538 1202 1402 1576 1617 1622 1527 1416
1814 835 791 699 1852 1895 1253 1451 1352 1229 392 1859 1448 1874 1871 666 0 582 566 679 1875 834 753 1858 1861 1854 1310 1851 1801 1270 710 648 1678 1855 1467 1059 1571 1261 1828 799 1853 1182 834 1276 669 825 412 1802 1866 920 723 1432 1332 601 1136 789 1869 762 1819 1800 653 1865 1437 1861 1859 1282 1169 1374 1311 1448 373 1782 1401 1646 1820 1861 1866 1771 1660
1456 478 434 341 1495 1537 896 1094 995 872 621 1501 1091 1516 1513 895 582 0 795 147 1518 477 220 1500 1504 1496 953 1493 1444 912 353 116 1321 1497 1109 942 1214 904 1471 442 1495 825 477 918 137 467 642 1445 1508 1098 366 1074 974 68 779 432 1512 991 1462 1443 882 1507 1080 1504 1502 924 811 1017 953 1090 315 1425 1044 1288 1463 1504 1508 1414 1303
1940 1048 1005 912 1979 2021 1466 1578 1523 1330 195 1985 1662 2000 1997 623 566 795 0 893 2002 1047 966 1984 1988 1980 1523 1977 1928 1483 923 861 1892 1981 1593 1016 1785 1363 1955 1012 1979 1338 1047 1489 882 1038 183 1929 1992 878 936 1645 1545 814 1349 1003 1996 719 1946 1927 610 1991 1564 1988 1986 1495 1270 1587 1524 1661 586 1909 1572 1772 1947 1987 1992 1898 1787
1554 575 531 438 1592 1635 993 1191 1092 969 719 1599 1188 1614 1611 992 679 147 893 0 1615 574 110 1597 1601 1593 1050 1591 1541 1010 450 213 1418 1595 1207 1039 1311 1001 1568 539 1593 922 574 1015 234 565 739 1542 1605 1196 463 1172 1072 122 876 529 1609 1089 1559 1540 979 1604 1177 1601 1599 1022 908 1114 1050 1187 412 1522 1141 1386 1560 1601 1606 1511 1400
247 1307 1118 1275 55 98 1118 459 558 1064 1828 62 617 77 74 1631 1875 1518 2002 1615 0 1286 1688 60 64 56 759 54 139 792 1287 1584 392 58 629 1315 529 1096 262 1293 56 931 1273 657 1605 1276 1848 139 68 1472 1206 633 713 1537 1025 1116 72 1727 253 138 1618 67 599 64 62 718 1003 709 759 617 1608 150 607 808 254 64 69 139 258
1224 252 208 292 1263 1305 847 862 763 823 849 1270 859 1284 1281 1122 809 452 1023 549 1286 0 623 1268 1272 1264 721 1261 1212 680 304 518 1089 1265 877 892 982 855 1239 393 1263 775 428 686 539 56 869 1213 1276 1049 140 842 742 471 729 206 1280 1219 1230 1211 1109 1275 848 1272 1270 692 762 785 721 858 542 1193 812 1056 1231 1272 1277 1182 1071
1627 648 605 512 1665 1708 1066 1265 1165 1043 792 1672 1262 1687 1684 1066 753 220 966 110 1688 648 0 1671 1675 1667 1123 1664 1615 1083 524 143 1492 1668 1280 1112 1385 1075 1641 612 1666 995 648 1089 164 638 812 1616 1679 1269 537 1245 1145 195 949 603 1683 1162 1633 1614 1053 1678 1251 1675 1673 1095 982 1187 1124 1261 486 1596 1215 1459 1634 1674 1679 1585 1474
230 1290 1100 1258 37 80 1100 441 541 1046 1810 44 600 59 56 1614 1858 1500 1984 1597 60 1268 1671 0 47 39 741 36 121 774 1269 1566 374 40 611 1297 511 1079 244 1275 38 914 1255 639 1587 1259 1830 122 51 1454 1188 616 696 1519 1008 1098 55 1710 235 120 1601 50 582 46 45 700 986 691 742 599 1590 132 590 790 236 46 51 121 241
234 1293 1104 1262 41 84 1104 445 544 1050 1814 48 604 63 60 1618 1861 1504 1988 1601 64 1272 1675 47 0 43 745 40 125 778 1273 1570 378 44 615 1301 515 1083 248 1279 42 918 1259 643 1591 1263 1834 126 55 1458 1192 620 700 1523 1012 1102 59 1714 239 124 1605 54 586 50 48 704 990 695 746 603 1594 136 594 794 240 50 55 125 245
226 1285 1096 1254 33 76 1096 437 537 1042 1806 40 596 55 52 1610 1854 1496 1980 1593 56 1264 1667 39 43 0 737 32 117 770 1265 1562 370 36 607 1293 507 1075 240 1271 34 910 1251 635 1583 1255 1826 118 47 1450 1184 612 692 1515 1004 1094 51 1706 231 116 1597 46 578 42 41 696 982 687 738 595 1586 128 586 786 232 42 47 117 237
698 742 553 710 736 779 701 408 309 857 1349 743 221 758 755 1424 1310 953 1523 1050 759 721 1123 741 745 737 0 735 685 110 722 1019 451 739 423 1107 344 889 712 728 737 630 763 232 1040 711 1369 686 750 1264 641 205 289 972 584 551 753 1520 703 684 1411 748 394 745 743 357 796 147 28 221 1043 666 358 602 704 745 750 655 617
223 1283 1093 1251 31 73 1093 435 534 1040 1803 37 593 52 49 1607 1851 1493 1977 1591 54 1261 1664 36 40 32 735 0 114 767 1263 1559 368 33 604 1290 505 1072 237 1268 31 907 1248 633 1580 1252 1823 115 44 1447 1181 609 689 1512 1001 1091 48 1703 228 113 1594 43 575 40 38 693 979 685 735 592 1583 125 583 783 229 39 44 114 234
174 1233 1044 1201 115 158 1044 385 484 990 1754 122 544 137 134 1557 1801 1444 1928 1541 139 1212 1615 121 125 117 685 114 0 718 1213 1510 318 118 555 1241 455 1022 188 1219 116 858 1199 583 1531 1203 1774 66 129 1398 1132 560 640 1463 952 1042 133 1654 179 64 1544 128 526 125 123 644 930 635 686 543 1534 76 534 734 180 124 129 65 185
730 702 513 670 769 811 660 368 268 816 1309 775 268 790 787 1384 1270 912 1483 1010 792 680 1083 774 778 770 110 767 718 0 682 978 498 771 383 1067 391 849 745 687 769 589 723 192 1000 671 1329 719 782 1224 601 252 248 931 543 511 786 1480 736 717 1371 781 354 778 776 316 756 194 110 267 1003 699 318 562 737 777 782 688 577
1178 329 286 37 1216 1258 591 815 753 568 749 1223 850 1238 1235 954 710 353 923 450 1239 328 524 1221 1225 1217 712 1215 1165 671 0 419 1080 1219 830 637 973 600 1192 137 1217 520 173 677 440 319 770 1166 1229 794 218 833 733 372 474 284 1233 1050 1183 1164 941 1228 801 1225 1223 683 507 776 712 849 443 1146 803 1010 1184 1225 1230 1135 1024
1522 544 500 407 1561 1603 962 1160 1061 938 687 1567 1157 1582 1579 961 648 116 861 213 1584 543 143 1566 1570 1562 1019 1559 1510 978 419 0 1387 1563 1175 1008 1280 970 1537 508 1561 891 543 984 48 533 708 1511 1574 1164 432 1140 1040 134 845 498 1578 1057 1528 1509 948 1573 1146 1570 1568 990 877 1083 1019 1156 381 1491 1110 1354 1529 1570 1574 1480 1369
331 1110 921 1079 369 412 1069 501 600 1106 1718 376 310 391 388 1674 1678 1321 1892 1418 392 1089 1492 374 378 370 451 368 318 498 1090 1387 0 372 671 1357 221 1139 345 1096 370 974 1131 601 1408 1080 1738 319 383 1514 1009 326 657 1340 952 919 386 1770 336 317 1661 381 642 378 376 725 1046 401 452 309 1411 299 650 850 337 378 383 288 301
227 1287 1097 1255 35 77 1097 439 538 1044 1807 41 597 56 53 1611 1855 1497 1981 1595 58 1265 1668 40 44 36 739 33 118 771 1267 1563 372 0 608 1294 509 1076 241 1272 35 911 1252 637 1584 1256 1828 119 48 1451 1185 613 693 1516 1005 1095 52 1707 232 117 1598 47 579 44 42 697 983 689 739 596 1587 129 587 788 234 44 48 118 238
567 899 709 867 606 648 709 205 150 656 1419 612 562 627 624 1223 1467 1109 1593 1207 629 877 1280 611 615 607 423 604 555 383 878 1175 671 608 0 906 685 688 582 884 606 523 864 249 1196 868 1439 556 619 1063 797 545 305 1128 617 707 623 1319 573 554 1210 618 70 615 613 309 595 487 424 561 1199 536 199 278 574 615 619 525 414
1253 907 863 615 1292 1334 837 891 836 644 842 1299 1246 1313 1310 646 1059 931 1016 1028 1315 906 1101 1297 1301 1293 1107 1290 1241 1067 626 997 1357 1294 906 0 1369 676 1268 514 1292 651 477 933 1018 897 862 1242 1305 486 795 1229 989 949 745 861 1309 742 1259 1240 633 1304 877 1301 1299 911 583 1171 1108 1245 1021 1222 885 1085 1260 1301 1306 1211 1100
468 1003 814 972 506 549 962 638 570 1118 1611 513 203 528 525 1685 1571 1214 1785 1311 529 982 1385 511 515 507 344 505 455 391 983 1280 221 509 685 1369 0 1150 482 989 507 891 1024 494 1301 973 1631 456 519 1526 902 219 550 1233 845 812 523 1781 473 454 1672 518 655 515 513 618 1057 294 345 202 1304 436 619 864 474 515 520 425 438
1035 1064 1020 772 1073 1116 619 672 617 240 1189 1080 1027 1095 1092 992 1405 1087 1363 1185 1096 1063 1258 1079 1083 1075 889 1072 1022 849 783 1153 1139 1076 688 676 1150 0 1049 671 1074 433 634 714 1174 1054 1209 1023 1087 832 952 1011 770 1106 527 1018 1090 1088 1040 1022 979 1086 658 1082 1080 692 179 953 889 1026 1178 1003 667 867 1041 1082 1087 992 881
56 1260 1071 1228 239 281 1071 412 511 1017 1781 246 571 261 257 1584 1828 1471 1955 1568 262 1239 1641 244 248 240 712 237 188 745 1240 1537 345 241 582 1268 482 1049 0 1246 239 884 1226 610 1558 1229 1801 189 252 1425 1159 587 666 1490 979 1069 256 1680 76 187 1571 251 552 248 246 671 956 662 713 570 1561 169 561 761 62 248 253 158 211
1183 418 375 126 1222 1264 597 821 759 573 838 1228 856 1243 1240 959 799 442 1012 539 1245 417 612 1227 1231 1223 717 1220 1171 677 137 508 1086 1224 836 643 979 606 1198 0 1222 526 52 683 529 408 858 1172 1235 800 306 839 739 461 480 373 1239 1056 1189 1170 947 1234 807 1231 1229 689 513 781 718 855 532 1152 809 1015 1190 1231 1235 1141 1030
225 1285 1095 1253 33 75 1095 437 536 1042 1805 39 595 54 51 1609 1853 1495 1979 1593 56 1263 1666 38 42 34 737 31 116 769 1265 1561 370 35 606 1292 507 1074 239 1270 0 909 1250 635 1582 1254 1825 117 46 1449 1183 611 691 1514 1003 1093 50 1705 230 115 1596 45 577 42 40 695 981 687 737 594 1585 127 585 785 231 41 46 116 236
870 798 676 506 908 951 256 507 452 401 1164 915 797 930 927 968 1179 822 1338 919 931 798 993 914 918 910 659 907 858 618 518 888 974 911 523 651 920 433 884 523 909 0 559 549 909 788 1184 858 922 808 687 780 606 841 139 674 926 1064 875 857 955 921 494 917 916 527 340 723 659 796 912 839 502 702 876 917 922 828 717
1219 453 410 161 1257 1299 632 856 794 609 874 1264 891 1279 1275 995 834 477 1047 574 1280 453 648 1262 1266 1258 752 1255 1206 712 173 543 1121 1260 871 678 1014 641 1233 52 1257 561 0 718 564 443 894 1207 1270 835 342 874 774 496 515 408 1274 1091 1224 1205 982 1269 842 1266 1264 724 548 816 753 890 567 1187 844 1051 1225 1266 1271 1176 1065
596 708 518 676 634 677 666 233 134 682 1315 641 371 656 653 1249 1276 918 1489 1015 657 686 1089 639 643 635 232 633 583 192 687 984 601 637 249 933 494 714 610 693 635 549 728 0 1005 677 1335 584 648 1089 606 354 114 937 549 516 651 1345 601 582 1236 646 219 643 641 233 621 296 233 370 1008 564 183 428 602 643 648 553 442
1543 565 521 428 1582 1624 983 1181 1082 959 709 1589 1178 1603 1600 982 669 137 882 234 1605 564 164 1587 1591 1583 1040 1580 1531 1000 440 48 1408 1584 1196 1029 1301 991 1558 529 1582 912 564 1005 0 554 729 1532 1595 1185 453 1161 1062 156 866 519 1599 1078 1549 1530 969 1594 1167 1591 1589 1011 898 1104 1040 1177 402 1512 1131 1375 1550 1591 1596 1501 1390
1215 243 199 283 1253 1296 837 852 753 813 839 1260 850 1275 1272 1113 800 443 1013 540 1276 56 613 1259 1263 1255 711 1252 1203 671 294 509 1080 1256 868 883 973 846 1229 383 1254 766 418 677 530 0 859 1203 1267 1040 131 833 733 462 720 197 1270 1209 1220 1202 1100 1266 838 1262 1260 683 753 775 712 849 533 1183 803 1047 1221 1262 1267 1172 1062
1787 895 851 758 1825 1867 1312 1424 1369 1177 41 1832 1508 1847 1843 469 412 642 183 739 1848 894 812 1830 1834 1826 1369 1823 1774 1329 770 708 1738 1828 1439 862 1631 1209 1801 858 1825 1184 894 1335 729 884 0 1775 1838 724 783 1491 1391 660 1195 849 1842 565 1792 1773 456 1837 1410 1834 1832 1341 1116 1433 1370 1507 432 1755 1418 1619 1793 1834 1839 1744 1633
175 1234 1045 1202 116 159 1045 386 485 991 1755 123 545 138 135 1558 1802 1445 1929 1542 139 1213 1616 122 126 118 686 115 66 719 1214 1511 319 119 556 1242 456 1023 189 1220 117 858 1200 584 1532 1203 1775 0 130 1399 1133 561 640 1464 953 1043 134 1655 180 65 1545 129 526 125 124 645 930 636 687 544 1535 77 535 735 181 125 130 66 185
238 1298 1108 1266 45 88 1108 450 549 1055 1818 52 608 67 64 1622 1866 1508 1992 1605 68 1276 1679 51 55 47 750 44 129 782 1277 1574 383 48 619 1305 519 1087 252 1283 46 922 1263 648 1595 1267 1838 130 0 1462 1196 624 704 1527 1016 1106 63 1718 243 128 1609 58 590 55 53 708 994 699 750 607 1598 140 598 798 244 54 59 129 249
1410 1064 1020 771 1448 1491 994 1048 992 800 704 1455 1402 1470 1467 507 920 1087 878 1185 1472 1063 1258 1454 1458 1450 1264 1447 1398 1224 783 1153 1514 1451 1063 486 1526 832 1425 671 1449 808 634 1089 1174 1054 724 1399 1462 0 952 1386 1146 1106 902 1018 1466 603 1416 1397 494 1461 1034 1458 1456 1067 740 1328 1265 1402 941 1379 1042 1242 1417 1457 1462 1368 1257
1144 166 122 206 1183 1225 760 782 683 737 763 1190 779 1204 1201 1036 723 366 936 463 1206 165 537 1188 1192 1184 641 1181 1132 601 218 432 1009 1185 797 806 902 769 1159 306 1183 689 342 606 453 155 783 1133 1196 963 0 762 663 385 643 120 1200 1132 1150 1131 1023 1195 768 1192 1190 612 676 705 641 778 456 1113 732 976 1151 1192 1197 1102 991
572 864 675 832 610 653 822 530 430 978 1471 617 92 632 629 1546 1432 1074 1645 1172 633 842 1245 616 620 612 205 609 560 252 844 1140 326 613 545 1229 219 1011 587 849 611 751 885 354 1161 833 1491 561 624 1386 762 0 410 1093 705 673 628 1642 578 559 1533 623 516 620 618 478 918 155 205 92 1165 541 480 724 579 619 624 530 542
652 764 575 732 690 733 722 289 190 738 1371 697 427 712 709 1305 1332 974 1545 1072 713 742 1145 696 700 692 289 689 640 248 744 1040 657 693 305 989 550 770 666 749 691 606 785 114 1062 733 1391 640 704 1146 663 410 0 993 605 573 707 1402 657 639 1292 703 275 699 697 289 677 353 289 426 1065 620 240 484 658 699 704 609 499
1475 497 453 360 1514 1556 914 1113 1013 891 640 1520 1110 1535 1532 914 601 68 814 122 1537 496 195 1519 1523 1515 972 1512 1463 931 372 134 1340 1516 1128 960 1233 923 1490 461 1514 843 496 937 156 486 660 1464 1527 1117 385 1093 993 0 797 451 1531 1010 1481 1462 901 1526 1099 1523 1521 943 830 1036 972 1109 334 1444 1063 1307 1482 1522 1527 1433 1322
964 753 630 460 1002 1045 210 602 546 495 1173 1009 751 1024 1021 1062 1133 776 1346 873 1025 752 947 1008 1012 1004 613 1001 952 572 472 842 981 1005 617 745 874 527 979 477 1003 139 513 578 863 742 1193 953 1016 902 641 734 634 795 0 628 1020 1158 970 951 1049 1015 588 1012 1010 584 434 677 613 750 866 933 596 796 971 1011 1016 922 811
1054 221 32 272 1093 1135 739 692 593 803 829 1100 689 1114 1111 1102 789 432 1003 529 1116 206 603 1098 1102 1094 551 1091 1042 511 284 498 919 1095 707 872 812 835 1069 373 1093 668 408 516 519 197 849 1043 1106 1029 120 673 573 451 622 0 1110 1199 1060 1041 1089 1105 678 1102 1100 522 742 615 551 688 522 1023 642 886 1061 1102 1107 1012 901
242 1301 1112 1269 49 92 1112 453 552 1058 1822 56 612 71 68 1625 1869 1512 1996 1609 72 1280 1683 55 59 51 753 48 133 786 1281 1578 386 52 623 1309 523 1090 256 1287 50 926 1267 651 1599 1270 1842 134 63 1466 1200 628 707 1531 1020 1110 0 1722 247 132 1612 62 593 58 56 712 997 703 754 611 1602 144 602 802 248 58 63 133 253
1666 1244 1201 1027 1704 1747 1250 1304 1248 1056 545 1711 1658 1726 1723 197 762 991 719 1089 1727 1243 1162 1710 1714 1706 1520 1703 1654 1480 1039 1057 1770 1707 1319 742 1781 1088 1680 927 1705 1064 890 1345 1078 1234 565 1655 1718 603 1132 1642 1402 1010 1158 1199 1722 0 1672 1653 184 1717 1290 1714 1712 1323 995 1584 1521 1658 782 1635 1298 1498 1673 1713 1718 1624 1513
62 1251 1062 1219 230 272 1062 403 502 1008 1772 237 562 252 248 1575 1819 1462 1946 1559 253 1230 1633 235 239 231 703 228 179 736 1231 1528 336 232 573 1259 473 1040 76 1237 230 875 1217 601 1549 1220 1792 180 243 1416 1150 578 657 1481 970 1060 247 1672 0 178 1562 242 543 239 237 662 947 653 704 561 1552 160 552 752 68 239 244 149 202
173 1232 1043 1201 115 157 1043 384 483 989 1753 121 543 136 133 1556 1800 1443 1927 1540 138 1211 1614 120 124 116 684 113 64 717 1212 1509 317 117 554 1240 454 1022 187 1218 115 857 1198 582 1530 1202 1773 65 128 1397 1131 559 639 1462 951 1041 132 1653 178 0 1544 127 525 124 122 643 929 634 685 542 1533 75 533 733 179 123 128 64 184
1557 1135 1091 918 1595 1638 1141 1194 1139 947 436 1602 1549 1617 1614 88 653 882 610 979 1618 1134 1053 1601 1605 1597 1411 1594 1544 1371 930 948 1661 1598 1210 633 1672 979 1571 818 1596 955 780 1236 969 1125 456 1545 1609 494 1023 1533 1292 901 1049 1089 1612 184 1562 1544 0 1608 1180 1604 1602 1214 886 1475 1411 1548 673 1525 1189 1389 1563 1604 1609 1514 1404
237 1296 1107 1265 44 87 1107 448 548 1053 1817 51 607 66 63 1621 1865 1507 1991 1604 67 1275 1678 50 54 46 748 43 128 781 1276 1573 381 47 618 1304 518 1086 251 1282 45 921 1262 646 1594 1266 1837 129 58 1461 1195 623 703 1526 1015 1105 62 1717 242 127 1608 0 589 53 52 707 993 698 749 606 1597 139 597 797 243 53 58 128 248
538 869 680 837 576 619 680 175 120 626 1390 583 532 598 595 1193 1437 1080 1564 1177 599 848 1251 582 586 578 394 575 526 354 849 1146 642 579 70 877 655 658 552 855 577 494 835 219 1167 838 1410 526 590 1034 768 516 275 1099 588 678 593 1290 543 525 1180 589 0 585 583 280 565 458 394 531 1170 506 170 249 544 585 590 495 385
233 1293 1104 1261 41 84 1104 445 544 1050 1814 48 604 63 60 1617 1861 1504 1988 1601 64 1272 1675 46 50 42 745 40 125 778 1273 1570 378 44 615 1301 515 1082 248 1279 42 917 1259 643 1591 1262 1834 125 55 1458 1192 620 699 1523 1012 1102 58 1714 239 124 1604 53 585 0 48 704 989 695 746 603 1594 136 594 794 240 50 55 125 244
232 1291 1102 1259 39 82 1102 443 542 1048 1812 46 602 61 58 1615 1859 1502 1986 1599 62 1270 1673 45 48 41 743 38 123 776 1271 1568 376 42 613 1299 513 1080 246 1277 40 916 1257 641 1589 1260 1832 124 53 1456 1190 618 697 1521 1010 1100 56 1712 237 122 1602 52 583 48 0 702 987 693 744 601 1592 134 592 792 238 48 53 123 243
656 714 524 682 695 737 672 294 195 660 1321 702 495 716 713 1227 1282 924 1495 1022 718 692 1095 700 704 696 357 693 644 316 694 990 725 697 309 911 618 692 671 699 695 527 735 233 1011 683 1341 645 708 1067 612 478 289 943 555 522 712 1323 662 643 1214 707 280 704 702 0 599 421 357 494 1014 625 244 488 663 704 709 614 503
942 971 927 679 980 1023 526 579 524 147 1096 987 934 1002 999 899 1313 994 1270 1092 1003 970 1165 986 990 982 796 979 930 756 690 1060 1046 983 595 583 1057 179 956 578 981 340 541 621 1082 961 1116 930 994 740 859 918 677 1013 434 925 997 995 947 929 886 993 565 989 987 599 0 860 796 934 1085 910 574 774 948 989 994 899 789
648 806 617 774 686 729 765 472 373 921 1413 693 171 708 705 1488 1374 1017 1587 1114 709 785 1187 691 695 687 147 685 635 194 786 1083 401 689 487 1171 294 953 662 792 687 694 827 296 1104 775 1433 636 699 1328 705 155 353 1036 648 615 703 1584 653 634 1475 698 458 695 693 421 860 0 147 170 1107 616 422 666 654 695 700 605 618
698 742 553 711 736 779 701 408 309 857 1350 743 222 758 755 1424 1311 953 1524 1050 759 721 1124 742 746 738 28 735 686 110 722 1019 452 739 424 1108 345 889 713 728 737 630 763 233 1040 712 1370 687 750 1265 641 205 289 972 584 551 754 1521 704 685 1411 749 394 746 744 357 796 147 0 221 1043 667 359 603 705 745 750 656 617
555 880 690 848 594 636 838 545 446 994 1487 600 33 615 612 1561 1448 1090 1661 1187 617 858 1261 599 603 595 221 592 543 267 859 1156 309 596 561 1245 202 1026 570 865 594 767 900 370 1177 849 1507 544 607 1402 778 92 426 1109 721 688 611 1658 561 542 1548 606 531 603 601 494 934 170 221 0 1180 524 496 740 562 603 608 513 525
1546 568 524 431 1585 1627 986 1184 1085 962 412 1592 1181 1607 1603 686 373 315 586 412 1608 567 486 1590 1594 1586 1043 1583 1534 1003 443 381 1411 1587 1199 1032 1304 994 1561 532 1585 915 567 1008 402 558 432 1535 1598 941 456 1165 1065 334 869 522 1602 782 1552 1533 673 1597 1170 1594 1592 1014 901 1107 1043 1180 0 1515 1134 1379 1553 1594 1599 1504 1393
155 1214 1025 1182 127 169 1025 366 465 971 1735 134 525 148 145 1538 1782 1425 1909 1522 150 1193 1596 132 136 128 666 125 76 699 1194 1491 299 129 536 1222 436 1003 169 1200 127 839 1180 564 1512 1183 1755 77 140 1379 1113 541 620 1444 933 1023 144 1635 160 75 1525 139 506 136 134 625 910 616 667 524 1515 0 515 715 161 136 141 46 166
546 833 644 802 584 627 688 184 84 634 1398 591 496 606 603 1202 1401 1044 1572 1141 607 812 1215 590 594 586 358 583 534 318 813 1110 650 587 199 885 619 667 561 819 585 502 843 183 1131 803 1418 535 598 1042 732 480 240 1063 596 642 602 1298 552 533 1189 597 170 594 592 244 574 422 359 496 1134 515 0 378 553 593 598 504 393
747 1078 889 1046 785 827 888 384 329 835 1598 792 741 807 803 1402 1646 1288 1772 1386 808 1056 1459 790 794 786 602 783 734 562 1058 1354 850 788 278 1085 864 867 761 1063 785 702 1043 428 1375 1047 1619 735 798 1242 976 724 484 1307 796 886 802 1498 752 733 1389 797 249 794 792 488 774 666 603 740 1379 715 378 0 753 794 799 704 593
48 1252 1063 1220 231 273 1063 404 503 1009 1773 238 563 253 249 1576 1820 1463 1947 1560 254 1231 1634 236 240 232 704 229 180 737 1232 1529 337 234 574 1260 474 1041 62 1238 231 876 1218 602 1550 1221 1793 181 244 1417 1151 579 658 1482 971 1061 248 1673 68 179 1563 243 544 240 238 663 948 654 705 562 1553 161 553 753 0 240 245 150 203
233 1293 1104 1261 41 83 1103 445 544 1050 1814 48 603 63 59 1617 1861 1504 1987 1601 64 1272 1674 46 50 42 745 39 124 777 1273 1570 378 44 615 1301 515 1082 248 1279 41 917 1259 643 1591 1262 1834 125 54 1457 1192 619 699 1522 1011 1102 58 1713 239 123 1604 53 585 50 48 704 989 695 745 603 1594 136 593 794 240 0 55 125 244
238 1298 1109 1266 46 88 1108 450 549 1055 1819 53 608 68 64 1622 1866 1508 1992 1606 69 1277 1679 51 55 47 750 44 129 782 1278 1574 383 48 619 1306 520 1087 253 1283 46 922 1264 648 1596 1267 1839 130 59 1462 1197 624 704 1527 1016 1107 63 1718 244 128 1609 58 590 55 53 709 994 700 750 608 1599 141 598 799 245 55 0 129 249
144 1203 1014 1171 116 158 1014 355 454 960 1724 122 514 137 134 1527 1771 1414 1898 1511 139 1182 1585 121 125 117 655 114 65 688 1183 1480 288 118 525 1211 425 992 158 1189 116 828 1169 553 1501 1172 1744 66 129 1368 1102 530 609 1433 922 1012 133 1624 149 64 1514 128 495 125 123 614 899 605 656 513 1504 46 504 704 150 125 129 0 155
197 1092 903 1061 235 278 903 244 343 849 1613 242 526 257 254 1416 1660 1303 1787 1400 258 1071 1474 241 245 237 617 234 185 577 1072 1369 301 238 414 1100 438 881 211 1078 236 717 1058 442 1390 1062 1633 185 249 1257 991 542 499 1322 811 901 253 1513 202 184 1404 248 385 244 243 503 789 618 617 525 1393 166 393 593 203 244 249 155 0
EOF
