NAME : tsp_problem
TYPE : TSP
DIMENSION : 78
EDGE_WEIGHT_TYPE : EXPLICIT
EDGE_WEIGHT_FORMAT : FULL_MATRIX
EDGE_WEIGHT_SECTION
0 430 1559 756 988 1142 532 403 907 1552 913 251 1558 398 975 1569 1319 1555 1545 323 1556 174 758 1543 879 193 1561 1574 1578 1016 218 596 167 1571 1118 1109 1572 784 1556 595 1094 1502 220 1134 574 1016 945 167 605 1044 1558 354 1537 889 690 1559 483 465 233 1168 1534 978 618 1540 52 1556 572 462 1090 1276 1159 1121 503 1548 1009 307 1194 148
430 0 1604 368 1032 806 576 447 951 1596 872 295 1602 143 1019 1613 1363 1599 1589 367 1600 394 802 1587 491 568 1605 1618 1622 629 456 641 282 1615 781 1153 1616 828 1600 639 1139 1546 308 797 186 1060 989 565 217 656 1602 122 1581 933 303 1603 527 77 277 1212 1578 590 662 1584 396 1600 616 231 1134 1320 823 785 547 1592 621 338 1239 465
1559 1604 0 1842 748 1396 1261 1255 979 73 1167 1337 75 1572 907 53 278 63 216 1265 76 1523 1468 85 1496 1697 67 44 48 1633 1585 1306 1411 41 1371 569 52 1017 54 1305 667 108 1438 1387 1747 692 654 1694 1740 1661 70 1527 209 1017 1777 63 1193 1638 1395 575 83 1538 1327 70 1526 56 1281 1636 663 471 1413 1375 1213 76 1626 1481 403 1594
756 368 1842 0 1358 720 902 773 1164 1835 787 621 1841 469 1232 1852 1602 1838 1828 693 1839 719 1128 1826 406 893 1844 1857 1861 543 781 966 607 1854 696 1367 1855 1154 1839 965 1464 1785 634 712 225 1386 1315 890 180 571 1841 448 1820 1259 86 1842 853 402 603 1537 1817 504 987 1823 722 1839 941 556 1459 1645 738 700 873 1831 536 664 1478 791
988 1032 748 1358 0 1182 692 684 766 741 953 766 747 1000 693 757 507 743 733 694 744 952 897 731 1282 1126 749 762 766 1419 1014 735 840 759 1158 304 760 463 744 734 186 691 866 1174 1176 116 133 1123 1207 1447 746 956 725 568 1293 747 622 1067 823 259 722 1324 756 728 954 744 710 1064 181 367 1199 1162 642 736 1412 909 383 1023
1131 806 1396 720 1182 0 624 753 718 1388 340 908 1395 906 785 1405 1155 1391 1381 836 1392 1094 1227 1379 374 1268 1397 1410 1414 511 1156 1065 982 1407 67 920 1408 896 1392 1064 1288 1338 1009 163 663 1210 1088 1265 618 538 1394 886 1373 895 655 1395 952 840 966 1361 1370 416 1086 1376 1097 1392 1040 994 1284 1470 189 151 972 1384 503 1052 1031 1166
532 576 1215 902 682 772 0 155 537 1208 544 309 1214 544 605 1225 975 1211 1201 237 1212 496 628 1199 873 669 1217 1230 1234 1010 557 466 383 1227 748 740 1228 415 1212 465 788 1158 410 764 720 710 639 667 751 1038 1214 500 1193 520 836 1215 353 611 367 861 1190 915 487 1196 498 1212 441 608 783 969 790 752 373 1204 1003 453 851 567
403 447 1207 773 674 764 155 0 529 1200 536 181 1206 416 597 1217 967 1203 1193 109 1204 367 499 1191 865 541 1209 1222 1226 1002 429 337 255 1219 740 731 1220 407 1204 336 780 1150 282 756 591 702 631 538 622 1030 1206 371 1185 512 708 1207 224 482 239 853 1182 907 359 1188 370 1204 313 480 775 961 782 744 244 1196 994 325 842 438
1090 1134 979 1164 766 718 583 713 0 972 489 868 978 1102 369 989 739 975 965 795 976 1054 1186 963 818 1228 981 994 998 955 1116 1024 942 991 693 503 992 480 976 1023 872 922 968 709 1107 794 672 1225 1062 983 978 1058 957 479 1099 979 911 1169 925 945 954 860 1045 960 1056 976 999 1166 867 1053 735 697 931 968 948 1011 614 1125
1552 1596 73 1835 741 1388 1254 1248 972 0 1160 1330 90 1564 900 68 270 78 209 1258 91 1516 1461 100 1489 1690 82 59 63 1626 1578 1299 1404 56 1364 562 67 1010 69 1298 660 100 1430 1380 1740 685 647 1687 1733 1653 85 1520 202 1009 1770 78 1186 1631 1388 567 99 1531 1320 85 1518 71 1274 1628 655 464 1406 1368 1206 91 1618 1473 396 1587
902 872 1167 787 953 340 395 525 489 1160 0 680 1166 914 557 1177 926 1162 1152 607 1163 866 998 1150 440 1040 1168 1181 1185 577 928 836 754 1178 316 691 1179 667 1163 835 1059 1110 780 332 729 981 859 1037 684 605 1165 870 1145 666 722 1166 723 907 737 1133 1141 482 857 1147 868 1163 811 978 1055 1241 357 320 743 1156 570 823 802 937
251 295 1337 621 766 919 309 181 684 1330 691 0 1336 263 752 1347 1096 1332 1322 100 1333 215 536 1320 744 389 1338 1352 1355 882 277 374 103 1348 895 886 1349 562 1334 373 872 1280 129 911 439 793 723 386 470 909 1335 219 1315 667 556 1336 261 330 86 945 1311 843 395 1317 217 1333 349 327 867 1053 937 899 281 1326 874 172 972 286
1558 1602 75 1841 747 1395 1260 1254 978 90 1166 1336 0 1571 906 70 277 80 215 1264 93 1522 1467 102 1495 1696 84 61 65 1632 1584 1305 1410 58 1370 568 69 1016 71 1304 666 107 1437 1386 1746 691 653 1693 1739 1660 87 1526 208 1016 1776 80 1192 1637 1394 574 100 1537 1326 87 1525 73 1280 1635 661 470 1412 1374 1212 93 1625 1480 402 1593
398 143 1572 469 1000 906 544 416 919 1564 925 263 1571 0 987 1581 1331 1567 1557 335 1568 362 770 1555 592 536 1573 1586 1590 729 424 609 250 1583 882 1121 1584 796 1568 608 1107 1515 276 898 287 1028 957 533 317 757 1570 90 1549 901 403 1571 495 177 245 1180 1546 691 630 1552 364 1568 584 122 1102 1288 924 886 516 1560 722 306 1207 433
1036 1080 907 1232 693 785 651 659 369 900 557 814 906 1048 0 917 666 902 892 742 903 1000 1132 890 886 1174 908 922 926 1023 1062 970 888 918 761 431 919 303 904 969 800 850 914 777 1175 721 600 1171 1130 1051 905 1004 885 225 1167 906 857 1115 871 873 882 928 991 887 1002 903 945 1112 795 981 803 765 877 896 1015 957 542 1071
1569 1613 53 1852 757 1405 1271 1265 989 68 1177 1347 70 1581 917 0 287 57 226 1275 70 1533 1478 79 1506 1707 61 38 42 1643 1595 1316 1421 36 1381 578 46 1027 48 1315 677 117 1447 1397 1757 702 664 1704 1750 1670 64 1537 218 1026 1787 57 1203 1648 1404 584 78 1548 1337 64 1535 50 1291 1645 672 481 1423 1385 1223 70 1635 1490 413 1604
1319 1363 278 1602 507 1155 1021 1015 739 270 926 1096 277 1331 666 287 0 273 263 1024 274 1282 1227 261 1255 1456 279 292 296 1392 1344 1066 1170 289 1131 328 290 777 274 1065 613 221 1197 1147 1507 535 413 1453 1499 1420 276 1286 255 776 1537 277 952 1397 1154 580 252 1297 1087 258 1285 274 1041 1395 609 477 1172 1135 973 266 1385 1240 162 1354
1555 1599 63 1838 743 1391 1257 1251 975 78 1162 1332 80 1567 902 57 273 0 212 1260 81 1518 1463 89 1491 1692 72 48 52 1628 1580 1302 1406 46 1367 564 57 1013 58 1301 663 103 1433 1383 1743 688 649 1689 1735 1656 75 1522 204 1012 1773 67 1188 1633 1390 570 88 1533 1323 74 1521 61 1277 1631 658 467 1408 1371 1209 80 1621 1476 398 1590
1545 1589 216 1828 733 1381 1246 1241 965 209 1152 1322 215 1557 892 226 263 212 0 1250 213 1508 1453 200 1481 1682 218 231 235 1618 1570 1292 1396 228 1357 554 229 1003 213 1291 653 159 1423 1373 1733 678 639 1679 1725 1646 215 1512 59 1002 1763 216 1178 1623 1380 560 191 1523 1313 197 1511 213 1267 1621 648 456 1398 1361 1198 205 1611 1466 388 1580
323 367 1265 693 694 847 237 109 612 1258 618 100 1264 335 680 1275 1024 1260 1250 0 1261 286 464 1248 816 460 1266 1279 1283 953 348 302 174 1276 823 814 1277 489 1261 301 800 1208 201 839 511 721 650 458 541 981 1263 291 1243 595 627 1264 189 401 158 873 1239 914 323 1245 289 1261 277 399 795 981 865 827 209 1254 946 244 900 358
1556 1600 76 1839 744 1392 1257 1252 976 91 1163 1333 93 1568 903 70 274 81 213 1261 0 1519 1464 102 1492 1693 85 62 66 1629 1581 1303 1407 59 1368 565 70 1014 71 1302 663 104 1434 1384 1744 689 650 1690 1736 1657 88 1523 205 1013 1773 81 1189 1634 1391 571 101 1534 1324 88 1522 74 1278 1632 659 467 1409 1372 1209 93 1622 1477 399 1591
174 394 1523 719 952 1105 496 367 870 1516 877 215 1522 362 938 1533 1282 1518 1508 286 1519 0 722 1506 843 268 1524 1538 1542 980 82 560 130 1534 1081 1072 1535 748 1520 559 1058 1466 184 1097 537 979 909 314 568 1008 1521 317 1501 853 654 1522 447 428 197 1131 1498 941 581 1503 141 1519 535 426 1053 1239 1123 1085 467 1512 973 271 1158 214
758 802 1468 1128 897 1238 628 499 1003 1461 1009 536 1467 770 1071 1478 1227 1463 1453 464 1464 722 0 1452 1252 896 1469 1483 1487 1389 784 221 610 1479 1213 1019 1481 880 1465 330 1003 1411 636 1229 946 925 854 893 977 1416 1466 726 1446 985 1063 1468 352 837 594 1076 1443 1350 352 1449 724 1465 306 834 998 1184 1255 1217 289 1457 1381 679 1103 793
1543 1587 85 1826 731 1379 1245 1239 963 100 1150 1320 102 1555 890 79 261 89 200 1248 102 1506 1452 0 1479 1680 93 70 74 1617 1568 1290 1394 68 1355 552 78 1001 80 1289 651 91 1421 1371 1731 676 638 1678 1723 1644 96 1511 192 1000 1761 89 1177 1621 1378 558 93 1521 1311 96 1509 82 1265 1619 646 455 1396 1359 1197 102 1609 1464 386 1578
879 491 1496 406 1282 374 724 854 818 1489 440 744 1495 592 886 1506 1255 1491 1481 816 1492 843 1252 1479 0 1017 1497 1511 1514 176 905 1090 731 1507 349 1020 1508 996 1493 1089 1389 1439 757 365 349 1310 1189 1014 304 204 1494 571 1474 995 341 1495 976 526 726 1462 1471 158 1111 1476 846 1492 1065 680 1384 1570 391 353 997 1485 169 787 1131 914
193 568 1697 893 1126 1279 669 541 1044 1690 1051 389 1696 536 1112 1707 1456 1692 1682 460 1693 268 896 1680 1017 0 1698 1711 1715 1154 303 734 304 1708 1255 1246 1709 921 1694 733 1232 1640 345 1271 711 1153 1082 98 742 1181 1695 491 1675 1027 828 1696 621 602 371 1305 1671 1115 755 1677 190 1693 709 600 1227 1413 1297 1259 641 1686 1146 445 1332 190
1561 1605 67 1844 749 1397 1263 1257 981 82 1168 1338 84 1573 908 61 279 72 218 1266 85 1524 1469 93 1497 1698 0 53 57 1634 1586 1308 1412 50 1373 570 61 1019 62 1307 669 109 1439 1389 1749 694 655 1695 1741 1662 79 1528 210 1018 1779 72 1194 1639 1396 576 92 1539 1329 79 1527 65 1283 1637 664 473 1414 1377 1215 84 1627 1482 404 1596
1574 1618 44 1857 762 1410 1276 1270 994 59 1181 1352 61 1586 922 38 292 48 231 1279 62 1538 1483 70 1511 1711 53 0 33 1648 1599 1321 1425 27 1386 583 38 1032 39 1320 682 122 1452 1402 1762 707 669 1709 1754 1675 56 1542 223 1031 1792 48 1208 1653 1409 589 69 1552 1342 55 1540 42 1296 1650 677 486 1428 1390 1228 61 1640 1495 417 1609
1578 1622 48 1861 766 1414 1280 1274 998 63 1185 1355 65 1590 926 42 296 52 235 1283 66 1542 1487 74 1514 1715 57 33 0 1652 1603 1325 1429 31 1390 587 42 1036 43 1324 686 126 1456 1406 1766 711 673 1713 1758 1679 60 1546 227 1035 1796 52 1212 1656 1413 593 73 1556 1346 59 1544 45 1300 1654 681 490 1431 1394 1232 65 1644 1499 421 1613
1016 629 1633 543 1419 511 861 991 955 1626 577 882 1632 729 1023 1643 1392 1628 1618 953 1629 980 1389 1617 176 1154 1634 1648 1652 0 1042 1227 868 1644 487 1157 1646 1133 1630 1226 1526 1576 895 503 486 1447 1326 1151 441 210 1631 709 1611 1133 478 1632 1114 663 864 1599 1608 295 1248 1614 983 1630 1202 817 1521 1707 528 490 1134 1622 175 925 1268 1051
218 456 1585 781 1014 1167 557 429 932 1578 939 277 1584 424 1000 1595 1344 1580 1570 348 1581 82 784 1568 905 303 1586 1599 1603 1042 0 622 192 1596 1143 1134 1597 809 1582 621 1120 1528 246 1159 599 1041 970 367 630 1069 1583 379 1563 915 716 1584 509 490 259 1193 1559 1003 643 1565 202 1581 597 488 1115 1301 1185 1147 529 1574 1034 333 1220 276
596 641 1306 966 735 1076 466 337 841 1299 847 374 1305 609 909 1316 1066 1302 1292 302 1303 560 221 1290 1090 734 1308 1321 1325 1227 622 0 448 1318 1052 857 1319 718 1303 135 841 1249 475 1068 784 763 692 731 815 1255 1305 564 1284 823 901 1306 190 675 432 914 1281 1188 157 1287 563 1303 111 673 837 1023 1093 1056 210 1295 1219 518 941 631
167 282 1411 607 840 993 383 255 758 1404 765 103 1410 250 826 1421 1170 1406 1396 174 1407 130 610 1394 731 304 1412 1425 1429 868 192 448 0 1422 969 960 1423 636 1408 447 946 1354 72 985 425 867 796 306 456 895 1409 205 1389 741 542 1410 335 316 85 1019 1385 829 469 1391 133 1407 423 314 941 1127 1011 973 355 1400 860 159 1046 206
1571 1615 41 1854 759 1407 1272 1267 991 56 1178 1348 58 1583 918 36 289 46 228 1276 59 1534 1479 68 1507 1708 50 27 31 1644 1596 1318 1422 0 1383 580 35 1029 37 1317 678 119 1449 1399 1759 704 665 1705 1751 1672 53 1538 220 1028 1788 46 1204 1649 1406 586 66 1549 1339 53 1537 39 1293 1647 674 482 1424 1387 1224 59 1637 1492 414 1606
1107 781 1371 696 1158 67 600 729 693 1364 316 884 1370 882 761 1381 1131 1367 1357 812 1368 1070 1202 1355 349 1244 1373 1386 1390 487 1132 1041 958 1383 0 895 1384 872 1368 1040 1264 1314 985 139 639 1185 1064 1241 593 514 1370 861 1349 871 631 1371 927 816 942 1337 1346 391 1062 1352 1073 1368 1016 970 1259 1445 164 127 947 1360 479 1028 1006 1141
1110 1154 569 1367 304 920 785 806 503 562 691 887 568 1122 431 578 328 564 554 815 565 1074 1019 552 1020 1247 570 583 587 1157 1135 857 961 580 895 0 581 541 565 856 411 512 988 911 1298 332 211 1245 1264 1185 567 1078 547 541 1301 568 744 1189 945 484 543 1062 878 549 1076 565 832 1186 406 592 937 899 764 557 1150 1031 204 1145
1572 1616 52 1855 760 1408 1274 1268 992 67 1179 1349 69 1584 919 46 290 57 229 1277 70 1535 1481 78 1508 1709 61 38 42 1646 1597 1319 1423 35 1384 581 0 1030 47 1318 680 120 1450 1400 1760 705 666 1707 1752 1673 64 1540 221 1029 1790 57 1205 1650 1407 587 77 1550 1340 64 1538 50 1294 1648 675 484 1425 1388 1226 69 1638 1493 415 1607
781 826 1017 1151 492 896 412 404 480 1010 667 559 1016 794 303 1027 777 1013 1003 487 1014 745 877 1001 996 919 1019 1032 1036 1133 807 716 633 1029 872 541 1030 0 1014 714 599 960 660 888 969 520 449 916 1000 1161 1016 749 995 181 1086 1017 602 860 617 672 992 1038 737 998 748 1014 691 858 594 780 913 876 622 1006 1126 703 653 816
1556 1600 54 1839 744 1392 1258 1252 976 69 1163 1334 71 1568 904 48 274 58 213 1261 71 1520 1465 80 1493 1694 62 39 43 1630 1582 1303 1408 37 1368 565 47 1014 0 1302 664 104 1434 1384 1744 689 651 1691 1737 1657 65 1524 205 1013 1774 58 1190 1635 1391 571 79 1535 1324 65 1522 51 1278 1632 659 468 1410 1372 1210 71 1622 1477 400 1591
595 639 1305 965 734 1075 465 336 840 1298 846 373 1304 608 908 1315 1065 1301 1291 301 1302 559 330 1289 1089 733 1307 1320 1324 1226 621 135 447 1317 1051 856 1318 717 1302 0 840 1248 474 1067 783 762 691 730 814 1253 1304 563 1283 822 900 1305 189 674 431 913 1280 1187 146 1286 562 1302 110 672 836 1021 1092 1054 209 1294 1218 517 940 630
1094 1139 667 1464 186 1288 798 790 872 660 1059 872 666 1107 800 677 613 663 653 800 663 1058 1003 651 1389 1232 669 682 686 1526 1120 841 946 678 1264 411 680 570 664 840 0 610 973 1280 1282 116 240 1229 1313 1553 666 1062 645 675 1399 667 728 1173 930 164 642 1431 862 648 1061 664 816 1171 16 272 1306 1268 748 656 1518 1016 489 1129
1502 1546 108 1785 691 1338 1204 1198 922 100 1110 1280 107 1515 850 117 221 103 159 1208 104 1466 1411 91 1439 1640 109 122 126 1576 1528 1249 1354 119 1314 512 120 960 104 1248 610 0 1380 1330 1690 635 597 1637 1683 1604 106 1470 152 959 1720 107 1136 1581 1338 517 82 1481 1270 88 1468 104 1224 1579 605 414 1356 1318 1156 96 1568 1424 346 1537
220 308 1438 634 866 1020 410 282 785 1430 791 129 1437 276 853 1447 1197 1433 1423 201 1434 184 636 1421 757 345 1439 1452 1456 895 246 475 72 1449 996 987 1450 662 1434 474 973 1380 0 1012 452 894 823 274 483 922 1436 232 1415 767 569 1437 361 343 111 1046 1412 856 496 1418 187 1434 450 340 968 1154 1037 1000 381 1426 887 185 1073 174
1123 797 1387 712 1174 163 616 745 709 1380 332 900 1386 898 777 1397 1147 1383 1373 828 1384 1086 1218 1371 365 1260 1389 1402 1406 503 1148 1057 974 1399 139 911 1400 888 1384 1056 1280 1330 1001 0 655 1201 1080 1257 609 530 1386 877 1365 887 647 1387 943 832 958 1353 1362 407 1078 1368 1089 1384 1032 986 1275 1461 114 76 964 1376 495 1044 1022 1157
574 186 1747 225 1176 663 720 591 1095 1740 729 439 1746 287 1163 1757 1507 1743 1733 511 1744 537 946 1731 349 711 1749 1762 1766 486 599 784 425 1759 639 1297 1760 972 1744 783 1282 1690 452 655 0 1204 1133 708 74 513 1746 266 1725 1077 160 1747 671 220 421 1355 1722 447 805 1728 540 1744 759 375 1278 1463 680 642 691 1736 478 482 1382 609
1016 1060 692 1386 116 1210 720 712 794 685 981 793 691 1028 721 702 535 688 678 721 689 979 925 676 1310 1153 694 707 711 1447 1041 763 867 704 1185 332 705 491 689 762 116 635 894 1201 1204 0 161 1150 1234 1475 691 984 670 596 1320 692 649 1094 851 190 667 1352 784 673 982 689 738 1092 112 298 1227 1189 670 681 1440 937 411 1051
945 989 654 1315 133 1088 649 641 672 647 859 723 653 957 600 664 413 649 639 650 650 909 854 638 1189 1082 655 669 673 1326 970 692 796 665 1064 211 666 420 651 691 240 597 823 1080 1133 161 0 1080 1164 1353 652 913 632 525 1249 653 579 1024 780 313 629 1231 713 635 911 650 667 1021 235 421 1106 1068 599 643 1318 866 289 980
167 565 1694 890 1123 1276 667 538 1041 1687 1048 386 1693 533 1109 1704 1453 1689 1679 458 1690 314 893 1678 1014 98 1695 1709 1713 1151 367 731 306 1705 1252 1243 1707 919 1691 730 1229 1637 274 1268 708 1150 1080 0 739 1179 1692 488 1672 1024 825 1693 618 599 368 1302 1669 1112 752 1675 201 1691 706 597 1224 1410 1294 1256 638 1683 1144 442 1329 119
605 217 1740 180 1207 618 751 622 1062 1733 684 470 1739 317 1130 1750 1499 1735 1725 541 1736 568 977 1723 304 742 1741 1754 1758 441 630 815 456 1751 593 1264 1752 1003 1737 814 1313 1683 483 609 74 1234 1164 739 0 468 1738 297 1718 1108 115 1739 702 251 452 1386 1714 402 836 1720 571 1736 790 405 1308 1494 635 597 722 1729 433 513 1375 639
1044 656 1661 571 1447 538 889 1019 983 1653 605 909 1660 757 1051 1670 1420 1656 1646 981 1657 1008 1416 1644 204 1181 1662 1675 1679 210 1069 1255 895 1672 514 1185 1673 1161 1657 1253 1553 1604 922 530 513 1475 1353 1179 468 0 1659 736 1638 1160 506 1660 1141 691 891 1626 1635 323 1276 1641 1010 1657 1230 845 1549 1735 556 518 1161 1649 87 952 1296 1079
1558 1602 70 1841 746 1394 1260 1254 978 85 1165 1335 87 1570 905 64 276 75 215 1263 88 1521 1466 96 1494 1695 79 56 60 1631 1583 1305 1409 53 1370 567 64 1016 65 1304 666 106 1436 1386 1746 691 652 1692 1738 1659 0 1525 207 1015 1776 75 1191 1636 1393 573 95 1536 1326 81 1524 68 1280 1634 661 469 1411 1374 1211 87 1624 1479 401 1593
354 122 1527 448 956 886 500 371 874 1520 881 219 1526 90 942 1537 1286 1522 1512 291 1523 317 726 1511 571 491 1528 1542 1546 709 379 564 205 1538 861 1077 1540 752 1524 563 1062 1470 232 877 266 984 913 488 297 736 1525 0 1505 857 383 1527 451 157 201 1135 1502 670 585 1508 320 1524 539 140 1057 1243 903 865 471 1516 701 262 1162 388
1537 1581 209 1820 725 1373 1239 1233 957 202 1145 1315 208 1549 885 218 255 204 59 1243 205 1501 1446 192 1474 1675 210 223 227 1611 1563 1284 1389 220 1349 547 221 995 205 1283 645 152 1415 1365 1725 670 632 1672 1718 1638 207 1505 0 994 1755 208 1171 1616 1372 552 183 1516 1305 189 1503 205 1259 1613 640 449 1391 1353 1191 197 1603 1458 381 1572
887 931 1017 1256 597 895 517 509 479 1009 666 664 1016 899 225 1026 776 1012 1002 592 1013 850 982 1000 995 1024 1018 1031 1035 1133 912 821 738 1028 871 541 1029 181 1013 820 704 959 765 887 1074 625 554 1021 1105 1160 1015 854 994 0 1191 1016 707 965 722 777 991 1037 842 997 853 1013 796 963 699 885 912 875 727 1005 1125 808 652 921
690 303 1777 86 1293 655 836 708 1099 1770 722 556 1776 403 1167 1787 1537 1773 1763 627 1773 654 1063 1761 341 828 1779 1792 1796 478 716 901 542 1788 631 1301 1790 1088 1774 900 1399 1720 569 647 160 1320 1249 825 115 506 1776 383 1755 1194 0 1777 788 337 538 1472 1752 439 922 1758 657 1774 876 491 1394 1580 672 635 808 1766 471 599 1412 725
1559 1603 63 1842 747 1395 1261 1255 979 78 1166 1336 80 1571 906 57 277 67 216 1264 81 1522 1468 89 1495 1696 72 48 52 1632 1584 1306 1410 46 1371 568 57 1017 58 1305 667 107 1437 1387 1747 692 653 1693 1739 1660 75 1527 208 1016 1777 0 1192 1637 1394 574 88 1537 1327 74 1525 61 1281 1635 662 471 1412 1375 1213 80 1625 1480 402 1594
483 527 1193 853 622 963 353 224 728 1186 734 261 1192 495 796 1203 952 1188 1178 189 1189 447 352 1177 976 621 1194 1208 1212 1114 509 190 335 1204 938 744 1205 605 1190 189 728 1136 361 954 671 649 579 618 702 1141 1191 451 1171 710 788 1192 0 562 318 801 1168 1075 211 1174 449 1189 165 559 723 909 980 942 97 1182 1106 404 828 518
465 77 1638 402 1067 840 611 482 985 1631 907 330 1637 177 1053 1648 1397 1633 1623 401 1634 428 837 1621 526 602 1639 1653 1656 663 490 675 316 1649 816 1187 1650 863 1635 674 1173 1581 343 832 220 1094 1024 599 251 691 1636 157 1616 968 337 1637 562 0 312 1246 1613 624 696 1618 431 1634 650 265 1168 1354 857 820 582 1627 656 373 1273 499
233 277 1395 603 823 977 367 239 742 1388 748 86 1394 245 810 1404 1154 1390 1380 158 1391 197 594 1378 726 371 1396 1409 1413 864 259 432 85 1406 953 944 1407 619 1391 431 930 1338 111 969 421 851 780 368 452 891 1393 201 1372 724 538 1394 318 312 0 1003 1369 825 453 1375 199 1391 407 309 925 1111 994 957 339 1383 856 154 1030 268
1168 1212 575 1537 259 1361 872 864 945 567 1133 945 574 1180 873 584 580 570 560 873 571 1131 1076 558 1462 1305 576 589 593 1599 1193 914 1019 586 1337 484 587 643 571 913 164 517 1046 1353 1355 190 313 1302 1386 1626 573 1135 552 748 1472 574 801 1246 1003 0 549 1504 936 555 1134 571 890 1244 160 180 1379 1341 821 563 1591 1089 562 1202
1534 1578 83 1817 722 1370 1236 1230 954 99 1141 1311 100 1546 882 78 252 88 191 1239 101 1498 1443 93 1471 1671 92 69 73 1608 1559 1281 1385 66 1346 543 77 992 79 1280 642 82 1412 1362 1722 667 629 1669 1714 1635 95 1502 183 991 1752 88 1168 1613 1369 549 0 1512 1302 90 1500 81 1256 1610 637 446 1387 1350 1188 98 1600 1455 377 1569
978 590 1538 504 1324 416 766 896 860 1531 482 843 1537 691 928 1548 1297 1533 1523 914 1534 941 1350 1521 158 1115 1539 1552 1556 295 1003 1188 829 1549 391 1062 1550 1038 1535 1187 1431 1481 856 407 447 1352 1231 1112 402 323 1536 670 1516 1037 439 1537 1075 624 825 1504 1512 0 1209 1518 944 1534 1163 778 1426 1612 433 395 1095 1527 288 886 1173 1012
618 662 1327 987 756 1097 487 359 862 1320 868 395 1326 630 930 1337 1087 1323 1313 323 1324 581 352 1311 1111 755 1329 1342 1346 1248 643 157 469 1339 1073 878 1340 739 1324 146 862 1270 496 1089 805 784 713 752 836 1276 1326 585 1305 844 922 1327 211 696 453 936 1302 1209 0 1308 584 1324 133 694 858 1044 1114 1077 231 1316 1241 539 962 652
1540 1584 70 1823 728 1376 1242 1236 960 85 1147 1317 87 1552 887 64 258 74 197 1245 88 1503 1449 96 1476 1677 79 55 59 1614 1565 1287 1391 53 1352 549 64 998 65 1286 648 88 1418 1368 1728 673 635 1675 1720 1641 81 1508 189 997 1758 74 1174 1618 1375 555 90 1518 1308 0 1506 67 1262 1616 643 452 1393 1356 1194 87 1606 1461 383 1575
52 396 1526 722 954 1108 498 370 873 1518 879 217 1525 364 941 1535 1285 1521 1511 289 1522 141 724 1509 846 190 1527 1540 1544 983 202 563 133 1537 1084 1075 1538 750 1522 562 1061 1468 187 1100 540 982 911 201 571 1010 1524 320 1503 855 657 1525 449 431 199 1134 1500 944 584 1506 0 1522 538 428 1056 1242 1125 1088 469 1514 975 273 1161 182
1556 1600 56 1839 744 1392 1258 1252 976 71 1163 1333 73 1568 903 50 274 61 213 1261 74 1519 1465 82 1492 1693 65 42 45 1630 1581 1303 1407 39 1368 565 50 1014 51 1302 664 104 1434 1384 1744 689 650 1691 1736 1657 68 1524 205 1013 1774 61 1189 1634 1391 571 81 1534 1324 67 1522 0 1278 1632 659 468 1409 1372 1210 73 1622 1477 399 1591
572 616 1281 941 710 1051 441 313 816 1274 822 349 1280 584 884 1291 1041 1277 1267 277 1278 535 306 1265 1065 709 1283 1296 1300 1202 597 111 423 1293 1027 832 1294 693 1278 110 816 1224 450 1043 759 738 667 706 790 1230 1280 539 1259 798 876 1281 165 650 407 890 1256 1163 133 1262 538 1278 0 648 812 998 1068 1031 185 1270 1195 493 917 606
462 231 1636 556 1064 994 608 480 983 1628 989 327 1635 122 1051 1645 1395 1631 1621 399 1632 426 834 1619 680 600 1637 1650 1654 817 488 673 314 1647 970 1185 1648 860 1632 672 1171 1579 340 986 375 1092 1021 597 405 845 1634 140 1613 965 491 1635 559 265 309 1244 1610 778 694 1616 428 1632 648 0 1166 1352 1011 974 580 1624 810 370 1271 497
1090 1134 663 1459 181 1284 794 786 867 655 1055 867 661 1102 795 672 609 658 648 795 659 1053 998 646 1384 1227 664 677 681 1521 1115 837 941 674 1259 406 675 565 659 836 16 605 968 1275 1278 112 235 1224 1308 1549 661 1057 640 670 1394 662 723 1168 925 160 637 1426 858 643 1056 659 812 1166 0 268 1301 1263 743 651 1514 1011 484 1125
1276 1320 471 1645 367 1470 980 972 1053 464 1241 1053 470 1288 981 481 477 467 456 981 467 1239 1184 455 1570 1413 473 486 490 1707 1301 1023 1127 482 1445 592 484 751 468 1021 272 414 1154 1461 1463 298 421 1410 1494 1735 469 1243 449 856 1580 471 909 1354 1111 180 446 1612 1044 452 1242 468 998 1352 268 0 1487 1449 929 460 1700 1197 602 1310
1148 823 1413 738 1199 189 641 771 735 1406 357 926 1412 924 803 1423 1172 1408 1398 854 1409 1112 1244 1396 391 1286 1414 1428 1431 528 1174 1082 1000 1424 164 937 1425 913 1410 1081 1306 1356 1026 114 680 1227 1106 1283 635 556 1411 903 1391 912 672 1412 969 857 983 1379 1387 433 1103 1393 1114 1409 1057 1011 1301 1487 0 102 989 1402 521 1069 1048 1183
1110 785 1375 700 1162 151 603 733 697 1368 320 888 1374 886 765 1385 1135 1371 1361 816 1372 1074 1206 1359 353 1248 1377 1390 1394 490 1136 1045 962 1387 127 899 1388 876 1372 1043 1268 1318 989 76 642 1189 1068 1245 597 518 1374 865 1353 875 635 1375 931 820 946 1341 1350 395 1066 1356 1077 1372 1020 974 1263 1449 102 0 951 1364 483 1032 1010 1145
503 547 1213 873 642 983 373 244 748 1206 754 281 1212 516 816 1223 973 1209 1198 209 1209 467 289 1197 997 641 1215 1228 1232 1134 529 210 355 1224 958 764 1226 625 1210 209 748 1156 381 975 691 670 599 638 722 1161 1211 471 1191 730 808 1213 97 582 339 821 1188 1095 231 1194 469 1210 185 580 743 929 1000 962 0 1202 1126 425 848 538
1548 1592 76 1831 736 1384 1250 1244 968 91 1156 1326 93 1560 896 70 266 80 205 1254 93 1512 1457 102 1485 1686 84 61 65 1622 1574 1295 1400 59 1360 557 69 1006 71 1294 656 96 1426 1376 1736 681 643 1683 1729 1649 87 1516 197 1005 1766 80 1182 1627 1383 563 98 1527 1316 87 1514 73 1270 1624 651 460 1402 1364 1202 0 1614 1469 392 1583
1009 621 1626 536 1412 503 854 983 948 1618 570 874 1625 722 1015 1635 1385 1621 1611 946 1622 973 1381 1609 169 1146 1627 1640 1644 175 1034 1219 860 1637 479 1150 1638 1126 1622 1218 1518 1568 887 495 478 1440 1318 1144 433 87 1624 701 1603 1125 471 1625 1106 656 856 1591 1600 288 1241 1606 975 1622 1195 810 1514 1700 521 483 1126 1614 0 917 1261 1044
307 338 1481 664 909 1063 453 325 828 1473 834 172 1480 306 896 1490 1240 1476 1466 244 1477 271 679 1464 787 445 1482 1495 1499 925 333 518 159 1492 1039 1030 1493 705 1477 517 1016 1424 185 1055 482 937 866 442 513 952 1479 262 1458 810 599 1480 404 373 154 1089 1455 886 539 1461 273 1477 493 370 1011 1197 1080 1043 425 1469 917 0 1116 342
1194 1239 403 1478 383 1031 896 890 614 396 802 972 402 1207 542 413 162 398 388 900 399 1158 1103 386 1131 1332 404 417 421 1268 1220 941 1046 414 1006 204 415 653 400 940 489 346 1073 1022 1382 411 289 1329 1375 1296 401 1162 381 652 1412 402 828 1273 1030 562 377 1173 962 383 1161 399 917 1271 484 602 1048 1010 848 392 1261 1116 0 1229
148 465 1594 791 1023 1177 567 438 942 1587 948 286 1593 433 1010 1604 1354 1590 1580 358 1591 214 793 1578 914 190 1596 1609 1613 1051 276 631 206 1606 1152 1144 1607 819 1591 630 1129 1537 174 1168 609 1051 980 119 639 1079 1593 388 1572 924 725 1594 518 499 268 1202 1569 1012 652 1575 182 1591 606 497 1125 1310 1194 1156 538 1583 1044 342 1229 0
EOF