NAME : tsp_problem
TYPE : TSP
DIMENSION : 64
EDGE_WEIGHT_TYPE : EXPLICIT
EDGE_WEIGHT_FORMAT : FULL_MATRIX
EDGE_WEIGHT_SECTION
0 1601 1594 1203 1065 1612 1619 1004 1147 598 671 691 1589 1602 1601 962 1612 1609 1056 1628 1315 297 901 1580 862 203 1608 1602 1579 175 1203 1593 1005 1583 756 275 1588 297 576 1539 1064 737 1599 1597 1614 1592 242 716 1590 1017 1594 1584 631 1393 1041 1626 1614 213 571 100 1611 626 1580 1626
1601 0 84 551 614 74 71 1025 667 1110 1329 1348 208 90 220 983 61 69 1257 70 325 1589 921 100 1896 1499 84 95 93 1537 590 91 997 94 1414 1384 88 1708 1255 92 633 1648 97 73 65 80 1600 1837 81 1037 96 104 1752 245 1549 68 68 1509 1083 1601 78 1747 199 71
1594 84 0 543 607 61 59 1017 660 1103 1321 1341 200 77 213 975 48 57 1250 57 317 1582 913 87 1888 1491 71 82 81 1530 583 78 989 81 1406 1376 75 1700 1248 85 626 1640 85 61 52 67 1593 1830 68 1030 84 92 1744 238 1542 55 55 1501 1076 1593 65 1740 192 58
1203 551 543 0 216 561 568 626 456 712 930 950 538 551 550 584 561 558 859 577 264 1191 522 530 1497 1100 557 551 528 1139 512 542 598 532 1015 985 538 1309 857 488 235 1249 548 546 563 541 1202 1438 539 638 543 533 1353 342 1150 575 563 1110 685 1202 560 1349 529 575
1065 614 607 216 0 625 632 688 318 574 792 812 601 615 613 646 624 621 920 640 328 1053 584 593 1446 962 621 614 591 1001 374 606 660 595 877 847 601 1171 718 552 194 1311 611 609 626 605 1064 1300 602 700 606 596 1215 406 1212 639 627 972 547 1064 623 1211 592 638
1612 74 61 561 625 0 49 1035 678 1121 1340 1359 219 67 231 993 38 47 1268 47 336 1600 932 77 1907 1509 61 72 71 1548 601 68 1008 71 1424 1394 65 1718 1266 103 644 1658 75 51 42 57 1611 1848 58 1048 74 82 1763 256 1560 45 45 1519 1094 1611 55 1758 210 48
1619 71 59 568 632 49 0 1042 685 1128 1346 1366 226 64 238 1000 36 44 1275 44 343 1607 939 74 1914 1516 58 69 68 1555 608 65 1014 68 1431 1401 62 1725 1273 110 651 1665 72 48 39 55 1618 1855 55 1055 71 79 1770 263 1567 43 43 1526 1101 1618 52 1765 217 45
1188 1025 1017 626 688 1035 1042 0 928 1029 1102 1122 1012 1026 1024 251 1035 1032 635 1051 738 1175 190 1004 1273 1085 1031 1025 1002 1124 984 1016 515 1006 1187 970 1012 1294 636 962 624 1025 1022 1020 1037 1015 1186 1252 1013 229 1017 1007 1323 816 926 1049 1038 1095 1002 1187 1034 1162 1003 1049
1147 667 660 456 318 678 685 928 0 656 874 894 655 668 667 886 677 675 1161 694 568 1135 824 646 1528 1044 674 668 645 1083 158 659 749 649 959 929 654 1253 801 605 434 1403 665 663 680 658 1146 1383 656 940 660 650 1298 646 1452 692 680 1054 629 1146 676 1293 646 692
598 1110 1103 712 574 1121 1128 846 656 0 326 345 1097 1111 1109 804 1120 1118 897 1137 824 586 742 1089 979 496 1117 1110 1087 534 711 1102 759 1091 410 380 1097 705 417 1048 573 854 1107 1106 1122 1101 597 834 1098 858 1103 1092 749 902 1159 1135 1123 505 80 598 1119 744 1089 1134
671 1329 1321 930 792 1340 1346 919 874 326 0 316 1316 1330 1328 877 1339 1336 970 1355 1042 659 815 1308 1052 569 1336 1329 1306 607 930 1320 919 1310 209 454 1316 778 490 1266 791 928 1326 1324 1341 1320 670 907 1317 931 1321 1311 822 1121 1232 1354 1342 579 299 671 1338 817 1307 1353
691 1348 1341 950 812 1359 1366 938 894 345 316 0 1335 1349 1347 896 1358 1356 990 1375 1062 678 835 1327 1072 588 1355 1349 1326 627 950 1340 939 1329 163 473 1335 797 510 1286 811 947 1346 1344 1360 1339 689 926 1336 951 1341 1330 841 1140 1251 1373 1361 598 318 690 1357 836 1327 1372
1589 208 200 538 601 219 226 1012 655 1097 1316 1335 0 209 69 970 218 215 1244 234 312 1576 908 187 1883 1486 215 208 185 1525 577 200 984 189 1401 1371 195 1695 1242 145 621 1635 205 203 220 199 1587 1824 196 1024 200 190 1739 233 1536 233 221 1496 1070 1588 217 1734 58 232
1602 90 77 551 615 67 64 1026 668 1111 1330 1349 209 0 221 983 54 62 1258 63 326 1590 922 93 1897 1500 77 88 86 1538 591 84 998 87 1415 1385 81 1709 1256 93 634 1649 91 66 58 73 1601 1838 74 1038 89 97 1753 246 1550 61 61 1509 1084 1602 71 1748 200 64
1601 220 213 550 613 231 238 1024 667 1109 1328 1347 69 221 0 982 230 227 1256 246 324 1588 920 199 1895 1498 227 220 197 1537 589 212 996 201 1413 1383 207 1707 1254 157 633 1647 217 215 232 211 1599 1836 208 1036 212 202 1751 245 1548 245 233 1508 1082 1600 229 1746 70 244
1146 983 975 584 646 993 1000 251 886 987 1060 1080 970 983 982 0 993 990 593 1009 696 1133 85 962 1231 1043 989 983 960 1082 942 974 473 964 1145 928 970 1252 594 920 582 983 980 978 995 973 1144 1210 971 264 975 965 1281 774 884 1007 995 1053 960 1145 992 1120 961 1007
1612 61 48 561 624 38 36 1035 677 1120 1339 1358 218 54 230 993 0 34 1267 34 335 1599 931 64 1906 1509 48 59 58 1547 600 55 1007 58 1424 1394 52 1718 1265 102 644 1658 62 38 29 44 1610 1847 45 1047 60 69 1762 255 1559 32 32 1519 1093 1611 42 1757 209 35
1609 69 57 558 621 47 44 1032 675 1118 1336 1356 215 62 227 990 34 0 1265 42 332 1596 928 72 1903 1506 56 67 66 1545 597 63 1004 66 1421 1391 60 1715 1262 99 641 1655 70 46 37 53 1607 1844 53 1044 69 77 1759 253 1556 41 41 1516 1090 1608 50 1754 206 43
1045 1257 1250 859 920 1268 1275 635 1161 886 959 979 1244 1258 1256 593 1267 1265 0 1284 971 1032 531 1236 941 942 1264 1257 1234 981 1216 1249 747 1238 1044 827 1244 1151 494 1195 857 693 1254 1253 1269 1248 1043 920 1245 647 1250 1239 990 1049 594 1282 1270 952 859 1044 1266 830 1236 1281
1628 70 57 577 640 47 44 1051 694 1137 1355 1375 234 63 246 1009 34 42 1284 0 351 1616 947 73 1922 1525 57 68 66 1564 616 64 1023 67 1440 1410 61 1734 1281 119 660 1674 70 46 38 53 1626 1863 54 1063 69 77 1778 272 1575 41 41 1535 1110 1627 51 1774 226 44
1315 325 317 264 328 336 343 738 568 824 1042 1062 312 326 324 696 335 332 971 351 0 1303 634 304 1609 1212 332 325 302 1251 624 317 710 306 1127 1097 312 1421 968 262 347 1361 322 320 337 316 1314 1550 313 750 317 307 1465 117 1262 350 338 1222 797 1314 334 1461 303 349
297 1589 1582 1191 1053 1600 1607 992 1135 586 659 678 1576 1590 1588 950 1599 1596 1043 1616 1303 0 888 1568 849 180 1596 1589 1566 169 1190 1581 992 1570 744 262 1576 174 563 1527 1052 724 1586 1585 1601 1580 102 703 1577 1004 1581 1571 618 1381 1029 1614 1602 106 559 244 1598 614 1567 1613
1084 921 913 522 584 932 939 190 824 925 998 1018 908 922 920 85 931 928 531 947 634 1071 0 900 1170 981 928 921 898 1020 880 913 411 902 1083 866 908 1190 533 858 521 921 918 916 933 912 1082 1148 909 202 913 903 1219 713 823 946 934 991 898 1083 930 1059 899 945
1580 100 87 530 593 77 74 1004 646 1089 1308 1327 187 93 199 962 64 72 1236 73 304 1568 900 0 1875 1478 87 97 80 1516 569 94 976 84 1393 1363 90 1687 1234 71 612 1627 100 76 68 83 1579 1816 84 1016 96 85 1731 224 1528 71 71 1488 1062 1580 81 1726 178 74
862 1896 1888 1497 1446 1907 1914 1273 1528 979 1052 1072 1883 1897 1895 1231 1906 1903 941 1922 1609 849 1170 1875 0 759 1903 1896 1873 798 1584 1888 1386 1877 1137 656 1883 968 957 1833 1445 275 1893 1891 1908 1887 860 379 1884 1286 1888 1878 449 1688 579 1921 1909 769 952 861 1905 289 1874 1920
203 1499 1491 1100 962 1509 1516 902 1044 496 569 588 1486 1500 1498 860 1509 1506 953 1525 1212 180 798 1478 759 0 1506 1499 1476 57 1100 1490 902 1480 653 172 1486 227 473 1436 961 634 1496 1494 1511 1489 120 613 1487 914 1491 1481 528 1291 938 1523 1512 95 468 132 1508 523 1477 1523
1608 84 71 557 621 61 58 1031 674 1117 1336 1355 215 77 227 989 48 56 1264 57 332 1596 928 87 1903 1506 0 82 80 1544 597 78 1004 81 1420 1391 75 1715 1262 99 640 1655 85 60 52 67 1607 1844 68 1044 83 92 1759 252 1556 55 55 1515 1090 1608 65 1754 206 58
1602 95 82 551 614 72 69 1025 668 1110 1329 1349 208 88 220 983 59 67 1257 68 325 1589 921 97 1896 1499 82 0 91 1538 590 89 997 91 1414 1384 85 1708 1255 92 634 1648 95 71 63 78 1600 1837 78 1037 94 102 1752 246 1549 66 66 1509 1083 1601 76 1747 199 69
1579 93 81 528 591 71 68 1002 645 1087 1306 1326 185 86 197 960 58 66 1234 66 302 1566 898 80 1873 1476 80 91 0 1515 567 87 974 83 1391 1361 84 1685 1232 69 611 1625 94 70 61 77 1577 1814 77 1014 93 84 1729 223 1526 65 65 1486 1060 1578 74 1724 176 67
175 1537 1530 1139 1001 1548 1555 940 1083 534 607 627 1525 1538 1537 898 1547 1545 992 1564 1251 169 837 1516 798 57 1544 1538 1515 0 1139 1529 941 1518 692 211 1524 188 512 1475 1000 673 1535 1533 1549 1528 85 652 1526 953 1530 1520 567 1329 977 1562 1550 134 507 93 1546 562 1516 1562
1203 590 583 512 374 601 608 984 158 711 930 950 577 591 589 942 600 597 1216 616 624 1190 880 569 1584 1100 597 590 567 1139 0 582 804 571 1015 985 577 1309 856 528 490 1459 587 585 602 581 1201 1438 578 996 582 572 1353 574 1508 615 603 1110 684 1202 599 1348 568 614
1593 91 78 542 606 68 65 1016 659 1102 1320 1340 200 84 212 974 55 63 1249 64 317 1581 913 94 1888 1490 78 89 87 1529 582 0 988 88 1405 1375 82 1699 1247 84 625 1639 91 67 59 74 1592 1829 75 1029 90 98 1744 237 1541 62 62 1500 1075 1592 72 1739 191 65
1002 997 989 598 660 1008 1014 515 778 765 917 936 984 998 996 473 1007 1004 747 1023 710 990 411 976 1383 900 1004 997 974 938 833 988 0 978 1002 785 984 1109 582 934 597 1138 994 992 1009 988 1001 1238 985 527 989 979 1153 789 1039 1022 1010 909 738 1002 1006 1148 975 1021
1583 94 81 532 595 71 68 1006 649 1091 1310 1329 189 87 201 964 58 66 1238 67 306 1570 902 84 1877 1480 81 91 83 1518 571 88 978 0 1395 1365 84 1689 1236 73 615 1629 94 70 62 77 1581 1818 77 1018 93 87 1733 226 1530 65 65 1490 1064 1582 75 1728 180 68
756 1414 1406 1015 877 1424 1431 1004 959 410 209 163 1401 1415 1413 962 1424 1421 1055 1440 1127 744 900 1393 1137 653 1420 1414 1391 692 1015 1405 1004 1395 0 538 1401 863 575 1351 876 1012 1411 1409 1426 1404 755 992 1402 1016 1406 1396 907 1205 1317 1438 1427 663 383 756 1423 902 1392 1438
275 1384 1376 985 847 1394 1401 787 929 380 454 473 1371 1385 1383 745 1394 1391 838 1410 1097 262 683 1363 656 172 1391 1384 1361 211 985 1375 787 1365 538 0 1371 381 358 1321 846 531 1381 1379 1396 1374 273 510 1372 799 1376 1366 425 1176 835 1408 1397 182 353 274 1393 420 1362 1408
1588 88 75 538 601 65 62 1012 654 1097 1316 1335 195 81 207 970 52 60 1244 61 312 1576 908 90 1883 1486 75 85 84 1524 577 82 984 84 1401 1371 0 1695 1242 79 620 1635 88 64 56 71 1587 1824 71 1024 87 93 1739 232 1536 59 59 1496 1070 1588 69 1734 186 62
297 1708 1700 1309 1171 1718 1725 1111 1253 705 778 797 1695 1709 1707 1069 1718 1715 1162 1734 1421 174 1007 1687 968 227 1715 1708 1685 188 1309 1699 1111 1689 863 381 1695 0 682 1645 1170 843 1705 1703 1720 1699 176 822 1696 1123 1700 1690 737 1500 1147 1732 1721 261 677 222 1717 732 1686 1732
576 1207 1200 808 708 1218 1225 584 790 417 490 510 1194 1208 1206 542 1217 1214 636 1233 920 563 481 1186 957 473 1214 1207 1184 512 846 1199 585 1188 575 358 1194 682 0 1145 707 832 1204 1202 1219 1198 574 811 1195 597 1199 1189 726 999 928 1232 1220 483 390 575 1216 721 1185 1231
1539 92 85 488 552 103 110 962 605 1048 1266 1286 145 93 157 920 102 99 1195 119 262 1527 858 71 1833 1436 99 92 69 1475 528 84 934 73 1351 1321 79 1645 1193 0 571 1585 89 87 104 83 1538 1775 80 974 84 74 1689 183 1486 117 105 1446 1021 1538 101 1685 137 116
1064 633 626 235 194 644 651 624 434 573 791 811 621 634 633 582 644 641 857 660 347 1052 521 612 1445 961 640 634 611 1000 490 625 597 615 876 846 620 1170 717 571 0 1248 631 629 646 624 1062 1299 622 637 626 616 1214 425 1149 658 646 971 546 1063 642 1210 612 658
737 1648 1640 1249 1311 1658 1665 1025 1403 854 928 947 1635 1649 1647 983 1658 1655 693 1674 1361 724 921 1627 275 634 1655 1648 1625 673 1459 1639 1138 1629 1012 531 1635 843 832 1585 1248 0 1645 1643 1660 1638 735 254 1636 1038 1640 1630 324 1440 331 1672 1661 644 827 736 1657 164 1626 1672
1599 97 85 548 611 75 72 1022 665 1107 1326 1346 205 91 217 980 62 70 1254 70 322 1586 918 100 1893 1496 85 95 94 1535 587 91 994 94 1411 1381 88 1705 1252 89 631 1645 0 74 66 81 1597 1834 81 1034 97 104 1749 243 1546 69 69 1506 1080 1598 79 1744 196 72
1597 73 61 546 609 51 48 1020 663 1106 1324 1344 203 66 215 978 38 46 1253 46 320 1585 916 76 1891 1494 60 71 70 1533 585 67 992 70 1409 1379 64 1703 1250 87 629 1643 74 0 41 57 1595 1832 57 1032 73 81 1747 241 1544 45 45 1504 1079 1596 54 1743 195 47
1614 65 52 563 626 42 39 1037 680 1122 1341 1360 220 58 232 995 29 37 1269 38 337 1601 933 68 1908 1511 52 63 61 1549 602 59 1009 62 1426 1396 56 1720 1267 104 646 1660 66 41 0 48 1612 1849 49 1049 64 73 1764 257 1561 36 36 1521 1095 1613 46 1759 211 39
1592 80 67 541 605 57 55 1015 658 1101 1320 1339 199 73 211 973 44 53 1248 53 316 1580 912 83 1887 1489 67 78 77 1528 581 74 988 77 1404 1374 71 1699 1246 83 624 1638 81 57 48 0 1591 1828 64 1028 80 88 1743 236 1540 51 51 1499 1074 1592 61 1738 190 54
242 1600 1593 1202 1064 1611 1618 1003 1146 597 670 689 1587 1601 1599 961 1610 1607 1054 1626 1314 102 899 1579 860 120 1607 1600 1577 85 1201 1592 1003 1581 755 273 1587 176 574 1538 1062 735 1597 1595 1612 1591 0 714 1588 1015 1592 1582 629 1392 1039 1625 1613 189 570 160 1609 625 1578 1624
716 1837 1830 1438 1300 1848 1855 1240 1383 834 907 926 1824 1838 1836 1198 1847 1844 920 1863 1550 703 1136 1816 379 613 1844 1837 1814 652 1438 1829 1240 1818 992 510 1824 822 811 1775 1299 254 1834 1832 1849 1828 714 0 1825 1252 1829 1819 303 1629 558 1862 1850 623 807 715 1846 143 1815 1861
1590 81 68 539 602 58 55 1013 656 1098 1317 1336 196 74 208 971 45 53 1245 54 313 1577 909 84 1884 1487 68 78 77 1526 578 75 985 77 1402 1372 71 1696 1243 80 622 1636 81 57 49 64 1588 1825 0 1025 80 88 1740 233 1537 52 52 1497 1071 1589 62 1735 187 55
1200 1037 1030 638 700 1048 1055 229 940 1041 1115 1134 1024 1038 1036 264 1047 1044 647 1063 750 1188 202 1016 1286 1097 1044 1037 1014 1136 996 1029 527 1018 1199 982 1024 1306 649 974 637 1038 1034 1032 1049 1028 1198 1264 1025 0 1029 1019 1335 829 939 1062 1050 1107 1014 1199 1046 1175 1015 1061
1594 96 84 543 606 74 71 1017 660 1103 1321 1341 200 89 212 975 60 69 1250 69 317 1581 913 96 1888 1491 83 94 93 1530 582 90 989 93 1406 1376 87 1700 1247 84 626 1640 97 73 64 80 1592 1829 80 1029 0 99 1744 238 1541 68 68 1501 1075 1593 77 1739 192 70
1584 104 92 533 596 82 79 1007 650 1092 1311 1330 190 97 202 965 69 77 1239 77 307 1571 903 85 1878 1481 92 102 84 1520 572 98 979 87 1396 1366 93 1690 1237 74 616 1630 104 81 73 88 1582 1819 88 1019 99 0 1734 227 1531 76 76 1491 1065 1583 86 1729 181 78
631 1752 1744 1353 1215 1763 1770 1155 1298 749 822 841 1739 1753 1751 1113 1762 1759 990 1778 1465 618 1051 1731 449 528 1759 1752 1729 567 1353 1744 1155 1733 907 425 1739 737 726 1689 1214 324 1749 1747 1764 1743 629 303 1740 1167 1744 1734 0 1544 628 1777 1765 538 722 630 1761 213 1730 1776
1393 245 238 342 406 256 263 816 646 902 1121 1140 233 246 245 774 255 253 1049 272 117 1381 713 224 1688 1291 252 246 223 1329 574 237 789 226 1205 1176 232 1500 1047 183 425 1440 243 241 257 236 1392 1629 233 829 238 227 1544 0 1341 270 258 1300 875 1393 254 1539 224 270
1041 1549 1542 1150 1212 1560 1567 926 1452 1159 1232 1251 1536 1550 1548 884 1559 1556 594 1575 1262 1029 823 1528 579 938 1556 1549 1526 977 1508 1541 1039 1530 1317 835 1536 1147 785 1486 1149 331 1546 1544 1561 1540 1039 558 1537 939 1541 1531 628 1341 0 1574 1562 948 1132 1040 1558 468 1527 1573
1626 68 55 575 639 45 43 1049 692 1135 1354 1373 233 61 245 1007 32 41 1282 41 350 1614 946 71 1921 1523 55 66 65 1562 615 62 1022 65 1438 1408 59 1732 1280 117 658 1672 69 45 36 51 1625 1862 52 1062 68 76 1777 270 1574 0 39 1533 1108 1625 49 1772 224 42
1614 68 55 563 627 45 43 1038 680 1123 1342 1361 221 61 233 995 32 41 1270 41 338 1602 934 71 1909 1512 55 66 65 1550 603 62 1010 65 1427 1397 59 1721 1268 105 646 1661 69 45 36 51 1613 1850 52 1050 68 76 1765 258 1562 39 0 1521 1096 1614 49 1760 212 42
213 1509 1501 1110 972 1519 1526 912 1054 505 579 598 1496 1509 1508 869 1519 1516 963 1535 1222 106 808 1488 769 95 1515 1509 1486 134 1110 1500 912 1490 663 182 1496 261 483 1446 971 644 1506 1504 1521 1499 189 623 1497 924 1501 1491 538 1300 948 1533 1521 0 478 209 1518 533 1487 1533
571 1083 1076 685 547 1094 1101 819 629 80 299 318 1070 1084 1082 777 1093 1090 870 1110 797 559 715 1062 952 468 1090 1083 1060 507 684 1075 732 1064 383 353 1070 677 390 1021 546 827 1080 1079 1095 1074 570 807 1071 831 1075 1065 722 875 1132 1108 1096 478 0 570 1092 717 1061 1107
100 1601 1593 1202 1064 1611 1618 1004 1146 598 671 690 1588 1602 1600 962 1611 1608 1055 1627 1314 244 900 1580 861 132 1608 1601 1578 93 1202 1592 1004 1582 756 274 1588 222 575 1538 1063 736 1598 1596 1613 1592 160 715 1589 1016 1593 1583 630 1393 1040 1625 1614 209 570 0 1610 625 1579 1625
1611 78 65 560 623 55 52 1034 676 1119 1338 1357 217 71 229 992 42 50 1266 51 334 1598 930 81 1905 1508 65 76 74 1546 599 72 1006 75 1423 1393 69 1717 1264 101 642 1657 79 54 46 61 1609 1846 62 1046 77 86 1761 254 1558 49 49 1518 1092 1610 0 1756 208 52
626 1747 1740 1349 1211 1758 1765 1150 1293 744 817 836 1734 1748 1746 1108 1757 1754 830 1774 1461 614 1046 1726 289 523 1754 1747 1724 562 1348 1739 1150 1728 902 420 1734 732 721 1685 1210 164 1744 1743 1759 1738 625 143 1735 1162 1739 1729 213 1539 468 1772 1760 533 717 625 1756 0 1725 1771
1580 199 192 529 592 210 217 1003 646 1089 1307 1327 58 200 70 961 209 206 1236 226 303 1567 899 178 1874 1477 206 199 176 1516 568 191 975 180 1392 1362 186 1686 1233 137 612 1626 196 195 211 190 1578 1815 187 1015 192 181 1730 224 1527 224 212 1487 1061 1579 208 1725 0 223
1626 71 58 575 638 48 45 1049 692 1134 1353 1372 232 64 244 1007 35 43 1281 44 349 1613 945 74 1920 1523 58 69 67 1562 614 65 1021 68 1438 1408 62 1732 1279 116 658 1672 72 47 39 54 1624 1861 55 1061 70 78 1776 270 1573 42 42 1533 1107 1625 52 1771 223 0
EOF