NAME : tsp_problem
TYPE : TSP
DIMENSION : 38
EDGE_WEIGHT_TYPE : EXPLICIT
EDGE_WEIGHT_FORMAT : FULL_MATRIX
EDGE_WEIGHT_SECTION
0 458 1328 188 1383 897 1389 458 1102 1062 1401 775 1392 926 1175 1377 1390 490 1122 1400 1184 1054 1107 1391 1390 1402 920 1058 969 1145 1035 1335 999 1410 1230 788 1380 1098
458 0 1500 462 1555 1069 1561 171 1274 1234 1573 589 1564 948 1328 1549 1562 304 1274 1572 1060 1206 983 1563 1562 1573 873 1210 1122 1317 911 1507 1151 1582 1383 602 1552 975
1328 1500 0 1333 73 939 78 1501 781 631 91 1648 82 1275 1336 66 145 1532 1283 90 1532 1215 1456 80 79 485 1269 953 1116 714 1383 24 1015 100 1391 1793 136 1447
188 462 1333 0 1388 902 1393 463 1106 1066 1406 779 1397 931 1179 1381 1394 494 1126 1405 1188 1058 1111 1395 1394 1406 924 1062 973 1150 1039 1339 1003 1415 1234 792 1385 1103
1383 1555 73 1388 0 994 94 1556 836 686 68 1703 89 1330 1391 86 200 1587 1338 64 1587 1270 1511 98 85 540 1324 1008 1171 769 1438 69 1070 52 1446 1847 191 1502
897 1069 939 902 994 0 1000 1070 431 657 1012 1045 1003 672 920 988 1000 1101 867 1011 929 799 853 1002 1001 807 665 603 714 572 780 946 665 1021 975 1189 991 844
1389 1561 78 1393 94 1000 0 1561 841 691 74 1708 95 1336 1397 92 206 1593 1344 71 1593 1276 1516 105 91 545 1329 1013 1177 774 1444 75 1075 59 1452 1853 197 1507
458 171 1501 463 1556 1070 1561 0 1274 1234 1574 589 1565 948 1328 1549 1562 304 1275 1573 1061 1207 984 1563 1562 1574 874 1211 1122 1318 911 1507 1152 1583 1383 602 1553 975
1105 1277 781 1109 836 425 841 1277 0 346 854 903 844 531 592 829 842 1309 539 853 788 471 711 843 842 496 524 208 372 261 639 787 270 863 647 1048 833 702
1062 1234 631 1066 686 628 691 1234 346 0 704 1213 695 840 902 679 692 1266 849 703 1098 780 1021 693 692 571 834 518 681 100 949 637 580 713 957 1358 683 1012
1401 1573 91 1406 68 1012 74 1574 854 704 0 1721 69 1348 1409 66 218 1605 1356 45 1605 1288 1529 78 65 558 1342 1026 1189 787 1456 87 1088 32 1464 1865 209 1520
775 589 1648 779 1703 1047 1708 589 903 1213 1721 0 1712 482 862 1697 1709 564 809 1720 595 741 518 1710 1709 1363 408 745 656 1129 445 1654 686 1730 917 268 1700 509
1392 1564 82 1397 89 1003 95 1565 844 695 69 1712 0 1339 1400 87 209 1596 1347 65 1596 1279 1520 99 86 549 1333 1017 1180 778 1447 78 1079 53 1455 1856 200 1511
937 948 1275 942 1330 674 1336 948 531 840 1348 482 1339 0 489 1324 1336 923 436 1347 367 368 290 1338 1337 991 103 372 283 756 217 1282 313 1357 544 627 1327 281
1186 1328 1336 1190 1391 923 1397 1328 592 902 1409 862 1400 489 0 1385 1398 1303 239 1408 747 147 670 1399 1398 1052 483 433 345 817 597 1343 374 1418 130 1007 1388 661
1377 1549 66 1381 86 988 92 1549 829 679 66 1697 87 1324 1385 0 194 1581 1332 63 1581 1264 1505 96 83 534 1317 1001 1165 763 1432 63 1063 51 1440 1841 185 1496
1390 1562 145 1394 200 1000 206 1562 842 692 218 1709 209 1336 1398 194 0 1593 1345 217 1594 1276 1517 208 207 546 1330 1014 1177 775 1445 152 1076 227 1453 1854 58 1508
490 304 1532 494 1587 1101 1593 304 1305 1266 1605 564 1596 923 1303 1581 1593 0 1250 1604 1036 1182 959 1595 1594 1605 849 1186 1097 1349 886 1539 1127 1614 1358 577 1584 950
1133 1274 1283 1137 1338 870 1344 1275 539 849 1356 809 1347 436 239 1332 1345 1250 0 1355 694 197 617 1346 1345 999 430 380 292 764 544 1290 321 1365 133 954 1335 608
1400 1572 90 1405 64 1011 71 1573 853 703 45 1720 65 1347 1408 63 217 1604 1355 0 1604 1287 1528 75 62 557 1341 1025 1188 786 1455 86 1087 29 1463 1864 208 1519
1195 1060 1532 1199 1587 932 1593 1061 788 1098 1605 595 1596 367 747 1581 1594 1036 694 1604 0 625 308 1595 1594 1248 292 629 541 1013 177 1539 570 1615 802 739 1585 116
1065 1206 1215 1069 1270 802 1276 1207 471 780 1288 741 1279 368 147 1264 1276 1182 197 1287 625 0 549 1277 1277 930 362 312 223 696 476 1222 253 1297 209 885 1267 540
1118 983 1456 1122 1511 855 1516 984 711 1021 1529 518 1520 290 670 1505 1517 959 617 1528 308 549 0 1518 1517 1171 216 553 464 937 191 1462 494 1538 725 663 1508 218
1391 1563 80 1395 98 1002 105 1563 843 693 78 1710 99 1338 1399 96 208 1595 1346 75 1595 1277 1518 0 95 547 1331 1015 1179 776 1446 77 1077 63 1454 1855 198 1509
1390 1562 79 1394 85 1001 91 1562 842 692 65 1709 86 1337 1398 83 207 1594 1345 62 1594 1277 1517 95 0 546 1330 1014 1178 776 1445 76 1076 50 1453 1854 198 1509
1402 1573 485 1406 540 778 545 1574 496 571 558 1363 549 991 1052 534 546 1605 999 557 1248 930 1171 547 546 0 984 668 831 486 1099 491 730 567 1107 1508 537 1162
931 873 1269 935 1324 668 1329 874 524 834 1342 408 1333 103 483 1317 1330 849 430 1341 292 362 216 1331 1330 984 0 366 277 750 143 1275 307 1351 538 552 1321 207
1069 1210 953 1073 1008 597 1013 1211 208 518 1026 745 1017 372 433 1001 1014 1186 380 1025 629 312 553 1015 1014 668 366 0 213 433 480 959 112 1035 488 889 1005 544
1039 1181 1170 1044 1225 776 1230 1181 425 735 1243 716 1234 343 415 1219 1231 1157 362 1242 600 293 524 1232 1232 885 336 242 0 651 451 1176 190 1252 470 860 1222 515
1145 1317 714 1150 769 543 774 1318 261 100 787 1129 778 756 817 763 775 1349 764 786 1013 696 937 776 776 486 750 433 597 0 864 720 495 796 872 1273 766 928
1046 911 1383 1050 1438 783 1444 911 639 949 1456 445 1447 217 597 1432 1445 886 544 1455 177 476 191 1446 1445 1099 143 480 391 864 0 1390 421 1465 653 590 1435 91
1335 1507 24 1339 69 946 75 1507 787 637 87 1654 78 1282 1343 63 152 1539 1290 86 1539 1222 1462 77 76 491 1275 959 1123 720 1390 0 1021 96 1398 1799 143 1453
1010 1151 1015 1014 1070 659 1075 1152 270 580 1088 686 1079 313 374 1063 1076 1127 321 1087 570 253 494 1077 1076 730 307 112 154 495 421 1021 0 1097 430 831 1067 485
1410 1582 100 1415 52 1021 59 1583 863 713 32 1730 53 1357 1418 51 227 1614 1365 29 1615 1297 1538 63 50 567 1351 1035 1198 796 1465 96 1097 0 1474 1875 218 1529
1241 1383 1391 1245 1446 978 1452 1383 647 957 1464 917 1455 544 130 1440 1453 1358 133 1463 802 209 725 1454 1453 1107 538 488 400 872 653 1398 430 1474 0 1062 1444 716
788 602 1793 792 1847 1192 1853 602 1048 1358 1865 268 1856 627 1007 1841 1854 577 954 1864 739 885 663 1855 1854 1508 552 889 801 1273 590 1799 831 1875 1062 0 1845 654
1380 1552 136 1385 191 991 197 1553 833 683 209 1700 200 1327 1388 185 58 1584 1335 208 1585 1267 1508 198 198 537 1321 1005 1168 766 1435 143 1067 218 1444 1845 0 1499
1109 975 1447 1114 1502 846 1507 975 702 1012 1520 509 1511 281 661 1496 1508 950 608 1519 116 540 218 1509 1509 1162 207 544 455 928 91 1453 485 1529 716 654 1499 0
EOF