NAME : tsp_problem
TYPE : TSP
DIMENSION : 58
EDGE_WEIGHT_TYPE : EXPLICIT
EDGE_WEIGHT_FORMAT : FULL_MATRIX
EDGE_WEIGHT_SECTION
0 327 727 1214 555 1395 218 568 470 451 1548 520 224 64 1568 900 200 1256 1761 222 1570 218 648 1740 1251 367 184 202 1581 144 650 1639 1279 208 1515 68 58 781 1657 694 546 525 1335 950 227 223 202 232 1733 604 1313 901 190 215 755 56 1583 198
327 0 541 1029 369 1209 354 382 565 546 1362 334 360 323 1382 715 336 1070 1575 357 1384 353 649 1554 1065 181 319 338 1395 280 465 1453 1093 343 1330 333 323 595 1471 581 640 339 1149 765 362 359 338 367 1547 418 1128 715 326 350 569 320 1397 334
727 541 0 937 288 759 753 229 517 498 912 242 759 723 932 452 735 620 1125 757 1292 753 317 1104 973 398 719 737 1303 679 319 1003 643 743 879 732 723 69 1021 250 431 237 1057 672 762 758 738 767 1097 223 677 623 725 750 237 720 947 733
1214 1029 937 0 850 825 1241 860 1327 1308 978 814 1247 1211 998 637 1223 685 830 1244 601 1241 1127 809 180 886 1206 1225 612 1167 943 1068 896 1230 945 1220 1211 991 1086 1060 1241 820 367 547 1250 1246 1225 1254 802 814 930 497 1213 1238 1047 1207 1013 1221
555 369 288 850 0 956 582 129 596 577 1109 102 588 551 1129 536 564 817 1322 585 1205 581 396 1301 886 226 547 566 1216 508 212 1200 840 571 1077 561 551 342 1218 329 510 96 970 586 590 587 566 595 1294 165 875 536 554 578 316 548 1144 562
1395 1209 759 836 956 0 1422 862 1150 1131 304 910 1428 1391 324 712 1404 168 518 1425 939 1421 950 496 872 1066 1387 1406 894 1348 952 395 444 1411 272 1401 1391 786 413 883 1064 905 956 753 1430 1427 1406 1435 489 968 478 703 1394 1418 870 1388 339 1402
218 354 753 1241 582 1422 0 594 497 478 1574 546 35 214 1594 927 71 1282 1788 35 1596 28 674 1766 1277 394 69 55 1608 95 677 1665 1306 109 1542 224 214 808 1683 721 572 552 1362 977 32 32 45 37 1759 630 1340 927 56 38 781 211 1610 47
568 382 229 860 129 862 594 0 501 482 1015 83 600 564 1035 546 576 723 1228 598 1215 594 302 1207 897 239 559 578 1227 520 164 1106 746 583 982 573 564 256 1124 234 415 78 981 596 603 599 578 608 1200 147 780 546 566 591 222 561 1050 574
470 565 517 1327 596 1150 497 501 0 68 1303 550 503 466 1323 842 479 1010 1516 500 1682 496 292 1495 1363 605 462 481 1693 423 592 1393 1034 486 1270 476 466 544 1411 338 189 544 1448 1063 505 502 481 510 1487 613 1068 1013 469 493 413 463 1338 477
451 546 498 1308 577 1131 478 482 68 0 1284 531 484 447 1304 823 460 991 1497 481 1663 477 273 1476 1344 586 443 462 1674 404 573 1374 1015 467 1251 457 447 525 1392 319 170 525 1429 1044 486 483 462 491 1468 594 1049 994 450 474 394 444 1319 458
1548 1362 912 989 1109 304 1574 1015 1303 1284 0 1063 1581 1544 422 865 1556 321 471 1578 892 1574 1103 449 1025 1219 1540 1559 847 1501 1105 493 597 1564 370 1553 1544 939 511 1035 1216 1058 1016 906 1583 1580 1559 1588 442 1121 631 856 1547 1571 1023 1541 437 1555
520 334 242 814 102 910 546 83 550 531 1063 0 552 516 1083 500 528 771 1277 550 1169 546 350 1255 851 191 512 530 1181 472 166 1154 794 536 1031 525 516 297 1172 283 464 50 935 550 555 552 531 560 1248 119 829 501 519 543 270 513 1098 526
224 360 759 1247 588 1428 35 600 503 484 1581 552 0 220 1600 933 73 1288 1794 37 1602 29 681 1772 1284 400 71 56 1614 101 683 1671 1312 111 1548 230 220 814 1689 727 578 558 1368 983 34 34 46 39 1765 637 1346 934 58 40 788 217 1616 49
64 323 723 1211 551 1391 214 564 466 447 1544 516 220 0 1564 896 196 1252 1757 218 1566 214 644 1736 1247 363 180 198 1577 140 647 1635 1275 204 1511 70 60 777 1653 690 542 521 1331 946 223 219 198 228 1729 600 1309 897 186 211 751 58 1579 194
1568 1382 932 1009 1129 324 1594 1035 1323 1304 422 1083 1600 1564 0 885 1576 341 635 1598 1057 1594 1123 614 1045 1239 1560 1579 1012 1521 1125 303 617 1584 219 1573 1564 959 216 1055 1236 1078 1129 925 1603 1600 1579 1608 607 1141 651 876 1567 1591 1043 1561 247 1575
900 715 481 637 536 709 927 546 871 852 862 500 933 896 882 0 909 570 1076 930 992 926 672 1054 674 571 892 911 1004 853 629 953 781 916 830 906 896 508 971 604 785 505 758 373 935 932 911 940 1047 500 815 323 899 923 592 893 897 907
200 336 735 1223 564 1404 71 576 479 460 1556 528 73 196 1576 909 0 1264 1770 73 1578 65 656 1748 1260 376 96 92 1590 77 659 1647 1288 120 1524 206 196 790 1665 703 554 534 1344 959 70 70 82 75 1741 612 1322 909 94 76 764 193 1592 84
1256 1070 620 696 817 168 1282 723 1010 991 321 771 1288 1252 341 573 1264 0 534 1286 955 1282 811 513 733 927 1248 1266 911 1208 813 411 305 1272 288 1261 1252 647 429 743 924 766 817 613 1291 1287 1266 1296 505 829 339 564 1254 1279 731 1249 356 1262
1761 1575 1125 830 1322 518 1788 1228 1516 1497 471 1277 1794 1757 635 1078 1770 534 0 1791 532 1787 1316 89 867 1432 1753 1772 487 1714 1318 706 810 1777 583 1767 1757 1153 724 1249 1430 1271 656 1119 1796 1793 1772 1801 82 1334 845 1069 1760 1784 1236 1754 651 1768
222 357 757 1244 585 1425 35 598 500 481 1578 550 37 218 1598 930 73 1286 1791 0 1600 30 678 1770 1281 397 72 57 1611 98 680 1669 1309 111 1545 227 218 811 1687 724 576 555 1365 980 34 34 47 39 1762 634 1343 931 59 41 785 215 1613 49
1570 1384 1292 601 1205 939 1596 1215 1682 1663 892 1169 1602 1566 1057 992 1578 955 532 1600 0 1596 1482 511 638 1241 1562 1580 314 1522 1298 1128 1232 1586 1005 1575 1566 1346 1146 1415 1596 1175 426 902 1605 1601 1580 1610 503 1169 1266 852 1568 1593 1403 1563 1072 1576
218 353 753 1241 581 1421 28 594 496 477 1574 546 29 214 1594 926 65 1282 1787 30 1596 0 674 1766 1277 393 64 49 1607 94 677 1665 1305 103 1541 223 214 807 1683 721 572 551 1361 976 27 26 39 31 1759 630 1339 927 51 33 781 211 1609 41
648 649 317 1127 396 950 674 302 292 273 1103 350 681 644 1123 643 656 811 1316 678 1482 674 0 1295 1164 506 640 659 1494 601 392 1194 834 664 1070 653 644 344 1212 139 205 345 1248 863 683 680 659 688 1288 414 868 814 647 671 213 641 1138 655
1740 1554 1104 809 1301 496 1766 1207 1495 1476 449 1255 1772 1736 614 1057 1748 513 89 1770 511 1766 1295 0 846 1411 1732 1751 466 1692 1297 685 789 1756 562 1745 1736 1131 703 1227 1408 1250 634 1097 1775 1772 1751 1780 61 1313 823 1048 1739 1763 1215 1733 629 1747
1251 1065 973 180 886 861 1277 897 1363 1344 1014 851 1284 1247 1034 674 1260 722 867 1281 638 1277 1164 846 0 922 1243 1262 649 1204 979 1105 932 1267 982 1257 1247 1027 1123 1096 1277 856 403 583 1286 1283 1262 1291 838 850 967 534 1250 1274 1084 1244 1049 1258
367 181 398 886 226 1066 394 239 605 586 1219 191 400 363 1239 571 376 927 1432 397 1241 393 506 1411 922 0 359 378 1252 320 322 1310 950 383 1186 373 363 452 1328 438 619 196 1006 621 402 399 378 407 1404 275 984 572 366 390 426 360 1254 374
184 319 719 1206 547 1387 69 559 462 443 1540 512 71 180 1560 892 96 1248 1753 72 1562 64 640 1732 1243 359 0 91 1573 60 642 1631 1271 103 1507 189 180 773 1648 686 538 517 1327 942 68 68 81 73 1724 596 1305 893 86 74 747 176 1575 83
202 338 737 1225 566 1406 55 578 481 462 1559 530 56 198 1579 911 92 1266 1772 57 1580 49 659 1751 1262 378 91 0 1592 79 661 1649 1290 122 1526 208 198 792 1667 705 556 536 1346 961 54 53 66 58 1743 615 1324 912 78 60 766 195 1594 68
1581 1395 1303 612 1216 894 1608 1227 1693 1674 847 1181 1614 1577 1012 1004 1590 911 487 1611 314 1607 1494 466 649 1252 1573 1592 0 1534 1310 1083 1187 1597 960 1587 1577 1357 1101 1426 1607 1186 438 913 1616 1613 1592 1621 458 1180 1221 864 1580 1604 1414 1574 1027 1588
144 280 679 1167 508 1348 95 520 423 404 1501 472 101 140 1521 853 77 1208 1714 98 1522 94 601 1692 1204 320 60 79 1534 0 603 1591 1232 84 1468 150 140 734 1609 647 498 478 1288 903 103 100 79 108 1685 557 1266 854 67 91 708 137 1536 75
650 465 319 943 212 952 677 164 592 573 1105 166 683 647 1125 629 659 813 1318 680 1298 677 392 1297 979 322 642 661 1310 603 0 1196 836 666 1072 656 647 346 1214 324 505 160 1064 679 686 682 661 690 1290 229 871 629 649 674 312 643 1140 657
1639 1453 1003 1079 1200 395 1665 1106 1393 1374 493 1154 1671 1635 303 956 1647 411 706 1669 1128 1665 1194 685 1116 1310 1631 1649 1083 1591 1196 0 688 1654 142 1644 1635 1030 203 1126 1307 1149 1200 996 1674 1670 1649 1679 678 1212 722 947 1637 1662 1114 1632 75 1645
1279 1093 643 907 840 444 1306 746 1034 1015 597 794 1312 1275 617 783 1288 305 810 1309 1232 1305 834 789 943 950 1271 1290 1187 1232 836 688 0 1295 564 1285 1275 670 706 767 948 789 1027 824 1314 1311 1290 1319 782 852 143 774 1278 1302 754 1272 632 1286
208 343 743 1230 571 1411 109 583 486 467 1564 536 111 204 1584 916 120 1272 1777 111 1586 103 664 1756 1267 383 103 122 1597 84 666 1654 1295 0 1531 213 204 797 1672 710 562 541 1351 966 108 107 120 112 1748 620 1329 917 110 114 771 200 1599 118
1515 1330 879 956 1077 272 1542 982 1270 1251 370 1031 1548 1511 219 832 1524 288 583 1545 1005 1541 1070 562 993 1186 1507 1526 960 1468 1072 142 564 1531 0 1521 1511 907 160 1003 1184 1025 1077 873 1550 1547 1526 1555 554 1088 599 823 1514 1539 991 1508 86 1522
68 333 732 1220 561 1401 224 573 476 457 1553 525 230 70 1573 906 206 1261 1767 227 1575 223 653 1745 1257 373 189 208 1587 150 656 1644 1285 213 1521 0 64 787 1662 700 551 531 1341 956 232 229 208 237 1738 609 1319 906 196 220 761 62 1589 204
58 323 723 1211 551 1391 214 564 466 447 1544 516 220 60 1564 896 196 1252 1757 218 1566 214 644 1736 1247 363 180 198 1577 140 647 1635 1275 204 1511 64 0 777 1653 691 542 521 1331 946 223 220 199 228 1729 600 1309 897 187 211 751 52 1579 194
781 595 69 991 342 786 808 256 544 525 939 297 814 777 959 479 790 647 1153 811 1346 807 344 1131 1027 452 773 792 1357 734 346 1030 670 797 907 787 777 0 1048 277 458 291 1112 727 816 813 792 821 1124 264 705 677 780 804 265 774 974 788
1657 1471 1021 1097 1218 413 1683 1124 1411 1392 511 1172 1689 1653 216 974 1665 429 724 1687 1146 1683 1212 703 1134 1328 1648 1667 1101 1609 1214 203 706 1672 160 1662 1653 1048 0 1144 1325 1166 1218 1014 1692 1688 1667 1697 696 1230 740 965 1655 1680 1132 1649 182 1663
694 581 250 1060 329 883 721 234 338 319 1035 283 727 690 1055 575 703 743 1249 724 1415 721 139 1227 1096 438 686 705 1426 647 324 1126 767 710 1003 700 691 277 1144 0 252 277 1180 796 730 726 705 734 1220 346 801 746 693 718 148 687 1071 701
546 640 431 1241 510 1064 572 415 189 170 1216 464 578 542 1236 756 554 924 1430 576 1596 572 205 1408 1277 619 538 556 1607 498 505 1307 948 562 1184 551 542 458 1325 252 0 458 1361 977 581 577 557 586 1401 527 982 927 544 569 327 539 1252 552
525 339 237 820 96 905 552 78 544 525 1058 50 558 521 1078 505 534 766 1271 555 1175 551 345 1250 856 196 517 536 1186 478 160 1149 789 541 1025 531 521 291 1166 277 458 0 940 556 560 557 536 565 1242 114 823 506 524 548 265 518 1093 532
1335 1149 1057 367 970 945 1362 981 1448 1429 1016 935 1368 1331 1118 758 1344 806 656 1365 426 1361 1248 634 403 1006 1327 1346 438 1288 1064 1189 1016 1351 1066 1341 1331 1112 1207 1180 1361 940 0 667 1370 1367 1346 1375 627 934 1051 618 1334 1358 1168 1328 1133 1342
950 765 672 547 586 936 977 596 1063 1044 1089 550 983 946 1109 373 959 797 1131 980 902 976 863 1110 583 621 942 961 913 903 679 1180 1007 966 1056 956 946 727 1198 796 977 556 667 0 985 982 961 990 1103 550 1042 124 949 974 783 943 1124 957
227 362 762 1250 590 1430 32 603 505 486 1583 555 34 223 1603 935 70 1291 1796 34 1605 27 683 1775 1286 402 68 54 1616 103 686 1674 1314 108 1550 232 223 816 1692 730 581 560 1370 985 0 31 44 36 1768 639 1348 936 55 37 790 220 1618 46
223 359 758 1246 587 1427 32 599 502 483 1580 552 34 219 1600 932 70 1287 1793 34 1601 26 680 1772 1283 399 68 53 1613 100 682 1670 1311 107 1547 229 220 813 1688 726 577 557 1367 982 31 0 43 36 1764 636 1345 933 55 37 787 216 1615 45
202 338 738 1225 566 1406 45 578 481 462 1559 531 46 198 1579 911 82 1266 1772 47 1580 39 659 1751 1262 378 81 66 1592 79 661 1649 1290 120 1526 208 199 792 1667 705 557 536 1346 961 44 43 0 48 1743 615 1324 912 68 50 766 195 1594 58
232 367 767 1254 595 1435 37 608 510 491 1588 560 39 228 1608 940 75 1296 1801 39 1610 31 688 1780 1291 407 73 58 1621 108 690 1679 1319 112 1555 237 228 821 1697 734 586 565 1375 990 36 36 48 0 1772 644 1353 941 60 42 795 225 1623 51
1733 1547 1097 802 1294 489 1759 1200 1487 1468 442 1248 1765 1729 607 1050 1741 505 82 1762 503 1759 1288 61 838 1404 1724 1743 458 1685 1290 678 782 1748 554 1738 1729 1124 696 1220 1401 1242 627 1090 1768 1764 1743 1772 0 1305 816 1041 1731 1756 1208 1725 622 1739
604 418 223 814 165 968 630 147 613 594 1121 119 637 600 1141 500 612 829 1334 634 1169 630 414 1313 850 275 596 615 1180 557 229 1212 852 620 1088 609 600 264 1230 346 527 114 934 550 639 636 615 644 1305 0 886 500 603 627 334 597 1156 611
1313 1128 677 941 875 478 1340 780 1068 1049 631 829 1346 1309 651 818 1322 339 845 1343 1266 1339 868 823 978 984 1305 1324 1221 1266 871 722 143 1329 599 1319 1309 705 740 801 982 823 1062 858 1348 1345 1324 1353 816 886 0 809 1312 1337 789 1306 666 1320
901 715 623 497 536 887 927 546 1013 994 1039 501 934 897 1059 323 909 747 1082 931 852 927 814 1060 534 572 893 912 864 854 629 1130 958 917 1007 906 897 677 1148 746 927 506 618 124 936 933 912 941 1053 500 992 0 900 924 734 894 1074 908
190 326 725 1213 554 1394 56 566 469 450 1547 519 58 186 1567 899 94 1254 1760 59 1568 51 647 1739 1250 366 86 78 1580 67 649 1637 1278 110 1514 196 187 780 1655 693 544 524 1334 949 55 55 68 60 1731 603 1312 900 0 61 754 183 1582 70
215 350 750 1238 578 1418 38 591 493 474 1571 543 40 211 1591 923 76 1279 1784 41 1593 33 671 1763 1274 390 74 60 1604 91 674 1662 1302 114 1539 220 211 804 1680 718 569 548 1358 974 37 37 50 42 1756 627 1337 924 61 0 778 208 1606 52
755 569 237 1047 316 870 781 222 413 394 1023 270 788 751 1043 563 764 731 1236 785 1403 781 213 1215 1084 426 747 766 1414 708 312 1114 754 771 991 761 751 265 1132 148 327 265 1168 783 790 787 766 795 1208 334 789 734 754 778 0 748 1058 762
56 320 720 1207 548 1388 211 561 463 444 1541 513 217 58 1561 893 193 1249 1754 215 1563 211 641 1733 1244 360 176 195 1574 137 643 1632 1272 200 1508 62 52 774 1649 687 539 518 1328 943 220 216 195 225 1725 597 1306 894 183 208 748 0 1576 191
1583 1397 947 1024 1144 339 1610 1050 1338 1319 437 1098 1616 1579 247 900 1592 356 651 1613 1072 1609 1138 629 1060 1254 1575 1594 1027 1536 1140 75 632 1599 86 1589 1579 974 182 1071 1252 1093 1144 941 1618 1615 1594 1623 622 1156 666 891 1582 1606 1058 1576 0 1590
198 334 733 1221 562 1402 47 574 477 458 1555 526 49 194 1575 907 84 1262 1768 49 1576 41 655 1747 1258 374 83 68 1588 75 657 1645 1286 118 1522 204 194 788 1663 701 552 532 1342 957 46 45 58 51 1739 611 1320 908 70 52 762 191 1590 0
EOF