NAME : tsp_problem
TYPE : TSP
DIMENSION : 76
EDGE_WEIGHT_TYPE : EXPLICIT
EDGE_WEIGHT_FORMAT : FULL_MATRIX
EDGE_WEIGHT_SECTION
0 592 1017 1523 1494 549 478 354 1511 987 1531 514 1226 208 1515 904 929 1536 459 52 678 548 1507 1178 551 460 379 441 1506 489 1506 1508 601 1119 1513 1281 935 697 960 1060 285 1526 427 1069 1064 1506 828 691 1501 388 803 1127 1526 1546 1515 1279 1520 1548 911 1502 1062 1542 953 1545 895 473 1547 1530 1521 481 927 1067 954 1511 1518 1517
592 0 824 1330 1301 356 285 624 1318 794 1338 784 1033 491 1322 1122 923 1342 1005 598 111 141 1314 985 256 226 650 987 1313 296 1313 1315 408 926 1320 1088 929 130 767 867 335 1333 698 876 871 1313 635 124 1308 934 610 934 1333 1353 1322 1086 1327 1355 906 1309 869 1349 947 1352 889 214 1354 1337 1328 138 734 874 948 1318 1325 1324
1017 824 0 541 512 636 696 1050 528 178 549 1210 243 917 533 1000 800 553 1431 1024 910 780 525 460 783 692 1075 1413 524 576 524 526 621 401 531 299 806 929 242 93 761 544 1123 96 346 524 229 924 519 1360 245 410 544 564 533 561 538 566 462 519 344 559 503 563 466 705 565 548 538 713 125 349 825 529 536 535
1523 1330 541 0 70 1142 1202 1555 57 683 61 1715 654 1423 108 1410 1211 44 1850 1529 1416 1286 207 564 1289 1198 1581 1832 73 1081 61 78 1126 587 76 279 1217 1435 748 573 1266 48 1629 571 665 71 734 1430 201 1865 751 595 45 46 114 449 53 43 872 76 663 36 913 43 876 1211 45 38 220 1219 631 668 1236 211 218 56
1494 1301 512 70 0 1113 1173 1526 84 654 88 1686 625 1393 89 1381 1181 71 1821 1500 1387 1256 178 534 1260 1169 1551 1803 80 1052 80 82 1097 558 87 250 1188 1406 718 544 1237 75 1600 542 636 80 705 1400 172 1836 721 566 72 73 89 419 81 70 843 76 634 63 884 70 847 1182 72 65 191 1190 602 639 1206 182 188 83
549 356 636 1142 1113 0 228 582 1130 606 1150 742 845 449 1134 1080 880 1154 963 556 442 312 1126 797 315 224 607 945 1125 100 1125 1127 80 738 1132 900 886 461 579 679 292 1145 655 688 683 1125 447 456 1120 892 422 746 1145 1165 1134 898 1139 1167 839 1120 681 1161 881 1164 759 237 1166 1149 1140 245 545 686 905 1130 1137 1136
508 326 721 1227 1197 117 0 541 1214 691 1234 701 929 408 1219 1039 839 1239 922 515 412 282 1211 882 285 194 566 904 1210 169 1210 1212 150 823 1217 985 846 431 663 763 252 1230 614 772 767 1210 532 425 1205 851 506 831 1230 1249 1219 982 1224 1252 822 1205 766 1245 864 1248 806 207 1251 1234 1224 215 630 771 864 1215 1221 1221
354 624 1050 1555 1526 582 510 0 1543 1019 1563 215 1258 253 1547 1161 961 1568 767 360 710 580 1540 1211 583 492 218 749 1538 521 1539 1540 634 1151 1546 1313 967 729 992 1092 318 1559 170 1101 1096 1538 861 724 1534 696 835 1160 1559 1578 1548 1311 1553 1581 944 1534 1095 1574 985 1577 927 505 1580 1562 1553 513 959 1100 986 1543 1550 1550
1511 1318 528 57 84 1130 1189 1543 0 671 75 1703 642 1410 106 1398 1198 58 1838 1517 1404 1273 195 551 1277 1186 1568 1820 88 1069 75 92 1114 575 90 267 1204 1423 735 561 1254 62 1617 559 653 85 722 1417 189 1853 738 583 59 60 106 436 67 57 860 90 651 50 901 57 864 1199 59 52 208 1207 619 656 1223 199 205 70
987 794 178 683 654 606 666 1019 671 0 691 1179 386 887 675 1140 941 696 1401 993 880 750 668 430 753 662 1045 1382 666 545 666 668 590 371 674 441 947 899 212 226 730 686 1093 229 316 666 198 894 662 1329 215 379 687 706 675 531 681 709 602 662 314 702 644 705 606 675 708 690 681 683 96 319 966 671 678 677
1531 1338 549 61 88 1150 1210 1563 75 691 0 1723 662 1431 126 1418 1219 62 1858 1537 1424 1294 215 571 1297 1206 1589 1840 92 1089 79 96 1134 595 94 287 1225 1443 756 581 1274 66 1637 579 673 89 742 1438 209 1873 758 603 63 64 126 457 72 61 880 94 671 54 921 61 884 1219 63 56 228 1227 639 676 1244 219 226 74
514 784 1210 1715 1686 742 670 215 1703 1179 1723 0 1418 413 1707 1320 1121 1728 927 520 870 740 1699 1370 743 652 325 909 1698 681 1698 1700 794 1311 1706 1473 1127 889 1152 1252 477 1718 277 1261 1256 1698 1020 884 1693 856 995 1320 1719 1738 1707 1471 1712 1741 1104 1694 1254 1734 1145 1737 1087 665 1739 1722 1713 673 1119 1259 1146 1703 1710 1709
1226 1033 243 654 625 845 904 1258 642 386 662 1418 0 1125 646 1113 913 666 1553 1232 1119 988 638 669 992 901 1283 1534 637 784 637 639 829 610 644 412 919 1138 450 276 969 657 1332 273 554 637 437 1132 632 1568 453 618 657 677 646 769 651 679 575 633 553 673 616 676 579 914 678 661 652 922 333 558 938 642 649 648
208 491 917 1423 1393 449 378 253 1410 887 1431 413 1125 0 1415 1028 828 1435 621 214 578 447 1407 1078 451 359 279 603 1406 389 1406 1408 501 1019 1413 1181 834 596 859 959 185 1426 327 968 963 1406 728 591 1401 550 702 1027 1426 1446 1415 1178 1420 1448 811 1401 962 1441 853 1445 795 373 1447 1430 1420 380 826 967 853 1411 1417 1417
1515 1322 533 108 89 1134 1194 1547 106 675 126 1707 646 1415 0 1402 1203 109 1842 1522 1408 1278 199 556 1281 1190 1573 1824 102 1074 102 104 1118 579 109 271 1209 1427 740 565 1258 113 1621 563 657 102 727 1422 193 1858 743 587 110 111 111 441 116 108 864 97 655 101 906 108 868 1203 110 103 213 1211 623 660 1228 203 210 113
904 1111 1000 1410 1381 1069 998 1150 1398 1140 1418 1309 1113 1017 1402 0 407 1423 750 911 1198 1067 1394 1423 1070 979 1175 732 1393 1008 1393 1395 1121 1364 1401 1168 413 1216 1205 947 860 1413 1223 1030 1309 1393 1149 1211 1388 804 1123 1372 1414 1433 1402 1524 1407 1436 773 1389 1307 1429 815 1432 777 992 1434 1417 1408 1000 1088 1312 432 1398 1405 1404
918 912 800 1211 1181 869 798 950 1198 941 1219 1110 913 817 1203 407 0 1223 846 924 998 868 1195 1224 871 780 976 828 1194 809 1194 1196 922 1164 1201 969 111 1017 1005 747 661 1214 1024 830 1109 1194 949 1012 1189 900 924 1173 1214 1234 1203 1324 1208 1236 574 1189 1108 1229 615 1233 578 793 1235 1218 1208 801 888 1113 130 1199 1206 1205
1536 1342 553 44 71 1154 1214 1568 58 696 62 1728 666 1435 109 1423 1223 0 1863 1542 1429 1298 220 576 1302 1210 1593 1844 75 1094 63 79 1139 599 78 292 1229 1447 760 586 1279 49 1642 583 677 73 747 1442 214 1878 763 608 47 48 116 461 55 44 885 77 676 37 926 44 889 1224 46 39 233 1231 643 681 1248 223 230 58
459 1005 1431 1850 1821 963 892 767 1838 1401 1858 927 1553 621 1842 750 846 1863 0 466 1092 961 1834 1592 965 873 793 44 1833 902 1833 1835 1015 1533 1840 1608 852 1110 1373 1386 699 1853 841 1470 1477 1833 1242 1105 1828 359 1216 1541 1853 1873 1842 1692 1847 1875 1213 1829 1476 1869 1255 1872 1217 886 1874 1857 1848 894 1340 1481 871 1838 1845 1844
52 598 1024 1529 1500 556 484 360 1517 993 1537 520 1232 214 1522 911 935 1542 466 0 684 554 1514 1185 557 466 385 448 1512 495 1513 1514 608 1125 1520 1287 941 703 966 1066 292 1533 434 1075 1070 1513 835 698 1508 395 809 1134 1533 1552 1522 1285 1527 1555 918 1508 1069 1548 959 1551 902 479 1554 1537 1527 487 933 1074 960 1517 1524 1524
678 111 910 1416 1387 442 371 710 1404 880 1424 870 1119 578 1408 1208 1009 1429 1092 684 0 158 1400 1071 273 313 736 1073 1399 382 1399 1401 495 1012 1407 1174 1015 111 853 953 421 1419 784 962 957 1399 721 105 1394 1020 696 1020 1420 1439 1408 1172 1413 1442 992 1395 955 1435 1033 1438 975 231 1440 1423 1414 224 820 960 1034 1404 1411 1410
548 141 780 1286 1256 312 241 580 1273 750 1294 740 988 447 1278 1078 879 1298 961 554 158 0 1270 941 138 182 605 943 1269 252 1269 1271 364 882 1276 1044 885 177 722 822 291 1289 654 831 826 1269 591 172 1264 890 565 890 1289 1309 1278 1041 1283 1311 861 1264 825 1304 903 1308 845 95 1310 1293 1283 203 689 830 904 1274 1280 1280
1507 1314 525 207 178 1126 1186 1540 195 668 215 1699 638 1407 199 1394 1195 220 1834 1514 1400 1270 0 548 1273 1182 1565 1816 190 1066 190 192 1110 571 197 263 1201 1419 732 557 1250 210 1613 555 649 190 719 1414 54 1850 735 579 211 230 199 433 204 233 856 186 647 226 898 229 860 1195 231 214 60 1203 615 652 1220 51 57 201
1178 985 460 564 534 797 857 1211 551 430 571 1370 669 1078 556 1423 1224 576 1592 1185 1071 941 548 0 944 853 1236 1574 547 737 547 549 782 128 554 579 1230 1090 306 509 921 567 1284 512 209 547 390 1085 542 1521 406 136 567 586 556 208 561 589 885 542 207 582 926 585 829 866 588 571 561 874 370 212 1249 552 558 558
551 256 783 1289 1260 315 244 583 1277 753 1297 743 992 451 1281 1081 882 1302 965 557 273 138 1273 944 0 186 609 946 1272 255 1272 1274 368 885 1279 1047 888 292 726 826 294 1292 657 835 830 1272 594 287 1267 893 569 893 1293 1312 1281 1045 1286 1315 865 1268 828 1308 906 1311 848 99 1313 1296 1287 207 693 833 907 1277 1284 1283
460 226 692 1198 1169 224 153 492 1186 662 1206 652 901 359 1190 990 791 1210 873 466 313 182 1182 853 186 0 518 855 1181 164 1181 1183 276 794 1188 956 797 331 635 735 203 1201 566 744 739 1181 503 326 1176 802 478 802 1201 1221 1190 954 1195 1223 774 1177 737 1217 815 1220 757 108 1222 1205 1196 115 602 742 816 1186 1193 1192
379 650 1075 1581 1551 607 536 218 1568 1045 1589 325 1283 279 1573 1186 987 1593 793 385 736 605 1565 1236 609 518 0 775 1564 547 1564 1566 659 1177 1571 1339 993 755 1018 1118 343 1584 96 1126 1122 1564 886 749 1559 721 861 1185 1584 1604 1573 1337 1578 1606 969 1559 1120 1599 1011 1603 953 531 1605 1588 1578 538 984 1125 1012 1569 1576 1575
441 987 1413 1832 1803 945 873 749 1820 1382 1840 909 1534 603 1824 732 828 1844 44 448 1073 943 1816 1574 946 855 775 0 1815 884 1815 1817 997 1514 1822 1590 834 1092 1355 1368 681 1835 823 1451 1459 1815 1224 1087 1810 341 1198 1523 1835 1855 1824 1674 1829 1857 1195 1810 1458 1851 1236 1854 1199 868 1856 1839 1829 876 1322 1463 853 1820 1827 1826
1506 1313 524 73 80 1125 1185 1538 88 666 92 1698 637 1406 102 1393 1194 75 1833 1512 1399 1269 190 547 1272 1181 1564 1815 0 1064 92 94 1109 570 100 262 1200 1418 731 556 1249 78 1612 554 648 92 717 1413 184 1848 734 578 76 77 102 432 84 74 855 88 646 67 896 74 859 1194 76 68 203 1202 614 651 1219 194 201 87
489 296 576 1081 1052 100 168 521 1069 545 1089 681 784 389 1074 1019 820 1094 902 495 382 252 1066 737 255 164 547 884 1064 0 1065 1067 132 677 1072 840 826 401 518 618 232 1085 595 627 622 1065 387 396 1060 831 361 686 1085 1104 1074 837 1079 1107 779 1060 621 1100 821 1103 699 177 1106 1089 1079 185 485 626 845 1069 1076 1076
1506 1313 524 61 80 1125 1185 1539 75 666 79 1698 637 1406 102 1393 1194 63 1833 1513 1399 1269 190 547 1272 1181 1564 1815 92 1065 0 95 1109 570 95 262 1200 1418 731 556 1249 66 1612 554 648 90 718 1413 184 1849 734 578 64 65 102 432 72 61 855 88 646 54 897 62 859 1194 63 56 204 1202 614 651 1219 194 201 75
1508 1315 526 78 82 1127 1187 1540 92 668 96 1700 639 1408 104 1395 1196 79 1835 1514 1401 1271 192 549 1274 1183 1566 1817 94 1067 95 0 1111 572 102 264 1202 1420 733 558 1251 82 1614 556 650 95 719 1415 186 1850 736 580 80 81 104 434 88 78 857 90 648 71 899 78 861 1196 80 72 206 1204 616 653 1221 196 203 91
601 410 621 1126 1097 80 282 633 1114 590 1134 793 829 501 1118 1131 932 1139 1015 607 496 366 1110 782 369 278 659 996 1109 132 1109 1111 0 722 1117 884 938 515 563 663 344 1129 707 672 667 1109 432 510 1104 943 406 731 1130 1149 1118 882 1123 1152 824 1105 665 1145 865 1148 743 291 1151 1133 1124 299 530 670 957 1114 1121 1120
1119 926 401 587 558 738 798 1151 575 371 595 1311 610 1019 579 1364 1164 599 1533 1125 1012 882 571 128 885 794 1177 1514 570 677 570 572 722 0 577 602 1171 1031 247 450 862 590 1225 453 150 570 330 1026 565 1461 347 33 590 610 579 232 584 612 826 565 148 606 867 609 770 807 611 594 585 815 311 153 1189 575 582 581
1513 1320 531 76 87 1132 1192 1546 90 674 94 1706 644 1413 109 1401 1201 78 1840 1520 1407 1276 197 554 1279 1188 1571 1822 100 1072 95 102 1117 577 0 269 1207 1425 738 563 1257 81 1619 561 655 100 725 1420 191 1856 741 585 79 80 109 439 87 76 862 95 654 69 904 77 867 1201 78 71 211 1209 621 659 1226 201 208 90
1281 1088 299 279 250 900 960 1313 267 441 287 1473 412 1181 271 1168 969 292 1608 1287 1174 1044 263 579 1047 956 1339 1590 262 840 262 264 884 602 269 0 975 1193 506 331 1024 282 1387 329 610 262 492 1188 257 1623 509 610 282 302 271 464 276 304 630 258 608 298 672 301 634 969 303 286 277 977 389 613 994 267 274 273
924 918 806 1217 1188 875 804 956 1204 947 1225 1116 919 823 1209 413 111 1229 852 930 1004 874 1201 1230 877 786 982 834 1200 815 1200 1202 928 1171 1207 975 0 1023 1011 753 667 1220 1030 836 1115 1200 955 1018 1195 906 930 1179 1220 1240 1209 1330 1214 1242 580 1195 1114 1235 621 1239 584 799 1241 1224 1214 807 894 1119 58 1205 1212 1211
697 130 929 1435 1406 461 390 729 1423 899 1443 889 1138 596 1427 1227 1028 1447 1110 703 111 177 1419 1090 292 331 755 1092 1418 401 1418 1420 513 1031 1425 1193 1034 0 872 972 440 1438 803 981 976 1418 740 124 1413 1039 715 1039 1438 1458 1427 1191 1432 1460 1011 1414 974 1454 1052 1457 994 250 1459 1442 1433 243 839 979 1053 1423 1430 1429
960 767 242 748 718 579 639 992 735 212 756 1152 450 859 740 1205 1005 760 1373 966 853 722 732 306 726 635 1018 1355 731 518 731 733 563 247 738 506 1011 872 0 290 703 751 1066 293 192 731 171 866 726 1302 187 255 751 771 740 407 745 773 666 726 190 766 708 769 611 648 772 755 745 656 151 195 1030 736 742 742
1060 867 93 573 544 679 739 1092 561 226 581 1252 276 959 565 947 747 586 1386 1066 953 822 557 509 826 735 1118 1368 556 618 556 558 663 450 563 331 753 972 290 0 803 576 1166 145 395 556 248 966 551 1402 287 458 577 596 565 610 570 599 409 552 393 592 450 595 413 748 597 580 571 756 174 398 772 561 568 567
285 335 761 1266 1237 292 221 318 1254 730 1274 477 969 185 1258 871 672 1279 699 292 421 291 1250 921 294 203 343 681 1249 232 1249 1251 345 862 1257 1024 678 440 703 803 0 1269 391 812 807 1249 571 435 1244 628 546 870 1270 1289 1258 1022 1263 1292 655 1245 805 1285 696 1288 638 216 1290 1273 1264 224 670 810 697 1254 1261 1260
1526 1333 544 48 75 1145 1205 1559 62 686 66 1718 657 1426 113 1413 1214 49 1853 1533 1419 1289 210 567 1292 1201 1584 1835 78 1085 66 82 1129 590 81 282 1220 1438 751 576 1269 0 1632 574 668 76 738 1433 204 1869 754 598 50 51 119 452 58 48 875 80 666 41 917 48 879 1214 50 42 224 1222 634 671 1239 214 221 61
427 698 1123 1629 1600 655 584 170 1617 1093 1637 277 1332 327 1621 1234 1035 1642 841 434 784 654 1613 1284 657 566 96 823 1612 595 1612 1614 707 1225 1619 1387 1041 803 1066 1166 391 1632 0 1175 1170 1612 934 798 1607 770 909 1233 1633 1652 1621 1385 1626 1654 1017 1608 1168 1648 1059 1651 1001 579 1653 1636 1627 587 1033 1173 1060 1617 1624 1623
1069 876 96 571 542 688 747 1101 559 229 579 1261 273 968 563 1030 830 583 1470 1075 962 831 555 512 835 744 1126 1451 554 627 554 556 672 453 561 329 836 981 293 145 812 574 1175 0 397 554 280 975 549 1411 296 461 574 594 563 612 568 596 492 549 396 589 533 593 496 757 595 578 568 765 177 401 855 559 566 565
1064 871 346 665 636 683 743 1096 653 316 673 1256 554 963 657 1309 1109 677 1477 1070 957 826 649 209 830 739 1122 1459 648 622 648 650 667 150 655 610 1115 976 192 395 807 668 1170 397 0 648 275 970 643 1406 291 158 668 688 657 310 662 690 770 643 22 683 812 687 715 752 689 672 662 760 255 27 1134 653 660 659
1506 1313 524 71 80 1125 1185 1538 85 666 89 1698 637 1406 102 1393 1194 73 1833 1513 1399 1269 190 547 1272 1181 1564 1815 92 1065 90 95 1109 570 100 262 1200 1418 731 556 1249 76 1612 554 648 0 717 1413 184 1848 734 578 74 75 102 432 82 71 855 88 646 65 897 72 859 1194 73 66 204 1202 614 651 1219 194 201 85
828 635 229 734 705 447 507 861 722 198 742 1020 437 728 727 1129 930 747 1242 835 721 591 719 390 594 503 886 1224 717 387 718 719 432 330 725 492 936 740 171 248 571 738 934 280 275 717 0 735 713 1171 56 339 738 757 727 490 732 760 560 713 274 753 601 756 479 516 759 742 732 524 138 279 955 722 729 729
691 124 924 1430 1400 456 385 724 1417 894 1438 884 1132 591 1422 1222 1023 1442 1105 698 105 172 1414 1085 287 326 749 1087 1413 396 1413 1415 508 1026 1420 1188 1029 124 866 966 435 1433 798 975 970 1413 735 0 1408 1034 709 1034 1433 1452 1422 1185 1427 1455 1005 1408 969 1448 1047 1451 989 244 1454 1437 1427 238 833 974 1048 1418 1424 1424
1501 1308 519 201 172 1120 1180 1534 189 662 209 1693 632 1401 193 1388 1189 214 1828 1508 1394 1264 54 542 1267 1176 1559 1810 184 1060 184 186 1104 565 191 257 1195 1413 726 551 1244 204 1607 549 643 184 713 1408 0 1844 729 573 205 224 193 427 198 227 850 180 641 220 892 223 854 1189 225 208 67 1197 609 646 1214 58 64 195
388 934 1360 1865 1836 892 820 696 1853 1329 1873 856 1568 550 1858 804 900 1878 359 395 1020 890 1850 1521 893 802 721 341 1848 831 1849 1850 944 1461 1856 1623 906 1039 1302 1402 628 1869 770 1411 1406 1848 1171 1034 1844 0 1145 1470 1869 1888 1858 1621 1863 1891 1254 1844 1405 1884 1295 1887 1238 815 1890 1872 1863 823 1269 1410 925 1853 1860 1860
803 610 245 751 721 422 482 835 738 215 758 995 453 702 743 1104 904 763 1216 809 696 565 735 406 569 478 861 1198 734 361 734 736 406 347 741 509 910 715 187 287 546 754 909 296 291 734 56 709 729 1145 0 355 754 773 743 506 748 776 534 729 290 769 576 772 454 491 775 758 748 499 154 295 929 739 745 745
1127 934 410 595 566 746 806 1160 583 379 603 1320 618 1027 587 1372 1173 608 1541 1134 1020 890 579 136 893 802 1185 1523 578 686 578 580 731 33 585 610 1179 1039 255 458 870 598 1233 461 158 578 339 1034 573 1470 355 0 599 618 587 240 592 621 834 574 156 614 875 617 778 815 619 602 593 823 319 162 1198 583 590 589
1526 1333 544 45 72 1145 1205 1559 59 687 63 1719 657 1426 110 1414 1214 47 1853 1533 1420 1289 211 567 1293 1201 1584 1835 76 1085 64 80 1130 590 79 282 1220 1438 751 577 1270 50 1633 574 668 74 738 1433 205 1869 754 599 0 49 117 452 56 45 875 78 667 39 917 46 880 1214 47 40 224 1222 634 672 1239 214 221 59
1546 1353 564 46 73 1165 1225 1578 60 706 64 1738 677 1446 111 1433 1234 48 1873 1552 1439 1309 230 586 1312 1221 1604 1855 77 1104 65 81 1149 610 80 302 1240 1458 771 596 1289 51 1652 594 688 75 757 1452 224 1888 773 618 49 0 118 471 57 46 895 79 686 40 936 47 899 1234 48 41 243 1242 654 691 1259 234 240 60
1515 1322 533 114 89 1134 1194 1548 106 675 126 1707 646 1415 111 1402 1203 116 1842 1522 1408 1278 199 556 1281 1190 1573 1824 102 1074 102 104 1118 579 109 271 1209 1427 740 565 1258 119 1621 563 657 102 727 1422 193 1858 743 587 117 118 0 441 116 114 864 97 655 108 906 115 868 1203 116 109 213 1211 623 660 1228 203 210 113
1279 1086 561 449 419 898 958 1311 436 531 457 1471 769 1178 441 1524 1324 461 1692 1285 1172 1041 433 208 1045 954 1337 1674 432 837 432 434 882 232 439 464 1330 1191 407 610 1022 452 1385 612 310 432 490 1185 427 1621 506 240 452 471 441 0 446 474 985 427 308 467 1027 470 930 967 473 456 446 975 470 313 1349 437 443 443
1520 1327 538 53 81 1139 1199 1553 67 681 72 1712 651 1420 116 1407 1208 55 1847 1527 1413 1283 204 561 1286 1195 1578 1829 84 1079 72 88 1123 584 87 276 1214 1432 745 570 1263 58 1626 568 662 82 732 1427 198 1863 748 592 56 57 116 446 0 54 869 86 660 47 911 54 873 1208 55 48 218 1216 628 665 1233 208 215 67
1548 1355 566 43 70 1167 1227 1581 57 709 61 1741 679 1448 108 1436 1236 44 1875 1555 1442 1311 233 589 1315 1223 1606 1857 74 1107 61 78 1152 612 76 304 1242 1460 773 599 1292 48 1654 596 690 71 760 1455 227 1891 776 621 45 46 114 474 54 0 897 76 689 36 939 43 902 1236 45 38 246 1244 656 694 1261 236 243 56
973 967 462 872 843 846 853 1005 860 602 880 1165 575 873 864 773 574 885 1213 979 1053 923 856 885 926 835 1031 1195 855 785 855 857 830 826 862 630 580 1072 666 409 716 875 1079 492 770 855 589 1067 850 1266 563 834 875 895 864 985 869 897 0 851 769 891 122 894 135 848 896 879 870 856 550 774 599 860 867 866
1502 1309 519 76 76 1120 1180 1534 90 662 94 1694 633 1401 97 1389 1189 77 1829 1508 1395 1264 186 542 1268 1177 1559 1810 88 1060 88 90 1105 565 95 258 1195 1414 726 552 1245 80 1608 549 643 88 713 1408 180 1844 729 574 78 79 97 427 86 76 851 0 642 69 892 76 855 1190 78 71 199 1197 609 647 1214 189 196 89
1062 869 344 663 634 681 741 1095 651 314 671 1254 553 962 655 1307 1108 676 1476 1069 955 825 647 207 828 737 1120 1458 646 621 646 648 665 148 654 608 1114 974 190 393 805 666 1168 396 22 646 274 969 641 1405 290 156 667 686 655 308 660 689 769 642 0 682 810 685 713 750 687 670 661 758 254 26 1133 651 658 657
1542 1349 559 36 63 1161 1220 1574 50 702 54 1734 673 1441 101 1429 1229 37 1869 1548 1435 1304 226 582 1308 1217 1599 1851 67 1100 54 71 1145 606 69 298 1235 1454 766 592 1285 41 1648 589 683 65 753 1448 220 1884 769 614 39 40 108 467 47 36 891 69 682 0 932 36 895 1230 38 31 239 1238 650 687 1254 230 236 50
1014 1008 503 913 884 887 895 1047 901 644 921 1207 616 914 906 815 615 926 1255 1021 1095 964 898 926 968 877 1072 1236 896 827 897 899 872 867 904 672 621 1113 708 450 758 917 1120 533 812 897 630 1108 892 1308 605 875 917 936 906 1027 911 939 122 892 810 932 0 935 176 890 938 921 911 897 591 815 640 901 908 908
1545 1352 563 43 70 1164 1224 1577 57 705 61 1737 676 1445 108 1432 1233 44 1872 1551 1438 1308 229 585 1311 1220 1603 1854 74 1103 62 78 1148 609 77 301 1239 1457 769 595 1288 48 1651 593 687 72 756 1451 223 1887 772 617 46 47 115 470 54 43 894 76 685 36 935 0 898 1233 45 38 242 1241 653 690 1258 233 239 57
893 887 466 876 847 765 773 925 864 606 884 1085 579 792 868 777 578 889 1217 899 973 842 860 858 846 755 950 1199 859 705 859 861 750 799 867 634 584 992 640 413 636 879 999 496 744 859 508 986 854 1235 483 807 880 899 868 959 873 902 135 855 742 895 176 898 0 768 900 883 874 776 554 747 603 864 871 870
473 214 705 1211 1182 237 166 505 1199 675 1219 665 914 373 1203 1003 804 1224 886 479 231 95 1195 866 99 108 531 868 1194 177 1194 1196 289 807 1201 969 810 250 648 748 216 1214 579 757 752 1194 516 244 1189 815 491 815 1214 1234 1203 967 1208 1236 787 1190 750 1230 828 1233 770 0 1235 1218 1209 128 615 755 829 1199 1206 1205
1547 1354 565 45 72 1166 1226 1580 59 708 63 1739 678 1447 110 1434 1235 46 1874 1554 1440 1310 231 588 1313 1222 1605 1856 76 1106 63 80 1151 611 78 303 1241 1459 772 597 1290 50 1653 595 689 73 759 1454 225 1890 775 619 47 48 116 473 55 45 896 78 687 38 938 45 900 1235 0 40 245 1243 655 693 1260 235 242 58
1530 1337 548 38 65 1149 1209 1562 52 690 56 1722 661 1430 103 1417 1218 39 1857 1537 1423 1293 214 571 1296 1205 1588 1839 68 1089 56 72 1133 594 71 286 1224 1442 755 580 1273 42 1636 578 672 66 742 1437 208 1872 758 602 40 41 109 456 48 38 879 71 670 31 921 38 883 1218 40 0 228 1226 638 675 1243 218 225 51
1521 1328 538 220 191 1140 1199 1553 208 681 228 1713 652 1420 213 1408 1208 233 1848 1527 1414 1283 60 561 1287 1196 1578 1829 203 1079 204 206 1124 585 211 277 1214 1433 745 571 1264 224 1627 568 662 204 732 1427 67 1863 748 593 224 243 213 446 218 246 870 199 661 239 911 242 874 1209 245 228 0 1217 628 666 1233 64 71 215
481 138 713 1219 1190 245 174 513 1207 683 1227 673 922 380 1211 1011 812 1231 894 487 224 203 1203 874 207 115 538 876 1202 185 1202 1204 297 815 1209 977 818 243 656 756 224 1222 587 765 760 1202 524 238 1197 823 499 823 1222 1242 1211 975 1216 1244 795 1197 758 1238 836 1241 778 128 1243 1226 1217 0 622 763 837 1207 1214 1213
927 734 125 631 602 545 605 959 619 96 639 1119 333 826 623 1088 888 643 1340 933 820 689 615 370 693 602 984 1322 614 485 614 616 530 311 621 389 894 839 151 174 670 634 1033 177 255 614 138 833 609 1269 154 319 634 654 623 470 628 656 550 609 254 650 591 653 554 615 655 638 628 622 0 259 913 619 626 625
1067 874 349 668 639 686 746 1100 656 319 676 1259 558 967 660 1312 1113 681 1481 1074 960 830 652 212 833 742 1125 1463 651 626 651 653 670 153 659 613 1119 979 195 398 810 671 1173 401 27 651 279 974 646 1410 295 162 672 691 660 313 665 694 774 647 26 687 815 690 718 755 693 675 666 763 259 0 1138 656 663 662
943 937 825 1236 1206 894 823 975 1223 966 1244 1135 938 842 1228 432 130 1248 871 949 1023 893 1220 1249 896 805 1001 853 1219 834 1219 1221 947 1189 1226 994 58 1042 1030 772 686 1239 1049 855 1134 1219 974 1037 1214 925 949 1198 1239 1259 1228 1349 1233 1261 599 1214 1133 1254 640 1258 603 818 1260 1243 1233 826 913 1138 0 1224 1231 1230
1511 1318 529 211 182 1130 1190 1543 199 671 219 1703 642 1411 203 1398 1199 223 1838 1517 1404 1274 51 552 1277 1186 1569 1820 194 1069 194 196 1114 575 201 267 1205 1423 736 561 1254 214 1617 559 653 194 722 1418 58 1853 739 583 214 234 203 437 208 236 860 189 651 230 901 233 864 1199 235 218 64 1207 619 656 1224 0 61 205
1518 1325 536 218 188 1137 1197 1550 205 678 226 1710 649 1417 210 1405 1206 230 1845 1524 1411 1280 57 558 1284 1193 1576 1827 201 1076 201 203 1121 582 208 274 1212 1430 742 568 1261 221 1624 566 660 201 729 1424 64 1860 745 590 221 240 210 443 215 243 867 196 658 236 908 239 871 1206 242 225 71 1214 626 663 1231 61 0 212
1517 1324 535 56 83 1136 1196 1550 70 677 74 1709 648 1417 113 1404 1205 58 1844 1524 1410 1280 201 558 1283 1192 1575 1826 87 1076 75 91 1120 581 90 273 1211 1429 742 567 1260 61 1623 565 659 85 729 1424 195 1860 745 589 59 60 113 443 67 56 866 89 657 50 908 57 870 1205 58 51 215 1213 625 662 1230 205 212 0
EOF