NAME : tsp_problem
TYPE : TSP
DIMENSION : 62
EDGE_WEIGHT_TYPE : EXPLICIT
EDGE_WEIGHT_FORMAT : FULL_MATRIX
EDGE_WEIGHT_SECTION
0 76 53 762 1220 951 1349 1257 994 1228 578 1225 894 1679 90 581 1027 1799 551 941 51 1709 508 1565 498 1417 1288 525 63 539 81 1677 1333 1535 1418 581 49 1524 1270 66 514 1587 1180 1237 1750 1568 82 115 1447 760 779 1501 585 996 977 1555 664 74 1091 602 60 229
76 0 65 751 1209 940 1339 1246 983 1217 567 1215 883 1668 102 571 1016 1788 541 930 63 1698 497 1555 487 1407 1277 514 76 528 93 1667 1323 1524 1408 570 61 1513 1259 79 503 1576 1169 1226 1739 1557 94 109 1436 749 768 1490 574 985 966 1545 653 87 1080 592 72 218
53 65 0 753 1211 942 1340 1248 985 1219 569 1216 885 1670 79 572 1018 1790 542 931 40 1700 499 1556 488 1408 1279 516 52 530 69 1668 1324 1525 1409 572 37 1515 1261 55 504 1578 1171 1228 1741 1559 71 103 1438 751 770 1492 576 987 968 1546 655 63 1082 593 49 220
762 751 753 0 488 706 618 550 749 910 570 494 545 1361 738 273 782 1067 339 696 765 1091 500 834 490 686 556 272 750 327 721 946 602 803 687 262 771 793 952 747 506 1269 448 919 1018 1250 734 733 715 188 207 769 366 751 732 824 293 748 846 350 756 745
1220 1209 1211 488 0 711 245 383 754 807 1028 121 795 1171 1196 731 787 735 797 701 1223 758 958 501 948 313 224 730 1208 785 1179 613 269 470 354 720 1229 460 849 1205 964 1135 244 816 686 1061 1191 1191 343 646 665 437 824 756 737 491 751 1206 851 808 1214 1203
951 940 942 731 894 0 1024 535 87 506 1116 900 313 957 927 558 197 1247 528 34 954 987 1047 1053 1036 1092 775 502 939 516 910 1165 821 1022 906 556 960 1011 548 936 1052 865 983 515 1198 847 922 922 1122 734 753 988 912 166 70 1043 556 937 184 897 945 934
1349 1339 1340 618 245 840 0 513 883 936 1157 250 924 1300 1325 860 917 864 926 830 1352 888 1087 630 1077 261 353 859 1338 914 1308 743 399 600 483 849 1358 589 978 1335 1093 1265 374 945 815 1190 1321 1320 229 775 794 566 953 886 867 621 880 1335 980 938 1343 1332
1234 1223 1225 540 383 512 513 0 555 608 1079 389 596 1059 1210 783 589 775 811 502 1237 799 1010 541 999 581 264 782 1222 799 1193 654 310 511 394 771 1243 500 650 1219 1015 967 472 617 726 949 1206 1205 611 698 716 477 876 558 539 532 802 1220 652 860 1228 1217
994 983 985 774 937 87 1067 578 0 549 1159 943 356 1000 970 601 240 1290 571 77 997 1030 1090 1096 1079 1135 818 545 982 559 953 1208 864 1065 949 599 1003 1054 591 979 1095 908 1026 558 1241 890 965 965 1165 778 796 1031 956 209 113 1086 599 980 227 940 988 977
1228 1217 1219 929 796 506 925 437 549 0 1393 801 590 669 1204 835 583 959 805 496 1231 699 1324 954 1313 993 677 779 1216 793 1187 1066 722 923 807 833 1237 913 57 1213 1329 577 884 125 910 559 1200 1199 1023 1012 1030 890 1190 552 533 944 833 1214 646 1174 1222 1211
578 567 569 570 1028 1116 1157 1090 1159 1393 0 1033 1060 1844 553 653 1193 1607 719 1106 580 1630 178 1373 168 1225 1096 652 566 707 537 1485 1141 1342 1226 641 587 1332 1435 563 184 1752 987 1402 1558 1734 549 548 1255 471 481 1309 282 1162 1143 1363 726 563 1256 299 572 561
1225 1215 1216 494 121 716 250 389 760 812 1033 0 800 1177 1201 737 793 740 803 706 1228 764 964 507 953 318 229 735 1214 790 1185 619 275 476 360 725 1234 465 854 1211 969 1141 250 821 691 1066 1197 1196 348 651 670 442 829 762 743 497 756 1211 856 814 1219 1208
894 883 885 574 856 313 986 619 356 590 1060 862 0 1041 870 501 389 1248 471 303 897 1071 990 1014 980 1054 737 445 882 459 853 1126 782 984 867 499 903 973 632 880 996 949 883 599 1199 930 866 865 1083 678 697 950 856 358 339 1004 499 880 453 840 888 877
1679 1668 1670 1380 1171 957 1300 888 1000 669 1844 1177 1041 0 1654 1286 1033 700 1256 947 1681 440 1774 698 1764 1369 976 1229 1667 1243 1638 1165 931 747 906 1283 1688 867 711 1664 1780 374 1260 678 651 148 1650 1649 1398 1462 1481 989 1640 1002 983 1043 1283 1664 1097 1625 1673 1662
90 102 79 738 1196 927 1325 1233 970 1204 553 1201 870 1654 0 557 1003 1775 527 916 77 1684 484 1541 473 1393 1264 501 89 515 84 1653 1309 1510 1394 557 74 1500 1246 92 489 1562 1155 1213 1726 1544 97 96 1423 736 754 1477 561 972 953 1531 639 100 1067 578 86 205
581 571 572 273 731 558 860 793 601 835 653 737 501 1286 557 0 634 1310 159 548 584 1316 583 1077 573 928 799 92 570 146 541 1189 845 1046 929 92 591 1035 877 567 589 1194 691 844 1261 1175 553 552 958 271 290 1012 449 603 584 1067 175 567 698 434 575 565
1027 1016 1018 807 971 197 1100 612 240 583 1193 976 389 1033 1003 634 0 1323 604 186 1030 1063 1123 1129 1113 1168 851 578 1015 592 986 1241 897 1098 982 632 1036 1088 625 1013 1129 941 1059 592 1274 923 999 998 1198 811 830 1065 989 165 223 1119 632 1013 337 973 1021 1010
1799 1788 1790 1067 735 1103 864 775 1146 959 1607 740 1187 700 1775 1310 1179 0 1376 1093 1802 287 1537 262 1527 932 540 1309 1787 1364 1758 729 494 310 470 1299 1808 431 1001 1784 1543 664 823 968 103 589 1771 1770 962 1225 1244 552 1403 1148 1129 607 1330 1785 1243 1387 1793 1782
551 541 542 339 797 528 926 834 571 805 719 803 471 1256 527 159 604 1376 0 518 554 1286 649 1143 639 994 865 102 540 90 511 1255 911 1112 996 158 560 1101 847 537 655 1164 757 814 1327 1145 523 522 1024 337 356 1078 515 573 554 1133 241 537 668 500 545 534
941 930 931 720 884 34 1013 525 77 496 1106 889 303 947 916 548 186 1237 518 0 943 977 1036 1042 1026 1081 765 491 929 505 900 1154 810 1011 895 545 950 1001 538 926 1042 855 972 505 1188 836 912 911 1111 724 743 978 902 155 60 1032 545 926 172 887 935 924
51 63 40 765 1223 954 1352 1260 997 1231 580 1228 897 1681 77 584 1030 1802 554 943 0 1711 511 1568 500 1420 1291 528 50 542 67 1680 1336 1537 1421 584 36 1527 1273 53 516 1590 1182 1240 1753 1571 69 101 1450 763 781 1504 588 999 980 1558 666 61 1094 605 47 232
1709 1698 1700 1091 758 987 888 799 1030 699 1630 764 1071 440 1684 1316 1063 287 1286 977 1711 0 1561 286 1550 956 563 1259 1697 1273 1668 752 518 334 493 1313 1718 454 741 1694 1566 404 847 708 238 330 1680 1679 986 1248 1267 576 1426 1032 1013 630 1313 1694 1127 1411 1703 1692
508 497 499 500 958 1047 1087 1020 1090 1324 178 964 990 1774 484 583 1123 1537 649 1036 511 1561 0 1304 67 1156 1026 582 496 637 467 1416 1072 1273 1157 572 517 1262 1366 493 28 1683 918 1333 1488 1664 480 479 1185 401 411 1239 212 1092 1073 1294 657 494 1187 229 502 491
1565 1555 1556 834 501 869 630 541 912 958 1373 507 953 698 1541 1077 946 262 1143 859 1568 286 1304 0 1293 698 306 1075 1554 1130 1525 495 261 77 236 1065 1574 197 999 1551 1309 663 590 966 213 588 1537 1536 728 991 1010 319 1169 914 896 373 1096 1551 1009 1154 1559 1548
498 487 488 490 948 1036 1077 1010 1079 1313 168 953 980 1764 473 573 1113 1527 639 1026 500 1550 67 1293 0 1145 1016 572 486 626 457 1405 1061 1262 1146 561 507 1252 1355 483 73 1672 907 1322 1478 1654 469 468 1175 391 400 1229 202 1082 1063 1283 646 483 1176 219 492 481
1417 1407 1408 686 313 908 261 581 951 1004 1225 318 992 1369 1393 928 985 932 994 898 1420 956 1156 698 1145 0 421 927 1406 982 1376 811 467 668 551 917 1426 657 1046 1403 1161 1333 442 1013 883 1258 1389 1388 59 843 862 634 1021 954 935 689 948 1403 1048 1006 1411 1400
1288 1277 1279 556 224 592 353 264 635 688 1096 229 676 976 1264 799 668 540 865 581 1291 563 1026 306 1016 421 0 798 1276 853 1247 418 74 275 159 788 1297 265 730 1273 1032 940 312 697 491 865 1260 1259 451 714 733 242 892 637 618 296 819 1274 732 876 1282 1271
525 514 516 272 730 502 859 792 545 779 652 735 445 1229 501 92 578 1309 102 491 528 1259 582 1075 572 927 798 0 513 90 484 1188 844 1045 928 91 534 1034 821 510 588 1138 690 788 1260 1119 497 496 957 270 289 1011 448 547 528 1066 174 511 642 432 519 508
63 76 52 750 1208 939 1338 1245 982 1216 566 1214 882 1667 89 570 1015 1787 540 929 50 1697 496 1554 486 1406 1276 513 0 527 80 1666 1322 1523 1407 569 48 1513 1258 66 502 1575 1168 1225 1738 1556 81 108 1436 748 767 1489 574 984 966 1544 652 74 1079 591 59 217
539 528 530 327 785 516 914 822 559 793 707 790 459 1243 515 146 592 1364 90 505 542 1273 637 1130 626 982 853 90 527 0 498 1242 898 1099 983 146 548 1089 834 524 642 1151 744 801 1315 1133 511 510 1012 325 343 1066 503 561 542 1120 228 525 655 487 533 522
81 93 69 721 1179 910 1308 1216 953 1187 537 1185 853 1638 84 541 986 1758 511 900 67 1668 467 1525 457 1376 1247 484 80 498 0 1637 1293 1494 1378 540 65 1483 1229 83 473 1546 1139 1196 1709 1527 80 79 1406 719 738 1460 544 955 936 1515 623 91 1050 561 76 188
1677 1667 1668 946 613 981 743 654 1024 1077 1485 619 1065 1165 1653 1189 1058 729 1255 971 1680 752 1416 495 1405 811 418 1188 1666 1242 1637 0 373 464 277 1177 1687 454 1119 1663 1421 1130 702 1086 680 1055 1649 1648 840 1103 1122 195 1281 1027 1008 140 1208 1663 1121 1266 1671 1661
1333 1323 1324 602 269 637 399 310 680 733 1141 275 721 931 1309 845 714 494 911 627 1336 518 1072 261 1061 467 74 844 1322 898 1293 373 0 230 114 833 1343 219 775 1319 1077 895 358 742 445 820 1305 1304 496 759 778 196 937 682 664 251 864 1319 777 922 1327 1316
1535 1524 1525 803 470 838 600 511 881 934 1342 476 922 747 1510 1046 915 310 1112 828 1537 334 1273 77 1262 668 275 1045 1523 1099 1494 464 230 0 205 1034 1544 166 976 1520 1278 711 559 943 261 636 1506 1505 698 960 979 288 1138 884 865 342 1065 1520 978 1123 1529 1518
1418 1408 1409 687 354 722 483 394 765 818 1226 360 806 906 1394 929 799 470 996 712 1421 493 1157 236 1146 551 159 928 1407 983 1378 277 114 205 0 918 1427 195 860 1404 1162 870 443 827 421 796 1390 1389 581 844 863 101 1022 767 749 155 949 1404 862 1007 1412 1401
581 570 572 262 720 556 849 782 599 833 641 725 499 1283 557 92 632 1299 158 545 584 1313 572 1065 561 917 788 91 569 146 540 1177 833 1034 918 0 590 1024 875 566 577 1191 679 842 1250 1173 553 552 947 260 278 1001 438 601 582 1055 165 567 695 422 575 564
49 61 37 771 1229 960 1358 1266 1003 1237 587 1234 903 1688 74 591 1036 1808 560 950 36 1718 517 1574 507 1426 1297 534 48 548 65 1687 1343 1544 1427 590 0 1533 1279 51 523 1596 1189 1246 1759 1577 66 99 1456 769 788 1510 594 1005 986 1565 673 59 1100 611 44 238
1524 1513 1515 793 460 828 589 500 871 924 1332 465 912 867 1500 1035 904 431 1101 818 1527 454 1262 197 1252 657 265 1034 1513 1089 1483 454 219 166 195 1024 1533 0 966 1510 1268 831 548 933 382 757 1496 1495 687 950 969 278 1128 873 855 332 1055 1510 968 1113 1518 1507
1270 1259 1261 971 838 548 967 479 591 57 1435 843 632 711 1246 877 625 1001 847 538 1273 741 1366 996 1355 1035 719 821 1258 834 1229 1108 764 965 849 875 1279 955 0 1255 1371 619 926 167 952 601 1241 1240 1065 1053 1072 932 1231 593 575 986 874 1255 688 1216 1264 1253
66 79 55 747 1205 936 1335 1242 979 1213 563 1211 880 1664 92 567 1013 1784 537 926 53 1694 493 1551 483 1403 1273 510 66 524 83 1663 1319 1520 1404 566 51 1510 1255 0 499 1572 1165 1222 1735 1554 84 105 1433 745 764 1486 571 981 963 1541 649 76 1076 588 62 214
514 503 504 506 964 1052 1093 1026 1095 1329 184 969 996 1780 489 589 1129 1543 655 1042 516 1566 28 1309 73 1161 1032 588 502 642 473 1421 1077 1278 1162 577 523 1268 1371 499 0 1688 923 1338 1494 1670 485 484 1191 407 416 1245 218 1098 1079 1299 662 499 1192 235 508 497
1587 1576 1578 1288 1135 865 1265 796 908 577 1752 1141 949 374 1562 1194 941 664 1164 855 1590 404 1683 663 1672 1333 940 1138 1575 1151 1546 1130 895 711 870 1191 1596 831 619 1572 1688 0 1224 586 615 264 1558 1557 1363 1370 1389 953 1548 910 892 1007 1191 1572 1005 1533 1581 1570
1180 1169 1171 448 254 799 384 471 842 895 987 260 876 1259 1155 691 875 823 757 789 1182 846 918 589 907 452 312 690 1168 744 1139 701 357 558 442 679 1189 548 937 1165 923 1223 0 904 774 1149 1151 1150 481 606 624 525 784 844 825 579 710 1165 939 768 1174 1163
1237 1226 1228 938 805 515 934 446 558 125 1402 810 599 678 1213 844 592 968 814 505 1240 708 1333 963 1322 1002 686 788 1225 801 1196 1075 731 932 816 842 1246 922 167 1222 1338 586 893 0 919 568 1208 1207 1032 1020 1039 899 1198 560 542 953 841 1222 655 1183 1231 1220
1750 1739 1741 1018 686 1054 815 726 1097 910 1558 691 1138 651 1726 1261 1130 103 1327 1044 1753 238 1488 213 1478 883 491 1260 1738 1315 1709 680 445 261 421 1250 1759 382 952 1735 1494 615 774 919 0 541 1722 1721 913 1176 1195 503 1354 1099 1080 558 1281 1736 1194 1339 1744 1733
1568 1557 1559 1270 1061 847 1190 777 890 559 1734 1066 930 148 1544 1175 923 589 1145 836 1571 330 1664 588 1654 1258 865 1119 1556 1133 1527 1055 820 636 796 1173 1577 757 601 1554 1670 264 1149 568 541 0 1540 1539 1288 1352 1371 878 1530 892 873 933 1173 1554 986 1514 1562 1551
82 94 71 734 1191 922 1321 1229 965 1200 549 1197 866 1650 97 553 999 1771 523 912 69 1680 480 1537 469 1389 1260 497 81 511 80 1649 1305 1506 1390 553 66 1496 1241 84 485 1558 1151 1208 1722 1540 0 92 1419 731 750 1473 557 968 949 1527 635 92 1062 574 78 201
115 109 103 733 1191 922 1320 1228 965 1199 548 1196 865 1649 96 552 998 1770 522 911 101 1679 479 1536 468 1388 1259 496 108 510 79 1648 1304 1505 1389 552 99 1495 1240 105 484 1557 1150 1207 1721 1539 92 0 1418 731 749 1472 556 967 948 1526 634 106 1061 573 110 200
1447 1436 1438 715 343 938 229 611 981 1034 1255 348 1022 1398 1423 958 1015 962 1024 928 1450 986 1185 728 1175 59 451 957 1436 1012 1406 840 496 698 581 947 1456 687 1076 1433 1191 1363 471 1043 913 1288 1419 1418 0 873 892 664 1051 983 965 718 978 1433 1078 1036 1441 1430
760 749 751 188 646 734 775 708 778 1012 471 651 678 1462 736 271 811 1225 337 724 763 1248 401 991 391 843 714 270 748 325 719 1103 759 960 844 260 769 950 1053 745 407 1370 606 1020 1176 1352 731 731 873 0 130 927 267 780 761 981 344 746 874 252 754 743
779 768 770 207 665 753 794 727 796 1030 481 670 697 1481 754 290 830 1244 356 743 781 1267 411 1010 400 862 733 289 767 343 738 1122 778 979 863 278 788 969 1072 764 416 1389 624 1039 1195 1371 750 749 892 130 0 946 277 798 780 1000 363 764 893 261 773 762
1501 1490 1492 769 437 805 566 477 848 901 1309 442 889 989 1477 1012 881 552 1078 795 1504 576 1239 319 1229 634 242 1011 1489 1066 1460 195 196 288 101 1001 1510 278 943 1486 1245 953 525 910 503 878 1473 1472 664 927 946 0 1105 850 831 73 1032 1487 945 1089 1495 1484
585 574 576 366 824 912 953 886 956 1190 282 829 856 1640 561 449 989 1403 515 902 588 1426 212 1169 202 1021 892 448 574 503 544 1281 937 1138 1022 438 594 1128 1231 571 218 1548 784 1198 1354 1530 557 556 1051 267 277 1105 0 958 939 1159 522 571 1052 92 579 568
996 985 987 776 939 166 1069 581 209 552 1162 945 358 1002 972 603 165 1292 573 155 999 1032 1092 1098 1082 1137 820 547 984 561 955 1210 866 1067 951 601 1005 1057 593 981 1098 910 1028 560 1243 892 968 967 1167 780 798 1033 958 0 192 1088 601 982 306 942 990 979
977 966 968 757 921 70 1050 562 113 533 1143 926 339 983 953 584 223 1273 554 60 980 1013 1073 1079 1063 1118 802 528 966 542 936 1191 847 1048 932 582 986 1038 575 963 1079 892 1009 542 1224 873 949 948 1148 761 780 1015 939 192 0 1069 582 963 210 923 971 960
1555 1545 1546 824 491 859 621 532 902 955 1363 497 943 1043 1531 1067 936 607 1133 849 1558 630 1294 373 1283 689 296 1066 1544 1120 1515 140 251 342 155 1055 1565 332 997 1541 1299 1007 580 964 558 933 1527 1526 718 981 1000 73 1159 904 886 0 1086 1541 999 1144 1549 1538
664 653 655 293 751 556 880 813 599 833 726 756 499 1283 639 175 632 1330 241 545 666 1313 657 1096 646 948 819 174 652 228 623 1208 864 1065 949 165 673 1055 874 649 662 1191 710 841 1281 1173 635 634 978 344 363 1032 522 601 582 1086 0 649 695 507 658 647
74 87 63 748 1206 937 1335 1243 980 1214 563 1211 880 1664 100 567 1013 1785 537 926 61 1694 494 1551 483 1403 1274 511 74 525 91 1663 1319 1520 1404 567 59 1510 1255 76 499 1572 1165 1222 1736 1554 92 106 1433 746 764 1487 571 982 963 1541 649 0 1076 588 70 215
1091 1080 1082 871 1034 184 1164 675 227 646 1256 1040 453 1097 1067 698 337 1387 668 172 1094 1127 1187 1192 1176 1232 915 642 1079 655 1050 1305 961 1162 1045 695 1100 1151 688 1076 1192 1005 1123 655 1338 986 1062 1061 1261 874 893 1128 1052 306 210 1183 695 1076 0 1037 1085 1074
602 592 593 350 808 897 938 870 940 1174 299 814 840 1625 578 434 973 1387 500 887 605 1411 229 1154 219 1006 876 432 591 487 561 1266 922 1123 1007 422 611 1113 1216 588 235 1533 768 1183 1339 1514 574 573 1036 252 261 1089 92 942 923 1144 507 588 1037 0 596 585
60 72 49 756 1214 945 1343 1251 988 1222 572 1219 888 1673 86 575 1021 1793 545 935 47 1703 502 1559 492 1411 1282 519 59 533 76 1671 1327 1529 1412 575 44 1518 1264 62 508 1581 1174 1231 1744 1562 78 110 1441 754 773 1495 579 990 971 1549 658 70 1085 596 0 223
229 218 220 745 1203 934 1332 1240 977 1211 561 1208 877 1662 205 565 1010 1782 534 924 232 1692 491 1548 481 1400 1271 508 217 522 188 1661 1316 1518 1401 564 238 1507 1253 214 497 1570 1163 1220 1733 1551 201 200 1430 743 762 1484 568 979 960 1538 647 215 1074 585 223 0
EOF