NAME : tsp_problem
TYPE : TSP
DIMENSION : 88
EDGE_WEIGHT_TYPE : EXPLICIT
EDGE_WEIGHT_FORMAT : FULL_MATRIX
EDGE_WEIGHT_SECTION
0 87 1146 58 88 653 56 190 1621 74 75 56 1664 1400 321 1331 64 1252 976 766 658 936 1447 1891 1553 84 1168 1489 652 1886 1151 1037 570 841 204 72 1515 1413 1646 55 47 1233 599 90 59 1597 56 69 67 60 93 546 714 356 1839 87 1343 75 64 1442 79 1257 60 1223 196 1359 903 338 1379 199 466 220 1520 1366 1881 555 69 1612 1755 456 1083 1134 62 780 189 1276 78 55
87 0 1151 77 103 658 75 195 1626 93 94 75 1670 1405 326 1336 83 1257 981 772 663 941 1452 1896 1559 89 1174 1494 657 1891 1156 1042 576 846 209 91 1520 1418 1651 74 66 1238 604 109 78 1602 75 88 86 79 106 551 719 361 1844 106 1349 94 83 1447 98 1262 79 1228 202 1364 908 343 1384 204 471 225 1525 1372 1886 560 88 1617 1760 461 1088 1139 81 786 195 1281 97 74
1146 1151 0 1160 1140 1054 1176 1135 973 1148 1147 1180 1016 752 864 870 1170 791 931 898 1059 454 799 845 888 1095 707 841 1010 840 832 556 787 500 1149 1159 867 764 599 1181 1171 107 815 1215 1165 949 1179 1145 1145 1150 1143 677 1001 829 793 1145 695 1143 1158 794 1159 535 1164 762 1141 898 562 1242 918 1144 1245 1165 872 718 834 686 1147 964 709 1235 723 687 1148 912 1134 815 1136 1157
58 77 1160 0 78 667 46 205 1635 64 65 46 1679 1414 335 1345 54 1267 990 781 672 950 1461 1905 1568 98 1183 1503 666 1900 1165 1051 585 855 218 62 1529 1427 1660 45 37 1247 613 80 49 1611 46 59 57 50 83 560 728 370 1853 77 1358 65 54 1456 69 1271 50 1237 211 1373 917 353 1393 213 480 234 1534 1381 1895 569 59 1626 1769 471 1097 1148 52 795 204 1290 68 45
88 103 1140 78 0 646 77 184 1614 95 96 77 1658 1393 314 1324 85 1246 969 760 651 929 1440 1884 1547 77 1162 1482 645 1880 1144 1031 564 834 197 92 1508 1406 1639 75 68 1227 592 110 79 1590 76 90 88 81 95 540 708 349 1833 97 1337 95 84 1435 100 1250 81 1216 190 1352 896 332 1372 192 459 213 1514 1360 1874 548 89 1605 1749 450 1076 1128 82 774 183 1269 88 76
653 658 1054 667 646 0 683 642 1171 654 653 687 1215 950 557 881 676 802 526 386 26 844 997 1528 1104 601 719 1039 91 1523 701 945 480 749 655 665 1065 963 1554 688 677 1141 509 721 672 1147 685 651 652 656 649 395 153 522 1476 651 894 649 665 992 665 807 671 773 648 909 811 399 929 650 283 671 1070 917 1518 389 654 1162 1663 273 633 684 655 339 641 826 642 663
56 75 1176 46 77 683 0 220 1651 63 64 45 1694 1430 350 1360 53 1282 1006 796 688 965 1477 1921 1583 114 1198 1519 681 1916 1181 1067 600 871 234 60 1545 1442 1676 43 36 1263 629 78 47 1627 44 58 56 49 82 576 744 385 1869 76 1373 64 52 1472 68 1287 49 1252 226 1388 933 368 1409 229 496 250 1550 1396 1911 584 57 1642 1785 486 1113 1164 50 810 219 1305 67 44
190 195 1135 205 184 642 220 0 1610 192 191 224 1653 1389 310 1320 214 1241 965 755 647 925 1436 1880 1542 139 1157 1478 641 1875 1140 1026 559 830 61 203 1504 1402 1635 225 215 1222 588 259 209 1586 223 189 189 194 187 535 703 345 1828 189 1332 187 202 1431 203 1246 208 1212 56 1348 892 327 1368 56 455 77 1509 1355 1870 544 191 1601 1744 445 1072 1123 193 769 54 1265 180 201
1621 1626 984 1635 1614 1171 1651 1610 0 1623 1621 1655 582 372 1339 712 1644 633 774 1049 1176 954 220 620 196 1569 550 407 1127 615 675 1056 1261 1000 1623 1633 433 342 845 1656 1645 1070 1290 1689 1640 514 1653 1619 1620 1624 1617 1170 1118 1303 568 1619 406 1617 1633 360 1633 463 1639 604 1616 740 1062 1478 760 1618 1362 1639 438 429 610 1165 1622 65 954 1352 566 530 1623 1002 1609 657 1610 1632
74 93 1148 64 95 654 63 192 1623 0 82 63 1666 1402 322 1332 71 1254 978 768 660 937 1449 1893 1555 86 1170 1491 653 1888 1153 1039 572 843 206 78 1517 1414 1648 61 54 1235 601 96 65 1599 62 76 73 67 100 548 716 357 1841 93 1345 82 70 1444 86 1259 66 1224 198 1360 904 340 1381 201 468 222 1522 1368 1883 556 75 1614 1757 458 1085 1136 68 782 191 1277 84 61
75 94 1147 65 96 653 64 191 1621 82 0 64 1665 1400 321 1331 72 1253 976 767 658 936 1447 1891 1554 84 1169 1489 652 1887 1151 1038 571 841 204 79 1515 1413 1646 63 55 1234 599 97 66 1597 63 77 75 68 101 547 715 356 1840 95 1344 83 71 1442 87 1257 68 1223 197 1359 903 339 1379 199 466 220 1521 1367 1881 555 76 1612 1756 457 1083 1135 69 781 190 1276 86 63
56 75 1180 46 77 687 45 224 1655 63 64 0 1698 1434 354 1364 53 1286 1010 800 692 970 1481 1925 1587 118 1202 1523 685 1920 1185 1071 604 875 238 60 1549 1446 1680 44 36 1267 633 78 47 1631 44 58 56 49 82 580 748 390 1873 76 1377 64 52 1476 68 1291 49 1257 230 1393 937 372 1413 233 500 254 1554 1400 1915 588 57 1646 1789 490 1117 1168 50 814 223 1309 67 44
1664 1670 1027 1679 1658 1215 1694 1653 582 1666 1665 1698 0 416 1382 755 1688 677 817 1093 1220 998 408 939 515 1613 593 206 1170 934 718 1099 1305 1043 1667 1677 298 386 1164 1700 1689 1114 1334 1733 1684 240 1697 1663 1663 1668 1661 1214 1162 1347 887 1663 450 1661 1676 250 1677 507 1682 647 1660 783 1105 1521 804 1662 1405 1683 163 473 929 1208 1666 573 1273 1396 609 573 1667 1045 1653 700 1654 1675
1400 1405 763 1414 1393 950 1430 1389 372 1402 1400 1434 416 0 1118 491 1423 413 553 828 955 733 199 729 305 1349 329 241 906 724 454 835 1041 779 1402 1412 267 48 954 1435 1425 850 1069 1468 1419 348 1432 1398 1399 1403 1396 949 897 1083 677 1399 71 1396 1412 194 1413 242 1418 383 1395 519 841 1257 539 1397 1141 1419 272 81 719 944 1401 363 1064 1131 345 309 1402 781 1388 436 1390 1411
321 326 864 335 314 557 350 310 1339 322 321 354 1382 1118 0 1048 344 970 694 484 562 653 1165 1609 1271 269 886 1207 513 1604 869 755 288 559 323 333 1233 1130 1364 356 345 951 317 389 340 1315 353 319 320 324 317 264 505 73 1557 319 1061 317 333 1160 333 975 338 940 316 1076 621 417 1097 318 544 339 1238 1084 1599 272 322 1330 1473 535 801 852 323 498 309 993 310 331
1331 1336 881 1345 1324 881 1360 1320 712 1332 1331 1364 755 491 1048 0 1354 152 483 759 886 851 538 1069 644 1279 219 580 836 1064 385 953 971 897 1333 1343 606 504 1294 1366 1355 967 1000 1399 1350 688 1363 1329 1329 1334 1327 880 828 1013 1017 1329 434 1327 1343 533 1343 360 1348 273 1326 328 959 1188 348 1328 1071 1349 611 457 1059 874 1332 703 1403 1062 275 239 1333 712 1319 242 1320 1341
64 83 1170 54 85 676 53 214 1644 71 72 53 1688 1423 344 1354 0 1276 1000 790 681 959 1471 1915 1577 107 1192 1513 675 1910 1175 1061 594 864 227 68 1539 1436 1669 52 44 1257 623 86 55 1620 52 66 64 57 90 570 738 379 1863 84 1367 72 60 1466 76 1281 57 1246 220 1382 926 362 1402 223 490 244 1544 1390 1905 578 65 1635 1779 480 1107 1158 58 804 213 1299 75 52
1252 1257 802 1267 1246 802 1282 1241 633 1254 1253 1286 677 413 970 152 1276 0 405 681 808 773 460 990 566 1201 107 502 758 986 306 874 893 818 1255 1265 528 425 1215 1287 1277 889 922 1321 1271 610 1285 1251 1251 1256 1249 802 750 935 939 1251 356 1249 1264 455 1265 282 1270 195 1247 198 880 1109 218 1250 993 1271 533 379 980 796 1253 625 1325 983 197 161 1255 633 1240 113 1242 1263
976 981 942 990 969 526 1006 965 774 978 976 1010 817 553 694 483 1000 405 0 404 531 863 600 1131 706 925 321 642 482 1126 304 965 617 664 979 989 668 565 1355 1011 1001 1029 645 1045 995 750 1009 975 975 980 973 526 474 659 1079 975 496 972 988 595 989 422 994 376 971 512 726 833 532 974 717 995 673 519 1120 520 977 765 1465 707 236 287 978 357 964 428 966 987
766 772 898 781 760 386 796 755 1049 768 767 800 1093 828 484 759 790 681 404 0 391 688 875 1406 982 715 597 917 342 1401 579 789 407 593 769 779 943 841 1398 802 791 985 436 835 786 1025 799 765 765 770 763 239 333 449 1354 765 772 763 779 870 779 685 784 651 762 787 655 693 807 764 577 785 948 795 1396 234 768 1040 1507 567 511 562 769 85 755 704 756 777
658 663 1059 672 651 26 688 647 1176 660 658 692 1220 955 562 886 681 808 531 391 0 849 1002 1533 1109 607 724 1044 96 1528 706 950 485 754 660 670 1070 968 1559 693 682 1146 514 726 677 1152 690 656 657 661 654 400 158 527 1481 657 899 654 670 997 670 812 676 778 653 914 816 404 934 655 288 677 1076 922 1523 395 659 1167 1668 278 638 689 660 344 646 831 647 669
936 941 454 950 929 844 965 925 1137 937 936 970 1181 917 653 1034 959 956 870 688 849 0 964 1199 1070 884 872 1006 799 1194 997 123 576 289 938 948 1032 929 954 971 960 541 605 1004 955 1113 968 934 935 939 932 467 791 618 1147 934 860 932 948 959 948 700 954 926 931 1062 351 1032 1083 933 1034 954 1037 883 1189 475 937 1128 1063 1024 888 852 938 702 924 979 925 946
1447 1452 810 1461 1440 997 1477 1436 220 1449 1447 1481 408 199 1165 538 1471 460 600 875 1002 780 0 577 152 1396 376 233 953 572 501 882 1088 826 1450 1459 259 168 802 1482 1472 897 1116 1515 1466 341 1480 1445 1446 1451 1444 996 945 1130 525 1446 232 1443 1459 186 1460 289 1465 430 1442 566 888 1304 586 1445 1188 1466 264 255 567 991 1448 211 911 1178 392 356 1449 828 1435 483 1437 1458
1891 1896 845 1905 1884 1528 1921 1880 620 1893 1891 1925 939 729 1609 1069 1915 990 1131 1406 1533 1199 577 0 453 1840 907 764 1484 87 1032 1300 1532 1245 1894 1904 790 699 634 1926 1916 932 1560 1960 1910 871 1924 1890 1890 1895 1888 1422 1475 1574 110 1890 763 1887 1903 717 1904 820 1909 961 1886 1097 1306 1835 1117 1889 1719 1910 795 786 82 1431 1892 587 744 1709 923 887 1893 1359 1879 1014 1881 1902
1553 1559 888 1568 1547 1104 1583 1542 196 1555 1554 1587 515 305 1271 644 1577 566 706 982 1109 887 152 453 0 1502 482 339 1059 448 607 988 1194 932 1556 1566 365 275 677 1589 1578 975 1223 1622 1573 447 1586 1552 1552 1557 1550 1103 1051 1236 401 1552 339 1550 1566 292 1566 396 1571 537 1549 673 994 1411 693 1551 1294 1572 370 362 442 1097 1555 163 787 1285 498 462 1556 935 1542 589 1543 1564
84 89 1095 98 77 601 114 139 1569 86 84 118 1613 1349 269 1279 107 1201 925 715 607 884 1396 1840 1502 0 1117 1438 600 1835 1100 986 519 790 153 96 1464 1361 1594 119 108 1182 548 152 103 1546 116 82 83 87 80 495 663 304 1788 82 1292 80 96 1391 96 1206 102 1171 145 1307 851 287 1328 148 415 169 1469 1315 1830 503 85 1560 1704 405 1032 1083 86 729 138 1224 73 95
1168 1174 718 1183 1162 719 1198 1157 550 1170 1169 1202 593 329 886 219 1192 107 321 597 724 689 376 907 482 1117 0 418 674 902 222 790 809 734 1171 1181 444 341 1131 1204 1193 805 838 1237 1187 526 1201 1167 1167 1172 1165 718 666 851 855 1167 272 1165 1180 371 1181 198 1186 111 1164 215 796 1025 235 1166 909 1187 449 295 896 712 1170 541 1241 899 113 77 1171 549 1156 130 1158 1179
1489 1494 852 1503 1482 1039 1519 1478 407 1491 1489 1523 206 241 1207 580 1513 502 642 917 1044 822 233 764 339 1438 418 0 995 759 543 924 1130 868 1492 1502 111 210 989 1524 1514 939 1158 1558 1508 126 1522 1488 1488 1493 1486 1039 987 1172 712 1488 274 1485 1501 75 1502 331 1507 472 1484 608 930 1346 628 1487 1230 1508 107 297 754 1033 1490 398 1098 1220 434 398 1491 870 1477 525 1479 1500
652 657 1010 666 645 91 681 641 1127 653 652 685 1170 906 513 836 675 758 482 342 96 799 953 1484 1059 600 674 995 0 1479 657 901 436 704 654 664 1021 918 1509 687 676 1097 464 720 671 1103 684 650 650 655 648 351 109 478 1432 650 849 648 664 948 664 763 669 728 647 864 766 398 885 649 281 670 1026 872 1473 345 653 1118 1619 272 589 640 654 294 640 781 641 662
1886 1891 840 1900 1880 1523 1916 1875 615 1888 1887 1920 934 724 1604 1064 1910 986 1126 1401 1528 1194 572 87 448 1835 902 759 1479 0 1027 1296 1527 1240 1889 1899 785 694 629 1921 1911 927 1555 1955 1905 867 1919 1885 1885 1890 1883 1417 1470 1569 105 1885 758 1883 1898 712 1899 815 1904 956 1881 1092 1302 1830 1112 1884 1714 1905 790 781 29 1426 1887 582 739 1704 918 882 1888 1354 1874 1009 1876 1897
1151 1156 843 1165 1144 701 1181 1140 674 1153 1151 1185 718 453 869 394 1175 316 304 579 706 814 500 1031 607 1100 232 543 657 1026 0 915 792 839 1154 1163 568 466 1256 1186 1176 930 820 1220 1170 650 1184 1149 1150 1155 1148 700 649 834 979 1150 397 1147 1163 495 1164 323 1169 286 1146 422 901 1008 442 1149 892 1170 574 420 1021 695 1152 665 1365 882 146 197 1153 532 1139 339 1141 1162
1037 1042 556 1051 1031 945 1067 1026 1239 1039 1038 1071 1283 1018 755 1136 1061 1058 971 789 950 123 1065 1300 1172 986 974 1107 901 1296 1099 0 678 391 1040 1050 1133 1031 1055 1072 1062 643 706 1106 1056 1215 1070 1036 1036 1041 1034 568 892 720 1249 1036 962 1034 1049 1060 1050 802 1055 1028 1032 1164 453 1133 1184 1035 1136 1056 1138 985 1290 577 1038 1230 1165 1126 990 954 1039 803 1025 1081 1027 1048
570 576 787 585 564 480 600 559 1261 572 571 604 1305 1041 288 971 594 893 617 407 485 576 1088 1532 1194 519 809 1130 436 1527 792 678 0 482 573 583 1156 1053 1286 606 595 874 119 639 589 1238 603 569 569 574 567 187 428 253 1480 569 984 567 582 1083 583 898 588 863 566 999 543 666 1020 568 671 589 1161 1007 1522 195 572 1252 1396 661 724 775 573 421 558 916 560 581
841 846 500 855 834 749 871 830 1061 843 841 875 1105 840 559 958 864 880 670 593 754 289 887 1245 994 790 796 929 704 1240 845 391 482 0 843 853 955 853 999 876 865 587 510 909 860 1037 873 839 840 844 837 372 696 523 1193 840 784 837 853 882 853 624 859 850 836 986 142 937 1006 838 939 860 960 807 1234 380 842 1052 1109 930 777 776 843 607 829 903 830 852
204 209 1149 218 197 655 234 61 1623 206 204 238 1667 1402 323 1333 227 1255 979 769 660 938 1450 1894 1556 153 1171 1492 654 1889 1154 1040 573 843 0 216 1518 1415 1648 239 229 1236 602 272 223 1599 236 202 203 208 200 549 717 358 1842 203 1346 200 216 1445 217 1260 222 1225 70 1361 905 341 1381 57 469 78 1523 1369 1884 557 205 1614 1758 459 1086 1137 206 783 67 1278 194 215
72 91 1159 62 92 665 60 203 1633 78 79 60 1677 1412 333 1343 68 1265 989 779 670 948 1459 1904 1566 96 1181 1502 664 1899 1163 1050 583 853 216 0 1527 1425 1658 59 51 1246 611 93 63 1609 59 73 71 64 97 559 727 368 1852 91 1356 79 68 1454 83 1270 64 1235 209 1371 915 351 1391 211 479 232 1533 1379 1893 567 72 1624 1768 469 1095 1147 66 793 202 1288 82 59
1515 1520 878 1529 1508 1065 1545 1504 433 1517 1515 1549 298 267 1233 606 1539 528 668 943 1070 848 259 790 365 1464 444 111 1021 785 569 950 1156 894 1518 1527 0 236 1014 1550 1540 965 1184 1583 1534 166 1548 1513 1514 1519 1511 1064 1012 1198 738 1514 300 1511 1527 100 1528 357 1533 498 1510 634 956 1372 654 1513 1256 1534 157 323 779 1059 1516 424 1124 1246 460 424 1517 896 1503 551 1505 1526
1413 1418 775 1427 1406 963 1442 1402 342 1414 1413 1446 386 48 1130 504 1436 425 565 841 968 746 168 699 275 1361 341 210 918 694 467 847 1053 791 1415 1425 236 0 924 1448 1437 862 1082 1481 1432 318 1445 1411 1411 1416 1409 962 910 1095 647 1411 108 1409 1425 163 1425 255 1430 396 1408 532 853 1270 552 1410 1153 1431 241 118 689 956 1414 333 1033 1144 357 321 1415 794 1401 449 1402 1423
1646 1651 599 1660 1639 1554 1676 1635 845 1648 1646 1680 1164 954 1364 1294 1669 1215 1355 1398 1559 954 802 634 677 1594 1131 989 1509 629 1257 1055 1286 999 1648 1658 1014 924 0 1681 1670 686 1315 1714 1665 1096 1678 1644 1645 1649 1642 1177 1501 1328 582 1644 988 1642 1658 941 1658 1035 1664 1186 1641 1322 1061 1742 1342 1643 1744 1664 1020 1011 624 1185 1647 812 347 1735 1147 1111 1648 1412 1634 1239 1635 1657
55 74 1181 45 75 688 43 225 1656 61 63 44 1700 1435 356 1366 52 1287 1011 802 693 971 1482 1926 1589 119 1204 1524 687 1921 1186 1072 606 876 239 59 1550 1448 1681 0 35 1268 634 77 46 1632 43 56 54 47 80 581 749 391 1874 74 1379 62 51 1477 66 1292 47 1258 232 1394 938 373 1414 234 501 255 1555 1402 1916 590 56 1647 1790 491 1118 1169 49 816 225 1311 65 42
47 66 1171 37 68 677 36 215 1645 54 55 36 1689 1425 345 1355 44 1277 1001 791 682 960 1472 1916 1578 108 1193 1514 676 1911 1176 1062 595 865 229 51 1540 1437 1670 35 0 1258 624 69 38 1621 35 49 47 40 73 571 739 380 1864 67 1368 55 44 1467 59 1282 40 1247 221 1383 927 363 1404 224 491 245 1545 1391 1906 579 48 1636 1780 481 1108 1159 42 805 214 1300 58 35
1233 1238 107 1247 1227 1141 1263 1222 1059 1235 1234 1267 1103 839 951 956 1257 878 1018 985 1146 541 886 932 975 1182 794 928 1097 927 919 643 874 587 1236 1246 954 851 686 1268 1258 0 902 1302 1252 1036 1266 1232 1232 1237 1230 764 1088 916 880 1232 782 1230 1245 881 1246 622 1251 849 1228 985 648 1329 1005 1231 1332 1252 959 805 921 773 1234 1050 796 1322 810 774 1235 999 1221 901 1223 1244
599 604 815 613 592 509 629 588 1290 601 599 633 1334 1069 317 1000 623 922 645 436 514 605 1116 1560 1223 548 838 1158 464 1555 820 706 119 510 602 611 1184 1082 1315 634 624 902 0 667 618 1266 632 597 598 603 595 215 456 282 1508 598 1013 595 611 1111 612 926 617 892 594 1028 572 695 1048 597 700 618 1189 1036 1550 224 600 1281 1424 690 752 803 601 450 587 945 589 610
90 109 1215 80 110 721 78 259 1689 96 97 78 1733 1468 389 1399 86 1321 1045 835 726 1004 1515 1960 1622 152 1237 1558 720 1955 1220 1106 639 909 272 93 1583 1481 1714 77 69 1302 667 0 81 1665 77 91 89 82 115 615 783 424 1908 109 1412 97 86 1510 101 1326 82 1291 265 1427 971 407 1447 267 535 288 1589 1435 1949 623 90 1680 1824 525 1151 1203 84 849 258 1344 100 77
59 78 1165 49 79 672 47 209 1640 65 66 47 1684 1419 340 1350 55 1271 995 786 677 955 1466 1910 1573 103 1187 1508 671 1905 1170 1056 589 860 223 63 1534 1432 1665 46 38 1252 618 81 0 1616 47 60 58 51 84 565 733 375 1858 78 1363 66 55 1461 70 1276 51 1242 216 1378 922 357 1398 218 485 239 1539 1386 1900 574 60 1631 1774 475 1102 1153 53 800 209 1295 69 46
1597 1602 960 1611 1590 1147 1627 1586 514 1599 1597 1631 240 348 1315 688 1620 610 750 1025 1152 930 341 871 447 1546 526 126 1103 867 651 1032 1238 976 1599 1609 166 318 1096 1632 1621 1047 1266 1665 1616 0 1629 1595 1596 1600 1593 1146 1094 1279 820 1596 382 1593 1609 182 1609 439 1615 580 1592 716 1038 1454 736 1594 1338 1615 141 405 861 1141 1598 506 1206 1328 542 506 1599 978 1585 633 1586 1608
56 75 1179 46 76 685 44 223 1653 62 63 44 1697 1432 353 1363 52 1285 1009 799 690 968 1480 1924 1586 116 1201 1522 684 1919 1184 1070 603 873 236 59 1548 1445 1678 43 35 1266 632 77 47 1629 0 57 55 48 81 579 747 388 1872 75 1376 63 52 1475 67 1290 48 1255 229 1391 935 371 1411 232 499 253 1553 1399 1914 587 56 1644 1788 489 1116 1167 50 813 222 1308 66 43
69 88 1145 59 90 651 58 189 1619 76 77 58 1663 1398 319 1329 66 1251 975 765 656 934 1445 1890 1552 82 1167 1488 650 1885 1149 1036 569 839 202 73 1513 1411 1644 56 49 1232 597 91 60 1595 57 0 69 62 95 545 713 354 1838 88 1342 77 65 1440 81 1255 62 1221 195 1357 901 337 1377 197 464 218 1519 1365 1879 553 70 1610 1754 455 1081 1133 63 779 188 1274 80 57
67 86 1145 57 88 652 56 189 1620 73 75 56 1663 1399 320 1329 64 1251 975 765 657 935 1446 1890 1552 83 1167 1488 650 1885 1150 1036 569 840 203 71 1514 1411 1645 54 47 1232 598 89 58 1596 55 69 0 60 93 545 713 355 1838 86 1342 75 63 1441 79 1256 59 1222 195 1358 902 337 1378 198 465 219 1519 1365 1880 553 68 1611 1754 455 1082 1133 61 779 188 1275 77 54
60 79 1150 50 81 656 49 194 1624 67 68 49 1668 1403 324 1334 57 1256 980 770 661 939 1451 1895 1557 87 1172 1493 655 1890 1155 1041 574 844 208 64 1519 1416 1649 47 40 1237 603 82 51 1600 48 62 60 0 86 550 718 359 1843 79 1347 68 56 1446 72 1261 53 1226 200 1362 906 342 1383 203 470 224 1524 1370 1885 558 61 1615 1759 460 1087 1138 54 784 193 1279 71 48
93 106 1143 83 95 649 82 187 1617 100 101 82 1661 1396 317 1327 90 1249 973 763 654 932 1444 1888 1550 80 1165 1486 648 1883 1148 1034 567 837 200 97 1511 1409 1642 80 73 1230 595 115 84 1593 81 95 93 86 0 543 711 352 1836 100 1340 98 89 1438 105 1254 86 1219 193 1355 899 335 1375 195 463 216 1517 1363 1877 551 94 1608 1752 453 1079 1131 87 777 186 1272 91 81
546 551 677 560 540 395 576 535 1170 548 547 580 1214 949 264 880 570 802 526 239 400 467 996 1422 1103 495 718 1039 351 1417 700 568 187 372 549 559 1064 962 1177 581 571 764 215 615 565 1146 579 545 545 550 543 0 342 229 1370 545 893 543 558 991 559 807 564 772 541 908 434 642 928 544 586 565 1070 916 1412 34 547 1161 1286 576 632 684 548 253 534 825 536 557
714 719 1001 728 708 153 744 703 1118 716 715 748 1162 897 505 828 738 750 474 333 158 791 945 1475 1051 663 666 987 109 1470 649 892 428 696 717 727 1012 910 1501 749 739 1088 456 783 733 1094 747 713 713 718 711 342 0 470 1423 713 841 711 726 940 727 755 732 720 709 856 758 460 876 712 344 733 1018 864 1465 337 715 1109 1610 334 581 632 716 286 702 773 704 725
356 361 829 370 349 522 385 345 1303 357 356 390 1347 1083 73 1013 379 935 659 449 527 618 1130 1574 1236 304 851 1172 478 1569 834 720 253 523 358 368 1198 1095 1328 391 380 916 282 424 375 1279 388 354 355 359 352 229 470 0 1522 354 1026 352 368 1125 368 940 374 905 351 1041 585 452 1062 353 580 374 1203 1049 1564 237 357 1294 1438 570 766 817 358 463 344 958 345 366
1839 1844 793 1853 1833 1476 1869 1828 568 1841 1840 1873 887 677 1557 1017 1863 939 1079 1354 1481 1147 525 110 401 1788 855 712 1432 105 980 1249 1480 1193 1842 1852 738 647 582 1874 1864 880 1508 1908 1858 820 1872 1838 1838 1843 1836 1370 1423 1522 0 1838 711 1836 1851 665 1852 768 1857 909 1834 1045 1255 1783 1065 1837 1667 1858 743 734 100 1379 1840 535 692 1657 871 835 1841 1307 1827 962 1829 1850
87 106 1145 77 97 651 76 189 1619 93 95 76 1663 1399 319 1329 84 1251 975 765 657 934 1446 1890 1552 82 1167 1488 650 1885 1150 1036 569 840 203 91 1514 1411 1644 74 67 1232 598 109 78 1596 75 88 86 79 100 545 713 354 1838 0 1342 95 83 1441 99 1256 79 1221 195 1357 901 337 1378 198 465 219 1519 1365 1880 553 88 1610 1754 455 1082 1133 81 779 188 1274 93 74
1343 1349 706 1358 1337 894 1373 1332 406 1345 1344 1377 450 71 1061 434 1367 356 496 772 899 677 232 763 339 1292 272 274 849 758 397 778 984 722 1346 1356 300 108 988 1379 1368 793 1013 1412 1363 382 1376 1342 1342 1347 1340 893 841 1026 711 1342 0 1340 1356 227 1356 186 1361 327 1339 463 784 1201 483 1341 1084 1362 305 57 753 887 1345 397 1097 1075 288 252 1346 725 1332 379 1333 1354
75 94 1143 65 95 649 64 187 1617 82 83 64 1661 1396 317 1327 72 1249 972 763 654 932 1443 1887 1550 80 1165 1485 648 1883 1147 1034 567 837 200 79 1511 1409 1642 62 55 1230 595 97 66 1593 63 77 75 68 98 543 711 352 1836 95 1340 0 71 1438 87 1253 68 1219 193 1355 899 335 1375 195 462 216 1517 1363 1877 551 76 1608 1752 453 1079 1131 69 777 186 1272 86 63
64 83 1158 54 84 665 52 202 1633 70 71 52 1676 1412 333 1343 60 1264 988 779 670 948 1459 1903 1566 96 1180 1501 664 1898 1163 1049 582 853 216 68 1527 1425 1658 51 44 1245 611 86 55 1609 52 65 63 56 89 558 726 368 1851 83 1356 71 0 1454 75 1269 56 1235 209 1371 915 350 1391 211 478 232 1532 1379 1893 567 65 1624 1767 468 1095 1146 58 793 201 1288 74 51
1442 1447 805 1456 1435 992 1472 1431 360 1444 1442 1476 250 194 1160 533 1466 455 595 870 997 775 186 717 292 1391 371 75 948 712 496 877 1083 821 1445 1454 100 163 941 1477 1467 892 1111 1510 1461 182 1475 1440 1441 1446 1438 991 940 1125 665 1441 227 1438 1454 0 1455 284 1460 425 1437 561 883 1299 581 1440 1183 1461 106 250 706 986 1443 351 1051 1173 387 351 1444 823 1430 478 1432 1453
79 98 1159 69 100 665 68 203 1633 86 87 68 1677 1413 333 1343 76 1265 989 779 670 948 1460 1904 1566 96 1181 1502 664 1899 1164 1050 583 853 217 83 1528 1425 1658 66 59 1246 612 101 70 1609 67 81 79 72 105 559 727 368 1852 99 1356 87 75 1455 0 1270 72 1235 209 1371 915 351 1392 212 479 233 1533 1379 1894 567 80 1624 1768 469 1096 1147 73 793 202 1288 90 67
1209 1214 546 1223 1202 797 1239 1198 463 1211 1209 1243 507 242 927 360 1233 282 422 675 802 517 289 820 396 1158 198 331 752 815 323 618 850 562 1212 1222 357 255 1045 1244 1234 633 878 1278 1228 439 1242 1207 1208 1213 1206 740 744 892 768 1208 186 1205 1221 284 1222 0 1227 252 1204 388 624 1104 408 1207 988 1228 362 209 810 749 1210 454 1154 978 214 178 1211 628 1197 305 1199 1220
60 79 1164 50 81 671 49 208 1639 66 68 49 1682 1418 338 1348 57 1270 994 784 676 954 1465 1909 1571 102 1186 1507 669 1904 1169 1055 588 859 222 64 1533 1430 1664 47 40 1251 617 82 51 1615 48 62 59 53 86 564 732 374 1857 79 1361 68 56 1460 72 1275 0 1241 214 1377 921 356 1397 217 484 238 1538 1384 1899 572 61 1630 1773 474 1101 1152 54 798 207 1293 71 48
1223 1228 773 1237 1216 773 1252 1212 604 1224 1223 1257 647 383 940 273 1246 195 376 651 778 743 430 961 537 1171 111 472 728 956 277 845 863 789 1225 1235 498 396 1186 1258 1247 860 892 1291 1242 580 1255 1221 1222 1226 1219 772 720 905 909 1221 327 1219 1235 425 1235 252 1241 0 1218 169 851 1080 189 1220 964 1241 503 350 951 766 1224 595 1295 954 168 132 1225 604 1211 218 1212 1233
196 202 1141 211 190 648 226 56 1616 198 197 230 1660 1395 316 1326 220 1247 971 762 653 931 1442 1886 1549 145 1164 1484 647 1881 1146 1032 566 836 70 209 1510 1408 1641 232 221 1228 594 265 216 1592 229 195 195 200 193 541 709 351 1834 195 1339 193 209 1437 209 1252 214 1218 0 1354 898 333 1374 65 461 86 1515 1362 1876 550 198 1607 1750 451 1078 1129 199 776 60 1271 186 207
1359 1364 909 1373 1352 909 1388 1348 740 1360 1359 1393 783 519 1076 328 1382 198 512 787 914 879 566 1097 673 1307 215 608 864 1092 413 981 999 925 1361 1371 634 532 1322 1394 1383 996 1028 1427 1378 716 1391 1357 1358 1362 1355 908 856 1041 1045 1357 463 1355 1371 561 1371 388 1377 169 1354 0 987 1216 78 1356 1100 1377 639 486 1087 902 1360 731 1431 1090 304 268 1361 740 1347 177 1348 1369
903 908 562 917 896 811 933 892 1123 904 903 937 1167 902 621 1020 926 942 732 655 816 351 949 1306 1056 851 858 991 766 1302 907 453 543 142 905 915 1017 915 1061 938 927 648 572 971 922 1099 935 901 902 906 899 434 758 585 1255 901 846 899 915 944 915 686 921 912 898 1048 0 999 1068 900 1001 921 1022 869 1296 442 904 1114 1170 992 839 838 905 669 891 965 892 913
338 343 1242 353 332 399 368 327 1478 340 339 372 1521 1257 417 1188 362 1109 833 693 404 1032 1304 1835 1411 287 1025 1346 398 1830 1008 1133 666 937 341 351 1372 1270 1742 373 363 1329 695 407 357 1454 371 337 337 342 335 642 460 452 1783 337 1201 335 350 1299 351 1114 356 1080 333 1216 999 0 1236 336 212 357 1377 1224 1825 651 339 1469 1851 202 940 991 341 646 326 1133 328 349
1379 1384 929 1393 1372 929 1409 1368 760 1381 1379 1413 804 539 1097 348 1402 218 532 807 934 899 586 1117 693 1328 235 628 885 1112 433 1001 1020 945 1381 1391 654 552 1342 1414 1404 1016 1048 1447 1398 736 1411 1377 1378 1383 1375 928 876 1062 1065 1378 483 1375 1391 581 1392 408 1397 189 1374 78 1007 1236 0 1377 1120 1398 659 506 1107 923 1380 751 1451 1110 324 288 1381 760 1367 159 1369 1390
199 204 1144 213 192 650 229 56 1618 201 199 233 1662 1397 318 1328 223 1250 974 764 655 933 1445 1889 1551 148 1166 1487 649 1884 1149 1035 568 838 57 211 1513 1410 1643 234 224 1231 597 267 218 1594 232 197 198 203 195 544 712 353 1837 198 1341 195 211 1440 212 1255 217 1220 65 1356 900 336 1377 0 464 73 1518 1364 1879 552 200 1609 1753 454 1081 1132 201 778 62 1273 189 210
466 471 1245 480 459 283 496 455 1362 468 466 500 1405 1141 544 1071 490 993 717 577 288 1034 1188 1719 1294 415 909 1230 281 1714 892 1136 671 939 469 479 1256 1153 1744 501 491 1332 700 535 485 1338 499 464 465 470 463 586 344 580 1667 465 1084 462 478 1183 479 998 484 964 461 1100 1001 212 1120 464 0 485 1261 1107 1708 580 467 1353 1854 37 824 875 468 530 454 1017 456 477
220 225 1165 234 213 671 250 77 1639 222 220 254 1683 1419 339 1349 244 1271 995 785 677 954 1466 1910 1572 169 1187 1508 670 1905 1170 1056 589 860 78 232 1534 1431 1664 255 245 1252 618 288 239 1615 253 218 219 224 216 565 733 374 1858 219 1362 216 232 1461 233 1276 238 1241 86 1377 921 357 1398 73 485 0 1539 1385 1900 573 221 1630 1774 475 1102 1153 222 799 83 1294 210 231
1520 1525 883 1534 1514 1070 1550 1509 438 1522 1521 1554 163 272 1238 611 1544 533 673 948 1076 853 264 795 370 1469 449 107 1026 790 574 955 1161 899 1523 1533 157 241 1020 1555 1545 970 1189 1589 1539 141 1553 1519 1519 1524 1517 1070 1018 1203 743 1519 305 1517 1532 106 1533 362 1538 503 1515 639 961 1377 659 1518 1261 1539 0 328 785 1064 1521 429 1129 1251 465 429 1522 901 1508 556 1510 1531
1366 1372 729 1381 1360 917 1396 1355 429 1368 1367 1400 473 81 1084 457 1390 379 519 795 922 700 255 786 362 1315 295 297 872 781 420 801 1007 745 1369 1379 323 118 1011 1402 1391 816 1036 1435 1386 405 1399 1365 1365 1370 1363 916 864 1049 734 1365 57 1363 1379 250 1379 209 1384 350 1362 486 807 1224 506 1364 1107 1385 328 0 776 910 1368 420 1120 1098 311 275 1369 748 1355 402 1356 1377
1881 1886 834 1895 1874 1518 1911 1870 610 1883 1881 1915 929 719 1599 1059 1905 980 1120 1396 1523 1189 567 82 442 1830 896 754 1473 29 1022 1290 1522 1234 1884 1893 779 689 624 1916 1906 921 1550 1949 1900 861 1914 1879 1880 1885 1877 1412 1465 1564 100 1880 753 1877 1893 706 1894 810 1899 951 1876 1087 1296 1825 1107 1879 1708 1900 785 776 0 1420 1882 577 734 1699 912 876 1883 1349 1869 1004 1871 1892
555 560 686 569 548 389 584 544 1165 556 555 588 1208 944 272 874 578 796 520 234 395 475 991 1431 1097 503 712 1033 345 1426 695 577 195 380 557 567 1059 956 1185 590 579 773 224 623 574 1141 587 553 553 558 551 34 337 237 1379 553 887 551 567 986 567 801 572 766 550 902 442 651 923 552 580 573 1064 910 1420 0 556 1156 1295 570 627 678 557 248 543 819 544 565
69 88 1147 59 89 654 57 191 1622 75 76 57 1666 1401 322 1332 65 1253 977 768 659 937 1448 1892 1555 85 1170 1490 653 1887 1152 1038 572 842 205 72 1516 1414 1647 56 48 1234 600 90 60 1598 56 70 68 61 94 547 715 357 1840 88 1345 76 65 1443 80 1258 61 1224 198 1360 904 339 1380 200 467 221 1521 1368 1882 556 0 1613 1756 457 1084 1135 63 782 191 1277 79 56
1612 1617 975 1626 1605 1162 1642 1601 65 1614 1612 1646 573 363 1330 703 1635 625 765 1040 1167 945 211 587 163 1560 541 398 1118 582 666 1047 1252 991 1614 1624 424 333 812 1647 1636 1061 1281 1680 1631 506 1644 1610 1611 1615 1608 1161 1109 1294 535 1610 397 1608 1624 351 1624 454 1630 595 1607 731 1053 1469 751 1609 1353 1630 429 420 577 1156 1613 0 921 1343 557 521 1614 993 1600 648 1601 1623
1755 1760 709 1769 1749 1663 1785 1744 954 1757 1756 1789 1273 1064 1473 1403 1779 1325 1465 1507 1668 1063 911 744 787 1704 1241 1098 1619 739 1366 1165 1396 1109 1758 1768 1124 1033 347 1790 1780 796 1424 1824 1774 1206 1788 1754 1754 1759 1752 1286 1610 1438 692 1754 1097 1752 1767 1051 1768 1144 1773 1295 1750 1431 1170 1851 1451 1753 1854 1774 1129 1120 734 1295 1756 921 0 1844 1257 1221 1757 1521 1743 1348 1745 1766
456 461 1235 471 450 273 486 445 1352 458 457 490 1396 1131 535 1062 480 983 707 567 278 1024 1178 1709 1285 405 899 1220 272 1704 882 1126 661 930 459 469 1246 1144 1735 491 481 1322 690 525 475 1328 489 455 455 460 453 576 334 570 1657 455 1075 453 468 1173 469 988 474 954 451 1090 992 202 1110 454 37 475 1251 1098 1699 570 457 1343 1844 0 814 865 458 520 444 1007 446 467
1083 1088 734 1097 1076 633 1113 1072 566 1085 1083 1117 609 345 801 275 1107 197 236 511 638 705 392 923 498 1032 113 434 589 918 146 806 724 751 1086 1095 460 357 1147 1118 1108 821 752 1151 1102 542 1116 1081 1082 1087 1079 632 581 766 871 1082 288 1079 1095 387 1096 214 1101 168 1078 304 812 940 324 1081 824 1102 465 311 912 627 1084 557 1257 814 0 79 1085 464 1071 220 1073 1094
1262 1267 832 1276 1255 812 1291 1251 663 1263 1262 1296 706 442 979 383 1285 305 415 690 817 802 489 1020 596 1210 221 531 767 1015 160 904 902 848 1264 1274 557 455 1245 1297 1286 919 931 1330 1281 639 1294 1260 1261 1265 1258 811 759 944 968 1260 386 1258 1274 484 1274 311 1280 275 1257 411 910 1119 431 1259 1003 1280 562 409 1010 805 1263 654 1354 993 237 0 1264 643 1250 328 1251 1272
62 81 1148 52 82 655 50 193 1623 68 69 50 1667 1402 323 1333 58 1255 978 769 660 938 1449 1893 1556 86 1171 1491 654 1888 1153 1039 573 843 206 66 1517 1415 1648 49 42 1235 601 84 53 1599 50 63 61 54 87 548 716 358 1841 81 1346 69 58 1444 73 1259 54 1225 199 1361 905 341 1381 201 468 222 1522 1369 1883 557 63 1614 1757 458 1085 1136 0 783 192 1278 72 49
780 786 912 795 774 339 810 769 1002 782 781 814 1045 781 498 712 804 633 357 85 344 702 828 1359 935 729 549 870 294 1354 532 803 421 604 783 793 896 794 1412 816 805 999 450 849 800 978 813 779 779 784 777 253 286 463 1307 779 725 777 793 823 793 638 798 604 776 740 666 646 760 778 530 799 901 748 1349 248 782 993 1521 520 464 515 783 0 769 657 770 791
189 195 1134 204 183 641 219 54 1609 191 190 223 1653 1388 309 1319 213 1240 964 755 646 924 1435 1879 1542 138 1156 1477 640 1874 1139 1025 558 829 67 202 1503 1401 1634 225 214 1221 587 258 209 1585 222 188 188 193 186 534 702 344 1827 188 1332 186 201 1430 202 1245 207 1211 60 1347 891 326 1367 62 454 83 1508 1355 1869 543 191 1600 1743 444 1071 1122 192 769 0 1264 179 200
1276 1281 826 1290 1269 826 1305 1265 657 1277 1276 1309 700 436 993 242 1299 113 428 704 831 796 483 1014 589 1224 130 525 781 1009 330 898 916 842 1278 1288 551 449 1239 1311 1300 912 945 1344 1295 633 1308 1274 1275 1279 1272 825 773 958 962 1274 379 1272 1288 478 1288 305 1293 218 1271 177 904 1133 159 1273 1017 1294 556 402 1004 819 1277 648 1348 1007 220 185 1278 657 1264 0 1265 1286
78 97 1136 68 88 642 67 180 1610 84 86 67 1654 1390 310 1320 75 1242 966 756 647 925 1437 1881 1543 73 1158 1479 641 1876 1141 1027 560 830 194 82 1505 1402 1635 65 58 1223 589 100 69 1586 66 80 77 71 91 536 704 345 1829 93 1333 86 74 1432 90 1247 71 1212 186 1348 892 328 1369 189 456 210 1510 1356 1871 544 79 1601 1745 446 1073 1124 72 770 179 1265 0 66
55 74 1157 45 76 663 44 201 1632 61 63 44 1675 1411 331 1341 52 1263 987 777 669 946 1458 1902 1564 95 1179 1500 662 1897 1162 1048 581 852 215 59 1526 1423 1657 42 35 1244 610 77 46 1608 43 57 54 48 81 557 725 366 1850 74 1354 63 51 1453 67 1268 48 1233 207 1369 913 349 1390 210 477 231 1531 1377 1892 565 56 1623 1766 467 1094 1145 49 791 200 1286 66 0
EOF