NAME : tsp_problem
TYPE : TSP
DIMENSION : 62
EDGE_WEIGHT_TYPE : EXPLICIT
EDGE_WEIGHT_FORMAT : FULL_MATRIX
EDGE_WEIGHT_SECTION
0 596 1555 1010 42 1320 1369 1478 587 1366 1864 46 1439 106 63 1371 72 694 598 598 120 94 1822 1717 49 74 68 1326 1255 1086 43 551 1414 1041 231 1546 243 1748 838 231 47 1417 78 1588 1159 1899 1675 1330 1011 651 55 1206 60 1889 68 1454 1258 58 1826 1566 45 101
596 0 1196 651 609 962 1010 1120 107 1007 1505 601 1080 575 607 1013 599 335 560 240 586 560 1464 1358 598 583 603 968 896 727 604 575 1056 682 600 1187 390 1389 479 600 602 1058 589 1229 800 1540 1316 972 652 292 599 847 585 1530 593 1095 900 585 1468 1207 616 537
1555 1196 0 937 1568 610 1115 305 1187 1112 690 1560 729 1533 1565 1117 1557 934 1158 986 1545 1519 649 1100 1557 1542 1562 298 1001 521 1563 1174 195 968 1559 195 1349 591 896 1559 1561 243 1548 155 905 812 1058 1076 938 933 1557 496 1544 802 1552 1200 395 1544 653 392 1574 1496
1010 651 1120 0 1023 1073 726 1044 642 723 1258 1015 1192 988 1020 728 1012 747 971 651 1000 974 1217 1073 1012 997 1017 892 612 984 1018 987 980 53 1014 1112 804 1105 866 1014 1016 982 1003 1154 516 1256 1032 687 259 704 1012 959 999 1245 1007 811 751 999 1221 1132 1029 951
42 609 1568 1023 0 1334 1382 1492 600 1379 1877 33 1452 93 50 1385 59 707 611 612 107 86 1836 1730 36 61 55 1340 1268 1099 30 564 1428 1054 244 1559 256 1761 851 244 34 1430 65 1601 1172 1912 1688 1344 1024 664 41 1219 47 1902 55 1467 1272 45 1840 1579 32 115
1320 962 610 890 1334 0 1068 534 952 1065 919 1325 143 1299 1331 1070 1323 700 924 751 1311 1284 878 1329 1322 1307 1327 382 954 287 1328 940 470 921 1325 602 1115 820 661 1324 1326 472 1313 644 858 1041 1287 1029 891 699 1323 221 1309 1031 1317 1153 348 1310 882 622 1340 1262
1369 1010 1104 726 1382 1057 0 1028 1001 120 757 1374 1176 1348 1380 125 1372 1106 1330 1010 1359 1333 716 572 1371 1356 1376 876 406 968 1377 1346 964 757 1373 1095 1163 604 1143 1373 1375 952 1362 1137 310 755 531 56 727 1063 1372 943 1358 744 1366 207 735 1358 720 803 1389 1310
1478 1120 305 861 1492 534 1039 0 1110 1036 601 1483 653 1457 1489 1041 1481 858 1082 909 1469 1443 560 1010 1480 1466 1486 221 925 445 1486 1098 164 892 1483 296 1273 502 819 1483 1485 154 1471 338 829 722 969 1000 862 857 1481 420 1467 712 1475 1124 319 1468 563 303 1498 1420
587 107 1187 642 600 952 1001 1110 0 998 1496 592 1071 565 597 1003 590 326 550 230 577 551 1455 1349 589 574 594 958 887 718 595 566 1046 673 591 1178 381 1380 470 591 593 1049 580 1220 791 1531 1307 962 643 283 589 838 576 1521 584 1086 891 576 1458 1198 606 528
1366 1007 1101 723 1379 1054 120 1025 998 0 754 1371 1173 1345 1377 56 1369 1103 1327 1007 1356 1330 713 569 1368 1353 1373 873 403 965 1374 1343 961 754 1370 1092 1160 601 1140 1370 1372 949 1359 1134 307 752 528 81 724 1060 1369 940 1355 741 1363 120 732 1355 717 800 1386 1307
1864 1505 690 1246 1877 919 757 601 1496 754 0 1869 1038 1842 1874 760 1866 1243 1468 1295 1854 1828 69 691 1866 1851 1871 607 939 831 1872 1483 550 1277 1868 682 1658 182 1205 1868 1870 476 1857 724 842 403 649 719 1247 1242 1866 805 1853 392 1861 842 705 1853 63 326 1883 1805
46 601 1560 1015 33 1325 1374 1483 592 1371 1869 0 1444 97 54 1376 63 699 603 603 112 90 1828 1722 40 65 59 1331 1260 1091 34 556 1419 1046 236 1551 248 1753 843 236 38 1422 69 1593 1164 1904 1680 1335 1016 656 46 1211 51 1894 59 1459 1264 49 1831 1571 36 107
1439 1080 729 1009 1452 143 1187 653 1071 1184 1038 1444 0 1418 1450 1189 1442 819 1043 870 1430 1403 997 1448 1441 1426 1446 501 1073 406 1447 1059 589 1040 1444 720 1234 939 780 1443 1445 591 1432 763 977 1160 1406 1148 1010 818 1442 340 1428 1150 1436 1272 467 1429 1001 741 1459 1381
106 575 1533 988 93 1299 1348 1457 565 1345 1842 97 1418 0 113 1350 111 673 577 577 99 73 1801 1695 100 96 116 1305 1234 1065 94 530 1393 1020 209 1525 221 1727 817 209 98 1395 101 1567 1137 1877 1653 1309 990 630 105 1185 97 1867 105 1432 1237 98 1805 1545 96 80
63 607 1565 1020 50 1331 1380 1489 597 1377 1874 54 1450 113 0 1382 80 705 609 609 128 105 1833 1727 57 81 75 1337 1266 1097 51 562 1425 1051 241 1557 253 1759 849 241 55 1427 86 1599 1169 1909 1685 1341 1022 662 62 1217 68 1899 76 1464 1269 65 1837 1577 53 112
1371 1013 1106 728 1385 1059 125 1030 1003 56 760 1376 1178 1350 1382 0 1374 1109 1333 1013 1362 1336 718 575 1373 1358 1379 878 409 970 1379 1348 966 759 1376 1098 1166 606 1146 1376 1378 954 1364 1140 312 757 533 86 729 1065 1374 945 1360 747 1368 144 737 1361 722 805 1391 1313
72 599 1557 1012 59 1323 1372 1481 590 1369 1866 63 1442 111 80 1374 0 697 601 601 123 97 1825 1719 66 91 85 1329 1258 1089 60 554 1417 1044 234 1549 245 1751 841 233 64 1419 95 1591 1161 1901 1677 1333 1014 654 72 1209 77 1891 85 1456 1261 75 1829 1569 62 104
694 335 934 747 707 700 1106 858 326 1103 1243 699 819 673 705 1109 697 0 262 125 684 658 1202 1454 696 681 701 706 992 466 702 278 794 778 698 926 488 1144 218 698 700 796 687 968 896 1365 1412 1068 748 73 697 586 683 1355 691 1191 638 683 1206 946 714 635
598 560 1158 971 611 924 1330 1082 550 1327 1468 603 1043 577 609 1333 601 262 0 349 589 562 1426 1678 600 585 605 930 1217 690 606 103 1018 1002 603 1150 574 1369 442 602 604 1021 591 1192 1120 1589 1636 1292 972 297 601 810 587 1579 595 1415 862 588 1430 1170 618 540
598 240 986 651 612 751 1010 909 230 1007 1295 603 870 577 609 1013 601 125 349 0 589 562 1254 1358 600 585 605 757 897 517 606 365 845 682 603 977 393 1196 269 602 604 848 591 1019 800 1416 1316 972 652 82 601 637 587 1406 595 1095 690 588 1257 997 618 540
120 586 1545 1000 107 1311 1359 1469 577 1356 1854 112 1430 99 128 1362 123 684 589 589 0 85 1813 1707 114 108 128 1317 1246 1076 109 541 1405 1031 221 1536 233 1739 829 221 112 1407 113 1578 1149 1889 1665 1321 1001 641 120 1196 109 1879 117 1444 1249 110 1817 1556 110 92
94 560 1519 974 86 1284 1333 1443 551 1330 1828 90 1403 73 105 1336 97 658 562 562 85 0 1787 1681 93 81 101 1290 1219 1050 87 515 1379 1005 195 1510 207 1712 802 195 91 1381 87 1552 1123 1863 1639 1295 975 615 97 1170 83 1853 91 1418 1223 83 1790 1530 89 66
1822 1464 649 1205 1836 878 716 560 1455 713 69 1828 997 1801 1833 718 1825 1202 1426 1254 1813 1787 0 649 1824 1810 1830 565 898 789 1831 1442 509 1236 1827 640 1617 141 1164 1827 1829 434 1815 682 801 361 608 678 1206 1201 1825 764 1811 351 1820 801 663 1812 106 285 1842 1764
1717 1358 1100 1073 1730 1329 572 1010 1349 569 691 1722 1448 1695 1727 575 1719 1454 1678 1358 1707 1681 649 0 1719 1704 1724 1016 754 1240 1725 1694 960 1105 1721 1091 1511 537 1491 1721 1723 885 1710 1133 658 688 133 534 1075 1411 1719 1215 1706 678 1714 657 1082 1706 653 736 1736 1658
49 598 1557 1012 36 1322 1371 1480 589 1368 1866 40 1441 100 57 1373 66 696 600 600 114 93 1824 1719 0 68 62 1328 1257 1088 37 553 1416 1043 233 1548 245 1750 840 233 41 1419 72 1590 1161 1901 1677 1332 1013 653 48 1208 54 1891 62 1456 1260 52 1828 1568 39 103
74 583 1542 997 61 1307 1356 1466 574 1353 1851 65 1426 96 81 1358 91 681 585 585 108 81 1810 1704 68 0 87 1313 1242 1073 62 538 1402 1028 218 1533 230 1735 825 218 66 1404 97 1575 1146 1886 1662 1318 998 638 73 1193 79 1876 87 1441 1246 76 1813 1553 64 89
68 603 1562 1017 55 1327 1376 1486 594 1373 1871 59 1446 116 75 1379 85 701 605 605 128 101 1830 1724 62 87 0 1333 1262 1093 56 558 1422 1048 238 1553 250 1755 845 238 60 1424 91 1595 1166 1906 1682 1338 1018 658 67 1213 73 1896 81 1461 1266 70 1833 1573 58 109
1326 968 298 709 1340 382 887 221 958 884 607 1331 501 1305 1337 889 1329 706 930 757 1317 1290 565 1016 1328 1313 1333 0 773 293 1334 946 157 740 1331 289 1121 508 667 1330 1332 160 1319 331 676 728 974 848 710 705 1329 268 1315 718 1323 972 167 1316 569 309 1346 1268
1255 896 990 612 1268 943 406 914 887 403 939 1260 1062 1234 1266 409 1258 992 1217 897 1246 1219 898 754 1257 1242 1262 762 0 854 1263 1232 850 643 1260 982 1050 786 1029 1259 1261 852 1248 1024 117 936 712 368 613 949 1258 829 1244 926 1252 491 621 1245 901 984 1275 1197
1086 727 521 801 1099 287 979 445 718 976 831 1091 406 1065 1097 981 1089 466 690 517 1076 1050 789 1240 1088 1073 1093 293 865 0 1094 705 381 832 1090 513 880 732 427 1090 1092 384 1079 555 769 952 1198 941 802 464 1088 173 1075 942 1083 1064 260 1075 793 533 1106 1027
43 604 1563 1018 30 1328 1377 1486 595 1374 1872 34 1447 94 51 1379 60 702 606 606 109 87 1831 1725 37 62 56 1334 1263 1094 0 559 1422 1049 239 1554 251 1756 846 239 35 1425 66 1596 1167 1907 1683 1338 1019 659 43 1214 48 1897 56 1462 1266 46 1834 1574 33 110
551 575 1174 987 564 940 1346 1098 566 1343 1483 556 1059 530 562 1348 554 278 103 365 541 515 1442 1694 553 538 558 946 1232 705 559 0 1034 1018 555 1165 526 1384 458 555 557 1036 544 1207 1136 1605 1652 1308 988 312 554 825 540 1595 548 1431 878 540 1446 1185 571 492
1414 1056 195 797 1428 470 975 164 1046 972 550 1419 589 1393 1425 977 1417 794 1018 845 1405 1379 509 960 1416 1402 1422 157 861 381 1422 1034 0 828 1419 150 1209 451 755 1419 1421 103 1407 192 765 671 918 936 798 793 1417 356 1403 661 1411 1060 255 1404 512 252 1434 1356
1041 682 1151 53 1054 1104 757 1075 673 754 1290 1046 1223 1020 1051 759 1044 778 1002 682 1031 1005 1248 1105 1043 1028 1048 923 643 1015 1049 1018 1011 0 1045 1143 835 1136 898 1045 1047 1014 1034 1185 547 1287 1063 718 290 735 1043 990 1030 1277 1038 842 782 1030 1252 1163 1061 982
231 600 1559 1014 244 1325 1373 1483 591 1370 1868 236 1444 209 241 1376 234 698 603 603 221 195 1827 1721 233 218 238 1331 1260 1090 239 555 1419 1045 0 1550 247 1753 843 86 237 1421 224 1592 1163 1903 1679 1335 1015 655 233 1210 220 1893 228 1458 1263 220 1831 1570 250 172
1546 1187 195 928 1559 602 1106 296 1178 1103 682 1551 720 1525 1557 1109 1549 926 1150 977 1536 1510 640 1091 1548 1533 1553 289 993 513 1554 1165 150 959 1550 0 1340 583 887 1550 1552 235 1539 76 896 803 1049 1068 929 924 1549 487 1535 793 1543 1191 387 1535 644 384 1566 1487
243 390 1349 804 256 1115 1163 1273 381 1160 1658 248 1234 221 253 1166 245 488 574 393 233 207 1617 1511 245 230 250 1121 1050 880 251 526 1209 835 247 1340 0 1543 633 247 249 1211 236 1382 953 1693 1469 1125 805 445 245 1000 232 1683 240 1248 1053 232 1621 1360 262 184
1748 1389 591 1105 1761 820 604 502 1380 601 182 1753 939 1727 1759 606 1751 1144 1369 1196 1739 1712 141 537 1750 1735 1755 508 786 732 1756 1384 451 1136 1753 583 1543 0 1106 1752 1754 377 1741 625 689 249 495 565 1106 1143 1751 706 1737 239 1745 689 606 1738 144 227 1768 1690
759 400 847 789 772 613 1075 771 391 1072 1156 764 732 738 770 1078 762 139 363 190 750 723 1115 1423 761 746 766 619 962 378 767 379 707 820 764 838 554 1057 0 763 765 709 752 880 865 1278 1381 1037 790 138 762 498 748 1268 756 1160 551 748 1119 858 779 700
231 600 1559 1014 244 1324 1373 1483 591 1370 1868 236 1443 209 241 1376 233 698 602 602 221 195 1827 1721 233 218 238 1330 1259 1090 239 555 1419 1045 86 1550 247 1752 842 0 237 1421 224 1592 1163 1903 1679 1335 1015 655 233 1210 220 1893 228 1458 1263 220 1830 1570 250 172
47 602 1561 1016 34 1326 1375 1485 593 1372 1870 38 1445 98 55 1378 64 700 604 604 112 91 1829 1723 41 66 60 1332 1261 1092 35 557 1421 1047 237 1552 249 1754 844 237 0 1423 70 1594 1165 1905 1681 1337 1017 657 46 1212 52 1895 60 1460 1265 50 1832 1572 37 108
1417 1058 243 799 1430 472 952 154 1049 949 476 1422 591 1395 1427 954 1419 796 1021 848 1407 1381 434 885 1419 1404 1424 160 863 384 1425 1036 103 830 1421 235 1211 377 758 1421 1423 0 1410 277 767 597 843 913 800 795 1419 358 1406 587 1414 1037 258 1406 438 178 1436 1358
78 589 1548 1003 65 1313 1362 1471 580 1359 1857 69 1432 101 86 1364 95 687 591 591 113 87 1815 1710 72 97 91 1319 1248 1079 66 544 1407 1034 224 1539 236 1741 831 224 70 1410 0 1581 1152 1892 1668 1323 1004 644 77 1199 83 1882 91 1447 1251 81 1819 1559 68 94
1588 1229 155 970 1601 644 1148 338 1220 1145 724 1593 763 1567 1599 1151 1591 968 1192 1019 1578 1552 682 1133 1590 1575 1595 331 1035 555 1596 1207 192 1001 1592 76 1382 625 929 1592 1594 277 1581 0 938 845 1091 1110 971 966 1591 529 1577 835 1585 1233 429 1577 686 426 1608 1529
1159 800 894 516 1172 847 310 818 791 307 842 1164 966 1137 1169 312 1161 896 1120 800 1149 1123 801 658 1161 1146 1166 665 117 758 1167 1136 754 547 1163 885 953 689 933 1163 1165 756 1152 927 0 840 616 271 517 853 1161 732 1148 830 1156 395 524 1148 805 888 1178 1100
1899 1540 812 1256 1912 1041 755 722 1531 752 403 1904 1160 1877 1909 757 1901 1365 1589 1416 1889 1863 361 688 1901 1886 1906 728 936 952 1907 1605 671 1287 1903 803 1693 249 1326 1903 1905 597 1892 845 840 0 646 716 1257 1364 1901 927 1888 38 1896 839 826 1888 365 448 1918 1840
1675 1316 1058 1032 1688 1287 531 969 1307 528 649 1680 1406 1653 1685 533 1677 1412 1636 1316 1665 1639 608 133 1677 1662 1682 974 712 1198 1683 1652 918 1063 1679 1049 1469 495 1449 1679 1681 843 1668 1091 616 646 0 492 1033 1369 1677 1173 1664 636 1672 615 1040 1664 611 694 1694 1616
1330 972 1065 687 1344 1018 56 989 962 81 719 1335 1137 1309 1341 86 1333 1068 1292 972 1321 1295 678 534 1332 1318 1338 837 368 930 1338 1308 925 718 1335 1057 1125 565 1105 1335 1337 913 1323 1099 271 716 492 0 688 1025 1333 904 1319 706 1327 169 696 1320 681 764 1350 1272
1011 652 1121 259 1024 1074 727 1045 643 724 1260 1016 1193 990 1022 729 1014 748 972 652 1001 975 1218 1075 1013 998 1018 893 613 986 1019 988 981 290 1015 1113 805 1106 868 1015 1017 984 1004 1155 517 1257 1033 688 0 705 1014 960 1000 1247 1008 812 752 1000 1222 1133 1031 952
651 292 933 704 664 699 1063 857 283 1060 1242 656 818 630 662 1065 654 73 297 82 641 615 1201 1411 653 638 658 705 949 464 659 312 793 735 655 924 445 1143 217 655 657 795 644 966 853 1364 1369 1025 705 0 654 584 640 1354 648 1148 637 640 1205 944 671 592
55 599 1557 1012 41 1323 1372 1481 589 1369 1866 46 1442 105 62 1374 72 697 601 601 120 97 1825 1719 48 73 67 1329 1258 1088 43 554 1417 1043 233 1549 245 1751 841 233 46 1419 77 1591 1161 1901 1677 1333 1014 654 0 1209 59 1891 67 1456 1261 57 1829 1569 44 104
1206 847 496 775 1219 221 954 420 838 951 805 1211 340 1185 1217 956 1209 586 810 637 1196 1170 764 1215 1208 1193 1213 268 840 173 1214 825 356 807 1210 487 1000 706 547 1210 1212 358 1199 529 743 927 1173 915 777 584 1209 0 1195 917 1203 1038 234 1195 768 507 1226 1147
60 585 1544 999 47 1309 1358 1467 576 1355 1853 51 1428 97 68 1360 77 683 587 587 109 83 1811 1706 54 79 73 1315 1244 1075 48 540 1403 1030 220 1535 232 1737 827 220 52 1406 83 1577 1148 1888 1664 1319 1000 640 59 1195 0 1878 73 1443 1247 63 1815 1555 50 90
1889 1530 802 1245 1902 1031 744 712 1521 741 392 1894 1150 1867 1899 747 1891 1355 1579 1406 1879 1853 351 678 1891 1876 1896 718 926 942 1897 1595 661 1277 1893 793 1683 239 1316 1893 1895 587 1882 835 830 38 636 706 1247 1354 1891 917 1878 0 1886 829 816 1878 355 438 1908 1830
68 593 1552 1007 55 1317 1366 1475 584 1363 1861 59 1436 105 76 1368 85 691 595 595 117 91 1820 1714 62 87 81 1323 1252 1083 56 548 1411 1038 228 1543 240 1745 835 228 60 1414 91 1585 1156 1896 1672 1327 1008 648 67 1203 73 1886 0 1451 1255 71 1823 1563 58 99
1454 1095 1189 811 1467 1142 207 1113 1086 120 842 1459 1261 1432 1464 144 1456 1191 1415 1095 1444 1418 801 657 1456 1441 1461 961 491 1053 1462 1431 1049 842 1458 1180 1248 689 1228 1458 1460 1037 1447 1222 395 839 615 169 812 1148 1456 1027 1443 829 1451 0 819 1443 805 887 1473 1395
1210 852 395 567 1224 348 746 319 843 743 705 1216 467 1189 1221 748 1213 628 852 679 1201 1175 663 1093 1212 1198 1218 167 632 260 1218 868 255 599 1215 387 1005 606 589 1215 1217 258 1203 429 535 826 1051 707 569 627 1213 234 1199 816 1207 830 0 1200 667 407 1230 1152
58 585 1544 999 45 1310 1358 1468 576 1355 1853 49 1429 98 65 1361 75 683 588 588 110 83 1812 1706 52 76 70 1316 1245 1075 46 540 1404 1030 220 1535 232 1738 827 220 50 1406 81 1577 1148 1888 1664 1320 1000 640 57 1195 63 1878 71 1443 1248 0 1816 1555 48 91
1826 1468 653 1208 1840 882 720 563 1458 717 63 1831 1001 1805 1837 722 1829 1206 1430 1257 1817 1790 106 653 1828 1813 1833 569 901 793 1834 1446 512 1240 1831 644 1621 144 1167 1830 1832 438 1819 686 805 365 611 681 1210 1205 1829 768 1815 355 1823 805 667 1816 0 289 1846 1768
1566 1207 392 948 1579 622 803 303 1198 800 326 1571 741 1545 1577 805 1569 946 1170 997 1556 1530 285 736 1568 1553 1573 309 984 533 1574 1185 252 979 1570 384 1360 227 907 1570 1572 178 1559 426 888 448 694 764 950 944 1569 507 1555 438 1563 887 407 1555 289 0 1586 1507
45 616 1574 1029 32 1340 1389 1498 606 1386 1883 36 1459 96 53 1391 62 714 618 618 110 89 1842 1736 39 64 58 1346 1275 1106 33 571 1434 1061 250 1566 262 1768 858 250 37 1436 68 1608 1178 1918 1694 1350 1031 671 44 1226 50 1908 58 1473 1278 48 1846 1586 0 121
101 537 1496 951 115 1262 1310 1420 528 1307 1805 107 1381 80 112 1313 104 635 540 540 92 66 1764 1658 103 89 109 1268 1197 1027 110 492 1356 982 172 1487 184 1690 780 172 108 1358 94 1529 1100 1840 1616 1272 952 592 104 1147 90 1830 99 1395 1200 91 1768 1507 121 0
EOF