NAME : tsp_problem
TYPE : TSP
DIMENSION : 40
EDGE_WEIGHT_TYPE : EXPLICIT
EDGE_WEIGHT_FORMAT : FULL_MATRIX
EDGE_WEIGHT_SECTION
0 481 273 483 1376 813 836 920 339 1369 1098 1084 833 1437 466 413 615 747 1012 833 1439 1462 444 1373 1028 919 995 1367 1137 779 905 1044 1423 1439 440 564 999 579 1386 1051
481 0 542 753 1320 945 780 865 608 1313 1043 1216 777 1381 735 682 747 691 956 778 1384 1406 389 1318 973 863 940 1312 1082 723 1036 989 1368 1383 385 833 944 848 1330 996
273 542 0 260 1436 873 896 981 116 1429 1159 1051 893 1497 387 190 676 807 1072 894 1500 1522 505 1434 1089 979 1056 1428 1198 839 965 1105 1484 1499 501 341 1060 356 1446 1112
483 753 260 0 1647 1084 1107 1191 196 1640 1369 844 1104 1708 598 400 886 1018 1283 1104 1710 1733 715 1644 1299 1190 1266 1638 1408 1050 1176 1315 1694 1710 711 264 1270 148 1657 1323
1376 1320 1436 1647 0 1014 724 493 1503 169 336 1467 581 237 1629 1577 995 746 580 582 240 262 1133 44 403 492 564 168 462 667 1106 530 224 239 1129 1728 567 1743 42 538
996 1128 1057 1252 1014 0 832 603 1123 1007 737 878 689 1075 1249 1197 557 771 1008 689 1078 1100 1091 1012 667 601 992 1006 1134 775 332 1041 1062 1077 1086 1348 995 1192 1025 1048
836 780 896 1107 724 832 0 269 963 717 447 1284 181 785 1089 1037 455 214 264 182 788 810 593 722 377 267 247 716 389 92 924 296 772 787 589 1188 251 1203 734 303
920 865 981 1191 493 603 269 0 1047 486 216 1055 125 554 1173 1121 539 290 445 126 556 579 677 491 146 36 428 485 570 212 695 477 540 556 673 1272 432 1287 503 484
339 608 116 196 1503 940 963 1047 0 1496 1225 987 959 1564 454 256 742 874 1139 960 1566 1589 571 1500 1155 1046 1122 1494 1264 906 1032 1171 1550 1566 567 277 1126 292 1513 1178
1369 1313 1429 1640 169 1007 717 486 1496 0 329 1460 574 134 1622 1569 988 738 573 575 136 159 1126 167 396 485 557 64 455 660 1099 523 120 136 1122 1721 560 1736 179 530
1098 1043 1159 1369 336 737 447 216 1225 329 0 1189 303 397 1352 1299 718 468 623 304 400 422 855 334 126 214 607 328 581 390 829 649 384 399 851 1450 610 1465 346 657
1073 1205 1051 844 1467 878 1284 1055 987 1460 1189 0 1141 1528 1326 1191 1010 1223 1460 1142 1530 1553 1167 1464 1119 1054 1444 1458 1586 1227 970 1493 1514 1530 1163 1056 1448 784 1477 1500
833 777 893 1104 581 689 181 125 959 574 303 1141 0 642 1086 1033 452 210 357 38 644 667 590 578 233 124 341 572 483 124 780 390 628 644 585 1184 344 1199 591 397
1437 1381 1497 1708 237 1075 785 554 1564 134 397 1528 642 0 1690 1638 1056 807 641 643 70 92 1194 235 464 553 625 132 523 728 1167 591 54 70 1190 1789 628 1804 247 599
466 735 387 598 1629 1066 1089 1173 454 1622 1352 1337 1086 1690 0 528 869 1000 1265 1087 1692 1715 698 1627 1282 1172 1249 1621 1391 1032 1158 1298 1676 1692 693 679 1252 694 1639 1305
413 682 190 400 1577 1014 1037 1121 256 1569 1299 1191 1033 1638 528 0 816 948 1213 1034 1640 1662 645 1574 1229 1120 1196 1568 1338 980 1105 1245 1624 1640 641 481 1200 496 1587 1252
613 744 673 884 1005 557 484 568 740 998 728 1010 481 1066 866 814 0 395 660 481 1069 1091 624 1003 658 567 644 997 785 427 649 692 1053 1068 620 965 647 980 1015 700
747 691 807 1018 746 771 214 290 874 738 468 1223 210 807 1000 948 366 0 390 211 809 831 504 743 398 288 373 737 515 157 862 422 793 809 500 1099 377 1114 756 429
1012 956 1072 1283 580 1008 264 445 1139 573 623 1460 357 641 1265 1213 631 390 0 358 644 666 769 578 553 443 42 572 231 268 1100 135 628 643 765 1364 46 1379 590 142
833 778 894 1104 582 689 182 126 960 575 304 1142 38 643 1087 1034 452 211 358 0 645 668 590 579 234 125 342 573 483 125 781 390 629 645 586 1185 345 1200 592 398
1439 1384 1500 1710 240 1078 788 556 1566 136 400 1530 644 70 1692 1640 1058 809 644 645 0 95 1196 237 466 555 627 135 525 731 1170 594 56 72 1192 1791 631 1806 250 601
1462 1406 1522 1733 262 1100 810 579 1589 159 422 1553 667 92 1715 1662 1081 831 666 668 95 0 1219 260 489 578 650 157 548 753 1192 616 79 94 1215 1814 653 1829 272 623
444 390 504 715 1133 907 593 677 571 1126 855 1178 590 1194 697 645 617 504 769 590 1196 1219 0 1130 785 676 752 1124 894 536 999 801 1180 1196 42 796 756 811 1143 808
1373 1318 1434 1644 44 1012 722 491 1500 167 334 1464 578 235 1627 1574 992 743 578 579 237 260 1130 0 400 489 562 165 459 665 1104 528 221 237 1126 1725 565 1740 55 535
1028 973 1089 1299 403 667 377 146 1155 396 126 1119 233 464 1282 1229 647 398 553 234 466 489 785 400 0 144 537 395 647 320 759 585 450 466 781 1380 540 1395 413 593
919 863 979 1190 492 601 267 36 1046 485 214 1054 124 553 1172 1120 538 288 443 125 555 578 676 489 144 0 427 483 569 210 693 476 539 555 672 1271 431 1286 502 483
995 940 1056 1266 564 992 247 428 1122 557 607 1444 341 625 1249 1196 615 373 42 342 627 650 752 562 537 427 0 556 215 251 1084 118 611 627 748 1347 29 1362 574 125
1367 1312 1428 1638 168 1006 716 485 1494 64 328 1458 572 132 1621 1568 986 737 572 573 135 157 1124 165 395 483 556 0 453 659 1098 522 119 134 1120 1719 559 1734 178 529
1137 1082 1198 1408 462 1134 389 570 1264 455 581 1586 483 523 1391 1338 756 515 231 483 525 548 894 459 647 569 215 453 0 393 1226 181 509 525 890 1489 218 1504 472 188
779 723 839 1050 667 775 92 212 906 660 390 1227 124 728 1032 980 398 157 268 125 731 753 536 665 320 210 251 659 393 0 867 300 715 730 532 1131 255 1146 678 307
1088 1220 1149 1343 1106 332 924 695 1215 1099 829 970 780 1167 1341 1289 649 862 1100 781 1170 1192 1182 1104 759 693 1084 1098 1226 867 0 1133 1154 1169 1178 1440 1087 1284 1116 1140
1044 989 1105 1315 530 1041 296 477 1171 523 649 1493 390 591 1298 1245 663 422 135 390 594 616 801 528 585 476 118 522 181 300 1133 0 578 593 797 1396 122 1411 540 24
1423 1368 1484 1694 224 1062 772 540 1550 120 384 1514 628 54 1676 1624 1042 793 628 629 56 79 1180 221 450 539 611 119 509 715 1154 578 0 56 1176 1775 615 1790 234 585
1439 1383 1499 1710 239 1077 787 556 1566 136 399 1530 644 70 1692 1640 1058 809 643 645 72 94 1196 237 466 555 627 134 525 730 1169 593 56 0 1192 1791 631 1806 249 601
440 386 500 711 1129 903 589 673 567 1122 851 1174 585 1190 693 640 613 500 765 586 1192 1215 42 1126 781 672 748 1120 890 532 994 797 1176 1192 0 792 752 806 1139 804
564 833 341 264 1728 1165 1188 1272 277 1721 1450 1056 1184 1789 679 481 967 1099 1364 1185 1791 1814 796 1725 1380 1271 1347 1719 1489 1131 1257 1396 1775 1791 792 0 1351 360 1738 1403
999 944 1060 1270 567 995 251 432 1126 560 610 1448 344 628 1252 1200 618 377 46 345 631 653 756 565 540 431 29 559 218 255 1087 122 615 631 752 1351 0 1366 578 129
579 848 356 148 1743 1180 1203 1287 292 1736 1465 784 1199 1804 694 496 982 1114 1379 1200 1806 1829 811 1740 1395 1286 1362 1734 1504 1146 1272 1411 1790 1806 807 360 1366 0 1753 1418
1386 1330 1446 1657 42 1025 734 503 1513 179 346 1477 591 247 1639 1587 1005 756 590 592 250 272 1143 55 413 502 574 178 472 678 1116 540 234 249 1139 1738 578 1753 0 548
1051 996 1112 1323 538 1048 303 484 1178 530 657 1500 397 599 1305 1252 671 429 142 398 601 623 808 535 593 483 125 529 188 307 1140 24 585 601 804 1403 129 1418 548 0
EOF
