NAME : tsp_problem
TYPE : TSP
DIMENSION : 71
EDGE_WEIGHT_TYPE : EXPLICIT
EDGE_WEIGHT_FORMAT : FULL_MATRIX
EDGE_WEIGHT_SECTION
0 841 837 1145 1315 1527 1384 1275 157 1563 727 1057 1413 1072 237 1268 620 188 941 646 532 849 215 1239 1346 651 430 218 1551 1276 1069 1438 1156 1654 1616 821 1286 1570 181 578 588 239 247 1175 235 234 1518 1189 238 239 1119 1282 252 204 662 246 541 734 1103 249 1504 200 248 572 239 456 320 675 688 252 1297
841 0 48 958 1108 924 781 880 883 1168 736 1000 1018 879 963 873 843 914 152 739 921 385 941 1031 951 743 1031 944 947 881 1012 1043 553 1259 1012 803 1078 1175 907 588 681 965 973 967 961 960 914 981 964 965 596 1074 978 930 757 972 960 802 500 975 1109 926 974 581 965 1057 568 784 225 978 902
837 48 0 955 1104 920 777 877 879 1165 733 996 1015 875 960 870 840 910 149 736 918 382 938 1028 948 740 1028 941 944 878 1008 1040 549 1256 1009 800 1075 1172 903 584 677 961 969 964 957 957 911 978 960 961 592 1071 975 927 754 968 957 798 496 972 1105 923 970 578 962 1054 565 781 222 974 898
1145 750 747 0 411 860 1026 360 1187 648 656 141 498 182 1268 353 790 1218 851 686 868 898 1246 334 431 690 978 1249 1193 361 153 523 885 739 1258 483 381 655 1211 703 628 1269 1277 270 1265 1265 1216 284 1268 1269 369 377 1283 1235 1062 1276 907 591 832 1280 589 1231 1278 818 1270 1004 873 731 738 1282 381
1315 924 921 425 0 1034 1200 534 1357 822 826 467 672 346 1438 528 960 1388 1025 856 1038 1073 1416 133 606 860 1148 1419 1367 535 479 697 1059 913 1432 653 373 830 1381 873 798 1439 1447 260 1435 1435 1390 229 1438 1439 543 369 1453 1405 1232 1446 1077 761 1006 1450 763 1401 1448 988 1440 1174 1043 901 913 1452 556
1527 924 920 885 1034 0 192 542 1569 818 1286 926 669 805 1650 536 1420 1600 1024 1316 1498 1072 1627 958 614 1320 1608 1631 359 670 938 694 674 477 424 1113 1005 826 1593 1274 1257 1651 1659 894 1647 1647 382 908 1650 1651 816 1001 1665 1617 1443 1658 1537 1220 621 1661 759 1613 1660 1268 1652 1634 1255 1361 912 1664 691
1384 781 777 1051 1200 192 0 708 1426 984 1280 1092 835 971 1507 701 1387 1457 881 1282 1465 929 1484 1124 779 1287 1575 1487 216 836 1104 859 531 643 281 1264 1171 992 1450 1131 1224 1508 1516 1060 1504 1504 239 1074 1507 1508 764 1167 1522 1474 1300 1515 1504 1263 478 1518 925 1470 1517 1125 1509 1600 1112 1328 769 1521 857
1275 697 693 385 534 542 708 0 1317 330 786 426 180 305 1397 36 920 1348 797 815 998 845 1375 458 113 820 1108 1378 875 170 438 205 831 421 940 613 505 337 1341 833 757 1399 1407 394 1395 1395 898 408 1398 1399 316 501 1413 1364 1191 1406 1037 720 778 1409 271 1360 1408 948 1400 1134 1003 861 685 1412 191
157 883 879 1187 1357 1569 1426 1317 0 1605 768 1099 1455 1114 116 1310 606 66 983 688 518 891 160 1281 1388 647 416 163 1593 1318 1111 1480 1198 1696 1658 863 1328 1612 59 620 630 117 125 1217 113 113 1560 1231 117 117 1161 1324 131 149 704 124 527 776 1145 128 1545 145 126 613 118 442 361 661 730 131 1338
1563 985 981 673 822 818 984 330 1605 0 1074 714 238 593 1685 324 1208 1636 1085 1103 1286 1133 1663 746 401 1108 1396 1666 1151 458 726 151 1119 697 1216 901 793 297 1629 1121 1045 1687 1695 682 1683 1683 1174 696 1686 1687 604 789 1701 1652 1479 1694 1325 1008 1066 1697 353 1648 1696 1236 1688 1422 1291 1149 973 1700 479
727 736 733 656 826 1286 1280 786 768 1074 0 568 924 583 849 779 380 799 837 275 457 719 827 749 857 280 567 830 1447 787 580 949 1052 1165 1511 332 797 1081 792 208 217 851 858 685 847 846 1413 699 850 850 629 793 864 816 643 857 497 244 999 861 1014 812 860 231 851 593 454 320 584 864 807
1057 816 813 141 468 926 1092 426 1099 714 568 0 564 225 1179 419 702 1130 916 598 780 914 1157 392 497 602 890 1160 1259 427 65 589 950 805 1323 395 439 721 1123 615 539 1181 1189 328 1177 1177 1282 342 1180 1181 435 435 1195 1147 973 1188 819 502 897 1191 654 1143 1190 730 1182 916 785 643 804 1194 447
1413 835 832 523 672 669 835 180 1455 238 924 565 0 444 1536 174 1058 1486 936 954 1136 983 1514 596 252 958 1246 1517 1001 309 577 157 970 548 1066 751 643 293 1479 971 896 1537 1545 532 1533 1533 1025 546 1536 1537 454 639 1551 1503 1329 1544 1175 859 917 1547 227 1499 1546 1086 1538 1272 1141 999 823 1550 329
1146 775 772 101 436 885 1051 385 1188 673 657 142 523 0 1269 378 791 1219 876 687 869 924 1246 359 456 691 979 1250 1218 386 154 548 910 764 1283 484 407 680 1212 704 629 1270 1278 295 1266 1266 1241 309 1269 1270 394 403 1284 1236 1062 1277 908 591 857 1280 614 1232 1279 819 1271 1005 874 732 763 1283 407
237 963 960 1268 1438 1650 1507 1397 116 1685 849 1179 1536 1194 0 1391 686 117 1064 769 598 971 240 1361 1469 727 497 243 1673 1398 1191 1561 1279 1776 1738 944 1408 1693 110 700 711 33 41 1297 29 29 1640 1311 32 33 1241 1404 47 230 785 40 607 856 1226 44 1626 226 42 694 34 523 442 741 811 46 1419
1268 690 687 378 528 536 701 36 1310 324 779 420 174 299 1391 0 913 1341 791 809 991 839 1369 451 107 813 1101 1372 868 164 432 199 825 415 933 606 498 331 1334 826 751 1392 1400 387 1388 1388 891 401 1391 1392 309 494 1406 1358 1185 1399 1030 714 772 1403 264 1354 1401 941 1393 1127 996 854 678 1405 184
620 843 840 790 960 1420 1387 920 606 1208 380 702 1058 717 686 913 0 637 944 194 176 851 664 884 991 139 286 667 1554 921 714 1083 1159 1299 1618 466 931 1215 630 427 197 688 696 820 684 684 1520 834 687 688 764 927 702 653 667 695 215 379 1106 698 1149 649 697 471 689 312 478 153 691 701 941
188 914 910 1218 1388 1600 1457 1348 66 1636 799 1130 1486 1145 117 1341 637 0 1014 719 549 922 191 1312 1419 678 447 194 1624 1349 1142 1511 1229 1727 1689 894 1359 1643 60 651 661 118 126 1248 114 114 1591 1262 117 118 1192 1355 132 180 735 125 558 807 1176 129 1577 176 127 644 119 473 393 692 761 131 1369
941 152 149 1059 1208 1024 881 981 983 1269 837 1100 1119 979 1064 974 944 1014 0 839 1022 486 1041 1131 1052 844 1132 1044 1048 982 1112 1144 653 1360 1113 904 1179 1276 1007 688 781 1065 1073 1067 1061 1061 1015 1082 1064 1065 696 1175 1079 1031 857 1072 1061 902 600 1075 1209 1027 1074 682 1066 1157 669 885 326 1078 1002
646 739 736 686 856 1316 1282 815 688 1103 275 598 954 613 769 809 194 719 839 0 272 747 747 779 887 103 382 750 1449 817 610 979 1055 1194 1514 362 826 1111 712 322 93 770 778 715 766 766 1416 729 769 770 659 822 784 736 563 777 312 274 1002 781 1044 732 779 367 771 408 374 116 587 783 837
532 921 918 868 1038 1498 1465 998 518 1286 457 780 1136 795 598 991 176 549 1022 272 0 929 576 961 1069 217 198 579 1631 999 792 1161 1237 1377 1696 544 1009 1293 542 504 275 600 608 897 596 596 1598 912 599 600 841 1005 614 565 745 607 124 457 1184 610 1226 561 609 549 601 224 556 231 769 613 1019
849 385 382 962 1112 1072 929 884 891 1172 744 920 1022 883 971 878 851 922 486 747 929 0 949 1035 955 751 1039 952 1096 885 932 1047 701 1263 1160 685 1082 1179 914 596 689 973 980 971 969 968 1063 985 972 973 654 1078 986 938 765 980 968 683 648 983 1113 934 982 589 973 1065 576 792 186 986 906
215 941 938 1246 1416 1627 1484 1375 160 1663 827 1157 1514 1172 240 1369 664 191 1041 747 576 949 0 1339 1447 705 475 77 1651 1376 1169 1538 1257 1754 1716 922 1386 1671 184 678 688 242 250 1275 238 238 1618 1289 241 242 1219 1382 256 78 763 249 585 834 1204 252 1604 59 251 672 243 501 420 719 789 255 1397
1239 848 844 348 133 958 1124 458 1281 746 749 390 596 269 1361 451 884 1312 948 779 961 996 1339 0 529 784 1071 1342 1290 459 402 621 982 837 1355 577 300 753 1305 796 721 1363 1371 184 1359 1358 1314 153 1362 1363 467 296 1376 1328 1155 1370 1001 684 929 1373 686 1324 1372 911 1364 1097 966 825 836 1376 479
1346 768 765 456 606 614 779 113 1388 401 857 498 252 377 1469 107 991 1419 869 887 1069 916 1447 529 0 891 1179 1450 946 110 510 277 903 492 1011 684 576 409 1412 904 829 1470 1478 465 1466 1466 969 479 1469 1470 387 572 1484 1436 1262 1477 1108 792 850 1481 342 1432 1479 1019 1471 1205 1074 932 756 1483 130
651 743 740 690 860 1320 1287 820 647 1108 280 602 958 617 727 813 139 678 844 103 217 751 705 784 891 0 327 708 1454 821 614 983 1059 1199 1518 366 831 1115 671 327 97 729 737 720 725 725 1420 734 728 729 664 827 743 694 567 736 256 279 1006 739 1049 690 738 371 730 353 378 82 591 742 841
430 1031 1028 978 1148 1608 1575 1108 416 1396 567 890 1246 905 497 1101 286 447 1132 382 198 1039 475 1071 1179 327 0 478 1741 1109 902 1271 1347 1487 1806 654 1119 1403 440 614 385 498 506 1007 494 494 1708 1022 498 498 951 1115 512 464 855 505 207 567 1294 509 1336 460 507 659 499 64 635 341 879 512 1129
218 944 941 1249 1419 1631 1487 1378 163 1666 830 1160 1517 1175 243 1372 667 194 1044 750 579 952 77 1342 1450 708 478 0 1654 1379 1172 1541 1260 1757 1719 925 1389 1674 187 681 691 245 253 1278 241 241 1621 1292 244 245 1222 1385 259 81 766 252 588 837 1207 255 1607 62 254 675 246 504 423 722 792 258 1400
1551 947 944 1218 1367 359 216 875 1593 1151 1447 1259 1001 1138 1673 868 1554 1624 1048 1449 1631 1096 1651 1290 946 1454 1741 1654 0 1003 1271 1026 698 810 296 1431 1338 1158 1617 1298 1391 1675 1683 1226 1671 1671 406 1241 1674 1675 931 1334 1689 1640 1467 1682 1671 1430 645 1685 1092 1637 1684 1292 1676 1767 1279 1495 936 1688 1024
1276 698 695 386 535 670 836 170 1318 458 787 427 309 306 1398 164 921 1349 798 817 999 846 1376 459 110 821 1109 1379 1003 0 439 334 833 549 1068 614 506 466 1342 834 758 1400 1408 395 1396 1396 1026 409 1399 1400 317 502 1414 1366 1192 1407 1038 721 779 1410 399 1362 1409 949 1401 1135 1004 862 686 1413 52
1069 828 825 153 480 938 1104 438 1111 726 580 65 576 237 1191 431 714 1142 928 610 792 926 1169 404 509 614 902 1172 1271 439 0 601 963 817 1335 407 451 733 1135 627 551 1193 1201 340 1189 1189 1294 354 1192 1193 447 447 1207 1159 985 1200 831 514 909 1203 666 1155 1202 742 1194 928 797 655 816 1206 459
1438 860 857 548 697 694 859 205 1480 151 949 589 157 469 1561 199 1083 1511 960 979 1161 1008 1538 621 277 983 1271 1541 1026 334 601 0 995 573 1091 776 668 173 1504 996 921 1562 1570 557 1558 1558 1049 571 1561 1562 479 664 1576 1528 1354 1569 1200 883 942 1572 229 1524 1571 1111 1563 1297 1166 1024 848 1575 354
1156 553 549 898 1048 674 531 820 1198 1108 1052 940 959 819 1279 814 1159 1229 653 1055 1237 701 1257 971 892 1059 1347 1260 698 822 952 984 0 1125 763 1037 1019 1116 1222 903 996 1280 1288 907 1276 1276 665 922 1280 1280 536 1015 1294 1246 1073 1287 1276 1035 83 1291 1049 1242 1289 897 1281 1373 884 1100 541 1293 842
1654 1076 1072 764 913 477 643 421 1696 697 1165 805 548 684 1776 415 1299 1727 1176 1194 1377 1224 1754 837 492 1199 1487 1757 810 549 817 573 1125 0 875 992 884 705 1720 1212 1136 1778 1786 773 1774 1774 833 787 1777 1778 695 880 1792 1743 1570 1785 1416 1099 1072 1788 638 1739 1787 1327 1779 1513 1382 1240 1064 1791 570
1616 1012 1009 1282 1432 424 281 940 1658 1216 1511 1324 1066 1203 1738 933 1618 1689 1113 1514 1696 1160 1716 1355 1011 1518 1806 1719 296 1068 1336 1091 763 875 0 1496 1402 1223 1682 1363 1456 1740 1748 1291 1736 1735 471 1305 1739 1740 995 1398 1753 1705 1532 1747 1735 1494 710 1750 1156 1701 1749 1356 1741 1832 1343 1559 1000 1753 1088
821 797 794 483 653 1113 1268 613 863 901 332 395 751 410 944 606 466 894 898 362 544 678 922 577 684 366 654 925 1434 614 407 776 1040 992 1499 0 624 908 887 379 304 945 953 513 941 941 1401 527 944 945 588 620 959 911 738 952 583 267 987 956 842 907 954 494 946 680 549 407 598 958 634
1286 895 892 396 373 1005 1171 505 1328 793 797 437 643 316 1408 498 931 1359 995 826 1009 1043 1386 300 576 831 1119 1389 1338 506 449 668 1030 884 1402 624 0 800 1352 844 768 1410 1418 202 1406 1406 1361 379 1409 1410 514 33 1424 1375 1202 1417 1048 731 977 1420 733 1371 1419 959 1411 1145 1014 872 883 1423 526
1570 992 989 680 830 826 992 337 1612 297 1081 722 293 601 1693 331 1215 1643 1093 1111 1293 1140 1671 753 409 1115 1403 1674 1158 466 734 173 1127 705 1223 908 800 0 1636 1128 1053 1694 1702 689 1690 1690 1182 703 1693 1694 611 796 1708 1660 1487 1701 1332 1016 1074 1705 160 1656 1703 1243 1695 1429 1298 1156 980 1707 486
181 907 903 1211 1381 1593 1450 1341 59 1629 792 1123 1479 1138 110 1334 630 60 1007 712 542 914 184 1305 1412 671 440 187 1617 1342 1135 1504 1222 1720 1682 887 1352 1636 0 644 654 111 119 1241 107 107 1584 1255 110 111 1185 1348 125 173 728 118 551 800 1169 121 1569 169 120 637 112 466 385 685 754 124 1362
578 588 584 703 873 1274 1131 833 620 1121 208 615 971 630 700 826 427 651 688 322 504 596 678 796 904 327 614 681 1298 834 627 996 903 1212 1363 379 844 1128 644 0 264 702 710 732 698 697 1265 747 701 702 676 840 715 667 494 709 544 292 850 712 1061 663 711 216 703 640 305 368 435 715 854
588 681 677 628 798 1257 1224 757 630 1045 217 539 896 554 711 751 197 661 781 93 275 689 688 721 829 97 385 691 1391 758 551 921 996 1136 1456 304 768 1053 654 264 0 712 720 657 708 708 1358 671 711 712 601 764 726 678 504 719 314 216 943 722 986 674 721 309 713 411 316 138 528 725 779
239 965 961 1269 1439 1651 1508 1399 117 1687 851 1181 1537 1196 33 1392 688 118 1065 770 600 973 242 1363 1470 729 498 245 1675 1400 1193 1562 1280 1778 1740 945 1410 1694 111 702 712 0 43 1299 31 31 1642 1313 34 35 1243 1406 49 231 786 42 609 858 1227 45 1628 227 44 696 36 524 444 743 813 48 1421
247 973 969 1277 1447 1659 1516 1407 125 1695 858 1189 1545 1204 41 1400 696 126 1073 778 608 980 250 1371 1478 737 506 253 1683 1408 1201 1570 1288 1786 1748 953 1418 1702 119 710 720 43 0 1307 39 39 1650 1321 42 43 1251 1414 56 239 794 50 617 866 1235 53 1635 235 52 703 44 532 451 751 820 56 1428
1175 784 780 284 260 894 1060 394 1217 682 685 326 532 205 1297 387 820 1248 884 715 897 932 1275 184 465 720 1007 1278 1226 395 338 557 918 773 1291 513 202 689 1241 732 657 1299 1307 0 1295 1294 1250 267 1298 1299 403 198 1312 1264 1091 1306 937 620 865 1309 622 1260 1308 847 1299 1033 902 761 772 1312 415
235 961 957 1265 1435 1647 1504 1395 113 1683 847 1177 1533 1192 29 1388 684 114 1061 766 596 969 238 1359 1466 725 494 241 1671 1396 1189 1558 1276 1774 1736 941 1406 1690 107 698 708 31 39 1295 0 27 1638 1309 30 31 1239 1402 45 227 782 38 605 854 1223 41 1624 223 40 692 32 520 440 739 808 44 1417
234 960 957 1265 1435 1647 1504 1395 113 1683 846 1177 1533 1192 29 1388 684 114 1061 766 596 968 238 1358 1466 725 494 241 1671 1396 1189 1558 1276 1774 1735 941 1406 1690 107 697 708 31 39 1294 27 0 1637 1309 30 31 1238 1402 44 227 782 38 605 854 1223 41 1623 223 40 691 31 520 439 739 808 44 1416
1518 914 911 1241 1390 382 239 898 1560 1174 1413 1282 1025 1161 1640 891 1520 1591 1015 1416 1598 1063 1618 1314 969 1420 1708 1621 406 1026 1294 1049 665 833 471 1398 1361 1182 1584 1265 1358 1642 1650 1250 1638 1637 0 1264 1641 1642 897 1357 1655 1607 1434 1649 1638 1396 612 1652 1115 1603 1651 1258 1643 1734 1245 1461 902 1655 1047
1189 798 795 299 229 908 1074 408 1231 696 699 340 546 219 1311 401 834 1262 898 729 912 946 1289 153 479 734 1022 1292 1241 409 352 571 933 787 1305 527 379 703 1255 747 671 1313 1321 267 1309 1309 1264 0 1312 1313 417 375 1327 1278 1105 1320 951 634 880 1323 636 1274 1322 862 1314 1048 916 775 786 1326 429
238 964 960 1268 1438 1650 1507 1398 117 1686 850 1180 1536 1195 32 1391 687 117 1064 769 599 972 241 1362 1469 728 498 244 1674 1399 1192 1561 1280 1777 1739 944 1409 1693 110 701 711 34 42 1298 30 30 1641 1312 0 34 1242 1405 48 230 785 41 608 857 1226 44 1627 226 43 695 35 523 443 742 812 47 1420
239 965 961 1269 1439 1651 1508 1399 117 1687 850 1181 1537 1196 33 1392 688 118 1065 770 600 973 242 1363 1470 729 498 245 1675 1400 1193 1562 1280 1778 1740 945 1410 1694 111 702 712 35 43 1299 31 31 1642 1313 34 0 1243 1406 49 231 786 42 609 858 1227 45 1628 227 44 695 36 524 443 743 812 48 1420
1071 467 464 394 543 816 829 316 1113 604 619 436 454 315 1193 309 753 1144 568 649 831 615 1171 467 387 653 941 1174 996 317 448 479 602 695 1061 555 514 611 1137 666 591 1195 1203 403 1191 1190 963 417 1194 1195 0 510 1208 1160 987 1202 870 554 549 1205 545 1156 1204 781 1195 967 798 694 455 1208 337
1282 891 888 392 369 1001 1167 501 1324 789 793 433 639 312 1404 494 927 1355 991 822 1005 1039 1382 296 572 827 1115 1385 1334 502 445 664 1026 880 1398 620 33 796 1348 840 764 1406 1414 198 1402 1402 1357 375 1405 1406 510 0 1420 1371 1198 1413 1044 727 973 1416 729 1367 1415 955 1407 1141 1010 868 879 1419 522
252 978 975 1283 1453 1665 1522 1413 131 1701 864 1195 1551 1210 47 1406 702 132 1079 784 614 986 256 1376 1484 743 512 259 1689 1414 1207 1576 1294 1792 1753 959 1424 1708 125 715 726 49 56 1312 45 44 1655 1327 48 49 1256 1420 0 245 800 55 623 871 1241 59 1641 241 58 709 49 538 457 757 826 62 1434
204 930 927 1235 1405 1617 1474 1364 149 1652 816 1147 1503 1162 230 1358 653 180 1031 736 565 938 78 1328 1436 694 464 81 1640 1366 1159 1528 1246 1743 1705 911 1375 1660 173 667 678 231 239 1264 227 227 1607 1278 230 231 1208 1371 245 0 752 238 574 823 1193 241 1593 63 240 661 232 490 409 708 778 244 1386
662 757 754 1062 1232 1443 1300 1191 704 1479 643 973 1329 988 785 1185 667 735 857 563 745 765 763 1155 1262 567 855 766 1467 1192 985 1354 1073 1570 1532 738 1202 1487 728 494 504 786 794 1091 782 782 1434 1105 785 786 1035 1198 800 752 0 793 784 650 1020 797 1420 748 795 488 787 881 390 608 605 799 1213
246 972 968 1276 1446 1658 1515 1406 124 1694 857 1188 1544 1203 40 1399 695 125 1072 777 607 980 249 1370 1477 736 505 252 1682 1407 1200 1569 1287 1785 1747 952 1417 1701 118 709 719 42 50 1306 38 38 1649 1320 41 42 1250 1413 55 238 793 0 616 865 1234 52 1634 234 51 702 43 531 450 750 819 55 1427
541 960 957 907 1077 1537 1504 1037 527 1325 497 819 1175 834 607 1030 215 558 1061 312 124 968 585 1001 1108 256 207 588 1671 1038 831 1200 1276 1416 1735 583 1048 1332 551 544 314 609 617 937 605 605 1638 951 608 609 881 1044 623 574 784 616 0 496 1223 619 1266 570 618 588 610 233 595 270 808 622 1059
655 724 721 542 712 1172 1195 672 697 960 165 454 810 469 777 665 300 728 825 195 378 605 755 635 743 200 488 758 1362 673 466 835 967 1051 1426 218 683 967 721 212 137 779 787 571 775 774 1328 586 778 779 515 679 792 744 571 786 417 0 914 789 900 740 788 327 780 513 382 241 525 792 693
1103 500 496 845 995 621 478 767 1145 1055 999 887 906 766 1226 761 1106 1176 600 1002 1184 648 1204 918 839 1006 1294 1207 645 768 899 931 83 1072 710 984 966 1063 1169 850 943 1227 1235 854 1223 1223 612 869 1226 1227 483 962 1241 1193 1020 1234 1223 982 0 1238 996 1189 1236 844 1228 1320 831 1047 488 1240 789
249 975 972 1280 1450 1661 1518 1409 128 1697 861 1191 1547 1206 44 1403 698 129 1075 781 610 983 252 1373 1481 739 509 255 1685 1410 1203 1572 1291 1788 1750 956 1420 1705 121 712 722 45 53 1309 41 41 1652 1323 44 45 1253 1416 59 241 797 52 619 868 1238 0 1638 238 54 706 46 534 454 753 823 58 1431
1504 925 922 613 763 759 925 271 1545 353 1014 655 227 534 1626 264 1149 1577 1026 1044 1226 1074 1604 686 342 1049 1336 1607 1092 399 667 229 1060 638 1156 842 733 160 1569 1061 986 1628 1635 622 1624 1623 1115 636 1627 1628 545 729 1641 1593 1420 1634 1266 949 1007 1638 0 1589 1637 1176 1628 1362 1231 1089 914 1641 419
200 926 923 1231 1401 1613 1470 1360 145 1648 812 1143 1499 1158 226 1354 649 176 1027 732 561 934 59 1324 1432 690 460 62 1637 1362 1155 1524 1242 1739 1701 907 1371 1656 169 663 674 227 235 1260 223 223 1603 1274 226 227 1204 1367 241 63 748 234 570 819 1189 238 1589 0 236 657 228 486 405 704 774 240 1382
248 974 970 1278 1448 1660 1517 1408 126 1696 860 1190 1546 1205 42 1401 697 127 1074 779 609 982 251 1372 1479 738 507 254 1684 1409 1202 1571 1289 1787 1749 954 1419 1703 120 711 721 44 52 1308 40 40 1651 1322 43 44 1252 1415 58 240 795 51 618 867 1236 54 1637 236 0 705 45 533 453 752 821 57 1430
572 581 578 818 988 1268 1125 948 613 1236 231 730 1086 745 694 941 471 644 682 367 549 589 672 911 1019 371 659 675 1292 949 742 1111 897 1327 1356 494 959 1243 637 216 309 696 703 847 692 691 1258 862 695 695 791 955 709 661 488 702 588 406 844 706 1176 657 705 0 696 685 299 412 429 709 969
239 965 962 1270 1440 1652 1509 1400 118 1688 851 1182 1538 1197 34 1393 689 119 1066 771 601 973 243 1364 1471 730 499 246 1676 1401 1194 1563 1281 1779 1741 946 1411 1695 112 703 713 36 44 1299 32 31 1643 1314 35 36 1243 1407 49 232 787 43 610 859 1228 46 1628 228 45 696 0 525 444 744 813 49 1421
456 1057 1054 1004 1174 1634 1600 1134 442 1422 593 916 1272 931 523 1127 312 473 1157 408 224 1065 501 1097 1205 353 64 504 1767 1135 928 1297 1373 1513 1832 680 1145 1429 466 640 411 524 532 1033 520 520 1734 1048 523 524 977 1141 538 490 881 531 233 592 1320 534 1362 486 533 685 525 0 661 367 905 537 1155
320 568 565 873 1043 1255 1112 1003 361 1291 454 785 1141 800 442 996 478 393 669 374 556 576 420 966 1074 378 635 423 1279 1004 797 1166 884 1382 1343 549 1014 1298 385 305 316 444 451 902 440 439 1245 916 443 443 846 1010 457 409 390 450 595 461 831 454 1231 405 453 299 444 661 0 419 416 457 1024
675 784 781 731 901 1361 1328 861 661 1149 320 643 999 658 741 854 153 692 885 116 231 792 719 825 932 82 341 722 1495 862 655 1024 1100 1240 1559 407 872 1156 685 368 138 743 751 761 739 739 1461 775 742 743 705 868 757 708 608 750 270 320 1047 753 1089 704 752 412 744 367 419 0 632 756 882
688 225 222 882 1031 912 769 804 730 1092 584 840 942 803 811 797 691 761 326 587 769 186 789 955 875 591 879 792 936 805 852 967 541 1183 1000 604 1002 1099 754 435 528 813 820 891 808 808 902 905 812 812 574 998 826 778 605 819 808 603 488 823 1033 774 821 429 813 905 416 632 0 826 825
252 978 974 1282 1452 1664 1521 1412 131 1700 864 1194 1550 1209 46 1405 701 131 1078 783 613 986 255 1376 1483 742 512 258 1688 1413 1206 1575 1293 1791 1753 958 1423 1707 124 715 725 48 56 1312 44 44 1655 1326 47 48 1256 1419 62 244 799 55 622 871 1240 58 1641 240 57 709 49 537 457 756 826 0 1434
1297 718 715 406 556 691 857 191 1338 479 807 448 329 327 1419 184 941 1369 819 837 1019 867 1397 479 130 841 1129 1400 1024 52 460 354 853 570 1088 634 526 486 1362 854 779 1421 1428 415 1417 1416 1047 429 1420 1420 337 522 1434 1386 1213 1427 1059 742 800 1431 419 1382 1430 969 1421 1155 1024 882 706 1434 0
EOF
