NAME : tsp_problem
TYPE : TSP
DIMENSION : 36
EDGE_WEIGHT_TYPE : EXPLICIT
EDGE_WEIGHT_FORMAT : FULL_MATRIX
EDGE_WEIGHT_SECTION
0 923 111 1379 760 492 1003 47 416 1213 60 46 101 1005 863 1491 77 631 726 1551 1234 119 1425 1467 1091 631 675 1493 1228 1808 1297 64 1694 1213 560 1640
923 0 888 769 572 867 158 913 545 603 910 922 844 396 150 882 891 495 610 839 449 907 714 756 481 494 673 782 619 1183 773 918 983 604 508 1031
111 888 0 1344 725 456 968 99 381 1178 102 98 66 970 828 1456 83 596 691 1515 1198 99 1390 1432 1056 595 640 1458 1193 1773 1262 110 1659 1178 525 1605
1379 769 1344 0 1163 1458 849 1369 1001 354 1366 1378 1300 711 710 235 1347 951 1201 853 700 1363 965 925 797 950 1264 1033 370 654 1024 1374 710 354 964 486
760 543 725 1163 0 385 477 751 382 997 748 760 682 789 647 1275 729 312 108 977 660 745 852 894 875 312 191 920 1012 1321 724 756 1121 997 346 1317
492 838 456 1458 385 0 772 482 620 1292 479 491 413 1084 943 1570 460 607 336 1272 955 476 1147 1189 1170 607 285 1215 1308 1616 1019 487 1416 1292 641 1612
1003 158 968 849 506 801 0 993 625 683 990 1002 924 476 230 962 971 575 544 773 383 987 648 690 561 543 607 716 699 1118 707 998 917 684 588 1111
47 913 99 1369 751 482 993 0 406 1203 48 34 92 995 853 1481 65 621 716 1541 1224 107 1416 1458 1081 621 665 1484 1219 1798 1288 52 1685 1203 550 1631
416 545 381 1001 382 620 625 406 0 835 403 415 337 627 485 1113 384 253 421 1173 856 400 1047 1089 713 253 484 1115 850 1430 919 411 1316 835 182 1262
1213 603 1178 354 997 1292 683 1203 835 0 1200 1212 1134 545 544 466 1181 785 1035 924 534 1197 799 841 631 784 1098 867 101 783 858 1208 839 86 798 616
60 910 102 1366 748 479 990 48 403 1200 0 47 89 992 850 1478 78 618 713 1538 1221 120 1413 1455 1078 618 662 1480 1216 1795 1284 65 1682 1200 547 1628
46 922 98 1378 760 491 1002 34 415 1212 47 0 101 1004 863 1490 64 630 725 1550 1233 106 1425 1467 1090 630 674 1493 1228 1807 1297 51 1694 1212 559 1640
101 844 66 1300 682 413 924 92 337 1134 89 101 0 927 785 1413 70 553 647 1472 1155 86 1347 1389 1012 552 596 1415 1150 1730 1219 97 1616 1135 482 1562
1005 396 970 711 789 1084 476 995 627 545 992 1004 927 0 336 823 973 577 827 1092 701 990 967 1008 314 576 890 1034 561 1141 1026 1001 1196 545 591 973
863 150 828 710 647 943 230 853 485 544 850 863 785 336 0 822 831 435 685 968 578 848 843 885 422 435 748 911 559 1139 902 859 1112 544 449 971
1491 882 1456 235 1275 1570 962 1481 1113 466 1478 1490 1413 823 822 0 1459 1063 1313 966 812 1476 1077 1037 909 1062 1376 1145 482 766 1136 1487 822 466 1076 598
77 891 83 1347 729 460 971 65 384 1181 78 64 70 973 831 1459 0 599 694 1519 1202 102 1393 1435 1059 599 643 1461 1196 1776 1265 81 1663 1181 528 1608
631 495 596 951 312 607 575 621 253 785 618 630 553 577 435 1063 599 0 350 1096 779 616 971 1013 663 100 413 1039 800 1380 843 627 1240 785 217 1212
726 581 691 1201 108 336 515 716 421 1035 713 725 647 827 685 1313 694 350 0 1015 698 710 890 932 913 350 142 958 1050 1359 762 721 1159 1035 384 1355
1551 842 1515 853 977 1272 776 1541 1173 935 1538 1550 1472 908 907 966 1519 1096 1015 0 450 1535 278 125 994 1014 1078 296 951 398 564 1546 198 935 1136 394
1186 451 1150 711 650 945 386 1176 808 545 1173 1185 1107 518 517 823 1154 758 688 450 0 1170 325 367 604 687 751 393 560 795 384 1181 594 545 771 791
119 907 99 1363 745 476 987 107 400 1197 120 106 86 990 848 1476 102 616 710 1535 1218 0 1410 1452 1075 615 659 1478 1213 1793 1282 123 1679 1198 545 1625
1425 717 1390 976 852 1147 651 1416 1047 810 1413 1425 1347 783 782 1088 1393 971 890 278 325 1410 0 195 869 889 953 221 826 623 438 1421 422 810 1011 619
1467 759 1432 925 894 1189 693 1458 1089 852 1455 1467 1389 825 824 1037 1435 1013 932 125 367 1452 195 0 911 931 995 213 868 469 480 1463 269 852 1053 465
1091 481 1056 797 875 1170 561 1081 713 631 1078 1090 1012 314 422 909 1059 663 913 1178 787 1075 1052 1094 0 662 976 1120 647 1226 1111 1086 1282 631 676 1059
631 494 595 950 312 607 514 621 253 784 618 630 552 576 435 1062 599 100 350 1014 697 615 889 931 662 0 413 957 800 1358 761 626 1158 784 216 1212
675 644 640 1264 191 285 578 665 484 1098 662 674 596 890 748 1376 643 413 142 1078 761 659 953 995 976 413 0 1021 1114 1422 825 670 1222 1098 447 1418
1493 784 1458 1044 920 1215 719 1484 1115 878 1480 1493 1415 851 850 1156 1461 1039 958 296 393 1478 221 213 937 957 1021 0 893 640 506 1489 440 878 1079 636
1228 619 1193 370 1012 1308 699 1219 850 101 1216 1228 1150 561 559 482 1196 800 1050 940 549 1213 815 857 647 800 1114 882 0 799 874 1224 855 34 814 631
1808 1186 1773 654 1321 1616 1120 1798 1430 783 1795 1807 1730 1141 1139 766 1776 1380 1359 398 795 1793 623 469 1226 1358 1422 640 799 0 908 1804 255 784 1394 195
1297 776 1262 1035 724 1019 710 1288 919 869 1284 1297 1219 842 841 1147 1265 843 762 564 384 1282 438 480 928 761 825 506 885 908 0 1293 707 869 883 904
64 918 110 1374 756 487 998 52 411 1208 65 51 97 1001 859 1487 81 627 721 1546 1229 123 1421 1463 1086 626 670 1489 1224 1804 1293 0 1690 1209 556 1636
1694 986 1659 710 1121 1416 920 1685 1316 839 1682 1694 1616 1052 1051 822 1663 1240 1159 198 594 1679 422 269 1138 1158 1222 440 855 255 707 1690 0 839 1280 251
1213 604 1178 354 997 1292 684 1203 835 86 1200 1212 1135 545 544 466 1181 785 1035 924 534 1198 799 841 631 784 1098 867 34 784 858 1209 839 0 799 616
560 508 525 964 346 641 588 550 182 798 547 559 482 591 449 1076 528 217 384 1136 819 545 1011 1053 676 216 447 1079 814 1394 883 556 1280 799 0 1226
1640 1031 1605 486 1317 1612 1111 1631 1262 616 1628 1640 1562 973 971 598 1608 1212 1355 394 791 1625 619 465 1059 1212 1418 636 631 195 904 1636 251 616 1226 0
EOF