NAME : tsp_problem
TYPE : TSP
DIMENSION : 46
EDGE_WEIGHT_TYPE : EXPLICIT
EDGE_WEIGHT_FORMAT : FULL_MATRIX
EDGE_WEIGHT_SECTION
0 466 553 1329 1304 1304 831 779 668 720 334 383 912 1295 1326 1320 749 1289 1312 946 1312 271 939 364 774 1315 1036 314 271 792 1287 1312 1287 333 1313 946 665 557 465 856 1246 440 1321 187 575 1336
466 0 974 1432 1407 1406 1253 882 958 822 624 804 1015 1397 1428 1422 852 1391 1415 1049 1415 693 1042 311 877 1417 1139 735 561 1081 1390 1415 1389 755 1416 1048 955 978 84 958 1349 861 1424 477 997 1439
553 974 0 1838 1813 1812 477 1288 1177 1229 843 747 1421 1803 1834 1828 1258 1798 1821 1455 1821 635 1448 873 1283 1823 1545 678 780 1300 1796 1821 1795 697 1822 1454 1174 106 973 1364 1755 241 1830 696 221 1845
1329 1432 1838 0 232 56 1503 578 879 701 1230 1667 608 222 30 63 765 216 42 602 50 1556 602 1330 632 52 692 1598 1259 1120 65 113 67 1618 63 421 908 1841 1431 623 108 1725 61 1241 1773 41
1304 1407 1813 232 0 206 1478 553 854 676 1205 1642 583 58 228 222 740 52 215 577 215 1531 577 1305 607 217 667 1573 1233 1095 190 215 189 1593 216 396 883 1816 1406 598 149 1699 224 1216 1748 239
1304 1406 1812 56 206 0 1478 553 854 675 1205 1642 582 197 45 77 739 191 57 577 65 1531 577 1305 607 66 667 1573 1233 1095 80 118 82 1593 78 396 883 1816 1405 597 83 1699 76 1216 1748 56
831 1253 477 1503 1478 1478 0 1094 839 1134 675 1025 1444 1469 1500 1494 1281 1463 1486 1120 1486 914 1471 1151 1148 1489 1210 956 736 940 1461 1486 1461 976 1487 1120 868 481 1252 1056 1420 519 1495 821 375 1510
779 882 1288 578 553 553 1094 0 470 189 772 1118 378 544 575 569 215 538 561 195 561 1007 406 781 100 564 286 1049 709 711 536 562 536 1069 562 195 499 1292 881 111 496 1175 570 692 1310 586
666 956 1175 879 854 854 839 470 0 510 567 1004 787 845 876 870 624 839 862 496 862 893 815 854 524 865 587 935 522 457 837 862 837 955 863 496 140 1178 955 432 797 1061 871 505 1110 887
720 822 1229 701 676 675 1134 189 510 0 713 1058 437 666 697 691 274 660 684 318 684 947 464 721 243 686 408 989 649 751 659 684 658 1009 685 317 539 1232 822 151 618 1115 693 632 1251 708
334 624 843 1274 1249 1248 913 762 588 702 0 673 895 1240 1271 1264 731 1234 1257 891 1257 561 922 523 757 1259 981 604 80 711 1232 1257 1232 623 1258 891 585 847 623 827 1191 730 1266 173 865 1281
383 804 747 1667 1642 1642 1025 1118 1007 1058 673 0 1250 1633 1664 1658 1087 1627 1650 1284 1651 135 1278 703 1113 1653 1375 177 609 1130 1626 1651 1625 197 1652 1284 1004 750 803 1194 1585 633 1659 525 769 1675
912 1015 1421 608 583 582 1444 378 758 437 905 1250 0 573 604 598 251 567 591 545 591 1139 104 913 373 593 635 1181 842 1061 566 591 565 1201 592 544 755 1424 1014 460 525 1308 600 824 1443 615
1295 1397 1803 222 58 197 1469 544 845 666 1196 1633 573 0 219 213 730 38 205 568 206 1522 568 1296 598 208 658 1564 1224 1086 181 206 180 1584 207 387 874 1807 1396 588 140 1690 214 1207 1739 230
1326 1428 1834 30 228 45 1500 575 876 697 1227 1664 604 219 0 51 761 213 31 599 39 1553 599 1327 629 40 689 1595 1255 1117 54 102 56 1615 52 418 905 1838 1427 619 105 1721 50 1238 1770 30
1320 1422 1828 63 222 77 1494 569 870 691 1221 1658 598 213 51 0 755 207 63 593 71 1547 593 1321 623 73 683 1589 1249 1111 86 134 88 1609 84 412 899 1832 1421 613 98 1715 82 1232 1764 62
749 852 1258 765 740 739 1281 215 595 274 742 1087 251 730 761 755 0 724 748 382 748 976 278 750 210 750 472 1018 678 898 723 748 722 1038 749 381 592 1261 851 297 682 1144 757 661 1280 772
1289 1391 1798 216 52 191 1463 538 839 660 1190 1627 567 38 213 207 724 0 200 562 200 1516 562 1290 592 202 652 1558 1218 1080 175 200 174 1578 201 381 868 1801 1391 583 134 1684 209 1201 1733 224
1312 1415 1821 42 215 57 1486 561 862 684 1213 1650 591 205 31 63 748 200 0 585 51 1539 585 1313 615 52 676 1582 1242 1103 65 113 68 1601 64 404 891 1824 1414 606 91 1708 62 1225 1756 42
946 1049 1455 602 577 577 1120 195 496 318 847 1284 545 568 599 593 382 562 585 0 585 1173 572 947 249 588 164 1215 875 737 560 585 560 1235 586 219 525 1458 1048 240 519 1341 594 858 1390 609
1312 1415 1821 50 215 65 1486 561 862 684 1213 1651 591 206 39 71 748 200 51 585 0 1539 586 1313 615 60 676 1582 1242 1104 73 121 76 1601 71 404 891 1825 1414 606 91 1708 70 1225 1756 50
271 693 635 1556 1531 1531 914 1007 896 947 561 135 1139 1522 1553 1547 976 1516 1539 1173 1539 0 1166 591 1002 1542 1263 66 498 1019 1514 1539 1514 85 1540 1173 892 639 692 1083 1473 522 1548 414 657 1563
939 1042 1448 602 577 577 1471 406 786 464 932 1278 104 568 599 593 278 562 585 572 586 1166 0 940 401 588 662 1209 869 1088 561 586 560 1228 587 572 782 1452 1041 488 520 1335 594 852 1470 610
364 311 873 1330 1305 1305 1151 781 857 721 523 703 913 1296 1327 1321 750 1290 1313 947 1313 591 940 0 776 1316 1038 634 459 980 1288 1313 1288 653 1314 947 853 877 276 857 1248 760 1322 375 895 1338
774 877 1283 632 607 607 1148 100 524 243 767 1113 373 598 629 623 210 592 615 249 615 1002 401 776 0 618 339 1044 704 765 590 615 590 1064 616 249 553 1287 876 165 549 1170 624 687 1305 639
1315 1417 1823 52 217 66 1489 564 865 686 1216 1653 593 208 40 73 750 202 52 588 60 1542 588 1316 618 0 678 1584 1244 1106 75 123 77 1604 73 407 894 1827 1416 608 93 1710 71 1227 1759 51
1036 1139 1545 692 667 667 1210 286 587 408 938 1375 635 658 689 683 472 652 676 164 676 1263 662 1038 339 678 0 1306 966 828 651 676 650 1325 677 309 616 1549 1138 330 610 1432 685 949 1481 700
314 735 678 1598 1573 1573 956 1049 938 989 604 177 1181 1564 1595 1589 1018 1558 1582 1215 1582 66 1209 634 1044 1584 1306 0 540 1061 1557 1582 1556 124 1583 1215 935 681 734 1125 1516 564 1591 457 700 1606
271 561 780 1211 1185 1185 849 699 525 639 80 609 831 1176 1207 1201 668 1170 1194 827 1194 498 858 459 694 1196 918 540 0 648 1169 1194 1168 560 1195 827 521 783 560 764 1128 666 1203 110 802 1218
975 1265 1313 1120 1095 1095 940 711 457 751 667 1313 1061 1086 1117 1111 898 1080 1103 737 1104 1202 1088 1163 765 1106 828 1244 729 0 1079 1104 1078 1264 1104 737 486 1316 1264 673 1038 1355 1112 814 1210 1128
1287 1390 1796 65 190 80 1461 536 837 659 1188 1626 566 181 54 86 723 175 65 560 73 1514 561 1288 590 75 651 1557 1217 1079 0 102 76 1576 86 379 866 1800 1389 581 66 1683 84 1200 1731 64
1312 1415 1821 113 215 118 1486 562 862 684 1214 1651 591 206 102 134 748 200 113 585 121 1539 586 1313 615 123 676 1582 1242 1104 102 0 101 1601 128 404 892 1825 1414 606 91 1708 132 1225 1757 112
1287 1389 1795 67 189 82 1461 536 837 658 1188 1625 565 180 56 88 722 174 68 560 76 1514 560 1288 590 77 650 1556 1216 1078 76 101 0 1576 89 379 866 1799 1388 580 66 1682 87 1199 1731 67
333 755 697 1618 1593 1593 976 1069 958 1009 623 197 1201 1584 1615 1609 1038 1578 1601 1235 1601 85 1228 653 1064 1604 1325 124 560 1081 1576 1601 1576 0 1602 1235 954 701 754 1145 1535 584 1610 476 719 1625
1313 1416 1822 63 216 78 1487 562 863 685 1214 1652 592 207 52 84 749 201 64 586 71 1540 587 1314 616 73 677 1583 1243 1104 86 128 89 1602 0 405 892 1826 1415 607 92 1709 82 1226 1757 63
946 1048 1454 421 396 396 1120 195 496 317 847 1284 544 387 418 412 381 381 404 219 404 1173 572 947 249 407 309 1215 875 737 379 404 379 1235 405 0 525 1458 1047 239 339 1341 413 858 1390 429
663 952 1171 908 883 883 868 499 140 539 582 1001 784 874 905 899 621 868 891 525 891 890 811 851 553 894 616 932 519 486 866 892 866 952 892 525 0 1175 951 461 826 1058 900 502 1139 916
557 978 106 1841 1816 1816 481 1292 1181 1232 847 750 1424 1807 1838 1832 1261 1801 1824 1458 1825 639 1452 877 1287 1827 1549 681 783 1304 1800 1825 1799 701 1826 1458 1178 0 977 1368 1759 244 1833 699 224 1849
465 84 973 1431 1406 1405 1252 881 957 822 623 803 1014 1396 1427 1421 851 1391 1414 1048 1414 692 1041 276 876 1416 1138 734 560 1080 1389 1414 1388 754 1415 1047 954 977 0 957 1348 860 1423 476 996 1438
856 958 1364 623 598 597 1056 111 432 151 783 1194 460 588 619 613 297 583 606 240 606 1083 488 857 165 608 330 1125 785 673 581 606 580 1145 607 239 461 1368 957 0 540 1251 615 768 1326 630
1246 1349 1755 108 149 83 1420 496 797 618 1148 1585 525 140 105 98 682 134 91 519 91 1473 520 1248 549 93 610 1516 1176 1038 66 91 66 1535 92 339 826 1759 1348 540 0 1642 100 1159 1691 115
440 861 241 1725 1699 1699 519 1175 1064 1115 730 633 1308 1690 1721 1715 1144 1684 1708 1341 1708 522 1335 760 1170 1710 1432 564 666 1187 1683 1708 1682 584 1709 1341 1061 244 860 1251 1642 0 1717 583 263 1732
1321 1424 1830 61 224 76 1495 570 871 693 1222 1659 600 214 50 82 757 209 62 594 70 1548 594 1322 624 71 685 1591 1251 1112 84 132 87 1610 82 413 900 1833 1423 615 100 1717 0 1234 1765 61
187 477 696 1193 1168 1168 832 682 508 622 173 525 814 1159 1190 1184 651 1153 1177 810 1177 414 841 375 677 1179 901 457 110 631 1152 1177 1151 476 1178 810 504 699 476 746 1111 583 1186 0 718 1201
575 997 221 1773 1748 1748 375 1310 1110 1251 865 769 1443 1739 1770 1764 1280 1733 1756 1390 1756 657 1470 895 1305 1759 1481 700 802 1210 1731 1757 1731 719 1757 1390 1139 224 996 1326 1691 263 1765 718 0 1781
1336 1439 1845 41 239 56 1510 586 887 708 1238 1675 615 230 30 62 772 224 42 609 50 1563 610 1338 639 51 700 1606 1266 1128 64 112 67 1625 63 429 916 1849 1438 630 115 1732 61 1249 1781 0
EOF