NAME : tsp_problem
TYPE : TSP
DIMENSION : 32
EDGE_WEIGHT_TYPE : EXPLICIT
EDGE_WEIGHT_FORMAT : FULL_MATRIX
EDGE_WEIGHT_SECTION
0 599 1159 1149 377 1419 914 1236 758 611 1114 1205 189 643 1178 608 619 619 624 557 1482 816 585 622 607 1085 584 560 621 1347 345 622
599 0 1597 1587 789 1831 1326 1674 1196 92 1552 1617 704 1081 1616 79 87 74 75 90 1894 1254 87 74 94 1524 87 93 73 1759 670 69
1159 1597 0 484 927 815 1143 571 557 1609 449 1127 984 588 281 1605 1617 1616 1621 1555 878 371 1582 1620 1605 310 1582 1558 1619 743 1088 1619
1149 1587 484 0 918 373 752 130 547 1599 64 685 974 578 504 1595 1607 1607 1611 1545 436 362 1573 1610 1595 411 1572 1548 1609 301 1078 1610
377 789 1042 1032 0 1136 631 1115 829 801 997 922 482 780 1061 798 810 809 814 747 1199 699 775 813 797 968 774 750 811 1064 638 812
1419 1831 815 373 1136 0 672 271 878 1843 394 605 1305 909 835 1840 1851 1851 1856 1789 133 692 1817 1854 1839 742 1816 1792 1853 92 1409 1854
914 1326 1132 752 631 672 0 651 919 1338 774 458 1019 949 1151 1334 1346 1345 1350 1284 735 789 1312 1349 1334 1058 1311 1287 1348 600 1175 1349
1236 1674 571 130 1005 271 651 0 635 1687 151 584 1062 665 591 1683 1695 1694 1699 1633 335 449 1660 1698 1682 498 1660 1636 1697 200 1166 1697
758 1196 557 547 714 878 930 635 0 1209 512 1190 584 188 577 1205 1217 1216 1221 1155 941 214 1182 1220 1204 484 1182 1158 1219 806 688 1219
611 92 1609 1599 801 1843 1338 1687 1209 0 1564 1629 716 1094 1629 75 83 70 71 102 1906 1266 92 70 90 1536 94 105 69 1771 682 65
1114 1552 449 64 882 394 774 151 512 1564 0 707 939 543 469 1560 1572 1571 1576 1510 457 326 1538 1575 1560 376 1537 1513 1574 322 1043 1574
1205 1617 1127 685 922 605 458 584 1190 1629 707 0 1310 1221 1147 1625 1637 1636 1641 1575 668 1005 1603 1640 1625 1054 1602 1578 1639 533 1466 1640
189 704 984 974 482 1305 1019 1062 584 716 939 1310 0 469 1004 712 724 723 728 662 1368 641 690 727 712 911 689 665 726 1233 282 727
643 1081 588 578 745 909 960 665 188 1094 543 1221 469 0 607 1090 1102 1101 1106 1040 972 245 1067 1105 1089 515 1067 1043 1104 837 573 1104
1178 1616 281 504 947 835 1162 591 577 1629 469 1147 1004 607 0 1625 1637 1636 1641 1575 898 391 1602 1640 1624 112 1602 1578 1639 763 1108 1639
608 79 1605 1595 798 1840 1334 1683 1205 75 1560 1625 712 1090 1625 0 71 57 59 98 1903 1262 79 58 77 1532 81 101 57 1768 678 52
619 87 1617 1607 810 1851 1346 1695 1217 83 1572 1637 724 1102 1637 71 0 66 67 110 1915 1274 87 66 85 1544 90 113 65 1780 690 61
619 74 1616 1607 809 1851 1345 1694 1216 70 1571 1636 723 1101 1636 57 66 0 54 109 1914 1273 74 53 72 1543 76 112 52 1779 689 47
624 75 1621 1611 814 1856 1350 1699 1221 71 1576 1641 728 1106 1641 59 67 54 0 114 1919 1278 75 54 73 1548 78 117 53 1784 694 49
557 90 1555 1545 747 1789 1284 1633 1155 102 1510 1575 662 1040 1575 98 110 109 114 0 1852 1212 76 113 98 1482 75 51 112 1717 628 113
1482 1894 878 436 1199 133 735 335 941 1906 457 668 1368 972 898 1903 1915 1914 1919 1852 0 756 1880 1918 1902 805 1879 1855 1916 155 1472 1917
816 1254 371 362 584 692 800 449 214 1266 326 1005 641 245 391 1262 1274 1273 1278 1212 756 0 1240 1277 1262 298 1239 1215 1276 621 745 1276
585 87 1582 1573 775 1817 1312 1660 1182 92 1538 1603 690 1067 1602 79 87 74 75 76 1880 1240 0 74 94 1509 72 79 74 1745 656 69
622 74 1620 1610 813 1854 1349 1698 1220 70 1575 1640 727 1105 1640 58 66 53 54 113 1918 1277 74 0 72 1547 77 116 52 1783 693 48
607 94 1605 1595 797 1839 1334 1682 1204 90 1560 1625 712 1089 1624 77 85 72 73 98 1902 1262 94 72 0 1531 95 101 72 1767 678 67
1085 1524 310 411 854 742 1069 498 484 1536 376 1054 911 515 112 1532 1544 1543 1548 1482 805 298 1509 1547 1531 0 1509 1485 1546 670 1015 1546
584 87 1582 1572 774 1816 1311 1660 1182 94 1537 1602 689 1067 1602 81 90 76 78 75 1879 1239 72 77 95 1509 0 78 76 1744 655 71
560 93 1558 1548 750 1792 1287 1636 1158 105 1513 1578 665 1043 1578 101 113 112 117 51 1855 1215 79 116 101 1485 78 0 115 1720 631 116
621 73 1619 1609 811 1853 1348 1697 1219 69 1574 1639 726 1104 1639 57 65 52 53 112 1916 1276 74 52 72 1546 76 115 0 1781 692 47
1347 1759 743 301 1064 92 600 200 806 1771 322 533 1233 837 763 1768 1780 1779 1784 1717 155 621 1745 1783 1767 670 1744 1720 1781 0 1337 1782
345 670 1088 1078 638 1409 1175 1166 688 682 1043 1466 282 573 1108 678 690 689 694 628 1472 745 656 693 678 1015 655 631 692 1337 0 693
622 69 1619 1610 812 1854 1349 1697 1219 65 1574 1640 727 1104 1639 52 61 47 49 113 1917 1276 69 48 67 1546 71 116 47 1782 693 0
EOF