NAME : tsp_problem
TYPE : TSP
DIMENSION : 52
EDGE_WEIGHT_TYPE : EXPLICIT
EDGE_WEIGHT_FORMAT : FULL_MATRIX
EDGE_WEIGHT_SECTION
0 1581 1930 48 62 40 34 244 1302 1504 1475 233 1216 43 95 582 969 235 1873 1240 31 229 37 227 48 940 218 90 486 1499 697 520 1598 47 49 42 928 1111 53 37 1509 437 1482 1284 1427 89 72 225 1385 23 1856 43
1581 0 693 1563 1562 1571 1565 1567 587 180 130 1556 500 1564 1534 1117 891 1558 550 525 1568 1552 1577 1551 1564 862 1541 1532 1285 175 1080 1096 419 1562 1555 1577 850 498 1543 1562 743 1322 135 326 182 1526 1548 1548 1032 1577 532 1578
1930 693 0 1912 1912 1920 1914 1916 1023 541 588 1906 936 1913 1883 1441 1214 1907 412 960 1917 1901 1926 1900 1913 1185 1890 1881 1721 547 1516 1464 855 1911 1904 1926 1174 933 1892 1911 480 1757 594 762 618 1875 1897 1897 770 1926 394 1927
48 1563 1912 0 82 60 54 226 1284 1486 1457 215 1197 63 96 564 951 217 1855 1222 51 211 57 209 68 921 200 94 468 1480 678 502 1580 67 69 62 910 1093 73 56 1491 419 1464 1266 1409 88 92 207 1367 43 1837 63
62 1562 1912 82 0 75 68 225 1283 1485 1457 215 1197 78 96 564 950 216 1855 1221 65 210 72 209 83 921 199 94 467 1480 678 502 1579 81 84 77 909 1093 88 71 1491 418 1463 1265 1408 88 107 206 1366 58 1837 77
40 1571 1920 60 75 0 46 233 1291 1493 1465 223 1205 56 104 572 958 225 1863 1229 43 218 50 217 61 929 207 102 475 1488 686 510 1588 59 62 54 917 1101 66 49 1499 427 1471 1273 1417 96 85 215 1374 36 1845 55
34 1565 1914 54 68 46 0 228 1286 1488 1459 217 1199 49 98 566 953 219 1857 1224 37 213 43 211 54 923 202 96 470 1482 680 504 1582 53 56 48 912 1095 60 43 1493 421 1466 1268 1411 90 78 209 1369 29 1840 49
244 1567 1916 226 225 233 228 0 1288 1490 1461 75 1201 226 197 568 955 77 1859 1226 231 78 240 84 227 925 79 195 471 1484 682 506 1584 225 218 239 914 1097 206 225 1495 423 1468 1270 1413 189 211 77 1371 240 1841 241
1302 587 1023 1284 1283 1291 1286 1288 0 510 481 1277 181 1284 1255 839 799 1279 879 80 1289 1273 1298 1271 1285 770 1262 1253 1006 504 801 817 604 1283 1276 1298 758 218 1264 1283 1072 1042 487 289 433 1247 1269 1269 1034 1298 861 1299
1504 180 541 1486 1485 1493 1488 1490 510 0 75 1479 423 1487 1457 1040 814 1481 398 447 1491 1475 1500 1473 1487 784 1464 1455 1208 90 1003 1019 342 1485 1478 1500 773 420 1466 1485 591 1244 81 249 105 1449 1471 1471 881 1500 380 1501
1475 130 588 1457 1457 1465 1459 1461 481 75 0 1451 395 1458 1428 1011 785 1453 444 419 1462 1446 1472 1445 1458 756 1435 1426 1179 69 974 990 314 1456 1449 1471 744 392 1437 1456 637 1216 52 220 77 1420 1442 1443 927 1471 426 1472
233 1556 1906 215 215 223 217 75 1277 1479 1451 0 1191 216 186 558 944 66 1849 1215 220 67 230 73 216 915 69 184 461 1474 672 496 1574 214 207 229 903 1087 195 214 1485 412 1457 1259 1403 178 200 67 1360 229 1831 230
1216 500 936 1197 1197 1205 1199 1201 181 423 395 1191 0 1198 1168 753 712 1193 793 119 1202 1186 1212 1185 1199 683 1175 1166 919 418 714 730 517 1196 1189 1211 672 132 1177 1196 985 956 401 203 346 1160 1183 1183 947 1211 775 1212
43 1564 1913 63 78 56 49 226 1284 1487 1458 216 1198 0 97 565 951 218 1856 1222 46 211 53 210 64 922 200 95 468 1481 679 503 1581 62 65 57 911 1094 69 52 1492 420 1464 1266 1410 89 88 208 1367 39 1838 58
95 1534 1883 96 96 104 98 197 1255 1457 1428 186 1168 97 0 535 922 188 1826 1193 98 182 104 180 97 892 171 65 439 1451 649 473 1551 95 88 109 881 1064 76 95 1462 390 1435 1237 1380 59 81 178 1338 91 1808 110
582 1118 1441 564 564 572 566 568 839 1041 1012 558 753 565 535 0 479 559 1410 777 569 553 578 552 565 450 542 533 593 1036 157 116 1135 563 556 578 438 648 544 563 1020 630 1019 821 964 527 549 549 895 578 1393 579
969 1074 1214 951 950 958 953 955 982 997 968 944 896 951 922 479 0 946 1195 920 956 940 965 938 952 52 928 920 1030 991 594 503 1091 950 943 964 103 893 931 950 794 1067 975 777 920 914 936 936 669 965 1178 965
235 1558 1907 217 216 225 219 77 1279 1481 1453 66 1193 218 188 559 946 0 1851 1217 222 69 231 75 218 917 70 186 463 1476 674 497 1575 216 209 231 905 1088 197 216 1487 414 1459 1261 1404 180 202 69 1362 231 1833 232
1873 550 412 1855 1855 1863 1857 1859 879 398 444 1849 793 1856 1826 1409 1183 1851 0 817 1860 1844 1870 1843 1856 1154 1833 1824 1577 403 1372 1388 712 1854 1847 1869 1142 790 1835 1854 461 1614 450 618 475 1818 1840 1841 751 1869 58 1870
1240 525 960 1222 1221 1229 1224 1226 80 447 419 1215 119 1222 1193 777 737 1217 817 0 1227 1211 1236 1209 1223 707 1200 1191 944 442 739 755 542 1221 1214 1235 696 156 1202 1221 1010 980 425 227 371 1185 1207 1207 972 1236 799 1237
31 1568 1917 51 65 43 37 231 1289 1491 1462 220 1202 46 98 569 956 222 1860 1227 0 216 40 214 51 926 205 93 472 1485 683 507 1585 50 53 45 915 1098 57 40 1496 424 1469 1271 1414 92 75 212 1372 26 1842 46
229 1552 1901 211 210 218 213 78 1273 1475 1446 67 1186 211 182 553 940 69 1844 1211 216 0 225 69 212 910 64 180 456 1469 667 491 1569 210 203 224 899 1082 191 210 1480 408 1453 1255 1398 174 196 67 1356 225 1826 226
37 1577 1926 57 72 50 43 240 1298 1500 1472 230 1212 53 104 578 965 231 1870 1236 40 225 0 224 58 936 214 99 482 1495 693 517 1594 56 59 52 924 1108 63 46 1506 433 1478 1280 1423 99 82 221 1381 33 1852 52
227 1551 1900 209 209 217 211 84 1271 1473 1445 73 1185 210 180 552 938 75 1843 1209 214 69 224 0 211 909 63 178 455 1468 666 490 1568 208 201 223 897 1081 189 208 1479 407 1451 1253 1397 172 195 65 1354 223 1825 224
48 1564 1913 68 83 61 54 227 1285 1487 1458 216 1199 64 97 565 952 218 1856 1223 51 212 58 211 0 923 201 96 469 1482 680 503 1581 67 70 63 911 1094 74 57 1493 420 1465 1267 1410 90 93 208 1368 44 1839 63
940 1045 1185 921 921 929 923 925 953 968 939 915 866 922 892 450 52 917 1166 891 926 910 936 909 923 0 899 890 1001 962 565 473 1062 920 913 935 74 864 901 921 764 1038 945 748 891 884 907 907 640 935 1148 936
218 1541 1890 200 199 207 202 79 1262 1464 1435 69 1175 200 171 542 928 70 1833 1200 205 64 214 63 201 899 0 169 445 1458 656 480 1558 199 192 213 888 1071 180 199 1469 397 1441 1244 1387 163 185 60 1345 214 1815 215
90 1532 1881 94 94 102 96 195 1253 1455 1426 184 1166 95 65 533 920 186 1824 1191 93 180 99 178 96 890 169 0 437 1450 647 471 1549 93 86 104 879 1062 74 93 1460 388 1433 1235 1378 57 80 176 1336 86 1807 105
486 1285 1721 468 467 475 470 471 1006 1208 1179 461 919 468 439 593 1030 463 1577 944 472 456 482 455 469 1001 445 437 0 1202 655 565 1302 466 460 481 989 815 448 467 1571 115 1186 988 1131 431 453 453 1446 482 1559 482
1499 175 547 1480 1480 1488 1482 1484 504 90 69 1474 418 1481 1451 1035 808 1476 403 442 1485 1469 1495 1468 1482 779 1458 1450 1202 0 997 1013 337 1479 1472 1494 767 415 1461 1480 596 1239 76 243 100 1443 1466 1466 886 1494 386 1495
697 1080 1516 678 678 686 680 682 801 1003 974 672 714 679 649 157 594 674 1372 739 683 667 693 666 680 565 656 647 655 997 0 211 1097 677 670 692 553 610 658 677 1135 692 980 782 926 641 664 664 1010 692 1354 693
520 1096 1464 502 502 510 504 506 817 1019 990 496 730 503 473 116 503 497 1388 755 507 491 517 490 503 473 480 471 565 1013 211 0 1113 501 494 516 462 626 482 501 1043 601 997 799 942 465 487 487 919 516 1371 517
1598 419 855 1580 1579 1588 1582 1584 604 342 314 1574 517 1581 1551 1134 908 1575 712 542 1585 1569 1594 1568 1581 879 1558 1549 1302 337 1097 1113 0 1579 1572 1594 867 515 1560 1579 905 1339 320 343 266 1543 1565 1565 1143 1594 694 1595
47 1562 1911 67 81 59 53 225 1283 1485 1456 214 1196 62 95 563 950 216 1854 1221 50 210 56 208 67 920 199 93 466 1479 677 501 1579 0 68 61 909 1092 72 56 1490 418 1463 1265 1408 87 91 206 1366 42 1836 62
49 1555 1904 69 84 62 56 218 1276 1478 1449 207 1189 65 88 556 943 209 1847 1214 53 203 59 201 70 913 192 86 460 1472 670 494 1572 68 0 64 902 1085 75 58 1483 411 1456 1258 1401 80 94 199 1359 45 1830 65
42 1577 1926 62 77 54 48 239 1298 1500 1471 229 1211 57 109 578 964 231 1869 1235 45 224 52 223 63 935 213 104 481 1494 692 516 1594 61 64 0 924 1107 68 51 1505 433 1477 1279 1423 102 87 221 1380 38 1851 57
928 1033 1174 910 909 917 912 914 941 956 928 903 855 911 881 438 103 905 1155 879 915 899 924 897 911 74 888 879 989 951 553 462 1050 909 902 924 0 852 890 909 753 1026 934 736 879 873 895 895 628 924 1137 925
1111 498 933 1093 1093 1101 1095 1097 218 420 392 1087 132 1094 1064 648 710 1088 790 156 1098 1082 1108 1081 1094 680 1071 1062 815 415 610 626 515 1092 1085 1107 669 0 1073 1092 983 852 398 200 344 1056 1078 1078 945 1107 772 1108
53 1543 1892 73 88 66 60 206 1264 1466 1437 195 1177 69 76 544 931 197 1835 1202 57 191 63 189 74 901 180 74 448 1461 658 482 1560 72 75 68 890 1073 0 62 1471 399 1444 1246 1389 68 91 187 1347 49 1818 69
37 1562 1911 56 71 49 43 225 1283 1485 1456 214 1196 52 95 563 950 216 1854 1221 40 210 46 208 57 921 199 93 467 1480 677 501 1579 56 58 51 909 1092 62 0 1490 418 1463 1265 1408 87 81 206 1366 32 1837 52
1509 743 480 1491 1491 1499 1493 1495 1072 591 637 1485 985 1492 1462 1020 794 1487 461 1010 1496 1480 1506 1479 1493 764 1469 1460 1571 596 1135 1043 905 1490 1483 1505 753 983 1471 1490 0 1608 643 811 668 1454 1477 1477 349 1505 444 1506
437 1322 1757 419 418 427 421 423 1042 1244 1216 412 956 420 390 630 1067 414 1614 980 424 408 433 407 420 1038 397 388 115 1239 692 601 1339 418 411 433 1026 852 399 418 1608 0 1222 1024 1168 382 404 404 1483 433 1596 434
1482 135 594 1464 1463 1471 1466 1468 487 81 52 1457 401 1464 1435 1018 791 1459 450 425 1469 1453 1478 1451 1465 762 1441 1433 1186 76 980 997 320 1463 1456 1477 751 398 1444 1463 643 1222 0 226 83 1427 1449 1449 933 1478 433 1479
1284 326 762 1266 1265 1273 1268 1270 289 249 220 1259 203 1266 1237 820 593 1261 618 227 1271 1255 1280 1253 1267 564 1244 1235 988 243 782 799 343 1265 1258 1279 553 200 1246 1265 811 1024 226 0 172 1229 1251 1251 828 1280 600 1281
1427 182 618 1409 1408 1417 1411 1413 433 105 77 1403 346 1410 1380 963 737 1404 475 371 1414 1398 1423 1397 1410 708 1387 1378 1131 100 926 942 266 1408 1401 1423 696 344 1389 1408 668 1168 83 172 0 1372 1394 1394 957 1423 457 1424
89 1526 1875 88 88 96 90 189 1247 1449 1420 178 1160 89 59 527 914 180 1818 1185 92 174 99 172 90 884 163 57 431 1443 641 465 1543 87 80 102 873 1056 68 87 1454 382 1427 1229 1372 0 74 170 1330 85 1801 103
72 1548 1897 92 107 85 78 211 1269 1471 1442 200 1183 88 81 549 936 202 1840 1207 75 196 82 195 93 907 185 80 453 1466 664 487 1565 91 94 87 895 1078 91 81 1477 404 1449 1251 1394 74 0 192 1352 68 1823 87
225 1548 1897 207 206 215 209 77 1269 1471 1443 67 1183 208 178 549 936 69 1841 1207 212 67 221 65 208 907 60 176 453 1466 664 487 1565 206 199 221 895 1078 187 206 1477 404 1449 1251 1394 170 192 0 1352 221 1823 222
1385 1032 770 1367 1366 1374 1369 1371 1023 881 927 1360 936 1367 1338 895 669 1362 751 961 1372 1356 1381 1354 1368 640 1345 1336 1446 886 1010 919 1132 1366 1359 1380 628 934 1347 1366 349 1483 933 817 957 1330 1352 1352 0 1381 733 1382
23 1577 1926 43 58 36 29 240 1298 1500 1471 229 1211 39 91 578 965 231 1869 1236 26 225 33 223 44 935 214 86 482 1494 692 516 1594 42 45 38 924 1107 49 32 1505 433 1478 1280 1423 85 68 221 1381 0 1852 39
1856 532 394 1837 1837 1845 1840 1841 861 380 426 1831 775 1838 1808 1392 1165 1833 58 799 1842 1826 1852 1825 1839 1136 1815 1807 1559 386 1354 1371 694 1836 1830 1851 1124 772 1818 1837 444 1596 433 600 457 1801 1823 1823 733 1852 0 1852
43 1578 1927 63 77 55 49 241 1299 1501 1472 230 1212 58 110 579 965 232 1870 1237 46 226 52 224 63 936 215 105 482 1495 693 517 1595 62 65 57 925 1108 69 52 1506 434 1479 1281 1424 103 87 222 1382 39 1852 0
EOF