NAME : tsp_problem
TYPE : TSP
DIMENSION : 42
EDGE_WEIGHT_TYPE : EXPLICIT
EDGE_WEIGHT_FORMAT : FULL_MATRIX
EDGE_WEIGHT_SECTION
0 594 1282 1129 859 976 872 230 592 593 1664 552 587 1297 1025 912 782 600 788 158 795 586 220 1094 789 583 658 1682 1203 880 172 257 565 494 606 1718 894 261 579 592 1302 1005
594 0 1665 1512 1243 1002 1256 722 207 208 1690 167 365 1680 1408 1295 807 215 1036 652 1178 201 470 1477 1172 198 973 1708 1228 1238 666 737 386 632 222 1744 1223 741 194 207 1686 1031
1282 1665 0 248 661 1057 674 1090 1664 1665 1201 1624 1339 635 363 713 1003 1672 1049 1207 692 1658 1403 207 604 1655 918 1219 1103 660 1221 1106 1317 1127 1678 1255 674 1109 1651 1664 133 1086
1129 1512 248 0 507 904 520 937 1510 1511 1048 1470 1185 481 209 560 850 1518 895 1054 539 1504 1249 103 451 1502 765 1066 949 507 1068 952 1163 974 1525 1102 521 956 1497 1510 268 933
859 1243 661 507 0 822 211 667 1241 1242 1242 1201 916 675 403 250 768 1249 813 785 269 1235 980 473 182 1232 683 1260 867 424 799 683 894 705 1255 1296 439 687 1228 1241 681 851
976 1002 1241 1087 1005 0 1018 785 1001 1002 1057 961 675 1182 983 1058 314 1009 543 902 1037 994 1097 1053 949 992 481 1075 595 605 916 800 654 612 1015 1110 590 804 987 1000 1261 289
872 1256 674 520 211 835 0 680 1254 1255 1255 1214 929 688 416 97 780 1262 826 798 282 1248 993 486 195 1245 696 1273 880 437 812 696 907 718 1268 1309 452 700 1241 1254 694 864
230 722 1090 937 667 785 680 0 720 721 1472 680 395 1105 833 720 590 728 596 155 603 714 350 902 597 711 466 1490 1011 688 169 87 373 302 735 1526 702 91 707 720 1111 814
592 207 1664 1510 1241 1001 1254 720 0 92 1688 100 363 1679 1407 1294 806 79 1034 651 1177 90 468 1476 1170 72 972 1706 1227 1237 665 736 385 631 61 1742 1222 740 84 74 1684 1030
593 208 1665 1511 1242 1002 1255 721 92 0 1689 101 364 1680 1408 1295 807 100 1035 652 1178 104 469 1477 1171 93 973 1707 1228 1238 666 737 386 632 82 1743 1223 741 97 94 1685 1031
1664 1690 1201 1048 1242 1057 1255 1472 1688 1689 0 1649 1363 595 867 1295 1002 1697 1231 1590 1274 1682 1785 1013 1186 1680 1168 148 718 918 1604 1488 1342 1300 1703 112 903 1492 1675 1688 1222 1086
552 167 1624 1470 1201 961 1214 680 100 101 1649 0 323 1639 1367 1254 766 108 994 611 1137 94 429 1436 1130 91 932 1666 1187 1197 625 696 345 591 114 1702 1182 700 86 100 1644 990
587 365 1339 1185 916 675 929 395 363 364 1363 323 0 1353 1081 969 481 371 709 512 852 357 585 1151 845 354 647 1381 902 912 527 411 105 306 378 1417 897 414 350 363 1359 704
1297 1680 635 481 675 1072 688 1105 1679 1680 595 1639 1353 0 301 728 1018 1687 1063 1222 707 1672 1417 447 619 1670 933 613 843 675 1236 1121 1332 1142 1693 649 689 1124 1665 1678 655 1101
1025 1408 363 209 403 800 416 833 1407 1408 867 1367 1081 301 0 456 746 1415 791 950 435 1400 1145 175 347 1398 661 885 845 403 964 849 1060 870 1421 921 417 852 1393 1406 383 829
912 1295 713 560 250 875 97 720 1294 1295 1295 1254 969 728 456 0 820 1302 866 837 322 1288 1033 525 234 1285 736 1313 920 477 851 736 947 757 1308 1349 491 739 1281 1294 734 904
782 807 1090 936 854 314 867 590 806 807 1002 766 481 1104 833 907 0 814 269 707 857 800 902 902 798 797 207 1020 541 551 721 605 459 417 820 1056 536 609 793 806 1110 343
600 215 1672 1518 1249 1009 1262 728 79 100 1697 108 371 1687 1415 1302 814 0 1042 659 1185 98 476 1484 1178 81 980 1714 1235 1245 673 744 393 639 69 1750 1230 748 93 82 1692 1038
817 1036 1046 893 810 543 823 625 1034 1035 1231 994 709 1061 789 863 269 1042 0 742 813 1028 937 858 754 1025 241 1249 769 571 756 641 687 646 1049 1284 585 644 1021 1034 1066 572
158 652 1207 1054 785 902 798 155 651 652 1590 611 512 1222 950 837 707 659 713 0 720 645 278 1019 714 642 583 1608 1128 806 27 183 491 419 665 1644 820 186 637 651 1228 931
795 1178 692 538 279 853 292 603 1177 1178 1273 1137 852 706 434 332 799 1185 807 720 0 1171 916 504 223 1168 676 1291 898 455 735 619 830 640 1191 1327 470 622 1164 1177 712 882
586 201 1658 1504 1235 994 1248 714 90 104 1682 94 357 1672 1400 1288 800 98 1028 645 1171 0 462 1470 1164 91 966 1700 1221 1231 659 730 379 624 79 1736 1216 733 90 92 1678 1023
220 470 1403 1249 980 1097 993 350 468 469 1785 429 585 1417 1145 1033 902 476 908 278 916 462 0 1215 909 460 778 1803 1323 1001 292 378 607 614 483 1839 1015 382 455 468 1423 1126
1094 1477 207 103 473 869 486 902 1476 1477 1013 1436 1151 447 175 525 815 1484 861 1019 504 1470 1215 0 416 1467 730 1031 915 472 1034 918 1129 939 1490 1067 486 921 1463 1476 227 898
855 1238 676 523 264 837 277 663 1237 1238 1258 1197 912 691 419 317 783 1245 829 780 110 1230 975 488 0 1228 698 1276 883 440 794 679 890 700 1251 1311 454 682 1223 1236 697 866
583 198 1655 1502 1232 992 1245 711 72 93 1680 91 354 1670 1398 1285 797 81 1025 642 1168 91 460 1467 1161 0 963 1697 1218 1228 656 727 376 622 62 1733 1213 731 86 75 1675 1021
687 973 916 762 680 481 693 495 972 973 1168 932 647 930 658 733 207 980 241 612 683 966 807 728 624 963 0 1186 707 440 626 510 625 532 986 1222 455 514 959 972 936 509
1682 1708 1219 1066 1260 1075 1273 1490 1706 1707 148 1666 1381 613 885 1313 1020 1714 1249 1608 1292 1700 1803 1031 1204 1697 1186 0 736 936 1622 1506 1359 1318 1721 94 921 1510 1693 1706 1240 1104
1203 1228 1092 938 856 595 869 1011 1227 1228 718 1187 902 843 834 909 541 1235 769 1128 888 1221 1323 904 800 1218 707 736 0 456 1142 1027 880 839 1241 772 441 1030 1214 1227 1112 624
870 1215 660 507 424 582 437 678 1214 1215 1089 1174 889 675 403 477 528 1222 573 795 456 1208 990 472 368 1205 443 1107 627 0 809 694 867 715 1228 1143 30 697 1201 1214 680 611
172 666 1221 1068 799 916 812 169 665 666 1604 625 527 1236 964 851 721 673 727 27 735 659 292 1034 728 656 597 1622 1142 820 0 197 505 433 679 1658 834 200 652 665 1242 945
257 737 1106 952 683 800 696 87 736 737 1488 696 411 1121 849 736 605 744 612 183 619 730 378 918 612 727 481 1506 1027 704 197 0 389 318 750 1542 718 25 723 736 1126 829
565 386 1317 1163 894 654 907 373 385 386 1342 345 105 1332 1060 947 459 393 687 491 830 379 607 1129 823 376 625 1359 880 890 505 389 0 284 399 1395 875 393 372 385 1337 683
494 632 1127 974 705 612 718 302 631 632 1300 591 306 1142 870 757 417 639 633 419 640 624 614 939 634 622 503 1318 839 725 433 318 284 0 645 1354 740 321 617 630 1148 641
606 222 1678 1525 1255 1015 1268 735 61 82 1703 114 378 1693 1421 1308 820 69 1049 665 1191 79 483 1490 1185 62 986 1721 1241 1251 679 750 399 645 0 1757 1236 754 74 63 1699 1044
1718 1744 1255 1102 1296 1110 1309 1526 1742 1743 112 1702 1417 649 921 1349 1056 1750 1284 1644 1327 1736 1839 1067 1240 1733 1222 94 772 971 1658 1542 1395 1354 1757 0 956 1546 1729 1742 1276 1139
884 1230 674 521 439 596 452 692 1228 1229 1103 1188 903 689 417 491 542 1236 588 809 470 1222 1005 486 382 1219 457 1121 642 30 823 708 881 729 1242 1157 0 711 1215 1228 695 625
261 741 1109 956 687 804 700 91 740 741 1492 700 414 1124 852 739 609 748 615 186 622 733 382 921 616 731 485 1510 1030 708 200 25 393 321 754 1546 722 0 726 739 1130 833
579 194 1651 1497 1228 987 1241 707 84 97 1675 86 350 1665 1393 1281 793 93 1021 637 1164 90 455 1463 1157 86 959 1693 1214 1224 652 723 372 617 74 1729 1209 726 0 87 1671 1016
592 207 1664 1510 1241 1000 1254 720 74 94 1688 100 363 1678 1406 1294 806 82 1034 651 1177 92 468 1476 1170 75 972 1706 1227 1237 665 736 385 630 63 1742 1222 739 87 0 1684 1029
1302 1686 133 268 681 1078 694 1111 1684 1685 1222 1644 1359 655 383 734 1024 1692 1069 1228 713 1678 1423 227 625 1675 939 1240 1123 680 1242 1126 1337 1148 1699 1276 695 1130 1671 1684 0 1107
1005 1031 1270 1116 1034 289 1047 814 1030 1031 1086 990 704 1211 1012 1087 343 1038 572 931 1066 1023 1126 1082 978 1021 509 1104 624 634 945 829 683 641 1044 1139 619 833 1016 1029 1290 0
EOF