NAME : tsp_problem
TYPE : TSP
DIMENSION : 48
EDGE_WEIGHT_TYPE : EXPLICIT
EDGE_WEIGHT_FORMAT : FULL_MATRIX
EDGE_WEIGHT_SECTION
0 1601 73 1667 1667 94 80 1203 92 1456 108 1274 493 57 53 387 613 699 568 1630 1173 84 96 557 579 1592 742 1446 1673 1671 78 75 657 1689 996 219 78 62 584 92 1037 1377 1036 1278 94 66 207 1657
1601 0 1592 680 285 1550 1595 555 1590 808 1595 626 1360 1631 1624 1252 1164 1051 1223 644 525 1600 1592 1262 1234 181 1044 874 686 128 1544 1591 1146 578 985 1609 1588 1612 1207 1598 983 805 1025 631 1593 1603 1598 546
73 1592 0 1658 1658 85 79 1194 91 1448 99 1265 485 56 52 378 605 690 559 1622 1164 83 94 549 571 1583 733 1437 1664 1663 69 74 648 1681 987 210 77 61 576 91 1028 1368 1027 1270 93 65 199 1648
1667 680 1658 0 422 1616 1661 1178 1656 1431 1661 1249 1784 1697 1690 1318 1257 1475 1647 234 1148 1666 1658 1686 1658 804 1468 615 97 596 1610 1657 1570 1201 1026 1675 1654 1678 1630 1663 1207 547 1066 1253 1659 1669 1664 1169
1667 285 1658 422 0 1616 1661 783 1656 1036 1661 854 1588 1696 1690 1318 1257 1279 1451 385 753 1666 1658 1490 1462 409 1272 615 428 201 1610 1657 1374 806 1026 1675 1654 1678 1435 1663 1207 547 1066 858 1659 1669 1664 774
94 1550 85 1616 1616 0 88 1152 82 1406 88 1223 443 123 117 337 563 648 517 1580 1122 93 84 507 529 1541 691 1395 1622 1621 37 83 606 1639 945 168 80 104 534 90 986 1326 985 1228 86 96 157 1607
80 1595 79 1661 1661 88 0 1197 97 1450 102 1268 487 63 59 381 607 693 562 1625 1167 90 99 552 573 1586 736 1440 1667 1665 72 81 651 1683 990 213 84 68 578 98 1031 1371 1030 1272 100 72 202 1651
1203 555 1194 1178 783 1152 1197 0 1192 370 1197 188 962 1233 1226 854 766 653 825 1141 87 1202 1194 864 836 546 646 1043 1184 625 1146 1193 748 643 774 1211 1190 1214 809 1199 773 975 815 192 1195 1205 1200 611
92 1590 91 1656 1656 82 97 1192 0 1445 97 1262 482 74 71 376 602 687 557 1619 1162 101 94 546 568 1581 731 1435 1662 1660 66 92 646 1678 985 207 90 79 573 99 1025 1366 1025 1267 95 83 196 1646
1456 808 1448 1431 1036 1406 1450 370 1445 0 1450 293 1215 1486 1480 1107 1020 907 1078 1395 306 1455 1447 1118 1090 799 900 1297 1437 879 1400 1446 1002 897 1028 1464 1443 1467 1062 1453 1026 1228 1068 203 1449 1459 1453 865
108 1595 99 1661 1661 88 102 1197 97 1450 0 1268 488 103 100 381 608 693 562 1625 1167 107 99 552 573 1586 736 1440 1667 1666 72 98 651 1683 990 213 95 108 579 105 1031 1371 1030 1272 101 111 202 1651
1274 626 1265 1249 854 1223 1268 188 1262 293 1268 0 1033 1303 1297 924 837 724 896 1212 123 1273 1264 935 907 617 717 1114 1254 696 1217 1263 819 714 845 1282 1261 1284 880 1270 843 1045 885 128 1266 1276 1271 682
493 1360 485 1784 1588 443 487 962 482 1215 488 1033 0 523 517 629 627 347 216 1747 932 492 484 205 227 1351 404 1563 1790 1430 437 483 305 1448 1113 501 480 504 232 490 931 1494 1153 1037 486 496 490 1416
57 1631 56 1697 1696 123 63 1233 74 1486 103 1303 523 0 36 417 643 728 598 1660 1203 66 78 587 609 1622 772 1476 1703 1701 107 57 687 1719 1026 248 60 44 614 74 1066 1407 1066 1308 77 49 237 1687
53 1624 52 1690 1690 117 59 1226 71 1480 100 1297 517 36 0 411 637 722 592 1654 1196 63 75 581 603 1615 765 1469 1696 1695 101 54 680 1713 1019 242 57 41 608 71 1060 1401 1060 1302 73 45 231 1681
387 1252 378 1318 1318 337 381 854 376 1107 381 924 629 417 411 0 264 400 571 1281 824 386 378 611 583 1243 393 1097 1324 1322 330 377 495 1340 647 395 374 398 555 384 687 1028 687 929 380 390 384 1308
613 1164 605 1257 1257 563 607 766 602 1020 608 837 627 643 637 264 0 318 490 1220 736 612 604 530 501 1155 311 1036 1263 1235 557 603 413 1253 586 621 600 624 474 610 626 967 626 842 606 616 610 1221
699 1051 690 1475 1279 648 693 653 687 907 693 724 347 728 722 400 318 0 210 1438 623 698 689 249 221 1042 104 1254 1481 1122 642 688 133 1140 804 707 686 709 193 695 622 1185 844 729 691 701 696 1107
568 1223 559 1647 1451 517 562 825 557 1078 562 896 216 598 592 571 490 210 0 1610 795 567 559 115 44 1214 267 1426 1653 1294 511 558 168 1311 976 576 555 579 92 565 794 1357 1016 900 560 571 565 1279
1630 644 1622 234 385 1580 1625 1141 1619 1395 1625 1212 1747 1660 1654 1281 1220 1438 1610 0 1111 1629 1621 1650 1621 767 1431 579 240 559 1574 1620 1533 1164 989 1638 1617 1641 1594 1627 1170 510 1029 1217 1623 1633 1627 1132
1173 525 1164 1148 753 1122 1167 87 1162 306 1167 123 932 1203 1196 824 736 623 795 1111 0 1172 1164 834 806 516 616 1013 1154 596 1116 1163 718 614 744 1181 1160 1184 779 1170 743 945 785 128 1165 1175 1170 581
84 1600 83 1666 1666 93 90 1202 101 1455 107 1273 492 66 63 386 612 698 567 1629 1172 0 104 556 578 1591 741 1445 1672 1670 76 84 656 1688 995 217 87 71 583 101 1035 1376 1035 1277 104 76 206 1656
96 1592 94 1658 1658 84 99 1194 94 1447 99 1264 484 78 75 378 604 689 559 1621 1164 104 0 548 570 1583 733 1437 1664 1662 68 95 648 1680 987 209 92 83 575 101 1027 1368 1027 1269 97 87 198 1648
557 1262 549 1686 1490 507 552 864 546 1118 552 935 205 587 581 611 530 249 115 1650 834 556 548 0 126 1253 307 1465 1692 1333 501 547 207 1351 1015 565 544 568 131 554 833 1396 1055 940 550 560 554 1319
579 1234 571 1658 1462 529 573 836 568 1090 573 907 227 609 603 583 501 221 44 1621 806 578 570 126 0 1225 278 1437 1664 1305 523 569 179 1323 987 587 566 590 103 576 805 1368 1027 912 572 582 576 1291
1592 181 1583 804 409 1541 1586 546 1581 799 1586 617 1351 1622 1615 1243 1155 1042 1214 767 516 1591 1583 1253 1225 0 1035 997 810 252 1535 1582 1137 569 976 1600 1579 1603 1198 1588 974 929 1016 621 1584 1594 1589 537
742 1044 733 1468 1272 691 736 646 731 900 736 717 404 772 765 393 311 104 267 1431 616 741 733 307 278 1035 0 1247 1474 1115 685 732 190 1133 797 750 729 753 251 738 615 1178 837 722 734 744 739 1101
1446 874 1437 615 615 1395 1440 1032 1435 1286 1440 1103 1563 1476 1469 1097 1036 1254 1426 579 1002 1445 1437 1465 1437 997 1247 0 621 789 1389 1436 1349 1332 805 1454 1433 1457 1409 1442 986 101 845 1108 1438 1448 1443 1299
1673 686 1664 97 428 1622 1667 1184 1662 1437 1667 1254 1790 1703 1696 1324 1263 1481 1653 240 1154 1672 1664 1692 1664 810 1474 621 0 602 1616 1663 1576 1207 1032 1681 1660 1684 1636 1669 1213 553 1072 1259 1665 1675 1670 1175
1671 128 1663 596 201 1621 1665 625 1660 879 1666 696 1430 1701 1695 1322 1235 1122 1294 559 596 1670 1662 1333 1305 252 1115 789 602 0 1615 1661 1217 648 1056 1679 1658 1682 1277 1668 1054 721 1096 701 1664 1674 1668 616
78 1544 69 1610 1610 37 72 1146 66 1400 72 1217 437 107 101 330 557 642 511 1574 1116 76 68 501 523 1535 685 1389 1616 1615 0 67 600 1633 939 162 64 88 528 74 980 1320 979 1222 70 80 151 1600
75 1591 74 1657 1657 83 81 1193 92 1446 98 1263 483 57 54 377 603 688 558 1620 1163 84 95 547 569 1582 732 1436 1663 1661 67 0 647 1679 986 208 78 62 574 92 1026 1367 1026 1268 95 67 197 1647
657 1146 648 1570 1374 606 651 748 646 1002 651 819 305 687 680 495 413 133 168 1533 718 656 648 207 179 1137 190 1349 1576 1217 600 647 0 1235 899 665 644 668 152 653 717 1280 939 824 649 659 654 1202
1689 578 1681 1201 806 1639 1683 643 1678 897 1683 714 1448 1719 1713 1340 1253 1140 1311 1164 614 1688 1680 1351 1323 569 1133 1343 1207 648 1633 1679 1235 0 1074 1697 1676 1700 1295 1686 1072 1274 1114 719 1682 1692 1686 275
996 1169 987 1026 1026 945 990 958 985 1211 990 1028 1113 1026 1019 647 586 804 976 989 928 995 987 1015 987 1160 797 805 1032 1200 939 986 899 1257 0 1004 983 1007 959 992 536 736 286 1033 988 998 993 1225
219 1609 210 1675 1675 168 213 1211 207 1464 213 1282 501 248 242 395 621 707 576 1638 1181 217 209 565 587 1600 750 1454 1681 1679 162 208 665 1697 1004 0 205 229 592 215 1044 1385 1044 1286 211 221 81 1665
78 1588 77 1654 1654 80 84 1190 90 1443 95 1261 480 60 57 374 600 686 555 1617 1160 87 92 544 566 1579 729 1433 1660 1658 64 78 644 1676 983 205 0 65 571 95 1023 1364 1023 1265 93 69 194 1644
62 1612 61 1678 1678 104 68 1214 79 1467 108 1284 504 44 41 398 624 709 579 1641 1184 71 83 568 590 1603 753 1457 1684 1682 88 62 668 1700 1007 229 65 0 595 79 1047 1388 1047 1289 82 54 218 1668
584 1207 576 1630 1435 534 578 809 573 1062 579 880 232 614 608 555 474 193 92 1594 779 583 575 131 103 1198 251 1409 1636 1277 528 574 152 1295 959 592 571 595 0 581 778 1341 1000 884 577 587 581 1263
92 1598 91 1663 1663 90 98 1199 99 1453 105 1270 490 74 71 384 610 695 565 1627 1170 101 101 554 576 1588 738 1442 1669 1668 74 92 653 1686 992 215 95 79 581 0 1033 1374 1033 1275 103 84 204 1654
1037 981 1028 1207 1207 986 1031 770 1025 1023 1031 841 960 1066 1060 687 626 651 823 1170 740 1035 1027 862 834 972 644 986 1213 1051 980 1026 746 1069 536 1044 1023 1047 807 1033 0 917 576 845 1029 1039 1033 1037
1377 805 1368 547 547 1326 1371 964 1366 1217 1371 1034 1494 1407 1401 1028 967 1185 1357 510 934 1376 1368 1396 1368 929 1178 101 553 721 1320 1367 1280 1263 736 1385 1364 1388 1341 1374 917 0 776 1039 1369 1380 1374 1231
1036 1209 1027 1066 1066 985 1030 998 1025 1251 1030 1069 1153 1066 1060 687 626 844 1016 1029 968 1035 1027 1055 1027 1200 837 845 1072 1240 979 1026 939 1297 286 1044 1023 1047 1000 1033 576 776 0 1073 1028 1039 1033 1265
1278 631 1270 1253 858 1228 1272 192 1267 203 1272 128 1037 1308 1302 929 842 729 900 1217 128 1277 1269 940 912 621 722 1119 1259 701 1222 1268 824 719 850 1286 1265 1289 884 1275 848 1050 890 0 1271 1281 1275 687
94 1593 93 1659 1659 86 100 1195 95 1449 101 1266 486 77 73 380 606 691 560 1623 1165 104 97 550 572 1584 734 1438 1665 1664 70 95 649 1682 988 211 93 82 577 103 1029 1369 1028 1271 0 86 200 1650
66 1603 65 1669 1669 96 72 1205 83 1459 111 1276 496 49 45 390 616 701 571 1633 1175 76 87 560 582 1594 744 1448 1675 1674 80 67 659 1692 998 221 69 54 587 84 1039 1380 1039 1281 86 0 210 1660
207 1598 199 1664 1664 157 202 1200 196 1453 202 1271 490 237 231 384 610 696 565 1627 1170 206 198 554 576 1589 739 1443 1670 1668 151 197 654 1686 993 81 194 218 581 204 1033 1374 1033 1275 200 210 0 1654
1657 546 1648 1169 774 1607 1651 611 1646 865 1651 682 1416 1687 1681 1308 1221 1107 1279 1132 581 1656 1648 1319 1291 537 1101 1310 1175 616 1600 1647 1202 275 1042 1665 1644 1668 1263 1654 1040 1242 1082 687 1650 1660 1654 0
EOF