NAME : tsp_problem
TYPE : TSP
DIMENSION : 22
EDGE_WEIGHT_TYPE : EXPLICIT
EDGE_WEIGHT_FORMAT : FULL_MATRIX
EDGE_WEIGHT_SECTION
0 1402 576 1085 1308 942 479 478 1258 544 309 76 476 871 504 391 489 989 436 389 497 476
1402 0 953 645 302 940 1298 1298 1008 1364 1141 1422 1295 954 1324 1101 1309 689 1049 1098 1317 1295
576 953 0 636 859 611 676 676 927 742 314 596 673 540 702 275 687 540 169 272 695 674
1085 645 636 0 550 999 981 981 1067 1047 824 1105 978 1013 1007 784 992 372 732 782 1000 979
1308 302 859 550 0 846 1204 1203 914 1269 1046 1327 1201 860 1229 1006 1214 594 954 1004 1222 1201
942 951 611 815 856 0 1196 1196 521 1261 681 962 1193 98 1222 641 1207 859 536 639 1215 1193
479 1298 676 981 1204 1196 0 85 1512 101 674 498 86 1125 63 742 80 885 690 739 76 84
478 1298 676 981 1203 1196 85 0 1511 93 674 498 78 1125 56 741 73 885 689 739 68 76
1258 1019 927 884 925 522 1512 1511 0 1577 996 1278 1509 536 1537 957 1522 928 851 954 1531 1509
544 1364 742 1047 1269 1261 101 93 1577 0 740 564 94 1190 71 807 88 951 755 805 84 91
309 1141 314 824 1046 681 674 674 996 740 0 329 671 610 700 110 685 728 174 107 693 671
76 1422 596 1105 1327 962 498 498 1278 564 329 0 495 891 524 411 509 1009 456 409 517 496
476 1295 673 978 1201 1193 86 78 1509 94 671 495 0 1122 56 739 73 882 687 736 69 76
871 965 540 830 871 98 1125 1125 536 1190 610 891 1122 0 1151 570 1136 850 465 568 1144 1122
504 1324 702 1007 1229 1222 63 56 1537 71 700 524 56 1151 0 767 51 911 715 765 46 54
391 1101 275 784 1006 641 742 741 957 807 110 411 739 570 767 0 752 688 135 28 760 739
489 1309 687 992 1214 1207 80 73 1522 88 685 509 73 1136 51 752 0 896 700 750 63 71
989 689 540 372 594 921 885 885 989 951 728 1009 882 857 911 688 896 0 636 686 904 882
436 1049 169 732 954 536 690 689 851 755 174 456 687 465 715 135 700 607 0 132 708 687
389 1098 272 782 1004 639 739 739 954 805 107 409 736 568 765 28 750 686 132 0 758 736
497 1317 695 1000 1222 1215 76 68 1531 84 693 517 69 1144 46 760 63 904 708 758 0 67
476 1295 674 979 1201 1193 84 76 1509 91 671 496 76 1122 54 739 71 882 687 736 67 0
EOF