NAME : tsp_problem
TYPE : TSP
DIMENSION : 32
EDGE_WEIGHT_TYPE : EXPLICIT
EDGE_WEIGHT_FORMAT : FULL_MATRIX
EDGE_WEIGHT_SECTION
0 1231 586 1934 1859 669 1504 1417 1746 797 1957 1003 1937 1930 1494 1516 1464 1369 1513 1942 1020 1095 1928 1918 1683 387 1915 1401 1926 1938 1567 754
1231 0 806 935 860 1013 777 709 1019 659 959 926 939 932 555 518 662 800 515 943 943 1018 930 920 955 1134 1036 622 927 940 840 1031
586 806 0 1509 1434 771 1350 1283 1592 372 1532 1104 1512 1505 1128 1091 1235 1291 1088 1517 1121 1196 1503 1493 1529 489 1609 1195 1501 1513 1413 386
1934 935 1509 0 117 1507 710 798 461 1361 113 1232 118 111 561 522 751 831 519 114 1249 1324 109 99 559 1798 353 710 203 119 659 1733
1859 860 1434 117 0 1432 635 723 386 1286 141 1157 121 114 486 446 676 755 443 125 1174 1249 112 102 484 1723 278 635 128 122 584 1658
669 830 771 1507 1432 0 990 904 1233 982 1531 489 1510 1503 981 1089 951 855 1023 1515 506 582 1501 1492 1169 447 1401 887 1499 1511 1054 939
1504 777 1350 710 635 990 0 297 325 1202 734 715 713 706 256 365 345 314 299 718 732 807 704 695 261 1282 493 281 702 714 146 1574
1417 709 1283 798 723 904 297 0 540 1135 822 629 802 795 288 380 82 227 315 806 646 721 792 783 476 1195 709 110 790 802 361 1507
1746 1019 1592 461 386 1233 325 540 0 1445 485 958 465 458 499 607 587 557 542 469 975 1050 455 446 174 1524 245 524 453 465 274 1817
797 659 372 1361 1286 982 1202 1135 1445 0 1385 976 1365 1358 981 943 1088 1143 940 1369 993 1068 1356 1346 1381 700 1462 1048 1353 1366 1266 596
1957 959 1532 113 141 1531 734 822 485 1385 0 1256 69 54 585 545 774 854 542 45 1273 1348 62 66 583 1822 376 734 227 72 683 1757
1003 742 1104 1232 1157 489 715 629 958 987 1256 0 1235 1228 706 814 676 580 748 1240 135 121 1226 1217 894 781 1126 612 1224 1236 779 1272
1937 939 1512 118 121 1510 713 802 465 1365 69 1235 0 80 565 525 754 834 522 71 1253 1328 88 92 562 1802 356 714 207 98 663 1736
1930 932 1505 111 114 1503 706 795 458 1358 54 1228 80 0 558 518 747 827 515 56 1246 1321 73 77 556 1795 349 707 200 83 656 1730
1494 555 1128 561 486 981 256 288 499 981 585 706 565 558 0 143 267 304 78 569 723 798 555 546 435 1272 662 227 553 565 320 1352
1516 518 1091 522 446 1089 365 380 607 943 545 814 525 518 143 0 333 413 101 530 831 906 516 506 544 1380 622 293 514 526 428 1315
1464 662 1235 751 676 951 345 82 587 1088 774 676 754 747 267 333 0 275 267 759 693 768 745 735 524 1242 756 157 743 755 408 1459
1320 722 1223 751 676 807 235 148 478 1075 775 532 755 748 225 334 195 0 268 760 549 624 746 736 414 1098 646 132 744 756 298 1447
1513 515 1088 519 443 1023 299 315 542 940 542 748 522 515 78 101 267 347 0 527 766 841 513 503 478 1315 619 227 511 523 363 1312
1942 943 1517 114 125 1515 718 806 469 1369 45 1240 71 56 569 530 759 839 527 0 1257 1332 64 67 567 1806 361 719 211 74 667 1741
1020 759 1121 1249 1174 506 732 646 975 1004 1273 135 1253 1246 723 831 693 598 766 1257 0 103 1243 1234 911 798 1144 629 1241 1253 796 1289
1095 834 1196 1324 1249 582 807 721 1050 1079 1348 121 1328 1321 798 906 768 673 841 1332 103 0 1318 1309 986 873 1219 704 1316 1328 871 1364
1928 930 1503 109 112 1501 704 792 455 1356 62 1226 88 73 555 516 745 825 513 64 1243 1318 0 85 553 1793 347 705 197 91 653 1727
1918 920 1493 99 102 1492 695 783 446 1346 66 1217 92 77 546 506 735 815 503 67 1234 1309 85 0 544 1783 337 695 188 95 644 1718
1683 955 1529 559 484 1169 261 476 174 1381 583 894 562 556 435 544 524 493 478 567 911 986 553 544 0 1461 342 460 551 563 211 1753
387 1122 489 1798 1723 447 1282 1195 1524 700 1822 781 1802 1795 1272 1380 1242 1147 1315 1806 798 873 1793 1783 1461 0 1693 1179 1790 1803 1345 657
1915 1036 1609 353 278 1401 493 709 245 1462 376 1126 356 349 662 622 756 725 619 361 1144 1219 347 337 342 1693 0 692 345 357 443 1834
1401 622 1195 710 635 887 281 110 524 1048 734 612 714 707 227 293 157 211 227 719 629 704 705 695 460 1179 692 0 703 715 345 1419
1926 927 1501 203 128 1499 702 790 453 1353 227 1224 207 200 553 514 743 823 511 211 1241 1316 197 188 551 1790 345 703 0 208 651 1725
1938 940 1513 119 122 1511 714 802 465 1366 72 1236 98 83 565 526 755 835 523 74 1253 1328 91 95 563 1803 357 715 208 0 664 1737
1567 840 1413 659 584 1054 146 361 274 1266 683 779 663 656 320 428 408 377 363 667 796 871 653 644 211 1345 443 345 651 664 0 1638
754 1031 386 1733 1658 939 1574 1507 1817 596 1757 1272 1736 1730 1352 1315 1459 1515 1312 1741 1289 1364 1727 1718 1753 657 1834 1419 1725 1737 1638 0
EOF