NAME : tsp_problem
TYPE : TSP
DIMENSION : 52
EDGE_WEIGHT_TYPE : EXPLICIT
EDGE_WEIGHT_FORMAT : FULL_MATRIX
EDGE_WEIGHT_SECTION
0 1835 871 1777 962 1771 1173 1773 1437 1837 1462 1802 1612 1770 622 1422 1237 1845 1823 1754 1342 1834 1840 1519 1774 1838 1842 1525 339 1370 1281 681 1215 671 1455 1832 1844 1816 759 1551 1745 759 1368 1744 1827 1827 1196 912 1845 1831 1541 651
1835 0 1251 128 1361 123 1048 124 698 55 639 250 497 122 1630 599 797 62 40 136 746 52 57 616 125 55 59 592 1635 631 1074 1281 1089 1534 632 49 61 264 1264 618 127 1264 745 126 44 45 764 1243 62 49 588 1386
871 1251 0 1192 321 1187 822 1188 785 1253 878 1218 941 1186 579 838 566 1260 1238 1170 671 1250 1255 848 1189 1253 1258 854 584 759 817 231 863 483 871 1248 1259 1232 295 880 1160 295 697 1160 1243 1243 525 448 1260 1247 870 979
1777 128 1192 0 1303 64 990 66 640 130 580 192 439 63 1571 540 739 138 116 77 687 127 133 557 67 131 135 533 1576 572 1015 1223 1031 1476 573 125 137 206 1205 559 68 1205 686 67 120 120 705 1184 138 124 530 1328
962 1361 311 1303 0 1297 912 1299 895 1364 989 1328 1052 1297 670 948 677 1371 1349 1280 782 1360 1366 958 1300 1364 1368 965 674 870 908 321 954 574 981 1358 1370 1342 386 991 1271 386 808 1270 1353 1354 636 539 1371 1358 981 1070
1771 123 1187 64 1297 0 984 60 634 125 575 186 433 58 1566 535 733 133 110 72 682 122 127 552 61 125 130 528 1571 567 1010 1218 1026 1470 568 120 132 200 1200 554 63 1200 681 62 115 115 700 1179 132 119 524 1323
1173 1048 1005 990 1096 984 0 986 650 1050 675 1015 1096 983 1177 635 749 1058 1036 967 826 1047 1053 1003 987 1051 1055 1009 1182 583 552 829 242 1081 668 1045 1057 1029 737 1035 958 737 852 957 1040 1040 772 581 1058 1044 1025 725
1773 124 1188 66 1299 60 986 0 636 126 576 188 435 59 1567 536 734 134 112 73 683 123 129 553 63 127 131 529 1572 568 1011 1219 1027 1472 569 121 133 201 1201 555 64 1201 682 63 116 116 701 1180 134 120 526 1324
1437 698 785 640 895 634 650 636 0 700 325 665 643 633 1164 285 254 708 686 617 373 697 703 550 637 701 705 556 1168 130 676 815 691 1068 318 695 707 679 797 582 608 797 399 607 690 690 277 845 708 694 572 988
1837 55 1253 130 1364 125 1050 126 700 0 641 252 499 124 1632 601 799 64 42 138 748 54 59 618 127 57 62 594 1637 633 1076 1284 1092 1536 634 52 63 266 1266 620 129 1266 747 128 47 47 766 1245 64 51 590 1389
1462 639 878 580 989 575 675 576 325 641 0 606 689 574 1257 105 424 648 626 558 419 638 643 595 577 641 646 602 1262 258 701 909 717 1161 138 636 647 620 891 628 548 891 445 548 631 631 391 870 648 635 618 1014
1802 250 1218 192 1328 186 1015 188 665 252 606 0 464 185 1597 565 764 260 238 169 713 249 255 583 189 253 257 559 1602 598 1041 1248 1056 1501 599 247 259 86 1230 585 160 1231 712 159 242 242 731 1210 260 246 555 1353
1612 497 941 439 1052 433 1096 435 643 499 689 464 0 432 1320 648 495 507 485 416 325 496 502 195 436 500 504 171 1325 576 912 972 1137 1224 681 494 506 478 954 197 407 954 324 406 489 489 454 1023 507 493 167 1434
1770 122 1186 63 1297 58 983 59 633 124 574 185 432 0 1565 534 732 132 110 71 681 121 127 551 60 125 129 527 1570 566 1009 1217 1025 1469 567 119 131 199 1199 553 62 1199 680 61 114 114 699 1178 132 118 523 1322
622 1630 580 1571 670 1566 994 1567 1164 1632 1257 1597 1320 1565 0 1217 946 1640 1618 1549 1050 1629 1635 1227 1569 1633 1637 1234 335 1138 990 389 1035 379 1250 1627 1639 1611 467 1259 1540 467 1076 1539 1622 1622 904 620 1640 1626 1250 1058
1422 599 838 540 948 535 635 536 285 601 105 565 648 534 1217 0 384 608 586 517 379 598 603 555 537 601 605 562 1222 218 661 868 676 1121 98 596 607 579 850 588 508 851 405 507 591 591 351 830 608 595 578 973
1237 797 566 739 677 733 749 734 254 799 424 764 495 732 946 384 0 807 785 716 225 796 802 402 736 800 804 409 950 229 538 597 790 850 417 794 806 778 579 435 707 579 252 706 789 789 59 649 807 793 425 1087
1845 62 1260 138 1371 133 1058 134 708 64 648 260 507 132 1640 608 807 0 50 146 755 61 67 625 135 65 69 602 1644 641 1083 1291 1099 1544 641 59 71 274 1273 627 136 1273 755 136 54 54 773 1252 72 58 598 1396
1823 40 1238 116 1349 110 1036 112 686 42 626 238 485 110 1618 586 785 50 0 123 733 39 45 603 113 43 47 579 1622 618 1061 1269 1077 1522 619 37 49 252 1251 605 114 1251 732 113 32 32 751 1230 50 36 576 1374
1754 136 1170 77 1280 72 967 73 617 138 558 169 416 71 1549 517 716 146 123 0 665 135 141 535 74 139 143 511 1554 550 993 1200 1008 1453 551 133 145 183 1182 537 45 1183 664 45 128 128 683 1162 146 132 507 1305
1342 746 671 687 782 682 826 683 373 748 419 713 325 681 1050 379 225 755 733 665 0 745 750 232 684 748 753 238 1055 306 642 702 867 954 412 743 754 727 684 264 655 684 83 655 738 738 184 754 755 742 254 1164
1834 52 1250 127 1360 122 1047 123 697 54 638 249 496 121 1629 598 796 61 39 135 745 0 56 615 124 54 58 591 1634 630 1073 1281 1089 1533 631 49 60 263 1263 617 126 1263 744 125 44 44 763 1242 61 48 587 1386
1840 57 1255 133 1366 127 1053 129 703 59 643 255 502 127 1635 603 802 67 45 141 750 56 0 620 130 60 64 596 1639 636 1078 1286 1094 1539 636 54 66 269 1268 622 131 1268 749 130 49 49 768 1247 67 53 593 1391
1519 616 848 557 958 552 1003 553 550 618 595 583 195 551 1227 555 402 625 603 535 232 615 620 0 554 618 623 105 1232 483 819 878 1044 1131 588 613 624 597 861 131 525 861 231 525 608 608 361 930 625 612 121 1341
1774 125 1189 67 1300 61 987 63 637 127 577 189 436 60 1569 537 736 135 113 74 684 124 130 554 0 128 132 530 1573 569 1012 1220 1028 1473 570 122 134 203 1202 556 65 1202 683 64 117 117 702 1181 135 121 527 1325
1838 55 1253 131 1364 125 1051 127 701 57 641 253 500 125 1633 601 800 65 43 139 748 54 60 618 128 0 62 594 1637 634 1076 1284 1092 1537 634 52 64 267 1266 620 129 1266 747 128 47 47 766 1245 65 51 591 1389
1842 59 1258 135 1368 130 1055 131 705 62 646 257 504 129 1637 605 804 69 47 143 753 58 64 623 132 62 0 599 1642 638 1081 1288 1096 1541 639 56 68 271 1270 625 133 1271 752 133 51 52 771 1250 69 56 595 1393
1525 592 854 533 965 528 1009 529 556 594 602 559 171 527 1234 562 409 602 579 511 238 591 596 105 530 594 599 0 1238 489 825 885 1051 1138 595 589 600 573 867 66 501 867 237 501 584 584 367 937 601 588 97 1348
339 1635 584 1576 674 1571 998 1572 1168 1637 1262 1602 1325 1570 335 1222 950 1644 1622 1554 1055 1634 1639 1232 1573 1637 1642 1238 0 1143 994 394 1040 384 1255 1632 1643 1615 472 1264 1544 472 1081 1544 1627 1627 909 625 1644 1631 1254 775
1370 631 759 572 870 567 583 568 130 633 258 598 576 566 1138 218 229 641 618 550 306 630 636 483 569 634 638 489 1143 0 608 790 624 1043 251 628 640 612 772 515 540 772 332 540 623 623 252 777 641 627 505 921
1279 1074 815 1015 905 1010 552 1011 676 1076 701 1041 941 1009 987 661 567 1083 1061 993 671 1073 1078 848 1012 1076 1081 854 992 608 0 638 594 891 694 1071 1082 1055 547 880 983 547 697 983 1066 1066 525 617 1083 1070 870 891
681 1281 231 1223 321 1218 645 1219 815 1284 909 1248 972 1217 389 868 597 1291 1269 1200 702 1281 1286 878 1220 1284 1288 885 394 790 641 0 687 293 901 1279 1290 1262 119 911 1191 119 728 1190 1274 1274 556 272 1291 1278 901 802
1215 1089 1047 1031 1137 1026 242 1027 691 1092 717 1056 1137 1025 1218 676 790 1099 1077 1008 867 1089 1094 1044 1028 1092 1096 1051 1223 624 594 870 0 1123 709 1087 1098 1070 779 1076 999 779 893 998 1082 1082 813 622 1099 1086 1067 766
671 1534 484 1476 574 1470 898 1472 1068 1536 1161 1501 1224 1469 379 1121 850 1544 1522 1453 954 1533 1539 1131 1473 1537 1541 1138 384 1043 894 293 939 0 1154 1531 1543 1515 371 1163 1444 371 981 1443 1526 1526 808 524 1544 1530 1154 1055
1455 632 871 573 981 568 668 569 318 634 138 599 681 567 1250 98 417 641 619 551 412 631 636 588 570 634 639 595 1255 251 694 901 709 1154 0 629 640 612 884 621 541 884 438 540 624 624 384 863 641 628 611 1006
1832 49 1248 125 1358 120 1045 121 695 52 636 247 494 119 1627 596 794 59 37 133 743 49 54 613 122 52 56 589 1632 628 1071 1279 1087 1531 629 0 58 261 1261 615 124 1261 742 123 42 42 761 1240 59 46 585 1383
1844 61 1259 137 1370 132 1057 133 707 63 647 259 506 131 1639 607 806 71 49 145 754 60 66 624 134 64 68 600 1643 640 1082 1290 1098 1543 640 58 0 273 1272 626 135 1272 754 135 53 53 772 1251 71 57 597 1395
1816 264 1232 206 1342 200 1029 201 679 266 620 86 478 199 1611 579 778 274 252 183 727 263 269 597 203 267 271 573 1615 612 1055 1262 1070 1515 612 261 273 0 1244 598 174 1244 726 173 256 256 745 1224 274 260 569 1367
759 1215 296 1157 386 1152 554 1153 787 1218 843 1182 943 1151 467 802 569 1225 1203 1134 673 1215 1220 850 1154 1218 1222 857 472 750 550 119 595 371 836 1213 1224 1196 0 883 1125 27 700 1124 1208 1208 527 180 1225 1212 873 711
1551 618 880 559 991 554 1035 555 582 620 628 585 197 553 1259 588 435 627 605 537 264 617 622 131 556 620 625 66 1264 515 851 911 1076 1163 621 615 626 598 893 0 527 893 263 527 610 610 393 963 627 614 123 1373
1745 127 1160 68 1271 63 958 64 608 129 548 160 407 62 1540 508 707 136 114 45 655 126 131 525 65 129 133 501 1544 540 983 1191 999 1444 541 124 135 174 1173 527 0 1173 654 35 119 119 673 1152 136 123 498 1296
759 1216 296 1157 386 1152 554 1153 787 1218 843 1183 943 1151 467 803 569 1225 1203 1135 674 1215 1220 850 1154 1218 1223 857 472 750 550 119 595 371 836 1213 1224 1196 27 883 1125 0 700 1125 1208 1208 527 180 1225 1212 873 711
1368 745 697 686 808 681 852 682 399 747 445 712 324 680 1076 405 252 755 732 664 83 744 749 231 683 747 752 237 1081 332 668 728 893 981 438 742 754 726 710 263 654 710 0 654 737 737 210 780 754 741 253 1190
1744 126 1160 67 1270 62 957 63 607 128 548 159 406 61 1539 507 706 136 113 45 655 125 130 525 64 128 133 501 1544 540 983 1190 998 1443 540 123 135 173 1172 527 35 1173 654 0 118 118 673 1152 135 122 497 1295
1827 44 1243 120 1353 115 1040 116 690 47 631 242 489 114 1622 591 789 54 32 128 738 44 49 608 117 47 51 584 1627 623 1066 1274 1082 1526 624 42 53 256 1256 610 119 1256 737 118 0 37 756 1235 54 41 580 1378
1827 45 1243 120 1354 115 1040 116 690 47 631 242 489 114 1622 591 789 54 32 128 738 44 49 608 117 47 52 584 1627 623 1066 1274 1082 1526 624 42 53 256 1256 610 119 1256 737 118 37 0 756 1235 54 41 580 1379
1196 764 525 705 636 700 772 701 277 766 391 731 454 699 904 351 59 773 751 683 184 763 768 361 702 766 771 367 909 252 496 556 813 808 384 761 772 745 538 393 673 538 210 673 756 756 0 608 773 760 383 1074
912 1285 449 1227 539 1221 624 1223 857 1288 912 1252 1013 1221 620 872 639 1295 1273 1204 743 1284 1290 920 1224 1288 1292 926 625 820 619 272 665 524 905 1282 1294 1266 180 952 1195 180 769 1194 1277 1277 597 0 1295 1282 942 781
1845 62 1260 138 1371 132 1058 134 708 64 648 260 507 132 1640 608 807 72 50 146 755 61 67 625 135 65 69 601 1644 641 1083 1291 1099 1544 641 59 71 274 1273 627 136 1273 754 135 54 54 773 1252 0 58 598 1396
1831 49 1247 124 1358 119 1044 120 694 51 635 246 493 118 1626 595 793 58 36 132 742 48 53 612 121 51 56 588 1631 627 1070 1278 1086 1530 628 46 57 260 1260 614 123 1260 741 122 41 41 760 1239 58 0 584 1383
1541 588 870 530 981 524 1025 526 572 590 618 555 167 523 1250 578 425 598 576 507 254 587 593 121 527 591 595 97 1254 505 841 901 1067 1154 611 585 597 569 883 123 498 883 253 497 580 580 383 953 598 584 0 1364
651 1386 968 1328 1059 1323 725 1324 988 1389 1014 1353 1434 1322 1058 973 1087 1396 1374 1305 1164 1386 1391 1341 1325 1389 1393 1348 775 921 891 791 766 1044 1006 1383 1395 1367 700 1373 1296 700 1190 1295 1378 1379 1094 544 1396 1383 1364 0
EOF
