NAME : tsp_problem
TYPE : TSP
DIMENSION : 32
EDGE_WEIGHT_TYPE : EXPLICIT
EDGE_WEIGHT_FORMAT : FULL_MATRIX
EDGE_WEIGHT_SECTION
0 942 1730 597 1260 958 1544 666 1641 69 112 856 1106 66 1435 64 638 1648 55 44 522 1063 292 1122 1489 54 1620 580 28 972 112 1220
942 0 1001 743 457 354 815 862 912 909 860 467 502 913 893 917 507 1044 905 928 880 143 687 518 760 920 891 532 934 368 861 616
1730 1003 0 1331 569 1027 512 1450 310 1697 1648 1055 1175 1701 866 1705 1269 642 1692 1715 1468 1077 1475 1191 270 1708 588 1185 1721 1040 1648 868
597 714 1331 0 861 917 1146 203 1243 564 515 458 1065 568 1036 572 494 1607 559 583 224 788 588 1081 1090 575 1222 405 588 931 516 1179
1212 460 569 851 0 483 384 970 481 1179 1130 575 631 1183 462 1187 777 992 1174 1197 987 534 957 647 328 1190 460 704 1203 497 1130 564
958 354 1171 917 666 0 1024 1036 1121 925 876 799 269 929 1102 933 523 919 920 943 1054 475 703 208 969 936 1101 548 949 57 876 491
1544 817 512 1146 384 841 0 1264 423 1511 1462 869 989 1515 680 1519 1083 1043 1506 1529 1282 891 1289 1005 271 1522 308 999 1535 854 1462 922
666 833 1450 203 980 1036 1264 0 1361 632 584 576 1184 637 1155 641 613 1726 628 651 293 907 657 1200 1209 644 1341 523 657 1049 584 1298
1641 915 310 1243 481 938 423 1361 0 1608 1559 966 1086 1612 778 1616 1180 841 1603 1627 1379 989 1386 1102 181 1619 500 1096 1632 952 1560 1019
69 909 1697 564 1227 925 1511 632 1608 0 78 823 1073 101 1401 104 605 1615 92 83 489 1030 259 1089 1456 93 1587 547 67 938 79 1187
112 860 1648 515 1178 876 1462 584 1559 78 0 774 1024 83 1353 87 556 1566 74 97 440 981 210 1040 1407 89 1538 498 103 889 30 1138
777 389 1007 379 536 721 821 497 918 744 695 0 870 748 711 752 316 1339 739 762 515 463 522 885 765 755 897 232 768 735 695 910
1106 502 1319 1065 815 269 1172 1184 1270 1073 1024 947 0 1077 1250 1081 671 1068 1068 1092 1202 623 851 433 1117 1084 1249 696 1097 282 1025 640
66 913 1701 568 1231 929 1515 637 1612 101 83 827 1077 0 1406 101 609 1619 92 81 493 1034 263 1093 1460 91 1591 551 65 943 83 1191
1435 895 866 1036 462 919 680 1155 778 1401 1353 760 1067 1406 0 1410 973 1397 1397 1420 1173 969 1180 1083 625 1412 757 890 1426 932 1353 1000
64 917 1705 572 1235 933 1519 641 1616 104 87 831 1081 101 1410 0 613 1623 90 79 497 1038 267 1097 1464 89 1596 555 63 947 87 1195
638 507 1269 494 799 523 1083 613 1180 605 556 395 671 609 973 613 0 1213 600 624 631 628 383 687 1028 616 1159 125 629 537 557 785
1648 1044 642 1607 981 919 1043 1726 841 1615 1566 1406 1068 1619 1397 1623 1213 0 1610 1633 1744 1165 1393 1083 801 1626 1120 1238 1639 933 1566 616
55 905 1692 559 1222 920 1506 628 1603 92 74 818 1068 92 1397 90 600 1610 0 70 484 1025 254 1084 1451 79 1583 542 54 934 74 1182
44 928 1715 583 1245 943 1529 651 1627 83 97 841 1092 81 1420 79 624 1633 70 0 507 1049 278 1107 1474 68 1606 566 42 957 98 1205
522 851 1468 224 998 1054 1282 293 1379 489 440 594 1202 493 1173 497 631 1744 484 507 0 924 513 1218 1227 500 1358 541 513 1067 440 1316
1063 143 1075 817 531 475 889 936 986 1030 981 541 623 1034 967 1038 628 1165 1025 1049 953 0 808 639 834 1041 965 653 1055 489 982 737
292 687 1475 588 1005 703 1289 657 1386 259 210 601 851 263 1180 267 383 1393 254 278 513 808 0 867 1234 270 1365 325 283 716 211 965
1122 518 1335 1081 831 208 1188 1200 1285 1089 1040 963 433 1093 1266 1097 687 1083 1084 1107 1218 639 867 0 1133 1100 1265 712 1113 172 1041 655
1489 762 270 1090 328 786 271 1209 181 1456 1407 814 934 1460 625 1464 1028 801 1451 1474 1227 836 1234 950 0 1467 347 944 1480 799 1407 867
54 920 1708 575 1238 936 1522 644 1619 93 89 834 1084 91 1412 89 616 1626 79 68 500 1041 270 1100 1467 0 1598 558 52 949 90 1198
1620 894 588 1222 460 917 308 1341 500 1587 1538 946 1066 1591 757 1596 1159 1120 1583 1606 1358 968 1365 1081 347 1598 0 1075 1612 931 1539 998
580 532 1185 405 715 548 999 523 1096 547 498 311 696 551 890 555 125 1238 542 566 541 641 325 712 944 558 1075 0 571 561 499 810
28 934 1721 588 1251 949 1535 657 1632 67 103 847 1097 65 1426 63 629 1639 54 42 513 1055 283 1113 1480 52 1612 571 0 963 104 1211
972 368 1184 931 680 57 1038 1049 1135 938 889 812 282 943 1116 947 537 933 934 957 1067 489 716 172 983 949 1114 561 963 0 890 505
112 861 1648 516 1178 876 1462 584 1560 79 30 775 1025 83 1353 87 557 1566 74 98 440 982 211 1041 1407 90 1539 499 104 890 0 1138
1220 616 868 1179 553 491 911 1298 1008 1187 1138 978 640 1191 989 1195 785 616 1182 1205 1316 737 965 655 856 1198 987 810 1211 505 1138 0
EOF