NAME : tsp_problem
TYPE : TSP
DIMENSION : 57
EDGE_WEIGHT_TYPE : EXPLICIT
EDGE_WEIGHT_FORMAT : FULL_MATRIX
EDGE_WEIGHT_SECTION
0 137 1084 1154 613 1663 1704 98 1659 785 703 1931 1041 59 70 1069 870 786 64 596 601 1312 629 692 1045 254 1714 606 134 759 616 56 1469 1463 1156 70 73 52 152 1693 799 1857 713 1532 138 74 1788 76 324 757 66 63 1468 1531 1642 149 1637
137 0 1012 1083 541 1592 1632 160 1587 713 631 1859 970 121 133 997 799 714 126 524 529 1240 557 620 973 182 1642 534 62 688 544 118 1397 1391 1085 132 136 115 81 1622 727 1785 641 1460 66 136 1717 138 252 685 128 126 1397 1460 1570 77 1566
1084 1012 0 397 1013 1224 1264 1107 1219 806 938 1282 207 1068 1079 235 894 834 1073 1046 651 1059 996 657 211 1032 1274 1218 979 880 1016 1065 1029 1210 1094 1079 1082 1062 997 1045 849 1208 761 883 1013 1083 1349 1085 799 851 1075 1072 1216 883 1202 993 1198
1154 1083 397 0 1084 1295 1335 1178 1290 877 1008 1353 355 1138 1150 382 964 904 1143 1117 722 1130 1067 728 359 1103 1345 1289 1049 951 1087 1136 1100 1281 1164 1149 1153 1132 1068 1116 919 1279 832 954 1083 1153 1420 1156 870 921 1146 1143 1287 954 1273 1064 1269
613 541 1013 1084 0 1235 1276 636 1231 357 164 1589 971 597 608 998 442 261 602 103 533 883 86 518 975 561 1286 278 508 220 30 594 1040 1035 728 607 611 590 526 1623 730 1786 285 1461 542 612 1360 614 590 218 604 601 1040 1461 1214 522 1209
1663 1592 1041 1111 1235 0 560 1687 83 937 1160 442 998 1648 1659 1026 958 1056 1652 1268 1231 631 1219 1169 1002 1612 271 1440 1558 1102 1238 1645 325 783 732 1658 1662 1641 1577 675 1428 838 983 513 1593 1663 645 1665 1379 1073 1655 1652 788 927 498 1573 62
1704 1632 1081 1152 1276 560 0 1727 555 977 1200 914 1038 1688 1699 1066 998 1096 1693 1308 1271 672 1259 1209 1042 1652 610 1481 1599 1142 1278 1685 321 823 772 1699 1703 1682 1617 1147 1469 1310 1023 985 1633 1703 168 1705 1419 1113 1695 1692 829 1347 144 1613 534
98 160 1107 1178 636 1687 1727 0 1682 808 726 1954 1064 82 93 1092 894 809 87 619 624 1335 652 715 1068 277 1737 629 157 782 639 79 1492 1486 1179 93 97 76 176 1717 822 1880 736 1555 161 97 1812 99 347 780 89 86 1492 1554 1665 172 1660
1659 1587 1036 1107 1231 83 555 1682 0 932 1155 437 994 1643 1654 1021 953 1051 1648 1264 1226 627 1214 1164 997 1607 266 1436 1554 1097 1234 1640 320 778 727 1654 1658 1637 1572 670 1424 833 978 508 1588 1658 640 1660 1374 1068 1650 1648 784 922 493 1568 57
785 713 806 877 357 937 977 808 932 0 281 1291 764 769 781 791 144 177 774 390 352 585 340 270 768 733 987 562 680 223 360 766 742 736 429 780 784 763 698 1381 550 1544 104 1219 714 784 1062 786 501 194 776 774 742 1218 915 694 911
703 631 938 1008 164 1160 1200 726 1155 281 0 1514 895 687 699 923 367 185 692 197 457 808 147 443 899 651 1210 369 598 145 167 684 965 959 653 698 702 681 616 1547 655 1711 209 1386 632 702 1285 704 605 142 694 692 965 1385 1138 612 1134
1931 1859 1282 1353 1589 442 914 1954 437 1291 1514 0 1240 1915 1926 1267 1311 1410 1920 1622 1498 985 1572 1504 1244 1879 625 1794 1826 1456 1592 1912 679 1136 1086 1926 1929 1909 1844 617 1696 781 1337 456 1860 1930 999 1932 1646 1426 1922 1919 1142 870 852 1840 415
1041 970 207 355 971 1182 1222 1064 1177 764 895 1240 0 1025 1037 52 851 791 1030 1004 609 1017 954 614 28 989 1232 1176 936 837 974 1022 987 1168 1051 1036 1040 1019 954 1003 806 1166 718 841 970 1040 1306 1042 757 808 1032 1030 1174 840 1160 951 1155
59 121 1068 1138 597 1648 1688 82 1643 769 687 1915 1025 0 54 1053 854 770 48 580 585 1296 613 676 1029 238 1698 590 118 743 600 40 1453 1447 1140 54 57 37 136 1677 783 1841 697 1516 122 58 1773 60 308 741 50 47 1453 1515 1626 133 1621
70 133 1079 1150 608 1659 1699 93 1654 781 699 1926 1037 54 0 1064 866 781 59 591 597 1307 624 687 1041 249 1710 602 130 755 611 51 1464 1458 1152 65 69 48 148 1689 794 1852 709 1527 134 69 1784 71 320 752 61 59 1464 1527 1638 144 1633
1069 997 235 382 998 1209 1249 1092 1204 791 923 1267 52 1053 1064 0 879 819 1058 1031 636 1044 982 642 56 1017 1259 1203 964 865 1001 1050 1014 1196 1079 1064 1068 1047 982 1030 834 1193 746 869 998 1068 1334 1070 784 836 1060 1057 1201 868 1187 978 1183
807 735 832 903 379 925 965 830 920 80 303 1279 789 791 803 817 0 199 796 412 374 573 362 312 793 755 975 584 702 246 382 788 730 724 418 802 806 785 720 1369 572 1532 127 1207 736 806 1050 808 523 216 798 796 730 1207 903 717 899
786 714 834 904 261 1056 1096 809 1051 177 185 1410 791 770 781 819 263 0 775 294 353 704 244 339 795 734 1106 466 681 108 264 767 861 855 548 781 784 764 699 1443 551 1606 105 1282 715 785 1181 787 501 107 777 774 861 1281 1034 695 1029
64 126 1073 1143 602 1652 1693 87 1648 774 692 1920 1030 48 59 1058 859 775 0 585 590 1301 617 681 1034 243 1703 595 123 748 604 45 1458 1452 1145 58 62 41 141 1682 788 1846 702 1521 127 63 1777 65 313 746 55 52 1457 1520 1631 138 1626
596 524 1046 1117 103 1268 1308 619 1264 390 197 1622 1004 580 591 1031 475 294 585 0 566 916 119 551 1008 544 1319 261 491 253 106 577 1073 1068 761 591 594 573 509 1656 763 1819 318 1494 525 595 1393 597 573 251 587 584 1073 1494 1247 505 1242
601 529 651 722 533 1231 1271 624 1226 352 457 1498 609 585 597 636 438 353 590 566 0 879 516 259 612 549 1281 738 496 399 536 582 1036 1030 724 596 600 579 514 1261 245 1424 280 1099 530 600 1356 602 317 370 592 590 1036 1099 1209 511 1205
1312 1240 876 947 883 631 672 1335 627 585 808 985 834 1296 1307 861 606 704 1301 916 879 0 867 817 837 1260 682 1088 1207 750 886 1293 437 260 380 1307 1310 1289 1225 1218 1077 1381 631 1056 1241 1311 756 1313 1027 721 1303 1300 266 1142 610 1221 605
629 557 996 1067 86 1219 1259 652 1214 340 147 1572 954 613 624 982 426 244 617 119 516 867 0 502 958 577 1269 294 523 203 89 610 1024 1018 711 623 627 606 542 1606 714 1769 268 1445 558 628 1344 630 606 201 620 617 1024 1444 1197 538 1192
692 620 657 728 518 1169 1209 715 1164 270 443 1504 614 676 687 642 376 339 681 551 259 817 502 0 618 640 1219 723 587 385 521 673 974 968 661 687 691 670 605 1267 457 1430 266 1105 621 691 1294 693 407 356 683 680 974 1104 1147 601 1142
1045 973 211 359 975 1185 1226 1068 1181 768 899 1244 28 1029 1041 56 855 795 1034 1008 612 1021 958 618 0 993 1236 1180 940 841 978 1026 991 1172 1055 1040 1044 1023 958 1007 810 1170 722 845 974 1044 1310 1046 761 812 1036 1034 1178 844 1164 955 1159
254 182 1032 1103 561 1612 1652 277 1607 733 651 1879 989 238 249 1017 819 734 243 544 549 1260 577 640 993 0 1662 554 149 707 564 235 1417 1411 1104 249 252 231 167 1642 747 1805 661 1480 183 253 1737 255 272 705 245 242 1417 1479 1590 163 1585
1714 1642 1091 1162 1286 271 610 1737 266 987 1210 625 1049 1698 1710 1076 1008 1106 1703 1319 1281 682 1269 1219 1053 1662 0 1491 1609 1152 1289 1695 375 833 783 1709 1713 1692 1627 858 1479 1021 1033 696 1643 1713 695 1715 1430 1123 1705 1703 839 1110 549 1623 245
606 534 1218 1289 278 1440 1481 629 1436 562 369 1794 1176 590 602 1203 647 466 595 261 738 1088 294 723 1180 554 1491 0 501 425 281 587 1245 1240 933 601 605 584 519 1828 935 1991 490 1666 535 605 1565 607 584 423 597 595 1245 1666 1419 516 1414
134 62 979 1049 508 1558 1599 157 1554 680 598 1826 936 118 130 964 765 681 123 491 496 1207 523 587 940 149 1609 501 0 654 510 115 1364 1358 1051 129 133 112 47 1588 694 1751 608 1427 63 133 1683 135 219 652 125 123 1363 1426 1537 44 1532
759 688 880 951 220 1102 1142 782 1097 223 145 1456 837 743 755 865 309 108 748 253 399 750 203 385 841 707 1152 425 654 0 223 740 907 901 595 754 758 737 672 1490 597 1653 151 1328 688 758 1227 760 548 86 750 748 907 1327 1080 669 1076
616 544 1016 1087 30 1238 1278 639 1234 360 167 1592 974 600 611 1001 445 264 604 106 536 886 89 521 978 564 1289 281 510 223 0 597 1043 1038 731 610 614 593 529 1626 733 1789 288 1464 545 615 1363 617 593 221 607 604 1043 1464 1217 525 1212
56 118 1065 1136 594 1645 1685 79 1640 766 684 1912 1022 40 51 1050 852 767 45 577 582 1293 610 673 1026 235 1695 587 115 740 597 0 1450 1444 1137 51 55 34 134 1675 780 1838 694 1513 119 55 1770 57 305 738 47 44 1450 1512 1623 130 1618
1469 1397 846 917 1040 325 321 1492 320 742 965 679 803 1453 1464 831 763 861 1458 1073 1036 437 1024 974 807 1417 375 1245 1364 907 1043 1450 0 588 537 1464 1467 1446 1382 912 1234 1075 788 750 1398 1468 406 1470 1184 878 1460 1457 593 1112 259 1378 299
1463 1391 1027 1098 1035 783 823 1486 778 736 959 1136 985 1447 1458 1012 757 855 1452 1068 1030 260 1018 968 989 1411 833 1240 1358 901 1038 1444 588 0 531 1458 1462 1441 1376 1369 1228 1532 782 1208 1392 1462 908 1464 1178 872 1454 1451 108 1294 761 1372 756
1156 1085 976 1047 728 732 772 1179 727 429 653 1085 934 1140 1152 961 450 548 1145 761 724 382 711 661 938 1104 782 933 1051 595 731 1137 537 533 0 1151 1155 1134 1069 1318 921 1481 476 1157 1085 1155 857 1157 872 565 1147 1145 539 1243 710 1066 705
70 132 1079 1149 607 1658 1699 93 1654 780 698 1926 1036 54 65 1064 865 781 58 591 596 1307 623 687 1040 249 1709 601 129 754 610 51 1464 1458 1151 0 68 47 147 1688 794 1851 708 1527 133 69 1783 71 319 752 61 58 1463 1526 1637 144 1632
73 136 1082 1153 611 1662 1703 97 1658 784 702 1929 1040 57 69 1068 869 784 62 594 600 1310 627 691 1044 252 1713 605 133 758 614 55 1467 1462 1155 68 0 51 151 1692 798 1855 712 1531 137 72 1787 75 323 756 65 62 1467 1530 1641 147 1636
52 115 1062 1132 590 1641 1682 76 1637 763 681 1909 1019 37 48 1047 848 764 41 573 579 1289 606 670 1023 231 1692 584 112 737 593 34 1446 1441 1134 47 51 0 130 1671 777 1834 691 1510 116 52 1766 54 302 735 44 41 1446 1509 1620 127 1615
152 81 997 1068 526 1577 1617 176 1572 698 616 1844 954 136 148 982 784 699 141 509 514 1225 542 605 958 167 1627 519 47 672 529 134 1382 1376 1069 147 151 130 0 1607 712 1770 626 1445 81 151 1702 154 237 670 143 141 1382 1444 1555 62 1550
1693 1622 1045 1116 1623 675 1147 1717 670 1400 1547 617 1003 1677 1689 1030 1421 1443 1682 1656 1261 1218 1606 1267 1007 1642 858 1828 1588 1490 1626 1675 912 1369 1319 1688 1692 1671 1607 0 1458 213 1371 219 1622 1692 1231 1695 1409 1460 1685 1682 1375 632 1085 1603 648
799 727 849 919 730 1428 1469 822 1424 550 655 1696 806 783 794 834 635 551 788 763 245 1077 714 457 810 747 1479 935 694 597 733 780 1234 1228 921 794 798 777 712 1458 0 1622 478 1297 728 798 1553 800 514 568 790 787 1233 1296 1407 708 1402
1857 1785 1208 1279 1786 838 1310 1880 833 1563 1711 781 1166 1841 1852 1193 1584 1606 1846 1819 1424 1381 1769 1430 1170 1805 1021 1991 1751 1653 1789 1838 1075 1532 1482 1851 1855 1834 1770 213 1622 0 1534 382 1786 1856 1395 1858 1572 1623 1848 1845 1538 796 1248 1766 811
713 641 761 832 285 983 1023 736 978 104 209 1337 718 697 709 746 190 105 702 318 280 631 268 266 722 661 1033 490 608 151 288 694 788 782 476 708 712 691 626 1371 478 1534 0 1209 642 712 1108 714 429 122 704 702 788 1208 961 622 957
1532 1460 883 954 1461 513 985 1555 508 1238 1386 456 841 1516 1527 869 1259 1282 1521 1494 1099 1056 1445 1105 845 1480 696 1666 1427 1328 1464 1513 750 1208 1157 1527 1531 1510 1445 219 1297 382 1209 0 1461 1531 1070 1533 1247 1299 1523 1520 1213 471 923 1441 487
138 66 1013 1083 542 1593 1633 161 1588 714 632 1860 970 122 134 998 799 715 127 525 530 1241 558 621 974 183 1643 535 63 688 545 119 1398 1392 1085 133 137 116 81 1622 728 1786 642 1461 0 137 1718 139 253 686 129 127 1398 1460 1571 78 1566
74 136 1083 1153 612 1663 1703 97 1658 784 702 1930 1040 58 69 1068 869 785 63 595 600 1311 628 691 1044 253 1713 605 133 758 615 55 1468 1462 1155 69 72 52 151 1692 798 1856 712 1531 137 0 1787 75 323 756 65 62 1468 1530 1641 148 1636
1788 1717 1166 1236 1360 645 168 1812 640 1062 1285 999 1123 1773 1784 1151 1083 1181 1777 1393 1356 756 1344 1294 1127 1737 695 1565 1683 1227 1363 1770 406 908 857 1783 1787 1766 1702 1231 1553 1395 1108 1070 1718 1787 0 1790 1504 1198 1780 1777 913 1432 229 1698 618
76 138 1085 1156 614 1665 1705 99 1660 786 704 1932 1042 60 71 1070 872 787 65 597 602 1313 630 693 1046 255 1715 607 135 760 617 57 1470 1464 1157 71 75 54 154 1695 800 1858 714 1533 139 75 1790 0 325 758 67 65 1470 1532 1643 150 1638
324 252 799 870 590 1379 1419 347 1374 501 605 1646 757 308 320 784 586 501 313 573 317 1027 606 407 761 272 1430 584 219 548 593 305 1184 1178 872 319 323 302 237 1409 514 1572 429 1247 253 323 1504 325 0 518 315 313 1184 1247 1357 233 1353
757 685 851 921 218 1073 1113 780 1068 194 142 1426 808 741 752 836 280 107 746 251 370 721 201 356 812 705 1123 423 652 86 221 738 878 872 565 752 756 735 670 1460 568 1623 122 1299 686 756 1198 758 518 0 748 746 878 1298 1051 666 1046
66 128 1075 1146 604 1655 1695 89 1650 776 694 1922 1032 50 61 1060 861 777 55 587 592 1303 620 683 1036 245 1705 597 125 750 607 47 1460 1454 1147 61 65 44 143 1685 790 1848 704 1523 129 65 1780 67 315 748 0 54 1460 1522 1633 140 1628
63 126 1072 1143 601 1652 1692 86 1648 774 692 1919 1030 47 59 1057 859 774 52 584 590 1300 617 680 1034 242 1703 595 123 748 604 44 1457 1451 1145 58 62 41 141 1682 787 1845 702 1520 127 62 1777 65 313 746 54 0 1457 1520 1631 137 1626
1468 1397 1033 1104 1040 788 829 1492 784 742 965 1142 990 1453 1464 1018 763 861 1457 1073 1036 266 1024 974 994 1417 839 1245 1363 907 1043 1450 593 108 537 1463 1467 1446 1382 1375 1233 1538 788 1213 1398 1468 913 1470 1184 878 1460 1457 0 1299 767 1378 762
1531 1460 883 954 1461 927 1336 1554 922 1238 1385 870 840 1515 1527 868 1259 1281 1520 1494 1099 1131 1444 1104 844 1479 1110 1666 1426 1327 1464 1512 1101 1283 1232 1526 1530 1509 1444 632 1296 796 1208 471 1460 1530 1421 1532 1247 1298 1522 1520 1288 0 1275 1441 900
1642 1570 1019 1090 1214 498 144 1665 493 915 1138 852 977 1626 1638 1004 936 1034 1631 1247 1209 610 1197 1147 981 1590 549 1419 1537 1080 1217 1623 259 761 710 1637 1641 1620 1555 1085 1407 1248 961 923 1571 1641 229 1643 1357 1051 1633 1631 767 1286 0 1551 472
149 77 993 1064 522 1573 1613 172 1568 694 612 1840 951 133 144 978 780 695 138 505 511 1221 538 601 955 163 1623 516 44 669 525 130 1378 1372 1066 144 147 127 62 1603 708 1766 622 1441 78 148 1698 150 233 666 140 137 1378 1441 1551 0 1547
1637 1566 1014 1085 1209 62 534 1660 57 911 1134 415 972 1621 1633 1000 931 1029 1626 1242 1205 605 1192 1142 976 1585 245 1414 1532 1076 1212 1618 299 756 706 1632 1636 1615 1550 648 1402 811 957 487 1566 1636 618 1638 1353 1046 1628 1626 762 900 472 1547 0
EOF
