NAME : tsp_problem
TYPE : TSP
DIMENSION : 28
EDGE_WEIGHT_TYPE : EXPLICIT
EDGE_WEIGHT_FORMAT : FULL_MATRIX
EDGE_WEIGHT_SECTION
0 1105 597 307 95 1412 314 1084 1423 1394 1431 1422 794 1226 239 632 878 1033 1411 593 294 605 1398 1447 725 1141 583 990
1105 0 1118 1291 1067 623 1311 174 634 605 641 632 678 774 1224 1542 1319 1097 622 1114 1278 1126 609 658 608 712 1293 1055
597 1118 0 784 559 1425 804 1097 1436 1407 1444 1435 994 1239 716 1121 1368 1233 1424 123 771 135 1411 1460 925 1154 1072 1190
307 1291 784 0 281 1599 514 1271 1609 1581 1617 1608 981 1413 189 831 1078 1219 1598 780 219 791 1585 1634 911 1328 782 1177
95 1067 559 281 0 1375 301 1046 1385 1357 1393 1384 756 1189 213 619 865 995 1373 556 268 567 1360 1409 687 1103 570 952
1412 623 1425 1599 1375 0 1619 603 69 88 79 70 985 394 1531 1850 1626 1405 201 1422 1586 1433 188 70 915 455 1601 1362
314 1311 804 514 301 1619 0 1291 1629 1601 1637 1628 1000 1433 446 419 666 859 1617 800 501 811 1604 1653 931 1347 370 816
1084 174 1097 1271 1046 603 1291 0 613 585 621 612 657 754 1203 1522 1298 1077 601 1094 1258 1105 588 637 587 691 1273 1034
1423 634 1436 1609 1385 69 1629 613 0 92 49 40 996 405 1542 1860 1637 1415 212 1432 1597 1444 199 40 926 465 1612 1373
1394 605 1407 1581 1357 88 1601 585 92 0 102 93 967 376 1513 1832 1608 1387 183 1404 1568 1415 170 94 897 437 1583 1344
1431 641 1444 1617 1393 79 1637 621 49 102 0 50 1003 412 1549 1868 1644 1423 219 1440 1604 1451 206 51 934 473 1619 1380
1422 632 1435 1608 1384 70 1628 612 40 93 50 0 994 403 1540 1859 1635 1414 210 1431 1595 1442 197 41 925 464 1610 1371
977 678 1178 1164 940 985 1184 657 996 967 1003 994 0 1136 1096 1206 983 761 984 1174 1151 1185 971 1020 412 1071 957 718
1226 774 1239 1413 1189 394 1433 754 405 376 412 403 1136 0 1345 1750 1777 1556 393 1236 1400 1247 380 429 908 158 1702 1513
239 1224 716 189 213 1531 446 1203 1542 1513 1549 1540 913 1345 0 763 1010 1151 1530 712 73 724 1517 1566 843 1260 715 1109
632 1542 1121 831 619 1850 419 1522 1860 1832 1868 1859 1206 1750 763 0 573 765 1848 1117 818 1129 1835 1884 1249 1665 277 723
878 1319 1368 1078 865 1626 666 1298 1637 1608 1644 1635 983 1777 1010 573 0 542 1625 1364 1065 1375 1612 1661 1053 1713 324 499
1022 1097 1222 1208 984 1405 859 1077 1415 1387 1423 1414 761 1556 1140 765 542 0 1403 1218 1195 1229 1390 1439 832 1491 517 176
1411 622 1424 1598 1373 201 1617 601 212 183 219 210 984 393 1530 1848 1625 1403 0 1420 1585 1432 57 236 914 453 1600 1361
593 1114 123 780 556 1422 800 1094 1432 1404 1440 1431 990 1236 712 1117 1364 1229 1420 0 767 91 1407 1456 921 1150 1069 1186
294 1278 771 219 268 1586 501 1258 1597 1568 1604 1595 968 1400 73 818 1065 1206 1585 767 0 778 1572 1621 898 1315 769 1164
605 1126 135 791 567 1433 811 1105 1444 1415 1451 1442 1002 1247 724 1129 1375 1240 1432 91 778 0 1419 1468 932 1162 1080 1198
1398 609 1411 1585 1360 188 1604 588 199 170 206 197 971 380 1517 1835 1612 1390 57 1407 1572 1419 0 223 901 440 1587 1348
1447 658 1460 1634 1409 70 1653 637 40 94 51 41 1020 429 1566 1884 1661 1439 236 1456 1621 1468 223 0 950 489 1636 1397
722 608 922 908 684 915 928 587 926 897 934 925 412 937 841 1246 1053 832 914 918 895 930 901 950 0 851 1028 789
1141 712 1154 1328 1103 455 1347 691 465 437 473 464 1071 158 1260 1665 1713 1491 453 1150 1315 1162 440 489 822 0 1616 1448
583 1293 1072 782 570 1601 370 1273 1612 1583 1619 1610 957 1702 715 277 324 517 1600 1069 769 1080 1587 1636 1028 1616 0 474
979 1055 1179 1166 941 1362 816 1034 1373 1344 1380 1371 718 1513 1098 723 499 176 1361 1175 1153 1187 1348 1397 789 1448 474 0
EOF