NAME : tsp_problem
TYPE : TSP
DIMENSION : 30
EDGE_WEIGHT_TYPE : EXPLICIT
EDGE_WEIGHT_FORMAT : FULL_MATRIX
EDGE_WEIGHT_SECTION
0 1024 1545 748 1259 1533 135 204 1197 443 901 1039 373 140 301 58 1522 965 183 1039 444 478 905 457 1547 1525 713 792 1543 1536
1024 0 1659 575 1372 1647 1135 918 1669 980 989 396 679 902 971 984 1635 670 1175 1237 608 922 1188 1127 1660 1639 1383 620 1657 1649
1545 1659 0 1853 677 223 1656 1440 573 1223 851 1617 1565 1424 1480 1506 211 1237 1696 541 1636 1228 1051 1116 83 215 1441 1897 233 225
748 575 1853 0 1566 1841 859 642 1592 837 1183 590 403 627 695 709 1829 864 899 1431 332 873 1299 851 1855 1833 1107 107 1851 1843
1259 1372 677 1566 0 665 1370 1153 689 936 565 1331 1279 1137 1194 1219 653 951 1410 255 1349 941 764 829 679 657 1154 1611 675 667
1533 1647 223 1841 665 0 1645 1428 561 1211 839 1606 1553 1412 1469 1494 103 1226 1684 529 1624 1216 1039 1104 225 107 1429 1885 124 117
135 1135 1656 859 1370 1645 0 315 1309 554 1012 1150 485 251 412 169 1633 1077 140 1150 555 589 1016 568 1658 1637 824 904 1654 1647
204 918 1440 642 1153 1428 315 0 1092 337 795 933 268 83 195 165 1416 860 274 933 338 373 800 351 1441 1420 607 687 1437 1430
1197 1669 573 1592 689 561 1309 1092 0 875 837 1627 1217 1076 1133 1158 549 1247 1348 469 1288 880 826 768 575 553 1093 1636 571 563
443 991 1175 837 888 1163 554 337 865 0 505 950 463 322 378 404 1151 570 594 706 533 82 509 270 1177 1155 526 882 1173 1165
913 989 851 1183 565 839 1024 807 861 517 0 948 933 792 848 874 828 568 1064 429 1003 522 227 738 853 832 996 1228 849 842
1039 396 1617 590 1331 1606 1150 933 1627 939 948 0 694 918 986 1000 1594 629 1190 1196 623 881 1147 1142 1619 1598 1398 635 1615 1608
373 679 1565 403 1279 1553 485 268 1217 463 921 694 0 252 320 334 1542 967 524 1059 99 498 925 477 1567 1545 733 447 1563 1555
140 902 1424 627 1137 1412 251 83 1076 322 780 918 252 0 179 101 1400 844 295 918 323 357 784 335 1426 1404 591 671 1422 1414
301 971 1480 695 1194 1469 412 195 1133 378 836 986 320 179 0 261 1457 901 451 974 391 413 840 392 1482 1461 648 739 1478 1471
58 984 1506 709 1219 1494 169 165 1158 404 862 1000 334 101 261 0 1482 926 223 1000 405 439 866 418 1508 1486 674 753 1504 1496
1522 1635 211 1829 653 103 1633 1416 549 1199 828 1594 1542 1400 1457 1482 0 1214 1673 518 1612 1204 1027 1092 213 91 1418 1874 94 91
954 670 1237 864 951 1226 1066 849 1247 559 568 629 967 833 890 915 1214 0 1105 816 897 501 767 781 1239 1218 1037 908 1235 1228
183 1175 1696 899 1410 1684 140 274 1348 594 1052 1190 524 295 451 223 1673 1116 0 1190 595 629 1056 608 1698 1676 864 943 1694 1687
1039 1237 541 1431 255 529 1150 933 469 716 429 1196 1059 918 974 1000 518 816 1190 0 1129 722 629 609 543 522 935 1475 539 532
444 608 1636 332 1349 1624 555 338 1288 533 991 623 99 323 391 405 1612 897 595 1129 0 569 996 547 1637 1616 803 377 1634 1626
478 996 1180 873 893 1168 589 373 870 82 510 955 498 357 413 439 1156 575 629 711 569 0 514 305 1182 1160 561 917 1178 1170
902 1188 1051 1297 764 1039 1014 797 855 507 227 1147 922 781 838 863 1027 767 1053 629 993 512 0 727 1053 1031 985 1341 1049 1041
457 1127 1116 851 829 1104 568 351 768 270 728 1142 477 335 392 418 1092 792 608 609 547 305 721 0 1118 1096 353 896 1114 1106
1547 1660 83 1855 679 225 1658 1441 575 1225 853 1619 1567 1426 1482 1508 213 1239 1698 543 1637 1230 1053 1118 0 217 1443 1899 235 227
1525 1639 215 1833 657 107 1637 1420 553 1203 832 1598 1545 1404 1461 1486 91 1218 1676 522 1616 1208 1031 1096 217 0 1421 1877 76 73
713 1383 1441 1107 1154 1429 824 607 1093 526 984 1398 733 591 648 674 1418 1048 864 935 803 561 988 353 1443 1421 0 1152 1439 1431
792 620 1897 107 1611 1885 904 687 1636 882 1228 635 447 671 739 753 1874 908 943 1475 377 917 1344 896 1899 1877 1152 0 1895 1888
1543 1657 233 1851 675 124 1654 1437 571 1221 849 1615 1563 1422 1478 1504 94 1235 1694 539 1634 1226 1049 1114 235 76 1439 1895 0 76
1536 1649 225 1843 667 117 1647 1430 563 1213 842 1608 1555 1414 1471 1496 91 1228 1687 532 1626 1218 1041 1106 227 73 1431 1888 76 0
EOF