NAME : tsp_problem
TYPE : TSP
DIMENSION : 84
EDGE_WEIGHT_TYPE : EXPLICIT
EDGE_WEIGHT_FORMAT : FULL_MATRIX
EDGE_WEIGHT_SECTION
0 1050 1105 1432 868 999 1345 856 1388 1381 1393 1028 1420 1408 882 1158 1247 1056 1396 887 1386 726 755 1055 1245 1005 1375 1396 1407 1403 1379 1388 1405 1428 1403 672 1423 1339 1428 1244 786 725 1384 396 1304 1183 877 1418 1408 725 1119 1419 1141 1004 1402 1312 700 1127 1506 994 1346 968 1050 1146 1060 678 1112 680 1328 1399 1114 1084 720 959 1391 865 1133 851 844 1424 1129 1306 1203 1182
1050 0 290 616 1286 267 529 1429 571 564 577 212 603 592 839 344 432 917 579 1305 570 608 637 1103 431 721 561 579 590 587 564 572 588 612 587 1414 607 523 612 429 1528 1467 570 843 489 1231 618 602 592 607 1167 602 327 272 586 497 1350 988 691 855 530 1099 838 1194 921 863 1160 1384 512 582 1162 146 602 751 574 1184 994 733 1206 608 1177 491 388 1230
1105 290 0 673 1025 219 586 1168 628 621 633 195 660 649 577 82 171 656 636 1044 627 663 691 842 170 460 300 636 647 644 303 628 645 668 643 1240 664 580 669 168 1354 1292 309 897 228 970 440 658 649 662 906 659 117 224 643 236 1089 727 430 594 586 838 577 933 660 602 899 1123 568 639 901 324 657 490 631 923 733 787 944 665 916 230 127 969
1432 616 673 0 1668 649 111 1811 64 69 63 594 46 53 1221 726 742 1299 52 1687 73 990 1019 1486 740 1103 623 80 47 64 594 225 43 42 75 1797 49 107 40 739 1910 1849 599 1225 685 1614 1001 40 63 989 1549 35 709 655 59 693 1732 1371 509 1237 107 1481 1220 1576 1303 1245 1542 1767 147 67 1545 650 984 1133 228 1567 1376 1115 1588 31 1560 687 770 1612
868 1286 1025 1668 0 1208 1581 276 1624 1617 1629 1191 1656 1644 486 972 1125 659 1632 152 1622 988 1016 394 1123 609 1253 1632 1643 1639 1257 1624 1641 1664 1639 348 1659 1575 1664 1122 462 400 1262 956 1182 510 902 1654 1644 987 446 1655 1098 1214 1638 1190 197 731 1384 598 1582 233 654 473 664 584 439 231 1564 1635 441 1320 982 563 1627 130 737 1112 109 1660 456 1184 1081 509
999 267 219 649 1208 0 562 1351 604 597 610 171 636 625 761 272 360 839 613 1227 603 556 585 1025 359 643 489 612 624 620 493 605 621 645 620 1363 640 556 645 358 1477 1415 498 791 417 1154 567 635 625 555 1089 635 255 102 619 425 1272 911 619 777 563 1021 760 1116 843 785 1082 1307 545 616 1084 300 550 673 607 1107 916 681 1128 641 1100 419 316 1152
1345 529 586 111 1581 562 0 1724 67 59 72 507 99 87 1134 639 655 1212 75 1600 65 903 932 1398 653 1016 536 75 86 82 507 138 84 107 82 1710 102 23 107 652 1823 1762 512 1138 598 1527 914 97 87 902 1462 97 622 567 81 606 1645 1284 422 1150 30 1394 1133 1489 1216 1158 1455 1680 60 78 1457 562 897 1046 141 1480 1289 1028 1501 103 1473 600 683 1525
856 1429 1168 1811 276 1351 1724 0 1766 1759 1772 1333 1798 1787 629 1115 1268 802 1774 294 1765 1130 1159 537 1266 751 1396 1774 1785 1782 1400 1767 1783 1807 1782 336 1802 1718 1807 1265 450 388 1405 944 1325 653 1045 1797 1787 1129 589 1797 1240 1356 1781 1333 185 874 1527 740 1725 376 796 616 806 727 582 219 1707 1778 584 1462 1124 705 1769 273 879 1255 252 1803 599 1327 1224 652
1388 571 628 64 1624 604 67 1766 0 77 87 550 71 78 1176 681 697 1255 76 1642 83 946 974 1441 695 1058 578 92 72 89 549 181 68 67 99 1752 73 62 64 694 1866 1804 555 1180 640 1569 956 64 88 945 1505 60 665 610 84 648 1688 1326 465 1193 63 1437 1175 1532 1259 1201 1498 1722 102 91 1500 605 939 1089 184 1522 1332 1070 1543 56 1515 642 726 1568
1381 564 621 69 1617 597 59 1759 77 0 82 543 76 83 1169 674 690 1247 82 1635 76 938 967 1434 688 1051 571 85 77 92 542 174 73 72 92 1745 78 55 69 687 1859 1797 548 1173 633 1562 949 70 93 937 1498 65 658 603 89 641 1680 1319 458 1186 55 1429 1168 1525 1252 1194 1491 1715 95 88 1493 598 932 1081 176 1515 1325 1063 1536 61 1508 635 719 1561
1393 577 633 63 1629 610 72 1772 87 82 0 555 69 77 1181 686 702 1260 75 1648 88 951 980 1446 701 1064 583 97 70 88 555 186 66 65 98 1757 72 67 63 700 1871 1810 560 1186 645 1574 961 63 87 950 1510 59 670 615 83 653 1693 1331 470 1198 68 1442 1181 1537 1264 1206 1503 1727 107 90 1505 610 945 1094 189 1527 1337 1075 1548 55 1520 647 731 1573
1028 212 195 594 1191 171 507 1333 550 543 555 0 582 570 743 248 337 821 558 1209 548 586 615 1008 335 625 465 558 569 565 469 550 567 590 565 1393 585 501 590 334 1506 1445 474 821 394 1136 597 580 570 585 1072 581 231 177 564 402 1254 893 596 760 508 1003 742 1099 826 767 1065 1289 490 561 1067 246 580 655 553 1089 898 711 1110 586 1082 396 293 1135
1420 603 660 46 1656 636 99 1798 71 76 69 582 0 60 1208 713 729 1287 59 1674 80 978 1006 1473 727 1090 610 87 54 71 581 213 50 49 82 1784 55 94 47 726 1898 1836 587 1212 672 1601 988 47 70 977 1537 42 697 642 66 680 1720 1358 497 1225 95 1469 1207 1564 1291 1233 1530 1754 134 74 1532 637 971 1121 216 1554 1364 1102 1575 38 1547 674 758 1600
1408 592 649 53 1644 625 87 1787 78 83 77 570 60 0 1197 702 718 1275 66 1663 87 966 995 1461 716 1079 599 94 61 78 570 201 57 56 89 1773 63 83 54 715 1886 1825 575 1201 661 1590 977 54 78 965 1525 49 685 631 73 669 1708 1347 485 1213 83 1457 1196 1552 1279 1221 1518 1743 123 81 1521 626 960 1109 204 1543 1352 1091 1564 45 1536 663 746 1588
893 839 577 1221 486 761 1134 629 1176 1169 1181 743 1208 1197 0 524 677 212 1184 505 1175 632 661 303 676 161 806 1184 1195 1192 809 1176 1193 1216 1191 701 1212 1128 1217 674 815 753 815 686 734 431 547 1206 1197 631 367 1207 650 766 1191 742 550 283 936 150 1134 299 206 394 216 229 360 584 1116 1187 362 872 626 115 1179 384 289 757 405 1213 377 736 633 430
1150 344 82 726 972 272 639 1115 681 674 686 248 713 702 524 0 182 603 689 991 680 716 744 789 181 406 311 689 700 697 314 681 698 721 696 1187 717 633 722 179 1301 1239 320 942 239 917 386 711 702 715 853 712 155 277 696 247 1036 674 441 541 639 785 524 880 607 549 846 1070 621 692 848 377 710 437 684 870 680 840 891 718 863 241 138 916
1247 432 171 742 1125 360 655 1268 697 690 702 337 729 718 677 182 0 756 705 1144 696 805 833 942 30 559 216 705 716 713 219 697 714 737 712 1340 733 649 738 34 1454 1392 225 1039 144 1070 539 727 718 804 1006 728 244 366 712 152 1189 827 346 694 655 938 677 1033 760 702 999 1223 637 708 1001 466 798 590 700 1023 833 929 1044 734 1016 146 111 1069
1067 917 656 1299 659 839 1212 802 1255 1247 1260 821 1287 1275 212 603 756 0 1263 678 1253 806 834 477 754 239 884 1263 1274 1270 888 1255 1272 1295 1270 874 1290 1206 1295 753 988 927 893 859 813 605 720 1285 1275 805 541 1285 729 845 1269 821 723 226 1015 188 1213 472 285 567 107 402 534 758 1195 1266 536 951 800 193 1258 558 220 930 579 1291 551 815 712 604
1396 579 636 52 1632 613 75 1774 76 82 75 558 59 66 1184 689 705 1263 0 1651 86 954 982 1449 704 1066 586 93 60 77 557 189 56 55 87 1760 61 70 52 702 1874 1813 563 1188 648 1577 964 52 76 953 1513 48 673 618 72 656 1696 1334 473 1201 71 1445 1184 1540 1267 1209 1506 1730 110 79 1508 613 948 1097 192 1530 1340 1078 1551 44 1523 650 734 1576
887 1305 1044 1687 152 1227 1600 294 1642 1635 1648 1209 1674 1663 505 991 1144 678 1651 0 1641 1006 1035 413 1142 627 1272 1650 1662 1658 1276 1643 1659 1683 1658 367 1678 1594 1683 1141 480 419 1281 975 1201 529 921 1673 1663 1005 465 1673 1116 1232 1657 1209 216 750 1403 616 1601 252 672 492 682 603 458 250 1583 1654 460 1338 1000 581 1645 149 755 1131 128 1679 475 1203 1100 528
1386 570 627 73 1622 603 65 1765 83 76 88 548 80 87 1175 680 696 1253 86 1641 0 944 973 1439 694 1057 577 91 81 98 548 179 77 76 98 1751 82 61 74 693 1864 1803 553 1179 639 1568 955 74 97 943 1503 69 663 609 93 647 1686 1325 463 1191 61 1435 1174 1530 1257 1199 1496 1721 101 94 1499 603 938 1087 182 1521 1330 1069 1542 65 1514 641 724 1566
726 608 663 990 1171 556 903 1274 946 938 951 586 978 966 816 716 805 989 954 1190 944 0 127 988 803 938 933 954 965 961 937 946 963 986 961 1090 981 897 986 802 1204 1143 942 519 862 1116 435 976 966 174 1052 976 699 562 960 869 1118 1060 1064 927 904 984 983 1079 993 612 1045 1098 886 957 1047 642 169 892 949 1069 1066 145 1090 982 1062 864 760 1115
755 637 691 1019 1200 585 932 1303 974 967 980 615 1006 995 844 744 833 1018 982 1218 973 127 0 1017 831 967 961 982 993 990 965 974 991 1014 989 1119 1010 926 1015 830 1233 1172 971 547 890 1145 464 1005 995 203 1081 1005 728 591 989 898 1146 1089 1092 956 932 1013 1012 1108 1022 640 1074 1127 914 985 1076 670 198 921 977 1098 1095 252 1119 1011 1091 892 789 1144
1066 1103 842 1486 394 1025 1398 537 1441 1434 1446 1008 1473 1461 303 789 942 477 1449 413 1439 805 833 0 940 426 1070 1449 1460 1456 1074 1441 1458 1481 1456 609 1476 1392 1482 939 723 661 1080 858 999 339 719 1471 1462 804 275 1472 915 1031 1456 1007 458 548 1201 415 1399 207 471 302 481 401 268 492 1381 1452 270 1137 799 380 1444 292 554 929 313 1478 285 1001 898 338
1245 431 170 740 1123 359 653 1266 695 688 701 335 727 716 676 181 30 754 704 1142 694 803 831 940 0 558 214 703 714 711 218 696 712 736 711 1338 731 647 736 33 1452 1391 223 1037 143 1069 538 726 716 802 1004 726 242 364 710 151 1187 826 345 692 654 936 675 1031 758 700 997 1222 636 707 999 464 797 588 698 1022 831 927 1043 732 1015 145 109 1067
1016 721 460 1103 609 643 1016 751 1058 1051 1064 625 1090 1079 161 406 559 239 1066 627 1057 755 783 426 558 0 688 1066 1077 1074 692 1058 1075 1098 1073 824 1094 1010 1099 557 937 876 697 808 616 554 582 1088 1079 754 490 1089 532 648 1073 624 672 311 818 178 1016 422 142 517 244 351 483 707 998 1069 485 754 749 73 1061 507 317 879 528 1095 500 618 515 553
1375 561 300 623 1253 489 536 1396 578 571 583 465 610 599 806 311 216 884 586 1272 577 933 961 1070 214 688 0 586 597 594 97 578 595 618 593 1468 614 530 619 213 1582 1521 102 1167 159 1199 668 608 599 932 1134 609 372 494 593 166 1317 956 227 822 536 1066 805 1161 888 830 1127 1352 518 589 1129 594 927 718 581 1152 961 1057 1173 615 1145 161 259 1197
1396 579 636 80 1632 612 75 1774 92 85 97 558 87 94 1184 689 705 1263 93 1650 91 954 982 1449 703 1066 586 0 88 105 557 189 84 83 107 1760 89 70 80 702 1874 1812 563 1188 648 1577 964 81 104 953 1513 76 673 618 100 656 1696 1334 473 1201 71 1445 1184 1540 1267 1209 1506 1730 110 103 1508 613 948 1097 192 1530 1340 1078 1551 72 1523 650 734 1576
1407 590 647 47 1643 624 86 1785 72 77 70 569 54 61 1195 700 716 1274 60 1662 81 965 993 1460 714 1077 597 88 0 72 568 200 51 50 82 1771 56 81 47 713 1885 1824 574 1199 659 1588 975 48 71 964 1524 43 684 629 67 667 1707 1345 484 1212 82 1456 1195 1551 1278 1220 1517 1741 121 75 1519 624 959 1108 203 1541 1351 1089 1562 39 1534 661 745 1587
1403 587 644 64 1639 620 82 1782 89 92 88 565 71 78 1192 697 713 1270 77 1658 98 961 990 1456 711 1074 594 105 72 0 565 196 68 67 100 1767 74 78 65 710 1881 1820 570 1196 656 1585 972 65 89 960 1520 60 680 625 84 664 1703 1342 480 1208 78 1452 1191 1547 1274 1216 1513 1738 118 92 1515 620 955 1104 199 1538 1347 1086 1559 56 1531 658 741 1583
1379 564 303 594 1257 493 507 1400 549 542 555 469 581 570 809 314 219 888 557 1276 548 937 965 1074 218 692 97 557 568 565 0 549 566 589 565 1472 585 501 590 217 1586 1524 31 1171 162 1202 671 580 570 936 1138 580 376 498 564 170 1321 959 199 826 508 1070 809 1165 892 834 1131 1355 489 560 1133 598 930 722 552 1155 965 1061 1176 586 1148 164 262 1201
1388 572 628 225 1624 605 138 1767 181 174 186 550 213 201 1176 681 697 1255 189 1643 179 946 974 1441 696 1058 578 189 200 196 549 0 198 221 196 1752 216 132 221 694 1866 1805 555 1180 640 1569 956 211 201 945 1505 212 665 610 195 648 1688 1326 465 1193 139 1437 1176 1532 1259 1201 1498 1722 121 192 1500 605 940 1089 54 1522 1332 1070 1543 217 1515 642 726 1568
1405 588 645 43 1641 621 84 1783 68 73 66 567 50 57 1193 698 714 1272 56 1659 77 963 991 1458 712 1075 595 84 51 68 566 198 0 46 78 1769 52 79 43 711 1883 1821 572 1197 657 1586 973 44 67 962 1522 39 682 627 63 665 1705 1343 482 1210 80 1454 1192 1549 1276 1218 1515 1739 119 71 1517 622 956 1105 201 1539 1349 1087 1560 35 1532 659 743 1585
1428 612 668 42 1664 645 107 1807 67 72 65 590 49 56 1216 721 737 1295 55 1683 76 986 1014 1481 736 1098 618 83 50 67 589 221 46 0 77 1792 51 102 43 734 1906 1845 595 1220 680 1609 996 43 66 985 1545 38 705 650 62 688 1728 1366 505 1233 103 1477 1216 1572 1299 1241 1538 1762 142 70 1540 645 980 1129 224 1562 1372 1110 1583 34 1555 682 766 1608
1403 587 643 75 1639 620 82 1782 99 92 98 565 82 89 1191 696 712 1270 87 1658 98 961 989 1456 711 1073 593 107 82 100 565 196 78 77 0 1767 84 77 75 709 1881 1820 570 1195 655 1584 971 75 99 960 1520 71 680 625 95 663 1703 1341 480 1208 78 1452 1191 1547 1274 1216 1513 1737 117 102 1515 620 955 1104 199 1537 1347 1085 1558 67 1530 657 741 1583
672 1414 1240 1797 348 1363 1710 336 1752 1745 1757 1393 1784 1773 701 1187 1340 874 1760 367 1751 1090 1119 609 1338 824 1468 1760 1771 1767 1472 1752 1769 1792 1767 0 1787 1704 1793 1337 135 73 1477 760 1397 725 1117 1782 1773 1089 661 1783 1313 1368 1767 1405 179 946 1599 813 1710 448 869 688 878 799 654 160 1692 1763 656 1448 1084 777 1755 345 951 1215 324 1789 671 1399 1296 724
1423 607 664 49 1659 640 102 1802 73 78 72 585 55 63 1212 717 733 1290 61 1678 82 981 1010 1476 731 1094 614 89 56 74 585 216 52 51 84 1787 0 98 49 730 1901 1840 590 1216 676 1604 992 49 73 980 1540 45 700 645 69 683 1723 1361 500 1228 98 1472 1211 1567 1294 1236 1533 1757 138 76 1535 640 975 1124 219 1558 1367 1106 1579 41 1551 678 761 1603
1339 523 580 107 1575 556 23 1718 62 55 67 501 94 83 1128 633 649 1206 70 1594 61 897 926 1392 647 1010 530 70 81 78 501 132 79 102 77 1704 98 0 103 646 1817 1756 506 1132 592 1521 908 92 83 896 1456 93 616 562 77 600 1639 1278 416 1144 24 1388 1127 1483 1210 1152 1449 1674 54 73 1451 556 891 1040 135 1474 1283 1022 1495 99 1467 594 677 1519
1428 612 669 40 1664 645 107 1807 64 69 63 590 47 54 1217 722 738 1295 52 1683 74 986 1015 1482 736 1099 619 80 47 65 590 221 43 43 75 1793 49 103 0 735 1906 1845 595 1221 681 1610 997 40 64 985 1545 36 705 651 60 689 1728 1367 505 1233 103 1477 1216 1572 1299 1241 1538 1763 143 67 1541 646 980 1129 224 1563 1372 1111 1584 32 1556 683 767 1609
1244 429 168 739 1122 358 652 1265 694 687 700 334 726 715 674 179 34 753 702 1141 693 802 830 939 33 557 213 702 713 710 217 694 711 734 709 1337 730 646 735 0 1451 1389 222 1036 142 1067 536 725 715 801 1003 725 241 363 709 149 1186 824 344 691 652 935 674 1030 757 699 996 1220 634 705 998 463 796 587 697 1020 830 926 1041 731 1013 144 108 1066
786 1528 1354 1910 462 1477 1823 450 1866 1859 1871 1506 1898 1886 815 1301 1454 988 1874 480 1864 1204 1233 723 1452 937 1582 1874 1885 1881 1586 1866 1883 1906 1881 135 1901 1817 1906 1451 0 121 1591 874 1511 839 1231 1896 1886 1203 775 1897 1426 1482 1880 1519 293 1060 1713 926 1824 562 982 802 992 913 768 274 1806 1877 770 1562 1198 891 1869 459 1065 1329 438 1902 785 1513 1410 838
725 1467 1292 1849 400 1415 1762 388 1804 1797 1810 1445 1836 1825 753 1239 1392 927 1813 419 1803 1143 1172 661 1391 876 1521 1812 1824 1820 1524 1805 1821 1845 1820 73 1840 1756 1845 1389 121 0 1530 813 1449 778 1170 1835 1825 1142 713 1835 1365 1421 1819 1457 232 998 1651 865 1763 500 921 740 931 851 706 212 1745 1816 709 1500 1137 830 1807 397 1004 1267 376 1841 724 1451 1348 777
1384 570 309 599 1262 498 512 1405 555 548 560 474 587 575 815 320 225 893 563 1281 553 942 971 1080 223 697 102 563 574 570 31 555 572 595 570 1477 590 506 595 222 1591 1530 0 1177 168 1208 677 585 575 941 1143 586 381 503 569 176 1326 965 204 831 513 1075 814 1170 897 839 1136 1361 495 566 1139 603 936 727 558 1161 970 1066 1182 591 1154 170 268 1207
396 843 897 1225 956 791 1138 944 1180 1173 1186 821 1212 1201 675 950 1039 848 1188 975 1179 519 547 847 1037 797 1167 1188 1199 1196 1171 1180 1197 1220 1195 760 1216 1132 1221 1036 874 813 1177 0 1096 975 670 1211 1201 518 911 1211 934 797 1195 1104 787 920 1298 786 1138 843 843 938 852 471 904 768 1120 1191 906 876 513 751 1183 929 925 643 932 1217 922 1098 995 974
1304 489 228 685 1182 417 598 1325 640 633 645 394 672 661 734 239 144 813 648 1201 639 862 890 999 143 616 159 648 659 656 162 640 657 680 655 1397 676 592 681 142 1511 1449 168 1096 0 1127 596 670 661 861 1063 671 301 423 655 25 1246 884 289 751 598 995 734 1090 817 759 1056 1280 580 651 1058 523 855 647 643 1080 890 986 1101 677 1073 19 187 1126
1194 1231 970 1614 510 1154 1527 653 1569 1562 1574 1136 1601 1590 431 917 1070 605 1577 529 1568 933 962 339 1069 554 1199 1577 1588 1585 1202 1569 1586 1609 1584 725 1604 1521 1610 1067 839 778 1208 986 1127 0 848 1599 1590 932 90 1600 1043 1159 1584 1135 574 676 1329 543 1527 323 599 56 609 529 214 609 1509 1580 216 1265 927 508 1572 409 682 1057 430 1606 214 1129 1026 219
877 618 469 1001 900 567 914 1042 956 949 961 597 988 977 544 415 568 718 964 918 955 435 464 717 567 588 697 964 975 972 700 956 973 996 971 1115 992 908 997 566 1228 1167 706 670 625 845 0 986 977 434 781 987 541 572 971 633 963 789 827 656 914 713 705 808 722 403 774 998 896 967 776 652 429 618 959 798 795 559 819 993 791 627 524 844
1418 602 658 40 1654 635 97 1797 64 70 63 580 47 54 1206 711 727 1285 52 1673 74 976 1005 1471 726 1088 608 81 48 65 580 211 44 43 75 1782 49 92 40 725 1896 1835 585 1211 670 1599 986 0 64 975 1535 36 695 640 60 678 1718 1356 495 1223 93 1467 1206 1562 1289 1231 1528 1752 132 67 1530 635 970 1119 214 1552 1362 1100 1573 32 1545 672 756 1598
1408 592 649 63 1644 625 87 1787 88 93 87 570 70 78 1197 702 718 1275 76 1663 97 966 995 1462 716 1079 599 104 71 89 570 201 67 66 99 1773 73 83 64 715 1886 1825 575 1201 661 1590 977 64 0 965 1525 59 685 631 83 669 1708 1347 485 1213 83 1457 1196 1552 1279 1221 1518 1743 123 91 1521 626 960 1109 204 1543 1352 1091 1564 55 1536 663 747 1589
725 607 662 989 1170 555 902 1273 945 937 950 585 977 965 815 715 804 988 953 1189 943 174 203 987 802 937 932 953 964 960 936 945 962 985 960 1089 980 896 985 801 1203 1142 941 518 861 1115 434 975 965 0 1051 975 698 561 959 869 1117 1059 1063 926 903 983 982 1078 992 611 1044 1097 885 956 1046 641 92 891 948 1068 1065 299 1089 981 1061 863 759 1114
1130 1167 906 1549 446 1089 1462 589 1505 1498 1510 1072 1537 1525 367 853 1006 541 1513 465 1503 869 897 275 1004 490 1134 1513 1524 1520 1138 1505 1522 1545 1520 661 1540 1456 1545 1003 775 713 1143 922 1063 90 783 1535 1525 868 0 1536 979 1095 1519 1071 510 612 1265 479 1463 259 535 84 545 465 145 544 1445 1516 147 1201 863 444 1508 344 618 993 365 1541 162 1065 962 201
1419 602 659 35 1655 635 97 1797 60 65 59 581 42 49 1207 712 728 1285 48 1673 69 976 1005 1472 726 1089 609 76 43 60 580 212 39 38 71 1783 45 93 36 725 1897 1835 586 1211 671 1600 987 36 59 975 1536 0 696 641 55 679 1718 1357 496 1224 93 1467 1206 1563 1290 1232 1529 1753 133 63 1531 636 970 1119 214 1553 1363 1101 1574 27 1546 673 757 1599
1141 327 117 709 1098 255 622 1240 665 658 670 231 697 685 650 155 244 729 673 1116 663 699 728 915 242 532 372 673 684 680 376 665 682 705 680 1313 700 616 705 241 1426 1365 381 934 301 1043 512 695 685 698 979 696 0 261 679 309 1161 800 503 667 623 911 649 1006 733 675 972 1196 605 676 974 361 693 562 668 996 806 824 1017 701 989 303 200 1042
1004 272 224 655 1214 102 567 1356 610 603 615 177 642 631 766 277 366 845 618 1232 609 562 591 1031 364 648 494 618 629 625 498 610 627 650 625 1368 645 562 651 363 1482 1421 503 797 423 1159 572 640 631 561 1095 641 261 0 625 431 1278 916 625 783 568 1027 766 1122 849 791 1088 1312 550 621 1090 306 556 679 613 1112 922 686 1133 647 1105 425 322 1158
1402 586 643 59 1638 619 81 1781 84 89 83 564 66 73 1191 696 712 1269 72 1657 93 960 989 1456 710 1073 593 100 67 84 564 195 63 62 95 1767 69 77 60 709 1880 1819 569 1195 655 1584 971 60 83 959 1519 55 679 625 0 663 1702 1341 479 1207 77 1451 1190 1546 1273 1215 1512 1737 117 87 1515 620 954 1103 198 1537 1346 1085 1558 51 1530 657 741 1583
1312 497 236 693 1190 425 606 1333 648 641 653 402 680 669 742 247 152 821 656 1209 647 869 898 1007 151 624 166 656 667 664 170 648 665 688 663 1405 683 600 689 149 1519 1457 176 1104 25 1135 604 678 669 869 1071 679 309 431 663 0 1254 892 297 759 606 1003 742 1098 825 767 1064 1288 588 659 1066 531 863 655 651 1088 898 994 1109 685 1081 27 195 1134
700 1350 1089 1732 197 1272 1645 185 1688 1680 1693 1254 1720 1708 550 1036 1189 723 1696 216 1686 1051 1080 458 1187 672 1317 1696 1707 1703 1321 1688 1705 1728 1703 179 1723 1639 1728 1186 293 232 1326 787 1246 574 966 1718 1708 1050 510 1718 1161 1278 1702 1254 0 795 1448 661 1646 297 718 537 727 648 503 63 1628 1699 505 1383 1045 626 1691 194 800 1176 173 1724 520 1248 1145 573
1138 988 727 1371 731 911 1284 874 1326 1319 1331 893 1358 1347 283 674 827 226 1334 750 1325 877 906 548 826 311 956 1334 1345 1342 959 1326 1343 1366 1341 946 1361 1278 1367 824 1060 998 965 931 884 676 792 1356 1347 876 612 1357 800 916 1341 892 795 0 1086 162 1284 544 356 639 230 473 605 829 1266 1337 607 1022 871 265 1329 629 54 1002 650 1363 622 886 783 675
1506 691 430 509 1384 619 422 1527 465 458 470 596 497 485 936 441 346 1015 473 1403 463 1064 1092 1201 345 818 227 473 484 480 199 465 482 505 480 1599 500 416 505 344 1713 1651 204 1298 289 1329 798 495 485 1063 1265 496 503 625 479 297 1448 1086 0 953 423 1197 936 1292 1019 961 1258 1482 405 476 1260 725 1057 849 468 1282 1092 1188 1303 501 1275 291 389 1328
1005 855 594 1237 598 777 1150 740 1193 1186 1198 760 1225 1213 150 541 694 188 1201 616 1191 744 773 415 692 178 822 1201 1212 1208 826 1193 1210 1233 1208 813 1228 1144 1233 691 926 865 831 797 751 543 658 1223 1213 743 479 1224 667 783 1207 759 661 162 953 0 1151 411 223 506 192 340 472 696 1133 1204 474 889 738 132 1196 496 167 868 517 1229 489 753 650 542
1346 530 586 107 1582 563 30 1725 63 55 68 508 95 83 1134 639 655 1213 71 1601 61 904 932 1399 654 1016 536 71 82 78 508 139 80 103 78 1710 98 24 103 652 1824 1763 513 1138 598 1527 914 93 83 903 1463 93 623 568 77 606 1646 1284 423 1151 0 1395 1134 1490 1217 1159 1456 1680 60 74 1458 563 898 1047 142 1480 1290 1028 1501 99 1473 600 684 1526
968 1099 838 1481 233 1021 1394 376 1437 1429 1442 1003 1469 1457 299 785 938 472 1445 252 1435 801 829 207 936 422 1066 1445 1456 1452 1070 1437 1454 1477 1452 448 1472 1388 1477 935 562 500 1075 854 995 323 715 1467 1457 800 259 1467 911 1027 1451 1003 297 544 1197 411 1395 0 467 286 476 397 252 331 1377 1448 254 1133 794 375 1440 131 549 925 152 1473 269 997 894 322
1061 838 577 1220 653 760 1133 796 1175 1168 1181 742 1207 1196 206 524 677 295 1184 672 1174 800 828 470 675 142 805 1184 1195 1191 809 1176 1192 1216 1191 868 1211 1127 1216 674 982 921 814 853 734 599 699 1206 1196 799 534 1206 649 766 1190 742 717 366 936 233 1134 466 0 561 299 396 527 752 1116 1187 529 871 793 197 1178 552 372 924 573 1212 545 736 633 597
1157 1194 933 1576 473 1116 1489 616 1532 1525 1537 1099 1564 1552 394 880 1033 567 1540 492 1530 896 924 302 1031 517 1161 1540 1551 1547 1165 1532 1549 1572 1547 688 1567 1483 1572 1030 802 740 1170 949 1090 56 810 1562 1552 895 84 1563 1006 1122 1546 1098 537 639 1292 506 1490 286 562 0 572 492 208 571 1472 1543 210 1228 890 471 1535 371 645 1020 392 1568 225 1092 989 256
1071 921 660 1303 664 843 1216 806 1259 1252 1264 826 1291 1279 216 607 760 107 1267 682 1257 810 838 481 758 244 888 1267 1278 1274 892 1259 1276 1299 1274 878 1294 1210 1299 757 992 931 897 863 817 609 724 1289 1279 809 545 1290 733 849 1273 825 727 230 1019 192 1217 476 289 572 0 406 538 762 1199 1270 540 955 804 198 1262 562 224 934 583 1295 555 819 716 608
752 815 592 1197 584 763 1110 727 1153 1146 1158 757 1185 1173 229 538 692 402 1161 603 1151 491 520 401 690 351 820 1161 1172 1168 824 1153 1170 1193 1168 799 1188 1104 1193 689 913 851 829 545 749 529 406 1183 1173 490 465 1184 664 769 1167 757 648 473 951 340 1111 397 396 492 406 0 458 682 1093 1164 460 849 485 305 1156 482 479 616 503 1189 475 751 648 528
1123 1160 899 1542 439 1082 1455 582 1498 1491 1503 1065 1530 1518 360 846 999 534 1506 458 1496 862 890 268 997 483 1127 1506 1517 1513 1131 1498 1515 1538 1513 654 1533 1449 1538 996 768 706 1136 915 1056 214 776 1528 1518 861 145 1529 972 1088 1512 1064 503 605 1258 472 1456 252 528 208 538 458 0 537 1438 1509 96 1194 856 437 1501 337 611 986 358 1534 111 1058 955 164
680 1384 1123 1767 231 1307 1680 219 1722 1715 1727 1289 1754 1743 584 1070 1223 758 1730 250 1721 1086 1115 492 1222 707 1352 1730 1741 1738 1355 1722 1739 1762 1737 160 1757 1674 1763 1220 274 212 1361 768 1280 609 1001 1752 1743 1085 544 1753 1196 1312 1737 1288 63 829 1482 696 1680 331 752 571 762 682 537 0 1662 1733 540 1418 1080 661 1725 228 835 1210 207 1759 555 1282 1179 607
1328 512 568 147 1564 545 60 1707 102 95 107 490 134 123 1116 621 637 1195 110 1583 101 886 914 1381 636 998 518 110 121 118 489 121 119 142 117 1692 138 54 143 634 1806 1745 495 1120 580 1509 896 132 123 885 1445 133 605 550 117 588 1628 1266 405 1133 60 1377 1116 1472 1199 1141 1438 1662 0 113 1440 545 880 1029 124 1462 1272 1010 1483 139 1455 582 666 1508
1399 582 639 67 1635 616 78 1778 91 88 90 561 74 81 1187 692 708 1266 79 1654 94 957 985 1452 707 1069 589 103 75 92 560 192 71 70 102 1763 76 73 67 705 1877 1816 566 1191 651 1580 967 67 91 956 1516 63 676 621 87 659 1699 1337 476 1204 74 1448 1187 1543 1270 1212 1509 1733 113 0 1511 616 951 1100 195 1533 1343 1081 1554 59 1526 653 737 1579
1125 1162 901 1545 441 1084 1457 584 1500 1493 1505 1067 1532 1521 362 848 1001 536 1508 460 1499 864 892 270 999 485 1129 1508 1519 1515 1133 1500 1517 1540 1515 656 1535 1451 1541 998 770 709 1139 917 1058 216 778 1530 1521 863 147 1531 974 1090 1515 1066 505 607 1260 474 1458 254 530 210 540 460 96 540 1440 1511 0 1196 858 439 1503 340 613 988 361 1537 114 1060 957 166
1084 146 324 650 1320 300 562 1462 605 598 610 246 637 626 872 377 466 951 613 1338 603 642 670 1137 464 754 594 613 624 620 598 605 622 645 620 1448 640 556 646 463 1562 1500 603 876 523 1265 652 635 626 641 1201 636 361 306 620 531 1383 1022 725 889 563 1133 871 1228 955 897 1194 1418 545 616 1196 0 635 784 608 1218 1028 766 1239 642 1211 525 422 1264
720 602 657 984 1165 550 897 1268 939 932 945 580 971 960 810 710 798 983 948 1184 938 169 198 982 797 932 927 948 959 955 930 940 956 980 955 1084 975 891 980 796 1198 1137 936 513 855 1110 429 970 960 92 1046 970 693 556 954 863 1112 1054 1057 921 898 978 977 1073 987 606 1039 1092 880 951 1041 635 0 886 942 1063 1060 294 1084 976 1056 857 754 1109
970 751 490 1133 563 673 1046 705 1089 1081 1094 655 1121 1109 115 437 590 193 1097 581 1087 709 737 380 588 73 718 1097 1108 1104 722 1089 1105 1129 1104 777 1124 1040 1129 587 891 830 727 762 647 508 612 1119 1109 708 444 1119 562 679 1103 655 626 265 849 132 1047 375 173 471 198 305 437 661 1029 1100 439 784 703 0 1091 461 271 833 482 1125 454 649 546 507
1391 574 631 228 1627 607 141 1769 184 176 189 553 216 204 1179 684 700 1258 192 1645 182 949 977 1444 698 1061 581 192 203 199 552 54 201 224 199 1755 219 135 224 697 1869 1807 558 1183 643 1572 959 214 204 948 1508 214 668 613 198 651 1691 1329 468 1196 142 1440 1178 1535 1262 1204 1501 1725 124 195 1503 608 942 1091 0 1525 1335 1073 1546 220 1518 645 729 1571
865 1184 923 1567 130 1107 1480 273 1522 1515 1527 1089 1554 1543 384 870 1023 558 1530 149 1521 886 915 292 1022 507 1152 1530 1541 1538 1155 1522 1539 1562 1537 345 1558 1474 1563 1020 459 397 1161 940 1080 409 801 1552 1543 885 344 1553 996 1112 1537 1088 194 629 1282 496 1480 131 552 371 562 482 337 228 1462 1533 340 1218 880 461 1525 0 635 1010 83 1559 355 1082 979 407
1144 994 733 1376 737 916 1289 879 1332 1325 1337 898 1364 1352 289 680 833 220 1340 755 1330 883 911 554 831 317 961 1340 1351 1347 965 1332 1349 1372 1347 951 1367 1283 1372 830 1065 1004 970 936 890 682 797 1362 1352 882 618 1363 806 922 1346 898 800 54 1092 167 1290 549 362 645 224 479 611 835 1272 1343 613 1028 877 271 1335 635 0 1007 656 1368 628 892 789 681
851 733 787 1115 1295 681 1028 1399 1070 1063 1075 711 1102 1091 940 840 929 1114 1078 1314 1069 145 252 1113 927 1063 1057 1078 1089 1086 1061 1070 1087 1110 1085 1215 1106 1022 1111 926 1329 1267 1066 643 986 1241 559 1100 1091 299 1177 1101 824 686 1085 994 1242 1185 1188 1052 1028 1108 1108 1203 1118 736 1170 1223 1010 1081 1172 766 294 1017 1073 1194 1191 0 1215 1107 1187 988 885 1240
844 1206 944 1588 109 1128 1501 252 1543 1536 1548 1110 1575 1564 405 891 1044 579 1551 128 1542 907 936 313 1043 528 1173 1551 1562 1559 1176 1543 1560 1583 1558 324 1579 1495 1584 1041 438 376 1182 932 1101 430 822 1573 1564 906 365 1574 1017 1133 1558 1109 173 650 1303 517 1501 152 573 392 583 503 358 207 1483 1554 361 1239 901 482 1546 83 656 1032 0 1580 376 1103 1000 429
1424 608 665 31 1660 641 103 1803 56 61 55 586 38 45 1213 718 734 1291 44 1679 65 982 1011 1478 732 1095 615 72 39 56 586 217 35 34 67 1789 41 99 32 731 1902 1841 591 1217 677 1606 993 32 55 981 1541 27 701 647 51 685 1724 1363 501 1229 99 1473 1212 1568 1295 1237 1534 1759 139 59 1537 642 976 1125 220 1559 1368 1107 1580 0 1552 679 762 1604
1140 1177 916 1560 456 1100 1473 599 1515 1508 1520 1082 1547 1536 377 863 1016 551 1523 475 1514 879 908 285 1015 500 1145 1523 1534 1531 1148 1515 1532 1555 1530 671 1551 1467 1556 1013 785 724 1154 933 1073 214 794 1545 1536 878 162 1546 989 1105 1530 1081 520 622 1275 489 1473 269 545 225 555 475 111 555 1455 1526 114 1211 873 454 1518 355 628 1003 376 1552 0 1075 972 72
1306 491 230 687 1184 419 600 1327 642 635 647 396 674 663 736 241 146 815 650 1203 641 864 892 1001 145 618 161 650 661 658 164 642 659 682 657 1399 678 594 683 144 1513 1451 170 1098 19 1129 598 672 663 863 1065 673 303 425 657 27 1248 886 291 753 600 997 736 1092 819 761 1058 1282 582 653 1060 525 857 649 645 1082 892 988 1103 679 1075 0 189 1128
1203 388 127 770 1081 316 683 1224 726 719 731 293 758 746 633 138 111 712 734 1100 724 760 789 898 109 515 259 734 745 741 262 726 743 766 741 1296 761 677 767 108 1410 1348 268 995 187 1026 495 756 747 759 962 757 200 322 741 195 1145 783 389 650 684 894 633 989 716 658 955 1179 666 737 957 422 754 546 729 979 789 885 1000 762 972 189 0 1025
1193 1230 969 1612 509 1152 1525 652 1568 1561 1573 1135 1600 1588 430 916 1069 604 1576 528 1566 932 960 338 1067 553 1197 1576 1587 1583 1201 1568 1585 1608 1583 724 1603 1519 1609 1066 838 777 1207 985 1126 219 846 1598 1589 931 201 1599 1042 1158 1583 1134 573 675 1328 542 1526 322 598 256 608 528 164 607 1508 1579 166 1264 926 507 1571 407 681 1056 429 1604 72 1128 1025 0
EOF