NAME : tsp_problem
TYPE : TSP
DIMENSION : 76
EDGE_WEIGHT_TYPE : EXPLICIT
EDGE_WEIGHT_FORMAT : FULL_MATRIX
EDGE_WEIGHT_SECTION
0 1204 1044 432 1614 428 1200 907 1229 1603 1640 1350 378 1007 974 709 210 572 1616 1652 301 533 1609 829 1639 1099 1062 1104 764 1352 1612 883 365 1524 693 1246 1194 662 1632 1611 1619 717 1607 1095 1618 1599 1066 759 802 1631 521 1626 1017 1619 726 1015 657 1639 1109 1174 1173 976 350 650 1631 1637 1624 440 1627 1577 819 1628 742 621 1646 889
1204 0 201 963 622 1098 1340 1106 491 611 647 613 1037 783 414 649 1013 779 623 660 959 726 617 1035 646 362 324 117 1374 360 620 1130 1035 532 1363 254 1334 1332 639 618 627 924 615 1178 626 607 843 965 1212 639 1192 633 473 626 932 470 1327 647 372 436 436 263 1008 856 639 645 631 1110 635 585 1025 636 1413 1291 654 564
1044 201 0 803 605 938 1406 1172 325 594 631 447 877 849 254 489 853 619 607 643 799 566 600 875 630 196 158 183 1274 343 603 1196 875 515 1203 237 1400 1172 622 602 610 764 598 1244 609 590 909 805 1278 622 1032 617 539 610 772 536 1167 630 206 270 270 97 848 696 622 628 615 950 618 568 865 619 1253 1131 637 476
432 963 803 0 1374 326 1098 805 989 1363 1399 1110 133 766 734 469 242 332 1375 1412 157 293 1369 588 1398 859 821 864 663 1112 1372 781 264 1284 591 1006 1093 561 1391 1370 1379 477 1367 993 1378 1359 826 518 701 1390 420 1385 777 1378 485 775 556 1399 869 933 933 736 140 409 1391 1397 1383 338 1387 1337 578 1388 641 519 1406 648
1614 622 605 1374 0 1509 1724 1490 576 86 90 453 1447 1168 824 1060 1424 1190 195 73 1370 1136 92 1446 87 694 729 604 1758 660 95 1515 1446 200 1774 405 1718 1737 85 190 89 1335 90 1563 100 82 1227 1376 1596 210 1602 91 857 101 1343 855 1738 85 704 654 653 667 1419 1267 87 93 203 1521 87 90 1436 92 1823 1702 75 948
428 1098 938 326 1509 0 949 656 1123 1498 1534 1245 272 901 869 603 237 466 1510 1547 195 428 1504 723 1533 994 956 999 514 1246 1506 632 114 1418 442 1141 943 411 1526 1505 1514 611 1502 844 1512 1494 960 653 552 1525 271 1520 912 1513 620 909 407 1533 1003 1068 1067 871 244 544 1526 1531 1518 189 1522 1471 713 1522 492 370 1540 783
1200 1340 1406 1098 1724 949 0 320 1696 1713 1750 1818 1045 707 1518 1376 1010 1239 1725 1762 968 1200 1719 1495 1749 1567 1529 1322 588 1462 1722 344 887 1634 641 1356 88 567 1741 1721 1729 1384 1717 448 1728 1709 767 1425 426 1741 889 1735 1102 1728 1392 1099 761 1749 1577 1641 1641 1468 1016 1316 1741 1747 1733 831 1737 1687 1485 1738 691 855 1756 1193
907 1106 1172 805 1490 656 320 0 1463 1479 1516 1584 751 473 1284 1082 716 945 1492 1528 674 907 1485 1202 1515 1333 1295 1088 294 1228 1488 107 593 1400 348 1122 314 273 1507 1487 1495 1090 1483 214 1494 1475 533 1132 133 1507 595 1501 868 1494 1099 865 468 1515 1343 1407 1407 1234 723 1023 1507 1513 1499 537 1503 1453 1192 1504 397 562 1522 959
1229 491 325 989 576 1123 1696 1463 0 565 602 201 1062 1140 439 675 1039 804 577 614 985 751 571 1061 601 197 247 474 1460 634 574 1487 1061 542 1388 528 1690 1358 593 573 581 949 569 1535 580 561 1200 991 1498 593 1217 587 830 580 958 827 1353 601 207 158 157 282 1034 882 593 599 585 1135 589 539 1051 590 1438 1316 608 662
1603 611 594 1363 86 1498 1713 1479 565 0 85 442 1436 1157 813 1049 1413 1179 184 68 1359 1126 81 1435 82 683 718 593 1748 649 84 1504 1435 189 1763 395 1707 1726 80 179 83 1324 79 1552 90 71 1216 1365 1586 199 1591 85 846 90 1332 844 1727 80 693 643 643 657 1408 1256 82 88 192 1510 82 79 1425 87 1812 1691 69 938
1640 647 631 1399 90 1534 1750 1516 602 85 0 479 1473 1193 850 1085 1450 1215 220 56 1396 1162 115 1472 70 719 754 630 1784 685 89 1540 1471 225 1799 431 1744 1763 67 215 71 1360 85 1588 83 107 1253 1402 1622 235 1628 73 883 88 1369 880 1764 68 729 679 679 693 1444 1293 70 76 228 1546 69 115 1462 75 1849 1727 57 974
1350 613 447 1110 453 1245 1818 1584 201 442 479 0 1183 1262 560 796 1160 926 455 491 1106 873 448 1182 478 319 368 595 1581 755 451 1608 1182 419 1510 624 1812 1479 471 450 458 1071 446 1656 457 438 1321 1112 1619 470 1338 465 951 458 1079 949 1474 478 329 279 279 404 1155 1003 470 476 463 1257 466 416 1172 467 1559 1438 485 783
378 1037 877 133 1447 272 1045 751 1062 1436 1473 1183 0 840 807 542 188 405 1449 1485 103 366 1442 662 1472 932 895 937 609 1185 1445 728 210 1357 538 1079 1039 507 1465 1444 1452 550 1440 940 1451 1432 899 592 647 1464 366 1459 850 1452 559 848 502 1472 942 1007 1006 809 86 483 1464 1470 1457 284 1460 1410 652 1461 587 466 1479 722
996 783 849 755 1168 890 707 473 1140 1157 1193 1262 829 0 961 895 805 758 1169 1206 751 719 1163 1015 1192 1010 973 766 741 906 1165 498 827 1078 795 800 701 720 1185 1164 1173 903 1161 546 1171 1153 78 944 579 1184 984 1179 546 1172 911 543 914 1193 1020 1085 1084 911 800 836 1185 1190 1177 902 1181 1130 1005 1181 844 1009 1199 637
926 335 175 686 745 820 1450 1216 360 734 771 481 759 893 0 372 736 501 747 783 682 448 740 758 770 230 193 235 1157 483 743 1240 758 655 1085 377 1444 1055 763 742 750 646 738 1288 749 730 953 688 1195 762 914 757 551 750 655 549 1050 770 240 305 304 107 731 579 762 768 755 832 758 708 748 759 1135 1013 777 359
709 649 489 469 1060 603 1376 1082 675 1049 1085 796 542 906 420 0 519 284 1061 1098 465 231 1055 541 1085 545 507 550 940 798 1058 1059 541 970 868 692 1370 838 1077 1057 1065 429 1053 1270 1064 1045 965 471 978 1077 697 1071 772 1064 438 770 833 1085 555 619 619 422 514 362 1077 1083 1069 615 1073 1023 531 1074 918 797 1092 580
210 1013 853 242 1424 237 1010 716 1039 1413 1450 1160 188 816 784 519 0 382 1425 1462 111 343 1419 639 1449 909 872 914 574 1162 1422 693 175 1334 503 1056 1004 472 1441 1421 1429 527 1417 905 1428 1409 876 568 612 1441 331 1435 827 1428 536 825 467 1449 919 983 983 786 160 460 1441 1447 1433 249 1437 1387 629 1438 552 431 1456 699
572 779 619 332 1190 466 1239 945 804 1179 1215 926 405 769 550 284 382 0 1191 1228 328 109 1185 339 1214 675 637 679 803 927 1187 922 404 1099 732 822 1233 701 1207 1186 1195 252 1182 1134 1193 1174 828 294 841 1206 560 1201 780 1194 189 777 696 1214 684 749 748 552 377 185 1206 1212 1199 478 1203 1152 354 1203 781 660 1221 651
1616 623 607 1375 195 1510 1725 1492 577 184 220 455 1449 1169 826 1061 1425 1191 0 233 1371 1138 190 1448 219 695 730 606 1760 661 192 1516 1447 201 1775 407 1719 1738 212 59 200 1336 188 1564 198 180 1229 1377 1598 69 1604 206 859 199 1344 856 1740 220 705 655 655 669 1420 1269 212 217 68 1522 208 157 1437 208 1825 1703 226 950
1652 660 643 1412 73 1547 1762 1528 614 68 56 491 1485 1206 863 1098 1462 1228 233 0 1408 1175 98 1484 53 732 767 642 1797 698 72 1553 1484 238 1812 444 1756 1775 50 228 54 1373 68 1601 66 94 1265 1414 1635 248 1640 56 895 71 1381 893 1776 51 742 692 692 706 1457 1305 53 59 241 1559 52 128 1474 58 1861 1740 40 987
301 959 799 157 1370 195 968 674 985 1359 1396 1106 103 762 730 465 111 328 1371 1408 0 289 1365 585 1395 855 818 860 532 1108 1368 650 133 1280 460 1002 962 430 1387 1367 1375 473 1363 862 1374 1355 822 514 570 1387 289 1381 773 1374 481 771 425 1395 865 929 929 732 106 406 1387 1393 1379 207 1383 1333 574 1384 510 388 1402 645
665 852 692 425 1263 559 1332 1038 877 1252 1288 999 498 862 623 221 475 251 1264 1301 421 0 1258 508 1287 748 710 753 896 1000 1260 1015 497 1172 825 895 1326 794 1280 1259 1268 396 1256 1227 1266 1248 922 437 934 1279 653 1274 873 1267 404 870 789 1287 757 822 821 625 470 329 1280 1285 1272 571 1276 1225 497 1276 874 753 1294 744
1609 617 600 1369 92 1504 1719 1485 571 81 115 448 1442 1163 819 1055 1419 1185 190 98 1365 1132 0 1441 112 689 724 599 1753 655 90 1510 1441 195 1769 401 1713 1732 109 185 97 1330 85 1558 96 77 1222 1371 1592 205 1597 103 852 96 1338 850 1733 109 699 649 649 663 1414 1262 109 115 198 1516 105 85 1431 106 1818 1697 99 944
829 1035 875 588 1446 723 1495 1202 1061 1435 1472 1182 662 1026 806 541 639 339 1448 1484 585 365 1441 0 1471 931 894 936 1060 1184 1444 1178 660 1356 988 1078 1489 957 1463 1443 1451 185 1439 1390 1450 1431 1085 95 1098 1463 817 1457 1037 1450 181 1034 953 1471 941 1005 1005 808 634 254 1463 1469 1455 735 1459 1409 167 1460 1038 916 1478 908
1639 646 630 1398 87 1533 1749 1515 601 82 70 478 1472 1192 849 1085 1449 1214 219 53 1395 1161 112 1471 0 718 753 629 1783 684 86 1539 1471 225 1798 430 1743 1762 64 214 68 1359 82 1587 80 106 1252 1401 1621 234 1627 70 882 85 1368 879 1763 65 728 678 678 692 1444 1292 67 73 227 1545 66 114 1461 72 1848 1726 54 973
1099 362 196 859 694 994 1567 1333 197 683 719 319 932 1010 309 545 909 675 695 732 855 621 689 931 718 0 97 344 1330 504 691 1357 931 659 1259 398 1561 1228 711 690 699 820 687 1405 697 679 1070 861 1368 710 1087 705 700 698 828 697 1223 719 43 142 141 152 904 752 711 716 703 1006 707 656 921 707 1308 1187 725 532
1062 324 158 821 729 956 1529 1295 247 718 754 368 895 973 272 507 872 637 730 767 818 584 724 894 753 97 0 306 1293 467 727 1320 893 639 1221 361 1523 1190 746 725 734 782 722 1368 733 714 1032 824 1331 745 1050 740 662 733 791 660 1186 754 107 191 191 115 867 715 746 752 738 968 742 692 884 743 1271 1149 761 494
1104 117 183 864 604 999 1322 1088 474 593 630 595 937 766 314 550 914 679 606 642 860 626 599 936 629 344 306 0 1335 342 602 1112 936 514 1264 236 1316 1233 621 601 609 825 597 1160 608 589 825 866 1194 621 1092 616 455 609 833 453 1228 629 354 418 418 245 909 757 621 627 614 1010 617 567 926 618 1313 1192 636 537
764 1374 1274 663 1758 514 588 294 1460 1748 1784 1581 609 741 1205 940 574 803 1760 1797 532 764 1753 1060 1783 1330 1293 1335 0 1496 1756 271 451 1668 205 1390 582 131 1776 1755 1764 948 1751 483 1762 1743 801 989 190 1775 453 1770 1136 1763 956 1134 325 1783 1340 1404 1404 1207 581 881 1775 1781 1768 395 1772 1721 1049 1772 255 420 1790 1120
1352 360 343 1112 660 1246 1462 1228 634 649 685 755 1185 906 562 798 1162 927 661 698 1108 874 655 1184 684 504 467 342 1496 0 657 1252 1184 569 1512 292 1456 1475 677 656 665 1072 653 1300 663 645 965 1114 1334 676 1340 671 595 664 1081 593 1476 684 514 579 578 405 1157 1005 677 682 669 1258 673 622 1174 673 1561 1440 691 686
1612 620 603 1372 95 1506 1722 1488 574 84 89 451 1445 1165 822 1058 1422 1187 192 72 1368 1134 90 1444 86 691 727 602 1756 657 0 1512 1444 198 1771 403 1716 1735 83 188 87 1332 88 1560 98 80 1225 1374 1594 208 1600 89 855 99 1341 852 1736 83 701 652 651 665 1417 1265 85 92 200 1518 85 87 1434 90 1821 1700 73 946
883 1130 1196 781 1515 632 344 107 1487 1504 1540 1608 728 498 1308 1059 693 922 1516 1553 650 883 1510 1178 1539 1357 1320 1112 271 1252 1512 0 570 1424 324 1147 338 249 1532 1511 1520 1067 1508 239 1518 1500 557 1108 109 1531 572 1526 892 1519 1075 890 444 1539 1367 1432 1431 1258 699 999 1532 1537 1524 514 1528 1477 1168 1528 374 538 1546 984
365 1035 875 264 1446 114 887 593 1061 1435 1471 1182 210 838 806 541 175 404 1447 1484 133 365 1441 660 1471 931 893 936 451 1184 1444 570 0 1356 380 1078 881 349 1463 1443 1451 549 1439 782 1450 1431 898 590 489 1463 208 1457 849 1450 557 847 344 1471 941 1005 1005 808 182 482 1463 1469 1455 126 1459 1409 650 1460 429 308 1478 721
1524 532 515 1284 200 1418 1634 1400 542 189 225 419 1357 1078 734 970 1334 1099 201 238 1280 1046 195 1356 225 659 639 514 1668 569 198 1424 1356 0 1684 315 1628 1647 217 197 205 1244 193 1472 204 185 1137 1286 1506 217 1512 211 767 204 1253 765 1648 225 669 620 619 577 1329 1177 217 223 209 1430 213 163 1346 214 1733 1612 232 858
693 1363 1203 591 1774 442 641 348 1388 1763 1799 1510 538 795 1134 868 503 732 1775 1812 460 693 1769 988 1798 1259 1221 1264 205 1512 1771 324 380 1684 0 1406 635 103 1791 1770 1779 877 1767 536 1777 1759 854 918 243 1790 382 1785 1177 1778 885 1174 254 1799 1269 1333 1333 1136 509 809 1791 1796 1783 324 1787 1736 978 1787 127 348 1805 1048
1246 254 237 1006 405 1141 1356 1122 528 395 431 624 1079 800 456 692 1056 822 407 444 1002 768 401 1078 430 398 361 236 1390 292 403 1147 1078 315 1406 0 1350 1369 423 402 411 967 398 1195 409 390 859 1008 1229 422 1234 417 489 410 975 487 1370 430 408 473 472 299 1051 899 422 428 415 1153 419 368 1068 419 1455 1334 437 581
1194 1334 1400 1093 1718 943 88 314 1690 1707 1744 1812 1039 701 1512 1370 1004 1233 1719 1756 962 1194 1713 1489 1743 1561 1523 1316 582 1456 1716 338 881 1628 635 1350 0 561 1735 1715 1723 1378 1711 442 1722 1703 761 1419 420 1735 883 1729 1096 1722 1386 1093 755 1743 1571 1635 1635 1462 1010 1310 1735 1741 1727 825 1731 1681 1479 1732 685 849 1750 1187
662 1332 1172 561 1737 411 567 273 1358 1726 1763 1479 507 720 1103 838 472 701 1738 1775 430 662 1732 957 1762 1228 1190 1233 131 1475 1735 249 349 1647 103 1369 561 0 1754 1734 1742 846 1730 461 1741 1722 780 887 169 1754 351 1748 1115 1741 854 1112 223 1762 1238 1302 1302 1105 479 778 1754 1760 1746 293 1750 1700 947 1751 153 318 1769 1017
1632 639 622 1391 85 1526 1741 1507 593 80 67 471 1465 1185 842 1077 1441 1207 212 50 1387 1154 109 1463 64 711 746 621 1776 677 83 1532 1463 217 1791 423 1735 1754 0 207 66 1352 80 1580 77 99 1245 1393 1614 227 1620 67 874 83 1360 872 1755 62 721 671 671 685 1436 1284 64 70 220 1538 64 107 1453 69 1841 1719 52 966
1611 618 602 1370 190 1505 1721 1487 573 179 215 450 1444 1164 821 1057 1421 1186 59 228 1367 1133 185 1443 214 690 725 601 1755 656 188 1511 1443 197 1770 402 1715 1734 207 0 195 1331 183 1559 194 175 1224 1373 1593 72 1599 201 854 194 1340 851 1735 215 700 650 650 664 1416 1264 207 213 70 1517 203 153 1433 204 1820 1698 222 945
1619 627 610 1379 89 1514 1729 1495 581 83 71 458 1452 1173 830 1065 1429 1195 200 54 1375 1142 97 1451 68 699 734 609 1764 665 87 1520 1451 205 1779 411 1723 1742 66 195 0 1340 84 1568 81 87 1232 1381 1602 215 1607 71 862 86 1348 860 1743 66 709 659 659 673 1424 1272 68 74 208 1526 68 95 1441 73 1828 1707 55 954
717 924 764 477 1335 611 1384 1090 949 1324 1360 1071 550 914 695 429 527 252 1336 1373 473 254 1330 185 1359 820 782 825 948 1072 1332 1067 549 1244 877 967 1378 846 1352 1331 1340 0 1328 1279 1338 1320 974 139 986 1351 705 1346 925 1339 130 922 841 1359 829 894 893 697 522 182 1352 1357 1344 623 1348 1297 199 1348 926 805 1366 796
1607 615 598 1367 90 1502 1717 1483 569 79 85 446 1440 1161 817 1053 1417 1182 188 68 1363 1129 85 1439 82 687 722 597 1751 653 88 1508 1439 193 1767 398 1711 1730 80 183 84 1328 0 1556 94 75 1220 1369 1589 203 1595 85 850 94 1336 848 1731 80 697 647 646 660 1412 1260 82 88 196 1513 82 83 1429 87 1816 1695 70 941
1095 1178 1244 993 1563 844 448 214 1535 1552 1588 1656 940 546 1356 1270 905 1134 1564 1601 862 1095 1558 1390 1587 1405 1368 1160 483 1300 1560 239 782 1472 536 1195 442 461 1580 1559 1568 1279 1556 0 1566 1548 605 1320 321 1579 784 1574 940 1567 1287 938 656 1588 1415 1480 1479 1306 911 1211 1580 1585 1572 726 1576 1525 1380 1576 585 750 1594 1032
1618 626 609 1378 100 1512 1728 1494 580 90 83 457 1451 1171 828 1064 1428 1193 198 66 1374 1140 96 1450 80 697 733 608 1762 663 98 1518 1450 204 1777 409 1722 1741 77 194 81 1338 94 1566 0 86 1231 1380 1600 214 1606 83 861 98 1347 858 1742 77 707 658 657 671 1423 1271 79 86 206 1524 79 93 1440 85 1827 1705 67 952
1599 607 590 1359 82 1494 1709 1475 561 71 107 438 1432 1153 809 1045 1409 1174 180 94 1355 1121 77 1431 106 679 714 589 1743 645 80 1500 1431 185 1759 390 1703 1722 99 175 87 1320 75 1548 86 0 1212 1361 1581 195 1587 93 842 86 1328 840 1723 105 689 639 638 652 1404 1252 99 105 188 1505 95 75 1421 95 1808 1687 95 933
1055 843 909 815 1227 949 767 533 1200 1216 1253 1321 888 78 1021 954 865 817 1229 1265 811 779 1222 1074 1252 1070 1032 825 801 965 1225 557 887 1137 854 859 761 780 1245 1224 1232 963 1220 605 1231 1212 0 1004 639 1244 1043 1239 605 1232 971 603 974 1252 1080 1144 1144 971 860 895 1244 1250 1237 961 1240 1190 1064 1241 904 1069 1259 696
759 965 805 518 1376 653 1425 1132 991 1365 1402 1112 592 955 736 471 568 294 1377 1414 514 295 1371 95 1401 861 824 866 989 1114 1374 1108 590 1286 918 1008 1419 887 1393 1373 1381 139 1369 1320 1380 1361 1015 0 1027 1393 747 1387 966 1380 244 964 883 1401 871 935 935 738 563 224 1393 1399 1385 665 1389 1339 97 1390 968 846 1408 838
802 1212 1278 701 1596 552 426 133 1498 1586 1622 1619 647 579 1243 978 612 841 1598 1635 570 802 1592 1098 1621 1368 1331 1194 190 1334 1594 109 489 1506 243 1229 420 169 1614 1593 1602 986 1589 321 1600 1581 639 1027 0 1613 491 1608 974 1601 995 972 363 1621 1378 1442 1442 1245 619 919 1613 1619 1606 433 1610 1559 1088 1610 293 458 1628 1065
1631 639 622 1390 210 1525 1741 1507 593 199 235 470 1464 1184 841 1077 1441 1206 69 248 1387 1153 205 1463 234 710 745 621 1775 676 208 1531 1463 217 1790 422 1735 1754 227 72 215 1351 203 1579 214 195 1244 1393 1613 0 1619 221 874 214 1360 871 1755 235 720 670 670 684 1436 1284 227 233 81 1537 223 173 1453 224 1840 1718 242 965
521 1192 1032 420 1602 271 889 595 1217 1591 1628 1338 366 995 963 697 331 560 1604 1640 289 521 1597 817 1627 1087 1050 1092 453 1340 1600 572 208 1512 382 1234 883 351 1620 1599 1607 705 1595 784 1606 1587 1054 747 491 1619 0 1614 1006 1607 714 1003 346 1627 1097 1162 1161 964 338 638 1619 1625 1612 152 1615 1565 807 1616 431 310 1634 877
1626 633 617 1385 91 1520 1735 1501 587 85 73 465 1459 1179 836 1071 1435 1201 206 56 1381 1148 103 1457 70 705 740 616 1770 671 89 1526 1457 211 1785 417 1729 1748 67 201 71 1346 85 1574 83 93 1239 1387 1608 221 1614 0 869 88 1354 866 1750 68 715 665 665 679 1430 1278 70 76 214 1532 69 101 1447 75 1835 1713 57 960
1079 473 539 839 857 973 1102 868 830 846 883 951 912 546 629 779 889 841 859 895 835 803 852 1098 882 700 662 455 1136 595 855 892 911 767 1189 489 1096 1115 874 854 862 986 850 940 861 842 605 1028 974 874 1067 869 0 862 995 128 1203 882 710 774 774 601 884 919 874 880 867 985 870 820 1088 871 1239 1166 889 222
1619 626 610 1378 101 1513 1728 1494 580 90 88 458 1452 1172 829 1064 1428 1194 199 71 1374 1141 96 1450 85 698 733 609 1763 664 99 1519 1450 204 1778 410 1722 1741 83 194 86 1339 94 1567 98 86 1232 1380 1601 214 1607 88 862 0 1347 859 1743 83 708 658 658 672 1423 1271 85 91 207 1525 85 94 1440 90 1828 1706 72 953
726 932 772 485 1343 620 1392 1099 958 1332 1369 1079 559 922 703 438 536 189 1344 1381 481 262 1338 181 1368 828 791 833 956 1081 1341 1075 557 1253 885 975 1386 854 1360 1340 1348 130 1336 1287 1347 1328 982 244 995 1360 714 1354 933 1347 0 931 850 1368 838 902 902 705 530 104 1360 1366 1352 632 1356 1306 304 1357 935 813 1375 805
1076 470 536 836 855 971 1099 865 827 844 880 949 909 543 626 776 886 839 856 893 832 800 850 1095 879 697 660 453 1134 593 852 890 908 765 1187 487 1093 1112 872 851 860 984 848 938 858 840 603 1025 972 871 1064 866 128 859 992 0 1200 880 707 772 771 598 881 916 872 877 864 983 868 817 1085 868 1236 1164 886 219
657 1327 1167 556 1738 407 761 468 1353 1727 1764 1474 502 914 1098 833 467 696 1740 1776 425 657 1733 953 1763 1223 1186 1228 325 1476 1736 444 344 1648 254 1370 755 223 1755 1735 1743 841 1731 656 1742 1723 974 883 363 1755 346 1750 1141 1743 850 1139 0 1763 1233 1298 1297 1100 474 774 1755 1761 1748 288 1751 1701 943 1752 303 313 1770 1013
1639 647 630 1399 85 1533 1749 1515 601 80 68 478 1472 1193 849 1085 1449 1214 220 51 1395 1161 109 1471 65 719 754 629 1783 684 83 1539 1471 225 1799 430 1743 1762 62 215 66 1359 80 1588 77 105 1252 1401 1621 235 1627 68 882 83 1368 880 1763 0 728 679 678 692 1444 1292 64 71 228 1545 64 115 1461 69 1848 1727 52 973
1109 372 206 869 704 1003 1577 1343 207 693 729 329 942 1020 319 555 919 684 705 742 865 631 699 941 728 43 107 354 1340 514 701 1367 941 669 1269 408 1571 1238 721 700 709 829 697 1415 707 689 1080 871 1378 720 1097 715 710 708 838 707 1233 728 0 152 151 162 914 762 721 726 713 1015 717 666 931 717 1318 1197 735 542
1174 436 270 933 654 1068 1641 1407 158 643 679 279 1007 1085 384 619 983 749 655 692 929 696 649 1005 678 142 191 418 1404 579 652 1432 1005 620 1333 473 1635 1302 671 650 659 894 647 1480 658 639 1144 935 1442 670 1162 665 774 658 902 772 1298 679 152 0 31 227 978 826 671 677 663 1080 667 616 995 667 1383 1261 686 606
1173 436 270 933 653 1067 1641 1407 157 643 679 279 1006 1084 383 619 983 748 655 692 929 695 649 1005 678 141 191 418 1404 578 651 1431 1005 619 1333 472 1635 1302 671 650 659 893 646 1479 657 638 1144 935 1442 670 1161 665 774 658 902 771 1297 678 151 31 0 226 978 826 670 676 663 1079 667 616 995 667 1382 1261 685 606
976 263 97 736 667 871 1468 1234 282 657 693 404 809 911 186 422 786 552 669 706 732 498 663 808 692 152 115 245 1207 405 665 1258 808 577 1136 299 1462 1105 685 664 673 697 660 1306 671 652 971 738 1245 684 964 679 601 672 705 598 1100 692 162 227 226 0 781 629 684 690 677 883 681 630 798 681 1185 1064 699 409
350 1008 848 140 1419 244 1016 723 1034 1408 1444 1155 86 811 779 514 160 377 1420 1457 106 338 1414 634 1444 904 867 909 581 1157 1417 699 182 1329 509 1051 1010 479 1436 1416 1424 522 1412 911 1423 1404 871 563 619 1436 338 1430 822 1423 530 820 474 1444 914 978 978 781 0 455 1436 1442 1428 256 1432 1382 623 1433 559 437 1451 694
650 856 696 409 1267 544 1316 1023 882 1256 1293 1003 483 847 627 362 460 185 1269 1305 406 186 1262 254 1292 752 715 757 881 1005 1265 999 482 1177 809 899 1310 778 1284 1264 1272 182 1260 1211 1271 1252 906 224 919 1284 638 1278 858 1271 104 855 774 1292 762 826 826 629 455 0 1284 1290 1276 556 1280 1230 284 1281 859 737 1299 729
1631 639 622 1391 87 1526 1741 1507 593 82 70 470 1464 1185 841 1077 1441 1206 212 53 1387 1153 109 1463 67 711 746 621 1775 677 85 1532 1463 217 1791 422 1735 1754 64 207 68 1352 82 1580 79 99 1244 1393 1613 227 1619 70 874 85 1360 872 1755 64 721 671 670 684 1436 1284 0 73 220 1537 66 107 1453 71 1840 1719 54 965
1637 645 628 1397 93 1531 1747 1513 599 88 76 476 1470 1190 847 1083 1447 1212 217 59 1393 1159 115 1469 73 716 752 627 1781 682 92 1537 1469 223 1796 428 1741 1760 70 213 74 1357 88 1585 86 105 1250 1399 1619 233 1625 76 880 91 1366 877 1761 71 726 677 676 690 1442 1290 73 0 225 1543 72 112 1459 78 1846 1724 60 971
1624 631 615 1383 203 1518 1733 1499 585 192 228 463 1457 1177 834 1069 1433 1199 68 241 1379 1146 198 1455 227 703 738 614 1768 669 200 1524 1455 209 1783 415 1727 1746 220 70 208 1344 196 1572 206 188 1237 1385 1606 81 1612 214 867 207 1352 864 1748 228 713 663 663 677 1428 1276 220 225 0 1530 216 165 1445 216 1833 1711 234 958
440 1110 950 338 1521 189 831 537 1135 1510 1546 1257 284 913 881 615 249 478 1522 1559 207 440 1516 735 1545 1006 968 1010 395 1258 1518 514 126 1430 324 1153 825 293 1538 1517 1526 623 1513 726 1524 1505 972 665 433 1537 152 1532 924 1525 632 921 288 1545 1015 1080 1079 883 256 556 1537 1543 1530 0 1534 1483 725 1534 373 252 1552 795
1627 635 618 1387 87 1522 1737 1503 589 82 69 466 1460 1181 837 1073 1437 1203 208 52 1383 1150 105 1459 66 707 742 617 1772 673 85 1528 1459 213 1787 419 1731 1750 64 203 68 1348 82 1576 79 95 1240 1389 1610 223 1615 69 870 85 1356 868 1751 64 717 667 667 681 1432 1280 66 72 216 1534 0 103 1449 71 1836 1715 54 962
1577 585 568 1337 90 1471 1687 1453 539 79 115 416 1410 1130 787 1023 1387 1152 157 128 1333 1099 85 1409 114 656 692 567 1721 622 87 1477 1409 163 1736 368 1681 1700 107 153 95 1297 83 1525 93 75 1190 1339 1559 173 1565 101 820 94 1306 817 1701 115 666 616 616 630 1382 1230 107 112 165 1483 103 0 1399 103 1786 1664 121 911
819 1025 865 578 1436 713 1485 1192 1051 1425 1462 1172 652 1016 796 531 629 354 1437 1474 574 355 1431 167 1461 921 884 926 1049 1174 1434 1168 650 1346 978 1068 1479 947 1453 1433 1441 199 1429 1380 1440 1421 1075 97 1088 1453 807 1447 1026 1440 304 1024 943 1461 931 995 995 798 623 284 1453 1459 1445 725 1449 1399 0 1450 1028 906 1468 898
1628 636 619 1388 92 1522 1738 1504 590 87 75 467 1461 1181 838 1074 1438 1203 208 58 1384 1150 106 1460 72 707 743 618 1772 673 90 1528 1460 214 1787 419 1732 1751 69 204 73 1348 87 1576 85 95 1241 1390 1610 224 1616 75 871 90 1357 868 1752 69 717 667 667 681 1433 1281 71 78 216 1534 71 103 1450 0 1837 1715 59 962
742 1413 1253 641 1823 492 691 397 1438 1812 1849 1559 587 844 1183 918 552 781 1825 1861 510 742 1818 1038 1848 1308 1271 1313 255 1561 1821 374 429 1733 127 1455 685 153 1841 1820 1828 926 1816 585 1827 1808 904 968 293 1840 431 1835 1226 1828 935 1224 303 1848 1318 1383 1382 1185 559 859 1840 1846 1833 373 1836 1786 1028 1837 0 398 1855 1098
621 1291 1131 519 1702 370 855 562 1316 1691 1727 1438 466 1009 1062 797 431 660 1703 1740 388 621 1697 916 1726 1187 1149 1192 420 1440 1700 538 308 1612 348 1334 849 318 1719 1698 1707 805 1695 750 1705 1687 1069 846 458 1718 310 1713 1105 1706 813 1102 313 1727 1197 1261 1261 1064 437 737 1719 1724 1711 252 1715 1664 906 1715 398 0 1733 976
1646 654 637 1406 75 1540 1756 1522 608 69 57 485 1479 1199 856 1092 1456 1221 226 40 1402 1168 99 1478 54 725 761 636 1790 691 73 1546 1478 232 1805 437 1750 1769 52 222 55 1366 70 1594 67 95 1259 1408 1628 242 1634 57 889 72 1375 886 1770 52 735 686 685 699 1451 1299 54 60 234 1552 54 121 1468 59 1855 1733 0 980
886 564 505 646 948 780 1193 959 691 938 974 812 719 637 436 586 696 649 950 987 642 610 944 905 973 561 523 546 1117 686 946 984 718 858 1046 581 1187 1015 966 945 954 794 941 1032 952 933 696 835 1065 965 874 960 222 953 802 219 1010 973 571 635 635 438 691 726 965 971 958 792 962 911 895 962 1095 974 980 0
EOF