NAME : tsp_problem
TYPE : TSP
DIMENSION : 40
EDGE_WEIGHT_TYPE : EXPLICIT
EDGE_WEIGHT_FORMAT : FULL_MATRIX
EDGE_WEIGHT_SECTION
0 105 724 56 684 1560 215 1230 347 1576 1710 60 32 775 216 1765 365 709 1645 683 64 636 373 569 720 1679 220 582 1624 676 52 603 1426 1269 27 53 1781 46 55 1680
105 0 642 87 601 1477 133 1148 265 1494 1628 75 89 693 134 1683 282 627 1562 601 70 553 291 487 638 1597 138 500 1541 594 92 520 1344 1187 102 96 1699 76 82 1598
724 642 0 705 141 1014 685 685 488 1031 1276 693 707 121 646 1306 444 401 1099 141 689 196 485 243 44 1134 690 256 1079 150 711 194 881 1081 721 715 1594 695 700 1493
56 87 705 0 665 1541 197 1212 328 1557 1692 93 65 756 198 1746 346 691 1626 664 97 617 354 551 701 1660 201 564 1605 657 85 584 1407 1250 59 85 1763 79 88 1661
684 601 141 665 0 1088 645 759 562 1105 1350 653 667 193 605 1380 403 475 1173 30 648 270 445 202 138 1208 650 215 1152 224 671 153 955 1155 681 675 1668 655 660 1566
1560 1477 1014 1541 1088 0 1521 498 1251 50 626 1529 1543 997 1425 656 1391 1046 159 1087 1525 959 1432 1189 1011 151 1526 1203 179 913 1547 1140 242 993 1557 1551 1142 1531 1536 1041
215 133 685 197 645 1521 0 1192 308 1537 1672 185 199 736 178 1726 326 671 1606 644 180 597 334 530 681 1640 61 544 1585 637 202 564 1387 1230 212 206 1743 186 192 1641
1230 1148 685 1212 759 498 1192 0 922 514 760 1200 1214 668 1096 790 1061 717 583 758 1195 629 1102 860 681 617 1196 873 562 584 1217 811 364 850 1227 1221 1276 1201 1207 1175
347 265 488 328 562 1251 308 922 0 1268 1402 316 330 471 213 1456 417 401 1336 561 312 327 425 621 484 1370 313 634 1315 368 334 614 1118 960 344 338 1473 318 323 1372
1576 1494 1031 1557 1105 50 1537 514 1268 0 642 1545 1559 1013 1442 672 1407 1063 175 1104 1541 975 1448 1206 1027 135 1542 1219 196 930 1563 1157 258 1009 1573 1567 1159 1547 1552 1057
1710 1628 1276 1692 1350 626 1672 760 1402 642 0 1680 1694 1259 1576 75 1652 1308 710 1349 1675 1221 1694 1451 1272 745 1676 1464 690 1175 1697 1402 504 734 1707 1701 537 1681 1687 435
60 75 693 93 653 1529 185 1200 316 1545 1680 0 69 744 186 1734 334 679 1614 652 92 605 342 538 689 1648 189 552 1593 645 89 572 1395 1238 63 89 1751 83 92 1649
32 89 707 65 667 1543 199 1214 330 1559 1694 69 0 758 200 1748 348 693 1628 666 73 619 356 552 703 1662 203 566 1607 659 61 586 1409 1252 35 61 1765 55 64 1663
775 693 121 756 193 997 736 668 471 1013 1259 744 758 0 645 1289 495 384 1082 192 740 178 536 294 117 1116 741 307 1061 133 762 245 863 1064 772 766 1576 746 751 1475
216 134 646 198 605 1425 178 1096 213 1442 1576 186 200 645 0 1631 286 575 1510 605 181 501 295 491 642 1545 183 504 1490 542 203 524 1292 1135 213 207 1647 188 193 1546
1765 1683 1306 1746 1380 656 1726 790 1456 672 75 1734 1748 1289 1631 0 1682 1338 740 1379 1730 1250 1724 1481 1302 775 1731 1494 720 1205 1752 1432 534 789 1762 1756 591 1736 1741 490
365 282 444 346 403 1391 326 1061 417 1407 1652 334 348 495 286 1682 0 777 1475 403 329 572 103 289 440 1510 331 302 1455 526 352 322 1257 1339 362 355 1851 336 341 1750
709 627 401 691 475 1046 671 717 401 1063 1308 679 693 384 575 1338 777 0 1131 474 674 258 787 576 397 1165 675 589 1110 298 696 527 913 911 706 700 1424 680 686 1322
1645 1562 1099 1626 1173 159 1606 583 1336 175 710 1614 1628 1082 1510 740 1475 1131 0 1172 1609 1044 1517 1274 1095 292 1611 1287 74 998 1631 1225 327 1077 1642 1635 1227 1616 1621 1126
683 601 141 664 30 1087 644 758 561 1104 1349 652 666 192 605 1379 403 474 1172 0 648 269 444 202 137 1207 649 215 1152 223 670 153 954 1154 680 674 1667 654 659 1566
64 70 689 97 648 1525 180 1195 312 1541 1675 92 73 740 181 1730 329 674 1609 648 0 600 338 534 685 1644 185 547 1589 641 94 567 1391 1234 68 94 1746 87 96 1645
636 553 196 617 270 959 597 629 327 975 1221 605 619 178 501 1250 572 258 1044 269 600 0 613 371 192 1078 602 384 1023 75 622 322 825 920 632 626 1433 607 612 1331
373 291 485 354 445 1432 334 1102 425 1448 1694 342 356 536 295 1724 103 787 1517 444 338 613 0 330 481 1551 339 343 1496 568 360 364 1298 1347 370 364 1860 344 349 1758
569 487 243 551 202 1189 530 860 621 1206 1451 538 552 294 491 1481 289 576 1274 202 534 371 330 0 239 1309 535 30 1254 325 556 118 1056 1256 566 560 1769 540 545 1668
720 638 44 701 138 1011 681 681 484 1027 1272 689 703 117 642 1302 440 397 1095 137 685 192 481 239 0 1130 686 252 1075 146 707 190 877 1077 717 711 1590 691 696 1489
1679 1597 1134 1660 1208 151 1640 617 1370 135 745 1648 1662 1116 1545 775 1510 1165 292 1207 1644 1078 1551 1309 1130 0 1645 1322 313 1032 1666 1260 361 1112 1676 1670 1261 1650 1655 1160
220 138 690 201 650 1526 61 1196 313 1542 1676 189 203 741 183 1731 331 675 1611 649 185 602 339 535 686 1645 0 548 1590 642 207 569 1392 1235 217 211 1748 191 196 1646
582 500 256 564 215 1203 544 873 634 1219 1464 552 566 307 504 1494 302 589 1287 215 547 384 343 30 252 1322 548 0 1267 338 569 131 1069 1269 579 573 1782 553 559 1681
1624 1541 1079 1605 1152 179 1585 562 1315 196 690 1593 1607 1061 1490 720 1455 1110 74 1152 1589 1023 1496 1254 1075 313 1590 1267 0 977 1611 1204 306 1057 1621 1615 1206 1595 1600 1105
676 594 150 657 224 913 637 584 368 930 1175 645 659 133 542 1205 526 298 998 223 641 75 568 325 146 1032 642 338 977 0 663 276 780 961 673 667 1473 647 652 1372
52 92 711 85 671 1547 202 1217 334 1563 1697 89 61 762 203 1752 352 696 1631 670 94 622 360 556 707 1666 207 569 1611 663 0 589 1413 1256 56 82 1768 76 84 1667
603 520 194 584 153 1140 564 811 614 1157 1402 572 586 245 524 1432 322 527 1225 153 567 322 364 118 190 1260 569 131 1204 276 589 0 1007 1207 599 593 1720 574 579 1618
1426 1344 881 1407 955 242 1387 364 1118 258 504 1395 1409 863 1292 534 1257 913 327 954 1391 825 1298 1056 877 361 1392 1069 306 780 1413 1007 0 859 1423 1417 1020 1397 1402 919
1269 1187 1081 1250 1155 982 1230 839 960 998 734 1238 1252 1064 1135 789 1339 911 1066 1154 1234 920 1347 1256 1077 1101 1235 1269 1046 961 1256 1207 848 0 1266 1260 805 1240 1245 704
27 102 721 59 681 1557 212 1227 344 1573 1707 63 35 772 213 1762 362 706 1642 680 68 632 370 566 717 1676 217 579 1621 673 56 599 1423 1266 0 56 1778 50 58 1677
53 96 715 85 675 1551 206 1221 338 1567 1701 89 61 766 207 1756 355 700 1635 674 94 626 364 560 711 1670 211 573 1615 667 82 593 1417 1260 56 0 1772 76 84 1671
1781 1699 1594 1763 1668 1142 1743 1276 1473 1159 537 1751 1765 1576 1647 591 1851 1424 1227 1667 1746 1433 1860 1769 1590 1261 1748 1782 1206 1473 1768 1720 1020 805 1778 1772 0 1753 1758 176
46 76 695 79 655 1531 186 1201 318 1547 1681 83 55 746 188 1736 336 680 1616 654 87 607 344 540 691 1650 191 553 1595 647 76 574 1397 1240 50 76 1753 0 78 1651
55 82 700 88 660 1536 192 1207 323 1552 1687 92 64 751 193 1741 341 686 1621 659 96 612 349 545 696 1655 196 559 1600 652 84 579 1402 1245 58 84 1758 78 0 1656
1680 1598 1493 1661 1566 1041 1641 1175 1372 1057 435 1649 1663 1475 1546 490 1750 1322 1126 1566 1645 1331 1758 1668 1489 1160 1646 1681 1105 1372 1667 1618 919 704 1677 1671 176 1651 1656 0
EOF