NAME : tsp_problem
TYPE : TSP
DIMENSION : 38
EDGE_WEIGHT_TYPE : EXPLICIT
EDGE_WEIGHT_FORMAT : FULL_MATRIX
EDGE_WEIGHT_SECTION
0 1553 64 110 142 68 1620 104 41 1752 248 1451 597 390 52 1145 1436 64 856 821 767 1243 1740 692 994 694 58 1334 39 637 546 1524 62 1503 49 66 1352 79
1553 0 1527 1468 1453 1519 267 1512 1554 399 1540 1318 1158 1641 1525 1225 839 1534 1311 827 1329 869 387 1441 860 1442 1540 1201 1552 1199 1110 171 1517 919 1535 1512 843 1523
64 1527 0 85 117 83 1595 98 56 1726 222 1425 571 364 68 1120 1411 79 831 795 742 1218 1714 667 969 668 73 1308 54 612 521 1498 77 1478 64 81 1326 94
110 1468 85 0 58 76 1536 69 112 1667 163 1366 512 305 82 1061 1352 91 772 736 683 1159 1655 608 910 609 97 1249 110 552 462 1439 75 1419 92 69 1267 80
142 1453 117 58 0 109 1520 101 144 1652 148 1351 497 290 115 1045 1336 123 756 721 667 1144 1640 592 894 594 129 1234 142 537 446 1424 107 1404 124 101 1252 112
68 1519 83 76 109 0 1587 90 60 1718 214 1417 563 356 72 1112 1403 83 823 787 734 1210 1706 659 961 660 77 1300 58 603 513 1490 81 1470 68 85 1318 98
1620 267 1595 1536 1520 1587 0 1579 1622 410 1607 1077 1226 1709 1593 985 599 1601 1250 894 1344 782 398 1456 927 1458 1608 960 1620 1266 1178 123 1585 678 1602 1579 602 1591
104 1512 98 69 101 90 1579 0 96 1711 207 1410 556 349 96 1104 1395 104 815 780 726 1202 1699 651 953 653 110 1293 94 596 505 1483 88 1462 104 82 1311 93
41 1554 56 112 144 60 1622 96 0 1753 249 1452 598 392 44 1147 1438 56 858 822 769 1245 1741 694 996 696 50 1335 31 639 548 1525 54 1505 41 58 1353 71
1752 399 1726 1667 1652 1718 410 1711 1753 0 1739 1460 1357 1840 1724 1368 982 1733 1510 1026 1528 1068 106 1640 1059 1641 1739 1343 1751 1398 1309 314 1716 1061 1734 1711 985 1722
248 1540 222 163 148 214 1607 207 249 1739 0 1438 584 377 220 1132 1423 229 843 808 754 1231 1727 679 981 681 235 1321 247 624 533 1511 212 1491 230 207 1339 218
1451 1318 1425 1366 1351 1417 1077 1410 1452 1460 1438 0 883 1270 1423 510 588 1432 775 937 869 494 1448 981 970 983 1438 146 1450 964 1008 1173 1416 655 1433 1410 504 1421
597 1158 571 512 497 563 1226 556 598 1357 584 883 0 600 569 577 868 578 288 426 200 676 1346 311 600 313 584 766 596 123 154 1130 562 936 579 556 784 567
390 1641 364 305 290 356 1709 349 392 1840 377 1270 600 0 362 964 1255 371 675 909 489 1062 1828 400 1083 402 377 1153 390 680 635 1612 355 1322 372 349 1171 360
52 1525 68 82 115 72 1593 96 44 1724 220 1423 569 362 0 1118 1409 67 829 793 740 1216 1712 665 967 666 61 1306 42 609 519 1496 65 1476 52 69 1324 82
1145 1225 1120 1061 1045 1112 985 1104 1147 1368 1132 512 577 964 1118 0 495 1126 470 806 564 401 1356 675 878 677 1132 395 1145 658 703 1080 1110 563 1127 1104 411 1115
1436 839 1411 1352 1336 1403 599 1395 1438 982 1423 588 868 1255 1409 496 0 1417 761 735 855 292 970 966 769 968 1423 471 1436 949 993 695 1401 189 1418 1395 113 1406
64 1534 79 91 123 83 1601 104 56 1733 229 1432 578 371 67 1126 1417 0 837 802 748 1225 1721 673 975 675 72 1315 54 618 528 1505 77 1485 64 80 1333 93
779 1245 754 694 679 745 1204 738 781 1444 766 729 211 598 751 423 714 760 0 534 197 521 1432 309 759 311 766 612 779 292 336 1216 744 781 761 738 630 749
821 827 795 736 721 787 894 780 822 1026 808 1051 426 909 793 813 850 802 609 0 597 583 1014 709 268 710 808 934 820 467 378 798 785 917 802 780 765 791
767 1329 742 683 667 734 1344 726 769 1528 754 869 200 489 740 564 855 748 275 597 0 662 1516 201 771 203 755 752 767 280 325 1300 732 922 749 726 770 738
1195 880 1170 1111 1096 1162 782 1154 1197 1079 1183 494 665 1052 1168 402 292 1177 558 469 652 0 1067 763 503 765 1183 377 1195 746 753 851 1160 360 1177 1155 208 1166
1740 387 1714 1655 1640 1706 398 1699 1741 106 1727 1448 1346 1828 1712 1356 970 1721 1498 1014 1516 1056 0 1628 1047 1629 1727 1331 1739 1386 1297 302 1705 1049 1722 1699 973 1710
692 1441 667 608 592 659 1456 651 694 1640 679 981 311 400 665 675 966 673 386 709 201 774 1628 0 882 42 679 864 692 392 436 1412 657 1034 674 651 882 662
994 860 969 910 894 961 927 953 996 1059 981 1154 600 1083 967 1038 952 975 835 268 771 686 1047 882 0 884 982 1037 994 640 552 831 959 1019 976 953 868 965
694 1442 668 609 594 660 1458 653 696 1641 681 983 313 402 666 677 968 675 388 710 203 775 1629 42 884 0 681 866 694 394 438 1413 659 1035 676 653 884 664
58 1540 73 97 129 77 1608 110 50 1739 235 1438 584 377 61 1132 1423 72 843 808 755 1231 1727 679 982 681 0 1321 48 624 534 1511 71 1491 58 74 1339 87
1334 1201 1308 1249 1234 1300 960 1293 1335 1343 1321 146 766 1153 1306 393 471 1315 658 820 752 377 1331 864 853 866 1321 0 1333 847 891 1056 1299 538 1316 1293 387 1304
39 1552 54 110 142 58 1620 94 31 1751 247 1450 596 390 42 1145 1436 54 856 820 767 1243 1739 692 994 694 48 1333 0 637 546 1523 52 1503 39 56 1351 69
637 1199 612 552 537 603 1266 596 639 1398 624 964 123 680 609 658 949 618 369 467 280 756 1386 392 640 394 624 847 637 0 194 1170 602 1016 619 596 865 607
546 1110 521 462 446 513 1178 505 548 1309 533 1008 154 635 519 703 993 528 413 378 325 801 1297 436 552 438 534 891 546 194 0 1081 511 1061 528 506 909 517
1524 171 1498 1439 1424 1490 123 1483 1525 314 1511 1173 1130 1612 1496 1081 695 1505 1282 798 1300 840 302 1412 831 1413 1511 1056 1523 1170 1081 0 1489 774 1506 1483 698 1494
62 1517 77 75 107 81 1585 88 54 1716 212 1416 562 355 65 1110 1401 77 821 785 732 1208 1705 657 959 659 71 1299 52 602 511 1489 0 1468 62 79 1316 92
1503 919 1478 1419 1404 1470 678 1462 1505 1061 1491 655 936 1322 1476 563 189 1485 828 803 922 360 1049 1034 836 1035 1491 538 1503 1016 1061 774 1468 0 1485 1463 180 1474
49 1535 64 92 124 68 1602 104 41 1734 230 1433 579 372 52 1127 1418 64 838 802 749 1225 1722 674 976 676 58 1316 39 619 528 1506 62 1485 0 66 1334 79
66 1512 81 69 101 85 1579 82 58 1711 207 1410 556 349 69 1104 1395 80 815 780 726 1203 1699 651 953 653 74 1293 56 596 506 1483 79 1463 66 0 1311 94
1352 843 1326 1267 1252 1318 602 1311 1353 985 1339 504 784 1171 1324 411 113 1333 676 651 770 208 973 882 684 884 1339 387 1351 865 909 698 1316 180 1334 1311 0 1322
79 1523 94 80 112 98 1591 93 71 1722 218 1421 567 360 82 1115 1406 93 826 791 738 1214 1710 662 965 664 87 1304 69 607 517 1494 92 1474 79 94 1322 0
EOF