NAME : tsp_problem
TYPE : TSP
DIMENSION : 44
EDGE_WEIGHT_TYPE : EXPLICIT
EDGE_WEIGHT_FORMAT : FULL_MATRIX
EDGE_WEIGHT_SECTION
0 1663 63 92 482 353 61 758 631 111 1337 84 1314 1368 717 66 1264 64 119 1766 667 703 394 90 87 1308 1353 88 68 1435 1576 1604 56 1551 714 104 294 57 1340 206 562 1532 1419 64
1663 0 1690 1666 1764 1761 1675 1394 1351 1656 1304 1666 1281 530 1508 1676 1231 1688 1586 683 1385 1421 1306 1670 1632 1276 1320 1650 1690 938 1080 1107 1684 354 1505 1654 1407 1677 989 1655 1281 1035 1386 1687
63 1690 0 68 509 381 37 786 658 110 1365 60 1342 1396 745 42 1292 40 147 1794 695 731 422 66 93 1336 1381 64 44 1463 1604 1632 32 1578 742 80 322 33 1368 234 590 1559 1447 40
92 1666 68 0 485 356 66 761 634 114 1340 89 1317 1371 720 71 1268 69 122 1769 670 706 398 95 90 1312 1356 93 73 1438 1579 1607 61 1554 717 109 298 62 1343 210 566 1535 1422 69
482 1764 509 485 0 263 494 601 734 475 1081 485 1058 1469 350 495 1008 507 405 1510 410 447 621 489 451 1052 1097 469 509 1178 1320 1348 503 1652 347 473 521 496 1084 474 518 1275 1163 506
353 1761 381 356 263 0 366 749 729 346 1229 356 1206 1466 498 366 1157 378 277 1658 559 595 493 361 322 1201 1245 340 380 1327 1468 1496 374 1649 495 344 393 367 1232 346 661 1424 1311 377
61 1675 37 66 494 366 0 771 643 107 1350 58 1327 1381 730 40 1277 38 131 1779 679 716 407 63 91 1321 1366 62 42 1447 1589 1616 30 1563 726 77 307 31 1353 219 575 1544 1432 37
758 1394 786 761 601 749 771 0 446 751 774 761 751 1099 345 771 701 783 681 1203 220 183 402 765 727 745 790 745 785 871 1013 1041 779 1282 341 749 502 772 777 750 273 968 856 782
631 1351 658 634 734 729 643 446 0 624 1025 634 1002 1056 478 644 953 656 554 1454 355 391 274 638 600 997 1041 618 658 1123 1264 1292 652 1239 475 622 375 645 1028 623 251 1220 1107 655
111 1656 110 114 475 346 107 751 624 0 1330 114 1307 1361 710 113 1257 111 112 1759 660 696 387 118 80 1301 1346 98 115 1428 1569 1597 103 1544 707 102 287 104 1333 199 556 1525 1412 110
1337 1304 1365 1340 1081 1229 1350 774 1025 1330 0 1340 243 1096 825 1350 225 1362 1260 851 700 663 980 1344 1306 84 313 1324 1364 519 661 688 1358 1248 821 1328 1081 1351 425 1329 809 616 107 1361
84 1666 60 89 485 356 58 761 634 114 1340 0 1317 1371 720 63 1268 61 122 1769 670 706 398 87 90 1312 1356 85 65 1438 1579 1607 53 1554 717 101 298 54 1343 210 566 1535 1422 61
1314 1281 1342 1317 1058 1206 1327 751 1002 1307 243 1317 0 1073 802 1327 93 1339 1238 828 677 640 958 1322 1283 272 94 1301 1341 496 638 666 1335 1225 799 1305 1058 1328 402 1306 787 593 212 1338
1368 530 1396 1371 1469 1466 1381 1099 1056 1361 1085 1371 1062 0 1213 1381 1012 1393 1291 803 1090 1127 1012 1375 1337 1056 1101 1355 1395 996 1137 1165 1389 418 1210 1359 1112 1382 901 1360 986 1092 1167 1392
717 1508 745 720 350 498 730 345 478 710 825 720 802 1213 0 730 752 742 640 1254 154 191 433 724 686 796 841 704 744 922 1064 1091 738 1396 35 708 534 731 828 709 262 1019 907 741
66 1676 42 71 495 366 40 771 644 113 1350 63 1327 1381 730 0 1278 43 132 1779 680 716 408 69 96 1322 1366 67 48 1448 1589 1617 35 1564 727 83 308 36 1353 220 576 1545 1432 43
1264 1231 1292 1268 1008 1157 1277 701 953 1257 225 1268 93 1023 752 1278 0 1289 1188 778 627 591 908 1272 1233 254 114 1251 1292 447 588 616 1285 1176 749 1256 1008 1279 352 1257 737 544 261 1288
64 1688 40 69 507 378 38 783 656 111 1362 61 1339 1393 742 43 1289 0 144 1791 692 728 419 67 94 1333 1378 65 46 1460 1601 1629 33 1576 739 81 319 34 1365 231 588 1557 1444 41
119 1586 147 122 405 277 131 681 554 112 1260 122 1238 1291 640 132 1188 144 0 1689 590 626 318 126 88 1232 1277 106 146 1358 1500 1527 140 1474 637 110 218 133 1264 130 486 1455 1343 143
1766 683 1794 1769 1510 1658 1779 1203 1454 1759 851 1769 828 803 1254 1779 778 1791 1689 0 1129 1092 1410 1773 1735 822 867 1753 1793 485 626 654 1787 627 1251 1757 1510 1780 535 1758 1238 582 933 1790
667 1385 695 670 410 559 679 220 355 660 700 670 677 1090 154 680 627 692 590 1129 0 68 310 674 636 671 716 654 694 798 939 967 688 1273 151 658 411 681 703 659 139 895 782 691
703 1403 731 706 447 595 716 183 391 696 663 706 640 1108 191 716 591 728 626 1092 68 0 347 710 672 635 679 690 730 761 902 930 724 1291 188 694 447 717 666 695 175 858 745 727
394 1306 422 398 621 493 407 402 274 387 980 398 958 1012 433 408 908 419 318 1410 310 347 0 402 363 952 997 381 422 1078 1220 1247 415 1194 430 386 138 409 984 387 206 1175 1063 418
90 1670 66 95 489 361 63 765 638 118 1344 87 1322 1375 724 69 1272 67 126 1773 674 710 402 0 94 1316 1361 91 71 1442 1584 1611 59 1558 721 106 302 59 1348 214 570 1539 1427 66
87 1632 93 90 451 322 91 727 600 80 1306 90 1283 1337 686 96 1233 94 88 1735 636 672 363 94 0 1278 1322 74 98 1404 1545 1573 86 1520 683 78 263 87 1309 176 532 1501 1388 94
1308 1276 1336 1312 1052 1201 1321 745 997 1301 84 1312 272 1067 796 1322 254 1333 1232 822 671 635 952 1316 1278 0 342 1295 1336 491 632 660 1329 1220 793 1300 1053 1323 396 1301 781 588 136 1332
1353 1320 1381 1356 1097 1245 1366 790 1041 1346 313 1356 94 1112 841 1366 114 1378 1277 867 716 679 997 1361 1322 342 0 1340 1381 536 677 705 1374 1265 838 1345 1097 1368 441 1346 826 633 263 1377
88 1650 64 93 469 340 62 745 618 98 1324 85 1301 1355 704 67 1251 65 106 1753 654 690 381 91 74 1295 1340 0 69 1422 1563 1591 57 1538 701 96 281 58 1327 193 550 1519 1406 65
68 1690 44 73 509 380 42 785 658 115 1364 65 1341 1395 744 48 1292 46 146 1793 694 730 422 71 98 1336 1381 69 0 1462 1603 1631 37 1578 741 85 322 38 1367 234 590 1559 1446 45
1435 938 1463 1438 1178 1327 1447 871 1123 1428 519 1438 496 1007 922 1448 447 1460 1358 485 798 761 1078 1442 1404 491 536 1422 1462 0 251 279 1456 883 919 1426 1179 1449 204 1427 907 184 602 1459
1576 1080 1604 1579 1320 1468 1589 1013 1264 1569 661 1579 638 1148 1064 1589 588 1601 1500 626 939 902 1220 1584 1545 632 677 1563 1603 251 0 216 1597 1024 1061 1568 1320 1591 345 1569 1049 182 743 1600
1604 1107 1632 1607 1348 1496 1616 1041 1292 1597 688 1607 666 1176 1091 1617 616 1629 1527 654 967 930 1247 1611 1573 660 705 1591 1631 279 216 0 1625 1052 1088 1595 1348 1618 373 1596 1076 244 771 1628
56 1684 32 61 503 374 30 779 652 103 1358 53 1335 1389 738 35 1285 33 140 1787 688 724 415 59 86 1329 1374 57 37 1456 1597 1625 0 1572 735 73 315 26 1361 227 583 1553 1440 33
1551 354 1578 1554 1652 1649 1563 1282 1239 1544 1248 1554 1225 418 1396 1564 1176 1576 1474 627 1273 1309 1194 1558 1520 1220 1265 1538 1578 883 1024 1052 1572 0 1393 1542 1295 1565 933 1543 1169 979 1330 1575
714 1505 742 717 347 495 726 341 475 707 821 717 799 1210 35 727 749 739 637 1251 151 188 430 721 683 793 838 701 741 919 1061 1088 735 1393 0 705 531 728 825 706 259 1016 904 738
104 1654 80 109 473 344 77 749 622 102 1328 101 1305 1359 708 83 1256 81 110 1757 658 694 386 106 78 1300 1345 96 85 1426 1568 1595 73 1542 705 0 286 74 1331 198 554 1523 1410 80
294 1407 322 298 521 393 307 502 375 287 1081 298 1058 1112 534 308 1008 319 218 1510 411 447 138 302 263 1053 1097 281 322 1179 1320 1348 315 1295 531 286 0 309 1084 287 307 1276 1163 318
57 1677 33 62 496 367 31 772 645 104 1351 54 1328 1382 731 36 1279 34 133 1780 681 717 409 59 87 1323 1368 58 38 1449 1591 1618 26 1565 728 74 309 0 1354 221 577 1546 1433 33
1340 989 1368 1343 1084 1232 1353 777 1028 1333 425 1343 402 912 828 1353 352 1365 1264 535 703 666 984 1348 1309 396 441 1327 1367 204 345 373 1361 933 825 1331 1084 1354 0 1333 813 301 507 1364
206 1655 234 210 474 346 219 750 623 199 1329 210 1306 1360 709 220 1257 231 130 1758 659 695 387 214 176 1301 1346 193 234 1427 1569 1596 227 1543 706 198 287 221 1333 0 555 1524 1412 230
562 1281 590 566 518 661 575 273 251 556 809 566 787 986 262 576 737 588 486 1238 139 175 206 570 532 781 826 550 590 907 1049 1076 583 1169 259 554 307 577 813 555 0 1004 892 586
1532 1035 1559 1535 1275 1424 1544 968 1220 1525 616 1535 593 1103 1019 1545 544 1557 1455 582 895 858 1175 1539 1501 588 633 1519 1559 184 182 244 1553 979 1016 1523 1276 1546 301 1524 1004 0 698 1556
1419 1386 1447 1422 1163 1311 1432 856 1107 1412 107 1422 212 1178 907 1432 261 1444 1343 933 782 745 1063 1427 1388 136 263 1406 1446 602 743 771 1440 1330 904 1410 1163 1433 507 1412 892 698 0 1443
64 1687 40 69 506 377 37 782 655 110 1361 61 1338 1392 741 43 1288 41 143 1790 691 727 418 66 94 1332 1377 65 45 1459 1600 1628 33 1575 738 80 318 33 1364 230 586 1556 1443 0
EOF