NAME : tsp_problem
TYPE : TSP
DIMENSION : 42
EDGE_WEIGHT_TYPE : EXPLICIT
EDGE_WEIGHT_FORMAT : FULL_MATRIX
EDGE_WEIGHT_SECTION
0 1464 757 1513 83 240 1695 334 232 1441 41 1546 51 1003 782 1228 65 81 968 114 724 60 48 84 721 1399 617 1029 71 64 223 1099 1152 1373 75 1649 1604 56 81 105 46 1767
1464 0 894 237 1444 1465 419 1169 1457 1085 1467 270 1456 828 919 872 1458 1450 793 1406 831 1448 1473 1449 931 1043 881 853 1460 1450 1351 923 516 1016 1437 917 872 1459 1438 1397 1473 478
757 894 0 943 737 758 1125 461 750 1229 759 977 749 791 137 1016 751 742 756 699 242 741 766 742 107 1187 174 816 753 743 644 887 582 1161 730 1437 1392 752 730 690 766 1197
1513 237 943 0 1493 1514 200 1218 1506 1134 1516 51 1505 877 969 921 1508 1499 842 1455 880 1498 1522 1498 981 1092 931 902 1509 1500 1401 973 565 1065 1487 979 934 1509 1487 1446 1523 540
83 1444 737 1493 0 220 1675 314 212 1421 64 1526 74 983 762 1208 88 105 949 94 704 84 71 107 701 1379 597 1009 95 88 203 1079 1132 1353 95 1629 1585 79 96 85 69 1747
240 1465 758 1514 220 0 1696 335 88 1442 242 1547 232 1004 783 1229 234 225 969 181 725 224 249 225 722 1400 618 1029 236 226 224 1100 1153 1374 213 1650 1605 235 213 172 249 1768
1695 419 1125 200 1675 1696 0 1400 1688 1316 1698 167 1687 1059 1150 1102 1689 1680 1024 1637 1062 1679 1704 1680 1162 1274 1112 1084 1691 1681 1582 1154 747 1247 1668 1161 1116 1690 1669 1628 1704 722
334 1169 461 1218 314 335 1400 0 327 1146 336 1251 326 708 486 933 328 319 673 276 429 318 343 319 499 1104 322 733 330 320 221 804 856 1077 307 1354 1309 329 308 267 343 1472
232 1457 750 1506 212 88 1688 327 0 1434 234 1539 224 996 775 1221 226 217 962 173 717 216 241 217 714 1392 610 1022 228 218 216 1092 1145 1366 205 1642 1598 227 205 164 241 1760
1441 1074 1229 1123 1421 1442 1305 1146 1434 0 1444 1156 1433 780 1254 440 1436 1427 745 1383 1114 1426 1450 1426 1266 59 1089 805 1437 1428 1328 875 1126 187 1415 565 520 1437 1415 1374 1451 877
41 1467 759 1516 64 242 1698 336 234 1444 0 1549 32 1006 785 1231 46 63 971 117 727 42 29 65 724 1402 620 1031 53 46 225 1102 1154 1375 57 1652 1607 37 63 108 27 1770
1546 270 977 51 1526 1547 167 1251 1539 1167 1549 0 1539 910 1002 954 1541 1532 875 1488 913 1531 1556 1532 1014 1125 964 935 1542 1533 1434 1006 598 1098 1520 1012 967 1542 1520 1479 1556 573
51 1456 749 1505 74 232 1687 326 224 1433 32 1539 0 996 774 1220 57 73 961 106 716 52 40 76 713 1391 609 1021 63 56 215 1091 1144 1365 67 1642 1597 48 73 97 37 1759
1003 1011 791 1060 983 1004 1242 708 996 780 1006 1094 996 0 816 567 998 989 121 945 676 988 1013 989 828 738 651 46 999 990 891 329 1063 711 977 988 943 999 977 936 1013 1299
782 919 137 969 762 783 1150 486 775 1254 785 1002 774 816 0 1041 776 767 781 724 267 766 791 767 164 1212 199 842 778 768 669 912 607 1186 755 1462 1417 777 756 715 791 1223
1228 861 1016 910 1208 1229 1091 933 1221 440 1231 943 1220 567 1041 0 1223 1214 532 1170 901 1212 1237 1213 1053 398 876 592 1224 1215 1115 662 913 371 1201 648 603 1224 1202 1161 1238 959
65 1458 751 1508 88 234 1689 328 226 1436 46 1541 57 998 776 1223 0 87 963 108 719 66 54 90 716 1394 611 1023 77 70 217 1093 1146 1367 81 1644 1599 61 87 100 51 1762
81 1450 742 1499 105 225 1680 319 217 1427 63 1532 73 989 767 1214 87 0 954 100 710 83 70 106 707 1385 602 1014 93 87 208 1085 1137 1358 98 1635 1590 78 101 91 68 1753
968 976 756 1025 949 969 1207 673 962 745 971 1059 961 121 781 532 963 954 0 910 641 953 978 954 794 703 616 146 965 955 856 294 1028 676 942 953 908 964 942 901 978 1264
114 1406 699 1455 94 181 1637 276 173 1383 117 1488 106 945 724 1170 108 100 910 0 666 98 123 99 663 1341 559 970 110 101 164 1041 1094 1315 87 1591 1546 110 88 47 124 1709
724 831 242 880 704 725 1062 429 717 1114 727 913 716 676 267 901 719 710 641 666 0 708 733 709 279 1072 229 701 720 711 611 772 518 1045 697 1322 1277 720 698 657 734 1134
60 1448 741 1498 84 224 1679 318 216 1426 42 1531 52 988 766 1212 66 83 953 98 708 0 49 85 705 1384 601 1013 72 66 207 1083 1136 1357 77 1634 1589 57 82 89 47 1752
48 1473 766 1522 71 249 1704 343 241 1450 29 1556 40 1013 791 1237 54 70 978 123 733 49 0 73 730 1409 626 1038 60 53 232 1108 1161 1382 64 1659 1614 45 70 114 35 1777
84 1449 742 1498 107 225 1680 319 217 1426 65 1532 76 989 767 1213 90 106 954 99 709 85 73 0 706 1384 602 1014 96 89 208 1084 1137 1358 100 1635 1590 81 101 90 70 1752
721 931 107 981 701 722 1162 499 714 1266 724 1014 713 828 164 1053 716 707 794 663 279 705 730 706 0 1224 211 854 717 708 664 924 619 1198 694 1474 1430 717 695 654 731 1235
1399 1032 1187 1081 1379 1400 1263 1104 1392 59 1402 1114 1391 738 1212 398 1394 1385 703 1341 1072 1384 1409 1384 1224 0 1047 763 1395 1386 1287 833 1084 145 1373 523 478 1395 1373 1332 1409 835
617 881 174 931 597 618 1112 322 610 1089 620 964 609 651 199 876 611 602 616 559 229 601 626 602 211 1047 0 677 613 603 504 747 569 1021 590 1297 1252 612 591 550 626 1185
1029 1036 816 1086 1009 1029 1267 733 1022 805 1031 1119 1021 46 842 592 1023 1014 146 970 701 1013 1038 1014 854 763 677 0 1025 1015 916 354 1088 736 1002 1013 968 1024 1002 961 1038 1324
71 1460 753 1509 95 236 1691 330 228 1437 53 1542 63 999 778 1224 77 93 965 110 720 72 60 96 717 1395 613 1025 0 76 219 1095 1148 1369 87 1645 1601 68 93 101 58 1763
64 1450 743 1500 88 226 1681 320 218 1428 46 1533 56 990 768 1215 70 87 955 101 711 66 53 89 708 1386 603 1015 76 0 209 1085 1138 1359 81 1636 1591 61 86 92 51 1754
223 1351 644 1401 203 224 1582 221 216 1328 225 1434 215 891 669 1115 217 208 856 164 611 207 232 208 664 1287 504 916 219 209 0 986 1039 1260 196 1537 1492 218 196 155 232 1655
1099 1107 887 1156 1079 1100 1338 804 1092 875 1102 1189 1091 329 912 662 1093 1085 294 1041 772 1083 1108 1084 924 833 747 354 1095 1085 986 0 1159 807 1072 1083 1038 1094 1073 1032 1109 1395
1152 516 582 565 1132 1153 747 856 1145 1136 1154 598 1144 879 607 923 1146 1137 844 1094 518 1136 1161 1137 619 1094 569 905 1148 1138 1039 975 0 1068 1125 1258 1213 1147 1125 1085 1161 819
1373 1005 1161 1054 1353 1374 1236 1077 1366 187 1375 1087 1365 711 1186 371 1367 1358 676 1315 1045 1357 1382 1358 1198 145 1021 736 1369 1359 1260 807 1057 0 1346 497 452 1368 1347 1306 1382 808
75 1437 730 1487 95 213 1668 307 205 1415 57 1520 67 977 755 1201 81 98 942 87 697 77 64 100 694 1373 590 1002 87 81 196 1072 1125 1346 0 1623 1578 72 89 78 62 1741
1649 917 1437 979 1629 1650 1161 1354 1642 565 1652 1012 1642 988 1462 648 1644 1635 953 1591 1322 1634 1659 1635 1474 523 1297 1013 1645 1636 1537 1083 1258 497 1623 0 126 1645 1623 1582 1659 670
1604 872 1392 934 1585 1605 1116 1309 1598 520 1607 967 1597 943 1417 603 1599 1590 908 1546 1277 1589 1614 1590 1430 478 1252 968 1601 1591 1492 1038 1213 452 1578 126 0 1600 1578 1537 1614 625
56 1459 752 1509 79 235 1690 329 227 1437 37 1542 48 999 777 1224 61 78 964 110 720 57 45 81 717 1395 612 1024 68 61 218 1094 1147 1368 72 1645 1600 0 78 101 42 1763
81 1438 730 1487 96 213 1669 308 205 1415 63 1520 73 977 756 1202 87 101 942 88 698 82 70 101 695 1373 591 1002 93 86 196 1073 1125 1347 89 1623 1578 78 0 79 68 1741
105 1397 690 1446 85 172 1628 267 164 1374 108 1479 97 936 715 1161 100 91 901 47 657 89 114 90 654 1332 550 961 101 92 155 1032 1085 1306 78 1582 1537 101 79 0 115 1700
46 1473 766 1523 69 249 1704 343 241 1451 27 1556 37 1013 791 1238 51 68 978 124 734 47 35 70 731 1409 626 1038 58 51 232 1109 1161 1382 62 1659 1614 42 68 115 0 1777
1767 478 1197 540 1747 1768 722 1472 1760 877 1770 573 1759 1131 1223 959 1762 1753 1096 1709 1134 1752 1777 1752 1235 835 1185 1156 1763 1754 1655 1227 819 808 1741 670 625 1763 1741 1700 1777 0
EOF