NAME : tsp_problem
TYPE : TSP
DIMENSION : 44
EDGE_WEIGHT_TYPE : EXPLICIT
EDGE_WEIGHT_FORMAT : FULL_MATRIX
EDGE_WEIGHT_SECTION
0 198 1386 228 1480 1752 1567 1525 37 400 588 984 50 674 548 1652 73 1748 49 253 68 69 1243 1439 1600 1506 1645 1842 1641 1572 1742 1506 634 38 1450 1232 1712 208 851 209 961 94 63 810
198 0 1369 66 1464 1736 1551 1508 216 384 571 968 223 657 532 1636 184 1731 218 237 207 179 1226 1423 1583 1490 1628 1826 1624 1556 1726 1489 617 221 1433 1216 1696 47 834 48 945 174 182 794
1386 1369 0 1399 150 495 224 794 1404 1194 1235 755 1411 877 991 866 1372 410 1406 1170 1395 1367 354 572 269 776 511 585 297 786 415 175 786 1409 119 344 369 1379 751 1380 732 1362 1370 721
228 66 1399 0 1493 1765 1580 1538 246 413 600 997 253 687 561 1665 214 1761 248 266 236 209 1256 1452 1613 1519 1658 1855 1654 1585 1755 1519 647 250 1463 1245 1725 76 864 77 974 203 211 823
1480 1464 150 1493 0 603 331 902 1498 1288 1329 849 1505 971 1086 973 1466 517 1500 1264 1489 1462 448 666 139 883 618 693 404 893 523 80 881 1503 170 438 476 1474 845 1475 826 1456 1464 815
1752 1736 495 1765 603 0 390 417 1770 1647 1688 1096 1777 1330 1358 489 1738 114 1772 1536 1761 1734 807 1025 722 399 134 109 331 409 109 628 1239 1775 572 797 403 1746 1102 1747 1072 1728 1736 1062
1567 1551 224 1580 331 390 0 689 1585 1375 1417 936 1593 1058 1173 761 1554 305 1588 1351 1576 1549 535 754 451 671 406 481 192 681 311 357 968 1590 301 525 264 1561 932 1562 913 1543 1551 902
1525 1508 794 1538 902 417 689 0 1543 1670 1732 868 1550 1254 1130 318 1511 413 1545 1309 1533 1506 774 1324 1021 70 310 508 630 238 408 927 1214 1547 871 785 702 1518 875 1519 845 1501 1508 834
37 216 1404 246 1498 1770 1585 1543 0 418 606 1002 40 692 566 1670 63 1766 39 271 58 59 1261 1457 1618 1524 1663 1860 1659 1590 1760 1524 652 28 1468 1250 1730 226 869 227 979 86 53 828
400 384 1194 413 1288 1647 1375 1670 418 0 284 1129 426 601 693 1797 387 1561 421 398 409 382 1050 1247 1408 1651 1663 1737 1449 1717 1567 1314 511 423 1258 1040 1520 394 966 395 1106 376 384 955
588 571 1235 600 1329 1688 1417 1732 606 284 0 1191 613 643 757 1859 574 1603 608 585 596 569 1092 1288 1449 1713 1704 1778 1490 1779 1608 1355 552 610 1299 1081 1562 581 1008 582 1168 563 571 1017
984 968 938 997 1032 1096 1120 868 1002 1129 1191 0 1010 713 590 996 971 1091 1005 768 993 966 609 1178 1152 850 988 1186 1193 916 1086 1058 674 1007 1002 620 1265 978 334 979 196 960 968 294
50 223 1411 253 1505 1777 1593 1550 40 426 613 1010 0 699 574 1678 75 1773 52 278 71 72 1268 1464 1625 1532 1670 1868 1666 1598 1768 1531 659 41 1475 1258 1738 233 876 234 987 99 66 835
674 657 877 687 971 1330 1058 1254 692 601 643 713 699 0 279 1381 660 1244 694 458 682 655 733 930 1091 1235 1345 1420 1132 1301 1250 996 125 696 940 723 1203 667 579 668 690 650 657 539
548 532 991 561 1086 1358 1173 1130 566 693 757 590 574 279 0 1258 535 1353 569 332 557 530 848 1045 1205 1112 1250 1448 1246 1178 1348 1111 240 571 1055 838 1318 542 456 543 567 524 532 416
1652 1636 866 1665 973 489 761 318 1670 1797 1859 996 1678 1381 1258 0 1639 484 1673 1436 1661 1634 902 1395 1093 299 381 579 702 131 479 998 1342 1675 942 912 773 1646 1002 1647 973 1628 1636 962
73 184 1372 214 1466 1738 1554 1511 63 387 574 971 75 660 535 1639 0 1734 74 239 94 86 1229 1425 1586 1493 1631 1828 1627 1559 1728 1492 620 64 1436 1218 1699 194 837 195 948 80 88 796
1748 1731 410 1761 517 114 305 413 1766 1561 1603 1091 1773 1244 1353 484 1734 0 1768 1532 1756 1729 722 940 637 395 130 204 246 404 78 543 1154 1770 487 711 318 1741 1098 1742 1068 1724 1731 1057
49 218 1406 248 1500 1772 1588 1545 39 421 608 1005 52 694 569 1673 74 1768 0 273 70 71 1263 1459 1620 1527 1665 1863 1661 1593 1763 1526 654 40 1470 1253 1733 228 871 229 982 98 65 830
253 237 1170 266 1264 1536 1351 1309 271 398 585 768 278 458 332 1436 239 1532 273 0 262 235 1027 1223 1384 1290 1429 1626 1425 1356 1526 1290 418 276 1234 1016 1496 247 635 248 745 229 237 594
68 207 1395 236 1489 1761 1576 1533 58 409 596 993 71 682 557 1661 94 1756 70 262 0 90 1251 1448 1608 1515 1653 1851 1649 1581 1751 1514 643 59 1458 1241 1721 217 859 218 970 103 84 819
69 179 1367 209 1462 1734 1549 1506 59 382 569 966 72 655 530 1634 86 1729 71 235 90 0 1224 1421 1581 1488 1626 1824 1622 1554 1724 1487 616 60 1431 1214 1694 190 832 190 943 75 83 792
1195 1178 354 1207 448 807 535 897 1213 1040 1081 538 1220 723 800 1025 1181 722 1215 979 1203 1176 0 594 568 879 823 897 609 945 727 474 633 1217 418 27 680 1188 534 1189 515 1170 1178 504
1439 1423 572 1452 666 1025 754 1324 1457 1247 1288 995 1464 930 1045 1395 1425 940 1459 1223 1448 1421 594 0 786 1306 1041 1115 827 1316 945 692 840 1462 636 584 899 1433 991 1434 972 1415 1423 961
1600 1583 269 1613 139 722 451 1021 1618 1408 1449 969 1625 1091 1205 1093 1586 637 1620 1384 1608 1581 568 786 0 1003 738 812 524 1013 642 199 1000 1622 289 558 596 1593 965 1594 946 1576 1583 935
1506 1490 776 1519 883 399 671 70 1524 1651 1713 850 1532 1235 1112 299 1493 395 1527 1290 1515 1488 756 1306 1003 0 292 489 612 219 389 909 1196 1529 853 766 684 1500 856 1501 827 1482 1490 816
1645 1628 511 1658 618 134 406 310 1663 1663 1704 988 1670 1345 1250 381 1631 130 1665 1429 1653 1626 823 1041 738 292 0 224 347 301 124 644 1255 1667 588 812 419 1638 995 1639 965 1621 1628 954
1842 1826 585 1855 693 109 481 508 1860 1737 1778 1186 1868 1420 1448 579 1828 204 1863 1626 1851 1824 897 1115 812 489 224 0 421 499 199 718 1329 1865 662 887 493 1836 1192 1837 1163 1818 1826 1152
1641 1624 297 1654 404 331 192 630 1659 1449 1490 1010 1666 1132 1246 702 1627 246 1661 1425 1649 1622 609 827 524 612 347 421 0 622 251 430 1041 1663 374 599 104 1634 1006 1635 986 1617 1624 976
1572 1556 786 1585 893 409 681 238 1590 1717 1779 916 1598 1301 1178 131 1559 404 1593 1356 1581 1554 822 1316 1013 219 301 499 622 0 399 918 1262 1595 863 832 693 1566 922 1567 893 1548 1556 882
1742 1726 415 1755 523 109 311 408 1760 1567 1608 1086 1768 1250 1348 479 1728 78 1763 1526 1751 1724 727 945 642 389 124 199 251 399 0 548 1159 1765 492 717 323 1736 1092 1737 1063 1718 1726 1052
1506 1489 175 1519 80 628 357 927 1524 1314 1355 874 1531 996 1111 998 1492 543 1526 1290 1514 1487 474 692 199 909 644 718 430 918 548 0 906 1528 195 463 502 1499 870 1500 851 1481 1489 840
634 617 786 647 881 1239 968 1214 652 511 552 674 659 125 240 1342 620 1154 654 418 643 616 643 840 1000 1196 1255 1329 1041 1262 1159 906 0 657 850 633 1113 628 540 629 651 610 618 499
38 221 1409 250 1503 1775 1590 1547 28 423 610 1007 41 696 571 1675 64 1770 40 276 59 60 1265 1462 1622 1529 1667 1865 1663 1595 1765 1528 657 0 1472 1255 1735 231 873 232 984 87 54 833
1450 1433 119 1463 170 572 301 871 1468 1258 1299 818 1475 940 1055 942 1436 487 1470 1234 1458 1431 418 636 289 853 588 662 374 863 492 195 850 1472 0 407 446 1443 815 1444 795 1426 1433 785
1184 1168 344 1197 438 797 525 887 1202 1030 1071 528 1210 713 790 1015 1170 711 1205 968 1193 1166 27 584 558 869 812 887 599 935 717 463 622 1207 407 0 670 1178 524 1179 505 1160 1168 494
1712 1696 369 1725 476 403 264 702 1730 1520 1562 1081 1738 1203 1318 773 1699 318 1733 1496 1721 1694 680 899 596 684 419 493 104 693 323 502 1113 1735 446 670 0 1706 1077 1707 1058 1688 1696 1047
208 47 1379 76 1474 1746 1561 1518 226 394 581 978 233 667 542 1646 194 1741 228 247 217 190 1236 1433 1593 1500 1638 1836 1634 1566 1736 1499 628 231 1443 1226 1706 0 844 58 955 184 192 804
851 834 748 864 842 1102 930 875 869 995 1037 334 876 579 456 1002 837 1098 871 635 859 832 531 989 962 856 995 1192 1003 922 1092 868 540 873 812 521 1075 844 0 845 311 827 834 81
209 48 1380 77 1475 1747 1562 1519 227 395 582 979 234 668 543 1647 195 1742 229 248 218 190 1237 1434 1594 1501 1639 1837 1635 1567 1737 1500 629 232 1444 1227 1707 58 845 0 956 185 193 805
961 945 915 974 1009 1072 1096 845 979 1106 1168 196 987 690 567 973 948 1068 982 745 970 943 586 1155 1129 827 965 1163 1170 893 1063 1035 651 984 979 597 1241 955 311 956 0 937 945 271
94 174 1362 203 1456 1728 1543 1501 86 376 563 960 99 650 524 1628 80 1724 98 229 103 75 1218 1415 1576 1482 1621 1818 1617 1548 1718 1481 610 87 1426 1208 1688 184 827 185 937 0 78 786
63 182 1370 211 1464 1736 1551 1508 53 384 571 968 66 657 532 1636 88 1731 65 237 84 83 1226 1423 1583 1490 1628 1826 1624 1556 1726 1489 618 54 1433 1216 1696 192 834 193 945 78 0 794
810 794 808 823 902 1062 989 834 828 955 1017 294 835 539 416 962 796 1057 830 594 819 792 575 1048 1021 816 954 1152 1062 882 1052 927 499 833 871 580 1134 804 81 805 271 786 794 0
EOF