NAME : tsp_problem
TYPE : TSP
DIMENSION : 24
EDGE_WEIGHT_TYPE : EXPLICIT
EDGE_WEIGHT_FORMAT : FULL_MATRIX
EDGE_WEIGHT_SECTION
0 872 1053 934 674 1071 473 761 943 1029 1060 705 1104 816 1273 969 1044 1062 1010 1036 1082 233 826 717
875 0 420 980 932 1506 793 405 165 1465 1495 963 1362 543 495 336 1480 1497 653 1471 1517 703 1084 975
1055 420 0 1254 1113 1687 974 585 490 1645 1676 1143 1542 723 820 122 1660 1677 834 1652 1698 884 1264 1155
934 980 1243 0 1036 1421 682 951 896 1379 1410 1235 1482 1089 807 1159 1394 1411 1200 1386 1432 921 1356 1098
645 932 1113 1036 0 700 575 634 1003 658 689 361 759 622 1333 1029 673 690 883 665 711 473 481 274
1071 1506 1687 1421 700 0 959 1208 1576 230 30 743 374 1196 1907 1603 245 31 1457 237 52 1047 617 762
473 977 1157 682 575 959 0 865 1047 918 949 774 1021 1004 1206 1073 933 950 1114 925 971 460 895 637
764 405 585 962 634 1208 682 0 475 1166 1197 665 1063 244 805 501 1181 1199 315 1173 1219 592 785 677
945 165 490 896 1003 1576 863 475 0 1535 1566 1033 1432 613 411 406 1550 1567 723 1542 1588 773 1154 1045
1029 1465 1645 1379 658 230 918 1166 1535 0 219 702 332 1154 1865 1561 59 220 1415 66 241 1006 575 720
1060 1495 1676 1410 689 30 949 1197 1566 219 0 733 363 1185 1896 1592 234 20 1446 226 41 1036 606 751
676 963 1143 1235 361 743 774 665 1033 702 733 0 488 653 1364 1060 717 734 913 709 754 504 210 403
1075 1362 1542 1482 759 374 1021 1063 1432 332 363 488 0 1051 1762 1458 347 364 1312 339 385 903 361 802
810 542 723 1100 622 1196 820 246 612 1154 1185 653 1051 0 943 639 1169 1187 495 1161 1207 638 773 664
1276 495 820 807 1333 1907 1194 805 411 1865 1896 1364 1762 943 0 737 1880 1898 1054 1872 1918 1104 1484 1376
972 336 122 1170 1029 1603 890 501 406 1561 1592 1060 1458 639 737 0 1576 1593 750 1568 1614 800 1180 1071
1044 1480 1660 1394 673 245 933 1181 1550 59 234 717 347 1169 1880 1576 0 235 1430 81 256 1021 590 735
1062 1497 1677 1411 690 31 950 1199 1567 220 20 734 364 1187 1898 1593 235 0 1447 227 42 1038 607 752
1013 653 834 1211 883 1457 931 315 723 1415 1446 913 1312 493 1054 750 1430 1447 0 1422 1468 841 1034 925
1036 1471 1652 1386 665 237 925 1173 1542 66 226 709 339 1161 1872 1568 81 227 1422 0 248 1012 582 727
1082 1517 1698 1432 711 52 971 1219 1588 241 41 754 385 1207 1918 1614 256 42 1468 248 0 1058 628 773
233 700 881 921 502 1058 460 589 771 1016 1047 533 932 644 1101 797 1031 1048 838 1023 1069 0 654 545
797 1084 1264 1356 481 617 895 785 1154 575 606 210 361 773 1484 1180 590 607 1034 582 628 625 0 524
688 975 1155 1098 274 762 637 677 1045 720 751 403 802 664 1376 1071 735 752 925 727 773 516 524 0
EOF
