NAME : tsp_problem
TYPE : TSP
DIMENSION : 46
EDGE_WEIGHT_TYPE : EXPLICIT
EDGE_WEIGHT_FORMAT : FULL_MATRIX
EDGE_WEIGHT_SECTION
0 855 840 728 124 831 788 855 835 948 712 967 883 434 1040 861 791 789 928 585 824 778 816 530 822 441 418 302 709 852 918 542 1025 565 826 841 851 740 477 931 852 510 839 930 810 825
855 0 228 1401 902 63 1424 1491 57 1397 1094 1416 1519 550 1676 41 112 1425 1564 701 1206 1160 614 363 587 641 470 975 1382 47 1554 660 1474 681 62 1515 29 225 595 359 32 710 45 484 94 61
840 228 0 1386 887 204 1409 1476 207 1382 1079 1401 1504 535 1661 234 163 1410 1549 686 1192 1145 599 348 572 626 455 960 1367 224 1539 645 1459 666 199 1500 224 210 580 344 225 695 211 469 182 197
728 1401 1386 0 775 1377 989 910 1381 1150 992 1168 1085 980 1241 1407 1337 976 837 1131 1033 1078 1362 1077 1368 987 965 708 72 1398 1120 1088 1227 1111 1372 387 1397 1287 1024 1477 1398 1056 1385 1476 1356 1371
124 902 887 775 0 878 884 951 882 1045 809 1063 979 481 1136 908 838 885 1024 632 921 875 863 578 869 488 466 349 756 899 1015 589 1122 612 873 888 898 788 525 978 899 557 886 977 857 872
831 63 204 1377 878 0 1400 1467 93 1373 1070 1392 1495 526 1652 77 88 1401 1540 677 1182 1136 590 339 563 617 446 951 1358 83 1530 636 1450 657 93 1491 65 201 571 335 68 686 81 460 77 92
776 1424 1409 1000 823 1400 0 220 1403 540 382 558 248 1002 405 1430 1359 154 293 1154 423 468 1027 1099 1033 983 987 755 981 1420 284 803 617 1133 1395 742 1420 1309 858 1260 1421 910 1407 1141 1378 1393
843 1491 1476 910 890 1467 220 0 1470 607 450 626 265 1070 422 1497 1427 95 101 1221 490 535 1094 1166 1100 1050 1054 823 891 1487 301 871 684 1201 1462 550 1487 1376 925 1327 1488 977 1474 1208 1446 1461
835 57 207 1381 882 93 1403 1470 0 1377 1073 1395 1498 529 1655 71 92 1404 1543 680 1186 1140 593 343 567 620 450 955 1362 77 1533 639 1453 660 92 1494 59 204 575 338 62 689 76 463 80 91
936 1397 1382 1161 983 1373 540 607 1377 0 356 204 635 976 792 1403 1333 541 680 1127 396 442 1000 1072 1007 956 960 916 1142 1394 670 777 307 1107 1368 1128 1393 1282 831 1234 1394 883 1381 1114 1352 1367
706 1094 1079 1003 802 1070 382 450 1073 356 0 374 478 673 635 1100 1030 384 522 824 148 116 697 769 703 653 657 758 984 1090 513 474 433 804 1065 971 1090 979 528 930 1091 580 1077 811 1049 1064
955 1416 1401 1179 1002 1392 558 626 1395 204 374 0 654 994 811 1422 1351 560 698 1146 415 460 1019 1091 1025 975 979 935 1160 1412 689 795 132 1125 1387 1147 1412 1301 850 1252 1413 902 1399 1133 1370 1385
871 1519 1504 1096 918 1495 248 265 1498 635 478 654 0 1098 261 1525 1455 199 338 1249 518 563 1122 1194 1128 1078 1082 851 1076 1515 139 899 712 1229 1490 787 1515 1404 953 1355 1516 1005 1502 1236 1474 1489
434 550 535 980 481 526 1002 1070 529 976 673 994 1098 0 1255 556 486 1004 1143 191 785 739 512 225 519 220 113 554 961 546 1133 239 1053 171 521 1094 546 435 174 625 547 289 533 627 504 520
1028 1676 1661 1252 1075 1652 405 422 1655 792 635 811 261 1255 0 1682 1612 356 495 1406 675 720 1279 1351 1285 1235 1239 1008 1233 1672 155 1056 869 1386 1647 943 1672 1561 1110 1512 1673 1162 1659 1393 1631 1646
861 41 234 1407 908 77 1430 1497 71 1403 1100 1422 1525 556 1682 0 118 1431 1570 707 1212 1166 619 369 593 647 476 981 1388 61 1560 666 1480 687 76 1521 43 231 601 365 46 716 59 490 107 75
791 112 163 1337 838 88 1359 1427 92 1333 1030 1351 1455 486 1612 118 0 1361 1499 637 1142 1096 549 299 523 577 406 911 1318 108 1490 596 1410 616 83 1451 108 160 531 295 109 646 96 419 67 82
777 1425 1410 976 824 1401 154 95 1404 541 384 560 199 1004 356 1431 1361 0 167 1155 424 469 1028 1100 1034 984 988 757 957 1421 235 805 618 1135 1396 616 1421 1310 859 1261 1422 911 1408 1142 1380 1395
916 1564 1549 837 963 1540 293 101 1543 680 522 698 338 1143 495 1570 1499 167 0 1294 563 608 1167 1239 1173 1123 1127 895 818 1560 373 943 757 1273 1535 477 1560 1449 998 1400 1561 1050 1547 1281 1518 1534
585 701 686 1131 632 677 1154 1221 680 1127 824 1146 1249 191 1406 707 637 1155 1294 0 937 890 664 376 670 371 264 705 1112 697 1284 390 1204 67 672 1245 697 586 325 776 698 440 684 778 656 671
818 1206 1192 1043 866 1182 422 489 1186 406 148 425 517 785 674 1212 1142 423 562 937 0 95 809 882 816 766 770 798 1024 1203 553 586 483 916 1177 1011 1202 1092 640 1043 1203 692 1190 924 1161 1176
772 1160 1145 1089 869 1136 468 535 1140 443 116 462 563 739 720 1166 1096 469 608 890 95 0 763 836 770 719 724 844 1069 1157 598 540 520 870 1131 1056 1156 1046 594 997 1157 646 1144 878 1115 1130
791 614 599 1362 863 590 1027 1094 593 1000 697 1019 1122 512 1279 619 549 1028 1167 664 809 763 0 609 109 499 497 936 1343 610 1157 313 1077 643 584 1475 610 555 368 339 610 538 597 220 568 583
530 363 348 1077 578 339 1099 1166 343 1072 769 1091 1194 225 1351 369 299 1100 1239 376 882 836 609 0 615 316 146 651 1058 360 1229 335 1149 356 334 1190 359 248 270 439 360 385 347 563 318 333
798 587 572 1368 869 563 1033 1100 567 1007 703 1025 1128 519 1285 593 523 1034 1173 670 816 770 109 615 0 505 503 942 1349 584 1163 320 1083 650 558 1482 583 529 374 313 584 544 571 194 542 557
441 641 626 987 488 617 983 1050 620 956 653 975 1078 220 1235 647 577 984 1123 371 766 719 499 316 505 0 204 561 968 637 1113 225 1033 351 612 1100 637 526 160 716 638 112 624 613 596 611
418 470 455 965 466 446 987 1054 450 960 657 979 1082 113 1239 476 406 988 1127 264 770 724 497 146 503 204 0 539 946 467 1117 223 1037 244 441 1078 466 356 158 546 467 273 454 611 425 440
302 975 960 708 349 951 939 1006 955 1099 942 1118 1034 554 1191 981 911 940 1079 705 982 1027 936 651 942 561 539 0 689 972 1069 662 1176 685 946 821 971 861 598 1051 972 630 959 1050 930 945
709 1382 1367 72 756 1358 970 891 1362 1131 973 1149 1065 961 1222 1388 1318 957 818 1112 1014 1059 1343 1058 1349 968 946 689 0 1379 1101 1069 1208 1092 1353 368 1378 1267 1004 1458 1379 1037 1366 1457 1337 1352
852 47 224 1398 899 83 1420 1487 77 1394 1090 1412 1515 546 1672 61 108 1421 1560 697 1203 1157 610 360 584 637 467 972 1379 0 1550 656 1470 677 82 1511 49 221 592 355 52 706 65 480 97 81
906 1554 1539 1131 953 1530 284 301 1533 670 513 689 139 1133 155 1560 1490 235 373 1284 553 598 1157 1229 1163 1113 1117 886 1112 1550 0 934 747 1264 1525 822 1550 1439 988 1391 1551 1040 1538 1271 1509 1524
542 660 645 1088 589 636 803 871 639 777 474 795 899 239 1056 666 596 805 943 390 586 540 313 335 320 225 223 662 1069 656 934 0 854 370 631 1202 656 545 94 547 657 294 643 428 615 630
1013 1474 1459 1238 1060 1450 617 684 1453 307 433 132 712 1053 869 1480 1410 618 757 1204 473 518 1077 1149 1083 1033 1037 993 1219 1470 747 854 0 1184 1445 1205 1470 1359 908 1310 1471 960 1457 1191 1429 1444
565 681 666 1111 612 657 1133 1201 660 1107 804 1125 1229 171 1386 687 616 1135 1273 67 916 870 643 356 650 351 244 685 1092 677 1264 370 1184 0 652 1225 677 566 305 756 678 420 664 758 635 651
826 62 199 1372 873 93 1395 1462 92 1368 1065 1387 1490 521 1647 76 83 1396 1535 672 1177 1131 584 334 558 612 441 946 1353 82 1525 631 1445 652 0 1486 64 196 566 330 67 681 80 455 72 87
841 1515 1500 387 888 1491 742 550 1494 1128 971 1147 787 1094 943 1521 1451 616 477 1245 1011 1056 1475 1190 1482 1100 1078 821 368 1511 822 1202 1205 1225 1486 0 1511 1400 1137 1590 1512 1169 1498 1590 1469 1485
851 29 224 1397 898 65 1420 1487 59 1393 1090 1412 1515 546 1672 43 108 1421 1560 697 1202 1156 610 359 583 637 466 971 1378 49 1550 656 1470 677 64 1511 0 221 591 355 34 706 47 480 96 63
740 225 210 1287 788 201 1309 1376 204 1282 979 1301 1404 435 1561 231 160 1310 1449 586 1092 1046 555 248 529 526 356 861 1267 221 1439 545 1359 566 196 1400 221 0 480 300 222 595 208 425 179 194
477 595 580 1024 525 571 858 925 575 831 528 850 953 174 1110 601 531 859 998 325 640 594 368 270 374 160 158 598 1004 592 988 94 908 305 566 1137 591 480 0 601 592 229 579 482 550 565
931 359 344 1477 978 335 1260 1327 338 1234 930 1252 1355 625 1512 365 295 1261 1400 776 1043 997 339 439 313 716 546 1051 1458 355 1391 547 1310 756 330 1590 355 300 601 0 356 771 342 209 314 329
852 32 225 1398 899 68 1421 1488 62 1394 1091 1413 1516 547 1673 46 109 1422 1561 698 1203 1157 610 360 584 638 467 972 1379 52 1551 657 1471 678 67 1512 34 222 592 356 0 707 51 481 98 66
510 710 695 1056 557 686 910 977 689 883 580 902 1005 289 1162 716 646 911 1050 440 692 646 538 385 544 112 273 630 1037 706 1040 294 960 420 681 1169 706 595 229 771 707 0 693 652 665 680
839 45 211 1385 886 81 1407 1474 76 1381 1077 1399 1502 533 1659 59 96 1408 1547 684 1190 1144 597 347 571 624 454 959 1366 65 1538 643 1457 664 80 1498 47 208 579 342 51 693 0 467 84 79
905 484 469 1476 977 460 1141 1208 463 1114 811 1133 1236 627 1393 490 419 1142 1281 778 924 878 220 563 194 613 611 1050 1457 480 1271 428 1191 758 455 1590 480 425 482 209 481 652 467 0 438 453
810 94 182 1356 857 77 1378 1446 80 1352 1049 1370 1474 504 1631 107 67 1380 1518 656 1161 1115 568 318 542 596 425 930 1337 97 1509 615 1429 635 72 1469 96 179 550 314 98 665 84 438 0 71
825 61 197 1371 872 92 1393 1461 91 1367 1064 1385 1489 520 1646 75 82 1395 1534 671 1176 1130 583 333 557 611 440 945 1352 81 1524 630 1444 651 87 1485 63 194 565 329 66 680 79 453 71 0
EOF