NAME : tsp_problem
TYPE : TSP
DIMENSION : 20
EDGE_WEIGHT_TYPE : EXPLICIT
EDGE_WEIGHT_FORMAT : FULL_MATRIX
EDGE_WEIGHT_SECTION
0 930 1002 492 870 585 960 614 922 763 922 926 1332 729 908 756 1083 376 932 392
930 0 1712 1274 1580 383 1671 729 61 599 1632 49 1956 1439 59 1279 1696 988 46 1004
1004 1712 0 672 534 1367 72 1169 1704 1319 312 1709 997 393 1691 697 1263 1043 1715 1059
495 1228 672 0 540 883 631 723 1220 873 592 1225 1003 399 1207 426 1060 534 1231 550
872 1580 534 540 0 1235 493 1037 1573 1187 454 1577 720 248 1559 565 986 911 1583 927
585 383 1367 929 1235 0 1326 457 375 607 1287 380 1611 1095 362 934 1351 644 386 660
963 1671 72 631 493 1326 0 1128 1663 1278 271 1667 956 352 1649 656 1222 1002 1674 1018
585 729 1169 733 1037 457 1128 0 721 225 1089 725 1500 897 707 736 1511 803 732 819
922 61 1704 1266 1573 375 1663 721 0 591 1624 49 1949 1432 58 1272 1688 981 46 997
734 599 1319 883 1187 607 1278 225 591 0 1239 595 1650 1046 577 886 1661 953 602 969
924 1632 312 592 454 1287 271 1089 1624 1239 0 1629 917 313 1611 617 1183 963 1635 979
926 49 1709 1270 1577 380 1667 725 49 595 1629 0 1953 1436 46 1276 1692 985 34 1001
1335 1956 997 1003 720 1611 956 1500 1949 1650 917 1953 0 711 1935 1028 751 1262 1959 1278
732 1439 393 399 248 1095 352 897 1432 1046 313 1436 711 0 1418 424 977 770 1442 787
908 59 1691 1252 1559 362 1649 707 58 577 1611 46 1935 1418 0 1258 1674 967 44 983
759 1279 697 426 565 934 656 736 1272 886 617 1276 1028 424 1258 0 1294 797 1282 814
1083 1696 1263 911 986 1351 1222 1511 1688 1661 1183 1692 751 977 1674 1294 0 1001 1699 1018
376 988 1227 579 1095 644 1185 803 981 953 1146 985 1262 954 967 981 1001 0 991 125
932 46 1715 1277 1583 386 1674 732 46 602 1635 34 1959 1442 44 1282 1699 991 0 1007
392 1004 1243 596 1111 660 1201 819 997 969 1163 1001 1278 970 983 997 1018 125 1007 0
EOF