NAME : tsp_problem
TYPE : TSP
DIMENSION : 48
EDGE_WEIGHT_TYPE : EXPLICIT
EDGE_WEIGHT_FORMAT : FULL_MATRIX
EDGE_WEIGHT_SECTION
0 873 466 779 464 1126 587 756 1151 664 1162 1005 980 1161 72 177 622 1113 1132 1127 616 1138 727 460 1167 393 743 1081 1136 448 881 492 1151 1140 633 882 680 284 1145 630 476 760 329 858 779 1130 805 674
1056 0 1022 1017 1206 1007 1142 636 1032 469 1043 1265 1129 1042 1092 934 860 993 1013 1008 1172 1019 1267 1015 1048 1135 624 962 1016 633 1119 591 1032 1020 1189 1120 918 945 1026 1186 603 641 1071 441 1319 1011 328 574
466 838 0 1077 616 1424 276 1054 1449 718 1461 680 1278 1460 511 344 920 1411 1431 1426 306 1436 403 161 1466 545 1041 1379 1434 413 1179 457 1450 1438 309 1180 978 582 1444 306 442 1059 481 884 455 1428 771 973
779 1017 1077 0 1075 550 1198 562 575 717 586 1616 292 585 770 788 210 536 556 551 1227 561 1338 1071 591 1004 550 505 559 893 193 937 575 563 1244 194 188 624 569 1241 922 567 940 910 1390 554 809 481
464 1023 616 1075 0 1422 737 1051 1447 902 1458 1155 1275 1457 508 342 917 1408 1428 1423 766 1434 877 610 1463 203 1039 1377 1432 598 1177 642 1447 1436 783 1177 975 580 1441 780 626 1056 161 1069 929 1426 955 970
1126 1007 1424 550 1422 0 1545 550 217 941 228 1876 355 227 1117 1136 668 178 198 193 1575 203 1685 1418 233 1351 537 147 201 1240 470 1202 217 205 1592 471 646 971 211 1588 1215 554 1287 912 1737 196 799 487
587 959 276 1198 737 1545 0 1174 1570 838 1581 814 1398 1580 631 465 1040 1531 1551 1546 142 1557 536 281 1586 666 1162 1500 1555 534 1300 578 1570 1559 443 1300 1098 703 1564 440 562 1179 602 1005 589 1549 891 1093
756 636 1054 562 1051 550 1174 0 575 570 586 1506 672 585 747 765 404 536 556 551 1204 561 1314 1048 591 980 47 505 559 870 664 832 575 563 1221 665 463 601 569 1218 844 56 916 542 1367 554 428 117
1151 1032 1449 575 1447 217 1570 575 0 966 44 1901 380 43 1142 1160 693 76 116 69 1599 77 1710 1443 49 1376 562 105 55 1265 495 1227 54 53 1616 496 671 996 62 1613 1240 579 1312 937 1762 79 824 512
671 469 715 746 899 941 835 570 966 0 977 1253 946 976 662 628 588 927 947 942 865 952 975 709 982 828 558 896 950 457 848 501 966 954 882 848 646 516 960 879 486 575 764 233 1028 945 182 508
1162 1043 1461 586 1458 228 1581 586 44 977 0 1912 391 32 1153 1172 704 65 105 58 1611 66 1721 1454 38 1387 573 116 44 1277 507 1238 42 42 1628 507 682 1007 50 1624 1251 590 1323 948 1773 67 835 523
1005 1265 680 1616 1155 1876 814 1506 1901 1256 1912 0 1816 1911 1049 883 1458 1862 1882 1877 844 1888 391 699 1917 1083 1493 1831 1886 952 1718 995 1901 1890 429 1718 1516 1120 1895 582 980 1510 1019 1311 444 1880 1197 1443
980 1129 1278 292 1275 355 1398 672 380 917 391 1816 0 390 971 989 410 342 361 357 1428 367 1538 1271 396 1204 660 310 365 1094 213 1138 381 369 1445 213 388 825 374 1442 1122 677 1140 1035 1591 359 921 610
1161 1042 1460 585 1457 227 1580 585 43 976 32 1911 390 0 1152 1171 703 64 104 57 1610 65 1720 1453 37 1386 572 115 43 1276 506 1237 41 41 1627 506 681 1006 49 1623 1250 589 1322 947 1772 66 834 522
72 917 510 770 510 1117 631 747 1142 655 1153 1049 971 1152 0 224 613 1104 1124 1119 660 1129 771 504 1158 439 734 1072 1127 492 872 536 1143 1131 677 873 671 275 1136 674 520 751 375 849 823 1121 798 665
168 883 476 915 484 1262 597 891 1287 762 1298 1014 1115 1297 193 0 757 1248 1268 1263 626 1274 737 470 1303 413 879 1217 1271 458 1017 502 1287 1276 643 1017 815 419 1281 640 486 896 349 929 789 1266 815 810
622 860 920 210 917 668 1040 404 693 559 704 1458 410 703 613 631 0 654 674 669 1070 680 1180 913 709 846 392 623 677 736 312 780 693 682 1087 312 110 467 687 1084 764 409 782 752 1233 672 652 323
1113 993 1411 536 1408 178 1531 536 76 927 65 1862 342 64 1104 1122 654 0 88 83 1561 93 1671 1404 70 1337 523 67 76 1227 457 1188 74 74 1578 457 632 958 82 1575 1201 540 1273 899 1724 85 785 473
1132 1013 1431 556 1428 198 1551 556 116 947 105 1882 361 104 1124 1142 674 88 0 103 1581 113 1691 1424 110 1357 543 87 111 1247 477 1208 114 113 1598 477 652 977 120 1594 1221 560 1293 918 1744 105 805 493
1127 1008 1426 551 1423 193 1546 551 69 942 58 1877 357 57 1119 1137 669 83 103 0 1576 91 1686 1419 63 1352 538 82 69 1242 472 1203 67 66 1593 472 647 972 75 1589 1216 555 1288 913 1739 92 800 488
616 988 306 1227 766 1575 142 1204 1599 868 1611 844 1428 1610 661 495 1070 1561 1581 1576 0 1586 566 311 1616 695 1192 1529 1584 563 1329 607 1600 1588 473 1330 1128 732 1594 469 592 1209 631 1034 618 1579 921 1123
1138 1019 1436 561 1434 203 1557 561 77 952 66 1888 367 65 1129 1147 680 93 113 91 1586 0 1697 1430 71 1363 549 92 76 1252 482 1214 75 74 1603 483 658 983 83 1600 1227 566 1299 924 1749 100 811 499
727 1099 403 1338 877 1685 536 1314 1710 978 1721 391 1538 1720 771 605 1180 1671 1691 1686 566 1697 0 421 1726 806 1302 1640 1695 674 1440 718 1710 1699 151 1440 1238 842 1704 304 702 1319 742 1145 149 1689 1031 1233
460 832 161 1071 610 1418 281 1048 1443 711 1454 699 1271 1453 505 338 913 1404 1424 1419 311 1430 421 0 1459 539 1035 1373 1428 407 1173 451 1443 1432 328 1174 971 576 1437 325 436 1052 475 878 474 1422 764 966
1167 1048 1466 591 1463 233 1586 591 49 982 38 1917 396 37 1158 1177 709 70 110 63 1616 71 1726 1459 0 1392 578 121 49 1281 511 1243 47 46 1633 512 687 1012 55 1629 1256 595 1328 953 1778 72 840 528
393 952 545 1004 203 1351 666 980 1376 831 1387 1083 1204 1386 437 271 846 1337 1357 1352 695 1363 806 539 1392 0 968 1306 1360 527 1106 571 1376 1365 712 1106 904 508 1370 709 555 985 121 998 858 1355 884 899
743 624 1041 550 1039 537 1162 47 562 558 573 1493 660 572 734 753 392 523 543 538 1192 549 1302 1035 578 968 0 492 547 857 652 819 562 551 1209 652 450 588 556 1205 832 52 904 529 1354 541 416 104
1081 962 1379 505 1377 147 1500 505 105 896 116 1831 310 115 1072 1090 623 67 87 82 1529 92 1640 1373 121 1306 492 0 90 1195 425 1157 106 94 1546 426 601 926 99 1543 1170 509 1242 867 1692 84 754 442
1136 1016 1434 559 1432 201 1555 559 55 950 44 1886 365 43 1127 1145 677 76 111 69 1584 76 1695 1428 49 1360 547 90 0 1250 480 1212 53 52 1601 481 656 981 61 1598 1225 564 1296 922 1747 78 808 497
448 581 413 883 598 1192 534 822 1217 460 1229 952 1083 1228 492 326 725 1179 1199 1194 563 1204 674 407 1233 527 809 1147 1202 0 985 60 1218 1206 580 986 783 564 1212 577 44 826 463 627 726 1196 513 760
881 1119 1179 193 1177 470 1300 664 495 819 507 1718 213 506 872 890 312 457 477 472 1329 482 1440 1173 511 1106 652 425 480 995 0 1039 496 484 1346 36 290 726 490 1343 1024 669 1042 1012 1492 474 911 583
492 625 457 927 642 1236 578 866 1261 504 1272 995 1127 1271 536 370 769 1223 1242 1238 607 1248 718 451 1277 571 853 1191 1246 60 1029 0 1261 1250 624 1029 827 608 1255 621 30 870 507 671 770 1240 557 803
1151 1032 1450 575 1447 217 1570 575 54 966 42 1901 381 41 1143 1161 693 74 114 67 1600 75 1710 1443 47 1376 562 106 53 1266 496 1227 0 51 1617 496 671 996 59 1613 1240 579 1312 937 1763 77 824 512
1140 1020 1438 563 1436 205 1559 563 53 954 42 1890 369 41 1131 1149 682 74 113 66 1588 74 1699 1432 46 1365 551 94 52 1254 484 1216 51 0 1605 485 660 985 59 1602 1229 568 1300 926 1751 76 812 501
633 1005 309 1244 783 1592 443 1221 1616 885 1628 429 1445 1627 678 512 1087 1578 1598 1593 473 1603 151 328 1633 712 1209 1546 1601 580 1346 624 1617 1605 0 1347 1145 749 1611 211 609 1226 648 1051 203 1596 938 1140
882 1120 1180 194 1177 471 1300 665 496 819 507 1718 213 506 873 891 312 457 477 472 1330 483 1440 1174 512 1106 652 426 481 996 36 1040 496 485 1347 0 291 727 490 1344 1024 669 1042 1012 1493 475 912 583
680 918 978 188 975 646 1098 463 671 617 682 1516 388 681 671 689 110 632 652 647 1128 658 1238 971 687 904 450 601 656 794 290 838 671 660 1145 291 0 525 665 1142 822 467 840 810 1291 650 710 381
284 939 582 624 580 971 703 601 996 509 1007 1120 825 1006 275 293 467 958 977 972 732 983 842 576 1012 508 588 926 981 564 726 608 996 985 749 727 525 0 990 746 592 605 444 703 895 975 652 519
1145 1026 1444 569 1441 211 1564 569 62 960 50 1895 374 49 1136 1155 687 82 120 75 1594 83 1704 1437 55 1370 556 99 61 1260 490 1221 59 59 1611 490 665 990 0 1607 1234 573 1306 931 1756 85 818 506
630 1002 306 1241 780 1588 440 1218 1613 881 1624 582 1442 1623 675 508 1084 1575 1594 1589 469 1600 304 325 1629 709 1205 1543 1598 577 1343 621 1613 1602 211 1344 1142 746 1607 0 606 1222 645 1048 357 1592 935 1136
476 610 442 912 626 1221 562 851 1246 489 1257 980 1112 1256 521 355 754 1207 1227 1222 592 1233 702 436 1262 555 838 1176 1231 44 1014 30 1246 1235 609 1014 812 592 1240 606 0 855 491 655 755 1225 542 788
760 641 1059 567 1056 554 1179 56 579 575 590 1510 677 589 751 770 409 540 560 555 1209 566 1319 1052 595 985 52 509 564 874 669 836 579 568 1226 669 467 605 573 1222 849 0 921 546 1371 558 433 121
329 888 481 940 161 1287 602 916 1312 767 1323 1019 1140 1322 373 207 782 1273 1293 1288 631 1299 742 475 1328 121 904 1242 1296 463 1042 507 1312 1300 648 1042 840 444 1306 645 491 921 0 934 794 1291 820 835
864 441 908 923 1093 912 1029 542 937 233 948 1311 1035 947 855 821 765 899 918 913 1058 924 1168 902 953 1022 529 867 922 651 1025 637 937 926 1075 1025 823 709 931 1072 649 546 957 0 1221 916 154 479
779 1151 455 1390 929 1737 589 1367 1762 1030 1773 444 1591 1772 824 657 1233 1724 1744 1739 618 1749 149 474 1778 858 1354 1692 1747 726 1492 770 1763 1751 203 1493 1291 895 1756 357 755 1371 794 1197 0 1741 1084 1285
1130 1011 1428 554 1426 196 1549 554 79 945 67 1880 359 66 1121 1140 672 85 105 92 1579 100 1689 1422 72 1355 541 84 78 1244 474 1206 77 76 1596 475 650 975 85 1592 1219 558 1291 916 1741 0 803 491
813 328 858 809 1042 799 978 428 824 182 835 1197 921 834 805 770 652 785 805 800 1008 811 1118 851 840 971 416 754 808 565 911 523 824 812 1025 912 710 658 818 1021 536 433 907 154 1170 803 0 366
674 574 973 481 970 487 1093 117 512 508 523 1443 610 522 665 684 323 473 493 488 1123 499 1233 966 528 899 104 442 497 789 583 769 512 501 1140 583 381 519 506 1136 782 121 835 479 1285 491 366 0
EOF