NAME : tsp_problem
TYPE : TSP
DIMENSION : 22
EDGE_WEIGHT_TYPE : EXPLICIT
EDGE_WEIGHT_FORMAT : FULL_MATRIX
EDGE_WEIGHT_SECTION
0 74 1699 1635 1687 1252 86 589 514 94 51 46 1030 1567 1599 337 1638 299 915 51 1656 207
74 0 1685 1621 1674 1239 93 576 501 81 62 57 1017 1554 1586 324 1625 286 902 62 1643 194
1699 1685 0 754 482 1082 1699 1675 1282 1687 1721 1728 1100 418 1150 1400 434 1438 1126 1732 451 1704
1635 1621 754 0 299 482 1635 1253 1156 1623 1657 1664 1061 679 529 1336 347 1374 947 1668 329 1640
1687 1674 482 299 0 648 1687 1419 1270 1675 1709 1716 1088 407 695 1388 89 1426 1113 1721 71 1692
1204 1191 1093 482 648 0 1205 860 762 1192 1226 1233 605 961 446 905 696 943 491 1238 678 1209
86 93 1699 1635 1687 1253 0 590 515 95 75 69 1030 1568 1600 338 1639 300 916 74 1657 208
589 576 1675 1253 1419 871 590 0 430 577 611 618 1006 1543 1218 610 1467 645 712 623 1449 594
514 501 1282 1156 1270 773 515 430 0 502 536 543 613 1151 1120 215 1222 253 499 548 1240 519
94 81 1687 1623 1675 1240 95 577 502 0 99 94 1018 1555 1587 326 1627 288 904 99 1645 196
51 62 1721 1657 1709 1274 75 611 536 99 0 34 1052 1589 1621 359 1661 321 937 39 1678 229
46 57 1728 1664 1716 1281 69 618 543 94 34 0 1059 1596 1628 366 1668 328 944 34 1685 236
1030 1017 1100 1244 1088 788 1030 1006 613 1018 1052 1059 0 968 1209 731 1040 769 457 1064 1057 1035
1567 1554 418 679 407 950 1568 1543 1151 1555 1589 1596 968 0 1075 1268 358 1306 994 1601 376 1572
1599 1586 1150 529 695 446 1600 1218 1120 1587 1621 1628 1025 1075 0 1300 743 1338 911 1633 725 1604
337 324 1400 1336 1388 953 338 610 215 326 359 366 731 1268 1300 0 1340 80 616 371 1357 342
1638 1625 434 347 89 696 1639 1467 1222 1627 1661 1668 1040 358 743 1340 0 1378 1066 1672 82 1644
299 286 1438 1374 1426 991 300 645 253 288 321 328 769 1306 1338 80 1378 0 654 333 1395 304
915 902 1126 944 1110 488 916 741 499 904 937 944 457 994 908 616 1066 654 0 949 1083 920
51 62 1732 1668 1721 1286 74 623 548 99 39 34 1064 1601 1633 371 1672 333 949 0 1690 241
1656 1643 451 329 71 678 1657 1449 1240 1645 1678 1685 1057 376 725 1357 82 1395 1083 1690 0 1661
207 194 1704 1640 1692 1257 208 594 519 196 229 236 1035 1572 1604 342 1644 304 920 241 1661 0
EOF