NAME : tsp_problem
TYPE : TSP
DIMENSION : 38
EDGE_WEIGHT_TYPE : EXPLICIT
EDGE_WEIGHT_FORMAT : FULL_MATRIX
EDGE_WEIGHT_SECTION
0 856 984 1587 1017 1490 592 1483 1587 1528 1301 946 583 1515 485 1518 1481 1027 1586 1306 507 1571 554 1581 1577 782 1581 706 565 761 1003 1132 1033 1578 1586 955 883 1049
1039 0 728 974 866 876 986 870 973 915 688 121 901 901 586 905 868 932 973 1050 901 957 948 967 964 794 967 920 959 1261 545 675 286 964 973 130 786 653
984 728 0 788 1377 691 593 684 788 729 502 817 468 716 658 719 682 1443 787 410 513 772 685 781 778 361 782 1321 716 1376 1055 1185 905 779 787 826 267 250
1587 974 788 0 1623 140 1197 134 73 245 321 1064 1072 135 1262 139 132 1689 72 546 1117 57 1289 67 63 965 67 1677 1320 1980 1302 1431 1151 64 72 1073 871 713
1017 866 1377 1623 0 1525 1240 1519 1622 1564 1337 956 1232 1550 859 1554 1517 363 1622 1699 1156 1606 1203 1616 1613 1360 1616 351 1213 691 629 463 1043 1613 1622 965 1352 1302
1490 876 691 140 1525 0 1099 36 140 147 223 966 974 68 1164 71 34 1592 139 449 1019 124 1191 133 130 867 134 1579 1222 1882 1204 1334 1053 131 139 975 773 616
591 802 593 1197 1240 1099 0 1092 1196 1137 910 892 192 1124 431 1127 1091 1250 1195 915 123 1180 137 1190 1187 391 1190 928 326 983 949 1078 979 1187 1195 901 492 658
1483 870 684 134 1519 36 1092 0 133 141 217 959 967 61 1158 65 28 1585 132 442 1013 117 1184 127 124 860 127 1573 1216 1875 1197 1327 1047 124 133 969 767 609
1587 973 788 73 1622 140 1196 133 0 245 320 1063 1071 134 1261 138 131 1689 72 546 1116 56 1288 66 63 964 66 1676 1319 1979 1301 1431 1151 63 72 1072 870 713
1528 915 729 245 1564 147 1137 141 245 0 262 1005 1013 172 1203 176 139 1630 244 487 1058 228 1230 238 235 906 239 1618 1261 1920 1242 1372 1092 235 244 1014 812 654
1301 688 502 321 1337 223 910 217 320 262 0 777 785 248 976 252 215 1403 320 522 830 304 1002 314 311 678 314 1390 1034 1693 1015 1145 865 311 320 786 585 427
1129 121 817 1064 956 966 1076 959 1063 1005 777 0 990 991 675 995 958 1022 1062 1140 991 1047 1038 1057 1054 883 1057 1010 1049 1350 634 764 375 1054 1063 220 875 742
583 794 468 1072 1232 974 192 967 1071 1013 785 884 0 999 423 1003 966 1242 1070 790 112 1055 284 1065 1062 266 1065 920 315 975 940 1070 971 1062 1071 893 368 533
1515 901 716 135 1550 68 1124 61 134 172 248 991 999 0 1189 66 59 1617 134 474 1044 118 1216 128 125 892 128 1604 1247 1907 1229 1359 1078 125 134 1000 798 641
485 457 648 1214 925 1116 432 1110 1213 1155 928 547 423 1141 0 1145 1108 991 1213 970 347 1197 394 1207 1204 555 1207 822 405 877 604 733 634 1204 1213 556 547 713
1518 905 719 139 1554 71 1127 65 138 176 252 995 1003 66 1193 0 63 1620 137 477 1048 122 1220 132 129 896 132 1608 1251 1910 1232 1362 1082 129 138 1004 802 644
1481 868 682 132 1517 34 1091 28 131 139 215 958 966 59 1156 63 0 1583 131 440 1011 115 1183 125 122 859 125 1571 1214 1874 1196 1325 1045 122 131 967 765 607
1027 932 1443 1689 363 1592 1250 1585 1689 1630 1403 1022 1242 1617 926 1620 1583 0 1688 1765 1166 1673 1213 1682 1679 1426 1683 361 1223 701 695 530 1110 1680 1688 1031 1418 1368
1586 973 787 72 1622 139 1195 132 72 244 320 1062 1070 134 1261 137 131 1688 0 545 1115 55 1287 65 62 963 66 1675 1319 1978 1300 1430 1150 62 71 1071 870 712
1306 1050 410 546 1699 449 915 442 546 487 522 1140 790 474 980 477 440 1765 545 0 835 530 1007 539 536 683 540 1643 1038 1698 1378 1507 1227 537 545 1149 589 572
507 718 513 1117 1156 1019 123 1013 1116 1058 830 808 112 1044 347 1048 1011 1166 1115 835 0 1100 215 1110 1107 312 1110 844 240 899 865 994 895 1107 1116 817 413 578
1571 957 772 57 1606 124 1180 117 56 228 304 1047 1055 118 1245 122 115 1673 55 530 1100 0 1272 50 47 948 50 1660 1303 1963 1285 1415 1134 47 56 1056 854 697
529 740 685 1289 1178 1191 137 1184 1288 1230 1002 830 284 1216 369 1220 1183 1188 1287 1007 215 1272 0 1282 1279 483 1282 866 272 921 887 1016 917 1279 1287 839 585 750
1581 967 781 67 1616 133 1190 127 66 238 314 1057 1065 128 1255 132 125 1682 65 539 1110 50 1282 0 57 958 60 1670 1313 1973 1295 1424 1144 57 65 1066 864 706
1577 964 778 63 1613 130 1187 124 63 235 311 1054 1062 125 1252 129 122 1679 62 536 1107 47 1279 57 0 955 57 1667 1310 1970 1292 1421 1141 54 62 1063 861 703
782 787 361 965 1363 867 391 860 964 906 678 877 266 892 588 896 859 1430 963 683 312 948 483 958 955 0 958 1119 515 1174 1042 1172 964 955 963 886 261 426
1581 967 782 67 1616 134 1190 127 66 239 314 1057 1065 128 1255 132 125 1683 66 540 1110 50 1282 60 57 958 0 1670 1313 1973 1295 1425 1145 57 66 1066 864 707
706 920 1321 1677 351 1579 929 1573 1676 1618 1390 1010 920 1604 822 1608 1571 361 1675 1643 844 1660 891 1670 1667 1119 1670 0 902 380 683 517 1097 1667 1676 1019 1221 1355
565 776 716 1320 1213 1222 324 1216 1319 1261 1034 865 315 1247 405 1251 1214 1223 1319 1038 240 1303 286 1313 1310 515 1313 902 0 957 922 1052 953 1310 1319 874 616 781
761 1248 1376 1980 691 1882 984 1875 1979 1920 1693 1338 975 1907 877 1910 1874 701 1978 1698 899 1963 946 1973 1970 1174 1973 380 957 0 1023 858 1425 1970 1978 1347 1275 1441
992 545 1055 1302 629 1204 938 1197 1301 1242 1015 634 929 1229 538 1232 1196 695 1300 1378 854 1285 900 1295 1292 1039 1295 683 911 1023 0 437 722 1292 1300 644 1031 980
1121 675 1185 1431 463 1334 1068 1327 1431 1372 1145 764 1059 1359 668 1362 1325 530 1430 1507 983 1415 1030 1424 1421 1168 1425 517 1041 858 437 0 852 1422 1430 773 1161 1110
1217 286 905 1151 1043 1053 1163 1047 1151 1092 865 375 1078 1078 763 1082 1045 1110 1150 1227 1079 1134 1125 1144 1141 971 1145 1097 1136 1438 722 852 0 1141 1150 384 963 830
1578 964 779 64 1613 131 1187 124 63 235 311 1054 1062 125 1252 129 122 1680 62 537 1107 47 1279 57 54 955 57 1667 1310 1970 1292 1422 1141 0 63 1063 861 704
1586 973 787 72 1622 139 1195 133 72 244 320 1063 1071 134 1261 138 131 1688 71 545 1116 56 1287 65 62 963 66 1676 1319 1978 1300 1430 1150 63 0 1072 870 712
1138 130 826 1073 965 975 1085 969 1072 1014 786 220 999 1000 685 1004 967 1031 1071 1149 1000 1056 1047 1066 1063 892 1066 1019 1058 1359 644 773 384 1063 1072 0 884 751
851 724 204 808 1300 710 460 704 807 749 521 814 335 735 525 739 702 1366 806 526 380 791 552 801 798 228 801 1188 583 1243 979 1108 901 798 807 823 0 269
1049 653 250 713 1302 616 658 609 713 654 427 742 533 641 723 644 607 1368 712 572 578 697 750 706 703 426 707 1355 781 1441 980 1110 830 704 712 751 332 0
EOF
