NAME : tsp_problem
TYPE : TSP
DIMENSION : 56
EDGE_WEIGHT_TYPE : EXPLICIT
EDGE_WEIGHT_FORMAT : FULL_MATRIX
EDGE_WEIGHT_SECTION
0 1414 116 771 1417 443 693 798 945 1410 592 1426 1024 1397 1062 445 1426 1365 1149 603 1442 1431 790 1411 330 966 1437 213 507 1425 900 740 237 622 968 886 903 578 1153 472 429 1162 1422 1416 1439 860 1426 333 612 943 1403 1447 292 1399 1417 582
1414 0 1409 964 209 1273 1913 1548 664 93 1593 82 544 89 390 1205 54 91 464 1823 58 222 982 69 1636 597 64 1506 1337 59 707 933 1530 1452 1718 765 710 1407 468 1302 1219 290 64 80 50 1053 218 1148 983 609 91 58 1222 94 209 1412
116 1409 0 766 1412 439 701 806 940 1405 600 1421 1019 1392 1057 440 1421 1360 1144 612 1437 1426 785 1406 338 961 1432 116 502 1420 895 735 140 618 977 881 898 573 1148 467 424 1157 1417 1411 1434 855 1421 328 607 938 1398 1442 287 1394 1412 577
954 964 949 0 967 1001 1245 880 609 960 924 976 574 946 611 536 976 915 1056 1155 992 980 128 961 1177 542 987 1047 1064 975 807 79 1071 1180 1050 793 810 1135 1060 1030 551 712 972 966 989 276 976 890 509 637 953 997 689 949 967 1139
1417 209 1412 967 0 1276 1916 1551 667 205 1596 221 547 191 393 1208 221 160 467 1826 237 87 985 206 1639 600 232 1510 1340 220 710 936 1534 1455 1721 769 713 1411 471 1305 1222 293 217 211 234 1056 82 1152 986 612 198 242 1225 194 73 1415
443 1273 439 818 1276 0 1029 1134 804 1269 927 1285 883 1256 921 491 1285 1225 1008 939 1301 1290 836 1270 666 826 1297 536 178 1284 759 786 560 254 1304 745 762 266 1012 156 475 1022 1281 1275 1298 907 1285 192 658 802 1262 1306 338 1258 1276 253
693 1913 701 1245 1916 1029 0 554 1531 1909 347 1925 1523 1895 1561 1030 1925 1864 1734 151 1941 1929 1263 1910 496 1491 1936 799 1092 1924 1485 1213 823 1208 724 1471 1488 1163 1738 1058 1014 1661 1921 1915 1938 1333 1925 918 1197 1528 1902 1946 877 1898 1916 1167
798 1548 806 880 1551 1134 554 0 1193 1544 234 1560 1158 1530 1196 745 1560 1499 1640 464 1576 1565 898 1545 602 1127 1571 904 1198 1559 1392 849 928 1313 208 1377 1394 1268 1644 1163 759 1296 1556 1550 1573 969 1560 1024 1094 1221 1537 1581 898 1533 1551 1273
945 664 940 609 667 804 1531 1193 0 660 1238 676 274 646 312 827 676 615 653 1441 692 680 628 661 1167 110 687 1038 868 675 405 578 1061 983 1364 390 407 939 657 833 811 412 672 666 689 698 676 680 514 234 653 697 753 649 667 943
1410 93 1405 960 205 1269 1909 1544 660 0 1589 99 540 88 386 1201 72 87 460 1819 76 218 978 86 1632 593 82 1503 1333 76 703 929 1527 1448 1714 762 706 1404 464 1298 1215 286 81 97 68 1049 214 1145 979 605 94 76 1218 90 205 1408
592 1593 600 924 1596 927 347 234 1238 1589 0 1605 1203 1575 1240 790 1605 1544 1633 258 1621 1609 943 1590 395 1171 1616 697 991 1604 1384 893 721 1106 404 1370 1387 1062 1637 956 804 1341 1601 1595 1618 1013 1605 817 1096 1266 1582 1626 776 1578 1596 1066
1426 82 1421 976 221 1285 1925 1560 676 99 1605 0 556 95 402 1217 60 103 476 1835 64 234 994 75 1648 609 70 1518 1349 65 719 945 1542 1464 1730 777 722 1419 480 1314 1231 302 70 86 56 1065 230 1160 995 621 97 64 1234 106 221 1424
1024 544 1019 574 547 883 1523 1158 274 540 1203 556 0 526 192 815 556 495 638 1433 572 560 592 541 1246 207 567 1117 947 555 390 543 1140 1062 1328 375 392 1018 642 912 829 292 552 546 569 663 556 759 593 219 533 577 832 529 547 1022
1397 89 1392 946 191 1256 1895 1530 646 88 1575 95 526 0 373 1187 67 73 446 1806 71 205 965 82 1619 580 78 1489 1319 72 689 915 1513 1435 1701 748 692 1390 451 1285 1201 273 77 93 64 1035 200 1131 965 591 80 72 1204 77 191 1394
1062 390 1057 611 393 921 1561 1196 312 386 1240 402 192 373 0 852 402 342 608 1471 418 407 630 387 1284 245 413 1154 985 401 427 580 1178 1100 1366 413 430 1055 612 950 867 138 398 392 415 700 402 796 630 257 379 423 869 375 393 1059
445 1248 440 580 1252 491 1030 983 817 1245 929 1260 858 1231 896 0 1260 1200 1021 941 1277 1265 598 1245 667 827 1272 537 555 1259 772 549 561 670 1153 758 775 626 1025 520 32 997 1256 1250 1273 669 1260 381 421 815 1237 1282 179 1233 1251 630
1426 54 1421 976 221 1285 1925 1560 676 72 1605 60 556 67 402 1217 0 103 476 1835 36 234 994 47 1648 609 43 1518 1349 37 719 945 1542 1464 1730 777 722 1419 480 1314 1231 302 42 58 29 1065 230 1160 994 621 69 37 1234 98 221 1424
1365 91 1360 915 160 1225 1864 1499 615 87 1544 103 495 73 342 1156 103 0 415 1775 119 173 934 88 1588 549 114 1458 1288 102 658 884 1482 1404 1670 717 661 1359 420 1253 1170 242 99 93 116 1004 169 1100 934 560 80 124 1173 76 160 1363
1149 464 1144 1056 467 1008 1734 1640 653 460 1633 476 638 446 608 1031 476 415 0 1644 492 480 1074 461 1371 586 487 1241 1071 475 330 1025 1265 1187 1810 412 333 1142 42 1037 1015 508 472 466 489 1145 476 883 717 557 453 497 956 449 467 1146
603 1823 612 1155 1826 939 151 464 1441 1819 258 1835 1433 1806 1471 941 1835 1775 1644 0 1851 1840 1173 1820 407 1402 1847 709 1003 1834 1396 1124 733 1118 635 1382 1399 1073 1649 968 925 1572 1831 1825 1848 1244 1835 829 1108 1439 1812 1856 788 1808 1826 1078
1442 58 1437 992 237 1301 1941 1576 692 76 1621 64 572 71 418 1233 36 119 492 1851 0 250 1010 51 1664 625 47 1535 1365 41 735 961 1559 1480 1746 794 738 1436 496 1330 1247 318 46 62 33 1081 246 1177 1011 637 73 41 1250 102 237 1440
1431 222 1426 980 87 1290 1929 1565 680 218 1609 234 560 205 407 1221 234 173 480 1840 250 0 999 219 1653 614 245 1523 1353 233 723 949 1547 1469 1735 782 726 1424 485 1319 1235 307 230 224 247 1069 88 1165 999 625 211 255 1238 207 81 1428
973 982 968 128 985 1019 1263 898 628 978 943 994 592 965 630 555 994 934 1074 1173 1010 999 0 979 1195 561 1006 1065 1083 993 826 97 1089 1198 1068 812 829 1154 1079 1048 569 731 990 984 1007 294 994 909 528 655 971 1015 707 967 985 1158
1411 69 1406 961 206 1270 1910 1545 661 86 1590 75 541 82 387 1202 47 88 461 1820 51 219 979 0 1633 594 57 1504 1334 52 704 930 1528 1449 1715 762 707 1405 465 1299 1216 287 57 73 43 1050 215 1146 980 606 84 51 1219 91 206 1409
330 1636 338 993 1639 666 496 602 1167 1632 395 1648 1246 1619 1284 667 1648 1588 1371 407 1664 1653 1012 1633 0 1189 1660 435 729 1647 1122 962 459 845 772 1108 1125 800 1375 694 651 1385 1644 1638 1661 1082 1648 555 834 1165 1625 1669 514 1621 1639 804
966 597 961 542 600 826 1491 1127 110 593 1171 609 207 580 245 783 609 549 586 1402 625 614 561 594 1189 0 620 1059 889 608 338 511 1083 1005 1297 324 341 960 591 854 797 345 605 599 622 631 609 701 535 167 586 630 774 582 600 964
1437 64 1432 987 232 1297 1936 1571 687 82 1616 70 567 78 413 1228 43 114 487 1847 47 245 1006 57 1660 620 0 1530 1360 47 730 956 1554 1476 1742 789 733 1431 491 1325 1242 313 52 68 39 1076 241 1172 1006 632 79 47 1245 108 232 1435
213 1506 116 864 1510 536 799 904 1038 1503 697 1518 1117 1489 1154 537 1518 1458 1241 709 1535 1523 882 1504 435 1059 1530 0 599 1518 992 832 140 715 1074 978 995 670 1245 565 521 1255 1514 1508 1532 953 1519 425 704 1035 1495 1540 384 1492 1510 674
507 1337 502 881 1340 178 1092 1198 868 1333 991 1349 947 1319 985 555 1349 1288 1071 1003 1365 1353 900 1334 729 889 1360 599 0 1348 823 850 623 203 1368 809 826 258 1076 219 539 1085 1345 1339 1362 970 1349 256 722 866 1326 1370 402 1322 1340 165
1425 59 1420 975 220 1284 1924 1559 675 76 1604 65 555 72 401 1216 37 102 475 1834 41 233 993 52 1647 608 47 1518 1348 0 718 944 1542 1463 1729 777 721 1419 479 1313 1230 301 47 63 33 1064 229 1160 994 620 74 41 1233 102 220 1423
900 707 895 807 710 759 1485 1392 405 703 1384 719 390 689 427 782 719 658 330 1396 735 723 826 704 1122 338 730 992 823 718 0 776 1016 938 1562 166 34 893 334 788 766 528 715 709 732 896 719 634 468 308 696 740 708 692 710 897
923 933 918 79 936 970 1213 849 578 929 893 945 543 915 580 505 945 884 1025 1124 961 949 97 930 1146 511 956 1016 1033 944 776 0 1040 1149 1019 762 779 1104 1029 999 519 681 941 935 958 245 945 859 478 606 922 966 658 918 936 1108
237 1530 140 888 1534 560 823 928 1061 1527 721 1542 1140 1513 1178 561 1542 1482 1265 733 1559 1547 906 1528 459 1083 1554 140 623 1542 1016 856 0 739 1098 1002 1019 694 1269 589 545 1279 1538 1532 1556 977 1543 449 728 1059 1519 1564 408 1516 1534 698
622 1452 618 997 1455 254 1208 1313 983 1448 1106 1464 1062 1435 1100 670 1464 1404 1187 1118 1480 1469 1015 1449 845 1005 1476 715 203 1463 938 965 739 0 1483 924 941 230 1191 304 654 1201 1460 1454 1477 1086 1464 371 837 981 1441 1485 517 1437 1455 137
968 1718 977 1050 1721 1304 724 208 1364 1714 404 1730 1328 1701 1366 915 1730 1670 1810 635 1746 1735 1068 1715 772 1297 1742 1074 1368 1729 1562 1019 1098 1483 0 1548 1565 1439 1815 1333 930 1467 1726 1720 1743 1139 1730 1194 1264 1391 1707 1751 1068 1703 1721 1443
886 765 881 793 769 745 1471 1377 390 762 1370 777 375 748 413 768 777 717 412 1382 794 782 812 762 1108 324 789 978 809 777 166 762 1002 924 1548 0 169 879 417 774 752 514 773 767 791 882 777 620 454 294 754 799 694 751 768 883
903 710 898 810 713 762 1488 1394 407 706 1387 722 392 692 430 785 722 661 333 1399 738 726 829 707 1125 341 733 995 826 721 34 779 1019 941 1565 169 0 896 337 791 769 531 718 712 735 899 722 637 471 311 699 743 711 695 713 900
578 1407 573 952 1411 266 1163 1268 939 1404 1062 1419 1018 1390 1055 626 1419 1359 1142 1073 1436 1424 970 1405 800 960 1431 670 258 1419 893 921 694 230 1439 879 896 0 1146 135 609 1156 1415 1409 1433 1041 1420 326 793 936 1396 1441 472 1393 1411 150
1153 468 1148 1060 471 1012 1738 1644 657 464 1637 480 642 451 612 1035 480 420 42 1649 496 485 1079 465 1375 591 491 1245 1076 479 334 1029 1269 1191 1815 417 337 1146 0 1041 1019 512 476 470 493 1149 480 887 721 561 457 501 961 453 471 1150
472 1302 467 846 1305 156 1058 1163 833 1298 956 1314 912 1285 950 520 1314 1253 1037 968 1330 1319 865 1299 694 854 1325 565 219 1313 788 815 589 304 1333 774 791 135 1041 0 504 1050 1310 1304 1327 935 1314 221 687 831 1291 1335 367 1287 1305 227
429 1232 424 564 1235 475 1014 967 801 1228 913 1244 842 1215 880 32 1244 1184 1004 925 1260 1249 582 1229 651 811 1256 521 539 1243 756 533 545 654 1137 742 759 609 1009 504 0 981 1240 1234 1257 653 1244 365 405 799 1221 1265 163 1217 1235 614
1162 290 1157 712 293 1022 1661 1296 412 286 1341 302 292 273 138 953 302 242 508 1572 318 307 731 287 1385 345 313 1255 1085 301 528 681 1279 1201 1467 514 531 1156 512 1050 967 0 298 292 315 801 302 897 731 357 279 323 970 275 293 1160
1422 64 1417 972 217 1281 1921 1556 672 81 1601 70 552 77 398 1213 42 99 472 1831 46 230 990 57 1644 605 52 1514 1345 47 715 941 1538 1460 1726 773 718 1415 476 1310 1227 298 0 68 38 1061 226 1156 990 617 79 46 1230 102 217 1420
1416 80 1411 966 211 1275 1915 1550 666 97 1595 86 546 93 392 1207 58 93 466 1825 62 224 984 73 1638 599 68 1508 1339 63 709 935 1532 1454 1720 767 712 1409 470 1304 1221 292 68 0 54 1055 220 1150 985 611 95 62 1224 96 211 1414
1439 50 1434 989 234 1298 1938 1573 689 68 1618 56 569 64 415 1230 29 116 489 1848 33 247 1007 43 1661 622 39 1532 1362 33 732 958 1556 1477 1743 791 735 1433 493 1327 1244 315 38 54 0 1078 243 1174 1008 634 65 33 1247 94 234 1437
1043 1053 1038 276 1056 1090 1333 969 698 1049 1013 1065 663 1035 700 625 1065 1004 1145 1244 1081 1069 294 1050 1266 631 1076 1136 1153 1064 896 245 1160 1269 1139 882 899 1224 1149 1119 639 801 1061 1055 1078 0 1065 979 598 726 1042 1086 778 1038 1056 1228
1426 218 1421 976 82 1285 1925 1560 676 214 1605 230 556 200 402 1217 230 169 476 1835 246 88 994 215 1648 609 241 1519 1349 229 719 945 1543 1464 1730 777 722 1420 480 1314 1231 302 226 220 243 1065 0 1161 995 621 207 251 1234 203 76 1424
464 1273 459 838 1277 333 1049 1154 805 1270 948 1285 884 1256 921 512 1285 1225 1008 959 1302 1290 856 1271 686 826 1297 556 397 1285 759 807 580 512 1325 745 762 468 1012 362 495 1022 1281 1275 1299 927 1286 0 679 802 1262 1307 358 1259 1277 472
609 1012 604 509 1015 656 1195 1084 543 1008 1093 1024 622 994 659 418 1024 963 746 1105 1040 1028 528 1009 832 564 1035 702 719 1023 497 478 726 835 1254 483 500 790 750 685 402 760 1020 1014 1037 598 1024 545 0 541 1001 1045 344 997 1015 794
943 609 938 637 612 802 1528 1221 234 605 1266 621 219 591 257 825 621 560 557 1439 637 625 655 606 1165 167 632 1035 866 620 308 606 1059 981 1391 294 311 936 561 831 809 357 617 611 634 726 621 677 512 0 598 642 751 594 612 941
1403 91 1398 953 198 1262 1902 1537 653 94 1582 97 533 80 379 1194 69 80 453 1812 73 211 971 84 1625 586 79 1495 1326 74 696 922 1519 1441 1707 754 699 1396 457 1291 1208 279 79 95 65 1042 207 1137 972 598 0 73 1211 83 198 1401
1447 58 1442 997 242 1306 1946 1581 697 76 1626 64 577 72 423 1238 37 124 497 1856 41 255 1015 51 1669 630 47 1540 1370 41 740 966 1564 1485 1751 799 743 1441 501 1335 1252 323 46 62 33 1086 251 1182 1016 642 73 0 1255 102 242 1445
292 1174 287 505 1177 338 877 909 742 1170 776 1186 784 1156 821 179 1186 1125 946 788 1202 1190 524 1171 514 752 1197 384 402 1185 697 474 408 517 1079 683 700 472 950 367 163 922 1182 1176 1199 594 1186 228 346 740 1163 1207 0 1159 1177 477
1399 94 1394 949 194 1258 1898 1533 649 90 1578 106 529 77 375 1190 98 76 449 1808 102 207 967 91 1621 582 108 1492 1322 102 692 918 1516 1437 1703 751 695 1393 453 1287 1204 275 102 96 94 1038 203 1134 968 594 83 102 1207 0 194 1397
1417 209 1412 967 73 1276 1916 1551 667 205 1596 221 547 191 393 1208 221 160 467 1826 237 81 985 206 1639 600 232 1510 1340 220 710 936 1534 1455 1721 768 713 1411 471 1305 1222 293 217 211 234 1056 76 1152 986 612 198 242 1225 194 0 1415
582 1412 577 956 1415 253 1167 1273 943 1408 1066 1424 1022 1394 1059 630 1424 1363 1146 1078 1440 1428 974 1409 804 964 1435 674 165 1423 897 925 698 137 1443 883 900 150 1150 227 614 1160 1420 1414 1437 1045 1424 331 797 941 1401 1445 477 1397 1415 0
EOF