NAME : tsp_problem
TYPE : TSP
DIMENSION : 88
EDGE_WEIGHT_TYPE : EXPLICIT
EDGE_WEIGHT_FORMAT : FULL_MATRIX
EDGE_WEIGHT_SECTION
0 577 214 902 1504 581 1532 54 61 45 727 34 1272 38 690 30 409 1547 580 681 1820 393 215 1406 567 1125 1682 616 1521 1617 1611 632 1438 65 1035 1030 593 1742 596 1688 723 21 48 50 42 37 1249 616 1109 733 580 689 67 585 1551 1251 41 1246 1005 1625 602 225 35 64 744 1530 476 230 28 515 239 697 1241 1017 732 1530 687 634 485 1257 1060 1237 766 1213 89 21 823 580
577 0 537 797 1123 44 1150 545 548 550 235 563 890 561 197 575 589 1165 104 189 1438 606 538 1024 545 743 1475 489 1139 1236 1229 442 1057 550 1011 1006 97 1360 491 1306 341 574 554 563 569 578 867 120 727 240 269 196 556 563 1170 869 564 864 747 1243 106 549 578 547 254 1148 518 553 579 204 563 204 859 993 437 1149 194 500 174 1233 802 855 384 832 522 572 450 505
214 537 0 862 1464 541 1492 181 184 186 687 199 1232 198 650 211 369 1507 540 641 1780 353 55 1366 527 1085 1642 576 1481 1577 1571 592 1398 186 995 990 553 1702 556 1648 683 211 191 200 206 214 1209 576 1069 693 540 649 192 545 1511 1211 201 1206 965 1585 562 56 215 184 704 1490 436 61 216 475 70 657 1201 977 692 1491 647 594 445 1217 1020 1197 726 1173 159 209 783 540
902 826 862 0 848 830 875 870 873 875 666 888 542 886 743 900 532 890 849 734 1163 548 864 750 488 722 1045 452 864 961 954 550 782 875 398 393 812 1085 431 1031 514 900 880 889 895 903 780 802 707 672 1011 742 881 506 895 521 890 516 264 968 788 874 904 873 610 874 460 879 904 946 888 670 772 380 567 874 740 553 915 620 318 507 472 744 848 898 579 415
1504 1123 1464 850 0 1126 281 1472 1475 1477 963 1490 332 1488 1040 1502 1133 296 1145 1031 424 1150 1466 167 1089 584 460 986 270 366 360 986 187 1477 885 880 1108 346 1029 436 811 1502 1482 1491 1497 1505 461 1099 423 968 1307 1038 1483 1107 300 353 1492 358 800 373 1085 1476 1505 1474 907 279 1062 1481 1506 1242 1490 966 453 867 863 279 1036 1044 1212 926 855 428 769 426 1449 1500 876 1042
581 44 541 801 1126 0 1154 548 551 553 238 566 894 564 201 578 593 1169 107 192 1442 609 542 1028 549 746 1478 493 1143 1239 1233 445 1060 553 1015 1010 100 1364 495 1309 345 578 558 567 573 581 871 123 731 244 272 200 559 567 1173 873 568 868 750 1246 110 552 582 551 257 1152 521 557 582 208 566 208 863 997 441 1152 198 503 177 1237 805 859 388 835 526 576 453 509
1532 1150 1492 878 281 1154 0 1499 1502 1505 990 1517 359 1516 1067 1530 1161 212 1173 1058 596 1177 1493 194 1117 611 633 1014 70 104 98 1013 112 1504 912 907 1136 518 1057 175 838 1529 1509 1518 1524 1533 489 1126 451 996 1335 1066 1510 1135 213 380 1519 385 827 169 1112 1504 1533 1502 934 107 1090 1508 1534 1270 1517 994 481 895 891 117 1064 1072 1239 953 882 455 796 453 1477 1527 903 1070
54 545 181 870 1472 548 1499 0 91 75 695 64 1240 68 658 61 376 1514 548 649 1787 360 183 1374 535 1092 1650 583 1488 1585 1578 599 1406 95 1003 998 560 1710 564 1655 690 51 79 80 72 67 1216 583 1077 700 548 656 97 553 1519 1219 71 1213 973 1592 570 193 65 94 712 1498 443 198 58 483 207 664 1209 985 699 1498 655 602 453 1225 1028 1205 733 1181 70 51 791 548
61 548 184 873 1475 551 1502 91 0 82 698 71 1243 75 661 68 379 1517 551 652 1790 363 186 1377 538 1095 1652 586 1491 1588 1581 602 1409 100 1006 1001 563 1712 567 1658 693 58 86 87 79 74 1219 586 1080 703 551 659 104 556 1522 1222 78 1216 976 1595 573 196 72 98 715 1501 446 201 65 486 210 667 1212 988 702 1501 657 605 456 1228 1031 1208 736 1184 73 58 794 551
45 550 186 875 1477 553 1505 75 82 0 700 55 1245 59 663 51 381 1520 553 654 1792 365 188 1379 540 1097 1655 589 1494 1590 1584 605 1411 86 1008 1003 566 1715 569 1660 696 42 69 71 63 58 1222 589 1082 706 553 661 88 558 1524 1224 62 1219 978 1597 575 198 56 85 717 1503 449 203 49 488 212 669 1214 990 704 1503 660 607 458 1230 1033 1210 739 1186 75 42 796 553
727 235 687 637 963 238 990 695 698 700 0 713 731 711 152 725 429 1005 258 143 1278 446 689 865 385 583 1315 329 979 1076 1069 282 897 700 852 846 220 1201 331 1146 181 725 705 714 720 728 707 211 568 43 419 150 706 403 1010 710 715 704 587 1083 197 699 729 698 96 989 358 704 729 354 713 59 700 834 278 989 149 340 324 1074 642 696 224 672 673 723 290 346
34 563 199 888 1490 566 1517 64 71 55 713 0 1258 48 676 41 394 1533 566 667 1805 378 201 1392 553 1110 1668 602 1506 1603 1596 618 1424 75 1021 1016 579 1728 582 1673 708 31 59 60 52 48 1234 602 1095 719 566 674 77 571 1537 1237 51 1231 991 1610 588 211 45 74 730 1516 462 216 38 501 225 682 1227 1003 717 1516 673 620 471 1243 1046 1223 752 1199 88 31 809 566
1224 880 1184 545 332 884 359 1192 1195 1197 720 1210 0 1208 797 1222 853 374 903 788 647 870 1186 233 809 386 684 744 348 445 438 743 266 1197 579 574 866 569 753 515 568 1221 1202 1210 1217 1225 263 856 225 726 1065 796 1203 827 379 53 1212 52 494 452 842 1196 1225 1194 664 357 782 1201 1226 1000 1210 724 255 561 621 358 794 802 969 620 549 122 526 228 1169 1219 633 737
38 561 198 886 1488 564 1516 68 75 59 711 48 1256 0 674 44 393 1531 564 665 1804 377 199 1390 551 1108 1666 600 1505 1601 1595 616 1422 79 1019 1014 577 1726 580 1671 707 34 62 64 55 51 1233 600 1093 717 564 673 81 569 1535 1235 54 1230 989 1608 586 209 49 77 728 1514 460 214 42 499 223 681 1225 1001 716 1514 671 618 469 1241 1044 1221 750 1197 86 35 807 564
690 197 650 714 1040 201 1067 658 661 663 152 676 807 674 0 688 506 1082 220 35 1355 523 652 941 462 660 1392 406 1056 1153 1146 359 974 663 928 923 183 1277 408 1223 258 687 668 676 683 691 784 173 644 157 382 42 669 480 1087 786 678 781 664 1160 160 662 691 660 171 1065 435 667 692 317 676 121 776 910 354 1066 41 417 287 1150 719 773 301 749 635 685 367 422
30 575 211 900 1502 578 1530 61 68 51 725 41 1270 44 688 0 407 1545 578 679 1817 390 213 1404 565 1122 1680 614 1519 1615 1609 630 1436 71 1033 1028 591 1740 594 1685 721 27 55 56 48 44 1247 614 1107 731 578 687 73 583 1549 1249 47 1244 1003 1622 600 223 41 70 742 1528 474 228 34 513 237 695 1239 1015 730 1528 685 632 483 1255 1058 1235 764 1211 95 27 821 578
409 589 369 532 1133 593 1161 376 379 381 429 394 901 393 506 407 0 1176 612 497 1449 103 370 1035 196 754 1311 245 1150 1246 1240 261 1068 381 665 659 575 1371 225 1317 352 406 386 395 401 410 878 565 738 435 694 505 387 214 1181 880 396 875 634 1254 551 381 410 379 373 1159 105 385 411 630 394 433 870 647 361 1160 503 263 599 887 689 866 395 843 354 404 453 209
1547 1165 1507 893 296 1169 212 1514 1517 1520 1005 1533 374 1531 1082 1545 1176 0 1188 1073 611 1192 1508 209 1132 626 648 1029 202 162 166 1029 186 1519 928 922 1151 533 1072 268 853 1544 1524 1533 1539 1548 504 1141 466 1011 1350 1081 1526 1150 299 395 1534 401 843 96 1128 1519 1548 1517 949 225 1105 1523 1549 1285 1532 1009 496 910 906 115 1079 1087 1254 968 897 471 811 468 1492 1542 919 1085
580 104 540 820 1145 107 1173 548 551 553 258 566 913 564 220 578 612 1188 0 211 1461 628 542 1047 568 766 1497 512 1162 1258 1252 464 1079 553 1034 1029 120 1383 514 1329 364 577 558 567 573 581 890 143 750 263 272 219 559 586 1193 892 568 887 769 1266 129 552 581 550 276 1171 540 557 582 207 566 227 882 1016 460 1172 217 523 177 1256 824 878 407 854 525 576 473 528
681 189 641 705 1031 192 1058 649 652 654 143 667 799 665 35 679 497 1073 211 0 1346 514 643 933 453 651 1383 397 1047 1144 1137 350 965 654 920 914 174 1268 399 1214 249 679 659 668 674 682 775 165 636 148 373 33 660 471 1078 778 669 772 655 1151 151 653 683 651 162 1057 426 658 683 308 667 112 768 902 346 1057 32 408 278 1142 710 764 292 740 626 677 358 414
1820 1438 1780 1166 424 1442 596 1787 1790 1792 1278 1805 647 1804 1355 1817 1449 611 1461 1346 0 1465 1781 482 1405 899 202 1302 585 681 675 1301 503 1792 1200 1195 1424 243 1345 752 1126 1817 1797 1806 1812 1820 777 1414 738 1284 1622 1353 1798 1423 616 668 1807 673 1115 689 1400 1791 1821 1790 1222 594 1377 1796 1822 1558 1805 1282 769 1182 1179 595 1352 1360 1527 870 1170 743 1084 741 1765 1815 1191 1358
393 606 353 548 1150 609 1177 360 363 365 446 378 918 377 523 390 103 1192 628 514 1465 0 354 1052 213 770 1328 261 1166 1263 1256 277 1084 365 681 676 591 1388 242 1333 368 390 370 379 385 393 894 582 755 451 678 521 371 231 1197 897 380 891 651 1270 568 364 394 363 390 1176 121 369 395 614 378 449 887 663 377 1176 519 280 583 903 706 883 411 859 338 388 469 226
215 538 55 864 1466 542 1493 183 186 188 689 201 1234 199 652 213 370 1508 542 643 1781 354 0 1368 529 1086 1643 577 1482 1579 1572 593 1400 188 997 992 554 1703 558 1649 684 212 193 201 208 216 1210 577 1071 694 542 650 194 547 1513 1213 202 1207 967 1586 564 67 216 185 706 1492 437 72 217 477 81 658 1202 979 693 1492 648 596 447 1219 1022 1199 727 1175 160 210 785 542
1406 1024 1366 752 167 1028 194 1374 1377 1379 865 1392 233 1390 941 1404 1035 209 1047 933 482 1052 1368 0 991 485 519 888 183 280 273 888 101 1379 787 782 1010 404 931 350 712 1403 1383 1392 1399 1407 363 1000 325 870 1209 940 1385 1009 214 254 1393 260 702 287 987 1378 1407 1376 808 192 964 1383 1408 1144 1392 868 355 769 765 193 938 946 1114 828 757 330 670 327 1351 1401 778 944
567 545 527 488 1089 549 1117 535 538 540 385 553 857 551 462 565 196 1132 568 453 1405 213 529 991 0 710 1267 201 1106 1202 1196 217 1023 540 620 615 531 1327 181 1273 308 564 545 553 560 568 834 521 694 391 730 461 546 49 1137 836 554 831 590 1210 507 539 568 537 329 1115 125 544 569 665 553 389 826 603 317 1116 459 219 634 842 645 822 351 798 512 562 408 165
1125 743 1085 716 583 746 611 1092 1095 1097 583 1110 385 1108 660 1122 754 626 766 651 899 770 1086 485 710 0 935 607 600 696 690 606 517 1097 939 934 728 821 650 766 431 1122 1102 1111 1117 1125 330 719 190 588 927 658 1103 728 630 406 1112 412 665 703 705 1096 1126 1095 527 609 682 1101 1126 862 1110 587 322 921 484 609 657 664 832 980 720 482 389 294 1070 1120 496 664
1682 1475 1642 1045 460 1478 633 1650 1652 1655 1315 1668 684 1666 1392 1680 1311 648 1497 1383 202 1328 1643 519 1267 936 0 1231 622 718 712 1330 539 1654 1037 1032 1460 280 1211 788 1163 1679 1659 1668 1674 1683 813 1451 775 1320 1659 1390 1661 1285 652 705 1669 710 1147 725 1437 1654 1683 1652 1259 631 1240 1658 1684 1594 1667 1318 805 1019 1215 631 1388 1332 1564 694 1202 780 1121 778 1627 1677 1228 1195
616 489 576 452 986 493 1014 583 586 589 329 602 754 600 406 614 245 1029 512 397 1302 261 577 888 201 607 1231 0 1003 1099 1093 161 921 588 585 579 475 1224 64 1170 248 613 593 602 608 617 731 465 591 335 673 404 595 219 1034 733 603 728 554 1107 451 588 617 586 273 1012 174 592 618 609 601 333 723 567 137 1013 403 163 578 807 609 719 248 695 561 611 229 79
1521 1139 1481 867 270 1143 70 1488 1491 1494 979 1506 348 1505 1056 1519 1150 202 1162 1047 585 1166 1482 183 1106 600 622 1003 0 115 108 1002 101 1493 901 896 1125 507 1046 185 827 1518 1498 1507 1513 1522 478 1115 440 985 1324 1055 1500 1124 202 369 1508 375 816 179 1101 1493 1522 1491 923 117 1079 1497 1523 1259 1506 983 470 884 880 106 1053 1061 1228 942 871 444 785 442 1466 1516 892 1059
1617 1236 1577 963 366 1239 104 1585 1588 1590 1076 1603 445 1601 1153 1615 1246 162 1258 1144 681 1263 1579 280 1202 697 718 1099 115 0 112 1099 197 1590 998 993 1221 604 1142 214 924 1615 1595 1604 1610 1618 574 1212 536 1081 1420 1151 1596 1220 298 466 1605 471 913 85 1198 1589 1618 1587 1020 151 1175 1594 1619 1355 1603 1079 566 980 976 183 1149 1157 1325 1039 968 541 882 539 1562 1613 989 1155
1611 1229 1571 957 360 1233 98 1578 1581 1584 1069 1596 438 1595 1146 1609 1240 166 1252 1137 675 1256 1572 273 1196 690 712 1093 108 112 0 1092 191 1583 991 986 1215 597 1136 213 917 1608 1588 1597 1603 1612 568 1205 530 1075 1414 1145 1590 1214 292 459 1598 465 906 89 1191 1583 1612 1581 1013 145 1169 1587 1613 1349 1596 1073 560 974 970 187 1143 1151 1318 1032 961 534 875 532 1556 1606 982 1149
632 442 592 550 986 445 1013 599 602 605 282 618 754 616 359 630 261 1029 464 350 1301 277 593 888 217 606 1330 161 1002 1099 1092 0 920 604 683 678 427 1224 163 1169 204 629 609 618 624 633 730 418 591 287 626 357 611 235 1033 733 619 727 610 1106 404 604 633 602 226 1012 190 608 634 561 617 285 723 665 277 1012 355 172 531 905 665 719 248 695 577 627 313 177
1438 1057 1398 785 187 1060 112 1406 1409 1411 897 1424 266 1422 974 1436 1068 186 1079 965 503 1084 1400 101 1023 518 539 921 101 197 191 920 0 1411 819 814 1042 425 964 267 745 1436 1416 1425 1431 1439 395 1033 357 902 1241 972 1417 1041 191 287 1426 292 734 209 1019 1410 1440 1409 841 110 996 1415 1440 1176 1424 901 387 801 798 110 971 978 1146 860 789 362 703 360 1383 1434 810 977
65 550 186 875 1477 553 1504 95 100 86 700 75 1245 79 663 71 381 1519 553 654 1792 365 188 1379 540 1097 1654 588 1493 1590 1583 604 1411 0 1008 1003 565 1715 569 1660 695 62 89 91 83 78 1221 588 1082 705 553 661 108 558 1524 1224 82 1218 978 1597 575 198 76 100 717 1503 448 203 69 488 212 669 1214 990 704 1503 659 607 458 1230 1033 1210 738 1186 75 62 796 553
1035 1011 995 398 1068 1015 1096 1003 1006 1008 852 1021 763 1019 928 1033 665 1111 1034 920 1213 681 997 970 620 1065 1037 585 1085 1181 1175 683 1002 1008 0 47 997 1290 564 1252 774 1033 1013 1022 1028 1036 1000 987 962 857 1196 927 1014 638 1115 742 1023 736 501 1189 974 1007 1037 1006 796 1094 593 1012 1037 1131 1021 855 992 264 700 1094 925 685 1101 613 556 665 811 965 980 1031 792 548
1030 1006 990 393 1063 1010 1091 998 1001 1003 846 1016 758 1014 923 1028 659 1106 1029 914 1208 676 992 965 615 1060 1032 579 1080 1176 1170 678 997 1003 47 0 992 1285 559 1246 769 1027 1008 1017 1023 1031 995 982 957 852 1191 922 1009 633 1110 737 1018 731 496 1183 969 1002 1031 1000 790 1089 588 1007 1032 1126 1016 850 987 259 695 1089 920 680 1095 607 551 660 806 959 975 1026 787 543
593 97 553 783 1108 100 1136 560 563 566 220 579 876 577 183 591 575 1151 120 174 1424 591 554 1010 531 728 1460 475 1125 1221 1215 427 1042 565 997 992 0 1346 477 1291 327 590 570 579 585 594 853 105 713 226 285 182 572 549 1155 855 580 850 732 1228 92 565 594 563 239 1134 503 569 595 220 578 190 845 979 423 1134 180 485 189 1219 787 841 370 817 538 588 435 491
1742 1360 1702 1088 346 1364 518 1710 1712 1715 1201 1728 569 1726 1277 1740 1371 533 1383 1268 243 1388 1703 404 1327 821 280 1224 507 604 597 1224 425 1715 1123 1117 1346 0 1267 674 1048 1739 1719 1728 1734 1743 699 1336 661 1206 1545 1276 1721 1345 538 590 1729 596 1038 611 1323 1714 1743 1712 1144 517 1300 1718 1744 1480 1727 1204 691 1105 1101 517 1274 1282 1450 948 1093 666 1006 663 1687 1737 1114 1280
596 491 556 431 1029 495 1057 564 567 569 331 582 797 580 408 594 225 1072 514 399 1345 242 558 931 181 650 1211 64 1046 1142 1136 163 964 569 564 559 477 1267 0 1213 254 593 574 583 589 597 774 467 634 337 676 407 575 199 1077 776 584 771 534 1150 454 568 597 566 275 1055 154 573 598 611 582 335 766 546 180 1056 405 165 580 786 589 762 291 738 541 592 272 58
1688 1306 1648 1034 436 1309 175 1655 1658 1660 1146 1673 515 1671 1223 1685 1317 268 1329 1214 752 1333 1649 350 1273 767 788 1170 185 214 213 1169 267 1660 1068 1063 1291 674 1213 0 994 1685 1665 1674 1680 1688 644 1282 606 1152 1490 1221 1666 1291 325 536 1675 541 983 191 1268 1659 1689 1658 1090 176 1245 1664 1689 1426 1673 1150 637 1050 1047 273 1220 1227 1395 1109 1038 611 952 609 1633 1683 1059 1226
723 341 683 485 811 345 838 690 693 696 181 708 578 707 258 721 352 853 364 249 1126 368 684 712 308 431 1163 248 827 924 917 204 745 695 774 769 327 1048 254 994 0 720 700 709 715 724 555 317 415 187 526 257 702 326 858 558 710 552 435 931 303 695 724 693 125 836 281 699 725 461 708 185 547 756 125 837 255 263 430 978 490 544 72 520 668 718 138 268
21 574 211 900 1502 578 1529 51 58 42 725 31 1269 34 687 27 406 1544 577 679 1817 390 212 1403 564 1122 1679 613 1518 1615 1608 629 1436 62 1033 1027 590 1739 593 1685 720 0 45 46 38 34 1246 613 1106 730 577 686 64 582 1549 1248 37 1243 1002 1622 599 223 32 60 741 1527 473 227 25 513 236 694 1238 1015 729 1528 684 631 482 1255 1057 1234 763 1211 86 17 821 577
48 554 191 880 1482 558 1509 79 86 69 705 59 1250 62 668 55 386 1524 558 659 1797 370 193 1383 545 1102 1659 593 1498 1595 1588 609 1416 89 1013 1008 570 1719 574 1665 700 45 0 74 66 62 1226 593 1087 710 558 666 91 563 1529 1229 65 1223 983 1602 580 203 59 88 722 1508 453 208 52 493 217 674 1218 995 709 1508 664 612 462 1235 1038 1215 743 1191 80 45 801 558
50 563 200 889 1491 567 1518 80 87 71 714 60 1258 64 676 56 395 1533 567 668 1806 379 201 1392 553 1111 1668 602 1507 1604 1597 618 1425 91 1022 1017 579 1728 583 1674 709 46 74 0 67 63 1235 602 1095 719 567 675 93 571 1538 1238 66 1232 991 1611 589 212 61 89 730 1516 462 216 54 502 225 683 1227 1004 718 1517 673 620 471 1244 1046 1224 752 1200 89 46 810 566
42 569 206 895 1497 573 1524 72 79 63 720 52 1265 55 683 48 401 1539 573 674 1812 385 208 1399 560 1117 1674 608 1513 1610 1603 624 1431 83 1028 1023 585 1734 589 1680 715 38 66 67 0 55 1241 608 1102 725 573 681 85 578 1544 1244 58 1238 998 1617 595 218 52 81 737 1523 468 223 46 508 232 689 1234 1010 724 1523 679 627 478 1250 1053 1230 758 1206 95 38 816 573
37 578 214 903 1505 581 1533 67 74 58 728 48 1273 51 691 44 410 1548 581 682 1820 393 216 1407 568 1125 1683 617 1522 1618 1612 633 1439 78 1036 1031 594 1743 597 1688 724 34 62 63 55 0 1250 617 1110 734 581 689 80 586 1552 1252 54 1247 1006 1625 603 226 48 77 745 1531 477 231 41 516 240 697 1242 1018 732 1531 688 635 486 1258 1061 1238 767 1214 102 34 824 581
1249 867 1209 782 461 871 489 1216 1219 1222 707 1234 263 1233 784 1247 878 504 890 775 777 894 1210 363 834 328 813 731 478 574 568 730 395 1221 817 812 853 699 774 644 555 1246 1226 1235 1241 1250 0 843 168 713 1052 783 1228 852 508 284 1236 290 732 581 829 1221 1250 1219 651 487 807 1225 1251 987 1234 711 158 799 608 487 781 789 956 858 787 360 513 116 1194 1244 620 788
616 120 576 773 1099 123 1126 583 586 589 211 602 866 600 173 614 565 1141 143 165 1414 582 577 1000 521 719 1451 465 1115 1212 1205 418 1033 588 987 982 105 1336 467 1282 317 613 593 602 608 617 843 0 703 216 308 172 595 539 1146 845 603 840 723 1219 39 588 617 586 230 1124 494 592 618 243 601 180 835 969 413 1125 170 476 212 1209 778 832 360 808 561 611 426 481
1109 727 1069 700 423 731 451 1077 1080 1082 568 1095 225 1093 644 1107 738 466 750 636 738 755 1071 325 694 190 775 591 440 536 530 591 357 1082 778 773 713 661 634 606 415 1106 1087 1095 1102 1110 168 703 0 573 912 643 1088 712 470 246 1096 252 650 543 690 1081 1110 1079 512 449 667 1086 1111 847 1095 571 160 761 468 449 641 649 817 819 705 321 374 132 1054 1104 481 648
733 240 693 643 968 244 996 700 703 706 43 719 736 717 157 731 435 1011 263 148 1284 451 694 870 391 588 1320 335 985 1081 1075 287 902 705 857 852 226 1206 337 1152 187 730 710 719 725 734 713 216 573 0 425 156 712 409 1015 715 720 710 592 1089 203 705 734 703 101 994 363 709 735 360 718 64 705 839 283 994 154 346 329 1079 647 701 230 677 678 728 295 351
580 269 540 982 1307 272 1335 548 551 553 419 566 1075 564 382 578 694 1350 272 373 1622 678 542 1209 730 927 1659 673 1324 1420 1414 626 1241 553 1196 1191 285 1545 676 1490 526 577 558 567 573 581 1052 308 912 425 0 380 559 748 1354 1054 568 1049 931 1427 294 552 581 550 438 1333 702 557 582 181 566 388 1044 1178 622 1333 379 684 127 1418 986 1040 569 1016 525 576 634 690
689 196 649 713 1038 200 1066 656 659 661 150 674 806 673 42 687 505 1081 219 33 1353 521 650 940 461 658 1390 404 1055 1151 1145 357 972 661 927 922 182 1276 407 1221 257 686 666 675 681 689 783 172 643 156 380 0 667 479 1085 785 676 780 662 1158 158 660 690 659 169 1064 433 665 691 316 674 119 775 909 353 1064 39 415 285 1149 717 771 300 747 634 684 365 421
67 556 192 881 1483 559 1510 97 104 88 706 77 1251 81 669 73 387 1526 559 660 1798 371 194 1385 546 1103 1661 595 1500 1596 1590 611 1417 108 1014 1009 572 1721 575 1666 702 64 91 93 85 80 1228 595 1088 712 559 667 0 564 1530 1230 84 1224 984 1603 581 204 78 106 723 1509 455 209 71 494 218 675 1220 996 710 1509 666 613 464 1236 1039 1216 745 1192 81 64 802 559
585 563 545 506 1107 567 1135 553 556 558 403 571 875 569 480 583 214 1150 586 471 1423 231 547 1009 49 728 1285 219 1124 1220 1214 235 1041 558 638 633 549 1345 199 1291 326 582 563 571 578 586 852 539 712 409 748 479 564 0 1155 854 572 849 608 1228 525 557 586 555 347 1133 143 562 587 683 571 407 844 621 335 1134 477 237 652 860 663 840 369 816 530 580 426 183
1551 1170 1511 898 300 1173 213 1519 1522 1524 1010 1537 379 1535 1087 1549 1181 299 1193 1078 616 1197 1513 214 1137 631 652 1034 202 298 292 1033 191 1524 932 927 1155 538 1077 325 858 1549 1529 1538 1544 1552 508 1146 470 1015 1354 1085 1530 1155 0 400 1539 405 847 310 1132 1523 1553 1522 954 167 1109 1528 1553 1289 1537 1014 501 914 911 212 1084 1091 1259 973 902 475 816 473 1497 1547 923 1090
1203 859 1163 524 353 863 380 1171 1174 1176 699 1189 53 1187 776 1201 832 395 882 767 668 849 1165 254 788 407 705 723 369 466 459 722 287 1176 558 553 845 590 732 536 547 1200 1181 1189 1196 1204 284 835 246 705 1044 775 1182 806 400 0 1191 31 473 473 821 1175 1204 1173 643 378 761 1180 1205 979 1189 703 277 540 600 379 773 781 948 599 528 101 505 249 1148 1198 612 716
41 564 201 890 1492 568 1519 71 78 62 715 51 1260 54 678 47 396 1534 568 669 1807 380 202 1393 554 1112 1669 603 1508 1605 1598 619 1426 82 1023 1018 580 1729 584 1675 710 37 65 66 58 54 1236 603 1096 720 568 676 84 572 1539 1239 0 1233 993 1612 590 213 51 80 732 1517 463 218 45 503 227 684 1228 1005 719 1518 674 621 472 1245 1048 1225 753 1201 90 37 811 567
1198 854 1158 518 358 857 385 1165 1168 1170 694 1183 52 1182 771 1196 827 401 877 762 673 843 1159 260 783 412 710 718 375 471 465 717 292 1170 553 548 839 596 727 541 542 1195 1175 1184 1190 1199 290 830 252 699 1038 769 1176 801 405 31 1185 0 468 478 816 1170 1199 1168 638 384 755 1174 1200 973 1183 698 282 535 595 384 768 775 943 594 523 96 500 254 1143 1193 607 710
1005 776 965 264 797 779 825 973 976 978 616 991 492 989 693 1003 634 840 798 684 1113 651 967 699 590 672 1147 554 814 910 904 639 731 978 501 496 761 1035 534 981 464 1002 983 991 998 1006 729 752 656 621 960 691 984 608 844 471 993 465 0 918 738 977 1006 975 560 823 563 982 1007 895 991 619 721 483 516 824 689 655 865 723 117 457 422 694 950 1000 529 518
1625 1243 1585 971 373 1246 169 1592 1595 1597 1083 1610 452 1608 1160 1622 1254 96 1266 1151 689 1270 1586 287 1210 704 725 1107 179 85 89 1106 209 1597 1005 1000 1228 611 1150 191 931 1622 1602 1611 1617 1625 581 1219 543 1089 1427 1158 1603 1228 310 473 1612 478 920 0 1205 1596 1626 1595 1027 216 1182 1601 1626 1363 1610 1087 574 987 984 118 1157 1164 1332 1046 975 548 889 546 1570 1620 996 1163
602 106 562 759 1085 110 1112 570 573 575 197 588 853 586 160 600 551 1128 129 151 1400 568 564 987 507 705 1437 451 1101 1198 1191 404 1019 575 974 969 92 1323 454 1268 303 599 580 589 595 603 829 39 690 203 294 158 581 525 1132 832 590 826 709 1205 0 574 603 572 216 1111 480 579 604 229 588 166 822 956 400 1111 157 462 199 1196 764 818 347 794 547 598 412 468
225 549 56 874 1476 552 1504 193 196 198 699 211 1244 209 662 223 381 1519 552 653 1791 364 67 1378 539 1096 1654 588 1493 1589 1583 604 1410 198 1007 1002 565 1714 568 1659 695 223 203 212 218 226 1221 588 1081 705 552 660 204 557 1523 1223 213 1218 977 1596 574 0 227 196 716 1502 448 72 227 487 79 668 1213 989 704 1502 659 606 457 1229 1032 1209 738 1185 170 221 795 552
35 578 215 904 1505 582 1533 65 72 56 729 45 1273 49 691 41 410 1548 581 683 1821 394 216 1407 568 1126 1683 617 1522 1618 1612 633 1440 76 1037 1031 594 1743 597 1689 724 32 59 61 52 48 1250 617 1110 734 581 690 78 586 1553 1252 51 1247 1006 1626 603 227 0 74 745 1531 477 231 39 517 240 698 1242 1019 733 1532 688 635 486 1259 1061 1238 767 1214 100 32 825 581
64 547 184 873 1474 551 1502 94 98 85 698 74 1242 77 660 70 379 1517 550 651 1790 363 185 1376 537 1095 1652 586 1491 1587 1581 602 1409 100 1006 1000 563 1712 566 1658 693 60 88 89 81 77 1219 586 1079 703 550 659 106 555 1522 1221 80 1216 975 1595 572 196 74 0 714 1500 446 200 68 486 209 667 1211 988 702 1501 657 604 455 1228 1030 1207 736 1183 72 60 794 550
744 254 704 581 907 257 934 712 715 717 96 730 675 728 171 742 373 949 276 162 1222 390 706 808 329 527 1259 273 923 1020 1013 226 841 717 796 790 239 1144 275 1090 125 741 722 730 737 745 651 230 512 101 438 169 723 347 954 654 732 648 531 1027 216 716 745 714 0 933 302 721 746 373 730 100 643 778 221 933 168 284 343 1018 586 640 168 616 689 739 234 289
1530 1148 1490 876 279 1152 107 1498 1501 1503 989 1516 357 1514 1065 1528 1159 225 1171 1057 594 1176 1492 192 1115 610 631 1012 117 151 145 1012 110 1503 911 906 1134 517 1055 176 836 1527 1508 1516 1523 1531 487 1124 449 994 1333 1064 1509 1133 167 378 1517 384 826 216 1111 1502 1531 1500 933 0 1088 1507 1532 1268 1516 992 479 893 889 130 1062 1070 1238 952 881 454 794 451 1475 1525 902 1068
476 518 436 460 1062 521 1090 443 446 449 358 462 830 460 435 474 105 1105 540 426 1377 121 437 964 125 682 1240 174 1079 1175 1169 190 996 448 593 588 503 1300 154 1245 281 473 453 462 468 477 807 494 667 363 702 433 455 143 1109 809 463 803 563 1182 480 448 477 446 302 1088 0 452 478 637 461 362 799 575 289 1088 432 192 607 815 618 795 324 771 421 471 381 138
230 553 61 879 1481 557 1508 198 201 203 704 216 1249 214 667 228 385 1523 557 658 1796 369 72 1383 544 1101 1658 592 1497 1594 1587 608 1415 203 1012 1007 569 1718 573 1664 699 227 208 216 223 231 1225 592 1086 709 557 665 209 562 1528 1228 218 1222 982 1601 579 72 231 200 721 1507 452 0 232 492 76 673 1218 994 708 1507 663 611 462 1234 1037 1214 742 1190 175 225 800 557
28 579 216 904 1506 582 1534 58 65 49 729 38 1274 42 692 34 411 1549 582 683 1822 395 217 1408 569 1126 1684 618 1523 1619 1613 634 1440 69 1037 1032 595 1744 598 1689 725 25 52 54 46 41 1251 618 1111 735 582 691 71 587 1553 1253 45 1248 1007 1626 604 227 39 68 746 1532 478 232 0 517 241 699 1243 1019 734 1532 689 636 487 1259 1062 1239 768 1215 93 25 825 582
515 204 475 917 1242 208 1270 483 486 488 354 501 1010 499 317 513 630 1285 207 308 1558 614 477 1144 665 862 1594 609 1259 1355 1349 561 1176 488 1131 1126 220 1480 611 1426 461 513 493 502 508 516 987 243 847 360 181 316 494 683 1289 989 503 984 866 1363 229 487 517 486 373 1268 637 492 517 0 501 324 979 1113 557 1268 314 620 85 1353 921 975 504 951 461 511 569 625
239 563 70 888 1490 566 1517 207 210 212 713 225 1258 223 676 237 394 1532 566 667 1805 378 81 1392 553 1110 1667 601 1506 1603 1596 617 1424 212 1021 1016 578 1727 582 1673 708 236 217 225 232 240 1234 601 1095 718 566 674 218 571 1537 1237 227 1231 991 1610 588 79 240 209 730 1516 461 76 241 501 0 682 1227 1003 717 1516 672 620 471 1243 1046 1223 751 1199 184 234 809 566
697 204 657 641 966 208 994 664 667 669 59 682 734 681 121 695 433 1009 227 112 1282 449 658 868 389 587 1318 333 983 1079 1073 285 901 669 855 850 190 1204 335 1150 185 694 674 683 689 697 711 180 571 64 388 119 675 407 1014 713 684 708 590 1087 166 668 698 667 100 992 362 673 699 324 682 0 703 837 281 993 118 344 293 1077 645 699 228 675 642 692 294 349
1241 859 1201 774 453 863 481 1209 1212 1214 700 1227 255 1225 776 1239 870 496 882 768 769 887 1202 355 826 320 805 723 470 566 560 723 387 1214 809 804 845 691 766 637 547 1238 1218 1227 1234 1242 158 835 160 705 1044 775 1220 844 501 277 1228 282 724 574 822 1213 1242 1211 643 479 799 1218 1243 979 1227 703 0 791 600 480 773 781 949 850 779 352 505 122 1186 1236 613 780
1017 993 977 380 1050 997 1078 985 988 990 834 1003 745 1001 910 1015 647 1093 1016 902 1195 663 979 952 603 1048 1019 567 1067 1163 1157 665 984 990 264 259 979 1273 546 1234 756 1015 995 1004 1010 1018 982 969 944 839 1178 909 996 621 1098 724 1005 718 483 1171 956 989 1019 988 778 1076 575 994 1019 1113 1003 837 974 0 683 1077 907 668 1083 595 538 647 793 947 963 1013 774 530
732 437 692 538 863 441 891 699 702 704 278 717 631 716 354 730 361 906 460 346 1179 377 693 765 317 484 1215 137 880 976 970 277 798 704 700 695 423 1101 180 1047 125 729 709 718 724 732 608 413 468 283 622 353 710 335 911 610 719 605 487 984 400 704 733 702 221 889 289 708 734 557 717 281 600 683 0 890 351 279 527 922 542 596 125 572 677 727 106 194
1530 1149 1491 877 279 1152 117 1498 1501 1503 989 1516 358 1514 1066 1528 1160 115 1172 1057 595 1176 1492 193 1116 610 631 1013 106 183 187 1012 110 1503 911 906 1134 517 1056 273 837 1528 1508 1517 1523 1531 487 1125 449 994 1333 1064 1509 1134 212 379 1518 384 826 118 1111 1502 1532 1501 933 130 1088 1507 1532 1268 1516 993 480 893 890 0 1063 1070 1238 952 881 454 795 452 1476 1526 902 1069
687 194 647 711 1036 198 1064 655 657 660 149 673 804 671 41 685 503 1079 217 32 1352 519 648 938 459 657 1388 403 1053 1149 1143 355 971 659 925 920 180 1274 405 1220 255 684 664 673 679 688 781 170 641 154 379 39 666 477 1084 783 674 778 660 1157 157 659 688 657 168 1062 432 663 689 314 672 118 773 907 351 1063 0 414 284 1147 715 769 298 745 632 682 364 419
634 500 594 553 1044 503 1072 602 605 607 340 620 812 618 417 632 263 1087 523 408 1360 280 596 946 219 664 1332 163 1061 1157 1151 172 978 607 685 680 485 1282 165 1227 263 631 612 620 627 635 789 476 649 346 684 415 613 237 1091 791 621 786 655 1164 462 606 635 604 284 1070 192 611 636 620 620 344 781 668 279 1070 414 0 589 908 710 777 306 753 579 629 371 179
485 174 445 886 1212 177 1239 453 456 458 324 471 980 469 287 483 599 1254 177 278 1527 583 447 1114 634 832 1564 578 1228 1325 1318 531 1146 458 1101 1095 189 1450 580 1395 430 482 462 471 478 486 956 212 817 329 127 285 464 652 1259 959 472 953 836 1332 199 457 486 455 343 1238 607 462 487 85 471 293 949 1083 527 1238 284 589 0 1323 891 945 474 921 430 480 539 595
1257 1233 1217 620 915 1237 942 1225 1228 1230 1074 1243 609 1241 1150 1255 887 958 1256 1142 870 903 1219 817 842 969 694 807 931 1028 1021 905 849 1230 613 607 1219 948 786 1098 996 1255 1235 1244 1250 1258 847 1209 808 1079 1418 1149 1236 860 962 588 1245 583 723 1035 1196 1229 1259 1228 1018 941 815 1234 1259 1353 1243 1077 839 595 922 941 1147 908 1323 0 778 512 955 811 1203 1253 1014 770
1060 831 1020 318 852 834 880 1028 1031 1033 671 1046 547 1044 748 1058 689 895 853 739 1168 706 1022 754 645 727 1202 609 869 965 959 694 786 1033 556 551 816 1090 589 1036 519 1057 1038 1046 1053 1061 784 807 711 676 1015 746 1039 663 899 526 1048 520 117 973 793 1032 1061 1030 615 878 618 1037 1062 950 1046 674 776 538 571 878 744 710 920 778 0 512 477 749 1005 1055 584 573
1189 845 1149 510 428 849 455 1157 1160 1162 685 1175 122 1173 762 1187 818 471 868 753 743 835 1151 330 774 482 780 709 444 541 534 708 362 1162 544 539 831 666 718 611 533 1186 1167 1176 1182 1190 360 821 321 691 1030 761 1168 792 475 101 1177 96 459 548 807 1161 1190 1159 629 454 747 1166 1191 965 1175 689 352 527 586 454 759 767 934 585 514 0 491 324 1134 1184 598 702
766 384 726 443 769 388 796 733 736 739 224 752 537 750 301 764 395 811 407 292 1084 411 727 670 351 389 1121 248 785 882 875 248 703 738 787 781 370 1006 291 952 72 763 743 752 758 767 513 360 374 230 569 300 745 369 816 516 753 510 393 889 347 738 767 736 168 794 324 742 768 504 751 228 505 769 125 795 298 306 474 936 448 502 0 478 711 761 138 305
1213 832 1173 747 426 835 453 1181 1184 1186 672 1199 228 1197 749 1211 843 468 854 740 741 859 1175 327 798 293 778 695 442 539 532 695 360 1186 781 776 817 663 738 609 520 1211 1191 1200 1206 1214 116 808 132 677 1016 747 1192 816 473 249 1201 254 696 546 794 1185 1214 1183 616 451 771 1190 1215 951 1199 675 122 763 572 452 745 753 921 822 751 324 478 0 1158 1209 585 753
89 522 159 848 1449 526 1477 70 73 75 673 88 1217 86 635 95 354 1492 525 626 1765 338 160 1351 512 1070 1627 561 1466 1562 1556 577 1383 75 980 975 538 1687 541 1633 668 86 80 89 95 102 1194 561 1054 678 525 634 81 530 1497 1196 90 1191 950 1570 547 170 100 72 689 1475 421 175 93 461 184 642 1186 963 677 1476 632 579 430 1203 1005 1182 711 1158 0 86 768 525
21 572 209 898 1500 576 1527 51 58 42 723 31 1267 35 685 27 404 1542 576 677 1815 388 210 1401 562 1120 1677 611 1516 1613 1606 627 1434 62 1031 1026 588 1737 592 1683 718 17 45 46 38 34 1244 611 1104 728 576 684 64 580 1547 1246 37 1241 1000 1620 598 221 32 60 739 1525 471 225 25 511 234 692 1236 1013 727 1526 682 629 480 1253 1055 1232 761 1209 86 0 819 575
823 450 783 550 876 453 903 791 794 796 290 809 644 807 367 821 453 919 473 358 1191 469 785 778 408 496 1228 229 892 989 982 313 810 796 792 787 435 1114 272 1059 138 821 801 810 816 824 620 426 481 295 634 365 802 426 923 623 811 617 500 996 412 795 825 794 234 902 381 800 825 569 809 294 613 774 106 902 364 371 539 1014 555 609 138 585 768 819 0 286
580 505 540 415 1044 509 1071 548 551 553 346 566 811 564 422 578 209 1086 528 414 1359 226 542 945 165 664 1195 79 1060 1157 1150 177 978 553 548 543 491 1281 58 1227 268 577 558 566 573 581 788 481 648 351 690 421 559 183 1091 790 567 785 518 1164 468 552 581 550 289 1069 138 557 582 625 566 349 780 530 194 1070 419 179 595 770 573 776 305 753 525 575 286 0
EOF