NAME : tsp_problem
TYPE : TSP
DIMENSION : 60
EDGE_WEIGHT_TYPE : EXPLICIT
EDGE_WEIGHT_FORMAT : FULL_MATRIX
EDGE_WEIGHT_SECTION
0 1000 1078 1526 1506 594 1526 895 1037 460 1525 924 1023 1518 884 1502 1551 588 963 913 862 369 1131 1519 1528 1061 979 216 191 572 1549 123 1109 1046 1414 234 585 357 1502 1059 896 1546 1506 1155 1544 626 1198 1502 1539 1524 454 1513 1503 1521 694 922 1543 1546 716 1538
1000 0 139 1585 1566 1266 1585 929 397 1132 1585 958 1150 1577 534 1562 1611 1261 1380 563 896 953 1191 1578 1587 1478 1396 889 864 657 1608 985 468 1250 1679 1082 1258 964 1562 1476 930 1606 1566 1214 1604 580 1257 1561 1598 1583 1127 1572 1562 1580 1367 572 1603 1606 1388 1597
1078 139 0 1664 1644 1344 1663 1007 475 1210 1663 1036 1228 1655 612 1640 1689 1339 1458 641 974 1031 1269 1656 1665 1556 1474 967 942 735 1686 1063 546 1328 1757 1160 1336 1042 1640 1554 1008 1684 1644 1293 1682 658 1335 1639 1676 1661 1205 1650 1640 1658 1445 651 1681 1684 1466 1675
1526 1585 1664 0 107 1329 51 993 1679 1195 53 1022 601 83 1163 103 51 1324 748 1192 961 1257 557 63 225 659 760 1338 1379 1771 52 1511 1751 618 358 1608 1054 1268 82 658 994 46 203 581 56 1825 367 76 38 77 1099 90 200 80 1430 1202 55 46 1451 67
1506 1566 1644 107 0 1309 106 974 1659 1175 106 1003 581 99 1143 83 106 1304 728 1172 941 1237 537 100 205 640 740 1319 1359 1751 107 1492 1731 598 338 1589 1034 1248 83 638 975 101 184 561 112 1805 347 83 93 104 1080 94 180 102 1410 1182 111 101 1431 119
594 1266 1344 1329 1309 0 1329 886 1304 222 1328 915 827 1321 874 1305 1355 110 766 903 853 359 935 1322 1331 864 782 406 446 838 1352 579 1375 849 1217 676 388 348 1305 862 886 1349 1309 958 1348 892 1001 1305 1342 1327 257 1316 1306 1324 291 913 1346 1350 178 1341
1526 1585 1663 51 106 1329 0 993 1679 1195 45 1022 600 75 1163 103 43 1323 748 1192 960 1257 557 55 225 659 759 1338 1378 1770 44 1511 1751 617 358 1608 1054 1268 74 657 994 38 203 580 48 1824 366 68 30 69 1099 82 200 72 1430 1201 47 38 1451 59
1079 929 1007 993 974 1069 993 0 1023 935 993 49 558 985 507 970 1019 1063 788 536 119 736 599 986 995 886 804 891 931 1284 1016 1064 1095 658 1087 1161 984 747 970 884 229 1014 974 623 1012 1206 665 969 1006 991 929 980 970 988 1169 545 1011 1014 1191 1005
1037 397 475 1679 1659 1304 1679 1023 0 1169 1679 1052 1244 1671 627 1656 1705 1298 1474 657 990 1046 1285 1672 1681 1572 1489 926 901 695 1702 1022 130 1343 1773 1119 1295 1057 1655 1570 1024 1700 1659 1308 1698 617 1351 1655 1692 1677 1164 1666 1656 1674 1404 666 1696 1700 1425 1691
460 1132 1210 1195 1175 222 1195 751 1169 0 1194 780 692 1187 740 1171 1220 217 632 769 718 225 800 1188 1197 730 648 272 312 704 1218 445 1241 715 1083 542 254 214 1171 728 752 1215 1175 824 1213 758 867 1171 1207 1192 123 1182 1172 1190 323 778 1212 1215 312 1207
1525 1585 1663 53 106 1328 45 993 1679 1194 0 1022 600 77 1162 102 45 1323 748 1191 960 1256 556 58 224 659 759 1338 1378 1770 46 1511 1750 617 357 1608 1053 1267 76 657 994 40 203 580 51 1824 366 71 32 71 1099 84 199 74 1429 1201 50 40 1450 61
1108 958 1036 1022 1003 1098 1022 49 1052 964 1022 0 587 1014 536 999 1048 1092 817 565 148 765 628 1015 1024 915 833 920 960 1313 1045 1093 1124 687 1116 1190 1013 776 999 913 258 1043 1003 651 1041 1235 694 998 1035 1020 958 1009 999 1017 1198 574 1040 1043 1220 1034
1023 1150 1228 601 581 827 600 558 1244 692 600 587 0 592 727 577 626 821 292 756 525 754 206 594 602 390 308 836 876 1268 624 1009 1315 162 694 1106 551 765 577 389 559 621 581 230 619 1322 272 576 613 598 597 587 577 595 927 766 618 621 948 612
1518 1577 1655 83 99 1321 75 985 1671 1187 77 1014 592 0 1155 95 75 1315 740 1184 952 1249 549 88 217 651 751 1330 1370 1762 76 1503 1743 609 349 1600 1046 1260 95 649 986 70 195 572 80 1816 358 94 62 101 1091 105 192 104 1421 1193 80 70 1443 91
873 534 612 1163 1143 863 1163 507 627 729 1162 536 727 1155 0 1139 1188 857 958 49 474 530 768 1156 1165 1056 973 685 725 888 1186 858 699 827 1257 955 854 541 1139 1054 508 1183 1143 792 1181 811 835 1139 1175 1160 723 1150 1140 1157 963 58 1180 1183 985 1175
1502 1562 1640 103 83 1305 103 970 1656 1171 102 999 577 95 1139 0 103 1300 725 1168 937 1233 533 96 201 636 736 1315 1355 1747 104 1488 1727 594 334 1585 1030 1244 79 634 971 98 180 557 109 1801 343 79 90 101 1076 90 176 98 1406 1178 108 98 1427 115
1551 1611 1689 51 106 1355 43 1019 1705 1220 45 1048 626 75 1188 103 0 1349 774 1217 986 1282 582 56 250 685 785 1364 1404 1796 44 1537 1776 643 383 1634 1079 1293 74 683 1020 38 229 606 49 1850 392 69 30 69 1125 82 225 72 1455 1227 48 38 1476 59
588 1261 1339 1324 1304 110 1323 880 1298 217 1323 909 821 1315 868 1300 1349 0 761 897 847 353 929 1316 1325 859 776 400 441 833 1346 573 1370 844 1211 671 383 342 1300 857 881 1344 1304 953 1342 887 995 1299 1336 1321 252 1310 1300 1318 285 907 1341 1344 184 1335
963 1380 1458 748 728 766 748 788 1474 632 748 817 292 740 958 725 774 761 0 987 755 694 354 741 750 186 126 775 815 1208 771 948 1546 268 539 1045 491 705 724 185 789 769 728 377 767 1262 420 724 761 746 536 735 725 743 867 996 765 769 888 760
902 563 641 1192 1172 892 1192 536 657 758 1191 565 756 1184 49 1168 1217 886 987 0 503 559 797 1185 1194 1085 1002 714 754 917 1215 887 728 856 1286 984 883 570 1168 1083 537 1212 1172 821 1210 840 864 1168 1204 1190 753 1179 1169 1187 993 77 1209 1212 1014 1204
1046 896 974 961 941 1036 960 119 990 902 960 148 525 952 474 937 986 1030 755 503 0 703 566 953 962 853 771 858 898 1251 983 1031 1062 625 1054 1128 951 714 937 851 196 981 941 590 979 1173 632 936 973 958 896 947 937 955 1137 512 978 981 1158 972
369 964 1042 1209 1189 359 1209 553 1057 225 1208 582 744 1201 541 1185 1234 353 684 570 520 0 814 1202 1211 782 699 181 221 613 1232 354 1129 767 1134 451 350 85 1185 780 554 1229 1189 838 1227 667 881 1185 1221 1206 219 1196 1186 1203 459 580 1226 1229 481 1221
1131 1191 1269 557 537 935 557 599 1285 800 556 628 206 549 768 533 582 929 354 797 566 862 0 550 559 452 369 944 984 1376 580 1117 1356 223 651 1214 660 873 533 450 600 577 537 57 575 1430 229 533 569 554 705 544 534 551 1035 807 574 577 1056 569
1519 1578 1656 63 100 1322 55 986 1672 1188 58 1015 594 88 1156 96 56 1316 741 1185 953 1250 550 0 218 652 753 1331 1371 1763 57 1504 1744 611 351 1601 1047 1261 87 650 987 51 196 573 61 1818 360 81 43 82 1092 94 193 85 1423 1194 60 51 1444 72
1528 1587 1665 225 205 1331 225 995 1681 1197 224 1024 602 217 1165 201 250 1325 750 1194 962 1259 559 218 0 661 761 1340 1380 1772 248 1513 1753 619 359 1610 1056 1270 201 659 996 245 82 582 243 1826 368 200 237 222 1101 212 82 219 1431 1203 242 245 1453 237
1061 1478 1556 659 640 864 659 886 1572 730 659 915 390 651 1056 636 685 859 186 1085 853 792 452 652 661 0 184 873 914 1306 682 1046 1644 366 436 1143 589 803 636 11 887 680 640 475 678 1360 518 635 672 657 634 646 636 654 965 1094 677 680 986 671
979 1396 1474 760 740 782 759 804 1489 648 759 833 308 751 973 736 785 776 126 1002 771 710 369 753 761 184 0 791 831 1223 783 964 1561 284 536 1061 507 721 736 182 805 780 740 393 778 1277 436 735 772 757 552 746 736 754 882 1012 777 780 904 771
216 889 967 1338 1319 406 1338 708 926 272 1338 737 836 1330 696 1315 1364 400 775 725 675 181 944 1331 1340 873 791 0 69 461 1361 202 998 859 1226 299 397 170 1315 872 709 1359 1319 967 1357 515 1010 1314 1351 1336 267 1325 1315 1333 507 735 1356 1359 528 1350
191 864 942 1379 1359 446 1378 748 901 312 1378 777 876 1370 736 1355 1404 441 815 765 715 221 984 1371 1380 914 831 69 0 436 1401 177 973 899 1266 274 438 210 1355 912 749 1399 1359 1008 1397 490 1050 1354 1391 1376 307 1365 1355 1373 547 775 1396 1399 568 1390
572 657 735 1771 1751 838 1770 1140 695 704 1770 1169 1268 1762 888 1747 1796 833 1208 917 1107 613 1376 1763 1772 1306 1223 461 436 0 1794 557 766 1291 1658 654 830 602 1747 1304 1141 1791 1751 1400 1789 283 1442 1746 1783 1768 699 1757 1747 1765 939 927 1788 1791 960 1782
1549 1608 1686 52 107 1352 44 1016 1702 1218 46 1045 624 76 1186 104 44 1346 771 1215 983 1280 580 57 248 682 783 1361 1401 1794 0 1534 1774 641 381 1631 1077 1291 75 680 1017 39 226 603 50 1848 390 70 31 70 1122 83 223 73 1453 1224 49 39 1474 60
123 985 1063 1511 1492 579 1511 881 1022 445 1511 910 1009 1503 869 1488 1537 573 948 898 848 354 1117 1504 1513 1046 964 202 177 557 1534 0 1094 1032 1399 198 570 343 1488 1045 881 1532 1492 1140 1530 611 1183 1487 1524 1509 440 1498 1488 1506 680 908 1529 1532 701 1523
1109 468 546 1751 1731 1375 1751 1095 130 1241 1750 1124 1315 1743 699 1727 1776 1370 1546 728 1062 1118 1356 1744 1753 1644 1561 998 973 766 1774 1094 0 1415 1845 1191 1367 1129 1727 1642 1096 1771 1731 1380 1769 689 1423 1727 1763 1748 1236 1738 1728 1745 1476 738 1768 1771 1497 1763
1046 1250 1328 618 598 849 617 658 1343 715 617 687 162 609 827 594 643 844 268 856 625 777 223 611 619 366 284 859 899 1291 641 1032 1415 0 711 1129 574 788 594 365 658 638 598 247 636 1345 289 593 630 615 620 604 594 612 950 866 635 638 971 629
1414 1679 1757 358 338 1217 358 1087 1773 1083 357 1116 694 349 1257 334 383 1211 539 1286 1054 1144 651 351 359 436 536 1226 1266 1658 381 1399 1845 711 0 1496 942 1156 334 434 1088 378 338 674 376 1712 460 333 370 355 987 344 334 352 1317 1295 375 378 1339 369
234 1082 1160 1608 1589 676 1608 978 1119 542 1608 1007 1106 1600 966 1585 1634 671 1045 995 945 451 1214 1601 1610 1143 1061 299 274 654 1631 198 1191 1129 1496 0 667 440 1585 1142 979 1629 1589 1237 1627 708 1280 1584 1621 1606 537 1595 1585 1603 777 1005 1626 1629 798 1620
585 1258 1336 1054 1034 388 1054 877 1295 254 1053 906 551 1046 865 1030 1079 383 491 894 844 350 660 1047 1056 589 507 397 438 830 1077 570 1367 574 942 667 0 339 1030 587 878 1074 1034 683 1073 884 726 1030 1067 1052 158 1041 1031 1049 489 904 1071 1075 510 1066
357 975 1053 1220 1200 348 1220 564 1067 214 1219 593 755 1212 552 1196 1245 342 695 581 531 85 825 1213 1222 793 710 170 210 602 1243 343 1139 778 1145 440 339 0 1196 791 565 1240 1200 849 1238 656 892 1196 1232 1217 208 1207 1197 1214 448 591 1237 1240 470 1232
1502 1562 1640 82 83 1305 74 970 1655 1171 76 999 577 95 1139 79 74 1300 724 1168 937 1233 533 87 201 636 736 1315 1355 1747 75 1488 1727 594 334 1585 1030 1244 0 634 971 69 180 557 80 1801 343 78 61 100 1076 90 176 97 1406 1178 79 69 1427 90
1059 1476 1554 658 638 862 657 884 1570 728 657 913 389 649 1054 634 683 857 185 1083 851 790 450 650 659 11 182 872 912 1304 680 1045 1642 365 434 1142 587 801 634 0 885 678 638 473 676 1358 516 633 670 655 633 644 634 652 963 1092 675 678 984 669
1080 930 1008 994 975 1070 994 229 1024 936 994 258 559 986 508 971 1020 1064 789 537 196 737 600 987 996 887 805 892 932 1285 1017 1065 1096 658 1088 1162 984 748 971 885 0 1015 975 623 1013 1207 666 970 1007 992 930 981 971 989 1170 546 1012 1015 1192 1006
1546 1606 1684 46 101 1349 38 1014 1700 1215 40 1043 621 70 1183 98 38 1344 769 1212 981 1277 577 51 245 680 780 1359 1399 1791 39 1532 1771 638 378 1629 1074 1288 69 678 1015 0 224 601 44 1845 387 64 25 64 1120 77 220 67 1450 1222 43 33 1471 54
1506 1566 1644 203 184 1309 203 974 1659 1175 203 1003 581 195 1143 180 229 1304 728 1172 941 1237 537 196 82 640 740 1319 1359 1751 226 1492 1731 598 338 1589 1034 1248 180 638 975 224 0 561 222 1805 347 179 216 201 1080 190 66 198 1410 1182 221 224 1431 215
1155 1214 1293 581 561 958 580 623 1308 824 580 651 230 572 792 557 606 953 377 821 590 886 57 573 582 475 393 967 1008 1400 603 1140 1380 247 674 1237 683 897 557 473 623 601 561 0 599 1454 252 556 593 578 728 567 557 575 1059 831 598 601 1080 592
1544 1604 1682 56 112 1348 48 1012 1698 1213 51 1041 619 80 1181 109 49 1342 767 1210 979 1275 575 61 243 678 778 1357 1397 1789 50 1530 1769 636 376 1627 1073 1286 80 676 1013 44 222 599 0 1843 385 74 36 75 1118 87 218 78 1448 1220 53 44 1469 64
626 580 658 1825 1805 892 1824 1194 617 758 1824 1223 1322 1816 811 1801 1850 887 1262 840 1161 667 1430 1818 1826 1360 1277 515 490 283 1848 611 689 1345 1712 708 884 656 1801 1358 1195 1845 1805 1454 1843 0 1496 1800 1837 1822 753 1811 1801 1819 993 849 1842 1845 1014 1836
1198 1257 1335 367 347 1001 366 665 1351 867 366 694 272 358 835 343 392 995 420 864 632 929 229 360 368 518 436 1010 1050 1442 390 1183 1423 289 460 1280 726 940 343 516 666 387 347 252 385 1496 0 342 379 364 771 353 343 361 1101 873 384 387 1123 378
1502 1561 1639 76 83 1305 68 969 1655 1171 71 998 576 94 1139 79 69 1299 724 1168 936 1233 533 81 200 635 735 1314 1354 1746 70 1487 1727 593 333 1584 1030 1244 78 633 970 64 179 556 74 1800 342 0 56 95 1075 89 175 97 1405 1177 73 64 1427 85
1539 1598 1676 38 93 1342 30 1006 1692 1207 32 1035 613 62 1175 90 30 1336 761 1204 973 1269 569 43 237 672 772 1351 1391 1783 31 1524 1763 630 370 1621 1067 1280 61 670 1007 25 216 593 36 1837 379 56 0 56 1112 69 212 59 1442 1214 35 25 1463 46
1524 1583 1661 77 104 1327 69 991 1677 1192 71 1020 598 101 1160 101 69 1321 746 1190 958 1254 554 82 222 657 757 1336 1376 1768 70 1509 1748 615 355 1606 1052 1265 100 655 992 64 201 578 75 1822 364 95 56 0 1097 108 197 98 1427 1199 74 64 1448 85
454 1127 1205 1099 1080 257 1099 746 1164 123 1099 775 597 1091 734 1076 1125 252 536 764 713 219 705 1092 1101 634 552 267 307 699 1122 440 1236 620 987 537 158 208 1076 633 747 1120 1080 728 1118 753 771 1075 1112 1097 0 1086 1076 1094 358 773 1117 1120 379 1111
1513 1572 1650 90 94 1316 82 980 1666 1182 84 1009 587 105 1150 90 82 1310 735 1179 947 1244 544 94 212 646 746 1325 1365 1757 83 1498 1738 604 344 1595 1041 1255 90 644 981 77 190 567 87 1811 353 89 69 108 1086 0 187 108 1416 1188 86 77 1438 98
1503 1562 1640 200 180 1306 200 970 1656 1172 199 999 577 192 1140 176 225 1300 725 1169 937 1234 534 193 82 636 736 1315 1355 1747 223 1488 1728 594 334 1585 1031 1245 176 634 971 220 66 557 218 1801 343 175 212 197 1076 187 0 194 1406 1178 217 220 1428 212
1521 1580 1658 80 102 1324 72 988 1674 1190 74 1017 595 104 1157 98 72 1318 743 1187 955 1251 551 85 219 654 754 1333 1373 1765 73 1506 1745 612 352 1603 1049 1262 97 652 989 67 198 575 78 1819 361 97 59 98 1094 108 194 0 1424 1196 77 67 1445 88
694 1367 1445 1430 1410 291 1430 986 1404 323 1429 1015 927 1421 974 1406 1455 285 867 1004 953 459 1035 1423 1431 965 882 507 547 939 1453 680 1476 950 1317 777 489 448 1406 963 987 1450 1410 1059 1448 993 1101 1405 1442 1427 358 1416 1406 1424 0 1013 1447 1450 136 1441
911 572 651 1202 1182 902 1201 545 666 767 1201 574 766 1193 58 1178 1227 896 996 77 512 569 807 1194 1203 1094 1012 724 764 927 1224 897 738 866 1295 994 893 580 1178 1092 546 1222 1182 831 1220 849 873 1177 1214 1199 762 1188 1178 1196 1002 0 1219 1222 1023 1213
1543 1603 1681 55 111 1346 47 1011 1696 1212 50 1040 618 80 1180 108 48 1341 765 1209 978 1274 574 60 242 677 777 1356 1396 1788 49 1529 1768 635 375 1626 1071 1285 79 675 1012 43 221 598 53 1842 384 73 35 74 1117 86 217 77 1447 1219 0 43 1468 64
1546 1606 1684 46 101 1350 38 1014 1700 1215 40 1043 621 70 1183 98 38 1344 769 1212 981 1277 577 51 245 680 780 1359 1399 1791 39 1532 1771 638 378 1629 1075 1288 69 678 1015 33 224 601 44 1845 387 64 25 64 1120 77 220 67 1450 1222 43 0 1471 54
716 1388 1466 1451 1431 178 1451 1007 1425 312 1450 1036 948 1443 996 1427 1476 184 888 1025 974 481 1056 1444 1453 986 904 528 568 960 1474 701 1497 971 1339 798 510 470 1427 984 1008 1471 1431 1080 1469 1014 1123 1427 1463 1448 379 1438 1428 1445 136 1034 1468 1471 0 1463
1538 1597 1675 67 119 1341 59 1005 1691 1207 61 1034 612 91 1175 115 59 1335 760 1204 972 1269 569 72 237 671 771 1350 1390 1782 60 1523 1763 629 369 1620 1066 1280 90 669 1006 54 215 592 64 1836 378 85 46 85 1111 98 212 88 1441 1213 64 54 1463 0
EOF