NAME : tsp_problem
TYPE : TSP
DIMENSION : 38
EDGE_WEIGHT_TYPE : EXPLICIT
EDGE_WEIGHT_FORMAT : FULL_MATRIX
EDGE_WEIGHT_SECTION
0 74 173 1211 1469 559 239 456 886 1482 1481 933 868 996 207 419 913 902 1480 993 1172 891 894 1454 1482 655 1475 430 1470 454 1451 540 1057 955 1468 1083 1017 1487
74 0 117 1219 1477 567 247 489 919 1490 1489 941 876 1004 151 427 921 910 1488 1001 1180 899 902 1462 1490 688 1483 438 1478 462 1459 548 1065 963 1476 1091 1025 1495
173 117 0 1120 1378 468 148 482 912 1392 1390 843 778 905 44 329 822 811 1389 902 1081 800 804 1363 1391 682 1384 339 1379 363 1360 449 966 864 1377 992 927 1396
1211 1219 1120 0 297 1078 1000 1452 1268 310 308 678 750 405 1119 938 481 343 307 413 381 772 463 282 309 1325 303 971 298 930 279 1059 266 524 296 1145 586 314
1469 1477 1378 297 0 1336 1259 1710 1526 64 68 936 1008 664 1377 1197 740 602 65 672 639 1031 721 193 51 1584 72 1229 58 1188 77 1317 524 709 207 1404 657 52
559 567 468 1078 1336 0 349 800 1229 1349 1347 988 922 863 467 158 780 769 1347 860 1039 945 761 1321 1348 999 1342 484 1337 321 1318 285 924 822 1335 1137 884 1354
239 247 148 1000 1259 349 0 480 909 1272 1270 723 658 785 147 209 702 692 1269 782 961 680 684 1244 1271 679 1265 220 1260 244 1241 330 846 745 1258 872 807 1276
456 489 482 1452 1710 800 480 0 553 1723 1721 1174 1109 1237 516 660 1154 1143 1720 1234 1413 1131 1135 1695 1722 323 1716 671 1711 695 1692 781 1298 1196 1709 788 1258 1727
886 919 912 1268 1526 1229 909 553 0 1540 1538 969 900 1252 946 1090 1328 1190 1537 1177 1229 922 1309 1511 1539 257 1532 790 1528 1124 1508 1210 1114 1370 1525 435 1432 1544
1482 1490 1392 310 64 1349 1272 1723 1540 0 75 949 1021 677 1390 1210 753 615 72 685 652 1044 734 206 58 1597 78 1242 65 1201 84 1330 537 722 220 1417 671 59
1481 1489 1390 308 68 1347 1270 1721 1538 75 0 948 1020 675 1388 1208 751 613 76 683 650 1042 733 204 62 1595 82 1240 69 1199 88 1329 535 721 218 1415 669 63
931 939 840 678 936 985 720 1172 969 949 948 0 450 661 839 845 724 600 947 587 639 473 705 921 949 1026 942 617 937 880 918 966 524 766 935 846 828 954
1052 1060 961 750 1008 1106 841 1253 900 1021 1020 450 0 733 959 966 810 671 1019 659 711 296 791 993 1021 957 1014 647 1009 1001 990 1087 596 852 1007 777 914 1026
996 1004 905 405 664 863 785 1237 1252 677 675 661 733 0 904 723 266 128 674 294 366 756 248 648 676 1309 669 756 665 714 645 844 251 308 662 1129 371 681
207 151 44 1119 1377 467 147 516 946 1390 1388 841 776 904 0 327 821 810 1387 901 1080 798 802 1362 1389 715 1383 338 1378 362 1359 448 965 863 1376 990 925 1394
419 427 329 938 1197 158 209 660 1090 1210 1208 848 783 723 327 0 640 629 1207 720 899 805 622 1181 1209 859 1202 345 1198 181 1178 224 784 682 1196 997 745 1214
913 921 822 481 740 780 702 1154 1328 753 751 695 810 266 821 640 0 173 750 370 442 832 90 725 752 1353 746 673 741 632 722 761 327 109 739 1205 191 757
902 910 811 343 602 769 692 1143 1190 615 613 600 671 128 810 629 173 0 612 232 304 694 154 586 614 1247 607 662 603 621 583 750 189 215 601 1067 277 619
1480 1488 1389 307 65 1347 1269 1720 1537 72 76 947 1019 674 1387 1207 750 612 0 682 650 1041 732 203 59 1594 79 1239 66 1198 85 1328 535 720 218 1414 668 60
993 1001 902 413 672 860 782 1234 1177 685 683 587 659 294 901 720 370 232 682 0 374 681 352 656 684 1234 677 753 673 712 653 841 259 412 670 1054 474 689
1172 1180 1081 381 639 1039 961 1413 1229 652 650 639 711 366 1080 899 442 304 650 374 0 733 424 624 651 1286 645 932 640 890 621 1020 159 484 638 1106 547 656
1074 1082 983 772 1031 1128 864 1275 922 1044 1042 473 296 756 982 989 832 694 1041 681 733 0 814 1015 1043 980 1036 669 1032 1023 1012 1109 618 874 1030 800 936 1048
894 902 804 463 721 761 684 1135 1309 734 733 676 791 248 802 622 90 154 732 352 424 814 0 706 734 1334 727 654 722 613 703 742 309 100 720 1187 161 739
1454 1462 1363 282 193 1321 1244 1695 1511 206 204 921 993 648 1362 1181 725 586 203 656 624 1015 706 0 205 1569 199 1214 194 1173 175 1302 509 694 63 1388 642 210
1482 1490 1391 309 51 1348 1271 1722 1539 58 62 949 1021 676 1389 1209 752 614 59 684 651 1043 734 205 0 1596 65 1241 52 1200 71 1329 536 721 219 1416 670 46
655 688 682 1325 1584 999 679 323 257 1597 1595 1026 957 1309 715 859 1353 1247 1594 1234 1286 980 1334 1569 1596 0 1590 847 1585 894 1566 980 1171 1395 1583 493 1457 1601
1475 1483 1384 303 72 1342 1265 1716 1532 78 82 942 1014 669 1383 1202 746 607 79 677 645 1036 727 199 65 1590 0 1235 72 1194 92 1323 530 715 213 1410 663 66
430 438 339 923 1181 484 220 671 892 1194 1192 620 555 745 338 345 662 651 1191 742 884 577 644 1166 1193 870 1187 0 1182 379 1163 465 769 704 1180 769 767 1198
1470 1478 1379 298 58 1337 1260 1711 1528 65 69 937 1009 665 1378 1198 741 603 66 673 640 1032 722 194 52 1585 72 1230 0 1189 78 1318 525 710 208 1405 659 53
453 461 363 930 1188 331 243 694 1124 1201 1199 882 817 714 361 191 632 621 1198 712 890 839 613 1173 1200 894 1194 379 1189 0 1170 312 776 674 1187 1031 736 1205
1451 1459 1360 279 77 1318 1241 1692 1508 84 88 918 990 645 1359 1178 722 583 85 653 621 1012 703 175 71 1566 92 1211 78 1170 0 1299 506 691 189 1386 639 72
540 548 449 1059 1317 285 330 781 1210 1330 1329 969 903 844 448 224 761 750 1328 841 1020 926 742 1302 1329 980 1323 465 1318 302 1299 0 905 803 1316 1118 865 1335
1057 1065 966 266 524 924 846 1298 1114 537 535 524 596 251 965 784 327 189 535 259 159 618 309 509 536 1171 530 817 525 776 506 905 0 370 523 991 432 541
955 963 864 524 709 822 745 1196 1370 722 721 737 852 308 863 682 109 215 720 412 484 874 100 694 721 1395 715 715 710 674 691 803 370 0 708 1247 146 727
1468 1476 1377 296 207 1335 1258 1709 1525 220 218 935 1007 662 1376 1196 739 601 218 670 638 1030 720 63 219 1583 213 1228 208 1187 189 1316 523 708 0 1403 656 224
1072 1080 981 1145 1404 1126 861 788 435 1417 1415 846 777 1129 980 986 1205 1067 1414 1054 1106 800 1187 1388 1416 493 1410 667 1405 1021 1386 1107 991 1247 1403 0 1310 1421
1017 1025 927 586 657 884 807 1258 1432 671 669 799 914 371 925 745 191 277 668 474 547 936 161 642 670 1457 663 777 659 736 639 865 432 146 656 1310 0 675
1487 1495 1396 314 52 1354 1276 1727 1544 59 63 954 1026 681 1394 1214 757 619 60 689 656 1048 739 210 46 1601 66 1246 53 1205 72 1335 541 727 224 1421 675 0
EOF