NAME : tsp_problem
TYPE : TSP
DIMENSION : 30
EDGE_WEIGHT_TYPE : EXPLICIT
EDGE_WEIGHT_FORMAT : FULL_MATRIX
EDGE_WEIGHT_SECTION
0 964 1097 909 1345 800 163 643 791 1346 998 1377 1363 866 725 1339 1343 1294 1330 1350 638 780 972 977 1324 1371 1354 1014 1347 1375
1147 0 1139 196 1029 778 1195 1149 686 1031 652 1061 1047 763 568 1024 1028 978 1014 1034 834 1245 625 630 1064 1055 1038 698 1032 1060
1097 1139 0 1084 634 491 1145 1285 483 635 1355 666 652 558 720 629 632 583 619 639 489 1422 1328 1333 1767 660 643 705 636 665
1092 196 1084 0 974 723 1140 1094 631 976 597 1006 992 708 513 969 973 924 960 980 779 1191 570 575 1009 1000 983 643 977 1005
1345 1029 634 974 0 675 1392 1533 583 198 1245 82 79 660 968 94 98 78 85 201 737 1669 1218 1224 1657 87 98 369 91 81
800 778 491 723 675 0 847 988 121 676 993 707 693 196 423 670 673 624 660 680 192 1125 966 972 1406 701 684 344 677 706
163 1012 1145 957 1392 847 0 691 839 1394 1046 1424 1410 914 773 1387 1391 1342 1378 1398 686 827 1019 1025 1372 1418 1401 1061 1395 1423
643 965 1285 910 1533 988 691 0 979 1535 1000 1565 1551 1055 726 1528 1532 1482 1518 1538 826 505 973 978 1049 1559 1542 1202 1536 1564
791 686 483 631 583 121 839 979 0 585 902 615 601 112 414 578 582 532 568 588 183 1116 875 880 1314 609 592 252 585 614
1346 1031 635 976 198 676 1394 1535 585 0 1246 230 216 662 970 192 196 147 183 73 739 1671 1220 1225 1659 224 207 371 200 228
987 652 1355 597 1245 993 1035 989 902 1246 0 1277 1263 978 783 1240 1243 1194 1230 1250 971 896 173 42 715 1271 1254 914 1247 1276
1377 1061 666 1006 82 707 1424 1565 615 230 1277 0 52 692 1000 81 73 110 76 233 769 1701 1250 1255 1689 60 71 401 63 53
1363 1047 652 992 79 693 1410 1551 601 216 1263 52 0 678 986 78 71 96 74 219 755 1687 1236 1241 1675 57 68 387 61 51
866 763 558 708 660 196 914 1055 112 662 978 692 678 0 490 655 658 609 645 665 259 1191 952 957 1391 686 669 329 662 691
722 568 749 513 997 452 770 724 443 999 776 1029 1015 519 0 992 996 946 982 1002 290 860 749 754 1188 1023 1006 666 999 1028
1339 1024 629 969 94 670 1387 1528 578 192 1240 81 78 655 963 0 93 73 79 196 732 1664 1213 1218 1652 87 97 364 90 80
1343 1028 632 973 98 673 1391 1532 582 196 1243 73 71 658 966 93 0 77 83 200 736 1668 1216 1222 1656 79 90 368 82 72
1294 978 583 924 78 624 1342 1482 532 147 1194 110 96 609 917 73 77 0 63 150 686 1619 1167 1173 1606 104 87 318 81 109
1330 1014 619 960 85 660 1378 1518 568 183 1230 76 74 645 953 79 83 63 0 186 722 1655 1203 1209 1642 82 93 354 86 75
1350 1034 639 980 201 680 1398 1538 588 73 1250 233 219 665 973 196 200 150 186 0 742 1675 1223 1229 1662 227 210 374 204 232
638 809 489 754 737 192 686 826 183 739 952 769 755 259 261 732 736 686 722 742 0 963 925 931 1364 763 746 406 740 768
780 1101 1422 1047 1669 1125 827 505 1116 1671 896 1701 1687 1191 862 1664 1668 1619 1655 1675 963 0 869 875 599 1695 1678 1338 1672 1700
961 625 1328 570 1218 966 1008 962 875 1220 173 1250 1236 952 757 1213 1216 1167 1203 1223 944 869 0 152 688 1244 1227 887 1220 1249
966 630 1333 575 1224 972 1014 967 880 1225 42 1255 1241 957 762 1218 1222 1173 1209 1229 950 875 152 0 693 1249 1232 892 1226 1254
1324 1064 1767 1009 1657 1406 1372 1049 1314 1659 715 1689 1675 1391 1196 1652 1656 1606 1642 1662 1384 599 688 693 0 1683 1666 1326 1660 1688
1371 1055 660 1000 87 701 1418 1559 609 224 1271 60 57 686 994 87 79 104 82 227 763 1695 1244 1249 1683 0 76 395 69 59
1354 1038 643 983 98 684 1401 1542 592 207 1254 71 68 669 977 97 90 87 93 210 746 1678 1227 1232 1666 76 0 378 80 70
1014 698 705 643 369 344 1061 1202 252 371 914 401 387 329 637 364 368 318 354 374 406 1338 887 892 1326 395 378 0 372 400
1347 1032 636 977 91 677 1395 1536 585 200 1247 63 61 662 970 90 82 81 86 204 740 1672 1220 1226 1660 69 80 372 0 62
1375 1060 665 1005 81 706 1423 1564 614 228 1276 53 51 691 999 80 72 109 75 232 768 1700 1249 1254 1688 59 70 400 62 0
EOF