NAME : tsp_problem
TYPE : TSP
DIMENSION : 54
EDGE_WEIGHT_TYPE : EXPLICIT
EDGE_WEIGHT_FORMAT : FULL_MATRIX
EDGE_WEIGHT_SECTION
0 441 594 803 840 517 541 439 1200 408 1022 369 1140 613 401 417 423 568 437 1074 606 589 809 834 411 445 1497 418 1220 398 421 428 906 1226 355 402 398 429 421 463 972 564 1242 187 562 601 402 105 443 1138 554 1392 812 869
441 0 997 1207 1243 921 625 35 1604 66 1426 127 1544 1016 804 53 59 972 49 1477 1010 993 1213 1238 742 39 1900 66 1624 801 677 252 1310 1630 112 68 67 59 45 679 1376 967 1645 591 583 1005 101 374 41 1541 605 1796 1216 1272
594 997 0 923 945 367 947 995 910 964 1128 926 1059 214 724 973 979 169 993 992 207 113 519 679 817 1001 1206 974 1138 721 827 984 1012 1145 911 958 955 985 977 868 1078 165 1160 595 968 202 959 662 999 1056 960 1140 918 714
857 1260 799 0 231 769 852 1258 1194 1227 414 1189 521 818 651 1236 1242 774 1256 454 811 794 833 350 723 1264 964 1237 601 599 733 1247 298 607 1174 1221 1218 1248 1240 774 363 769 622 762 873 806 1222 925 1262 519 865 773 204 295
840 1243 762 161 0 732 835 1241 1157 1210 205 1172 484 781 633 1219 1225 737 1239 417 774 757 796 313 705 1247 927 1220 564 582 715 1230 85 570 1157 1204 1200 1231 1223 757 150 732 585 745 856 769 1204 907 1245 481 848 736 116 257
517 921 367 707 729 0 766 918 974 887 912 849 843 386 565 897 902 342 917 776 380 363 583 463 636 924 1270 898 922 513 646 908 796 929 834 882 878 909 901 688 862 338 944 519 787 375 882 585 923 840 779 1095 702 498
541 625 947 798 835 737 0 622 1553 591 1018 553 1136 966 453 601 606 922 620 1069 959 942 1162 829 223 628 1579 601 1215 401 157 612 902 1222 538 586 582 613 604 160 967 917 1237 446 123 954 586 609 627 1133 115 1388 808 864
439 35 995 1204 1241 918 622 0 1601 65 1423 124 1541 1014 802 51 58 970 48 1475 1007 990 1210 1235 740 37 1898 64 1621 799 674 249 1308 1628 110 66 66 57 44 677 1373 965 1643 588 580 1002 99 372 39 1539 602 1794 1213 1270
1200 1604 910 1134 1157 974 1553 1601 0 1570 1339 1532 718 929 1330 1579 1585 884 1599 914 922 905 560 910 1423 1607 594 1580 1074 1327 1433 1590 1224 1080 1517 1565 1561 1592 1583 1475 1289 880 600 1201 1574 917 1565 1268 1606 991 1566 528 1129 945
408 66 964 1173 1210 887 591 65 1570 0 1392 93 1510 983 771 82 89 939 79 1444 976 959 1179 1204 709 68 1867 95 1590 768 643 218 1277 1597 78 96 92 88 75 646 1342 934 1612 557 549 971 96 341 70 1508 571 1762 1182 1239
1022 1426 945 344 205 915 1018 1423 1339 1392 0 1354 667 963 816 1402 1407 919 1422 600 957 940 979 496 888 1429 1110 1403 746 764 898 1413 262 753 1339 1387 1383 1414 1405 939 71 915 768 928 1039 952 1387 1090 1428 664 1030 919 239 440
369 127 926 1135 1172 849 553 124 1532 93 1354 0 1472 945 733 103 108 900 123 1405 938 921 1141 1166 671 130 1829 104 1552 730 605 180 1238 1558 40 88 84 115 106 608 1304 896 1573 519 511 933 88 303 129 1470 533 1724 1144 1201
1140 1544 875 462 484 845 1136 1541 718 1510 667 1472 0 894 934 1520 1525 850 1540 241 888 871 910 427 1006 1547 489 1521 401 882 1016 1531 551 407 1457 1505 1501 1532 1524 1057 616 846 147 1046 1157 883 1505 1208 1546 319 1148 298 457 371
613 1016 214 942 964 386 966 1014 929 983 1147 945 1078 0 743 992 998 112 1012 1011 149 209 538 698 836 1020 1225 993 1157 740 846 1003 1031 1164 930 977 974 1004 996 887 1097 107 1179 614 987 105 978 680 1018 1075 978 1159 937 733
401 804 724 597 633 536 453 802 1330 771 816 733 934 743 0 780 786 699 800 867 736 719 939 628 324 808 1377 781 1014 90 334 791 700 1020 718 765 762 792 784 375 766 694 1035 306 474 731 766 469 806 932 466 1186 606 663
417 53 973 1182 1219 897 601 51 1579 82 1402 103 1520 992 780 0 75 948 65 1453 985 969 1189 1214 718 55 1876 82 1600 777 653 228 1286 1606 88 83 83 75 61 655 1351 943 1621 567 558 981 105 350 57 1517 581 1772 1192 1248
423 59 979 1188 1225 902 606 58 1585 89 1407 108 1525 998 786 75 0 954 72 1459 991 974 1194 1219 724 61 1882 88 1605 783 658 233 1292 1612 93 90 90 81 68 661 1357 949 1627 572 564 986 111 356 63 1523 586 1777 1197 1254
568 972 169 898 920 342 922 970 884 939 1103 900 1033 112 699 948 954 0 968 967 77 165 494 654 792 976 1181 949 1113 696 802 959 987 1120 885 933 929 960 952 843 1052 63 1135 570 943 100 933 636 974 1031 934 1115 893 688
437 49 993 1202 1239 917 620 48 1599 79 1422 123 1540 1012 800 65 72 968 0 1473 1005 988 1209 1233 738 51 1896 78 1619 797 672 247 1306 1626 108 80 80 71 58 675 1371 963 1641 587 578 1000 113 370 53 1537 600 1792 1211 1268
1074 1477 809 395 417 779 1069 1475 914 1444 600 1405 241 828 867 1453 1459 783 1473 0 821 804 843 360 939 1481 684 1454 334 816 949 1464 484 341 1391 1438 1434 1465 1457 991 550 779 343 979 1090 816 1438 1141 1479 252 1082 493 390 304
606 1010 207 935 957 380 959 1007 922 976 1140 938 1071 149 736 985 991 77 1005 1004 0 202 531 691 829 1013 1219 986 1151 733 839 997 1024 1157 923 971 967 998 989 881 1090 82 1172 607 980 137 971 674 1012 1068 972 1152 930 726
589 993 113 918 941 363 942 990 905 959 1123 921 1054 209 719 969 974 165 988 987 202 0 514 674 813 996 1202 969 1134 716 823 980 1007 1140 906 954 950 981 972 864 1073 160 1155 590 963 197 954 657 995 1051 955 1135 913 709
809 1213 519 763 785 583 1162 1210 560 1179 968 1141 899 538 939 1189 1194 494 1209 832 531 514 0 519 1033 1216 857 1190 979 936 1043 1200 852 985 1126 1174 1170 1201 1192 1084 918 489 863 811 1183 526 1174 877 1215 896 1175 790 758 554
786 1190 496 291 313 466 819 1187 921 1156 496 1118 427 515 618 1166 1171 470 1185 360 508 491 530 0 690 1193 870 1166 507 566 699 1177 380 513 1103 1151 1147 1178 1169 741 446 466 528 729 840 503 1151 854 1192 424 832 679 286 82
411 742 817 669 705 607 223 740 1423 709 888 671 1006 836 324 718 724 792 738 939 829 813 1033 700 0 746 1449 719 1086 272 103 729 772 1092 656 703 700 730 722 145 838 787 1107 317 244 825 704 479 744 1003 236 1258 678 735
445 39 1001 1210 1247 924 628 37 1607 68 1429 130 1547 1020 808 55 61 976 51 1481 1013 996 1216 1241 746 0 1904 68 1627 805 680 255 1314 1634 115 70 69 61 47 683 1379 971 1649 594 586 1008 103 378 43 1545 608 1799 1219 1276
1497 1900 1206 905 927 1270 1579 1898 594 1867 1110 1829 489 1225 1377 1876 1882 1181 1896 684 1219 1202 857 870 1449 1904 0 1877 844 1325 1459 1887 994 850 1814 1861 1857 1888 1880 1500 1059 1176 370 1489 1600 1214 1861 1564 1902 762 1591 298 900 814
418 66 974 1183 1220 898 601 64 1580 95 1403 104 1521 993 781 82 88 949 78 1454 986 969 1190 1214 719 68 1877 0 1600 778 653 228 1287 1607 89 97 96 88 74 656 1352 944 1622 568 559 981 106 351 70 1518 581 1773 1192 1249
1220 1624 955 541 564 925 1215 1621 1074 1590 746 1552 401 974 1014 1600 1605 930 1619 334 967 950 990 507 1086 1627 844 1600 0 962 1096 1611 631 307 1537 1585 1581 1612 1603 1137 696 925 502 1125 1236 962 1585 1288 1626 179 1228 653 536 451
398 801 721 545 582 484 401 799 1327 768 764 730 882 740 90 777 783 696 797 816 733 716 936 576 272 805 1325 778 962 0 282 788 648 968 715 762 759 789 781 323 714 691 984 303 422 728 763 465 803 880 414 1134 554 611
421 677 827 679 715 617 157 674 1433 643 898 605 1016 846 334 653 658 802 672 949 839 823 1043 710 103 680 1459 653 1096 282 0 664 782 1102 590 638 634 665 656 79 848 797 1117 327 178 834 638 489 679 1013 170 1268 688 744
428 252 984 1193 1230 908 612 249 1590 218 1413 180 1531 1003 791 228 233 959 247 1464 997 980 1200 1225 729 255 1887 228 1611 788 664 0 1297 1617 165 213 209 240 231 666 1362 954 1632 578 570 992 213 361 254 1528 592 1783 1203 1259
906 1310 829 228 85 799 902 1308 1224 1277 262 1238 551 848 700 1286 1292 803 1306 484 841 824 863 380 772 1314 994 1287 631 648 782 1297 0 637 1223 1271 1267 1298 1290 823 207 799 652 812 923 836 1271 974 1312 548 915 803 183 324
1226 1630 962 548 570 932 1222 1628 1080 1597 753 1558 407 981 1020 1606 1612 936 1626 341 974 957 996 513 1092 1634 850 1607 307 968 1102 1617 637 0 1544 1591 1587 1618 1610 1144 703 932 509 1132 1243 969 1591 1294 1632 211 1235 659 543 457
355 112 911 1120 1157 834 538 110 1517 78 1339 40 1457 930 718 88 93 885 108 1391 923 906 1126 1151 656 115 1814 89 1537 715 590 165 1223 1544 0 73 69 100 92 593 1289 881 1559 504 496 918 73 288 114 1455 518 1709 1129 1186
402 68 958 1168 1204 882 586 66 1565 96 1387 88 1505 977 765 83 90 933 80 1438 971 954 1174 1199 703 70 1861 97 1585 762 638 213 1271 1591 73 0 87 89 76 640 1337 928 1606 552 544 966 91 335 72 1502 566 1757 1177 1233
398 67 955 1164 1200 878 582 66 1561 92 1383 84 1501 974 762 83 90 929 80 1434 967 950 1170 1195 700 69 1857 96 1581 759 634 209 1267 1587 69 87 0 89 76 637 1333 925 1602 548 540 962 87 332 71 1499 562 1753 1173 1230
429 59 985 1195 1231 909 613 57 1592 88 1414 115 1532 1004 792 75 81 960 71 1465 998 981 1201 1226 730 61 1888 88 1612 789 665 240 1298 1618 100 89 89 0 67 667 1364 955 1633 579 571 993 118 362 63 1529 593 1784 1204 1260
421 45 977 1186 1223 901 604 44 1583 75 1405 106 1524 996 784 61 68 952 58 1457 989 972 1192 1217 722 47 1880 74 1603 781 656 231 1290 1610 92 76 76 67 0 659 1355 947 1625 570 562 984 109 354 49 1521 584 1776 1195 1252
463 679 868 720 757 659 160 677 1475 646 939 608 1057 887 375 655 661 843 675 991 881 864 1084 751 145 683 1500 656 1137 323 79 666 823 1144 593 640 637 667 659 0 889 839 1159 368 181 876 641 530 682 1055 173 1309 729 786
972 1376 894 293 150 864 967 1373 1289 1342 71 1304 616 913 766 1351 1357 869 1371 550 906 890 929 446 838 1379 1059 1352 696 714 848 1362 207 703 1289 1337 1333 1364 1355 889 0 864 718 877 988 902 1337 1040 1378 614 980 868 204 390
564 967 165 893 915 338 917 965 880 934 1098 896 1029 107 694 943 949 63 963 962 82 160 489 649 787 971 1176 944 1109 691 797 954 982 1115 881 928 925 955 947 839 1048 0 1130 565 938 95 929 632 970 1026 930 1110 888 684
1242 1645 977 563 585 947 1237 1643 600 1612 768 1573 147 996 1035 1621 1627 951 1641 343 989 972 863 528 1107 1649 370 1622 502 984 1117 1632 652 509 1559 1606 1602 1633 1625 1159 718 947 0 1147 1258 984 1606 1309 1647 420 1250 179 558 472
187 591 595 708 745 519 446 588 1201 557 928 519 1046 614 306 567 572 570 587 979 607 590 811 739 317 594 1489 568 1125 303 327 578 812 1132 504 552 548 579 570 368 877 565 1147 0 467 602 552 255 593 1043 459 1298 718 774
562 583 968 819 856 758 123 580 1574 549 1039 511 1157 987 474 558 564 943 578 1090 980 963 1183 850 244 586 1600 559 1236 422 178 570 923 1243 496 544 540 571 562 181 988 938 1258 467 0 975 544 630 585 1154 103 1409 829 885
601 1005 202 930 952 375 954 1002 917 971 1135 933 1066 105 731 981 986 100 1000 999 137 197 526 686 825 1008 1214 981 1146 728 834 992 1019 1152 918 966 962 993 984 876 1085 95 1167 602 975 0 966 669 1007 1063 967 1147 925 721
402 101 959 1168 1204 882 586 99 1565 96 1387 88 1505 978 766 105 111 933 113 1438 971 954 1174 1199 704 103 1861 106 1585 763 638 213 1271 1591 73 91 87 118 109 641 1337 929 1606 552 544 966 0 336 105 1503 566 1757 1177 1234
105 374 662 871 907 585 609 372 1268 341 1090 303 1208 680 469 350 356 636 370 1141 674 657 877 902 479 378 1564 351 1288 465 489 361 974 1294 288 335 332 362 354 530 1040 632 1309 255 630 669 336 0 376 1205 621 1460 880 937
443 41 999 1209 1245 923 627 39 1606 70 1428 129 1546 1018 806 57 63 974 53 1479 1012 995 1215 1240 744 43 1902 70 1626 803 679 254 1312 1632 114 72 71 63 49 682 1378 970 1647 593 585 1007 105 376 0 1543 607 1798 1218 1274
1138 1541 873 459 481 843 1133 1539 991 1508 664 1470 319 892 932 1517 1523 847 1537 252 885 868 907 424 1003 1545 762 1518 179 880 1013 1528 548 211 1455 1502 1499 1529 1521 1055 614 843 420 1043 1154 880 1503 1205 1543 0 1146 571 454 368
554 605 960 811 848 750 115 602 1566 571 1030 533 1148 978 466 581 586 934 600 1082 972 955 1175 842 236 608 1591 581 1228 414 170 592 915 1235 518 566 562 593 584 173 980 930 1250 459 103 967 566 621 607 1146 0 1400 820 877
1392 1796 1127 714 736 1097 1388 1794 528 1762 919 1724 298 1146 1186 1772 1777 1102 1792 493 1140 1123 790 679 1258 1799 298 1773 653 1134 1268 1783 803 659 1709 1757 1753 1784 1776 1309 868 1098 179 1298 1409 1135 1757 1460 1798 571 1400 0 709 623
812 1216 734 134 116 704 808 1213 1129 1182 239 1144 457 753 606 1192 1197 709 1211 390 747 730 769 286 678 1219 900 1192 536 554 688 1203 183 543 1129 1177 1173 1204 1195 729 204 705 558 718 829 742 1177 880 1218 454 820 709 0 230
821 1224 530 235 257 500 854 1222 956 1191 440 1153 371 549 652 1200 1206 505 1220 304 543 526 565 82 724 1228 814 1201 451 600 734 1211 324 457 1138 1185 1182 1212 1204 775 390 500 472 764 875 538 1186 888 1226 368 866 623 230 0
EOF