NAME : tsp_problem
TYPE : TSP
DIMENSION : 24
EDGE_WEIGHT_TYPE : EXPLICIT
EDGE_WEIGHT_FORMAT : FULL_MATRIX
EDGE_WEIGHT_SECTION
0 732 1519 1539 859 112 1070 395 1462 1542 984 1062 1530 1527 424 109 1541 1537 1043 563 1532 688 999 1503
732 0 1571 1592 886 639 1475 800 1514 1594 1278 409 1582 1579 829 731 1593 1589 339 968 1584 1093 1186 1555
1519 1571 0 68 950 1426 661 1223 81 57 729 1334 69 54 1138 1518 54 54 1678 1292 222 1417 555 193
1539 1592 68 0 971 1447 682 1244 101 57 750 1355 68 54 1159 1539 53 53 1699 1312 243 1437 575 214
1042 886 950 971 0 949 859 674 894 974 657 649 962 959 863 1042 973 969 993 1002 963 1127 565 934
112 639 1426 1447 766 0 977 302 1369 1449 892 969 1437 1434 331 190 1448 1445 950 470 1439 595 906 1410
1070 1475 661 682 859 977 0 774 605 685 432 1243 673 670 689 1069 684 680 1587 843 674 968 329 645
395 800 1175 1196 490 302 764 0 1119 1199 679 693 1187 1184 216 394 1198 1194 1037 355 1188 480 694 1159
1462 1514 81 101 894 1369 605 1167 0 104 672 1277 92 89 1081 1462 103 99 1621 1235 165 1360 498 136
1542 1594 57 57 974 1449 685 1247 104 0 752 1357 58 43 1161 1542 43 43 1702 1315 245 1440 578 216
984 1278 729 750 657 892 432 689 672 752 0 1041 740 737 604 984 751 747 1385 757 742 882 241 713
1051 409 1334 1355 649 958 1243 682 1277 1357 1041 0 1345 1342 871 1050 1356 1353 516 1011 1347 1136 949 1318
1530 1582 69 68 962 1437 673 1235 92 58 740 1345 0 55 1149 1530 54 54 1690 1303 233 1428 566 204
1527 1579 54 54 959 1434 670 1232 89 43 737 1342 55 0 1146 1527 40 40 1686 1300 230 1425 563 201
557 962 1266 1286 813 464 817 349 1209 1289 731 1016 1277 1274 0 557 1288 1284 1273 340 1278 465 746 1249
109 731 1518 1539 859 190 1069 394 1462 1542 984 1061 1530 1527 423 0 1541 1537 1042 563 1531 688 999 1502
1541 1593 54 53 973 1448 684 1246 103 43 751 1356 54 40 1160 1541 0 40 1701 1314 244 1439 577 215
1537 1589 54 53 969 1445 680 1242 99 43 747 1353 54 40 1157 1537 40 0 1697 1310 241 1435 573 211
1043 339 1678 1699 993 950 1587 1026 1621 1702 1385 516 1690 1686 1140 1042 1701 1697 0 1279 1691 1404 1293 1662
563 968 1292 1312 819 470 843 355 1235 1315 757 1022 1303 1300 197 563 1314 1310 1279 0 1304 238 772 1275
1532 1584 222 243 963 1439 674 1236 165 245 742 1347 233 230 1151 1531 244 241 1691 1304 0 1430 567 86
688 1093 1417 1437 944 595 968 480 1360 1440 882 1147 1428 1425 322 688 1439 1435 1404 238 1430 0 897 1400
999 1186 555 575 565 906 329 704 498 578 241 949 566 563 618 999 577 573 1293 772 567 897 0 538
1503 1555 193 214 934 1410 645 1207 136 216 713 1318 204 201 1122 1502 215 211 1662 1275 86 1400 538 0
EOF