NAME : tsp_problem
TYPE : TSP
DIMENSION : 22
EDGE_WEIGHT_TYPE : EXPLICIT
EDGE_WEIGHT_FORMAT : FULL_MATRIX
EDGE_WEIGHT_SECTION
0 1236 1262 1248 1078 813 1052 941 861 1266 1151 1225 1221 1321 1162 1224 1229 886 1236 1228 1201 851
1236 0 61 61 1643 1378 1430 1735 1824 58 666 85 82 459 116 95 82 587 67 75 583 554
1262 61 0 45 1669 1405 1456 1762 1851 42 693 68 66 486 142 78 66 613 51 59 610 580
1248 61 45 0 1655 1391 1442 1748 1837 42 679 68 66 472 128 78 66 599 51 59 596 566
1089 1643 1669 1655 0 415 827 669 844 1673 1200 1632 1628 1371 1569 1631 1636 1293 1643 1635 1250 1118
824 1378 1405 1391 415 0 562 508 683 1408 936 1367 1364 1106 1305 1367 1371 1029 1378 1371 986 853
1063 1430 1456 1442 827 562 0 919 1095 1460 987 1419 1415 1158 1356 1418 1423 1080 1430 1422 1037 905
941 1735 1762 1748 669 508 919 0 350 1765 1293 1724 1721 1463 1662 1724 1728 1386 1735 1728 1343 1210
861 1824 1851 1837 844 683 1095 350 0 1854 1468 1813 1810 1639 1751 1813 1817 1475 1824 1817 1518 1386
1266 58 42 42 1673 1408 1460 1765 1854 0 696 65 63 489 145 75 63 616 48 56 613 583
1151 666 693 679 1200 936 987 1293 1468 696 0 655 652 283 593 655 659 504 666 659 163 328
1225 85 68 68 1632 1367 1419 1724 1813 65 655 0 85 448 104 88 90 575 75 82 572 542
1221 82 66 66 1628 1364 1415 1721 1810 63 652 85 0 445 101 85 87 572 72 80 569 539
1321 459 486 472 1371 1106 1158 1463 1639 489 283 448 445 0 386 448 452 674 459 452 200 499
1162 116 142 128 1569 1305 1356 1662 1751 145 593 104 101 386 0 104 109 513 116 108 510 480
1224 95 78 78 1631 1367 1418 1724 1813 75 655 88 85 448 104 0 93 575 85 92 572 542
1229 82 66 66 1636 1371 1423 1728 1817 63 659 90 87 452 109 93 0 580 72 80 576 547
886 587 613 599 1293 1029 1080 1386 1475 616 504 575 572 674 513 575 580 0 587 579 554 204
1236 67 51 51 1643 1378 1430 1735 1824 48 666 75 72 459 116 85 72 587 0 65 583 554
1228 75 59 59 1635 1371 1422 1728 1817 56 659 82 80 452 108 92 80 579 65 0 576 546
1201 583 610 596 1250 986 1037 1343 1518 613 163 572 569 200 510 572 576 554 583 576 0 378
851 554 580 566 1118 853 905 1210 1386 583 328 542 539 499 480 542 547 204 554 546 378 0
EOF