NAME : tsp_problem
TYPE : TSP
DIMENSION : 46
EDGE_WEIGHT_TYPE : EXPLICIT
EDGE_WEIGHT_FORMAT : FULL_MATRIX
EDGE_WEIGHT_SECTION
0 129 1521 1024 61 685 120 1457 34 1515 37 698 1623 81 1739 689 959 1620 32 1111 991 117 234 37 1695 1623 46 1169 1660 624 240 603 51 1676 1644 40 1394 612 1475 1264 51 78 33 33 1772 849
129 0 1446 949 151 611 45 1383 124 1441 127 624 1548 171 1665 614 884 1545 122 1037 916 73 160 127 1621 1549 136 1095 1586 550 165 528 141 1602 1569 131 1319 537 1401 1189 141 168 123 123 1698 775
1521 1446 0 873 1542 1035 1437 1125 1516 89 1519 947 371 1563 1101 1038 808 368 1513 469 785 1464 1485 1518 1057 929 1527 532 219 1036 1490 1020 1532 1038 1006 1522 281 1134 224 491 1532 1560 1515 1515 1078 839
1024 949 1057 0 1046 896 940 784 1019 1051 1022 639 1159 1066 1067 899 177 1156 1017 980 458 968 988 1022 1022 951 1030 1043 1197 565 993 626 1036 1004 971 1025 930 637 1011 591 1035 1063 1018 1018 1100 317
61 151 1542 1046 0 707 142 1479 56 1537 59 720 1644 103 1761 710 980 1641 53 1133 1012 139 256 59 1717 1645 67 1191 1682 646 261 624 73 1698 1666 62 1415 634 1497 1286 72 100 55 55 1794 871
685 611 1035 896 707 0 601 1329 680 1029 683 416 1137 727 1611 21 831 1134 678 625 628 629 650 683 1567 1495 692 683 1174 393 655 372 697 1548 1516 687 908 486 989 815 697 724 679 679 1644 721
120 45 1437 940 142 601 0 1373 115 1431 118 614 1539 162 1655 605 875 1536 113 1028 907 64 151 118 1611 1539 126 1085 1576 540 156 519 132 1592 1560 121 1310 528 1391 1180 131 159 114 114 1689 765
1457 1383 1114 784 1479 1329 1373 0 1452 1109 1455 1072 847 1499 639 1332 719 844 1450 1038 891 1401 1421 1455 595 524 1463 1100 1254 998 1427 1059 1469 576 544 1458 987 1071 986 649 1468 1496 1451 1451 673 750
34 124 1516 1019 56 680 115 1452 0 1510 32 694 1618 77 1734 684 954 1615 27 1107 986 112 230 32 1690 1618 41 1164 1656 620 235 598 46 1671 1639 36 1389 607 1470 1259 46 73 28 28 1768 844
1515 1441 89 868 1537 1029 1431 1120 1510 0 1513 941 366 1557 1095 1033 803 363 1508 464 780 1459 1480 1513 1051 923 1521 526 185 1030 1485 1015 1527 1032 1000 1516 276 1129 218 486 1527 1554 1509 1509 1072 833
37 127 1519 1022 59 683 118 1455 32 1513 0 696 1621 79 1737 687 957 1618 30 1109 989 115 233 35 1693 1621 44 1167 1658 622 238 601 49 1674 1642 39 1392 610 1473 1262 49 76 31 31 1771 847
698 624 947 639 720 416 614 1072 694 941 696 0 1049 740 1354 420 574 1046 691 537 540 642 663 696 1310 1239 705 595 1086 137 668 198 710 1291 1259 700 820 312 901 727 710 737 692 692 1388 464
1623 1548 371 975 1644 1137 1539 847 1618 366 1621 1049 0 1665 771 1140 910 38 1615 571 887 1566 1587 1620 727 599 1629 634 511 1138 1592 1122 1634 708 676 1624 383 1236 181 593 1634 1661 1616 1616 748 941
81 171 1563 1066 103 727 162 1499 77 1557 79 740 1665 0 1781 731 1001 1662 74 1154 1033 159 277 79 1737 1665 88 1211 1702 666 282 645 93 1718 1686 83 1436 654 1517 1306 93 120 75 75 1815 891
1739 1665 1101 1067 1761 1611 1655 639 1734 1095 1737 1354 771 1781 0 1614 1001 768 1732 1301 1174 1683 1704 1737 418 447 1745 1363 1241 1280 1709 1341 1751 399 227 1740 1113 1353 910 931 1751 1778 1733 1733 597 1032
689 614 1038 899 710 21 605 1332 684 1033 687 420 1140 731 1614 0 834 1137 681 629 631 632 653 687 1570 1498 695 687 1178 397 658 375 701 1551 1519 690 911 489 992 818 700 728 683 683 1648 724
959 884 992 177 980 831 875 719 954 986 957 574 1094 1001 1001 834 0 1091 951 915 393 902 923 957 957 886 965 978 1131 500 928 561 971 938 906 960 865 572 946 526 970 998 953 953 1035 252
1620 1545 368 972 1641 1134 1536 844 1615 363 1618 1046 38 1662 768 1137 907 0 1612 568 884 1563 1584 1617 724 596 1626 631 508 1135 1589 1119 1631 705 673 1621 380 1233 178 590 1631 1659 1614 1614 745 938
32 122 1513 1017 53 678 113 1450 27 1508 30 691 1615 74 1732 681 951 1612 0 1104 983 110 227 30 1688 1616 38 1162 1653 617 232 595 44 1669 1637 33 1386 605 1468 1257 43 71 26 26 1765 842
1111 1037 469 797 1133 625 1028 1049 1107 464 1109 537 571 1154 1301 629 732 568 1104 0 621 1055 1076 1109 1257 1129 1118 124 609 626 1081 611 1123 1238 1206 1113 342 725 424 415 1123 1150 1105 1105 1278 739
991 916 783 458 1012 657 907 891 986 777 989 569 885 1033 1174 660 393 882 983 627 0 934 955 988 1129 1058 997 685 922 532 960 593 1002 1111 1078 992 656 604 737 489 1002 1029 984 984 1207 179
117 73 1464 968 139 629 64 1401 112 1459 115 642 1566 159 1683 632 902 1563 110 1055 934 0 178 115 1639 1567 123 1113 1604 568 183 546 129 1620 1588 118 1337 556 1419 1208 129 156 111 111 1716 793
234 160 1485 988 256 650 151 1421 230 1480 233 663 1587 277 1704 653 923 1584 227 1076 955 178 0 232 1660 1588 241 1134 1625 589 59 567 246 1641 1608 236 1358 576 1439 1228 246 273 228 228 1737 813
37 127 1518 1022 59 683 118 1455 32 1513 35 696 1620 79 1737 687 957 1617 30 1109 988 115 232 0 1693 1621 43 1167 1658 622 237 601 49 1674 1642 38 1391 610 1473 1262 49 76 31 31 1770 847
1695 1621 1057 1022 1717 1567 1611 595 1690 1051 1693 1310 727 1737 418 1570 957 724 1688 1257 1129 1639 1660 1693 0 403 1701 1319 1197 1236 1665 1297 1707 54 322 1696 1069 1309 866 887 1707 1734 1689 1689 553 988
1623 1549 929 951 1645 1495 1539 524 1618 923 1621 1239 599 1665 447 1498 886 596 1616 1129 1058 1567 1588 1621 403 0 1630 1191 1069 1165 1593 1226 1635 385 352 1625 941 1237 738 815 1635 1662 1617 1617 273 916
46 136 1527 1030 67 692 126 1463 41 1521 44 705 1629 88 1745 695 965 1626 38 1118 997 123 241 43 1701 1630 0 1175 1667 631 246 609 57 1682 1650 47 1400 618 1481 1270 57 84 39 39 1779 855
1169 1095 531 859 1191 683 1085 1111 1164 526 1167 595 633 1211 1363 687 794 630 1162 124 679 1113 1134 1167 1319 1191 1175 0 671 684 1139 669 1181 1300 1268 1170 404 783 486 477 1181 1208 1163 1163 1340 797
1660 1586 219 1013 1682 1174 1576 1265 1656 185 1658 1086 511 1702 1241 1178 948 508 1653 609 925 1604 1625 1658 1197 1069 1667 671 0 1175 1630 1160 1672 1178 1146 1662 421 1274 363 631 1672 1699 1654 1654 1218 979
624 550 1036 565 646 393 540 998 620 1030 622 137 1138 666 1280 397 500 1135 617 626 532 568 589 622 1236 1165 631 684 1175 0 594 124 636 1217 1185 626 909 238 990 805 636 663 618 618 1314 390
240 165 1490 993 261 655 156 1427 235 1485 238 668 1592 282 1709 658 928 1589 232 1081 960 183 59 237 1665 1593 246 1139 1630 594 0 572 251 1646 1613 241 1363 581 1445 1233 251 278 233 233 1742 819
603 528 1020 626 624 372 519 1059 598 1015 601 198 1122 645 1341 375 561 1119 595 611 593 546 567 601 1297 1226 609 669 1160 124 572 0 615 1279 1246 604 893 216 974 800 614 642 597 597 1375 451
51 141 1532 1036 73 697 132 1469 46 1527 49 710 1634 93 1751 701 971 1631 44 1123 1002 129 246 49 1707 1635 57 1181 1672 636 251 615 0 1688 1656 52 1406 624 1487 1276 63 90 45 45 1784 861
1676 1602 1038 1004 1698 1548 1592 576 1671 1032 1674 1291 708 1718 399 1551 938 705 1669 1238 1111 1620 1641 1674 54 385 1682 1300 1178 1217 1646 1279 1688 0 303 1677 1050 1290 848 868 1688 1715 1670 1670 534 969
1644 1569 1006 971 1666 1516 1560 544 1639 1000 1642 1259 676 1686 227 1519 906 673 1637 1206 1078 1588 1608 1642 322 352 1650 1268 1146 1185 1613 1246 1656 303 0 1645 1018 1257 815 836 1655 1683 1638 1638 501 937
40 131 1522 1025 62 687 121 1458 36 1516 39 700 1624 83 1740 690 960 1621 33 1113 992 118 236 38 1696 1625 47 1170 1662 626 241 604 52 1677 1645 0 1395 613 1476 1265 52 79 34 34 1774 850
1394 1319 281 746 1415 908 1310 998 1389 276 1392 820 383 1436 1113 911 681 380 1386 342 658 1337 1358 1391 1069 941 1400 405 421 909 1363 893 1406 1050 1018 1395 0 1007 236 364 1405 1433 1388 1388 1090 712
612 537 1134 637 634 486 528 1071 607 1129 610 312 1236 654 1353 489 572 1233 605 725 604 556 576 610 1309 1237 618 783 1274 238 581 216 624 1290 1257 613 1007 0 1089 878 623 651 606 606 1386 463
1475 1401 224 828 1497 989 1391 986 1470 218 1473 901 181 1517 910 992 763 178 1468 424 740 1419 1439 1473 866 738 1481 486 363 990 1445 974 1487 848 815 1476 236 1089 0 446 1486 1514 1469 1469 888 793
1252 1178 491 580 1274 804 1169 832 1248 486 1251 716 593 1295 1114 808 515 590 1245 415 492 1196 1217 1250 1070 998 1259 477 631 794 1222 790 1264 1051 1019 1254 364 866 446 0 1264 1291 1246 1246 1147 545
51 141 1532 1035 72 697 131 1468 46 1527 49 710 1634 93 1751 700 970 1631 43 1123 1002 129 246 49 1707 1635 57 1181 1672 636 251 614 63 1688 1655 52 1405 623 1486 1275 0 90 45 45 1784 861
78 168 1560 1063 100 724 159 1496 73 1554 76 737 1661 120 1778 728 998 1659 71 1150 1029 156 273 76 1734 1662 84 1208 1699 663 278 642 90 1715 1683 79 1433 651 1514 1303 90 0 72 72 1811 888
33 123 1515 1018 55 679 114 1451 28 1509 31 692 1616 75 1733 683 953 1614 26 1105 984 111 228 31 1689 1617 39 1163 1654 618 233 597 45 1670 1638 34 1388 606 1469 1258 45 72 0 27 1766 843
33 123 1515 1018 55 679 114 1451 28 1509 31 692 1616 75 1733 683 953 1614 26 1105 984 111 228 31 1689 1617 39 1163 1654 618 233 597 45 1670 1638 34 1388 606 1469 1258 45 72 27 0 1766 843
1772 1698 1078 1100 1794 1644 1689 673 1768 1072 1771 1388 748 1815 597 1648 1035 745 1765 1278 1207 1716 1737 1770 553 273 1779 1340 1218 1314 1742 1375 1784 534 501 1774 1090 1386 888 965 1784 1811 1766 1766 0 1065
849 775 900 317 871 721 765 750 844 895 847 464 1002 891 1032 724 252 999 842 745 179 793 813 847 988 916 855 803 1040 390 819 451 861 969 937 850 773 463 855 557 861 888 843 843 1065 0
EOF
