NAME : tsp_problem
TYPE : TSP
DIMENSION : 20
EDGE_WEIGHT_TYPE : EXPLICIT
EDGE_WEIGHT_FORMAT : FULL_MATRIX
EDGE_WEIGHT_SECTION
0 1169 417 1235 1187 1707 750 722 695 1736 1669 815 295 1704 1274 1159 758 1105 1721 1708
1337 0 964 730 884 1047 1097 1070 1318 1076 1009 1118 1217 1044 971 709 1180 419 1061 1048
417 780 0 847 799 1319 361 334 383 1348 1281 426 282 1316 886 771 1010 717 1333 1320
1235 730 847 0 280 598 793 620 1202 627 560 624 1101 595 367 112 1427 526 611 599
1187 884 799 280 0 669 745 572 1153 698 631 576 1052 666 125 204 1581 680 683 670
1707 1047 1319 598 669 0 1265 1092 1673 56 80 1096 1573 181 652 577 1743 843 85 89
750 914 361 793 745 1265 0 280 716 1294 1227 372 615 1262 832 717 1343 850 1279 1266
722 886 334 620 572 1092 280 0 688 1121 1054 116 588 1089 659 544 1315 799 1106 1093
695 1135 383 1202 1153 1673 716 688 0 1703 1636 781 560 1670 1240 1126 1288 1071 1687 1674
1736 1076 1348 627 698 56 1294 1121 1703 0 109 1125 1602 210 681 606 1772 872 60 67
1669 1009 1281 560 631 80 1227 1054 1636 109 0 1058 1535 143 614 539 1705 805 94 81
814 978 426 624 576 1096 374 116 780 1125 1058 0 679 1093 663 548 1407 803 1110 1097
295 1034 282 1101 1052 1573 615 588 560 1602 1535 680 0 1570 1139 1025 887 970 1586 1574
1704 1044 1316 595 666 181 1262 1089 1670 210 143 1093 1570 0 649 574 1740 839 195 182
1274 971 886 367 125 652 832 659 1240 681 614 663 1139 649 0 291 1668 767 666 653
1159 709 771 112 204 577 717 544 1126 606 539 548 1025 574 291 0 1406 505 591 578
758 1180 1010 1427 1581 1743 1343 1315 1288 1772 1705 1407 887 1740 1668 1406 0 1116 1757 1744
1166 419 778 526 680 843 911 805 1132 872 805 809 1032 839 767 505 1116 0 856 843
1721 1061 1333 611 683 85 1279 1106 1687 60 94 1110 1586 195 666 591 1757 856 0 96
1708 1048 1320 599 670 89 1266 1093 1674 67 81 1097 1574 182 653 578 1744 843 96 0
EOF