NAME : tsp_problem
TYPE : TSP
DIMENSION : 64
EDGE_WEIGHT_TYPE : EXPLICIT
EDGE_WEIGHT_FORMAT : FULL_MATRIX
EDGE_WEIGHT_SECTION
0 990 569 107 591 989 182 26 386 471 1056 576 1157 487 1280 316 546 843 1242 554 889 169 216 1650 268 594 545 561 1069 87 859 1202 1330 586 894 210 571 595 1004 822 521 514 669 562 644 310 652 571 1199 588 860 1448 1041 227 864 545 573 564 589 548 1167 455 1012 556
990 0 1375 1027 1397 492 1099 989 839 918 559 1382 342 935 881 769 1352 246 426 1007 392 921 1133 1090 757 1400 998 1367 253 975 230 386 514 1392 397 847 1377 557 507 325 1327 1320 1122 1368 606 710 614 1377 384 1394 341 632 544 801 225 1351 1379 1370 1395 1354 351 725 515 1362
569 1375 0 556 65 1374 466 568 565 579 1441 80 1542 617 1307 662 99 1228 1627 579 1274 665 500 1677 689 60 570 89 1454 587 1244 1587 1714 52 1279 706 63 979 1389 1207 104 97 694 70 1011 695 989 71 1584 56 1245 1671 1426 723 1249 85 75 86 61 80 1552 839 1397 109
107 1027 556 0 578 1025 168 105 423 507 1093 563 1194 524 1316 353 532 880 1279 590 925 206 202 1686 305 581 582 548 1105 124 896 1239 1366 573 931 247 557 631 1040 859 508 501 705 549 680 346 689 557 1236 575 896 1485 1078 264 901 531 560 550 576 535 1203 491 1049 543
591 1397 65 578 0 1395 488 590 587 601 1463 70 1564 639 1329 684 105 1250 1649 601 1295 687 522 1699 710 50 592 79 1475 608 1266 1609 1736 42 1301 728 54 1001 1410 1229 126 119 716 60 1033 716 1011 61 1606 46 1266 1693 1448 745 1271 76 65 77 52 70 1574 861 1419 115
989 492 1374 1025 1395 0 1097 988 838 916 86 1381 659 933 1067 768 1350 432 744 1006 203 919 1131 1407 756 1399 997 1365 570 974 416 704 831 1391 125 846 1375 743 33 283 1325 1318 1121 1366 792 708 800 1375 701 1393 527 949 189 799 411 1349 1377 1368 1393 1352 668 724 174 1360
182 1099 466 168 488 1097 0 180 494 579 1165 473 1266 596 1388 424 442 952 1350 662 997 278 86 1758 376 491 653 458 1177 199 968 1310 1438 483 1002 319 467 703 1112 930 418 411 777 459 752 418 760 468 1308 485 968 1556 1149 336 973 441 470 460 486 445 1275 563 1120 453
26 989 568 105 590 988 180 0 385 469 1055 575 1156 486 1278 315 544 842 1241 553 888 168 214 1649 267 593 544 560 1068 86 858 1201 1328 585 893 209 569 593 1003 821 520 513 668 561 642 309 651 570 1198 587 859 1447 1040 226 863 543 572 563 588 547 1166 453 1011 555
386 839 565 423 587 838 494 385 0 113 905 572 1006 130 923 126 541 692 1091 197 738 316 528 1293 153 590 188 556 918 371 708 1051 1179 582 743 243 566 443 853 671 517 510 312 558 493 159 501 566 1048 584 709 1287 890 196 713 540 569 559 584 543 1016 303 861 551
471 918 579 507 601 916 579 469 113 0 984 586 1085 83 853 211 555 771 1170 211 816 401 613 1223 237 604 202 570 996 455 787 1130 1257 596 821 328 580 522 931 750 531 524 326 572 558 243 536 580 1127 598 787 1217 969 281 792 554 583 573 598 557 1094 382 939 565
1056 559 1441 1093 1463 86 1165 1055 905 984 0 1448 726 1001 1134 835 1418 500 811 1073 270 987 1199 1474 823 1466 1064 1433 638 1041 484 771 899 1458 193 913 1443 810 90 351 1393 1386 1188 1434 859 776 868 1443 768 1460 594 1017 245 867 478 1417 1445 1436 1461 1420 736 791 144 1428
576 1382 80 563 70 1381 473 575 572 586 1448 0 1549 625 1314 669 106 1235 1634 586 1281 672 507 1684 696 65 577 94 1461 594 1251 1594 1722 57 1286 713 68 986 1396 1214 111 104 701 75 1018 702 996 76 1591 61 1252 1678 1433 730 1256 90 80 91 66 85 1559 846 1404 116
1157 342 1542 1194 1564 659 1266 1156 1006 1085 726 1549 0 1102 1048 936 1519 413 449 1174 559 1087 1300 1112 924 1567 1165 1534 275 1142 397 78 536 1559 564 1014 1544 724 674 492 1494 1487 1289 1535 773 877 781 1544 76 1561 508 654 711 968 392 1518 1546 1537 1562 1521 373 892 682 1529
487 935 617 524 639 933 596 486 130 83 1001 625 1102 0 893 227 594 788 1186 249 833 418 630 1263 254 643 240 609 1013 472 804 1146 1274 635 838 344 619 539 948 766 569 562 364 610 588 260 575 619 1144 637 804 1257 985 298 809 593 621 612 637 596 1111 399 956 604
1280 870 1307 1316 1329 1056 1388 1278 923 853 1123 1314 1037 893 0 1020 1283 650 753 939 956 1210 1422 478 1046 1332 930 1298 866 1265 666 1082 840 1324 961 1137 1308 834 1071 889 1259 1252 1054 1300 813 1052 791 1308 1079 1326 554 472 1108 1090 671 1282 1311 1301 1326 1285 755 1090 1079 1293
316 769 662 353 684 768 424 315 126 211 835 669 936 227 1020 0 638 622 1021 294 668 246 458 1390 83 687 285 654 848 301 638 981 1109 679 673 173 663 374 783 601 614 607 409 655 423 89 431 664 978 681 639 1227 820 126 643 637 666 656 682 641 946 234 791 649
546 1352 99 532 105 1350 442 544 541 555 1418 106 1519 594 1283 638 0 1205 1603 555 1250 642 476 1653 665 99 547 90 1430 563 1221 1563 1691 91 1255 683 100 956 1365 1183 81 74 670 91 988 671 966 100 1561 95 1221 1647 1402 700 1226 74 102 93 101 77 1528 816 1373 85
833 246 1180 870 1202 432 941 832 682 727 500 1187 413 766 661 612 1157 0 498 812 332 763 975 1031 600 1205 803 1172 325 818 42 458 586 1197 337 690 1182 337 447 265 1132 1125 927 1173 386 553 394 1182 455 1199 121 704 484 643 47 1156 1184 1175 1200 1159 423 568 455 1167
1242 426 1627 1279 1649 744 1350 1241 1091 1170 811 1634 449 1186 753 1021 1603 498 0 1259 644 1172 1384 765 1009 1652 1250 1619 215 1227 482 493 121 1644 649 1099 1628 809 759 577 1579 1572 1374 1620 858 962 866 1629 491 1646 593 307 796 1052 477 1602 1631 1622 1647 1606 104 977 767 1614
554 1007 579 590 601 1006 662 553 197 211 1073 586 1174 249 939 294 555 860 1259 0 906 484 696 1309 321 604 81 571 1086 539 876 1219 1346 596 911 411 580 611 1021 839 531 524 205 572 643 327 621 581 1216 598 877 1303 1058 364 881 554 583 574 599 558 1184 471 1029 566
889 392 1274 925 1295 203 997 888 738 816 270 1281 559 833 967 668 1250 332 644 906 0 819 1031 1307 656 1299 897 1265 470 874 316 604 731 1291 120 746 1275 643 218 183 1225 1218 1021 1266 692 608 700 1275 601 1293 427 849 179 699 311 1249 1277 1268 1293 1252 568 624 243 1260
169 921 665 206 687 919 278 168 316 401 987 672 1087 418 1210 246 642 774 1172 484 819 0 312 1580 198 690 475 657 999 154 790 1132 1260 682 824 140 667 525 934 752 617 610 599 658 574 240 582 667 1129 684 790 1378 971 158 795 641 669 660 685 644 1097 385 942 652
216 1133 500 202 522 1131 86 214 528 613 1199 507 1300 630 1422 458 476 986 1384 696 1031 312 0 1792 410 525 687 492 1211 233 1002 1344 1472 517 1036 352 501 737 1146 964 452 445 811 493 786 452 794 501 1342 519 1002 1590 1183 370 1007 475 504 494 519 479 1309 597 1154 487
1650 1090 1677 1686 1699 1407 1758 1649 1293 1223 1474 1684 1112 1263 478 1390 1653 1020 765 1309 1307 1580 1792 0 1417 1702 1300 1669 878 1635 1036 1156 852 1694 1312 1507 1678 1204 1422 1240 1629 1622 1424 1670 1184 1423 1161 1679 1154 1696 924 484 1459 1460 1041 1652 1681 1672 1697 1656 767 1460 1430 1664
268 757 689 305 710 756 376 267 153 237 823 696 924 254 1046 83 665 610 1009 321 656 198 410 1417 0 714 312 680 836 253 626 969 1096 706 661 125 690 361 771 589 640 633 436 681 410 77 419 690 966 708 626 1215 808 78 631 664 692 683 708 667 934 221 779 675
594 1400 60 581 50 1399 491 593 590 604 1466 65 1567 643 1332 687 99 1253 1652 604 1299 690 525 1702 714 0 595 74 1479 612 1269 1612 1740 37 1304 731 48 1005 1414 1232 129 122 719 55 1036 720 1014 56 1609 41 1270 1696 1451 749 1274 70 60 71 46 65 1577 865 1422 110
545 998 570 582 592 997 653 544 188 202 1064 577 1165 240 930 285 547 851 1250 81 897 475 687 1300 312 595 0 562 1077 530 867 1210 1337 587 902 402 571 602 1012 830 522 515 157 563 634 318 612 572 1207 589 868 1294 1049 355 872 545 574 565 590 549 1175 462 1020 557
561 1367 89 548 79 1365 458 560 556 570 1433 94 1534 609 1298 654 90 1220 1619 571 1265 657 492 1669 680 74 562 0 1445 578 1236 1579 1706 66 1270 698 78 971 1380 1199 96 89 686 84 1003 686 981 85 1576 70 1236 1662 1418 715 1241 89 89 101 76 92 1543 831 1388 100
1069 253 1454 1105 1475 570 1177 1068 918 996 638 1461 275 1013 866 848 1430 325 215 1086 470 999 1211 878 836 1479 1077 1445 0 1054 309 320 303 1471 475 926 1455 635 585 404 1405 1398 1201 1446 684 788 693 1455 317 1473 420 421 623 879 304 1429 1457 1448 1473 1432 140 804 594 1440
87 975 587 124 608 974 199 86 371 455 1041 594 1142 472 1265 301 563 828 1227 539 874 154 233 1635 253 612 530 578 1054 0 844 1187 1314 604 879 195 588 579 989 807 538 532 654 579 628 295 637 588 1184 606 845 1433 1026 212 849 562 590 581 606 565 1152 439 997 573
849 230 1196 886 1218 416 957 848 698 743 484 1203 397 782 677 628 1173 42 482 828 316 779 991 1047 616 1221 819 1188 309 834 0 442 570 1213 321 706 1198 352 431 249 1148 1141 943 1189 402 568 410 1198 439 1215 137 688 468 659 58 1172 1200 1191 1216 1175 407 584 439 1183
1202 386 1587 1239 1609 704 1310 1201 1051 1130 771 1594 78 1146 1093 981 1563 458 493 1219 604 1132 1344 1156 969 1612 1210 1579 320 1187 442 0 581 1604 609 1059 1588 769 719 537 1539 1532 1334 1580 818 921 826 1588 120 1606 553 699 756 1012 437 1562 1591 1581 1606 1566 418 937 727 1573
1330 514 1714 1366 1736 831 1438 1328 1179 1257 899 1722 536 1274 840 1109 1691 586 121 1346 731 1260 1472 852 1096 1740 1337 1706 303 1314 570 581 0 1732 736 1187 1716 896 846 664 1666 1659 1461 1707 945 1049 954 1716 578 1734 680 395 883 1140 565 1690 1718 1709 1734 1693 191 1064 854 1701
586 1392 52 573 42 1391 483 585 582 596 1458 57 1559 635 1324 679 91 1245 1644 596 1291 682 517 1694 706 37 587 66 1471 604 1261 1604 1732 0 1296 723 40 997 1406 1224 121 114 711 47 1028 712 1006 48 1601 33 1262 1688 1443 741 1266 62 52 63 38 57 1569 857 1414 102
894 397 1279 931 1301 125 1002 893 743 821 193 1286 564 838 972 673 1255 337 649 911 120 824 1036 1312 661 1304 902 1270 475 879 321 609 736 1296 0 751 1280 648 140 189 1231 1224 1026 1272 697 613 705 1280 606 1298 432 855 211 704 316 1254 1283 1273 1298 1257 574 629 217 1265
210 847 706 247 728 846 319 209 243 328 913 713 1014 344 1137 173 683 700 1099 411 746 140 352 1507 125 731 402 698 926 195 716 1059 1187 723 751 0 707 452 861 679 658 651 526 699 501 167 509 708 1056 725 717 1305 898 87 721 682 710 701 726 685 1024 311 869 693
571 1377 63 557 54 1375 467 569 566 580 1443 68 1544 619 1308 663 100 1230 1628 580 1275 667 501 1678 690 48 571 78 1455 588 1246 1588 1716 40 1280 707 0 981 1390 1208 106 99 695 58 1013 696 990 60 1586 44 1246 1672 1427 725 1251 74 64 75 50 68 1553 841 1398 110
624 554 1008 660 1030 740 732 622 472 551 807 1015 721 568 826 403 985 334 806 640 640 554 766 1196 390 1034 631 1000 633 608 350 766 893 1026 645 481 1010 0 755 573 960 953 755 1001 69 343 77 1010 763 1028 350 1012 792 434 355 984 1012 1003 1028 987 731 358 763 995
1004 507 1389 1040 1410 33 1112 1003 853 931 90 1396 674 948 1082 783 1365 447 759 1021 218 934 1146 1422 771 1414 1012 1380 585 989 431 719 846 1406 140 861 1390 758 0 298 1340 1334 1136 1381 807 723 815 1390 716 1408 542 965 181 814 426 1364 1392 1383 1408 1367 683 739 178 1375
822 325 1207 859 1229 283 930 821 671 750 351 1214 492 766 900 601 1183 265 577 839 183 752 964 1240 589 1232 830 1199 404 807 249 537 664 1224 189 679 1208 576 298 0 1159 1152 954 1200 625 542 633 1209 534 1226 360 783 253 632 244 1182 1211 1202 1227 1186 502 557 307 1194
521 1327 104 508 126 1325 418 520 517 531 1393 111 1494 569 1259 614 81 1180 1579 531 1225 617 452 1629 640 129 522 96 1405 538 1196 1539 1666 121 1231 658 106 931 1340 1159 0 49 646 97 963 646 941 106 1536 123 1196 1623 1378 675 1201 80 108 99 124 83 1504 791 1349 91
514 1320 97 501 119 1318 411 513 510 524 1386 104 1487 562 1252 607 74 1173 1572 524 1218 610 445 1622 633 122 515 89 1398 532 1189 1532 1659 114 1224 651 99 924 1334 1152 49 0 639 90 956 640 934 99 1529 116 1189 1616 1371 668 1194 73 101 92 117 76 1497 784 1342 84
669 1122 694 705 716 1121 777 668 312 326 1188 701 1289 364 1054 409 670 975 1374 205 1021 599 811 1424 436 719 157 686 1201 654 991 1334 1461 711 1026 526 695 726 1136 954 646 639 0 687 758 442 736 696 1331 713 992 1418 1173 479 996 669 698 689 714 673 1299 586 1144 681
562 1368 70 549 60 1366 459 561 558 572 1434 75 1535 610 1300 655 91 1221 1620 572 1266 658 493 1670 681 55 563 84 1446 579 1237 1580 1707 47 1272 699 58 972 1381 1200 97 90 687 0 1004 687 982 66 1577 51 1237 1664 1419 716 1242 80 70 81 56 75 1545 832 1390 102
673 603 1011 709 1033 789 781 671 522 558 857 1018 770 597 813 452 988 383 855 643 689 603 815 1184 439 1036 634 1003 682 658 399 815 943 1028 694 530 1013 69 804 622 963 956 758 1004 0 392 84 1013 812 1030 399 1061 841 483 404 987 1015 1006 1031 990 780 407 812 998
310 710 695 346 716 708 418 309 159 243 776 702 877 260 1052 89 671 563 962 327 608 240 452 1423 77 720 318 686 788 295 579 921 1049 712 613 167 696 314 723 542 646 640 442 687 363 0 371 696 919 714 579 1167 761 120 584 670 699 689 714 673 886 174 731 681
681 612 989 718 1011 797 789 680 530 536 865 996 779 575 791 460 966 391 864 621 697 611 823 1161 448 1014 612 981 690 666 407 823 951 1006 703 538 990 77 812 631 941 934 736 982 84 400 0 991 821 1008 408 1069 850 491 412 965 993 984 1009 968 788 416 821 976
571 1377 71 557 61 1375 468 570 566 580 1443 76 1544 619 1308 664 100 1230 1629 581 1275 667 501 1679 690 56 572 85 1455 588 1246 1588 1716 48 1280 708 60 981 1390 1209 106 99 696 66 1013 696 991 0 1586 52 1246 1672 1428 725 1251 82 71 83 58 76 1553 841 1398 110
1199 384 1584 1236 1606 701 1308 1198 1048 1127 768 1591 76 1144 1090 978 1561 455 491 1216 601 1129 1342 1154 966 1609 1207 1576 317 1184 439 120 578 1601 606 1056 1586 766 716 534 1536 1529 1331 1577 815 919 823 1586 0 1603 550 696 753 1010 434 1560 1588 1579 1604 1563 415 934 724 1571
588 1394 56 575 46 1393 485 587 584 598 1460 61 1561 637 1326 681 95 1247 1646 598 1293 684 519 1696 708 41 589 70 1473 606 1263 1606 1734 33 1298 725 44 999 1408 1226 123 116 713 51 1030 714 1008 52 1603 0 1264 1690 1445 743 1268 66 56 67 42 61 1571 859 1416 106
849 341 1197 886 1218 527 958 848 698 743 594 1204 508 782 677 628 1173 121 593 829 427 780 992 1047 616 1222 820 1188 420 834 137 553 680 1214 432 706 1198 353 542 360 1148 1141 944 1189 402 569 410 1198 550 1216 0 799 579 660 142 1172 1200 1191 1216 1175 518 584 550 1183
1448 632 1671 1485 1693 949 1556 1447 1287 1217 1017 1678 654 1257 472 1227 1647 704 307 1303 849 1378 1590 484 1215 1696 1294 1662 421 1433 688 699 395 1688 855 1305 1672 1014 965 783 1623 1616 1418 1664 1064 1167 1072 1672 696 1690 799 0 1002 1258 683 1646 1675 1665 1690 1649 309 1183 973 1657
1041 544 1426 1078 1448 189 1149 1040 890 969 245 1433 711 985 1119 820 1402 484 796 1058 179 971 1183 1459 808 1451 1049 1418 623 1026 468 756 883 1443 211 898 1427 795 181 253 1378 1371 1173 1419 844 761 852 1428 753 1445 579 1002 0 851 463 1401 1430 1421 1446 1405 721 776 333 1413
227 801 723 264 745 799 336 226 196 281 867 730 968 298 1090 126 700 654 1052 364 699 158 370 1460 78 749 355 715 879 212 670 1012 1140 741 704 87 725 405 814 632 675 668 479 716 454 120 462 725 1010 743 670 1258 851 0 675 699 727 718 743 702 977 265 822 710
854 225 1201 891 1223 411 962 853 703 748 478 1208 392 787 682 633 1178 47 477 833 311 784 996 1052 621 1226 824 1193 304 839 58 437 565 1218 316 711 1203 358 426 244 1153 1146 948 1194 407 574 415 1203 434 1220 142 683 463 664 0 1177 1205 1196 1221 1180 402 589 434 1188
545 1351 85 531 76 1349 441 543 540 554 1417 90 1518 593 1282 637 74 1204 1602 554 1249 641 475 1652 664 70 545 89 1429 562 1220 1562 1690 62 1254 682 74 955 1364 1182 80 73 669 80 987 670 965 82 1560 66 1220 1646 1401 699 1225 0 86 92 72 76 1527 815 1372 84
573 1379 75 560 65 1377 470 572 569 583 1445 80 1546 621 1311 666 102 1232 1631 583 1277 669 504 1681 692 60 574 89 1457 590 1248 1591 1718 52 1283 710 64 983 1392 1211 108 101 698 70 1015 699 993 71 1588 56 1248 1675 1430 727 1253 86 0 87 62 80 1556 843 1401 113
564 1370 86 550 77 1368 460 563 559 573 1436 91 1537 612 1301 656 93 1223 1622 574 1268 660 494 1672 683 71 565 101 1448 581 1239 1581 1709 63 1273 701 75 974 1383 1202 99 92 689 81 1006 689 984 83 1579 67 1239 1665 1421 718 1244 92 87 0 73 91 1546 834 1391 103
589 1395 61 576 52 1393 486 588 584 598 1461 66 1562 637 1326 682 101 1248 1647 599 1293 685 519 1697 708 46 590 76 1473 606 1264 1606 1734 38 1298 726 50 999 1408 1227 124 117 714 56 1031 714 1009 58 1604 42 1264 1690 1446 743 1269 72 62 73 0 66 1571 859 1416 111
548 1354 80 535 70 1352 445 547 543 557 1420 85 1521 596 1285 641 77 1207 1606 558 1252 644 479 1656 667 65 549 92 1432 565 1223 1566 1693 57 1257 685 68 958 1367 1186 83 76 673 75 990 673 968 76 1563 61 1223 1649 1405 702 1228 76 80 91 66 0 1530 818 1375 87
1167 351 1552 1203 1574 668 1275 1166 1016 1094 736 1559 373 1111 755 946 1528 423 104 1184 568 1097 1309 767 934 1577 1175 1543 140 1152 407 418 191 1569 574 1024 1553 733 683 502 1504 1497 1299 1545 783 886 791 1553 415 1571 518 309 721 977 402 1527 1556 1546 1571 1530 0 902 692 1538
375 677 760 412 782 675 484 374 224 303 743 767 844 320 1022 154 737 530 928 392 575 306 518 1392 142 785 383 752 755 360 546 888 1016 777 580 232 762 281 690 508 712 705 507 753 330 95 338 762 886 779 546 1134 727 186 551 736 764 755 780 739 853 0 698 747
1012 515 1397 1049 1419 174 1120 1011 861 939 144 1404 682 956 1090 791 1373 455 767 1029 243 942 1154 1430 779 1422 1020 1388 594 997 439 727 854 1414 217 869 1398 766 178 307 1349 1342 1144 1390 815 731 823 1398 724 1416 550 973 333 822 434 1372 1401 1391 1416 1375 692 747 0 1383
556 1362 109 543 115 1360 453 555 551 565 1428 116 1529 604 1293 649 85 1215 1614 566 1260 652 487 1664 675 110 557 100 1440 573 1231 1573 1701 102 1265 693 110 966 1375 1194 91 84 681 102 998 681 976 110 1571 106 1231 1657 1413 710 1236 84 113 103 111 87 1538 826 1383 0
EOF