NAME : tsp_problem
TYPE : TSP
DIMENSION : 62
EDGE_WEIGHT_TYPE : EXPLICIT
EDGE_WEIGHT_FORMAT : FULL_MATRIX
EDGE_WEIGHT_SECTION
0 717 637 743 581 236 713 720 701 1226 228 708 535 681 322 505 1135 673 1119 708 719 1010 263 577 902 682 518 885 668 654 297 256 724 1223 325 627 439 829 325 646 711 942 1019 723 706 1125 487 702 668 552 685 971 718 710 720 1100 464 130 691 665 741 646
717 0 531 86 968 643 56 63 1087 1612 635 51 590 1067 780 892 1711 247 1506 51 62 1586 670 964 1478 256 593 1461 1055 131 704 663 1300 1609 783 521 826 1405 783 124 54 1519 1406 66 49 1512 625 45 241 939 1072 1547 61 53 63 1676 766 620 1078 1241 84 123
637 531 0 556 1041 597 526 533 1161 1686 491 521 195 1141 399 965 1427 486 1579 522 532 1302 526 1037 1194 496 197 1177 1128 467 560 519 1016 1683 401 68 899 1121 402 459 525 1234 1479 536 519 1585 229 515 481 918 1145 1262 531 523 533 1391 841 590 1151 956 555 459
743 86 556 0 993 669 82 89 1113 1638 661 77 615 1093 806 917 1737 272 1531 77 88 1612 695 989 1503 282 618 1487 1081 157 730 689 1326 1635 808 546 851 1431 808 149 80 1544 1431 91 74 1537 650 70 267 964 1097 1572 87 79 88 1701 792 646 1103 1266 110 149
581 968 1041 993 0 589 964 971 229 863 582 959 939 209 727 142 1131 923 756 959 970 1045 616 28 937 933 922 920 197 905 651 610 747 860 729 1031 216 1051 729 897 962 977 656 973 956 762 891 952 918 330 213 1006 969 961 970 1135 715 484 219 887 992 896
236 643 597 669 589 0 639 646 709 1234 137 634 495 689 282 513 1213 599 1127 634 645 1088 172 585 980 608 478 963 677 580 206 165 802 1231 285 587 447 907 285 572 637 1021 1028 648 631 1133 447 627 593 561 694 1049 644 636 645 1178 390 139 699 743 667 572
713 56 526 82 964 639 0 59 1083 1608 631 47 586 1063 776 887 1707 242 1502 47 58 1582 666 960 1474 252 589 1457 1051 127 700 659 1296 1605 778 517 821 1401 779 119 50 1514 1402 61 44 1508 621 40 237 935 1068 1543 57 49 59 1671 762 616 1074 1237 80 119
720 63 533 89 971 646 59 0 1090 1615 638 54 593 1070 783 894 1714 249 1509 54 65 1589 673 966 1481 259 595 1464 1058 134 707 666 1303 1612 785 523 828 1408 785 126 57 1521 1409 68 51 1515 628 47 244 942 1075 1550 64 56 66 1678 769 623 1081 1243 87 126
701 1087 1161 1113 229 709 1083 1090 0 982 701 1078 1058 58 846 261 1250 1043 876 1079 1089 1165 736 225 1056 1052 1042 1040 240 1024 770 729 867 979 848 1151 336 1171 849 1016 1081 1097 776 1093 1076 882 1011 1072 1038 449 256 1125 1088 1080 1090 1254 834 603 262 1006 1112 1016
1226 1612 1686 1638 863 1234 1608 1615 982 0 1226 1603 1583 962 1371 786 337 1568 540 1604 1614 500 1261 859 703 1577 1567 674 950 1549 1295 1254 790 229 1373 1676 861 1081 1374 1541 1606 731 440 1618 1601 546 1536 1597 1563 974 967 760 1613 1605 1615 456 1359 1128 973 917 1637 1541
228 635 491 661 582 137 631 638 701 1226 0 626 389 681 177 505 1108 591 1120 626 637 983 66 578 874 600 372 858 669 572 101 60 697 1223 179 481 439 801 179 564 629 915 1020 641 624 1126 341 620 586 553 686 943 636 628 638 1072 382 131 692 637 659 564
708 51 521 77 959 634 47 54 1078 1603 626 0 581 1058 771 882 1702 237 1497 42 53 1577 661 954 1469 247 583 1452 1046 122 695 654 1291 1600 773 511 816 1396 773 114 45 1509 1397 56 39 1503 616 35 232 930 1063 1538 52 44 53 1666 757 611 1069 1231 75 114
535 590 195 615 939 495 586 593 1058 1583 389 581 0 1038 297 863 1325 545 1477 581 592 1200 423 935 1091 555 92 1075 1026 527 458 417 914 1580 299 185 797 1018 299 519 584 1132 1377 595 578 1483 124 574 540 816 1043 1160 591 583 592 1289 739 488 1049 854 614 519
681 1067 1141 1093 209 689 1063 1070 58 962 681 1058 1038 0 826 241 1231 1023 856 1059 1069 1145 716 205 1037 1032 1022 1020 220 1004 750 709 847 959 828 1131 316 1151 829 996 1062 1077 756 1073 1056 862 991 1052 1018 429 236 1105 1068 1060 1070 1234 814 583 242 986 1092 996
322 780 399 806 727 282 776 783 846 1371 177 771 297 826 0 650 1112 736 1265 771 782 987 211 723 879 745 280 863 814 717 246 205 702 1368 27 389 584 806 27 709 774 920 1165 786 769 1271 249 765 731 604 831 948 781 773 783 1077 527 276 837 642 804 709
505 892 965 917 142 513 887 894 261 786 505 882 863 241 650 0 1055 847 680 883 893 969 540 138 861 857 846 844 229 828 575 534 671 783 653 955 140 975 653 821 886 901 580 897 880 686 815 876 842 253 246 930 893 885 894 1058 638 408 252 811 916 820
1135 1711 1427 1737 987 1213 1707 1714 1107 337 1108 1702 1325 1087 1112 911 0 1667 809 1703 1713 205 1142 983 408 1676 1308 380 1074 1648 1177 1136 495 498 1115 1417 985 787 1115 1640 1705 437 709 1717 1700 815 1277 1696 1662 1044 1091 465 1712 1704 1714 162 1458 1201 1097 623 1735 1640
673 247 486 272 923 599 242 249 1043 1568 591 237 545 1023 736 847 1667 0 1461 238 248 1542 625 919 1433 67 548 1417 1011 183 660 619 1256 1565 738 476 781 1361 738 176 241 1474 1361 252 235 1467 580 231 52 894 1027 1502 248 240 249 1631 722 576 1033 1196 271 175
1119 1506 1579 1531 756 1127 1502 1509 876 540 1120 1497 1477 856 1265 680 809 1461 0 1497 1508 971 1154 752 1099 1471 1460 1083 843 1443 1189 1148 910 537 1267 1569 754 1214 1267 1435 1500 1140 232 1511 1494 64 1429 1490 1456 868 860 1168 1507 1499 1508 928 1253 1022 866 1049 1530 1434
708 51 522 77 959 634 47 54 1079 1604 626 42 581 1059 771 883 1703 238 1497 0 53 1577 661 955 1469 247 584 1453 1046 123 696 655 1292 1601 774 512 817 1396 774 115 46 1510 1397 57 40 1503 616 36 233 930 1063 1538 52 44 54 1667 757 611 1069 1232 76 114
719 62 532 88 970 645 58 65 1089 1614 637 53 592 1069 782 893 1713 248 1508 53 0 1588 672 966 1480 258 594 1463 1057 133 706 665 1302 1611 784 522 827 1407 785 125 56 1520 1408 67 50 1514 627 46 243 941 1074 1549 63 55 65 1677 768 622 1080 1242 86 125
1010 1586 1302 1612 862 1088 1582 1589 982 500 983 1577 1200 962 987 786 205 1542 971 1577 1588 0 1017 858 283 1551 1183 255 949 1523 1052 1011 370 660 990 1292 860 662 990 1515 1580 312 871 1592 1575 977 1152 1571 1537 919 966 340 1587 1579 1589 170 1333 1076 972 498 1610 1515
263 670 526 695 616 172 666 673 736 1261 66 661 423 716 211 540 1142 625 1154 661 672 1017 0 612 909 635 407 892 704 607 135 94 731 1258 213 516 474 836 214 599 664 950 1054 675 658 1160 376 654 620 587 720 978 671 663 672 1107 417 166 726 672 694 599
577 964 1037 989 28 585 960 966 225 859 578 954 935 205 723 138 1127 919 752 955 966 1041 612 0 933 929 918 916 193 901 647 606 743 856 725 1027 212 1047 725 893 958 973 652 969 952 758 887 948 914 326 209 1002 965 957 966 1131 710 480 215 883 988 892
902 1478 1194 1503 754 980 1474 1481 873 703 874 1469 1091 853 879 677 408 1433 1110 1469 1480 283 909 750 0 1443 1074 158 841 1415 944 902 262 863 881 1184 752 554 882 1407 1472 215 1011 1483 1466 1116 1044 1462 1428 810 858 244 1479 1471 1480 373 1225 968 864 389 1502 1407
682 256 496 282 933 608 252 259 1052 1577 600 247 555 1032 745 857 1676 67 1471 247 258 1551 635 929 1443 0 558 1426 1020 193 669 628 1265 1574 748 486 791 1370 748 185 250 1484 1371 261 244 1477 590 240 62 904 1037 1512 257 249 259 1641 731 585 1043 1206 280 185
518 593 197 618 922 478 589 595 1042 1567 372 583 92 1022 280 846 1308 548 1460 584 594 1183 407 918 1074 558 0 1058 1009 530 441 400 897 1564 282 187 780 1002 282 522 587 1115 1360 598 581 1466 107 577 543 799 1026 1143 594 586 595 1272 722 471 1032 837 617 521
885 1461 1177 1487 737 963 1457 1464 857 674 858 1452 1075 837 863 661 380 1417 1094 1453 1463 255 892 733 158 1426 1058 0 824 1398 927 886 245 835 865 1167 735 537 865 1390 1456 143 994 1467 1450 1100 1027 1446 1412 794 841 172 1462 1454 1464 344 1208 951 847 373 1486 1390
668 1055 1128 1081 197 677 1051 1058 240 950 669 1046 1026 220 814 229 1218 1011 843 1046 1057 1133 704 193 1024 1020 1009 1008 0 992 738 697 834 947 816 1119 304 1139 816 984 1049 1065 743 1061 1043 849 979 1040 1005 417 38 1093 1056 1048 1058 1222 802 571 44 974 1079 984
654 131 467 157 905 580 127 134 1024 1549 572 122 527 1004 717 828 1648 183 1443 123 133 1523 607 901 1415 193 530 1398 992 0 641 600 1237 1546 719 458 762 1342 720 60 126 1455 1343 137 120 1449 562 116 178 876 1009 1484 132 124 134 1613 703 557 1015 1178 156 60
297 704 560 730 651 206 700 707 770 1295 101 695 458 750 246 575 1177 660 1189 696 706 1052 135 647 944 669 441 927 738 641 0 129 766 1292 248 551 509 871 248 633 699 984 1089 710 693 1195 411 689 655 622 755 1012 705 697 707 1141 451 200 761 706 729 633
256 663 519 689 610 165 659 666 729 1254 60 654 417 709 205 534 1136 619 1148 655 665 1011 94 606 902 628 400 886 697 600 129 0 725 1251 207 509 467 830 207 592 658 943 1048 669 652 1154 369 648 614 581 714 971 664 656 666 1100 410 159 720 665 688 592
724 1300 1016 1326 564 802 1296 1303 683 790 697 1291 914 663 702 488 495 1256 921 1292 1302 370 731 560 262 1265 897 245 651 1237 766 725 0 950 704 1006 562 376 704 1229 1295 302 821 1306 1289 927 866 1285 1251 621 668 331 1301 1293 1303 460 1047 790 674 212 1325 1229
1223 1609 1683 1635 860 1231 1605 1612 979 229 1223 1600 1580 959 1368 783 498 1565 537 1601 1611 660 1258 856 863 1574 1564 835 947 1546 1292 1251 950 0 1370 1673 858 1242 1371 1538 1604 892 437 1615 1598 543 1533 1594 1560 971 964 920 1610 1602 1612 617 1356 1125 970 1077 1634 1538
325 783 401 808 729 285 778 785 848 1373 179 773 299 828 27 653 1115 738 1267 774 784 990 213 725 881 748 282 865 816 719 248 207 704 1370 0 392 587 808 30 711 777 922 1167 788 771 1273 252 767 733 606 833 950 783 775 785 1079 529 278 839 644 807 711
627 521 68 546 1031 587 517 523 1151 1676 481 511 185 1131 389 955 1417 476 1569 512 522 1292 516 1027 1184 486 187 1167 1119 458 551 509 1006 1673 392 0 889 1111 392 450 515 1224 1469 526 509 1575 220 505 471 908 1135 1253 522 514 523 1381 832 581 1141 946 545 449
439 826 899 851 216 447 821 828 336 861 439 816 797 316 584 140 1104 781 754 817 827 979 474 212 871 791 780 854 304 762 509 467 681 858 587 889 0 985 587 754 820 911 654 831 814 760 749 810 776 140 320 940 826 819 828 1068 572 341 326 821 850 754
829 1405 1121 1431 868 907 1401 1408 987 1081 801 1396 1018 968 806 792 787 1361 1225 1396 1407 662 836 864 554 1370 1002 537 955 1342 871 830 376 1242 808 1111 866 0 809 1334 1399 594 1125 1410 1393 1231 971 1389 1355 925 972 623 1406 1398 1408 751 1152 895 978 276 1429 1334
325 783 402 808 729 285 779 785 849 1374 179 773 299 829 27 653 1115 738 1267 774 785 990 214 725 882 748 282 865 816 720 248 207 704 1371 30 392 587 809 0 712 777 922 1167 788 771 1273 252 767 733 606 833 950 784 776 785 1079 529 278 839 644 807 711
646 124 459 149 897 572 119 126 1016 1541 564 114 519 996 709 821 1640 176 1435 115 125 1515 599 893 1407 185 522 1390 984 60 633 592 1229 1538 711 450 754 1334 712 0 118 1447 1335 129 112 1441 554 108 170 868 1001 1476 124 117 126 1605 695 549 1007 1170 148 52
711 54 525 80 962 637 50 57 1081 1606 629 45 584 1062 774 886 1705 241 1500 46 56 1580 664 958 1472 250 587 1456 1049 126 699 658 1295 1604 777 515 820 1399 777 118 0 1513 1400 60 43 1506 619 39 235 933 1066 1541 55 47 57 1670 760 614 1072 1235 79 117
942 1519 1234 1544 794 1021 1514 1521 914 731 915 1509 1132 894 920 718 437 1474 1151 1510 1520 312 950 790 215 1484 1115 143 882 1455 984 943 302 892 922 1224 792 594 922 1447 1513 0 1051 1524 1507 1157 1084 1503 1469 851 898 229 1519 1512 1521 401 1265 1008 904 430 1543 1447
1019 1406 1479 1431 656 1028 1402 1409 776 440 1020 1397 1377 756 1165 580 709 1361 232 1397 1408 871 1054 652 1000 1371 1360 983 743 1343 1089 1048 810 437 1167 1469 654 1114 1167 1335 1400 1040 0 1411 1394 238 1329 1390 1356 768 760 1069 1407 1399 1408 828 1153 922 766 950 1430 1335
723 66 536 91 973 648 61 68 1093 1618 641 56 595 1073 786 897 1717 252 1511 57 67 1592 675 969 1483 261 598 1467 1061 137 710 669 1306 1615 788 526 831 1410 788 129 60 1524 1411 0 54 1517 630 50 247 944 1077 1552 67 59 68 1681 772 625 1083 1246 90 129
706 49 519 74 956 631 44 51 1076 1601 624 39 578 1056 769 880 1700 235 1494 40 50 1575 658 952 1466 244 581 1450 1043 120 693 652 1289 1598 771 509 814 1393 771 112 43 1507 1394 54 0 1500 613 33 230 927 1060 1535 50 42 51 1664 755 608 1066 1229 73 112
1125 1512 1585 1537 762 1133 1508 1515 882 546 1126 1503 1483 862 1271 686 815 1467 64 1503 1514 977 1160 758 1105 1477 1466 1089 849 1449 1195 1154 916 543 1273 1575 760 1220 1273 1441 1506 1146 238 1517 1500 0 1435 1496 1462 874 866 1174 1513 1505 1514 934 1259 1028 872 1055 1536 1440
487 625 229 650 891 447 621 628 1011 1536 341 616 124 991 249 815 1277 580 1429 616 627 1152 376 887 1044 590 107 1027 979 562 411 369 866 1533 252 220 749 971 252 554 619 1084 1329 630 613 1435 0 609 575 768 995 1113 626 618 627 1241 692 441 1001 806 649 554
702 45 515 70 952 627 40 47 1072 1597 620 35 574 1052 765 876 1696 231 1490 36 46 1571 654 948 1462 240 577 1446 1040 116 689 648 1285 1594 767 505 810 1389 767 108 39 1503 1390 50 33 1496 609 0 226 923 1056 1531 46 38 47 1660 751 604 1062 1225 69 108
668 241 481 267 918 593 237 244 1038 1563 586 232 540 1018 731 842 1662 52 1456 233 243 1537 620 914 1428 62 543 1412 1005 178 655 614 1251 1560 733 471 776 1355 733 170 235 1469 1356 247 230 1462 575 226 0 889 1022 1497 242 234 244 1626 717 570 1028 1191 266 170
552 939 947 964 330 561 935 942 449 974 553 930 845 429 633 253 1041 894 868 930 941 916 587 326 808 904 828 791 417 876 622 581 618 971 635 937 140 922 635 868 933 848 768 944 927 874 797 923 889 0 434 877 940 932 941 1006 686 455 440 758 963 868
685 1072 1145 1097 213 694 1068 1075 256 967 686 1063 1043 236 831 246 1235 1027 860 1063 1074 1149 720 209 1041 1037 1026 1025 38 1009 755 714 851 964 833 1135 320 1155 833 1001 1066 1082 760 1077 1060 866 995 1056 1022 434 0 1110 1073 1065 1074 1239 819 588 61 991 1096 1001
971 1547 1262 1572 823 1049 1543 1550 942 760 943 1538 1160 922 948 746 465 1502 1179 1538 1549 340 978 818 244 1512 1143 172 910 1484 1012 971 331 920 950 1253 821 623 950 1476 1541 229 1080 1552 1535 1185 1113 1531 1497 879 927 0 1548 1540 1549 430 1294 1037 932 458 1571 1476
718 61 531 87 969 644 57 64 1088 1613 636 52 591 1068 781 893 1712 248 1507 52 63 1587 671 965 1479 257 594 1462 1056 132 705 664 1301 1610 783 522 826 1406 784 124 55 1519 1407 67 50 1513 626 46 242 940 1073 1548 0 54 64 1677 767 621 1079 1242 85 124
710 53 523 79 961 636 49 56 1080 1605 628 44 583 1060 773 885 1704 240 1499 44 55 1579 663 957 1471 249 586 1454 1048 124 697 656 1293 1602 775 514 819 1398 776 117 47 1512 1399 59 42 1505 618 38 234 932 1065 1540 54 0 56 1669 759 613 1071 1234 77 116
720 63 533 88 970 645 59 66 1090 1615 638 53 592 1070 783 894 1714 249 1508 54 65 1589 672 966 1480 259 595 1464 1058 134 707 666 1303 1612 785 523 828 1408 785 126 57 1521 1408 68 51 1514 627 47 244 941 1074 1549 64 56 0 1678 769 623 1080 1243 87 126
1100 1676 1391 1701 951 1178 1671 1678 1071 456 1072 1666 1289 1051 1077 875 162 1631 928 1667 1677 170 1107 947 373 1641 1272 344 1039 1613 1141 1100 460 617 1079 1381 949 751 1079 1605 1670 401 828 1681 1664 934 1241 1660 1626 1008 1055 430 1677 1669 1678 0 1422 1165 1061 587 1700 1604
464 766 841 792 715 390 762 769 834 1359 382 757 739 814 527 638 1458 722 1253 757 768 1333 417 710 1225 731 722 1208 802 703 451 410 1047 1356 529 832 572 1152 529 695 760 1265 1153 772 755 1259 692 751 717 686 819 1294 767 759 769 1422 0 367 825 987 790 695
130 620 590 646 484 139 616 623 603 1128 131 611 488 583 276 408 1201 576 1022 611 622 1076 166 480 968 585 471 951 571 557 200 159 790 1125 278 581 341 895 278 549 614 1008 922 625 608 1028 441 604 570 455 588 1037 621 613 623 1165 367 0 594 730 644 549
691 1078 1151 1103 219 699 1074 1081 262 973 692 1069 1049 242 837 252 1241 1033 866 1069 1080 1155 726 215 1047 1043 1032 1030 44 1015 761 720 857 970 839 1141 326 1161 839 1007 1072 1087 766 1083 1066 872 1001 1062 1028 440 61 1116 1079 1071 1080 1245 825 594 0 997 1102 1006
665 1241 956 1266 704 743 1237 1243 823 917 637 1231 854 803 642 627 623 1196 1060 1232 1242 498 672 699 389 1206 837 373 791 1178 706 665 212 1077 644 946 702 276 644 1170 1235 430 961 1246 1229 1066 806 1225 1191 760 808 458 1242 1234 1243 587 987 730 813 0 1265 1169
741 84 555 110 992 667 80 87 1112 1637 659 75 614 1092 804 916 1735 271 1530 76 86 1610 694 988 1502 280 617 1486 1079 156 729 688 1325 1634 807 545 850 1429 807 148 79 1543 1430 90 73 1536 649 69 266 963 1096 1571 85 77 87 1700 790 644 1102 1265 0 147
646 123 459 149 896 572 119 126 1016 1541 564 114 519 996 709 820 1640 175 1434 114 125 1515 599 892 1407 185 521 1390 984 60 633 592 1229 1538 711 449 754 1334 711 52 117 1447 1335 129 112 1440 554 108 170 868 1001 1476 124 116 126 1604 695 549 1006 1169 147 0
EOF
