NAME : tsp_problem
TYPE : TSP
DIMENSION : 28
EDGE_WEIGHT_TYPE : EXPLICIT
EDGE_WEIGHT_FORMAT : FULL_MATRIX
EDGE_WEIGHT_SECTION
0 1064 1220 1094 1298 804 1544 991 1199 927 1141 1358 959 1400 1144 1036 1310 972 1193 1121 1059 887 1120 1029 1301 1375 923 1586
1179 0 763 361 472 848 920 1158 467 343 1027 631 375 760 644 944 582 389 906 648 586 304 536 445 794 465 742 1254
868 763 0 757 888 537 522 427 862 453 325 867 600 728 244 210 819 473 174 336 274 551 803 381 258 1074 431 759
1173 361 757 0 237 842 860 1152 138 337 968 302 405 700 637 938 253 382 900 641 580 334 566 439 734 672 736 1195
1377 472 888 237 0 1046 788 1207 192 541 895 208 609 628 842 991 160 587 884 846 784 538 771 643 662 477 940 1122
408 848 537 842 1046 0 838 767 947 538 830 1031 682 1044 417 717 982 558 679 394 333 636 885 466 574 1159 196 1118
1169 919 445 859 787 838 0 750 836 727 438 767 871 599 490 533 718 772 440 637 576 800 1032 682 296 1060 732 409
815 1158 427 1152 1208 767 750 0 1257 848 471 1187 995 1048 588 243 1139 868 400 731 669 946 1198 776 578 1469 660 916
1278 467 862 138 192 947 837 1257 0 442 945 257 511 677 743 1040 209 488 933 747 685 439 672 544 711 630 841 1172
869 343 453 337 541 538 728 848 442 0 747 526 238 568 334 634 477 78 596 338 276 167 399 135 491 654 432 1034
964 1027 327 968 895 834 438 430 945 751 0 875 897 736 488 213 827 770 300 633 572 849 1100 678 295 1196 728 671
1362 631 867 302 208 1031 768 1187 257 526 875 0 670 607 826 971 77 571 864 830 769 598 831 628 641 646 925 1102
1012 375 600 405 609 682 872 995 511 238 893 670 0 712 480 780 621 283 742 439 378 128 233 340 637 686 576 1181
1375 734 728 675 602 1044 599 1048 652 542 736 582 686 0 696 831 534 587 724 843 782 615 847 644 502 511 938 934
748 644 244 637 842 417 490 588 743 334 482 826 480 697 0 371 778 353 332 216 155 432 683 261 226 955 311 770
859 944 210 938 991 717 534 243 1041 634 334 971 780 832 371 0 923 653 183 517 455 732 983 561 361 1255 611 768
1313 582 819 253 160 982 719 1139 209 477 827 77 621 559 778 922 0 523 815 782 720 550 782 579 593 598 876 1054
888 389 473 382 587 558 773 868 488 78 766 571 283 613 353 653 523 0 615 357 295 212 444 154 510 699 452 1054
1104 965 336 906 834 774 376 487 883 691 175 813 837 674 426 271 765 710 0 573 512 789 1040 618 233 1134 668 609
725 648 336 641 846 394 637 731 747 338 629 830 439 844 216 517 782 357 479 0 80 399 643 265 373 958 288 917
663 586 274 580 784 333 576 669 685 276 568 769 378 782 155 455 720 295 417 80 0 338 581 203 312 897 227 855
967 304 551 334 538 636 800 946 439 167 844 598 128 640 432 732 550 212 694 399 338 0 289 269 589 615 530 1132
1216 536 803 566 771 885 1033 1198 672 399 1096 831 233 873 683 983 782 444 945 643 581 289 0 501 840 847 779 1367
797 445 381 439 643 466 682 776 544 135 674 628 340 670 261 561 579 154 523 265 203 269 501 0 418 756 360 962
905 794 258 734 662 574 296 578 711 491 295 641 637 502 226 361 593 510 283 373 312 589 840 418 0 962 468 576
1490 465 1074 672 477 1159 1060 1469 630 654 1196 646 686 511 955 1255 598 699 1185 958 897 615 847 756 962 0 1053 1394
527 742 431 736 940 196 732 660 841 432 724 925 576 938 311 611 876 452 573 288 227 530 779 360 468 1053 0 1012
1409 1253 679 1194 1122 1117 409 916 1171 1033 671 1101 1180 934 769 767 1053 1053 674 916 854 1131 1367 961 576 1394 1011 0
EOF