NAME : tsp_problem
TYPE : TSP
DIMENSION : 44
EDGE_WEIGHT_TYPE : EXPLICIT
EDGE_WEIGHT_FORMAT : FULL_MATRIX
EDGE_WEIGHT_SECTION
0 460 631 850 440 1217 298 445 623 362 406 513 254 630 440 914 645 518 638 664 859 1179 627 516 750 434 676 420 632 907 624 554 818 635 1178 263 346 1147 369 1129 936 425 773 356
460 0 843 602 525 969 510 318 835 164 357 914 430 582 180 1170 858 602 722 234 723 1100 415 601 502 307 540 675 400 1163 413 638 570 719 930 243 748 899 242 881 1192 680 882 757
631 843 0 944 823 922 377 792 167 745 643 903 468 362 823 634 128 901 1021 831 618 881 667 900 843 802 435 385 672 626 665 937 912 1018 969 647 737 1058 752 844 655 390 250 536
850 602 944 0 918 589 901 525 1004 680 488 1305 820 656 756 1470 1020 996 1116 564 535 720 397 994 137 535 614 1029 382 1463 395 1032 191 1113 550 697 1138 519 568 501 1492 1034 956 1118
440 525 823 918 0 1285 491 512 816 427 474 730 410 786 505 1090 838 198 229 732 927 1372 694 197 818 502 744 656 700 1083 692 145 886 410 1246 304 728 1215 437 1197 1112 661 966 738
1217 969 922 589 1285 0 964 892 981 1047 855 1491 1056 703 1122 1447 997 1363 1483 930 781 385 764 1361 503 902 776 1035 749 1440 762 1399 462 1480 157 1064 1325 253 935 163 1469 1040 934 1124
298 510 377 901 491 965 0 495 369 412 457 571 135 377 491 703 391 569 689 714 633 925 677 567 801 485 450 209 683 696 675 605 869 686 1012 314 405 1101 420 888 725 214 519 298
445 318 793 525 512 892 495 0 820 220 279 899 415 505 298 1155 842 590 710 284 646 1022 337 589 425 75 463 660 322 1147 335 626 493 707 853 237 733 821 108 803 1177 665 805 742
623 835 167 1003 816 981 369 820 0 737 703 896 460 421 815 626 182 893 1014 890 677 941 726 892 903 810 494 377 732 619 724 930 971 1010 1028 639 729 1117 745 904 648 382 309 528
362 164 745 680 427 1047 412 220 737 0 308 816 332 620 144 1072 760 504 624 371 761 1177 492 503 580 210 578 577 477 1065 490 540 648 621 1007 145 650 976 144 958 1094 582 887 659
406 357 644 488 474 855 457 279 703 308 0 860 376 356 386 1116 720 552 672 318 497 970 264 550 388 289 314 622 270 1109 262 588 456 669 816 297 694 785 315 767 1138 626 656 703
513 914 904 1305 730 1492 571 899 896 816 860 0 543 904 894 722 918 807 781 1118 1160 1452 1081 806 1205 889 977 599 1086 715 1079 693 1273 413 1539 718 238 1601 824 1415 744 604 1046 534
254 430 468 820 410 1056 135 415 460 332 376 543 0 468 410 795 483 488 608 634 724 1016 597 486 720 405 541 300 602 788 594 524 789 605 1103 234 377 1117 339 979 817 305 610 382
630 582 362 656 786 728 377 505 422 620 356 903 468 0 698 888 438 864 984 543 330 688 379 862 556 515 148 447 385 881 377 900 624 981 775 609 737 864 548 651 910 452 374 536
440 180 823 756 505 1122 491 298 815 144 386 894 410 698 0 1150 838 583 703 387 839 1253 568 581 655 288 657 656 553 1143 566 619 724 700 1083 224 728 1052 223 1034 1172 661 966 737
835 1169 634 1469 1090 1447 703 1154 626 1071 1115 722 794 887 1149 0 648 1168 1141 1357 1144 1407 1193 1166 1369 1144 961 572 1198 28 1190 1054 1438 774 1494 973 723 1584 1078 1370 57 577 776 685
645 858 128 1019 838 997 391 842 182 760 719 918 483 437 838 648 0 916 1036 906 693 957 742 914 919 832 511 400 748 641 740 952 987 1033 1044 661 752 1133 767 920 670 404 326 551
518 602 901 996 198 1363 569 590 893 504 552 807 488 864 583 1168 916 0 396 809 1005 1449 772 34 896 580 822 734 778 1161 770 312 964 488 1324 382 806 1292 515 1275 1190 738 1044 815
638 722 1021 1116 229 1483 689 710 1014 624 672 781 608 984 703 1141 1036 396 0 929 1125 1569 892 395 1016 700 942 854 898 1134 890 127 1084 400 1444 502 781 1413 635 1395 1163 859 1164 935
664 234 831 564 732 930 714 284 891 371 318 1118 634 543 387 1357 907 809 929 0 684 1061 376 808 463 294 502 879 361 1350 374 845 532 926 891 450 952 860 327 842 1379 884 843 961
859 723 618 535 927 781 633 646 678 761 497 1159 724 330 839 1144 694 1005 1125 684 0 912 373 1003 449 656 214 704 439 1137 374 1041 407 1122 742 750 993 711 689 693 1166 709 630 792
1178 1100 881 720 1371 385 924 1022 941 1177 944 1451 1016 663 1253 1407 957 1449 1569 1061 912 0 894 1447 634 1032 736 995 879 1400 892 1485 592 1566 414 1194 1285 242 1066 308 1429 1000 893 1084
627 415 668 397 694 764 677 337 727 492 264 1081 597 379 568 1193 743 772 892 376 373 894 0 770 297 348 338 753 126 1186 61 808 365 889 725 509 915 694 381 676 1215 758 680 841
516 601 900 994 197 1361 567 589 892 503 550 806 486 862 581 1166 914 34 395 808 1003 1448 770 0 894 578 820 732 776 1159 768 311 962 486 1322 381 804 1291 513 1273 1188 737 1042 814
750 502 844 137 818 503 801 425 903 580 388 1205 720 556 655 1370 920 896 1016 463 449 634 297 894 0 435 514 929 282 1363 295 932 105 1013 464 597 1038 433 468 415 1392 934 856 1018
434 307 803 535 502 902 485 75 810 210 289 889 405 515 288 1145 832 580 700 294 656 1032 348 578 435 0 473 650 332 1137 345 616 503 697 863 227 722 832 98 814 1166 655 815 732
676 540 436 614 744 802 450 463 495 578 314 977 541 148 657 962 511 822 942 502 214 761 338 820 514 473 0 521 343 954 335 858 528 939 849 567 810 832 506 725 983 526 448 610
340 674 385 1029 655 1036 209 659 377 576 621 598 299 447 655 572 400 733 853 878 704 996 753 731 929 649 521 0 758 565 750 769 998 773 1083 478 431 1172 584 959 594 83 527 230
632 400 673 382 700 749 683 322 732 477 270 1086 602 385 553 1199 748 778 898 361 439 879 126 776 282 332 343 758 0 1191 123 814 350 895 710 494 920 678 366 661 1221 763 685 847
827 1162 626 1462 1083 1440 696 1146 619 1064 1108 715 787 880 1142 28 641 1161 1134 1349 1136 1400 1185 1159 1362 1136 954 565 1191 0 1183 1047 1430 767 1487 965 715 1576 1071 1363 49 570 769 678
624 413 665 395 692 762 675 335 725 490 262 1079 594 377 566 1191 741 770 890 374 374 892 61 768 295 345 335 750 123 1184 0 806 363 887 723 507 912 691 379 673 1213 755 677 839
554 638 937 1032 145 1399 605 626 930 540 588 693 524 900 619 1054 952 312 127 845 1041 1485 808 311 932 616 858 770 814 1047 806 0 1000 313 1360 418 694 1329 551 1311 1076 775 1080 851
818 570 912 191 886 462 869 493 972 648 456 1273 789 624 724 1438 988 964 1084 532 407 592 365 962 105 503 528 998 350 1431 363 1000 0 1081 423 665 1106 392 537 374 1460 1003 924 1086
635 719 1018 1113 410 1480 686 707 1010 621 669 413 605 981 700 774 1033 488 400 926 1122 1566 889 486 1013 697 939 774 895 767 887 313 1081 0 1441 499 414 1409 632 1392 796 779 1161 591
1178 930 969 550 1246 157 1012 853 1028 1007 816 1538 1103 750 1083 1494 1044 1324 1444 891 742 414 725 1322 464 863 823 1082 710 1487 723 1360 423 1441 0 1025 1372 213 896 210 1516 1087 981 1171
263 243 647 697 304 1064 314 237 639 145 297 718 234 609 224 974 661 382 502 450 750 1194 509 381 597 227 567 479 494 966 507 418 665 499 1025 0 551 993 161 975 995 484 789 561
346 748 737 1138 728 1326 405 733 730 650 694 238 377 737 728 723 752 806 781 952 993 1285 915 804 1038 722 811 432 920 715 912 694 1106 414 1373 551 0 1435 657 1248 744 437 880 368
1147 899 1058 519 1215 253 1101 821 1117 976 785 1601 1117 839 1052 1584 1133 1292 1413 860 711 242 694 1291 433 832 832 1172 678 1576 691 1329 392 1409 213 993 1435 0 865 306 1605 1177 1070 1260
369 242 752 568 437 935 420 108 745 144 315 824 339 548 223 1079 767 515 635 327 689 1066 381 513 468 98 506 585 366 1072 379 551 537 632 896 161 657 865 0 847 1101 590 848 667
1129 881 844 501 1197 163 887 803 904 958 767 1414 979 626 1034 1370 920 1275 1395 842 693 308 676 1273 415 814 699 958 661 1363 673 1311 374 1392 210 975 1248 306 847 0 1392 963 856 1047
856 1191 655 1491 1112 1469 725 1176 648 1093 1137 744 816 909 1171 57 670 1190 1163 1378 1165 1429 1215 1188 1391 1165 983 594 1220 49 1212 1076 1459 796 1516 994 744 1605 1100 1392 0 599 798 707
345 679 390 1034 660 1041 214 664 382 581 625 603 304 452 660 577 404 737 858 883 709 1000 758 736 934 654 526 83 763 570 755 774 1003 778 1088 483 436 1177 589 964 599 0 532 235
773 882 250 956 966 934 519 804 309 887 655 1046 610 374 966 776 326 1044 1164 843 630 893 679 1042 855 814 447 527 684 769 677 1080 924 1161 981 789 879 1070 848 856 798 532 0 679
358 761 536 1118 742 1124 298 746 528 663 707 414 388 536 742 685 551 819 940 965 792 1084 841 818 1018 736 610 230 847 678 839 856 1086 590 1171 565 247 1261 671 1047 707 235 679 0
EOF
