NAME : tsp_problem
TYPE : TSP
DIMENSION : 36
EDGE_WEIGHT_TYPE : EXPLICIT
EDGE_WEIGHT_FORMAT : FULL_MATRIX
EDGE_WEIGHT_SECTION
0 142 810 762 464 782 197 723 752 784 603 432 865 383 859 791 684 660 870 544 508 281 954 590 848 860 761 347 808 196 390 851 710 1375 344 108
142 0 828 780 352 854 268 794 823 855 674 456 936 454 930 809 755 678 888 615 579 353 973 661 920 859 833 419 879 267 461 922 781 1393 232 68
764 835 0 505 954 270 595 282 524 557 375 912 377 863 631 227 456 595 466 465 822 762 516 274 621 1113 534 480 581 676 515 623 148 887 885 802
762 780 427 0 878 673 592 683 803 836 654 962 779 913 910 408 735 215 233 744 946 812 317 553 900 958 813 710 860 727 794 902 548 738 758 800
464 352 927 879 0 972 440 913 942 974 793 128 1055 249 1049 908 874 777 987 698 662 222 1071 780 1039 532 952 538 998 309 544 1041 900 1492 141 390
782 854 406 673 972 0 613 115 542 575 394 930 220 881 649 301 474 763 541 483 840 780 590 225 639 1280 552 498 599 694 533 642 218 868 1052 820
197 268 641 593 440 613 0 554 582 615 433 397 696 348 689 621 514 491 701 435 414 247 785 420 679 825 592 178 639 162 296 681 540 1206 470 235
723 794 455 683 913 115 554 0 483 516 334 871 161 822 590 350 415 773 590 424 781 721 639 166 580 1290 493 439 540 635 474 582 159 914 996 761
752 823 660 803 942 542 582 483 0 157 336 899 625 850 281 640 124 893 809 449 807 749 858 350 316 1327 134 467 275 664 502 223 470 1089 1025 790
784 855 692 836 974 575 615 516 157 0 369 932 658 883 358 673 157 925 841 482 840 782 890 382 348 1360 62 500 308 696 535 98 502 1122 1057 822
603 674 511 654 793 394 433 334 336 369 0 751 477 701 443 492 268 744 660 259 617 600 709 201 433 1179 346 319 393 515 317 435 321 1130 876 641
432 456 1011 963 128 930 397 871 899 932 751 0 1013 207 1006 992 831 861 1071 656 619 180 1155 737 996 514 909 495 956 266 501 999 858 1576 245 470
865 936 512 779 1055 220 696 161 625 658 477 1013 0 964 616 407 557 869 647 566 923 863 696 308 575 1386 635 581 639 777 616 724 301 783 1138 903
383 454 962 914 249 881 348 822 850 883 701 207 964 0 957 943 782 812 1022 606 570 205 1106 688 947 635 860 446 907 217 452 949 808 1527 366 421
859 930 767 910 1049 649 689 590 281 358 443 1006 616 957 0 747 258 1000 916 556 914 856 965 457 71 1434 336 574 169 771 609 425 577 910 1132 897
791 809 141 408 908 327 621 376 639 672 491 992 406 943 746 0 572 498 276 580 937 841 325 389 736 1015 649 595 696 756 630 739 263 746 787 829
684 755 592 735 874 474 514 415 124 157 268 831 557 782 258 573 0 825 741 381 739 681 790 282 248 1259 134 399 207 596 434 223 402 1021 957 722
659 678 517 215 776 762 490 773 893 925 744 860 869 811 1000 498 825 0 323 834 844 710 407 643 990 856 903 608 949 625 726 992 638 828 656 697
869 887 309 233 986 554 700 566 808 840 659 1070 646 1021 915 276 740 323 0 748 1054 920 183 557 904 1066 818 763 864 835 798 907 431 604 866 907
544 615 600 744 698 483 435 424 449 482 259 656 566 606 556 581 381 834 749 0 384 505 799 290 546 1083 459 321 506 420 228 548 411 1219 815 582
508 579 958 947 662 840 414 781 807 840 617 619 923 570 914 938 739 845 1055 384 0 469 1139 648 904 1047 817 422 864 384 357 906 768 1560 779 546
281 353 861 813 222 780 247 721 749 782 600 180 863 205 856 841 681 711 921 505 469 0 1005 587 846 608 759 345 806 116 351 848 707 1426 339 320
954 972 358 317 1070 603 784 615 857 889 708 1155 696 1105 964 325 789 407 183 798 1139 1004 0 607 954 1150 867 813 914 919 847 956 480 452 950 992
590 661 409 553 780 225 420 166 350 382 201 737 308 688 457 390 282 643 558 290 648 587 608 0 446 1160 360 305 406 502 340 449 153 1028 863 628
848 920 756 900 1039 639 679 580 316 348 433 996 575 947 71 737 248 990 905 546 904 846 955 446 0 1424 325 564 159 760 599 415 567 868 1122 886
860 859 1034 958 532 1279 825 1290 1327 1360 1179 514 1386 635 1434 1015 1259 856 1066 1083 1047 608 1150 1160 1424 0 1337 923 1384 694 929 1426 1155 1571 649 898
761 833 670 813 952 552 592 493 134 62 346 909 635 860 336 650 134 903 819 459 817 759 868 360 325 1337 0 477 285 674 512 120 480 1099 1035 800
347 419 615 711 538 498 178 439 467 500 319 495 581 446 574 596 399 609 764 321 422 345 814 305 564 923 477 0 524 260 304 567 426 1234 621 385
808 879 716 860 998 599 639 540 275 308 393 956 639 907 169 697 207 949 865 506 864 806 915 406 159 1384 285 524 0 720 559 375 527 932 1081 846
196 267 775 727 309 694 162 635 664 696 515 266 777 217 771 756 596 625 835 420 384 116 920 502 760 694 674 260 720 0 266 763 622 1340 426 234
390 461 650 794 544 533 296 474 502 535 317 501 616 452 609 631 434 727 799 228 357 351 848 340 599 929 512 304 559 266 0 601 460 1269 661 428
851 922 759 902 1041 642 681 582 223 98 435 999 724 949 425 740 223 992 908 548 906 848 957 449 415 1426 120 567 375 763 601 0 569 1188 1124 889
710 781 376 548 900 218 540 159 470 502 321 858 301 808 577 271 402 638 511 411 768 707 560 153 567 1155 480 426 527 622 460 569 0 931 927 748
1375 1393 779 738 1491 868 1205 914 1089 1122 1129 1575 783 1526 910 746 1021 828 604 1218 1560 1425 452 1027 868 1571 1099 1233 932 1340 1268 1188 901 0 1371 1413
344 232 807 759 141 1052 470 996 1025 1057 876 245 1138 366 1132 787 957 657 867 815 779 339 951 863 1122 649 1035 621 1081 426 661 1124 927 1372 0 270
108 68 848 800 390 820 235 761 790 822 641 470 903 421 897 829 722 698 908 582 546 320 992 628 886 898 800 385 846 234 428 889 748 1413 270 0
EOF