NAME : tsp_problem
TYPE : TSP
DIMENSION : 20
EDGE_WEIGHT_TYPE : EXPLICIT
EDGE_WEIGHT_FORMAT : FULL_MATRIX
EDGE_WEIGHT_SECTION
0 864 686 504 259 527 506 641 742 462 345 712 192 517 530 1223 529 489 349 591
846 0 1130 1091 627 1114 453 927 589 611 932 1209 741 1104 757 1338 1116 1076 626 450
686 1131 0 444 674 407 827 262 610 594 502 218 630 730 934 729 409 703 824 1162
504 1092 444 0 491 63 734 474 822 585 220 433 447 545 748 944 65 517 723 1061
259 738 674 491 0 515 380 595 511 231 332 700 153 505 544 1034 516 477 260 598
527 1115 407 63 515 0 757 438 786 608 243 397 471 568 772 908 63 540 747 1085
488 453 827 733 269 756 0 624 365 260 574 906 383 746 758 1063 758 718 268 606
641 928 262 474 595 438 624 0 407 390 493 341 585 685 889 802 440 658 620 958
742 589 609 822 511 786 365 406 0 329 705 688 636 877 1027 817 787 850 537 875
462 611 594 585 231 608 260 390 329 0 426 673 356 598 747 830 610 570 257 595
345 933 502 220 332 243 575 493 705 426 0 492 289 362 566 1002 245 334 565 883
712 1210 218 433 700 397 906 341 689 673 492 0 656 756 960 539 399 729 903 1241
192 820 630 447 153 471 462 585 636 356 289 656 0 461 586 1159 473 433 306 644
517 1105 730 545 505 568 747 685 877 598 362 756 461 0 472 1267 570 46 737 789
530 757 934 748 544 772 759 889 1027 748 566 960 586 472 0 1471 773 444 514 366
1223 1338 729 944 1034 908 1063 777 817 830 1002 539 1159 1267 1471 0 909 1239 1060 1398
529 1117 409 65 516 63 759 440 788 610 245 399 473 570 773 909 0 542 749 1087
489 1077 703 517 477 540 719 658 850 570 334 729 433 46 444 1239 542 0 709 761
287 626 824 729 266 753 268 620 537 257 571 903 339 743 513 1060 755 715 0 361
591 450 1162 1065 604 1088 606 958 875 595 883 1241 647 789 366 1398 1090 761 361 0
EOF