NAME : tsp_problem
TYPE : TSP
DIMENSION : 20
EDGE_WEIGHT_TYPE : EXPLICIT
EDGE_WEIGHT_FORMAT : FULL_MATRIX
EDGE_WEIGHT_SECTION
0 507 983 756 837 992 1009 919 884 704 773 659 740 955 636 757 735 364 495 302
529 0 589 882 963 597 580 691 1038 830 899 431 249 464 746 529 730 366 605 678
983 589 0 1035 1112 45 50 146 1373 1091 1048 503 375 181 871 335 829 821 1147 1133
757 860 1035 0 113 1043 1061 971 695 88 49 711 1094 1130 1245 808 302 543 1094 617
838 941 1112 113 0 1121 1138 1048 776 169 96 788 1175 1208 1325 886 380 624 1175 698
992 597 45 1043 1121 0 57 154 1381 1099 1057 512 383 188 878 343 837 830 1154 1141
1009 580 50 1061 1138 57 0 172 1398 1117 1074 529 366 172 862 361 855 847 1138 1159
919 691 146 971 1048 154 172 0 1308 1027 984 439 500 306 996 270 765 757 1134 1068
884 1016 1373 695 776 1381 1398 1308 0 643 712 1048 1249 1464 1371 1146 585 698 1220 671
705 808 1091 88 169 1099 1117 1027 643 0 105 766 1042 1186 1192 864 358 491 1042 565
774 877 1048 49 96 1057 1074 984 712 105 0 724 1111 1144 1262 822 316 560 1111 634
659 431 503 711 788 512 529 439 1048 766 724 0 593 598 1015 277 505 497 874 808
740 249 375 1094 1175 383 366 500 1250 1042 1111 593 0 250 753 624 892 578 818 890
955 464 181 1130 1208 188 172 306 1465 1186 1144 598 250 0 746 430 924 793 1022 1105
636 738 871 1244 1325 878 862 996 1371 1192 1261 1014 753 746 0 1112 1223 775 483 790
757 529 335 808 886 343 361 270 1146 864 822 277 624 430 1113 0 602 595 972 906
736 730 829 302 380 837 855 765 585 358 316 505 892 924 1224 602 0 522 1073 596
364 344 821 543 624 830 847 757 699 491 560 497 578 793 775 595 522 0 634 339
495 597 1147 1093 1174 1154 1138 1133 1220 1041 1110 873 817 1022 483 971 1072 634 0 639
302 660 1137 616 697 1146 1163 1073 671 564 633 813 894 1109 790 911 595 363 639 0
EOF