NAME : tsp_problem
TYPE : TSP
DIMENSION : 44
EDGE_WEIGHT_TYPE : EXPLICIT
EDGE_WEIGHT_FORMAT : FULL_MATRIX
EDGE_WEIGHT_SECTION
0 1228 301 135 960 891 320 131 778 581 519 588 1345 364 874 1089 1327 456 246 875 1200 740 1204 748 638 127 555 556 272 993 790 964 287 1193 1208 715 368 706 963 787 690 1089 376 940
1232 0 948 1319 994 981 940 1251 1390 1131 1703 1138 649 1548 1769 1071 746 1410 1175 728 1053 1013 966 1360 634 1247 1106 1740 1455 1012 629 998 1191 986 971 1049 1491 1317 1135 1399 1583 1001 1486 1834
301 1011 0 388 747 723 103 321 626 368 772 375 1132 617 1006 876 1114 647 245 658 983 527 991 597 421 317 343 809 525 780 573 751 286 976 991 502 621 554 750 636 819 876 629 1071
135 1315 388 0 1047 826 407 218 676 668 417 675 1432 262 773 1176 1414 355 333 962 1287 827 1291 647 725 214 642 454 170 1080 877 1051 374 1280 1295 802 267 604 1050 686 589 1176 275 838
960 994 747 1047 0 1217 672 875 812 553 1126 560 483 1093 1191 160 465 832 747 461 465 300 342 782 798 890 528 1163 1001 131 793 102 705 362 348 336 913 739 422 821 1005 354 908 1256
890 981 620 826 1216 0 661 910 1185 926 1171 934 1396 1016 1526 1345 1492 1108 848 950 1275 1086 1291 1156 486 906 901 1208 923 1249 611 1220 865 1268 1283 1061 1020 1113 1309 1195 1342 1223 1028 1592
320 936 103 407 672 737 0 339 551 293 791 300 1057 636 931 801 1039 572 263 583 908 452 916 522 346 335 267 828 543 705 498 676 279 901 916 427 640 479 675 561 744 801 648 996
131 1247 321 218 875 911 339 0 755 496 602 503 1261 447 957 1004 1243 539 266 894 1116 655 1119 725 658 65 471 639 354 908 809 879 250 1139 1125 630 451 682 878 764 773 1004 459 1023
778 1385 626 676 812 1186 551 755 0 405 712 412 1197 680 683 940 1179 418 626 880 1052 591 1055 87 796 769 380 749 587 844 947 815 584 1075 1061 566 499 161 811 35 496 940 494 748
610 1156 397 697 582 957 322 525 434 0 749 141 967 716 814 711 949 455 396 650 823 325 826 405 566 540 109 786 624 615 718 586 355 846 832 301 536 362 540 444 627 711 531 879
876 1763 1005 774 1190 1527 929 958 681 783 0 790 1575 777 392 1318 1557 451 1004 1258 1430 969 1433 652 1174 955 758 786 685 1222 1325 1193 962 1453 1439 945 536 609 1190 691 229 1318 527 458
588 1134 375 675 560 935 300 503 412 112 727 0 945 694 792 689 927 433 374 628 801 303 804 383 544 518 48 764 602 593 696 564 333 824 810 279 514 340 518 422 605 689 509 857
1345 649 1065 1432 483 1396 1057 1261 1197 938 1511 945 0 1479 1576 441 115 1217 1132 704 703 685 336 1167 977 1275 913 1548 1386 382 972 410 1090 356 341 721 1298 1124 807 1206 1390 652 1293 1641
364 1544 617 262 1093 1016 636 447 680 687 421 694 1479 0 776 1222 1460 358 562 1162 1334 873 1337 650 954 443 662 458 112 1126 1106 1097 603 1357 1343 848 270 607 1093 689 592 1222 278 842
1275 1655 1351 1173 941 1878 1276 1357 1302 1156 1210 1164 1327 1176 0 1070 1309 1071 1350 1122 1218 903 1185 1272 1459 1354 1131 1247 1084 974 1454 945 1308 1205 1191 939 1059 1230 1025 1311 849 1106 1067 137
1089 1071 876 1176 160 1345 801 1004 940 681 1255 689 441 1222 1319 0 422 960 875 589 594 429 299 911 927 1019 656 1292 1130 226 921 231 834 319 305 464 1042 868 550 950 1133 482 1036 1385
1327 746 1114 1414 465 1492 1039 1243 1179 920 1493 927 115 1460 1558 422 0 1199 1114 686 685 667 317 1149 1073 1257 895 1530 1368 364 1068 392 1072 338 323 703 1280 1106 789 1188 1372 634 1275 1623
456 1405 647 355 832 1108 572 539 418 425 330 433 1217 358 452 960 1199 0 646 900 1072 611 1075 388 816 535 400 367 265 865 967 835 604 1095 1081 587 116 346 832 427 266 960 108 517
246 1171 245 333 747 835 263 266 626 367 717 374 1132 562 1005 875 1114 646 0 815 987 526 990 596 582 262 342 754 470 780 733 751 71 1011 996 502 567 554 750 635 819 876 575 1071
875 728 591 962 461 950 583 894 880 621 1194 628 704 1162 1259 589 686 900 815 0 382 480 399 850 532 890 596 1232 1069 494 527 465 773 375 391 516 981 808 602 889 1073 331 976 1325
1200 1053 916 1287 465 1276 908 1116 1052 793 1367 801 703 1334 1431 594 685 1072 987 382 0 577 398 1023 857 1130 768 1404 1241 498 852 469 945 374 390 612 1154 980 698 1061 1245 182 1148 1497
740 1014 527 827 300 1087 452 655 591 296 906 303 685 873 970 429 667 611 526 480 577 0 544 562 696 670 271 943 781 333 812 304 485 564 549 61 693 519 313 601 784 465 688 1036
1204 966 932 1291 342 1292 916 1119 1055 797 1370 804 336 1337 1435 299 317 1075 990 399 398 544 0 1026 873 1134 771 1407 1245 241 868 269 949 50 36 579 1157 983 665 1065 1248 346 1152 1500
748 1356 597 647 782 1157 522 725 87 376 683 383 1167 650 653 911 1149 388 596 850 1023 562 1026 0 766 740 350 720 558 815 918 786 554 1046 1031 537 470 131 782 97 467 911 465 718
638 634 354 725 797 486 346 657 796 537 1109 544 977 954 1175 926 1073 816 582 531 856 696 872 766 0 654 512 1146 862 830 192 801 598 849 865 672 897 724 920 805 989 804 892 1240
127 1243 317 214 890 907 335 65 769 510 598 518 1275 443 954 1019 1257 535 262 891 1130 670 1134 740 654 0 485 635 351 923 805 894 265 1154 1139 645 447 697 893 778 770 1019 455 1019
555 1101 343 642 528 902 267 471 380 79 695 48 913 662 759 656 895 400 342 596 768 271 771 350 512 485 0 732 569 560 663 531 300 791 777 246 481 308 486 389 573 656 476 825
617 1505 746 516 931 1269 671 700 423 525 491 532 1317 519 363 1060 1298 193 746 1000 1172 711 1175 394 916 696 500 0 427 964 1067 935 704 1195 1181 686 277 351 931 432 177 1060 269 429
272 1451 525 170 1001 923 543 354 587 594 328 602 1386 112 684 1130 1368 265 470 1069 1241 781 1245 558 862 351 569 365 0 1034 1013 1005 511 1265 1250 756 178 515 1001 596 500 1130 186 749
993 1012 780 1080 131 1250 705 908 844 586 1159 593 382 1126 1224 226 364 865 780 494 498 333 241 815 831 923 560 1196 1034 0 826 58 738 261 246 369 946 772 454 854 1037 387 941 1289
789 629 505 876 792 611 498 809 947 688 1260 696 972 1105 1326 921 1068 967 733 526 851 811 867 918 192 805 663 1297 1013 825 0 796 749 844 859 823 1049 875 933 957 1140 799 1043 1392
964 998 751 1051 102 1220 676 879 815 557 1130 564 410 1097 1195 231 392 835 751 465 469 304 269 786 802 894 531 1167 1005 58 796 0 709 289 274 339 917 743 425 825 1008 358 912 1260
287 1187 286 374 705 876 279 250 584 325 758 333 1090 603 963 834 1072 604 71 773 945 485 949 554 598 265 300 795 511 738 749 709 0 969 954 460 608 512 708 593 777 834 616 1029
1192 986 909 1280 362 1268 901 1139 1075 817 1390 824 356 1357 1455 319 338 1095 1011 375 374 564 50 1046 850 1154 791 1427 1265 261 844 289 969 0 47 600 1177 1003 685 1085 1268 323 1172 1520
1208 971 924 1295 348 1284 916 1125 1061 802 1376 810 341 1343 1440 305 323 1081 996 391 390 549 36 1031 865 1139 777 1413 1250 246 860 274 954 47 0 585 1163 989 671 1070 1254 338 1157 1506
715 1050 502 802 336 1062 427 630 566 271 881 279 721 848 946 464 703 587 502 516 612 61 579 537 672 645 246 918 756 369 823 339 460 600 585 0 668 494 349 576 760 501 663 1011
368 1487 621 267 913 1020 640 451 499 507 241 514 1298 270 537 1042 1280 116 567 981 1154 693 1157 470 897 447 481 278 178 946 1049 917 608 1177 1163 668 0 427 913 509 351 1042 35 602
706 1313 554 604 739 1114 479 682 161 333 640 340 1124 607 610 868 1106 346 554 808 980 519 983 131 724 697 308 677 515 772 875 743 512 1003 989 494 427 0 739 170 424 868 422 676
963 1136 750 1050 422 1310 675 878 811 511 1126 518 807 1093 1191 550 789 832 750 602 698 313 665 782 920 893 486 1163 1001 454 934 425 708 685 671 349 913 739 0 821 1004 587 908 1256
787 1394 636 686 821 1196 561 764 35 414 722 422 1206 689 692 950 1188 427 635 889 1061 601 1065 97 805 778 389 759 596 854 957 825 593 1085 1070 576 509 170 821 0 506 950 503 757
690 1578 819 589 1005 1342 744 773 496 598 564 605 1390 592 230 1133 1372 266 819 1073 1245 784 1248 467 989 770 573 601 500 1037 1140 1008 777 1268 1254 760 351 424 1004 506 0 1133 342 295
1089 1001 864 1176 354 1224 801 1004 940 682 1255 689 652 1222 1320 482 634 960 876 331 182 465 346 911 805 1019 656 1292 1130 387 800 358 834 323 338 501 1042 868 587 950 1133 0 1037 1385
376 1481 629 275 908 1028 648 459 494 501 249 509 1293 278 528 1036 1275 108 575 976 1148 688 1152 465 892 455 476 286 186 941 1043 912 616 1172 1157 663 35 422 908 503 342 1037 0 594
1170 1551 1246 1068 837 1773 1171 1252 1197 1051 1105 1059 1222 1071 552 965 1204 967 1245 1017 1113 798 1080 1168 1354 1249 1026 1142 979 869 1349 840 1203 1100 1086 834 954 1125 920 1206 744 1002 962 0
EOF