NAME : tsp_problem
TYPE : TSP
DIMENSION : 26
EDGE_WEIGHT_TYPE : EXPLICIT
EDGE_WEIGHT_FORMAT : FULL_MATRIX
EDGE_WEIGHT_SECTION
0 860 1648 1180 541 1184 1262 1090 656 1223 687 968 429 575 664 851 1327 1067 1554 1070 1614 876 637 1182 812 1251
860 0 1186 533 459 758 801 760 722 762 642 324 828 493 329 61 680 423 1093 426 967 169 703 720 383 700
1648 1185 0 1236 1270 575 417 717 1383 499 1093 891 1341 1283 1204 1155 756 791 308 979 1387 1071 1364 509 1518 716
1180 533 1236 0 764 897 940 899 1006 901 868 463 1112 777 555 503 529 562 1232 565 721 395 987 859 883 839
541 459 1271 764 0 807 885 713 334 846 365 552 441 106 248 451 911 651 1177 654 1198 476 315 804 412 845
1184 757 575 896 807 0 189 254 920 150 629 462 878 820 776 727 851 362 481 572 1329 642 901 109 1055 405
1262 800 417 939 885 189 0 332 998 114 707 505 956 898 819 770 894 405 323 615 1372 685 979 124 1133 448
1090 760 717 899 712 254 332 0 825 293 535 466 783 725 701 730 991 475 624 697 1333 646 806 251 961 546
656 722 1384 1006 334 920 998 826 0 959 336 793 263 287 490 713 1152 888 1290 896 1439 738 52 917 674 958
1223 761 499 900 846 150 114 293 959 0 668 466 917 859 780 731 855 366 406 576 1333 646 940 85 1094 409
687 642 1094 868 365 630 708 536 336 669 0 588 294 378 353 612 1015 597 1000 758 1302 615 317 627 613 668
968 324 892 463 552 463 506 466 793 467 588 0 836 565 343 294 610 128 798 264 896 209 774 426 673 405
429 828 1342 1112 441 878 956 784 263 917 294 836 0 393 596 820 1259 846 1248 1002 1546 844 244 876 781 916
575 493 1284 777 106 820 898 726 287 859 378 565 393 0 262 485 924 664 1190 667 1211 509 268 818 446 858
664 329 1205 555 248 777 820 701 490 781 353 343 596 262 0 299 702 442 1112 445 989 302 471 739 386 719
851 61 1156 503 451 728 771 730 713 732 612 294 820 485 299 0 650 393 1063 396 937 139 694 690 411 670
1327 680 756 529 911 852 895 992 1152 856 1015 610 1259 924 702 650 0 544 803 528 680 541 1133 814 1030 480
1067 423 901 562 651 473 516 475 888 477 597 128 846 664 442 393 544 0 808 250 995 308 869 435 772 305
1554 1092 308 1231 1177 481 323 624 1290 406 999 797 1248 1190 1111 1062 803 697 0 907 1433 977 1271 416 1425 740
1070 426 979 565 654 596 639 697 896 600 758 264 1002 667 445 396 528 250 931 0 998 311 877 558 775 392
1364 1133 1787 1341 964 1607 1685 1513 1226 1646 1165 1241 1332 998 938 1125 1080 1340 1834 1344 0 1150 1207 1605 1086 1511
876 169 1072 395 476 643 686 646 738 647 615 209 844 509 302 139 541 308 978 311 828 0 719 605 519 585
637 703 1365 987 315 901 979 807 52 940 317 774 244 268 471 694 1133 869 1271 877 1420 719 0 898 655 939
1182 719 509 858 804 109 124 251 917 85 627 425 875 817 738 689 813 324 416 534 1291 604 898 0 1052 368
812 383 1519 883 412 1055 1134 961 674 1094 613 673 781 446 386 411 1030 772 1426 775 1316 519 655 1053 0 1049
1251 704 716 843 845 405 448 546 958 409 668 411 916 858 723 674 480 311 740 299 1111 589 939 368 1053 0
EOF