NAME : tsp_problem
TYPE : TSP
DIMENSION : 28
EDGE_WEIGHT_TYPE : EXPLICIT
EDGE_WEIGHT_FORMAT : FULL_MATRIX
EDGE_WEIGHT_SECTION
0 985 931 1233 542 601 482 825 781 404 703 394 741 880 646 678 647 694 674 798 831 775 944 936 736 362 432 689
985 0 1079 1676 1423 1481 1136 905 1061 1284 627 1048 1023 397 1029 737 1302 838 632 643 1272 248 1385 1378 944 880 1086 745
931 1079 0 1026 1170 1229 587 301 178 1031 861 713 225 1196 320 733 700 932 832 589 623 1089 736 728 317 743 1101 549
1064 1506 856 0 1266 1325 720 970 707 1165 1252 846 666 1614 548 1124 833 1247 1222 1016 372 1509 165 226 665 876 1387 960
542 1423 1169 1143 0 106 610 1263 1019 275 1141 509 979 1318 884 1116 885 1132 1112 1236 1069 1213 1182 1066 974 656 645 1127
601 1481 1228 1202 106 0 668 1322 1078 334 1200 567 1038 1377 943 1174 944 1190 1171 1294 1127 1271 1240 1124 1033 714 701 1185
482 1136 587 780 721 779 0 698 438 582 827 264 397 1032 303 801 304 817 797 744 487 926 600 592 393 294 805 688
826 905 301 1140 1264 1322 698 0 343 1125 687 823 339 1022 433 559 811 758 658 415 736 915 849 842 353 692 927 375
781 1061 178 877 1020 1079 438 343 0 882 843 563 76 1178 170 715 551 877 814 571 473 1071 586 579 168 594 1046 531
404 1284 1030 1185 275 334 471 1125 881 0 1003 370 840 1180 746 977 747 993 974 1097 930 1074 1043 1035 836 517 411 988
704 627 861 1422 1142 1201 827 687 843 1003 0 739 805 744 811 157 992 258 52 477 1018 637 1131 1123 726 571 805 459
586 1240 691 870 780 839 132 801 542 642 931 0 501 1136 407 905 407 921 901 848 591 1030 704 696 497 398 909 792
741 1023 225 836 980 1039 397 339 76 841 805 523 0 1140 130 677 510 836 776 533 433 1033 546 538 127 553 1005 493
880 397 1196 1783 1318 1377 1032 1022 1178 1180 744 944 1140 0 1146 854 1197 954 749 760 1381 240 1494 1486 1061 776 981 862
646 1029 320 718 885 944 303 433 170 747 811 428 130 1146 0 683 416 829 782 539 315 1039 428 420 133 459 970 499
679 737 733 1294 1117 1175 801 559 715 978 157 713 677 854 683 0 965 233 128 440 891 747 1004 996 598 545 780 331
626 1280 801 1103 865 923 352 911 651 726 971 408 611 1176 516 945 0 961 942 958 701 1070 814 806 606 438 949 902
694 838 932 1417 1132 1191 817 758 877 994 258 729 836 954 829 233 983 0 229 643 1013 847 1126 1119 797 561 795 534
675 632 832 1393 1113 1171 797 658 814 974 52 710 776 749 782 128 963 229 0 482 989 642 1102 1094 697 542 776 429
798 643 589 1186 1236 1295 744 415 571 1098 477 833 533 760 539 440 857 643 482 0 783 653 896 888 454 665 900 256
831 1272 623 636 1070 1128 487 736 473 931 1018 613 433 1381 315 891 600 1013 989 783 0 1275 251 338 431 643 1154 727
775 248 1089 1677 1213 1271 926 915 1071 1074 637 838 1033 240 1039 747 1091 847 642 653 1275 0 1388 1380 954 670 876 755
944 1385 736 528 1183 1241 600 849 586 1044 1131 726 546 1494 428 1004 713 1126 1102 896 251 1388 0 225 544 756 1267 840
936 1378 728 328 1066 1124 592 842 579 1036 1123 718 538 1486 420 996 705 1119 1094 888 338 1380 225 0 537 748 1259 832
736 944 317 835 975 1034 393 353 168 837 726 518 127 1061 133 598 506 797 697 454 431 954 544 537 0 549 966 414
362 880 743 1045 656 714 294 692 594 517 571 206 553 776 459 545 460 561 542 665 643 670 756 748 549 0 549 556
432 1086 1100 1555 645 701 809 926 1045 411 804 722 1005 981 974 779 975 795 775 899 1158 876 1271 1264 965 574 0 790
689 745 549 1130 1127 1186 688 375 531 989 459 724 493 862 499 331 801 534 429 256 727 755 840 832 414 556 790 0
EOF