NAME : tsp_problem
TYPE : TSP
DIMENSION : 50
EDGE_WEIGHT_TYPE : EXPLICIT
EDGE_WEIGHT_FORMAT : FULL_MATRIX
EDGE_WEIGHT_SECTION
0 802 942 184 251 995 190 1438 830 666 710 185 388 1052 176 119 113 694 870 783 892 1387 236 468 871 334 769 748 881 53 53 66 726 707 394 336 1224 331 775 835 951 284 1185 82 1381 128 857 68 713 1473
802 0 1350 707 773 1581 879 2025 254 414 1296 874 556 1638 651 808 883 385 1457 1369 1299 1973 906 875 876 920 1355 334 202 806 824 837 1312 1293 980 922 1810 917 1361 1421 956 870 1771 835 1967 899 226 839 1299 2059
950 1350 0 916 983 1790 1014 2234 1378 1214 1505 1010 936 1848 861 944 1031 1242 1666 1579 76 2182 812 647 1419 1129 1565 1296 1429 955 972 985 1522 1503 1189 1132 2020 1126 1570 1630 1499 1079 1903 983 2177 1047 1405 987 1508 2268
184 707 916 0 156 929 287 1373 736 572 645 282 293 987 124 216 266 600 805 718 866 1321 333 442 777 268 704 654 786 189 207 220 661 642 328 271 1159 266 709 769 856 218 1120 218 1316 282 763 222 648 1407
251 773 983 156 0 870 353 1313 802 638 585 349 360 927 190 283 239 666 745 658 932 1262 400 509 843 208 644 720 852 256 274 283 601 582 269 211 1099 206 650 709 922 159 1060 284 1256 225 829 288 588 1348
704 1418 1334 801 868 0 769 2112 1447 1283 1383 764 1005 93 793 698 786 1311 1544 1456 1283 461 628 860 1488 1007 1442 1365 1497 709 727 739 1399 1380 1067 1009 298 1004 1448 1508 1567 957 1858 738 2054 801 1474 742 1386 547
190 879 1007 287 353 1154 0 1597 907 743 869 42 465 1211 252 83 271 771 1029 942 956 1546 301 533 948 492 928 825 958 194 212 225 885 866 553 495 1383 490 934 993 1028 443 1344 223 1540 287 934 227 872 1632
1438 2025 2234 1373 1313 1115 1597 0 2053 1889 860 1592 1611 1173 1441 1527 1372 1917 910 1119 2183 1507 1644 1760 2094 1221 1105 1971 2103 1435 1436 1415 1062 1043 1153 1223 1345 1218 1110 953 2174 1239 914 1464 200 1357 2080 1450 1049 1593
830 254 1378 736 802 1610 907 2053 0 388 1325 903 585 1667 680 837 912 360 1485 1398 1328 2001 935 904 905 948 1384 308 177 835 853 865 1341 1322 1009 951 1839 946 1390 1449 984 899 1800 864 1996 928 201 868 1328 2088
666 414 1214 572 638 1446 743 1889 388 0 1161 739 421 1503 516 673 748 345 1321 1234 1164 1838 771 740 741 785 1220 398 336 671 689 702 1177 1158 845 787 1675 782 1226 1286 820 735 1636 700 1832 764 360 704 1164 1924
725 1311 1521 660 600 506 884 947 1340 1176 0 879 898 563 728 814 659 1204 273 406 1470 898 931 1047 1381 508 392 1258 1390 722 723 702 349 330 440 510 735 505 397 344 1460 526 693 751 890 644 1367 737 336 984
185 874 1002 282 349 1149 42 1592 903 739 864 0 460 1206 247 78 267 767 1025 937 952 1541 296 528 944 488 923 821 953 190 208 220 880 861 548 490 1378 485 929 989 1023 438 1339 219 1535 282 930 223 867 1627
388 556 936 293 360 1167 465 1611 585 421 882 460 0 1225 238 395 470 449 1043 956 886 1559 492 462 626 506 942 503 635 393 411 423 899 880 566 509 1397 503 947 1007 705 456 1357 422 1554 485 612 426 885 1645
761 1476 1391 858 925 93 826 2169 1504 1340 1440 821 1062 0 850 756 843 1368 1601 1514 1341 518 685 917 1545 1064 1500 1422 1555 766 784 796 1457 1438 1124 1067 356 1061 1505 1565 1625 1014 1915 795 2112 859 1531 799 1443 604
176 651 861 124 190 998 252 1441 680 516 713 247 238 1055 0 181 258 544 873 786 810 1390 325 387 721 336 772 598 730 181 199 211 729 710 397 339 1227 334 778 837 800 287 1188 210 1384 274 707 214 716 1476
119 808 936 216 283 1083 83 1527 837 673 798 78 395 1141 181 0 201 701 959 872 886 1475 230 462 878 422 857 755 887 124 142 154 814 796 482 425 1313 419 863 923 957 372 1273 153 1470 216 864 157 801 1561
113 883 1024 266 239 928 271 1372 912 748 643 267 470 986 258 201 0 776 804 717 973 1320 318 550 953 267 702 830 962 109 110 122 660 641 327 270 1158 264 708 768 1032 217 1118 138 1315 98 939 125 646 1406
694 385 1242 600 666 1474 771 1917 360 345 1189 767 449 1531 544 701 776 0 1349 1262 1192 1866 799 768 769 813 1248 426 308 699 717 730 1205 1186 873 815 1703 810 1254 1314 848 763 1664 728 1860 792 332 732 1192 1952
832 1419 1628 767 707 550 991 910 1447 1283 294 986 1005 607 835 921 766 1311 0 513 1577 941 1038 1154 1488 615 499 1365 1497 829 830 809 456 437 547 617 779 612 505 388 1568 633 657 858 853 751 1474 844 443 1027
783 1369 1571 718 658 306 942 1119 1398 1234 390 937 956 364 786 872 717 1262 551 0 1521 698 865 1097 1439 565 67 1316 1448 780 781 760 98 117 498 568 536 563 126 212 1518 584 865 809 1062 702 1425 795 159 784
899 1299 76 866 932 1740 964 2183 1328 1164 1455 959 886 1797 810 893 981 1192 1616 1528 0 2132 761 597 1369 1079 1514 1246 1378 904 922 934 1471 1452 1139 1081 1969 1076 1520 1580 1448 1029 1852 933 2126 997 1355 937 1458 2218
332 1047 962 429 496 1296 397 1740 1075 911 1011 392 633 1354 421 326 414 939 1172 1085 912 0 256 488 1116 635 1070 993 1126 337 355 367 1028 1009 695 638 1526 632 1076 1136 1196 585 1486 366 1683 430 1102 370 1014 175
236 856 762 333 400 1200 301 1644 885 721 915 296 442 1258 325 230 318 749 1076 989 711 1592 0 288 926 539 974 803 935 241 259 271 931 913 599 542 1430 536 980 1040 1005 489 1293 270 1587 333 912 274 918 1678
476 875 647 442 509 1316 540 1760 904 740 1031 536 462 1374 387 470 557 768 1192 1105 597 1708 338 0 945 655 1090 822 954 480 498 511 1047 1029 715 658 1546 652 1096 1156 1025 605 1428 509 1703 573 931 513 1034 1794
871 876 1419 777 843 1651 948 2094 905 741 1366 944 626 1708 721 878 953 769 1526 1439 1369 2043 976 945 0 989 1425 823 955 876 894 906 1382 1363 1050 992 1880 987 1431 1490 390 940 1841 905 2037 969 932 909 1369 2129
334 920 1129 268 208 777 492 1221 948 785 492 488 506 834 336 422 267 813 653 565 1079 1169 539 655 989 0 551 866 999 330 331 311 508 489 176 91 1006 61 557 617 1069 134 967 359 1163 253 975 346 495 1255
769 1355 1557 704 644 292 928 1105 1384 1220 376 923 942 349 772 857 702 1248 537 67 1507 684 851 1083 1425 551 0 1302 1434 765 766 746 84 103 484 554 522 549 112 197 1504 570 851 794 1047 688 1411 781 145 770
748 334 1296 654 720 1528 825 1971 308 398 1243 821 503 1585 598 755 830 426 1403 1316 1246 1919 853 822 823 866 1302 0 257 753 771 783 1259 1240 927 869 1757 864 1308 1367 902 817 1718 782 1914 846 281 786 1246 2006
881 202 1429 786 852 1660 958 2103 177 336 1375 953 635 1717 730 887 962 308 1536 1448 1378 2052 985 954 955 999 1434 257 0 885 903 916 1391 1372 1059 1001 1889 996 1440 1500 1035 949 1850 914 2046 978 149 918 1378 2138
53 806 947 189 256 991 194 1435 835 671 706 190 393 1049 181 124 109 699 867 780 896 1383 241 473 876 330 765 753 885 0 50 62 722 704 390 333 1221 327 771 831 955 280 1181 78 1378 125 862 65 709 1469
53 824 965 207 274 992 212 1436 853 689 707 208 411 1049 199 142 110 717 868 781 914 1384 259 491 894 331 766 771 903 50 0 63 723 704 391 334 1222 328 772 832 973 281 1182 50 1378 125 880 58 710 1470
66 837 977 220 283 972 225 1415 865 702 687 220 423 1029 211 154 122 730 848 760 927 1364 271 503 906 311 746 783 916 62 63 0 703 684 371 313 1201 308 752 812 986 261 1162 91 1358 138 892 78 690 1450
726 1312 1522 661 601 310 885 1062 1341 1177 333 880 899 367 729 814 660 1205 494 98 1471 702 869 1047 1382 508 84 1259 1391 722 723 703 0 81 441 511 539 506 90 215 1461 527 808 752 1005 645 1368 738 102 788
707 1293 1503 642 582 329 866 1043 1322 1158 314 861 880 386 710 796 641 1186 475 117 1452 721 888 1029 1363 489 103 1240 1372 704 704 684 81 0 422 492 558 487 109 234 1442 508 789 733 986 626 1349 719 83 807
394 980 1189 328 269 710 553 1153 1009 845 425 548 566 767 397 482 327 873 585 498 1139 1102 599 715 1050 176 484 927 1059 390 391 371 441 422 0 179 939 173 490 550 1129 194 900 419 1096 313 1036 406 428 1188
336 922 1132 271 211 780 495 1223 951 787 495 490 509 837 339 425 270 815 655 568 1081 1172 542 658 992 91 554 869 1001 333 334 313 511 492 179 0 1009 88 560 620 1072 137 970 362 1166 255 978 348 498 1258
530 1244 1159 627 693 1494 594 1937 1273 1109 1209 590 830 1551 618 524 611 1137 1369 1282 1109 286 454 685 1314 833 1268 1191 1323 535 552 565 1225 1206 893 835 0 830 1274 1333 1393 783 1684 563 1880 627 1300 567 1212 373
331 917 1126 266 206 774 490 1218 946 782 489 485 503 832 334 419 264 810 650 563 1076 1166 536 652 987 61 549 864 996 327 328 308 506 487 173 88 1004 0 554 614 1066 131 964 356 1161 250 973 343 492 1252
775 1361 1570 709 650 338 934 1110 1390 1226 382 929 947 395 778 863 708 1254 543 126 1520 730 897 1096 1431 557 112 1308 1440 771 772 752 90 109 490 560 567 554 0 243 1510 575 857 800 1053 694 1417 787 151 816
832 1421 1461 769 709 197 896 953 1449 1286 257 892 1007 254 837 826 768 1314 388 212 1411 589 756 987 1490 617 197 1367 1500 831 832 812 215 234 550 620 426 614 243 0 1570 635 700 860 896 754 1476 847 276 675
951 956 1499 856 922 1730 1028 2174 984 820 1445 1023 705 1787 800 957 1032 848 1606 1518 1448 2122 1055 1025 390 1069 1504 902 1035 955 973 986 1461 1442 1129 1072 1959 1066 1510 1570 0 1019 1920 984 2116 1048 1011 988 1448 2208
284 870 1079 218 159 795 443 1239 899 735 510 438 456 853 287 372 217 763 671 584 1029 1187 489 605 940 134 570 817 949 280 281 261 527 508 194 137 1025 131 575 635 1019 0 985 309 1182 203 926 296 513 1273
1185 1771 1841 1120 1060 862 1344 914 1800 1636 606 1339 1357 919 1188 1273 1118 1664 657 865 1790 1254 1215 1367 1841 967 851 1718 1850 1181 1182 1162 808 789 900 970 1091 964 857 700 1920 985 0 1210 857 1104 1827 1197 795 1340
82 835 976 218 284 1020 223 1464 864 700 735 219 422 1078 210 153 138 728 896 809 925 1412 270 501 905 359 794 782 914 78 50 91 752 733 419 362 1250 356 800 860 984 309 1210 0 1407 154 891 37 738 1498
1381 1967 2177 1316 1256 1058 1540 200 1996 1832 803 1535 1554 1115 1384 1470 1315 1860 853 1062 2126 1450 1587 1703 2037 1163 1047 1914 2046 1378 1378 1358 1005 986 1096 1166 1287 1161 1053 896 2116 1182 857 1407 0 1300 2023 1393 991 1536
128 899 1039 282 225 914 287 1357 928 764 629 282 485 971 274 216 98 792 789 702 989 1306 333 565 969 253 688 846 978 125 125 138 645 626 313 255 1143 250 694 754 1048 203 1104 154 1300 0 955 140 632 1392
857 226 1405 763 829 1637 934 2080 201 360 1352 930 612 1694 707 864 939 332 1512 1425 1355 2029 962 931 932 975 1411 281 149 862 880 892 1368 1349 1036 978 1866 973 1417 1476 1011 926 1827 891 2023 955 0 895 1355 2115
68 839 980 222 288 1007 227 1450 868 704 722 223 426 1064 214 157 125 732 883 795 929 1399 274 505 909 346 781 786 918 65 58 78 738 719 406 348 1236 343 787 847 988 296 1197 37 1393 140 895 0 725 1485
713 1299 1508 648 588 371 872 1049 1328 1164 320 867 885 428 716 801 646 1192 481 159 1458 763 918 1034 1369 495 145 1246 1378 709 710 690 102 83 428 498 600 492 151 276 1448 513 795 738 991 632 1355 725 0 849
250 964 879 347 413 1214 314 1657 993 829 929 310 550 1271 338 244 332 857 1089 1002 829 1606 174 405 1034 553 988 911 1043 255 272 285 945 926 613 555 1443 550 994 1054 1113 503 1404 283 1600 347 1020 287 932 0
EOF