NAME : tsp_problem
TYPE : TSP
DIMENSION : 30
EDGE_WEIGHT_TYPE : EXPLICIT
EDGE_WEIGHT_FORMAT : FULL_MATRIX
EDGE_WEIGHT_SECTION
0 625 348 347 130 322 872 924 779 854 140 890 698 916 869 966 1439 318 61 1036 216 172 126 454 80 61 783 866 953 87
625 0 770 769 737 525 1294 1415 310 1345 747 1381 230 1407 334 1388 907 740 608 1458 536 779 645 657 658 606 314 331 418 577
348 770 0 52 400 467 604 894 924 824 392 861 844 886 1014 697 1584 94 391 768 302 424 283 599 397 391 929 1011 1098 417
347 769 52 0 400 466 603 894 923 824 391 860 843 886 1014 696 1584 94 390 767 301 423 282 599 397 391 928 1011 1098 416
130 737 407 407 0 434 932 874 891 804 162 840 811 866 981 1025 1551 378 173 1096 276 194 148 566 179 173 895 978 1065 199
322 480 467 466 434 0 991 1112 634 1042 444 1078 554 1104 725 1085 1295 437 305 1156 233 476 342 224 355 303 639 722 809 274
872 1294 604 603 925 991 0 1419 1448 1349 916 1385 1368 1411 1538 1058 2109 619 915 1129 826 948 807 1124 922 916 1453 1536 1623 941
931 1415 894 894 881 1112 1419 0 1569 346 963 382 1489 124 1659 1512 2229 865 974 1583 947 995 927 1244 981 975 1573 1656 1723 1000
779 310 924 923 883 679 1448 1561 0 1491 901 1528 176 1553 554 1542 755 894 762 1612 690 933 799 811 812 760 99 551 638 731
861 1345 824 824 811 1042 1349 346 1499 0 893 198 1419 338 1589 1442 2159 795 904 1513 877 925 857 1174 911 905 1503 1586 1653 930
140 747 392 391 162 444 916 955 901 885 0 922 820 947 991 1010 1561 362 183 1080 286 69 131 576 189 183 905 988 1075 209
898 1381 861 860 848 1078 1385 382 1535 198 930 0 1455 374 1625 1478 2196 831 941 1549 913 962 894 1211 947 941 1540 1623 1689 967
698 230 844 843 811 598 1368 1489 176 1419 820 1455 0 1481 474 1461 836 814 682 1532 610 853 719 731 732 680 181 471 558 651
923 1407 886 886 873 1104 1411 124 1561 338 955 374 1481 0 1651 1504 2221 857 966 1575 939 987 919 1236 973 967 1565 1648 1715 992
831 296 976 975 943 731 1500 1621 516 1551 953 1587 436 1613 0 1594 1001 946 814 1664 742 985 851 863 864 812 507 105 432 783
966 1388 697 696 1018 1085 1058 1512 1542 1442 1010 1478 1461 1504 1632 0 2202 712 1008 200 920 1042 900 1217 1015 1009 1546 1629 1716 1034
274 881 552 551 224 578 1076 902 1035 832 306 869 955 895 1125 1169 0 522 317 1240 420 338 292 710 324 318 1040 1122 1209 343
318 740 94 94 371 437 619 865 894 795 362 831 814 857 985 712 1555 0 361 783 272 394 253 570 368 362 899 982 1069 387
61 608 391 390 173 305 915 967 762 897 183 933 682 959 852 1008 1423 361 0 1079 259 215 169 438 94 75 767 850 937 100
1036 1458 768 767 1089 1156 1129 1583 1612 1513 1080 1549 1532 1575 1703 200 2273 783 1079 0 990 1112 971 1288 1086 1080 1617 1700 1787 1105
216 536 302 301 276 233 826 947 690 877 286 913 610 939 780 920 1350 272 259 990 0 318 177 365 266 260 695 777 864 285
172 779 424 423 194 476 948 987 933 917 69 954 853 980 1023 1042 1593 394 215 1112 318 0 164 608 221 215 937 1020 1107 241
126 645 283 282 148 342 807 927 799 857 131 894 719 919 889 900 1459 253 169 971 177 164 0 474 176 170 804 886 973 195
454 613 599 599 566 224 1124 1244 767 1174 576 1211 686 1236 857 1217 1427 570 438 1288 365 608 474 0 487 436 771 854 941 406
80 658 397 397 179 355 922 973 812 903 189 939 732 965 902 1015 1472 368 94 1086 266 221 176 487 0 95 816 899 986 120
61 606 391 391 173 303 916 967 760 897 183 934 680 959 850 1009 1421 362 75 1080 260 215 170 436 95 0 765 848 935 101
783 314 929 928 823 683 1453 1501 99 1431 904 1467 181 1493 507 1546 695 899 767 1617 695 937 804 815 816 765 0 504 589 735
828 293 973 973 940 728 1497 1618 513 1548 950 1584 433 1610 105 1591 998 944 811 1662 739 982 848 860 861 809 504 0 429 780
953 418 1098 1098 1065 853 1623 1661 638 1591 1075 1627 558 1653 432 1716 1083 1069 937 1787 864 1107 973 985 986 935 589 429 0 905
87 577 417 416 199 274 941 992 731 922 209 959 651 984 821 1034 1391 387 100 1105 285 241 195 406 120 101 735 818 905 0
EOF