NAME : tsp_problem
TYPE : TSP
DIMENSION : 20
EDGE_WEIGHT_TYPE : EXPLICIT
EDGE_WEIGHT_FORMAT : FULL_MATRIX
EDGE_WEIGHT_SECTION
0 1153 1252 633 566 418 1192 1009 666 735 1087 574 1164 597 174 543 1189 745 187 927
1153 0 242 867 1611 1039 1598 2053 900 1140 1493 899 491 887 1218 1588 2234 1789 1231 1971
1252 242 0 965 1710 1137 1696 2152 998 1239 1591 997 589 986 1317 1687 2333 1888 1330 2070
633 867 965 0 1090 518 1077 1533 144 619 972 378 878 402 698 1067 1602 1269 711 1451
566 1611 1710 1090 0 876 1650 585 1123 1192 1545 1032 1622 1055 504 456 936 321 517 503
418 1039 1137 518 876 0 870 1318 551 412 765 459 1050 483 483 853 1499 1054 496 1236
617 1662 1761 1141 555 927 0 997 1174 1243 1596 1082 1673 1106 555 310 884 733 568 915
1009 2053 2152 1533 585 1318 2092 0 1566 1634 1987 1474 2064 1497 946 898 1378 380 959 308
666 900 998 144 1123 551 1110 1566 0 652 1005 411 911 435 731 1100 1664 1302 744 1484
1092 2136 2235 1616 1029 1401 576 1472 1649 0 471 1557 2147 1580 1029 784 1358 1208 1042 1390
681 1725 1824 1205 619 990 165 1061 1238 1307 0 1146 1737 1169 618 373 948 797 632 979
536 899 997 378 993 421 1021 1436 411 563 916 0 910 111 601 970 1616 1172 614 1354
1164 491 589 878 1622 1050 1609 2064 911 1151 1504 910 0 898 1229 1599 2245 1800 1242 1982
559 887 986 402 1017 445 1044 1459 435 586 939 111 898 0 624 994 1640 1195 637 1377
174 1218 1317 698 504 483 1257 946 731 800 1152 639 1229 662 0 481 1127 682 97 864
543 1588 1687 1067 456 853 1627 898 1100 1169 1522 1008 1599 1032 481 0 997 634 494 816
1189 2234 2333 1664 936 1499 2273 1378 1726 1815 2168 1654 2245 1678 1127 1005 0 1114 1140 1296
745 1789 1888 1269 321 1054 1828 380 1302 1371 1723 1210 1800 1233 682 634 1114 0 695 298
187 1231 1330 711 517 496 1270 959 744 813 1165 652 1242 675 97 494 1140 695 0 877
927 1971 2070 1451 503 1236 2010 308 1484 1552 1905 1392 1982 1415 864 816 1296 298 877 0
EOF