NAME : tsp_problem
TYPE : TSP
DIMENSION : 30
EDGE_WEIGHT_TYPE : EXPLICIT
EDGE_WEIGHT_FORMAT : FULL_MATRIX
EDGE_WEIGHT_SECTION
0 891 966 196 174 807 932 1134 637 847 283 441 191 1570 1300 941 946 510 822 806 1553 1586 1592 258 297 949 652 993 1487 509
898 0 1646 1000 978 1487 1422 1815 474 278 956 1122 994 2251 1902 486 491 1191 1502 1296 2234 2266 2273 1062 970 1630 1142 1674 2168 1189
928 1608 0 958 936 282 1472 555 1355 1565 720 708 952 908 637 1659 1664 657 418 1346 891 1006 1013 714 705 368 1191 99 908 528
196 992 996 0 69 837 937 1164 739 949 313 471 71 1600 1329 1043 1048 540 852 811 1583 1616 1622 288 327 979 657 1023 1517 538
174 971 974 69 0 815 915 1142 717 927 291 449 64 1578 1308 1021 1026 518 830 789 1561 1594 1600 266 305 957 635 1001 1495 517
807 1487 282 837 815 0 1351 371 1234 1444 599 587 831 884 613 1538 1543 536 218 1225 867 823 829 593 584 185 1071 309 724 407
926 1422 1510 937 915 1351 0 1678 1169 1379 820 985 932 2114 1844 1472 1478 1054 1366 826 2097 2130 2136 986 834 1493 672 1537 2031 1053
678 1358 1549 779 757 1390 1516 0 1105 1315 866 1024 774 2154 1883 1409 1414 1093 1405 1390 2136 570 576 841 880 1533 1235 1576 471 1092
645 474 1393 746 725 1234 1169 1561 0 431 703 868 741 1997 1649 524 530 937 1249 1042 1980 2013 2019 808 717 1376 888 1420 1914 936
855 278 1603 957 935 1444 1379 1772 431 0 913 1078 951 2208 1859 443 448 1147 1459 1253 2190 2223 2229 1018 927 1587 1099 1630 2124 1146
283 956 758 313 291 599 820 926 703 913 0 233 307 1362 1092 1007 1012 302 614 694 1345 1378 1384 239 185 741 540 785 1279 301
441 1122 702 471 449 543 985 871 868 1078 233 0 465 1307 1036 1172 1177 291 558 859 1290 1322 1329 228 218 686 705 730 1224 289
191 987 990 71 64 831 932 1159 733 944 307 465 0 1595 1324 1037 1043 534 846 806 1577 1610 1617 282 321 974 651 1017 1512 533
1570 2251 908 1600 1578 884 2114 1157 1997 2208 1362 1351 1595 0 931 2301 2307 1300 1060 1988 430 1609 1615 1357 1348 971 1834 917 1510 1171
1300 1841 637 1329 1308 613 1844 887 1587 1797 1092 1080 1324 931 0 1891 1896 1029 789 1718 914 1338 1344 1086 1077 700 1563 665 1239 900
949 486 1697 1050 1029 1538 1472 1865 524 443 1007 1172 1045 2301 1953 0 94 1241 1553 1346 2284 2317 2323 1112 1021 1680 1192 1724 2218 1240
954 491 1702 1056 1034 1543 1478 1871 530 448 1012 1177 1050 2307 1958 94 0 1246 1558 1352 2289 2322 2328 1117 1026 1686 1197 1729 2223 1245
510 1191 695 540 518 536 1054 864 937 1147 302 291 534 1300 1029 1241 1246 0 551 928 1282 1315 1321 297 288 679 774 722 1216 238
822 1502 456 852 830 218 1366 354 1249 1459 614 603 846 1060 789 1553 1558 551 0 1240 1043 805 812 609 599 234 1086 483 707 422
800 1296 1384 811 789 1225 826 1552 1042 1253 694 859 806 1988 1718 1346 1352 928 1240 0 1971 2004 2010 860 708 1367 326 1411 1905 927
1553 2234 891 1583 1561 867 2097 1140 1980 2190 1345 1334 1577 430 914 2284 2289 1282 1043 1971 0 1591 1598 1340 1331 953 1817 900 1493 1153
197 878 1068 299 277 909 1035 1237 624 834 386 544 293 1673 1402 928 933 613 924 909 1656 0 63 360 400 1052 755 1096 1590 611
203 884 1075 305 283 916 1041 1243 630 841 392 550 299 1679 1408 934 940 619 931 915 1662 63 0 367 406 1058 761 1102 1596 617
258 1054 752 288 266 593 986 921 801 1011 239 228 282 1357 1086 1104 1110 297 609 860 1340 1372 1379 0 224 736 706 780 1274 295
297 970 743 327 305 584 834 912 717 927 185 218 321 1348 1077 1021 1026 288 599 708 1331 1363 1370 224 0 727 554 770 1265 286
780 1461 368 882 860 185 1493 221 1208 1418 741 730 877 971 700 1512 1517 679 234 1367 953 673 679 736 727 0 1213 396 574 550
645 1142 1230 657 635 1071 672 1398 888 1099 540 705 651 1834 1563 1192 1197 774 1086 326 1817 1850 1856 706 554 1213 0 1257 1751 772
955 1635 99 985 963 309 1499 582 1382 1592 747 736 979 917 665 1686 1691 684 445 1373 900 1034 1040 742 732 396 1219 0 935 555
267 947 1138 368 347 979 1105 1307 694 904 455 613 363 1743 1472 998 1003 682 994 979 1725 159 165 430 469 1122 825 1165 0 681
509 1189 566 538 517 407 1053 735 936 1146 301 289 533 1171 900 1240 1245 238 422 927 1153 1186 1192 295 286 550 772 593 1087 0
EOF