NAME : tsp_problem
TYPE : TSP
DIMENSION : 28
EDGE_WEIGHT_TYPE : EXPLICIT
EDGE_WEIGHT_FORMAT : FULL_MATRIX
EDGE_WEIGHT_SECTION
0 1014 432 188 96 78 982 844 609 686 346 440 153 949 286 516 441 483 553 1577 769 664 1396 1303 432 1206 1320 1194
1014 0 1227 916 1064 1006 1777 1597 1403 1481 899 877 1120 280 971 923 1236 1278 1348 2372 1563 1459 2191 2097 885 2000 2114 1988
432 1227 0 401 482 424 644 1230 270 348 559 653 539 1162 606 729 35 118 215 1239 430 326 1058 965 645 867 982 856
188 916 401 0 237 179 951 922 577 655 248 342 294 851 296 418 409 451 521 1545 737 633 1364 1271 334 1174 1288 1162
96 1064 482 237 0 93 1032 859 658 736 395 490 168 998 301 565 491 533 603 1627 818 714 1446 1352 481 1255 1369 1243
78 1006 424 179 93 0 974 841 600 678 337 432 149 940 282 507 433 475 545 1569 760 656 1388 1294 423 1197 1311 1185
982 1777 644 951 1032 974 0 1780 536 509 1109 1203 1089 1712 1156 1259 653 695 497 768 417 477 1025 931 1195 834 948 822
866 1661 528 834 916 858 391 0 296 269 992 1087 972 1595 1040 1162 536 579 387 986 177 257 1099 1006 1078 909 1023 897
609 1403 270 577 658 600 528 1407 0 117 735 829 715 1338 782 905 279 321 271 1123 199 169 1011 918 821 820 935 809
686 1481 348 655 736 678 501 1484 117 0 813 907 793 1416 860 983 357 399 272 1096 172 142 984 891 899 794 908 782
307 899 521 210 357 299 1070 985 697 775 0 125 414 834 359 401 529 571 641 1665 857 753 1484 1391 117 1294 1408 1282
402 877 615 304 451 393 1165 1025 791 869 125 0 508 812 399 440 623 666 736 1760 951 847 1579 1485 58 1388 1502 1376
153 1120 539 294 168 149 1089 794 715 793 452 546 0 1055 236 622 547 589 659 1683 875 771 1502 1409 538 1312 1426 1300
949 280 1162 851 998 940 1712 1531 1338 1416 834 812 1055 0 905 858 1170 1213 1283 2307 1498 1394 2126 2032 820 1935 2049 1923
286 971 606 296 301 282 987 661 782 860 335 399 236 905 0 472 615 657 727 1582 773 838 1570 1476 391 1379 1493 1367
516 923 729 418 565 507 1197 1098 905 983 401 440 622 858 472 0 737 780 850 1792 1065 961 1693 1599 432 1502 1616 1490
441 1236 35 409 491 433 653 1239 279 357 567 662 547 1170 615 737 0 126 224 1248 439 335 1067 973 653 876 990 864
483 1278 118 451 533 475 695 1281 321 399 609 704 589 1213 657 780 126 0 266 1290 481 377 1109 1015 696 918 1032 906
553 1348 215 521 603 545 497 1351 271 272 679 774 659 1283 727 850 224 266 0 1092 290 179 910 817 766 720 834 708
1577 2372 1239 1545 1627 1569 768 2375 1131 1104 1704 1798 1683 2307 1751 1853 1248 1290 1092 0 1012 1072 1619 1526 1790 1429 1543 1417
769 1563 430 737 818 760 409 1567 199 172 895 989 875 1498 942 1065 439 481 290 1004 0 160 1002 908 981 811 925 799
664 1459 326 633 714 656 477 1462 169 142 791 885 771 1394 838 961 335 377 179 1072 160 0 891 797 877 700 814 688
1396 2191 1058 1364 1446 1388 1025 2194 1011 984 1522 1617 1502 2126 1570 1693 1067 1109 910 1619 995 891 0 1011 1609 914 469 902
1303 2097 965 1271 1352 1294 931 2101 918 891 1429 1523 1409 2032 1476 1599 973 1015 817 1526 902 797 1011 0 1515 231 935 281
394 885 607 296 443 385 1157 1017 783 861 117 58 500 820 391 432 615 657 727 1751 943 839 1570 1477 0 1380 1494 1368
1206 2000 867 1174 1255 1197 834 2003 820 794 1332 1426 1312 1935 1379 1502 876 918 720 1429 804 700 914 231 1418 0 838 338
1320 2114 982 1288 1369 1311 948 2118 935 908 1446 1540 1426 2049 1493 1616 990 1032 834 1543 919 814 469 935 1532 838 0 826
1194 1988 856 1162 1243 1185 822 1992 809 782 1320 1414 1300 1923 1367 1490 864 906 708 1417 792 688 902 281 1406 338 826 0
EOF