NAME : tsp_problem
TYPE : TSP
DIMENSION : 44
EDGE_WEIGHT_TYPE : EXPLICIT
EDGE_WEIGHT_FORMAT : FULL_MATRIX
EDGE_WEIGHT_SECTION
0 853 710 692 239 359 154 211 661 862 374 962 694 1312 326 1387 1500 942 711 356 769 594 707 899 698 331 686 619 811 175 924 356 451 1456 1007 776 613 323 447 327 629 760 1438 66
815 0 276 283 707 958 937 736 373 1530 637 1561 1294 849 710 924 954 1610 423 955 481 1193 419 1567 410 594 398 1218 236 959 1592 955 587 910 1675 1375 1212 586 710 926 275 1359 892 792
725 255 0 258 617 869 848 647 284 1441 548 1472 1204 823 621 898 1009 1521 333 866 392 1104 330 1477 320 505 309 1129 320 870 1503 865 497 964 1585 1286 1122 497 621 836 186 1270 947 702
692 283 171 0 584 836 815 614 172 1408 514 1439 1171 664 587 738 929 1487 222 833 280 1071 218 1444 209 472 197 1095 239 837 1470 832 464 884 1552 1253 1089 463 588 803 210 1237 867 669
239 745 602 584 0 319 305 171 553 891 266 922 654 1204 218 1279 1392 970 603 316 661 554 599 927 590 223 579 579 703 327 953 315 343 1348 1035 736 572 215 339 286 521 720 1331 274
359 997 854 836 319 0 400 291 805 827 517 652 384 1456 470 1531 1644 907 855 82 913 284 851 864 841 475 830 309 955 422 889 82 595 1599 972 466 302 467 591 97 773 450 1582 394
154 976 833 815 305 400 0 277 784 891 496 1003 736 1435 449 1510 1623 971 834 397 892 635 830 927 820 454 809 660 934 69 953 397 574 1578 1035 817 654 446 570 368 752 801 1561 189
211 774 631 614 171 291 277 0 583 863 295 894 626 1233 248 1308 1422 942 632 288 691 526 629 899 619 252 608 551 733 299 925 287 372 1377 1007 708 544 244 369 258 551 692 1360 246
661 411 268 172 553 805 784 583 0 1377 483 1408 1140 697 556 772 1058 1456 96 802 154 1040 93 1413 83 441 72 1064 369 806 1439 801 433 1014 1521 1222 1058 432 557 772 188 1206 997 638
870 1568 1425 1408 891 827 898 863 1377 0 1089 1430 1162 2027 1042 2102 2216 194 1426 824 1485 1062 1423 198 1413 1046 1402 1087 1527 920 338 824 1166 2171 420 1244 1081 1038 1163 795 1345 1228 2154 905
374 675 532 514 266 517 496 295 483 1089 0 1120 853 1134 269 1209 1322 1169 533 514 591 752 529 1126 520 68 509 777 633 518 1151 514 273 1278 1234 934 771 118 124 485 451 918 1261 351
962 1600 1457 1439 922 652 1003 894 1408 1430 1120 0 860 2059 1073 2134 2247 1510 1457 685 1516 760 1454 1467 1444 1078 1433 784 1558 1025 1492 685 1198 2202 1575 942 541 1070 1194 700 1376 926 2185 997
694 1332 1189 1171 654 384 736 626 1140 1162 853 860 0 1791 805 1866 1979 1242 1190 417 1248 272 1186 1199 1176 810 1165 297 1290 757 1225 417 930 1935 1307 411 510 802 926 433 1108 390 1917 730
447 1269 1126 1108 599 719 476 571 1077 997 790 1322 1054 0 743 204 1917 1077 1127 716 1185 954 1124 1034 1114 747 1103 979 1228 498 1059 716 867 1872 1142 1136 973 739 864 687 1046 1120 1855 482
326 704 561 543 218 470 449 248 512 1042 269 1073 805 1163 0 1238 1351 1122 562 467 620 705 558 1078 549 226 538 730 662 471 1104 466 346 1307 1186 887 723 218 343 437 480 871 1290 303
332 1154 1011 993 484 604 361 456 962 882 675 1207 939 1613 628 0 1802 962 1012 601 1070 839 1009 919 999 632 988 864 1112 383 944 601 752 1757 1027 1021 858 624 749 572 931 1005 1740 367
1500 954 922 929 1392 1644 1623 1422 1058 2216 1322 2247 1979 1494 1395 1569 0 2295 1108 1641 1166 1879 1105 2252 1095 1280 1084 1904 755 1645 2278 1640 1272 491 2360 2061 1897 1272 1396 1611 961 2045 210 1477
949 1648 1505 1487 970 907 978 942 1456 194 1169 1510 1242 2107 1122 2182 2295 0 1506 904 1564 1142 1502 278 1493 1126 1482 1167 1606 1000 418 903 1246 2251 500 1324 1160 1118 1242 874 1424 1308 2234 985
711 461 318 222 603 855 834 632 96 1426 533 1457 1190 712 606 787 1108 1506 0 851 170 1089 108 1463 98 490 55 1114 419 855 1488 851 483 1064 1571 1271 1108 482 606 822 237 1255 1046 688
356 993 851 833 316 82 397 288 802 824 514 685 417 1453 467 1527 1641 904 851 0 910 317 848 861 838 472 827 342 952 419 886 52 592 1596 969 499 336 464 588 94 770 483 1579 391
769 519 376 280 661 913 892 691 154 1477 591 1516 1248 609 664 684 1166 1557 170 910 0 1148 103 1514 112 549 145 1172 477 914 1539 909 541 1122 1622 1330 1166 540 665 880 296 1313 1105 746
594 1231 1088 1071 554 284 635 526 1040 1062 752 760 272 1690 705 1765 1879 1142 1089 317 1148 0 1086 1099 1076 709 1065 197 1190 657 1124 316 829 1834 1207 354 410 701 826 332 1008 338 1817 629
707 457 314 218 599 851 830 629 93 1423 529 1454 1186 646 603 721 1105 1502 108 848 103 1086 0 1459 68 487 83 1111 416 852 1485 847 479 1060 1567 1268 1104 479 603 818 234 1252 1043 684
906 1605 1462 1444 927 864 935 899 1413 198 1126 1467 1199 2064 1078 2139 2252 278 1463 861 1521 1099 1459 0 1450 1083 1438 1123 1563 957 374 860 1203 2208 457 1281 1117 1075 1199 831 1381 1264 2190 941
698 448 305 209 590 841 820 619 83 1413 520 1444 1176 655 593 730 1095 1493 98 838 112 1076 68 1450 0 477 74 1101 406 842 1475 838 470 1050 1558 1258 1095 469 593 809 224 1242 1033 675
331 632 489 472 223 475 454 252 441 1046 68 1078 810 1091 226 1166 1280 1126 490 472 549 709 487 1083 477 0 466 734 591 475 1109 471 230 1235 1191 891 728 75 142 442 409 875 1218 308
686 436 294 197 579 830 809 608 72 1402 509 1433 1165 688 582 763 1084 1482 55 827 145 1065 83 1438 74 466 0 1090 395 831 1464 827 458 1039 1546 1247 1083 458 582 798 213 1231 1022 663
619 1256 1113 1095 579 309 660 551 1064 1087 777 784 297 1715 730 1790 1904 1167 1114 342 1172 197 1111 1123 1101 734 1090 0 1214 682 1149 341 854 1859 1231 379 435 726 851 357 1033 363 1842 654
811 236 233 239 703 955 934 733 369 1527 633 1558 1290 805 706 880 781 1606 419 952 477 1190 416 1563 406 591 395 1214 0 956 1589 951 583 736 1671 1372 1208 582 707 922 272 1356 719 788
175 997 854 837 327 422 69 299 806 913 518 1025 757 1456 471 1531 1645 992 855 419 914 657 852 949 842 475 831 682 956 0 975 419 595 1600 1057 839 675 467 592 389 774 823 1583 211
932 1630 1488 1470 953 889 961 925 1439 338 1151 1492 1225 2089 1104 2164 2278 418 1488 886 1547 1124 1485 374 1475 1109 1464 1149 1589 982 0 886 1228 2233 198 1306 1143 1100 1225 857 1407 1290 2216 967
356 993 850 832 315 82 397 287 801 824 514 685 417 1452 466 1527 1640 903 851 52 909 316 847 860 838 471 827 341 951 419 886 0 591 1596 968 498 335 463 587 94 769 482 1579 391
451 625 482 464 343 595 574 372 433 1166 273 1198 930 1084 346 1159 1272 1246 483 592 541 829 479 1203 470 230 458 854 583 595 1228 591 0 1228 1311 1011 848 222 347 562 401 995 1210 428
1456 910 877 884 1348 1599 1578 1377 1014 2171 1278 2202 1935 1449 1351 1524 491 2251 1064 1596 1122 1834 1060 2208 1050 1235 1039 1859 711 1600 2233 1596 1228 0 2316 2016 1853 1227 1351 1567 916 2000 430 1433
1014 1713 1570 1552 1035 972 1043 1007 1521 420 1234 1575 1307 2172 1186 2247 2360 500 1571 969 1629 1207 1567 457 1558 1191 1546 1231 1671 1065 198 968 1311 2316 0 1389 1225 1183 1307 939 1489 1373 2298 1049
776 1413 1270 1253 736 466 817 708 1222 1244 934 942 411 1872 887 1947 2061 1324 1271 499 1330 354 1268 1281 1258 891 1247 379 1372 839 1306 498 1011 2016 1389 0 592 883 1008 514 1190 310 1999 811
613 1250 1107 1089 572 302 654 544 1058 1081 771 541 510 1709 723 1784 1897 1160 1108 336 1166 410 1104 1117 1095 728 1083 435 1208 675 1143 335 848 1853 1225 592 0 720 844 351 1026 576 1835 648
323 624 481 463 215 467 446 244 432 1038 118 1070 802 1083 218 1158 1272 1118 482 464 540 701 479 1075 469 75 458 726 582 467 1100 463 222 1227 1183 883 720 0 191 434 401 867 1210 300
447 749 606 588 339 591 570 369 557 1163 124 1194 926 1208 343 1283 1396 1242 606 588 665 826 603 1199 593 142 582 851 707 592 1225 587 347 1351 1307 1008 844 191 0 558 525 992 1334 424
327 964 821 803 286 97 368 258 772 795 485 700 433 1423 437 1498 1611 874 822 94 880 332 818 831 809 442 798 357 922 389 857 94 562 1567 939 514 351 434 558 0 740 498 1550 362
629 313 171 210 521 773 752 551 188 1345 451 1376 1108 775 525 850 961 1424 237 770 296 1008 234 1381 224 409 213 1033 272 774 1407 769 401 916 1489 1190 1026 401 525 740 0 1174 899 606
760 1397 1254 1237 720 450 801 692 1206 1228 918 926 390 1856 871 1931 2045 1308 1255 483 1313 338 1252 1264 1242 875 1231 363 1356 823 1290 482 995 2000 1373 310 576 867 992 498 1174 0 1983 795
1438 892 860 867 1331 1582 1561 1360 997 2154 1261 2185 1917 1432 1334 1507 210 2234 1046 1579 1105 1817 1043 2190 1033 1218 1022 1842 694 1583 2216 1579 1210 430 2298 1999 1835 1210 1334 1550 899 1983 0 1415
66 830 687 669 274 394 189 246 638 897 351 997 730 1289 303 1364 1477 977 688 391 746 629 684 934 675 308 663 654 788 211 959 391 428 1433 1042 811 648 300 424 362 606 795 1415 0
EOF