NAME : tsp_problem
TYPE : TSP
DIMENSION : 28
EDGE_WEIGHT_TYPE : EXPLICIT
EDGE_WEIGHT_FORMAT : FULL_MATRIX
EDGE_WEIGHT_SECTION
0 290 333 153 124 783 150 201 971 876 185 366 1547 886 336 1224 129 425 74 462 420 1559 863 1001 835 1028 1569 767
290 0 306 292 263 755 289 223 741 646 237 339 1317 940 309 994 269 194 351 232 190 1329 633 1055 605 1001 1339 739
333 306 0 360 331 514 357 408 994 899 393 97 1570 824 86 1247 337 447 394 485 443 1582 886 939 858 759 1592 498
153 292 360 0 78 810 87 138 908 813 122 393 1484 925 363 1161 75 362 214 399 357 1496 800 1040 772 1055 1506 794
124 263 331 78 0 781 58 109 879 784 93 364 1455 896 335 1132 46 333 185 370 328 1467 771 1011 743 1026 1477 765
783 755 514 810 781 0 807 858 1443 1348 842 466 2020 1274 535 1696 786 897 844 934 892 2031 1335 1389 1307 1001 2041 310
150 289 357 87 58 807 0 118 883 789 102 390 1460 922 361 1137 55 337 211 375 332 1472 776 1037 748 1052 1481 791
201 223 408 138 109 858 118 0 816 721 127 441 1392 973 412 1069 106 270 262 307 265 1404 708 1088 680 1103 1414 842
933 702 955 870 841 1405 845 778 0 516 792 988 1026 1589 959 702 837 629 994 666 624 1037 516 1704 488 1650 1047 1389
875 646 899 813 784 1348 789 721 516 0 736 932 710 1460 902 387 781 573 937 610 568 722 131 1576 103 1594 732 1332
185 237 393 122 93 842 102 127 830 736 0 426 1407 958 396 1084 90 284 247 322 279 1419 723 1073 695 1087 1428 826
366 339 97 393 364 466 390 441 1026 932 426 0 1603 857 118 1280 370 480 427 517 475 1615 919 972 891 711 1624 450
230 407 475 269 241 925 267 318 1087 993 302 508 0 815 478 1341 246 541 291 579 536 33 980 930 952 1170 1685 909
893 940 824 933 904 1274 930 981 1627 1533 965 857 2204 0 827 1881 910 1081 955 1119 1076 2216 1520 166 1492 1519 2225 1257
336 309 86 363 335 535 361 412 997 902 396 118 1573 827 0 1250 340 451 398 488 446 1585 889 942 861 780 1595 519
541 717 786 580 551 1235 577 628 1398 1303 613 818 375 1126 789 0 557 852 602 889 847 387 1290 1241 1262 1480 397 1219
129 269 337 75 46 786 55 106 875 781 90 370 1452 902 340 1129 0 329 191 367 324 1464 768 1017 740 1032 1473 770
425 194 447 362 333 897 337 270 667 573 284 480 1244 1081 451 921 329 0 486 131 56 1256 560 1196 532 1142 1265 881
74 351 394 214 185 844 211 262 1032 937 247 427 1608 947 398 1285 191 486 0 523 481 1620 924 1062 896 1089 1630 828
462 232 485 399 370 934 375 307 705 610 322 517 1281 1119 488 958 367 131 523 0 126 1293 597 1234 569 1179 1303 918
420 190 443 357 328 892 332 265 662 568 279 475 1239 1076 446 916 324 56 481 126 0 1251 555 1191 527 1137 1260 876
242 419 487 281 253 937 279 330 1099 1005 314 520 33 827 490 1353 258 553 303 591 548 0 992 942 964 1182 1697 920
863 633 886 800 771 1335 776 708 555 131 723 919 802 1520 889 479 768 560 924 597 555 814 0 1635 51 1581 823 1319
1009 1055 939 1048 1019 1389 1045 1096 1742 1648 1081 972 2319 166 942 1996 1025 1196 1070 1234 1191 2331 1635 0 1607 1634 2341 1373
835 605 858 772 743 1307 748 680 526 103 695 891 774 1492 861 451 740 532 896 569 527 786 51 1607 0 1552 795 1291
1028 1001 759 1055 1026 1001 1052 1103 1688 1594 1087 711 2265 1519 780 1941 1032 1142 1089 1179 1137 2277 1581 1634 1552 0 2286 984
420 597 665 459 431 1115 457 508 1277 1183 492 698 255 1005 668 1531 436 731 481 769 726 267 1170 1120 1142 1360 0 1099
767 739 498 794 765 310 791 842 1427 1332 826 450 2003 1257 519 1680 770 881 828 918 876 2015 1319 1373 1291 984 2025 0
EOF