NAME : tsp_problem
TYPE : TSP
DIMENSION : 26
EDGE_WEIGHT_TYPE : EXPLICIT
EDGE_WEIGHT_FORMAT : FULL_MATRIX
EDGE_WEIGHT_SECTION
0 593 915 897 451 1169 581 1026 579 1193 1093 1046 995 1073 1056 1033 782 510 956 744 432 581 1199 1047 1090 1193
593 0 502 484 652 756 69 614 67 780 680 660 608 687 644 621 369 710 543 848 371 69 786 634 677 780
915 502 0 116 935 476 491 138 489 500 400 756 704 783 364 341 193 935 68 944 693 491 506 354 397 500
897 484 116 0 917 459 473 228 471 482 383 738 686 765 346 323 175 918 158 926 675 473 489 337 380 482
451 652 915 897 0 1047 640 1027 639 1070 1093 681 630 708 1057 1034 782 145 956 379 491 640 1077 1047 1090 1193
1169 756 476 459 1046 0 745 588 743 88 364 597 545 624 328 323 447 1046 518 1055 947 745 82 318 361 464
581 69 491 473 640 745 0 603 56 769 669 649 597 676 632 609 358 699 532 837 360 58 775 623 666 769
1027 614 138 228 1047 588 603 0 601 612 512 868 816 895 476 453 304 1047 114 1055 805 603 618 466 509 612
579 67 489 471 639 743 56 601 0 767 667 647 595 674 630 607 356 697 530 835 358 56 773 621 664 767
1193 780 500 482 1070 88 769 612 767 0 388 621 569 647 351 346 470 1070 541 1078 971 769 47 342 385 488
1093 680 400 383 1113 364 669 512 667 388 0 844 792 871 54 246 371 1113 442 1122 871 669 394 151 135 238
1046 679 775 758 681 597 668 887 666 621 844 0 115 231 808 803 642 681 817 690 870 668 627 798 841 944
994 628 724 706 629 545 617 835 615 569 793 115 0 169 756 751 590 630 765 638 819 616 575 747 790 892
1073 706 802 784 708 624 695 914 693 648 871 231 169 0 835 829 669 708 843 716 897 695 654 825 868 971
1056 644 364 346 1077 328 633 476 631 351 54 808 756 835 0 210 334 1077 405 1085 835 632 358 114 99 201
1033 621 341 323 1054 323 610 453 608 346 246 802 751 829 210 0 311 1054 382 1062 812 609 352 200 243 346
782 369 193 175 802 447 358 304 356 470 371 623 571 650 334 311 0 802 234 811 560 358 477 325 368 471
510 710 915 898 145 1047 699 1027 697 1071 1094 682 630 709 1057 1034 782 0 957 380 550 699 1077 1048 1091 1193
956 543 68 158 976 518 532 114 530 541 442 797 745 824 405 382 234 977 0 985 734 532 548 396 439 541
744 828 924 906 379 1055 817 1035 815 1079 1102 690 638 717 1065 1042 791 380 965 0 785 816 1085 1056 1099 1202
432 371 693 675 491 947 360 805 358 971 871 851 799 878 834 811 560 550 734 785 0 359 977 825 868 971
581 69 491 473 640 745 58 602 56 768 669 649 597 676 632 609 358 699 532 836 359 0 775 623 666 769
1199 786 506 489 1076 82 775 618 773 47 394 627 575 654 358 352 477 1076 548 1084 977 775 0 348 391 494
1047 634 354 337 1067 318 623 466 621 342 151 798 746 825 114 200 325 1067 396 1076 825 623 348 0 148 251
1090 677 397 380 1110 361 666 509 664 385 135 841 789 868 99 243 368 1110 439 1119 868 666 391 148 0 149
1193 780 500 482 1213 464 769 612 767 488 238 944 892 971 201 346 471 1213 541 1221 971 769 494 251 149 0
EOF