NAME : tsp_problem
TYPE : TSP
DIMENSION : 13
EDGE_WEIGHT_TYPE : EXPLICIT
EDGE_WEIGHT_FORMAT : FULL_MATRIX
EDGE_WEIGHT_SECTION
0 825 974 714 759 579 1008 537 830 815 928 717 763
806 0 518 758 821 853 429 812 891 768 303 669 326
974 518 0 1076 1139 785 191 744 1209 1086 419 987 322
714 758 1076 0 153 943 987 902 223 230 861 274 883
759 821 1139 153 0 1006 1050 965 178 293 924 337 946
579 853 785 923 986 0 820 127 1056 933 802 834 575
1008 429 191 987 1050 820 0 778 1120 997 330 898 357
538 812 744 882 945 127 778 0 1015 892 761 793 533
830 891 1209 223 178 1076 1120 1035 0 363 995 407 1017
796 768 1086 230 293 953 997 912 363 0 871 284 893
909 303 419 861 924 802 330 761 995 871 0 772 275
697 669 987 274 337 854 898 813 407 284 772 0 794
763 326 322 883 946 575 357 533 1017 893 275 794 0
EOF
