NAME : tsp_problem
TYPE : TSP
DIMENSION : 28
EDGE_WEIGHT_TYPE : EXPLICIT
EDGE_WEIGHT_FORMAT : FULL_MATRIX
EDGE_WEIGHT_SECTION
0 498 755 518 881 576 762 539 458 676 692 760 701 854 583 769 436 943 394 710 778 936 679 924 1019 430 583 332
498 0 531 60 1086 366 675 452 251 339 866 536 875 1059 359 545 641 1148 599 884 766 1140 853 1129 1224 635 788 392
755 667 0 687 977 227 371 353 627 845 562 43 571 951 220 52 820 1040 824 580 462 1154 549 1021 1116 860 1045 649
518 60 550 0 1105 385 694 471 270 359 886 555 894 1079 379 565 661 1168 618 904 786 1160 873 1149 1244 654 808 412
901 1106 977 1125 0 1005 723 877 1065 1284 563 982 571 52 1011 992 594 438 599 581 649 553 550 185 514 635 845 939
576 489 227 508 1005 0 398 175 448 667 590 232 598 978 55 241 719 1067 677 607 490 1182 577 1048 1143 713 866 471
762 675 371 694 723 398 0 271 635 853 308 376 316 696 405 385 565 785 570 325 208 900 295 766 861 606 816 657
539 452 353 471 877 175 271 0 411 630 462 359 471 851 181 368 682 940 640 480 362 1055 449 921 1016 676 829 433
458 251 620 270 1046 448 635 411 0 429 826 625 834 1019 449 635 601 1108 558 844 726 1100 813 1089 1184 594 748 352
602 514 238 534 1030 74 424 200 474 0 615 244 624 1003 67 253 745 1092 702 633 515 1207 602 1073 1168 738 892 496
712 866 562 886 563 590 308 462 826 1044 0 567 57 536 596 577 406 625 410 66 234 740 46 606 701 446 657 751
760 672 43 692 982 232 376 359 632 850 567 0 576 956 225 57 825 1045 829 585 467 1159 554 1026 1121 865 1050 654
721 875 571 894 571 598 316 471 834 1053 57 576 0 545 605 585 414 634 419 75 242 749 55 615 710 455 665 759
874 1079 951 1099 52 978 696 851 1039 1257 536 956 545 0 985 965 568 412 572 554 622 527 524 159 488 608 819 913
583 495 220 515 1011 55 405 181 455 673 596 225 605 985 0 235 726 1073 683 614 496 1188 583 1055 1149 719 873 477
769 682 52 701 991 241 385 368 641 860 577 57 585 965 235 0 834 1054 839 594 476 1169 564 1035 1130 875 1059 663
456 661 820 681 594 739 565 702 621 839 406 825 414 568 746 834 0 657 154 423 492 753 393 638 733 190 401 495
963 1168 1040 1188 438 1067 785 940 1128 1346 625 1045 634 412 1074 1054 657 0 661 643 711 174 613 482 287 697 666 1002
414 619 824 638 599 697 570 660 578 797 410 829 419 572 703 839 154 661 0 428 496 711 397 642 737 62 358 452
730 884 580 904 581 607 325 480 844 1062 66 585 75 554 614 594 423 643 428 0 252 758 64 624 719 464 674 769
798 766 462 786 649 490 208 362 726 944 234 467 242 622 496 476 492 711 496 252 0 826 221 692 787 532 743 748
935 1140 1154 1160 553 1182 900 1055 1100 1318 740 1160 749 527 1188 1169 772 174 730 758 826 0 727 597 401 766 609 974
699 853 549 873 550 577 295 449 813 1031 46 554 55 523 583 564 393 612 397 64 221 727 0 593 688 433 644 738
944 1149 1021 1169 185 1048 766 921 1109 1327 606 1026 615 159 1055 1035 638 482 642 624 692 597 594 0 558 678 889 983
1039 1244 1116 1264 514 1143 861 1016 1204 1422 701 1121 710 488 1149 1130 733 287 737 719 787 401 688 558 0 773 894 1078
450 654 860 674 635 733 606 696 614 832 446 865 455 608 739 875 190 697 62 464 532 747 433 678 773 0 394 488
583 787 1044 807 865 866 836 829 747 965 676 1049 685 838 872 1059 420 666 378 694 762 610 663 908 894 413 0 621
332 392 649 412 920 471 657 433 352 570 731 654 740 893 477 663 475 982 432 749 748 974 718 963 1058 468 622 0
EOF