NAME : tsp_problem
TYPE : TSP
DIMENSION : 26
EDGE_WEIGHT_TYPE : EXPLICIT
EDGE_WEIGHT_FORMAT : FULL_MATRIX
EDGE_WEIGHT_SECTION
0 203 81 266 840 1058 606 858 479 207 199 99 298 431 228 567 78 427 1126 1020 419 486 170 913 432 78
203 0 252 113 752 1064 518 770 600 119 111 135 210 343 97 479 167 340 1132 1026 331 607 63 919 344 248
81 252 0 314 889 1106 654 906 528 256 247 147 346 480 277 615 126 476 1175 1068 468 535 219 961 480 83
266 113 314 0 781 1093 547 799 662 148 140 197 239 372 80 508 229 368 1161 1054 360 669 129 948 373 311
840 752 889 781 0 1511 270 59 924 722 714 772 573 791 767 821 804 787 1579 1473 674 931 785 1366 686 885
1062 1057 1111 1085 1526 0 1292 1544 1261 1027 1019 1076 984 875 1072 1077 1057 871 366 81 972 1268 1089 173 996 1108
606 518 654 547 270 1276 0 288 1002 488 480 537 339 556 533 587 569 552 1345 1238 439 1009 550 1131 452 651
858 770 906 799 59 1529 288 0 899 740 732 789 591 809 785 839 821 805 1597 1491 691 906 802 1384 704 903
479 600 528 662 924 1257 1002 899 0 604 596 496 695 828 625 964 474 824 1325 1219 816 71 567 1112 828 525
207 119 256 148 722 1034 488 740 604 0 26 138 180 314 134 449 170 310 1102 996 301 611 152 889 314 252
199 111 247 140 714 1026 480 732 596 26 0 130 172 305 126 441 162 302 1094 988 293 602 143 881 306 244
99 135 147 197 772 1074 537 789 496 138 130 0 229 363 160 498 62 359 1142 1036 351 502 102 929 363 144
298 210 346 239 573 969 339 591 695 180 172 229 0 249 225 300 261 245 1037 931 152 702 243 824 165 343
296 208 345 237 678 989 443 696 693 179 170 228 136 0 223 405 260 265 1057 951 257 700 241 844 270 341
228 97 277 80 767 1079 533 785 625 134 126 160 225 359 0 494 192 355 1147 1041 346 632 88 934 359 273
1132 1044 1180 1073 994 1567 1041 1012 1528 1014 1006 1063 903 863 1059 0 1095 859 1635 1529 774 1535 1076 1422 798 1177
78 167 126 229 804 1053 569 821 474 170 162 62 261 395 192 530 0 391 1121 1015 383 481 134 908 395 123
329 241 378 270 711 1022 477 729 726 212 203 261 169 60 256 438 293 0 1091 984 290 733 274 877 303 375
1131 1125 1179 1154 1594 366 1360 1612 1329 1095 1087 1144 1052 943 1140 1145 1126 939 0 328 1040 1336 1157 241 1065 1176
1024 1018 1073 1047 1488 81 1253 1506 1223 989 980 1038 946 837 1033 1038 1019 833 328 0 934 1230 1051 135 958 1069
419 331 468 360 674 1090 439 691 816 301 293 351 152 370 346 172 383 366 1158 1052 0 823 364 945 91 464
486 607 535 669 931 1264 1009 906 71 611 602 502 702 835 632 971 481 831 1332 1226 823 0 574 1119 835 532
170 63 219 129 785 1096 550 802 567 152 143 102 243 376 88 512 134 372 1164 1058 364 574 0 951 376 215
917 912 966 941 1381 173 1147 1399 1116 882 874 931 839 730 927 932 913 726 241 135 827 1123 944 0 851 963
432 344 480 373 686 1103 452 704 828 314 306 363 165 382 359 196 395 378 1171 1064 91 835 376 958 0 477
78 248 83 311 885 1103 651 903 525 252 244 144 343 477 273 612 123 473 1171 1065 464 532 215 958 477 0
EOF