NAME : tsp_problem
TYPE : TSP
DIMENSION : 16
EDGE_WEIGHT_TYPE : EXPLICIT
EDGE_WEIGHT_FORMAT : FULL_MATRIX
EDGE_WEIGHT_SECTION
0 554 521 906 538 242 542 646 286 922 330 546 461 517 534 658
486 0 673 799 177 394 77 526 331 815 279 184 251 307 172 1011
445 810 0 746 795 498 798 794 542 762 586 802 717 773 790 499
814 799 1001 0 784 721 787 303 659 161 607 791 684 740 779 467
470 177 658 784 0 378 165 511 316 800 263 53 236 291 41 995
136 394 323 721 378 0 382 448 87 737 132 385 278 334 374 779
474 77 661 787 165 382 0 514 319 803 267 172 239 295 160 999
541 526 728 303 511 448 514 0 386 319 334 518 411 467 506 515
180 331 367 659 316 87 319 386 0 675 70 323 216 272 311 823
830 815 1017 161 800 737 803 319 675 0 623 807 700 756 795 483
224 279 412 607 263 132 267 334 70 623 0 270 164 219 259 818
477 184 665 791 53 385 172 518 323 807 270 0 243 298 48 1002
294 363 499 818 348 220 351 545 263 834 298 355 0 84 343 854
267 336 472 791 321 193 324 518 237 807 271 328 243 0 316 827
466 172 653 779 41 374 160 506 311 795 259 48 231 287 0 991
568 933 901 640 918 621 921 687 665 655 709 925 840 896 913 0
EOF
