NAME : tsp_problem
TYPE : TSP
DIMENSION : 35
EDGE_WEIGHT_TYPE : EXPLICIT
EDGE_WEIGHT_FORMAT : FULL_MATRIX
EDGE_WEIGHT_SECTION
0 810 528 779 568 572 753 524 551 777 557 801 799 552 822 561 639 805 778 489 771 890 759 778 543 595 845 712 560 800 489 666 552 732 579
694 0 349 706 389 379 185 345 1161 580 323 233 156 318 497 345 712 53 542 416 185 139 414 191 327 379 520 796 344 156 1032 186 318 817 387
375 349 0 387 61 331 292 17 893 426 58 340 338 53 343 62 558 344 388 96 310 430 261 317 44 96 367 643 62 339 831 205 53 663 338
207 986 704 0 744 748 929 700 727 953 733 977 976 728 998 737 815 981 954 665 947 1067 935 954 719 771 1022 888 736 976 665 842 728 908 756
415 389 61 427 0 371 332 57 933 466 98 380 378 93 383 102 598 384 428 136 350 470 300 357 84 136 407 683 102 379 871 245 93 703 378
588 269 242 600 282 0 212 238 1054 473 216 260 258 211 390 238 605 264 435 310 230 350 308 237 220 272 414 690 238 259 926 125 212 710 38
638 185 292 650 332 323 0 288 1104 523 266 176 175 261 440 288 655 180 485 360 146 266 357 153 270 322 464 740 287 175 975 129 261 760 330
371 345 17 382 57 327 288 0 888 422 54 336 334 49 339 58 554 340 384 92 306 425 256 313 40 92 363 639 57 335 826 201 49 659 334
1208 1157 969 1220 1009 1013 1100 965 0 645 977 1149 1147 973 690 999 507 1152 646 930 1118 1238 805 1125 981 1034 713 580 999 1147 357 1013 973 600 1020
772 580 426 784 466 562 523 422 925 0 400 572 570 395 113 422 199 575 69 494 541 661 228 548 404 457 136 284 422 570 520 436 396 304 570
404 323 58 415 98 305 266 54 922 400 0 314 312 27 317 54 532 318 362 125 284 403 234 291 36 88 341 617 53 312 852 179 27 637 312
686 233 340 698 380 371 176 336 1152 572 314 0 128 310 488 336 703 228 533 408 82 314 406 89 318 371 512 788 336 128 1024 177 310 808 379
684 156 338 696 378 369 175 334 1150 570 312 128 0 308 486 334 701 151 531 406 76 237 404 83 316 369 510 786 334 48 1022 175 308 806 377
399 318 53 411 93 300 261 49 917 395 27 310 308 0 312 49 527 313 357 121 279 399 230 286 31 83 336 612 49 308 848 174 23 632 308
689 497 343 700 383 479 440 339 970 113 317 488 486 312 0 339 244 492 74 410 458 577 144 465 321 373 53 329 338 486 565 353 312 349 486
408 345 62 420 102 327 288 58 926 422 54 336 334 49 339 0 554 340 384 129 306 425 256 313 40 92 363 639 57 334 864 201 49 659 334
904 712 558 916 598 694 655 554 787 199 532 703 701 527 244 554 0 707 200 626 673 793 359 680 536 588 268 162 553 702 382 568 527 182 701
690 53 344 702 384 375 180 340 1156 575 318 228 151 313 492 340 707 0 537 412 180 134 409 187 322 374 516 792 339 151 1027 181 313 812 382
734 542 388 746 428 524 485 384 926 69 362 533 531 357 74 384 200 537 0 455 503 622 189 510 366 418 98 285 383 532 521 398 357 305 531
336 416 96 348 136 398 360 92 854 494 125 408 406 121 410 129 626 412 455 0 377 497 328 384 112 164 434 710 129 406 792 273 121 731 406
656 185 310 668 350 341 146 306 1122 541 284 82 76 279 458 306 673 180 503 377 0 265 375 37 288 340 482 758 305 76 993 147 279 778 348
775 139 430 787 470 460 266 425 1242 661 403 314 237 399 577 425 793 134 622 497 265 0 495 272 408 460 601 877 425 237 1113 266 399 898 468
606 414 261 618 300 396 357 256 1085 228 234 406 404 230 144 256 359 409 189 328 375 495 0 382 238 291 168 444 256 404 680 271 230 464 404
662 191 317 674 357 347 153 313 1129 548 291 89 83 286 465 313 680 187 510 384 37 272 382 0 295 347 488 764 312 83 1000 154 286 785 355
390 327 44 402 84 309 270 40 908 404 36 318 316 31 321 40 536 322 366 112 288 408 238 295 0 74 345 621 39 317 846 183 31 641 316
442 379 96 454 136 361 322 92 960 457 88 371 369 83 373 92 588 374 418 164 340 460 291 347 74 0 397 673 92 369 898 235 84 693 369
712 520 367 724 407 502 464 363 994 136 341 512 510 336 53 363 268 516 98 434 482 601 168 488 345 397 0 353 362 510 588 377 336 373 510
989 796 643 1000 683 779 740 639 860 284 617 788 786 612 329 639 162 792 285 710 758 877 444 764 621 673 353 0 638 786 455 653 612 58 786
407 344 62 419 102 326 287 57 925 422 53 336 334 49 338 57 553 339 383 129 305 425 256 312 39 92 362 638 0 334 863 201 49 658 334
684 156 339 696 379 369 175 335 1151 570 312 128 48 308 486 334 702 151 532 406 76 237 404 83 317 369 510 786 334 0 1022 176 308 807 377
912 955 673 924 713 717 898 668 466 692 702 946 944 697 737 706 554 950 693 634 916 1035 852 923 688 740 761 627 705 944 0 811 697 647 724
551 186 205 563 245 236 129 201 1017 436 179 177 175 174 353 201 568 181 398 273 147 266 271 154 183 235 377 653 201 176 889 0 174 673 243
399 318 53 411 93 300 261 49 917 396 27 310 308 23 312 49 527 313 357 121 279 399 230 286 31 84 336 612 49 308 848 174 0 632 308
1009 817 663 1021 703 799 760 659 881 304 637 808 806 632 349 659 182 812 305 731 778 898 464 785 641 693 373 58 658 807 475 673 632 0 806
576 256 230 588 270 261 200 226 1042 461 204 248 246 199 378 226 593 252 423 298 218 337 295 224 208 260 402 678 225 246 913 113 199 698 0
EOF
