NAME : tsp_problem
TYPE : TSP
DIMENSION : 20
EDGE_WEIGHT_TYPE : EXPLICIT
EDGE_WEIGHT_FORMAT : FULL_MATRIX
EDGE_WEIGHT_SECTION
0 425 991 47 725 733 1782 1795 825 1029 904 588 1401 822 757 1161 1414 1303 283 1440
425 0 729 417 1062 1100 2119 2132 1162 1366 1241 925 1738 1159 1094 1498 1751 1640 653 1778
993 746 0 985 1630 1668 2687 2700 1730 1934 1809 1493 2306 1727 1662 2066 2319 2208 1221 2345
47 417 984 0 717 725 1774 1787 817 1021 896 580 1393 814 749 1153 1406 1295 276 1433
739 1063 1629 731 0 797 2247 2260 1290 1494 1369 725 1866 1287 1221 1626 1879 1767 965 1905
766 1090 1656 758 797 0 2274 2287 1317 1521 1396 800 1893 1313 1248 1653 1906 1794 675 1932
1778 2102 2668 1771 1769 2331 0 53 1182 1375 1059 2156 428 1179 1113 1315 466 663 2004 1102
1791 2115 2681 1784 1782 2344 53 0 1195 1388 1072 2169 441 1192 1126 1328 479 676 2017 1115
821 1145 1711 813 1335 1373 1182 1195 0 356 303 1199 800 28 156 491 813 915 1047 840
886 1209 1776 878 1397 1438 1375 1388 356 0 427 1264 994 353 360 327 1007 980 1111 1034
900 1224 1790 892 1384 1452 1059 1072 303 427 0 1278 678 300 235 366 691 805 1126 718
636 960 1526 628 203 827 2144 2157 1187 1391 1266 0 1763 1184 1119 1523 1776 1665 862 1802
1397 1721 2287 1389 1388 1949 428 441 800 994 678 1775 0 797 732 934 85 282 1623 721
818 1142 1708 810 1332 1370 1179 1192 28 353 300 1196 797 0 153 488 810 912 1044 837
753 1077 1643 745 1267 1305 1113 1126 156 360 235 1131 732 153 0 492 745 847 978 772
1020 1344 1910 1013 1337 1573 1315 1328 491 327 366 1398 934 488 492 0 947 1060 1246 973
1410 1734 2300 1402 1400 1962 466 479 813 1007 691 1788 85 810 745 947 0 295 1636 734
1524 1847 2414 1516 1506 2076 663 676 927 1121 805 1902 282 924 859 1060 295 0 1749 838
503 585 1151 495 1172 782 2230 2243 1272 1477 1351 1036 1849 1269 1204 1609 1861 1750 0 1888
1246 1570 2136 1238 747 1455 1071 1084 809 1002 686 1232 690 806 740 942 703 817 1471 0
EOF
