NAME : tsp_problem
TYPE : TSP
DIMENSION : 20
EDGE_WEIGHT_TYPE : EXPLICIT
EDGE_WEIGHT_FORMAT : FULL_MATRIX
EDGE_WEIGHT_SECTION
0 433 622 772 709 870 629 718 339 532 128 642 714 696 625 316 764 447 644 449
400 0 614 377 314 639 621 323 175 524 419 418 319 688 617 260 370 439 249 587
628 620 0 924 863 1118 314 873 724 416 613 967 868 580 345 468 919 331 798 676
738 377 918 0 173 301 927 167 480 599 757 393 170 440 923 566 134 679 242 893
675 314 857 173 0 367 864 232 418 665 694 387 236 505 860 503 199 683 219 830
910 639 1111 301 367 0 1182 360 691 793 828 315 364 633 1177 828 327 873 435 1155
628 621 391 927 864 1182 0 873 725 417 614 967 869 581 47 469 920 332 799 471
685 323 866 167 232 360 873 0 427 658 704 397 229 498 869 512 192 692 228 840
306 175 717 480 418 675 725 427 0 628 324 447 423 792 720 364 473 543 353 583
532 524 410 599 665 793 417 658 628 0 518 871 662 484 413 372 625 235 703 652
190 419 607 757 694 812 614 704 324 518 0 583 699 682 610 301 750 433 629 435
682 418 960 393 387 315 967 397 462 871 599 0 392 725 963 607 419 786 322 934
680 319 862 170 236 364 869 229 423 662 699 392 0 502 865 508 196 687 224 835
696 688 574 440 505 633 581 498 792 484 682 725 502 0 577 536 466 399 573 816
624 617 418 923 860 1177 47 869 720 413 610 963 865 577 0 465 916 328 795 498
315 260 462 566 503 828 469 512 364 372 301 607 508 536 465 0 559 287 438 435
731 370 912 134 199 327 920 192 473 625 750 419 196 466 916 559 0 705 267 886
447 439 324 679 683 873 332 692 543 235 433 786 687 399 328 287 705 0 618 566
610 249 792 242 219 435 799 228 353 703 629 322 224 573 795 438 267 618 0 765
449 587 676 893 830 1155 572 840 583 652 435 934 835 816 603 435 886 566 765 0
EOF