NAME : tsp_problem
TYPE : TSP
DIMENSION : 44
EDGE_WEIGHT_TYPE : EXPLICIT
EDGE_WEIGHT_FORMAT : FULL_MATRIX
EDGE_WEIGHT_SECTION
0 718 763 560 801 561 731 557 681 401 843 333 418 555 578 698 561 565 255 233 566 504 609 1375 624 583 563 614 1218 631 281 1157 894 562 647 582 816 858 339 731 300 754 394 817
718 0 427 445 360 446 939 830 954 677 403 422 623 440 375 258 446 450 588 610 835 337 792 828 785 640 448 886 671 904 559 725 454 447 322 165 1008 814 423 291 461 905 686 599
763 427 0 309 740 312 1048 874 998 721 782 529 464 310 286 637 316 308 632 654 883 346 925 1169 941 478 314 930 1013 948 603 1104 833 303 232 522 1132 1175 530 671 568 1071 730 979
560 460 309 0 601 22 845 671 795 519 643 389 261 15 101 498 22 26 429 451 680 206 723 1176 738 377 24 727 1019 745 401 965 695 23 177 382 929 972 390 532 414 868 527 840
801 360 740 601 0 603 681 602 735 759 144 504 773 596 532 152 603 607 670 692 576 419 533 676 527 937 604 774 519 755 642 466 195 603 563 247 750 555 505 122 543 647 768 341
561 461 312 22 603 0 847 673 796 520 645 391 262 17 102 500 23 27 431 453 681 208 724 1177 740 379 25 729 1020 747 402 967 696 24 178 384 931 974 391 533 415 870 529 842
738 932 1055 851 673 853 0 583 117 431 577 625 710 846 870 706 853 857 607 629 592 795 635 809 650 874 855 156 745 137 579 676 522 854 939 819 170 190 631 677 592 108 439 595
557 830 875 671 602 673 577 0 527 250 506 444 530 666 689 635 672 676 427 449 412 615 454 871 470 694 674 459 807 477 398 649 451 673 759 693 661 704 450 605 411 600 259 524
687 960 1005 801 727 803 117 533 0 380 631 575 660 796 819 760 803 807 557 579 542 745 584 863 600 824 804 106 799 87 528 730 576 803 889 823 202 244 581 731 542 140 389 649
401 677 722 519 759 520 424 250 374 0 707 292 377 513 537 657 520 524 274 296 259 463 302 1071 317 541 522 306 1007 324 246 850 651 521 606 540 509 551 298 690 259 447 106 510
843 403 782 643 144 645 585 506 639 707 0 546 815 638 574 177 645 649 712 734 480 461 437 592 431 979 646 677 513 659 684 370 99 646 605 289 654 459 547 147 585 551 715 245
333 422 529 389 504 391 619 444 568 292 546 0 305 384 320 401 391 395 203 225 453 207 496 1078 512 470 392 501 922 519 174 868 598 391 351 285 703 746 226 435 187 642 301 704
418 638 464 261 773 262 704 530 654 377 815 305 0 256 279 670 262 266 288 310 539 385 581 1347 597 199 264 586 1191 604 259 1129 866 263 355 554 788 831 311 704 272 727 386 789
555 455 310 15 596 17 840 666 790 513 638 384 256 0 95 493 17 21 424 446 675 201 717 1170 733 377 18 722 1014 740 396 960 690 17 172 377 924 967 385 527 409 863 522 835
578 391 286 101 532 102 863 689 813 537 574 320 279 95 0 429 102 106 448 469 698 137 741 1106 757 443 104 746 950 764 419 896 625 103 107 313 948 985 321 463 359 886 546 771
698 258 637 498 152 500 714 635 768 657 177 401 670 493 429 0 500 504 567 589 609 316 566 709 559 835 501 806 552 788 539 499 228 501 460 144 783 588 402 155 440 680 665 374
561 461 316 22 603 23 847 672 796 520 645 391 262 17 102 500 0 27 431 453 681 207 724 1177 740 383 25 729 1020 747 402 967 696 24 178 384 931 974 391 533 415 870 529 841
565 465 308 26 607 27 851 676 800 524 649 395 266 21 106 504 27 0 435 457 685 212 728 1181 744 375 29 733 1024 751 406 971 700 28 182 388 935 978 395 537 419 874 533 845
255 588 633 429 670 431 601 427 551 274 712 203 288 424 448 567 431 435 0 207 436 373 478 1245 494 452 432 483 1088 501 156 1027 764 431 517 451 685 728 209 601 170 624 283 687
233 610 655 451 692 453 623 449 573 296 734 225 310 446 469 589 453 457 207 0 458 395 500 1266 516 474 454 505 1110 523 178 1048 786 453 539 473 707 750 231 623 192 646 305 709
566 835 884 680 576 681 586 412 536 259 480 453 539 675 698 609 681 685 436 458 0 624 463 845 479 703 683 468 781 486 407 623 425 682 768 702 670 713 459 579 420 609 268 498
504 337 346 206 419 208 789 615 739 463 461 207 385 201 137 316 207 212 373 395 624 0 667 993 682 549 209 671 837 689 345 783 513 208 168 200 873 872 208 350 246 812 471 658
609 792 926 723 533 724 628 454 578 302 437 496 581 717 741 566 724 728 478 500 463 667 0 802 521 745 726 510 738 528 450 581 382 725 810 679 713 670 502 537 463 651 310 455
1375 828 1169 1176 676 1177 809 974 863 1175 670 1078 1347 1170 1106 709 1177 1181 1245 1266 948 993 906 0 899 1382 1179 902 204 883 1216 343 639 1178 1064 821 878 684 1079 679 1117 775 1183 713
624 785 942 738 527 740 644 470 594 317 431 512 597 733 757 559 740 744 494 516 479 682 521 795 0 761 741 526 731 544 465 574 375 740 826 672 728 663 518 530 479 667 326 449
583 656 479 393 937 395 868 694 818 541 979 470 199 393 443 835 400 391 452 474 703 549 745 1398 761 0 398 750 1242 768 424 1294 1031 386 461 718 952 995 476 868 437 891 550 954
563 463 314 24 604 25 848 674 798 522 646 392 264 18 104 501 25 29 432 454 683 209 726 1179 741 382 0 730 1022 748 404 968 698 26 180 385 933 975 393 535 417 871 530 843
620 892 937 734 766 735 156 465 106 313 670 507 592 729 752 799 735 739 489 511 474 678 517 902 532 757 737 0 837 56 461 769 615 736 821 756 240 283 513 769 474 179 321 688
1218 671 1013 1019 519 1020 745 910 799 1110 513 922 1191 1014 950 552 1020 1024 1088 1110 884 837 841 204 834 1226 1022 838 0 819 1059 279 565 1021 907 665 814 619 922 523 961 711 1119 648
638 910 955 752 748 753 137 483 87 331 652 525 610 746 770 780 753 757 507 529 492 696 535 883 550 774 755 56 819 0 479 750 596 754 839 773 222 264 531 751 492 160 339 670
281 559 604 401 642 402 572 398 522 246 684 174 259 396 419 539 402 406 156 178 407 345 450 1216 465 424 404 455 1059 472 0 998 735 403 488 423 657 699 180 572 141 595 254 658
1157 725 1104 965 466 967 688 649 742 850 370 868 1129 960 896 499 967 971 1027 1048 623 783 581 242 574 1294 968 781 178 762 998 0 314 967 927 611 757 562 869 469 907 654 859 388
894 454 833 695 195 696 529 451 583 651 99 598 866 690 625 228 696 700 764 786 425 513 382 536 375 1031 698 622 472 603 735 314 0 697 656 340 598 404 598 198 637 495 660 189
562 462 303 23 603 24 847 673 797 521 646 391 263 17 103 501 24 28 431 453 682 208 725 1178 740 370 26 730 1021 747 403 967 697 0 179 384 932 974 392 534 416 870 529 842
647 337 233 177 563 178 933 759 883 606 605 351 355 172 107 460 178 182 517 539 768 168 810 1079 826 445 180 815 923 833 488 927 656 179 0 344 1017 1016 352 493 390 956 615 802
582 165 522 382 247 384 826 693 817 540 289 285 554 377 313 144 384 388 451 473 702 200 679 821 672 718 385 749 665 767 423 611 340 384 344 0 895 700 286 178 324 792 549 486
822 1001 1139 936 742 937 170 667 202 515 646 709 794 931 954 775 937 941 691 713 676 880 719 878 735 959 939 240 814 222 663 745 591 938 1023 888 0 259 715 746 676 193 524 664
865 806 1182 978 548 980 190 710 244 558 452 752 837 973 978 580 980 984 734 756 705 865 662 683 655 1001 982 283 619 264 706 550 396 981 1009 693 259 0 758 551 719 156 566 470
339 423 530 390 505 391 625 450 574 298 547 226 311 385 321 402 391 395 209 231 459 208 502 1079 518 476 393 507 922 525 180 869 598 392 352 286 709 752 0 435 193 648 307 710
731 291 671 532 122 533 684 605 738 690 147 435 704 527 463 155 533 537 601 623 579 350 537 679 530 868 535 777 523 758 572 469 198 534 493 178 753 558 435 0 474 650 699 344
300 461 568 414 543 415 586 411 535 259 585 187 272 409 359 440 415 419 170 192 420 246 463 1117 479 437 417 468 961 486 141 907 637 416 390 324 670 713 193 474 0 609 268 671
761 898 1078 874 639 876 108 606 140 454 543 648 733 869 893 672 876 880 630 652 615 818 658 775 673 897 878 179 711 160 602 642 488 877 962 785 193 156 654 643 615 0 462 561
394 686 731 527 768 529 433 259 383 106 715 301 386 522 546 665 529 533 283 305 268 471 310 1080 326 550 530 315 1016 333 254 859 660 529 615 549 517 560 307 699 268 456 0 519
817 599 979 840 341 842 603 524 657 510 245 704 789 835 771 374 841 845 687 709 498 658 455 610 449 954 843 695 545 677 658 388 189 842 802 486 672 477 710 344 671 569 519 0
EOF