NAME : tsp_problem
TYPE : TSP
DIMENSION : 62
EDGE_WEIGHT_TYPE : EXPLICIT
EDGE_WEIGHT_FORMAT : FULL_MATRIX
EDGE_WEIGHT_SECTION
0 769 441 251 785 412 615 153 517 568 393 1014 358 362 361 484 264 832 190 657 226 669 363 224 265 323 360 239 263 301 688 203 360 849 1047 696 596 293 551 392 623 248 357 256 372 355 291 360 600 672 414 664 372 621 185 312 475 176 475 296 242 446
769 0 604 787 492 636 665 689 300 244 655 297 894 898 897 579 978 396 875 262 837 544 898 851 979 1006 895 774 799 510 292 857 895 379 440 605 445 507 504 653 419 851 893 541 429 890 1005 895 455 137 863 598 1087 225 721 848 769 711 396 832 957 1161
441 604 0 412 661 289 491 548 531 475 787 861 627 631 630 360 406 667 332 493 369 775 631 278 407 466 628 436 408 696 523 346 628 944 883 573 473 688 427 269 499 391 626 650 660 623 433 628 477 507 290 540 515 456 580 627 352 570 627 640 384 589
251 787 412 0 756 383 586 171 535 586 410 1032 376 380 379 455 235 849 161 675 198 687 381 195 236 295 377 257 237 319 706 175 378 867 1065 668 568 311 522 364 594 220 375 274 390 373 262 378 572 690 385 635 344 639 203 330 447 193 493 314 213 418
791 485 667 762 0 639 238 840 452 396 806 649 977 981 980 710 756 293 682 413 719 696 981 628 757 816 978 786 758 661 444 696 978 731 509 177 597 659 655 619 571 741 976 693 580 973 783 978 607 388 487 170 865 377 873 977 341 863 548 984 734 939
412 636 289 383 632 0 463 519 563 507 758 893 598 602 601 331 377 699 303 525 340 807 603 249 378 437 599 407 379 667 555 317 600 976 915 544 444 659 398 240 470 362 597 621 692 594 404 599 448 539 262 511 486 488 551 598 323 541 659 611 355 560
621 658 498 593 238 469 0 728 625 569 968 822 807 811 810 540 586 466 513 586 549 869 812 459 587 646 808 616 588 834 617 526 809 904 682 149 653 832 608 449 680 571 806 831 754 804 613 809 657 561 317 116 695 550 760 807 171 751 721 820 565 769
153 689 548 171 848 519 722 0 437 488 312 934 245 249 248 591 371 751 259 577 222 589 250 330 372 357 247 159 183 221 608 241 247 769 967 803 703 213 658 499 730 235 244 176 292 242 397 247 707 592 521 770 479 541 105 199 582 95 395 183 349 527
517 300 531 535 459 563 632 437 0 99 403 557 642 646 645 506 734 363 623 188 585 292 646 694 735 754 643 522 547 258 219 605 643 470 578 571 372 255 431 579 346 599 641 289 177 638 761 643 382 203 790 564 843 152 469 596 736 459 144 580 712 917
568 244 475 586 404 507 577 488 99 0 454 502 693 697 696 451 786 307 674 133 637 343 698 722 786 805 694 574 598 309 163 656 695 522 523 516 317 306 375 524 290 650 692 340 228 690 812 695 326 148 734 509 894 97 520 647 680 510 195 631 764 968
393 655 787 410 814 758 961 312 403 454 0 793 443 447 446 830 610 717 498 543 461 324 448 570 611 555 444 398 423 187 573 480 445 628 933 926 727 179 785 738 700 474 442 165 258 440 637 445 736 558 760 919 718 507 345 397 822 335 360 381 588 571
1014 402 964 1032 649 996 822 934 636 605 793 0 1140 1143 1142 940 1232 412 1120 622 1083 644 1144 1192 1233 1251 1141 1020 1045 755 652 1102 1141 282 372 761 806 753 864 1013 779 1096 1139 787 674 1136 1259 1141 815 497 1071 754 1340 586 967 1093 926 957 642 1078 1210 1278
358 894 627 376 971 598 801 245 642 693 458 1140 0 21 20 670 450 957 376 782 412 596 22 410 306 191 19 364 389 426 813 389 19 974 1172 882 782 418 737 578 809 434 17 381 497 14 477 19 786 797 600 850 558 746 227 79 661 244 600 92 428 311
362 898 631 380 974 602 805 249 646 697 462 1143 21 0 24 673 453 960 380 786 416 599 26 413 309 195 22 368 392 430 816 393 23 978 1176 886 786 421 740 582 812 438 20 384 501 17 480 22 790 801 604 853 562 750 230 83 665 247 603 96 431 300
361 897 630 379 974 601 804 248 645 696 461 1142 20 24 0 673 453 960 379 785 415 599 25 412 309 194 22 367 391 429 816 392 22 977 1175 885 785 421 740 581 812 437 19 384 500 17 480 22 789 800 603 852 561 749 229 82 664 246 603 95 431 310
484 579 360 455 704 331 534 591 506 451 830 836 670 673 673 0 449 642 375 468 411 750 674 321 450 508 671 478 450 716 498 388 671 919 858 615 515 713 470 311 542 433 669 693 635 666 476 671 519 483 333 583 557 431 623 669 394 613 602 682 427 631
264 978 406 235 750 377 580 371 734 786 610 1232 450 453 453 449 0 978 155 740 192 886 454 189 230 289 451 258 231 519 787 168 451 1067 1194 662 561 510 516 357 588 214 449 473 589 446 256 451 565 882 379 629 233 806 403 449 441 393 692 463 207 411
838 403 673 856 293 705 466 758 369 314 724 412 963 967 966 649 985 0 911 331 907 613 968 857 986 1044 964 844 868 579 361 924 965 495 272 405 515 576 573 722 488 920 962 610 498 960 1012 965 524 306 716 398 1093 295 790 917 570 780 465 901 963 1167
190 875 332 161 676 303 506 259 623 674 498 1120 376 380 379 375 155 905 0 666 118 775 380 115 156 215 377 185 157 407 713 95 377 955 1120 588 488 399 442 284 514 140 375 361 478 372 182 377 492 778 305 555 264 727 291 376 367 281 580 389 133 338
657 262 493 675 421 525 594 577 188 133 543 519 782 786 785 468 740 324 666 0 702 433 787 612 741 800 784 663 687 398 181 679 784 601 540 533 334 396 392 541 307 724 781 430 317 779 767 784 344 165 624 526 848 114 609 736 685 600 284 720 718 922
226 837 369 198 713 340 543 222 585 637 461 1083 412 416 415 411 192 900 118 702 0 737 417 151 193 251 414 221 193 370 750 131 414 918 1116 624 524 361 479 320 551 176 411 324 440 409 218 414 528 740 342 591 300 689 254 381 403 244 543 365 170 374
669 544 775 687 703 807 876 589 292 343 324 644 580 583 583 750 886 607 775 433 737 0 584 846 806 692 581 675 699 412 463 757 581 479 817 815 616 409 675 824 590 751 579 441 331 576 913 581 626 447 1034 808 995 396 594 534 980 611 298 518 865 707
363 898 631 381 975 603 805 250 646 698 463 1144 22 26 25 674 454 961 380 787 417 600 0 414 310 196 23 368 393 431 817 394 23 979 1177 887 787 422 741 583 813 439 21 385 501 18 481 23 791 802 604 854 563 750 231 83 666 248 604 97 432 315
224 851 278 195 622 249 452 330 694 722 570 1108 410 413 412 321 189 851 115 612 151 846 414 0 190 248 411 218 190 479 659 128 411 1027 1066 534 434 470 388 230 460 173 409 433 549 406 216 411 438 754 251 501 297 679 363 409 313 353 652 422 167 371
265 979 407 236 751 378 581 372 735 786 611 1233 306 309 309 450 230 979 156 741 193 822 310 190 0 145 307 259 232 520 788 169 307 1068 1195 662 562 511 517 358 589 214 305 474 590 302 257 307 566 883 380 630 338 807 404 305 441 394 693 319 208 267
323 1006 466 295 810 437 640 357 754 805 570 1251 191 195 194 508 289 1038 215 800 251 708 196 248 145 0 192 318 290 538 847 228 193 1086 1254 721 621 530 576 417 648 273 190 493 609 188 315 193 625 909 439 688 397 858 338 191 500 355 712 204 267 200
360 895 628 377 972 599 802 247 643 694 460 1141 19 22 22 671 451 958 377 784 414 597 23 411 307 192 0 365 390 428 814 390 20 976 1173 884 783 419 738 579 810 436 18 382 498 15 478 20 788 798 601 851 559 747 228 80 663 245 601 93 429 312
239 774 436 257 779 407 610 159 522 574 398 1020 364 368 367 478 258 837 185 663 221 674 368 218 259 318 365 0 260 307 693 198 365 855 1053 691 591 298 545 387 617 243 363 261 377 360 285 365 595 678 409 658 367 626 191 318 470 181 480 302 236 441
263 799 408 237 752 379 582 183 547 598 423 1045 389 392 391 450 231 862 157 687 193 699 393 190 232 290 390 260 0 331 718 170 390 879 1077 663 563 323 518 359 590 215 388 286 402 385 257 390 567 702 381 630 339 651 216 342 442 206 505 327 209 413
301 510 696 319 669 667 842 221 258 309 187 755 426 430 429 716 519 572 407 398 370 412 431 479 520 538 428 307 331 0 429 389 428 590 788 781 582 87 640 647 555 383 425 74 166 423 546 428 592 413 669 774 627 362 253 380 730 244 233 364 497 701
688 292 523 706 451 555 624 608 219 163 573 549 813 816 816 498 787 355 713 181 750 463 817 659 788 847 814 693 718 429 0 727 814 632 570 563 364 426 423 572 338 769 812 460 348 809 814 814 374 195 671 556 896 144 640 767 728 630 315 751 765 970
203 857 346 175 689 317 520 241 605 656 480 1102 389 393 392 388 168 918 95 679 131 757 394 128 169 228 390 198 170 389 727 0 391 937 1133 601 501 381 455 297 527 153 388 344 460 386 195 391 505 760 319 568 277 709 273 389 380 263 563 384 146 351
360 895 628 378 972 600 802 247 643 695 460 1141 19 23 22 671 451 958 377 784 414 597 23 411 307 193 20 365 390 428 814 391 0 976 1174 884 784 419 738 580 810 436 18 382 498 15 478 20 788 799 601 851 560 747 228 80 663 245 601 94 429 307
849 485 953 867 732 985 905 769 470 522 628 282 974 978 977 928 1067 495 955 611 918 479 979 1027 1068 1086 976 855 879 590 641 937 976 0 455 844 795 588 853 1002 768 931 973 622 509 971 1094 976 804 580 1154 837 1175 574 801 928 1008 791 476 912 1045 1113
1054 367 889 1072 509 921 682 974 585 529 939 372 1179 1182 1182 864 1200 272 1127 547 1122 817 1183 1073 1201 1260 1180 1059 1084 795 577 1140 1180 455 0 621 730 792 789 938 704 1135 1178 826 714 1175 1227 1180 740 462 931 614 1309 510 1006 1133 785 996 681 1117 1178 1383
703 597 579 674 177 550 149 810 564 508 919 761 889 892 892 622 668 405 594 526 630 808 893 540 669 728 890 697 669 774 556 607 890 844 621 0 709 771 689 530 683 652 888 805 693 885 695 890 719 500 399 163 776 489 842 888 253 832 660 901 646 850
596 445 473 568 605 444 647 703 372 317 727 703 782 786 785 515 561 508 488 334 524 616 787 434 562 621 783 591 563 582 364 501 784 785 724 717 0 579 576 424 491 546 781 613 501 779 588 784 527 349 446 695 670 298 735 782 507 726 468 795 540 744
293 507 688 311 666 659 839 213 255 306 179 753 418 421 421 713 510 570 399 396 361 409 422 470 511 530 419 298 323 87 426 381 419 588 785 778 579 0 638 639 553 374 417 65 158 414 537 419 589 410 660 771 619 359 245 372 722 235 230 356 488 693
551 504 427 522 663 398 601 658 431 375 785 761 737 740 740 470 516 567 442 392 479 675 741 388 517 576 738 545 518 640 423 455 738 843 782 683 576 638 0 378 550 501 736 672 559 733 543 738 586 407 400 650 624 356 690 736 462 680 527 750 494 698
392 653 269 364 612 240 443 499 579 524 738 910 578 582 581 311 357 715 284 541 320 824 583 230 358 417 579 387 359 647 572 297 580 992 931 524 424 639 378 0 450 342 577 602 708 575 384 579 428 556 242 491 466 505 531 578 303 521 675 591 335 540
623 419 499 594 578 470 673 730 346 290 700 676 809 812 812 542 588 482 514 307 551 590 813 460 589 648 810 617 590 555 338 527 810 759 697 690 491 553 550 450 0 573 808 587 475 805 615 810 501 322 472 683 696 271 762 808 534 752 442 822 566 770
248 851 391 220 735 362 565 235 599 650 474 1096 434 438 437 433 214 913 140 724 176 751 439 173 214 273 436 243 215 383 769 153 436 931 1129 646 546 374 501 342 573 0 433 337 454 431 240 436 550 754 364 613 322 703 267 394 425 257 556 378 192 396
357 893 626 375 970 597 800 244 641 692 457 1139 17 20 19 669 449 956 375 781 411 595 21 409 305 190 18 363 388 425 812 388 18 973 1171 881 781 417 736 577 808 433 0 380 496 13 476 18 785 796 599 849 557 745 226 78 660 243 599 91 427 310
256 541 650 274 700 621 824 176 289 340 165 787 381 384 384 693 473 604 361 430 324 441 385 433 474 493 382 261 286 74 460 344 382 622 820 813 613 65 672 602 587 337 380 0 144 377 500 382 623 444 623 806 582 393 208 335 685 198 247 319 451 656
372 429 660 390 588 692 761 292 177 228 258 674 497 501 500 635 589 492 478 317 440 331 501 549 590 609 498 377 402 166 348 460 498 509 707 700 501 158 559 708 475 454 496 144 0 493 616 498 511 332 740 693 698 281 324 451 801 314 152 435 567 772
355 890 623 373 967 594 797 242 638 690 455 1136 14 17 17 666 446 953 372 779 409 592 18 406 302 188 15 360 385 423 809 386 15 971 1169 879 779 414 733 575 805 431 13 377 493 0 473 15 783 794 596 846 555 742 223 75 658 240 596 89 424 307
291 1005 433 262 777 404 607 397 761 812 637 1259 477 480 480 476 256 1005 182 767 218 913 481 216 257 315 478 285 257 546 814 195 478 1094 1221 688 588 537 543 384 615 240 476 500 616 473 0 478 592 909 406 656 257 833 430 476 467 420 719 489 234 438
360 895 628 378 972 599 802 247 643 695 460 1141 19 22 22 671 451 958 377 784 414 597 23 411 307 193 20 365 390 428 814 391 20 976 1174 884 784 419 738 579 810 436 18 382 498 15 478 0 788 798 601 851 560 747 228 80 663 245 601 94 429 312
600 455 477 572 614 448 651 707 382 326 736 712 786 790 789 519 565 518 492 344 528 626 791 438 566 625 788 595 567 592 374 505 788 795 733 726 527 589 586 428 501 550 785 623 511 783 592 788 0 358 450 699 674 307 740 786 511 730 478 799 544 748
672 137 507 690 396 539 569 592 203 148 558 394 797 801 800 483 882 299 778 165 740 447 802 754 883 909 798 678 702 413 195 760 799 476 515 508 349 410 407 556 322 754 796 444 332 794 909 798 358 0 766 501 990 129 624 751 672 614 299 735 860 1064
465 826 342 437 406 313 236 572 793 737 812 990 651 655 654 384 430 634 357 675 393 1037 656 303 431 490 653 460 432 720 723 370 653 1072 850 317 497 712 452 293 524 415 650 675 791 648 457 653 501 729 0 284 539 718 605 651 96 595 889 664 409 613
670 590 546 641 170 517 116 777 557 501 912 754 856 859 859 589 635 398 561 519 598 801 860 507 636 695 857 664 637 767 549 574 857 837 614 163 702 764 656 497 676 620 855 798 686 852 662 857 706 493 366 0 743 482 809 855 220 799 653 869 613 817
372 1087 515 344 858 486 689 479 843 894 718 1340 558 562 561 557 233 1087 264 848 300 995 563 297 338 397 559 367 339 627 896 277 560 1175 1302 770 670 619 624 466 696 322 557 582 698 555 257 560 674 990 488 737 0 915 511 558 549 501 801 571 255 520
621 225 456 639 384 488 558 541 152 97 507 482 746 750 749 431 806 288 727 114 689 396 750 679 807 858 747 626 651 362 144 709 747 565 504 497 298 359 356 505 271 703 745 393 281 742 833 747 307 129 691 490 915 0 573 700 661 563 248 684 785 989
185 721 580 203 880 551 754 105 469 520 345 967 227 230 229 623 403 784 291 609 254 610 231 363 404 338 228 191 216 253 640 273 228 801 999 836 735 245 690 531 762 267 226 208 324 223 430 228 740 624 553 803 511 573 0 180 615 128 427 165 381 508
312 848 627 330 970 598 801 199 596 647 412 1093 79 83 82 669 449 911 376 736 381 550 83 409 305 191 80 318 342 380 767 389 80 928 1126 882 782 372 736 578 808 394 78 335 451 75 476 80 786 751 600 849 558 700 180 0 661 197 554 92 427 360
482 762 358 453 341 329 171 589 728 673 828 925 668 671 671 401 447 570 373 690 409 972 672 319 448 507 669 476 448 737 720 386 669 1008 785 253 513 728 468 309 540 431 667 691 807 664 474 669 517 665 178 220 555 654 621 667 0 611 824 680 425 629
176 711 570 193 870 541 744 95 459 510 335 957 244 247 246 613 393 774 281 600 244 611 248 353 394 355 245 181 206 244 630 263 245 791 989 826 726 235 680 521 752 257 243 198 314 240 420 245 730 614 543 793 501 563 128 197 605 0 417 182 371 525
475 396 627 493 555 659 728 395 144 195 360 642 600 603 603 602 692 459 580 284 543 298 604 652 693 712 601 480 505 233 315 563 601 476 674 667 468 230 527 675 442 556 599 247 152 596 719 601 478 299 842 660 801 248 427 554 832 417 0 538 670 875
296 832 640 314 984 611 814 183 580 631 397 1078 92 96 95 682 463 895 389 720 365 534 97 422 319 204 93 302 327 364 751 384 94 912 1110 895 795 356 750 591 822 378 91 319 435 89 489 94 799 735 613 862 571 684 165 92 674 182 538 0 441 374
242 957 384 213 728 355 558 349 712 764 588 1210 428 431 431 427 207 956 133 718 170 864 432 167 208 267 429 236 209 497 765 146 429 1045 1172 640 540 488 494 335 566 192 427 451 567 424 234 429 544 860 357 607 255 785 381 427 419 371 670 441 0 389
535 1250 677 506 1021 648 851 615 1005 1057 659 1367 400 389 398 720 500 1249 426 1011 463 796 404 460 356 288 401 529 502 790 1058 439 396 1201 1465 933 832 781 787 628 859 485 399 744 860 396 527 401 837 1153 650 900 608 1078 597 449 712 614 963 462 478 0
EOF