NAME : tsp_problem
TYPE : TSP
DIMENSION : 30
EDGE_WEIGHT_TYPE : EXPLICIT
EDGE_WEIGHT_FORMAT : FULL_MATRIX
EDGE_WEIGHT_SECTION
0 641 580 290 282 497 286 348 296 699 178 787 577 561 107 475 558 153 216 495 68 571 398 634 284 714 175 833 804 279
647 0 613 758 750 798 754 530 479 437 532 184 879 594 701 392 114 747 811 412 645 127 748 550 752 669 535 230 201 747
580 620 0 790 782 335 787 751 700 268 678 491 415 130 503 541 696 536 395 524 568 709 284 392 784 284 675 437 453 780
290 752 790 0 26 707 30 314 408 909 388 899 787 771 317 587 670 363 426 606 278 683 608 745 28 864 385 944 915 23
282 744 782 26 0 698 22 306 399 901 380 890 779 763 309 578 661 355 418 598 270 675 600 737 20 856 376 936 907 15
497 805 335 707 698 0 703 792 740 453 595 676 158 315 419 726 882 453 312 709 485 895 201 577 701 469 591 622 638 696
286 748 787 30 22 703 0 310 404 905 384 895 783 767 313 583 666 359 422 603 274 679 604 741 24 860 381 940 911 19
348 524 751 314 306 792 310 0 179 923 233 671 872 760 402 358 441 448 511 378 346 455 693 517 308 636 236 716 687 303
296 472 700 408 399 740 404 179 0 872 182 619 821 709 350 307 390 397 460 327 294 403 642 465 402 584 185 664 635 397
706 437 275 916 907 460 912 930 878 0 803 308 540 255 628 666 514 662 520 649 693 526 409 517 910 409 800 253 270 905
178 526 678 388 380 595 384 233 182 797 0 673 675 659 205 361 444 251 314 381 166 457 496 519 382 638 238 718 689 377
793 184 484 905 897 669 901 677 625 308 679 0 750 465 837 538 261 871 730 558 792 273 618 697 899 618 682 101 79 894
577 886 415 787 779 158 783 872 821 534 675 757 0 396 500 807 963 533 392 790 565 975 281 658 781 549 672 702 719 776
561 601 130 771 763 315 767 760 709 249 659 472 396 0 483 522 678 517 376 505 549 690 265 373 765 264 656 417 434 760
107 695 503 317 309 419 313 402 350 621 205 842 500 483 0 529 613 180 139 549 95 626 321 688 311 637 201 790 807 306
475 385 541 587 578 726 583 358 307 659 361 532 807 522 529 0 303 576 639 240 473 316 675 378 581 497 364 578 549 576
564 114 690 676 668 875 672 448 396 514 450 261 955 670 619 309 0 665 728 329 562 47 824 468 670 587 453 306 277 665
153 741 536 363 355 453 359 448 397 655 251 878 533 517 180 576 659 0 172 595 141 672 354 734 357 670 248 823 840 352
216 804 395 426 418 312 422 511 460 514 314 737 392 376 139 639 722 172 0 659 204 735 230 638 420 529 311 682 699 415
495 405 524 606 598 709 603 378 327 643 381 552 790 505 549 240 323 595 659 0 493 336 659 398 600 517 383 597 568 595
68 639 568 278 270 485 274 346 294 687 166 785 565 549 95 473 556 141 204 493 0 569 386 632 272 702 162 831 802 267
578 127 702 689 681 887 685 461 409 526 463 273 968 683 632 322 47 678 741 342 576 0 837 481 683 600 466 319 290 678
398 755 284 608 600 201 604 693 642 403 496 626 281 265 321 675 832 354 230 659 386 844 0 527 602 418 493 571 588 597
634 544 392 745 737 577 741 517 465 511 519 691 658 373 688 378 462 734 638 398 632 475 527 0 739 526 522 679 696 734
284 746 784 28 20 701 24 308 402 903 382 893 781 765 311 581 664 357 420 600 272 677 602 739 0 858 379 938 909 17
714 663 284 864 856 469 860 636 584 402 638 625 549 264 637 497 580 670 529 517 702 594 418 526 858 0 641 571 587 853
175 529 675 385 376 591 381 236 185 793 238 676 672 656 201 364 447 248 311 383 162 460 493 522 379 641 0 721 692 374
839 230 429 951 942 614 947 722 671 253 725 101 695 410 782 584 306 816 675 604 837 319 564 672 945 563 727 0 63 940
810 201 446 922 913 631 918 693 642 270 696 79 712 427 799 555 277 833 692 575 808 290 581 688 915 580 698 63 0 911
279 741 780 23 15 696 19 303 397 898 377 888 776 760 306 576 659 352 415 595 267 672 597 734 17 853 374 933 904 0
EOF