NAME : tsp_problem
TYPE : TSP
DIMENSION : 80
EDGE_WEIGHT_TYPE : EXPLICIT
EDGE_WEIGHT_FORMAT : FULL_MATRIX
EDGE_WEIGHT_SECTION
0 470 735 577 673 464 856 573 379 496 629 437 630 410 373 421 415 634 504 636 543 415 784 635 632 629 293 381 439 417 416 467 487 446 692 409 451 633 221 238 602 419 628 481 631 460 502 445 412 317 632 638 672 605 635 640 631 341 484 401 692 613 575 406 599 651 633 519 636 685 470 411 552 527 622 690 330 496 836 564
470 0 873 317 659 342 1251 717 523 640 189 315 190 289 251 565 294 194 648 196 768 559 790 195 192 467 437 526 583 295 560 819 810 590 1069 287 858 193 365 382 746 297 188 625 191 868 909 323 290 461 192 198 810 922 195 200 191 219 362 279 530 451 355 284 1006 211 193 397 196 573 805 145 357 87 460 573 474 103 443 330
735 873 0 581 314 614 427 485 1083 841 759 880 760 853 704 887 661 764 555 766 454 904 280 765 761 516 772 1085 868 654 647 378 397 612 601 671 361 763 925 839 701 658 758 821 761 371 412 636 666 744 762 767 154 515 765 770 761 749 596 844 374 452 578 666 509 693 762 962 766 327 308 854 556 866 443 332 981 869 756 568
577 317 581 0 366 156 959 689 630 747 202 422 204 395 246 671 203 208 754 209 658 665 595 209 205 174 544 632 689 196 667 582 601 696 807 212 565 206 471 489 852 200 201 732 204 575 617 178 208 568 206 211 518 719 208 213 205 291 138 386 237 158 120 207 713 137 206 504 209 280 513 396 98 310 167 281 580 390 346 110
673 659 314 366 0 400 693 423 874 779 544 666 546 639 490 825 447 550 493 552 392 843 364 551 547 301 710 876 806 440 585 316 335 550 541 457 299 549 716 733 639 444 543 759 547 309 350 422 452 682 548 553 252 453 551 555 547 535 382 630 208 238 364 452 447 479 548 748 552 234 247 640 342 652 229 239 825 725 687 354
464 342 614 156 400 0 993 710 517 633 334 309 336 282 245 558 237 340 641 341 692 552 628 341 337 208 430 519 576 229 553 616 635 583 840 246 599 338 358 375 739 234 333 619 336 609 650 211 242 455 338 343 552 753 340 345 337 213 172 272 271 192 154 241 747 269 338 390 341 314 546 283 131 399 201 314 467 368 478 144
959 1251 427 959 693 993 0 710 1307 822 1137 1259 1139 1232 1083 867 1040 1143 779 1144 678 885 658 1144 1140 894 996 1310 849 1032 871 602 622 836 373 1049 586 1141 1149 1063 682 1037 1136 801 1139 555 497 1014 1045 968 1141 1146 490 496 1143 1148 1140 1128 975 1222 753 830 957 1044 402 1072 1141 1340 1144 705 605 1233 934 1245 821 710 962 1248 1135 947
573 717 485 689 423 710 606 0 626 682 867 684 869 657 620 667 662 873 395 874 294 661 534 874 870 624 540 628 685 663 487 218 238 452 443 655 201 872 467 484 541 666 866 661 870 211 253 692 659 564 871 876 423 355 874 878 870 588 705 648 483 561 687 653 349 802 871 766 875 436 221 658 665 774 552 441 576 743 1010 677
379 523 1083 630 874 517 1204 626 0 549 682 432 683 408 426 474 469 687 557 689 677 468 1102 688 685 682 346 117 492 470 469 728 719 499 978 462 775 686 191 291 655 472 681 534 684 809 850 498 465 370 686 691 1020 831 688 693 684 394 537 444 745 666 628 459 947 704 686 317 689 788 818 464 605 580 675 788 383 549 889 617
502 646 834 753 772 639 822 674 555 0 805 613 806 586 549 113 591 810 680 812 643 131 883 811 808 805 469 557 95 593 592 567 586 622 497 585 550 809 397 414 174 595 804 83 807 496 561 621 588 493 808 814 771 350 811 816 807 517 660 577 832 789 751 582 658 827 809 695 812 784 569 587 728 703 798 789 208 672 1012 740
629 189 759 202 544 334 1137 867 682 798 0 474 14 447 410 723 381 18 806 19 836 717 676 19 15 352 595 684 741 374 718 760 780 748 985 390 743 16 523 540 904 378 11 784 15 753 795 356 386 620 16 21 696 897 18 23 15 378 316 438 415 336 241 385 891 96 16 556 19 458 691 303 243 182 345 459 632 262 311 215
437 315 880 422 666 309 1259 684 432 607 474 0 476 256 218 532 261 480 615 481 735 526 894 481 477 474 404 358 550 262 527 786 777 557 1036 254 833 478 332 349 713 264 473 592 476 867 909 291 257 429 478 483 818 889 480 485 477 186 329 246 537 458 420 251 1005 496 478 257 481 580 812 257 397 372 467 580 441 342 682 410
630 190 760 204 546 336 1139 869 683 800 14 476 0 449 411 725 383 20 808 21 838 719 677 21 17 354 597 686 743 375 720 762 781 750 986 392 745 18 525 542 906 380 13 785 16 755 796 357 388 622 18 23 697 899 20 25 17 379 318 439 417 338 243 387 893 98 18 557 21 460 692 305 244 183 347 460 634 263 312 217
410 289 853 395 639 282 1232 657 408 580 447 256 449 0 192 505 234 453 588 454 709 499 868 454 450 447 377 334 523 235 500 759 750 530 1009 227 806 451 305 322 686 237 446 566 449 840 882 264 231 402 451 456 791 862 453 458 450 160 302 219 510 431 393 225 978 469 451 233 454 553 786 230 371 345 440 554 414 315 655 383
373 251 704 246 490 245 1083 620 426 543 410 218 411 192 0 468 197 415 551 417 671 462 719 416 413 298 340 428 486 198 463 706 713 493 931 190 689 414 268 285 649 200 409 528 412 699 740 226 193 364 414 419 642 825 416 421 412 122 262 182 361 282 244 187 837 359 414 300 417 404 637 193 222 308 291 405 377 277 568 234
427 571 879 678 817 564 867 674 480 113 730 538 731 511 474 0 516 735 604 737 688 56 928 736 733 730 394 482 56 518 517 612 632 547 542 509 595 734 321 339 219 520 729 99 732 542 607 546 513 418 733 738 817 396 736 741 732 442 585 502 793 714 675 507 703 752 733 620 737 830 615 512 653 628 723 835 133 597 937 665
415 294 661 203 447 237 1040 662 469 585 381 261 383 234 197 510 0 387 593 388 714 504 675 388 384 255 382 471 528 240 505 663 682 535 888 232 646 385 310 327 691 242 380 571 384 656 697 259 236 407 385 390 599 800 387 392 384 165 219 224 318 239 201 230 794 316 385 342 388 361 593 235 179 350 248 361 419 320 525 191
634 194 764 208 550 340 1143 873 687 804 18 480 20 453 415 729 387 0 812 25 842 723 681 25 21 358 601 690 747 379 724 766 785 754 990 396 749 22 529 546 910 384 17 789 20 759 800 361 392 626 22 27 701 903 24 29 21 383 322 443 421 342 247 391 897 102 22 561 25 464 696 309 248 187 351 464 638 267 316 221
504 648 555 754 493 641 676 395 557 673 806 615 808 588 551 598 593 812 0 813 364 592 604 813 809 694 470 559 616 594 556 288 307 522 512 586 271 810 398 415 611 597 805 659 809 281 322 623 590 495 810 815 492 425 812 817 809 519 661 578 553 630 752 584 419 829 810 696 813 505 290 589 730 705 621 510 507 674 1014 742
636 196 766 209 552 341 1144 874 689 805 19 481 21 454 417 730 388 25 813 0 843 724 683 26 22 359 603 691 748 381 726 767 787 755 992 397 750 23 530 548 911 385 18 791 22 760 802 363 393 627 23 28 703 904 26 30 22 385 323 445 422 343 248 392 898 104 23 563 26 465 698 310 250 189 352 466 639 269 318 222
543 768 454 658 392 692 575 294 677 650 836 735 838 709 671 695 714 842 364 843 0 713 503 843 839 593 581 679 677 715 455 187 206 421 411 707 170 840 519 536 510 717 835 629 838 180 221 713 710 553 840 845 391 324 842 847 839 639 674 699 452 529 656 704 318 771 840 817 843 404 189 709 633 825 520 409 628 794 979 646
421 565 897 672 835 558 885 668 474 131 724 532 725 505 468 56 510 729 598 731 706 0 946 730 726 723 388 476 74 511 511 630 649 541 560 503 613 728 315 333 237 514 723 116 726 560 624 540 507 412 727 732 834 413 730 734 726 436 578 496 787 708 669 501 721 746 727 614 731 830 632 506 647 622 717 830 127 591 931 659
784 750 280 628 364 662 659 535 1133 891 635 928 637 901 752 936 709 641 604 643 503 954 0 642 638 563 822 1135 918 702 696 428 447 662 652 718 411 640 974 888 751 706 634 870 638 420 462 684 714 794 639 644 218 565 642 646 638 797 644 892 424 499 626 713 559 570 639 1010 643 376 358 865 604 743 491 381 1031 735 622 616
635 195 765 209 551 341 1144 874 688 805 19 481 21 454 416 730 388 25 813 26 843 724 682 0 22 359 602 691 748 380 725 767 786 755 991 397 750 23 530 547 911 385 18 790 21 760 801 362 393 627 23 28 703 904 25 30 22 384 323 444 422 343 248 392 898 103 23 562 26 465 697 310 249 188 352 465 639 268 317 222
632 192 761 205 547 337 1140 870 685 801 15 477 17 450 413 726 384 21 809 22 839 720 679 22 0 355 598 687 744 377 721 763 782 751 988 393 746 19 526 543 907 381 14 787 18 756 797 359 389 623 19 24 699 900 21 26 18 381 319 441 418 339 244 388 894 99 19 559 22 461 694 306 246 185 348 462 635 265 314 218
629 467 516 174 301 208 894 624 682 798 352 474 354 447 298 723 255 358 694 359 593 717 530 359 355 0 595 684 741 248 718 517 536 748 742 264 500 356 523 540 840 252 351 784 355 510 552 230 260 620 356 361 453 654 358 363 355 343 190 438 172 202 172 259 648 287 356 556 359 215 448 448 150 460 193 216 632 533 496 162
293 437 772 544 710 430 893 540 346 463 595 404 597 377 340 388 382 601 470 603 581 381 821 602 598 595 0 348 405 383 383 505 524 412 730 375 488 600 187 205 568 386 594 448 598 498 539 412 379 284 599 604 709 642 602 606 598 308 450 368 659 580 541 373 636 618 599 486 603 702 507 378 519 494 589 702 296 463 803 531
381 526 1085 632 876 519 1206 628 117 551 684 358 686 334 428 476 471 690 559 691 679 470 1104 691 687 684 348 0 494 472 471 730 721 501 980 464 777 688 194 293 657 474 683 536 686 811 853 501 467 373 688 693 1023 833 690 695 687 396 539 370 747 668 630 461 949 706 688 244 691 790 821 467 608 582 677 790 385 552 892 620
445 589 861 696 799 582 849 691 498 95 747 556 749 529 492 56 534 753 622 754 670 74 910 754 750 747 412 500 0 535 535 594 613 564 524 527 577 752 339 357 201 538 746 80 750 523 588 564 531 436 751 756 798 377 754 758 750 460 602 520 811 732 693 525 685 770 751 638 755 811 596 530 671 646 741 816 151 615 955 683
417 295 654 196 440 229 1032 663 470 586 374 262 375 235 198 511 240 379 594 381 715 505 668 380 377 248 383 472 529 0 506 656 675 536 880 233 639 378 311 328 692 244 373 572 376 648 690 251 237 408 377 383 591 793 380 385 376 166 211 226 311 232 193 231 787 308 378 344 381 354 586 236 171 352 241 354 420 321 518 183
416 560 647 667 585 553 768 487 469 586 718 527 720 500 463 510 505 724 556 726 455 504 696 725 721 718 383 471 528 506 0 380 399 535 604 498 363 723 310 328 691 509 717 571 721 372 414 535 502 407 722 727 584 517 725 729 721 431 573 491 645 703 664 496 511 741 722 609 726 597 382 501 642 617 712 602 419 586 926 654
467 819 378 582 316 616 499 218 728 574 760 786 762 759 706 620 663 766 288 767 187 637 427 767 763 517 505 730 601 656 380 0 130 345 336 672 94 764 569 571 434 660 759 554 763 104 145 638 668 477 764 769 315 248 766 771 763 690 598 750 376 453 580 667 242 695 764 868 767 328 113 760 558 868 444 333 678 845 903 570
487 810 397 601 335 635 519 238 719 594 780 777 781 750 713 639 682 785 307 787 206 657 447 786 782 536 524 721 620 675 399 130 0 364 355 692 114 784 560 578 453 679 779 573 782 123 165 657 687 496 783 788 335 268 786 790 782 681 617 741 395 473 599 687 261 714 783 859 787 348 133 751 577 867 464 353 669 836 922 589
446 590 612 696 550 583 733 452 499 615 748 557 750 530 493 540 535 754 522 755 421 534 661 755 751 748 412 501 558 536 535 345 364 0 570 528 328 752 340 357 668 539 747 601 751 338 379 565 532 437 752 757 549 482 755 759 751 461 603 521 610 687 694 526 476 771 752 639 755 562 347 531 672 647 679 567 449 616 956 684
699 1075 601 813 547 847 373 449 984 497 991 1042 993 1015 937 542 894 997 519 998 418 560 658 998 994 748 736 986 524 887 611 342 361 576 0 903 325 995 826 803 357 891 990 476 994 272 337 869 899 708 995 1000 546 171 997 1002 994 946 829 1006 607 685 811 898 368 926 995 1124 998 559 344 1016 789 1099 676 565 637 1101 1134 801
409 287 671 212 457 246 1049 655 462 578 390 254 392 227 190 503 232 396 586 397 707 497 685 397 393 264 375 464 521 233 498 672 692 528 897 0 655 394 303 320 684 236 389 564 393 665 707 262 229 400 394 399 608 809 397 401 393 158 228 218 327 248 210 223 803 325 394 336 398 371 603 228 188 344 257 371 412 313 534 200
451 858 361 565 299 599 482 201 775 558 743 833 745 806 689 603 646 749 271 750 170 621 410 750 746 500 488 777 584 639 363 94 114 328 319 655 0 747 617 555 417 643 742 537 746 87 129 621 651 460 747 752 299 231 750 754 746 734 581 797 359 437 563 650 225 678 747 915 751 312 97 807 541 851 428 317 697 892 886 553
633 193 763 206 549 338 1141 872 686 802 16 478 18 451 414 727 385 22 810 23 840 721 680 23 19 356 600 688 745 378 723 764 784 752 989 394 747 0 527 545 908 382 15 788 19 757 799 360 390 624 20 25 700 901 23 27 19 382 320 442 419 340 245 389 895 101 20 560 24 463 695 307 247 186 349 463 636 266 309 219
221 365 925 471 716 358 1046 467 191 390 523 332 525 305 268 315 310 529 398 530 519 309 944 530 526 523 187 194 333 311 310 569 560 340 819 303 617 527 0 132 496 314 522 376 526 650 692 340 307 212 527 532 862 673 529 534 526 236 378 295 586 507 469 301 789 546 527 394 530 629 660 306 447 422 516 630 224 391 731 459
238 382 839 489 733 375 960 484 291 408 540 349 542 322 285 332 327 546 415 548 536 326 888 547 543 540 205 293 350 328 328 571 578 357 796 320 555 545 132 0 513 331 539 393 543 564 606 357 324 229 544 549 776 690 547 551 543 253 395 313 604 525 486 318 703 563 544 431 548 647 574 323 464 439 534 647 241 408 748 476
608 752 694 859 632 745 682 534 661 174 911 719 912 692 655 219 697 916 604 918 503 237 743 917 913 833 575 663 201 698 695 427 446 661 357 690 410 915 502 520 0 701 910 153 913 356 421 727 694 599 914 919 631 210 917 922 913 623 765 683 692 769 856 688 518 933 914 801 918 644 429 693 834 809 760 649 314 778 1118 846
419 297 658 200 444 234 1037 666 472 589 378 264 380 237 200 514 242 384 597 385 717 508 673 385 381 252 386 474 532 244 509 660 679 539 885 236 643 382 314 331 695 0 377 574 381 653 694 256 239 410 382 387 596 797 384 389 381 168 216 228 315 236 198 233 791 313 382 346 385 358 590 238 176 354 245 358 423 323 522 188
628 188 758 201 543 333 1136 866 681 797 11 473 13 446 409 722 380 17 805 18 835 716 675 18 14 351 594 683 740 373 717 759 779 747 984 389 742 15 522 539 903 377 0 783 14 752 794 355 385 619 15 20 695 896 17 22 14 377 315 437 414 335 240 384 890 95 15 555 18 457 690 302 242 181 344 458 631 261 310 214
487 632 813 738 751 625 801 654 540 83 790 599 792 572 534 99 577 796 665 797 622 116 862 797 793 790 454 543 80 578 577 546 566 607 476 570 529 794 382 399 153 580 789 0 792 476 541 607 573 479 794 799 751 330 796 801 793 502 645 562 811 774 736 567 637 812 794 680 797 764 549 573 714 688 783 769 193 658 998 726
631 191 761 204 547 336 1139 870 684 801 15 476 16 449 412 726 384 20 809 22 838 720 678 21 18 355 598 686 744 376 721 763 782 751 987 393 746 19 526 543 907 381 14 786 0 755 797 358 388 622 18 24 698 900 21 26 17 380 318 440 418 339 243 388 894 99 19 558 22 461 693 306 245 184 348 461 635 264 307 217
460 868 371 575 309 609 452 211 809 504 753 867 755 840 699 549 656 759 281 760 180 567 420 760 756 510 498 811 531 648 372 104 123 338 265 665 87 757 650 564 364 653 752 483 755 0 98 631 661 470 757 762 308 178 759 764 756 744 591 831 369 446 573 660 195 688 757 949 760 321 106 841 550 861 437 326 644 926 896 563
502 909 412 617 350 650 394 253 850 569 795 909 796 882 740 614 697 800 322 802 221 632 462 801 797 552 539 853 596 690 414 145 165 379 330 707 129 799 692 606 429 694 794 548 797 98 0 672 702 511 798 803 350 243 801 806 797 785 632 872 410 488 614 702 137 729 798 990 802 363 148 883 592 902 479 368 709 968 937 604
445 323 636 178 422 211 1014 692 498 615 356 291 357 264 226 540 259 361 623 363 713 534 650 362 359 230 412 501 558 251 535 638 657 565 862 262 621 360 340 357 721 256 355 600 358 631 672 0 263 437 360 365 573 775 362 367 358 194 194 254 293 214 176 259 769 291 360 372 363 336 568 265 153 380 223 336 449 350 500 165
412 290 666 208 452 242 1045 659 465 582 386 257 388 231 193 507 236 392 590 393 710 501 680 393 389 260 379 467 525 237 502 668 687 532 892 229 651 390 307 324 688 239 385 567 388 661 702 263 0 403 390 395 603 805 392 397 389 161 224 221 323 244 206 226 799 321 390 339 393 366 598 232 183 347 253 366 416 316 530 195
317 461 744 568 682 455 865 564 370 487 620 429 622 402 364 412 407 626 495 627 553 406 793 627 623 620 284 373 430 408 407 477 496 437 702 400 460 624 212 229 593 410 619 472 622 470 511 437 403 0 624 629 681 614 626 631 623 332 475 392 683 604 566 397 608 642 624 510 627 694 479 403 543 518 613 699 321 488 828 556
632 192 762 206 548 338 1141 871 686 802 16 478 18 451 414 727 385 22 810 23 840 721 679 23 19 356 599 688 745 377 722 764 783 752 989 394 747 20 527 544 908 382 15 788 18 757 798 360 390 624 0 25 700 901 22 27 19 382 320 441 419 340 245 389 895 100 20 559 23 462 694 307 247 186 349 462 636 265 314 219
638 198 767 211 553 343 1146 876 691 807 21 483 23 456 419 732 390 27 815 28 845 726 685 28 24 361 604 693 750 383 727 769 788 757 994 399 752 25 532 549 913 387 20 793 24 762 803 365 395 629 25 0 705 906 27 32 24 387 325 447 424 345 250 394 900 105 25 565 28 467 699 312 252 191 354 467 641 271 320 224
672 810 154 518 252 552 490 423 1020 779 696 818 697 791 642 824 599 701 492 703 391 842 217 703 699 453 709 1023 805 591 584 315 335 549 540 608 299 700 862 776 638 596 695 758 698 308 350 573 603 681 700 705 0 453 702 707 698 687 534 781 312 389 516 603 446 631 700 899 703 264 246 792 493 803 380 269 919 807 694 505
597 928 508 712 446 746 496 348 837 350 890 896 892 869 831 396 793 896 418 897 317 413 557 897 893 647 635 840 377 785 509 241 260 475 171 802 224 894 679 696 210 790 889 330 892 170 235 767 798 607 894 899 445 0 896 901 893 799 728 859 506 583 710 797 332 825 894 977 897 458 243 870 687 985 574 463 490 955 1033 700
635 195 765 208 551 340 1143 874 688 805 18 480 20 453 416 730 387 24 812 26 842 723 682 25 21 358 602 690 747 380 725 766 786 755 991 397 750 23 529 547 910 384 17 790 21 759 801 362 392 626 22 27 702 904 0 29 21 384 322 444 421 343 247 391 898 103 22 562 26 465 697 309 249 188 352 465 638 268 303 221
640 200 770 213 555 345 1148 878 693 809 23 485 25 458 421 734 392 29 817 30 847 728 687 30 26 363 606 695 752 385 729 771 790 759 996 401 754 27 534 551 915 389 22 795 26 764 806 367 397 631 27 32 707 908 29 0 26 389 327 449 426 347 252 396 902 107 27 567 30 469 702 314 254 193 356 470 643 273 310 226
631 191 761 205 547 337 1140 870 684 801 15 477 17 450 412 726 384 21 809 22 839 720 678 22 18 355 598 687 744 376 721 763 782 751 987 393 746 19 526 543 907 381 14 786 17 756 797 358 389 623 19 24 698 900 21 26 0 380 319 440 418 339 244 388 894 99 19 558 22 461 693 306 245 184 348 461 635 264 313 218
341 219 749 291 535 213 1128 588 394 511 378 186 379 160 122 436 165 383 519 385 639 430 764 384 381 343 308 396 454 166 431 690 681 461 940 158 734 382 236 253 617 168 377 496 380 744 785 194 161 332 382 387 687 793 384 389 380 0 233 150 406 327 289 155 882 400 382 268 385 449 682 160 267 276 336 450 345 245 585 279
484 362 596 138 382 172 975 705 537 653 316 329 318 302 262 578 219 322 661 323 674 572 610 323 319 190 450 539 596 211 573 598 617 603 823 228 581 320 378 395 759 216 315 639 318 591 632 194 224 475 320 325 534 735 322 327 319 233 0 293 253 174 136 223 729 251 320 411 323 296 528 303 113 419 183 296 487 388 460 126
401 279 844 386 630 272 1222 648 444 571 438 246 439 219 182 496 224 443 578 445 699 490 858 444 441 438 368 370 513 226 491 750 741 521 1000 218 797 442 295 313 677 228 437 556 440 831 872 254 221 392 441 447 781 853 444 449 440 150 293 0 501 422 383 215 969 460 442 269 445 544 776 220 361 336 431 544 404 305 645 373
692 530 374 237 208 271 753 483 745 839 415 537 417 510 361 786 318 421 553 422 452 780 423 422 418 172 659 747 804 311 645 376 395 610 601 327 359 419 586 604 699 315 414 819 418 369 410 293 323 683 419 424 312 513 421 426 418 406 253 501 0 109 235 322 507 350 419 619 422 122 306 511 213 523 100 122 695 596 558 225
613 451 452 158 238 192 830 561 666 783 336 458 338 431 282 708 239 342 630 343 529 702 466 343 339 202 580 668 725 232 703 453 473 687 678 248 437 340 507 525 777 236 335 768 339 446 488 214 244 604 340 345 389 591 343 347 339 327 174 422 109 0 156 243 585 271 340 540 344 152 384 432 134 444 129 152 616 517 480 146
575 355 578 120 364 154 957 687 628 744 241 420 243 393 244 669 201 247 752 248 656 663 592 248 244 172 541 630 687 193 664 580 599 694 805 210 563 245 469 486 850 198 240 730 243 573 614 176 206 566 245 250 516 717 247 252 244 289 136 383 235 156 0 205 711 176 245 501 248 278 510 394 95 349 165 278 578 428 385 108
406 284 666 207 452 241 1044 653 459 576 385 251 387 225 187 501 230 391 584 392 704 495 680 392 388 259 373 461 519 231 496 667 687 526 892 223 650 389 301 318 682 233 384 561 388 660 702 259 226 397 389 394 603 804 391 396 388 155 223 215 322 243 205 0 798 320 389 333 392 365 598 225 183 341 252 366 410 310 529 195
599 1006 509 713 447 747 297 349 947 665 891 1005 893 978 837 711 794 897 419 898 318 729 558 898 894 648 636 949 692 787 511 242 261 476 427 803 225 895 789 703 525 791 890 645 894 195 137 769 799 608 895 900 446 339 898 902 894 882 729 969 507 585 711 798 0 826 895 1087 898 460 244 979 689 999 576 465 805 1064 1034 701
651 211 693 137 479 269 1072 802 704 821 96 496 98 469 359 746 316 102 829 104 771 740 610 103 99 287 618 706 764 308 741 695 714 771 920 325 678 101 546 563 927 313 95 806 99 688 729 291 321 642 100 105 631 832 103 107 99 400 251 460 350 271 176 320 826 0 100 578 104 393 625 326 178 204 280 393 655 284 286 150
633 193 762 206 548 338 1141 871 686 802 16 478 18 451 414 727 385 22 810 23 840 721 680 23 19 356 599 688 745 378 722 764 783 752 989 394 747 20 527 544 908 382 15 788 19 757 798 360 390 624 20 25 700 901 22 27 19 382 320 442 419 340 245 389 895 100 0 560 23 462 695 307 247 186 349 463 636 266 315 219
519 397 962 504 748 390 1340 766 317 689 556 257 557 233 300 614 342 561 696 563 817 608 976 562 559 556 486 244 631 344 609 868 859 639 1118 336 915 560 394 431 795 346 555 674 558 949 990 372 339 510 559 565 899 971 562 567 558 268 411 269 619 540 501 333 1087 578 560 0 563 662 894 338 479 454 549 662 522 423 763 491
636 196 766 209 552 341 1144 875 689 806 19 481 21 454 417 730 388 25 813 26 843 724 683 26 22 359 603 691 748 381 726 767 787 755 992 398 751 24 530 548 911 385 18 791 22 760 802 363 393 627 23 28 703 905 26 30 22 385 323 445 422 344 248 392 898 104 23 563 0 466 698 310 250 189 353 466 639 269 314 222
685 573 327 280 234 314 705 436 788 792 458 580 460 553 404 830 361 464 505 465 404 824 376 465 461 215 702 790 819 354 597 328 348 562 553 371 312 463 629 647 652 358 457 771 461 321 363 336 366 694 462 467 264 466 465 469 461 449 296 544 122 152 278 365 460 393 462 662 466 0 259 554 256 566 143 165 738 639 601 268
470 805 308 513 247 546 502 221 818 577 691 812 692 786 637 622 593 696 290 698 189 640 358 697 694 448 507 821 603 586 382 113 133 347 338 603 97 695 660 574 437 590 690 556 693 106 148 568 598 479 694 699 246 251 697 702 693 682 528 776 306 384 510 598 244 625 695 894 698 259 0 786 488 798 375 264 717 871 833 500
411 145 854 396 640 283 1233 658 464 581 303 257 305 230 193 506 235 309 589 310 709 500 869 310 306 448 378 467 524 236 501 760 751 531 1010 228 807 307 306 323 687 238 302 566 306 841 883 265 232 403 307 312 792 863 309 314 306 160 303 220 511 432 394 225 979 326 307 338 310 554 786 0 372 202 441 554 415 171 511 384
552 357 556 98 342 131 934 665 605 722 243 397 244 371 222 647 179 248 730 250 633 641 570 249 246 150 519 608 665 171 642 558 577 672 782 188 541 247 447 464 828 176 242 707 245 550 592 153 183 543 247 252 493 695 249 254 245 267 113 361 213 134 95 183 689 178 247 479 250 256 488 372 0 350 143 256 556 430 387 85
527 87 866 310 652 399 1245 774 580 697 182 372 183 345 308 622 350 187 705 189 825 616 783 188 185 460 494 582 640 352 617 868 867 647 1092 344 851 186 422 439 803 354 181 682 184 861 902 380 347 518 186 191 803 979 188 193 184 276 419 336 523 444 349 341 999 204 186 454 189 566 798 202 350 0 453 566 531 160 459 323
622 460 443 167 229 201 821 552 675 792 345 467 347 440 291 717 248 351 621 352 520 710 457 352 348 193 589 677 734 241 712 444 464 679 669 257 428 349 516 534 768 245 344 777 348 437 479 223 253 613 349 354 380 582 352 356 348 336 183 431 100 129 165 252 576 280 349 549 353 143 375 441 143 453 0 143 625 526 489 155
690 573 332 281 239 314 710 441 788 797 459 580 460 554 405 830 361 464 510 466 409 824 381 465 462 216 702 790 824 354 602 333 353 567 558 371 317 463 630 647 657 358 458 776 461 326 368 336 366 699 462 467 269 471 465 470 461 450 296 544 122 152 278 366 465 393 463 662 466 165 264 554 256 566 143 0 739 639 601 268
336 480 974 587 831 473 962 582 389 208 638 447 640 420 383 133 425 644 513 646 634 127 1023 645 641 638 303 391 151 426 426 685 676 455 637 418 690 643 230 248 314 429 637 193 641 636 701 455 422 327 642 647 911 490 645 649 641 351 493 411 702 623 584 416 798 661 642 529 646 745 709 421 562 537 632 745 0 506 846 574
496 103 885 390 725 368 1264 743 549 666 262 342 263 315 277 591 320 267 674 269 794 585 776 268 265 533 463 552 609 321 586 845 836 616 1095 313 892 266 391 408 772 323 261 651 264 926 968 350 316 488 265 271 823 948 268 273 264 245 388 305 596 517 428 310 1064 284 266 423 269 639 871 171 430 160 526 639 500 0 379 403
836 442 756 346 687 478 1135 1010 889 1005 311 681 312 654 568 930 525 316 1013 318 979 924 647 317 314 496 802 891 948 518 925 903 922 955 1128 534 886 309 730 747 1111 522 310 991 306 896 937 500 530 827 314 319 694 1040 303 310 313 585 460 645 558 480 385 529 1034 286 315 763 314 601 833 510 387 459 489 601 839 378 0 359
564 330 568 110 354 144 947 677 617 734 215 410 217 383 234 659 191 221 742 222 646 653 582 222 218 162 531 620 677 183 654 570 589 684 794 200 553 219 459 476 840 188 214 719 217 563 604 165 195 556 219 224 505 707 221 226 218 279 126 373 225 146 108 195 701 150 219 491 222 268 500 384 85 323 155 268 568 403 359 0
EOF