NAME : tsp_problem
TYPE : TSP
DIMENSION : 40
EDGE_WEIGHT_TYPE : EXPLICIT
EDGE_WEIGHT_FORMAT : FULL_MATRIX
EDGE_WEIGHT_SECTION
0 126 1406 1303 62 1103 1565 1058 125 326 524 443 436 656 1498 423 1335 1506 1296 665 1169 1174 872 419 1570 324 180 683 990 1193 1188 1072 1147 1613 290 306 425 1630 1032 293
126 0 1469 1366 126 1166 1628 1121 29 428 587 507 499 719 1561 497 1398 1570 1359 728 1233 1238 935 482 1634 387 283 746 1053 1256 1251 1135 1210 1676 393 408 488 1693 1095 356
1406 1469 0 303 1363 606 356 873 1468 1538 1061 1089 1181 850 827 1440 702 835 297 838 313 990 687 1474 899 1379 1563 820 647 851 1003 729 650 942 1630 1559 1480 2177 847 1242
1303 1366 303 0 1260 503 462 770 1365 1435 958 986 1078 747 724 1337 598 732 62 734 210 886 584 1371 796 1276 1459 717 544 747 900 626 547 839 1527 1456 1377 2074 744 1139
62 126 1363 1260 0 1060 1523 1016 124 365 482 401 394 613 1456 391 1292 1464 1254 622 1127 1132 830 377 1528 282 219 640 948 1151 1145 1030 1105 1570 330 345 383 1588 990 251
1103 1166 606 503 1060 0 765 466 1165 1235 758 786 878 547 547 1137 256 556 496 534 370 460 384 1171 620 1076 1259 517 344 295 474 286 96 662 1327 1256 1177 1874 492 939
1565 1628 356 462 1523 765 0 1033 1627 1697 1220 1248 1341 1009 986 1600 861 995 456 997 472 1149 847 1633 1059 1539 1722 979 807 1010 1162 889 810 1101 1789 1718 1639 2336 1007 1401
1058 1121 873 770 1016 466 1033 0 1120 1190 713 741 834 502 832 1093 541 841 764 490 637 140 217 1126 905 1032 1215 472 398 196 153 316 420 947 1282 1211 1132 1829 73 894
125 29 1468 1365 124 1165 1627 1120 0 427 586 505 498 718 1560 495 1397 1568 1358 727 1232 1236 934 481 1632 386 282 745 1052 1255 1250 1134 1209 1675 392 407 487 1692 1094 355
326 428 1538 1435 365 1235 1697 1190 427 0 652 469 531 713 1630 121 1467 1638 1428 722 1301 1306 1004 560 1702 627 293 740 1122 1325 1320 1204 1279 1745 403 45 554 1933 1164 319
524 587 1061 958 482 758 1220 713 586 652 0 282 144 237 1153 554 990 1161 951 245 825 829 527 592 1225 498 681 263 645 848 843 727 802 1268 748 673 598 1562 687 356
443 507 1089 986 401 786 1248 741 505 469 282 0 162 265 1181 372 1018 1190 979 274 853 858 555 642 1254 547 600 292 673 876 871 755 830 1296 711 490 648 1742 715 173
436 499 1181 1078 394 878 1341 834 498 531 144 162 0 357 1274 434 1110 1282 1072 366 945 950 648 504 1346 410 593 384 766 969 963 848 923 1388 660 552 510 1604 808 235
656 719 850 747 613 547 1009 502 718 713 237 265 357 0 942 616 779 951 740 68 614 619 316 724 1015 629 813 86 434 637 632 516 591 1057 880 734 730 1543 476 418
1662 1725 991 888 1620 712 1151 996 1724 1794 1317 1345 1438 1106 0 1697 575 67 882 1094 755 991 944 1730 131 1636 1819 1076 899 825 1004 816 666 151 1886 1815 1736 2433 1022 1498
423 497 1440 1337 391 1137 1600 1093 495 121 554 372 434 616 1533 0 1369 1541 1331 625 1204 1209 907 657 1605 604 390 643 1025 1228 1222 1107 1182 1647 501 142 651 1910 1067 222
1335 1398 702 598 1292 256 861 541 1397 1467 990 1018 1110 779 410 1369 0 419 592 767 465 535 616 1403 483 1308 1492 749 443 370 549 361 211 525 1559 1488 1409 2106 567 1171
1671 1734 1000 897 1628 720 1159 1005 1733 1803 1326 1354 1446 1115 67 1705 583 0 890 1102 763 999 952 1739 139 1644 1827 1085 907 834 1013 825 674 143 1895 1824 1745 2442 1031 1507
1296 1359 297 62 1254 496 456 764 1358 1428 951 979 1072 740 717 1331 592 726 0 728 203 880 578 1364 790 1270 1453 710 538 741 893 620 541 832 1520 1449 1370 2067 738 1132
665 728 838 734 622 534 997 490 727 722 245 274 366 68 930 625 767 938 728 0 601 606 304 733 1002 638 822 95 422 625 620 504 579 1044 889 743 739 1531 464 427
1169 1233 313 210 1127 370 472 637 1232 1301 825 853 945 614 591 1204 465 599 203 601 0 753 451 1238 663 1143 1326 584 411 614 767 493 414 705 1393 1322 1244 1941 611 1006
1174 1238 990 886 1132 460 1149 140 1236 1306 829 858 950 619 826 1209 535 835 880 606 753 0 333 1243 899 1148 1331 589 393 190 36 310 414 941 1398 1327 1249 1946 166 1011
872 935 687 584 830 384 847 217 934 1004 527 555 648 316 779 907 616 788 578 304 451 333 0 940 852 846 1029 286 272 389 346 354 429 894 1096 1025 946 1644 191 708
419 482 1474 1371 377 1171 1633 1126 481 560 592 642 504 724 1566 657 1403 1575 1364 733 1238 1243 940 0 1639 170 291 751 1058 1261 1256 1140 1215 1681 179 540 42 1698 1100 558
1735 1798 1064 961 1692 784 1223 1069 1797 1867 1390 1418 1510 1179 131 1769 647 139 954 1166 827 1063 1016 1803 0 1708 1891 1149 971 898 1077 889 738 103 1959 1888 1809 2506 1095 1571
324 387 1379 1276 282 1076 1539 1032 386 627 498 547 410 629 1471 604 1308 1480 1270 638 1143 1148 846 170 1544 0 437 656 964 1167 1161 1046 1121 1586 325 607 176 1604 1006 464
180 283 1563 1459 219 1259 1722 1215 282 293 681 600 593 813 1655 390 1492 1663 1453 822 1326 1331 1029 291 1727 437 0 839 1147 1350 1345 1229 1304 1769 134 273 285 1787 1189 450
683 746 820 717 640 517 979 472 745 740 263 292 384 86 912 643 749 921 710 95 584 589 286 751 985 656 839 0 404 607 602 486 561 1027 907 761 757 1513 446 444
990 1053 647 544 948 344 807 398 1052 1122 645 673 766 434 734 1025 443 743 538 422 411 393 272 1058 807 964 1147 404 0 227 406 106 322 849 1214 1143 1064 1761 424 826
1193 1256 851 747 1151 295 1010 196 1255 1325 848 876 969 637 661 1228 370 670 741 625 614 190 389 1261 734 1167 1350 607 227 0 203 145 249 776 1417 1346 1267 1964 222 1029
1188 1251 1003 900 1145 474 1162 153 1250 1320 843 871 963 632 840 1222 549 848 893 620 767 36 346 1256 912 1161 1345 602 406 203 0 323 428 955 1412 1341 1262 1959 179 1024
1072 1135 729 626 1030 286 889 316 1134 1204 727 755 848 516 652 1107 361 660 620 504 493 310 354 1140 724 1046 1229 486 106 145 323 0 240 767 1296 1225 1146 1843 342 908
1147 1210 650 547 1105 96 810 420 1209 1279 802 830 923 591 502 1182 211 510 541 579 414 414 429 1215 574 1121 1304 561 322 249 428 240 0 616 1371 1300 1221 1918 446 983
1777 1840 1106 1003 1735 827 1265 1111 1839 1909 1432 1460 1553 1221 151 1812 689 143 996 1209 870 1106 1059 1845 103 1751 1934 1191 1013 940 1119 931 781 0 2001 1930 1851 2548 1137 1613
290 393 1630 1527 330 1327 1789 1282 392 403 748 711 660 880 1722 501 1559 1730 1520 889 1393 1398 1096 179 1794 325 134 907 1214 1417 1412 1296 1371 1836 0 383 173 1854 1256 560
306 408 1559 1456 345 1256 1718 1211 407 45 673 490 552 734 1651 142 1488 1659 1449 743 1322 1327 1025 540 1723 607 273 761 1143 1346 1341 1225 1300 1766 383 0 534 1913 1185 340
425 488 1480 1377 383 1177 1639 1132 487 554 598 648 510 730 1572 651 1409 1581 1370 739 1244 1249 946 42 1645 176 285 757 1064 1267 1262 1146 1221 1687 173 534 0 1704 1106 564
1691 1755 2238 2135 1649 1935 2398 1891 1753 1994 1623 1803 1665 1605 2331 1971 2167 2339 2129 1592 2002 2007 1705 1760 2403 1665 1848 1575 1823 2026 2020 1905 1980 2445 1915 1974 1766 0 1865 1831
1032 1095 847 744 990 492 1007 73 1094 1164 687 715 808 476 858 1067 567 866 738 464 611 166 191 1100 930 1006 1189 446 424 222 179 342 446 973 1256 1185 1106 1804 0 868
293 356 1242 1139 251 939 1401 894 355 319 356 173 235 418 1334 222 1171 1342 1132 427 1006 1011 708 558 1407 464 450 444 826 1029 1024 908 983 1449 560 340 564 1769 868 0
EOF