NAME : tsp_problem
TYPE : TSP
DIMENSION : 70
EDGE_WEIGHT_TYPE : EXPLICIT
EDGE_WEIGHT_FORMAT : FULL_MATRIX
EDGE_WEIGHT_SECTION
0 1508 723 1024 1006 82 576 1487 1030 1327 1409 1002 747 1431 1109 1062 650 316 185 705 1108 588 992 785 701 808 594 737 187 1026 76 59 1125 1386 1036 1398 248 952 1323 749 865 628 641 1350 885 1462 1407 511 184 1431 1174 1280 1028 875 1015 1383 490 685 719 707 666 1363 860 1212 1326 1037 1030 794 112 742
1508 0 1331 632 539 1495 1475 115 678 208 619 610 1683 408 451 566 1549 1438 1660 1155 430 1038 677 817 1151 841 1202 1674 1452 634 1551 1472 467 308 643 135 1513 605 290 1686 753 1390 1092 191 773 72 431 1273 1659 408 677 491 2503 1811 623 149 1098 1410 907 1315 1565 475 748 397 208 645 563 827 1586 1679
723 1331 0 848 830 710 281 1310 853 1150 1232 825 617 1254 932 885 354 653 875 387 931 411 816 608 383 631 153 607 667 849 766 687 949 1209 859 1221 728 775 1146 619 689 196 448 1173 709 1286 1231 263 874 1254 997 1104 1718 745 838 1206 259 142 543 47 371 1186 683 1035 1150 861 854 617 802 613
1024 632 848 0 131 1012 992 721 282 451 534 52 1200 555 234 386 1065 954 1177 672 233 555 120 265 668 288 719 1190 969 76 1068 989 250 511 86 523 1030 197 647 1202 195 907 609 474 215 587 532 790 1176 555 347 405 2020 1328 65 507 614 927 381 832 1082 487 190 536 451 88 155 274 1103 1196
1006 539 830 131 0 994 974 628 338 358 440 109 1182 462 140 442 1047 936 1159 654 139 537 176 321 650 344 701 1172 951 132 1050 970 157 417 142 429 1012 103 599 1184 251 889 590 381 271 494 439 772 1158 462 403 312 2002 1310 121 414 596 909 406 814 1063 394 246 488 358 144 62 330 1085 1177
82 1495 710 1012 994 0 564 1474 1017 1314 1396 989 734 1418 1096 1049 637 303 235 692 1095 575 980 772 688 795 581 724 174 1013 126 47 1113 1373 1023 1385 235 939 1310 736 853 616 629 1337 873 1450 1395 498 234 1418 1161 1268 1078 862 1002 1370 477 672 707 695 653 1350 847 1199 1314 1025 1018 782 161 730
576 1475 281 992 974 564 0 1454 997 1294 1376 970 369 1398 1076 1029 106 506 729 605 1075 555 960 752 601 776 371 359 521 994 620 541 1093 1353 1003 1366 582 919 1290 371 833 160 609 1317 853 1430 1375 227 728 1398 1141 1248 1572 497 982 1350 457 217 687 266 122 1330 828 1179 1294 1005 998 762 655 364
1487 115 1310 721 628 1474 1454 0 653 297 709 699 1663 497 540 476 1528 1417 1639 1135 519 1018 766 727 1131 751 1181 1653 1431 723 1531 1451 556 398 732 224 1492 694 200 1665 808 1370 1071 280 828 161 520 1252 1638 497 588 580 2482 1790 712 239 1077 1389 843 1295 1544 564 803 307 297 734 652 737 1566 1658
1030 678 853 282 338 1017 997 653 0 498 580 259 1205 601 300 228 1071 959 1182 677 279 560 250 270 673 293 724 1195 974 283 1073 994 316 557 293 569 1035 403 489 1208 200 912 614 521 220 633 578 795 1181 601 189 451 2025 1333 272 554 619 932 386 837 1087 533 195 378 497 295 362 279 1108 1201
1327 208 1150 451 358 1314 1294 297 498 0 439 429 1502 415 270 422 1368 1257 1479 974 249 857 496 642 971 665 1021 1493 1271 453 1370 1291 286 128 463 98 1332 424 400 1505 572 1210 911 50 592 163 437 1092 1478 415 513 310 2322 1630 442 83 917 1229 726 1135 1384 392 567 289 27 464 382 651 1406 1498
1409 619 1232 534 440 1396 1376 709 580 439 0 511 1585 320 352 634 1450 1339 1561 1057 331 939 578 724 1053 747 1103 1575 1353 535 1452 1373 368 498 545 510 1414 506 679 1587 654 1292 993 462 674 574 296 1174 1560 320 595 335 2404 1712 524 495 999 1311 808 1217 1466 252 649 568 438 546 464 733 1488 1580
1002 610 825 52 109 989 970 699 259 429 511 0 1178 533 211 364 1043 932 1154 650 210 533 97 243 646 266 696 1168 946 54 1046 966 228 488 64 500 1007 174 625 1180 173 885 586 452 193 565 510 767 1153 533 325 383 1997 1306 43 485 592 905 358 810 1059 465 168 514 429 65 133 252 1081 1173
911 1848 781 1364 1346 898 533 1827 1369 1667 1749 1342 0 1771 1449 1402 606 841 1063 1045 1448 928 1332 1125 1041 1148 871 69 855 1366 955 875 1465 1726 1375 1738 916 1292 1662 64 1205 661 981 1690 1225 1802 1747 728 1062 1771 1514 1620 1906 189 1355 1723 829 717 1059 766 623 1703 1200 1551 1666 1377 1370 1134 990 74
1431 408 1254 555 462 1418 1398 497 601 415 320 533 1606 0 374 656 1472 1361 1583 1078 353 961 600 745 1075 769 1125 1597 1375 557 1474 1395 390 516 566 342 1436 528 672 1609 676 1313 1015 398 696 363 51 1196 1582 29 617 357 2426 1734 546 357 1021 1333 830 1239 1488 96 671 590 415 568 486 755 1509 1602
1109 451 932 234 140 1096 1076 540 300 270 352 211 1285 374 0 354 1150 1039 1261 757 51 640 278 424 753 447 803 1275 1053 235 1153 1073 68 329 245 341 1114 206 510 1287 354 992 693 293 374 405 350 874 1260 374 315 223 2104 1412 224 326 699 1011 508 917 1166 306 349 399 269 246 164 433 1188 1280
1062 566 885 386 442 1049 1029 476 228 422 634 364 1238 656 354 0 1103 992 1214 710 333 593 431 302 706 326 756 1228 1006 388 1106 1026 371 481 397 493 1067 508 311 1240 383 945 646 445 403 557 633 827 1213 656 163 506 2057 1365 377 478 652 964 418 870 1119 588 378 200 421 399 467 312 1141 1233
650 1549 354 1065 1047 637 106 1528 1071 1368 1450 1043 442 1472 1150 1103 0 580 802 679 1149 629 1033 826 675 849 445 432 594 1067 693 614 1166 1427 1076 1439 655 993 1363 444 906 234 682 1391 926 1503 1448 301 801 1472 1215 1321 1645 570 1056 1424 530 290 760 339 52 1404 901 1252 1367 1078 1071 835 729 438
316 1438 653 954 936 303 506 1417 959 1257 1339 932 677 1361 1039 992 580 0 468 635 1038 518 922 715 631 738 524 667 260 956 359 280 1055 1316 965 1328 321 882 1252 679 795 558 571 1280 815 1392 1337 441 467 1361 1104 1210 1311 805 945 1313 419 615 649 637 596 1293 790 1141 1256 967 960 724 394 672
185 1660 875 1177 1159 235 729 1639 1182 1479 1561 1154 899 1583 1261 1214 802 468 0 857 1260 740 1145 937 854 961 746 889 339 1178 229 212 1278 1538 1188 1550 400 1104 1475 902 1018 781 794 1502 1038 1615 1560 663 337 1583 1326 1433 1181 1027 1167 1535 642 837 872 860 818 1515 1013 1364 1479 1190 1183 947 264 895
705 1155 387 672 654 692 605 1135 677 974 1057 650 881 1078 757 710 679 635 857 0 756 190 640 433 41 456 399 871 649 674 748 669 773 1034 683 1046 710 600 970 883 513 520 106 997 533 1110 1055 470 856 1078 821 928 1700 1008 662 1030 295 466 367 371 695 1010 508 859 974 685 678 442 784 876
1108 430 931 233 139 1095 1075 519 279 249 331 210 1283 353 51 333 1149 1038 1260 756 0 638 277 423 752 446 802 1274 1052 234 1151 1072 67 308 244 320 1113 205 490 1286 353 991 692 272 373 384 329 873 1259 353 294 202 2103 1411 223 305 698 1010 507 916 1165 285 348 379 249 245 163 432 1187 1279
588 1038 411 555 537 575 555 1018 560 857 939 533 763 961 640 593 629 518 740 190 638 0 523 315 186 339 282 754 532 557 631 552 656 917 566 929 593 483 853 766 396 471 126 880 416 993 938 353 739 961 704 811 1583 891 545 913 178 490 250 396 645 893 391 742 857 568 561 325 667 759
992 677 816 120 176 980 960 766 250 496 578 97 1168 600 278 431 1033 922 1145 640 277 523 0 233 636 256 687 1158 937 121 1036 957 295 555 131 568 998 241 692 1170 163 875 576 519 183 632 577 758 1144 600 392 450 1988 1296 110 552 582 895 349 800 1049 532 158 581 496 132 200 242 1071 1164
785 817 608 265 321 772 752 727 270 642 724 243 960 745 424 302 826 715 937 433 423 315 233 0 429 49 479 951 729 267 828 749 440 701 276 713 790 387 563 963 106 668 369 665 126 777 722 550 936 745 414 595 1780 1088 255 698 375 687 141 593 842 677 101 452 641 278 345 35 864 956
701 1151 383 668 650 688 601 1131 673 971 1053 646 877 1075 753 706 675 631 854 41 752 186 636 429 0 452 395 867 646 670 745 665 769 1030 679 1042 706 596 966 879 509 517 102 994 529 1106 1051 466 852 1075 818 924 1697 1005 659 1027 291 462 363 367 691 1007 504 855 970 681 674 438 780 872
808 841 631 288 344 795 776 751 293 665 747 266 984 769 447 326 849 738 961 456 446 339 256 49 452 0 503 974 753 290 852 772 463 724 299 736 814 410 586 986 129 691 392 688 149 800 745 574 959 769 437 618 1804 1112 279 721 398 711 164 616 865 701 124 475 664 301 368 58 887 979
594 1202 153 719 701 581 371 1181 724 1021 1103 696 707 1125 803 756 445 524 746 399 802 282 687 479 395 503 0 697 538 720 638 558 820 1080 730 1092 599 646 1017 710 560 286 336 1044 580 1157 1102 353 745 1125 868 975 1589 835 709 1077 130 232 414 137 461 1057 554 906 1021 732 725 489 673 703
901 1838 772 1355 1336 889 523 1817 1360 1657 1739 1332 69 1761 1439 1392 597 831 1054 1035 1438 918 1323 1115 1031 1138 862 0 846 1356 945 866 1456 1716 1366 1728 907 1282 1653 71 1196 651 972 1680 1215 1793 1737 718 1053 1761 1504 1610 1897 197 1345 1713 820 707 1049 756 613 1693 1190 1542 1657 1367 1361 1124 980 64
187 1452 667 969 951 174 521 1431 974 1271 1353 946 691 1375 1053 1006 594 260 339 649 1052 532 937 729 646 753 538 681 0 970 230 151 1070 1330 980 1342 192 896 1267 694 810 573 586 1294 830 1407 1352 455 338 1375 1118 1225 1182 819 959 1327 434 629 664 652 610 1307 804 1156 1271 982 975 739 266 687
1026 634 849 76 132 1013 994 723 283 453 535 54 1202 557 235 388 1067 956 1178 674 234 557 121 267 670 290 720 1192 970 0 1070 990 252 512 87 524 1031 198 649 1204 197 909 610 476 217 589 534 791 1177 557 349 407 2021 1330 67 509 616 929 382 834 1083 489 192 538 453 89 157 276 1105 1197
76 1551 766 1068 1050 126 620 1531 1073 1370 1452 1046 790 1474 1153 1106 693 359 229 748 1151 631 1036 828 745 852 638 781 230 1070 0 103 1169 1430 1079 1442 291 995 1366 793 909 672 685 1393 929 1506 1451 554 228 1474 1217 1324 1072 918 1058 1426 533 728 763 751 710 1406 904 1255 1370 1081 1074 838 155 786
59 1472 687 989 970 47 541 1451 994 1291 1373 966 711 1395 1073 1026 614 280 212 669 1072 552 957 749 665 772 558 701 151 990 103 0 1090 1350 1000 1362 212 916 1287 713 830 592 606 1314 850 1427 1372 475 210 1395 1138 1245 1055 839 979 1347 454 649 683 672 630 1327 824 1176 1291 1002 995 758 138 707
1125 467 949 250 157 1113 1093 556 316 286 368 228 1301 390 68 371 1166 1055 1278 773 67 656 295 440 769 463 820 1291 1070 252 1169 1090 0 345 261 357 1131 222 527 1303 371 1008 710 309 390 422 367 891 1277 390 332 240 2121 1429 240 342 715 1028 525 933 1182 322 365 416 286 263 181 449 1204 1297
1386 308 1209 511 417 1373 1353 398 557 128 498 488 1562 516 329 481 1427 1316 1538 1034 308 917 555 701 1030 724 1080 1552 1330 512 1430 1350 345 0 522 199 1391 483 459 1564 631 1269 970 151 651 263 496 1151 1537 516 572 369 2381 1690 501 184 976 1289 785 1194 1443 452 626 348 127 523 441 710 1465 1557
1036 643 859 86 142 1023 1003 732 293 463 545 64 1211 566 245 397 1076 965 1188 683 244 566 131 276 679 299 730 1201 980 87 1079 1000 261 522 0 534 1041 208 658 1214 206 918 620 486 226 598 543 801 1187 566 359 416 2031 1339 76 519 625 938 392 843 1093 498 201 547 462 99 166 285 1114 1207
1398 135 1221 523 429 1385 1366 224 569 98 510 500 1574 342 341 493 1439 1328 1550 1046 320 929 568 713 1042 736 1092 1564 1342 524 1442 1362 357 199 534 0 1403 495 399 1576 643 1281 982 81 663 89 365 1163 1549 342 584 381 2393 1702 513 40 988 1301 797 1206 1455 409 638 360 98 536 453 722 1477 1569
248 1513 728 1030 1012 235 582 1492 1035 1332 1414 1007 752 1436 1114 1067 655 321 400 710 1113 593 998 790 706 814 599 742 192 1031 291 212 1131 1391 1041 1403 0 957 1328 755 871 634 647 1355 891 1468 1413 516 399 1436 1179 1286 1243 880 1020 1388 495 690 725 713 671 1368 865 1217 1332 1043 1036 800 327 748
952 605 775 197 103 939 919 694 403 424 506 174 1128 528 206 508 993 882 1104 600 205 483 241 387 596 410 646 1118 896 198 995 916 222 483 208 495 957 0 664 1130 317 835 536 447 337 559 504 717 1103 528 469 377 1947 1255 187 480 542 854 351 760 1009 460 312 553 423 209 127 396 1031 1123
1323 290 1146 647 599 1310 1290 200 489 400 679 625 1498 672 510 311 1363 1252 1475 970 490 853 692 563 966 586 1017 1488 1267 649 1366 1287 527 459 658 399 1328 664 0 1501 643 1205 907 423 663 337 678 1088 1474 672 423 551 2318 1626 637 414 912 1225 679 1130 1380 633 638 143 400 660 623 572 1401 1494
914 1850 784 1367 1349 901 535 1829 1372 1669 1751 1344 64 1773 1451 1404 609 843 1066 1047 1450 930 1335 1127 1043 1151 874 71 858 1368 957 878 1468 1728 1378 1740 919 1294 1665 0 1208 663 984 1692 1228 1805 1750 730 1065 1773 1516 1623 1909 192 1357 1725 832 720 1062 768 625 1705 1202 1554 1669 1380 1373 1137 992 77
865 753 689 195 251 853 833 808 200 572 654 173 1041 676 354 383 906 795 1018 513 353 396 163 106 509 129 560 1031 810 197 909 830 371 631 206 643 871 317 643 1043 0 748 450 595 56 708 652 631 1017 676 345 525 1861 1169 186 628 455 768 222 673 923 608 31 532 572 208 276 115 944 1037
628 1390 196 907 889 616 160 1370 912 1210 1292 885 496 1313 992 945 234 558 781 520 991 471 875 668 517 691 286 487 573 909 672 592 1008 1269 918 1281 634 835 1205 499 748 0 524 1233 768 1345 1290 143 780 1313 1056 1163 1624 624 898 1266 372 132 602 181 250 1245 743 1094 1209 920 913 677 707 492
641 1092 448 609 590 629 609 1071 614 911 993 586 817 1015 693 646 682 571 794 106 692 126 576 369 102 392 336 807 586 610 685 606 710 970 620 982 647 536 907 819 450 524 0 934 469 1047 991 407 793 1015 758 864 1637 945 599 967 231 527 303 433 699 947 444 796 911 621 615 378 720 813
1350 191 1173 474 381 1337 1317 280 521 50 462 452 1525 398 293 445 1391 1280 1502 997 272 880 519 665 994 688 1044 1516 1294 476 1393 1314 309 151 486 81 1355 447 423 1528 595 1233 934 0 615 146 421 1115 1501 398 536 333 2345 1653 465 66 940 1252 749 1158 1407 415 590 312 50 487 405 674 1429 1521
885 773 709 215 271 873 853 828 220 592 674 193 1061 696 374 403 926 815 1038 533 373 416 183 126 529 149 580 1051 830 217 929 850 390 651 226 663 891 337 663 1063 56 768 469 615 0 727 672 651 1037 696 365 545 1881 1189 206 648 475 788 241 693 942 628 51 552 591 228 296 135 964 1056
1462 72 1286 587 494 1450 1430 161 633 163 574 565 1638 363 405 557 1503 1392 1615 1110 384 993 632 777 1106 800 1157 1628 1407 589 1506 1427 422 263 598 89 1468 559 337 1640 708 1345 1047 146 727 0 385 1228 1614 363 649 446 2458 1766 577 104 1052 1365 862 1270 1519 430 702 425 162 600 518 786 1541 1634
1407 431 1231 532 439 1395 1375 520 578 437 296 510 1583 51 350 633 1448 1337 1560 1055 329 938 577 722 1051 745 1102 1573 1352 534 1451 1372 367 496 543 365 1413 504 678 1585 652 1290 991 421 672 385 0 1173 1559 51 594 333 2403 1711 522 379 997 1310 807 1215 1464 72 647 567 437 545 463 731 1486 1578
511 1273 263 790 772 498 227 1252 795 1092 1174 767 563 1196 874 827 301 441 663 470 873 353 758 550 466 574 353 554 455 791 554 475 891 1151 801 1163 516 717 1088 566 631 143 407 1115 651 1228 1173 0 662 1196 939 1046 1506 691 780 1148 255 199 485 248 317 1128 625 977 1092 803 796 560 590 559
184 1659 874 1176 1158 234 728 1638 1181 1478 1560 1153 898 1582 1260 1213 801 467 337 856 1259 739 1144 936 852 959 745 888 338 1177 228 210 1277 1537 1187 1549 399 1103 1474 900 1017 780 793 1501 1037 1614 1559 662 0 1582 1325 1432 1035 1026 1166 1534 641 836 871 859 817 1514 1011 1363 1478 1189 1182 946 118 894
1431 408 1254 555 462 1418 1398 497 601 415 320 533 1606 29 374 656 1472 1361 1583 1078 353 961 600 745 1075 769 1125 1597 1375 557 1474 1395 390 516 566 342 1436 528 672 1609 676 1313 1015 398 696 363 51 1196 1582 0 617 357 2426 1734 546 357 1021 1333 830 1239 1488 96 671 590 415 568 486 755 1509 1602
1174 677 997 347 403 1161 1141 588 189 513 595 325 1349 617 315 163 1215 1104 1326 821 294 704 392 414 818 437 868 1340 1118 349 1217 1138 332 572 359 584 1179 469 423 1352 345 1056 758 536 365 649 594 939 1325 617 0 467 2169 1477 338 569 764 1076 530 982 1231 549 340 312 513 360 428 423 1252 1345
1280 491 1104 405 312 1268 1248 580 451 310 335 383 1456 357 223 506 1321 1210 1433 928 202 811 450 595 924 618 975 1446 1225 407 1324 1245 240 369 416 381 1286 377 551 1458 525 1163 864 333 545 446 333 1046 1432 357 467 0 2276 1584 395 366 870 1183 680 1088 1337 289 520 440 310 418 336 604 1359 1451
1028 2503 1718 2020 2002 1078 1572 2482 2025 2322 2404 1997 1742 2426 2104 2057 1645 1311 1181 1700 2103 1583 1988 1780 1697 1804 1589 1732 1182 2021 1072 1055 2121 2381 2031 2393 1243 1947 2318 1745 1861 1624 1637 2345 1881 2458 2403 1506 1035 2426 2169 2276 0 1870 2010 2378 1485 1680 1715 1703 1661 2358 1855 2207 2322 2033 2026 1790 962 1738
1039 1975 909 1492 1474 1026 661 1955 1497 1795 1877 1470 189 1899 1577 1530 734 969 1191 1173 1576 1056 1460 1253 1169 1276 999 197 983 1494 1083 1003 1593 1854 1503 1866 1044 1420 1790 192 1333 789 1109 1818 1353 1930 1875 856 1190 1899 1642 1748 2034 0 1483 1851 957 845 1187 894 750 1831 1328 1679 1794 1505 1498 1262 1118 202
1015 623 838 65 121 1002 982 712 272 442 524 43 1190 546 224 377 1056 945 1167 662 223 545 110 255 659 279 709 1181 959 67 1058 979 240 501 76 513 1020 187 637 1193 186 898 599 465 206 577 522 780 1166 546 338 395 2010 1318 0 498 605 917 371 823 1072 478 180 526 441 78 145 265 1094 1186
1383 149 1206 507 414 1370 1350 239 554 83 495 485 1558 357 326 478 1424 1313 1535 1030 305 913 552 698 1027 721 1077 1549 1327 509 1426 1347 342 184 519 40 1388 480 414 1561 628 1266 967 66 648 104 379 1148 1534 357 569 366 2378 1686 498 0 973 1285 782 1191 1440 424 623 345 83 520 438 707 1462 1554
490 1098 259 614 596 477 457 1077 619 917 999 592 665 1021 699 652 530 419 642 295 698 178 582 375 291 398 130 655 434 616 533 454 715 976 625 988 495 542 912 668 455 372 231 940 475 1052 997 255 641 1021 764 870 1485 793 605 973 0 338 309 243 547 953 450 801 916 627 620 384 568 661
685 1410 142 927 909 672 217 1389 932 1229 1311 905 553 1333 1011 964 290 615 837 466 1010 490 895 687 462 711 232 543 629 929 728 649 1028 1289 938 1301 690 854 1225 555 768 132 527 1252 788 1365 1310 199 836 1333 1076 1183 1680 681 917 1285 338 0 622 126 307 1265 763 1114 1229 940 933 697 763 548
719 907 543 381 406 707 687 843 386 726 808 358 895 830 508 418 760 649 872 367 507 250 349 141 363 164 414 885 664 382 763 683 525 785 392 797 725 351 679 897 222 602 303 749 241 862 807 485 871 830 530 680 1715 1023 371 782 309 622 0 527 776 762 216 568 726 393 430 150 798 890
707 1315 47 832 814 695 266 1295 837 1135 1217 810 602 1239 917 870 339 637 860 371 916 396 800 593 367 616 137 592 652 834 751 672 933 1194 843 1206 713 760 1130 604 673 181 433 1158 693 1270 1215 248 859 1239 982 1088 1703 729 823 1191 243 126 527 0 355 1171 668 1019 1134 845 838 602 786 597
666 1565 371 1082 1063 653 122 1544 1087 1384 1466 1059 458 1488 1166 1119 52 596 818 695 1165 645 1049 842 691 865 461 449 610 1083 710 630 1182 1443 1093 1455 671 1009 1380 461 923 250 699 1407 942 1519 1464 317 817 1488 1231 1337 1661 586 1072 1440 547 307 776 355 0 1420 917 1269 1384 1094 1088 851 745 454
1363 475 1186 487 394 1350 1330 564 533 392 252 465 1538 96 306 588 1404 1293 1515 1010 285 893 532 677 1007 701 1057 1529 1307 489 1406 1327 322 452 498 409 1368 460 633 1541 608 1245 947 415 628 430 72 1128 1514 96 549 289 2358 1666 478 424 953 1265 762 1171 1420 0 603 522 392 500 418 687 1441 1534
860 748 683 190 246 847 828 803 195 567 649 168 1036 671 349 378 901 790 1013 508 348 391 158 101 504 124 554 1026 804 192 904 824 365 626 201 638 865 312 638 1038 31 743 444 590 51 702 647 625 1011 671 340 520 1855 1164 180 623 450 763 216 668 917 603 0 527 566 203 270 110 939 1031
1212 397 1035 536 488 1199 1179 307 378 289 568 514 1387 590 399 200 1252 1141 1364 859 379 742 581 452 855 475 906 1377 1156 538 1255 1176 416 348 547 360 1217 553 143 1390 532 1094 796 312 552 425 567 977 1363 590 312 440 2207 1515 526 345 801 1114 568 1019 1269 522 527 0 289 549 512 461 1290 1383
1326 208 1150 451 358 1314 1294 297 497 27 438 429 1502 415 269 421 1367 1256 1479 974 249 857 496 641 970 664 1021 1492 1271 453 1370 1291 286 127 462 98 1332 423 400 1504 572 1209 911 50 591 162 437 1092 1478 415 513 310 2322 1630 441 83 916 1229 726 1134 1384 392 566 289 0 464 382 650 1405 1498
1037 645 861 88 144 1025 1005 734 295 464 546 65 1213 568 246 399 1078 967 1190 685 245 568 132 278 681 301 732 1203 982 89 1081 1002 263 523 99 536 1043 209 660 1215 208 920 621 487 228 600 545 803 1189 568 360 418 2033 1341 78 520 627 940 393 845 1094 500 203 549 464 0 168 287 1116 1208
1030 563 854 155 62 1018 998 652 362 382 464 133 1206 486 164 467 1071 960 1183 678 163 561 200 345 674 368 725 1196 975 157 1074 995 181 441 166 453 1036 127 623 1208 276 913 615 405 296 518 463 796 1182 486 428 336 2026 1334 145 438 620 933 430 838 1088 418 270 512 382 168 0 354 1109 1202
794 827 617 274 330 782 762 737 279 651 733 252 970 755 433 312 835 724 947 442 432 325 242 35 438 58 489 960 739 276 838 758 449 710 285 722 800 396 572 972 115 677 378 674 135 786 731 560 946 755 423 604 1790 1098 265 707 384 697 150 602 851 687 110 461 650 287 354 0 873 965
112 1586 802 1103 1085 161 655 1566 1108 1406 1488 1081 825 1509 1188 1141 729 394 264 784 1187 667 1071 864 780 887 673 816 266 1105 155 138 1204 1465 1114 1477 327 1031 1401 828 944 707 720 1429 964 1541 1486 590 118 1509 1252 1359 962 953 1094 1462 568 763 798 786 745 1441 939 1290 1405 1116 1109 873 0 821
907 1843 777 1360 1342 894 529 1822 1365 1662 1744 1338 74 1766 1444 1397 602 837 1059 1040 1443 923 1328 1120 1037 1144 867 64 851 1362 950 871 1461 1722 1371 1734 912 1287 1658 77 1201 656 977 1685 1221 1798 1743 723 1058 1766 1509 1616 1902 202 1350 1718 825 713 1055 761 618 1698 1196 1547 1662 1373 1366 1130 985 0
EOF
