NAME : tsp_problem
TYPE : TSP
DIMENSION : 68
EDGE_WEIGHT_TYPE : EXPLICIT
EDGE_WEIGHT_FORMAT : FULL_MATRIX
EDGE_WEIGHT_SECTION
0 710 530 250 1173 1172 219 524 1701 320 219 523 761 1246 955 943 908 940 855 557 1239 468 1253 246 1185 512 563 319 592 669 1357 1151 535 573 545 260 667 834 112 1007 1113 505 1031 798 874 703 1301 643 537 476 256 835 928 583 312 615 488 229 758 448 633 958 1019 586 885 886 1246 873
710 0 847 790 488 487 759 841 1307 500 759 703 143 702 271 398 290 321 170 874 661 495 675 786 607 381 880 859 618 1023 813 466 1038 928 413 800 535 216 658 388 569 737 412 116 366 690 723 998 406 774 797 150 310 900 492 970 356 769 626 988 659 339 400 612 753 267 701 254
530 847 0 610 1310 1309 579 50 1838 369 579 224 898 1383 1092 1080 1045 1077 992 55 1376 454 1390 607 1322 649 61 679 329 460 1494 1288 896 365 682 620 576 971 479 1144 1250 131 1168 935 1011 431 1438 434 674 101 617 972 1065 81 377 406 625 589 512 808 360 1095 1156 335 639 1023 1383 1010
250 790 610 0 1253 1252 156 604 1781 400 156 603 841 1326 1036 1023 988 1020 935 637 1319 549 1333 183 1266 593 643 256 672 749 1437 1231 325 653 625 49 747 915 198 1087 1194 586 1111 878 954 783 1381 723 617 556 193 915 1009 663 392 695 568 166 838 237 713 1038 1099 666 965 966 1326 953
1173 488 1310 1253 0 109 1222 1304 1449 963 1222 1166 589 486 242 404 512 408 339 1337 283 958 297 1249 229 844 1343 1322 1081 1486 598 88 1501 1391 876 1263 998 514 1121 434 231 1200 439 402 473 1153 345 1461 868 1237 1260 359 417 1363 955 1433 819 1232 1089 1451 1122 464 446 1075 1216 600 486 547
1172 487 1309 1252 109 0 1221 1303 1367 962 1221 1165 579 404 241 321 430 407 339 1336 200 957 214 1249 147 843 1342 1321 1080 1485 515 71 1500 1390 875 1262 997 513 1120 351 149 1200 376 401 391 1152 262 1460 868 1236 1259 358 416 1362 955 1432 819 1231 1088 1450 1121 381 363 1074 1215 518 404 465
219 759 579 156 1222 1221 0 573 1750 369 125 571 810 1295 1004 992 957 989 903 606 1288 517 1302 102 1234 561 612 129 641 718 1406 1200 441 622 593 165 716 883 167 1055 1162 554 1080 847 923 752 1350 692 586 525 94 884 977 632 361 664 537 120 807 353 682 1007 1068 634 933 934 1295 921
524 841 50 604 1304 1303 573 0 1832 363 573 218 892 1377 1086 1074 1039 1071 986 61 1370 448 1384 601 1316 643 67 673 323 454 1488 1282 890 359 676 614 570 965 473 1138 1244 125 1162 929 1005 425 1432 428 668 95 611 966 1059 87 371 400 619 583 506 802 354 1089 1150 329 633 1017 1377 1004
1701 1307 1838 1781 1449 1367 1750 1832 0 1491 1750 1694 1226 1373 1432 1070 1111 1337 1451 1865 1367 1485 1381 1777 1313 1372 1870 1850 1609 2014 1485 1388 2029 1919 1404 1791 1526 1239 1649 1209 1241 1728 1234 1395 1001 1681 1429 1988 1396 1765 1787 1432 1333 1890 1483 1960 1347 1760 1617 1978 1650 1161 1221 1603 1744 1165 1373 1112
320 500 369 400 963 962 369 363 1491 0 369 225 552 1036 746 733 699 730 645 396 1030 259 1043 397 976 303 401 469 329 633 1148 941 648 538 335 410 457 625 268 797 904 259 822 588 664 431 1091 608 327 296 407 625 719 421 46 580 278 379 512 598 361 748 809 335 639 676 1036 663
219 759 579 156 1222 1221 125 573 1750 369 0 572 810 1295 1005 992 957 989 904 606 1288 518 1302 104 1235 562 612 130 641 718 1406 1200 441 622 594 166 716 884 167 1056 1163 555 1080 847 923 752 1350 692 586 525 95 884 978 632 361 664 537 121 807 354 682 1007 1068 635 934 935 1295 922
523 703 224 603 1166 1165 571 218 1694 225 572 0 754 1239 948 936 901 933 847 251 1232 253 1246 599 1178 505 257 671 128 528 1350 1144 850 433 503 612 375 827 471 999 1106 115 1024 791 867 230 1294 503 510 151 609 828 921 277 233 475 481 582 311 800 159 951 1012 134 438 879 1239 866
761 143 898 841 589 579 810 892 1226 552 810 754 0 585 371 282 173 205 287 925 579 546 592 838 525 432 931 910 669 1074 697 567 1089 979 464 851 586 100 710 272 453 789 296 230 250 741 640 1049 457 825 848 268 193 951 544 1021 408 820 677 1039 710 223 284 663 804 151 585 138
1246 702 1383 1326 486 404 1295 1377 1373 1036 1295 1239 585 0 580 328 436 486 649 1410 404 1030 418 1322 350 917 1416 1395 1154 1559 299 425 1574 1464 949 1336 1071 591 1194 358 278 1273 382 712 397 1226 466 1534 941 1310 1332 669 494 1436 1028 1506 892 1305 1162 1524 1195 388 370 1148 1289 525 188 471
955 271 1092 1036 242 241 1004 1086 1432 746 1005 948 371 580 0 386 345 191 122 1119 415 740 429 1032 361 626 1125 1104 863 1269 692 220 1283 1173 658 1045 781 296 904 247 363 983 222 185 456 936 477 1243 651 1019 1042 142 199 1145 738 1215 602 1015 872 1233 904 296 234 857 999 434 580 380
943 398 1080 1023 404 321 992 1074 1070 733 992 936 282 328 386 0 167 291 455 1107 321 727 335 1019 267 614 1112 1092 851 1256 439 342 1271 1161 646 1033 768 295 891 163 195 970 188 486 94 923 383 1230 638 1007 1029 474 300 1132 725 1202 589 1002 859 1220 892 193 176 845 986 221 328 168
908 290 1045 988 512 430 957 1039 1111 699 957 901 173 436 345 167 0 250 413 1072 430 693 444 985 376 579 1078 1057 816 1221 548 451 1236 1126 611 998 733 186 856 122 304 936 146 377 134 888 492 1196 604 972 995 414 258 1098 691 1168 555 967 824 1186 857 108 134 810 951 112 436 59
940 321 1077 1020 408 407 989 1071 1337 730 989 933 205 486 191 291 250 0 259 1104 479 724 493 1016 425 611 1109 1089 848 1253 597 386 1268 1157 643 1029 765 130 888 152 353 967 127 322 361 920 541 1227 635 1004 1026 279 54 1129 722 1199 586 999 856 1217 889 201 139 841 983 269 485 256
855 170 992 935 339 339 903 986 1451 645 904 847 287 649 122 455 413 259 0 1018 512 639 526 931 458 525 1024 1003 762 1168 760 317 1182 1072 558 944 680 360 803 316 460 882 290 84 511 835 574 1142 550 918 941 98 268 1044 637 1114 501 914 771 1132 804 364 302 756 898 412 649 399
557 874 55 637 1337 1336 606 61 1865 396 606 251 925 1410 1119 1107 1072 1104 1018 0 1403 480 1417 633 1349 676 33 706 355 487 1521 1315 923 391 708 647 603 998 505 1170 1277 158 1195 962 1038 458 1465 461 701 128 644 999 1092 53 404 433 652 616 539 835 387 1122 1183 361 665 1050 1410 1037
1239 661 1376 1319 283 200 1288 1370 1367 1030 1288 1232 579 404 415 321 430 479 512 1403 0 1024 36 1316 76 910 1409 1388 1147 1553 437 221 1567 1457 942 1329 1065 584 1188 351 149 1267 375 575 390 1220 171 1527 935 1303 1326 532 487 1429 1022 1499 886 1298 1155 1517 1188 381 363 1141 1282 518 404 464
468 495 454 549 958 957 517 448 1485 259 518 253 546 1030 740 727 693 724 639 480 1024 0 1038 545 970 297 486 617 150 758 1142 935 796 662 329 558 407 619 417 791 898 344 816 582 658 262 1086 732 322 380 555 620 713 506 251 704 272 528 343 746 191 742 803 144 469 670 1030 657
1253 675 1390 1333 297 214 1302 1384 1381 1043 1302 1246 592 418 429 335 444 493 526 1417 36 1038 0 1330 90 924 1423 1402 1161 1566 451 235 1581 1471 956 1343 1078 598 1201 365 162 1281 389 588 404 1233 185 1541 949 1317 1340 545 501 1443 1035 1513 899 1312 1169 1531 1202 395 377 1155 1296 532 418 478
246 786 607 183 1249 1249 102 601 1777 397 104 599 838 1322 1032 1019 985 1016 931 633 1316 545 1330 0 1262 589 639 101 668 745 1434 1227 469 650 621 193 743 911 195 1083 1190 582 1108 874 950 780 1378 719 613 552 66 911 1005 659 389 691 564 92 834 381 709 1034 1095 662 961 962 1322 949
1185 607 1322 1266 229 147 1234 1316 1313 976 1235 1178 525 350 361 267 376 425 458 1349 76 970 90 1262 0 856 1355 1334 1093 1499 404 167 1513 1403 888 1275 1011 531 1134 297 95 1213 322 521 337 1166 138 1473 881 1249 1272 478 433 1375 968 1445 832 1245 1102 1463 1134 327 309 1087 1229 464 350 411
512 381 649 593 844 843 561 643 1372 303 562 505 432 917 626 614 579 611 525 676 910 297 924 589 856 0 682 661 420 826 1028 822 840 730 61 602 183 505 461 677 784 540 702 469 545 338 972 800 53 576 599 506 599 702 295 772 81 572 274 790 400 629 690 414 401 557 917 544
563 880 61 643 1343 1342 612 67 1870 401 612 257 931 1416 1125 1112 1078 1109 1024 33 1409 486 1423 639 1355 682 0 712 361 493 1527 1320 928 397 714 652 608 1004 511 1176 1283 164 1201 967 1043 463 1471 467 707 134 649 1005 1098 42 410 439 657 622 544 840 393 1127 1188 367 671 1055 1415 1042
319 859 679 256 1322 1321 129 673 1850 469 130 671 910 1395 1104 1092 1057 1089 1003 706 1388 617 1402 101 1334 661 712 0 741 818 1506 1300 541 722 693 265 816 983 267 1155 1262 654 1180 947 1023 852 1450 792 686 625 93 984 1077 732 461 764 637 118 907 453 782 1107 1168 734 1034 1035 1395 1021
592 618 329 672 1081 1080 641 323 1609 329 641 128 669 1154 863 851 816 848 762 355 1147 150 1161 668 1093 420 361 741 0 633 1265 1059 920 537 410 681 281 742 540 914 1021 219 939 706 782 137 1209 607 417 255 678 743 836 381 337 579 396 651 217 869 66 866 927 40 344 794 1154 781
833 1188 624 913 1651 1650 882 618 2178 798 882 693 1239 1724 1433 1420 1386 1417 1332 651 1717 922 1731 909 1663 990 657 982 797 0 1835 1628 1199 114 1022 923 1044 1312 781 1484 1591 600 1509 1276 1351 899 1779 95 1015 570 920 1313 1406 677 790 129 966 892 980 1111 829 1435 1496 803 1107 1363 1723 1350
1357 813 1494 1437 598 515 1406 1488 1485 1148 1406 1350 697 299 692 439 548 597 760 1521 437 1142 451 1434 404 1028 1527 1506 1265 1671 0 536 1685 1575 1060 1447 1183 702 1306 469 389 1385 493 823 508 1338 289 1645 1053 1421 1444 780 605 1547 1140 1617 1004 1416 1273 1635 1306 499 481 1259 1400 636 135 582
1151 466 1288 1231 88 71 1200 1282 1388 941 1200 1144 567 425 220 342 451 386 317 1315 221 935 235 1227 167 822 1320 1300 1059 1464 536 0 1479 1368 854 1240 976 492 1099 372 170 1178 397 380 411 1131 283 1438 846 1215 1237 337 394 1340 933 1410 797 1210 1067 1428 1100 402 384 1052 1194 539 425 485
535 1038 896 325 1501 1500 441 890 2029 648 441 850 1089 1574 1283 1271 1236 1268 1182 923 1567 796 1581 469 1513 840 928 541 920 1034 1685 1479 0 939 872 334 995 1162 484 1334 1441 871 1359 1126 1202 1031 1629 1009 865 841 479 1163 1256 948 640 981 816 451 1086 316 961 1286 1347 913 1212 1213 1574 1200
737 1092 529 818 1555 1554 786 523 2083 702 787 597 1143 1628 1337 1325 1290 1322 1237 556 1621 827 1635 814 1568 894 561 886 701 114 1739 1533 1103 0 927 827 949 1217 686 1389 1495 504 1413 1180 1256 804 1683 88 919 474 824 1217 1310 581 694 105 870 797 885 1015 733 1340 1401 707 1012 1268 1628 1255
545 413 682 625 876 875 593 676 1404 335 594 503 464 949 658 646 611 643 558 708 942 329 956 621 888 61 714 693 410 858 1060 854 872 762 0 634 151 537 493 710 816 572 734 501 577 306 1004 832 57 608 631 538 631 734 327 804 85 604 242 822 368 661 722 416 369 589 949 576
260 800 620 49 1263 1262 165 614 1791 410 166 612 851 1336 1045 1033 998 1029 944 647 1329 558 1343 193 1275 602 652 265 681 758 1447 1240 334 663 634 0 757 924 208 1096 1203 595 1121 888 963 793 1391 733 627 565 203 925 1018 672 402 705 578 176 847 246 723 1048 1109 675 974 975 1336 962
667 535 576 747 998 997 716 570 1526 457 716 375 586 1071 781 768 733 765 680 603 1065 407 1078 743 1011 183 608 816 281 880 1183 976 995 784 151 757 0 660 615 832 939 466 856 623 699 178 1126 854 159 503 753 660 754 628 449 826 207 726 114 944 240 783 844 287 241 711 1071 698
834 216 971 915 514 513 883 965 1239 625 884 827 100 591 296 295 186 130 360 998 584 619 598 911 531 505 1004 983 742 1148 702 492 1162 1052 537 924 660 0 783 258 459 862 232 304 263 815 646 1122 530 898 921 341 118 1024 617 1094 481 894 751 1112 783 236 245 736 878 164 591 151
112 658 479 198 1121 1120 167 473 1649 268 167 471 710 1194 904 891 856 888 803 505 1188 417 1201 195 1134 461 511 267 540 617 1306 1099 484 521 493 208 615 783 0 955 1062 454 979 746 822 652 1249 591 485 424 205 783 877 531 260 563 436 177 706 396 581 906 967 534 833 834 1194 821
1007 388 1144 1087 434 351 1055 1138 1209 797 1056 999 272 358 247 163 122 152 316 1170 351 791 365 1083 297 677 1176 1155 914 1320 469 372 1334 1224 710 1096 832 258 955 0 225 1034 59 378 233 987 413 1294 702 1070 1093 335 161 1196 789 1266 653 1066 923 1284 956 73 55 908 1050 211 358 157
1113 569 1250 1194 231 149 1162 1244 1241 904 1163 1106 453 278 363 195 304 353 460 1277 149 898 162 1190 95 784 1283 1262 1021 1427 389 170 1441 1331 816 1203 939 459 1062 225 0 1141 250 523 265 1094 211 1401 809 1177 1200 480 361 1303 896 1373 760 1173 1030 1391 1062 255 237 1015 1157 392 278 339
505 737 131 586 1200 1200 554 125 1728 259 555 115 789 1273 983 970 936 967 882 158 1267 344 1281 582 1213 540 164 654 219 435 1385 1178 871 340 572 595 466 862 454 1034 1141 0 1059 825 901 321 1329 410 564 58 592 862 956 184 268 382 515 565 402 783 251 985 1046 225 529 913 1273 900
1031 412 1168 1111 439 376 1080 1162 1234 822 1080 1024 296 382 222 188 146 127 290 1195 375 816 389 1108 322 702 1201 1180 939 1344 493 397 1359 1249 734 1121 856 232 979 59 250 1059 0 353 257 1011 437 1319 727 1095 1118 310 135 1221 814 1291 678 1090 947 1309 980 98 46 933 1074 235 382 182
798 116 935 878 402 401 847 929 1395 588 847 791 230 712 185 486 377 322 84 962 575 582 588 874 521 469 967 947 706 1111 823 380 1126 1016 501 888 623 304 746 378 523 825 353 0 454 778 636 1086 493 862 884 64 330 988 580 1058 444 857 714 1076 747 427 365 700 841 355 712 342
874 366 1011 954 473 391 923 1005 1001 664 923 867 250 397 456 94 134 361 511 1038 390 658 404 950 337 545 1043 1023 782 1187 508 411 1202 1092 577 963 699 263 822 233 265 901 257 454 0 854 452 1161 569 938 960 491 356 1063 656 1133 520 933 790 1151 823 184 245 775 917 189 397 135
703 690 431 783 1153 1152 752 425 1681 431 752 230 741 1226 936 923 888 920 835 458 1220 262 1233 780 1166 338 463 852 137 735 1338 1131 1031 639 306 793 178 815 652 987 1094 321 1011 778 854 0 1281 709 314 358 790 815 909 483 440 681 362 762 114 981 95 938 999 143 241 866 1226 853
1301 723 1438 1381 345 262 1350 1432 1429 1091 1350 1294 640 466 477 383 492 541 574 1465 171 1086 185 1378 138 972 1471 1450 1209 1614 289 283 1629 1519 1004 1391 1126 646 1249 413 211 1329 437 636 452 1281 0 1589 997 1365 1388 593 549 1491 1084 1561 948 1360 1217 1579 1250 443 425 1203 1344 580 400 526
807 1162 599 888 1625 1624 856 593 2153 772 857 667 1213 1698 1407 1395 1360 1392 1307 626 1691 896 1705 884 1637 964 631 956 771 95 1809 1603 1173 88 996 897 1019 1286 756 1459 1565 574 1483 1250 1326 874 1753 0 989 544 894 1287 1380 651 764 104 940 867 955 1085 803 1410 1471 777 1081 1338 1698 1325
537 406 674 617 868 868 586 668 1396 327 586 510 457 941 651 638 604 635 550 701 935 322 949 613 881 53 707 686 417 850 1053 846 865 755 57 627 159 530 485 702 809 564 727 493 569 314 997 825 0 601 624 531 624 727 319 797 77 596 250 815 375 653 714 423 377 581 941 568
476 774 101 556 1237 1236 525 95 1765 296 525 151 825 1310 1019 1007 972 1004 918 128 1303 380 1317 552 1249 576 134 625 255 406 1421 1215 841 310 608 565 503 898 424 1070 1177 58 1095 862 938 358 1365 380 601 0 562 899 992 154 304 352 552 535 439 753 287 1022 1083 261 565 950 1310 936
256 797 617 193 1260 1259 94 611 1787 407 95 609 848 1332 1042 1029 995 1026 941 644 1326 555 1340 66 1272 599 649 93 678 755 1444 1237 479 660 631 203 753 921 205 1093 1200 592 1118 884 960 790 1388 730 624 562 0 922 1015 669 399 702 574 83 844 391 719 1044 1105 672 971 972 1332 959
835 150 972 915 359 358 884 966 1432 625 884 828 268 669 142 474 414 279 98 999 532 620 545 911 478 506 1005 984 743 1148 780 337 1163 1053 538 925 660 341 783 335 480 862 310 64 491 815 593 1123 531 899 922 0 287 1025 617 1095 481 894 751 1113 784 384 322 737 878 392 669 379
928 310 1065 1009 417 416 977 1059 1333 719 978 921 193 494 199 300 258 54 268 1092 487 713 501 1005 433 599 1098 1077 836 1242 605 394 1256 1146 631 1018 754 118 877 161 361 956 135 330 356 909 549 1216 624 992 1015 287 0 1118 711 1188 575 987 845 1206 877 209 147 830 971 257 494 244
583 900 81 663 1363 1362 632 87 1890 421 632 277 951 1436 1145 1132 1098 1129 1044 53 1429 506 1443 659 1375 702 42 732 381 513 1547 1340 948 417 734 672 628 1024 531 1196 1303 184 1221 988 1063 483 1491 487 727 154 669 1025 1118 0 430 459 678 642 564 860 413 1147 1208 387 691 1075 1435 1062
312 492 377 392 955 955 361 371 1483 46 361 233 544 1028 738 725 691 722 637 404 1022 251 1035 389 968 295 410 461 337 625 1140 933 640 530 327 402 449 617 260 789 896 268 814 580 656 440 1084 600 319 304 399 617 711 430 0 572 270 371 521 590 369 740 801 343 647 668 1028 655
779 1134 571 860 1597 1596 828 565 2125 744 829 639 1185 1670 1379 1367 1332 1364 1279 598 1663 868 1677 856 1609 936 603 928 743 129 1781 1575 1145 105 968 869 990 1258 728 1430 1537 546 1455 1222 1298 846 1725 104 961 516 866 1259 1352 623 736 0 912 838 926 1057 775 1382 1443 749 1053 1310 1670 1297
488 356 625 568 819 819 537 619 1347 278 537 481 408 892 602 589 555 586 501 652 886 272 899 564 832 81 657 637 396 801 1004 797 816 706 85 578 207 481 436 653 760 515 678 444 520 362 948 776 77 552 574 481 575 678 270 748 0 547 298 766 424 604 665 390 425 532 892 519
229 769 589 166 1232 1231 120 583 1760 379 121 582 820 1305 1015 1002 967 999 914 616 1298 528 1312 92 1245 572 622 118 651 728 1416 1210 451 632 604 176 726 894 177 1066 1173 565 1090 857 933 762 1360 702 596 535 83 894 987 642 371 674 547 0 817 363 692 1017 1078 645 944 945 1305 932
758 626 512 838 1089 1088 807 506 1617 512 807 311 677 1162 872 859 824 856 771 539 1155 343 1169 834 1102 274 544 907 217 816 1273 1067 1086 720 242 847 114 751 706 923 1030 402 947 714 790 114 1217 790 250 439 844 751 845 564 521 762 298 817 0 1035 176 874 935 223 151 802 1162 789
448 988 808 237 1451 1450 353 802 1978 598 354 800 1039 1524 1233 1220 1186 1217 1132 835 1517 746 1531 381 1463 790 840 453 869 946 1635 1428 316 851 822 246 944 1112 396 1284 1391 783 1309 1076 1151 981 1579 921 815 753 391 1113 1206 860 590 893 766 363 1035 0 910 1235 1296 863 1162 1163 1523 1150
633 659 360 713 1122 1121 682 354 1650 361 682 159 710 1195 904 892 857 889 804 387 1188 191 1202 709 1134 400 393 782 66 665 1306 1100 961 569 368 723 240 783 581 956 1062 251 980 747 823 95 1250 639 375 287 719 784 877 413 369 611 424 692 176 910 0 907 968 72 303 835 1195 822
958 339 1095 1038 464 381 1007 1089 1161 748 1007 951 223 388 296 193 108 201 364 1122 381 742 395 1034 327 629 1127 1107 866 1271 499 402 1286 1176 661 1048 783 236 906 73 255 985 98 427 184 938 443 1246 653 1022 1044 384 209 1147 740 1217 604 1017 874 1235 907 0 85 860 1001 162 388 109
1019 400 1156 1099 446 363 1068 1150 1221 809 1068 1012 284 370 234 176 134 139 302 1183 363 803 377 1095 309 690 1188 1168 927 1332 481 384 1347 1237 722 1109 844 245 967 55 237 1046 46 365 245 999 425 1306 714 1083 1105 322 147 1208 801 1278 665 1078 935 1296 968 85 0 921 1062 223 370 170
586 612 335 666 1075 1074 634 329 1603 335 635 134 663 1148 857 845 810 841 756 361 1141 144 1155 662 1087 414 367 734 40 639 1259 1052 913 543 416 675 287 736 534 908 1015 225 933 700 775 143 1203 613 423 261 672 737 830 387 343 585 390 645 223 863 72 860 921 0 350 787 1148 774
885 753 639 965 1216 1215 933 633 1744 639 934 438 804 1289 999 986 951 983 898 665 1282 469 1296 961 1229 401 671 1034 344 943 1400 1194 1212 847 369 974 241 878 833 1050 1157 529 1074 841 917 241 1344 917 377 565 971 878 971 691 647 889 425 944 151 1162 303 1001 1062 350 0 929 1289 916
886 267 1023 966 600 518 934 1017 1165 676 935 879 151 525 434 221 112 269 412 1050 518 670 532 962 464 557 1055 1035 794 1199 636 539 1213 1103 589 975 711 164 834 211 392 913 235 355 189 866 580 1173 581 950 972 392 257 1075 668 1145 532 945 802 1163 835 162 223 787 929 0 524 77
1246 701 1383 1326 486 404 1295 1377 1373 1036 1295 1239 585 188 580 328 436 485 649 1410 404 1030 418 1322 350 917 1415 1395 1154 1559 135 425 1574 1464 949 1336 1071 591 1194 358 278 1273 382 712 397 1226 400 1533 941 1310 1332 669 494 1435 1028 1505 892 1305 1162 1523 1195 388 370 1148 1289 524 0 471
873 254 1010 953 547 465 921 1004 1112 663 922 866 138 471 380 168 59 256 399 1037 464 657 478 949 411 544 1042 1021 781 1186 582 485 1200 1090 576 962 698 151 821 157 339 900 182 342 135 853 526 1160 568 936 959 379 244 1062 655 1132 519 932 789 1150 822 109 170 774 916 77 471 0
EOF