NAME : tsp_problem
TYPE : TSP
DIMENSION : 38
EDGE_WEIGHT_TYPE : EXPLICIT
EDGE_WEIGHT_FORMAT : FULL_MATRIX
EDGE_WEIGHT_SECTION
0 662 672 645 713 796 424 874 97 832 765 259 235 1223 856 540 172 199 1307 558 327 1154 803 396 238 389 821 747 851 458 904 573 167 786 815 416 1175 953
662 0 1082 1055 149 232 348 311 591 755 202 854 830 690 293 621 767 795 668 968 563 621 164 991 833 984 257 183 287 694 264 112 762 710 176 340 642 336
836 1246 0 185 1297 1380 1008 1458 765 1161 1350 1028 1004 1807 1441 852 942 969 1891 179 837 1738 1387 1165 1008 1158 1405 1331 1435 735 1488 1157 937 1115 1399 1000 1759 1537
809 1219 185 0 1270 1353 981 1431 738 1134 1323 1001 977 1780 1414 825 915 942 1864 152 810 1711 1360 1138 981 1131 1378 1304 1408 708 1461 1130 910 1088 1372 973 1732 1510
713 149 1133 1106 0 134 399 212 642 807 103 905 881 635 194 673 818 846 794 1019 614 566 291 1042 884 1035 159 84 188 745 391 163 813 761 303 391 586 291
796 232 1216 1189 134 0 482 217 725 890 108 988 964 606 199 756 902 929 685 1102 697 537 351 1125 967 1118 164 90 193 828 282 246 897 844 343 474 558 181
424 348 844 817 399 482 0 560 353 436 451 616 592 909 542 383 529 557 992 730 325 840 489 753 595 746 507 433 536 456 589 259 524 390 501 56 860 639
874 311 1294 1267 212 217 560 0 803 968 186 1066 1042 447 76 834 980 1007 682 1180 775 379 396 1203 1046 1196 77 168 70 906 327 324 975 922 388 552 399 226
97 591 601 574 642 725 353 803 0 761 694 290 265 1152 786 469 203 230 1236 487 256 1083 732 427 269 420 750 676 780 387 833 502 198 715 744 345 1104 882
832 755 996 969 807 890 436 968 761 0 859 1024 1000 1316 950 343 937 965 1400 883 583 1248 897 1161 1003 1154 915 840 944 450 997 666 932 70 909 445 1268 1047
765 202 1185 1158 103 108 451 186 694 859 0 958 934 609 169 725 871 898 716 1072 666 541 343 1095 937 1088 133 59 163 797 313 215 866 814 355 443 561 212
259 854 864 837 905 988 616 1066 290 1024 958 0 284 1415 1049 732 221 248 1499 750 519 1346 995 297 287 290 1013 939 1043 651 1096 765 216 979 1008 608 1367 1145
235 830 840 813 881 964 592 1042 265 1000 934 284 0 1391 1025 708 91 64 1475 726 495 1322 971 421 55 414 989 915 1019 627 1072 741 97 955 984 584 1343 1121
1223 690 1643 1616 635 606 909 447 1152 1316 609 1415 1391 0 465 1182 1328 1356 258 1529 1124 91 547 1552 1394 1545 500 591 471 1255 450 747 1323 1271 540 901 71 508
856 293 1276 1249 194 199 542 76 786 950 169 1049 1025 465 0 816 962 989 699 1163 757 396 413 1186 1028 1179 59 150 52 889 345 306 957 905 406 534 417 243
540 621 687 661 673 756 383 834 469 343 725 732 708 1182 816 0 646 673 1266 574 274 1114 762 869 711 862 781 706 810 141 863 532 641 298 775 376 1134 913
172 767 777 750 818 902 529 980 203 937 871 221 91 1328 962 646 0 92 1412 664 433 1260 908 358 95 351 926 852 956 564 1009 678 125 892 921 522 1280 1059
199 795 805 778 846 929 557 1007 230 965 898 248 64 1356 989 673 92 0 1439 691 460 1287 936 385 67 378 954 880 983 591 1036 706 97 919 948 549 1307 1086
1307 668 1727 1700 794 685 992 682 1236 1400 716 1499 1475 258 699 1266 1412 1439 0 1613 1207 326 525 1636 1478 1629 734 735 705 1339 428 756 1407 1355 517 985 305 528
723 1132 179 152 1183 1266 894 1345 652 1047 1236 915 891 1693 1327 738 828 855 1777 0 724 1625 1273 1052 894 1045 1291 1217 1321 621 1374 1043 823 1002 1286 887 1645 1424
327 563 673 646 614 697 325 775 256 583 666 519 495 1124 757 274 433 460 1207 559 0 1055 704 656 498 649 722 648 751 157 804 474 428 538 716 317 1075 854
1154 621 1574 1547 566 537 840 379 1083 1248 541 1346 1322 91 396 1114 1260 1287 326 1460 1055 0 478 1483 1326 1476 431 522 402 1186 381 678 1255 1202 471 832 43 439
803 164 1223 1196 291 351 489 396 732 897 343 995 971 547 413 762 908 936 525 1109 704 478 0 1132 974 1125 399 324 419 835 122 253 903 851 130 481 499 193
396 991 1001 974 1042 1125 753 1203 427 1161 1095 297 421 1552 1186 869 358 385 1636 887 656 1483 1132 0 424 63 1150 1076 1180 788 1233 902 353 1116 1145 745 1504 1283
238 833 843 816 884 967 595 1046 269 1003 937 287 55 1394 1028 711 95 67 1478 730 498 1326 974 424 0 417 992 918 1022 630 1075 744 100 958 987 588 1346 1125
389 984 994 967 1035 1118 746 1196 420 1154 1088 290 414 1545 1179 862 351 378 1629 880 649 1476 1125 63 417 0 1143 1069 1173 781 1226 895 346 1109 1138 738 1497 1276
821 257 1241 1214 159 164 507 77 750 915 133 1013 989 500 59 781 926 954 734 1127 722 431 399 1150 992 1143 0 115 53 853 380 271 921 869 411 499 451 279
747 183 1167 1140 84 90 433 168 676 840 59 939 915 591 150 706 852 880 735 1053 648 522 324 1076 918 1069 115 0 144 779 332 197 847 795 337 425 543 231
851 287 1270 1243 188 193 536 70 780 944 163 1043 1019 471 52 810 956 983 705 1157 751 402 419 1180 1022 1173 53 144 0 883 351 300 951 899 412 529 423 249
458 694 571 544 745 828 456 906 387 450 797 651 627 1255 889 141 564 591 1339 457 157 1186 835 788 630 781 853 779 883 0 936 605 559 405 847 448 1207 985
904 264 1323 1297 391 282 589 327 833 997 313 1096 1072 450 345 863 1009 1036 428 1210 804 381 122 1233 1075 1226 380 332 351 936 0 353 1004 952 114 582 402 125
573 112 993 966 163 246 259 324 502 666 215 765 741 747 306 532 678 706 756 879 474 678 253 902 744 895 271 197 300 605 353 0 673 621 265 251 699 403
167 762 772 745 813 897 524 975 198 932 866 216 97 1323 957 641 125 97 1407 659 428 1255 903 353 100 346 921 847 951 559 1004 673 0 887 916 517 1275 1054
786 710 951 924 761 844 390 922 715 70 814 979 955 1271 905 298 892 919 1355 837 538 1202 851 1116 958 1109 869 795 899 405 952 621 887 0 864 399 1223 1001
815 176 1235 1208 303 343 501 388 744 909 355 1008 984 540 406 775 921 948 517 1122 716 471 130 1145 987 1138 411 337 412 847 114 265 916 864 0 493 492 186
416 340 836 809 391 474 56 552 345 445 443 608 584 901 534 376 522 549 985 722 317 832 481 745 588 738 499 425 529 448 582 251 517 399 493 0 853 631
1175 642 1594 1567 586 558 860 399 1104 1268 561 1367 1343 71 417 1134 1280 1307 305 1481 1075 43 499 1504 1346 1497 451 543 423 1207 402 699 1275 1223 492 853 0 459
953 336 1373 1346 291 181 639 226 882 1047 212 1145 1121 508 243 913 1059 1086 528 1259 854 439 193 1283 1125 1276 279 231 249 985 125 403 1054 1001 186 631 459 0
EOF