NAME : tsp_problem
TYPE : TSP
DIMENSION : 42
EDGE_WEIGHT_TYPE : EXPLICIT
EDGE_WEIGHT_FORMAT : FULL_MATRIX
EDGE_WEIGHT_SECTION
0 1060 1395 288 1037 1043 1153 939 1173 258 2054 679 1171 878 879 1620 104 1348 941 1545 279 871 582 1504 325 270 387 715 643 1271 1195 1164 1055 1172 1522 777 954 399 880 815 1280 84
1060 0 395 834 1253 286 471 669 417 1013 1521 721 381 1095 1095 726 993 585 672 781 1034 1088 624 611 871 963 932 603 685 271 195 1919 298 367 628 508 803 944 1097 820 361 1083
1395 395 0 1169 1589 545 450 1005 546 1349 1537 1057 431 1431 1431 398 1329 323 1007 520 1370 1423 959 282 1206 1298 1268 939 1020 322 245 2255 556 417 300 843 1139 1279 1432 1155 411 1418
288 834 1169 0 811 817 927 713 947 242 1828 453 945 652 652 1394 222 1122 715 1319 263 645 355 1278 99 191 161 489 416 1045 969 1148 828 946 1296 551 728 173 654 588 1054 311
1201 1418 1753 975 0 1401 1511 1139 1531 1154 2411 913 1529 228 211 1978 1135 1706 1142 1903 1175 204 939 1862 1012 1104 1073 1043 890 1629 1553 2060 1412 1530 1880 1135 1030 1085 230 865 1637 1224
1043 286 545 817 1237 0 226 652 172 997 1313 705 170 1078 1078 693 977 421 655 618 1018 1071 607 578 854 946 915 587 668 271 345 1903 53 171 595 491 787 927 1080 803 279 1066
1153 471 450 927 1346 226 0 762 154 1106 1146 814 354 1188 1188 526 1087 254 765 451 1128 1181 717 410 964 1056 1025 696 778 376 450 2012 237 355 428 601 896 1037 1190 913 384 1176
939 669 1005 713 975 652 762 0 783 892 1663 500 780 817 817 1230 872 957 25 1154 913 810 503 1114 749 842 811 374 476 881 804 1798 664 782 1131 204 157 823 819 340 889 961
1173 417 546 947 1367 172 154 783 0 1127 1241 835 300 1208 1209 622 1107 350 785 546 1148 1201 737 506 984 1076 1046 717 798 322 396 2033 183 301 523 621 917 1057 1210 933 330 1196
258 1013 1349 242 990 997 1106 892 1127 0 2007 632 1124 832 832 1574 192 1301 894 1498 88 824 535 1458 279 223 340 668 596 1225 1148 973 1008 1126 1475 731 908 352 834 768 1233 281
2054 1521 1537 1828 2247 1313 1146 1663 1241 2007 0 1715 1441 2089 2089 1613 1987 1341 1665 1537 2028 2082 1618 1497 1864 1957 1926 1597 1679 1462 1537 2913 1324 1442 1515 1502 1797 1938 2091 1814 1470 2077
679 721 1057 453 749 705 814 500 835 632 1715 0 832 591 591 1282 612 1009 502 1206 653 584 139 1166 490 582 551 376 66 933 856 1538 716 834 1183 439 390 563 593 225 941 702
1171 381 431 945 1364 170 354 780 300 1124 1441 832 0 1206 1206 660 1105 388 783 585 1145 1199 735 544 982 1074 1043 714 796 157 231 2030 181 57 562 619 914 1055 1208 931 165 1194
1043 1259 1595 817 228 1243 1353 981 1373 996 2253 755 1370 0 70 1820 976 1548 984 1744 1017 62 781 1704 853 946 915 884 732 1471 1394 1902 1254 1372 1722 977 872 927 72 706 1479 1066
1043 1259 1595 817 211 1243 1353 981 1373 996 2253 755 1371 70 0 1820 976 1548 984 1745 1017 46 781 1704 854 946 915 884 732 1471 1394 1902 1254 1372 1722 977 872 927 72 707 1479 1066
1620 726 398 1394 1814 693 526 1230 622 1574 1613 1282 660 1655 1656 0 1554 399 1232 596 1595 1648 1184 267 1431 1523 1492 1164 1245 632 576 2480 705 646 285 1068 1364 1504 1657 1380 640 1643
104 993 1329 222 970 977 1087 872 1107 192 1987 612 1105 812 812 1554 0 1282 875 1479 213 805 515 1438 259 203 320 649 576 1205 1128 1098 988 1106 1456 711 888 332 814 748 1213 126
1348 585 323 1122 1541 421 254 957 350 1301 1341 1009 388 1383 1383 399 1282 0 960 267 1323 1376 912 283 1159 1251 1220 891 973 360 434 2207 433 374 301 796 1092 1232 1385 1108 368 1371
941 672 1007 715 978 655 765 25 785 894 1665 502 783 819 820 1232 875 960 0 1157 916 812 505 1116 752 844 813 377 479 883 807 1801 666 784 1134 206 159 825 821 342 892 964
1545 781 520 1319 1738 618 451 1154 546 1498 1537 1206 585 1580 1580 596 1479 267 1157 0 1519 1573 1109 480 1356 1448 1417 1088 1170 557 631 2404 629 571 498 993 1288 1429 1582 1305 565 1568
279 1034 1370 263 1011 1018 1128 913 1148 88 2028 653 1145 853 853 1595 213 1323 916 1519 0 846 556 1479 300 244 361 689 617 1246 1169 994 1029 1147 1497 752 929 373 855 789 1254 302
1036 1252 1588 809 204 1235 1345 974 1366 989 2246 748 1363 62 46 1812 969 1540 976 1737 1010 0 774 1697 846 938 908 877 725 1464 1387 1895 1247 1364 1714 969 865 920 64 699 1472 1058
582 624 959 355 775 607 717 503 737 535 1618 139 735 617 617 1184 515 912 505 1109 556 609 0 1068 392 484 454 279 103 835 759 1441 618 736 1086 341 441 466 619 275 844 604
1504 611 282 1278 1698 578 410 1114 506 1458 1497 1166 544 1540 1540 267 1438 283 1116 480 1479 1532 1068 0 1315 1407 1377 1048 1129 516 460 2364 589 530 73 952 1248 1388 1541 1264 524 1527
325 871 1206 99 847 854 964 749 984 279 1864 490 982 689 689 1431 259 1159 752 1356 300 682 392 1315 0 228 197 526 453 1082 1006 1185 865 983 1333 588 765 209 691 625 1091 348
270 963 1298 191 940 946 1056 842 1076 223 1957 582 1074 781 781 1523 203 1251 844 1448 244 774 484 1407 228 0 290 618 545 1174 1098 1129 957 1075 1425 680 857 301 783 717 1183 293
387 932 1268 161 909 915 1025 811 1046 340 1926 551 1043 751 751 1492 320 1220 813 1417 361 743 454 1377 197 290 0 587 515 1144 1067 1246 927 1044 1394 649 826 74 752 687 1152 410
715 603 939 489 878 587 696 374 717 668 1597 376 714 720 720 1164 649 891 377 1088 689 713 279 1048 526 618 587 0 340 815 738 1574 598 716 1065 321 265 599 722 243 823 738
643 685 1020 416 726 668 778 476 798 596 1679 66 796 568 568 1245 576 973 479 1170 617 561 103 1129 453 545 515 340 0 896 820 1502 679 797 1147 402 367 527 570 202 905 665
1271 271 322 1045 1465 271 376 881 322 1225 1462 933 157 1307 1307 632 1205 360 883 557 1246 1299 835 516 1082 1174 1144 815 896 0 121 2131 282 142 534 719 1015 1156 1308 1032 137 1294
1195 195 245 969 1388 345 450 804 396 1148 1537 856 231 1230 1230 576 1128 434 807 631 1169 1223 759 460 1006 1098 1067 738 820 121 0 2054 356 216 478 643 938 1079 1232 955 211 1218
1164 1919 2255 1148 1896 1903 2012 1798 2033 973 2913 1538 2030 1738 1738 2480 1098 2207 1801 2404 994 1730 1441 2364 1185 1129 1246 1574 1502 2131 2054 0 1914 2032 2381 1637 1814 1258 1740 1674 2139 1187
1055 298 556 828 1248 53 237 664 183 1008 1324 716 181 1090 1090 705 988 433 666 629 1029 1082 618 589 865 957 927 598 679 282 356 1914 0 182 606 502 798 939 1091 815 290 1077
1172 367 417 946 1366 171 355 782 301 1126 1442 834 57 1207 1208 646 1106 374 784 571 1147 1200 736 530 983 1075 1044 716 797 142 216 2032 182 0 548 620 916 1056 1209 932 150 1195
1522 628 300 1296 1715 595 428 1131 523 1475 1515 1183 562 1557 1557 285 1456 301 1134 498 1497 1550 1086 73 1333 1425 1394 1065 1147 534 478 2381 606 548 0 970 1265 1406 1559 1282 542 1545
777 508 843 551 971 491 601 204 621 731 1502 439 619 812 813 1068 711 796 206 993 752 805 341 952 588 680 649 321 402 719 643 1637 502 620 970 0 338 661 814 521 728 800
954 803 1139 728 866 787 896 157 917 908 1797 390 914 708 708 1364 888 1092 159 1288 929 701 441 1248 765 857 826 265 367 1015 938 1814 798 916 1265 338 0 838 710 231 1023 977
399 944 1279 173 921 927 1037 823 1057 352 1938 563 1055 763 763 1504 332 1232 825 1429 373 755 466 1388 209 301 74 599 527 1156 1079 1258 939 1056 1406 661 838 0 764 699 1164 421
1045 1261 1597 818 230 1245 1354 983 1375 998 2255 757 1372 72 72 1822 978 1549 986 1746 1019 64 783 1706 855 947 917 886 734 1473 1396 1904 1256 1374 1723 979 874 929 0 708 1481 1067
815 820 1155 588 700 803 913 340 933 768 1814 225 931 542 542 1380 748 1108 342 1305 789 535 275 1264 625 717 687 243 202 1032 955 1674 815 932 1282 521 231 699 544 0 1040 837
1280 361 411 1054 1473 279 384 889 330 1233 1470 941 165 1315 1315 640 1213 368 892 565 1254 1308 844 524 1091 1183 1152 823 905 137 211 2139 290 150 542 728 1023 1164 1317 1040 0 1303
84 1083 1418 311 1059 1066 1176 961 1196 281 2077 702 1194 901 901 1643 126 1371 964 1568 302 894 604 1527 348 293 410 738 665 1294 1218 1187 1077 1195 1545 800 977 421 903 837 1303 0
EOF
