NAME : tsp_problem
TYPE : TSP
DIMENSION : 42
EDGE_WEIGHT_TYPE : EXPLICIT
EDGE_WEIGHT_FORMAT : FULL_MATRIX
EDGE_WEIGHT_SECTION
0 857 963 1056 1445 1071 929 691 1167 1154 911 370 475 522 904 540 943 1032 1956 996 1216 510 902 896 935 969 1145 944 951 1504 325 1289 1277 909 971 843 365 1284 924 1014 919 1318
857 0 893 986 1374 329 858 556 1096 1084 610 516 435 412 162 369 873 290 1215 925 1146 399 832 81 864 899 403 202 881 1434 583 1219 1207 839 669 542 522 1213 98 944 849 1247
963 893 0 117 580 1106 135 1109 302 290 1202 622 698 829 939 632 62 1067 1992 225 501 662 97 931 129 87 1180 979 144 640 846 425 413 77 1261 1133 628 419 959 348 240 453
1056 986 117 0 520 1199 228 1203 242 230 1295 715 792 923 1032 726 137 1160 2085 132 440 755 191 1024 222 111 1274 1072 205 580 940 364 352 170 1354 1227 721 359 1053 256 209 393
1445 1374 580 520 0 1587 541 1591 387 316 1683 1104 1180 1311 1420 1114 601 1548 2473 628 566 1143 653 1412 535 574 1662 1461 518 83 1328 179 320 633 1743 1615 1109 338 1441 684 705 271
1071 329 1106 1199 1587 0 1071 769 1309 1297 823 730 648 625 231 582 1086 66 1075 1138 1359 612 1045 367 1077 1112 105 272 1094 1647 796 1432 1420 1052 882 755 735 1426 395 1157 1062 1460
929 858 135 228 541 1071 0 1075 263 251 1167 587 664 795 904 598 115 1032 1957 336 462 627 151 896 33 141 1146 945 48 601 812 386 374 130 1227 1099 593 380 925 460 293 414
691 556 1109 1203 1591 769 1075 0 1313 1301 481 733 511 304 602 577 1090 730 1655 1142 1363 547 1048 594 1081 1115 843 642 1097 1651 391 1435 1424 1056 540 413 739 1430 622 1160 1066 1464
1167 1096 302 242 387 1309 263 1313 0 97 1405 826 902 1033 1142 836 323 1271 2195 350 364 865 375 1134 257 296 1384 1183 240 447 1050 231 276 355 1465 1337 831 226 1163 473 427 317
1154 1084 290 230 316 1297 251 1301 97 0 1393 813 890 1021 1130 824 310 1258 2183 338 352 853 363 1122 245 284 1372 1171 228 376 1038 160 264 343 1452 1325 819 155 1151 461 415 304
1076 774 1366 1459 1848 987 1332 645 1570 1557 0 990 896 689 820 842 1346 949 1873 1399 1619 872 1305 812 1338 1372 1062 861 1354 1907 775 1692 1680 1312 117 87 995 1687 841 1417 1322 1721
370 516 622 715 1104 730 587 733 826 813 825 0 322 453 562 256 602 691 1615 655 875 286 561 555 594 628 804 603 610 1163 391 948 936 568 885 757 68 943 583 673 578 977
475 435 698 792 1180 648 664 511 902 890 731 322 0 342 481 109 679 609 1534 731 951 79 637 473 670 704 722 521 686 1240 174 1024 1012 645 791 663 328 1019 502 749 655 1053
522 412 829 923 1311 625 795 304 1033 1021 524 453 342 0 458 306 810 586 1511 862 1082 335 768 450 801 835 699 498 817 1371 221 1155 1144 776 584 456 459 1150 479 880 786 1184
904 162 939 1032 1420 231 904 602 1142 1130 656 562 481 458 0 415 919 193 1117 971 1192 445 878 200 910 945 306 105 927 1480 629 1265 1253 885 715 588 568 1259 228 990 895 1293
540 369 632 726 1114 582 598 577 836 824 678 256 109 306 415 0 613 543 1468 665 885 84 571 407 604 638 657 455 620 1174 239 958 946 579 737 610 262 953 436 683 589 987
943 873 62 137 601 1086 115 1090 323 310 1182 602 679 810 919 613 0 1047 1972 245 521 642 78 911 109 68 1161 959 124 660 827 445 433 57 1241 1114 608 440 940 369 220 474
1032 290 1067 1160 1548 66 1032 730 1271 1258 784 691 609 586 193 543 1047 0 1036 1100 1320 573 1006 328 1039 1073 140 233 1055 1608 757 1393 1381 1013 844 716 696 1388 356 1118 1023 1422
1956 1215 1992 2085 2473 1075 1957 1655 2195 2183 1709 1615 1534 1511 1117 1468 1972 1036 0 2024 2245 1498 1931 1253 1963 1998 1149 1158 1980 2533 1682 2318 2306 1938 1768 1641 1621 2312 1281 2043 1948 2346
996 925 225 132 628 1138 336 1142 350 338 1234 655 731 862 971 665 245 1100 2024 0 395 694 255 963 330 219 1213 1012 313 688 879 472 461 262 1294 1166 660 467 992 193 101 501
1216 1146 501 440 566 1359 462 1363 364 352 1455 875 951 1082 1192 885 521 1320 2245 395 0 915 574 1184 456 495 1433 1232 439 505 1099 486 278 553 1514 1386 881 481 1212 229 472 318
510 399 662 755 1143 612 627 547 865 853 708 286 79 335 445 84 642 573 1498 694 915 0 601 437 633 668 686 485 650 1203 209 988 976 608 767 639 291 983 465 713 618 1016
902 832 97 191 653 1045 151 1048 375 363 1141 561 637 768 878 571 78 1006 1931 255 574 601 0 870 145 103 1119 918 160 713 785 498 486 44 1200 1072 567 492 898 422 179 526
896 81 931 1024 1412 367 896 594 1134 1122 648 555 473 450 200 407 911 328 1253 963 1184 437 870 0 902 937 441 240 919 1472 621 1257 1245 877 707 580 560 1251 57 982 887 1285
935 864 129 222 535 1077 33 1081 257 245 1173 594 670 801 910 604 109 1039 1963 330 456 633 145 902 0 135 1152 951 42 595 818 380 368 124 1233 1105 599 374 931 454 287 408
969 899 87 111 574 1112 141 1115 296 284 1208 628 704 835 945 638 68 1073 1998 219 495 668 103 937 135 0 1186 985 150 634 852 419 407 83 1267 1139 634 413 965 342 246 447
1145 403 1180 1274 1662 105 1146 843 1384 1372 898 804 722 699 306 657 1161 140 1149 1213 1433 686 1119 441 1152 1186 0 346 1168 1722 871 1506 1494 1127 957 829 810 1501 470 1231 1137 1535
944 202 979 1072 1461 272 945 642 1183 1171 696 603 521 498 105 455 959 233 1158 1012 1232 485 918 240 951 985 346 0 967 1520 669 1305 1293 925 756 628 608 1300 269 1030 935 1334
951 881 144 205 518 1094 48 1097 240 228 1190 610 686 817 927 620 124 1055 1980 313 439 650 160 919 42 150 1168 967 0 578 834 363 351 139 1249 1121 616 357 947 437 302 391
1504 1434 640 580 83 1647 601 1651 447 376 1743 1163 1240 1371 1480 1174 660 1608 2533 688 505 1203 713 1472 595 634 1722 1520 578 0 1388 240 259 693 1802 1675 1169 399 1501 623 765 210
325 583 846 940 1328 796 812 391 1050 1038 611 391 174 221 629 239 827 757 1682 879 1099 209 785 621 818 852 871 669 834 1388 0 1172 1161 793 670 542 386 1167 650 897 803 1201
1289 1219 425 364 179 1432 386 1435 231 160 1528 948 1024 1155 1265 958 445 1393 2318 472 486 988 498 1257 380 419 1506 1305 363 240 1172 0 399 477 1587 1459 954 182 1285 596 549 428
1277 1207 413 352 320 1420 374 1424 276 264 1516 936 1012 1144 1253 946 433 1381 2306 461 278 976 486 1245 368 407 1494 1293 351 259 1161 399 0 465 1575 1448 942 393 1274 396 537 72
909 839 77 170 633 1052 130 1056 355 343 1148 568 645 776 885 579 57 1013 1938 262 553 608 44 877 124 83 1127 925 139 693 793 477 465 0 1207 1080 574 472 906 402 186 506
1135 834 1425 1519 1907 1047 1391 705 1629 1617 117 1049 955 748 880 902 1406 1008 1933 1458 1678 931 1364 872 1397 1431 1121 920 1413 1967 834 1751 1739 1372 0 146 1055 1746 900 1476 1382 1780
1007 706 1298 1391 1779 919 1263 577 1501 1489 87 921 827 620 752 774 1278 880 1805 1330 1551 804 1237 744 1269 1304 993 792 1286 1839 707 1624 1612 1244 146 0 927 1618 773 1349 1254 1652
365 522 628 721 1109 735 593 739 831 819 831 68 328 459 568 262 608 696 1621 660 881 291 567 560 599 634 810 608 616 1169 386 954 942 574 890 763 0 948 589 679 584 982
1284 1213 419 359 338 1426 380 1430 226 155 1522 943 1019 1150 1259 953 440 1388 2312 467 481 983 492 1251 374 413 1501 1300 357 399 1167 182 393 472 1582 1454 948 0 1280 590 544 434
924 98 959 1053 1441 395 925 622 1163 1151 677 583 502 479 228 436 940 356 1281 992 1212 465 898 57 931 965 470 269 947 1501 650 1285 1274 906 736 608 589 1280 0 1010 916 1314
1014 944 348 256 684 1157 460 1160 473 461 1253 673 749 880 990 683 369 1118 2043 193 229 713 422 982 454 342 1231 1030 437 623 897 596 396 402 1312 1184 679 590 1010 0 270 437
919 849 240 209 705 1062 293 1066 427 415 1158 578 655 786 895 589 220 1023 1948 101 472 618 179 887 287 246 1137 935 302 765 803 549 537 186 1217 1090 584 544 916 270 0 578
1318 1247 453 393 271 1460 414 1464 317 304 1556 977 1053 1184 1293 987 474 1422 2346 501 318 1016 526 1285 408 447 1535 1334 391 210 1201 428 72 506 1616 1488 982 434 1314 437 578 0
EOF