NAME : tsp_problem
TYPE : TSP
DIMENSION : 82
EDGE_WEIGHT_TYPE : EXPLICIT
EDGE_WEIGHT_FORMAT : FULL_MATRIX
EDGE_WEIGHT_SECTION
0 319 1214 1161 231 809 297 408 1029 417 462 1482 771 107 829 317 909 1316 1218 484 1110 824 1096 961 1231 761 987 501 209 910 1251 1224 308 760 381 1032 1006 739 629 238 1091 349 348 376 1351 1059 824 312 933 549 1234 1240 316 1338 518 979 867 243 1075 221 194 303 992 989 1030 228 776 1044 1100 250 366 348 524 774 381 969 1307 108 855 407 1327 292
319 0 1178 1125 371 773 335 446 993 203 248 1446 735 246 793 232 873 1280 1182 269 1074 788 1060 925 1195 725 951 286 145 874 1215 1188 346 724 416 996 970 703 415 377 1055 265 263 411 1315 1023 788 227 897 584 1198 1204 232 1302 525 943 831 382 1039 360 333 68 956 953 994 367 740 1008 1064 389 505 263 309 738 416 933 1271 247 819 445 1291 57
1428 1392 0 837 1328 972 1174 1057 791 1510 1555 349 775 1355 991 1273 914 992 86 1576 1017 986 493 868 907 765 664 1593 1377 915 927 92 1185 765 1478 708 483 901 1722 1335 488 1305 1304 1473 219 821 986 1268 938 1646 910 917 1272 206 986 886 841 1340 751 1318 1313 1375 715 535 792 1325 781 624 776 1346 1177 1304 1616 779 1478 692 174 1356 705 1056 195 1364
1161 1125 623 0 1061 704 907 790 805 1243 1288 891 508 1088 724 1006 804 396 627 1309 1006 719 610 856 311 498 211 1326 1109 805 331 633 918 498 1211 175 415 634 1455 1068 605 1038 1036 1206 760 835 719 1001 828 1379 314 112 1005 747 719 874 604 1073 156 1051 1045 1108 730 398 807 1058 514 664 180 1079 910 1037 1349 512 1211 707 716 1089 438 789 736 1097
231 371 1114 1061 0 710 348 308 929 469 514 1382 671 159 729 368 810 1217 1119 405 1011 725 996 862 1132 661 888 422 260 810 1151 1124 359 661 201 933 907 640 681 57 992 401 399 195 1252 959 724 364 834 368 1135 1141 368 1239 419 880 768 63 976 40 245 354 893 890 931 48 677 945 1000 69 185 400 445 675 200 870 1207 160 755 308 1228 343
809 773 757 704 710 0 555 439 243 891 936 1026 315 737 43 654 123 860 762 958 325 60 551 175 775 305 531 975 758 124 795 768 566 304 860 576 550 100 1103 716 546 687 685 854 895 273 38 650 147 1028 778 784 654 882 368 194 411 722 619 700 694 757 373 533 245 707 320 425 644 728 559 686 998 318 860 350 850 738 399 438 871 746
297 335 960 907 348 555 0 154 775 453 498 1228 517 224 575 142 655 1062 964 519 856 570 842 707 977 507 734 536 245 656 997 970 54 506 498 778 752 485 665 355 837 174 172 492 1097 805 570 137 679 666 980 986 141 1084 264 725 613 360 821 338 181 318 738 735 776 345 522 790 846 366 274 173 559 520 498 715 1053 225 601 153 1073 307
408 446 843 790 308 439 154 0 658 564 609 1111 400 335 458 253 538 946 848 631 740 453 725 590 860 390 617 648 357 539 880 853 165 390 458 662 636 368 776 315 720 285 284 453 981 688 453 248 562 626 864 870 253 968 148 609 497 320 705 298 293 430 622 619 660 305 406 674 729 327 158 284 671 404 458 599 936 336 484 37 957 419
1029 993 577 805 929 243 775 658 0 1111 1156 845 361 956 262 874 147 961 582 1177 250 279 331 100 876 352 632 1194 978 147 895 587 786 351 1079 677 553 319 1323 936 326 906 905 1074 714 53 257 869 171 1247 879 885 873 701 587 119 279 941 720 919 914 976 153 605 25 926 367 205 744 948 779 905 1217 365 1079 130 670 957 422 658 690 965
417 203 1296 1243 469 891 453 564 1111 0 178 1564 853 345 911 350 991 1398 1300 256 1192 906 1178 1043 1313 843 1070 273 243 992 1333 1306 464 842 403 1114 1088 821 345 475 1173 383 381 398 1433 1141 906 346 1015 571 1316 1323 350 1420 643 1061 949 481 1157 458 431 186 1074 1071 1113 466 859 1126 1182 487 603 381 296 856 403 1051 1389 346 937 564 1409 176
462 248 1341 1288 514 936 498 609 1156 178 0 1609 898 389 956 395 1036 1443 1345 301 1237 951 1223 1088 1358 888 1114 318 288 1037 1378 1351 509 887 448 1159 1133 866 224 520 1218 427 426 442 1478 1186 951 390 1060 616 1361 1367 395 1465 688 1106 994 526 1202 503 476 231 1119 1116 1157 511 903 1171 1227 532 648 426 341 901 448 1096 1434 391 982 608 1454 220
1646 1610 544 1055 1547 1190 1392 1275 1009 1728 1773 0 993 1573 1209 1491 1133 1210 549 1795 1236 1204 712 1086 1125 984 882 1811 1595 1133 1145 554 1403 983 1696 927 701 1119 1940 1553 707 1524 1522 1691 220 1039 1204 1486 1157 1864 1129 1135 1491 224 1204 1105 1060 1559 970 1536 1531 1594 933 753 1011 1543 999 842 994 1565 1396 1522 1834 997 1696 911 193 1574 923 1275 213 1583
771 735 561 508 671 315 517 400 361 853 898 829 0 698 334 616 414 664 566 919 588 329 443 439 578 54 335 936 720 415 598 571 528 54 821 380 354 244 1065 678 438 648 647 816 699 392 329 611 438 989 582 588 615 686 329 457 161 683 423 661 656 718 286 337 363 668 70 338 447 689 520 647 959 68 821 263 654 699 202 399 675 707
107 246 1141 1088 159 737 224 335 956 345 389 1409 698 0 756 244 836 1243 1146 411 1038 751 1023 888 1158 688 915 428 136 837 1178 1151 235 687 309 959 933 666 557 165 1018 277 275 303 1278 986 751 240 860 476 1161 1168 244 1265 445 907 794 171 1003 148 121 230 919 916 958 156 704 971 1027 177 293 275 451 701 308 896 1234 36 782 334 1255 219
829 793 777 724 729 43 575 458 262 911 956 1045 334 756 0 674 142 879 782 977 344 79 570 194 794 324 551 994 778 143 814 787 586 323 879 595 569 119 1123 736 565 706 705 874 914 292 57 669 166 1047 797 804 673 901 387 213 430 741 639 719 714 776 392 552 264 726 340 444 663 747 578 705 1017 337 879 369 870 757 418 457 890 765
317 232 1059 1006 368 654 142 253 874 350 395 1327 616 244 674 0 754 1161 1063 416 955 669 941 806 1076 606 832 433 142 755 1096 1069 153 605 518 877 851 584 562 375 936 71 70 513 1196 904 669 34 778 686 1079 1085 38 1183 363 824 712 380 920 358 280 216 837 834 875 365 621 889 945 386 373 70 456 619 518 814 1152 245 700 252 1172 205
909 873 700 804 810 123 655 538 147 991 1036 968 414 836 142 754 0 960 705 1057 228 159 455 79 874 404 631 1074 858 28 894 710 666 404 959 676 650 199 1203 816 450 787 785 954 838 177 137 749 51 1127 878 884 754 825 467 97 403 821 719 799 794 857 276 633 148 806 420 329 743 828 659 785 1097 418 959 254 793 837 498 538 814 846
1316 1280 778 396 1217 860 1062 946 961 1398 1443 1046 664 1243 879 1161 960 0 783 1465 1161 875 765 1012 257 654 367 1482 1265 960 132 788 1073 653 1367 331 571 790 1610 1223 760 1194 1192 1361 916 991 874 1157 984 1534 260 476 1161 903 874 1030 760 1229 311 1206 1201 1264 885 554 962 1214 669 820 335 1235 1066 1193 1505 667 1366 862 871 1244 594 945 892 1253
1421 1385 319 830 1322 965 1167 1051 784 1503 1548 343 769 1348 984 1266 908 986 0 1570 1011 980 487 861 901 759 657 1587 1370 908 920 85 1178 758 1472 702 476 895 1715 1328 482 1299 1297 1466 212 815 979 1262 932 1640 904 910 1266 199 980 880 835 1334 745 1311 1306 1369 709 528 786 1319 775 617 769 1340 1171 1298 1610 772 1471 686 168 1350 699 1050 188 1358
484 269 1362 1309 405 958 519 631 1177 256 301 1630 919 411 977 416 1057 1465 1367 0 1259 972 1244 1109 1380 909 1136 52 309 1058 1399 1372 530 909 273 1181 1155 887 416 411 1239 449 447 267 1500 1207 972 412 1081 440 1383 1389 416 1487 710 1128 1016 417 1224 395 497 253 1141 1138 1179 402 925 1193 1248 423 540 448 75 923 272 1118 1455 412 1003 630 1476 242
1110 1074 803 1006 1011 325 856 740 250 1192 1237 1071 588 1038 344 955 228 1161 808 1259 0 361 558 182 1076 578 832 1276 1059 229 1096 814 867 577 1161 877 780 401 1405 1017 553 988 986 1155 941 280 339 951 252 1329 1079 1085 955 928 669 201 506 1023 920 1001 995 1058 380 832 252 1008 594 432 945 1029 860 987 1299 592 1161 357 896 1039 648 739 917 1047
824 788 772 719 725 60 570 453 279 906 951 1040 329 751 79 669 159 875 777 972 361 0 587 211 789 319 546 989 773 160 809 782 581 319 874 591 565 115 1118 731 582 702 700 869 910 309 74 664 183 1042 793 799 669 897 382 230 426 737 634 714 709 772 409 548 281 721 335 461 658 743 574 700 1012 333 874 386 865 752 413 453 886 761
1096 1060 279 610 996 551 842 725 331 1178 1223 547 443 1023 570 941 455 765 284 1244 558 587 0 408 680 433 437 1261 1045 455 700 290 853 433 1146 481 256 569 1390 1003 29 973 972 1141 417 361 565 936 479 1314 683 690 941 404 654 427 382 1008 525 986 981 1043 255 308 333 993 449 164 549 1015 846 972 1284 447 1146 233 372 1024 270 725 393 1032
961 925 654 856 862 175 707 590 100 1043 1088 922 439 888 194 806 79 1012 659 1109 182 211 408 0 926 429 683 1126 910 80 946 664 718 428 1011 728 630 252 1255 868 403 839 837 1006 792 131 190 801 103 1179 930 936 806 779 519 51 356 874 771 851 846 909 230 682 102 858 444 282 795 880 711 837 1149 442 1011 207 747 889 499 590 768 898
1231 1195 693 311 1132 775 977 860 876 1313 1358 961 578 1158 794 1076 874 257 698 1380 1076 789 680 926 0 569 281 1396 1180 875 192 703 988 568 1281 246 485 704 1525 1138 675 1109 1107 1276 831 906 789 1071 898 1449 40 391 1076 818 789 945 675 1144 226 1121 1116 1179 800 469 877 1128 584 735 250 1150 981 1107 1419 582 1281 777 786 1159 508 860 807 1168
761 725 551 498 661 305 507 390 352 843 888 819 54 688 324 606 404 654 556 909 578 319 433 429 569 0 325 926 710 405 588 561 518 44 811 370 344 234 1055 668 429 638 637 806 689 382 319 601 428 979 572 578 605 676 319 447 151 673 413 651 646 708 276 327 353 658 60 328 437 680 511 637 949 58 811 253 644 689 192 390 665 697
987 951 449 211 888 531 734 617 632 1070 1114 718 335 915 551 832 631 367 454 1136 832 546 437 683 281 325 0 1153 936 632 301 460 745 324 1038 83 242 461 1282 895 432 865 863 1032 587 662 546 828 655 1206 285 291 832 574 546 701 431 900 126 878 872 935 556 225 634 885 341 491 150 906 737 864 1176 339 1038 534 542 916 265 616 563 924
501 286 1379 1326 422 975 536 648 1194 273 318 1647 936 428 994 433 1074 1482 1384 52 1276 989 1261 1126 1396 926 1153 0 326 1075 1416 1389 547 925 289 1198 1172 904 392 428 1256 466 464 284 1517 1224 989 429 1098 457 1400 1406 433 1504 727 1145 1032 434 1241 411 514 270 1158 1155 1196 419 942 1210 1265 440 556 465 50 940 289 1135 1472 429 1020 647 1493 259
209 145 1162 1109 260 758 245 357 978 243 288 1431 720 136 778 142 858 1265 1167 309 1059 773 1045 910 1180 710 936 326 0 858 1200 1173 256 709 410 981 955 688 455 267 1040 175 173 405 1300 1008 773 138 882 578 1183 1189 142 1287 467 928 816 272 1024 250 222 128 941 938 979 257 725 993 1049 279 395 174 349 723 410 918 1255 137 804 356 1276 117
910 874 701 805 810 124 656 539 147 992 1037 969 415 837 143 755 28 960 706 1058 229 160 455 80 875 405 632 1075 858 0 895 711 667 404 960 676 650 200 1204 817 450 787 785 955 838 178 138 750 52 1128 878 885 754 825 468 98 403 822 720 800 794 857 277 633 149 807 421 329 744 828 659 786 1098 418 960 254 794 838 499 538 815 846
1251 1215 713 331 1151 795 997 880 895 1333 1378 981 598 1178 814 1096 894 132 718 1399 1096 809 700 946 192 588 301 1416 1200 895 0 723 1008 588 1301 265 505 724 1545 1158 695 1128 1127 1296 850 926 809 1091 918 1469 195 411 1095 837 809 965 695 1163 246 1141 1136 1198 820 488 897 1148 604 754 270 1169 1001 1127 1439 602 1301 797 806 1179 528 880 826 1187
1415 1379 314 824 1316 959 1161 1045 779 1497 1542 337 763 1343 979 1260 902 980 318 1564 1005 974 481 856 895 753 651 1581 1364 903 915 0 1172 752 1466 696 471 889 1710 1322 476 1293 1291 1460 207 809 974 1256 926 1634 898 904 1260 194 974 874 829 1328 739 1306 1300 1363 703 522 780 1313 769 612 764 1334 1165 1292 1604 766 1466 680 162 1344 693 1044 183 1352
308 346 971 918 359 566 54 165 786 464 509 1239 528 235 586 153 666 1073 975 530 867 581 853 718 988 518 745 547 256 667 1008 981 0 517 509 789 763 496 676 366 848 185 183 503 1108 816 581 148 690 677 991 998 152 1095 275 736 624 371 832 349 192 329 749 746 787 356 533 801 857 377 285 184 570 531 509 726 1064 236 612 164 1084 318
760 724 550 498 661 304 506 390 351 842 887 819 54 687 323 605 404 653 555 909 577 319 433 428 568 44 324 925 709 404 588 561 517 0 811 369 343 234 1054 667 428 638 636 805 688 381 318 601 428 978 571 577 605 675 318 446 150 673 412 650 645 708 275 326 353 658 59 327 437 679 510 636 949 57 810 252 643 688 192 389 664 697
381 416 1264 1211 201 860 498 458 1079 403 448 1532 821 309 879 518 959 1367 1269 273 1161 874 1146 1011 1281 811 1038 289 410 960 1301 1274 509 811 0 1083 1057 789 615 207 1141 551 549 63 1402 1109 874 514 983 236 1285 1291 518 1389 569 1030 918 213 1126 190 395 400 1043 1040 1081 198 827 1095 1150 219 335 550 312 825 68 1020 1357 310 905 458 1378 389
1032 996 494 175 933 576 778 662 677 1114 1159 762 380 959 595 877 676 331 499 1181 877 591 481 728 246 370 83 1198 981 676 265 504 789 369 1083 0 287 506 1326 939 476 910 908 1077 632 707 590 873 700 1250 249 255 877 619 591 746 476 945 90 922 917 980 601 270 679 930 385 536 114 951 782 909 1221 383 1082 578 587 961 310 661 608 969
1006 970 269 415 907 550 752 636 553 1088 1133 537 354 933 569 851 650 571 274 1155 780 565 256 630 485 344 242 1172 955 650 505 279 763 343 1057 287 0 480 1300 913 251 884 882 1051 406 583 564 847 674 1224 489 495 851 393 564 649 450 919 330 896 891 954 478 113 555 904 359 386 354 925 756 883 1195 357 1056 455 362 934 284 635 382 943
739 703 687 634 640 100 485 368 319 821 866 955 244 666 119 584 199 790 692 887 401 115 569 252 704 234 461 904 688 200 724 697 496 234 789 506 480 0 1033 646 564 617 615 784 825 349 114 579 224 957 708 714 584 812 297 270 340 651 549 629 624 687 449 463 321 636 250 501 573 658 489 615 927 248 789 426 780 667 328 368 801 676
629 415 1508 1455 681 1103 665 776 1323 345 224 1776 1065 557 1123 562 1203 1610 1513 416 1405 1118 1390 1255 1525 1055 1282 392 455 1204 1545 1518 676 1054 615 1326 1300 1033 0 687 1385 595 593 610 1645 1353 1118 558 1227 706 1528 1535 562 1632 855 1273 1161 693 1370 670 643 399 1286 1283 1325 678 1071 1338 1394 699 816 593 375 1068 615 1263 1601 558 1149 776 1621 388
238 377 1121 1068 57 716 355 315 936 475 520 1389 678 165 736 375 816 1223 1125 411 1017 731 1003 868 1138 668 895 428 267 817 1158 1131 366 667 207 939 913 646 687 0 998 407 406 202 1258 966 731 370 840 375 1141 1147 374 1245 425 886 774 69 982 47 252 361 899 896 937 54 683 951 1007 75 192 406 451 681 207 876 1214 166 762 314 1234 350
1091 1055 274 605 992 546 837 720 326 1173 1218 542 438 1018 565 936 450 760 279 1239 553 582 29 403 675 429 432 1256 1040 450 695 285 848 428 1141 476 251 564 1385 998 0 969 967 1136 412 356 560 931 474 1309 678 685 936 399 649 422 377 1003 520 981 976 1039 251 303 328 988 444 159 544 1010 841 967 1279 442 1141 228 367 1019 265 720 388 1028
349 265 1091 1038 401 687 174 285 906 383 427 1359 648 277 706 71 787 1194 1096 449 988 702 973 839 1109 638 865 466 175 787 1128 1101 185 638 551 910 884 617 595 407 969 0 102 545 1229 937 701 67 811 719 1112 1118 71 1216 396 857 745 413 953 391 313 248 870 867 908 398 654 922 977 419 406 103 489 652 550 847 1184 278 732 285 1205 237
348 263 1089 1036 399 685 172 284 905 381 426 1358 647 275 705 70 785 1192 1094 447 986 700 972 837 1107 637 863 464 173 785 1127 1100 183 636 549 908 882 615 593 406 967 102 0 544 1227 935 700 65 809 717 1110 1116 69 1214 394 855 743 411 951 389 311 246 868 865 906 396 652 920 976 417 404 101 487 650 549 845 1182 276 731 283 1203 235
376 411 1259 1206 195 854 492 453 1074 398 442 1527 816 303 874 513 954 1361 1263 267 1155 869 1141 1006 1276 806 1032 284 405 955 1296 1269 503 805 63 1077 1051 784 610 202 1136 545 544 0 1396 1104 869 508 978 231 1279 1285 512 1383 563 1024 912 207 1120 185 390 394 1037 1034 1075 192 821 1089 1145 213 330 544 307 819 62 1014 1352 304 900 452 1372 383
1516 1480 414 925 1416 1059 1262 1145 879 1598 1643 220 863 1443 1079 1361 1002 1080 419 1664 1105 1074 581 956 995 853 751 1681 1464 1003 1015 424 1273 852 1566 796 571 989 1810 1423 576 1393 1391 1561 0 909 1074 1356 1026 1734 998 1004 1360 94 1074 974 929 1428 839 1406 1400 1463 803 623 880 1413 869 712 864 1434 1265 1392 1704 867 1566 780 62 1444 793 1144 83 1452
1059 1023 607 835 959 273 805 688 53 1141 1186 875 392 986 292 904 177 991 612 1207 280 309 361 131 906 382 662 1224 1008 178 926 617 816 381 1109 707 583 349 1353 966 356 937 935 1104 745 0 287 899 201 1277 909 915 904 732 617 149 309 971 750 949 944 1007 183 635 55 956 397 235 775 978 809 935 1247 395 1109 160 700 987 452 688 721 996
824 788 772 719 724 38 570 453 257 906 951 1040 329 751 57 669 137 874 777 972 339 74 565 190 789 319 546 989 773 138 809 782 581 318 874 590 564 114 1118 731 560 701 700 869 909 287 0 664 161 1042 792 799 668 896 382 208 425 736 634 714 709 771 387 547 259 721 335 439 658 742 574 700 1012 332 874 364 865 752 413 453 886 760
312 227 1054 1001 364 650 137 248 869 346 390 1322 611 240 669 34 749 1157 1059 412 951 664 936 801 1071 601 828 429 138 750 1091 1064 148 601 514 873 847 579 558 370 931 67 65 508 1192 899 664 0 773 682 1075 1081 34 1179 359 820 708 376 916 353 276 211 833 830 871 361 617 885 940 382 369 66 452 615 513 810 1147 241 695 248 1168 200
933 897 724 828 834 147 679 562 171 1015 1060 992 438 860 166 778 51 984 729 1081 252 183 479 103 898 428 655 1098 882 52 918 734 690 428 983 700 674 224 1227 840 474 811 809 978 862 201 161 773 0 1151 902 908 778 849 491 121 427 845 743 823 818 881 301 657 172 830 444 353 767 852 683 809 1121 442 983 278 817 861 522 562 838 870
549 584 1432 1379 368 1028 666 626 1247 571 616 1700 989 476 1047 686 1127 1534 1437 440 1329 1042 1314 1179 1449 979 1206 457 578 1128 1469 1442 677 978 236 1250 1224 957 706 375 1309 719 717 231 1570 1277 1042 682 1151 0 1452 1459 686 1557 736 1198 1085 380 1294 358 563 568 1210 1208 1249 365 995 1263 1318 387 503 717 480 993 200 1187 1525 478 1073 625 1546 557
1234 1198 696 314 1135 778 980 864 879 1316 1361 964 582 1161 797 1079 878 260 701 1383 1079 793 683 930 40 572 285 1400 1183 878 195 706 991 571 1285 249 489 708 1528 1141 678 1112 1110 1279 834 909 792 1075 902 1452 0 394 1079 821 793 948 678 1147 229 1124 1119 1182 803 472 881 1132 587 738 254 1153 984 1111 1423 585 1284 780 789 1163 512 863 810 1171
1240 1204 702 112 1141 784 986 870 885 1323 1367 971 588 1168 804 1085 884 476 707 1389 1085 799 690 936 391 578 291 1406 1189 885 411 713 998 577 1291 255 495 714 1535 1147 685 1118 1116 1285 840 915 799 1081 908 1459 394 0 1085 827 799 954 684 1153 236 1131 1125 1188 809 478 887 1138 594 744 260 1159 990 1117 1429 592 1291 787 795 1169 518 869 816 1177
316 232 1058 1005 368 654 141 253 873 350 395 1326 615 244 673 38 754 1161 1063 416 955 669 941 806 1076 605 832 433 142 754 1095 1069 152 605 518 877 851 584 562 374 936 71 69 512 1196 904 668 34 778 686 1079 1085 0 1183 363 824 712 380 920 358 280 215 837 834 875 365 621 889 944 386 373 70 456 619 518 814 1151 245 699 252 1172 204
1503 1467 401 912 1403 1046 1249 1132 866 1585 1630 224 850 1430 1066 1348 989 1067 406 1651 1092 1061 568 943 982 840 738 1668 1451 990 1002 411 1260 839 1553 783 558 976 1797 1410 563 1380 1378 1548 94 896 1061 1343 1013 1721 985 991 1347 0 1061 961 916 1415 826 1393 1387 1450 790 610 867 1400 856 699 851 1421 1252 1379 1691 854 1553 767 49 1431 780 1131 70 1439
518 525 772 719 419 368 264 148 587 643 688 1040 329 445 387 363 467 874 777 710 669 382 654 519 789 319 546 727 467 468 809 782 275 318 569 591 564 297 855 425 649 396 394 563 910 617 382 359 491 736 793 799 363 897 0 538 425 431 634 408 403 509 551 548 589 416 335 603 658 437 268 394 750 333 568 528 865 446 413 147 886 498
979 943 672 874 880 194 725 609 119 1061 1106 940 457 907 213 824 97 1030 677 1128 201 230 427 51 945 447 701 1145 928 98 965 683 736 446 1030 746 649 270 1273 886 422 857 855 1024 810 149 208 820 121 1198 948 954 824 797 538 0 375 892 789 870 864 927 249 701 121 877 463 301 814 898 729 856 1168 461 1030 226 765 908 517 608 786 916
867 831 627 604 768 411 613 497 279 949 994 895 161 794 430 712 403 760 632 1016 506 426 382 356 675 151 431 1032 816 403 695 638 624 150 918 476 450 340 1161 774 377 745 743 912 765 309 425 708 427 1085 678 684 712 752 425 375 0 780 519 757 752 815 204 433 281 765 166 256 544 786 617 743 1055 164 917 181 720 795 299 496 741 804
243 382 1126 1073 63 722 360 320 941 481 526 1394 683 171 741 380 821 1229 1131 417 1023 737 1008 874 1144 673 900 434 272 822 1163 1136 371 673 213 945 919 651 693 69 1003 413 411 207 1264 971 736 376 845 380 1147 1153 380 1251 431 892 780 0 988 52 257 366 905 902 943 60 689 957 1012 81 197 412 457 687 212 882 1219 172 767 320 1240 355
1075 1039 537 156 976 619 821 705 720 1157 1202 805 423 1003 639 920 719 311 542 1224 920 634 525 771 226 413 126 1241 1024 720 246 548 832 412 1126 90 330 549 1370 982 520 953 951 1120 675 750 634 916 743 1294 229 236 920 662 634 789 519 988 0 966 960 1023 644 313 722 973 429 579 95 994 825 952 1264 426 1126 621 630 1004 353 704 651 1012
221 360 1104 1051 40 700 338 298 919 458 503 1372 661 148 719 358 799 1206 1109 395 1001 714 986 851 1121 651 878 411 250 800 1141 1114 349 650 190 922 896 629 670 47 981 391 389 185 1242 949 714 353 823 358 1124 1131 358 1229 408 870 757 52 966 0 235 344 882 879 921 37 667 934 990 59 175 389 434 664 190 859 1197 150 745 297 1218 333
194 333 1098 1045 245 694 181 293 914 431 476 1367 656 121 714 280 794 1201 1103 497 995 709 981 846 1116 646 872 514 222 794 1136 1109 192 645 395 917 891 624 643 252 976 313 311 390 1236 944 709 276 818 563 1119 1125 280 1223 403 864 752 257 960 235 0 316 877 874 915 242 661 929 985 263 380 312 537 659 395 854 1191 122 740 292 1212 305
303 68 1161 1108 354 757 318 430 976 186 231 1429 718 230 776 216 857 1264 1166 253 1058 772 1043 909 1179 708 935 270 128 857 1198 1171 329 708 400 980 954 687 399 361 1039 248 246 394 1299 1007 771 211 881 568 1182 1188 215 1286 509 927 815 366 1023 344 316 0 940 937 978 351 724 992 1047 372 489 247 293 722 399 917 1254 231 802 429 1275 41
992 956 501 730 893 373 738 622 153 1074 1119 769 286 919 392 837 276 885 506 1141 380 409 255 230 800 276 556 1158 941 277 820 511 749 275 1043 601 478 449 1286 899 251 870 868 1037 639 183 387 833 301 1210 803 809 837 626 551 249 204 905 644 882 877 940 0 529 155 890 292 129 669 911 742 869 1181 289 1042 54 594 921 346 621 615 929
989 953 321 398 890 533 735 619 605 1071 1116 589 337 916 552 834 633 554 325 1138 832 548 308 682 469 327 225 1155 938 633 488 331 746 326 1040 270 113 463 1283 896 303 867 865 1034 458 635 547 830 657 1208 472 478 834 445 548 701 433 902 313 879 874 937 529 0 607 887 343 438 337 908 739 866 1178 340 1039 507 414 918 267 618 434 926
1030 994 578 807 931 245 776 660 25 1113 1157 846 363 958 264 875 148 962 583 1179 252 281 333 102 877 353 634 1196 979 149 897 589 787 353 1081 679 555 321 1325 937 328 908 906 1075 716 55 259 871 172 1249 881 887 875 703 589 121 281 943 722 921 915 978 155 607 0 928 369 207 746 949 780 907 1219 367 1081 132 671 959 423 659 692 967
228 367 1111 1058 48 707 345 305 926 466 511 1379 668 156 726 365 806 1214 1116 402 1008 721 993 858 1128 658 885 419 257 807 1148 1121 356 658 198 930 904 636 678 54 988 398 396 192 1249 956 721 361 830 365 1132 1138 365 1236 416 877 765 60 973 37 242 351 890 887 928 0 674 942 997 66 182 397 442 672 197 867 1204 157 752 305 1225 340
776 740 567 514 677 320 522 406 367 859 903 835 70 704 340 621 420 669 572 925 594 335 449 444 584 60 341 942 725 421 604 577 533 59 827 385 359 250 1071 683 444 654 652 821 705 397 335 617 444 995 587 594 621 692 335 463 166 689 429 667 661 724 292 343 369 674 0 344 453 695 526 653 965 74 827 269 660 705 208 405 681 713
1044 1008 410 664 945 425 790 674 205 1126 1171 678 338 971 444 889 329 820 415 1193 432 461 164 282 735 328 491 1210 993 329 754 420 801 327 1095 536 386 501 1338 951 159 922 920 1089 547 235 439 885 353 1263 738 744 889 534 603 301 256 957 579 934 929 992 129 438 207 942 344 0 603 963 794 921 1233 341 1094 107 503 973 255 673 524 981
1100 1064 562 180 1000 644 846 729 744 1182 1227 830 447 1027 663 945 743 335 567 1248 945 658 549 795 250 437 150 1265 1049 744 270 572 857 437 1150 114 354 573 1394 1007 544 977 976 1145 699 775 658 940 767 1318 254 260 944 686 658 814 544 1012 95 990 985 1047 669 337 746 997 453 603 0 1018 850 976 1288 451 1150 646 655 1028 377 729 675 1036
250 389 1132 1079 69 728 366 327 948 487 532 1400 689 177 747 386 828 1235 1137 423 1029 743 1015 880 1150 680 906 440 279 828 1169 1143 377 679 219 951 925 658 699 75 1010 419 417 213 1270 978 742 382 852 387 1153 1159 386 1257 437 898 786 81 994 59 263 372 911 908 949 66 695 963 1018 0 204 418 463 693 218 888 1225 178 773 326 1246 361
366 505 963 910 185 559 274 158 779 603 648 1231 520 293 578 373 659 1066 968 540 860 574 846 711 981 511 737 556 395 659 1001 974 285 510 335 782 756 489 816 192 841 406 404 330 1101 809 574 369 683 503 984 990 373 1088 268 729 617 197 825 175 380 489 742 739 780 182 526 794 850 204 0 405 579 524 335 719 1056 295 605 157 1077 478
348 263 1090 1037 400 686 173 284 905 381 426 1358 647 275 705 70 785 1193 1095 448 987 700 972 837 1107 637 864 465 174 786 1127 1100 184 636 550 909 883 615 593 406 967 103 101 544 1228 935 700 66 809 717 1111 1117 70 1215 394 856 743 412 952 389 312 247 869 866 907 397 653 921 976 418 405 0 488 651 549 846 1183 277 731 284 1204 236
524 309 1402 1349 445 998 559 671 1217 296 341 1670 959 451 1017 456 1097 1505 1407 75 1299 1012 1284 1149 1419 949 1176 50 349 1098 1439 1412 570 949 312 1221 1195 927 375 451 1279 489 487 307 1540 1247 1012 452 1121 480 1423 1429 456 1527 750 1168 1055 457 1264 434 537 293 1181 1178 1219 442 965 1233 1288 463 579 488 0 963 312 1158 1495 452 1043 670 1516 282
774 738 565 512 675 318 520 404 365 856 901 833 68 701 337 619 418 667 569 923 592 333 447 442 582 58 339 940 723 418 602 575 531 57 825 383 357 248 1068 681 442 652 650 819 702 395 332 615 442 993 585 592 619 689 333 461 164 687 426 664 659 722 289 340 367 672 74 341 451 693 524 651 963 0 824 266 658 703 206 403 678 711
381 416 1264 1211 200 860 498 458 1079 403 448 1532 821 308 879 518 959 1366 1269 272 1161 874 1146 1011 1281 811 1038 289 410 960 1301 1274 509 810 68 1082 1056 789 615 207 1141 550 549 62 1401 1109 874 513 983 200 1284 1291 518 1388 568 1030 917 212 1126 190 395 399 1042 1039 1081 197 827 1094 1150 218 335 549 312 824 0 1019 1357 309 905 457 1377 389
969 933 478 707 870 350 715 599 130 1051 1096 746 263 896 369 814 254 862 483 1118 357 386 233 207 777 253 534 1135 918 254 797 488 726 252 1020 578 455 426 1263 876 228 847 845 1014 616 160 364 810 278 1187 780 787 814 603 528 226 181 882 621 859 854 917 54 507 132 867 269 107 646 888 719 846 1158 266 1019 0 571 898 323 598 592 906
1471 1435 369 880 1371 1015 1217 1100 834 1553 1598 193 818 1398 1034 1316 957 1035 374 1619 1061 1029 537 911 950 808 707 1636 1420 958 970 379 1228 808 1521 751 526 944 1765 1378 532 1348 1347 1516 62 864 1029 1311 981 1689 953 960 1316 49 1029 930 885 1383 795 1361 1356 1418 758 578 836 1368 824 667 819 1390 1221 1347 1659 822 1521 735 0 1399 748 1100 38 1408
108 247 1142 1089 160 738 225 336 957 346 391 1410 699 36 757 245 837 1244 1147 412 1039 752 1024 889 1159 689 916 429 137 838 1179 1152 236 688 310 961 934 667 558 166 1019 278 276 304 1280 987 752 241 861 478 1163 1169 245 1267 446 908 795 172 1004 150 122 231 921 918 959 157 705 973 1028 178 295 277 452 703 309 898 1235 0 783 336 1256 220
855 819 491 438 755 399 601 484 422 937 982 759 202 782 418 700 498 594 496 1003 648 413 270 499 508 192 265 1020 804 499 528 501 612 192 905 310 284 328 1149 762 265 732 731 900 629 452 413 695 522 1073 512 518 699 616 413 517 299 767 353 745 740 802 346 267 423 752 208 255 377 773 605 731 1043 206 905 323 584 783 0 484 605 791
407 445 842 789 308 438 153 37 658 564 608 1110 399 334 457 252 538 945 847 630 739 453 725 590 860 390 616 647 356 538 880 853 164 389 458 661 635 368 776 314 720 285 283 452 980 688 453 248 562 625 863 869 252 967 147 608 496 320 704 297 292 429 621 618 659 305 405 673 729 326 157 284 670 403 457 598 935 336 484 0 956 418
1492 1456 390 901 1392 1035 1238 1121 855 1574 1619 213 839 1419 1055 1337 978 1056 395 1640 1081 1050 557 932 971 829 727 1657 1440 979 991 400 1249 829 1542 772 547 965 1786 1399 552 1369 1367 1537 83 885 1050 1332 1002 1710 974 980 1336 70 1050 950 905 1404 815 1382 1376 1439 779 599 856 1389 845 688 840 1410 1241 1368 1680 843 1542 756 38 1420 769 1120 0 1428
292 57 1150 1097 343 746 307 419 965 176 220 1418 707 219 765 205 846 1253 1155 242 1047 761 1032 898 1168 697 924 259 117 846 1187 1161 318 697 389 969 943 676 388 350 1028 237 235 383 1288 996 760 200 870 557 1171 1177 204 1275 498 916 804 355 1012 333 305 41 929 926 967 340 713 981 1036 361 478 236 282 711 389 906 1243 220 791 418 1264 0
EOF
