NAME : tsp_problem
TYPE : TSP
DIMENSION : 86
EDGE_WEIGHT_TYPE : EXPLICIT
EDGE_WEIGHT_FORMAT : FULL_MATRIX
EDGE_WEIGHT_SECTION
0 508 928 802 675 597 807 249 958 719 1184 205 232 113 890 994 613 684 681 654 947 536 719 1080 378 494 880 496 313 595 661 307 730 204 920 617 283 832 210 810 94 654 790 987 1032 244 777 930 583 1144 207 1099 966 867 134 123 675 661 632 2476 1015 1210 327 706 784 1113 188 263 458 788 1183 786 808 614 238 1218 872 318 249 736 225 276 647 767 351 251
508 0 620 366 1008 929 328 429 650 412 876 385 411 521 582 686 306 377 1014 347 639 869 1052 772 710 55 573 54 594 288 353 600 423 611 613 138 616 520 618 502 502 346 378 680 725 565 392 622 916 836 615 792 658 560 541 575 368 354 324 2623 707 903 660 1039 384 806 671 596 791 480 875 307 1141 947 711 911 564 650 582 257 708 456 981 288 554 698
928 620 0 347 1428 1349 386 849 622 232 464 805 831 940 554 658 416 341 1434 372 611 1289 1472 360 1130 606 73 608 1014 431 405 1020 394 1031 584 575 1036 198 1037 474 922 299 335 268 313 985 323 594 1336 424 1034 763 79 86 961 995 277 289 320 3043 679 491 1080 1459 329 394 1091 1016 1211 168 463 515 1561 1367 1130 499 536 1070 1002 465 1128 876 1400 496 973 1118
802 366 347 0 1302 1223 68 723 786 286 731 679 705 814 719 823 216 141 1308 171 776 1163 1346 627 1004 381 300 379 888 231 490 894 559 905 749 252 910 177 911 638 796 353 118 535 580 859 122 759 1210 691 908 928 385 287 835 869 331 343 374 2917 844 758 954 1333 124 660 965 890 1085 222 730 192 1435 1241 1005 765 701 944 876 142 1002 750 1275 173 848 992
675 1008 1428 1302 0 696 1308 824 1458 1220 1684 780 807 667 1390 1494 1114 1185 47 1155 1447 678 246 1580 621 994 1381 997 674 1096 1161 668 1231 496 1421 1118 416 1333 490 1310 669 1154 1291 1488 1533 468 1278 1430 382 1644 494 1600 1466 1368 584 613 1176 1162 1132 2699 1515 1711 372 356 1284 1614 549 437 548 1288 1683 1287 157 713 465 1719 1373 679 451 1236 586 815 317 1268 712 453
597 929 1349 1223 696 0 1228 523 1379 1140 1605 572 541 584 1311 1415 1034 1106 690 1076 1368 89 473 1501 239 915 1302 917 358 1017 1082 352 1152 615 1342 1038 582 1253 609 1231 603 1075 1211 1409 1454 634 1199 1351 453 1565 613 1520 1387 1288 704 530 1097 1083 1053 2865 1436 1632 538 363 1205 1534 433 603 222 1209 1604 1207 562 38 516 1640 1293 306 617 1157 421 500 421 1188 397 528
807 328 386 68 1308 1228 0 728 825 324 770 684 711 820 757 861 254 180 1314 210 814 1168 1352 665 1010 343 338 341 894 270 528 899 598 911 788 214 915 216 917 677 801 391 80 573 618 865 93 797 1215 730 914 966 423 325 841 874 370 382 413 2922 882 796 959 1338 86 699 970 895 1090 261 769 154 1440 1246 1010 804 739 949 882 104 1007 755 1280 135 853 998
249 429 849 723 824 523 728 0 879 640 1105 126 137 262 811 915 534 605 830 575 868 463 753 1001 305 415 801 417 188 516 582 194 651 353 841 538 432 753 359 731 243 575 711 908 953 393 699 851 616 1065 356 1020 887 788 283 316 596 582 553 2589 936 1132 476 739 705 1034 314 412 385 709 1104 707 841 541 397 1139 793 244 398 657 302 95 681 688 148 409
958 650 622 786 1458 1379 825 879 0 549 840 834 861 970 217 321 597 669 1464 639 127 1318 1502 736 1160 636 614 638 1044 580 397 1050 248 1061 248 759 1065 663 1067 280 951 484 774 643 688 1015 762 110 1365 800 1064 217 659 627 991 1024 506 492 462 2876 132 866 1109 1489 768 769 1121 1046 1241 618 839 928 1590 1396 1160 874 199 1100 1032 878 1158 905 1430 909 1003 1148
719 412 232 286 1220 1140 324 640 549 0 615 596 623 732 482 586 355 280 1226 310 539 1080 1263 511 922 397 184 400 805 341 253 811 322 822 512 514 827 137 829 402 713 90 274 419 464 776 261 522 1127 575 826 691 269 171 752 786 68 80 111 2834 607 642 871 1250 268 545 882 807 1002 107 614 454 1352 1158 922 650 464 861 794 404 919 667 1192 435 765 909
1348 1041 629 895 1849 1769 934 1269 1004 780 0 1225 1252 1361 937 1040 964 890 1855 920 994 1709 1892 123 1551 1026 621 1029 1435 970 787 1440 777 1451 967 1124 1456 746 1458 856 1342 847 883 470 185 1406 871 976 1756 122 1455 1146 666 634 1381 1415 825 837 853 3463 1061 71 1500 1879 877 134 1511 1436 1631 716 107 1064 1981 1787 1551 74 919 1490 1423 1013 1548 1296 1821 1045 1394 1538
205 385 805 679 780 572 684 126 834 596 1061 0 108 218 767 871 490 561 786 531 824 511 801 956 353 370 757 373 237 472 538 243 607 308 797 494 387 709 315 686 199 531 667 864 909 349 654 807 665 1021 312 976 842 744 238 272 552 538 509 2545 892 1087 431 788 661 990 363 367 434 664 1060 663 890 589 408 1095 749 293 354 613 351 144 729 644 196 395
232 411 831 705 807 541 711 137 861 623 1087 108 0 244 793 897 516 588 813 558 850 481 770 983 322 397 784 400 206 499 564 212 634 335 824 520 414 736 341 713 226 557 693 891 936 376 681 833 634 1047 338 1003 869 771 265 299 579 565 535 2571 918 1114 458 757 687 1017 332 394 403 691 1086 689 859 558 415 1122 775 262 381 639 320 113 699 671 165 422
113 521 940 814 667 584 820 262 970 732 1196 218 244 0 903 1007 626 697 673 667 960 523 711 1092 365 506 893 509 300 608 674 294 743 216 933 630 295 845 223 822 107 666 803 1000 1045 257 790 942 574 1156 220 1112 978 880 146 110 688 674 644 2488 1027 1223 339 698 796 1126 175 276 445 800 1195 799 799 601 225 1231 885 305 262 749 212 289 639 780 338 237
890 582 554 719 1390 1311 757 811 217 482 772 767 793 903 0 135 530 601 1396 571 207 1251 1434 668 1092 568 546 571 976 512 329 982 180 993 76 692 998 596 1000 213 884 416 707 576 621 947 694 190 1298 732 997 359 592 559 923 957 438 424 395 3005 274 799 1042 1421 701 701 1053 978 1173 550 771 861 1523 1329 1093 807 132 1032 964 811 1090 838 1363 842 936 1080
994 686 658 823 1494 1415 861 915 321 586 876 871 897 1007 135 0 634 705 1500 675 311 1355 1538 772 1196 672 650 675 1080 616 433 1086 284 1097 102 796 1102 699 1104 317 988 520 811 680 725 1051 798 294 1402 836 1101 463 696 663 1027 1061 542 528 499 3109 378 903 1146 1525 805 805 1157 1082 1277 654 875 965 1627 1433 1197 911 236 1136 1068 914 1194 942 1467 946 1040 1184
613 306 416 216 1114 1034 254 534 597 355 800 490 516 626 530 634 0 98 1120 68 587 974 1157 696 816 291 369 294 699 49 301 705 370 716 560 415 721 246 723 450 607 294 204 603 648 670 191 570 1021 760 720 739 454 355 646 680 315 301 272 2728 655 826 765 1144 198 729 776 701 896 291 799 384 1246 1052 816 834 512 755 688 334 813 561 1086 365 659 803
684 377 341 141 1185 1106 180 605 669 280 725 561 588 697 601 705 98 0 1191 101 658 1045 1229 621 887 362 294 365 771 114 372 777 442 788 632 369 792 171 794 521 678 347 129 529 574 742 117 641 1092 685 791 810 379 281 718 751 326 337 343 2800 726 752 836 1216 123 655 848 773 967 217 724 309 1317 1123 887 760 583 827 759 259 885 632 1157 291 730 875
681 1014 1434 1308 47 690 1314 830 1464 1226 1690 786 813 673 1396 1500 1120 1191 0 1161 1453 673 240 1586 627 1000 1387 1003 680 1102 1167 674 1237 502 1427 1124 422 1339 496 1316 675 1160 1296 1494 1539 474 1284 1436 376 1650 500 1606 1472 1374 590 619 1182 1168 1138 2705 1521 1717 378 350 1290 1620 555 443 554 1294 1689 1293 151 708 471 1725 1378 685 457 1242 592 821 311 1274 718 459
654 347 372 171 1155 1076 210 575 639 310 756 531 558 667 571 675 68 101 1161 0 628 1015 1199 651 857 332 324 335 741 83 342 746 411 758 601 400 762 202 764 491 648 335 160 559 604 712 147 611 1062 716 761 780 409 311 688 721 356 342 313 2769 696 782 806 1185 153 685 817 742 937 247 755 340 1287 1093 857 790 553 797 729 289 854 602 1127 321 700 845
947 639 611 776 1447 1368 814 868 127 539 829 824 850 960 207 311 587 658 1453 628 0 1308 1491 725 1149 625 603 628 1033 569 386 1039 237 1050 237 749 1055 653 1057 270 941 473 764 633 678 1004 751 99 1355 789 1054 268 649 616 980 1014 495 481 452 2928 184 856 1099 1478 758 758 1110 1035 1230 607 828 918 1580 1386 1150 864 189 1089 1021 867 1147 895 1420 899 993 1137
536 869 1289 1163 678 89 1168 463 1318 1080 1545 511 481 523 1251 1355 974 1045 673 1015 1308 0 456 1440 179 854 1241 857 298 956 1022 292 1091 555 1281 978 521 1193 549 1171 542 1015 1151 1348 1393 573 1138 1291 392 1505 553 1460 1326 1228 644 469 1036 1022 993 2805 1376 1571 478 345 1145 1474 373 542 161 1149 1544 1147 544 106 456 1579 1233 245 556 1097 361 439 403 1128 336 468
719 1052 1472 1346 246 473 1352 753 1502 1263 1728 801 770 711 1434 1538 1157 1229 240 1199 1491 456 0 1624 468 1038 1425 1040 587 1140 1205 582 1275 540 1465 1161 460 1376 533 1354 713 1198 1334 1532 1577 512 1322 1474 159 1688 538 1643 1510 1412 628 657 1220 1206 1176 2743 1559 1755 416 134 1328 1657 593 481 395 1332 1727 1330 112 491 509 1763 1416 535 495 1280 630 729 94 1312 626 497
1244 936 524 791 1744 1665 830 1165 900 676 123 1121 1147 1256 832 936 860 785 1750 816 889 1605 1788 0 1446 922 517 925 1330 866 683 1336 673 1347 863 1019 1352 642 1353 752 1238 743 779 366 85 1301 767 872 1652 83 1351 1041 562 530 1277 1311 721 733 749 3359 957 149 1396 1775 773 52 1407 1332 1527 612 122 959 1877 1683 1447 157 814 1386 1318 909 1444 1192 1717 940 1290 1434
378 710 1130 1004 621 239 1010 305 1160 922 1386 353 322 365 1092 1196 816 887 627 857 1149 179 468 1282 0 696 1083 699 139 798 863 134 933 397 1123 820 461 1035 390 1012 384 856 993 1190 1235 513 980 1132 332 1346 395 1302 1168 1070 486 311 878 864 834 2744 1217 1413 417 455 986 1316 214 482 101 990 1385 989 557 256 297 1421 1075 144 496 939 202 281 397 970 178 310
494 55 606 381 994 915 343 415 636 397 862 370 397 506 568 672 291 362 1000 332 625 854 1038 758 696 0 558 68 580 273 339 586 408 597 598 152 601 510 603 488 487 332 392 665 710 551 406 608 901 822 600 777 644 545 527 560 353 339 310 2609 693 888 645 1025 399 791 657 582 776 466 861 321 1126 932 696 896 550 636 568 271 694 441 966 303 539 684
880 573 73 300 1381 1302 338 801 614 184 457 757 784 893 546 650 369 294 1387 324 603 1241 1425 352 1083 558 0 561 967 384 397 973 386 984 576 528 988 151 990 466 874 251 288 260 305 938 275 586 1288 417 987 755 110 40 914 947 230 241 272 2996 671 483 1032 1412 282 386 1044 969 1163 121 456 468 1513 1319 1083 491 528 1023 955 418 1081 828 1353 449 926 1071
496 54 608 379 997 917 341 417 638 400 864 373 400 509 571 675 294 365 1003 335 628 857 1040 760 699 68 561 0 582 276 342 588 411 599 601 151 604 513 606 490 490 334 391 668 713 553 405 611 904 824 603 780 646 548 529 563 356 342 313 2611 695 891 648 1027 398 794 659 584 779 468 863 320 1129 935 699 899 553 638 571 270 696 444 969 301 542 686
313 594 1014 888 674 358 894 188 1044 805 1270 237 206 300 976 1080 699 771 680 741 1033 298 587 1166 139 580 967 582 0 682 747 68 817 331 1007 703 402 919 325 896 319 740 876 1074 1119 454 864 1016 451 1230 329 1185 1052 954 420 246 762 748 718 2685 1101 1297 358 574 870 1199 149 423 220 874 1269 872 676 376 232 1305 958 79 437 822 137 165 516 854 113 244
595 288 431 231 1096 1017 270 516 580 341 806 472 499 608 512 616 49 114 1102 83 569 956 1140 702 798 273 384 276 682 0 283 687 352 699 542 397 703 261 705 432 589 276 219 609 654 653 207 552 1003 766 702 721 469 371 629 662 297 283 254 2710 637 833 747 1126 213 735 758 683 878 306 805 399 1228 1034 798 840 494 738 670 349 795 543 1068 380 641 786
661 353 405 490 1161 1082 528 582 397 253 623 538 564 674 329 433 301 372 1167 342 386 1022 1205 519 863 339 397 342 747 283 0 753 169 764 359 463 769 367 771 249 655 187 478 426 471 718 465 369 1069 583 768 538 442 401 694 728 209 195 166 2776 454 649 813 1192 472 552 824 749 944 321 622 632 1294 1100 864 657 311 803 735 582 861 609 1134 613 707 851
307 600 1020 894 668 352 899 194 1050 811 1276 243 212 294 982 1086 705 777 674 746 1039 292 582 1172 134 586 973 588 68 687 753 0 823 326 1012 709 396 924 319 902 313 746 882 1079 1124 448 870 1022 445 1236 323 1191 1058 959 414 240 767 754 724 2679 1107 1303 352 568 876 1205 143 417 214 880 1275 878 670 370 226 1310 964 73 431 828 131 170 510 859 107 238
730 423 394 559 1231 1152 598 651 248 322 613 607 634 743 180 284 370 442 1237 411 237 1091 1275 508 933 408 386 411 817 352 169 823 0 834 210 532 838 436 840 100 724 257 547 416 461 788 535 220 1138 573 837 389 432 400 764 797 278 264 235 2846 305 639 882 1262 541 542 894 819 1013 391 612 701 1363 1169 933 647 162 873 805 651 931 678 1203 682 776 921
204 611 1031 905 496 615 911 353 1061 822 1287 308 335 216 993 1097 716 788 502 758 1050 555 540 1183 397 597 984 599 331 699 764 326 834 0 1024 720 184 935 112 913 198 757 893 1091 1136 146 881 1033 403 1247 109 1202 1069 971 112 271 779 765 735 2377 1118 1314 180 526 887 1216 206 164 468 891 1286 889 628 633 123 1322 975 336 151 839 244 379 468 871 370 110
920 613 584 749 1421 1342 788 841 248 512 803 797 824 933 76 102 560 632 1427 601 237 1281 1465 698 1123 598 576 601 1007 542 359 1012 210 1024 0 722 1028 626 1030 243 914 447 737 606 651 978 725 220 1328 763 1027 389 622 589 954 987 468 454 425 3035 305 829 1072 1451 731 732 1084 1008 1203 581 802 891 1553 1359 1123 837 162 1063 995 841 1121 868 1393 872 966 1111
617 138 575 252 1118 1038 214 538 759 514 959 494 520 630 692 796 415 369 1124 400 749 978 1161 855 820 152 528 151 703 397 463 709 532 720 722 0 725 405 727 611 611 455 264 763 808 674 277 732 1025 919 724 901 613 515 650 684 477 463 433 2732 816 986 769 1148 270 889 780 705 900 451 958 193 1250 1056 820 994 674 759 692 143 817 565 1090 174 663 807
283 616 1036 910 416 582 915 432 1065 827 1292 387 414 295 998 1102 721 792 422 762 1055 521 460 1187 461 601 988 604 402 703 769 396 838 184 1028 725 0 940 190 918 277 762 898 1095 1140 75 885 1038 323 1252 187 1207 1073 975 191 341 783 769 740 2307 1123 1318 80 447 892 1221 277 94 388 896 1291 894 548 599 193 1326 980 407 80 844 314 458 388 875 440 181
832 520 198 177 1333 1253 216 753 663 137 582 709 736 845 596 699 246 171 1339 202 653 1193 1376 478 1035 510 151 513 919 261 367 924 436 935 626 405 940 0 942 515 826 204 165 385 430 890 153 635 1240 542 939 805 236 137 866 899 182 194 225 2947 720 609 984 1363 159 511 995 920 1115 73 581 345 1465 1271 1035 616 578 974 907 295 1032 780 1305 326 878 1022
210 618 1037 911 490 609 917 359 1067 829 1293 315 341 223 1000 1104 723 794 496 764 1057 549 533 1189 390 603 990 606 325 705 771 319 840 112 1030 727 190 942 0 919 204 763 900 1097 1142 152 887 1039 397 1253 115 1209 1075 977 119 264 785 771 741 2384 1124 1320 174 520 893 1223 200 171 461 897 1292 896 622 627 116 1328 982 330 157 846 237 386 462 877 364 104
810 502 474 638 1310 1231 677 731 280 402 692 686 713 822 213 317 450 521 1316 491 270 1171 1354 588 1012 488 466 490 896 432 249 902 100 913 243 611 918 515 919 0 804 336 627 495 540 867 614 253 1218 652 916 422 511 479 843 877 358 344 314 2925 337 719 962 1341 620 621 973 898 1093 470 691 780 1442 1248 1012 726 195 952 884 730 1010 758 1282 761 855 1000
94 502 922 796 669 603 801 243 951 713 1178 199 226 107 884 988 607 678 675 648 941 542 713 1073 384 487 874 490 319 589 655 313 724 198 914 611 277 826 204 804 0 648 784 981 1026 238 771 924 577 1138 201 1093 959 861 128 129 669 655 626 2470 1009 1204 321 700 778 1107 194 257 465 782 1177 780 801 620 244 1212 866 324 243 730 231 270 641 761 357 257
654 346 299 353 1154 1075 391 575 484 90 682 531 557 666 416 520 294 347 1160 335 473 1015 1198 578 856 332 251 334 740 276 187 746 257 757 447 455 762 204 763 336 648 0 341 486 531 711 328 456 1062 642 760 626 336 238 687 721 85 84 55 2769 541 709 806 1185 335 612 817 742 937 159 681 521 1287 1093 856 717 399 796 728 471 854 602 1126 502 699 844
790 378 335 118 1291 1211 80 711 774 274 719 667 693 803 707 811 204 129 1296 160 764 1151 1334 615 993 392 288 391 876 219 478 882 547 893 737 264 898 165 900 627 784 341 0 523 568 847 111 747 1198 679 897 916 373 275 823 857 319 331 362 2905 832 746 942 1321 117 648 953 878 1073 210 718 204 1423 1229 993 754 689 932 865 154 990 738 1263 185 836 980
1205 898 486 752 1706 1626 791 1126 861 637 279 1082 1109 1218 794 898 821 747 1712 777 851 1566 1749 175 1408 883 478 886 1292 827 644 1297 634 1308 824 981 1313 603 1315 713 1199 704 740 0 127 1263 728 833 1613 239 1312 1003 523 491 1239 1272 682 694 710 3320 918 306 1357 1736 734 208 1368 1293 1488 573 278 921 1838 1644 1408 313 776 1347 1280 870 1405 1153 1678 902 1251 1395
1197 889 477 744 1697 1618 782 1118 853 628 185 1073 1100 1209 785 889 813 738 1703 768 842 1557 1741 85 1399 875 469 877 1283 819 636 1289 625 1300 815 972 1304 595 1306 705 1190 695 732 319 0 1254 719 825 1605 145 1303 994 515 482 1230 1263 674 686 701 3312 910 211 1349 1728 726 114 1360 1285 1480 565 184 912 1829 1635 1399 219 767 1339 1271 862 1397 1144 1669 893 1242 1387
244 565 985 859 468 634 865 393 1015 776 1241 349 376 257 947 1051 670 742 474 712 1004 573 512 1137 513 551 938 553 454 653 718 448 788 146 978 674 75 890 152 867 238 711 847 1045 1090 0 835 987 375 1201 149 1156 1023 925 153 311 733 719 689 2256 1072 1268 119 499 841 1170 329 56 440 845 1240 843 600 651 245 1276 929 459 42 793 366 420 440 825 492 233
777 392 323 122 1278 1199 93 699 762 261 707 654 681 790 694 798 191 117 1284 147 751 1138 1322 602 980 406 275 405 864 207 465 870 535 881 725 277 885 153 887 614 771 328 111 510 555 835 0 734 1185 667 884 903 360 262 811 844 307 319 350 2893 819 733 929 1309 105 636 941 866 1060 198 706 217 1410 1216 980 741 676 920 852 167 978 725 1250 198 823 968
930 622 594 759 1430 1351 797 851 110 522 812 807 833 942 190 294 570 641 1436 611 99 1291 1474 708 1132 608 586 611 1016 552 369 1022 220 1033 220 732 1038 635 1039 253 924 456 747 616 661 987 734 0 1338 772 1037 251 632 599 963 997 478 464 435 2911 167 839 1082 1461 741 741 1093 1018 1213 590 811 900 1563 1369 1133 847 172 1072 1004 850 1130 878 1403 882 976 1120
583 916 1336 1210 382 453 1215 616 1365 1127 1592 665 634 574 1298 1402 1021 1092 376 1062 1355 392 159 1488 332 901 1288 904 451 1003 1069 445 1138 403 1328 1025 323 1240 397 1218 577 1062 1198 1395 1440 375 1185 1338 0 1552 401 1507 1373 1275 491 521 1083 1069 1040 2607 1423 1618 280 146 1192 1521 456 345 259 1196 1591 1194 248 470 373 1626 1280 399 358 1144 494 592 88 1175 489 360
1308 1001 589 855 1809 1729 894 1229 964 740 122 1185 1212 1321 897 1001 924 850 1815 880 954 1669 1853 83 1511 986 581 989 1395 930 747 1400 737 1412 927 1084 1416 706 1418 816 1302 807 844 430 145 1366 831 936 1716 0 1415 1106 626 594 1342 1375 785 797 813 3423 1021 111 1460 1839 837 94 1471 1396 1591 676 147 1024 1941 1747 1511 114 879 1450 1383 973 1508 1256 1781 1005 1354 1499
207 615 1034 908 494 613 914 356 1064 826 1290 312 338 220 997 1101 720 791 500 761 1054 553 538 1186 395 600 987 603 329 702 768 323 837 109 1027 724 187 939 115 916 201 760 897 1094 1139 149 884 1037 401 1250 0 1206 1072 974 116 268 782 768 738 2381 1121 1317 178 524 890 1220 204 168 466 894 1289 893 626 631 121 1325 979 334 154 843 242 383 466 874 368 108
1099 792 763 928 1600 1520 966 1020 217 691 981 976 1003 1112 359 463 739 810 1606 780 268 1460 1643 877 1302 777 755 780 1185 721 538 1191 389 1202 389 901 1207 805 1209 422 1093 626 916 785 830 1156 903 251 1507 941 1206 0 801 768 1132 1166 647 633 604 2873 114 1008 1251 1630 910 911 1262 1187 1382 760 980 1070 1732 1538 1302 1016 341 1241 1174 1020 1299 1047 1572 1051 1145 1289
966 658 79 385 1466 1387 423 887 659 269 502 842 869 978 592 696 454 379 1472 409 649 1326 1510 398 1168 644 110 646 1052 469 442 1058 432 1069 622 613 1073 236 1075 511 959 336 373 306 351 1023 360 632 1373 462 1072 801 0 123 999 1032 315 327 357 3081 716 529 1117 1497 367 431 1129 1054 1248 206 501 553 1598 1404 1168 537 574 1108 1040 503 1166 913 1438 534 1011 1156
867 560 86 287 1368 1288 325 788 627 171 470 744 771 880 559 663 355 281 1374 311 616 1228 1412 365 1070 545 40 548 954 371 401 959 400 971 589 515 975 137 977 479 861 238 275 273 318 925 262 599 1275 430 974 768 123 0 901 934 216 228 259 2982 684 496 1019 1398 269 399 1030 955 1150 107 469 455 1500 1306 1070 504 541 1009 942 405 1067 815 1340 436 913 1058
134 541 961 835 584 704 841 283 991 752 1217 238 265 146 923 1027 646 718 590 688 980 644 628 1113 486 527 914 529 420 629 694 414 764 112 954 650 191 866 119 843 128 687 823 1021 1066 153 811 963 491 1177 116 1132 999 901 0 201 709 695 665 2384 1048 1244 235 614 817 1146 295 171 556 821 1216 819 716 722 212 1252 905 425 158 769 333 309 556 801 407 199
123 575 995 869 613 530 874 316 1024 786 1251 272 299 110 957 1061 680 751 619 721 1014 469 657 1146 311 560 947 563 246 662 728 240 797 271 987 684 341 899 264 877 129 721 857 1054 1099 311 844 997 521 1211 268 1166 1032 934 201 0 742 728 699 2543 1082 1277 297 644 851 1180 121 330 391 855 1250 853 745 547 171 1285 939 251 316 803 158 343 585 834 284 184
675 368 277 331 1176 1097 370 596 506 68 661 552 579 688 438 542 315 326 1182 356 495 1036 1220 557 878 353 230 356 762 297 209 767 278 779 468 477 783 182 785 358 669 85 319 464 509 733 307 478 1083 621 782 647 315 216 709 742 0 75 76 2791 563 688 827 1206 313 590 839 763 958 137 660 499 1308 1114 878 695 420 818 750 449 876 623 1148 481 721 866
661 354 289 343 1162 1083 382 582 492 80 673 538 565 674 424 528 301 337 1168 342 481 1022 1206 569 864 339 241 342 748 283 195 754 264 765 454 463 769 194 771 344 655 84 331 476 521 719 319 464 1069 633 768 633 327 228 695 728 75 0 62 2777 549 699 813 1192 325 602 825 750 944 149 672 511 1294 1100 864 707 406 804 736 461 862 609 1134 492 707 852
632 324 320 374 1132 1053 413 553 462 111 688 509 535 644 395 499 272 343 1138 313 452 993 1176 584 834 310 272 313 718 254 166 724 235 735 425 433 740 225 741 314 626 55 362 492 537 689 350 435 1040 648 738 604 357 259 665 699 76 62 0 2747 519 715 784 1163 356 618 795 720 915 180 687 542 1265 1071 835 723 377 774 706 492 832 580 1105 523 678 822
2488 2635 3055 2929 2711 2877 2934 2601 2815 2846 3311 2557 2584 2501 2957 3061 2740 2812 2717 2782 2866 2817 2755 3207 2756 2621 3008 2623 2697 2723 2788 2692 2858 2389 2987 2744 2319 2959 2396 2937 2482 2781 2917 3115 3160 2268 2905 2849 2619 3271 2393 2811 3093 2994 2396 2555 2803 2789 2759 0 2727 3338 2363 2742 2911 3240 2572 2299 2683 2915 3310 2913 2844 2895 2489 3346 2939 2702 2285 2863 2610 2628 2684 2895 2726 2476
1015 707 679 844 1515 1436 882 936 132 607 897 892 918 1027 274 378 655 726 1521 696 184 1376 1559 793 1217 693 671 695 1101 637 454 1107 305 1118 305 816 1123 720 1124 337 1009 541 832 701 746 1072 819 167 1423 857 1121 114 716 684 1048 1082 563 549 519 2789 0 924 1167 1546 826 826 1178 1103 1298 675 896 985 1648 1454 1217 931 257 1157 1089 935 1215 963 1487 967 1060 1205
1375 1067 655 922 1875 1796 961 1296 1031 806 71 1251 1278 1387 963 1067 991 916 1881 946 1020 1736 1919 149 1577 1053 647 1055 1461 997 814 1467 804 1478 993 1150 1483 773 1484 883 1369 873 910 497 211 1432 898 1003 1783 111 1481 1172 693 661 1408 1442 852 864 879 3490 1088 0 1527 1906 904 142 1538 1463 1658 743 96 1090 2008 1813 1577 63 945 1517 1449 1040 1575 1323 1847 1071 1420 1565
327 660 1080 954 372 538 959 476 1109 871 1336 431 458 339 1042 1146 765 836 378 806 1099 478 416 1232 417 645 1032 648 358 747 813 352 882 180 1072 769 80 984 174 962 321 806 942 1139 1184 119 929 1082 280 1296 178 1251 1117 1019 235 297 827 813 784 2351 1167 1362 0 403 936 1265 233 102 344 940 1335 938 505 555 149 1370 1024 363 115 888 270 500 344 919 397 137
706 1039 1459 1333 356 363 1338 739 1489 1250 1715 788 757 698 1421 1525 1144 1216 350 1185 1478 345 134 1611 455 1025 1412 1027 574 1126 1192 568 1262 526 1451 1148 447 1363 520 1341 700 1185 1321 1518 1563 499 1309 1461 146 1675 524 1630 1497 1398 614 644 1206 1192 1163 2730 1546 1742 403 0 1315 1644 580 468 382 1319 1714 1317 222 380 496 1749 1403 522 482 1267 617 716 81 1298 613 484
784 384 329 124 1284 1205 86 705 768 268 713 661 687 796 701 805 198 123 1290 153 758 1145 1328 609 986 399 282 398 870 213 472 876 541 887 731 270 892 159 893 620 778 335 117 517 562 841 105 741 1192 673 890 910 367 269 817 851 313 325 356 2899 826 740 936 1315 0 642 947 872 1067 204 712 210 1417 1223 987 748 683 926 858 160 984 732 1257 191 830 974
1277 970 558 825 1778 1699 863 1198 933 709 134 1154 1181 1290 866 970 893 819 1784 849 923 1638 1822 52 1480 955 550 958 1364 899 716 1370 706 1381 896 1053 1385 675 1387 786 1271 776 813 399 114 1335 800 906 1685 94 1384 1075 596 563 1311 1344 754 766 782 3393 991 142 1429 1809 807 0 1441 1366 1560 646 133 993 1910 1716 1480 145 848 1420 1352 943 1478 1225 1750 974 1323 1468
188 671 1091 965 549 433 970 314 1121 882 1347 363 332 175 1053 1157 776 848 555 817 1110 373 593 1243 214 657 1044 659 149 758 824 143 894 206 1084 780 277 995 200 973 194 817 953 1151 1195 329 941 1093 456 1307 204 1262 1129 1030 295 121 839 825 795 2560 1178 1374 233 580 947 1276 0 298 295 951 1346 949 681 450 107 1381 1035 154 312 899 61 290 521 930 187 119
263 596 1016 890 437 603 895 412 1046 807 1272 367 394 276 978 1082 701 773 443 742 1035 542 481 1168 482 582 969 584 423 683 749 417 819 164 1008 705 94 920 171 898 257 742 878 1075 1120 56 866 1018 345 1232 168 1187 1054 955 171 330 763 750 720 2287 1103 1299 102 468 872 1201 298 0 409 876 1271 874 569 620 214 1306 960 428 60 824 335 439 409 855 461 202
458 791 1211 1085 548 222 1090 385 1241 1002 1467 434 403 445 1173 1277 896 967 554 937 1230 161 395 1363 101 776 1163 779 220 878 944 214 1013 468 1203 900 388 1115 461 1093 465 937 1073 1270 1315 440 1060 1213 259 1427 466 1382 1248 1150 556 391 958 944 915 2671 1298 1493 344 382 1067 1396 295 409 0 1071 1466 1069 484 239 378 1501 1155 167 423 1019 283 361 324 1050 258 390
788 480 168 222 1288 1209 261 709 618 107 552 664 691 800 550 654 291 217 1294 247 607 1149 1332 448 990 466 121 468 874 306 321 880 391 891 581 451 896 73 897 470 782 159 210 355 400 845 198 590 1196 512 894 760 206 107 821 855 137 149 180 2903 675 579 940 1319 204 481 951 876 1071 0 551 390 1421 1226 990 586 532 930 862 340 988 736 1260 372 833 978
1347 1040 628 894 1848 1768 933 1268 1003 779 107 1224 1251 1360 936 1039 963 889 1854 919 993 1708 1891 122 1550 1025 620 1028 1434 969 786 1439 776 1450 966 1123 1455 745 1457 855 1341 846 882 469 184 1405 870 975 1755 147 1454 1145 665 633 1380 1414 824 836 852 3462 1060 96 1499 1878 876 133 1510 1435 1630 715 0 1063 1980 1786 1550 100 918 1489 1422 1012 1547 1295 1820 1044 1393 1537
786 307 515 192 1287 1207 154 707 928 454 899 663 689 799 861 965 384 309 1293 340 918 1147 1330 795 989 321 468 320 872 399 632 878 701 889 891 193 894 345 896 780 780 521 204 703 748 843 217 900 1194 859 893 1070 553 455 819 853 499 511 542 2901 985 926 938 1317 210 828 949 874 1069 390 898 0 1419 1225 989 934 843 928 861 83 986 734 1259 56 832 976
808 1141 1561 1435 157 562 1440 841 1590 1352 1817 890 859 799 1523 1627 1246 1317 151 1287 1580 544 112 1712 557 1126 1513 1129 676 1228 1294 670 1363 628 1553 1250 548 1465 622 1442 801 1287 1423 1620 1665 600 1410 1563 248 1777 626 1732 1598 1500 716 745 1308 1294 1265 2832 1648 1843 505 222 1417 1746 681 569 484 1421 1816 1419 0 579 597 1851 1505 623 583 1369 718 817 183 1400 714 585
614 947 1367 1241 713 38 1246 541 1396 1158 1623 589 558 601 1329 1433 1052 1123 708 1093 1386 106 491 1518 256 932 1319 935 376 1034 1100 370 1169 633 1359 1056 599 1271 627 1248 620 1093 1229 1426 1471 651 1216 1369 470 1583 631 1538 1404 1306 722 547 1114 1100 1071 2882 1454 1649 555 380 1223 1552 450 620 239 1226 1622 1225 579 0 533 1657 1311 323 634 1175 439 517 438 1206 414 546
238 711 1130 1005 465 516 1010 397 1160 922 1386 408 415 225 1093 1197 816 887 471 857 1150 456 509 1282 297 696 1083 699 232 798 864 226 933 123 1123 820 193 1035 116 1012 244 856 993 1190 1235 245 980 1133 373 1346 121 1302 1168 1070 212 171 878 864 835 2477 1217 1413 149 496 987 1316 107 214 378 990 1385 989 597 533 0 1421 1075 237 228 939 144 373 437 970 270 46
1383 1075 663 930 1883 1804 968 1304 1039 814 74 1259 1286 1395 971 1075 999 924 1889 954 1028 1743 1927 157 1585 1061 655 1063 1469 1005 822 1475 811 1486 1001 1158 1490 781 1492 891 1376 881 918 505 219 1440 905 1011 1791 114 1489 1180 701 668 1416 1449 860 872 887 3498 1096 63 1535 1914 912 145 1546 1471 1666 751 100 1098 2015 1821 1585 0 953 1525 1457 1048 1583 1330 1855 1079 1428 1573
872 564 536 701 1373 1293 739 793 199 464 754 749 775 885 132 236 512 583 1378 553 189 1233 1416 650 1075 550 528 553 958 494 311 964 162 975 162 674 980 578 982 195 866 399 689 558 603 929 676 172 1280 714 979 341 574 541 905 939 420 406 377 2987 257 781 1024 1403 683 684 1035 960 1155 532 753 843 1505 1311 1075 789 0 1014 947 793 1072 820 1345 824 918 1062
318 650 1070 944 679 306 949 244 1100 861 1326 293 262 305 1032 1136 755 827 685 797 1089 245 535 1222 144 636 1023 638 79 738 803 73 873 336 1063 759 407 974 330 952 324 796 932 1130 1175 459 920 1072 399 1286 334 1241 1108 1009 425 251 818 804 774 2690 1157 1353 363 522 926 1255 154 428 167 930 1325 928 623 323 237 1361 1014 0 442 878 142 221 463 910 118 249
249 582 1002 876 451 617 882 398 1032 794 1258 354 381 262 964 1068 688 759 457 729 1021 556 495 1154 496 568 955 571 437 670 735 431 805 151 995 692 80 907 157 884 243 728 865 1062 1107 42 852 1004 358 1218 154 1174 1040 942 158 316 750 736 706 2273 1089 1285 115 482 858 1188 312 60 423 862 1257 861 583 634 228 1293 947 442 0 810 349 425 423 842 475 216
736 257 465 142 1236 1157 104 657 878 404 849 613 639 749 811 914 334 259 1242 289 867 1097 1280 745 939 271 418 270 822 349 582 828 651 839 841 143 844 295 846 730 730 471 154 653 698 793 167 850 1144 809 843 1020 503 405 769 803 449 461 492 2851 935 876 888 1267 160 778 899 824 1019 340 848 83 1369 1175 939 884 793 878 810 0 936 684 1209 64 782 926
225 708 1128 1002 586 421 1007 302 1158 919 1384 351 320 212 1090 1194 813 885 592 854 1147 361 630 1280 202 694 1081 696 137 795 861 131 931 244 1121 817 314 1032 237 1010 231 854 990 1188 1233 366 978 1130 494 1344 242 1299 1166 1067 333 158 876 862 832 2598 1215 1411 270 617 984 1313 61 335 283 988 1383 986 718 439 144 1419 1072 142 349 936 0 279 558 967 176 157
276 456 876 750 815 500 755 95 905 667 1132 144 113 289 838 942 561 632 821 602 895 439 729 1027 281 441 828 444 165 543 609 170 678 379 868 565 458 780 386 758 270 602 738 935 980 420 725 878 592 1092 383 1047 913 815 309 343 623 609 580 2616 963 1158 500 716 732 1061 290 439 361 736 1131 734 817 517 373 1166 820 221 425 684 279 0 657 715 124 386
647 981 1400 1275 317 421 1280 681 1430 1192 1656 729 699 639 1363 1467 1086 1157 311 1127 1420 403 94 1552 397 966 1353 969 516 1068 1134 510 1203 468 1393 1090 388 1305 462 1282 641 1126 1263 1460 1505 440 1250 1403 88 1616 466 1572 1438 1340 556 585 1148 1134 1105 2671 1487 1683 344 81 1257 1586 521 409 324 1260 1655 1259 183 438 437 1691 1345 463 423 1209 558 657 0 1240 554 425
767 288 496 173 1268 1188 135 688 909 435 880 644 671 780 842 946 365 291 1274 321 899 1128 1312 776 970 303 449 301 854 380 613 859 682 871 872 174 875 326 877 761 761 502 185 684 729 825 198 882 1175 840 874 1051 534 436 801 834 481 492 523 2882 967 907 919 1298 191 810 930 855 1050 372 879 56 1400 1206 970 915 824 910 842 64 967 715 1240 0 813 958
351 554 973 848 712 397 853 148 1003 765 1229 196 165 338 936 1040 659 730 718 700 993 336 626 1125 178 539 926 542 113 641 707 107 776 370 966 663 440 878 364 855 357 699 836 1033 1078 492 823 976 489 1189 368 1145 1011 913 407 284 721 707 678 2714 1060 1256 397 613 830 1159 187 461 258 833 1228 832 714 414 270 1264 918 118 475 782 176 124 554 813 0 283
251 698 1118 992 453 528 998 409 1148 909 1374 395 422 237 1080 1184 803 875 459 845 1137 468 497 1270 310 684 1071 686 244 786 851 238 921 110 1111 807 181 1022 104 1000 257 844 980 1178 1223 233 968 1120 360 1334 108 1289 1156 1058 199 184 866 852 822 2464 1205 1401 137 484 974 1303 119 202 390 978 1373 976 585 546 46 1409 1062 249 216 926 157 386 425 958 283 0
EOF