NAME : tsp_problem
TYPE : TSP
DIMENSION : 46
EDGE_WEIGHT_TYPE : EXPLICIT
EDGE_WEIGHT_FORMAT : FULL_MATRIX
EDGE_WEIGHT_SECTION
0 185 1437 1607 666 1401 1444 757 1766 1527 668 1102 1643 315 1235 819 869 45 768 1598 366 586 614 368 653 762 767 648 1230 659 743 1638 223 769 1181 1808 576 459 1587 1581 1746 1541 590 1114 1330 597
185 0 1275 1445 504 1240 1282 595 1605 1365 506 940 1482 388 1074 657 767 163 705 1437 461 424 452 463 492 699 606 487 1069 498 680 1477 386 607 1019 1646 414 463 1425 1419 1585 1379 608 952 1168 435
1437 1275 0 411 983 513 555 784 570 639 948 489 755 1176 391 768 728 1415 832 710 1249 876 848 1251 881 838 769 887 233 875 858 750 1335 796 281 612 1016 1142 698 693 550 652 1151 500 167 865
1819 1657 623 0 1364 683 726 1166 240 809 1330 870 925 1558 975 1150 1110 1796 1214 881 1631 1258 1230 1632 1263 1220 1151 1269 817 1257 1240 920 1717 1177 791 281 1397 1523 869 863 220 823 1532 882 639 1246
666 504 983 1153 0 947 989 223 1312 1073 58 648 1189 405 781 290 326 644 225 1144 478 330 358 480 248 219 239 242 776 254 200 1184 564 211 726 1353 113 334 1132 1127 1292 1087 343 659 875 341
1401 1240 513 472 947 0 115 749 631 206 913 453 323 1141 586 732 693 1379 797 278 1214 841 813 1215 846 803 734 852 424 840 822 318 1300 760 374 673 980 1106 266 260 611 220 1115 465 369 829
1444 1282 555 514 989 115 0 791 674 249 955 495 365 1183 629 775 735 1422 839 320 1256 883 855 1258 888 845 776 894 466 882 865 360 1342 803 416 715 1023 1148 308 303 654 263 1158 507 411 872
757 595 784 954 223 749 791 0 1114 874 188 449 991 496 583 91 202 735 306 946 569 210 238 571 127 312 40 133 578 121 332 985 655 41 528 1155 262 533 934 928 1094 888 542 461 677 221
1931 1769 735 438 1476 796 838 1278 0 921 1442 982 1038 1670 1087 1262 1222 1909 1326 993 1743 1370 1342 1744 1375 1332 1263 1381 929 1369 1352 1032 1829 1290 903 172 1510 1635 981 975 115 935 1645 994 752 1359
1527 1365 639 598 1073 206 249 874 757 0 1038 579 305 1266 712 858 818 1505 922 260 1339 966 938 1341 971 928 859 977 549 965 948 300 1426 886 500 798 1106 1232 248 83 737 203 1241 590 494 955
668 506 948 1119 58 913 955 188 1278 1038 0 613 1155 407 747 256 361 645 259 1110 480 331 360 481 250 253 204 244 742 256 234 1150 566 177 692 1319 115 368 1098 1093 1258 1052 377 625 841 343
1102 940 489 659 648 453 495 449 818 579 613 0 695 842 164 433 393 1080 497 650 914 542 513 916 546 504 434 552 282 540 523 690 1001 461 232 859 681 807 638 633 798 593 816 79 381 530
1643 1482 755 714 1189 323 365 991 873 305 1155 695 0 1383 828 974 935 1621 1039 167 1456 1083 1055 1457 1088 1045 976 1094 666 1082 1064 62 1542 1002 616 914 1222 1348 217 359 853 171 1357 706 611 1071
315 388 1176 1347 405 1141 1183 496 1506 1266 407 842 1383 0 975 558 577 337 476 1338 95 325 354 97 393 470 507 388 970 399 451 1378 182 508 920 1547 315 167 1326 1321 1486 1280 312 853 1069 337
1235 1074 391 763 781 586 629 583 923 712 747 164 828 975 0 566 527 1213 631 783 1048 675 647 1049 680 637 568 686 415 674 656 823 1134 594 365 964 814 940 771 766 903 726 949 152 515 663
819 657 768 938 290 732 775 91 1098 858 256 433 974 558 566 0 186 796 290 930 631 272 300 632 189 296 77 195 562 183 315 969 717 103 512 1139 323 599 918 912 1078 872 608 445 661 283
869 767 728 899 326 693 735 202 1058 818 361 393 935 577 527 186 0 892 127 890 650 382 410 652 299 133 187 305 522 293 153 930 736 213 472 1099 416 436 878 872 1038 832 446 405 621 393
45 163 1415 1585 644 1379 1422 735 1744 1505 645 1080 1621 337 1213 796 892 0 791 1576 389 563 592 390 631 784 745 626 1208 637 765 1616 245 746 1158 1786 554 482 1564 1559 1724 1519 613 1091 1308 575
768 705 832 1003 225 797 839 306 1162 922 259 497 1039 476 631 290 127 791 0 994 549 486 514 550 403 97 291 409 626 397 117 1034 635 317 576 1203 315 335 982 976 1142 936 344 509 725 497
1598 1437 710 669 1144 278 320 946 828 260 1110 650 167 1338 783 930 890 1576 994 0 1411 1038 1010 1412 1043 1000 931 1049 621 1037 1020 162 1497 957 571 870 1177 1303 172 314 808 127 1312 662 566 1026
366 461 1249 1419 478 1214 1256 569 1579 1339 480 914 1456 95 1048 631 650 389 549 1411 0 398 426 59 466 543 579 461 1043 472 523 1450 233 581 993 1620 388 240 1399 1393 1559 1353 385 926 1142 409
586 424 876 1047 330 841 883 210 1206 966 331 542 1083 325 675 272 382 563 486 1038 398 0 67 399 106 492 220 111 670 112 505 1078 484 222 620 1247 240 400 1026 1021 1186 980 544 553 769 50
614 452 848 1019 358 813 855 238 1178 938 360 513 1055 354 647 300 410 592 514 1010 426 67 0 428 135 520 249 140 642 141 534 1050 513 250 592 1219 268 428 998 992 1158 952 573 525 741 79
368 463 1251 1421 480 1215 1258 571 1580 1341 481 916 1457 97 1049 632 652 390 550 1412 59 399 428 0 467 544 581 462 1044 473 525 1452 235 582 994 1621 390 242 1400 1395 1560 1355 386 927 1144 411
653 492 881 1051 248 846 888 127 1211 971 250 546 1088 393 680 189 299 631 403 1043 466 106 135 467 0 409 137 29 675 31 424 1083 552 139 625 1252 158 468 1031 1025 1191 985 567 558 774 118
762 699 838 1009 219 803 845 312 1168 928 253 504 1045 470 637 296 133 784 97 1000 543 492 520 544 409 0 297 415 632 403 123 1040 629 324 582 1209 308 329 988 983 1148 942 338 515 731 503
767 606 769 939 239 734 776 40 1099 859 204 434 976 507 568 77 187 745 291 931 579 220 249 581 137 297 0 143 563 131 317 971 666 52 513 1140 272 549 919 913 1079 873 558 446 662 232
648 487 887 1057 242 852 894 133 1217 977 244 552 1094 388 686 195 305 626 409 1049 461 111 140 462 29 415 143 0 681 35 418 1089 547 145 631 1258 152 463 1037 1031 1197 991 561 564 780 123
1230 1069 233 606 776 424 466 578 765 549 742 282 666 970 415 562 522 1208 626 621 1043 670 642 1044 675 632 563 681 0 669 652 661 1129 589 81 806 809 935 609 604 745 563 944 294 352 658
659 498 875 1045 254 840 882 121 1205 965 256 540 1082 399 674 183 293 637 397 1037 472 112 141 473 31 403 131 35 669 0 423 1077 558 133 619 1246 164 474 1025 1019 1185 979 573 552 768 124
743 680 858 1028 200 822 865 332 1187 948 234 523 1064 451 656 315 153 765 117 1020 523 505 534 525 424 123 317 418 652 423 0 1059 610 343 602 1229 289 310 1008 1002 1168 962 319 535 751 517
1638 1477 750 709 1184 318 360 985 868 300 1150 690 62 1378 823 969 930 1616 1034 162 1450 1078 1050 1452 1083 1040 971 1089 661 1077 1059 0 1537 997 611 909 1217 1343 212 354 848 166 1352 701 606 1066
223 386 1335 1506 564 1300 1342 655 1665 1426 566 1001 1542 182 1134 717 736 245 635 1497 233 484 513 235 552 629 666 547 1129 558 610 1537 0 667 1079 1706 474 326 1485 1480 1645 1439 391 1012 1228 496
769 607 796 966 211 760 803 41 1125 886 177 461 1002 508 594 103 213 746 317 957 581 222 250 582 139 324 52 145 589 133 343 997 667 0 539 1167 268 521 945 940 1105 900 530 472 689 233
1181 1019 281 580 726 374 416 528 739 500 692 232 616 920 365 512 472 1158 576 571 993 620 592 994 625 582 513 631 81 619 602 611 1079 539 0 780 759 885 559 554 719 513 894 244 302 608
1972 1810 776 479 1518 837 879 1319 172 962 1483 1024 1079 1711 1128 1303 1263 1950 1367 1034 1784 1411 1383 1786 1416 1373 1304 1422 971 1410 1393 1074 1870 1331 944 0 1551 1677 1022 1017 157 976 1686 1035 793 1400
576 414 1016 1186 113 980 1023 262 1345 1106 115 681 1222 315 814 323 416 554 315 1177 388 240 268 390 158 308 272 152 809 164 289 1217 474 268 759 1387 0 390 1165 1160 1325 1120 432 692 909 251
459 463 1142 1312 334 1106 1148 533 1471 1232 368 807 1348 167 940 599 436 482 335 1303 240 400 428 242 468 329 549 463 935 474 310 1343 326 521 885 1512 390 0 1291 1286 1451 1246 171 818 1034 411
1587 1425 698 657 1132 266 308 934 816 248 1098 638 217 1326 771 918 878 1564 982 172 1399 1026 998 1400 1031 988 919 1037 609 1025 1008 212 1485 945 559 858 1165 1291 0 302 796 86 1300 650 554 1014
1581 1419 693 652 1127 260 303 928 811 83 1093 633 359 1321 766 912 872 1559 976 314 1393 1021 992 1395 1025 983 913 1031 604 1019 1002 354 1480 940 554 852 1160 1286 302 0 791 257 1295 644 549 1009
1911 1749 715 418 1456 776 818 1258 115 901 1422 962 1018 1650 1067 1242 1202 1889 1306 973 1723 1350 1322 1724 1355 1312 1243 1361 909 1349 1332 1012 1809 1270 883 157 1490 1615 961 955 0 915 1625 974 732 1339
1541 1379 652 611 1087 220 263 888 771 203 1052 593 171 1280 726 872 832 1519 936 127 1353 980 952 1355 985 942 873 991 563 979 962 166 1439 900 513 812 1120 1246 86 257 751 0 1255 604 508 969
590 608 1151 1321 343 1115 1158 542 1480 1241 377 816 1357 312 949 608 446 613 344 1312 385 544 573 386 567 338 558 561 944 573 319 1352 391 530 894 1522 432 171 1300 1295 1460 1255 0 827 1044 556
1114 952 500 670 659 465 507 461 830 590 625 79 706 853 152 445 405 1091 509 662 926 553 525 927 558 515 446 564 294 552 535 701 1012 472 244 871 692 818 650 644 810 604 827 0 393 541
1330 1168 167 428 875 369 411 677 587 494 841 381 611 1069 515 661 621 1308 725 566 1142 769 741 1144 774 731 662 780 352 768 751 606 1228 689 302 629 909 1034 554 549 567 508 1044 393 0 758
597 435 865 1035 341 829 872 221 1194 955 343 530 1071 337 663 283 393 575 497 1026 409 50 79 411 118 503 232 123 658 124 517 1066 496 233 608 1235 251 411 1014 1009 1174 969 556 541 758 0
EOF