NAME : tsp_problem
TYPE : TSP
DIMENSION : 51
EDGE_WEIGHT_TYPE : EXPLICIT
EDGE_WEIGHT_FORMAT : FULL_MATRIX
EDGE_WEIGHT_SECTION
0 832 1433 1221 334 1065 1120 353 538 572 1409 447 217 878 276 1415 381 852 367 1252 446 766 614 535 832 1420 1296 1401 1432 275 303 1331 830 443 1164 1147 108 387 514 914 517 300 1155 450 80 762 1291 355 79 905 255
832 0 818 606 679 434 505 754 488 521 794 601 890 264 949 801 1054 54 843 637 1130 105 305 1011 34 805 681 786 818 948 704 716 32 597 549 349 887 522 386 117 390 776 524 604 859 101 676 675 859 107 938
1597 983 0 539 1444 776 651 1519 1253 1286 1073 1366 1655 871 1714 71 1820 1002 1608 916 1895 916 1070 1776 982 1084 960 57 88 1714 1469 995 980 1362 828 897 1653 1287 1151 1065 1155 1541 723 1370 1624 912 955 1440 1624 1055 1703
1221 606 375 0 1068 272 146 1142 876 910 735 990 1279 494 1338 357 1443 626 1231 578 1518 539 693 1399 606 746 621 343 374 1337 1093 656 603 986 489 393 1276 910 775 599 778 1165 219 993 1248 535 616 1063 1247 612 1327
334 679 1280 1068 0 912 967 305 309 342 1256 145 243 725 302 1262 407 699 196 1099 555 613 504 364 679 1267 1143 1248 1279 302 256 1178 677 141 1011 994 389 490 435 761 439 129 1002 148 361 609 1138 226 361 752 536
1065 434 612 272 912 0 171 987 720 754 870 834 1123 285 1182 594 1287 454 1076 713 1363 384 538 1244 434 881 756 580 611 1181 937 791 431 830 624 163 1120 755 619 369 623 1009 132 837 1092 380 751 908 1092 382 1171
1120 505 487 146 967 171 0 1041 775 809 770 889 1178 393 1237 469 1342 525 1130 613 1417 439 592 1298 505 781 657 454 486 1236 992 692 502 885 525 292 1175 810 674 498 677 1064 118 892 1147 434 652 962 1146 511 1226
353 754 1355 1142 305 987 1041 0 309 343 1331 418 496 800 555 1337 661 774 449 1174 650 687 535 617 754 1342 1217 1322 1354 555 74 1253 751 414 1085 1069 408 308 435 836 439 382 1077 421 380 683 1213 126 379 827 459
538 488 1088 876 309 720 775 309 0 76 1065 231 519 534 578 1071 684 507 472 907 831 421 269 640 487 1075 951 1056 1088 578 259 986 485 226 819 802 593 305 169 570 173 406 811 234 565 417 946 230 565 560 644
572 521 1122 910 342 754 809 343 76 0 1098 264 553 567 612 1104 718 541 506 941 865 455 303 674 521 1109 985 1090 1121 612 293 1020 519 260 853 836 627 339 203 604 207 439 844 268 599 451 980 264 599 594 678
1409 794 909 735 1256 870 770 1331 1065 1098 0 1178 1467 683 1526 891 1631 814 1420 190 1707 728 882 1588 794 213 233 877 908 1525 1281 478 792 1174 454 991 1464 1099 963 877 967 1353 842 1181 1436 724 291 1252 1436 867 1515
447 601 1202 990 145 834 889 418 231 264 1178 0 356 647 415 1184 521 621 309 1021 668 535 426 477 601 1189 1065 1170 1201 415 369 1100 599 63 933 916 502 493 357 684 361 242 924 71 474 531 1060 339 474 674 649
217 890 1491 1279 243 1123 1178 496 519 553 1467 356 0 936 94 1473 199 910 275 1310 346 824 715 439 890 1478 1353 1458 1490 93 447 1389 887 352 1222 1205 272 551 646 972 650 209 1213 359 244 819 1349 417 243 963 419
878 264 707 494 725 285 393 800 534 567 683 647 936 0 995 689 1101 283 889 526 1176 197 351 1057 263 694 569 674 706 995 750 605 261 643 437 406 934 568 432 346 436 822 375 651 905 193 565 721 905 336 984
276 949 1550 1338 302 1182 1237 555 578 612 1526 415 94 995 0 1532 258 969 335 1369 405 883 774 499 949 1537 1413 1518 1549 47 506 1448 947 411 1281 1264 331 610 705 1031 709 268 1272 418 303 878 1408 476 302 1022 478
1580 965 71 522 1427 758 633 1501 1235 1269 1056 1349 1637 853 1696 0 1802 985 1590 899 1877 898 1052 1758 965 1067 942 39 71 1696 1451 978 962 1344 810 879 1635 1269 1133 1047 1137 1524 705 1352 1607 894 938 1422 1606 1038 1686
381 1054 1655 1443 407 1287 1342 661 684 718 1631 521 199 1101 258 1637 0 1074 440 1474 281 988 879 263 1054 1642 1518 1623 1654 257 611 1553 1052 516 1386 1369 436 715 810 1137 814 373 1377 524 408 984 1513 581 408 1127 467
852 54 838 626 699 454 525 774 507 541 814 621 910 283 969 820 1074 0 863 657 1150 125 325 1031 54 825 701 806 837 968 724 736 52 617 569 369 907 542 406 137 410 796 544 624 879 121 696 695 879 127 958
367 843 1444 1231 196 1076 1130 449 472 506 1420 309 275 889 335 1426 440 863 0 1263 587 776 668 339 843 1431 1306 1411 1443 334 399 1342 840 305 1174 1158 422 634 599 925 602 105 1166 312 394 772 1302 370 393 916 569
1252 637 752 578 1099 713 613 1174 907 941 190 1021 1310 526 1369 734 1474 657 1263 0 1550 571 725 1431 637 201 76 720 751 1368 1124 321 635 1017 297 834 1307 942 806 720 810 1196 685 1024 1279 567 134 1095 1279 710 1358
446 1130 1731 1518 555 1363 1417 650 831 865 1707 668 346 1176 405 1713 281 1150 587 1550 0 1063 911 522 1130 1718 1593 1698 1730 405 601 1629 1127 664 1461 1445 502 684 811 1212 815 520 1453 671 474 1059 1589 653 473 1203 299
766 105 752 539 613 384 439 687 421 455 728 535 824 197 883 734 988 125 776 571 1063 0 238 944 105 739 614 719 751 882 638 650 103 531 483 420 821 455 320 188 323 710 474 538 793 35 610 608 792 178 872
614 305 906 693 504 538 592 535 269 303 882 426 715 351 774 888 879 325 668 725 911 238 0 836 305 893 768 873 905 773 486 804 302 422 636 620 669 304 168 387 171 601 628 429 641 234 764 456 640 378 720
535 1011 1612 1399 364 1244 1298 617 640 674 1588 477 439 1057 499 1594 263 1031 339 1431 522 944 836 0 1011 1599 1474 1579 1611 498 567 1510 1008 473 1342 1326 590 802 767 1093 770 273 1334 480 562 940 1470 538 561 1084 708
832 34 818 606 679 434 505 754 487 521 794 601 890 263 949 800 1054 54 843 637 1130 105 305 1011 0 805 681 786 817 948 704 716 32 597 549 349 887 522 386 117 390 776 524 604 859 101 676 675 858 107 938
1420 805 920 746 1267 881 781 1342 1075 1109 213 1189 1478 694 1537 902 1642 825 1431 201 1718 739 893 1599 805 0 244 888 919 1536 1292 489 803 1185 465 1001 1475 1110 974 888 978 1364 853 1192 1447 735 302 1263 1447 878 1526
1296 681 796 621 1143 756 657 1217 951 985 233 1065 1353 569 1413 778 1518 701 1306 76 1593 614 768 1474 681 244 0 763 795 1412 1168 365 678 1061 341 877 1351 985 850 763 853 1240 729 1068 1323 610 177 1138 1322 754 1402
1565 950 57 507 1412 744 618 1487 1220 1254 1041 1334 1623 839 1682 39 1787 970 1576 884 1863 884 1038 1744 950 1052 928 0 56 1681 1437 963 948 1330 796 865 1620 1255 1119 1033 1123 1509 691 1337 1592 880 923 1408 1592 1023 1671
1597 982 88 539 1444 775 650 1518 1252 1286 1073 1366 1654 870 1714 71 1819 1002 1607 916 1894 915 1069 1775 982 1084 959 56 0 1713 1468 995 979 1361 827 896 1652 1286 1150 1064 1154 1541 722 1369 1624 911 955 1439 1623 1055 1703
275 948 1549 1337 302 1181 1236 555 578 612 1525 415 93 995 47 1531 257 968 334 1368 405 882 773 498 948 1536 1412 1517 1549 0 505 1447 946 410 1280 1263 330 609 704 1031 708 267 1271 418 302 878 1407 476 302 1021 477
303 704 1305 1093 256 937 992 74 259 293 1281 369 447 750 506 1287 611 724 399 1124 601 638 486 567 704 1292 1168 1273 1304 505 0 1203 702 364 1036 1019 358 259 386 786 389 333 1027 372 330 633 1163 76 330 777 409
1331 716 831 656 1178 791 692 1253 986 1020 478 1100 1389 605 1448 813 1553 736 1342 321 1629 650 804 1510 716 489 365 799 830 1447 1203 0 714 1096 376 912 1386 1021 885 799 889 1275 764 1103 1358 646 360 1174 1358 789 1437
830 32 816 603 677 431 502 751 485 519 792 599 887 261 947 798 1052 52 840 635 1127 103 302 1008 32 803 678 783 815 946 702 714 0 595 546 347 885 519 383 114 387 774 522 602 857 99 674 672 856 105 936
443 597 1198 986 141 830 885 414 226 260 1174 63 352 643 411 1180 516 617 305 1017 664 531 422 473 597 1185 1061 1166 1197 410 364 1096 595 0 929 912 498 489 353 679 357 238 920 66 470 526 1056 335 470 670 645
1164 549 664 489 1011 624 525 1085 819 853 454 933 1222 437 1281 646 1386 569 1174 297 1461 483 636 1342 549 465 341 631 663 1280 1036 376 546 929 0 745 1219 854 718 631 721 1108 597 936 1191 478 336 1006 1190 622 1270
1147 349 733 393 994 163 292 1069 802 836 991 916 1205 406 1264 715 1369 369 1158 834 1445 420 620 1326 349 1001 877 701 732 1263 1019 912 347 912 745 0 1202 837 701 285 705 1091 253 919 1174 416 872 990 1174 297 1253
108 887 1488 1276 389 1120 1175 408 593 627 1464 502 272 934 331 1470 436 907 422 1307 502 821 669 590 887 1475 1351 1456 1487 330 358 1386 885 498 1219 1202 0 442 569 970 573 355 1210 505 51 817 1346 410 135 960 310
387 522 1123 910 490 755 810 308 305 339 1099 493 551 568 610 1105 715 542 634 942 684 455 304 802 522 1110 985 1090 1122 609 259 1021 519 489 854 837 442 0 203 604 207 567 845 496 414 451 981 311 413 595 493
514 386 987 775 435 619 674 435 169 203 963 357 646 432 705 969 810 406 599 806 811 320 168 767 386 974 850 955 986 704 386 885 383 353 718 701 569 203 0 468 71 532 709 360 541 315 845 356 540 459 620
914 117 901 599 761 369 498 836 570 604 877 684 972 346 1031 883 1137 137 925 720 1212 188 387 1093 117 888 763 868 900 1031 786 799 114 679 631 285 970 604 468 0 472 858 459 687 942 183 759 757 941 65 1021
517 390 991 778 439 623 677 439 173 207 967 361 650 436 709 973 814 410 602 810 815 323 171 770 390 978 853 958 990 708 389 889 387 357 721 705 573 207 71 472 0 536 713 364 545 319 849 360 544 463 624
300 776 1377 1165 129 1009 1064 382 406 439 1353 242 209 822 268 1359 373 796 105 1196 520 710 601 273 776 1364 1240 1345 1376 267 333 1275 774 238 1108 1091 355 567 532 858 536 0 1099 245 327 705 1235 303 326 849 502
1155 524 559 219 1002 132 118 1077 811 844 842 924 1213 375 1272 541 1377 544 1166 685 1453 474 628 1334 524 853 729 526 558 1271 1027 764 522 920 597 253 1210 845 709 459 713 1099 0 927 1182 470 724 998 1182 472 1261
450 604 1205 993 148 837 892 421 234 268 1181 71 359 651 418 1187 524 624 312 1024 671 538 429 480 604 1192 1068 1173 1204 418 372 1103 602 66 936 919 505 496 360 687 364 245 927 0 477 534 1063 342 477 677 652
80 859 1460 1248 361 1092 1147 380 565 599 1436 474 244 905 303 1442 408 879 394 1279 474 793 641 562 859 1447 1323 1428 1459 302 330 1358 857 470 1191 1174 51 414 541 942 545 327 1182 477 0 789 1318 382 106 932 282
762 101 748 535 609 380 434 683 417 451 724 531 819 193 878 730 984 121 772 567 1059 35 234 940 101 735 610 715 747 878 633 646 99 526 478 416 817 451 315 183 319 705 470 534 789 0 606 604 788 174 868
1291 676 791 616 1138 751 652 1213 946 980 291 1060 1349 565 1408 773 1513 696 1302 134 1589 610 764 1470 676 302 177 759 790 1407 1163 360 674 1056 336 872 1346 981 845 759 849 1235 724 1063 1318 606 0 1134 1318 749 1397
355 675 1276 1063 226 908 962 126 230 264 1252 339 417 721 476 1258 581 695 370 1095 653 608 456 538 675 1263 1138 1243 1275 476 76 1174 672 335 1006 990 410 311 356 757 360 303 998 342 382 604 1134 0 382 748 461
79 859 1460 1247 361 1092 1146 379 565 599 1436 474 243 905 302 1442 408 879 393 1279 473 792 640 561 858 1447 1322 1427 1459 302 330 1358 856 470 1190 1174 135 413 540 941 544 326 1182 477 106 788 1318 382 0 932 281
905 107 891 612 752 382 511 827 560 594 867 674 963 336 1022 873 1127 127 916 710 1203 178 378 1084 107 878 754 859 890 1021 777 789 105 670 622 297 960 595 459 65 463 849 472 677 932 174 749 748 932 0 1011
255 938 1539 1327 536 1171 1226 459 644 678 1515 649 419 984 478 1521 467 958 569 1358 299 872 720 708 938 1526 1402 1507 1538 477 409 1437 936 645 1270 1253 310 493 620 1021 624 502 1261 652 282 868 1397 461 281 1011 0
EOF
