NAME : tsp_problem
TYPE : TSP
DIMENSION : 78
EDGE_WEIGHT_TYPE : EXPLICIT
EDGE_WEIGHT_FORMAT : FULL_MATRIX
EDGE_WEIGHT_SECTION
0 582 532 1380 275 646 560 434 1052 875 517 523 551 1163 501 1460 265 113 126 2995 1411 739 1319 518 676 635 131 601 698 476 649 925 1368 1482 1175 580 977 954 1475 490 631 1068 456 1144 671 372 1463 550 1034 862 713 1063 925 469 506 1179 421 1004 455 451 538 423 496 1250 1036 456 422 868 166 641 1326 95 436 500 271 303 1399 592
582 0 984 1068 332 715 629 214 740 563 146 591 109 850 281 1148 391 644 481 2683 1099 426 1007 970 363 704 662 78 767 545 718 613 1056 1170 862 649 665 641 1163 942 700 756 908 832 358 824 1150 618 721 550 401 750 613 138 287 867 873 691 524 903 607 876 949 938 724 908 874 555 490 710 1014 625 170 106 385 304 1087 661
696 1148 0 1897 919 1058 972 1078 1569 1392 1033 934 1068 1679 1145 1976 908 690 770 3511 1927 1255 1836 73 1192 1046 708 1117 1109 887 1061 1441 1885 1998 1691 991 1493 1470 1991 74 1043 1585 145 1660 1187 178 1979 961 1550 1378 1229 1579 1442 1113 1151 1696 144 1520 866 114 949 142 113 1767 1553 109 179 1384 810 1052 1842 672 1080 1144 902 947 1916 1003
1380 1068 1732 0 1278 1463 1378 1253 435 671 953 1340 987 548 1320 405 1139 1442 1309 2699 356 762 84 1719 804 1452 1460 1037 1515 1293 1467 480 314 427 314 1397 428 525 118 1691 1449 635 1657 577 811 1573 208 1367 540 657 766 641 712 1176 1326 318 1622 476 1272 1652 1355 1624 1697 596 542 1657 1623 663 1238 1458 344 1423 1209 1145 1133 1306 515 1409
275 332 755 1278 0 767 682 184 950 773 415 644 412 1060 251 1358 343 336 173 2893 1309 636 1217 741 573 756 354 364 819 597 771 823 1266 1380 1072 701 875 851 1373 713 753 966 679 1042 568 595 1360 671 931 760 611 960 823 218 256 1077 644 901 576 674 659 646 719 1148 934 679 645 765 244 762 1223 318 186 250 349 126 1297 713
646 715 893 1463 767 0 210 900 1136 959 600 315 635 1246 967 1543 475 640 645 2944 1494 822 1403 880 759 137 659 684 200 269 49 1008 1451 1565 1258 229 1060 1037 1558 852 281 1152 817 1227 754 734 1546 199 1117 945 796 1146 1009 823 973 1262 782 1087 248 812 188 785 858 1334 1119 818 784 951 574 143 1409 622 856 792 468 795 1482 241
560 629 808 1378 682 210 0 815 1050 873 514 230 549 1160 882 1457 389 555 559 2993 1408 736 1317 794 673 199 573 598 262 183 213 923 1366 1479 1172 113 975 951 1473 766 100 1066 732 1141 668 648 1460 113 1031 859 710 1060 923 738 887 1177 697 1001 162 727 102 699 772 1248 1034 732 698 865 488 205 1323 536 771 707 383 710 1397 100
434 214 914 1253 184 900 815 0 925 748 331 777 295 1036 89 1333 502 495 333 2868 1284 612 1192 900 549 889 514 246 952 730 903 798 1241 1355 1048 834 850 826 1348 872 886 941 838 1017 544 754 1335 804 907 735 586 935 798 101 95 1052 803 877 709 833 792 806 879 1123 909 838 804 741 403 895 1199 477 68 132 508 156 1272 846
1052 740 1404 435 950 1136 1050 925 0 269 625 1012 660 407 992 515 812 1114 981 2446 466 360 374 1391 402 1124 1132 709 1187 965 1139 227 423 537 230 1069 175 122 530 1363 1121 313 1329 389 409 1245 517 1039 128 255 364 308 301 849 998 234 1294 73 944 1324 1027 1296 1369 454 130 1329 1295 261 911 1130 381 1095 881 817 805 978 625 1081
875 563 1227 671 773 959 873 748 269 0 448 835 483 462 815 751 635 937 804 2471 702 183 610 1214 225 947 955 532 1010 788 962 252 659 773 465 892 268 170 766 1186 944 368 1152 443 232 1068 753 862 182 78 187 362 355 672 821 470 1117 220 767 1147 850 1119 1192 550 185 1152 1118 84 734 953 616 918 704 640 628 801 699 904
517 146 869 953 415 600 514 331 625 448 0 477 79 736 398 1033 276 578 446 2568 984 311 892 855 249 589 597 115 652 430 603 498 941 1055 748 534 550 526 1048 827 585 641 793 717 243 709 1035 504 607 435 286 635 498 255 404 752 758 577 409 788 492 761 834 823 609 793 759 441 375 595 899 560 287 223 270 421 972 546
523 591 770 1340 644 315 230 777 1012 835 477 0 511 1122 844 1420 351 517 521 2955 1371 698 1279 756 635 304 535 560 367 86 319 885 1328 1442 1134 249 937 913 1435 728 301 1028 694 1103 630 610 1422 219 993 822 672 1022 885 700 849 1139 659 963 124 689 207 661 734 1210 996 694 660 827 450 310 1285 498 733 669 345 672 1359 261
551 109 903 987 412 635 549 295 660 483 79 511 0 770 361 1067 310 613 480 2602 1018 346 927 890 283 623 631 78 686 464 638 532 975 1089 782 568 584 561 1082 862 620 676 828 751 278 744 1070 538 641 469 320 670 533 218 367 786 793 611 443 823 526 795 868 858 643 828 794 475 409 629 933 594 250 186 304 384 1006 580
1163 850 1515 548 1060 1246 1160 1036 407 462 736 1122 770 0 1103 430 922 1224 1092 2671 382 452 488 1501 512 1235 1242 819 1298 1076 1249 452 339 409 343 1179 400 497 522 1473 1231 115 1439 64 519 1355 434 1149 304 476 475 121 258 959 1108 347 1404 448 1055 1434 1138 1406 1480 115 302 1439 1405 470 1021 1241 297 1206 992 928 916 1088 320 1192
501 281 981 1320 251 967 882 89 992 815 398 844 361 1103 0 1400 569 562 400 2935 1351 679 1259 967 616 956 581 313 1019 797 970 865 1308 1422 1115 901 917 893 1415 939 952 1008 905 1084 611 821 1402 871 974 802 653 1002 865 168 83 1119 870 944 776 900 859 873 946 1190 976 905 871 808 470 962 1266 544 135 199 575 223 1339 913
1460 1148 1812 405 1358 1543 1457 1333 515 751 1033 1420 1067 430 1400 0 1219 1521 1389 2779 72 798 466 1798 859 1532 1540 1116 1595 1373 1546 560 115 46 451 1477 508 605 310 1770 1528 461 1736 411 866 1652 221 1447 619 737 821 467 605 1256 1405 455 1701 556 1352 1731 1435 1704 1777 478 622 1736 1702 743 1318 1538 157 1503 1289 1225 1213 1386 134 1489
265 391 744 1139 343 475 389 502 812 635 276 351 310 922 569 1219 0 327 194 2754 1170 498 1079 730 435 463 345 360 526 304 478 684 1127 1241 934 408 736 713 1234 702 460 828 668 903 430 584 1222 378 793 621 472 822 685 499 575 938 633 763 284 663 367 635 708 1010 795 668 634 627 123 469 1085 308 504 468 41 371 1158 420
113 644 526 1442 336 640 555 495 1114 937 578 517 613 1224 562 1521 327 0 187 3056 1472 800 1381 512 737 629 75 662 692 470 644 986 1430 1543 1236 574 1038 1015 1536 484 626 1130 450 1205 732 366 1524 544 1095 923 774 1124 987 530 568 1241 415 1065 449 445 532 417 491 1312 1098 450 416 929 227 635 1387 89 497 561 332 364 1461 586
126 481 606 1309 173 645 559 333 981 804 446 521 480 1092 400 1389 194 187 0 2924 1340 668 1248 592 605 633 206 513 696 474 648 854 1297 1411 1104 578 906 883 1404 564 630 997 530 1073 600 446 1392 548 963 791 642 992 855 367 405 1108 495 933 453 525 536 498 571 1179 965 530 496 797 95 639 1255 169 335 398 200 201 1328 590
3007 2695 3359 2711 2905 2882 2944 2880 2459 2484 2580 2967 2614 2683 2947 2791 2766 3068 2936 0 2742 2539 2651 3346 2476 2809 3087 2664 2727 2920 2885 2256 2699 2813 2506 2963 2308 2360 2806 3318 3015 2749 3283 2712 2471 3200 2794 2933 2563 2470 2513 2743 2726 2803 2952 2510 3248 2410 2899 3278 2921 3251 3324 2730 2566 3283 3250 2476 2865 2815 2657 3050 2836 2772 2760 2933 2901 2975
1411 1099 1763 356 1309 1494 1408 1284 466 702 984 1371 1018 382 1351 72 1170 1472 1340 2730 0 793 417 1749 835 1483 1491 1067 1546 1324 1497 511 66 94 402 1428 459 556 261 1721 1479 469 1687 411 842 1603 172 1398 570 688 797 475 613 1207 1356 406 1652 507 1303 1682 1386 1655 1728 429 573 1687 1653 694 1269 1489 108 1454 1240 1176 1164 1337 182 1440
739 426 1091 762 636 822 736 612 360 183 311 698 346 452 679 798 498 800 668 2527 793 0 701 1077 88 810 818 395 874 652 825 343 750 777 556 755 359 261 857 1049 807 357 1015 433 95 931 844 725 341 169 50 351 214 535 684 561 980 311 631 1010 714 982 1055 539 344 1015 981 175 597 816 707 782 568 504 492 664 688 767
1319 1007 1671 84 1217 1403 1317 1192 374 610 892 1279 927 488 1259 466 1079 1381 1248 2638 417 701 0 1658 743 1391 1399 976 1454 1232 1406 419 374 488 253 1336 367 465 179 1630 1388 575 1596 516 750 1512 269 1306 479 597 705 580 651 1116 1265 258 1561 415 1211 1591 1294 1563 1636 535 481 1596 1562 602 1178 1397 405 1362 1148 1084 1072 1245 576 1348
682 1135 73 1883 905 1044 958 1065 1555 1378 1020 920 1054 1666 1132 1963 894 677 757 3498 1914 1241 1822 0 1179 1033 695 1103 1096 874 1047 1428 1871 1985 1678 977 1480 1456 1978 68 1029 1571 139 1647 1173 165 1965 947 1537 1365 1216 1565 1428 1099 1137 1682 138 1507 853 108 936 136 107 1753 1539 103 172 1370 797 1039 1829 658 1067 1130 888 933 1902 990
676 363 1028 804 573 759 673 549 402 225 249 635 283 512 616 859 435 737 605 2464 835 88 743 1014 0 748 756 332 811 589 762 385 792 838 598 693 401 303 899 986 744 418 952 493 97 868 886 662 383 211 92 412 275 472 621 603 917 353 568 947 651 920 993 600 386 952 918 217 534 754 750 719 505 441 429 602 749 705
635 704 882 1452 756 137 199 889 1124 947 589 304 623 1235 956 1532 463 629 633 2871 1483 810 1391 868 748 0 647 672 127 257 140 997 1440 1554 1247 218 1049 1025 1547 840 270 1140 806 1216 743 722 1534 188 1106 934 785 1134 997 812 961 1251 771 1076 236 801 176 774 847 1322 1108 806 772 940 562 69 1398 611 845 781 457 784 1471 230
131 662 544 1460 354 659 573 514 1132 955 597 535 631 1242 581 1540 345 75 206 3075 1491 818 1399 531 756 647 0 680 710 489 662 1005 1448 1562 1255 592 1057 1033 1555 503 644 1148 468 1224 750 385 1542 562 1113 942 793 1142 1005 548 586 1259 433 1084 468 463 551 436 509 1330 1116 468 434 947 246 653 1406 93 516 579 351 382 1479 604
601 78 953 1037 364 684 598 246 709 532 115 560 78 819 313 1116 360 662 513 2651 1067 395 976 939 332 672 680 0 736 514 687 582 1025 1138 831 617 633 610 1132 911 669 725 877 800 327 793 1119 587 690 518 369 719 582 169 318 836 842 660 493 872 576 844 917 907 693 877 843 524 459 678 982 644 202 138 353 336 1056 629
698 767 945 1515 819 200 262 952 1187 1010 652 367 686 1298 1019 1595 526 692 696 2789 1546 874 1454 931 811 127 710 736 0 321 203 1060 1503 1617 1310 281 1112 1089 1610 903 333 1203 869 1279 806 785 1597 251 1169 997 848 1198 1060 875 1024 1314 834 1139 300 864 239 837 910 1385 1171 869 835 1003 625 132 1461 674 908 844 520 847 1534 293
476 545 723 1293 597 269 183 730 965 788 430 86 464 1076 797 1373 304 470 474 2908 1324 652 1232 710 589 257 489 514 321 0 272 838 1281 1395 1088 202 890 867 1388 682 254 981 647 1057 584 564 1376 172 947 775 626 976 838 653 802 1092 612 917 78 642 161 615 688 1163 949 647 613 781 404 263 1239 452 686 622 298 625 1312 214
649 718 896 1467 771 49 213 903 1139 962 603 319 638 1249 970 1546 478 644 648 2947 1497 825 1406 883 762 140 662 687 203 272 0 1011 1455 1568 1261 232 1063 1040 1562 855 284 1155 821 1230 757 737 1549 202 1120 948 799 1149 1012 827 976 1266 786 1090 251 816 191 788 861 1337 1123 821 787 954 577 146 1412 625 859 795 472 799 1486 245
925 613 1277 480 823 1008 923 798 227 252 498 885 532 452 865 560 684 986 854 2244 511 343 419 1264 385 997 1005 582 1060 838 1011 0 468 582 275 942 77 129 575 1236 994 517 1201 481 389 1118 562 912 332 239 348 512 505 721 870 279 1166 179 817 1196 900 1169 1242 499 334 1201 1168 245 783 1003 426 968 754 690 678 851 670 954
1368 1056 1720 314 1266 1451 1366 1241 423 659 941 1328 975 339 1308 115 1127 1430 1297 2687 66 750 374 1707 792 1440 1448 1025 1503 1281 1455 468 0 137 359 1385 416 513 218 1679 1437 426 1645 368 799 1561 129 1355 528 645 754 432 570 1164 1314 363 1610 464 1260 1640 1343 1612 1685 387 530 1645 1611 651 1226 1446 66 1411 1197 1133 1121 1294 225 1397
1482 1170 1834 427 1380 1565 1479 1355 537 773 1055 1442 1089 409 1422 46 1241 1543 1411 2801 94 777 488 1820 838 1554 1562 1138 1617 1395 1568 582 137 0 473 1499 530 627 332 1792 1550 440 1758 390 845 1674 243 1469 629 759 800 446 584 1278 1427 477 1723 578 1374 1753 1457 1726 1799 496 627 1758 1724 765 1340 1560 179 1525 1311 1247 1235 1408 113 1511
1175 862 1527 314 1072 1258 1172 1048 230 465 748 1134 782 343 1115 451 934 1236 1104 2494 402 556 253 1513 598 1247 1255 831 1310 1088 1261 275 359 473 0 1192 223 320 409 1485 1243 430 1451 372 605 1367 453 1161 334 452 561 436 507 971 1120 35 1416 271 1067 1446 1150 1419 1492 390 337 1451 1417 458 1033 1253 317 1218 1004 940 928 1101 561 1204
580 649 827 1397 701 229 113 834 1069 892 534 249 568 1179 901 1477 408 574 578 3012 1428 755 1336 813 693 218 592 617 281 202 232 942 1385 1499 1192 0 994 970 1492 785 82 1085 751 1161 687 667 1479 123 1050 879 730 1079 942 757 906 1196 716 1020 181 746 121 718 792 1267 1053 751 717 884 507 224 1343 556 790 726 402 729 1416 83
977 665 1329 428 875 1060 975 850 175 268 550 937 584 400 917 508 736 1038 906 2296 459 359 367 1315 401 1049 1057 633 1112 890 1063 77 416 530 223 994 0 144 523 1287 1045 465 1253 429 408 1169 510 964 280 254 363 460 453 773 922 227 1218 194 869 1248 952 1221 1294 447 282 1253 1219 260 835 1055 374 1020 806 742 730 903 618 1006
954 641 1306 525 851 1037 951 826 122 170 526 913 561 497 893 605 713 1015 883 2348 556 261 465 1292 303 1025 1033 610 1089 867 1040 129 513 627 320 970 144 0 620 1264 1022 412 1230 488 310 1146 608 940 227 156 265 407 399 750 899 324 1195 96 846 1225 929 1197 1270 544 229 1230 1196 162 812 1031 471 997 782 718 706 879 715 982
1475 1163 1827 118 1373 1558 1473 1348 530 766 1048 1435 1082 522 1415 310 1234 1536 1404 2794 261 857 179 1814 899 1547 1555 1132 1610 1388 1562 575 218 332 409 1492 523 620 0 1786 1544 609 1751 551 906 1668 112 1462 634 752 861 615 753 1271 1420 413 1716 571 1367 1746 1450 1719 1792 569 637 1751 1718 758 1333 1553 249 1518 1304 1240 1228 1401 420 1504
654 1107 74 1855 877 1016 930 1037 1527 1350 992 892 1026 1638 1104 1935 866 649 729 3470 1886 1213 1794 68 1151 1005 667 1075 1068 846 1019 1400 1843 1957 1650 949 1452 1428 1950 0 1001 1543 139 1619 1145 137 1937 919 1508 1337 1188 1537 1400 1071 1109 1654 138 1479 825 108 908 136 107 1725 1511 103 150 1342 768 1011 1801 630 1039 1102 860 905 1874 962
631 700 879 1449 753 281 100 886 1121 944 585 301 620 1231 952 1528 460 626 630 3063 1479 807 1388 865 744 270 644 669 333 254 284 994 1437 1550 1243 82 1045 1022 1544 837 0 1137 803 1212 739 719 1531 111 1102 930 781 1131 994 809 958 1248 768 1072 233 798 173 770 843 1319 1105 803 769 936 559 275 1394 607 841 777 454 781 1468 70
1068 756 1420 635 966 1152 1066 941 313 368 641 1028 676 115 1008 461 828 1130 997 2737 469 357 575 1407 418 1140 1148 725 1203 981 1155 517 426 440 430 1085 465 412 609 1379 1137 0 1345 96 425 1261 521 1055 210 382 380 152 164 865 1014 434 1310 363 960 1340 1043 1312 1385 202 208 1345 1311 376 927 1146 384 1111 897 833 821 994 351 1097
620 1072 145 1821 843 982 896 1002 1493 1316 957 858 992 1603 1069 1900 832 614 694 3436 1852 1179 1760 139 1116 970 633 1041 1034 812 985 1366 1809 1922 1615 915 1418 1394 1916 139 967 1509 0 1584 1111 102 1903 885 1474 1303 1153 1503 1366 1037 1075 1620 115 1444 791 145 874 117 178 1691 1477 150 116 1308 734 976 1766 596 1004 1068 826 871 1840 927
1144 832 1496 577 1042 1227 1141 1017 389 443 717 1103 751 64 1084 411 903 1205 1073 2700 411 433 516 1482 493 1216 1224 800 1279 1057 1230 481 368 390 372 1161 429 488 551 1454 1212 96 1420 0 500 1336 462 1130 285 457 456 102 239 940 1089 376 1385 439 1036 1415 1119 1388 1461 144 283 1420 1386 452 1002 1222 326 1187 973 909 897 1070 301 1173
671 358 1023 811 568 754 668 544 409 232 243 630 278 519 611 866 430 732 600 2459 842 95 750 1009 97 743 750 327 806 584 757 389 799 845 605 687 408 310 906 981 739 425 947 500 0 863 893 657 390 218 99 419 282 467 616 610 912 360 563 942 646 914 987 607 393 947 913 224 529 748 756 714 500 436 424 596 756 700
536 989 178 1737 759 898 812 919 1409 1232 874 774 908 1520 986 1817 748 530 611 3352 1768 1095 1676 165 1033 887 549 957 950 728 901 1282 1725 1839 1532 831 1334 1310 1832 137 883 1425 102 1501 1027 0 1819 801 1390 1219 1070 1419 1282 953 991 1536 67 1361 707 97 790 70 143 1607 1393 103 69 1224 650 893 1683 512 921 984 742 787 1756 844
1463 1150 1815 208 1360 1546 1460 1335 517 753 1035 1422 1070 434 1402 221 1222 1524 1392 2782 172 844 269 1801 886 1534 1542 1119 1597 1376 1549 562 129 243 453 1479 510 608 112 1773 1531 521 1739 462 893 1655 0 1449 622 740 849 527 664 1259 1408 458 1704 558 1355 1734 1438 1706 1779 481 624 1739 1705 745 1321 1540 160 1506 1291 1227 1215 1388 331 1491
550 618 797 1367 671 199 113 804 1039 862 504 219 538 1149 871 1447 378 544 548 2982 1398 725 1306 783 662 188 562 587 251 172 202 912 1355 1469 1161 123 964 940 1462 755 111 1055 721 1130 657 637 1449 0 1020 849 699 1049 912 727 876 1166 686 990 151 716 91 688 761 1237 1023 721 687 854 477 194 1312 525 760 696 372 699 1386 111
1034 721 1386 540 931 1117 1031 907 128 182 607 993 641 304 974 619 793 1095 963 2551 570 341 479 1372 383 1106 1113 690 1169 947 1120 332 528 629 334 1050 280 227 634 1344 1102 210 1310 285 390 1226 622 1020 0 196 346 204 197 830 979 338 1275 177 926 1305 1009 1277 1351 392 40 1310 1276 190 892 1111 485 1077 863 799 787 959 540 1063
862 550 1214 657 760 945 859 735 255 78 435 822 469 476 802 737 621 923 791 2458 688 169 597 1200 211 934 942 518 997 775 948 239 645 759 452 879 254 156 752 1172 930 382 1138 457 218 1054 740 849 196 0 174 376 356 658 807 456 1103 207 754 1133 837 1106 1179 564 199 1138 1104 71 720 940 603 905 691 627 615 788 713 891
713 401 1065 766 611 796 710 586 364 187 286 672 320 475 653 821 472 774 642 2501 797 50 705 1051 92 785 793 369 848 626 799 348 754 800 561 730 363 265 861 1023 781 380 989 456 99 905 849 699 346 174 0 374 237 509 658 565 954 316 605 984 688 957 1030 562 348 989 955 179 571 791 712 756 542 478 466 639 711 742
1063 750 1415 641 960 1146 1060 935 308 362 635 1022 670 121 1002 467 822 1124 992 2731 475 351 580 1401 412 1134 1142 719 1198 976 1149 512 432 446 436 1079 460 407 615 1373 1131 152 1339 102 419 1255 527 1049 204 376 374 0 158 859 1008 440 1304 357 955 1334 1038 1306 1379 208 202 1339 1305 370 921 1140 390 1106 891 827 815 988 357 1091
925 613 1277 712 823 1009 923 798 301 355 498 885 533 258 865 605 685 987 855 2714 613 214 651 1264 275 997 1005 582 1060 838 1012 505 570 584 507 942 453 399 753 1236 994 164 1202 239 282 1118 664 912 197 356 237 158 0 722 871 511 1167 350 818 1197 901 1169 1242 346 195 1202 1168 362 784 1003 527 968 754 690 678 851 495 954
469 138 948 1176 218 823 738 101 849 672 255 700 218 959 168 1256 499 530 367 2791 1207 535 1116 935 472 812 548 169 875 653 827 721 1164 1278 971 757 773 750 1271 907 809 865 873 940 467 789 1259 727 830 658 509 859 722 0 173 975 838 800 632 868 715 840 913 1047 832 873 839 664 437 818 1122 512 57 68 493 191 1195 769
506 287 986 1326 256 973 887 95 998 821 404 849 367 1108 83 1405 575 568 405 2940 1356 684 1265 973 621 961 586 318 1024 802 976 870 1314 1427 1120 906 922 899 1420 945 958 1014 910 1089 616 827 1408 876 979 807 658 1008 871 173 0 1124 875 949 781 905 864 878 951 1196 982 911 877 813 475 967 1271 549 141 204 580 228 1345 918
1179 867 1531 318 1077 1262 1177 1052 234 470 752 1139 786 347 1119 455 938 1241 1108 2498 406 561 258 1518 603 1251 1259 836 1314 1092 1266 279 363 477 35 1196 227 324 413 1490 1248 434 1455 376 610 1372 458 1166 338 456 565 440 511 975 1124 0 1420 275 1071 1450 1154 1423 1496 394 341 1456 1422 462 1037 1257 321 1222 1008 944 932 1105 565 1208
585 1037 144 1786 808 947 861 967 1458 1281 923 823 957 1568 1034 1865 797 579 659 3401 1817 1144 1725 138 1081 935 598 1006 999 777 950 1331 1774 1887 1580 880 1383 1359 1881 138 932 1474 115 1549 1076 67 1868 850 1439 1268 1118 1468 1331 1002 1040 1585 0 1409 756 110 839 82 155 1656 1442 115 81 1273 699 941 1731 561 969 1033 791 836 1805 892
1004 691 1356 476 901 1087 1001 877 73 220 577 963 611 448 944 556 763 1065 933 2398 507 311 415 1342 353 1076 1084 660 1139 917 1090 179 464 578 271 1020 194 96 571 1314 1072 363 1280 439 360 1196 558 990 177 207 316 357 350 800 949 275 1245 0 896 1275 979 1248 1321 495 180 1280 1246 212 862 1082 422 1047 833 769 757 929 666 1033
455 524 702 1272 576 248 162 709 944 767 409 124 443 1055 776 1352 284 449 453 2887 1303 631 1211 689 568 236 468 493 300 78 251 817 1260 1374 1067 181 869 846 1367 661 233 960 626 1036 563 543 1355 151 926 754 605 955 818 632 781 1071 591 896 0 621 140 594 667 1142 928 626 593 760 383 242 1218 431 665 601 277 604 1291 193
615 1067 114 1816 838 977 891 997 1488 1311 953 853 987 1598 1064 1896 827 609 690 3431 1847 1174 1755 108 1111 965 628 1036 1029 807 980 1361 1804 1918 1610 910 1413 1389 1911 108 962 1504 145 1579 1106 97 1898 880 1469 1298 1148 1498 1361 1032 1070 1615 110 1439 786 0 869 112 147 1686 1472 143 111 1303 729 971 1761 591 1000 1063 821 866 1835 922
538 607 785 1355 659 188 102 792 1027 850 492 207 526 1138 859 1435 367 532 536 2970 1386 714 1294 772 651 176 551 576 239 161 191 900 1343 1457 1150 121 952 929 1450 744 173 1043 709 1119 646 626 1438 91 1009 837 688 1038 901 715 864 1154 674 979 140 704 0 677 750 1226 1011 709 676 843 466 182 1301 514 748 684 360 687 1374 133
588 1040 142 1788 811 949 864 970 1460 1283 925 826 959 1571 1037 1868 799 582 662 3403 1819 1147 1727 136 1084 938 600 1009 1001 779 952 1333 1776 1890 1583 883 1385 1362 1883 136 934 1476 117 1552 1079 70 1871 853 1442 1270 1121 1471 1333 1004 1042 1587 82 1412 758 112 841 0 158 1658 1444 117 83 1276 702 944 1734 563 972 1035 793 839 1807 895
661 1113 113 1861 884 1022 937 1043 1533 1357 998 899 1032 1644 1110 1941 873 655 735 3476 1892 1220 1801 107 1157 1011 673 1082 1074 852 1026 1406 1849 1963 1656 956 1458 1435 1956 107 1008 1549 178 1625 1152 143 1944 926 1515 1343 1194 1544 1407 1077 1115 1660 155 1485 831 147 914 158 0 1732 1517 142 156 1349 775 1017 1807 637 1045 1109 866 912 1880 968
1250 938 1602 596 1148 1334 1248 1123 454 550 823 1210 858 115 1190 478 1010 1312 1179 2718 429 539 535 1589 600 1322 1330 907 1385 1163 1337 499 387 496 390 1267 447 544 569 1561 1319 202 1527 144 607 1443 481 1237 392 564 562 208 346 1047 1196 394 1492 495 1142 1522 1226 1494 1567 0 390 1527 1493 558 1109 1328 344 1293 1079 1015 1003 1176 407 1279
1036 724 1388 542 934 1119 1034 909 130 185 609 996 643 302 976 622 795 1098 965 2554 573 344 481 1375 386 1108 1116 693 1171 949 1123 334 530 627 337 1053 282 229 637 1347 1105 208 1313 283 393 1229 624 1023 40 199 348 202 195 832 982 341 1278 180 928 1308 1011 1280 1353 390 0 1313 1279 193 894 1114 488 1079 865 801 789 962 538 1065
620 1073 109 1821 843 982 896 1003 1493 1316 958 858 992 1603 1070 1901 832 614 695 3436 1852 1179 1760 103 1117 971 633 1041 1034 812 985 1366 1809 1923 1616 915 1418 1394 1916 103 967 1509 150 1585 1111 103 1903 885 1474 1303 1154 1503 1366 1037 1075 1620 115 1444 791 143 874 117 142 1691 1477 0 116 1308 734 976 1767 596 1005 1068 826 871 1840 928
586 1039 179 1787 809 948 862 969 1459 1282 924 824 958 1570 1036 1867 798 580 661 3402 1818 1145 1726 172 1083 937 599 1007 1000 778 951 1332 1775 1889 1582 881 1384 1360 1882 150 933 1475 116 1551 1077 69 1869 851 1440 1269 1120 1469 1332 1003 1041 1586 81 1411 757 111 840 83 156 1657 1443 116 0 1274 700 942 1733 562 971 1034 792 837 1806 894
868 555 1220 663 765 951 865 741 261 84 441 827 475 470 808 743 627 929 797 2464 694 175 602 1206 217 940 947 524 1003 781 954 245 651 765 458 884 260 162 758 1178 936 376 1144 452 224 1060 745 854 190 71 179 370 362 664 813 462 1109 212 760 1139 843 1111 1184 558 193 1144 1110 0 726 945 609 911 697 633 621 793 707 897
166 490 646 1238 244 574 488 403 911 734 375 450 409 1021 470 1318 123 227 95 2853 1269 597 1178 632 534 562 246 459 625 404 577 783 1226 1340 1033 507 835 812 1333 604 559 927 570 1002 529 486 1321 477 892 720 571 921 784 437 475 1037 535 862 383 565 466 537 611 1109 894 570 536 726 0 568 1184 209 405 468 129 272 1257 519
641 710 888 1458 762 143 205 895 1130 953 595 310 629 1241 962 1538 469 635 639 2876 1489 816 1397 874 754 69 653 678 132 263 146 1003 1446 1560 1253 224 1055 1031 1553 846 275 1146 812 1222 748 728 1540 194 1111 940 791 1140 1003 818 967 1257 777 1082 242 807 182 779 853 1328 1114 812 778 945 568 0 1404 617 851 787 463 790 1477 236
1326 1014 1678 344 1223 1409 1323 1199 381 616 899 1285 933 297 1266 157 1085 1387 1255 2645 108 707 405 1664 750 1398 1406 982 1461 1239 1412 426 66 179 317 1343 374 471 249 1636 1394 384 1602 326 756 1518 160 1312 485 603 712 390 527 1122 1271 321 1567 422 1218 1597 1301 1570 1643 344 488 1602 1568 609 1184 1404 0 1369 1155 1091 1079 1252 268 1355
95 625 507 1423 318 622 536 477 1095 918 560 498 594 1206 544 1503 308 89 169 3038 1454 782 1362 494 719 611 93 644 674 452 625 968 1411 1525 1218 556 1020 997 1518 466 607 1111 432 1187 714 348 1506 525 1077 905 756 1106 968 512 549 1222 397 1047 431 427 514 399 472 1293 1079 432 398 911 209 617 1369 0 479 543 314 346 1442 568
436 170 916 1209 186 856 771 68 881 704 287 733 250 992 135 1289 504 497 335 2824 1240 568 1148 902 505 845 516 202 908 686 859 754 1197 1311 1004 790 806 782 1304 874 841 897 840 973 500 756 1291 760 863 691 542 891 754 57 141 1008 805 833 665 835 748 808 881 1079 865 840 806 697 405 851 1155 479 0 88 510 158 1228 802
500 106 979 1145 250 792 707 132 817 640 223 669 186 928 199 1225 468 561 398 2760 1176 504 1084 966 441 781 579 138 844 622 795 690 1133 1247 940 726 742 718 1240 938 777 833 904 909 436 820 1227 696 799 627 478 827 690 68 204 944 869 769 601 899 684 871 944 1015 801 904 870 633 468 787 1091 543 88 0 462 222 1164 738
271 385 737 1133 349 468 383 508 805 628 270 345 304 916 575 1213 41 332 200 2748 1164 492 1072 724 429 457 351 353 520 298 472 678 1121 1235 928 402 730 706 1228 696 454 821 661 897 424 578 1215 372 787 615 466 815 678 493 580 932 626 757 277 657 360 629 702 1003 789 662 628 621 129 463 1079 314 510 462 0 377 1152 414
303 304 783 1306 126 795 710 156 978 801 421 672 384 1088 223 1386 371 364 201 2921 1337 664 1245 769 602 784 382 336 847 625 799 851 1294 1408 1101 729 903 879 1401 741 781 994 707 1070 596 623 1388 699 959 788 639 988 851 191 228 1105 672 929 604 702 687 674 747 1176 962 707 673 793 272 790 1252 346 158 222 377 0 1325 741
1399 1087 1751 515 1297 1482 1397 1272 625 699 972 1359 1006 320 1339 134 1158 1461 1328 2889 182 688 576 1738 749 1471 1479 1056 1534 1312 1486 670 225 113 561 1416 618 715 420 1710 1468 351 1676 301 756 1592 331 1386 540 713 711 357 495 1195 1345 565 1641 666 1291 1671 1374 1643 1716 407 538 1676 1642 707 1257 1477 268 1442 1228 1164 1152 1325 0 1428
592 661 839 1409 713 241 100 846 1081 904 546 261 580 1192 913 1489 420 586 590 3024 1440 767 1348 825 705 230 604 629 293 214 245 954 1397 1511 1204 83 1006 982 1504 797 70 1097 763 1173 700 679 1491 111 1063 891 742 1091 954 769 918 1208 728 1033 193 758 133 731 804 1279 1065 763 729 897 519 236 1355 568 802 738 414 741 1428 0
EOF