NAME : tsp_problem
TYPE : TSP
DIMENSION : 76
EDGE_WEIGHT_TYPE : EXPLICIT
EDGE_WEIGHT_FORMAT : FULL_MATRIX
EDGE_WEIGHT_SECTION
0 1018 551 323 1401 1422 1256 1122 1402 929 1353 579 985 936 354 1124 705 422 1262 105 1429 308 618 474 1301 123 1474 1502 388 1091 397 1500 1212 270 1249 1197 1251 457 1360 492 907 1314 1274 1574 433 531 552 374 1166 544 580 1237 1142 434 1107 1130 1483 228 246 1399 447 537 361 1174 948 626 255 1387 740 1067 1310 366 211 668 301 1250
1018 0 595 718 586 503 441 391 587 272 434 538 112 279 791 130 415 818 268 976 614 734 524 1009 492 994 659 687 784 276 980 685 397 1141 256 388 262 660 545 765 250 395 465 759 1139 614 825 771 356 817 535 277 327 683 406 136 668 1098 904 584 700 645 787 365 290 532 1126 572 379 410 391 949 937 479 740 256
551 595 0 458 978 999 833 699 979 506 929 285 562 512 217 700 207 327 838 508 1006 442 271 436 878 526 1051 1079 316 668 643 1077 788 671 826 774 828 407 936 214 484 891 851 1150 802 98 252 197 743 244 282 814 719 418 683 707 1060 631 330 976 127 392 214 751 524 279 659 964 243 644 886 612 364 138 436 826
323 718 458 0 1101 1122 956 823 1102 629 1053 280 685 636 439 824 405 199 962 281 1130 65 319 560 1002 299 1174 1202 165 791 285 1200 912 447 949 897 951 175 1060 269 607 1014 974 1274 444 438 329 425 866 321 281 937 842 198 807 830 1183 404 332 1099 355 237 442 874 648 326 432 1087 440 767 1010 255 297 423 59 950
1401 586 978 1101 0 700 310 848 642 655 630 921 553 662 1174 692 798 1201 712 1359 54 1117 907 1392 1027 1377 713 742 1167 410 1363 740 266 1524 700 923 824 1043 271 1148 633 659 1000 813 1522 997 1208 1154 892 1200 918 838 556 1066 833 698 394 1481 1287 310 1083 1028 1170 900 673 915 1509 298 762 793 654 1332 1320 862 1123 818
1422 503 999 1122 700 0 555 565 317 676 98 942 536 683 1195 397 819 1222 298 1380 728 1138 929 1414 665 1398 389 417 1189 469 1384 415 510 1545 286 561 436 1064 658 1170 654 169 638 489 1543 1018 1230 1175 530 1221 940 450 303 1087 579 390 782 1503 1308 698 1104 1050 1192 538 695 936 1531 686 783 619 164 1354 1342 883 1144 430
1256 441 833 956 310 555 0 703 497 510 485 776 409 517 1029 547 653 1056 568 1214 339 972 762 1248 882 1232 569 597 1023 265 1218 595 112 1379 555 778 679 898 269 1004 488 514 855 669 1377 852 1064 1009 747 1055 774 694 411 921 688 553 393 1337 1142 308 938 883 1026 755 529 770 1364 297 617 648 509 1187 1175 717 978 673
1122 391 699 823 848 565 703 0 672 222 495 642 424 216 895 285 519 923 330 1080 877 838 629 1114 203 1098 744 772 889 538 1085 770 659 1246 317 99 153 764 807 870 245 457 176 844 1243 719 930 875 67 922 640 139 445 788 39 278 931 1203 1008 846 805 750 892 76 205 637 1231 835 484 78 452 1054 1042 584 845 159
1402 587 979 1102 642 317 497 672 0 656 248 922 555 663 1175 505 799 1202 406 1360 670 1118 908 1394 773 1378 161 189 1169 411 1364 187 453 1525 394 669 544 1044 601 1150 634 277 746 261 1523 998 1210 1155 638 1201 920 558 411 1067 687 498 724 1483 1288 640 1084 1029 1172 646 675 916 1510 628 763 727 272 1333 1321 863 1124 537
929 272 506 629 655 676 510 222 656 0 607 449 239 51 702 378 326 729 516 887 683 645 436 921 401 905 728 756 696 345 891 754 466 1052 503 297 351 571 614 677 80 568 374 828 1050 525 737 682 265 728 447 337 396 594 206 384 737 1010 815 653 611 557 699 274 47 443 1038 641 290 167 564 860 849 390 651 357
1353 434 929 1053 630 98 485 495 248 607 0 873 467 613 1125 327 749 1153 229 1310 659 1068 859 1344 596 1328 320 348 1119 400 1315 346 441 1476 217 492 366 995 589 1100 585 99 569 419 1474 949 1160 1106 460 1152 870 381 233 1018 510 321 712 1433 1238 628 1035 980 1122 469 625 867 1461 617 714 549 95 1284 1272 814 1075 360
579 538 285 280 921 942 776 642 922 449 873 0 505 456 429 644 151 305 782 537 949 295 64 648 821 555 994 1022 272 611 542 1020 732 703 769 717 771 147 880 253 427 834 794 1094 701 304 313 409 686 305 51 757 662 170 627 650 1003 660 542 919 338 133 426 694 468 72 688 907 186 587 830 511 553 169 302 770
985 112 562 685 553 536 409 424 555 239 467 505 0 246 758 164 382 785 302 943 582 701 492 977 525 961 626 655 752 243 947 653 364 1108 289 421 296 627 512 733 217 429 498 726 1106 582 793 738 390 784 503 310 295 650 417 170 636 1066 871 551 667 613 755 398 258 500 1094 540 346 377 424 917 905 446 707 290
936 279 512 636 662 683 517 216 663 51 613 456 246 0 708 384 333 736 522 893 690 651 442 927 395 912 734 763 702 351 898 761 472 1059 509 291 344 578 620 683 74 575 368 834 1057 532 743 689 259 735 453 331 403 601 200 390 744 1016 821 660 618 563 705 268 41 450 1044 648 297 161 570 867 855 397 658 351
354 791 217 439 1174 1195 1029 895 1175 702 1125 429 758 708 0 896 403 314 1034 311 1202 423 467 239 1074 329 1247 1275 304 863 513 1273 984 474 1022 970 1024 429 1132 201 680 1087 1047 1346 640 197 239 138 939 231 430 1010 915 406 879 903 1256 434 133 1172 114 509 126 947 720 475 462 1160 439 840 1082 482 167 334 417 1022
1124 130 700 824 692 397 547 285 505 378 327 644 164 384 896 0 521 924 162 1081 720 839 630 1115 386 1100 577 605 890 382 1086 603 503 1247 150 282 156 766 651 871 356 289 359 676 1245 720 931 877 250 923 641 171 278 789 300 111 774 1204 1009 690 806 751 893 259 396 638 1232 678 485 339 285 1055 1043 585 846 150
705 415 207 405 798 819 653 519 799 326 749 151 382 333 403 521 0 431 659 663 826 421 137 622 698 681 871 899 397 488 667 897 609 828 646 594 648 273 757 378 304 711 671 970 826 227 438 384 563 430 148 634 539 296 504 527 880 785 516 796 313 258 400 571 345 145 813 784 109 464 706 636 550 92 427 646
422 818 327 199 1201 1222 1056 923 1202 729 1153 305 785 736 314 924 431 0 1062 380 1229 183 344 533 1102 398 1274 1302 57 891 384 1300 1012 545 1049 997 1051 182 1160 138 707 1114 1074 1374 543 307 198 294 966 190 306 1037 942 159 907 930 1283 502 427 1199 223 263 311 974 748 352 530 1187 466 867 1110 353 395 444 177 1050
1262 268 838 962 712 298 568 330 406 516 229 782 302 522 1034 162 659 1062 0 1219 741 977 768 1253 431 1237 478 506 1028 402 1224 504 523 1385 51 326 201 904 671 1009 494 191 404 578 1383 858 1069 1015 295 1061 779 216 179 927 344 156 795 1342 1147 710 944 889 1031 303 510 776 1370 699 623 384 186 1193 1181 723 984 195
105 976 508 281 1359 1380 1214 1080 1360 887 1310 537 943 893 311 1081 663 380 1219 0 1387 266 576 432 1259 41 1432 1460 346 1049 355 1458 1169 188 1207 1155 1209 415 1317 450 865 1272 1232 1531 351 489 510 331 1124 502 538 1195 1100 392 1065 1088 1441 146 204 1357 405 495 319 1132 905 584 174 1345 698 1025 1267 324 169 626 259 1207
1429 614 1006 1130 54 728 339 877 670 683 659 949 582 690 1202 720 826 1229 741 1387 0 1145 936 1421 1056 1405 742 770 1196 439 1391 768 294 1553 729 951 852 1071 299 1177 662 687 1029 842 1550 1026 1237 1182 920 1229 947 867 585 1095 861 726 423 1510 1315 338 1112 1057 1199 928 702 944 1538 327 790 821 683 1361 1349 890 1152 846
308 734 442 65 1117 1138 972 838 1118 645 1068 295 701 651 423 839 421 183 977 266 1145 0 334 544 1017 284 1189 1218 150 806 270 1216 927 431 965 913 967 190 1075 254 623 1030 990 1289 429 423 314 410 881 306 296 953 858 196 822 845 1199 388 316 1115 339 253 427 890 663 342 416 1103 456 783 1025 239 281 439 43 965
618 524 271 319 907 929 762 629 908 436 859 64 492 442 467 630 137 344 768 576 936 334 0 686 808 594 980 1008 311 597 581 1006 718 742 756 703 757 186 866 292 414 821 781 1080 739 291 352 447 672 344 62 743 648 209 613 636 990 699 580 905 376 172 464 680 454 42 727 894 172 573 816 550 592 155 341 756
474 1009 436 560 1392 1414 1248 1114 1394 921 1344 648 977 927 239 1115 622 533 1253 432 1421 544 686 0 1293 450 1465 1494 522 1082 634 1491 1203 341 1241 1188 1242 648 1351 420 899 1306 1266 1565 645 416 458 259 1157 450 649 1228 1134 624 1098 1121 1475 384 254 1390 332 728 247 1166 939 694 467 1379 657 1059 1301 603 288 553 538 1241
1301 492 878 1002 1027 665 882 203 773 401 596 821 525 395 1074 386 698 1102 431 1259 1056 1017 808 1293 0 1277 845 873 1068 717 1264 871 838 1425 418 127 253 943 986 1049 424 558 52 945 1422 898 1109 1054 160 1101 819 240 546 967 218 379 1110 1382 1187 1025 984 929 1071 150 384 816 1410 1014 663 257 553 1233 1221 763 1024 260
123 994 526 299 1377 1398 1232 1098 1378 905 1328 555 961 912 329 1100 681 398 1237 41 1405 284 594 450 1277 0 1450 1478 364 1067 373 1476 1187 179 1225 1173 1227 433 1335 468 883 1290 1250 1549 342 507 528 349 1142 520 556 1213 1118 410 1083 1106 1459 137 222 1375 423 513 337 1150 923 602 165 1363 716 1043 1285 342 187 644 277 1225
1638 823 1215 1338 878 553 733 908 326 892 484 1158 791 899 1411 741 1035 1438 642 1596 906 1354 1144 1630 1009 1614 0 66 1405 647 1600 68 689 1761 630 905 780 1280 837 1386 870 513 982 118 1759 1234 1446 1391 874 1437 1156 794 647 1303 923 734 960 1719 1524 876 1320 1265 1408 882 911 1152 1747 864 999 963 508 1569 1557 1099 1360 774
1666 851 1243 1366 906 582 761 937 354 920 512 1186 819 927 1439 769 1063 1466 670 1624 935 1382 1173 1658 1038 1642 66 0 1433 676 1628 40 717 1790 658 933 808 1308 865 1414 899 541 1010 90 1787 1263 1474 1419 902 1466 1184 822 675 1331 951 763 988 1747 1552 904 1348 1294 1436 910 939 1181 1775 893 1027 991 536 1598 1586 1127 1388 802
388 784 316 165 1167 1189 1023 889 1169 696 1119 272 752 702 304 890 397 57 1028 346 1196 150 311 522 1068 364 1240 1269 0 857 350 1267 978 511 1016 964 1017 149 1126 127 674 1081 1041 1340 509 296 188 284 932 179 273 1004 909 125 873 896 1250 469 396 1165 213 229 300 941 714 319 497 1154 432 834 1076 320 362 416 143 1016
1091 276 668 791 410 469 265 538 411 345 400 611 243 351 863 382 488 891 402 1049 439 806 597 1082 717 1067 483 511 857 0 1053 509 221 1214 390 613 514 733 369 838 323 418 690 583 1212 687 898 844 582 890 608 528 246 756 522 388 492 1171 976 408 773 718 860 590 363 605 1199 397 452 483 414 1022 1010 552 813 508
397 980 643 285 1363 1384 1218 1085 1364 891 1315 542 947 898 513 1086 667 384 1224 355 1391 270 581 634 1264 373 1436 1464 350 1053 0 1462 1174 520 1211 1159 1213 419 1322 454 869 1276 1236 1536 295 623 515 533 1128 506 543 1199 1104 396 1069 1092 1445 478 406 1361 540 499 521 1136 910 588 475 1349 702 1029 1272 92 371 685 264 1212
1664 849 1241 1364 904 580 759 935 352 918 510 1184 817 925 1437 767 1061 1464 668 1622 932 1380 1171 1656 1035 1640 68 40 1431 673 1626 0 715 1787 656 931 806 1306 863 1412 896 539 1008 92 1785 1261 1472 1417 900 1463 1182 820 673 1329 949 760 986 1745 1550 902 1346 1292 1434 908 937 1178 1773 890 1025 989 534 1596 1584 1125 1386 800
1212 397 788 912 266 510 112 659 453 466 441 732 364 472 984 503 609 1012 523 1169 294 927 718 1203 838 1187 524 553 978 221 1174 550 0 1335 511 734 635 854 225 959 444 470 811 624 1333 808 1019 965 702 1011 729 649 367 877 643 509 348 1292 1097 264 894 839 981 711 484 726 1320 252 573 604 465 1143 1131 673 934 629
270 1141 671 447 1524 1545 1379 1246 1525 1052 1476 703 1108 1059 474 1247 828 545 1385 188 1553 431 742 341 1425 179 1597 1625 511 1214 520 1623 1335 0 1373 1320 1374 581 1483 615 1030 1438 1397 1697 327 651 676 494 1289 667 704 1360 1265 557 1230 1253 1606 66 370 1522 568 660 482 1297 1071 750 149 1511 863 1190 1433 490 335 788 425 1373
1249 256 826 949 700 286 555 317 394 503 217 769 289 509 1022 150 646 1049 51 1207 729 965 756 1241 418 1225 466 494 1016 390 1211 492 511 1373 0 314 189 891 659 997 482 178 391 565 1370 846 1057 1002 283 1049 767 203 167 914 332 143 782 1330 1135 698 931 877 1019 291 498 764 1358 687 610 372 174 1181 1169 710 971 183
1197 388 774 897 923 561 778 99 669 297 492 717 421 291 970 282 594 997 326 1155 951 913 703 1188 127 1173 741 769 964 613 1159 767 734 1320 314 0 149 839 882 945 319 453 100 840 1318 793 1005 950 64 996 715 135 442 862 113 275 1005 1278 1083 921 879 824 967 72 279 711 1305 909 558 153 449 1128 1116 658 919 155
1251 262 828 951 824 436 679 153 544 351 366 771 296 344 1024 156 648 1051 201 1209 852 967 757 1242 253 1227 615 644 1017 514 1213 642 635 1374 189 149 0 893 783 998 373 328 226 715 1372 847 1058 1004 118 1050 768 44 317 916 167 150 906 1331 1137 822 933 878 1020 126 333 765 1359 810 612 207 323 1182 1170 712 973 64
457 660 407 175 1043 1064 898 764 1044 571 995 147 627 578 429 766 273 182 904 415 1071 190 186 648 943 433 1116 1144 149 733 419 1142 854 581 891 839 893 0 1002 253 549 956 916 1216 578 422 313 409 808 305 148 879 784 65 749 772 1125 538 466 1041 338 105 426 816 590 194 566 1029 308 709 952 389 431 291 197 892
1360 545 936 1060 271 658 269 807 601 614 589 880 512 620 1132 651 757 1160 671 1317 299 1075 866 1351 986 1335 672 701 1126 369 1322 698 225 1483 659 882 783 1002 0 1107 592 618 959 772 1481 956 1167 1113 850 1159 877 797 515 1025 791 657 206 1440 1245 79 1042 987 1129 859 632 874 1468 110 721 752 613 1291 1279 821 1082 777
492 765 214 269 1148 1170 1004 870 1150 677 1100 253 733 683 201 871 378 138 1009 450 1177 254 292 420 1049 468 1221 1250 127 838 454 1247 959 615 997 945 998 253 1107 0 655 1062 1022 1321 613 194 85 181 913 77 254 984 890 230 854 877 1231 573 314 1146 110 333 198 922 695 300 601 1135 413 815 1057 424 348 331 247 997
907 250 484 607 633 654 488 245 634 80 585 427 217 74 680 356 304 707 494 865 662 623 414 899 424 883 706 734 674 323 869 732 444 1030 482 319 373 549 592 655 0 547 397 806 1028 504 715 660 288 706 425 359 374 572 229 362 715 988 793 631 589 535 677 296 70 421 1016 620 268 189 542 839 827 368 629 379
1314 395 891 1014 659 169 514 457 277 568 99 834 429 575 1087 289 711 1114 191 1272 687 1030 821 1306 558 1290 348 377 1081 418 1276 375 470 1438 178 453 328 956 618 1062 547 0 531 448 1435 911 1122 1067 422 1114 832 343 195 980 471 283 741 1395 1200 657 996 942 1084 430 587 829 1423 645 675 511 51 1246 1234 775 1037 322
1274 465 851 974 1000 638 855 176 746 374 569 794 498 368 1047 359 671 1074 404 1232 1029 990 781 1266 52 1250 818 846 1041 690 1236 844 811 1397 391 100 226 916 959 1022 397 531 0 918 1395 871 1082 1027 133 1073 792 212 519 939 191 352 1082 1355 1160 998 956 902 1044 123 357 789 1383 987 635 230 526 1206 1194 735 996 232
1738 923 1315 1438 978 653 833 1008 425 992 584 1258 891 999 1511 841 1135 1538 742 1696 1006 1454 1244 1729 1109 1714 118 90 1504 747 1700 92 788 1861 730 1005 880 1380 936 1485 970 613 1082 0 1859 1334 1545 1491 973 1537 1256 894 746 1403 1023 834 1060 1818 1624 976 1420 1365 1508 982 1011 1252 1846 964 1099 1062 608 1669 1657 1199 1460 873
433 1139 802 444 1522 1543 1377 1243 1523 1050 1474 701 1106 1057 640 1245 826 543 1383 351 1550 429 739 645 1422 342 1595 1623 509 1212 295 1621 1333 327 1370 1318 1372 578 1481 613 1028 1435 1395 1695 0 782 674 660 1287 665 701 1358 1263 555 1228 1251 1604 285 533 1520 699 658 648 1295 1069 747 202 1508 861 1188 1431 265 498 844 423 1371
531 614 98 438 997 1018 852 719 998 525 949 304 582 532 197 720 227 307 858 489 1026 423 291 416 898 507 1070 1098 296 687 623 1096 808 651 846 793 847 422 956 194 504 911 871 1170 782 0 232 178 762 224 302 833 738 399 703 726 1080 611 310 995 107 412 194 770 544 298 639 984 262 663 906 593 344 158 416 846
552 825 252 329 1208 1230 1064 930 1210 737 1160 313 793 743 239 931 438 198 1069 510 1237 314 352 458 1109 528 1281 1310 188 898 515 1308 1019 676 1057 1005 1058 313 1167 85 715 1122 1082 1381 674 232 0 220 973 33 314 1045 950 290 914 937 1291 633 352 1206 149 393 236 982 755 360 661 1195 473 875 1117 484 386 369 308 1057
374 771 197 425 1154 1175 1009 875 1155 682 1106 409 738 689 138 877 384 294 1015 331 1182 410 447 259 1054 349 1227 1255 284 844 533 1253 965 494 1002 950 1004 409 1113 181 660 1067 1027 1327 660 178 220 0 919 211 410 990 895 386 860 883 1236 454 153 1152 94 490 146 927 701 455 482 1140 419 820 1063 502 187 315 404 1003
1166 356 743 866 892 530 747 67 638 265 460 686 390 259 939 250 563 966 295 1124 920 881 672 1157 160 1142 709 738 932 582 1128 735 702 1289 283 64 118 808 850 913 288 422 133 809 1287 762 973 919 0 965 683 104 411 831 82 244 974 1246 1052 890 848 793 935 41 248 680 1274 878 527 122 417 1097 1085 627 888 124
544 817 244 321 1200 1221 1055 922 1201 728 1152 305 784 735 231 923 430 190 1061 502 1229 306 344 450 1101 520 1273 1301 179 890 506 1299 1011 667 1049 996 1050 305 1159 77 706 1114 1073 1373 665 224 33 211 965 0 306 1036 941 281 906 929 1282 625 344 1198 140 385 228 973 747 351 653 1187 465 866 1109 476 378 361 299 1049
580 535 282 281 918 940 774 640 920 447 870 51 503 453 430 641 148 306 779 538 947 296 62 649 819 556 991 1020 273 608 543 1018 729 704 767 715 768 148 877 254 425 832 792 1091 701 302 314 410 683 306 0 755 660 171 624 647 1001 661 543 916 339 134 427 692 465 70 689 905 184 585 827 512 554 167 303 767
1237 277 814 937 838 450 694 139 558 337 381 757 310 331 1010 171 634 1037 216 1195 867 953 743 1228 240 1213 630 658 1004 528 1199 656 649 1360 203 135 44 879 797 984 359 343 212 730 1358 833 1045 990 104 1036 755 0 331 902 153 164 921 1317 1123 836 919 864 1007 112 319 751 1345 825 598 193 338 1168 1156 698 959 50
1142 327 719 842 556 303 411 445 411 396 233 662 295 403 915 278 539 942 179 1100 585 858 648 1134 546 1118 482 511 909 246 1104 508 367 1265 167 442 317 784 515 890 374 195 519 582 1263 738 950 895 411 941 660 331 0 807 460 271 638 1223 1028 554 824 769 912 419 415 656 1250 542 503 500 190 1073 1061 603 864 310
434 683 418 198 1066 1087 921 788 1067 594 1018 170 650 601 406 789 296 159 927 392 1095 196 209 624 967 410 1139 1167 125 756 396 1165 877 557 914 862 916 65 1025 230 572 980 939 1239 555 399 290 386 831 281 171 902 807 0 772 795 1148 515 442 1064 315 128 403 839 613 217 543 1052 331 732 975 366 408 314 189 915
1107 406 683 807 833 579 688 39 687 206 510 627 417 200 879 300 504 907 344 1065 861 822 613 1098 218 1083 759 787 873 522 1069 785 643 1230 332 113 167 749 791 854 229 471 191 858 1228 703 914 860 82 906 624 153 460 772 0 293 915 1187 992 831 789 734 876 90 189 621 1215 819 468 73 467 1038 1026 568 829 173
1130 136 707 830 698 390 553 278 498 384 321 650 170 390 903 111 527 930 156 1088 726 845 636 1121 379 1106 570 598 896 388 1092 596 509 1253 143 275 150 772 657 877 362 283 352 670 1251 726 937 883 244 929 647 164 271 795 293 0 780 1210 1015 696 812 757 899 252 402 644 1238 684 491 333 278 1061 1049 591 852 144
1483 668 1060 1183 394 782 393 931 724 737 712 1003 636 744 1256 774 880 1283 795 1441 423 1199 990 1475 1110 1459 796 824 1250 492 1445 822 348 1606 782 1005 906 1125 206 1231 715 741 1082 896 1604 1080 1291 1236 974 1282 1001 921 638 1148 915 780 0 1564 1369 245 1165 1111 1253 982 756 997 1592 171 844 875 737 1415 1403 944 1205 900
228 1098 631 404 1481 1503 1337 1203 1483 1010 1433 660 1066 1016 434 1204 785 502 1342 146 1510 388 699 384 1382 137 1554 1583 469 1171 478 1580 1292 66 1330 1278 1331 538 1440 573 988 1395 1355 1654 285 611 633 454 1246 625 661 1317 1223 515 1187 1210 1564 0 327 1479 528 617 442 1255 1028 707 107 1468 821 1148 1390 447 292 748 382 1330
246 904 330 332 1287 1308 1142 1008 1288 815 1238 542 871 821 133 1009 516 427 1147 204 1315 316 580 254 1187 222 1360 1388 396 976 406 1386 1097 370 1135 1083 1137 466 1245 314 793 1200 1160 1459 533 310 352 153 1052 344 543 1123 1028 442 992 1015 1369 327 0 1285 227 545 141 1060 833 588 355 1273 552 953 1195 375 69 447 310 1135
1399 584 976 1099 310 698 308 846 640 653 628 919 551 660 1172 690 796 1199 710 1357 338 1115 905 1390 1025 1375 711 740 1165 408 1361 738 264 1522 698 921 822 1041 79 1146 631 657 998 811 1520 995 1206 1152 890 1198 916 836 554 1064 831 696 245 1479 1285 0 1081 1026 1168 898 671 913 1507 149 760 791 652 1330 1318 860 1121 816
447 700 127 355 1083 1104 938 805 1084 611 1035 338 667 618 114 806 313 223 944 405 1112 339 376 332 984 423 1156 1184 213 773 540 1182 894 568 931 879 933 338 1042 110 589 996 956 1256 699 107 149 94 848 140 339 919 824 315 789 812 1165 528 227 1081 0 419 111 856 630 384 555 1069 348 749 992 509 260 244 333 932
537 645 392 237 1028 1050 883 750 1029 557 980 133 613 563 509 751 258 263 889 495 1057 253 172 728 929 513 1101 1129 229 718 499 1127 839 660 877 824 878 105 987 333 535 942 902 1201 658 412 393 490 793 385 134 864 769 128 734 757 1111 617 545 1026 419 0 506 801 575 179 645 1015 293 694 937 468 510 276 259 877
361 787 214 442 1170 1192 1026 892 1172 699 1122 426 755 705 126 893 400 311 1031 319 1199 427 464 247 1071 337 1243 1272 300 860 521 1270 981 482 1019 967 1020 426 1129 198 677 1084 1044 1343 648 194 236 146 935 228 427 1007 912 403 876 899 1253 442 141 1168 111 506 0 944 717 472 470 1157 435 837 1079 490 175 331 420 1019
1174 365 751 874 900 538 755 76 646 274 469 694 398 268 947 259 571 974 303 1132 928 890 680 1166 150 1150 718 746 941 590 1136 744 711 1297 291 72 126 816 859 922 296 430 123 817 1295 770 982 927 41 973 692 112 419 839 90 252 982 1255 1060 898 856 801 944 0 256 688 1282 886 535 130 426 1105 1093 635 896 132
948 290 524 648 673 695 529 205 675 47 625 468 258 41 720 396 345 748 510 905 702 663 454 939 384 923 746 775 714 363 910 773 484 1071 498 279 333 590 632 695 70 587 357 846 1069 544 755 701 248 747 465 319 415 613 189 402 756 1028 833 671 630 575 717 256 0 462 1056 660 309 149 582 879 867 409 670 339
626 532 279 326 915 936 770 637 916 443 867 72 500 450 475 638 145 352 776 584 944 342 42 694 816 602 988 1016 319 605 588 1014 726 750 764 711 765 194 874 300 421 829 789 1088 747 298 360 455 680 351 70 751 656 217 621 644 997 707 588 913 384 179 472 688 462 0 735 902 180 581 824 558 600 163 348 764
255 1126 659 432 1509 1531 1364 1231 1510 1038 1461 688 1094 1044 462 1232 813 530 1370 174 1538 416 727 467 1410 165 1582 1610 497 1199 475 1608 1320 149 1358 1305 1359 566 1468 601 1016 1423 1383 1682 202 639 661 482 1274 653 689 1345 1250 543 1215 1238 1592 107 355 1507 555 645 470 1282 1056 735 0 1496 849 1175 1418 444 320 776 410 1358
1387 572 964 1087 298 686 297 835 628 641 617 907 540 648 1160 678 784 1187 699 1345 327 1103 894 1379 1014 1363 700 728 1154 397 1349 726 252 1511 687 909 810 1029 110 1135 620 645 987 800 1508 984 1195 1140 878 1187 905 825 542 1052 819 684 171 1468 1273 149 1069 1015 1157 886 660 902 1496 0 748 779 641 1319 1307 848 1109 804
740 379 243 440 762 783 617 484 763 290 714 186 346 297 439 485 109 466 623 698 790 456 172 657 663 716 835 863 432 452 702 861 573 863 610 558 612 308 721 413 268 675 635 935 861 262 473 419 527 465 184 598 503 331 468 491 844 821 552 760 348 293 435 535 309 180 849 748 0 428 671 672 585 127 462 611
1067 410 644 767 793 619 648 78 727 167 549 587 377 161 840 339 464 867 384 1025 821 783 573 1059 257 1043 798 827 834 483 1029 824 604 1190 372 153 207 709 752 815 189 511 230 898 1188 663 875 820 122 866 585 193 500 732 73 333 875 1148 953 791 749 694 837 130 149 581 1175 779 428 0 506 998 986 528 789 213
1310 391 886 1010 654 164 509 452 272 564 95 830 424 570 1082 285 706 1110 186 1267 683 1025 816 1301 553 1285 344 372 1076 414 1272 370 465 1433 174 449 323 952 613 1057 542 51 526 444 1431 906 1117 1063 417 1109 827 338 190 975 467 278 737 1390 1195 652 992 937 1079 426 582 824 1418 641 671 506 0 1241 1229 771 1032 317
366 949 612 255 1332 1354 1187 1054 1333 860 1284 511 917 867 482 1055 636 353 1193 324 1361 239 550 603 1233 342 1405 1433 320 1022 92 1431 1143 490 1181 1128 1182 389 1291 424 839 1246 1206 1505 265 593 484 502 1097 476 512 1168 1073 366 1038 1061 1415 447 375 1330 509 468 490 1105 879 558 444 1319 672 998 1241 0 340 655 233 1181
211 937 364 297 1320 1342 1175 1042 1321 849 1272 553 905 855 167 1043 550 395 1181 169 1349 281 592 288 1221 187 1393 1421 362 1010 371 1419 1131 335 1169 1116 1170 431 1279 348 827 1234 1194 1493 498 344 386 187 1085 378 554 1156 1061 408 1026 1049 1403 292 69 1318 260 510 175 1093 867 600 320 1307 585 986 1229 340 0 481 275 1169
668 479 138 423 862 883 717 584 863 390 814 169 446 397 334 585 92 444 723 626 890 439 155 553 763 644 935 963 416 552 685 961 673 788 710 658 712 291 821 331 368 775 735 1035 844 158 369 315 627 361 167 698 603 314 568 591 944 748 447 860 244 276 331 635 409 163 776 848 127 528 771 655 481 0 445 711
301 740 436 59 1123 1144 978 845 1124 651 1075 302 707 658 417 846 427 177 984 259 1152 43 341 538 1024 277 1196 1224 143 813 264 1222 934 425 971 919 973 197 1082 247 629 1037 996 1296 423 416 308 404 888 299 303 959 864 189 829 852 1205 382 310 1121 333 259 420 896 670 348 410 1109 462 789 1032 233 275 445 0 972
1250 256 826 950 818 430 673 159 537 357 360 770 290 351 1022 150 646 1050 195 1207 846 965 756 1241 260 1225 609 637 1016 508 1212 635 629 1373 183 155 64 892 777 997 379 322 232 709 1371 846 1057 1003 124 1049 767 50 310 915 173 144 900 1330 1135 816 932 877 1019 132 339 764 1358 804 611 213 317 1181 1169 711 972 0
EOF