NAME : tsp_problem
TYPE : TSP
DIMENSION : 30
EDGE_WEIGHT_TYPE : EXPLICIT
EDGE_WEIGHT_FORMAT : FULL_MATRIX
EDGE_WEIGHT_SECTION
0 433 620 398 234 464 1340 74 400 478 527 982 1207 765 1290 497 460 680 112 73 961 212 288 877 686 479 145 791 1203 421
433 0 315 691 619 626 1395 462 455 586 635 1037 1262 820 1345 855 817 735 522 483 1015 485 562 932 741 837 312 846 1257 116
620 315 0 877 805 812 1581 648 641 772 821 1223 1448 1006 1531 1041 1004 921 708 670 1202 671 748 1118 927 1023 499 1033 1444 302
398 691 877 0 187 89 1286 368 264 772 822 928 1153 710 1236 187 149 626 310 350 906 506 583 823 632 169 515 737 1148 678
234 619 805 187 0 254 1371 205 428 609 658 1013 1238 796 1321 286 249 711 147 186 992 343 419 908 717 269 356 822 1234 606
464 626 812 89 254 0 1221 434 199 839 888 862 1088 645 1170 253 215 561 377 416 841 572 649 757 566 235 450 672 1083 613
1340 1395 1581 1286 1371 1221 0 1369 1050 1667 1716 616 305 751 110 1450 1412 683 1407 1390 593 1528 1605 599 809 1432 1219 575 361 1382
74 462 648 368 205 434 1369 0 428 448 497 1010 1236 793 1318 467 430 708 82 44 989 182 259 905 714 449 173 820 1231 449
400 455 641 264 428 199 1050 428 0 727 776 692 917 474 999 428 390 390 467 450 670 588 665 587 395 410 279 501 912 442
642 750 936 937 773 1003 1831 612 891 0 68 1473 1698 1256 1781 1036 998 1171 651 612 1452 538 615 1368 1177 1018 749 1282 1694 737
691 799 986 986 823 1052 1880 662 940 68 0 1522 1748 1305 1830 1085 1048 1220 700 661 1501 587 664 1417 1226 1067 798 1332 1743 787
982 1037 1223 928 1013 862 616 1010 692 1309 1358 0 483 242 651 1091 1054 325 1049 1032 169 1170 1247 253 340 1073 861 216 564 1024
1207 1262 1448 1153 1238 1088 305 1236 917 1534 1583 483 0 618 391 1317 1279 550 1274 1257 545 1396 1472 629 716 1299 1086 442 528 1250
765 820 1006 710 796 645 751 793 474 1091 1141 242 618 0 705 874 837 267 832 815 222 953 1030 236 123 856 644 352 618 807
1290 1345 1531 1236 1321 1170 110 1318 999 1617 1666 651 391 705 0 1399 1362 739 1357 1340 507 1478 1555 513 722 1381 1169 631 274 1332
497 855 1041 187 286 253 1450 467 428 871 921 1091 1317 874 1399 0 62 790 410 449 1070 605 682 986 795 43 619 901 1312 842
460 817 1004 149 249 215 1412 430 390 834 883 1054 1279 837 1362 62 0 752 372 411 1033 568 645 949 758 65 581 864 1275 805
680 735 921 626 711 561 683 708 390 1007 1056 325 550 267 739 790 752 0 747 730 387 868 945 379 188 772 559 134 652 722
112 522 708 310 147 377 1407 82 467 486 536 1049 1274 832 1357 410 372 747 0 79 1028 220 297 944 753 392 233 859 1270 509
73 483 670 350 186 416 1390 44 450 448 497 1032 1257 815 1340 449 411 730 79 0 1011 181 258 927 736 431 195 842 1253 471
961 1015 1202 906 992 841 593 989 670 1287 1337 169 545 222 507 1070 1033 387 1028 1011 0 1149 1226 108 319 1052 840 279 419 1003
212 485 671 506 343 572 1528 182 588 374 423 1170 1396 953 1478 605 568 868 220 181 1149 0 105 1065 874 587 333 980 1391 472
288 562 748 583 419 649 1605 259 665 450 500 1247 1472 1030 1555 682 645 945 297 258 1226 105 0 1142 951 664 410 1057 1468 549
877 932 1118 823 908 757 599 905 587 1204 1253 253 629 236 513 986 949 379 944 927 108 1065 1142 0 235 968 756 362 425 919
686 741 927 632 717 566 809 714 395 1012 1062 340 716 123 722 795 758 188 753 736 319 874 951 235 0 777 565 300 635 728
479 837 1023 169 269 235 1432 449 410 853 903 1073 1299 856 1381 43 65 772 392 431 1052 587 664 968 777 0 601 883 1294 824
145 312 499 515 356 450 1219 173 279 584 634 861 1086 644 1169 619 581 559 233 195 840 333 410 756 565 601 0 670 1082 300
791 846 1033 737 822 672 575 820 501 1118 1168 216 442 352 631 901 864 134 859 842 279 980 1057 362 300 883 670 0 543 834
1203 1257 1444 1148 1234 1083 361 1231 912 1529 1579 564 528 618 274 1312 1275 652 1270 1253 419 1391 1468 425 635 1294 1082 543 0 1245
421 116 302 678 606 613 1382 449 442 573 622 1024 1250 807 1332 842 805 722 509 471 1003 472 549 919 728 824 300 834 1245 0
EOF