NAME : tsp_problem
TYPE : TSP
DIMENSION : 70
EDGE_WEIGHT_TYPE : EXPLICIT
EDGE_WEIGHT_FORMAT : FULL_MATRIX
EDGE_WEIGHT_SECTION
0 442 1016 675 1559 1284 1538 1211 423 1371 1579 1720 1751 1128 1710 1530 1723 1026 1423 1600 1381 2421 1490 1338 1168 1156 1238 1683 275 750 1516 1363 625 1121 279 400 1245 1091 629 1170 764 1364 613 519 438 771 1348 560 1215 564 1471 1109 1451 521 1231 612 511 1273 1495 1367 1594 1345 550 1739 1364 671 1356 694 1095 1509
442 0 819 478 1362 1088 1341 1014 41 1174 1382 1523 1554 932 1513 1333 1527 830 1227 1403 1184 2225 1293 1141 971 959 1041 1486 289 614 1319 1166 489 924 189 108 1048 895 492 974 567 1167 461 544 241 575 1151 423 1018 500 1275 913 1254 385 1035 475 314 1076 1298 1170 1397 1148 353 1542 1167 535 1159 497 899 1312
1016 819 0 364 637 363 617 224 799 449 658 799 830 142 788 609 802 59 437 679 459 1500 568 416 246 234 251 762 853 506 594 419 579 134 762 777 324 105 501 249 274 442 656 911 602 419 361 569 294 866 550 123 529 607 245 841 526 351 573 381 673 423 487 817 443 532 434 349 174 588
675 478 364 0 907 632 886 559 459 719 927 1068 1099 476 1058 878 1071 374 771 948 729 1769 838 686 516 504 586 1031 618 288 864 711 361 469 422 436 593 439 393 518 112 712 412 767 262 202 696 426 563 723 819 457 799 463 579 698 185 621 842 715 942 693 146 1087 712 315 704 131 443 857
1559 1362 637 907 0 373 712 613 1343 544 752 894 541 700 500 704 513 648 662 390 554 1595 98 511 491 503 585 473 1396 1049 689 417 1122 708 1306 1320 412 713 1044 412 817 238 1199 1454 1146 963 586 1112 366 1409 116 720 180 1150 592 1385 1069 385 668 606 768 400 1030 529 538 1076 529 892 559 682
1284 1088 363 632 373 0 728 298 1068 560 769 910 693 386 652 720 665 374 347 542 570 1611 304 527 142 154 270 625 1121 774 705 103 847 393 1031 1046 97 423 769 352 543 160 925 1179 871 688 271 838 306 1135 285 405 265 875 277 1110 794 70 684 291 784 85 755 681 554 801 545 618 213 699
1538 1341 617 886 712 728 0 812 1322 300 365 506 866 729 825 316 838 627 1024 715 310 1208 642 267 611 599 839 798 1375 1028 92 806 1101 722 1285 1300 689 692 1023 460 797 653 1179 1433 1125 942 949 1092 504 1389 624 710 671 1129 832 1364 1048 716 281 968 380 788 1009 854 294 1055 285 872 539 87
1211 1014 224 559 613 298 812 0 994 644 853 994 933 111 891 804 905 214 236 782 654 1695 543 611 416 428 61 865 1048 701 789 219 774 119 957 972 336 149 696 444 469 399 851 1106 797 614 161 764 489 1061 525 131 505 802 68 1036 721 310 768 180 868 237 682 920 638 727 629 544 369 783
423 41 799 459 1343 1068 1322 994 0 1154 1363 1504 1535 912 1493 1314 1507 810 1207 1384 1164 2205 1273 1121 951 939 1021 1467 270 594 1299 1146 469 905 170 88 1029 875 472 954 547 1147 442 525 222 555 1131 404 999 480 1255 893 1235 365 1015 456 294 1057 1278 1151 1378 1129 334 1522 1148 515 1140 477 879 1293
1371 1174 449 719 544 560 300 644 1154 0 341 482 698 562 657 292 671 460 857 547 92 1183 475 99 443 432 671 630 1207 860 277 638 934 554 1117 1132 521 525 856 292 629 485 1011 1265 957 774 781 924 337 1221 456 543 503 962 665 1196 881 549 256 801 356 621 842 686 105 887 117 704 371 271
1579 1382 658 927 752 769 365 853 1363 341 0 338 907 770 865 76 879 668 1065 756 351 1039 683 308 652 640 880 839 1416 1069 343 847 1142 763 1326 1340 729 733 1064 500 838 694 1219 1474 1166 983 990 1133 545 1430 665 751 711 1170 873 1405 1089 757 111 1009 212 829 1050 894 334 1096 326 912 579 336
1720 1523 799 1068 894 910 506 994 1504 482 338 0 1048 911 1007 289 1020 809 1206 897 492 812 824 449 793 781 1021 980 1557 1210 484 988 1283 904 1467 1482 871 874 1205 641 979 835 1361 1615 1307 1124 1131 1274 686 1571 806 892 853 1311 1014 1546 1230 898 253 1150 208 970 1191 1036 476 1237 467 1054 721 477
1915 1719 994 1263 705 857 1030 1097 1699 863 1071 1212 0 1107 110 1022 142 1005 1146 170 873 1914 636 830 976 976 1069 150 1752 1405 1008 902 1479 1099 1662 1677 896 1070 1401 837 1174 723 1556 1810 1502 1319 1071 1469 851 1766 618 1088 664 1507 1076 1741 1425 869 987 1090 1086 884 1387 81 856 1432 848 1249 916 1001
1128 932 142 476 700 386 729 111 912 562 770 911 942 0 901 721 915 132 324 791 572 1613 631 529 359 347 139 874 965 618 707 307 691 54 875 890 424 84 613 361 387 487 769 1023 715 532 248 682 406 979 613 66 592 719 132 954 638 397 686 268 785 325 599 930 555 645 547 462 286 700
1874 1677 952 1222 664 816 989 1056 1658 821 1030 1171 110 1065 0 981 149 963 1105 128 831 1872 595 788 934 935 1028 109 1711 1364 966 860 1437 1058 1621 1635 855 1028 1359 795 1132 681 1514 1769 1461 1278 1029 1427 809 1724 576 1046 623 1465 1035 1700 1384 828 945 1049 1045 842 1345 123 815 1391 807 1207 874 960
1530 1333 609 878 704 720 316 804 1314 292 76 289 858 721 817 0 830 619 1016 707 302 990 634 259 603 591 831 790 1367 1020 294 798 1093 714 1277 1292 681 684 1015 452 789 645 1171 1425 1117 934 941 1084 496 1381 616 702 663 1121 824 1356 1040 708 63 960 163 780 1001 846 286 1047 277 864 531 287
1888 1691 966 1236 678 830 1003 1069 1671 835 1043 1185 142 1079 149 995 0 977 1119 142 845 1886 608 802 948 949 1041 122 1725 1378 980 874 1451 1072 1634 1649 868 1042 1373 809 1146 695 1528 1783 1474 1291 1043 1441 823 1738 590 1060 637 1479 1049 1713 1398 841 959 1063 1058 856 1359 155 829 1404 820 1221 888 973
1026 830 59 374 648 374 627 214 810 460 668 809 840 132 799 619 813 0 427 689 470 1511 579 427 257 245 241 772 863 516 605 409 590 124 773 788 334 95 512 260 285 453 667 921 613 430 351 580 304 877 561 113 540 617 235 852 536 362 584 371 683 428 497 828 453 543 445 360 185 598
1423 1227 437 771 662 347 1024 236 1207 857 1065 1206 982 324 941 1016 954 427 0 831 867 1908 593 824 465 477 208 914 1260 913 1002 268 986 332 1170 1185 386 361 908 641 682 449 1064 1318 1010 827 98 977 595 1274 574 343 554 1014 216 1249 933 359 981 79 1080 287 894 970 850 940 842 757 536 995
1765 1568 843 1112 554 706 879 946 1548 712 920 1061 170 956 128 871 142 854 995 0 722 1763 485 679 825 825 918 101 1601 1254 857 751 1328 948 1511 1526 745 919 1250 686 1023 572 1405 1659 1351 1168 920 1318 700 1615 467 937 513 1356 925 1590 1274 718 836 939 935 733 1236 157 705 1281 697 1098 765 850
1381 1184 459 729 554 570 310 654 1164 92 351 492 708 572 667 302 681 470 867 557 0 1193 485 110 453 442 681 640 1218 871 287 649 944 564 1127 1142 531 535 866 302 639 495 1021 1275 967 784 791 934 347 1231 466 553 513 972 675 1206 891 559 266 811 366 631 852 696 98 897 110 714 381 281
2421 2225 1500 1769 1595 1611 1208 1695 2205 1183 1039 812 1749 1613 1708 990 1721 1511 1908 1598 1193 0 1526 1150 1494 1482 1722 1681 2258 1911 1185 1689 1985 1605 2168 2183 1572 1576 1906 1343 1680 1536 2062 2316 2008 1825 1832 1975 1388 2272 1507 1594 1554 2012 1716 2247 1931 1599 954 1851 909 1671 1892 1737 1177 1938 1169 1755 1422 1178
1490 1293 568 838 98 304 642 543 1273 475 683 824 472 631 430 634 444 579 593 321 485 1526 0 442 422 434 516 404 1327 980 620 348 1053 639 1236 1251 342 644 975 343 748 169 1130 1385 1076 893 517 1043 297 1340 64 650 111 1081 523 1315 1000 316 599 537 698 330 961 459 468 1006 460 823 490 613
1338 1141 416 686 511 527 267 611 1121 99 308 449 666 529 624 259 638 427 824 515 110 1150 442 0 410 399 638 597 1175 828 244 606 901 522 1085 1099 488 492 823 259 596 453 978 1233 924 742 748 891 304 1188 423 510 470 929 632 1163 848 516 223 768 323 588 809 653 93 854 85 671 338 238
1168 971 246 516 491 142 611 416 951 443 652 793 811 359 770 603 784 257 465 660 453 1494 422 410 0 55 388 743 1005 658 588 221 731 351 914 929 103 322 653 243 426 278 808 1062 754 571 390 721 288 1018 404 340 383 759 395 993 678 131 567 409 667 203 639 799 437 684 429 501 114 582
1156 959 234 504 503 154 599 428 939 432 640 781 812 347 771 591 784 245 477 661 442 1482 434 399 55 0 400 744 993 646 577 233 719 340 903 917 115 310 641 231 414 290 796 1051 742 560 402 709 276 1006 416 328 395 747 407 982 666 143 555 421 655 215 627 800 425 673 417 489 102 570
1238 1041 251 586 585 270 839 61 1021 671 880 1021 905 139 863 831 877 241 208 754 681 1722 516 638 388 400 0 837 1075 728 816 191 801 146 985 999 309 176 723 471 496 372 878 1133 824 642 133 791 516 1088 497 158 477 829 40 1064 748 282 795 152 895 210 709 892 665 755 657 571 396 810
1847 1651 926 1195 637 789 962 1029 1631 795 1003 1144 150 1039 109 954 122 937 1078 101 805 1845 568 762 908 908 1001 0 1684 1337 940 834 1411 1031 1594 1609 828 1002 1332 769 1106 655 1488 1742 1434 1251 1003 1401 783 1698 550 1020 596 1438 1008 1673 1357 801 919 1022 1018 816 1318 138 788 1364 780 1181 848 933
275 289 853 618 1396 1121 1375 1048 270 1207 1416 1557 1588 965 1547 1367 1560 863 1260 1437 1218 2258 1327 1175 1005 993 1075 1520 0 498 1352 1200 373 958 329 208 1082 928 377 1007 675 1201 361 429 381 537 1185 308 1052 385 1308 946 1288 270 1068 360 454 1110 1331 1204 1431 1182 493 1576 1201 420 1193 637 932 1346
750 614 506 288 1049 774 1028 701 594 860 1069 1210 1241 618 1200 1020 1213 516 913 1090 871 1911 980 828 658 646 728 1173 498 0 1005 853 150 611 608 532 735 581 182 660 254 854 228 556 448 116 838 215 705 512 961 599 941 253 721 487 450 763 984 857 1084 835 411 1229 854 104 846 273 585 999
1516 1319 594 864 689 705 92 789 1299 277 343 484 843 707 802 294 816 605 1002 692 287 1185 620 244 588 577 816 775 1352 1005 0 783 1079 699 1262 1277 666 670 1001 437 774 630 1156 1410 1102 919 926 1069 482 1366 601 688 648 1107 810 1341 1026 694 258 946 358 766 987 831 271 1032 263 849 516 64
1363 1166 419 711 417 103 806 219 1146 638 847 988 737 307 696 798 710 409 268 587 649 1689 348 606 221 233 191 669 1200 853 783 0 926 314 1110 1124 141 344 848 396 621 204 1003 1258 949 767 193 916 350 1213 330 326 309 954 198 1188 873 114 762 212 862 125 834 725 632 880 624 696 292 777
625 489 579 361 1122 847 1101 774 469 934 1142 1283 1314 691 1273 1093 1286 590 986 1163 944 1985 1053 901 731 719 801 1246 373 150 1079 926 0 684 482 408 808 655 178 733 327 927 102 431 322 189 911 199 778 387 1034 672 1014 160 794 362 325 836 1058 930 1157 908 364 1302 927 100 919 347 658 1072
1121 924 134 469 708 393 722 119 905 554 763 904 935 54 893 714 907 124 332 784 564 1605 639 522 351 340 146 867 958 611 699 314 684 0 868 882 429 91 606 354 380 495 761 1016 708 525 256 675 399 972 620 73 600 712 140 947 631 405 678 275 778 333 592 923 548 638 540 454 279 693
279 189 762 422 1306 1031 1285 957 170 1117 1326 1467 1498 875 1456 1277 1470 773 1170 1347 1127 2168 1236 1085 914 903 985 1430 329 608 1262 1110 482 868 0 147 992 838 532 917 511 1111 405 584 185 518 1094 463 962 540 1218 856 1198 424 978 515 257 1020 1241 1114 1341 1092 297 1486 1111 528 1103 440 842 1256
400 108 777 436 1320 1046 1300 972 88 1132 1340 1482 1512 890 1471 1292 1485 788 1185 1362 1142 2183 1251 1099 929 917 999 1444 208 532 1277 1124 408 882 147 0 1007 853 411 932 525 1125 395 463 199 533 1109 342 977 419 1233 871 1212 304 993 394 272 1034 1256 1129 1356 1106 311 1500 1126 454 1117 455 857 1270
1245 1048 324 593 412 97 689 336 1029 521 729 871 732 424 690 681 704 334 386 581 531 1572 342 488 103 115 309 664 1082 735 666 141 808 429 992 1007 0 399 730 321 504 199 886 1140 832 649 310 799 344 1096 324 417 304 836 316 1071 755 109 645 330 745 123 716 719 515 762 506 579 174 659
1091 895 105 439 713 423 692 149 875 525 733 874 905 84 864 684 878 95 361 754 535 1576 644 492 322 310 176 837 928 581 670 344 655 91 838 853 399 0 577 325 350 518 732 986 678 495 286 645 369 942 626 81 605 683 169 917 601 427 649 305 748 362 563 893 518 608 510 425 250 663
629 492 501 393 1044 769 1023 696 472 856 1064 1205 1236 613 1195 1015 1208 512 908 1085 866 1906 975 823 653 641 723 1168 377 182 1001 848 178 606 532 411 730 577 0 655 358 849 255 435 476 221 833 93 700 390 956 594 936 131 716 366 478 758 980 852 1079 830 516 1224 849 132 841 378 580 994
1170 974 249 518 412 352 460 444 954 292 500 641 672 361 631 452 645 260 641 521 302 1343 343 259 243 231 471 604 1007 660 437 396 733 354 917 932 321 325 655 0 429 217 811 1065 757 574 565 724 69 1021 325 342 304 761 465 996 680 348 416 585 515 378 641 660 286 687 277 504 171 430
764 567 274 112 817 543 797 469 547 629 838 979 1010 387 968 789 982 285 682 859 639 1680 748 596 426 414 496 942 675 254 774 621 327 380 511 525 504 350 358 429 0 622 404 733 350 168 606 392 474 688 730 368 709 429 490 664 274 531 753 626 853 603 235 997 623 281 614 97 354 768
1364 1167 442 712 238 160 653 399 1147 485 694 835 558 487 517 645 531 453 449 407 495 1536 169 453 278 290 372 490 1201 854 630 204 927 495 1111 1125 199 518 849 217 622 0 1004 1259 950 768 373 917 171 1214 151 507 130 955 379 1190 874 172 609 393 709 186 835 546 479 881 471 697 349 624
613 461 656 412 1199 925 1179 851 442 1011 1219 1361 1391 769 1350 1171 1364 667 1064 1241 1021 2062 1130 978 808 796 878 1323 361 228 1156 1003 102 761 405 395 886 732 255 811 404 1004 0 419 245 266 988 187 856 375 1112 750 1091 148 872 350 247 913 1135 1008 1234 985 287 1379 1005 148 996 424 736 1149
519 544 911 767 1454 1179 1433 1106 525 1265 1474 1615 1646 1023 1604 1425 1618 921 1318 1495 1275 2316 1385 1233 1062 1051 1133 1578 429 556 1410 1258 431 1016 584 463 1140 986 435 1065 733 1259 419 0 636 595 1243 366 1110 68 1366 1004 1346 327 1126 195 642 1168 1389 1262 1489 1240 681 1634 1259 477 1251 753 990 1404
438 241 602 262 1146 871 1125 797 222 957 1166 1307 1338 715 1296 1117 1310 613 1010 1187 967 2008 1076 924 754 742 824 1270 381 448 1102 949 322 708 185 199 832 678 476 757 350 950 245 636 0 358 934 407 802 592 1058 696 1038 368 818 567 97 860 1081 954 1181 932 137 1325 951 368 943 280 682 1096
771 575 419 202 963 688 942 614 555 774 983 1124 1155 532 1113 934 1127 430 827 1004 784 1825 893 742 571 560 642 1087 537 116 919 767 189 525 518 533 649 495 221 574 168 768 266 595 358 0 751 254 619 551 875 513 855 291 635 526 361 677 898 771 998 749 325 1143 768 143 760 187 499 913
1348 1151 361 696 586 271 949 161 1131 781 990 1131 906 248 865 941 879 351 98 755 791 1832 517 748 390 402 133 838 1185 838 926 193 911 256 1094 1109 310 286 833 565 606 373 988 1243 934 751 0 901 519 1198 499 268 478 939 140 1173 858 283 905 42 1005 211 819 894 775 864 766 681 461 920
560 423 569 426 1112 838 1092 764 404 924 1133 1274 1305 682 1263 1084 1277 580 977 1154 934 1975 1043 891 721 709 791 1237 308 215 1069 916 199 675 463 342 799 645 93 724 392 917 187 366 407 254 901 0 769 322 1025 663 1004 75 785 297 409 826 1048 921 1148 898 449 1292 918 165 909 411 649 1063
1215 1018 294 563 366 306 504 489 999 337 545 686 686 406 645 496 658 304 595 535 347 1388 297 304 288 276 516 618 1052 705 482 350 778 399 962 977 344 369 700 69 474 171 856 1110 802 619 519 769 0 1066 279 387 258 806 509 1041 725 317 461 539 560 332 686 674 330 732 322 549 216 475
564 500 866 723 1409 1135 1389 1061 480 1221 1430 1571 1602 979 1560 1381 1574 877 1274 1451 1231 2272 1340 1188 1018 1006 1088 1534 385 512 1366 1213 387 972 540 419 1096 942 390 1021 688 1214 375 68 592 551 1198 322 1066 0 1322 960 1301 283 1082 151 598 1123 1345 1218 1445 1195 637 1589 1215 433 1206 708 946 1360
1471 1275 550 819 116 285 624 525 1255 456 665 806 453 613 412 616 426 561 574 303 466 1507 64 423 404 416 497 385 1308 961 601 330 1034 620 1218 1233 324 626 956 325 730 151 1112 1366 1058 875 499 1025 279 1322 0 632 92 1062 504 1297 981 297 580 518 680 312 942 441 450 988 442 805 472 595
1109 913 123 457 720 405 710 131 893 543 751 892 923 66 882 702 895 113 343 772 553 1594 650 510 340 328 158 855 946 599 688 326 672 73 856 871 417 81 594 342 368 507 750 1004 696 513 268 663 387 960 632 0 612 700 151 935 619 417 667 287 766 345 580 911 536 626 528 443 267 681
1451 1254 529 799 180 265 671 505 1235 503 711 853 500 592 459 663 472 540 554 349 513 1554 111 470 383 395 477 432 1288 941 648 309 1014 600 1198 1212 304 605 936 304 709 130 1091 1346 1038 855 478 1004 258 1301 92 612 0 1042 484 1277 961 277 627 498 727 292 922 488 497 968 488 784 451 642
521 385 607 463 1150 875 1129 802 365 962 1170 1311 1342 719 1301 1121 1314 617 1014 1191 972 2012 1081 929 759 747 829 1274 270 253 1107 954 160 712 424 304 836 683 131 761 429 955 148 327 368 291 939 75 806 283 1062 700 1042 0 822 258 371 864 1086 958 1185 936 410 1330 955 203 947 449 686 1100
1231 1035 245 579 592 277 832 68 1015 665 873 1014 912 132 871 824 884 235 216 761 675 1716 523 632 395 407 40 844 1068 721 810 198 794 140 978 993 316 169 716 465 490 379 872 1126 818 635 140 785 509 1082 504 151 484 822 0 1057 741 289 789 160 888 217 702 900 658 748 650 565 389 803
612 475 841 698 1385 1110 1364 1036 456 1196 1405 1546 1577 954 1535 1356 1549 852 1249 1426 1206 2247 1315 1163 993 982 1064 1509 360 487 1341 1188 362 947 515 394 1071 917 366 996 664 1190 350 195 567 526 1173 297 1041 151 1297 935 1277 258 1057 0 573 1099 1320 1193 1420 1171 612 1564 1190 408 1182 683 921 1335
511 314 526 185 1069 794 1048 721 294 881 1089 1230 1261 638 1220 1040 1233 536 933 1110 891 1931 1000 848 678 666 748 1193 454 450 1026 873 325 631 257 272 755 601 478 680 274 874 247 642 97 361 858 409 725 598 981 619 961 371 741 573 0 783 1004 877 1104 855 139 1249 874 371 866 203 605 1019
1273 1076 351 621 385 70 716 310 1057 549 757 898 705 397 663 708 677 362 359 554 559 1599 316 516 131 143 282 637 1110 763 694 114 836 405 1020 1034 109 427 758 348 531 172 913 1168 860 677 283 826 317 1123 297 417 277 864 289 1099 783 0 673 303 772 96 744 692 542 790 534 606 202 687
1495 1298 573 842 668 684 281 768 1278 256 111 253 822 686 781 63 795 584 981 671 266 954 599 223 567 555 795 754 1331 984 258 762 1058 678 1241 1256 645 649 980 416 753 609 1135 1389 1081 898 905 1048 461 1345 580 667 627 1086 789 1320 1004 673 0 925 127 745 966 810 250 1011 242 828 495 252
1367 1170 381 715 606 291 968 180 1151 801 1009 1150 926 268 884 960 898 371 79 775 811 1851 537 768 409 421 152 858 1204 857 946 212 930 275 1114 1129 330 305 852 585 626 393 1008 1262 954 771 42 921 539 1218 518 287 498 958 160 1193 877 303 925 0 1024 231 838 914 794 884 786 701 480 939
1594 1397 673 942 768 784 380 868 1378 356 212 208 922 785 880 163 894 683 1080 771 366 909 698 323 667 655 895 854 1431 1084 358 862 1157 778 1341 1356 745 748 1079 515 853 709 1234 1489 1181 998 1005 1148 560 1445 680 766 727 1185 888 1420 1104 772 127 1024 0 844 1065 910 350 1111 341 928 595 351
1345 1148 423 693 400 85 788 237 1129 621 829 970 720 325 678 780 692 428 287 569 631 1671 330 588 203 215 210 652 1182 835 766 125 908 333 1092 1106 123 362 830 378 603 186 985 1240 932 749 211 898 332 1195 312 345 292 936 217 1171 855 96 745 231 844 0 816 707 614 862 606 678 274 759
550 353 487 146 1030 755 1009 682 334 842 1050 1191 1222 599 1181 1001 1194 497 894 1071 852 1892 961 809 639 627 709 1154 493 411 987 834 364 592 297 311 716 563 516 641 235 835 287 681 137 325 819 449 686 637 942 580 922 410 702 612 139 744 966 838 1065 816 0 1210 835 410 827 165 566 980
1903 1706 982 1251 693 845 1018 1085 1687 850 1059 1200 81 1094 123 1010 155 992 1134 157 860 1901 624 817 963 964 1057 138 1740 1393 995 889 1466 1087 1650 1664 884 1057 1388 824 1161 710 1543 1798 1490 1307 1058 1457 838 1753 605 1075 652 1494 1064 1729 1413 857 974 1078 1074 872 1374 0 844 1420 836 1236 903 989
1364 1167 443 712 538 554 294 638 1148 105 334 476 692 555 651 286 664 453 850 541 98 1177 468 93 437 425 665 624 1201 854 271 632 927 548 1111 1126 515 518 849 286 623 479 1005 1259 951 768 775 918 330 1215 450 536 497 955 658 1190 874 542 250 794 350 614 835 680 0 881 111 698 365 265
671 535 532 315 1076 801 1055 727 515 887 1096 1237 1268 645 1226 1047 1240 543 940 1117 897 1938 1006 854 684 673 755 1200 420 104 1032 880 100 638 528 454 762 608 132 687 281 881 148 477 368 143 864 165 732 433 988 626 968 203 748 408 371 790 1011 884 1111 862 410 1255 881 0 873 300 612 1026
1356 1159 434 704 529 545 285 629 1140 117 326 467 684 547 642 277 656 445 842 533 110 1169 460 85 429 417 657 616 1193 846 263 624 919 540 1103 1117 506 510 841 277 614 471 996 1251 943 760 766 909 322 1206 442 528 488 947 650 1182 866 534 242 786 341 606 827 671 111 873 0 689 356 256
694 497 349 131 892 618 872 544 477 704 912 1054 1085 462 1043 864 1057 360 757 934 714 1755 823 671 501 489 571 1017 637 273 849 696 347 454 440 455 579 425 378 504 97 697 424 753 280 187 681 411 549 708 805 443 784 449 565 683 203 606 828 701 928 678 165 1072 698 300 689 0 429 843
1095 899 174 443 559 213 539 369 879 371 579 721 752 286 710 531 724 185 536 601 381 1422 490 338 114 102 396 684 932 585 516 292 658 279 842 857 174 250 580 171 354 349 736 990 682 499 461 649 216 946 472 267 451 686 389 921 605 202 495 480 595 274 566 739 365 612 356 429 0 510
1509 1312 588 857 682 699 87 783 1293 271 336 477 837 700 795 287 809 598 995 686 281 1178 613 238 582 570 810 769 1346 999 64 777 1072 693 1256 1270 659 663 994 430 768 624 1149 1404 1096 913 920 1063 475 1360 595 681 642 1100 803 1335 1019 687 252 939 351 759 980 824 265 1026 256 843 510 0
EOF