NAME : tsp_problem
TYPE : TSP
DIMENSION : 84
EDGE_WEIGHT_TYPE : EXPLICIT
EDGE_WEIGHT_FORMAT : FULL_MATRIX
EDGE_WEIGHT_SECTION
0 1913 944 1286 1083 2538 677 1420 192 1573 1097 1561 1042 1259 1753 1726 1057 1571 169 1462 1114 1820 1774 692 1036 1787 883 1026 1750 1044 1197 1800 859 1468 816 1027 1114 1413 1093 1800 822 2364 1965 958 1434 971 142 1001 958 1927 946 1456 1028 1612 1257 1793 176 1062 646 1067 1114 755 1006 1479 997 1331 999 682 1163 1454 139 1143 1011 1588 1546 1744 751 1104 1409 1148 1007 114 1052 1834
1748 0 1064 650 1223 1920 1471 740 1574 633 1546 621 1005 680 418 391 1275 362 1645 699 1191 693 648 1420 999 372 1285 1475 336 1493 738 589 1207 694 1362 990 1562 675 1311 673 1191 1745 321 1078 499 1420 1646 1450 1407 283 1395 705 1477 558 681 379 1659 1511 1422 1239 1076 1337 1455 458 1118 807 1143 1410 1381 485 1686 1361 1460 500 387 617 1311 1200 525 1597 1132 1674 1501 245
780 1064 0 438 412 1690 502 572 605 725 578 713 194 411 905 878 419 723 677 614 380 972 926 451 188 938 245 506 901 524 348 952 239 620 322 179 594 564 454 952 222 1516 1117 55 586 451 677 482 439 1079 427 608 508 763 409 945 690 542 454 428 265 344 486 631 95 483 109 441 525 606 717 505 491 740 698 896 343 389 561 628 110 705 532 986
1122 650 438 0 596 1612 845 270 947 422 920 410 378 108 490 463 648 308 1019 311 564 743 698 793 372 630 658 848 593 866 112 723 581 317 735 363 936 262 684 723 564 1438 809 452 171 793 1020 824 781 770 769 305 850 349 106 637 1032 884 796 612 450 711 828 216 491 180 516 783 755 191 1059 735 833 512 283 667 685 574 146 971 506 1047 875 572
918 1223 412 596 0 1848 513 730 744 883 893 871 246 569 1063 1036 76 881 816 772 55 1130 1085 462 252 1097 224 822 1060 840 507 1110 483 778 330 263 910 723 112 1110 538 1674 1275 425 744 767 816 797 755 1237 743 766 824 922 567 1103 829 858 465 60 176 352 802 789 391 641 369 452 183 764 856 163 807 898 856 1054 375 46 719 944 377 844 848 1144
2459 2005 1775 1697 1933 0 2182 1486 2285 1590 2257 1577 1715 1670 1844 1735 1985 1862 2356 1479 1901 1761 1716 2131 1709 1728 1996 2185 1691 2204 1607 1742 1918 1485 2072 1700 2273 1631 2021 1742 1902 413 1907 1789 1843 2131 2357 2161 2118 1869 2106 1473 2188 1752 1668 1735 2370 2222 2133 1949 1787 2048 2165 1802 1829 1628 1854 2120 2092 1829 2397 2072 2171 1530 1837 1685 2022 1911 1820 2308 1843 2384 2212 2021
512 1471 502 845 513 2097 0 979 338 1132 694 1119 601 818 1312 1285 487 1130 409 1021 545 1378 1333 123 595 1345 314 622 1308 640 755 1359 290 1027 247 586 710 971 523 1359 418 1922 1524 492 993 567 410 598 555 1486 543 1015 624 1170 815 1352 423 658 77 497 666 186 602 1038 452 890 429 113 594 1013 450 574 607 1147 1104 1302 182 535 967 744 437 438 648 1393
1256 740 572 270 730 1401 979 0 1082 176 1054 164 513 243 579 471 783 448 1153 65 699 497 452 928 507 464 793 982 427 1001 246 477 715 71 870 498 1070 168 818 477 699 1227 643 586 418 928 1154 958 915 604 903 59 985 338 240 471 1167 1019 930 747 584 845 963 388 626 165 651 918 889 415 1194 869 968 266 423 421 819 708 392 1105 640 1182 1009 712
192 1738 770 1112 908 2364 502 1246 0 1399 923 1386 868 1085 1579 1552 882 1397 90 1288 940 1646 1600 518 862 1612 709 851 1575 870 1022 1626 685 1294 642 853 939 1238 918 1626 647 2190 1791 783 1260 797 90 827 784 1753 772 1282 854 1437 1082 1619 103 888 472 892 939 581 831 1305 823 1157 824 508 989 1280 130 969 837 1414 1371 1569 577 930 1234 974 832 118 878 1660
1409 633 725 422 883 1505 1132 176 1234 0 1207 55 665 395 472 363 935 296 1306 134 851 390 344 1080 659 356 945 1135 319 1153 399 370 868 128 1022 650 1223 221 971 370 851 1330 535 738 277 1080 1306 1111 1068 497 1056 140 1137 185 393 363 1319 1171 1083 899 737 998 1115 236 778 317 803 1070 1042 262 1346 1022 1120 158 270 314 972 861 302 1257 793 1334 1161 559
933 1546 578 920 893 2172 694 1054 759 1207 0 1194 676 893 1387 1360 946 1205 830 1096 862 1453 1408 710 670 1420 798 183 1383 201 830 1434 567 1102 758 661 209 1046 981 1434 455 1998 1599 591 1068 276 831 306 263 1561 251 1090 185 1245 890 1427 844 157 663 909 747 696 163 1113 631 965 656 699 1052 1088 871 1032 168 1222 1179 1377 670 871 1042 99 646 859 357 1468
1396 621 713 410 871 1492 1119 164 1222 55 1194 0 653 383 460 351 923 309 1294 122 839 377 332 1068 647 344 933 1123 307 1141 386 358 856 116 1010 638 1211 234 959 358 839 1318 523 726 290 1068 1294 1098 1055 485 1043 128 1125 198 381 351 1307 1159 1070 887 725 985 1103 249 766 305 791 1058 1029 275 1334 1010 1108 146 283 301 959 849 316 1245 781 1322 1149 572
878 1005 194 378 246 1630 601 513 703 665 676 653 0 352 846 819 298 663 775 555 214 912 867 549 83 879 414 604 842 622 289 892 337 560 491 74 692 505 334 892 320 1456 1058 208 526 549 776 580 537 1019 525 549 606 704 349 886 788 640 552 262 100 467 584 572 247 423 272 539 405 546 815 385 589 681 638 836 441 224 501 727 262 803 631 927
1095 680 411 108 569 1585 818 243 921 395 893 383 352 0 521 494 621 339 992 285 537 717 671 767 346 661 632 821 624 840 85 697 554 290 709 337 909 235 657 697 538 1411 839 425 202 767 993 797 754 801 742 279 824 380 79 667 1006 858 769 585 423 684 801 247 465 154 490 757 728 222 1033 708 807 485 314 640 658 547 177 944 479 1021 848 602
1589 418 905 490 1063 1759 1312 579 1415 472 1387 460 846 521 0 136 1115 202 1486 539 1031 532 487 1261 839 302 1126 1315 265 1334 579 512 1048 533 1202 830 1403 516 1151 513 1032 1584 481 919 340 1261 1487 1291 1248 442 1236 544 1318 399 521 309 1500 1352 1263 1079 917 1178 1295 299 959 648 984 1250 1222 325 1527 1202 1301 339 228 456 1152 1041 366 1438 973 1514 1342 340
1562 391 878 463 1036 1650 1285 471 1388 363 1360 351 819 494 136 0 1088 175 1459 430 1004 424 379 1234 812 194 1099 1288 157 1307 552 404 1021 424 1175 803 1376 489 1124 404 1005 1476 372 892 313 1234 1460 1264 1221 334 1209 436 1291 372 494 200 1473 1325 1236 1052 890 1151 1268 272 932 612 957 1223 1195 298 1500 1175 1274 231 201 348 1125 1014 339 1411 946 1487 1315 313
892 1275 419 648 76 1900 487 783 718 935 946 923 298 621 1115 1088 0 933 790 824 107 1182 1137 436 304 1149 198 874 1112 892 559 1162 457 830 304 315 962 775 85 1162 590 1726 1327 406 796 819 790 850 807 1289 795 818 876 974 619 1155 803 910 439 60 228 326 854 841 365 693 343 426 131 816 830 111 859 951 908 1106 350 98 771 996 351 818 900 1197
1407 362 723 308 881 1777 1130 448 1233 296 1205 309 663 339 202 175 933 0 1304 406 849 572 527 1079 657 342 944 1133 305 1152 397 552 866 401 1020 648 1221 334 969 552 850 1603 521 737 158 1079 1305 1109 1066 482 1054 412 1136 217 339 349 1318 1170 1081 897 735 996 1113 117 777 465 802 1068 1040 143 1345 1020 1119 379 151 496 970 859 184 1256 791 1332 1160 284
169 1810 841 1183 980 2435 574 1318 90 1470 994 1458 939 1157 1650 1623 954 1468 0 1359 1011 1717 1672 590 933 1684 780 923 1647 941 1094 1697 756 1365 714 924 1011 1310 990 1697 719 2261 1863 855 1331 868 69 899 856 1824 844 1354 925 1509 1154 1691 82 959 544 964 1011 652 903 1377 895 1228 896 580 1060 1351 109 1041 908 1486 1443 1641 648 1002 1306 1045 904 97 949 1732
1298 699 614 311 772 1394 1021 65 1124 134 1096 122 555 285 539 430 824 406 1195 0 740 456 411 970 549 423 835 1024 386 1043 288 436 757 64 912 540 1112 210 860 436 741 1220 602 628 388 970 1196 1000 957 563 945 52 1027 296 282 430 1209 1061 972 788 626 887 1004 346 668 206 693 960 931 373 1236 911 1010 225 381 380 861 750 413 1147 682 1224 1051 670
950 1191 380 564 55 1816 545 699 775 851 862 839 214 537 1031 1004 107 849 847 740 0 1098 1053 493 220 1065 255 790 1028 808 475 1078 515 746 361 231 878 691 143 1078 506 1642 1243 393 712 735 847 766 723 1205 711 734 792 890 535 1071 860 826 496 71 144 383 770 757 422 609 400 483 214 732 887 194 775 867 824 1022 407 57 687 912 408 875 816 1113
1656 693 972 743 1130 1676 1378 497 1481 390 1453 377 912 717 532 424 1182 572 1553 456 1098 0 112 1327 906 417 1192 1382 380 1400 720 207 1115 451 1269 897 1470 587 1218 87 1098 1502 475 985 643 1327 1553 1358 1315 513 1303 462 1384 552 714 424 1566 1418 1330 1146 984 1245 1362 602 1025 638 1050 1317 1288 629 1593 1269 1367 257 598 137 1219 1108 669 1504 1040 1581 1408 710
1610 648 926 698 1085 1631 1333 452 1436 344 1408 332 867 671 487 379 1137 527 1507 411 1053 112 0 1282 861 372 1147 1336 335 1355 674 162 1069 405 1224 852 1424 542 1173 132 1053 1457 430 940 598 1282 1508 1312 1269 468 1257 417 1339 506 669 378 1521 1373 1284 1101 938 1199 1317 557 980 593 1005 1272 1243 583 1548 1223 1322 212 552 92 1173 1062 623 1459 994 1536 1363 664
528 1420 451 793 462 2046 123 928 354 1080 710 1068 549 767 1261 1234 436 1079 425 970 493 1327 1282 0 543 1294 262 638 1257 656 704 1307 239 975 196 534 726 920 472 1307 424 1871 1473 441 941 583 426 614 571 1434 559 964 640 1119 764 1301 439 674 74 446 614 135 618 987 401 839 378 45 543 962 466 523 623 1096 1053 1251 131 484 916 760 386 454 664 1342
872 999 188 372 252 1624 595 507 697 659 670 647 83 346 839 812 304 657 769 549 220 906 861 543 0 873 408 598 836 616 283 886 331 554 485 68 686 499 340 886 314 1450 1052 201 520 543 770 574 531 1013 519 543 600 698 343 880 782 634 546 268 106 461 578 566 241 417 266 533 410 540 809 391 583 675 632 830 435 230 495 720 256 797 624 921
1622 372 938 630 1097 1643 1345 464 1448 356 1420 344 879 661 302 194 1149 342 1520 423 1065 417 372 1294 873 0 1159 1349 60 1367 687 397 1082 417 1236 864 1437 554 1185 397 1065 1469 274 952 480 1294 1520 1324 1281 236 1269 429 1351 518 661 38 1533 1385 1296 1113 950 1211 1329 438 992 605 1017 1284 1255 465 1560 1236 1334 224 368 341 1185 1075 505 1471 1006 1548 1375 479
719 1285 245 658 224 1910 314 793 544 945 798 933 414 632 1126 1099 198 944 616 835 255 1192 1147 262 408 1159 0 726 1122 745 569 1172 284 840 130 399 814 785 234 1172 443 1736 1338 232 806 672 616 702 659 1299 647 829 729 984 629 1166 629 763 265 208 376 152 707 852 191 704 169 252 304 827 656 285 712 961 918 1116 176 246 781 849 177 644 753 1207
861 1475 506 848 822 2100 622 982 687 1135 183 1123 604 821 1315 1288 874 1133 758 1024 790 1382 1336 638 598 1349 726 0 1312 71 759 1362 495 1030 686 589 199 975 910 1362 384 1926 1527 520 996 204 759 235 192 1489 180 1018 86 1174 819 1355 772 148 592 838 676 625 92 1041 559 893 584 628 980 1016 799 961 97 1150 1108 1306 599 800 971 234 574 787 285 1396
1585 336 901 593 1060 1606 1308 427 1411 319 1383 307 842 624 265 157 1112 305 1483 386 1028 380 335 1257 836 60 1122 1312 0 1330 650 360 1045 380 1199 827 1400 517 1148 360 1028 1432 238 915 443 1257 1483 1287 1244 200 1232 392 1314 481 624 66 1496 1348 1259 1076 913 1174 1292 401 955 568 980 1247 1218 428 1523 1199 1297 187 331 304 1148 1038 468 1434 969 1511 1338 442
880 1493 524 866 840 2118 640 1001 705 1153 201 1141 622 840 1334 1307 892 1152 777 1043 808 1400 1355 656 616 1367 745 71 1330 0 777 1380 513 1048 704 607 218 993 928 1380 402 1944 1546 538 1014 223 778 253 210 1507 198 1037 72 1192 837 1374 790 166 610 856 694 643 94 1060 578 912 603 646 999 1035 817 979 85 1169 1126 1324 617 818 989 252 592 805 304 1415
1032 738 348 112 507 1522 755 246 858 399 830 386 289 85 579 552 559 397 929 288 475 720 674 704 283 687 569 759 650 777 0 700 492 294 646 274 847 238 595 700 475 1348 865 362 260 704 930 734 691 827 679 282 761 437 82 693 943 795 706 523 360 621 739 305 402 157 427 694 665 280 970 646 744 488 371 644 595 484 234 881 416 958 785 660
1636 589 952 723 1110 1656 1359 477 1461 370 1434 358 892 697 512 404 1162 552 1533 436 1078 207 162 1307 886 397 1172 1362 360 1380 700 0 1095 431 1249 877 1450 567 1198 188 1078 1482 291 965 623 1307 1533 1338 1295 330 1283 442 1364 532 694 404 1546 1398 1310 1126 964 1225 1342 582 1005 618 1030 1297 1269 609 1573 1249 1347 237 578 131 1199 1088 649 1484 1020 1561 1388 690
695 1207 239 581 483 1833 290 715 520 868 567 856 337 554 1048 1021 457 866 592 757 515 1115 1069 239 331 1082 284 495 1045 513 492 1095 0 763 217 322 583 707 493 1095 211 1659 1260 253 729 440 593 471 428 1222 416 751 497 907 552 1088 605 531 241 467 409 156 475 774 292 626 317 228 564 749 632 544 480 883 841 1039 130 505 704 617 307 620 521 1129
1304 694 620 317 778 1400 1027 71 1129 128 1102 116 560 290 533 424 830 401 1201 64 746 451 405 975 554 417 840 1030 380 1048 294 431 763 0 917 545 1118 216 866 431 746 1225 596 633 382 975 1202 1006 963 558 951 58 1032 290 288 424 1214 1066 978 794 632 893 1010 341 673 212 698 965 937 367 1241 917 1015 219 375 374 867 756 407 1152 688 1229 1056 664
652 1362 322 735 330 1987 247 870 478 1022 758 1010 491 709 1202 1175 304 1020 549 912 361 1269 1224 196 485 1236 130 686 1199 704 646 1249 217 917 0 476 774 862 340 1249 402 1813 1415 309 883 631 550 662 619 1376 607 906 688 1061 706 1243 563 722 198 314 482 86 666 929 268 780 246 186 410 903 590 391 671 1038 995 1193 109 352 858 808 254 578 712 1284
863 990 179 363 263 1615 586 498 688 650 661 638 74 337 830 803 315 648 760 540 231 897 852 534 68 864 399 589 827 607 274 877 322 545 476 0 677 490 351 877 305 1441 1043 192 511 534 761 565 522 1004 510 534 591 689 334 871 773 625 537 279 116 452 569 557 232 408 257 524 421 531 800 402 574 666 623 821 426 240 486 711 247 788 615 912
949 1562 594 936 910 2188 710 1070 775 1223 209 1211 692 909 1403 1376 962 1221 846 1112 878 1470 1424 726 686 1437 814 199 1400 218 847 1450 583 1118 774 677 0 1062 998 1450 472 2014 1615 608 1084 292 847 323 280 1577 268 1106 202 1262 907 1443 860 77 680 926 764 713 180 1129 647 981 672 716 1068 1104 887 1049 185 1238 1196 1394 687 888 1059 260 662 875 373 1484
1248 675 564 262 723 1546 971 168 1074 221 1046 234 505 235 516 489 775 334 1145 210 691 587 542 920 499 554 785 975 517 993 238 567 707 216 862 490 1062 0 811 567 691 1372 732 578 315 920 1146 950 907 694 895 204 977 224 232 560 1159 1011 922 739 576 837 955 274 618 157 643 910 881 301 1186 861 960 356 309 511 811 700 341 1097 632 1174 1001 597
928 1311 454 684 112 1936 523 818 754 971 981 959 334 657 1151 1124 85 969 825 860 143 1218 1173 472 340 1185 234 910 1148 928 595 1198 493 866 340 351 998 811 0 1198 626 1762 1363 441 832 855 826 885 842 1325 831 854 912 1010 655 1191 839 946 474 96 264 362 890 877 401 729 378 462 95 852 866 76 895 986 944 1142 385 134 807 1032 387 854 936 1232
1636 673 952 723 1110 1657 1359 477 1461 370 1434 358 892 697 513 404 1162 552 1533 436 1078 87 132 1307 886 397 1172 1362 360 1380 700 188 1095 431 1249 877 1450 567 1198 0 1078 1482 455 966 623 1307 1534 1338 1295 494 1283 442 1364 532 694 404 1546 1398 1310 1126 964 1225 1342 582 1005 619 1030 1297 1269 609 1574 1249 1347 237 578 117 1199 1088 649 1485 1020 1561 1389 690
657 1191 222 564 538 1816 418 699 483 851 455 839 320 538 1032 1005 590 850 555 741 506 1098 1053 424 314 1065 443 384 1028 402 475 1078 211 746 402 305 472 691 626 1078 0 1642 1244 236 712 329 555 359 316 1205 304 735 386 890 535 1072 568 420 388 554 392 341 364 758 276 610 301 414 697 733 595 677 369 867 824 1022 315 516 687 506 290 583 410 1113
2200 1745 1516 1438 1674 328 1922 1227 2025 1330 1998 1318 1456 1411 1584 1476 1726 1603 2097 1220 1642 1502 1457 1871 1450 1469 1736 1926 1432 1944 1348 1482 1659 1225 1813 1441 2014 1372 1762 1482 1642 0 1648 1529 1584 1871 2097 1902 1859 1609 1847 1214 1928 1492 1408 1476 2110 1962 1874 1690 1528 1789 1906 1543 1569 1368 1594 1861 1832 1569 2137 1813 1911 1271 1577 1426 1763 1652 1560 2048 1584 2125 1952 1762
1801 321 1117 809 1275 1822 1524 643 1627 535 1599 523 1058 839 481 372 1327 521 1698 602 1243 475 430 1473 1052 274 1338 1527 238 1546 865 291 1260 596 1415 1043 1615 732 1363 455 1244 1648 0 1131 658 1473 1699 1503 1460 62 1448 608 1530 697 840 281 1712 1564 1475 1291 1129 1390 1507 617 1171 784 1196 1463 1434 644 1739 1414 1513 403 546 399 1364 1253 684 1650 1185 1727 1554 542
793 1078 55 452 425 1704 492 586 619 738 591 726 208 425 919 892 406 737 690 628 393 985 940 441 201 952 232 520 915 538 362 965 253 633 309 192 608 578 441 966 236 1529 1131 0 600 465 691 495 452 1092 440 622 522 777 422 959 704 556 443 416 279 331 500 645 109 497 96 431 512 620 731 492 505 754 711 909 354 403 574 642 104 719 546 1000
1270 499 586 171 744 1758 993 418 1095 277 1068 290 526 202 340 313 796 158 1167 388 712 643 598 941 520 480 806 996 443 1014 260 623 729 382 883 511 1084 315 832 623 712 1584 658 600 0 941 1168 972 929 620 917 394 998 198 202 486 1180 1032 944 760 598 859 976 98 639 328 664 931 903 125 1207 883 981 412 133 567 833 722 143 1119 654 1195 1023 421
807 1420 451 793 767 2045 567 928 632 1080 276 1068 549 767 1261 1234 819 1079 704 970 735 1327 1282 583 543 1294 672 204 1257 223 704 1307 440 975 631 534 292 920 855 1307 329 1871 1473 465 941 0 705 76 119 1434 125 964 207 1119 764 1301 717 241 537 783 621 570 184 987 505 839 530 573 926 962 744 906 190 1096 1053 1251 544 745 916 327 519 732 112 1342
142 1810 842 1184 981 2436 574 1318 90 1471 995 1459 940 1157 1651 1624 955 1469 69 1360 1012 1718 1672 590 934 1684 781 923 1647 942 1094 1698 757 1366 714 925 1011 1310 990 1698 719 2262 1863 855 1332 869 0 899 856 1825 844 1354 926 1509 1155 1691 83 960 544 965 1011 653 904 1377 895 1229 896 580 1061 1352 110 1041 909 1486 1444 1642 649 1002 1307 1046 905 97 950 1732
837 1450 482 824 797 2076 598 958 663 1111 306 1098 580 797 1291 1264 850 1109 734 1000 766 1358 1312 614 574 1324 702 235 1287 253 734 1338 471 1006 662 565 323 950 885 1338 359 1902 1503 495 972 76 735 0 87 1465 155 994 237 1149 794 1331 748 271 568 814 651 600 215 1017 535 869 560 603 956 992 775 936 220 1126 1083 1281 574 775 946 357 550 763 79 1372
794 1407 439 781 755 2033 555 915 620 1068 263 1055 537 754 1248 1221 807 1066 691 957 723 1315 1269 571 531 1281 659 192 1244 210 691 1295 428 963 619 522 280 907 842 1295 316 1859 1460 452 929 119 692 87 0 1422 112 951 194 1106 751 1288 705 228 525 771 608 557 172 974 492 826 517 560 913 949 732 893 177 1083 1040 1238 531 732 903 314 507 720 123 1329
1763 283 1079 770 1237 1783 1486 604 1588 497 1561 485 1019 801 442 334 1289 482 1660 563 1205 513 468 1434 1013 236 1299 1489 200 1507 827 330 1222 558 1376 1004 1577 694 1325 494 1205 1609 62 1092 620 1434 1660 1465 1422 0 1410 569 1491 659 801 243 1673 1525 1437 1253 1091 1352 1469 579 1132 745 1157 1424 1396 605 1700 1376 1474 364 508 437 1326 1215 646 1611 1147 1688 1515 504
782 1395 427 769 743 2021 543 903 608 1056 251 1043 525 742 1236 1209 795 1054 679 945 711 1303 1257 559 519 1269 647 180 1232 198 679 1283 416 951 607 510 268 895 831 1283 304 1847 1448 440 917 125 680 155 112 1410 0 939 182 1094 739 1276 693 216 513 759 596 545 160 962 480 814 505 548 901 937 720 881 165 1071 1028 1226 519 720 891 302 495 708 206 1317
1292 705 608 305 766 1388 1015 59 1118 140 1090 128 549 279 544 436 818 412 1189 52 734 462 417 964 543 429 829 1018 392 1037 282 442 751 58 906 534 1106 204 854 442 735 1214 608 622 394 964 1190 994 951 569 939 0 1021 302 276 436 1203 1055 966 782 620 881 998 352 662 201 687 954 925 379 1230 905 1004 231 387 386 855 744 419 1141 676 1218 1045 676
864 1477 508 850 824 2102 624 985 689 1137 185 1125 606 824 1318 1291 876 1136 761 1027 792 1384 1339 640 600 1351 729 86 1314 72 761 1364 497 1032 688 591 202 977 912 1364 386 1928 1530 522 998 207 762 237 194 1491 182 1021 0 1176 821 1358 774 150 594 840 678 627 94 1044 562 896 587 630 983 1019 801 963 99 1153 1110 1308 601 802 973 236 576 789 288 1399
1447 558 763 349 922 1667 1170 338 1273 185 1245 198 704 380 399 372 974 217 1344 296 890 552 506 1119 698 518 984 1174 481 1192 437 532 907 290 1061 689 1262 224 1010 532 890 1492 697 777 198 1119 1345 1149 1106 659 1094 302 1176 0 380 525 1358 1210 1121 938 775 1036 1154 157 817 356 842 1109 1080 184 1385 1061 1159 320 192 476 1010 899 224 1296 831 1373 1200 480
1092 681 409 106 567 1582 815 240 918 393 890 381 349 79 521 494 619 339 990 282 535 714 669 764 343 661 629 819 624 837 82 694 552 288 706 334 907 232 655 694 535 1408 840 422 202 764 990 794 751 801 739 276 821 380 0 668 1003 855 766 583 421 681 799 248 462 151 487 754 725 222 1030 706 804 483 314 638 655 545 177 941 477 1018 845 603
1629 379 945 637 1103 1650 1352 471 1455 363 1427 351 886 667 309 200 1155 349 1526 430 1071 424 378 1301 880 38 1166 1355 66 1374 693 404 1088 424 1243 871 1443 560 1191 404 1072 1476 281 959 486 1301 1527 1331 1288 243 1276 436 1358 525 668 0 1540 1392 1303 1119 957 1218 1335 445 999 612 1024 1291 1262 472 1567 1242 1341 231 374 347 1192 1081 512 1478 1013 1555 1382 486
176 1823 855 1197 993 2449 587 1331 103 1484 1008 1471 953 1170 1664 1637 967 1482 82 1373 1025 1730 1685 603 947 1697 794 936 1660 955 1107 1711 770 1379 727 938 1024 1323 1003 1711 732 2275 1876 868 1345 882 83 912 869 1838 857 1367 939 1522 1167 1704 0 973 557 977 1024 666 916 1390 908 1242 909 593 1074 1365 123 1054 922 1499 1456 1654 662 1015 1319 1059 917 110 963 1745
898 1511 542 884 858 2137 658 1019 723 1171 157 1159 640 858 1352 1325 910 1170 795 1061 826 1418 1373 674 634 1385 763 148 1348 166 795 1398 531 1066 722 625 77 1011 946 1398 420 1962 1564 556 1032 241 796 271 228 1525 216 1055 150 1210 855 1392 808 0 628 874 712 661 128 1078 596 930 621 664 1017 1053 835 997 133 1187 1144 1342 635 836 1007 208 610 823 322 1433
482 1422 454 796 465 2048 77 930 308 1083 663 1070 552 769 1263 1236 439 1081 379 972 496 1330 1284 74 546 1296 265 592 1259 610 706 1310 241 978 198 537 680 922 474 1310 388 1874 1475 443 944 537 380 568 525 1437 513 966 594 1121 766 1303 393 628 0 449 617 137 572 989 403 841 380 64 545 964 420 525 577 1098 1055 1253 133 486 918 714 389 408 618 1344
902 1239 428 612 60 1864 497 747 728 899 909 887 262 585 1079 1052 60 897 800 788 71 1146 1101 446 268 1113 208 838 1076 856 523 1126 467 794 314 279 926 739 96 1126 554 1690 1291 416 760 783 800 814 771 1253 759 782 840 938 583 1119 813 874 449 0 192 336 818 805 375 657 353 436 167 780 840 147 823 915 872 1070 360 62 735 960 361 828 864 1161
949 1076 265 450 176 1702 666 584 775 737 747 725 100 423 917 890 228 735 846 626 144 984 938 614 106 950 376 676 913 694 360 964 409 632 482 116 764 576 264 964 392 1528 1129 279 598 621 847 651 608 1091 596 620 678 775 421 957 860 712 617 192 0 504 656 643 319 495 344 604 335 618 887 315 661 752 710 908 512 154 573 798 333 875 702 998
591 1337 344 711 352 1963 186 845 417 998 696 985 467 684 1178 1151 326 996 488 887 383 1245 1199 135 461 1211 152 625 1174 643 621 1225 156 893 86 452 713 837 362 1225 341 1789 1390 331 859 570 489 600 557 1352 545 881 627 1036 681 1218 501 661 137 336 504 0 605 904 291 756 268 124 432 879 529 413 610 1013 970 1168 48 374 833 747 276 516 651 1259
841 1455 486 828 802 2080 602 963 667 1115 163 1103 584 801 1295 1268 854 1113 739 1004 770 1362 1317 618 578 1329 707 92 1292 94 739 1342 475 1010 666 569 180 955 890 1342 364 1906 1507 500 976 184 739 215 172 1469 160 998 94 1154 799 1335 752 128 572 818 656 605 0 1021 540 873 565 608 960 996 779 941 77 1131 1088 1286 579 780 951 214 554 767 266 1377
1315 458 631 216 789 1717 1038 388 1141 236 1113 249 572 247 299 272 841 117 1212 346 757 602 557 987 566 438 852 1041 401 1060 305 582 774 341 929 557 1129 274 877 582 758 1543 617 645 98 987 1213 1017 974 579 962 352 1044 157 248 445 1226 1078 989 805 643 904 1021 0 685 374 710 977 948 83 1253 928 1027 370 91 526 878 767 123 1164 699 1241 1068 380
833 1118 95 491 391 1744 452 626 659 778 631 766 247 465 959 932 365 777 730 668 422 1025 980 401 241 992 191 559 955 578 402 1005 292 673 268 232 647 618 401 1005 276 1569 1171 109 639 505 731 535 492 1132 480 662 562 817 462 999 744 596 403 375 319 291 540 685 0 537 56 391 472 660 771 452 545 794 751 949 314 413 614 682 64 759 586 1040
1167 807 483 180 641 1542 890 165 993 317 965 305 423 154 648 612 693 465 1064 206 609 638 593 839 417 605 704 893 568 912 157 618 626 212 780 408 981 157 729 619 610 1368 784 497 328 839 1065 869 826 745 814 201 896 356 151 612 1078 930 841 657 495 756 873 374 537 0 562 828 800 348 1105 780 879 407 440 562 730 619 303 1016 551 1092 920 729
834 1143 109 516 369 1769 429 651 660 803 656 791 272 490 984 957 343 802 732 693 400 1050 1005 378 266 1017 169 584 980 603 427 1030 317 698 246 257 672 643 378 1030 301 1594 1196 96 664 530 732 560 517 1157 505 687 587 842 487 1024 745 621 380 353 344 268 565 710 56 562 0 368 449 685 772 429 570 819 776 974 291 390 639 707 41 760 611 1065
518 1410 441 783 452 2035 113 918 344 1070 699 1058 539 757 1250 1223 426 1068 415 960 483 1317 1272 45 533 1284 252 628 1247 646 694 1297 228 965 186 524 716 910 462 1297 414 1861 1463 431 931 573 416 603 560 1424 548 954 630 1109 754 1291 429 664 64 436 604 124 608 977 391 828 368 0 532 951 456 513 613 1086 1043 1241 121 474 906 750 376 444 654 1332
999 1381 525 755 183 2007 594 889 825 1042 1052 1029 405 728 1222 1195 131 1040 896 931 214 1288 1243 543 410 1255 304 980 1218 999 665 1269 564 937 410 421 1068 881 95 1269 697 1832 1434 512 903 926 897 956 913 1396 901 925 983 1080 725 1262 909 1017 545 167 335 432 960 948 472 800 449 532 0 923 937 49 966 1057 1014 1212 456 204 877 1103 457 924 1007 1303
1290 485 606 191 764 1744 1013 415 1116 262 1088 275 546 222 325 298 816 143 1187 373 732 629 583 962 540 465 827 1016 428 1035 280 609 749 367 903 531 1104 301 852 609 733 1569 644 620 125 962 1188 992 949 605 937 379 1019 184 222 472 1201 1053 964 780 618 879 996 83 660 348 685 951 923 0 1228 903 1002 397 118 552 853 742 150 1139 674 1215 1043 407
139 1850 882 1224 1020 2476 614 1358 130 1511 1035 1498 980 1197 1691 1664 994 1509 109 1400 1052 1758 1712 630 974 1724 821 963 1687 982 1134 1738 797 1406 754 965 1051 1350 1030 1738 759 2302 1903 895 1372 909 110 939 896 1865 884 1394 966 1549 1194 1731 123 1000 584 1004 1051 693 944 1417 935 1269 936 620 1101 1392 0 1081 949 1526 1483 1681 689 1042 1346 1086 944 137 990 1772
979 1361 505 735 163 1987 574 869 805 1022 1032 1010 385 708 1202 1175 111 1020 876 911 194 1269 1223 523 391 1236 285 961 1199 979 646 1249 544 917 391 402 1049 861 76 1249 677 1813 1414 492 883 906 877 936 893 1376 881 905 963 1061 706 1242 890 997 525 147 315 413 941 928 452 780 429 513 49 903 917 0 946 1037 995 1193 436 185 858 1083 437 905 987 1283
847 1460 491 833 807 2085 607 968 672 1120 168 1108 589 807 1301 1274 859 1119 744 1010 775 1367 1322 623 583 1334 712 97 1297 85 744 1347 480 1015 671 574 185 960 895 1347 369 1911 1513 505 981 190 744 220 177 1474 165 1004 99 1159 804 1341 757 133 577 823 661 610 77 1027 545 879 570 613 966 1002 784 946 0 1136 1093 1291 584 785 956 219 559 772 271 1382
1424 500 740 512 898 1445 1147 266 1250 158 1222 146 681 485 339 231 951 379 1321 225 867 257 212 1096 675 224 961 1150 187 1169 488 237 883 219 1038 666 1238 356 986 237 867 1271 403 754 412 1096 1322 1126 1083 364 1071 231 1153 320 483 231 1335 1187 1098 915 752 1013 1131 370 794 407 819 1086 1057 397 1362 1037 1136 0 405 181 987 876 437 1273 808 1350 1177 517
1381 387 698 283 856 1751 1104 423 1207 270 1179 283 638 314 228 201 908 151 1279 381 824 598 552 1053 632 368 918 1108 331 1126 371 578 841 375 995 623 1196 309 944 578 824 1577 546 711 133 1053 1279 1083 1040 508 1028 387 1110 192 314 374 1292 1144 1055 872 710 970 1088 91 751 440 776 1043 1014 118 1319 995 1093 405 0 522 944 834 158 1230 766 1307 1134 309
1579 617 896 667 1054 1600 1302 421 1405 314 1377 301 836 640 456 348 1106 496 1477 380 1022 137 92 1251 830 341 1116 1306 304 1324 644 131 1039 374 1193 821 1394 511 1142 117 1022 1426 399 909 567 1251 1477 1281 1238 437 1226 386 1308 476 638 347 1490 1342 1253 1070 908 1168 1286 526 949 562 974 1241 1212 552 1517 1193 1291 181 522 0 1142 1032 593 1428 964 1505 1332 634
587 1311 343 685 375 1937 182 819 413 972 670 959 441 658 1152 1125 350 970 484 861 407 1219 1173 131 435 1185 176 599 1148 617 595 1199 130 867 109 426 687 811 385 1199 315 1763 1364 354 833 544 485 574 531 1326 519 855 601 1010 655 1192 497 635 133 360 512 48 579 878 314 730 291 121 456 853 525 436 584 987 944 1142 0 397 807 721 300 512 625 1233
940 1200 389 574 46 1826 535 708 766 861 871 849 224 547 1041 1014 98 859 837 750 57 1108 1062 484 230 1075 246 800 1038 818 484 1088 505 756 352 240 888 700 134 1088 516 1652 1253 403 722 745 838 775 732 1215 720 744 802 899 545 1081 851 836 486 62 154 374 780 767 413 619 390 474 204 742 878 185 785 876 834 1032 397 0 697 922 398 866 826 1122
1244 525 561 146 719 1734 967 392 1070 302 1042 316 501 177 366 339 771 184 1142 413 687 669 623 916 495 505 781 971 468 989 234 649 704 407 858 486 1059 341 807 649 687 1560 684 574 143 916 1142 946 903 646 891 419 973 224 177 512 1155 1007 918 735 573 833 951 123 614 303 639 906 877 150 1182 858 956 437 158 593 807 697 0 1093 629 1170 997 447
984 1597 628 971 944 2223 744 1105 810 1257 99 1245 727 944 1438 1411 996 1256 881 1147 912 1504 1459 760 720 1471 849 234 1434 252 881 1484 617 1152 808 711 260 1097 1032 1485 506 2048 1650 642 1119 327 882 357 314 1611 302 1141 236 1296 941 1478 894 208 714 960 798 747 214 1164 682 1016 707 750 1103 1139 922 1083 219 1273 1230 1428 721 922 1093 0 696 909 408 1519
842 1132 110 506 377 1758 437 640 668 793 646 781 262 479 973 946 351 791 740 682 408 1040 994 386 256 1006 177 574 969 592 416 1020 307 688 254 247 662 632 387 1020 290 1584 1185 104 654 519 740 550 507 1147 495 676 576 831 477 1013 753 610 389 361 333 276 554 699 64 551 41 376 457 674 780 437 559 808 766 964 300 398 629 696 0 768 600 1054
114 1838 869 1212 1008 2464 602 1346 118 1499 1023 1486 968 1185 1679 1652 982 1497 97 1388 1039 1745 1700 618 962 1712 808 951 1675 970 1122 1726 785 1394 742 953 1039 1338 1018 1726 747 2289 1891 883 1360 897 97 927 884 1853 872 1382 954 1537 1182 1719 110 988 572 992 1039 681 931 1405 923 1257 924 608 1089 1380 137 1069 936 1514 1471 1669 677 1030 1334 1074 932 0 978 1760
888 1501 532 875 848 2127 648 1009 713 1161 357 1149 631 848 1342 1315 900 1160 785 1051 816 1408 1363 664 624 1375 753 285 1338 304 785 1388 521 1056 712 615 373 1001 936 1389 410 1952 1554 546 1023 112 786 79 123 1515 206 1045 288 1200 845 1382 798 322 618 864 702 651 266 1068 586 920 611 654 1007 1043 826 987 271 1177 1134 1332 625 826 997 408 600 813 0 1423
1670 245 986 572 1144 1936 1393 712 1496 559 1468 572 927 602 340 313 1197 284 1567 670 1113 710 664 1342 921 479 1207 1396 442 1415 660 690 1129 664 1284 912 1484 597 1232 690 1113 1762 542 1000 421 1342 1568 1372 1329 504 1317 676 1399 480 603 486 1581 1433 1344 1161 998 1259 1377 380 1040 729 1065 1332 1303 407 1608 1283 1382 517 309 634 1233 1122 447 1519 1054 1596 1423 0
EOF