NAME : tsp_problem
TYPE : TSP
DIMENSION : 50
EDGE_WEIGHT_TYPE : EXPLICIT
EDGE_WEIGHT_FORMAT : FULL_MATRIX
EDGE_WEIGHT_SECTION
0 792 625 1474 142 105 1895 104 1013 1019 1196 1366 689 1089 109 1550 1887 843 1636 1763 1705 1094 1827 850 1477 1101 1484 943 1484 791 1481 991 1220 1215 601 123 1750 1550 1057 163 1511 803 143 1887 1445 1427 1726 1497 100 1253
627 0 460 927 620 659 1347 581 243 249 426 819 448 796 587 1002 1340 577 1088 1216 1157 575 1279 584 929 569 936 395 936 57 933 222 672 667 437 600 1202 1003 287 641 963 255 622 1339 897 879 1178 949 546 705
461 460 0 1038 453 493 1459 415 682 687 865 931 125 525 420 1114 1452 280 1200 1328 1269 530 1391 286 1041 538 1048 388 1048 460 1045 660 784 779 104 433 1314 1114 726 474 1075 299 456 1451 1009 991 1290 1061 379 817
1310 927 1038 0 1303 1342 613 1264 1148 1154 1331 331 957 993 1269 251 606 931 336 482 424 772 546 938 40 766 184 749 47 926 44 1126 347 354 1082 1283 469 115 1192 1324 110 763 1305 606 54 195 445 60 1229 265
142 784 617 1467 0 113 1887 97 1005 1011 1189 1359 681 1082 102 1543 1880 836 1629 1756 1698 1087 1820 842 1470 1094 1476 935 1476 783 1473 984 1212 1207 594 115 1743 1543 1050 156 1503 795 137 1879 1437 1420 1719 1489 93 1246
105 824 657 1507 113 0 1927 136 1045 1051 1229 1399 721 1121 141 1582 1920 875 1668 1796 1737 1126 1859 882 1509 1134 1516 975 1516 823 1513 1024 1252 1247 633 155 1782 1583 1090 148 1543 835 111 1919 1477 1459 1758 1529 133 1286
1730 1347 1459 613 1723 1763 0 1685 1568 1574 1752 553 1377 1413 1690 429 332 1352 391 593 217 1192 393 1358 616 1186 493 1169 623 1346 588 1547 761 768 1502 1703 291 566 1613 1744 527 1184 1725 199 629 567 201 633 1649 760
104 746 579 1429 97 136 1849 0 967 973 1151 1321 643 1043 63 1504 1842 797 1590 1718 1659 1048 1781 804 1431 1056 1438 897 1438 745 1435 946 1174 1169 555 77 1704 1505 1012 117 1465 757 99 1841 1399 1381 1680 1451 55 1208
849 243 682 1148 841 881 1568 803 0 31 541 1040 670 1018 808 1223 1561 798 1309 1437 1378 796 1500 805 1150 790 1157 616 1157 279 1154 336 893 888 658 821 1424 1224 402 862 1184 476 843 1560 1118 1101 1400 1170 767 927
854 249 687 1154 847 886 1574 808 31 0 547 1046 675 1023 814 1229 1567 804 1315 1443 1384 802 1506 811 1156 796 1163 622 1163 284 1160 342 899 894 664 827 1429 1229 408 868 1190 482 849 1566 1124 1106 1405 1176 773 932
1032 426 865 1331 1025 1064 1752 986 541 547 0 1223 853 1201 991 1407 1745 982 1493 1621 1562 980 1684 988 1334 974 1341 800 1341 462 1338 372 1077 1072 842 1005 1607 1407 376 1046 1368 660 1027 1744 1302 1284 1583 1354 951 1110
1202 819 931 331 1195 1234 553 1156 1040 1046 1223 0 849 885 1161 500 546 823 417 422 364 664 486 830 334 658 491 641 341 818 306 1019 383 378 974 1175 409 284 1084 1216 245 655 1197 545 347 161 385 354 1121 267
524 448 125 957 517 557 1377 479 670 675 853 849 0 425 484 1032 1370 180 1118 1246 1187 431 1309 186 959 438 966 288 966 447 963 648 702 697 168 497 1233 1033 714 538 993 217 519 1369 927 910 1209 979 443 736
925 796 525 993 917 957 1413 879 1018 1023 1201 885 425 0 884 1069 1406 270 1155 1282 1224 244 1346 264 996 251 1002 452 1002 795 999 996 738 733 568 897 1269 1069 1062 938 1030 617 920 1406 963 946 1245 1016 843 772
109 751 584 1434 102 141 1854 63 972 978 1156 1326 648 1048 0 1509 1847 803 1595 1723 1664 1053 1786 809 1436 1061 1443 902 1443 750 1440 951 1179 1174 560 82 1709 1510 1017 123 1470 762 104 1846 1404 1386 1685 1456 60 1213
1386 1002 1114 251 1378 1418 429 1340 1223 1229 1407 500 1032 1069 1345 0 599 1007 109 540 284 847 603 1014 248 841 133 825 241 1001 271 1202 355 362 1157 1358 329 341 1268 1399 337 839 1381 466 280 422 305 227 1304 491
1723 1340 1452 606 1716 1755 332 1677 1561 1567 1745 546 1370 1406 1682 599 0 1344 516 363 343 1185 84 1351 609 1179 663 1162 615 1339 581 1540 869 864 1495 1696 417 559 1605 1737 519 1176 1718 157 622 560 326 629 1642 752
679 577 280 931 672 711 1352 633 798 804 982 823 180 270 638 1007 1344 0 1093 1220 1162 275 1284 105 934 283 941 207 941 576 938 777 677 672 323 652 1207 1007 843 692 968 372 674 1344 902 884 1183 954 597 710
1472 1088 1200 336 1464 1504 391 1426 1309 1315 1493 417 1118 1155 1431 109 516 1093 0 457 201 933 520 1100 334 927 173 911 327 1087 357 1288 441 448 1243 1444 246 427 1354 1485 390 925 1467 383 366 431 222 313 1390 577
1599 1216 1328 482 1592 1631 593 1553 1437 1443 1621 422 1246 1282 1559 540 363 1220 457 0 403 1061 302 1227 485 1055 604 1038 491 1215 457 1416 745 740 1371 1572 448 435 1481 1613 395 1052 1594 497 498 436 424 505 1518 628
1541 1157 1269 424 1533 1573 217 1495 1378 1384 1562 364 1187 1224 1500 284 343 1162 201 403 0 1002 404 1169 426 996 348 980 433 1156 398 1357 616 623 1312 1513 102 376 1423 1554 337 994 1536 209 440 378 49 446 1459 570
930 575 530 772 922 962 1192 884 796 802 980 664 431 244 889 847 1185 275 933 1061 1002 0 1124 269 774 84 781 398 781 574 778 775 517 512 574 903 1048 848 841 943 808 412 925 1184 742 724 1023 794 848 551
1663 1279 1391 546 1655 1695 393 1617 1500 1506 1684 486 1309 1346 1622 603 84 1284 520 302 404 1124 0 1291 548 1118 667 1102 555 1278 520 1479 808 803 1434 1635 478 498 1545 1676 459 1116 1658 218 562 500 387 568 1581 692
686 584 286 938 678 718 1358 640 805 811 988 830 186 264 645 1014 1351 105 1100 1227 1169 269 1291 0 941 276 947 213 947 583 944 784 683 678 329 658 1214 1014 849 699 974 378 681 1350 908 891 1190 960 604 717
1313 929 1041 40 1305 1345 616 1267 1150 1156 1334 334 959 996 1272 248 609 934 334 485 426 774 548 941 0 768 182 752 50 928 47 1129 345 352 1084 1285 471 117 1195 1326 113 766 1308 608 56 198 447 63 1231 268
937 569 538 766 930 969 1186 891 790 796 974 658 438 251 896 841 1179 283 927 1055 996 84 1118 276 768 0 775 391 775 568 772 769 511 506 581 910 1041 842 835 951 802 406 932 1178 736 718 1017 788 856 545
1319 936 1048 184 1312 1351 493 1273 1157 1163 1341 491 966 1002 1279 133 663 941 173 604 348 781 667 947 182 775 0 758 175 935 204 1136 289 296 1091 1292 393 275 1202 1333 270 773 1314 530 214 355 369 161 1238 424
778 395 388 749 771 810 1169 732 616 622 800 641 288 452 738 825 1162 207 911 1038 980 398 1102 213 752 391 758 0 758 394 755 595 495 490 431 751 1025 825 661 792 786 232 773 1162 719 702 1001 772 697 528
1319 936 1048 47 1312 1352 623 1274 1157 1163 1341 341 966 1002 1279 241 615 941 327 491 433 781 555 947 50 775 175 758 0 935 53 1136 338 345 1091 1292 478 124 1202 1333 119 773 1314 615 63 204 454 59 1238 274
626 57 460 926 619 658 1346 580 279 284 462 818 447 795 586 1001 1339 576 1087 1215 1156 574 1278 583 928 568 935 394 935 0 932 257 671 666 436 599 1201 1002 323 640 962 254 621 1338 896 878 1177 948 545 705
1316 933 1045 44 1309 1349 588 1271 1154 1160 1338 306 963 999 1276 271 581 938 357 457 398 778 520 944 47 772 204 755 53 932 0 1133 367 374 1088 1289 443 89 1199 1330 84 770 1311 580 60 169 419 67 1235 271
827 222 660 1126 820 859 1547 781 336 342 372 1019 648 996 786 1202 1540 777 1288 1416 1357 775 1479 784 1129 769 1136 595 1136 257 1133 0 872 867 637 800 1402 1202 233 841 1163 455 822 1539 1097 1079 1378 1149 746 905
1056 672 784 347 1048 1088 761 1010 893 899 1077 383 702 738 1015 355 869 677 441 745 616 517 808 683 345 511 289 495 338 671 367 872 0 122 827 1028 662 438 938 1069 418 509 1050 798 352 334 637 324 974 161
1050 667 779 354 1043 1083 768 1005 888 894 1072 378 697 733 1010 362 864 672 448 740 623 512 803 678 352 506 296 490 345 666 374 867 122 0 822 1023 669 445 933 1064 413 504 1045 805 347 329 644 331 969 155
437 437 104 1082 429 469 1502 391 658 664 842 974 168 568 396 1157 1495 323 1243 1371 1312 574 1434 329 1084 581 1091 431 1091 436 1088 637 827 822 0 410 1357 1158 702 450 1118 342 432 1494 1052 1034 1333 1104 355 861
123 764 598 1447 115 155 1867 77 986 991 1169 1339 661 1062 82 1523 1860 816 1609 1736 1678 1067 1800 823 1450 1074 1456 915 1456 763 1454 964 1193 1188 574 0 1723 1523 1030 136 1484 775 118 1860 1417 1400 1699 1470 73 1226
1586 1202 1314 469 1578 1618 291 1540 1424 1429 1607 409 1233 1269 1545 329 417 1207 246 448 102 1048 478 1214 471 1041 393 1025 478 1201 443 1402 662 669 1357 1559 0 422 1468 1599 382 1039 1581 284 485 423 123 491 1504 615
1386 1003 1114 115 1379 1418 566 1340 1224 1229 1407 284 1033 1069 1345 341 559 1007 427 435 376 848 498 1014 117 842 275 825 124 1002 89 1202 438 445 1158 1359 422 0 1268 1400 63 839 1381 558 131 148 398 137 1305 341
893 287 726 1192 886 925 1613 847 402 408 376 1084 714 1062 852 1268 1605 843 1354 1481 1423 841 1545 849 1195 835 1202 661 1202 323 1199 233 938 933 702 866 1468 1268 0 906 1229 521 888 1605 1163 1145 1444 1215 811 971
163 805 638 1488 156 148 1908 117 1026 1032 1210 1380 702 1102 123 1563 1901 857 1649 1777 1718 1108 1840 863 1490 1115 1497 956 1497 804 1494 1005 1233 1228 614 136 1764 1564 1071 0 1524 816 158 1900 1458 1441 1739 1510 114 1267
1347 963 1075 110 1339 1379 527 1301 1184 1190 1368 245 993 1030 1306 337 519 968 390 395 337 808 459 974 113 802 270 786 119 962 84 1163 418 413 1118 1319 382 63 1229 1360 0 800 1341 519 126 108 358 133 1265 301
638 255 299 763 631 671 1184 592 476 482 660 655 217 617 598 839 1176 372 925 1052 994 412 1116 378 766 406 773 232 773 254 770 455 509 504 342 611 1039 839 521 652 800 0 633 1176 734 716 1015 786 557 542
143 786 620 1469 137 111 1890 99 1008 1013 1191 1361 684 1084 104 1545 1882 838 1631 1758 1700 1089 1822 845 1472 1096 1479 937 1479 786 1476 986 1215 1210 596 118 1745 1545 1052 158 1506 798 0 1882 1439 1422 1721 1492 95 1248
1723 1339 1451 606 1715 1755 199 1677 1560 1566 1744 545 1369 1406 1682 466 157 1344 383 497 209 1184 218 1350 608 1178 530 1162 615 1338 580 1539 798 805 1494 1695 284 558 1605 1736 519 1176 1718 0 621 560 193 628 1641 752
1280 897 1009 54 1273 1312 629 1234 1118 1124 1302 347 927 963 1240 280 622 902 366 498 440 742 562 908 56 736 214 719 63 896 60 1097 352 347 1052 1253 485 131 1163 1294 126 734 1275 621 0 211 461 76 1199 235
1263 879 991 195 1255 1295 567 1217 1101 1106 1284 161 910 946 1222 422 560 884 431 436 378 724 500 891 198 718 355 702 204 878 169 1079 334 329 1034 1236 423 148 1145 1276 108 716 1258 560 211 0 399 217 1181 218
1562 1178 1290 445 1554 1594 201 1516 1400 1405 1583 385 1209 1245 1521 305 326 1183 222 424 49 1023 387 1190 447 1017 369 1001 454 1177 419 1378 637 644 1333 1535 123 398 1444 1575 358 1015 1557 193 461 399 0 467 1480 591
1333 949 1061 60 1325 1365 633 1287 1170 1176 1354 354 979 1016 1292 227 629 954 313 505 446 794 568 960 63 788 161 772 59 948 67 1149 324 331 1104 1305 491 137 1215 1346 133 786 1328 628 76 217 467 0 1251 288
100 710 543 1393 93 133 1813 55 931 937 1115 1285 607 1007 60 1468 1806 762 1554 1682 1623 1013 1745 768 1395 1020 1402 861 1402 709 1399 910 1138 1133 519 73 1669 1469 976 114 1429 721 95 1805 1363 1346 1644 1415 0 1172
1089 705 817 265 1082 1121 760 1043 927 932 1110 267 736 772 1048 491 752 710 577 628 570 551 692 717 268 545 424 528 274 705 271 905 161 155 861 1062 615 341 971 1102 301 542 1084 752 235 218 591 288 1007 0
EOF