NAME : tsp_problem
TYPE : TSP
DIMENSION : 56
EDGE_WEIGHT_TYPE : EXPLICIT
EDGE_WEIGHT_FORMAT : FULL_MATRIX
EDGE_WEIGHT_SECTION
0 241 710 936 1366 1050 776 928 1069 760 301 576 579 1305 773 869 368 614 717 918 213 1014 546 99 775 698 336 507 713 930 585 525 750 1062 701 2055 72 546 514 246 521 1351 760 758 870 1129 710 1260 639 1073 1072 1296 779 737 280 1290
241 0 783 1010 1440 1123 850 1001 1143 833 227 650 653 1379 847 943 294 688 791 992 56 1088 620 312 849 772 262 580 787 1003 659 598 823 1136 774 2128 257 620 587 320 595 1424 833 831 943 1202 784 1334 713 1146 1145 1370 852 811 353 1363
710 783 0 821 1251 935 195 813 954 692 843 257 181 1190 658 754 910 362 254 803 755 899 294 781 707 99 878 252 598 270 391 234 220 947 586 1939 726 428 220 645 213 1236 211 643 210 1013 111 1145 571 958 956 1181 93 233 679 1174
936 1010 821 0 609 289 730 311 157 1200 1070 893 844 549 240 108 1136 568 671 133 982 253 930 1007 1215 809 1104 772 249 883 539 790 703 150 258 1553 952 500 625 871 632 594 713 224 823 367 821 503 1079 316 231 535 851 691 905 528
1366 1440 1251 609 0 445 1160 464 522 1630 1500 1323 1274 449 724 612 1566 998 1101 627 1412 450 1359 1437 1645 1239 1534 1202 753 1313 969 1220 1133 515 762 1706 1382 930 1055 1301 1062 39 1143 729 1253 367 1251 404 1509 320 402 371 1281 1121 1335 375
1050 1123 935 289 445 0 844 497 155 1313 1183 1007 958 581 302 356 1250 681 784 306 1095 333 1043 1121 1329 923 1218 886 362 997 653 904 817 163 372 1739 1066 613 739 985 746 430 827 320 937 148 935 536 1193 361 276 269 965 805 1019 262
776 850 195 730 1160 844 0 721 863 863 910 428 352 1099 567 663 976 191 83 712 822 808 465 847 878 207 944 423 507 178 220 405 50 856 494 1848 792 258 391 711 384 1144 41 551 118 922 195 1054 742 867 865 1090 145 62 745 1083
928 1001 813 311 464 497 721 0 365 1191 1061 885 836 403 376 244 1128 559 662 293 973 187 921 999 1207 801 1096 764 385 875 530 782 695 358 383 1268 944 491 617 863 624 448 705 360 815 518 813 358 1071 171 244 639 842 683 897 632
1069 1143 954 157 522 155 863 365 0 1333 1203 1026 977 462 356 225 1269 701 804 175 1115 201 1062 1140 1348 942 1237 905 381 1016 672 923 836 63 391 1607 1085 633 758 1004 765 507 846 357 956 234 954 416 1212 229 144 401 984 824 1038 395
924 998 856 1364 1794 1478 1027 1356 1497 0 1058 620 699 1733 1201 1297 1124 1042 1086 1346 970 1442 591 995 155 844 1092 743 1141 1102 1013 725 1053 1490 1129 2482 940 974 942 859 949 1778 1043 1186 1042 1556 856 1688 139 1501 1499 1724 925 1065 893 1717
301 227 843 1070 1500 1183 910 1061 1203 893 0 709 713 1439 907 1003 292 748 851 1052 199 1148 680 372 909 832 260 640 847 1063 719 658 883 1196 834 2188 317 680 647 380 655 1484 893 891 1003 1262 843 1394 773 1206 1205 1430 912 871 413 1423
576 650 257 893 1323 1007 428 885 1026 456 709 0 101 1262 730 826 776 571 487 875 622 971 58 647 471 246 744 144 670 503 542 126 454 1019 658 2011 592 503 367 511 360 1308 445 715 443 1085 257 1217 335 1030 1029 1253 326 466 545 1246
579 653 181 844 1274 958 352 836 977 535 713 101 0 1214 681 777 779 519 411 826 625 923 137 650 550 170 747 96 621 427 493 78 378 970 609 1963 595 454 291 514 283 1259 369 666 367 1037 181 1168 414 981 980 1204 250 390 548 1198
1305 1379 1190 549 449 581 1099 403 462 1569 1439 1262 1214 0 683 551 1505 937 1040 566 1351 390 1299 1376 1584 1178 1473 1141 692 1252 908 1159 1072 455 701 1645 1321 869 994 1241 1002 434 1082 668 1192 503 1190 106 1448 259 341 624 1220 1060 1274 617
773 847 658 240 724 302 567 376 356 1037 907 730 681 683 0 172 973 405 508 222 819 318 766 844 1052 646 941 609 86 720 376 627 540 363 95 1582 789 337 462 708 469 709 550 61 660 380 658 638 916 451 375 548 688 528 742 541
869 943 754 108 612 356 663 244 225 1133 1003 826 777 551 172 0 1069 501 604 90 915 186 862 940 1148 742 1037 705 181 816 472 723 636 218 191 1486 885 433 558 804 565 596 646 157 756 435 754 506 1012 319 243 603 784 624 838 596
368 294 910 1136 1566 1250 976 1128 1269 960 292 776 779 1505 973 1069 0 814 917 1118 266 1214 746 439 975 898 60 707 913 1130 785 725 950 1262 901 2255 384 746 714 446 721 1551 960 958 1070 1329 910 1460 839 1273 1272 1496 979 937 480 1490
614 688 362 568 998 681 191 559 701 878 748 571 519 937 405 501 814 0 132 550 660 646 607 685 893 374 782 450 345 345 58 468 165 694 332 1686 630 96 303 549 310 982 175 389 285 760 362 892 757 704 703 928 312 153 583 921
717 791 254 671 1101 784 83 662 804 921 851 487 411 1040 508 604 917 132 0 653 763 749 523 788 937 266 885 482 448 236 161 464 89 797 435 1789 733 199 406 652 413 1085 79 492 176 863 254 995 801 807 806 1031 204 101 686 1024
918 992 803 133 627 306 712 293 175 1182 1052 875 826 566 222 90 1118 550 653 0 964 235 912 989 1197 791 1086 754 231 865 521 772 685 168 240 1535 934 482 607 853 614 611 695 206 805 385 803 521 1061 334 249 553 833 673 887 546
213 56 755 982 1412 1095 822 973 1115 805 199 622 625 1351 819 915 266 660 763 964 0 1060 592 284 821 744 234 552 759 975 631 570 795 1108 746 2100 229 592 559 292 567 1396 805 803 915 1174 756 1306 685 1118 1117 1342 824 783 325 1335
1014 1088 899 253 450 333 808 187 201 1278 1148 971 923 390 318 186 1214 646 749 235 1060 0 1008 1085 1293 887 1182 850 327 961 617 868 781 194 336 1430 1030 578 703 949 711 435 791 302 901 412 899 344 1157 157 81 579 929 769 983 573
546 620 294 930 1359 1043 465 921 1062 426 680 58 137 1299 766 862 746 607 523 912 592 1008 0 617 442 282 714 181 706 540 579 163 490 1056 694 2048 562 539 403 481 396 1344 481 751 480 1122 294 1253 306 1066 1065 1289 363 503 515 1283
99 312 781 1007 1437 1121 847 999 1140 831 372 647 650 1376 844 940 439 685 788 989 284 1085 617 0 846 769 407 577 784 1000 656 595 820 1133 772 2125 85 617 585 317 592 1421 830 829 940 1199 781 1331 710 1144 1142 1367 849 808 351 1360
940 1013 871 1379 1809 1493 1042 1371 1512 155 1073 636 715 1748 1216 1312 1140 1057 1101 1361 985 1457 606 1010 0 860 1108 758 1156 1118 1028 740 1068 1505 1144 2498 956 989 957 875 964 1794 1059 1201 1058 1572 872 1703 154 1516 1515 1739 940 1080 909 1733
698 772 99 809 1239 923 207 801 942 680 832 246 170 1178 646 742 898 374 266 791 744 887 282 769 695 0 866 241 586 282 403 223 232 935 574 1928 714 419 209 633 201 1224 223 631 222 1002 99 1133 559 946 945 1169 105 245 667 1163
336 262 878 1104 1534 1218 944 1096 1237 928 260 744 747 1473 941 1037 60 782 885 1086 234 1182 714 407 943 866 0 675 881 1098 753 693 918 1230 869 2223 352 714 682 414 689 1519 928 926 1038 1297 878 1428 807 1241 1240 1464 947 905 448 1458
507 580 252 772 1202 886 423 764 905 579 640 144 96 1141 609 705 707 450 482 754 552 850 181 577 594 241 675 0 549 498 421 110 449 898 537 1890 523 382 350 442 354 1187 440 594 438 965 252 1096 458 909 908 1132 321 461 476 1126
713 787 598 249 753 362 507 385 381 977 847 670 621 692 86 181 913 345 448 231 759 327 706 784 992 586 881 549 0 660 316 567 480 375 104 1522 729 277 402 648 409 737 490 70 600 441 598 647 856 460 384 609 628 468 682 602
930 1003 270 883 1313 997 178 875 1016 938 1063 503 427 1252 720 816 1130 345 236 865 975 961 540 1000 953 282 1098 498 660 0 374 481 203 1009 648 2002 946 411 467 865 459 1298 194 705 85 1076 270 1207 817 1020 1019 1243 220 216 899 1237
585 659 391 539 969 653 220 530 672 849 719 542 493 908 376 472 785 58 161 521 631 617 579 656 864 403 753 421 316 374 0 439 194 665 303 1657 601 91 274 520 281 953 203 360 313 731 391 863 728 676 674 899 341 181 554 892
525 598 234 790 1220 904 405 782 923 561 658 126 78 1159 627 723 725 468 464 772 570 868 163 595 576 223 693 110 567 481 439 0 431 916 555 1908 541 400 344 460 337 1205 422 612 420 982 235 1114 440 927 925 1150 303 443 494 1143
750 823 220 703 1133 817 50 695 836 888 883 454 378 1072 540 636 950 165 89 685 795 781 490 820 904 232 918 449 480 203 194 431 0 829 468 1822 766 231 417 685 410 1118 46 525 143 896 221 1027 768 840 839 1063 171 68 719 1057
1062 1136 947 150 515 163 856 358 63 1326 1196 1019 970 455 363 218 1262 694 797 168 1108 194 1056 1133 1341 935 1230 898 375 1009 665 916 829 0 384 1601 1078 626 751 997 758 500 839 350 949 241 947 410 1205 222 137 409 977 817 1031 402
701 774 586 258 762 372 494 383 391 964 834 658 609 701 95 191 901 332 435 240 746 336 694 772 980 574 869 537 104 648 303 555 468 384 0 1510 717 264 390 636 397 747 478 80 588 450 586 656 844 469 393 618 615 456 670 611
2140 2213 2025 1638 1791 1824 1933 1353 1693 2403 2273 2097 2048 1731 1668 1571 2340 1771 1874 1620 2185 1515 2133 2210 2418 2013 2308 1976 1607 2087 1742 1993 1907 1686 1595 0 2156 1703 1829 2075 1836 1776 1917 1652 2027 1845 2025 1685 2283 1498 1572 1966 2054 1894 2109 1960
72 257 726 952 1382 1066 792 944 1085 776 317 592 595 1321 789 885 384 630 733 934 229 1030 562 85 791 714 352 523 729 946 601 541 766 1078 717 2071 0 562 530 262 537 1367 776 774 886 1145 726 1276 655 1089 1088 1312 795 753 296 1306
546 620 428 500 930 613 258 491 633 810 680 503 454 869 337 433 746 96 199 482 592 578 539 617 825 419 714 382 277 411 91 400 231 626 264 1618 562 0 235 481 242 914 241 321 351 692 429 824 689 636 635 860 379 219 515 853
514 587 220 625 1055 739 391 617 758 777 647 367 291 994 462 558 714 303 406 607 559 703 403 585 793 209 682 350 402 467 274 344 417 751 390 1744 530 235 0 449 71 1040 408 447 406 818 221 949 657 762 761 985 289 426 483 979
246 320 645 871 1301 985 711 863 1004 695 380 511 514 1241 708 804 446 549 652 853 292 949 481 317 710 633 414 442 648 865 520 460 685 997 636 1990 262 481 449 0 456 1286 695 693 805 1064 645 1195 575 1008 1007 1231 714 673 62 1225
521 595 213 632 1062 746 384 624 765 785 655 360 283 1002 469 565 721 310 413 614 567 711 396 592 800 201 689 354 409 459 281 337 410 758 397 1751 537 242 71 456 0 1047 400 454 399 825 213 956 664 769 768 992 282 422 490 986
1351 1424 1236 594 39 430 1144 448 507 1614 1484 1308 1259 434 709 596 1551 982 1085 611 1396 435 1344 1421 1629 1224 1519 1187 737 1298 953 1205 1118 500 747 1691 1367 914 1040 1286 1047 0 1128 713 1238 351 1236 388 1494 304 386 387 1265 1105 1320 392
760 833 211 713 1143 827 41 705 846 879 893 445 369 1082 550 646 960 175 79 695 805 791 481 830 894 223 928 440 490 194 203 422 46 839 478 1831 776 241 408 695 400 1128 0 535 134 905 212 1037 758 850 849 1073 162 58 728 1066
758 831 643 224 729 320 551 360 357 1021 891 715 666 668 61 157 958 389 492 206 803 302 751 829 1037 631 926 594 70 705 360 612 525 350 80 1567 774 321 447 693 454 713 535 0 645 398 643 623 901 435 360 566 672 513 727 559
870 943 210 823 1253 937 118 815 956 878 1003 443 367 1192 660 756 1070 285 176 805 915 901 480 940 893 222 1038 438 600 85 313 420 143 949 588 1942 886 351 406 805 399 1238 134 645 0 1016 210 1147 757 960 959 1183 160 156 839 1177
1129 1202 1013 367 367 148 922 518 234 1392 1262 1085 1037 503 380 435 1329 760 863 385 1174 412 1122 1199 1407 1002 1297 965 441 1076 731 982 896 241 450 1760 1145 692 818 1064 825 351 905 398 1016 0 1014 458 1271 374 354 191 1043 883 1097 184
710 784 111 821 1251 935 195 813 954 692 843 257 181 1190 658 754 910 362 254 803 756 899 294 781 707 99 878 252 598 270 391 235 221 947 586 1940 726 429 221 645 213 1236 212 643 210 1014 0 1145 571 958 957 1181 93 233 679 1175
1260 1334 1145 503 404 536 1054 358 416 1524 1394 1217 1168 106 638 506 1460 892 995 521 1306 344 1253 1331 1539 1133 1428 1096 647 1207 863 1114 1027 410 656 1600 1276 824 949 1195 956 388 1037 623 1147 458 1145 0 1403 214 296 579 1175 1015 1229 572
804 877 736 1243 1673 1357 906 1235 1376 139 937 500 579 1613 1080 1176 1004 921 965 1225 849 1322 470 874 154 724 972 622 1020 982 892 604 932 1369 1008 2362 820 853 821 739 828 1658 923 1065 922 1436 736 1567 0 1380 1379 1603 804 944 773 1597
1073 1146 958 316 320 361 867 171 229 1336 1206 1030 981 259 451 319 1273 704 807 334 1118 157 1066 1144 1352 946 1241 909 460 1020 676 927 840 222 469 1413 1089 636 762 1008 769 304 850 435 960 374 958 214 1216 0 109 495 988 828 1042 488
1072 1145 956 231 402 276 865 244 144 1335 1205 1029 980 341 375 243 1272 703 806 249 1117 81 1065 1142 1350 945 1240 908 384 1019 674 925 839 137 393 1487 1088 635 761 1007 768 386 849 360 959 354 957 296 1215 109 0 522 986 826 1041 515
1296 1370 1181 535 371 269 1090 639 401 1560 1430 1253 1204 624 548 603 1496 928 1031 553 1342 579 1289 1367 1575 1169 1464 1132 609 1243 899 1150 1063 409 618 1881 1312 860 985 1231 992 387 1073 566 1183 191 1181 579 1439 495 522 0 1211 1051 1265 51
779 852 93 851 1281 965 145 842 984 761 912 326 250 1220 688 784 979 312 204 833 824 929 363 849 776 105 947 321 628 220 341 303 171 977 615 1969 795 379 289 714 282 1265 162 672 160 1043 93 1175 640 988 986 1211 0 183 748 1204
737 811 233 691 1121 805 62 683 824 901 871 466 390 1060 528 624 937 153 101 673 783 769 503 808 916 245 905 461 468 216 181 443 68 817 456 1809 753 219 426 673 422 1105 58 513 156 883 233 1015 780 828 826 1051 183 0 706 1044
280 353 679 905 1335 1019 745 897 1038 729 413 545 548 1274 742 838 480 583 686 887 325 983 515 351 744 667 448 476 682 899 554 494 719 1031 670 2023 296 515 483 62 490 1320 728 727 839 1097 679 1229 608 1042 1041 1265 748 706 0 1258
1290 1363 1174 528 375 262 1083 632 395 1553 1423 1246 1198 617 541 596 1490 921 1024 546 1335 573 1283 1360 1568 1163 1458 1126 602 1237 892 1143 1057 402 611 1875 1306 853 979 1225 986 392 1066 559 1177 184 1175 572 1432 488 515 51 1204 1044 1258 0
EOF