NAME : tsp_problem
TYPE : TSP
DIMENSION : 66
EDGE_WEIGHT_TYPE : EXPLICIT
EDGE_WEIGHT_FORMAT : FULL_MATRIX
EDGE_WEIGHT_SECTION
0 310 1342 814 601 1163 327 815 1210 568 419 544 871 899 687 1402 923 880 681 386 865 618 488 1244 879 963 606 1024 108 1292 1217 285 1263 470 604 700 1231 507 790 1198 743 1025 729 1394 951 929 161 1115 1096 897 846 914 891 217 535 1271 39 253 911 539 1049 161 72 767 489 372
310 0 1222 693 755 1043 105 694 1089 839 131 815 750 778 841 1281 802 759 835 163 744 889 759 1123 758 842 760 903 236 1171 1096 413 1142 263 875 854 1110 661 669 1077 898 904 883 1273 831 808 173 994 975 776 725 794 770 488 806 1150 310 524 790 693 928 432 343 922 245 84
1342 1222 0 789 1395 385 1304 693 623 1669 1114 1645 729 468 1480 185 518 641 1475 1362 735 1719 1590 457 643 403 1400 612 1259 295 618 1082 319 988 1706 1494 135 1301 668 393 1537 343 1522 377 416 512 1322 337 620 545 595 527 714 1446 1636 704 1343 1482 695 1333 620 1390 1332 1561 1008 1160
814 693 789 0 867 610 775 318 420 1141 585 1117 112 476 952 718 424 344 946 834 106 1191 1061 560 346 459 872 234 731 608 427 553 709 460 1177 966 677 772 293 514 1009 472 994 665 472 418 793 561 306 400 349 418 132 917 1108 481 814 954 151 804 259 862 803 1033 479 632
601 755 1395 867 0 1216 837 868 1263 717 648 693 923 951 199 1455 975 933 193 896 918 767 637 1297 932 1016 119 1076 635 1345 1269 458 1315 522 753 213 1283 163 842 1250 256 1078 241 1446 1004 982 698 1167 1148 950 899 967 944 531 684 1324 586 568 963 195 1102 541 554 280 541 694
1163 1043 385 610 1216 0 1125 514 555 1490 935 1466 550 289 1301 502 339 463 1296 1183 556 1541 1411 344 464 224 1221 434 1080 392 562 903 306 809 1527 1315 274 1122 489 298 1358 164 1344 494 237 333 1143 67 441 366 416 348 535 1267 1457 616 1164 1303 516 1154 441 1211 1153 1382 829 981
327 105 1304 775 837 1125 0 776 1171 856 213 832 832 860 923 1363 884 841 917 83 826 907 777 1205 840 924 842 985 253 1253 1178 431 1224 345 893 936 1192 743 751 1159 980 986 965 1355 913 890 191 1076 1057 858 807 876 852 505 823 1232 328 542 872 775 1010 449 361 1004 327 166
815 694 693 318 868 514 776 0 570 1142 587 1118 349 250 953 753 199 133 947 835 355 1192 1062 595 134 314 873 233 732 643 576 554 613 461 1178 967 582 774 66 549 1010 376 995 745 302 206 794 465 456 174 123 191 335 918 1109 631 816 955 315 805 409 863 804 1034 480 633
1210 1089 623 420 1263 555 1171 570 0 1537 981 1513 360 581 1348 461 585 505 1342 1230 366 1587 1457 439 506 516 1268 394 1127 370 51 949 654 856 1573 1362 622 1168 596 392 1405 455 1390 270 528 578 1189 506 143 611 662 594 345 1313 1504 106 1211 1350 326 1200 184 1258 1199 1429 875 1028
732 1003 1833 1305 881 1655 1021 1306 1701 0 1086 106 1362 1390 967 1893 1414 1371 961 1079 1356 152 114 1735 1370 1454 886 1515 802 1783 1708 896 1754 961 145 980 1722 787 1281 1689 1023 1516 1009 1885 1443 1420 855 1606 1587 1388 1337 1406 1382 586 97 1762 717 623 1402 819 1540 596 685 1047 980 1065
419 131 1114 585 648 935 213 587 981 922 0 898 642 670 733 1174 694 652 727 272 637 972 842 1016 651 735 653 795 345 1064 988 334 1034 155 958 747 1002 553 561 969 790 797 775 1165 723 701 282 886 867 669 618 686 663 596 889 1043 419 633 682 585 820 541 452 814 137 83
708 979 1809 1281 857 1630 997 1282 1677 106 1062 0 1338 1366 942 1869 1390 1347 937 1055 1332 156 90 1711 1346 1430 862 1491 777 1759 1684 872 1730 937 143 956 1698 763 1257 1665 999 1492 985 1861 1418 1396 831 1582 1563 1364 1313 1381 1358 562 73 1738 693 599 1378 795 1516 572 661 1023 956 1041
871 750 729 112 923 550 832 349 360 1198 642 1174 0 464 1009 658 364 284 1003 891 145 1248 1118 500 286 399 929 174 788 548 367 610 649 517 1234 1023 617 829 350 454 1066 412 1051 605 412 358 850 501 246 390 406 373 125 974 1165 421 871 1011 105 861 199 919 860 1090 536 689
899 778 468 476 951 289 860 250 581 1226 670 1202 464 0 1037 528 156 315 1031 919 470 1276 1146 370 314 119 957 348 816 418 587 638 388 545 1262 1050 357 857 224 324 1094 151 1079 520 109 162 878 240 467 130 151 147 450 1002 1192 642 899 1039 430 889 466 947 888 1118 564 717
687 841 1480 952 199 1301 923 953 1348 802 733 778 1009 1037 0 1540 1061 1018 69 981 1003 853 723 1382 1017 1101 205 1162 721 1430 1355 543 1401 608 839 298 1369 248 928 1336 84 1163 327 1532 1089 1067 783 1253 1234 1035 984 1052 1029 617 769 1409 672 653 1049 280 1187 627 639 108 627 779
1402 1281 185 718 1455 502 1363 753 461 1729 1174 1705 658 528 1540 0 578 701 1534 1422 664 1779 1650 295 703 463 1460 672 1319 133 456 1142 481 1048 1766 1554 297 1361 728 231 1597 403 1582 215 475 572 1381 453 483 604 654 587 644 1506 1696 542 1403 1542 624 1392 482 1450 1392 1621 1067 1220
923 802 518 424 975 339 884 199 585 1250 694 1226 364 156 1061 578 0 265 1055 942 370 1300 1170 420 264 189 981 248 840 468 591 662 438 569 1286 1074 407 881 174 374 1118 201 1103 570 201 112 902 290 470 80 101 97 349 1026 1216 646 923 1063 330 913 424 971 912 1142 588 741
880 759 641 344 933 463 841 133 505 1207 652 1183 284 315 1018 701 265 0 1012 900 290 1257 1127 543 69 312 938 168 797 591 511 619 562 526 1243 1032 530 839 131 497 1075 324 1060 693 324 270 859 414 391 239 188 256 270 983 1174 566 881 1020 250 870 344 928 870 1099 545 698
681 835 1475 946 193 1296 917 947 1342 796 727 772 1003 1031 69 1534 1055 1012 0 975 997 847 717 1376 1011 1095 199 1156 715 1424 1349 537 1395 602 833 292 1363 243 922 1330 90 1157 321 1526 1084 1061 777 1247 1228 1029 978 1047 1023 611 763 1403 666 647 1043 274 1181 621 633 114 621 773
386 163 1362 834 896 1183 83 835 1230 915 272 891 891 919 981 1422 942 900 975 0 885 965 835 1264 899 983 901 1043 312 1312 1236 489 1282 403 951 995 1250 802 809 1217 1038 1045 1023 1413 971 949 249 1134 1116 917 866 934 911 563 882 1291 386 600 930 833 1069 508 419 1062 385 225
865 744 735 106 918 556 826 355 366 1192 637 1168 145 470 1003 664 370 290 997 885 0 1242 1112 506 291 405 923 179 782 554 372 604 655 511 1228 1017 623 824 344 460 1060 418 1045 611 418 364 844 507 252 396 400 379 130 968 1159 427 866 1005 111 855 205 913 855 1084 530 683
782 1054 1884 1355 931 1705 1071 1357 1751 152 1136 156 1412 1440 1017 1944 1464 1422 1011 1129 1407 0 165 1785 1421 1505 937 1565 852 1834 1758 947 1804 1011 140 1030 1772 837 1331 1739 1074 1567 1059 1935 1493 1470 905 1656 1637 1439 1387 1456 1432 637 147 1813 768 673 1452 869 1590 647 735 1098 1030 1115
653 924 1754 1226 802 1575 941 1227 1622 114 1007 90 1283 1310 887 1814 1334 1292 881 1000 1277 165 0 1656 1291 1375 807 1435 722 1704 1628 817 1674 881 151 901 1642 707 1201 1609 944 1437 929 1805 1363 1341 775 1526 1508 1309 1258 1326 1303 507 81 1683 638 543 1322 739 1461 517 605 968 900 985
1244 1123 457 560 1297 344 1205 595 439 1571 1016 1547 500 370 1382 295 420 543 1376 1264 506 1621 1491 0 545 305 1302 514 1161 185 445 983 443 890 1607 1396 412 1203 569 90 1439 244 1424 286 317 414 1223 295 325 446 496 429 486 1347 1538 500 1245 1384 466 1234 324 1292 1233 1463 909 1062
879 758 643 346 932 464 840 134 506 1206 651 1182 286 314 1017 703 264 69 1011 899 291 1256 1126 545 0 314 937 169 796 593 513 618 563 525 1242 1031 531 838 130 498 1074 326 1059 694 326 270 858 415 392 238 187 255 271 982 1173 568 880 1019 252 869 345 927 869 1098 544 697
963 842 403 459 1016 224 924 314 516 1290 735 1266 399 119 1101 463 189 312 1095 983 405 1340 1211 305 314 0 1021 283 880 353 523 703 323 609 1327 1115 292 922 289 259 1158 86 1143 455 66 183 943 176 402 194 216 198 385 1067 1257 577 964 1103 365 953 401 1011 953 1182 628 781
606 760 1400 872 119 1221 842 873 1268 722 653 698 929 957 205 1460 981 938 199 901 923 772 643 1302 937 1021 0 1081 641 1350 1274 463 1320 527 759 123 1289 168 847 1256 261 1083 151 1452 1009 987 703 1172 1154 955 904 972 949 536 689 1329 591 573 969 200 1107 546 559 285 546 699
1024 903 612 234 1076 434 985 233 394 1350 795 1326 174 348 1162 672 248 168 1156 1043 179 1401 1271 514 169 283 1081 0 941 562 401 763 533 670 1387 1175 501 982 259 468 1219 295 1204 640 295 241 1003 385 280 274 325 257 159 1127 1317 456 1024 1164 140 1014 233 1071 1013 1243 689 841
108 236 1259 731 635 1080 253 732 1127 637 345 613 788 816 721 1319 840 797 715 312 782 687 558 1161 796 880 641 941 0 1209 1134 202 1179 386 674 734 1148 541 706 1115 778 942 763 1311 868 846 87 1031 1013 814 763 831 808 286 604 1188 109 323 828 573 966 230 141 802 406 298
1292 1171 295 608 1345 392 1253 643 370 1619 1064 1595 548 418 1430 133 468 591 1424 1312 554 1669 1539 185 593 353 1350 562 1209 0 365 1031 491 938 1655 1444 406 1251 617 121 1487 292 1472 124 365 462 1271 343 373 494 544 477 534 1395 1586 452 1293 1432 514 1282 372 1340 1282 1511 957 1110
1217 1096 618 427 1269 562 1178 576 51 1543 988 1519 367 587 1355 456 591 511 1349 1236 372 1594 1464 445 513 523 1274 401 1134 365 0 956 661 863 1580 1368 629 1175 603 399 1412 462 1397 265 535 585 1196 513 150 618 669 600 352 1320 1510 113 1217 1357 332 1207 191 1264 1206 1436 882 1034
285 413 1082 553 458 903 431 554 949 732 334 708 610 638 543 1142 662 619 537 489 604 782 652 983 618 703 463 763 202 1031 956 0 1002 209 768 557 970 364 529 937 600 765 585 1133 691 668 265 854 835 636 585 654 630 463 699 1011 286 500 650 395 788 407 319 624 228 381
1263 1142 319 709 1315 306 1224 613 654 1589 1034 1565 649 388 1401 481 438 562 1395 1282 655 1640 1510 443 563 323 1320 533 1179 491 661 1002 0 909 1626 1414 207 1221 588 397 1457 263 1443 593 336 432 1242 257 540 465 515 447 634 1366 1556 715 1263 1403 615 1253 540 1310 1252 1481 928 1080
470 263 988 460 522 809 345 461 856 796 155 772 517 545 608 1048 569 526 602 403 511 847 717 890 525 609 527 670 386 938 863 209 909 0 833 621 877 428 436 844 664 671 650 1040 597 575 413 761 742 543 492 561 537 573 763 917 470 610 557 460 695 517 459 689 89 201
769 1040 1870 1342 918 1691 1057 1343 1738 145 1123 143 1399 1426 1003 1930 1450 1408 997 1116 1393 140 151 1772 1407 1491 923 1551 838 1820 1744 933 1790 997 0 1017 1758 823 1317 1725 1060 1553 1045 1921 1479 1457 891 1642 1624 1425 1374 1442 1419 623 133 1799 754 659 1438 855 1577 633 721 1084 1016 1101
700 854 1494 966 213 1315 936 967 1362 816 747 792 1023 1050 298 1554 1074 1032 292 995 1017 866 736 1396 1031 1115 123 1175 734 1444 1368 557 1414 621 852 0 1382 262 941 1349 355 1177 54 1545 1103 1081 797 1266 1247 1049 998 1066 1043 630 783 1423 685 667 1062 294 1201 640 653 379 640 793
1231 1110 135 677 1283 274 1192 582 622 1558 1002 1534 617 357 1369 297 407 530 1363 1250 623 1608 1478 412 531 292 1289 501 1148 406 629 970 207 877 1594 1382 0 1189 556 365 1426 231 1411 489 304 400 1210 225 508 433 483 416 603 1334 1524 684 1231 1371 583 1221 508 1278 1220 1450 896 1049
507 661 1301 772 163 1122 743 774 1168 623 553 599 829 857 248 1361 881 839 243 802 824 673 543 1203 838 922 168 982 541 1251 1175 364 1221 428 659 262 1189 0 748 1156 305 984 290 1352 910 887 604 1073 1054 856 804 873 850 437 589 1230 492 474 869 101 1007 447 460 329 447 600
790 669 668 293 842 489 751 66 596 1116 561 1092 350 224 928 728 174 131 922 809 344 1167 1037 569 130 289 847 259 706 617 603 529 588 436 1153 941 556 748 0 523 984 351 970 719 277 180 769 440 482 148 97 165 361 893 1083 657 790 930 341 780 435 837 779 1008 455 607
1198 1077 393 514 1250 298 1159 549 392 1524 969 1500 454 324 1336 231 374 497 1330 1217 460 1575 1445 90 498 259 1256 468 1115 121 399 937 397 844 1561 1349 365 1156 523 0 1393 198 1378 223 271 367 1177 249 278 400 450 383 439 1301 1491 454 1198 1338 420 1188 278 1245 1187 1417 863 1015
743 898 1537 1009 256 1358 980 1010 1405 859 790 835 1066 1094 84 1597 1118 1075 90 1038 1060 909 780 1439 1074 1158 261 1219 778 1487 1412 600 1457 664 896 355 1426 305 984 1393 0 1220 384 1589 1146 1124 840 1309 1291 1092 1041 1109 1086 673 826 1466 729 710 1106 337 1244 684 696 78 684 836
1025 904 343 472 1078 164 986 376 455 1352 797 1328 412 151 1163 403 201 324 1157 1045 418 1402 1273 244 326 86 1083 295 942 292 462 765 263 671 1389 1177 231 984 351 198 1220 0 1205 394 98 195 1005 115 341 228 278 210 397 1129 1319 517 1026 1165 378 1016 341 1073 1015 1244 690 843
729 883 1522 994 241 1344 965 995 1390 844 775 820 1051 1079 327 1582 1103 1060 321 1023 1045 895 765 1424 1059 1143 151 1204 763 1472 1397 585 1443 650 881 54 1411 290 970 1378 384 1205 0 1574 1132 1109 825 1295 1276 1077 1026 1095 1071 659 811 1451 714 695 1091 322 1229 669 681 408 669 821
1394 1273 377 665 1446 494 1355 745 270 1720 1165 1696 605 520 1532 215 570 693 1526 1413 611 1771 1641 286 694 455 1452 640 1311 124 265 1133 593 1040 1757 1545 489 1352 719 223 1589 394 1574 0 467 563 1373 445 388 596 646 579 591 1497 1687 351 1394 1534 571 1384 429 1441 1383 1613 1059 1211
951 831 416 472 1004 237 913 302 528 1278 723 1254 412 109 1089 475 201 324 1084 971 418 1329 1199 317 326 66 1009 295 868 365 535 691 336 597 1315 1103 304 910 277 271 1146 98 1132 467 0 195 931 188 414 182 204 200 397 1055 1245 589 952 1091 378 942 414 999 941 1170 617 769
929 808 512 418 982 333 890 206 578 1256 701 1232 358 162 1067 572 112 270 1061 949 364 1306 1176 414 270 183 987 241 846 462 585 668 432 575 1292 1081 400 887 180 367 1124 195 1109 563 195 0 908 284 464 86 107 103 343 1032 1223 640 930 1069 324 919 417 977 918 1148 594 747
161 173 1322 793 698 1143 191 794 1189 690 282 666 850 878 783 1381 902 859 777 249 844 741 611 1223 858 943 703 1003 87 1271 1196 265 1242 413 727 797 1210 604 769 1177 840 1005 825 1373 931 908 0 1094 1075 876 825 894 870 339 657 1251 162 376 890 635 1028 283 195 864 395 235
1115 994 337 561 1167 67 1076 465 506 1441 886 1417 501 240 1253 453 290 414 1247 1134 507 1492 1362 295 415 176 1172 385 1031 343 513 854 257 761 1478 1266 225 1073 440 249 1309 115 1295 445 188 284 1094 0 392 317 367 299 486 1218 1408 567 1115 1255 467 1105 392 1162 1104 1333 780 932
1096 975 620 306 1148 441 1057 456 143 1423 867 1399 246 467 1234 483 470 391 1228 1116 252 1473 1343 325 392 402 1154 280 1013 373 150 835 540 742 1459 1247 508 1054 482 278 1291 341 1276 388 414 464 1075 392 0 497 548 480 231 1199 1389 204 1096 1236 212 1086 70 1144 1085 1315 761 914
897 776 545 400 950 366 858 174 611 1224 669 1200 390 130 1035 604 80 239 1029 917 396 1274 1144 446 238 194 955 274 814 494 618 636 465 543 1260 1049 433 856 148 400 1092 228 1077 596 182 86 876 317 497 0 75 71 376 1000 1191 672 898 1037 356 887 450 945 887 1116 562 715
846 725 595 349 899 416 807 123 662 1173 618 1149 406 151 984 654 101 188 978 866 400 1223 1093 496 187 216 904 325 763 544 669 585 515 492 1209 998 483 804 97 450 1041 278 1026 646 204 107 825 367 548 75 0 92 426 949 1140 723 847 986 407 836 501 894 835 1065 511 664
914 794 527 418 967 348 876 191 594 1241 686 1217 373 147 1052 587 97 256 1047 934 379 1292 1162 429 255 198 972 257 831 477 600 654 447 561 1278 1066 416 873 165 383 1109 210 1095 579 200 103 894 299 480 71 92 0 358 1018 1208 655 915 1054 339 905 433 962 904 1133 580 732
891 770 714 132 944 535 852 335 345 1218 663 1194 125 450 1029 644 349 270 1023 911 130 1268 1138 486 271 385 949 159 808 534 352 630 634 537 1254 1043 603 850 361 439 1086 397 1071 591 397 343 870 486 231 376 426 358 0 994 1185 407 892 1031 91 881 184 939 880 1110 556 709
217 488 1446 917 531 1267 505 918 1313 422 596 398 974 1002 617 1506 1026 983 611 563 968 472 342 1347 982 1067 536 1127 286 1395 1320 463 1366 573 458 630 1334 437 893 1301 673 1129 659 1497 1055 1032 339 1218 1199 1000 949 1018 994 0 389 1375 202 93 1014 469 1152 81 169 697 592 549
699 970 1800 1272 848 1621 987 1273 1668 97 1053 73 1329 1357 933 1860 1381 1338 927 1046 1323 147 81 1702 1337 1421 853 1482 768 1750 1675 863 1720 928 133 947 1689 754 1247 1656 990 1483 975 1852 1409 1387 822 1572 1554 1355 1304 1372 1349 553 0 1729 684 590 1369 786 1507 563 652 1014 947 1032
1271 1150 704 481 1324 616 1232 631 106 1598 1043 1574 421 642 1409 542 646 566 1403 1291 427 1648 1519 500 568 577 1329 456 1188 452 113 1011 715 917 1635 1423 684 1230 657 454 1466 517 1451 351 589 640 1251 567 204 672 723 655 407 1375 1565 0 1272 1411 387 1262 245 1319 1261 1490 936 1089
39 310 1343 814 586 1164 328 816 1211 553 419 529 871 899 672 1403 923 881 666 386 866 603 473 1245 880 964 591 1024 109 1293 1217 286 1263 470 589 685 1231 492 790 1198 729 1026 714 1394 952 930 162 1115 1096 898 847 915 892 202 520 1272 0 238 911 524 1050 146 73 753 489 372
253 524 1482 954 568 1303 542 955 1350 459 633 434 1011 1039 653 1542 1063 1020 647 600 1005 509 379 1384 1019 1103 573 1164 323 1432 1357 500 1403 610 495 667 1371 474 930 1338 710 1165 695 1534 1091 1069 376 1255 1236 1037 986 1054 1031 93 425 1411 238 0 1051 505 1189 117 206 734 629 586
911 790 695 151 963 516 872 315 326 1238 682 1213 105 430 1049 624 330 250 1043 930 111 1288 1158 466 252 365 969 140 828 514 332 650 615 557 1274 1062 583 869 341 420 1106 378 1091 571 378 324 890 467 212 356 407 339 91 1014 1204 387 911 1051 0 901 165 958 900 1130 576 728
539 693 1333 804 195 1154 775 805 1200 654 585 630 861 889 280 1392 913 870 274 833 855 705 575 1234 869 953 200 1014 573 1282 1207 395 1253 460 691 294 1221 101 780 1188 337 1016 322 1384 942 919 635 1105 1086 887 836 905 881 469 621 1262 524 505 901 0 1039 479 491 361 479 632
1049 928 620 259 1102 441 1010 409 184 1376 820 1352 199 466 1187 482 424 344 1181 1069 205 1426 1296 324 345 401 1107 233 966 372 191 788 540 695 1412 1201 508 1007 435 278 1244 341 1229 429 414 417 1028 392 70 450 501 433 184 1152 1343 245 1050 1189 165 1039 0 1097 1038 1268 714 867
161 432 1390 862 541 1211 449 863 1258 432 541 408 919 947 627 1450 971 928 621 508 913 482 353 1292 927 1011 546 1071 230 1340 1264 407 1310 517 469 640 1278 447 837 1245 684 1073 669 1441 999 977 283 1162 1144 945 894 962 939 81 399 1319 146 117 958 479 1097 0 113 708 536 494
72 343 1332 803 554 1153 361 804 1199 520 452 496 860 888 639 1392 912 870 633 419 855 571 441 1233 869 953 559 1013 141 1282 1206 319 1252 459 557 653 1220 460 779 1187 696 1015 681 1383 941 918 195 1104 1085 887 835 904 880 169 487 1261 73 206 900 491 1038 113 0 720 478 405
767 922 1561 1033 280 1382 1004 1034 1429 883 814 859 1090 1118 108 1621 1142 1099 114 1062 1084 933 804 1463 1098 1182 285 1243 802 1511 1436 624 1481 689 920 379 1450 329 1008 1417 78 1244 408 1613 1170 1148 864 1333 1315 1116 1065 1133 1110 697 850 1490 753 734 1130 361 1268 708 720 0 708 860
489 245 1008 479 541 829 327 480 875 815 137 791 536 564 627 1067 588 545 621 385 530 866 736 909 544 628 546 689 406 957 882 228 928 89 852 640 896 447 455 863 684 690 669 1059 617 594 395 780 761 562 511 580 556 592 782 936 489 629 576 479 714 536 478 708 0 184
372 84 1160 632 694 981 166 633 1028 901 83 877 689 717 779 1220 741 698 773 225 683 951 821 1062 697 781 699 841 298 1110 1034 381 1080 201 937 793 1049 600 607 1015 836 843 821 1211 769 747 235 932 914 715 664 732 709 549 867 1089 372 586 728 632 867 494 405 860 184 0
EOF