NAME : tsp_problem
TYPE : TSP
DIMENSION : 36
EDGE_WEIGHT_TYPE : EXPLICIT
EDGE_WEIGHT_FORMAT : FULL_MATRIX
EDGE_WEIGHT_SECTION
0 1023 245 701 228 611 501 595 683 695 584 1577 605 480 902 351 608 56 482 375 354 410 1045 320 313 167 346 563 511 1066 817 425 523 794 151 283
1187 0 1366 1079 1348 1772 823 1757 1730 709 755 2473 809 802 1049 1397 1663 1177 934 1008 1494 886 135 1441 1433 1288 1392 851 828 145 965 900 1056 1849 1312 1445
245 1201 0 879 54 752 680 736 509 874 763 1439 784 659 1080 177 443 235 661 554 323 589 1224 271 139 118 172 742 690 1244 996 603 702 629 371 424
701 915 879 0 862 1286 588 1270 1243 398 505 1987 304 607 1049 911 1177 690 429 355 1008 500 937 954 947 802 906 346 578 957 964 485 201 1363 826 958
228 1184 54 862 0 734 662 719 492 856 745 1422 767 641 1063 160 426 217 643 536 305 571 1206 254 121 101 155 724 672 1227 979 586 684 611 353 407
611 1608 752 1286 734 0 1086 38 687 1280 1169 1938 1191 1065 1487 645 423 623 1067 960 452 995 1630 506 637 660 650 1148 1096 1651 1403 1010 1108 396 484 352
501 658 680 588 662 1086 0 1071 1044 218 107 1787 318 44 537 711 977 491 272 322 808 200 681 755 747 602 706 353 43 701 453 214 470 1163 626 759
595 1592 736 1270 719 38 1071 0 671 1265 1154 1923 1175 1050 1471 629 408 607 1052 945 436 980 1615 491 621 644 634 1133 1081 1635 1387 994 1093 380 468 337
683 1565 509 1243 492 687 1044 671 0 1238 1127 1651 1148 1023 1444 357 333 673 1025 918 473 953 1588 468 395 557 362 1106 1054 1608 1360 967 1066 518 678 575
695 545 874 398 856 1280 218 1265 1238 0 135 1981 128 238 731 905 1171 685 253 516 1002 324 567 949 941 796 900 170 208 588 647 309 375 1357 820 953
584 591 763 505 745 1169 107 1154 1127 135 0 1871 235 127 620 794 1060 574 355 406 892 283 613 838 830 685 790 277 97 634 536 297 482 1246 710 842
1662 2394 1524 2072 1507 2024 1872 2008 1736 2067 1956 0 1977 1851 2273 1404 1670 1652 1854 1747 1699 1782 2417 1693 1515 1571 1399 1935 1882 2437 2189 1796 1894 1855 1788 1800
605 645 784 304 767 1191 318 1175 1148 128 235 1892 0 337 796 816 1082 595 150 427 913 221 667 859 852 706 811 76 308 687 711 206 281 1268 731 863
480 637 659 607 641 1065 44 1050 1023 238 127 1766 337 0 516 690 956 470 251 301 787 179 660 734 726 581 685 332 54 680 432 193 449 1142 605 738
902 885 1080 1049 1063 1487 537 1471 1444 731 620 2188 796 516 0 1112 1378 891 672 723 1209 600 907 1155 1148 1003 1107 753 547 928 350 615 871 1564 1027 1159
351 1233 177 911 160 645 711 629 357 905 794 1318 816 690 1112 0 291 341 692 585 320 620 1255 315 168 224 52 773 721 1276 1028 635 733 477 476 421
608 1499 443 1177 426 423 977 408 333 1171 1060 1584 1082 956 1378 291 0 607 958 851 407 886 1521 401 329 490 296 1039 987 1542 1294 901 999 206 481 349
56 1013 235 690 217 623 491 607 673 685 574 1567 595 470 891 341 607 0 472 365 364 400 1035 310 302 157 336 553 501 1055 807 414 513 793 163 296
482 770 661 429 643 1067 272 1052 1025 253 355 1769 150 251 672 692 958 472 0 303 789 104 792 736 728 583 688 108 282 813 588 89 407 1144 608 740
375 844 554 355 536 960 322 945 918 516 406 1661 427 301 723 585 851 365 303 0 682 231 867 629 621 476 580 384 332 887 639 246 177 1037 500 633
354 1330 323 1008 305 452 808 436 473 1002 892 1614 913 787 1209 320 407 364 789 682 0 717 1353 77 208 231 325 870 818 1373 1125 732 830 593 227 125
410 721 589 500 571 995 200 980 953 324 283 1696 221 179 600 620 886 400 104 231 717 0 744 664 656 511 615 178 210 764 516 69 379 1072 535 668
1209 135 1388 1101 1371 1795 845 1779 1752 732 778 2496 831 824 1071 1420 1686 1199 956 1031 1517 908 0 1463 1456 1310 1415 873 850 136 987 923 1079 1872 1335 1467
320 1277 271 954 254 506 755 491 468 949 838 1608 859 734 1155 315 401 310 736 629 77 664 1299 0 202 177 320 817 765 1319 1071 678 777 587 282 179
313 1269 139 947 121 637 747 621 395 941 830 1430 852 726 1148 168 329 302 728 621 208 656 1291 202 0 186 163 809 757 1312 1064 671 769 515 412 309
167 1124 118 802 101 660 602 644 557 796 685 1486 706 581 1003 224 490 157 583 476 231 511 1146 177 186 0 219 664 612 1167 918 526 624 676 293 332
346 1228 172 906 155 650 706 634 362 900 790 1314 811 685 1107 52 296 336 688 580 325 615 1251 320 163 219 0 768 716 1271 1023 630 728 482 472 427
563 686 742 346 724 1148 353 1133 1106 170 277 1849 76 332 753 773 1039 553 108 384 870 178 709 817 809 664 768 0 349 729 669 164 323 1225 688 821
511 664 690 578 672 1096 43 1081 1054 208 97 1797 308 54 547 721 987 501 282 332 818 210 686 765 757 612 716 349 0 706 463 224 480 1173 636 769
1230 145 1409 1122 1391 1815 865 1800 1773 752 798 2516 852 844 1092 1440 1706 1220 977 1051 1537 929 136 1484 1476 1331 1435 893 871 0 1008 943 1099 1892 1355 1488
817 800 996 964 979 1403 453 1387 1360 647 536 2104 711 432 350 1028 1294 807 588 639 1125 516 823 1071 1064 918 1023 669 463 843 0 531 787 1479 943 1075
425 736 603 485 586 1010 214 994 967 309 297 1711 206 193 615 635 901 414 89 246 732 69 758 678 671 526 630 164 224 779 531 0 394 1087 550 682
523 892 702 201 684 1108 470 1093 1066 375 482 1809 281 449 871 733 999 513 407 177 830 379 914 777 769 624 728 323 480 935 787 394 0 1185 648 781
794 1685 629 1363 611 396 1163 380 518 1357 1246 1770 1268 1142 1564 477 206 793 1144 1037 593 1072 1707 587 515 676 482 1225 1173 1728 1479 1087 1185 0 667 535
151 1148 371 826 353 484 626 468 678 820 710 1703 731 605 1027 476 481 163 608 500 227 535 1171 282 412 293 472 688 636 1191 943 550 648 667 0 156
283 1281 424 958 407 352 759 337 575 953 842 1715 863 738 1159 421 349 296 740 633 125 668 1303 179 309 332 427 821 769 1323 1075 682 781 535 156 0
EOF