NAME : tsp_problem
TYPE : TSP
DIMENSION : 24
EDGE_WEIGHT_TYPE : EXPLICIT
EDGE_WEIGHT_FORMAT : FULL_MATRIX
EDGE_WEIGHT_SECTION
0 1401 567 1085 1001 958 446 698 825 403 322 314 418 960 3072 356 793 2119 710 1368 478 1464 648 1034
1401 0 1168 415 579 703 1047 1435 1114 1098 1283 1418 1522 1249 2629 1460 1082 1676 1274 417 1079 291 937 623
567 1168 0 852 768 726 145 291 442 265 450 585 688 469 2840 626 475 1887 167 1135 113 1232 415 802
1085 415 852 0 259 406 731 1119 798 782 967 1102 1206 933 2389 1144 766 1436 958 381 763 478 621 326
1001 579 768 259 0 360 647 1035 714 698 883 1018 1122 849 2506 1059 682 1553 874 546 679 643 537 288
958 703 726 406 360 0 604 993 671 655 840 976 1079 806 2656 1017 639 1703 832 540 636 766 494 131
446 1047 145 731 647 604 0 412 471 143 328 463 567 590 2718 504 439 1765 288 1013 56 1110 293 680
698 1435 291 1119 1035 993 412 0 585 475 580 715 819 611 3107 757 618 2154 309 1402 380 1499 682 1069
825 1114 442 798 714 671 471 585 0 522 707 843 946 158 2785 884 66 1832 350 1081 503 1177 206 748
403 1098 265 782 698 655 143 475 522 0 285 420 524 657 2769 461 490 1816 408 1065 176 1161 345 732
322 1283 450 967 883 840 328 580 707 285 0 340 443 842 2954 381 675 2001 592 1250 360 1346 530 917
314 1418 585 1102 1018 976 463 715 843 420 340 0 129 977 2905 163 810 2137 728 1385 496 1482 665 1052
418 1522 688 1206 1122 1079 567 819 946 524 443 129 0 1081 3009 267 914 2240 831 1489 599 1585 768 1155
960 1249 469 933 849 806 590 611 158 657 842 977 1081 0 2920 1019 191 1967 376 1216 558 1312 341 883
3035 2641 2852 2401 2518 2668 2730 3119 2798 2782 2966 2843 2947 2932 0 2740 2765 1014 2958 2608 2762 2705 2620 2703
356 1460 626 1144 1059 1017 504 757 884 461 381 163 267 1019 2802 0 851 2178 769 1426 537 1523 706 1093
793 1082 475 766 682 639 439 618 66 490 675 810 914 191 2753 851 0 1800 383 1049 471 1145 174 715
2204 1761 1972 1521 1638 1788 1850 2239 1918 1902 2086 2222 2325 2052 980 2263 1885 0 2078 1728 1882 1825 1740 1823
710 1274 167 958 874 832 288 309 350 408 592 728 831 376 2946 769 383 1993 0 1241 256 1338 521 908
1368 417 1135 381 546 540 1013 1402 1081 1065 1250 1385 1489 1216 2596 1426 1049 1643 1241 0 1046 459 903 460
478 1079 113 763 679 636 56 380 503 176 360 496 599 558 2750 537 471 1797 256 1046 0 1142 326 713
1464 291 1232 478 643 766 1110 1499 1177 1161 1346 1482 1585 1312 2693 1523 1145 1740 1338 459 1142 0 1000 687
648 937 415 621 537 494 293 682 206 345 530 665 768 341 2608 706 174 1655 521 903 326 1000 0 570
1034 623 802 326 288 131 680 1069 748 732 917 1052 1155 883 2691 1093 715 1738 908 460 713 687 570 0
EOF