NAME : tsp_problem
TYPE : TSP
DIMENSION : 50
EDGE_WEIGHT_TYPE : EXPLICIT
EDGE_WEIGHT_FORMAT : FULL_MATRIX
EDGE_WEIGHT_SECTION
0 844 1343 138 1405 1253 465 1486 1139 833 1234 1220 622 765 1286 76 692 804 1252 678 1252 698 1263 166 169 323 1578 1812 1324 1260 783 709 771 1241 953 639 920 158 932 934 102 1527 789 712 72 1532 715 1724 495 815
680 0 1087 799 1149 997 592 1230 883 248 978 964 674 791 1030 714 437 548 996 493 996 257 1007 827 830 631 1322 1556 1068 1005 527 268 187 985 368 530 335 819 676 678 687 1271 610 457 718 1277 150 1468 622 841
1179 1087 0 1298 146 116 1035 463 381 1076 425 298 962 962 354 1212 761 719 112 818 443 941 378 1326 1329 1130 262 646 392 258 698 952 1014 476 1196 855 1163 1318 689 691 1186 505 780 781 1217 216 958 701 1083 972
138 964 1463 0 1525 1372 584 1605 1259 952 1354 1340 742 885 1406 104 812 924 1372 797 1371 817 1382 146 143 442 1698 1932 1444 1380 903 828 891 1361 1073 759 1040 168 1051 1053 130 1647 908 832 100 1652 835 1843 614 934
1241 1149 146 1360 0 178 1097 375 292 1138 336 209 1024 1023 266 1274 823 781 174 879 354 1003 289 1388 1391 1191 381 701 303 169 760 1014 1076 388 1258 916 1225 1380 751 753 1248 416 842 843 1279 335 1020 612 1145 1034
1089 997 116 1208 178 0 944 496 319 986 414 330 872 871 387 1122 671 629 144 727 431 851 410 1236 1239 1039 351 735 424 290 608 862 924 509 1106 764 1073 1228 598 600 1096 537 690 691 1127 306 868 734 993 882
300 592 1035 420 1097 944 0 1177 831 581 926 912 186 329 978 334 296 415 944 242 943 446 954 448 451 251 1269 1504 1016 952 436 457 519 933 701 203 668 440 617 614 308 1219 352 278 338 1224 463 1415 77 379
1322 1230 463 1441 375 496 1177 0 447 1219 368 445 1105 1104 298 1355 904 862 491 960 386 1084 321 1469 1472 1272 387 415 185 405 841 1095 1157 270 1339 997 1306 1461 831 833 1329 78 923 924 1360 341 1101 327 1226 1115
975 883 381 1094 292 319 831 447 0 872 121 107 758 758 173 1009 557 515 318 614 138 737 149 1122 1125 926 616 773 285 147 494 748 810 249 992 651 959 1114 485 487 982 488 577 577 1013 570 754 685 880 768
669 248 1076 788 1138 986 581 1219 872 0 967 953 663 780 1019 702 425 537 985 482 984 245 995 816 819 619 1311 1545 1057 993 516 256 175 974 147 519 114 808 665 667 676 1260 599 445 707 1265 138 1456 611 829
1070 978 425 1189 336 414 926 368 121 967 0 153 853 853 94 1104 652 610 413 709 54 832 71 1217 1220 1021 609 695 207 194 589 843 905 170 1087 746 1054 1209 580 582 1077 409 672 672 1108 564 849 606 975 863
1056 964 298 1175 209 330 912 445 107 953 153 0 839 838 205 1089 638 596 325 695 170 818 181 1203 1206 1006 533 771 317 111 575 829 891 281 1073 731 1040 1195 566 568 1063 486 657 658 1094 487 835 683 960 849
458 674 962 578 1024 872 186 1105 758 663 853 839 0 182 905 492 260 268 871 206 870 528 881 605 608 409 1197 1431 943 879 289 539 601 860 783 167 750 598 470 467 466 1146 205 242 496 1151 545 1342 235 231
601 791 962 721 1023 871 329 1104 758 780 853 838 182 0 905 635 403 268 871 349 870 645 881 748 751 552 1196 1431 943 879 289 656 718 859 900 310 867 741 312 309 609 1145 205 385 639 1151 662 1342 378 74
1122 1030 354 1241 266 387 978 298 173 1019 94 205 905 905 0 1156 704 662 382 761 112 884 47 1269 1272 1073 539 625 182 246 641 895 957 146 1139 798 1106 1261 632 634 1129 340 724 724 1160 494 901 536 1027 915
76 878 1377 104 1439 1286 498 1520 1173 866 1268 1254 656 799 1320 0 726 838 1286 712 1285 732 1296 132 135 356 1612 1846 1358 1294 817 743 805 1275 987 673 954 125 965 967 68 1561 822 746 38 1566 749 1757 528 849
528 437 761 648 823 671 296 904 557 425 652 638 260 403 704 562 0 222 670 79 670 290 681 675 678 479 996 1230 742 679 201 301 364 659 545 115 512 668 350 352 536 945 284 42 566 951 308 1142 344 452
640 548 719 760 781 629 415 862 515 537 610 596 268 268 662 674 222 0 628 279 627 402 638 787 790 591 954 1188 700 636 105 413 476 617 657 316 624 780 308 310 648 903 86 242 678 908 420 1100 464 317
1088 996 112 1207 174 144 944 491 318 985 413 325 871 871 382 1122 670 628 0 727 431 850 406 1235 1238 1039 347 731 419 286 607 861 923 504 1105 764 1072 1228 598 600 1095 532 690 690 1126 301 868 729 993 881
514 493 818 633 879 727 242 960 614 482 709 695 206 349 761 547 79 279 727 0 726 347 737 661 664 464 1052 1287 799 735 258 358 420 716 602 61 569 653 406 408 521 1002 340 83 552 1007 364 1198 290 398
1087 996 443 1207 354 431 943 386 138 984 54 170 870 870 112 1121 670 627 431 726 0 849 88 1235 1237 1038 627 712 224 211 606 860 923 188 1105 763 1072 1227 597 599 1095 427 689 690 1125 581 867 624 992 880
534 257 941 653 1003 851 446 1084 737 245 832 818 528 645 884 567 290 402 850 347 849 0 860 681 684 484 1176 1410 922 858 381 110 184 839 365 384 332 673 530 532 541 1125 464 310 572 1130 128 1322 476 694
1098 1007 378 1218 289 410 954 321 149 995 71 181 881 881 47 1132 681 638 406 737 88 860 0 1246 1248 1049 562 647 159 222 617 871 934 123 1116 774 1083 1238 608 610 1106 362 700 701 1136 517 878 559 1003 891
166 992 1490 146 1552 1400 612 1633 1287 980 1381 1367 770 913 1433 132 840 952 1400 825 1399 845 1410 0 79 470 1725 1960 1471 1408 930 856 919 1388 1100 786 1067 104 1079 1081 158 1674 936 860 128 1680 863 1871 642 962
169 994 1493 143 1555 1403 615 1636 1289 983 1384 1370 773 916 1436 135 843 955 1402 828 1402 848 1413 79 0 473 1728 1962 1474 1411 933 859 921 1391 1103 789 1070 102 1082 1084 161 1677 939 863 131 1683 865 1874 645 965
132 849 1347 251 1409 1257 469 1490 1144 837 1239 1224 627 770 1291 165 697 809 1257 682 1256 702 1267 279 282 0 1582 1817 1328 1265 787 713 776 1245 957 643 924 271 936 938 139 1531 793 717 170 1537 720 1728 499 819
1414 1322 262 1533 381 351 1269 387 616 1311 609 533 1197 1196 539 1447 996 954 347 1052 627 1176 562 1561 1564 1364 0 560 426 493 933 1187 1249 511 1431 1089 1398 1553 924 926 1421 428 1015 1016 1452 70 1193 625 1318 1207
1648 1556 646 1767 701 735 1504 415 773 1545 695 771 1431 1431 625 1682 1230 1188 731 1287 712 1410 647 1795 1798 1599 560 0 512 731 1167 1421 1483 596 1665 1324 1632 1788 1158 1160 1655 456 1250 1250 1686 514 1428 112 1553 1441
1160 1068 392 1279 303 424 1016 185 285 1057 207 317 943 943 182 1193 742 700 419 799 224 922 159 1307 1310 1111 426 512 0 333 679 933 995 108 1177 836 1144 1299 670 672 1167 226 761 762 1198 381 939 423 1064 953
1096 1005 258 1216 169 290 952 405 147 993 194 111 879 879 246 1130 679 636 286 735 211 858 222 1243 1246 1047 493 731 333 0 615 869 932 322 1113 772 1080 1236 606 608 1104 446 698 699 1134 447 876 643 1001 889
619 527 698 738 760 608 436 841 494 516 589 575 289 289 641 653 201 105 607 258 606 381 617 766 769 570 933 1167 679 615 0 392 454 596 636 295 603 758 286 288 626 882 108 221 657 887 398 1078 485 338
545 268 952 664 1014 862 457 1095 748 256 843 829 539 656 895 578 301 413 861 358 860 110 871 692 695 495 1187 1421 933 869 392 0 195 850 376 395 343 684 541 543 552 1136 475 321 583 1141 139 1333 487 705
607 187 1014 726 1076 924 519 1157 810 175 905 891 601 718 957 641 364 476 923 420 923 184 934 754 757 558 1249 1483 995 932 454 195 0 912 295 457 263 747 603 605 614 1198 537 384 645 1204 77 1395 549 768
1077 985 476 1196 388 509 933 270 249 974 170 281 860 859 146 1110 659 617 504 716 188 839 123 1224 1227 1028 511 596 108 322 596 850 912 0 1094 752 1061 1216 587 589 1084 311 678 679 1115 465 856 508 981 870
789 368 1196 908 1258 1106 701 1339 992 147 1087 1073 783 900 1139 822 545 657 1105 602 1105 365 1116 936 939 740 1431 1665 1177 1113 636 376 295 1094 0 639 90 928 785 787 796 1380 719 565 827 1385 259 1577 731 949
475 530 855 594 916 764 203 997 651 519 746 731 167 310 798 508 115 316 764 61 763 384 774 622 625 426 1089 1324 836 772 295 395 457 752 639 0 606 614 443 445 482 1038 333 98 513 1044 401 1235 252 359
756 335 1163 875 1225 1073 668 1306 959 114 1054 1040 750 867 1106 789 512 624 1072 569 1072 332 1083 903 906 707 1398 1632 1144 1080 603 343 263 1061 90 606 0 895 752 754 763 1347 686 532 794 1352 226 1544 698 916
158 984 1483 168 1545 1392 604 1625 1279 972 1374 1360 762 905 1426 125 832 944 1392 817 1391 837 1402 104 102 462 1718 1952 1464 1400 923 849 911 1381 1093 779 1060 0 1071 1073 150 1667 928 852 120 1672 855 1863 634 955
767 676 689 887 751 598 617 831 485 665 580 566 470 312 632 801 350 308 598 406 597 530 608 915 918 718 924 1158 670 606 286 541 603 587 785 443 752 907 0 88 775 873 369 370 806 878 547 1069 666 313
769 678 691 889 753 600 614 833 487 667 582 568 467 309 634 803 352 310 600 408 599 532 610 917 920 720 926 1160 672 608 288 543 605 589 787 445 754 909 88 0 777 875 371 372 808 880 549 1071 663 311
102 852 1351 130 1412 1260 472 1493 1147 840 1242 1228 630 773 1294 68 700 812 1260 685 1259 705 1270 158 161 330 1585 1820 1332 1268 791 716 779 1249 961 647 928 150 939 941 0 1535 796 720 64 1540 723 1731 502 822
1363 1271 505 1482 416 537 1219 78 488 1260 409 486 1146 1145 340 1396 945 903 532 1002 427 1125 362 1510 1513 1314 428 456 226 446 882 1136 1198 311 1380 1038 1347 1502 873 875 1370 0 964 965 1401 382 1142 368 1267 1156
624 610 780 744 842 690 352 923 577 599 672 657 205 205 724 658 284 86 690 340 689 464 700 772 775 575 1015 1250 761 698 108 475 537 678 719 333 686 764 369 371 632 964 0 304 663 970 481 1161 401 255
548 457 781 668 843 691 278 924 577 445 672 658 242 385 724 582 42 242 690 83 690 310 701 695 698 499 1016 1250 762 699 221 321 384 679 565 98 532 688 370 372 556 965 304 0 586 971 328 1162 327 434
72 882 1381 100 1443 1291 503 1524 1177 871 1272 1258 660 804 1324 38 730 842 1290 716 1290 736 1301 128 131 361 1616 1850 1362 1299 821 747 809 1279 991 677 958 120 970 972 64 1565 827 751 0 1571 753 1762 533 853
1368 1277 216 1488 335 306 1224 341 570 1265 564 487 1151 1151 494 1402 951 908 301 1007 581 1130 517 1515 1518 1319 70 514 381 447 887 1141 1204 465 1385 1044 1352 1508 878 880 1376 382 970 971 1406 0 1148 579 1273 1161
551 150 958 671 1020 868 463 1101 754 138 849 835 545 662 901 585 308 420 868 364 867 128 878 698 701 502 1193 1428 939 876 398 139 77 856 259 401 226 691 547 549 559 1142 481 328 589 1148 0 1339 493 712
1559 1468 701 1679 612 734 1415 327 685 1456 606 683 1342 1342 536 1593 1142 1100 729 1198 624 1322 559 1707 1710 1510 625 112 423 643 1078 1333 1395 508 1577 1235 1544 1699 1069 1071 1567 368 1161 1162 1597 579 1339 0 1464 1353
330 622 1083 450 1145 993 77 1226 880 611 975 960 235 378 1027 364 344 464 993 290 992 476 1003 478 481 281 1318 1553 1064 1001 485 487 549 981 731 252 698 470 666 663 338 1267 401 327 369 1273 493 1464 0 427
651 841 972 770 1034 882 379 1115 768 829 863 849 231 74 915 684 452 317 881 398 880 694 891 798 801 601 1207 1441 953 889 338 705 768 870 949 359 916 790 313 311 658 1156 255 434 689 1161 712 1353 427 0
EOF