NAME : tsp_problem
TYPE : TSP
DIMENSION : 68
EDGE_WEIGHT_TYPE : EXPLICIT
EDGE_WEIGHT_FORMAT : FULL_MATRIX
EDGE_WEIGHT_SECTION
0 1256 987 1355 1274 1031 819 711 772 168 412 684 202 1261 799 811 206 1291 567 926 421 505 960 919 581 966 870 1138 1215 420 816 1120 1541 160 887 1129 1308 1468 781 987 804 133 592 1027 1338 620 981 1382 166 968 586 2041 781 1016 282 786 847 860 941 962 215 751 577 936 545 712 982 734
1256 0 433 326 43 248 1516 1081 1470 1342 936 1344 1229 478 598 610 1380 206 779 497 945 874 406 598 1212 1177 483 296 187 944 1146 279 456 1186 1099 455 280 440 992 294 603 1307 804 254 310 832 427 353 1193 550 1207 1521 580 500 1166 585 1544 659 1152 552 1389 1448 1219 500 914 1410 537 1104
987 433 0 532 451 209 1247 812 1201 1073 667 1075 960 638 255 267 1111 468 510 153 676 605 48 374 943 908 140 240 392 675 877 223 718 917 830 506 485 645 723 177 260 1038 535 204 515 563 30 559 924 424 938 1404 236 444 897 242 1275 315 883 417 1120 1179 950 164 645 1141 437 835
1355 326 532 0 344 346 1615 1179 1568 1441 1034 1443 1327 379 687 675 1478 361 877 595 1043 973 505 566 1310 1276 581 394 162 1042 1244 377 367 1285 1197 356 90 250 1091 392 682 1406 902 352 120 931 525 164 1291 518 1305 1619 678 468 1264 684 1643 627 1251 520 1488 1547 1317 598 1013 1508 505 1202
1274 43 451 344 0 266 1534 1098 1488 1360 953 1362 1247 496 616 628 1398 224 797 514 963 892 424 616 1230 1195 501 314 204 962 1164 296 474 1204 1116 473 298 458 1010 311 621 1325 821 272 327 850 445 371 1210 568 1224 1538 597 517 1183 603 1562 677 1170 570 1407 1466 1236 518 932 1428 555 1121
1031 248 209 346 266 0 1292 856 1245 1118 711 1120 1004 498 373 386 1155 283 554 272 720 650 182 493 987 953 258 205 207 719 921 187 533 961 874 470 300 460 768 69 378 1082 579 96 330 607 202 373 968 459 982 1296 355 408 941 361 1320 434 928 460 1165 1224 994 282 689 1185 446 879
983 1681 1412 1779 1698 1456 0 854 151 1069 837 725 956 1686 1224 1236 1107 1716 992 1350 846 929 1385 1343 622 1135 1295 1562 1639 845 959 1545 1966 913 1056 1554 1733 1893 1080 1412 1229 1034 1017 1452 1762 1045 1405 1806 919 1393 627 2465 1205 1441 892 1211 104 1285 1110 1386 1116 150 618 1360 969 124 1407 877
711 1081 812 1179 1098 856 690 0 644 798 349 390 684 1086 623 636 835 1116 392 750 338 231 785 743 258 305 695 962 1039 340 129 945 1366 641 227 954 1133 1293 251 812 629 762 416 852 1162 417 805 1206 648 793 252 1865 605 841 621 611 718 684 280 786 844 622 264 760 191 584 806 75
936 1634 1365 1733 1652 1410 151 808 0 1023 790 679 909 1639 1177 1190 1060 1669 945 1304 800 883 1339 1297 576 1089 1249 1516 1593 799 912 1499 1920 866 1010 1508 1686 1846 1034 1366 1182 988 970 1405 1716 999 1359 1760 873 1347 581 2419 1159 1395 846 1165 114 1238 1064 1340 1070 104 572 1314 923 78 1360 831
168 1342 1073 1441 1360 1118 905 798 859 0 498 771 289 1348 885 898 85 1377 653 1012 508 591 1047 1005 667 1052 957 1224 1301 507 902 1207 1628 246 973 1216 1394 1554 867 1074 890 157 678 1113 1424 707 1067 1468 252 1055 672 2127 867 1103 369 873 933 946 1027 1048 95 837 663 1022 631 798 1068 821
412 936 667 1034 953 711 672 349 626 498 0 432 385 941 479 491 536 971 247 605 48 184 640 598 300 629 550 817 894 51 453 800 1221 342 551 809 988 1148 460 667 484 463 271 707 1017 300 660 1061 349 648 295 1720 460 696 322 466 700 539 604 641 545 604 306 615 224 566 661 372
684 1344 1075 1443 1362 1120 561 390 515 771 432 0 657 1349 887 900 808 1379 655 1014 421 569 1048 1007 158 671 959 1226 1303 424 494 1208 1630 614 592 1217 1396 1556 616 1075 892 735 680 1115 1426 709 1069 1470 621 1057 163 2129 869 1104 594 875 589 948 646 1050 817 493 154 1024 529 455 1070 413
202 1229 960 1327 1247 1004 791 684 745 289 385 657 0 1234 772 784 326 1264 540 898 394 478 933 891 553 938 843 1110 1188 393 788 1093 1514 125 860 1102 1281 1441 753 960 777 253 565 1000 1311 593 953 1354 117 941 559 2014 754 989 255 759 819 833 913 935 336 723 550 909 518 685 955 707
1261 478 638 379 496 498 1522 1086 1475 1348 941 1349 1234 0 488 475 1385 513 784 511 950 879 611 367 1217 1182 565 422 314 949 1151 438 596 1191 1104 157 333 479 997 544 482 1312 809 504 363 837 632 406 1198 319 1212 1771 505 268 1171 500 1550 428 1157 320 1394 1454 1224 501 919 1415 305 1109
799 598 255 687 616 373 1059 623 1013 885 479 887 772 488 0 79 923 633 322 193 488 417 228 145 755 720 138 405 557 487 689 388 883 729 642 356 641 801 535 341 71 850 347 369 670 375 248 714 735 195 749 1533 48 243 708 54 1087 127 695 188 932 991 761 203 457 953 208 647
811 610 267 675 628 386 1072 636 1025 898 491 900 784 475 79 0 935 645 334 205 500 430 240 132 767 733 150 417 569 499 701 400 896 741 654 343 628 788 548 354 84 863 359 381 658 387 261 702 748 182 762 1545 61 230 721 66 1100 140 708 176 945 1004 774 216 470 965 196 659
206 1380 1111 1478 1398 1155 942 835 896 85 536 808 326 1385 923 935 0 1415 691 1049 545 629 1084 1042 705 1089 994 1261 1339 544 940 1244 1665 283 1011 1253 1432 1592 904 1111 928 195 716 1151 1462 744 1105 1505 290 1092 710 2165 905 1140 406 910 970 984 1064 1086 132 874 701 1060 669 836 1106 858
1291 206 468 361 224 283 1551 1116 1505 1377 971 1379 1264 513 633 645 1415 0 814 532 980 909 441 633 1247 1212 518 331 222 979 1181 314 325 1221 1134 490 315 444 1027 329 638 1342 839 289 345 867 462 388 1228 585 1242 1556 615 535 1201 620 1579 694 1187 587 1424 1483 1253 535 949 1445 572 1139
567 779 510 877 797 554 827 392 781 653 247 655 540 784 322 334 691 814 0 448 256 185 483 441 523 430 393 660 738 255 398 643 1064 497 351 652 831 991 245 510 327 618 69 550 861 97 503 904 504 491 518 1563 304 539 477 309 855 383 405 485 700 759 529 459 225 721 505 415
926 497 153 595 514 272 1186 750 1139 1012 605 1014 898 511 193 205 1049 532 448 0 614 544 126 313 881 847 78 238 455 613 815 254 782 856 768 379 549 709 662 240 198 977 473 268 578 502 147 622 862 362 876 1467 175 317 835 180 1214 254 822 356 1059 1118 888 102 584 1079 354 773
421 945 676 1043 963 720 682 338 635 508 48 421 394 950 488 500 545 980 256 614 0 194 649 608 289 618 559 827 904 40 442 809 1230 351 540 818 997 1157 469 676 493 473 281 716 1027 309 670 1070 358 657 284 1730 470 705 331 475 710 549 593 651 555 614 296 625 234 575 671 361
505 874 605 973 892 650 765 231 719 591 184 569 478 879 417 430 629 909 185 544 194 0 578 537 437 512 489 756 833 193 336 738 1160 435 433 747 926 1086 399 605 422 556 210 645 956 239 599 1000 441 587 432 1659 399 634 414 405 793 478 487 580 638 697 443 554 109 659 600 254
960 406 48 505 424 182 1221 785 1174 1047 640 1048 933 611 228 240 1084 441 483 126 649 578 0 347 916 882 113 214 365 648 850 196 692 890 803 479 458 618 696 150 233 1011 508 177 488 536 54 532 897 397 911 1377 210 417 870 215 1249 289 857 391 1094 1153 923 137 618 1114 411 808
919 598 374 566 616 493 1179 743 1133 1005 598 1007 891 367 145 132 1042 633 441 313 608 537 347 0 874 840 258 326 501 606 809 343 796 849 761 235 520 680 655 461 140 970 466 488 549 495 368 593 855 93 869 1652 162 141 828 157 1207 85 815 86 1052 1111 881 323 577 1072 106 766
581 1212 943 1310 1230 987 458 258 411 667 300 158 553 1217 755 767 705 1247 523 881 289 437 916 874 0 538 826 1093 1171 292 362 1076 1497 511 460 1085 1264 1424 484 943 760 632 548 983 1294 576 937 1337 517 924 58 1997 737 972 490 742 486 816 513 918 714 390 51 892 397 351 938 281
966 1177 908 1276 1195 953 971 305 924 1052 629 671 938 1182 720 733 1089 1212 430 847 618 512 882 840 538 0 792 1059 1136 621 232 1042 1463 896 101 1051 1229 1389 208 909 725 1017 403 948 1259 375 902 1303 902 890 533 1962 702 938 875 708 999 781 54 883 1099 903 545 857 472 864 903 282
870 483 140 581 501 258 1131 695 1084 957 550 959 843 565 138 150 994 518 393 78 559 489 113 258 826 792 0 290 442 558 760 273 768 800 713 433 535 695 607 226 143 922 418 254 565 446 133 608 807 307 821 1454 120 355 780 125 1159 199 767 301 1004 1063 833 88 529 1024 321 718
1138 296 240 394 314 205 1398 962 1351 1224 817 1226 1110 422 405 417 1261 331 660 238 827 756 214 326 1093 1059 290 0 255 825 1028 42 581 1068 980 290 348 508 874 250 410 1189 685 210 378 714 234 421 1074 279 1088 1477 387 228 1047 392 1426 387 1034 280 1271 1330 1100 228 796 1291 265 985
1215 187 392 162 204 207 1475 1039 1429 1301 894 1303 1188 314 557 569 1339 222 738 455 904 833 365 501 1171 1136 442 255 0 903 1105 237 393 1145 1058 291 116 276 951 252 562 1266 762 213 146 791 386 189 1151 453 1165 1479 538 402 1124 544 1503 562 1111 455 1348 1407 1177 459 873 1369 440 1062
420 944 675 1042 962 719 681 340 634 507 51 424 393 949 487 499 544 979 255 613 40 193 648 606 292 621 558 825 903 0 445 808 1229 350 543 817 996 1156 468 675 492 471 280 715 1026 308 668 1069 357 656 286 1729 469 704 330 474 709 548 596 650 554 613 298 624 233 574 670 363
816 1146 877 1244 1164 921 794 129 748 902 453 494 788 1151 689 701 940 1181 398 815 442 336 850 809 362 232 760 1028 1105 445 0 1010 1431 746 153 1019 1198 1358 177 877 694 867 372 917 1228 343 871 1271 752 858 357 1931 671 906 725 676 823 750 207 852 949 727 369 826 295 688 872 106
1120 279 223 377 296 187 1381 945 1334 1207 800 1208 1093 438 388 400 1244 314 643 254 809 738 196 343 1076 1042 273 42 237 808 1010 0 564 1050 963 306 331 491 856 233 393 1171 668 193 360 696 217 404 1057 295 1071 1460 370 244 1030 375 1409 404 1017 297 1254 1313 1083 245 778 1274 282 968
1541 456 718 367 474 533 1802 1366 1755 1628 1221 1630 1514 596 883 896 1665 325 1064 782 1230 1160 692 796 1497 1463 768 581 393 1229 1431 564 0 1471 1384 587 303 141 1277 579 888 1592 1089 539 270 1117 712 227 1478 749 1492 1806 865 698 1451 870 1830 858 1438 750 1675 1734 1504 785 1199 1695 735 1389
160 1186 917 1285 1204 961 749 641 702 246 342 614 125 1191 729 741 283 1221 497 856 351 435 890 849 511 896 800 1068 1145 350 746 1050 1471 0 817 1059 1238 1398 711 917 734 211 522 957 1268 550 911 1312 96 898 516 1971 711 946 212 716 777 790 871 892 293 681 507 866 475 642 912 664
887 1099 830 1197 1116 874 892 227 846 973 551 592 860 1104 642 654 1011 1134 351 768 540 433 803 761 460 101 713 980 1058 543 153 963 1384 817 0 972 1151 1311 130 830 647 938 325 870 1181 296 823 1224 824 811 454 1883 624 859 797 629 920 703 76 805 1020 824 466 779 393 786 825 204
1129 455 506 356 473 470 1390 954 1343 1216 809 1217 1102 157 356 343 1253 490 652 379 818 747 479 235 1085 1051 433 290 291 817 1019 306 587 1059 972 0 310 470 865 516 350 1180 677 476 340 705 500 383 1066 187 1080 1743 373 136 1039 368 1418 296 1026 188 1263 1322 1092 369 787 1283 174 977
1308 280 485 90 298 300 1568 1133 1522 1394 988 1396 1281 333 641 628 1432 315 831 549 997 926 458 520 1264 1229 535 348 116 996 1198 331 303 1238 1151 310 0 187 1044 346 635 1359 856 306 56 884 479 100 1245 472 1259 1573 632 421 1218 637 1596 581 1204 473 1441 1500 1271 552 966 1462 459 1156
1468 440 645 250 458 460 1728 1293 1682 1554 1148 1556 1441 479 801 788 1592 444 991 709 1157 1086 618 680 1424 1389 695 508 276 1156 1358 491 141 1398 1311 470 187 0 1204 506 795 1519 1016 466 153 1044 639 110 1405 632 1419 1733 792 581 1378 797 1756 741 1364 634 1601 1660 1431 712 1126 1622 619 1316
781 992 723 1091 1010 768 916 251 870 867 460 616 753 997 535 548 904 1027 245 662 469 399 696 655 484 208 607 874 951 468 177 856 1277 711 130 865 1044 1204 0 723 540 832 218 763 1074 189 717 1118 717 705 478 1777 517 752 690 523 944 596 183 698 914 848 490 672 417 810 718 228
987 294 177 392 311 69 1248 812 1201 1074 667 1075 960 544 341 354 1111 329 510 240 676 605 150 461 943 909 226 250 252 675 877 233 579 917 830 516 346 506 723 0 346 1038 535 65 375 563 170 419 924 504 938 1252 323 454 897 329 1276 402 884 504 1121 1180 950 250 645 1141 491 835
804 603 260 682 621 378 1064 629 1018 890 484 892 777 482 71 84 928 638 327 198 493 422 233 140 760 725 143 410 562 492 694 393 888 734 647 350 635 795 540 346 0 855 352 374 665 380 253 709 741 189 754 1538 53 237 714 59 1092 132 700 183 937 996 766 208 462 958 203 652
133 1307 1038 1406 1325 1082 870 762 823 157 463 735 253 1312 850 863 195 1342 618 977 473 556 1011 970 632 1017 922 1189 1266 471 867 1171 1592 211 938 1180 1359 1519 832 1038 855 0 643 1078 1389 672 1032 1433 217 1020 637 2092 832 1067 333 838 898 911 992 1013 204 802 628 987 596 763 1033 785
592 804 535 902 821 579 852 416 806 678 271 680 565 809 347 359 716 839 69 473 281 210 508 466 548 403 418 685 762 280 372 668 1089 522 325 677 856 1016 218 535 352 643 0 575 885 74 528 929 528 516 542 1588 328 564 501 334 880 407 378 509 725 784 554 483 250 746 529 422
1027 254 204 352 272 96 1287 852 1241 1113 707 1115 1000 504 369 381 1151 289 550 268 716 645 177 488 983 948 254 210 213 715 917 193 539 957 870 476 306 466 763 65 374 1078 575 0 336 603 198 379 964 465 978 1292 351 414 937 356 1315 430 923 466 1160 1219 990 278 685 1181 451 875
1338 310 515 120 327 330 1598 1162 1552 1424 1017 1426 1311 363 670 658 1462 345 861 578 1027 956 488 549 1294 1259 565 378 146 1026 1228 360 270 1268 1181 340 56 153 1074 375 665 1389 885 336 0 914 509 67 1274 502 1288 1602 661 451 1247 667 1626 611 1234 503 1471 1530 1300 582 996 1492 488 1185
620 832 563 931 850 607 881 417 834 707 300 709 593 837 375 387 744 867 97 502 309 239 536 495 576 375 446 714 791 308 343 696 1117 550 296 705 884 1044 189 563 380 672 74 603 914 0 557 958 557 544 571 1617 357 592 530 362 909 436 350 538 754 813 583 512 279 774 558 394
981 427 30 525 445 202 1241 805 1195 1067 660 1069 953 632 248 261 1105 462 503 147 670 599 54 368 937 902 133 234 386 668 871 217 712 911 823 500 479 639 717 170 253 1032 528 198 509 557 0 552 917 418 931 1397 230 438 890 236 1269 309 877 411 1114 1173 943 157 639 1135 431 828
1382 353 559 164 371 373 1642 1206 1595 1468 1061 1470 1354 406 714 702 1505 388 904 622 1070 1000 532 593 1337 1303 608 421 189 1069 1271 404 227 1312 1224 383 100 110 1118 419 709 1433 929 379 67 958 552 0 1318 545 1332 1646 705 495 1291 711 1670 654 1278 547 1515 1574 1344 625 1040 1535 532 1229
166 1193 924 1291 1210 968 755 648 709 252 349 621 117 1198 735 748 290 1228 504 862 358 441 897 855 517 902 807 1074 1151 357 752 1057 1478 96 824 1066 1245 1405 717 924 741 217 528 964 1274 557 917 1318 0 905 523 1977 717 953 219 723 783 796 877 898 299 687 514 872 481 649 918 671
968 550 424 518 568 459 1229 793 1182 1055 648 1057 941 319 195 182 1092 585 491 362 657 587 397 93 924 890 307 279 453 656 858 295 749 898 811 187 472 632 705 504 189 1020 516 465 502 544 418 545 905 0 919 1702 212 125 878 207 1257 135 865 136 1102 1161 931 357 627 1122 156 816
586 1207 938 1305 1224 982 463 252 417 672 295 163 559 1212 749 762 710 1242 518 876 284 432 911 869 58 533 821 1088 1165 286 357 1071 1492 516 454 1080 1259 1419 478 938 754 637 542 978 1288 571 931 1332 523 919 0 1991 731 967 496 737 491 810 508 912 719 395 56 886 391 356 932 275
2102 1582 1465 1680 1600 1357 2362 1926 2316 2188 1782 2190 2075 1832 1594 1606 2226 1617 1625 1528 1791 1720 1438 1714 2058 2023 1515 1538 1541 1790 1992 1521 1867 2032 1945 1804 1634 1794 1838 1313 1599 2153 1649 1353 1664 1678 1459 1707 2038 1763 2052 0 1576 1742 2011 1581 2390 1655 1998 1757 2235 2294 2064 1539 1760 2256 1777 1950
781 580 236 678 597 355 1041 605 995 867 460 869 754 505 48 61 905 615 304 175 470 399 210 162 737 702 120 387 538 469 671 370 865 711 624 373 632 792 517 323 53 832 328 351 661 357 230 705 717 212 731 1515 0 260 690 36 1069 109 677 206 914 973 743 185 439 935 226 628
1016 500 444 468 517 408 1277 841 1230 1103 696 1104 989 268 243 230 1140 535 539 317 705 634 417 141 972 938 355 228 402 704 906 244 698 946 859 136 421 581 752 454 237 1067 564 414 451 592 438 495 953 125 967 1681 260 0 926 255 1305 183 913 126 1150 1209 979 307 674 1170 112 864
282 1166 897 1264 1183 941 728 621 682 369 322 594 255 1171 708 721 406 1201 477 835 331 414 870 828 490 875 780 1047 1124 330 725 1030 1451 212 797 1039 1218 1378 690 897 714 333 501 937 1247 530 890 1291 219 878 496 1950 690 926 0 696 756 769 850 871 415 660 487 845 454 622 891 644
786 585 242 684 603 361 1047 611 1000 873 466 875 759 500 54 66 910 620 309 180 475 405 215 157 742 708 125 392 544 474 676 375 870 716 629 368 637 797 523 329 59 838 334 356 667 362 236 711 723 207 737 1520 36 255 696 0 1075 115 683 200 920 979 749 191 444 940 220 634
1011 1709 1440 1807 1726 1484 104 882 114 1097 865 753 984 1714 1252 1264 1135 1744 1020 1378 874 958 1413 1371 650 1163 1323 1590 1668 873 987 1573 1994 941 1085 1582 1761 1921 1108 1440 1257 1062 1045 1480 1791 1073 1433 1834 947 1421 655 2493 1234 1469 920 1239 0 1313 1138 1415 1144 172 646 1389 997 152 1435 905
860 659 315 627 677 434 1120 684 1074 946 539 948 833 428 127 140 984 694 383 254 549 478 289 85 816 781 199 387 562 548 750 404 858 790 703 296 581 741 596 402 132 911 407 430 611 436 309 654 796 135 810 1594 109 183 769 115 1148 0 756 128 993 1052 822 264 518 1014 148 707
941 1152 883 1251 1170 928 946 280 899 1027 604 646 913 1157 695 708 1064 1187 405 822 593 487 857 815 513 54 767 1034 1111 596 207 1017 1438 871 76 1026 1204 1364 183 884 700 992 378 923 1234 350 877 1278 877 865 508 1937 677 913 850 683 974 756 0 858 1074 878 520 832 447 839 878 257
962 552 417 520 570 460 1222 786 1176 1048 641 1050 935 320 188 176 1086 587 485 356 651 580 391 86 918 883 301 280 455 650 852 297 750 892 805 188 473 634 698 504 183 1013 509 466 503 538 411 547 898 136 912 1696 206 126 871 200 1250 128 858 0 1095 1154 924 359 620 1116 150 809
215 1389 1120 1488 1407 1165 952 844 905 95 545 817 336 1394 932 945 132 1424 700 1059 555 638 1094 1052 714 1099 1004 1271 1348 554 949 1254 1675 293 1020 1263 1441 1601 914 1121 937 204 725 1160 1471 754 1114 1515 299 1102 719 2174 914 1150 415 920 980 993 1074 1095 0 884 710 1069 678 845 1115 867
915 1613 1344 1711 1630 1388 150 786 104 1001 769 657 888 1618 1156 1168 1039 1648 924 1282 778 862 1317 1275 554 1067 1227 1494 1571 777 891 1477 1898 845 988 1486 1665 1825 1012 1344 1161 966 949 1384 1694 977 1337 1738 851 1325 559 2397 1137 1373 824 1143 172 1217 1042 1318 1048 0 550 1293 901 56 1339 809
577 1219 950 1317 1236 994 454 264 408 663 306 154 550 1224 761 774 701 1253 529 888 296 443 923 881 51 545 833 1100 1177 298 369 1083 1504 507 466 1092 1271 1431 490 950 766 628 554 990 1300 583 943 1344 514 931 56 2003 743 979 487 749 482 822 520 924 710 386 0 898 403 348 944 287
936 500 164 598 518 282 1196 760 1150 1022 615 1024 909 501 203 216 1060 535 459 102 625 554 137 323 892 857 88 228 459 624 826 245 785 866 779 369 552 712 672 250 208 987 483 278 582 512 157 625 872 357 886 1478 185 307 845 191 1224 264 832 359 1069 1128 898 0 594 1090 344 783
545 914 645 1013 932 689 805 191 759 631 224 529 518 919 457 470 669 949 225 584 234 109 618 577 397 472 529 796 873 233 295 778 1199 475 393 787 966 1126 417 645 462 596 250 685 996 279 639 1040 481 627 391 1699 439 674 454 444 833 518 447 620 678 737 403 594 0 699 640 214
876 1574 1305 1673 1592 1350 124 748 78 963 730 619 849 1579 1117 1130 1000 1609 885 1244 740 823 1278 1237 515 1029 1189 1456 1533 738 852 1438 1860 806 950 1447 1626 1786 974 1305 1122 928 910 1345 1656 939 1299 1700 813 1287 521 2359 1099 1334 786 1105 152 1178 1004 1280 1010 56 512 1254 863 0 1300 771
982 537 437 505 555 446 1242 806 1196 1068 661 1070 955 305 208 196 1106 572 505 354 671 600 411 106 938 903 321 265 440 670 872 282 735 912 825 174 459 619 718 491 203 1033 529 451 488 558 431 532 918 156 932 1716 226 112 891 220 1270 148 878 150 1115 1174 944 344 640 1136 0 829
734 1104 835 1202 1121 879 713 75 667 821 372 413 707 1109 647 659 858 1139 415 773 361 254 808 766 281 282 718 985 1062 363 106 968 1389 664 204 977 1156 1316 228 835 652 785 422 875 1185 394 828 1229 671 816 275 1888 628 864 644 634 741 707 257 809 867 645 287 783 214 607 829 0
EOF