NAME : tsp_problem
TYPE : TSP
DIMENSION : 35
EDGE_WEIGHT_TYPE : EXPLICIT
EDGE_WEIGHT_FORMAT : FULL_MATRIX
EDGE_WEIGHT_SECTION
0 636 532 684 624 319 701 664 517 452 562 511 146 732 393 865 838 347 315 373 969 188 599 773 788 660 809 393 300 820 390 268 814 1102 297
636 0 1026 490 705 887 1195 745 441 947 644 280 534 1300 962 275 1338 841 397 868 378 757 1093 406 1357 583 219 475 869 1314 471 836 1308 697 865
532 1026 0 1074 1014 395 264 1054 908 147 953 901 580 514 340 1255 407 233 705 259 1359 572 105 1164 455 1050 1199 783 335 383 780 302 320 1492 332
684 490 1074 0 296 936 1243 336 225 995 333 261 582 1348 1010 719 1386 890 445 916 823 805 1141 193 1405 148 663 506 917 1363 503 884 1356 649 914
624 705 1014 296 0 876 1183 109 348 935 106 529 522 1288 950 934 1326 829 339 856 1038 745 1081 460 1345 272 878 280 857 1302 276 824 1296 916 854
319 887 395 936 876 0 564 915 769 335 814 762 398 665 175 1117 706 371 567 397 1220 407 461 1025 721 911 1060 645 324 683 641 291 677 1353 321
701 1195 264 1243 1183 564 0 1223 1077 316 1122 1070 749 273 510 1424 165 402 875 428 1528 611 331 1333 214 1219 1368 953 504 142 949 472 326 1661 501
664 745 1054 336 109 915 1223 0 388 975 146 569 562 1328 990 974 1366 869 379 896 1078 785 1121 500 1385 312 918 320 897 1342 316 864 1336 956 893
517 441 908 225 348 769 1077 388 0 828 385 316 415 1182 843 670 1219 723 278 749 774 638 974 388 1238 200 614 356 750 1196 353 718 1190 845 747
452 947 147 995 935 335 316 975 828 0 873 821 500 566 281 1176 458 153 626 179 1279 512 213 1084 507 971 1120 704 256 435 701 223 429 1413 252
562 644 953 333 106 814 1122 146 385 873 0 518 460 1227 888 873 1264 768 278 794 977 683 1019 497 1283 309 817 218 796 1241 215 763 1235 953 792
511 280 901 261 529 762 1070 569 316 821 518 0 408 1175 836 509 1212 716 271 742 613 631 967 314 1232 380 453 349 744 1189 346 711 1183 746 740
146 534 580 582 522 398 749 562 415 500 460 408 0 811 472 763 891 395 213 421 866 267 646 671 867 557 706 291 380 868 288 347 862 999 376
732 1300 514 1348 1288 665 273 1328 1182 566 1227 1175 811 0 529 1529 133 651 979 678 1633 609 581 1438 83 1324 1473 1057 754 160 1054 721 469 1766 751
393 962 340 1010 950 175 510 990 843 281 888 836 472 529 0 1191 635 367 641 393 1294 271 407 1099 585 986 1135 719 320 629 716 287 623 1428 317
865 275 1255 719 934 1117 1424 974 670 1176 873 509 763 1529 1191 0 1567 1070 626 1097 255 986 1322 635 1586 812 304 704 1098 1543 700 1065 1537 926 1094
838 1338 407 1386 1326 706 165 1366 1219 458 1264 1212 891 133 635 1567 0 544 1017 570 1670 716 473 1475 74 1362 1511 1095 647 52 1092 614 362 1804 643
347 841 233 890 829 371 402 869 723 153 768 716 395 651 367 1070 544 0 521 74 1174 468 299 979 593 865 1014 599 151 521 595 118 515 1307 147
315 397 705 445 339 567 875 379 278 626 278 271 213 979 641 626 1017 521 0 547 729 436 772 534 1036 421 570 108 548 994 105 515 988 863 545
373 868 259 916 856 397 428 896 749 179 794 742 421 678 393 1097 570 74 547 0 1200 494 325 1005 619 892 1041 625 177 547 622 144 541 1334 173
969 378 1359 823 1038 1220 1528 1078 774 1279 977 613 866 1633 1294 255 1670 1174 729 1200 0 1090 1425 739 1690 916 408 807 1202 1647 804 1169 1641 1030 1198
188 757 572 805 745 407 611 785 638 512 683 631 267 609 271 986 716 468 436 494 1090 0 638 894 666 781 930 514 421 730 511 389 854 1223 418
599 1093 105 1141 1081 461 331 1121 974 213 1019 967 646 581 407 1322 473 299 772 325 1425 638 0 1230 522 1117 1266 850 402 450 847 369 387 1559 398
773 406 1164 193 460 1025 1333 500 388 1084 497 314 671 1438 1099 635 1475 979 534 1005 739 894 1230 0 1494 312 579 612 1006 1452 609 974 1446 489 1003
788 1357 455 1405 1345 721 214 1385 1238 507 1283 1232 867 83 585 1586 74 593 1036 619 1690 666 522 1494 0 1381 1530 1114 695 101 1111 662 410 1823 692
660 583 1050 148 272 911 1219 312 200 971 309 380 557 1324 986 812 1362 865 421 892 916 781 1117 312 1381 0 756 482 893 1338 479 860 1332 768 889
809 219 1199 663 878 1060 1368 918 614 1120 817 453 706 1473 1135 304 1511 1014 570 1041 408 930 1266 579 1530 756 0 647 1042 1487 644 1009 1481 870 1038
393 475 783 506 280 645 953 320 356 704 218 349 291 1057 719 704 1095 599 108 625 807 514 850 612 1114 482 647 0 626 1072 46 593 1066 940 623
300 869 335 917 857 324 504 897 750 256 796 744 380 754 320 1098 647 151 548 177 1202 421 402 1006 695 893 1042 626 0 624 623 71 617 1335 100
820 1314 383 1363 1302 683 142 1342 1196 435 1241 1189 868 160 629 1543 52 521 994 547 1647 730 450 1452 101 1338 1487 1072 624 0 1068 591 338 1780 620
390 471 780 503 276 641 949 316 353 701 215 346 288 1054 716 700 1092 595 105 622 804 511 847 609 1111 479 644 46 623 1068 0 590 1062 937 619
268 836 302 884 824 291 472 864 718 223 763 711 347 721 287 1065 614 118 515 144 1169 389 369 974 662 860 1009 593 71 591 590 0 585 1302 68
814 1308 320 1356 1296 677 326 1336 1190 429 1235 1183 862 469 623 1537 362 515 988 541 1641 854 387 1446 410 1332 1481 1066 617 338 1062 585 0 1774 614
1266 861 1656 813 1080 1518 1825 1120 1009 1577 1117 910 1164 1930 1592 1090 1968 1472 1027 1498 1194 1387 1723 653 1987 932 1034 1105 1499 1945 1101 1466 1938 0 1496
297 865 332 914 854 321 501 893 747 252 792 740 376 751 317 1094 643 147 545 173 1198 418 398 1003 692 889 1038 623 100 620 619 68 614 1331 0
EOF
