NAME : tsp_problem
TYPE : TSP
DIMENSION : 86
EDGE_WEIGHT_TYPE : EXPLICIT
EDGE_WEIGHT_FORMAT : FULL_MATRIX
EDGE_WEIGHT_SECTION
0 978 137 516 950 282 159 395 640 657 336 757 195 830 242 624 1074 1078 344 409 540 388 823 122 942 339 469 989 495 900 656 586 1092 374 999 598 184 976 1178 899 1290 839 1138 851 1006 1034 1208 196 972 433 1169 1346 572 1008 1279 134 387 387 1039 807 241 715 1203 481 787 846 977 338 116 629 922 1292 987 829 950 303 303 801 1201 1059 638 3126 1050 368 1139 167
978 0 867 1170 275 993 1116 759 367 1376 1187 285 808 389 1199 383 780 783 809 594 1392 1239 178 1079 142 936 883 45 1346 321 351 1241 798 779 50 1252 815 245 475 143 714 162 844 371 228 740 633 1153 250 1088 874 1052 1226 714 704 1092 888 1239 336 234 909 292 909 1389 434 155 64 938 956 1404 122 717 693 392 150 1261 850 420 626 765 368 3256 411 1220 845 1124
137 867 0 566 839 282 276 336 530 772 452 647 123 720 359 513 963 967 344 298 657 505 712 238 831 339 468 878 611 789 545 636 982 357 888 648 130 865 1067 788 1179 729 1027 740 895 924 1097 313 861 483 1058 1236 622 898 1169 251 386 504 929 696 241 605 1092 598 676 735 866 337 116 746 811 1182 876 719 839 420 302 690 1090 948 527 3126 939 485 1028 284
516 1170 566 0 1142 308 489 511 833 281 315 950 624 1022 572 816 1266 1270 536 675 399 367 1015 452 1134 333 312 1181 474 1092 848 132 1284 506 1191 134 612 1168 1370 1091 1482 1032 1330 1043 1198 1226 1400 430 1164 159 1361 1539 117 1201 1471 409 380 366 1232 999 438 908 1395 517 979 1038 1169 331 541 309 1114 1485 1179 1022 1142 634 499 993 1393 1251 830 2969 1242 347 1331 375
950 275 839 1142 0 965 1088 731 437 1348 1159 321 780 142 1171 420 558 562 781 566 1364 1211 420 1051 384 908 855 286 1318 102 452 1213 577 751 296 1224 787 54 256 179 496 403 623 124 121 519 414 1125 50 1060 653 831 1198 493 485 1064 860 1210 117 270 881 512 687 1361 187 396 235 910 928 1376 364 498 472 145 392 1233 822 173 407 543 434 3034 192 1192 623 1096
282 993 282 308 965 0 421 260 656 513 325 773 340 846 504 639 1089 1093 257 424 529 377 838 383 957 81 210 1004 483 915 671 378 1108 255 1014 389 328 992 1194 915 1305 855 1153 866 1022 1050 1224 440 987 225 1184 1362 364 1024 1295 396 128 376 1055 823 153 731 1218 527 802 861 992 79 261 542 937 1308 1002 845 965 565 215 816 1217 1074 653 2868 1065 357 1154 385
159 1116 276 489 1088 421 0 534 779 631 309 896 334 969 109 762 1213 1216 483 548 514 362 961 67 1080 478 503 1128 391 1039 795 560 1231 513 1137 571 322 1115 1317 1038 1429 978 1277 989 1145 1173 1347 170 1111 407 1307 1485 546 1147 1418 108 525 361 1178 946 380 854 1342 348 925 985 1116 477 185 602 1060 1431 1126 968 1088 170 441 940 1340 1198 777 3161 1188 342 1277 141
395 759 336 511 731 260 534 0 421 717 528 538 277 611 617 405 855 858 76 190 732 580 604 497 722 203 224 770 687 681 437 582 873 46 779 593 285 757 959 680 1071 620 919 631 787 815 989 571 753 429 949 1127 567 789 1060 509 155 579 820 588 175 496 984 730 567 627 758 205 374 745 702 1073 768 610 730 678 117 582 982 840 419 2860 830 561 919 542
640 367 530 833 437 656 779 421 0 1038 850 245 471 317 862 65 561 565 472 257 1054 902 212 742 330 599 546 378 1008 387 97 903 579 442 388 915 478 463 665 386 777 228 625 338 493 521 695 816 459 750 656 834 889 495 766 754 551 901 526 294 571 104 690 1052 274 235 397 601 619 1067 311 780 474 316 339 923 513 288 688 546 79 2996 537 882 626 787
657 1376 772 281 1348 513 631 717 1038 0 348 1155 830 1228 578 1022 1472 1476 742 881 140 292 1221 593 1340 538 517 1387 295 1298 1054 352 1490 712 1397 363 818 1374 1576 1297 1688 1237 1536 1249 1404 1432 1606 572 1370 364 1567 1745 337 1406 1677 551 586 417 1437 1205 643 1113 1601 338 1185 1244 1375 537 683 51 1320 1690 1385 1227 1348 659 705 1199 1599 1457 1036 3175 1448 398 1537 516
336 1187 452 315 1159 325 309 528 850 348 0 967 511 1040 392 833 1283 1287 553 693 231 79 1032 272 1151 350 329 1198 185 1109 865 386 1302 523 1208 397 499 1185 1387 1108 1499 1049 1347 1060 1215 1244 1418 250 1181 233 1378 1556 371 1218 1489 229 397 95 1249 1016 455 925 1412 229 996 1055 1186 348 362 320 1131 1502 1196 1039 1159 454 516 1010 1410 1268 847 2986 1259 76 1348 195
757 285 647 950 321 773 896 538 245 1155 967 0 588 277 979 228 520 524 588 374 1171 1019 427 859 394 716 663 296 1125 346 260 1020 539 558 306 1031 595 291 521 167 736 414 584 297 274 481 655 933 296 867 615 793 1006 455 726 871 668 1018 382 75 688 319 649 1169 233 406 245 718 736 1184 374 739 433 276 402 1040 630 247 648 505 242 2996 457 999 585 904
195 808 123 624 780 340 334 277 471 830 511 588 0 661 417 454 904 908 328 239 715 563 653 297 772 397 476 819 670 730 486 695 923 298 829 706 71 807 1008 729 1120 670 968 681 836 865 1039 371 802 542 999 1177 680 839 1110 309 407 562 870 637 299 546 1033 656 617 676 807 396 174 804 752 1123 817 660 780 478 361 631 1032 889 468 3077 880 543 969 342
830 389 720 1022 142 846 969 611 317 1228 1040 277 661 0 1052 301 439 443 661 447 1244 1092 500 931 498 788 736 400 1198 92 333 1093 457 631 410 1104 668 168 370 293 610 516 503 69 235 399 528 1006 164 940 534 712 1079 373 599 944 741 1091 232 326 761 392 568 1241 67 510 349 791 809 1257 478 612 352 90 506 1113 703 62 521 424 315 2915 306 1072 504 977
242 1199 359 572 1171 504 109 617 862 578 392 979 417 1052 0 845 1295 1299 566 631 461 412 1044 150 1163 561 586 1210 307 1122 878 643 1314 596 1220 654 405 1198 1400 1121 1512 1061 1360 1072 1228 1256 1430 252 1193 490 1390 1568 629 1230 1501 191 608 444 1261 1029 463 937 1424 264 1008 1068 1199 559 268 549 1143 1514 1209 1051 1171 106 524 1022 1423 1280 859 3244 1271 425 1360 223
624 383 513 816 420 639 762 405 65 1022 833 228 454 301 845 0 544 548 455 240 1038 885 228 725 347 582 529 394 992 370 81 887 563 425 404 898 461 447 649 370 760 245 608 321 477 505 679 799 442 734 639 817 872 479 750 738 534 884 510 278 555 121 673 1035 257 251 413 584 602 1050 327 763 457 300 355 907 496 271 672 529 63 2979 520 866 609 770
1074 780 963 1266 558 1089 1213 855 561 1472 1283 520 904 439 1295 544 0 72 905 690 1488 1335 743 1175 862 1032 979 791 1442 509 576 1337 198 875 801 1348 911 585 650 662 724 760 244 459 652 140 643 1249 581 1184 123 452 1322 257 714 1188 985 1335 579 570 1005 636 309 1485 395 766 740 1034 1052 1500 842 727 236 438 870 1357 947 410 636 91 558 2656 484 1316 94 1220
1078 783 967 1270 562 1093 1216 858 565 1476 1287 524 908 443 1299 548 72 0 909 694 1491 1339 747 1179 866 1036 983 794 1446 512 580 1340 202 879 804 1352 915 589 654 666 728 764 247 463 655 144 646 1253 584 1187 122 456 1326 261 717 1192 988 1338 582 574 1008 640 312 1489 399 770 743 1038 1056 1504 846 731 240 442 874 1360 950 413 639 89 562 2659 488 1319 92 1224
344 809 344 536 781 257 483 76 472 742 553 588 328 661 566 455 905 909 0 240 758 605 654 445 773 228 249 820 712 731 487 607 923 71 830 618 335 807 1009 730 1121 671 969 682 837 865 1039 520 803 454 1000 1178 592 839 1110 458 180 604 870 638 124 546 1034 755 618 677 808 230 323 770 753 1124 818 660 781 627 142 632 1032 890 469 2885 881 586 970 491
409 594 298 675 566 424 548 190 257 881 693 374 239 447 631 240 690 694 240 0 897 745 439 510 558 367 389 605 851 517 272 746 709 210 615 757 247 593 795 516 907 456 755 467 623 651 825 585 588 593 785 963 732 625 896 523 320 744 656 424 340 332 819 870 403 462 593 369 388 910 538 909 604 446 566 692 282 417 818 675 254 2863 666 725 755 556
540 1392 657 399 1364 529 514 732 1054 140 231 1171 715 1244 461 1038 1488 1491 758 897 0 175 1237 476 1355 554 533 1403 178 1314 1070 470 1506 728 1412 481 704 1390 1592 1313 1704 1253 1552 1264 1420 1448 1622 455 1386 437 1582 1760 455 1422 1693 434 602 300 1453 1221 659 1129 1617 221 1200 1260 1391 553 566 112 1335 1706 1401 1243 1363 542 721 1215 1615 1473 1052 3191 1463 281 1552 399
388 1239 505 367 1211 377 362 580 902 292 79 1019 563 1092 412 885 1335 1339 605 745 175 0 1084 324 1203 402 381 1250 130 1162 917 438 1354 575 1260 449 551 1238 1440 1161 1552 1101 1400 1112 1268 1296 1470 302 1233 285 1430 1608 424 1270 1541 281 449 148 1301 1069 507 977 1464 173 1048 1107 1238 401 414 264 1183 1554 1249 1091 1211 494 569 1062 1463 1320 899 3039 1311 129 1400 247
823 178 712 1015 420 838 961 604 212 1221 1032 427 653 500 1044 228 743 747 654 439 1237 1084 0 924 142 781 728 189 1191 466 196 1086 762 624 199 1097 660 390 619 287 859 64 807 516 373 704 777 998 395 933 838 1016 1071 678 848 937 733 1084 481 379 754 137 872 1234 456 56 209 783 801 1249 122 862 656 499 150 1106 695 470 770 728 213 3178 556 1065 808 969
122 1079 238 452 1051 383 67 497 742 593 272 859 297 931 150 725 1175 1179 445 510 476 324 924 0 1043 440 466 1090 431 1001 757 522 1193 475 1100 534 285 1077 1279 1000 1391 941 1239 952 1107 1135 1309 132 1073 369 1270 1448 508 1110 1380 70 488 323 1141 908 342 817 1304 389 888 947 1078 439 147 565 1023 1394 1088 930 1051 211 404 902 1302 1160 739 3123 1151 304 1240 103
942 142 831 1134 384 957 1080 722 330 1340 1151 394 772 498 1163 347 862 866 773 558 1355 1203 142 1043 0 900 847 153 1310 430 314 1204 880 743 163 1216 779 354 583 251 823 126 926 480 337 822 741 1117 359 1051 957 1135 1190 797 812 1056 852 1202 445 342 872 256 991 1353 543 119 172 902 920 1368 81 825 775 501 55 1224 814 529 734 847 332 3297 519 1183 927 1088
339 936 339 333 908 81 478 203 599 538 350 716 397 788 561 582 1032 1036 228 367 554 402 781 440 900 0 175 947 508 858 614 403 1050 198 957 415 385 934 1136 857 1248 798 1096 809 964 992 1166 465 930 250 1127 1305 389 967 1237 444 105 401 998 765 211 674 1161 552 745 804 935 78 318 567 880 1251 945 788 908 622 269 759 1159 1017 596 2810 1008 382 1097 410
469 883 468 312 855 210 503 224 546 517 329 663 476 736 586 529 979 983 249 389 533 381 728 466 847 175 0 894 487 806 561 382 998 219 904 393 484 882 1084 805 1196 745 1044 756 912 940 1114 444 877 229 1074 1252 368 914 1185 423 127 380 945 713 340 621 1108 531 692 751 882 177 447 546 827 1198 893 735 855 647 291 706 1107 964 543 2683 955 361 1044 389
989 45 878 1181 286 1004 1128 770 378 1387 1198 296 819 400 1210 394 791 794 820 605 1403 1250 189 1090 153 947 894 0 1357 332 362 1252 809 790 39 1263 826 256 486 154 725 173 855 382 239 751 644 1164 261 1099 885 1063 1237 725 715 1103 900 1250 347 245 920 304 920 1400 445 166 75 949 967 1415 133 728 704 403 161 1272 862 431 637 776 379 3267 422 1231 856 1135
495 1346 611 474 1318 483 391 687 1008 295 185 1125 670 1198 307 992 1442 1446 712 851 178 130 1191 431 1310 508 487 1357 0 1268 1024 544 1460 682 1367 556 658 1344 1546 1267 1658 1207 1506 1219 1374 1402 1576 409 1340 391 1537 1714 530 1376 1647 388 556 254 1407 1175 613 1083 1571 67 1155 1214 1345 507 520 266 1290 1660 1355 1197 1318 388 675 1169 1569 1427 1006 3145 1418 235 1507 354
900 321 789 1092 102 915 1039 681 387 1298 1109 346 730 92 1122 370 509 512 731 517 1314 1162 466 1001 430 858 806 332 1268 0 403 1163 527 701 342 1174 738 100 302 225 542 450 573 74 167 469 460 1076 96 1010 603 781 1149 443 531 1014 811 1161 163 316 831 462 638 1311 137 442 281 860 879 1326 410 544 422 95 438 1183 773 123 453 494 384 2985 238 1142 574 1047
656 351 545 848 452 671 795 437 97 1054 865 260 486 333 878 81 576 580 487 272 1070 917 196 757 314 614 561 362 1024 403 0 919 595 457 371 930 494 479 681 402 793 212 641 353 509 537 711 832 474 766 671 849 904 511 782 770 567 917 542 310 587 88 705 1067 289 219 381 616 635 1082 295 795 490 332 322 939 529 303 704 561 95 3011 552 898 641 803
586 1241 636 132 1213 378 560 582 903 352 386 1020 695 1093 643 887 1337 1340 607 746 470 438 1086 522 1204 403 382 1252 544 1163 919 0 1355 577 1262 63 683 1239 1441 1162 1553 1102 1401 1113 1269 1297 1471 501 1235 229 1431 1609 88 1271 1542 480 451 437 1302 1070 508 978 1466 588 1050 1109 1240 402 612 380 1185 1555 1250 1092 1212 704 570 1064 1464 1322 901 3040 1312 418 1402 445
1092 798 982 1284 577 1108 1231 873 579 1490 1302 539 923 457 1314 563 198 202 923 709 1506 1354 762 1193 880 1050 998 809 1460 527 595 1355 0 893 819 1366 930 603 669 680 743 778 86 478 670 158 661 1268 599 1202 293 323 1341 276 732 1206 1003 1353 597 588 1023 654 179 1503 414 785 758 1053 1071 1519 861 745 254 456 889 1375 965 428 654 183 577 2526 502 1334 263 1239
374 779 357 506 751 255 513 46 442 712 523 558 298 631 596 425 875 879 71 210 728 575 624 475 743 198 219 790 682 701 457 577 893 0 800 588 305 777 979 700 1091 641 939 652 807 835 1009 550 773 424 970 1148 562 809 1080 488 150 575 840 608 154 516 1004 725 588 647 778 200 353 740 723 1094 788 630 751 657 112 602 1002 860 439 2855 851 556 940 521
999 50 888 1191 296 1014 1137 779 388 1397 1208 306 829 410 1220 404 801 804 830 615 1412 1260 199 1100 163 957 904 39 1367 342 371 1262 819 800 0 1273 836 266 495 164 735 183 865 392 249 761 653 1174 271 1108 895 1073 1247 735 724 1113 909 1259 357 255 930 313 930 1410 455 176 85 959 977 1425 143 738 714 413 171 1282 871 441 646 786 389 3277 432 1240 865 1145
598 1252 648 134 1224 389 571 593 915 363 397 1031 706 1104 654 898 1348 1352 618 757 481 449 1097 534 1216 415 393 1263 556 1174 930 63 1366 588 1273 0 694 1250 1452 1173 1564 1114 1412 1125 1280 1308 1482 512 1246 240 1443 1621 81 1282 1553 491 462 448 1313 1081 520 989 1477 599 1061 1120 1251 413 623 391 1196 1567 1261 1103 1224 715 581 1075 1475 1333 912 3051 1324 429 1413 457
184 815 130 612 787 328 322 285 478 818 499 595 71 668 405 461 911 915 335 247 704 551 660 285 779 385 484 826 658 738 494 683 930 305 836 694 0 814 1016 737 1128 677 976 688 844 872 1046 359 809 530 1006 1184 669 846 1117 298 414 551 877 645 287 553 1040 644 624 683 815 384 162 792 759 1130 825 667 787 466 349 638 1039 896 475 3084 887 532 976 330
976 245 865 1168 54 992 1115 757 463 1374 1185 291 807 168 1198 447 585 589 807 593 1390 1238 390 1077 354 934 882 256 1344 100 479 1239 603 777 266 1250 814 0 254 149 494 374 649 150 91 545 412 1152 48 1086 680 857 1225 519 483 1090 887 1237 115 240 907 504 714 1387 213 367 205 937 955 1403 334 496 498 172 362 1259 849 199 405 570 461 3061 190 1218 650 1123
1178 475 1067 1370 256 1194 1317 959 665 1576 1387 521 1008 370 1400 649 650 654 1009 795 1592 1440 619 1279 583 1136 1084 486 1546 302 681 1441 669 979 495 1452 1016 254 0 378 483 603 714 352 321 611 401 1354 250 1288 745 923 1427 585 472 1292 1089 1439 172 469 1109 734 779 1589 415 596 435 1139 1157 1605 563 485 564 374 591 1461 1051 401 394 635 663 3126 180 1420 715 1325
899 143 788 1091 179 915 1038 680 386 1297 1108 167 729 293 1121 370 662 666 730 516 1313 1161 287 1000 251 857 805 154 1267 225 402 1162 680 700 164 1173 737 149 378 0 618 271 726 275 132 622 536 1075 154 1009 757 935 1148 596 607 1013 810 1160 240 131 830 402 791 1310 338 264 103 860 878 1325 231 620 575 296 259 1182 772 324 529 647 384 3138 315 1141 727 1046
1454 879 1344 1647 660 1470 1593 1235 941 1852 1664 901 1285 774 1676 925 889 892 1285 1071 1868 1716 1023 1555 987 1412 1360 890 1822 706 957 1717 907 1255 899 1728 1292 658 647 782 0 1007 953 756 725 849 100 1630 654 1564 983 1161 1703 823 69 1568 1365 1715 576 873 1385 1016 1018 1865 776 1000 839 1415 1433 1881 967 82 802 778 995 1737 1327 790 122 874 939 3365 481 1696 954 1601
839 162 729 1032 403 855 978 620 228 1237 1049 414 670 516 1061 245 760 764 671 456 1253 1101 64 941 126 798 745 173 1207 450 212 1102 778 641 183 1114 677 374 603 271 843 0 824 500 357 720 761 1015 379 949 855 1033 1088 694 832 953 750 1100 464 362 770 154 889 1251 473 40 192 800 818 1266 106 845 673 515 134 1122 712 487 754 745 230 3195 539 1081 825 986
1138 844 1027 1330 623 1153 1277 919 625 1536 1347 584 968 503 1360 608 244 247 969 755 1552 1400 807 1239 926 1096 1044 855 1506 573 641 1401 86 939 865 1412 976 649 714 726 789 824 0 523 716 204 707 1314 645 1248 338 369 1387 321 778 1252 1049 1399 643 634 1069 700 225 1549 459 831 804 1098 1117 1564 906 791 300 502 934 1421 1011 474 700 229 622 2572 548 1380 309 1285
851 371 740 1043 124 866 989 631 338 1249 1060 297 681 69 1072 321 459 463 682 467 1264 1112 516 952 480 809 756 382 1219 74 353 1113 478 652 392 1125 688 150 352 275 592 500 523 0 217 420 510 1026 146 960 554 732 1099 394 581 965 761 1111 213 347 781 413 588 1262 87 492 331 811 829 1277 460 594 372 72 488 1133 723 83 503 444 335 2935 288 1092 524 997
1006 228 895 1198 121 1022 1145 787 493 1404 1215 274 836 235 1228 477 652 655 837 623 1420 1268 373 1107 337 964 912 239 1374 167 509 1269 670 807 249 1280 844 91 321 132 560 357 716 217 0 612 479 1182 96 1116 746 924 1255 586 550 1120 917 1267 182 223 937 487 781 1417 280 350 188 967 985 1433 317 563 565 238 345 1289 879 266 472 637 491 3128 257 1248 716 1153
1034 740 924 1226 519 1050 1173 815 521 1432 1244 481 865 399 1256 505 140 144 865 651 1448 1296 704 1135 822 992 940 751 1402 469 537 1297 158 835 761 1308 872 545 611 622 685 720 204 420 612 0 603 1210 541 1144 235 413 1283 218 674 1148 945 1295 539 530 965 596 269 1445 356 727 700 995 1013 1461 803 687 196 398 831 1317 907 370 596 125 519 2616 444 1276 205 1181
1373 797 1262 1565 578 1388 1511 1153 860 1771 1582 819 1203 693 1594 843 807 811 1204 989 1786 1634 942 1474 906 1331 1278 808 1741 625 875 1635 825 1174 818 1647 1210 576 566 701 100 925 871 674 643 767 0 1548 572 1482 902 1080 1621 741 90 1487 1283 1633 494 792 1303 935 936 1784 694 918 757 1333 1351 1799 886 103 720 696 914 1655 1245 708 101 792 857 3283 399 1614 872 1519
196 1153 313 430 1125 440 170 571 816 572 250 933 371 1006 252 799 1249 1253 520 585 455 302 998 132 1117 465 444 1164 409 1076 832 501 1268 550 1174 512 359 1152 1354 1075 1466 1015 1314 1026 1182 1210 1384 0 1147 348 1344 1522 486 1184 1455 89 512 302 1215 983 417 891 1378 452 962 1021 1153 464 222 543 1097 1468 1163 1005 1125 314 478 976 1377 1234 813 3101 1225 283 1314 81
972 250 861 1164 50 987 1111 753 459 1370 1181 296 802 164 1193 442 581 584 803 588 1386 1233 395 1073 359 930 877 261 1340 96 474 1235 599 773 271 1246 809 48 250 154 489 379 645 146 96 541 407 1147 0 1082 675 853 1220 515 479 1086 883 1233 111 245 903 509 710 1383 209 372 210 932 950 1398 339 492 494 167 367 1255 845 195 400 566 456 3057 186 1214 645 1118
433 1088 483 159 1060 225 407 429 750 364 233 867 542 940 490 734 1184 1187 454 593 437 285 933 369 1051 250 229 1099 391 1010 766 229 1202 424 1108 240 530 1086 1288 1009 1400 949 1248 960 1116 1144 1318 348 1082 0 1278 1456 215 1118 1389 327 298 284 1149 917 355 825 1313 434 896 956 1087 249 459 393 1032 1402 1097 939 1059 551 417 911 1311 1169 748 2887 1159 265 1249 292
1169 874 1058 1361 653 1184 1307 949 656 1567 1378 615 999 534 1390 639 123 122 1000 785 1582 1430 838 1270 957 1127 1074 885 1537 603 671 1431 293 970 895 1443 1006 680 745 757 819 855 338 554 746 235 737 1344 675 1278 0 547 1417 352 808 1283 1079 1429 673 665 1099 731 403 1580 490 861 834 1129 1147 1595 937 822 331 533 965 1451 1041 504 730 140 653 2750 579 1410 56 1315
1346 1052 1236 1539 831 1362 1485 1127 834 1745 1556 793 1177 712 1568 817 452 456 1178 963 1760 1608 1016 1448 1135 1305 1252 1063 1714 781 849 1609 323 1148 1073 1621 1184 857 923 935 997 1033 369 732 924 413 915 1522 853 1456 547 0 1595 530 986 1460 1257 1607 851 843 1277 908 371 1758 668 1039 1012 1307 1325 1773 1115 999 509 711 1143 1629 1219 682 908 437 831 2238 757 1588 517 1493
572 1226 622 117 1198 364 546 567 889 337 371 1006 680 1079 629 872 1322 1326 592 732 455 424 1071 508 1190 389 368 1237 530 1149 904 88 1341 562 1247 81 669 1225 1427 1148 1539 1088 1387 1099 1255 1283 1457 486 1220 215 1417 1595 0 1257 1528 465 436 423 1288 1056 494 964 1451 573 1035 1094 1225 388 598 366 1170 1541 1236 1078 1198 690 556 1049 1450 1307 886 3026 1298 404 1387 431
1008 714 898 1201 493 1024 1147 789 495 1406 1218 455 839 373 1230 479 257 261 839 625 1422 1270 678 1110 797 967 914 725 1376 443 511 1271 276 809 735 1282 846 519 585 596 659 694 321 394 586 218 577 1184 515 1118 352 530 1257 0 648 1122 919 1269 513 504 939 570 386 1420 330 701 674 969 987 1435 777 661 61 372 805 1291 881 344 570 242 493 2733 418 1250 322 1155
1444 868 1333 1636 649 1459 1582 1224 931 1842 1653 890 1274 764 1665 914 878 882 1275 1060 1857 1705 1013 1545 977 1402 1349 879 1812 696 946 1706 896 1245 889 1718 1281 647 637 772 69 996 942 745 714 838 90 1619 643 1553 973 1151 1692 812 0 1558 1354 1704 565 863 1374 1006 1007 1855 765 989 828 1404 1422 1870 957 71 791 767 985 1726 1316 779 111 863 928 3354 470 1685 943 1590
134 1092 251 409 1064 396 108 509 754 551 229 871 309 944 191 738 1188 1192 458 523 434 281 937 70 1056 444 423 1103 388 1014 770 480 1206 488 1113 491 298 1090 1292 1013 1404 953 1252 965 1120 1148 1322 89 1086 327 1283 1460 465 1122 1393 0 491 281 1153 921 355 829 1317 430 901 960 1091 442 160 522 1036 1406 1101 943 1064 252 417 915 1315 1173 752 3080 1164 262 1253 60
387 888 386 380 860 128 525 155 551 586 397 668 407 741 608 534 985 988 180 320 602 449 733 488 852 105 127 900 556 811 567 451 1003 150 909 462 414 887 1089 810 1201 750 1049 761 917 945 1119 512 883 298 1079 1257 436 919 1190 491 0 449 950 718 258 626 1114 599 697 757 888 108 365 614 832 1203 898 740 860 670 222 712 1112 970 549 2763 960 430 1049 457
387 1239 504 366 1210 376 361 579 901 417 95 1018 562 1091 444 884 1335 1338 604 744 300 148 1084 323 1202 401 380 1250 254 1161 917 437 1353 575 1259 448 551 1237 1439 1160 1551 1100 1399 1111 1267 1295 1469 302 1233 284 1429 1607 423 1269 1540 281 449 0 1300 1068 506 976 1464 297 1047 1107 1238 400 413 389 1182 1553 1248 1090 1210 505 568 1062 1462 1320 899 3038 1310 61 1399 246
1039 336 929 1232 117 1055 1178 820 526 1437 1249 382 870 232 1261 510 579 582 870 656 1453 1301 481 1141 445 998 945 347 1407 163 542 1302 597 840 357 1313 877 115 172 240 411 464 643 213 182 539 330 1215 111 1149 673 851 1288 513 401 1153 950 1300 0 331 970 595 708 1451 276 457 296 1000 1018 1466 425 414 492 235 453 1322 912 262 323 564 524 3055 108 1281 643 1186
807 234 696 999 270 823 946 588 294 1205 1016 75 637 326 1029 278 570 574 638 424 1221 1069 379 908 342 765 713 245 1175 316 310 1070 588 608 255 1081 645 240 469 131 709 362 634 347 223 530 627 983 245 917 665 843 1056 504 698 921 718 1068 331 0 738 369 699 1218 283 355 194 768 786 1233 323 711 483 325 350 1090 680 297 620 555 292 3046 406 1049 635 954
241 909 241 438 881 153 380 175 571 643 455 688 299 761 463 555 1005 1008 124 340 659 507 754 342 872 211 340 920 613 831 587 508 1023 154 930 520 287 907 1109 830 1221 770 1069 781 937 965 1139 417 903 355 1099 1277 494 939 1210 355 258 506 970 738 0 646 1134 657 717 777 908 209 220 672 853 1223 918 760 880 524 83 732 1132 990 569 2985 980 487 1070 388
715 292 605 908 512 731 854 496 104 1113 925 319 546 392 937 121 636 640 546 332 1129 977 137 817 256 674 621 304 1083 462 88 978 654 516 313 989 553 504 734 402 852 154 700 413 487 596 770 891 509 825 731 908 964 570 841 829 626 976 595 369 646 0 765 1127 349 161 323 676 694 1142 236 854 549 391 264 998 588 363 763 621 106 3071 612 957 701 862
1203 909 1092 1395 687 1218 1342 984 690 1601 1412 649 1033 568 1424 673 309 312 1034 819 1617 1464 872 1304 991 1161 1108 920 1571 638 705 1466 179 1004 930 1477 1040 714 779 791 853 889 225 588 781 269 772 1378 710 1313 403 371 1451 386 843 1317 1114 1464 708 699 1134 765 0 1614 524 895 869 1163 1181 1629 971 856 365 567 999 1486 1076 538 765 294 687 2575 613 1445 373 1349
481 1389 598 517 1361 527 348 730 1052 338 229 1169 656 1241 264 1035 1485 1489 755 870 221 173 1234 389 1353 552 531 1400 67 1311 1067 588 1503 725 1410 599 644 1387 1589 1310 1701 1251 1549 1262 1417 1445 1619 452 1383 434 1580 1758 573 1420 1690 430 599 297 1451 1218 657 1127 1614 0 1198 1257 1388 550 507 310 1333 1704 1398 1241 1361 345 718 1212 1612 1470 1049 3188 1461 278 1550 397
787 434 676 979 187 802 925 567 274 1185 996 233 617 67 1008 257 395 399 618 403 1200 1048 456 888 543 745 692 445 1155 137 289 1050 414 588 455 1061 624 213 415 338 611 473 459 87 280 356 530 962 209 896 490 668 1035 330 601 901 697 1047 276 283 717 349 524 1198 0 479 394 747 765 1213 523 614 309 66 551 1070 659 38 523 380 271 2871 351 1028 460 933
846 155 735 1038 396 861 985 627 235 1244 1055 406 676 510 1068 251 766 770 677 462 1260 1107 56 947 119 804 751 166 1214 442 219 1109 785 647 176 1120 683 367 596 264 836 40 831 492 350 727 754 1021 372 956 861 1039 1094 701 825 960 757 1107 457 355 777 161 895 1257 479 0 185 806 824 1272 99 838 680 514 127 1129 719 493 747 751 236 3201 532 1088 831 992
977 64 866 1169 235 992 1116 758 397 1375 1186 245 807 349 1199 413 740 743 808 593 1391 1238 209 1078 172 935 882 75 1345 281 381 1240 758 778 85 1251 815 205 435 103 674 192 804 331 188 700 593 1153 210 1087 834 1012 1225 674 664 1091 888 1238 296 194 908 323 869 1388 394 185 0 937 956 1403 152 677 653 352 180 1260 850 380 586 725 398 3216 371 1219 805 1124
338 938 337 331 910 79 477 205 601 537 348 718 396 791 559 584 1034 1038 230 369 553 401 783 439 902 78 177 949 507 860 616 402 1053 200 959 413 384 937 1139 860 1250 800 1098 811 967 995 1169 464 932 249 1129 1307 388 969 1240 442 108 400 1000 768 209 676 1163 550 747 806 937 0 316 565 882 1253 947 790 910 621 271 761 1162 1019 598 2813 1010 381 1099 408
116 956 116 541 928 261 185 374 619 683 362 736 174 809 268 602 1052 1056 323 388 566 414 801 147 920 318 447 967 520 879 635 612 1071 353 977 623 162 955 1157 878 1269 818 1117 829 985 1013 1187 222 950 459 1147 1325 598 987 1258 160 365 413 1018 786 220 694 1181 507 765 824 956 316 0 655 900 1271 966 808 928 329 281 779 1180 1037 616 3105 1028 394 1117 193
629 1404 746 309 1376 542 602 745 1067 51 320 1184 804 1257 549 1050 1500 1504 770 910 112 264 1249 565 1368 567 546 1415 266 1326 1082 380 1519 740 1425 391 792 1403 1605 1325 1716 1266 1564 1277 1433 1461 1635 543 1398 393 1595 1773 366 1435 1706 522 614 389 1466 1233 672 1142 1629 310 1213 1272 1403 565 655 0 1348 1719 1413 1256 1376 631 733 1227 1628 1485 1064 3203 1476 370 1565 488
922 122 811 1114 364 937 1060 702 311 1320 1131 374 752 478 1143 327 842 846 753 538 1335 1183 122 1023 81 880 827 133 1290 410 295 1185 861 723 143 1196 759 334 563 231 803 106 906 460 317 803 721 1097 339 1032 937 1115 1170 777 792 1036 832 1182 425 323 853 236 971 1333 523 99 152 882 900 1348 0 806 755 481 75 1205 794 509 714 827 312 3277 500 1163 907 1068
1457 881 1346 1649 663 1472 1595 1238 944 1855 1666 903 1287 777 1678 927 891 895 1288 1073 1871 1718 1026 1558 990 1415 1362 892 1825 709 959 1720 910 1258 902 1731 1294 660 650 785 82 1010 955 759 727 852 103 1632 656 1567 986 1164 1705 826 71 1571 1367 1717 578 876 1388 1019 1020 1868 778 1002 841 1417 1435 1883 970 0 804 780 998 1740 1329 792 124 876 941 3367 483 1699 956 1603
987 693 876 1179 472 1002 1126 768 474 1385 1196 433 817 352 1209 457 236 240 818 604 1401 1249 656 1088 775 945 893 704 1355 422 490 1250 254 788 714 1261 825 498 564 575 638 673 300 372 565 196 556 1163 494 1097 331 509 1236 61 627 1101 898 1248 492 483 918 549 365 1398 309 680 653 947 966 1413 755 640 0 351 783 1270 860 323 549 221 471 2712 397 1229 301 1134
829 392 719 1022 145 845 968 610 316 1227 1039 276 660 90 1051 300 438 442 660 446 1243 1091 499 930 501 788 735 403 1197 95 332 1092 456 630 413 1103 667 172 374 296 613 515 502 72 238 398 531 1005 167 939 533 711 1078 372 602 943 740 1090 235 325 760 391 567 1241 66 514 352 790 808 1256 481 616 351 0 509 1112 702 61 524 423 314 2914 310 1071 503 976
950 150 839 1142 392 965 1088 730 339 1348 1159 402 780 506 1171 355 870 874 781 566 1363 1211 150 1051 55 908 855 161 1318 438 322 1212 889 751 171 1224 787 362 591 259 831 134 934 488 345 831 749 1125 367 1059 965 1143 1198 805 820 1064 860 1210 453 350 880 264 999 1361 551 127 180 910 928 1376 75 833 783 509 0 1232 822 537 742 855 340 3305 528 1191 935 1096
303 1261 420 634 1233 565 170 678 923 659 454 1040 478 1113 106 907 1357 1360 627 692 542 494 1106 211 1224 622 647 1272 388 1183 939 704 1375 657 1282 715 466 1259 1461 1182 1573 1122 1421 1133 1289 1317 1491 314 1255 551 1451 1629 690 1291 1562 252 670 505 1322 1090 524 998 1486 345 1070 1129 1260 621 329 631 1205 1575 1270 1112 1232 0 586 1084 1484 1342 921 3305 1332 486 1422 285
303 850 302 499 822 215 441 117 513 705 516 630 361 703 524 496 947 950 142 282 721 569 695 404 814 269 291 862 675 773 529 570 965 112 871 581 349 849 1051 772 1163 712 1011 723 879 907 1081 478 845 417 1041 1219 556 881 1152 417 222 568 912 680 83 588 1076 718 659 719 850 271 281 733 794 1165 860 702 822 586 0 674 1074 932 511 2927 922 549 1011 449
801 420 690 993 173 816 940 582 288 1199 1010 247 631 62 1022 271 410 413 632 417 1215 1062 470 902 529 759 706 431 1169 123 303 1064 428 602 441 1075 638 199 401 324 626 487 474 83 266 370 544 976 195 911 504 682 1049 344 615 915 712 1062 262 297 732 363 538 1212 38 493 380 761 779 1227 509 628 323 61 537 1084 674 0 537 395 285 2885 337 1043 474 947
1366 790 1255 1558 571 1381 1504 1146 853 1764 1575 812 1196 686 1587 836 800 804 1197 982 1779 1627 935 1467 899 1324 1271 801 1734 617 868 1628 818 1167 811 1640 1203 569 559 694 122 918 864 667 636 760 101 1541 565 1475 895 1073 1614 734 111 1480 1276 1626 487 785 1296 928 929 1777 687 911 750 1326 1344 1792 879 124 713 689 907 1648 1238 701 0 785 850 3276 392 1607 865 1512
1059 765 948 1251 543 1074 1198 840 546 1457 1268 505 889 424 1280 529 91 89 890 675 1473 1320 728 1160 847 1017 964 776 1427 494 561 1322 183 860 786 1333 896 570 635 647 709 745 229 444 637 125 628 1234 566 1169 140 437 1307 242 699 1173 970 1320 564 555 990 621 294 1470 380 751 725 1019 1037 1485 827 712 221 423 855 1342 932 395 621 0 543 2641 469 1301 110 1205
638 368 527 830 434 653 777 419 79 1036 847 242 468 315 859 63 558 562 469 254 1052 899 213 739 332 596 543 379 1006 384 95 901 577 439 389 912 475 461 663 384 774 230 622 335 491 519 693 813 456 748 653 831 886 493 764 752 549 899 524 292 569 106 687 1049 271 236 398 598 616 1064 312 777 471 314 340 921 511 285 686 543 0 2993 534 880 623 784
3138 3194 3138 2981 2972 2880 3173 2872 2975 3187 2998 2934 3089 2853 3256 2958 2594 2597 2897 2875 3203 3051 3157 3135 3276 2822 2695 3205 3157 2923 2990 3052 2464 2867 3215 3063 3096 2999 3064 3076 3138 3174 2510 2873 3066 2554 3057 3114 2995 2899 2688 2176 3038 2671 3128 3092 2775 3050 2993 2984 2997 3050 2513 3200 2809 3180 3154 2825 3117 3215 3256 3141 2650 2852 3284 3317 2939 2824 3050 2579 2972 0 2898 3031 2658 3058
1050 411 939 1242 192 1065 1188 830 537 1448 1259 457 880 306 1271 520 484 488 881 666 1463 1311 556 1151 519 1008 955 422 1418 238 552 1312 502 851 432 1324 887 190 180 315 317 539 548 288 257 444 235 1225 186 1159 579 757 1298 418 306 1164 960 1310 108 406 980 612 613 1461 351 532 371 1010 1028 1476 500 319 397 310 528 1332 922 337 228 469 534 2960 0 1291 549 1196
368 1220 485 347 1192 357 342 561 882 398 76 999 543 1072 425 866 1316 1319 586 725 281 129 1065 304 1183 382 361 1231 235 1142 898 418 1334 556 1240 429 532 1218 1420 1141 1532 1081 1380 1092 1248 1276 1450 283 1214 265 1410 1588 404 1250 1521 262 430 61 1281 1049 487 957 1445 278 1028 1088 1219 381 394 370 1163 1534 1229 1071 1191 486 549 1043 1443 1301 880 3019 1291 0 1380 227
1139 845 1028 1331 623 1154 1277 919 626 1537 1348 585 969 504 1360 609 94 92 970 755 1552 1400 808 1240 927 1097 1044 856 1507 574 641 1402 263 940 865 1413 976 650 715 727 789 825 309 524 716 205 707 1314 645 1249 56 517 1387 322 778 1253 1049 1399 643 635 1070 701 373 1550 460 831 805 1099 1117 1565 907 792 301 503 935 1422 1011 474 700 110 623 2720 549 1380 0 1285
167 1124 284 375 1096 385 141 542 787 516 195 904 342 977 223 770 1220 1224 491 556 399 247 969 103 1088 410 389 1135 354 1047 803 445 1239 521 1145 457 330 1123 1325 1046 1437 986 1285 997 1153 1181 1355 81 1118 292 1315 1493 431 1155 1426 60 457 246 1186 954 388 862 1349 397 933 992 1124 408 193 488 1068 1439 1134 976 1096 285 449 947 1348 1205 784 3046 1196 227 1285 0
EOF