NAME : tsp_problem
TYPE : TSP
DIMENSION : 80
EDGE_WEIGHT_TYPE : EXPLICIT
EDGE_WEIGHT_FORMAT : FULL_MATRIX
EDGE_WEIGHT_SECTION
0 479 370 317 823 495 658 595 668 543 154 700 872 1083 647 629 793 422 789 322 468 588 706 756 170 215 683 1156 797 518 493 483 375 1085 77 576 92 304 613 940 835 287 355 789 755 110 452 899 837 203 655 496 518 772 566 685 234 673 286 579 441 817 129 623 857 246 129 435 542 640 845 1141 365 1633 1870 1113 1076 588 479 829
479 0 197 345 400 65 366 173 851 726 349 882 1054 1265 829 511 975 160 971 373 46 296 284 333 333 472 865 1339 505 700 676 666 203 1267 428 759 458 333 321 1123 467 393 259 972 938 440 110 1082 1019 366 233 555 700 350 749 867 341 251 217 761 623 999 424 806 1040 409 376 398 250 822 423 1324 137 1346 2052 1296 1258 552 56 1012
370 197 0 192 556 168 522 329 770 646 355 802 974 1185 749 667 895 94 891 490 201 452 440 489 338 317 785 1259 660 620 596 586 48 1187 419 679 304 178 477 1043 623 456 105 892 858 285 125 1002 939 371 389 665 620 506 668 787 186 407 223 681 543 919 269 726 959 415 382 554 406 742 578 1244 143 1342 1972 1216 1178 708 212 932
317 345 192 0 688 317 654 461 718 593 284 749 921 1132 697 727 843 244 839 420 334 584 572 621 267 265 732 1206 793 568 543 533 197 1135 363 626 251 126 609 990 755 385 177 839 805 232 274 949 886 301 521 594 567 638 616 734 134 539 152 629 491 867 217 673 907 344 311 533 538 690 711 1191 231 1491 1919 1163 1125 685 344 879
823 400 556 688 0 429 291 253 1227 1103 693 1259 1431 1642 1206 436 1352 504 1348 605 382 451 294 90 677 849 1242 1715 128 1077 1053 1043 550 1644 772 1135 835 702 476 1500 90 625 636 1349 1315 816 474 1459 1396 710 243 685 1077 74 1125 1244 717 187 561 1138 1000 1376 800 1183 1416 664 720 630 387 1199 45 1701 481 1723 2429 1673 1635 477 368 1389
495 65 168 317 429 0 395 201 822 697 378 853 1025 1236 801 539 947 189 943 401 74 325 312 362 361 443 837 1310 533 672 647 637 174 1239 457 730 429 304 350 1094 495 421 230 943 909 411 101 1053 990 394 261 584 671 378 720 838 312 279 246 733 595 971 395 777 1011 438 405 426 278 794 451 1295 166 1318 2024 1267 1229 581 85 983
658 366 522 654 291 395 0 371 1193 1068 529 1225 1396 1607 1172 169 1318 470 1314 374 347 207 482 358 512 814 1208 1681 185 1043 1018 1008 516 1610 608 1101 720 668 232 1465 224 394 601 1314 1280 738 439 1424 1362 478 431 418 1042 342 1091 1209 683 449 527 1104 966 1342 757 1148 1382 432 555 399 143 1165 269 1666 447 1689 2395 1638 1600 210 334 1354
595 173 329 461 253 201 371 0 1000 875 466 1031 1203 1414 979 516 1125 277 1121 378 154 301 136 186 449 621 1014 1488 358 850 825 815 323 1417 545 908 607 475 326 1272 320 398 408 1121 1087 589 246 1231 1168 482 85 560 849 202 898 1016 490 103 334 911 773 1149 573 955 1189 436 493 403 255 972 275 1473 254 1496 2201 1445 1407 557 141 1161
668 851 770 718 1227 822 1193 1000 0 398 795 242 785 806 476 1270 707 823 310 963 873 1123 1111 1160 811 479 71 879 1331 180 204 214 776 808 718 366 602 705 1148 854 1294 928 756 310 110 584 779 813 432 844 1060 1137 424 1177 126 437 635 1078 846 493 257 731 568 68 771 887 770 1076 1077 52 1249 1055 889 1810 1783 837 989 1229 883 743
543 726 646 593 1103 697 1068 875 398 0 671 181 503 714 278 1145 424 698 270 838 748 999 986 1036 686 354 384 788 1207 307 283 273 652 716 593 75 477 580 1024 572 1169 804 631 271 421 459 654 531 392 719 935 1013 95 1052 355 316 510 953 721 210 230 448 443 412 489 763 646 951 952 427 1125 773 764 1685 1501 745 707 1104 759 461
154 349 355 284 693 378 529 466 795 671 0 827 999 1210 774 499 920 303 916 192 338 459 577 626 40 342 810 1283 667 645 621 611 349 1212 135 703 216 298 484 1068 706 158 435 917 883 234 422 1027 964 73 526 367 645 643 693 812 361 544 156 706 568 944 253 751 984 117 83 305 412 767 715 1269 236 1672 1997 1241 1203 458 349 957
700 882 802 749 1259 853 1225 1031 242 181 827 0 659 610 280 1301 581 854 114 994 904 1155 1142 1192 842 510 227 684 1363 399 423 429 808 612 749 149 634 736 1180 728 1325 960 787 115 265 615 810 687 236 875 1091 1169 207 1208 345 241 666 1109 878 346 386 604 599 287 645 919 802 1107 1108 271 1281 929 921 1841 1657 641 863 1260 915 617
872 1054 974 921 1431 1025 1396 1203 785 503 999 659 0 714 452 1473 239 1026 631 1166 1076 1327 1314 1364 1014 682 800 787 1535 635 611 601 980 716 921 536 806 908 1352 243 1497 1132 959 616 873 787 982 54 571 1047 1263 1341 477 1380 683 490 838 1281 1050 384 558 119 771 740 159 1091 974 1279 1280 757 1453 296 1092 2013 1025 744 230 1432 1087 132
1247 1429 1349 1297 1806 1401 1772 1579 970 878 1374 774 878 0 754 1849 799 1401 699 1541 1451 1702 1689 1739 1389 1058 955 137 1910 1010 986 976 1355 66 1296 899 1181 1283 1727 947 1873 1507 1335 684 993 1162 1357 906 563 1422 1639 1716 852 1755 1059 715 1214 1656 1425 760 933 823 1146 1016 863 1466 1349 1655 1656 999 1828 1148 1468 2388 1876 94 1082 1807 1462 836
647 829 749 697 1206 801 1172 979 476 278 774 280 452 590 0 1249 374 802 205 942 851 1102 1090 1139 789 458 461 663 1310 411 386 376 755 592 696 311 581 684 1127 521 1273 907 735 190 499 563 758 480 216 823 1039 1116 253 1156 459 64 614 1057 825 92 334 398 547 516 438 866 749 1055 1056 505 1228 722 868 1788 1451 620 656 1207 862 410
629 511 667 727 436 539 169 516 1270 1145 499 1301 1473 1684 1249 0 1395 615 1391 352 492 351 627 503 482 817 1284 1758 330 1120 1095 1085 661 1687 578 1178 691 741 377 1542 369 365 746 1391 1357 709 584 1501 1438 449 576 274 1119 487 1168 1286 828 594 599 1181 1043 1418 727 1225 1459 403 526 466 288 1242 414 1743 592 1834 2471 1715 1677 66 479 1431
793 975 895 843 1352 947 1318 1125 707 424 920 581 239 635 374 1395 0 948 553 1088 997 1248 1236 1285 935 604 721 709 1456 556 532 522 901 637 842 457 727 829 1273 308 1419 1053 881 538 794 709 904 266 493 969 1185 1262 398 1302 605 411 760 1203 971 306 480 184 693 662 224 1012 895 1201 1202 679 1374 508 1014 1934 1237 666 443 1353 1008 196
422 160 94 244 504 189 470 277 823 698 303 854 1026 1237 802 615 948 0 944 439 150 400 388 437 286 370 837 1311 608 672 648 638 100 1240 382 731 356 230 425 1095 571 404 157 944 910 337 177 1054 991 320 337 613 672 454 721 839 238 355 171 733 596 971 321 778 1012 363 330 502 354 794 526 1296 91 1394 2024 1268 1230 656 160 984
789 971 891 839 1348 943 1314 1121 310 270 916 114 631 535 205 1391 553 944 0 1084 993 1244 1232 1281 931 600 295 608 1452 467 491 502 897 537 838 238 723 825 1269 700 1415 1049 877 39 333 705 900 659 161 965 1181 1258 296 1298 413 166 756 1199 967 270 476 576 689 355 617 1008 891 1197 1198 339 1370 901 1010 1930 1629 565 835 1349 1004 589
322 373 490 420 605 401 374 378 963 838 192 994 1166 1377 942 352 1088 439 1084 0 354 304 489 538 175 510 977 1451 512 812 788 778 485 1380 271 871 384 433 329 1235 551 57 571 1084 1050 402 446 1194 1131 142 438 220 812 555 861 979 529 456 292 874 736 1111 420 918 1152 96 219 151 258 935 596 1436 371 1696 2164 1408 1370 311 341 1124
468 46 201 334 382 74 347 154 873 748 338 904 1076 1287 851 492 997 150 993 354 0 277 265 315 322 494 887 1361 486 722 698 688 196 1289 417 781 480 348 302 1145 448 374 281 994 960 461 119 1104 1041 355 214 536 722 331 770 889 363 232 206 783 645 1021 446 828 1062 399 365 379 231 844 404 1346 126 1368 2074 1318 1280 533 45 1034
588 296 452 584 451 325 207 301 1123 999 459 1155 1327 1538 1102 351 1248 400 1244 304 277 0 412 462 442 745 1138 1611 345 973 949 939 446 1540 538 1031 650 598 48 1396 383 324 532 1245 1211 668 369 1355 1292 409 361 487 973 478 1021 1140 613 379 457 1034 896 1272 687 1078 1312 363 486 329 90 1095 428 1597 377 1619 2325 1568 1531 393 264 1285
706 284 440 572 294 312 482 136 1111 986 577 1142 1314 1525 1090 627 1236 388 1232 489 265 412 0 227 560 732 1125 1599 399 960 936 926 434 1528 656 1019 718 586 437 1383 360 509 519 1232 1198 700 357 1342 1279 593 112 671 960 243 1009 1127 601 144 445 1022 884 1259 684 1066 1300 547 603 514 366 1083 316 1584 364 1607 2312 1556 1518 668 251 1272
756 333 489 621 90 362 358 186 1160 1036 626 1192 1364 1575 1139 503 1285 437 1281 538 315 462 227 0 610 782 1175 1648 195 1010 986 976 483 1577 705 1068 768 635 487 1433 157 558 569 1282 1248 749 407 1392 1329 643 176 721 1010 39 1058 1177 650 120 494 1071 933 1309 733 1116 1349 597 653 563 416 1132 112 1634 414 1656 2362 1606 1568 544 301 1322
170 333 338 267 677 361 512 449 811 686 40 842 1014 1225 789 482 935 286 931 175 322 442 560 610 0 358 825 1299 650 660 636 626 332 1227 119 719 232 281 467 1083 689 141 419 932 898 249 406 1042 979 57 509 350 660 626 708 827 376 527 140 721 583 959 268 766 1000 100 67 288 395 782 699 1284 219 1656 2012 1256 1218 441 333 972
215 472 317 265 849 443 814 621 479 354 342 510 682 893 458 817 604 370 600 510 494 745 732 782 358 0 493 967 953 329 304 294 323 896 265 387 149 252 770 751 915 475 303 600 566 131 400 710 647 391 681 684 328 798 377 495 182 699 393 390 252 628 115 434 668 434 317 623 698 451 871 952 436 1444 1681 924 886 776 505 640
683 865 785 732 1242 837 1208 1014 71 384 810 227 800 791 461 1284 721 837 295 977 887 1138 1125 1175 825 493 0 865 1346 194 218 229 791 794 732 352 617 719 1163 869 1308 943 770 296 95 598 793 828 417 858 1074 1152 410 1191 140 422 649 1092 861 507 271 745 582 83 785 902 785 1090 1091 66 1264 1070 904 1824 1798 822 1004 1243 898 758
1320 1503 1423 1370 1880 1474 1845 1652 1044 952 1448 848 952 137 827 1922 873 1475 773 1615 1525 1776 1763 1813 1463 1131 1029 0 1984 1084 1060 1049 1429 140 1370 972 1254 1357 1801 1020 1946 1581 1408 758 1066 1236 1431 979 637 1496 1712 1790 926 1829 1132 788 1287 1730 1498 833 1007 897 1220 1089 937 1540 1423 1728 1729 1073 1902 1221 1541 2462 1950 119 1156 1881 1536 909
797 505 660 793 128 533 185 358 1331 1207 667 1363 1535 1746 1310 330 1456 608 1452 512 486 345 399 195 650 953 1346 1819 0 1181 1157 1147 654 1748 746 1240 859 807 370 1604 61 532 740 1453 1419 877 578 1563 1500 617 348 579 1181 179 1229 1348 821 292 665 1242 1104 1480 895 1287 1520 571 694 537 281 1303 106 1805 585 1827 2533 1777 1739 371 472 1493
518 700 620 568 1077 672 1043 850 180 307 645 399 635 846 411 1120 556 672 467 812 722 973 960 1010 660 329 194 920 1181 0 74 64 626 848 567 340 452 554 998 704 1144 778 606 467 267 433 628 663 589 694 910 987 281 1026 78 448 485 927 696 342 106 580 417 135 621 737 620 926 927 151 1099 905 739 1659 1633 877 839 1078 733 593
493 676 596 543 1053 647 1018 825 204 283 621 423 611 822 386 1095 532 648 491 788 698 949 936 986 636 304 218 895 1157 74 0 40 602 824 543 315 427 530 974 680 1119 754 581 491 291 409 604 638 576 669 885 963 257 1002 102 424 460 903 671 318 82 556 393 159 596 713 596 901 902 175 1075 880 714 1635 1609 852 815 1054 709 568
483 666 586 533 1043 637 1008 815 214 273 611 429 601 812 376 1085 522 638 502 778 688 939 926 976 626 294 229 885 1147 64 40 0 592 814 533 305 417 520 964 670 1109 743 571 502 302 399 594 628 566 659 875 953 247 992 112 414 450 893 661 308 72 546 383 169 586 702 585 891 892 186 1065 870 704 1625 1599 842 805 1044 699 558
375 203 48 197 550 174 516 323 776 652 349 808 980 1191 755 661 901 100 897 485 196 446 434 483 332 323 791 1264 654 626 602 592 0 1193 425 684 309 184 471 1049 617 450 110 898 864 291 131 1008 945 366 383 659 626 500 674 793 192 401 217 687 549 925 275 731 965 409 376 548 400 748 573 1250 137 1347 1978 1221 1184 702 206 938
1249 1432 1352 1299 1809 1403 1774 1581 972 881 1377 777 880 66 756 1851 802 1404 701 1544 1454 1704 1692 1742 1392 1060 958 140 1913 1013 988 978 1357 0 1299 901 1183 1286 1729 949 1875 1509 1337 686 995 1165 1360 908 566 1425 1641 1719 855 1758 1061 717 1216 1659 1427 762 936 826 1149 1018 866 1468 1351 1657 1658 1002 1831 1150 1470 2391 1879 97 1084 1810 1464 838
77 428 419 363 772 457 608 545 718 593 135 749 921 1132 696 578 842 382 838 271 417 538 656 705 119 265 732 1206 746 567 543 533 425 1134 0 626 139 353 563 990 784 236 404 839 805 157 501 949 886 152 605 446 567 722 616 734 283 623 235 628 490 866 175 673 907 196 156 384 491 689 794 1191 314 1683 1919 1163 1125 537 428 879
576 759 679 626 1135 730 1101 908 366 75 703 149 536 734 311 1178 457 731 238 871 781 1031 1019 1068 719 387 352 808 1240 340 315 305 684 737 626 0 510 613 1056 605 1202 836 664 239 389 492 687 564 360 752 968 1045 101 1085 388 349 543 986 754 243 263 481 476 412 521 795 678 984 985 395 1158 806 797 1718 1534 765 740 1137 791 494
92 458 304 251 835 429 720 607 602 477 216 634 806 1017 581 691 727 356 723 384 480 650 718 768 232 149 617 1090 859 452 427 417 309 1019 139 510 0 238 676 875 897 349 289 723 689 117 386 833 771 265 667 558 452 784 500 619 168 685 348 513 375 751 101 557 791 308 191 497 604 574 857 1075 422 1567 1804 1047 1010 650 491 763
304 333 178 126 702 304 668 475 705 580 298 736 908 1119 684 741 829 230 825 433 348 598 586 635 281 252 719 1193 807 554 530 520 184 1121 353 613 238 0 623 977 769 399 164 826 792 219 261 936 873 315 535 608 554 652 603 721 120 553 166 615 477 853 203 660 894 358 325 547 552 676 725 1178 245 1478 1906 1150 1112 699 358 866
613 321 477 609 476 350 232 326 1148 1024 484 1180 1352 1563 1127 377 1273 425 1269 329 302 48 437 487 467 770 1163 1636 370 998 974 964 471 1565 563 1056 676 623 0 1421 408 349 557 1270 1236 693 394 1380 1317 434 386 512 998 503 1046 1165 638 404 482 1059 921 1297 712 1103 1337 388 511 354 115 1120 453 1622 402 1644 2350 1593 1556 418 289 1310
940 1123 1043 990 1500 1094 1465 1272 854 572 1068 728 243 783 521 1542 308 1095 700 1235 1145 1396 1383 1433 1083 751 869 856 1604 704 680 670 1049 785 990 605 875 977 1421 0 1566 1201 1028 685 942 856 1051 271 640 1116 1332 1410 546 1449 752 559 907 1350 1118 453 627 154 840 809 112 1160 1043 1348 1349 826 1522 513 1161 2082 1241 813 447 1501 1156 141
835 467 623 755 90 495 224 320 1294 1169 706 1325 1497 1708 1273 369 1419 571 1415 551 448 383 360 157 689 915 1308 1782 61 1144 1119 1109 617 1711 784 1202 897 769 408 1566 0 571 702 1415 1381 883 540 1525 1462 655 309 618 1143 140 1192 1310 784 254 628 1205 1067 1443 867 1249 1483 609 732 576 320 1266 67 1767 548 1790 2496 1739 1701 410 435 1455
287 393 456 385 625 421 394 398 928 804 158 960 1132 1343 907 365 1053 404 1049 57 374 324 509 558 141 475 943 1416 532 778 754 743 450 1345 236 836 349 399 349 1201 571 0 536 1050 1016 367 466 1159 1097 154 458 232 778 575 826 945 494 476 257 839 701 1077 386 883 1117 108 184 171 278 900 616 1401 337 1716 2130 1373 1336 323 360 1089
355 259 105 177 636 230 601 408 756 631 435 787 959 1170 735 746 881 157 877 571 281 532 519 569 419 303 770 1244 740 606 581 571 110 1173 404 664 289 164 557 1028 702 536 0 877 843 270 187 987 924 452 468 746 605 585 654 772 172 486 303 667 529 905 255 711 945 495 457 633 485 728 658 1229 223 1404 1957 1201 1163 787 292 917
789 972 892 839 1349 943 1314 1121 310 271 917 115 616 520 190 1391 538 944 39 1084 994 1245 1232 1282 932 600 296 593 1453 467 491 502 898 522 839 239 723 826 1270 685 1415 1050 877 0 333 705 900 644 146 965 1181 1259 297 1298 414 151 756 1199 967 256 476 562 689 356 602 1009 892 1197 1198 340 1371 886 1010 1931 1614 551 820 1350 1005 574
755 938 858 805 1315 909 1280 1087 110 421 883 265 873 828 499 1357 794 910 333 1050 960 1211 1198 1248 898 566 95 902 1419 267 291 302 864 831 805 389 689 792 1236 942 1381 1016 843 333 0 671 866 900 455 931 1147 1225 447 1264 213 459 722 1165 933 564 344 818 655 156 858 975 858 1163 1164 139 1337 1143 976 1897 1871 859 1077 1316 971 830
110 440 285 232 816 411 738 589 584 459 234 615 787 998 563 709 709 337 705 402 461 668 700 749 249 131 598 1072 877 433 409 399 291 1000 157 492 117 219 693 856 883 367 270 705 671 0 368 815 752 283 649 576 433 766 482 600 149 667 361 494 356 732 82 539 773 326 209 515 622 555 838 1057 404 1549 1785 1029 991 668 472 745
452 110 125 274 474 101 439 246 779 654 422 810 982 1193 758 584 904 177 900 446 119 369 357 407 406 400 793 1267 578 628 604 594 131 1196 501 687 386 261 394 1051 540 466 187 900 866 368 0 1010 947 439 306 628 628 423 677 795 269 324 290 689 552 927 352 734 968 483 449 471 323 751 496 1252 210 1275 1980 1224 1186 625 129 940
899 1082 1002 949 1459 1053 1424 1231 813 531 1027 687 54 741 480 1501 266 1054 659 1194 1104 1355 1342 1392 1042 710 828 815 1563 663 638 628 1008 744 949 564 833 936 1380 271 1525 1159 987 644 900 815 1010 0 599 1075 1291 1369 505 1408 711 518 866 1309 1077 412 586 147 799 768 187 1119 1002 1307 1308 785 1481 324 1120 2041 1052 772 258 1460 1115 160
837 1019 939 886 1396 990 1362 1168 432 392 964 236 571 399 216 1438 493 991 161 1131 1041 1292 1279 1329 979 647 417 472 1500 589 576 566 945 401 886 360 771 873 1317 640 1462 1097 924 146 455 752 947 599 0 1012 1228 1306 418 1345 535 176 803 1246 1015 281 523 517 736 477 557 1056 939 1244 1245 461 1418 841 1058 1978 1569 430 775 1397 1052 529
203 366 371 301 710 394 478 482 844 719 73 875 1047 1258 823 449 969 320 965 142 355 409 593 643 57 391 858 1332 617 694 669 659 366 1261 152 752 265 315 434 1116 655 154 452 965 931 283 439 1075 1012 0 542 317 693 659 742 860 410 560 173 755 617 992 301 799 1033 133 100 255 362 816 700 1317 252 1689 2045 1289 1251 408 366 1005
655 233 389 521 243 261 431 85 1060 935 526 1091 1263 1474 1039 576 1185 337 1181 438 214 361 112 176 509 681 1074 1548 348 910 885 875 383 1477 605 968 667 535 386 1332 309 458 468 1181 1147 649 306 1291 1228 542 0 620 909 192 958 1076 550 93 394 971 833 1209 633 1015 1249 496 552 463 315 1032 265 1533 314 1556 2261 1505 1467 617 201 1221
496 555 665 594 685 584 418 560 1137 1013 367 1169 1341 1552 1116 274 1262 613 1258 220 536 487 671 721 350 684 1152 1625 579 987 963 953 659 1554 446 1045 558 608 512 1410 618 232 746 1259 1225 576 628 1369 1306 317 620 0 987 736 1035 1154 703 638 466 1048 910 1286 595 1093 1326 271 394 333 440 1109 663 1611 546 1878 2339 1583 1545 232 523 1299
518 700 620 567 1077 671 1042 849 424 95 645 207 477 688 253 1119 398 672 296 812 722 973 960 1010 660 328 410 762 1181 281 257 247 626 690 567 101 452 554 998 546 1143 778 605 297 447 433 628 505 418 693 909 987 0 1026 329 290 484 927 696 184 204 422 417 386 463 737 620 925 926 403 1099 747 738 1659 1475 719 681 1078 733 435
772 350 506 638 74 378 342 202 1177 1052 643 1208 1380 1591 1156 487 1302 454 1298 555 331 478 243 39 626 798 1191 1665 179 1026 1002 992 500 1594 722 1085 784 652 503 1449 140 575 585 1298 1264 766 423 1408 1345 659 192 736 1026 0 1075 1193 667 137 511 1088 950 1325 750 1132 1366 613 669 580 432 1149 96 1650 430 1673 2378 1622 1584 528 318 1338
566 749 668 616 1125 720 1091 898 126 355 693 345 683 894 459 1168 605 721 413 861 770 1021 1009 1058 708 377 140 968 1229 78 102 112 674 897 616 388 500 603 1046 752 1192 826 654 414 213 482 677 711 535 742 958 1035 329 1075 0 496 533 976 744 391 154 628 466 105 669 785 668 974 975 121 1147 953 787 1707 1681 925 887 1127 781 641
685 867 787 734 1244 838 1209 1016 437 316 812 241 490 550 64 1286 411 839 166 979 889 1140 1127 1177 827 495 422 624 1348 448 424 414 793 553 734 349 619 721 1165 559 1310 945 772 151 459 600 795 518 176 860 1076 1154 290 1193 496 0 651 1094 862 129 371 435 584 482 475 904 787 1092 1093 466 1266 760 905 1826 1488 581 694 1245 900 448
234 341 186 134 717 312 683 490 635 510 361 666 838 1049 614 828 760 238 756 529 363 613 601 650 376 182 649 1123 821 485 460 450 192 1052 283 543 168 120 638 907 784 494 172 756 722 149 269 866 803 410 550 703 484 667 533 651 0 568 262 546 408 784 134 590 824 453 336 642 567 607 739 1108 305 1485 1836 1080 1042 794 373 796
673 251 407 539 187 279 449 103 1078 953 544 1109 1281 1492 1057 594 1203 355 1199 456 232 379 144 120 527 699 1092 1566 292 927 903 893 401 1494 623 986 685 553 404 1350 254 476 486 1199 1165 667 324 1309 1246 560 93 638 927 137 976 1094 568 0 412 988 850 1226 651 1033 1267 514 570 481 333 1049 209 1551 331 1574 2279 1523 1485 635 218 1239
286 217 223 152 561 246 527 334 846 721 156 878 1050 1260 825 599 971 171 967 292 206 457 445 494 140 393 861 1334 665 696 671 661 217 1263 235 754 348 166 482 1118 628 257 303 967 933 361 290 1077 1015 173 394 466 696 511 744 862 262 412 0 757 619 995 345 801 1035 216 183 405 411 818 583 1319 104 1540 2048 1291 1253 558 217 1007
579 761 681 629 1138 733 1104 911 493 210 706 346 384 595 92 1181 306 733 270 874 783 1034 1022 1071 721 390 507 669 1242 342 318 308 687 598 628 243 513 615 1059 453 1205 839 667 256 564 494 689 412 281 755 971 1048 184 1088 391 129 546 988 757 0 266 330 479 448 370 798 681 987 988 465 1160 654 800 1720 1382 626 588 1139 794 342
441 623 543 491 1000 595 966 773 257 230 568 386 558 769 334 1043 480 596 476 736 645 896 884 933 583 252 271 843 1104 106 82 72 549 772 490 263 375 477 921 627 1067 701 529 476 344 356 552 586 523 617 833 910 204 950 154 371 408 850 619 266 0 503 341 212 544 660 543 849 850 228 1022 828 662 1582 1556 800 762 1001 656 516
817 999 919 867 1376 971 1342 1149 731 448 944 604 119 659 398 1418 184 971 576 1111 1021 1272 1259 1309 959 628 745 732 1480 580 556 546 925 661 866 481 751 853 1297 154 1443 1077 905 562 818 732 927 147 517 992 1209 1286 422 1325 628 435 784 1226 995 330 503 0 716 686 105 1036 919 1225 1226 702 1398 389 1038 1958 1117 690 323 1377 1032 77
129 424 269 217 800 395 757 573 568 443 253 599 771 982 547 727 693 321 689 420 446 687 684 733 268 115 582 1056 895 417 393 383 275 985 175 476 101 203 712 840 867 386 255 689 655 82 352 799 736 301 633 595 417 750 466 584 134 651 345 479 341 716 0 523 757 345 228 533 641 540 822 1041 388 1533 1769 1013 975 686 456 729
623 806 726 673 1183 777 1148 955 68 412 751 287 740 851 516 1225 662 778 355 918 828 1078 1066 1116 766 434 83 925 1287 135 159 169 731 854 673 412 557 660 1103 809 1249 883 711 356 156 539 734 768 477 799 1015 1093 386 1132 105 482 590 1033 801 448 212 686 523 0 726 842 725 1031 1032 64 1205 1010 844 1765 1739 882 944 1184 838 698
857 1040 959 907 1416 1011 1382 1189 771 489 984 645 159 699 438 1459 224 1012 617 1152 1062 1312 1300 1349 1000 668 785 773 1520 621 596 586 965 702 907 521 791 894 1337 112 1483 1117 945 602 858 773 968 187 557 1033 1249 1326 463 1366 669 475 824 1267 1035 370 544 105 757 726 0 1076 959 1265 1266 743 1438 429 1078 1999 1158 730 363 1418 1072 117
246 409 415 344 664 438 432 436 887 763 117 919 1091 1302 866 403 1012 363 1008 96 399 363 547 597 100 434 902 1375 571 737 713 702 409 1304 196 795 308 358 388 1160 609 108 495 1009 975 326 483 1119 1056 133 496 271 737 613 785 904 453 514 216 798 660 1036 345 842 1076 0 143 209 316 859 654 1361 296 1732 2089 1332 1295 362 399 1048
129 376 382 311 720 405 555 493 770 646 83 802 974 1185 749 526 895 330 891 219 365 486 603 653 67 317 785 1258 694 620 596 585 376 1187 156 678 191 325 511 1043 732 184 457 892 858 209 449 1002 939 100 552 394 620 669 668 787 336 570 183 681 543 919 228 725 959 143 0 332 439 742 742 1244 262 1699 1972 1215 1178 485 376 931
435 398 554 533 630 426 399 403 1076 951 305 1107 1279 1490 1055 466 1201 502 1197 151 379 329 514 563 288 623 1090 1564 537 926 901 891 548 1493 384 984 497 547 354 1348 576 171 633 1197 1163 515 471 1307 1244 255 463 333 925 580 974 1092 642 481 405 987 849 1225 533 1031 1265 209 332 0 283 1048 621 1549 478 1721 2277 1521 1483 424 365 1237
542 250 406 538 387 278 143 255 1077 952 412 1108 1280 1491 1056 288 1202 354 1198 258 231 90 366 416 395 698 1091 1565 281 927 902 892 400 1494 491 985 604 552 115 1349 320 278 485 1198 1164 622 323 1308 1245 362 315 440 926 432 975 1093 567 333 411 988 850 1226 641 1032 1266 316 439 283 0 1049 364 1550 331 1573 2278 1522 1484 329 218 1238
640 822 742 690 1199 794 1165 972 52 427 767 271 757 835 505 1242 679 794 339 935 844 1095 1083 1132 782 451 66 909 1303 151 175 186 748 837 689 395 574 676 1120 826 1266 900 728 340 139 555 751 785 461 816 1032 1109 403 1149 121 466 607 1049 818 465 228 702 540 64 743 859 742 1048 1049 0 1221 1027 861 1781 1755 866 961 1200 855 715
845 423 578 711 45 451 269 275 1249 1125 715 1281 1453 1664 1228 414 1374 526 1370 596 404 428 316 112 699 871 1264 1737 106 1099 1075 1065 573 1666 794 1158 857 725 453 1522 67 616 658 1371 1337 838 496 1481 1418 700 265 663 1099 96 1147 1266 739 209 583 1160 1022 1398 822 1205 1438 654 742 621 364 1221 0 1723 503 1745 2451 1695 1657 455 390 1411
1141 1324 1244 1191 1701 1295 1666 1473 1055 773 1269 929 296 983 722 1743 508 1296 901 1436 1346 1597 1584 1634 1284 952 1070 1057 1805 905 880 870 1250 986 1191 806 1075 1178 1622 513 1767 1401 1229 886 1143 1057 1252 324 841 1317 1533 1611 747 1650 953 760 1108 1551 1319 654 828 389 1041 1010 429 1361 1244 1549 1550 1027 1723 0 1362 2283 864 1014 293 1702 1357 402
365 137 143 231 481 166 447 254 889 764 236 921 1092 1303 868 592 1014 91 1010 371 126 377 364 414 219 436 904 1377 585 739 714 704 137 1306 314 797 422 245 402 1161 548 337 223 1010 976 404 210 1120 1058 252 314 546 738 430 787 905 305 331 104 800 662 1038 388 844 1078 296 262 478 331 861 503 1362 0 1460 2091 1334 1296 633 137 1050
1694 1408 1403 1552 1784 1379 1750 1557 1871 1746 1733 1902 2074 2285 1850 1895 1996 1455 1992 1757 1430 1680 1668 1717 1717 1505 1885 2359 1888 1720 1696 1686 1408 2288 1744 1779 1628 1539 1705 2143 1851 1777 1465 1992 1958 1610 1336 2102 2039 1750 1617 1939 1720 1734 1769 1887 1547 1635 1601 1782 1644 2019 1594 1826 2060 1793 1760 1782 1634 1843 1806 2344 1521 0 2883 2316 2278 1936 1440 2032
1870 2052 1972 1919 2429 2024 2395 2201 1783 1501 1997 1657 1025 1712 1451 2471 1237 2024 1629 2164 2074 2325 2312 2362 2012 1681 1798 1785 2533 1633 1609 1599 1978 1714 1919 1534 1804 1906 2350 1241 2496 2130 1957 1614 1871 1785 1980 1052 1569 2045 2261 2339 1475 2378 1681 1488 1836 2279 2048 1382 1556 1117 1769 1739 1158 2089 1972 2277 2278 1755 2451 864 2091 2993 0 1743 1022 2430 2085 1130
1278 1460 1380 1327 1837 1431 1803 1609 1001 909 1405 805 909 94 785 1879 830 1432 730 1572 1482 1733 1720 1770 1420 1088 986 119 1941 1041 1017 1007 1386 97 1327 929 1212 1314 1758 978 1903 1538 1365 715 1024 1193 1388 936 594 1453 1669 1747 883 1786 1089 745 1244 1687 1456 790 964 854 1177 1046 894 1497 1380 1685 1686 1030 1859 1179 1499 2419 1907 0 1113 1838 1493 866
1076 1258 1178 1125 1635 1229 1600 1407 989 707 1203 863 230 918 656 1677 443 1230 835 1370 1280 1531 1518 1568 1218 886 1004 991 1739 839 815 805 1184 920 1125 740 1010 1112 1556 447 1701 1336 1163 820 1077 991 1186 258 775 1251 1467 1545 681 1584 887 694 1042 1485 1253 588 762 323 975 944 363 1295 1178 1483 1484 961 1657 293 1296 2217 1022 948 0 1636 1291 336
588 552 708 685 477 581 210 557 1229 1104 458 1260 1432 1643 1207 66 1353 656 1349 311 533 393 668 544 441 776 1243 1717 371 1078 1054 1044 702 1645 537 1137 650 699 418 1501 410 323 787 1350 1316 668 625 1460 1397 408 617 232 1078 528 1127 1245 794 635 558 1139 1001 1377 686 1184 1418 362 485 424 329 1200 455 1702 633 1875 2430 1674 1636 0 520 1390
479 56 212 344 368 85 334 141 883 759 349 915 1087 1298 862 479 1008 160 1004 341 45 264 251 301 333 505 898 1371 472 733 709 699 206 1300 428 791 491 358 289 1156 435 360 292 1005 971 472 129 1115 1052 366 201 523 733 318 781 900 373 218 217 794 656 1032 456 838 1072 399 376 365 218 855 390 1357 137 1379 2085 1328 1291 520 0 1045
829 1012 932 879 1389 983 1354 1161 743 461 957 617 132 671 410 1431 196 984 589 1124 1034 1285 1272 1322 972 640 758 745 1493 593 568 558 938 674 879 494 763 866 1310 141 1455 1089 917 574 830 745 940 160 529 1005 1221 1299 435 1338 641 448 796 1239 1007 342 516 77 729 698 117 1048 931 1237 1238 715 1411 402 1050 1971 1130 702 336 1390 1045 0
EOF