NAME : tsp_problem
TYPE : TSP
DIMENSION : 34
EDGE_WEIGHT_TYPE : EXPLICIT
EDGE_WEIGHT_FORMAT : FULL_MATRIX
EDGE_WEIGHT_SECTION
0 621 554 432 869 884 418 356 691 700 91 804 97 123 871 383 866 509 426 509 320 414 729 616 242 1508 384 744 938 235 662 915 618 165
621 0 457 1028 1083 842 939 294 1213 531 611 1326 616 719 829 979 825 135 1021 1031 330 595 559 83 837 1984 446 958 896 831 876 1436 207 761
554 457 0 961 704 483 873 503 1146 172 544 1259 549 653 470 912 466 380 955 964 467 164 200 451 771 1917 341 579 537 764 497 1370 274 694
432 1028 961 0 1276 1291 188 763 352 1107 443 465 439 425 1277 98 1273 916 40 171 727 820 1135 1022 304 1520 791 1151 1344 232 1069 576 1024 317
869 1083 704 1276 0 860 1188 818 1461 714 859 1574 864 968 846 1227 842 971 1270 1279 782 564 742 1077 1086 2232 688 391 913 1079 309 1685 926 1009
1048 1007 648 1455 1024 0 1367 997 1640 510 1038 1753 1043 1147 77 1406 81 930 1449 1458 961 743 538 1001 1265 2411 867 899 129 1258 817 1864 824 1189
418 939 873 188 1188 1202 0 675 298 1019 429 411 425 411 1189 262 1185 828 182 116 638 732 1047 934 469 1357 702 1063 1256 295 981 522 936 303
356 294 503 763 818 833 675 0 948 614 346 1061 351 454 819 714 815 182 757 766 86 362 642 289 573 1719 333 693 887 566 611 1172 291 496
691 1213 1146 352 1461 1476 298 948 0 1292 702 402 698 626 1462 427 1458 1101 346 207 912 1005 1320 1207 503 1630 976 1336 1529 561 1254 290 1209 576
700 531 172 1107 714 345 1019 614 1292 0 690 1405 695 799 332 1058 327 455 1101 1110 613 310 62 526 917 2063 415 589 399 910 507 1516 348 841
91 611 544 443 859 874 429 346 702 690 0 815 86 134 860 394 856 499 436 520 309 403 718 605 252 1497 374 734 927 246 652 926 607 176
804 1326 1259 465 1574 1589 411 1061 402 1405 815 0 811 797 1575 540 1571 1214 459 320 1024 1118 1433 1320 746 1743 1089 1449 1642 674 1367 134 1322 689
97 616 549 439 864 879 425 351 698 695 86 811 0 130 865 390 861 504 432 516 315 409 724 611 248 1503 379 739 933 242 657 922 612 172
123 719 653 425 968 982 411 454 626 799 134 797 130 0 969 354 964 607 419 503 418 512 827 714 145 1606 482 843 1036 229 761 894 716 159
1035 993 634 1442 1011 77 1353 984 1626 496 1024 1739 1030 1133 0 1393 38 917 1435 1445 947 729 524 988 1251 2398 854 886 86 1245 804 1850 811 1175
383 979 912 98 1227 1242 262 714 427 1058 394 540 390 354 1229 0 1224 867 104 245 678 772 1087 974 230 1595 742 1102 1296 172 1020 651 975 268
1030 989 630 1437 1006 81 1349 979 1622 492 1020 1735 1025 1129 38 1388 0 913 1431 1440 943 725 520 983 1247 2393 849 881 90 1240 799 1846 806 1171
509 135 380 916 971 766 828 182 1101 455 499 1214 504 607 753 867 748 0 910 919 218 515 483 129 726 1872 369 846 820 719 764 1325 131 649
426 1021 955 40 1270 1284 182 757 346 1101 436 459 432 419 1271 104 1267 910 0 164 720 814 1129 1016 310 1514 784 1145 1338 239 1063 570 1018 311
509 1031 964 171 1279 1294 116 766 207 1110 520 320 516 503 1280 245 1276 919 164 0 730 824 1138 1025 451 1448 794 1154 1348 380 1072 431 1027 395
320 330 467 727 782 797 638 86 912 613 309 1024 315 418 783 678 779 218 720 730 0 326 641 325 536 1683 297 657 850 530 575 1135 326 460
414 595 164 820 564 578 732 362 1005 310 403 1118 409 512 565 772 561 515 814 824 326 0 339 590 630 1777 233 439 632 624 357 1229 412 554
729 559 200 1135 742 374 1047 642 1320 62 718 1433 724 827 360 1087 356 483 1129 1138 641 339 0 554 945 2092 443 617 427 939 535 1544 377 869
616 83 451 1022 1077 837 934 289 1207 526 605 1320 611 714 824 974 819 129 1016 1025 325 590 554 0 832 1979 440 952 891 826 871 1431 202 756
242 837 771 304 1086 1100 469 573 503 917 252 746 248 145 1087 230 1083 726 310 451 536 630 945 832 0 1724 600 961 1154 347 879 770 834 277
1569 2045 1978 1582 2293 2308 1418 1780 1691 2125 1559 1804 1564 1667 2295 1656 2290 1933 1575 1510 1744 1838 2153 2040 1785 0 1808 2168 2362 1587 2087 1915 2042 1595
384 446 341 791 688 703 702 333 976 415 374 1089 379 482 690 742 685 369 784 794 297 233 443 440 600 1747 0 563 757 594 481 1199 263 524
744 958 579 1151 391 735 1063 693 1336 589 734 1449 739 843 721 1102 717 846 1145 1154 657 439 617 952 961 2107 563 0 788 954 111 1560 801 884
1102 1061 702 1509 1078 129 1420 1051 1694 563 1092 1807 1097 1200 86 1460 90 984 1502 1512 1015 797 592 1055 1318 2465 921 953 0 1312 871 1918 878 1242
235 831 764 232 1079 1094 295 566 561 910 246 674 242 229 1081 172 1076 719 239 380 530 624 939 826 347 1525 594 954 1148 0 872 785 827 120
662 876 497 1069 309 653 981 611 1254 507 652 1367 657 761 639 1020 635 764 1063 1072 575 357 535 871 879 2025 481 111 707 872 0 1478 720 803
915 1436 1370 576 1685 1700 522 1172 290 1516 926 134 922 894 1686 651 1682 1325 570 431 1135 1229 1544 1431 770 1854 1199 1560 1753 785 1478 0 1433 800
618 207 274 1024 926 660 936 291 1209 348 607 1322 612 716 646 975 642 131 1018 1027 326 412 377 202 834 1980 263 801 714 827 720 1433 0 758
165 761 694 317 1009 1024 303 496 576 841 176 689 172 159 1011 268 1006 649 311 395 460 554 869 756 277 1533 524 884 1078 120 803 800 758 0
EOF