NAME : tsp_problem
TYPE : TSP
DIMENSION : 12
EDGE_WEIGHT_TYPE : EXPLICIT
EDGE_WEIGHT_FORMAT : FULL_MATRIX
EDGE_WEIGHT_SECTION
0 1082 976 876 957 270 1098 116 346 279 461 962
1082 0 440 514 595 1151 233 1022 783 1023 1345 600
976 440 0 409 305 1045 456 916 677 917 1240 310
876 514 409 0 139 945 530 817 577 817 1140 143
957 595 305 139 0 1026 611 897 658 898 1221 40
270 1151 1045 945 1026 0 1166 339 488 299 481 1030
1098 233 456 530 611 1166 0 1038 798 1038 1361 615
116 1022 916 817 897 339 1038 0 286 298 530 902
346 783 677 577 658 488 798 286 0 286 609 662
279 1023 917 817 898 299 1038 298 286 0 694 903
461 1345 1240 1140 1221 481 1361 530 609 694 0 1225
962 600 310 143 40 1030 615 902 662 903 1225 0
EOF
