NAME : tsp_problem
TYPE : TSP
DIMENSION : 64
EDGE_WEIGHT_TYPE : EXPLICIT
EDGE_WEIGHT_FORMAT : FULL_MATRIX
EDGE_WEIGHT_SECTION
0 583 695 1150 312 944 762 1094 736 951 1000 222 54 1153 599 840 886 577 534 859 800 297 908 614 1140 834 593 671 265 265 738 719 771 277 805 730 427 840 661 965 895 775 1321 1368 823 608 248 143 425 795 416 726 699 1316 1200 775 376 193 1039 894 1106 704 1008 910
747 0 131 1626 1020 1421 1238 1571 884 1427 1476 944 733 1629 747 1317 1362 1053 681 1336 1276 1019 1384 1090 1616 1311 741 1148 988 543 886 867 918 1000 1281 878 910 988 809 1442 1371 1251 1798 1844 1300 755 970 678 901 1271 892 163 847 1792 1676 1251 962 861 1516 1042 1583 1180 1484 1386
859 131 0 1739 1132 1533 1350 1683 996 1540 1588 1056 845 1742 859 1429 1474 1165 794 1448 1388 1131 1496 1202 1728 1423 853 1260 1100 655 998 979 1030 1112 1394 990 1023 1100 921 1554 1483 1363 1910 1956 1412 868 1082 790 1013 1383 1004 72 959 1904 1789 1364 1074 973 1628 1154 1695 1292 1596 1498
1150 1462 1574 0 984 337 520 247 1335 326 510 1075 1136 402 1197 409 288 673 1132 422 530 1239 372 641 34 449 1191 608 1207 1272 1336 1317 1369 1219 524 1328 875 1438 1260 352 280 503 194 241 506 1206 1048 1225 865 483 856 1606 1297 188 401 554 926 982 244 1492 177 579 167 420
312 856 968 984 0 778 596 928 728 785 834 115 327 987 591 674 720 411 525 693 634 278 742 448 974 668 584 505 247 553 729 711 762 259 639 722 138 832 653 799 728 609 1155 1202 657 599 112 431 149 629 156 999 691 1150 1034 609 88 376 873 885 940 538 842 744
944 1256 1368 337 778 0 208 175 1129 157 219 869 930 234 991 402 431 393 926 110 320 1033 126 355 326 137 985 296 1001 1066 1130 1112 1163 1013 314 1122 669 1232 1054 276 424 190 493 554 296 1000 842 1019 659 171 651 1400 1091 499 584 344 720 777 120 1286 187 267 350 209
762 1074 1186 520 596 208 0 358 946 215 264 686 748 417 809 405 476 211 743 155 365 850 172 173 510 136 803 113 819 884 947 929 980 831 359 940 486 1050 871 322 469 77 677 738 341 817 660 836 477 97 468 1218 909 683 701 340 537 594 303 1104 370 84 508 255
1094 1406 1518 247 928 175 358 0 1279 163 369 1019 1080 240 1141 502 381 543 1076 260 470 1183 209 505 236 286 1135 446 1151 1216 1280 1262 1313 1163 464 1272 819 1382 1204 426 373 340 418 464 446 1150 992 1169 809 321 801 1550 1241 412 494 494 870 927 82 1436 97 417 260 359
736 720 832 1335 728 1129 946 1279 0 1136 1184 819 722 1337 270 1025 1070 761 226 1044 984 983 1092 798 1324 1019 263 856 951 635 265 99 150 963 990 94 618 220 189 1150 1079 959 1506 1552 1008 278 792 694 609 979 600 864 226 1500 1385 960 670 569 1224 274 1291 888 1192 1094
951 1263 1375 326 785 157 215 163 1136 0 225 876 937 222 998 409 438 400 933 117 327 1040 133 362 315 143 992 303 1008 1073 1137 1119 1170 1020 321 1129 676 1239 1061 283 430 197 482 543 303 1007 849 1026 666 178 657 1407 1098 488 573 351 727 784 108 1293 175 274 339 216
1000 1312 1424 510 834 219 264 369 1184 225 0 925 986 427 1047 307 336 449 981 165 225 1088 182 411 500 192 1041 352 1057 1122 1186 1167 1218 1069 219 1178 724 1288 1109 181 328 246 682 728 201 1055 898 1075 715 226 706 1456 1147 676 560 249 775 832 314 1342 381 322 368 114
222 780 892 1075 115 869 686 1019 819 876 925 0 237 1078 681 765 811 501 616 784 724 188 832 538 1065 759 675 596 157 462 820 802 853 168 730 812 229 923 744 890 819 700 1246 1293 748 690 50 340 239 719 247 924 781 1240 1125 700 179 391 964 976 1031 628 933 835
54 568 680 1136 327 930 748 1080 722 937 986 237 0 1139 585 826 872 562 519 845 785 312 893 599 1126 820 578 657 280 250 723 705 756 292 791 716 420 826 647 951 880 761 1307 1354 809 593 263 129 410 780 402 712 685 1301 1186 761 391 179 1025 880 1092 689 994 896
1153 1465 1577 402 987 234 417 240 1337 222 427 1078 1139 0 1200 611 536 602 1135 319 528 1242 268 564 391 345 1194 505 1210 1275 1339 1320 1372 1222 523 1331 878 1441 1263 485 528 399 284 483 505 1209 1051 1228 868 380 859 1609 1300 290 649 553 929 985 184 1495 251 476 415 418
599 583 695 1197 591 991 809 1141 270 998 1047 681 585 1200 0 887 933 624 88 906 847 845 955 661 1187 881 105 719 814 498 271 253 304 826 852 263 481 373 195 1012 942 822 1368 1415 870 91 655 556 472 842 463 726 232 1363 1247 822 532 432 1086 427 1153 751 1055 957
840 1152 1264 409 674 402 405 502 1025 409 307 765 826 611 887 0 174 289 822 349 215 929 366 257 399 376 881 315 897 962 1026 1008 1059 909 221 1018 565 1128 950 149 182 418 580 627 239 896 738 915 555 410 546 1296 987 575 459 191 616 673 497 1182 433 347 267 217
886 1198 1310 288 720 431 476 381 1070 438 336 811 872 536 933 174 0 409 867 378 335 974 394 377 277 405 927 435 943 1008 1072 1053 1104 955 341 1064 610 1174 995 178 86 459 459 505 332 941 784 961 601 439 592 1342 1033 453 338 311 661 718 378 1228 311 467 145 246
577 889 1001 673 411 393 211 543 761 400 449 501 562 602 624 289 409 0 558 308 249 665 356 62 663 283 617 120 634 699 762 744 795 646 254 755 301 865 686 414 418 224 844 891 272 632 475 651 292 243 283 1032 724 839 723 224 352 409 488 918 555 152 531 359
534 517 629 1132 525 926 743 1076 226 933 981 616 519 1135 88 822 867 558 0 841 781 780 889 595 1121 816 82 653 748 432 227 209 260 760 787 219 416 329 151 947 876 757 1303 1349 805 97 589 491 406 776 398 661 188 1297 1182 757 467 366 1021 383 1088 685 989 892
859 1171 1283 422 693 110 155 260 1044 117 165 784 845 319 906 349 378 308 841 0 266 948 73 270 412 83 900 211 916 981 1045 1027 1078 928 261 1037 584 1148 969 223 370 137 578 640 243 915 757 934 574 118 566 1315 1006 585 602 291 635 692 205 1201 272 182 410 156
800 1112 1224 530 634 320 365 470 984 327 225 724 785 528 847 215 335 249 781 266 0 888 283 216 519 293 841 274 857 922 985 967 1018 869 109 978 524 1088 909 201 344 347 701 747 92 855 698 874 515 327 506 1255 947 695 580 140 575 632 415 1142 482 306 388 134
297 855 967 1239 278 1033 850 1183 983 1040 1088 188 312 1242 845 929 974 665 780 948 888 0 996 702 1228 923 839 760 62 537 984 966 1017 49 894 976 393 1086 908 1054 983 864 1410 1456 912 854 214 416 403 883 410 999 945 1404 1289 864 342 466 1128 1140 1195 792 1096 999
908 1220 1332 372 742 126 172 209 1092 133 182 832 893 268 955 366 394 356 889 73 283 996 0 319 361 100 948 259 965 1030 1093 1075 1126 977 277 1086 632 1196 1017 240 387 154 528 589 259 963 806 982 623 134 614 1363 1055 534 619 307 683 740 154 1249 221 230 385 173
614 926 1038 641 448 355 173 505 798 362 411 538 599 564 661 257 377 62 595 270 216 702 319 0 631 245 654 88 671 736 799 781 832 682 222 791 338 902 723 382 385 186 812 859 240 669 512 688 328 206 320 1069 760 807 691 192 389 446 450 955 517 120 499 327
1140 1452 1564 34 974 326 510 236 1324 315 500 1065 1126 391 1187 399 277 663 1121 412 519 1228 361 631 0 438 1181 598 1197 1262 1326 1307 1358 1209 514 1318 864 1428 1249 342 270 492 204 251 496 1195 1038 1214 855 473 846 1596 1287 198 390 544 915 972 234 1482 167 569 157 410
834 1146 1258 449 668 137 136 286 1019 143 192 759 820 345 881 376 405 283 816 83 293 923 100 245 438 0 875 186 891 956 1020 1002 1053 903 287 1012 559 1122 944 250 397 150 605 666 270 890 732 909 549 144 540 1290 981 611 629 317 610 667 231 1176 298 157 437 183
593 576 688 1191 584 985 803 1135 263 992 1041 675 578 1194 105 881 927 617 82 900 841 839 948 654 1181 875 0 712 808 491 265 246 297 819 846 257 475 367 188 1006 935 816 1362 1409 864 97 649 550 465 835 457 720 226 1356 1241 816 526 425 1080 421 1147 744 1049 951
671 983 1096 608 505 296 113 446 856 303 352 596 657 505 719 315 435 120 653 211 274 760 259 88 598 186 712 0 729 793 857 839 890 740 280 849 396 960 781 409 443 127 765 826 298 727 570 746 386 146 378 1127 818 771 749 250 447 504 391 1013 458 114 557 342
265 824 936 1207 247 1001 819 1151 951 1008 1057 157 280 1210 814 897 943 634 748 916 857 62 965 671 1197 891 808 729 0 506 952 934 985 82 862 945 361 1055 876 1022 952 832 1378 1425 880 822 182 384 372 852 379 967 914 1373 1257 832 311 434 1096 1109 1163 761 1065 967
265 379 491 1272 553 1066 884 1216 635 1073 1122 462 250 1275 498 962 1008 699 432 981 922 537 1030 736 1262 956 491 793 506 0 636 618 669 518 927 628 556 739 560 1087 1016 897 1443 1490 945 506 488 196 547 917 538 523 597 1438 1322 897 607 390 1161 792 1228 826 1130 1032
738 721 833 1336 729 1130 947 1280 265 1137 1186 820 723 1339 271 1026 1072 762 227 1045 985 984 1093 799 1326 1020 265 857 952 636 0 248 299 964 991 258 620 369 190 1151 1080 961 1507 1554 1009 279 794 695 610 980 602 865 67 1501 1386 961 671 570 1225 422 1292 889 1194 1096
719 703 815 1317 711 1112 929 1262 99 1119 1167 802 705 1320 253 1008 1053 744 209 1027 967 966 1075 781 1307 1002 246 839 934 618 248 0 133 946 973 93 601 203 172 1133 1062 942 1489 1535 991 261 775 677 592 962 583 847 209 1483 1367 942 653 552 1207 257 1274 871 1175 1077
771 754 866 1369 762 1163 980 1313 150 1170 1218 853 756 1372 304 1059 1104 795 260 1078 1018 1017 1126 832 1358 1053 297 890 985 669 299 133 0 997 1024 144 653 95 223 1184 1113 993 1540 1586 1042 312 826 728 643 1013 634 898 260 1534 1419 994 704 603 1258 246 1325 922 1226 1128
277 836 948 1219 259 1013 831 1163 963 1020 1069 168 292 1222 826 909 955 646 760 928 869 49 977 682 1209 903 819 740 82 518 964 946 997 0 874 957 373 1067 888 1034 963 844 1390 1437 892 834 194 396 384 863 391 979 926 1385 1269 844 323 446 1108 1120 1175 773 1077 979
805 1117 1229 524 639 314 359 464 990 321 219 730 791 523 852 221 341 254 787 261 109 894 277 222 514 287 846 280 862 927 991 973 1024 874 0 983 530 1093 915 195 342 341 695 742 86 861 703 880 520 322 511 1261 952 689 574 134 581 638 409 1147 476 312 382 129
730 714 826 1328 722 1122 940 1272 94 1129 1178 812 716 1331 263 1018 1064 755 219 1037 978 976 1086 791 1318 1012 257 849 945 628 258 93 144 957 983 0 612 213 182 1143 1072 953 1499 1546 1001 272 786 687 603 972 594 857 220 1494 1378 953 663 562 1217 267 1284 881 1186 1088
427 746 858 875 138 669 486 819 618 676 724 229 420 878 481 565 610 301 416 584 524 393 632 338 864 559 475 396 361 556 620 601 653 373 530 612 0 722 544 690 619 499 1046 1092 548 490 203 509 92 519 95 890 581 1040 925 500 80 266 764 776 831 428 732 634
840 824 936 1438 832 1232 1050 1382 220 1239 1288 923 826 1441 373 1128 1174 865 329 1148 1088 1086 1196 902 1428 1122 367 960 1055 739 369 203 95 1067 1093 213 722 0 292 1253 1183 1063 1610 1656 1111 382 896 797 713 1083 704 967 330 1604 1488 1063 773 673 1327 315 1394 992 1296 1198
661 645 757 1260 653 1054 871 1204 189 1061 1109 744 647 1263 195 950 995 686 151 969 909 908 1017 723 1249 944 188 781 876 560 190 172 223 888 915 182 544 292 0 1075 1004 884 1431 1477 933 203 717 619 534 904 525 789 151 1425 1310 885 595 494 1149 346 1216 813 1117 1019
965 1277 1389 352 799 276 322 426 1150 283 181 890 951 485 1012 149 178 414 947 223 201 1054 240 382 342 250 1006 409 1022 1087 1151 1133 1184 1034 195 1143 690 1253 1075 0 170 304 523 570 177 1021 863 1040 680 284 671 1421 1112 518 402 225 741 798 371 1307 376 380 210 91
895 1207 1319 280 728 424 469 373 1079 430 328 819 880 528 942 182 86 418 876 370 344 983 387 385 270 397 935 443 952 1016 1080 1062 1113 963 342 1072 619 1183 1004 170 0 451 451 498 324 950 793 969 609 431 601 1350 1041 446 330 319 670 727 371 1236 304 475 138 238
775 1087 1199 503 609 190 77 340 959 197 246 700 761 399 822 418 459 224 757 137 347 864 154 186 492 150 816 127 832 897 961 942 993 844 341 953 499 1063 884 304 451 0 659 720 324 830 673 850 490 110 481 1231 922 665 683 353 550 607 285 1117 352 98 491 237
1321 1633 1745 194 1155 493 677 418 1506 482 682 1246 1307 284 1368 580 459 844 1303 578 701 1410 528 812 204 605 1362 765 1378 1443 1507 1489 1540 1390 695 1499 1046 1610 1431 523 451 659 0 222 677 1377 1220 1396 1036 639 1028 1777 1468 45 572 725 1097 1154 416 1663 348 736 338 591
1368 1680 1792 241 1202 554 738 464 1552 543 728 1293 1354 483 1415 627 505 891 1349 640 747 1456 589 859 251 666 1409 826 1425 1490 1554 1535 1586 1437 742 1546 1092 1656 1477 570 498 720 222 0 724 1423 1266 1442 1083 701 1074 1824 1515 216 453 772 1143 1200 462 1710 395 797 385 638
823 1135 1247 506 657 296 341 446 1008 303 201 748 809 505 870 239 332 272 805 243 92 912 259 240 496 270 864 298 880 945 1009 991 1042 892 86 1001 548 1111 933 177 324 324 677 724 0 879 721 898 538 304 529 1279 970 672 556 116 599 656 391 1165 458 330 364 111
608 591 703 1206 599 1000 817 1150 278 1007 1055 690 593 1209 91 896 941 632 97 915 855 854 963 669 1195 890 97 727 822 506 279 261 312 834 861 272 490 382 203 1021 950 830 1377 1423 879 0 663 565 480 850 471 735 241 1371 1256 831 541 440 1095 435 1162 759 1063 966
248 806 918 1048 112 842 660 992 792 849 898 50 263 1051 655 738 784 475 589 757 698 214 806 512 1038 732 649 570 182 488 794 775 826 194 703 786 203 896 717 863 793 673 1220 1266 721 663 0 366 213 693 220 950 755 1214 1098 673 152 417 937 950 1004 602 906 808
143 514 626 1225 431 1019 836 1169 694 1026 1075 340 129 1228 556 915 961 651 491 934 874 416 982 688 1214 909 550 746 384 196 695 677 728 396 880 687 509 797 619 1040 969 850 1396 1442 898 565 366 0 499 869 491 658 656 1390 1275 850 495 268 1114 851 1181 778 1083 985
425 737 849 865 149 659 477 809 609 666 715 239 410 868 472 555 601 292 406 574 515 403 623 328 855 549 465 386 372 547 610 592 643 384 520 603 92 713 534 680 609 490 1036 1083 538 480 213 499 0 509 85 880 572 1030 915 490 90 257 754 766 821 418 723 625
795 1107 1219 483 629 171 97 321 979 178 226 719 780 380 842 410 439 243 776 118 327 883 134 206 473 144 835 146 852 917 980 962 1013 863 322 972 519 1083 904 284 431 110 639 701 304 850 693 869 509 0 501 1250 941 646 663 352 570 627 266 1136 333 117 471 217
416 728 840 856 156 651 468 801 600 657 706 247 402 859 463 546 592 283 398 566 506 410 614 320 846 540 457 378 379 538 602 583 634 391 511 594 95 704 525 671 601 481 1028 1074 529 471 220 491 85 501 0 872 563 1022 906 481 97 248 745 758 812 410 714 616
891 163 72 1770 1164 1564 1382 1714 1028 1571 1620 1088 876 1773 891 1460 1506 1197 825 1479 1420 1163 1528 1234 1760 1454 884 1291 1132 687 1029 1011 1062 1143 1425 1022 1054 1132 953 1585 1514 1395 1941 1988 1443 899 1114 822 1045 1415 1036 0 991 1936 1820 1395 1105 1004 1659 1185 1726 1324 1628 1530
699 683 795 1297 691 1091 909 1241 226 1098 1147 781 685 1300 232 987 1033 724 188 1006 947 945 1055 760 1287 981 226 818 914 597 67 209 260 926 952 220 581 330 151 1112 1041 922 1468 1515 970 241 755 656 572 941 563 826 0 1463 1347 922 632 531 1186 384 1253 851 1155 1057
1316 1628 1740 188 1150 499 683 412 1500 488 676 1240 1301 290 1363 575 453 839 1297 585 695 1404 534 807 198 611 1356 771 1373 1438 1501 1483 1534 1385 689 1494 1040 1604 1425 518 446 665 45 216 672 1371 1214 1390 1030 646 1022 1771 1463 0 566 720 1091 1148 410 1657 343 742 333 586
1200 1512 1624 401 1034 584 701 494 1385 573 560 1125 1186 649 1247 459 338 723 1182 602 580 1289 619 691 390 629 1241 749 1257 1322 1386 1367 1419 1269 574 1378 925 1488 1310 402 330 683 572 453 556 1256 1098 1275 915 663 906 1656 1347 566 0 604 976 1032 491 1542 424 759 258 470
775 1087 1199 554 609 344 340 494 960 351 249 700 761 553 822 191 311 224 757 291 140 864 307 192 544 317 816 250 832 897 961 942 994 844 134 953 500 1063 885 225 319 353 725 772 116 831 673 850 490 352 481 1231 922 720 604 0 551 608 439 1117 506 282 412 159
376 797 909 926 88 720 537 870 670 727 775 179 391 929 532 616 661 352 467 635 575 342 683 389 915 610 526 447 311 607 671 653 704 323 581 663 80 773 595 741 670 550 1097 1143 599 541 152 495 90 570 97 941 632 1091 976 551 0 318 815 827 882 479 783 685
193 696 809 982 376 777 594 927 569 784 832 391 179 985 432 673 718 409 366 692 632 466 740 446 972 667 425 504 434 390 570 552 603 446 638 562 266 673 494 798 727 607 1154 1200 656 440 417 268 257 627 248 840 531 1148 1032 608 318 0 872 726 939 536 840 742
1039 1351 1463 244 873 120 303 82 1224 108 314 964 1025 184 1086 497 378 488 1021 205 415 1128 154 450 234 231 1080 391 1096 1161 1225 1207 1258 1108 409 1217 764 1327 1149 371 371 285 416 462 391 1095 937 1114 754 266 745 1495 1186 410 491 439 815 872 0 1381 94 362 258 304
894 877 989 1492 885 1286 1104 1436 274 1293 1342 976 880 1495 427 1182 1228 918 383 1201 1142 1140 1249 955 1482 1176 421 1013 1109 792 422 257 246 1120 1147 267 776 315 346 1307 1236 1117 1663 1710 1165 435 950 851 766 1136 758 1021 384 1657 1542 1117 827 726 1381 0 1448 1045 1350 1252
1106 1418 1530 177 940 187 370 97 1291 175 381 1031 1092 251 1153 433 311 555 1088 272 482 1195 221 517 167 298 1147 458 1163 1228 1292 1274 1325 1175 476 1284 831 1394 1216 376 304 352 348 395 458 1162 1004 1181 821 333 812 1562 1253 343 424 506 882 939 94 1448 0 429 191 371
704 1016 1128 579 538 267 84 417 888 274 322 628 689 476 751 347 467 152 685 182 306 792 230 120 569 157 744 114 761 826 889 871 922 773 312 881 428 992 813 380 475 98 736 797 330 759 602 778 418 117 410 1159 851 742 759 282 479 536 362 1045 429 0 567 313
1008 1320 1432 167 842 350 508 260 1192 339 368 933 994 415 1055 267 145 531 989 410 388 1096 385 499 157 437 1049 557 1065 1130 1194 1175 1226 1077 382 1186 732 1296 1117 210 138 491 338 385 364 1063 906 1083 723 471 714 1464 1155 333 258 412 783 840 258 1350 191 567 0 278
910 1222 1334 420 744 209 255 359 1094 216 114 835 896 418 957 217 246 359 892 156 134 999 173 327 410 183 951 342 967 1032 1096 1077 1128 979 129 1088 634 1198 1019 91 238 237 591 638 111 966 808 985 625 217 616 1366 1057 586 470 159 685 742 304 1252 371 313 278 0
EOF