NAME : tsp_problem
TYPE : TSP
DIMENSION : 72
EDGE_WEIGHT_TYPE : EXPLICIT
EDGE_WEIGHT_FORMAT : FULL_MATRIX
EDGE_WEIGHT_SECTION
0 587 1515 415 1267 1120 1269 1104 1210 477 3046 1364 1131 653 1209 1304 523 258 451 1556 316 398 1257 939 1632 618 550 1331 601 1615 493 1221 714 469 578 1475 968 336 318 964 1304 535 599 1125 1486 1621 1521 485 529 1386 1219 380 1610 480 566 64 494 224 1257 1241 1484 463 1614 612 1197 703 1282 1272 1284 90 572 298
587 0 1027 197 779 632 782 616 722 229 2860 876 644 789 722 816 276 395 161 1069 295 534 769 451 1447 374 142 844 353 1128 200 734 152 739 409 988 480 276 294 476 816 123 63 637 998 1134 1034 509 666 898 732 739 1122 617 426 582 558 584 769 753 996 149 1126 580 709 273 794 784 796 556 709 435
1679 1191 0 1363 856 950 675 967 759 1395 3321 866 774 1813 712 806 1442 1487 1327 60 1387 1626 806 928 2352 1389 1308 450 1368 119 1365 724 1116 1830 1424 93 957 1368 1385 795 806 1289 1180 947 56 125 25 1524 1757 888 722 1831 1112 1708 1441 1673 1573 1675 663 610 59 1315 117 1595 633 1236 1015 774 1017 1648 1800 1526
415 197 1198 0 951 804 953 787 893 179 2804 1047 815 617 893 988 226 223 105 1240 169 362 941 623 1391 324 253 1015 303 1299 195 905 324 566 359 1159 652 189 171 648 988 145 209 809 1170 1305 1205 450 493 1069 903 567 1293 444 376 409 458 411 941 924 1168 94 1297 530 881 406 966 955 967 384 536 262
1267 779 691 951 0 170 244 187 121 984 3277 822 199 1401 668 762 1030 1075 915 733 975 1214 74 357 1941 977 897 425 957 792 954 680 704 1418 1012 652 328 956 974 367 762 877 768 167 662 798 698 1113 1346 844 678 1419 1068 1297 1029 1262 1161 1263 231 271 660 903 790 1184 312 824 235 730 237 1236 1388 1115
1120 632 786 804 170 0 339 40 216 836 3207 793 294 1254 639 733 883 928 768 828 828 1067 169 210 1793 830 749 520 809 887 806 651 557 1271 865 747 181 809 826 393 733 730 621 29 757 893 793 965 1198 815 649 1272 1039 1149 882 1114 1014 1116 326 366 755 756 885 1036 407 677 185 701 186 1089 1241 967
1269 782 511 953 244 339 0 355 147 986 3122 667 162 1403 513 608 1032 1077 917 553 977 1216 194 518 1943 979 899 245 959 612 956 525 706 1421 1015 472 497 958 976 330 608 880 770 335 482 618 518 1115 1348 690 523 1421 913 1299 1031 1264 1164 1266 51 91 480 906 610 1186 132 826 404 576 405 1238 1391 1117
1104 616 803 787 187 40 355 0 232 820 3190 777 311 1237 622 717 866 911 751 845 812 1051 186 194 1777 814 733 536 793 904 790 634 540 1255 849 764 165 792 810 377 717 714 604 44 774 910 810 949 1182 799 633 1255 1023 1133 865 1098 998 1100 343 383 772 740 902 1020 424 661 202 685 203 1072 1225 951
1210 722 595 893 121 216 147 232 0 926 3180 725 102 1343 571 665 972 1017 858 636 918 1157 120 403 1883 920 839 328 899 695 896 583 646 1361 955 555 374 898 916 271 665 820 711 212 566 701 601 1055 1288 747 581 1362 971 1239 972 1204 1104 1206 135 175 564 846 694 1126 216 767 280 633 282 1178 1331 1057
477 229 1231 179 984 836 986 820 926 0 2960 1080 848 592 926 1020 70 284 215 1273 230 424 973 656 1547 168 111 1048 148 1332 54 938 356 628 204 1192 684 250 233 680 1020 300 241 841 1202 1338 1238 304 555 1102 936 629 1326 506 220 471 353 473 973 957 1200 227 1330 375 913 251 998 988 1000 445 598 324
3058 2872 3094 2817 3215 3186 3060 3170 3118 2972 0 2615 3040 3260 2604 2555 3019 2865 2781 3136 2766 3005 3165 3005 1482 3117 2964 2911 3096 3195 2988 2616 2963 3209 3152 3055 3034 2746 2764 2872 2698 2820 2884 3191 3066 3201 3101 3092 3136 2637 2614 3210 2283 3087 3169 3052 3101 3054 3048 2995 3064 2769 3193 3219 2951 3084 3348 2666 3350 3026 3179 2905
1364 876 702 1047 822 793 667 777 725 1080 2677 0 647 1497 211 92 1126 1171 1011 743 1072 1311 772 612 2037 1074 993 518 1053 802 1050 223 800 1515 1109 662 641 1052 1070 479 305 974 864 798 673 808 708 1209 1442 51 221 1516 468 1393 1125 1358 1258 1360 655 602 671 1000 801 1280 558 921 955 273 957 1332 1485 1211
1131 644 610 815 199 294 162 311 102 848 3102 647 0 1265 493 587 894 939 779 651 839 1078 150 380 1805 841 761 343 821 710 818 505 568 1283 877 570 409 820 838 192 587 742 632 290 581 716 616 977 1210 669 503 1283 893 1161 893 1126 1026 1128 150 190 579 768 709 1048 231 688 359 555 360 1100 1253 979
653 789 1648 617 1401 1254 1403 1237 1343 592 3247 1497 1265 0 1343 1438 571 419 653 1690 518 282 1390 1073 1834 448 679 1465 469 1749 622 1355 722 286 409 1609 1102 538 520 1097 1437 737 801 1258 1619 1755 1655 371 147 1519 1353 375 1743 195 397 647 420 531 1391 1374 1617 664 1747 245 1331 601 1416 1405 1417 621 104 377
1209 722 547 893 668 639 513 622 571 926 2666 211 493 1343 0 151 972 1017 857 589 917 1156 618 458 1883 919 839 364 899 648 896 69 646 1361 955 508 487 898 916 325 151 820 710 644 519 654 554 1055 1288 233 67 1361 457 1239 971 1204 1104 1206 501 448 517 846 646 1126 404 766 801 119 802 1178 1331 1057
1304 816 642 988 762 733 608 717 665 1020 2617 92 587 1438 151 0 1067 1112 952 684 1012 1251 713 553 1977 1014 933 459 993 743 990 163 741 1455 1049 603 582 993 1010 420 246 914 805 738 613 749 649 1149 1382 111 161 1456 408 1333 1066 1298 1198 1300 595 542 611 940 741 1220 499 861 895 214 897 1273 1425 1151
523 276 1277 226 1030 883 1032 866 972 70 3007 1126 894 571 972 1067 0 331 262 1319 277 470 1019 702 1593 147 158 1094 127 1378 100 984 351 674 183 1238 731 297 279 727 1067 347 288 887 1249 1384 1284 283 602 1148 982 675 1372 553 199 517 331 519 1020 1003 1246 273 1376 354 960 230 1045 1034 1046 492 644 371
258 395 1322 223 1075 928 1077 911 1017 284 2853 1171 939 419 1017 1112 331 0 259 1364 123 164 1065 747 1440 384 358 1139 405 1423 300 1029 522 368 345 1283 776 144 126 772 1112 343 407 933 1294 1429 1329 252 296 1194 1027 410 1417 247 333 253 260 255 1065 1048 1292 270 1421 378 1005 511 1090 1079 1091 227 338 106
451 161 1162 105 915 768 917 751 858 215 2769 1011 779 653 857 952 262 259 0 1204 204 398 905 587 1355 360 253 979 339 1263 231 869 288 602 395 1123 616 185 202 612 952 109 173 773 1134 1269 1169 486 529 1034 867 603 1257 480 411 445 494 447 905 888 1132 58 1261 566 845 408 930 920 931 420 572 298
1721 1233 60 1404 897 992 717 1009 801 1437 3362 908 816 1854 753 848 1483 1528 1368 0 1429 1668 848 969 2394 1431 1350 492 1410 134 1407 765 1157 1872 1466 125 998 1409 1427 836 848 1331 1221 989 89 140 53 1566 1799 930 763 1873 1153 1750 1482 1715 1615 1717 705 651 91 1357 132 1637 674 1278 1057 816 1059 1689 1842 1568
316 295 1223 169 975 828 977 812 918 230 2754 1072 839 518 917 1012 277 123 204 1264 0 263 965 647 1340 375 304 1039 354 1323 246 929 422 467 410 1183 676 70 52 672 1012 243 307 833 1194 1329 1229 351 394 1094 927 468 1317 345 427 310 359 312 965 948 1192 192 1322 477 905 457 990 980 992 285 437 163
398 534 1462 362 1214 1067 1216 1051 1157 424 2993 1311 1078 282 1156 1251 470 164 398 1503 263 0 1204 886 1579 368 497 1278 388 1562 440 1168 642 232 328 1422 915 283 265 911 1251 482 546 1072 1433 1568 1468 235 159 1333 1166 320 1556 110 316 392 244 394 1204 1187 1431 409 1561 362 1144 520 1229 1219 1231 366 202 122
1257 769 642 941 74 169 194 186 120 973 3227 772 150 1390 618 713 1019 1065 905 683 965 1204 0 356 1930 967 886 375 946 742 943 630 693 1408 1002 603 327 945 963 318 712 867 758 165 613 748 648 1102 1335 794 628 1409 1018 1286 1019 1251 1151 1253 182 222 611 893 741 1173 263 814 234 680 235 1226 1378 1104
939 451 763 623 357 210 518 194 403 656 3026 612 380 1073 458 553 702 747 587 805 647 886 356 0 1613 649 568 580 629 864 626 470 376 1090 684 724 58 628 645 213 553 549 440 215 735 870 770 785 1018 634 468 1091 858 969 701 933 833 935 506 489 732 575 862 856 446 496 372 520 374 908 1060 787
1693 1508 2249 1452 2002 1854 2004 1838 1944 1608 1434 2098 1866 1895 1944 2038 1654 1501 1416 2291 1401 1640 1991 1674 0 1752 1600 2066 1732 2350 1624 1956 1599 1844 1788 2210 1703 1382 1399 1698 2038 1456 1520 1859 2220 2356 2256 1728 1772 2120 1954 1845 2344 1723 1804 1687 1736 1689 1992 1975 2218 1405 2348 1854 1932 1719 2017 2006 2018 1662 1814 1541
618 374 1225 324 977 830 979 814 920 168 3105 1074 841 448 919 1014 147 384 360 1266 375 368 967 649 1691 0 256 1041 74 1325 198 931 298 572 130 1185 678 395 377 674 1014 445 386 835 1196 1331 1231 160 499 1096 929 661 1319 450 146 612 209 614 967 950 1194 371 1324 231 907 177 992 982 994 587 528 343
550 142 1144 253 897 749 899 733 839 111 2952 993 761 679 839 933 158 358 253 1186 304 497 886 568 1538 256 0 961 235 1245 81 851 269 701 291 1105 597 324 306 593 933 215 154 754 1115 1251 1151 391 629 1015 849 702 1239 580 308 544 440 546 886 870 1113 241 1243 462 826 338 911 901 913 519 671 398
1331 844 286 1015 425 520 245 536 328 1048 2973 518 343 1465 364 459 1094 1139 979 328 1039 1278 375 580 2005 1041 961 0 1021 387 1018 376 768 1483 1077 247 609 1020 1038 447 459 942 832 516 257 393 293 1177 1410 540 374 1483 764 1361 1093 1326 1225 1328 232 179 255 968 385 1248 202 888 585 426 586 1300 1453 1179
601 353 1204 303 957 809 959 793 899 148 3084 1053 821 469 899 993 127 405 339 1246 354 388 946 629 1671 74 235 1021 0 1305 178 911 278 593 109 1165 657 374 357 653 993 424 365 814 1175 1311 1211 181 520 1075 909 681 1299 471 126 595 229 597 946 930 1173 351 1303 252 886 156 971 961 973 569 548 363
1780 1292 119 1463 956 1051 776 1068 860 1496 3421 967 875 1913 812 907 1542 1587 1428 134 1488 1727 907 1028 2453 1490 1409 551 1469 0 1466 824 1216 1931 1525 184 1057 1468 1486 895 907 1390 1281 1048 148 88 112 1625 1858 989 822 1932 1213 1809 1542 1774 1674 1776 764 710 150 1416 110 1696 733 1337 1116 875 1118 1748 1901 1627
493 200 1201 195 954 806 956 790 896 54 2976 1050 818 622 896 990 100 300 231 1243 246 440 943 626 1563 198 81 1018 178 1302 0 908 326 644 234 1162 655 266 249 650 990 272 212 811 1172 1308 1208 334 571 1072 906 644 1296 522 250 487 382 489 944 927 1170 243 1300 405 884 281 969 958 970 461 614 340
1221 734 559 905 680 651 525 634 583 938 2678 223 505 1355 69 163 984 1029 869 601 929 1168 630 470 1895 931 851 376 911 660 908 0 658 1373 967 520 499 910 928 337 114 832 722 656 531 666 566 1067 1300 245 79 1373 469 1251 983 1216 1116 1218 513 460 529 858 658 1138 416 778 813 104 814 1190 1343 1069
714 152 951 324 704 557 706 540 646 356 2951 800 568 722 646 741 351 522 288 993 422 642 693 376 1538 298 269 768 278 1052 326 658 0 846 334 912 405 403 421 400 740 250 141 561 922 1058 958 434 773 822 656 866 1046 724 350 709 483 710 694 677 920 276 1050 505 634 145 719 708 720 683 801 562
469 739 1666 566 1418 1271 1421 1255 1361 628 3197 1515 1283 286 1361 1455 674 368 602 1708 467 232 1408 1090 1783 572 701 1483 593 1767 644 1373 846 0 533 1627 1119 487 469 1115 1455 686 751 1276 1637 1773 1673 440 163 1537 1371 112 1761 144 520 464 448 269 1408 1392 1635 614 1765 507 1348 724 1433 1423 1435 438 206 327
578 409 1260 359 1012 865 1015 849 955 204 3140 1109 877 409 955 1049 183 345 395 1302 410 328 1002 684 1726 130 291 1077 109 1361 234 967 334 533 0 1221 713 430 412 709 1049 480 421 870 1231 1367 1267 121 460 1131 965 621 1355 411 146 573 169 575 1002 986 1229 407 1359 192 942 212 1027 1017 1029 547 488 303
1640 1152 93 1324 816 911 636 928 720 1356 3282 827 735 1773 673 767 1402 1448 1288 125 1348 1587 767 888 2313 1350 1269 411 1329 184 1326 685 1076 1791 1385 0 917 1328 1346 755 767 1250 1141 908 116 190 90 1485 1718 849 683 1792 1073 1669 1402 1634 1534 1636 624 570 114 1276 182 1556 594 1197 976 735 978 1609 1761 1487
968 480 792 652 328 181 497 165 374 684 3055 641 409 1102 487 582 731 776 616 834 676 915 327 58 1641 678 597 609 657 893 655 499 405 1119 713 753 0 657 674 241 581 578 469 186 763 899 799 814 1047 663 497 1120 887 998 730 962 862 964 485 518 761 604 891 884 475 525 343 549 345 937 1089 816
336 276 1203 189 956 809 958 792 898 250 2734 1052 820 538 898 993 297 144 185 1245 70 283 945 628 1321 395 324 1020 374 1304 266 910 403 487 430 1164 657 0 72 653 993 224 288 813 1175 1310 1210 371 414 1074 908 488 1298 365 447 330 379 332 946 929 1172 173 1302 497 886 477 971 960 972 305 457 183
318 294 1221 171 974 826 976 810 916 233 2752 1070 838 520 916 1010 279 126 202 1263 52 265 963 645 1338 377 306 1038 357 1322 249 928 421 469 412 1182 674 72 0 670 1010 241 306 831 1192 1328 1228 353 396 1092 926 470 1316 348 429 312 361 314 963 947 1190 190 1320 479 903 459 988 978 990 287 439 165
964 476 630 648 367 393 330 377 271 680 2934 479 192 1097 325 420 727 772 612 672 672 911 318 213 1637 674 593 447 653 731 650 337 400 1115 709 591 241 653 670 0 419 574 465 398 602 737 637 809 1042 501 335 1116 725 993 726 958 858 960 318 356 599 600 729 880 313 521 527 387 529 933 1085 811
1304 816 642 988 762 733 608 717 665 1020 2760 305 587 1437 151 246 1067 1112 952 684 1012 1251 712 553 1977 1014 933 459 993 743 990 114 740 1455 1049 603 581 993 1010 419 0 914 805 738 613 749 649 1149 1382 327 112 1456 551 1333 1066 1298 1198 1300 595 542 611 940 741 1220 499 861 895 60 897 1273 1425 1151
535 123 1125 145 877 730 880 714 820 300 2808 974 742 737 820 914 347 343 109 1167 243 482 867 549 1394 445 215 942 424 1226 272 832 250 686 480 1086 578 224 241 574 914 0 135 735 1096 1232 1132 570 614 996 830 687 1220 565 497 529 578 531 867 851 1094 97 1224 651 807 371 892 882 894 504 656 383
599 63 1015 209 768 621 770 604 711 241 2872 864 632 801 710 805 288 407 173 1057 307 546 758 440 1459 386 154 832 365 1116 212 722 141 751 421 976 469 288 306 465 805 135 0 626 987 1122 1022 521 678 887 720 751 1110 629 438 594 570 596 758 741 985 161 1114 592 698 261 783 773 784 568 721 447
1125 637 783 809 167 29 335 44 212 841 3212 798 290 1258 644 738 887 933 773 824 833 1072 165 215 1798 835 754 516 814 883 811 656 561 1276 870 743 186 813 831 398 738 735 626 0 754 889 789 970 1203 820 654 1277 1044 1154 887 1119 1019 1121 323 362 752 761 882 1041 404 682 181 706 183 1094 1246 972
1650 1162 56 1334 827 922 647 938 730 1367 3292 837 745 1784 683 777 1413 1458 1298 89 1358 1597 777 899 2324 1360 1279 421 1340 148 1337 695 1087 1801 1395 116 928 1339 1356 766 777 1260 1151 918 0 154 54 1496 1729 859 693 1802 1083 1680 1412 1644 1544 1646 634 581 87 1286 146 1566 604 1207 986 745 988 1619 1771 1498
1786 1298 125 1469 962 1057 782 1074 866 1502 3427 973 881 1919 818 913 1548 1593 1433 140 1494 1733 913 1034 2459 1496 1415 557 1475 88 1472 830 1222 1937 1531 190 1063 1474 1492 901 913 1396 1287 1054 154 0 118 1631 1864 995 828 1938 1219 1815 1548 1780 1680 1782 770 716 156 1422 104 1702 739 1343 1122 881 1124 1754 1907 1633
1686 1198 25 1369 862 957 682 974 766 1402 3327 873 781 1819 718 813 1448 1493 1333 53 1394 1633 813 934 2359 1396 1315 457 1375 112 1372 730 1122 1837 1431 90 963 1374 1392 801 813 1296 1186 954 54 118 0 1531 1764 895 728 1838 1118 1715 1447 1680 1580 1682 670 616 56 1322 110 1602 639 1243 1022 781 1023 1654 1807 1533
485 509 1360 450 1113 965 1115 949 1055 304 3080 1209 977 371 1055 1149 283 252 486 1402 351 235 1102 785 1667 160 391 1177 181 1461 334 1067 434 440 121 1321 814 371 353 809 1149 570 521 970 1331 1467 1367 0 367 1231 1065 528 1455 318 108 480 76 482 1103 1086 1329 497 1459 154 1042 312 1127 1117 1129 454 410 210
529 666 1593 493 1346 1198 1348 1182 1288 555 3124 1442 1210 147 1288 1382 602 296 529 1635 394 159 1335 1018 1711 499 629 1410 520 1694 571 1300 773 163 460 1554 1047 414 396 1042 1382 614 678 1203 1564 1700 1600 367 0 1464 1298 252 1688 72 448 523 375 408 1335 1319 1562 541 1692 367 1275 652 1360 1350 1362 498 66 254
1386 898 724 1069 844 815 690 799 747 1102 2699 51 669 1519 233 111 1148 1194 1034 765 1094 1333 794 634 2059 1096 1015 540 1075 824 1072 245 822 1537 1131 685 663 1074 1092 501 327 996 887 820 695 830 730 1231 1464 0 243 1538 490 1415 1148 1380 1280 1382 677 624 693 1022 823 1302 580 943 977 295 979 1355 1507 1233
1219 732 557 903 678 649 523 633 581 936 2676 221 503 1353 67 161 982 1027 867 599 927 1166 628 468 1893 929 849 374 909 658 906 79 656 1371 965 518 497 908 926 335 112 830 720 654 529 664 564 1065 1298 243 0 1371 467 1249 981 1214 1114 1216 511 458 527 856 656 1136 414 776 811 101 813 1188 1341 1067
380 739 1667 567 1419 1272 1421 1255 1362 629 3197 1516 1283 375 1361 1456 675 410 603 1708 468 320 1409 1091 1784 661 702 1483 681 1767 644 1373 866 112 621 1627 1120 488 470 1116 1456 687 751 1277 1638 1773 1673 528 252 1538 1371 0 1761 233 609 374 537 179 1409 1392 1636 614 1766 595 1349 813 1434 1424 1435 349 294 415
1610 1122 947 1293 1068 1039 913 1023 971 1326 2345 468 893 1743 457 408 1372 1417 1257 989 1317 1556 1018 858 2283 1319 1239 764 1299 1048 1296 469 1046 1761 1355 908 887 1298 1316 725 551 1220 1110 1044 919 1054 954 1455 1688 490 467 1761 0 1639 1371 1604 1504 1606 901 848 917 1246 1046 1526 804 1166 1201 519 1203 1578 1731 1457
480 617 1544 444 1297 1149 1299 1133 1239 506 3075 1393 1161 195 1239 1333 553 247 480 1586 345 110 1286 969 1662 450 580 1361 471 1645 522 1251 724 144 411 1505 998 365 348 993 1333 565 629 1154 1515 1651 1551 318 72 1415 1249 233 1639 0 399 475 326 389 1287 1270 1513 492 1643 415 1227 603 1312 1301 1313 449 114 205
566 426 1276 376 1029 882 1031 865 972 220 3157 1125 893 397 971 1066 199 333 411 1318 427 316 1019 701 1743 146 308 1093 126 1377 250 983 350 520 146 1237 730 447 429 726 1066 497 438 887 1248 1383 1283 108 448 1148 981 609 1371 399 0 561 157 562 1019 1002 1246 423 1375 179 959 229 1044 1034 1045 535 476 291
64 582 1509 409 1262 1114 1264 1098 1204 471 3040 1358 1126 647 1204 1298 517 253 445 1551 310 392 1251 933 1626 612 544 1326 595 1610 487 1216 709 464 573 1470 962 330 312 958 1298 529 594 1119 1480 1616 1516 480 523 1380 1214 374 1604 475 561 0 488 218 1251 1235 1478 457 1608 606 1191 698 1276 1266 1278 96 566 292
494 558 1409 458 1161 1014 1164 998 1104 353 3089 1258 1026 420 1104 1198 331 260 494 1450 359 244 1151 833 1675 209 440 1225 229 1510 382 1116 483 448 169 1370 862 379 361 858 1198 578 570 1019 1380 1515 1415 76 375 1280 1114 537 1504 326 157 488 0 490 1151 1135 1378 506 1508 203 1091 361 1176 1166 1178 462 418 218
224 584 1511 411 1263 1116 1266 1100 1206 473 3042 1360 1128 531 1206 1300 519 255 447 1553 312 394 1253 935 1628 614 546 1328 597 1612 489 1218 710 269 575 1472 964 332 314 960 1300 531 596 1121 1482 1618 1518 482 408 1382 1216 179 1606 389 562 218 490 0 1253 1237 1480 459 1610 608 1193 700 1278 1268 1280 193 451 294
1257 769 499 941 231 326 51 343 135 973 3110 655 150 1391 501 595 1020 1065 905 540 965 1204 182 506 1930 967 886 232 946 599 944 513 694 1408 1002 459 485 946 963 318 595 867 758 323 470 605 505 1103 1335 677 511 1409 901 1287 1019 1251 1151 1253 0 79 468 893 598 1173 120 814 391 563 393 1226 1378 1104
1241 753 445 924 271 366 91 383 175 957 3057 602 190 1374 448 542 1003 1048 888 487 948 1187 222 489 1914 950 870 179 930 546 927 460 677 1392 986 406 518 929 947 356 542 851 741 362 417 552 452 1086 1319 624 458 1392 848 1270 1002 1235 1135 1237 79 0 414 877 544 1157 66 797 431 510 432 1209 1362 1088
1648 1160 59 1332 825 919 644 936 728 1364 3290 835 743 1782 681 775 1411 1456 1296 91 1356 1595 775 897 2321 1358 1277 419 1337 150 1335 693 1085 1799 1393 114 926 1337 1354 764 775 1258 1149 916 87 156 56 1494 1727 857 691 1800 1081 1678 1410 1642 1542 1644 632 579 0 1284 148 1564 602 1205 984 743 986 1617 1769 1495
463 149 1151 94 903 756 906 740 846 227 2757 1000 768 664 846 940 273 270 58 1193 192 409 893 575 1343 371 241 968 351 1252 243 858 276 614 407 1112 604 173 190 600 940 97 161 761 1122 1258 1157 497 541 1022 856 614 1246 492 423 457 506 459 893 877 1120 0 1250 578 833 397 918 908 920 431 584 310
1778 1290 117 1462 955 1049 774 1066 858 1494 3420 965 873 1912 811 905 1541 1586 1426 132 1486 1725 905 1027 2451 1488 1407 549 1467 110 1464 823 1215 1929 1523 182 1056 1467 1484 894 905 1388 1279 1046 146 104 110 1623 1856 987 821 1930 1211 1807 1540 1772 1672 1774 762 709 148 1414 0 1694 732 1335 1114 873 1116 1747 1899 1625
612 580 1431 530 1184 1036 1186 1020 1126 375 3207 1280 1048 245 1126 1220 354 378 566 1473 477 362 1173 856 1793 231 462 1248 252 1532 405 1138 505 507 192 1392 884 497 479 880 1220 651 592 1041 1402 1538 1438 154 367 1302 1136 595 1526 415 179 606 203 608 1173 1157 1400 578 1530 0 1113 383 1198 1188 1200 581 324 337
1197 709 468 881 312 407 132 424 216 913 3013 558 231 1331 404 499 960 1005 845 510 905 1144 263 446 1870 907 826 202 886 569 884 416 634 1348 942 429 475 886 903 313 499 807 698 404 440 575 475 1042 1275 580 414 1349 804 1227 959 1191 1091 1193 120 66 438 833 567 1113 0 754 472 466 474 1166 1318 1044
703 273 1072 406 824 677 826 661 767 251 3072 921 688 601 766 861 230 511 408 1113 457 520 814 496 1658 177 338 888 156 1172 281 778 145 724 212 1032 525 477 459 521 861 371 261 682 1043 1178 1078 312 652 943 776 813 1166 603 229 698 361 700 814 797 1041 397 1171 383 754 0 839 829 841 672 680 495
1282 794 851 966 235 185 404 202 280 998 3369 955 359 1416 801 895 1045 1090 930 893 990 1229 234 372 1955 992 911 585 971 952 969 813 719 1433 1027 812 343 971 988 527 895 892 783 181 822 958 858 1127 1360 977 811 1434 1201 1312 1044 1276 1176 1278 391 431 820 918 950 1198 472 839 0 863 42 1251 1403 1129
1272 784 610 955 730 701 576 685 633 988 2728 273 555 1405 119 214 1034 1079 920 651 980 1219 680 520 1945 982 901 426 961 710 958 104 708 1423 1017 571 549 960 978 387 60 882 773 706 581 716 616 1117 1350 295 101 1424 519 1301 1034 1266 1166 1268 563 510 579 908 709 1188 466 829 863 0 865 1241 1393 1119
1284 796 852 967 237 186 405 203 282 1000 3370 957 360 1417 802 897 1046 1091 931 894 992 1231 235 374 1957 994 913 586 973 953 970 814 720 1435 1029 813 345 972 990 529 897 894 784 183 824 959 859 1129 1362 979 813 1435 1203 1313 1045 1278 1178 1280 393 432 822 920 951 1200 474 841 42 865 0 1252 1405 1131
90 556 1483 384 1236 1089 1238 1072 1178 445 3014 1332 1100 621 1178 1273 492 227 420 1525 285 366 1226 908 1601 587 519 1300 569 1584 461 1190 683 438 547 1444 937 305 287 933 1273 504 568 1094 1455 1590 1490 454 498 1355 1188 349 1578 449 535 96 462 193 1226 1209 1453 431 1582 581 1166 672 1251 1241 1252 0 541 267
572 709 1636 536 1388 1241 1391 1225 1331 598 3167 1485 1253 104 1331 1425 644 338 572 1678 437 202 1378 1060 1753 528 671 1453 548 1737 614 1343 801 206 488 1597 1089 457 439 1085 1425 656 721 1246 1607 1743 1643 410 66 1507 1341 294 1731 114 476 566 418 451 1378 1362 1605 584 1735 324 1318 680 1403 1393 1405 541 0 297
298 435 1362 262 1115 967 1117 951 1057 324 2893 1211 979 377 1057 1151 371 106 298 1404 163 122 1104 787 1479 343 398 1179 363 1463 340 1069 562 327 303 1323 816 183 165 811 1151 383 447 972 1333 1469 1369 210 254 1233 1067 415 1457 205 291 292 218 294 1104 1088 1331 310 1461 337 1044 495 1129 1119 1131 267 297 0
EOF