NAME : tsp_problem
TYPE : TSP
DIMENSION : 80
EDGE_WEIGHT_TYPE : EXPLICIT
EDGE_WEIGHT_FORMAT : FULL_MATRIX
EDGE_WEIGHT_SECTION
0 978 1413 838 778 1175 1389 478 630 1475 1278 980 143 964 1306 1274 977 1360 622 1167 881 952 597 1157 672 562 463 1072 921 987 1007 598 982 790 179 193 997 315 1492 928 134 553 96 812 1134 1395 2876 1097 840 964 846 1095 1539 798 733 188 605 868 331 1007 236 92 683 1336 160 1436 785 201 794 745 270 1313 992 1340 519 1369 708 1026 611 1523
978 0 693 1214 227 219 669 680 520 754 558 528 995 104 349 317 1892 509 998 211 771 354 935 437 562 764 665 115 84 335 897 937 385 680 1093 898 511 1020 535 818 1048 600 1046 702 178 675 2687 140 1216 358 159 425 582 846 781 893 807 1244 892 410 798 944 573 486 1111 716 218 799 1170 792 974 593 516 383 567 649 756 495 949 566
1413 693 0 1650 737 564 252 1116 955 84 307 458 1431 707 636 469 2327 420 1434 563 1206 637 1371 282 998 1200 1101 618 756 606 1332 1372 542 1116 1529 1334 441 1456 534 1254 1484 1036 1482 1138 603 258 2654 643 1652 628 759 342 487 1282 1217 1328 1243 1680 1328 504 1234 1380 1008 422 1546 45 728 1234 1606 1228 1410 176 447 574 1002 232 1191 412 1385 503
1003 1379 1814 0 1179 1576 1790 851 1031 1876 1679 1381 1020 1365 1706 1675 1917 1761 470 1568 1027 1353 615 1558 1073 767 864 1473 1322 1388 1152 616 1383 1091 1118 923 1398 1045 1893 1074 1073 954 1071 1069 1535 1796 3461 1498 70 1365 1247 1496 1940 918 853 917 727 70 917 1408 823 969 1084 1737 1136 1837 1186 824 117 864 999 1714 1393 1741 920 1770 848 1427 628 1924
778 227 737 1015 0 425 713 480 320 798 601 374 796 213 555 523 1692 683 799 416 571 201 736 481 363 565 466 321 170 237 697 737 231 480 894 699 357 821 741 619 849 401 847 503 384 718 2488 346 1017 213 95 419 788 646 582 693 607 1045 693 257 599 745 373 660 911 759 64 599 970 593 775 636 362 589 367 693 556 350 749 772
1175 219 564 1412 425 0 540 878 717 625 429 524 1193 232 153 122 2089 313 1196 239 968 399 1133 347 760 962 863 144 281 363 1094 1134 504 878 1291 1096 507 1218 340 1016 1246 798 1244 900 120 545 2719 160 1414 386 356 407 387 1044 979 1090 1005 1442 1090 465 996 1142 770 290 1308 587 415 996 1368 990 1172 464 512 187 764 520 953 477 1147 370
1389 669 252 1626 713 540 0 1091 931 313 282 434 1407 683 612 445 2303 421 1410 538 1182 612 1347 257 974 1176 1076 594 732 582 1308 1348 518 1091 1505 1310 417 1431 683 1230 1460 1012 1458 1113 578 57 2630 619 1628 604 734 318 637 1257 1193 1304 1218 1656 1304 480 1209 1356 984 398 1522 274 703 1210 1581 1204 1386 135 422 550 978 82 1167 388 1360 653
478 680 1116 687 480 878 1091 0 332 1177 980 683 496 666 1008 976 1392 1062 471 869 480 654 280 860 375 109 62 774 623 690 605 281 684 492 594 399 699 520 1194 527 549 255 547 514 837 1097 2762 799 689 666 548 798 1241 371 306 393 152 717 393 710 298 445 385 1038 611 1138 487 299 642 317 475 1015 694 1042 221 1071 301 728 294 1225
630 520 955 866 320 717 931 332 0 1016 820 522 647 506 847 816 1544 901 650 709 280 494 587 699 72 416 317 614 463 529 406 588 524 189 745 550 539 672 1034 328 700 252 698 211 676 936 2602 639 868 506 388 637 1081 363 428 544 459 896 544 549 450 596 82 878 763 978 327 451 822 417 626 855 534 882 219 911 408 568 601 1065
1475 754 84 1711 798 625 313 1177 1016 0 368 520 1492 768 663 530 2389 360 1495 624 1268 698 1432 343 1059 1261 1162 679 817 667 1393 1433 603 1177 1590 1395 503 1517 473 1315 1545 1097 1543 1199 664 319 2715 704 1713 689 820 403 426 1343 1278 1389 1304 1741 1389 565 1295 1441 1069 388 1607 62 789 1295 1667 1289 1471 237 508 635 1064 293 1253 473 1446 442
1278 558 307 1515 601 429 282 980 820 368 0 323 1295 572 501 334 2192 310 1298 427 1071 501 1235 146 862 1064 965 483 620 470 1197 1237 406 980 1393 1198 306 1320 572 1118 1348 900 1347 1002 467 288 2518 507 1516 493 623 207 525 1146 1081 1193 1107 1544 1193 368 1098 1244 873 286 1411 329 592 1099 1470 1092 1274 206 311 439 867 262 1056 277 1249 541
980 528 458 1217 374 524 434 683 522 520 323 0 998 514 595 428 1894 405 1001 411 774 274 938 202 565 767 668 466 471 309 899 939 179 683 1096 901 79 1023 667 821 1051 603 1049 705 529 440 2221 491 1219 286 396 140 620 849 784 895 810 1247 895 141 801 947 575 381 1113 481 365 801 1173 795 977 358 84 534 570 414 759 71 952 636
143 995 1431 856 796 1193 1407 496 647 1492 1295 998 0 981 1323 1291 1057 1377 640 1185 898 969 615 1175 690 580 481 1090 938 1005 1024 616 999 807 258 211 1014 333 1510 946 214 570 212 830 1152 1412 2955 1114 858 982 863 1113 1556 816 751 205 623 886 348 1025 254 94 700 1354 276 1453 802 218 811 762 287 1330 1009 1357 537 1387 726 1044 628 1540
964 104 707 1201 213 232 683 666 506 768 572 514 981 0 363 331 1878 523 985 224 757 341 922 451 549 750 651 129 70 349 883 923 371 666 1079 884 497 1006 549 805 1035 586 1033 688 192 688 2674 154 1203 353 145 439 596 832 767 879 793 1231 879 396 784 931 559 499 1097 729 204 785 1156 778 961 606 502 397 553 663 742 489 935 580
1306 349 636 1542 555 153 612 1008 847 663 501 595 1323 363 0 193 2219 385 1326 369 1099 529 1263 419 890 1092 993 258 411 494 1224 1264 634 1008 1421 1226 578 1348 214 1146 1376 928 1374 1030 192 617 2791 232 1544 516 487 479 261 1174 1109 1220 1135 1572 1220 596 1126 1272 900 362 1438 658 545 1126 1498 1120 1302 536 584 259 895 592 1084 549 1277 245
1274 317 469 1511 523 122 445 976 816 530 334 428 1291 331 193 0 2188 218 1294 337 1067 498 1231 252 858 1060 961 226 380 462 1193 1233 512 976 1389 1194 411 1316 380 1114 1345 896 1343 998 160 450 2624 200 1512 484 455 312 427 1142 1077 1189 1103 1540 1189 474 1094 1240 869 195 1407 491 514 1095 1466 1088 1270 369 417 132 863 425 1052 382 1245 411
977 1892 2327 1752 1692 2089 2303 1392 1544 2389 2192 1894 1057 1878 2219 2188 0 2274 1536 2081 1795 1866 1511 2071 1586 1476 1377 1986 1835 1901 1921 1512 1896 1704 948 1107 1911 1229 2406 1842 903 1467 1046 1726 2048 2309 1996 2011 1754 1878 1760 2009 2453 1712 1647 1102 1519 1782 1245 1921 1150 1006 1597 2250 1110 2350 1699 1115 1708 1659 1184 2227 1906 2254 1433 2283 1622 1940 1525 2437
1360 509 420 1596 683 313 421 1062 901 360 310 405 1377 523 385 218 2274 0 1380 509 1153 583 1317 228 944 1146 1047 418 572 552 1278 1318 488 1062 1475 1280 388 1402 285 1200 1430 982 1428 1084 352 427 2600 392 1598 574 647 288 238 1228 1163 1274 1189 1626 1274 450 1180 1326 954 51 1493 398 674 1181 1552 1174 1356 345 393 323 949 401 1138 358 1331 254
622 998 1434 306 799 1196 1410 471 650 1495 1298 1001 640 985 1326 1294 1536 1380 0 1188 646 972 234 1178 693 386 484 1093 942 1008 772 235 1003 710 738 543 1018 665 1513 694 693 573 691 689 1155 1415 3081 1117 307 985 867 1116 1560 537 473 537 347 335 537 1028 443 589 703 1357 755 1456 805 443 261 484 619 1333 1012 1360 540 1390 468 1047 248 1543
1167 211 563 1404 416 239 538 869 709 624 427 411 1185 224 369 337 2081 509 1188 0 960 240 1125 307 752 953 854 136 273 205 1086 1126 345 869 1283 1088 394 1209 556 1008 1238 790 1236 891 198 544 2606 160 1406 227 348 294 602 1035 971 1082 996 1434 1082 307 987 1134 762 485 1300 585 407 988 1359 982 1164 462 399 403 756 518 945 364 1138 586
881 771 1206 862 571 968 1182 480 280 1268 1071 774 898 757 1099 1067 1795 1153 646 960 0 745 455 951 238 395 494 865 714 780 150 457 775 114 996 801 790 923 1285 72 952 380 950 93 927 1188 2853 890 864 757 639 889 1332 133 198 796 356 892 796 800 701 847 228 1129 1014 1229 578 702 818 187 878 1106 785 1133 413 1162 222 819 469 1316
952 354 637 1188 201 399 612 654 494 698 501 274 969 341 529 498 1866 583 972 240 745 0 909 381 536 738 639 296 298 136 870 910 131 654 1067 872 257 994 716 792 1022 574 1020 676 358 618 2469 320 1190 113 223 319 763 820 755 866 781 1218 866 156 772 918 546 559 1085 659 192 773 1144 766 948 536 262 563 541 592 730 249 923 747
597 935 1371 450 736 1133 1347 280 587 1432 1235 938 615 922 1263 1231 1511 1317 234 1125 455 909 0 1115 630 195 295 1030 879 945 581 45 940 519 713 517 955 639 1450 503 668 435 666 498 1092 1352 3018 1054 452 922 804 1053 1496 347 282 512 156 480 512 965 417 564 634 1294 730 1393 742 418 406 293 594 1270 949 1297 467 1327 277 984 57 1480
1157 437 282 1394 481 347 257 860 699 343 146 202 1175 451 419 252 2071 228 1178 307 951 381 1115 0 742 944 845 362 500 350 1076 1116 286 860 1273 1078 185 1200 490 998 1228 780 1226 882 385 263 2398 387 1396 372 503 86 443 1026 961 1072 987 1424 1072 248 978 1124 752 204 1290 304 472 978 1350 972 1154 181 191 357 747 237 936 156 1129 459
672 562 998 909 363 760 974 375 72 1059 862 565 690 549 890 858 1586 944 693 752 238 536 630 742 0 459 360 657 506 572 364 631 567 147 788 593 582 715 1077 286 743 295 741 169 719 979 2645 681 911 549 431 680 1123 321 386 587 502 939 587 592 493 639 84 921 805 1020 369 493 865 375 669 897 576 924 261 954 410 611 644 1107
562 764 1200 602 565 962 1176 109 416 1261 1064 767 580 750 1092 1060 1476 1146 386 953 395 738 195 944 459 0 123 858 707 774 521 197 768 459 678 483 783 605 1278 442 633 339 631 437 921 1181 2846 883 604 751 632 882 1325 286 221 477 96 632 477 794 383 529 469 1122 695 1222 571 383 558 232 559 1099 778 1126 306 1155 216 812 209 1309
463 665 1101 700 466 863 1076 62 317 1162 965 668 481 651 993 961 1377 1047 484 854 494 639 295 845 360 123 0 759 608 675 620 296 669 477 579 384 684 506 1179 542 534 240 532 499 822 1082 2747 784 702 652 533 783 1226 385 321 378 166 730 378 695 284 430 370 1023 596 1123 472 284 655 332 460 1000 679 1027 207 1056 316 713 308 1210
1072 115 618 1309 321 144 594 774 614 679 483 466 1090 129 258 226 1986 418 1093 136 865 296 1030 362 657 858 759 0 178 260 991 1031 400 774 1188 992 449 1114 445 913 1143 695 1141 796 103 600 2662 65 1311 283 253 350 492 940 875 987 901 1339 987 362 892 1039 667 395 1205 641 312 893 1264 887 1069 518 455 292 661 574 850 420 1043 475
921 84 756 1158 170 281 732 623 463 817 620 471 938 70 411 380 1835 572 942 273 714 298 879 500 506 707 608 178 0 333 840 880 328 623 1037 841 454 963 598 762 992 543 990 645 240 737 2631 203 1160 310 105 488 645 789 724 836 750 1188 836 353 741 888 516 548 1054 778 161 742 1113 736 918 655 459 446 510 712 699 447 892 629
987 335 606 1224 237 363 582 690 529 667 470 309 1005 349 494 462 1901 552 1008 205 780 136 945 350 572 774 675 260 333 0 906 946 167 690 1103 908 292 1030 680 828 1058 610 1056 712 322 587 2505 285 1226 141 258 338 727 856 791 902 817 1254 902 192 808 954 582 528 1120 628 227 808 1180 802 984 505 298 528 576 561 765 285 959 711
1007 897 1332 988 697 1094 1308 605 406 1393 1197 899 1024 883 1224 1193 1921 1278 772 1086 150 870 581 1076 364 521 620 991 840 906 0 582 901 240 1122 927 916 1049 1411 100 1077 505 1075 218 1053 1313 2979 1016 990 883 765 1014 1458 258 323 921 481 1018 921 926 827 973 354 1255 1140 1354 703 828 944 313 1003 1232 911 1258 538 1288 348 945 595 1442
598 937 1372 452 737 1134 1348 281 588 1433 1237 939 616 923 1264 1233 1512 1318 235 1126 457 910 45 1116 631 197 296 1031 880 946 582 0 941 521 714 519 956 641 1451 504 669 436 667 499 1093 1353 3019 1056 453 923 805 1054 1498 348 283 513 157 482 513 966 419 565 635 1295 731 1395 744 419 407 294 595 1272 951 1298 469 1328 278 985 58 1482
982 385 542 1219 231 504 518 684 524 603 406 179 999 371 634 512 1896 488 1003 345 775 131 940 286 567 768 669 400 328 167 901 941 0 684 1097 902 162 1024 750 823 1053 604 1051 706 463 523 2375 425 1221 143 253 224 704 850 785 897 811 1249 897 62 802 949 577 465 1115 564 222 803 1174 796 979 441 167 617 571 498 760 155 953 720
790 680 1116 926 480 878 1091 492 189 1177 980 683 807 666 1008 976 1704 1062 710 869 114 654 519 860 147 459 477 774 623 690 240 521 684 0 905 710 699 832 1194 162 861 412 859 58 837 1097 2762 799 928 666 548 798 1241 197 262 705 420 956 705 710 610 757 137 1038 923 1138 487 611 882 251 787 1015 694 1042 379 1071 286 728 533 1225
179 1093 1529 954 894 1291 1505 594 745 1590 1393 1096 258 1079 1421 1389 948 1475 738 1283 996 1067 713 1273 788 678 579 1188 1037 1103 1122 714 1097 905 0 309 1112 431 1608 1044 71 668 248 928 1250 1510 2847 1212 956 1080 961 1211 1654 914 849 303 721 984 446 1123 352 208 798 1452 312 1551 900 316 909 860 385 1428 1107 1455 635 1485 824 1142 726 1638
193 898 1334 759 699 1096 1310 399 550 1395 1198 901 211 884 1226 1194 1107 1280 543 1088 801 872 517 1078 593 483 384 992 841 908 927 519 902 710 309 0 917 151 1413 849 264 473 262 733 1055 1315 2981 1017 761 885 766 1016 1459 719 654 108 526 789 251 928 157 160 603 1257 326 1356 705 121 714 665 105 1233 912 1260 440 1289 629 947 531 1443
997 511 441 1234 357 507 417 699 539 503 306 79 1014 497 578 411 1911 388 1018 394 790 257 955 185 582 783 684 449 454 292 916 956 162 699 1112 917 0 1039 650 837 1068 619 1066 721 512 423 2237 474 1236 269 379 123 603 865 800 912 826 1264 912 124 817 963 592 364 1130 464 348 818 1189 811 994 341 67 517 586 397 775 54 968 619
315 1020 1456 881 821 1218 1431 520 672 1517 1320 1023 333 1006 1348 1316 1229 1402 665 1209 923 994 639 1200 715 605 506 1114 963 1030 1049 641 1024 832 431 151 1039 0 1534 971 386 595 384 854 1177 1437 3102 1139 883 1007 888 1138 1581 841 776 156 647 911 373 1050 279 282 725 1378 448 1478 827 243 836 787 82 1355 1034 1382 562 1411 751 1068 653 1565
1492 535 534 1729 741 340 683 1194 1034 473 572 667 1510 549 214 380 2406 285 1513 556 1285 716 1450 490 1077 1278 1179 445 598 680 1411 1451 750 1194 1608 1413 650 1534 0 1333 1563 1115 1561 1216 378 689 2862 418 1731 703 673 551 72 1360 1295 1407 1321 1759 1407 712 1312 1459 1087 313 1625 512 732 1313 1684 1307 1489 607 655 446 1081 663 1270 621 1463 55
928 818 1254 910 619 1016 1230 527 328 1315 1118 821 946 805 1146 1114 1842 1200 694 1008 72 792 503 998 286 442 542 913 762 828 100 504 823 162 1044 849 837 971 1333 0 999 427 997 140 975 1235 2901 937 912 805 686 936 1379 180 245 843 403 940 843 848 749 895 276 1177 1061 1276 625 749 865 234 925 1153 832 1180 460 1210 269 867 516 1363
134 1048 1484 909 849 1246 1460 549 700 1545 1348 1051 214 1035 1376 1345 903 1430 693 1238 952 1022 668 1228 743 633 534 1143 992 1058 1077 669 1053 861 71 264 1068 386 1563 999 0 623 203 883 1205 1465 2802 1167 911 1035 917 1166 1610 869 804 258 676 939 402 1078 307 163 753 1407 267 1506 855 271 865 815 340 1383 1062 1410 590 1440 779 1097 681 1593
553 600 1036 789 401 798 1012 255 252 1097 900 603 570 586 928 896 1467 982 573 790 380 574 435 780 295 339 240 695 543 610 505 436 604 412 668 473 619 595 1115 427 623 0 621 422 757 1017 2683 719 791 587 468 718 1161 271 206 467 335 819 467 630 373 519 305 959 686 1058 407 374 745 217 549 935 614 962 88 992 181 649 448 1145
96 1046 1482 907 847 1244 1458 547 698 1543 1347 1049 212 1033 1374 1343 1046 1428 691 1236 950 1020 666 1226 741 631 532 1141 990 1056 1075 667 1051 859 248 262 1066 384 1561 997 203 621 0 881 1203 1463 2944 1165 909 1033 915 1164 1608 867 802 256 674 937 400 1076 305 161 751 1405 94 1504 853 269 863 813 338 1381 1061 1408 588 1438 777 1095 679 1591
812 702 1138 905 503 900 1113 514 211 1199 1002 705 830 688 1030 998 1726 1084 689 891 93 676 498 882 169 437 499 796 645 712 218 499 706 58 928 733 721 854 1216 140 883 422 881 0 859 1119 2784 821 907 689 570 820 1263 175 240 727 398 935 727 732 632 779 160 1060 945 1160 509 633 860 229 809 1037 716 1064 401 1093 264 750 512 1247
1134 178 603 1371 384 120 578 837 676 664 467 529 1152 192 192 160 2048 352 1155 198 927 358 1092 385 719 921 822 103 240 322 1053 1093 463 837 1250 1055 512 1177 378 975 1205 757 1203 859 0 584 2724 127 1373 345 315 412 425 1003 938 1049 964 1401 1049 424 955 1101 729 328 1267 625 374 955 1327 949 1131 502 517 226 723 558 912 482 1106 409
1395 675 258 1631 718 545 57 1097 936 319 288 440 1412 688 617 450 2309 427 1415 544 1188 618 1352 263 979 1181 1082 600 737 587 1313 1353 523 1097 1510 1315 423 1437 689 1235 1465 1017 1463 1119 584 0 2635 624 1633 610 740 323 642 1263 1198 1309 1224 1661 1309 485 1215 1361 989 403 1528 280 709 1216 1587 1209 1391 134 428 556 984 81 1173 393 1366 658
2814 2700 2666 3309 2500 2731 2642 2774 2614 2727 2530 2233 2893 2686 2803 2636 1934 2612 3093 2618 2865 2481 3030 2410 2657 2859 2760 2674 2643 2517 2991 3031 2387 2774 2785 2944 2249 3066 2874 2913 2740 2695 2882 2797 2736 2647 0 2698 3311 2494 2568 2348 2828 2940 2876 2938 2901 3339 2987 2348 2892 2842 2667 2589 2947 2688 2506 2893 3264 2887 3020 2565 2244 2741 2661 2622 2850 2279 3043 2844
1097 140 643 1333 346 160 619 799 639 704 507 491 1114 154 232 200 2011 392 1117 160 890 320 1054 387 681 883 784 65 203 285 1016 1056 425 799 1212 1017 474 1139 418 937 1167 719 1165 821 127 624 2686 0 1335 307 278 375 465 965 900 1011 926 1363 1011 387 917 1063 692 368 1230 665 337 918 1289 911 1093 542 479 266 686 598 875 445 1068 449
1005 1381 1816 70 1181 1578 1792 853 1033 1877 1681 1383 1022 1367 1708 1677 1919 1763 472 1570 1029 1355 617 1560 1075 768 866 1475 1324 1390 1154 618 1385 1093 1120 925 1400 1047 1895 1076 1075 956 1073 1071 1537 1798 3463 1500 0 1367 1249 1498 1942 920 855 919 729 68 919 1410 825 971 1086 1739 1138 1839 1188 826 115 866 1001 1716 1395 1743 922 1772 850 1429 630 1926
964 358 628 1201 213 386 604 666 506 689 493 286 982 353 516 484 1878 574 985 227 757 113 922 372 549 751 652 283 310 141 883 923 143 666 1080 885 269 1007 703 805 1035 587 1033 689 345 610 2482 307 1203 0 235 331 749 832 768 879 793 1231 879 169 784 931 559 551 1097 651 204 785 1156 779 961 528 275 550 553 584 742 262 935 733
846 159 759 1083 95 356 734 548 388 820 623 396 863 145 487 455 1760 647 867 348 639 223 804 503 431 632 533 253 105 258 765 805 253 548 961 766 379 888 673 686 917 468 915 570 315 740 2556 278 1085 235 0 441 720 714 649 761 675 1113 761 278 666 812 441 623 979 781 86 667 1038 660 843 658 384 521 435 714 624 371 817 704
1095 425 342 1332 419 407 318 798 637 403 207 140 1113 439 479 312 2009 288 1116 294 889 319 1053 86 680 882 783 350 488 338 1014 1054 224 798 1211 1016 123 1138 551 936 1166 718 1164 820 412 323 2336 375 1334 331 441 0 504 964 899 1010 925 1362 1010 186 916 1062 690 265 1228 365 410 916 1288 910 1092 242 129 417 684 298 874 116 1067 520
1539 582 487 1776 788 387 637 1241 1081 426 525 620 1556 596 261 427 2453 238 1560 602 1332 763 1496 443 1123 1325 1226 492 645 727 1458 1498 704 1241 1654 1459 603 1581 72 1379 1610 1161 1608 1263 425 642 2815 465 1778 749 720 504 0 1407 1342 1454 1368 1806 1454 665 1359 1505 1134 266 1672 465 779 1360 1731 1353 1535 560 608 493 1128 616 1317 574 1510 44
798 846 1282 754 646 1044 1257 371 363 1343 1146 849 816 832 1174 1142 1712 1228 537 1035 133 820 347 1026 321 286 385 940 789 856 258 348 850 197 914 719 865 841 1360 180 869 271 867 175 1003 1263 2928 965 755 832 714 964 1407 0 118 713 247 783 713 876 619 765 311 1204 931 1304 653 619 709 124 795 1181 860 1208 304 1237 113 894 360 1391
733 781 1217 689 582 979 1193 306 428 1278 1081 784 751 767 1109 1077 1647 1163 473 971 198 755 282 961 386 221 321 875 724 791 323 283 785 262 849 654 800 776 1295 245 804 206 802 240 938 1198 2863 900 691 768 649 899 1342 118 0 648 182 719 648 811 554 700 376 1139 866 1239 588 554 644 64 730 1116 795 1143 239 1172 48 829 295 1326
188 893 1328 753 693 1090 1304 393 544 1389 1193 895 205 879 1220 1189 1102 1274 537 1082 796 866 512 1072 587 477 378 987 836 902 921 513 897 705 303 108 912 156 1407 843 258 467 256 727 1049 1309 2975 1011 755 879 761 1010 1454 713 648 0 520 783 246 922 151 154 597 1251 321 1350 699 115 709 659 111 1228 907 1254 434 1284 623 941 525 1438
605 807 1243 563 607 1005 1218 152 459 1304 1107 810 623 793 1135 1103 1519 1189 347 996 356 781 156 987 502 96 166 901 750 817 481 157 811 420 721 526 826 647 1321 403 676 335 674 398 964 1224 2889 926 565 793 675 925 1368 247 182 520 0 593 520 837 425 572 512 1165 738 1265 614 426 519 193 602 1142 821 1169 348 1198 177 855 170 1352
1033 1409 1844 70 1209 1606 1820 881 1061 1905 1709 1411 1050 1395 1736 1705 1947 1791 500 1598 1057 1383 645 1588 1103 797 894 1503 1352 1418 1182 646 1413 1121 1148 953 1428 1075 1923 1104 1103 984 1101 1099 1565 1826 3491 1528 68 1395 1277 1526 1970 948 883 947 757 0 947 1438 853 999 1114 1767 1166 1867 1216 854 114 894 1029 1744 1423 1771 950 1800 878 1457 658 1954
331 892 1328 753 693 1090 1304 393 544 1389 1193 895 348 879 1220 1189 1245 1274 537 1082 796 866 512 1072 587 477 378 987 836 902 921 513 897 705 446 251 912 373 1407 843 402 467 400 727 1049 1309 2975 1011 755 879 761 1010 1454 713 648 246 520 783 0 922 151 297 597 1251 464 1350 699 152 709 659 327 1227 907 1254 434 1284 623 941 525 1437
1007 410 504 1244 257 465 480 710 549 565 368 141 1025 396 596 474 1921 450 1028 307 800 156 965 248 592 794 695 362 353 192 926 966 62 710 1123 928 124 1050 712 848 1078 630 1076 732 424 485 2336 387 1246 169 278 186 665 876 811 922 837 1274 922 0 828 974 602 426 1140 526 247 828 1200 822 1004 403 129 579 596 459 785 116 979 681
236 798 1234 659 599 996 1209 298 450 1295 1098 801 254 784 1126 1094 1150 1180 443 987 701 772 417 978 493 383 284 892 741 808 827 419 802 610 352 157 817 279 1312 749 307 373 305 632 955 1215 2880 917 661 784 666 916 1359 619 554 151 425 689 151 828 0 203 503 1156 369 1256 605 57 614 565 233 1133 812 1160 339 1189 528 846 431 1343
92 944 1380 805 745 1142 1356 445 596 1441 1244 947 94 931 1272 1240 1006 1326 589 1134 847 918 564 1124 639 529 430 1039 888 954 973 565 949 757 208 160 963 282 1459 895 163 519 161 779 1101 1361 2904 1063 807 931 812 1062 1505 765 700 154 572 835 297 974 203 0 649 1303 225 1402 751 167 760 711 236 1279 958 1306 486 1336 675 993 577 1489
683 573 1008 919 373 770 984 385 82 1069 873 575 700 559 900 869 1597 954 703 762 228 546 634 752 84 469 370 667 516 582 354 635 577 137 798 603 592 725 1087 276 753 305 751 160 729 989 2655 692 921 559 441 690 1134 311 376 597 512 949 597 602 503 649 0 931 816 1030 379 504 875 365 679 908 587 934 272 964 400 621 647 1118
1336 486 422 1573 660 290 398 1038 878 388 286 381 1354 499 362 195 2250 51 1357 485 1129 559 1294 204 921 1122 1023 395 548 528 1255 1295 465 1038 1452 1257 364 1378 313 1177 1407 959 1405 1060 328 403 2577 368 1575 551 623 265 266 1204 1139 1251 1165 1603 1251 426 1156 1303 931 0 1469 426 650 1157 1528 1151 1333 321 369 300 925 378 1114 335 1307 282
160 1111 1546 971 911 1308 1522 611 763 1607 1411 1113 276 1097 1438 1407 1110 1493 755 1300 1014 1085 730 1290 805 695 596 1205 1054 1120 1140 731 1115 923 312 326 1130 448 1625 1061 267 686 94 945 1267 1528 3009 1230 973 1097 979 1228 1672 931 866 321 738 1001 464 1140 369 225 816 1469 0 1569 918 334 927 878 403 1446 1125 1473 652 1502 841 1159 744 1656
1436 716 45 1672 759 587 274 1138 978 62 329 481 1453 729 658 491 2350 398 1456 585 1229 659 1393 304 1020 1222 1123 641 778 628 1354 1395 564 1138 1551 1356 464 1478 512 1276 1506 1058 1504 1160 625 280 2676 665 1674 651 781 365 465 1304 1239 1350 1265 1702 1350 526 1256 1402 1030 426 1569 0 750 1257 1628 1250 1432 198 469 597 1025 254 1214 435 1407 481
785 218 728 1021 64 415 703 487 327 789 592 365 802 204 545 514 1699 674 805 407 578 192 742 472 369 571 472 312 161 227 703 744 222 487 900 705 348 827 732 625 855 407 853 509 374 709 2494 337 1023 204 86 410 779 653 588 699 614 1051 699 247 605 751 379 650 918 750 0 606 977 599 781 627 353 580 374 683 563 340 756 763
201 799 1234 659 599 996 1210 299 451 1295 1099 801 218 785 1126 1095 1115 1181 443 988 702 773 418 978 493 383 284 893 742 808 828 419 803 611 316 121 818 243 1313 749 271 374 269 633 955 1216 2881 918 661 785 667 916 1360 619 554 115 426 689 152 828 57 167 504 1157 334 1257 606 0 615 566 197 1134 813 1161 340 1190 529 847 432 1344
958 1334 1770 117 1135 1532 1746 807 986 1831 1634 1337 976 1321 1662 1630 1872 1716 425 1524 982 1308 570 1514 1029 722 820 1429 1278 1344 1108 571 1339 1046 1074 879 1353 1001 1849 1030 1029 909 1027 1025 1491 1751 3417 1453 115 1321 1202 1452 1895 873 808 873 683 114 873 1364 778 925 1039 1693 1091 1792 1141 779 0 820 955 1669 1348 1696 876 1726 804 1383 584 1879
745 792 1228 700 593 990 1204 317 417 1289 1092 795 762 778 1120 1088 1659 1174 484 982 187 766 293 972 375 232 332 887 736 802 313 294 796 251 860 665 811 787 1307 234 815 217 813 229 949 1209 2875 911 702 779 660 910 1353 124 64 659 193 730 659 822 565 711 365 1151 878 1250 599 566 655 0 741 1127 806 1154 250 1184 59 841 306 1337
270 974 1410 835 775 1172 1386 475 626 1471 1274 977 287 961 1302 1270 1184 1356 619 1164 878 948 594 1154 669 559 460 1069 918 984 1003 595 979 787 385 105 994 82 1489 925 340 549 338 809 1131 1391 3057 1093 837 961 843 1092 1535 795 730 111 602 865 327 1004 233 236 679 1333 403 1432 781 197 790 741 0 1309 988 1336 516 1366 705 1023 607 1519
1313 593 176 1549 636 464 135 1015 855 237 206 358 1330 606 536 369 2227 345 1333 462 1106 536 1270 181 897 1099 1000 518 655 505 1232 1272 441 1015 1428 1233 341 1355 607 1153 1383 935 1381 1037 502 134 2553 542 1551 528 658 242 560 1181 1116 1228 1142 1579 1227 403 1133 1279 908 321 1446 198 627 1134 1505 1127 1309 0 346 474 902 117 1091 312 1284 576
992 516 447 1229 362 512 422 694 534 508 311 84 1009 502 584 417 1906 393 1012 399 785 262 949 191 576 778 679 455 459 298 911 951 167 694 1107 912 67 1034 655 832 1062 614 1061 716 517 428 2232 479 1230 275 384 129 608 860 795 907 821 1258 907 129 812 958 587 369 1125 469 353 813 1184 806 988 346 0 522 581 402 770 59 963 624
1340 383 574 1576 589 187 550 1042 882 635 439 534 1357 397 259 132 2254 323 1360 403 1133 563 1297 357 924 1126 1027 292 446 528 1258 1298 617 1042 1455 1260 517 1382 446 1180 1410 962 1408 1064 226 556 2729 266 1578 550 521 417 493 1208 1143 1254 1169 1606 1254 579 1160 1306 934 300 1473 597 580 1161 1532 1154 1336 474 522 0 929 530 1118 487 1311 476
519 567 1002 756 367 764 978 221 219 1064 867 570 537 553 895 863 1433 949 540 756 413 541 467 747 261 306 207 661 510 576 538 469 571 379 635 440 586 562 1081 460 590 88 588 401 723 984 2649 686 758 553 435 684 1128 304 239 434 348 786 434 596 339 486 272 925 652 1025 374 340 711 250 516 902 581 929 0 958 214 615 481 1112
1369 649 232 1606 693 520 82 1071 911 293 262 414 1387 663 592 425 2283 401 1390 518 1162 592 1327 237 954 1155 1056 574 712 561 1288 1328 498 1071 1485 1289 397 1411 663 1210 1440 992 1438 1093 558 81 2610 598 1608 584 714 298 616 1237 1172 1284 1198 1636 1284 459 1189 1336 964 378 1502 254 683 1190 1561 1184 1366 117 402 530 958 0 1147 368 1340 632
708 756 1191 684 556 953 1167 301 408 1253 1056 759 726 742 1084 1052 1622 1138 468 945 222 730 277 936 410 216 316 850 699 765 348 278 760 286 824 629 775 751 1270 269 779 181 777 264 912 1173 2838 875 686 742 624 874 1317 113 48 623 177 714 623 785 528 675 400 1114 841 1214 563 529 639 59 705 1091 770 1118 214 1147 0 804 290 1301
1026 495 412 1263 350 477 388 728 568 473 277 71 1044 489 549 382 1940 358 1047 364 819 249 984 156 611 812 713 420 447 285 945 985 155 728 1142 947 54 1068 621 867 1097 649 1095 750 482 393 2267 445 1265 262 371 116 574 894 829 941 855 1293 941 116 846 993 621 335 1159 435 340 847 1218 841 1023 312 59 487 615 368 804 0 997 590
611 949 1385 464 749 1147 1360 294 601 1446 1249 952 628 935 1277 1245 1525 1331 248 1138 469 923 57 1129 644 209 308 1043 892 959 595 58 953 533 726 531 968 653 1463 516 681 448 679 512 1106 1366 3031 1068 466 935 817 1067 1510 360 295 525 170 494 525 979 431 577 647 1307 744 1407 756 432 419 306 607 1284 963 1311 481 1340 290 997 0 1494
1523 566 503 1759 772 370 653 1225 1065 442 541 636 1540 580 245 411 2437 254 1543 586 1316 747 1480 459 1107 1309 1210 475 629 711 1442 1482 720 1225 1638 1443 619 1565 55 1363 1593 1145 1591 1247 409 658 2831 449 1761 733 704 520 44 1391 1326 1438 1352 1789 1437 681 1343 1489 1118 282 1656 481 763 1344 1715 1337 1519 576 624 476 1112 632 1301 590 1494 0
EOF