NAME : tsp_problem
TYPE : TSP
DIMENSION : 64
EDGE_WEIGHT_TYPE : EXPLICIT
EDGE_WEIGHT_FORMAT : FULL_MATRIX
EDGE_WEIGHT_SECTION
0 1080 505 1208 1223 674 130 1145 1015 1218 620 307 848 382 853 936 580 205 396 556 246 168 110 164 1066 573 579 459 497 297 690 805 623 513 217 196 392 891 810 1194 204 485 1167 1040 449 730 1946 722 195 570 1078 1018 2714 527 324 102 1009 124 668 199 511 1055 1033 901
1080 0 1079 895 910 846 1105 293 373 366 1572 1365 863 1125 714 294 595 1263 1112 1378 1139 1218 1033 1222 79 1395 594 1411 1319 1356 1512 666 1445 1335 1194 908 1450 393 671 881 1263 1438 853 398 1401 591 1094 894 1190 742 74 705 2953 1480 1383 1161 367 1112 1490 1258 1464 779 720 258
505 1079 0 1208 1223 673 484 1144 1015 1217 518 556 847 146 853 935 580 501 132 324 362 362 484 517 1066 341 579 357 265 411 458 805 391 281 306 359 641 891 810 1194 407 384 1166 1039 347 729 1946 721 334 569 1078 1018 2244 426 383 456 1009 478 435 507 409 1055 1033 900
1372 1059 1372 0 155 1091 1398 1124 995 1197 1865 1658 874 1418 699 915 888 1556 1404 1671 1432 1511 1326 1515 1046 1688 887 1704 1612 1649 1805 718 1738 1628 1487 1201 1743 871 716 149 1556 1731 121 1019 1694 797 1926 1043 1483 1035 1058 444 3442 1773 1676 1454 989 1405 1783 1550 1756 689 449 880
1388 1074 1387 155 0 1107 1414 1140 1010 1213 1880 1673 889 1433 715 931 903 1572 1420 1686 1447 1526 1341 1531 1061 1703 903 1719 1627 1664 1820 733 1753 1643 1502 1216 1759 886 732 123 1571 1746 136 1035 1709 812 1941 1059 1499 1051 1073 459 3457 1788 1691 1469 1004 1420 1798 1566 1772 704 464 895
674 846 673 927 942 0 700 912 782 985 1166 959 241 719 416 703 347 858 706 972 733 812 627 817 833 989 346 1005 913 950 1106 463 1039 929 788 502 1045 658 461 913 857 1032 885 807 995 497 1713 85 785 133 845 737 2743 1074 977 755 776 706 1084 852 1058 646 752 668
130 1105 484 1234 1249 700 0 1171 1041 1244 599 286 873 361 879 962 606 184 376 535 225 147 136 143 1092 552 605 438 476 277 669 831 603 493 196 222 371 917 836 1220 184 465 1193 1066 428 756 1972 748 174 596 1104 1044 2703 507 304 82 1035 104 647 178 491 1081 1059 926
1145 293 1144 960 975 912 1171 0 439 286 1637 1430 928 1190 779 359 660 1329 1177 1443 1204 1283 1098 1288 280 1460 660 1476 1384 1421 1577 731 1510 1400 1259 973 1516 458 736 946 1328 1503 919 463 1466 656 1015 960 1256 808 292 770 2873 1545 1448 1226 432 1177 1555 1323 1529 845 785 324
1015 373 1015 831 846 782 1041 439 0 511 1508 1301 799 1061 650 110 531 1199 1047 1314 1075 1154 969 1158 360 1331 530 1347 1255 1292 1448 602 1381 1271 1130 844 1386 328 607 817 1199 1374 789 61 1337 526 1240 830 1126 678 372 640 3085 1416 1319 1097 92 1048 1425 1193 1399 715 655 194
1218 366 1217 1033 1048 985 1244 286 511 0 1710 1503 1001 1263 852 432 733 1401 1250 1516 1277 1356 1171 1361 352 1533 733 1549 1457 1494 1650 804 1583 1473 1332 1046 1588 531 809 1019 1401 1576 991 536 1539 729 864 1032 1328 880 365 843 2723 1618 1521 1299 505 1250 1628 1396 1602 917 858 397
620 1572 518 1701 1716 1166 599 1637 1508 1710 0 479 1340 546 1345 1428 1073 438 560 458 612 607 671 476 1559 444 1072 184 399 349 275 1298 342 415 552 795 462 1384 1303 1687 653 230 1659 1532 194 1222 2439 1214 580 1062 1571 1510 2737 116 320 542 1502 593 297 444 255 1547 1526 1393
307 1365 556 1494 1509 959 286 1430 1301 1503 479 0 1133 537 1139 1221 866 125 552 496 401 323 358 163 1352 513 865 332 437 171 630 1091 563 453 372 482 114 1177 1096 1480 360 359 1452 1325 322 1015 2232 1007 350 855 1364 1304 2775 401 198 229 1295 280 608 131 385 1341 1319 1186
848 863 847 710 725 241 873 928 799 1001 1340 1133 0 893 199 719 292 1031 880 1146 907 986 801 990 849 1163 293 1179 1087 1124 1280 245 1213 1103 962 676 1218 675 244 696 1031 1206 668 823 1169 324 1729 193 958 350 861 519 2917 1248 1151 929 792 880 1258 1026 1232 429 535 684
382 1125 146 1254 1269 719 361 1190 1061 1263 546 537 893 0 899 981 626 436 68 351 244 239 419 395 1112 368 625 385 292 439 485 851 419 308 184 294 623 937 856 1240 284 411 1212 1085 374 775 1992 767 212 615 1124 1064 2365 453 410 333 1055 355 463 430 437 1101 1079 946
853 714 853 535 550 416 879 779 650 852 1345 1139 199 899 0 570 344 1037 885 1151 912 991 807 996 700 1168 345 1185 1092 1129 1285 71 1219 1108 968 681 1224 526 69 521 1036 1211 494 674 1174 149 1580 369 964 516 713 345 2922 1253 1156 934 644 885 1263 1031 1237 254 360 535
936 294 935 751 766 703 962 359 110 432 1428 1221 719 981 570 0 451 1119 968 1234 995 1074 889 1079 280 1251 451 1267 1175 1212 1368 522 1301 1191 1050 764 1306 249 527 737 1119 1294 709 135 1257 447 1160 750 1046 598 292 561 3005 1336 1239 1017 104 968 1346 1114 1320 635 576 115
580 595 580 724 739 347 606 660 531 733 1073 866 292 626 344 451 0 764 612 878 640 718 534 723 582 896 41 912 819 857 1013 321 946 836 695 409 951 407 326 710 763 938 682 555 901 245 1462 395 691 243 594 534 2650 980 884 661 525 612 990 758 964 571 549 416
205 1263 501 1392 1407 858 184 1329 1199 1401 438 125 1031 436 1037 1119 764 0 450 441 300 222 256 108 1250 458 763 277 382 116 575 989 508 398 271 380 210 1075 994 1378 258 304 1351 1223 267 914 2130 905 248 754 1262 1202 2720 346 143 156 1193 178 552 75 329 1239 1217 1084
396 1112 132 1240 1255 706 376 1177 1047 1250 560 552 880 68 885 968 612 450 0 366 259 253 405 409 1098 383 611 399 307 454 500 837 433 323 198 280 637 923 842 1226 299 426 1199 1072 389 762 1978 754 226 602 1110 1050 2352 468 425 347 1041 370 477 444 451 1087 1065 933
556 1378 324 1506 1522 972 535 1443 1314 1516 458 496 1146 351 1151 1234 878 441 366 0 418 413 607 479 1364 224 878 297 86 351 341 1103 274 164 357 621 581 1190 1108 1493 458 324 1465 1338 287 1028 2244 1020 386 868 1376 1316 2543 366 323 507 1308 529 318 446 349 1353 1331 1199
246 1139 362 1268 1283 733 225 1204 1075 1277 612 401 907 244 912 995 640 300 259 418 0 103 297 259 1125 435 639 452 359 392 552 865 486 375 79 308 486 951 869 1254 148 478 1226 1099 441 789 2005 781 76 629 1138 1077 2581 520 419 197 1069 219 530 294 504 1114 1092 960
168 1218 362 1346 1362 812 147 1283 1154 1356 607 323 986 239 991 1074 718 222 253 413 103 0 219 181 1204 430 718 446 354 314 547 943 480 370 74 343 409 1030 948 1333 70 473 1305 1178 436 868 2084 860 61 708 1216 1156 2581 515 341 119 1148 141 525 216 499 1193 1171 1039
110 1033 484 1162 1177 627 136 1098 969 1171 671 358 801 419 807 889 534 256 405 607 297 219 0 215 1020 624 533 510 548 349 741 759 674 564 268 150 443 845 764 1148 255 537 1120 993 500 683 1900 675 246 523 1032 972 2667 579 376 153 963 143 719 250 562 1008 987 854
164 1222 517 1351 1366 817 143 1288 1158 1361 476 163 990 395 996 1079 723 108 409 479 259 181 215 0 1209 496 722 315 420 154 613 948 546 436 230 339 248 1034 953 1337 217 342 1310 1183 305 873 2089 865 208 713 1221 1161 2737 384 181 115 1152 137 591 114 368 1198 1176 1043
1066 79 1066 881 897 833 1092 280 360 352 1559 1352 849 1112 700 280 582 1250 1098 1364 1125 1204 1020 1209 0 1381 581 1398 1305 1343 1498 653 1432 1321 1181 894 1437 379 657 868 1249 1424 840 384 1387 577 1081 881 1177 729 78 691 2939 1466 1370 1147 354 1098 1476 1244 1450 766 706 245
573 1395 341 1524 1539 989 552 1460 1331 1533 444 513 1163 368 1168 1251 896 458 383 224 435 430 624 496 1381 0 895 314 165 369 192 1121 125 85 375 638 598 1207 1126 1510 476 341 1482 1355 304 1045 2261 1037 403 885 1394 1333 2560 383 340 524 1325 546 170 464 366 1370 1348 1216
579 594 579 723 738 346 605 660 530 733 1072 865 293 625 345 451 41 763 611 878 639 718 533 722 581 895 0 911 819 856 1012 320 945 835 694 408 950 406 325 709 763 938 682 555 901 245 1461 394 690 242 593 533 2649 980 883 661 524 612 989 757 963 570 548 416
459 1411 357 1540 1555 1005 438 1476 1347 1549 184 332 1179 385 1185 1267 912 277 399 297 452 446 510 315 1398 314 911 0 238 188 431 1137 364 254 391 634 417 1223 1142 1526 492 69 1498 1371 33 1061 2278 1053 419 901 1410 1350 2576 91 159 381 1341 432 409 283 95 1386 1365 1232
497 1319 265 1448 1463 913 476 1384 1255 1457 399 437 1087 292 1092 1175 819 382 307 86 359 354 548 420 1305 165 819 238 0 292 282 1045 215 105 299 562 522 1131 1049 1434 399 265 1406 1279 228 969 2185 961 327 809 1318 1257 2484 307 264 448 1249 470 259 388 290 1294 1272 1140
297 1356 411 1485 1500 950 277 1421 1292 1494 349 171 1124 439 1129 1212 857 116 454 351 392 314 349 154 1343 369 856 188 292 0 485 1082 419 309 363 473 256 1168 1087 1471 351 214 1443 1316 177 1006 2223 998 341 846 1355 1294 2631 256 63 220 1286 271 463 122 240 1331 1310 1177
690 1512 458 1641 1656 1106 669 1577 1448 1650 275 630 1280 485 1285 1368 1013 575 500 341 552 547 741 613 1498 192 1012 431 282 485 0 1238 90 202 492 755 713 1324 1242 1627 592 458 1599 1472 421 1162 2378 1154 520 1002 1511 1450 2677 366 457 641 1442 663 45 581 483 1487 1465 1333
805 666 805 554 569 463 831 731 602 804 1298 1091 245 851 71 522 321 989 837 1103 865 943 759 948 653 1121 320 1137 1045 1082 1238 0 1171 1061 920 634 1176 478 88 540 988 1164 512 626 1127 102 1533 415 916 468 665 364 2875 1206 1109 886 596 837 1215 983 1189 273 379 487
623 1445 391 1574 1589 1039 603 1510 1381 1583 342 563 1213 419 1219 1301 946 508 433 274 486 480 674 546 1432 125 945 364 215 419 90 1171 0 136 425 688 648 1257 1176 1560 526 391 1532 1405 354 1095 2312 1087 453 935 1444 1384 2610 433 390 574 1375 596 68 514 417 1421 1399 1266
513 1335 281 1464 1479 929 493 1400 1271 1473 415 453 1103 308 1108 1191 836 398 323 164 375 370 564 436 1321 85 835 254 105 309 202 1061 136 0 315 578 538 1147 1066 1450 416 281 1422 1295 244 985 2201 977 343 825 1334 1273 2500 323 280 464 1265 486 180 404 306 1310 1288 1156
217 1194 306 1323 1338 788 196 1259 1130 1332 552 372 962 184 968 1050 695 271 198 357 79 74 268 230 1181 375 694 391 299 363 492 920 425 315 0 363 458 1006 925 1309 119 418 1281 1154 381 844 2061 836 47 684 1193 1133 2525 460 390 168 1124 190 469 265 443 1169 1148 1015
196 908 359 1037 1052 502 222 973 844 1046 795 482 676 294 681 764 409 380 280 621 308 343 150 339 894 638 408 634 562 473 755 634 688 578 363 0 567 720 639 1023 380 661 995 868 624 558 1774 550 359 398 907 846 2542 703 500 278 838 229 732 375 687 883 861 729
392 1450 641 1579 1594 1045 371 1516 1386 1588 462 114 1218 623 1224 1306 951 210 637 581 486 409 443 248 1437 598 950 417 522 256 713 1176 648 538 458 567 0 1262 1181 1565 445 444 1537 1410 407 1100 2317 1092 435 940 1449 1389 2860 443 283 314 1380 365 693 216 470 1426 1404 1271
891 393 891 707 722 658 917 458 328 531 1384 1177 675 937 526 249 407 1075 923 1190 951 1030 845 1034 379 1207 406 1223 1131 1168 1324 478 1257 1147 1006 720 1262 0 483 693 1075 1250 665 353 1213 402 1259 706 1002 554 391 516 2961 1292 1195 973 322 924 1301 1069 1275 591 531 214
810 671 810 552 567 461 836 736 607 809 1303 1096 244 856 69 527 326 994 842 1108 869 948 764 953 657 1126 325 1142 1049 1087 1242 88 1176 1066 925 639 1181 483 0 538 993 1168 511 631 1131 106 1537 413 921 473 670 362 2880 1210 1114 891 601 842 1220 988 1194 271 377 492
1359 1045 1358 149 123 1077 1385 1111 981 1183 1851 1644 860 1404 686 901 874 1543 1391 1657 1418 1497 1312 1502 1032 1674 874 1690 1598 1635 1791 704 1724 1614 1473 1187 1729 857 703 0 1542 1717 107 1005 1680 783 1912 1030 1470 1022 1044 430 3428 1759 1662 1440 975 1391 1769 1537 1743 675 435 866
204 1263 407 1391 1407 857 184 1328 1199 1401 653 360 1031 284 1036 1119 763 258 299 458 148 70 255 217 1249 476 763 492 399 351 592 988 526 416 119 380 445 1075 993 1378 0 518 1350 1223 481 913 2129 905 97 753 1262 1201 2626 560 378 155 1193 178 570 252 544 1238 1216 1084
485 1438 384 1567 1582 1032 465 1503 1374 1576 230 359 1206 411 1211 1294 938 304 426 324 478 473 537 342 1424 341 938 69 265 214 458 1164 391 281 418 661 444 1250 1168 1553 518 0 1525 1398 60 1088 2304 1080 446 928 1437 1376 2603 138 186 408 1368 459 435 309 57 1413 1391 1259
1331 1018 1331 121 136 1050 1357 1083 954 1156 1824 1617 833 1377 658 874 847 1515 1363 1629 1390 1469 1285 1474 1004 1647 846 1663 1570 1608 1763 677 1697 1587 1446 1159 1702 830 675 107 1514 1689 0 978 1652 755 1884 1002 1442 994 1016 403 3401 1731 1635 1412 947 1363 1741 1509 1715 647 407 839
1040 398 1039 855 870 807 1066 463 61 536 1532 1325 823 1085 674 135 555 1223 1072 1338 1099 1178 993 1183 384 1355 555 1371 1279 1316 1472 626 1405 1295 1154 868 1410 353 631 841 1223 1398 813 0 1361 551 1264 854 1150 702 396 665 3109 1440 1343 1121 68 1072 1450 1218 1424 739 680 219
449 1401 347 1530 1545 995 428 1466 1337 1539 194 322 1169 374 1174 1257 901 267 389 287 441 436 500 305 1387 304 901 33 228 177 421 1127 354 244 381 624 407 1213 1131 1516 481 60 1488 1361 0 1051 2267 1043 409 891 1400 1339 2566 102 149 371 1331 422 398 273 85 1376 1354 1222
730 591 729 632 648 497 756 656 526 729 1222 1015 324 775 149 447 245 914 762 1028 789 868 683 873 577 1045 245 1061 969 1006 1162 102 1095 985 844 558 1100 402 106 619 913 1088 591 551 1051 0 1457 493 840 393 589 442 2799 1130 1033 811 520 762 1140 908 1114 351 457 412
1946 1094 1946 1761 1777 1713 1972 1015 1240 864 2439 2232 1729 1992 1580 1160 1462 2130 1978 2244 2005 2084 1900 2089 1081 2261 1461 2278 2185 2223 2378 1533 2312 2201 2061 1774 2317 1259 1537 1747 2129 2304 1720 1264 2267 1457 0 1761 2057 1609 1093 1571 1949 2346 2249 2027 1234 1978 2356 2124 2330 1646 1586 1125
722 894 721 879 894 85 748 960 830 1032 1214 1007 193 767 369 750 395 905 754 1020 781 860 675 865 881 1037 394 1053 961 998 1154 415 1087 977 836 550 1092 706 413 865 905 1080 838 854 1043 493 1761 0 832 181 893 689 2791 1122 1025 803 824 754 1132 900 1106 598 704 715
195 1190 334 1319 1334 785 174 1256 1126 1328 580 350 958 212 964 1046 691 248 226 386 76 61 246 208 1177 403 690 419 327 341 520 916 453 343 47 359 435 1002 921 1305 97 446 1278 1150 409 840 2057 832 0 680 1189 1129 2554 488 368 146 1120 168 497 243 471 1166 1144 1011
570 742 569 871 886 133 596 808 678 880 1062 855 350 615 516 598 243 754 602 868 629 708 523 713 729 885 242 901 809 846 1002 468 935 825 684 398 940 554 473 857 753 928 830 702 891 393 1609 181 680 0 741 681 2639 970 873 651 672 602 980 748 954 718 696 563
1078 74 1078 893 909 845 1104 292 372 365 1571 1364 861 1124 713 292 594 1262 1110 1376 1138 1216 1032 1221 78 1394 593 1410 1318 1355 1511 665 1444 1334 1193 907 1449 391 670 880 1262 1437 852 396 1400 589 1093 893 1189 741 0 703 2951 1479 1382 1159 366 1110 1488 1256 1462 778 718 257
1018 705 1018 280 295 737 1044 770 640 843 1510 1304 519 1064 345 561 534 1202 1050 1316 1077 1156 972 1161 691 1333 533 1350 1257 1294 1450 364 1384 1273 1133 846 1389 516 362 266 1201 1376 238 665 1339 442 1571 689 1129 681 703 0 3087 1418 1321 1099 634 1050 1428 1196 1402 334 105 526
2726 2891 2256 3290 3305 2755 2715 2811 3036 2661 2749 2787 2929 2377 2935 2957 2662 2732 2364 2555 2593 2593 2679 2749 2877 2572 2661 2588 2496 2643 2689 2887 2622 2512 2538 2554 2872 2973 2892 3276 2638 2615 3248 3061 2578 2811 1887 2803 2566 2651 2890 3100 0 2657 2614 2687 3030 2709 2667 2738 2641 3137 3115 2921
527 1480 426 1609 1624 1074 507 1545 1416 1618 116 401 1248 453 1253 1336 980 346 468 366 520 515 579 384 1466 383 980 91 307 256 366 1206 433 323 460 703 443 1292 1210 1595 560 138 1567 1440 102 1130 2346 1122 488 970 1479 1418 2645 0 228 450 1410 501 389 351 163 1455 1433 1301
324 1383 383 1512 1527 977 304 1448 1319 1521 320 198 1151 410 1156 1239 884 143 425 323 419 341 376 181 1370 340 883 159 264 63 457 1109 390 280 390 500 283 1195 1114 1498 378 186 1470 1343 149 1033 2249 1025 368 873 1382 1321 2602 228 0 247 1313 298 434 148 211 1358 1336 1204
102 1161 456 1289 1305 755 82 1226 1097 1299 542 229 929 333 934 1017 661 156 347 507 197 119 153 115 1147 524 661 381 448 220 641 886 574 464 168 278 314 973 891 1276 155 408 1248 1121 371 811 2027 803 146 651 1159 1099 2675 450 247 0 1091 76 619 150 434 1136 1114 982
1009 367 1009 825 840 776 1035 432 92 505 1502 1295 792 1055 644 104 525 1193 1041 1308 1069 1148 963 1152 354 1325 524 1341 1249 1286 1442 596 1375 1265 1124 838 1380 322 601 811 1193 1368 783 68 1331 520 1234 824 1120 672 366 634 3079 1410 1313 1091 0 1041 1419 1187 1393 709 649 188
124 1112 478 1240 1256 706 104 1177 1048 1250 593 280 880 355 885 968 612 178 370 529 219 141 143 137 1098 546 612 432 470 271 663 837 596 486 190 229 365 924 842 1227 178 459 1199 1072 422 762 1978 754 168 602 1110 1050 2697 501 298 76 1041 0 641 172 484 1087 1065 933
668 1490 435 1618 1634 1084 647 1555 1425 1628 297 608 1258 463 1263 1346 990 552 477 318 530 525 719 591 1476 170 989 409 259 463 45 1215 68 180 469 732 693 1301 1220 1604 570 435 1577 1450 398 1140 2356 1132 497 980 1488 1428 2655 389 434 619 1419 641 0 558 461 1465 1443 1311
199 1258 507 1386 1402 852 178 1323 1193 1396 444 131 1026 430 1031 1114 758 75 444 446 294 216 250 114 1244 464 757 283 388 122 581 983 514 404 265 375 216 1069 988 1372 252 309 1345 1218 273 908 2124 900 243 748 1256 1196 2726 351 148 150 1187 172 558 0 335 1233 1211 1079
511 1464 409 1592 1608 1058 491 1529 1399 1602 255 385 1232 437 1237 1320 964 329 451 349 504 499 562 368 1450 366 963 95 290 240 483 1189 417 306 443 687 470 1275 1194 1578 544 57 1551 1424 85 1114 2330 1106 471 954 1462 1402 2629 163 211 434 1393 484 461 335 0 1439 1417 1285
1055 779 1055 524 540 646 1081 845 715 917 1547 1341 429 1101 254 635 571 1239 1087 1353 1114 1193 1008 1198 766 1370 570 1386 1294 1331 1487 273 1421 1310 1169 883 1426 591 271 511 1238 1413 483 739 1376 351 1646 598 1166 718 778 334 3124 1455 1358 1136 709 1087 1465 1233 1439 0 349 600
1251 937 1250 258 273 970 1277 1003 873 1076 1743 1536 752 1296 578 794 766 1435 1283 1549 1310 1389 1204 1394 924 1566 766 1582 1490 1527 1683 596 1616 1506 1365 1079 1622 749 595 244 1434 1609 216 898 1572 675 1804 922 1362 914 936 322 3320 1651 1554 1332 867 1283 1661 1429 1635 567 0 758
901 258 900 716 731 668 926 324 194 397 1393 1186 684 946 535 115 416 1084 933 1199 960 1039 854 1043 245 1216 416 1232 1140 1177 1333 487 1266 1156 1015 729 1271 214 492 702 1084 1259 674 219 1222 412 1125 715 1011 563 257 526 2970 1301 1204 982 188 933 1311 1079 1285 600 541 0
EOF