NAME : tsp_problem
TYPE : TSP
DIMENSION : 32
EDGE_WEIGHT_TYPE : EXPLICIT
EDGE_WEIGHT_FORMAT : FULL_MATRIX
EDGE_WEIGHT_SECTION
0 70 3190 1538 166 673 938 414 716 723 813 772 485 904 958 1082 696 1097 805 836 1293 698 394 165 203 1043 610 551 1118 930 471 239
70 0 3238 1586 118 720 985 395 763 770 860 819 533 856 910 1130 744 1144 852 788 1340 745 347 212 156 1090 657 598 1165 977 423 191
3170 3217 0 2035 3194 3096 2422 2909 2771 2561 2842 3087 2909 3195 3249 3282 2678 3051 2643 3128 3247 3121 2959 3034 3350 3146 2919 2974 3072 3121 2904 3385
1538 1586 2023 0 1681 1432 1960 1435 1107 1744 1178 1423 1245 2050 2104 1617 1718 1386 1827 1983 1583 1457 1485 1403 1718 1482 1255 1310 1408 1457 1585 1754
166 118 3256 1681 0 815 962 310 859 747 956 915 628 771 825 1225 721 1239 829 704 1436 841 262 308 216 1186 753 694 1260 1073 338 251
673 720 3084 1432 815 0 1094 570 385 879 366 132 209 1184 1238 431 852 551 961 1117 748 104 620 537 853 392 279 144 572 279 719 888
938 985 2484 1960 962 1094 0 678 1137 329 1235 1194 907 964 1018 1504 446 1518 412 896 1715 1120 728 803 1118 1465 1032 973 1539 1352 673 1154
414 395 2971 1435 310 570 678 0 613 462 710 669 382 768 822 980 436 994 545 700 1190 595 81 278 492 940 507 448 1015 827 302 528
716 763 2759 1107 859 385 1137 613 0 922 121 366 253 1228 1282 665 895 479 1004 1160 676 410 663 580 896 575 172 263 500 512 762 932
723 770 2623 1744 747 879 329 462 922 0 1019 978 691 748 802 1288 231 1303 112 681 1499 904 512 587 903 1249 816 757 1324 1136 457 938
813 860 2830 1178 956 366 1235 710 121 1019 0 269 350 1325 1379 568 993 383 1102 1257 579 341 760 678 993 479 269 360 404 415 859 1029
772 819 3075 1423 915 132 1194 669 366 978 269 0 309 1284 1338 334 952 454 1061 1216 650 107 719 636 952 294 378 243 475 181 818 988
485 533 2897 1245 628 209 907 382 253 691 350 309 0 997 1051 619 665 708 774 930 904 235 432 350 665 580 147 88 729 467 532 701
1068 1020 3421 2215 935 1349 1128 932 1392 913 1489 1448 1161 0 87 1759 886 1773 995 126 1969 1374 958 1057 1118 1719 1286 1227 1794 1606 780 1153
1122 1074 3475 2269 989 1403 1182 986 1446 967 1543 1502 1216 87 0 1813 940 1827 1049 154 2023 1428 1012 1111 1172 1773 1340 1281 1848 1660 834 1207
1082 1130 3269 1617 1225 431 1504 980 665 1288 568 334 619 1594 1648 0 1262 459 1371 1527 551 406 1029 947 1262 311 689 554 438 198 1129 1298
696 744 2740 1718 721 852 446 436 895 231 993 952 665 722 776 1262 0 1276 313 654 1473 878 486 561 876 1223 790 731 1297 1110 431 912
1097 1144 3039 1386 1239 551 1518 994 479 1303 383 454 708 1608 1662 459 1276 0 1385 1541 219 526 1043 961 1277 335 627 674 44 310 1143 1312
805 852 2705 1827 829 961 412 545 1004 112 1102 1061 774 831 885 1371 313 1385 0 763 1582 987 595 670 985 1332 899 840 1406 1219 540 1021
1000 953 3354 2147 868 1281 1061 865 1324 845 1422 1381 1094 126 154 1691 819 1705 928 0 1902 1307 891 990 1050 1652 1219 1160 1726 1539 713 1086
1293 1340 3235 1583 1436 748 1715 1190 676 1499 579 650 904 1805 1859 551 1473 219 1582 1737 0 722 1240 1157 1473 532 823 871 199 507 1339 1509
698 745 3109 1457 841 104 1120 595 410 904 341 107 235 1210 1264 406 878 526 987 1142 722 0 645 563 878 366 304 170 547 253 744 914
394 347 3021 1485 262 620 728 81 663 512 760 719 432 794 848 1029 486 1043 595 726 1240 645 0 328 444 990 557 498 1065 877 352 480
165 212 3055 1403 308 537 803 278 580 587 678 636 350 893 947 947 561 961 670 825 1157 563 328 0 345 908 475 416 982 795 427 381
203 156 3370 1718 216 853 1118 492 896 903 993 952 665 953 1007 1262 876 1277 985 886 1473 878 444 345 0 1223 790 731 1298 1110 521 59
1043 1090 3134 1482 1186 392 1465 940 575 1249 479 294 580 1555 1609 311 1223 335 1332 1487 532 366 990 908 1223 0 649 515 356 151 1089 1259
610 657 2907 1255 753 279 1032 507 172 816 269 378 147 1122 1176 689 790 627 899 1054 823 304 557 475 790 649 0 157 648 536 656 826
551 598 2962 1310 694 144 973 448 263 757 360 243 88 1063 1117 554 731 674 840 995 871 170 498 416 731 515 157 0 695 402 597 767
1118 1165 3060 1408 1260 572 1539 1015 500 1324 404 475 729 1629 1683 438 1297 44 1406 1562 199 547 1065 982 1298 356 648 695 0 331 1164 1333
930 977 3109 1457 1073 279 1352 827 512 1136 415 181 467 1442 1496 198 1110 310 1219 1374 507 253 877 795 1110 151 536 402 331 0 976 1146
471 423 2966 1585 338 719 673 302 762 457 859 818 532 616 670 1129 431 1143 540 549 1339 744 352 427 521 1089 656 597 1164 976 0 556
239 191 3406 1754 251 888 1154 528 932 938 1029 988 701 989 1043 1298 912 1312 1021 921 1509 914 480 381 59 1259 826 767 1333 1146 556 0
EOF