NAME : tsp_problem
TYPE : TSP
DIMENSION : 46
EDGE_WEIGHT_TYPE : EXPLICIT
EDGE_WEIGHT_FORMAT : FULL_MATRIX
EDGE_WEIGHT_SECTION
0 1440 325 791 564 526 937 997 1492 677 1385 699 754 1243 990 1553 858 1402 1370 1118 1280 637 216 905 751 1268 1146 1163 92 753 251 849 992 688 754 1523 304 777 163 1087 979 267 683 157 829 1079
1440 0 1306 1101 1186 993 607 623 246 1144 89 1167 1550 361 629 136 711 184 92 345 398 1395 1488 635 1547 338 320 420 1376 787 1211 1645 627 998 1222 272 1285 1245 1435 377 641 1540 993 1430 726 460
325 1306 0 657 431 393 804 863 1359 544 1252 566 621 1110 857 1420 724 1269 1237 985 1147 503 373 772 617 1134 1013 1030 261 620 118 716 859 555 621 1390 61 644 320 954 845 425 550 315 696 946
791 1101 657 0 497 344 598 657 1153 360 1046 337 842 904 651 1214 518 1063 1031 779 941 559 839 566 839 929 807 824 727 414 562 937 653 132 283 1184 636 261 786 748 639 891 137 781 490 740
564 1186 431 497 0 272 684 743 1239 287 1131 265 515 989 737 1299 604 1149 1117 865 1027 232 613 652 511 1014 893 909 501 499 336 609 738 434 239 1270 410 261 560 833 725 664 429 554 576 826
526 993 393 344 272 0 491 550 1046 176 939 198 636 796 544 1106 411 956 924 672 834 481 574 459 633 821 700 717 462 307 297 731 546 241 253 1077 371 276 521 641 532 626 237 516 383 633
937 607 804 598 684 491 0 89 730 642 552 665 1048 481 83 720 178 569 537 285 518 892 985 58 1044 434 313 256 873 210 709 1143 84 495 720 690 783 742 933 254 71 1037 490 927 149 172
997 623 863 657 743 550 89 0 671 701 568 724 1107 422 142 736 237 585 554 344 459 952 1045 118 1104 451 330 227 933 270 768 1202 144 555 779 707 842 801 992 313 130 1096 550 987 209 231
1492 246 1359 1153 1239 1046 730 671 0 1197 312 1219 1602 279 677 134 657 407 315 568 238 1447 1540 764 1599 561 543 627 1428 765 1264 1697 675 1050 1274 464 1338 1297 1487 600 689 1592 1045 1482 688 683
677 1144 544 360 287 176 642 701 1197 0 1090 127 632 947 695 1257 562 1107 1075 823 985 349 725 610 629 972 851 868 613 458 448 727 697 392 102 1228 522 124 672 792 683 777 388 667 534 784
1385 89 1252 1046 1131 939 552 568 312 1090 0 1112 1495 306 574 202 656 129 40 290 343 1340 1433 580 1492 283 265 365 1321 732 1156 1590 572 943 1167 337 1230 1190 1380 322 586 1485 938 1375 671 405
699 1167 566 337 265 198 665 724 1219 127 1112 0 609 970 718 1280 585 1130 1098 845 1008 326 748 633 606 995 874 890 636 480 471 704 719 415 79 1251 545 101 695 814 706 799 410 690 556 807
918 1714 785 1006 679 800 1212 1271 1767 796 1659 773 0 1517 1265 1827 1132 1677 1645 1393 1555 528 966 1180 67 1542 1421 1438 854 1027 690 161 1266 962 748 1798 764 770 914 1362 1253 1018 958 908 1104 1354
1243 361 1110 904 989 796 481 422 279 947 306 970 1353 0 428 389 408 323 291 393 67 1198 1291 515 1350 386 368 377 1179 516 1014 1448 426 801 1025 610 1088 1048 1238 425 440 1343 796 1233 439 462
990 629 857 651 737 544 83 142 677 695 574 718 1101 428 0 742 231 592 560 338 465 946 1039 111 1097 457 336 233 927 263 762 1196 137 548 773 713 836 795 986 307 124 1090 544 980 203 225
1553 136 1420 1214 1299 1106 720 736 134 1257 202 1280 1663 389 742 0 767 297 205 458 348 1508 1601 748 1660 451 433 533 1489 875 1324 1758 740 1111 1335 354 1398 1358 1548 490 754 1653 1106 1543 798 573
858 711 724 518 604 411 178 237 657 562 656 585 968 408 231 767 0 673 642 433 445 813 906 146 965 583 461 404 794 131 629 1063 232 416 640 838 703 662 853 402 219 957 411 848 70 320
1402 184 1269 1063 1149 956 569 585 407 1107 129 1130 1513 323 592 297 673 0 115 308 361 1357 1450 598 1509 300 283 382 1338 750 1174 1608 589 960 1185 433 1248 1207 1398 340 603 1502 955 1392 689 423
1370 92 1237 1031 1117 924 537 554 315 1075 40 1098 1481 291 560 205 642 115 0 276 329 1326 1419 566 1477 268 251 350 1307 718 1142 1576 558 928 1153 341 1216 1175 1366 308 572 1470 924 1360 657 391
1118 345 985 779 865 672 285 344 568 823 290 845 1228 393 338 458 433 308 276 0 431 1073 1166 313 1225 173 52 144 1054 465 890 1323 339 676 900 429 964 923 1113 82 326 1218 671 1108 405 184
1280 398 1147 941 1027 834 518 459 238 985 343 1008 1391 67 465 348 445 361 329 431 0 1235 1328 552 1387 423 405 415 1216 553 1052 1486 463 838 1063 647 1126 1085 1276 463 477 1380 833 1270 476 500
637 1395 503 559 232 481 892 952 1447 349 1340 326 364 1198 946 1508 813 1357 1326 1073 1235 0 685 860 360 1223 1102 1118 573 708 408 458 947 643 300 1479 482 323 632 1042 934 736 638 627 784 1034
216 1488 373 839 613 574 985 1045 1540 725 1433 748 802 1291 1039 1601 906 1450 1419 1166 1328 685 0 953 799 1316 1195 1211 152 801 299 897 1040 736 803 1572 352 825 149 1135 1027 253 731 144 877 1127
905 635 772 566 652 459 58 118 764 610 580 633 1016 515 111 748 146 598 566 313 552 860 953 0 1012 463 342 284 841 178 677 1111 113 463 688 719 751 710 901 282 100 1005 458 895 117 200
915 1711 782 1003 676 797 1209 1268 1763 793 1656 770 67 1514 1262 1824 1129 1674 1642 1389 1552 524 963 1177 0 1539 1418 1434 851 1024 686 117 1263 959 744 1795 760 767 910 1358 1250 1015 954 905 1100 1351
1268 338 1134 929 1014 821 434 451 561 972 283 995 1378 386 457 451 583 300 268 173 423 1223 1316 463 1375 0 148 247 1204 615 1039 1473 455 826 1050 364 1113 1072 1263 205 469 1367 821 1258 554 288
1146 320 1013 807 893 700 313 330 543 851 265 874 1257 368 336 433 461 283 251 52 405 1102 1195 342 1253 148 0 126 1083 494 918 1352 334 704 929 404 992 951 1142 84 348 1246 700 1137 433 167
1163 420 1030 824 909 717 256 227 627 868 365 890 1273 377 233 533 404 382 350 144 415 1118 1211 284 1270 247 126 0 1099 436 934 1368 231 721 945 503 1008 968 1158 176 245 1263 716 1153 375 108
92 1376 261 727 501 462 873 933 1428 613 1321 636 690 1179 927 1489 794 1338 1307 1054 1216 573 152 841 687 1204 1083 1099 0 689 187 785 928 624 691 1460 240 713 99 1023 915 203 619 94 765 1015
753 787 620 414 499 307 210 270 765 458 732 480 863 516 263 875 131 750 718 465 553 708 801 178 860 615 494 436 689 0 524 958 265 311 535 871 598 558 748 434 252 853 306 743 102 352
251 1211 118 562 336 297 709 768 1264 448 1156 471 525 1014 762 1324 629 1174 1142 890 1052 408 299 677 522 1039 918 934 187 524 0 620 763 459 526 1295 97 548 246 859 750 351 454 241 601 851
1013 1809 880 1101 774 895 1307 1366 1862 891 1754 868 161 1612 1360 1922 1227 1772 1740 1488 1650 623 1061 1275 117 1637 1516 1533 949 1122 785 0 1361 1057 842 1893 859 865 1008 1457 1348 1113 1052 1003 1199 1449
992 627 859 653 738 546 84 144 675 697 572 719 1102 426 137 740 232 589 558 339 463 947 1040 113 1099 455 334 231 928 265 763 1197 0 550 774 711 837 797 987 308 126 1092 545 982 204 226
688 998 555 132 434 241 495 555 1050 392 943 415 798 801 548 1111 416 960 928 676 838 643 736 463 795 826 704 721 624 311 459 893 550 0 391 1081 533 369 683 645 537 788 58 678 387 637
754 1222 621 283 239 253 720 779 1274 102 1167 79 583 1025 773 1335 640 1185 1153 900 1063 300 803 688 580 1050 929 945 691 535 526 678 774 391 0 1306 600 76 750 869 761 854 396 744 611 862
1523 272 1390 1184 1270 1077 690 707 464 1228 337 1251 1634 610 713 354 838 433 341 429 647 1479 1572 719 1630 364 404 503 1460 871 1295 1729 711 1081 1306 0 1369 1328 1519 461 725 1623 1077 1513 810 544
304 1285 61 636 410 371 783 842 1338 522 1230 545 599 1088 836 1398 703 1248 1216 964 1126 482 352 751 596 1113 992 1008 240 598 97 694 837 533 600 1369 0 622 299 932 824 404 528 294 675 925
777 1245 644 261 261 276 742 801 1297 124 1190 101 606 1048 795 1358 662 1207 1175 923 1085 323 825 710 602 1072 951 968 713 558 548 701 797 369 76 1328 622 0 772 892 783 877 374 767 634 884
163 1435 320 786 560 521 933 992 1487 672 1380 695 749 1238 986 1548 853 1398 1366 1113 1276 632 149 901 746 1263 1142 1158 99 748 246 844 987 683 750 1519 299 772 0 1082 974 130 678 83 824 1074
1087 377 954 748 833 641 254 313 600 792 322 814 1197 425 307 490 402 340 308 82 463 1042 1135 282 1194 205 84 176 1023 434 859 1292 308 645 869 461 932 892 1082 0 295 1187 640 1077 373 194
979 641 845 639 725 532 71 130 689 683 586 706 1089 440 124 754 219 603 572 326 477 934 1027 100 1086 469 348 245 915 252 750 1184 126 537 761 725 824 783 974 295 0 1078 532 969 191 213
267 1540 425 891 664 626 1037 1096 1592 777 1485 799 854 1343 1090 1653 957 1502 1470 1218 1380 736 253 1005 851 1367 1246 1263 203 853 351 949 1092 788 854 1623 404 877 130 1187 1078 0 783 135 929 1179
683 993 550 137 429 237 490 550 1045 388 938 410 793 796 544 1106 411 955 924 671 833 638 731 458 790 821 700 716 619 306 454 888 545 58 396 1077 528 374 678 640 532 783 0 673 382 632
157 1430 315 781 554 516 927 987 1482 667 1375 690 744 1233 980 1543 848 1392 1360 1108 1270 627 144 895 741 1258 1137 1153 94 743 241 839 982 678 744 1513 294 767 83 1077 969 135 673 0 819 1069
829 726 696 490 576 383 149 209 688 534 671 556 939 439 203 798 70 689 657 405 476 784 877 117 936 554 433 375 765 102 601 1034 204 387 611 810 675 634 824 373 191 929 382 819 0 291
1079 460 946 740 826 633 172 231 683 784 405 807 1190 462 225 573 320 423 391 184 500 1034 1127 200 1186 288 167 108 1015 352 851 1284 226 637 862 544 925 884 1074 194 213 1179 632 1069 291 0
EOF