NAME : tsp_problem
TYPE : TSP
DIMENSION : 28
EDGE_WEIGHT_TYPE : EXPLICIT
EDGE_WEIGHT_FORMAT : FULL_MATRIX
EDGE_WEIGHT_SECTION
0 981 480 828 153 115 500 566 168 853 633 169 180 167 965 911 679 408 206 422 815 224 751 122 49 638 788 166
981 0 749 716 1059 1021 1332 834 1074 673 1464 834 936 842 209 95 323 1164 1112 1178 412 980 759 1028 960 1393 385 1072
480 749 0 596 558 520 831 115 573 620 963 333 435 340 732 679 446 663 611 677 582 478 466 527 459 892 555 571
828 716 596 0 906 868 1179 527 922 76 1312 682 783 689 699 646 413 1011 960 1025 549 827 171 875 807 1241 523 919
153 1059 558 906 0 116 371 644 169 931 504 247 258 245 1043 989 757 403 77 417 893 302 829 123 132 632 866 41
115 1021 520 868 116 0 463 606 131 893 595 209 220 207 1005 951 719 317 169 331 855 264 791 85 94 547 828 128
500 1332 831 1179 371 463 0 916 437 1204 250 594 605 592 1316 1262 1030 467 318 480 1166 615 1102 470 479 481 1139 388
566 834 115 527 644 606 916 0 659 552 1049 419 520 426 818 764 532 748 697 762 668 564 376 613 545 978 641 656
168 1074 573 922 169 131 437 659 0 946 570 262 273 260 1058 1004 772 265 222 279 908 317 844 138 147 495 881 181
853 673 620 76 931 893 1204 552 946 0 1336 706 808 713 657 603 371 1036 984 1050 507 851 196 900 832 1265 480 944
633 1464 963 1312 504 595 250 1049 570 1336 0 727 738 724 1448 1394 1162 599 451 613 1298 747 1234 602 612 613 1271 521
169 834 333 682 247 209 594 419 262 706 727 0 124 111 818 764 532 352 300 366 668 168 604 216 148 582 641 260
180 936 435 783 258 220 605 520 273 808 738 124 0 122 920 866 634 251 311 265 770 114 706 227 159 481 743 271
167 842 340 689 245 207 592 426 260 713 724 111 122 0 825 772 539 350 298 363 675 165 611 214 146 579 648 257
965 209 732 699 1043 1005 1316 818 1058 657 1448 818 920 825 0 139 306 1148 1096 1161 395 963 743 1012 944 1377 369 1055
911 95 679 646 989 951 1262 764 1004 603 1394 764 866 772 139 0 253 1094 1042 1108 342 910 689 958 890 1324 315 1002
679 323 446 413 757 719 1030 532 772 371 1162 532 634 539 306 253 0 862 810 875 156 677 457 726 658 1091 130 770
408 1164 663 1011 403 317 467 748 265 1036 599 352 251 350 1148 1094 862 0 349 76 998 210 934 311 387 253 971 420
206 1112 611 960 77 169 318 697 222 984 451 300 311 298 1096 1042 810 349 0 363 946 355 882 176 185 579 919 94
422 1178 677 1025 417 331 480 762 279 1050 613 366 265 363 1161 1108 875 76 363 0 1011 224 947 324 401 239 984 434
815 412 582 549 893 855 1166 668 908 507 1298 668 770 675 395 342 156 998 946 1011 0 813 593 862 794 1227 55 905
224 980 478 827 302 264 615 564 317 851 747 168 114 165 963 910 677 210 355 224 813 0 749 271 203 440 786 314
751 759 466 171 829 791 1102 376 844 196 1234 604 706 611 743 689 457 934 882 947 593 749 0 798 730 1163 566 841
122 1028 527 875 123 85 470 613 138 900 602 216 227 214 1012 958 726 311 176 324 862 271 798 0 101 540 835 135
49 960 459 807 132 94 479 545 147 832 612 148 159 146 944 890 658 387 185 401 794 203 730 101 0 617 767 145
638 1393 892 1241 632 547 481 978 495 1265 613 582 481 579 1377 1324 1091 253 579 239 1227 440 1163 540 617 0 1200 650
788 385 555 523 866 828 1139 641 881 480 1271 641 743 648 369 315 130 971 919 984 55 786 566 835 767 1200 0 879
166 1072 571 919 41 128 388 656 181 944 521 260 271 257 1055 1002 770 420 94 434 905 314 841 135 145 650 879 0
EOF