NAME : tsp_problem
TYPE : TSP
DIMENSION : 44
EDGE_WEIGHT_TYPE : EXPLICIT
EDGE_WEIGHT_FORMAT : FULL_MATRIX
EDGE_WEIGHT_SECTION
0 1324 465 1568 1206 1305 131 629 1465 1765 1318 1700 1770 721 1053 611 702 1380 381 616 1484 1453 833 1220 259 1659 516 756 596 774 1299 1407 361 654 624 1194 1416 471 1409 439 1665 1184 582 701
1324 0 1220 744 329 52 1252 980 641 669 494 604 674 784 386 1148 649 556 966 965 660 629 517 317 1124 563 868 595 749 684 58 108 1186 804 974 155 592 1214 128 905 841 339 762 645
465 1220 0 1465 1103 1202 357 490 1362 1662 1214 1597 1667 582 950 249 799 1277 581 598 1381 1349 804 1117 419 1556 377 745 729 635 1196 1304 509 515 607 1091 1313 44 1305 639 1561 1081 716 795
1568 744 1465 0 473 726 1497 1225 228 857 271 793 862 1029 631 1393 893 287 1211 1210 247 216 761 486 1369 752 1113 840 993 928 720 710 1431 1049 1218 615 322 1459 675 1150 121 762 1007 890
1206 329 1103 473 0 347 1135 862 369 669 222 605 674 667 269 1031 531 284 848 848 388 357 399 36 1006 564 751 478 631 566 353 260 1068 687 856 252 320 1097 225 788 569 400 645 528
1305 52 1202 726 347 0 1234 962 623 686 475 622 691 766 368 1130 630 538 948 947 642 610 498 335 1106 581 850 577 731 666 76 126 1168 786 956 137 574 1196 145 887 822 357 744 627
131 1252 357 1497 1135 1234 0 522 1394 1694 1246 1629 1699 614 982 503 737 1309 416 630 1412 1381 836 1149 151 1588 409 777 631 667 1228 1335 253 547 639 1123 1344 363 1337 474 1593 1113 617 736
629 980 490 1225 862 962 522 0 1121 1421 974 1357 1426 267 709 417 440 1036 355 204 1140 1109 489 876 393 1316 211 431 334 320 956 1063 455 199 212 850 1072 484 1065 294 1321 840 321 440
1465 641 1362 228 369 623 1394 1121 0 754 168 689 759 925 528 1289 790 183 1107 1107 114 113 658 383 1265 648 1010 737 890 825 617 607 1327 945 1115 511 219 1356 572 1047 325 659 904 787
1929 833 1826 1022 834 851 1858 1586 918 0 771 128 113 1390 992 1754 1254 833 1572 1571 937 906 1122 848 1730 124 1474 1201 1355 1290 857 764 1792 1410 1579 963 869 1820 729 1511 1118 1123 1368 1251
1318 494 1214 271 222 475 1246 974 168 607 0 542 612 778 380 1142 643 83 960 959 187 156 511 236 1118 501 862 589 743 678 469 459 1180 798 968 364 119 1208 424 899 367 511 756 639
1865 768 1761 957 769 786 1793 1521 854 128 706 0 133 1325 928 1689 1190 769 1507 1506 872 841 1058 783 1665 59 1409 1136 1290 1225 792 699 1727 1345 1515 899 804 1755 664 1446 1053 1059 1304 1186
1934 838 1831 1027 839 856 1863 1591 923 113 776 133 0 1395 997 1759 1259 838 1577 1576 942 911 1127 853 1735 129 1479 1206 1359 1295 862 769 1797 1415 1584 968 874 1825 734 1516 1123 1128 1373 1256
721 784 582 1029 667 766 614 267 925 1226 778 1161 1231 0 513 509 288 841 527 376 944 913 293 680 485 1120 230 235 388 124 760 867 547 91 384 655 876 576 869 466 1125 644 402 285
1053 386 950 631 269 368 982 709 528 828 380 763 833 513 0 877 378 443 695 695 547 515 246 283 853 722 597 324 478 413 362 470 915 533 703 257 479 944 471 635 727 161 492 374
611 1148 249 1393 1031 1130 503 417 1289 1590 1142 1525 1595 509 877 0 726 1205 508 526 1308 1277 732 1044 375 1484 304 673 657 562 1124 1231 437 443 534 1018 1240 243 1233 566 1489 1008 643 723
702 649 799 893 531 630 737 440 790 1090 643 1025 1095 288 378 726 0 705 344 343 809 778 158 545 608 984 447 99 127 188 624 732 670 308 352 519 741 793 734 283 989 509 141 144
1380 556 1277 287 284 538 1309 1036 183 669 83 604 674 841 443 1205 705 0 1022 1022 202 171 573 298 1180 564 925 652 805 740 532 522 1242 861 1030 426 97 1271 487 962 383 574 819 702
381 966 581 1211 848 948 416 355 1107 1407 960 1343 1412 527 695 508 344 1022 0 258 1126 1095 475 862 287 1302 414 398 238 457 942 1049 349 459 266 836 1058 575 1051 128 1307 826 225 344
616 965 598 1210 848 947 630 204 1107 1407 959 1342 1412 376 695 526 343 1022 258 0 1125 1094 475 862 502 1301 320 398 238 306 941 1049 564 308 33 836 1057 592 1050 198 1306 826 224 343
1484 660 1381 247 388 642 1412 1140 114 773 187 708 778 944 547 1308 809 202 1126 1125 0 132 677 402 1284 667 1028 755 909 844 635 626 1346 964 1134 530 238 1375 591 1065 343 678 923 805
1453 629 1349 216 357 610 1381 1109 113 742 156 677 747 913 515 1277 778 171 1095 1094 132 0 646 371 1253 636 997 724 878 813 604 594 1315 933 1103 499 207 1343 559 1034 312 646 891 774
833 517 804 761 399 498 836 489 658 958 511 893 963 293 246 732 158 573 475 475 677 646 0 413 707 852 452 104 258 193 492 600 770 313 483 387 609 798 602 415 858 377 272 154
1220 317 1117 486 36 335 1149 876 383 683 236 619 688 680 283 1044 545 298 862 862 402 371 413 0 1020 578 765 492 645 580 341 248 1082 700 870 266 334 1111 213 802 583 414 659 542
259 1124 419 1369 1006 1106 151 393 1265 1565 1118 1501 1570 485 853 375 608 1180 287 502 1284 1253 707 1020 0 1460 280 649 503 538 1100 1207 125 419 510 994 1216 425 1209 345 1465 984 489 608
1824 727 1721 916 728 745 1753 1480 813 124 665 59 129 1284 887 1648 1149 728 1466 1466 831 800 1017 742 1624 0 1368 1095 1249 1184 751 658 1686 1304 1474 858 763 1715 623 1406 1012 1018 1263 1145
516 868 377 1113 751 850 409 211 1010 1310 862 1245 1315 230 597 304 447 925 414 320 1028 997 452 765 280 1204 0 393 451 283 844 951 342 173 328 739 960 371 953 411 1209 728 437 443
756 595 745 840 478 577 777 431 737 1037 589 972 1042 235 324 673 99 652 398 398 755 724 104 492 649 931 393 0 181 135 571 678 711 255 406 466 687 740 680 338 936 455 195 96
596 749 729 993 631 731 631 334 890 1190 743 1125 1195 388 478 657 127 805 238 238 909 878 258 645 503 1085 451 181 0 288 724 832 565 408 246 619 841 723 834 178 1090 609 104 127
774 684 635 928 566 666 667 320 825 1125 678 1061 1130 124 413 562 188 740 457 306 844 813 193 580 538 1020 283 135 288 0 659 767 600 144 314 554 776 629 769 396 1025 544 302 185
1299 58 1196 720 353 76 1228 956 617 692 469 628 697 760 362 1124 624 532 942 941 635 604 492 341 1100 587 844 571 724 659 0 132 1162 780 949 131 567 1190 151 881 816 363 738 621
1407 108 1304 710 260 126 1335 1063 607 599 459 535 604 867 470 1231 732 522 1049 1049 626 594 600 248 1207 494 951 678 832 767 132 0 1269 887 1057 238 558 1298 58 988 806 413 846 728
361 1186 509 1431 1068 1168 253 455 1327 1627 1180 1563 1632 547 915 437 670 1242 349 564 1346 1315 770 1082 125 1522 342 711 565 600 1162 1269 0 481 572 1056 1278 503 1271 407 1527 1046 551 670
654 804 515 1049 687 786 547 199 945 1246 798 1181 1251 91 533 443 308 861 459 308 964 933 313 700 419 1140 173 255 408 144 780 887 481 0 316 674 896 509 889 399 1145 664 422 305
624 974 607 1218 856 956 639 212 1115 1415 968 1350 1420 384 703 534 352 1030 266 33 1134 1103 483 870 510 1310 328 406 246 314 949 1057 572 316 0 844 1066 601 1059 206 1315 834 232 352
1194 155 1091 615 252 137 1123 850 511 799 364 734 804 655 257 1018 519 426 836 836 530 499 387 266 994 693 739 466 619 554 131 238 1056 674 844 0 462 1085 258 776 711 388 633 516
1416 592 1313 322 320 574 1344 1072 219 705 119 640 710 876 479 1240 741 97 1058 1057 238 207 609 334 1216 599 960 687 841 776 567 558 1278 896 1066 462 0 1307 523 997 419 610 855 737
471 1214 44 1459 1097 1196 363 484 1356 1656 1208 1591 1661 576 944 243 793 1271 575 592 1375 1343 798 1111 425 1550 371 740 723 629 1190 1298 503 509 601 1085 1307 0 1299 633 1555 1075 710 789
1409 128 1305 675 225 145 1337 1065 572 564 424 500 569 869 471 1233 734 487 1051 1050 591 559 602 213 1209 459 953 680 834 769 151 58 1271 889 1059 258 523 1299 0 990 771 433 847 730
439 905 639 1150 788 887 474 294 1047 1347 899 1282 1352 466 635 566 283 962 128 198 1065 1034 415 802 345 1241 411 338 178 396 881 988 407 399 206 776 997 633 990 0 1246 766 164 283
1665 841 1561 121 569 822 1593 1321 325 954 367 889 959 1125 727 1489 989 383 1307 1306 343 312 858 583 1465 848 1209 936 1090 1025 816 806 1527 1145 1315 711 419 1555 771 1246 0 858 1103 986
1184 339 1081 762 400 357 1113 840 659 959 511 894 964 644 161 1008 509 574 826 826 678 646 377 414 984 853 728 455 609 544 363 413 1046 664 834 388 610 1075 433 766 858 0 623 505
582 762 716 1007 645 744 617 321 904 1204 756 1139 1209 402 492 643 141 819 225 224 923 891 272 659 489 1098 437 195 104 302 738 846 551 422 232 633 855 710 847 164 1103 623 0 140
701 645 795 890 528 627 736 440 787 1087 639 1022 1092 285 374 723 144 702 344 343 805 774 154 542 608 981 443 96 127 185 621 728 670 305 352 516 737 789 730 283 986 505 140 0
EOF