NAME : tsp_problem
TYPE : TSP
DIMENSION : 48
EDGE_WEIGHT_TYPE : EXPLICIT
EDGE_WEIGHT_FORMAT : FULL_MATRIX
EDGE_WEIGHT_SECTION
0 484 412 673 361 1044 646 1048 1060 676 839 1283 388 502 1578 547 1110 568 461 79 338 529 1635 245 939 467 522 3070 560 675 1615 1365 1557 631 1109 98 1375 1076 1038 1274 544 549 625 3113 586 580 749 1277
484 0 208 835 157 876 237 880 891 365 1000 1115 121 298 1410 811 942 730 724 433 601 691 1796 296 770 730 684 3231 722 836 1447 1197 1388 222 941 415 1207 908 870 1106 135 346 216 2945 177 741 910 1108
412 208 0 650 85 730 369 734 746 362 816 969 112 114 1264 738 796 545 652 361 529 506 1612 223 625 658 499 3047 537 652 1302 1051 1243 355 796 342 1062 762 725 961 268 161 348 2800 309 557 726 963
673 835 650 0 702 985 741 989 1001 617 413 1224 738 561 1519 834 1051 286 748 622 625 247 1209 587 879 753 240 2644 278 249 1556 1306 1498 955 1050 604 1316 1017 979 1215 868 514 949 3054 909 298 323 1218
361 157 85 702 0 782 319 786 798 414 868 1021 61 166 1316 687 848 597 601 310 478 558 1664 173 677 607 551 3099 589 704 1354 1103 1295 304 848 292 1114 814 777 1013 217 213 298 2852 259 609 778 1015
1044 876 730 985 782 0 663 129 117 539 1150 264 818 641 559 1243 166 880 1156 993 1033 841 1946 821 238 1162 834 2803 872 986 597 346 538 878 360 975 505 477 66 500 790 594 871 2245 832 892 1060 258
646 237 369 741 319 663 0 667 679 152 906 902 282 397 1197 972 729 636 886 595 763 597 1702 457 558 892 589 3137 628 742 1234 984 1176 238 728 576 994 695 657 893 151 350 232 2732 193 647 816 896
1048 880 734 989 786 129 667 0 36 544 1154 333 822 645 628 1247 85 884 1160 997 1037 845 1950 825 133 1166 838 2907 876 991 665 415 606 882 262 979 574 397 135 524 794 598 875 2349 836 896 1064 326
1060 891 746 1001 798 117 679 36 0 555 1166 321 834 657 616 1258 74 896 1172 1009 1049 857 1962 837 144 1178 850 2896 888 1002 653 403 595 893 268 991 562 385 123 512 806 610 887 2337 848 907 1076 315
676 365 362 617 414 539 152 544 555 0 782 778 411 273 1074 875 605 512 788 625 665 473 1578 453 434 794 466 3014 504 619 1111 861 1052 367 605 607 871 571 534 770 280 226 360 2609 321 524 692 772
839 1000 816 413 868 1150 906 1154 1166 782 0 1389 903 726 1684 999 1216 451 913 788 790 412 1020 752 1045 919 405 2456 444 267 1722 1471 1663 1120 1216 769 1482 1182 1145 1381 1033 679 1114 2879 1075 463 279 1383
1283 1115 969 1224 1021 264 902 333 321 778 1389 0 1057 880 318 1482 273 1119 1395 1232 1272 1080 2185 1060 442 1401 1073 3042 1111 1225 387 105 297 1116 353 1214 264 414 270 259 1029 833 1110 2484 1071 1131 1299 139
388 121 112 738 61 818 282 822 834 411 903 1057 0 201 1352 714 884 633 628 337 505 594 1699 199 713 634 587 3135 625 740 1390 1139 1331 268 883 318 1149 850 812 1049 180 249 261 2887 222 645 813 1051
502 298 114 561 166 641 397 645 657 273 726 880 201 0 1175 819 707 456 732 451 609 417 1522 313 536 738 410 2958 448 563 1213 962 1154 445 706 432 972 673 635 872 357 112 438 2710 399 468 636 874
1578 1410 1264 1519 1316 559 1197 628 616 1074 1684 318 1352 1175 0 1777 568 1414 1690 1527 1567 1375 2480 1355 737 1696 1368 3337 1406 1521 287 236 45 1412 648 1509 485 578 565 382 1324 1128 1405 2779 1366 1426 1595 434
712 975 902 998 852 1407 1136 1411 1423 1039 1164 1646 878 983 1941 0 1473 894 144 661 483 854 1960 736 1301 150 847 3395 886 1000 1978 1728 1920 1122 1472 642 1738 1439 1401 1637 1035 936 1115 3476 1076 905 1074 1640
1110 942 796 1051 848 166 729 85 74 605 1216 273 884 707 568 1309 0 946 1222 1059 1099 907 2012 887 194 1228 900 2944 938 1052 605 355 546 944 218 1041 514 336 172 463 856 660 937 2386 898 958 1126 266
568 730 545 286 597 880 636 884 896 512 451 1119 633 456 1414 729 946 0 643 518 520 93 1247 482 775 649 96 2683 61 288 1452 1201 1393 850 945 499 1211 912 874 1111 763 409 844 2949 805 40 362 1113
625 889 816 912 766 1321 1050 1325 1336 953 1077 1560 792 897 1855 144 1387 807 0 575 397 768 1873 649 1215 64 761 3309 799 914 1892 1642 1833 1036 1386 556 1652 1352 1315 1551 948 850 1029 3390 990 819 987 1553
79 433 361 622 310 993 595 997 1009 625 788 1232 337 451 1527 497 1059 518 410 0 287 478 1584 194 888 416 471 3019 510 624 1565 1314 1506 580 1058 99 1324 1025 987 1224 493 498 574 3062 535 529 698 1226
556 819 747 842 696 1251 981 1255 1267 883 1008 1490 723 827 1785 292 1317 738 205 505 0 699 1804 580 1146 211 691 3239 730 844 1823 1572 1764 966 1316 487 1582 1283 1245 1482 879 780 960 3320 921 749 918 1484
529 691 506 247 558 841 597 845 857 473 412 1080 594 417 1375 690 907 93 604 478 481 0 1208 443 736 610 96 2644 104 249 1413 1162 1354 811 906 460 1172 873 835 1072 724 370 805 2910 766 82 322 1074
1635 1796 1612 1209 1664 1946 1702 1950 1962 1578 1020 2185 1699 1522 2480 1795 2012 1247 1709 1584 1586 1208 0 1548 1841 1715 1201 1526 1239 1063 2518 2267 2459 1916 2012 1565 2277 1978 1941 2177 1829 1475 1910 1949 1871 1259 1075 2179
245 296 223 587 173 821 457 825 837 453 752 1060 199 313 1355 571 887 482 485 194 362 443 1548 0 716 491 436 2984 474 588 1393 1142 1334 443 887 176 1152 853 816 1052 355 350 436 2890 397 494 662 1054
939 770 625 879 677 238 558 133 144 434 1045 442 713 536 737 1137 194 775 1051 888 928 736 1841 716 0 1057 728 3016 767 881 774 524 716 772 194 869 611 347 244 510 685 489 766 2458 727 786 955 436
631 895 822 918 771 1326 1056 1330 1342 958 1083 1565 798 903 1861 150 1392 813 64 580 402 774 1879 655 1221 0 767 3315 805 919 1898 1647 1839 1041 1392 562 1658 1358 1321 1557 954 855 1035 3396 996 825 993 1559
522 684 499 240 551 834 589 838 850 466 405 1073 587 410 1368 683 900 96 597 471 474 96 1201 436 728 602 0 2637 107 241 1405 1155 1347 804 899 453 1165 866 828 1064 717 363 797 2903 758 85 315 1067
2953 3114 2930 2527 2982 3265 3020 3269 3280 2897 2338 3504 3018 2841 3799 3114 3331 2566 3027 2902 2904 2527 1409 2867 3159 3033 2519 0 2558 2381 3836 3586 3777 3235 3330 2884 3596 3296 3259 3495 3147 2794 3228 1146 3189 2577 2393 3497
560 722 537 278 589 872 628 876 888 504 444 1111 625 448 1406 721 938 61 635 510 512 104 1239 474 767 641 107 2675 0 280 1444 1193 1385 842 937 491 1203 904 866 1103 755 401 836 2941 797 51 354 1105
675 836 652 249 704 986 742 991 1002 619 267 1225 740 563 1521 836 1052 288 749 624 626 249 1063 588 881 755 241 2498 280 0 1558 1308 1499 957 1052 606 1318 1018 981 1217 869 515 950 2922 911 299 177 1219
1615 1447 1302 1556 1354 597 1234 665 653 1111 1722 387 1390 1213 287 1814 605 1452 1728 1565 1605 1413 2518 1393 774 1734 1405 3375 1444 1558 0 305 266 1449 685 1546 554 704 602 549 1362 1166 1442 2816 1403 1463 1632 415
1365 1197 1051 1306 1103 346 984 415 403 861 1471 105 1139 962 236 1564 355 1201 1477 1314 1354 1162 2267 1142 524 1483 1155 3124 1193 1308 305 0 214 1199 435 1296 272 422 352 267 1111 915 1192 2566 1153 1213 1381 221
1557 1388 1243 1498 1295 538 1176 606 595 1052 1663 297 1331 1154 45 1755 546 1393 1669 1506 1546 1354 2459 1334 716 1675 1347 3316 1385 1499 266 214 0 1390 627 1488 463 599 544 403 1303 1107 1384 2758 1345 1405 1573 413
631 222 355 955 304 878 238 882 893 367 1120 1116 268 445 1412 957 944 850 871 580 748 811 1916 443 772 877 804 3352 842 957 1449 1199 1390 0 943 562 1209 909 872 1108 110 492 76 2947 70 862 1030 1110
1109 941 796 1050 848 360 728 262 268 605 1216 353 883 706 648 1308 218 945 1222 1058 1099 906 2012 887 194 1227 899 3138 937 1052 685 435 627 943 0 1040 441 213 366 340 856 659 936 2580 897 957 1126 347
98 415 342 604 292 975 576 979 991 607 769 1214 318 432 1509 478 1041 499 392 99 269 460 1565 176 869 398 453 3001 491 606 1546 1296 1488 562 1040 0 1306 1007 969 1205 475 480 555 3044 516 511 679 1208
1375 1207 1062 1316 1114 505 994 574 562 871 1482 264 1149 972 485 1574 514 1211 1487 1324 1364 1172 2277 1152 611 1493 1165 3283 1203 1318 554 272 463 1209 441 1306 0 326 511 171 1121 925 1202 2725 1163 1223 1392 380
1076 908 762 1017 814 477 695 397 385 571 1182 414 850 673 578 1274 336 912 1188 1025 1065 873 1978 853 347 1194 866 3256 904 1018 704 422 599 909 213 1007 326 0 483 225 822 626 903 2697 864 924 1092 464
1038 870 725 979 777 66 657 135 123 534 1145 270 812 635 565 1237 172 874 1151 987 1028 835 1941 816 244 1156 828 2798 866 981 602 352 544 872 366 969 511 483 0 506 784 588 865 2239 826 886 1055 264
1274 1106 961 1215 1013 500 893 524 512 770 1381 259 1049 872 382 1473 463 1111 1387 1224 1264 1072 2177 1052 510 1393 1064 3279 1103 1217 549 267 403 1108 340 1205 171 225 506 0 1021 824 1101 2720 1062 1122 1291 376
544 135 268 868 217 790 151 794 806 280 1033 1029 180 357 1324 870 856 763 784 493 661 724 1829 355 685 790 717 3265 755 869 1362 1111 1303 110 856 475 1121 822 784 1021 0 405 103 2859 79 775 943 1023
549 346 161 514 213 594 350 598 610 226 679 833 249 112 1128 772 660 409 685 498 562 370 1475 350 489 691 363 2911 401 515 1166 915 1107 492 659 480 925 626 588 824 405 0 486 2663 447 421 589 827
625 216 348 949 298 871 232 875 887 360 1114 1110 261 438 1405 951 937 844 865 574 742 805 1910 436 766 871 797 3345 836 950 1442 1192 1384 76 936 555 1202 903 865 1101 103 486 0 2940 64 855 1024 1104
3125 2957 2812 3006 2864 2257 2744 2361 2349 2621 2817 2496 2899 2723 2791 3324 2398 2961 3238 3074 3115 2922 1887 2903 2470 3243 2915 587 2954 2860 2828 2578 2770 2959 2592 3056 2737 2709 2251 2732 2872 2675 2952 0 2913 2973 2871 2490
586 177 309 909 259 832 193 836 848 321 1075 1071 222 399 1366 912 898 805 826 535 703 766 1871 397 727 832 758 3306 797 911 1403 1153 1345 70 897 516 1163 864 826 1062 79 447 64 2901 0 816 985 1065
580 741 557 298 609 892 647 896 907 524 463 1131 645 468 1426 741 958 40 654 529 531 82 1259 494 786 660 85 2694 51 299 1463 1213 1405 862 957 511 1223 924 886 1122 775 421 855 2961 816 0 373 1125
749 910 726 323 778 1060 816 1064 1076 692 279 1299 813 636 1595 909 1126 362 823 698 700 322 1075 662 955 829 315 2510 354 177 1632 1381 1573 1030 1126 679 1392 1092 1055 1291 943 589 1024 2933 985 373 0 1293
1277 1108 963 1218 1015 258 896 326 315 772 1383 139 1051 874 434 1475 266 1113 1389 1226 1266 1074 2179 1054 436 1395 1067 3036 1105 1219 415 221 413 1110 347 1208 380 464 264 376 1023 827 1104 2478 1065 1125 1293 0
EOF