NAME : tsp_problem
TYPE : TSP
DIMENSION : 88
EDGE_WEIGHT_TYPE : EXPLICIT
EDGE_WEIGHT_FORMAT : FULL_MATRIX
EDGE_WEIGHT_SECTION
0 999 209 1205 1151 355 956 1259 325 941 326 54 309 895 1180 214 88 835 1206 1050 3132 1342 917 649 232 1157 1002 1126 673 1201 884 577 524 355 546 901 267 963 616 193 889 619 1027 1261 288 745 728 117 749 322 1003 337 380 861 923 1081 1168 1102 320 593 268 648 213 353 580 365 200 493 512 1227 1042 1194 1171 318 730 1150 938 211 685 67 1195 598 622 183 1045 221 609 500
999 0 1033 669 286 928 906 723 696 219 957 1030 715 687 315 947 936 784 341 551 2588 806 867 598 818 292 570 628 1493 665 834 527 1344 812 1366 693 895 241 566 832 681 569 92 725 877 695 366 1090 541 759 536 945 1205 811 715 110 303 565 756 1413 1014 597 954 673 529 1190 1006 1314 1332 691 177 658 305 709 522 285 576 815 634 1043 659 1423 1442 1023 546 1045 1434 1320
209 1033 0 1239 1185 480 990 1293 359 974 451 179 343 928 1214 106 273 868 1240 1084 3257 1376 951 682 415 1191 1035 1160 589 1235 918 611 637 247 659 935 160 997 650 377 923 653 1060 1295 180 779 762 242 782 301 1037 462 194 895 956 1115 1202 1136 302 509 393 681 106 387 613 180 325 409 428 1261 1076 1228 1204 352 764 1184 972 395 718 192 1229 412 538 308 1079 114 423 613
1370 833 1403 0 985 1298 1021 129 1066 774 1327 1400 1085 775 1014 1317 1306 928 1040 538 3287 213 982 968 1189 991 557 614 1863 71 949 897 1714 1182 1736 782 1265 797 936 1202 770 939 860 131 1247 1017 736 1460 847 1129 522 1315 1575 926 803 914 1002 372 1127 1784 1384 968 1324 1043 899 1560 1376 1684 1702 98 876 74 1004 1079 868 983 639 1185 1004 1413 111 1793 1812 1393 533 1416 1804 1690
1151 286 1185 820 0 1079 1058 874 848 370 1108 1181 867 838 257 1099 1088 936 81 703 2530 957 1019 750 970 234 722 779 1645 816 986 678 1496 964 1518 845 1046 393 718 984 833 720 313 876 1028 846 517 1242 692 911 687 1097 1356 963 866 367 55 717 908 1565 1166 749 1105 825 681 1342 1158 1465 1483 843 181 809 247 860 674 227 728 967 786 1194 810 1574 1594 1175 698 1197 1585 1471
355 928 480 1133 1079 0 884 1187 364 869 54 325 348 823 1108 485 310 763 1134 978 2803 1270 845 577 271 1085 930 1055 591 1129 812 505 441 414 464 829 497 891 545 232 817 547 955 1189 479 673 656 262 677 361 931 44 411 790 851 1009 1096 1030 359 511 112 576 484 389 508 532 179 411 429 1156 970 1122 1099 357 658 1078 867 250 613 306 1123 650 540 196 973 492 640 417
956 906 990 857 1058 884 0 910 653 847 914 987 672 270 1087 904 893 146 1112 573 3359 994 78 337 775 1064 525 650 1450 852 94 409 1301 769 1323 264 852 869 369 789 275 367 933 912 834 235 615 1047 416 716 527 902 1161 117 242 987 1074 753 713 1370 971 338 911 630 404 1147 963 1270 1289 879 948 846 1077 666 437 1056 405 772 301 999 846 1380 1399 980 568 1002 1390 1277
1423 887 1457 129 1038 1351 1075 0 1120 828 1381 1454 1139 829 1068 1371 1360 982 1093 592 3340 135 1036 1022 1242 1045 611 668 1917 76 1003 951 1768 1236 1790 836 1318 850 990 1256 824 992 914 123 1301 1071 790 1514 901 1183 576 1369 1628 980 857 968 1055 426 1180 1837 1438 1021 1378 1097 953 1614 1430 1737 1756 90 929 83 1058 1133 922 1037 693 1239 1058 1466 120 1847 1866 1447 587 1469 1857 1744
325 696 359 902 848 364 653 956 0 637 357 356 72 591 877 273 262 531 903 747 3040 1039 614 345 144 854 699 823 894 898 581 274 744 138 767 598 221 660 313 158 586 316 724 958 203 442 425 416 446 85 700 347 530 558 619 778 865 799 82 814 414 345 280 115 277 516 332 714 732 924 739 891 867 81 427 847 635 141 381 369 892 749 843 349 742 371 759 720
941 219 974 610 370 869 847 664 637 0 898 971 657 628 400 889 877 726 425 492 2672 747 808 540 760 377 511 569 1435 606 775 468 1285 754 1308 634 836 50 507 773 623 510 246 666 818 636 307 1031 482 700 477 887 1146 752 656 300 387 507 698 1355 955 539 895 614 471 1131 948 1255 1273 632 261 599 390 650 463 369 518 756 576 984 600 1364 1384 965 488 987 1375 1261
326 957 451 1163 1108 54 914 1216 357 898 0 296 340 852 1138 456 303 792 1163 1007 2832 1300 875 606 263 1115 959 1084 561 1158 842 534 412 407 435 859 489 920 574 224 847 576 984 1218 472 703 685 233 706 354 961 37 382 819 880 1038 1125 1059 351 482 104 605 455 385 537 503 171 382 400 1185 999 1152 1128 350 688 1107 896 242 642 277 1152 621 511 189 1002 463 610 388
54 1030 179 1235 1181 325 987 1289 356 971 296 0 339 925 1211 184 118 865 1236 1080 3103 1372 948 679 262 1188 1032 1157 644 1231 915 607 494 325 517 931 237 993 647 223 920 649 1057 1291 258 775 758 87 779 352 1034 308 350 892 953 1111 1198 1132 350 564 238 678 183 383 610 335 171 464 482 1258 1072 1225 1201 348 760 1180 969 241 715 38 1225 568 593 154 1075 191 579 470
309 715 343 921 867 348 672 975 72 657 340 339 0 611 896 257 245 551 922 766 3060 1058 633 365 128 873 718 842 877 917 600 293 728 122 750 617 204 679 332 141 605 335 743 977 186 461 444 399 465 68 719 330 514 577 639 797 884 818 66 797 398 364 263 99 296 499 316 697 716 943 758 910 886 64 446 866 654 124 401 352 911 732 826 333 761 355 743 703
895 687 928 611 838 823 270 665 591 628 852 925 611 0 867 843 831 177 893 328 3140 748 231 368 714 845 280 404 1388 607 198 422 1239 707 1262 105 790 650 400 727 93 398 714 667 772 266 369 985 170 654 281 840 1100 176 126 768 855 508 652 1309 909 369 849 568 425 1085 901 1209 1227 633 729 600 858 604 191 837 159 710 332 938 601 1318 1338 919 323 941 1329 1215
1180 315 1214 850 257 1108 1087 903 877 400 1138 1211 896 867 0 1128 1117 965 312 732 2414 987 1048 779 999 119 751 809 1674 845 1015 708 1525 993 1547 874 1076 422 747 1013 862 749 342 905 1058 876 547 1271 722 940 717 1126 1385 992 896 397 274 746 937 1594 1195 778 1135 854 710 1371 1187 1494 1513 872 210 839 57 890 703 111 757 996 815 1223 839 1604 1623 1204 727 1226 1614 1501
214 947 106 1153 1099 485 904 1207 273 889 456 184 257 843 1128 0 278 783 1154 998 3262 1290 865 597 330 1105 950 1074 673 1149 832 525 654 161 676 849 143 911 564 343 837 567 975 1209 125 693 676 247 697 216 951 467 278 809 871 1029 1116 1050 216 593 398 596 111 301 528 263 331 493 511 1175 990 1142 1118 266 678 1098 886 326 633 197 1143 496 622 313 993 119 507 630
88 936 273 1142 1088 310 893 1196 262 877 303 118 245 831 1117 278 0 771 1143 986 3088 1279 854 585 168 1094 938 1063 737 1138 821 514 588 312 610 838 331 900 553 129 826 555 963 1198 351 682 665 180 685 259 940 293 444 798 859 1017 1105 1039 256 657 332 584 277 290 516 429 264 557 576 1164 979 1131 1107 255 667 1086 875 147 621 131 1132 662 686 247 982 285 673 563
835 784 868 763 936 763 146 817 531 726 792 865 551 177 965 783 771 0 991 480 3238 900 107 215 654 942 432 557 1329 759 74 287 1179 648 1202 170 730 748 247 667 182 245 812 819 712 113 513 925 323 594 434 781 1040 51 149 866 953 660 592 1249 849 216 789 508 283 1025 842 1149 1167 786 827 752 955 544 344 935 312 650 179 878 753 1258 1278 859 475 881 1269 1155
1206 341 1240 875 81 1134 1112 929 903 425 1163 1236 922 893 312 1154 1143 991 0 758 2585 1012 1073 805 1025 289 777 834 1700 871 1041 733 1551 1019 1573 900 1101 447 773 1039 888 775 368 931 1083 901 572 1296 747 966 742 1152 1411 1018 921 422 67 772 963 1620 1221 804 1160 880 736 1396 1213 1520 1538 898 236 864 302 915 729 282 783 1021 841 1249 865 1629 1649 1230 753 1252 1640 1526
1050 551 1084 374 703 978 573 427 747 492 1007 1080 766 328 732 998 986 480 758 0 3005 511 534 649 869 709 109 102 1544 369 501 577 1394 863 1417 334 945 515 617 882 322 619 578 429 927 569 344 1140 399 809 75 996 1255 478 356 633 720 270 807 1464 1065 648 1004 724 580 1240 1057 1364 1382 396 594 363 722 759 421 702 191 865 635 1093 363 1473 1493 1074 85 1096 1484 1370
3336 2471 3370 3005 2413 3264 3242 3059 3033 2555 3293 3366 3052 3023 2297 3284 3272 3121 2468 2887 0 3142 3203 2935 3155 2274 2906 2964 3830 3001 3170 2863 3680 3149 3703 3030 3231 2577 2903 3168 3018 2905 2498 3061 3213 3031 2702 3426 2877 3095 2872 3282 3541 3147 3051 2552 2429 2902 3093 3750 3351 2934 3290 3009 2866 3526 3343 3650 3668 3027 2366 2994 2287 3045 2858 2267 2913 3151 2971 3379 2995 3759 3779 3360 2883 3382 3770 3656
1506 970 1540 213 1122 1435 1158 135 1203 911 1464 1537 1222 912 1151 1454 1443 1065 1177 675 3424 0 1119 1105 1326 1128 694 751 2000 159 1086 1034 1851 1319 1873 919 1402 934 1073 1339 907 1076 997 118 1384 1154 873 1597 984 1266 659 1452 1712 1063 940 1051 1139 509 1264 1921 1521 1104 1461 1180 1036 1697 1513 1821 1839 151 1013 166 1141 1216 1005 1120 776 1322 1141 1550 203 1930 1949 1530 670 1553 1941 1827
917 867 951 818 1019 845 78 871 614 808 875 948 633 231 1048 865 854 107 1073 534 3320 955 0 298 736 1025 486 611 1411 813 55 370 1262 730 1284 225 813 830 330 750 236 328 894 873 795 196 576 1008 377 677 488 863 1122 78 203 948 1035 714 674 1331 932 299 872 591 365 1108 924 1231 1250 840 909 807 1038 627 398 1017 366 733 262 960 807 1341 1360 941 529 963 1351 1238
649 598 682 804 750 577 337 858 345 540 606 679 365 368 779 597 585 215 805 649 3052 941 298 0 468 756 601 725 1142 800 265 101 993 461 1016 361 544 562 61 481 373 59 626 860 526 126 327 739 348 408 602 594 854 242 340 680 767 701 406 1063 663 64 603 322 97 839 655 963 981 826 641 793 769 358 329 749 503 464 83 692 794 1072 1092 673 644 695 1083 969
232 818 415 1024 970 271 775 1078 144 760 263 262 128 714 999 330 168 654 1025 869 3048 1161 736 468 0 976 821 945 800 1020 703 396 650 194 673 720 277 782 436 64 708 438 846 1080 259 564 547 322 568 141 822 253 587 680 742 900 987 921 139 720 321 467 336 172 399 572 238 620 638 1046 861 1013 990 137 549 969 758 47 504 275 1014 805 749 255 864 428 816 626
1157 292 1191 827 234 1085 1064 880 854 377 1115 1188 873 845 119 1105 1094 942 289 709 2391 964 1025 756 976 0 728 786 1651 822 992 685 1502 970 1524 851 1053 399 724 990 839 726 319 882 1035 853 524 1248 699 917 694 1103 1362 969 873 374 251 723 914 1571 1172 755 1112 831 687 1348 1164 1471 1490 849 187 816 109 867 680 88 734 973 792 1200 816 1581 1600 1181 704 1203 1591 1478
1002 570 1035 392 722 930 525 446 699 511 959 1032 718 280 751 950 938 432 777 109 3024 529 486 601 821 728 0 186 1496 388 453 529 1346 815 1369 286 897 534 568 834 274 571 597 448 879 521 296 1092 351 761 63 948 1207 430 308 652 739 289 759 1416 1016 600 956 675 532 1192 1009 1316 1334 415 613 382 741 711 373 720 143 817 587 1045 382 1425 1445 1026 104 1048 1436 1322
1126 628 1160 450 779 1055 650 504 823 569 1084 1157 842 404 809 1074 1063 557 834 102 3081 587 611 725 945 786 186 0 1620 446 578 654 1471 939 1493 411 1022 591 693 959 399 695 655 506 1004 646 421 1217 476 886 151 1072 1331 555 432 709 796 347 883 1540 1141 724 1081 800 656 1317 1133 1440 1459 472 670 439 799 836 497 778 268 942 712 1169 440 1550 1569 1150 107 1172 1560 1447
673 1493 589 1699 1645 591 1450 1753 894 1435 561 644 877 1388 1674 673 737 1329 1700 1544 3368 1836 1411 1142 800 1651 1496 1620 0 1695 1378 1071 217 814 195 1395 726 1457 1110 761 1383 1113 1521 1755 747 1239 1222 581 1243 868 1497 573 421 1355 1416 1575 1662 1596 868 200 504 1142 672 921 1074 542 587 330 348 1721 1536 1688 1664 886 1224 1644 1432 779 1178 625 1689 339 74 569 1539 574 329 447
1365 829 1399 71 980 1293 1017 76 1062 770 1323 1395 1081 771 1010 1313 1302 923 1035 534 3282 159 978 964 1184 987 553 610 1859 0 945 892 1710 1178 1732 778 1260 792 932 1198 766 934 856 78 1243 1012 732 1456 843 1125 518 1311 1570 922 799 910 997 367 1122 1779 1380 963 1320 1039 895 1556 1372 1679 1698 44 871 25 1000 1075 864 979 635 1181 1000 1408 62 1789 1808 1389 529 1411 1799 1686
884 834 918 785 986 812 94 838 581 775 842 915 600 198 1015 832 821 74 1041 501 3288 922 55 265 703 992 453 578 1378 780 0 337 1229 697 1251 192 780 798 297 717 203 295 861 840 762 163 543 975 344 644 455 830 1089 72 171 915 1003 681 641 1298 899 266 839 558 332 1075 891 1198 1217 807 877 774 1005 594 365 984 333 700 229 927 774 1308 1327 908 496 930 1318 1205
577 527 611 732 678 505 409 786 274 468 534 607 293 422 708 525 514 287 733 577 2980 869 370 101 396 685 529 654 1071 728 337 0 922 390 944 428 472 490 98 410 417 96 554 788 454 198 255 667 276 337 531 523 782 314 413 608 695 629 334 991 592 101 531 251 61 768 584 891 909 755 569 721 698 286 257 677 466 393 137 620 722 1000 1020 601 572 623 1011 897
524 1344 637 1550 1496 441 1301 1604 744 1285 412 494 728 1239 1525 654 588 1179 1551 1394 3219 1687 1262 993 650 1502 1346 1471 217 1545 1229 922 0 794 45 1246 707 1307 961 612 1234 963 1371 1606 728 1090 1073 431 1093 741 1348 424 469 1206 1267 1425 1512 1446 738 395 354 992 653 772 924 590 437 469 487 1572 1386 1539 1515 737 1075 1494 1283 630 1029 475 1540 534 269 420 1390 622 524 252
355 812 247 1018 964 414 769 1072 138 754 407 325 122 707 993 161 312 648 1019 863 3156 1155 730 461 194 970 815 939 814 1014 697 390 794 0 817 714 109 776 429 208 702 432 840 1074 91 558 541 387 562 135 816 397 419 674 735 894 981 915 132 734 465 461 168 166 393 404 382 634 652 1040 855 1007 983 131 543 963 751 191 497 338 1008 637 763 399 858 260 648 770
546 1366 659 1572 1518 464 1323 1626 767 1308 435 517 750 1262 1547 676 610 1202 1573 1417 3241 1709 1284 1016 673 1524 1369 1493 195 1568 1251 944 45 817 0 1268 729 1330 983 634 1256 986 1394 1628 750 1112 1095 454 1116 763 1370 446 491 1228 1290 1448 1535 1469 761 373 377 1015 675 794 947 612 460 491 509 1594 1409 1561 1537 759 1097 1517 1305 652 1052 498 1562 512 246 442 1412 645 501 274
901 693 935 617 845 829 264 671 598 634 859 931 617 105 874 849 838 170 900 334 3147 754 225 361 720 851 286 411 1395 613 192 428 1246 714 1268 0 796 657 393 734 99 391 720 673 779 259 376 992 177 661 288 847 1106 169 122 775 862 514 658 1315 916 362 856 575 429 1092 908 1215 1234 640 736 607 864 611 198 844 166 717 325 944 607 1325 1344 925 329 947 1335 1222
267 895 160 1100 1046 497 852 1154 221 836 489 237 204 790 1076 143 331 730 1101 945 3239 1237 813 544 277 1053 897 1022 726 1096 780 472 707 109 729 796 0 858 512 290 785 514 922 1156 72 640 623 300 644 163 898 479 331 757 818 976 1063 997 163 646 451 543 150 248 475 316 384 546 565 1123 937 1089 1066 213 625 1045 834 273 580 250 1090 549 675 366 940 172 560 683
963 241 997 632 393 891 869 686 660 50 920 993 679 650 422 911 900 748 447 515 2694 769 830 562 782 399 534 591 1457 628 798 490 1307 776 1330 657 858 0 530 795 645 532 268 688 840 658 329 1053 504 722 499 909 1168 775 678 322 409 529 720 1377 978 561 917 637 493 1153 970 1277 1295 654 283 621 412 672 486 391 540 778 598 1006 622 1386 1406 987 510 1009 1397 1283
616 566 650 772 718 545 369 826 313 507 574 647 332 400 747 564 553 247 773 617 3020 909 330 61 436 724 568 693 1110 768 297 98 961 429 983 393 512 530 0 449 405 55 593 828 494 158 295 707 315 376 570 562 822 274 372 648 735 669 373 1031 631 60 571 290 93 807 623 931 949 794 609 761 737 326 297 717 505 432 97 660 762 1040 1059 640 612 662 1051 937
193 832 377 1038 984 232 789 1092 158 773 224 223 141 727 1013 343 129 667 1039 882 3009 1175 750 481 64 990 834 959 761 1034 717 410 612 208 634 734 290 795 449 0 722 451 859 1094 273 578 561 283 581 155 836 214 549 694 755 913 1001 934 152 681 282 480 350 186 412 534 200 581 599 1060 874 1027 1003 151 563 982 771 61 517 236 1028 767 710 217 878 390 778 587
889 681 923 606 833 817 275 659 586 623 847 920 605 93 862 837 826 182 888 322 3135 743 236 373 708 839 274 399 1383 601 203 417 1234 702 1256 99 785 645 405 722 0 403 709 661 767 271 364 980 165 649 276 835 1094 180 121 763 850 502 646 1303 904 374 844 563 419 1080 896 1203 1222 628 724 595 852 599 186 832 154 705 337 932 595 1313 1332 913 317 935 1323 1210
619 569 653 774 720 547 367 828 316 510 576 649 335 398 749 567 555 245 775 619 3022 911 328 59 438 726 571 695 1113 770 295 96 963 432 986 391 514 532 55 451 403 0 596 830 496 156 297 709 318 378 572 565 824 272 370 650 737 671 376 1033 634 58 573 293 91 809 626 933 951 797 611 763 740 328 299 719 508 434 95 662 764 1042 1062 643 614 665 1053 939
1027 92 1060 696 313 955 933 750 724 246 984 1057 743 714 342 975 963 812 368 578 2615 833 894 626 846 319 597 655 1521 692 861 554 1371 840 1394 720 922 268 593 859 709 596 0 752 904 722 393 1117 568 786 563 973 1232 838 742 83 330 593 784 1441 1041 625 981 700 557 1217 1034 1341 1359 718 204 685 333 736 549 312 604 842 662 1070 686 1450 1470 1051 574 1073 1461 1347
1425 889 1459 131 1040 1353 1077 123 1122 830 1383 1456 1141 831 1070 1373 1362 984 1095 594 3342 118 1038 1024 1244 1047 613 670 1919 78 1005 953 1770 1238 1792 838 1321 852 992 1258 826 994 916 0 1303 1073 792 1516 903 1185 578 1371 1630 982 859 970 1057 428 1182 1839 1440 1023 1380 1099 955 1616 1432 1739 1758 92 931 85 1060 1135 924 1039 695 1241 1060 1468 122 1849 1868 1449 589 1471 1859 1746
288 877 180 1083 1028 479 834 1136 203 818 472 258 186 772 1058 125 351 712 1083 927 3221 1220 795 526 259 1035 879 1004 747 1078 762 454 728 91 750 779 72 840 494 273 767 496 904 1138 0 623 605 320 626 145 881 462 352 739 800 958 1045 979 145 667 472 525 132 231 457 337 404 567 585 1105 919 1072 1048 195 608 1027 816 255 562 271 1072 570 696 387 922 193 581 703
745 695 779 852 846 673 235 906 442 636 703 775 461 266 876 693 682 113 901 569 3148 989 196 126 564 853 521 646 1239 848 163 198 1090 558 1112 259 640 658 158 578 271 156 722 908 623 0 424 836 412 505 523 691 950 140 238 776 863 749 502 1159 760 127 700 419 193 936 752 1059 1078 875 737 841 866 455 426 845 401 561 90 788 842 1169 1188 769 564 791 1179 1066
728 366 762 572 517 656 615 625 425 307 685 758 444 369 547 676 665 513 572 344 2819 709 576 327 547 524 296 421 1222 567 543 255 1073 541 1095 376 623 329 295 561 364 297 393 627 605 424 0 819 269 488 298 674 933 520 397 447 534 468 485 1142 743 326 682 402 258 919 735 1042 1061 594 408 561 537 438 251 516 233 544 363 771 561 1151 1171 752 339 774 1162 1048
117 1090 242 1296 1242 262 1047 1349 416 1031 233 87 399 985 1271 247 180 925 1296 1140 3040 1433 1008 739 322 1248 1092 1217 581 1291 975 667 431 387 454 992 300 1053 707 283 980 709 1117 1351 320 836 819 0 839 413 1094 245 402 952 1013 1171 1258 1192 410 501 175 738 246 444 670 398 108 401 419 1318 1132 1285 1261 408 821 1240 1029 301 775 68 1285 631 530 91 1135 254 630 407
749 541 782 683 692 677 416 737 446 482 706 779 465 170 722 697 685 323 747 399 2994 820 377 348 568 699 351 476 1243 678 344 276 1093 562 1116 177 644 504 315 581 165 318 568 739 626 412 269 839 0 508 353 695 954 321 198 622 709 579 506 1163 763 347 703 422 279 939 756 1063 1081 705 583 672 712 458 45 691 231 564 384 792 673 1172 1192 773 395 795 1183 1069
322 759 301 965 911 361 716 1019 85 700 354 352 68 654 940 216 259 594 966 809 3103 1102 677 408 141 917 761 886 868 960 644 337 741 135 763 661 163 722 376 155 649 378 786 1021 145 505 488 413 508 0 763 344 473 621 682 840 927 861 79 788 411 407 222 113 339 458 329 688 706 987 801 954 930 78 490 909 698 138 444 365 955 691 817 346 805 314 702 717
1003 536 1037 358 687 931 527 412 700 477 961 1034 719 281 717 951 940 434 742 75 2989 495 488 602 822 694 63 151 1497 354 455 531 1348 816 1370 288 898 499 570 836 276 572 563 414 881 523 298 1094 353 763 0 949 1208 432 309 617 704 255 760 1417 1018 601 958 677 533 1194 1010 1317 1336 380 578 347 707 713 374 686 145 819 589 1046 348 1427 1446 1027 70 1049 1437 1324
337 945 462 1151 1097 44 902 1205 347 887 37 308 330 840 1126 467 293 781 1152 996 2820 1288 863 594 253 1103 948 1072 573 1147 830 523 424 397 446 847 479 909 562 214 835 565 973 1207 462 691 674 245 695 344 949 0 394 807 869 1027 1114 1048 341 493 94 594 467 375 526 515 161 393 412 1173 988 1140 1116 340 676 1096 884 232 631 289 1141 632 522 178 991 474 622 400
380 1205 194 1410 1356 411 1161 1464 530 1146 382 350 514 1100 1385 278 444 1040 1411 1255 3189 1547 1122 854 587 1362 1207 1331 421 1406 1089 782 469 419 491 1106 331 1168 822 549 1094 824 1232 1466 352 950 933 402 954 473 1208 394 0 1066 1128 1286 1373 1307 473 342 324 853 277 558 785 147 408 242 260 1433 1247 1399 1376 523 935 1355 1144 567 890 363 1400 380 370 390 1250 180 391 445
861 811 895 762 963 790 117 815 558 752 819 892 577 176 992 809 798 51 1018 478 3265 899 78 242 680 969 430 555 1355 757 72 314 1206 674 1228 169 757 775 274 694 180 272 838 817 739 140 520 952 321 621 432 807 1066 0 148 892 980 658 618 1275 876 243 816 535 309 1052 868 1176 1194 784 854 751 982 571 342 961 310 677 206 905 751 1285 1304 885 474 907 1295 1182
923 715 956 639 866 851 242 693 619 656 880 953 639 126 896 871 859 149 921 356 3168 776 203 340 742 873 308 432 1416 635 171 413 1267 735 1290 122 818 678 372 755 121 370 742 695 800 238 397 1013 198 682 309 869 1128 148 0 796 883 536 680 1337 937 341 877 596 408 1113 929 1237 1255 661 757 628 886 632 219 865 187 738 304 966 629 1346 1366 947 351 969 1357 1243
1081 110 1115 750 367 1009 987 804 778 300 1038 1111 797 768 397 1029 1017 866 422 633 2669 887 948 680 900 374 652 709 1575 746 915 608 1425 894 1448 775 976 322 648 913 763 650 83 806 958 776 447 1171 622 840 617 1027 1286 892 796 0 384 647 838 1495 1096 679 1035 755 611 1271 1088 1395 1413 772 258 739 387 790 604 366 658 896 716 1124 740 1504 1524 1105 628 1127 1515 1401
1168 303 1202 837 55 1096 1074 891 865 387 1125 1198 884 855 274 1116 1105 953 67 720 2547 974 1035 767 987 251 739 796 1662 833 1003 695 1512 981 1535 862 1063 409 735 1001 850 737 330 893 1045 863 534 1258 709 927 704 1114 1373 980 883 384 0 734 925 1582 1183 766 1122 842 698 1358 1175 1482 1500 860 198 826 264 877 691 244 745 983 803 1211 827 1591 1611 1192 715 1214 1602 1488
1327 791 1361 188 942 1255 979 242 1024 732 1285 1357 1043 733 972 1275 1264 885 997 496 3244 325 940 926 1146 949 514 572 1821 184 907 854 1672 1140 1694 739 1222 754 894 1160 728 896 818 244 1205 974 694 1418 805 1087 480 1273 1532 884 761 872 959 0 1084 1741 1342 925 1282 1001 857 1518 1334 1641 1660 210 833 177 962 1037 826 941 597 1143 962 1370 178 1751 1770 1351 491 1373 1761 1648
320 756 302 962 908 359 713 1016 82 698 351 350 66 652 937 216 256 592 963 807 3101 1099 674 406 139 914 759 883 868 958 641 334 738 132 761 658 163 720 373 152 646 376 784 1018 145 502 485 410 506 79 760 341 473 618 680 838 925 859 0 788 409 405 222 110 337 459 326 688 707 984 799 951 928 75 487 907 695 135 442 363 952 691 817 344 802 314 702 714
593 1413 509 1619 1565 511 1370 1673 814 1355 482 564 797 1309 1594 593 657 1249 1620 1464 3288 1756 1331 1063 720 1571 1416 1540 200 1615 1298 991 395 734 373 1315 646 1377 1031 681 1303 1033 1441 1675 667 1159 1142 501 1163 788 1417 493 342 1275 1337 1495 1582 1516 788 0 424 1062 592 842 994 396 507 250 268 1641 1456 1608 1585 806 1144 1564 1353 699 1099 545 1609 162 149 490 1459 495 152 544
268 1014 393 1220 1166 112 971 1274 414 955 104 238 398 909 1195 398 332 849 1221 1065 2889 1357 932 663 321 1172 1016 1141 504 1216 899 592 354 465 377 916 451 978 631 282 904 634 1041 1276 472 760 743 175 763 411 1018 94 324 876 937 1096 1183 1117 409 424 0 662 397 442 594 445 181 324 342 1242 1057 1209 1185 407 745 1165 953 300 699 219 1210 563 453 164 1060 405 553 330
648 597 681 803 749 576 338 857 345 539 605 678 364 369 778 596 584 216 804 648 3051 940 299 64 467 755 600 724 1142 799 266 101 992 461 1015 362 543 561 60 480 374 58 625 859 525 127 326 738 347 407 601 594 853 243 341 679 766 700 405 1062 662 0 602 321 96 838 655 962 980 825 640 792 769 357 328 748 504 463 84 691 793 1071 1091 672 643 694 1082 968
213 954 106 1160 1105 484 911 1213 280 895 455 183 263 849 1135 111 277 789 1160 1004 3262 1297 872 603 336 1112 956 1081 672 1155 839 531 653 168 675 856 150 917 571 350 844 573 981 1215 132 700 682 246 703 222 958 467 277 816 877 1035 1122 1056 222 592 397 602 0 308 534 262 330 492 511 1182 996 1149 1125 272 685 1104 893 333 639 196 1149 495 621 312 999 118 506 629
353 673 387 879 825 389 630 933 115 614 385 383 99 568 854 301 290 508 880 724 3017 1016 591 322 172 831 675 800 921 875 558 251 772 166 794 575 248 637 290 186 563 293 700 935 231 419 402 444 422 113 677 375 558 535 596 755 842 776 110 842 442 321 308 0 253 544 360 742 760 901 716 868 844 109 404 824 612 169 358 396 869 777 870 377 719 399 787 748
580 529 613 735 681 508 404 789 277 471 537 610 296 425 710 528 516 283 736 580 2983 872 365 97 399 687 532 656 1074 731 332 61 924 393 947 429 475 493 93 412 419 91 557 791 457 193 258 670 279 339 533 526 785 309 408 611 698 632 337 994 594 96 534 253 0 770 587 894 912 757 572 724 700 289 260 680 468 395 133 623 725 1003 1023 604 575 626 1014 900
365 1190 180 1396 1342 532 1147 1449 516 1131 503 335 499 1085 1371 263 429 1025 1396 1240 3310 1533 1108 839 572 1348 1192 1317 542 1391 1075 768 590 404 612 1092 316 1153 807 534 1080 809 1217 1452 337 936 919 398 939 458 1194 515 147 1052 1113 1271 1358 1292 459 396 445 838 262 544 770 0 482 362 381 1418 1232 1385 1361 509 921 1340 1129 552 875 349 1386 259 491 465 1235 165 270 566
200 1006 325 1212 1158 179 963 1266 332 948 171 171 316 901 1187 331 264 842 1213 1057 2956 1349 924 655 238 1164 1009 1133 587 1208 891 584 437 382 460 908 384 970 623 200 896 626 1034 1268 404 752 735 108 756 329 1010 161 408 868 929 1088 1175 1109 326 507 181 655 330 360 587 482 0 407 425 1234 1049 1201 1177 325 737 1157 945 218 691 152 1202 646 536 70 1052 338 636 413
493 1314 409 1519 1465 411 1270 1573 714 1255 382 464 697 1209 1494 493 557 1149 1520 1364 3189 1656 1231 963 620 1471 1316 1440 330 1515 1198 891 469 634 491 1215 546 1277 931 581 1203 933 1341 1575 567 1059 1042 401 1063 688 1317 393 242 1176 1237 1395 1482 1416 688 250 324 962 492 742 894 362 407 0 41 1542 1356 1508 1485 706 1044 1464 1253 599 999 445 1509 389 279 390 1359 395 379 444
512 1332 428 1538 1483 429 1289 1591 732 1273 400 482 716 1227 1513 511 576 1167 1538 1382 3207 1675 1250 981 638 1490 1334 1459 348 1533 1217 909 487 652 509 1234 565 1295 949 599 1222 951 1359 1593 585 1078 1061 419 1081 706 1336 412 260 1194 1255 1413 1500 1434 707 268 342 980 511 760 912 381 425 41 0 1560 1374 1527 1503 725 1063 1482 1271 617 1017 463 1527 407 297 408 1377 413 397 463
1392 855 1426 98 1007 1320 1043 90 1089 797 1349 1422 1108 797 1036 1340 1328 950 1062 560 3309 151 1004 991 1211 1013 579 637 1886 44 971 919 1736 1205 1759 804 1287 819 959 1224 792 961 883 92 1269 1039 758 1482 869 1151 545 1338 1597 948 825 937 1024 394 1149 1806 1407 990 1346 1066 922 1582 1399 1706 1724 0 898 51 1026 1101 891 1006 661 1207 1027 1435 88 1815 1835 1416 555 1438 1826 1712
1042 177 1076 711 181 970 948 765 739 261 999 1072 758 729 210 990 979 827 236 594 2483 848 909 641 861 187 613 670 1536 707 877 569 1386 855 1409 736 937 283 609 874 724 611 204 767 919 737 408 1132 583 801 578 988 1247 854 757 258 198 608 799 1456 1057 640 996 716 572 1232 1049 1356 1374 733 0 700 200 751 565 180 619 857 677 1085 701 1465 1485 1066 589 1088 1476 1362
1359 822 1392 74 974 1287 1010 83 1055 763 1316 1389 1074 764 1003 1306 1295 917 1029 527 3276 166 971 957 1178 980 546 603 1852 25 938 886 1703 1171 1725 771 1254 786 925 1191 759 928 849 85 1236 1006 725 1449 836 1118 511 1304 1564 915 792 903 991 361 1116 1773 1373 957 1313 1032 888 1549 1365 1673 1691 51 865 0 993 1068 857 972 628 1174 993 1402 65 1782 1801 1383 522 1405 1793 1679
1171 305 1204 840 247 1099 1077 894 867 390 1128 1201 886 858 57 1118 1107 955 302 722 2405 977 1038 769 990 109 741 799 1664 836 1005 698 1515 983 1537 864 1066 412 737 1003 852 740 333 896 1048 866 537 1261 712 930 707 1116 1376 982 886 387 264 737 928 1585 1185 769 1125 844 700 1361 1177 1485 1503 862 200 829 0 880 693 101 747 986 805 1214 830 1594 1613 1194 717 1217 1605 1491
318 709 352 915 860 357 666 968 81 650 350 348 64 604 890 266 255 544 915 759 3053 1052 627 358 137 867 711 836 886 910 594 286 737 131 759 611 213 672 326 151 599 328 736 970 195 455 438 408 458 78 713 340 523 571 632 790 877 811 75 806 407 357 272 109 289 509 325 706 725 937 751 904 880 0 440 859 648 133 394 361 904 741 835 342 754 364 752 713
730 522 764 704 674 658 437 758 427 463 688 760 446 191 703 678 667 344 729 421 2976 841 398 329 549 680 373 497 1224 700 365 257 1075 543 1097 198 625 486 297 563 186 299 549 760 608 426 251 821 45 490 374 676 935 342 219 604 691 601 487 1144 745 328 685 404 260 921 737 1044 1063 726 565 693 693 440 0 673 253 546 365 773 694 1154 1173 754 416 776 1164 1051
1150 285 1184 819 227 1078 1056 873 847 369 1107 1180 866 837 111 1098 1086 935 282 702 2384 956 1017 749 969 88 720 778 1644 815 984 677 1494 963 1517 844 1045 391 717 982 832 719 312 875 1027 845 516 1240 691 909 686 1096 1355 961 865 366 244 716 907 1564 1165 748 1104 824 680 1340 1157 1464 1482 841 180 808 101 859 673 0 727 965 785 1193 809 1573 1593 1174 697 1196 1584 1470
938 576 972 475 728 867 405 528 635 518 896 969 654 159 757 886 875 312 783 191 3030 612 366 503 758 734 143 268 1432 470 333 466 1283 751 1305 166 834 540 505 771 154 508 604 530 816 401 233 1029 231 698 145 884 1144 310 187 658 745 371 695 1353 953 504 893 612 468 1129 945 1253 1271 497 619 464 747 648 253 727 0 754 467 982 464 1362 1381 962 187 984 1373 1259
211 815 395 1021 967 250 772 1074 141 756 242 241 124 710 996 326 147 650 1021 865 3027 1158 733 464 47 973 817 942 779 1016 700 393 630 191 652 717 273 778 432 61 705 434 842 1077 255 561 544 301 564 138 819 232 567 677 738 896 983 917 135 699 300 463 333 169 395 552 218 599 617 1043 857 1010 986 133 546 965 754 0 500 254 1010 785 728 235 860 408 796 605
685 634 718 840 786 613 301 894 381 576 642 715 401 332 815 633 621 179 841 635 3088 977 262 83 504 792 587 712 1178 836 229 137 1029 497 1052 325 580 598 97 517 337 95 662 896 562 90 363 775 384 444 589 631 890 206 304 716 803 737 442 1099 699 84 639 358 133 875 691 999 1017 862 677 829 805 394 365 785 467 500 0 728 830 1108 1128 709 630 731 1119 1005
67 1043 192 1248 1194 306 999 1302 369 984 277 38 352 938 1223 197 131 878 1249 1093 3084 1385 960 692 275 1200 1045 1169 625 1244 927 620 475 338 498 944 250 1006 660 236 932 662 1070 1304 271 788 771 68 792 365 1046 289 363 905 966 1124 1211 1145 363 545 219 691 196 396 623 349 152 445 463 1271 1085 1237 1214 361 773 1193 982 254 728 0 1238 582 574 135 1088 204 592 451
1359 823 1393 111 974 1287 1011 120 1056 764 1317 1390 1075 765 1004 1307 1296 918 1029 528 3276 203 972 958 1178 981 547 604 1853 62 939 887 1704 1172 1726 772 1255 786 926 1192 760 928 850 122 1237 1007 726 1450 837 1119 512 1305 1564 916 793 904 991 362 1116 1773 1374 957 1314 1033 889 1550 1366 1673 1692 88 865 65 994 1069 858 973 629 1175 994 1402 0 1783 1802 1383 523 1405 1793 1680
598 1423 412 1629 1574 650 1380 1682 749 1364 621 568 732 1318 1604 496 662 1258 1629 1473 3427 1766 1341 1072 805 1581 1425 1550 339 1624 1308 1000 534 637 512 1325 549 1386 1040 767 1313 1042 1450 1684 570 1169 1151 631 1172 691 1427 632 380 1285 1346 1504 1591 1525 691 162 563 1071 495 777 1003 259 646 389 407 1651 1465 1618 1594 741 1154 1573 1362 785 1108 582 1618 0 288 629 1468 398 35 683
622 1442 538 1648 1594 540 1399 1702 843 1384 511 593 826 1338 1623 622 686 1278 1649 1493 3317 1785 1360 1092 749 1600 1445 1569 74 1644 1327 1020 269 763 246 1344 675 1406 1059 710 1332 1062 1470 1704 696 1188 1171 530 1192 817 1446 522 370 1304 1366 1524 1611 1545 817 149 453 1091 621 870 1023 491 536 279 297 1670 1485 1637 1613 835 1173 1593 1381 728 1128 574 1638 288 0 518 1488 524 278 498
183 1023 308 1229 1175 196 980 1283 349 965 189 154 333 919 1204 313 247 859 1230 1074 2974 1366 941 673 255 1181 1026 1150 569 1225 908 601 420 399 442 925 366 987 640 217 913 643 1051 1285 387 769 752 91 773 346 1027 178 390 885 947 1105 1192 1126 344 490 164 672 312 377 604 465 70 390 408 1251 1066 1218 1194 342 754 1174 962 235 709 135 1219 629 518 0 1069 320 618 396
1045 546 1079 369 698 973 568 422 742 488 1002 1075 761 323 727 993 982 475 753 85 3000 506 529 644 864 704 104 107 1539 364 496 572 1390 858 1412 329 940 510 612 878 317 614 574 424 922 564 339 1135 395 805 70 991 1250 474 351 628 715 265 802 1459 1060 643 999 719 575 1235 1052 1359 1377 391 589 358 717 754 416 697 187 860 630 1088 358 1468 1488 1069 0 1091 1479 1365
221 1045 114 1251 1197 492 1002 1305 371 987 463 191 355 941 1226 119 285 881 1252 1096 3270 1388 963 695 428 1203 1048 1172 574 1247 930 623 622 260 645 947 172 1009 662 390 935 665 1073 1307 193 791 774 254 795 314 1049 474 180 907 969 1127 1214 1148 314 495 405 694 118 399 626 165 338 395 413 1273 1088 1240 1217 364 776 1196 984 408 731 204 1241 398 524 320 1091 0 409 598
609 1434 423 1639 1585 640 1390 1693 759 1375 610 579 743 1329 1614 507 673 1269 1640 1484 3417 1776 1351 1083 816 1591 1436 1560 329 1635 1318 1011 524 648 501 1335 560 1397 1051 778 1323 1053 1461 1695 581 1179 1162 630 1183 702 1437 622 391 1295 1357 1515 1602 1536 702 152 553 1082 506 787 1014 270 636 379 397 1662 1476 1628 1605 752 1164 1584 1373 796 1119 592 1629 35 278 618 1479 409 0 673
500 1320 613 1526 1471 417 1277 1579 720 1261 388 470 703 1215 1501 630 563 1155 1526 1370 3195 1663 1238 969 626 1478 1322 1447 447 1521 1205 897 252 770 274 1222 683 1283 937 587 1210 939 1347 1581 703 1066 1048 407 1069 717 1324 400 445 1182 1243 1401 1488 1422 714 544 330 968 629 748 900 566 413 444 463 1548 1362 1515 1491 713 1051 1470 1259 605 1005 451 1515 683 498 396 1365 598 673 0
EOF