NAME : tsp_problem
TYPE : TSP
DIMENSION : 34
EDGE_WEIGHT_TYPE : EXPLICIT
EDGE_WEIGHT_FORMAT : FULL_MATRIX
EDGE_WEIGHT_SECTION
0 464 669 178 656 425 1044 328 377 1084 1104 936 100 421 712 1063 1056 1223 1180 394 168 1074 1279 400 1237 1347 239 1037 854 1307 937 1174 416 333
464 0 801 466 479 631 1176 411 664 1216 1236 1068 388 628 374 1195 1188 1355 1312 681 332 1206 1411 334 1370 1479 527 1169 987 1439 1069 1306 181 416
669 801 0 671 994 319 451 528 433 490 511 298 593 315 1049 470 463 630 587 450 660 481 686 526 644 754 581 444 261 713 344 581 753 534
178 466 671 0 658 427 1046 329 379 1085 1106 938 102 423 714 1065 1058 1224 1181 395 170 1075 1281 402 1239 1348 241 1039 856 1308 938 1176 417 335
656 479 994 658 0 824 1368 603 726 1408 1429 1261 580 820 210 1387 1380 1547 1504 743 524 1398 1604 526 1562 1671 589 1361 1179 1631 1261 1499 431 609
425 631 319 427 824 0 694 284 189 734 754 586 349 71 880 713 706 873 830 206 416 724 929 357 887 997 337 687 504 957 587 824 583 290
1044 1176 451 1046 1368 694 0 903 808 379 400 685 968 690 1424 386 379 518 476 824 1035 369 575 901 533 382 956 73 478 342 407 470 1128 909
328 411 528 329 603 284 903 0 398 943 963 795 251 280 659 922 915 1082 1039 415 195 933 1139 136 1097 1206 390 896 714 1166 796 1033 363 69
377 664 433 379 726 189 808 398 0 848 868 700 301 185 782 827 820 987 944 76 369 838 1043 471 1001 1111 207 801 618 1071 701 938 616 404
1084 1216 490 1085 1408 734 379 943 848 0 254 758 1007 730 1464 609 602 372 330 864 1074 223 429 941 387 682 995 372 518 642 446 324 1167 948
1104 1236 511 1106 1429 754 400 963 868 254 0 778 1028 750 1484 630 623 250 207 885 1095 101 307 961 265 702 1016 393 539 662 467 201 1188 969
936 1068 298 938 1261 586 685 795 700 758 778 0 860 582 1317 378 371 897 854 717 927 748 953 794 911 864 848 677 388 824 510 848 1020 801
100 388 593 102 580 349 968 251 301 1007 1028 860 0 345 636 987 980 1146 1104 317 92 997 1203 324 1161 1270 163 961 778 1230 860 1098 339 257
421 628 315 423 820 71 690 280 185 730 750 582 345 0 876 709 702 869 826 202 412 720 926 353 884 993 333 683 501 953 583 820 579 286
712 374 1049 714 210 880 1424 659 782 1464 1484 1317 636 876 0 1443 1436 1603 1560 799 580 1454 1660 582 1618 1727 645 1417 1235 1687 1317 1554 486 665
1063 1195 470 1065 1387 713 386 922 827 609 630 378 987 709 1443 0 72 748 706 843 1054 599 805 920 763 565 975 378 233 525 211 700 1147 928
1056 1188 463 1058 1380 706 379 915 820 602 623 371 980 702 1436 72 0 741 699 836 1047 592 798 913 756 558 968 372 226 518 204 693 1140 921
1223 1355 630 1224 1547 873 518 1082 987 372 250 897 1146 869 1603 748 741 0 325 1003 1213 219 215 1080 173 821 1134 511 657 781 585 110 1306 1087
1180 1312 587 1181 1504 830 476 1039 944 330 207 854 1104 826 1560 706 699 325 0 960 1171 177 382 1037 340 778 1092 468 614 738 542 277 1264 1045
394 681 450 395 743 206 824 415 76 864 885 717 317 202 799 843 836 1003 960 0 385 854 1060 487 1018 1127 224 817 635 1087 717 955 632 420
168 332 660 170 524 416 1035 195 369 1074 1095 927 92 412 580 1054 1047 1213 1171 385 0 1065 1270 268 1228 1337 231 1028 845 1297 927 1165 283 201
1074 1206 481 1075 1398 724 369 933 838 223 101 748 997 720 1454 599 592 219 177 854 1065 0 276 931 234 672 986 362 508 632 436 171 1157 938
1279 1411 686 1281 1604 929 575 1139 1043 429 307 953 1203 926 1660 805 798 215 382 1060 1270 276 0 1137 106 878 1191 568 714 838 642 167 1363 1144
400 334 526 402 526 357 901 136 471 941 961 794 324 353 582 920 913 1080 1037 487 268 931 1137 0 1095 1204 463 894 712 1164 794 1031 285 142
1237 1370 644 1239 1562 887 533 1097 1001 387 265 911 1161 884 1618 763 756 173 340 1018 1228 234 106 1095 0 836 1149 526 672 796 600 125 1321 1102
1511 1643 918 1513 1835 1161 547 1370 1275 846 867 1028 1435 1157 1891 729 722 985 943 1291 1502 836 1042 1368 1000 0 1423 540 883 61 750 937 1595 1376
239 527 581 241 589 337 956 390 207 995 1016 848 163 333 645 975 968 1134 1092 224 231 986 1191 463 1149 1258 0 949 766 1218 848 1086 478 396
1037 1169 444 1039 1361 687 73 896 801 372 393 677 961 683 1417 378 372 511 468 817 1028 362 568 894 526 375 949 0 471 335 399 463 1121 902
854 987 261 856 1179 504 478 714 618 518 539 388 778 501 1235 233 226 657 614 635 845 508 714 712 672 719 766 471 0 679 365 609 938 719
1471 1603 878 1472 1795 1121 506 1330 1235 806 827 988 1394 1117 1851 689 682 945 902 1251 1462 796 1002 1328 960 61 1383 499 843 0 710 897 1555 1336
937 1069 344 938 1261 587 407 796 701 446 467 510 860 583 1317 211 204 585 542 717 927 436 642 794 600 586 848 399 365 546 0 537 1020 801
1174 1306 581 1176 1499 824 470 1033 938 324 201 848 1098 820 1554 700 693 110 277 955 1165 171 167 1031 125 772 1086 463 609 732 537 0 1258 1039
416 181 753 417 431 583 1128 363 616 1167 1188 1020 339 579 486 1147 1140 1306 1264 632 283 1157 1363 285 1321 1430 478 1121 938 1390 1020 1258 0 368
333 416 534 335 609 290 909 69 404 948 969 801 257 286 665 928 921 1087 1045 420 201 938 1144 142 1102 1211 396 902 719 1171 801 1039 368 0
EOF
