NAME : tsp_problem
TYPE : TSP
DIMENSION : 54
EDGE_WEIGHT_TYPE : EXPLICIT
EDGE_WEIGHT_FORMAT : FULL_MATRIX
EDGE_WEIGHT_SECTION
0 633 625 213 700 420 343 419 555 244 974 502 809 625 212 720 658 206 791 319 287 486 736 294 685 460 391 634 213 486 678 226 362 613 549 586 813 702 236 886 325 797 207 323 864 694 680 1257 857 817 961 75 395 240
633 0 419 446 1307 1027 634 545 1162 687 1581 1109 1416 1232 596 460 1265 448 691 336 894 1093 1343 901 1292 1067 998 1241 594 1093 1284 428 969 408 1156 1193 491 1309 572 1493 330 685 452 608 1471 1301 671 1640 535 1423 1568 583 1002 414
625 419 0 470 1225 945 307 344 1080 406 1499 1027 1334 1150 519 117 1183 472 410 361 812 1011 1261 819 1211 985 916 1159 517 1011 1203 452 888 53 1074 1111 210 1227 495 1411 355 404 476 327 1390 1219 344 1313 254 1342 1486 607 920 438
213 446 470 0 887 607 496 314 742 397 1161 689 996 812 365 565 845 97 766 132 474 673 923 481 873 647 578 821 363 673 865 116 550 458 736 773 657 889 341 1073 138 772 97 376 1052 881 655 1444 702 1004 1148 163 582 130
700 1307 1225 887 0 483 942 1093 618 918 708 723 358 103 886 1320 879 880 1391 993 507 394 509 515 235 681 454 697 887 395 51 900 583 1213 770 649 1412 923 910 435 999 1397 881 997 414 915 1279 1740 1457 551 695 749 458 914
420 1027 945 607 483 0 663 813 160 638 757 413 592 408 606 1040 447 600 1111 713 227 269 415 235 469 401 108 238 607 269 461 620 303 933 367 191 1132 491 630 669 719 1117 601 717 648 483 999 1460 1177 600 744 470 104 634
343 634 307 496 942 663 0 250 798 123 1216 745 1052 867 267 402 901 489 473 425 529 728 979 537 928 703 633 876 268 729 920 489 605 296 792 829 495 945 291 1128 431 479 490 177 1107 937 362 1030 539 1059 1203 359 638 475
419 545 344 314 1093 813 250 0 948 199 1367 895 1202 1018 232 439 1051 316 510 232 680 879 1129 687 1078 853 784 1027 230 879 1071 296 755 332 942 979 531 1095 208 1279 238 516 320 120 1258 1087 398 1256 576 1210 1354 435 788 282
555 1162 1080 742 618 160 798 948 0 773 645 277 728 543 741 1175 311 736 1246 849 363 308 279 371 604 320 189 103 743 306 596 755 423 1069 231 55 1268 355 765 804 855 1252 736 853 783 347 1135 1596 1312 488 632 605 185 769
244 687 406 397 918 638 123 199 773 0 1192 720 1027 843 168 500 876 390 572 374 505 704 954 512 903 678 609 852 169 704 895 410 580 394 767 804 593 920 192 1104 380 577 391 104 1082 912 460 1107 637 1034 1179 260 613 424
1138 1745 1663 1325 872 921 1381 1531 809 1356 0 1028 982 797 1324 1758 1062 1318 1829 1432 945 805 563 953 858 1071 892 853 1325 802 850 1338 1021 1651 982 806 1850 1106 1348 1058 1437 1835 1319 1435 1037 1098 1717 2178 1895 426 108 1188 896 1352
502 1109 1027 689 723 413 745 895 277 720 864 0 832 648 688 1122 179 683 1193 796 245 509 498 236 709 90 414 198 690 509 701 702 169 1016 71 247 1215 224 712 909 802 1199 683 800 888 216 1082 1543 1259 707 851 552 418 716
809 1416 1334 996 358 592 1052 1202 728 1027 818 832 0 283 995 1429 988 990 1500 1103 617 504 618 624 154 790 563 806 997 504 336 1009 692 1323 879 759 1522 1032 1019 401 1109 1506 990 1107 380 1024 1389 1850 1566 661 805 859 567 1023
625 1232 1150 812 103 408 867 1018 543 843 633 648 283 0 811 1244 804 805 1316 918 432 319 434 440 159 605 379 622 812 320 81 825 508 1138 695 574 1337 848 835 360 924 1322 806 922 338 840 1204 1665 1382 476 620 674 383 838
212 596 519 365 886 606 267 232 741 168 1160 688 995 811 0 614 844 358 685 283 473 672 922 480 871 646 577 820 137 672 864 347 548 507 735 772 706 888 131 1072 289 691 359 248 1050 880 573 1251 751 1003 1147 228 581 333
720 460 117 565 1320 1040 402 439 1175 500 1593 1122 1429 1244 614 0 1278 567 316 455 906 1105 1356 914 1305 1080 1010 1253 611 1106 1297 547 982 126 1169 1206 116 1322 590 1505 449 310 571 422 1484 1314 428 1408 160 1436 1581 702 1015 533
658 1265 1183 845 879 447 901 1051 311 876 897 179 988 804 844 1278 0 839 1349 952 400 561 532 391 864 222 476 232 845 558 856 858 325 1171 133 280 1371 67 868 1064 957 1355 839 956 1043 59 1237 1699 1415 740 884 708 472 872
206 448 472 97 880 600 489 316 736 390 1154 683 990 805 358 567 839 0 768 134 467 666 917 475 866 640 571 814 360 667 858 110 543 460 730 767 659 883 343 1066 140 774 91 378 1045 875 657 1438 704 997 1141 156 575 124
791 691 410 766 1391 1111 473 510 1246 572 1665 1193 1500 1316 685 316 1349 768 0 684 978 1177 1427 985 1377 1151 1082 1325 683 1177 1369 749 1053 419 1240 1277 224 1393 661 1577 690 44 772 493 1556 1385 135 1479 179 1508 1652 807 1086 735
319 336 361 132 993 713 425 232 849 374 1267 796 1103 918 283 455 952 134 684 0 580 779 1030 588 979 754 684 927 281 780 971 115 656 349 843 880 548 996 259 1179 56 690 139 294 1158 988 573 1431 592 1110 1254 269 689 101
287 894 812 474 507 227 529 680 363 505 781 245 617 432 473 906 400 467 978 580 0 293 544 56 493 202 198 419 474 294 485 487 105 800 292 394 999 445 496 693 586 984 468 584 672 437 866 1327 1044 624 768 336 202 500
486 1093 1011 673 394 269 728 879 308 704 640 509 504 319 672 1105 561 666 1177 779 293 0 275 301 380 466 239 353 673 77 372 686 369 999 481 305 1198 605 695 580 785 1183 667 783 559 597 1065 1526 1243 483 628 535 244 699
736 1343 1261 923 509 415 979 1129 279 954 399 498 618 434 922 1356 532 917 1427 1030 544 275 0 552 494 541 445 324 924 273 486 936 620 1250 452 276 1449 576 946 694 1036 1433 917 1034 673 568 1316 1777 1493 242 386 786 441 950
294 901 819 481 515 235 537 687 371 512 789 236 624 440 480 914 391 475 985 588 56 301 552 0 501 193 206 410 482 301 493 494 96 808 283 401 1007 436 504 701 594 991 475 592 680 428 874 1335 1051 632 776 344 210 508
685 1292 1211 873 235 469 928 1078 604 903 694 709 154 159 871 1305 864 866 1377 979 493 380 494 501 0 666 439 682 873 381 212 886 569 1199 756 635 1398 909 895 277 985 1382 866 983 256 901 1265 1726 1442 537 681 735 444 899
460 1067 985 647 681 401 703 853 320 678 906 90 790 605 646 1080 222 640 1151 754 202 466 541 193 666 0 371 241 647 467 658 660 127 973 113 289 1172 266 670 866 759 1157 641 757 845 258 1039 1500 1217 749 893 510 376 674
391 998 916 578 454 108 633 784 189 609 727 414 563 379 577 1010 476 571 1082 684 198 239 445 206 439 371 0 268 578 240 431 591 274 904 396 220 1103 520 600 639 690 1088 572 688 618 512 970 1431 1148 570 715 440 95 604
634 1241 1159 821 697 238 876 1027 103 852 689 198 806 622 820 1253 232 814 1325 927 419 353 324 410 682 241 268 0 821 350 675 834 344 1147 152 99 1346 276 844 883 933 1331 815 931 861 268 1213 1674 1391 532 676 683 264 848
213 594 517 363 887 607 268 230 743 169 1161 690 997 812 137 611 845 360 683 281 474 673 924 482 873 647 578 821 0 674 865 345 550 505 737 774 704 890 129 1073 287 688 360 249 1052 882 571 1252 748 1004 1148 229 582 331
486 1093 1011 673 395 269 729 879 306 704 638 509 504 320 672 1106 558 667 1177 780 294 77 273 301 381 467 240 350 674 0 373 686 369 1000 478 303 1199 603 696 581 786 1183 667 784 560 595 1066 1527 1243 481 625 536 244 700
678 1284 1203 865 51 461 920 1071 596 895 686 701 336 81 864 1297 856 858 1369 971 485 372 486 493 212 658 431 675 865 373 0 878 561 1191 748 627 1390 901 887 412 977 1374 859 975 391 893 1257 1718 1434 529 673 727 436 891
226 428 452 116 900 620 489 296 755 410 1174 702 1009 825 347 547 858 110 749 115 487 686 936 494 886 660 591 834 345 686 878 0 563 441 749 786 640 902 323 1086 120 754 110 358 1065 894 637 1457 684 1017 1161 176 595 143
362 969 888 550 583 303 605 755 423 580 857 169 692 508 548 982 325 543 1053 656 105 369 620 96 569 127 274 344 550 369 561 563 0 876 216 392 1075 369 572 769 662 1059 543 660 748 361 942 1403 1119 700 844 412 278 576
613 408 53 458 1213 933 296 332 1069 394 1487 1016 1323 1138 507 126 1171 460 419 349 800 999 1250 808 1199 973 904 1147 505 1000 1191 441 876 0 1063 1100 219 1216 483 1399 343 413 465 315 1378 1208 332 1301 264 1330 1474 595 908 427
549 1156 1074 736 770 367 792 942 231 767 817 71 879 695 735 1169 133 730 1240 843 292 481 452 283 756 113 396 152 737 478 748 749 216 1063 0 200 1262 177 759 956 849 1246 730 847 935 169 1129 1590 1306 660 804 599 392 763
586 1193 1111 773 649 191 829 979 55 804 642 247 759 574 772 1206 280 767 1277 880 394 305 276 401 635 289 220 99 774 303 627 786 392 1100 200 0 1299 325 796 835 886 1283 767 884 814 317 1166 1627 1343 484 629 636 216 800
813 491 210 657 1412 1132 495 531 1268 593 1686 1215 1522 1337 706 116 1371 659 224 548 999 1198 1449 1007 1398 1172 1103 1346 704 1199 1390 640 1075 219 1262 1299 0 1415 682 1598 542 218 664 514 1577 1407 335 1500 68 1529 1673 794 1107 626
702 1309 1227 889 923 491 945 1095 355 920 942 224 1032 848 888 1322 67 883 1393 996 445 605 576 436 909 266 520 276 890 603 901 902 369 1216 177 325 1415 0 912 1109 1002 1399 883 1000 1088 47 1282 1743 1459 785 929 752 516 916
236 572 495 341 910 630 291 208 765 192 1183 712 1019 835 131 590 868 343 661 259 496 695 946 504 895 670 600 844 129 696 887 323 572 483 759 796 682 912 0 1095 265 667 347 271 1074 904 549 1275 727 1026 1171 252 605 309
886 1493 1411 1073 435 669 1128 1279 804 1104 894 909 401 360 1072 1505 1064 1066 1577 1179 693 580 694 701 277 866 639 883 1073 581 412 1086 769 1399 956 835 1598 1109 1095 0 1185 1583 1067 1183 93 1101 1465 1926 1643 737 881 935 644 1099
325 330 355 138 999 719 431 238 855 380 1273 802 1109 924 289 449 957 140 690 56 586 785 1036 594 985 759 690 933 287 786 977 120 662 343 849 886 542 1002 265 1185 0 696 144 300 1164 994 579 1436 587 1116 1260 275 694 107
797 685 404 772 1397 1117 479 516 1252 577 1671 1199 1506 1322 691 310 1355 774 44 690 984 1183 1433 991 1382 1157 1088 1331 688 1183 1374 754 1059 413 1246 1283 218 1399 667 1583 696 0 778 499 1561 1391 141 1485 173 1513 1658 813 1092 741
207 452 476 97 881 601 490 320 736 391 1155 683 990 806 359 571 839 91 772 139 468 667 917 475 866 641 572 815 360 667 859 110 543 465 730 767 664 883 347 1067 144 778 0 382 1045 875 661 1438 708 998 1142 157 576 124
323 608 327 376 997 717 177 120 853 104 1271 800 1107 922 248 422 956 378 493 294 584 783 1034 592 983 757 688 931 249 784 975 358 660 315 847 884 514 1000 271 1183 300 499 382 0 1162 992 381 1161 559 1114 1258 339 692 345
864 1471 1390 1052 414 648 1107 1258 783 1082 873 888 380 338 1050 1484 1043 1045 1556 1158 672 559 673 680 256 845 618 861 1052 560 391 1065 748 1378 935 814 1577 1088 1074 93 1164 1561 1045 1162 0 1080 1444 1905 1621 716 860 914 623 1078
694 1301 1219 881 915 483 937 1087 347 912 934 216 1024 840 880 1314 59 875 1385 988 437 597 568 428 901 258 512 268 882 595 893 894 361 1208 169 317 1407 47 904 1101 994 1391 875 992 1080 0 1274 1735 1451 777 921 744 508 908
680 671 344 655 1279 999 362 398 1135 460 1553 1082 1389 1204 573 428 1237 657 135 573 866 1065 1316 874 1265 1039 970 1213 571 1066 1257 637 942 332 1129 1166 335 1282 549 1465 579 141 661 381 1444 1274 0 1367 291 1396 1540 695 974 623
1257 1640 1313 1444 1740 1460 1030 1256 1596 1107 2014 1543 1850 1665 1251 1408 1699 1438 1479 1431 1327 1526 1777 1335 1726 1500 1431 1674 1252 1527 1718 1457 1403 1301 1590 1627 1500 1743 1275 1926 1436 1485 1438 1161 1905 1735 1367 0 1545 1857 2001 1307 1435 1471
857 535 254 702 1457 1177 539 576 1312 637 1731 1259 1566 1382 751 160 1415 704 179 592 1044 1243 1493 1051 1442 1217 1148 1391 748 1243 1434 684 1119 264 1306 1343 68 1459 727 1643 587 173 708 559 1621 1451 291 1545 0 1573 1718 839 1152 670
1042 1649 1567 1229 776 825 1285 1435 713 1260 242 932 886 701 1228 1662 966 1222 1733 1336 849 709 467 857 762 974 796 757 1229 706 754 1242 925 1555 885 710 1754 1010 1252 962 1341 1739 1223 1339 941 1002 1621 2082 1799 0 229 1092 800 1256
1125 1732 1650 1312 860 908 1368 1518 796 1343 108 1015 969 785 1311 1745 1049 1306 1816 1419 933 792 550 940 845 1058 879 840 1312 789 837 1325 1008 1639 969 793 1838 1093 1335 1045 1425 1822 1306 1423 1024 1085 1705 2166 1882 413 0 1175 883 1339
75 583 607 163 749 470 359 435 605 260 1023 552 859 674 228 702 708 156 807 269 336 535 786 344 735 510 440 683 229 536 727 176 412 595 599 636 794 752 252 935 275 813 157 339 914 744 695 1307 839 866 1010 0 445 189
395 1002 920 582 458 104 638 788 185 613 732 418 567 383 581 1015 472 575 1086 689 202 244 441 210 444 376 95 264 582 244 436 595 278 908 392 216 1107 516 605 644 694 1092 576 692 623 508 974 1435 1152 575 719 445 0 609
240 414 438 130 914 634 475 282 769 424 1187 716 1023 838 333 533 872 124 735 101 500 699 950 508 899 674 604 848 331 700 891 143 576 427 763 800 626 916 309 1099 107 741 124 345 1078 908 623 1471 670 1030 1175 189 609 0
EOF