NAME : tsp_problem
TYPE : TSP
DIMENSION : 64
EDGE_WEIGHT_TYPE : EXPLICIT
EDGE_WEIGHT_FORMAT : FULL_MATRIX
EDGE_WEIGHT_SECTION
0 251 1244 872 532 874 376 803 810 354 726 1076 1264 727 1285 511 282 560 182 1029 644 1168 615 417 389 403 1075 386 2845 955 569 956 201 361 629 909 368 392 894 436 432 876 1040 970 489 560 936 299 626 990 981 881 239 976 1073 781 372 954 408 1299 683 387 1212 374
251 0 1144 772 758 774 201 703 710 580 626 975 1164 627 1184 737 184 775 210 929 543 1068 514 319 214 228 975 612 3022 854 795 856 427 587 529 809 595 618 793 338 257 776 940 870 495 459 835 124 526 890 880 781 65 876 973 681 274 853 234 1198 583 613 1111 600
1409 1308 0 850 1916 1036 1205 758 990 1738 908 1006 132 832 142 1895 1468 1908 1442 614 903 95 874 1413 1117 1233 442 1770 3355 885 1953 887 1585 1745 888 892 1752 1776 871 1391 1261 689 971 1132 1628 977 866 1356 1043 921 584 812 1297 907 440 1019 1558 884 1101 99 943 1771 117 1758
872 772 685 0 1379 210 669 273 164 1201 170 798 705 349 726 1358 931 1371 905 343 254 609 282 876 580 696 517 1234 3147 677 1417 679 1048 1209 268 100 1216 1240 122 855 725 204 762 306 1092 421 658 820 355 713 294 604 760 698 514 193 1021 676 564 740 213 1235 653 1221
532 758 1751 1379 0 1381 883 1310 1317 366 1233 1583 1771 1234 1792 304 628 353 573 1536 1151 1675 1122 708 896 892 1583 408 3353 1462 61 1463 356 383 1136 1416 380 163 1401 727 863 1383 1547 1477 602 1067 1443 739 1133 1497 1488 1388 746 1483 1580 1289 718 1461 915 1806 1191 410 1719 386
874 774 872 210 1381 0 671 459 87 1203 356 958 891 536 912 1360 933 1373 907 529 440 795 469 878 582 698 703 1236 3306 837 1419 839 1051 1211 454 168 1218 1242 189 857 727 390 922 121 1094 344 818 822 277 873 480 763 762 858 700 116 1023 836 566 926 399 1237 839 1224
376 201 1041 669 883 671 0 600 607 705 523 872 1061 524 1082 773 361 725 335 826 440 965 411 230 112 125 872 693 3111 751 877 753 552 668 426 706 719 743 690 208 138 673 837 767 445 356 732 249 423 787 777 678 190 773 870 578 375 750 131 1095 480 694 1008 725
803 703 593 273 1310 459 600 0 413 1133 332 575 613 101 634 1289 862 1302 836 250 297 517 268 807 511 627 424 1165 2924 454 1348 456 980 1140 283 315 1147 1171 295 786 656 112 539 555 1023 371 435 751 438 490 202 381 691 475 422 442 952 453 495 648 337 1166 561 1153
810 710 825 164 1317 87 607 413 0 1139 310 894 845 489 866 1296 869 1309 843 483 394 749 422 814 518 634 657 1172 3242 773 1355 774 986 1146 408 122 1154 1178 143 793 663 344 858 182 1030 280 754 758 213 809 434 699 698 794 654 69 959 772 502 880 353 1173 793 1159
354 580 1574 1201 366 1203 705 1133 1139 0 1056 1405 1594 1056 1614 567 450 616 395 1359 973 1497 944 585 718 732 1405 443 3175 1284 404 1285 179 418 958 1239 88 226 1223 604 739 1205 1369 1299 546 889 1265 561 956 1320 1310 1210 569 1305 1402 1111 540 1283 737 1628 1013 444 1541 82
726 626 744 170 1233 356 523 332 310 1056 0 652 764 304 785 1212 786 1225 759 401 108 668 137 730 434 550 575 1088 3001 531 1271 533 903 1063 122 212 1070 1094 191 709 579 263 617 452 946 294 512 674 361 567 352 458 614 553 573 339 876 530 418 798 67 1089 711 1076
1076 975 842 798 1583 958 872 575 894 1405 652 0 862 499 882 1562 1135 1575 1109 665 570 765 541 1080 783 900 673 1437 2483 224 1620 368 1252 1412 555 840 1419 1443 820 1058 928 648 78 1054 1295 643 204 1023 710 112 635 293 964 245 671 865 1225 222 768 896 610 1438 809 1425
1429 1328 132 870 1936 1056 1225 778 1010 1758 928 1026 0 852 136 1915 1488 1928 1462 634 923 115 894 1433 1136 1253 462 1790 3375 905 1973 907 1605 1765 908 912 1772 1796 891 1411 1281 709 990 1152 1648 996 886 1376 1063 941 604 832 1317 926 460 1038 1578 904 1121 93 962 1791 137 1778
727 627 668 349 1234 536 524 101 489 1056 304 499 688 0 708 1213 786 1226 760 327 221 591 192 731 435 551 499 1089 2847 378 1272 380 903 1064 207 392 1071 1095 371 710 580 173 463 631 947 295 359 675 362 414 278 304 615 399 496 517 876 377 419 722 261 1090 635 1076
1449 1349 142 890 1956 1076 1246 798 1030 1778 949 1047 136 873 0 1935 1508 1948 1482 655 943 136 914 1453 1157 1273 483 1811 3395 926 1994 927 1625 1785 929 932 1793 1817 912 1432 1302 729 1011 1172 1669 1017 907 1397 1084 961 625 852 1337 947 480 1059 1598 925 1141 103 983 1812 158 1798
511 737 1730 1358 304 1360 773 1289 1296 567 1212 1562 1750 1213 1771 0 607 73 552 1515 1130 1654 1101 567 862 750 1562 311 3332 1441 265 1442 414 286 1115 1395 582 444 1380 585 721 1362 1526 1456 354 1046 1422 718 1112 1476 1467 1367 725 1462 1559 1267 673 1440 881 1785 1169 312 1698 587
282 184 1304 931 628 933 361 862 869 450 786 1135 1324 786 1344 607 0 615 173 1089 703 1227 674 159 374 343 1135 482 3103 1014 665 1015 297 457 688 968 464 488 953 178 313 935 1099 1029 335 619 995 136 685 1050 1040 940 196 1035 1132 841 114 1013 393 1358 743 483 1271 470
560 775 1743 1371 353 1373 725 1302 1309 616 1225 1575 1763 1226 1784 73 615 0 601 1528 1143 1667 1114 518 814 702 1575 361 3381 1454 314 1455 463 336 1128 1408 631 493 1393 537 672 1375 1539 1469 306 1059 1435 727 1125 1489 1480 1380 774 1475 1572 1280 624 1453 833 1798 1182 362 1711 637
182 210 1277 905 573 907 335 836 843 395 759 1109 1297 760 1318 552 173 601 0 1062 677 1201 648 308 348 362 1109 427 2954 988 610 989 242 402 662 942 409 433 927 326 391 909 1073 1003 484 593 969 257 659 1023 1014 914 198 1009 1106 815 263 987 367 1332 716 428 1245 415
1029 929 450 343 1536 529 826 250 483 1359 401 665 470 327 491 1515 1089 1528 1062 0 485 374 494 1033 737 853 281 1391 3013 544 1574 545 1206 1366 500 385 1373 1397 364 1012 882 181 629 624 1249 597 525 977 664 579 77 470 917 565 279 511 1179 543 721 504 445 1392 417 1379
644 543 739 254 1151 440 440 297 394 973 108 570 758 221 779 1130 703 1143 677 485 0 662 55 648 352 468 570 1005 2918 449 1188 450 820 980 69 296 987 1011 275 626 496 347 534 536 863 212 430 591 278 484 436 375 532 470 567 422 793 448 336 793 104 1006 706 993
1332 1232 95 773 1839 959 1129 681 913 1661 832 930 115 756 136 1818 1391 1831 1365 538 826 0 797 1336 1040 1156 366 1694 3278 809 1877 810 1508 1669 812 815 1676 1700 795 1315 1185 612 894 1055 1552 900 790 1280 967 844 508 735 1220 830 363 942 1481 808 1024 149 866 1695 62 1681
615 514 709 282 1122 469 411 268 422 944 137 541 729 192 750 1101 674 1114 648 494 55 633 0 619 322 439 541 976 2889 420 1159 421 791 951 40 324 958 982 304 597 467 341 505 564 834 182 401 562 249 455 446 346 503 441 538 404 764 419 307 764 95 977 677 964
417 319 1248 876 708 878 230 807 814 585 730 1080 1268 731 1289 567 159 518 308 1033 648 1172 619 0 319 207 1079 487 3238 959 670 960 432 462 633 913 599 623 898 81 177 880 1044 974 239 564 940 271 630 994 985 885 331 980 1077 785 168 958 338 1303 687 488 1216 605
389 214 952 580 896 582 112 511 518 718 434 783 972 435 993 862 374 814 348 737 352 876 322 319 0 139 783 750 3023 662 934 664 565 725 337 617 733 757 602 297 167 584 748 678 534 268 643 262 334 698 688 589 203 684 781 489 464 661 86 1007 391 752 920 738
403 228 1068 696 892 698 125 627 634 732 550 900 1088 551 1109 750 343 702 362 853 468 992 439 207 139 0 899 670 3139 779 853 780 579 645 453 733 747 771 718 185 115 700 864 794 422 384 760 276 450 814 805 705 217 800 897 605 352 778 158 1123 507 671 1036 752
1293 1193 251 734 1800 921 1090 642 874 1623 793 891 271 717 292 1779 1353 1792 1326 499 787 175 758 1297 1001 1117 0 1655 3239 770 1838 772 1470 1630 773 777 1637 1661 756 1276 1146 573 855 1016 1513 861 751 1241 928 806 469 696 1181 791 325 903 1442 769 985 306 827 1656 219 1643
386 612 1606 1234 408 1236 693 1165 1172 443 1088 1437 1626 1089 1646 311 482 361 427 1391 1005 1529 976 487 750 670 1437 0 3207 1316 370 1318 290 48 991 1271 457 481 1255 505 641 1237 1401 1331 381 921 1297 594 988 1352 1342 1242 601 1337 1434 1143 572 1315 770 1660 1045 29 1573 463
3307 3207 3073 3029 3814 3189 3104 2806 3125 3636 2884 2366 3093 2730 3114 3793 3366 3806 3340 2896 2801 2997 2772 3311 3015 3131 2904 3668 0 2455 3851 2599 3483 3643 2786 3071 3650 3674 3051 3289 3160 2879 2330 3285 3526 2875 2436 3254 2941 2343 2866 2524 3195 2476 2902 3096 3456 2454 2999 3127 2841 3669 3041 3656
955 854 721 677 1462 837 751 454 773 1284 531 224 741 378 761 1441 1014 1454 988 544 449 644 420 959 662 779 552 1316 2572 0 1499 247 1131 1291 434 719 1298 1322 699 937 807 527 188 933 1174 522 83 902 589 138 514 172 843 124 550 744 1104 101 647 775 488 1317 688 1304
569 795 1789 1417 61 1419 877 1348 1355 404 1271 1620 1809 1272 1829 265 665 314 610 1574 1188 1712 1159 670 934 853 1620 370 3390 1499 0 1501 395 345 1174 1454 418 201 1438 689 824 1421 1584 1515 564 1104 1480 777 1171 1535 1525 1426 784 1520 1618 1326 756 1498 953 1843 1228 371 1756 424
956 856 723 679 1463 839 753 456 774 1285 533 368 742 380 763 1442 1015 1455 989 545 450 646 421 960 664 780 554 1318 2717 247 1501 0 1132 1293 436 721 1300 1324 700 939 809 528 333 934 1176 524 228 904 591 283 515 103 844 269 551 746 1105 246 648 777 490 1319 690 1305
201 427 1421 1048 356 1051 552 980 986 179 903 1252 1441 903 1461 414 297 463 242 1206 820 1344 791 432 565 579 1252 290 3022 1131 395 1132 0 265 805 1086 193 217 1070 451 586 1052 1216 1146 393 736 1112 409 803 1167 1157 1057 416 1152 1249 958 387 1130 584 1475 860 291 1388 199
361 587 1581 1209 383 1211 668 1140 1146 418 1063 1412 1601 1064 1621 286 457 336 402 1366 980 1504 951 462 725 645 1412 48 3182 1291 345 1293 265 0 965 1246 432 456 1230 480 616 1212 1376 1306 356 896 1272 569 963 1327 1317 1217 576 1312 1409 1118 547 1290 745 1635 1020 49 1548 438
629 529 724 268 1136 454 426 283 408 958 122 555 744 207 764 1115 688 1128 662 500 69 647 40 633 337 453 555 991 2904 434 1174 436 805 965 0 310 973 997 290 612 482 356 519 550 849 197 415 577 264 470 451 361 517 455 553 419 778 433 321 778 109 992 691 978
909 809 728 100 1416 168 706 315 122 1239 212 840 747 392 768 1395 968 1408 942 385 296 651 324 913 617 733 559 1271 3189 719 1454 721 1086 1246 310 0 1253 1277 79 892 762 246 805 264 1129 379 700 857 312 755 336 646 797 741 556 151 1058 718 601 782 255 1272 695 1259
368 595 1588 1216 380 1218 719 1147 1154 88 1070 1419 1608 1071 1628 582 464 631 409 1373 987 1511 958 599 733 747 1419 457 3189 1298 418 1300 193 432 973 1253 0 240 1237 618 754 1220 1383 1314 560 903 1279 576 970 1334 1324 1225 583 1319 1417 1125 555 1297 752 1642 1027 458 1555 64
392 618 1612 1240 163 1242 743 1171 1178 226 1094 1443 1632 1095 1652 444 488 493 433 1397 1011 1535 982 623 757 771 1443 481 3213 1322 201 1324 217 456 997 1277 240 0 1261 642 777 1243 1407 1338 584 927 1303 600 994 1358 1348 1249 607 1343 1440 1149 578 1321 776 1666 1051 482 1579 246
894 793 707 122 1401 189 690 295 143 1223 191 820 727 371 747 1380 953 1393 927 364 275 630 304 898 602 718 538 1255 3168 699 1438 700 1070 1230 290 79 1237 1261 0 876 746 226 784 285 1113 400 680 841 334 734 315 625 782 720 536 172 1043 698 586 761 235 1256 674 1243
436 338 1227 855 727 857 208 786 793 604 709 1058 1247 710 1267 585 178 537 326 1012 626 1150 597 81 297 185 1058 505 3257 937 689 939 451 480 612 892 618 642 876 0 156 859 1022 953 257 542 918 290 609 973 963 864 349 958 1056 764 187 936 316 1281 666 507 1194 624
432 257 1097 725 863 727 138 656 663 739 579 928 1117 580 1138 721 313 672 391 882 496 1021 467 177 167 115 928 641 3167 807 824 809 586 616 482 762 754 777 746 156 0 729 893 823 393 412 788 305 479 843 833 734 246 829 926 634 322 806 187 1151 536 642 1064 759
876 776 524 204 1383 390 673 112 344 1205 263 648 544 173 565 1362 935 1375 909 181 347 448 341 880 584 700 355 1237 2996 527 1421 528 1052 1212 356 246 1220 1243 226 859 729 0 612 486 1095 444 508 823 510 563 133 453 764 548 353 373 1025 526 568 579 306 1238 492 1225
1040 940 806 762 1547 922 837 539 858 1369 617 78 826 463 847 1526 1099 1539 1073 629 534 730 505 1044 748 864 637 1401 2448 188 1584 333 1216 1376 519 805 1383 1407 784 1022 893 612 0 1018 1259 608 169 987 674 76 599 257 928 209 635 829 1189 187 732 861 574 1402 774 1389
970 870 967 306 1477 121 767 555 182 1299 452 1054 987 631 1008 1456 1029 1469 1003 624 536 891 564 974 678 794 798 1331 3402 933 1515 934 1146 1306 550 264 1314 1338 285 953 823 486 1018 0 1189 440 914 918 373 968 576 859 858 954 796 211 1119 932 662 1022 495 1333 935 1319
489 495 1464 1092 602 1094 445 1023 1030 546 946 1295 1484 947 1504 354 335 306 484 1249 863 1387 834 239 534 422 1295 381 3310 1174 564 1176 393 356 849 1129 560 584 1113 257 393 1095 1259 1189 0 779 1155 447 846 1210 1200 1101 507 1195 1292 1001 345 1173 553 1518 903 382 1431 566
560 459 812 421 1067 344 356 371 280 889 294 643 832 295 853 1046 619 1059 593 597 212 736 182 564 268 384 643 921 2992 522 1104 524 736 896 197 379 903 927 400 542 412 444 608 440 779 0 503 507 96 558 548 449 448 544 641 251 709 521 252 866 251 922 780 909
936 835 702 658 1443 818 732 435 754 1265 512 204 722 359 742 1422 995 1435 969 525 430 625 401 940 643 760 533 1297 2553 83 1480 228 1112 1272 415 700 1279 1303 680 918 788 508 169 914 1155 503 0 883 570 119 495 153 824 105 531 725 1085 82 628 756 469 1298 669 1285
299 124 1192 820 739 822 249 751 758 561 674 1023 1212 675 1232 718 136 727 257 977 591 1115 562 271 262 276 1023 594 3070 902 777 904 409 569 577 857 576 600 841 290 305 823 987 918 447 507 883 0 574 938 928 829 113 923 1020 729 226 901 281 1246 631 595 1159 582
626 526 879 355 1133 277 423 438 213 956 361 710 899 362 919 1112 685 1125 659 664 278 802 249 630 334 450 710 988 3058 589 1171 591 803 963 264 312 970 994 334 609 479 510 674 373 846 96 570 574 0 625 615 515 514 610 707 185 775 588 318 933 318 989 846 976
990 890 757 713 1497 873 787 490 809 1320 567 112 777 414 797 1476 1050 1489 1023 579 484 680 455 994 698 814 588 1352 2460 138 1535 283 1167 1327 470 755 1334 1358 734 973 843 563 76 968 1210 558 119 938 625 0 549 208 878 159 585 780 1139 137 682 811 524 1353 724 1340
981 880 420 294 1488 480 777 202 434 1310 352 635 440 278 460 1467 1040 1480 1014 77 436 343 446 985 688 805 251 1342 2983 514 1525 515 1157 1317 451 336 1324 1348 315 963 833 133 599 576 1200 548 495 928 615 549 0 440 869 535 249 463 1130 513 673 474 396 1343 387 1330
881 781 647 604 1388 763 678 381 699 1210 458 293 667 304 688 1367 940 1380 914 470 375 571 346 885 589 705 479 1242 2642 172 1426 103 1057 1217 361 646 1225 1249 625 864 734 453 257 859 1101 449 153 829 515 208 440 0 769 193 476 671 1030 171 573 702 415 1244 615 1230
239 65 1132 760 746 762 190 691 698 569 614 964 1152 615 1173 725 196 774 198 917 532 1056 503 331 203 217 964 601 3011 843 784 844 416 576 517 797 583 607 782 349 246 764 928 858 507 448 824 113 514 878 869 769 0 864 961 670 286 842 222 1187 572 602 1100 589
976 876 742 698 1483 858 773 475 794 1305 553 245 762 399 783 1462 1035 1475 1009 565 470 666 441 980 684 800 573 1337 2593 124 1520 269 1152 1312 455 741 1319 1343 720 958 829 548 209 954 1195 544 105 923 610 159 535 193 864 0 571 765 1125 123 668 797 510 1338 710 1325
1298 1198 256 739 1805 925 1095 647 879 1628 798 896 276 722 297 1784 1357 1797 1331 504 792 180 763 1302 1006 1122 87 1660 3244 775 1843 776 1475 1635 778 781 1642 1666 761 1281 1151 578 860 1021 1518 866 756 1246 933 811 474 701 1186 796 0 908 1447 774 990 311 832 1661 224 1648
781 681 854 193 1289 116 578 442 69 1111 339 865 874 517 895 1267 841 1280 815 511 422 778 404 785 489 605 685 1143 3214 744 1326 746 958 1118 419 151 1125 1149 172 764 634 373 829 211 1001 251 725 729 185 780 463 671 670 765 683 0 931 743 473 909 382 1144 822 1131
372 274 1394 1021 718 1023 375 952 959 540 876 1225 1413 876 1434 673 114 624 263 1179 793 1317 764 168 464 352 1225 572 3193 1104 756 1105 387 547 778 1058 555 578 1043 187 322 1025 1189 1119 345 709 1085 226 775 1139 1130 1030 286 1125 1222 931 0 1103 483 1448 833 573 1361 560
954 853 720 676 1461 836 750 453 772 1283 530 222 740 377 760 1440 1013 1453 987 543 448 643 419 958 661 778 551 1315 2571 101 1498 246 1130 1290 433 718 1297 1321 698 936 806 526 187 932 1173 521 82 901 588 137 513 171 842 123 549 743 1103 0 646 774 487 1316 687 1303
408 234 936 564 915 566 131 495 502 737 418 768 956 419 977 881 393 833 367 721 336 860 307 338 86 158 768 770 3007 647 953 648 584 745 321 601 752 776 586 316 187 568 732 662 553 252 628 281 318 682 673 573 222 668 765 473 483 646 0 991 375 771 904 757
1463 1363 99 904 1970 1090 1260 812 1044 1792 963 1061 93 886 103 1949 1522 1962 1496 669 957 149 928 1467 1171 1287 497 1824 3409 940 2008 941 1639 1799 943 946 1807 1830 926 1446 1316 743 1025 1186 1682 1031 921 1410 1097 975 639 866 1351 961 494 1073 1612 939 1155 0 997 1825 132 1812
683 583 778 213 1191 399 480 337 353 1013 67 610 798 261 819 1169 743 1182 716 445 104 702 95 687 391 507 609 1045 2958 488 1228 490 860 1020 109 255 1027 1051 235 666 536 306 574 495 903 251 469 631 318 524 396 415 572 510 607 382 833 487 375 833 0 1046 746 1033
387 613 1607 1235 410 1237 694 1166 1173 444 1089 1438 1627 1090 1647 312 483 362 428 1392 1006 1530 977 488 752 671 1438 29 3208 1317 371 1319 291 49 992 1272 458 482 1256 507 642 1238 1402 1333 382 922 1298 595 989 1353 1343 1244 602 1338 1435 1144 573 1316 771 1661 1046 0 1574 464
1376 1276 117 817 1883 1003 1173 725 957 1705 876 974 137 799 158 1862 1435 1875 1409 582 870 62 841 1380 1084 1200 410 1737 3322 853 1921 854 1552 1712 856 859 1720 1744 839 1359 1229 656 938 1099 1595 944 834 1324 1010 888 552 779 1264 874 407 986 1525 852 1068 132 910 1739 0 1725
374 600 1594 1221 386 1224 725 1153 1159 82 1076 1425 1614 1076 1634 587 470 637 415 1379 993 1517 964 605 738 752 1425 463 3195 1304 424 1305 199 438 978 1259 64 246 1243 624 759 1225 1389 1319 566 909 1285 582 976 1340 1330 1230 589 1325 1422 1131 560 1303 757 1648 1033 464 1561 0
EOF