NAME : tsp_problem
TYPE : TSP
DIMENSION : 58
EDGE_WEIGHT_TYPE : EXPLICIT
EDGE_WEIGHT_FORMAT : FULL_MATRIX
EDGE_WEIGHT_SECTION
0 903 1198 953 1094 1032 371 752 1227 791 1418 321 1045 691 1465 871 764 340 641 1190 1234 929 911 1210 1073 1100 1171 1123 703 866 1072 150 587 1448 915 62 198 802 837 235 1055 1072 1071 684 1016 136 275 1536 586 317 679 144 1195 1106 1129 1208 1064 835
903 0 378 132 273 157 709 679 406 944 671 659 224 515 719 537 916 678 465 315 359 108 90 343 739 279 296 247 733 1019 196 779 411 573 1067 898 889 955 661 716 721 361 361 508 682 826 649 767 410 655 763 834 320 285 308 332 189 95
1198 378 0 278 128 340 1005 975 61 1239 327 954 249 811 374 833 1212 974 761 289 333 404 386 158 1035 122 270 253 1029 1314 301 1075 707 547 1363 1193 1185 1250 956 1012 1017 227 227 804 978 1122 945 445 706 951 1059 1130 294 116 93 307 313 391
953 132 278 0 173 262 760 730 307 994 572 709 125 566 620 588 967 729 516 420 464 159 141 290 790 179 401 352 783 1069 301 830 462 678 1118 948 940 1005 711 767 772 261 262 559 733 877 700 690 461 705 814 885 425 185 209 437 294 146
1094 273 128 173 0 403 900 870 157 1135 423 850 187 706 471 728 1107 869 656 394 438 299 281 263 930 40 375 358 924 1210 405 970 602 652 1258 1089 1080 1146 852 907 912 122 123 699 873 1017 840 541 601 846 954 1025 399 46 70 411 418 286
1032 157 340 262 403 0 839 809 312 1073 643 788 354 645 691 667 1046 808 595 179 223 126 144 207 869 409 160 143 862 1148 118 909 541 437 1197 1027 1019 1084 790 846 851 490 491 638 812 956 779 631 540 784 893 964 184 414 409 196 111 225
371 709 1005 760 900 839 0 559 1034 598 1224 106 852 498 1272 678 570 91 448 997 1041 736 718 1016 880 906 978 929 510 673 878 248 394 1255 721 366 358 609 643 185 862 879 878 491 823 295 118 1343 393 115 486 303 1002 912 936 1014 871 642
752 679 975 730 870 809 559 0 1003 486 1194 508 821 188 1242 331 458 528 239 966 1011 706 687 986 392 876 947 899 147 561 848 629 292 1225 609 747 739 497 129 566 374 848 848 195 335 676 499 1313 293 504 177 684 971 882 906 984 841 611
1227 406 61 307 157 312 1034 1003 0 1268 355 983 221 839 403 862 1241 1002 790 261 305 417 415 130 1064 151 242 226 1057 1343 273 1103 736 519 1391 1222 1214 1279 985 1040 1046 255 256 833 1007 1151 974 474 735 979 1087 1159 266 145 121 279 285 419
955 1108 1404 1159 1299 1238 762 650 1432 0 1623 711 1250 819 1671 962 93 731 846 1395 1439 1135 1116 1415 1023 1305 1376 1328 525 110 1277 832 792 1653 158 950 942 92 760 769 1005 1277 1276 826 966 879 702 1741 792 707 501 887 1400 1311 1334 1413 1270 1040
1418 671 327 572 423 643 1224 1194 355 1459 0 1174 552 1030 184 1053 1431 1193 980 557 507 698 679 461 1254 417 573 557 1248 1534 604 1294 926 635 1582 1413 1404 1470 1176 1231 1236 371 372 1023 1197 1342 1164 478 926 1170 1278 1349 547 411 387 538 616 684
321 659 954 709 850 788 106 508 983 547 1174 0 801 447 1222 627 520 96 397 946 990 685 667 966 829 856 927 879 459 622 828 197 343 1204 671 316 307 558 593 134 811 828 827 440 772 244 67 1292 343 73 435 252 951 862 885 964 820 591
1045 224 249 125 187 354 852 821 221 1086 552 801 0 657 599 680 1058 820 608 320 364 251 232 188 882 193 301 284 875 1161 331 921 554 578 1209 1040 1032 1097 803 858 864 275 276 651 825 969 792 670 553 797 905 977 324 199 223 337 343 237
691 515 811 566 706 645 498 188 839 655 1030 447 657 0 1078 372 627 466 75 802 846 542 523 822 432 712 783 735 316 730 684 567 128 1060 778 686 677 666 170 504 414 684 683 32 375 615 438 1148 129 443 346 623 807 718 742 820 677 447
1465 719 374 620 471 691 1272 1242 403 1506 184 1222 599 1078 0 1100 1479 1241 1028 604 555 746 727 509 1302 465 621 604 1296 1581 651 1342 974 674 1630 1460 1452 1517 1224 1279 1284 419 419 1071 1245 1389 1212 396 973 1218 1326 1397 594 459 435 586 664 732
871 537 833 588 728 667 678 331 862 798 1053 627 680 372 1100 0 771 647 423 825 869 564 546 845 225 734 806 757 459 873 706 747 380 1083 922 866 858 809 226 684 207 707 706 378 168 795 618 1171 379 623 490 803 830 740 764 842 699 470
928 1080 1376 1131 1271 1210 735 623 1405 93 1595 684 1223 792 1643 935 0 703 819 1368 1412 1107 1089 1387 995 1277 1349 1300 497 121 1249 804 765 1626 170 923 914 103 733 741 977 1250 1249 798 938 852 675 1714 764 680 474 860 1373 1283 1307 1385 1242 1013
340 678 974 729 869 808 91 528 1002 567 1193 96 820 466 1241 647 539 0 417 965 1010 705 686 985 848 875 946 898 478 642 847 216 363 1224 690 335 327 578 612 153 830 847 847 460 791 264 87 1312 362 92 455 272 970 881 905 983 840 610
641 465 761 516 656 595 448 239 790 682 980 397 608 75 1028 423 655 417 0 753 797 492 473 772 483 662 734 685 367 757 634 517 96 1011 806 636 628 693 221 454 465 634 634 69 426 565 388 1099 95 393 397 573 757 668 692 770 627 397
1190 315 289 420 394 179 997 966 261 1231 557 946 320 802 604 825 1203 965 753 0 156 284 302 156 1027 388 109 92 1020 1306 139 1066 699 284 1354 1185 1177 1242 948 1003 1009 492 493 796 970 1114 937 478 698 942 1050 1122 133 382 358 145 152 382
1234 359 333 464 438 223 1041 1011 305 1275 507 990 364 846 555 869 1248 1010 797 156 0 328 346 200 1071 432 153 136 1064 1350 184 1110 743 234 1399 1229 1221 1286 992 1047 1053 519 519 840 1014 1158 981 428 742 986 1094 1166 146 426 402 138 196 427
929 108 404 159 299 126 736 706 417 970 698 685 251 542 746 564 943 705 492 284 328 0 117 312 766 305 265 216 759 1045 165 806 438 542 1094 924 916 981 687 743 748 387 388 535 709 853 676 736 437 681 790 861 289 311 335 301 158 122
911 90 386 141 281 144 718 687 415 952 679 667 232 523 727 546 924 686 473 302 346 117 0 330 747 287 283 234 741 1027 183 787 419 560 1075 906 897 963 669 724 729 369 369 517 690 835 658 754 419 663 771 843 307 293 317 319 176 103
1210 343 158 290 263 207 1016 986 130 1251 461 966 188 822 509 845 1223 985 772 156 200 312 330 0 1046 257 137 121 1040 1326 168 1086 718 414 1374 1205 1196 1262 968 1023 1028 361 362 815 989 1134 956 579 718 962 1070 1141 161 251 227 174 180 402
1073 739 1035 790 930 869 880 392 1064 859 1254 829 882 432 1302 225 831 848 483 1027 1071 766 747 1046 0 936 1008 959 520 934 908 949 536 1285 982 1068 1059 870 286 886 43 908 908 439 82 997 820 1373 537 825 550 1005 1031 942 966 1044 901 671
1100 279 122 179 40 409 906 876 151 1141 417 856 193 712 465 734 1113 875 662 388 432 305 287 257 936 0 369 352 930 1216 399 976 608 646 1264 1095 1086 1152 858 913 918 128 129 705 879 1023 846 535 607 852 960 1031 393 52 76 405 412 292
1171 296 270 401 375 160 978 947 242 1212 573 927 301 783 621 806 1184 946 734 109 153 265 283 137 1008 369 0 73 1001 1287 120 1047 680 300 1335 1166 1158 1223 929 984 990 473 474 777 951 1095 918 494 679 923 1031 1103 114 363 339 126 133 363
1123 247 253 352 358 143 929 899 226 1164 557 879 284 735 604 757 1136 898 685 92 136 216 234 121 959 352 73 0 953 1239 104 999 631 350 1287 1118 1109 1175 881 936 941 457 457 728 902 1046 869 545 630 875 983 1054 97 346 323 110 116 315
703 733 1029 783 924 862 510 147 1057 360 1248 459 875 316 1296 459 333 478 367 1020 1064 759 741 1040 520 930 1001 953 0 435 902 579 417 1278 484 698 689 371 257 516 502 902 901 323 463 627 450 1366 417 455 52 634 1025 936 959 1038 895 665
1030 1183 1479 1234 1374 1313 837 725 1507 110 1698 786 1325 894 1746 1037 121 806 921 1470 1514 1210 1191 1490 1098 1380 1451 1403 600 0 1352 907 867 1728 132 1025 1017 120 835 844 1080 1352 1351 901 1041 954 777 1816 867 782 576 962 1475 1386 1409 1488 1345 1115
1072 196 301 301 405 118 878 848 273 1112 604 828 331 684 651 706 1085 847 634 139 184 165 183 168 908 399 120 104 902 1187 0 948 580 398 1236 1066 1058 1123 830 885 890 504 505 677 851 995 818 592 579 824 932 1003 144 394 370 157 150 264
150 779 1075 830 970 909 248 629 1103 667 1294 197 921 567 1342 747 640 216 517 1066 1110 806 787 1086 949 976 1047 999 579 742 948 0 463 1324 791 145 137 678 713 111 931 948 947 561 892 74 151 1412 463 193 556 82 1071 982 1005 1084 941 711
587 411 707 462 602 541 394 292 736 628 926 343 554 128 974 380 601 363 96 699 743 438 419 718 536 608 680 631 417 703 580 463 0 957 752 582 574 639 274 400 518 580 580 121 479 511 334 1045 41 339 447 519 703 614 638 716 573 343
1448 573 547 678 652 437 1255 1225 519 1489 635 1204 578 1060 674 1083 1462 1224 1011 284 234 542 560 414 1285 646 300 350 1278 1564 398 1324 957 0 1613 1443 1435 1500 1206 1261 1267 646 647 1054 1228 1372 1195 301 956 1200 1308 1380 274 640 616 265 410 641
1079 1231 1527 1282 1422 1361 886 774 1556 158 1746 835 1374 943 1794 1086 170 854 970 1519 1563 1258 1240 1538 1146 1428 1500 1451 648 132 1400 955 916 1777 0 1074 1065 168 884 892 1128 1401 1400 949 1089 1003 826 1865 915 831 625 1011 1524 1434 1458 1536 1393 1164
62 898 1193 948 1089 1027 366 747 1222 786 1413 316 1040 686 1460 866 759 335 636 1185 1229 924 906 1205 1068 1095 1166 1118 698 861 1066 145 582 1443 909 0 193 797 832 230 1050 1067 1066 679 1011 131 270 1531 581 312 674 138 1190 1100 1124 1203 1059 830
198 889 1185 940 1080 1019 358 739 1214 778 1404 307 1032 677 1452 858 750 327 628 1177 1221 916 897 1196 1059 1086 1158 1109 689 853 1058 137 574 1435 901 193 0 789 823 221 1041 1058 1058 671 1002 88 261 1523 573 303 666 82 1181 1092 1116 1194 1051 821
966 1119 1415 1170 1310 1249 773 661 1443 92 1634 722 1261 830 1682 973 103 742 857 1406 1450 1146 1127 1426 1034 1316 1387 1339 536 120 1288 843 803 1664 168 961 953 0 771 780 1016 1288 1287 837 977 890 713 1752 803 718 512 898 1411 1322 1345 1424 1281 1051
837 661 956 711 852 790 643 129 985 596 1176 593 803 170 1224 226 569 612 221 948 992 687 669 968 286 858 929 881 257 671 830 713 274 1206 720 832 823 607 0 650 269 830 829 176 229 760 583 1294 275 589 288 768 953 864 887 966 822 593
235 716 1012 767 907 846 185 566 1040 604 1231 134 858 504 1279 684 577 153 454 1003 1047 743 724 1023 886 913 984 936 516 679 885 111 400 1261 728 230 221 615 650 0 868 885 884 498 829 158 88 1349 400 130 493 166 1008 919 942 1021 878 648
1055 721 1017 772 912 851 862 374 1046 841 1236 811 864 414 1284 207 813 830 465 1009 1053 748 729 1028 43 918 990 941 502 916 890 931 518 1267 964 1050 1041 852 269 868 0 890 890 421 85 979 802 1355 519 807 532 987 1013 924 948 1026 883 653
1072 361 227 261 122 490 879 848 255 1113 371 828 275 684 419 707 1085 847 634 492 519 387 369 361 908 128 473 457 902 1188 504 948 580 646 1236 1067 1058 1124 830 885 890 0 61 678 851 996 819 489 580 824 932 1003 497 134 158 510 516 374
1071 361 227 262 123 491 878 848 256 1112 372 827 276 683 419 706 1085 847 634 493 519 388 369 362 908 129 474 457 901 1187 505 947 580 647 1236 1066 1058 1123 829 884 890 61 0 677 851 995 818 490 579 823 931 1003 498 134 158 511 517 374
684 508 804 559 699 638 491 195 833 662 1023 440 651 32 1071 378 634 460 69 796 840 535 517 815 439 705 777 728 323 737 677 561 121 1054 785 679 671 673 176 498 421 678 677 0 382 608 431 1142 122 436 353 616 801 711 735 813 670 441
1016 682 978 733 873 812 823 335 1007 802 1197 772 825 375 1245 168 774 791 426 970 1014 709 690 989 82 879 951 902 463 877 851 892 479 1228 925 1011 1002 813 229 829 85 851 851 382 0 940 763 1316 480 768 493 948 974 885 909 987 844 614
136 826 1122 877 1017 956 295 676 1151 715 1342 244 969 615 1389 795 687 264 565 1114 1158 853 835 1134 997 1023 1095 1046 627 790 995 74 511 1372 838 131 88 726 760 158 979 996 995 608 940 0 199 1460 510 240 603 67 1119 1029 1053 1131 988 759
275 649 945 700 840 779 118 499 974 538 1164 67 792 438 1212 618 510 87 388 937 981 676 658 956 820 846 918 869 450 613 818 151 334 1195 661 270 261 549 583 88 802 819 818 431 763 199 0 1283 333 63 426 206 942 852 876 954 811 582
1536 767 445 690 541 631 1343 1313 474 1577 478 1292 670 1148 396 1171 1550 1312 1099 478 428 736 754 579 1373 535 494 545 1366 1652 592 1412 1045 301 1701 1531 1523 1588 1294 1349 1355 489 490 1142 1316 1460 1283 0 1044 1288 1396 1468 468 529 506 459 604 803
586 410 706 461 601 540 393 293 735 627 926 343 553 129 973 379 600 362 95 698 742 437 419 718 537 607 679 630 417 702 579 463 41 956 751 581 573 638 275 400 519 580 579 122 480 510 333 1044 0 339 447 518 703 613 637 715 572 343
317 655 951 705 846 784 115 504 979 543 1170 73 797 443 1218 623 516 92 393 942 986 681 663 962 825 852 923 875 455 618 824 193 339 1200 667 312 303 554 589 130 807 824 823 436 768 240 63 1288 339 0 431 248 947 858 881 960 817 587
679 763 1059 814 954 893 486 177 1087 337 1278 435 905 346 1326 490 309 455 397 1050 1094 790 771 1070 550 960 1031 983 52 412 932 556 447 1308 460 674 666 348 288 493 532 932 931 353 493 603 426 1396 447 431 0 611 1055 966 989 1068 925 695
144 834 1130 885 1025 964 303 684 1159 723 1349 252 977 623 1397 803 695 272 573 1122 1166 861 843 1141 1005 1031 1103 1054 634 798 1003 82 519 1380 846 138 82 734 768 166 987 1003 1003 616 948 67 206 1468 518 248 611 0 1127 1037 1061 1139 996 767
1195 320 294 425 399 184 1002 971 266 1236 547 951 324 807 594 830 1208 970 757 133 146 289 307 161 1031 393 114 97 1025 1311 144 1071 703 274 1359 1190 1181 1247 953 1008 1013 497 498 801 974 1119 942 468 703 947 1055 1127 0 387 363 150 156 387
1106 285 116 185 46 414 912 882 145 1146 411 862 199 718 459 740 1119 881 668 382 426 311 293 251 942 52 363 346 936 1221 394 982 614 640 1270 1100 1092 1157 864 919 924 134 134 711 885 1029 852 529 613 858 966 1037 387 0 82 400 406 298
1129 308 93 209 70 409 936 906 121 1170 387 885 223 742 435 764 1143 905 692 358 402 335 317 227 966 76 339 323 959 1245 370 1005 638 616 1294 1124 1116 1181 887 942 948 158 158 735 909 1053 876 506 637 881 989 1061 363 82 0 376 382 322
1208 332 307 437 411 196 1014 984 279 1249 538 964 337 820 586 842 1221 983 770 145 138 301 319 174 1044 405 126 110 1038 1324 157 1084 716 265 1372 1203 1194 1260 966 1021 1026 510 511 813 987 1131 954 459 715 960 1068 1139 150 400 376 0 169 400
1064 189 313 294 418 111 871 841 285 1105 616 820 343 677 664 699 1078 840 627 152 196 158 176 180 901 412 133 116 895 1180 150 941 573 410 1229 1059 1051 1116 822 878 883 516 517 670 844 988 811 604 572 817 925 996 156 406 382 169 0 257
835 95 391 146 286 225 642 611 419 876 684 591 237 447 732 470 848 610 397 382 427 122 103 402 671 292 363 315 665 951 264 711 343 641 999 830 821 887 593 648 653 374 374 441 614 759 582 803 343 587 695 767 387 298 322 400 257 0
EOF