NAME : tsp_problem
TYPE : TSP
DIMENSION : 66
EDGE_WEIGHT_TYPE : EXPLICIT
EDGE_WEIGHT_FORMAT : FULL_MATRIX
EDGE_WEIGHT_SECTION
0 1362 758 1657 998 918 1516 954 1321 764 628 1578 1494 731 1597 436 742 404 1259 938 1689 1152 408 356 1256 313 337 1029 1072 952 1509 920 362 746 770 977 589 1238 291 714 899 1622 1509 1098 1028 1502 411 1182 1650 362 816 604 1262 934 1203 1021 1066 1673 2236 1529 1644 1421 966 952 1262 2985
1362 0 781 318 567 1427 422 564 291 787 962 361 400 1171 428 1131 923 1099 308 961 393 235 1103 1029 226 1151 1175 1052 495 1094 292 1429 1057 1152 793 587 924 298 1339 738 922 282 169 2145 1051 162 1249 359 432 1200 839 939 231 544 363 481 501 409 1527 189 304 204 1107 1461 232 2276
758 781 0 1076 417 822 935 373 740 60 358 997 913 567 1016 526 319 494 678 210 1108 571 499 425 675 547 571 301 491 343 928 824 453 548 54 395 320 656 734 88 172 1040 927 1541 301 921 644 601 1069 596 88 334 680 353 622 440 485 1091 1655 948 1062 840 357 857 681 2404
1657 318 1076 0 732 1722 332 780 586 1082 1258 405 239 1466 134 1426 1218 1394 473 1256 293 531 1398 1324 521 1447 1470 1347 659 1389 588 1724 1352 1447 1088 755 1219 594 1634 1033 1217 183 299 2441 1347 292 1544 654 332 1495 1134 1234 527 798 527 777 665 310 1823 152 205 500 1403 1756 527 2571
998 567 417 732 0 1063 541 126 428 423 599 824 519 807 621 767 559 735 284 597 863 398 739 665 421 787 811 688 96 730 755 1065 693 788 429 143 560 344 975 374 558 753 639 1782 687 633 885 354 897 836 475 575 415 106 227 193 91 879 1633 660 775 668 744 1097 416 2381
1082 1591 987 1886 1227 0 1745 1183 1550 992 783 1807 1723 576 1826 850 894 818 1488 1023 1918 1381 823 749 1485 871 895 1003 1301 899 1738 123 776 592 999 1205 818 1466 1058 943 1060 1850 1737 1865 1002 1731 968 1411 1879 920 1045 805 1490 1163 1432 1250 1295 1901 2465 1758 1873 1650 913 155 1491 3214
1516 422 935 332 541 1581 0 589 564 940 1116 713 119 1325 222 1284 1077 1253 282 1115 601 634 1257 1183 557 1305 1329 1206 468 1248 691 1583 1211 1306 947 564 1078 480 1493 891 1076 491 493 2299 1205 487 1402 509 640 1354 993 1093 552 607 336 711 474 618 1926 460 513 603 1261 1615 552 2675
954 564 373 780 126 1019 589 0 449 378 554 780 568 763 670 722 515 691 332 553 891 354 695 621 384 743 767 644 145 686 711 1021 649 744 385 104 516 365 930 329 514 801 688 1737 643 681 840 310 852 792 431 531 389 61 276 149 139 875 1588 708 823 623 699 1053 390 2337
1321 291 740 586 428 1385 564 449 0 745 921 506 542 1130 645 1089 882 1057 307 920 617 269 1062 988 88 1110 1134 1011 355 1052 437 1387 1015 1111 752 451 883 103 1297 696 881 550 437 2104 1010 430 1207 163 579 1159 798 897 83 428 251 366 361 601 1561 457 572 350 1066 1420 83 2310
764 787 60 1082 423 828 940 378 745 0 364 1002 919 572 1021 532 324 500 683 203 1113 576 504 430 680 553 576 295 496 336 933 830 458 553 47 401 325 662 740 93 165 1046 933 1547 294 926 650 607 1075 601 82 340 686 358 627 446 490 1097 1661 953 1068 846 350 862 687 2409
628 962 358 1258 599 618 1116 554 921 364 0 1178 1095 235 1197 396 343 364 859 500 1289 752 368 294 856 417 440 480 672 377 1109 620 322 216 370 577 86 838 604 315 499 1222 1109 1411 479 1102 514 783 1251 465 416 84 862 534 803 622 666 1273 1836 1129 1244 1021 390 653 862 2585
1578 361 997 405 824 1642 713 780 506 1002 1178 0 620 1387 515 1346 1139 1314 647 1176 134 451 1319 1245 441 1367 1390 1268 766 1309 285 1644 1272 1368 1008 802 1139 514 1554 953 1138 246 486 2361 1267 479 1464 575 96 1416 1055 1154 447 760 662 697 772 118 1743 339 224 363 1323 1677 447 2492
1494 400 913 239 519 1559 119 568 542 919 1095 620 0 1303 129 1263 1055 1231 260 1093 508 612 1235 1161 536 1283 1307 1184 446 1226 669 1561 1189 1284 925 543 1056 458 1471 870 1054 398 472 2278 1183 465 1381 487 547 1332 971 1071 530 585 314 689 452 525 1904 367 420 581 1240 1593 530 2653
731 1171 567 1466 807 412 1325 763 1130 572 235 1387 1303 0 1406 499 346 467 1068 475 1498 961 472 398 1065 520 543 455 881 351 1318 414 425 45 579 785 272 1046 707 523 513 1430 1317 1514 454 1311 617 991 1459 569 601 257 1070 743 1012 830 875 1481 2045 1338 1453 1230 365 446 1071 2794
1597 428 1016 134 621 1661 222 670 645 1021 1197 515 129 1406 0 1365 1158 1333 363 1195 403 641 1338 1264 631 1386 1409 1287 549 1328 698 1663 1291 1387 1027 645 1158 561 1573 972 1157 293 409 2380 1286 402 1483 590 442 1435 1074 1173 633 688 417 792 555 420 1933 262 315 610 1342 1696 633 2681
436 1131 526 1426 767 686 1284 722 1089 532 396 1346 1263 499 1365 0 511 63 1027 706 1457 920 56 124 1024 225 249 798 840 721 1278 688 131 515 538 745 357 1006 412 483 668 1390 1277 1219 797 1270 322 951 1419 274 584 372 1030 702 971 790 834 1441 2005 1297 1412 1190 734 720 1031 2753
742 923 319 1218 559 730 1077 515 882 324 343 1139 1055 346 1158 511 0 479 820 357 1250 713 483 409 817 531 555 337 633 234 1070 732 437 327 331 538 304 798 719 275 395 1183 1069 1526 336 1063 629 743 1211 580 377 319 823 495 764 582 627 1233 1797 1090 1205 982 247 764 823 2546
404 1099 494 1394 735 654 1253 691 1057 500 364 1314 1231 467 1333 63 479 0 996 674 1425 888 90 93 993 193 217 766 808 689 1246 656 99 483 506 713 326 974 381 451 636 1358 1245 1187 765 1238 290 919 1387 242 553 340 998 670 939 758 803 1409 1973 1265 1380 1158 702 688 999 2721
1259 308 678 473 284 1324 282 332 307 683 859 647 260 1068 363 1027 820 996 0 858 604 481 1000 926 300 1048 1072 949 211 991 578 1326 954 1049 690 307 821 223 1235 634 819 494 380 2042 948 374 1145 252 643 1097 736 836 295 350 107 454 217 620 1773 401 516 490 1004 1358 295 2522
938 961 210 1256 597 858 1115 553 920 203 500 1176 1093 475 1195 706 357 674 858 0 1287 750 679 605 855 727 750 115 670 157 1108 860 632 456 197 575 499 836 914 255 75 1220 1107 1721 114 1101 824 781 1249 776 150 514 860 532 801 620 665 1271 1835 1128 1242 1020 171 893 861 2583
1689 393 1108 293 863 1753 601 891 617 1113 1289 134 508 1498 403 1457 1250 1425 604 1287 0 562 1430 1356 552 1478 1501 1379 791 1420 396 1755 1383 1479 1119 887 1250 625 1665 1064 1249 134 374 2472 1378 367 1575 686 61 1526 1166 1265 558 870 659 808 796 39 1854 227 112 474 1434 1788 558 2603
1152 235 571 531 398 1216 634 354 269 576 752 451 612 961 641 920 713 888 481 750 562 0 893 819 204 941 964 842 472 883 382 1218 846 942 582 376 713 277 1128 527 712 495 382 1935 841 375 1038 338 523 990 629 728 210 334 425 271 466 546 1317 402 517 294 897 1251 210 2066
408 1103 499 1398 739 658 1257 695 1062 504 368 1319 1235 472 1338 56 483 90 1000 679 1430 893 0 97 997 197 221 770 813 693 1250 660 103 487 511 717 330 978 385 455 640 1362 1249 1192 769 1243 295 923 1391 246 557 345 1002 675 944 762 807 1413 1977 1270 1385 1162 707 693 1003 2726
356 1029 425 1324 665 584 1183 621 988 430 294 1245 1161 398 1264 124 409 93 926 605 1356 819 97 0 923 145 169 696 739 619 1176 586 51 413 437 643 256 904 332 381 566 1288 1175 1139 695 1169 242 849 1317 194 483 271 929 601 870 688 733 1339 1903 1196 1311 1088 633 619 929 2652
1256 226 675 521 421 1320 557 384 88 680 856 441 536 1065 631 1024 817 993 300 855 552 204 997 923 0 1045 1069 946 349 987 373 1322 951 1046 687 406 818 96 1232 631 816 485 372 2039 945 365 1142 157 514 1094 733 832 50 363 244 301 354 536 1496 392 507 285 1001 1355 50 2245
313 1151 547 1447 787 707 1305 743 1110 553 417 1367 1283 520 1386 225 531 193 1048 727 1478 941 197 145 1045 0 126 818 861 741 1298 709 151 536 559 766 378 1027 290 504 688 1411 1298 1097 817 1291 126 972 1439 105 605 393 1051 723 992 810 855 1462 2025 1318 1433 1210 755 741 1051 2774
337 1175 571 1470 811 730 1329 767 1134 576 440 1390 1307 543 1409 249 555 217 1072 750 1501 964 221 169 1069 126 0 842 884 765 1322 732 175 559 582 789 402 1050 313 527 712 1434 1321 1120 841 1315 104 995 1463 83 629 416 1074 746 1015 834 879 1485 2049 1342 1456 1234 778 764 1075 2797
1029 1052 301 1347 688 838 1206 644 1011 295 480 1268 1184 455 1287 798 337 766 949 115 1379 842 770 696 946 818 842 0 762 137 1199 840 724 436 288 667 517 927 1006 346 153 1312 1198 1812 75 1192 915 872 1340 867 241 502 952 624 893 711 756 1363 1926 1219 1334 1111 151 873 952 2675
1072 495 491 659 96 1136 468 145 355 496 672 766 446 881 549 840 633 808 211 670 791 472 813 739 349 861 884 762 0 803 698 1138 766 862 502 120 633 271 1048 447 632 680 567 1855 761 560 958 300 829 910 549 648 343 163 155 267 49 807 1706 587 702 610 817 1171 343 2455
952 1094 343 1389 730 735 1248 686 1052 336 377 1309 1226 351 1328 721 234 689 991 157 1420 883 693 619 987 741 765 137 803 0 1241 737 647 333 330 708 413 969 929 387 195 1353 1240 1735 136 1233 838 914 1382 790 283 399 993 665 934 753 797 1404 1968 1260 1375 1153 47 769 994 2716
1509 292 928 588 755 1574 691 711 437 933 1109 285 669 1318 698 1278 1070 1246 578 1108 396 382 1250 1176 373 1298 1322 1199 698 1241 0 1576 1204 1299 940 734 1071 445 1486 884 1069 508 439 2292 1198 432 1395 506 358 1347 986 1086 378 691 593 628 704 380 1674 459 486 294 1254 1608 379 2423
1084 1593 989 1888 1229 123 1747 1185 1552 994 785 1809 1725 578 1828 852 896 820 1490 1025 1920 1383 825 751 1487 873 897 1005 1303 901 1740 0 778 594 1001 1207 820 1468 1060 945 1062 1853 1739 1867 1004 1733 970 1413 1881 922 1047 807 1493 1165 1434 1252 1297 1903 2467 1760 1875 1652 915 144 1493 3216
362 1057 453 1352 693 612 1211 649 1015 458 322 1272 1189 425 1291 131 437 99 954 632 1383 846 103 51 951 151 175 724 766 647 1204 614 0 441 464 671 284 932 339 409 594 1316 1203 1145 723 1196 248 877 1345 200 511 298 956 628 897 716 761 1367 1931 1223 1338 1116 660 646 957 2679
746 1152 548 1447 788 428 1306 744 1111 553 216 1368 1284 45 1387 515 327 483 1049 456 1479 942 487 413 1046 536 559 436 862 333 1299 430 441 0 560 767 253 1027 723 504 494 1412 1298 1530 435 1292 633 972 1440 584 582 238 1052 724 993 811 856 1462 2026 1319 1434 1211 346 462 1052 2775
770 793 54 1088 429 834 947 385 752 47 370 1008 925 579 1027 538 331 506 690 197 1119 582 511 437 687 559 582 288 502 330 940 836 464 560 0 407 331 668 746 98 159 1052 939 1553 288 933 656 613 1081 608 75 346 692 364 633 452 497 1103 1667 960 1074 852 344 869 693 2415
977 587 395 755 143 1041 564 104 451 401 577 802 543 785 645 745 538 713 307 575 887 376 717 643 406 766 789 667 120 708 734 1043 671 767 407 0 538 367 953 352 537 776 663 1760 666 656 863 333 875 814 454 553 412 84 251 172 114 897 1611 683 798 646 722 1075 412 2360
589 924 320 1219 560 653 1078 516 883 325 86 1139 1056 272 1158 357 304 326 821 499 1250 713 330 256 818 378 402 517 633 413 1071 655 284 253 331 538 0 799 565 276 461 1183 1070 1372 516 1064 475 744 1212 427 378 62 823 495 764 583 628 1234 1798 1091 1205 983 427 688 824 2546
1238 298 656 594 344 1302 480 365 103 662 838 514 458 1046 561 1006 798 974 223 836 625 277 978 904 96 1027 1050 927 271 969 445 1304 932 1027 668 367 799 0 1214 613 798 558 445 2021 927 438 1124 79 587 1075 714 814 90 345 167 283 277 609 1569 465 580 357 983 1336 91 2318
291 1339 734 1634 975 894 1493 930 1297 740 604 1554 1471 707 1573 412 719 381 1235 914 1665 1128 385 332 1232 290 313 1006 1048 929 1486 896 339 723 746 953 565 1214 0 691 876 1598 1485 930 1005 1478 387 1159 1627 339 793 580 1238 910 1179 998 1042 1649 2213 1505 1620 1398 942 928 1239 2961
714 738 88 1033 374 779 891 329 696 93 315 953 870 523 972 483 275 451 634 255 1064 527 455 381 631 504 527 346 447 387 884 781 409 504 98 352 276 613 691 0 216 997 884 1498 345 877 601 558 1026 552 133 291 637 309 578 397 441 1048 1611 904 1019 797 401 813 637 2360
899 922 172 1217 558 896 1076 514 881 165 499 1138 1054 513 1157 668 395 636 819 75 1249 712 640 566 816 688 712 153 632 195 1069 898 594 494 159 537 461 798 876 216 0 1182 1069 1682 152 1062 785 742 1210 737 112 476 822 494 763 581 626 1233 1796 1089 1204 981 208 930 822 2545
1622 282 1040 183 753 1686 491 801 550 1046 1222 246 398 1430 293 1390 1183 1358 494 1220 134 495 1362 1288 485 1411 1434 1312 680 1353 508 1688 1316 1412 1052 776 1183 558 1598 997 1182 0 263 2405 1311 256 1508 619 173 1459 1099 1198 491 803 548 741 686 151 1787 116 46 464 1367 1720 491 2535
1509 169 927 299 639 1573 493 688 437 933 1109 486 472 1317 409 1277 1069 1245 380 1107 374 382 1249 1175 372 1298 1321 1198 567 1240 439 1575 1203 1298 939 663 1070 445 1485 884 1069 263 0 2292 1198 37 1395 506 412 1346 985 1085 378 690 435 628 573 390 1674 170 285 351 1254 1607 378 2422
1098 2145 1541 2441 1782 1701 2299 1737 2104 1547 1411 2361 2278 1514 2380 1219 1526 1187 2042 1721 2472 1935 1192 1139 2039 1097 1120 1812 1855 1735 2292 1703 1145 1530 1553 1760 1372 2021 930 1498 1682 2405 2292 0 1811 2285 1194 1966 2434 1145 1599 1387 2045 1717 1986 1805 1849 2456 2970 2312 2427 2204 1749 1735 2045 2513
1028 1051 301 1347 687 838 1205 643 1010 294 479 1267 1183 454 1286 797 336 765 948 114 1378 841 769 695 945 817 841 75 761 136 1198 840 723 435 288 666 516 927 1005 345 152 1311 1198 1811 0 1191 915 872 1339 866 241 501 951 623 892 710 755 1362 1925 1218 1333 1110 150 872 951 2674
1502 162 921 292 633 1566 487 681 430 926 1102 479 465 1311 402 1270 1063 1238 374 1101 367 375 1243 1169 365 1291 1315 1192 560 1233 432 1568 1196 1292 933 656 1064 438 1478 877 1062 256 37 2285 1191 0 1388 499 406 1340 979 1078 371 684 428 621 566 383 1667 164 279 344 1247 1601 371 2416
411 1249 644 1544 885 804 1402 840 1207 650 514 1464 1381 617 1483 322 629 290 1145 824 1575 1038 295 242 1142 126 104 915 958 838 1395 806 248 633 656 863 475 1124 387 601 785 1508 1395 1194 915 1388 0 1069 1537 79 702 490 1148 820 1089 908 952 1559 2123 1415 1530 1308 852 838 1148 2871
1182 359 601 654 354 1247 509 310 163 607 783 575 487 991 590 951 743 919 252 781 686 338 923 849 157 972 995 872 300 914 506 1249 877 972 613 333 744 79 1159 558 742 619 506 1966 872 499 1069 0 647 1020 659 759 151 290 195 227 306 670 1625 526 641 418 928 1281 152 2373
1650 432 1069 332 897 1715 640 852 579 1075 1251 96 547 1459 442 1419 1211 1387 643 1249 61 523 1391 1317 514 1439 1463 1340 829 1382 358 1717 1345 1440 1081 875 1212 587 1627 1026 1210 173 412 2434 1339 406 1537 647 0 1488 1127 1227 519 832 697 770 835 45 1815 265 151 436 1396 1749 520 2564
362 1200 596 1495 836 755 1354 792 1159 601 465 1416 1332 569 1435 274 580 242 1097 776 1526 990 246 194 1094 105 83 867 910 790 1347 757 200 584 608 814 427 1075 339 552 737 1459 1346 1145 866 1340 79 1020 1488 0 654 442 1099 772 1040 859 904 1510 2074 1367 1481 1259 804 790 1100 2823
816 839 88 1134 475 881 993 431 798 82 416 1055 971 601 1074 584 377 553 736 150 1166 629 557 483 733 605 629 241 549 283 986 883 511 582 75 454 378 714 793 133 112 1099 985 1599 241 979 702 659 1127 654 0 393 739 411 680 498 543 1149 1713 1006 1121 898 297 915 739 2462
604 939 334 1234 575 640 1093 531 897 340 84 1154 1071 257 1173 372 319 340 836 514 1265 728 345 271 832 393 416 502 648 399 1086 642 298 238 346 553 62 814 580 291 476 1198 1085 1387 501 1078 490 759 1227 442 393 0 838 510 779 598 642 1249 1813 1105 1220 998 413 675 839 2561
1262 231 680 527 415 1326 552 389 83 686 862 447 530 1070 633 1030 823 998 295 860 558 210 1002 929 50 1051 1074 952 343 993 378 1328 956 1052 692 412 823 90 1238 637 822 491 378 2045 951 371 1148 151 519 1099 739 838 0 369 239 307 349 542 1502 398 513 290 1007 1360 56 2251
934 544 353 798 106 998 607 61 428 358 534 760 585 743 688 702 495 670 350 532 870 334 675 601 363 723 746 624 163 665 691 1000 628 724 364 84 495 345 910 309 494 803 690 1717 623 684 820 290 832 772 411 510 369 0 294 129 157 854 1568 711 825 603 679 1033 370 2317
1203 363 622 527 227 1267 336 276 251 627 803 662 314 1012 417 971 764 939 107 801 659 425 944 870 244 992 1015 893 155 934 593 1269 897 993 633 251 764 167 1179 578 763 548 435 1986 892 428 1089 195 697 1040 680 779 239 294 0 398 161 675 1717 455 570 505 948 1302 239 2466
1021 481 440 777 193 1086 711 149 366 446 622 697 689 830 792 790 582 758 454 620 808 271 762 688 301 810 834 711 267 753 628 1088 716 811 452 172 583 283 998 397 581 741 628 1805 710 621 908 227 770 859 498 598 307 129 398 0 261 792 1541 648 763 540 767 1120 307 2290
1066 501 485 665 91 1130 474 139 361 490 666 772 452 875 555 834 627 803 217 665 796 466 807 733 354 855 879 756 49 797 704 1133 761 856 497 114 628 277 1042 441 626 686 573 1849 755 566 952 306 835 904 543 642 349 157 161 261 0 813 1700 593 708 616 811 1165 349 2449
1673 409 1091 310 879 1737 618 875 601 1097 1273 118 525 1481 420 1441 1233 1409 620 1271 39 546 1413 1339 536 1462 1485 1363 807 1404 380 1739 1367 1462 1103 897 1234 609 1649 1048 1233 151 390 2456 1362 383 1559 670 45 1510 1149 1249 542 854 675 792 813 0 1838 243 128 458 1418 1771 542 2586
2298 1589 1716 1884 1694 2362 1988 1650 1623 1722 1898 1804 1966 2106 1994 2066 1858 2034 1835 1896 1915 1378 2038 1964 1558 2087 2110 1987 1768 2029 1736 2364 1992 2087 1728 1672 1859 1630 2274 1673 1858 1848 1735 2850 1987 1728 2184 1686 1877 2135 1774 1874 1563 1630 1778 1603 1762 1899 0 1755 1870 1648 2043 2396 1564 758
1529 189 948 152 660 1593 460 708 457 953 1129 339 367 1338 262 1297 1090 1265 401 1128 227 402 1270 1196 392 1318 1342 1219 587 1260 459 1595 1223 1319 960 683 1091 465 1505 904 1089 116 170 2312 1218 164 1415 526 265 1367 1006 1105 398 711 455 648 593 243 1694 0 138 371 1274 1628 399 2443
1644 304 1062 205 775 1708 513 823 572 1068 1244 224 420 1453 315 1412 1205 1380 516 1242 112 517 1385 1311 507 1433 1456 1334 702 1375 486 1710 1338 1434 1074 798 1205 580 1620 1019 1204 46 285 2427 1333 279 1530 641 151 1481 1121 1220 513 825 570 763 708 128 1809 138 0 486 1389 1743 513 2558
1421 204 840 500 668 1486 603 623 350 846 1021 363 581 1230 610 1190 982 1158 490 1020 474 294 1162 1088 285 1210 1234 1111 610 1153 294 1488 1116 1211 852 646 983 357 1398 797 981 464 351 2204 1110 344 1308 418 436 1259 898 998 290 603 505 540 616 458 1586 371 486 0 1166 1520 291 2335
966 1107 357 1403 744 749 1261 699 1066 350 390 1323 1240 365 1342 734 247 702 1004 171 1434 897 707 633 1001 755 778 151 817 47 1254 751 660 346 344 722 427 983 942 401 208 1367 1254 1749 150 1247 852 928 1396 804 297 413 1007 679 948 767 811 1418 1981 1274 1389 1166 0 783 1007 2730
1116 1625 1021 1921 1261 155 1779 1217 1584 1027 817 1841 1757 610 1860 885 928 853 1522 1057 1952 1415 857 783 1519 905 929 1037 1335 934 1772 144 811 626 1033 1240 852 1501 1093 978 1095 1885 1772 1899 1036 1765 1002 1446 1913 954 1079 839 1525 1197 1466 1284 1329 1936 2499 1792 1907 1684 947 0 1525 3248
1262 232 681 527 416 1327 552 390 83 687 862 447 530 1071 633 1031 823 999 295 861 558 210 1003 929 50 1051 1075 952 343 994 379 1329 957 1052 693 412 824 91 1239 637 822 491 378 2045 951 371 1148 152 520 1100 739 839 56 370 239 307 349 542 1502 399 513 291 1007 1361 0 2251
2997 2288 2416 2583 2393 3061 2687 2349 2322 2421 2597 2504 2665 2806 2693 2765 2558 2733 2534 2596 2615 2078 2738 2664 2257 2786 2810 2687 2467 2728 2435 3063 2691 2787 2428 2372 2559 2330 2973 2372 2557 2548 2434 2451 2686 2428 2883 2385 2576 2835 2474 2573 2263 2329 2478 2302 2461 2599 816 2455 2570 2347 2742 3096 2263 0
EOF