NAME : tsp_problem
TYPE : TSP
DIMENSION : 81
EDGE_WEIGHT_TYPE : EXPLICIT
EDGE_WEIGHT_FORMAT : FULL_MATRIX
EDGE_WEIGHT_SECTION
0 425 720 931 605 1061 177 1472 1304 809 966 1321 1183 518 1300 1126 400 1124 918 918 627 572 234 1120 156 1307 127 436 749 843 568 703 541 241 920 860 350 769 862 785 52 584 914 1193 832 561 630 683 209 1009 522 1059 708 1242 431 634 483 831 199 643 282 707 661 709 1018 1109 841 920 848 567 448 1179 911 925 227 1024 938 633 1204 827 641
425 0 470 782 342 912 531 1324 1155 711 817 1173 1035 119 1151 977 755 975 769 770 253 173 588 972 511 1158 481 37 376 695 305 555 386 595 771 712 98 422 713 687 407 321 765 1045 684 412 533 585 563 860 122 910 560 1093 45 485 335 483 554 269 636 558 563 561 870 960 692 573 501 167 48 1030 564 776 582 875 790 485 1055 479 267
720 470 0 765 602 895 826 1307 1138 972 800 1155 1017 380 1134 960 1049 958 752 753 259 323 883 955 806 1141 776 482 177 678 566 538 392 890 754 694 496 78 696 948 701 582 748 1027 667 212 794 846 858 843 383 893 542 1076 490 160 272 139 848 275 931 541 824 543 852 943 675 229 157 428 493 1013 220 759 876 858 773 467 1038 135 273
931 782 765 0 1099 264 1037 600 677 1340 371 449 460 876 428 499 1261 496 121 46 830 893 1095 493 1017 435 987 794 914 476 1062 336 744 1102 123 493 708 815 495 1317 913 1078 42 470 237 606 1162 1215 1070 335 879 262 341 615 789 680 529 876 1060 846 1142 340 1193 342 221 312 474 966 894 924 805 307 957 53 1088 152 66 416 376 872 844
605 342 602 1099 0 1228 711 1640 1472 631 1134 1489 1351 251 1468 1294 935 1291 1086 1086 385 305 768 1288 691 1475 661 353 508 1011 81 871 518 775 1088 1028 414 554 1029 607 587 97 1082 1361 1000 728 452 505 743 1176 254 1226 876 1410 361 734 651 615 733 401 816 875 483 877 1186 1277 1009 705 633 299 364 1347 696 1092 761 1191 1106 801 1372 611 399
1061 912 895 264 1228 0 1167 594 546 1470 185 443 425 1006 422 367 1391 365 177 251 960 1023 1224 362 1147 429 1117 923 1043 370 1192 392 874 1231 179 387 837 944 369 1446 1043 1208 247 435 293 736 1292 1344 1199 99 1009 26 396 483 918 809 659 1006 1189 976 1272 395 1322 397 65 76 368 1096 1024 1054 935 301 1086 257 1217 146 271 503 370 1002 974
177 531 826 1037 711 1167 0 1579 1410 915 1072 1427 1289 625 1406 1232 507 1230 1024 1025 733 679 340 1227 263 1413 233 542 855 950 674 809 647 139 1026 966 456 875 968 891 158 691 1020 1299 939 667 736 789 315 1115 628 1165 814 1348 537 740 589 937 305 749 388 813 767 815 1124 1215 947 1026 954 673 554 1285 1017 1031 333 1130 1044 739 1310 933 747
1472 1324 1307 600 1640 594 1579 0 584 1882 752 202 482 1417 359 521 1802 519 663 588 1371 1435 1636 516 1559 454 1529 1335 1455 806 1604 878 1285 1643 665 823 1249 1356 805 1858 1454 1620 583 492 779 1148 1704 1756 1611 666 1421 592 883 521 1330 1221 1070 1418 1601 1387 1684 881 1734 884 552 643 804 1507 1435 1466 1347 492 1498 594 1629 482 608 958 399 1414 1385
1304 1155 1138 677 1472 546 1410 584 0 1714 579 745 304 1249 527 247 1634 209 694 664 1203 1266 1468 241 1390 731 1360 1167 1287 532 1435 635 1117 1475 696 549 1081 1188 531 1690 1286 1452 660 314 687 979 1535 1588 1443 493 1252 544 640 109 1162 1053 902 1250 1433 1219 1515 638 1566 641 582 594 529 1339 1267 1297 1178 603 1330 671 1461 559 684 746 325 1245 1217
973 875 1136 1505 795 1634 1079 2046 1878 0 1540 1895 1757 785 1874 1700 1303 1697 1492 1492 919 839 1136 1694 1059 1881 1029 887 1042 1417 759 1277 1052 1143 1494 1434 924 1088 1435 88 955 775 1488 1767 1406 1134 196 231 1111 1582 788 1632 1282 1816 895 1208 1057 1149 1102 935 1184 1281 209 1283 1592 1683 1415 1239 1167 833 898 1753 1230 1498 1130 1598 1512 1207 1778 1145 933
966 817 800 371 1134 185 1072 752 579 1375 0 600 458 911 579 401 1296 398 284 358 865 928 1130 395 1052 586 1022 829 949 404 1097 297 779 1137 286 421 743 850 403 1352 948 1113 354 468 198 641 1197 1250 1104 133 914 183 302 517 824 715 564 911 1095 881 1177 300 1228 303 222 234 401 1001 929 959 840 458 992 365 1123 303 378 408 479 907 879
1321 1173 1155 449 1489 443 1427 202 745 1731 600 0 528 1266 496 567 1651 565 512 437 1220 1283 1485 561 1407 280 1377 1184 1304 786 1453 726 1134 1492 514 802 1098 1205 784 1707 1303 1469 432 538 628 997 1552 1605 1460 514 1270 441 731 683 1179 1070 919 1267 1450 1236 1533 730 1583 732 401 491 783 1356 1284 1314 1195 318 1347 443 1478 331 457 807 445 1263 1234
1183 1035 1017 460 1351 425 1289 482 304 1593 458 528 0 1128 310 126 1513 123 522 448 1082 1145 1347 120 1269 514 1239 1046 1166 411 1315 514 996 1354 524 428 960 1067 410 1569 1165 1331 443 33 566 859 1414 1467 1322 372 1132 423 519 242 1041 932 781 1129 1312 1098 1395 518 1445 520 412 473 408 1218 1146 1176 1057 386 1209 454 1340 342 467 625 108 1125 1096
518 119 380 876 251 1006 625 1417 1249 620 911 1266 1128 0 1245 1071 848 1068 863 863 162 82 682 1065 604 1252 575 130 285 788 214 648 295 689 865 805 192 331 807 597 500 231 859 1138 777 506 442 495 657 954 31 1003 653 1187 138 512 428 393 647 178 730 652 473 654 963 1054 786 482 410 76 142 1124 473 870 675 969 883 578 1149 389 176
1300 1151 1134 428 1468 422 1406 359 527 1709 579 496 310 1245 0 349 1630 346 490 415 1199 1262 1464 343 1386 482 1356 1163 1283 634 1431 705 1113 1471 492 651 1077 1184 633 1686 1282 1447 411 320 606 975 1531 1584 1438 493 1248 420 710 465 1158 1049 898 1245 1429 1215 1511 709 1562 711 380 470 631 1335 1263 1293 1174 354 1326 422 1457 310 435 785 226 1241 1213
1126 977 960 499 1294 367 1232 521 247 1535 401 567 126 1071 349 0 1456 66 516 486 1025 1088 1289 63 1212 553 1182 989 1108 354 1257 457 939 1296 518 370 903 1010 352 1512 1108 1273 482 136 509 801 1357 1410 1264 315 1074 365 462 184 984 874 724 1071 1255 1041 1337 460 1387 463 404 416 351 1161 1089 1119 1000 425 1152 493 1283 381 506 568 146 1067 1039
400 755 1049 1261 935 1391 507 1802 1634 1139 1296 1651 1513 848 1630 1456 0 1453 1248 1248 956 902 354 1450 277 1637 309 766 1079 1173 898 1033 871 571 1250 1190 680 1099 1192 1115 382 914 1244 1523 1162 891 960 1013 391 1339 852 1388 1038 1572 761 964 813 1161 320 973 402 1037 991 1039 1348 1439 1171 1250 1178 897 778 1509 1241 1255 348 1354 1268 963 1534 1157 970
1124 975 958 496 1291 365 1230 519 209 1533 398 565 123 1068 346 66 1453 0 514 484 1022 1086 1287 60 1210 550 1180 986 1106 351 1255 454 936 1294 516 368 900 1007 350 1509 1105 1271 479 133 507 799 1355 1407 1262 312 1072 363 459 146 981 872 721 1069 1252 1038 1335 458 1385 460 402 413 349 1159 1086 1117 998 422 1149 490 1280 378 504 566 144 1065 1036
918 769 752 121 1086 177 1024 663 694 1327 284 512 522 863 490 516 1248 514 0 109 817 880 1082 510 1004 497 974 781 901 389 1049 249 731 1089 36 406 695 802 407 1304 900 1066 104 532 150 593 1149 1202 1057 248 866 174 254 632 776 667 516 864 1047 833 1129 252 1180 255 134 225 386 953 881 911 792 369 944 115 1075 214 129 360 439 859 831
918 770 753 46 1086 251 1025 588 664 1328 358 437 448 863 415 486 1248 484 109 0 817 881 1082 481 1004 422 975 781 901 464 1050 324 731 1089 111 480 695 802 482 1304 900 1066 29 458 225 594 1150 1202 1057 322 867 249 328 602 776 667 516 864 1047 833 1130 327 1180 329 209 299 461 953 881 912 793 294 944 40 1075 139 54 404 364 860 831
627 253 259 830 385 960 733 1371 1203 754 865 1220 1082 162 1199 1025 956 1022 817 817 0 105 790 1019 713 1206 683 264 164 742 348 602 175 797 819 759 326 211 761 731 608 365 813 1092 731 443 576 629 765 908 165 957 607 1141 272 391 382 272 755 58 838 606 607 608 917 1008 740 362 290 210 276 1078 352 824 783 923 837 532 1103 268 56
572 173 323 893 305 1023 679 1435 1266 674 928 1283 1145 82 1262 1088 902 1086 880 881 105 0 736 1083 658 1269 629 184 228 806 268 665 238 743 882 822 245 274 824 651 554 284 876 1155 795 506 496 549 711 971 85 1021 670 1204 192 454 445 335 701 121 784 669 526 671 980 1071 803 425 353 130 196 1141 416 887 729 986 900 595 1166 331 119
234 588 883 1095 768 1224 340 1636 1468 972 1130 1485 1347 682 1464 1289 354 1287 1082 1082 790 736 0 1284 110 1470 143 600 913 1007 732 867 704 405 1084 1024 514 933 1025 948 216 748 1077 1357 996 724 794 846 225 1172 685 1222 872 1405 595 797 647 994 153 806 101 870 824 873 1182 1272 1004 1084 1012 730 611 1342 1075 1088 57 1187 1102 797 1367 990 804
1120 972 955 493 1288 362 1227 516 241 1530 395 561 120 1065 343 63 1450 60 510 481 1019 1083 1284 0 1206 547 1177 983 1103 348 1252 451 933 1291 512 365 897 1004 347 1506 1102 1268 476 130 503 796 1352 1404 1259 309 1069 360 456 179 978 869 718 1066 1249 1035 1332 455 1382 457 399 410 345 1155 1083 1114 995 419 1146 487 1277 375 501 563 141 1062 1033
156 511 806 1017 691 1147 263 1559 1390 895 1052 1407 1269 604 1386 1212 277 1210 1004 1004 713 658 110 1206 0 1393 65 522 835 929 654 789 627 327 1006 946 436 855 948 871 138 670 1000 1279 918 647 716 769 147 1095 608 1145 794 1328 517 720 569 917 76 729 158 793 747 795 1104 1195 927 1006 934 653 534 1265 997 1011 104 1110 1024 719 1290 913 727
1307 1158 1141 435 1475 429 1413 454 731 1716 586 280 514 1252 482 553 1637 550 497 422 1206 1269 1470 547 1393 0 1363 1170 1290 771 1438 712 1120 1478 499 788 1084 1191 770 1693 1289 1454 418 524 613 982 1538 1591 1445 500 1255 427 717 669 1165 1056 905 1252 1436 1222 1518 716 1569 718 386 477 769 1342 1270 1300 1181 304 1333 429 1464 317 442 792 430 1248 1220
127 481 776 987 661 1117 233 1529 1360 865 1022 1377 1239 575 1356 1182 309 1180 974 975 683 629 143 1177 65 1363 0 492 805 900 624 759 597 297 976 916 406 825 918 841 108 641 970 1249 889 617 686 739 118 1065 578 1115 764 1298 487 690 539 887 108 699 190 763 717 765 1074 1165 897 976 904 623 504 1235 967 981 136 1080 994 689 1260 883 697
436 37 482 794 353 923 542 1335 1167 723 829 1184 1046 130 1163 989 766 986 781 781 264 184 600 983 522 1170 492 0 387 706 317 566 397 607 783 723 109 433 725 699 418 333 777 1056 695 423 544 597 575 872 134 921 571 1105 56 497 346 495 565 280 648 570 575 572 881 972 704 584 512 179 59 1042 575 788 593 887 801 496 1067 491 278
749 376 177 914 508 1043 855 1455 1287 877 949 1304 1166 285 1283 1108 1079 1106 901 901 164 228 913 1103 835 1290 805 387 0 826 471 686 298 920 903 843 448 128 844 854 731 487 897 1176 815 360 699 752 888 991 288 1041 691 1224 395 309 420 190 878 181 961 689 729 692 1001 1091 823 279 207 333 398 1162 270 907 906 1006 921 616 1186 185 178
843 695 678 476 1011 370 950 806 532 1253 404 786 411 788 634 354 1173 351 389 464 742 806 1007 348 929 771 900 706 826 0 975 174 656 1014 391 88 620 727 89 1229 825 991 459 421 303 519 1075 1127 982 318 792 368 179 469 701 592 441 789 972 758 1055 178 1105 180 407 419 69 878 806 837 718 643 869 470 1000 488 484 286 432 785 756
568 305 566 1062 81 1192 674 1604 1435 594 1097 1453 1315 214 1431 1257 898 1255 1049 1050 348 268 732 1252 654 1438 624 317 471 975 0 835 481 739 1051 992 378 517 993 571 550 61 1045 1325 964 692 416 469 707 1140 218 1190 840 1373 325 698 615 579 697 365 780 838 446 841 1150 1240 972 669 596 263 328 1310 659 1056 725 1155 1070 765 1335 575 362
703 555 538 336 871 392 809 878 635 1113 297 726 514 648 705 457 1033 454 249 324 602 665 867 451 789 712 759 566 686 174 835 0 516 874 251 191 480 587 193 1089 685 851 319 524 163 379 935 987 842 340 652 389 39 573 561 452 301 649 832 618 915 38 965 40 349 440 172 738 666 697 578 584 729 330 860 429 343 146 535 645 616
541 386 392 744 518 874 647 1285 1117 887 779 1134 996 295 1113 939 871 936 731 731 175 238 704 933 627 1120 597 397 298 656 481 516 0 711 733 673 317 344 675 864 522 498 727 1006 645 374 709 762 679 822 299 871 521 1055 398 447 296 405 669 191 752 520 740 522 831 922 654 495 423 343 409 992 486 738 697 837 751 446 1017 401 189
241 595 890 1102 775 1231 139 1643 1475 979 1137 1492 1354 689 1471 1296 571 1294 1089 1089 797 743 405 1291 327 1478 297 607 920 1014 739 874 711 0 1091 1031 521 940 1032 956 223 755 1085 1364 1003 731 801 854 380 1179 692 1229 879 1412 602 804 654 1001 370 813 452 877 831 880 1189 1279 1011 1091 1019 737 618 1350 1082 1095 398 1194 1109 804 1374 997 811
920 771 754 123 1088 179 1026 665 696 1330 286 514 524 865 492 518 1250 516 36 111 819 882 1084 512 1006 499 976 783 903 391 1051 251 733 1091 0 408 697 804 409 1306 902 1068 106 534 152 595 1151 1204 1059 250 868 176 256 634 778 669 518 866 1049 835 1131 254 1182 257 136 227 389 955 883 913 794 371 946 117 1077 216 131 362 441 861 833
860 712 694 493 1028 387 966 823 549 1270 421 802 428 805 651 370 1190 368 406 480 759 822 1024 365 946 788 916 723 843 88 992 191 673 1031 408 0 637 744 106 1246 842 1008 476 438 320 536 1091 1144 999 335 809 385 196 486 718 609 458 806 989 775 1072 195 1122 197 424 435 85 895 823 853 734 660 886 487 1017 505 500 302 448 802 773
350 98 496 708 414 837 456 1249 1081 760 743 1098 960 192 1077 903 680 900 695 695 326 245 514 897 436 1084 406 109 448 620 378 480 317 521 697 637 0 494 638 736 332 394 691 970 609 337 581 634 489 785 195 835 485 1018 104 411 260 556 479 342 561 483 612 486 795 886 618 646 574 240 121 956 636 701 507 800 715 410 981 552 340
769 422 78 815 554 944 875 1356 1188 923 850 1205 1067 331 1184 1010 1099 1007 802 802 211 274 933 1004 855 1191 825 433 128 727 517 587 344 940 804 744 494 0 745 900 751 533 798 1077 716 262 745 798 908 893 334 942 592 1126 441 210 321 91 898 227 980 591 775 593 902 993 725 180 108 379 445 1063 171 809 926 908 822 517 1088 87 225
862 713 696 495 1029 369 968 805 531 1271 403 784 410 807 633 352 1192 350 407 482 761 824 1025 347 948 770 918 725 844 89 993 193 675 1032 409 106 638 745 0 1247 844 1009 477 420 322 537 1093 1145 1000 317 810 367 197 468 719 610 460 807 991 777 1073 196 1123 198 406 417 87 897 825 855 736 642 887 488 1019 487 502 304 430 803 775
949 852 1113 1481 771 1611 1055 2023 1854 88 1516 1871 1733 761 1850 1676 1279 1674 1468 1469 895 815 1113 1670 1035 1857 1005 863 1018 1394 735 1253 1028 1120 1470 1410 900 1064 1412 0 931 751 1464 1743 1383 1111 172 208 1088 1559 764 1609 1258 1792 871 1184 1033 1126 1078 911 1161 1257 186 1259 1568 1659 1391 1215 1143 809 875 1729 1206 1475 1106 1574 1488 1183 1754 1122 909
52 407 701 913 587 1043 158 1454 1286 790 948 1303 1165 500 1282 1108 382 1105 900 900 608 554 216 1102 138 1289 108 418 731 825 550 685 522 223 902 842 332 751 844 767 0 566 896 1175 814 542 612 665 191 991 504 1040 690 1224 413 616 465 813 181 624 264 689 643 691 1000 1091 823 902 830 549 429 1161 893 907 209 1006 920 615 1186 809 622
584 321 582 1078 97 1208 691 1620 1452 610 1113 1469 1331 231 1447 1273 914 1271 1066 1066 365 284 748 1268 670 1454 641 333 487 991 61 851 498 755 1068 1008 394 533 1009 587 566 0 1061 1341 980 708 432 485 723 1156 234 1206 856 1389 341 714 631 595 713 381 796 854 463 857 1166 1256 988 685 613 279 344 1326 675 1072 741 1171 1086 781 1351 591 379
914 765 748 42 1082 247 1020 583 660 1323 354 432 443 859 411 482 1244 479 104 29 813 876 1077 476 1000 418 970 777 897 459 1045 319 727 1085 106 476 691 798 477 1300 896 1061 0 453 220 589 1145 1198 1052 318 862 245 324 598 772 662 512 859 1043 829 1125 323 1176 325 204 295 457 949 877 907 788 290 940 36 1071 135 49 399 359 855 827
1193 1045 1027 470 1361 435 1299 492 314 1603 468 538 33 1138 320 136 1523 133 532 458 1092 1155 1357 130 1279 524 1249 1056 1176 421 1325 524 1006 1364 534 438 970 1077 420 1579 1175 1341 453 0 576 869 1424 1477 1332 382 1142 433 529 252 1051 942 791 1139 1322 1108 1405 528 1455 530 422 483 418 1228 1156 1186 1067 396 1219 464 1350 352 477 635 118 1135 1106
832 684 667 237 1000 293 939 779 687 1242 198 628 566 777 606 509 1162 507 150 225 731 795 996 503 918 613 889 695 815 303 964 163 645 1003 152 320 609 716 322 1218 814 980 220 576 0 508 1064 1116 971 241 781 291 168 625 690 581 430 778 961 747 1044 167 1094 169 250 341 301 867 795 826 707 485 858 231 989 330 245 275 555 774 745
561 412 212 606 728 736 667 1148 979 970 641 997 859 506 975 801 891 799 593 594 443 506 724 796 647 982 617 423 360 519 692 379 374 731 595 536 337 262 537 946 542 708 589 869 508 0 792 844 699 684 509 734 384 917 418 126 113 323 689 459 772 382 822 385 694 784 516 413 341 554 435 854 403 600 717 699 614 309 879 319 457
795 697 958 1327 617 1456 901 1868 1700 196 1361 1717 1579 606 1695 1521 1125 1519 1314 1314 740 660 958 1516 881 1702 851 709 863 1239 580 1099 874 965 1316 1256 746 909 1257 172 777 596 1309 1589 1228 956 0 70 933 1404 610 1454 1104 1637 717 1029 879 971 923 757 1006 1102 48 1105 1414 1504 1236 1061 988 655 720 1574 1051 1320 951 1419 1334 1029 1599 967 754
847 750 1011 1379 669 1509 953 1921 1752 231 1414 1769 1631 659 1748 1574 1177 1572 1366 1367 793 713 1011 1568 933 1755 903 761 916 1291 633 1151 926 1018 1368 1308 798 962 1310 208 829 649 1362 1641 1280 1009 70 0 986 1457 662 1507 1156 1690 769 1082 931 1024 976 809 1059 1155 84 1157 1466 1557 1289 1113 1041 707 773 1627 1104 1373 1004 1472 1386 1081 1652 1020 807
209 563 858 1070 743 1199 315 1611 1443 947 1104 1460 1322 657 1438 1264 391 1262 1057 1057 765 711 225 1259 147 1445 118 575 888 982 707 842 679 380 1059 999 489 908 1000 923 191 723 1052 1332 971 699 769 821 0 1147 660 1197 847 1380 570 772 622 969 190 781 273 845 799 848 1157 1247 979 1059 987 705 586 1317 1049 1063 218 1162 1077 772 1342 965 779
1009 860 843 335 1176 99 1115 666 493 1418 133 514 372 954 493 315 1339 312 248 322 908 971 1172 309 1095 500 1065 872 991 318 1140 340 822 1179 250 335 785 893 317 1394 991 1156 318 382 241 684 1240 1292 1147 0 957 97 344 431 866 757 607 954 1138 924 1220 343 1270 345 136 148 315 1044 972 1002 883 372 1034 329 1166 217 342 451 393 950 922
522 122 383 879 254 1009 628 1421 1252 624 914 1270 1132 31 1248 1074 852 1072 866 867 165 85 685 1069 608 1255 578 134 288 792 218 652 299 692 868 809 195 334 810 600 504 234 862 1142 781 509 446 498 660 957 0 1007 657 1190 142 515 432 396 651 182 733 655 476 658 967 1057 789 486 413 80 145 1127 476 873 679 972 887 582 1152 392 179
1059 910 893 262 1226 26 1165 592 544 1468 183 441 423 1003 420 365 1388 363 174 249 957 1021 1222 360 1145 427 1115 921 1041 368 1190 389 871 1229 176 385 835 942 367 1444 1040 1206 245 433 291 734 1290 1342 1197 97 1007 0 394 481 916 807 656 1004 1187 973 1270 393 1320 395 63 74 366 1094 1021 1052 933 299 1084 255 1215 144 269 501 368 1000 971
708 560 542 341 876 396 814 883 640 1118 302 731 519 653 710 462 1038 459 254 328 607 670 872 456 794 717 764 571 691 179 840 39 521 879 256 196 485 592 197 1094 690 856 324 529 168 384 939 992 847 344 657 394 0 578 566 457 306 654 837 623 920 43 970 45 354 445 177 743 671 701 582 589 734 335 865 434 348 150 540 650 621
1242 1093 1076 615 1410 483 1348 521 109 1651 517 683 242 1187 465 184 1572 146 632 602 1141 1204 1405 179 1328 669 1298 1105 1224 469 1373 573 1055 1412 634 486 1018 1126 468 1628 1224 1389 598 252 625 917 1473 1526 1380 431 1190 481 578 0 1099 990 840 1187 1371 1157 1453 576 1503 579 520 532 467 1277 1205 1235 1116 540 1267 608 1399 497 622 684 262 1183 1155
431 45 490 789 361 918 537 1330 1162 731 824 1179 1041 138 1158 984 761 981 776 776 272 192 595 978 517 1165 487 56 395 701 325 561 398 602 778 718 104 441 719 707 413 341 772 1051 690 418 552 605 570 866 142 916 566 1099 0 492 341 503 560 288 642 564 583 567 876 966 699 592 520 187 68 1037 583 782 588 881 796 491 1062 499 286
634 485 160 680 734 809 740 1221 1053 1043 715 1070 932 512 1049 874 964 872 667 667 391 454 797 869 720 1056 690 497 309 592 698 452 447 804 669 609 411 210 610 1020 616 714 662 942 581 126 865 918 772 757 515 807 457 990 492 0 186 271 763 407 845 455 895 458 767 857 589 361 289 560 508 927 352 673 791 772 687 382 952 267 405
483 335 272 529 651 659 589 1070 902 893 564 919 781 428 898 724 813 721 516 516 382 445 647 718 569 905 539 346 420 441 615 301 296 654 518 458 260 321 460 869 465 631 512 791 430 113 714 767 622 607 432 656 306 840 341 186 0 383 612 398 695 305 745 307 616 707 439 473 401 476 357 777 463 523 640 622 536 231 802 379 396
831 483 139 876 615 1006 937 1418 1250 985 911 1267 1129 393 1245 1071 1161 1069 864 864 272 335 994 1066 917 1252 887 495 190 789 579 649 405 1001 866 806 556 91 807 961 813 595 859 1139 778 323 807 859 969 954 396 1004 654 1187 503 271 383 0 960 288 1042 652 837 655 964 1054 786 120 48 441 506 1124 110 870 988 969 884 579 1149 26 286
199 554 848 1060 733 1189 305 1601 1433 937 1095 1450 1312 647 1429 1255 320 1252 1047 1047 755 701 153 1249 76 1436 108 565 878 972 697 832 669 370 1049 989 479 898 991 914 181 713 1043 1322 961 689 759 812 190 1138 651 1187 837 1371 560 763 612 960 0 771 201 836 790 838 1147 1238 970 1049 977 695 576 1308 1040 1054 146 1153 1067 762 1333 955 769
643 269 275 846 401 976 749 1387 1219 771 881 1236 1098 178 1215 1041 973 1038 833 833 58 121 806 1035 729 1222 699 280 181 758 365 618 191 813 835 775 342 227 777 747 624 381 829 1108 747 459 592 645 781 924 182 973 623 1157 288 407 398 288 771 0 854 622 623 624 933 1024 756 378 306 226 292 1094 369 840 799 939 853 548 1119 284 72
282 636 931 1142 816 1272 388 1684 1515 1020 1177 1533 1395 730 1511 1337 402 1335 1129 1130 838 784 101 1332 158 1518 190 648 961 1055 780 915 752 452 1131 1072 561 980 1073 996 264 796 1125 1405 1044 772 842 894 273 1220 733 1270 920 1453 642 845 695 1042 201 854 0 918 872 921 1230 1320 1052 1132 1060 778 659 1390 1122 1136 105 1235 1150 845 1415 1038 852
707 558 541 340 875 395 813 881 638 1116 300 730 518 652 709 460 1037 458 252 327 606 669 870 455 793 716 763 570 689 178 838 38 520 877 254 195 483 591 196 1093 689 854 323 528 167 382 938 991 845 343 655 393 43 576 564 455 305 652 836 622 918 0 968 44 353 443 175 742 670 700 581 588 732 333 864 432 347 149 538 648 620
825 728 989 1357 647 1487 931 1898 1730 209 1392 1747 1609 637 1726 1552 1155 1549 1344 1344 771 691 989 1546 911 1733 881 739 894 1269 611 1129 904 996 1346 1286 776 940 1288 186 807 627 1340 1619 1258 986 48 84 964 1435 640 1484 1134 1668 747 1060 909 1001 954 787 1036 1133 0 1135 1444 1535 1267 1091 1019 685 750 1605 1082 1351 982 1450 1364 1059 1630 997 785
709 561 543 342 877 397 815 884 641 1119 303 732 520 654 711 463 1039 460 255 329 608 671 873 457 795 718 765 572 692 180 841 40 522 880 257 197 486 593 198 1095 691 857 325 530 169 385 940 993 848 345 658 395 45 579 567 458 307 655 838 624 921 44 971 0 355 446 178 744 672 702 583 590 735 336 866 435 349 151 541 651 622
1018 870 852 221 1186 65 1124 552 582 1428 222 401 412 963 380 404 1348 402 134 209 917 980 1182 399 1104 386 1074 881 1001 407 1150 349 831 1189 136 424 795 902 406 1404 1000 1166 204 422 250 694 1249 1302 1157 136 967 63 354 520 876 767 616 964 1147 933 1230 353 1280 355 0 113 405 1053 981 1011 892 258 1044 215 1175 103 229 460 328 960 931
1109 960 943 312 1277 76 1215 643 594 1518 234 491 473 1054 470 416 1439 413 225 299 1008 1071 1272 410 1195 477 1165 972 1091 419 1240 440 922 1279 227 435 886 993 417 1495 1091 1256 295 483 341 784 1340 1393 1247 148 1057 74 445 532 966 857 707 1054 1238 1024 1320 443 1370 446 113 0 416 1144 1072 1102 983 349 1135 306 1266 194 319 551 419 1050 1022
841 692 675 474 1009 368 947 804 529 1250 401 783 408 786 631 351 1171 349 386 461 740 803 1004 345 927 769 897 704 823 69 972 172 654 1011 389 85 618 725 87 1227 823 988 457 418 301 516 1072 1125 979 315 789 366 177 467 699 589 439 786 970 756 1052 175 1102 178 405 416 0 876 804 834 715 641 867 467 998 485 481 283 429 782 754
920 573 229 966 705 1096 1026 1507 1339 1075 1001 1356 1218 482 1335 1161 1250 1159 953 953 362 425 1084 1155 1006 1342 976 584 279 878 669 738 495 1091 955 895 646 180 897 1051 902 685 949 1228 867 413 896 949 1059 1044 486 1094 743 1277 592 361 473 120 1049 378 1132 742 927 744 1053 1144 876 0 137 530 596 1214 76 960 1077 1059 973 668 1239 116 376
848 501 157 894 633 1024 954 1435 1267 1002 929 1284 1146 410 1263 1089 1178 1086 881 881 290 353 1012 1083 934 1270 904 512 207 806 596 666 423 1019 883 823 574 108 825 979 830 613 877 1156 795 341 824 877 987 972 413 1021 671 1205 520 289 401 48 977 306 1060 670 855 672 981 1072 804 137 0 458 524 1142 128 888 1005 987 901 596 1167 44 304
567 167 428 924 299 1054 673 1466 1297 669 959 1314 1176 76 1293 1119 897 1117 911 912 210 130 730 1114 653 1300 623 179 333 837 263 697 343 737 913 853 240 379 855 645 549 279 907 1186 826 554 490 543 705 1002 80 1052 701 1235 187 560 476 441 695 226 778 700 521 702 1011 1102 834 530 458 0 190 1172 521 918 723 1017 932 626 1197 437 224
448 48 493 805 364 935 554 1347 1178 734 840 1195 1057 142 1174 1000 778 998 792 793 276 196 611 995 534 1181 504 59 398 718 328 578 409 618 794 734 121 445 736 710 429 344 788 1067 707 435 556 608 586 883 145 933 582 1116 68 508 357 506 576 292 659 581 586 583 892 983 715 596 524 190 0 1053 586 799 604 898 812 507 1078 502 290
1179 1030 1013 307 1347 301 1285 492 603 1588 458 318 386 1124 354 425 1509 422 369 294 1078 1141 1342 419 1265 304 1235 1042 1162 643 1310 584 992 1350 371 660 956 1063 642 1565 1161 1326 290 396 485 854 1410 1463 1317 372 1127 299 589 540 1037 927 777 1124 1308 1094 1390 588 1440 590 258 349 641 1214 1142 1172 1053 0 1205 301 1336 189 314 664 302 1120 1092
911 564 220 957 696 1086 1017 1498 1330 1065 992 1347 1209 473 1326 1152 1241 1149 944 944 352 416 1075 1146 997 1333 967 575 270 869 659 729 486 1082 946 886 636 171 887 1042 893 675 940 1219 858 403 887 940 1049 1034 476 1084 734 1267 583 352 463 110 1040 369 1122 732 917 735 1044 1135 867 76 128 521 586 1205 0 950 1068 1049 964 659 1230 106 367
925 776 759 53 1092 257 1031 594 671 1334 365 443 454 870 422 493 1255 490 115 40 824 887 1088 487 1011 429 981 788 907 470 1056 330 738 1095 117 487 701 809 488 1311 907 1072 36 464 231 600 1156 1209 1063 329 873 255 335 608 782 673 523 870 1054 840 1136 333 1186 336 215 306 467 960 888 918 799 301 950 0 1082 146 60 410 370 866 838
227 582 876 1088 761 1217 333 1629 1461 965 1123 1478 1340 675 1457 1283 348 1280 1075 1075 783 729 57 1277 104 1464 136 593 906 1000 725 860 697 398 1077 1017 507 926 1019 942 209 741 1071 1350 989 717 787 840 218 1166 679 1215 865 1399 588 791 640 988 146 799 105 864 818 866 1175 1266 998 1077 1005 723 604 1336 1068 1082 0 1181 1095 790 1361 983 797
1024 875 858 152 1191 146 1130 482 559 1433 303 331 342 969 310 381 1354 378 214 139 923 986 1187 375 1110 317 1080 887 1006 488 1155 429 837 1194 216 505 800 908 487 1410 1006 1171 135 352 330 699 1255 1308 1162 217 972 144 434 497 881 772 622 969 1153 939 1235 432 1285 435 103 194 485 1059 987 1017 898 189 1049 146 1181 0 159 509 258 965 937
938 790 773 66 1106 271 1044 608 684 1348 378 457 467 883 435 506 1268 504 129 54 837 900 1102 501 1024 442 994 801 921 484 1070 343 751 1109 131 500 715 822 502 1324 920 1086 49 477 245 614 1169 1222 1077 342 887 269 348 622 796 687 536 884 1067 853 1150 347 1200 349 229 319 481 973 901 932 812 314 964 60 1095 159 0 424 384 880 851
633 485 467 416 801 503 739 958 746 1043 408 807 625 578 785 568 963 566 360 404 532 595 797 563 719 792 689 496 616 286 765 146 446 804 362 302 410 517 304 1019 615 781 399 635 275 309 864 917 772 451 582 501 150 684 491 382 231 579 762 548 845 149 895 151 460 551 283 668 596 626 507 664 659 410 790 509 424 0 646 575 546
1204 1055 1038 376 1372 370 1310 399 325 1613 479 445 108 1149 226 146 1534 144 439 364 1103 1166 1367 141 1290 430 1260 1067 1186 432 1335 535 1017 1374 441 448 981 1088 430 1590 1186 1351 359 118 555 879 1435 1488 1342 393 1152 368 540 262 1062 952 802 1149 1333 1119 1415 538 1465 541 328 419 429 1239 1167 1197 1078 302 1230 370 1361 258 384 646 0 1145 1117
827 479 135 872 611 1002 933 1414 1245 981 907 1263 1125 389 1241 1067 1157 1065 859 860 268 331 990 1062 913 1248 883 491 185 785 575 645 401 997 861 802 552 87 803 957 809 591 855 1135 774 319 803 855 965 950 392 1000 650 1183 499 267 379 26 955 284 1038 648 833 651 960 1050 782 116 44 437 502 1120 106 866 983 965 880 575 1145 0 282
641 267 273 844 399 974 747 1385 1217 768 879 1234 1096 176 1213 1039 970 1036 831 831 56 119 804 1033 727 1220 697 278 178 756 362 616 189 811 833 773 340 225 775 745 622 379 827 1106 745 457 590 643 779 922 179 971 621 1155 286 405 396 286 769 72 852 620 621 622 931 1022 754 376 304 224 290 1092 367 838 797 937 851 546 1117 282 0
EOF
