NAME : tsp_problem
TYPE : TSP
DIMENSION : 82
EDGE_WEIGHT_TYPE : EXPLICIT
EDGE_WEIGHT_FORMAT : FULL_MATRIX
EDGE_WEIGHT_SECTION
0 1453 1518 268 1309 1120 134 294 1148 1310 1293 1168 427 539 1413 289 337 701 368 1606 1633 844 1470 698 1501 1067 1313 1707 262 1348 1324 456 1350 1706 1754 788 404 1411 391 1561 1028 319 1682 823 1555 1259 350 1183 1608 44 1288 650 1458 45 1568 1685 679 1229 463 1189 1337 1651 350 374 1334 1476 1368 1431 1035 998 780 774 536 612 1190 852 1016 1437 332 1216 1523 496
1453 0 613 1311 890 700 1552 1392 416 579 562 436 1051 1014 613 1397 1349 1379 1109 224 251 837 602 1377 595 647 736 801 1306 257 233 1354 778 324 848 781 1282 991 1269 180 609 1362 777 894 173 682 1478 452 703 1448 557 1127 590 1476 662 779 872 652 1097 458 760 745 1170 1251 757 94 277 197 615 578 931 937 1016 958 613 846 596 203 1210 797 288 982
1730 824 0 1588 911 977 1828 1668 693 570 591 713 1327 1290 506 1674 1625 1656 1386 977 1004 1113 495 1653 318 924 731 269 1582 719 695 1631 773 1077 316 1058 1558 1012 1545 932 885 1639 245 1171 925 698 1754 697 171 1724 592 1404 483 1752 130 247 1149 727 1374 693 754 213 1446 1527 752 847 739 802 892 855 1208 1214 1292 1235 766 1122 873 808 1486 907 894 1259
268 1311 1376 0 1167 978 379 429 1005 1168 1151 1026 285 397 1271 435 386 662 226 1464 1491 701 1328 659 1359 925 1171 1564 106 1206 1182 392 1208 1564 1612 646 319 1268 249 1419 886 110 1540 681 1412 1117 515 1041 1466 262 1146 507 1315 290 1426 1543 537 1087 321 1047 1195 1509 207 231 1192 1334 1226 1289 893 855 638 632 394 470 1048 710 874 1295 190 1074 1381 354
1309 890 700 1167 0 213 1408 1248 548 385 406 530 907 870 467 1253 1205 1235 965 1043 1070 693 523 1232 682 272 205 888 1162 785 760 1210 162 1143 935 637 1138 126 1125 998 310 1218 864 750 991 259 1334 513 790 1304 408 983 511 1331 749 866 728 288 953 509 180 832 1026 1107 184 912 805 868 304 340 787 793 872 814 327 702 322 874 1066 118 959 838
1120 700 765 978 213 0 1218 1058 394 477 498 414 717 680 558 1064 1015 1045 776 853 880 503 615 1043 748 82 296 953 972 595 571 1021 254 953 1001 447 948 315 935 808 120 1029 929 560 801 351 1144 430 855 1114 500 793 602 1142 815 932 538 380 764 436 272 898 836 917 275 722 615 678 114 150 597 603 682 624 419 512 133 684 876 120 769 648
134 1552 1617 379 1408 1218 0 182 1246 1408 1391 1266 525 637 1511 177 226 589 466 1704 1731 848 1568 587 1599 1165 1411 1805 373 1447 1422 344 1448 1804 1852 886 293 1509 502 1659 1126 430 1781 791 1653 1357 238 1281 1707 140 1386 551 1556 112 1666 1783 778 1327 562 1287 1435 1749 406 485 1432 1574 1466 1530 1133 1096 748 742 634 710 1288 835 1114 1536 443 1314 1621 594
294 1392 1457 429 1248 1058 182 0 1086 1248 1231 1106 365 477 1352 41 66 460 307 1544 1571 688 1408 457 1439 1005 1251 1645 424 1287 1262 184 1288 1645 1692 726 133 1349 387 1500 966 480 1621 631 1493 1197 109 1121 1547 300 1227 391 1396 272 1506 1623 618 1167 402 1127 1275 1589 247 369 1273 1414 1306 1370 973 936 588 582 474 550 1128 675 954 1376 328 1154 1461 434
1148 416 481 1005 548 394 1246 1086 0 185 168 42 745 708 288 1091 1043 1073 803 569 596 531 344 1071 464 341 367 669 1000 311 287 1049 409 669 717 475 976 649 963 524 303 1056 645 588 517 335 1172 58 571 1142 163 821 332 1170 531 648 566 346 791 64 391 614 864 945 389 439 331 394 309 272 625 631 710 652 307 540 290 400 904 491 486 676
1310 579 358 1168 385 477 1408 1248 185 0 65 167 908 870 125 1254 1205 1236 966 731 758 693 182 1233 341 504 205 546 1162 474 449 1211 247 832 594 638 1138 487 1125 687 465 1219 522 751 680 172 1334 149 448 1304 67 984 169 1332 408 525 729 201 954 146 229 491 1027 1108 226 601 493 557 472 435 788 794 873 815 240 702 453 563 1066 381 648 839
1293 562 379 1151 406 498 1391 1231 168 65 0 150 891 853 146 1237 1188 1219 949 714 741 677 203 1216 362 487 226 567 1145 457 432 1194 268 815 615 621 1121 508 1108 670 448 1202 543 734 663 193 1317 132 469 1287 88 967 190 1315 429 546 712 222 937 129 250 512 1010 1091 247 584 476 540 455 418 771 777 856 798 261 685 436 546 1049 402 631 822
1168 436 501 1026 530 414 1266 1106 42 167 150 0 765 728 270 1112 1063 1093 824 589 616 551 327 1091 484 362 350 689 1020 331 307 1069 392 689 737 495 996 631 983 544 323 1076 665 608 538 317 1192 62 591 1162 145 841 314 1190 551 668 586 346 812 68 374 634 884 965 371 459 351 414 329 292 645 651 730 672 327 560 310 420 924 511 506 696
427 1051 1116 285 907 717 525 365 745 908 891 765 0 188 1011 371 322 598 83 1204 1231 441 1067 595 1098 664 910 1304 279 946 921 328 947 1304 1351 385 255 1008 242 1159 626 336 1280 498 1152 856 451 781 1206 421 886 444 1055 449 1166 1282 277 826 146 787 934 1248 144 224 932 1073 966 1029 632 595 463 457 190 209 787 450 613 1035 183 813 1120 94
539 1014 1079 397 870 680 637 477 708 870 853 728 188 0 974 483 434 663 195 1166 1193 330 1030 661 1061 627 873 1267 391 909 884 440 910 1267 1314 274 367 971 354 1122 588 448 1243 387 1115 819 563 743 1169 533 849 412 1018 561 1128 1245 165 789 108 749 897 1211 256 336 895 1036 928 992 595 558 424 418 79 98 750 338 576 998 295 776 1083 132
1413 613 294 1271 467 558 1511 1352 288 125 146 270 1011 974 0 1357 1309 1339 1069 765 792 797 118 1336 277 607 286 482 1265 508 483 1314 328 865 529 741 1242 568 1228 720 568 1322 458 854 714 254 1438 253 384 1407 148 1087 105 1435 344 461 832 283 1057 249 310 427 1130 1211 308 635 527 591 575 538 891 897 976 918 322 806 556 596 1170 462 682 942
289 1397 1462 435 1253 1064 177 41 1091 1254 1237 1112 371 483 1357 0 71 454 312 1550 1577 693 1414 452 1445 1011 1257 1650 429 1292 1268 190 1294 1650 1698 732 138 1354 392 1505 972 486 1626 636 1499 1203 103 1127 1552 295 1232 397 1401 266 1512 1629 623 1173 407 1133 1281 1595 252 374 1278 1420 1312 1375 979 941 593 588 480 556 1134 681 960 1381 333 1160 1467 440
337 1349 1414 386 1205 1015 226 66 1043 1205 1188 1063 322 434 1309 71 0 502 264 1501 1528 645 1365 499 1396 962 1208 1602 381 1244 1219 141 1245 1602 1649 683 90 1306 344 1457 923 437 1578 588 1450 1154 152 1078 1504 343 1184 348 1353 315 1463 1580 575 1124 359 1084 1232 1546 204 326 1230 1371 1263 1327 930 893 545 539 431 507 1085 632 911 1333 285 1111 1418 391
701 1379 1444 662 1235 1045 589 460 1073 1236 1219 1093 598 663 1339 454 502 0 539 1532 1559 569 1396 30 1427 992 1238 1632 656 1274 1250 508 1275 1632 1679 623 435 1336 619 1487 954 712 1608 512 1480 1185 375 1109 1534 707 1214 272 1383 678 1494 1611 682 1154 579 1115 1262 1577 479 601 1260 1401 1294 1357 960 923 469 463 660 737 1115 556 941 1363 560 1142 1448 667
368 1109 1174 226 965 776 466 307 803 966 949 824 83 195 1069 312 264 539 0 1262 1289 499 1126 536 1157 723 969 1362 220 1004 980 269 1006 1362 1410 444 196 1066 183 1217 684 277 1338 479 1210 915 392 839 1264 362 944 385 1113 390 1224 1341 335 885 119 845 993 1307 85 166 990 1132 1024 1087 691 653 436 430 192 268 846 508 672 1093 124 872 1179 152
1606 224 765 1464 1043 853 1704 1544 569 731 714 589 1204 1166 765 1550 1501 1532 1262 0 55 990 755 1529 748 800 888 954 1458 410 385 1507 930 270 1001 934 1434 1144 1421 270 761 1515 929 1047 119 834 1630 604 855 1600 710 1280 742 1628 815 932 1025 804 1250 610 912 898 1323 1404 910 247 430 350 768 731 1084 1090 1169 1111 765 998 749 356 1362 949 441 1135
1633 251 793 1491 1070 880 1731 1571 596 758 741 616 1231 1193 792 1577 1528 1559 1289 55 0 1017 782 1556 775 827 915 981 1485 437 412 1534 957 297 1028 961 1461 1171 1448 297 788 1542 956 1074 146 861 1657 631 882 1627 737 1307 769 1655 842 959 1052 831 1277 637 939 925 1350 1431 937 274 457 377 795 758 1111 1117 1196 1138 792 1025 776 383 1389 976 468 1162
844 837 902 701 693 503 848 688 531 693 677 551 441 330 797 693 645 569 499 990 1017 0 853 566 884 450 696 1090 696 732 707 650 733 1090 1137 97 578 794 659 945 412 752 1066 87 938 642 771 567 992 838 672 317 841 866 951 1068 188 612 413 573 720 1034 560 641 718 859 752 815 418 381 121 127 332 274 573 131 399 821 600 599 906 384
1470 602 284 1328 523 615 1568 1408 344 182 203 327 1067 1030 118 1414 1365 1396 1126 755 782 853 0 1393 266 664 343 472 1322 497 472 1371 385 855 519 798 1298 624 1285 710 625 1379 448 911 703 310 1494 309 374 1464 205 1144 95 1492 333 450 889 339 1114 305 367 416 1186 1267 364 624 517 580 632 595 948 954 1033 975 378 862 613 586 1226 519 671 999
698 1377 1442 659 1232 1043 587 457 1071 1233 1216 1091 595 661 1336 452 499 30 536 1529 1556 566 1393 0 1424 990 1236 1630 653 1272 1247 505 1273 1629 1677 620 432 1334 616 1484 951 710 1606 509 1478 1182 372 1106 1531 704 1211 270 1381 676 1491 1608 679 1152 577 1112 1260 1574 476 599 1257 1399 1291 1355 958 921 466 461 658 735 1113 554 939 1360 557 1139 1446 664
1501 595 107 1359 682 748 1599 1439 464 341 362 484 1098 1061 277 1445 1396 1427 1157 748 775 884 266 1424 0 695 502 295 1353 490 466 1402 544 848 342 829 1329 783 1316 703 656 1410 271 942 697 469 1525 468 197 1495 364 1175 254 1523 157 273 920 498 1145 464 526 239 1218 1298 523 618 510 573 663 626 979 985 1064 1006 537 893 644 579 1257 678 665 1030
1067 647 712 925 272 82 1165 1005 341 504 487 362 664 627 607 1011 962 992 723 800 827 450 664 990 695 0 355 900 919 542 518 968 312 900 948 395 895 373 882 755 68 976 876 508 749 409 1091 377 802 1061 482 741 651 1089 762 879 486 423 711 383 330 845 783 864 334 670 562 625 62 97 545 550 629 571 384 459 80 631 823 179 717 595
1313 736 519 1171 205 296 1411 1251 367 205 226 350 910 873 286 1257 1208 1238 969 888 915 696 343 1236 502 355 0 707 1165 631 606 1214 101 988 754 641 1141 306 1128 843 393 1222 683 753 837 79 1337 332 609 1307 228 987 330 1335 569 686 731 108 957 328 118 652 1029 1110 122 758 650 714 387 423 791 796 875 817 147 705 405 720 1069 201 805 841
1871 965 467 1729 1052 1118 1969 1809 834 711 732 854 1468 1431 647 1815 1766 1797 1527 1118 1145 1254 636 1794 459 1065 872 0 1723 860 836 1772 914 1218 84 1199 1699 1153 1686 1073 1026 1780 118 1312 1066 839 1895 838 117 1865 733 1545 624 1893 157 116 1290 868 1515 834 895 138 1587 1668 893 988 880 943 1033 996 1349 1355 1433 1376 907 1263 1014 949 1627 1048 1035 1400
262 1306 1371 106 1162 972 373 424 1000 1162 1145 1020 279 391 1265 429 381 656 220 1458 1485 696 1322 653 1353 919 1165 1559 0 1201 1176 386 1202 1558 1606 640 313 1263 243 1413 880 115 1535 675 1407 1111 509 1035 1460 257 1140 502 1310 284 1420 1537 532 1081 316 1041 1189 1503 202 226 1186 1328 1220 1284 887 850 632 626 388 464 1042 705 868 1289 185 1068 1375 348
1348 257 508 1206 785 595 1447 1287 311 474 457 331 946 909 508 1292 1244 1274 1004 410 437 732 497 1272 490 542 631 696 1201 0 110 1249 673 510 743 676 1177 886 1164 365 504 1257 672 789 359 577 1373 347 598 1343 452 1022 485 1371 557 674 767 547 992 353 655 640 1065 1146 652 280 63 235 510 473 826 832 911 853 508 741 491 241 1105 692 327 877
1324 233 483 1182 760 571 1422 1262 287 449 432 307 921 884 483 1268 1219 1250 980 385 412 707 472 1247 466 518 606 671 1176 110 0 1225 648 486 719 652 1152 861 1139 341 479 1233 647 765 334 552 1348 322 573 1318 427 998 460 1346 533 650 743 522 968 328 630 616 1040 1121 627 255 88 211 486 449 802 807 886 828 483 716 467 217 1080 667 302 853
456 1354 1419 392 1210 1021 344 184 1049 1211 1194 1069 328 440 1314 190 141 508 269 1507 1534 650 1371 505 1402 968 1214 1608 386 1249 1225 0 1251 1607 1655 689 95 1311 349 1462 929 443 1583 594 1456 1160 270 1084 1509 462 1189 354 1358 433 1469 1586 580 1130 364 1090 1238 1552 209 331 1235 1377 1269 1332 936 899 551 545 437 513 1091 638 917 1338 290 1117 1424 397
1350 778 561 1208 162 254 1448 1288 409 247 268 392 947 910 328 1294 1245 1275 1006 930 957 733 385 1273 544 312 101 749 1202 673 648 1251 0 1030 796 678 1178 264 1165 885 351 1259 725 790 879 121 1374 374 651 1344 270 1024 372 1372 611 728 768 150 994 370 76 694 1066 1147 79 800 692 756 344 380 828 833 912 854 189 742 363 761 1106 158 847 878
1706 324 866 1564 1143 953 1804 1645 669 832 815 689 1304 1267 865 1650 1602 1632 1362 270 297 1090 855 1629 848 900 988 1054 1558 510 486 1607 1030 0 1101 1034 1534 1244 1521 370 861 1615 1030 1147 219 935 1731 705 956 1700 810 1380 843 1728 915 1032 1125 904 1350 711 1012 998 1423 1504 1010 347 530 450 868 831 1184 1190 1269 1211 865 1099 849 456 1463 1049 541 1235
1918 1013 514 1776 1099 1165 2016 1856 881 758 779 901 1516 1478 694 1862 1813 1844 1574 1165 1192 1302 683 1841 507 1112 919 84 1770 908 883 1819 961 1265 0 1246 1746 1201 1733 1120 1073 1827 108 1359 1114 886 1942 885 164 1912 781 1592 671 1940 204 106 1337 915 1562 882 943 176 1635 1716 940 1035 927 990 1080 1043 1396 1402 1481 1423 954 1310 1061 996 1674 1095 1082 1447
788 781 846 646 637 447 886 726 475 638 621 495 385 274 741 732 683 623 444 934 961 97 798 620 829 395 641 1034 640 676 652 689 678 1034 1082 0 616 738 603 889 356 697 1010 141 882 587 812 511 936 782 616 371 785 810 896 1013 132 556 357 517 664 979 504 585 662 803 696 759 362 325 175 181 276 218 517 106 343 765 544 544 850 329
404 1282 1347 319 1138 948 293 133 976 1138 1121 996 255 367 1242 138 90 435 196 1434 1461 578 1298 432 1329 895 1141 1535 313 1177 1152 95 1178 1534 1582 616 0 1239 276 1390 856 370 1511 521 1383 1087 219 1011 1437 410 1116 281 1286 382 1396 1513 508 1057 292 1017 1165 1479 136 259 1162 1304 1196 1260 863 826 478 472 364 440 1018 565 844 1266 218 1044 1351 324
1411 991 801 1268 126 315 1509 1349 649 487 508 631 1008 971 568 1354 1306 1336 1066 1144 1171 794 624 1334 783 373 306 989 1263 886 861 1311 264 1244 1036 738 1239 0 1226 1099 411 1319 965 851 1092 361 1435 614 891 1405 509 1084 612 1433 850 967 829 390 1054 610 282 933 1127 1208 285 1013 906 969 405 441 888 894 973 915 429 803 424 975 1167 219 1060 939
391 1269 1334 249 1125 935 502 387 963 1125 1108 983 242 354 1228 392 344 619 183 1421 1448 659 1285 616 1316 882 1128 1522 243 1164 1139 349 1165 1521 1569 603 276 1226 0 1376 843 300 1498 638 1370 1074 473 998 1424 385 1103 465 1273 413 1383 1500 495 1044 279 1004 1152 1466 165 43 1149 1291 1183 1247 850 813 595 589 351 427 1005 668 831 1253 86 1031 1338 311
1561 180 721 1419 998 808 1659 1500 524 687 670 544 1159 1122 720 1505 1457 1487 1217 270 297 945 710 1484 703 755 843 909 1413 365 341 1462 885 370 956 889 1390 1099 1376 0 716 1470 885 1002 219 790 1586 560 811 1555 665 1235 698 1583 770 887 980 759 1205 566 867 853 1278 1359 865 202 385 305 723 686 1039 1045 1124 1066 720 954 704 311 1318 904 396 1090
1028 609 674 886 310 120 1126 966 303 465 448 323 626 588 568 972 923 954 684 761 788 412 625 951 656 68 393 862 880 504 479 929 351 861 909 356 856 411 843 716 0 937 838 469 710 414 1052 338 764 1022 443 702 613 1050 723 840 447 384 672 344 368 806 745 826 372 631 523 587 51 87 506 512 591 533 345 420 70 593 784 217 678 557
319 1362 1427 110 1218 1029 430 480 1056 1219 1202 1076 336 448 1322 486 437 712 277 1515 1542 752 1379 710 1410 976 1222 1615 115 1257 1233 443 1259 1615 1663 697 370 1319 300 1470 937 0 1591 732 1463 1168 566 1092 1517 313 1197 558 1366 341 1477 1594 588 1138 372 1098 1246 1560 258 282 1243 1385 1277 1340 943 906 689 683 445 521 1098 761 925 1346 241 1125 1431 405
1847 941 442 1705 1028 1094 1945 1785 810 687 708 830 1444 1407 622 1791 1742 1772 1503 1094 1121 1230 612 1770 435 1041 847 118 1699 836 812 1748 889 1194 108 1174 1675 1129 1662 1049 1002 1756 0 1287 1042 815 1871 814 93 1841 709 1521 600 1869 133 141 1265 844 1491 810 871 113 1563 1644 869 963 856 919 1008 971 1325 1330 1409 1351 883 1239 990 925 1603 1023 1010 1375
823 894 959 681 750 560 791 631 588 751 734 608 498 387 854 636 588 512 479 1047 1074 87 911 509 942 508 753 1147 675 789 765 594 790 1147 1194 141 521 851 638 1002 469 732 1123 0 995 700 714 624 1049 817 729 260 898 845 1009 1126 245 669 383 630 777 1092 539 620 775 916 809 872 475 438 64 70 389 331 630 75 456 878 579 657 963 442
1555 173 714 1412 991 801 1653 1493 517 680 663 538 1152 1115 714 1499 1450 1480 1210 119 146 938 703 1478 697 749 837 902 1407 359 334 1456 879 219 949 882 1383 1092 1370 219 710 1463 878 995 0 783 1579 553 804 1549 658 1228 691 1577 764 880 973 753 1198 559 861 847 1271 1352 858 195 378 298 716 679 1032 1038 1117 1059 714 947 697 304 1311 898 390 1083
1259 682 487 1117 259 351 1357 1197 335 172 193 317 856 819 254 1203 1154 1185 915 834 861 642 310 1182 469 409 79 675 1111 577 552 1160 121 935 722 587 1087 361 1074 790 414 1168 651 700 783 0 1283 300 577 1253 195 933 298 1281 536 653 678 75 903 296 103 619 975 1056 100 704 596 660 421 384 737 743 822 764 114 651 402 666 1015 255 751 788
350 1478 1543 515 1334 1144 238 109 1172 1334 1317 1192 451 563 1438 103 152 375 392 1630 1657 771 1494 372 1525 1091 1337 1731 509 1373 1348 270 1374 1731 1778 812 219 1435 473 1586 1052 566 1707 714 1579 1283 0 1207 1633 356 1313 474 1482 327 1592 1709 704 1253 488 1213 1361 1675 333 455 1358 1500 1392 1456 1059 1022 671 665 560 636 1214 758 1040 1462 414 1240 1547 520
1183 452 486 1041 513 430 1281 1121 58 149 132 62 781 743 253 1127 1078 1109 839 604 631 567 309 1106 468 377 332 674 1035 347 322 1084 374 705 721 511 1011 614 998 560 338 1092 650 624 553 300 1207 0 576 1177 128 857 297 1205 535 652 602 329 827 84 356 618 900 981 354 474 366 430 345 308 661 667 746 688 342 575 326 436 939 508 521 712
1773 867 368 1631 954 1019 1871 1711 735 612 633 756 1370 1333 548 1717 1668 1698 1429 1020 1047 1156 538 1696 361 967 773 117 1625 762 737 1674 815 1120 164 1100 1601 1055 1588 975 928 1681 93 1213 968 741 1797 740 0 1767 635 1446 525 1795 64 95 1191 770 1416 736 797 61 1489 1570 795 889 782 845 934 897 1250 1256 1335 1277 809 1165 915 851 1529 949 936 1301
44 1448 1513 262 1304 1114 140 300 1142 1304 1287 1162 421 533 1407 295 343 707 362 1600 1627 838 1464 704 1495 1061 1307 1701 257 1343 1318 462 1344 1700 1748 782 410 1405 385 1555 1022 313 1677 817 1549 1253 356 1177 1602 0 1282 644 1452 51 1562 1679 674 1223 458 1183 1331 1645 344 368 1328 1470 1362 1426 1029 992 774 768 530 606 1184 847 1010 1432 327 1210 1517 490
1288 557 381 1146 408 500 1386 1227 163 67 88 145 886 849 148 1232 1184 1214 944 710 737 672 205 1211 364 482 228 569 1140 452 427 1189 270 810 616 616 1116 509 1103 665 443 1197 545 729 658 195 1313 128 471 1282 0 962 192 1310 431 548 707 224 932 124 252 514 1005 1086 249 579 472 535 450 413 766 772 851 793 263 681 431 541 1045 404 626 817
650 1127 1192 507 983 793 551 391 821 984 967 841 444 412 1087 397 348 272 385 1280 1307 317 1144 270 1175 741 987 1380 502 1022 998 354 1024 1380 1428 371 281 1084 465 1235 702 558 1356 260 1228 933 474 857 1282 644 962 0 1131 640 1242 1359 430 903 327 863 1011 1325 325 447 1008 1149 1042 1105 708 671 217 211 409 486 863 305 690 1111 406 890 1196 513
1458 590 271 1315 511 602 1556 1396 332 169 190 314 1055 1018 105 1401 1353 1383 1113 742 769 841 95 1381 254 651 330 459 1310 485 460 1358 372 843 507 785 1286 612 1273 698 613 1366 435 898 691 298 1482 297 361 1452 192 1131 0 1480 321 438 876 327 1101 293 354 404 1174 1255 352 612 504 568 619 582 935 941 1020 962 366 850 600 574 1214 506 659 986
45 1476 1541 290 1331 1142 112 272 1170 1332 1315 1190 449 561 1435 266 315 678 390 1628 1655 866 1492 676 1523 1089 1335 1729 284 1371 1346 433 1372 1728 1776 810 382 1433 413 1583 1050 341 1704 845 1577 1281 327 1205 1630 51 1310 640 1480 0 1590 1707 701 1251 485 1211 1359 1673 372 396 1356 1498 1390 1453 1057 1020 802 796 558 634 1212 874 1038 1459 354 1238 1545 518
1732 827 328 1590 914 979 1831 1671 695 572 593 715 1330 1293 508 1676 1628 1658 1388 979 1006 1116 498 1655 321 926 733 157 1584 722 697 1633 775 1080 204 1060 1561 1015 1548 935 888 1641 133 1173 928 701 1757 700 64 1726 595 1406 485 1754 0 135 1151 730 1376 696 757 101 1449 1530 754 849 741 805 894 857 1210 1216 1295 1237 769 1125 875 811 1489 909 896 1261
1849 944 445 1707 1030 1096 1947 1788 812 689 710 832 1447 1410 625 1793 1745 1775 1505 1096 1123 1233 614 1772 438 1043 850 116 1701 839 814 1750 892 1196 106 1177 1677 1132 1664 1051 1004 1758 141 1290 1045 817 1873 816 95 1843 712 1523 602 1871 135 0 1268 846 1493 813 874 116 1566 1647 871 966 858 922 1011 974 1327 1333 1412 1354 886 1242 992 928 1606 1026 1013 1378
679 872 937 537 728 538 778 618 566 729 712 586 277 165 832 623 575 682 335 1025 1052 188 889 679 920 486 731 1125 532 767 743 580 768 1125 1172 132 508 829 495 980 447 588 1101 245 973 678 704 602 1027 674 707 430 876 701 987 1104 0 647 249 608 755 1070 396 477 753 894 787 850 453 416 282 288 168 110 608 197 434 856 436 635 941 220
1229 652 516 1087 288 380 1327 1167 346 201 222 346 826 789 283 1173 1124 1154 885 804 831 612 339 1152 498 423 108 704 1081 547 522 1130 150 904 751 556 1057 390 1044 759 384 1138 680 669 753 75 1253 329 606 1223 224 903 327 1251 565 682 647 0 873 325 132 648 945 1026 129 674 566 630 390 353 707 712 791 733 123 621 372 635 985 284 721 757
463 1097 1162 321 953 764 562 402 791 954 937 812 146 108 1057 407 359 579 119 1250 1277 413 1114 577 1145 711 957 1350 316 992 968 364 994 1350 1398 357 292 1054 279 1205 672 372 1326 383 1198 903 488 827 1252 458 932 327 1101 485 1212 1329 249 873 0 833 981 1295 180 261 978 1120 1012 1075 678 641 340 334 105 182 833 422 660 1081 220 860 1167 215
1189 458 482 1047 509 436 1287 1127 64 146 129 68 787 749 249 1133 1084 1115 845 610 637 573 305 1112 464 383 328 670 1041 353 328 1090 370 711 717 517 1017 610 1004 566 344 1098 646 630 559 296 1213 84 572 1183 124 863 293 1211 531 648 608 325 833 0 352 614 906 987 350 480 372 436 351 314 667 673 752 694 348 581 332 442 945 505 527 718
1337 760 543 1195 180 272 1435 1275 391 229 250 374 934 897 310 1281 1232 1262 993 912 939 720 367 1260 526 330 118 731 1189 655 630 1238 76 1012 778 664 1165 282 1152 867 368 1246 707 777 861 103 1361 356 633 1331 252 1011 354 1359 593 710 755 132 981 352 0 676 1053 1134 97 782 674 738 362 398 815 820 899 841 171 729 381 743 1093 176 829 865
1815 910 411 1673 997 1062 1913 1754 778 655 676 798 1413 1376 591 1759 1711 1741 1471 1062 1089 1199 580 1738 404 1009 816 138 1667 805 780 1716 858 1162 176 1143 1643 1098 1630 1018 970 1724 113 1256 1011 783 1840 783 61 1809 678 1489 568 1837 101 116 1234 813 1459 779 840 0 1532 1613 837 932 824 888 977 940 1293 1299 1378 1320 852 1208 958 894 1572 992 979 1344
350 1170 1235 207 1026 836 406 247 864 1027 1010 884 144 256 1130 252 204 479 85 1323 1350 560 1186 476 1218 783 1029 1423 202 1065 1040 209 1066 1423 1470 504 136 1127 165 1278 745 258 1399 539 1271 975 333 900 1325 344 1005 325 1174 372 1285 1401 396 945 180 906 1053 1368 0 147 1051 1192 1085 1148 751 714 497 491 253 329 906 569 732 1154 106 933 1239 213
374 1251 1316 231 1107 917 485 369 945 1108 1091 965 224 336 1211 374 326 601 166 1404 1431 641 1267 599 1298 864 1110 1504 226 1146 1121 331 1147 1504 1551 585 259 1208 43 1359 826 282 1480 620 1352 1056 455 981 1406 368 1086 447 1255 396 1365 1482 477 1026 261 987 1134 1448 147 0 1132 1273 1166 1229 832 795 577 572 334 409 987 650 813 1235 78 1013 1320 294
1334 757 541 1192 184 275 1432 1273 389 226 247 371 932 895 308 1278 1230 1260 990 910 937 718 364 1257 523 334 122 729 1186 652 627 1235 79 1010 776 662 1162 285 1149 865 372 1243 705 775 858 100 1358 354 630 1328 249 1008 352 1356 590 707 753 129 978 350 97 673 1051 1132 0 779 672 735 366 402 812 818 897 839 168 727 384 741 1091 179 826 863
1476 94 635 1334 912 722 1574 1414 439 601 584 459 1073 1036 635 1420 1371 1401 1132 247 274 859 624 1399 618 670 758 823 1328 280 255 1377 800 347 870 803 1304 1013 1291 202 631 1385 799 916 195 704 1500 474 725 1470 579 1149 612 1498 685 802 894 674 1120 480 782 768 1192 1273 779 0 299 219 637 600 953 959 1038 980 635 868 618 225 1232 819 311 1004
1368 277 528 1226 805 615 1466 1306 331 493 476 351 966 928 527 1312 1263 1294 1024 430 457 752 517 1291 510 562 650 716 1220 63 88 1269 692 530 763 696 1196 906 1183 385 523 1277 692 809 378 596 1392 366 617 1362 472 1042 504 1390 577 694 787 566 1012 372 674 660 1085 1166 672 299 0 255 530 493 846 852 931 873 527 760 511 261 1124 711 346 897
1431 197 591 1289 868 678 1530 1370 394 557 540 414 1029 992 591 1375 1327 1357 1087 350 377 815 580 1355 573 625 714 779 1284 235 211 1332 756 450 826 759 1260 969 1247 305 587 1340 755 872 298 660 1456 430 681 1426 535 1105 568 1453 640 757 850 630 1075 436 738 723 1148 1229 735 219 255 0 593 556 909 915 994 936 590 824 574 76 1188 774 122 960
1035 615 680 893 304 114 1133 973 309 472 455 329 632 595 575 979 930 960 691 768 795 418 632 958 663 62 387 868 887 510 486 936 344 868 916 362 863 405 850 723 51 943 844 475 716 421 1059 345 770 1029 450 708 619 1057 730 847 453 390 678 351 362 813 751 832 366 637 530 593 0 81 512 518 597 539 351 427 64 599 791 211 684 563
998 578 643 855 340 150 1096 936 272 435 418 292 595 558 538 941 893 923 653 731 758 381 595 921 626 97 423 831 850 473 449 899 380 831 878 325 826 441 813 686 87 906 807 438 679 384 1022 308 733 992 413 671 582 1020 693 810 416 353 641 314 398 776 714 795 402 600 493 556 81 0 475 481 560 502 314 390 95 562 754 247 647 526
780 931 996 638 787 597 748 588 625 788 771 645 463 424 891 593 545 469 436 1084 1111 121 948 466 979 545 791 1184 632 826 802 551 828 1184 1232 175 478 888 595 1039 506 689 1160 64 1032 737 671 661 1086 774 766 217 935 802 1046 1163 282 707 340 667 815 1129 497 577 812 953 846 909 512 475 0 84 421 368 667 109 494 915 536 694 1000 479
774 937 1002 632 793 603 742 582 631 794 777 651 457 418 897 588 539 463 430 1090 1117 127 954 461 985 550 796 1190 626 832 807 545 833 1190 1237 181 472 894 589 1045 512 683 1166 70 1038 743 665 667 1092 768 772 211 941 796 1052 1169 288 712 334 673 820 1135 491 572 818 959 852 915 518 481 84 0 415 374 673 114 499 921 530 700 1006 485
536 1016 1081 394 872 682 634 474 710 873 856 730 190 79 976 480 431 660 192 1169 1196 332 1033 658 1064 629 875 1269 388 911 886 437 912 1269 1316 276 364 973 351 1124 591 445 1245 389 1117 822 560 746 1171 530 851 409 1020 558 1131 1248 168 791 105 752 899 1214 253 334 897 1038 931 994 597 560 421 415 0 100 752 341 578 1000 292 779 1085 134
612 958 1023 470 814 624 710 550 652 815 798 672 209 98 918 556 507 737 268 1111 1138 274 975 735 1006 571 817 1211 464 853 828 513 854 1211 1258 218 440 915 427 1066 533 521 1187 331 1059 764 636 688 1113 606 793 486 962 634 1073 1190 110 733 182 694 841 1156 329 409 839 980 873 936 539 502 368 374 100 0 694 283 520 942 368 721 1027 153
1190 613 555 1048 327 419 1288 1128 307 240 261 327 787 750 322 1134 1085 1115 846 765 792 573 378 1113 537 384 147 743 1042 508 483 1091 189 865 790 517 1018 429 1005 720 345 1098 719 630 714 114 1214 342 645 1184 263 863 366 1212 604 721 608 123 833 348 171 687 906 987 168 635 527 590 351 314 667 673 752 694 0 582 332 596 946 323 682 718
852 846 911 710 702 512 835 675 540 702 685 560 450 338 806 681 632 556 508 998 1025 131 862 554 893 459 705 1099 705 741 716 638 742 1099 1146 106 565 803 668 954 420 761 1075 75 947 651 758 575 1001 847 681 305 850 874 960 1077 197 621 422 581 729 1043 569 650 727 868 760 824 427 390 109 114 341 283 582 0 408 830 609 608 915 393
1016 596 661 874 322 133 1114 954 290 453 436 310 613 576 556 960 911 941 672 749 776 399 613 939 644 80 405 849 868 491 467 917 363 849 897 343 844 424 831 704 70 925 825 456 697 402 1040 326 751 1010 431 690 600 1038 711 828 434 372 660 332 381 794 732 813 384 618 511 574 64 95 494 499 578 520 332 408 0 580 772 229 665 544
1437 203 597 1295 874 684 1536 1376 400 563 546 420 1035 998 596 1381 1333 1363 1093 356 383 821 586 1360 579 631 720 785 1289 241 217 1338 761 456 832 765 1266 975 1253 311 593 1346 761 878 304 666 1462 436 687 1432 541 1111 574 1459 646 763 856 635 1081 442 743 729 1154 1235 741 225 261 76 599 562 915 921 1000 942 596 830 580 0 1194 780 116 966
332 1210 1275 190 1066 876 443 328 904 1066 1049 924 183 295 1170 333 285 560 124 1362 1389 600 1226 557 1257 823 1069 1463 185 1105 1080 290 1106 1463 1510 544 218 1167 86 1318 784 241 1439 579 1311 1015 414 939 1365 327 1045 406 1214 354 1324 1441 436 985 220 945 1093 1407 106 78 1091 1232 1124 1188 791 754 536 530 292 368 946 609 772 1194 0 972 1279 252
1216 797 695 1074 118 120 1314 1154 491 381 402 511 813 776 462 1160 1111 1142 872 949 976 599 519 1139 678 179 201 883 1068 692 667 1117 158 1049 931 544 1044 219 1031 904 217 1125 859 657 898 255 1240 508 785 1210 404 890 506 1238 745 862 635 284 860 505 176 828 933 1013 179 819 711 774 211 247 694 700 779 721 323 608 229 780 972 0 866 745
1523 288 682 1381 959 769 1621 1461 486 648 631 506 1120 1083 682 1467 1418 1448 1179 441 468 906 671 1446 665 717 805 870 1375 327 302 1424 847 541 917 850 1351 1060 1338 396 678 1431 846 963 390 751 1547 521 772 1517 626 1196 659 1545 732 849 941 721 1167 527 829 815 1239 1320 826 311 346 122 684 647 1000 1006 1085 1027 682 915 665 116 1279 866 0 1051
496 982 1047 354 838 648 594 434 676 839 822 696 94 132 942 440 391 667 152 1135 1162 384 999 664 1030 595 841 1235 348 877 853 397 878 1235 1282 329 324 939 311 1090 557 405 1211 442 1083 788 520 712 1137 490 817 513 986 518 1097 1214 220 757 215 718 865 1180 213 294 863 1004 897 960 563 526 479 485 134 153 718 393 544 966 252 745 1051 0
EOF