NAME : tsp_problem
TYPE : TSP
DIMENSION : 83
EDGE_WEIGHT_TYPE : EXPLICIT
EDGE_WEIGHT_FORMAT : FULL_MATRIX
EDGE_WEIGHT_SECTION
0 1723 945 68 1063 1036 99 1057 554 757 202 997 1455 960 1640 1387 929 1079 1729 1056 1085 1521 93 796 1021 770 1761 1504 792 1366 961 2277 1873 951 1366 799 1039 965 978 197 1687 96 1082 914 2169 1094 1031 658 1639 928 1070 1870 79 1149 1489 430 782 1699 849 1165 1033 1097 1900 1155 1665 1652 1835 1706 827 1042 1377 1301 1556 1701 1145 1375 238 1686 1844 1767 1422 1411 1814
1559 0 1378 1509 747 1238 1557 1004 1332 1190 1659 1430 375 1161 290 516 1362 1512 435 1489 1286 537 1550 1054 1223 1028 245 520 1178 395 1163 1492 293 1384 470 1057 1240 1167 1410 1655 393 1553 1515 1260 1383 1526 1233 1224 494 1062 1016 479 1537 683 409 1426 1168 52 953 698 1466 1298 268 688 372 135 332 657 1260 1474 405 607 205 407 678 478 1695 393 453 74 589 578 120
781 1378 0 730 718 946 778 712 592 226 881 323 1109 869 1294 1042 58 405 1383 382 994 1175 772 450 931 424 1415 1158 728 1020 871 1932 1527 80 1020 453 948 875 303 877 1341 775 408 849 1823 419 941 620 1293 612 724 1525 759 803 1144 648 718 1354 503 819 359 1006 1554 809 1320 1306 1489 1360 216 367 1031 955 1210 1355 799 1029 917 1341 1499 1422 1076 1066 1468
68 1673 895 0 1013 986 66 1007 504 707 168 947 1405 909 1590 1337 879 1029 1679 1006 1034 1471 59 746 971 720 1711 1453 742 1316 911 2227 1822 901 1316 748 988 915 927 164 1636 62 1032 863 2118 1043 981 608 1589 878 1020 1820 46 1099 1439 379 732 1649 799 1115 983 1046 1850 1104 1615 1601 1784 1655 777 991 1327 1251 1506 1651 1094 1324 204 1636 1794 1717 1371 1361 1764
899 747 718 849 0 578 897 344 672 530 999 770 436 501 664 368 702 852 753 829 626 502 891 394 563 368 785 484 518 390 503 1301 896 724 347 397 580 507 750 995 710 893 855 600 1192 866 573 564 620 402 357 894 877 130 470 766 508 723 293 146 806 638 924 135 689 676 859 686 600 814 401 282 580 725 125 355 1036 710 868 791 403 392 838
872 1238 946 822 578 0 870 264 517 758 972 998 970 106 1155 902 930 1080 1243 1057 108 1036 863 571 45 596 1275 1018 289 881 107 1792 1387 952 881 574 63 111 978 968 1201 866 1083 204 1683 1094 55 409 1154 424 277 1385 850 664 1004 739 278 1214 494 680 1034 120 1414 669 1180 1166 1349 1220 828 1042 891 816 1070 1215 659 889 1008 1201 1359 1282 936 926 1329
99 1721 943 66 1061 1034 0 1055 552 755 199 995 1453 957 1638 1385 927 1077 1727 1054 1082 1519 90 794 1019 768 1759 1501 790 1364 959 2275 1870 949 1364 796 1036 963 975 195 1684 93 1080 911 2166 1091 1029 656 1637 926 1068 1868 77 1147 1487 427 780 1697 847 1163 1031 1094 1898 1152 1663 1649 1832 1703 825 1039 1375 1299 1554 1699 1142 1372 235 1684 1842 1765 1419 1409 1812
893 1004 712 843 344 264 891 0 599 523 993 764 735 187 920 668 696 846 1009 823 312 801 884 388 249 362 1041 784 370 646 189 1558 1153 718 646 391 266 193 744 989 967 887 849 286 1449 860 259 490 919 396 42 1151 871 429 770 760 360 980 287 445 800 324 1180 435 946 932 1115 986 594 808 657 581 836 981 425 655 1029 967 1125 1048 702 692 1094
390 1332 592 339 672 517 387 599 0 404 490 644 1064 441 1249 996 576 726 1338 703 565 1130 381 301 502 330 1370 1112 273 975 442 1886 1481 598 975 304 520 446 624 486 1295 384 729 395 1777 740 512 139 1248 409 612 1479 368 758 1098 257 263 1308 458 774 680 578 1509 763 1274 1260 1444 1315 474 688 986 910 1165 1310 754 983 526 1295 1453 1376 1031 1020 1423
593 1190 226 542 530 758 590 523 404 0 693 278 921 681 1106 854 210 360 1195 337 806 987 584 262 743 236 1227 970 540 832 683 1744 1339 232 832 265 760 687 258 689 1153 587 363 661 1635 375 753 432 1105 424 536 1337 571 615 956 460 530 1166 315 631 314 818 1366 621 1132 1118 1301 1172 108 322 843 767 1022 1167 611 841 729 1153 1311 1234 888 878 1280
202 1824 1045 168 1164 1137 199 1158 654 857 0 1098 1556 1060 1740 1488 1030 1180 1829 1157 1185 1622 193 896 1122 870 1861 1604 893 1466 1062 2378 1973 1051 1467 899 1139 1066 1078 52 1787 196 1183 1014 2269 1194 1132 758 1739 1028 1170 1971 180 1250 1590 530 882 1800 949 1265 1134 1197 2000 1255 1766 1752 1935 1806 928 1142 1477 1401 1656 1801 1245 1475 92 1787 1945 1868 1522 1512 1914
833 1430 323 783 770 998 831 764 644 278 933 0 1162 921 1347 1094 307 124 1435 101 1046 1228 824 502 983 476 1467 1210 780 1072 923 1984 1579 329 1073 505 1000 927 208 929 1393 827 250 902 1875 262 993 672 1345 664 776 1577 811 856 1196 700 770 1406 555 871 202 1058 1606 861 1372 1358 1541 1412 268 210 1083 1007 1262 1407 851 1081 969 1393 1551 1474 1128 1118 1520
1291 375 1109 1241 436 970 1289 735 1064 921 1391 1162 0 893 292 200 1094 1244 380 1221 1018 221 1282 786 955 760 412 203 910 202 895 1299 524 1115 128 789 972 899 1142 1387 338 1285 1247 992 1190 1258 965 956 439 794 748 522 1269 340 66 1158 899 351 685 356 1198 1030 551 346 317 303 486 556 992 1206 213 264 207 352 336 136 1427 338 496 419 272 262 465
795 1161 869 745 501 106 793 187 441 681 896 921 893 0 1078 825 853 1003 1167 980 154 959 787 495 91 520 1199 942 212 804 31 1715 1311 875 804 497 108 35 902 891 1125 790 1006 128 1607 1018 101 332 1077 348 200 1308 773 587 927 662 202 1137 417 603 958 166 1338 593 1103 1090 1273 1144 751 966 815 739 994 1139 583 813 932 1124 1282 1205 860 849 1252
1476 290 1294 1425 664 1155 1473 920 1249 1106 1576 1347 292 1078 0 433 1279 1429 352 1406 1203 454 1467 971 1140 945 327 436 1095 312 1080 1409 496 1300 387 974 1157 1084 1327 1572 310 1470 1432 1177 1300 1443 1150 1141 411 979 933 494 1454 599 326 1343 1084 266 870 615 1383 1215 523 605 289 218 458 574 1177 1391 322 524 122 324 595 395 1612 310 468 334 506 495 380
1223 516 1042 1173 368 902 1221 668 996 854 1323 1094 200 825 433 0 1026 1176 522 1153 950 159 1214 718 887 692 554 141 842 336 827 1433 666 1048 262 721 904 831 1074 1319 480 1217 1179 924 1324 1190 897 888 428 726 680 663 1201 272 234 1090 832 492 617 288 1130 962 693 278 458 445 628 495 924 1138 346 196 349 494 268 270 1359 479 637 561 211 200 607
765 1362 58 715 702 930 763 696 576 210 865 307 1094 853 1279 1026 0 389 1367 366 978 1160 756 435 915 409 1399 1142 712 1005 855 1916 1511 64 1005 437 932 859 287 861 1325 759 392 834 1807 403 925 604 1277 597 709 1509 743 788 1128 632 702 1338 487 803 343 990 1538 793 1304 1290 1473 1344 200 351 1015 939 1194 1339 783 1013 901 1325 1483 1406 1060 1050 1452
915 1512 405 865 852 1080 913 846 726 360 1015 124 1244 1003 1429 1176 389 0 1517 62 1128 1310 906 584 1065 558 1549 1292 862 1154 1005 2066 1661 411 1155 587 1082 1009 290 1011 1475 909 332 984 1957 344 1075 754 1427 747 858 1659 893 938 1278 782 852 1488 637 953 284 1140 1688 943 1454 1440 1623 1494 350 292 1165 1089 1344 1489 933 1163 1051 1475 1633 1556 1210 1200 1602
1565 435 1383 1514 753 1243 1562 1009 1338 1195 1665 1435 380 1167 352 522 1367 1517 0 1494 1292 543 1556 1060 1228 1034 473 525 1183 400 1169 1498 297 1389 476 1062 1246 1172 1416 1661 111 1559 1520 1266 1389 1532 1238 1229 303 1068 1022 294 1542 688 415 1432 1173 411 958 704 1471 1304 324 694 89 364 259 466 1265 1480 411 612 268 58 684 484 1701 110 268 480 464 454 474
892 1489 382 842 829 1057 890 823 703 337 992 101 1221 980 1406 1153 366 62 1494 0 1105 1287 883 562 1042 536 1526 1269 839 1132 982 2043 1638 388 1132 564 1060 986 267 988 1452 886 309 961 1934 321 1052 731 1405 724 836 1636 870 915 1255 759 829 1465 614 931 261 1117 1665 920 1431 1417 1600 1471 327 269 1142 1067 1321 1466 910 1140 1028 1452 1610 1533 1187 1177 1580
920 1286 994 870 626 108 918 312 565 806 1021 1046 1018 154 1203 950 978 1128 1292 1105 0 1084 912 619 93 645 1324 1066 337 929 156 1840 1435 1000 929 622 111 160 1027 1016 1249 915 1131 253 1731 1143 103 457 1202 473 325 1433 898 712 1052 787 327 1262 542 728 1082 45 1463 717 1228 1215 1398 1269 876 1090 940 864 1119 1264 708 937 1057 1249 1407 1330 985 974 1377
1357 537 1175 1307 502 1036 1355 801 1130 987 1457 1228 221 959 454 159 1160 1310 543 1287 1084 0 1348 852 1021 826 575 162 976 391 961 1488 687 1181 317 855 1038 965 1208 1453 501 1351 1313 1058 1379 1324 1031 1022 449 860 814 684 1335 406 255 1224 966 513 751 422 1264 1096 714 412 479 466 649 515 1058 1272 402 330 370 515 402 325 1493 500 658 581 231 221 628
93 1715 937 59 1055 1028 90 1049 545 748 193 989 1447 951 1632 1379 921 1071 1720 1048 1076 1513 0 787 1013 761 1752 1495 784 1357 953 2269 1864 943 1358 790 1030 957 969 189 1678 87 1074 905 2160 1085 1023 649 1630 919 1061 1862 71 1141 1481 421 773 1691 840 1156 1025 1088 1891 1146 1657 1643 1826 1697 819 1033 1368 1292 1547 1692 1136 1366 229 1678 1836 1759 1413 1403 1805
632 1054 450 581 394 571 629 388 301 262 732 502 786 495 971 718 435 584 1060 562 619 852 623 0 556 53 1092 835 327 697 496 1608 1204 456 697 26 574 500 483 728 1018 626 588 448 1500 599 566 193 970 289 401 1201 610 480 820 499 317 1030 180 496 539 631 1231 486 996 983 1166 1037 333 547 708 632 887 1032 476 706 768 1017 1175 1098 753 742 1145
857 1223 931 807 563 45 855 249 502 743 957 983 955 91 1140 887 915 1065 1228 1042 93 1021 848 556 0 582 1261 1003 274 866 93 1777 1372 937 866 559 48 96 963 953 1186 851 1068 190 1668 1079 40 394 1139 409 262 1370 835 649 989 724 264 1199 479 665 1019 105 1399 654 1165 1151 1334 1205 813 1027 876 801 1056 1201 644 874 993 1186 1344 1267 921 911 1314
606 1028 424 555 368 596 603 362 330 236 706 476 760 520 945 692 409 558 1034 536 645 826 597 53 582 0 1066 809 356 671 522 1582 1178 430 671 55 599 526 457 702 992 600 562 478 1474 573 592 222 944 263 375 1175 584 454 794 473 346 1004 154 470 513 657 1205 460 970 957 1140 1011 307 521 682 606 861 1006 450 680 742 991 1149 1072 727 716 1119
1597 245 1415 1546 785 1275 1594 1041 1370 1227 1697 1467 412 1199 327 554 1399 1549 473 1526 1324 575 1588 1092 1261 1066 0 557 1215 432 1201 1530 508 1421 508 1094 1278 1205 1448 1693 431 1591 1552 1298 1421 1564 1270 1261 532 1100 1054 614 1574 720 447 1464 1205 221 991 736 1504 1336 483 726 409 159 547 695 1297 1512 443 644 243 445 716 516 1733 430 588 289 626 616 335
1339 520 1158 1289 484 1018 1337 784 1112 970 1440 1210 203 942 436 141 1142 1292 525 1269 1066 162 1331 835 1003 809 557 0 958 373 943 1470 669 1164 299 837 1021 947 1190 1435 483 1334 1295 1040 1362 1306 1013 1004 431 842 797 667 1317 389 237 1206 948 496 733 404 1246 1078 696 394 462 448 631 498 1040 1254 384 313 352 497 384 308 1476 483 641 564 214 204 610
628 1178 728 578 518 289 626 370 273 540 728 780 910 212 1095 842 712 862 1183 839 337 976 619 327 274 356 1215 958 0 821 214 1732 1327 734 821 330 291 218 761 724 1141 622 865 166 1623 877 284 165 1094 180 383 1325 606 604 944 495 34 1154 250 620 816 349 1354 609 1120 1106 1289 1160 610 824 831 756 1010 1155 599 829 764 1141 1299 1222 876 866 1269
1202 395 1020 1151 390 881 1199 646 975 832 1302 1072 202 804 312 336 1005 1154 400 1132 929 391 1193 697 866 671 432 373 821 0 806 1135 544 1026 113 700 883 810 1053 1298 358 1196 1158 903 1026 1169 876 866 459 705 659 542 1180 325 236 1069 810 371 596 341 1109 941 571 331 337 323 506 622 903 1117 48 249 227 372 321 121 1338 358 516 439 442 432 485
797 1163 871 747 503 107 795 189 442 683 898 923 895 31 1080 827 855 1005 1169 982 156 961 789 496 93 522 1201 943 214 806 0 1717 1312 877 806 499 110 37 903 893 1126 792 1008 130 1608 1020 102 334 1079 349 202 1310 775 589 929 664 204 1139 419 605 959 168 1340 594 1105 1091 1275 1145 753 967 817 741 996 1141 584 814 934 1126 1284 1207 862 851 1254
2113 1492 1932 2063 1301 1792 2111 1558 1886 1744 2213 1984 1299 1715 1409 1433 1916 2066 1498 2043 1840 1488 2105 1608 1777 1582 1530 1470 1732 1135 1717 0 1641 1938 1210 1611 1795 1721 1964 2209 1455 2108 2069 1814 480 2080 1787 1778 1557 1616 1571 1639 2091 1387 1333 1980 1722 1468 1507 1403 2020 1852 1669 1393 1434 1420 1603 1719 1814 2028 1146 1347 1325 1470 1383 1218 2250 1455 1613 1536 1540 1529 1583
1708 293 1527 1658 896 1387 1706 1153 1481 1339 1809 1579 524 1311 496 666 1511 1661 297 1638 1435 687 1700 1204 1372 1178 508 669 1327 544 1312 1641 0 1533 619 1206 1390 1316 1559 1804 213 1703 1664 1409 1532 1675 1382 1373 447 1211 1166 209 1686 832 558 1575 1317 316 1102 848 1615 1447 50 837 233 399 62 494 1409 1623 555 756 412 269 828 628 1845 213 183 248 608 597 201
787 1384 80 736 724 952 784 718 598 232 887 329 1115 875 1300 1048 64 411 1389 388 1000 1181 778 456 937 430 1421 1164 734 1026 877 1938 1533 0 1026 459 954 881 309 883 1347 781 414 855 1829 425 947 626 1299 618 730 1531 765 809 1150 654 724 1360 509 825 365 1012 1560 815 1326 1312 1495 1366 222 373 1037 961 1216 1361 805 1035 923 1347 1505 1428 1082 1072 1474
1202 470 1020 1152 347 881 1200 646 975 832 1302 1073 128 804 387 262 1005 1155 476 1132 929 317 1193 697 866 671 508 299 821 113 806 1210 619 1026 0 700 883 810 1053 1298 433 1196 1158 903 1101 1169 876 867 535 705 659 617 1180 251 162 1069 810 446 596 267 1109 941 647 257 412 398 581 652 903 1117 124 175 303 448 247 47 1338 433 591 514 368 358 561
634 1057 453 584 397 574 632 391 304 265 735 505 789 497 974 721 437 587 1062 564 622 855 626 26 559 55 1094 837 330 700 499 1611 1206 459 700 0 576 503 485 730 1020 629 590 451 1502 602 569 195 973 292 404 1204 612 483 823 501 319 1033 182 499 541 634 1233 488 999 985 1168 1039 335 549 710 635 889 1034 478 708 771 1020 1178 1101 755 745 1148
875 1240 948 824 580 63 872 266 520 760 975 1000 972 108 1157 904 932 1082 1246 1060 111 1038 866 574 48 599 1278 1021 291 883 110 1795 1390 954 883 576 0 114 981 971 1204 869 1085 207 1686 1097 58 411 1156 427 279 1387 852 666 1006 741 281 1216 496 682 1037 123 1417 672 1182 1169 1352 1223 831 1045 894 818 1073 1218 662 892 1011 1203 1361 1285 939 929 1331
801 1167 875 751 507 111 799 193 446 687 901 927 899 35 1084 831 859 1009 1172 986 160 965 792 500 96 526 1205 947 218 810 37 1721 1316 881 810 503 114 0 907 897 1130 795 1012 134 1612 1023 106 338 1083 353 206 1314 779 593 933 668 208 1143 423 609 963 172 1343 598 1109 1095 1278 1149 757 971 820 745 1000 1145 588 818 937 1130 1288 1211 865 855 1258
813 1410 303 763 750 978 811 744 624 258 914 208 1142 902 1327 1074 287 290 1416 267 1027 1208 805 483 963 457 1448 1190 761 1053 903 1964 1559 309 1053 485 981 907 0 909 1373 808 293 882 1855 304 973 652 1326 645 757 1557 791 836 1176 680 750 1386 536 852 244 1039 1587 841 1352 1338 1522 1393 248 252 1064 988 1243 1388 832 1061 950 1373 1531 1454 1109 1098 1501
197 1819 1041 164 1159 1132 195 1153 650 853 52 1093 1551 1056 1736 1483 1025 1175 1825 1152 1181 1617 189 892 1117 866 1857 1600 888 1462 1058 2373 1969 1047 1462 895 1135 1061 1074 0 1783 192 1178 1010 2265 1190 1127 754 1735 1024 1166 1966 175 1245 1585 526 878 1795 945 1261 1129 1193 1996 1251 1761 1748 1931 1802 923 1138 1473 1397 1652 1797 1241 1471 88 1782 1940 1863 1518 1507 1910
1522 393 1341 1472 710 1201 1520 967 1295 1153 1623 1393 338 1125 310 480 1325 1475 111 1452 1249 501 1514 1018 1186 992 431 483 1141 358 1126 1455 213 1347 433 1020 1204 1130 1373 1618 0 1517 1478 1223 1346 1490 1196 1187 261 1025 980 211 1500 646 372 1389 1131 369 916 662 1429 1261 240 651 47 321 175 423 1223 1437 369 570 226 83 642 442 1659 27 185 437 422 411 391
96 1718 939 62 1058 1031 93 1052 548 751 196 992 1450 954 1634 1382 924 1074 1723 1051 1079 1516 87 790 1016 764 1755 1498 787 1360 956 2272 1867 945 1361 793 1033 960 972 192 1681 0 1077 908 2163 1088 1026 652 1633 922 1064 1865 74 1144 1484 424 776 1694 843 1159 1028 1091 1894 1149 1660 1646 1829 1700 822 1036 1371 1295 1550 1695 1139 1369 232 1681 1839 1762 1416 1406 1808
918 1515 408 868 855 1083 916 849 729 363 1018 250 1247 1006 1432 1179 392 332 1520 309 1131 1313 909 588 1068 562 1552 1295 865 1158 1008 2069 1664 414 1158 590 1085 1012 293 1014 1478 912 0 987 1960 202 1078 757 1431 750 862 1662 896 941 1281 785 855 1491 640 956 142 1143 1691 946 1457 1443 1626 1497 353 150 1168 1092 1347 1492 936 1166 1054 1478 1636 1559 1213 1203 1605
749 1260 849 699 600 204 747 286 395 661 850 902 992 128 1177 924 834 984 1266 961 253 1058 741 448 190 478 1298 1040 166 903 130 1814 1409 855 903 451 207 134 882 845 1223 744 987 0 1705 998 200 286 1176 302 299 1407 727 686 1026 616 156 1236 371 702 938 265 1437 691 1202 1188 1372 1243 732 946 914 838 1093 1238 682 911 886 1223 1381 1304 959 948 1351
2004 1383 1823 1954 1192 1683 2002 1449 1777 1635 2105 1875 1190 1607 1300 1324 1807 1957 1389 1934 1731 1379 1996 1500 1668 1474 1421 1362 1623 1026 1608 480 1532 1829 1101 1502 1686 1612 1855 2100 1346 1999 1960 1705 0 1971 1678 1669 1448 1507 1462 1530 1982 1278 1224 1871 1613 1359 1398 1294 1911 1743 1560 1284 1325 1311 1495 1610 1705 1919 1037 1238 1216 1361 1274 1110 2141 1346 1504 1427 1431 1420 1474
929 1526 419 879 866 1094 927 860 740 375 1030 262 1258 1018 1443 1190 403 344 1532 321 1143 1324 921 599 1079 573 1564 1306 877 1169 1020 2080 1675 425 1169 602 1097 1023 304 1025 1490 924 202 998 1971 0 1089 768 1442 761 873 1673 907 952 1292 796 866 1502 652 968 89 1155 1703 958 1468 1455 1638 1509 364 97 1180 1104 1359 1504 948 1178 1066 1489 1647 1570 1225 1214 1617
867 1233 941 817 573 55 865 259 512 753 967 993 965 101 1150 897 925 1075 1238 1052 103 1031 858 566 40 592 1270 1013 284 876 102 1787 1382 947 876 569 58 106 973 963 1196 861 1078 200 1678 1089 0 404 1149 419 272 1380 845 659 999 734 273 1209 489 675 1029 115 1409 664 1175 1161 1344 1215 823 1037 886 811 1065 1211 654 884 1003 1196 1354 1277 931 921 1324
494 1224 620 443 564 409 491 490 139 432 594 672 956 332 1141 888 604 754 1229 731 457 1022 485 193 394 222 1261 1004 165 866 334 1778 1373 626 867 195 411 338 652 590 1187 488 757 286 1669 768 404 0 1139 300 503 1371 472 650 990 361 155 1200 349 665 708 469 1400 655 1166 1152 1335 1206 502 716 877 801 1056 1201 645 875 630 1187 1345 1268 922 912 1314
1475 494 1293 1424 620 1154 1472 919 1248 1105 1575 1345 439 1077 411 428 1277 1427 303 1405 1202 449 1466 970 1139 944 532 431 1094 459 1079 1557 447 1299 535 973 1156 1083 1326 1571 261 1469 1431 1176 1448 1442 1149 1139 0 978 932 444 1453 524 474 1342 1083 470 869 540 1382 1214 474 530 239 423 409 270 1176 1390 470 599 327 275 520 543 1611 260 418 539 268 258 585
764 1062 612 713 402 424 761 396 409 424 864 664 794 348 979 726 597 747 1068 724 473 860 755 289 409 263 1100 842 180 705 349 1616 1211 618 705 292 427 353 645 860 1025 758 750 302 1507 761 419 300 978 0 409 1209 741 488 828 631 170 1038 134 504 701 485 1239 493 1004 991 1174 1045 495 709 716 640 895 1040 484 713 900 1025 1183 1106 761 750 1153
906 1016 724 855 357 277 903 42 612 536 1006 776 748 200 933 680 709 858 1022 836 325 814 897 401 262 375 1054 797 383 659 202 1571 1166 730 659 404 279 206 757 1002 980 900 862 299 1462 873 272 503 932 409 0 1163 884 442 782 773 373 992 300 458 813 337 1193 448 958 945 1128 999 607 821 670 594 849 994 438 668 1042 979 1137 1061 715 705 1107
1706 479 1525 1656 894 1385 1704 1151 1479 1337 1806 1577 522 1308 494 663 1509 1659 294 1636 1433 684 1697 1201 1370 1175 614 667 1325 542 1310 1639 209 1531 617 1204 1387 1314 1557 1802 211 1700 1662 1407 1530 1673 1380 1371 444 1209 1163 0 1684 825 556 1573 1315 501 1100 840 1613 1445 236 830 231 505 171 316 1407 1621 552 754 409 266 820 625 1842 210 55 434 568 558 386
79 1701 923 46 1041 1014 77 1035 532 735 180 975 1433 938 1618 1365 907 1057 1707 1034 1062 1499 71 774 999 748 1739 1481 770 1344 939 2255 1850 929 1344 777 1017 943 955 175 1665 74 1060 891 2146 1072 1009 636 1617 906 1048 1848 0 1127 1467 408 760 1677 827 1143 1011 1074 1878 1133 1643 1630 1813 1684 805 1019 1355 1279 1534 1679 1123 1352 216 1664 1822 1745 1400 1389 1792
985 683 803 935 130 664 983 429 758 615 1085 856 340 587 599 272 788 938 688 915 712 406 976 480 649 454 720 389 604 325 589 1387 832 809 251 483 666 593 836 1081 646 979 941 686 1278 952 659 650 524 488 442 825 963 0 374 852 593 659 379 50 892 724 859 40 625 611 794 591 686 900 336 186 515 660 30 260 1121 646 804 727 307 297 773
1325 409 1144 1275 470 1004 1323 770 1098 956 1425 1196 66 927 326 234 1128 1278 415 1255 1052 255 1316 820 989 794 447 237 944 236 929 1333 558 1150 162 823 1006 933 1176 1421 372 1319 1281 1026 1224 1292 999 990 474 828 782 556 1303 374 0 1192 934 385 719 390 1232 1064 586 380 351 337 520 590 1026 1240 247 299 242 387 370 170 1461 372 530 453 306 296 500
212 1617 839 162 958 931 210 951 448 651 313 891 1349 854 1534 1281 823 973 1623 951 979 1415 204 690 916 664 1655 1398 686 1260 856 2172 1767 845 1260 693 933 860 872 308 1581 207 977 808 2063 988 926 552 1533 822 964 1764 190 1043 1384 0 676 1594 743 1059 928 991 1794 1049 1560 1546 1729 1600 722 936 1271 1195 1450 1595 1039 1269 349 1580 1739 1662 1316 1306 1708
618 1168 718 567 508 278 615 360 263 530 718 770 899 202 1084 832 702 852 1173 829 327 966 609 317 264 346 1205 948 34 810 204 1722 1317 724 810 319 281 208 750 714 1131 612 855 156 1613 866 273 155 1083 170 373 1315 596 593 934 485 0 1144 239 609 806 339 1344 599 1110 1096 1279 1150 600 814 821 745 1000 1145 589 819 754 1131 1289 1212 866 856 1258
1535 52 1354 1485 723 1214 1533 980 1308 1166 1635 1406 351 1137 266 492 1338 1488 411 1465 1262 513 1526 1030 1199 1004 221 496 1154 371 1139 1468 316 1360 446 1033 1216 1143 1386 1631 369 1529 1491 1236 1359 1502 1209 1200 470 1038 992 501 1513 659 385 1402 1144 0 929 675 1442 1274 291 664 348 111 355 633 1236 1450 381 583 181 383 654 454 1671 369 475 96 565 554 143
685 953 503 634 293 494 682 287 458 315 785 555 685 417 870 617 487 637 958 614 542 751 676 180 479 154 991 733 250 596 419 1507 1102 509 596 182 496 423 536 781 916 679 640 371 1398 652 489 349 869 134 300 1100 662 379 719 552 239 929 0 395 592 554 1129 384 895 881 1064 935 385 600 606 531 786 931 374 604 821 916 1074 997 651 641 1044
1001 698 819 950 146 680 998 445 774 631 1101 871 356 603 615 288 803 953 704 931 728 422 992 496 665 470 736 404 620 341 605 1403 848 825 267 499 682 609 852 1097 662 995 956 702 1294 968 675 665 540 504 458 840 979 50 390 868 609 675 395 0 908 740 875 56 641 627 810 607 702 916 352 202 531 676 46 276 1137 661 820 743 323 312 789
869 1466 359 819 806 1034 867 800 680 314 969 202 1198 958 1383 1130 343 284 1471 261 1082 1264 861 539 1019 513 1504 1246 816 1109 959 2020 1615 365 1109 541 1037 963 244 965 1429 863 142 938 1911 89 1029 708 1382 701 813 1613 847 892 1232 736 806 1442 592 908 0 1094 1642 897 1408 1394 1577 1448 304 37 1119 1044 1299 1444 887 1117 1006 1429 1587 1510 1164 1154 1557
932 1298 1006 882 638 120 930 324 578 818 1033 1058 1030 166 1215 962 990 1140 1304 1117 45 1096 924 631 105 657 1336 1078 349 941 168 1852 1447 1012 941 634 123 172 1039 1028 1261 927 1143 265 1743 1155 115 469 1214 485 337 1445 910 724 1064 799 339 1274 554 740 1094 0 1475 729 1240 1227 1410 1281 888 1102 952 876 1131 1276 720 949 1069 1261 1419 1342 997 986 1389
1736 268 1554 1685 924 1414 1733 1180 1509 1366 1836 1606 551 1338 523 693 1538 1688 324 1665 1463 714 1727 1231 1399 1205 483 696 1354 571 1340 1669 50 1560 647 1233 1417 1343 1587 1832 240 1730 1691 1437 1560 1703 1409 1400 474 1239 1193 236 1713 859 586 1603 1344 291 1129 875 1642 1475 0 865 260 374 89 521 1436 1651 582 783 439 296 855 655 1872 240 210 223 635 625 176
990 688 809 940 135 669 988 435 763 621 1091 861 346 593 605 278 793 943 694 920 717 412 982 486 654 460 726 394 609 331 594 1393 837 815 257 488 672 598 841 1086 651 985 946 691 1284 958 664 655 530 493 448 830 968 40 380 857 599 664 384 56 897 729 865 0 630 617 800 596 691 905 342 192 521 666 35 265 1127 651 809 732 312 302 779
1501 372 1320 1451 689 1180 1499 946 1274 1132 1601 1372 317 1103 289 458 1304 1454 89 1431 1228 479 1492 996 1165 970 409 462 1120 337 1105 1434 233 1326 412 999 1182 1109 1352 1597 47 1495 1457 1202 1325 1468 1175 1166 239 1004 958 231 1479 625 351 1368 1110 348 895 641 1408 1240 260 630 0 300 195 402 1202 1416 348 549 204 61 620 420 1637 47 205 416 401 390 411
1487 135 1306 1437 676 1166 1485 932 1260 1118 1588 1358 303 1090 218 445 1290 1440 364 1417 1215 466 1479 983 1151 957 159 448 1106 323 1091 1420 399 1312 398 985 1169 1095 1338 1583 321 1482 1443 1188 1311 1455 1161 1152 423 991 945 505 1465 611 337 1354 1096 111 881 627 1394 1227 374 617 300 0 438 586 1188 1402 334 535 134 336 607 407 1624 321 479 180 517 507 226
1670 332 1489 1620 859 1349 1668 1115 1444 1301 1771 1541 486 1273 458 628 1473 1623 259 1600 1398 649 1662 1166 1334 1140 547 631 1289 506 1275 1603 62 1495 581 1168 1352 1278 1522 1767 175 1665 1626 1372 1495 1638 1344 1335 409 1174 1128 171 1648 794 520 1537 1279 355 1064 810 1577 1410 89 800 195 438 0 456 1371 1585 517 718 374 231 790 590 1807 175 145 287 570 560 239
1541 657 1360 1491 686 1220 1539 986 1315 1172 1642 1412 556 1144 574 495 1344 1494 466 1471 1269 515 1533 1037 1205 1011 695 498 1160 622 1145 1719 494 1366 652 1039 1223 1149 1393 1637 423 1536 1497 1243 1610 1509 1215 1206 270 1045 999 316 1519 591 590 1408 1150 633 935 607 1448 1281 521 596 402 586 456 0 1242 1456 633 666 490 438 586 661 1678 423 340 701 335 324 671
663 1260 216 613 600 828 661 594 474 108 763 268 992 751 1177 924 200 350 1265 327 876 1058 654 333 813 307 1297 1040 610 903 753 1814 1409 222 903 335 831 757 248 759 1223 657 353 732 1705 364 823 502 1176 495 607 1407 641 686 1026 530 600 1236 385 702 304 888 1436 691 1202 1188 1371 1242 0 312 913 838 1092 1237 681 911 799 1223 1381 1304 958 948 1351
877 1474 367 827 814 1042 875 808 688 322 978 210 1206 966 1391 1138 351 292 1480 269 1090 1272 869 547 1027 521 1512 1254 824 1117 967 2028 1623 373 1117 549 1045 971 252 973 1437 872 150 946 1919 97 1037 716 1390 709 821 1621 855 900 1240 744 814 1450 600 916 37 1102 1651 905 1416 1402 1585 1456 312 0 1128 1052 1307 1452 895 1125 1014 1437 1595 1518 1173 1162 1565
1213 405 1031 1162 401 891 1210 657 986 843 1313 1083 213 815 322 346 1015 1165 411 1142 940 402 1204 708 876 682 443 384 831 48 817 1146 555 1037 124 710 894 820 1064 1309 369 1207 1168 914 1037 1180 886 877 470 716 670 552 1190 336 247 1080 821 381 606 352 1119 952 582 342 348 334 517 633 913 1128 0 260 238 383 332 132 1349 368 527 450 453 443 496
1137 607 955 1086 282 816 1134 581 910 767 1237 1007 264 739 524 196 939 1089 612 1067 864 330 1128 632 801 606 644 313 756 249 741 1347 756 961 175 635 818 745 988 1233 570 1131 1092 838 1238 1104 811 801 599 640 594 754 1115 186 299 1004 745 583 531 202 1044 876 783 192 549 535 718 666 838 1052 260 0 439 584 182 184 1273 570 728 651 382 372 697
1392 205 1210 1341 580 1070 1389 836 1165 1022 1492 1262 207 994 122 349 1194 1344 268 1321 1119 370 1383 887 1056 861 243 352 1010 227 996 1325 412 1216 303 889 1073 1000 1243 1488 226 1386 1347 1093 1216 1359 1065 1056 327 895 849 409 1369 515 242 1259 1000 181 786 531 1299 1131 439 521 204 134 374 490 1092 1307 238 439 0 240 511 311 1528 225 383 250 421 411 296
1537 407 1355 1486 725 1215 1534 981 1310 1167 1637 1407 352 1139 324 494 1339 1489 58 1466 1264 515 1528 1032 1201 1006 445 497 1155 372 1141 1470 269 1361 448 1034 1218 1145 1388 1633 83 1531 1492 1238 1361 1504 1211 1201 275 1040 994 266 1514 660 387 1404 1145 383 931 676 1444 1276 296 666 61 336 231 438 1237 1452 383 584 240 0 656 456 1673 82 240 452 436 426 446
980 678 799 930 125 659 978 425 754 611 1081 851 336 583 595 268 783 933 684 910 708 402 972 476 644 450 716 384 599 321 584 1383 828 805 247 478 662 588 832 1076 642 975 936 682 1274 948 654 645 520 484 438 820 958 30 370 847 589 654 374 46 887 720 855 35 620 607 790 586 681 895 332 182 511 656 0 255 1117 641 799 722 302 292 769
1210 478 1029 1160 355 889 1208 655 983 841 1311 1081 136 813 395 270 1013 1163 484 1140 937 325 1202 706 874 680 516 308 829 121 814 1218 628 1035 47 708 892 818 1061 1306 442 1205 1166 911 1110 1178 884 875 543 713 668 625 1188 260 170 1077 819 454 604 276 1117 949 655 265 420 407 590 661 911 1125 132 184 311 456 255 0 1347 441 599 523 377 366 569
238 1860 1082 204 1200 1173 235 1194 690 894 92 1134 1592 1096 1777 1524 1066 1216 1865 1193 1221 1658 229 933 1158 907 1897 1640 929 1502 1098 2414 2009 1088 1503 935 1175 1102 1114 88 1823 232 1219 1050 2305 1230 1168 794 1775 1064 1206 2007 216 1286 1626 566 918 1836 985 1301 1170 1233 2036 1291 1802 1788 1971 1842 964 1178 1513 1437 1692 1837 1281 1511 0 1823 1981 1904 1558 1548 1950
1522 393 1341 1472 710 1201 1520 967 1295 1153 1622 1393 338 1124 310 479 1325 1475 110 1452 1249 500 1513 1017 1186 991 430 483 1141 358 1126 1455 213 1347 433 1020 1203 1130 1373 1618 27 1516 1478 1223 1346 1489 1196 1187 260 1025 979 210 1500 646 372 1389 1131 369 916 661 1429 1261 240 651 47 321 175 423 1223 1437 368 570 225 82 641 441 1658 0 184 437 421 411 390
1680 453 1499 1630 868 1359 1678 1125 1453 1311 1780 1551 496 1282 468 637 1483 1633 268 1610 1407 658 1671 1175 1344 1149 588 641 1299 516 1284 1613 183 1505 591 1178 1361 1288 1531 1776 185 1674 1636 1381 1504 1647 1354 1345 418 1183 1137 55 1658 804 530 1547 1289 475 1074 820 1587 1419 210 809 205 479 145 340 1381 1595 527 728 383 240 799 599 1816 184 0 408 579 569 360
1603 74 1422 1553 791 1282 1601 1048 1376 1234 1704 1474 419 1205 334 561 1406 1556 480 1533 1330 581 1595 1098 1267 1072 289 564 1222 439 1207 1536 248 1428 514 1101 1285 1211 1454 1699 437 1598 1559 1304 1427 1570 1277 1268 539 1106 1061 434 1581 727 453 1470 1212 96 997 743 1510 1342 223 732 416 180 287 701 1304 1518 450 651 250 452 722 523 1740 437 408 0 633 623 75
1258 589 1076 1207 403 936 1255 702 1031 888 1358 1128 272 860 506 211 1060 1210 464 1187 985 231 1249 753 921 727 626 214 876 442 862 1540 608 1082 368 755 939 865 1109 1354 422 1252 1213 959 1431 1225 931 922 268 761 715 568 1235 307 306 1124 866 565 651 323 1164 997 635 312 401 517 570 335 958 1173 453 382 421 436 302 377 1394 421 579 633 0 40 680
1247 578 1066 1197 392 926 1245 692 1020 878 1348 1118 262 849 495 200 1050 1200 454 1177 974 221 1239 742 911 716 616 204 866 432 851 1529 597 1072 358 745 929 855 1098 1343 411 1242 1203 948 1420 1214 921 912 258 750 705 558 1225 297 296 1114 856 554 641 312 1154 986 625 302 390 507 560 324 948 1162 443 372 411 426 292 366 1384 411 569 623 40 0 669
1650 120 1468 1599 838 1329 1647 1094 1423 1280 1750 1520 465 1252 380 607 1452 1602 474 1580 1377 628 1641 1145 1314 1119 335 610 1269 485 1254 1583 201 1474 561 1148 1331 1258 1501 1746 391 1644 1605 1351 1474 1617 1324 1314 585 1153 1107 386 1628 773 500 1517 1258 143 1044 789 1557 1389 176 779 411 226 239 671 1351 1565 496 697 296 446 769 569 1786 390 360 75 680 669 0
EOF
