NAME : tsp_problem
TYPE : TSP
DIMENSION : 62
EDGE_WEIGHT_TYPE : EXPLICIT
EDGE_WEIGHT_FORMAT : FULL_MATRIX
EDGE_WEIGHT_SECTION
0 812 1396 1357 797 1333 830 1095 1002 1075 188 229 591 833 344 1350 1362 622 1473 1223 628 1375 1342 181 566 821 951 1351 1022 785 1153 1015 822 1075 219 716 548 1289 256 286 838 1271 520 831 1335 1182 1060 169 735 787 759 1092 552 1221 656 687 747 1031 730 1129 1008 833
812 0 1134 1094 863 1070 160 833 740 812 888 639 492 899 1044 1088 1099 437 1211 961 461 1113 1080 733 394 887 689 1089 760 851 891 753 34 812 772 782 437 1027 666 695 50 1009 415 897 1073 920 798 722 473 853 496 829 432 959 303 753 87 769 468 867 745 899
1396 1134 0 684 1606 357 1272 324 759 590 1473 1224 1362 1642 1629 481 133 1308 698 551 1332 494 473 1318 1047 1630 466 679 400 1594 264 401 1144 497 1357 1525 1183 314 1251 1280 1161 599 1000 1640 106 489 634 1307 688 1596 663 603 1187 204 1136 1496 1070 389 692 565 659 1642
1357 1094 684 0 1566 525 1232 587 519 306 1433 1184 1323 1602 1590 393 650 1268 294 209 1292 418 385 1278 1007 1590 663 115 597 1554 527 598 1105 461 1317 1485 1143 481 1211 1241 1121 257 960 1600 623 535 395 1267 722 1556 698 365 1147 509 1096 1456 1030 586 726 359 374 1602
961 1027 1770 1730 0 1706 922 1469 1375 1448 1037 788 581 106 1194 1724 1735 612 1847 1597 618 1748 1716 883 940 118 1325 1724 1396 133 1526 1389 1018 1448 921 127 739 1663 815 845 1002 1644 893 108 1709 1555 1433 871 1109 135 1132 1465 734 1594 860 128 1092 1404 1103 1502 1381 142
1333 1070 357 525 1542 0 1208 260 644 430 1409 1160 1298 1578 1566 321 322 1244 641 391 1268 346 313 1254 983 1566 403 519 337 1530 200 338 1081 433 1293 1461 1119 65 1187 1217 1097 439 936 1576 296 425 520 1243 624 1532 599 489 1123 182 1072 1432 1006 325 628 483 499 1578
830 160 1272 1232 758 1208 0 971 877 950 907 658 387 795 1063 1225 1237 332 1349 1099 356 1250 1218 752 290 782 826 1226 898 746 1028 891 151 950 791 677 332 1164 684 714 135 1146 336 793 1210 1057 935 741 611 748 634 967 327 1096 198 648 225 906 605 1004 883 794
1095 833 324 587 1305 260 971 0 458 394 1172 923 1061 1341 1328 384 289 1007 704 454 1031 409 376 1017 746 1329 166 581 100 1293 159 101 844 196 1056 1224 882 216 950 979 860 501 699 1339 262 188 333 1006 387 1295 362 302 886 148 835 1195 769 88 391 264 462 1341
1002 740 759 519 1211 644 877 458 0 237 1078 829 968 1247 1235 513 724 913 636 386 937 538 505 924 652 1235 392 513 456 1199 515 456 750 288 962 1130 788 600 856 886 766 433 605 1246 697 393 148 912 293 1201 269 180 792 583 742 1101 675 444 297 217 171 1247
1075 812 590 306 1284 430 950 394 237 0 1151 902 1040 1320 1307 299 556 986 422 172 1010 324 291 996 725 1308 458 300 392 1272 433 393 823 256 1035 1203 861 387 929 958 839 220 678 1318 529 329 190 985 440 1274 416 159 865 415 814 1174 748 380 444 153 92 1320
188 888 1473 1433 873 1409 907 1172 1078 1151 0 306 667 909 214 1426 1438 698 1550 1300 704 1451 1419 257 643 897 1027 1427 1099 861 1229 1092 898 1151 295 792 625 1365 332 362 914 1347 596 908 1411 1258 1136 245 812 863 835 1168 628 1297 732 763 823 1107 806 1205 1084 909
229 639 1224 1184 624 1160 658 923 829 902 306 0 419 661 462 1177 1189 449 1301 1051 455 1202 1170 151 394 648 778 1178 850 612 980 843 649 902 190 543 376 1116 83 113 665 1098 347 659 1162 1009 887 140 563 614 586 919 380 1048 483 514 574 858 557 956 835 661
591 492 1362 1323 417 1298 387 1061 968 1040 667 419 0 453 824 1316 1327 76 1439 1189 82 1341 1308 513 416 441 917 1317 988 405 1119 981 483 1041 552 336 203 1255 445 475 467 1237 462 452 1301 1148 1026 502 701 407 725 1057 199 1187 324 307 556 997 696 1095 973 453
998 1064 1806 1767 106 1743 959 1505 1412 1484 1074 825 618 0 1231 1760 1772 648 1883 1633 654 1785 1752 919 976 81 1361 1761 1432 132 1563 1425 1055 1485 958 164 775 1699 852 882 1039 1681 930 70 1745 1592 1470 908 1145 115 1169 1502 771 1631 896 164 1128 1441 1140 1539 1418 104
344 1044 1629 1590 1030 1566 1063 1328 1235 1307 214 462 824 1066 0 1583 1595 854 1706 1456 861 1608 1575 414 799 1054 1184 1584 1255 1018 1386 1248 1055 1308 452 949 781 1522 489 519 1071 1504 752 1064 1568 1415 1293 402 968 1020 992 1324 785 1454 889 920 980 1264 963 1362 1241 1066
1350 1088 481 393 1559 321 1225 384 513 299 1426 1177 1316 1596 1583 0 421 1262 365 260 1285 57 45 1272 1001 1583 526 388 460 1547 324 461 1098 455 1311 1478 1137 278 1204 1234 1114 307 954 1594 420 528 389 1260 716 1549 691 358 1141 305 1090 1450 1023 449 720 352 368 1596
1362 1099 133 650 1571 322 1237 289 724 556 1438 1189 1327 1607 1595 421 0 1273 592 516 1297 388 420 1283 1012 1595 432 644 366 1559 229 367 1110 462 1322 1490 1148 279 1216 1246 1126 564 965 1605 71 454 599 1272 653 1561 628 568 1152 169 1101 1461 1035 354 657 530 624 1607
622 437 1308 1268 447 1244 332 1007 913 986 698 449 76 484 854 1262 1273 0 1385 1135 45 1286 1254 543 361 471 862 1262 934 435 1064 927 428 986 582 366 149 1200 476 505 412 1182 407 482 1246 1093 971 532 647 437 670 1003 144 1132 270 338 502 942 641 1040 919 484
1473 1211 698 294 1682 641 1349 704 636 422 1550 1301 1439 1719 1706 365 592 1385 0 326 1409 331 363 1395 1124 1707 780 288 714 1671 644 715 1221 578 1434 1601 1260 598 1327 1357 1237 374 1077 1717 617 651 512 1384 839 1673 814 481 1264 626 1213 1573 1147 702 843 475 491 1719
1223 961 551 209 1432 391 1099 454 386 172 1300 1051 1189 1469 1456 260 516 1135 326 0 1159 285 252 1145 874 1457 530 204 464 1421 394 465 971 328 1184 1351 1010 348 1077 1107 987 72 827 1467 490 402 262 1134 589 1423 564 231 1014 376 963 1323 897 452 593 225 241 1469
628 461 1332 1292 453 1268 356 1031 937 1010 704 455 82 490 861 1285 1297 45 1409 1159 0 1310 1278 550 385 478 886 1286 958 442 1088 951 452 1010 588 372 173 1224 482 512 436 1206 431 488 1270 1117 995 538 671 444 694 1027 168 1156 294 344 526 966 665 1064 943 490
1375 1113 494 418 1584 346 1250 409 538 324 1451 1202 1341 1621 1608 57 388 1286 331 285 1310 0 55 1297 1025 1608 551 412 485 1572 349 486 1123 480 1335 1503 1162 302 1229 1259 1139 332 979 1619 412 553 414 1285 741 1574 716 383 1165 330 1115 1474 1048 474 745 377 393 1621
1342 1080 473 385 1551 313 1218 376 505 291 1419 1170 1308 1588 1575 45 420 1254 363 252 1278 55 0 1264 993 1576 519 380 453 1540 316 454 1090 447 1303 1471 1129 270 1196 1226 1106 300 946 1586 412 521 381 1253 708 1542 683 350 1133 298 1082 1442 1016 441 712 344 360 1588
181 733 1318 1278 719 1254 752 1017 924 996 257 151 513 755 414 1272 1283 543 1395 1145 550 1297 1264 0 488 743 873 1273 944 707 1075 937 744 996 113 638 470 1211 178 208 760 1193 441 753 1257 1104 982 91 657 709 680 1013 474 1143 578 609 669 953 652 1051 929 755
566 394 1047 1007 776 983 290 746 652 725 643 394 416 812 799 1001 1012 361 1124 874 385 1025 993 488 0 800 601 1001 673 764 803 666 385 725 527 695 353 939 420 450 370 921 113 810 985 832 710 477 386 766 409 742 356 871 115 666 397 681 380 779 658 812
985 1051 1794 1754 118 1730 946 1493 1399 1472 1061 812 605 81 1218 1748 1759 636 1871 1621 642 1773 1740 907 964 0 1349 1748 1420 145 1550 1413 1042 1472 946 151 763 1687 839 869 1026 1668 917 83 1733 1579 1457 895 1133 128 1156 1489 758 1619 884 152 1116 1429 1128 1527 1405 117
951 689 466 663 1160 403 826 166 392 458 1027 778 917 1197 1184 526 432 862 780 530 886 551 519 873 601 1184 0 658 150 1148 223 143 699 260 911 1079 738 359 805 835 715 577 555 1195 405 252 397 861 243 1150 218 366 742 291 691 1051 624 152 247 328 474 1197
1351 1089 679 115 1560 519 1226 581 513 300 1427 1178 1317 1597 1584 388 644 1262 288 204 1286 412 380 1273 1001 1584 658 0 591 1548 521 593 1099 455 1311 1479 1137 475 1205 1235 1115 251 954 1595 617 529 390 1261 717 1550 692 359 1141 503 1091 1450 1024 580 721 353 369 1597
1022 760 400 597 1232 337 898 100 456 392 1099 850 988 1268 1255 460 366 934 714 464 958 485 453 944 673 1256 150 591 0 1220 157 99 770 194 983 1151 809 293 876 906 787 511 626 1266 339 186 331 933 314 1222 289 300 813 225 762 1122 696 86 318 262 460 1268
949 1015 1758 1718 133 1694 910 1457 1363 1436 1025 776 569 132 1182 1712 1723 600 1835 1585 606 1737 1704 871 928 145 1313 1712 1384 0 1514 1377 1006 1436 909 115 727 1651 803 833 990 1632 881 135 1697 1543 1421 859 1097 123 1120 1453 722 1583 848 116 1080 1392 1092 1490 1369 168
1153 891 264 527 1362 200 1028 159 515 433 1229 980 1119 1399 1386 324 229 1064 644 394 1088 349 316 1075 803 1386 223 521 157 1350 0 158 901 253 1113 1281 939 156 1007 1037 917 441 756 1397 202 245 390 1063 444 1352 420 360 943 88 893 1252 826 145 448 321 502 1399
1015 753 401 598 1225 338 891 101 456 393 1092 843 981 1261 1248 461 367 927 715 465 951 486 454 937 666 1249 143 593 99 1213 158 0 763 195 976 1144 802 294 869 899 780 512 619 1259 340 187 332 926 307 1215 282 301 806 226 755 1115 689 87 311 263 461 1261
822 34 1144 1105 854 1081 151 844 750 823 898 649 483 890 1055 1098 1110 428 1221 971 452 1123 1090 744 385 878 699 1099 770 842 901 763 0 823 782 773 428 1037 676 706 60 1019 425 888 1083 930 808 732 484 844 507 840 423 969 294 744 98 779 478 877 756 890
1075 812 497 461 1284 433 950 196 288 256 1151 902 1041 1320 1308 455 462 986 578 328 1010 480 447 996 725 1308 260 455 194 1272 253 195 823 0 1035 1203 861 389 929 959 839 375 678 1318 435 131 195 985 366 1274 341 164 865 321 814 1174 748 182 370 126 324 1320
219 772 1357 1317 757 1293 791 1056 962 1035 295 190 552 794 452 1311 1322 582 1434 1184 588 1335 1303 113 527 781 911 1311 983 745 1113 976 782 1035 0 676 509 1249 217 246 798 1231 480 792 1295 1142 1020 130 696 747 719 1052 513 1181 616 647 707 991 690 1089 968 794
880 946 1689 1649 127 1625 841 1388 1294 1367 956 707 500 164 1113 1643 1654 531 1766 1516 537 1667 1635 802 859 151 1244 1643 1315 115 1445 1308 937 1367 840 0 658 1582 734 764 921 1563 812 162 1628 1474 1352 790 1028 117 1051 1384 653 1513 779 93 1011 1323 1023 1421 1300 164
548 437 1183 1143 575 1119 332 882 788 861 625 376 203 611 781 1137 1148 149 1260 1010 173 1162 1129 470 353 599 738 1137 809 563 939 802 428 861 509 494 0 1076 402 432 412 1057 306 609 1122 968 846 459 522 565 545 878 88 1007 269 465 501 817 517 915 794 611
1289 1027 314 481 1498 65 1164 216 600 387 1365 1116 1255 1535 1522 278 279 1200 598 348 1224 302 270 1211 939 1522 359 475 293 1486 156 294 1037 389 1249 1417 1076 0 1143 1173 1053 395 893 1533 252 381 477 1199 581 1488 556 446 1080 138 1029 1389 962 281 585 440 456 1535
256 666 1251 1211 651 1187 684 950 856 929 332 83 445 687 489 1204 1216 476 1327 1077 482 1229 1196 178 420 675 805 1205 876 639 1007 869 676 929 217 570 402 1143 0 91 692 1125 374 685 1189 1036 914 166 590 641 613 946 406 1075 510 541 601 885 584 983 862 687
286 695 1280 1241 681 1217 714 979 886 958 362 113 475 717 519 1234 1246 505 1357 1107 512 1259 1226 208 450 705 835 1235 906 669 1037 899 706 959 246 600 432 1173 91 0 722 1155 403 715 1219 1066 944 196 619 671 643 975 436 1105 540 571 631 915 614 1013 892 717
838 50 1161 1121 838 1097 135 860 766 839 914 665 467 874 1071 1114 1126 412 1237 987 436 1139 1106 760 370 862 715 1115 787 826 917 780 60 839 798 757 412 1053 692 722 0 1035 416 872 1099 946 824 748 500 828 523 856 407 985 278 728 114 795 494 893 772 874
1271 1009 599 257 1480 439 1146 501 433 220 1347 1098 1237 1516 1504 307 564 1182 374 72 1206 332 300 1193 921 1504 577 251 511 1468 441 512 1019 375 1231 1399 1057 395 1125 1155 1035 0 874 1515 537 449 310 1181 637 1470 612 279 1061 423 1011 1370 944 500 641 273 288 1516
520 415 1000 960 729 936 336 699 605 678 596 347 462 765 752 954 965 407 1077 827 431 979 946 441 113 753 555 954 626 717 756 619 425 678 480 648 306 893 374 403 416 874 0 763 939 785 663 430 339 719 362 695 310 824 161 619 350 634 334 732 611 765
996 1062 1804 1765 108 1741 957 1504 1410 1483 1072 823 616 70 1229 1758 1770 646 1881 1631 652 1783 1750 917 974 83 1359 1759 1430 135 1561 1423 1053 1483 956 162 774 1697 850 880 1037 1679 928 0 1743 1590 1468 906 1144 117 1167 1500 769 1629 894 163 1126 1439 1138 1537 1416 106
1335 1073 106 623 1544 296 1210 262 697 529 1411 1162 1301 1581 1568 420 71 1246 617 490 1270 412 412 1257 985 1568 405 617 339 1532 202 340 1083 435 1295 1463 1122 252 1189 1219 1099 537 939 1579 0 427 573 1245 627 1534 602 542 1126 143 1075 1435 1008 327 631 504 598 1581
1182 920 489 535 1391 425 1057 188 393 329 1258 1009 1148 1428 1415 528 454 1093 651 402 1117 553 521 1104 832 1415 252 529 186 1379 245 187 930 131 1142 1310 968 381 1036 1066 946 449 785 1426 427 0 269 1092 473 1381 449 238 972 313 922 1281 855 174 477 200 398 1428
1060 798 634 395 1269 520 935 333 148 190 1136 887 1026 1306 1293 389 599 971 512 262 995 414 381 982 710 1293 397 390 331 1257 390 332 808 195 1020 1188 846 477 914 944 824 310 663 1304 573 269 0 970 351 1259 327 72 850 459 800 1159 733 319 355 92 153 1305
169 722 1307 1267 707 1243 741 1006 912 985 245 140 502 744 402 1260 1272 532 1384 1134 538 1285 1253 91 477 731 861 1261 933 695 1063 926 732 985 130 626 459 1199 166 196 748 1181 430 742 1245 1092 970 0 646 697 669 1002 463 1131 566 597 657 941 640 1039 918 744
735 473 688 722 945 624 611 387 293 440 812 563 701 981 968 716 653 647 839 589 671 741 708 657 386 969 243 717 314 933 444 307 484 366 696 864 522 581 590 619 500 637 339 979 627 473 351 646 0 935 115 383 526 512 475 835 409 322 86 420 375 981
951 1017 1760 1720 135 1696 912 1459 1365 1438 1027 778 571 115 1184 1714 1725 602 1837 1587 608 1739 1706 873 930 128 1315 1714 1386 123 1516 1379 1008 1438 912 117 729 1653 805 835 992 1634 883 117 1699 1545 1423 861 1099 0 1122 1455 724 1585 850 118 1082 1395 1094 1493 1371 151
759 496 663 698 968 599 634 362 269 416 835 586 725 1004 992 691 628 670 814 564 694 716 683 680 409 992 218 692 289 956 420 282 507 341 719 887 545 556 613 643 523 612 362 1002 602 449 327 669 115 958 0 358 549 488 498 858 432 298 109 396 350 1004
1092 829 603 365 1301 489 967 302 180 159 1168 919 1057 1337 1324 358 568 1003 481 231 1027 383 350 1013 742 1325 366 359 300 1289 360 301 840 164 1052 1220 878 446 946 975 856 279 695 1335 542 238 72 1002 383 1291 358 0 882 428 831 1191 765 289 387 62 184 1337
552 432 1187 1147 570 1123 327 886 792 865 628 380 199 606 785 1141 1152 144 1264 1014 168 1165 1133 474 356 594 742 1141 813 558 943 806 423 865 513 489 88 1080 406 436 407 1061 310 604 1126 972 850 463 526 560 549 882 0 1011 265 460 497 821 520 919 798 606
1221 959 204 509 1430 182 1096 148 583 415 1297 1048 1187 1467 1454 305 169 1132 626 376 1156 330 298 1143 871 1454 291 503 225 1418 88 226 969 321 1181 1349 1007 138 1075 1105 985 423 824 1465 143 313 459 1131 512 1420 488 428 1011 0 961 1320 894 213 516 389 484 1467
656 303 1136 1096 695 1072 198 835 742 814 732 483 324 732 889 1090 1101 270 1213 963 294 1115 1082 578 115 719 691 1091 762 683 893 755 294 814 616 614 269 1029 510 540 278 1011 161 730 1075 922 800 566 475 685 498 831 265 961 0 586 368 771 470 869 747 732
851 917 1660 1620 128 1596 813 1359 1265 1338 928 679 472 164 1084 1614 1625 502 1737 1487 508 1639 1606 773 830 152 1215 1615 1286 116 1417 1279 908 1338 812 93 629 1553 705 735 892 1535 783 163 1599 1446 1324 762 999 118 1022 1355 624 1485 750 0 982 1295 994 1393 1271 164
747 87 1070 1030 927 1006 225 769 675 748 823 574 556 964 980 1023 1035 502 1147 897 526 1048 1016 669 397 951 624 1024 696 915 826 689 98 748 707 846 501 962 601 631 114 944 350 962 1008 855 733 657 409 917 432 765 497 894 368 818 0 704 403 802 681 964
1031 769 389 586 1240 325 906 88 444 380 1107 858 997 1277 1264 449 354 942 702 452 966 474 441 953 681 1264 152 580 86 1228 145 87 779 182 991 1159 817 281 885 915 795 500 634 1275 327 174 319 941 322 1230 298 289 821 213 771 1130 704 0 326 250 449 1277
730 468 692 726 939 628 605 391 297 444 806 557 696 976 963 720 657 641 843 593 665 745 712 652 380 963 247 721 318 927 448 311 478 370 690 858 517 585 584 614 494 641 334 974 631 477 355 640 86 929 109 387 520 516 470 830 403 326 0 424 379 976
1129 867 565 359 1338 483 1004 264 217 153 1205 956 1095 1375 1362 352 530 1040 475 225 1064 377 344 1051 779 1362 328 353 262 1326 321 263 877 126 1089 1257 915 440 983 1013 893 273 732 1373 504 200 92 1039 420 1328 396 62 919 389 869 1228 802 250 424 0 222 1375
1008 745 659 374 1217 499 883 462 171 92 1084 835 973 1253 1241 368 624 919 491 241 943 393 360 929 658 1241 474 369 460 1205 502 461 756 324 968 1136 794 456 862 892 772 288 611 1251 598 398 153 918 375 1207 350 184 798 484 747 1107 681 449 379 222 0 1253
998 1063 1806 1767 142 1743 959 1505 1412 1484 1074 825 618 104 1230 1760 1772 648 1883 1633 654 1785 1752 919 976 117 1361 1761 1432 168 1563 1425 1055 1485 958 164 775 1699 852 881 1039 1681 929 106 1745 1592 1470 908 1145 151 1169 1501 771 1631 896 164 1128 1441 1140 1539 1418 0
EOF