NAME : tsp_problem
TYPE : TSP
DIMENSION : 28
EDGE_WEIGHT_TYPE : EXPLICIT
EDGE_WEIGHT_FORMAT : FULL_MATRIX
EDGE_WEIGHT_SECTION
0 424 608 564 795 805 895 974 951 577 85 1206 794 701 788 365 1333 205 1052 743 76 792 1076 671 996 782 140 773
424 0 573 528 564 770 860 939 604 542 486 1171 759 353 753 324 1298 244 1017 396 450 757 1041 636 649 747 515 738
608 573 0 67 985 253 313 391 886 56 670 728 242 636 236 452 855 612 469 678 557 240 493 119 931 230 492 365
564 528 67 0 940 264 354 432 842 66 626 739 253 591 247 408 866 568 511 633 512 251 535 130 886 241 447 376
959 729 1149 1105 0 1346 1436 1515 1006 1118 1021 1747 1335 755 1330 901 1874 779 1593 798 985 1333 1617 1213 1051 1323 1050 1314
805 770 253 264 1182 0 265 344 1083 252 867 580 211 832 205 649 707 809 422 875 753 209 446 316 1128 199 689 334
895 860 313 354 1272 265 0 148 1173 343 957 637 398 923 404 739 567 899 180 965 844 448 204 247 1218 411 779 497
974 939 391 432 1351 344 148 0 1252 421 1036 558 477 1001 483 818 488 978 101 1043 922 527 125 325 1297 489 858 518
951 604 886 842 842 1083 1173 1252 0 855 1013 1484 1072 307 1066 638 1611 797 1330 349 899 1070 1354 949 71 1060 835 1051
577 542 56 66 954 252 343 421 855 0 639 728 242 605 236 422 855 581 499 647 526 239 523 119 900 229 461 365
85 486 670 626 857 867 957 1036 1013 639 0 1268 856 763 851 427 1395 267 1114 805 138 854 1138 734 1058 844 202 835
1206 1171 728 739 1583 580 637 558 1484 728 1268 0 509 1233 515 1050 240 1210 590 1276 1154 559 518 791 1529 522 1090 458
794 759 242 253 1171 211 398 477 1072 242 856 509 0 822 54 638 636 798 555 864 743 73 528 305 1117 60 678 147
701 353 636 591 591 832 923 1001 307 605 763 1233 822 0 816 387 1360 547 1079 99 649 819 1103 699 352 810 584 801
788 753 236 247 1165 205 404 483 1066 236 851 515 54 816 0 633 642 792 561 858 737 68 534 300 1111 58 672 152
365 324 452 408 736 649 739 818 638 422 427 1050 638 387 633 0 1177 185 896 429 392 636 920 516 682 626 401 617
1333 1298 855 866 1710 707 567 488 1611 855 1395 240 636 1360 642 1177 0 1337 520 1403 1281 686 448 791 1656 649 1217 585
205 244 612 568 615 809 899 978 797 581 267 1210 798 547 792 185 1337 0 1056 589 231 796 1080 675 842 786 296 777
1052 1017 469 511 1429 422 180 101 1330 499 1114 590 555 1079 561 896 520 1056 0 1122 1000 605 157 403 1375 567 936 549
743 396 678 633 633 875 965 1043 349 647 805 1276 864 99 858 429 1403 589 1122 0 691 862 1146 741 394 852 626 843
76 450 557 512 821 753 844 922 899 526 138 1154 743 649 737 392 1281 231 1000 691 0 740 1024 620 944 730 88 721
792 757 240 251 1169 209 448 527 1070 239 854 559 73 819 68 636 686 796 605 862 740 0 578 303 1115 61 676 197
1076 1041 493 535 1453 446 204 125 1354 523 1138 518 528 1103 534 920 448 1080 157 1146 1024 578 0 427 1399 540 960 477
671 636 119 130 1048 316 247 325 949 119 734 791 305 699 300 516 791 675 403 741 620 303 427 0 994 293 555 429
996 649 931 886 887 1128 1218 1297 71 900 1058 1529 1117 352 1111 682 1656 842 1375 394 944 1115 1399 994 0 1105 880 1096
782 747 230 241 1159 199 411 489 1060 229 844 522 60 810 58 626 649 786 567 852 730 61 540 293 1105 0 666 159
140 515 492 447 885 689 779 858 835 461 202 1090 678 584 672 401 1217 296 936 626 88 676 960 555 880 666 0 657
773 738 365 376 1150 334 497 518 1051 365 835 458 147 801 152 617 585 777 549 843 721 197 477 429 1096 159 657 0
EOF