NAME : tsp_problem
TYPE : TSP
DIMENSION : 46
EDGE_WEIGHT_TYPE : EXPLICIT
EDGE_WEIGHT_FORMAT : FULL_MATRIX
EDGE_WEIGHT_SECTION
0 983 1309 217 556 1103 1149 417 415 1151 328 1088 441 2149 325 838 1316 101 814 1071 1090 331 486 1396 451 1182 393 1363 438 1076 819 1305 949 1322 760 1120 281 1295 1106 1277 295 1470 1093 258 782 444
983 0 753 1116 733 183 593 780 1295 595 830 313 718 1592 874 170 759 903 416 201 164 983 785 639 746 626 1293 606 719 520 421 749 304 565 362 161 1130 739 550 721 863 713 537 746 384 827
1309 753 0 1442 1059 912 405 1106 1621 407 1156 1016 1044 907 1200 608 74 1228 742 686 893 1309 1111 837 1072 295 1619 804 1045 332 747 64 876 764 688 773 1456 198 362 390 1189 911 348 1072 710 1153
217 1116 1442 0 699 1236 1283 606 295 1284 461 1222 574 2282 514 972 1449 234 948 1204 1224 520 629 1530 640 1316 273 1496 572 1209 953 1439 1082 1456 894 1254 459 1429 1240 1410 428 1603 1226 392 916 587
556 733 1059 699 0 853 900 163 679 901 264 839 152 1899 257 589 1066 486 565 821 841 366 94 1146 165 933 700 1113 153 826 570 1056 699 1073 511 871 514 1046 857 1027 295 1220 843 407 533 136
1103 183 912 1236 853 0 752 900 1415 754 950 186 838 1751 994 329 918 1022 317 279 43 1103 905 717 866 785 1413 684 839 679 313 908 177 644 372 239 1250 898 709 880 983 791 695 865 349 947
1149 593 405 1283 900 752 0 946 1462 25 996 856 884 1245 1040 449 412 1069 582 527 734 1149 952 678 912 278 1459 644 885 101 587 402 717 604 528 613 1297 392 71 373 1030 751 85 912 550 993
417 780 1106 606 163 900 946 0 540 948 307 886 273 1946 119 636 1113 490 611 868 887 228 138 1193 59 979 562 1160 274 873 616 1102 746 1119 557 917 375 1092 904 1074 306 1267 890 470 579 180
415 1295 1621 295 679 1415 1462 540 0 1463 645 1401 757 2461 448 1151 1628 432 1127 1383 1403 454 609 1709 575 1495 46 1675 755 1388 1132 1618 1262 1635 1073 1433 188 1608 1419 1589 626 1782 1405 590 1095 567
1151 595 407 1284 901 754 25 948 1463 0 998 858 886 1247 1042 450 414 1070 584 528 735 1151 953 679 914 280 1461 646 887 103 589 403 719 606 530 615 1298 393 73 375 1031 753 86 914 552 995
328 830 1156 461 264 950 996 307 645 998 0 936 137 1996 223 686 1163 247 662 918 937 332 225 1243 341 1029 638 1210 135 923 666 1152 796 1169 608 967 480 1143 954 1124 57 1317 940 220 629 183
1088 313 1016 1222 839 186 856 886 1401 858 936 0 823 1856 979 459 1023 1008 303 410 173 1088 891 848 851 889 1399 814 825 783 299 1012 163 774 357 370 1236 1002 814 984 969 922 800 851 335 933
441 718 1044 574 152 838 884 273 757 886 137 823 0 1883 336 573 1050 360 549 806 825 445 204 1131 274 917 751 1097 137 811 554 1040 684 1057 495 855 592 1030 841 1012 170 1204 827 333 517 245
2149 1592 907 2282 1899 1751 1245 1946 2461 1247 1996 1856 1883 0 2040 1448 914 2068 1582 1526 1733 2148 1951 1677 1912 1134 2459 1644 1885 1171 1586 903 1716 1603 1528 1612 2296 1038 1202 1229 2029 1751 1188 1911 1550 1993
325 874 1200 514 257 994 1040 119 448 1042 223 979 336 2040 0 729 1207 398 705 962 981 136 187 1287 153 1073 470 1253 334 967 710 1196 840 1213 651 1011 283 1186 997 1168 222 1361 984 386 673 145
838 170 608 972 589 329 449 636 1151 450 686 459 573 1448 729 0 615 758 272 347 310 838 641 695 601 481 1149 662 575 375 276 605 406 622 217 307 986 595 406 576 719 769 392 601 239 683
1316 759 74 1449 1066 918 412 1113 1628 414 1163 1023 1050 914 1207 615 0 1235 749 693 900 1315 1118 844 1079 301 1626 811 1052 338 753 70 883 770 695 779 1463 205 369 396 1196 918 355 1078 717 1160
101 903 1228 234 486 1022 1069 490 432 1070 247 1008 360 2068 398 758 1235 0 734 990 1010 404 415 1316 524 1102 411 1282 358 995 739 1225 869 1242 680 1040 354 1215 1026 1196 214 1389 1012 178 702 373
814 416 742 948 565 317 582 611 1127 584 662 303 549 1582 705 272 749 734 0 504 305 814 617 829 577 615 1125 796 551 509 69 738 164 755 83 501 962 728 540 710 695 903 526 577 61 659
1071 201 686 1204 821 279 527 868 1383 528 918 410 806 1526 962 347 693 990 504 0 261 1071 873 481 834 560 1381 448 807 453 509 683 401 407 450 114 1218 673 484 654 951 555 470 833 472 915
1090 164 893 1224 841 43 734 887 1403 735 937 173 825 1733 981 310 900 1010 305 261 0 1090 893 699 853 766 1400 665 826 660 301 890 164 625 359 221 1238 880 691 861 970 773 677 853 337 934
331 983 1309 520 366 1103 1149 228 454 1151 332 1088 445 2148 136 838 1315 404 814 1071 1090 0 296 1396 262 1182 476 1362 443 1076 819 1305 949 1322 760 1120 289 1295 1106 1277 331 1470 1093 495 782 254
486 785 1111 629 94 905 952 138 609 953 225 891 204 1951 187 641 1118 415 617 873 893 296 0 1198 140 985 631 1165 205 878 622 1108 751 1125 563 923 444 1098 909 1079 224 1272 895 388 585 111
1560 803 1002 1694 1311 882 842 1357 1873 844 1408 1012 1295 1841 1451 860 1008 1480 993 646 863 1560 1363 0 1323 875 1871 52 1297 769 998 998 1003 92 939 717 1708 988 799 970 1441 137 786 1323 961 1405
451 746 1072 640 165 866 912 59 575 914 341 851 274 1912 153 601 1079 524 577 834 853 262 140 1159 0 945 596 1126 275 839 582 1068 712 1085 523 883 410 1058 869 1040 341 1233 856 504 545 181
1182 626 295 1316 933 785 278 979 1495 280 1029 889 917 1134 1073 481 301 1102 615 560 766 1182 985 711 945 0 1492 677 918 205 620 291 750 637 561 646 1330 281 236 123 1062 784 222 945 583 1026
393 1293 1619 273 700 1413 1459 562 46 1461 638 1399 751 2459 470 1149 1626 411 1125 1381 1400 476 631 1706 596 1492 0 1673 749 1386 1129 1615 1259 1632 1071 1430 210 1606 1417 1587 605 1780 1403 568 1093 589
1527 770 968 1660 1277 848 809 1324 1839 810 1374 979 1262 1808 1418 826 975 1446 960 612 830 1527 1329 52 1290 841 1837 0 1263 735 965 965 970 64 906 683 1674 955 766 936 1407 126 752 1290 928 1371
438 719 1045 572 153 839 885 274 755 887 135 825 137 1885 334 575 1052 358 551 807 826 443 205 1132 275 918 749 1099 0 812 555 1041 685 1058 497 856 590 1032 843 1013 168 1206 829 331 519 247
1076 520 332 1209 826 679 101 873 1388 103 923 783 811 1171 967 375 338 995 509 453 660 1076 878 604 839 205 1386 571 812 0 514 328 643 531 455 540 1223 318 102 300 956 678 115 838 477 920
819 421 747 953 570 313 587 616 1132 589 666 299 554 1586 710 276 753 739 69 509 301 819 622 834 582 620 1129 800 555 514 0 743 159 760 88 497 967 733 544 715 699 907 530 582 66 663
1305 749 64 1439 1056 908 402 1102 1618 403 1152 1012 1040 903 1196 605 70 1225 738 683 890 1305 1108 834 1068 291 1615 800 1041 328 743 0 873 760 684 769 1453 195 359 386 1185 907 345 1068 706 1149
949 304 876 1082 699 177 717 746 1262 719 796 163 684 1716 840 406 883 869 164 401 164 949 751 839 712 750 1259 805 685 643 159 873 0 765 218 361 1097 863 674 845 829 913 660 712 196 793
1487 730 928 1620 1237 808 768 1284 1799 770 1334 938 1221 1768 1377 786 935 1406 920 572 789 1486 1289 92 1250 801 1797 64 1223 695 924 924 929 0 866 643 1634 914 726 896 1367 166 712 1249 888 1331
760 362 688 894 511 372 528 557 1073 530 608 357 495 1528 651 217 695 680 83 450 359 760 563 775 523 561 1071 742 497 455 88 684 218 701 0 499 908 674 486 656 641 849 472 523 80 605
1120 161 773 1254 871 239 613 917 1433 615 967 370 855 1612 1011 307 779 1040 501 114 221 1120 923 552 883 646 1430 519 856 540 497 769 361 479 499 0 1268 759 570 741 1000 626 556 883 521 964
281 1130 1456 459 514 1250 1297 375 188 1298 480 1236 592 2296 283 986 1463 354 962 1218 1238 289 444 1544 410 1330 210 1510 590 1223 967 1453 1097 1470 908 1268 0 1443 1254 1424 479 1617 1240 512 930 402
1295 739 198 1429 1046 898 392 1092 1608 393 1143 1002 1030 1038 1186 595 205 1215 728 673 880 1295 1098 824 1058 281 1606 790 1032 318 733 195 863 750 674 759 1443 0 349 376 1176 898 335 1058 696 1140
1106 550 362 1240 857 709 71 904 1419 73 954 814 841 1202 997 406 369 1026 540 484 691 1106 909 635 869 236 1417 602 843 102 544 359 674 561 486 570 1254 349 0 330 987 709 85 869 507 951
1277 721 390 1410 1027 880 373 1074 1589 375 1124 984 1012 1229 1168 576 396 1196 710 654 861 1277 1079 805 1040 123 1587 772 1013 300 715 386 845 732 656 741 1424 376 330 0 1157 879 317 1040 678 1121
295 863 1189 428 295 983 1030 306 626 1031 57 969 170 2029 222 719 1196 214 695 951 970 331 224 1276 341 1062 605 1243 168 956 699 1185 829 1203 641 1000 479 1176 987 1157 0 1350 973 187 663 183
1634 877 1075 1767 1384 955 916 1431 1946 917 1481 1086 1369 1915 1525 933 1082 1554 1067 719 937 1634 1436 137 1397 949 1944 126 1370 842 1072 1072 1077 166 1013 790 1781 1062 873 1043 1514 0 859 1397 1035 1478
1093 537 348 1226 843 695 85 890 1405 86 940 800 827 1188 984 392 355 1012 526 470 677 1093 895 621 856 222 1403 588 829 115 530 345 660 547 472 556 1240 335 85 317 973 695 0 855 494 937
258 746 1072 392 407 865 912 470 590 914 220 851 333 1911 386 601 1078 178 577 833 853 495 388 1159 504 945 568 1125 331 838 582 1068 712 1085 523 883 512 1058 869 1040 187 1232 855 0 545 346
782 384 710 916 533 349 550 579 1095 552 629 335 517 1550 673 239 717 702 61 472 337 782 585 797 545 583 1093 764 519 477 66 706 196 723 80 521 930 696 507 678 663 871 494 545 0 626
444 827 1153 587 136 947 993 180 567 995 183 933 245 1993 145 683 1160 373 659 915 934 254 111 1240 181 1026 589 1207 247 920 663 1149 793 1166 605 964 402 1140 951 1121 183 1314 937 346 626 0
EOF