NAME : tsp_problem
TYPE : TSP
DIMENSION : 27
EDGE_WEIGHT_TYPE : EXPLICIT
EDGE_WEIGHT_FORMAT : FULL_MATRIX
EDGE_WEIGHT_SECTION
0 1376 876 1624 687 129 1078 1298 595 1376 1506 744 748 422 721 710 576 1499 1251 1358 1382 1093 1088 714 1665 736 1576
1376 0 825 1060 1052 1416 330 110 960 680 941 742 746 1154 936 925 1153 934 161 794 360 500 341 929 845 951 1012
876 825 0 1073 316 786 527 747 305 825 955 268 273 654 199 189 417 948 700 807 831 542 537 192 1114 214 1025
1624 1060 1073 0 1301 1664 762 982 1209 574 375 990 995 1402 1184 1173 1402 158 935 311 790 619 772 1177 863 1199 101
687 1052 316 1301 0 727 754 975 116 1053 1183 346 351 465 161 150 379 1176 927 1035 1058 769 765 154 1342 176 1253
129 1416 786 1664 727 0 1118 1338 635 1416 1546 784 788 519 631 620 470 1539 1291 1398 1422 1133 1128 623 1705 646 1616
1078 330 527 762 754 1118 0 253 662 513 643 444 448 856 638 627 855 636 205 496 503 230 43 631 802 653 714
1298 110 747 982 975 1338 253 0 883 602 864 665 669 1077 858 848 1076 857 83 716 282 423 263 851 768 874 934
595 960 305 1209 116 635 662 883 0 961 1091 254 258 373 150 140 368 1083 835 943 966 677 673 143 1250 166 1161
1376 680 825 574 1053 1416 513 602 961 0 455 742 747 1154 936 925 1154 448 653 308 358 371 524 929 355 951 526
1506 941 955 375 1183 1546 643 864 1091 455 0 872 877 1284 1066 1055 1284 250 816 193 672 501 654 1059 745 1081 327
744 742 268 990 346 784 444 665 254 742 872 0 40 522 379 369 597 865 617 725 748 459 454 372 1031 395 943
748 746 273 995 351 788 448 669 258 747 877 40 0 526 384 373 601 869 621 729 752 463 459 377 1036 399 947
422 1154 654 1402 465 519 856 1077 373 1154 1284 522 526 0 499 488 405 1277 1029 1136 1160 871 866 492 1443 514 1354
721 936 199 1184 161 631 638 858 150 936 1066 379 384 499 0 34 262 1059 811 918 942 653 648 37 1225 60 1136
710 925 189 1173 150 620 627 848 140 925 1055 369 373 488 34 0 251 1048 800 908 931 642 637 26 1214 49 1126
576 1153 417 1402 379 470 855 1076 368 1154 1284 597 601 405 262 251 0 1277 1028 1136 1159 870 866 255 1443 277 1354
1499 934 948 158 1176 1539 636 857 1083 448 250 865 869 1277 1059 1048 1277 0 809 186 665 493 647 1052 737 1074 110
1251 161 700 935 927 1291 205 83 835 653 816 617 621 1029 811 800 1028 809 0 669 333 403 216 804 819 826 887
1358 794 807 311 1035 1398 496 716 943 308 193 725 729 1136 918 908 1136 186 669 0 525 353 506 911 597 933 263
1382 360 831 790 1058 1422 503 282 966 358 672 748 752 1160 942 931 1159 665 333 525 0 322 513 934 524 957 743
1093 500 542 619 769 1133 230 423 677 371 501 459 463 871 653 642 870 493 403 353 322 0 240 645 660 668 571
1088 341 537 772 765 1128 43 263 673 524 654 454 459 866 648 637 866 647 216 506 513 240 0 641 813 663 724
714 929 192 1177 154 623 631 851 143 929 1059 372 377 492 37 26 255 1052 804 911 934 645 641 0 1218 52 1129
1830 1010 1278 1027 1506 1869 967 932 1414 519 909 1196 1200 1608 1389 1379 1607 902 983 761 688 824 977 1382 0 1405 979
736 951 214 1199 176 646 653 874 166 951 1081 395 399 514 60 49 277 1074 826 933 957 668 663 52 1240 0 1151
1576 1012 1025 101 1253 1616 714 934 1161 526 327 943 947 1354 1136 1126 1354 110 887 263 743 571 724 1129 815 1151 0
EOF
