NAME : tsp_problem
TYPE : TSP
DIMENSION : 56
EDGE_WEIGHT_TYPE : EXPLICIT
EDGE_WEIGHT_FORMAT : FULL_MATRIX
EDGE_WEIGHT_SECTION
0 793 337 89 578 103 168 204 301 321 1159 1166 188 1204 899 1088 683 520 927 391 179 1141 1133 327 235 1062 90 94 981 668 415 190 208 786 407 331 346 1302 809 1155 216 201 1236 897 390 242 408 180 1200 108 824 859 663 654 935 1025
793 0 749 728 325 767 757 666 516 1015 520 601 834 639 334 449 430 1066 524 690 825 576 367 823 697 497 807 757 416 257 1109 779 795 505 1102 755 842 663 481 590 784 848 597 130 696 626 1102 769 635 787 467 294 253 1218 190 258
337 749 0 403 534 364 450 341 257 529 1116 1122 174 1160 855 1044 639 343 883 150 183 1097 1090 100 311 1019 324 373 937 624 492 426 213 742 485 104 119 1258 765 1112 221 159 1193 853 156 348 486 438 1156 343 780 816 620 495 892 981
89 728 403 0 513 63 127 139 235 385 1094 1101 253 1139 834 1022 618 585 862 391 244 1076 1068 393 170 997 103 53 915 603 479 149 268 721 472 397 412 1237 743 1090 257 267 1171 831 397 177 472 139 1135 83 759 794 598 718 870 959
578 325 534 513 0 552 542 451 301 800 691 698 619 736 431 619 133 851 377 475 610 673 665 608 482 594 592 542 512 200 894 564 580 236 887 540 627 834 258 687 569 633 768 428 481 411 887 554 732 572 274 391 195 1003 467 556
103 767 364 63 552 0 141 178 275 348 1133 1140 215 1178 873 1061 657 547 901 418 206 1115 1107 354 209 1036 116 67 954 642 442 163 235 760 434 358 373 1276 782 1129 243 228 1210 870 416 216 435 154 1174 97 798 833 637 680 909 998
168 757 450 127 542 141 0 243 339 283 1123 1130 300 1168 863 1052 647 482 891 494 291 1105 1097 440 273 1026 182 132 945 632 377 79 321 750 369 444 459 1266 773 1120 328 314 1200 861 501 280 370 69 1164 162 788 824 627 616 899 989
204 666 341 139 451 178 243 0 174 501 1033 1039 192 1077 772 961 556 574 800 329 183 1014 1007 331 108 936 218 169 854 541 595 265 152 659 587 335 350 1175 682 1029 142 205 1110 770 336 115 588 255 1073 199 697 733 537 727 809 898
301 516 257 235 301 275 339 174 0 597 883 890 342 928 623 811 406 573 651 198 333 865 857 331 205 786 315 265 704 391 691 361 303 509 684 263 350 1026 532 879 292 356 960 620 204 134 684 351 923 295 548 583 387 726 659 748
321 1015 529 385 800 348 283 501 597 0 1381 1388 379 1426 1121 1310 905 450 1149 583 370 1363 1356 518 497 1284 308 356 1203 890 344 259 400 1008 337 523 502 1524 1031 1378 408 393 1459 1119 581 539 338 271 1422 327 1046 1082 886 583 1157 1247
1324 685 1280 1258 855 1297 1288 1197 1047 1546 0 958 1365 996 691 326 960 1596 949 1221 1356 933 579 1353 1228 854 1338 1288 772 788 1640 1310 1325 930 1632 1286 1372 161 906 947 1315 1378 95 577 1227 1157 1633 1300 991 1318 892 651 783 1749 615 470
1166 601 1122 1101 698 1140 1130 1039 890 1388 793 0 1207 67 348 721 803 1439 1047 1063 1198 237 805 1196 1070 220 1180 1130 286 630 1482 1152 1168 906 1475 1129 1215 936 929 251 1157 1221 870 705 1070 999 1475 1142 63 1160 944 329 626 1591 765 696
188 834 174 253 619 215 300 192 342 379 1201 1207 0 1245 940 1129 724 407 968 228 34 1182 1175 164 161 1103 175 223 1022 709 473 277 63 827 466 168 183 1343 850 1197 71 57 1278 938 226 283 466 288 1241 193 865 901 705 559 977 1066
1204 639 1160 1139 736 1178 1168 1077 928 1426 831 67 1245 0 386 759 841 1477 1085 1101 1236 275 843 1234 1108 258 1218 1168 324 668 1520 1190 1206 944 1513 1167 1253 974 967 289 1195 1259 908 743 1108 1037 1513 1180 89 1198 982 367 664 1629 803 734
899 334 855 834 431 873 863 772 623 1121 526 348 940 386 0 455 536 1172 780 796 931 323 538 929 803 244 913 864 162 363 1215 885 901 639 1208 862 948 669 662 337 890 954 603 438 803 732 1208 875 381 893 677 63 359 1324 498 429
1088 449 1044 1022 619 1061 1052 961 811 1310 161 721 1129 759 455 0 724 1360 713 985 1120 697 343 1117 991 618 1102 1052 536 552 1404 1074 1089 694 1396 1050 1136 304 670 711 1079 1142 238 341 991 921 1397 1064 755 1082 656 415 547 1513 379 234
683 430 639 618 133 657 647 556 406 905 796 803 724 841 536 724 0 956 273 580 715 778 720 713 587 699 697 647 617 305 999 669 685 132 992 645 732 939 155 792 674 738 873 506 586 516 992 659 837 677 170 496 300 1108 448 612
520 1066 343 585 851 547 482 574 573 450 1432 1439 407 1477 1172 1360 956 0 1200 397 416 1414 1406 266 544 1335 507 556 1253 941 347 459 446 1059 340 337 250 1575 1081 1428 454 392 1509 1169 395 665 340 470 1473 526 1097 1132 936 446 1208 1297
927 524 883 862 377 901 891 800 651 1149 785 1047 968 1085 780 713 273 1200 0 824 959 1022 631 957 831 943 941 891 862 468 1243 913 929 165 1236 890 976 928 141 1037 918 982 862 417 831 760 1236 903 1081 921 127 740 473 1352 359 523
391 690 150 391 475 418 494 329 198 583 1056 1063 228 1101 796 985 580 397 824 0 237 1038 1030 154 360 959 378 420 878 565 546 480 267 683 539 156 173 1199 706 1053 275 213 1133 794 97 289 540 492 1097 397 721 757 560 549 832 922
179 825 183 244 610 206 291 183 333 370 1191 1198 34 1236 931 1120 715 416 959 237 0 1173 1165 173 152 1094 165 214 1013 700 464 267 54 818 457 177 192 1334 841 1188 62 47 1268 929 235 274 457 279 1232 184 856 892 696 568 967 1057
1141 576 1097 1076 673 1115 1105 1014 865 1363 768 237 1182 275 323 697 778 1414 1022 1038 1173 0 780 1171 1045 195 1155 1106 261 605 1457 1127 1143 881 1450 1104 1190 911 904 81 1132 1196 845 680 1045 974 1450 1117 271 1135 919 305 601 1566 740 671
1133 367 1090 1068 665 1107 1097 1007 857 1356 415 805 1175 843 538 343 720 1406 631 1030 1165 780 0 1163 1037 701 1147 1098 620 564 1449 1120 1135 612 1442 1096 1182 558 588 794 1124 1188 492 259 1037 967 1443 1110 839 1128 574 498 569 1559 297 135
327 823 100 393 608 354 440 331 331 518 1189 1196 164 1234 929 1117 713 266 957 154 173 1171 1163 0 301 1092 314 363 1010 698 415 416 203 816 408 94 109 1332 838 1185 211 149 1266 926 152 422 409 427 1230 333 854 889 693 418 965 1054
235 697 311 170 482 209 273 108 205 497 1063 1070 161 1108 803 991 587 544 831 360 152 1045 1037 301 0 966 249 199 885 572 591 295 122 690 584 305 320 1206 712 1059 111 175 1140 800 363 146 584 286 1104 229 728 763 567 696 839 928
1062 497 1019 997 594 1036 1026 936 786 1284 689 220 1103 258 244 618 699 1335 943 959 1094 195 701 1092 966 0 1076 1027 182 526 1378 1048 1064 802 1371 1025 1111 832 825 209 1053 1117 766 601 966 896 1372 1039 254 1057 840 226 522 1487 661 592
90 807 324 103 592 116 182 218 315 308 1173 1180 175 1218 913 1102 697 507 941 378 165 1155 1147 314 249 1076 0 108 995 682 401 204 195 800 394 318 333 1316 823 1170 203 188 1250 911 376 256 395 194 1214 95 838 874 677 640 949 1039
94 757 373 53 542 67 132 169 265 356 1124 1130 223 1168 864 1052 647 556 891 420 214 1106 1098 363 199 1027 108 0 945 632 450 154 244 750 443 367 382 1266 773 1120 252 237 1201 861 425 206 444 144 1164 88 788 824 628 689 900 989
981 416 937 915 512 954 945 854 704 1203 608 286 1022 324 162 536 617 1253 862 878 1013 261 620 1010 885 182 995 945 0 445 1297 967 982 720 1289 943 1030 750 743 275 972 1035 685 519 884 814 1290 957 320 975 759 144 440 1406 579 511
668 257 624 603 200 642 632 541 391 890 623 630 709 668 363 552 305 941 468 565 700 605 564 698 572 526 682 632 445 0 984 654 670 408 977 630 717 766 425 620 659 723 700 350 571 501 977 644 664 662 411 324 74 1093 292 456
415 1109 492 479 894 442 377 595 691 344 1475 1482 473 1520 1215 1404 999 347 1243 546 464 1457 1449 415 591 1378 401 450 1297 984 0 353 493 1102 143 486 399 1618 1124 1471 501 487 1552 1213 544 632 37 364 1516 420 1140 1175 979 389 1251 1341
190 779 426 149 564 163 79 265 361 259 1145 1152 277 1190 885 1074 669 459 913 480 267 1127 1120 416 295 1048 204 154 967 654 353 0 297 772 346 420 435 1288 795 1142 305 290 1223 883 478 303 346 91 1186 184 810 846 650 592 921 1011
208 795 213 268 580 235 321 152 303 400 1161 1168 63 1206 901 1089 685 446 929 267 54 1143 1135 203 122 1064 195 244 982 670 493 297 0 788 486 207 222 1304 810 1157 66 77 1238 898 265 244 487 308 1202 214 826 861 665 598 937 1026
786 505 742 721 236 760 750 659 509 1008 766 906 827 944 639 694 132 1059 165 683 818 881 612 816 690 802 800 750 720 408 1102 772 788 0 1095 748 835 909 47 895 777 841 843 397 689 619 1095 762 940 780 62 599 403 1211 340 503
407 1102 485 472 887 434 369 587 684 337 1468 1475 466 1513 1208 1396 992 340 1236 539 457 1450 1442 408 584 1371 394 443 1289 977 143 346 486 1095 0 479 392 1611 1117 1464 494 479 1545 1205 537 625 136 357 1509 413 1133 1168 972 269 1244 1333
331 755 104 397 540 358 444 335 263 523 1122 1129 168 1167 862 1050 645 337 890 156 177 1104 1096 94 305 1025 318 367 943 630 486 420 207 748 479 0 113 1264 771 1118 215 153 1199 859 156 355 479 431 1162 337 787 822 626 489 898 987
346 842 119 412 627 373 459 350 350 502 1208 1215 183 1253 948 1136 732 250 976 173 192 1190 1182 109 320 1111 333 382 1030 717 399 435 222 835 392 113 0 1351 857 1204 230 168 1285 945 171 441 392 447 1249 352 873 908 712 402 984 1073
1466 827 1423 1401 998 1440 1430 1340 1190 1688 161 1100 1508 1138 833 468 1103 1739 1092 1363 1498 1075 722 1496 1370 996 1480 1431 915 930 1782 1452 1468 1073 1775 1429 1515 0 1049 1090 1457 1521 143 720 1370 1300 1776 1443 1134 1461 1035 794 926 1892 758 613
809 481 765 743 258 782 773 682 532 1031 742 929 850 967 662 670 155 1081 141 706 841 904 588 838 712 825 823 773 743 425 1124 795 810 47 1117 771 857 885 0 918 800 863 819 374 712 642 1118 785 962 803 61 622 426 1234 316 479
1155 590 1112 1090 687 1129 1120 1029 879 1378 783 251 1197 289 337 711 792 1428 1037 1053 1188 81 794 1185 1059 209 1170 1120 275 620 1471 1142 1157 895 1464 1118 1204 925 918 0 1147 1210 860 694 1059 989 1465 1132 285 1150 933 319 615 1581 754 686
216 784 221 257 569 243 328 142 292 408 1150 1157 71 1195 890 1079 674 454 918 275 62 1132 1124 211 111 1053 203 252 972 659 501 305 66 777 494 215 230 1293 800 1147 0 85 1227 888 273 233 495 316 1191 222 815 850 654 606 926 1016
201 848 159 267 633 228 314 205 356 393 1214 1221 57 1259 954 1142 738 392 982 213 47 1196 1188 149 175 1117 188 237 1035 723 487 290 77 841 479 153 168 1357 863 1210 85 0 1291 951 212 297 480 302 1255 207 879 914 718 545 990 1079
1401 762 1357 1335 932 1374 1365 1274 1124 1623 95 1035 1442 1073 768 403 1037 1673 1026 1298 1433 1010 656 1430 1305 931 1415 1365 849 865 1717 1387 1402 1007 1709 1363 1450 143 983 1024 1392 1455 0 654 1304 1234 1710 1377 1068 1395 969 728 860 1826 692 547
897 130 853 831 428 870 861 770 620 1119 413 705 938 743 438 341 506 1169 417 794 929 680 259 926 800 601 911 861 519 350 1213 883 898 397 1205 859 945 555 374 694 888 951 490 0 800 730 1206 873 739 891 360 398 354 1322 82 150
390 696 156 397 481 416 501 336 204 581 1063 1070 226 1108 803 991 586 395 831 97 235 1045 1037 152 363 966 376 425 884 571 544 478 265 689 537 156 171 1206 712 1059 273 212 1140 800 0 296 538 490 1104 395 728 763 567 547 839 928
242 626 348 177 411 216 280 115 134 539 993 999 283 1037 732 921 516 665 760 289 274 974 967 422 146 896 256 206 814 501 632 303 244 619 625 355 441 1135 642 989 233 297 1070 730 296 0 626 293 1033 236 657 693 497 817 769 858
408 1102 486 472 887 435 370 588 684 338 1469 1475 466 1513 1208 1397 992 340 1236 540 457 1450 1443 409 584 1372 395 444 1290 977 37 346 487 1095 136 479 392 1611 1118 1465 495 480 1546 1206 538 626 0 358 1509 414 1133 1169 973 382 1245 1334
180 769 438 139 554 154 69 255 351 271 1136 1142 288 1180 875 1064 659 470 903 492 279 1117 1110 427 286 1039 194 144 957 644 364 91 308 762 357 431 447 1278 785 1132 316 302 1213 873 490 293 358 0 1176 174 800 836 640 603 912 1001
1200 635 1156 1135 732 1174 1164 1073 923 1422 827 63 1241 89 381 755 837 1473 1081 1097 1232 271 839 1230 1104 254 1214 1164 320 664 1516 1186 1202 940 1509 1162 1249 970 962 285 1191 1255 904 739 1104 1033 1509 1176 0 1194 978 363 660 1625 799 730
108 787 343 83 572 97 162 199 295 327 1154 1160 193 1198 893 1082 677 526 921 397 184 1135 1128 333 229 1057 95 88 975 662 420 184 214 780 413 337 352 1296 803 1150 222 207 1231 891 395 236 414 174 1194 0 818 854 658 659 930 1019
824 467 780 759 274 798 788 697 548 1046 728 944 865 982 677 656 170 1097 127 721 856 919 574 854 728 840 838 788 759 411 1140 810 826 62 1133 787 873 871 61 933 815 879 805 360 728 657 1133 800 978 818 0 637 416 1249 302 466
859 294 816 794 391 833 824 733 583 1082 487 329 901 367 63 415 496 1132 740 757 892 305 498 889 763 226 874 824 144 324 1175 846 861 599 1168 822 908 629 622 319 850 914 564 398 763 693 1169 836 363 854 637 0 319 1285 458 390
663 253 620 598 195 637 627 537 387 886 619 626 705 664 359 547 300 936 473 560 696 601 569 693 567 522 677 628 440 74 979 650 665 403 972 626 712 762 426 615 654 718 696 354 567 497 973 640 660 658 416 319 0 1089 297 460
654 1218 495 718 1003 680 616 727 726 583 1585 1591 559 1629 1324 1513 1108 446 1352 549 568 1566 1559 418 696 1487 640 689 1406 1093 389 592 598 1211 269 489 402 1727 1234 1581 606 545 1662 1322 547 817 382 603 1625 659 1249 1285 1089 0 1361 1450
935 190 892 870 467 909 899 809 659 1157 451 765 977 803 498 379 448 1208 359 832 967 740 297 965 839 661 949 900 579 292 1251 921 937 340 1244 898 984 593 316 754 926 990 528 82 839 769 1245 912 799 930 302 458 297 1361 0 188
1025 258 981 959 556 998 989 898 748 1247 306 696 1066 734 429 234 612 1297 523 922 1057 671 135 1054 928 592 1039 989 511 456 1341 1011 1026 503 1333 987 1073 449 479 686 1016 1079 383 150 928 858 1334 1001 730 1019 466 390 460 1450 188 0
EOF