NAME : tsp_problem
TYPE : TSP
DIMENSION : 54
EDGE_WEIGHT_TYPE : EXPLICIT
EDGE_WEIGHT_FORMAT : FULL_MATRIX
EDGE_WEIGHT_SECTION
0 682 338 800 747 62 64 628 914 736 549 323 170 295 757 1052 800 880 736 601 819 3061 667 630 562 774 536 381 706 255 57 805 601 86 485 598 646 690 413 821 638 417 607 580 211 332 301 739 547 493 72 660 479 948
682 0 990 379 1171 669 671 359 255 1160 333 975 822 720 1182 394 1225 1305 427 1025 351 2754 1091 1054 987 314 320 806 246 680 653 1229 1026 706 347 181 1070 1115 425 163 93 869 1031 199 863 449 953 1164 972 918 639 72 904 290
338 990 0 1109 1055 349 348 937 1222 1044 857 235 191 479 810 1360 853 1188 1044 526 1127 3369 592 938 870 1082 845 573 1015 518 366 858 591 314 793 906 954 998 721 1129 946 329 532 889 151 641 212 664 855 802 380 968 476 1257
800 379 1109 0 1290 788 790 195 257 1279 426 1094 941 838 1301 396 1344 1423 90 1144 64 3109 1210 1173 1105 301 439 924 268 798 772 1348 1145 824 541 500 1189 1233 415 239 423 988 1150 517 982 493 1071 1282 1090 1037 758 401 1022 292
747 1171 1055 1290 0 734 736 1118 1403 56 1038 922 887 627 761 1542 804 201 1225 709 1309 2422 708 157 237 1263 1026 559 1196 587 718 808 605 771 974 1088 173 217 903 1311 1127 776 677 1070 928 822 893 780 365 275 704 1149 657 1438
62 669 349 788 734 0 51 616 901 723 537 335 182 283 745 1040 788 868 723 588 807 3048 654 617 550 761 524 369 694 243 45 792 589 86 473 586 633 678 401 809 625 429 594 568 222 320 312 727 535 481 59 647 467 936
64 671 348 790 736 51 0 618 903 725 538 333 181 284 747 1042 790 870 725 590 809 3050 656 619 552 763 526 371 696 245 47 794 591 88 474 587 635 679 402 811 627 428 596 570 221 322 311 728 537 483 61 649 469 938
628 359 937 195 1118 616 618 0 414 1107 294 922 769 666 1129 553 1172 1252 130 972 214 3089 1038 1001 933 168 307 753 136 627 600 1176 973 652 369 367 1017 1061 243 396 402 816 978 385 810 321 899 1110 918 865 586 381 850 449
914 255 1222 257 1403 901 903 414 0 1392 544 1207 1054 951 1414 161 1457 1537 309 1257 228 2985 1323 1286 1219 500 552 1038 433 912 885 1461 1258 937 578 413 1302 1346 634 115 299 1101 1263 431 1095 681 1184 1395 1204 1150 871 277 1136 58
736 1160 1044 1279 56 723 725 1107 1392 0 1027 910 876 616 750 1531 793 190 1214 698 1298 2411 697 146 226 1252 1015 548 1185 576 707 797 594 760 963 1077 162 206 892 1300 1116 765 666 1059 917 811 882 769 354 264 693 1138 646 1427
549 333 857 426 1038 537 538 294 544 1027 0 842 690 587 1049 683 1092 1172 362 892 445 2898 959 921 854 249 113 673 181 547 521 1096 893 573 139 175 937 982 218 451 289 736 898 157 730 242 820 1031 839 785 506 311 771 579
323 975 235 1094 922 335 333 922 1207 910 842 0 176 320 651 1346 694 1055 1029 366 1113 3277 432 804 737 1067 830 413 1000 359 351 698 432 299 778 891 820 865 706 1115 931 169 372 874 137 626 53 504 722 668 365 953 316 1242
170 822 191 941 887 182 181 769 1054 876 690 176 0 420 751 1193 794 1021 876 467 960 3201 533 770 703 914 677 514 847 396 198 798 532 146 626 739 786 831 554 962 778 270 473 721 64 473 153 605 688 634 212 800 417 1089
295 720 479 838 627 283 284 666 951 616 587 320 420 0 637 1090 681 760 773 405 857 2982 471 510 442 811 574 261 744 81 267 685 471 319 523 636 526 570 451 859 676 174 411 618 381 370 291 543 427 374 252 697 355 986
922 1346 975 1465 925 909 911 1293 1578 914 1213 815 915 802 0 1717 66 1059 1400 501 1484 3280 500 808 741 1438 1201 693 1371 762 893 66 396 946 1149 1263 824 868 1078 1486 1302 704 468 1245 876 997 787 572 725 672 879 1324 596 1613
1052 394 1360 396 1542 1040 1042 553 161 1531 683 1346 1193 1090 1552 0 1596 1675 448 1396 367 3124 1462 1425 1357 639 691 1176 571 1050 1024 1600 1397 1076 717 552 1441 1485 773 254 438 1239 1402 570 1233 819 1323 1534 1342 1289 1009 416 1274 137
965 1389 1018 1508 968 952 954 1336 1621 957 1256 858 959 845 66 1760 0 1102 1443 544 1527 3323 543 851 784 1481 1244 736 1414 805 936 23 440 989 1193 1306 867 911 1121 1529 1345 747 511 1288 919 1040 830 615 769 715 922 1367 639 1656
880 1305 1188 1423 201 868 870 1252 1537 190 1172 1055 1021 760 894 1675 937 0 1359 842 1442 2332 841 290 370 1397 1159 692 1329 721 852 942 738 904 1108 1221 306 351 1036 1444 1261 910 810 1203 1061 955 1027 914 499 408 837 1283 790 1572
736 427 1044 90 1225 723 725 130 309 1214 362 1029 876 773 1236 448 1279 1359 0 1079 108 3157 1145 1108 1041 236 375 860 204 734 707 1283 1080 760 476 435 1124 1168 350 291 470 923 1085 453 917 429 1007 1217 1026 972 693 449 958 344
601 1025 526 1144 709 588 590 972 1257 698 892 366 467 405 336 1396 379 842 1079 0 1163 3064 118 592 524 1117 880 244 1050 441 572 383 117 590 828 942 608 652 757 1165 981 255 58 924 427 676 338 190 509 456 558 1003 147 1292
819 351 1127 64 1309 807 809 214 228 1298 445 1113 960 857 1319 367 1363 1442 108 1163 0 3080 1229 1192 1124 320 458 943 287 817 791 1367 1164 843 560 508 1208 1252 434 210 394 1006 1169 526 1000 512 1090 1301 1109 1056 776 372 1041 263
3040 2766 3348 3121 2360 3027 3029 3101 2997 2349 2910 3215 3180 2920 3054 3136 3097 2270 3169 3002 3092 0 3001 2450 2530 3056 2897 2852 2988 2880 3011 3101 2898 3064 2924 2758 2466 2510 2966 2905 2722 3069 2970 2776 3221 2885 3186 3073 2658 2568 2997 2743 2950 3032
667 1091 592 1210 708 654 656 1038 1323 697 959 432 533 471 335 1462 378 841 1145 118 1229 3063 0 591 523 1183 946 310 1116 507 638 383 116 656 895 1008 607 651 823 1231 1047 321 85 990 493 742 404 98 508 455 624 1069 213 1358
630 1054 938 1173 157 617 619 1001 1286 146 921 804 770 510 644 1425 687 290 1108 592 1192 2512 591 0 120 1146 909 442 1079 470 601 691 488 653 857 970 56 100 785 1194 1010 659 560 953 811 705 776 663 248 158 587 1032 540 1321
562 987 870 1105 237 550 552 933 1219 226 854 737 703 442 576 1357 619 370 1041 524 1124 2592 523 120 0 1079 841 374 1011 403 534 624 420 586 790 903 136 180 718 1126 943 592 492 885 743 637 709 596 181 90 519 965 472 1254
774 314 1082 301 1263 761 763 168 500 1252 249 1067 914 811 1274 639 1317 1397 236 1117 320 3044 1183 1146 1079 0 262 898 91 772 745 1321 1118 798 364 322 1162 1206 388 408 358 961 1123 340 955 467 1045 1255 1064 1010 731 336 996 535
536 320 845 439 1026 524 526 307 552 1015 113 830 677 574 1037 691 1080 1159 375 880 458 2885 946 909 841 262 0 660 195 534 508 1084 881 560 127 162 925 969 205 460 276 723 886 145 718 229 807 1018 826 773 494 298 758 587
381 806 573 924 559 369 371 753 1038 548 673 413 514 261 529 1176 572 692 860 244 943 2914 310 442 374 898 660 0 830 222 353 576 310 405 609 722 458 502 537 945 762 302 250 705 474 456 385 382 359 306 338 784 123 1073
706 246 1015 268 1196 694 696 136 433 1185 181 1000 847 744 1207 571 1250 1329 204 1050 287 2976 1116 1079 1011 91 195 830 0 705 678 1254 1051 730 297 255 1095 1139 355 340 290 894 1056 273 888 399 977 1188 996 943 664 268 928 467
255 680 518 798 587 243 245 627 912 576 547 359 396 81 598 1050 641 721 734 441 817 2942 507 470 403 772 534 222 705 0 227 645 442 279 483 596 486 530 411 819 636 213 447 579 420 330 330 579 388 334 212 658 320 947
57 653 366 772 718 45 47 600 885 707 521 351 198 267 729 1024 772 852 707 572 791 3032 638 601 534 745 508 353 678 227 0 776 573 81 457 570 617 662 385 793 609 416 578 552 239 304 328 711 519 465 55 631 451 920
969 1394 1022 1512 972 957 958 1340 1625 961 1261 862 963 849 66 1764 23 1106 1447 548 1531 3327 547 855 788 1485 1248 740 1418 809 941 0 444 993 1197 1310 871 916 1125 1533 1350 751 515 1292 923 1044 834 619 773 719 926 1371 643 1660
601 1026 591 1145 605 589 591 973 1258 594 893 432 532 471 232 1397 275 738 1080 117 1164 2960 116 488 420 1118 881 310 1051 442 573 279 0 625 829 942 504 548 757 1166 982 320 85 925 493 677 403 188 405 352 559 1004 213 1293
86 706 314 824 771 86 88 652 937 760 573 299 146 319 781 1076 824 904 760 590 843 3085 656 653 586 798 560 405 730 279 81 829 625 0 509 622 669 714 437 845 662 393 596 604 187 356 276 728 571 517 96 683 503 972
485 347 793 541 974 473 474 369 578 963 139 778 626 523 985 717 1028 1108 476 828 560 2911 895 857 790 364 127 609 297 483 457 1032 829 509 0 189 873 918 154 486 303 672 834 171 666 178 756 967 775 721 442 324 707 613
598 181 906 500 1088 586 587 367 413 1077 175 891 739 636 1098 552 1141 1221 435 942 508 2746 1008 970 903 322 162 722 255 596 570 1146 942 622 189 0 986 1031 267 321 137 785 947 42 779 291 869 1080 888 834 555 159 820 448
646 1070 954 1189 173 633 635 1017 1302 162 937 820 786 526 660 1441 703 306 1124 608 1208 2528 607 56 136 1162 925 458 1095 486 617 707 504 669 873 986 0 88 801 1210 1026 675 576 969 827 721 792 679 264 174 603 1048 556 1337
690 1115 998 1233 217 678 679 1061 1346 206 982 865 831 570 704 1485 747 351 1168 652 1252 2572 651 100 180 1206 969 502 1139 530 662 751 548 714 918 1031 88 0 846 1254 1071 719 620 1013 871 765 836 723 308 218 647 1092 600 1381
413 425 721 415 903 401 402 243 634 892 218 706 554 451 913 773 956 1036 350 757 434 2954 823 785 718 388 205 537 355 411 385 960 757 437 154 267 801 846 0 564 381 600 762 249 594 106 684 895 703 649 370 403 635 669
821 163 1129 239 1311 809 811 396 115 1300 451 1115 962 859 1321 254 1365 1444 291 1165 210 2893 1231 1194 1126 408 460 945 340 819 793 1369 1166 845 486 321 1210 1254 564 0 207 1008 1171 339 1002 588 1092 1303 1111 1058 778 185 1043 150
638 93 946 423 1127 625 627 402 299 1116 289 931 778 676 1138 438 1181 1261 470 981 394 2710 1047 1010 943 358 276 762 290 636 609 1185 982 662 303 137 1026 1071 381 207 0 825 987 155 819 405 909 1120 928 874 595 115 860 334
417 869 329 988 776 429 428 816 1101 765 736 169 270 174 539 1239 582 910 923 255 1006 3131 321 659 592 961 723 302 894 213 416 587 320 393 672 785 675 719 600 1008 825 0 261 768 231 519 141 393 577 523 401 847 205 1136
607 1031 532 1150 677 594 596 978 1263 666 898 372 473 411 304 1402 347 810 1085 58 1169 3032 85 560 492 1123 886 250 1056 447 578 351 85 596 834 947 576 620 762 1171 987 261 0 930 433 682 344 158 477 423 564 1009 153 1298
580 199 889 517 1070 568 570 385 431 1059 157 874 721 618 1081 570 1124 1203 453 924 526 2764 990 953 885 340 145 705 273 579 552 1128 925 604 171 42 969 1013 249 339 155 768 930 0 762 273 851 1062 870 817 538 177 802 466
211 863 151 982 928 222 221 810 1095 917 730 137 64 381 712 1233 755 1061 917 427 1000 3242 493 811 743 955 718 474 888 420 239 759 493 187 666 779 827 871 594 1002 819 231 433 762 0 514 114 566 728 675 253 841 378 1130
332 449 641 493 822 320 322 321 681 811 242 626 473 370 833 819 876 955 429 676 512 2873 742 705 637 467 229 456 399 330 304 880 677 356 178 291 721 765 106 588 405 519 682 273 514 0 603 814 622 569 289 427 554 716
301 953 212 1071 893 312 311 899 1184 882 820 53 153 291 622 1323 665 1027 1007 338 1090 3248 404 776 709 1045 807 385 977 330 328 670 403 276 756 869 792 836 684 1092 909 141 344 851 114 603 0 476 694 640 343 930 288 1219
739 1164 664 1282 780 727 728 1110 1395 769 1031 504 605 543 407 1534 450 914 1217 190 1301 3135 98 663 596 1255 1018 382 1188 579 711 455 188 728 967 1080 679 723 895 1303 1120 393 158 1062 566 814 476 0 581 527 696 1141 286 1430
547 972 855 1090 365 535 537 918 1204 354 839 722 688 427 561 1342 604 499 1026 509 1109 2720 508 248 181 1064 826 359 996 388 519 608 405 571 775 888 264 308 703 1111 928 577 477 870 728 622 694 581 0 112 504 950 457 1238
493 918 802 1037 275 481 483 865 1150 264 785 668 634 374 508 1289 551 408 972 456 1056 2630 455 158 90 1010 773 306 943 334 465 555 352 517 721 834 174 218 649 1058 874 523 423 817 675 569 640 527 112 0 451 896 404 1185
72 639 380 758 704 59 61 586 871 693 506 365 212 252 715 1009 758 837 693 558 776 3018 624 587 519 731 494 338 664 212 55 762 559 96 442 555 603 647 370 778 595 401 564 538 253 289 343 696 504 451 0 617 436 906
660 72 968 401 1149 647 649 381 277 1138 311 953 800 697 1160 416 1203 1283 449 1003 372 2731 1069 1032 965 336 298 784 268 658 631 1207 1004 683 324 159 1048 1092 403 185 115 847 1009 177 841 427 930 1141 950 896 617 0 882 312
479 904 476 1022 657 467 469 850 1136 646 771 316 417 355 432 1274 475 790 958 147 1041 3012 213 540 472 996 758 123 928 320 451 479 213 503 707 820 556 600 635 1043 860 205 153 802 378 554 288 286 457 404 436 882 0 1170
948 290 1257 292 1438 936 938 449 58 1427 579 1242 1089 986 1449 137 1492 1572 344 1292 263 3020 1358 1321 1254 535 587 1073 467 947 920 1496 1293 972 613 448 1337 1381 669 150 334 1136 1298 466 1130 716 1219 1430 1238 1185 906 312 1170 0
EOF