NAME : tsp_problem
TYPE : TSP
DIMENSION : 57
EDGE_WEIGHT_TYPE : EXPLICIT
EDGE_WEIGHT_FORMAT : FULL_MATRIX
EDGE_WEIGHT_SECTION
0 672 1472 369 1252 705 1189 1474 440 1461 70 1085 563 643 448 486 422 425 539 1372 1221 1513 995 1243 664 1097 1367 1200 1183 1486 1206 1484 1323 1216 692 327 552 534 459 474 371 252 1150 244 1493 246 331 1118 1284 1353 661 560 1179 1258 676 1187 655
672 0 975 854 754 234 692 977 299 964 696 588 141 71 555 816 368 283 334 875 724 1016 497 745 92 600 869 703 686 989 708 987 826 719 202 657 347 190 240 485 379 878 653 462 996 633 374 620 787 856 89 138 682 761 104 690 83
1472 975 0 1654 470 1108 960 339 1173 82 1496 663 1016 945 1429 1616 1242 1157 1209 776 992 917 884 1132 966 675 232 815 342 889 977 888 398 831 1076 1456 1221 1064 1114 1359 1179 1677 882 1262 897 1433 1248 1008 212 219 963 1013 1069 333 978 765 958
369 854 1654 0 1433 756 1371 1656 622 1642 384 1267 744 824 433 150 604 606 591 1554 1403 1695 1176 1424 845 1279 1548 1381 1365 1667 1387 1665 1504 1398 744 220 603 716 640 459 553 147 1332 425 1675 485 513 1299 1466 1535 842 741 1361 1440 857 1369 837
1252 754 470 1433 0 887 739 471 952 458 1275 442 795 724 1208 1395 1021 936 988 555 771 696 664 912 745 454 364 594 180 669 756 667 320 610 855 1236 1000 844 893 1138 958 1457 661 1041 676 1212 1027 787 281 351 742 792 848 256 757 544 737
705 234 1108 756 887 0 825 1110 431 1096 728 721 274 204 425 718 319 416 204 1008 857 1149 630 878 225 733 1002 835 819 1121 841 1119 958 852 92 559 217 323 373 355 512 877 786 495 1129 665 432 753 920 989 222 271 815 894 237 823 216
1189 692 960 1371 739 825 0 962 889 949 1213 348 732 662 1146 1332 959 874 925 578 59 719 271 225 683 373 854 204 671 692 43 690 811 220 793 1173 937 781 831 1075 896 1394 154 979 699 1149 964 100 772 841 680 729 162 746 695 266 674
1474 977 339 1656 471 1110 962 0 1174 328 1498 665 1017 947 1431 1617 1244 1159 1210 777 994 918 886 1134 968 677 234 816 343 891 979 889 399 833 1078 1458 1223 1066 1116 1360 1181 1679 884 1264 898 1434 1249 1009 213 163 965 1014 1071 335 980 767 959
440 299 1173 622 952 431 889 1174 0 1161 464 786 189 269 546 584 259 51 376 1073 921 1214 695 943 290 798 1067 900 883 1186 906 1184 1023 916 400 425 389 160 85 527 147 646 850 230 1193 401 142 818 985 1054 287 186 880 959 302 887 281
1461 964 82 1642 458 1096 949 328 1161 0 1484 652 1004 934 1417 1604 1231 1146 1197 764 981 905 873 1121 955 664 220 803 330 878 965 876 386 819 1065 1445 1209 1053 1102 1347 1167 1666 871 1251 885 1421 1236 996 200 207 952 1001 1058 322 967 754 946
70 696 1496 384 1275 728 1213 1498 464 1484 0 1109 586 666 472 508 446 448 563 1396 1245 1537 1018 1266 687 1121 1390 1223 1207 1509 1229 1507 1346 1240 716 350 575 558 482 498 395 267 1174 267 1517 270 355 1141 1308 1377 684 583 1203 1282 699 1211 679
1085 588 663 1267 442 721 348 665 786 652 1109 0 628 558 1042 1229 855 770 821 440 380 581 497 547 579 50 558 177 374 554 365 552 514 193 689 1069 834 677 727 972 792 1290 270 875 561 1046 861 422 475 544 576 625 483 449 591 127 571
563 141 1016 744 795 274 732 1017 189 1004 586 628 0 111 595 706 258 173 375 915 764 1056 538 786 132 640 910 743 726 1029 749 1027 866 759 242 547 387 81 130 525 269 768 693 353 1036 523 264 661 827 896 129 29 723 801 144 730 124
643 71 945 824 724 204 662 947 269 934 666 558 111 0 525 786 338 253 304 845 694 986 468 715 62 570 840 673 656 959 679 957 796 689 172 627 317 160 210 455 349 848 623 432 966 603 344 591 757 826 59 108 652 731 74 660 54
448 555 1429 433 1208 425 1146 1431 546 1417 472 1042 595 525 0 395 374 530 259 1329 1178 1470 951 1199 546 1054 1323 1156 1140 1442 1162 1440 1279 1173 412 235 272 567 564 127 477 554 1107 349 1450 408 437 1074 1241 1310 543 592 1136 1215 558 1144 537
486 816 1616 150 1395 718 1332 1617 584 1604 508 1229 706 786 395 0 566 568 552 1516 1364 1657 1138 1386 807 1241 1510 1343 1327 1629 1349 1627 1466 1360 706 182 565 677 602 421 515 271 1293 387 1637 447 475 1261 1428 1497 804 703 1323 1402 819 1331 798
422 368 1242 604 1021 319 959 1244 259 1231 446 855 258 338 374 566 0 244 154 1142 991 1283 765 1012 359 867 1136 970 953 1256 975 1254 1093 986 307 406 166 230 277 304 339 627 920 212 1263 382 149 888 1054 1123 356 255 949 1028 371 957 351
425 283 1157 606 936 416 874 1159 51 1146 448 770 173 253 530 568 244 0 361 1057 906 1198 679 927 274 782 1051 885 868 1171 890 1169 1008 901 384 409 373 145 69 511 131 630 835 215 1178 385 126 803 969 1038 271 170 864 943 286 872 266
539 334 1209 591 988 204 925 1210 376 1197 563 821 375 304 259 552 154 361 0 1108 957 1249 731 979 325 833 1103 936 919 1222 942 1220 1059 952 192 393 51 347 394 189 457 712 886 329 1229 500 266 854 1020 1089 322 372 916 994 337 923 317
1586 1089 990 1768 769 1222 792 992 1287 978 1610 654 1129 1059 1543 1730 1356 1271 1322 0 824 222 998 991 1080 679 884 621 701 195 809 193 840 637 1190 1570 1335 1178 1228 1473 1293 1791 714 1376 202 1547 1362 866 802 871 1077 1126 928 776 1092 571 1071
1221 724 992 1403 771 857 59 994 921 981 1245 380 764 694 1178 1364 991 906 957 610 0 751 303 257 715 405 886 236 703 724 75 722 843 252 825 1205 969 813 863 1107 928 1426 186 1011 731 1181 996 132 804 873 712 761 194 778 727 298 706
1677 1180 1081 1859 860 1313 884 1083 1378 1070 1701 745 1221 1150 1634 1821 1447 1362 1414 417 916 0 1090 1082 1171 770 975 712 792 86 900 67 932 728 1281 1662 1426 1270 1319 1564 1384 1883 806 1467 77 1638 1453 957 893 962 1168 1218 1019 867 1183 663 1163
995 497 884 1176 664 630 271 886 695 873 1018 497 538 468 951 1138 765 679 731 784 303 925 0 325 489 509 779 449 595 898 288 896 735 465 598 979 743 587 636 881 701 1200 399 785 905 955 770 200 696 765 486 535 262 670 500 510 480
1243 745 1132 1424 912 878 225 1134 943 1121 1266 547 786 715 1199 1386 1012 927 979 777 257 918 325 0 736 572 1027 403 843 891 242 889 983 419 846 1227 991 835 884 1129 949 1448 353 1032 898 1203 1018 154 944 1013 733 783 93 918 748 464 728
664 92 966 845 745 225 683 968 290 955 687 579 132 62 546 807 359 274 325 866 715 1007 489 736 0 591 860 694 677 980 700 978 817 710 193 648 338 181 231 476 370 869 644 453 987 624 365 612 778 847 80 129 673 752 95 681 75
1097 600 675 1279 454 733 373 677 798 664 1121 50 640 570 1054 1241 867 782 833 465 405 606 509 572 591 0 569 202 386 579 390 577 526 218 701 1081 846 689 739 984 804 1302 295 887 586 1058 873 447 487 556 588 637 509 461 603 152 583
1367 869 232 1548 364 1002 854 234 1067 220 1390 558 910 840 1323 1510 1136 1051 1103 670 886 811 779 1027 860 569 0 709 236 784 871 782 292 725 970 1351 1115 959 1008 1253 1073 1572 776 1156 791 1327 1142 902 106 113 857 907 963 227 872 659 852
1200 703 815 1381 594 835 204 816 900 803 1223 177 743 673 1156 1343 970 885 936 407 236 548 449 403 694 202 709 0 525 521 221 519 665 49 804 1184 948 792 841 1086 906 1405 126 990 528 1160 975 278 626 695 691 740 339 601 706 94 685
1183 686 342 1365 180 819 671 343 883 330 1207 374 726 656 1140 1327 953 868 919 486 703 627 595 843 677 386 236 525 0 600 688 598 192 542 787 1167 932 775 825 1070 890 1388 593 973 607 1143 958 718 153 222 674 723 780 127 689 476 668
1650 1153 1054 1832 833 1286 856 1055 1351 1042 1674 718 1193 1123 1607 1794 1420 1335 1386 390 888 86 1062 1055 1144 743 948 685 765 0 873 57 904 701 1254 1634 1399 1242 1292 1537 1357 1855 778 1440 66 1610 1426 930 866 935 1141 1190 992 840 1156 635 1135
1206 708 977 1387 756 841 43 979 906 965 1229 365 749 679 1162 1349 975 890 942 595 75 736 288 242 700 390 871 221 688 709 0 707 827 237 809 1190 954 798 847 1092 912 1411 171 996 716 1166 981 117 789 858 697 746 179 763 711 282 691
1648 1151 1052 1830 831 1284 854 1054 1349 1040 1672 716 1191 1121 1605 1792 1418 1333 1384 388 886 67 1060 1053 1142 741 946 683 763 57 871 0 902 699 1252 1632 1397 1240 1290 1535 1355 1853 776 1438 47 1609 1424 928 864 933 1139 1188 990 838 1154 633 1133
1323 826 398 1504 320 958 811 399 1023 386 1346 514 866 796 1279 1466 1093 1008 1059 626 843 767 735 983 817 526 292 665 192 740 827 738 0 681 927 1307 1071 915 964 1209 1029 1528 733 1113 747 1283 1098 858 210 279 814 863 920 184 829 615 808
1216 719 831 1398 610 852 220 833 916 819 1240 193 759 689 1173 1360 986 901 952 423 252 564 465 419 710 218 725 49 542 537 237 535 681 0 820 1200 965 808 858 1103 923 1421 142 1006 544 1176 992 294 643 712 707 756 356 617 722 110 701
692 202 1076 744 855 92 793 1078 400 1065 716 689 242 172 412 706 307 384 192 976 825 1117 598 846 193 701 970 804 787 1090 809 1088 927 820 0 546 204 291 341 342 480 865 754 482 1097 653 419 722 888 957 190 239 783 862 205 791 185
327 657 1456 220 1236 559 1173 1458 425 1445 350 1069 547 627 235 182 406 409 393 1356 1205 1497 979 1227 648 1081 1351 1184 1167 1470 1190 1468 1307 1200 546 0 405 518 443 261 356 341 1134 228 1477 287 315 1102 1268 1337 645 544 1164 1242 660 1171 639
552 347 1221 603 1000 217 937 1223 389 1209 575 834 387 317 272 565 166 373 51 1121 969 1262 743 991 338 846 1115 948 932 1234 954 1232 1071 965 204 405 0 359 407 202 469 724 898 342 1242 512 279 866 1033 1102 335 384 928 1007 350 936 329
534 190 1064 716 844 323 781 1066 160 1053 558 677 81 160 567 677 230 145 347 964 813 1105 587 835 181 689 959 792 775 1078 798 1076 915 808 291 518 359 0 101 497 241 739 742 324 1085 494 235 710 876 945 178 78 772 850 193 779 173
459 240 1114 640 893 373 831 1116 85 1102 482 727 130 210 564 602 277 69 394 1014 863 1155 636 884 231 739 1008 841 825 1127 847 1125 964 858 341 443 407 101 0 545 165 664 792 248 1135 419 160 759 926 995 228 127 821 900 243 829 222
474 485 1359 459 1138 355 1075 1360 527 1347 498 972 525 455 127 421 304 511 189 1259 1107 1400 881 1129 476 984 1253 1086 1070 1372 1092 1370 1209 1103 342 261 202 497 545 0 503 580 1036 375 1380 434 416 1004 1171 1240 473 522 1066 1145 488 1074 467
371 379 1179 553 958 512 896 1181 147 1167 395 792 269 349 477 515 339 131 457 1079 928 1220 701 949 370 804 1073 906 890 1192 912 1190 1029 923 480 356 469 241 165 503 0 577 857 161 1200 332 222 824 991 1060 367 266 886 965 382 894 362
252 878 1677 147 1457 877 1394 1679 646 1666 267 1290 768 848 554 271 627 630 712 1577 1426 1718 1200 1448 869 1302 1572 1405 1388 1691 1411 1689 1528 1421 865 341 724 739 664 580 577 0 1355 449 1698 451 536 1323 1489 1558 866 765 1385 1463 881 1392 860
1150 653 882 1332 661 786 154 884 850 871 1174 270 693 623 1107 1293 920 835 886 500 186 641 399 353 644 295 776 126 593 614 171 612 733 142 754 1134 898 742 792 1036 857 1355 0 940 621 1110 925 228 694 763 641 690 289 668 656 187 635
244 462 1262 425 1041 495 979 1264 230 1251 267 875 353 432 349 387 212 215 329 1162 1011 1303 785 1032 453 887 1156 990 973 1276 996 1274 1113 1006 482 228 342 324 248 375 161 449 940 0 1283 204 121 908 1074 1143 450 350 969 1048 465 977 445
1657 1160 1061 1839 840 1293 864 1063 1358 1050 1681 725 1201 1130 1614 1801 1427 1342 1394 397 896 77 1069 1062 1151 750 955 692 772 66 880 47 911 708 1261 1642 1406 1250 1299 1544 1364 1862 786 1447 0 1618 1433 937 873 942 1148 1198 999 847 1163 643 1143
246 633 1433 485 1212 665 1149 1434 401 1421 270 1046 523 603 408 447 382 385 500 1332 1181 1473 955 1203 624 1058 1327 1160 1143 1446 1166 1444 1283 1176 653 287 512 494 419 434 332 451 1110 204 1453 0 292 1078 1245 1314 621 520 1140 1219 636 1147 615
331 374 1248 513 1027 432 964 1249 142 1236 355 861 264 344 437 475 149 126 266 1148 996 1289 770 1018 365 873 1142 975 958 1261 981 1259 1098 992 419 315 279 235 160 416 222 536 925 121 1268 292 0 893 1060 1129 362 261 955 1034 377 963 356
1118 620 1008 1299 787 753 100 1009 818 996 1141 422 661 591 1074 1261 888 803 854 652 132 793 200 154 612 447 902 278 718 766 117 764 858 294 722 1102 866 710 759 1004 824 1323 228 908 773 1078 893 0 819 888 609 658 91 793 624 339 603
1284 787 212 1466 281 920 772 213 985 200 1308 475 827 757 1241 1428 1054 969 1020 588 804 729 696 944 778 487 106 626 153 701 789 699 210 643 888 1268 1033 876 926 1171 991 1489 694 1074 709 1245 1060 819 0 92 775 824 881 145 790 577 769
1353 856 219 1535 351 989 841 163 1054 207 1377 544 896 826 1310 1497 1123 1038 1089 657 873 798 765 1013 847 556 113 695 222 770 858 768 279 712 957 1337 1102 945 995 1240 1060 1558 763 1143 778 1314 1129 888 92 0 844 893 950 214 859 646 838
661 89 963 842 742 222 680 965 287 952 684 576 129 59 543 804 356 271 322 863 712 1004 486 733 80 588 857 691 674 977 697 975 814 707 190 645 335 178 228 473 367 866 641 450 984 621 362 609 775 844 0 126 670 749 92 678 72
560 138 1013 741 792 271 729 1014 186 1001 583 625 29 108 592 703 255 170 372 912 761 1053 535 783 129 637 907 740 723 1026 746 1024 863 756 239 544 384 78 127 522 266 765 690 350 1033 520 261 658 824 893 126 0 720 798 141 727 121
1179 682 1069 1361 848 815 162 1071 880 1058 1203 483 723 652 1136 1323 949 864 916 714 194 855 262 93 673 509 963 339 780 827 179 825 920 356 783 1164 928 772 821 1066 886 1385 289 969 835 1140 955 91 881 950 670 720 0 855 685 401 665
1258 761 333 1440 256 894 746 335 959 322 1282 449 801 731 1215 1402 1028 943 994 562 778 703 670 918 752 461 227 601 127 675 763 673 184 617 862 1242 1007 850 900 1145 965 1463 668 1048 683 1219 1034 793 145 214 749 798 855 0 764 551 744
676 104 978 857 757 237 695 980 302 967 699 591 144 74 558 819 371 286 337 878 727 1019 500 748 95 603 872 706 689 992 711 990 829 722 205 660 350 193 243 488 382 881 656 465 999 636 377 624 790 859 92 141 685 764 0 693 87
1187 690 765 1369 544 823 266 767 887 754 1211 127 730 660 1144 1331 957 872 923 357 298 498 510 464 681 152 659 94 476 471 282 469 615 110 791 1171 936 779 829 1074 894 1392 187 977 478 1147 963 339 577 646 678 727 401 551 693 0 672
655 83 958 837 737 216 674 959 281 946 679 571 124 54 537 798 351 266 317 857 706 998 480 728 75 583 852 685 668 971 691 969 808 701 185 639 329 173 222 467 362 860 635 445 978 615 356 603 769 838 72 121 665 744 87 672 0
EOF
