NAME : tsp_problem
TYPE : TSP
DIMENSION : 40
EDGE_WEIGHT_TYPE : EXPLICIT
EDGE_WEIGHT_FORMAT : FULL_MATRIX
EDGE_WEIGHT_SECTION
0 504 623 1170 493 1409 610 475 1541 398 584 1156 554 1073 1382 1652 3070 1585 580 1144 1495 362 1443 1631 1366 1652 725 1214 590 1223 764 441 647 1535 1406 1313 1534 1510 269 1123
504 0 367 764 35 1003 354 53 1135 130 328 750 73 667 976 1246 2752 1179 217 738 1089 165 1037 1225 960 1246 383 808 441 817 283 124 391 1129 1000 907 1128 1104 602 717
623 367 0 834 355 1072 37 338 1205 411 162 819 417 737 1046 1316 3083 1249 240 808 1159 375 1106 1295 1030 1316 152 878 124 887 251 454 74 1199 1070 977 1198 1174 564 786
1170 764 834 0 776 840 821 794 764 797 946 269 751 121 814 874 3233 808 769 50 927 832 874 854 461 874 708 68 908 77 608 754 787 966 838 167 757 732 1269 554
493 35 355 776 0 1015 342 52 1147 129 316 762 85 679 988 1258 2751 1191 229 750 1101 164 1049 1237 972 1258 395 820 429 829 295 123 379 1141 1012 919 1140 1116 591 729
1409 1003 1072 840 1015 0 1059 1032 725 1035 1184 668 989 743 237 836 2550 769 1008 814 202 1070 150 815 588 836 946 884 1146 893 846 992 1025 242 86 983 718 694 1507 386
610 354 37 821 342 1059 0 324 1192 398 149 806 404 724 1032 1302 3069 1235 226 794 1145 361 1093 1282 1016 1302 138 865 111 873 238 441 61 1185 1056 963 1185 1160 577 773
475 53 338 794 52 1032 324 0 1165 146 299 779 103 697 1006 1276 2769 1209 247 768 1119 182 1066 1255 990 1276 413 838 411 846 313 140 361 1159 1030 937 1158 1134 573 746
1706 1300 1369 928 1312 889 1356 1329 0 1332 1481 776 1286 1025 863 129 3323 62 1305 953 976 1367 923 109 501 129 1243 926 1443 934 1143 1289 1322 1016 887 1024 58 54 1804 683
398 130 411 797 129 1035 398 146 1168 0 372 782 180 700 1008 1278 2696 1212 324 771 1121 109 1069 1258 993 1278 490 841 485 849 390 68 435 1161 1033 939 1161 1137 497 749
584 328 162 946 316 1184 149 299 1317 372 0 931 378 849 1158 1428 3044 1361 201 920 1271 336 1218 1407 1142 1428 264 990 236 998 363 415 186 1311 1182 1088 1310 1286 683 898
1156 750 819 269 762 668 806 779 612 782 931 0 736 366 641 723 3102 656 755 294 754 817 702 702 309 723 693 267 893 275 593 739 772 794 665 365 605 581 1254 382
554 73 417 751 85 989 404 103 1122 180 378 736 0 654 962 1232 2802 1165 203 724 1075 215 1023 1212 946 1232 370 795 491 803 270 174 441 1115 987 893 1115 1090 652 703
1073 667 737 121 679 743 724 697 861 700 849 366 654 0 716 971 3136 904 672 95 829 735 777 951 557 971 611 165 811 173 511 657 689 869 741 263 854 829 1172 457
1382 976 1046 814 988 237 1032 1006 698 1008 1158 641 962 716 0 809 2671 742 981 787 323 1044 271 788 561 809 920 858 1120 866 820 966 998 363 235 956 691 667 1480 359
1816 1410 1480 1039 1422 1000 1466 1440 129 1443 1592 887 1397 1135 973 0 3434 136 1415 1064 1086 1478 1034 146 612 104 1354 1037 1554 1045 1254 1400 1432 1126 998 1135 164 160 1915 794
3082 2764 3095 3212 2763 2488 3081 2781 3097 2708 3056 3040 2814 3115 2609 3208 0 3141 2958 3186 2368 2743 2460 3187 2960 3208 3089 3256 3169 3265 2989 2665 3118 2408 2486 3355 3090 3066 3180 2758
1750 1344 1413 972 1356 933 1400 1373 62 1376 1525 820 1330 1069 907 136 3367 0 1348 997 1020 1411 967 131 545 151 1287 970 1487 978 1187 1333 1366 1059 931 1068 97 93 1848 727
580 217 240 769 229 1008 226 247 1140 324 201 755 203 672 981 1251 2946 1184 0 743 1094 332 1042 1230 965 1251 341 813 314 822 288 317 263 1134 1005 912 1133 1109 679 722
1144 738 808 50 750 814 794 768 789 771 920 294 724 95 787 899 3207 832 743 0 900 806 848 879 486 899 682 93 882 101 582 728 760 940 812 192 782 757 1242 528
1495 1089 1159 927 1101 202 1145 1119 811 1121 1271 754 1075 829 323 922 2430 855 1094 900 0 1157 174 901 674 922 1033 971 1233 979 933 1079 1111 122 200 1069 804 780 1593 472
362 165 375 832 164 1070 361 182 1203 109 336 817 215 735 1044 1314 2731 1247 332 806 1157 0 1104 1293 1028 1314 476 876 449 884 425 103 398 1197 1068 974 1196 1172 460 784
1443 1037 1106 874 1049 150 1093 1066 759 1069 1218 702 1023 777 271 870 2522 803 1042 848 174 1104 0 849 622 870 980 918 1180 927 880 1026 1059 214 148 1017 752 728 1541 420
1796 1390 1459 1018 1402 979 1446 1419 109 1422 1571 866 1376 1115 953 146 3413 131 1395 1043 1066 1457 1013 0 591 181 1333 1016 1533 1024 1233 1379 1412 1106 977 1114 143 139 1894 773
1366 960 1030 461 972 588 1016 990 337 993 1142 309 946 557 561 447 3022 381 965 486 674 1028 622 427 0 447 904 459 1104 467 804 950 982 714 585 557 330 306 1465 381
1816 1410 1480 1039 1422 1000 1466 1440 129 1443 1592 887 1396 1135 973 104 3434 151 1415 1063 1086 1478 1034 181 612 0 1354 1037 1554 1045 1254 1400 1432 1126 998 1135 164 160 1915 794
725 383 152 708 395 946 138 413 1079 490 264 693 370 611 920 1190 3077 1123 341 682 1033 476 980 1169 904 1189 0 752 226 760 125 484 143 1073 944 850 1072 1048 693 660
1214 808 878 68 820 884 865 838 762 841 990 267 795 165 858 872 3277 806 813 93 971 876 918 852 459 872 752 0 952 75 652 798 831 1011 882 121 755 730 1313 598
590 441 124 908 429 1146 111 411 1279 485 236 893 491 811 1120 1390 3157 1323 314 882 1233 449 1180 1369 1104 1390 226 952 0 960 325 528 148 1273 1144 1051 1272 1248 492 860
1223 817 887 77 829 893 873 846 770 849 998 275 803 173 866 881 3285 814 822 101 979 884 927 860 467 881 760 75 960 0 660 806 839 1019 890 115 763 739 1321 607
764 283 251 608 295 846 238 313 979 390 363 593 270 511 820 1090 2977 1023 288 582 933 425 880 1069 804 1090 125 652 325 660 0 384 203 973 844 750 972 948 792 560
441 124 454 754 123 992 441 140 1125 68 415 739 174 657 966 1236 2653 1169 317 728 1079 103 1026 1215 950 1235 484 798 528 806 384 0 478 1119 990 896 1118 1094 540 706
647 391 74 787 379 1025 61 361 1157 435 186 772 441 689 998 1268 3106 1201 263 760 1111 398 1059 1247 982 1268 143 831 148 839 203 478 0 1151 1022 929 1151 1126 615 739
1535 1129 1199 966 1141 242 1185 1159 851 1161 1311 794 1115 869 363 962 2470 895 1134 940 122 1197 214 941 714 962 1073 1011 1273 1019 973 1119 1151 0 240 1109 844 820 1633 512
1406 1000 1070 838 1012 86 1056 1030 723 1033 1182 665 987 741 235 833 2548 767 1005 812 200 1068 148 813 585 833 944 882 1144 890 844 990 1022 240 0 980 716 691 1505 384
1313 907 977 167 919 983 963 937 860 939 1088 365 893 263 956 971 3376 904 912 192 1069 974 1017 950 557 971 850 121 1051 115 750 896 929 1109 980 0 853 829 1411 697
1699 1293 1362 921 1305 882 1349 1322 58 1325 1474 770 1279 1018 856 164 3316 97 1298 946 969 1360 916 143 494 164 1236 919 1436 927 1136 1282 1315 1009 880 1018 0 89 1797 676
1674 1268 1338 897 1280 858 1325 1298 54 1301 1450 745 1255 994 831 160 3292 93 1273 922 944 1336 892 139 470 160 1212 895 1412 903 1112 1258 1290 984 856 993 89 0 1773 652
269 602 564 1269 591 1507 577 573 1640 497 683 1254 652 1172 1480 1750 3168 1684 679 1242 1593 460 1541 1730 1465 1750 693 1313 492 1321 792 540 615 1633 1505 1411 1633 1608 0 1221
1123 717 786 554 729 386 773 746 519 749 898 382 703 457 359 629 2820 563 722 528 472 784 420 609 381 629 660 598 860 607 560 706 739 512 384 697 512 487 1221 0
EOF