NAME : tsp_problem
TYPE : TSP
DIMENSION : 74
EDGE_WEIGHT_TYPE : EXPLICIT
EDGE_WEIGHT_FORMAT : FULL_MATRIX
EDGE_WEIGHT_SECTION
0 1237 1096 736 802 1662 1628 549 3145 969 954 1870 676 1361 1226 1693 1641 1275 1400 1012 1140 1634 954 827 1668 1285 742 952 1453 806 1009 1340 627 912 1582 1264 789 1406 1013 151 1710 1516 1420 708 1648 905 717 1294 101 770 97 906 1830 1466 986 154 911 1676 1367 1003 802 1033 1474 143 884 887 656 102 1360 915 723 1581 950 874
1073 0 187 654 866 599 566 960 2268 1034 1018 808 837 225 89 631 579 138 339 846 232 573 676 563 606 142 632 677 240 871 1073 204 764 718 520 127 854 344 1077 1178 647 454 358 773 586 969 782 244 1037 834 1078 722 769 254 643 1181 745 614 155 1067 866 229 262 1170 463 952 802 1129 298 494 788 519 1015 453
932 187 0 513 725 686 559 818 2319 893 877 894 696 311 176 717 665 225 332 705 91 566 535 422 693 235 491 536 384 730 932 290 623 576 607 214 712 338 936 1037 734 540 351 631 673 828 641 331 895 693 937 581 762 398 502 1040 604 607 317 926 725 88 406 1028 321 810 661 988 385 352 647 605 874 311
571 654 513 0 393 1078 1044 330 2561 560 545 1287 245 778 642 1110 1058 692 817 581 557 1051 514 244 1085 702 55 515 869 398 600 757 135 481 999 680 380 823 604 676 1126 933 837 299 1065 496 308 711 535 361 576 475 1247 883 481 679 480 1093 784 594 393 450 891 668 301 478 225 628 777 332 314 998 541 291
637 866 725 393 0 1291 1257 562 2774 413 397 1499 613 990 855 1322 1270 904 1029 897 770 1263 727 456 1298 914 371 728 1082 250 452 970 503 768 1212 893 233 1035 457 743 1339 1145 1049 152 1278 349 112 924 601 60 643 773 1459 1095 694 745 796 1305 996 446 246 662 1104 734 513 331 593 694 990 544 106 1210 394 503
1497 599 686 1078 1291 0 439 1384 2416 1458 1443 345 1262 400 588 456 52 485 388 1271 650 445 1101 988 37 556 1056 1102 526 1296 1498 420 1189 1142 99 496 1278 382 1502 1602 185 279 368 1197 412 1394 1207 392 1461 1259 1502 1146 329 539 1067 1605 1169 487 474 1492 1291 728 547 1594 887 1376 1227 1554 325 918 1212 344 1439 877
1463 566 559 1044 1257 439 0 1350 2627 1424 1409 511 1228 565 577 667 418 650 248 1237 510 51 1066 954 445 518 1022 1068 406 1262 1464 585 1155 1108 359 662 1244 242 1468 1568 370 490 228 1163 622 1360 1172 603 1427 1225 1468 1112 227 419 1033 1571 1135 93 435 1458 1257 620 427 1560 853 1342 1193 1519 536 884 1178 555 1405 843
385 960 818 330 562 1384 1350 0 2867 730 714 1592 271 1084 948 1415 1364 997 1123 607 863 1357 548 496 1391 1007 352 546 1175 567 769 1063 221 507 1305 986 549 1128 773 490 1432 1238 1142 468 1371 665 478 1017 349 530 390 501 1553 1188 581 493 506 1398 1090 763 562 756 1197 482 607 647 251 441 1083 638 484 1303 710 597
2992 2280 2331 2573 2786 2428 2639 2879 0 2953 2938 2636 2757 2202 2269 2459 2407 2165 2516 2766 2376 2645 2596 2483 2434 2328 2551 2597 2417 2791 2993 2182 2684 2637 2348 2177 2773 2521 2997 3097 2476 2282 2535 2692 2415 2889 2702 2061 2956 2754 2997 2641 2620 2431 2562 3100 2664 2687 2365 2987 2786 2268 2439 3089 2382 2871 2722 3049 2127 2413 2707 2347 2934 2372
805 1034 893 560 413 1458 1424 730 2941 0 77 1667 781 1158 1022 1490 1438 1072 1197 1064 937 1431 894 624 1465 1082 538 895 1249 275 267 1137 671 936 1379 1060 257 1203 271 910 1507 1313 1217 283 1445 91 329 1091 769 381 810 940 1627 1263 861 913 963 1473 1164 261 270 830 1271 902 681 109 760 861 1157 712 335 1378 209 671
789 1018 877 545 397 1443 1409 714 2926 77 0 1651 765 1142 1007 1474 1422 1056 1181 1049 922 1415 879 608 1449 1066 523 880 1234 259 252 1122 655 920 1363 1045 242 1187 256 894 1491 1297 1201 267 1430 76 313 1076 753 365 794 925 1611 1247 845 897 947 1457 1148 245 254 814 1256 886 665 93 745 846 1142 696 319 1362 193 655
1705 808 894 1287 1499 345 511 1592 2624 1667 1651 0 1470 608 796 201 324 693 596 1479 859 506 1309 1196 352 765 1265 1310 734 1504 1706 628 1397 1350 308 705 1486 590 1710 1811 183 431 577 1405 246 1602 1415 600 1669 1467 1711 1355 308 747 1275 1813 1378 579 682 1700 1499 936 756 1802 1095 1584 1435 1762 533 1126 1421 496 1648 1085
512 837 696 245 613 1262 1228 271 2745 781 765 1470 0 961 826 1293 1241 875 1000 410 741 1234 352 299 1268 885 266 350 1053 618 820 941 136 310 1182 864 600 1006 824 617 1310 1116 1020 519 1249 716 529 895 476 581 517 304 1430 1066 384 620 309 1276 967 814 613 633 1075 609 484 698 54 568 961 515 535 1181 762 474
1197 225 311 778 990 400 565 1084 2190 1158 1142 608 961 0 213 431 380 110 338 970 356 572 800 687 407 270 756 801 239 995 1197 107 888 842 321 121 978 343 1201 1302 448 254 357 897 387 1093 906 167 1161 958 1202 846 593 253 767 1305 869 613 187 1191 990 353 261 1294 587 1076 926 1253 189 617 912 320 1139 577
1061 89 176 642 855 588 577 948 2257 1022 1007 796 826 213 0 619 567 127 349 835 220 583 665 552 595 137 621 666 251 860 1062 192 753 706 509 116 842 355 1066 1166 636 442 369 761 575 958 771 233 1025 823 1066 711 779 264 631 1169 733 625 165 1056 855 218 273 1158 451 940 791 1118 287 482 776 507 1003 441
1528 631 717 1110 1322 456 667 1415 2447 1490 1474 201 1293 431 619 0 435 516 616 1302 762 673 1132 1019 463 588 1088 1133 557 1327 1529 451 1220 1173 377 528 1309 610 1533 1634 361 253 597 1228 68 1425 1238 423 1492 1290 1534 1178 487 570 1098 1636 1200 715 505 1523 1322 759 578 1625 918 1407 1258 1585 356 949 1244 318 1471 908
1477 579 665 1058 1270 52 418 1364 2395 1438 1422 324 1241 380 567 435 0 464 368 1250 630 425 1080 967 58 536 1036 1081 505 1275 1477 399 1168 1122 79 476 1258 362 1481 1582 164 258 348 1177 391 1373 1186 371 1441 1238 1482 1126 309 518 1047 1585 1149 466 453 1471 1270 708 527 1574 867 1356 1206 1533 304 898 1192 324 1419 857
1111 138 225 692 904 485 650 997 2153 1072 1056 693 875 110 127 516 464 0 423 884 270 657 714 601 491 186 670 715 325 909 1111 89 802 755 405 40 891 429 1115 1216 533 339 442 810 471 1007 820 130 1074 872 1116 760 677 338 681 1219 783 698 268 1105 904 267 346 1207 500 989 840 1167 183 531 826 404 1053 490
1236 339 332 817 1029 388 248 1123 2503 1197 1181 596 1000 338 349 616 368 423 0 1009 283 254 839 726 395 291 795 840 178 1034 1236 357 928 881 309 435 1017 132 1240 1341 436 439 145 936 572 1132 945 480 1200 997 1241 885 450 192 806 1344 908 296 208 1230 1030 392 200 1333 626 1115 965 1292 412 657 951 504 1178 616
848 846 705 581 897 1271 1237 607 2754 1064 1049 1479 410 970 835 1302 1250 884 1009 0 749 1243 194 492 1277 894 602 192 1062 902 1104 949 472 153 1191 873 884 1015 1108 953 1319 1125 1029 803 1257 1000 813 903 812 865 853 147 1439 1075 226 956 126 1285 976 1098 897 642 1083 945 411 982 375 904 969 381 818 1190 1045 425
976 232 91 557 770 650 510 863 2364 937 922 859 741 356 220 762 630 270 283 749 0 517 579 467 657 280 535 580 335 774 977 335 668 621 571 258 757 289 981 1081 699 585 302 676 717 873 685 376 940 738 981 625 713 349 546 1084 648 558 362 971 770 133 357 1073 366 855 706 1032 429 397 691 650 918 356
1470 573 566 1051 1263 445 51 1357 2633 1431 1415 506 1234 572 583 673 425 657 254 1243 517 0 1073 960 452 525 1029 1074 412 1268 1470 591 1162 1115 366 669 1251 249 1475 1575 365 496 235 1170 629 1367 1179 609 1434 1231 1475 1119 222 426 1040 1578 1142 100 442 1464 1264 626 434 1567 860 1349 1199 1526 542 891 1185 562 1412 850
789 676 535 514 727 1101 1066 548 2583 894 879 1309 352 800 665 1132 1080 714 839 194 579 1073 0 424 1107 724 492 35 891 731 934 779 413 65 1021 703 714 845 938 894 1149 955 859 633 1087 830 642 733 753 695 794 70 1269 905 69 897 93 1115 806 928 727 472 913 886 241 812 317 845 799 211 648 1020 875 255
663 563 422 244 456 988 954 496 2471 624 608 1196 299 687 552 1019 967 601 726 492 467 960 424 0 994 611 222 425 779 461 663 666 354 392 908 590 444 732 667 768 1036 842 746 363 974 559 372 620 626 424 668 386 1156 792 390 771 391 1002 693 657 456 359 800 760 210 542 264 719 686 241 378 907 605 200
1504 606 693 1085 1298 37 445 1391 2422 1465 1449 352 1268 407 595 463 58 491 395 1277 657 452 1107 994 0 563 1063 1108 532 1302 1505 427 1196 1149 106 503 1285 389 1509 1609 191 286 375 1204 418 1401 1213 399 1468 1265 1509 1153 336 546 1074 1612 1176 493 480 1498 1298 735 554 1601 894 1383 1234 1560 331 925 1219 351 1446 884
1121 142 235 702 914 556 518 1007 2316 1082 1066 765 885 270 137 588 536 186 291 894 280 525 724 611 563 0 680 725 192 919 1121 252 812 765 477 175 901 297 1125 1226 605 411 310 820 543 1017 830 292 1084 882 1126 770 721 206 691 1229 793 566 107 1115 914 277 214 1217 510 999 850 1177 345 541 836 476 1063 500
577 632 491 55 371 1056 1022 352 2539 538 523 1265 266 756 621 1088 1036 670 795 602 535 1029 492 222 1063 680 0 493 847 376 578 735 156 502 977 658 358 801 582 682 1105 911 815 277 1043 474 287 689 541 339 582 496 1225 861 459 685 501 1071 762 572 371 428 869 674 279 456 246 634 755 310 292 976 519 269
787 677 536 515 728 1102 1068 546 2584 895 880 1310 350 801 666 1133 1081 715 840 192 580 1074 35 425 1108 725 493 0 893 732 935 780 411 64 1022 704 715 846 939 892 1150 956 860 634 1088 831 643 734 751 696 792 68 1270 906 67 895 91 1116 807 929 728 473 914 884 242 813 315 844 800 212 649 1021 876 256
1288 240 384 869 1082 526 406 1175 2405 1249 1234 734 1053 239 251 557 505 325 178 1062 335 412 891 779 532 192 847 893 0 1087 1289 259 980 933 446 336 1069 184 1293 1393 574 380 198 988 512 1185 997 381 1252 1050 1293 937 608 46 858 1396 960 454 110 1283 1082 445 44 1385 678 1167 1018 1344 314 709 1003 445 1230 668
642 871 730 398 250 1296 1262 567 2778 275 259 1504 618 995 860 1327 1275 909 1034 902 774 1268 731 461 1302 919 376 732 1087 0 314 974 508 773 1216 898 94 1040 318 747 1344 1150 1054 120 1282 210 166 928 606 218 647 777 1464 1100 698 750 800 1310 1001 308 107 667 1108 739 518 192 597 698 994 549 172 1215 255 508
844 1073 932 600 452 1498 1464 769 2981 267 252 1706 820 1197 1062 1529 1477 1111 1236 1104 977 1470 934 663 1505 1121 578 935 1289 314 0 1177 710 975 1419 1100 297 1242 166 950 1546 1352 1256 322 1485 203 368 1131 808 420 849 980 1666 1302 900 952 1003 1512 1203 156 309 869 1311 941 720 185 800 901 1197 751 374 1417 103 710
1176 204 290 757 970 420 585 1063 2170 1137 1122 628 941 107 192 451 399 89 357 949 335 591 779 666 427 252 735 780 259 974 1177 0 868 821 341 101 957 363 1181 1281 468 274 377 876 407 1073 885 146 1140 938 1181 825 613 272 746 1284 848 633 207 1170 970 333 281 1273 566 1055 906 1232 200 597 891 339 1118 556
462 764 623 135 503 1189 1155 221 2672 671 655 1397 136 888 753 1220 1168 802 928 472 668 1162 413 354 1196 812 156 411 980 508 710 868 0 372 1110 791 491 933 714 567 1237 1043 947 410 1176 606 419 822 426 471 467 366 1358 993 445 570 370 1203 894 704 503 560 1002 559 411 589 115 518 888 442 425 1108 652 402
748 718 576 481 768 1142 1108 507 2625 936 920 1350 310 842 706 1173 1122 755 881 153 621 1115 65 392 1149 765 502 64 933 773 975 821 372 0 1063 744 756 886 979 853 1190 996 900 675 1129 871 684 775 712 736 753 47 1311 946 98 856 52 1156 848 969 768 514 955 845 283 854 275 804 841 253 690 1061 917 296
1418 520 607 999 1212 99 359 1305 2336 1379 1363 308 1182 321 509 377 79 405 309 1191 571 366 1021 908 106 477 977 1022 446 1216 1419 341 1110 1063 0 417 1199 303 1423 1523 147 200 289 1118 332 1315 1127 313 1382 1179 1423 1067 292 460 988 1526 1090 408 394 1412 1212 649 468 1515 808 1297 1148 1474 245 839 1133 265 1360 798
1099 127 214 680 893 496 662 986 2165 1060 1045 705 864 121 116 528 476 40 435 873 258 669 703 590 503 175 658 704 336 898 1100 101 791 744 417 0 880 441 1104 1204 544 351 454 799 483 996 808 141 1063 861 1104 748 689 350 669 1207 771 710 257 1094 893 256 358 1196 489 978 829 1155 195 520 814 416 1041 479
625 854 712 380 233 1278 1244 549 2761 257 242 1486 600 978 842 1309 1258 891 1017 884 757 1251 714 444 1285 901 358 715 1069 94 297 957 491 756 1199 880 0 1023 301 730 1326 1132 1036 103 1265 193 148 911 589 201 630 760 1447 1083 681 733 783 1292 984 290 90 650 1091 722 501 175 580 681 977 532 154 1198 238 491
1242 344 338 823 1035 382 242 1128 2509 1203 1187 590 1006 343 355 610 362 429 132 1015 289 249 845 732 389 297 801 846 184 1040 1242 363 933 886 303 441 1023 0 1246 1347 430 433 151 942 566 1138 951 486 1205 1003 1247 891 445 198 812 1350 914 290 214 1236 1035 398 206 1339 631 1121 971 1298 418 662 957 499 1184 622
848 1077 936 604 457 1502 1468 773 2985 271 256 1710 824 1201 1066 1533 1481 1115 1240 1108 981 1475 938 667 1509 1125 582 939 1293 318 166 1181 714 979 1423 1104 301 1246 0 954 1550 1356 1260 326 1489 207 372 1135 812 424 854 984 1671 1306 905 956 1007 1516 1207 53 313 873 1315 945 724 189 804 905 1201 755 378 1421 92 714
151 1342 1201 841 907 1767 1733 654 3250 1074 1059 1975 781 1466 1331 1798 1746 1380 1505 1118 1246 1739 1059 932 1773 1390 847 1057 1558 912 1114 1445 732 1018 1687 1369 894 1511 1118 0 1815 1621 1525 813 1753 1010 822 1400 160 875 156 1011 1935 1571 1091 91 1016 1781 1472 1108 907 1138 1579 158 989 992 761 144 1465 1020 828 1686 1055 979
1545 647 734 1126 1339 185 370 1432 2464 1507 1491 183 1310 448 636 361 164 533 436 1319 699 365 1149 1036 191 605 1105 1150 574 1344 1546 468 1237 1190 147 544 1326 430 1550 1650 0 327 416 1245 406 1442 1255 440 1509 1307 1550 1195 167 587 1115 1653 1217 438 522 1540 1339 776 595 1642 935 1424 1275 1602 373 966 1261 392 1487 925
1351 454 540 933 1145 279 490 1238 2270 1313 1297 431 1116 254 442 253 258 339 439 1125 585 496 955 842 286 411 911 956 380 1150 1352 274 1043 996 200 351 1132 433 1356 1457 327 0 420 1051 209 1248 1061 246 1315 1113 1357 1001 472 393 921 1459 1024 538 328 1346 1145 582 402 1448 741 1230 1081 1408 179 772 1067 90 1294 731
1255 358 351 837 1049 368 228 1142 2523 1217 1201 577 1020 357 369 597 348 442 145 1029 302 235 859 746 375 310 815 860 198 1054 1256 377 947 900 289 454 1036 151 1260 1361 416 420 0 955 552 1152 965 499 1219 1017 1261 905 431 211 825 1363 927 276 228 1250 1049 412 220 1352 645 1134 985 1312 432 676 971 485 1198 635
544 773 631 299 152 1197 1163 468 2680 283 267 1405 519 897 761 1228 1177 810 936 803 676 1170 633 363 1204 820 277 634 988 120 322 876 410 675 1118 799 103 942 326 649 1245 1051 955 0 1184 218 67 830 508 120 549 679 1366 1002 600 652 702 1211 903 316 115 569 1010 641 420 201 499 600 896 451 73 1117 264 410
1484 586 673 1065 1278 412 622 1371 2402 1445 1430 246 1249 387 575 68 391 471 572 1257 717 629 1087 974 418 543 1043 1088 512 1282 1485 407 1176 1129 332 483 1265 566 1489 1589 406 209 552 1184 0 1381 1193 379 1448 1246 1489 1133 532 526 1054 1592 1156 671 460 1478 1278 715 534 1581 874 1363 1214 1540 311 905 1199 274 1426 864
740 969 828 496 349 1394 1360 665 2877 91 76 1602 716 1093 958 1425 1373 1007 1132 1000 873 1367 830 559 1401 1017 474 831 1185 210 203 1073 606 871 1315 996 193 1138 207 846 1442 1248 1152 218 1381 0 264 1027 704 316 746 876 1563 1198 797 848 899 1408 1099 197 205 765 1207 837 616 81 696 797 1093 647 270 1313 144 606
553 782 641 308 112 1207 1172 478 2689 329 313 1415 529 906 771 1238 1186 820 945 813 685 1179 642 372 1213 830 287 643 997 166 368 885 419 684 1127 808 148 951 372 658 1255 1061 965 67 1193 264 0 839 517 101 558 688 1375 1011 609 661 711 1221 912 362 161 578 1019 650 429 247 508 609 905 460 83 1126 310 419
1130 244 331 711 924 392 603 1017 2049 1091 1076 600 895 167 233 423 371 130 480 903 376 609 733 620 399 292 689 734 381 928 1131 146 822 775 313 141 911 486 1135 1235 440 246 499 830 379 1027 839 0 1094 892 1135 779 585 395 700 1238 802 651 329 1124 924 373 403 1227 520 1009 860 1186 91 551 845 311 1072 510
101 1201 1060 699 766 1625 1591 513 3108 933 917 1834 640 1325 1189 1657 1605 1239 1364 976 1104 1598 917 791 1632 1249 705 915 1416 770 972 1304 590 876 1546 1227 753 1370 977 160 1673 1480 1384 672 1612 869 681 1258 0 733 106 870 1794 1430 950 163 875 1640 1331 966 766 997 1438 152 848 851 620 111 1324 879 687 1545 914 838
605 834 693 361 60 1259 1225 530 2742 381 365 1467 581 958 823 1290 1238 872 997 865 738 1231 695 424 1265 882 339 696 1050 218 420 938 471 736 1179 861 201 1003 424 710 1307 1113 1017 120 1246 316 101 892 569 0 610 741 1427 1063 661 713 763 1273 964 414 214 630 1072 702 481 299 561 662 958 512 96 1178 362 471
97 1242 1101 741 807 1667 1633 554 3150 974 959 1875 681 1366 1231 1698 1646 1280 1405 1018 1146 1639 959 832 1673 1290 747 957 1458 812 1014 1345 632 918 1587 1269 794 1411 1018 156 1715 1521 1425 713 1653 910 722 1300 106 775 0 911 1835 1471 991 159 916 1681 1372 1008 807 1038 1479 148 889 892 661 107 1365 920 728 1586 955 879
742 722 581 475 773 1146 1112 501 2629 940 925 1355 304 846 711 1178 1126 760 885 147 625 1119 70 386 1153 770 496 68 937 777 980 825 366 47 1067 748 760 891 984 847 1195 1001 905 679 1133 876 688 779 706 741 747 0 1315 951 102 850 45 1161 852 974 773 518 959 839 287 858 269 798 845 257 694 1066 921 300
1666 769 762 1247 1459 329 227 1553 2608 1627 1611 308 1430 593 779 487 309 677 450 1439 713 222 1269 1156 336 721 1225 1270 608 1464 1666 613 1358 1311 292 689 1447 445 1671 1771 167 472 431 1366 532 1563 1375 585 1630 1427 1671 1315 0 622 1236 1774 1338 296 638 1660 1460 822 630 1763 1056 1545 1395 1722 517 1087 1381 537 1608 1046
1302 254 398 883 1095 539 419 1188 2419 1263 1247 747 1066 253 264 570 518 338 192 1075 349 426 905 792 546 206 861 906 46 1100 1302 272 993 946 460 350 1083 198 1306 1407 587 393 211 1002 526 1198 1011 395 1265 1063 1307 951 622 0 872 1410 974 467 123 1296 1095 458 33 1399 692 1181 1031 1358 328 722 1017 458 1244 682
822 643 502 481 694 1067 1033 581 2550 861 845 1275 384 767 631 1098 1047 681 806 226 546 1040 69 390 1074 691 459 67 858 698 900 746 445 98 988 669 681 812 905 927 1115 921 825 600 1054 797 609 700 786 661 827 102 1236 872 0 930 125 1081 773 894 694 439 880 919 208 779 349 878 766 178 615 987 842 221
154 1345 1204 844 910 1770 1736 657 3252 1077 1062 1978 784 1469 1334 1801 1749 1383 1508 1120 1248 1742 1062 935 1776 1393 850 1060 1561 914 1117 1448 734 1020 1690 1372 897 1514 1121 91 1818 1624 1528 816 1756 1013 825 1402 163 878 159 1014 1938 1574 1094 0 1019 1784 1475 1111 910 1141 1582 155 992 995 764 147 1468 1023 831 1689 1058 982
747 745 604 480 796 1169 1135 506 2652 963 947 1378 309 869 733 1200 1149 783 908 126 648 1142 93 391 1176 793 501 91 960 800 1003 848 370 52 1090 771 783 914 1007 852 1217 1024 927 702 1156 899 711 802 711 763 752 45 1338 974 125 855 0 1183 875 996 796 541 982 844 310 881 274 803 868 280 717 1089 944 323
1511 614 607 1093 1305 487 93 1398 2675 1473 1457 579 1276 613 625 715 466 698 296 1285 558 100 1115 1002 493 566 1071 1116 454 1310 1512 633 1203 1156 408 710 1292 290 1516 1617 438 538 276 1211 671 1408 1221 651 1475 1273 1517 1161 296 467 1081 1619 1183 0 484 1506 1305 668 476 1608 901 1390 1241 1568 584 932 1227 603 1454 891
1203 155 317 784 996 474 435 1090 2353 1164 1148 682 967 187 165 505 453 268 208 976 362 442 806 693 480 107 762 807 110 1001 1203 207 894 848 394 257 984 214 1207 1308 522 328 228 903 460 1099 912 329 1167 964 1208 852 638 123 773 1311 875 484 0 1197 996 359 131 1300 593 1082 932 1259 262 624 918 393 1145 583
838 1067 926 594 446 1492 1458 763 2975 261 245 1700 814 1191 1056 1523 1471 1105 1230 1098 971 1464 928 657 1498 1115 572 929 1283 308 156 1170 704 969 1412 1094 290 1236 53 943 1540 1346 1250 316 1478 197 362 1124 802 414 843 974 1660 1296 894 946 996 1506 1197 0 303 863 1304 935 714 179 794 894 1190 745 368 1411 82 704
638 866 725 393 246 1291 1257 562 2774 270 254 1499 613 990 855 1322 1270 904 1030 897 770 1264 727 456 1298 914 371 728 1082 107 309 970 503 768 1212 893 90 1035 313 743 1339 1145 1049 115 1278 205 161 924 601 214 643 773 1460 1095 694 745 796 1305 996 303 0 662 1104 734 513 188 593 694 990 544 167 1210 251 504
869 229 88 450 662 728 620 756 2256 830 814 936 633 353 218 759 708 267 392 642 133 626 472 359 735 277 428 473 445 667 869 333 560 514 649 256 650 398 873 974 776 582 412 569 715 765 578 373 833 630 874 518 822 458 439 977 541 668 359 863 662 0 467 966 259 748 598 925 427 289 584 647 811 249
1310 262 406 891 1104 547 427 1197 2427 1271 1256 756 1075 261 273 578 527 346 200 1083 357 434 913 800 554 214 869 914 44 1108 1311 281 1002 955 468 358 1091 206 1315 1415 595 402 220 1010 534 1207 1019 403 1274 1072 1315 959 630 33 880 1418 982 476 131 1304 1104 467 0 1407 700 1189 1040 1366 336 731 1025 467 1252 690
143 1334 1193 833 899 1759 1724 646 3241 1066 1051 1967 773 1458 1323 1790 1738 1372 1497 1109 1237 1731 1050 924 1765 1382 839 1049 1549 903 1106 1437 723 1009 1679 1360 886 1503 1110 158 1807 1613 1517 805 1745 1002 814 1391 152 867 148 1003 1927 1563 1083 155 1008 1773 1464 1099 899 1130 1571 0 981 984 753 136 1457 1012 820 1678 1047 971
720 463 321 301 513 887 853 607 2370 681 665 1095 484 587 451 918 867 500 626 411 366 860 241 210 894 510 279 242 678 518 720 566 411 283 808 489 501 631 724 825 935 741 645 420 874 616 429 520 684 481 725 287 1056 692 208 828 310 901 593 714 513 259 700 817 0 599 449 776 586 95 435 806 662 54
723 952 810 478 331 1376 1342 647 2859 109 93 1584 698 1076 940 1407 1356 989 1115 982 855 1349 812 542 1383 999 456 813 1167 192 185 1055 589 854 1297 978 175 1121 189 828 1424 1230 1134 201 1363 81 247 1009 687 299 728 858 1545 1181 779 831 881 1390 1082 179 188 748 1189 820 599 0 678 779 1075 630 252 1296 127 589
492 802 661 225 593 1227 1193 251 2710 760 745 1435 54 926 791 1258 1206 840 965 375 706 1199 317 264 1234 850 246 315 1018 597 800 906 115 275 1148 829 580 971 804 597 1275 1081 985 499 1214 696 508 860 456 561 497 269 1395 1031 349 600 274 1241 932 794 593 598 1040 589 449 678 0 548 926 480 514 1146 741 439
102 1293 1152 792 858 1718 1684 606 3201 1026 1010 1926 732 1417 1282 1749 1697 1331 1456 1069 1197 1690 1010 883 1724 1341 798 1008 1509 863 1065 1397 683 969 1639 1320 845 1462 1069 144 1766 1572 1476 764 1705 961 774 1351 111 826 107 962 1886 1522 1042 147 967 1732 1423 1059 858 1089 1531 136 940 943 712 0 1417 971 780 1637 1006 930
1196 298 385 777 990 325 536 1083 2114 1157 1142 533 961 189 287 356 304 183 412 969 429 542 799 686 331 345 755 800 314 994 1197 200 888 841 245 195 977 418 1201 1301 373 179 432 896 311 1093 905 91 1160 958 1201 845 517 328 766 1304 868 584 262 1190 990 427 336 1293 586 1075 926 1252 0 617 911 244 1138 576
751 494 352 332 544 918 884 638 2401 712 696 1126 515 617 482 949 898 531 657 381 397 891 211 241 925 541 310 212 709 549 751 597 442 253 839 520 532 662 755 856 966 772 676 451 905 647 460 551 715 512 756 257 1087 722 178 859 280 932 624 745 544 289 731 848 95 630 480 807 617 0 466 837 693 85
559 788 647 314 106 1212 1178 484 2695 335 319 1421 535 912 776 1244 1192 826 951 818 691 1185 648 378 1219 836 292 649 1003 172 374 891 425 690 1133 814 154 957 378 664 1261 1067 971 73 1199 270 83 845 523 96 564 694 1381 1017 615 667 717 1227 918 368 167 584 1025 656 435 252 514 615 911 466 0 1132 316 425
1417 519 605 998 1210 344 555 1303 2335 1378 1362 496 1181 320 507 318 324 404 504 1190 650 562 1020 907 351 476 976 1021 445 1215 1417 339 1108 1061 265 416 1198 499 1421 1522 392 90 485 1117 274 1313 1126 311 1380 1178 1422 1066 537 458 987 1525 1089 603 393 1411 1210 647 467 1514 806 1296 1146 1473 244 837 1132 0 1359 797
786 1015 874 541 394 1439 1405 710 2922 209 193 1648 762 1139 1003 1471 1419 1053 1178 1045 918 1412 875 605 1446 1063 519 876 1230 255 103 1118 652 917 1360 1041 238 1184 92 891 1487 1294 1198 264 1426 144 310 1072 750 362 791 921 1608 1244 842 894 944 1454 1145 82 251 811 1252 883 662 127 741 842 1138 693 316 1359 0 652
710 453 311 291 503 877 843 597 2360 671 655 1085 474 577 441 908 857 490 616 425 356 850 255 200 884 500 269 256 668 508 710 556 402 296 798 479 491 622 714 815 925 731 635 410 864 606 419 510 674 471 715 300 1046 682 221 818 323 891 583 704 504 249 690 807 54 589 439 766 576 85 425 797 652 0
EOF