NAME : tsp_problem
TYPE : TSP
DIMENSION : 24
EDGE_WEIGHT_TYPE : EXPLICIT
EDGE_WEIGHT_FORMAT : FULL_MATRIX
EDGE_WEIGHT_SECTION
0 644 618 1086 708 369 439 373 509 829 542 753 1065 987 618 630 685 682 502 452 955 748 489 352
808 0 1258 1727 82 681 474 984 1149 204 854 128 1705 1627 1258 1270 997 1323 814 1092 1595 123 991 992
618 1094 0 648 1158 820 958 666 135 1280 993 1204 626 544 196 83 1135 260 953 258 516 1199 899 644
1086 1562 648 0 1626 1288 1426 1134 678 1748 1461 1672 45 374 614 636 1604 504 1421 766 159 1667 1367 1113
872 82 1322 1791 0 745 538 1048 1213 154 918 104 1769 1691 1322 1334 1061 1387 878 1156 1659 99 1055 1056
369 517 820 1288 581 0 419 574 710 702 230 626 1266 1188 820 832 372 884 190 653 1156 621 808 553
439 309 958 1426 374 419 0 556 849 495 592 419 1405 1327 958 970 734 1022 552 792 1295 414 563 578
373 820 666 1134 884 574 556 0 556 1005 747 930 1112 1034 666 677 890 730 707 499 1002 925 256 69
509 985 135 678 1049 710 849 556 0 1170 883 1094 656 655 135 147 1026 200 843 148 546 1089 790 535
993 204 1444 1912 154 866 659 1170 1335 0 1040 145 1891 1813 1444 1456 1182 1508 1000 1278 1781 114 1177 1177
542 690 993 1461 754 230 592 747 883 875 0 799 1439 1361 993 1005 402 1057 69 827 1329 794 981 726
918 128 1368 1836 104 791 584 1094 1259 145 964 0 1815 1737 1368 1380 1106 1432 924 1202 1705 145 1101 1101
1065 1541 626 45 1605 1266 1405 1112 656 1726 1439 1650 0 395 592 614 1582 482 1399 744 137 1645 1346 1091
987 1463 544 374 1527 1188 1327 1034 655 1648 1361 1572 395 0 714 532 1504 603 1321 560 424 1568 1268 1013
618 1094 196 614 1158 820 958 666 135 1280 993 1204 592 714 0 208 1135 135 953 258 482 1199 899 644
630 1106 83 636 1170 832 970 677 147 1292 1005 1216 614 532 208 0 1147 270 965 270 505 1211 911 656
685 832 1135 1604 896 372 734 890 1026 1018 402 942 1582 1504 1135 1147 0 1200 362 969 1472 937 1123 869
682 1158 260 504 1222 884 1022 730 200 1344 1057 1268 482 603 135 270 1200 0 1017 322 372 1263 963 709
502 650 953 1421 714 190 552 707 843 835 69 759 1399 1321 953 965 362 1017 0 786 1289 754 941 686
452 928 258 766 992 653 792 499 148 1113 827 1038 744 560 258 270 969 322 786 0 634 1033 733 478
955 1431 516 159 1495 1156 1295 1002 546 1616 1329 1541 137 424 482 505 1472 372 1289 634 0 1536 1236 981
913 123 1363 1831 99 786 579 1089 1254 114 959 145 1810 1732 1363 1375 1101 1427 919 1197 1700 0 1096 1097
489 827 899 1367 891 808 563 256 790 1012 981 937 1346 1268 899 911 1123 963 941 733 1236 932 0 278
352 827 644 1113 891 553 578 69 535 1013 726 937 1091 1013 644 656 869 709 686 478 981 932 278 0
EOF