NAME : tsp_problem
TYPE : TSP
DIMENSION : 38
EDGE_WEIGHT_TYPE : EXPLICIT
EDGE_WEIGHT_FORMAT : FULL_MATRIX
EDGE_WEIGHT_SECTION
0 1030 409 367 80 728 1264 511 482 459 224 1107 750 1217 968 919 98 916 1577 578 524 417 787 1277 437 1081 472 1126 658 459 497 495 469 762 647 740 729 565
1030 0 700 762 1088 1225 261 1008 999 956 828 187 1247 214 162 136 1107 294 2074 722 1021 708 357 519 1318 161 969 368 469 835 1013 629 986 1258 1144 1237 1226 1062
409 700 0 87 467 604 934 387 508 335 208 778 626 887 638 589 486 586 1453 259 401 34 457 948 697 751 348 796 328 372 522 166 494 638 523 616 606 441
367 762 87 0 425 666 996 449 446 397 269 839 688 949 700 651 443 648 1515 321 462 95 519 1009 759 813 410 858 390 422 460 227 432 700 585 678 667 503
80 1088 467 425 0 701 1322 485 541 432 282 1166 724 1275 1026 977 72 974 1551 636 498 475 845 1335 411 1139 445 1184 716 518 555 554 527 735 620 714 703 538
728 1225 604 666 701 0 1459 398 1060 346 578 1302 284 1412 1163 1114 720 1110 1111 784 268 612 982 1472 893 1276 359 1321 853 896 1074 690 1047 63 390 274 263 308
1264 261 934 996 1322 1459 0 1242 1233 1190 1062 421 1481 345 396 370 1341 528 2308 956 1255 942 591 453 1552 395 1203 302 703 1069 1247 863 1220 1493 1378 1471 1460 1296
511 1008 387 449 485 398 1242 0 844 101 361 1086 420 1195 946 897 503 894 1247 567 195 395 765 1255 676 1059 93 1104 636 679 858 474 831 432 317 410 400 235
482 999 508 446 541 1060 1233 844 0 792 557 1077 1083 1186 937 888 559 885 1910 306 857 499 756 1246 898 1050 805 1095 627 188 71 399 75 1094 979 1073 1062 897
459 956 335 397 432 346 1190 101 792 0 309 1033 368 1143 894 845 451 842 1195 515 142 343 713 1203 624 1007 90 1052 584 627 806 421 778 379 265 358 347 183
224 828 208 269 282 578 1062 361 557 309 0 906 600 1016 766 717 301 714 1427 387 374 216 585 1076 640 879 322 924 456 500 571 294 544 612 497 590 580 415
1107 187 778 839 1166 1302 421 1086 1077 1033 906 0 1325 375 164 289 1184 217 2152 800 1099 786 361 554 1395 48 1047 403 472 912 1091 706 1063 1336 1221 1315 1304 1139
750 1247 626 688 724 284 1481 420 1083 368 600 1325 0 1434 1185 1136 742 1133 989 806 290 635 1004 1495 916 1298 381 1343 875 919 1097 713 1070 318 413 152 60 331
1217 214 887 949 1275 1412 345 1195 1186 1143 1016 375 1434 0 349 323 1294 481 2261 910 1209 896 545 603 1505 348 1156 452 656 1022 1200 816 1173 1446 1331 1424 1414 1249
968 162 638 700 1026 1163 396 946 937 894 766 164 1185 349 0 149 1045 270 2012 660 959 646 221 608 1256 137 907 457 333 773 951 567 924 1197 1082 1175 1164 1000
919 136 589 651 977 1114 370 897 888 845 717 289 1136 323 149 0 996 299 1963 611 910 597 248 628 1207 262 858 477 360 724 902 518 875 1148 1033 1126 1116 951
98 1107 486 443 72 720 1341 503 559 451 301 1184 742 1294 1045 996 0 992 1569 654 516 494 864 1354 429 1158 464 1203 734 536 573 572 546 753 639 732 721 557
916 294 586 648 974 1110 528 894 885 842 714 217 1133 481 270 299 992 0 1960 608 907 594 169 537 1204 190 855 386 280 720 899 514 871 1144 1029 1123 1112 947
1577 2074 1453 1515 1551 1111 2308 1247 1910 1195 1427 2152 989 2261 2012 1963 1569 1960 0 1633 1117 1462 1831 2322 1743 2125 1208 2170 1702 1746 1924 1540 1897 1145 1240 979 968 1158
578 722 259 321 636 784 956 567 306 515 387 800 806 910 660 611 654 608 1633 0 580 267 479 970 877 773 528 819 350 142 320 123 293 818 703 796 785 621
524 1021 401 462 498 268 1255 195 857 142 374 1099 290 1209 959 910 516 907 1117 580 0 409 778 1269 690 1072 155 1117 649 693 871 487 844 302 153 280 270 105
417 708 34 95 475 612 942 395 499 343 216 786 635 896 646 597 494 594 1462 267 409 0 465 956 705 759 356 805 336 380 513 174 486 646 531 624 614 449
787 357 457 519 845 982 591 765 756 713 585 361 1004 545 221 248 864 169 1831 479 778 465 0 680 1075 334 726 529 152 592 770 386 743 1015 901 994 983 818
1277 519 948 1009 1335 1472 453 1255 1246 1203 1076 554 1495 603 608 628 1354 537 2322 970 1269 956 680 0 1565 528 1216 180 642 1082 1260 876 1233 1506 1391 1484 1474 1309
602 1482 861 923 575 1057 1716 841 1063 788 804 1560 1080 1669 1420 1371 594 1368 1907 1041 854 869 1239 1729 0 1533 802 1578 1110 1039 1077 948 1049 1091 976 1070 1059 894
1081 161 751 813 1139 1276 395 1059 1050 1007 879 48 1298 348 137 262 1158 190 2125 773 1072 759 334 528 1369 0 1020 377 446 886 1064 680 1037 1309 1195 1288 1277 1113
472 969 348 410 445 359 1203 93 805 90 322 1047 381 1156 907 858 464 855 1208 528 155 356 726 1216 637 1020 0 1065 597 640 819 434 791 393 278 371 361 196
1126 368 796 858 1184 1321 302 1104 1095 1052 924 403 1343 452 457 477 1203 386 2170 819 1117 805 529 180 1414 377 1065 0 491 931 1109 725 1082 1355 1240 1333 1323 1158
658 469 328 390 716 853 703 636 627 584 456 472 875 656 333 360 734 280 1702 350 649 336 152 642 946 446 597 491 0 463 641 257 614 886 772 865 854 689
459 835 372 422 518 896 1069 679 188 627 500 912 919 1022 773 724 536 720 1746 142 693 380 592 1082 875 886 640 931 463 0 202 235 174 930 815 908 898 733
497 1013 522 460 555 1074 1247 858 71 806 571 1091 1097 1200 951 902 573 899 1924 320 871 513 770 1260 912 1064 819 1109 641 202 0 413 82 1108 993 1087 1076 911
495 629 166 227 554 690 863 474 399 421 294 706 713 816 567 518 572 514 1540 123 487 174 386 876 783 680 434 725 257 235 413 0 386 724 609 703 692 527
469 986 494 432 527 1047 1220 831 75 778 544 1063 1070 1173 924 875 546 871 1897 293 844 486 743 1233 885 1037 791 1082 614 174 82 386 0 1081 966 1059 1049 884
762 1258 638 700 735 63 1493 432 1094 379 612 1336 318 1446 1197 1148 753 1144 1145 818 302 646 1015 1506 927 1309 393 1355 886 930 1108 724 1081 0 424 308 297 342
647 1144 523 585 620 390 1378 317 979 265 497 1221 413 1331 1082 1033 639 1029 1240 703 153 531 901 1391 812 1195 278 1240 772 815 993 609 966 424 0 403 392 111
740 1237 616 678 714 274 1471 410 1073 358 590 1315 152 1424 1175 1126 732 1123 979 796 280 624 994 1484 905 1288 371 1333 865 908 1087 703 1059 308 403 0 131 321
729 1226 606 667 703 263 1460 400 1062 347 580 1304 60 1414 1164 1116 721 1112 968 785 270 614 983 1474 895 1277 361 1323 854 898 1076 692 1049 297 392 131 0 310
565 1062 441 503 538 308 1296 235 897 183 415 1139 331 1249 1000 951 557 947 1158 621 105 449 818 1309 730 1113 196 1158 689 733 911 527 884 342 111 321 310 0
EOF