NAME : tsp_problem
TYPE : TSP
DIMENSION : 74
EDGE_WEIGHT_TYPE : EXPLICIT
EDGE_WEIGHT_FORMAT : FULL_MATRIX
EDGE_WEIGHT_SECTION
0 1374 706 1671 601 1419 1415 1438 1395 1205 1225 1392 627 1483 638 724 1203 420 755 1379 648 1608 644 576 1523 1581 767 636 407 1533 587 244 1059 695 726 1311 1670 1252 1366 1611 1559 1331 677 1611 794 1099 509 822 1425 465 757 1782 1308 589 527 727 1225 286 1706 769 1709 585 489 1065 57 1330 805 1365 683 715 683 210 104 1503
1374 0 820 453 896 480 253 455 229 462 276 452 870 137 911 838 195 1304 645 397 849 668 905 922 583 641 731 1224 1124 593 813 1186 431 702 675 190 731 414 384 672 212 96 819 265 607 471 1215 577 442 1259 745 563 118 908 895 822 173 1392 488 781 490 965 933 437 1342 173 595 199 813 835 716 1211 1318 563
706 820 0 1117 130 865 861 884 841 651 671 838 104 929 270 42 649 612 231 825 82 1054 264 156 969 1027 115 532 500 979 400 495 505 289 262 757 1116 698 812 1057 1005 777 53 1057 240 545 523 268 871 567 104 1228 754 142 203 181 671 700 1152 140 1155 322 241 511 739 776 251 811 47 193 303 520 626 949
1835 617 1281 0 1357 767 814 1016 789 1023 837 739 1331 552 1372 1299 724 1765 1106 958 1310 955 1366 1383 870 928 1192 1685 1586 880 1275 1648 892 1163 1136 751 1018 975 944 959 560 656 1280 613 1069 933 1676 1038 1003 1720 1207 166 679 1369 1357 1284 747 1853 91 1242 94 1426 1394 898 1803 733 1056 760 1275 1296 1177 1673 1779 850
601 896 130 1193 0 942 937 960 917 727 747 914 103 1005 195 148 725 506 308 901 82 1130 201 78 1045 1103 191 426 394 1055 376 389 581 365 338 834 1193 775 888 1133 1081 853 101 1133 316 621 417 344 947 461 180 1304 830 91 203 257 747 594 1228 216 1231 215 168 587 633 852 327 887 107 270 379 414 520 1025
1419 480 865 603 942 0 679 855 655 622 485 96 915 520 956 883 308 1349 690 797 894 354 950 967 269 327 776 1269 1170 279 859 1232 476 747 721 571 416 670 783 357 528 437 864 581 653 517 1260 622 842 1304 791 713 414 953 941 868 331 1437 638 826 640 1010 978 482 1387 589 640 625 859 880 761 1257 1363 249
1415 253 861 650 937 679 0 227 82 234 219 652 911 334 952 879 421 1344 685 168 889 868 946 963 783 841 771 1265 1165 793 854 1227 386 743 716 133 931 186 155 871 409 293 859 462 648 345 1255 618 214 1300 786 760 316 949 936 863 398 1433 685 822 687 1005 973 379 1382 115 636 113 854 875 757 1252 1358 763
1438 455 884 852 960 855 227 0 250 257 421 828 934 536 975 902 623 1367 708 83 912 1044 969 986 959 1016 794 1287 1188 969 877 1250 409 766 739 335 1106 209 94 1047 611 495 882 664 671 368 1278 641 57 1323 809 962 518 972 959 886 601 1455 887 845 889 1028 996 402 1405 317 659 280 877 898 780 1275 1381 939
1395 229 841 625 917 655 82 250 0 257 194 627 891 309 932 859 396 1325 666 192 870 844 926 943 759 816 752 1245 1146 769 834 1207 409 723 696 108 906 209 178 847 385 268 840 437 629 369 1236 598 237 1280 767 736 291 929 916 844 374 1413 660 802 663 986 954 403 1363 91 616 117 834 856 737 1232 1339 738
1205 462 651 859 727 622 234 257 257 0 428 595 701 543 742 669 406 1135 476 198 679 811 736 753 726 784 561 1055 955 736 644 1017 176 533 506 342 873 117 185 814 619 502 649 671 438 135 1045 408 244 1090 576 969 511 739 726 653 428 1223 894 612 896 796 764 170 1173 324 426 288 644 665 547 1042 1149 706
1225 276 671 673 747 485 219 421 194 428 0 457 721 357 762 689 268 1154 496 363 699 673 756 773 588 646 581 1075 975 598 664 1037 282 553 526 112 736 380 349 677 432 316 669 485 458 322 1065 428 408 1110 596 783 339 759 746 673 290 1243 708 632 710 815 783 288 1192 130 446 165 664 685 567 1062 1169 568
1392 452 838 575 914 96 652 828 627 595 457 0 888 492 929 856 281 1322 663 769 866 326 923 940 242 299 748 1242 1142 251 831 1204 449 720 693 544 389 642 756 330 500 409 836 553 625 489 1232 595 815 1277 763 685 386 926 913 840 303 1410 610 799 613 983 951 455 1360 562 613 598 831 852 734 1229 1336 221
627 870 104 1167 103 915 911 934 891 701 721 888 0 979 222 122 699 533 281 875 55 1104 228 105 1019 1077 165 453 421 1029 403 416 555 338 312 807 1166 748 862 1107 1055 827 75 1107 290 595 444 318 921 488 154 1277 804 115 176 231 721 621 1202 190 1205 242 195 561 660 825 300 861 81 243 352 441 547 999
1483 137 929 388 1005 520 334 536 309 543 357 492 979 0 1020 947 304 1413 754 478 958 708 1014 1031 623 681 840 1333 1234 633 922 1296 540 811 784 271 771 495 464 711 147 176 928 200 717 580 1324 686 523 1368 855 498 199 1017 1004 932 282 1501 423 890 425 1074 1042 546 1451 253 704 280 922 944 825 1320 1427 603
638 911 270 1208 195 956 952 975 932 742 762 929 222 1020 0 288 740 572 322 916 243 1145 64 170 1060 1118 206 492 388 1070 239 455 596 347 353 848 1207 789 903 1148 1096 868 268 1148 331 636 483 359 962 527 190 1318 845 183 272 113 762 660 1243 155 1246 78 234 602 606 866 341 902 263 101 335 480 586 1040
724 838 42 1135 148 883 879 902 859 669 689 856 122 947 288 0 667 630 249 843 100 1072 282 174 987 1045 133 550 518 997 418 513 523 307 280 775 1134 716 830 1075 1023 795 71 1075 258 563 541 286 889 585 122 1246 772 160 221 199 689 718 1170 158 1173 340 259 529 757 794 269 829 65 211 321 538 644 967
1203 195 649 560 725 308 421 623 396 406 268 281 699 304 740 667 0 1132 473 564 677 497 734 751 412 470 559 1052 953 422 642 1015 260 531 504 355 559 453 551 500 380 152 647 432 436 300 1043 405 610 1088 574 671 129 737 724 651 46 1220 595 610 598 793 761 266 1170 340 424 366 642 663 545 1040 1146 392
420 1304 612 1601 506 1349 1344 1367 1325 1135 1154 1322 533 1413 572 630 1132 0 789 1309 554 1538 578 481 1453 1510 673 319 510 1463 753 371 988 847 820 1241 1600 1182 1295 1541 1488 1261 583 1541 798 1029 112 826 1354 68 662 1711 1238 494 433 661 1155 157 1636 698 1638 592 395 994 452 1259 809 1295 589 649 849 337 340 1432
755 645 231 942 308 690 685 708 666 476 496 663 281 754 322 249 473 789 0 650 260 879 316 333 794 851 142 710 505 804 194 672 330 113 87 582 941 523 637 882 829 602 230 882 65 370 700 93 696 745 157 1052 579 319 381 234 496 878 977 192 979 354 418 335 723 600 75 636 225 246 127 697 804 774
1379 397 825 793 901 797 168 83 192 198 363 769 875 478 916 843 564 1309 650 0 854 985 910 927 900 958 736 1229 1130 910 818 1192 350 707 680 276 1048 150 50 989 553 436 824 606 613 309 1220 582 70 1264 751 904 459 913 900 828 542 1397 828 786 831 970 938 344 1347 259 600 222 818 840 721 1217 1323 880
648 849 82 1146 82 894 889 912 870 679 699 866 55 958 243 100 677 554 260 854 0 1083 249 107 998 1055 143 474 442 1008 424 437 533 317 290 786 1145 727 840 1086 1033 806 53 1086 269 574 465 297 899 509 133 1256 783 93 155 210 700 642 1181 168 1183 263 193 539 681 804 279 840 59 222 331 461 568 977
1608 668 1054 791 1130 354 868 1044 844 811 673 326 1104 708 1145 1072 497 1538 879 985 1083 0 1139 1156 167 162 965 1458 1358 115 1047 1420 665 936 909 760 252 859 972 193 716 625 1053 769 841 705 1449 811 1031 1493 979 902 603 1142 1129 1056 519 1626 826 1015 829 1199 1167 671 1576 778 829 814 1047 1069 950 1445 1552 294
644 905 264 1202 201 950 946 969 926 736 756 923 228 1014 64 282 734 578 316 910 249 1139 0 176 1054 1111 200 498 394 1064 245 461 590 353 347 842 1201 783 897 1142 1090 862 262 1142 325 630 489 353 956 533 184 1312 839 189 278 107 756 666 1237 148 1240 84 240 596 612 860 335 896 257 95 341 486 592 1034
576 922 156 1219 78 967 963 986 943 753 773 940 105 1031 170 174 751 481 333 927 107 1156 176 0 1071 1129 217 401 369 1081 351 364 607 390 364 859 1218 800 914 1159 1107 879 127 1159 342 647 392 370 973 436 206 1329 856 66 182 259 773 569 1254 242 1257 190 143 613 608 877 352 913 133 247 404 389 495 1051
1523 583 969 706 1045 269 783 959 759 726 588 242 1019 623 1060 987 412 1453 794 900 998 167 1054 1071 0 140 880 1373 1274 92 962 1335 580 851 824 675 229 774 887 170 632 541 968 684 757 620 1364 726 946 1408 895 817 518 1057 1044 972 435 1541 741 930 744 1114 1082 586 1491 693 744 729 962 984 865 1360 1467 209
1581 641 1027 764 1103 327 841 1016 816 784 646 299 1077 681 1118 1045 470 1510 851 958 1055 162 1111 1129 140 0 937 1430 1331 87 1020 1393 638 908 882 733 117 831 945 58 689 598 1025 742 814 678 1421 783 1004 1465 952 874 575 1115 1102 1029 492 1598 799 987 801 1171 1139 643 1548 751 801 786 1020 1041 922 1418 1524 267
767 731 115 1028 191 776 771 794 752 561 581 748 165 840 206 133 559 673 142 736 143 965 200 217 880 937 0 593 561 890 310 555 415 199 172 668 1027 609 722 968 915 688 113 968 151 456 584 179 781 628 40 1138 665 203 264 117 582 761 1063 76 1065 259 302 421 787 686 161 722 108 129 213 580 687 859
636 1224 532 1521 426 1269 1265 1287 1245 1055 1075 1242 453 1333 492 550 1052 319 710 1229 474 1458 498 401 1373 1430 593 0 430 1383 673 424 909 767 740 1161 1520 1102 1216 1461 1408 1181 503 1461 718 949 230 746 1275 274 582 1631 1158 415 353 581 1075 452 1556 618 1559 512 315 915 668 1179 729 1215 509 569 769 449 556 1353
407 1124 500 1421 394 1170 1165 1188 1146 955 975 1142 421 1234 388 518 953 510 505 1130 442 1358 394 369 1274 1331 561 430 0 1283 337 195 809 446 476 1062 1421 1003 1116 1362 1309 1082 471 1362 544 850 420 573 1175 465 551 1532 1059 383 321 477 976 401 1457 519 1459 336 283 815 422 1080 555 1116 477 465 433 220 327 1253
1533 593 979 716 1055 279 793 969 769 736 598 251 1029 633 1070 997 422 1463 804 910 1008 115 1064 1081 92 87 890 1383 1283 0 972 1345 590 861 834 685 164 784 897 105 642 551 978 694 766 630 1374 736 956 1418 905 827 528 1067 1054 981 444 1551 751 940 754 1124 1092 596 1501 703 754 739 972 994 875 1370 1477 219
587 813 400 1110 376 859 854 877 834 644 664 831 403 922 239 418 642 753 194 818 424 1047 245 351 962 1020 310 673 337 972 0 505 498 134 165 751 1110 692 805 1051 998 770 399 1050 233 538 664 262 864 708 325 1221 747 364 453 328 664 711 1145 361 1148 186 415 504 555 769 244 805 393 316 122 530 637 942
244 1186 495 1483 389 1232 1227 1250 1207 1017 1037 1204 416 1296 455 513 1015 371 672 1192 437 1420 461 364 1335 1393 555 424 195 1345 505 0 871 614 644 1124 1483 1065 1178 1424 1371 1144 465 1424 681 912 415 709 1237 415 545 1594 1121 377 316 544 1037 237 1519 580 1521 475 277 877 276 1142 691 1178 472 532 601 57 163 1315
1059 431 505 728 581 476 386 409 409 176 282 449 555 540 596 523 260 988 330 350 533 665 590 607 580 638 415 909 809 590 498 871 0 387 360 368 727 223 337 668 616 388 503 668 292 86 899 262 396 944 430 838 365 593 580 507 282 1077 763 466 766 649 617 76 1026 386 280 422 498 519 401 896 1003 560
695 702 289 999 365 747 743 766 723 533 553 720 338 811 347 307 531 847 113 707 317 936 353 390 851 908 199 767 446 861 134 614 387 0 144 639 998 580 694 939 887 659 287 939 122 427 757 150 753 802 214 1109 636 377 438 291 553 819 1034 249 1037 295 476 393 663 657 132 693 282 303 106 639 745 831
726 675 262 972 338 721 716 739 696 506 526 693 312 784 353 280 504 820 87 680 290 909 347 364 824 882 172 740 476 834 165 644 360 144 0 613 972 554 667 912 860 632 260 912 95 400 731 123 726 775 187 1083 609 350 411 264 526 850 1007 223 1010 325 449 366 694 631 106 666 255 276 137 669 776 804
1311 190 757 586 834 571 133 335 108 342 112 544 807 271 848 775 355 1241 582 276 786 760 842 859 675 733 668 1161 1062 685 751 1124 368 639 613 0 822 294 263 763 346 229 756 399 545 409 1152 514 322 1196 683 697 253 845 833 760 335 1329 622 718 624 902 870 374 1279 52 532 79 751 772 653 1149 1255 655
1670 731 1116 854 1193 416 931 1106 906 873 736 389 1166 771 1207 1134 559 1600 941 1048 1145 252 1201 1218 229 117 1027 1520 1421 164 1110 1483 727 998 972 822 0 921 1034 85 779 688 1115 832 904 768 1511 873 1093 1555 1042 964 665 1204 1192 1119 582 1688 889 1077 891 1261 1229 733 1638 841 891 876 1110 1131 1012 1508 1614 357
1252 414 698 811 775 670 186 209 209 117 380 642 748 495 789 716 453 1182 523 150 727 859 783 800 774 831 609 1102 1003 784 692 1065 223 580 554 294 921 0 137 862 570 454 697 623 486 183 1093 455 196 1137 624 921 477 786 774 701 476 1270 846 659 848 843 811 217 1220 276 473 239 692 713 594 1090 1196 753
1366 384 812 780 888 783 155 94 178 185 349 756 862 464 903 830 551 1295 637 50 840 972 897 914 887 945 722 1216 1116 897 805 1178 337 694 667 263 1034 137 0 975 540 423 810 592 599 296 1206 569 81 1251 737 890 446 900 887 814 529 1384 815 773 817 956 925 330 1333 245 587 209 805 826 708 1203 1310 867
1611 672 1057 794 1133 357 871 1047 847 814 677 330 1107 711 1148 1075 500 1541 882 989 1086 193 1142 1159 170 58 968 1461 1362 105 1051 1424 668 939 912 763 85 862 975 0 720 629 1056 772 845 709 1452 814 1034 1496 983 905 606 1145 1133 1060 523 1629 830 1018 832 1202 1170 674 1579 781 832 817 1051 1072 953 1449 1555 297
1559 212 1005 396 1081 528 409 611 385 619 432 500 1055 147 1096 1023 380 1488 829 553 1033 716 1090 1107 632 689 915 1408 1309 642 998 1371 616 887 860 346 779 570 540 720 0 252 1003 81 792 656 1399 762 599 1444 930 507 275 1093 1080 1007 357 1576 431 966 434 1149 1117 622 1526 329 780 355 998 1019 901 1396 1502 611
1331 96 777 492 853 437 293 495 268 502 316 409 827 176 868 795 152 1261 602 436 806 625 862 879 541 598 688 1181 1082 551 770 1144 388 659 632 229 688 454 423 629 252 0 776 304 565 428 1172 534 482 1216 703 602 75 865 852 780 130 1349 527 738 529 922 890 394 1299 212 552 238 770 792 673 1168 1275 520
677 819 53 1116 101 864 859 882 840 649 669 836 75 928 268 71 647 583 230 824 53 1053 262 127 968 1025 113 503 471 978 399 465 503 287 260 756 1115 697 810 1056 1003 776 0 1056 239 544 494 267 869 538 103 1226 753 113 174 180 670 671 1151 138 1153 293 212 509 710 774 249 810 46 192 301 490 597 947
1611 265 1057 449 1133 581 462 664 437 671 485 553 1107 200 1148 1075 432 1541 882 606 1086 769 1142 1159 684 742 968 1461 1362 694 1050 1424 668 939 912 399 832 623 592 772 81 304 1056 0 845 709 1452 814 651 1496 983 559 327 1145 1132 1060 410 1629 484 1018 486 1202 1170 674 1579 381 832 408 1050 1072 953 1449 1555 664
794 607 240 904 316 653 648 671 629 438 458 625 290 717 331 258 436 798 65 613 269 841 325 342 757 814 151 718 544 766 233 681 292 122 95 545 904 486 599 845 792 565 239 845 0 333 709 102 658 753 166 1015 542 328 389 242 459 886 940 201 942 385 427 298 762 563 84 599 233 255 136 706 812 736
1099 471 545 768 621 517 345 368 369 135 322 489 595 580 636 563 300 1029 370 309 574 705 630 647 620 678 456 949 850 630 538 912 86 427 400 409 768 183 296 709 656 428 544 709 333 0 940 302 355 984 471 879 406 633 620 548 322 1117 804 506 806 690 658 80 1067 427 320 399 538 560 441 936 1043 600
509 1215 523 1512 417 1260 1255 1278 1236 1045 1065 1232 444 1324 483 541 1043 112 700 1220 465 1449 489 392 1364 1421 584 230 420 1374 664 415 899 757 731 1152 1511 1093 1206 1452 1399 1172 494 1452 709 940 0 737 1265 68 573 1622 1149 405 344 572 1066 246 1547 609 1549 503 305 905 542 1170 719 1206 500 560 760 426 429 1343
822 577 268 874 344 622 618 641 598 408 428 595 318 686 359 286 405 826 93 582 297 811 353 370 726 783 179 746 573 736 262 709 262 150 123 514 873 455 569 814 762 534 267 814 102 302 737 0 628 782 194 984 511 356 418 271 428 914 909 229 912 413 455 268 790 532 112 568 262 283 164 734 840 706
1425 442 871 839 947 842 214 57 237 244 408 815 921 523 962 889 610 1354 696 70 899 1031 956 973 946 1004 781 1275 1175 956 864 1237 396 753 726 322 1093 196 81 1034 599 482 869 651 658 355 1265 628 0 1310 796 949 505 959 946 873 588 1443 874 832 876 1015 983 389 1392 304 646 268 864 885 767 1262 1369 926
465 1259 567 1556 461 1304 1300 1323 1280 1090 1110 1277 488 1368 527 585 1088 68 745 1264 509 1493 533 436 1408 1465 628 274 465 1418 708 415 944 802 775 1196 1555 1137 1251 1496 1444 1216 538 1496 753 984 68 782 1310 0 618 1666 1193 450 388 616 1110 201 1591 653 1594 547 350 950 497 1214 764 1250 544 604 804 382 384 1388
757 745 104 1043 180 791 786 809 767 576 596 763 154 855 190 122 574 662 157 751 133 979 184 206 895 952 40 582 551 905 325 545 430 214 187 683 1042 624 737 983 930 703 103 983 166 471 573 194 796 618 0 1153 680 192 254 107 597 750 1078 65 1080 243 291 436 771 701 176 737 98 119 228 570 676 874
1946 727 1392 166 1468 877 924 1126 900 1134 947 850 1442 663 1483 1410 835 1876 1217 1068 1420 1066 1477 1494 981 1038 1302 1796 1696 991 1385 1758 1003 1274 1247 861 1128 1085 1055 1069 671 767 1390 723 1179 1043 1786 1149 1114 1831 1317 0 790 1480 1467 1394 857 1964 139 1353 141 1537 1505 1009 1914 844 1167 870 1385 1406 1288 1783 1890 961
1308 118 754 515 830 414 316 518 291 511 339 386 804 199 845 772 129 1238 579 459 783 603 839 856 518 575 665 1158 1059 528 747 1121 365 636 609 253 665 477 446 606 275 75 753 327 542 406 1149 511 505 1193 680 625 0 842 829 757 107 1326 550 715 553 899 867 371 1276 235 529 262 747 769 650 1146 1252 497
589 908 142 1205 91 953 949 972 929 739 759 926 115 1017 183 160 737 494 319 913 93 1142 189 66 1057 1115 203 415 383 1067 364 377 593 377 350 845 1204 786 900 1145 1093 865 113 1145 328 633 405 356 959 450 192 1315 842 0 195 269 759 582 1240 228 1243 203 156 599 621 864 339 899 119 260 391 402 508 1037
527 895 203 1192 203 941 936 959 916 726 746 913 176 1004 272 221 724 433 381 900 155 1129 278 182 1044 1102 264 353 321 1054 453 316 580 438 411 833 1192 774 887 1133 1080 852 174 1132 389 620 344 418 946 388 254 1303 829 195 0 331 746 521 1227 289 1230 292 75 586 560 851 400 887 180 343 452 341 447 1024
727 822 181 1119 257 868 863 886 844 653 673 840 231 932 113 199 651 661 234 828 210 1056 107 259 972 1029 117 581 477 981 328 544 507 291 264 760 1119 701 814 1060 1007 780 180 1060 242 548 572 271 873 616 107 1230 757 269 331 0 674 749 1155 142 1157 167 323 513 695 778 253 814 175 95 305 569 675 951
1225 173 671 582 747 331 398 601 374 428 290 303 721 282 762 689 46 1155 496 542 700 519 756 773 435 492 582 1075 976 444 664 1037 282 553 526 335 582 476 529 523 357 130 670 410 459 322 1066 428 588 1110 597 693 107 759 746 674 0 1243 618 632 620 816 784 288 1193 318 446 344 664 686 567 1062 1169 414
286 1392 700 1689 594 1437 1433 1455 1413 1223 1243 1410 621 1501 660 718 1220 157 878 1397 642 1626 666 569 1541 1598 761 452 401 1551 711 237 1077 819 850 1329 1688 1270 1384 1629 1576 1349 671 1629 886 1117 246 914 1443 201 750 1799 1326 582 521 749 1243 0 1724 786 1726 680 483 1082 319 1347 897 1383 677 737 807 204 206 1521
1871 652 1317 91 1393 802 849 1051 825 1058 872 774 1367 587 1408 1335 760 1800 1141 993 1345 991 1401 1419 906 963 1227 1720 1621 916 1310 1683 928 1198 1172 786 1053 1010 979 994 596 691 1315 648 1104 968 1711 1073 1038 1755 1242 139 715 1405 1392 1319 782 1888 0 1277 66 1461 1429 933 1838 768 1091 795 1310 1331 1212 1708 1814 885
769 781 140 1078 216 826 822 845 802 612 632 799 190 890 155 158 610 698 192 786 168 1015 148 242 930 987 76 618 519 940 361 580 466 249 223 718 1077 659 773 1018 966 738 138 1018 201 506 609 229 832 653 65 1188 715 228 289 142 632 786 1113 0 1116 208 327 472 736 736 211 772 133 136 263 605 712 910
1873 654 1319 94 1395 804 852 1054 827 1061 874 777 1369 590 1410 1337 762 1803 1144 995 1348 993 1404 1421 908 966 1230 1723 1623 918 1312 1685 930 1201 1174 788 1056 1013 982 996 598 694 1318 651 1106 970 1714 1076 1041 1758 1244 141 717 1407 1394 1321 784 1891 66 1280 0 1464 1432 936 1841 771 1094 797 1312 1334 1215 1710 1817 888
585 965 322 1262 215 1010 1005 1028 986 796 815 983 242 1074 78 340 793 592 354 970 263 1199 84 190 1114 1171 259 512 336 1124 186 475 649 295 325 902 1261 843 956 1202 1149 922 293 1202 385 690 503 413 1015 547 243 1372 899 203 292 167 816 680 1297 208 1299 0 254 655 553 920 395 956 299 155 282 500 606 1093
489 933 241 1230 168 978 973 996 954 764 783 951 195 1042 234 259 761 395 418 938 193 1167 240 143 1082 1139 302 315 283 1092 415 277 617 476 449 870 1229 811 925 1170 1117 890 212 1170 427 658 305 455 983 350 291 1340 867 156 75 323 784 483 1265 327 1267 254 0 623 521 888 438 924 218 311 490 302 409 1061
1065 437 511 734 587 482 379 402 403 170 288 455 561 546 602 529 266 994 335 344 539 671 596 613 586 643 421 915 815 596 504 877 76 393 366 374 733 217 330 674 622 394 509 674 298 80 905 268 389 950 436 844 371 599 586 513 288 1082 769 472 772 655 623 0 1032 392 286 428 504 525 407 902 1008 566
57 1342 739 1639 633 1387 1382 1405 1363 1173 1192 1360 660 1451 606 757 1170 452 723 1347 681 1576 612 608 1491 1548 787 668 422 1501 555 276 1026 663 694 1279 1638 1220 1333 1579 1526 1299 710 1579 762 1067 542 790 1392 497 771 1749 1276 621 560 695 1193 319 1674 736 1676 553 521 1032 0 1297 772 1333 716 683 650 242 136 1470
1330 173 776 569 852 589 115 317 91 324 130 562 825 253 866 794 340 1259 600 259 804 778 860 877 693 751 686 1179 1080 703 769 1142 386 657 631 52 841 276 245 781 329 212 774 381 563 427 1170 532 304 1214 701 679 235 864 851 778 318 1347 604 736 606 920 888 392 1297 0 550 61 769 790 671 1167 1273 673
805 595 251 892 327 640 636 659 616 426 446 613 300 704 341 269 424 809 75 600 279 829 335 352 744 801 161 729 555 754 244 691 280 132 106 532 891 473 587 832 780 552 249 832 84 320 719 112 646 764 176 1002 529 339 400 253 446 897 927 211 930 395 438 286 772 550 0 586 244 265 146 716 823 724
1365 199 811 595 887 625 113 280 117 288 165 598 861 280 902 829 366 1295 636 222 840 814 896 913 729 786 722 1215 1116 739 805 1178 422 693 666 79 876 239 209 817 355 238 810 408 599 399 1206 568 268 1250 737 706 262 899 887 814 344 1383 631 772 633 956 924 428 1333 61 586 0 805 826 707 1203 1309 709
683 813 47 1110 107 859 854 877 834 644 664 831 81 922 263 65 642 589 225 818 59 1047 257 133 962 1020 108 509 477 972 393 472 498 282 255 751 1110 692 805 1051 998 770 46 1050 233 538 500 262 864 544 98 1221 747 119 180 175 664 677 1145 133 1148 299 218 504 716 769 244 805 0 187 296 496 603 942
715 835 193 1132 270 880 875 898 856 665 685 852 243 944 101 211 663 649 246 840 222 1069 95 247 984 1041 129 569 465 994 316 532 519 303 276 772 1131 713 826 1072 1019 792 192 1072 255 560 560 283 885 604 119 1242 769 260 343 95 686 737 1167 136 1169 155 311 525 683 790 265 826 187 0 317 556 663 963
683 716 303 1013 379 761 757 780 737 547 567 734 352 825 335 321 545 849 127 721 331 950 341 404 865 922 213 769 433 875 122 601 401 106 137 653 1012 594 708 953 901 673 301 953 136 441 760 164 767 804 228 1123 650 391 452 305 567 807 1048 263 1051 282 490 407 650 671 146 707 296 317 0 626 733 845
210 1211 520 1508 414 1257 1252 1275 1232 1042 1062 1229 441 1320 480 538 1040 337 697 1217 461 1445 486 389 1360 1418 580 449 220 1370 530 57 896 639 669 1149 1508 1090 1203 1449 1396 1168 490 1449 706 936 426 734 1262 382 570 1619 1146 402 341 569 1062 204 1544 605 1546 500 302 902 242 1167 716 1203 496 556 626 0 130 1340
104 1318 626 1615 520 1363 1358 1381 1339 1149 1169 1336 547 1427 586 644 1146 340 804 1323 568 1552 592 495 1467 1524 687 556 327 1477 637 163 1003 745 776 1255 1614 1196 1310 1555 1502 1275 597 1555 812 1043 429 840 1369 384 676 1725 1252 508 447 675 1169 206 1650 712 1652 606 409 1008 136 1273 823 1309 603 663 733 130 0 1447
1503 563 949 686 1025 249 763 939 738 706 568 221 999 603 1040 967 392 1432 774 880 977 294 1034 1051 209 267 859 1353 1253 219 942 1315 560 831 804 655 357 753 867 297 611 520 947 664 736 600 1343 706 926 1388 874 796 497 1037 1024 951 414 1521 721 910 723 1093 1061 566 1470 673 724 709 942 963 845 1340 1447 0
EOF