NAME : tsp_problem
TYPE : TSP
DIMENSION : 32
EDGE_WEIGHT_TYPE : EXPLICIT
EDGE_WEIGHT_FORMAT : FULL_MATRIX
EDGE_WEIGHT_SECTION
0 61 557 860 1445 518 867 414 225 588 262 1226 416 1246 939 410 791 573 847 847 442 963 202 201 328 1467 874 402 661 555 1379 432
61 0 549 852 1437 510 859 406 217 581 254 1218 408 1238 931 402 783 565 839 839 434 955 194 193 320 1459 866 394 653 547 1371 424
557 549 0 564 1149 68 570 790 600 741 638 930 432 950 643 786 264 427 551 551 458 667 578 576 704 1171 578 263 365 76 1083 807
860 852 564 0 712 525 124 1093 904 1044 941 623 735 643 265 1089 799 738 358 104 761 241 881 880 1007 734 516 567 227 562 776 1111
1445 1437 1149 712 0 1110 711 1678 1489 1629 1526 401 1320 421 685 1674 1384 1323 778 730 1346 661 1466 1465 1592 45 596 1152 886 1147 134 1696
518 510 68 525 1110 0 532 751 562 702 599 891 393 911 604 747 302 396 512 512 419 628 539 538 665 1132 540 225 326 66 1044 768
867 859 570 124 711 532 0 1100 910 1050 947 622 741 642 264 1096 805 744 356 111 767 240 887 886 1013 733 522 573 233 569 775 1117
414 406 790 1093 1678 751 1100 0 315 821 352 1459 649 1479 1172 68 1024 806 1080 1080 675 1196 292 290 208 1700 1107 635 894 788 1612 312
225 217 600 904 1489 562 910 315 0 632 95 1270 459 1289 983 311 835 617 890 890 485 1007 102 101 228 1510 918 445 704 598 1423 332
588 581 741 1044 1629 702 1050 821 632 0 669 1410 334 1430 1123 817 592 405 1031 1031 306 1147 609 608 735 1651 1058 576 845 739 1563 839
262 254 638 941 1526 599 947 352 95 669 0 1307 497 1327 1020 348 872 654 928 928 523 1044 140 119 266 1548 955 483 742 636 1460 369
1226 1218 930 623 401 891 622 1459 1270 1410 1307 0 1101 138 466 1455 1164 1104 558 641 1127 442 1247 1246 1373 378 377 933 667 928 290 1476
416 408 432 735 1320 393 741 649 459 334 497 1101 0 1121 814 645 452 265 722 722 66 838 437 435 563 1342 749 277 536 430 1254 666
1246 1238 950 643 421 911 642 1479 1289 1430 1327 138 1121 0 486 1475 1184 1124 578 661 1147 462 1267 1265 1393 398 397 952 687 948 309 1496
939 931 643 265 685 604 264 1172 983 1123 1020 466 814 486 0 1168 878 817 116 283 840 77 960 959 1086 707 367 646 306 641 619 1190
410 402 786 1089 1674 747 1096 68 311 817 348 1455 645 1475 1168 0 1020 802 1076 1076 671 1192 288 286 204 1696 1103 631 890 784 1608 308
791 783 264 799 1384 302 805 1024 835 592 872 1164 452 1184 878 1020 0 269 785 785 425 901 812 811 938 1405 813 440 599 266 1317 1042
573 565 427 738 1323 396 744 806 617 405 654 1104 265 1124 817 802 269 0 725 725 238 841 594 593 720 1345 752 196 539 429 1257 824
847 839 551 358 778 512 356 1080 890 1031 928 558 722 578 116 1076 785 725 0 354 748 140 867 866 994 799 275 553 213 549 711 1097
847 839 551 104 730 512 111 1080 890 1031 928 641 722 661 283 1076 785 725 354 0 748 259 868 866 994 752 503 553 214 549 794 1097
442 434 458 761 1346 419 767 675 485 306 523 1127 66 1147 840 671 425 238 748 748 0 864 463 461 589 1368 775 303 562 456 1280 692
963 955 667 241 661 628 240 1196 1007 1147 1044 442 838 462 77 1192 901 841 140 259 864 0 984 982 1110 683 348 670 330 665 595 1213
202 194 578 881 1466 539 887 292 102 609 140 1247 437 1267 960 288 812 594 867 868 463 984 0 78 206 1488 895 422 682 576 1400 309
201 193 576 880 1465 538 886 290 101 608 119 1246 435 1265 959 286 811 593 866 866 461 982 78 0 204 1486 894 421 680 574 1398 308
328 320 704 1007 1592 665 1013 208 228 735 266 1373 563 1393 1086 204 938 720 994 994 589 1110 206 204 0 1614 1021 549 808 702 1526 129
1467 1459 1171 734 45 1132 733 1700 1510 1651 1548 378 1342 398 707 1696 1405 1345 799 752 1368 683 1488 1486 1614 0 618 1173 908 1169 112 1717
874 866 578 516 596 540 522 1107 918 1058 955 377 749 397 367 1103 813 752 275 503 775 348 895 894 1021 618 0 581 362 576 530 1125
402 394 263 567 1152 225 573 635 445 576 483 933 277 952 646 631 440 196 553 553 303 670 422 421 549 1173 581 0 367 261 1086 652
661 653 365 227 886 326 233 894 704 845 742 667 536 687 306 890 599 539 213 214 562 330 682 680 808 908 362 367 0 363 820 911
555 547 76 562 1147 66 569 788 598 739 636 928 430 948 641 784 266 429 549 549 456 665 576 574 702 1169 576 261 363 0 1081 805
1379 1371 1083 776 134 1044 775 1612 1423 1563 1460 290 1254 309 619 1608 1317 1257 711 794 1280 595 1400 1398 1526 112 530 1086 820 1081 0 1629
432 424 807 1111 1696 768 1117 312 332 839 369 1476 666 1496 1190 308 1042 824 1097 1097 692 1213 309 308 129 1717 1125 652 911 805 1629 0
EOF