NAME : tsp_problem
TYPE : TSP
DIMENSION : 23
EDGE_WEIGHT_TYPE : EXPLICIT
EDGE_WEIGHT_FORMAT : FULL_MATRIX
EDGE_WEIGHT_SECTION
0 849 586 289 646 587 752 1213 742 829 914 450 1163 539 572 512 594 347 632 536 975 746 491
855 0 573 701 451 362 748 720 555 696 144 733 395 358 803 444 370 763 258 588 966 553 422
586 435 0 424 527 656 345 680 328 293 480 376 707 420 281 520 664 596 513 318 566 332 498
289 691 424 0 487 546 590 1055 583 667 760 288 1009 380 410 472 553 313 474 378 813 588 450
790 289 376 632 0 589 670 775 304 619 371 584 622 521 490 620 597 697 485 389 893 186 599
587 571 656 546 367 0 950 997 586 900 421 649 670 273 770 291 69 494 174 503 1173 468 269
752 729 345 590 821 950 0 643 559 468 655 543 882 714 340 814 958 776 807 612 297 626 792
919 540 386 761 757 716 561 0 368 509 336 713 563 650 617 750 724 826 612 518 782 437 728
742 363 328 583 580 663 559 662 0 506 445 536 688 473 441 572 671 649 559 341 779 260 551
829 678 293 667 771 900 468 601 506 0 602 620 830 663 523 763 907 840 757 561 487 575 742
924 634 480 770 520 431 655 627 461 602 0 802 302 427 710 513 439 832 327 612 873 531 491
450 643 376 288 520 649 543 1007 536 620 726 0 976 412 362 512 656 474 506 410 766 541 490
1173 886 731 1019 769 680 907 879 713 854 303 1051 0 675 962 762 687 1080 576 864 1125 783 740
539 348 420 380 144 273 714 834 363 663 417 412 665 0 534 137 281 446 130 267 937 245 115
572 549 281 410 641 770 340 909 441 523 631 362 882 534 0 633 778 596 627 431 563 446 612
512 435 520 472 230 291 814 921 449 763 503 512 752 137 633 0 299 420 216 367 1037 332 75
594 579 664 553 375 69 958 1004 593 907 429 656 677 281 778 299 0 501 181 511 1181 476 277
347 756 596 313 553 494 776 1120 649 840 822 474 1070 446 596 420 501 0 539 443 999 653 398
632 428 513 474 224 174 807 892 443 757 317 506 566 130 627 216 181 539 0 360 1030 325 195
536 449 318 378 374 503 612 813 341 561 531 410 781 267 431 367 511 443 360 0 835 346 345
975 952 566 813 1044 1173 297 634 779 487 873 766 1100 937 563 1037 1181 999 1030 835 0 849 1015
935 141 652 780 531 442 828 799 634 775 224 812 474 437 883 523 449 842 337 667 1046 0 502
491 413 498 450 209 269 792 899 428 742 481 490 730 115 612 75 277 398 195 345 1015 310 0
EOF
