NAME : tsp_problem
TYPE : TSP
DIMENSION : 22
EDGE_WEIGHT_TYPE : EXPLICIT
EDGE_WEIGHT_FORMAT : FULL_MATRIX
EDGE_WEIGHT_SECTION
0 344 298 507 888 531 449 374 345 617 402 290 376 558 417 461 556 235 310 631 537 383
344 0 452 215 1194 314 573 157 376 311 185 445 266 341 729 244 339 547 621 851 231 166
298 452 0 617 853 403 213 332 550 727 510 104 247 430 596 352 428 470 388 896 647 439
507 215 617 0 1359 493 738 337 189 139 365 610 446 521 889 424 519 707 782 665 59 346
532 842 482 1004 0 768 413 723 842 1114 900 498 617 795 391 742 793 339 258 767 1034 829
531 314 403 493 1138 0 499 197 654 589 247 396 217 40 831 88 46 705 623 1129 509 174
449 573 213 738 784 499 0 453 680 848 631 229 347 526 660 473 524 607 526 1035 768 560
374 157 332 337 1075 197 453 0 497 433 215 325 147 225 759 146 223 577 553 972 352 196
345 376 550 189 1197 654 680 497 0 299 525 543 501 681 727 584 679 545 620 503 219 506
617 311 727 139 1469 589 848 433 299 0 461 720 541 617 999 520 614 817 892 775 110 442
402 185 510 365 1252 247 631 215 525 461 0 503 324 274 787 177 272 605 680 1000 380 99
290 445 104 610 868 396 229 325 543 720 503 0 240 423 589 345 421 463 381 889 640 432
376 266 247 446 987 217 347 147 501 541 324 240 0 245 676 167 243 549 467 975 461 253
558 341 430 521 1166 40 526 225 681 617 274 423 245 0 859 115 34 732 651 1157 536 202
417 728 682 889 748 915 669 758 726 999 786 675 760 942 0 845 940 224 248 652 918 767
461 244 352 424 1094 88 473 146 584 520 177 345 167 115 781 0 113 654 573 1059 439 104
556 339 428 519 1164 46 524 223 679 614 272 421 243 34 857 113 0 730 649 1154 534 199
235 547 500 707 695 733 617 577 545 817 605 493 579 761 224 664 759 0 117 470 737 586
310 621 575 782 614 808 536 652 620 892 680 568 654 836 272 738 833 117 0 545 812 661
631 851 896 665 1124 1129 1045 972 503 775 1000 889 975 1157 652 1059 1154 470 545 0 695 982
537 231 647 59 1389 509 768 352 219 110 380 640 461 536 919 439 534 737 812 695 0 361
383 166 439 346 1181 174 560 196 506 442 99 432 253 202 768 104 199 586 659 982 361 0
EOF