NAME : tsp_problem
TYPE : TSP
DIMENSION : 28
EDGE_WEIGHT_TYPE : EXPLICIT
EDGE_WEIGHT_FORMAT : FULL_MATRIX
EDGE_WEIGHT_SECTION
0 1295 1064 986 770 100 952 743 743 763 983 1102 1185 920 344 975 1071 987 897 683 1070 985 958 515 494 766 1162 846
1294 0 368 706 841 1238 381 916 1138 834 351 242 147 408 992 735 732 360 425 738 260 737 1006 1252 1231 571 207 690
1058 368 0 462 607 1002 137 675 895 600 155 386 251 165 760 745 489 503 539 748 242 747 762 1011 990 372 194 451
852 706 462 0 464 796 351 469 605 457 381 613 588 318 638 971 113 729 765 974 469 974 472 721 700 402 565 317
591 841 607 464 0 536 495 304 556 66 526 647 730 463 378 649 490 533 443 650 613 652 652 623 602 309 707 288
100 1239 1008 930 714 0 896 687 687 707 927 1046 1129 864 288 919 1015 931 841 627 1014 929 902 459 438 710 1106 790
946 381 137 351 495 890 0 563 784 488 56 288 263 53 649 646 377 404 440 649 144 648 651 899 878 260 240 339
692 916 675 469 304 636 563 0 365 297 594 718 801 531 479 815 495 699 609 816 681 817 461 478 458 380 778 293
733 1138 895 605 556 677 784 365 0 549 814 940 1021 751 594 1067 690 932 860 933 902 1069 335 294 301 602 998 516
585 834 600 457 66 529 488 297 549 0 519 640 724 456 371 643 483 526 436 643 606 645 645 616 596 303 700 281
977 351 155 381 526 921 56 594 814 519 0 258 233 84 679 616 408 374 410 619 114 618 681 930 909 291 210 370
1100 242 386 613 647 1044 288 718 940 640 258 0 266 315 798 541 639 264 329 544 166 544 913 1054 1033 373 243 492
1183 147 251 588 730 1128 263 801 1021 724 233 266 0 291 882 625 615 383 418 627 142 627 888 1137 1116 456 89 575
914 408 165 318 463 858 53 531 751 456 84 315 291 0 616 674 345 432 467 676 171 676 618 867 846 228 267 307
344 992 760 790 466 288 649 604 604 460 679 798 882 616 0 672 816 684 594 380 767 682 819 376 355 463 858 542
684 884 649 679 355 628 538 521 772 348 568 690 773 505 381 0 705 576 486 565 656 694 869 716 695 352 750 431
878 732 489 113 490 822 377 495 690 483 408 639 615 345 665 998 0 756 791 1000 495 1000 557 806 785 428 592 343
986 360 503 729 533 930 404 699 932 526 374 264 383 432 684 427 756 0 215 430 283 429 924 1018 997 364 359 483
896 425 539 765 443 840 440 609 860 436 410 329 418 467 594 337 791 215 0 340 319 339 956 928 907 400 395 519
683 738 748 974 650 627 649 816 943 643 619 544 627 676 380 417 1000 430 340 0 528 428 1158 715 694 609 604 726
1064 260 242 469 613 1008 144 681 902 606 114 166 142 171 767 525 495 283 319 528 0 527 769 1017 996 356 119 457
1032 784 794 1020 698 976 695 864 1115 691 665 590 673 722 729 472 1046 476 386 474 573 0 1211 1064 1043 655 650 774
948 1006 762 472 652 892 651 461 335 645 681 913 888 618 809 1163 557 924 956 1148 769 1165 0 509 516 595 865 508
505 1249 1011 721 546 449 899 478 294 539 930 1054 1137 867 366 997 806 941 851 705 1017 1007 509 0 73 716 1113 629
484 1228 990 700 525 428 878 458 301 518 909 1033 1116 846 345 976 785 920 830 684 996 986 516 73 0 695 1093 608
763 571 372 402 309 707 260 380 602 303 291 373 456 228 463 606 428 364 400 609 356 608 595 716 695 0 432 154
1160 207 194 565 707 1104 240 778 998 700 210 243 89 267 858 601 592 359 395 604 119 604 865 1113 1093 432 0 552
676 690 451 317 288 620 339 293 516 281 370 492 575 307 463 725 343 483 519 726 457 728 508 629 608 154 552 0
EOF