NAME : tsp_problem
TYPE : TSP
DIMENSION : 26
EDGE_WEIGHT_TYPE : EXPLICIT
EDGE_WEIGHT_FORMAT : FULL_MATRIX
EDGE_WEIGHT_SECTION
0 1032 430 195 904 858 720 966 1140 951 948 790 542 405 583 1009 1066 145 1079 631 445 344 1338 148 1001 1041
955 0 625 828 370 333 700 538 142 396 394 321 647 671 824 238 393 834 541 440 882 1028 463 1070 230 141
430 635 0 303 506 786 881 568 743 879 877 719 703 441 744 813 994 309 1025 531 606 505 941 545 805 644
195 905 303 0 777 741 727 839 1013 833 831 673 549 288 591 892 949 70 979 504 452 352 1211 310 884 914
904 380 506 776 0 653 916 216 488 742 739 641 738 625 779 559 739 783 887 566 838 979 686 1019 550 389
858 333 787 741 643 0 509 811 407 141 138 129 456 480 633 293 256 747 286 371 691 837 736 882 285 414
720 700 881 727 828 509 0 923 808 554 557 466 212 468 262 660 715 734 621 468 445 591 1103 743 652 782
991 548 593 864 217 821 1004 0 655 910 907 809 826 712 867 726 907 870 1055 653 925 1066 852 1106 718 557
1063 142 733 935 478 407 808 645 0 345 342 428 754 779 932 346 342 942 490 547 990 1136 571 1178 338 249
951 396 880 833 732 141 554 900 345 0 46 222 502 573 679 385 194 840 179 464 737 883 825 974 377 503
948 394 878 831 729 138 557 897 342 46 0 220 504 570 681 383 192 838 181 462 740 886 822 972 375 501
790 321 719 673 631 129 466 758 428 222 220 0 388 412 565 281 338 679 368 304 623 769 724 814 273 402
542 647 703 549 739 456 212 801 754 502 504 388 0 290 209 607 662 556 569 390 267 413 1031 565 599 729
405 671 441 288 625 480 468 687 779 573 570 412 290 0 332 632 688 294 718 349 390 384 1056 429 623 753
583 824 744 591 780 633 262 842 932 679 681 565 209 332 0 784 839 597 746 504 308 454 1209 606 776 906
804 503 705 677 527 479 576 621 610 572 570 411 498 522 675 0 688 684 718 289 733 879 808 920 623 511
1066 393 984 949 729 256 715 897 342 194 192 338 662 688 839 383 0 956 339 580 898 1044 822 1090 375 500
145 911 309 70 783 747 734 846 1019 840 838 679 556 294 597 899 956 0 985 511 459 358 1217 261 891 920
1079 541 1025 979 877 286 621 1045 490 179 181 368 569 718 746 531 339 985 0 610 804 950 970 1102 523 649
631 517 532 504 541 371 468 628 624 464 462 304 390 349 504 523 580 511 610 0 563 706 823 747 515 525
445 882 606 452 838 691 445 900 990 737 740 623 267 390 308 843 898 459 804 563 0 316 1267 465 835 964
344 1028 505 352 979 837 591 1041 1136 883 886 769 413 384 454 988 1044 358 950 706 316 0 1413 310 980 1110
1076 185 678 948 423 458 826 591 293 547 545 446 773 797 950 364 544 955 693 565 1008 1151 0 1191 356 194
148 1073 545 310 1019 882 743 1081 1180 974 972 814 565 429 606 1033 1090 261 1102 747 465 310 1453 0 1025 1155
799 497 699 671 521 474 571 616 605 566 564 406 492 517 669 625 682 678 712 283 728 873 803 914 0 506
921 174 523 794 268 447 815 436 282 536 534 435 756 642 797 353 533 801 682 554 855 996 480 1037 345 0
EOF