NAME : tsp_problem
TYPE : TSP
DIMENSION : 26
EDGE_WEIGHT_TYPE : EXPLICIT
EDGE_WEIGHT_FORMAT : FULL_MATRIX
EDGE_WEIGHT_SECTION
0 550 416 441 864 665 633 760 782 919 757 435 871 756 443 748 293 506 800 717 836 981 621 595 858 839
667 0 414 450 489 566 610 813 916 570 298 213 384 298 452 396 431 513 439 701 718 633 162 602 741 720
564 414 0 141 733 539 507 520 544 544 385 300 736 384 142 374 296 141 674 444 461 607 409 230 484 465
590 450 141 0 763 564 533 610 634 644 484 335 771 484 33 473 321 232 699 544 561 707 509 320 583 565
570 489 733 763 0 233 512 1133 1229 997 726 474 161 725 765 823 744 829 105 1021 1037 1060 589 917 1060 1041
371 566 539 564 233 0 313 1008 1030 970 803 427 342 802 566 796 545 630 169 942 959 1032 667 718 981 963
210 610 507 532 512 313 0 722 743 1010 847 471 520 846 534 839 385 597 448 678 845 1072 711 686 867 931
896 813 442 533 1130 931 712 0 507 513 759 700 1136 758 534 478 493 411 1066 153 319 575 809 500 342 315
926 918 763 808 1228 1029 741 517 0 965 1079 802 1236 1079 810 798 523 732 1164 473 640 1028 988 820 662 767
1067 570 544 644 997 970 1010 513 955 0 515 584 893 514 645 199 799 644 948 536 553 115 565 733 576 309
904 298 385 484 726 803 847 759 887 515 0 419 621 47 486 341 637 485 676 647 664 578 167 573 686 665
528 213 300 335 474 427 471 700 803 584 419 0 478 419 336 410 315 400 425 588 605 647 283 489 627 609
577 384 736 771 161 342 520 1136 1237 893 621 478 0 621 772 719 751 836 215 1024 1041 956 485 924 1063 1043
903 298 384 484 725 802 846 758 887 514 47 419 621 0 485 340 637 484 675 646 663 577 167 572 686 665
591 452 142 33 765 566 534 612 636 645 486 336 772 485 0 475 323 233 701 545 562 708 510 322 585 566
897 396 374 473 823 796 840 478 788 199 341 410 719 340 475 0 628 474 774 366 383 262 391 562 405 349
570 431 296 321 744 545 413 503 524 799 637 315 751 637 323 628 0 387 680 460 626 862 501 475 649 720
747 739 604 630 1049 850 563 408 433 857 946 624 1057 945 631 690 344 0 985 365 532 919 810 118 554 659
506 439 674 699 105 169 448 1083 1165 948 676 425 215 675 701 774 680 765 0 971 988 1010 540 853 1011 992
844 701 330 421 1018 819 668 153 463 536 647 588 1024 646 422 366 450 299 954 0 207 599 696 388 230 339
669 527 155 245 842 643 612 502 526 658 498 414 850 497 247 487 400 123 778 459 0 720 522 212 597 579
1130 633 607 707 1060 1032 1073 575 1018 115 578 647 956 577 708 262 862 707 1010 599 616 0 628 795 638 371
768 162 409 509 589 667 711 809 911 565 167 283 485 167 510 391 501 509 540 696 713 628 0 597 736 716
658 650 515 540 960 761 473 319 343 767 856 534 968 856 542 601 255 534 896 276 442 830 720 0 465 570
645 503 131 221 818 619 588 478 502 634 474 390 826 473 223 463 376 99 754 435 551 696 498 188 0 555
988 720 465 565 1041 963 931 315 757 309 665 609 1043 665 566 349 720 448 992 339 356 371 716 536 378 0
EOF