NAME : tsp_problem
TYPE : TSP
DIMENSION : 82
EDGE_WEIGHT_TYPE : EXPLICIT
EDGE_WEIGHT_FORMAT : FULL_MATRIX
EDGE_WEIGHT_SECTION
0 1109 373 145 623 696 471 403 511 849 549 999 1232 586 912 193 1054 712 722 593 884 502 983 727 985 3247 158 954 888 592 674 635 1623 467 227 525 370 531 777 433 1126 1272 262 3686 441 1051 1197 137 603 414 795 999 472 316 772 609 469 253 551 3225 130 426 549 359 958 651 358 715 400 731 178 909 547 180 683 187 453 1006 621 715 1267 412
1109 0 1024 1125 965 1088 1055 1054 1162 1240 870 444 143 1403 227 947 498 827 888 936 1051 1319 428 842 310 3953 1204 398 247 1056 598 991 1302 1159 1138 917 1174 1442 649 1062 68 217 1173 3364 1069 495 108 1184 1068 1065 1187 443 1383 1103 644 1426 1054 1164 893 3931 1111 1243 1460 1010 403 1467 1215 554 1051 656 1089 233 868 1226 1500 1233 1104 331 843 640 211 1323
373 1024 0 389 538 871 646 243 351 1024 724 914 1147 761 827 211 969 817 897 508 1059 677 898 832 900 3422 468 869 803 767 589 810 1538 641 402 439 363 631 692 608 1041 1186 437 3600 616 965 1112 447 778 254 970 913 572 491 687 721 644 428 465 3400 374 601 649 198 873 825 533 630 240 646 353 824 722 489 858 497 293 921 796 630 1181 512
145 1125 389 0 639 712 487 419 528 865 566 1016 1248 602 928 210 1070 729 738 610 901 519 1000 743 1002 3264 241 970 905 608 690 651 1640 483 244 541 386 547 794 449 1143 1288 278 3702 457 1067 1213 220 620 430 812 1015 488 332 789 625 486 269 567 3241 54 442 565 375 974 667 374 731 417 748 194 925 563 262 699 269 469 1023 637 732 1283 428
623 965 538 639 0 1070 896 568 577 1223 852 855 1088 1011 768 461 910 809 906 267 1068 927 839 824 842 3672 718 810 744 1017 580 973 1479 891 652 288 510 778 452 858 983 1128 687 3542 866 907 1053 697 1028 579 1169 855 719 741 447 868 894 640 225 3650 624 851 796 523 814 1076 783 448 565 638 603 765 850 739 1108 747 518 863 834 622 1123 659
696 1088 871 712 1070 0 371 901 1010 175 238 978 1211 576 891 692 1033 419 396 1041 395 492 962 434 964 3127 792 933 867 229 528 116 1602 332 726 972 868 689 789 377 1105 1251 760 3664 384 1030 1176 771 241 912 121 978 747 418 784 599 369 751 998 3104 698 416 671 857 937 641 388 694 899 468 676 888 240 813 673 820 951 985 280 486 1245 807
471 1055 646 487 896 371 0 676 784 523 224 946 1179 572 859 466 1001 387 396 866 559 489 930 401 932 3176 566 900 835 278 496 309 1570 381 500 798 643 685 756 152 1073 1218 535 3632 159 997 1143 545 290 687 470 945 743 192 751 596 55 526 824 3153 473 412 668 632 905 637 344 661 673 436 451 855 222 588 669 595 726 953 295 454 1213 685
403 1054 243 419 568 901 676 0 251 1054 754 944 1177 791 857 241 999 848 927 440 1090 707 928 862 930 3452 498 899 833 797 619 840 1568 672 431 426 262 530 722 638 1071 1217 467 3631 646 996 1142 477 808 153 1001 944 471 521 717 620 675 392 476 3430 405 631 548 98 903 856 563 660 139 676 383 854 752 520 888 527 192 951 826 660 1212 411
511 1162 351 528 577 1010 784 251 0 1162 863 1053 1286 777 966 350 1108 956 1036 422 1198 812 1037 971 1039 3561 606 1007 942 905 728 948 1677 780 413 408 244 512 807 747 1180 1325 511 3739 754 1104 1250 586 917 261 1109 1052 452 630 802 602 783 374 458 3539 513 740 530 206 1012 841 671 768 248 785 491 962 861 628 874 635 170 1060 934 769 1320 393
849 1240 1024 865 1223 175 523 1054 1162 0 391 1131 1364 729 1044 844 1186 572 549 1193 459 645 1115 586 1117 3279 944 1085 1020 382 681 268 1755 485 878 1124 1021 841 941 529 1258 1403 913 3817 537 1182 1328 923 394 1065 186 1130 900 570 936 752 522 904 1151 3257 850 569 824 1009 1090 793 540 846 1051 621 829 1040 393 966 826 973 1104 1138 433 639 1398 960
549 870 724 566 852 238 224 754 863 391 0 761 993 571 673 545 815 201 208 823 370 487 745 216 747 3122 645 715 650 224 311 141 1385 327 579 754 721 684 571 230 888 1033 614 3447 238 812 958 624 236 765 337 760 742 271 566 594 222 604 780 3099 551 411 666 710 719 636 383 476 752 250 529 670 36 667 668 674 804 768 92 268 1028 764
999 444 914 1016 855 978 946 944 1053 1131 761 0 432 1293 275 838 79 717 779 826 941 1210 196 732 319 3844 1094 166 222 947 489 882 1192 1049 1029 808 1065 1332 539 952 461 369 1064 3255 960 86 421 1074 958 955 1078 96 1273 993 534 1316 945 1054 783 3822 1001 1133 1350 900 67 1358 1105 444 942 546 979 242 758 1116 1390 1123 994 340 733 530 364 1213
1232 143 1147 1248 1088 1211 1179 1177 1286 1364 993 432 0 1526 351 1070 487 950 1012 1059 1174 1442 531 965 433 4077 1327 501 371 1179 721 1114 1425 1282 1262 1040 1297 1565 772 1185 127 152 1296 3487 1192 483 67 1307 1191 1188 1310 431 1506 1226 767 1549 1177 1287 1016 4054 1234 1366 1583 1133 402 1590 1338 677 1174 779 1212 356 991 1349 1623 1356 1227 454 966 763 146 1446
586 1403 761 602 1011 576 572 791 777 729 571 1293 1526 0 1206 582 1348 734 744 888 906 213 1277 749 1279 3040 682 1248 1182 448 843 515 1917 323 616 874 557 291 1104 535 1420 1566 650 3590 542 1345 1491 661 460 802 675 1293 349 418 1099 201 571 580 924 3017 588 176 273 747 1252 83 255 1009 789 783 566 1203 569 703 116 710 718 1300 643 801 1561 409
912 227 827 928 768 891 859 857 966 1044 673 275 351 1206 0 750 330 630 692 739 854 1122 259 645 141 3757 1007 230 79 859 401 794 1105 962 942 720 977 1245 452 865 245 424 976 3167 872 327 315 987 871 868 990 275 1186 906 447 1229 857 967 696 3734 914 1046 1263 813 234 1270 1018 357 854 459 892 65 671 1029 1303 1036 907 162 646 443 419 1126
193 947 211 210 461 692 466 241 350 844 545 838 1070 582 750 0 892 708 718 432 880 498 822 722 824 3243 289 792 727 587 512 630 1461 462 223 363 362 527 615 429 965 1110 258 3524 436 889 1035 268 599 252 791 837 467 312 611 605 465 248 389 3221 195 422 545 197 796 646 353 553 238 570 173 747 543 311 679 318 291 845 616 554 1105 408
1054 498 969 1070 910 1033 1001 999 1108 1186 815 79 487 1348 330 892 0 772 834 881 996 1264 250 787 374 3899 1149 221 277 1001 544 936 1247 1104 1084 862 1120 1387 594 1007 516 424 1118 3309 1015 32 476 1129 1013 1010 1132 86 1328 1048 589 1371 999 1109 838 3876 1056 1188 1405 955 122 1413 1160 499 997 601 1034 297 813 1171 1445 1178 1049 395 788 585 419 1268
712 827 817 729 809 419 387 848 956 572 201 717 950 734 630 708 772 0 265 780 427 650 701 67 703 3285 808 672 606 387 267 322 1341 490 742 711 884 847 528 393 844 990 776 3404 400 769 915 787 399 858 518 717 905 434 523 757 385 767 737 3262 714 574 829 803 676 799 546 433 845 207 692 627 199 829 831 837 898 724 183 225 985 927
722 888 897 738 906 396 396 927 1036 549 208 779 1012 744 692 718 834 265 0 876 280 660 763 280 765 3294 818 733 668 397 374 299 1403 500 751 818 894 856 589 403 906 1051 786 3465 410 830 976 797 409 938 418 778 915 443 584 767 395 777 833 3272 724 584 839 883 738 808 556 494 924 314 702 688 209 839 841 846 977 786 144 332 1046 936
593 936 508 610 267 1041 866 440 422 1193 823 826 1059 888 739 432 881 780 876 0 1039 898 810 794 812 3643 688 781 715 987 551 944 1450 862 524 183 356 623 423 829 953 1098 622 3512 836 877 1023 668 999 451 1140 825 564 712 418 713 865 485 73 3621 595 822 641 396 785 953 753 419 438 609 573 735 821 710 985 717 364 833 804 592 1093 504
884 1051 1059 901 1068 395 559 1090 1198 459 370 941 1174 906 854 880 996 427 280 1039 0 823 925 442 928 3457 980 896 830 560 537 462 1565 662 914 980 1057 1019 752 565 1069 1214 949 3628 573 993 1139 959 571 1100 295 941 1077 606 747 929 558 939 996 3435 886 746 1002 1045 900 971 718 657 1087 476 864 851 371 1002 1003 1009 1140 948 306 494 1209 1099
502 1319 677 519 927 492 489 707 812 645 487 1210 1442 213 1122 498 1264 650 660 898 823 0 1194 665 1196 2956 598 1164 1098 365 760 431 1833 239 532 829 592 326 1020 451 1337 1482 567 3507 458 1261 1407 577 376 718 592 1209 384 334 1015 236 487 557 855 2934 504 92 308 663 1168 278 171 925 705 699 482 1119 485 620 310 627 753 1217 559 717 1477 444
983 428 898 1000 839 962 930 928 1037 1115 745 196 531 1277 259 822 250 701 763 810 925 1194 0 716 303 3828 1078 150 206 931 473 866 1176 1033 1013 792 1049 1316 523 936 445 468 1048 3239 944 247 515 1058 942 939 1062 195 1257 977 518 1300 929 1038 767 3806 985 1117 1334 884 155 1342 1089 428 926 530 963 226 742 1100 1374 1107 978 324 717 514 463 1197
727 842 832 743 824 434 401 862 971 586 216 732 965 749 645 722 787 67 280 794 442 665 716 0 718 3299 822 686 621 402 282 337 1356 505 756 726 899 861 542 408 859 1004 791 3418 415 783 929 801 414 873 533 731 920 448 537 772 400 782 752 3277 729 589 844 818 691 813 561 448 860 222 707 641 214 844 846 851 912 739 197 240 999 941
985 310 900 1002 842 964 932 930 1039 1117 747 319 433 1279 141 824 374 703 765 812 928 1196 303 718 0 3830 1081 274 123 933 475 868 1178 1035 1015 794 1051 1318 525 938 327 506 1050 3241 946 370 397 1060 944 941 1064 318 1259 979 520 1303 931 1040 769 3808 987 1119 1336 886 278 1344 1091 431 928 532 965 88 744 1102 1376 1109 981 67 719 516 501 1199
3278 3974 3453 3295 3703 3147 3196 3484 3592 3299 3142 3864 4097 3071 3777 3274 3919 3305 3315 3674 3477 2987 3848 3320 3850 0 3374 3819 3753 3019 3414 3085 3388 2945 3308 3605 3450 3183 3674 3202 3991 4136 3343 3902 3210 3915 4061 3353 3031 3494 3246 3863 3242 3110 3669 3094 3194 3333 3631 134 3280 2911 3166 3439 3823 3135 2947 3580 3481 3354 3258 3773 3140 3396 3168 3403 3534 3871 3213 3372 4131 3302
158 1204 468 241 718 792 566 498 606 944 645 1094 1327 682 1007 289 1149 808 818 688 980 598 1078 822 1081 3343 0 1049 983 687 769 730 1718 562 323 620 466 627 872 529 1222 1367 358 3781 536 1146 1292 169 699 509 891 1094 568 412 867 705 565 348 646 3321 226 522 645 454 1053 746 453 810 495 827 273 1004 643 98 779 105 548 1101 716 810 1362 508
954 398 869 970 810 933 900 899 1007 1085 715 166 501 1248 230 792 221 672 733 781 896 1164 150 686 274 3798 1049 0 176 901 443 836 1147 1004 983 762 1019 1287 494 907 416 438 1018 3209 914 217 486 1028 913 910 1032 165 1228 947 489 1271 899 1009 738 3776 956 1088 1305 854 125 1312 1060 399 896 501 934 197 713 1070 1345 1078 949 295 688 484 433 1168
888 247 803 905 744 867 835 833 942 1020 650 222 371 1182 79 727 277 606 668 715 830 1098 206 621 123 3733 983 176 0 836 378 771 1081 938 918 697 954 1221 428 841 265 444 953 3144 849 273 335 963 847 844 967 221 1162 882 423 1205 833 943 672 3711 890 1022 1239 789 181 1247 994 333 831 435 868 46 647 1005 1279 1012 883 144 622 419 439 1102
592 1056 767 608 1017 229 278 797 905 382 224 947 1179 448 859 587 1001 387 397 987 560 365 931 402 933 2999 687 901 836 0 497 168 1571 204 621 918 764 561 757 285 1074 1219 656 3550 292 998 1144 666 40 808 329 946 619 325 752 472 277 647 944 2977 593 288 544 752 905 513 260 662 794 436 572 856 222 709 545 716 847 954 296 454 1214 680
674 598 589 690 580 528 496 619 728 681 311 489 721 843 401 512 544 267 374 551 537 760 473 282 475 3394 769 443 378 497 0 432 1113 599 704 482 739 956 299 502 616 761 738 3175 510 540 686 749 508 630 628 488 948 543 294 867 495 729 508 3372 676 683 939 575 448 908 655 204 616 96 654 398 308 791 940 798 669 496 292 80 756 888
635 991 810 651 973 116 309 840 948 268 141 882 1114 515 794 630 936 322 299 944 462 431 866 337 868 3065 730 836 771 168 432 0 1506 271 664 875 807 627 692 315 1009 1154 699 3568 323 933 1079 709 180 851 215 881 686 356 687 538 308 690 901 3043 636 355 610 795 840 579 326 597 837 371 615 791 144 752 612 759 890 889 183 389 1149 746
1623 1302 1538 1640 1479 1602 1570 1568 1677 1755 1385 1192 1425 1917 1105 1461 1247 1341 1403 1450 1565 1833 1176 1356 1178 3315 1718 1147 1081 1571 1113 1506 0 1673 1653 1432 1689 1956 1163 1576 1319 1465 1688 2200 1584 1244 1390 1698 1582 1579 1702 1192 1897 1617 1158 1940 1568 1678 1407 3292 1625 1757 1974 1524 1151 1982 1729 1068 1566 1170 1603 1102 1382 1740 2014 1747 1618 1199 1357 1154 1459 1837
467 1159 641 483 891 332 381 672 780 485 327 1049 1282 323 962 462 1104 490 500 862 662 239 1033 505 1035 2925 562 1004 938 204 599 271 1673 0 496 793 639 436 860 387 1176 1322 531 3476 395 1100 1247 541 216 682 431 1049 494 298 855 346 380 521 819 2903 468 163 419 627 1008 388 135 765 669 539 446 959 325 584 420 591 722 1056 399 557 1316 555
227 1138 402 244 652 726 500 431 413 878 579 1029 1262 616 942 223 1084 742 751 524 914 532 1013 756 1015 3277 323 983 918 621 704 664 1653 496 0 510 193 354 807 463 1156 1301 149 3715 470 1080 1226 302 633 442 825 1028 295 346 802 444 499 76 560 3255 229 456 372 387 988 680 387 744 428 761 134 938 577 345 713 352 354 1036 650 745 1296 235
525 917 439 541 288 972 798 426 408 1124 754 808 1040 874 720 363 862 711 818 183 980 829 792 726 794 3574 620 762 697 918 482 875 1432 793 510 0 341 609 442 760 935 1080 589 3494 767 859 1005 599 930 437 1071 807 550 643 437 699 796 471 215 3552 526 753 627 382 766 939 685 438 424 540 504 717 752 641 971 648 349 815 736 524 1075 490
370 1174 363 386 510 868 643 262 244 1021 721 1065 1297 557 977 362 1120 884 894 356 1057 592 1049 899 1051 3419 466 1019 954 764 739 807 1689 639 193 341 0 292 741 605 1192 1337 291 3751 613 1116 1262 445 775 273 968 1064 233 488 736 382 642 154 391 3396 372 555 310 218 1024 622 530 737 260 797 276 974 719 487 654 494 186 1072 793 781 1332 173
531 1442 631 547 778 689 685 530 512 841 684 1332 1565 291 1245 527 1387 847 856 623 1019 326 1316 861 1318 3152 627 1287 1221 561 956 627 1956 436 354 609 292 0 1008 647 1459 1605 452 3703 655 1384 1530 606 573 541 788 1332 104 530 1003 239 684 315 659 3130 533 289 181 486 1291 355 367 1004 527 896 437 1242 682 648 388 656 453 1339 755 914 1600 144
777 649 692 794 452 789 756 722 807 941 571 539 772 1104 452 615 594 528 589 423 752 1020 523 542 525 3654 872 494 428 757 299 692 1163 860 807 442 741 1008 0 762 666 812 842 3225 770 590 737 852 769 733 888 538 949 803 22 1099 755 832 380 3632 779 944 1026 678 498 1168 915 132 720 356 757 449 569 894 1201 901 749 546 543 340 806 889
433 1062 608 449 858 377 152 638 747 529 230 952 1185 535 865 429 1007 393 403 829 565 451 936 408 938 3182 529 907 841 285 502 315 1576 387 463 760 605 647 762 0 1079 1224 497 3638 121 1003 1150 508 296 649 476 951 706 155 757 558 150 488 786 3160 435 375 630 594 911 599 306 668 636 442 413 862 228 550 632 558 688 959 302 460 1219 647
1126 68 1041 1143 983 1105 1073 1071 1180 1258 888 461 127 1420 245 965 516 844 906 953 1069 1337 445 859 327 3971 1222 416 265 1074 616 1009 1319 1176 1156 935 1192 1459 666 1079 0 201 1191 3382 1087 512 92 1201 1085 1082 1205 460 1400 1120 661 1444 1072 1181 910 3949 1128 1260 1477 1027 420 1485 1232 572 1069 673 1106 250 886 1243 1518 1250 1122 348 860 657 195 1340
1272 217 1186 1288 1128 1251 1218 1217 1325 1403 1033 369 152 1566 424 1110 424 990 1051 1098 1214 1482 468 1004 506 4116 1367 438 444 1219 761 1154 1465 1322 1301 1080 1337 1605 812 1224 201 0 1336 3527 1232 420 141 1346 1231 1227 1350 368 1545 1265 807 1589 1217 1327 1056 4094 1273 1406 1623 1172 339 1630 1377 717 1214 819 1252 430 1031 1388 1663 1396 1267 527 1005 802 90 1486
262 1173 437 278 687 760 535 467 511 913 614 1064 1296 650 976 258 1118 776 786 622 949 567 1048 791 1050 3312 358 1018 953 656 738 699 1688 531 149 589 291 452 842 497 1191 1336 0 3750 505 1115 1261 337 667 478 860 1063 393 380 837 543 534 151 615 3289 264 490 470 423 1022 715 422 779 465 796 168 973 611 379 747 386 452 1071 685 780 1331 333
3429 3108 3344 3446 3286 3408 3376 3374 3483 3561 3191 2998 3231 3428 2911 3268 3053 3147 3209 3256 3371 3344 2982 3162 2984 3633 3524 2953 2887 3376 2919 3312 1944 3302 3459 3238 3495 3540 2969 3382 3126 3271 3494 0 3390 3050 3196 3504 3388 3385 3508 2998 3599 3423 2964 3451 3375 3484 3213 3611 3431 3268 3523 3330 2957 3492 3304 2874 3372 2976 3409 2908 3188 3546 3525 3553 3424 3005 3163 2960 3266 3643
441 1069 616 457 866 384 159 646 754 537 238 960 1192 542 872 436 1015 400 410 836 573 458 944 415 946 3189 536 914 849 292 510 323 1584 395 470 767 613 655 770 121 1087 1232 505 3646 0 1011 1157 515 304 657 484 959 713 162 765 565 158 496 793 3167 442 382 638 601 919 607 314 675 643 449 421 869 235 558 639 565 696 967 309 467 1227 655
1051 495 965 1067 907 1030 997 996 1104 1182 812 86 483 1345 327 889 32 769 830 877 993 1261 247 783 370 3895 1146 217 273 998 540 933 1244 1100 1080 859 1116 1384 590 1003 512 420 1115 3306 1011 0 472 1125 1009 1006 1129 93 1324 1044 585 1368 996 1106 835 3873 1052 1185 1402 951 118 1409 1156 496 993 597 1031 294 810 1167 1442 1174 1046 391 784 581 415 1265
1197 108 1112 1213 1053 1176 1143 1142 1250 1328 958 421 67 1491 315 1035 476 915 976 1023 1139 1407 515 929 397 4041 1292 486 335 1144 686 1079 1390 1247 1226 1005 1262 1530 737 1150 92 141 1261 3452 1157 472 0 1271 1156 1153 1275 420 1470 1190 732 1514 1142 1252 981 4019 1198 1331 1548 1097 392 1555 1302 642 1139 744 1177 321 956 1313 1588 1321 1192 418 930 727 136 1411
137 1184 447 220 697 771 545 477 586 923 624 1074 1307 661 987 268 1129 787 797 668 959 577 1058 801 1060 3322 169 1028 963 666 749 709 1698 541 302 599 445 606 852 508 1201 1346 337 3760 515 1125 1271 0 678 488 870 1073 547 391 847 684 544 327 625 3300 205 501 624 433 1033 725 432 790 475 806 252 983 622 191 758 198 528 1081 695 790 1341 487
603 1068 778 620 1028 241 290 808 917 394 236 958 1191 460 871 599 1013 399 409 999 571 376 942 414 944 3011 699 913 847 40 508 180 1582 216 633 930 775 573 769 296 1085 1231 667 3561 304 1009 1156 678 0 819 340 957 631 337 764 483 289 658 956 2988 605 300 555 764 917 524 272 674 806 448 583 868 234 720 557 728 858 965 308 466 1225 691
414 1065 254 430 579 912 687 153 261 1065 765 955 1188 802 868 252 1010 858 938 451 1100 718 939 873 941 3463 509 910 844 808 630 851 1579 682 442 437 273 541 733 649 1082 1227 478 3641 657 1006 1153 488 819 0 1011 954 482 532 728 631 685 403 487 3441 415 642 559 108 914 866 574 671 150 687 394 865 763 530 899 538 203 962 837 671 1222 422
795 1187 970 812 1169 121 470 1001 1109 186 337 1078 1310 675 990 791 1132 518 418 1140 295 592 1062 533 1064 3226 891 1032 967 329 628 215 1702 431 825 1071 968 788 888 476 1205 1350 860 3764 484 1129 1275 870 340 1011 0 1077 847 517 883 699 469 850 1097 3204 797 515 771 956 1037 740 487 793 998 567 775 987 340 913 773 920 1051 1085 380 585 1345 907
999 443 913 1015 855 978 945 944 1052 1130 760 96 431 1293 275 837 86 717 778 825 941 1209 195 731 318 3843 1094 165 221 946 488 881 1192 1049 1028 807 1064 1332 538 951 460 368 1063 3254 959 93 420 1073 957 954 1077 0 1272 992 533 1316 944 1054 783 3821 1000 1133 1350 899 66 1357 1104 444 941 545 979 242 758 1115 1390 1122 994 339 732 529 363 1213
472 1383 572 488 719 747 743 471 452 900 742 1273 1506 349 1186 467 1328 905 915 564 1077 384 1257 920 1259 3211 568 1228 1162 619 948 686 1897 494 295 550 233 104 949 706 1400 1545 393 3762 713 1324 1470 547 631 482 847 1272 0 589 944 194 742 256 600 3188 474 347 122 426 1232 414 426 945 468 954 378 1182 740 589 446 596 394 1280 814 972 1540 85
316 1103 491 332 741 418 192 521 630 570 271 993 1226 418 906 312 1048 434 443 712 606 334 977 448 979 3079 412 947 882 325 543 356 1617 298 346 643 488 530 803 155 1120 1265 380 3630 162 1044 1190 391 337 532 517 992 589 0 798 441 191 371 669 3057 318 258 513 477 952 482 189 709 519 483 296 902 269 433 515 441 571 1000 342 501 1260 530
772 644 687 789 447 784 751 717 802 936 566 534 767 1099 447 611 589 523 584 418 747 1015 518 537 520 3649 867 489 423 752 294 687 1158 855 802 437 736 1003 22 757 661 807 837 3220 765 585 732 847 764 728 883 533 944 798 0 1094 750 827 375 3627 774 939 1021 673 493 1163 910 127 715 351 752 444 564 889 1196 896 744 541 538 335 801 884
609 1426 721 625 868 599 596 620 602 752 594 1316 1549 201 1229 605 1371 757 767 713 929 236 1300 772 1303 3063 705 1271 1205 472 867 538 1940 346 444 699 382 239 1099 558 1444 1589 543 3614 565 1368 1514 684 483 631 699 1316 194 441 1094 0 594 406 749 3040 611 199 138 576 1275 266 278 1032 618 806 528 1226 592 726 298 734 543 1324 666 824 1584 235
469 1054 644 486 894 369 55 675 783 522 222 945 1177 571 857 465 999 385 395 865 558 487 929 400 931 3174 565 899 833 277 495 308 1568 380 499 796 642 684 755 150 1072 1217 534 3631 158 996 1142 544 289 685 469 944 742 191 750 594 0 524 822 3152 471 411 666 630 903 636 343 660 672 434 449 854 220 587 668 594 725 952 294 452 1212 684
253 1164 428 269 640 751 526 392 374 904 604 1054 1287 580 967 248 1109 767 777 485 939 557 1038 782 1040 3302 348 1009 943 647 729 690 1678 521 76 471 154 315 832 488 1181 1327 151 3741 496 1106 1252 327 658 403 850 1054 256 371 827 406 524 0 521 3280 255 481 333 348 1013 645 413 770 389 786 159 964 602 370 677 377 315 1061 676 770 1322 196
551 893 465 567 225 998 824 476 458 1151 780 783 1016 924 696 389 838 737 833 73 996 855 767 752 769 3600 646 738 672 944 508 901 1407 819 560 215 391 659 380 786 910 1056 615 3470 793 835 981 625 956 487 1097 783 600 669 375 749 822 521 0 3578 552 779 677 432 742 989 711 376 474 566 531 693 778 667 1021 674 399 790 762 550 1051 540
3256 3951 3431 3272 3681 3124 3174 3461 3570 3277 3120 3842 4074 3048 3754 3252 3897 3283 3292 3652 3455 2965 3826 3297 3828 134 3352 3796 3731 2997 3392 3063 3366 2923 3286 3583 3427 3161 3652 3180 3969 4114 3320 3879 3187 3893 4039 3331 3008 3472 3224 3841 3220 3088 3647 3072 3172 3311 3609 0 3258 2889 3144 3417 3801 3113 2925 3557 3459 3331 3236 3751 3117 3373 3146 3381 3511 3849 3191 3350 4109 3280
130 1111 374 54 624 698 473 405 513 850 551 1001 1234 588 914 195 1056 714 724 595 886 504 985 729 987 3249 226 956 890 593 676 636 1625 468 229 526 372 533 779 435 1128 1273 264 3687 442 1052 1198 205 605 415 797 1000 474 318 774 611 471 255 552 3227 0 428 551 360 960 652 360 717 402 733 179 910 549 248 685 255 455 1008 623 717 1268 414
426 1243 601 442 851 416 412 631 740 569 411 1133 1366 176 1046 422 1188 574 584 822 746 92 1117 589 1119 2880 522 1088 1022 288 683 355 1757 163 456 753 555 289 944 375 1260 1406 490 3430 382 1185 1331 501 300 642 515 1133 347 258 939 199 411 481 779 2857 428 0 271 587 1092 241 95 849 629 623 406 1043 409 543 273 551 681 1140 483 641 1401 407
549 1460 649 565 796 671 668 548 530 824 666 1350 1583 273 1263 545 1405 829 839 641 1002 308 1334 844 1336 3135 645 1305 1239 544 939 610 1974 419 372 627 310 181 1026 630 1477 1623 470 3686 638 1402 1548 624 555 559 771 1350 122 513 1021 138 666 333 677 3113 551 271 0 504 1309 338 350 1022 545 878 455 1260 664 666 371 674 471 1357 738 896 1618 162
359 1010 198 375 523 857 632 98 206 1009 710 900 1133 747 813 197 955 803 883 396 1045 663 884 818 886 3408 454 854 789 752 575 795 1524 627 387 382 218 486 678 594 1027 1172 423 3586 601 951 1097 433 764 108 956 899 426 477 673 576 630 348 432 3386 360 587 504 0 859 811 518 616 95 632 338 809 708 475 844 482 148 907 782 616 1167 367
958 403 873 974 814 937 905 903 1012 1090 719 67 402 1252 234 796 122 676 738 785 900 1168 155 691 278 3803 1053 125 181 905 448 840 1151 1008 988 766 1024 1291 498 911 420 339 1022 3213 919 118 392 1033 917 914 1037 66 1232 952 493 1275 903 1013 742 3780 960 1092 1309 859 0 1317 1064 403 901 505 938 201 717 1075 1349 1082 953 299 692 489 334 1172
651 1467 825 667 1076 641 637 856 841 793 636 1358 1590 83 1270 646 1413 799 808 953 971 278 1342 813 1344 3104 746 1312 1247 513 908 579 1982 388 680 939 622 355 1168 599 1485 1630 715 3655 607 1409 1555 725 524 866 740 1357 414 482 1163 266 636 645 989 3082 652 241 338 811 1317 0 319 1073 853 848 631 1267 633 768 53 775 783 1365 707 866 1625 474
358 1215 533 374 783 388 344 563 671 540 383 1105 1338 255 1018 353 1160 546 556 753 718 171 1089 561 1091 2916 453 1060 994 260 655 326 1729 135 387 685 530 367 915 306 1232 1377 422 3467 314 1156 1302 432 272 574 487 1104 426 189 910 278 343 413 711 2894 360 95 350 518 1064 319 0 821 560 595 338 1014 381 475 352 482 613 1112 454 613 1372 486
715 554 630 731 448 694 661 660 768 846 476 444 677 1009 357 553 499 433 494 419 657 925 428 448 431 3559 810 399 333 662 204 597 1068 765 744 438 737 1004 132 668 572 717 779 3131 675 496 642 790 674 671 793 444 945 709 127 1032 660 770 376 3537 717 849 1022 616 403 1073 821 0 657 262 695 354 474 832 1106 839 710 451 449 246 712 885
400 1051 240 417 565 899 673 139 248 1051 752 942 1174 789 854 238 997 845 924 438 1087 705 926 860 928 3450 495 896 831 794 616 837 1566 669 428 424 260 527 720 636 1069 1214 465 3628 643 993 1139 475 806 150 998 941 468 519 715 618 672 389 474 3427 402 629 545 95 901 853 560 657 0 674 380 851 750 517 886 524 189 949 823 658 1209 408
731 656 646 748 638 468 436 676 785 621 250 546 779 783 459 570 601 207 314 609 476 699 530 222 532 3334 827 501 435 436 96 371 1170 539 761 540 797 896 356 442 673 819 796 3232 449 597 744 806 448 687 567 545 954 483 351 806 434 786 566 3311 733 623 878 632 505 848 595 262 674 0 711 456 248 848 880 855 727 553 232 56 813 945
178 1089 353 194 603 676 451 383 491 829 529 979 1212 566 892 173 1034 692 702 573 864 482 963 707 965 3227 273 934 868 572 654 615 1603 446 134 504 276 437 757 413 1106 1252 168 3665 421 1031 1177 252 583 394 775 979 378 296 752 528 449 159 531 3205 179 406 455 338 938 631 338 695 380 711 0 889 527 295 663 302 433 986 601 695 1246 318
909 233 824 925 765 888 855 854 962 1040 670 242 356 1203 65 747 297 627 688 735 851 1119 226 641 88 3753 1004 197 46 856 398 791 1102 959 938 717 974 1242 449 862 250 430 973 3164 869 294 321 983 868 865 987 242 1182 902 444 1226 854 964 693 3731 910 1043 1260 809 201 1267 1014 354 851 456 889 0 668 1025 1300 1033 904 109 642 439 424 1123
547 868 722 563 850 240 222 752 861 393 36 758 991 569 671 543 813 199 209 821 371 485 742 214 744 3120 643 713 647 222 308 144 1382 325 577 752 719 682 569 228 886 1031 611 3445 235 810 956 622 234 763 340 758 740 269 564 592 220 602 778 3097 549 409 664 708 717 633 381 474 750 248 527 668 0 664 666 671 802 765 94 266 1026 761
180 1226 489 262 739 813 588 520 628 966 667 1116 1349 703 1029 311 1171 829 839 710 1002 620 1100 844 1102 3365 98 1070 1005 709 791 752 1740 584 345 641 487 648 894 550 1243 1388 379 3802 558 1167 1313 191 720 530 913 1115 589 433 889 726 587 370 667 3342 248 543 666 475 1075 768 475 832 517 848 295 1025 664 0 800 33 570 1123 738 832 1383 529
683 1500 858 699 1108 673 669 888 874 826 668 1390 1623 116 1303 679 1445 831 841 985 1003 310 1374 846 1376 3137 779 1345 1279 545 940 612 2014 420 713 971 654 388 1201 632 1518 1663 747 3688 639 1442 1588 758 557 899 773 1390 446 515 1196 298 668 677 1021 3114 685 273 371 844 1349 53 352 1106 886 880 663 1300 666 800 0 808 815 1397 740 898 1658 507
187 1233 497 269 747 820 595 527 635 973 674 1123 1356 710 1036 318 1178 837 846 717 1009 627 1107 851 1109 3372 105 1078 1012 716 798 759 1747 591 352 648 494 656 901 558 1250 1396 386 3809 565 1174 1321 198 728 538 920 1122 596 441 896 734 594 377 674 3349 255 551 674 482 1082 775 482 839 524 855 302 1033 671 33 808 0 577 1130 745 839 1390 537
453 1104 293 469 518 951 726 192 170 1104 804 994 1227 718 907 291 1049 898 977 364 1140 753 978 912 981 3502 548 949 883 847 669 890 1618 722 354 349 186 453 749 688 1122 1267 452 3681 696 1046 1192 528 858 203 1051 994 394 571 744 543 725 315 399 3480 455 681 471 148 953 783 613 710 189 727 433 904 802 570 815 577 0 1001 876 710 1262 334
1006 331 921 1023 863 985 953 951 1060 1138 768 340 454 1300 162 845 395 724 786 833 948 1217 324 739 67 3851 1101 295 144 954 496 889 1199 1056 1036 815 1072 1339 546 959 348 527 1071 3262 967 391 418 1081 965 962 1085 339 1280 1000 541 1324 952 1061 790 3829 1008 1140 1357 907 299 1365 1112 451 949 553 986 109 765 1123 1397 1130 1001 0 740 537 522 1220
621 843 796 637 834 280 295 826 934 433 92 733 966 643 646 616 788 183 144 804 306 559 717 197 719 3193 716 688 622 296 292 183 1357 399 650 736 793 755 543 302 860 1005 685 3419 309 784 930 695 308 837 380 732 814 342 538 666 294 676 762 3171 623 483 738 782 692 707 454 449 823 232 601 642 94 738 740 745 876 740 0 250 1000 835
715 640 630 732 622 486 454 660 769 639 268 530 763 801 443 554 585 225 332 592 494 717 514 240 516 3352 810 484 419 454 80 389 1154 557 745 524 781 914 340 460 657 802 780 3216 467 581 727 790 466 671 585 529 972 501 335 824 452 770 550 3329 717 641 896 616 489 866 613 246 658 56 695 439 266 832 898 839 710 537 250 0 797 929
1267 211 1181 1283 1123 1245 1213 1212 1320 1398 1028 364 146 1561 419 1105 419 985 1046 1093 1209 1477 463 999 501 4111 1362 433 439 1214 756 1149 1459 1316 1296 1075 1332 1600 806 1219 195 90 1331 3522 1227 415 136 1341 1225 1222 1345 363 1540 1260 801 1584 1212 1322 1051 4089 1268 1401 1618 1167 334 1625 1372 712 1209 813 1246 424 1026 1383 1658 1390 1262 522 1000 797 0 1481
412 1323 512 428 659 807 685 411 393 960 764 1213 1446 409 1126 408 1268 927 936 504 1099 444 1197 941 1199 3271 508 1168 1102 680 888 746 1837 555 235 490 173 144 889 647 1340 1486 333 3822 655 1265 1411 487 691 422 907 1213 85 530 884 235 684 196 540 3249 414 407 162 367 1172 474 486 885 408 945 318 1123 761 529 507 537 334 1220 835 929 1481 0
EOF