NAME : tsp_problem
TYPE : TSP
DIMENSION : 74
EDGE_WEIGHT_TYPE : EXPLICIT
EDGE_WEIGHT_FORMAT : FULL_MATRIX
EDGE_WEIGHT_SECTION
0 833 220 1760 737 617 815 1763 874 782 540 852 878 742 312 802 717 2498 809 342 538 3787 263 551 1077 669 835 3630 879 1988 613 640 835 475 618 827 249 677 1122 3577 1703 448 1770 804 663 660 696 849 697 574 1121 1320 624 272 99 817 505 693 697 789 1153 682 755 803 269 869 1175 802 917 705 558 266 885 263
833 0 720 1205 276 530 910 1208 351 451 446 521 323 281 552 715 315 2481 478 773 444 3232 622 723 522 643 325 3075 356 1972 549 497 324 646 712 497 609 772 566 3022 1148 619 1215 68 867 755 534 338 440 436 566 765 719 630 843 209 676 254 439 459 597 776 354 472 627 538 620 194 586 448 730 624 362 695
220 720 0 1647 623 504 702 1650 761 668 426 738 765 628 267 688 603 2384 695 228 424 3674 150 438 964 556 722 3517 766 1875 500 526 721 361 504 713 136 564 1008 3464 1590 334 1657 690 549 546 582 735 584 460 1008 1207 511 158 229 703 392 580 583 675 1039 568 642 689 155 755 1062 688 803 592 445 152 772 150
1760 1205 1647 0 1445 1406 2079 101 1193 1620 1615 1690 1165 1451 1479 1591 1485 2497 1647 1700 1613 2235 1621 1649 1203 1569 1449 2077 1198 2050 1718 1666 1448 1573 1881 1666 1535 1941 1247 2024 109 1546 108 1175 2020 1924 1703 1462 1609 1605 1247 1446 1888 1630 1769 1379 1603 1415 1608 1628 1278 1945 1523 1641 1627 1707 642 1363 1755 1617 1656 1624 1204 1621
737 276 623 1445 0 770 783 1448 592 324 319 394 479 41 715 955 189 2355 351 676 317 3473 495 886 762 883 248 3315 597 1845 422 370 247 809 585 370 583 645 807 3262 1389 782 1456 307 740 628 407 261 313 309 806 1005 592 503 746 230 839 165 312 332 838 649 227 345 500 411 861 214 459 321 893 497 602 597
617 530 504 1406 770 0 1030 1409 339 945 754 1015 525 775 335 267 809 2712 972 556 752 3434 478 506 723 229 809 3276 344 2203 828 855 808 430 832 991 392 892 768 3223 1350 403 1417 500 723 875 911 822 912 788 767 967 839 486 626 703 460 748 911 953 799 896 848 966 483 1032 822 688 1080 920 438 480 350 478
815 910 702 2079 783 1030 0 2082 1225 686 666 756 1113 788 793 1215 701 2314 713 754 664 3717 573 964 1396 881 882 3560 1230 1805 494 521 881 888 219 731 662 413 1440 3506 2022 861 2089 941 388 179 577 895 578 700 1440 1639 241 581 825 863 918 740 578 693 1471 417 668 707 579 773 1494 848 821 587 848 576 1236 676
1763 1208 1650 101 1448 1409 2082 0 1196 1624 1618 1693 1168 1454 1482 1594 1488 2501 1650 1703 1616 2238 1624 1652 1206 1572 1452 2080 1201 2053 1721 1669 1451 1576 1884 1669 1539 1944 1251 2027 112 1549 111 1178 2023 1927 1706 1465 1612 1608 1250 1449 1891 1633 1772 1382 1606 1418 1611 1631 1281 1948 1526 1644 1630 1710 645 1366 1759 1620 1660 1627 1207 1624
874 351 761 1193 592 339 1225 1196 0 767 762 837 311 597 593 524 631 2797 794 814 759 3220 735 763 510 537 595 3063 22 2288 864 812 595 687 1028 812 650 1088 554 3010 1136 660 1203 322 1032 1070 850 609 755 752 554 753 1034 744 884 525 717 561 755 774 585 1092 669 788 741 854 608 510 902 763 747 738 28 736
782 451 668 1620 324 945 686 1624 767 0 364 114 622 330 760 1130 159 2258 71 721 362 3648 540 931 938 1049 390 3490 772 1749 325 273 390 854 488 72 629 548 982 3437 1564 827 1631 482 643 531 310 404 216 354 981 1181 495 548 791 405 884 234 215 51 1013 553 125 65 545 131 1036 389 179 224 938 542 778 643
540 446 426 1615 319 754 666 1618 762 364 0 434 649 325 518 939 299 2334 391 479 120 3643 298 689 932 807 418 3485 767 1825 401 349 418 612 468 410 387 528 977 3432 1559 585 1626 477 623 511 387 431 292 156 976 1176 475 306 549 400 643 276 292 372 1008 532 338 385 303 451 1031 384 499 300 696 300 772 401
852 521 738 1690 394 1015 756 1693 837 114 434 0 691 400 830 1200 229 2328 71 791 432 3718 610 1000 1007 1118 460 3560 842 1818 395 343 389 924 558 159 698 618 1052 3507 1634 897 1701 552 713 601 380 474 286 424 1051 1250 565 618 861 475 954 303 285 79 1083 622 195 65 615 57 1106 459 106 294 1008 612 847 712
878 323 765 1165 479 525 1113 1168 311 622 649 691 0 484 597 710 486 2684 648 818 647 3192 740 768 482 688 443 3035 316 2175 752 700 442 691 915 667 654 975 526 2981 1108 664 1175 294 1069 958 737 456 642 639 525 725 922 748 888 497 722 408 642 629 557 979 524 642 745 708 580 481 757 651 775 742 322 740
742 281 628 1451 41 775 788 1454 597 330 325 400 484 0 720 960 194 2360 356 681 322 3478 500 891 768 888 253 3320 602 1851 427 375 253 814 590 375 589 650 812 3267 1394 787 1461 312 745 633 412 267 318 314 811 1011 597 508 751 235 845 170 317 337 843 655 232 350 505 416 866 219 465 326 898 502 608 603
312 552 267 1479 715 335 793 1482 593 760 518 830 597 720 0 520 695 2476 787 320 516 3506 242 269 796 388 814 3349 598 1967 591 618 813 193 596 805 156 656 840 3295 1422 166 1489 522 640 638 674 827 675 552 839 1039 602 250 321 725 223 671 675 767 871 660 733 781 247 847 894 710 895 684 277 244 603 242
802 715 688 1591 955 267 1215 1594 524 1130 939 1200 710 960 520 0 994 2897 1157 741 937 3619 663 691 908 449 993 3461 529 2388 1013 1039 993 614 1017 1175 577 1077 953 3408 1535 587 1601 685 944 1059 1095 1007 1097 973 952 1151 1024 671 811 888 645 933 1096 1137 984 1081 1033 1151 668 1217 1006 873 1265 1105 659 665 535 663
717 315 603 1485 189 809 701 1488 631 159 299 229 486 194 695 994 0 2273 186 656 297 3512 475 866 802 922 254 3354 636 1764 340 288 254 789 504 204 564 563 846 3301 1428 762 1495 346 658 546 325 268 231 289 845 1045 510 483 726 269 819 98 231 166 877 568 61 180 480 246 900 253 294 239 873 477 642 578
2529 2502 2415 2571 2375 2743 2346 2574 2817 2278 2354 2348 2705 2380 2507 2928 2293 0 2305 2468 2352 3049 2287 2678 2988 2795 2474 2892 2822 1125 2137 2132 2473 2601 2148 2323 2375 2208 3032 2839 2514 2574 2581 2533 2302 2190 2169 2487 2170 2344 3031 3231 2154 2295 2538 2455 2631 2331 2170 2285 3063 2212 2260 2299 2292 2365 3006 2440 2413 2178 2685 2289 2828 2390
809 478 695 1647 351 972 713 1650 794 71 391 71 648 356 787 1157 186 2284 0 748 389 3675 567 957 964 1075 417 3517 799 1775 352 300 417 881 515 116 655 575 1009 3464 1591 854 1657 509 670 558 337 430 243 381 1008 1207 522 574 818 431 911 260 242 78 1040 579 152 68 572 88 1062 416 136 251 964 569 804 669
342 773 228 1700 676 556 754 1703 814 721 479 791 818 681 320 741 656 2437 748 0 477 3727 202 491 1017 465 775 3570 819 1927 552 579 774 414 557 766 188 616 1061 3516 1643 387 1710 743 458 599 635 788 636 513 1060 1260 563 211 351 756 444 632 636 728 1092 621 694 742 208 808 1115 741 856 645 433 205 824 100
538 444 424 1613 317 752 664 1616 759 362 120 432 647 322 516 937 297 2332 389 477 0 3640 296 686 930 804 416 3483 764 1822 399 347 415 610 466 407 384 526 974 3430 1556 583 1623 475 620 508 384 429 290 154 974 1173 472 304 547 397 640 274 289 369 1005 530 336 383 301 449 1028 382 497 298 693 298 770 398
3531 2976 3418 1979 3217 3178 3554 1982 2964 3392 3387 3462 2936 3222 3250 3362 3256 2781 3418 3471 3384 0 3393 3421 2974 3341 3220 356 2969 2334 3346 3341 3219 3344 3357 3437 3307 3416 3019 405 1922 3317 1989 2946 3511 3399 3378 3233 3379 3376 3018 3217 3363 3401 3541 3150 3374 3186 3379 3399 3050 3421 3294 3412 3398 3478 2413 3134 3527 3387 3428 3395 2975 3393
263 622 150 1621 495 478 573 1624 735 540 298 610 740 500 242 663 475 2256 567 202 296 3649 0 412 938 530 594 3491 740 1747 371 398 593 336 376 585 110 436 983 3438 1565 309 1632 653 523 418 454 607 455 332 982 1182 382 53 273 575 366 451 455 547 1014 440 513 561 51 627 1037 560 675 464 419 47 746 124
551 723 438 1649 886 506 964 1652 763 931 689 1000 768 891 269 691 866 2646 957 491 686 3677 412 0 966 352 984 3519 768 2137 762 789 984 289 766 976 326 826 1011 3466 1593 262 1660 693 605 809 845 998 846 722 1010 1210 743 420 560 896 131 842 846 938 1042 831 904 951 418 1017 1065 881 1066 854 241 415 774 412
1077 522 964 1203 762 723 1396 1206 510 938 932 1007 482 768 796 908 802 2968 964 1017 930 3231 938 966 0 886 766 3073 515 2459 1035 983 765 890 1198 983 853 1258 329 3020 1147 863 1213 492 1337 1241 1020 779 926 922 209 528 1205 947 1087 696 920 732 925 945 360 1263 840 958 944 1024 618 680 1073 934 974 941 521 939
669 643 556 1569 883 229 881 1572 537 1049 807 1118 688 888 388 449 922 2763 1075 465 804 3597 530 352 886 0 932 3439 542 2254 880 907 931 407 683 1094 445 862 931 3386 1513 380 1580 613 518 726 963 945 964 840 930 1130 655 538 678 816 306 861 964 1056 962 866 961 1069 536 1135 985 801 1184 972 233 533 548 428
835 325 722 1449 248 809 882 1452 595 390 418 460 443 253 814 993 254 2453 417 775 416 3476 594 984 766 932 0 3319 600 1944 521 469 158 908 684 436 682 744 810 3265 1392 881 1459 356 838 726 506 199 411 408 809 1009 691 601 845 278 938 177 411 398 841 748 293 411 599 440 864 263 445 420 991 596 606 696
3591 3036 3478 2039 3277 3238 3614 2042 3024 3452 3447 3522 2996 3282 3310 3422 3316 2841 3478 3531 3444 356 3453 3481 3034 3401 3280 0 3029 2394 3406 3401 3280 3404 3417 3497 3367 3477 3079 132 1982 3377 2049 3006 3571 3459 3438 3293 3439 3436 3078 3278 3423 3461 3601 3210 3434 3246 3439 3459 3110 3481 3354 3472 3458 3539 2474 3194 3587 3447 3488 3455 3035 3453
879 356 766 1198 597 344 1230 1201 22 772 767 842 316 602 598 529 636 2802 799 819 764 3225 740 768 515 542 600 3068 0 2293 869 817 600 692 1033 817 655 1092 559 3015 1141 665 1208 327 1037 1075 855 614 760 757 559 758 1039 749 889 530 722 566 760 779 590 1097 674 793 746 859 613 515 907 768 752 743 22 740
1544 1517 1430 2188 1390 1758 1361 2191 1832 1293 1369 1363 1720 1395 1522 1943 1308 1263 1320 1483 1367 2666 1302 1693 2003 1810 1489 2509 1837 0 1152 1147 1488 1616 1163 1338 1391 1223 2047 2456 2132 1589 2198 1548 1317 1205 1184 1502 1185 1359 2046 2246 1170 1310 1553 1470 1646 1346 1185 1300 2078 1227 1275 1314 1307 1380 2101 1455 1428 1193 1700 1304 1843 1405
613 549 500 1718 422 828 494 1721 864 325 401 395 752 427 591 1013 340 2117 352 552 399 3520 371 762 1035 880 521 3363 869 1608 0 72 520 686 297 370 460 356 1079 3309 1661 659 1728 580 451 339 128 534 217 391 1079 1278 303 379 623 502 716 379 217 332 1110 361 307 346 377 412 1133 487 460 226 769 374 875 474
640 497 526 1666 370 855 521 1669 812 273 349 343 700 375 618 1039 288 2112 300 579 347 3515 398 789 983 907 469 3357 817 1603 72 0 468 713 323 318 487 383 1027 3304 1609 686 1676 528 478 366 76 482 165 339 1026 1226 330 406 649 450 743 326 165 280 1058 388 255 294 404 360 1081 435 408 174 796 400 823 501
835 324 721 1448 247 808 881 1451 595 390 418 389 442 253 813 993 254 2453 417 774 415 3476 593 984 765 931 158 3318 600 1944 520 468 0 907 683 435 682 743 810 3265 1392 880 1459 355 838 726 505 152 411 407 809 1008 690 601 844 278 938 177 410 397 841 748 292 410 598 354 864 262 359 419 991 595 605 696
475 646 361 1573 809 430 888 1576 687 854 612 924 691 814 193 614 789 2570 881 414 610 3600 336 289 890 407 908 3443 692 2061 686 713 907 0 690 899 250 750 934 3390 1516 93 1583 616 660 733 768 921 770 646 934 1133 697 344 484 820 243 766 769 861 965 754 828 875 341 941 988 804 989 778 296 338 698 336
618 712 504 1881 585 832 219 1884 1028 488 468 558 915 590 596 1017 504 2117 515 557 466 3520 376 766 1198 683 684 3362 1033 1607 297 323 683 690 0 534 464 215 1243 3309 1825 663 1891 743 191 64 379 697 381 502 1242 1441 43 384 627 666 720 542 380 496 1274 219 470 509 381 575 1296 650 623 389 651 378 1038 478
827 497 713 1666 370 991 731 1669 812 72 410 159 667 375 805 1175 204 2303 116 766 407 3693 585 976 983 1094 436 3536 817 1794 370 318 435 899 534 0 674 593 1027 3482 1609 872 1676 527 688 576 356 449 261 399 1026 1226 540 593 836 450 930 279 261 96 1058 598 171 110 591 176 1081 435 224 269 983 587 823 688
249 609 136 1535 583 392 662 1539 650 629 387 698 654 589 156 577 564 2344 655 188 384 3563 110 326 853 445 682 3405 655 1835 460 487 682 250 464 674 0 524 897 3352 1479 223 1546 579 509 507 543 695 544 420 896 1096 471 118 259 664 280 540 544 636 928 528 602 649 116 715 951 648 764 552 333 113 660 110
677 772 564 1941 645 892 413 1944 1088 548 528 618 975 650 656 1077 563 2176 575 616 526 3579 436 826 1258 862 744 3422 1092 1667 356 383 743 750 215 593 524 0 1303 3369 1884 723 1951 803 369 258 439 757 440 562 1302 1501 222 443 687 725 780 602 440 555 1333 25 530 569 441 635 1356 710 683 449 829 438 1098 538
1122 566 1008 1247 807 768 1440 1251 554 982 977 1052 526 812 840 953 846 3012 1009 1061 974 3275 983 1011 329 931 810 3117 559 2503 1079 1027 810 934 1243 1027 897 1303 0 3064 1191 907 1258 537 1382 1285 1065 824 970 967 374 451 1249 991 1131 740 965 776 970 989 283 1307 884 1003 988 1069 663 725 1117 978 1018 985 565 983
3538 2983 3425 1985 3223 3184 3561 1989 2971 3398 3393 3468 2943 3228 3257 3369 3263 2788 3425 3478 3391 405 3399 3427 2981 3347 3227 132 2976 2341 3353 3348 3226 3351 3363 3444 3313 3423 3025 0 1929 3324 1996 2953 3518 3406 3385 3240 3386 3383 3025 3224 3370 3407 3547 3156 3381 3193 3385 3406 3056 3428 3301 3419 3405 3485 2420 3141 3533 3394 3434 3402 2982 3399
1703 1148 1590 109 1389 1350 2022 112 1136 1564 1559 1634 1108 1394 1422 1535 1428 2441 1591 1643 1556 2178 1565 1593 1147 1513 1392 2021 1141 1994 1661 1609 1392 1516 1825 1609 1479 1884 1191 1967 0 1489 119 1119 1963 1867 1647 1406 1552 1548 1190 1390 1831 1573 1713 1322 1547 1358 1552 1571 1222 1889 1466 1585 1570 1651 586 1307 1699 1560 1600 1567 1147 1565
448 619 334 1546 782 403 861 1549 660 827 585 897 664 787 166 587 762 2543 854 387 583 3573 309 262 863 380 881 3416 665 2034 659 686 880 93 663 872 223 723 907 3363 1489 0 1556 589 633 706 741 894 743 619 907 1106 670 317 457 793 216 739 742 834 938 727 801 848 314 914 961 777 962 751 269 311 671 309
1770 1215 1657 108 1456 1417 2089 111 1203 1631 1626 1701 1175 1461 1489 1601 1495 2508 1657 1710 1623 2245 1632 1660 1213 1580 1459 2088 1208 2060 1728 1676 1459 1583 1891 1676 1546 1951 1258 2034 119 1556 0 1185 2030 1934 1713 1472 1619 1615 1257 1456 1898 1640 1780 1389 1613 1425 1618 1638 1289 1956 1533 1651 1637 1717 652 1373 1766 1627 1667 1634 1214 1632
804 68 690 1175 307 500 941 1178 322 482 477 552 294 312 522 685 346 2512 509 743 475 3203 653 693 492 613 356 3045 327 2003 580 528 355 616 743 527 579 803 537 2992 1119 589 1185 0 897 786 565 369 470 467 536 735 750 660 813 240 647 285 470 489 568 807 385 503 658 569 590 225 617 479 700 655 332 665
663 867 549 2020 740 723 388 2023 1032 643 623 713 1069 745 640 944 658 2271 670 458 620 3674 523 605 1337 518 838 3516 1037 1762 451 478 838 660 191 688 509 369 1382 3463 1963 633 2030 897 0 233 534 852 535 656 1381 1580 163 531 672 820 559 696 535 650 1412 374 624 664 529 730 1435 805 778 543 485 526 1043 421
660 755 546 1924 628 875 179 1927 1070 531 511 601 958 633 638 1059 546 2159 558 599 508 3562 418 809 1241 726 726 3405 1075 1650 339 366 726 733 64 576 507 258 1285 3351 1867 706 1934 786 233 0 422 740 423 544 1284 1484 86 426 669 708 763 584 423 538 1316 262 513 552 424 618 1339 693 666 431 693 420 1081 521
696 534 582 1703 407 911 577 1706 850 310 387 380 737 412 674 1095 325 2149 337 635 384 3552 454 845 1020 963 506 3394 855 1640 128 76 505 768 379 356 543 439 1065 3341 1647 741 1713 565 534 422 0 519 203 376 1064 1263 386 462 705 487 799 364 202 318 1096 444 292 331 460 397 1118 472 445 211 852 456 860 557
849 338 735 1462 261 822 895 1465 609 404 431 474 456 267 827 1007 268 2467 430 788 429 3490 607 998 779 945 199 3332 614 1957 534 482 152 921 697 449 695 757 824 3279 1406 894 1472 369 852 740 519 0 425 421 823 1022 704 615 858 292 951 191 424 411 855 761 306 424 612 471 877 276 476 433 1005 609 619 709
697 440 584 1609 313 912 578 1612 755 216 292 286 642 318 675 1097 231 2150 243 636 290 3553 455 846 926 964 411 3395 760 1641 217 165 411 770 381 261 544 440 970 3342 1552 743 1619 470 535 423 203 425 0 282 969 1169 387 463 707 393 800 269 34 223 1001 445 197 236 461 303 1024 378 351 43 853 458 766 558
574 436 460 1605 309 788 700 1608 752 354 156 424 639 314 552 973 289 2324 381 513 154 3633 332 722 922 840 408 3475 757 1815 391 339 407 646 502 399 420 562 967 3422 1548 619 1615 467 656 544 376 421 282 0 966 1165 509 340 583 389 676 266 282 361 998 566 328 375 337 441 1020 374 489 290 730 334 762 434
1121 566 1008 1247 806 767 1440 1250 554 981 976 1051 525 811 839 952 845 3011 1008 1060 974 3274 982 1010 209 930 809 3117 559 2502 1079 1026 809 934 1242 1026 896 1302 374 3063 1190 907 1257 536 1381 1284 1064 823 969 966 0 444 1249 990 1130 739 964 775 969 988 405 1306 884 1002 987 1068 662 724 1116 977 1017 984 564 982
1320 765 1207 1446 1005 967 1639 1449 753 1181 1176 1250 725 1011 1039 1151 1045 3211 1207 1260 1173 3474 1182 1210 528 1130 1009 3316 758 2702 1278 1226 1008 1133 1441 1226 1096 1501 451 3263 1390 1106 1456 735 1580 1484 1263 1022 1169 1165 444 0 1448 1190 1330 939 1163 975 1168 1188 367 1506 1083 1201 1187 1267 861 923 1316 1177 1217 1184 764 1182
624 719 511 1888 592 839 241 1891 1034 495 475 565 922 597 602 1024 510 2123 522 563 472 3526 382 743 1205 655 691 3369 1039 1614 303 330 690 697 43 540 471 222 1249 3315 1831 670 1898 750 163 86 386 704 387 509 1249 1448 0 390 634 672 697 549 387 502 1280 226 477 516 388 582 1303 657 630 396 623 385 1045 485
272 630 158 1630 503 486 581 1633 744 548 306 618 748 508 250 671 483 2264 574 211 304 3657 53 420 947 538 601 3499 749 1754 379 406 601 344 384 593 118 443 991 3446 1573 317 1640 660 531 426 462 615 463 340 990 1190 390 0 281 583 374 459 463 555 1022 448 521 568 58 635 1045 568 683 471 428 55 754 132
99 843 229 1769 746 626 825 1772 884 791 549 861 888 751 321 811 726 2507 818 351 547 3797 273 560 1087 678 845 3639 889 1998 623 649 844 484 627 836 259 687 1131 3586 1713 457 1780 813 672 669 705 858 707 583 1130 1330 634 281 0 826 514 703 706 798 1162 691 765 812 278 878 1185 811 926 715 567 275 894 273
817 209 703 1379 230 703 863 1382 525 405 400 475 497 235 725 888 269 2435 431 756 397 3406 575 896 696 816 278 3248 530 1926 502 450 278 820 666 450 664 725 740 3195 1322 793 1389 240 820 708 487 292 393 389 739 939 672 583 826 0 850 208 393 412 771 730 307 425 581 492 794 41 540 401 903 577 536 678
505 676 392 1603 839 460 918 1606 717 884 643 954 722 845 223 645 819 2600 911 444 640 3631 366 131 920 306 938 3473 722 2091 716 743 938 243 720 930 280 780 965 3420 1547 216 1613 647 559 763 799 951 800 676 964 1163 697 374 514 850 0 796 799 892 996 784 858 905 371 971 1018 835 1019 808 195 369 728 366
693 254 580 1415 165 748 740 1418 561 234 276 303 408 170 671 933 98 2311 260 632 274 3442 451 842 732 861 177 3285 566 1802 379 326 177 766 542 279 540 602 776 3231 1358 739 1425 285 696 584 364 191 269 266 775 975 549 459 703 208 796 0 269 241 807 606 136 254 457 320 830 192 369 277 849 454 572 554
697 439 583 1608 312 911 578 1611 755 215 292 285 642 317 675 1096 231 2150 242 636 289 3553 455 846 925 964 411 3395 760 1640 217 165 410 769 380 261 544 440 970 3342 1552 742 1618 470 535 423 202 424 34 282 969 1168 387 463 706 393 799 269 0 223 1001 444 197 236 460 302 1024 377 350 42 853 457 765 558
789 459 675 1628 332 953 693 1631 774 51 372 79 629 337 767 1137 166 2265 78 728 369 3655 547 938 945 1056 398 3498 779 1756 332 280 397 861 496 96 636 555 989 3444 1571 834 1638 489 650 538 318 411 223 361 988 1188 502 555 798 412 892 241 223 0 1020 560 133 72 553 96 1043 397 144 231 945 549 785 650
1153 597 1039 1278 838 799 1471 1281 585 1013 1008 1083 557 843 871 984 877 3043 1040 1092 1005 3306 1014 1042 360 962 841 3148 590 2534 1110 1058 841 965 1274 1058 928 1333 283 3095 1222 938 1289 568 1412 1316 1096 855 1001 998 405 367 1280 1022 1162 771 996 807 1001 1020 0 1338 915 1034 1019 1100 694 756 1148 1009 1049 1016 596 1014
682 776 568 1945 649 896 417 1948 1092 553 532 622 979 655 660 1081 568 2181 579 621 530 3584 440 831 1263 866 748 3426 1097 1672 361 388 748 754 219 598 528 25 1307 3373 1889 727 1956 807 374 262 444 761 445 566 1306 1506 226 448 691 730 784 606 444 560 1338 0 534 573 445 639 1361 714 688 453 834 442 1102 543
755 354 642 1523 227 848 668 1526 669 125 338 195 524 232 733 1033 61 2239 152 694 336 3550 513 904 840 961 293 3393 674 1730 307 255 292 828 470 171 602 530 884 3340 1466 801 1533 385 624 513 292 306 197 328 884 1083 477 521 765 307 858 136 197 133 915 534 0 146 519 212 938 292 260 206 911 516 680 616
803 472 689 1641 345 966 707 1644 788 65 385 65 642 350 781 1151 180 2278 68 742 383 3669 561 951 958 1069 411 3511 793 1769 346 294 410 875 509 110 649 569 1003 3458 1585 848 1651 503 664 552 331 424 236 375 1002 1201 516 568 812 425 905 254 236 72 1034 573 146 0 566 82 1056 410 130 245 958 563 798 663
269 627 155 1627 500 483 579 1630 741 545 303 615 745 505 247 668 480 2261 572 208 301 3654 51 418 944 536 599 3497 746 1752 377 404 598 341 381 591 116 441 988 3443 1570 314 1637 658 529 424 460 612 461 337 987 1187 388 58 278 581 371 457 460 553 1019 445 519 566 0 632 1042 565 680 469 425 53 752 130
869 538 755 1707 411 1032 773 1710 854 131 451 57 708 416 847 1217 246 2345 88 808 449 3735 627 1017 1024 1135 440 3577 859 1835 412 360 354 941 575 176 715 635 1069 3524 1651 914 1717 569 730 618 397 471 303 441 1068 1267 582 635 878 492 971 320 302 96 1100 639 212 82 632 0 1122 476 70 311 1025 629 864 729
1175 620 1062 642 861 822 1494 645 608 1036 1031 1106 580 866 894 1006 900 2932 1062 1115 1028 2670 1037 1065 618 985 864 2512 613 2485 1133 1081 864 988 1296 1081 951 1356 663 2459 586 961 652 590 1435 1339 1118 877 1024 1020 662 861 1303 1045 1185 794 1018 830 1024 1043 694 1361 938 1056 1042 1122 0 778 1171 1032 1072 1039 619 1037
802 194 688 1363 214 688 848 1366 510 389 384 459 481 219 710 873 253 2419 416 741 382 3391 560 881 680 801 263 3233 515 1910 487 435 262 804 650 435 648 710 725 3180 1307 777 1373 225 805 693 472 276 378 374 724 923 657 568 811 41 835 192 377 397 756 714 292 410 565 476 778 0 524 386 888 562 520 662
917 586 803 1755 459 1080 821 1759 902 179 499 106 757 465 895 1265 294 2393 136 856 497 3783 675 1066 1073 1184 445 3625 907 1884 460 408 359 989 623 224 764 683 1117 3572 1699 962 1766 617 778 666 445 476 351 489 1116 1316 630 683 926 540 1019 369 350 144 1148 688 260 130 680 70 1171 524 0 359 1073 677 913 778
705 448 592 1617 321 920 587 1620 763 224 300 294 651 326 684 1105 239 2158 251 645 298 3561 464 854 934 972 420 3404 768 1649 226 174 419 778 389 269 552 449 978 3350 1560 751 1627 479 543 431 211 433 43 290 977 1177 396 471 715 401 808 277 42 231 1009 453 206 245 469 311 1032 386 359 0 861 466 774 566
558 730 445 1656 893 438 848 1660 747 938 696 1008 775 898 277 659 873 2654 964 433 693 3684 419 241 974 233 991 3526 752 2144 769 796 991 296 651 983 333 829 1018 3473 1600 269 1667 700 485 693 852 1005 853 730 1017 1217 623 428 567 903 195 849 853 945 1049 834 911 958 425 1025 1072 888 1073 861 0 422 758 396
266 624 152 1624 497 480 576 1627 738 542 300 612 742 502 244 665 477 2258 569 205 298 3651 47 415 941 533 596 3494 743 1749 374 400 595 338 378 587 113 438 985 3440 1567 311 1634 655 526 420 456 609 458 334 984 1184 385 55 275 577 369 454 457 549 1016 442 516 563 53 629 1039 562 677 466 422 0 749 127
885 362 772 1204 602 350 1236 1207 28 778 772 847 322 608 603 535 642 2808 804 824 770 3231 746 774 521 548 606 3074 22 2298 875 823 605 698 1038 823 660 1098 565 3020 1147 671 1214 332 1043 1081 860 619 766 762 564 764 1045 754 894 536 728 572 765 785 596 1102 680 798 752 864 619 520 913 774 758 749 0 746
263 695 150 1621 597 478 676 1624 736 643 401 712 740 603 242 663 578 2358 669 100 398 3649 124 412 939 428 696 3491 740 1849 474 501 696 336 478 688 110 538 983 3438 1565 309 1632 665 421 521 557 709 558 434 982 1182 485 132 273 678 366 554 558 650 1014 543 616 663 130 729 1037 662 778 566 396 127 746 0
EOF