NAME : tsp_problem
TYPE : TSP
DIMENSION : 50
EDGE_WEIGHT_TYPE : EXPLICIT
EDGE_WEIGHT_FORMAT : FULL_MATRIX
EDGE_WEIGHT_SECTION
0 957 377 160 1044 485 1450 2205 936 3137 1346 1392 1022 905 738 938 1164 1375 997 812 834 1138 593 890 1218 275 1039 885 299 1198 932 663 947 1042 1189 1371 322 912 927 1297 693 1434 972 1036 1179 1047 1266 731 874 556
957 0 972 823 445 921 525 2407 157 3339 515 560 422 724 447 602 238 544 227 174 523 563 582 120 307 834 560 609 858 273 419 704 147 272 263 1573 882 577 157 465 487 602 202 393 472 121 341 677 693 598
377 972 0 401 1059 241 1465 2220 951 3152 1361 1407 1037 920 753 953 1179 1390 1012 828 849 1153 608 906 1233 413 1054 900 437 1213 947 678 962 1057 1204 1386 460 927 942 1312 708 1449 987 1051 1194 1062 1281 746 889 571
160 823 401 0 910 350 1316 2071 802 3003 1212 1257 887 771 604 803 1029 1241 862 678 700 1003 459 756 1084 141 905 751 165 1064 798 528 812 908 1054 1237 188 778 792 1162 559 1299 838 901 1045 913 1132 597 740 421
1044 445 1059 910 0 1009 758 2495 466 3427 537 583 44 435 860 313 547 566 640 587 234 382 722 534 330 921 283 319 946 582 130 587 456 686 572 1660 969 287 570 488 822 625 616 147 423 431 650 387 404 685
485 921 241 350 1009 0 1414 2169 900 3101 1310 1356 986 869 703 902 1128 1339 961 777 798 1102 558 855 1182 362 1003 849 386 1162 896 627 911 1006 1153 1335 409 876 891 1261 657 1398 936 1000 1143 1011 1230 696 838 520
1450 525 1465 1316 758 1414 0 2900 546 3560 437 288 735 957 838 732 420 466 645 667 756 631 973 614 538 1327 628 842 1352 662 698 1109 536 765 381 2066 1375 764 650 387 878 406 695 705 540 426 209 909 926 1011
2205 2407 2220 2071 2495 2169 2900 0 2386 3226 2796 2842 2472 2355 2189 2388 2614 2825 2447 2263 2284 2588 2044 2341 2668 2082 2489 2335 2106 2648 2382 2113 2397 2492 2639 1459 2129 2362 2377 2747 2143 2884 2422 2486 2629 2497 2716 2182 2324 2006
936 157 951 802 466 900 546 2386 0 3318 536 582 444 745 426 624 259 565 205 153 544 584 561 99 328 813 581 630 837 294 440 683 155 251 284 1552 860 598 135 486 466 624 181 414 494 143 362 667 714 577
3098 3301 3113 2964 3388 3062 3614 3187 3280 0 3394 3439 3365 3249 3082 3281 3507 3423 3340 3156 3178 3385 2937 3234 3414 2975 3382 3228 3000 3541 3276 3006 3290 3386 3532 2036 3023 3256 3270 3344 3037 3481 3316 3379 3346 3391 3610 3075 3218 2899
1346 515 1361 1212 537 1310 437 2796 536 3339 0 262 514 736 930 511 617 53 710 657 535 410 1024 604 318 1223 407 621 1247 652 478 889 525 755 642 1962 1270 543 640 70 970 304 685 485 320 500 528 689 705 987
1392 560 1407 1257 583 1356 288 2842 582 3385 262 0 560 782 966 557 549 291 755 703 581 456 1070 649 363 1269 453 667 1293 697 523 934 571 801 510 2008 1316 589 685 212 1007 230 731 530 365 546 338 734 751 1032
1022 422 1037 887 44 986 735 2472 444 3404 514 560 0 412 838 290 524 544 617 565 211 359 700 511 307 899 260 296 923 559 107 564 433 663 549 1638 946 264 547 465 799 602 593 124 400 408 627 364 381 662
905 724 920 771 435 869 957 2355 745 3287 736 782 412 0 728 295 826 765 919 762 224 528 583 813 608 782 429 275 806 861 322 408 735 965 851 1521 829 269 849 687 683 824 895 426 569 709 929 293 53 546
738 447 753 604 860 703 838 2189 426 3121 930 966 838 728 0 761 653 959 486 302 657 961 182 380 722 615 862 708 640 687 755 486 436 532 678 1354 663 735 416 880 87 1018 462 808 888 537 654 555 697 219
938 602 953 803 313 902 732 2388 624 3320 511 557 290 295 761 0 704 540 797 745 127 303 616 691 467 815 204 213 839 739 201 448 613 843 730 1554 862 51 727 462 716 599 773 304 344 588 807 281 264 578
1164 238 1179 1029 547 1128 420 2614 259 3546 617 549 524 826 653 704 0 646 433 380 625 665 788 327 409 1041 662 711 1065 375 521 911 249 479 158 1780 1088 679 363 567 693 704 409 495 574 139 236 778 795 804
1375 544 1390 1241 566 1339 466 2825 565 3368 53 291 544 765 959 540 646 0 739 686 565 439 1053 633 347 1252 436 650 1276 681 507 918 554 785 671 1991 1300 572 669 99 999 333 715 514 349 529 557 718 734 1016
997 227 1012 862 640 961 645 2447 205 3379 710 755 617 919 486 797 433 739 0 213 718 758 621 160 502 874 755 804 898 467 614 744 216 312 458 1613 921 772 196 660 526 797 242 588 667 316 461 728 888 637
812 174 828 678 587 777 667 2263 153 3195 657 703 565 762 302 745 380 686 213 0 646 705 437 107 449 690 702 697 714 415 561 560 163 259 405 1429 737 719 143 608 342 745 189 535 615 264 483 543 731 453
834 523 849 700 234 798 756 2284 544 3216 535 581 211 224 657 127 625 565 718 646 0 327 512 612 408 711 229 109 735 660 121 377 534 764 650 1450 758 101 648 486 612 623 694 225 369 509 728 177 193 474
1138 563 1153 1003 382 1102 631 2588 584 3341 410 456 359 528 961 303 665 439 758 705 327 0 816 652 366 1015 199 413 1039 700 269 681 574 804 690 1754 1062 335 688 361 916 498 734 373 156 548 722 481 497 778
593 582 608 459 722 558 973 2044 561 2976 1024 1070 700 583 182 616 788 1053 621 437 512 816 0 515 858 471 717 563 495 823 610 341 572 667 814 1210 518 590 552 975 137 1112 597 714 857 672 789 410 552 75
890 120 906 756 534 855 614 2341 99 3273 604 649 511 813 380 691 327 633 160 107 612 652 515 0 396 768 649 697 792 327 508 638 110 171 352 1507 815 666 56 554 420 691 101 482 561 210 429 621 782 531
1218 307 1233 1084 330 1182 538 2668 328 3359 318 363 307 608 722 467 409 347 502 449 408 366 858 396 0 1095 363 493 1119 444 304 761 318 548 434 1834 1143 461 432 268 763 405 478 277 275 293 512 561 577 859
275 834 413 141 921 362 1327 2082 813 3014 1223 1269 899 782 615 815 1041 1252 874 690 711 1015 471 768 1095 0 916 762 176 1075 809 540 824 919 1066 1248 200 789 804 1174 570 1311 849 913 1056 924 1143 609 751 433
1039 560 1054 905 283 1003 628 2489 581 3338 407 453 260 429 862 204 662 436 755 702 229 199 717 649 363 916 0 314 941 697 171 582 571 801 687 1655 964 236 685 358 817 495 731 274 241 546 719 382 398 680
885 609 900 751 319 849 842 2335 630 3267 621 667 296 275 708 213 711 650 804 697 109 413 563 697 493 762 314 0 786 745 207 428 619 849 736 1501 809 187 734 571 663 709 779 311 454 594 814 228 244 525
299 858 437 165 946 386 1352 2106 837 3038 1247 1293 923 806 640 839 1065 1276 898 714 735 1039 495 792 1119 176 941 786 0 1099 833 564 848 944 1090 1272 62 813 828 1198 594 1335 874 937 1081 948 1168 633 775 457
1198 273 1213 1064 582 1162 662 2648 294 3580 652 697 559 861 687 739 375 681 467 415 660 700 823 327 444 1075 697 745 1099 0 556 945 283 314 400 1814 1122 713 291 602 728 739 375 529 609 258 478 813 830 838
932 419 947 798 130 896 698 2382 440 3314 478 523 107 322 755 201 521 507 614 561 121 269 610 508 304 809 171 207 833 556 0 475 430 660 546 1548 856 175 544 428 710 565 590 121 311 405 624 275 291 573
663 704 678 528 587 627 1109 2113 683 3045 889 934 564 408 486 448 911 918 744 560 377 681 341 638 761 540 582 428 564 945 475 0 694 790 936 1279 587 422 674 839 440 976 720 579 722 794 1014 446 377 303
947 147 962 812 456 911 536 2397 155 3329 525 571 433 735 436 613 249 554 216 163 534 574 572 110 318 824 571 619 848 283 430 694 0 262 274 1563 871 587 146 476 476 613 192 403 483 132 352 678 704 587
1042 272 1057 908 686 1006 765 2492 251 3424 755 801 663 965 532 843 479 785 312 259 764 804 667 171 548 919 801 849 944 314 660 790 262 0 504 1658 967 817 135 706 572 843 219 633 713 362 581 773 934 683
1189 263 1204 1054 572 1153 381 2639 284 3571 642 510 549 851 678 730 158 671 458 405 650 690 814 352 434 1066 687 736 1090 400 546 936 274 504 0 1805 1113 704 388 592 719 669 434 520 600 164 197 804 820 829
1371 1573 1386 1237 1660 1335 2066 1459 1552 2075 1962 2008 1638 1521 1354 1554 1780 1991 1613 1429 1450 1754 1210 1507 1834 1248 1655 1501 1272 1814 1548 1279 1563 1658 1805 0 1295 1528 1543 1913 1309 2050 1588 1652 1795 1663 1882 1348 1490 1172
322 882 460 188 969 409 1375 2129 860 3061 1270 1316 946 829 663 862 1088 1300 921 737 758 1062 518 815 1143 200 964 809 62 1122 856 587 871 967 1113 1295 0 836 851 1221 617 1358 897 960 1104 971 1191 656 798 480
912 577 927 778 287 876 764 2362 598 3294 543 589 264 269 735 51 679 572 772 719 101 335 590 666 461 789 236 187 813 713 175 422 587 817 704 1528 836 0 702 494 690 631 747 279 376 562 782 255 238 553
927 157 942 792 570 891 650 2377 135 3309 640 685 547 849 416 727 363 669 196 143 648 688 552 56 432 804 685 734 828 291 544 674 146 135 388 1543 851 702 0 590 456 727 103 518 598 247 466 658 818 567
1297 465 1312 1162 488 1261 387 2747 486 3290 70 212 465 687 880 462 567 99 660 608 486 361 975 554 268 1174 358 571 1198 602 428 839 476 706 592 1913 1221 494 590 0 921 254 636 435 270 451 478 639 656 937
693 487 708 559 822 657 878 2143 466 3075 970 1007 799 683 87 716 693 999 526 342 612 916 137 420 763 570 817 663 594 728 710 440 476 572 719 1309 617 690 456 921 0 1058 502 814 928 577 694 509 652 174
1434 602 1449 1299 625 1398 406 2884 624 3427 304 230 602 824 1018 599 704 333 797 745 623 498 1112 691 405 1311 495 709 1335 739 565 976 613 843 669 2050 1358 631 727 254 1058 0 773 572 407 588 497 776 793 1074
972 202 987 838 616 936 695 2422 181 3354 685 731 593 895 462 773 409 715 242 189 694 734 597 101 478 849 731 779 874 375 590 720 192 219 434 1588 897 747 103 636 502 773 0 563 643 292 511 703 864 613
1036 393 1051 901 147 1000 705 2486 414 3418 485 530 124 426 808 304 495 514 588 535 225 373 714 482 277 913 274 311 937 529 121 579 403 633 520 1652 960 279 518 435 814 572 563 0 414 378 598 379 395 676
1179 472 1194 1045 423 1143 540 2629 494 3302 320 365 400 569 888 344 574 349 667 615 369 156 857 561 275 1056 241 454 1081 609 311 722 483 713 600 1795 1104 376 598 270 928 407 643 414 0 458 631 522 538 820
1047 121 1062 913 431 1011 426 2497 143 3429 500 546 408 709 537 588 139 529 316 264 509 548 672 210 293 924 546 594 948 258 405 794 132 362 164 1663 971 562 247 451 577 588 292 378 458 0 242 662 678 688
1266 341 1281 1132 650 1230 209 2716 362 3648 528 338 627 929 654 807 236 557 461 483 728 722 789 429 512 1143 719 814 1168 478 624 1014 352 581 197 1882 1191 782 466 478 694 497 511 598 631 242 0 881 898 827
731 677 746 597 387 696 909 2182 667 3114 689 734 364 293 555 281 778 718 728 543 177 481 410 621 561 609 382 228 633 813 275 446 678 773 804 1348 656 255 658 639 509 776 703 379 522 662 881 0 262 372
874 693 889 740 404 838 926 2324 714 3256 705 751 381 53 697 264 795 734 888 731 193 497 552 782 577 751 398 244 775 830 291 377 704 934 820 1490 798 238 818 656 652 793 864 395 538 678 898 262 0 515
556 598 571 421 685 520 1011 2006 577 2938 987 1032 662 546 219 578 804 1016 637 453 474 778 75 531 859 433 680 525 457 838 573 303 587 683 829 1172 480 553 567 937 174 1074 613 676 820 688 827 372 515 0
EOF