NAME : tsp_problem
TYPE : TSP
DIMENSION : 76
EDGE_WEIGHT_TYPE : EXPLICIT
EDGE_WEIGHT_FORMAT : FULL_MATRIX
EDGE_WEIGHT_SECTION
0 1553 623 726 1400 456 274 5741 471 1569 167 790 426 807 547 1009 771 553 895 602 401 326 1304 1302 688 416 738 861 486 520 569 390 589 3149 3041 691 970 139 754 680 3078 1492 938 1261 455 190 787 387 635 1287 531 1237 849 676 1189 463 255 560 1451 766 557 853 751 1376 1801 1316 1321 757 727 737 714 548 842 269 523 1723
1553 0 1271 950 437 1120 1505 5640 1104 74 1517 1059 1311 981 1103 584 1193 1118 1165 1239 1296 1287 457 477 1248 1301 1126 1008 1371 1277 1179 1219 1237 3048 4080 1079 725 1483 972 1240 2977 77 813 414 1276 1600 1175 1318 1322 462 1172 342 1219 1313 410 1291 1605 1188 116 820 1245 1075 969 218 1311 469 474 1394 1115 955 1138 1124 749 1354 1079 1233
623 1271 0 350 1117 554 574 5848 538 1287 587 779 286 496 460 726 196 177 885 733 556 481 1022 1020 484 277 361 553 347 253 570 545 77 3256 3260 315 772 553 744 476 3185 1210 860 978 251 576 300 542 558 1005 407 955 939 808 907 618 675 561 1169 756 480 620 741 1093 1519 1034 1039 889 351 727 681 171 711 394 481 1441
726 950 350 0 797 658 678 5527 642 966 691 746 390 175 564 406 272 197 852 837 660 585 701 699 328 381 205 232 451 356 352 649 316 2935 3364 158 452 657 613 319 2864 889 539 658 355 679 254 646 402 684 251 634 906 911 586 721 779 361 848 462 324 299 610 773 1198 713 718 993 194 597 360 203 390 498 585 1120
1400 437 1117 797 0 967 1351 5487 951 433 1364 906 1158 828 950 431 1039 965 1012 1085 1143 1134 426 304 1095 1148 973 855 1218 1124 1026 1065 1083 2895 3927 926 572 1330 819 1087 2824 489 659 383 1123 1447 1022 1164 1169 289 1019 359 1066 1160 237 1138 1452 1035 528 667 1092 922 815 239 1158 439 443 1241 962 802 985 971 596 1201 926 1079
456 1120 554 658 967 0 408 5684 41 1136 421 356 594 804 114 576 703 485 462 203 200 190 871 869 792 585 669 861 655 561 878 122 520 3092 2983 623 537 387 321 784 3020 1059 505 827 559 620 718 221 866 854 715 804 450 277 756 195 508 869 1018 333 788 928 318 943 1368 883 888 358 659 304 989 479 409 257 90 1290
274 1505 574 678 1351 408 0 5693 422 1521 238 741 615 825 499 961 723 505 847 553 353 278 1256 1254 812 605 690 881 675 581 816 342 540 3101 2993 643 922 204 706 804 3030 1444 890 1212 580 437 739 339 882 1239 736 1189 801 628 1141 414 326 807 1403 718 805 948 702 1327 1753 1268 1273 709 679 689 961 499 794 221 475 1675
3432 3238 3446 3125 3085 3295 3384 0 3279 3254 3397 3235 3486 3156 3278 2759 3368 3293 3340 3414 3360 3285 2989 2987 3424 3477 3301 3184 3547 3452 3354 3298 3412 756 3614 3254 2900 3363 3147 3415 1210 3177 2988 2945 3451 3596 3350 3346 3498 2972 3347 2922 3394 3488 2874 3370 3484 3363 3136 2995 3420 3251 3144 3061 2124 3001 3006 3570 3290 3130 3313 3299 2924 3298 3254 2184
471 1104 538 642 951 41 422 5681 0 1120 435 340 578 788 98 560 687 469 446 217 214 205 855 853 776 569 653 845 639 545 862 136 504 3089 2998 607 521 401 305 768 3018 1043 489 811 543 634 702 235 850 838 699 788 465 291 740 209 523 853 1002 317 772 912 302 927 1352 867 872 373 643 288 973 463 393 272 74 1274
1569 74 1287 966 433 1136 1521 5656 1120 0 1534 1076 1327 997 1119 601 1209 1134 1181 1255 1313 1303 486 474 1265 1318 1142 1025 1388 1294 1195 1235 1253 3065 4096 1096 741 1500 988 1257 2993 106 829 443 1292 1617 1191 1334 1339 459 1188 372 1235 1329 407 1308 1621 1204 146 837 1261 1092 985 214 1327 499 503 1411 1132 971 1155 1140 765 1370 1095 1249
167 1517 587 691 1364 421 238 5705 435 1534 0 754 566 837 511 973 736 517 859 566 365 290 1268 1266 825 557 702 893 627 593 710 354 553 3113 3005 655 934 103 718 817 3042 1456 902 1225 592 331 751 351 776 1251 672 1201 813 640 1154 427 111 701 1415 730 698 961 715 1340 1765 1281 1285 722 692 701 855 512 806 233 488 1687
790 1059 779 746 906 356 741 5637 340 1076 754 0 820 798 339 515 928 710 289 442 533 523 810 808 1017 810 895 845 880 786 975 455 745 3045 3316 848 437 720 305 1009 2973 998 404 767 785 953 944 554 1091 793 941 743 343 517 696 528 842 984 958 318 1014 912 302 882 1307 823 827 598 884 289 974 704 394 591 316 1229
426 1311 286 390 1158 594 615 5888 578 1327 566 820 0 536 500 767 435 217 925 774 596 521 1062 1060 458 46 402 593 94 127 339 585 252 3296 3300 355 813 538 784 450 3225 1250 900 1018 85 345 451 582 405 1045 302 995 979 848 947 658 654 330 1209 796 328 624 781 1134 1559 1074 1079 929 391 767 485 211 751 434 522 1481
807 981 496 175 828 804 825 5558 788 997 837 798 536 0 710 437 418 343 904 932 806 731 732 730 474 527 351 82 597 503 261 795 462 2966 3510 305 483 803 666 466 2895 920 570 688 502 726 400 792 527 715 397 665 958 1007 617 868 925 270 879 514 449 149 663 804 1229 744 749 1088 341 649 211 349 443 644 731 1151
547 1103 460 564 950 114 499 5680 98 1119 511 339 500 710 0 559 609 390 445 293 291 281 854 852 698 491 575 766 561 466 784 213 426 3088 3074 528 520 478 304 689 3017 1042 488 810 465 711 624 312 772 837 621 787 499 368 739 286 599 775 1001 316 694 833 301 926 1351 866 871 449 564 287 895 385 392 321 41 1273
1009 584 726 406 431 576 961 5162 560 601 973 515 767 437 559 0 648 574 621 694 752 743 335 333 704 757 582 464 827 733 635 674 693 2570 3536 535 181 939 428 696 2498 523 268 292 732 1056 631 774 778 318 628 268 675 769 221 747 1061 644 482 276 701 531 425 407 832 348 352 850 571 411 594 580 205 810 535 754
771 1193 196 272 1039 703 723 5770 687 1209 736 928 435 418 609 648 0 275 1034 882 705 630 944 942 406 426 215 475 496 401 492 694 225 3178 3409 168 694 702 856 398 3107 1132 782 900 400 725 134 691 480 926 329 877 1088 956 829 766 823 483 1091 704 402 542 853 1015 1441 956 961 1038 204 839 603 281 633 543 630 1363
553 1118 177 197 965 485 505 5695 469 1134 517 710 217 343 390 574 275 0 815 664 487 412 869 867 331 207 209 400 277 183 418 476 143 3103 3191 162 620 483 674 323 3032 1057 707 825 182 507 258 472 405 852 255 802 869 738 754 548 605 409 1016 630 328 467 671 941 1366 881 886 820 198 657 528 102 558 324 412 1288
895 1165 885 852 1012 462 847 5742 446 1181 859 289 925 904 445 621 1034 815 0 439 638 629 916 914 1123 916 1000 950 986 891 1081 561 851 3150 3422 954 542 825 411 1115 3079 1104 510 872 890 1059 1049 660 1197 899 1046 849 163 370 801 633 947 1090 1063 423 1119 1017 408 988 1413 928 933 452 990 394 1080 810 499 696 421 1335
602 1239 733 837 1085 203 553 5816 217 1255 566 442 774 932 293 694 882 664 439 0 345 335 989 988 971 764 849 989 834 740 1057 267 699 3224 3128 802 623 532 439 963 3153 1178 591 946 739 765 898 366 1045 972 895 923 351 178 875 340 654 1048 1137 452 967 1056 436 1061 1487 1002 1007 259 838 423 1117 658 528 403 270 1409
401 1296 556 660 1143 200 353 5680 214 1313 365 533 596 806 291 752 705 487 638 345 0 90 1047 1045 794 587 671 863 657 563 880 95 522 3088 2979 625 713 331 497 786 3016 1235 681 1004 561 565 720 78 868 1030 717 980 593 419 933 118 453 871 1194 509 790 930 494 1119 1544 1060 1064 501 661 480 991 481 585 202 267 1466
326 1287 481 585 1134 190 278 5605 205 1303 290 523 521 731 281 743 630 412 629 335 90 0 1038 1036 719 512 596 788 582 488 805 124 447 3013 2904 550 704 256 488 711 2941 1226 672 994 486 490 645 76 793 1021 642 971 583 410 923 152 378 796 1185 500 715 855 485 1110 1535 1050 1055 491 586 471 916 406 576 127 257 1457
1304 457 1022 701 426 871 1256 5391 855 486 1268 810 1062 732 854 335 944 869 916 989 1047 1038 0 327 999 1052 877 759 1122 1028 930 970 988 2799 3831 830 476 1234 723 991 2728 396 564 76 1027 1351 926 1069 1073 312 923 141 970 1064 215 1042 1356 939 355 571 996 826 720 402 1062 220 225 1145 866 706 889 875 500 1105 830 984
1302 477 1020 699 304 869 1254 5389 853 474 1266 808 1060 730 852 333 942 867 914 988 1045 1036 327 0 998 1051 875 757 1120 1026 928 968 986 2797 3829 828 474 1232 721 989 2726 515 562 284 1025 1349 924 1067 1071 73 921 260 968 1062 138 1040 1354 937 475 569 994 825 718 280 1060 340 344 1143 864 704 887 873 498 1103 828 982
688 1248 484 328 1095 792 812 5826 776 1265 825 1017 458 474 698 704 406 331 1123 971 794 719 999 998 0 449 339 531 519 491 342 783 450 3234 3498 293 750 791 912 71 3163 1187 838 956 488 608 388 780 330 982 179 933 1177 1046 885 855 913 333 1147 760 252 598 909 1071 1497 1012 1016 1127 329 895 488 337 689 632 719 1418
416 1301 277 381 1148 585 605 5879 569 1318 557 810 46 527 491 757 426 207 916 764 587 512 1052 1051 449 0 392 584 84 118 330 576 243 3287 3291 346 803 529 774 441 3216 1240 891 1009 76 336 441 573 396 1035 292 986 970 839 938 648 645 321 1200 787 318 614 771 1124 1550 1065 1069 920 382 758 475 202 742 425 512 1471
738 1126 361 205 973 669 690 5703 653 1142 702 895 402 351 575 582 215 209 1000 849 671 596 877 875 339 392 0 408 462 368 426 660 327 3111 3376 102 628 668 789 331 3040 1065 715 833 367 691 197 657 413 860 263 810 1054 923 762 733 790 417 1024 638 336 475 786 949 1374 889 894 1004 138 772 536 215 566 509 597 1296
861 1008 553 232 855 861 881 5586 845 1025 893 845 593 82 766 464 475 400 950 989 863 788 759 757 531 584 408 0 653 559 315 852 519 2994 3567 361 510 860 722 522 2923 947 598 716 558 780 457 849 581 742 454 692 1004 1063 645 924 981 324 907 571 503 124 719 831 1257 772 776 1145 397 705 239 406 499 700 788 1178
486 1371 347 451 1218 655 675 5949 639 1388 627 880 94 597 561 827 496 277 986 834 657 582 1122 1120 519 84 462 653 0 143 400 646 313 3357 3361 415 873 598 844 511 3286 1310 961 1079 146 406 511 643 466 1105 362 1055 1040 908 1008 718 715 391 1270 857 388 684 841 1194 1620 1135 1139 990 452 828 545 272 812 495 582 1541
520 1277 253 356 1124 561 581 5855 545 1294 593 786 127 503 466 733 401 183 891 740 563 488 1028 1026 491 118 368 559 143 0 433 552 219 3263 3267 321 779 559 750 482 3191 1216 867 985 115 439 417 548 499 1011 396 961 945 814 914 624 681 424 1175 762 422 626 747 1100 1525 1041 1045 896 357 733 579 178 718 400 488 1447
569 1179 570 352 1026 878 816 5756 862 1195 710 975 339 261 784 635 492 418 1081 1057 880 805 930 928 342 330 426 315 400 433 0 869 536 3164 3583 379 681 681 842 334 3093 1118 768 886 369 489 475 866 289 913 186 863 1135 1132 815 942 798 94 1077 691 212 308 839 1002 1427 942 947 1213 415 825 169 424 619 718 805 1349
390 1219 545 649 1065 122 342 5617 136 1235 354 455 585 795 213 674 694 476 561 267 95 124 970 968 783 576 660 852 646 552 869 0 511 3025 2917 614 636 320 420 775 2954 1158 604 926 551 554 709 117 857 953 706 903 515 342 855 90 442 860 1117 432 779 919 416 1041 1467 982 987 423 650 403 980 470 508 191 189 1389
589 1237 77 316 1083 520 540 5814 504 1253 553 745 252 462 426 693 225 143 851 699 522 447 988 986 450 243 327 519 313 219 536 511 0 3222 3226 281 738 519 710 442 3151 1176 826 944 218 542 329 508 524 971 373 921 905 774 873 584 641 527 1135 722 446 586 707 1059 1485 1000 1005 855 317 693 647 137 677 360 447 1407
3204 3009 3217 2897 2856 3067 3156 4421 3051 3026 3168 3006 3258 2928 3050 2531 3139 3065 3112 3185 3131 3056 2760 2759 3195 3248 3073 2955 3318 3224 3126 3069 3184 0 3386 3026 2672 3134 2919 3187 721 2948 2759 2717 3223 3368 3122 3117 3269 2743 3119 2694 3166 3260 2646 3142 3256 3135 2908 2767 3192 3022 2916 2832 1896 2773 2777 3341 3062 2902 3085 3071 2696 3069 3026 1955
3072 4100 3291 3395 3947 3004 3024 6029 3018 4116 3036 3337 3332 3541 3094 3556 3440 3222 3442 3149 2999 2924 3851 3849 3529 3322 3407 3598 3392 3298 3615 2937 3257 3437 0 3360 3517 3002 3301 3521 3365 4039 3485 3808 3297 3236 3456 2985 3603 3834 3453 3784 3396 3223 3737 3010 3124 3606 3998 3313 3526 3665 3298 3923 3565 3863 3868 3304 3396 3284 3726 3216 3389 2937 3071 3624
691 1079 315 158 926 623 643 5657 607 1096 655 848 355 305 528 535 168 162 954 802 625 550 830 828 293 346 102 361 415 321 379 614 281 3065 3329 0 581 622 743 284 2993 1018 669 787 320 644 151 611 366 813 216 763 1007 876 716 686 743 370 977 591 289 428 739 902 1327 843 847 958 91 726 490 168 520 462 550 1249
970 725 772 452 572 537 922 5302 521 741 934 437 813 483 520 181 694 620 542 623 713 704 476 474 750 803 628 510 873 779 681 636 738 2710 3497 581 0 900 474 742 2639 664 190 433 778 1102 677 735 824 459 674 409 596 697 361 709 1022 690 623 322 747 577 470 548 973 488 493 779 617 457 640 626 251 771 496 895
139 1483 553 657 1330 387 204 5671 401 1500 103 720 538 803 478 939 702 483 825 532 331 256 1234 1232 791 529 668 860 598 559 681 320 519 3080 2971 622 900 0 684 783 3008 1422 868 1191 558 303 717 317 747 1217 644 1167 780 606 1120 393 191 672 1381 696 670 927 681 1306 1731 1247 1251 688 658 667 826 478 772 199 454 1653
754 972 744 613 819 321 706 5549 305 988 718 305 784 666 304 428 856 674 411 439 497 488 723 721 912 774 789 722 844 750 842 420 710 2957 3281 743 474 684 0 904 2886 911 454 679 749 918 838 519 986 706 835 656 465 514 608 492 806 851 870 185 908 789 42 795 1220 735 740 595 779 50 851 669 261 555 280 1142
680 1240 476 319 1087 784 804 5818 768 1257 817 1009 450 466 689 696 398 323 1115 963 786 711 991 989 71 441 331 522 511 482 334 775 442 3226 3490 284 742 783 904 0 3154 1179 830 948 480 599 380 772 322 974 171 924 1169 1037 877 847 904 325 1138 752 244 589 901 1063 1488 1004 1008 1119 320 887 479 329 681 624 711 1410
3133 2938 3146 2825 2785 2995 3084 4350 2979 2955 3097 2935 3186 2856 2978 2460 3068 2993 3040 3114 3060 2985 2689 2687 3124 3177 3001 2884 3247 3153 3054 2998 3112 721 3315 2955 2600 3063 2847 3116 0 2877 2688 2646 3152 3296 3050 3046 3198 2672 3047 2622 3094 3188 2575 3070 3185 3063 2836 2696 3120 2951 2844 2761 1825 2702 2706 3270 2991 2830 3014 2999 2624 2998 2955 1884
1492 77 1210 889 489 1059 1444 5579 1043 106 1456 998 1250 920 1042 523 1132 1057 1104 1178 1235 1226 396 515 1187 1240 1065 947 1310 1216 1118 1158 1176 2987 4019 1018 664 1422 911 1179 2916 0 752 353 1215 1539 1114 1257 1261 500 1111 281 1158 1252 403 1230 1544 1127 55 759 1184 1014 908 271 1250 408 413 1333 1054 894 1077 1063 688 1293 1018 1172
938 813 860 539 659 505 890 5390 489 829 902 404 900 570 488 268 782 707 510 591 681 672 564 562 838 891 715 598 961 867 768 604 826 2798 3465 669 190 868 454 830 2727 752 0 520 865 1102 764 703 912 546 761 497 564 665 449 676 990 777 711 410 834 665 451 635 1061 576 581 746 705 437 728 713 338 739 464 983
1261 414 978 658 383 827 1212 5348 811 443 1225 767 1018 688 810 292 900 825 872 946 1004 994 76 284 956 1009 833 716 1079 985 886 926 944 2756 3787 787 433 1191 679 948 2684 353 520 0 984 1308 882 1025 1030 269 879 98 926 1021 171 999 1313 896 312 528 952 783 676 359 1018 177 182 1102 823 663 846 831 456 1062 787 940
455 1276 251 355 1123 559 580 5853 543 1292 592 785 85 502 465 732 400 182 890 739 561 486 1027 1025 488 76 367 558 146 115 369 551 218 3262 3266 320 778 558 749 480 3190 1215 865 984 0 375 416 547 435 1010 331 960 944 813 913 623 680 360 1174 761 357 625 746 1099 1524 1039 1044 894 356 732 514 177 716 399 487 1446
190 1600 576 679 1447 620 437 5905 634 1617 331 953 345 726 711 1056 725 507 1059 765 565 490 1351 1349 608 336 691 780 406 439 489 554 542 3313 3205 644 1102 303 918 599 3242 1539 1102 1308 375 0 740 551 555 1334 451 1284 1013 840 1237 626 419 480 1498 930 477 773 914 1423 1848 1364 1368 921 680 901 634 501 1006 433 687 1770
787 1175 300 254 1022 718 739 5752 702 1191 751 944 451 400 624 631 134 258 1049 898 720 645 926 924 388 441 197 457 511 417 475 709 329 3160 3424 151 677 717 838 380 3089 1114 764 882 416 740 0 706 462 909 311 859 1103 972 811 782 839 466 1073 687 384 524 835 998 1423 938 943 1053 187 821 585 264 615 558 646 1345
387 1318 542 646 1164 221 339 5665 235 1334 351 554 582 792 312 774 691 472 660 366 78 76 1069 1067 780 573 657 849 643 548 866 117 508 3074 2965 611 735 317 519 772 3002 1257 703 1025 547 551 706 0 854 1052 703 1002 614 441 954 140 439 857 1216 531 776 916 515 1140 1566 1081 1086 522 647 502 977 467 607 188 288 1488
635 1322 558 402 1169 866 882 5900 850 1339 776 1091 405 527 772 778 480 405 1197 1045 868 793 1073 1071 330 396 413 581 466 499 289 857 524 3308 3572 366 824 747 986 322 3237 1261 912 1030 435 555 462 854 0 1056 173 1006 1251 1120 959 929 864 280 1221 834 199 574 983 1145 1571 1086 1090 1201 403 969 435 411 763 706 793 1492
1287 462 1005 684 289 854 1239 5374 838 459 1251 793 1045 715 837 318 926 852 899 972 1030 1021 312 73 982 1035 860 742 1105 1011 913 953 971 2782 3814 813 459 1217 706 974 2711 500 546 269 1010 1334 909 1052 1056 0 906 245 953 1047 123 1025 1339 922 459 554 979 809 703 265 1045 325 329 1128 849 689 872 858 483 1088 813 967
531 1172 407 251 1019 715 736 5749 699 1188 672 941 302 397 621 628 329 255 1046 895 717 642 923 921 179 292 263 454 362 396 186 706 373 3157 3421 216 674 644 835 171 3086 1111 761 879 331 451 311 703 173 906 0 856 1100 969 808 779 760 177 1070 684 96 470 832 995 1420 935 940 1050 252 818 331 260 612 555 643 1342
1237 342 955 634 359 804 1189 5324 788 372 1201 743 995 665 787 268 877 802 849 923 980 971 141 260 933 986 810 692 1055 961 863 903 921 2732 3764 763 409 1167 656 924 2661 281 497 98 960 1284 859 1002 1006 245 856 0 903 997 148 975 1289 872 241 504 929 760 653 335 995 153 158 1078 799 639 822 808 433 1038 763 917
849 1219 939 906 1066 450 801 5796 465 1235 813 343 979 958 499 675 1088 869 163 351 593 583 970 968 1177 970 1054 1004 1040 945 1135 515 905 3204 3376 1007 596 780 465 1169 3133 1158 564 926 944 1013 1103 614 1251 953 1100 903 0 282 855 588 901 1144 1117 477 1173 1071 462 1042 1467 982 987 364 1044 448 1134 864 553 650 475 1389
676 1313 808 911 1160 277 628 5890 291 1329 640 517 848 1007 368 769 956 738 370 178 419 410 1064 1062 1046 839 923 1063 908 814 1132 342 774 3298 3203 876 697 606 514 1037 3227 1252 665 1021 813 840 972 441 1120 1047 969 997 282 0 949 414 728 1123 1211 526 1042 1130 511 1136 1561 1076 1081 128 912 497 1192 733 602 477 344 1483
1189 410 907 586 237 756 1141 5277 740 407 1154 696 947 617 739 221 829 754 801 875 933 923 215 138 885 938 762 645 1008 914 815 855 873 2685 3716 716 361 1120 608 877 2613 403 449 171 913 1237 811 954 959 123 808 148 855 949 0 928 1241 824 362 457 881 712 605 213 947 227 232 1031 752 591 775 760 385 990 716 869
463 1291 618 721 1138 195 414 5690 209 1308 427 528 658 868 286 747 766 548 633 340 118 152 1042 1040 855 648 733 924 718 624 942 90 584 3098 2990 686 709 393 492 847 3027 1230 676 999 623 626 782 140 929 1025 779 975 588 414 928 0 515 933 1190 504 852 991 489 1114 1539 1055 1059 496 722 475 1053 543 580 264 262 1461
255 1605 675 779 1452 508 326 5793 523 1621 111 842 654 925 599 1061 823 605 947 654 453 378 1356 1354 913 645 790 981 715 681 798 442 641 3201 3093 743 1022 191 806 904 3130 1544 990 1313 680 419 839 439 864 1339 760 1289 901 728 1241 515 0 789 1503 818 786 1048 803 1428 1853 1368 1373 809 779 789 943 600 894 321 576 1775
560 1188 561 361 1035 869 807 5765 853 1204 701 984 330 270 775 644 483 409 1090 1048 871 796 939 937 333 321 417 324 391 424 94 860 527 3173 3574 370 690 672 851 325 3102 1127 777 896 360 480 466 857 280 922 177 872 1144 1123 824 933 789 0 1086 700 203 317 848 1011 1436 951 956 1204 406 835 178 415 628 709 796 1358
1451 116 1169 848 528 1018 1403 5538 1002 146 1415 958 1209 879 1001 482 1091 1016 1063 1137 1194 1185 355 475 1147 1200 1024 907 1270 1175 1077 1117 1135 2946 3978 977 623 1381 870 1138 2875 55 711 312 1174 1498 1073 1216 1221 459 1070 241 1117 1211 362 1190 1503 1086 0 718 1143 974 867 310 1209 368 372 1293 1013 853 1037 1022 647 1252 977 1131
766 820 756 462 667 333 718 5398 317 837 730 318 796 514 316 276 704 630 423 452 509 500 571 569 760 787 638 571 857 762 691 432 722 2806 3293 591 322 696 185 752 2734 759 410 528 761 930 687 531 834 554 684 504 477 526 457 504 818 700 718 0 757 638 182 643 1068 584 588 607 627 168 699 636 109 567 292 990
557 1245 480 324 1092 788 805 5822 772 1261 698 1014 328 449 694 701 402 328 1119 967 790 715 996 994 252 318 336 503 388 422 212 779 446 3230 3494 289 747 670 908 244 3159 1184 834 952 357 477 384 776 199 979 96 929 1173 1042 881 852 786 203 1143 757 0 496 905 1067 1493 1008 1013 1123 325 891 357 333 685 628 715 1415
853 1075 620 299 922 928 948 5653 912 1092 961 912 624 149 833 531 542 467 1017 1056 930 855 826 825 598 614 475 124 684 626 308 919 586 3061 3634 428 577 927 789 589 2990 1014 665 783 625 773 524 916 574 809 470 760 1071 1130 712 991 1048 317 974 638 496 0 786 898 1324 839 843 1212 464 772 162 473 566 768 855 1246
751 969 741 610 815 318 702 5546 302 985 715 302 781 663 301 425 853 671 408 436 494 485 720 718 909 771 786 719 841 747 839 416 707 2954 3278 739 470 681 42 901 2883 908 451 676 746 914 835 515 983 703 832 653 462 511 605 489 803 848 867 182 905 786 0 791 1217 732 737 592 776 47 848 666 258 552 277 1139
1376 218 1093 773 239 943 1327 5463 927 214 1340 882 1134 804 926 407 1015 941 988 1061 1119 1110 402 280 1071 1124 949 831 1194 1100 1002 1041 1059 2871 3903 902 548 1306 795 1063 2800 271 635 359 1099 1423 998 1140 1145 265 995 335 1042 1136 213 1114 1428 1011 310 643 1067 898 791 0 1134 415 419 1217 938 778 961 947 572 1177 902 1055
1801 1311 1519 1198 1158 1368 1753 4527 1352 1327 1765 1307 1559 1229 1351 832 1441 1366 1413 1487 1544 1535 1062 1060 1497 1550 1374 1257 1620 1525 1427 1467 1485 1935 3492 1327 973 1731 1220 1488 1863 1250 1061 1018 1524 1848 1423 1566 1571 1045 1420 995 1467 1561 947 1539 1853 1436 1209 1068 1493 1324 1217 1134 0 1074 1079 1642 1363 1203 1386 1372 997 1602 1327 256
1316 469 1034 713 439 883 1268 5403 867 499 1281 823 1074 744 866 348 956 881 928 1002 1060 1050 220 340 1012 1065 889 772 1135 1041 942 982 1000 2812 3843 843 488 1247 735 1004 2740 408 576 177 1039 1364 938 1081 1086 325 935 153 982 1076 227 1055 1368 951 368 584 1008 839 732 415 1074 0 52 1158 879 718 902 887 512 1117 842 996
1321 474 1039 718 443 888 1273 5408 872 503 1285 827 1079 749 871 352 961 886 933 1007 1064 1055 225 344 1016 1069 894 776 1139 1045 947 987 1005 2816 3848 847 493 1251 740 1008 2745 413 581 182 1044 1368 943 1086 1090 329 940 158 987 1081 232 1059 1373 956 372 588 1013 843 737 419 1079 52 0 1162 883 723 906 892 517 1122 847 1001
757 1394 889 993 1241 358 709 5972 373 1411 722 598 929 1088 449 850 1038 820 452 259 501 491 1145 1143 1127 920 1004 1145 990 896 1213 423 855 3380 3284 958 779 688 595 1119 3308 1333 746 1102 894 921 1053 522 1201 1128 1050 1078 364 128 1031 496 809 1204 1293 607 1123 1212 592 1217 1642 1158 1162 0 994 578 1273 814 683 558 425 1564
727 1115 351 194 962 659 679 5693 643 1132 692 884 391 341 564 571 204 198 990 838 661 586 866 864 329 382 138 397 452 357 415 650 317 3101 3365 91 617 658 779 320 3029 1054 705 823 356 680 187 647 403 849 252 799 1044 912 752 722 779 406 1013 627 325 464 776 938 1363 879 883 994 0 762 526 204 556 499 586 1285
737 955 727 597 802 304 689 5532 288 971 701 289 767 649 287 411 839 657 394 423 480 471 706 704 895 758 772 705 828 733 825 403 693 2940 3264 726 457 667 50 887 2869 894 437 663 732 901 821 502 969 689 818 639 448 497 591 475 789 835 853 168 891 772 47 778 1203 718 723 578 762 0 834 652 244 538 263 1125
714 1138 681 360 985 989 961 5716 973 1155 855 974 485 211 895 594 603 528 1080 1117 991 916 889 887 488 475 536 239 545 579 169 980 647 3124 3695 490 640 826 851 479 3052 1077 728 846 514 634 585 977 435 872 331 822 1134 1192 775 1053 943 178 1037 699 357 162 848 961 1386 902 906 1273 526 834 0 534 628 829 916 1308
548 1124 171 203 971 479 499 5701 463 1140 512 704 211 349 385 580 281 102 810 658 481 406 875 873 337 202 215 406 272 178 424 470 137 3109 3185 168 626 478 669 329 3038 1063 713 831 177 501 264 467 411 858 260 808 864 733 760 543 600 415 1022 636 333 473 666 947 1372 887 892 814 204 652 534 0 564 319 406 1294
842 749 711 390 596 409 794 5326 393 765 806 394 751 443 392 205 633 558 499 528 585 576 500 498 689 742 566 499 812 718 619 508 677 2734 3369 520 251 772 261 681 2663 688 338 456 716 1006 615 607 763 483 612 433 553 602 385 580 894 628 647 109 685 566 258 572 997 512 517 683 556 244 628 564 0 643 368 919
269 1354 394 498 1201 257 221 5607 272 1370 233 591 434 644 321 810 543 324 696 403 202 127 1105 1103 632 425 509 700 495 400 718 191 360 3015 2906 462 771 199 555 624 2943 1293 739 1062 399 433 558 188 706 1088 555 1038 650 477 990 264 321 709 1252 567 628 768 552 1177 1602 1117 1122 558 499 538 829 319 643 0 325 1524
523 1079 481 585 926 90 475 5656 74 1095 488 316 522 731 41 535 630 412 421 270 267 257 830 828 719 512 597 788 582 488 805 189 447 3064 3050 550 496 454 280 711 2993 1018 464 787 487 687 646 288 793 813 643 763 475 344 716 262 576 796 977 292 715 855 277 902 1327 842 847 425 586 263 916 406 368 325 0 1249
1723 1233 1441 1120 1079 1290 1675 4586 1274 1249 1687 1229 1481 1151 1273 754 1363 1288 1335 1409 1466 1457 984 982 1418 1471 1296 1178 1541 1447 1349 1389 1407 1994 3551 1249 895 1653 1142 1410 1922 1172 983 940 1446 1770 1345 1488 1492 967 1342 917 1389 1483 869 1461 1775 1358 1131 990 1415 1246 1139 1055 256 996 1001 1564 1285 1125 1308 1294 919 1524 1249 0
EOF