NAME : tsp_problem
TYPE : TSP
DIMENSION : 88
EDGE_WEIGHT_TYPE : EXPLICIT
EDGE_WEIGHT_FORMAT : FULL_MATRIX
EDGE_WEIGHT_SECTION
0 286 1548 237 856 240 724 731 542 377 245 1022 779 209 225 1615 900 201 285 349 417 702 969 1134 43 368 440 581 215 689 725 1146 777 972 820 607 2781 1183 436 705 1092 1125 316 582 735 506 730 290 725 944 440 713 756 590 397 770 283 38 113 646 689 711 581 885 997 749 372 624 992 1079 424 661 1218 1198 448 432 592 664 442 120 40 221 87 947 466 780 531 471
286 0 1557 292 745 391 613 620 551 510 267 1031 668 360 376 1624 789 387 436 500 550 711 858 1143 303 328 449 590 402 578 614 1155 666 981 709 496 2874 1192 570 594 981 1134 467 471 744 640 619 441 614 953 574 602 765 479 530 659 81 298 199 535 578 600 470 894 1006 638 523 513 1001 1088 433 711 1227 1207 457 565 480 673 451 307 300 230 273 836 475 679 665 480
1548 1557 0 1422 1607 1528 1734 1482 1263 1825 1397 1247 1530 1562 1577 119 1342 1649 1637 1659 1865 927 1412 1359 1565 1722 1143 1172 1664 1333 1476 1371 1652 1197 1609 1618 1411 1408 1884 1654 1535 1350 1668 1593 1121 1954 1481 1643 1585 1169 1889 1310 1141 1602 1845 1551 1554 1560 1461 1377 1699 1722 1445 1110 1222 1500 1636 1635 1217 1304 1409 1833 1443 1424 1138 1880 1603 1135 1427 1569 1562 1361 1535 1440 1452 1251 1963 1456
237 292 1422 0 874 133 742 749 383 514 35 897 797 167 183 1489 796 338 243 307 554 576 866 1008 255 457 314 423 353 707 743 1021 795 847 838 625 2739 1058 574 724 989 1000 274 600 610 644 748 248 744 818 578 714 630 609 534 789 289 250 196 665 707 730 599 759 871 767 330 642 866 954 266 799 1092 1073 322 569 610 538 283 258 251 82 224 843 308 654 669 312
856 745 1607 874 0 974 596 344 937 777 850 1082 392 943 959 1674 490 795 1019 1083 817 761 392 1193 874 599 732 846 745 302 338 1206 182 1032 138 480 2924 1243 837 516 666 1185 1050 455 682 788 343 1024 447 1003 841 326 759 464 797 413 742 869 782 259 561 584 307 944 1056 287 1106 497 1051 1139 1016 362 1277 1258 727 584 465 548 1034 782 870 813 796 328 1058 403 493 1062
240 391 1528 133 974 0 841 849 489 517 141 1003 896 170 186 1595 902 341 246 310 557 682 972 1114 258 509 420 529 356 806 843 1126 895 952 938 724 2845 1163 577 823 1095 1106 277 699 716 647 848 251 843 924 581 820 736 708 537 888 388 253 218 764 806 829 698 865 977 867 333 742 972 1060 372 802 1198 1179 428 573 709 644 389 261 254 188 228 949 414 760 672 418
724 613 1734 742 596 841 0 403 1001 649 717 1209 320 811 826 1801 640 663 886 951 689 889 709 1320 741 466 859 973 612 429 397 1333 518 1159 561 278 3051 1370 708 159 832 1312 917 253 832 778 402 892 179 1130 713 453 910 196 669 224 610 737 649 386 117 43 322 1071 1183 489 974 229 1179 1266 884 563 1405 1385 854 704 332 675 901 649 738 680 664 687 926 530 693 930
731 620 1482 749 344 849 403 0 811 656 724 957 198 818 834 1549 388 670 893 958 696 636 457 1068 749 473 606 720 619 177 145 1080 389 906 346 355 2799 1117 715 322 580 1060 924 330 580 785 48 899 254 878 720 201 658 338 676 219 617 744 657 134 368 390 182 819 931 237 981 372 926 1014 891 570 1152 1133 601 711 339 423 908 656 745 688 671 435 933 277 700 937
542 551 1263 383 937 489 1001 811 0 819 359 737 859 523 539 1329 672 643 598 613 859 417 741 849 559 716 464 256 658 662 806 861 982 687 938 884 2580 898 878 983 864 840 629 859 450 948 811 604 915 659 883 640 471 868 839 880 548 554 455 706 966 989 774 600 712 829 590 901 707 794 363 1099 933 913 467 874 869 464 381 562 556 355 529 769 405 580 974 410
377 510 1825 514 777 517 649 656 819 0 522 1300 704 487 502 1892 825 316 562 627 59 979 894 1411 394 293 717 859 265 614 650 1423 620 1249 663 532 2753 1460 78 630 1017 1403 593 507 1012 285 655 568 651 1221 82 638 1033 516 39 695 507 389 390 571 614 637 506 1162 1274 674 650 549 1269 1357 701 441 1495 1476 725 211 517 860 719 302 391 498 317 872 744 715 310 748
245 267 1397 35 850 141 717 724 359 522 0 872 772 175 191 1464 772 346 250 315 562 552 841 983 262 432 290 398 361 682 719 996 771 822 813 600 2714 1033 581 699 964 975 282 575 585 651 724 256 719 793 586 689 605 584 542 764 264 258 171 640 682 705 574 734 846 742 338 617 841 929 241 807 1067 1048 297 577 585 514 259 266 259 57 232 818 283 629 677 287
1022 1031 1247 897 1082 1003 1209 957 737 1300 872 0 1004 1036 1052 1314 817 1124 1112 1134 1340 362 886 275 1040 1197 617 646 1138 808 951 288 1127 437 1084 1092 2564 359 1359 1128 1009 475 1143 1067 595 1429 956 1117 1060 409 1363 785 616 1076 1320 1026 1028 1035 936 852 1174 1197 920 350 462 975 1111 1110 133 458 884 1308 393 379 612 1355 1077 609 902 1043 1036 835 1010 914 926 725 1438 930
779 668 1530 797 392 896 320 198 859 704 772 1004 0 866 881 1597 436 718 941 1006 744 684 505 1116 796 521 654 768 667 224 193 1128 437 954 394 402 2847 1165 763 240 628 1107 972 377 628 833 198 947 171 926 768 249 706 339 724 137 665 792 704 182 285 308 230 867 979 285 1029 372 974 1062 939 618 1200 1181 649 759 387 471 956 704 793 735 719 483 981 325 748 985
209 360 1562 167 943 170 811 818 523 487 175 1036 866 0 55 1628 936 311 115 180 527 716 1005 1148 227 478 454 563 325 775 812 1160 864 986 907 693 2879 1197 546 792 1128 1139 146 668 749 616 817 121 812 958 550 800 770 677 507 857 357 222 187 733 776 798 668 899 1011 836 203 711 1006 1093 405 771 1232 1212 462 542 678 678 423 230 223 221 197 983 447 794 641 413
225 376 1577 183 959 186 826 834 539 502 191 1052 881 55 0 1644 952 326 76 140 542 732 1021 1163 243 494 470 578 341 791 828 1176 880 1002 923 709 2894 1213 562 808 1144 1155 107 684 765 632 833 81 828 973 566 815 786 693 522 873 373 238 203 749 791 814 683 914 1026 852 163 727 1022 1109 421 787 1248 1228 478 558 694 694 386 246 239 237 213 999 463 810 657 374
1615 1624 119 1489 1674 1595 1801 1549 1329 1892 1464 1314 1597 1628 1644 0 1409 1716 1704 1726 1932 994 1478 1426 1632 1789 1210 1238 1731 1400 1543 1438 1719 1264 1676 1685 1478 1475 1951 1721 1601 1417 1735 1660 1188 2021 1548 1710 1652 1236 1956 1377 1208 1668 1912 1618 1620 1627 1528 1444 1766 1789 1512 1177 1289 1567 1703 1702 1284 1371 1476 1900 1510 1490 1205 1947 1670 1202 1494 1635 1629 1427 1602 1506 1518 1317 2030 1523
900 789 1342 796 490 902 640 388 672 825 772 817 436 936 952 1409 0 839 1012 1069 865 497 136 928 918 642 517 581 788 239 382 941 456 767 413 524 2659 978 884 560 227 920 1043 499 259 954 387 1017 491 738 889 216 337 508 845 457 786 913 826 283 605 628 351 679 791 406 1046 541 787 874 819 637 1013 993 512 858 509 334 836 825 914 735 840 202 861 188 767 865
201 387 1649 338 795 341 663 670 643 316 346 1124 718 311 326 1716 839 0 386 451 356 803 908 1235 218 307 541 683 97 628 664 1247 716 1073 759 546 2772 1284 375 645 1031 1227 417 521 836 445 669 392 665 1045 380 652 857 530 336 710 384 213 214 585 628 651 520 986 1098 688 474 563 1093 1181 525 601 1319 1300 549 371 531 765 543 97 215 322 141 886 568 729 470 572
285 436 1637 243 1019 246 886 893 598 562 250 1112 941 115 76 1704 1012 386 0 140 602 791 1081 1223 302 553 530 638 401 851 888 1236 939 1062 982 769 2954 1273 621 868 1204 1215 107 744 825 691 893 81 888 1033 626 875 845 753 582 933 433 298 263 809 851 874 743 974 1086 911 163 786 1081 1169 481 847 1307 1288 537 617 754 753 386 306 299 297 272 1058 514 869 717 374
349 500 1659 307 1083 310 951 958 613 627 315 1134 1006 180 140 1726 1069 451 140 0 667 814 1138 1245 367 618 594 653 465 916 952 1258 1004 1084 1047 834 2976 1295 686 932 1261 1237 56 809 847 756 957 118 952 1055 691 940 867 817 647 997 497 362 328 873 916 938 808 996 1108 976 57 851 1104 1191 424 912 1330 1310 602 682 818 818 267 370 364 362 337 1123 395 934 781 255
417 550 1865 554 817 557 689 696 859 59 562 1340 744 527 542 1932 865 356 602 667 0 1019 934 1451 434 333 757 899 305 654 690 1463 660 1289 703 572 2793 1500 42 670 1057 1442 633 547 1052 325 695 608 690 1261 46 678 1073 555 45 735 547 429 430 611 654 676 546 1202 1314 714 690 589 1309 1397 741 481 1535 1516 765 251 557 900 759 342 431 538 356 912 784 755 350 788
702 711 927 576 761 682 889 636 417 979 552 362 684 716 732 994 497 803 791 814 1019 0 566 474 720 876 297 326 818 487 630 486 807 312 763 772 2244 523 1038 808 689 465 823 747 275 1108 635 797 739 284 1043 465 296 756 999 705 708 715 615 531 854 876 599 225 337 654 791 789 332 419 564 987 558 538 292 1034 757 289 581 723 716 515 689 594 606 405 1118 610
969 858 1412 866 392 972 709 457 741 894 841 886 505 1005 1021 1478 136 908 1081 1138 934 566 0 998 987 712 586 650 858 308 451 1010 358 836 315 593 2729 1047 954 629 328 989 1112 568 328 964 456 1086 560 808 958 286 406 577 914 526 855 982 895 352 674 697 420 749 861 475 1115 610 856 943 888 539 1082 1062 581 760 578 403 905 895 983 804 909 168 930 257 669 934
1134 1143 1359 1008 1193 1114 1320 1068 849 1411 983 275 1116 1148 1163 1426 928 1235 1223 1245 1451 474 998 0 1151 1308 729 758 1250 919 1062 34 1238 438 1195 1204 2676 97 1470 1240 1121 213 1254 1179 707 1540 1067 1229 1171 520 1475 897 727 1188 1431 1137 1140 1146 1047 963 1285 1308 1031 462 463 1086 1222 1221 214 196 995 1419 132 117 724 1466 1189 721 1013 1155 1148 947 1121 1026 1038 837 1549 1042
43 303 1565 255 874 258 741 749 559 394 262 1040 796 227 243 1632 918 218 302 367 434 720 987 1151 0 385 458 599 233 706 743 1164 795 990 838 624 2799 1201 454 723 1110 1143 334 599 753 524 748 308 743 961 458 730 773 608 414 788 300 56 131 664 706 729 598 902 1014 767 390 642 1009 1097 442 679 1235 1216 465 449 609 681 459 138 58 239 104 965 484 797 549 488
368 328 1722 457 599 509 466 473 716 293 432 1197 521 478 494 1789 642 307 553 618 333 876 712 1308 385 0 614 756 256 431 468 1320 519 1146 562 349 2808 1357 352 448 835 1299 584 324 835 422 473 559 468 1118 357 455 912 333 313 513 324 381 364 389 431 454 323 1059 1171 491 641 366 1166 1254 598 565 1392 1373 622 348 334 677 616 293 382 395 308 689 641 532 448 645
440 449 1143 314 732 420 859 606 464 717 290 617 654 454 470 1210 517 541 530 594 757 297 586 729 458 614 0 381 556 457 601 741 777 567 733 742 2460 778 777 778 709 720 561 717 330 847 606 535 710 539 781 435 351 726 737 675 446 453 353 501 824 846 569 480 592 624 574 759 587 674 347 957 813 794 55 772 727 259 364 461 454 253 427 564 389 375 872 393
581 590 1172 423 846 529 973 720 256 859 398 646 768 563 578 1238 581 683 638 653 899 326 650 758 599 756 381 0 697 571 715 770 891 596 847 856 2489 807 918 892 773 749 669 831 359 988 720 644 823 567 923 549 380 840 879 789 587 594 495 615 938 960 683 509 621 738 630 873 616 703 403 1071 842 822 376 914 841 373 421 602 596 394 569 678 445 489 1013 450
215 402 1664 353 745 356 612 619 658 265 361 1138 667 325 341 1731 788 97 401 465 305 818 858 1250 233 256 556 697 0 577 614 1262 665 1088 708 495 2721 1299 324 594 981 1241 432 470 851 394 619 406 614 1060 329 601 872 479 285 659 399 228 229 535 577 600 469 1001 1113 637 489 512 1108 1195 540 550 1334 1314 564 320 480 780 558 141 229 337 155 835 582 678 420 587
689 578 1333 707 302 806 429 177 662 614 682 808 224 775 791 1400 239 628 851 916 654 487 308 919 706 431 457 571 577 0 171 932 347 757 304 312 2650 969 673 348 431 911 882 287 431 743 176 857 280 729 678 72 509 296 634 245 575 701 614 92 394 417 140 670 782 195 939 330 777 865 769 527 1003 984 452 669 297 274 787 614 703 645 629 286 811 129 658 816
725 614 1476 743 338 843 397 145 806 650 719 951 193 812 828 1543 382 664 888 952 690 630 451 1062 743 468 601 715 614 171 0 1075 383 901 340 349 2793 1112 710 316 574 1054 919 324 574 780 144 893 248 872 714 195 652 333 670 214 611 738 651 128 362 385 176 813 925 231 975 366 920 1008 885 564 1146 1127 596 705 334 417 903 651 739 682 665 429 927 272 694 931
1146 1155 1371 1021 1206 1126 1333 1080 861 1423 996 288 1128 1160 1176 1438 941 1247 1236 1258 1463 486 1010 34 1164 1320 741 770 1262 932 1075 0 1251 437 1208 1216 2688 97 1483 1252 1133 213 1267 1191 719 1553 1080 1241 1184 524 1487 909 740 1200 1443 1149 1152 1159 1059 976 1298 1320 1043 465 462 1099 1235 1234 226 195 1008 1431 131 117 736 1478 1201 733 1025 1167 1160 959 1133 1038 1050 849 1562 1054
777 666 1652 795 182 895 518 389 982 620 771 1127 437 864 880 1719 456 716 939 1004 660 807 358 1238 795 519 777 891 665 347 383 1251 0 1077 105 401 2969 1288 679 499 633 1230 971 376 648 630 388 945 492 1048 684 371 726 385 640 458 663 790 703 304 483 506 352 989 1101 332 1027 418 1096 1184 937 205 1322 1303 772 426 312 593 954 703 791 734 717 294 979 448 335 983
972 981 1197 847 1032 952 1159 906 687 1249 822 437 954 986 1002 1264 767 1073 1062 1084 1289 312 836 438 990 1146 567 596 1088 757 901 437 1077 0 1033 1042 2514 361 1309 1078 959 303 1093 1017 545 1379 906 1067 1010 236 1313 735 566 1026 1269 975 978 985 885 801 1124 1146 869 177 61 924 1061 1059 407 257 834 1257 396 376 562 1304 1027 559 851 993 986 785 959 864 876 675 1388 880
820 709 1609 838 138 938 561 346 938 663 813 1084 394 907 923 1676 413 759 982 1047 703 763 315 1195 838 562 733 847 708 304 340 1208 105 1033 0 444 2926 1245 722 518 590 1187 1014 419 605 673 345 988 449 1005 727 328 683 428 683 415 706 833 746 261 526 548 309 946 1058 289 1070 461 1053 1141 980 248 1279 1260 728 469 355 550 997 745 834 777 760 251 1022 405 378 1026
607 496 1618 625 480 724 278 355 884 532 600 1092 402 693 709 1685 524 546 769 834 572 772 593 1204 624 349 742 856 495 312 349 1216 401 1042 444 0 2935 1253 591 260 716 1195 800 64 716 661 354 775 280 1014 596 336 794 145 552 325 493 619 532 270 243 266 204 955 1067 373 857 179 1062 1149 766 446 1288 1269 737 587 215 559 784 532 621 563 547 571 809 413 576 813
2825 2835 1373 2700 2886 2806 3013 2760 2541 2807 2676 2526 2808 2840 2856 1439 2621 2816 2916 2938 2847 2205 2690 2637 2843 2863 2421 2450 2765 2611 2755 2649 2931 2475 2887 2896 0 2686 2867 2932 2813 2629 2947 2871 2399 2937 2760 2921 2864 2447 2871 2589 2420 2880 2827 2829 2832 2838 2739 2655 2978 3000 2723 2388 2500 2778 2915 2913 2495 2583 2688 3092 2721 2702 2416 2863 2881 2413 2705 2751 2839 2639 2765 2718 2730 2529 2962 2734
1183 1192 1408 1058 1243 1163 1370 1117 898 1460 1033 359 1165 1197 1213 1475 978 1284 1273 1295 1500 523 1047 97 1201 1357 778 807 1299 969 1112 97 1288 361 1245 1253 2725 0 1520 1289 1170 136 1304 1228 756 1590 1117 1278 1221 447 1524 946 777 1237 1480 1186 1189 1196 1096 1013 1335 1357 1080 388 385 1136 1272 1271 298 119 1045 1468 60 41 773 1515 1238 770 1062 1204 1197 996 1170 1075 1087 886 1599 1091
436 570 1884 574 837 577 708 715 878 78 581 1359 763 546 562 1951 884 375 621 686 42 1038 954 1470 454 352 777 918 324 673 710 1483 679 1309 722 591 2812 1520 0 690 1077 1462 652 566 1072 344 715 627 710 1280 27 697 1092 575 64 755 566 449 449 631 673 696 565 1221 1333 733 709 608 1328 1416 761 500 1554 1535 784 270 576 919 778 361 450 558 376 931 803 774 370 807
705 594 1654 724 516 823 159 322 983 630 699 1128 240 792 808 1721 560 645 868 932 670 808 629 1240 723 448 778 892 594 348 316 1252 499 1078 518 260 2971 1289 690 0 752 1231 899 235 752 760 321 873 145 1050 694 372 829 177 650 156 591 718 631 306 124 147 303 991 1103 409 955 211 1098 1185 865 544 1324 1304 773 685 314 595 883 631 719 662 645 606 907 449 675 911
1092 981 1535 989 666 1095 832 580 864 1017 964 1009 628 1128 1144 1601 227 1031 1204 1261 1057 689 328 1121 1110 835 709 773 981 431 574 1133 633 959 590 716 2852 1170 1077 752 0 1112 1235 691 451 1147 579 1209 683 930 1081 409 529 700 1037 649 978 1105 1018 475 797 820 543 872 984 598 1238 733 979 1066 1011 813 1205 1185 704 1035 701 526 1028 1018 1106 927 1032 394 1053 380 944 1057
1125 1134 1350 1000 1185 1106 1312 1060 840 1403 975 475 1107 1139 1155 1417 920 1227 1215 1237 1442 465 989 213 1143 1299 720 749 1241 911 1054 213 1230 303 1187 1195 2667 136 1462 1231 1112 0 1246 1170 698 1532 1059 1220 1163 390 1466 888 719 1179 1422 1128 1131 1138 1038 955 1277 1300 1023 331 328 1078 1214 1213 414 61 987 1411 171 151 715 1458 1180 712 1005 1146 1139 938 1113 1017 1029 828 1541 1033
316 467 1668 274 1050 277 917 924 629 593 282 1143 972 146 107 1735 1043 417 107 56 633 823 1112 1254 334 584 561 669 432 882 919 1267 971 1093 1014 800 2985 1304 652 899 1235 1246 0 775 856 722 924 84 919 1064 657 906 876 784 613 964 464 329 294 840 882 905 774 1005 1117 943 79 817 1112 1200 458 878 1338 1319 568 648 785 784 302 337 330 328 303 1089 429 900 748 289
582 471 1593 600 455 699 253 330 859 507 575 1067 377 668 684 1660 499 521 744 809 547 747 568 1179 599 324 717 831 470 287 324 1191 376 1017 419 64 2910 1228 566 235 691 1170 775 0 691 636 329 749 255 989 570 311 768 120 527 300 467 594 507 245 218 241 179 930 1042 348 832 153 1037 1124 741 421 1263 1243 712 562 190 534 759 507 596 538 522 545 783 388 551 788
735 744 1121 610 682 716 832 580 450 1012 585 595 628 749 765 1188 259 836 825 847 1052 275 328 707 753 835 330 359 851 431 574 719 648 545 605 716 2438 756 1072 752 451 698 856 691 0 1142 579 830 683 517 1076 409 115 700 1032 649 741 748 648 475 797 820 543 458 570 598 824 733 565 652 597 829 791 771 325 1050 701 322 614 756 749 548 723 394 639 380 959 643
506 640 1954 644 788 647 778 785 948 285 651 1429 833 616 632 2021 954 445 691 756 325 1108 964 1540 524 422 847 988 394 743 780 1553 630 1379 673 661 2882 1590 344 760 1147 1532 722 636 1142 0 785 697 780 1350 349 767 1162 645 305 825 637 519 519 701 743 766 635 1291 1403 803 779 678 1398 1486 831 451 1624 1605 854 221 646 989 848 431 520 628 446 900 873 844 321 877
730 619 1481 748 343 848 402 48 811 655 724 956 198 817 833 1548 387 669 893 957 695 635 456 1067 748 473 606 720 619 176 144 1080 388 906 345 354 2798 1117 715 321 579 1059 924 329 579 785 0 898 253 877 719 200 657 338 675 219 616 743 656 133 367 390 181 818 930 236 980 371 925 1013 890 569 1151 1132 601 710 339 422 908 656 744 687 670 434 932 277 699 936
290 441 1643 248 1024 251 892 899 604 568 256 1117 947 121 81 1710 1017 392 81 118 608 797 1086 1229 308 559 535 644 406 857 893 1241 945 1067 988 775 2960 1278 627 873 1209 1220 84 749 830 697 898 0 893 1039 631 881 851 758 588 938 438 303 268 814 857 879 749 980 1092 917 141 792 1087 1174 486 852 1313 1293 543 623 759 759 363 311 304 302 278 1064 491 875 722 351
725 614 1585 744 447 843 179 254 915 651 719 1060 171 812 828 1652 491 665 888 952 690 739 560 1171 743 468 710 823 614 280 248 1184 492 1010 449 280 2902 1221 710 145 683 1163 919 255 683 780 253 893 0 981 714 304 761 197 670 87 611 738 651 237 144 167 285 922 1034 340 975 231 1029 1117 885 565 1255 1236 705 706 334 526 903 651 740 682 665 538 927 381 695 932
944 953 1169 818 1003 924 1130 878 659 1221 793 409 926 958 973 1236 738 1045 1033 1055 1261 284 808 520 961 1118 539 567 1060 729 872 524 1048 236 1005 1014 2486 447 1280 1050 930 390 1064 989 517 1350 877 1039 981 0 1285 706 537 997 1241 947 949 956 857 773 1095 1118 841 85 261 896 1032 1031 379 344 805 1229 482 463 534 1276 999 531 823 964 958 756 931 835 847 647 1359 852
440 574 1889 578 841 581 713 720 883 82 586 1363 768 550 566 1956 889 380 626 691 46 1043 958 1475 458 357 781 923 329 678 714 1487 684 1313 727 596 2817 1524 27 694 1081 1466 657 570 1076 349 719 631 714 1285 0 702 1097 579 69 759 571 453 454 635 678 700 570 1226 1338 738 714 613 1333 1420 765 505 1559 1540 789 275 580 924 783 366 455 562 380 936 807 779 374 812
713 602 1310 714 326 820 453 201 640 638 689 785 249 800 815 1377 216 652 875 940 678 465 286 897 730 455 435 549 601 72 195 909 371 735 328 336 2627 946 697 372 409 888 906 311 409 767 200 881 304 706 702 0 486 320 658 270 599 726 638 116 418 441 164 647 760 219 963 354 755 842 747 552 981 961 430 693 321 251 764 638 727 653 653 263 789 106 682 793
756 765 1141 630 759 736 910 658 471 1033 605 616 706 770 786 1208 337 857 845 867 1073 296 406 727 773 912 351 380 872 509 652 740 726 566 683 794 2458 777 1092 829 529 719 876 768 115 1162 657 851 761 537 1097 486 0 777 1053 727 762 768 669 553 875 898 621 478 590 676 844 811 585 673 617 907 812 792 346 1088 778 343 635 777 770 569 743 472 660 458 1037 664
590 479 1602 609 464 708 196 338 868 516 584 1076 339 677 693 1668 508 530 753 817 555 756 577 1188 608 333 726 840 479 296 333 1200 385 1026 428 145 2919 1237 575 177 700 1179 784 120 700 645 338 758 197 997 579 320 777 0 535 242 476 603 516 254 161 183 188 939 1051 356 840 71 1046 1133 750 430 1272 1252 721 571 199 542 768 516 605 547 530 554 792 397 560 797
397 530 1845 534 797 537 669 676 839 39 542 1320 724 507 522 1912 845 336 582 647 45 999 914 1431 414 313 737 879 285 634 670 1443 640 1269 683 552 2773 1480 64 650 1037 1422 613 527 1032 305 675 588 670 1241 69 658 1053 535 0 715 527 409 410 591 634 656 526 1182 1294 694 670 569 1289 1377 721 461 1515 1496 745 231 537 880 739 322 411 518 336 892 764 735 330 768
770 659 1551 789 413 888 224 219 880 695 764 1026 137 857 873 1618 457 710 933 997 735 705 526 1137 788 513 675 789 659 245 214 1149 458 975 415 325 2868 1186 755 156 649 1128 964 300 649 825 219 938 87 947 759 270 727 242 715 0 656 783 696 203 189 212 251 888 1000 306 1020 276 995 1083 930 610 1221 1202 670 751 379 492 948 696 785 727 710 504 972 346 740 977
283 81 1554 289 742 388 610 617 548 507 264 1028 665 357 373 1620 786 384 433 497 547 708 855 1140 300 324 446 587 399 575 611 1152 663 978 706 493 2870 1189 566 591 978 1131 464 467 741 637 616 438 611 949 571 599 762 476 527 656 0 295 196 532 575 597 467 891 1003 635 520 510 998 1085 430 708 1224 1204 454 562 477 670 448 303 297 227 270 833 472 675 662 477
38 298 1560 250 869 253 737 744 554 389 258 1035 792 222 238 1627 913 213 298 362 429 715 982 1146 56 381 453 594 228 701 738 1159 790 985 833 619 2794 1196 449 718 1105 1138 329 594 748 519 743 303 738 956 453 726 768 603 409 783 295 0 126 659 702 724 593 897 1009 762 385 637 1004 1092 437 674 1230 1211 460 444 604 677 454 133 53 234 99 960 479 792 544 483
113 199 1461 196 782 218 649 657 455 390 171 936 704 187 203 1528 826 214 263 328 430 615 895 1047 131 364 353 495 229 614 651 1059 703 885 746 532 2778 1096 449 631 1018 1038 294 507 648 519 656 268 651 857 454 638 669 516 410 696 196 126 0 572 614 637 506 798 910 675 351 550 905 993 337 675 1131 1112 361 445 517 577 355 134 127 134 100 872 380 693 545 384
646 535 1377 665 259 764 386 134 706 571 640 852 182 733 749 1444 283 585 809 873 611 531 352 963 664 389 501 615 535 92 128 976 304 801 261 270 2694 1013 631 306 475 955 840 245 475 701 133 814 237 773 635 116 553 254 591 203 532 659 572 0 351 374 97 714 826 152 896 287 821 909 806 485 1047 1028 496 626 255 318 824 572 660 603 586 330 848 173 616 852
689 578 1699 707 561 806 117 368 966 614 682 1174 285 776 791 1766 605 628 851 916 654 854 674 1285 706 431 824 938 577 394 362 1298 483 1124 526 243 3016 1335 673 124 797 1277 882 218 797 743 367 857 144 1095 678 418 875 161 634 189 575 702 614 351 0 104 287 1036 1148 454 939 194 1144 1231 849 528 1370 1350 819 669 297 640 866 614 703 645 629 652 891 495 658 895
711 600 1722 730 584 829 43 390 989 637 705 1197 308 798 814 1789 628 651 874 938 676 876 697 1308 729 454 846 960 600 417 385 1320 506 1146 548 266 3039 1357 696 147 820 1300 905 241 820 766 390 879 167 1118 700 441 898 183 656 212 597 724 637 374 104 0 309 1059 1171 477 961 217 1166 1254 871 551 1392 1373 841 692 320 663 889 637 726 668 651 675 913 517 681 918
581 470 1445 599 307 698 322 182 774 506 574 920 230 668 683 1512 351 520 743 808 546 599 420 1031 598 323 569 683 469 140 176 1043 352 869 309 204 2762 1080 565 303 543 1023 774 179 543 635 181 749 285 841 570 164 621 188 526 251 467 593 506 97 287 309 0 782 894 200 831 222 889 977 740 420 1115 1096 564 561 189 386 758 506 595 537 521 398 783 241 550 787
885 894 1110 759 944 865 1071 819 600 1162 734 350 867 899 914 1177 679 986 974 996 1202 225 749 462 902 1059 480 509 1001 670 813 465 989 177 946 955 2427 388 1221 991 872 331 1005 930 458 1291 818 980 922 85 1226 647 478 939 1182 888 891 897 798 714 1036 1059 782 0 202 837 973 972 320 285 746 1170 423 404 475 1217 940 472 764 906 899 698 872 777 789 588 1300 793
997 1006 1222 871 1056 977 1183 931 712 1274 846 462 979 1011 1026 1289 791 1098 1086 1108 1314 337 861 463 1014 1171 592 621 1113 782 925 462 1101 61 1058 1067 2539 385 1333 1103 984 328 1117 1042 570 1403 930 1092 1034 261 1338 760 590 1051 1294 1000 1003 1009 910 826 1148 1171 894 202 0 949 1085 1084 432 282 858 1282 420 401 587 1329 1052 584 876 1018 1011 810 984 889 901 700 1412 905
749 638 1500 767 287 867 489 237 829 674 742 975 285 836 852 1567 406 688 911 976 714 654 475 1086 767 491 624 738 637 195 231 1099 332 924 289 373 2817 1136 733 409 598 1078 943 348 598 803 236 917 340 896 738 219 676 356 694 306 635 762 675 152 454 477 200 837 949 0 999 390 944 1032 909 513 1170 1151 619 729 358 441 926 674 763 706 689 453 951 296 643 955
372 523 1636 330 1106 333 974 981 590 650 338 1111 1029 203 163 1703 1046 474 163 57 690 791 1115 1222 390 641 574 630 489 939 975 1235 1027 1061 1070 857 2953 1272 709 955 1238 1214 79 832 824 779 980 141 975 1032 714 963 844 840 670 1020 520 385 351 896 939 961 831 973 1085 999 0 874 1081 1168 401 935 1307 1287 582 705 841 798 244 393 387 385 360 1103 372 914 804 232
624 513 1635 642 497 742 229 372 901 549 617 1110 372 711 727 1702 541 563 786 851 589 789 610 1221 642 366 759 873 512 330 366 1234 418 1059 461 179 2952 1271 608 211 733 1213 817 153 733 678 371 792 231 1031 613 354 811 71 569 276 510 637 550 287 194 217 222 972 1084 390 874 0 1079 1167 784 463 1305 1286 754 604 232 576 801 549 638 581 564 588 826 431 594 830
992 1001 1217 866 1051 972 1179 926 707 1269 841 133 974 1006 1022 1284 787 1093 1081 1104 1309 332 856 214 1009 1166 587 616 1108 777 920 226 1096 407 1053 1062 2534 298 1328 1098 979 414 1112 1037 565 1398 925 1087 1029 379 1333 755 585 1046 1289 995 998 1004 905 821 1144 1166 889 320 432 944 1081 1079 0 397 853 1277 332 318 582 1324 1047 579 871 1013 1006 805 979 884 896 695 1408 900
1079 1088 1304 954 1139 1060 1266 1014 794 1357 929 458 1062 1093 1109 1371 874 1181 1169 1191 1397 419 943 196 1097 1254 674 703 1195 865 1008 195 1184 257 1141 1149 2621 119 1416 1185 1066 61 1200 1124 652 1486 1013 1174 1117 344 1420 842 673 1133 1377 1083 1085 1092 993 909 1231 1254 977 285 282 1032 1168 1167 397 0 941 1365 153 134 669 1412 1134 666 959 1100 1093 892 1067 971 983 782 1495 987
424 433 1409 266 1016 372 884 891 363 701 241 884 939 405 421 1476 819 525 481 424 741 564 888 995 442 598 347 403 540 769 885 1008 937 834 980 766 2726 1045 761 865 1011 987 458 741 597 831 890 486 885 805 765 747 617 750 721 930 430 437 337 806 849 871 740 746 858 909 401 784 853 941 0 982 1080 1060 355 757 751 571 191 445 438 237 412 876 263 687 856 220
661 711 1833 799 362 802 563 570 1099 441 807 1308 618 771 787 1900 637 601 847 912 481 987 539 1419 679 565 957 1071 550 527 564 1431 205 1257 248 446 3038 1468 500 544 813 1411 878 421 829 451 569 852 565 1229 505 552 907 430 461 610 708 674 675 485 528 551 420 1170 1282 513 935 463 1277 1365 982 0 1503 1484 952 247 357 774 1000 587 676 779 601 475 1024 628 156 1028
1218 1227 1443 1092 1277 1198 1405 1152 933 1495 1067 393 1200 1232 1248 1510 1013 1319 1307 1330 1535 558 1082 132 1235 1392 813 842 1334 1003 1146 131 1322 396 1279 1288 2760 60 1554 1324 1205 171 1338 1263 791 1624 1151 1313 1255 482 1559 981 812 1272 1515 1221 1224 1230 1131 1047 1370 1392 1115 423 420 1170 1307 1305 332 153 1080 1503 0 76 808 1550 1273 805 1097 1239 1232 1031 1205 1110 1122 921 1634 1126
1198 1207 1424 1073 1258 1179 1385 1133 913 1476 1048 379 1181 1212 1228 1490 993 1300 1288 1310 1516 538 1062 117 1216 1373 794 822 1314 984 1127 117 1303 376 1260 1269 2740 41 1535 1304 1185 151 1319 1243 771 1605 1132 1293 1236 463 1540 961 792 1252 1496 1202 1204 1211 1112 1028 1350 1373 1096 404 401 1151 1287 1286 318 134 1060 1484 76 0 789 1531 1253 785 1078 1219 1213 1011 1186 1090 1102 901 1614 1107
448 457 1138 322 727 428 854 601 467 725 297 612 649 462 478 1205 512 549 537 602 765 292 581 724 465 622 55 376 564 452 596 736 772 562 728 737 2455 773 784 773 704 715 568 712 325 854 601 543 705 534 789 430 346 721 745 670 454 460 361 496 819 841 564 475 587 619 582 754 582 669 355 952 808 789 0 780 722 254 372 469 462 261 435 559 397 370 880 401
432 565 1880 569 584 573 704 711 874 211 577 1355 759 542 558 1947 858 371 617 682 251 1034 760 1466 449 348 772 914 320 669 705 1478 426 1304 469 587 2808 1515 270 685 1035 1458 648 562 1050 221 710 623 706 1276 275 693 1088 571 231 751 562 444 445 626 669 692 561 1217 1329 729 705 604 1324 1412 757 247 1550 1531 780 0 572 915 774 357 446 553 372 697 799 770 172 803
592 480 1603 610 465 709 332 339 869 517 585 1077 387 678 694 1670 509 531 754 818 557 757 578 1189 609 334 727 841 480 297 334 1201 312 1027 355 215 2920 1238 576 314 701 1180 785 190 701 646 339 759 334 999 580 321 778 199 537 379 477 604 517 255 297 320 189 940 1052 358 841 232 1047 1134 751 357 1273 1253 722 572 0 544 769 517 606 548 531 555 793 398 487 798
664 673 1135 538 548 644 675 423 464 860 514 609 471 678 694 1202 334 765 753 818 900 289 403 721 681 677 259 373 780 274 417 733 593 559 550 559 2452 770 919 595 526 712 784 534 322 989 422 759 526 531 924 251 343 542 880 492 670 677 577 318 640 663 386 472 584 441 798 576 579 666 571 774 805 785 254 915 544 0 588 685 678 477 651 380 613 192 904 617
442 451 1427 283 1034 389 901 908 381 719 259 902 956 423 386 1494 836 543 386 267 759 581 905 1013 459 616 364 421 558 787 903 1025 954 851 997 784 2744 1062 778 883 1028 1005 302 759 614 848 908 363 903 823 783 764 635 768 739 948 448 454 355 824 866 889 758 764 876 926 244 801 871 959 191 1000 1097 1078 372 774 769 588 0 463 456 255 429 893 163 704 874 64
120 307 1569 258 782 261 649 656 562 302 266 1043 704 230 246 1635 825 97 306 370 342 723 895 1155 138 293 461 602 141 614 651 1167 703 993 745 532 2707 1204 361 631 1018 1146 337 507 756 431 656 311 651 964 366 638 777 516 322 696 303 133 134 572 614 637 506 906 1018 674 393 549 1013 1100 445 587 1239 1219 469 357 517 685 463 0 134 242 60 872 487 715 457 491
40 300 1562 251 870 254 738 745 556 391 259 1036 793 223 239 1629 914 215 299 364 431 716 983 1148 58 382 454 596 229 703 739 1160 791 986 834 621 2796 1197 450 719 1106 1139 330 596 749 520 744 304 740 958 455 727 770 605 411 785 297 53 127 660 703 726 595 899 1011 763 387 638 1006 1093 438 676 1232 1213 462 446 606 678 456 134 0 235 101 961 480 794 545 485
221 230 1361 82 813 188 680 688 355 498 57 835 735 221 237 1427 735 322 297 362 538 515 804 947 239 395 253 394 337 645 682 959 734 785 777 563 2678 996 558 662 927 938 328 538 548 628 687 302 682 756 562 653 569 547 518 727 227 234 134 603 645 668 537 698 810 706 385 581 805 892 237 779 1031 1011 261 553 548 477 255 242 235 0 208 782 279 593 653 284
87 273 1535 224 796 228 664 671 529 317 232 1010 719 197 213 1602 840 141 272 337 356 689 909 1121 104 308 427 569 155 629 665 1133 717 959 760 547 2721 1170 376 645 1032 1113 303 522 723 446 670 278 665 931 380 653 743 530 336 710 270 99 100 586 629 651 521 872 984 689 360 564 979 1067 412 601 1205 1186 435 372 531 651 429 60 101 208 0 887 454 730 471 458
947 836 1440 843 328 949 687 435 769 872 818 914 483 983 999 1506 202 886 1058 1123 912 594 168 1026 965 689 564 678 835 286 429 1038 294 864 251 571 2757 1075 931 606 394 1017 1089 545 394 900 434 1064 538 835 936 263 472 554 892 504 833 960 872 330 652 675 398 777 889 453 1103 588 884 971 876 475 1110 1090 559 697 555 380 893 872 961 782 887 0 918 235 605 922
466 475 1452 308 1058 414 926 933 405 744 283 926 981 447 463 1518 861 568 514 395 784 606 930 1038 484 641 389 445 582 811 927 1050 979 876 1022 809 2768 1087 803 907 1053 1029 429 783 639 873 932 491 927 847 807 789 660 792 764 972 472 479 380 848 891 913 783 789 901 951 372 826 896 983 263 1024 1122 1102 397 799 793 613 163 487 480 279 454 918 0 729 898 192
780 679 1251 654 403 760 530 277 580 715 629 725 325 794 810 1317 188 729 869 934 755 405 257 837 797 532 375 489 678 129 272 849 448 675 405 413 2568 886 774 449 380 828 900 388 380 844 277 875 381 647 779 106 458 397 735 346 675 792 693 173 495 517 241 588 700 296 914 431 695 782 687 628 921 901 370 770 398 192 704 715 794 593 730 235 729 0 759 733
531 665 1963 669 493 672 693 700 974 310 677 1438 748 641 657 2030 767 470 717 781 350 1118 669 1549 549 448 872 1013 420 658 694 1562 335 1388 378 576 2907 1599 370 675 944 1541 748 551 959 321 699 722 695 1359 374 682 1037 560 330 740 662 544 545 616 658 681 550 1300 1412 643 804 594 1408 1495 856 156 1634 1614 880 172 487 904 874 457 545 653 471 605 898 759 0 903
471 480 1456 312 1062 418 930 937 410 748 287 930 985 413 374 1523 865 572 374 255 788 610 934 1042 488 645 393 450 587 816 931 1054 983 880 1026 813 2773 1091 807 911 1057 1033 289 788 643 877 936 351 932 852 812 793 664 797 768 977 477 483 384 852 895 918 787 793 905 955 232 830 900 987 220 1028 1126 1107 401 803 798 617 64 491 485 284 458 922 192 733 903 0
EOF