NAME : tsp_problem
TYPE : TSP
DIMENSION : 60
EDGE_WEIGHT_TYPE : EXPLICIT
EDGE_WEIGHT_FORMAT : FULL_MATRIX
EDGE_WEIGHT_SECTION
0 47 251 203 780 359 424 284 804 1371 627 1057 818 312 626 748 478 186 434 433 461 314 203 488 467 47 784 366 549 372 735 289 523 925 1029 886 423 1035 2877 1140 1610 637 443 398 652 642 548 631 1154 430 787 304 646 594 604 2974 581 626 275 911
47 0 255 208 785 363 429 289 808 1375 632 1062 822 317 631 753 483 191 438 438 466 318 207 493 472 52 789 371 553 377 740 294 527 930 1034 891 427 1040 2881 1144 1615 642 448 403 657 647 552 636 1159 434 792 308 651 599 609 2979 585 630 280 916
251 255 0 66 571 127 192 242 774 1139 597 825 788 351 596 517 614 144 404 202 431 271 160 257 437 256 552 135 317 140 705 329 291 716 798 856 558 804 3012 908 1379 607 212 166 622 612 518 601 923 565 757 261 781 564 574 3109 716 394 100 679
203 208 66 0 617 174 239 194 726 1186 550 872 741 340 549 564 566 97 357 249 384 224 113 304 390 209 599 181 364 187 658 318 338 762 844 809 511 850 2965 955 1426 560 259 213 575 565 471 554 970 518 710 214 734 517 527 3062 669 441 90 726
780 785 571 617 0 530 596 651 325 1080 408 766 339 903 408 425 791 624 403 405 345 637 610 757 351 786 493 470 593 465 256 880 791 188 738 373 735 744 3300 849 1320 418 712 439 152 424 257 413 864 742 308 627 634 375 385 3398 893 335 601 205
359 363 127 174 530 0 89 350 812 1099 705 785 826 459 704 477 722 252 512 161 539 379 268 314 545 364 512 94 374 100 743 437 348 675 757 861 666 763 3120 868 1338 715 269 126 639 720 626 709 883 673 796 369 889 672 682 3218 824 354 157 639
424 429 192 239 596 89 0 415 877 1164 770 850 891 524 770 542 787 317 577 227 605 445 333 379 610 429 577 159 439 165 809 502 413 740 822 926 731 828 3185 933 1404 780 334 191 704 786 691 775 948 738 861 435 955 737 747 3283 889 419 222 704
284 289 242 194 651 350 415 0 675 1362 498 1048 689 445 497 739 594 115 305 424 332 172 101 479 338 289 775 357 540 363 606 422 514 796 1020 757 538 1026 3045 1131 1601 508 434 389 523 513 419 502 1145 546 658 162 724 465 475 3143 696 617 266 814
804 808 774 726 325 812 877 675 0 1361 430 1048 156 977 431 707 620 647 426 686 369 660 633 1011 374 809 775 752 875 747 279 954 1045 426 1020 224 669 1026 3323 1130 1601 442 966 721 196 447 280 436 1145 766 126 650 451 399 408 3421 916 617 798 487
1371 1375 1139 1186 1080 1099 1164 1362 1361 0 1445 1089 1376 1471 1444 941 1734 1264 1440 973 1382 1391 1280 1280 1388 1376 816 1038 1076 1033 1293 1449 1315 1225 1061 1410 1678 1067 3433 1172 418 1455 1235 1008 1189 1460 1294 1449 1186 1685 1345 1381 1670 1412 1422 3531 1836 785 1160 1103
627 632 597 550 408 705 770 498 430 1445 0 1131 444 800 254 790 443 470 250 770 192 484 457 835 198 632 858 712 895 718 363 778 869 509 1103 307 492 1109 3147 1214 1685 265 790 744 280 270 175 259 1229 589 413 474 274 148 231 3244 740 700 621 570
1057 1062 825 872 766 785 850 1048 1048 1089 1131 0 1062 1157 1131 627 1420 950 1126 660 1068 1078 967 967 1074 1062 316 725 763 720 979 1135 1001 911 344 1096 1364 338 3818 236 1329 1142 922 694 875 1147 980 1136 117 1371 1031 1068 1357 1098 1108 3916 1522 471 846 790
818 822 788 741 339 826 891 689 156 1376 444 1062 0 991 445 721 634 661 441 700 383 674 647 1025 388 823 789 766 889 761 293 968 1060 440 1034 239 683 1040 3337 1145 1615 456 980 735 210 461 294 450 1159 780 92 664 465 413 422 3435 930 631 812 501
312 317 351 340 903 459 524 445 977 1471 800 1157 991 0 800 849 675 347 607 534 635 474 363 455 640 317 884 466 616 472 908 63 345 1048 1130 1059 619 1136 3073 1240 1711 810 481 498 825 816 721 805 1255 626 960 465 843 767 777 3171 777 726 328 1011
626 631 596 549 408 704 770 497 431 1444 254 1131 445 800 0 790 637 470 249 769 191 483 456 834 197 632 858 712 894 718 362 777 868 552 1103 513 581 1109 3146 1213 1684 47 789 744 279 52 175 41 1228 588 414 473 480 221 162 3244 739 699 621 570
748 753 517 564 425 477 542 739 707 941 790 627 721 849 790 0 1083 642 786 351 728 769 658 658 733 754 354 416 454 411 638 826 692 427 599 610 1056 605 3510 710 1181 801 613 385 534 806 639 795 725 1063 691 759 914 758 767 3607 1214 196 538 268
478 483 614 566 791 722 787 594 620 1734 443 1420 634 675 637 1083 0 549 444 796 472 580 553 851 478 484 1147 729 912 735 746 652 885 699 1392 497 94 1398 2934 1503 1973 648 806 761 663 653 558 642 1517 295 604 570 194 543 614 3031 327 989 638 863
186 191 144 97 624 252 317 115 647 1264 470 950 661 347 470 642 549 0 277 327 305 145 34 382 311 192 677 259 442 265 579 325 416 769 922 729 493 928 2948 1033 1504 481 337 291 496 486 391 475 1048 501 631 135 696 438 447 3045 651 519 169 786
434 438 404 357 403 512 577 305 426 1440 250 1126 441 607 249 786 444 277 0 586 84 290 264 641 90 439 853 519 702 525 358 584 676 548 1099 509 389 1105 2953 1209 1680 260 597 551 275 265 171 254 1224 396 410 280 476 217 227 3051 547 695 428 566
433 438 202 249 405 161 227 424 686 973 770 660 700 534 769 351 796 327 586 0 614 454 343 388 620 439 386 101 448 96 618 511 422 550 632 735 740 638 3195 742 1213 780 343 70 513 785 619 774 757 748 670 444 964 737 747 3292 898 228 232 514
461 466 431 384 345 539 605 332 369 1382 192 1068 383 635 191 728 472 305 84 614 0 318 291 669 55 467 795 547 729 553 300 612 703 490 1041 451 416 1047 2981 1151 1622 202 624 579 217 207 113 196 1166 423 352 308 418 159 169 3079 574 637 456 508
314 318 271 224 637 379 445 172 660 1391 484 1078 674 474 483 769 580 145 290 454 318 0 131 509 324 319 805 387 569 392 592 452 543 782 1050 742 524 1056 3075 1160 1631 494 464 419 509 499 404 488 1175 531 644 29 709 451 460 3172 682 646 296 799
203 207 160 113 610 268 333 101 633 1280 457 967 647 363 456 658 553 34 264 343 291 131 0 398 297 208 694 276 458 281 565 341 432 755 939 716 497 945 2964 1049 1520 467 353 308 482 472 378 461 1064 504 617 121 683 424 434 3061 655 535 185 773
488 493 257 304 757 314 379 479 1011 1280 835 967 1025 455 834 658 851 382 641 388 669 509 398 0 675 494 694 321 418 327 943 496 249 902 939 1087 796 945 3250 1049 1520 845 288 353 860 850 755 839 1064 803 995 499 1019 802 812 3347 953 535 238 821
467 472 437 390 351 545 610 338 374 1388 198 1074 388 640 197 733 478 311 90 620 55 324 297 675 0 472 801 552 735 558 306 618 709 496 1046 456 422 1052 2987 1157 1628 208 630 584 223 213 118 202 1172 429 358 314 423 165 174 3084 580 643 462 513
47 52 256 209 786 364 429 289 809 1376 632 1062 823 317 632 754 484 192 439 439 467 319 208 494 472 0 789 371 554 377 740 295 528 931 1035 891 428 1041 2882 1145 1616 643 449 403 657 648 553 637 1160 435 793 309 652 600 609 2980 586 631 281 916
784 789 552 599 493 512 577 775 775 816 858 316 789 884 858 354 1147 677 853 386 795 805 694 694 801 789 0 452 490 447 706 862 728 638 287 823 1091 293 3545 397 1056 868 649 421 602 874 707 863 413 1098 758 795 1084 825 835 3643 1249 198 573 517
366 371 135 181 470 94 159 357 752 1038 712 725 766 466 712 416 729 259 519 101 547 387 276 321 552 371 452 0 381 40 683 444 355 615 697 800 673 703 3127 807 1278 723 276 66 579 728 633 717 822 680 735 377 897 680 689 3225 831 293 165 579
549 553 317 364 593 374 439 540 875 1076 895 763 889 616 894 454 912 442 702 448 729 569 458 418 735 554 490 381 0 387 806 594 452 738 735 923 856 741 3310 845 1316 905 373 413 702 910 807 899 860 863 858 559 1079 862 872 3407 1014 331 298 617
372 377 140 187 465 100 165 363 747 1033 718 720 761 472 718 411 735 265 525 96 553 392 281 327 558 377 447 40 387 0 678 450 361 610 692 795 679 698 3133 802 1273 728 282 61 574 734 639 723 817 686 730 383 903 685 695 3231 837 288 170 574
735 740 705 658 256 743 809 606 279 1293 363 979 293 908 362 638 746 579 358 618 300 592 565 943 306 740 706 683 806 678 0 886 977 401 951 362 690 957 3255 1062 1533 373 898 652 128 378 212 367 1077 697 263 582 588 330 340 3352 848 548 730 419
289 294 329 318 880 437 502 422 954 1449 778 1135 968 63 777 826 652 325 584 511 612 452 341 496 618 295 862 444 594 450 886 0 386 1025 1107 1037 597 1113 3051 1218 1688 788 489 476 803 793 698 782 1232 604 938 442 820 745 755 3148 754 704 306 989
523 527 291 338 791 348 413 514 1045 1315 869 1001 1060 345 868 692 885 416 676 422 703 543 432 249 709 528 728 355 452 361 977 386 0 936 973 1122 830 979 3284 1084 1554 879 275 387 894 884 790 873 1098 837 1029 533 1053 836 846 3381 988 570 272 855
925 930 716 762 188 675 740 796 426 1225 509 911 440 1048 552 427 699 769 548 550 490 782 755 902 496 931 638 615 738 610 401 1025 936 0 883 226 748 889 3445 994 1464 563 857 584 297 568 402 558 1009 887 410 772 530 520 530 3543 999 480 746 207
1029 1034 798 844 738 757 822 1020 1020 1061 1103 344 1034 1130 1103 599 1392 922 1099 632 1041 1050 939 939 1046 1035 287 697 735 692 951 1107 973 883 0 1069 1336 35 3790 124 1301 1114 894 666 847 1119 952 1108 246 1343 1004 1040 1329 1071 1080 3888 1494 443 819 762
886 891 856 809 373 861 926 757 224 1410 307 1096 239 1059 513 610 497 729 509 735 451 742 716 1087 456 891 823 800 923 795 362 1037 1122 226 1069 0 546 1075 3405 1179 1650 524 1042 769 279 529 363 518 1194 766 208 733 328 407 490 3502 797 665 880 390
423 427 558 511 735 666 731 538 669 1678 492 1364 683 619 581 1056 94 493 389 740 416 524 497 796 422 428 1091 673 856 679 690 597 830 748 1336 546 0 1342 2878 1447 1918 592 751 705 607 597 503 586 1462 239 653 514 243 549 559 2976 271 933 582 898
1035 1040 804 850 744 763 828 1026 1026 1067 1109 338 1040 1136 1109 605 1398 928 1105 638 1047 1056 945 945 1052 1041 293 703 741 698 957 1113 979 889 35 1075 1342 0 3796 118 1307 1120 900 672 853 1125 958 1114 240 1349 1010 1046 1335 1077 1086 3894 1500 449 825 768
2897 2902 3032 2985 3331 3140 3205 3065 3354 3507 3178 3838 3369 3093 3177 3530 2965 2968 2985 3215 3012 3095 2984 3270 3018 2902 3565 3148 3330 3153 3286 3071 3304 3476 3811 3436 2909 3817 0 3921 3292 3188 3225 3179 3203 3193 3099 3182 3936 2916 3338 3085 3133 3145 3155 130 3067 3407 3057 3494
1140 1144 908 955 849 868 933 1131 1130 1172 1214 236 1145 1240 1213 710 1503 1033 1209 742 1151 1160 1049 1049 1157 1145 397 807 845 802 1062 1218 1084 994 124 1179 1447 118 3901 0 1411 1224 1004 777 957 1229 1063 1218 138 1454 1114 1150 1439 1181 1191 3999 1605 554 929 872
1610 1615 1379 1426 1320 1338 1404 1601 1601 418 1685 1329 1615 1711 1684 1181 1973 1504 1680 1213 1622 1631 1520 1520 1628 1616 1056 1278 1316 1273 1533 1688 1554 1464 1301 1650 1918 1307 3219 1411 0 1695 1475 1247 1428 1700 1533 1689 1426 1925 1585 1621 1910 1652 1661 3316 2075 1024 1400 1343
637 642 607 560 418 715 780 508 442 1455 265 1142 456 810 47 801 648 481 260 780 202 494 467 845 208 643 868 723 905 728 373 788 879 563 1114 524 592 1120 3157 1224 1695 0 800 755 290 63 186 52 1239 599 425 484 491 232 173 3255 750 710 632 581
443 448 212 259 712 269 334 434 966 1235 790 922 980 481 789 613 806 337 597 343 624 464 353 288 630 449 649 276 373 282 898 489 275 857 894 1042 751 900 3205 1004 1475 800 0 308 815 805 711 794 1019 758 950 454 974 757 767 3302 908 491 193 776
398 403 166 213 439 126 191 389 721 1008 744 694 735 498 744 385 761 291 551 70 579 419 308 353 584 403 421 66 413 61 652 476 387 584 666 769 705 672 3159 777 1247 755 308 0 548 760 653 749 791 712 704 409 929 712 721 3257 863 263 196 548
652 657 622 575 152 639 704 523 196 1189 280 875 210 825 279 534 663 496 275 513 217 509 482 860 223 657 602 579 702 574 128 803 894 297 847 279 607 853 3172 957 1428 290 815 548 0 295 129 284 972 614 180 499 505 247 257 3269 765 444 647 314
642 647 612 565 424 720 786 513 447 1460 270 1147 461 816 52 806 653 486 265 785 207 499 472 850 213 648 874 728 910 734 378 793 884 568 1119 529 597 1125 3162 1229 1700 63 805 760 295 0 191 57 1244 605 430 489 496 237 178 3260 755 715 637 586
548 552 518 471 257 626 691 419 280 1294 175 980 294 721 175 639 558 391 171 619 113 404 378 755 118 553 707 633 807 639 212 698 790 402 952 363 503 958 3067 1063 1533 186 711 653 129 191 0 180 1078 510 264 394 401 143 152 3165 660 549 542 419
631 636 601 554 413 709 775 502 436 1449 259 1136 450 805 41 795 642 475 254 774 196 488 461 839 202 637 863 717 899 723 367 782 873 558 1108 518 586 1114 3151 1218 1689 52 794 749 284 57 180 0 1233 594 419 478 485 226 167 3249 744 705 626 575
1154 1159 923 970 864 883 948 1145 1145 1186 1229 117 1159 1255 1228 725 1517 1048 1224 757 1166 1175 1064 1064 1172 1160 413 822 860 817 1077 1232 1098 1009 246 1194 1462 240 3916 138 1426 1239 1019 791 972 1244 1078 1233 0 1469 1129 1165 1454 1196 1206 4013 1619 568 944 887
430 434 565 518 742 673 738 546 766 1685 589 1371 780 626 588 1063 295 501 396 748 423 531 504 803 429 435 1098 680 863 686 697 604 837 887 1343 766 239 1349 2885 1454 1925 599 758 712 614 605 510 594 1469 0 749 521 463 556 566 2983 397 940 589 905
787 792 757 710 308 796 861 658 126 1345 413 1031 92 960 414 691 604 631 410 670 352 644 617 995 358 793 758 735 858 730 263 938 1029 410 1004 208 653 1010 3307 1114 1585 425 950 704 180 430 264 419 1129 749 0 634 435 382 392 3405 900 600 782 471
304 308 261 214 627 369 435 162 650 1381 474 1068 664 465 473 759 570 135 280 444 308 29 121 499 314 309 795 377 559 383 582 442 533 772 1040 733 514 1046 3065 1150 1621 484 454 409 499 489 394 478 1165 521 634 0 700 441 451 3163 672 637 286 790
646 651 781 734 634 889 955 724 451 1670 274 1357 465 843 480 914 194 696 476 964 418 709 683 1019 423 652 1084 897 1079 903 588 820 1053 530 1329 328 243 1335 3102 1439 1910 491 974 929 505 496 401 485 1454 463 435 700 0 374 457 3199 494 925 806 694
594 599 564 517 375 672 737 465 399 1412 148 1098 413 767 221 758 543 438 217 737 159 451 424 802 165 600 825 680 862 685 330 745 836 520 1071 407 549 1077 3114 1181 1652 232 757 712 247 237 143 226 1196 556 382 441 374 0 199 3212 707 667 589 538
604 609 574 527 385 682 747 475 408 1422 231 1108 422 777 162 767 614 447 227 747 169 460 434 812 174 609 835 689 872 695 340 755 846 530 1080 490 559 1086 3124 1191 1661 173 767 721 257 178 152 167 1206 566 392 451 457 199 0 3221 717 677 598 547
2995 2999 3130 3083 3429 3238 3303 3163 3452 3604 3275 3936 3466 3191 3275 3628 3062 3065 3082 3312 3110 3193 3082 3367 3115 3000 3663 3245 3428 3251 3384 3169 3402 3574 3908 3533 3007 3914 130 4019 3390 3286 3323 3277 3301 3291 3196 3280 4034 3014 3436 3183 3230 3243 3252 0 3165 3505 3154 3591
581 585 716 669 893 824 889 696 916 1836 740 1522 930 777 739 1214 327 651 547 898 574 682 655 953 580 586 1249 831 1014 837 848 754 988 999 1494 797 271 1500 3036 1605 2075 750 908 863 765 755 660 744 1619 397 900 672 494 707 717 3133 0 1091 740 1056
626 630 394 441 335 354 419 617 617 785 700 471 631 726 699 196 989 519 695 228 637 646 535 535 643 631 198 293 331 288 548 704 570 480 443 665 933 449 3387 554 1024 710 491 263 444 715 549 705 568 940 600 637 925 667 677 3485 1091 0 415 359
275 280 100 90 601 157 222 266 798 1160 621 846 812 328 621 538 638 169 428 232 456 296 185 238 462 281 573 165 298 170 730 306 272 746 819 880 582 825 3036 929 1400 632 193 196 647 637 542 626 944 589 782 286 806 589 598 3134 740 415 0 700
911 916 679 726 205 639 704 814 487 1103 570 790 501 1011 570 268 863 786 566 514 508 799 773 821 513 916 517 579 617 574 419 989 855 207 762 390 898 768 3463 872 1343 581 776 548 314 586 419 575 887 905 471 790 694 538 547 3560 1056 359 700 0
EOF