NAME : tsp_problem
TYPE : TSP
DIMENSION : 24
EDGE_WEIGHT_TYPE : EXPLICIT
EDGE_WEIGHT_FORMAT : FULL_MATRIX
EDGE_WEIGHT_SECTION
0 521 722 669 577 254 771 674 98 279 451 687 662 566 639 546 791 125 679 638 297 400 608 864
521 0 889 257 364 660 379 533 538 685 618 287 252 58 344 405 958 531 239 312 790 547 313 471
722 889 0 714 1052 948 781 1273 706 973 353 741 708 933 694 1145 365 818 926 999 769 1094 663 873
669 257 714 0 420 848 164 642 653 874 443 128 22 302 178 514 784 719 295 368 766 735 147 257
577 364 1052 420 0 715 542 344 594 741 781 450 415 409 507 216 1121 586 225 96 845 603 476 634
254 660 948 848 715 0 970 808 271 85 677 878 843 705 865 680 1017 263 818 776 499 539 834 1062
771 379 781 164 542 970 0 763 756 995 510 231 158 423 281 635 850 841 417 489 859 857 250 125
674 533 1273 642 344 808 763 0 691 834 1003 671 636 578 729 151 1343 683 446 405 943 700 697 856
98 538 706 653 594 271 756 691 0 296 435 671 646 583 624 563 775 142 696 655 281 418 592 848
279 685 973 874 741 85 995 834 296 0 702 903 868 730 891 706 1043 289 843 802 524 565 860 1088
451 618 353 443 781 677 510 1003 435 702 0 470 437 663 423 875 422 548 656 728 498 824 392 602
687 287 741 128 450 878 231 671 671 903 470 0 122 331 196 543 810 749 324 397 784 765 165 324
662 252 708 22 415 843 158 636 646 868 437 122 0 296 172 508 777 714 290 362 760 730 141 250
566 58 933 302 409 705 423 578 583 730 663 331 296 0 389 450 1003 575 284 356 835 592 357 516
639 344 694 178 507 865 281 729 624 891 423 196 172 389 0 600 763 736 382 454 737 822 54 374
546 405 1145 514 216 680 635 151 563 706 875 543 508 450 600 0 1215 555 318 277 814 572 569 728
791 958 365 784 1121 1017 850 1343 775 1043 422 810 777 1003 763 1215 0 888 996 1069 838 1164 732 942
125 531 818 719 586 263 841 683 142 289 548 749 714 575 736 555 888 0 689 647 393 342 705 933
679 239 926 295 225 818 417 446 696 843 656 324 290 284 382 318 996 689 0 172 948 705 351 509
638 312 999 368 96 776 489 405 655 802 728 397 362 356 454 277 1069 647 172 0 906 664 423 582
297 790 769 766 845 499 859 943 281 524 498 784 760 835 737 814 838 393 948 906 0 669 706 951
400 547 1094 735 603 539 857 700 418 565 824 765 730 592 822 572 1164 342 705 664 669 0 791 950
608 313 663 147 476 834 250 697 592 860 392 165 141 357 54 569 732 705 351 423 706 791 0 342
864 471 873 257 634 1062 125 856 848 1088 602 324 250 516 374 728 942 933 509 582 951 950 342 0
EOF