NAME : tsp_problem
TYPE : TSP
DIMENSION : 34
EDGE_WEIGHT_TYPE : EXPLICIT
EDGE_WEIGHT_FORMAT : FULL_MATRIX
EDGE_WEIGHT_SECTION
0 564 1512 595 615 134 464 545 826 536 891 430 941 375 676 598 142 391 417 901 722 812 229 403 674 337 325 222 439 466 325 3446 205 501
564 0 1496 578 360 650 540 156 603 1051 874 946 924 785 160 1114 658 907 365 884 514 387 592 479 466 852 828 737 323 414 828 3436 721 243
1512 1496 0 938 1808 1398 1655 1477 1448 1422 1017 1542 1067 1173 1481 1484 1490 1503 1608 1027 1173 1434 1653 1594 1234 1372 1497 1394 1630 1529 1497 2217 1326 1433
595 578 938 0 890 481 738 559 581 549 317 624 367 256 564 612 573 585 691 327 313 567 736 677 373 460 580 476 713 612 580 2879 408 515
615 360 1808 890 0 701 594 468 837 1023 1186 776 1237 862 394 975 709 736 339 1197 748 621 439 532 700 824 635 632 297 596 635 3551 692 555
134 650 1398 481 701 0 550 631 911 421 776 316 827 261 762 484 112 277 502 787 772 897 315 488 759 223 211 108 525 552 211 3339 91 587
464 540 1655 738 594 550 0 521 802 951 1034 846 1084 791 653 1014 558 807 393 1044 698 788 492 244 650 753 729 638 416 156 729 3596 621 477
545 156 1477 559 468 631 521 0 623 1032 855 927 905 766 268 1095 639 888 473 865 519 495 573 460 471 834 810 718 431 395 810 3417 702 224
826 603 1448 581 837 911 802 623 0 1071 827 1157 877 788 466 1134 919 1117 755 837 310 237 854 741 262 992 1090 999 777 676 1090 3389 940 579
536 1051 1422 549 1023 421 951 1032 1071 0 800 396 850 330 1064 83 514 357 903 810 796 1057 676 889 857 355 520 417 926 953 520 3362 349 988
891 874 1017 317 1186 776 1034 855 827 800 0 920 91 552 859 863 869 881 986 170 551 813 1031 972 612 750 875 772 1009 908 875 2957 704 811
430 946 1542 624 776 316 846 927 1157 396 920 0 970 405 1058 334 409 78 798 930 916 1142 429 784 977 319 273 235 821 848 273 3482 295 883
941 924 1067 367 1237 827 1084 905 877 850 91 970 0 602 910 913 919 931 1037 221 602 863 1082 1023 662 801 926 822 1059 958 926 3007 754 861
375 785 1173 256 862 261 791 766 788 330 552 405 602 0 770 393 353 366 743 562 548 774 516 729 608 240 360 257 766 793 360 3114 189 722
676 160 1481 564 394 762 653 268 466 1064 859 1058 910 770 0 1127 770 1019 399 870 378 250 704 591 330 965 941 850 357 527 941 3422 833 355
598 1114 1484 612 975 484 1014 1095 1134 83 863 334 913 393 1127 0 576 295 966 873 859 1120 629 952 919 418 473 434 989 1016 473 3425 412 1051
142 658 1490 573 709 112 558 639 919 514 869 409 919 353 770 576 0 369 510 879 816 905 323 496 767 315 303 200 533 560 303 3431 183 595
391 907 1503 585 736 277 807 888 1117 357 881 78 931 366 1019 295 369 0 759 891 877 1103 390 745 938 280 234 196 782 809 234 3443 256 844
417 365 1608 691 339 502 393 473 755 903 986 798 1037 743 399 966 510 759 0 997 651 626 445 331 603 705 681 590 161 395 681 3549 573 430
901 884 1027 327 1197 787 1044 865 837 810 170 930 221 562 870 873 879 891 997 0 562 823 1042 983 622 760 886 782 1019 918 886 2967 714 821
722 514 1173 313 748 772 698 519 310 796 551 916 602 548 378 859 816 877 651 562 0 296 750 637 95 746 871 768 673 572 871 3114 700 475
812 387 1434 567 621 897 788 495 237 1057 813 1142 863 774 250 1120 905 1103 626 823 296 0 840 726 248 978 1076 985 584 662 1076 3375 926 565
229 592 1653 736 439 315 492 573 854 676 1031 429 1082 516 704 629 323 390 445 1042 750 840 0 431 702 478 289 286 467 494 289 3269 346 529
403 479 1594 677 532 488 244 460 741 889 972 784 1023 729 591 952 496 745 331 983 637 726 431 0 589 691 667 576 354 246 667 3535 559 416
674 466 1234 373 700 759 650 471 262 857 612 977 662 608 330 919 767 938 603 622 95 248 702 589 0 807 932 829 625 524 932 3174 761 427
337 852 1372 460 824 223 753 834 992 355 750 319 801 240 965 418 315 280 705 760 746 978 478 691 807 0 322 218 727 755 322 3312 150 790
325 828 1497 580 635 211 729 810 1090 520 875 273 926 360 941 473 303 234 681 886 871 1076 289 667 932 322 0 130 703 731 59 3354 190 766
222 737 1394 476 632 108 638 718 999 417 772 235 822 257 850 434 200 196 590 782 768 985 286 576 829 218 130 0 612 640 130 3334 87 674
439 323 1630 713 297 525 416 431 777 926 1009 821 1059 766 357 989 533 782 161 1019 673 584 467 354 625 727 703 612 0 418 703 3571 596 453
466 414 1529 612 596 552 156 395 676 953 908 848 958 793 527 1016 560 809 395 918 572 662 494 246 524 755 731 640 418 0 731 3470 623 351
325 828 1497 580 635 211 729 810 1090 520 875 273 926 360 941 473 303 234 681 886 871 1076 289 667 932 322 59 130 703 731 0 3354 190 766
3414 3397 2178 2840 3605 3300 3557 3379 3350 3323 2918 3444 2969 3075 3383 3386 3392 3404 3510 2929 3075 3336 3323 3496 3136 3274 3398 3295 3532 3431 3398 0 3227 3335
205 721 1326 408 692 91 621 702 940 349 704 295 754 189 833 412 183 256 573 714 700 926 346 559 761 150 190 87 596 623 190 3266 0 658
501 243 1433 515 555 587 477 224 579 988 811 883 861 722 355 1051 595 844 430 821 475 565 529 416 427 790 766 674 453 351 766 3373 658 0
EOF