NAME : tsp_problem
TYPE : TSP
DIMENSION : 64
EDGE_WEIGHT_TYPE : EXPLICIT
EDGE_WEIGHT_FORMAT : FULL_MATRIX
EDGE_WEIGHT_SECTION
0 818 873 931 795 695 153 334 3381 205 525 844 409 969 208 754 752 881 882 664 573 976 2896 350 489 246 1214 682 556 659 281 721 615 834 712 749 642 957 933 942 355 142 703 1684 553 721 409 865 1257 623 656 1247 1669 288 1212 771 812 547 451 3161 840 948 856 275
818 0 287 400 111 147 826 532 3013 659 356 160 768 383 729 218 324 295 514 683 403 390 2528 735 848 767 846 174 342 354 640 134 480 852 474 272 404 550 526 574 740 725 722 1317 340 186 768 279 890 724 437 879 1301 559 844 790 405 750 467 2793 254 580 172 702
873 287 0 368 262 201 879 586 3193 713 409 311 966 279 783 271 345 238 694 736 457 286 2708 788 962 820 1026 399 396 408 838 359 533 906 528 293 458 571 485 754 794 779 776 1496 393 191 965 222 1069 938 490 1059 1481 784 1024 844 426 975 520 2973 51 760 323 900
931 400 368 0 375 314 992 698 3042 826 522 424 882 464 896 384 457 376 542 849 570 471 2557 901 961 933 875 428 509 521 754 467 646 1019 640 406 571 684 660 603 906 892 889 1345 506 304 881 360 918 787 603 908 1329 673 872 957 539 863 633 2822 335 608 436 816
795 111 262 375 0 123 801 507 3063 635 331 72 818 358 704 193 299 270 564 658 379 365 2578 710 883 742 896 223 317 330 690 184 455 828 449 247 380 526 502 624 715 701 697 1366 315 162 817 254 939 773 412 929 1351 609 894 766 381 799 442 2843 229 629 84 752
695 147 201 314 123 0 702 408 3099 535 232 172 788 297 605 94 200 209 600 559 279 304 2614 611 784 643 932 259 218 230 660 220 356 728 350 148 280 426 402 660 616 601 598 1402 216 101 788 193 975 809 313 965 1387 645 930 666 281 835 343 2879 168 665 184 722
153 826 879 992 801 702 0 340 3505 211 531 850 533 975 215 760 758 887 1005 670 579 982 3020 356 529 252 1338 805 562 665 405 845 621 840 718 755 649 963 939 1066 361 148 710 1808 559 727 532 872 1381 747 662 1370 1792 411 1335 778 818 670 458 3284 846 1071 862 399
334 532 586 698 507 408 340 0 3324 173 238 556 426 682 243 466 464 594 899 376 285 689 2839 249 422 281 1232 644 268 371 298 604 327 546 424 462 355 669 645 959 254 240 416 1702 266 433 426 578 1275 640 368 1264 1686 305 1229 484 524 564 164 3104 553 965 568 361
3343 2975 3155 3003 3024 3061 3466 3360 0 3300 3269 3073 3293 3251 3370 3131 3237 3163 2793 3300 3316 3258 1642 3376 3373 3408 3126 2839 3255 3238 3165 2878 3245 3470 3291 3185 3221 3464 3439 2854 3381 3366 3339 1917 3253 3091 3293 3147 3169 3198 3254 3158 1902 3084 3123 3407 3318 3275 3380 869 3122 2859 3085 3227
205 659 713 826 635 535 211 173 3339 0 365 683 367 809 115 594 591 721 839 504 412 816 2854 189 363 152 1172 639 395 499 239 679 454 673 551 589 482 796 772 900 195 111 543 1642 393 560 366 705 1215 581 496 1204 1626 245 1169 611 651 504 291 3119 680 905 695 301
525 356 409 522 331 232 531 238 3307 365 0 380 618 505 435 290 288 417 808 468 85 512 2822 441 614 472 1140 467 92 236 490 428 362 638 356 285 286 493 469 868 446 431 508 1611 89 257 617 402 1184 832 319 1173 1595 496 1138 576 348 755 172 3087 376 874 392 552
844 160 311 424 72 172 850 556 3112 683 380 0 867 407 753 242 348 319 613 707 427 414 2627 759 932 791 945 272 366 378 739 233 504 876 498 296 429 575 550 673 764 749 746 1415 364 211 866 303 988 822 461 978 1400 658 942 814 429 848 491 2892 278 678 55 801
409 768 966 882 818 788 533 426 3332 367 618 867 0 1062 437 847 844 974 832 757 665 1069 2847 442 233 474 1165 632 648 752 157 672 707 926 804 842 735 1049 1025 892 447 433 796 1635 646 813 153 958 1208 574 749 1197 1619 238 1162 864 904 291 544 3111 933 898 879 294
969 383 279 464 358 297 975 682 3289 809 505 407 1062 0 879 367 441 246 790 832 553 167 2804 885 1058 916 1122 495 492 504 934 455 629 1002 624 389 554 486 366 850 890 875 872 1593 489 287 1061 231 1165 1035 587 1155 1577 880 1120 940 489 1071 616 3069 246 856 419 996
208 729 783 896 704 605 215 243 3409 115 435 753 437 879 0 664 661 791 909 574 482 886 2924 259 433 88 1242 709 465 569 309 749 524 743 621 659 552 866 842 970 265 114 613 1712 463 630 436 775 1285 651 566 1274 1696 315 1239 681 721 574 361 3189 750 975 765 371
754 218 271 384 193 94 760 466 3169 594 290 242 847 367 664 0 258 279 670 617 338 374 2684 669 843 701 1002 329 277 289 719 290 414 787 408 206 339 485 461 730 675 660 657 1473 274 171 846 264 1045 880 371 1035 1457 715 1000 725 340 906 401 2949 238 736 254 781
752 324 345 457 299 200 758 464 3275 591 288 348 844 441 661 258 0 353 776 473 336 377 2790 667 840 699 1108 435 274 145 716 396 270 643 264 79 195 257 233 836 672 658 512 1579 272 177 844 337 1152 986 227 1141 1563 723 1106 581 112 982 399 3055 312 842 360 779
881 295 238 376 270 209 887 594 3201 721 417 319 974 246 791 279 353 0 702 744 465 253 2716 797 970 828 1034 407 404 416 846 367 541 914 536 301 466 572 452 762 802 787 784 1504 401 199 973 53 1077 946 498 1067 1489 792 1032 852 434 983 528 2981 205 768 331 908
882 514 694 542 564 600 1005 899 2832 839 808 613 832 790 909 670 776 702 0 1135 856 797 2347 915 912 947 431 378 794 807 704 418 932 1305 926 724 857 1003 979 159 920 906 1174 1135 792 630 832 686 402 738 889 392 1120 623 428 1243 858 814 919 2612 661 164 625 767
664 683 736 849 658 559 670 376 3245 504 468 707 757 832 574 617 473 744 1135 0 516 798 2760 579 670 611 1467 794 498 357 629 755 313 386 410 522 340 678 654 1195 584 570 63 1938 496 584 756 729 1510 971 354 1500 1922 635 1465 131 533 812 394 3025 703 1201 719 691
573 403 457 570 379 279 579 285 3355 412 85 427 665 553 482 338 336 465 856 516 0 560 2870 488 661 520 1188 515 139 284 537 476 409 685 403 333 334 541 516 916 493 479 555 1658 137 304 665 449 1231 879 366 1221 1643 544 1185 623 395 803 220 3135 424 921 440 600
976 390 286 471 365 304 982 689 3296 816 512 414 1069 167 886 374 377 253 797 798 560 0 2811 892 1065 924 1129 502 499 469 941 463 595 967 589 396 520 339 219 857 897 882 837 1600 497 294 1068 238 1173 1042 552 1162 1584 887 1127 905 342 1078 623 3076 253 863 426 1003
6322 5955 6134 5983 6004 6040 6446 6340 3545 6280 6249 6053 6273 6230 6350 6110 6217 6142 5773 6280 6296 6238 0 6356 6352 6387 6105 5819 6235 6218 6145 5858 6225 6449 6270 6165 6201 6443 6419 5833 6361 6346 6319 4897 6233 6070 6272 6127 6148 6178 6233 6138 4881 6064 6103 6387 6298 6254 6359 4142 6101 5839 6065 6207
350 735 788 901 710 611 356 249 3414 189 441 759 442 885 259 669 667 797 915 579 488 892 2929 0 295 297 1247 715 471 574 314 755 530 749 627 665 558 872 848 975 45 256 619 1718 469 636 442 781 1291 656 571 1280 1702 321 1245 687 727 436 367 3194 756 981 771 377
489 848 962 961 883 784 529 422 3411 363 614 932 233 1058 433 843 840 970 912 670 661 1065 2926 295 0 470 1244 712 644 748 236 751 703 721 800 838 731 1045 1021 972 300 429 710 1714 642 809 233 954 1287 475 745 1277 1699 318 1242 778 900 165 540 3191 929 978 944 374
246 767 820 933 742 643 252 281 3446 152 472 791 474 916 88 701 699 828 947 611 520 924 2961 297 470 0 1279 747 503 606 346 786 562 781 659 696 590 904 880 1007 302 152 651 1750 500 668 474 813 1322 688 603 1312 1734 353 1277 719 759 612 399 3226 787 1013 803 409
1214 846 1026 875 896 932 1338 1232 3164 1172 1140 945 1165 1122 1242 1002 1108 1034 431 1467 1188 1129 2679 1247 1244 1279 0 711 1127 1139 1037 750 1264 1637 1259 1057 1189 1335 1311 299 1253 1238 1507 1467 1124 962 1164 1019 102 1070 1222 72 1452 956 39 1575 1190 1146 1251 2944 993 293 957 1099
682 174 399 428 223 259 805 644 2878 639 467 272 632 495 709 329 435 407 378 794 515 502 2393 715 712 747 711 0 454 466 504 77 591 964 586 384 516 662 638 439 720 706 834 1181 452 298 632 391 754 588 549 743 1165 423 708 902 517 614 578 2657 366 444 284 567
556 342 396 509 317 218 562 268 3294 395 92 366 648 492 465 277 274 404 794 498 139 499 2809 471 644 503 1127 454 0 223 520 415 348 668 342 272 273 479 455 855 476 461 538 1597 28 243 648 388 1170 862 305 1160 1581 527 1124 606 334 785 203 3074 363 860 378 582
659 354 408 521 330 230 665 371 3194 499 236 378 752 504 569 289 145 416 807 357 284 469 2709 574 748 606 1139 466 223 0 624 427 154 527 148 194 79 350 326 867 580 565 397 1609 220 255 751 400 1182 966 111 1172 1594 630 1136 465 204 889 347 2974 375 872 391 686
281 640 838 754 690 660 405 298 3204 239 490 739 157 934 309 719 716 846 704 629 537 941 2719 314 236 346 1037 504 520 624 0 544 579 798 676 714 607 921 897 764 319 305 668 1507 518 685 156 830 1080 446 621 1069 1491 110 1034 736 776 294 416 2983 805 770 751 166
721 134 359 467 184 220 845 604 2917 679 428 233 672 455 749 290 396 367 418 755 476 463 2432 755 751 786 750 77 415 427 544 0 552 925 546 345 477 623 599 478 760 745 795 1220 412 259 671 352 793 627 509 783 1205 463 748 863 478 653 539 2697 326 483 245 606
615 480 533 646 455 356 621 327 3201 454 362 504 707 629 524 414 270 541 932 313 409 595 2716 530 703 562 1264 591 348 154 579 552 0 482 119 319 93 475 451 992 535 521 352 1734 346 381 707 525 1307 921 63 1297 1719 586 1262 420 330 845 345 2981 500 998 516 642
834 852 906 1019 828 728 840 546 3415 673 638 876 926 1002 743 787 643 914 1305 386 685 967 2930 749 721 781 1637 964 668 527 798 925 482 0 579 692 510 848 824 1365 754 739 425 2107 666 753 926 898 1680 1140 524 1670 2092 805 1634 493 702 862 564 3195 873 1370 889 861
712 474 528 640 449 350 718 424 3247 551 356 498 804 624 621 408 264 536 926 410 403 589 2762 627 800 659 1259 586 342 148 676 546 119 579 0 313 88 469 445 986 632 618 449 1729 340 375 804 520 1302 1018 76 1291 1713 683 1256 517 324 942 442 3027 495 992 510 739
749 272 293 406 247 148 755 462 3224 589 285 296 842 389 659 206 79 301 724 522 333 396 2739 665 838 696 1057 384 272 194 714 345 319 692 313 0 244 306 282 785 670 655 562 1527 269 126 841 285 1100 934 276 1089 1511 720 1054 630 161 960 396 3003 260 790 308 776
642 404 458 571 380 280 649 355 3177 482 286 429 735 554 552 339 195 466 857 340 334 520 2692 558 731 590 1189 516 273 79 607 477 93 510 88 244 0 400 376 917 563 548 380 1659 270 306 735 450 1232 949 51 1222 1644 613 1187 448 255 872 373 2957 425 922 441 669
957 550 571 684 526 426 963 669 3502 796 493 575 1049 486 866 485 257 572 1003 678 541 339 3017 872 1045 904 1335 662 479 350 921 623 475 848 469 306 400 0 195 1063 877 863 717 1805 477 404 1049 556 1378 1212 432 1368 1790 928 1333 786 222 1187 604 3282 538 1068 587 984
933 526 485 660 502 402 939 645 3478 772 469 550 1025 366 842 461 233 452 979 654 516 219 2993 848 1021 880 1311 638 455 326 897 599 451 824 445 282 376 195 0 1039 853 839 693 1781 453 380 1025 436 1354 1188 408 1344 1766 904 1309 761 198 1163 580 3258 452 1044 563 960
942 574 754 603 624 660 1066 959 2892 900 868 673 892 850 970 730 836 762 159 1195 916 857 2407 975 972 1007 299 439 855 867 764 478 992 1365 986 785 917 1063 1039 0 981 966 1235 1195 852 690 892 746 381 798 949 351 1180 684 296 1303 918 874 979 2672 721 67 685 827
355 740 794 906 715 616 361 254 3420 195 446 764 447 890 265 675 672 802 920 584 493 897 2935 45 300 302 1253 720 476 580 319 760 535 754 632 670 563 877 853 981 0 261 624 1723 474 641 447 786 1296 662 576 1285 1707 326 1250 692 732 442 372 3199 761 986 776 382
142 725 779 892 701 601 148 240 3405 111 431 749 433 875 114 660 658 787 906 570 479 882 2920 256 429 152 1238 706 461 565 305 745 521 739 618 655 548 863 839 966 261 0 609 1708 459 627 432 771 1281 647 562 1271 1693 311 1235 677 717 570 357 3185 746 971 762 367
703 722 776 889 697 598 710 416 3285 543 508 746 796 872 613 657 512 784 1174 63 555 837 2800 619 710 651 1507 834 538 397 668 795 352 425 449 562 380 717 693 1235 624 609 0 1977 535 623 796 768 1550 1010 393 1539 1961 674 1504 87 572 851 434 3065 743 1240 758 730
1684 1317 1496 1345 1366 1402 1808 1702 1956 1642 1611 1415 1635 1593 1712 1473 1579 1504 1135 1938 1658 1600 1471 1718 1714 1750 1467 1181 1597 1609 1507 1220 1734 2107 1729 1527 1659 1805 1781 1195 1723 1708 1977 0 1595 1432 1634 1489 1511 1540 1692 1500 134 1426 1465 2045 1660 1616 1722 1736 1464 1201 1427 1569
553 340 393 506 315 216 559 266 3291 393 89 364 646 489 463 274 272 401 792 496 137 497 2806 469 642 500 1124 452 28 220 518 412 346 666 340 269 270 477 453 852 474 459 535 1595 0 241 645 386 1168 860 303 1157 1579 524 1122 604 332 783 200 3071 360 858 376 580
721 186 191 304 162 101 727 433 3129 560 257 211 813 287 630 171 177 199 630 584 304 294 2644 636 809 668 962 298 243 255 685 259 381 753 375 126 306 404 380 690 641 627 623 1432 241 0 813 183 1005 848 338 995 1417 684 960 691 259 874 368 2909 158 695 223 748
409 768 965 881 817 788 532 426 3331 366 617 866 153 1061 436 846 844 973 832 756 665 1068 2846 442 233 474 1164 632 648 751 156 671 707 926 804 841 735 1049 1025 892 447 432 796 1634 645 813 0 958 1207 573 748 1197 1619 238 1162 864 904 291 544 3111 932 897 878 293
865 279 222 360 254 193 872 578 3186 705 402 303 958 231 775 264 337 53 686 729 449 238 2700 781 954 813 1019 391 388 400 830 352 525 898 520 285 450 556 436 746 786 771 768 1489 386 183 958 0 1062 931 483 1051 1473 776 1016 836 418 967 513 2965 189 752 315 892
1257 890 1069 918 939 975 1381 1275 3207 1215 1184 988 1208 1165 1285 1045 1152 1077 402 1510 1231 1173 2722 1291 1287 1322 102 754 1170 1182 1080 793 1307 1680 1302 1100 1232 1378 1354 381 1296 1281 1550 1511 1168 1005 1207 1062 0 1113 1265 55 1495 999 105 1618 1233 1189 1294 2987 1036 376 1000 1142
623 724 938 787 773 809 747 640 3237 581 832 822 574 1035 651 880 986 946 738 971 879 1042 2752 656 475 688 1070 588 862 966 446 627 921 1140 1018 934 949 1212 1188 798 662 647 1010 1540 860 848 573 931 1113 0 963 1103 1525 365 1067 1078 1067 333 758 3017 906 803 834 508
656 437 490 603 412 313 662 368 3210 496 319 461 749 587 566 371 227 498 889 354 366 552 2725 571 745 603 1222 549 305 111 621 509 63 524 76 276 51 432 408 949 576 562 393 1692 303 338 748 483 1265 963 0 1254 1676 627 1219 461 287 886 386 2990 458 955 473 683
1247 879 1059 908 929 965 1370 1264 3197 1204 1173 978 1197 1155 1274 1035 1141 1067 392 1500 1221 1162 2712 1280 1277 1312 72 743 1160 1172 1069 783 1297 1670 1291 1089 1222 1368 1344 351 1285 1271 1539 1500 1157 995 1197 1051 55 1103 1254 0 1485 988 75 1608 1223 1179 1284 2977 1026 346 990 1132
1669 1301 1481 1329 1351 1387 1792 1686 1940 1626 1595 1400 1619 1577 1696 1457 1563 1489 1120 1922 1643 1584 1455 1702 1699 1734 1452 1165 1581 1594 1491 1205 1719 2092 1713 1511 1644 1790 1766 1180 1707 1693 1961 134 1579 1417 1619 1473 1495 1525 1676 1485 0 1410 1449 2029 1645 1601 1706 1720 1448 1185 1412 1554
288 559 784 673 609 645 411 305 3123 245 496 658 238 880 315 715 723 792 623 635 544 887 2638 321 318 353 956 423 527 630 110 463 586 805 683 720 613 928 904 684 326 311 674 1426 524 684 238 776 999 365 627 988 1410 0 953 743 783 376 423 2902 751 689 670 172
1212 844 1024 872 894 930 1335 1229 3162 1169 1138 942 1162 1120 1239 1000 1106 1032 428 1465 1185 1127 2677 1245 1242 1277 39 708 1124 1136 1034 748 1262 1634 1256 1054 1187 1333 1309 296 1250 1235 1504 1465 1122 960 1162 1016 105 1067 1219 75 1449 953 0 1572 1187 1144 1249 2942 991 291 955 1096
771 790 844 957 766 666 778 484 3353 611 576 814 864 940 681 725 581 852 1243 131 623 905 2868 687 778 719 1575 902 606 465 736 863 420 493 517 630 448 786 761 1303 692 677 87 2045 604 691 864 836 1618 1078 461 1608 2029 743 1572 0 640 919 502 3133 811 1308 826 798
812 405 426 539 381 281 818 524 3357 651 348 429 904 489 721 340 112 434 858 533 395 342 2872 727 900 759 1190 517 334 204 776 478 330 702 324 161 255 222 198 918 732 717 572 1660 332 259 904 418 1233 1067 287 1223 1645 783 1187 640 0 1041 459 3137 393 923 441 838
547 750 975 863 799 835 670 564 3313 504 755 848 291 1071 574 906 982 983 814 812 803 1078 2828 436 165 612 1146 614 785 889 294 653 845 862 942 960 872 1187 1163 874 442 570 851 1616 783 874 291 967 1189 333 886 1179 1601 376 1144 919 1041 0 681 3093 942 879 860 431
451 467 520 633 442 343 458 164 3342 291 172 491 544 616 361 401 399 528 919 394 220 623 2857 367 540 399 1251 578 203 347 416 539 345 564 442 396 373 604 580 979 372 357 434 1722 200 368 544 513 1294 758 386 1284 1706 423 1249 502 459 681 0 3122 487 985 503 478
3123 2755 2934 2783 2804 2840 3246 3140 869 3080 3049 2853 3073 3031 3150 2911 3017 2942 2573 3080 3096 3038 1421 3156 3152 3188 2905 2619 3035 3018 2945 2658 3025 3249 3070 2965 3001 3243 3219 2633 3161 3146 3119 1697 3033 2870 3072 2927 2949 2978 3033 2938 1682 2864 2903 3187 3098 3054 3160 0 2902 2639 2865 3007
840 254 51 335 229 168 846 553 3160 680 376 278 933 246 750 238 312 205 661 703 424 253 2675 756 929 787 993 366 363 375 805 326 500 873 495 260 425 538 452 721 761 746 743 1464 360 158 932 189 1036 906 458 1026 1448 751 991 811 393 942 487 2940 0 727 290 867
948 580 760 608 629 665 1071 965 2897 905 874 678 898 856 975 736 842 768 164 1201 921 863 2412 981 978 1013 293 444 860 872 770 483 998 1370 992 790 922 1068 1044 67 986 971 1240 1201 858 695 897 752 376 803 955 346 1185 689 291 1308 923 879 985 2677 727 0 690 832
856 172 323 436 84 184 862 568 3124 695 392 55 879 419 765 254 360 331 625 719 440 426 2639 771 944 803 957 284 378 391 751 245 516 889 510 308 441 587 563 685 776 762 758 1427 376 223 878 315 1000 834 473 990 1412 670 955 826 441 860 503 2904 290 690 0 813
275 702 900 816 752 722 399 361 3266 301 552 801 294 996 371 781 779 908 767 691 600 1003 2781 377 374 409 1099 567 582 686 166 606 642 861 739 776 669 984 960 827 382 367 730 1569 580 748 293 892 1142 508 683 1132 1554 172 1096 798 838 431 478 3046 867 832 813 0
EOF