NAME : tsp_problem
TYPE : TSP
DIMENSION : 16
EDGE_WEIGHT_TYPE : EXPLICIT
EDGE_WEIGHT_FORMAT : FULL_MATRIX
EDGE_WEIGHT_SECTION
0 1323 721 926 468 408 399 666 463 1003 725 589 577 788 603 1469
1323 0 872 444 1060 1131 1123 1138 1189 845 632 846 992 1188 1013 507
721 872 0 475 714 654 645 441 376 457 662 740 578 1011 317 1017
926 444 475 0 663 734 726 741 792 499 235 450 595 791 617 590
468 1060 714 663 0 189 181 720 722 997 462 326 410 525 596 1206
408 1131 654 734 189 0 26 659 661 936 534 397 482 596 535 1277
399 1123 645 726 181 26 0 651 653 928 525 389 473 588 527 1269
666 1138 441 741 720 659 651 0 228 724 812 746 584 1017 323 1283
463 1189 376 792 722 661 653 228 0 657 864 798 636 1041 375 1335
1003 845 457 499 997 936 928 724 657 0 686 901 860 1242 599 991
725 632 662 235 462 534 525 812 864 686 0 249 394 590 688 778
589 846 740 450 326 397 389 746 798 901 249 0 328 370 622 992
577 992 578 595 410 482 473 584 636 860 394 328 0 599 460 1137
788 1188 1011 791 525 596 588 1017 1041 1242 590 370 599 0 893 1334
603 1013 317 617 596 535 527 323 375 599 688 622 460 893 0 1159
1469 507 1017 590 1206 1277 1269 1283 1335 991 778 992 1137 1334 1159 0
EOF
