NAME : tsp_problem
TYPE : TSP
DIMENSION : 38
EDGE_WEIGHT_TYPE : EXPLICIT
EDGE_WEIGHT_FORMAT : FULL_MATRIX
EDGE_WEIGHT_SECTION
0 1180 1085 1172 1123 1311 1273 1525 625 1213 1259 90 410 2998 934 1212 1230 446 898 669 1156 980 958 1067 991 1086 41 1148 1377 1531 1130 2638 972 926 1298 1509 1149 468
1180 0 738 485 776 290 666 1631 638 192 652 1107 840 3104 794 191 786 800 844 775 809 377 356 380 389 739 1165 1059 770 1637 147 1616 370 292 277 488 802 889
1085 738 0 955 162 497 312 1536 543 699 298 1012 745 3009 231 697 269 705 415 680 195 745 723 850 757 125 1070 496 416 1542 628 1881 738 691 688 642 188 794
1172 485 955 0 993 648 883 1623 629 551 868 1098 831 3095 831 550 1002 791 835 767 1026 414 392 292 426 956 1156 1085 987 1628 468 1975 407 329 635 846 1019 881
1123 776 162 993 0 535 350 1574 581 737 336 1050 783 3047 269 735 239 743 453 719 164 783 761 888 795 95 1108 534 454 1580 666 1919 776 729 726 680 158 832
1311 290 497 648 535 0 425 1762 768 227 410 1237 971 2963 603 226 544 930 788 906 567 508 486 543 520 498 1295 868 528 1767 217 1462 501 423 216 223 561 1020
1273 666 312 883 350 425 0 1724 731 627 226 1200 933 3197 419 625 290 893 603 868 383 743 721 778 754 313 1258 684 344 1730 556 1809 736 657 616 570 376 982
1525 1631 1536 1623 1574 1762 1724 0 1075 1664 1710 1452 1185 1770 1384 1663 1681 1145 1349 942 1607 1430 1408 1518 1442 1537 1510 1599 1828 161 1581 1935 1423 1377 1749 1960 1600 1234
625 638 543 629 581 768 731 1075 0 671 716 551 284 2548 391 670 688 244 356 220 613 437 415 524 449 544 609 606 835 1081 588 2095 430 383 755 966 607 334
1213 192 699 551 737 227 627 1664 671 0 612 1140 873 3054 805 55 746 833 877 808 769 411 389 446 422 700 1198 1070 730 1670 120 1554 403 325 214 425 762 922
1259 652 298 868 336 410 226 1710 716 612 0 1186 919 3182 404 611 345 878 589 854 368 728 706 763 740 299 1244 669 256 1715 541 1795 721 643 601 555 361 968
90 1107 1012 1098 1050 1237 1200 1452 551 1140 1186 0 444 2925 860 1139 1157 385 825 596 1083 906 884 993 918 1013 74 1075 1304 1457 1057 2564 899 852 1225 1435 1076 475
410 840 745 831 783 971 933 1185 284 873 919 444 0 2658 593 872 890 95 558 329 816 639 617 726 651 746 390 808 1037 1190 790 2297 632 586 958 1169 809 117
2959 3065 2970 3057 3008 3017 3158 1732 2510 3098 3144 2886 2619 0 2819 3096 3115 2579 2783 2376 3041 2865 2843 2952 2876 2971 2944 3033 3262 1737 3015 1882 2857 2811 3087 3098 3034 2668
934 794 231 831 269 603 419 1384 391 805 404 860 593 2857 0 804 376 553 228 529 301 593 571 726 605 232 918 308 522 1390 734 1988 586 539 794 748 294 643
1212 191 697 550 735 226 625 1663 670 55 611 1139 872 3053 804 0 745 832 876 807 768 409 387 445 421 698 1197 1069 729 1669 119 1552 402 324 213 424 761 921
1230 786 269 1002 239 544 290 1681 688 746 345 1157 890 3154 376 745 0 850 560 825 141 862 840 897 874 163 1215 641 463 1687 675 1929 855 777 735 689 134 939
446 800 705 791 743 930 893 1145 244 833 878 385 95 2617 553 832 850 0 518 289 776 599 577 686 611 706 426 768 997 1150 750 2257 592 545 918 1128 769 115
898 844 415 835 453 788 603 1349 356 877 589 825 558 2822 228 876 560 518 0 493 486 643 621 730 655 416 883 297 707 1354 793 2172 636 589 961 933 479 607
669 775 680 767 719 906 868 942 220 808 854 596 329 2415 529 807 825 289 493 0 751 575 553 662 586 681 654 743 972 948 725 2233 568 521 893 1104 744 378
1156 809 195 1026 164 567 383 1607 613 769 368 1083 816 3080 301 768 141 776 486 751 0 816 794 921 827 89 1141 566 487 1612 698 1952 809 762 758 713 60 865
980 377 745 414 783 508 743 1430 437 411 728 906 639 2903 593 409 862 599 643 575 816 0 49 309 32 746 964 858 846 1436 327 1835 63 123 495 706 809 689
958 356 723 392 761 486 721 1408 415 389 706 884 617 2881 571 387 840 577 621 553 794 49 0 287 60 724 942 836 824 1414 305 1813 41 101 473 684 787 667
1067 380 850 292 888 543 778 1518 524 446 763 993 726 2990 726 445 897 686 730 662 921 309 287 0 321 851 1051 980 882 1523 363 1870 302 224 530 741 914 776
991 389 757 426 795 520 754 1442 449 422 740 918 651 2915 605 421 874 611 655 586 827 32 60 321 0 758 976 870 858 1448 339 1846 75 135 507 718 821 700
1086 739 125 956 95 498 313 1537 544 700 299 1013 746 3010 232 698 163 706 416 681 89 746 724 851 758 0 1071 497 417 1543 629 1882 739 692 689 643 82 795
41 1165 1070 1156 1108 1295 1258 1510 609 1198 1244 74 390 2982 918 1197 1215 426 883 654 1141 964 942 1051 976 1071 0 1133 1362 1515 1115 2622 957 910 1283 1493 1134 448
1148 1059 496 1085 534 868 684 1599 606 1070 669 1075 808 3072 308 1069 641 768 297 743 566 858 836 980 870 497 1133 0 787 1605 999 2253 851 804 1059 1013 559 857
1377 770 416 987 454 528 344 1828 835 730 256 1304 1037 3301 522 729 463 997 707 972 487 846 824 882 858 417 1362 787 0 1834 659 1913 839 761 719 613 480 1086
1531 1637 1542 1628 1580 1767 1730 161 1081 1670 1715 1457 1190 1776 1390 1669 1687 1150 1354 948 1612 1436 1414 1523 1448 1543 1515 1605 1834 0 1586 1941 1429 1382 1754 1965 1606 1239
1130 147 628 468 666 217 556 1581 588 120 541 1057 790 3044 734 119 675 750 793 725 698 327 305 363 339 629 1115 999 659 1586 0 1544 320 242 204 415 691 839
2600 1579 1854 1937 1892 1436 1782 1951 2057 1516 1768 2526 2259 1875 1961 1515 1902 2219 2146 2195 1925 1797 1775 1832 1809 1855 2584 2226 1886 1956 1506 0 1790 1712 1505 1516 1918 2309
972 370 738 407 776 501 736 1423 430 403 721 899 632 2896 586 402 855 592 636 568 809 63 41 302 75 739 957 851 839 1429 320 1828 0 116 488 699 802 681
926 292 691 329 729 423 657 1377 383 325 643 852 586 2849 539 324 777 545 589 521 762 123 101 224 135 692 910 804 761 1382 242 1750 116 0 410 621 755 635
1298 277 688 635 726 216 616 1749 755 214 601 1225 958 3043 794 213 735 918 961 893 758 495 473 530 507 689 1283 1059 719 1754 204 1543 488 410 0 414 751 1007
1509 488 642 846 680 223 570 1960 966 425 555 1435 1169 3043 748 424 689 1128 933 1104 713 706 684 741 718 643 1493 1013 613 1965 415 1543 699 621 414 0 706 1218
1149 802 188 1019 158 561 376 1600 607 762 361 1076 809 3073 294 761 134 769 479 744 60 809 787 914 821 82 1134 559 480 1606 691 1945 802 755 751 706 0 858
468 889 794 881 832 1020 982 1234 334 922 968 475 117 2707 643 921 939 115 607 378 865 689 667 776 700 795 448 857 1086 1239 839 2347 681 635 1007 1218 858 0
EOF