NAME : tsp_problem
TYPE : TSP
DIMENSION : 62
EDGE_WEIGHT_TYPE : EXPLICIT
EDGE_WEIGHT_FORMAT : FULL_MATRIX
EDGE_WEIGHT_SECTION
0 397 768 178 1166 1055 2950 1562 759 1077 1096 1181 1131 1146 3271 1145 1174 1195 1603 431 1228 1185 1569 1135 817 1062 1248 3036 1296 1300 1335 374 1129 1363 63 116 1133 763 1266 990 321 953 1158 1108 1089 1282 465 947 1156 870 1589 1235 1043 85 1372 1132 3963 1353 948 273 99 1236
397 0 446 298 844 733 2628 1239 437 755 774 859 808 824 2949 823 852 873 1280 230 906 863 1247 813 495 739 925 2714 974 978 1013 221 806 1041 423 380 811 441 944 667 98 631 836 786 767 960 264 625 834 548 1267 913 721 337 1050 810 3641 1031 626 310 397 914
768 446 0 703 694 538 2678 869 327 435 404 664 489 454 2754 628 482 503 910 516 661 668 949 443 386 369 555 2765 751 608 657 626 657 671 810 666 661 331 573 481 503 436 466 591 397 765 550 430 639 353 928 542 526 742 680 615 3446 661 431 596 684 543
178 298 703 0 1102 991 2885 1497 695 1013 1032 1117 1066 1081 3207 1081 1110 1131 1538 489 1164 1121 1505 1071 753 997 1183 2972 1231 1236 1270 275 1064 1299 204 278 1068 699 1201 925 223 888 1094 1043 1025 1218 523 882 1092 806 1525 1170 978 117 1308 1067 3898 1289 884 435 261 1171
1166 844 694 1102 0 390 3077 995 726 1044 996 528 1097 1045 2618 473 1073 834 953 915 595 532 916 1035 784 961 699 3163 643 939 702 1025 98 1003 1208 1065 173 730 1165 316 902 417 1057 420 988 629 948 411 484 408 936 874 377 1140 1012 499 3310 992 412 994 1082 875
1055 733 538 991 390 0 2966 704 615 898 730 237 951 780 2327 117 808 569 662 804 330 241 625 769 673 696 434 3053 352 674 437 914 352 738 1097 954 356 619 900 88 791 261 792 80 723 338 838 255 128 252 645 609 27 1029 747 233 3019 727 256 883 971 610
2911 2589 2640 2847 3038 2927 0 3224 2631 2949 2968 3052 3003 3018 2503 3017 3046 3067 3182 2660 3100 3056 3145 3007 2689 2934 3119 144 2989 3172 3027 2770 3000 3235 2953 2810 3005 2635 3138 2861 2647 2825 3030 2980 2961 3042 2693 2819 3028 2742 3165 3107 2915 2885 3244 3004 3194 3225 2820 2739 2827 3108
1562 1239 869 1497 995 704 3169 0 987 733 646 566 871 696 2350 691 518 485 163 1310 537 570 230 479 863 611 531 3256 382 590 419 1420 977 654 1603 1460 981 990 483 728 1297 853 633 638 639 505 1344 847 702 845 146 525 703 1536 663 642 3042 373 848 1390 1477 383
759 437 327 695 726 615 2670 987 0 423 624 741 477 673 2831 705 701 722 1028 508 788 745 1066 663 163 589 775 2756 855 828 877 618 688 891 801 658 692 67 769 549 495 512 685 667 617 842 541 506 716 430 1045 762 602 733 899 691 3522 881 508 587 675 763
1077 755 435 1013 1044 898 2988 733 423 0 471 1002 161 520 2850 988 548 569 774 826 727 1006 812 510 300 436 622 3074 817 674 723 936 1006 738 1119 976 1010 427 515 841 813 795 532 950 464 941 859 789 999 713 792 609 885 1051 746 832 3542 665 791 905 993 610
1096 774 404 1032 996 730 3007 646 624 471 0 713 524 69 2561 814 259 280 687 845 438 717 726 220 500 78 332 3094 528 374 434 955 958 286 1138 995 962 628 350 709 832 764 243 760 106 651 879 759 825 682 705 309 718 1070 295 543 3253 438 760 925 1012 321
1181 859 664 1117 528 237 3009 566 741 1002 713 0 1055 762 2190 224 790 551 525 930 325 30 488 752 799 678 416 3095 215 656 305 1040 511 720 1223 1080 515 745 882 262 917 387 774 171 705 201 963 381 235 378 508 591 237 1155 729 228 2882 709 382 1009 1097 592
1131 808 489 1066 1097 951 3041 871 477 161 524 1055 0 574 2904 1041 602 623 913 879 781 1059 951 563 353 489 675 3128 871 728 777 989 1059 791 1172 1029 1064 480 654 894 866 849 586 1004 517 994 913 843 1052 766 930 662 939 1105 800 886 3596 781 844 959 1046 663
1146 824 454 1081 1045 780 3056 696 673 520 69 762 574 0 2610 863 309 329 737 894 487 766 775 270 550 128 382 3143 577 387 484 1004 1007 299 1188 1044 1012 677 400 759 881 814 292 810 155 701 928 808 874 731 755 321 767 1120 308 592 3302 488 809 974 1062 370
3291 2969 2774 3227 2639 2348 2553 2382 2851 2881 2592 2210 2935 2642 0 2335 2670 2431 2340 3040 2302 2214 2303 2631 2909 2557 2296 2640 2147 2536 2185 3150 2621 2600 3333 3190 2625 2855 2761 2372 3027 2497 2654 2281 2585 2200 3074 2491 2346 2488 2323 2470 2347 3265 2608 2338 934 2589 2492 3120 3207 2471
1145 823 628 1081 473 117 3056 691 705 988 814 224 1041 863 2315 0 892 652 649 894 414 229 613 853 763 779 518 3143 339 758 430 1004 442 821 1187 1044 446 709 983 178 881 351 876 67 807 325 927 345 73 342 632 692 117 1119 830 317 3006 811 346 973 1061 693
1174 852 482 1110 1073 808 3085 518 701 548 259 790 602 309 2639 892 0 358 559 923 516 794 598 92 578 224 410 3172 606 463 512 1033 1036 526 1216 1073 1040 705 222 787 910 842 246 838 252 729 956 836 903 760 577 397 796 1148 535 621 3331 450 838 1002 1090 398
1195 873 503 1131 834 569 3106 485 722 569 280 551 623 329 2400 652 358 0 526 944 276 555 565 319 599 245 171 3192 366 155 273 1054 796 218 1237 1094 801 726 449 548 931 673 342 599 273 490 977 667 663 664 544 89 556 1169 227 381 3091 277 668 1023 1111 159
1603 1280 910 1538 953 662 3128 163 1028 774 687 525 913 737 2309 649 559 526 0 1351 495 529 221 521 904 653 489 3214 340 632 378 1461 935 695 1644 1501 940 1032 524 687 1338 811 674 596 680 464 1385 806 660 803 104 566 662 1577 704 600 3001 414 807 1431 1518 424
431 230 516 489 915 804 2698 1310 508 826 845 930 879 894 3020 894 923 944 1351 0 977 934 1318 884 566 810 996 2785 1044 1049 1083 412 877 1112 473 330 881 512 1014 738 289 701 907 856 838 1031 73 696 905 619 1338 983 791 501 1121 880 3711 1102 697 259 347 984
1228 906 661 1164 595 330 3089 537 788 727 438 325 781 487 2271 414 516 276 495 977 0 329 458 477 757 403 142 3176 238 382 144 1087 558 445 1270 1127 562 792 607 309 964 434 500 360 431 361 1011 428 424 425 478 316 318 1202 454 143 2963 435 429 1057 1144 317
1185 863 668 1121 532 241 3013 570 745 1006 717 30 1059 766 2194 229 794 555 529 934 329 0 492 756 803 682 420 3099 219 660 309 1044 515 724 1227 1084 519 749 886 266 921 391 778 175 710 205 967 385 239 382 512 595 241 1159 733 232 2886 713 386 1013 1101 596
1569 1247 949 1505 916 625 3091 230 1066 812 726 488 951 775 2272 613 598 565 221 1318 458 492 0 559 943 691 452 3177 304 670 341 1428 899 734 1611 1468 903 1070 562 650 1305 775 713 559 719 427 1351 769 623 766 204 604 625 1543 742 563 2964 452 770 1397 1485 462
1135 813 443 1071 1035 769 3046 479 663 510 220 752 563 270 2600 853 92 319 521 884 477 756 559 0 539 185 371 3133 567 424 473 994 997 487 1177 1034 1001 667 184 748 871 803 207 799 213 690 918 797 864 721 538 359 757 1109 496 582 3292 411 799 964 1051 359
817 495 386 753 784 673 2728 863 163 300 500 799 353 550 2880 763 578 599 904 566 757 803 943 539 0 465 651 2815 847 704 753 676 746 767 859 716 750 167 646 607 553 570 562 725 493 900 600 565 774 488 922 638 660 791 776 749 3572 757 566 645 733 639
1062 739 369 997 961 696 2972 611 589 436 78 678 489 128 2526 779 224 245 653 810 403 682 691 185 465 0 298 3059 493 350 399 920 923 345 1103 960 927 593 316 674 797 730 208 726 71 617 844 724 790 647 670 285 683 1036 354 508 3218 403 725 890 977 286
1248 925 555 1183 699 434 3083 531 775 622 332 416 675 382 2265 518 410 171 489 996 142 420 452 371 651 298 0 3170 232 276 138 1106 662 340 1289 1146 666 779 502 413 983 538 394 464 325 355 1030 532 529 529 472 211 422 1222 349 247 2956 329 533 1076 1163 212
2998 2676 2726 2933 3125 3014 144 3310 2718 3036 3055 3139 3089 3104 2589 3104 3133 3154 3269 2746 3187 3143 3232 3094 2776 3020 3206 0 3076 3259 3113 2856 3087 3322 3040 2896 3091 2722 3224 2948 2733 2911 3117 3066 3048 3129 2780 2906 3115 2829 3252 3193 3001 2972 3331 3090 3281 3312 2907 2826 2914 3194
1296 974 751 1231 643 352 2935 382 855 817 528 215 871 577 2116 339 606 366 340 1044 238 219 304 567 847 493 232 3021 0 472 120 1154 625 535 1338 1194 629 859 697 376 1031 501 590 286 521 153 1078 495 350 493 323 406 351 1270 544 342 2808 525 497 1124 1211 407
1300 978 608 1236 939 674 3211 590 828 674 374 656 728 387 2505 758 463 155 632 1049 382 660 670 424 704 350 276 3298 472 0 378 1159 902 257 1342 1199 906 831 554 653 1036 778 447 704 378 595 1082 772 768 769 649 103 662 1274 266 487 3196 382 773 1128 1216 264
1335 1013 657 1270 702 437 2972 419 877 723 434 305 777 484 2154 430 512 273 378 1083 144 309 341 473 753 399 138 3059 120 378 0 1193 664 442 1377 1233 668 880 603 415 1070 540 496 376 427 244 1117 534 440 532 361 312 424 1309 450 249 2845 431 536 1163 1250 313
374 221 626 275 1025 914 2808 1420 618 936 955 1040 989 1004 3130 1004 1033 1054 1461 412 1087 1044 1428 994 676 920 1106 2895 1154 1159 1193 0 987 1222 400 475 991 622 1124 848 146 811 1017 966 948 1141 446 806 1015 729 1448 1093 901 314 1231 990 3821 1212 807 492 457 1094
1129 806 657 1064 98 352 3039 977 688 1006 958 511 1059 1007 2601 442 1036 796 935 877 558 515 899 997 746 923 662 3126 625 902 664 987 0 965 1170 1027 135 692 1127 279 864 379 1020 404 951 611 911 373 453 371 918 836 339 1103 974 461 3292 955 375 957 1044 837
1363 1041 671 1299 1003 738 3274 654 891 738 286 720 791 299 2568 821 526 218 695 1112 445 724 734 487 767 345 340 3361 535 257 442 1222 965 0 1405 1262 970 895 617 717 1099 841 510 768 373 659 1146 836 832 833 713 191 725 1337 25 550 3260 446 837 1191 1279 328
63 423 810 204 1208 1097 2992 1603 801 1119 1138 1223 1172 1188 3313 1187 1216 1237 1644 473 1270 1227 1611 1177 859 1103 1289 3078 1338 1342 1377 400 1170 1405 0 158 1175 805 1308 1031 348 995 1200 1150 1131 1324 506 989 1198 912 1631 1277 1085 112 1414 1173 4005 1395 990 315 141 1278
116 380 666 278 1065 954 2848 1460 658 976 995 1080 1029 1044 3170 1044 1073 1094 1501 330 1127 1084 1468 1034 716 960 1146 2935 1194 1199 1233 475 1027 1262 158 0 1031 662 1164 888 422 851 1057 1006 988 1181 363 845 1055 769 1488 1133 941 186 1271 1030 3861 1252 847 171 32 1134
1133 811 661 1068 173 356 3043 981 692 1010 962 515 1064 1012 2605 446 1040 801 940 881 562 519 903 1001 750 927 666 3130 629 906 668 991 135 970 1175 1031 0 696 1131 283 868 383 1024 409 955 616 915 378 457 375 923 840 344 1107 978 465 3296 959 379 961 1049 841
763 441 331 699 730 619 2674 990 67 427 628 745 480 677 2835 709 705 726 1032 512 792 749 1070 667 167 593 779 2760 859 831 880 622 692 895 805 662 696 0 773 553 499 516 689 671 621 846 545 510 720 434 1049 766 606 737 903 695 3526 885 512 591 679 767
1266 944 573 1201 1165 900 3176 483 769 515 350 882 654 400 2730 983 222 449 524 1014 607 886 562 184 646 316 502 3263 697 554 603 1124 1127 617 1308 1164 1131 773 0 878 1001 934 337 930 343 821 1048 928 994 851 542 489 887 1240 626 712 3422 415 929 1094 1181 425
990 667 481 925 316 88 2900 728 549 841 709 262 894 759 2352 178 787 548 687 738 309 266 650 748 607 674 413 2987 376 653 415 848 279 717 1031 888 283 553 878 0 725 204 771 141 702 363 772 198 189 195 670 587 76 964 725 212 3043 706 199 818 905 588
321 98 503 223 902 791 2685 1297 495 813 832 917 866 881 3007 881 910 931 1338 289 964 921 1305 871 553 797 983 2772 1031 1036 1070 146 864 1099 348 422 868 499 1001 725 0 688 894 843 825 1018 323 682 892 606 1325 970 778 261 1108 867 3698 1089 684 368 405 971
953 631 436 888 417 261 2863 853 512 795 764 387 849 814 2477 351 842 673 811 701 434 391 775 803 570 730 538 2950 501 778 540 811 379 841 995 851 383 516 934 204 688 0 826 313 757 488 735 46 362 150 794 712 248 927 850 337 3168 831 47 781 869 713
1158 836 466 1094 1057 792 3069 633 685 532 243 774 586 292 2623 876 246 342 674 907 500 778 713 207 562 208 394 3155 590 447 496 1017 1020 510 1200 1057 1024 689 337 771 894 826 0 822 236 713 940 820 886 743 692 381 780 1132 519 605 3314 500 822 986 1074 382
1108 786 591 1043 420 80 3018 638 667 950 760 171 1004 810 2261 67 838 599 596 856 360 175 559 799 725 726 464 3105 286 704 376 966 404 768 1150 1006 409 671 930 141 843 313 822 0 753 272 890 307 78 305 579 639 79 1082 777 263 2953 757 309 936 1024 640
1089 767 397 1025 988 723 3000 639 617 464 106 705 517 155 2554 807 252 273 680 838 431 710 719 213 493 71 325 3087 521 378 427 948 951 373 1131 988 955 621 343 702 825 757 236 753 0 644 872 751 818 675 698 313 711 1063 382 536 3246 431 753 917 1005 313
1282 960 765 1218 629 338 2999 505 842 941 651 201 994 701 2180 325 729 490 464 1031 361 205 427 690 900 617 355 3085 153 595 244 1141 611 659 1324 1181 616 846 821 363 1018 488 713 272 644 0 1064 482 336 479 447 530 338 1256 668 329 2872 648 483 1110 1198 531
465 264 550 523 948 838 2732 1344 541 859 879 963 913 928 3053 927 956 977 1385 73 1011 967 1351 918 600 844 1030 2819 1078 1082 1117 446 911 1146 506 363 915 545 1048 772 323 735 940 890 872 1064 0 729 938 652 1371 1017 825 534 1154 914 3745 1136 730 293 380 1018
947 625 430 882 411 255 2857 847 506 789 759 381 843 808 2471 345 836 667 806 696 428 385 769 797 565 724 532 2944 495 772 534 806 373 836 989 845 378 510 928 198 682 46 820 307 751 482 729 0 356 144 789 706 242 921 844 331 3162 825 42 775 863 707
1156 834 639 1092 484 128 3067 702 716 999 825 235 1052 874 2325 73 903 663 660 905 424 239 623 864 774 790 529 3153 350 768 440 1015 453 832 1198 1055 457 720 994 189 892 362 886 78 818 336 938 356 0 353 643 703 128 1130 841 328 3017 822 357 984 1072 704
870 548 353 806 408 252 2781 845 430 713 682 378 766 731 2468 342 760 664 803 619 425 382 766 721 488 647 529 2867 493 769 532 729 371 833 912 769 375 434 851 195 606 150 743 305 675 479 652 144 353 0 786 704 240 844 842 329 3160 822 145 698 786 705
1589 1267 928 1525 936 645 3111 146 1045 792 705 508 930 755 2292 632 577 544 104 1338 478 512 204 538 922 670 472 3197 323 649 361 1448 918 713 1631 1488 923 1049 542 670 1325 794 692 579 698 447 1371 789 643 786 0 584 645 1563 722 583 2984 431 790 1417 1505 442
1235 913 542 1170 874 609 3145 525 762 609 309 591 662 321 2439 692 397 89 566 983 316 595 604 359 638 285 211 3232 406 103 312 1093 836 191 1277 1133 840 766 489 587 970 712 381 639 313 530 1017 706 703 704 584 0 596 1209 200 421 3131 316 708 1063 1151 199
1043 721 526 978 377 27 2953 703 602 885 718 237 939 767 2327 117 796 556 662 791 318 241 625 757 660 683 422 3040 351 662 424 901 339 725 1085 941 344 606 887 76 778 248 780 79 711 338 825 242 128 240 645 596 0 1017 734 221 3019 715 244 871 959 597
85 337 742 117 1140 1029 2924 1536 733 1051 1070 1155 1105 1120 3245 1119 1148 1169 1577 501 1202 1159 1543 1109 791 1036 1222 3010 1270 1274 1309 314 1103 1337 112 186 1107 737 1240 964 261 927 1132 1082 1063 1256 534 921 1130 844 1563 1209 1017 0 1346 1106 3937 1327 922 343 169 1210
1372 1050 680 1308 1012 747 3283 663 899 746 295 729 800 308 2577 830 535 227 704 1121 454 733 742 496 776 354 349 3369 544 266 450 1231 974 25 1414 1271 978 903 626 725 1108 850 519 777 382 668 1154 844 841 842 722 200 734 1346 0 559 3269 454 846 1200 1288 337
1132 810 615 1067 499 233 3042 642 691 832 543 228 886 592 2318 317 621 381 600 880 143 232 563 582 749 508 247 3129 342 487 249 990 461 550 1173 1030 465 695 712 212 867 337 605 263 536 329 914 331 328 329 583 421 221 1106 559 0 3010 540 333 960 1047 422
3983 3661 3466 3919 3330 3039 3245 3073 3543 3573 3284 2902 3627 3333 934 3026 3362 3122 3032 3732 2994 2906 2995 3323 3601 3249 2988 3331 2839 3228 2876 3842 3312 3291 4025 3882 3317 3547 3453 3064 3719 3188 3346 2973 3277 2892 3765 3183 3037 3180 3015 3162 3039 3957 3300 3030 0 3281 3184 3811 3899 3163
1353 1031 661 1289 992 727 3264 373 881 665 438 709 781 488 2558 811 450 277 414 1102 435 713 452 411 757 403 329 3351 525 382 431 1212 955 446 1395 1252 959 885 415 706 1089 831 500 757 431 648 1136 825 822 822 431 316 715 1327 454 540 3250 0 826 1181 1269 152
948 626 431 884 412 256 2859 848 508 791 760 382 844 809 2472 346 838 668 807 697 429 386 770 799 566 725 533 2945 497 773 536 807 375 837 990 847 379 512 929 199 684 47 822 309 753 483 730 42 357 145 790 708 244 922 846 333 3164 826 0 776 864 709
273 310 596 435 994 883 2778 1390 587 905 925 1009 959 974 3099 973 1002 1023 1431 259 1057 1013 1397 964 645 890 1076 2864 1124 1128 1163 492 957 1191 315 171 961 591 1094 818 368 781 986 936 917 1110 293 775 984 698 1417 1063 871 343 1200 960 3791 1181 776 0 189 1064
99 397 684 261 1082 971 2865 1477 675 993 1012 1097 1046 1062 3187 1061 1090 1111 1518 347 1144 1101 1485 1051 733 977 1163 2952 1211 1216 1250 457 1044 1279 141 32 1049 679 1181 905 405 869 1074 1024 1005 1198 380 863 1072 786 1505 1151 959 169 1288 1047 3879 1269 864 189 0 1151
1236 914 543 1171 875 610 3146 383 763 610 321 592 663 370 2440 693 398 159 424 984 317 596 462 359 639 286 212 3233 407 264 313 1094 837 328 1278 1134 841 767 425 588 971 713 382 640 313 531 1018 707 704 705 442 199 597 1210 337 422 3132 152 709 1064 1151 0
EOF