NAME : tsp_problem
TYPE : TSP
DIMENSION : 35
EDGE_WEIGHT_TYPE : EXPLICIT
EDGE_WEIGHT_FORMAT : FULL_MATRIX
EDGE_WEIGHT_SECTION
0 1177 595 722 635 589 378 607 839 664 461 410 570 397 425 343 4282 855 823 269 185 477 378 470 612 2098 728 712 202 647 641 415 834 587 395
1177 0 1729 1432 1344 1544 1467 1741 1794 1652 1595 1498 1525 1531 1134 1213 3313 1989 1957 1394 1140 1186 1333 1604 1746 1446 1682 1667 1336 1602 1596 1549 411 1721 1528
595 1729 0 1274 1187 934 409 456 924 655 452 511 914 232 977 895 4834 705 673 363 737 1029 930 320 462 2650 812 1057 471 992 986 295 1386 437 224
722 1432 1274 0 225 1090 1013 1286 1340 1198 1140 1044 1070 1076 326 759 4537 1535 1503 940 686 378 879 1150 1292 2353 1228 1213 882 1148 1142 1094 1088 1267 1074
635 1344 1187 225 0 1002 925 1199 1252 1110 1053 957 983 989 357 671 4450 1447 1415 852 598 409 791 1062 1204 2266 1141 1125 794 1060 1054 1007 1001 1179 987
589 1544 934 1090 1002 0 897 541 480 338 563 929 41 805 792 678 4650 769 624 758 445 844 277 736 546 2466 367 147 748 213 207 693 1201 660 798
378 1467 409 1013 925 897 0 562 888 619 416 136 878 319 715 633 4572 810 778 175 520 767 714 425 567 2389 775 1020 254 955 949 370 1124 542 316
607 1741 456 1286 1199 541 562 0 532 263 328 593 522 328 989 907 4846 289 257 423 749 1041 589 236 46 2662 419 664 483 599 593 246 1398 159 320
839 1794 924 1340 1252 480 888 532 0 328 553 919 460 796 1042 928 4900 759 728 749 695 1094 527 727 537 2716 359 603 809 538 532 684 1451 651 788
664 1652 655 1198 1110 338 619 263 328 0 285 650 318 527 900 786 4758 491 459 480 553 952 385 458 268 2574 216 461 540 396 390 415 1309 382 519
461 1595 452 1140 1053 563 416 328 553 285 0 447 544 324 843 761 4700 555 524 277 603 895 610 267 333 2516 441 686 337 621 615 212 1251 384 316
410 1498 511 1044 957 929 136 593 919 650 447 0 909 350 747 665 4604 841 810 206 552 799 745 457 598 2420 807 1052 286 987 981 401 1155 573 348
570 1525 914 1070 983 41 878 522 460 318 544 909 0 786 773 659 4630 750 641 739 426 825 258 717 527 2446 349 164 729 194 187 674 1181 641 778
397 1531 232 1076 989 805 319 328 796 527 324 350 786 0 779 697 4636 576 544 165 539 831 732 191 333 2452 683 928 272 863 857 166 1187 308 31
425 1134 977 326 357 792 715 989 1042 900 843 747 773 779 0 461 4240 1237 1206 642 388 79 582 853 994 2056 931 915 584 850 844 797 791 969 777
343 1213 895 759 671 678 633 907 928 786 761 665 659 697 461 0 4319 1155 1124 561 307 513 467 771 912 2135 817 801 503 736 730 715 870 888 695
4356 3387 4908 4611 4523 4723 4646 4920 4973 4831 4774 4678 4704 4710 4313 4392 0 5168 5136 4573 4319 4365 4512 4783 4925 4625 4862 4846 4515 4781 4775 4728 3590 4900 4708
855 1989 705 1535 1447 769 810 289 759 491 555 841 750 576 1237 1155 5095 0 220 671 984 1289 817 484 294 2911 647 892 731 827 821 495 1646 408 569
823 1957 673 1503 1415 624 778 257 728 459 524 810 641 544 1206 1124 5063 220 0 639 952 1258 785 452 262 2879 502 747 699 795 789 463 1614 376 537
269 1394 363 940 852 758 175 423 749 480 277 206 739 165 642 561 4500 671 639 0 411 694 605 286 428 2316 637 881 145 817 810 231 1051 403 163
185 1140 737 686 598 445 520 749 695 553 603 552 426 539 388 307 4246 984 952 411 0 440 234 613 754 2062 583 568 344 503 497 557 797 729 537
477 1186 1029 378 409 844 767 1041 1094 952 895 799 825 831 79 513 4292 1289 1258 694 440 0 634 905 1046 2108 983 967 636 902 896 849 843 1021 829
378 1333 930 879 791 277 714 589 527 385 610 745 258 732 582 467 4439 817 785 605 234 634 0 784 594 2255 416 400 538 335 329 741 990 708 730
470 1604 320 1150 1062 736 425 236 727 458 267 457 717 191 853 771 4710 484 452 286 613 905 784 0 241 2526 615 859 346 794 788 110 1261 216 184
612 1746 462 1292 1204 546 567 46 537 268 333 598 527 333 994 912 4851 294 262 428 754 1046 594 241 0 2668 425 669 488 604 598 252 1403 165 326
2098 1446 2650 2353 2266 2466 2389 2662 2716 2574 2516 2420 2446 2452 2056 2135 4552 2911 2879 2316 2062 2108 2255 2526 2668 0 2604 2589 2258 2524 2518 2470 1332 2643 2450
728 1682 812 1228 1141 367 775 419 359 216 441 807 349 683 931 817 4788 647 502 637 583 983 416 615 425 2604 0 490 696 426 420 572 1339 538 676
712 1667 1057 1213 1125 147 1020 664 603 461 686 1052 164 928 915 801 4773 892 747 881 568 967 400 859 669 2589 490 0 871 336 330 816 1324 783 921
202 1336 471 882 794 748 254 483 809 540 337 286 729 272 584 503 4442 731 699 145 344 636 538 346 488 2258 696 871 0 807 800 291 993 463 270
647 1602 992 1148 1060 213 955 599 538 396 621 987 194 863 850 736 4708 827 795 817 503 902 335 794 604 2524 426 336 807 0 83 751 1259 718 856
641 1596 986 1142 1054 207 949 593 532 390 615 981 187 857 844 730 4702 821 789 810 497 896 329 788 598 2518 420 330 800 83 0 745 1253 712 850
415 1549 295 1094 1007 693 370 246 684 415 212 401 674 166 797 715 4654 495 463 231 557 849 741 110 252 2470 572 816 291 751 745 0 1206 227 159
834 411 1386 1088 1001 1201 1124 1398 1451 1309 1251 1155 1181 1187 791 870 3516 1646 1614 1051 797 843 990 1261 1403 1332 1339 1324 993 1259 1253 1206 0 1378 1185
587 1721 437 1267 1179 660 542 159 651 382 384 573 641 308 969 888 4827 408 376 403 729 1021 708 216 165 2643 538 783 463 718 712 227 1378 0 301
395 1528 224 1074 987 798 316 320 788 519 316 348 778 31 777 695 4634 569 537 163 537 829 730 184 326 2450 676 921 270 856 850 159 1185 301 0
EOF
