NAME : tsp_problem
TYPE : TSP
DIMENSION : 38
EDGE_WEIGHT_TYPE : EXPLICIT
EDGE_WEIGHT_FORMAT : FULL_MATRIX
EDGE_WEIGHT_SECTION
0 462 284 1666 404 594 133 520 391 958 692 3185 578 319 479 1238 607 517 824 425 544 475 918 835 454 586 505 919 351 435 557 416 768 807 426 392 1217 172
462 0 548 1699 602 345 438 271 697 991 515 3218 883 612 785 1272 288 822 574 462 226 156 669 869 491 337 543 670 657 501 594 721 519 664 176 697 1250 477
284 548 0 1617 149 680 163 606 342 909 534 3024 387 93 430 1189 693 326 910 266 631 561 1005 786 295 672 347 1005 160 180 398 367 854 758 512 343 1168 255
1666 1699 1617 0 1738 1571 1545 1757 1387 1245 2001 1794 1747 1652 1527 1526 1844 1789 1603 1854 1721 1712 1587 890 1884 1563 1935 1588 1559 1768 1987 1337 1745 1255 1547 1309 1504 1637
404 602 149 1738 0 734 283 660 463 1029 587 3078 507 213 551 1310 747 446 964 320 684 615 1058 907 349 726 400 1059 281 146 452 487 908 878 565 463 1289 376
594 345 680 1571 734 0 570 403 759 863 646 3090 1015 744 917 1144 421 954 447 594 298 357 541 741 623 209 675 542 789 633 726 709 391 536 193 681 1122 609
133 438 163 1545 283 570 0 497 270 836 668 3064 456 198 358 1117 583 395 800 400 521 451 895 714 429 563 481 896 230 314 532 294 745 686 402 271 1096 104
520 271 606 1757 660 403 497 0 755 1049 366 3277 941 670 843 1330 416 880 426 520 353 283 622 927 549 395 601 728 715 559 652 779 449 722 234 755 1308 535
391 697 342 1387 463 759 270 755 0 678 847 2906 517 377 297 959 842 514 791 580 779 709 825 556 609 751 661 826 285 494 712 137 933 528 660 113 938 363
958 991 909 1245 1029 863 836 1049 678 0 1292 2764 1038 944 818 461 1135 1081 894 1146 1012 1003 878 414 1175 855 1227 879 851 1060 1278 628 1037 546 839 600 464 929
692 515 534 2001 587 646 668 366 847 1292 0 3252 892 597 935 1573 660 831 465 302 597 527 661 1170 331 564 383 854 665 486 434 872 488 863 478 848 1552 707
3147 3180 3068 1755 3122 3052 3025 3238 2867 2725 3307 0 3227 3132 3007 3006 3324 3270 3084 3039 3201 3192 3067 2371 3068 3044 3120 3068 3040 3072 3171 2817 3226 2735 3028 2789 2985 3118
578 883 387 1747 507 1015 456 941 517 1038 892 3266 0 422 385 1319 1028 136 1196 624 965 896 1220 916 653 1007 705 1221 310 538 756 542 1189 888 847 518 1298 549
319 612 93 1652 213 744 198 670 377 944 597 3088 422 0 465 1224 757 361 974 330 694 625 1068 821 359 736 411 1069 195 244 462 402 918 793 576 378 1203 290
479 785 430 1527 551 917 358 843 297 818 935 3046 385 465 0 1099 930 444 976 668 867 797 1000 696 697 909 749 1001 340 582 800 322 1091 668 748 298 1078 451
1238 1272 1189 1526 1310 1144 1117 1330 959 461 1573 3045 1319 1224 1099 0 1416 1362 1175 1427 1293 1284 1159 695 1456 1136 1508 1160 1132 1341 1559 909 1318 827 1119 881 84 1210
607 288 693 1844 747 421 583 416 842 1135 660 3363 1028 757 930 1416 0 967 719 607 153 156 813 1013 636 481 688 814 802 646 739 866 663 808 321 842 1395 622
517 822 326 1789 446 954 395 880 514 1081 831 3308 136 361 444 1362 967 0 1184 563 904 835 1227 959 592 946 644 1228 249 477 695 539 1128 930 786 515 1340 488
824 574 910 1603 964 447 800 426 791 894 465 3122 1196 974 976 1175 719 1184 0 742 596 587 220 772 771 364 822 412 963 862 874 741 288 422 422 713 1154 839
425 462 266 1854 320 594 400 520 580 1146 302 2985 624 330 668 1427 607 563 742 0 544 475 919 1024 49 586 101 919 398 219 152 604 764 913 426 580 1406 440
544 226 631 1721 684 298 521 353 779 1012 597 3240 965 694 867 1293 153 904 596 544 0 93 691 890 574 359 625 692 739 583 677 803 541 686 259 779 1272 559
475 156 561 1712 615 357 451 283 709 1003 527 3231 896 625 797 1284 156 835 587 475 93 0 682 881 504 350 556 683 669 513 607 734 532 677 189 710 1263 490
918 669 1005 1587 1058 541 895 622 825 878 661 3106 1220 1068 1000 1159 813 1227 220 919 691 682 0 756 948 533 999 214 998 957 1051 775 484 370 517 747 1138 933
835 869 786 890 907 741 714 927 556 414 1170 2409 916 821 696 695 1013 959 772 1024 890 881 756 0 1053 733 1105 757 729 938 1156 506 915 424 716 478 674 807
454 491 295 1884 349 623 429 549 609 1175 331 3014 653 359 697 1456 636 592 771 49 574 504 948 1053 0 616 69 949 427 248 121 633 793 943 455 609 1435 469
586 337 672 1563 726 209 563 395 751 855 564 3083 1007 736 909 1136 481 946 364 586 359 350 533 733 616 0 667 534 781 625 719 701 308 528 185 673 1114 601
505 543 347 1935 400 675 481 601 661 1227 383 3065 705 411 749 1508 688 644 822 101 625 556 999 1105 69 667 0 1000 479 299 77 685 845 994 507 661 1486 521
919 670 1005 1588 1059 542 896 728 826 879 854 3107 1221 1069 1001 1160 814 1228 412 919 692 683 214 757 949 534 1000 0 999 958 1052 776 677 371 518 748 1139 934
351 657 160 1559 281 789 230 715 285 851 665 3079 310 195 340 1132 802 249 963 398 739 669 998 729 427 781 479 999 0 312 530 309 963 700 620 285 1111 322
435 501 180 1768 146 633 314 559 494 1060 486 3028 538 244 582 1341 646 477 862 219 583 513 957 938 248 625 299 958 312 0 351 518 807 909 464 494 1320 407
557 594 398 1987 452 726 532 652 712 1278 434 3117 756 462 800 1559 739 695 874 152 677 607 1051 1156 121 719 77 1052 530 351 0 736 896 1046 558 712 1538 572
416 721 367 1337 487 709 294 779 137 628 872 2856 542 402 322 909 866 539 741 604 803 734 775 506 633 701 685 776 309 518 736 0 883 478 685 63 888 387
768 519 854 1745 908 391 745 449 933 1037 488 3265 1189 918 1091 1318 663 1128 288 764 541 532 484 915 793 308 845 677 963 807 896 883 0 686 367 855 1296 783
807 664 758 1255 878 536 686 722 528 546 863 2774 888 793 668 827 808 930 422 913 686 677 370 424 943 528 994 371 700 909 1046 478 686 0 512 449 806 778
426 176 512 1547 565 193 402 234 660 839 478 3066 847 576 748 1119 321 786 422 426 259 189 517 716 455 185 507 518 620 464 558 685 367 512 0 657 1098 441
392 697 343 1309 463 681 271 755 113 600 848 2828 518 378 298 881 842 515 713 580 779 710 747 478 609 673 661 748 285 494 712 63 855 449 657 0 860 363
1217 1250 1168 1504 1289 1122 1096 1308 938 464 1552 3024 1298 1203 1078 84 1395 1340 1154 1406 1272 1263 1138 674 1435 1114 1486 1139 1111 1320 1538 888 1296 806 1098 860 0 1188
172 477 255 1637 376 609 104 535 363 929 707 3156 549 290 451 1210 622 488 839 440 559 490 933 807 469 601 521 934 322 407 572 387 783 778 441 363 1188 0
EOF