NAME : tsp_problem
TYPE : TSP
DIMENSION : 58
EDGE_WEIGHT_TYPE : EXPLICIT
EDGE_WEIGHT_FORMAT : FULL_MATRIX
EDGE_WEIGHT_SECTION
0 552 3331 616 553 773 220 546 655 820 1397 330 367 767 419 719 200 405 836 260 779 658 819 917 738 593 249 190 912 3353 726 444 958 353 164 987 692 733 171 291 262 295 340 652 414 276 603 602 788 492 724 705 827 154 957 651 839 834
552 0 3085 813 97 585 355 645 155 1016 1594 689 500 579 407 531 559 504 335 618 416 392 1016 1114 266 789 608 393 1109 3107 363 543 1155 452 687 502 889 246 405 287 568 654 537 152 573 635 337 342 425 688 252 592 464 422 457 847 651 334
3363 3105 0 3733 3150 3086 3165 3252 2976 3937 3415 3499 3311 3080 3328 3032 3369 3314 3115 3429 3337 3313 3937 4035 3083 3710 3418 3204 4030 91 3284 3353 4075 3262 3498 3281 3810 2989 3216 3097 3489 3464 3458 2977 3383 3445 3258 2909 3345 3609 3097 3093 3385 3232 3237 3768 3152 3113
616 813 3713 0 858 1265 807 1133 783 363 1176 917 953 1259 443 1212 787 992 903 847 758 682 243 342 762 85 836 777 337 3735 705 1031 427 940 657 967 235 874 757 878 396 882 303 780 1001 863 627 970 767 163 748 1272 806 740 958 194 1332 901
553 97 3130 858 0 586 356 646 200 1061 1639 690 501 580 452 532 560 505 381 619 461 437 1061 1159 311 834 609 394 1154 3152 408 544 1200 453 689 547 934 291 406 288 613 655 582 197 575 636 382 387 470 733 297 593 509 423 502 892 652 379
773 585 3055 1265 586 0 575 462 508 1469 2046 909 721 26 860 242 779 724 646 839 869 845 1468 1566 615 1242 828 614 1561 3076 816 703 1607 651 908 813 1341 521 626 508 1005 875 990 509 593 855 790 389 877 1141 628 303 917 642 768 1300 87 645
220 355 3134 807 356 575 0 349 457 1010 1588 357 204 569 609 522 226 207 638 286 719 694 1010 1108 568 784 275 97 1103 3155 665 247 1149 155 355 805 883 536 109 94 453 322 531 454 277 302 639 404 727 682 554 508 767 126 760 841 642 636
546 645 3221 1133 646 462 349 0 674 1337 1914 477 495 456 936 292 552 291 813 406 1009 985 1336 1434 781 1110 527 388 1429 3243 956 266 1475 214 582 980 1209 688 400 384 779 442 857 675 156 423 930 556 1017 1009 795 185 1057 416 935 1168 529 811
655 155 2956 783 200 508 457 674 0 986 1564 791 603 502 377 454 661 606 206 721 386 362 986 1084 174 759 710 496 1079 2977 333 645 1125 554 790 373 859 116 508 390 538 757 507 38 676 737 307 212 395 658 188 515 434 524 328 817 574 204
820 1016 3917 363 1061 1469 1010 1337 986 0 1380 1121 1157 1463 647 1415 991 1196 1107 1050 962 886 292 192 966 340 1040 981 203 3939 909 1235 153 1144 861 1170 318 1077 961 1082 600 1086 507 983 1205 1067 831 1174 971 367 952 1476 1010 944 1162 195 1536 1105
1397 1594 3341 1176 1639 2046 1588 1914 1564 1380 0 1698 1735 2041 1224 1993 1568 1773 1684 1628 1540 1464 1379 1477 1543 1153 1617 1558 1472 3363 1486 1812 1518 1721 1438 1748 1252 1655 1539 1659 1177 1663 1084 1561 1782 1644 1408 1751 1548 1052 1529 2054 1588 1522 1739 1211 2113 1683
330 689 3468 917 690 909 357 477 791 1121 1698 0 503 904 720 743 337 540 972 191 1053 959 1120 1218 902 894 311 327 1213 3490 1000 515 1259 463 466 1139 993 870 307 428 563 226 641 788 345 106 904 739 1061 793 888 636 1101 290 1094 952 976 971
367 500 3279 953 501 721 204 495 603 1157 1735 503 0 715 756 667 305 353 784 433 864 840 1157 1255 714 930 422 243 1250 3301 811 392 1295 301 502 950 1030 681 255 239 599 469 678 600 423 449 785 550 873 829 700 654 912 271 906 988 787 782
767 579 3049 1259 580 26 569 456 502 1463 2041 904 715 0 854 236 773 718 640 833 863 839 1462 1561 609 1236 822 608 1556 3070 810 697 1601 645 902 807 1335 515 620 502 1000 869 984 503 587 849 784 384 871 1135 623 297 911 637 762 1294 92 639
419 407 3308 443 452 860 609 936 377 647 1224 720 756 854 0 806 590 795 498 649 398 277 646 744 357 420 639 580 739 3329 345 834 785 743 460 606 519 468 560 642 199 685 168 374 804 666 222 564 407 319 343 867 446 543 598 478 926 496
719 531 3001 1212 532 242 522 292 454 1415 1993 743 667 236 806 0 726 557 593 672 815 791 1415 1513 561 1188 775 560 1508 3022 762 532 1554 480 848 760 1288 467 572 454 952 708 936 455 422 689 736 336 824 1087 575 132 863 589 715 1246 309 591
200 559 3338 787 560 779 226 552 661 991 1568 337 305 773 590 726 0 411 842 266 922 829 990 1088 772 764 255 197 1083 3359 869 451 1129 359 335 1009 863 740 177 298 433 302 511 658 421 282 774 608 931 663 758 712 970 160 964 821 846 840
405 504 3283 992 505 724 207 291 606 1196 1773 540 353 718 795 557 411 0 787 470 868 843 1195 1293 717 969 461 246 1288 3304 814 189 1334 98 540 954 1068 685 258 243 638 505 716 603 220 486 788 553 876 868 703 451 915 275 909 1026 791 785
836 335 3094 903 381 646 638 813 206 1107 1684 972 784 640 498 593 842 787 0 902 474 482 1106 1204 169 880 891 677 1199 3116 421 826 1245 735 920 267 979 255 689 570 658 937 627 207 857 918 427 351 444 779 182 653 413 705 222 938 713 99
260 618 3398 847 619 839 286 406 721 1050 1628 191 433 833 649 672 266 470 902 0 982 889 1050 1148 832 823 240 257 1143 3419 929 445 1189 393 395 1069 923 800 237 358 493 76 571 718 275 137 833 668 991 722 818 566 1030 220 1024 881 905 900
779 416 3317 758 461 869 719 1009 386 962 1540 1053 864 863 398 815 922 868 474 982 0 383 961 1060 333 735 972 757 1055 3338 243 907 1100 815 820 387 834 477 769 651 559 1018 506 383 937 999 328 573 187 634 319 876 227 786 378 793 935 472
658 392 3293 682 437 845 694 985 362 886 1464 959 840 839 277 791 829 843 482 889 383 0 885 984 342 659 878 733 979 3314 330 883 1024 791 699 591 758 453 745 627 438 924 407 359 913 905 100 549 391 558 328 852 431 762 582 717 911 481
819 1016 3916 243 1061 1468 1010 1336 986 292 1379 1120 1157 1462 646 1415 990 1195 1106 1050 961 885 0 119 965 289 1039 980 114 3938 908 1234 204 1143 860 1170 440 1077 960 1081 599 1085 506 983 1204 1066 830 1173 970 368 951 1475 1009 944 1161 398 1535 1105
917 1114 4015 342 1159 1566 1108 1434 1084 192 1477 1218 1255 1561 744 1513 1088 1293 1204 1148 1060 984 119 0 1064 387 1137 1078 37 4036 1007 1332 104 1241 959 1268 495 1175 1059 1179 697 1184 604 1081 1302 1164 929 1271 1068 466 1049 1574 1108 1042 1259 373 1633 1203
738 266 3063 762 311 615 568 781 174 966 1543 902 714 609 357 561 772 717 169 832 333 342 965 1064 0 739 821 607 1059 3084 280 756 1104 665 779 335 838 223 619 501 518 868 487 175 787 848 287 319 341 638 47 622 381 635 290 797 681 167
593 789 3690 85 834 1242 784 1110 759 340 1153 894 930 1236 420 1188 764 969 880 823 735 659 289 387 739 0 813 754 382 3712 682 1008 472 917 634 943 212 850 734 855 373 859 280 756 978 840 604 947 744 140 725 1249 783 717 935 171 1309 878
249 608 3387 836 609 828 275 527 710 1040 1617 311 422 822 639 775 255 461 891 240 972 878 1039 1137 821 813 0 246 1132 3408 919 500 1178 409 384 1058 912 789 226 347 482 276 560 707 395 257 823 657 980 712 807 686 1020 209 1013 871 895 890
190 393 3173 777 394 614 97 388 496 981 1558 327 243 608 580 560 197 246 677 257 757 733 980 1078 607 754 246 0 1073 3194 704 286 1119 194 326 844 853 575 148 133 423 292 502 493 316 273 678 443 766 653 593 547 805 150 799 812 680 675
912 1109 4010 337 1154 1561 1103 1429 1079 203 1472 1213 1250 1556 739 1508 1083 1288 1199 1143 1055 979 114 37 1059 382 1132 1073 0 4031 1001 1327 115 1236 954 1263 506 1170 1054 1174 692 1178 599 1076 1297 1159 923 1266 1063 461 1044 1569 1103 1037 1254 383 1628 1198
3384 3127 91 3755 3172 3107 3187 3274 2997 3959 3436 3521 3332 3101 3350 3054 3390 3335 3136 3450 3359 3334 3958 4056 3104 3732 3440 3225 4051 0 3305 3375 4097 3283 3519 3303 3831 3011 3237 3119 3510 3486 3479 2998 3404 3467 3279 2930 3367 3631 3118 3114 3407 3254 3258 3790 3174 3134
726 363 3264 705 408 816 665 956 333 909 1486 1000 811 810 345 762 869 814 421 929 243 330 908 1007 280 682 919 704 1001 3285 0 854 1047 762 767 405 781 424 716 598 506 965 453 330 884 946 275 520 205 581 266 823 244 733 396 740 882 419
444 543 3322 1031 544 703 247 266 645 1235 1812 515 392 697 834 532 451 189 826 445 907 883 1234 1332 756 1008 500 286 1327 3344 854 0 1373 112 580 993 1107 724 298 282 677 480 756 642 195 461 828 593 915 907 742 425 955 314 948 1066 769 825
958 1155 4055 427 1200 1607 1149 1475 1125 153 1518 1259 1295 1601 785 1554 1129 1334 1245 1189 1100 1024 204 104 1104 472 1178 1119 115 4077 1047 1373 0 1282 999 1309 456 1216 1099 1220 738 1224 645 1122 1343 1205 969 1312 1109 505 1090 1614 1148 1082 1300 334 1674 1243
353 452 3231 940 453 651 155 214 554 1144 1721 463 301 645 743 480 359 98 735 393 815 791 1143 1241 665 917 409 194 1236 3252 762 112 1282 0 488 902 1016 633 206 191 586 429 664 551 143 409 736 501 824 816 651 374 863 223 857 974 718 733
164 687 3467 657 689 908 355 582 790 861 1438 466 502 902 460 848 335 540 920 395 820 699 860 959 779 634 384 326 954 3488 767 580 999 488 0 1029 733 869 306 427 303 431 382 787 450 411 644 737 829 533 765 741 868 289 1020 692 975 918
987 502 3261 967 547 813 805 980 373 1170 1748 1139 950 807 606 760 1009 954 267 1069 387 591 1170 1268 335 943 1058 844 1263 3283 405 993 1309 902 1029 0 1043 422 856 737 767 1104 714 374 1024 1085 536 518 251 842 349 820 221 872 66 1001 880 196
692 889 3789 235 934 1341 883 1209 859 318 1252 993 1030 1335 519 1288 863 1068 979 923 834 758 440 495 838 212 912 853 506 3811 781 1107 456 1016 733 1043 0 950 833 954 472 958 379 856 1077 939 703 1046 843 240 824 1348 882 816 1034 149 1408 978
733 246 2969 874 291 521 536 688 116 1077 1655 870 681 515 468 467 740 685 255 800 477 453 1077 1175 223 850 789 575 1170 2990 424 724 1216 633 869 422 950 0 587 468 629 835 598 117 755 816 398 226 486 749 237 528 525 603 377 908 587 253
171 405 3185 757 406 626 109 400 508 961 1539 307 255 620 560 572 177 258 689 237 769 745 960 1059 619 734 226 148 1054 3206 716 298 1099 206 306 856 833 587 0 145 403 272 482 505 328 253 690 455 778 633 605 559 817 131 811 792 692 687
291 287 3066 878 288 508 94 384 390 1082 1659 428 239 502 642 454 298 243 570 358 651 627 1081 1179 501 855 347 133 1174 3088 598 282 1220 191 427 737 954 468 145 0 524 393 603 386 313 374 572 337 659 754 486 515 699 161 692 913 574 569
262 568 3469 396 613 1005 453 779 538 600 1177 563 599 1000 199 952 433 638 658 493 559 438 599 697 518 373 482 423 692 3490 506 677 738 586 303 767 472 629 403 524 0 528 120 535 647 509 383 725 567 272 504 938 607 386 758 431 1072 657
295 654 3433 882 655 875 322 442 757 1086 1663 226 469 869 685 708 302 505 937 76 1018 924 1085 1184 868 859 276 292 1178 3455 965 480 1224 429 431 1104 958 835 272 393 528 0 607 753 310 172 869 704 1026 758 853 601 1066 255 1059 917 941 936
340 537 3438 303 582 990 531 857 507 507 1084 641 678 984 168 936 511 716 627 571 506 407 506 604 487 280 560 502 599 3459 453 756 645 664 382 714 379 598 482 603 120 607 0 504 725 587 352 694 514 179 473 997 554 465 705 337 1056 626
652 152 2957 780 197 509 454 675 38 983 1561 788 600 503 374 455 658 603 207 718 383 359 983 1081 175 756 707 493 1076 2978 330 642 1122 551 787 374 856 117 505 386 535 753 504 0 673 734 304 213 392 655 189 516 431 521 329 814 575 205
414 573 3352 1001 575 593 277 156 676 1205 1782 345 423 587 804 422 421 220 857 275 937 913 1204 1302 787 978 395 316 1297 3373 884 195 1343 143 450 1024 1077 755 328 313 647 310 725 673 0 291 858 623 946 877 773 316 985 345 979 1036 659 855
276 635 3414 863 636 855 302 423 737 1067 1644 106 449 849 666 689 282 486 918 137 999 905 1066 1164 848 840 257 273 1159 3435 946 461 1205 409 411 1085 939 816 253 374 509 172 587 734 291 0 850 684 1007 739 834 582 1047 236 1040 898 922 917
603 337 3238 627 382 790 639 930 307 831 1408 904 785 784 222 736 774 788 427 833 328 100 830 929 287 604 823 678 923 3259 275 828 969 736 644 536 703 398 690 572 383 869 352 304 858 850 0 494 336 503 272 797 376 707 527 662 856 426
602 342 2889 970 387 389 404 556 212 1174 1751 739 550 384 564 336 608 553 351 668 573 549 1173 1271 319 947 657 443 1266 2910 520 593 1312 501 737 518 1046 226 455 337 725 704 694 213 623 684 494 0 582 846 333 397 621 472 473 1004 456 349
788 425 3325 767 470 877 727 1017 395 971 1548 1061 873 871 407 824 931 876 444 991 187 391 970 1068 341 744 980 766 1063 3347 205 915 1109 824 829 251 843 486 778 659 567 1026 514 392 946 1007 336 582 0 643 327 884 91 794 243 801 944 373
492 688 3589 163 733 1141 682 1009 658 367 1052 793 829 1135 319 1087 663 868 779 722 634 558 368 466 638 140 712 653 461 3611 581 907 505 816 533 842 240 749 633 754 272 758 179 655 877 739 503 846 643 0 624 1148 682 616 834 198 1208 777
724 252 3076 748 297 628 554 795 188 952 1529 888 700 623 343 575 758 703 182 818 319 328 951 1049 47 725 807 593 1044 3098 266 742 1090 651 765 349 824 237 605 486 504 853 473 189 773 834 272 333 327 624 0 636 367 621 304 783 695 181
705 592 3062 1272 593 303 508 185 515 1476 2054 636 654 297 867 132 712 451 653 566 876 852 1475 1574 622 1249 686 547 1569 3083 823 425 1614 374 741 820 1348 528 559 515 938 601 997 516 316 582 797 397 884 1148 636 0 924 575 775 1307 369 652
827 464 3365 806 509 917 767 1057 434 1010 1588 1101 912 911 446 863 970 915 413 1030 227 431 1009 1108 381 783 1020 805 1103 3386 244 955 1148 863 868 221 882 525 817 699 607 1066 554 431 985 1047 376 621 91 682 367 924 0 834 212 841 983 342
154 422 3201 740 423 642 126 416 524 944 1522 290 271 637 543 589 160 275 705 220 786 762 944 1042 635 717 209 150 1037 3223 733 314 1082 223 289 872 816 603 131 161 386 255 465 521 345 236 707 472 794 616 621 575 834 0 827 775 709 704
957 457 3216 958 502 768 760 935 328 1162 1739 1094 906 762 598 715 964 909 222 1024 378 582 1161 1259 290 935 1013 799 1254 3238 396 948 1300 857 1020 66 1034 377 811 692 758 1059 705 329 979 1040 527 473 243 834 304 775 212 827 0 992 835 152
651 847 3748 194 892 1300 841 1168 817 195 1211 952 988 1294 478 1246 821 1026 938 881 793 717 398 373 797 171 871 812 383 3769 740 1066 334 974 692 1001 149 908 792 913 431 917 337 814 1036 898 662 1004 801 198 783 1307 841 775 992 0 1366 936
839 651 3121 1332 652 87 642 529 574 1536 2113 976 787 92 926 309 846 791 713 905 935 911 1535 1633 681 1309 895 680 1628 3143 882 769 1674 718 975 880 1408 587 692 574 1072 941 1056 575 659 922 856 456 944 1208 695 369 983 709 835 1366 0 711
834 334 3093 901 379 645 636 811 204 1105 1683 971 782 639 496 591 840 785 99 900 472 481 1105 1203 167 878 890 675 1198 3114 419 825 1243 733 918 196 978 253 687 569 657 936 626 205 855 917 426 349 373 777 181 652 342 704 152 936 711 0
EOF