NAME : tsp_problem
TYPE : TSP
DIMENSION : 70
EDGE_WEIGHT_TYPE : EXPLICIT
EDGE_WEIGHT_FORMAT : FULL_MATRIX
EDGE_WEIGHT_SECTION
0 768 543 100 903 638 727 1017 299 862 2670 840 502 296 1020 282 280 391 713 259 732 413 1026 384 242 757 401 913 534 831 3259 237 813 3255 419 807 242 311 954 473 261 3252 559 707 763 865 229 395 340 289 511 1051 488 877 639 835 489 911 2950 390 2994 391 749 207 578 991 478 283 263 3253
768 0 1092 762 1045 192 159 475 961 879 2459 989 1051 878 453 608 733 941 1262 712 287 1072 459 966 605 1306 951 703 416 263 3808 786 1090 3804 969 363 831 764 971 1022 639 3802 1108 984 1041 1415 779 944 922 741 1060 483 1037 894 1188 1385 1039 928 2739 1052 2783 940 796 790 1128 491 1060 832 641 3803
543 1092 0 537 552 962 1051 1341 592 510 2669 489 135 321 1344 647 559 308 221 538 1057 480 1350 373 521 265 318 1237 858 1155 2878 466 461 2874 336 1132 457 590 603 206 540 2872 67 355 412 374 458 256 329 568 174 1375 253 526 147 344 122 560 2949 501 2993 252 398 397 87 1315 468 321 542 2873
100 762 537 0 897 632 721 1011 293 856 2664 834 496 290 1014 276 274 385 707 254 727 407 1020 378 236 751 396 907 528 825 3253 231 807 3249 413 802 236 305 948 467 255 3246 553 701 757 859 223 389 334 283 505 1045 482 871 633 829 483 905 2944 384 2988 385 743 201 572 985 472 277 257 3247
903 1045 552 897 0 915 1003 1294 1094 394 2947 504 661 824 1297 934 920 614 546 899 1009 982 1303 876 847 402 624 1190 811 1107 3403 826 210 3399 642 1084 818 951 280 731 881 3396 549 301 288 698 819 781 832 928 699 1327 779 203 507 669 648 443 3227 1004 3270 777 311 771 570 1267 970 634 883 3398
638 192 962 632 915 0 151 405 831 749 2330 859 922 749 413 478 603 811 1132 582 119 943 450 836 476 1177 821 573 287 255 3679 657 960 3675 839 195 702 634 842 892 509 3672 979 854 911 1285 649 815 792 612 930 458 908 765 1058 1255 909 799 2610 922 2653 811 666 660 998 379 931 703 511 3673
727 159 1051 721 1003 151 0 341 920 838 2418 948 1010 837 319 567 692 899 1221 671 245 1031 325 925 564 1265 910 662 375 130 3767 745 1049 3763 928 321 790 722 930 981 598 3761 1067 943 999 1374 738 903 881 700 1019 350 996 853 1147 1344 998 887 2698 1011 2742 899 755 748 1087 358 1019 791 600 3762
1017 475 1341 1011 1294 405 341 0 1210 1128 2708 1238 1300 1127 50 857 982 1190 1511 961 417 1321 81 1215 854 1555 1200 952 665 224 4057 1035 1339 4053 1218 225 1081 1013 1220 1271 888 4051 1357 1233 1290 1664 1028 1193 1171 990 1309 94 1286 1144 1437 1634 1288 1178 2988 1301 3032 1189 1045 1039 1377 39 1309 1081 890 4052
299 961 592 293 1094 831 920 1210 0 1053 2863 1031 551 330 1213 475 473 582 762 452 925 134 1219 240 435 806 593 1106 727 1024 3308 430 1004 3304 610 1000 435 504 1145 522 454 3301 608 898 954 914 422 444 283 482 560 1244 537 1068 688 885 538 1102 3143 112 3186 440 940 400 628 1184 233 474 456 3302
862 879 510 856 394 749 838 1128 1053 0 2781 270 619 782 1131 769 809 572 706 788 844 941 1137 834 681 750 583 1024 645 942 3362 785 439 3358 600 919 776 840 320 690 715 3356 508 333 390 858 777 740 790 817 658 1162 737 244 632 828 607 209 3061 963 3105 736 145 729 571 1102 929 592 717 3357
6096 5885 6189 6090 6373 5756 5844 6134 6289 6207 0 6317 6202 6207 6138 5936 6061 6269 6294 6040 5850 6400 6143 6294 5933 6338 6279 5256 5745 5948 6496 6114 6418 6492 6297 5925 6160 6092 6299 6254 5967 6489 6205 6312 6369 6447 6107 6272 6250 6069 6241 6168 6269 6223 6220 6417 6190 6257 3730 6380 3695 6268 6124 6118 6160 6108 6388 6160 5969 6490
840 989 489 834 504 859 948 1238 1031 270 2891 0 598 761 1241 879 857 551 684 836 953 919 1247 813 791 728 561 1134 755 1052 3341 763 418 3337 579 1028 755 888 430 668 825 3334 486 312 368 837 756 718 769 865 636 1272 716 354 610 807 585 121 3171 941 3214 714 255 708 550 1212 907 571 827 3335
502 1051 135 496 661 922 1010 1300 551 619 2693 598 0 280 1303 606 518 389 305 497 1016 439 1309 332 480 349 399 1196 817 1114 2902 425 570 2898 417 1091 416 549 711 107 499 2896 151 464 521 458 417 215 288 527 75 1334 154 635 231 428 81 669 2974 461 3017 211 507 356 171 1274 427 280 501 2897
296 878 321 290 824 749 837 1127 330 782 2780 761 280 0 1131 400 346 312 491 325 843 217 1136 111 308 535 322 1024 644 941 3037 252 733 3033 340 918 196 377 875 251 326 3031 337 627 684 644 244 174 67 354 289 1161 267 798 417 614 268 832 3060 239 3104 169 670 99 357 1101 206 203 328 3032
1020 453 1344 1014 1297 413 319 50 1213 1131 2711 1241 1303 1131 0 860 985 1193 1514 964 425 1324 59 1218 857 1558 1203 955 669 202 4060 1038 1342 4056 1221 234 1084 1016 1223 1274 891 4054 1360 1236 1293 1667 1031 1196 1174 993 1312 74 1290 1147 1440 1637 1291 1181 2991 1304 3035 1192 1048 1042 1380 47 1312 1084 893 4055
282 608 647 276 934 478 567 857 475 769 2510 879 606 400 860 0 384 495 817 363 572 589 866 488 346 861 505 753 374 671 3363 341 917 3359 523 647 346 415 861 577 365 3356 663 811 867 969 333 499 444 393 615 890 592 784 743 939 593 818 2790 566 2833 495 686 311 682 830 582 387 367 3357
280 733 559 274 920 603 692 982 473 809 2635 857 518 346 985 384 0 408 729 73 697 539 991 433 162 773 418 878 499 796 3275 253 829 3272 436 772 304 58 901 489 181 3269 576 723 780 882 246 412 389 46 527 1016 505 824 655 852 506 858 2915 561 2958 408 726 257 595 956 528 299 183 3270
391 941 308 385 614 811 899 1190 582 572 2842 551 389 312 1193 495 408 0 503 387 905 470 1198 364 370 547 34 1086 707 1003 3146 314 523 3142 130 980 306 439 665 359 388 3139 305 417 474 655 307 282 320 416 397 1223 375 588 429 626 376 622 3123 492 3166 278 460 258 369 1163 458 122 390 3140
713 1262 221 707 546 1132 1221 1511 762 706 2775 684 305 491 1514 817 729 503 0 708 1227 650 1520 543 691 171 513 1407 1028 1325 2984 636 596 2980 531 1302 627 760 798 376 710 2977 237 550 607 171 628 426 499 738 344 1545 423 721 88 141 292 755 3055 672 3099 422 593 567 150 1485 638 491 712 2978
259 712 538 254 899 582 671 961 452 788 2614 836 497 325 964 363 73 387 708 0 676 518 970 412 141 753 397 857 478 775 3254 232 808 3251 415 751 283 104 880 468 160 3248 555 702 759 861 225 391 368 81 506 995 484 803 634 831 485 837 2894 540 2937 387 705 236 574 935 507 278 162 3249
732 287 1057 727 1009 119 245 417 925 844 2424 953 1016 843 425 572 697 905 1227 676 0 1037 475 930 570 1271 916 667 381 349 3773 751 1055 3769 933 207 796 728 936 987 604 3766 1073 949 1005 1379 743 909 886 706 1025 469 1002 859 1153 1349 1003 893 2704 1016 2747 905 761 754 1092 390 1025 797 606 3767
413 1072 480 407 982 943 1031 1321 134 941 2974 919 439 217 1324 589 539 470 650 518 1037 0 1330 128 501 694 480 1218 838 1135 3196 446 892 3192 498 1112 390 570 1033 410 520 3189 496 786 842 802 438 332 171 548 448 1355 425 956 576 773 426 990 3254 44 3298 328 828 293 515 1295 121 362 522 3190
1026 459 1350 1020 1303 450 325 81 1219 1137 2717 1247 1309 1136 59 866 991 1198 1520 970 475 1330 0 1224 863 1564 1209 961 674 208 4066 1044 1348 4062 1227 284 1089 1022 1229 1280 897 4060 1366 1242 1299 1673 1037 1202 1180 999 1318 90 1295 1152 1446 1643 1297 1186 2997 1310 3041 1198 1054 1048 1386 98 1318 1090 899 4061
384 966 373 378 876 836 925 1215 240 834 2868 813 332 111 1218 488 433 364 543 412 930 128 1224 0 395 588 374 1111 732 1029 3089 339 785 3086 392 1005 284 464 927 303 414 3083 390 679 736 696 332 226 65 442 341 1249 319 850 469 666 320 884 3148 150 3191 222 722 187 409 1189 116 255 416 3084
242 605 521 236 847 476 564 854 435 681 2507 791 480 308 857 346 162 370 691 141 570 501 863 395 0 735 380 751 371 668 3237 215 791 3233 398 645 266 193 774 451 68 3231 537 685 742 844 208 373 351 170 489 888 466 697 617 814 468 731 2787 523 2831 369 598 219 557 828 489 261 70 3232
757 1306 265 751 402 1177 1265 1555 806 750 2819 728 349 535 1558 861 773 547 171 753 1271 694 1564 588 735 0 557 1452 1072 1369 3028 680 452 3024 575 1346 671 804 658 420 754 3021 282 544 531 323 672 470 543 782 388 1589 467 581 132 294 337 799 3099 716 3143 466 637 611 195 1529 682 535 756 3022
401 951 318 396 624 821 910 1200 593 583 2853 561 399 322 1203 505 418 34 513 397 916 480 1209 374 380 557 0 1096 717 1014 3156 325 534 3152 140 991 316 449 675 370 399 3150 315 428 484 666 317 292 330 427 408 1234 385 598 439 636 387 632 3133 502 3177 288 470 269 379 1174 469 132 401 3151
913 703 1237 907 1190 573 662 952 1106 1024 1830 1134 1196 1024 955 753 878 1086 1407 857 667 1218 961 1111 751 1452 1096 0 562 766 3705 932 1235 3701 1114 742 977 909 1117 1167 784 3698 1254 1129 1186 1560 924 1090 1067 887 1205 985 1183 1040 1333 1530 1184 1074 2110 1197 2154 1086 941 935 1273 925 1206 978 786 3699
534 416 858 528 811 287 375 665 727 645 2318 755 817 644 669 374 499 707 1028 478 381 838 674 732 371 1072 717 562 0 479 3574 552 856 3570 735 456 598 530 737 788 405 3568 874 750 807 1181 545 710 688 507 826 699 803 661 954 1151 805 695 2598 818 2642 706 562 556 894 639 826 598 407 3569
831 263 1155 825 1107 255 130 224 1024 942 2522 1052 1114 941 202 671 796 1003 1325 775 349 1135 208 1029 668 1369 1014 766 479 0 3871 849 1153 3867 1032 425 894 826 1034 1085 702 3865 1171 1047 1103 1477 842 1007 985 804 1123 232 1100 957 1251 1448 1102 991 2802 1115 2846 1003 859 852 1191 240 1123 895 704 3866
3279 3828 2909 3273 3434 3699 3787 4077 3328 3394 3081 3372 2923 3058 4080 3383 3296 3166 3015 3275 3793 3216 4086 3110 3257 3059 3176 3778 3594 3891 0 3202 3344 92 3194 3868 3194 3326 3486 2974 3276 90 2925 3238 3295 3167 3194 2992 3066 3304 2961 4111 2990 3409 2941 3138 2910 3443 3362 3238 3405 2988 3281 3133 2881 4051 3204 3057 3278 91
237 786 466 231 826 657 745 1035 430 785 2688 763 425 252 1038 341 253 314 636 232 751 446 1044 339 215 680 325 932 552 849 3182 0 736 3178 342 826 211 284 877 396 234 3175 482 630 686 788 38 318 295 262 434 1069 411 800 562 758 412 834 2968 468 3012 314 672 163 501 1009 434 206 236 3176
813 1090 461 807 210 960 1049 1339 1004 439 2992 418 570 733 1342 917 829 523 596 808 1055 892 1348 785 791 452 534 1235 856 1153 3313 736 0 3309 551 1130 727 860 466 641 810 3307 459 211 130 748 728 691 741 838 609 1373 688 389 557 719 558 489 3272 914 3316 687 327 680 522 1313 880 543 812 3308
3275 3824 2905 3269 3430 3695 3783 4074 3324 3390 3078 3368 2919 3054 4077 3379 3292 3162 3011 3271 3789 3212 4082 3106 3254 3055 3172 3774 3591 3887 92 3198 3341 0 3190 3864 3190 3323 3482 2970 3272 86 2921 3235 3291 3164 3191 2988 3062 3300 2957 4107 2986 3405 2937 3134 2906 3439 3358 3234 3401 2984 3277 3129 2877 4047 3200 3053 3274 87
419 969 336 413 642 839 928 1218 610 600 2871 579 417 340 1221 523 436 130 531 415 933 498 1227 392 398 575 140 1114 735 1032 3174 342 551 3170 0 1008 334 467 693 388 416 3167 333 445 502 684 335 310 348 445 426 1251 403 616 457 654 404 650 3151 520 3194 306 488 287 397 1191 486 150 419 3168
807 363 1132 802 1084 195 321 225 1000 919 2499 1028 1091 918 234 647 772 980 1302 751 207 1112 284 1005 645 1346 991 742 456 425 3848 826 1130 3844 1008 0 871 803 1011 1062 679 3841 1148 1024 1080 1454 818 984 961 781 1100 278 1077 934 1228 1424 1078 968 2779 1091 2822 980 836 829 1167 199 1100 872 681 3842
242 831 457 236 818 702 790 1081 435 776 2733 755 416 196 1084 346 304 306 627 283 796 390 1089 284 266 671 316 977 598 894 3173 211 727 3169 334 871 0 335 869 387 285 3167 473 621 678 780 203 310 240 313 425 1114 403 792 553 750 404 826 3014 412 3057 305 664 107 493 1054 378 197 287 3168
311 764 590 305 951 634 722 1013 504 840 2666 888 549 377 1016 415 58 439 760 104 728 570 1022 464 193 804 449 909 530 826 3306 284 860 3302 467 803 335 0 932 520 211 3300 606 754 811 913 277 442 420 50 558 1046 536 855 686 883 537 889 2946 592 2989 438 757 288 626 986 558 330 213 3301
954 971 603 948 280 842 930 1220 1145 320 2873 430 711 875 1223 861 901 665 798 880 936 1033 1229 927 774 658 675 1117 737 1034 3455 877 466 3451 693 1011 869 932 0 782 807 3448 600 426 482 950 870 832 883 910 750 1254 830 130 724 921 699 370 3153 1055 3197 828 238 821 664 1194 1021 685 809 3449
473 1022 206 467 731 892 981 1271 522 690 2745 668 107 251 1274 577 489 359 376 468 987 410 1280 303 451 420 370 1167 788 1085 2954 396 641 2950 388 1062 387 520 782 0 470 2948 222 535 592 528 388 186 259 498 86 1305 95 706 302 499 122 740 3026 432 3069 182 578 327 242 1245 398 251 472 2949
261 639 540 255 881 509 598 888 454 715 2541 825 499 326 891 365 181 388 710 160 604 520 897 414 68 754 399 784 405 702 3256 234 810 3252 416 679 285 211 807 470 0 3249 556 704 760 862 226 392 370 189 508 922 485 730 636 833 486 764 2821 542 2865 388 632 237 576 862 508 280 44 3250
3272 3822 2903 3267 3428 3692 3781 4071 3322 3387 3075 3366 2916 3051 4074 3376 3289 3159 3008 3268 3787 3210 4080 3103 3251 3053 3170 3772 3588 3885 90 3196 3338 86 3187 3862 3187 3320 3479 2968 3270 0 2919 3232 3289 3161 3188 2986 3059 3298 2955 4105 2983 3403 2934 3131 2904 3437 3355 3231 3399 2982 3275 3127 2874 4045 3198 3051 3272 85
559 1108 67 553 549 979 1067 1357 608 508 2685 486 151 337 1360 663 576 305 237 555 1073 496 1366 390 537 282 315 1254 874 1171 2894 482 459 2890 333 1148 473 606 600 222 556 2888 0 353 409 390 474 272 346 584 190 1391 269 523 164 360 139 557 2966 518 3009 268 395 413 103 1331 484 325 558 2889
707 984 355 701 301 854 943 1233 898 333 2886 312 464 627 1236 811 723 417 550 702 949 786 1242 679 685 544 428 1129 750 1047 3207 630 211 3203 445 1024 621 754 426 535 704 3201 353 0 161 703 622 585 635 732 503 1267 582 349 477 673 452 383 3166 808 3210 581 221 574 416 1207 774 437 706 3202
763 1041 412 757 288 911 999 1290 954 390 2943 368 521 684 1293 867 780 474 607 759 1005 842 1299 736 742 531 484 1186 807 1103 3264 686 130 3260 502 1080 678 811 482 592 760 3257 409 161 0 760 679 642 692 789 559 1323 639 405 533 730 508 439 3223 864 3266 638 277 631 473 1263 830 494 763 3258
865 1415 374 859 698 1285 1374 1664 914 858 2927 837 458 644 1667 969 882 655 171 861 1379 802 1673 696 844 323 666 1560 1181 1477 3136 788 748 3132 684 1454 780 913 950 528 862 3130 390 703 760 0 781 578 652 890 496 1697 576 874 241 56 445 908 3208 824 3251 574 746 720 303 1637 790 644 865 3131
229 779 458 223 819 649 738 1028 422 777 2681 756 417 244 1031 333 246 307 628 225 743 438 1037 332 208 672 317 924 545 842 3174 38 728 3170 335 818 203 277 870 388 226 3168 474 622 679 781 0 310 288 254 426 1061 403 793 554 751 405 827 2961 460 3004 306 665 156 494 1001 426 198 229 3169
395 944 256 389 781 815 903 1193 444 740 2763 718 215 174 1196 499 412 282 426 391 909 332 1202 226 373 470 292 1090 710 1007 2972 318 691 2968 310 984 310 442 832 186 392 2965 272 585 642 578 310 0 182 420 224 1227 201 756 352 549 202 790 3043 354 3087 30 628 249 292 1167 320 173 394 2967
340 922 329 334 832 792 881 1171 283 790 2824 769 288 67 1174 444 389 320 499 368 886 171 1180 65 351 543 330 1067 688 985 3045 295 741 3042 348 961 240 420 883 259 370 3039 346 635 692 652 288 182 0 398 297 1205 275 806 425 622 276 840 3104 193 3147 178 678 143 365 1145 159 211 372 3040
289 741 568 283 928 612 700 990 482 817 2643 865 527 354 993 393 46 416 738 81 706 548 999 442 170 782 427 887 507 804 3284 262 838 3280 445 781 313 50 910 498 189 3278 584 732 789 890 254 420 398 0 536 1024 513 833 664 861 515 867 2923 570 2967 416 734 265 604 964 536 308 191 3279
511 1060 174 505 699 930 1019 1309 560 658 2732 636 75 289 1312 615 527 397 344 506 1025 448 1318 341 489 388 408 1205 826 1123 2941 434 609 2937 426 1100 425 558 750 86 508 2935 190 503 559 496 426 224 297 536 0 1343 133 673 270 466 90 707 3012 470 3056 220 545 365 209 1283 436 289 510 2936
1051 483 1375 1045 1327 458 350 94 1244 1162 2742 1272 1334 1161 74 890 1016 1223 1545 995 469 1355 90 1249 888 1589 1234 985 699 232 4091 1069 1373 4087 1251 278 1114 1046 1254 1305 922 4085 1391 1267 1323 1697 1061 1227 1205 1024 1343 0 1320 1177 1471 1668 1322 1211 3022 1334 3066 1223 1079 1072 1411 91 1343 1115 924 4086
488 1037 253 482 779 908 996 1286 537 737 2761 716 154 267 1290 592 505 375 423 484 1002 425 1295 319 466 467 385 1183 803 1100 2970 411 688 2966 403 1077 403 536 830 95 485 2963 269 582 639 576 403 201 275 513 133 1320 0 753 349 546 169 787 3041 447 3084 197 625 342 289 1260 413 266 487 2964
877 894 526 871 203 765 853 1144 1068 244 2796 354 635 798 1147 784 824 588 721 803 859 956 1152 850 697 581 598 1040 661 957 3378 800 389 3374 616 934 792 855 130 706 730 3371 523 349 405 874 793 756 806 833 673 1177 753 0 647 844 622 293 3077 978 3120 752 161 745 587 1117 944 608 733 3372
639 1188 147 633 507 1058 1147 1437 688 632 2701 610 231 417 1440 743 655 429 88 634 1153 576 1446 469 617 132 439 1333 954 1251 2910 562 557 2906 457 1228 553 686 724 302 636 2903 164 477 533 241 554 352 425 664 270 1471 349 647 0 211 219 681 2981 598 3025 348 519 493 76 1411 564 417 638 2904
835 1385 344 829 669 1255 1344 1634 885 828 2898 807 428 614 1637 939 852 626 141 831 1349 773 1643 666 814 294 636 1530 1151 1448 3107 758 719 3103 654 1424 750 883 921 499 833 3100 360 673 730 56 751 549 622 861 466 1668 546 844 211 0 415 878 3178 794 3221 545 716 690 273 1608 761 614 835 3101
489 1039 122 483 648 909 998 1288 538 607 2681 585 81 268 1291 593 506 376 292 485 1003 426 1297 320 468 337 387 1184 805 1102 2890 412 558 2886 404 1078 404 537 699 122 486 2883 139 452 508 445 405 202 276 515 90 1322 169 622 219 415 0 656 2961 448 3005 198 494 344 158 1262 414 268 489 2885
911 928 560 905 443 799 887 1178 1102 209 2830 121 669 832 1181 818 858 622 755 837 893 990 1186 884 731 799 632 1074 695 991 3412 834 489 3408 650 968 826 889 370 740 764 3405 557 383 439 908 827 790 840 867 707 1211 787 293 681 878 656 0 3111 1012 3154 786 195 779 621 1151 978 642 767 3406
2911 2701 3004 2905 3188 2571 2660 2950 3104 3022 1437 3132 3017 3022 2953 2751 2876 3084 3110 2855 2665 3216 2959 3109 2749 3154 3094 2072 2560 2764 3311 2930 3233 3307 3112 2740 2975 2907 3115 3069 2782 3305 3020 3127 3184 3262 2922 3087 3065 2885 3056 2984 3085 3038 3036 3233 3005 3072 0 3195 79 3083 2939 2933 2975 2923 3204 2976 2785 3306
390 1052 501 384 1004 922 1011 1301 112 963 2954 941 461 239 1304 566 561 492 672 540 1016 44 1310 150 523 716 502 1197 818 1115 3218 468 914 3214 520 1091 412 592 1055 432 542 3211 518 808 864 824 460 354 193 570 470 1334 447 978 598 794 448 1012 3234 0 3277 350 850 315 537 1274 143 384 544 3212
2955 2744 3048 2949 3232 2615 2703 2993 3148 3066 1480 3176 3061 3065 2996 2795 2920 3127 3153 2899 2709 3259 3002 3153 2792 3197 3138 2115 2603 2807 3355 2973 3277 3351 3156 2784 3018 2951 3158 3113 2826 3348 3064 3171 3228 3306 2966 3130 3109 2928 3100 3027 3128 3081 3079 3276 3048 3115 79 3239 0 3126 2983 2977 3019 2967 3247 3019 2828 3349
391 940 252 385 777 811 899 1189 440 736 2759 714 211 169 1192 495 408 278 422 387 905 328 1198 222 369 466 288 1086 706 1003 2968 314 687 2964 306 980 305 438 828 182 388 2961 268 581 638 574 306 30 178 416 220 1223 197 752 348 545 198 786 3039 350 3083 0 624 245 288 1163 316 169 390 2963
749 796 398 743 311 666 755 1045 940 145 2698 255 507 670 1048 686 726 460 593 705 761 828 1054 722 598 637 470 941 562 859 3250 672 327 3246 488 836 664 757 238 578 632 3244 395 221 277 746 665 628 678 734 545 1079 625 161 519 716 494 195 2978 850 3022 624 0 617 459 1019 816 480 634 3245
207 790 397 201 771 660 748 1039 400 729 2692 708 356 99 1042 311 257 258 567 236 754 293 1048 187 219 611 269 935 556 852 3113 163 680 3109 287 829 107 288 821 327 237 3107 413 574 631 720 156 249 143 265 365 1072 342 745 493 690 344 779 2972 315 3015 245 617 0 433 1012 281 150 239 3108
578 1128 87 572 570 998 1087 1377 628 571 2641 550 171 357 1380 682 595 369 150 574 1092 515 1386 409 557 195 379 1273 894 1191 2849 501 522 2846 397 1167 493 626 664 242 576 2843 103 416 473 303 494 292 365 604 209 1411 289 587 76 273 158 621 2921 537 2964 288 459 433 0 1351 504 357 578 2844
991 491 1315 985 1267 379 358 39 1184 1102 2682 1212 1274 1101 47 830 956 1163 1485 935 390 1295 98 1189 828 1529 1174 925 639 240 4031 1009 1313 4027 1191 199 1054 986 1194 1245 862 4024 1331 1207 1263 1637 1001 1167 1145 964 1283 91 1260 1117 1411 1608 1262 1151 2962 1274 3006 1163 1019 1012 1351 0 1283 1055 864 4026
478 1060 468 472 970 931 1019 1309 233 929 2962 907 427 206 1312 582 528 458 638 507 1025 121 1318 116 489 682 469 1206 826 1123 3184 434 880 3180 486 1100 378 558 1021 398 508 3177 484 774 830 790 426 320 159 536 436 1343 413 944 564 761 414 978 3242 143 3286 316 816 281 504 1283 0 350 510 3179
283 832 321 277 634 703 791 1081 474 592 2734 571 280 203 1084 387 299 122 491 278 797 362 1090 255 261 535 132 978 598 895 3037 206 543 3033 150 872 197 330 685 251 280 3031 325 437 494 644 198 173 211 308 289 1115 266 608 417 614 268 642 3014 384 3058 169 480 150 357 1055 350 0 282 3032
263 641 542 257 883 511 600 890 456 717 2543 827 501 328 893 367 183 390 712 162 606 522 899 416 70 756 401 786 407 704 3258 236 812 3254 419 681 287 213 809 472 44 3252 558 706 763 865 229 394 372 191 510 924 487 733 638 835 489 767 2823 544 2867 390 634 239 578 864 510 282 0 3253
3274 3823 2904 3268 3429 3693 3782 4072 3323 3388 3076 3367 2917 3052 4075 3378 3290 3160 3009 3269 3788 3211 4081 3104 3252 3054 3171 3773 3589 3886 91 3197 3339 87 3189 3863 3188 3321 3480 2969 3271 85 2920 3233 3290 3162 3189 2987 3060 3299 2956 4106 2984 3404 2936 3132 2905 3438 3356 3232 3400 2983 3276 3128 2875 4046 3199 3052 3273 0
EOF