NAME : tsp_problem
TYPE : TSP
DIMENSION : 48
EDGE_WEIGHT_TYPE : EXPLICIT
EDGE_WEIGHT_FORMAT : FULL_MATRIX
EDGE_WEIGHT_SECTION
0 896 201 234 559 673 836 560 504 690 99 721 684 561 633 795 3367 111 877 138 219 456 256 196 520 708 638 353 360 395 655 196 242 555 354 359 629 718 185 312 225 910 659 780 222 655 390 869
896 0 852 950 572 662 975 1044 621 645 975 578 541 935 414 933 3506 929 1016 892 871 940 1132 868 522 565 777 1094 706 807 594 868 982 672 992 1228 631 261 927 1054 941 67 776 206 938 794 1131 1008
201 852 0 396 721 835 792 722 666 852 280 813 776 723 649 751 3323 274 833 300 69 618 436 358 683 800 594 409 416 558 818 358 404 717 516 540 791 674 242 369 388 866 822 736 385 611 446 825
234 950 396 0 490 605 1032 571 435 621 313 652 615 572 565 990 3563 145 1072 107 414 467 398 127 452 639 833 551 558 335 587 128 306 486 418 502 560 825 384 511 68 963 591 834 65 850 588 1064
559 572 721 490 0 331 1085 585 77 348 638 379 342 585 291 1043 3616 470 1125 432 739 481 723 409 179 366 886 877 816 348 118 409 523 213 533 827 91 552 709 836 482 528 318 551 479 903 913 1117
673 662 835 605 331 0 1070 699 276 127 752 165 259 699 277 1028 3601 584 1111 546 854 595 838 523 293 153 872 991 801 462 428 523 637 258 647 941 401 537 823 950 596 675 145 546 593 889 1028 1103
836 975 792 1032 1085 1070 0 1358 1029 1053 909 986 949 1359 822 409 3251 909 333 936 811 1254 1072 994 930 973 225 1000 611 1193 1181 994 1040 1080 1152 1133 1154 762 832 959 1023 990 1184 859 1020 303 1036 394
560 1044 722 571 585 699 1358 0 530 716 639 746 709 276 659 1316 3500 501 1398 513 741 178 583 489 546 733 1160 878 885 256 681 490 359 580 369 686 654 919 710 837 563 1009 685 928 560 1177 782 1390
504 621 666 435 77 276 1029 530 0 293 583 324 287 530 236 988 3561 415 1070 377 684 426 668 354 123 311 831 822 761 293 174 354 468 158 478 772 147 497 654 781 427 584 262 505 424 848 858 1062
690 645 852 621 348 127 1053 716 293 0 769 149 242 716 260 1012 3584 601 1094 563 870 612 854 540 291 136 855 1008 784 479 445 540 654 275 664 958 418 520 840 967 613 658 161 529 610 872 1044 1086
99 975 280 313 638 752 909 639 583 769 0 799 762 640 712 868 3441 190 950 217 298 535 305 275 599 787 711 389 396 474 734 275 321 633 433 409 707 791 222 349 304 988 738 859 301 728 426 942
721 578 813 652 379 165 986 746 324 149 799 0 175 747 193 945 3517 632 1027 594 831 642 885 570 224 69 788 1038 717 510 475 570 685 374 695 989 448 453 871 997 644 591 280 462 641 805 1075 1019
684 541 776 615 342 259 949 709 287 242 762 175 0 710 156 908 3480 595 990 557 794 605 848 533 187 162 751 1001 681 473 438 534 648 337 658 952 411 416 834 960 607 554 373 425 604 768 1038 982
561 935 723 572 585 699 1359 276 530 716 640 747 710 0 660 1317 3500 502 1399 514 741 179 583 490 547 734 1160 878 885 257 621 490 360 581 370 687 655 920 711 838 564 891 686 914 561 1177 783 1391
633 414 649 565 291 277 822 659 236 260 712 193 156 660 0 781 3353 544 863 507 668 555 798 483 137 180 624 902 554 422 388 483 597 287 607 901 361 289 734 861 556 427 391 298 553 641 939 855
795 933 751 990 1043 1028 409 1316 988 1012 868 945 908 1317 781 0 3209 867 98 894 769 1212 1030 952 889 932 246 958 570 1152 1140 952 998 1039 1110 1091 1113 720 791 917 982 948 1143 817 979 167 995 90
3329 3467 3285 3524 3577 3562 3212 3554 3522 3545 3402 3478 3442 3555 3315 3170 0 3401 3253 3428 3303 3450 3564 3486 3423 3466 3014 3492 3104 3454 3673 3486 3436 3573 3497 3625 3647 3254 3324 3451 3516 3482 3677 3351 3513 3031 3529 3245
111 929 274 145 470 584 909 501 415 601 190 632 595 502 544 867 3440 0 950 49 292 398 276 107 432 619 711 429 436 315 567 107 183 466 295 379 540 791 262 388 137 943 571 813 134 728 466 942
877 1016 833 1072 1125 1111 333 1398 1070 1094 950 1027 990 1399 863 98 3291 950 0 976 851 1295 1112 1034 971 1014 328 1040 652 1234 1222 1035 1080 1121 1192 1173 1195 803 873 999 1064 1030 1225 900 1061 249 1077 83
138 892 300 107 432 546 936 513 377 563 217 594 557 514 507 894 3467 49 976 0 318 409 302 69 394 581 738 456 463 277 529 70 210 428 322 406 502 767 288 415 99 905 533 776 96 755 492 968
219 871 69 414 739 854 811 741 684 870 298 831 794 741 668 769 3342 292 851 318 0 637 454 376 701 819 612 428 435 576 836 377 422 735 534 558 809 692 260 387 406 884 840 755 403 629 464 843
456 940 618 467 481 595 1254 178 426 612 535 642 605 179 555 1212 3396 398 1295 409 637 0 479 386 442 630 1056 774 781 152 577 386 255 476 265 582 550 815 606 733 459 912 581 824 456 1073 678 1287
256 1132 436 398 723 838 1072 583 668 854 305 885 848 583 798 1030 3603 276 1112 302 454 479 0 360 685 872 874 423 566 418 820 361 265 719 376 119 793 953 391 518 390 1145 824 1016 387 891 215 1104
196 868 358 127 409 523 994 489 354 540 275 570 533 490 483 952 3525 107 1034 69 376 386 360 0 370 558 796 514 521 253 505 46 268 404 380 464 478 743 346 473 119 881 509 752 116 813 550 1026
520 522 683 452 179 293 930 546 123 291 599 224 187 547 137 889 3461 432 971 394 701 442 685 370 0 212 732 838 662 310 275 370 485 174 494 788 248 397 671 797 444 535 279 406 441 749 875 963
708 565 800 639 366 153 973 733 311 136 787 69 162 734 180 932 3504 619 1014 581 819 630 872 558 212 0 775 1025 705 497 462 558 672 362 682 976 436 441 858 985 631 578 267 449 628 792 1062 1006
638 777 594 833 886 872 225 1160 831 855 711 788 751 1160 624 246 3052 711 328 738 612 1056 874 796 732 775 0 801 413 995 983 796 842 882 953 935 956 564 634 761 825 792 986 661 822 105 838 320
353 1094 409 551 877 991 1000 878 822 1008 389 1038 1001 878 902 958 3531 429 1040 456 428 774 423 514 838 1025 801 0 486 713 973 514 560 872 671 326 946 881 287 296 543 1109 977 978 540 818 229 1032
360 706 416 558 816 801 611 885 761 784 396 717 681 885 554 570 3143 436 652 463 435 781 566 521 662 705 413 486 0 720 912 521 567 812 678 620 886 493 319 446 550 721 916 590 547 430 523 644
395 807 558 335 348 462 1193 256 293 479 474 510 473 257 422 1152 3400 315 1234 277 576 152 418 253 310 497 995 713 720 0 445 253 194 344 204 522 418 683 546 672 326 821 449 691 324 1012 617 1226
655 594 818 587 118 428 1181 681 174 445 734 475 438 621 388 1140 3712 567 1222 529 836 577 820 505 275 462 983 973 912 445 0 505 620 309 629 923 177 648 806 932 579 549 414 572 576 1000 1010 1214
196 868 358 128 409 523 994 490 354 540 275 570 534 490 483 952 3525 107 1035 70 377 386 361 46 370 558 796 514 521 253 505 0 268 405 380 464 479 744 346 473 119 881 509 752 116 813 551 1027
242 982 404 306 523 637 1040 359 468 654 321 685 648 360 597 998 3392 183 1080 210 422 255 265 268 485 672 842 560 567 194 620 268 0 519 129 368 593 858 392 519 297 996 624 866 294 858 464 1072
555 672 717 486 213 258 1080 580 158 275 633 374 337 581 287 1039 3611 466 1121 428 735 476 719 404 174 362 882 872 812 344 309 405 519 0 529 823 282 547 705 831 478 685 244 556 475 899 909 1113
354 992 516 418 533 647 1152 369 478 664 433 695 658 370 607 1110 3453 295 1192 322 534 265 376 380 494 682 953 671 678 204 629 380 129 529 0 480 603 868 504 631 409 1005 633 876 406 970 576 1184
359 1228 540 502 827 941 1133 686 772 958 409 989 952 687 901 1091 3664 379 1173 406 558 582 119 464 788 976 935 326 620 522 923 464 368 823 480 0 897 1015 420 429 493 1242 927 1112 490 952 117 1165
629 631 791 560 91 401 1154 654 147 418 707 448 411 655 361 1113 3685 540 1195 502 809 550 793 478 248 436 956 946 886 418 177 479 593 282 603 897 0 621 779 905 552 587 387 610 549 973 983 1187
718 261 674 825 552 537 762 919 497 520 791 453 416 920 289 720 3293 791 803 767 692 815 953 743 397 441 564 881 493 683 648 744 858 547 868 1015 621 0 714 841 817 275 652 145 814 581 918 795
185 927 242 384 709 823 832 710 654 840 222 871 834 711 734 791 3363 262 873 288 260 606 391 346 671 858 634 287 319 546 806 346 392 705 504 420 779 714 0 157 376 942 810 811 373 651 323 865
312 1054 369 511 836 950 959 837 781 967 349 997 960 838 861 917 3490 388 999 415 387 733 518 473 797 985 761 296 446 672 932 473 519 831 631 429 905 841 157 0 502 1068 936 938 499 778 333 991
225 941 388 68 482 596 1023 563 427 613 304 644 607 564 556 982 3554 137 1064 99 406 459 390 119 444 631 825 543 550 326 579 119 297 478 409 493 552 817 376 502 0 955 583 825 57 842 580 1056
910 67 866 963 528 675 990 1009 584 658 988 591 554 891 427 948 3521 943 1030 905 884 912 1145 881 535 578 792 1109 721 821 549 881 996 685 1005 1242 587 275 942 1068 955 0 789 161 952 808 1146 1022
659 776 822 591 318 145 1184 685 262 161 738 280 373 686 391 1143 3716 571 1225 533 840 581 824 509 279 267 986 977 916 449 414 509 624 244 633 927 387 652 810 936 583 789 0 660 580 1003 1014 1217
780 206 736 834 551 546 859 928 505 529 859 462 425 914 298 817 3390 813 900 776 755 824 1016 752 406 449 661 978 590 691 572 752 866 556 876 1112 610 145 811 938 825 161 660 0 822 678 1015 892
222 938 385 65 479 593 1020 560 424 610 301 641 604 561 553 979 3551 134 1061 96 403 456 387 116 441 628 822 540 547 324 576 116 294 475 406 490 549 814 373 499 57 952 580 822 0 839 577 1053
655 794 611 850 903 889 303 1177 848 872 728 805 768 1177 641 167 3069 728 249 755 629 1073 891 813 749 792 105 818 430 1012 1000 813 858 899 970 952 973 581 651 778 842 808 1003 678 839 0 855 241
390 1131 446 588 913 1028 1036 782 858 1044 426 1075 1038 783 939 995 3567 466 1077 492 464 678 215 550 875 1062 838 229 523 617 1010 551 464 909 576 117 983 918 323 333 580 1146 1014 1015 577 855 0 1069
869 1008 825 1064 1117 1103 394 1390 1062 1086 942 1019 982 1391 855 90 3283 942 83 968 843 1287 1104 1026 963 1006 320 1032 644 1226 1214 1027 1072 1113 1184 1165 1187 795 865 991 1056 1022 1217 892 1053 241 1069 0
EOF