NAME : tsp_problem
TYPE : TSP
DIMENSION : 32
EDGE_WEIGHT_TYPE : EXPLICIT
EDGE_WEIGHT_FORMAT : FULL_MATRIX
EDGE_WEIGHT_SECTION
0 853 943 291 391 715 283 3563 271 892 942 852 842 915 196 368 543 520 797 806 701 956 987 781 1135 1197 260 813 1047 1144 1204 621
853 0 872 872 766 1031 991 3734 786 687 966 656 646 719 731 567 440 1277 601 899 1031 755 310 1145 893 1053 636 745 371 348 442 996
943 872 0 805 576 267 924 2971 1029 250 203 408 398 256 974 866 740 514 353 313 268 305 1005 381 493 385 828 159 1066 1162 1222 669
291 872 805 0 253 578 272 3426 539 782 804 870 860 797 463 533 707 587 815 669 564 838 1005 726 1125 1059 382 676 1065 1162 1222 483
391 766 576 253 0 348 372 3197 477 553 575 710 701 567 421 427 602 564 655 439 334 608 899 497 896 830 276 446 960 1056 1116 254
715 1031 267 578 348 0 697 2888 801 410 266 567 557 416 746 751 899 321 512 341 75 465 1164 188 653 544 601 319 1225 1321 1381 442
283 991 924 272 372 697 0 3545 531 902 923 989 979 916 455 628 803 579 934 788 683 957 1124 841 1244 1178 501 795 1185 1281 1341 602
3594 3754 2991 3458 3228 2919 3577 0 3681 3133 2990 3290 3281 3139 3626 3631 3622 3101 3235 3196 2920 3188 3887 2969 3376 3268 3481 3042 3948 4045 4105 3322
271 786 1029 539 477 801 531 3650 0 875 1028 835 826 898 223 266 441 768 780 892 787 939 919 950 1107 1232 243 899 980 1077 1137 706
892 687 250 782 553 410 902 3113 875 0 345 232 222 50 820 681 555 656 177 278 410 79 820 523 368 384 674 124 881 977 1037 647
942 966 203 804 575 266 923 2970 1028 345 0 502 492 351 972 961 834 512 447 407 266 400 1099 380 588 480 827 254 1160 1256 1317 668
852 656 408 870 710 567 989 3270 835 232 502 0 41 255 780 651 524 813 72 435 567 296 789 681 475 589 635 282 850 946 1007 804
842 646 398 860 701 557 979 3260 826 222 492 41 0 246 770 641 514 803 62 425 558 286 779 671 465 579 625 272 840 937 997 794
915 719 256 797 567 416 916 3119 898 50 351 255 246 0 843 714 587 662 200 292 416 106 852 529 408 354 698 138 913 1009 1070 661
196 731 974 463 421 746 455 3595 223 820 972 780 770 843 0 211 386 692 725 837 732 884 864 894 1052 1177 188 844 925 1021 1082 651
368 567 866 533 427 751 628 3600 266 681 961 651 641 714 211 0 221 865 596 842 737 749 700 900 888 1047 194 740 761 857 918 657
543 440 740 707 602 899 803 3602 441 555 834 524 514 587 386 221 0 1039 469 767 899 623 573 1013 761 921 368 613 634 731 791 831
520 1277 514 587 564 321 579 3070 768 656 512 813 803 662 692 865 1039 0 758 622 321 711 1410 288 899 791 756 565 1471 1567 1628 657
797 601 353 815 655 512 934 3215 780 177 447 72 62 200 725 596 469 758 0 380 512 241 734 625 420 534 580 226 795 891 952 749
806 899 313 669 439 341 788 3175 892 278 407 435 425 292 837 842 767 622 380 0 327 333 1032 489 620 554 692 171 1093 1189 1249 533
701 1031 268 564 334 75 683 2889 787 410 266 567 558 416 732 737 899 321 512 327 0 465 1164 188 653 545 587 319 1225 1321 1382 428
956 755 305 838 608 465 957 3168 939 79 400 296 286 106 884 749 623 711 241 333 465 0 888 578 436 439 739 179 949 1045 1105 702
987 310 1005 1005 899 1164 1124 3867 919 820 1099 789 779 852 864 700 573 1410 734 1032 1164 888 0 1278 1026 1186 769 879 267 449 424 1129
781 1145 381 726 497 188 841 2938 950 523 380 681 671 529 894 900 1013 288 625 489 188 578 1278 0 766 658 749 432 1338 1435 1495 590
1135 893 493 1125 896 653 1244 3356 1107 368 588 475 465 408 1052 888 761 899 420 620 653 436 1026 766 0 347 917 467 1087 1184 1244 989
1197 1053 385 1059 830 544 1178 3248 1232 384 480 589 579 354 1177 1047 921 791 534 554 545 439 1186 658 347 0 1031 401 1247 1343 1403 923
260 636 828 382 276 601 501 3449 243 674 827 635 625 698 188 194 368 756 580 692 587 739 769 749 917 1031 0 699 830 926 987 506
813 745 159 676 446 319 795 3022 899 124 254 282 272 138 844 740 613 565 226 171 319 179 879 432 467 401 699 0 939 1036 1096 540
1047 371 1066 1065 960 1225 1185 3928 980 881 1160 850 840 913 925 761 634 1471 795 1093 1225 949 267 1338 1087 1247 830 939 0 387 362 1190
1144 348 1162 1162 1056 1321 1281 4024 1077 977 1256 946 937 1009 1021 857 731 1567 891 1189 1321 1045 449 1435 1184 1343 926 1036 387 0 114 1286
1204 442 1222 1222 1116 1381 1341 4085 1137 1037 1317 1007 997 1070 1082 918 791 1628 952 1249 1382 1105 424 1495 1244 1403 987 1096 362 114 0 1346
621 996 669 483 254 442 602 3290 706 647 668 804 794 661 651 657 831 657 749 533 428 702 1129 590 989 923 506 540 1190 1286 1346 0
EOF