NAME : tsp_problem
TYPE : TSP
DIMENSION : 44
EDGE_WEIGHT_TYPE : EXPLICIT
EDGE_WEIGHT_FORMAT : FULL_MATRIX
EDGE_WEIGHT_SECTION
0 668 754 538 72 398 371 441 72 459 146 274 693 746 441 577 2085 283 378 657 244 1230 310 253 669 476 973 957 879 123 1047 658 686 597 1750 470 956 234 1212 964 407 825 1586 549
668 0 912 345 667 828 340 1013 676 889 742 846 89 553 539 177 2494 855 808 464 778 1388 608 825 476 906 1131 646 476 649 1205 464 286 755 1907 248 1113 553 1370 1122 837 446 1744 979
754 912 0 783 753 469 1052 828 782 531 733 765 848 404 1122 822 2766 774 413 477 626 686 719 743 654 599 429 633 555 833 503 642 670 178 1206 1136 412 643 668 420 404 551 1042 672
538 345 783 0 537 698 580 883 547 760 612 717 370 424 650 254 2404 726 678 335 649 1259 478 696 347 777 1002 634 556 519 1075 335 363 626 1778 569 984 423 1241 992 707 503 1615 849
72 667 753 537 0 397 370 440 65 458 145 273 692 745 440 576 2084 282 377 656 244 1229 309 252 668 475 972 956 878 116 1046 657 685 596 1749 469 955 233 1212 963 406 824 1585 548
398 828 469 698 397 0 696 516 425 79 376 408 853 510 766 737 2410 417 92 583 269 945 362 387 759 288 688 789 711 476 761 748 776 312 1464 795 670 286 927 678 121 657 1301 360
371 340 1052 580 370 696 0 739 379 757 444 572 403 787 217 492 2172 581 676 699 542 1528 556 551 710 774 1271 961 791 351 1345 699 601 895 2048 172 1254 501 1510 1262 705 760 1884 847
441 1013 828 883 440 516 739 0 468 578 419 203 1038 914 809 922 2453 180 496 987 337 1304 548 246 1014 264 1047 1183 1105 519 1120 1003 1031 716 1823 838 1029 472 1286 1037 526 1061 1660 295
72 676 782 547 65 425 379 468 0 487 174 302 701 754 449 585 2112 311 405 666 272 1257 337 280 677 503 1001 965 887 72 1074 666 694 624 1777 478 983 261 1240 991 434 834 1614 576
459 889 531 760 458 79 757 578 487 0 438 470 915 572 827 799 2471 479 154 645 331 1006 424 448 821 349 749 850 773 538 823 810 838 373 1526 857 732 348 989 740 183 719 1363 422
146 742 733 612 145 376 444 419 174 438 0 253 767 774 514 651 2158 262 356 731 223 1208 288 231 743 454 952 1031 953 225 1025 731 759 575 1728 544 934 212 1191 942 385 899 1565 527
274 846 765 717 273 408 572 203 302 470 253 0 871 806 642 756 2286 64 388 836 171 1240 381 80 848 392 984 1084 1007 353 1057 836 864 607 1760 672 966 305 1223 974 417 953 1597 424
693 89 848 370 692 853 403 1038 701 915 767 871 0 488 603 203 2558 880 833 400 804 1324 633 850 411 931 1067 581 411 674 1140 400 222 691 1843 312 1049 578 1306 1057 862 381 1680 1004
746 553 404 424 745 510 787 914 754 572 774 806 488 0 857 462 2612 815 454 118 667 880 686 784 294 685 623 324 246 727 697 283 311 247 1399 776 606 631 862 614 445 192 1236 758
441 539 1122 650 440 766 217 809 449 827 514 642 603 857 0 688 2242 651 746 769 613 1598 626 621 780 844 1341 1068 990 421 1415 769 797 965 2118 317 1324 571 1581 1332 775 937 1954 917
577 177 822 254 576 737 492 922 585 799 651 756 203 462 688 0 2443 765 717 373 688 1297 517 734 385 815 1040 673 590 558 1114 374 400 664 1817 401 1023 462 1280 1031 746 541 1654 888
2105 2525 2786 2435 2104 2430 2203 2473 2132 2491 2178 2306 2589 2643 2273 2474 0 2315 2410 2554 2277 3262 2342 2285 2566 2508 3005 2854 2776 2137 3079 2555 2583 2629 2494 2303 2988 2266 3245 2996 2439 2722 2519 2581
283 855 774 726 282 417 581 180 311 479 262 64 880 815 651 765 2295 0 397 845 180 1249 390 89 857 369 993 1093 1016 362 1066 845 873 616 1769 681 975 314 1232 983 426 962 1606 400
378 808 413 678 377 92 676 496 405 154 356 388 833 454 746 717 2390 397 0 527 249 889 342 367 703 268 632 733 655 456 705 692 720 256 1408 775 614 266 871 622 65 601 1245 341
657 464 477 335 656 583 699 987 666 645 731 836 400 118 769 373 2523 845 527 0 740 953 597 815 205 759 696 329 251 638 770 194 222 320 1473 688 679 542 935 687 518 197 1309 831
244 778 626 649 244 269 542 337 272 331 223 171 804 667 613 688 2256 180 249 740 0 1102 313 150 780 315 845 946 868 323 918 768 796 469 1621 642 827 237 1084 835 278 814 1458 387
1230 1388 686 1259 1229 945 1528 1304 1257 1006 1208 1240 1324 880 1598 1297 3242 1249 889 953 1102 0 1195 1219 1129 1075 456 1109 1031 1309 372 1118 1146 654 1589 1612 484 1119 140 446 880 1027 1425 1148
310 608 719 478 309 362 556 548 337 424 288 381 633 686 626 517 2322 390 342 597 313 1195 0 360 609 441 938 897 819 389 1012 598 626 562 1714 655 921 88 1177 929 371 765 1551 514
253 825 743 696 252 387 551 246 280 448 231 80 850 784 621 734 2265 89 367 815 150 1219 360 0 826 432 962 1063 985 332 1036 815 843 586 1739 651 945 284 1201 953 396 932 1575 467
669 476 654 347 668 759 710 1014 677 821 743 848 411 294 780 385 2535 857 703 205 780 1129 609 826 0 908 872 505 427 650 946 137 234 496 1649 699 855 554 1112 863 694 373 1486 980
476 906 599 777 475 288 774 264 503 349 454 392 931 685 844 815 2488 369 268 759 315 1075 441 432 908 0 818 954 876 555 892 896 924 487 1595 874 801 365 1057 809 297 833 1431 108
973 1131 429 1002 972 688 1271 1047 1001 749 952 984 1067 623 1341 1040 2985 993 632 696 845 456 938 962 872 818 0 852 774 1052 395 861 889 397 1332 1355 302 862 540 189 623 770 1168 891
957 646 633 634 956 789 961 1183 965 850 1031 1084 581 324 1068 673 2823 1093 733 329 946 1109 897 1063 505 954 852 0 225 938 925 494 522 526 1628 870 834 842 1091 842 724 259 1465 1027
879 476 555 556 878 711 791 1105 887 773 953 1007 411 246 990 590 2745 1016 655 251 868 1031 819 985 427 876 774 225 0 860 847 416 439 448 1550 700 756 764 1013 764 646 182 1387 949
123 649 833 519 116 476 351 519 72 538 225 353 674 727 421 558 2116 362 456 638 323 1309 389 332 650 555 1052 938 860 0 1125 638 666 676 1828 451 1034 313 1291 1042 485 806 1665 627
1047 1205 503 1075 1046 761 1345 1120 1074 823 1025 1057 1140 697 1415 1114 3059 1066 705 770 918 372 1012 1036 946 892 395 925 847 1125 0 935 963 470 1405 1428 257 936 310 385 696 844 1242 964
658 464 642 335 657 748 699 1003 666 810 731 836 400 283 769 374 2523 845 692 194 768 1118 598 815 137 896 861 494 416 638 935 0 222 485 1637 688 844 543 1100 852 683 362 1474 969
686 286 670 363 685 776 601 1031 694 838 759 864 222 311 797 400 2551 873 720 222 796 1146 626 843 234 924 889 522 439 666 963 222 0 513 1665 510 871 571 1128 880 711 390 1502 997
597 755 178 626 596 312 895 716 624 373 575 607 691 247 965 664 2609 616 256 320 469 654 562 586 496 487 397 526 448 676 470 485 513 0 1173 979 379 486 636 387 247 394 1010 560
1750 1907 1206 1778 1749 1464 2048 1823 1777 1526 1728 1760 1843 1399 2118 1817 2420 1769 1408 1473 1621 1589 1714 1739 1649 1595 1332 1628 1550 1828 1405 1637 1665 1173 0 2131 1314 1638 1571 1322 1399 1547 270 1667
470 248 1136 569 469 795 172 838 478 857 544 672 312 776 317 401 2272 681 775 688 642 1612 655 651 699 874 1355 870 700 451 1428 688 510 979 2131 0 1337 600 1594 1345 804 669 1968 946
956 1113 412 984 955 670 1254 1029 983 732 934 966 1049 606 1324 1023 2968 975 614 679 827 484 921 945 855 801 302 834 756 1034 257 844 871 379 1314 1337 0 845 423 293 605 753 1151 873
234 553 643 423 233 286 501 472 261 348 212 305 578 631 571 462 2246 314 266 542 237 1119 88 284 554 365 862 842 764 313 936 543 571 486 1638 600 845 0 1101 853 296 710 1475 438
1212 1370 668 1241 1212 927 1510 1286 1240 989 1191 1223 1306 862 1581 1280 3224 1232 871 935 1084 140 1177 1201 1112 1057 540 1091 1013 1291 310 1100 1128 636 1571 1594 423 1101 0 531 862 1009 1407 1130
964 1122 420 992 963 678 1262 1037 991 740 942 974 1057 614 1332 1031 2976 983 622 687 835 446 929 953 863 809 189 842 764 1042 385 852 880 387 1322 1345 293 853 531 0 613 761 1159 881
407 837 404 707 406 121 705 526 434 183 385 417 862 445 775 746 2419 426 65 518 278 880 371 396 694 297 623 724 646 485 696 683 711 247 1399 804 605 296 862 613 0 592 1236 370
825 446 551 503 824 657 760 1061 834 719 899 953 381 192 937 541 2691 962 601 197 814 1027 765 932 373 833 770 259 182 806 844 362 390 394 1547 669 753 710 1009 761 592 0 1383 905
1586 1744 1042 1615 1585 1301 1884 1660 1614 1363 1565 1597 1680 1236 1954 1654 2445 1606 1245 1309 1458 1425 1551 1575 1486 1431 1168 1465 1387 1665 1242 1474 1502 1010 270 1968 1151 1475 1407 1159 1236 1383 0 1504
549 979 672 849 548 360 847 295 576 422 527 424 1004 758 917 888 2561 400 341 831 387 1148 514 467 980 108 891 1027 949 627 964 969 997 560 1667 946 873 438 1130 881 370 905 1504 0
EOF