NAME : tsp_problem
TYPE : TSP
DIMENSION : 60
EDGE_WEIGHT_TYPE : EXPLICIT
EDGE_WEIGHT_FORMAT : FULL_MATRIX
EDGE_WEIGHT_SECTION
0 676 130 518 464 652 416 332 606 311 230 273 475 273 309 479 529 336 931 373 498 2843 569 316 275 642 517 720 225 153 509 1245 1224 1228 287 2990 263 1630 292 753 1031 196 458 157 224 349 256 3057 463 463 631 254 1153 851 546 293 329 293 496 324
676 0 660 568 746 766 731 746 568 581 761 544 1014 804 615 665 471 750 295 739 1037 3272 457 846 429 186 458 834 755 683 1048 609 588 591 817 3418 794 994 599 244 394 727 501 775 754 619 697 3485 260 745 594 695 517 215 508 823 744 823 659 738
130 660 0 604 550 739 503 418 590 295 145 257 562 257 395 565 616 422 916 357 562 2930 655 300 259 626 604 807 140 68 551 1229 1208 1212 202 3076 247 1614 379 737 1015 111 545 243 208 333 342 3144 447 549 615 340 1137 835 531 208 416 208 480 410
518 568 604 0 276 212 261 276 966 785 705 748 544 748 287 195 251 280 823 847 567 2802 258 791 750 420 239 280 699 627 578 1137 1115 1119 762 2948 738 1522 271 677 922 671 91 411 698 823 369 3015 607 275 991 367 1045 742 906 767 274 768 970 268
464 746 550 276 0 410 96 159 1026 731 650 694 467 694 341 214 429 154 1001 793 490 2724 469 737 696 599 417 478 645 573 500 1315 1293 1297 708 2871 684 1700 325 855 1100 616 353 333 644 769 423 2938 786 25 1052 421 1223 920 967 713 163 714 916 155
652 766 739 212 410 0 395 410 1164 920 839 882 679 882 422 330 449 414 1021 982 701 2936 456 925 884 618 437 77 834 762 712 1335 1313 1317 896 3082 872 1720 405 875 1120 805 289 545 833 958 503 3149 805 409 1189 501 1243 940 1104 902 408 902 1104 402
416 731 503 261 96 395 0 111 979 684 603 646 420 646 326 198 414 107 986 746 442 2709 453 689 648 583 402 463 598 526 453 1300 1278 1282 660 2855 636 1685 310 840 1085 569 337 286 597 722 408 2923 770 94 1004 406 1207 905 920 666 115 666 869 108
332 746 418 276 159 410 111 0 894 599 519 562 335 562 341 214 430 70 1001 661 358 2644 469 605 564 599 418 478 513 441 368 1315 1294 1297 576 2790 552 1700 325 855 1100 485 353 201 513 637 360 2857 751 158 920 358 1223 921 835 581 65 582 784 59
606 568 590 966 1026 1164 979 894 0 511 690 473 999 624 871 1041 868 898 823 419 789 3406 890 527 358 584 856 1232 685 613 778 1137 1115 1119 747 3552 553 1522 855 463 922 656 899 719 684 505 818 3620 404 1025 125 817 1044 742 218 752 892 753 296 886
311 581 295 785 731 920 684 599 511 0 395 178 743 438 576 746 797 603 837 373 743 3111 836 481 180 547 785 988 390 318 732 1150 1129 1133 384 3257 428 1535 560 658 936 361 726 424 389 254 523 3325 368 730 536 521 1058 756 451 389 597 389 401 591
230 761 145 705 650 839 603 519 690 395 0 357 662 357 495 666 716 523 1016 457 663 3030 755 400 360 727 704 907 105 168 652 1330 1308 1312 173 3176 347 1715 479 837 1115 82 645 344 308 433 443 3244 547 649 715 441 1237 935 631 178 516 179 580 510
273 544 257 748 694 882 646 562 473 178 357 0 706 400 539 709 759 566 799 261 630 3073 799 368 143 510 747 950 352 280 619 1113 1091 1095 414 3220 390 1498 523 620 898 323 688 387 351 141 486 3287 330 693 458 484 1020 718 414 420 560 420 288 554
475 1014 562 544 467 679 420 335 999 743 662 706 0 645 557 482 698 339 1270 604 237 2782 737 497 708 867 686 747 657 585 247 1584 1562 1566 720 2929 573 1968 541 1123 1369 628 621 345 656 781 504 2996 895 466 896 502 1491 1189 919 725 333 726 727 327
273 804 257 748 694 882 646 562 624 438 357 400 645 0 539 709 759 566 1059 229 435 3073 799 172 403 770 747 950 352 280 424 1373 1351 1355 415 3220 119 1758 522 880 1158 323 688 387 141 410 486 3287 590 692 521 484 1280 978 544 420 559 420 352 553
309 615 395 287 341 422 326 341 871 576 495 539 557 539 0 261 299 345 871 638 579 2867 338 582 541 468 287 490 490 418 590 1184 1163 1167 553 3013 529 1569 37 724 970 461 228 238 489 614 160 3080 655 340 897 158 1092 790 812 558 339 559 761 333
479 665 565 195 214 330 198 214 1041 746 666 709 482 709 261 0 349 218 921 808 505 2739 388 752 711 518 337 398 660 588 515 1234 1213 1217 723 2886 699 1619 244 774 1020 631 272 348 659 784 342 2953 705 213 1067 340 1142 840 982 728 212 729 931 206
529 471 616 251 429 449 414 430 868 797 716 759 698 759 299 349 0 434 726 859 720 2955 193 802 679 323 30 517 711 639 731 1040 1018 1022 774 3101 749 1425 283 580 825 682 185 459 710 835 381 3169 510 428 894 379 947 645 809 779 427 779 910 421
336 750 422 280 154 414 107 70 898 603 523 566 339 566 345 218 434 0 1005 665 362 2648 473 609 568 603 422 482 517 445 372 1319 1298 1301 580 2794 556 1704 329 859 1104 489 357 205 517 641 364 2861 755 153 924 362 1227 925 839 585 69 586 788 63
931 295 916 823 1001 1021 986 1001 823 837 1016 799 1270 1059 871 921 726 1005 0 994 1292 3527 713 1102 684 441 714 1089 1011 939 1303 359 362 328 1073 3673 1049 1184 855 499 125 982 757 1031 1010 875 952 3740 515 1000 849 951 456 170 764 1078 999 1078 915 993
373 739 357 847 793 982 746 661 419 373 457 261 604 229 638 808 859 665 994 0 394 3172 898 132 338 705 847 1050 452 380 383 1308 1286 1290 514 3318 157 1693 622 713 1093 423 788 486 308 206 585 3386 525 792 317 583 1216 913 339 520 659 520 147 653
498 1037 562 567 490 701 442 358 789 743 663 630 237 435 579 505 720 362 1292 394 0 2805 760 287 708 890 708 769 657 585 165 1606 1584 1588 720 2951 363 1991 563 1083 1391 629 644 368 513 575 527 3018 895 489 686 525 1514 1211 709 725 355 726 517 350
2874 3292 2961 2822 2745 2956 2729 2664 3437 3142 3061 3105 2814 3104 2887 2760 2975 2668 3547 3203 2836 0 3015 3096 3107 3144 2963 3024 3056 2984 2847 3861 3839 3843 3119 198 3094 3146 2871 3401 3646 3027 2899 2744 3055 3180 2903 265 3294 2744 3462 2901 3769 3466 3378 3124 2662 3125 3326 2656
569 457 655 258 469 456 453 469 890 836 755 799 737 799 338 388 193 473 713 898 760 2994 0 842 711 355 181 524 750 678 770 1026 1005 1009 813 3141 789 1411 322 566 812 721 191 498 749 874 420 3208 542 468 916 418 934 632 831 818 467 819 942 461
316 846 300 791 737 925 689 605 527 481 400 368 497 172 582 752 802 609 1102 132 287 3065 842 0 445 812 790 993 395 323 276 1415 1394 1398 458 3211 101 1800 565 821 1201 366 731 430 251 313 529 3279 633 736 424 527 1323 1021 447 463 602 464 255 597
275 429 259 750 696 884 648 564 358 180 360 143 708 403 541 711 679 568 684 338 708 3076 711 445 0 395 667 952 354 282 697 998 976 980 416 3222 393 1383 525 506 783 325 691 389 353 218 488 3289 215 695 384 486 906 603 299 422 562 422 365 556
642 186 626 420 599 618 583 599 584 547 727 510 867 770 468 518 323 603 441 705 890 3124 355 812 395 0 311 687 722 649 900 755 734 738 784 3270 760 1140 452 295 541 693 354 628 721 585 550 3338 226 598 609 548 663 361 525 789 597 789 625 591
517 458 604 239 417 437 402 418 856 785 704 747 686 747 287 337 30 422 714 847 708 2943 181 790 667 311 0 505 699 627 719 1028 1006 1010 762 3089 737 1412 271 568 813 670 173 447 698 823 369 3157 498 416 882 367 935 633 797 767 415 767 898 409
720 834 807 280 478 77 463 478 1232 988 907 950 747 950 490 398 517 482 1089 1050 769 3004 524 993 952 687 505 0 902 830 780 1403 1381 1385 964 3150 940 1788 473 943 1188 873 357 613 901 1026 571 3217 874 477 1257 570 1311 1008 1173 970 476 970 1173 470
225 755 140 699 645 834 598 513 685 390 105 352 657 352 490 660 711 517 1011 452 657 3025 750 395 354 722 699 902 0 163 646 1325 1303 1307 168 3171 342 1709 474 832 1110 76 640 338 303 428 437 3239 542 644 710 435 1232 930 626 173 511 174 575 505
153 683 68 627 573 762 526 441 613 318 168 280 585 280 418 588 639 445 939 380 585 2953 678 323 282 649 627 830 163 0 574 1252 1231 1235 225 3099 270 1637 402 760 1038 134 568 266 231 356 365 3167 470 572 638 363 1160 858 554 231 439 231 503 433
509 1048 551 578 500 712 453 368 778 732 652 619 247 424 590 515 731 372 1303 383 165 2816 770 276 697 900 719 780 646 574 0 1617 1595 1599 709 2962 352 2002 574 1072 1402 618 654 378 502 564 537 3029 884 499 675 535 1524 1222 698 714 366 715 506 360
1245 609 1229 1137 1315 1335 1300 1315 1137 1150 1330 1113 1584 1373 1184 1234 1040 1319 359 1308 1606 3841 1026 1415 998 755 1028 1403 1325 1252 1617 0 77 77 1387 3987 1363 1497 1168 813 424 1296 1071 1345 1324 1188 1266 4054 829 1314 1163 1264 171 421 1077 1392 1313 1392 1228 1307
1224 588 1208 1115 1293 1313 1278 1294 1115 1129 1308 1091 1562 1351 1163 1213 1018 1298 362 1286 1584 3819 1005 1394 976 734 1006 1381 1303 1231 1595 77 0 59 1365 3965 1341 1476 1147 791 427 1274 1049 1323 1302 1167 1245 4033 807 1292 1142 1243 149 399 1056 1370 1291 1371 1207 1285
1228 591 1212 1119 1297 1317 1282 1297 1119 1133 1312 1095 1566 1355 1167 1217 1022 1301 328 1290 1588 3823 1009 1398 980 738 1010 1385 1307 1235 1599 77 59 0 1369 3969 1345 1480 1151 795 393 1278 1053 1327 1306 1171 1248 4036 811 1296 1145 1247 153 403 1060 1374 1295 1374 1211 1289
287 817 202 762 708 896 660 576 747 384 173 414 720 415 553 723 774 580 1073 514 720 3088 813 458 416 784 762 964 168 225 709 1387 1365 1369 0 3234 405 1771 537 894 1172 139 703 401 366 490 500 3301 604 707 772 498 1294 992 688 122 574 122 637 568
3021 3438 3107 2968 2891 3102 2876 2810 3583 3288 3208 3251 2960 3251 3033 2906 3122 2814 3693 3349 2982 198 3161 3243 3253 3291 3109 3170 3202 3130 2993 4007 3985 3989 3265 0 3241 3292 3017 3547 3792 3174 3045 2890 3202 3326 3049 100 3440 2890 3609 3047 3915 3613 3524 3270 2808 3271 3472 2802
263 794 247 738 684 872 636 552 553 428 347 390 573 119 529 699 749 556 1049 157 363 3063 789 101 393 760 737 940 342 270 352 1363 1341 1345 405 3210 0 1748 512 847 1148 313 678 377 198 339 476 3277 580 682 450 474 1270 968 472 410 549 410 280 543
1630 994 1614 1522 1700 1720 1685 1700 1522 1535 1715 1498 1968 1758 1569 1619 1425 1704 1184 1693 1991 3072 1411 1800 1383 1140 1412 1788 1709 1637 2002 1497 1476 1480 1771 3219 1748 0 1553 1198 1283 1681 1455 1729 1708 1573 1651 3286 1214 1699 1548 1649 1405 1103 1462 1777 1698 1777 1613 1692
292 599 379 271 325 405 310 325 855 560 479 523 541 522 37 244 283 329 855 622 563 2851 322 565 525 452 271 473 474 402 574 1168 1147 1151 537 2997 512 1553 0 708 954 445 212 222 473 598 144 3064 639 324 880 142 1076 774 796 542 323 543 745 317
753 244 737 677 855 875 840 855 463 658 837 620 1123 880 724 774 580 859 499 713 1083 3381 566 821 506 295 568 943 832 760 1072 813 791 795 894 3527 847 1198 708 0 598 803 610 867 831 696 806 3594 369 854 490 804 721 418 404 899 853 900 590 847
1031 394 1015 922 1100 1120 1085 1100 922 936 1115 898 1369 1158 970 1020 825 1104 125 1093 1391 3626 812 1201 783 541 813 1188 1110 1038 1402 424 427 393 1172 3772 1148 1283 954 598 0 1081 856 1130 1109 974 1052 3840 614 1099 948 1050 521 269 863 1177 1098 1178 1014 1092
196 727 111 671 616 805 569 485 656 361 82 323 628 323 461 631 682 489 982 423 629 2996 721 366 325 693 670 873 76 134 618 1296 1274 1278 139 3142 313 1681 445 803 1081 0 611 310 274 399 408 3210 513 615 681 407 1203 901 597 144 482 145 546 476
458 501 545 91 353 289 337 353 899 726 645 688 621 688 228 272 185 357 757 788 644 2878 191 731 691 354 173 357 640 568 654 1071 1049 1053 703 3025 678 1455 212 610 856 611 0 388 639 764 310 3092 541 352 924 308 978 676 840 708 351 708 911 345
157 775 243 411 333 545 286 201 719 424 344 387 345 387 238 348 459 205 1031 486 368 2713 498 430 389 628 447 613 338 266 378 1345 1323 1327 401 2859 377 1729 222 867 1130 310 388 0 338 463 185 2927 576 332 745 183 1252 950 660 406 199 407 609 193
224 754 208 698 644 833 597 513 684 389 308 351 656 141 489 659 710 517 1010 308 513 3024 749 251 353 721 698 901 303 231 502 1324 1302 1306 366 3170 198 1708 473 831 1109 274 639 338 0 427 436 3238 541 643 600 435 1231 929 622 371 510 371 430 504
349 619 333 823 769 958 722 637 505 254 433 141 781 410 614 784 835 641 875 206 575 3149 874 313 218 585 823 1026 428 356 564 1188 1167 1171 490 3295 339 1573 598 696 974 399 764 463 427 0 561 3363 406 768 403 560 1096 794 425 495 635 496 233 629
256 697 342 369 423 503 408 360 818 523 443 486 504 486 160 342 381 364 952 585 527 2872 420 529 488 550 369 571 437 365 537 1266 1245 1248 500 3018 476 1651 144 806 1052 408 310 185 436 561 0 3085 675 422 844 54 1174 872 759 505 358 506 708 352
3088 3505 3175 3035 2958 3170 2943 2877 3651 3356 3275 3318 3027 3318 3101 2973 3189 2881 3761 3417 3050 265 3228 3310 3320 3358 3177 3238 3270 3198 3060 4074 4053 4057 3332 100 3308 3360 3084 3614 3860 3241 3112 2958 3269 3394 3117 0 3508 2957 3676 3115 3982 3680 3592 3338 2875 3338 3540 2869
463 260 447 607 786 805 770 751 404 368 547 330 895 590 655 705 510 755 515 525 895 3263 542 633 215 226 498 874 542 470 884 829 807 811 604 3409 580 1214 639 369 614 513 541 576 541 406 675 3476 0 785 429 673 736 434 345 609 749 609 446 743
463 745 549 275 25 409 94 158 1025 730 649 693 466 692 340 213 428 153 1000 792 489 2723 468 736 695 598 416 477 644 572 499 1314 1292 1296 707 2870 682 1699 324 854 1099 615 352 332 643 768 422 2937 785 0 1050 420 1222 919 966 712 162 713 915 154
631 594 615 991 1052 1189 1004 920 125 536 715 458 896 521 897 1067 894 924 849 317 686 3431 916 424 384 609 882 1257 710 638 675 1163 1142 1145 772 3577 450 1548 880 490 948 681 924 745 600 403 844 3645 429 1050 0 842 1071 769 115 777 917 778 193 911
254 695 340 367 421 501 406 358 817 521 441 484 502 484 158 340 379 362 951 583 525 2870 418 527 486 548 367 570 435 363 535 1264 1243 1247 498 3016 474 1649 142 804 1050 407 308 183 435 560 54 3084 673 420 842 0 1172 870 757 503 356 504 706 350
1153 517 1137 1045 1223 1243 1207 1223 1044 1058 1237 1020 1491 1280 1092 1142 947 1227 456 1216 1514 3748 934 1323 906 663 935 1311 1232 1160 1524 171 149 153 1294 3895 1270 1405 1076 721 521 1203 978 1252 1231 1096 1174 3962 736 1222 1071 1172 0 329 985 1300 1221 1300 1136 1215
851 215 835 742 920 940 905 921 742 756 935 718 1189 978 790 840 645 925 170 913 1211 3446 632 1021 603 361 633 1008 930 858 1222 421 399 403 992 3592 968 1103 774 418 269 901 676 950 929 794 872 3660 434 919 769 870 329 0 683 997 918 998 834 912
546 508 531 906 967 1104 920 835 218 451 631 414 919 544 812 982 809 839 764 339 709 3347 831 447 299 525 797 1173 626 554 698 1077 1056 1060 688 3493 472 1462 796 404 863 597 840 660 622 425 759 3560 345 966 115 757 985 683 0 693 833 693 216 827
293 823 208 767 713 902 666 581 752 389 178 420 725 420 558 728 779 585 1078 520 725 3093 818 463 422 789 767 970 173 231 714 1392 1370 1374 122 3239 410 1777 542 899 1177 144 708 406 371 495 505 3307 609 712 777 503 1300 997 693 0 579 34 642 573
329 744 416 274 163 408 115 65 892 597 516 560 333 559 339 212 427 69 999 659 355 2641 467 602 562 597 415 476 511 439 366 1313 1291 1295 574 2788 549 1698 323 853 1098 482 351 199 510 635 358 2855 749 162 917 356 1221 918 833 579 0 580 782 56
293 823 208 768 714 902 666 582 753 389 179 420 726 420 559 729 779 586 1078 520 726 3093 819 464 422 789 767 970 174 231 715 1392 1371 1374 122 3240 410 1777 543 900 1178 145 708 407 371 496 506 3307 609 713 778 504 1300 998 693 34 580 0 643 574
496 659 480 970 916 1104 869 784 296 401 580 288 727 352 761 931 910 788 915 147 517 3295 942 255 365 625 898 1173 575 503 506 1228 1207 1211 637 3441 280 1613 745 590 1014 546 911 609 430 233 708 3509 446 915 193 706 1136 834 216 642 782 643 0 776
324 738 410 268 155 402 108 59 886 591 510 554 327 553 333 206 421 63 993 653 350 2635 461 597 556 591 409 470 505 433 360 1307 1285 1289 568 2782 543 1692 317 847 1092 476 345 193 504 629 352 2849 743 154 911 350 1215 912 827 573 56 574 776 0
EOF