NAME : tsp_problem
TYPE : TSP
DIMENSION : 88
EDGE_WEIGHT_TYPE : EXPLICIT
EDGE_WEIGHT_FORMAT : FULL_MATRIX
EDGE_WEIGHT_SECTION
0 1252 532 1095 1041 592 1122 668 534 1165 175 351 441 837 648 840 717 446 1111 613 827 667 551 669 559 782 1249 1110 727 897 589 2338 648 910 3255 655 775 631 745 672 542 285 3260 422 638 656 486 1247 523 943 172 902 837 711 3227 1016 901 436 1227 714 890 1186 253 428 1264 455 390 1164 1597 368 1517 296 1192 430 592 838 1088 692 879 730 286 717 824 733 151 1241 249 731
1252 0 1199 236 335 1088 203 1603 1187 217 1397 1287 1362 976 1125 979 1001 1382 214 1548 1243 1509 1204 1286 1212 1026 74 348 1216 1088 1082 3069 1233 1326 3985 1132 1127 1566 991 1514 1195 1220 3092 1358 1320 1133 1245 72 1176 1135 1395 1318 977 1056 3059 1207 1092 1240 154 1203 1081 83 1126 1363 89 1260 1194 216 1429 1304 1349 1101 144 1235 1433 1680 413 980 871 996 994 1302 1240 1222 1154 66 1185 1221
532 1199 0 1042 987 377 1068 472 749 1112 677 360 657 845 863 848 879 391 1057 417 1042 682 766 884 774 894 1195 1057 942 1002 804 2553 863 1125 3469 870 991 435 869 687 757 398 3206 366 853 871 150 1193 738 1049 675 1117 846 925 3173 1121 1006 314 1173 930 995 1132 406 372 1211 128 268 1111 1543 440 1463 381 1138 309 732 852 1035 849 825 873 370 933 1039 949 434 1187 464 947
1095 236 1042 0 481 930 362 1446 1030 376 1240 1130 1205 819 967 822 844 1225 373 1391 1086 1352 1047 1129 1055 868 233 191 1059 931 924 2912 1075 1169 3828 975 970 1409 834 1357 1038 1063 2934 1200 1163 976 1088 231 1019 977 1237 1161 820 899 2902 1050 935 1083 314 1046 924 170 969 1206 248 1103 1037 375 1271 1147 1191 944 303 1078 1276 1522 529 823 714 838 837 1145 1083 1065 997 225 1027 1063
1041 335 987 481 0 876 153 1391 975 197 1185 1075 1151 764 913 768 789 1171 142 1336 1032 1297 992 1074 1000 814 286 496 1005 876 870 2858 1021 1115 3774 920 916 1355 779 1302 983 1009 2880 1146 1109 921 1033 328 965 923 1183 1107 765 845 2847 996 881 1029 259 992 870 340 914 1152 329 1048 983 196 1217 1092 1137 889 223 1023 1222 1468 151 768 660 784 782 1091 1029 1011 943 278 973 1009
592 1088 377 930 876 0 957 825 809 1001 737 627 717 784 923 787 818 722 946 770 1051 943 826 944 834 834 1084 945 1002 931 864 2614 923 1134 3530 930 935 788 808 948 817 560 3095 697 913 931 423 1082 798 978 734 1126 785 864 3062 1050 935 580 1062 990 924 1021 466 703 1100 454 534 1000 1432 644 1352 441 1027 574 867 1114 924 788 714 813 334 993 1048 1009 494 1076 524 1007
1122 203 1068 362 153 957 0 1472 1056 65 1266 1156 1232 845 994 849 870 1251 62 1417 1113 1378 1073 1155 1081 895 154 474 1085 957 951 2938 1102 1196 3855 1001 996 1436 860 1383 1064 1090 2961 1227 1189 1002 1114 196 1045 1004 1264 1187 846 926 2928 1076 961 1109 127 1073 951 208 995 1233 198 1129 1063 64 1298 1173 1218 970 92 1104 1302 1549 231 849 740 865 863 1171 1109 1091 1023 146 1054 1090
668 1603 472 1446 1391 825 1472 0 612 1516 684 367 396 836 557 839 716 398 1461 134 684 236 629 503 637 780 1599 1461 561 895 604 2108 482 767 3024 548 632 152 743 241 620 405 3270 373 471 556 426 1598 601 942 682 759 836 704 3238 905 900 581 1578 548 889 1537 672 379 1615 395 535 1515 1947 448 1868 534 1543 575 287 407 1439 691 943 729 637 551 681 567 701 1592 471 565
534 1187 749 1030 975 809 1056 612 0 1100 550 439 243 370 181 374 251 535 1045 665 361 469 84 343 44 315 1183 1045 273 430 123 2126 289 444 3042 189 309 648 278 474 27 373 3194 510 377 190 703 1181 57 477 548 435 371 245 3162 550 435 653 1162 260 424 1121 539 516 1199 672 607 1099 1531 457 1451 400 1126 647 393 640 1023 226 478 264 503 359 358 279 567 1175 314 277
1165 217 1112 376 197 1001 65 1516 1100 0 1310 1200 1275 889 1038 892 914 1295 76 1461 1156 1422 1117 1199 1125 938 168 487 1129 1001 995 2982 1146 1239 3898 1045 1040 1479 904 1427 1108 1133 3004 1271 1233 1046 1158 210 1089 1048 1308 1231 890 969 2972 1120 1005 1153 140 1116 994 222 1039 1276 211 1173 1107 25 1341 1217 1262 1014 105 1148 1346 1593 275 893 784 909 907 1215 1153 1135 1067 160 1098 1134
175 1397 677 1240 1185 737 1266 684 550 1310 0 368 458 853 664 856 733 463 1255 629 843 684 567 685 575 798 1393 1255 743 913 605 2355 664 926 3271 671 792 647 761 689 558 301 3404 438 654 672 631 1391 539 960 28 918 854 727 3372 1033 917 580 1372 731 907 1331 398 444 1409 600 534 1309 1741 385 1661 328 1336 575 608 855 1233 709 961 747 431 734 840 749 296 1386 265 748
351 1287 360 1130 1075 627 1156 367 439 1200 368 0 347 743 553 746 623 146 1145 312 733 573 457 575 465 688 1283 1145 633 802 495 2244 554 816 3160 561 681 330 650 578 448 89 3294 121 544 562 314 1281 429 849 365 808 743 617 3262 922 807 469 1262 620 796 1221 356 127 1299 283 423 1199 1631 131 1551 218 1226 463 498 744 1123 598 850 636 320 623 730 639 384 1275 155 637
441 1362 657 1205 1151 717 1232 396 243 1275 458 347 0 546 309 549 426 442 1221 449 436 253 260 254 268 491 1359 1220 312 606 298 1924 233 519 2840 300 384 431 454 258 251 281 3086 418 223 308 611 1357 232 653 455 510 547 420 3054 656 610 560 1337 300 600 1296 446 424 1374 580 515 1274 1707 364 1627 308 1302 555 177 424 1198 402 653 440 411 303 433 319 475 1351 221 317
837 976 845 819 764 784 845 836 370 889 853 743 546 0 308 57 194 838 834 889 427 692 388 470 396 209 972 834 400 317 265 2253 416 510 3169 315 311 871 184 697 379 676 2983 813 504 316 891 971 360 364 851 502 54 240 2951 436 321 886 951 387 310 910 772 819 988 906 840 888 1320 760 1241 703 916 881 617 863 812 164 364 188 640 486 424 406 800 965 617 404
648 1125 863 967 913 923 994 557 181 1038 664 553 309 308 0 311 188 649 983 610 209 414 198 191 207 253 1121 982 121 368 76 1974 138 292 2891 43 157 593 216 419 190 487 3132 624 225 51 817 1119 171 415 662 284 309 182 3099 430 372 767 1099 109 362 1058 653 630 1137 786 721 1036 1469 571 1389 514 1064 761 338 585 961 164 416 202 617 207 206 127 681 1113 428 126
840 979 848 822 768 787 849 839 374 892 856 746 549 57 311 0 197 841 838 892 430 696 391 473 399 212 976 837 403 320 269 2256 420 513 3172 319 314 874 187 701 382 680 2987 817 507 320 894 974 363 367 854 505 58 243 2954 439 324 890 954 390 314 913 775 822 991 909 844 891 1324 763 1244 707 919 884 620 867 815 167 368 192 644 489 427 409 804 968 620 408
717 1001 879 844 789 818 870 716 251 914 733 623 426 194 188 197 0 718 859 769 260 573 268 350 276 146 997 859 280 204 145 2133 296 343 3049 196 143 751 38 578 259 556 3008 693 384 196 886 995 240 251 731 334 194 73 2976 324 209 836 976 267 198 935 722 699 1013 855 790 913 1345 640 1265 583 940 831 497 743 837 100 252 24 674 366 256 286 750 990 497 284
446 1382 391 1225 1171 722 1251 398 535 1295 463 146 442 838 649 841 718 0 1241 343 828 608 552 670 560 783 1379 1240 728 898 590 2340 649 911 3256 656 776 361 746 613 543 184 3389 85 639 657 345 1377 524 945 461 903 839 712 3357 1017 902 500 1357 715 891 1316 452 91 1394 314 454 1294 1726 159 1647 313 1322 494 593 779 1218 693 945 732 416 718 825 734 480 1371 250 733
1111 214 1057 373 142 946 62 1461 1045 76 1255 1145 1221 834 983 838 859 1241 0 1406 1102 1367 1062 1144 1070 884 165 484 1075 946 940 2928 1091 1185 3844 990 986 1425 849 1372 1053 1079 2950 1216 1179 991 1103 207 1035 993 1253 1177 835 915 2917 1066 951 1098 138 1062 940 219 984 1222 208 1118 1053 75 1287 1162 1207 959 102 1093 1292 1538 220 838 729 854 852 1161 1099 1081 1013 157 1043 1079
613 1548 417 1391 1336 770 1417 134 665 1461 629 312 449 889 610 892 769 343 1406 0 737 290 683 556 691 834 1544 1406 614 949 657 2161 535 820 3077 602 685 97 797 295 674 350 3323 318 525 609 371 1542 655 996 627 812 890 757 3291 958 953 526 1523 601 942 1482 617 324 1560 340 480 1460 1892 392 1812 479 1487 520 340 460 1384 744 996 783 582 604 734 620 645 1537 416 618
827 1243 1042 1086 1032 1051 1113 684 361 1156 843 733 436 427 209 430 260 828 1102 737 0 541 378 318 386 372 1240 1101 248 420 256 2101 265 105 3017 200 140 719 287 546 369 666 3251 804 352 208 996 1238 350 501 841 97 428 211 3218 243 459 946 1218 235 448 1177 832 809 1255 966 900 1155 1588 750 1508 694 1183 941 465 712 1079 283 502 273 796 334 64 254 860 1232 607 253
667 1509 682 1352 1297 943 1378 236 469 1422 684 573 253 692 414 696 573 608 1367 290 541 0 486 359 494 637 1505 1367 418 752 460 1965 338 624 2881 405 489 272 600 22 477 507 3127 583 328 413 636 1503 458 799 682 616 693 561 3094 762 757 787 1484 405 746 1443 672 589 1521 605 741 1421 1853 590 1773 534 1448 781 144 188 1345 548 800 586 637 408 538 424 701 1497 448 422
551 1204 766 1047 992 826 1073 629 84 1117 567 457 260 388 198 391 268 552 1062 683 378 486 0 360 110 333 1200 1062 290 447 140 2143 307 461 3059 206 326 665 295 491 93 390 3211 527 394 207 720 1198 47 494 565 453 388 262 3179 567 452 670 1179 277 441 1138 556 533 1216 689 624 1116 1548 474 1468 417 1143 665 411 657 1040 243 495 281 520 376 375 296 584 1193 331 295
669 1286 884 1129 1074 944 1155 503 343 1199 685 575 254 470 191 473 350 670 1144 556 318 359 360 0 368 414 1282 1144 195 529 238 1952 72 401 2868 182 266 538 377 364 351 508 3115 646 83 190 838 1280 332 576 683 393 470 338 3082 539 534 788 1261 182 523 1220 674 651 1298 807 742 1198 1630 592 1550 535 1225 783 284 530 1122 325 577 363 638 97 315 201 702 1275 449 199
559 1212 774 1055 1000 834 1081 637 44 1125 575 465 268 396 207 399 276 560 1070 691 386 494 110 368 0 341 1208 1070 298 455 148 2151 315 469 3067 214 334 673 303 499 33 398 3219 535 402 215 728 1207 82 502 573 461 396 270 3187 575 460 678 1187 285 449 1146 564 541 1224 697 632 1124 1556 482 1477 425 1151 673 419 665 1048 251 503 289 528 384 383 304 592 1201 339 303
782 1026 894 868 814 834 895 780 315 938 798 688 491 209 253 212 146 783 884 834 372 637 333 414 341 0 1022 883 345 269 210 2198 361 455 3114 260 256 816 136 642 324 621 3033 758 449 261 940 1020 305 316 796 447 210 185 3000 388 273 901 1000 332 263 959 787 764 1038 920 855 937 1370 705 1290 648 965 896 562 808 862 108 317 141 690 431 369 351 815 1014 562 349
1249 74 1195 233 286 1084 154 1599 1183 168 1393 1283 1359 972 1121 976 997 1379 165 1544 1240 1505 1200 1282 1208 1022 0 344 1213 1084 1078 3066 1229 1323 3982 1128 1124 1563 987 1510 1192 1217 3088 1354 1317 1129 1241 67 1173 1131 1391 1315 973 1053 3055 1204 1089 1237 105 1200 1078 79 1122 1360 75 1256 1191 166 1425 1300 1345 1097 95 1231 1430 1676 364 976 868 992 990 1299 1237 1219 1151 51 1181 1217
1110 348 1057 191 496 945 474 1461 1045 487 1255 1145 1220 834 982 837 859 1240 484 1406 1101 1367 1062 1144 1070 883 344 0 1074 946 939 2927 1090 1184 3843 990 985 1424 849 1372 1053 1078 2949 1215 1178 991 1103 342 1034 992 1252 1176 835 914 2917 1065 950 1098 425 1061 939 282 984 1221 360 1118 1052 486 1286 1162 1206 959 414 1093 1291 1537 544 838 729 853 852 1160 1098 1080 1012 336 1042 1078
727 1216 942 1059 1005 1002 1085 561 273 1129 743 633 312 400 121 403 280 728 1075 614 248 418 290 195 298 345 1213 1074 0 460 168 1978 141 331 2894 112 196 596 308 423 281 566 3140 704 229 120 896 1211 262 507 741 323 401 268 3108 469 464 846 1191 39 453 1150 732 709 1228 866 800 1128 1560 650 1481 594 1156 841 342 588 1052 255 507 294 696 211 245 57 760 1205 507 56
897 1088 1002 931 876 931 957 895 430 1001 913 802 606 317 368 320 204 898 946 949 420 752 447 529 455 269 1084 946 460 0 325 2313 476 429 3229 375 338 931 194 757 439 736 3095 873 564 376 1048 1082 420 139 911 345 317 267 3062 197 105 1016 1062 447 213 1021 902 879 1100 1035 970 1000 1432 820 1352 763 1027 1010 677 923 924 223 339 199 797 546 417 466 930 1076 677 464
589 1082 804 924 870 864 951 604 123 995 605 495 298 265 76 269 145 590 940 657 256 460 140 238 148 210 1078 939 168 325 0 2021 184 339 2937 83 204 639 173 465 131 428 3089 566 272 84 758 1076 112 372 603 330 266 139 3056 445 330 708 1056 155 319 1015 594 571 1094 728 662 994 1426 512 1346 455 1021 703 385 631 918 121 373 159 558 254 252 174 622 1070 369 172
2370 3089 2584 2932 2878 2645 2959 2139 2146 3002 2386 2275 1955 2273 1995 2276 2153 2371 2948 2192 2121 1996 2163 1972 2171 2218 3086 2947 1998 2333 2041 0 1919 2204 1069 1986 2070 2174 2181 2001 2154 2209 2448 2346 1960 1994 2538 3084 2136 2380 2384 2196 2274 2141 2415 2342 2337 2489 3064 1985 2327 3023 2375 2352 3101 2507 2443 3001 2334 2293 2571 2236 3029 2483 1920 2166 2925 2129 2380 2167 2339 1989 2118 2004 2403 3078 2150 2003
648 1233 863 1075 1021 923 1102 482 289 1146 664 554 233 416 138 420 296 649 1091 535 265 338 307 72 315 361 1229 1090 141 476 184 1899 0 348 2815 129 213 517 324 343 298 487 3061 625 106 137 817 1227 279 523 662 339 417 285 3029 485 481 767 1207 129 470 1166 653 630 1245 786 721 1145 1577 571 1497 514 1172 762 263 509 1069 272 524 310 617 88 261 147 681 1221 428 146
910 1326 1125 1169 1115 1134 1196 767 444 1239 926 816 519 510 292 513 343 911 1185 820 105 624 461 401 469 455 1323 1184 331 429 339 2184 348 0 3100 283 223 802 370 629 452 749 3334 887 435 291 1079 1321 433 547 924 106 511 294 3301 252 512 1029 1301 318 531 1260 915 892 1338 1049 983 1238 1671 833 1591 777 1266 1024 548 794 1162 366 585 356 879 417 102 337 943 1315 690 336
3286 4006 3500 3848 3794 3561 3875 3055 3062 3919 3302 3192 2871 3189 2911 3193 3069 3287 3864 3108 3038 2912 3080 2889 3088 3134 4002 3863 2914 3249 2957 1069 2835 3121 0 2902 2986 3091 3097 2917 3071 3125 3364 3262 2876 2910 3454 4000 3052 3296 3300 3112 3190 3058 3331 3258 3254 3405 3980 2902 3243 3939 3291 3268 4018 3424 3359 3918 3250 3209 3487 3152 3945 3400 2836 3083 3842 3045 3297 3083 3255 2905 3034 2920 3319 3994 3066 2919
655 1132 870 975 920 930 1001 548 189 1045 671 561 300 315 43 319 196 656 990 602 200 405 206 182 214 260 1128 990 112 375 83 1965 129 283 2882 0 148 584 223 410 197 494 3128 632 217 42 824 1126 178 422 669 275 316 190 3095 421 380 774 1106 100 369 1066 660 637 1144 793 728 1044 1476 578 1396 521 1071 769 330 576 968 171 423 209 624 199 197 119 688 1120 435 117
775 1127 991 970 916 935 996 632 309 1040 792 681 384 311 157 314 143 776 986 685 140 489 326 266 334 256 1124 985 196 338 204 2049 213 223 2966 148 0 668 171 494 317 615 3134 752 300 156 945 1122 298 385 789 214 312 95 3102 360 342 894 1102 184 332 1061 780 758 1139 914 849 1039 1472 698 1392 642 1067 889 413 660 963 166 385 157 745 282 136 202 808 1116 555 201
631 1566 435 1409 1355 788 1436 152 648 1479 647 330 431 871 593 874 751 361 1425 97 719 272 665 538 673 816 1563 1424 596 931 639 2143 517 802 3059 584 668 0 779 277 656 368 3306 337 507 592 389 1561 637 978 645 794 872 739 3273 940 935 544 1541 583 925 1500 636 342 1578 358 498 1478 1911 411 1831 498 1506 539 322 443 1402 726 978 765 600 586 716 602 664 1555 435 601
745 991 869 834 779 808 860 743 278 904 761 650 454 184 216 187 38 746 849 797 287 600 295 377 303 136 987 849 308 194 173 2161 324 370 3077 223 171 779 0 605 287 584 2998 721 412 224 914 986 268 241 759 362 184 100 2966 314 199 864 966 295 188 925 750 727 1003 883 818 903 1335 668 1256 611 930 858 525 771 827 90 242 32 664 394 284 314 778 980 525 312
672 1514 687 1357 1302 948 1383 241 474 1427 689 578 258 697 419 701 578 613 1372 295 546 22 491 364 499 642 1510 1372 423 757 465 1970 343 629 2886 410 494 277 605 0 482 512 3132 588 333 418 641 1508 463 804 687 621 698 566 3099 766 762 792 1488 410 751 1448 677 594 1526 610 746 1426 1858 595 1778 539 1453 786 149 183 1350 553 805 591 642 413 543 429 706 1502 453 427
542 1195 757 1038 983 817 1064 620 27 1108 558 448 251 379 190 382 259 543 1053 674 369 477 93 351 33 324 1192 1053 281 439 131 2134 298 452 3050 197 317 656 287 482 0 381 3202 519 385 198 711 1190 65 486 556 444 379 253 3170 558 443 661 1170 268 432 1129 547 524 1207 680 615 1107 1539 465 1460 408 1135 656 402 648 1031 234 486 273 511 367 366 287 575 1184 322 286
285 1220 398 1063 1009 560 1090 405 373 1133 301 89 281 676 487 680 556 184 1079 350 666 507 390 508 398 621 1217 1078 566 736 428 2178 487 749 3094 494 615 368 584 512 381 0 3228 159 477 495 352 1215 362 783 299 741 677 550 3195 856 740 404 1195 554 730 1154 290 165 1233 321 358 1132 1565 106 1485 151 1160 399 431 678 1057 532 784 570 254 557 663 573 318 1209 88 571
3221 3053 3167 2896 2841 3056 2922 3325 3155 2966 3366 3255 3141 2945 3093 2948 2970 3351 2911 3378 3212 3182 3173 3158 3181 2994 3049 2911 3184 3056 3050 2397 3105 3295 3313 3100 3096 3360 2960 3187 3164 3189 0 3326 3146 3101 3213 3047 3145 3103 3363 3287 2945 3025 122 3176 3061 3209 3028 3171 3050 2987 3095 3332 3065 3228 3163 2965 1719 3273 1956 3069 2992 3203 3106 3352 2889 2949 2840 2964 2963 3175 3209 3190 3123 3042 3153 3188
422 1358 366 1200 1146 697 1227 373 510 1271 438 121 418 813 624 817 693 85 1216 318 804 583 527 646 535 758 1354 1215 704 873 566 2315 625 887 3231 632 752 337 721 588 519 159 3365 0 614 633 320 1352 500 920 436 878 814 687 3332 993 878 475 1332 691 867 1291 427 51 1370 290 429 1270 1702 135 1622 289 1297 470 568 754 1194 669 921 707 391 694 800 710 455 1346 225 708
638 1320 853 1163 1109 913 1189 471 377 1233 654 544 223 504 225 507 384 639 1179 525 352 328 394 83 402 449 1317 1178 229 564 272 1940 106 435 2856 217 300 507 412 333 385 477 3102 614 0 224 807 1315 366 611 652 427 505 372 3070 573 568 757 1295 216 557 1254 643 620 1332 776 711 1232 1665 561 1585 504 1260 752 253 499 1156 359 611 398 607 132 349 235 671 1309 418 233
656 1133 871 976 921 931 1002 556 190 1046 672 562 308 316 51 320 196 657 991 609 208 413 207 190 215 261 1129 991 120 376 84 1973 137 291 2890 42 156 592 224 418 198 495 3136 633 224 0 825 1127 179 423 670 283 317 190 3103 429 381 775 1107 108 370 1067 661 638 1145 794 729 1045 1477 579 1397 522 1072 770 337 584 969 172 424 210 625 206 205 126 689 1121 436 125
486 1245 150 1088 1033 423 1114 426 703 1158 631 314 611 891 817 894 886 345 1103 371 996 636 720 838 728 940 1241 1103 896 1048 758 2507 817 1079 3423 824 945 389 914 641 711 352 3252 320 807 825 0 1239 692 1095 629 1071 892 880 3219 1167 1052 268 1219 884 1041 1179 360 326 1257 83 222 1157 1589 395 1509 335 1184 263 686 806 1081 862 871 900 324 887 993 903 388 1233 418 901
1247 72 1193 231 328 1082 196 1598 1181 210 1391 1281 1357 971 1119 974 995 1377 207 1542 1238 1503 1198 1280 1207 1020 67 342 1211 1082 1076 3064 1227 1321 3980 1126 1122 1561 986 1508 1190 1215 3086 1352 1315 1127 1239 0 1171 1129 1389 1313 971 1051 3053 1202 1087 1235 148 1198 1076 77 1121 1358 83 1254 1189 209 1423 1299 1343 1095 137 1229 1428 1674 406 974 866 990 989 1297 1235 1217 1149 59 1179 1215
523 1176 738 1019 965 798 1045 601 57 1089 539 429 232 360 171 363 240 524 1035 655 350 458 47 332 82 305 1173 1034 262 420 112 2115 279 433 3032 178 298 637 268 463 65 362 3183 500 366 179 692 1171 0 467 537 425 361 234 3151 539 424 642 1151 250 413 1110 528 505 1188 662 596 1088 1520 446 1441 390 1116 637 383 629 1012 215 467 254 492 348 347 268 556 1165 303 267
943 1135 1049 977 923 978 1004 942 477 1048 960 849 653 364 415 367 251 945 993 996 501 799 494 576 502 316 1131 992 507 139 372 2360 523 547 3276 422 385 978 241 804 486 783 3142 920 611 423 1095 1129 467 0 958 463 364 314 3109 315 76 1063 1109 494 306 1068 949 926 1147 1082 1017 1047 1479 867 1399 810 1074 1057 724 970 971 270 386 246 844 593 498 513 977 1123 724 511
172 1395 675 1237 1183 734 1264 682 548 1308 28 365 455 851 662 854 731 461 1253 627 841 682 565 683 573 796 1391 1252 741 911 603 2353 662 924 3269 669 789 645 759 687 556 299 3402 436 652 670 629 1389 537 958 0 916 852 725 3369 1030 915 578 1369 728 904 1328 396 442 1407 598 532 1307 1739 383 1659 326 1334 573 606 852 1231 706 958 745 428 732 838 747 294 1383 263 746
902 1318 1117 1161 1107 1126 1187 759 435 1231 918 808 510 502 284 505 334 903 1177 812 97 616 453 393 461 447 1315 1176 323 345 330 2176 339 106 3092 275 214 794 362 621 444 741 3325 878 427 283 1071 1313 425 463 916 0 503 286 3293 168 428 1021 1293 310 480 1252 907 884 1330 1040 975 1230 1662 825 1583 768 1258 1016 540 786 1154 357 576 348 871 409 94 329 935 1307 682 327
837 977 846 820 765 785 846 836 371 890 854 743 547 54 309 58 194 839 835 890 428 693 388 470 396 210 973 835 401 317 266 2254 417 511 3170 316 312 872 184 698 379 677 2984 814 505 317 892 971 361 364 852 503 0 241 2952 437 322 887 951 388 311 911 773 820 989 907 841 889 1321 761 1241 704 916 882 618 864 813 164 365 189 641 487 425 407 801 965 618 405
711 1056 925 899 845 864 926 704 245 969 727 617 420 240 182 243 73 712 915 757 211 561 262 338 270 185 1053 914 268 267 139 2121 285 294 3037 190 95 739 100 566 253 550 3064 687 372 190 880 1051 234 314 725 286 241 0 3031 387 271 830 1031 255 261 990 716 693 1068 849 784 968 1401 634 1321 577 996 825 485 731 892 95 315 86 680 354 208 274 744 1045 491 273
3188 3020 3135 2863 2809 3024 2889 3292 3123 2933 3333 3223 3108 2912 3061 2915 2937 3318 2879 3345 3179 3149 3140 3126 3148 2962 3017 2878 3151 3024 3018 2365 3072 3262 3281 3068 3063 3328 2927 3154 3131 3157 122 3294 3113 3069 3181 3015 3112 3071 3331 3254 2913 2992 0 3143 3028 3176 2995 3139 3017 2954 3062 3299 3032 3196 3130 2932 1686 3240 1923 3037 2960 3171 3073 3320 2856 2916 2807 2932 2930 3142 3176 3158 3090 3009 3121 3156
1016 1207 1121 1050 996 1050 1076 905 550 1120 1033 922 656 436 430 439 324 1017 1066 958 243 762 567 539 575 388 1204 1065 469 197 445 2322 485 252 3238 421 360 940 314 766 558 856 3215 993 573 429 1167 1202 539 315 1030 168 437 387 3182 0 280 1135 1182 456 332 1141 1021 999 1219 1155 1089 1119 1552 939 1472 883 1147 1130 686 932 1043 343 458 319 917 555 240 475 1049 1196 796 473
901 1092 1006 935 881 935 961 900 435 1005 917 807 610 321 372 324 209 902 951 953 459 757 452 534 460 273 1089 950 464 105 330 2317 481 512 3233 380 342 935 199 762 443 740 3099 878 568 381 1052 1087 424 76 915 428 322 271 3067 280 0 1020 1067 451 264 1026 906 883 1104 1040 974 1004 1437 824 1357 768 1032 1015 681 927 928 228 343 204 802 550 455 470 934 1081 681 469
436 1240 314 1083 1029 580 1109 581 653 1153 580 469 560 886 767 890 836 500 1098 526 946 787 670 788 678 901 1237 1098 846 1016 708 2458 767 1029 3374 774 894 544 864 792 661 404 3247 475 757 775 268 1235 642 1063 578 1021 887 830 3215 1135 1020 0 1215 833 1009 1174 309 481 1252 237 147 1152 1584 488 1505 284 1180 100 711 957 1076 811 867 850 274 837 943 852 338 1229 368 851
1227 154 1173 314 259 1062 127 1578 1162 140 1372 1262 1337 951 1099 954 976 1357 138 1523 1218 1484 1179 1261 1187 1000 105 425 1191 1062 1056 3044 1207 1301 3960 1106 1102 1541 966 1488 1170 1195 3066 1332 1295 1107 1219 148 1151 1109 1369 1293 951 1031 3034 1182 1067 1215 0 1178 1056 160 1101 1338 149 1234 1169 139 1403 1279 1323 1075 67 1209 1408 1654 337 955 846 970 969 1277 1215 1197 1129 98 1159 1195
714 1203 930 1046 992 990 1073 548 260 1116 731 620 300 387 109 390 267 715 1062 601 235 405 277 182 285 332 1200 1061 39 447 155 1965 129 318 2881 100 184 583 295 410 268 554 3128 691 216 108 884 1198 250 494 728 310 388 255 3095 456 451 833 1178 0 441 1137 719 697 1215 853 788 1115 1548 637 1468 581 1143 828 329 575 1039 242 494 281 684 198 232 45 747 1192 494 43
890 1081 995 924 870 924 951 889 424 994 907 796 600 310 362 314 198 891 940 942 448 746 441 523 449 263 1078 939 453 213 319 2306 470 531 3223 369 332 925 188 751 432 730 3089 867 557 370 1041 1076 413 306 904 480 311 261 3056 332 264 1009 1056 441 0 1015 895 873 1093 1029 964 993 1426 813 1346 757 1021 1004 670 917 917 217 333 193 791 539 445 459 924 1070 670 458
1186 83 1132 170 340 1021 208 1537 1121 222 1331 1221 1296 910 1058 913 935 1316 219 1482 1177 1443 1138 1220 1146 959 79 282 1150 1021 1015 3003 1166 1260 3919 1066 1061 1500 925 1448 1129 1154 3025 1291 1254 1067 1179 77 1110 1068 1328 1252 911 990 2993 1141 1026 1174 160 1137 1015 0 1060 1297 95 1194 1128 221 1362 1238 1282 1035 149 1169 1367 1613 418 914 805 929 928 1236 1174 1156 1088 71 1118 1154
253 1126 406 969 914 466 995 672 539 1039 398 356 446 772 653 775 722 452 984 617 832 672 556 674 564 787 1122 984 732 902 594 2344 653 915 3260 660 780 636 750 677 547 290 3133 427 643 661 360 1121 528 949 396 907 773 716 3101 1021 906 309 1101 719 895 1060 0 433 1138 329 264 1038 1470 373 1391 170 1065 304 597 843 962 697 752 736 160 722 829 738 155 1115 254 736
428 1363 372 1206 1152 703 1233 379 516 1276 444 127 424 819 630 822 699 91 1222 324 809 589 533 651 541 764 1360 1221 709 879 571 2321 630 892 3237 637 758 342 727 594 524 165 3371 51 620 638 326 1358 505 926 442 884 820 693 3338 999 883 481 1338 697 873 1297 433 0 1375 295 435 1275 1708 140 1628 294 1303 476 574 760 1199 675 927 713 397 700 806 715 461 1352 231 714
1264 89 1211 248 329 1100 198 1615 1199 211 1409 1299 1374 988 1137 991 1013 1394 208 1560 1255 1521 1216 1298 1224 1038 75 360 1228 1100 1094 3081 1245 1338 3997 1144 1139 1578 1003 1526 1207 1233 3104 1370 1332 1145 1257 83 1188 1147 1407 1330 989 1068 3071 1219 1104 1252 149 1215 1093 95 1138 1375 0 1272 1206 210 1441 1316 1361 1113 138 1247 1445 1692 408 992 883 1008 1006 1314 1252 1234 1166 67 1197 1233
455 1260 128 1103 1048 454 1129 395 672 1173 600 283 580 906 786 909 855 314 1118 340 966 605 689 807 697 920 1256 1118 866 1035 728 2476 786 1049 3392 793 914 358 883 610 680 321 3267 290 776 794 83 1254 662 1082 598 1040 907 849 3234 1155 1040 237 1234 853 1029 1194 329 295 1272 0 192 1172 1604 364 1524 304 1199 232 655 776 1096 831 886 869 293 856 962 872 357 1248 387 870
390 1194 268 1037 983 534 1063 535 607 1107 534 423 515 840 721 844 790 454 1053 480 900 741 624 742 632 855 1191 1052 800 970 662 2412 721 983 3328 728 849 498 818 746 615 358 3202 429 711 729 222 1189 596 1017 532 975 841 784 3169 1089 974 147 1169 788 964 1128 264 435 1206 192 0 1106 1539 442 1459 238 1134 152 665 911 1030 766 821 804 228 791 897 806 292 1183 322 805
1164 216 1111 375 196 1000 64 1515 1099 25 1309 1199 1274 888 1036 891 913 1294 75 1460 1155 1421 1116 1198 1124 937 166 486 1128 1000 994 2981 1145 1238 3897 1044 1039 1478 903 1426 1107 1132 3003 1270 1232 1045 1157 209 1088 1047 1307 1230 889 968 2971 1119 1004 1152 139 1115 993 221 1038 1275 210 1172 1106 0 1340 1216 1261 1013 104 1147 1345 1591 274 892 783 908 906 1214 1152 1134 1066 159 1096 1132
1597 1429 1543 1271 1217 1432 1298 1947 1531 1341 1741 1631 1707 1320 1469 1324 1345 1726 1287 1892 1588 1853 1548 1630 1556 1370 1425 1286 1560 1432 1426 2260 1577 1671 3177 1476 1472 1911 1335 1858 1539 1565 1757 1702 1665 1477 1589 1423 1520 1479 1739 1662 1321 1401 1725 1552 1437 1584 1403 1548 1426 1362 1470 1708 1441 1604 1539 1340 0 1648 331 1445 1368 1579 1778 2024 1265 1324 1215 1340 1338 1647 1585 1567 1498 1417 1529 1565
368 1304 440 1147 1092 644 1173 448 457 1217 385 131 364 760 571 763 640 159 1162 392 750 590 474 592 482 705 1300 1162 650 820 512 2261 571 833 3178 578 698 411 668 595 465 106 3311 135 561 579 395 1299 446 867 383 825 761 634 3279 939 824 488 1279 637 813 1238 373 140 1316 364 442 1216 1648 0 1569 235 1243 482 515 761 1140 615 867 654 338 640 747 656 402 1293 172 654
1517 1349 1463 1191 1137 1352 1218 1868 1451 1262 1661 1551 1627 1241 1389 1244 1265 1647 1207 1812 1508 1773 1468 1550 1477 1290 1345 1206 1481 1352 1346 2498 1497 1591 3414 1396 1392 1831 1256 1778 1460 1485 1994 1622 1585 1397 1509 1343 1441 1399 1659 1583 1241 1321 1962 1472 1357 1505 1323 1468 1346 1282 1391 1628 1361 1524 1459 1261 331 1569 0 1365 1288 1499 1698 1944 1185 1244 1136 1260 1259 1567 1505 1487 1419 1337 1449 1485
296 1101 381 944 889 441 970 534 400 1014 328 218 308 703 514 707 583 313 959 479 694 534 417 535 425 648 1097 959 594 763 455 2205 514 777 3121 521 642 498 611 539 408 151 3108 289 504 522 335 1095 390 810 326 768 704 577 3075 883 768 284 1075 581 757 1035 170 294 1113 304 238 1013 1445 235 1365 0 1040 279 458 705 937 559 727 597 134 584 690 600 198 1089 115 598
1192 144 1138 303 223 1027 92 1543 1126 105 1336 1226 1302 916 1064 919 940 1322 102 1487 1183 1448 1143 1225 1151 965 95 414 1156 1027 1021 3009 1172 1266 3925 1071 1067 1506 930 1453 1135 1160 3031 1297 1260 1072 1184 137 1116 1074 1334 1258 916 996 2998 1147 1032 1180 67 1143 1021 149 1065 1303 138 1199 1134 104 1368 1243 1288 1040 0 1174 1373 1619 302 919 811 935 933 1242 1180 1162 1094 87 1124 1160
430 1235 309 1078 1023 574 1104 575 647 1148 575 463 555 881 761 884 831 494 1093 520 941 781 665 783 673 896 1231 1093 841 1010 703 2452 762 1024 3368 769 889 539 858 786 656 399 3242 470 752 770 263 1229 637 1057 573 1016 882 825 3209 1130 1015 100 1209 828 1004 1169 304 476 1247 232 152 1147 1579 482 1499 279 1174 0 706 952 1071 806 861 844 268 831 938 847 332 1223 363 845
592 1433 732 1276 1222 867 1302 287 393 1346 608 498 177 617 338 620 497 593 1292 340 465 144 411 284 419 562 1430 1291 342 677 385 1889 263 548 2805 330 413 322 525 149 402 431 3051 568 253 337 686 1428 383 724 606 540 618 485 3019 686 681 711 1408 329 670 1367 597 574 1445 655 665 1345 1778 515 1698 458 1373 706 0 314 1269 472 724 511 561 332 462 348 625 1422 372 346
838 1680 852 1522 1468 1114 1549 407 640 1593 855 744 424 863 585 867 743 779 1538 460 712 188 657 530 665 808 1676 1537 588 923 631 2135 509 794 3052 576 660 443 771 183 648 678 3298 754 499 584 806 1674 629 970 852 786 864 731 3265 932 927 957 1654 575 917 1613 843 760 1692 776 911 1591 2024 761 1944 705 1619 952 314 0 1516 719 971 757 808 579 708 594 871 1668 618 593
1088 413 1035 529 151 924 231 1439 1023 275 1233 1123 1198 812 961 815 837 1218 220 1384 1079 1345 1040 1122 1048 862 364 544 1052 924 918 2905 1069 1162 3821 968 963 1402 827 1350 1031 1057 2928 1194 1156 969 1081 406 1012 971 1231 1154 813 892 2895 1043 928 1076 337 1039 917 418 962 1199 408 1096 1030 274 1265 1140 1185 937 302 1071 1269 1516 0 816 707 832 830 1138 1076 1058 990 356 1021 1057
692 980 849 823 768 788 849 691 226 893 709 598 402 164 164 167 100 693 838 744 283 548 243 325 251 108 976 838 255 223 121 2108 272 366 3025 171 166 726 90 553 234 532 2987 669 359 172 862 974 215 270 706 357 164 95 2955 343 228 811 955 242 217 914 697 675 992 831 766 892 1324 615 1244 559 919 806 472 719 816 0 271 95 644 341 279 261 725 969 472 260
879 871 825 714 660 714 740 943 478 784 961 850 653 364 416 368 252 945 729 996 502 800 495 577 503 317 868 729 507 339 373 2360 524 585 3276 423 385 978 242 805 486 784 2878 921 611 424 871 866 467 386 958 576 365 315 2846 458 343 867 846 494 333 805 752 927 883 886 821 783 1215 867 1136 727 811 861 724 971 707 271 0 247 620 593 498 513 781 860 724 512
730 996 873 838 784 813 865 729 264 909 747 636 440 188 202 192 24 732 854 783 273 586 281 363 289 141 992 853 294 199 159 2147 310 356 3063 209 157 765 32 591 273 570 3003 707 398 210 900 990 254 246 745 348 189 86 2970 319 204 850 970 281 193 929 736 713 1008 869 804 908 1340 654 1260 597 935 844 511 757 832 95 247 0 669 380 270 300 764 984 511 298
286 994 370 837 782 334 863 637 503 907 431 320 411 640 617 644 674 416 852 582 796 637 520 638 528 690 990 852 696 797 558 2308 617 879 3224 624 745 600 664 642 511 254 3001 391 607 625 324 989 492 844 428 871 641 680 2969 917 802 274 969 684 791 928 160 397 1006 293 228 906 1338 338 1259 134 933 268 561 808 830 644 620 669 0 687 793 702 188 983 218 701
717 1302 933 1145 1091 993 1171 551 359 1215 734 623 303 486 207 489 366 718 1161 604 334 408 376 97 384 431 1299 1160 211 546 254 1968 88 417 2885 199 282 586 394 413 367 557 3131 694 132 206 887 1297 348 593 732 409 487 354 3098 555 550 837 1277 198 539 1236 722 700 1314 856 791 1214 1647 640 1567 584 1242 831 332 579 1138 341 593 380 687 0 331 217 751 1291 497 215
824 1240 1039 1083 1029 1048 1109 681 358 1153 840 730 433 424 206 427 256 825 1099 734 64 538 375 315 383 369 1237 1098 245 417 252 2098 261 102 3014 197 136 716 284 543 366 663 3247 800 349 205 993 1235 347 498 838 94 425 208 3215 240 455 943 1215 232 445 1174 829 806 1252 962 897 1152 1585 747 1505 690 1180 938 462 708 1076 279 498 270 793 331 0 251 857 1229 604 249
733 1222 949 1065 1011 1009 1091 567 279 1135 749 639 319 406 127 409 286 734 1081 620 254 424 296 201 304 351 1219 1080 57 466 174 1984 147 337 2900 119 202 602 314 429 287 573 3146 710 235 126 903 1217 268 513 747 329 407 274 3114 475 470 852 1197 45 459 1156 738 715 1234 872 806 1134 1567 656 1487 600 1162 847 348 594 1058 261 513 300 702 217 251 0 766 1211 513 62
151 1154 434 997 943 494 1023 701 567 1067 296 384 475 800 681 804 750 480 1013 645 860 701 584 702 592 815 1151 1012 760 930 622 2372 681 943 3288 688 808 664 778 706 575 318 3161 455 671 689 388 1149 556 977 294 935 801 744 3129 1049 934 338 1129 747 924 1088 155 461 1166 357 292 1066 1498 402 1419 198 1094 332 625 871 990 725 781 764 188 751 857 766 0 1143 282 765
1241 66 1187 225 278 1076 146 1592 1175 160 1386 1275 1351 965 1113 968 990 1371 157 1537 1232 1497 1193 1275 1201 1014 51 336 1205 1076 1070 3058 1221 1315 3974 1120 1116 1555 980 1502 1184 1209 3080 1346 1309 1121 1233 59 1165 1123 1383 1307 965 1045 3048 1196 1081 1229 98 1192 1070 71 1115 1352 67 1248 1183 159 1417 1293 1337 1089 87 1223 1422 1668 356 969 860 984 983 1291 1229 1211 1143 0 1173 1209
249 1185 464 1027 973 524 1054 471 314 1098 265 155 221 617 428 620 497 250 1043 416 607 448 331 449 339 562 1181 1042 507 677 369 2119 428 690 3035 435 555 435 525 453 322 88 3192 225 418 436 418 1179 303 724 263 682 618 491 3159 796 681 368 1159 494 670 1118 254 231 1197 387 322 1096 1529 172 1449 115 1124 363 372 618 1021 472 724 511 218 497 604 513 282 1173 0 512
731 1221 947 1063 1009 1007 1090 565 277 1134 748 637 317 404 126 408 284 733 1079 618 253 422 295 199 303 349 1217 1078 56 464 172 1982 146 336 2899 117 201 601 312 427 286 571 3145 708 233 125 901 1215 267 511 746 327 405 273 3112 473 469 851 1195 43 458 1154 736 714 1233 870 805 1132 1565 654 1485 598 1160 845 346 593 1057 260 512 298 701 215 249 62 765 1209 512 0
EOF