NAME : tsp_problem
TYPE : TSP
DIMENSION : 34
EDGE_WEIGHT_TYPE : EXPLICIT
EDGE_WEIGHT_FORMAT : FULL_MATRIX
EDGE_WEIGHT_SECTION
0 462 345 748 346 636 621 470 404 633 716 381 584 677 444 407 506 353 418 574 601 3051 688 482 863 604 448 558 328 5372 767 390 704 615
462 0 130 513 772 515 646 156 830 319 481 331 609 961 567 466 385 778 477 599 419 3476 453 168 629 629 134 448 754 5797 532 318 729 1041
345 130 0 495 655 398 628 137 713 301 463 214 591 942 549 349 268 661 360 580 302 3359 435 149 564 611 116 429 637 5680 514 201 710 924
748 513 495 0 832 879 412 477 922 273 55 696 376 727 334 831 750 871 842 365 544 3569 151 398 682 285 455 214 847 5890 299 682 495 1133
346 772 655 832 0 945 705 779 435 826 800 690 668 529 527 671 815 383 682 657 910 3082 772 791 1172 688 757 642 359 5403 851 699 788 646
636 515 398 879 945 0 1012 522 1003 685 847 287 976 1276 933 546 233 951 436 965 511 3649 819 534 773 995 500 814 927 5971 899 265 1095 1214
621 646 628 412 705 1012 0 610 795 406 381 829 174 503 206 964 883 743 975 163 677 3442 353 531 814 268 588 222 719 5763 430 815 162 1006
470 156 137 477 779 522 610 0 837 283 445 338 573 924 531 474 393 785 485 562 427 3484 417 131 592 593 98 411 761 5805 496 325 692 1048
404 830 713 922 435 1003 795 837 0 916 890 748 758 801 618 729 873 93 740 748 968 2979 862 849 1230 778 815 732 113 5300 942 757 878 238
633 319 301 273 826 685 406 283 916 0 241 502 369 720 327 637 556 864 648 359 350 3487 213 204 487 389 261 208 840 5809 292 488 489 1127
716 481 463 55 800 847 381 445 890 241 0 664 344 695 302 799 718 839 810 333 512 3537 119 366 650 259 423 182 815 5858 267 650 463 1101
381 331 214 696 690 287 829 338 748 502 664 0 792 1021 750 352 157 697 363 781 336 3395 636 350 598 812 317 630 672 5716 715 41 911 959
584 609 591 376 668 976 174 573 758 369 344 792 0 563 170 927 846 707 938 126 640 3405 316 494 778 232 551 185 683 5726 395 778 257 970
677 961 942 727 529 1276 503 924 801 720 695 1021 563 0 422 1037 1146 749 1048 552 991 3447 667 845 1037 583 902 536 725 5769 649 1030 586 1012
444 567 549 334 527 933 206 531 618 327 302 750 170 422 0 814 804 566 825 159 598 3264 274 452 736 190 509 143 542 5586 353 736 289 829
407 466 349 831 671 546 964 474 729 637 799 352 927 1037 814 0 477 678 170 917 605 3376 771 486 867 947 452 766 654 5697 850 361 1047 941
506 385 268 750 815 233 883 393 873 556 718 157 846 1146 804 477 0 822 450 835 382 3520 690 405 644 866 371 685 798 5841 769 136 966 1085
353 778 661 871 383 951 743 785 93 864 839 697 707 749 566 678 822 0 689 696 916 2928 811 797 1178 727 764 680 70 5249 890 705 826 304
418 477 360 842 682 436 975 485 740 648 810 363 938 1048 825 170 450 689 0 928 616 3387 782 497 878 958 463 777 665 5708 861 372 1058 952
574 599 580 365 657 965 163 562 748 359 333 781 126 552 159 917 835 696 928 0 630 3394 305 483 767 221 541 175 672 5715 384 768 246 959
601 419 302 544 910 511 677 427 968 350 512 336 640 991 598 605 382 916 616 630 0 3355 484 376 415 660 405 479 892 5676 563 314 760 1179
3012 3438 3321 3530 3043 3611 3403 3445 2941 3524 3498 3356 3366 3409 3226 3337 3481 2889 3348 3356 3399 0 3470 3457 3542 3386 3423 3340 2865 4742 3550 3365 3486 3152
688 453 435 151 772 819 353 417 862 213 119 636 316 667 274 771 690 811 782 305 484 3509 0 338 622 336 395 154 787 5830 239 622 435 1074
482 168 149 398 791 534 531 131 849 204 366 350 494 845 452 486 405 797 497 483 376 3496 338 0 513 514 110 332 773 5817 417 337 614 1060
863 629 564 682 1172 773 814 592 1230 487 650 598 778 1037 736 867 644 1178 878 767 415 3488 622 513 0 798 570 616 1154 5809 701 576 897 1441
604 629 611 285 688 995 268 593 778 389 259 812 232 583 190 947 866 727 958 221 660 3425 336 514 798 0 571 205 703 5746 415 798 351 989
448 134 116 455 757 500 588 98 815 261 423 317 551 902 509 452 371 764 463 541 405 3462 395 110 570 571 0 390 740 5783 474 303 671 1027
558 448 429 214 642 814 222 411 732 208 182 630 185 536 143 766 685 680 777 175 479 3379 154 332 616 205 390 0 656 5700 233 617 305 943
328 754 637 847 359 927 719 761 113 840 815 672 683 725 542 654 798 70 665 672 892 2903 787 773 1154 703 740 656 0 5225 866 681 802 324
3105 3530 3413 3623 3136 3703 3496 3538 3033 3617 3591 3449 3459 3501 3318 3430 3574 2981 3441 3448 3492 655 3563 3550 3635 3479 3516 3433 2957 0 3642 3457 3579 3244
767 532 514 299 851 899 430 496 942 292 267 715 395 649 353 850 769 890 861 384 563 3588 239 417 701 415 474 233 866 5909 0 701 513 1153
390 318 201 682 699 265 815 325 757 488 650 41 778 1030 736 361 136 705 372 768 314 3403 622 337 576 798 303 617 681 5725 701 0 898 968
704 729 710 495 788 1095 162 692 878 489 463 911 257 586 289 1047 966 826 1058 246 760 3525 435 614 897 351 671 305 802 5846 513 898 0 1089
615 1041 924 1133 646 1214 1006 1048 238 1127 1101 959 970 1012 829 941 1085 304 952 959 1179 3190 1074 1060 1441 989 1027 943 324 5511 1153 968 1089 0
EOF