NAME : tsp_problem
TYPE : TSP
DIMENSION : 58
EDGE_WEIGHT_TYPE : EXPLICIT
EDGE_WEIGHT_FORMAT : FULL_MATRIX
EDGE_WEIGHT_SECTION
0 761 1108 760 738 1047 3307 670 411 754 668 663 409 745 673 684 880 283 974 711 434 449 3007 939 161 717 763 682 594 841 800 499 3336 599 574 681 713 547 664 1008 782 329 902 596 811 761 1023 761 131 982 911 913 374 122 1030 471 729 582
761 0 1169 63 121 1108 3008 143 731 57 334 340 938 557 330 507 941 603 234 523 964 372 3068 199 741 177 361 494 316 337 103 559 3397 286 261 603 172 230 621 312 278 909 398 317 71 360 518 454 779 1043 972 974 694 771 474 1000 189 643
1108 1169 0 1120 1075 77 4029 1164 1338 1143 868 863 1027 1578 874 799 362 1210 1269 1544 1053 1251 2961 1304 1088 1197 963 1515 1195 1024 1143 637 3291 1307 1282 1608 1193 1109 1591 1190 965 1256 1084 1196 1219 962 1205 876 1126 167 272 235 1301 1118 1212 1089 1209 563
760 63 1120 0 72 1059 3007 142 730 53 285 291 889 556 280 458 892 602 276 522 914 371 3018 241 740 176 312 493 315 288 53 510 3348 285 260 602 171 229 620 354 229 908 348 316 113 310 469 404 778 994 923 925 693 770 476 950 188 593
738 121 1075 72 0 1014 3066 200 708 95 240 246 844 614 236 413 847 580 334 580 869 349 2974 299 718 234 267 551 293 243 96 465 3303 343 318 660 229 207 678 410 184 886 304 294 171 266 424 359 756 949 878 880 671 748 432 906 246 549
1047 1108 77 1059 1014 0 3968 1103 1277 1082 807 802 966 1517 813 738 415 1149 1208 1483 992 1190 2900 1243 1027 1136 902 1454 1134 963 1082 576 3230 1246 1221 1547 1132 1048 1530 1129 904 1195 1023 1135 1158 901 1144 815 1065 219 211 288 1240 1057 1151 1028 1148 502
3338 3029 4050 3028 3086 3989 0 2914 3308 3021 3215 3221 3566 3046 3210 3420 3822 3180 3241 3012 3592 3059 3299 3206 3318 2961 3242 2983 3136 3251 3067 3440 3629 2894 2869 3093 2957 3050 3110 3319 3192 3486 3311 3137 3078 3240 3432 3367 3356 3924 3853 3855 3271 3348 3439 3628 2973 3523
670 143 1164 142 200 1103 2894 0 640 136 329 335 898 442 325 535 936 512 356 409 923 306 2966 321 650 75 356 379 250 365 181 554 3296 172 147 489 71 164 507 433 306 818 425 251 192 354 546 481 688 1038 967 969 603 680 553 960 87 638
411 731 1338 730 708 1277 3277 640 0 724 775 781 507 711 771 913 1110 150 944 677 472 418 3237 909 390 686 802 529 564 811 770 728 3566 568 543 319 682 517 301 978 752 304 872 565 780 801 992 927 429 1212 1141 1143 137 420 999 576 699 812
754 57 1143 53 95 1082 3001 136 724 0 308 314 912 550 304 481 915 596 270 516 937 365 3042 235 734 169 335 487 309 311 77 533 3371 279 254 596 165 223 614 347 252 902 372 310 107 334 492 427 772 1017 946 948 687 764 500 974 181 617
668 334 868 285 240 807 3195 329 775 308 0 40 638 743 39 404 641 647 480 709 663 417 2767 512 648 363 128 680 360 234 309 259 3097 472 447 789 358 274 807 401 175 816 295 362 384 127 416 351 686 743 672 674 739 678 423 699 375 342
663 340 863 291 246 802 3200 335 781 314 40 0 633 749 45 410 636 653 486 715 658 422 2762 518 643 368 134 686 366 240 314 254 3092 478 453 795 364 280 813 407 181 811 301 367 390 133 421 356 681 738 667 668 744 673 429 694 381 337
409 938 1027 889 844 966 3535 898 507 912 638 633 0 973 643 603 800 511 1073 939 65 677 2926 1109 389 945 732 910 822 828 913 441 3256 827 802 700 940 775 682 995 769 425 889 824 988 731 1009 680 427 902 831 832 597 419 1016 209 957 501
745 557 1578 556 614 1517 3015 442 711 550 743 749 973 0 738 948 1350 586 770 51 998 466 3087 734 725 489 770 308 611 779 595 968 3417 371 346 418 485 564 436 847 720 889 839 613 606 768 960 895 763 1452 1381 1383 678 754 967 1034 501 1051
673 330 874 280 236 813 3190 325 771 304 39 45 643 738 0 400 646 643 475 705 668 412 2772 508 653 358 124 676 356 230 304 264 3102 468 443 785 354 270 803 396 171 821 291 357 379 123 411 346 691 748 677 679 734 683 418 704 370 347
684 507 799 458 413 738 3400 535 913 481 404 410 603 948 400 0 571 785 600 915 628 622 2697 635 663 568 431 886 566 355 481 212 3027 678 653 995 564 480 1013 521 296 831 415 567 557 430 536 207 702 673 602 604 876 693 543 664 580 272
880 941 362 892 847 415 3802 936 1110 915 641 636 800 1350 646 571 0 982 1041 1316 825 1023 2734 1077 860 970 735 1287 967 796 916 409 3063 1079 1054 1381 965 881 1363 963 737 1028 857 968 991 734 977 648 898 216 404 147 1073 890 985 861 982 335
283 603 1210 602 580 1149 3149 512 150 596 647 653 511 586 643 785 982 0 816 553 536 290 3108 781 262 558 674 523 436 683 641 600 3438 440 415 421 554 389 404 849 624 407 744 437 652 673 864 799 301 1084 1013 1015 114 292 871 572 570 684
974 234 1269 276 334 1208 3221 356 944 270 480 486 1073 770 475 600 1041 816 0 736 1098 585 3168 57 954 389 507 707 529 368 316 683 3497 499 474 816 385 443 834 99 337 1122 298 530 185 505 324 546 992 1143 1072 1074 907 984 261 1135 401 743
711 523 1544 522 580 1483 2981 409 677 516 709 715 939 51 705 915 1316 553 736 0 964 432 3054 701 691 455 736 275 577 745 562 934 3383 337 312 384 451 531 402 813 686 855 806 579 572 735 926 861 729 1418 1347 1349 644 721 933 1001 467 1018
434 964 1053 914 869 992 3560 923 472 937 663 658 65 998 668 628 825 536 1098 964 0 702 2951 1134 414 970 757 875 847 853 938 466 3281 852 827 665 966 800 647 1020 794 390 914 849 1013 756 1034 705 452 927 856 858 562 444 1042 234 982 526
449 372 1251 371 349 1190 3028 306 418 365 417 422 677 466 412 622 1023 290 585 432 702 0 3100 550 428 340 443 403 205 452 411 642 3430 320 295 512 336 158 530 619 393 596 513 207 422 442 633 568 467 1125 1054 1056 382 458 641 738 352 725
2968 3029 2923 2980 2935 2862 3249 3010 3198 3003 2729 2724 2888 3142 2734 2659 2695 3070 3129 3108 2913 3111 0 3165 2948 3057 2823 3079 3055 2884 3003 2497 386 2990 2965 3188 3052 2969 3206 3051 2825 3116 2945 3056 3079 2822 3065 2736 2986 2797 2726 2728 3161 2978 3072 2949 3069 2423
939 199 1304 241 299 1243 3186 321 909 235 512 518 1109 734 508 635 1077 781 57 701 1134 550 3203 0 919 354 539 672 493 403 281 718 3533 464 439 781 350 408 799 134 372 1087 333 495 150 538 359 582 957 1179 1108 1109 872 949 296 1170 366 778
161 741 1088 740 718 1027 3287 650 390 734 648 643 389 725 653 663 860 262 954 691 414 428 2987 919 0 697 742 662 574 821 780 478 3316 578 554 586 692 527 569 988 762 234 882 575 791 741 1002 740 179 962 891 893 354 170 1010 450 709 562
717 177 1197 176 234 1136 2941 75 686 169 363 368 945 489 358 568 970 558 389 455 970 340 3013 354 697 0 389 426 284 398 215 588 3342 218 194 535 31 198 553 467 339 865 459 285 226 388 580 515 735 1072 1001 1002 650 726 587 1006 47 671
763 361 963 312 267 902 3221 356 802 335 128 134 732 770 124 431 735 674 507 736 757 443 2862 539 742 389 0 707 387 261 335 353 3191 499 474 816 385 301 834 428 202 910 322 388 411 48 442 377 781 837 766 768 765 772 450 794 402 437
682 494 1515 493 551 1454 2952 379 529 487 680 686 910 308 676 886 1287 523 707 275 875 403 3024 672 662 426 707 0 548 716 532 905 3354 308 283 236 422 501 254 784 657 707 776 550 543 705 897 832 700 1389 1318 1320 615 692 904 971 438 989
594 316 1195 315 293 1134 3116 250 564 309 360 366 822 611 356 566 967 436 529 577 847 205 3094 493 574 284 387 548 0 396 354 585 3423 393 368 658 279 102 675 562 337 742 456 61 365 385 577 512 612 1069 998 1000 527 604 584 884 296 669
841 337 1024 288 243 963 3230 365 811 311 234 240 828 779 230 355 796 683 368 745 853 452 2923 403 821 398 261 716 396 0 312 437 3252 508 483 825 394 310 843 289 100 989 93 397 387 260 304 301 859 898 827 829 774 851 311 889 411 498
800 103 1143 53 96 1082 3047 181 770 77 309 314 913 595 304 481 916 641 316 562 938 411 3042 281 780 215 335 532 354 312 0 534 3372 325 300 642 211 268 660 393 252 948 372 356 152 334 493 428 818 1018 947 948 733 810 500 974 227 617
499 559 637 510 465 576 3420 554 728 533 259 254 441 968 264 212 409 600 683 934 466 642 2536 718 478 588 353 905 585 437 534 0 2865 697 673 999 583 499 981 604 378 646 498 587 609 352 619 289 517 511 440 442 691 508 626 502 600 111
3298 3359 3252 3309 3265 3191 3578 3340 3527 3333 3058 3053 3217 3471 3063 2988 3025 3399 3459 3438 3242 3441 386 3494 3277 3386 3153 3408 3384 3213 3333 2826 0 3319 3294 3518 3382 3298 3536 3380 3154 3445 3274 3386 3408 3151 3395 3065 3316 3127 3056 3057 3491 3307 3402 3278 3398 2752
599 286 1307 285 343 1246 2874 172 568 279 472 478 827 371 468 678 1079 440 499 337 852 320 2946 464 578 218 499 308 393 508 325 697 3276 0 75 417 214 307 435 576 449 746 569 395 336 498 689 624 617 1181 1110 1112 532 608 696 888 230 781
574 261 1282 260 318 1221 2849 147 543 254 447 453 802 346 443 653 1054 415 474 312 827 295 2921 439 554 194 474 283 368 483 300 673 3251 75 0 392 189 282 410 552 424 722 544 370 311 473 664 599 592 1156 1085 1087 507 583 672 863 206 756
681 603 1608 602 660 1547 3061 489 319 596 789 795 700 418 785 995 1381 421 816 384 665 512 3134 781 586 535 816 236 658 825 642 999 3463 417 392 0 531 611 152 894 766 496 886 659 653 815 1006 941 699 1483 1412 1413 408 691 1014 768 547 1082
713 172 1193 171 229 1132 2936 71 682 165 358 364 940 485 354 564 965 554 385 451 966 336 3009 350 692 31 385 422 279 394 211 583 3338 214 189 531 0 193 549 462 335 860 455 281 222 384 575 510 731 1067 996 998 645 722 582 1002 43 667
547 230 1109 229 207 1048 3030 164 517 223 274 280 775 564 270 480 881 389 443 531 800 158 3008 408 527 198 301 501 102 310 268 499 3337 307 282 611 193 0 629 476 251 695 370 103 279 300 491 426 565 983 912 914 480 557 498 837 210 583
664 621 1591 620 678 1530 3079 507 301 614 807 813 682 436 803 1013 1363 404 834 402 647 530 3152 799 569 553 834 254 675 843 660 981 3481 435 410 152 549 629 0 911 784 479 904 677 670 833 1024 959 682 1465 1394 1396 391 674 1031 750 565 1065
1008 312 1190 354 410 1129 3299 433 978 347 401 407 995 847 396 521 963 849 99 813 1020 619 3089 134 988 467 428 784 562 289 393 604 3419 576 552 894 462 476 911 0 258 1156 219 564 263 426 245 468 1026 1065 994 995 941 1017 182 1056 479 664
782 278 965 229 184 904 3171 306 752 252 175 181 769 720 171 296 737 624 337 686 794 393 2864 372 762 339 202 657 337 100 252 378 3193 449 424 766 335 251 784 258 0 930 161 338 328 201 272 242 800 839 768 770 715 792 280 830 351 439
329 909 1256 908 886 1195 3455 818 304 902 816 811 425 889 821 831 1028 407 1122 855 390 596 3155 1087 234 865 910 707 742 989 948 646 3484 746 722 496 860 695 479 1156 930 0 1050 743 959 909 1170 908 347 1130 1059 1061 393 338 1178 494 877 730
902 398 1084 348 304 1023 3291 425 872 372 295 301 889 839 291 415 857 744 298 806 914 513 2983 333 882 459 322 776 456 93 372 498 3313 569 544 886 455 370 904 219 161 1050 0 458 447 320 234 362 920 959 888 890 835 912 241 950 471 558
596 317 1196 316 294 1135 3117 251 565 310 362 367 824 613 357 567 968 437 530 579 849 207 3095 495 575 285 388 550 61 397 356 587 3424 395 370 659 281 103 677 564 338 743 458 0 367 387 578 513 614 1070 1000 1001 528 605 586 885 297 670
811 71 1219 113 171 1158 3058 192 780 107 384 390 988 606 379 557 991 652 185 572 1013 422 3117 150 791 226 411 543 365 387 152 609 3447 336 311 653 222 279 670 263 328 959 447 367 0 409 488 503 829 1093 1022 1024 744 820 425 1049 238 692
761 360 962 310 266 901 3220 354 801 334 127 133 731 768 123 430 734 673 505 735 756 442 2860 538 741 388 48 705 385 260 334 352 3190 498 473 815 384 300 833 426 201 909 320 387 409 0 441 376 779 836 765 767 764 771 448 792 400 436
1023 518 1205 469 424 1144 3411 546 992 492 416 421 1009 960 411 536 977 864 324 926 1034 633 3104 359 1002 580 442 897 577 304 493 619 3433 689 664 1006 575 491 1024 245 272 1170 234 578 488 441 0 482 1041 1079 1008 1010 955 1032 267 1071 592 679
761 454 876 404 359 815 3347 481 927 427 351 356 680 895 346 207 648 799 546 861 705 568 2775 582 740 515 377 832 512 301 428 289 3104 624 599 941 510 426 959 468 242 908 362 513 503 376 482 0 779 750 679 681 890 770 490 741 527 350
131 779 1126 778 756 1065 3325 688 429 772 686 681 427 763 691 702 898 301 992 729 452 467 3025 957 179 735 781 700 612 859 818 517 3354 617 592 699 731 565 682 1026 800 347 920 614 829 779 1041 779 0 1000 929 931 392 57 1048 489 747 600
982 1043 167 994 949 219 3904 1038 1212 1017 743 738 902 1452 748 673 216 1084 1143 1418 927 1125 2836 1179 962 1072 837 1389 1069 898 1018 511 3165 1181 1156 1483 1067 983 1465 1065 839 1130 959 1070 1093 836 1079 750 1000 0 414 89 1175 992 1087 963 1084 437
911 972 272 923 878 211 3833 967 1141 946 672 667 831 1381 677 602 404 1013 1072 1347 856 1054 2765 1108 891 1001 766 1318 998 827 947 440 3094 1110 1085 1412 996 912 1394 994 768 1059 888 1000 1022 765 1008 679 929 414 0 437 1104 921 1016 892 1013 366
913 974 235 925 880 288 3834 969 1143 948 674 668 832 1383 679 604 147 1015 1074 1349 858 1056 2767 1109 893 1002 768 1320 1000 829 948 442 3096 1112 1087 1413 998 914 1396 995 770 1061 890 1001 1024 767 1010 681 931 89 437 0 1106 923 1017 894 1014 368
374 694 1301 693 671 1240 3240 603 137 687 739 744 597 678 734 876 1073 114 907 644 562 382 3200 872 354 650 765 615 527 774 733 691 3529 532 507 408 645 480 391 941 715 393 835 528 744 764 955 890 392 1175 1104 1106 0 384 963 663 662 775
122 771 1118 770 748 1057 3317 680 420 764 678 673 419 754 683 693 890 292 984 721 444 458 3016 949 170 726 772 692 604 851 810 508 3346 608 583 691 722 557 674 1017 792 338 912 605 820 771 1032 770 57 992 921 923 384 0 1039 480 739 592
1030 474 1212 476 432 1151 3419 553 999 500 423 429 1016 967 418 543 985 871 261 933 1042 641 3111 296 1010 587 450 904 584 311 500 626 3441 696 672 1014 582 498 1031 182 280 1178 241 586 425 448 267 490 1048 1087 1016 1017 963 1039 0 1078 599 686
471 1000 1089 950 906 1028 3597 960 576 974 699 694 209 1034 704 664 861 572 1135 1001 234 738 2988 1170 450 1006 794 971 884 889 974 502 3317 888 863 768 1002 837 750 1056 830 494 950 885 1049 792 1071 741 489 963 892 894 663 480 1078 0 1018 563
729 189 1209 188 246 1148 2953 87 699 181 375 381 957 501 370 580 982 570 401 467 982 352 3025 366 709 47 402 438 296 411 227 600 3355 230 206 547 43 210 565 479 351 877 471 297 238 400 592 527 747 1084 1013 1014 662 739 599 1018 0 683
582 643 563 593 549 502 3503 638 812 617 342 337 501 1051 347 272 335 684 743 1018 526 725 2462 778 562 671 437 989 669 498 617 111 2791 781 756 1082 667 583 1065 664 439 730 558 670 692 436 679 350 600 437 366 368 775 592 686 563 683 0
EOF