NAME : tsp_problem
TYPE : TSP
DIMENSION : 47
EDGE_WEIGHT_TYPE : EXPLICIT
EDGE_WEIGHT_FORMAT : FULL_MATRIX
EDGE_WEIGHT_SECTION
0 1170 1156 1123 1355 1116 1065 906 359 1171 981 1061 1001 1422 543 923 65 1144 1138 1201 942 383 363 4465 1141 1074 392 1415 1041 925 955 875 1483 1450 1516 669 1113 207 1185 367 1240 1289 1121 529 888 253 978
1170 0 142 438 504 617 380 619 1003 486 780 860 800 571 670 596 1201 943 193 464 526 1027 865 4752 456 697 1036 564 1328 671 599 726 632 599 571 795 736 1088 862 1011 814 344 435 1166 739 1135 777
1156 142 0 377 490 604 367 606 990 472 767 847 787 558 656 583 1188 929 180 451 513 1014 852 4739 442 684 1023 551 1315 658 586 713 618 585 558 782 723 1075 849 997 801 330 374 1153 726 1121 764
1123 438 377 0 717 831 333 833 956 439 994 1074 1014 785 623 810 1155 1156 406 678 740 980 818 4705 409 650 990 778 1282 885 813 870 845 812 785 749 689 1042 1076 964 1028 557 70 1119 883 1088 991
1355 504 490 717 0 365 659 532 1188 765 693 753 713 173 854 509 1386 856 346 212 439 1212 1050 4937 735 976 1221 166 1513 584 510 639 234 114 384 776 1015 1273 633 1196 585 623 715 1351 652 1319 690
1116 617 604 831 365 0 773 293 949 878 454 515 475 433 616 270 1148 617 459 211 201 973 811 4698 849 1090 982 426 1275 345 272 400 493 460 643 537 1129 1035 394 957 347 737 828 1112 413 1081 452
1065 380 367 333 659 773 0 775 898 306 935 1016 956 727 565 752 1097 1098 348 620 682 922 760 4647 276 592 932 720 1224 827 755 812 787 754 652 691 631 984 1017 906 970 499 331 1061 825 1030 933
906 619 606 833 532 293 775 0 739 880 204 285 225 600 406 46 938 367 461 378 120 763 601 4488 851 911 772 593 1065 152 84 199 660 627 810 287 950 825 408 747 370 739 830 902 212 871 202
359 1003 990 956 1188 949 898 739 0 1004 814 895 834 1256 376 756 391 977 971 1034 776 73 197 4298 974 907 127 1249 874 758 788 708 1316 1283 1350 502 946 278 1018 200 1074 1122 954 478 721 324 811
1171 486 472 439 765 878 306 880 1004 0 1041 1122 1062 833 671 857 1202 1204 454 725 788 1028 866 4753 251 602 1037 825 1329 932 861 918 893 860 626 797 737 1090 1123 1012 1076 539 436 1167 931 1136 1039
981 780 767 994 693 454 935 204 814 1041 0 146 86 761 480 221 1012 228 622 539 280 838 676 4563 1011 1011 847 753 1139 263 260 310 821 788 971 362 1050 899 269 822 342 899 991 977 323 946 204
1061 860 847 1074 753 515 1016 285 895 1122 146 0 93 821 561 302 1093 165 703 600 361 918 756 4643 1092 1092 928 814 1220 343 340 391 882 849 1032 442 1131 980 144 902 217 980 1071 1057 404 1026 285
1001 800 787 1014 713 475 956 225 834 1062 86 93 0 781 501 242 1033 175 643 559 301 858 696 4583 1032 1032 868 774 1160 283 280 331 841 808 991 382 1071 920 216 842 289 920 1011 997 344 966 224
1422 571 558 785 173 433 727 600 1256 833 761 821 781 0 922 577 1454 923 414 280 507 1280 1118 5005 803 952 1289 25 1581 652 578 707 79 269 333 844 1083 1341 701 1264 653 630 782 1419 720 1387 758
543 670 656 623 854 616 565 406 376 671 480 561 501 922 0 423 574 643 638 700 442 400 238 4125 641 573 409 915 701 424 454 375 983 950 1016 169 612 462 684 384 740 789 620 539 388 508 478
923 596 583 810 509 270 752 46 756 857 221 302 242 577 423 0 955 384 438 355 97 780 618 4505 827 928 790 570 1082 169 61 217 637 604 787 304 967 842 395 764 347 715 807 919 229 888 219
65 1201 1188 1155 1386 1148 1097 938 391 1202 1012 1093 1033 1454 574 955 0 1175 1170 1232 974 415 395 4496 1173 1105 424 1447 1073 956 986 907 1515 1482 1548 700 1144 239 1216 399 1272 1321 1152 482 920 285 1010
1144 943 929 1156 856 617 1098 367 977 1204 228 165 175 923 643 384 1175 0 785 702 443 1001 839 4726 1174 1174 1010 916 1302 426 423 473 984 951 1134 525 1213 1062 288 985 361 1062 1154 1140 486 1108 367
1138 193 180 406 346 459 348 461 971 454 622 703 643 414 638 438 1170 785 0 306 369 995 833 4720 424 665 1005 406 1297 513 442 569 474 441 540 705 704 1057 704 979 657 312 404 1134 581 1103 620
1201 464 451 678 212 211 620 378 1034 725 539 600 559 280 700 355 1232 702 306 0 285 1058 896 4783 695 937 1067 272 1359 430 357 485 340 307 490 622 976 1119 479 1042 431 583 675 1197 498 1166 536
942 526 513 740 439 201 682 120 776 788 280 361 301 507 442 97 974 443 369 285 0 799 637 4524 758 938 809 500 1101 172 100 227 567 534 717 363 977 861 433 783 385 646 737 938 239 907 278
383 1027 1014 980 1212 973 922 763 73 1028 838 918 858 1280 400 780 415 1001 995 1058 799 0 221 4322 998 931 151 1272 898 782 812 732 1340 1307 1373 526 970 302 1042 224 1098 1146 978 502 745 348 835
363 865 852 818 1050 811 760 601 197 866 676 756 696 1118 238 618 395 839 833 896 637 221 0 4160 836 769 230 1110 736 620 650 570 1178 1145 1211 364 808 282 880 204 936 984 816 361 583 328 673
4538 4825 4812 4779 5010 4772 4721 4562 4372 4827 4636 4717 4657 5078 4199 4579 4570 4799 4794 4856 4598 4395 4233 0 4797 4729 4405 5071 3565 4580 4610 4531 5139 5106 5172 4324 4768 4457 4840 4379 4896 4945 4776 4534 4544 4503 4634
1141 456 442 409 735 849 276 851 974 251 1011 1092 1032 803 641 827 1173 1174 424 695 758 998 836 4723 0 572 1007 796 1300 903 831 888 863 830 596 767 707 1060 1093 982 1046 509 407 1137 901 1106 1009
1074 697 684 650 976 1090 592 911 907 602 1011 1092 1032 952 573 928 1105 1174 665 937 938 931 769 4656 572 0 940 945 1232 920 950 871 1013 1071 742 699 296 992 1215 915 1236 655 648 1070 884 1038 1009
392 1036 1023 990 1221 982 932 772 127 1037 847 928 868 1289 409 790 424 1010 1005 1067 809 151 230 4331 1007 940 0 1282 907 791 821 742 1349 1316 1383 535 979 311 1051 233 1107 1155 987 511 754 357 845
1415 564 551 778 166 426 720 593 1249 825 753 814 774 25 915 570 1447 916 406 272 500 1272 1110 4997 796 945 1282 0 1574 645 571 700 85 261 325 836 1076 1334 693 1256 646 623 775 1411 712 1380 751
1041 1328 1315 1282 1513 1275 1224 1065 874 1329 1139 1220 1160 1581 701 1082 1073 1302 1297 1359 1101 898 736 3491 1300 1232 907 1574 0 1083 1113 1034 1641 1608 1675 827 1271 960 1343 882 1399 1448 1279 1037 1046 1006 1137
925 671 658 885 584 345 827 152 758 932 263 343 283 652 424 169 956 426 513 430 172 782 620 4507 903 920 791 645 1083 0 184 209 712 679 862 346 959 843 467 766 470 791 882 921 222 890 260
955 599 586 813 510 272 755 84 788 861 260 340 280 578 454 61 986 423 442 357 100 812 650 4537 831 950 821 571 1113 184 0 239 639 606 789 343 989 873 360 796 312 719 810 951 252 919 257
875 726 713 870 639 400 812 199 708 918 310 391 331 707 375 217 907 473 569 485 227 732 570 4457 888 871 742 700 1034 209 239 0 767 734 917 394 910 794 514 716 525 846 868 871 66 840 308
1483 632 618 845 234 493 787 660 1316 893 821 882 841 79 983 637 1515 984 474 340 567 1340 1178 5065 863 1013 1349 85 1641 712 639 767 0 329 393 904 1143 1402 761 1324 713 690 843 1479 780 1448 818
1450 599 585 812 114 460 754 627 1283 860 788 849 808 269 950 604 1482 951 441 307 534 1307 1145 5032 830 1071 1316 261 1608 679 606 734 329 0 479 871 1110 1369 728 1291 680 718 810 1446 747 1415 785
1516 571 558 785 384 643 652 810 1350 626 971 1032 991 333 1016 787 1548 1134 540 490 717 1373 1211 5098 596 742 1383 325 1675 862 789 917 393 479 0 1054 965 1435 911 1357 863 420 782 1512 930 1481 968
669 795 782 749 776 537 691 287 502 797 362 442 382 844 169 304 700 525 705 622 363 526 364 4251 767 699 535 836 827 346 343 394 904 871 1054 0 738 588 566 510 629 915 746 665 406 634 359
1113 736 723 689 1015 1129 631 950 946 737 1050 1131 1071 1083 612 967 1144 1213 704 976 977 970 808 4695 707 296 979 1076 1271 959 989 910 1143 1110 965 738 0 1031 1254 954 1275 855 687 1109 923 1077 1048
207 1088 1075 1042 1273 1035 984 825 278 1090 899 980 920 1341 462 842 239 1062 1057 1119 861 302 282 4383 1060 992 311 1334 960 843 873 794 1402 1369 1435 588 1031 0 1103 286 1159 1208 1039 563 807 90 897
1185 862 849 1076 633 394 1017 408 1018 1123 269 144 216 701 684 395 1216 288 704 479 433 1042 880 4767 1093 1215 1051 693 1343 467 360 514 761 728 911 566 1254 1103 0 1026 96 981 1073 1181 527 1150 408
367 1011 997 964 1196 957 906 747 200 1012 822 902 842 1264 384 764 399 985 979 1042 783 224 204 4306 982 915 233 1256 882 766 796 716 1324 1291 1357 510 954 286 1026 0 1081 1130 962 485 729 332 819
1240 814 801 1028 585 347 970 370 1074 1076 342 217 289 653 740 347 1272 361 657 431 385 1098 936 4822 1046 1236 1107 646 1399 470 312 525 713 680 863 629 1275 1159 96 1081 0 934 1025 1237 538 1205 481
1289 344 330 557 623 737 499 739 1122 539 899 980 920 630 789 715 1321 1062 312 583 646 1146 984 4871 509 655 1155 623 1448 791 719 846 690 718 420 915 855 1208 981 1130 934 0 555 1285 858 1254 897
1121 435 374 70 715 828 331 830 954 436 991 1071 1011 782 620 807 1152 1154 404 675 737 978 816 4703 407 648 987 775 1279 882 810 868 843 810 782 746 687 1039 1073 962 1025 555 0 1117 880 1086 988
529 1166 1153 1119 1351 1112 1061 902 478 1167 977 1057 997 1419 539 919 482 1140 1134 1197 938 502 361 4461 1137 1070 511 1411 1037 921 951 871 1479 1446 1512 665 1109 563 1181 485 1237 1285 1117 0 884 609 974
888 739 726 883 652 413 825 212 721 931 323 404 344 720 388 229 920 486 581 498 239 745 583 4470 901 884 754 712 1046 222 252 66 780 747 930 406 923 807 527 729 538 858 880 884 0 853 321
253 1135 1121 1088 1319 1081 1030 871 324 1136 946 1026 966 1387 508 888 285 1108 1103 1166 907 348 328 4430 1106 1038 357 1380 1006 890 919 840 1448 1415 1481 634 1077 90 1150 332 1205 1254 1086 609 853 0 943
978 777 764 991 690 452 933 202 811 1039 204 285 224 758 478 219 1010 367 620 536 278 835 673 4560 1009 1009 845 751 1137 260 257 308 818 785 968 359 1048 897 408 819 481 897 988 974 321 943 0
EOF
