NAME : tsp_problem
TYPE : TSP
DIMENSION : 34
EDGE_WEIGHT_TYPE : EXPLICIT
EDGE_WEIGHT_FORMAT : FULL_MATRIX
EDGE_WEIGHT_SECTION
0 721 827 601 444 376 743 805 1237 1041 965 279 725 772 919 1011 384 3571 280 949 606 444 815 792 385 365 807 1596 935 1275 1084 799 522 889
721 0 603 542 644 576 128 723 1155 958 420 812 110 605 304 929 584 3489 813 404 547 384 591 568 453 565 398 1514 390 1193 469 772 527 287
827 603 0 771 873 804 589 1140 1572 1375 837 840 605 1023 651 1346 813 3906 919 821 775 613 171 110 682 794 445 1931 807 1610 744 1189 755 526
601 542 771 0 326 258 564 886 1318 1121 856 693 546 853 740 1092 397 3652 694 840 21 265 759 736 334 445 629 1677 826 1356 905 903 408 710
444 644 873 326 0 100 666 729 1161 964 888 535 648 696 842 934 239 3494 537 872 331 367 861 838 436 288 731 1519 858 1199 1007 746 510 812
376 576 804 258 100 0 598 660 1092 896 820 467 579 627 774 866 171 3426 468 804 262 299 793 769 368 220 662 1451 790 1130 938 677 441 744
743 128 589 564 666 598 0 613 1045 848 310 834 34 495 194 819 607 3379 835 294 569 406 578 554 475 587 288 1404 280 1083 359 662 549 177
805 723 1140 886 729 660 613 0 642 446 523 679 629 245 613 416 669 2976 898 507 891 728 1128 1105 797 476 839 1001 493 680 849 327 871 727
1237 1155 1572 1318 1161 1092 1045 642 0 531 955 1111 1061 677 1045 386 1101 3315 1330 939 1323 1160 1560 1537 1229 908 1271 1340 925 104 1281 759 1303 1159
1041 958 1375 1121 964 896 848 446 531 0 758 914 864 481 849 202 905 3119 1133 743 1126 964 1364 1340 1033 711 1074 1144 728 466 1084 563 1107 963
965 420 837 856 888 820 310 523 955 758 0 838 326 490 310 729 829 3288 1057 48 860 698 825 802 767 635 536 1313 83 993 546 572 840 424
279 812 840 693 535 467 834 679 1111 914 838 0 816 646 929 885 476 3445 372 823 697 461 828 804 397 323 899 1469 808 1149 1164 550 535 980
725 110 605 546 648 579 34 629 1061 864 326 816 0 511 210 834 588 3394 817 310 550 388 593 570 457 569 304 1419 296 1099 375 678 530 192
772 605 1023 853 696 627 495 245 677 481 490 646 511 0 463 451 636 3011 865 474 858 696 1011 987 765 443 721 1036 460 715 699 295 838 610
919 304 651 740 842 774 194 613 1045 849 310 929 210 463 0 819 782 3379 1011 295 745 582 639 616 651 726 350 1404 280 1083 276 663 725 238
1011 929 1346 1092 934 866 819 416 386 202 729 885 834 451 819 0 875 3089 1104 713 1096 934 1334 1311 1003 682 1045 1114 699 322 1055 533 1077 933
384 584 813 397 239 171 607 669 1101 905 829 476 588 636 782 875 0 3435 477 813 401 308 801 778 377 229 671 1460 799 1139 947 686 450 753
3658 3576 3993 3739 3582 3513 3466 3063 3402 3206 3376 3532 3482 3098 3466 3176 3522 0 3751 3360 3744 3582 3981 3958 3651 3329 3692 2400 3346 3441 3702 3181 3724 3580
280 813 919 694 537 468 835 898 1330 1133 1057 372 817 865 1011 1104 477 3664 0 1042 698 536 907 884 477 457 900 1689 1027 1368 1176 891 614 982
949 404 821 840 872 804 294 507 939 743 48 823 310 474 295 713 813 3273 1042 0 845 682 809 786 751 620 520 1298 68 977 530 557 825 408
606 547 775 21 331 262 569 891 1323 1126 860 697 550 858 745 1096 401 3656 698 845 0 270 763 740 339 450 633 1681 830 1361 909 908 412 715
444 384 613 265 367 299 406 728 1160 964 698 461 388 696 582 934 308 3494 536 682 270 0 601 577 102 288 470 1519 668 1199 747 746 176 552
815 591 171 759 861 793 578 1128 1560 1364 825 828 593 1011 639 1334 801 3894 907 809 763 601 0 136 670 782 433 1919 795 1598 732 1178 744 514
792 568 110 736 838 769 554 1105 1537 1340 802 804 570 987 616 1311 778 3870 884 786 740 577 136 0 647 759 410 1895 772 1575 709 1154 720 491
385 453 682 334 436 368 475 797 1229 1033 767 397 457 765 651 1003 377 3563 477 751 339 102 670 647 0 357 539 1588 737 1268 816 815 176 621
365 565 794 445 288 220 587 476 908 711 635 323 569 443 726 682 229 3242 457 620 450 288 782 759 357 0 652 1267 605 946 928 493 431 733
807 398 445 629 731 662 288 839 1271 1074 536 899 304 721 350 1045 671 3605 900 520 633 470 433 410 539 652 0 1630 506 1309 443 888 613 225
1596 1514 1931 1677 1519 1451 1404 1001 1340 1144 1313 1469 1419 1036 1404 1114 1460 2312 1689 1298 1681 1519 1919 1895 1588 1267 1630 0 1283 1378 1639 1118 1662 1518
935 390 807 826 858 790 280 493 925 728 83 808 296 460 280 699 799 3258 1027 68 830 668 795 772 737 605 506 1283 0 963 516 542 810 394
1275 1193 1610 1356 1199 1130 1083 680 104 466 993 1149 1099 715 1083 322 1139 3353 1368 977 1361 1199 1598 1575 1268 946 1309 1378 963 0 1319 798 1341 1197
1084 469 744 905 1007 938 359 849 1281 1084 546 1164 375 699 276 1055 947 3614 1176 530 909 747 732 709 816 928 443 1639 516 1319 0 898 889 331
799 772 1189 903 746 677 662 327 759 563 572 550 678 295 663 533 686 3093 891 557 908 746 1178 1154 815 493 888 1118 542 798 898 0 888 777
522 527 755 408 510 441 549 871 1303 1107 840 535 530 838 725 1077 450 3637 614 825 412 176 744 720 176 431 613 1662 810 1341 889 888 0 695
889 287 526 710 812 744 177 727 1159 963 424 980 192 610 238 933 753 3493 982 408 715 552 514 491 621 733 225 1518 394 1197 331 777 695 0
EOF
