NAME : tsp_problem
TYPE : TSP
DIMENSION : 50
EDGE_WEIGHT_TYPE : EXPLICIT
EDGE_WEIGHT_FORMAT : FULL_MATRIX
EDGE_WEIGHT_SECTION
0 346 1110 631 656 138 558 878 352 1545 3284 133 693 298 484 850 816 958 926 869 115 322 120 484 260 625 934 447 885 385 1460 502 813 318 1117 815 846 395 1081 776 956 766 587 645 458 749 984 477 510 950
346 0 962 438 560 320 411 782 159 1397 3137 409 545 504 388 702 720 792 778 773 392 226 260 388 213 529 838 384 702 86 1312 406 620 255 969 719 698 332 934 628 808 670 491 549 362 601 836 596 414 854
1110 962 0 785 1370 1085 673 1319 838 1498 3238 1174 459 1314 1198 447 1530 1140 254 1311 1156 1036 1024 1198 1014 1339 1376 1194 999 1002 1414 1216 967 1065 62 1257 328 1142 107 424 401 1207 1300 1358 1172 442 197 1405 1224 1391
631 438 785 0 675 606 234 579 314 1220 2960 695 368 790 674 525 883 399 601 570 678 512 546 674 499 815 635 670 308 478 1136 692 226 541 792 516 522 618 757 451 632 467 722 632 648 425 659 881 700 650
656 560 1370 675 0 631 818 439 566 1804 3219 655 952 492 358 1109 260 520 1185 430 702 486 570 281 427 194 496 437 687 599 1720 331 478 410 1376 376 1106 342 1341 1035 1216 327 99 118 226 1009 1243 584 211 511
138 320 1085 606 631 0 533 853 327 1520 3259 202 668 367 459 825 791 933 901 844 184 297 115 459 235 600 909 422 859 360 1435 477 788 293 1092 790 821 370 1056 751 931 741 562 620 433 724 959 546 485 925
558 411 673 234 818 533 0 768 287 1107 2847 622 255 762 647 412 978 588 488 759 605 484 473 646 462 787 820 642 364 450 1023 664 415 513 679 705 409 590 644 338 519 656 749 807 621 312 546 854 672 835
878 782 1319 579 439 853 768 0 788 1754 3494 941 902 856 548 1059 647 423 1135 334 924 708 792 667 648 581 78 800 578 821 1670 521 381 678 1326 84 1056 706 1291 985 1166 230 486 396 613 958 1193 948 598 93
352 159 838 314 566 327 287 788 0 1273 3012 416 421 511 395 578 726 668 654 780 398 232 266 395 219 536 845 390 578 198 1188 412 496 261 845 725 574 338 809 504 684 676 497 555 369 477 712 602 421 860
1545 1397 1498 1220 1804 1520 1107 1754 1273 0 1994 1608 1081 1748 1633 1238 1964 1574 1314 1745 1591 1470 1459 1632 1448 1774 1810 1628 1433 1436 128 1650 1402 1499 1505 1691 1235 1576 1470 1164 1345 1642 1735 1793 1607 1137 1372 1840 1658 1826
3246 3098 3199 2921 3274 3221 2808 3455 2974 1955 0 3310 2782 3449 3334 2939 3370 3275 3015 3446 3292 3171 3160 3333 3149 3297 3511 3329 3134 3137 1871 3351 3103 3200 3206 3392 2936 3277 3171 2865 3046 3343 3259 3292 3278 2838 3073 3541 3263 3527
133 409 1174 695 655 202 622 941 416 1608 3348 0 757 185 548 913 816 1022 990 933 109 386 184 484 324 625 998 460 948 449 1524 566 877 382 1180 879 910 365 1145 839 1020 829 586 673 458 813 1048 364 510 1014
693 545 459 368 952 668 255 902 421 1081 2821 757 0 896 781 198 1112 722 276 893 739 618 607 781 596 922 958 776 581 584 997 798 550 647 466 839 195 724 430 125 306 790 883 941 755 180 334 988 807 974
298 504 1314 790 492 367 762 856 511 1748 3488 185 896 0 463 1053 652 937 1129 847 274 430 349 321 323 462 913 297 1053 543 1664 480 895 271 1320 793 1050 202 1285 979 1160 744 423 510 295 953 1187 201 347 928
484 388 1198 674 358 459 647 548 395 1633 3373 548 781 463 0 938 566 628 1014 539 531 315 399 287 255 428 604 407 796 428 1548 172 587 285 1205 485 934 313 1170 864 1045 436 389 315 261 837 1072 555 313 620
850 702 447 525 1109 825 412 1059 578 1238 2978 913 198 1053 938 0 1269 879 385 1050 896 775 764 937 753 1079 1115 933 738 741 1153 955 706 804 453 996 183 881 418 234 415 947 1040 1098 912 289 443 1145 963 1130
816 720 1530 883 260 791 978 647 726 1964 3315 816 1112 652 566 1269 0 728 1345 638 862 646 730 441 587 354 602 597 895 759 1880 539 686 570 1536 584 1266 502 1501 1195 1376 535 259 278 386 1169 1403 744 371 587
958 792 1140 399 520 933 588 423 668 1574 3314 1022 722 937 628 879 728 0 955 304 1004 788 872 748 729 661 479 881 411 832 1490 602 202 758 1146 360 876 786 1111 805 986 311 566 476 694 779 1013 1028 678 495
926 778 254 601 1185 901 488 1135 654 1314 3054 990 276 1129 1014 385 1345 955 0 1126 972 851 840 1014 829 1155 1191 1009 814 817 1230 1031 783 880 217 1072 381 957 306 191 168 1023 1116 1174 988 208 78 1221 1040 1207
869 773 1311 570 430 844 759 334 780 1745 3485 933 893 847 539 1050 638 304 1126 0 915 699 783 659 640 572 390 792 582 812 1661 513 373 669 1317 271 1047 697 1282 976 1157 153 477 387 604 950 1184 939 589 406
115 392 1156 678 702 184 605 924 398 1591 3331 109 739 274 531 896 862 1004 972 915 0 368 166 530 306 672 981 493 931 431 1507 548 859 364 1163 861 893 441 1128 822 1003 812 633 691 505 795 1030 453 556 996
322 226 1036 512 486 297 484 708 232 1470 3210 386 618 430 315 775 646 788 851 699 368 0 236 314 152 456 765 310 775 265 1386 332 693 181 1042 645 772 258 1007 701 882 596 417 475 289 675 909 522 340 780
120 260 1024 546 570 115 473 792 266 1459 3199 184 607 349 399 764 730 872 840 783 166 236 0 398 174 540 849 361 799 299 1375 416 727 232 1031 729 761 309 996 690 871 680 501 559 373 663 898 528 424 864
484 388 1198 674 281 459 646 667 395 1632 3289 484 781 321 287 937 441 748 1014 659 530 314 398 0 255 250 724 265 916 428 1548 304 707 239 1205 605 934 170 1169 863 1044 555 211 298 83 837 1072 412 135 740
260 213 1014 499 427 235 462 648 219 1448 3188 324 596 323 255 753 587 729 829 640 306 152 174 255 0 396 705 203 762 252 1364 273 680 74 1020 586 750 151 985 679 860 536 357 415 229 653 887 415 281 720
625 529 1339 815 194 600 787 581 536 1774 3254 625 922 462 428 1079 354 661 1155 572 672 456 540 250 396 0 638 406 829 569 1689 445 620 380 1346 518 1075 311 1310 1005 1185 469 125 212 196 978 1213 553 152 653
934 838 1376 635 496 909 820 78 845 1810 3550 998 958 913 604 1115 602 479 1191 390 981 765 849 724 705 638 0 857 545 878 1726 578 438 735 1382 141 1112 762 1347 1041 1222 287 542 453 670 1015 1249 1004 655 60
447 384 1194 670 437 422 642 800 390 1628 3368 460 776 297 407 933 597 881 1009 792 493 310 361 265 203 406 857 0 933 423 1544 425 840 151 1200 738 930 125 1165 859 1040 688 367 455 239 833 1067 389 291 872
885 702 999 308 687 859 364 578 578 1433 3173 948 581 1053 796 738 895 411 814 582 931 775 799 916 762 829 545 933 0 741 1349 769 238 804 1005 528 735 881 970 664 845 479 734 644 861 638 872 1145 846 560
385 86 1002 478 599 360 450 821 198 1436 3176 449 584 543 428 741 759 832 817 812 431 265 299 428 252 569 878 423 741 0 1352 445 659 294 1008 758 738 371 973 667 848 709 530 588 402 641 875 635 454 893
1460 1312 1414 1136 1720 1435 1023 1670 1188 128 1910 1524 997 1664 1548 1153 1880 1490 1230 1661 1507 1386 1375 1548 1364 1689 1726 1544 1349 1352 0 1566 1317 1415 1421 1607 1150 1492 1385 1080 1260 1558 1651 1709 1522 1053 1288 1756 1574 1741
502 406 1216 692 331 477 664 521 412 1650 3390 566 798 480 172 955 539 602 1031 513 548 332 416 304 273 445 578 425 769 445 1566 0 560 302 1222 459 952 330 1187 881 1062 409 378 288 278 855 1089 572 330 593
813 620 967 226 478 788 415 381 496 1402 3141 877 550 895 587 706 686 202 783 373 859 693 727 707 680 620 438 840 238 659 1317 560 0 717 974 319 703 745 938 633 813 269 525 435 652 606 841 987 637 453
318 255 1065 541 410 293 513 678 261 1499 3239 382 647 271 285 804 570 758 880 669 364 181 232 239 74 380 735 151 804 294 1415 302 717 0 1071 615 801 99 1036 730 911 566 341 428 213 704 938 362 265 750
1117 969 62 792 1376 1092 679 1326 845 1505 3245 1180 466 1320 1205 453 1536 1146 217 1317 1163 1042 1031 1205 1020 1346 1382 1200 1005 1008 1421 1222 974 1071 0 1263 335 1148 114 387 364 1214 1307 1365 1179 405 160 1412 1231 1398
815 719 1257 516 376 790 705 84 725 1691 3431 879 839 793 485 996 584 360 1072 271 861 645 729 605 586 518 141 738 528 758 1607 459 319 615 1263 0 993 643 1228 922 1103 168 423 333 550 896 1130 885 535 156
846 698 328 522 1106 821 409 1056 574 1235 2974 910 195 1050 934 183 1266 876 381 1047 893 772 761 934 750 1075 1112 930 735 738 1150 952 703 801 335 993 0 878 300 230 412 944 1037 1095 908 286 439 1142 960 1127
395 332 1142 618 342 370 590 706 338 1576 3316 365 724 202 313 881 502 786 957 697 441 258 309 170 151 311 762 125 881 371 1492 330 745 99 1148 643 878 0 1113 807 988 594 273 360 145 781 1015 294 196 778
1081 934 107 757 1341 1056 644 1291 809 1470 3209 1145 430 1285 1170 418 1501 1111 306 1282 1128 1007 996 1169 985 1310 1347 1165 970 973 1385 1187 938 1036 114 1228 300 1113 0 465 453 1179 1272 1330 1144 494 249 1377 1195 1362
776 628 424 451 1035 751 338 985 504 1164 2904 839 125 979 864 234 1195 805 191 976 822 701 690 863 679 1005 1041 859 664 667 1080 881 633 730 387 922 230 807 465 0 221 873 966 1024 838 95 249 1071 889 1057
956 808 401 632 1216 931 519 1166 684 1345 3084 1020 306 1160 1045 415 1376 986 168 1157 1003 882 871 1044 860 1185 1222 1040 845 848 1260 1062 813 911 364 1103 412 988 453 221 0 1054 1147 1205 1018 239 226 1252 1070 1237
766 670 1207 467 327 741 656 230 676 1642 3382 829 790 744 436 947 535 311 1023 153 812 596 680 555 536 469 287 688 479 709 1558 409 269 566 1214 168 944 594 1179 873 1054 0 374 284 501 846 1081 836 486 302
587 491 1300 722 99 562 749 486 497 1735 3215 586 883 423 389 1040 259 566 1116 477 633 417 501 211 357 125 542 367 734 530 1651 378 525 341 1307 423 1037 273 1272 966 1147 374 0 116 157 939 1174 515 142 558
645 549 1358 632 118 620 807 396 555 1793 3237 673 941 510 315 1098 278 476 1174 387 691 475 559 298 415 212 453 455 644 588 1709 288 435 428 1365 333 1095 360 1330 1024 1205 284 116 0 244 997 1232 602 229 468
458 362 1172 648 226 433 621 613 369 1607 3235 458 755 295 261 912 386 694 988 604 505 289 373 83 229 196 670 239 861 402 1522 278 652 213 1179 550 908 145 1144 838 1018 501 157 244 0 811 1046 387 80 685
749 601 442 425 1009 724 312 958 477 1137 2877 813 180 953 837 289 1169 779 208 950 795 675 663 837 653 978 1015 833 638 641 1053 855 606 704 405 896 286 781 494 95 239 846 939 997 811 0 266 1045 863 1030
984 836 197 659 1243 959 546 1193 712 1372 3112 1048 334 1187 1072 443 1403 1013 78 1184 1030 909 898 1072 887 1213 1249 1067 872 875 1288 1089 841 938 160 1130 439 1015 249 249 226 1081 1174 1232 1046 266 0 1279 1098 1265
477 596 1405 881 584 546 854 948 602 1840 3580 364 988 201 555 1145 744 1028 1221 939 453 522 528 412 415 553 1004 389 1145 635 1756 572 987 362 1412 885 1142 294 1377 1071 1252 836 515 602 387 1045 1279 0 438 1020
510 414 1224 700 211 485 672 598 421 1658 3220 510 807 347 313 963 371 678 1040 589 556 340 424 135 281 152 655 291 846 454 1574 330 637 265 1231 535 960 196 1195 889 1070 486 142 229 80 863 1098 438 0 670
950 854 1391 650 511 925 835 93 860 1826 3565 1014 974 928 620 1130 587 495 1207 406 996 780 864 740 720 653 60 872 560 893 1741 593 453 750 1398 156 1127 778 1362 1057 1237 302 558 468 685 1030 1265 1020 670 0
EOF