NAME : tsp_problem
TYPE : TSP
DIMENSION : 80
EDGE_WEIGHT_TYPE : EXPLICIT
EDGE_WEIGHT_FORMAT : FULL_MATRIX
EDGE_WEIGHT_SECTION
0 342 454 601 696 813 686 654 118 1024 441 841 426 440 597 1035 769 923 291 553 992 702 193 877 1087 256 560 313 1017 784 406 815 413 910 808 937 1043 409 222 608 1535 622 143 106 1479 1516 686 608 133 809 65 1064 152 893 638 358 744 454 114 268 2276 248 519 788 590 349 508 744 929 702 350 801 401 811 652 847 898 698 3302 174
342 0 414 774 656 774 647 547 339 984 662 1062 386 661 818 1255 729 1144 521 513 1213 923 414 1098 1307 402 520 274 1238 1005 367 1035 374 1131 769 897 1263 370 336 568 1755 582 230 401 1700 1736 646 829 240 769 360 1285 447 853 530 175 704 675 410 499 2236 400 480 748 550 167 468 774 1149 662 570 1022 362 772 613 808 1119 658 3263 395
454 414 0 564 281 422 272 270 451 774 774 1124 212 773 913 1317 378 1206 699 322 1275 985 526 1160 1370 514 145 198 1300 1067 479 1098 200 1193 417 688 1326 116 592 193 1817 208 342 513 1762 1798 272 923 353 394 472 1347 559 644 286 431 494 787 522 676 1861 656 306 396 175 422 294 565 1211 390 683 1084 474 562 238 456 1181 403 2888 507
601 774 564 0 762 454 400 750 511 485 663 595 488 662 383 788 410 677 846 273 745 456 673 631 840 736 626 558 770 538 839 568 449 664 449 398 796 555 777 515 1288 383 624 661 1233 1269 495 394 613 875 620 818 707 354 767 790 212 676 669 823 2231 757 397 429 531 782 386 178 682 272 572 555 834 272 718 488 651 268 3258 655
696 656 281 762 0 620 470 203 693 972 1016 1322 454 1015 1110 1515 575 1404 818 520 1472 1183 768 1358 1567 756 204 440 1498 1265 721 1295 441 1391 615 885 1523 313 633 391 2015 405 584 755 1960 1996 469 1121 594 134 714 1545 801 841 219 672 692 1029 764 795 1995 696 547 594 373 664 536 762 1409 588 925 1282 716 760 290 653 1378 601 3021 749
813 774 422 454 620 0 258 608 810 523 1082 1015 488 1082 803 1208 71 1096 1058 273 1165 875 886 1050 1260 874 484 558 1190 957 839 988 449 1083 124 507 1216 454 951 373 1708 241 701 873 1652 1689 353 814 712 733 832 1237 919 463 625 790 384 1096 882 1035 2089 1015 397 103 389 782 386 455 1102 196 991 974 834 419 576 162 1071 209 3116 867
686 647 272 400 470 258 0 458 683 611 1007 960 373 1006 749 1153 214 1042 931 158 1111 821 759 996 1206 747 334 431 1136 903 712 934 334 1029 253 524 1162 304 825 223 1654 91 575 746 1598 1634 203 760 585 583 705 1183 792 480 475 663 330 1020 755 908 1939 888 282 233 239 655 271 401 1048 226 915 920 707 398 426 292 1017 239 2966 740
654 547 270 750 203 608 458 0 681 961 932 1311 442 846 1099 1504 564 1392 641 509 1461 1171 757 1346 1556 745 193 429 1486 1253 710 1284 430 1379 603 874 1512 302 456 379 2004 394 572 583 1948 1985 458 1110 583 316 673 1533 629 830 133 500 680 885 591 618 1983 520 536 583 362 491 525 751 1398 576 856 1270 704 748 278 642 1367 589 3010 738
118 339 451 511 693 810 683 681 0 961 351 751 423 350 507 944 766 833 363 550 902 612 190 787 996 253 557 310 927 694 403 725 410 820 805 874 953 406 294 605 1444 619 141 177 1389 1425 683 518 130 806 136 974 223 830 698 355 688 364 186 340 2273 320 516 785 587 346 505 654 838 699 260 711 398 748 649 844 808 695 3299 171
1024 984 774 485 972 523 611 961 961 0 1103 1000 699 1102 788 1193 479 1082 1269 484 1150 861 1096 1036 1245 1084 836 768 1175 943 1049 973 659 1068 422 236 1201 765 1162 725 1693 594 912 1083 1638 1674 706 799 923 1085 1042 1222 1129 192 977 1000 422 1116 1092 1246 2442 1207 607 442 742 992 596 485 1087 449 1011 960 1044 247 929 414 1056 446 3468 1077
441 662 774 663 1016 1082 1007 932 351 1103 0 853 746 108 428 1046 1038 935 647 873 1003 714 513 889 1098 576 880 633 1028 796 726 826 733 921 1078 1016 1054 729 499 928 1546 942 464 500 1491 1527 1006 438 453 1129 459 1076 546 972 915 678 840 122 509 624 2596 435 839 1057 910 670 828 806 940 900 153 813 721 890 972 1116 909 896 3622 494
841 1062 1124 595 1322 1015 960 1311 751 1000 853 0 1048 852 538 521 970 437 1086 833 506 165 914 391 491 977 1186 1034 408 176 1126 206 1009 424 1010 913 520 1115 1017 1075 1283 943 864 901 1227 1264 1056 549 853 1435 860 558 947 869 1327 1078 772 866 910 1063 2791 997 957 989 1092 1070 946 738 442 832 762 193 1121 787 1278 1048 412 828 3818 895
426 386 212 488 454 488 373 442 423 699 746 1048 0 745 837 1241 443 1130 671 227 1199 909 498 1084 1294 486 318 170 1224 991 451 1022 88 1117 483 612 1250 167 564 365 1741 356 314 485 1686 1722 444 848 324 567 444 1271 531 568 459 402 418 759 494 648 2034 627 194 462 348 394 183 489 1135 377 655 1008 446 486 410 522 1105 373 3060 479
440 661 773 662 1015 1082 1006 846 350 1102 108 852 745 0 427 1045 1037 934 561 872 1003 713 513 888 1097 576 879 633 1028 795 725 826 733 921 1077 1015 1054 729 414 927 1545 941 463 500 1490 1526 1005 438 452 1128 459 1075 546 971 829 677 839 61 509 538 2595 349 839 1056 909 669 827 805 939 899 152 812 720 889 972 1116 909 896 3622 494
597 818 913 383 1110 803 749 1099 507 788 428 538 837 427 0 731 758 620 819 622 689 399 670 574 784 733 974 790 714 481 882 512 797 607 798 701 740 886 671 863 1232 732 620 657 1176 1212 844 38 609 1223 616 761 703 657 1087 834 560 441 666 796 2580 607 746 777 880 826 734 526 625 620 336 498 877 576 1067 837 595 616 3606 651
1035 1255 1317 788 1515 1208 1153 1504 944 1193 1046 521 1241 1045 731 0 1163 131 1279 1026 64 409 1107 230 65 1170 1379 1227 129 372 1319 380 1202 293 1203 1106 29 1308 1211 1268 1476 1136 1057 1094 1420 1457 1249 742 1046 1628 1053 50 1140 1062 1520 1271 965 1059 1103 1257 2984 1190 1150 1182 1285 1263 1139 931 126 1025 955 481 1314 980 1471 1241 281 1021 4011 1088
769 729 378 410 575 71 214 564 766 479 1038 970 443 1037 758 1163 0 1052 1014 229 1120 831 841 1006 1215 829 439 513 1146 913 794 943 404 1039 79 462 1171 410 907 328 1663 197 657 828 1608 1644 309 769 668 688 787 1193 874 418 580 745 340 1051 837 991 2045 970 352 58 345 737 341 410 1057 152 947 930 789 375 532 118 1026 165 3071 822
923 1144 1206 677 1404 1096 1042 1392 833 1082 935 437 1130 934 620 131 1052 0 1168 915 88 298 996 118 183 1059 1268 1116 247 380 1208 411 1091 182 1092 995 139 1197 1099 1157 1365 1025 946 983 1309 1346 1138 631 935 1517 942 161 1029 951 1409 1160 854 948 992 1145 2873 1079 1039 1071 1174 1152 1028 820 49 914 844 397 1203 869 1360 1130 170 910 3900 977
291 521 699 846 818 1058 931 641 363 1269 647 1086 671 561 819 1279 1014 1168 0 798 1237 947 438 1122 1331 501 805 558 1262 1029 651 1060 658 1155 1053 1182 1288 654 209 852 1779 867 388 219 1724 1760 931 830 378 931 309 1309 265 1138 625 474 988 600 228 69 2521 235 764 1032 835 466 753 989 1173 947 571 1046 645 1056 893 1092 1143 943 3547 419
553 513 322 273 520 273 158 509 550 484 873 833 227 872 622 1026 229 915 798 0 984 694 625 869 1079 613 384 297 1009 776 578 807 188 902 268 397 1035 294 691 273 1527 141 441 612 1471 1507 254 633 451 633 571 1056 658 353 525 529 203 886 621 775 1989 754 136 247 290 521 125 274 920 162 782 793 573 271 476 307 890 158 3016 606
992 1213 1275 745 1472 1165 1111 1461 902 1150 1003 506 1199 1003 689 64 1120 88 1237 984 0 367 1064 187 116 1127 1336 1184 180 423 1277 431 1160 250 1160 1063 72 1266 1168 1225 1433 1094 1014 1051 1378 1414 1206 700 1004 1585 1010 94 1097 1019 1478 1229 923 1017 1060 1214 2942 1148 1108 1139 1242 1220 1096 889 83 983 912 466 1272 938 1429 1199 238 979 3968 1045
702 923 985 456 1183 875 821 1171 612 861 714 165 909 713 399 409 831 298 947 694 367 0 775 252 423 837 1047 894 341 108 987 138 870 285 870 774 417 976 878 936 1143 804 725 762 1088 1124 916 410 714 1296 721 439 808 730 1188 939 633 727 770 924 2652 858 818 850 952 931 807 599 303 693 622 125 982 648 1139 909 273 689 3679 756
193 414 526 673 768 886 759 757 190 1096 513 914 498 513 670 1107 841 996 438 625 1064 775 0 949 1159 130 632 385 1089 856 279 887 486 982 881 1009 1115 481 369 680 1607 694 216 253 1552 1588 758 681 205 881 212 1136 299 965 773 430 816 527 261 415 2348 395 592 860 662 422 580 817 1001 774 422 874 274 884 724 919 970 770 3375 178
877 1098 1160 631 1358 1050 996 1346 787 1036 889 391 1084 888 574 230 1006 118 1122 869 187 252 949 0 282 1012 1222 1069 346 334 1162 364 1045 136 1045 949 238 1151 1053 1111 1318 979 900 937 1263 1299 1091 585 889 1471 896 259 983 905 1363 1114 808 902 945 1099 2827 1033 993 1025 1127 1106 982 774 124 868 797 351 1157 823 1314 1084 124 864 3854 931
1087 1307 1370 840 1567 1260 1206 1556 996 1245 1098 491 1294 1097 784 65 1215 183 1331 1079 116 423 1159 282 0 1222 1431 1279 99 342 1371 349 1254 345 1255 1158 63 1360 1263 1320 1528 1189 1109 1146 1473 1509 1301 794 1099 1680 1105 102 1192 1114 1572 1323 1017 1111 1155 1309 3037 1243 1203 1234 1337 1315 1191 983 178 1077 1007 451 1366 1032 1524 1293 333 1073 4063 1140
256 402 514 736 756 874 747 745 253 1084 576 977 486 576 733 1170 829 1059 501 613 1127 837 130 1012 1222 0 620 373 1152 919 180 950 474 1045 869 997 1178 470 432 668 1670 682 279 316 1615 1651 746 743 268 869 275 1199 362 953 761 418 804 589 324 478 2336 458 580 848 650 410 568 874 1064 762 485 936 174 872 713 907 1033 758 3363 241
560 520 145 626 204 484 334 193 557 836 880 1186 318 879 974 1379 439 1268 805 384 1336 1047 632 1222 1431 620 0 304 1361 1129 585 1159 305 1255 479 749 1387 177 623 255 1879 269 448 619 1824 1860 333 985 458 317 578 1409 665 705 209 536 556 893 628 782 1859 686 411 458 237 528 400 626 1273 452 789 1146 580 624 161 517 1242 464 2885 613
313 274 198 558 440 558 431 429 310 768 633 1034 170 633 790 1227 513 1116 558 297 1184 894 385 1069 1279 373 304 0 1209 976 338 1007 158 1102 553 681 1235 154 451 352 1727 366 201 372 1672 1708 430 800 212 553 331 1256 418 637 445 290 488 646 381 535 2020 515 264 532 334 281 252 558 1121 446 542 993 333 556 397 592 1090 442 3047 366
1017 1238 1300 770 1498 1190 1136 1486 927 1175 1028 408 1224 1028 714 129 1146 247 1262 1009 180 341 1089 346 99 1152 1361 1209 0 259 1302 267 1185 409 1185 1088 127 1291 1193 1250 1458 1119 1040 1076 1403 1439 1231 725 1029 1610 1035 166 1122 1044 1503 1254 948 1042 1085 1239 2967 1173 1133 1164 1267 1246 1122 914 242 1008 937 368 1297 963 1454 1224 397 1004 3993 1070
784 1005 1067 538 1265 957 903 1253 694 943 796 176 991 795 481 372 913 380 1029 776 423 108 856 334 342 919 1129 976 259 0 1069 57 952 367 952 856 370 1058 960 1018 1225 886 807 844 1170 1206 998 492 796 1378 803 409 890 812 1270 1021 715 809 852 1006 2734 940 900 932 1034 1013 889 681 385 775 704 135 1064 730 1221 991 354 771 3761 838
406 367 479 839 721 839 712 710 403 1049 726 1126 451 725 882 1319 794 1208 651 578 1277 987 279 1162 1371 180 585 338 1302 1069 0 1100 439 1195 834 962 1328 434 544 633 1819 647 294 465 1764 1800 711 893 305 834 424 1349 511 918 726 383 769 739 474 628 2301 608 545 813 615 375 533 839 1213 727 635 1086 32 837 677 872 1183 723 3328 391
815 1035 1098 568 1295 988 934 1284 725 973 826 206 1022 826 512 380 943 411 1060 807 431 138 887 364 349 950 1159 1007 267 57 1100 0 983 397 983 886 378 1088 991 1048 1256 917 837 874 1201 1237 1029 523 827 1408 833 416 920 842 1300 1052 745 839 883 1037 2765 971 931 962 1065 1043 919 711 416 805 735 166 1094 761 1252 1022 385 802 3791 868
413 374 200 449 441 449 334 430 410 659 733 1009 88 733 797 1202 404 1091 658 188 1160 870 486 1045 1254 474 305 158 1185 952 439 983 0 1078 444 572 1211 155 551 353 1702 317 301 473 1647 1683 430 808 312 554 432 1232 519 529 446 390 379 747 482 635 2021 615 155 423 335 382 144 449 1096 337 642 969 434 447 398 483 1066 333 3048 467
910 1131 1193 664 1391 1083 1029 1379 820 1068 921 424 1117 921 607 293 1039 182 1155 902 250 285 982 136 345 1045 1255 1102 409 367 1195 397 1078 0 1078 981 301 1184 1086 1143 1351 1012 933 970 1296 1332 1124 618 922 1504 929 323 1016 938 1396 1147 841 935 978 1132 2860 1066 1026 1057 1160 1139 1015 807 187 901 830 384 1190 856 1347 1117 64 897 3886 963
808 769 417 449 615 124 253 603 805 422 1078 1010 483 1077 798 1203 79 1092 1053 268 1160 870 881 1045 1255 869 479 553 1185 952 834 983 444 1078 0 405 1211 449 947 368 1703 236 697 868 1648 1684 349 809 707 728 827 1232 914 361 620 785 380 1091 877 1030 2084 1010 392 61 384 777 381 450 1097 191 986 969 829 415 571 61 1066 204 3111 862
937 897 688 398 885 507 524 874 874 236 1016 913 612 1015 701 1106 462 995 1182 397 1063 774 1009 949 1158 997 749 681 1088 856 962 886 572 981 405 0 1114 678 1075 638 1606 507 825 996 1551 1587 619 712 836 998 955 1136 1042 78 890 914 335 1029 1005 1159 2355 1120 521 426 655 905 509 398 1000 363 924 873 957 160 842 397 969 359 3381 990
1043 1263 1326 796 1523 1216 1162 1512 953 1201 1054 520 1250 1054 740 29 1171 139 1288 1035 72 417 1115 238 63 1178 1387 1235 127 370 1328 378 1211 301 1211 1114 0 1316 1219 1276 1484 1145 1065 1102 1429 1465 1257 751 1055 1636 1061 58 1148 1070 1528 1280 973 1067 1111 1265 2993 1199 1159 1190 1293 1271 1147 939 134 1033 963 479 1323 989 1480 1250 289 1030 4019 1096
409 370 116 555 313 454 304 302 406 765 729 1115 167 729 886 1308 410 1197 654 294 1266 976 481 1151 1360 470 177 154 1291 1058 434 1088 155 1184 449 678 1316 0 547 225 1808 240 297 469 1753 1789 304 897 308 426 428 1338 515 634 318 386 485 742 477 631 1893 611 261 428 208 378 249 555 1202 422 638 1075 429 553 270 488 1172 435 2920 463
222 336 592 777 633 951 825 456 294 1162 499 1017 564 414 671 1211 907 1099 209 691 1168 878 369 1053 1263 432 623 451 1193 960 544 991 551 1086 947 1075 1219 547 0 746 1711 760 320 151 1655 1692 824 682 309 746 241 1240 197 1031 440 289 882 452 159 186 2413 88 657 926 728 281 646 920 1105 840 424 977 539 949 708 985 1074 836 3439 350
608 568 193 515 391 373 223 379 605 725 928 1075 365 927 863 1268 328 1157 852 273 1225 936 680 1111 1320 668 255 352 1250 1018 633 1048 353 1143 368 638 1276 225 746 0 1768 158 496 667 1713 1749 134 874 506 504 626 1298 713 594 396 584 445 941 676 830 1911 809 397 347 73 576 385 515 1162 341 836 1035 628 513 347 406 1131 353 2938 661
1535 1755 1817 1288 2015 1708 1654 2004 1444 1693 1546 1283 1741 1545 1232 1476 1663 1365 1779 1527 1433 1143 1607 1318 1528 1670 1879 1727 1458 1225 1819 1256 1702 1351 1703 1606 1484 1808 1711 1768 0 1637 1557 1594 133 168 1749 1242 1547 2128 1553 1505 1640 1562 2020 1771 1465 1559 1603 1757 2331 1691 1650 1682 1785 1763 1639 1431 1370 1525 1455 1243 1814 1480 1972 1741 1339 1521 3358 1588
622 582 208 383 405 241 91 394 619 594 942 943 356 941 732 1136 197 1025 867 141 1094 804 694 979 1189 682 269 366 1119 886 647 917 317 1012 236 507 1145 240 760 158 1637 0 510 681 1581 1617 139 743 521 518 640 1166 727 463 410 599 313 955 690 844 1875 824 265 216 175 590 254 384 1031 209 851 903 642 381 362 275 1000 222 2901 675
143 230 342 624 584 701 575 572 141 912 464 864 314 463 620 1057 657 946 388 441 1014 725 216 900 1109 279 448 201 1040 807 294 837 301 933 697 825 1065 297 320 496 1557 510 0 203 1502 1538 574 631 155 697 162 1087 249 781 589 246 632 477 212 366 2164 345 407 676 478 238 396 702 951 590 372 824 289 699 540 735 920 586 3190 197
106 401 513 661 755 873 746 583 177 1083 500 901 485 500 657 1094 828 983 219 612 1051 762 253 937 1146 316 619 372 1076 844 465 874 473 970 868 996 1102 469 151 667 1594 681 203 0 1539 1575 745 668 192 868 124 1124 80 952 566 416 803 514 43 197 2335 176 579 847 649 407 567 804 988 761 409 861 460 871 712 907 957 757 3362 234
1479 1700 1762 1233 1960 1652 1598 1948 1389 1638 1491 1227 1686 1490 1176 1420 1608 1309 1724 1471 1378 1088 1552 1263 1473 1615 1824 1672 1403 1170 1764 1201 1647 1296 1648 1551 1429 1753 1655 1713 133 1581 1502 1539 0 114 1694 1187 1491 2073 1498 1450 1585 1507 1965 1716 1410 1504 1548 1701 2276 1635 1595 1627 1730 1708 1584 1376 1315 1470 1400 1187 1759 1425 1916 1686 1284 1466 3303 1533
1516 1736 1798 1269 1996 1689 1634 1985 1425 1674 1527 1264 1722 1526 1212 1457 1644 1346 1760 1507 1414 1124 1588 1299 1509 1651 1860 1708 1439 1206 1800 1237 1683 1332 1684 1587 1465 1789 1692 1749 168 1617 1538 1575 114 0 1730 1223 1527 2109 1534 1486 1621 1543 2001 1752 1446 1540 1584 1738 2312 1671 1631 1663 1766 1744 1620 1412 1351 1506 1436 1223 1795 1461 1952 1722 1320 1502 3339 1569
686 646 272 495 469 353 203 458 683 706 1006 1056 444 1005 844 1249 309 1138 931 254 1206 916 758 1091 1301 746 333 430 1231 998 711 1029 430 1124 349 619 1257 304 824 134 1749 139 574 745 1694 1730 0 855 585 582 704 1278 791 575 474 663 426 1019 754 908 1939 888 378 328 151 654 366 496 1143 321 915 1016 706 493 426 387 1112 334 2965 739
608 829 923 394 1121 814 760 1110 518 799 438 549 848 438 38 742 769 631 830 633 700 410 681 585 794 743 985 800 725 492 893 523 808 618 809 712 751 897 682 874 1242 743 631 668 1187 1223 855 0 620 1234 627 772 714 668 1098 845 571 452 677 807 2591 618 756 788 891 837 745 537 636 631 347 509 888 586 1078 847 606 627 3617 662
133 240 353 613 594 712 585 583 130 923 453 853 324 452 609 1046 668 935 378 451 1004 714 205 889 1099 268 458 212 1029 796 305 827 312 922 707 836 1055 308 309 506 1547 521 155 192 1491 1527 585 620 0 707 151 1076 238 792 600 256 642 466 201 355 2174 335 418 686 489 248 407 713 941 601 362 813 300 710 551 746 910 597 3201 186
809 769 394 875 134 733 583 316 806 1085 1129 1435 567 1128 1223 1628 688 1517 931 633 1585 1296 881 1471 1680 869 317 553 1610 1378 834 1408 554 1504 728 998 1636 426 746 504 2128 518 697 868 2073 2109 582 1234 707 0 827 1658 914 954 332 785 805 1142 877 908 2108 809 660 707 486 777 649 875 1522 701 1038 1395 829 873 402 766 1491 713 3134 862
65 360 472 620 714 832 705 673 136 1042 459 860 444 459 616 1053 787 942 309 571 1010 721 212 896 1105 275 578 331 1035 803 424 833 432 929 827 955 1061 428 241 626 1553 640 162 124 1498 1534 704 627 151 827 0 1083 170 911 656 376 762 473 133 287 2294 266 538 806 608 368 526 763 947 720 368 820 419 830 671 866 916 716 3321 193
1064 1285 1347 818 1545 1237 1183 1533 974 1222 1076 558 1271 1075 761 50 1193 161 1309 1056 94 439 1136 259 102 1199 1409 1256 166 409 1349 416 1232 323 1232 1136 58 1338 1240 1298 1505 1166 1087 1124 1450 1486 1278 772 1076 1658 1083 0 1170 1092 1550 1301 995 1089 1132 1286 3014 1220 1180 1212 1314 1293 1169 961 155 1055 984 518 1344 1010 1501 1271 311 1051 4041 1118
152 447 559 707 801 919 792 629 223 1129 546 947 531 546 703 1140 874 1029 265 658 1097 808 299 983 1192 362 665 418 1122 890 511 920 519 1016 914 1042 1148 515 197 713 1640 727 249 80 1585 1621 791 714 238 914 170 1170 0 998 612 462 849 560 89 243 2381 222 625 893 695 453 613 850 1034 807 455 907 506 917 758 953 1003 803 3408 280
893 853 644 354 841 463 480 830 830 192 972 869 568 971 657 1062 418 951 1138 353 1019 730 965 905 1114 953 705 637 1044 812 918 842 529 938 361 78 1070 634 1031 594 1562 463 781 952 1507 1543 575 668 792 954 911 1092 998 0 846 870 291 985 961 1115 2311 1076 477 382 611 861 465 354 956 319 880 829 913 116 798 353 925 315 3337 946
638 530 286 767 219 625 475 133 698 977 915 1327 459 829 1087 1520 580 1409 625 525 1478 1188 773 1363 1572 761 209 445 1503 1270 726 1300 446 1396 620 890 1528 318 440 396 2020 410 589 566 1965 2001 474 1098 600 332 656 1550 612 846 0 483 697 868 575 602 2000 503 552 599 378 475 541 767 1414 593 839 1287 721 765 295 659 1383 606 3026 754
358 175 431 790 672 790 663 500 355 1000 678 1078 402 677 834 1271 745 1160 474 529 1229 939 430 1114 1323 418 536 290 1254 1021 383 1052 390 1147 785 914 1280 386 289 584 1771 599 246 416 1716 1752 663 845 256 785 376 1301 462 870 483 0 720 691 424 451 2252 353 496 764 567 73 485 791 1165 678 587 1038 378 788 629 824 1135 675 3279 411
744 704 494 212 692 384 330 680 688 422 840 772 418 839 560 965 340 854 988 203 923 633 816 808 1017 804 556 488 948 715 769 745 379 841 380 335 973 485 882 445 1465 313 632 803 1410 1446 426 571 642 805 762 995 849 291 697 720 0 853 812 966 2161 934 327 359 461 712 316 212 859 202 749 732 764 210 648 418 829 198 3188 797
454 675 787 676 1029 1096 1020 885 364 1116 122 866 759 61 441 1059 1051 948 600 886 1017 727 527 902 1111 589 893 646 1042 809 739 839 747 935 1091 1029 1067 742 452 941 1559 955 477 514 1504 1540 1019 452 466 1142 473 1089 560 985 868 691 853 0 522 577 2609 388 853 1070 923 683 841 819 953 913 166 826 734 903 986 1129 923 909 3636 508
114 410 522 669 764 882 755 591 186 1092 509 910 494 509 666 1103 837 992 228 621 1060 770 261 945 1155 324 628 381 1085 852 474 883 482 978 877 1005 1111 477 159 676 1603 690 212 43 1548 1584 754 677 201 877 133 1132 89 961 575 424 812 522 0 205 2344 185 588 856 658 416 576 812 997 770 418 869 469 880 720 915 966 766 3370 243
268 499 676 823 795 1035 908 618 340 1246 624 1063 648 538 796 1257 991 1145 69 775 1214 924 415 1099 1309 478 782 535 1239 1006 628 1037 635 1132 1030 1159 1265 631 186 830 1757 844 366 197 1701 1738 908 807 355 908 287 1286 243 1115 602 451 966 577 205 0 2498 212 741 1010 812 443 730 966 1151 924 548 1023 623 1033 870 1069 1120 920 3524 396
2307 2267 1892 2251 2026 2109 1959 2014 2304 2462 2627 2812 2065 2626 2600 3005 2065 2894 2552 2010 2962 2672 2379 2847 3057 2367 1890 2051 2987 2754 2332 2785 2053 2880 2104 2375 3013 1925 2444 1932 2405 1895 2195 2366 2350 2386 1959 2611 2206 2139 2325 3034 2412 2331 2031 2284 2181 2640 2375 2529 0 2508 2134 2084 1914 2275 2122 2252 2899 2077 2536 2771 2327 2249 1982 2143 2868 2090 1401 2360
248 400 656 757 696 1015 888 520 320 1207 435 997 627 349 607 1190 970 1079 235 754 1148 858 395 1033 1243 458 686 515 1173 940 608 971 615 1066 1010 1120 1199 611 88 809 1691 824 345 176 1635 1671 888 618 335 809 266 1220 222 1076 503 353 934 388 185 212 2477 0 721 989 791 344 710 900 1085 903 360 957 603 995 772 1049 1054 900 3503 376
519 480 306 397 547 397 282 536 516 607 839 957 194 839 746 1150 352 1039 764 136 1108 818 592 993 1203 580 411 264 1133 900 545 931 155 1026 392 521 1159 261 657 397 1650 265 407 579 1595 1631 378 756 418 660 538 1180 625 477 552 496 327 853 588 741 2113 721 0 371 414 488 92 398 1044 285 748 917 539 395 504 431 1014 282 3140 573
788 748 396 429 594 103 233 583 785 442 1057 989 462 1056 777 1182 58 1071 1032 247 1139 850 860 1025 1234 848 458 532 1164 932 813 962 423 1057 61 426 1190 428 926 347 1682 216 676 847 1627 1663 328 788 686 707 806 1212 893 382 599 764 359 1070 856 1010 2063 989 371 0 364 756 360 429 1076 171 966 949 808 394 550 81 1045 183 3090 841
590 550 175 531 373 389 239 362 587 742 910 1092 348 909 880 1285 345 1174 835 290 1242 952 662 1127 1337 650 237 334 1267 1034 615 1065 335 1160 384 655 1293 208 728 73 1785 175 478 649 1730 1766 151 891 489 486 608 1314 695 611 378 567 461 923 658 812 1894 791 414 364 0 558 402 532 1179 357 819 1051 610 529 330 423 1148 370 2920 643
349 167 422 782 664 782 655 491 346 992 670 1070 394 669 826 1263 737 1152 466 521 1220 931 422 1106 1315 410 528 281 1246 1013 375 1043 382 1139 777 905 1271 378 281 576 1763 590 238 407 1708 1744 654 837 248 777 368 1293 453 861 475 73 712 683 416 443 2244 344 488 756 558 0 476 782 1157 670 578 1030 370 780 621 816 1126 666 3271 403
508 468 294 386 536 386 271 525 505 596 828 946 183 827 734 1139 341 1028 753 125 1096 807 580 982 1191 568 400 252 1122 889 533 919 144 1015 381 509 1147 249 646 385 1639 254 396 567 1584 1620 366 745 407 649 526 1169 613 465 541 485 316 841 576 730 2102 710 92 360 402 476 0 386 1033 274 737 906 528 384 492 419 1002 270 3128 561
744 774 565 178 762 455 401 751 654 485 806 738 489 805 526 931 410 820 989 274 889 599 817 774 983 874 626 558 914 681 839 711 449 807 450 398 939 555 920 515 1431 384 702 804 1376 1412 496 537 713 875 763 961 850 354 767 791 212 819 812 966 2232 900 398 429 532 782 386 0 825 272 715 698 834 273 719 489 795 268 3258 798
929 1149 1211 682 1409 1102 1048 1398 838 1087 940 442 1135 939 625 126 1057 49 1173 920 83 303 1001 124 178 1064 1273 1121 242 385 1213 416 1096 187 1097 1000 134 1202 1105 1162 1370 1031 951 988 1315 1351 1143 636 941 1522 947 155 1034 956 1414 1165 859 953 997 1151 2878 1085 1044 1076 1179 1157 1033 825 0 919 849 402 1208 874 1366 1135 175 915 3905 982
702 662 390 272 588 196 226 576 699 449 900 832 377 899 620 1025 152 914 947 162 983 693 774 868 1077 762 452 446 1008 775 727 805 337 901 191 363 1033 422 840 341 1525 209 590 761 1470 1506 321 631 601 701 720 1055 807 319 593 678 202 913 770 924 2057 903 285 171 357 670 274 272 919 0 809 792 722 237 544 230 889 27 3084 755
350 570 683 572 925 991 915 856 260 1011 153 762 655 152 336 955 947 844 571 782 912 622 422 797 1007 485 789 542 937 704 635 735 642 830 986 924 963 638 424 836 1455 851 372 409 1400 1436 915 347 362 1038 368 984 455 880 839 587 749 166 418 548 2505 360 748 966 819 578 737 715 849 809 0 721 630 799 881 1025 818 805 3531 403
801 1022 1084 555 1282 974 920 1270 711 960 813 193 1008 812 498 481 930 397 1046 793 466 125 874 351 451 936 1146 993 368 135 1086 166 969 384 969 873 479 1075 977 1035 1243 903 824 861 1187 1223 1016 509 813 1395 820 518 907 829 1287 1038 732 826 869 1023 2751 957 917 949 1051 1030 906 698 402 792 721 0 1081 747 1238 1008 372 788 3778 855
401 362 474 834 716 834 707 704 398 1044 721 1121 446 720 877 1314 789 1203 645 573 1272 982 274 1157 1366 174 580 333 1297 1064 32 1094 434 1190 829 957 1323 429 539 628 1814 642 289 460 1759 1795 706 888 300 829 419 1344 506 913 721 378 764 734 469 623 2296 603 539 808 610 370 528 834 1208 722 630 1081 0 831 672 867 1178 718 3322 386
811 772 562 272 760 419 398 748 748 247 890 787 486 889 576 980 375 869 1056 271 938 648 884 823 1032 872 624 556 963 730 837 761 447 856 415 160 989 553 949 513 1480 381 699 871 1425 1461 493 586 710 873 830 1010 917 116 765 788 210 903 880 1033 2229 995 395 394 529 780 384 273 874 237 799 747 831 0 716 408 844 233 3256 865
652 613 238 718 290 576 426 278 649 929 972 1278 410 972 1067 1471 532 1360 893 476 1429 1139 724 1314 1524 713 161 397 1454 1221 677 1252 398 1347 571 842 1480 270 708 347 1972 362 540 712 1916 1952 426 1078 551 402 671 1501 758 798 295 629 648 986 720 870 1951 772 504 550 330 621 492 719 1366 544 881 1238 672 716 0 610 1335 557 2978 706
847 808 456 488 653 162 292 642 844 414 1116 1048 522 1116 837 1241 118 1130 1092 307 1199 909 919 1084 1293 907 517 592 1224 991 872 1022 483 1117 61 397 1250 488 985 406 1741 275 735 907 1686 1722 387 847 746 766 866 1271 953 353 659 824 418 1129 915 1069 2123 1049 431 81 423 816 419 489 1135 230 1025 1008 867 408 610 0 1105 243 3149 900
898 1119 1181 651 1378 1071 1017 1367 808 1056 909 412 1105 909 595 281 1026 170 1143 890 238 273 970 124 333 1033 1242 1090 397 354 1183 385 1066 64 1066 969 289 1172 1074 1131 1339 1000 920 957 1284 1320 1112 606 910 1491 916 311 1003 925 1383 1135 829 923 966 1120 2848 1054 1014 1045 1148 1126 1002 795 175 889 818 372 1178 844 1335 1105 0 885 3874 951
698 658 403 268 601 209 239 589 695 446 896 828 373 896 616 1021 165 910 943 158 979 689 770 864 1073 758 464 442 1004 771 723 802 333 897 204 359 1030 435 836 353 1521 222 586 757 1466 1502 334 627 597 713 716 1051 803 315 606 675 198 909 766 920 2070 900 282 183 370 666 270 268 915 27 805 788 718 233 557 243 885 0 3096 751
3333 3294 2919 3278 3052 3136 2986 3041 3330 3488 3654 3838 3091 3653 3626 4031 3091 3920 3578 3036 3989 3699 3406 3874 4083 3394 2916 3078 4014 3781 3359 3811 3079 3907 3131 3401 4039 2951 3471 2958 3432 2921 3222 3393 3376 3412 2985 3637 3232 3165 3352 4061 3439 3357 3057 3310 3208 3667 3402 3555 1401 3534 3160 3110 2940 3302 3149 3278 3925 3104 3562 3798 3354 3276 3009 3170 3894 3117 0 3387
174 395 507 655 749 867 740 738 171 1077 494 895 479 494 651 1088 822 977 419 606 1045 756 178 931 1140 241 613 366 1070 838 391 868 467 963 862 990 1096 463 350 661 1588 675 197 234 1533 1569 739 662 186 862 193 1118 280 946 754 411 797 508 243 396 2329 376 573 841 643 403 561 798 982 755 403 855 386 865 706 900 951 751 3356 0
EOF