NAME : tsp_problem
TYPE : TSP
DIMENSION : 56
EDGE_WEIGHT_TYPE : EXPLICIT
EDGE_WEIGHT_FORMAT : FULL_MATRIX
EDGE_WEIGHT_SECTION
0 873 726 839 328 583 845 502 562 567 756 543 661 337 661 465 471 407 502 604 901 961 488 507 758 323 585 246 585 744 449 693 2515 659 529 528 428 795 323 567 848 849 744 729 631 376 767 611 456 2816 644 832 345 245 806 498
873 0 371 51 764 473 344 774 1296 744 470 815 549 774 487 724 647 1141 678 779 54 459 664 779 420 825 475 650 761 501 777 1427 2861 561 693 1262 721 293 1017 1301 347 770 501 618 805 812 412 1346 813 3161 1378 68 781 908 515 770
726 371 0 337 618 327 343 504 1026 598 470 544 278 627 217 578 501 870 532 508 399 459 518 508 149 554 329 504 615 230 713 1156 2719 290 559 992 451 293 871 1030 346 499 230 400 535 665 97 1075 749 3020 1107 330 635 637 515 499
839 51 337 0 730 439 310 740 1263 710 437 781 515 740 454 691 614 1107 644 745 79 426 630 745 386 791 441 617 727 467 743 1393 2827 527 659 1228 687 259 983 1267 313 736 467 584 772 778 378 1312 779 3128 1344 34 747 874 481 736
328 764 618 730 0 475 736 786 846 390 647 827 772 229 677 288 363 690 393 860 792 852 379 790 666 606 477 137 407 748 340 976 2799 785 420 812 711 686 472 850 739 993 748 620 887 198 658 895 351 3100 927 723 236 528 697 782
583 473 327 439 475 0 445 482 1004 455 572 522 398 484 303 435 358 848 389 486 501 561 375 486 375 532 52 361 472 386 570 1134 2881 410 416 970 429 395 728 1008 448 619 386 246 513 522 367 1053 606 3182 1085 432 492 615 616 477
845 344 343 310 736 445 0 746 1269 716 324 787 521 746 460 697 620 1113 650 751 372 133 636 751 392 797 447 623 733 473 630 1399 2833 533 546 1234 693 73 989 1273 200 742 473 590 778 784 384 1318 667 3134 1350 302 753 880 368 742
502 774 504 740 786 482 746 0 686 836 873 99 323 796 323 816 739 531 770 266 803 862 756 62 420 215 484 704 853 406 907 817 2640 320 797 652 111 696 781 691 750 511 406 398 292 834 514 736 914 2940 768 733 803 298 918 53
562 1296 1026 1263 846 1004 1269 686 0 1085 1274 727 845 855 845 983 989 227 1020 743 1325 1384 1006 691 942 506 1006 764 1103 928 967 395 2453 843 1047 112 612 1218 790 269 1272 988 928 920 769 894 1036 314 974 2754 227 1255 863 429 1324 682
567 744 598 710 390 455 716 836 1085 0 628 877 753 468 657 133 144 930 238 841 772 832 161 840 647 846 457 346 144 728 555 1216 3039 765 401 1051 783 666 712 1090 719 973 728 600 867 308 639 1135 591 3340 1167 703 476 768 677 832
756 470 470 437 647 572 324 873 1274 628 0 914 648 451 586 608 531 1119 562 878 499 440 548 878 519 924 574 534 645 600 332 1405 2960 660 248 1240 820 273 783 1279 241 869 600 717 904 695 511 1324 368 3260 1356 429 459 957 165 869
543 815 544 781 827 522 787 99 727 877 914 0 364 836 364 857 780 572 811 306 843 903 797 67 461 255 524 745 894 447 948 857 2680 361 838 693 152 737 822 731 790 552 447 439 333 875 555 776 955 2981 808 774 844 338 959 94
661 549 278 515 772 398 521 323 845 753 648 364 0 782 131 733 656 690 687 295 577 637 673 327 195 374 400 659 770 180 868 976 2798 41 714 811 270 471 940 850 524 269 181 315 321 820 289 894 904 3099 927 508 789 457 692 319
337 774 627 740 229 484 746 796 855 468 451 836 782 0 687 366 372 700 403 870 802 862 389 800 676 616 486 147 485 757 144 986 2809 794 294 821 721 695 482 860 576 1003 758 630 897 276 668 905 155 3110 937 732 40 538 501 791
661 487 217 454 677 303 460 323 845 657 586 364 131 687 0 638 561 690 591 327 516 575 577 327 133 374 305 564 674 119 772 976 2784 144 619 811 270 409 930 850 463 352 119 219 354 725 227 894 809 3085 927 446 694 457 631 318
465 724 578 691 288 435 697 816 983 133 608 857 733 366 638 0 124 828 218 821 753 813 141 821 627 744 437 274 150 708 477 1113 2936 745 381 949 763 646 609 987 700 954 708 580 847 205 619 1032 488 3237 1064 683 373 666 658 812
471 647 501 614 363 358 620 739 989 144 531 780 656 372 561 124 0 834 141 744 676 735 64 744 550 750 360 249 161 631 458 1120 2943 668 304 955 686 569 616 994 623 877 631 503 770 300 542 1039 494 3244 1071 606 380 672 581 735
407 1141 870 1107 690 848 1113 531 227 930 1119 572 690 700 690 828 834 0 865 587 1169 1229 851 535 787 351 850 609 947 773 811 371 2298 687 892 156 456 1063 635 245 1116 833 773 765 614 738 881 289 819 2599 272 1100 708 273 1168 526
502 678 532 644 393 389 650 770 1020 238 562 811 687 403 591 218 141 865 0 775 706 766 158 774 580 781 391 280 255 662 489 1151 2973 699 335 986 717 600 646 1025 653 907 662 534 801 393 573 1069 525 3274 1102 637 410 703 611 766
604 779 508 745 860 486 751 266 743 841 878 306 295 870 327 821 744 587 775 0 807 867 761 270 424 316 488 747 858 410 956 873 2696 292 802 708 213 701 872 747 754 280 411 403 139 908 519 792 992 2997 824 738 877 399 922 261
901 54 399 79 792 501 372 803 1325 772 499 843 577 802 516 753 676 1169 706 807 0 488 692 807 448 853 503 679 789 529 805 1455 2889 590 721 1291 750 322 1045 1329 375 798 529 646 834 840 440 1374 841 3190 1406 96 809 936 543 798
961 459 459 426 852 561 133 862 1384 832 440 903 637 862 575 813 735 1229 766 867 488 0 752 867 508 913 563 738 849 589 746 1515 2949 649 662 1350 809 189 1105 1389 316 858 589 706 893 900 500 1434 782 3250 1466 418 869 996 484 858
488 664 518 630 379 375 636 756 1006 161 548 797 673 389 577 141 64 851 158 761 692 752 0 760 567 767 377 266 178 648 475 1137 2959 685 321 972 703 586 633 1011 639 893 648 520 787 316 559 1055 511 3260 1088 623 396 689 597 752
507 779 508 745 790 486 751 62 691 840 878 67 327 800 327 821 744 535 774 270 807 867 760 0 424 219 488 709 857 410 911 821 2644 325 802 656 115 700 785 695 754 515 410 402 297 838 519 740 919 2945 772 737 808 302 922 58
758 420 149 386 666 375 392 420 942 647 519 461 195 676 133 627 550 787 580 424 448 508 567 424 0 471 377 553 664 147 762 1073 2717 207 608 908 367 342 920 947 395 415 147 316 451 714 131 991 798 3018 1024 378 683 554 563 415
323 825 554 791 606 532 797 215 506 846 924 255 374 616 374 744 750 351 781 316 853 913 767 219 471 0 534 524 863 457 727 637 2460 371 808 472 140 747 601 511 800 562 457 449 343 654 565 556 735 2761 588 784 623 118 969 210
585 475 329 441 477 52 447 484 1006 457 574 524 400 486 305 437 360 850 391 488 503 563 377 488 377 534 0 363 474 388 572 1136 2883 412 418 972 431 397 730 1010 450 621 388 248 515 524 369 1055 608 3184 1087 434 494 617 618 479
246 650 504 617 137 361 623 704 764 346 534 745 659 147 564 274 249 609 280 747 679 738 266 709 553 524 363 0 363 634 258 894 2717 671 307 730 630 572 390 768 626 880 634 506 773 185 545 813 269 3018 845 609 154 447 584 700
585 761 615 727 407 472 733 853 1103 144 645 894 770 485 674 150 161 947 255 858 789 849 178 857 664 863 474 363 0 745 572 1233 3056 782 418 1068 800 683 729 1107 736 990 745 617 884 325 656 1152 608 3357 1184 720 493 785 694 849
744 501 230 467 748 386 473 406 928 728 600 447 180 757 119 708 631 773 662 410 529 589 648 410 147 457 388 634 745 0 843 1059 2798 193 689 894 353 423 1001 933 476 401 59 302 437 796 241 977 879 3099 1010 460 765 540 645 401
449 777 713 743 340 570 630 907 967 555 332 948 868 144 772 477 458 811 489 956 805 746 475 911 762 727 572 258 572 843 0 1097 2920 880 174 932 832 580 475 971 457 1088 843 715 982 388 754 1016 60 3221 1048 736 151 649 381 902
693 1427 1156 1393 976 1134 1399 817 395 1216 1405 857 976 986 976 1113 1120 371 1151 873 1455 1515 1137 821 1073 637 1136 894 1233 1059 1097 0 2584 973 1178 362 742 1349 921 278 1402 1118 1059 1051 900 1024 1167 323 1105 2885 478 1386 993 559 1454 812
2477 2915 2763 2881 2760 2918 2887 2601 2415 3000 3014 2641 2760 2770 2760 2897 2904 2259 2935 2657 2944 3003 2921 2605 2760 2421 2920 2678 3017 2842 2881 2545 0 2757 2962 2381 2526 2837 2705 2419 2890 2903 2842 2835 2684 2808 2804 2464 2889 466 2496 2874 2777 2343 3059 2596
659 561 290 527 785 410 533 320 843 765 660 361 41 794 144 745 668 687 699 292 590 649 685 325 207 371 412 671 782 193 880 973 2796 0 726 808 268 483 937 847 536 281 193 327 319 832 301 892 916 3097 924 520 802 454 705 316
529 693 559 659 420 416 546 797 1047 401 248 838 714 294 619 381 304 892 335 802 721 662 321 802 608 808 418 307 418 689 174 1178 3001 726 0 1013 744 496 626 1052 373 935 689 561 828 468 600 1097 211 3302 1129 652 301 730 297 793
528 1262 992 1228 812 970 1234 652 112 1051 1240 693 811 821 811 949 955 156 986 708 1291 1350 972 656 908 472 972 730 1068 894 932 362 2419 808 1013 0 577 1184 756 236 1238 954 894 886 735 859 1002 281 940 2720 142 1221 829 394 1289 648
428 721 451 687 711 429 693 111 612 783 820 152 270 721 270 763 686 456 717 213 750 809 703 115 367 140 431 630 800 353 832 742 2565 268 744 577 0 643 706 616 697 458 353 345 239 759 461 661 840 2866 693 680 729 223 865 107
795 293 293 259 686 395 73 696 1218 666 273 737 471 695 409 646 569 1063 600 701 322 189 586 700 342 747 397 572 683 423 580 1349 2782 483 496 1184 643 0 939 1223 150 692 423 540 727 734 334 1268 616 3083 1300 252 703 830 318 692
323 1017 871 983 472 728 989 781 790 712 783 822 940 482 930 609 616 635 646 872 1045 1105 633 785 920 601 730 390 729 1001 475 921 2744 937 626 756 706 939 0 795 908 1118 1001 873 899 520 912 840 439 3045 872 976 489 523 832 777
567 1301 1030 1267 850 1008 1273 691 269 1090 1279 731 850 860 850 987 994 245 1025 747 1329 1389 1011 695 947 511 1010 768 1107 933 971 278 2458 847 1052 236 616 1223 795 0 1276 992 933 925 774 898 1041 197 979 2759 352 1260 867 433 1328 686
848 347 346 313 739 448 200 750 1272 719 241 790 524 576 463 700 623 1116 653 754 375 316 639 754 395 800 450 626 736 476 457 1402 2836 536 373 1238 697 150 908 1276 0 745 476 593 781 787 387 1321 493 3137 1353 306 584 883 195 745
849 770 499 736 993 619 742 511 988 973 869 552 269 1003 352 954 877 833 907 280 798 858 893 515 415 562 621 880 990 401 1088 1118 2941 281 935 954 458 692 1118 992 745 0 401 535 385 1041 510 1037 1125 3242 1069 729 1010 645 913 507
744 501 230 467 748 386 473 406 928 728 600 447 181 758 119 708 631 773 662 411 529 589 648 410 147 457 388 634 745 59 843 1059 2798 193 689 894 353 423 1001 933 476 401 0 302 437 796 241 977 879 3099 1010 460 765 540 645 402
729 618 400 584 620 246 590 398 920 600 717 439 315 630 219 580 503 765 534 403 646 706 520 402 316 449 248 506 617 302 715 1051 2873 327 561 886 345 540 873 925 593 535 302 0 429 668 411 969 751 3174 1002 577 637 532 762 394
631 805 535 772 887 513 778 292 769 867 904 333 321 897 354 847 770 614 801 139 834 893 787 297 451 343 515 773 884 437 982 900 2722 319 828 735 239 727 899 774 781 385 437 429 0 935 545 818 1019 3023 851 764 904 426 949 288
376 812 665 778 198 522 784 834 894 308 695 875 820 276 725 205 300 738 393 908 840 900 316 838 714 654 524 185 325 796 388 1024 2847 832 468 859 759 734 520 898 787 1041 796 668 935 0 706 943 399 3148 975 771 284 576 745 829
767 412 97 378 658 367 384 514 1036 639 511 555 289 668 227 619 542 881 573 519 440 500 559 519 131 565 369 545 656 241 754 1167 2760 301 600 1002 461 334 912 1041 387 510 241 411 545 706 0 1086 790 3061 1118 371 675 648 555 510
611 1346 1075 1312 895 1053 1318 736 314 1135 1324 776 894 905 894 1032 1039 289 1069 792 1374 1434 1055 740 991 556 1055 813 1152 977 1016 323 2503 892 1097 281 661 1268 840 197 1321 1037 977 969 818 943 1086 0 1023 2804 397 1305 912 478 1373 731
456 813 749 779 351 606 667 914 974 591 368 955 904 155 809 488 494 819 525 992 841 782 511 919 798 735 608 269 608 879 60 1105 2927 916 211 940 840 616 439 979 493 1125 879 751 1019 399 790 1023 0 3228 1056 772 162 657 417 910
2778 3216 3064 3182 3061 3219 3188 2902 2716 3301 3315 2942 3061 3071 3061 3198 3205 2560 3236 2958 3244 3304 3222 2906 3061 2722 3221 2979 3318 3143 3182 2846 466 3058 3263 2682 2827 3138 3006 2720 3191 3203 3143 3136 2985 3109 3105 2765 3190 0 2797 3175 3078 2644 3360 2897
644 1378 1107 1344 927 1085 1350 768 227 1167 1356 808 927 937 927 1064 1071 272 1102 824 1406 1466 1088 772 1024 588 1087 845 1184 1010 1048 478 2535 924 1129 142 693 1300 872 352 1353 1069 1010 1002 851 975 1118 397 1056 2836 0 1337 944 510 1405 763
832 68 330 34 723 432 302 733 1255 703 429 774 508 732 446 683 606 1100 637 738 96 418 623 737 378 784 434 609 720 460 736 1386 2819 520 652 1221 680 252 976 1260 306 729 460 577 764 771 371 1305 772 3120 1337 0 740 867 474 729
345 781 635 747 236 492 753 803 863 476 459 844 789 40 694 373 380 708 410 877 809 869 396 808 683 623 494 154 493 765 151 993 2816 802 301 829 729 703 489 867 584 1010 765 637 904 284 675 912 162 3117 944 740 0 546 508 799
245 908 637 874 528 615 880 298 429 768 957 338 457 538 457 666 672 273 703 399 936 996 689 302 554 118 617 447 785 540 649 559 2382 454 730 394 223 830 523 433 883 645 540 532 426 576 648 478 657 2683 510 867 546 0 1006 293
806 515 515 481 697 616 368 918 1324 677 165 959 692 501 631 658 581 1168 611 922 543 484 597 922 563 969 618 584 694 645 381 1454 3004 705 297 1289 865 318 832 1328 195 913 645 762 949 745 555 1373 417 3305 1405 474 508 1006 0 913
498 770 499 736 782 477 742 53 682 832 869 94 319 791 318 812 735 526 766 261 798 858 752 58 415 210 479 700 849 401 902 812 2635 316 793 648 107 692 777 686 745 507 402 394 288 829 510 731 910 2936 763 729 799 293 913 0
EOF