NAME : tsp_problem
TYPE : TSP
DIMENSION : 78
EDGE_WEIGHT_TYPE : EXPLICIT
EDGE_WEIGHT_FORMAT : FULL_MATRIX
EDGE_WEIGHT_SECTION
0 437 189 801 197 105 798 353 363 612 781 589 729 102 383 463 714 1005 404 3500 749 536 382 599 572 787 55 1094 700 763 615 680 520 868 1063 54 2790 234 699 275 970 1021 511 552 1031 684 470 761 850 326 741 1148 714 569 514 376 635 1096 647 782 206 147 982 809 364 3366 805 363 672 291 860 755 707 1043 834 175 455 683
437 0 272 738 468 502 994 549 559 808 905 785 732 499 575 659 601 959 600 3387 945 728 574 795 768 861 408 981 587 836 811 875 225 1013 950 406 2677 430 895 471 857 908 448 489 918 880 666 835 804 263 779 1035 910 764 710 572 826 983 843 669 397 339 1127 696 560 3561 692 558 868 193 815 951 753 930 979 446 651 878
189 272 0 885 346 254 746 502 513 761 930 738 878 251 327 612 798 1116 553 3584 898 480 326 748 721 936 204 1178 784 912 764 829 442 1017 1147 158 2874 383 647 424 1054 1105 595 636 1116 833 619 910 961 410 890 1232 662 718 663 525 578 1180 796 866 149 91 1131 893 513 3514 889 511 821 340 972 703 856 1127 983 325 604 832
801 738 885 0 827 866 797 718 824 422 334 355 160 863 948 829 543 398 832 3328 396 795 813 294 382 290 767 922 421 265 490 421 817 441 892 815 2618 660 698 830 799 850 339 288 860 318 438 264 243 519 208 977 713 379 561 741 746 925 521 611 895 908 556 399 729 3254 633 728 546 588 254 754 182 872 407 806 534 317
197 468 346 827 0 262 825 380 390 638 808 615 756 259 540 489 740 1031 430 3526 776 693 474 625 598 814 164 1120 727 789 642 706 546 894 1089 211 2816 261 725 301 996 1048 537 578 1058 710 496 788 876 352 768 1175 741 595 540 402 774 1122 674 809 363 305 1009 835 391 3392 831 389 699 318 887 782 733 1070 860 76 482 709
105 502 254 866 262 0 863 418 428 677 846 654 794 153 448 528 779 1070 469 3565 814 601 447 664 637 852 119 1159 765 827 680 744 584 933 1128 119 2854 299 764 340 1035 1086 575 617 1096 749 535 826 914 391 806 1213 779 633 579 441 699 1161 712 847 270 212 1047 874 429 3430 869 427 737 356 925 820 772 1108 899 240 520 748
798 994 746 797 825 863 0 646 752 618 566 595 656 860 446 756 1173 931 759 3569 511 293 680 586 578 610 765 1552 954 643 377 441 1072 652 1522 771 2859 588 122 828 1429 1480 969 918 1490 502 476 642 776 879 668 1607 103 575 324 669 244 1555 408 1241 621 679 767 932 657 3063 1263 655 433 844 787 62 633 1502 618 803 370 511
353 549 502 718 380 418 646 0 238 460 629 437 577 415 437 242 822 853 245 3608 597 590 296 447 420 635 320 1202 808 610 463 527 627 716 1171 368 2898 143 547 334 1078 1129 619 660 1139 532 318 609 698 434 589 1256 562 417 362 155 595 1204 495 890 377 435 830 853 40 3213 912 59 520 399 708 603 555 1151 682 358 303 531
363 559 513 824 390 428 752 238 0 565 735 542 683 425 542 130 832 958 117 3618 702 695 401 552 525 740 330 1212 818 716 569 633 637 821 1181 378 2907 249 652 127 1088 1139 628 670 1149 637 423 715 803 444 694 1266 667 522 467 130 701 1214 600 900 483 471 936 927 248 3319 922 247 625 409 813 709 660 1161 787 368 409 636
612 808 761 422 638 677 618 460 565 0 333 141 281 674 695 570 798 557 573 3584 313 616 554 151 124 339 578 1178 580 314 407 339 886 420 1147 626 2874 402 519 641 1054 1105 595 543 1115 236 180 313 401 692 293 1232 534 58 334 482 567 1180 439 866 636 694 534 557 471 3171 888 469 464 658 412 575 259 1127 386 617 275 234
781 905 930 334 808 846 566 629 735 333 0 266 192 843 716 739 709 435 742 3495 164 563 724 204 293 63 748 1089 458 96 258 190 983 126 1058 796 2785 571 467 811 965 1016 506 455 1026 121 349 95 280 685 157 1143 482 290 330 652 515 1091 290 777 805 863 241 436 640 3022 800 638 315 755 290 523 170 1038 92 786 376 129
589 785 738 355 615 654 595 437 542 141 266 0 214 651 672 547 731 489 550 3517 246 592 531 84 101 272 555 1111 513 247 340 272 863 352 1080 603 2806 379 496 618 987 1038 527 476 1048 168 156 246 334 669 226 1165 511 97 311 459 544 1113 372 799 613 671 467 490 447 3104 821 446 397 635 345 552 192 1060 318 594 252 167
729 732 878 160 756 794 656 577 683 281 192 214 0 791 806 687 536 295 690 3322 254 653 672 152 241 149 696 916 318 124 348 280 810 300 885 744 2611 519 556 759 792 843 332 281 853 177 297 123 139 512 103 970 572 238 420 600 605 918 380 604 753 811 415 295 588 3112 626 586 405 582 150 613 41 865 266 734 393 176
102 499 251 863 259 153 860 415 425 674 843 651 791 0 445 525 776 1067 466 3562 811 598 444 661 634 849 116 1156 762 825 677 742 582 930 1125 116 2852 296 761 337 1032 1083 573 614 1093 746 532 823 912 388 803 1210 776 631 576 438 696 1158 709 844 268 209 1044 871 426 3428 866 424 734 353 922 817 769 1105 896 237 517 745
383 575 327 948 540 448 446 437 542 695 716 672 806 445 0 547 1057 1082 550 3720 661 179 260 682 656 761 398 1437 1043 794 527 591 745 803 1406 352 3010 379 346 618 1313 1364 854 895 1375 653 554 793 927 669 818 1491 361 652 474 459 278 1439 559 1125 202 260 917 1083 448 3213 1148 446 584 635 937 403 784 1387 769 519 520 661
463 659 612 829 489 528 756 242 130 570 739 547 687 525 547 0 931 963 137 3717 707 700 406 557 530 745 429 1311 918 720 573 637 737 826 1280 477 3007 253 657 226 1187 1239 728 769 1249 642 428 719 808 543 699 1366 672 527 472 135 705 1313 605 1000 487 546 940 964 253 3323 1022 251 630 509 818 713 665 1261 792 468 413 641
714 601 798 543 740 779 1173 822 832 798 709 731 536 776 1057 931 0 729 872 2996 771 1170 916 669 758 665 680 419 357 641 865 797 679 817 388 728 2286 703 1073 743 295 345 224 293 527 693 814 640 574 432 575 472 1088 755 937 844 1122 420 897 106 880 821 931 465 833 3629 128 831 922 501 584 1129 558 368 783 719 909 692
1005 959 1116 398 1031 1070 931 853 958 557 435 489 295 1067 1082 963 729 0 966 3515 530 929 947 428 517 391 971 1109 470 367 624 556 1038 407 1078 1019 2804 795 832 1034 985 1036 571 520 1046 452 572 366 220 750 294 1163 847 513 695 875 880 1111 655 797 1029 1087 476 448 863 3388 819 862 680 820 268 888 316 1058 442 1010 668 451
404 600 553 832 430 469 759 245 117 573 742 550 690 466 550 137 872 966 0 3658 710 703 409 560 533 748 370 1252 858 724 576 641 678 829 1221 418 2948 256 660 167 1128 1180 669 710 1190 645 431 722 811 484 702 1307 675 530 475 138 708 1254 608 940 490 511 943 967 256 3327 963 254 633 450 821 716 668 1202 795 409 416 644
3461 3348 3545 3290 3488 3526 3624 3569 3579 3545 3456 3478 3283 3523 3774 3679 2957 3476 3619 0 3518 3622 3664 3416 3505 3413 3428 3337 3104 3388 3435 3448 3426 3564 3306 3476 1867 3450 3525 3491 3213 3264 2971 3041 2495 3441 3561 3387 3321 3179 3322 3391 3540 3502 3453 3591 3573 3339 3467 3025 3627 3569 3679 3212 3580 3736 3048 3578 3492 3249 3331 3581 3305 3287 3530 3466 3498 3439
749 945 898 396 776 814 511 597 702 313 164 246 254 811 661 707 771 530 710 3474 0 508 692 184 273 209 716 1151 553 242 203 135 1023 251 1120 764 2764 539 411 779 1027 1078 568 517 1089 101 329 241 375 747 266 1205 426 270 275 619 460 1153 235 839 773 831 365 531 608 2967 862 606 260 795 385 467 232 1100 217 754 320 109
536 728 480 795 693 601 293 590 695 616 563 592 653 598 179 700 1170 929 703 3567 508 0 414 583 576 608 551 1550 952 641 374 438 898 650 1519 505 2857 532 193 771 1426 1477 967 916 1488 500 474 640 774 822 665 1604 208 572 321 612 167 1552 406 1238 355 413 764 930 601 3060 1261 599 431 788 784 250 631 1500 616 672 367 508
382 574 326 813 474 447 680 296 401 554 724 531 672 444 260 406 916 947 409 3702 692 414 0 541 514 730 397 1296 903 705 558 622 722 810 1265 351 2992 238 581 477 1172 1224 713 754 1234 626 412 704 792 528 684 1351 596 511 456 318 512 1299 589 985 201 259 925 948 307 3308 1007 305 614 494 803 637 649 1246 776 453 398 625
599 795 748 294 625 664 586 447 552 151 204 84 152 661 682 557 669 428 560 3455 184 583 541 0 111 210 565 1049 451 186 278 210 873 291 1018 613 2745 389 487 628 925 976 466 415 987 107 167 184 273 645 164 1103 502 107 321 469 535 1051 310 737 623 681 405 429 458 3042 760 456 335 645 283 543 130 998 257 604 262 106
572 768 721 382 598 637 578 420 525 124 293 101 241 634 656 530 758 517 533 3544 273 576 514 111 0 299 539 1138 540 274 367 299 846 380 1107 586 2834 362 479 602 1014 1065 555 504 1075 196 140 273 362 652 253 1192 494 81 294 442 527 1140 399 826 596 654 494 517 431 3131 849 429 424 618 372 535 219 1087 346 577 235 195
787 861 936 290 814 852 610 635 740 339 63 272 149 849 761 745 665 391 748 3451 209 608 730 210 299 0 754 1045 414 52 303 235 939 170 1014 802 2741 577 511 817 921 973 462 411 983 165 355 51 236 641 113 1100 526 296 374 657 559 1048 334 734 811 869 285 392 646 3067 756 644 359 711 247 567 126 995 137 792 420 173
55 408 204 767 164 119 765 320 330 578 748 555 696 116 398 429 680 971 370 3466 716 551 397 565 539 754 0 1060 667 729 582 646 486 834 1029 69 2756 201 666 241 936 988 477 518 998 650 437 728 816 292 708 1115 681 535 481 342 649 1063 614 749 220 162 949 775 331 3332 771 329 639 258 827 722 673 1010 800 142 422 649
1094 981 1178 922 1120 1159 1552 1202 1212 1178 1089 1111 916 1156 1437 1311 419 1109 1252 3376 1151 1550 1296 1049 1138 1045 1060 0 736 1021 1245 1177 1059 1197 107 1108 2665 1082 1453 1123 288 201 604 673 907 1073 1194 1019 953 811 955 114 1468 1134 1317 1224 1501 128 1277 339 1260 1201 1311 845 1212 4009 437 1211 1302 881 964 1509 938 72 1163 1099 1289 1072
700 587 784 421 727 765 954 808 818 580 458 513 318 762 1043 918 357 470 858 3143 553 952 903 451 540 414 667 736 0 390 647 579 665 566 706 715 2432 689 855 730 613 664 210 280 674 475 596 389 315 418 317 791 870 536 718 831 903 739 679 425 866 808 680 207 819 3411 447 817 704 488 326 911 339 686 532 705 691 474
763 836 912 265 789 827 643 610 716 314 96 247 124 825 794 720 641 367 724 3427 242 641 705 186 274 52 729 1021 390 0 336 268 915 204 990 777 2716 552 544 792 897 948 437 386 958 198 330 26 212 617 88 1075 559 271 407 633 592 1023 368 709 786 845 318 367 621 3100 731 619 393 687 222 600 102 970 170 767 426 207
615 811 764 490 642 680 377 463 569 407 258 340 348 677 527 573 865 624 576 3391 203 374 558 278 367 303 582 1245 647 336 0 133 889 345 1214 630 2681 405 277 645 1121 1172 662 611 1183 195 293 335 469 696 360 1299 292 364 141 486 326 1247 70 933 639 697 459 625 474 2885 956 472 95 661 479 334 326 1194 311 620 187 203
680 875 829 421 706 744 441 527 633 339 190 272 280 742 591 637 797 556 641 3404 135 438 622 210 299 235 646 1177 579 268 133 0 954 277 1146 694 2694 469 342 709 1053 1104 594 543 1114 127 355 267 401 760 292 1231 357 296 205 550 390 1179 136 865 703 762 391 556 538 2897 888 536 161 725 411 398 258 1126 243 684 251 135
520 225 442 817 546 584 1072 627 637 886 983 863 810 582 745 737 679 1038 678 3465 1023 898 722 873 846 939 486 1059 665 915 889 954 0 1091 1028 534 2755 508 973 549 935 987 526 567 997 958 744 914 882 342 858 1114 988 843 788 650 997 1061 921 747 568 509 1205 774 638 3640 770 637 946 272 893 1029 832 1009 1057 524 729 957
868 1013 1017 441 894 933 652 716 821 420 126 352 300 930 803 826 817 407 829 3603 251 650 810 291 380 170 834 1197 566 204 345 277 1091 0 1166 882 2892 658 553 897 1073 1124 613 562 1134 207 435 203 388 793 264 1251 568 376 416 738 601 1199 376 885 892 950 130 544 726 3109 907 725 401 863 398 609 278 1146 68 873 462 216
1063 950 1147 892 1089 1128 1522 1171 1181 1147 1058 1080 885 1125 1406 1280 388 1078 1221 3345 1120 1519 1265 1018 1107 1014 1029 107 706 990 1214 1146 1028 1166 0 1077 2635 1052 1422 1092 257 283 573 643 876 1042 1163 989 923 781 924 196 1437 1104 1286 1193 1471 210 1246 308 1229 1171 1281 814 1182 3978 415 1180 1271 851 933 1479 907 57 1132 1068 1258 1041
54 406 158 815 211 119 771 368 378 626 796 603 744 116 352 477 728 1019 418 3514 764 505 351 613 586 802 69 1108 715 777 630 694 534 882 1077 0 2804 249 672 289 984 1036 525 566 1046 698 484 776 864 340 756 1163 687 583 528 390 603 1111 662 797 174 116 997 823 379 3380 819 377 687 306 875 728 721 1058 848 190 470 697
6216 6103 6300 6044 6242 6281 6379 6324 6334 6300 6211 6233 6038 6278 6529 6433 5712 6230 6374 3288 6272 6376 6418 6171 6260 6167 6182 6092 5858 6143 6190 6202 6181 6319 6061 6230 0 6204 6279 6245 5968 6019 5726 5795 5250 6195 6316 6141 6075 5933 6077 6146 6294 6256 6207 6346 6328 6094 6221 5780 6382 6323 6433 5967 6334 6490 5802 6333 6246 6003 6086 6335 6060 6041 6285 6221 6253 6194
234 430 383 660 261 299 588 143 249 402 571 379 519 296 379 253 703 795 256 3488 539 532 238 389 362 577 201 1082 689 552 405 469 508 658 1052 249 2778 0 489 264 959 1010 499 540 1020 474 260 551 639 315 531 1137 504 358 304 166 537 1085 437 771 319 342 772 795 154 3155 793 152 462 280 650 545 497 1032 624 239 245 472
699 895 647 698 725 764 122 547 652 519 467 496 556 761 346 657 1073 832 660 3470 411 193 581 487 479 511 666 1453 855 544 277 342 973 553 1422 672 2760 489 0 729 1329 1380 870 819 1391 403 377 543 677 779 568 1508 38 475 225 569 145 1455 309 1141 522 580 668 833 558 2963 1164 556 334 745 687 79 534 1403 519 704 270 411
275 471 424 830 301 340 828 334 127 641 811 618 759 337 618 226 743 1034 167 3529 779 771 477 628 602 817 241 1123 730 792 645 709 549 897 1092 289 2819 264 729 0 999 1051 540 581 1061 713 500 791 879 355 771 1178 744 598 544 227 777 1126 677 812 441 383 1012 838 345 3395 834 343 702 321 890 785 736 1073 863 280 485 712
970 857 1054 799 996 1035 1429 1078 1088 1054 965 987 792 1032 1313 1187 295 985 1128 3252 1027 1426 1172 925 1014 921 936 288 613 897 1121 1053 935 1073 257 984 2542 959 1329 999 0 464 480 550 783 949 1070 896 830 688 831 376 1344 1011 1193 1100 1378 390 1153 215 1136 1077 1188 721 1089 3885 322 1087 1178 757 840 1386 814 237 1039 975 1165 948
1021 908 1105 850 1048 1086 1480 1129 1139 1105 1016 1038 843 1083 1364 1239 345 1036 1180 3303 1078 1477 1224 976 1065 973 988 201 664 948 1172 1104 987 1124 283 1036 2593 1010 1380 1051 464 0 531 601 835 1001 1121 947 881 739 882 142 1396 1062 1244 1152 1429 90 1204 350 1187 1129 1239 773 1140 3936 251 1138 1229 809 891 1437 865 248 1090 1026 1217 1000
511 448 595 339 537 575 969 619 628 595 506 527 332 573 854 728 224 571 669 3010 568 967 713 466 555 462 477 604 210 437 662 594 526 613 573 525 2300 499 870 540 480 531 0 90 542 490 610 436 415 228 380 658 885 551 733 641 918 606 693 292 677 618 728 319 629 3426 315 628 718 298 426 926 354 554 580 515 706 489
552 489 636 288 578 617 918 660 670 543 455 476 281 614 895 769 293 520 710 3079 517 916 754 415 504 411 518 673 280 386 611 543 567 562 643 566 2369 540 819 581 550 601 90 0 611 439 559 385 364 269 329 728 834 500 682 682 867 676 642 362 718 659 677 388 670 3375 384 669 667 339 375 875 303 623 529 557 655 438
1031 918 1116 860 1058 1096 1490 1139 1149 1115 1026 1048 853 1093 1375 1249 527 1046 1190 2534 1089 1488 1234 987 1075 983 998 907 674 958 1183 1114 997 1134 876 1046 1824 1020 1391 1061 783 835 542 611 0 1011 1131 957 891 749 892 962 1406 1072 1254 1162 1439 910 1214 596 1197 1139 1249 783 1150 3693 618 1148 1239 819 902 1447 875 857 1100 1036 1227 1010
684 880 833 318 710 749 502 532 637 236 121 168 177 746 653 642 693 452 645 3466 101 500 626 107 196 165 650 1073 475 198 195 127 958 207 1042 698 2756 474 403 713 949 1001 490 439 1011 0 251 197 297 669 189 1128 418 192 267 554 451 1076 227 762 708 766 322 453 542 2959 784 541 252 730 307 459 154 1023 173 689 312 35
470 666 619 438 496 535 476 318 423 180 349 156 297 532 554 428 814 572 431 3550 329 474 412 167 140 355 437 1194 596 330 293 355 744 435 1163 484 2840 260 377 500 1070 1121 610 559 1131 251 0 329 417 550 309 1248 392 136 192 340 425 1196 325 882 494 552 550 573 329 3043 904 327 350 516 428 433 275 1143 401 475 133 250
761 835 910 264 788 826 642 609 715 313 95 246 123 823 793 719 640 366 722 3425 241 640 704 184 273 51 728 1019 389 26 335 267 914 203 989 776 2715 551 543 791 896 947 436 385 957 197 329 0 210 615 87 1074 558 270 406 632 591 1022 366 708 785 843 317 366 620 3099 730 618 391 685 221 599 100 969 169 766 425 205
850 804 961 243 876 914 776 698 803 401 280 334 139 912 927 808 574 220 811 3359 375 774 792 273 362 236 816 953 315 212 469 401 882 388 923 864 2649 639 677 879 830 881 415 364 891 297 417 210 0 595 138 1008 692 358 540 720 725 956 500 642 874 932 502 293 708 3233 664 707 525 665 122 733 161 903 354 854 513 296
326 263 410 519 352 391 879 434 444 692 685 669 512 388 669 543 432 750 484 3217 747 822 528 645 652 641 292 811 418 617 696 760 342 793 781 340 2507 315 779 355 688 739 228 269 749 669 550 615 595 0 560 866 795 649 594 456 828 814 728 500 492 433 907 526 445 3446 522 443 753 113 605 836 534 761 759 331 536 668
741 779 890 208 768 806 668 589 694 293 157 226 103 803 818 699 575 294 702 3361 266 665 684 164 253 113 708 955 317 88 360 292 858 264 924 756 2651 531 568 771 831 882 380 329 892 189 309 87 138 560 0 1009 583 250 432 611 617 957 392 643 765 823 379 294 600 3124 665 598 417 630 149 625 80 904 231 746 404 187
1148 1035 1232 977 1175 1213 1607 1256 1266 1232 1143 1165 970 1210 1491 1366 472 1163 1307 3430 1205 1604 1351 1103 1192 1100 1115 114 791 1075 1299 1231 1114 1251 196 1163 2720 1137 1508 1178 376 142 658 728 962 1128 1248 1074 1008 866 1009 0 1523 1189 1371 1279 1556 68 1331 427 1314 1256 1366 900 1267 4063 378 1265 1356 936 1018 1564 992 161 1217 1153 1344 1127
714 910 662 713 741 779 103 562 667 534 482 511 572 776 361 672 1088 847 675 3485 426 208 596 502 494 526 681 1468 870 559 292 357 988 568 1437 687 2775 504 38 744 1344 1396 885 834 1406 418 392 558 692 795 583 1523 0 491 240 584 160 1470 324 1156 537 595 683 848 573 2978 1179 571 349 760 702 60 549 1418 534 719 285 427
569 764 718 379 595 633 575 417 522 58 290 97 238 631 652 527 755 513 530 3540 270 572 511 107 81 296 535 1134 536 271 364 296 843 376 1104 583 2830 358 475 598 1011 1062 551 500 1072 192 136 270 358 649 250 1189 491 0 290 439 524 1137 396 823 593 651 491 514 427 3128 845 426 421 615 369 532 215 1084 342 573 232 191
514 710 663 561 540 579 324 362 467 334 330 311 420 576 474 472 937 695 475 3398 275 321 456 321 294 374 481 1317 718 407 141 205 788 416 1286 528 2688 304 225 544 1193 1244 733 682 1254 267 192 406 540 594 432 1371 240 290 0 384 273 1319 173 1005 538 596 531 696 373 2891 1027 371 198 560 551 281 397 1266 383 519 134 275
376 572 525 741 402 441 669 155 130 482 652 459 600 438 459 135 844 875 138 3630 619 612 318 469 442 657 342 1224 831 633 486 550 650 738 1193 390 2920 166 569 227 1100 1152 641 682 1162 554 340 632 720 456 611 1279 584 439 384 0 618 1226 517 912 400 458 853 876 165 3236 935 164 542 422 730 626 577 1174 704 381 326 553
635 826 578 746 774 699 244 595 701 567 515 544 605 696 278 705 1122 880 708 3518 460 167 512 535 527 559 649 1501 903 592 326 390 997 601 1471 603 2808 537 145 777 1378 1429 918 867 1439 451 425 591 725 828 617 1556 160 524 273 618 0 1504 357 1190 453 511 716 881 606 3012 1212 604 382 793 736 201 582 1451 567 752 319 460
1096 983 1180 925 1122 1161 1555 1204 1214 1180 1091 1113 918 1158 1439 1313 420 1111 1254 3378 1153 1552 1299 1051 1140 1048 1063 128 739 1023 1247 1179 1061 1199 210 1111 2668 1085 1455 1126 390 90 606 676 910 1076 1196 1022 956 814 957 68 1470 1137 1319 1226 1504 0 1279 425 1262 1204 1314 847 1215 4011 326 1213 1304 884 966 1512 940 174 1165 1101 1291 1074
647 843 796 521 674 712 408 495 600 439 290 372 380 709 559 605 897 655 608 3423 235 406 589 310 399 334 614 1277 679 368 70 136 921 376 1246 662 2713 437 309 677 1153 1204 693 642 1214 227 325 366 500 728 392 1331 324 396 173 517 357 1279 0 965 671 729 491 656 506 2916 987 504 58 693 511 365 358 1226 343 652 218 235
782 669 866 611 809 847 1241 890 900 866 777 799 604 844 1125 1000 106 797 940 3064 839 1238 985 737 826 734 749 339 425 709 933 865 747 885 308 797 2354 771 1141 812 215 350 292 362 596 762 882 708 642 500 643 427 1156 823 1005 912 1190 425 965 0 948 890 1000 533 901 3697 133 899 990 570 652 1198 626 288 851 787 977 760
206 397 149 895 363 270 621 377 483 636 805 613 753 268 202 487 880 1029 490 3666 773 355 201 623 596 811 220 1260 866 786 639 703 568 892 1229 174 2956 319 522 441 1136 1187 677 718 1197 708 494 785 874 492 765 1314 537 593 538 400 453 1262 671 948 0 108 1006 975 388 3389 970 386 696 457 884 578 731 1209 858 341 479 707
147 339 91 908 305 212 679 435 471 694 863 671 811 209 260 546 821 1087 511 3607 831 413 259 681 654 869 162 1201 808 845 697 762 509 950 1171 116 2897 342 580 383 1077 1129 618 659 1139 766 552 843 932 433 823 1256 595 651 596 458 511 1204 729 890 108 0 1064 916 446 3447 912 444 754 399 942 636 789 1151 916 283 537 765
982 1127 1131 556 1009 1047 767 830 936 534 241 467 415 1044 917 940 931 476 943 3717 365 764 925 405 494 285 949 1311 680 318 459 391 1205 130 1281 997 3007 772 668 1012 1188 1239 728 677 1249 322 550 317 502 907 379 1366 683 491 531 853 716 1314 491 1000 1006 1064 0 658 841 3223 1022 839 516 977 513 724 392 1261 165 987 577 330
809 696 893 399 835 874 932 853 927 557 436 490 295 871 1083 964 465 448 967 3251 531 930 948 429 517 392 775 845 207 367 625 556 774 544 814 823 2541 795 833 838 721 773 319 388 783 453 573 366 293 526 294 900 848 514 696 876 881 847 656 533 975 916 658 0 864 3389 556 863 681 596 304 889 317 795 510 814 669 452
364 560 513 729 391 429 657 40 248 471 640 447 588 426 448 253 833 863 256 3618 608 601 307 458 431 646 331 1212 819 621 474 538 638 726 1182 379 2908 154 558 345 1089 1140 629 670 1150 542 329 620 708 445 600 1267 573 427 373 165 606 1215 506 901 388 446 841 864 0 3224 923 48 531 410 719 614 565 1162 692 369 314 541
3397 3593 3545 3274 3423 3462 3094 3245 3350 3191 3043 3124 3133 3459 3244 3355 3649 3408 3358 3786 2987 3091 3339 3063 3152 3087 3363 4029 3431 3120 2905 2918 3671 3129 3998 3411 3076 3187 2994 3426 3905 3957 3446 3395 3766 2979 3074 3119 3253 3477 3144 4084 3009 3148 2922 3267 3043 4031 2936 3717 3420 3478 3244 3409 3255 0 3740 3254 2961 3443 3263 3051 3110 3979 3095 3402 2968 2988
805 692 889 633 831 869 1263 912 922 888 800 821 626 866 1148 1022 128 819 963 3086 862 1261 1007 760 849 756 771 437 447 731 956 888 770 907 415 819 2376 793 1164 834 322 251 315 384 618 784 904 730 664 522 665 378 1179 845 1027 935 1212 326 987 133 970 912 1022 556 923 3720 0 921 1012 592 675 1220 648 396 873 809 1000 783
363 558 511 728 389 427 655 59 247 469 638 446 586 424 446 251 831 862 254 3617 606 599 305 456 429 644 329 1211 817 619 472 536 637 725 1180 377 2907 152 556 343 1087 1138 628 669 1148 541 327 618 707 443 598 1265 571 426 371 164 604 1213 504 899 386 444 839 863 48 3222 921 0 529 408 717 612 564 1160 691 367 312 540
672 868 821 546 699 737 433 520 625 464 315 397 405 734 584 630 922 680 633 3448 260 431 614 335 424 359 639 1302 704 393 95 161 946 401 1271 687 2738 462 334 702 1178 1229 718 667 1239 252 350 391 525 753 417 1356 349 421 198 542 382 1304 58 990 696 754 516 681 531 2941 1012 529 0 718 536 390 383 1251 368 677 243 260
291 193 340 588 318 356 844 399 409 658 755 635 582 353 635 509 501 820 450 3287 795 788 494 645 618 711 258 881 488 687 661 725 272 863 851 306 2577 280 745 321 757 809 298 339 819 730 516 685 665 113 630 936 760 615 560 422 793 884 693 570 457 399 977 596 410 3412 592 408 718 0 675 801 604 831 829 296 501 729
860 815 972 254 887 925 787 708 813 412 290 345 150 922 937 818 584 268 821 3370 385 784 803 283 372 247 827 964 326 222 479 411 893 398 933 875 2660 650 687 890 840 891 426 375 902 307 428 221 122 605 149 1018 702 369 551 730 736 966 511 652 884 942 513 304 719 3243 675 717 536 675 0 744 172 913 364 865 523 306
755 951 703 754 782 820 62 603 709 575 523 552 613 817 403 713 1129 888 716 3526 467 250 637 543 535 567 722 1509 911 600 334 398 1029 609 1479 728 2816 545 79 785 1386 1437 926 875 1447 459 433 599 733 836 625 1564 60 532 281 626 201 1512 365 1198 578 636 724 889 614 3019 1220 612 390 801 744 0 590 1459 575 760 326 468
707 753 856 182 733 772 633 555 660 259 170 192 41 769 784 665 558 316 668 3344 232 631 649 130 219 126 673 938 339 102 326 258 832 278 907 721 2633 497 534 736 814 865 354 303 875 154 275 100 161 534 80 992 549 215 397 577 582 940 358 626 731 789 392 317 565 3090 648 564 383 604 172 590 0 887 244 712 370 153
1043 930 1127 872 1070 1108 1502 1151 1161 1127 1038 1060 865 1105 1387 1261 368 1058 1202 3325 1100 1500 1246 998 1087 995 1010 72 686 970 1194 1126 1009 1146 57 1058 2615 1032 1403 1073 237 248 554 623 857 1023 1143 969 903 761 904 161 1418 1084 1266 1174 1451 174 1226 288 1209 1151 1261 795 1162 3958 396 1160 1251 831 913 1459 887 0 1112 1048 1239 1022
834 979 983 407 860 899 618 682 787 386 92 318 266 896 769 792 783 442 795 3569 217 616 776 257 346 137 800 1163 532 170 311 243 1057 68 1132 848 2859 624 519 863 1039 1090 580 529 1100 173 401 169 354 759 231 1217 534 342 383 704 567 1165 343 851 858 916 165 510 692 3075 873 691 368 829 364 575 244 1112 0 839 428 182
175 446 325 806 76 240 803 358 368 617 786 594 734 237 519 468 719 1010 409 3505 754 672 453 604 577 792 142 1099 705 767 620 684 524 873 1068 190 2794 239 704 280 975 1026 515 557 1036 689 475 766 854 331 746 1153 719 573 519 381 752 1101 652 787 341 283 987 814 369 3370 809 367 677 296 865 760 712 1048 839 0 460 687
455 651 604 534 482 520 370 303 409 275 376 252 393 517 520 413 909 668 416 3443 320 367 398 262 235 420 422 1289 691 426 187 251 729 462 1258 470 2733 245 270 485 1165 1217 706 655 1227 312 133 425 513 536 404 1344 285 232 134 326 319 1291 218 977 479 537 577 669 314 2937 1000 312 243 501 523 326 370 1239 428 460 0 321
683 878 832 317 709 748 511 531 636 234 129 167 176 745 661 641 692 451 644 3474 109 508 625 106 195 173 649 1072 474 207 203 135 957 216 1041 697 2764 472 411 712 948 1000 489 438 1010 35 250 205 296 668 187 1127 427 191 275 553 460 1074 235 760 707 765 330 452 541 2967 783 540 260 729 306 468 153 1022 182 687 321 0
EOF