NAME : tsp_problem
TYPE : TSP
DIMENSION : 89
EDGE_WEIGHT_TYPE : EXPLICIT
EDGE_WEIGHT_FORMAT : FULL_MATRIX
EDGE_WEIGHT_SECTION
0 810 316 317 443 128 301 966 773 804 411 569 886 773 363 1082 421 270 896 1004 782 285 630 931 811 639 432 807 974 322 429 723 4592 1047 435 953 475 627 873 437 708 428 921 909 901 907 1385 811 527 468 862 755 362 980 797 613 4578 757 1399 828 446 903 1019 815 818 813 834 1071 1000 894 323 363 281 586 824 1060 297 322 366 4575 797 618 571 740 828 241 847 971 1028
810 0 782 841 491 751 767 1477 633 1315 962 423 686 1284 469 1593 597 685 1407 1014 1293 604 807 1442 902 1150 605 606 772 787 601 1234 5103 907 607 803 651 804 1384 609 799 605 782 647 762 115 1896 102 479 644 723 975 475 777 347 1124 5089 618 1910 1338 494 111 880 1326 1329 244 695 1582 431 754 788 476 600 406 1335 1571 763 568 480 5086 347 208 287 832 1339 817 708 1482 888
316 782 0 446 415 257 176 886 744 724 468 540 857 693 335 1002 425 241 816 888 702 289 635 850 685 559 404 778 876 196 400 643 4512 948 407 828 479 632 793 408 582 432 823 881 803 878 1305 782 499 472 764 675 333 881 769 533 4498 729 1319 747 417 874 921 735 737 785 736 991 971 796 197 334 285 558 744 979 65 327 338 4495 769 590 542 615 748 323 819 891 930
317 841 446 0 474 245 431 1096 903 934 541 599 1016 903 417 1212 300 400 1027 1134 912 407 367 1061 941 769 563 937 1105 452 559 853 4723 1177 565 1083 240 364 1004 567 838 313 1052 1039 1032 937 1515 841 558 233 992 886 423 1110 828 744 4708 888 1529 958 476 933 1149 946 948 844 964 1201 1030 1024 453 424 403 617 954 1190 427 371 427 4705 828 648 601 870 958 284 977 1101 1158
443 491 415 474 0 384 400 1110 619 948 595 250 732 917 103 1226 231 319 1041 1091 926 237 440 1075 888 783 291 653 821 421 287 867 4737 893 294 990 285 437 1018 295 785 238 768 755 748 588 1530 492 208 278 708 900 109 826 478 758 4722 604 1543 972 53 584 865 960 962 494 680 1215 681 740 422 110 234 268 968 1204 396 202 113 4719 478 299 252 817 972 451 693 1115 874
128 751 257 245 384 0 242 907 714 745 352 509 827 714 304 1023 362 210 837 945 723 225 571 872 752 580 373 747 915 263 370 664 4533 987 376 894 416 568 814 378 649 369 862 850 842 848 1326 751 468 409 803 696 303 920 738 554 4519 698 1340 769 387 844 960 756 759 754 775 1012 941 835 264 303 222 527 765 1001 238 263 307 4516 738 559 512 681 769 182 788 912 969
301 767 176 431 400 242 0 797 730 635 453 525 842 604 320 912 410 226 727 799 612 274 620 761 596 470 389 763 787 107 385 554 4423 859 392 738 465 617 704 393 493 418 734 866 714 864 1216 767 484 457 675 586 318 792 754 444 4409 714 1229 658 403 860 832 646 648 770 647 902 957 707 108 319 271 543 655 890 157 312 323 4406 754 575 528 525 659 309 804 802 841
966 1477 886 1096 1110 907 797 0 1167 354 723 1235 1280 444 1030 139 1120 936 302 1071 453 984 1330 70 918 706 1099 1201 1109 722 1096 273 4499 1181 1102 1060 1175 1327 430 1104 815 1128 1056 1304 1036 1574 1292 1477 1194 1168 997 823 1029 1114 1464 520 4485 1152 1306 378 1113 1570 1154 487 489 1480 969 128 1455 1028 723 1029 981 1253 374 117 867 1022 1033 4482 1464 1285 1238 847 378 973 1242 28 1163
773 633 744 903 619 714 730 1167 0 1006 857 551 343 974 551 1283 702 648 1098 702 983 637 911 1132 499 808 488 263 431 750 484 925 4794 503 490 600 756 909 1075 492 396 709 378 366 358 730 1587 634 607 749 319 572 550 436 621 815 4780 145 1600 1029 621 726 476 1017 1019 635 291 1272 518 351 751 550 633 534 1026 1261 725 673 554 4777 621 441 415 428 1030 780 304 1172 485
804 1315 724 934 948 745 635 354 1006 0 561 1073 1119 282 868 470 958 775 407 909 291 822 1168 319 756 545 937 1039 947 561 934 91 4337 1019 940 898 1013 1165 384 942 653 966 894 1142 874 1412 1130 1316 1032 1006 835 661 867 952 1302 358 4323 990 1144 117 951 1408 992 325 327 1318 807 459 1293 867 562 868 819 1091 69 448 705 860 871 4320 1302 1123 1076 685 73 812 1080 359 1001
411 962 468 541 595 352 453 723 857 561 0 720 970 530 515 839 573 421 653 760 539 436 782 688 607 396 584 891 798 412 581 480 4349 871 587 750 627 779 630 589 504 580 746 993 725 1059 1142 962 679 620 686 512 514 804 949 370 4335 842 1156 584 598 1055 843 572 575 965 658 828 1145 718 413 514 433 738 581 817 449 474 518 4332 949 770 723 537 585 419 931 728 852
569 423 540 599 250 509 525 1235 551 1073 720 0 664 1042 228 1351 356 444 1166 1023 1051 362 565 1200 820 908 416 585 752 546 412 993 4862 825 419 921 410 562 1143 420 717 363 699 687 679 520 1655 423 150 403 640 893 234 758 410 883 4847 535 1668 1097 252 516 797 1085 1087 426 612 1340 613 672 547 235 359 112 1093 1329 521 327 238 4844 410 231 184 749 1097 576 625 1240 806
886 686 857 1016 732 827 842 1280 343 1119 970 664 0 1087 664 1396 815 761 1211 653 1096 750 1024 1245 587 921 601 105 412 863 597 1038 4907 551 603 442 869 1021 1188 605 508 822 491 208 471 782 1700 686 720 862 432 685 662 417 734 928 4893 327 1713 1142 734 778 523 1130 1132 477 404 1385 360 434 864 663 746 647 1139 1374 838 786 667 4890 734 554 527 541 1142 893 210 1285 532
773 1284 693 903 917 714 604 444 974 282 530 1042 1087 0 837 481 927 743 256 878 32 791 1137 409 725 513 906 1008 916 529 902 201 4306 988 909 867 981 1134 233 910 622 935 863 1111 843 1381 1099 1284 1001 974 804 629 835 921 1271 327 4292 959 1112 306 920 1376 960 89 92 1287 775 470 1262 835 530 836 788 1060 302 459 674 829 840 4289 1271 1092 1044 654 306 780 1049 449 969
363 469 335 417 103 304 320 1030 551 868 515 228 664 837 0 1146 173 239 961 1024 846 180 383 995 820 703 211 585 753 341 207 787 4657 825 213 922 228 380 938 215 717 181 700 688 680 566 1449 470 187 221 641 820 29 758 457 678 4642 536 1463 892 105 562 797 880 882 473 613 1135 659 672 342 30 176 246 888 1124 316 145 33 4639 457 277 230 750 892 371 626 1035 806
1082 1593 1002 1212 1226 1023 912 139 1283 470 839 1351 1396 481 1146 0 1236 1052 249 1187 490 1100 1446 186 1034 822 1215 1317 1225 838 1211 389 4615 1297 1218 1176 1290 1443 378 1219 931 1243 1172 1420 1152 1689 1408 1593 1310 1283 1113 938 1144 1230 1580 636 4601 1268 1421 494 1228 1685 1269 524 526 1596 1084 76 1571 1144 839 1145 1096 1369 490 64 983 1138 1149 4598 1580 1401 1353 963 494 1089 1357 144 1278
421 597 425 300 231 362 410 1120 702 958 573 356 815 927 173 1236 0 329 1051 1123 936 163 267 1085 920 793 361 736 903 431 358 877 4747 976 364 1062 111 264 1028 366 817 69 850 838 830 694 1539 598 314 104 791 909 179 909 584 768 4732 686 1553 982 233 690 948 970 972 600 763 1225 787 823 432 180 160 374 978 1214 406 128 184 4729 584 405 358 849 982 428 776 1125 957
270 685 241 400 319 210 226 936 648 775 421 444 761 743 239 1052 329 0 867 939 752 193 538 901 736 609 307 682 849 247 304 694 4563 922 310 878 383 535 844 312 633 336 797 784 776 782 1356 686 402 376 737 726 237 855 672 584 4548 632 1369 798 321 778 894 786 788 688 709 1041 875 769 248 238 189 462 795 1030 222 230 241 4546 672 493 446 665 798 277 722 941 903
896 1407 816 1027 1041 837 727 302 1098 407 653 1166 1211 256 961 249 1051 867 0 1001 265 915 1260 349 848 637 1030 1132 1039 653 1026 326 4430 1112 1032 991 1105 1257 152 1034 745 1058 987 1234 966 1504 1222 1408 1125 1098 927 753 959 1045 1395 450 4415 1082 1236 431 1043 1500 1084 298 300 1410 899 238 1386 959 654 960 911 1184 427 227 797 952 964 4412 1395 1215 1168 778 431 904 1172 306 1093
1004 1014 888 1134 1091 945 799 1071 702 909 760 1023 653 878 1024 1187 1123 939 1001 0 887 987 1333 1036 309 530 960 574 480 725 956 828 4697 619 963 249 1177 1330 978 964 349 1130 590 615 570 1111 1490 1014 1079 1170 524 294 1022 486 1093 718 4683 686 1504 933 1094 1107 592 920 923 806 503 1176 688 503 726 1023 983 1006 929 1165 869 1025 1026 4680 1093 913 887 316 933 1011 679 1076 601
782 1293 702 912 926 723 612 453 983 291 539 1051 1096 32 846 490 936 752 265 887 0 800 1146 418 734 522 915 1017 925 538 911 210 4315 997 918 876 990 1143 241 919 631 943 872 1120 852 1389 1108 1293 1010 983 813 638 844 930 1280 336 4301 968 1121 315 928 1385 969 98 101 1296 784 479 1271 844 539 845 796 1069 311 468 682 838 849 4298 1280 1101 1053 663 315 789 1057 458 978
285 604 289 407 237 225 274 984 637 822 436 362 750 791 180 1100 163 193 915 987 800 0 373 949 784 657 296 670 838 295 293 741 4611 910 299 926 217 370 891 301 681 171 785 773 765 700 1403 604 321 210 726 773 186 843 591 631 4596 621 1417 846 239 696 883 833 836 607 698 1089 793 758 296 187 24 380 842 1078 270 65 190 4593 591 412 364 713 846 292 711 989 892
630 807 635 367 440 571 620 1330 911 1168 782 565 1024 1137 383 1446 267 538 1260 1333 1146 373 0 1295 1129 1003 571 945 1113 640 567 1087 4956 1185 574 1272 206 54 1237 575 1026 279 1060 1048 1040 904 1749 807 524 199 1001 1119 389 1118 794 977 4942 896 1763 1192 443 900 1158 1179 1182 810 973 1435 997 1033 641 390 369 583 1188 1424 616 338 394 4939 794 615 568 1059 1192 630 986 1335 1167
931 1442 850 1061 1075 872 761 70 1132 319 688 1200 1245 409 995 186 1085 901 349 1036 418 949 1295 0 883 671 1064 1166 1074 687 1060 238 4464 1146 1067 1025 1139 1292 477 1068 780 1092 1021 1269 1001 1538 1257 1442 1159 1132 962 787 993 1079 1429 485 4450 1117 1270 342 1077 1534 1118 451 454 1445 933 175 1420 993 688 994 945 1218 339 164 831 987 998 4447 1429 1250 1202 812 343 938 1206 75 1127
811 902 685 941 888 752 596 918 499 756 607 820 587 725 820 1034 920 736 848 309 734 784 1129 883 0 415 757 508 415 522 753 675 4544 512 759 183 974 1126 825 761 146 927 387 549 367 999 1337 903 876 967 328 179 818 420 890 565 4530 483 1351 780 890 995 485 767 770 740 300 1023 622 360 523 819 780 803 776 1012 666 821 823 4527 890 710 683 112 780 818 573 923 494
639 1150 559 769 783 580 470 706 808 545 396 908 921 513 703 822 793 609 637 530 522 657 1003 671 415 0 772 842 750 396 769 464 4333 822 775 555 848 1000 614 777 456 801 697 921 677 1247 1126 1151 867 841 638 282 702 755 1137 354 4319 793 1139 568 786 1243 794 556 558 1112 609 811 994 669 397 702 654 926 565 800 540 695 706 4316 1137 958 911 422 568 647 882 711 803
432 605 404 563 291 373 389 1099 488 937 584 416 601 906 211 1215 361 307 1030 960 915 296 571 1064 757 772 0 522 689 410 80 856 4726 762 72 858 416 568 1006 74 654 369 636 624 616 702 1518 605 375 409 577 830 209 695 592 746 4711 472 1532 961 293 697 734 948 951 608 549 1204 776 609 411 210 293 434 957 1193 385 333 214 4708 592 413 386 686 961 440 562 1104 743
807 606 778 937 653 747 763 1201 263 1039 891 585 105 1008 585 1317 736 682 1132 574 1017 670 945 1166 508 842 522 0 332 784 518 958 4828 471 524 363 790 942 1109 526 429 743 412 129 392 703 1620 607 641 783 353 605 583 338 654 849 4813 248 1634 1063 655 699 444 1051 1053 398 325 1306 281 355 785 584 667 568 1059 1295 759 707 588 4810 654 475 448 462 1063 814 131 1206 453
974 772 876 1105 821 915 787 1109 431 947 798 752 412 916 753 1225 903 849 1039 480 925 838 1113 1074 415 750 689 332 0 713 686 866 4735 239 692 269 958 1110 1016 694 337 911 245 373 300 869 1528 773 809 951 144 513 751 105 822 756 4721 416 1542 971 823 865 211 958 961 564 232 1214 446 122 714 752 835 736 967 1203 857 875 756 4718 822 643 616 369 971 982 437 1114 220
322 787 196 452 421 263 107 722 750 561 412 546 863 529 341 838 431 247 653 725 538 295 640 687 522 396 410 784 713 0 406 480 4349 785 412 664 485 637 630 414 419 438 660 886 640 884 1142 788 505 478 601 512 339 718 775 370 4335 735 1155 584 423 880 758 572 574 791 573 827 977 632 34 340 291 564 581 816 177 332 344 4332 775 595 548 451 584 329 824 727 766
429 601 400 559 287 370 385 1096 484 934 581 412 597 902 207 1211 358 304 1026 956 911 293 567 1060 753 769 80 518 686 406 0 853 4722 758 83 855 412 565 1003 85 650 365 633 621 613 698 1515 602 371 405 574 826 206 691 588 743 4708 469 1528 957 290 694 730 945 947 604 545 1201 772 605 407 206 289 430 954 1189 381 329 210 4705 588 409 382 682 958 436 558 1100 739
723 1234 643 853 867 664 554 273 925 91 480 993 1038 201 787 389 877 694 326 828 210 741 1087 238 675 464 856 958 866 480 853 0 4256 938 859 817 932 1084 303 861 572 885 813 1061 793 1331 1049 1235 951 925 754 580 786 871 1221 277 4242 909 1063 115 870 1327 911 244 246 1237 726 378 1212 786 481 787 738 1010 111 367 624 779 790 4239 1221 1042 995 604 115 731 999 278 920
4666 5177 4586 4796 4810 4607 4497 4573 4868 4411 4423 4935 4980 4380 4730 4689 4820 4636 4503 4771 4389 4684 5030 4538 4618 4406 4799 4901 4809 4422 4796 4330 0 4881 4802 4760 4875 5027 4480 4804 4515 4828 4756 5004 4736 5274 3630 5177 4894 4868 4697 4523 4729 4814 5164 4148 98 4852 3644 4434 4813 5270 4854 4422 4424 5180 4669 4678 5155 4729 4424 4729 4681 4953 4431 4667 4567 4722 4733 95 5164 4985 4938 4547 4435 4674 4942 4578 4863
1047 907 948 1177 893 987 859 1181 503 1019 871 825 551 988 825 1297 976 922 1112 619 997 910 1185 1146 512 822 762 471 239 785 758 938 4808 0 764 408 1030 1182 1088 766 409 983 317 512 372 1004 1600 908 881 1023 216 585 823 244 894 828 4793 488 1614 1043 895 1000 56 1030 1033 703 305 1286 585 195 786 824 907 808 1039 1275 929 947 828 4790 894 715 688 442 1043 1054 576 1186 65
435 607 407 565 294 376 392 1102 490 940 587 419 603 909 213 1218 364 310 1032 963 918 299 574 1067 759 775 72 524 692 412 83 859 4728 764 0 861 418 571 1009 77 656 371 639 627 619 704 1521 608 377 411 580 832 212 697 595 749 4714 475 1535 963 296 700 737 951 953 611 552 1207 779 611 413 213 295 436 960 1195 387 335 216 4711 595 415 389 689 964 442 565 1107 746
953 803 828 1083 990 894 738 1060 600 898 750 921 442 867 922 1176 1062 878 991 249 876 926 1272 1025 183 555 858 363 269 664 855 817 4687 408 861 0 1116 1269 968 863 288 1069 414 404 469 900 1479 803 978 1109 313 318 920 275 909 708 4672 585 1493 922 992 896 381 910 912 595 402 1165 477 292 665 921 922 905 918 1154 809 964 925 4669 909 770 785 255 922 961 468 1065 390
475 651 479 240 285 416 465 1175 756 1013 627 410 869 981 228 1290 111 383 1105 1177 990 217 206 1139 974 848 416 790 958 485 412 932 4801 1030 418 1116 0 203 1082 420 871 124 905 892 885 748 1594 652 369 43 846 964 234 963 639 822 4787 741 1607 1036 287 744 1002 1024 1026 655 817 1280 841 877 486 234 214 428 1033 1268 460 182 238 4784 639 459 412 903 1037 482 830 1179 1011
627 804 632 364 437 568 617 1327 909 1165 779 562 1021 1134 380 1443 264 535 1257 1330 1143 370 54 1292 1126 1000 568 942 1110 637 565 1084 4953 1182 571 1269 203 0 1234 572 1023 276 1057 1045 1037 901 1746 804 521 196 998 1116 386 1115 791 974 4939 893 1760 1189 440 897 1155 1176 1179 807 970 1432 994 1030 639 387 366 580 1185 1421 613 335 391 4936 791 612 565 1056 1189 627 983 1332 1164
873 1384 793 1004 1018 814 704 430 1075 384 630 1143 1188 233 938 378 1028 844 152 978 241 891 1237 477 825 614 1006 1109 1016 630 1003 303 4406 1088 1009 968 1082 1234 0 1011 722 1035 963 1211 943 1481 1199 1385 1101 1075 904 730 936 1021 1371 427 4392 1059 1213 407 1020 1477 1061 275 277 1387 876 367 1363 936 631 937 888 1161 404 356 774 929 940 4389 1371 1192 1145 755 408 881 1149 435 1070
437 609 408 567 295 378 393 1104 492 942 589 420 605 910 215 1219 366 312 1034 964 919 301 575 1068 761 777 74 526 694 414 85 861 4730 766 77 863 420 572 1011 0 658 373 641 629 621 706 1523 610 379 413 582 834 213 699 596 751 4716 477 1536 965 298 702 738 953 955 612 553 1209 780 613 415 214 297 438 962 1197 389 337 218 4713 596 417 390 690 966 444 566 1108 747
708 799 582 838 785 649 493 815 396 653 504 717 508 622 717 931 817 633 745 349 631 681 1026 780 146 456 654 429 337 419 650 572 4441 409 656 288 871 1023 722 658 0 824 284 532 264 896 1234 800 773 864 225 219 715 342 787 462 4427 380 1248 677 787 892 382 664 667 801 197 920 683 257 420 716 677 700 673 909 563 718 720 4424 787 607 580 75 677 715 470 820 391
428 605 432 313 238 369 418 1128 709 966 580 363 822 935 181 1243 69 336 1058 1130 943 171 279 1092 927 801 369 743 911 438 365 885 4754 983 371 1069 124 276 1035 373 824 0 858 846 838 701 1547 605 322 117 799 917 187 916 592 775 4740 694 1560 989 240 697 955 977 979 608 770 1233 794 830 439 188 167 381 986 1221 413 135 191 4737 592 412 365 856 990 436 783 1133 964
921 782 823 1052 768 862 734 1056 378 894 746 699 491 863 700 1172 850 797 987 590 872 785 1060 1021 387 697 636 412 245 660 633 813 4683 317 639 414 905 1057 963 641 284 858 0 515 247 879 1475 783 756 898 133 460 698 250 769 703 4668 363 1489 918 770 875 290 905 908 709 180 1161 591 164 661 699 782 683 914 1150 804 822 703 4665 769 590 563 317 918 929 453 1061 299
909 647 881 1039 755 850 866 1304 366 1142 993 687 208 1111 688 1420 838 784 1234 615 1120 773 1048 1269 549 921 624 129 373 886 621 1061 4930 512 627 404 892 1045 1211 629 532 846 515 0 495 744 1723 648 743 885 417 684 686 379 754 951 4916 351 1737 1165 758 740 485 1153 1156 439 427 1409 322 396 887 687 769 671 1162 1398 862 809 690 4913 754 578 551 564 1166 917 234 1309 494
901 762 803 1032 748 842 714 1036 358 874 725 679 471 843 680 1152 830 776 966 570 852 765 1040 1001 367 677 616 392 300 640 613 793 4662 372 619 469 885 1037 943 621 264 838 247 495 0 859 1455 762 736 878 188 440 678 305 749 683 4648 343 1469 898 750 855 344 885 888 764 91 1141 646 219 641 679 762 663 894 1130 784 802 683 4645 749 570 543 296 898 909 432 1041 353
907 115 878 937 588 848 864 1574 730 1412 1059 520 782 1381 566 1689 694 782 1504 1111 1389 700 904 1538 999 1247 702 703 869 884 698 1331 5200 1004 704 900 748 901 1481 706 896 701 879 744 859 0 1993 199 576 741 820 1072 572 874 444 1221 5186 715 2007 1435 590 52 976 1423 1425 341 791 1679 528 851 885 573 697 503 1432 1667 859 665 577 5183 444 305 384 928 1436 914 804 1579 985
1385 1896 1305 1515 1530 1326 1216 1292 1587 1130 1142 1655 1700 1099 1449 1408 1539 1356 1222 1490 1108 1403 1749 1257 1337 1126 1518 1620 1528 1142 1515 1049 3557 1600 1521 1479 1594 1746 1199 1523 1234 1547 1475 1723 1455 1993 0 1897 1613 1587 1416 1242 1448 1533 1883 867 3542 1571 82 1154 1532 1989 1573 1141 1144 1899 1388 1397 1874 1448 1143 1449 1400 1672 1150 1386 1286 1441 1452 3540 1883 1704 1657 1266 1154 1393 1661 1297 1582
811 102 782 841 492 751 767 1477 634 1316 962 423 686 1284 470 1593 598 686 1408 1014 1293 604 807 1442 903 1151 605 607 773 788 602 1235 5104 908 608 803 652 804 1385 610 800 605 783 648 762 199 1897 0 480 645 723 976 476 778 348 1125 5090 618 1910 1339 494 195 880 1327 1329 245 695 1582 431 755 789 477 601 407 1336 1571 763 569 481 5087 348 209 287 832 1339 818 708 1482 889
527 479 499 558 208 468 484 1194 607 1032 679 150 720 1001 187 1310 314 402 1125 1079 1010 321 524 1159 876 867 375 641 809 505 371 951 4821 881 377 978 369 521 1101 379 773 322 756 743 736 576 1613 480 0 362 697 949 193 814 467 841 4806 592 1627 1056 211 572 853 1043 1046 483 668 1299 669 728 506 194 317 168 1052 1288 480 286 197 4803 467 287 240 805 1056 535 681 1199 862
468 644 472 233 278 409 457 1168 749 1006 620 403 862 974 221 1283 104 376 1098 1170 983 210 199 1132 967 841 409 783 951 478 405 925 4794 1023 411 1109 43 196 1075 413 864 117 898 885 878 741 1587 645 362 0 838 957 227 956 632 815 4780 734 1600 1029 280 737 995 1017 1019 648 810 1273 834 870 479 227 207 421 1026 1261 453 175 231 4777 632 452 405 896 1030 475 823 1172 1004
862 723 764 992 708 803 675 997 319 835 686 640 432 804 641 1113 791 737 927 524 813 726 1001 962 328 638 577 353 144 601 574 754 4623 216 580 313 846 998 904 582 225 799 133 417 188 820 1416 723 697 838 0 401 639 149 710 644 4609 304 1430 858 711 816 189 846 849 608 120 1102 490 63 602 640 723 624 855 1091 745 762 644 4606 710 531 504 257 859 870 393 1002 197
755 975 675 886 900 696 586 823 572 661 512 893 685 629 820 938 909 726 753 294 638 773 1119 787 179 282 830 605 513 512 826 580 4449 585 832 318 964 1116 730 834 219 917 460 684 440 1072 1242 976 949 957 401 0 818 518 963 470 4435 556 1255 684 902 1068 558 672 674 875 373 927 757 433 513 819 770 876 681 916 656 811 822 4432 963 783 756 185 685 763 646 827 567
362 475 333 423 109 303 318 1029 550 867 514 234 662 835 29 1144 179 237 959 1022 844 186 389 993 818 702 209 583 751 339 206 786 4655 823 212 920 234 386 936 213 715 187 698 686 678 572 1448 476 193 227 639 818 0 756 463 676 4641 534 1461 890 111 568 796 878 880 479 611 1134 665 671 340 28 182 252 887 1122 314 151 32 4638 463 283 236 748 891 369 624 1033 805
980 777 881 1110 826 920 792 1114 436 952 804 758 417 921 758 1230 909 855 1045 486 930 843 1118 1079 420 755 695 338 105 718 691 871 4741 244 697 275 963 1115 1021 699 342 916 250 379 305 874 1533 778 814 956 149 518 756 0 827 762 4726 421 1547 976 828 870 217 963 966 569 238 1219 452 128 719 757 840 741 972 1208 862 880 761 4723 827 648 621 375 976 987 443 1119 226
797 347 769 828 478 738 754 1464 621 1302 949 410 734 1271 457 1580 584 672 1395 1093 1280 591 794 1429 890 1137 592 654 822 775 588 1221 5091 894 595 909 639 791 1371 596 787 592 769 754 749 444 1883 348 467 632 710 963 463 827 0 1111 5076 605 1897 1326 481 440 867 1313 1316 350 682 1569 537 742 776 464 587 394 1322 1558 750 556 467 5073 72 196 274 819 1326 805 695 1469 876
613 1124 533 744 758 554 444 520 815 358 370 883 928 327 678 636 768 584 450 718 336 631 977 485 565 354 746 849 756 370 743 277 4074 828 749 708 822 974 427 751 462 775 703 951 683 1221 867 1125 841 815 644 470 676 762 1111 0 4060 799 880 382 760 1217 801 369 372 1127 616 625 1103 676 371 677 628 901 378 614 514 669 680 4057 1111 932 885 495 382 621 889 525 810
4652 5163 4571 4782 4796 4593 4482 4558 4853 4397 4409 4921 4966 4365 4716 4674 4806 4622 4489 4757 4374 4670 5016 4523 4604 4392 4785 4887 4795 4408 4781 4316 98 4867 4787 4746 4860 5013 4466 4789 4501 4813 4742 4990 4722 5259 3616 5163 4880 4853 4683 4508 4714 4800 5150 4133 0 4838 3630 4420 4798 5255 4839 4408 4410 5166 4654 4663 5141 4714 4409 4715 4666 4939 4417 4652 4552 4708 4719 81 5150 4970 4923 4533 4421 4659 4927 4563 4848
757 618 729 888 604 698 714 1152 145 990 842 535 327 959 536 1268 686 632 1082 686 968 621 896 1117 483 793 472 248 416 735 469 909 4778 488 475 585 741 893 1059 477 380 694 363 351 343 715 1571 618 592 734 304 556 534 421 605 799 4764 0 1585 1014 606 711 460 1001 1004 620 275 1257 502 335 736 535 618 519 1010 1246 710 658 539 4761 605 426 399 412 1014 765 288 1157 469
1399 1910 1319 1529 1543 1340 1229 1306 1600 1144 1156 1668 1713 1112 1463 1421 1553 1369 1236 1504 1121 1417 1763 1270 1351 1139 1532 1634 1542 1155 1528 1063 3570 1614 1535 1493 1607 1760 1213 1536 1248 1560 1489 1737 1469 2007 82 1910 1627 1600 1430 1255 1461 1547 1897 880 3556 1585 0 1167 1545 2002 1586 1155 1157 1913 1401 1411 1888 1461 1156 1462 1413 1686 1164 1399 1300 1455 1466 3553 1897 1718 1670 1280 1168 1406 1675 1310 1595
828 1338 747 958 972 769 658 378 1029 117 584 1097 1142 306 892 494 982 798 431 933 315 846 1192 342 780 568 961 1063 971 584 957 115 4361 1043 963 922 1036 1189 407 965 677 989 918 1165 898 1435 1154 1339 1056 1029 858 684 890 976 1326 382 4346 1014 1167 0 974 1431 1015 348 351 1342 830 483 1317 890 585 891 842 1115 138 471 728 884 895 4344 1326 1146 1099 709 141 835 1103 383 1024
446 494 417 476 53 387 403 1113 621 951 598 252 734 920 105 1228 233 321 1043 1094 928 239 443 1077 890 786 293 655 823 423 290 870 4739 895 296 992 287 440 1020 298 787 240 770 758 750 590 1532 494 211 280 711 902 111 828 481 760 4725 606 1545 974 0 586 868 962 964 497 683 1218 683 742 424 112 236 270 971 1206 398 204 116 4722 481 301 254 820 975 453 696 1118 877
903 111 874 933 584 844 860 1570 726 1408 1055 516 778 1376 562 1685 690 778 1500 1107 1385 696 900 1534 995 1243 697 699 865 880 694 1327 5196 1000 700 896 744 897 1477 702 892 697 875 740 855 52 1989 195 572 737 816 1068 568 870 440 1217 5182 711 2002 1431 586 0 972 1419 1421 337 787 1675 523 847 881 569 693 499 1428 1663 855 661 573 5179 440 301 379 924 1432 910 800 1574 981
1019 880 921 1149 865 960 832 1154 476 992 843 797 523 960 797 1269 948 894 1084 592 969 883 1158 1118 485 794 734 444 211 758 730 911 4780 56 737 381 1002 1155 1061 738 382 955 290 485 344 976 1573 880 853 995 189 558 796 217 867 801 4766 460 1586 1015 868 972 0 1003 1005 675 277 1259 558 167 759 797 879 780 1012 1247 902 919 800 4763 867 687 661 414 1016 1026 549 1158 38
815 1326 735 946 960 756 646 487 1017 325 572 1085 1130 89 880 524 970 786 298 920 98 833 1179 451 767 556 948 1051 958 572 945 244 4348 1030 951 910 1024 1176 275 953 664 977 905 1153 885 1423 1141 1327 1043 1017 846 672 878 963 1313 369 4334 1001 1155 348 962 1419 1003 0 46 1329 818 513 1305 878 573 879 830 1103 345 502 716 871 882 4331 1313 1134 1087 697 349 823 1091 492 1012
818 1329 737 948 962 759 648 489 1019 327 575 1087 1132 92 882 526 972 788 300 923 101 836 1182 454 770 558 951 1053 961 574 947 246 4351 1033 953 912 1026 1179 277 955 667 979 908 1156 888 1425 1144 1329 1046 1019 849 674 880 966 1316 372 4337 1004 1157 351 964 1421 1005 46 0 1332 820 515 1307 880 575 881 832 1105 347 504 718 874 885 4334 1316 1136 1089 699 351 825 1093 494 1014
813 244 785 844 494 754 770 1480 635 1318 965 426 477 1287 473 1596 600 688 1410 806 1296 607 810 1445 740 1112 608 398 564 791 604 1237 5106 703 611 595 655 807 1387 612 801 608 709 439 764 341 1899 245 483 648 608 875 479 569 350 1127 5092 620 1913 1342 497 337 675 1329 1332 0 696 1585 222 586 792 479 603 410 1338 1574 766 572 483 5089 350 212 290 811 1342 821 503 1485 684
834 695 736 964 680 775 647 969 291 807 658 612 404 775 613 1084 763 709 899 503 784 698 973 933 300 609 549 325 232 573 545 726 4595 305 552 402 817 970 876 553 197 770 180 427 91 791 1388 695 668 810 120 373 611 238 682 616 4581 275 1401 830 683 787 277 818 820 696 0 1074 579 152 574 612 694 595 827 1062 717 734 615 4578 682 502 476 229 831 841 365 973 286
1071 1582 991 1201 1215 1012 902 128 1272 459 828 1340 1385 470 1135 76 1225 1041 238 1176 479 1089 1435 175 1023 811 1204 1306 1214 827 1201 378 4604 1286 1207 1165 1280 1432 367 1209 920 1233 1161 1409 1141 1679 1397 1582 1299 1273 1102 927 1134 1219 1569 625 4590 1257 1411 483 1218 1675 1259 513 515 1585 1074 0 1560 1133 828 1134 1086 1358 479 54 972 1127 1138 4587 1569 1390 1343 952 483 1078 1347 133 1268
1000 431 971 1030 681 941 957 1455 518 1293 1145 613 360 1262 659 1571 787 875 1386 688 1271 793 997 1420 622 994 776 281 446 977 772 1212 5082 585 779 477 841 994 1363 780 683 794 591 322 646 528 1874 431 669 834 490 757 665 452 537 1103 5067 502 1888 1317 683 523 558 1305 1307 222 579 1560 0 469 978 666 790 596 1313 1549 952 758 670 5064 537 398 477 694 1317 1007 385 1460 567
894 754 796 1024 740 835 707 1028 351 867 718 672 434 835 672 1144 823 769 959 503 844 758 1033 993 360 669 609 355 122 632 605 786 4655 195 611 292 877 1030 936 613 257 830 164 396 219 851 1448 755 728 870 63 433 671 128 742 676 4641 335 1461 890 742 847 167 878 880 586 152 1133 469 0 633 671 754 655 887 1122 777 794 675 4638 742 562 536 289 891 901 425 1033 176
323 788 197 453 422 264 108 723 751 562 413 547 864 530 342 839 432 248 654 726 539 296 641 688 523 397 411 785 714 34 407 481 4350 786 413 665 486 639 631 415 420 439 661 887 641 885 1143 789 506 479 602 513 340 719 776 371 4336 736 1156 585 424 881 759 573 575 792 574 828 978 633 0 341 292 565 582 817 178 333 345 4333 776 596 549 452 586 330 825 728 768
363 476 334 424 110 303 319 1029 550 868 514 235 663 836 30 1145 180 238 960 1023 845 187 390 994 819 702 210 584 752 340 206 787 4656 824 213 921 234 387 937 214 716 188 699 687 679 573 1449 477 194 227 640 819 28 757 464 677 4641 535 1462 891 112 569 797 879 881 479 612 1134 666 671 341 0 183 253 888 1123 315 151 32 4639 464 284 237 749 891 370 625 1034 805
281 600 285 403 234 222 271 981 633 819 433 359 746 788 176 1096 160 189 911 983 796 24 369 945 780 654 293 667 835 291 289 738 4607 907 295 922 214 366 888 297 677 167 782 769 762 697 1400 601 317 207 723 770 182 840 587 628 4593 618 1413 842 236 693 879 830 832 603 694 1086 790 754 292 183 0 377 839 1074 266 61 187 4590 587 408 361 709 843 289 707 986 888
586 406 558 617 268 527 543 1253 534 1091 738 112 647 1060 246 1369 374 462 1184 1006 1069 380 583 1218 803 926 434 568 736 564 430 1010 4880 808 436 905 428 580 1161 438 700 381 683 671 663 503 1672 407 168 421 624 876 252 741 394 901 4865 519 1686 1115 270 499 780 1103 1105 410 595 1358 596 655 565 253 377 0 1111 1347 539 345 256 4862 394 214 167 733 1115 594 608 1258 789
824 1335 744 954 968 765 655 374 1026 69 581 1093 1139 302 888 490 978 795 427 929 311 842 1188 339 776 565 957 1059 967 581 954 111 4357 1039 960 918 1033 1185 404 962 673 986 914 1162 894 1432 1150 1336 1052 1026 855 681 887 972 1322 378 4343 1010 1164 138 971 1428 1012 345 347 1338 827 479 1313 887 582 888 839 1111 0 468 725 880 891 4340 1322 1143 1096 705 52 832 1100 379 1021
1060 1571 979 1190 1204 1001 890 117 1261 448 817 1329 1374 459 1124 64 1214 1030 227 1165 468 1078 1424 164 1012 800 1193 1295 1203 816 1189 367 4593 1275 1195 1154 1268 1421 356 1197 909 1221 1150 1398 1130 1667 1386 1571 1288 1261 1091 916 1122 1208 1558 614 4579 1246 1399 471 1206 1663 1247 502 504 1574 1062 54 1549 1122 817 1123 1074 1347 468 0 960 1116 1127 4576 1558 1378 1331 941 472 1067 1335 122 1256
297 763 65 427 396 238 157 867 725 705 449 521 838 674 316 983 406 222 797 869 682 270 616 831 666 540 385 759 857 177 381 624 4493 929 387 809 460 613 774 389 563 413 804 862 784 859 1286 763 480 453 745 656 314 862 750 514 4479 710 1300 728 398 855 902 716 718 766 717 972 952 777 178 315 266 539 725 960 0 308 319 4476 750 570 523 596 729 304 800 872 911
322 568 327 371 202 263 312 1022 673 860 474 327 786 829 145 1138 128 230 952 1025 838 65 338 987 821 695 333 707 875 332 329 779 4648 947 335 964 182 335 929 337 718 135 822 809 802 665 1441 569 286 175 762 811 151 880 556 669 4634 658 1455 884 204 661 919 871 874 572 734 1127 758 794 333 151 61 345 880 1116 308 0 155 4631 556 376 329 751 884 330 747 1027 928
366 480 338 427 113 307 323 1033 554 871 518 238 667 840 33 1149 184 241 964 1026 849 190 394 998 823 706 214 588 756 344 210 790 4660 828 216 925 238 391 940 218 720 191 703 690 683 577 1452 481 197 231 644 822 32 761 467 680 4645 539 1466 895 116 573 800 882 885 483 615 1138 670 675 345 32 187 256 891 1127 319 155 0 4642 467 288 241 752 895 374 628 1038 809
4649 5160 4569 4779 4793 4590 4479 4556 4850 4394 4406 4918 4963 4362 4713 4671 4803 4619 4486 4754 4371 4667 5013 4520 4601 4389 4782 4884 4792 4405 4778 4313 95 4864 4785 4743 4857 5010 4463 4786 4498 4810 4739 4987 4719 5256 3613 5160 4877 4850 4680 4505 4711 4797 5147 4130 81 4835 3627 4417 4795 5252 4836 4405 4407 5163 4651 4661 5138 4711 4406 4712 4663 4936 4414 4649 4550 4705 4716 0 5147 4968 4920 4530 4418 4656 4924 4560 4845
797 347 769 828 478 738 754 1464 621 1302 949 410 734 1271 457 1580 584 672 1395 1093 1280 591 794 1429 890 1137 592 654 822 775 588 1221 5091 894 595 909 639 791 1371 596 787 592 769 754 749 444 1883 348 467 632 710 963 463 827 72 1111 5076 605 1897 1326 481 440 867 1313 1316 350 682 1569 537 742 776 464 587 394 1322 1558 750 556 467 5073 0 196 274 819 1326 805 695 1469 876
618 208 590 648 299 559 575 1285 441 1123 770 231 554 1092 277 1401 405 493 1215 913 1101 412 615 1250 710 958 413 475 643 595 409 1042 4911 715 415 770 459 612 1192 417 607 412 590 578 570 305 1704 209 287 452 531 783 283 648 196 932 4897 426 1718 1146 301 301 687 1134 1136 212 502 1390 398 562 596 284 408 214 1143 1378 570 376 288 4894 196 0 95 640 1147 625 515 1290 696
571 287 542 601 252 512 528 1238 415 1076 723 184 527 1044 230 1353 358 446 1168 887 1053 364 568 1202 683 911 386 448 616 548 382 995 4864 688 389 785 412 565 1145 390 580 365 563 551 543 384 1657 287 240 405 504 756 236 621 274 885 4850 399 1670 1099 254 379 661 1087 1089 290 476 1343 477 536 549 237 361 167 1096 1331 523 329 241 4847 274 95 0 613 1100 578 489 1242 670
740 832 615 870 817 681 525 847 428 685 537 749 541 654 750 963 849 665 778 316 663 713 1059 812 112 422 686 462 369 451 682 604 4474 442 689 255 903 1056 755 690 75 856 317 564 296 928 1266 832 805 896 257 185 748 375 819 495 4459 412 1280 709 820 924 414 697 699 811 229 952 694 289 452 749 709 733 705 941 596 751 752 4456 819 640 613 0 709 748 502 852 423
828 1339 748 958 972 769 659 378 1030 73 585 1097 1142 306 892 494 982 798 431 933 315 846 1192 343 780 568 961 1063 971 584 958 115 4361 1043 964 922 1037 1189 408 966 677 990 918 1166 898 1436 1154 1339 1056 1030 859 685 891 976 1326 382 4347 1014 1168 141 975 1432 1016 349 351 1342 831 483 1317 891 586 891 843 1115 52 472 729 884 895 4344 1326 1147 1100 709 0 836 1104 383 1025
241 817 323 284 451 182 309 973 780 812 419 576 893 780 371 1089 428 277 904 1011 789 292 630 938 818 647 440 814 982 329 436 731 4600 1054 442 961 482 627 881 444 715 436 929 917 909 914 1393 818 535 475 870 763 369 987 805 621 4586 765 1406 835 453 910 1026 823 825 821 841 1078 1007 901 330 370 289 594 832 1067 304 330 374 4583 805 625 578 748 836 0 854 978 1035
847 708 819 977 693 788 804 1242 304 1080 931 625 210 1049 626 1357 776 722 1172 679 1057 711 986 1206 573 882 562 131 437 824 558 999 4868 576 565 468 830 983 1149 566 470 783 453 234 432 804 1661 708 681 823 393 646 624 443 695 889 4854 288 1675 1103 696 800 549 1091 1093 503 365 1347 385 425 825 625 707 608 1100 1335 800 747 628 4851 695 515 489 502 1104 854 0 1247 558
971 1482 891 1101 1115 912 802 28 1172 359 728 1240 1285 449 1035 144 1125 941 306 1076 458 989 1335 75 923 711 1104 1206 1114 727 1100 278 4504 1186 1107 1065 1179 1332 435 1108 820 1133 1061 1309 1041 1579 1297 1482 1199 1172 1002 827 1033 1119 1469 525 4490 1157 1310 383 1118 1574 1158 492 494 1485 973 133 1460 1033 728 1034 986 1258 379 122 872 1027 1038 4487 1469 1290 1242 852 383 978 1247 0 1167
1028 888 930 1158 874 969 841 1163 485 1001 852 806 532 969 806 1278 957 903 1093 601 978 892 1167 1127 494 803 743 453 220 766 739 920 4789 65 746 390 1011 1164 1070 747 391 964 299 494 353 985 1582 889 862 1004 197 567 805 226 876 810 4775 469 1595 1024 877 981 38 1012 1014 684 286 1268 567 176 768 805 888 789 1021 1256 911 928 809 4772 876 696 670 423 1025 1035 558 1167 0
EOF
