NAME : tsp_problem
TYPE : TSP
DIMENSION : 84
EDGE_WEIGHT_TYPE : EXPLICIT
EDGE_WEIGHT_FORMAT : FULL_MATRIX
EDGE_WEIGHT_SECTION
0 852 1235 1125 89 1110 146 1150 990 1138 288 416 1219 1323 1150 62 1158 1072 1192 1173 1196 434 1045 1061 1141 1217 1237 88 887 1064 1221 1076 1303 1148 978 1198 5610 1168 980 1312 1061 1215 934 782 1052 1159 1037 341 953 1227 1090 1120 907 270 1222 67 652 1110 2339 824 1053 1138 761 1116 1191 745 990 1157 1051 660 1415 1426 1286 1124 830 1014 1508 1613 77 1158 1027 939 698 1311
852 0 963 786 925 307 855 890 890 799 703 673 916 1062 890 898 512 449 570 913 698 570 785 439 881 571 833 910 198 441 598 815 735 808 718 575 5510 896 214 690 438 593 674 522 430 819 777 538 693 967 830 497 647 608 576 903 392 814 2239 564 430 842 501 494 545 271 729 896 247 400 887 897 678 320 570 754 980 1085 913 887 766 679 438 665
1235 963 0 363 1308 1080 1237 210 1273 376 1086 1056 96 478 209 1281 820 546 854 329 433 952 568 556 201 878 156 1292 807 725 622 267 267 385 406 411 5714 103 900 714 722 616 509 487 558 396 560 920 527 382 604 781 481 991 883 1285 690 347 2622 447 714 375 679 778 853 867 512 216 1021 697 379 390 312 1094 479 252 472 577 1295 93 319 374 573 712
1125 786 363 0 1199 903 1128 278 1164 90 977 947 347 511 278 1171 642 368 676 362 147 843 459 379 269 701 365 1183 630 547 444 299 295 37 296 234 5784 296 722 536 544 439 400 378 380 48 451 811 418 415 504 603 372 882 706 1176 581 106 2512 338 537 133 570 600 675 758 403 284 843 588 446 457 237 917 370 123 539 645 1186 286 286 265 464 534
89 925 1308 1199 0 1184 130 1223 1063 1212 272 489 1292 1396 1223 53 1231 1145 1265 1246 1269 422 1118 1134 1214 1290 1310 78 961 1137 1294 1149 1376 1221 1051 1271 5683 1241 1053 1385 1134 1288 1007 855 1125 1232 1110 414 1026 1300 1163 1193 980 343 1295 58 726 1183 2412 897 1126 1211 834 1189 1265 818 1063 1230 1124 733 1488 1499 1359 1197 903 1088 1581 1686 78 1231 1100 1013 771 1384
1110 307 1080 903 1184 0 1113 1091 1149 916 962 931 1033 1286 1091 1156 430 566 591 1137 815 828 1043 556 1083 489 950 1168 315 558 618 1039 853 926 941 692 5769 1014 294 807 555 710 898 745 547 936 1035 796 916 1190 1088 518 870 866 494 1161 650 931 2497 787 548 959 759 435 463 529 988 1098 82 545 912 1015 795 275 793 949 1005 1111 1171 1004 990 912 661 582
146 855 1237 1128 130 1113 0 1152 992 1141 168 541 1222 1325 1152 104 1161 1074 1195 1176 1198 318 1048 1064 1144 1219 1239 81 890 1066 1223 1078 1306 1151 981 1200 5613 1170 983 1315 1063 1218 937 785 1055 1161 1039 406 955 1229 1093 1122 909 399 1225 94 655 1113 2341 826 1055 1140 764 1119 1194 747 992 1159 1053 662 1418 1428 1288 1127 833 1017 1510 1616 134 1161 1029 942 701 1313
1150 890 210 278 1223 1091 1152 0 1188 291 1001 971 194 393 51 1196 830 556 864 244 348 867 483 567 42 889 212 1208 818 736 633 182 278 300 321 422 5725 143 911 725 733 627 424 403 569 311 475 836 443 298 519 792 396 906 894 1200 605 262 2537 362 725 290 594 788 864 782 428 58 1032 612 390 400 323 1105 394 167 483 588 1211 133 235 289 488 723
990 890 1273 1164 1063 1149 992 1188 0 1177 841 811 1257 1361 1188 1036 1197 1110 1230 1211 1234 708 1083 1099 1179 1255 1275 1048 926 1102 1259 1114 1341 1186 1016 1236 4691 1206 1018 1350 1099 1253 972 820 1090 1197 1075 676 991 1265 1128 1158 945 746 1260 1041 691 1148 1419 862 1091 1176 799 1154 1230 783 1028 1195 1089 698 1453 1464 1324 1162 868 1053 1546 1651 1051 1196 1065 978 736 1349
1138 799 376 90 1212 916 1141 291 1177 0 990 959 360 524 291 1184 655 381 689 375 160 856 472 392 282 714 378 1196 643 560 457 312 308 113 309 247 5797 309 735 549 557 452 413 391 393 123 463 824 431 428 517 616 385 895 719 1189 594 119 2525 351 549 146 583 613 688 771 416 297 856 601 459 470 250 930 383 136 552 658 1199 299 299 278 477 547
288 703 1086 977 272 962 168 1001 841 990 0 390 1071 1174 1001 246 1010 923 1044 1025 1047 166 897 912 992 1068 1088 223 739 915 1072 927 1155 1000 829 1049 5461 1019 831 1163 912 1067 786 633 903 1010 888 255 804 1078 941 971 758 325 1073 236 504 961 2190 675 904 989 612 968 1043 596 841 1008 902 511 1266 1277 1137 975 681 866 1359 1465 276 1009 878 791 549 1162
416 673 1056 947 489 931 541 971 811 959 390 0 1040 1144 971 462 979 893 1013 994 1017 255 866 882 962 1038 1058 487 708 885 1042 897 1124 969 799 1019 5431 989 801 1133 882 1036 755 603 873 980 858 162 774 1048 911 941 728 172 1043 467 473 931 2160 645 874 959 582 937 1012 566 811 978 872 481 1236 1247 1107 945 651 835 1329 1434 477 979 848 760 519 1132
1219 916 96 347 1292 1033 1222 194 1257 360 1071 1040 0 463 194 1265 772 498 806 314 387 937 553 509 185 831 109 1277 760 677 574 251 220 370 390 364 5699 88 852 666 674 569 494 472 510 381 544 905 512 367 589 734 466 975 836 1270 675 332 2606 431 667 359 664 730 805 852 497 201 973 682 331 342 264 1047 464 236 424 530 1280 78 304 359 558 664
1323 1062 478 511 1396 1286 1325 393 1361 524 1174 1144 463 0 393 1369 1076 802 1110 177 581 1040 442 813 385 1135 480 1380 1013 981 878 271 547 534 494 668 5981 412 1105 970 978 873 597 575 814 544 577 1008 615 172 365 1037 569 1079 1140 1373 745 496 2709 535 970 523 734 1034 1109 955 568 400 1226 785 659 669 591 1300 567 400 752 857 1383 402 323 414 661 968
1150 890 209 278 1223 1091 1152 51 1188 291 1001 971 194 393 0 1196 830 556 864 244 348 867 483 567 42 889 211 1208 818 736 633 182 278 300 321 422 5725 143 911 725 733 627 424 402 568 311 475 836 442 297 519 792 396 906 894 1200 605 262 2537 362 725 290 594 788 863 782 427 58 1032 612 390 400 322 1105 394 167 483 588 1210 133 234 289 488 723
62 898 1281 1171 53 1156 104 1196 1036 1184 246 462 1265 1369 1196 0 1204 1117 1238 1219 1242 395 1091 1107 1187 1263 1283 51 933 1109 1266 1122 1349 1194 1024 1243 5656 1214 1026 1358 1106 1261 980 828 1098 1205 1083 387 999 1273 1136 1166 953 316 1268 30 698 1156 2384 870 1099 1184 807 1162 1237 791 1035 1202 1097 706 1461 1471 1332 1170 876 1060 1554 1659 50 1204 1073 985 744 1357
1158 512 820 642 1231 430 1161 830 1197 655 1010 979 772 1076 830 1204 0 306 221 927 554 876 1024 295 822 118 690 1216 380 298 326 864 592 665 861 432 5817 753 339 546 295 449 895 743 286 676 1016 844 914 980 1069 148 868 914 123 1209 698 671 2545 785 287 698 807 65 93 735 968 837 434 543 621 750 534 628 791 688 713 819 1219 743 851 830 659 290
1072 449 546 368 1145 566 1074 556 1110 381 923 893 498 802 556 1117 306 0 340 653 280 789 750 115 548 364 416 1129 293 211 181 590 318 391 587 158 5730 479 386 273 208 175 691 656 117 401 741 757 709 706 795 267 663 828 369 1122 612 397 2458 629 200 424 720 264 339 672 694 563 507 456 469 480 260 580 661 414 562 668 1132 469 577 556 572 271
1192 570 854 676 1265 591 1195 864 1230 689 1044 1013 806 1110 864 1238 221 340 0 961 588 910 1058 329 856 279 724 1250 414 332 487 898 626 699 895 466 5851 787 499 580 329 483 929 777 320 709 1050 878 948 1014 1103 182 902 948 284 1243 732 705 2579 819 321 732 841 179 254 792 1002 871 595 577 777 788 568 701 825 722 870 976 1253 777 885 864 693 451
1173 913 329 362 1246 1137 1176 244 1211 375 1025 994 314 177 244 1219 927 653 961 0 432 891 380 663 235 985 331 1231 863 832 729 121 397 384 344 518 5831 262 956 821 829 723 448 426 665 395 466 859 466 81 303 888 420 929 990 1224 596 346 2560 385 821 374 585 885 960 806 418 251 1077 636 509 520 442 1150 417 251 602 708 1234 252 174 265 512 819
1196 698 433 147 1269 815 1198 348 1234 160 1047 1017 387 581 348 1242 554 280 588 432 0 913 529 291 339 613 305 1254 542 460 357 370 207 170 367 146 5804 366 635 449 457 351 470 448 293 181 521 882 488 485 574 516 442 952 618 1246 651 176 2583 408 449 204 640 512 588 828 473 355 756 658 359 369 150 829 440 194 452 557 1256 356 356 335 534 447
434 570 952 843 422 828 318 867 708 856 166 255 937 1040 867 395 876 789 910 891 913 0 763 779 859 935 954 373 605 781 938 793 1021 866 696 915 5328 886 698 1030 778 933 652 500 770 876 755 120 670 944 808 837 624 190 940 386 370 828 2056 541 770 855 479 834 909 462 707 874 768 377 1133 1143 1003 842 548 732 1226 1331 426 876 744 657 416 1028
1045 785 568 459 1118 1043 1048 483 1083 472 897 866 553 442 483 1091 1024 750 1058 380 529 763 0 760 475 1083 570 1103 781 929 826 376 637 482 311 616 5703 501 873 918 926 821 365 343 762 492 187 731 383 374 96 985 337 801 1088 1096 461 444 2432 303 918 471 450 982 1057 678 211 490 984 553 748 759 619 1057 335 348 841 947 1106 491 327 233 429 916
1061 439 556 379 1134 556 1064 567 1099 392 912 882 509 813 567 1107 295 115 329 663 291 779 760 0 558 354 426 1119 283 200 191 601 328 401 598 168 5719 490 375 283 197 186 701 646 127 412 752 747 720 717 805 256 674 817 359 1112 601 407 2448 639 189 435 710 253 328 661 705 574 496 445 480 490 271 570 671 425 573 678 1122 480 587 566 562 281
1141 881 201 269 1214 1083 1144 42 1179 282 992 962 185 385 42 1187 822 548 856 235 339 859 475 558 0 880 203 1199 809 727 624 173 269 292 312 413 5716 134 902 716 724 619 415 394 560 302 466 827 434 289 511 783 388 897 885 1192 597 254 2528 353 716 281 585 780 855 773 419 49 1023 603 381 392 314 1096 385 158 474 579 1202 124 226 280 480 714
1217 571 878 701 1290 489 1219 889 1255 714 1068 1038 831 1135 889 1263 118 364 279 985 613 935 1083 354 880 0 748 1275 439 356 385 923 651 723 920 490 5875 812 397 605 353 508 954 801 345 734 1074 903 972 1039 1127 207 926 973 49 1268 757 729 2604 843 345 757 866 123 151 793 1027 896 493 601 679 808 593 686 849 747 772 877 1278 802 910 888 717 349
1237 833 156 365 1310 950 1239 212 1275 378 1088 1058 109 480 211 1283 690 416 724 331 305 954 570 426 203 748 0 1295 677 595 492 269 137 387 408 281 5635 134 770 584 592 486 511 489 428 398 562 923 529 384 606 651 483 993 753 1287 692 349 2624 449 584 377 681 648 723 869 514 218 891 699 249 260 182 964 481 254 342 447 1297 124 321 376 575 582
88 910 1292 1183 78 1168 81 1208 1048 1196 223 487 1277 1380 1208 51 1216 1129 1250 1231 1254 373 1103 1119 1199 1275 1295 0 945 1121 1278 1133 1361 1206 1036 1255 5668 1226 1038 1370 1118 1273 992 840 1110 1217 1095 412 1010 1285 1148 1177 964 341 1280 56 710 1168 2396 881 1111 1196 819 1174 1249 802 1047 1214 1109 718 1473 1483 1343 1182 888 1072 1566 1671 76 1216 1084 997 756 1369
887 198 807 630 961 315 890 818 926 643 739 708 760 1013 818 933 380 293 414 863 542 605 781 283 809 439 677 945 0 285 442 766 580 652 668 419 5546 741 135 534 282 437 624 472 274 663 772 573 643 917 825 341 597 644 444 938 428 658 2274 514 274 686 536 338 413 420 725 825 256 272 731 742 522 329 520 676 824 929 948 731 717 638 388 532
1064 441 725 547 1137 558 1066 736 1102 560 915 885 677 981 736 1109 298 211 332 832 460 781 929 200 727 356 595 1121 285 0 360 770 497 570 767 337 5722 658 378 268 132 259 800 648 191 581 921 749 819 885 974 259 773 820 361 1114 604 576 2450 690 45 604 712 256 331 664 874 742 499 448 649 659 440 572 696 594 742 847 1124 648 756 735 564 450
1221 598 622 444 1294 618 1223 633 1259 457 1072 1042 574 878 633 1266 326 181 487 729 357 938 826 191 624 385 492 1278 442 360 0 667 394 467 664 234 5879 555 527 349 357 251 767 745 193 478 818 906 785 782 871 415 739 977 390 1271 761 473 2607 705 349 500 869 331 359 821 770 639 622 605 546 556 337 729 737 491 639 744 1281 545 653 632 721 140
1076 815 267 299 1149 1039 1078 182 1114 312 927 897 251 271 182 1122 864 590 898 121 370 793 376 601 173 923 269 1133 766 770 667 0 335 322 247 456 5734 200 858 759 767 661 350 328 603 333 368 761 368 175 397 826 322 832 928 1126 498 284 2462 288 759 312 487 822 898 708 321 189 979 538 447 458 380 1053 320 188 540 645 1136 190 76 167 414 757
1303 735 267 295 1376 853 1306 278 1341 308 1155 1124 220 547 278 1349 592 318 626 397 207 1021 637 328 269 651 137 1361 580 497 394 335 0 318 474 184 5637 201 672 486 494 389 577 556 330 328 628 989 596 451 673 553 550 1059 656 1354 759 323 2690 515 486 351 747 550 625 935 581 285 793 742 191 201 124 866 547 320 284 389 1364 191 388 442 642 484
1148 808 385 37 1221 926 1151 300 1186 113 1000 969 370 534 300 1194 665 391 699 384 170 866 482 401 292 723 387 1206 652 570 467 322 318 0 319 256 5806 319 745 559 567 462 422 401 403 40 473 834 441 438 526 626 395 904 728 1199 604 128 2535 360 559 156 592 623 698 781 426 307 866 611 469 480 260 939 392 146 562 667 1209 309 309 287 487 557
978 718 406 296 1051 941 981 321 1016 309 829 799 390 494 321 1024 861 587 895 344 367 696 311 598 312 920 408 1036 668 767 664 247 474 319 0 453 5636 339 761 756 764 658 252 231 600 330 303 664 271 398 356 823 225 734 925 1029 434 281 2365 190 756 309 422 819 895 610 256 327 882 440 586 596 457 955 222 185 679 784 1039 329 198 169 316 754
1198 575 411 234 1271 692 1200 422 1236 247 1049 1019 364 668 422 1243 432 158 466 518 146 915 616 168 413 490 281 1255 419 337 234 456 184 256 453 0 5781 345 512 326 334 228 556 535 170 267 607 883 575 572 660 393 529 954 495 1248 738 262 2584 494 326 290 726 390 465 798 560 429 633 582 335 346 126 706 526 280 428 533 1258 335 443 421 620 324
3343 3243 3529 3516 3416 3501 3345 3540 2423 3529 3194 3164 3514 3714 3540 3389 3549 3463 3583 3564 3587 3060 3436 3452 3531 3608 3450 3401 3278 3455 3612 3467 3463 3539 3369 3589 0 3463 3371 3703 3452 3606 3325 3173 3443 3550 3428 3029 3344 3618 3481 3511 3298 3099 3613 3393 3043 3501 3368 3215 3444 3529 3152 3507 3582 3136 3381 3547 3442 3051 3510 3521 3507 3515 3221 3405 3603 3709 3403 3453 3418 3330 3089 3702
1168 896 103 296 1241 1014 1170 143 1206 309 1019 989 88 412 143 1214 753 479 787 262 366 886 501 490 134 812 134 1226 741 658 555 200 201 319 339 345 5647 0 833 647 655 550 442 421 491 329 493 854 461 316 537 714 415 924 817 1219 623 280 2555 380 647 308 612 711 786 800 446 149 954 630 312 323 245 1028 412 185 405 511 1229 55 253 307 506 645
980 214 900 722 1053 294 983 911 1018 735 831 801 852 1105 911 1026 339 386 499 956 635 698 873 375 902 397 770 1038 135 378 527 858 672 745 761 512 5638 833 0 626 375 530 717 565 366 756 865 666 735 1009 918 427 689 736 402 1031 520 751 2367 606 367 778 629 344 372 437 817 917 272 364 821 834 615 345 613 769 914 1019 1041 823 809 731 481 491
1312 690 714 536 1385 807 1315 725 1350 549 1163 1133 666 970 725 1358 546 273 580 821 449 1030 918 283 716 605 584 1370 534 268 349 759 486 559 756 326 5970 647 626 0 380 145 859 838 285 570 910 998 877 874 963 508 831 1068 610 1363 852 565 2699 797 279 593 961 504 579 912 863 731 747 696 638 648 429 821 829 583 731 836 1373 637 745 724 813 439
1061 438 722 544 1134 555 1063 733 1099 557 912 882 674 978 733 1106 295 208 329 829 457 778 926 197 724 353 592 1118 282 132 357 767 494 567 764 334 5719 655 375 380 0 352 797 645 188 578 918 746 816 882 971 256 770 817 358 1111 601 573 2447 687 121 601 709 253 328 661 870 739 496 445 646 656 437 569 693 591 739 844 1121 645 753 732 561 447
1215 593 616 439 1288 710 1218 627 1253 452 1067 1036 569 873 627 1261 449 175 483 723 351 933 821 186 619 508 486 1273 437 259 251 661 389 462 658 228 5873 550 530 145 352 0 762 740 187 472 812 901 780 777 866 411 734 971 513 1266 755 467 2602 699 270 495 864 407 482 815 765 634 651 600 540 551 331 724 732 485 633 739 1276 540 648 627 716 342
934 674 509 400 1007 898 937 424 972 413 786 755 494 597 424 980 895 691 929 448 470 652 365 701 415 954 511 992 624 800 767 350 577 422 252 556 5592 442 717 859 797 762 0 187 703 433 356 620 37 501 410 857 75 690 959 985 474 384 2321 146 790 412 476 853 928 567 309 431 838 397 689 700 560 911 179 289 782 888 995 432 301 223 273 857
782 522 487 378 855 745 785 403 820 391 633 603 472 575 402 828 743 656 777 426 448 500 343 646 394 801 489 840 472 648 745 328 556 401 231 535 5440 421 565 838 645 740 187 0 637 412 335 468 205 479 388 704 159 538 807 833 322 363 2169 76 637 390 431 701 776 414 288 409 686 244 668 678 538 759 83 267 761 866 843 411 279 201 121 836
1052 430 558 380 1125 547 1055 569 1090 393 903 873 510 814 568 1098 286 117 320 665 293 770 762 127 560 345 428 1110 274 191 193 603 330 403 600 170 5710 491 366 285 188 187 703 637 0 414 754 738 721 718 807 247 675 808 350 1103 592 409 2439 641 181 436 701 244 319 652 706 575 487 436 481 492 272 561 673 427 574 680 1113 481 589 568 553 283
1159 819 396 48 1232 936 1161 311 1197 123 1010 980 381 544 311 1205 676 401 709 395 181 876 492 412 302 734 398 1217 663 581 478 333 328 40 330 267 5817 329 756 570 578 472 433 412 414 0 484 845 452 448 537 637 406 915 739 1210 614 139 2546 371 570 167 603 634 709 791 437 318 877 621 480 490 271 950 403 157 573 678 1220 319 319 298 497 568
1037 777 560 451 1110 1035 1039 475 1075 463 888 858 544 577 475 1083 1016 741 1050 466 521 755 187 752 466 1074 562 1095 772 921 818 368 628 473 303 607 5695 493 865 910 918 812 356 335 754 484 0 723 375 510 232 977 329 793 1079 1088 452 435 2424 294 910 463 441 974 1049 669 249 482 975 544 740 751 611 1049 326 340 833 938 1098 483 319 225 421 908
341 538 920 811 414 796 406 836 676 824 255 162 905 1008 836 387 844 757 878 859 882 120 731 747 827 903 923 412 573 749 906 761 989 834 664 883 5296 854 666 998 746 901 620 468 738 845 723 0 638 913 776 805 592 97 908 391 338 796 2024 509 739 824 447 802 877 430 675 842 737 346 1101 1111 971 810 516 700 1194 1299 401 844 712 625 384 997
953 693 527 418 1026 916 955 443 991 431 804 774 512 615 442 999 914 709 948 466 488 670 383 720 434 972 529 1010 643 819 785 368 596 441 271 575 5611 461 735 877 816 780 37 205 721 452 375 638 0 519 428 875 93 709 977 1003 493 403 2340 165 808 430 494 872 947 585 327 449 856 415 708 718 578 930 197 307 801 906 1013 451 319 241 291 875
1227 967 382 415 1300 1190 1229 298 1265 428 1078 1048 367 172 297 1273 980 706 1014 81 485 944 374 717 289 1039 384 1285 917 885 782 175 451 438 398 572 5885 316 1009 874 882 777 501 479 718 448 510 913 519 0 297 942 473 983 1044 1277 649 400 2614 439 875 427 638 938 1013 859 472 304 1130 689 563 573 495 1204 471 304 656 761 1287 306 227 318 565 872
1090 830 604 504 1163 1088 1093 519 1128 517 941 911 589 365 519 1136 1069 795 1103 303 574 808 96 805 511 1127 606 1148 825 974 871 397 673 526 356 660 5748 537 918 963 971 866 410 388 807 537 232 776 428 297 0 1030 382 846 1132 1141 506 488 2477 347 963 516 494 1027 1102 722 256 526 1029 598 784 795 664 1102 380 393 877 983 1151 528 372 278 474 961
1120 497 781 603 1193 518 1122 792 1158 616 971 941 734 1037 792 1166 148 267 182 888 516 837 985 256 783 207 651 1177 341 259 415 826 553 626 823 393 5778 714 427 508 256 411 857 704 247 637 977 805 875 942 1030 0 829 876 212 1170 660 632 2507 746 248 660 768 106 181 720 930 799 522 504 705 715 496 628 752 650 798 903 1180 705 812 791 620 379
907 647 481 372 980 870 909 396 945 385 758 728 466 569 396 953 868 663 902 420 442 624 337 674 388 926 483 964 597 773 739 322 550 395 225 529 5565 415 689 831 770 734 75 159 675 406 329 592 93 473 382 829 0 663 931 957 447 357 2294 119 762 384 448 826 901 539 281 403 810 369 662 672 532 884 151 261 755 860 967 405 273 195 245 829
270 608 991 882 343 866 399 906 746 895 325 172 975 1079 906 316 914 828 948 929 952 190 801 817 897 973 993 341 644 820 977 832 1059 904 734 954 5366 924 736 1068 817 971 690 538 808 915 793 97 709 983 846 876 663 0 978 321 408 866 2095 580 809 894 517 872 948 501 746 913 807 416 1171 1182 1042 880 586 771 1264 1369 331 914 783 696 454 1067
1222 576 883 706 1295 494 1225 894 1260 719 1073 1043 836 1140 894 1268 123 369 284 990 618 940 1088 359 885 49 753 1280 444 361 390 928 656 728 925 495 5880 817 402 610 358 513 959 807 350 739 1079 908 977 1044 1132 212 931 978 0 1273 762 734 2609 848 350 762 871 128 156 798 1032 901 498 606 684 814 598 691 854 752 777 882 1283 807 915 893 723 354
67 903 1285 1176 58 1161 94 1200 1041 1189 236 467 1270 1373 1200 30 1209 1122 1243 1224 1246 386 1096 1112 1192 1268 1287 56 938 1114 1271 1126 1354 1199 1029 1248 5661 1219 1031 1363 1111 1266 985 833 1103 1210 1088 391 1003 1277 1141 1170 957 321 1273 0 703 1161 2389 874 1103 1188 812 1167 1242 795 1040 1207 1102 710 1466 1476 1336 1175 881 1065 1559 1664 55 1209 1077 990 749 1361
652 392 690 581 726 650 655 605 691 594 504 473 675 745 605 698 698 612 732 596 651 370 461 601 597 757 692 710 428 604 761 498 759 604 434 738 5311 623 520 852 601 755 474 322 592 614 452 338 493 649 506 660 447 408 762 703 0 566 2039 364 593 593 177 656 732 285 405 612 591 200 871 881 741 664 370 470 963 1069 713 614 449 355 238 851
1110 814 347 106 1183 931 1113 262 1148 119 961 931 332 496 262 1156 671 397 705 346 176 828 444 407 254 729 349 1168 658 576 473 284 323 128 281 262 5768 280 751 565 573 467 384 363 409 139 435 796 403 400 488 632 357 866 734 1161 566 0 2497 322 565 47 554 629 704 742 388 269 872 572 475 485 266 945 354 108 568 673 1171 271 271 249 449 563
2339 2239 2622 2512 2412 2497 2341 2537 1419 2525 2190 2160 2606 2709 2537 2384 2545 2458 2579 2560 2583 2056 2432 2448 2528 2604 2624 2396 2274 2450 2607 2462 2690 2535 2365 2584 5635 2555 2367 2699 2447 2602 2321 2169 2439 2546 2424 2024 2340 2614 2477 2507 2294 2095 2609 2389 2039 2497 0 2211 2440 2525 2148 2503 2578 2131 2376 2543 2438 2047 2802 2812 2673 2511 2217 2401 2895 3000 2399 2545 2413 2326 2085 2698
824 564 447 338 897 787 826 362 862 351 675 645 431 535 362 870 785 629 819 385 408 541 303 639 353 843 449 881 514 690 705 288 515 360 190 494 5482 380 606 797 687 699 146 76 641 371 294 509 165 439 347 746 119 580 848 874 364 322 2211 0 679 350 413 743 818 456 247 369 727 286 627 638 498 801 68 227 720 825 884 370 239 161 162 795
1053 430 714 537 1126 548 1055 725 1091 549 904 874 667 970 725 1099 287 200 321 821 449 770 918 189 716 345 584 1111 274 45 349 759 486 559 756 326 5711 647 367 279 121 270 790 637 181 570 910 739 808 875 963 248 762 809 350 1103 593 565 2440 679 0 593 701 245 320 653 863 732 488 437 638 648 429 561 685 583 731 836 1113 638 745 724 553 439
1138 842 375 133 1211 959 1140 290 1176 146 989 959 359 523 290 1184 698 424 732 374 204 855 471 435 281 757 377 1196 686 604 500 312 351 156 309 290 5796 308 778 593 601 495 412 390 436 167 463 824 430 427 516 660 384 894 762 1188 593 47 2525 350 593 0 582 656 731 770 415 297 899 600 502 513 293 973 382 136 595 701 1198 298 298 277 476 591
761 501 679 570 834 759 764 594 799 583 612 582 664 734 594 807 807 720 841 585 640 479 450 710 585 866 681 819 536 712 869 487 747 592 422 726 5419 612 629 961 709 864 476 431 701 603 441 447 494 638 494 768 448 517 871 812 177 554 2148 413 701 582 0 765 840 393 394 601 700 309 859 870 730 773 446 459 952 1058 822 602 438 344 347 959
1116 494 778 600 1189 435 1119 788 1154 613 968 937 730 1034 788 1162 65 264 179 885 512 834 982 253 780 123 648 1174 338 256 331 822 550 623 819 390 5775 711 344 504 253 407 853 701 244 634 974 802 872 938 1027 106 826 872 128 1167 656 629 2503 743 245 656 765 0 98 716 926 795 439 501 626 712 492 625 749 646 718 824 1177 701 809 788 617 295
1191 545 853 675 1265 463 1194 864 1230 688 1043 1012 805 1109 863 1237 93 339 254 960 588 909 1057 328 855 151 723 1249 413 331 359 898 625 698 895 465 5850 786 372 579 328 482 928 776 319 709 1049 877 947 1013 1102 181 901 948 156 1242 732 704 2578 818 320 731 840 98 0 768 1001 870 467 576 654 783 568 661 824 722 747 852 1252 776 884 863 692 324
745 271 867 758 818 529 747 782 783 771 596 566 852 955 782 791 735 672 792 806 828 462 678 661 773 793 869 802 420 664 821 708 935 781 610 798 5403 800 437 912 661 815 567 414 652 791 669 430 585 859 722 720 539 501 798 795 285 742 2131 456 653 770 393 716 768 0 622 789 470 292 1047 1058 900 543 462 647 1140 1246 805 790 659 572 330 887
990 729 512 403 1063 988 992 428 1028 416 841 811 497 568 427 1035 968 694 1002 418 473 707 211 705 419 1027 514 1047 725 874 770 321 581 426 256 560 5648 446 817 863 870 765 309 288 706 437 249 675 327 472 256 930 281 746 1032 1040 405 388 2376 247 863 415 394 926 1001 622 0 434 928 497 693 703 563 1001 279 292 786 891 1050 436 272 177 373 861
1157 896 216 284 1230 1098 1159 58 1195 297 1008 978 201 400 58 1202 837 563 871 251 355 874 490 574 49 896 218 1214 825 742 639 189 285 307 327 429 5732 149 917 731 739 634 431 409 575 318 482 842 449 304 526 799 403 913 901 1207 612 269 2543 369 732 297 601 795 870 789 434 0 1038 619 397 407 329 1112 401 173 489 595 1217 140 241 296 495 729
1051 247 1021 843 1124 82 1053 1032 1089 856 902 872 973 1226 1032 1097 434 507 595 1077 756 768 984 496 1023 493 891 1109 256 499 622 979 793 866 882 633 5709 954 272 747 496 651 838 686 487 877 975 737 856 1130 1029 522 810 807 498 1102 591 872 2438 727 488 899 700 439 467 470 928 1038 0 485 916 955 736 216 734 890 1009 1115 1112 944 930 852 602 586
660 400 697 588 733 545 662 612 698 601 511 481 682 785 612 706 543 456 577 636 658 377 553 445 603 601 699 718 272 448 605 538 742 611 440 582 5318 630 364 696 445 600 397 244 436 621 544 346 415 689 598 504 369 416 606 710 200 572 2047 286 437 600 309 501 576 292 497 619 485 0 877 888 685 559 292 477 970 1076 721 620 489 411 160 695
1415 887 379 446 1488 912 1418 390 1453 459 1266 1236 331 659 390 1461 621 469 777 509 359 1133 748 480 381 679 249 1473 731 649 546 447 191 469 586 335 5684 312 821 638 646 540 689 668 481 480 740 1101 708 563 784 705 662 1171 684 1466 871 475 2802 627 638 502 859 626 654 1047 693 397 916 877 0 168 236 1018 659 432 115 220 1476 302 500 554 753 513
1426 897 390 457 1499 1015 1428 400 1464 470 1277 1247 342 669 400 1471 750 480 788 520 369 1143 759 490 392 808 260 1483 742 659 556 458 201 480 596 346 5695 323 834 648 656 551 700 678 492 490 751 1111 718 573 795 715 672 1182 814 1476 881 485 2812 638 648 513 870 712 783 1058 703 407 955 888 168 0 246 1028 670 442 260 366 1486 313 510 565 764 643
1286 678 312 237 1359 795 1288 323 1324 250 1137 1107 264 591 322 1332 534 260 568 442 150 1003 619 271 314 593 182 1343 522 440 337 380 124 260 457 126 5681 245 615 429 437 331 560 538 272 271 611 971 578 495 664 496 532 1042 598 1336 741 266 2673 498 429 293 730 492 568 900 563 329 736 685 236 246 0 809 530 284 328 434 1346 235 432 425 624 427
1124 320 1094 917 1197 275 1127 1105 1162 930 975 945 1047 1300 1105 1170 628 580 701 1150 829 842 1057 570 1096 686 964 1182 329 572 729 1053 866 939 955 706 5782 1028 345 821 569 724 911 759 561 950 1049 810 930 1204 1102 628 884 880 691 1175 664 945 2511 801 561 973 773 625 661 543 1001 1112 216 559 1018 1028 809 0 807 963 1111 1216 1185 1018 1004 925 675 780
830 570 479 370 903 793 833 394 868 383 681 651 464 567 394 876 791 661 825 417 440 548 335 671 385 849 481 888 520 696 737 320 547 392 222 526 5488 412 613 829 693 732 179 83 673 403 326 516 197 471 380 752 151 586 854 881 370 354 2217 68 685 382 446 749 824 462 279 401 734 292 659 670 530 807 0 259 752 858 891 402 271 193 168 827
1014 754 252 123 1088 949 1017 167 1053 136 866 835 236 400 167 1060 688 414 722 251 194 732 348 425 158 747 254 1072 676 594 491 188 320 146 185 280 5673 185 769 583 591 485 289 267 427 157 340 700 307 304 393 650 261 771 752 1065 470 108 2401 227 583 136 459 646 722 647 292 173 890 477 432 442 284 963 259 0 525 630 1075 175 175 154 353 581
1508 980 472 539 1581 1005 1510 483 1546 552 1359 1329 424 752 483 1554 713 562 870 602 452 1226 841 573 474 772 342 1566 824 742 639 540 284 562 679 428 5777 405 914 731 739 633 782 761 574 573 833 1194 801 656 877 798 755 1264 777 1559 963 568 2895 720 731 595 952 718 747 1140 786 489 1009 970 115 260 328 1111 752 525 0 125 1569 395 593 647 846 606
1613 1085 577 645 1686 1111 1616 588 1651 658 1465 1434 530 857 588 1659 819 668 976 708 557 1331 947 678 579 877 447 1671 929 847 744 645 389 667 784 533 5882 511 1019 836 844 739 888 866 680 678 938 1299 906 761 983 903 860 1369 882 1664 1069 673 3000 825 836 701 1058 824 852 1246 891 595 1115 1076 220 366 434 1216 858 630 125 0 1674 501 698 753 952 712
77 913 1295 1186 78 1171 134 1211 1051 1199 276 477 1280 1383 1210 50 1219 1132 1253 1234 1256 426 1106 1122 1202 1278 1297 76 948 1124 1281 1136 1364 1209 1039 1258 5671 1229 1041 1373 1121 1276 995 843 1113 1220 1098 401 1013 1287 1151 1180 967 331 1283 55 713 1171 2399 884 1113 1198 822 1177 1252 805 1050 1217 1112 721 1476 1486 1346 1185 891 1075 1569 1674 0 1219 1087 1000 759 1371
1158 887 93 286 1231 1004 1161 133 1196 299 1009 979 78 402 133 1204 743 469 777 252 356 876 491 480 124 802 124 1216 731 648 545 190 191 309 329 335 5638 55 823 637 645 540 432 411 481 319 483 844 451 306 528 705 405 914 807 1209 614 271 2545 370 638 298 602 701 776 790 436 140 944 620 302 313 235 1018 402 175 395 501 1219 0 243 297 496 635
1027 766 319 286 1100 990 1029 235 1065 299 878 848 304 323 234 1073 851 577 885 174 356 744 327 587 226 910 321 1084 717 756 653 76 388 309 198 443 5685 253 809 745 753 648 301 279 589 319 319 712 319 227 372 812 273 783 915 1077 449 271 2413 239 745 298 438 809 884 659 272 241 930 489 500 510 432 1004 271 175 593 698 1087 243 0 118 365 743
939 679 374 265 1013 912 942 289 978 278 791 760 359 414 289 985 830 556 864 265 335 657 233 566 280 888 376 997 638 735 632 167 442 287 169 421 5598 307 731 724 732 627 223 201 568 298 225 625 241 318 278 791 195 696 893 990 355 249 2326 161 724 277 344 788 863 572 177 296 852 411 554 565 425 925 193 154 647 753 1000 297 118 0 287 722
698 438 573 464 771 661 701 488 736 477 549 519 558 661 488 744 659 572 693 512 534 416 429 562 480 717 575 756 388 564 721 414 642 487 316 620 5356 506 481 813 561 716 273 121 553 497 421 384 291 565 474 620 245 454 723 749 238 449 2085 162 553 476 347 617 692 330 373 495 602 160 753 764 624 675 168 353 846 952 759 496 365 287 0 811
1311 665 712 534 1384 582 1313 723 1349 547 1162 1132 664 968 723 1357 290 271 451 819 447 1028 916 281 714 349 582 1369 532 450 140 757 484 557 754 324 5969 645 491 439 447 342 857 836 283 568 908 997 875 872 961 379 829 1067 354 1361 851 563 2698 795 439 591 959 295 324 887 861 729 586 695 513 643 427 780 827 581 606 712 1371 635 743 722 811 0
EOF