NAME : tsp_problem
TYPE : TSP
DIMENSION : 50
EDGE_WEIGHT_TYPE : EXPLICIT
EDGE_WEIGHT_FORMAT : FULL_MATRIX
EDGE_WEIGHT_SECTION
0 681 553 647 724 835 654 412 902 840 385 401 723 872 699 697 699 1042 797 1452 844 614 321 765 254 503 681 529 551 710 866 130 3166 649 363 671 399 288 1263 865 932 283 894 268 794 72 277 802 924 263
681 0 836 106 157 178 741 761 245 183 562 578 159 331 158 153 424 1129 139 1539 187 439 511 590 684 487 769 175 197 797 325 671 3102 737 695 129 456 718 1350 449 274 870 478 622 554 721 609 260 407 617
553 836 0 802 968 990 1034 196 1057 995 397 414 971 1027 854 851 1079 1422 951 1832 999 627 371 778 589 516 1061 684 706 1089 1021 542 3179 1029 750 825 554 623 1642 1210 1086 324 1239 309 807 593 612 956 1219 304
647 106 802 0 238 259 823 727 326 264 528 544 241 247 124 121 506 1211 221 1621 269 405 476 556 650 453 850 141 163 879 242 636 3068 818 777 95 422 684 1432 530 356 836 560 588 470 687 673 177 439 583
724 157 968 238 0 166 613 893 233 171 694 711 83 463 290 141 295 1000 128 1410 175 572 643 722 630 619 640 308 330 668 457 714 3234 608 566 262 589 664 1221 320 263 913 349 754 686 764 481 393 369 750
835 178 990 259 166 0 751 914 88 192 715 732 168 318 311 162 433 1138 149 1548 196 593 664 743 768 641 778 329 351 806 312 824 3255 746 704 283 610 802 1359 400 118 1024 487 775 541 875 619 326 251 771
654 741 1034 823 613 751 0 959 818 756 833 849 612 1048 875 726 547 438 712 1140 760 1062 769 1213 605 951 216 893 915 245 1042 643 3614 184 456 846 847 639 950 713 847 843 742 749 1242 694 456 977 813 744
412 761 196 727 893 914 959 0 981 919 322 339 896 952 778 776 1003 1347 876 1756 924 552 295 702 513 441 986 609 630 1014 946 448 3104 954 675 750 478 548 1567 1134 1011 150 1164 233 732 452 537 881 1144 228
902 245 1057 326 233 88 818 981 0 259 782 799 235 345 378 229 500 1206 216 1616 263 660 731 810 835 708 845 396 418 873 339 891 3323 813 771 350 677 869 1426 427 145 1091 554 842 568 942 686 353 278 838
840 183 995 264 171 192 756 919 259 0 720 737 173 489 316 167 438 1143 85 1553 67 598 669 748 773 646 783 334 356 811 483 829 3260 751 709 288 615 807 1364 463 289 1029 492 780 712 880 624 419 422 776
385 562 397 528 694 715 833 322 782 720 0 43 697 731 580 577 877 1220 677 1630 725 330 109 480 387 218 860 410 432 888 737 374 2882 828 582 551 292 422 1441 986 812 450 1016 191 509 425 411 682 945 186
401 578 414 544 711 732 849 339 799 737 43 0 713 747 596 594 894 1237 694 1647 741 346 125 497 404 235 876 426 448 905 753 390 2898 844 598 568 308 438 1458 1003 829 466 1032 208 526 441 427 699 961 203
723 159 971 241 83 168 612 896 235 173 697 713 0 465 292 143 294 999 130 1409 177 574 645 725 629 622 639 310 332 667 459 712 3237 607 565 264 591 663 1220 319 265 912 348 756 688 763 479 395 368 752
872 331 1027 247 463 318 1048 952 345 489 731 747 465 0 349 346 628 1436 446 1846 493 469 701 494 875 656 1075 366 388 1103 59 862 3206 1043 1001 320 647 909 1656 452 375 1061 606 813 248 912 898 119 302 808
699 158 854 124 290 311 875 778 378 316 580 596 292 349 0 173 557 1263 273 1673 320 457 528 608 702 505 902 193 215 930 343 688 3120 870 829 78 474 736 1483 582 408 888 612 639 572 739 725 278 541 635
697 153 851 121 141 162 726 776 229 167 577 594 143 346 173 0 408 1113 124 1523 171 455 526 605 699 502 753 191 213 781 340 686 3117 721 679 145 472 734 1334 433 259 886 462 637 569 737 594 276 392 632
699 424 1079 506 295 433 547 1003 500 438 877 894 294 628 557 408 0 935 395 1345 442 839 814 990 650 887 574 575 597 603 622 688 3502 543 501 529 856 684 1156 214 530 888 243 793 851 739 500 636 349 789
1042 1129 1422 1211 1000 1138 438 1347 1206 1143 1220 1237 999 1436 1263 1113 935 0 1100 1528 1148 1450 1157 1601 993 1339 400 1281 1303 359 1430 1031 4002 419 844 1234 1235 1027 1338 1101 1235 1231 1130 1137 1630 1082 843 1365 1200 1132
797 139 951 221 128 149 712 876 216 85 677 694 130 446 273 124 395 1100 0 1510 90 554 626 705 730 602 740 291 313 768 440 786 3217 708 666 244 571 764 1321 420 245 985 449 737 669 836 580 375 378 732
1452 1539 1832 1621 1410 1548 1140 1756 1616 1553 1630 1647 1409 1846 1673 1523 1345 1528 1510 0 1558 1860 1567 2011 1403 1749 1167 1690 1713 1195 1840 1441 3259 1135 1254 1644 1645 1437 387 1511 1645 1641 1540 1547 2040 1492 1253 1775 1610 1542
844 187 999 269 175 196 760 924 263 67 725 741 177 493 320 171 442 1148 90 1558 0 602 673 753 777 650 787 338 360 815 487 833 3265 755 714 292 619 812 1368 467 293 1033 497 784 716 884 628 423 426 780
614 439 627 405 572 593 1062 552 660 598 330 346 574 469 457 455 839 1450 554 1860 602 0 338 219 617 255 1089 287 309 1118 475 603 2805 1057 811 428 469 651 1671 864 689 679 893 421 248 654 640 559 747 416
321 511 371 476 643 664 769 295 731 669 109 125 645 701 528 526 814 1157 626 1567 673 338 0 489 324 227 796 358 380 824 696 310 2891 764 518 500 228 358 1377 935 761 423 964 165 518 361 347 631 893 160
765 590 778 556 722 743 1213 702 810 748 480 497 725 494 608 605 990 1601 705 2011 753 219 489 0 768 405 1240 438 460 1268 500 754 2956 1208 962 579 619 802 1821 921 840 830 1044 571 273 805 791 588 772 567
254 684 589 650 630 768 605 513 835 773 387 404 629 875 702 699 650 993 730 1403 777 617 324 768 0 506 632 532 554 660 869 243 3169 600 451 673 402 88 1213 781 865 443 810 303 797 294 183 804 830 299
503 487 516 453 619 641 951 441 708 646 218 235 622 656 505 502 887 1339 602 1749 650 255 227 405 506 0 978 335 357 1007 662 492 2858 946 700 476 410 540 1560 912 737 568 941 310 435 543 529 607 870 305
681 769 1061 850 640 778 216 986 845 783 860 876 639 1075 902 753 574 400 740 1167 787 1089 796 1240 632 978 0 920 942 68 1069 670 3641 58 483 874 874 666 978 740 875 870 769 776 1269 721 483 1005 840 771
529 175 684 141 308 329 893 609 396 334 410 426 310 366 193 191 575 1281 291 1690 338 287 358 438 532 335 920 0 49 948 360 518 2950 888 726 165 304 566 1501 600 426 718 629 469 467 569 555 296 558 465
551 197 706 163 330 351 915 630 418 356 432 448 332 388 215 213 597 1303 313 1713 360 309 380 460 554 357 942 49 0 970 382 540 2972 910 748 187 326 588 1523 622 448 740 651 491 489 591 577 318 580 487
710 797 1089 879 668 806 245 1014 873 811 888 905 667 1103 930 781 603 359 768 1195 815 1118 824 1268 660 1007 68 948 970 0 1097 699 3670 87 512 902 902 695 1006 768 903 898 798 804 1298 749 511 1033 868 800
866 325 1021 242 457 312 1042 946 339 483 737 753 459 59 343 340 622 1430 440 1840 487 475 696 500 869 662 1069 360 382 1097 0 856 3212 1037 996 314 641 903 1650 446 369 1055 601 807 254 906 892 113 297 802
130 671 542 636 714 824 643 448 891 829 374 390 712 862 688 686 688 1031 786 1441 833 603 310 754 243 492 670 518 540 699 856 0 3156 639 352 660 388 278 1252 854 921 319 883 257 783 170 267 791 914 253
3187 3133 3199 3099 3266 3287 3634 3124 3354 3292 2902 2918 3268 3238 3151 3148 3533 4022 3248 3333 3296 2836 2911 2987 3189 2878 3662 2981 3003 3690 3243 3176 0 3630 3384 3122 3094 3224 3460 3558 3383 3252 3587 2993 3016 3226 3212 3253 3515 2988
649 737 1029 818 608 746 184 954 813 751 828 844 607 1043 870 721 543 419 708 1135 755 1057 764 1208 600 946 58 888 910 87 1037 639 3610 0 451 842 842 635 946 708 843 838 738 744 1237 689 451 973 808 739
363 695 750 777 566 704 456 675 771 709 582 598 565 1001 829 679 501 844 666 1254 714 811 518 962 451 700 483 726 748 512 996 352 3363 451 0 800 596 486 1065 667 801 552 696 465 991 403 409 931 766 460
671 129 825 95 262 283 846 750 350 288 551 568 264 320 78 145 529 1234 244 1644 292 428 500 579 673 476 874 165 187 902 314 660 3091 842 800 0 445 708 1455 554 380 859 583 611 543 710 697 249 512 606
399 456 554 422 589 610 847 478 677 615 292 308 591 647 474 472 856 1235 571 1645 619 469 228 619 402 410 874 304 326 902 641 388 3074 842 596 445 0 436 1455 881 706 588 910 339 649 439 425 576 839 335
288 718 623 684 664 802 639 548 869 807 422 438 663 909 736 734 684 1027 764 1437 812 651 358 802 88 540 666 566 588 695 903 278 3203 635 486 708 436 0 1248 815 899 477 844 338 831 328 217 839 864 333
1263 1350 1642 1432 1221 1359 950 1567 1426 1364 1441 1458 1220 1656 1483 1334 1156 1338 1321 387 1368 1671 1377 1821 1213 1560 978 1501 1523 1006 1650 1252 3387 946 1065 1455 1455 1248 0 1321 1456 1451 1351 1357 1851 1302 1064 1586 1421 1353
865 449 1210 530 320 400 713 1134 427 463 986 1003 319 452 582 433 214 1101 420 1511 467 864 935 921 781 912 740 600 622 768 446 854 3526 708 667 554 881 815 1321 0 457 1053 267 924 675 904 631 460 173 920
932 274 1086 356 263 118 847 1011 145 289 812 829 265 375 408 259 530 1235 245 1645 293 689 761 840 865 737 875 426 448 903 369 921 3352 843 801 380 706 899 1456 457 0 1121 584 872 598 972 715 383 308 867
283 870 324 836 913 1024 843 150 1091 1029 450 466 912 1061 888 886 888 1231 985 1641 1033 679 423 830 443 568 870 718 740 898 1055 319 3232 838 552 859 588 477 1451 1053 1121 0 1083 361 859 323 466 990 1113 356
894 478 1239 560 349 487 742 1164 554 492 1016 1032 348 606 612 462 243 1130 449 1540 497 893 964 1044 810 941 769 629 651 798 601 883 3556 738 696 583 910 844 1351 267 584 1083 0 954 829 934 661 615 327 949
268 622 309 588 754 775 749 233 842 780 191 208 756 813 639 637 793 1137 737 1547 784 421 165 571 303 310 776 469 491 804 807 257 2973 744 465 611 339 338 1357 924 872 361 954 0 601 308 327 742 974 28
794 554 807 470 686 541 1242 732 568 712 509 526 688 248 572 569 851 1630 669 2040 716 248 518 273 797 435 1269 467 489 1298 254 783 2985 1237 991 543 649 831 1851 675 598 859 829 601 0 834 820 342 525 596
72 721 593 687 764 875 694 452 942 880 425 441 763 912 739 737 739 1082 836 1492 884 654 361 805 294 543 721 569 591 749 906 170 3206 689 403 710 439 328 1302 904 972 323 934 308 834 0 317 841 964 303
277 609 612 673 481 619 456 537 686 624 411 427 479 898 725 594 500 843 580 1253 628 640 347 791 183 529 483 555 577 511 892 267 3192 451 409 697 425 217 1064 631 715 466 661 327 820 317 0 828 681 322
802 260 956 177 393 326 977 881 353 419 682 699 395 119 278 276 636 1365 375 1775 423 559 631 588 804 607 1005 296 318 1033 113 791 3222 973 931 249 576 839 1586 460 383 990 615 742 342 841 828 0 311 737
924 407 1219 439 369 251 813 1144 278 422 945 961 368 302 541 392 349 1200 378 1610 426 747 893 772 830 870 840 558 580 868 297 914 3484 808 766 512 839 864 1421 173 308 1113 327 974 525 964 681 311 0 969
263 617 304 583 750 771 744 228 838 776 186 203 752 808 635 632 789 1132 732 1542 780 416 160 567 299 305 771 465 487 800 802 253 2968 739 460 606 335 333 1353 920 867 356 949 28 596 303 322 737 969 0
EOF