NAME : tsp_problem
TYPE : TSP
DIMENSION : 24
EDGE_WEIGHT_TYPE : EXPLICIT
EDGE_WEIGHT_FORMAT : FULL_MATRIX
EDGE_WEIGHT_SECTION
0 1452 1008 1015 194 1020 440 310 896 527 787 2793 1083 2175 1160 1234 1310 902 992 1091 1237 960 895 906
1452 0 890 638 1311 557 1628 1205 1087 1533 839 3554 716 2935 469 234 2070 902 614 827 871 960 747 906
1008 890 0 359 867 810 1183 761 548 1088 857 3109 946 2491 722 672 1626 990 335 1057 1100 1048 835 994
1015 638 359 0 875 558 1191 769 556 1096 675 3117 694 2499 470 419 1634 738 63 805 848 796 583 742
194 1311 867 875 0 880 414 170 755 398 646 2653 942 2035 1019 1093 1170 761 851 950 1097 819 755 765
1020 557 810 558 880 0 1196 774 1007 1101 407 3122 284 2504 265 339 1639 470 534 395 439 528 315 474
440 1628 1183 1191 414 1196 0 487 1072 117 963 2969 1259 2351 1335 1410 1486 1077 1167 1267 1413 1136 1071 1082
310 1205 761 769 170 774 487 0 650 392 540 2547 836 1929 913 987 1064 655 745 844 991 713 649 659
896 1087 548 556 755 1007 1072 650 0 977 796 2998 1092 2380 919 869 1515 946 532 1135 1247 1004 910 950
527 1533 1088 1096 398 1101 117 392 977 0 868 2874 1164 2256 1240 1315 1391 982 1072 1172 1318 1041 976 987
787 839 857 675 646 407 963 540 796 868 0 2889 470 2270 547 621 1405 334 651 523 625 392 288 338
2755 3515 3071 3079 2614 3083 2931 2508 2959 2836 2850 0 3146 2877 3223 3297 1695 2965 3055 3154 3301 3023 2959 2969
1083 716 946 694 942 284 1259 836 1092 1164 470 3185 0 2566 424 498 1701 491 670 159 203 405 330 351
2175 2935 2491 2499 2035 2504 2351 1929 2380 2256 2270 2915 2566 0 2643 2717 1432 2385 2475 2574 2721 2444 2379 2389
1160 469 722 470 1019 265 1335 913 919 1240 547 3261 424 2643 0 251 1778 610 446 535 578 668 455 614
1234 234 672 419 1093 339 1410 987 869 1315 621 3336 498 2717 251 0 1852 684 396 609 652 742 529 688
1310 2070 1626 1634 1170 1639 1486 1064 1515 1391 1405 1733 1701 1432 1778 1852 0 1520 1610 1709 1856 1578 1514 1524
902 902 990 738 761 470 1077 655 946 982 334 3003 491 2385 610 684 1520 0 714 358 617 227 305 173
992 614 335 63 851 534 1167 745 532 1072 651 3094 670 2475 446 396 1610 714 0 781 824 772 559 718
1091 827 1057 805 950 395 1267 844 1135 1172 523 3193 159 2574 535 609 1709 358 781 0 286 272 442 218
1237 871 1100 848 1097 439 1413 991 1247 1318 625 3339 203 2721 578 652 1856 617 824 286 0 531 485 477
960 960 1048 796 819 528 1136 713 1004 1041 392 3062 405 2444 668 742 1578 227 772 272 531 0 364 87
895 747 835 583 755 315 1071 649 910 976 288 2997 330 2379 455 529 1514 305 559 442 485 364 0 310
906 906 994 742 765 474 1082 659 950 987 338 3008 351 2389 614 688 1524 173 718 218 477 87 310 0
EOF
