NAME : tsp_problem
TYPE : TSP
DIMENSION : 30
EDGE_WEIGHT_TYPE : EXPLICIT
EDGE_WEIGHT_FORMAT : FULL_MATRIX
EDGE_WEIGHT_SECTION
0 287 962 406 763 653 844 786 152 505 992 659 741 358 797 2966 669 679 725 456 1323 302 721 419 536 911 336 597 839 735
287 0 751 194 552 566 924 699 204 390 780 447 654 536 877 2884 582 633 638 369 1111 90 634 207 324 824 96 386 627 648
962 751 0 579 535 543 594 314 878 659 97 483 631 934 578 3508 819 611 615 685 401 684 611 580 525 493 799 442 611 626
406 194 579 0 380 635 993 673 322 219 609 276 722 654 946 2951 651 702 707 244 940 128 702 36 179 893 243 214 456 717
763 552 535 380 0 876 995 674 679 460 565 284 964 1007 957 3309 893 944 949 486 896 485 944 381 293 893 600 203 158 959
653 566 543 635 876 0 457 273 569 539 573 772 153 455 411 3309 416 132 137 490 904 580 133 636 711 398 615 711 952 222
844 924 594 993 995 457 0 373 886 897 624 906 414 511 77 3667 774 348 530 848 955 938 394 994 948 204 973 874 1070 580
786 699 314 673 674 273 373 0 702 672 343 577 361 663 326 3443 549 340 345 623 674 713 341 674 618 273 748 545 750 355
152 204 878 322 679 569 886 702 0 421 908 575 657 400 840 2883 585 636 641 372 1239 218 637 335 452 827 252 513 755 651
505 390 659 219 460 539 897 672 421 0 689 356 626 669 850 3147 555 606 611 148 1020 324 606 220 295 797 439 295 536 621
992 780 97 609 565 573 624 343 908 689 0 513 661 963 608 3537 848 640 645 715 457 714 641 610 554 522 829 472 640 655
659 447 483 276 284 772 906 577 575 356 513 0 860 903 860 3204 788 839 844 382 844 381 840 276 221 806 496 155 360 854
741 654 631 722 964 153 414 361 657 626 661 860 0 412 368 3397 503 89 225 578 992 668 90 723 799 486 702 798 1040 310
358 536 934 654 1007 455 511 663 400 669 963 903 412 0 465 3215 547 346 527 621 1294 550 392 667 784 686 585 841 1083 613
797 877 578 946 957 411 77 326 840 850 608 860 368 465 0 3621 727 301 483 801 939 892 348 947 901 251 926 827 1032 534
2998 2905 3528 2971 3329 3340 3699 3474 2914 3167 3557 3224 3428 3246 3652 0 3357 3408 3413 3144 3889 2867 3408 2984 3101 3598 2953 3163 3405 3423
669 582 819 651 893 416 774 549 585 555 848 788 503 547 727 3325 0 483 488 506 1180 596 483 652 727 674 631 727 968 232
679 633 611 702 944 132 348 340 636 606 640 839 89 346 301 3377 483 0 204 557 971 647 69 703 779 465 682 778 1019 289
725 638 615 707 949 137 530 345 641 611 645 844 225 527 483 3381 488 204 0 562 976 652 205 708 783 470 687 783 1024 294
456 369 685 244 486 490 848 623 372 148 715 382 578 621 801 3112 506 557 562 0 1046 350 558 245 321 748 418 321 562 572
1323 1111 401 940 896 904 955 674 1239 1020 457 844 992 1294 939 3868 1180 971 976 1046 0 1045 972 941 885 853 1160 803 971 986
302 90 684 128 485 580 938 713 218 324 714 381 668 550 892 2847 596 647 652 350 1045 0 648 141 258 838 139 319 561 662
721 634 611 702 944 133 394 341 637 606 641 840 90 392 348 3377 483 69 205 558 972 648 0 703 779 466 683 779 1020 290
419 207 580 36 381 636 994 674 335 220 610 276 723 667 947 2964 652 703 708 245 941 141 703 0 192 894 256 215 457 718
536 324 525 179 293 711 948 618 452 295 554 221 799 784 901 3081 727 779 783 321 885 258 779 192 0 847 373 112 368 794
911 824 493 893 893 398 204 273 827 797 522 806 486 686 251 3567 674 465 470 748 853 838 466 894 847 0 873 774 969 480
336 96 799 243 600 615 973 748 252 439 829 496 702 585 926 2933 631 682 687 418 1160 139 683 256 373 873 0 435 676 697
597 386 442 214 203 711 874 545 513 295 472 155 798 841 827 3143 727 778 783 321 803 319 779 215 112 774 435 0 279 793
839 627 611 456 158 952 1070 750 755 536 640 360 1040 1083 1032 3384 968 1019 1024 562 971 561 1020 457 368 969 676 279 0 1034
735 648 626 717 959 222 580 355 651 621 655 854 310 613 534 3392 232 289 294 572 986 662 290 718 794 480 697 793 1034 0
EOF