NAME : tsp_problem
TYPE : TSP
DIMENSION : 30
EDGE_WEIGHT_TYPE : EXPLICIT
EDGE_WEIGHT_FORMAT : FULL_MATRIX
EDGE_WEIGHT_SECTION
0 943 597 1287 805 553 537 707 405 932 665 258 1137 926 574 588 419 95 788 319 981 444 380 1018 1158 501 317 842 292 390
943 0 1316 864 813 431 804 974 690 273 932 705 360 268 841 855 831 894 193 1083 322 1007 597 360 381 838 940 171 721 1109
597 1316 0 1660 889 927 722 892 778 1305 727 631 1510 1299 759 773 604 548 1161 304 1354 675 753 1392 1532 874 417 1215 666 223
1287 864 1660 0 1157 775 1148 1318 1034 853 1276 1049 1058 847 1185 1199 1175 1238 709 1427 902 1351 941 940 1080 1182 1284 763 1065 1453
805 813 889 1157 0 479 383 448 737 802 279 752 1007 796 420 434 410 756 658 712 851 1054 645 889 1029 931 870 712 777 783
553 431 927 775 479 0 469 640 300 420 597 315 625 414 507 520 496 504 276 693 469 617 208 506 647 494 550 330 340 720
537 804 722 1148 383 469 0 211 728 792 168 650 998 787 78 166 142 488 649 444 841 837 635 879 1019 894 602 703 685 515
707 974 892 1318 448 640 211 0 898 963 208 821 1168 957 248 337 312 658 819 615 1012 1008 806 1050 1190 1065 773 873 856 685
405 690 778 1034 737 300 728 898 0 678 856 166 884 673 766 779 680 356 535 545 727 468 127 765 905 345 401 589 191 571
932 273 1305 853 802 420 792 963 678 0 920 693 458 32 830 844 819 882 181 1071 75 995 586 113 380 827 928 280 709 1098
665 932 727 1276 279 597 168 208 856 920 0 779 1126 915 206 294 270 616 777 573 969 965 763 1007 1147 1022 730 831 814 643
258 705 631 1049 752 315 650 821 166 693 779 0 899 688 688 702 533 209 550 398 742 321 142 780 920 263 254 604 99 424
1137 360 1510 1058 1007 625 998 1168 884 458 1126 899 0 463 1035 1049 1024 1088 388 1277 506 1200 791 544 98 1032 1134 328 915 1303
926 268 1299 847 796 414 787 957 673 32 915 688 463 0 824 838 813 877 176 1066 80 989 580 118 385 821 923 274 704 1092
574 841 759 1185 420 507 78 248 766 830 206 688 1035 824 0 204 179 525 686 482 879 875 673 917 1057 932 640 740 723 552
588 855 773 1199 434 520 166 337 779 844 294 702 1049 838 204 0 193 539 700 496 893 888 686 930 1070 945 653 754 737 566
419 831 604 1175 410 496 142 312 680 819 270 533 1024 813 179 193 0 370 675 327 868 719 655 906 1046 776 485 729 568 397
95 894 548 1238 756 504 488 658 356 882 616 209 1088 877 525 539 370 0 739 270 931 395 331 969 1109 452 268 793 243 341
788 193 1161 709 658 276 649 819 535 181 777 550 388 176 686 700 675 739 0 928 230 851 442 268 409 683 785 159 565 954
319 1083 304 1427 712 693 444 615 545 1071 573 398 1277 1066 482 496 327 270 928 0 1121 442 520 1158 1298 641 184 982 432 97
981 322 1354 902 851 469 841 1012 727 75 969 742 506 80 879 893 868 931 230 1121 0 1044 635 78 428 876 977 329 758 1147
444 1007 675 1351 1054 617 837 1008 468 995 965 321 1200 989 875 888 719 395 851 442 1044 0 443 1082 1222 350 299 905 308 468
380 597 753 941 645 208 635 806 127 586 763 142 791 580 673 686 655 331 442 520 635 443 0 673 813 320 377 496 166 546
1018 360 1392 940 889 506 879 1050 765 113 1007 780 544 118 917 930 906 969 268 1158 78 1082 673 0 466 914 1015 367 796 1185
1158 381 1532 1080 1029 647 1019 1190 905 380 1147 920 98 385 1057 1070 1046 1109 409 1298 428 1222 813 466 0 1054 1155 349 936 1325
501 838 874 1182 931 494 894 1065 345 827 1022 263 1032 821 932 945 776 452 683 641 876 350 320 914 1054 0 498 737 239 667
317 940 417 1284 870 550 602 773 401 928 730 254 1134 923 640 653 485 268 785 184 977 299 377 1015 1155 498 0 839 289 210
842 171 1215 763 712 330 703 873 589 280 831 604 328 274 740 754 729 793 159 982 329 905 496 367 349 737 839 0 620 1008
292 721 666 1065 777 340 685 856 191 709 814 99 915 704 723 737 568 243 565 432 758 308 166 796 936 239 289 620 0 459
390 1109 223 1453 783 720 515 685 571 1098 643 424 1303 1092 552 566 397 341 954 97 1147 468 546 1185 1325 667 210 1008 459 0
EOF