NAME : tsp_problem
TYPE : TSP
DIMENSION : 52
EDGE_WEIGHT_TYPE : EXPLICIT
EDGE_WEIGHT_FORMAT : FULL_MATRIX
EDGE_WEIGHT_SECTION
0 299 487 225 369 764 3146 777 438 434 320 247 238 759 1482 914 548 1373 639 874 719 311 383 327 629 1071 220 1260 671 620 1910 367 499 597 1196 635 1173 608 407 544 759 2997 530 715 784 1901 1371 377 696 332 1168 811
299 0 306 124 136 791 3123 800 301 201 489 146 261 786 1248 937 314 1139 662 641 485 67 149 350 652 837 389 1027 437 643 1676 104 318 364 962 402 940 632 344 567 525 2974 554 742 812 1667 1137 144 719 501 934 700
487 306 0 365 207 735 3269 743 136 123 677 386 275 729 1216 880 282 1107 605 608 453 337 295 210 595 805 577 994 405 586 1644 374 99 473 930 369 908 575 180 510 493 3120 497 686 755 1635 1105 188 662 689 902 668
225 124 365 0 194 718 3101 726 359 260 415 67 188 713 1307 863 373 1198 589 699 544 101 208 277 578 896 315 1085 496 569 1735 157 377 422 1021 460 999 558 356 494 584 2952 480 669 738 1726 1196 202 646 428 993 759
369 136 207 194 0 800 3193 809 202 102 559 216 332 795 1149 946 215 1040 671 542 386 166 124 276 661 738 459 928 338 652 1577 204 219 303 863 303 841 640 245 576 426 3044 562 751 820 1568 1038 52 728 572 835 601
764 791 735 718 800 0 3330 457 685 716 471 740 556 131 1277 490 875 1168 600 754 1046 803 876 575 255 866 735 1056 998 580 1705 859 747 1067 991 893 969 569 655 440 889 3182 492 88 157 1696 1166 782 191 458 963 512
3201 3167 3231 3144 3164 3292 0 3020 3225 3125 3390 3166 3228 3286 3127 3128 3026 3018 3422 2764 3124 3197 3251 3299 3152 2716 3290 2905 3076 3403 1877 3235 3243 3361 2841 2989 2819 3391 3269 3328 2900 184 3314 3243 3312 1868 3016 3145 3219 3403 2813 2824
777 800 743 726 809 457 3059 0 694 724 713 748 565 452 1006 162 689 897 608 483 824 812 884 583 338 595 867 784 776 589 1434 868 755 1024 720 643 697 577 663 514 618 2910 500 408 477 1425 895 790 405 699 692 262
438 301 136 359 202 685 3264 694 0 117 628 381 226 680 1211 831 277 1101 556 603 448 332 289 161 546 800 528 989 400 537 1639 369 148 468 925 364 902 526 131 461 488 3115 448 636 706 1630 1100 183 613 640 897 662
434 201 123 260 102 716 3164 724 117 0 624 281 256 710 1111 861 177 1002 587 503 348 232 190 191 576 700 524 889 300 567 1539 269 134 368 825 264 802 556 161 492 388 3015 478 667 736 1530 1000 83 643 637 797 563
320 489 677 415 559 471 3336 713 628 624 0 437 428 466 1612 746 738 1502 675 1064 909 501 573 517 589 1201 291 1390 861 656 2040 557 689 787 1326 825 1303 644 597 437 949 3187 566 422 491 2031 1501 567 526 164 1298 847
247 146 386 67 216 740 3122 748 381 281 437 0 210 734 1329 885 395 1219 610 721 566 100 230 298 600 918 337 1107 518 591 1757 156 398 444 1043 482 1020 580 378 515 606 2974 502 691 760 1748 1218 224 667 450 1015 780
238 261 275 188 332 556 3173 565 226 256 428 210 0 551 1350 702 416 1240 427 742 586 273 346 115 417 938 328 1128 539 408 1778 329 287 560 1064 503 1041 396 195 332 626 3024 318 507 576 1769 1239 322 484 441 1036 599
759 786 729 713 795 131 3325 452 680 710 466 734 551 0 1272 485 870 1163 594 749 1041 798 870 569 250 861 730 1050 993 575 1700 854 741 1061 986 888 963 564 649 435 884 3176 486 82 151 1691 1161 776 186 452 958 507
1482 1248 1216 1307 1149 1277 3166 1006 1211 1111 1612 1329 1350 1272 0 1114 1011 124 1407 750 1109 1279 1237 1285 1138 438 1572 297 1062 1388 1541 1316 1228 1346 491 974 353 1377 1255 1313 885 3017 1299 1228 1297 1532 151 1131 1205 1598 359 810
914 937 880 863 946 490 3167 162 831 861 746 885 702 485 1114 0 826 1004 745 591 950 949 1021 720 475 703 1003 892 902 726 1542 1005 892 1161 828 780 805 714 800 650 726 3018 637 441 510 1533 1003 927 542 733 800 399
548 314 282 373 215 875 3064 689 277 177 738 395 416 870 1011 826 0 902 746 364 208 345 303 351 736 600 638 790 160 727 1439 382 294 374 725 174 703 716 321 651 248 2916 638 826 896 1430 900 197 803 750 698 472
1373 1139 1107 1198 1040 1168 3056 897 1101 1002 1502 1219 1240 1163 124 1004 902 0 1298 641 1000 1170 1128 1175 1028 329 1462 187 952 1279 1431 1207 1119 1237 482 865 404 1268 1145 1204 776 2908 1190 1119 1188 1422 202 1022 1095 1489 409 701
639 662 605 589 671 600 3461 608 556 587 675 610 427 594 1407 745 746 1298 0 884 917 674 746 446 460 996 729 1186 869 45 1836 730 617 937 1121 833 1099 127 525 376 957 3312 227 551 620 1827 1296 653 527 661 1094 642
874 641 608 699 542 754 2803 483 603 503 1064 721 742 749 750 591 364 641 884 0 462 671 629 677 614 339 964 528 414 865 1178 709 620 699 464 451 441 854 647 790 238 2654 776 705 774 1169 639 523 681 1075 436 287
719 485 453 544 386 1046 3163 824 448 348 909 566 586 1041 1109 950 208 1000 917 462 0 516 474 522 907 698 809 888 124 898 1538 553 465 371 823 308 801 886 491 822 346 3014 808 997 1066 1529 998 368 974 921 796 606
311 67 337 101 166 803 3154 812 332 232 501 100 273 798 1279 949 345 1170 674 671 516 0 180 362 664 868 401 1058 468 655 1707 76 349 394 993 432 971 644 375 579 556 3005 566 754 824 1698 1168 175 731 513 965 731
383 149 295 208 124 876 3207 884 289 190 573 230 346 870 1237 1021 303 1128 746 629 474 180 0 363 736 826 473 1015 426 727 1665 218 307 352 951 390 928 716 333 651 514 3058 638 827 896 1656 1126 132 803 585 923 689
327 350 210 277 276 575 3262 583 161 191 517 298 115 569 1285 720 351 1175 446 677 522 362 363 0 435 874 417 1063 474 426 1713 418 222 542 999 438 976 415 130 350 562 3113 337 526 595 1704 1174 257 502 529 971 618
629 652 595 578 661 255 3191 338 546 576 589 600 417 250 1138 475 736 1028 460 614 907 664 736 435 0 726 719 916 859 441 1566 720 607 927 852 753 829 429 515 366 750 3042 352 206 275 1557 1027 642 182 576 824 373
1071 837 805 896 738 866 2755 595 800 700 1201 918 938 861 438 703 600 329 996 339 698 868 826 874 726 0 1161 216 650 977 1130 905 817 935 180 563 159 966 843 902 474 2606 888 817 886 1121 356 720 794 1187 153 399
220 389 577 315 459 735 3236 867 528 524 291 337 328 730 1572 1003 638 1462 729 964 809 401 473 417 719 1161 0 1350 761 710 2000 457 589 687 1286 725 1263 698 497 634 849 3087 620 686 755 1991 1461 467 786 303 1258 901
1260 1027 994 1085 928 1056 2944 784 989 889 1390 1107 1128 1050 297 892 790 187 1186 528 888 1058 1015 1063 916 216 1350 0 840 1166 1319 1095 1006 1125 370 752 348 1155 1033 1091 664 2795 1078 1007 1076 1310 375 909 983 1377 343 588
671 437 405 496 338 998 3115 776 400 300 861 518 539 993 1062 902 160 952 869 414 124 468 426 474 859 650 761 840 0 850 1490 505 417 319 776 260 753 838 443 774 298 2966 760 949 1018 1481 950 320 926 873 748 558
620 643 586 569 652 580 3441 589 537 567 656 591 408 575 1388 726 727 1279 45 865 898 655 727 426 441 977 710 1166 850 0 1816 711 598 918 1102 814 1080 108 506 357 938 3293 207 531 600 1807 1277 633 508 642 1074 623
1910 1676 1644 1735 1577 1705 1915 1434 1639 1539 2040 1757 1778 1700 1541 1542 1439 1431 1836 1178 1538 1707 1665 1713 1566 1130 2000 1319 1490 1816 0 1745 1656 1774 1255 1402 1232 1805 1683 1741 1313 1767 1727 1656 1725 145 1430 1559 1633 2026 1227 1238
367 104 374 157 204 859 3191 868 369 269 557 156 329 854 1316 1005 382 1207 730 709 553 76 218 418 720 905 457 1095 505 711 1745 0 386 432 1030 470 1008 699 413 635 593 3042 621 810 879 1736 1205 212 787 569 1003 768
499 318 99 377 219 747 3281 755 148 134 689 398 287 741 1228 892 294 1119 617 620 465 349 307 222 607 817 589 1006 417 598 1656 386 0 485 942 381 920 587 192 522 505 3132 509 698 767 1647 1117 200 674 701 914 680
597 364 473 422 303 1067 3399 1024 468 368 787 444 560 1061 1346 1161 374 1237 937 699 371 394 352 542 927 935 687 1125 319 918 1774 432 485 0 1060 508 1038 907 512 842 583 3251 829 1018 1087 1765 1235 311 994 800 1032 807
1196 962 930 1021 863 991 2880 720 925 825 1326 1043 1064 986 491 828 725 482 1121 464 823 993 951 999 852 180 1286 370 776 1102 1255 1030 942 1060 0 688 164 1091 969 1027 599 2731 1013 942 1011 1246 361 845 919 1312 158 524
635 402 369 460 303 893 3027 643 364 264 825 482 503 888 974 780 174 865 833 451 308 432 390 438 753 563 725 752 260 814 1402 470 381 508 688 0 666 803 408 738 348 2879 725 844 913 1393 863 284 820 838 660 426
1173 940 908 999 841 969 2857 697 902 802 1303 1020 1041 963 353 805 703 404 1099 441 801 971 928 976 829 159 1263 348 753 1080 1232 1008 920 1038 164 666 0 1068 946 1004 577 2708 991 920 989 1223 223 822 896 1290 55 501
608 632 575 558 640 569 3430 577 526 556 644 580 396 564 1377 714 716 1268 127 854 886 644 716 415 429 966 698 1155 838 108 1805 699 587 907 1091 803 1068 0 495 345 926 3281 196 520 589 1796 1266 622 496 631 1063 612
407 344 180 356 245 655 3308 663 131 161 597 378 195 649 1255 800 321 1145 525 647 491 375 333 130 515 843 497 1033 443 506 1683 413 192 512 969 408 946 495 0 430 531 3159 417 606 675 1674 1143 227 582 609 941 697
544 567 510 494 576 440 3366 514 461 492 437 515 332 435 1313 650 651 1204 376 790 822 579 651 350 366 902 634 1091 774 357 1741 635 522 842 1027 738 1004 345 430 0 862 3217 267 391 460 1732 1202 558 433 423 999 548
759 525 493 584 426 889 2938 618 488 388 949 606 626 884 885 726 248 776 957 238 346 556 514 562 750 474 849 664 298 938 1313 593 505 583 599 348 577 926 531 862 0 2790 848 840 909 1304 774 408 817 961 571 422
3052 3018 3082 2996 3015 3143 184 2872 3077 2977 3242 3017 3079 3138 2978 2980 2877 2869 3273 2616 2975 3049 3102 3151 3003 2567 3142 2757 2927 3254 1728 3086 3094 3212 2692 2840 2670 3243 3120 3179 2751 0 3165 3094 3163 1719 2867 2997 3070 3254 2665 2676
530 554 497 480 562 492 3353 500 448 478 566 502 318 486 1299 637 638 1190 227 776 808 566 638 337 352 888 620 1078 760 207 1727 621 509 829 1013 725 991 196 417 267 848 3204 0 443 512 1718 1188 544 419 553 986 534
715 742 686 669 751 88 3281 408 636 667 422 691 507 82 1228 441 826 1119 551 705 997 754 827 526 206 817 686 1007 949 531 1656 810 698 1018 942 844 920 520 606 391 840 3133 443 0 90 1647 1117 733 142 409 914 463
784 812 755 738 820 157 3350 477 706 736 491 760 576 151 1297 510 896 1188 620 774 1066 824 896 595 275 886 755 1076 1018 600 1725 879 767 1087 1011 913 989 589 675 460 909 3202 512 90 0 1716 1186 802 211 478 983 532
1901 1667 1635 1726 1568 1696 1906 1425 1630 1530 2031 1748 1769 1691 1532 1533 1430 1422 1827 1169 1529 1698 1656 1704 1557 1121 1991 1310 1481 1807 145 1736 1647 1765 1246 1393 1223 1796 1674 1732 1304 1758 1718 1647 1716 0 1421 1550 1624 2017 1218 1229
1371 1137 1105 1196 1038 1166 3055 895 1100 1000 1501 1218 1239 1161 151 1003 900 202 1296 639 998 1168 1126 1174 1027 356 1461 375 950 1277 1430 1205 1117 1235 361 863 223 1266 1143 1202 774 2906 1188 1117 1186 1421 0 1020 1094 1487 229 699
377 144 188 202 52 782 3184 790 183 83 567 224 322 776 1131 927 197 1022 653 523 368 175 132 257 642 720 467 909 320 633 1559 212 200 311 845 284 822 622 227 558 408 3035 544 733 802 1550 1020 0 709 580 817 582
696 719 662 646 728 191 3258 405 613 643 526 667 484 186 1205 542 803 1095 527 681 974 731 803 502 182 794 786 983 926 508 1633 787 674 994 919 820 896 496 582 433 817 3109 419 142 211 1624 1094 709 0 512 891 440
332 501 689 428 572 458 3348 699 640 637 164 450 441 452 1598 733 750 1489 661 1075 921 513 585 529 576 1187 303 1377 873 642 2026 569 701 800 1312 838 1290 631 609 423 961 3200 553 409 478 2017 1487 580 512 0 1284 833
1168 934 902 993 835 963 2852 692 897 797 1298 1015 1036 958 359 800 698 409 1094 436 796 965 923 971 824 153 1258 343 748 1074 1227 1003 914 1032 158 660 55 1063 941 999 571 2703 986 914 983 1218 229 817 891 1284 0 496
811 700 668 759 601 512 2863 262 662 563 847 780 599 507 810 399 472 701 642 287 606 731 689 618 373 399 901 588 558 623 1238 768 680 807 524 426 501 612 697 548 422 2714 534 463 532 1229 699 582 440 833 496 0
EOF