NAME : tsp_problem
TYPE : TSP
DIMENSION : 64
EDGE_WEIGHT_TYPE : EXPLICIT
EDGE_WEIGHT_FORMAT : FULL_MATRIX
EDGE_WEIGHT_SECTION
0 1210 1066 309 384 1226 648 1041 355 909 484 1155 460 628 601 706 1823 468 1882 574 357 326 638 147 301 918 2851 507 397 942 1064 526 81 530 362 1655 1058 624 536 965 1048 357 932 384 466 626 337 1227 404 212 589 428 643 661 411 379 1054 480 709 291 612 540 506 584
1210 0 172 1225 1300 92 1616 196 1358 435 1114 74 1100 1344 1376 1674 2738 1244 1752 1542 1370 1289 1154 1195 1086 318 2721 1362 975 468 166 1382 1200 1498 1365 1524 172 1399 1166 1172 190 1356 319 962 1322 1401 1127 92 1320 1260 1364 1132 1159 918 1202 1294 184 1109 1225 1339 1387 1056 1054 1552
1066 172 0 1080 1155 176 1472 38 1214 277 970 212 955 1199 1232 1530 2594 1099 1608 1398 1225 1145 1009 1051 941 409 2576 1217 831 310 303 1237 1056 1354 1220 1380 310 1254 1021 1028 32 1211 161 817 1177 1257 983 176 1175 1115 1219 988 1015 774 1057 1150 26 965 1080 1194 1243 912 909 1408
309 1225 1080 0 92 1241 442 1056 185 924 499 1170 500 668 640 501 1565 507 1897 369 196 365 677 294 254 933 2687 380 412 956 1079 399 300 325 191 1669 1072 663 519 1004 1062 182 947 399 339 665 209 1241 112 359 628 468 683 700 284 120 1069 494 748 249 651 580 546 379
384 1300 1155 92 0 1316 517 1131 259 998 574 1245 574 742 715 575 1639 582 1972 443 270 440 752 369 329 1008 2762 455 487 1031 1154 474 375 399 266 1744 1147 738 594 1079 1137 257 1021 473 414 740 284 1316 133 434 703 542 757 775 359 145 1143 569 823 323 726 654 620 453
1226 92 176 1241 1316 0 1633 199 1375 438 1130 109 1116 1360 1393 1691 2755 1260 1769 1559 1386 1306 1170 1212 1102 353 2737 1378 992 471 201 1398 1217 1515 1381 1541 207 1415 1182 1189 193 1372 322 978 1338 1418 1144 95 1336 1276 1380 1149 1175 935 1218 1311 187 1126 1241 1355 1404 1073 1070 1569
648 1616 1472 442 517 1633 0 1447 319 1315 890 1561 634 720 775 489 1745 642 2289 93 330 500 812 589 646 1324 2868 771 804 1348 1470 791 638 143 326 2061 1464 665 911 1139 1454 317 1338 790 731 800 601 1633 440 496 763 602 817 835 675 380 1460 886 883 383 786 714 680 81
1041 196 38 1056 1131 199 1447 0 1190 253 945 235 931 1175 1207 1506 2570 1075 1584 1374 1201 1121 985 1026 917 385 2552 1193 807 286 327 1213 1032 1330 1196 1356 333 1230 997 1003 46 1187 137 793 1153 1233 958 199 1151 1091 1195 964 990 750 1033 1125 41 941 1056 1170 1219 887 885 1384
355 1358 1214 185 259 1375 319 1190 0 1057 632 1303 341 509 482 377 1552 349 2031 245 73 207 519 296 388 1066 2674 513 546 1090 1212 533 345 201 68 1803 1206 504 653 846 1196 59 1080 532 473 507 343 1375 182 203 469 309 524 542 417 122 1202 628 590 126 493 421 387 255
909 435 277 924 998 438 1315 253 1057 0 813 474 799 1042 1075 1373 2437 943 1451 1241 1068 988 852 894 784 252 2419 1061 674 76 398 1080 899 1197 1064 1223 392 1098 864 871 259 1054 144 660 1020 1100 826 438 1019 958 1063 831 858 617 900 993 266 808 923 1038 1086 755 752 1251
484 1114 970 499 574 1130 890 945 632 813 0 1059 782 951 923 948 2012 790 1786 816 644 648 960 469 327 822 2755 422 347 846 968 441 475 773 639 1559 962 946 113 1046 952 630 836 333 381 948 369 1131 594 534 911 751 965 752 443 568 958 56 1031 613 934 862 828 827
1155 74 212 1170 1245 109 1561 235 1303 474 1059 0 1045 1289 1321 1619 2683 1189 1697 1487 1315 1234 1099 1140 1031 263 2666 1307 921 507 111 1327 1146 1444 1310 1469 117 1344 1111 1117 229 1301 358 907 1267 1346 1072 125 1265 1205 1309 1078 1104 864 1147 1239 223 1055 1170 1284 1332 1001 999 1498
460 1100 955 500 574 1116 634 931 341 799 782 1045 0 328 301 692 1867 168 1772 560 343 213 201 402 600 808 2741 805 696 831 954 825 451 517 348 1544 948 323 834 528 937 344 822 682 765 326 635 1116 497 308 288 128 207 224 709 437 944 778 272 277 312 104 101 571
628 1344 1199 668 742 1360 720 1175 509 1042 951 1289 328 0 469 659 2034 336 2016 646 512 381 370 570 768 1051 2984 973 864 1075 1197 993 619 602 516 1788 1191 80 1002 471 1181 512 1065 850 933 494 803 1360 665 476 456 296 375 468 877 605 1187 946 310 445 480 307 345 656
601 1376 1232 640 715 1393 775 1207 482 1075 923 1321 301 469 0 833 2008 239 2049 701 484 354 477 542 740 1084 3017 946 836 1108 1230 965 591 657 489 1821 1224 464 975 805 1214 484 1098 823 905 153 775 1393 638 449 50 269 483 501 850 577 1220 918 548 418 139 380 347 711
706 1674 1530 501 575 1691 489 1506 377 1373 948 1619 692 659 833 0 1804 700 2347 416 388 558 870 647 704 1382 2926 829 862 1406 1528 849 696 372 384 2119 1522 604 969 1106 1512 375 1396 848 789 858 659 1691 498 554 821 660 875 893 733 438 1518 944 941 442 844 772 738 426
1367 2283 2138 1109 1184 2299 1301 2114 1107 1981 1557 2228 1422 1590 1563 1359 0 1430 2774 1227 1119 1288 1600 1352 1312 1991 1877 1438 1470 2014 2137 1457 1358 1183 1114 2230 2130 1535 1577 1927 2120 1105 2004 1456 1397 1588 1267 2299 1158 1284 1551 1391 1605 1623 1342 1097 2126 1552 1671 1172 1574 1502 1468 1237
468 1244 1099 507 582 1260 642 1075 349 943 790 1189 168 336 239 700 1875 0 1916 568 351 221 345 409 607 952 2885 813 703 975 1098 832 458 524 356 1688 1092 331 842 672 1081 351 966 690 772 264 643 1260 505 316 227 136 351 368 717 444 1088 785 416 285 250 248 214 578
1882 1752 1608 1897 1972 1769 2289 1584 2031 1451 1786 1697 1772 2016 2049 2347 2636 1916 0 2215 2042 1962 1826 1868 1758 1460 2031 2034 1648 1484 1606 2054 1873 2171 2037 835 1600 2071 1838 1845 1590 2028 1474 1634 1994 2074 1800 1769 1992 1932 2036 1805 1831 1591 1874 1967 1596 1782 1897 2011 2060 1729 1726 2225
574 1542 1398 369 443 1559 93 1374 245 1241 816 1487 560 646 701 416 1672 568 2215 0 256 426 738 515 572 1250 2794 697 730 1274 1396 717 564 69 252 1987 1390 591 837 1065 1380 243 1264 716 657 726 527 1559 366 422 689 528 743 761 601 306 1386 812 809 310 712 640 606 29
357 1370 1225 196 270 1386 330 1201 73 1068 644 1315 343 512 484 388 1563 351 2042 256 0 209 521 298 399 1077 2685 524 557 1101 1223 544 347 213 79 1814 1217 507 664 848 1207 70 1091 543 484 509 354 1386 193 205 472 311 526 544 429 133 1213 639 592 137 495 423 389 267
326 1289 1145 365 440 1306 500 1121 207 988 648 1234 213 381 354 558 1732 221 1962 426 209 0 390 267 465 997 2855 671 561 1021 1143 690 316 382 214 1734 1137 376 699 718 1127 209 1011 547 630 379 500 1306 362 174 341 181 396 414 575 302 1133 643 462 143 365 293 259 436
638 1154 1009 677 752 1170 812 985 519 852 960 1099 201 370 477 870 2044 345 1826 738 521 390 0 579 777 861 2794 982 803 885 1007 1002 628 694 526 1598 1001 425 1011 582 991 521 875 790 942 502 812 1170 674 486 465 234 185 278 887 614 997 955 251 455 489 117 155 748
147 1195 1051 294 369 1212 589 1026 296 894 469 1140 402 570 542 647 1808 409 1868 515 298 267 579 0 286 903 2836 492 383 927 1049 511 138 471 303 1640 1043 565 521 906 1033 298 917 369 452 567 322 1212 389 153 530 370 584 602 396 364 1039 465 650 232 553 482 447 525
301 1086 941 254 329 1102 646 917 388 784 327 1031 600 768 740 704 1768 607 1758 572 399 465 777 286 0 793 2726 308 273 817 939 327 292 528 394 1530 933 763 378 982 923 385 807 259 267 765 73 1102 349 351 728 568 783 678 147 324 929 322 848 430 751 680 646 582
918 318 409 933 1008 353 1324 385 1066 252 822 263 808 1051 1084 1382 2446 952 1460 1250 1077 997 861 903 793 0 2428 1070 683 285 172 1089 908 1206 1073 1232 166 1107 874 880 391 1064 275 670 1029 1109 835 369 1028 968 1072 840 867 626 910 1002 397 817 932 1047 1095 764 762 1260
6277 6147 6002 6195 6270 6163 6387 5978 6194 5845 6181 6092 6167 6410 6443 6445 5227 6311 5457 6313 6205 6356 6220 6262 6152 5855 0 6429 6042 5878 6000 6448 6267 6269 6200 4913 5994 6466 6232 6239 5984 6191 5868 6029 6388 6468 6194 6163 6244 6327 6431 6199 6226 5985 6269 6184 5990 6176 6291 6258 6454 6123 6121 6323
507 1362 1217 380 455 1378 771 1193 513 1061 422 1307 805 973 946 829 1893 813 2034 697 524 671 982 492 308 1070 3003 0 549 1093 1216 66 497 653 520 1806 1210 968 329 1259 1199 511 1084 536 87 971 263 1379 475 557 933 773 988 955 337 449 1206 417 1054 577 957 885 851 707
397 975 831 412 487 992 804 807 546 674 347 921 696 864 836 862 1926 703 1648 730 557 561 803 383 273 683 2616 549 0 707 829 569 388 686 552 1420 823 859 398 872 813 543 697 43 509 861 315 992 507 447 824 664 809 568 389 482 819 342 874 526 847 706 704 740
942 468 310 956 1031 471 1348 286 1090 76 846 507 831 1075 1108 1406 2470 975 1484 1274 1101 1021 885 927 817 285 2452 1093 707 0 431 1113 932 1230 1096 1256 425 1130 897 904 292 1087 176 693 1053 1133 859 471 1051 991 1095 864 891 650 933 1026 298 841 956 1070 1119 788 785 1284
1064 166 303 1079 1154 201 1470 327 1212 398 968 111 954 1197 1230 1528 2592 1098 1606 1396 1223 1143 1007 1049 939 172 2574 1216 829 431 0 1235 1054 1352 1219 1378 71 1253 1019 1026 321 1210 421 816 1175 1255 981 217 1174 1114 1218 986 1013 772 1056 1148 315 963 1078 1193 1241 910 907 1406
526 1382 1237 399 474 1398 791 1213 533 1080 441 1327 825 993 965 849 1913 832 2054 717 544 690 1002 511 327 1089 3022 66 569 1113 1235 0 517 673 539 1826 1229 988 349 1278 1219 530 1103 555 106 990 282 1398 494 576 953 793 1008 974 357 469 1225 437 1073 597 976 905 871 727
81 1200 1056 300 375 1217 638 1032 345 899 475 1146 451 619 591 696 1813 458 1873 564 347 316 628 138 292 908 2841 497 388 932 1054 517 0 521 352 1645 1048 614 526 956 1038 348 922 374 457 616 327 1217 395 202 579 419 634 651 401 369 1044 470 699 281 602 531 497 575
530 1498 1354 325 399 1515 143 1330 201 1197 773 1444 517 602 657 372 1628 524 2171 69 213 382 694 471 528 1206 2750 653 686 1230 1352 673 521 0 208 1943 1346 547 793 1021 1336 199 1220 672 613 682 483 1515 322 378 645 485 700 717 557 262 1342 768 765 266 668 597 562 79
362 1365 1220 191 266 1381 326 1196 68 1064 639 1310 348 516 489 384 1558 356 2037 252 79 214 526 303 394 1073 2681 520 552 1096 1219 539 352 208 0 1809 1213 511 659 853 1202 65 1087 539 479 514 349 1381 188 210 476 316 531 549 424 128 1209 634 597 132 500 428 394 262
1655 1524 1380 1669 1744 1541 2061 1356 1803 1223 1559 1469 1544 1788 1821 2119 2092 1688 835 1987 1814 1734 1598 1640 1530 1232 1486 1806 1420 1256 1378 1826 1645 1943 1809 0 1372 1844 1610 1617 1362 1800 1246 1406 1766 1846 1572 1541 1764 1704 1808 1577 1604 1363 1646 1739 1368 1554 1669 1783 1832 1501 1498 1997
1058 172 310 1072 1147 207 1464 333 1206 392 962 117 948 1191 1224 1522 2586 1092 1600 1390 1217 1137 1001 1043 933 166 2568 1210 823 425 71 1229 1048 1346 1213 1372 0 1247 1013 1020 327 1203 415 809 1169 1249 975 223 1168 1107 1212 980 1007 766 1049 1142 321 957 1072 1187 1235 904 901 1400
624 1399 1254 663 738 1415 665 1230 504 1098 946 1344 323 80 464 604 1979 331 2071 591 507 376 425 565 763 1107 3040 968 859 1130 1253 988 614 547 511 1844 1247 0 997 526 1236 507 1121 845 928 489 798 1416 660 471 452 291 431 524 872 600 1243 941 365 441 475 363 369 601
536 1166 1021 519 594 1182 911 997 653 864 113 1111 834 1002 975 969 2033 842 1838 837 664 699 1011 521 378 874 2806 329 398 897 1019 349 526 793 659 1610 1013 997 0 1097 1003 650 887 385 289 1000 402 1182 614 586 962 802 1017 804 477 589 1009 108 1082 665 986 914 880 847
965 1172 1028 1004 1079 1189 1139 1003 846 871 1046 1117 528 471 805 1106 2372 672 1845 1065 848 718 582 906 982 880 2813 1259 872 904 1026 1278 956 1021 853 1617 1020 526 1097 0 1010 848 894 859 1219 830 1024 1189 1002 813 793 561 588 347 1099 942 1016 1041 557 782 816 485 482 1075
1048 190 32 1062 1137 193 1454 46 1196 259 952 229 937 1181 1214 1512 2576 1081 1590 1380 1207 1127 991 1033 923 391 2558 1199 813 292 321 1219 1038 1336 1202 1362 327 1236 1003 1010 0 1193 143 799 1159 1239 965 193 1157 1097 1201 970 997 756 1039 1132 35 947 1062 1176 1225 894 891 1390
357 1356 1211 182 257 1372 317 1187 59 1054 630 1301 344 512 484 375 1549 351 2028 243 70 209 521 298 385 1064 2672 511 543 1087 1210 530 348 199 65 1800 1203 507 650 848 1193 0 1077 529 470 509 340 1372 179 205 472 312 527 544 415 119 1199 625 592 123 495 424 390 253
932 319 161 947 1021 322 1338 137 1080 144 836 358 822 1065 1098 1396 2460 966 1474 1264 1091 1011 875 917 807 275 2442 1084 697 176 421 1103 922 1220 1087 1246 415 1121 887 894 143 1077 0 684 1043 1123 849 322 1042 982 1086 854 881 640 923 1016 149 831 946 1061 1109 778 775 1274
384 962 817 399 473 978 790 793 532 660 333 907 682 850 823 848 1912 690 1634 716 543 547 790 369 259 670 2602 536 43 693 816 555 374 672 539 1406 809 845 385 859 799 529 684 0 495 848 301 978 494 433 810 650 795 555 375 468 806 328 861 513 834 692 690 726
466 1322 1177 339 414 1338 731 1153 473 1020 381 1267 765 933 905 789 1853 772 1994 657 484 630 942 452 267 1029 2962 87 509 1053 1175 106 457 613 479 1766 1169 928 289 1219 1159 470 1043 495 0 930 222 1338 434 516 893 733 948 914 297 409 1165 377 1013 537 916 845 811 667
626 1401 1257 665 740 1418 800 1233 507 1100 948 1346 326 494 153 858 2033 264 2074 726 509 379 502 567 765 1109 3042 971 861 1133 1255 990 616 682 514 1846 1249 489 1000 830 1239 509 1123 848 930 0 800 1418 663 474 141 294 508 526 875 602 1245 943 574 443 36 405 372 736
337 1127 983 209 284 1144 601 958 343 826 369 1072 635 803 775 659 1723 643 1800 527 354 500 812 322 73 835 2768 263 315 859 981 282 327 483 349 1572 975 798 402 1024 965 340 849 301 222 800 0 1144 305 386 763 603 818 720 102 279 971 364 883 407 787 715 681 537
1227 92 176 1241 1316 95 1633 199 1375 438 1131 125 1116 1360 1393 1691 2755 1260 1769 1559 1386 1306 1170 1212 1102 369 2737 1379 992 471 217 1398 1217 1515 1381 1541 223 1416 1182 1189 193 1372 322 978 1338 1418 1144 0 1337 1276 1381 1149 1176 935 1218 1311 188 1126 1241 1356 1404 1073 1070 1569
404 1320 1175 112 133 1336 440 1151 182 1019 594 1265 497 665 638 498 1613 505 1992 366 193 362 674 389 349 1028 2735 475 507 1051 1174 494 395 322 188 1764 1168 660 614 1002 1157 179 1042 494 434 663 305 1337 0 358 625 465 680 698 379 68 1164 589 745 246 649 577 543 376
212 1260 1115 359 434 1276 496 1091 203 958 534 1205 308 476 449 554 1729 316 1932 422 205 174 486 153 351 968 2851 557 447 991 1114 576 202 378 210 1704 1107 471 586 813 1097 205 982 433 516 474 386 1276 358 0 436 276 491 509 461 298 1104 529 557 139 460 388 354 432
589 1364 1219 628 703 1380 763 1195 469 1063 911 1309 288 456 50 821 1995 227 2036 689 472 341 465 530 728 1072 3005 933 824 1095 1218 953 579 645 476 1808 1212 452 962 793 1201 472 1086 810 893 141 763 1381 625 436 0 256 471 488 838 565 1208 906 536 406 127 368 334 699
428 1132 988 468 542 1149 602 964 309 831 751 1078 128 296 269 660 1835 136 1805 528 311 181 234 370 568 840 2773 773 664 864 986 793 419 485 316 1577 980 291 802 561 970 312 854 650 733 294 603 1149 465 276 256 0 239 257 677 405 976 746 305 245 280 136 134 539
643 1159 1015 683 757 1175 817 990 524 858 965 1104 207 375 483 875 2050 351 1831 743 526 396 185 584 783 867 2800 988 809 891 1013 1008 634 700 531 1604 1007 431 1017 588 997 527 881 795 948 508 818 1176 680 491 471 239 0 284 892 620 1003 961 256 460 494 123 160 754
661 918 774 700 775 935 835 750 542 617 752 864 224 468 501 893 2068 368 1591 761 544 414 278 602 678 626 2559 955 568 650 772 974 651 717 549 1363 766 524 804 347 756 544 640 555 914 526 720 935 698 509 488 257 284 0 795 638 762 747 349 478 512 181 178 771
411 1202 1057 284 359 1218 675 1033 417 900 443 1147 709 877 850 733 1797 717 1874 601 429 575 887 396 147 910 2842 337 389 933 1056 357 401 557 424 1646 1049 872 477 1099 1039 415 923 375 297 875 102 1218 379 461 838 677 892 795 0 353 1045 438 958 482 861 789 755 611
379 1294 1150 120 145 1311 380 1125 122 993 568 1239 437 605 577 438 1553 444 1967 306 133 302 614 364 324 1002 2675 449 482 1026 1148 469 369 262 128 1739 1142 600 589 942 1132 119 1016 468 409 602 279 1311 68 298 565 405 620 638 353 0 1138 564 685 186 588 517 483 316
1054 184 26 1069 1143 187 1460 41 1202 266 958 223 944 1187 1220 1518 2582 1088 1596 1386 1213 1133 997 1039 929 397 2564 1206 819 298 315 1225 1044 1342 1209 1368 321 1243 1009 1016 35 1199 149 806 1165 1245 971 188 1164 1104 1208 976 1003 762 1045 1138 0 953 1068 1183 1231 900 897 1396
480 1109 965 494 569 1126 886 941 628 808 56 1055 778 946 918 944 2008 785 1782 812 639 643 955 465 322 817 2750 417 342 841 963 437 470 768 634 1554 957 941 108 1041 947 625 831 328 377 943 364 1126 589 529 906 746 961 747 438 564 953 0 1026 608 929 858 824 822
709 1225 1080 748 823 1241 883 1056 590 923 1031 1170 272 310 548 941 2116 416 1897 809 592 462 251 650 848 932 2865 1054 874 956 1078 1073 699 765 597 1669 1072 365 1082 557 1062 592 946 861 1013 574 883 1241 745 557 536 305 256 349 958 685 1068 1026 0 526 560 188 226 819
291 1339 1194 249 323 1355 383 1170 126 1038 613 1284 277 445 418 442 1616 285 2011 310 137 143 455 232 430 1047 2739 577 526 1070 1193 597 281 266 132 1783 1187 441 665 782 1176 123 1061 513 537 443 407 1356 246 139 406 245 460 478 482 186 1183 608 526 0 429 357 323 320
612 1387 1243 651 726 1404 786 1219 493 1086 934 1332 312 480 139 844 2019 250 2060 712 495 365 489 553 751 1095 3028 957 847 1119 1241 976 602 668 500 1832 1235 475 986 816 1225 495 1109 834 916 36 787 1404 649 460 127 280 494 512 861 588 1231 929 560 429 0 391 358 722
540 1056 912 580 654 1073 714 887 421 755 862 1001 104 307 380 772 1947 248 1729 640 423 293 117 482 680 764 2697 885 706 788 910 905 531 597 428 1501 904 363 914 485 894 424 778 692 845 405 715 1073 577 388 368 136 123 181 789 517 900 858 188 357 391 0 58 651
506 1054 909 546 620 1070 680 885 387 752 828 999 101 345 347 738 1913 214 1726 606 389 259 155 447 646 762 2694 851 704 785 907 871 497 562 394 1498 901 369 880 482 891 390 775 690 811 372 681 1070 543 354 334 134 160 178 755 483 897 824 226 323 358 58 0 617
584 1552 1408 379 453 1569 81 1384 255 1251 827 1498 571 656 711 426 1682 578 2225 29 267 436 748 525 582 1260 2804 707 740 1284 1406 727 575 79 262 1997 1400 601 847 1075 1390 253 1274 726 667 736 537 1569 376 432 699 539 754 771 611 316 1396 822 819 320 722 651 617 0
EOF