NAME : tsp_problem
TYPE : TSP
DIMENSION : 24
EDGE_WEIGHT_TYPE : EXPLICIT
EDGE_WEIGHT_FORMAT : FULL_MATRIX
EDGE_WEIGHT_SECTION
0 2528 2874 2468 2427 2021 2844 2399 2793 2753 2391 2968 2548 2506 2759 2611 2718 2809 2713 2845 2880 2524 2762 2846
2567 0 1072 433 626 2860 1339 598 992 952 163 1167 153 471 958 810 917 1008 318 1045 1079 488 961 1045
2912 1072 0 1012 725 2438 806 750 691 784 935 334 1093 1050 331 290 886 664 1258 864 246 1068 259 212
2507 433 1012 0 566 2800 1279 538 932 892 296 1107 453 72 898 750 857 948 381 985 1019 89 901 985
2465 626 725 566 0 2270 749 336 402 362 488 820 646 604 611 463 333 419 811 455 732 621 614 698
2071 2880 2469 2820 2291 0 1974 2591 2099 1952 2743 2364 2900 2858 2355 2314 2162 2116 3065 1975 2476 2876 2358 2442
2789 1339 806 1279 749 1942 0 1049 505 410 1202 500 1359 1317 691 650 620 477 1524 433 690 1334 694 778
2438 598 750 538 336 2571 1049 0 702 662 461 743 618 576 636 488 628 719 783 755 734 594 639 723
2832 992 691 932 402 2079 505 702 0 171 855 586 1012 970 577 536 273 95 1177 264 698 987 580 664
2778 952 784 892 362 1931 410 662 171 0 815 679 972 930 669 628 233 187 1137 116 790 948 672 756
2430 163 935 296 488 2723 1202 461 855 815 0 1030 183 334 821 673 780 871 349 908 942 351 824 908
3007 1167 334 1107 820 2333 500 743 586 679 1030 0 1187 1145 426 385 781 559 1352 760 214 1163 354 307
2587 153 1093 453 646 2880 1359 618 1012 972 183 1187 0 491 978 830 937 1028 180 1065 1099 509 981 1065
2545 471 1050 72 604 2838 1317 576 970 930 334 1145 491 0 936 788 895 986 419 1023 1057 61 939 1023
2798 958 331 898 611 2324 691 636 577 669 821 426 978 936 0 175 772 549 1143 750 338 954 220 304
2650 810 290 750 463 2282 650 488 536 628 673 385 830 788 175 0 730 508 995 709 296 806 178 263
2757 917 886 857 333 2141 620 628 273 233 780 781 937 895 772 730 0 290 1103 326 893 913 775 859
2848 1008 664 948 419 2095 477 719 95 187 871 559 1028 986 549 508 290 0 1193 280 670 1004 552 636
2752 318 1258 381 811 3045 1524 783 1177 1137 349 1352 180 419 1143 995 1103 1193 0 1230 1264 437 1146 1230
2802 1045 864 985 455 1955 433 755 264 116 908 760 1065 1023 750 709 326 280 1230 0 871 1040 753 837
2919 1079 246 1019 732 2445 690 734 698 790 942 214 1099 1057 338 296 893 670 1264 871 0 1075 266 219
2562 488 1068 89 621 2856 1334 594 987 948 351 1163 509 61 954 806 913 1004 437 1040 1075 0 957 1041
2801 961 259 901 614 2327 694 639 580 672 824 354 981 939 220 178 775 552 1146 753 266 957 0 232
2885 1045 212 985 698 2411 778 723 664 756 908 307 1065 1023 304 263 859 636 1230 837 219 1041 232 0
EOF