NAME : tsp_problem
TYPE : TSP
DIMENSION : 20
EDGE_WEIGHT_TYPE : EXPLICIT
EDGE_WEIGHT_FORMAT : FULL_MATRIX
EDGE_WEIGHT_SECTION
0 445 382 975 1561 789 1111 1066 500 981 916 937 458 417 808 301 889 273 561 744
445 0 250 773 1152 798 702 656 91 779 506 735 325 426 675 159 567 200 571 611
382 250 0 609 1365 644 796 870 305 614 720 570 92 302 441 167 523 207 417 377
975 773 609 0 1426 903 444 931 754 121 781 208 662 787 414 760 235 800 676 350
1561 1152 1365 1426 0 1914 1305 1064 1132 1432 913 1388 1441 1542 1519 1275 1220 1315 1686 1455
789 798 644 903 1914 0 1031 1419 853 909 1269 865 698 578 736 716 817 710 320 672
1111 702 796 444 1305 1031 0 809 683 450 659 470 850 974 601 826 302 866 863 537
1066 656 870 931 1064 1419 809 0 637 936 313 892 946 1046 1023 780 725 820 1191 960
500 91 305 754 1132 853 683 637 0 759 487 715 381 481 730 215 548 255 626 666
981 779 614 121 1432 909 450 936 759 0 786 213 668 793 419 766 241 806 681 355
916 506 720 781 913 1269 659 313 487 786 0 742 796 896 873 630 575 670 1041 809
937 735 570 208 1388 865 470 892 715 213 742 0 624 749 375 722 197 762 637 311
458 325 92 662 1441 698 850 946 381 668 796 624 0 378 495 243 577 283 470 431
417 426 302 787 1542 578 974 1046 481 793 896 749 378 0 620 343 701 338 350 556
808 675 441 414 1519 736 601 1023 730 419 873 375 495 620 0 593 328 633 508 113
301 159 167 760 1275 716 826 780 215 766 630 722 243 343 593 0 674 56 488 529
889 567 523 235 1220 817 302 725 548 241 575 197 577 701 328 674 0 715 590 264
273 200 207 800 1315 710 866 820 255 806 670 762 283 338 633 56 715 0 483 569
561 571 417 676 1686 320 863 1191 626 681 1041 637 470 350 508 488 590 483 0 444
744 611 377 350 1455 672 537 960 666 355 809 311 431 556 113 529 264 569 444 0
EOF