NAME : tsp_problem
TYPE : TSP
DIMENSION : 24
EDGE_WEIGHT_TYPE : EXPLICIT
EDGE_WEIGHT_FORMAT : FULL_MATRIX
EDGE_WEIGHT_SECTION
0 413 549 1050 378 336 551 289 568 321 1039 466 1077 916 1150 580 991 4757 236 465 1073 812 309 1054
413 0 393 795 232 217 295 270 313 287 783 310 822 809 895 425 835 4651 301 310 937 657 433 947
549 393 0 713 421 241 354 294 371 522 702 191 740 1004 813 90 588 4846 536 191 978 410 457 1142
1050 795 713 0 736 784 579 838 641 924 512 758 216 874 289 679 645 4715 937 757 528 752 1001 1012
378 232 421 736 0 292 324 345 341 252 812 338 763 619 836 453 864 4461 265 338 742 685 509 757
336 217 241 784 292 0 285 81 303 361 773 158 812 875 884 272 683 4717 374 158 998 505 245 1013
551 295 354 579 324 285 0 338 141 425 568 271 606 907 679 385 699 4748 438 270 844 521 502 1045
289 270 294 838 345 81 338 0 356 414 826 211 865 928 938 326 736 4770 427 211 1051 558 198 1066
568 313 371 641 341 303 141 356 0 442 629 288 668 924 741 403 761 4766 456 288 905 582 519 1062
321 287 522 924 252 361 425 414 442 0 913 439 951 790 1024 554 965 4631 251 439 947 786 577 928
1039 783 702 512 812 773 568 826 629 913 0 746 540 1122 280 668 376 4964 926 746 738 737 990 1261
466 310 191 758 338 158 271 211 288 439 746 0 785 921 858 223 633 4763 453 34 1022 455 374 1059
1077 822 740 216 763 812 606 865 668 951 540 785 0 901 316 706 672 4743 965 785 555 779 1028 1039
916 809 1004 874 619 875 907 928 924 790 1122 921 901 0 974 1036 1330 4353 803 921 830 1268 1092 293
1150 895 813 289 836 884 679 938 741 1024 280 858 316 974 0 779 409 4816 1037 857 511 770 1101 1112
580 425 90 679 453 272 385 326 403 554 668 223 706 1036 779 0 554 4877 567 222 943 376 489 1174
991 835 588 645 864 683 699 736 761 965 376 633 672 1330 409 554 0 5172 978 633 867 482 900 1468
4831 4724 4920 4789 4535 4791 4822 4844 4840 4705 5038 4837 4816 4427 4889 4951 5245 0 4718 4836 4745 5183 5007 4565
236 301 536 937 265 374 438 427 456 251 926 453 965 803 1037 567 978 4645 0 453 961 799 525 941
465 310 191 757 338 158 270 211 288 439 746 34 785 921 857 222 633 4763 453 0 1022 454 374 1059
1073 937 978 528 742 998 844 1051 905 947 738 1022 555 830 511 943 867 4671 961 1022 0 1017 1215 968
812 657 410 752 685 505 521 558 582 786 737 455 779 1268 770 376 482 5110 799 454 1017 0 721 1406
309 433 457 1001 509 245 502 198 519 577 990 374 1028 1092 1101 489 900 4933 525 374 1215 721 0 1230
1054 947 1142 1012 757 1013 1045 1066 1062 928 1261 1059 1039 293 1112 1174 1468 4491 941 1059 968 1406 1230 0
EOF
