NAME : tsp_problem
TYPE : TSP
DIMENSION : 46
EDGE_WEIGHT_TYPE : EXPLICIT
EDGE_WEIGHT_FORMAT : FULL_MATRIX
EDGE_WEIGHT_SECTION
0 568 388 321 985 358 337 359 416 439 172 174 178 137 352 517 587 989 395 588 638 354 387 523 253 547 198 547 360 383 384 905 277 627 504 437 326 482 725 490 478 542 287 600 448 396
568 0 645 782 893 362 798 820 638 393 542 635 548 442 356 978 969 897 856 507 1099 371 848 984 714 466 524 297 425 217 765 814 324 207 965 402 520 943 849 951 397 268 748 1061 401 777
388 645 0 425 1062 435 440 462 63 516 425 240 431 325 429 621 446 1065 499 522 742 431 491 627 356 481 407 481 294 460 243 982 354 570 608 371 225 586 829 594 413 619 391 703 525 255
321 782 425 0 927 573 87 109 453 654 386 211 392 351 567 268 430 931 146 802 389 569 137 224 106 761 412 761 574 598 421 848 491 841 205 651 528 233 476 192 692 757 59 301 662 433
985 893 1062 927 0 779 943 850 1055 713 959 1053 965 860 773 1123 1335 319 1001 1138 984 829 814 1129 962 1097 942 1042 875 709 1182 236 757 952 1110 987 937 828 667 1097 1029 868 914 1013 722 1195
358 362 435 573 779 0 588 610 429 233 332 426 338 233 32 769 759 782 646 511 890 207 638 774 504 471 315 470 248 177 555 699 130 420 755 360 310 734 735 742 402 336 538 851 242 568
337 798 440 87 943 588 0 125 468 669 401 227 407 367 582 203 495 946 92 817 404 584 153 289 121 776 428 776 589 613 436 863 507 856 270 666 543 248 491 256 708 772 74 365 678 448
359 820 462 109 850 610 125 0 490 691 423 249 430 389 604 305 517 853 183 839 311 606 140 311 144 798 450 798 612 635 458 770 529 878 292 688 565 155 398 278 730 794 96 339 700 471
416 638 63 453 1055 429 468 490 0 510 418 268 424 319 423 649 474 1059 527 516 770 425 519 654 384 475 401 475 288 453 270 976 347 564 636 365 218 614 857 622 406 613 418 731 518 283
439 393 516 654 713 233 669 691 510 0 413 507 419 314 227 850 840 716 728 592 901 288 719 855 585 552 396 541 329 208 636 633 211 451 836 441 391 745 669 823 483 367 619 929 70 649
172 542 425 386 959 332 401 423 418 413 0 239 68 111 326 582 652 962 460 561 703 328 452 588 317 521 172 520 334 357 448 879 251 600 569 410 300 547 790 555 452 516 352 664 422 461
174 635 240 211 1053 426 227 249 268 507 239 0 245 205 420 407 439 1056 285 640 528 422 277 413 143 599 266 599 412 451 236 973 344 688 394 489 343 372 615 381 530 610 177 490 515 248
178 548 431 392 965 338 407 430 424 419 68 245 0 117 332 588 658 969 466 568 709 335 458 594 324 527 178 527 340 363 455 886 257 607 575 417 306 553 796 561 458 523 358 670 428 467
137 442 325 351 860 233 367 389 319 314 111 205 117 0 227 547 617 863 425 462 668 229 417 553 283 421 94 421 234 258 414 780 151 501 534 311 200 512 755 521 352 417 317 630 322 426
352 356 429 567 773 32 582 604 423 227 326 420 332 227 0 763 753 776 641 505 884 201 632 768 498 465 309 464 242 171 549 693 124 414 749 354 304 728 729 736 396 330 532 845 236 562
517 978 621 268 1123 769 203 305 649 850 582 407 588 547 763 0 676 1126 272 998 584 765 333 469 302 957 608 957 770 793 617 1043 687 1037 450 847 724 428 671 437 888 953 254 546 858 629
587 969 446 430 1335 759 495 517 474 840 652 439 658 617 753 676 0 1338 553 846 590 755 545 231 514 805 678 805 618 784 296 1255 678 894 330 695 549 527 781 378 737 943 467 347 849 308
989 897 1065 931 319 782 946 853 1059 716 962 1056 969 863 776 1126 1338 0 1005 1142 988 832 817 1132 965 1101 945 1045 878 712 1186 105 760 955 1113 991 940 832 670 1100 1032 871 918 1016 725 1198
395 856 499 146 1001 646 92 183 527 728 460 285 466 425 641 272 553 1005 0 876 462 643 211 347 180 835 486 835 648 671 495 921 565 915 328 725 602 306 549 315 766 831 132 424 736 507
588 507 522 802 1138 511 817 839 516 592 561 640 568 462 505 998 846 1142 876 0 1119 460 868 1003 733 87 544 231 287 504 643 1058 400 320 985 167 397 963 1094 971 139 625 767 1080 601 655
638 1099 742 389 984 890 404 311 770 901 703 528 709 668 884 584 590 988 462 1119 0 886 275 384 423 1078 729 1078 891 914 738 904 808 1158 444 968 845 176 532 492 1009 1074 376 268 909 750
354 371 431 569 829 207 584 606 425 288 328 422 335 229 201 765 755 832 643 460 886 0 634 770 500 419 311 419 197 187 551 749 96 430 751 309 306 730 784 738 350 346 534 847 297 564
387 848 491 137 814 638 153 140 519 719 452 277 458 417 632 333 545 817 211 868 275 634 0 339 172 827 478 827 640 663 487 734 557 907 320 717 594 119 362 307 758 822 124 303 728 499
523 984 627 224 1129 774 289 311 654 855 588 413 594 553 768 469 231 1132 347 1003 384 770 339 0 308 963 614 962 776 799 501 1049 693 1042 123 852 729 320 575 172 894 958 260 140 864 514
253 714 356 106 962 504 121 144 384 585 317 143 324 283 498 302 514 965 180 733 423 500 172 308 0 692 344 692 506 529 352 882 423 772 289 582 459 267 510 275 624 688 93 384 594 365
547 466 481 761 1097 471 776 798 475 552 521 599 527 421 465 957 805 1101 835 87 1078 419 827 963 692 0 503 190 246 463 602 1018 359 279 944 126 356 922 1053 930 98 584 727 1039 560 614
198 524 407 412 942 315 428 450 401 396 172 266 178 94 309 608 678 945 486 544 729 311 478 614 344 503 0 503 316 340 475 862 233 583 595 393 282 573 816 582 434 499 378 691 404 487
547 297 481 761 1042 470 776 798 475 541 520 599 527 421 464 957 805 1045 835 231 1078 419 827 962 692 190 503 0 246 365 602 962 359 111 944 126 356 922 998 930 121 416 726 1039 550 614
360 425 294 574 875 248 589 612 288 329 334 412 340 234 242 770 618 878 648 287 891 197 640 776 506 246 316 246 0 240 415 795 137 335 757 136 170 735 831 743 177 399 540 852 338 427
383 217 460 598 709 177 613 635 453 208 357 451 363 258 171 793 784 712 671 504 914 187 663 799 529 463 340 365 240 0 580 629 139 276 780 352 335 758 664 767 394 200 563 876 217 593
384 765 243 421 1182 555 436 458 270 636 448 236 455 414 549 617 296 1186 495 643 738 551 487 501 352 602 475 602 415 580 0 1102 474 691 600 492 345 582 825 590 533 739 386 617 645 30
905 814 982 848 236 699 863 770 976 633 879 973 886 780 693 1043 1255 105 921 1058 904 749 734 1049 882 1018 862 962 795 629 1102 0 677 872 1030 907 857 748 587 1017 949 788 835 933 642 1115
277 324 354 491 757 130 507 529 347 211 251 344 257 151 124 687 678 760 565 400 808 96 557 693 423 359 233 359 137 139 474 677 0 383 674 249 229 652 712 660 290 299 457 770 220 486
627 207 570 841 952 420 856 878 564 451 600 688 607 501 414 1037 894 955 915 320 1158 430 907 1042 772 279 583 111 335 276 691 872 383 0 1023 215 445 1002 908 1010 210 326 806 1119 460 703
504 965 608 205 1110 755 270 292 636 836 569 394 575 534 749 450 330 1113 328 985 444 751 320 123 289 944 595 944 757 780 600 1030 674 1023 0 834 710 380 635 153 875 939 241 200 845 612
437 402 371 651 987 360 666 688 365 441 410 489 417 311 354 847 695 991 725 167 968 309 717 852 582 126 393 126 136 352 492 907 249 215 834 0 246 812 943 820 57 512 616 929 450 504
326 520 225 528 937 310 543 565 218 391 300 343 306 200 304 724 549 940 602 397 845 306 594 729 459 356 282 356 170 335 345 857 229 445 710 246 0 689 893 697 288 494 493 806 400 358
482 943 586 233 828 734 248 155 614 745 547 372 553 512 728 428 527 832 306 963 176 730 119 320 267 922 573 922 735 758 582 748 652 1002 380 812 689 0 376 402 853 918 220 204 753 594
725 849 829 476 667 735 491 398 857 669 790 615 796 755 729 671 781 670 549 1094 532 784 362 575 510 1053 816 998 831 664 825 587 712 908 635 943 893 376 0 645 984 824 463 459 677 837
490 951 594 192 1097 742 256 278 622 823 555 381 561 521 736 437 378 1100 315 971 492 738 307 172 275 930 582 930 743 767 590 1017 660 1010 153 820 697 402 645 0 861 926 228 248 831 602
478 397 413 692 1029 402 708 730 406 483 452 530 458 352 396 888 737 1032 766 139 1009 350 758 894 624 98 434 121 177 394 533 949 290 210 875 57 288 853 984 861 0 516 658 970 491 545
542 268 619 757 868 336 772 794 613 367 516 610 523 417 330 953 943 871 831 625 1074 346 822 958 688 584 499 416 399 200 739 788 299 326 939 512 494 918 824 926 516 0 722 1035 376 752
287 748 391 59 914 538 74 96 418 619 352 177 358 317 532 254 467 918 132 767 376 534 124 260 93 727 378 726 540 563 386 835 457 806 241 616 493 220 463 228 658 722 0 337 628 399
600 1061 703 301 1013 851 365 339 731 929 664 490 670 630 845 546 347 1016 424 1080 268 847 303 140 384 1039 691 1039 852 876 617 933 770 1119 200 929 806 204 459 248 970 1035 337 0 938 629
448 401 525 662 722 242 678 700 518 70 422 515 428 322 236 858 849 725 736 601 909 297 728 864 594 560 404 550 338 217 645 642 220 460 845 450 400 753 677 831 491 376 628 938 0 657
396 777 255 433 1195 568 448 471 283 649 461 248 467 426 562 629 308 1198 507 655 750 564 499 514 365 614 487 614 427 593 30 1115 486 703 612 504 358 594 837 602 545 752 399 629 657 0
EOF