NAME : tsp_problem
TYPE : TSP
DIMENSION : 19
EDGE_WEIGHT_TYPE : EXPLICIT
EDGE_WEIGHT_FORMAT : FULL_MATRIX
EDGE_WEIGHT_SECTION
0 755 735 838 496 843 894 900 127 932 956 1636 4806 857 586 1061 1255 861 735
755 0 387 418 308 389 562 253 658 272 366 1508 4678 337 809 401 1127 328 36
735 387 0 224 288 230 773 287 638 413 578 1720 4890 244 788 613 1339 540 367
838 418 224 0 391 121 752 266 741 392 556 1698 4868 135 891 591 1318 519 398
496 308 288 391 0 397 775 454 399 485 579 1575 4745 410 549 614 1194 541 289
843 389 230 121 397 0 723 237 747 363 528 1670 4840 106 897 563 1289 490 370
894 562 773 752 775 723 0 587 797 442 460 1161 4331 671 521 409 781 422 542
900 253 287 266 454 237 587 0 803 227 391 1533 4703 185 892 426 1152 354 233
127 658 638 741 399 747 797 803 0 835 859 1539 4709 760 489 964 1158 764 639
932 272 413 392 485 363 442 227 835 0 279 1421 4591 311 780 281 1040 241 252
956 366 578 556 579 528 460 391 859 279 0 1309 4479 476 668 299 928 129 347
1636 1508 1720 1698 1575 1670 1161 1533 1539 1421 1309 0 3234 1618 1262 1396 1362 1214 1488
4879 4752 4963 4942 4819 4913 4405 4777 4782 4664 4553 3308 0 4861 4506 4639 4605 4458 4732
857 337 244 135 410 106 671 185 760 311 476 1618 4788 0 910 511 1237 438 318
586 809 788 891 549 897 521 892 489 780 668 1262 4432 910 0 755 882 573 789
1061 401 613 591 614 563 409 426 964 281 299 1396 4566 511 755 0 1015 261 381
1255 1127 1339 1318 1194 1289 781 1152 1158 1040 928 1362 4532 1237 882 1015 0 833 1108
861 328 540 519 541 490 422 354 764 241 129 1214 4384 438 573 261 833 0 309
735 36 367 398 289 370 542 233 639 252 347 1488 4658 318 789 381 1108 309 0
EOF
