NAME : tsp_problem
TYPE : TSP
DIMENSION : 70
EDGE_WEIGHT_TYPE : EXPLICIT
EDGE_WEIGHT_FORMAT : FULL_MATRIX
EDGE_WEIGHT_SECTION
0 445 821 47 738 233 789 219 546 800 115 1314 76 445 774 248 725 633 162 589 786 399 928 713 2427 786 3263 300 3004 737 292 725 483 701 1370 896 282 760 223 603 2944 643 723 273 698 343 697 628 318 698 228 432 1246 583 794 772 852 733 718 1318 191 35 415 176 836 187 501 36 156 226
445 0 847 452 1036 486 416 518 844 1099 366 1065 481 304 400 501 752 469 318 340 622 698 762 740 2725 813 3561 554 3302 764 590 476 75 452 1121 732 535 596 522 902 2695 394 559 567 449 641 577 464 571 724 482 685 998 334 631 398 878 1031 1017 1069 290 440 251 303 862 477 93 430 324 524
821 847 0 827 710 810 723 747 943 773 790 1716 856 955 707 825 331 407 836 991 393 724 603 319 2510 193 3346 877 3087 343 629 1127 831 1103 1772 571 859 367 750 576 3346 1045 330 742 1099 547 303 412 895 234 806 1009 1648 985 470 705 51 705 690 1720 855 816 656 851 35 708 871 806 831 614
47 452 827 0 744 239 796 225 552 807 122 1320 82 452 780 254 732 640 168 595 792 406 934 719 2433 792 3269 306 3010 743 298 731 489 707 1377 902 288 766 229 610 2950 649 729 280 704 349 703 634 324 704 235 438 1253 589 801 778 858 739 724 1324 198 41 421 183 842 193 508 43 162 232
738 1036 710 744 0 727 1007 663 718 379 707 1905 773 939 898 742 610 690 753 1180 745 475 764 602 2197 675 3033 794 2774 626 468 1316 1074 1292 1961 855 776 719 667 149 3146 1234 682 658 1289 543 586 696 812 587 722 926 1838 1174 753 893 741 22 40 1909 782 732 939 767 725 624 1092 723 747 531
233 486 810 239 727 0 866 209 502 790 202 1355 268 349 850 79 715 720 248 630 845 389 987 702 2416 775 3252 179 2993 726 281 766 524 742 1412 955 104 819 212 593 2985 684 782 217 739 332 686 714 191 687 60 264 1288 624 853 848 841 722 707 1359 278 227 501 263 825 127 543 218 242 215
789 416 723 796 1007 866 0 862 1189 1069 710 1444 825 683 229 880 621 345 662 719 498 1020 515 615 2806 688 3642 933 3383 640 925 855 378 831 1500 608 914 472 866 872 3074 773 435 916 828 844 452 340 950 600 861 1064 1377 713 506 224 753 1001 987 1448 634 784 434 647 738 830 418 774 668 869
219 518 747 225 663 209 862 0 471 726 188 1386 254 421 847 223 651 706 234 662 781 325 923 639 2352 712 3188 276 2929 663 217 798 556 773 1443 891 257 755 35 529 3017 715 718 199 770 268 622 700 293 623 204 407 1319 656 790 844 777 658 643 1391 264 214 488 249 761 162 574 204 229 151
546 844 943 552 718 502 1189 471 0 781 514 1713 581 715 1173 517 847 923 561 988 978 379 1119 835 2407 908 3243 562 2984 859 336 1124 882 1100 1769 1088 551 952 475 583 3343 1042 915 419 1097 465 819 929 521 820 497 520 1646 982 986 1171 974 713 698 1717 590 540 814 575 958 385 900 531 555 399
800 1099 773 807 379 790 1069 726 781 0 769 1968 836 1002 1054 805 677 753 816 1243 808 538 945 665 2260 738 3096 857 2837 689 530 1379 1137 1355 2024 917 839 782 730 244 3209 1297 745 721 1352 606 649 759 874 649 785 989 1900 1237 816 1052 803 373 359 1972 845 795 1002 830 787 687 1155 786 810 593
115 366 790 122 707 202 710 188 514 769 0 1234 151 414 694 217 694 554 82 509 707 368 848 682 2396 755 3231 269 2972 706 260 645 403 621 1291 816 251 681 192 572 2865 563 643 242 618 311 661 548 286 666 197 401 1167 503 715 692 820 701 687 1239 112 110 335 97 804 156 422 100 76 194
1314 1065 1716 1320 1905 1355 1444 1386 1713 1968 1234 0 1349 1172 1428 1370 1621 1338 1187 1048 1491 1567 1632 1608 2441 1681 3277 1422 3018 1632 1459 1184 1102 1160 109 1601 1404 1465 1390 1771 1725 1102 1428 1435 1157 1510 1445 1332 1440 1593 1350 1554 344 1042 1499 1426 1746 1900 1885 59 1158 1308 1120 1171 1730 1345 1121 1299 1193 1393
76 481 856 82 773 268 825 254 581 836 151 1349 0 481 809 283 761 669 197 624 821 435 963 748 2462 821 3298 335 3039 772 327 760 518 736 1406 931 317 795 258 639 2980 678 758 309 733 378 732 663 353 733 264 467 1282 618 830 807 887 768 753 1353 227 70 450 212 871 222 537 72 191 261
445 304 955 452 939 349 683 421 715 1002 414 1172 481 0 667 364 860 577 426 448 730 601 871 847 2628 920 3464 417 3205 871 493 584 341 559 1229 840 398 704 425 805 2803 501 667 430 556 544 684 571 434 832 345 548 1105 441 738 665 985 934 920 1177 397 440 359 410 969 340 360 430 432 427
774 400 707 780 898 850 229 847 1173 1054 694 1428 809 667 0 865 506 330 647 704 483 1005 399 600 2791 673 3627 917 3368 588 910 840 363 815 1485 495 899 457 850 850 3059 757 420 901 812 828 437 324 935 585 845 1049 1361 698 393 50 738 892 878 1433 618 768 419 631 722 814 402 759 653 853
248 501 825 254 742 79 880 223 517 805 217 1370 283 364 865 0 729 734 263 645 860 403 1001 717 2431 790 3267 193 3008 741 296 781 539 757 1426 970 99 834 227 607 3000 699 797 232 754 347 701 729 206 702 75 278 1302 639 868 862 856 737 722 1374 292 242 516 277 840 142 557 233 257 230
725 752 331 732 610 715 621 651 847 677 694 1621 761 860 506 729 0 312 741 896 366 628 371 150 2414 296 3250 782 2991 105 533 1032 736 1008 1677 467 764 340 655 480 3251 950 303 646 1004 451 207 317 799 208 710 914 1553 890 365 501 362 605 590 1625 760 720 561 755 346 612 776 710 735 518
633 469 407 640 690 720 345 706 923 753 554 1338 669 577 330 734 312 0 506 613 182 704 324 299 2490 372 3326 787 3067 323 609 749 454 725 1395 292 769 156 710 556 2968 667 119 722 722 527 136 99 804 284 715 919 1271 607 190 327 437 685 671 1342 478 628 278 490 421 674 493 618 512 594
162 318 836 168 753 248 662 234 561 816 82 1187 197 426 647 263 741 506 0 462 659 415 801 728 2442 801 3278 315 3019 752 307 598 356 574 1243 769 297 633 238 619 2817 516 596 289 570 358 613 501 333 713 244 447 1119 456 667 644 867 748 733 1191 64 156 288 49 851 202 374 147 57 241
589 340 991 595 1180 630 719 662 988 1243 509 1048 624 448 704 645 896 613 462 0 766 842 908 883 2869 956 3705 697 3446 908 734 162 378 138 1105 876 679 740 665 1046 2678 80 703 710 135 785 720 608 715 868 626 829 981 73 774 701 1021 1175 1160 1052 434 584 395 446 1005 621 396 574 468 668
786 622 393 792 745 845 498 781 978 808 707 1491 821 730 483 860 366 182 659 766 0 759 378 354 2544 427 3380 912 3121 378 663 902 607 878 1547 346 894 73 785 610 3121 820 105 776 875 582 191 187 930 338 840 1044 1423 760 245 480 423 740 725 1495 631 781 431 643 407 742 646 771 665 649
399 698 724 406 475 389 1020 325 379 538 368 1567 435 601 1005 403 628 704 415 842 759 0 900 616 2165 689 3000 456 2741 640 129 978 736 954 1623 869 438 733 329 341 3114 896 696 320 950 258 600 710 473 600 384 588 1499 836 767 1003 754 470 456 1571 444 394 668 429 739 286 754 384 409 192
928 762 603 934 764 987 515 923 1119 945 848 1632 963 871 399 1001 371 324 801 908 378 900 0 495 2686 568 3522 1054 3263 454 805 1044 725 1019 1689 282 1036 352 927 716 3263 961 315 918 1016 723 332 329 1071 480 982 1186 1565 902 181 395 633 758 744 1637 772 922 573 785 617 884 764 913 807 790
713 740 319 719 602 702 615 639 835 665 682 1608 748 847 600 717 150 299 728 883 354 616 495 0 2402 284 3238 769 2979 161 521 1019 724 995 1665 464 751 328 642 468 3239 937 291 634 992 439 195 305 787 196 698 901 1541 877 362 598 349 597 582 1612 748 707 548 743 334 600 763 698 722 506
2447 2746 2541 2453 2228 2436 2837 2373 2427 2291 2416 2514 2482 2649 2822 2451 2445 2521 2462 2889 2576 2185 2717 2433 0 2506 1632 2503 1373 2457 2177 3025 2783 3001 2571 2686 2485 2550 2376 2094 2596 2943 2513 2368 2998 2305 2417 2527 2521 2417 2432 2635 2764 2883 2584 2820 2571 2223 2208 2519 2492 2441 2715 2477 2556 2334 2802 2432 2456 2240
786 813 193 792 675 775 688 712 908 738 755 1681 821 920 673 790 296 372 801 956 427 689 568 284 2475 0 3311 842 3052 308 593 1092 797 1068 1738 537 824 401 715 541 3312 1010 364 707 1065 512 268 378 860 199 771 974 1614 950 435 671 224 670 655 1685 821 780 621 816 208 673 836 771 795 579
3283 3582 3377 3289 3064 3272 3673 3208 3263 3127 3252 3350 3318 3485 3658 3287 3281 3357 3298 3725 3411 3021 3553 3269 1632 3342 0 3339 311 3293 3013 3861 3619 3837 3407 3521 3321 3386 3212 2930 3432 3779 3348 3203 3834 3141 3252 3363 3357 3253 3267 3471 3600 3719 3420 3655 3407 3059 3044 3355 3328 3277 3551 3313 3391 3169 3638 3268 3292 3076
300 554 877 306 794 179 933 276 562 857 269 1422 335 417 917 193 782 787 315 697 912 456 1054 769 2483 842 3319 0 3060 794 348 833 591 809 1479 1022 228 886 279 660 3052 751 849 284 806 399 753 781 75 754 174 290 1355 691 921 915 908 789 774 1426 345 295 568 330 892 194 610 285 310 282
3024 3322 3118 3030 2805 3013 3414 2949 3004 2868 2993 3091 3059 3225 3399 3028 3022 3098 3039 3466 3152 2762 3294 3010 1373 3083 311 3080 0 3034 2754 3602 3360 3578 3148 3262 3062 3126 2953 2670 3173 3520 3089 2944 3575 2882 2993 3103 3098 2994 3008 3212 3341 3460 3161 3396 3148 2800 2785 3096 3068 3018 3292 3054 3132 2910 3379 3009 3033 2817
737 764 343 743 626 726 640 663 859 689 706 1632 772 871 588 741 105 323 752 908 378 640 454 161 2426 308 3262 794 3003 0 545 1043 748 1019 1689 488 775 352 666 492 3263 961 315 658 1016 463 219 329 811 220 722 925 1565 901 386 584 374 621 606 1637 772 732 572 767 358 624 787 722 747 530
292 590 629 298 468 281 925 217 336 530 260 1459 327 493 910 296 533 609 307 734 663 129 805 521 2157 593 2993 348 2734 545 0 870 628 846 1515 773 330 637 221 333 3089 788 600 212 843 150 504 614 366 505 276 480 1392 728 672 907 659 463 448 1463 336 286 560 321 643 178 646 277 301 85
725 476 1127 731 1316 766 855 798 1124 1379 645 1184 760 584 840 781 1032 749 598 162 902 978 1044 1019 3005 1092 3841 833 3582 1043 870 0 514 214 1241 1012 815 876 801 1182 2814 109 839 846 96 921 856 744 851 1004 761 965 1117 168 910 837 1157 1311 1296 1188 570 719 531 582 1141 756 532 710 604 804
483 75 831 489 1074 524 378 556 882 1137 403 1102 518 341 363 539 736 454 356 378 607 736 725 724 2763 797 3599 591 3340 748 628 514 0 489 1159 717 573 581 559 940 2733 431 544 604 486 679 561 448 609 709 519 723 1035 372 615 361 862 1069 1054 1107 327 477 289 340 846 514 76 468 362 562
701 452 1103 707 1292 742 831 773 1100 1355 621 1160 736 559 815 757 1008 725 574 138 878 954 1019 995 2981 1068 3817 809 3558 1019 846 214 489 0 1216 988 791 852 777 1158 2790 132 815 822 187 897 832 719 827 980 737 941 1093 144 886 813 1133 1287 1272 1164 545 695 507 558 1117 732 508 686 580 780
1370 1121 1772 1377 1961 1412 1500 1443 1769 2024 1291 109 1406 1229 1485 1426 1677 1395 1243 1105 1547 1623 1689 1665 2497 1738 3333 1479 3074 1689 1515 1241 1159 1216 0 1657 1461 1521 1447 1827 1781 1158 1484 1492 1213 1566 1502 1389 1496 1649 1407 1610 400 1099 1556 1483 1803 1956 1942 116 1215 1365 1176 1228 1787 1402 1177 1355 1249 1449
896 732 571 902 855 955 608 891 1088 917 816 1601 931 840 495 970 467 292 769 876 346 869 282 464 2654 537 3490 1022 3231 488 773 1012 717 988 1657 0 1004 320 895 720 3231 930 283 886 985 692 301 297 1040 448 950 1154 1533 870 147 490 602 850 835 1605 741 890 541 753 586 852 756 881 775 759
282 535 859 288 776 104 914 257 551 839 251 1404 317 398 899 99 764 769 297 679 894 438 1036 751 2465 824 3301 228 3042 775 330 815 573 791 1461 1004 0 868 261 642 3034 733 831 266 788 381 735 763 240 736 96 313 1337 673 902 897 890 771 756 1408 327 276 550 312 874 176 591 267 291 264
760 596 367 766 719 819 472 755 952 782 681 1465 795 704 457 834 340 156 633 740 73 733 352 328 2519 401 3354 886 3095 352 637 876 581 852 1521 320 868 0 759 584 3095 794 79 750 849 556 165 161 904 312 814 1018 1398 734 219 454 397 714 699 1469 605 755 405 617 381 716 620 745 639 623
223 522 750 229 667 212 866 35 475 730 192 1390 258 425 850 227 655 710 238 665 785 329 927 642 2356 715 3192 279 2933 666 221 801 559 777 1447 895 261 759 0 533 3021 719 722 203 774 272 626 704 297 627 207 411 1323 659 793 848 781 662 647 1394 268 217 491 253 765 166 578 208 232 155
603 902 576 610 149 593 872 529 583 244 572 1771 639 805 850 607 480 556 619 1046 610 341 716 468 2063 541 2898 660 2639 492 333 1182 940 1158 1827 720 642 584 533 0 3012 1100 547 524 1154 409 451 561 677 452 588 792 1703 1040 619 845 606 144 130 1775 648 598 805 633 590 490 958 588 613 396
2906 2657 3307 2912 3201 2947 3036 2978 3305 3264 2826 1686 2941 2764 3020 2961 3212 2930 2778 2640 3083 3158 3224 3200 2545 3273 3381 3014 3122 3224 3051 2776 2694 2752 1743 3192 2996 3057 2982 3067 0 2694 3020 3027 2748 3102 3037 2924 3031 3185 2942 3146 1936 2634 3091 3018 3338 3196 3181 1690 2750 2900 2711 2763 3322 2937 2713 2891 2784 2985
643 394 1045 649 1234 684 773 715 1042 1297 563 1102 678 501 757 699 950 667 516 80 820 896 961 937 2923 1010 3759 751 3500 961 788 109 431 132 1158 930 733 794 719 1100 2732 0 757 764 81 839 774 661 769 922 679 883 1034 86 828 755 1075 1229 1214 1106 487 637 449 500 1059 674 450 628 522 722
723 559 330 729 682 782 435 718 915 745 643 1428 758 667 420 797 303 119 596 703 105 696 315 291 2481 364 3317 849 3058 315 600 839 544 815 1484 283 831 79 722 547 3058 757 0 713 812 519 128 124 867 275 777 981 1360 697 182 417 360 677 662 1432 568 718 368 580 344 679 583 708 602 586
273 567 742 280 658 217 916 199 419 721 242 1435 309 430 901 232 646 722 289 710 776 320 918 634 2347 707 3183 284 2924 658 212 846 604 822 1492 886 266 750 203 524 3066 764 713 0 819 263 617 727 302 618 212 416 1368 704 785 898 772 653 639 1439 318 268 542 303 756 100 623 258 283 146
698 449 1099 704 1289 739 828 770 1097 1352 618 1157 733 556 812 754 1004 722 570 135 875 950 1016 992 2978 1065 3814 806 3555 1016 843 96 486 187 1213 985 788 849 774 1154 2787 81 812 819 0 894 829 716 823 977 734 938 1089 141 883 810 1130 1284 1269 1161 542 692 504 555 1114 729 505 683 576 777
343 641 547 349 543 332 844 268 465 606 311 1510 378 544 828 347 451 527 358 785 582 258 723 439 2285 512 3121 399 2862 463 150 921 679 897 1566 692 381 556 272 409 3140 839 519 263 894 0 423 533 416 424 327 531 1442 779 590 826 578 538 524 1514 387 337 611 372 562 229 697 328 352 136
697 577 303 703 586 686 452 622 819 649 661 1445 732 684 437 701 207 136 613 720 191 600 332 195 2385 268 3221 753 2962 219 504 856 561 832 1502 301 735 165 626 451 3075 774 128 617 829 423 0 142 771 179 681 885 1378 714 199 435 333 581 566 1449 585 691 385 598 317 583 600 682 619 490
628 464 412 634 696 714 340 700 929 759 548 1332 663 571 324 729 317 99 501 608 187 710 329 305 2496 378 3331 781 3072 329 614 744 448 719 1389 297 763 161 704 561 2963 661 124 727 716 533 142 0 799 289 709 913 1265 602 196 322 443 691 676 1337 472 622 273 485 427 668 488 613 507 600
318 571 895 324 812 191 950 293 521 874 286 1440 353 434 935 206 799 804 333 715 930 473 1071 787 2501 860 3336 75 3077 811 366 851 609 827 1496 1040 240 904 297 677 3070 769 867 302 823 416 771 799 0 771 186 249 1372 709 938 932 925 806 792 1444 362 312 586 347 910 212 627 303 327 300
698 724 234 704 587 687 600 623 820 649 666 1593 733 832 585 702 208 284 713 868 338 600 480 196 2386 199 3222 754 2963 220 505 1004 709 980 1649 448 736 312 627 452 3223 922 275 618 977 424 179 289 771 0 682 886 1525 862 347 582 265 581 567 1597 733 692 533 727 249 584 748 683 707 491
228 482 806 235 722 60 861 204 497 785 197 1350 264 345 845 75 710 715 244 626 840 384 982 698 2411 771 3247 174 2988 722 276 761 519 737 1407 950 96 814 207 588 2981 679 777 212 734 327 681 709 186 682 0 259 1283 619 849 843 836 717 703 1355 273 223 497 258 820 123 538 213 238 210
432 685 1009 438 926 264 1064 407 520 989 401 1554 467 548 1049 278 914 919 447 829 1044 588 1186 901 2615 974 3451 290 3192 925 480 965 723 941 1610 1154 313 1018 411 792 3184 883 981 416 938 531 885 913 249 886 259 0 1487 823 1052 1047 1040 921 906 1558 477 426 700 462 1024 326 741 417 441 414
1246 998 1648 1253 1838 1288 1377 1319 1646 1900 1167 344 1282 1105 1361 1302 1553 1271 1119 981 1423 1499 1565 1541 2690 1614 3526 1355 3267 1565 1392 1117 1035 1093 400 1533 1337 1398 1323 1703 1974 1034 1360 1368 1089 1442 1378 1265 1372 1525 1283 1487 0 975 1432 1359 1679 1832 1818 348 1091 1241 1052 1104 1663 1278 1054 1231 1125 1326
583 334 985 589 1174 624 713 656 982 1237 503 1042 618 441 698 639 890 607 456 73 760 836 902 877 2863 950 3699 691 3440 901 728 168 372 144 1099 870 673 734 659 1040 2672 86 697 704 141 779 714 602 709 862 619 823 975 0 768 695 1015 1169 1154 1046 427 577 389 440 999 614 390 568 462 662
794 631 470 801 753 853 506 790 986 816 715 1499 830 738 393 868 365 190 667 774 245 767 181 362 2553 435 3389 921 3130 386 672 910 615 886 1556 147 902 219 793 619 3130 828 182 785 883 590 199 196 938 347 849 1052 1432 768 0 388 500 748 733 1503 639 789 439 652 484 751 654 779 673 657
772 398 705 778 893 848 224 844 1171 1052 692 1426 807 665 50 862 501 327 644 701 480 1003 395 598 2788 671 3624 915 3365 584 907 837 361 813 1483 490 897 454 848 845 3056 755 417 898 810 826 435 322 932 582 843 1047 1359 695 388 0 736 888 873 1430 616 766 417 629 720 812 400 757 650 851
852 878 51 858 741 841 753 777 974 803 820 1746 887 985 738 856 362 437 867 1021 423 754 633 349 2540 224 3376 908 3117 374 659 1157 862 1133 1803 602 890 397 781 606 3377 1075 360 772 1130 578 333 443 925 265 836 1040 1679 1015 500 736 0 735 721 1750 886 846 686 881 32 738 901 837 861 645
733 1031 705 739 22 722 1001 658 713 373 701 1900 768 934 892 737 605 685 748 1175 740 470 758 597 2192 670 3028 789 2769 621 463 1311 1069 1287 1956 850 771 714 662 144 3141 1229 677 653 1284 538 581 691 806 581 717 921 1832 1169 748 888 735 0 35 1904 777 727 934 762 719 619 1087 718 742 526
718 1017 690 724 40 707 987 643 698 359 687 1885 753 920 878 722 590 671 733 1160 725 456 744 582 2177 655 3013 774 2754 606 448 1296 1054 1272 1942 835 756 699 647 130 3126 1214 662 639 1269 524 566 676 792 567 703 906 1818 1154 733 873 721 35 0 1889 763 712 920 748 705 605 1073 703 727 511
1318 1069 1720 1324 1909 1359 1448 1391 1717 1972 1239 59 1353 1177 1433 1374 1625 1342 1191 1052 1495 1571 1637 1612 2445 1685 3281 1426 3022 1637 1463 1188 1107 1164 116 1605 1408 1469 1394 1775 1729 1106 1432 1439 1161 1514 1449 1337 1444 1597 1355 1558 348 1046 1503 1430 1750 1904 1889 0 1163 1313 1124 1175 1734 1350 1125 1303 1197 1397
191 290 855 198 782 278 634 264 590 845 112 1158 227 397 618 292 760 478 64 434 631 444 772 748 2471 821 3307 345 3048 772 336 570 327 545 1215 741 327 605 268 648 2789 487 568 318 542 387 585 472 362 733 273 477 1091 427 639 616 886 777 763 1163 0 186 259 52 870 232 346 176 70 270
35 440 816 41 732 227 784 214 540 795 110 1308 70 440 768 242 720 628 156 584 781 394 922 707 2421 780 3257 295 2998 732 286 719 477 695 1365 890 276 755 217 598 2939 637 718 268 692 337 691 622 312 692 223 426 1241 577 789 766 846 727 712 1313 186 0 409 171 830 181 496 31 150 220
415 251 656 421 939 501 434 488 814 1002 335 1120 450 359 419 516 561 278 288 395 431 668 573 548 2695 621 3531 568 3272 572 560 531 289 507 1176 541 550 405 491 805 2750 449 368 542 504 611 385 273 586 533 497 700 1052 389 439 417 686 934 920 1124 259 409 0 272 670 455 307 400 294 494
176 303 851 183 767 263 647 249 575 830 97 1171 212 410 631 277 755 490 49 446 643 429 785 743 2457 816 3292 330 3033 767 321 582 340 558 1228 753 312 617 253 633 2801 500 580 303 555 372 598 485 347 727 258 462 1104 440 652 629 881 762 748 1175 52 171 272 0 865 217 359 161 55 255
836 862 35 842 725 825 738 761 958 787 804 1730 871 969 722 840 346 421 851 1005 407 739 617 334 2524 208 3360 892 3101 358 643 1141 846 1117 1787 586 874 381 765 590 3361 1059 344 756 1114 562 317 427 910 249 820 1024 1663 999 484 720 32 719 705 1734 870 830 670 865 0 722 885 821 845 629
187 477 708 193 624 127 830 162 385 687 156 1345 222 340 814 142 612 674 202 621 742 286 884 600 2313 673 3149 194 2890 624 178 756 514 732 1402 852 176 716 166 490 2976 674 679 100 729 229 583 668 212 584 123 326 1278 614 751 812 738 619 605 1350 232 181 455 217 722 0 533 172 196 112
501 93 871 508 1092 543 418 574 900 1155 422 1121 537 360 402 557 776 493 374 396 646 754 764 763 2782 836 3617 610 3358 787 646 532 76 508 1177 756 591 620 578 958 2751 450 583 623 505 697 600 488 627 748 538 741 1054 390 654 400 901 1087 1073 1125 346 496 307 359 885 533 0 486 380 580
36 430 806 43 723 218 774 204 531 786 100 1299 72 430 759 233 710 618 147 574 771 384 913 698 2412 771 3248 285 2989 722 277 710 468 686 1355 881 267 745 208 588 2929 628 708 258 683 328 682 613 303 683 213 417 1231 568 779 757 837 718 703 1303 176 31 400 161 821 172 486 0 141 211
156 324 831 162 747 242 668 229 555 810 76 1193 191 432 653 257 735 512 57 468 665 409 807 722 2436 795 3272 310 3013 747 301 604 362 580 1249 775 291 639 232 613 2823 522 602 283 576 352 619 507 327 707 238 441 1125 462 673 650 861 742 727 1197 70 150 294 55 845 196 380 141 0 235
226 524 614 232 531 215 869 151 399 593 194 1393 261 427 853 230 518 594 241 668 649 192 790 506 2220 579 3056 282 2797 530 85 804 562 780 1449 759 264 623 155 396 3023 722 586 146 777 136 490 600 300 491 210 414 1326 662 657 851 645 526 511 1397 270 220 494 255 629 112 580 211 235 0
EOF