NAME : tsp_problem
TYPE : TSP
DIMENSION : 82
EDGE_WEIGHT_TYPE : EXPLICIT
EDGE_WEIGHT_FORMAT : FULL_MATRIX
EDGE_WEIGHT_SECTION
0 887 975 470 520 899 595 916 938 725 726 862 412 877 913 1036 262 933 907 571 755 338 655 182 720 1019 1243 474 876 173 788 811 782 843 235 410 817 436 1001 235 752 1036 86 236 930 762 284 315 792 1044 909 780 3397 1137 704 730 835 633 403 749 306 735 604 788 305 567 837 427 144 299 1181 815 662 843 1158 617 870 864 505 479 628 887
887 0 813 1052 593 273 1178 170 191 581 1308 115 521 131 751 986 844 996 45 427 611 594 911 832 844 158 853 748 251 824 162 666 1270 699 1083 993 751 1018 1022 818 686 874 868 1085 768 754 866 898 928 420 284 916 3774 356 1193 586 691 803 985 604 889 1224 904 1276 1003 952 90 1010 993 997 319 801 1026 71 297 917 708 635 963 752 813 725
975 813 0 941 749 825 1006 842 864 312 915 788 637 803 195 215 745 338 833 472 338 710 467 921 400 945 1169 903 802 912 714 320 826 352 912 634 307 846 250 772 242 103 956 913 211 278 955 986 484 970 835 472 3330 1063 749 307 344 359 1074 332 977 780 460 832 831 508 763 838 882 825 1107 317 582 769 1084 473 152 415 519 908 369 169
470 1052 941 0 583 1064 150 1081 1103 839 281 1027 577 1042 879 1002 300 898 1072 736 865 503 620 415 686 1184 1408 414 1041 407 953 846 370 879 467 376 783 195 967 327 718 1002 450 468 896 728 374 275 758 1209 1074 746 3362 1302 588 833 871 599 235 858 186 500 570 365 386 533 1002 186 437 381 1346 780 628 1008 1323 583 836 1027 471 542 594 853
520 593 749 583 0 605 708 622 644 516 839 568 369 583 687 922 477 931 613 363 547 295 846 465 779 725 949 199 582 457 494 602 929 634 716 626 686 651 957 451 622 810 500 717 703 690 499 531 864 750 615 852 3612 843 920 521 627 739 595 540 522 951 819 923 635 783 543 643 626 630 887 737 878 549 864 833 644 570 721 204 748 661
899 273 825 1064 605 0 1189 302 324 592 1320 248 533 263 763 998 856 1007 293 439 623 606 922 844 855 405 864 759 143 836 136 678 1282 710 1095 1005 762 1030 1033 829 698 886 879 1096 779 766 878 909 940 311 89 928 3786 404 1204 597 703 815 997 616 901 1235 915 1288 1014 964 223 1021 1004 1009 499 813 1037 229 460 929 720 646 975 764 824 737
595 1178 1006 150 708 1189 0 1207 1228 904 156 1152 703 1168 944 964 365 860 1197 862 930 629 686 541 681 1310 1533 540 1166 532 1078 911 245 944 532 441 848 260 929 392 783 1067 576 534 961 793 500 400 697 1335 1199 685 3237 1428 463 898 936 664 361 924 311 375 635 240 451 598 1127 252 502 446 1471 846 567 1133 1449 648 901 1092 536 667 659 918
916 170 842 1081 622 302 1207 0 220 610 1337 95 550 74 780 1015 873 1025 189 456 640 623 940 862 873 302 882 777 281 853 191 695 1299 728 1112 1022 780 1047 1051 847 715 903 897 1114 797 783 895 927 957 449 313 945 3803 499 1222 615 720 832 1014 634 918 1253 933 1305 1032 981 119 1039 1022 1026 463 830 1055 125 441 946 737 664 992 781 842 754
938 191 864 1103 644 324 1228 220 0 631 1359 166 572 181 802 1037 895 1047 211 478 662 645 961 883 894 323 903 798 302 875 213 717 1321 750 1134 1044 801 1069 1072 869 737 925 918 1135 818 805 917 949 979 471 334 967 3825 521 1243 636 742 854 1036 655 940 1274 955 1327 1053 1003 110 1060 1044 1048 485 852 1077 147 462 968 759 685 1014 803 863 776
725 581 312 839 516 592 904 610 631 0 813 555 359 571 250 486 643 450 600 194 65 432 365 670 298 713 936 636 569 662 481 120 724 153 810 531 205 744 518 656 140 373 705 811 267 208 704 736 382 738 602 370 3228 831 647 40 145 257 823 58 727 678 358 730 729 406 530 736 779 723 874 261 480 536 852 371 207 398 417 641 267 224
726 1308 915 281 839 1320 156 1337 1359 813 0 1283 833 1298 853 834 496 731 1328 972 839 759 674 671 551 1440 1664 670 1297 663 1209 820 217 853 663 529 757 391 799 522 692 945 706 664 870 702 630 531 567 1465 1330 555 3107 1558 333 807 845 619 491 832 442 245 623 223 581 587 1258 382 632 576 1602 754 437 1264 1579 637 810 1001 525 798 629 827
862 115 788 1027 568 248 1152 95 166 555 1283 0 496 105 726 961 819 971 135 402 586 569 885 807 818 247 827 722 226 799 137 641 1245 674 1058 968 725 993 996 793 661 849 842 1059 742 729 841 873 903 395 258 891 3749 445 1167 560 666 778 960 579 864 1198 879 1251 977 927 65 984 968 972 409 776 1001 71 386 892 683 609 938 727 787 700
412 521 637 577 369 533 703 550 572 359 833 496 0 511 575 810 369 774 541 205 389 119 689 357 622 653 877 323 510 349 422 445 889 477 608 518 529 543 842 343 465 698 392 609 591 533 391 423 706 678 543 694 3504 771 812 364 469 581 510 383 414 843 682 895 527 675 471 535 518 522 815 585 770 477 792 696 532 498 613 328 591 549
877 131 803 1042 583 263 1168 74 181 571 1298 105 511 0 741 976 834 986 150 417 601 584 901 823 834 263 843 738 242 814 152 656 1260 689 1073 983 741 1008 1012 808 676 864 858 1075 758 744 856 888 918 410 274 906 3764 460 1183 576 681 793 975 595 879 1214 894 1266 993 943 80 1000 983 987 424 791 1016 86 402 907 698 625 953 742 803 715
913 751 195 879 687 763 944 780 802 250 853 726 575 741 0 368 683 457 771 410 276 648 405 859 338 883 1107 841 740 850 652 258 764 290 850 572 245 784 403 710 180 256 894 851 54 216 893 924 422 908 773 410 3268 1001 687 245 282 297 1012 270 915 718 398 770 769 446 701 776 820 763 1045 255 520 707 1022 411 90 353 457 846 307 107
1036 986 215 1002 922 998 964 1015 1037 486 834 961 810 976 368 0 806 144 1006 645 512 883 527 981 352 1118 1342 1076 975 973 887 493 745 525 973 694 480 907 57 832 416 132 1016 974 385 365 1015 1047 403 1143 1008 391 3249 1236 667 480 517 420 1134 505 1038 698 520 751 891 569 936 898 942 886 1280 447 501 942 1257 534 325 588 580 1081 429 342
262 844 745 300 477 856 365 873 895 643 496 819 369 834 683 806 0 703 864 529 669 295 424 207 490 976 1200 431 833 199 745 650 552 683 271 180 587 206 771 131 522 806 242 272 700 532 241 273 562 1001 866 550 3166 1094 474 637 675 403 360 663 264 505 374 558 190 337 794 197 241 185 1138 584 432 800 1115 387 640 821 275 436 398 657
933 996 338 898 931 1007 860 1025 1047 450 731 971 774 986 457 144 703 0 1015 609 476 847 424 878 249 1128 1351 1051 984 870 896 457 642 489 869 591 394 804 108 729 329 255 913 871 474 262 912 943 300 1153 1018 288 3146 1246 564 444 482 317 1031 469 935 595 417 648 788 466 945 795 839 783 1289 344 397 952 1267 431 414 605 476 1056 326 431
907 45 833 1072 613 293 1197 189 211 600 1328 135 541 150 771 1006 864 1015 0 447 631 614 930 852 863 177 872 767 271 844 182 686 1290 718 1103 1013 770 1038 1041 837 706 894 887 1104 787 774 886 917 948 439 303 936 3794 375 1212 605 711 823 1005 624 909 1243 923 1296 1022 972 110 1029 1012 1017 339 821 1045 90 316 937 728 654 983 772 832 745
571 427 472 736 363 439 862 456 478 194 972 402 205 417 410 645 529 609 447 0 224 278 524 517 457 559 783 482 416 509 328 279 883 312 768 677 364 703 677 502 299 533 552 769 426 367 551 582 541 584 449 529 3387 677 806 199 304 416 670 218 573 837 517 889 687 566 377 694 677 682 721 420 639 383 698 530 367 404 576 487 426 383
755 611 338 865 547 623 930 640 662 65 839 586 389 601 276 512 669 476 631 224 0 462 391 701 324 743 967 666 600 692 511 146 750 179 836 557 231 770 544 686 166 399 736 837 293 234 735 766 408 768 633 396 3254 861 673 66 171 283 854 40 757 704 384 756 755 432 561 762 805 749 905 287 506 567 882 397 233 424 443 671 293 250
338 594 710 503 295 606 629 623 645 432 759 569 119 584 648 883 295 847 614 278 462 0 688 283 695 726 950 249 583 275 494 518 815 550 534 444 602 469 915 269 538 771 318 535 664 605 317 349 779 751 616 767 3430 844 738 437 542 654 436 456 340 769 637 821 453 601 544 461 444 448 888 658 696 550 865 651 605 571 539 254 662 622
655 911 467 620 846 922 686 940 961 365 674 885 689 901 405 527 424 424 930 524 391 688 0 600 211 1043 1266 824 899 592 811 372 585 404 591 313 309 526 492 451 243 528 635 593 421 253 634 665 296 1068 932 284 3142 1161 508 359 396 125 753 384 657 539 139 591 510 188 860 517 561 505 1204 306 394 866 1182 153 362 552 198 829 120 379
182 832 921 415 465 844 541 862 883 670 671 807 357 823 859 981 207 878 852 517 701 283 600 0 665 965 1188 419 821 119 733 756 727 789 378 356 763 381 946 181 697 982 162 379 875 707 229 261 737 990 854 725 3342 1083 650 675 781 579 348 694 252 681 549 733 365 513 782 373 287 360 1126 760 608 788 1104 563 816 809 451 424 574 833
720 844 400 686 779 855 681 873 894 298 551 818 622 834 338 352 490 249 863 457 324 695 211 665 0 976 1199 889 832 657 744 305 463 337 657 378 242 591 317 516 176 461 700 658 354 186 699 731 120 1001 865 108 2967 1094 385 292 329 104 818 317 722 416 204 469 575 253 793 582 626 570 1137 239 218 799 1115 218 295 485 264 894 113 312
1019 158 945 1184 725 405 1310 302 323 713 1440 247 653 263 883 1118 976 1128 177 559 743 726 1043 965 976 0 985 880 383 956 294 798 1402 831 1215 1125 883 1150 1154 950 818 1006 1000 1217 900 886 998 1030 1060 460 416 1048 3906 365 1325 718 823 935 1117 737 1021 1356 1036 1408 1135 1084 222 1142 1125 1129 328 933 1158 203 306 1049 840 767 1095 884 945 857
1243 853 1169 1408 949 864 1533 882 903 936 1664 827 877 843 1107 1342 1200 1351 872 783 967 950 1266 1188 1199 985 0 1103 841 1180 753 1022 1626 1054 1439 1349 1106 1374 1377 1173 1042 1230 1223 1440 1123 1110 1222 1253 1284 1010 874 1272 3505 1103 1548 941 1047 1159 1341 960 1245 1579 1259 1632 1358 1308 802 1365 1348 1353 1146 1157 1381 808 1124 1273 1064 990 1319 1108 1168 1081
474 748 903 414 199 759 540 777 798 636 670 722 323 738 841 1076 431 1051 767 482 666 249 824 419 889 880 1103 0 736 411 648 722 760 754 670 580 806 585 1112 405 742 964 454 671 858 810 453 465 961 905 769 949 3566 998 874 641 746 803 426 660 377 890 773 755 589 737 697 576 580 584 1041 862 832 703 1019 787 798 725 675 158 798 815
876 251 802 1041 582 143 1166 281 302 569 1297 226 510 242 740 975 833 984 271 416 600 583 899 821 832 383 841 736 0 813 114 655 1259 687 1072 982 739 1007 1010 806 675 863 856 1073 756 743 855 886 917 195 153 905 3763 288 1181 574 680 792 974 593 878 1212 892 1265 991 941 201 998 981 986 382 790 1014 207 343 906 697 623 952 741 801 714
173 824 912 407 457 836 532 853 875 662 663 799 349 814 850 973 199 870 844 509 692 275 592 119 657 956 1180 411 813 0 725 748 719 780 370 348 755 373 938 172 689 974 154 371 867 699 221 253 729 981 846 717 3334 1074 642 667 772 571 340 686 244 673 541 725 357 504 774 364 279 352 1118 752 599 780 1095 555 807 801 442 416 566 824
788 162 714 953 494 136 1078 191 213 481 1209 137 422 152 652 887 745 896 182 328 511 494 811 733 744 294 753 648 114 725 0 567 1171 599 984 894 651 919 922 718 587 775 768 985 668 655 767 798 829 283 146 817 3675 376 1093 486 592 704 886 505 789 1124 804 1177 903 853 112 910 893 898 456 702 926 118 431 818 609 535 863 653 713 626
811 666 320 846 602 678 911 695 717 120 820 641 445 656 258 493 650 457 686 279 146 518 372 756 305 798 1022 722 655 748 567 0 731 54 817 539 212 751 525 677 147 381 791 818 274 215 790 821 389 823 688 377 3235 916 654 115 46 264 909 140 813 685 365 737 736 413 616 743 787 730 960 268 487 622 937 378 215 405 424 726 274 231
782 1270 826 370 929 1282 245 1299 1321 724 217 1245 889 1260 764 745 552 642 1290 883 750 815 585 727 463 1402 1626 760 1259 719 1171 731 0 764 719 440 668 480 710 578 603 856 762 720 781 613 720 620 478 1427 1292 466 3018 1520 244 718 756 530 581 744 531 157 534 134 637 498 1220 472 688 632 1564 665 348 1226 1541 548 721 912 436 887 540 738
843 699 352 879 634 710 944 728 750 153 853 674 477 689 290 525 683 489 718 312 179 550 404 789 337 831 1054 754 687 780 599 54 764 0 850 571 244 784 557 709 180 413 824 851 306 248 822 854 422 856 721 410 3268 949 686 147 28 297 941 172 845 717 397 770 768 446 648 775 819 763 992 300 519 655 970 411 247 438 457 759 306 264
235 1083 912 467 716 1095 532 1112 1134 810 663 1058 608 1073 850 973 271 869 1103 768 836 534 591 378 657 1215 1439 670 1072 370 984 817 719 850 0 347 754 373 938 298 689 973 283 33 867 699 480 512 729 1240 1105 717 3333 1334 641 804 842 570 599 829 503 672 541 725 221 504 1033 364 121 216 1377 751 599 1039 1354 554 807 998 442 675 565 824
410 993 634 376 626 1005 441 1022 1044 531 529 968 518 983 572 694 180 591 1013 677 557 444 313 356 378 1125 1349 580 982 348 894 539 440 571 347 0 476 282 659 207 410 695 391 348 588 420 390 421 450 1150 1015 438 3055 1243 363 526 563 292 509 551 412 394 262 446 266 225 943 273 317 261 1287 473 320 949 1264 276 529 719 163 585 287 545
817 751 307 783 686 762 848 780 801 205 757 725 529 741 245 480 587 394 770 364 231 602 309 763 242 883 1106 806 739 755 651 212 668 244 754 476 0 689 462 614 85 368 798 755 261 153 797 828 326 908 772 314 3172 1001 591 199 236 201 916 224 819 622 302 674 673 351 700 680 724 668 1044 205 424 706 1022 316 202 392 361 811 211 219
436 1018 846 195 651 1030 260 1047 1069 744 391 993 543 1008 784 907 206 804 1038 703 770 469 526 381 591 1150 1374 585 1007 373 919 751 480 784 373 282 689 0 872 232 623 907 416 374 801 633 415 445 663 1175 1040 651 3268 1268 576 739 776 505 406 764 356 607 475 475 291 438 968 92 342 286 1312 686 533 974 1289 489 741 932 376 610 500 758
1001 1022 250 967 957 1033 929 1051 1072 518 799 996 842 1012 403 57 771 108 1041 677 544 915 492 946 317 1154 1377 1112 1010 938 922 525 710 557 938 659 462 872 0 797 397 168 981 939 420 330 980 1012 368 1179 1043 356 3214 1272 632 512 550 385 1099 537 1003 663 485 716 856 534 971 863 907 851 1315 412 465 977 1293 499 360 623 545 1116 394 377
235 818 772 327 451 829 392 847 869 656 522 793 343 808 710 832 131 729 837 502 686 269 451 181 516 950 1173 405 806 172 718 677 578 709 298 207 614 232 797 0 548 833 216 299 726 558 215 246 588 975 840 576 3193 1068 501 661 701 430 334 679 237 532 400 584 216 364 767 223 267 211 1111 611 459 774 1089 414 667 795 301 409 425 684
752 686 242 718 622 698 783 715 737 140 692 661 465 676 180 416 522 329 706 299 166 538 243 697 176 818 1042 742 675 689 587 147 603 180 689 410 85 623 397 548 0 303 732 690 197 87 731 763 261 843 708 249 3107 936 525 135 172 136 850 160 754 556 236 609 607 285 636 614 658 602 980 140 359 642 957 250 137 328 296 746 145 154
1036 874 103 1002 810 886 1067 903 925 373 945 849 698 864 256 132 806 255 894 533 399 771 528 982 461 1006 1230 964 863 974 775 381 856 413 973 695 368 907 168 833 303 0 1017 974 272 339 1016 1047 514 1031 896 502 3360 1124 778 368 405 420 1135 393 1038 809 521 862 892 570 824 899 943 886 1168 378 612 830 1145 535 213 476 580 969 430 230
86 868 956 450 500 879 576 897 918 705 706 842 392 858 894 1016 242 913 887 552 736 318 635 162 700 1000 1223 454 856 154 768 791 762 824 283 391 798 416 981 216 732 1017 0 284 910 742 264 296 773 1025 889 761 3377 1118 685 710 816 614 383 729 287 716 584 768 353 548 817 408 192 348 1161 795 643 823 1139 598 851 844 486 459 609 868
236 1085 913 468 717 1096 534 1114 1135 811 664 1059 609 1075 851 974 272 871 1104 769 837 535 593 379 658 1217 1440 671 1073 371 985 818 720 851 33 348 755 374 939 299 690 974 284 0 868 700 481 513 730 1242 1106 718 3335 1335 642 805 843 571 600 831 504 673 542 726 222 505 1034 365 122 217 1378 753 600 1040 1356 555 808 999 443 676 566 825
930 768 211 896 703 779 961 797 818 267 870 742 591 758 54 385 700 474 787 426 293 664 421 875 354 900 1123 858 756 867 668 274 781 306 867 588 261 801 420 726 197 272 910 868 0 232 909 941 439 925 789 427 3285 1018 703 261 299 314 1028 286 932 734 414 787 785 463 717 792 836 780 1061 272 536 723 1039 428 94 369 473 862 323 98
762 754 278 728 690 766 793 783 805 208 702 729 533 744 216 365 532 262 774 367 234 605 253 707 186 886 1110 810 743 699 655 215 613 248 699 420 153 633 330 558 87 339 742 700 232 0 741 773 271 911 776 259 3117 1004 535 202 240 146 860 228 764 566 247 619 617 295 704 625 668 612 1048 102 369 710 1025 260 173 363 306 814 155 189
284 866 955 374 499 878 500 895 917 704 630 841 391 856 893 1015 241 912 886 551 735 317 634 229 699 998 1222 453 855 221 767 790 720 822 480 390 797 415 980 215 731 1016 264 481 909 741 0 220 771 1023 888 759 3376 1116 684 709 815 613 307 728 211 715 583 714 399 546 816 406 390 394 1160 794 641 822 1137 597 850 843 484 458 608 866
315 898 986 275 531 909 400 927 949 736 531 873 423 888 924 1047 273 943 917 582 766 349 665 261 731 1030 1253 465 886 253 798 821 620 854 512 421 828 445 1012 246 763 1047 296 513 941 773 220 0 803 1055 920 791 3407 1148 715 741 846 644 208 760 111 746 615 615 431 578 847 437 421 426 1191 825 673 854 1169 628 881 875 516 489 639 898
792 928 484 758 864 940 697 957 979 382 567 903 706 918 422 403 562 300 948 541 408 779 296 737 120 1060 1284 961 917 729 829 389 478 422 729 450 326 663 368 588 261 514 773 730 439 271 771 803 0 1085 950 50 2982 1178 400 376 414 188 890 401 794 431 289 484 647 338 878 655 698 642 1222 323 234 884 1199 302 379 570 348 966 198 396
1044 420 970 1209 750 311 1335 449 471 738 1465 395 678 410 908 1143 1001 1153 439 584 768 751 1068 990 1001 460 1010 905 195 981 283 823 1427 856 1240 1150 908 1175 1179 975 843 1031 1025 1242 925 911 1023 1055 1085 0 322 1073 3931 114 1350 743 848 960 1142 762 1046 1381 1061 1433 1160 1109 370 1167 1150 1154 209 958 1183 376 169 1074 865 792 1120 909 970 882
909 284 835 1074 615 89 1199 313 334 602 1330 258 543 274 773 1008 866 1018 303 449 633 616 932 854 865 416 874 769 153 846 146 688 1292 721 1105 1015 772 1040 1043 840 708 896 889 1106 789 776 888 920 950 322 0 938 3796 415 1214 607 713 825 1007 626 911 1245 925 1298 1024 974 233 1031 1015 1019 509 823 1048 239 470 939 730 656 985 774 834 747
780 916 472 746 852 928 685 945 967 370 555 891 694 906 410 391 550 288 936 529 396 767 284 725 108 1048 1272 949 905 717 817 377 466 410 717 438 314 651 356 576 249 502 761 718 427 259 759 791 50 1073 938 0 2970 1166 388 364 402 176 878 389 782 419 277 472 635 326 866 643 686 630 1210 311 222 872 1187 291 367 558 336 954 186 384
3428 3794 3350 3393 3643 3806 3268 3823 3845 3248 3138 3769 3535 3784 3288 3269 3198 3166 3814 3407 3274 3461 3162 3373 2987 3926 3579 3597 3783 3365 3695 3255 3049 3288 3365 3086 3193 3299 3234 3224 3127 3380 3408 3366 3305 3137 3407 3439 3002 3951 3816 2990 0 4044 2972 3243 3280 3055 3526 3268 3430 3003 3155 3055 3283 3144 3744 3290 3334 3278 4088 3190 2923 3750 4065 3169 3245 3436 3082 3602 3064 3262
1137 356 1063 1302 843 404 1428 499 521 831 1558 445 771 460 1001 1236 1094 1246 375 677 861 844 1161 1083 1094 365 1103 998 288 1074 376 916 1520 949 1334 1243 1001 1268 1272 1068 936 1124 1118 1335 1018 1004 1116 1148 1178 114 415 1166 4024 0 1443 836 941 1053 1235 855 1139 1474 1154 1526 1253 1203 420 1260 1243 1247 114 1051 1276 401 74 1167 958 885 1213 1002 1063 975
704 1193 749 588 920 1204 463 1222 1243 647 333 1167 812 1183 687 667 474 564 1212 806 673 738 508 650 385 1325 1548 874 1181 642 1093 654 244 686 641 363 591 576 632 501 525 778 685 642 703 535 684 715 400 1350 1214 388 2940 1443 0 641 678 453 799 666 706 198 457 250 560 420 1142 567 611 555 1486 588 270 1148 1464 470 644 834 358 878 462 661
730 586 307 833 521 597 898 615 636 40 807 560 364 576 245 480 637 444 605 199 66 437 359 675 292 718 941 641 574 667 486 115 718 147 804 526 199 739 512 661 135 368 710 805 261 202 709 741 376 743 607 364 3222 836 641 0 139 251 828 59 732 672 352 724 723 401 535 730 774 718 879 255 474 541 857 366 202 392 411 646 261 219
835 691 344 871 627 703 936 720 742 145 845 666 469 681 282 517 675 482 711 304 171 542 396 781 329 823 1047 746 680 772 592 46 756 28 842 563 236 776 550 701 172 405 816 843 299 240 815 846 414 848 713 402 3260 941 678 139 0 289 934 164 837 709 390 762 760 438 641 768 811 755 985 293 512 647 962 403 239 430 449 751 298 256
633 803 359 599 739 815 664 832 854 257 619 778 581 793 297 420 403 317 823 416 283 654 125 579 104 935 1159 803 792 571 704 264 530 297 570 292 201 505 385 430 136 420 614 571 314 146 613 644 188 960 825 176 3034 1053 453 251 289 0 732 277 635 484 118 536 489 167 753 496 540 484 1097 199 286 759 1074 132 254 445 177 807 29 271
403 985 1074 235 595 997 361 1014 1036 823 491 960 510 975 1012 1134 360 1031 1005 670 854 436 753 348 818 1117 1341 426 974 340 886 909 581 941 599 509 916 406 1099 334 850 1135 383 600 1028 860 307 208 890 1142 1007 878 3495 1235 799 828 934 732 0 847 119 711 702 576 518 666 935 397 509 513 1279 913 761 941 1256 716 969 962 603 553 727 986
749 604 332 858 540 616 924 634 655 58 832 579 383 595 270 505 663 469 624 218 40 456 384 694 317 737 960 660 593 686 505 140 744 172 829 551 224 764 537 679 160 393 729 831 286 228 728 760 401 762 626 389 3248 855 666 59 164 277 847 0 751 697 377 750 748 426 554 755 799 743 898 280 499 560 876 391 227 417 436 664 286 244
306 889 977 186 522 901 311 918 940 727 442 864 414 879 915 1038 264 935 909 573 757 340 657 252 722 1021 1245 377 878 244 789 813 531 845 503 412 819 356 1003 237 754 1038 287 504 932 764 211 111 794 1046 911 782 3399 1139 706 732 837 635 119 751 0 661 606 526 422 569 839 348 412 417 1183 817 664 845 1160 619 872 866 507 481 630 889
735 1224 780 500 951 1235 375 1253 1274 678 245 1198 843 1214 718 698 505 595 1243 837 704 769 539 681 416 1356 1579 890 1212 673 1124 685 157 717 672 394 622 607 663 532 556 809 716 673 734 566 715 746 431 1381 1245 419 2971 1474 198 672 709 484 711 697 661 0 488 162 591 451 1173 598 642 586 1517 619 301 1179 1495 501 675 865 389 909 493 692
604 904 460 570 819 915 635 933 955 358 623 879 682 894 398 520 374 417 923 517 384 637 139 549 204 1036 1259 773 892 541 804 365 534 397 541 262 302 475 485 400 236 521 584 542 414 247 583 615 289 1061 925 277 3135 1154 457 352 390 118 702 377 606 488 0 540 459 137 853 466 510 454 1197 299 387 860 1175 102 355 545 148 778 113 372
788 1276 832 365 923 1288 240 1305 1327 730 223 1251 895 1266 770 751 558 648 1296 889 756 821 591 733 469 1408 1632 755 1265 725 1177 737 134 770 725 446 674 475 716 584 609 862 768 726 787 619 714 615 484 1433 1298 472 3024 1526 250 724 762 536 576 750 526 162 540 0 643 504 1226 466 694 638 1570 671 354 1232 1547 554 727 918 442 882 546 744
305 1003 831 386 635 1014 451 1032 1053 729 581 977 527 993 769 891 190 788 1022 687 755 453 510 365 575 1135 1358 589 991 357 903 736 637 768 221 266 673 291 856 216 607 892 353 222 785 617 399 431 647 1160 1024 635 3252 1253 560 723 760 489 518 748 422 591 459 643 0 423 952 283 191 54 1296 670 518 958 1274 473 726 916 361 594 484 743
567 952 508 533 783 964 598 981 1003 406 587 927 675 943 446 569 337 466 972 566 432 601 188 513 253 1084 1308 737 941 504 853 413 498 446 504 225 351 438 534 364 285 570 548 505 463 295 546 578 338 1109 974 326 3112 1203 420 401 438 167 666 426 569 451 137 504 423 0 902 430 473 417 1246 348 378 908 1223 151 403 594 111 741 162 420
837 90 763 1002 543 223 1127 119 110 530 1258 65 471 80 701 936 794 945 110 377 561 544 860 782 793 222 802 697 201 774 112 616 1220 648 1033 943 700 968 971 767 636 824 817 1034 717 704 816 847 878 370 233 866 3724 420 1142 535 641 753 935 554 839 1173 853 1226 952 902 0 959 942 947 384 751 975 46 361 867 658 584 913 702 762 675
427 1010 838 186 643 1021 252 1039 1060 736 382 984 535 1000 776 898 197 795 1029 694 762 461 517 373 582 1142 1365 576 998 364 910 743 472 775 364 273 680 92 863 223 614 899 408 365 792 625 406 437 655 1167 1031 643 3259 1260 567 730 768 496 397 755 348 598 466 466 283 430 959 0 333 277 1303 677 525 965 1281 480 733 923 368 601 491 750
144 993 882 437 626 1004 502 1022 1044 779 632 968 518 983 820 942 241 839 1012 677 805 444 561 287 626 1125 1348 580 981 279 893 787 688 819 121 317 724 342 907 267 658 943 192 122 836 668 390 421 698 1150 1015 686 3303 1243 611 774 811 540 509 799 412 642 510 694 191 473 942 333 0 186 1286 721 568 949 1264 524 777 967 411 584 535 794
299 997 825 381 630 1009 446 1026 1048 723 576 972 522 987 763 886 185 783 1017 682 749 448 505 360 570 1129 1353 584 986 352 898 730 632 763 216 261 668 286 851 211 602 886 348 217 780 612 394 426 642 1154 1019 630 3247 1247 555 718 755 484 513 743 417 586 454 638 54 417 947 277 186 0 1291 665 512 953 1268 468 720 911 355 589 479 737
1181 319 1107 1346 887 499 1471 463 485 874 1602 409 815 424 1045 1280 1138 1289 339 721 905 888 1204 1126 1137 328 1146 1041 382 1118 456 960 1564 992 1377 1287 1044 1312 1315 1111 980 1168 1161 1378 1061 1048 1160 1191 1222 209 509 1210 4068 114 1486 879 985 1097 1279 898 1183 1517 1197 1570 1296 1246 384 1303 1286 1291 0 1095 1319 364 55 1211 1002 928 1257 1046 1106 1019
815 801 317 780 737 813 846 830 852 261 754 776 585 791 255 447 584 344 821 420 287 658 306 760 239 933 1157 862 790 752 702 268 665 300 751 473 205 686 412 611 140 378 795 753 272 102 794 825 323 958 823 311 3169 1051 588 255 293 199 913 280 817 619 299 671 670 348 751 677 721 665 1095 0 421 757 1072 313 212 403 358 867 208 229
662 1026 582 628 878 1037 567 1055 1077 480 437 1001 770 1016 520 501 432 397 1045 639 506 696 394 608 218 1158 1381 832 1014 599 926 487 348 519 599 320 424 533 465 459 359 612 643 600 536 369 641 673 234 1183 1048 222 2903 1276 270 474 512 286 761 499 664 301 387 354 518 378 975 525 568 512 1319 421 0 982 1297 400 477 668 316 836 296 494
843 71 769 1008 549 229 1133 125 147 536 1264 71 477 86 707 942 800 952 90 383 567 550 866 788 799 203 808 703 207 780 118 622 1226 655 1039 949 706 974 977 774 642 830 823 1040 723 710 822 854 884 376 239 872 3730 401 1148 541 647 759 941 560 845 1179 860 1232 958 908 46 965 949 953 364 757 982 0 342 873 664 590 919 708 768 681
1158 297 1084 1323 864 460 1449 441 462 852 1579 386 792 402 1022 1257 1115 1267 316 698 882 865 1182 1104 1115 306 1124 1019 343 1095 431 937 1541 970 1354 1264 1022 1289 1293 1089 957 1145 1139 1356 1039 1025 1137 1169 1199 169 470 1187 4045 74 1464 857 962 1074 1256 876 1160 1495 1175 1547 1274 1223 361 1281 1264 1268 55 1072 1297 342 0 1188 979 906 1234 1023 1084 996
617 917 473 583 833 929 648 946 968 371 637 892 696 907 411 534 387 431 937 530 397 651 153 563 218 1049 1273 787 906 555 818 378 548 411 554 276 316 489 499 414 250 535 598 555 428 260 597 628 302 1074 939 291 3149 1167 470 366 403 132 716 391 619 501 102 554 473 151 867 480 524 468 1211 313 400 873 1188 0 368 559 161 791 127 385
870 708 152 836 644 720 901 737 759 207 810 683 532 698 90 325 640 414 728 367 233 605 362 816 295 840 1064 798 697 807 609 215 721 247 807 529 202 741 360 667 137 213 851 808 94 173 850 881 379 865 730 367 3225 958 644 202 239 254 969 227 872 675 355 727 726 403 658 733 777 720 1002 212 477 664 979 368 0 310 414 803 264 64
864 635 415 1027 570 646 1092 664 685 398 1001 609 498 625 353 588 821 605 654 404 424 571 552 809 485 767 990 725 623 801 535 405 912 438 998 719 392 932 623 795 328 476 844 999 369 363 843 875 570 792 656 558 3416 885 834 392 430 445 962 417 866 865 545 918 916 594 584 923 967 911 928 403 668 590 906 559 310 0 605 729 454 327
505 963 519 471 721 975 536 992 1014 417 525 938 613 953 457 580 275 476 983 576 443 539 198 451 264 1095 1319 675 952 442 863 424 436 457 442 163 361 376 545 301 296 580 486 443 473 306 484 516 348 1120 985 336 3050 1213 358 411 449 177 603 436 507 389 148 442 361 111 913 368 411 355 1257 358 316 919 1234 161 414 605 0 679 172 431
479 752 908 542 204 764 667 781 803 641 798 727 328 742 846 1081 436 1056 772 487 671 254 829 424 894 884 1108 158 741 416 653 726 887 759 675 585 811 610 1116 409 746 969 459 676 862 814 458 489 966 909 774 954 3571 1002 878 646 751 807 553 664 481 909 778 882 594 741 702 601 584 589 1046 867 836 708 1023 791 803 729 679 0 802 820
628 813 369 594 748 824 659 842 863 267 629 787 591 803 307 429 398 326 832 426 293 662 120 574 113 945 1168 798 801 566 713 274 540 306 565 287 211 500 394 425 145 430 609 566 323 155 608 639 198 970 834 186 3044 1063 462 261 298 29 727 286 630 493 113 546 484 162 762 491 535 479 1106 208 296 768 1084 127 264 454 172 802 0 281
887 725 169 853 661 737 918 754 776 224 827 700 549 715 107 342 657 431 745 383 250 622 379 833 312 857 1081 815 714 824 626 231 738 264 824 545 219 758 377 684 154 230 868 825 98 189 866 898 396 882 747 384 3242 975 661 219 256 271 986 244 889 692 372 744 743 420 675 750 794 737 1019 229 494 681 996 385 64 327 431 820 281 0
EOF