NAME : tsp_problem
TYPE : TSP
DIMENSION : 48
EDGE_WEIGHT_TYPE : EXPLICIT
EDGE_WEIGHT_FORMAT : FULL_MATRIX
EDGE_WEIGHT_SECTION
0 582 524 586 584 358 592 459 1132 1139 663 499 653 553 566 483 681 665 513 678 438 670 2615 1982 977 658 610 244 674 827 350 579 1045 678 375 458 465 518 512 1098 556 555 372 145 470 475 621 558
582 0 87 347 489 307 271 999 1672 1679 567 921 1193 137 731 136 264 153 678 842 978 275 2977 2522 560 375 290 784 578 315 634 561 1585 582 797 998 1005 1058 514 1638 317 1094 229 685 142 219 785 722
524 87 0 289 505 249 213 941 1613 1621 583 938 1135 79 747 77 280 169 694 858 920 291 2993 2464 576 391 232 726 594 331 650 503 1527 599 813 940 947 1000 455 1579 259 1036 170 626 84 161 801 739
586 347 289 0 308 311 417 1003 1676 1683 387 741 1197 318 550 248 154 342 497 662 982 143 3152 2526 625 195 436 788 398 380 454 585 1589 402 617 1002 1009 1062 518 1642 188 1098 233 689 235 365 605 542
584 489 505 308 0 560 666 980 1653 1660 128 551 1174 555 361 497 251 439 307 472 959 240 3136 2503 511 192 685 733 139 476 264 834 1566 212 427 979 986 1039 767 1618 437 1075 482 666 484 614 415 352
358 307 249 311 560 0 269 767 1439 1446 638 815 961 278 802 207 406 390 749 913 746 394 2923 2290 796 446 287 552 649 551 666 309 1353 654 691 766 773 825 241 1405 280 862 97 452 195 152 856 794
592 271 213 417 666 269 0 1009 1681 1688 745 1048 1203 243 908 206 465 354 855 1020 988 476 3165 2532 761 553 116 794 756 516 812 305 1595 760 924 1008 1015 1067 490 1647 387 1104 274 694 212 145 963 900
459 999 941 1003 980 767 1009 0 1282 1289 1058 844 526 970 962 899 1098 1082 909 1073 231 1087 2765 2132 1372 1054 1027 554 1069 1244 745 951 1195 1074 763 374 258 434 884 1247 973 348 789 388 887 892 1016 954
1132 1672 1613 1676 1653 1439 1681 1282 0 147 1731 1517 1476 1643 1635 1572 1771 1755 1582 1746 1261 1759 1759 1443 2045 1727 1700 1227 1742 1916 1418 1624 150 1747 1436 1281 1288 1341 1556 132 1645 1377 1462 1060 1560 1564 1689 1627
1139 1679 1621 1683 1660 1446 1688 1289 147 0 1738 1524 1483 1650 1642 1579 1778 1762 1589 1753 1268 1767 1767 1450 2052 1734 1707 1234 1749 1923 1425 1631 157 1754 1443 1288 1295 1348 1563 139 1652 1384 1469 1068 1567 1572 1696 1634
663 567 583 387 128 638 745 1058 1731 1738 0 630 1253 634 439 575 329 518 386 550 1037 318 3215 2581 589 271 763 811 68 555 342 913 1645 291 506 1057 1065 1117 845 1697 516 1154 560 744 563 692 493 431
499 921 938 741 551 815 1048 844 1517 1524 630 0 1038 988 433 930 684 872 480 417 823 673 3000 2367 638 625 1067 416 641 813 316 1026 1430 607 153 843 850 903 958 1483 870 940 829 530 917 931 487 425
653 1193 1135 1197 1174 961 1203 526 1476 1483 1253 1038 0 1164 1156 1094 1292 1276 1103 1267 390 1281 2959 2326 1566 1248 1221 749 1263 1438 939 1145 1389 1268 958 309 417 304 1078 1442 1167 384 983 582 1081 1086 1210 1148
553 137 79 318 555 278 243 970 1643 1650 634 988 1164 0 797 107 331 220 744 908 949 342 3043 2493 627 441 261 755 644 382 701 532 1556 649 864 969 976 1029 485 1609 288 1066 200 656 113 190 851 789
566 731 747 550 361 802 908 962 1635 1642 439 433 1156 797 0 739 493 681 289 248 941 482 3118 2485 547 434 927 715 450 718 246 1076 1548 454 409 961 968 1021 1009 1600 680 1057 724 648 726 856 191 128
483 136 77 248 497 207 206 899 1572 1579 575 930 1094 107 739 0 329 218 686 850 878 331 3042 2423 625 383 224 685 586 380 642 482 1486 591 806 899 906 958 414 1538 217 995 129 585 46 153 793 731
681 264 280 154 251 406 465 1098 1771 1778 329 684 1292 331 493 329 0 215 440 604 1077 85 3024 2621 497 137 484 865 340 252 396 680 1684 345 560 1097 1104 1157 612 1736 283 1193 327 783 330 413 547 485
665 153 169 342 439 390 354 1082 1755 1762 518 872 1276 220 681 218 215 0 628 792 1061 226 2979 2605 511 325 373 867 528 266 585 644 1668 533 748 1081 1088 1141 596 1720 400 1177 312 767 225 302 736 673
513 678 694 497 307 749 855 909 1582 1589 386 480 1103 744 289 686 440 628 0 401 888 429 3065 2432 700 381 874 662 397 665 193 1023 1495 401 356 908 915 968 956 1547 626 1004 671 594 673 803 344 281
678 842 858 662 472 913 1020 1073 1746 1753 550 417 1267 908 248 850 604 792 401 0 1052 593 3229 2596 531 546 1038 802 561 707 357 1187 1659 501 500 1072 1079 1132 1120 1712 791 1169 835 759 838 967 302 240
438 978 920 982 959 746 988 231 1261 1268 1037 823 390 949 941 878 1077 1061 888 1052 0 1066 2744 2111 1351 1033 1006 533 1048 1223 724 930 1174 1053 742 353 116 413 863 1226 952 212 768 367 866 871 995 933
670 275 291 143 240 394 476 1087 1759 1767 318 673 1281 342 482 331 85 226 429 593 1066 0 3035 2610 508 126 495 854 329 263 385 669 1673 334 549 1086 1093 1146 601 1725 272 1182 316 772 319 424 536 474
2577 3020 3037 3121 3098 2884 3126 2727 1721 1728 3176 2962 2921 3087 3080 3017 3079 3022 3026 3191 2706 3090 0 2888 3310 3171 3145 2672 3187 3065 2863 3069 1634 3191 2881 2726 2733 2785 3001 1687 3090 2822 2907 2505 3005 3009 3134 3071
1982 2522 2464 2526 2503 2290 2532 2132 1443 1450 2581 2367 2326 2493 2485 2423 2621 2605 2432 2596 2111 2610 2927 0 2895 2577 2550 2078 2592 2767 2268 2474 1357 2597 2286 2131 2138 2191 2407 1409 2496 2227 2312 1911 2410 2415 2539 2477
977 560 576 625 511 796 761 1372 2045 2052 589 638 1566 627 547 625 497 511 700 531 1351 508 3256 2895 0 585 779 1023 600 283 656 1051 1958 462 720 1371 1378 1431 1003 2011 754 1468 718 1058 631 709 601 539
658 375 391 195 192 446 553 1054 1727 1734 271 625 1248 441 434 383 137 325 381 546 1033 126 3135 2577 585 0 571 806 281 363 338 720 1640 286 501 1053 1060 1113 653 1692 324 1149 368 739 370 500 489 426
610 290 232 436 685 287 116 1027 1700 1707 763 1067 1221 261 927 224 484 373 874 1038 1006 495 3183 2550 779 571 0 812 774 534 830 406 1613 779 943 1026 1033 1086 509 1666 405 1123 293 713 230 163 981 919
244 784 726 788 733 552 794 554 1227 1234 811 416 749 755 715 685 865 867 662 802 533 854 2711 2078 1023 806 812 0 822 1029 498 736 1141 826 335 554 561 613 669 1193 758 650 574 240 672 677 769 706
674 578 594 398 139 649 756 1069 1742 1749 68 641 1263 644 450 586 340 528 397 561 1048 329 3225 2592 600 281 774 822 0 566 353 923 1655 301 516 1068 1075 1128 856 1708 527 1165 571 755 573 703 504 442
827 315 331 380 476 551 516 1244 1916 1923 555 813 1438 382 718 380 252 266 665 707 1223 263 3011 2767 283 363 534 1029 566 0 622 806 1830 570 785 1243 1250 1302 758 1882 509 1339 473 929 386 464 773 710
350 634 650 454 264 666 812 745 1418 1425 342 316 939 701 246 642 396 585 193 357 724 385 2901 2268 656 338 830 498 353 622 0 887 1331 358 192 744 751 804 819 1384 583 840 627 431 630 760 300 238
579 561 503 585 834 309 305 951 1624 1631 913 1026 1145 532 1076 482 680 644 1023 1187 930 669 3107 2474 1051 720 406 736 923 806 887 0 1537 928 912 950 957 1010 283 1590 555 1047 371 637 469 435 1130 1068
1045 1585 1527 1589 1566 1353 1595 1195 150 157 1645 1430 1389 1556 1548 1486 1684 1668 1495 1659 1174 1673 1673 1357 1958 1640 1613 1141 1655 1830 1331 1537 0 1660 1350 1194 1201 1254 1470 116 1559 1291 1375 974 1473 1478 1602 1540
678 582 599 402 212 654 760 1074 1747 1754 291 607 1268 649 454 591 345 533 401 501 1053 334 3230 2597 462 286 779 826 301 570 358 928 1660 0 521 1073 1080 1133 860 1712 531 1169 576 759 578 708 509 446
375 797 813 617 427 691 924 763 1436 1443 506 153 958 864 409 806 560 748 356 500 742 549 2920 2286 720 501 943 335 516 785 192 912 1350 521 0 762 770 822 844 1402 746 859 705 449 793 807 463 401
458 998 940 1002 979 766 1008 374 1281 1288 1057 843 309 969 961 899 1097 1081 908 1072 353 1086 2764 2131 1371 1053 1026 554 1068 1243 744 950 1194 1073 762 0 380 174 883 1247 972 469 788 387 886 891 1015 953
465 1005 947 1009 986 773 1015 258 1288 1295 1065 850 417 976 968 906 1104 1088 915 1079 116 1093 2771 2138 1378 1060 1033 561 1075 1250 751 957 1201 1080 770 380 0 440 890 1254 979 239 795 394 893 898 1022 960
518 1058 1000 1062 1039 825 1067 434 1341 1348 1117 903 304 1029 1021 958 1157 1141 968 1132 413 1146 2824 2191 1431 1113 1086 613 1128 1302 804 1010 1254 1133 822 174 440 0 942 1306 1031 529 848 447 946 951 1075 1013
512 514 455 518 767 241 490 884 1556 1563 845 958 1078 485 1009 414 612 596 956 1120 863 601 3040 2407 1003 653 509 669 856 758 819 283 1470 860 844 883 890 942 0 1522 487 979 304 569 401 373 1063 1001
1098 1638 1579 1642 1618 1405 1647 1247 132 139 1697 1483 1442 1609 1600 1538 1736 1720 1547 1712 1226 1725 1725 1409 2011 1692 1666 1193 1708 1882 1384 1590 116 1712 1402 1247 1254 1306 1522 0 1611 1343 1428 1026 1525 1530 1655 1592
556 317 259 188 437 280 387 973 1645 1652 516 870 1167 288 680 217 283 400 626 791 952 272 3129 2496 754 324 405 758 527 509 583 555 1559 531 746 972 979 1031 487 1611 0 1068 202 658 205 335 734 671
555 1094 1036 1098 1075 862 1104 348 1377 1384 1154 940 384 1066 1057 995 1193 1177 1004 1169 212 1182 2861 2227 1468 1149 1123 650 1165 1339 840 1047 1291 1169 859 469 239 529 979 1343 1068 0 885 483 982 987 1112 1049
372 229 170 233 482 97 274 789 1462 1469 560 829 983 200 724 129 327 312 671 835 768 316 2945 2312 718 368 293 574 571 473 627 371 1375 576 705 788 795 848 304 1428 202 885 0 475 117 157 778 716
145 685 626 689 666 452 694 388 1060 1068 744 530 582 656 648 585 783 767 594 759 367 772 2544 1911 1058 739 713 240 755 929 431 637 974 759 449 387 394 447 569 1026 658 483 475 0 573 577 702 639
470 142 84 235 484 195 212 887 1560 1567 563 917 1081 113 726 46 330 225 673 838 866 319 3043 2410 631 370 230 672 573 386 630 469 1473 578 793 886 893 946 401 1525 205 982 117 573 0 160 781 718
475 219 161 365 614 152 145 892 1564 1572 692 931 1086 190 856 153 413 302 803 967 871 424 3048 2415 709 500 163 677 703 464 760 435 1478 708 807 891 898 951 373 1530 335 987 157 577 160 0 910 848
621 785 801 605 415 856 963 1016 1689 1696 493 487 1210 851 191 793 547 736 344 302 995 536 3172 2539 601 489 981 769 504 773 300 1130 1602 509 463 1015 1022 1075 1063 1655 734 1112 778 702 781 910 0 137
558 722 739 542 352 794 900 954 1627 1634 431 425 1148 789 128 731 485 673 281 240 933 474 3110 2477 539 426 919 706 442 710 238 1068 1540 446 401 953 960 1013 1001 1592 671 1049 716 639 718 848 137 0
EOF