NAME : tsp_problem
TYPE : TSP
DIMENSION : 40
EDGE_WEIGHT_TYPE : EXPLICIT
EDGE_WEIGHT_FORMAT : FULL_MATRIX
EDGE_WEIGHT_SECTION
0 1197 483 377 814 915 679 805 1062 488 337 716 572 453 641 847 302 963 459 808 131 287 319 317 287 289 811 825 473 345 750 676 805 594 3147 792 733 284 455 393
1197 0 1168 1222 1745 2077 1609 1490 385 1173 1499 1646 1734 1615 1326 1777 1464 2009 1621 1492 1294 1404 1482 1480 1450 1451 1741 1987 1404 1190 1913 1556 1490 1524 2153 1954 1895 1446 1572 1510
483 1168 0 508 1030 1363 895 382 1032 67 785 932 1020 901 377 1063 750 1294 907 385 579 689 767 765 735 737 1027 1273 689 475 1198 842 370 810 3117 1240 1181 732 857 796
377 1222 508 0 924 1052 789 830 1087 513 442 826 710 590 666 957 407 1100 596 833 440 339 457 455 425 426 921 963 583 369 888 736 830 704 3172 930 871 422 507 446
814 1745 1030 924 0 661 294 1353 1609 1036 780 337 440 753 1189 469 745 288 594 1355 855 839 618 610 790 791 432 690 370 757 497 436 1352 415 3694 538 598 787 1007 946
915 2077 1363 1052 661 0 926 1685 1942 1368 676 703 449 587 1521 835 711 480 674 1687 855 839 631 629 790 791 798 461 797 1224 182 1072 1685 841 3638 140 369 786 965 945
679 1609 895 789 294 926 0 1217 1474 900 844 401 504 817 1053 532 809 558 659 1220 775 903 682 674 854 855 496 837 235 724 762 506 1217 279 3559 804 745 851 1071 1010
805 1490 382 830 1353 1685 1217 0 1355 377 1107 1254 1342 1223 243 1385 1072 1617 1229 83 902 1012 1090 1088 1058 1059 1349 1595 1012 798 1521 1164 80 1132 3440 1562 1503 1055 1180 1118
1062 385 1032 1087 1609 1942 1474 1355 0 1038 1364 1511 1599 1480 1191 1642 1329 1873 1486 1357 1158 1268 1346 1344 1314 1316 1606 1852 1268 1054 1777 1421 1354 1389 2335 1819 1760 1311 1436 1375
488 1173 67 513 1036 1368 900 377 1038 0 790 937 1025 906 382 1068 755 1300 912 379 585 695 772 770 741 742 1032 1278 694 481 1204 847 365 815 3123 1245 1186 737 863 801
337 1499 785 442 780 676 844 1107 1364 790 0 621 428 214 943 753 49 724 324 1109 277 228 184 182 212 213 716 586 715 646 511 978 1107 759 3449 553 494 208 396 335
716 1646 932 826 337 703 401 1254 1511 937 621 0 281 594 1090 174 586 541 435 1257 696 680 459 451 631 632 138 613 272 761 539 657 1254 316 3596 580 522 628 848 787
572 1734 1020 710 440 449 504 1342 1599 1025 428 281 0 339 1178 412 402 497 251 1345 512 496 275 267 447 448 376 359 374 864 284 759 1342 419 3454 326 267 444 664 603
453 1615 901 590 753 587 817 1223 1480 906 214 594 339 0 1059 725 249 635 308 1226 393 377 169 167 328 329 689 497 687 762 423 1072 1223 732 3482 464 405 324 503 484
641 1326 377 666 1189 1521 1053 243 1191 382 943 1090 1178 1059 0 1221 908 1453 1065 246 738 848 925 923 894 895 1185 1431 847 634 1357 1000 243 968 3276 1398 1339 890 1016 954
847 1777 1063 957 469 835 532 1385 1642 1068 753 174 412 725 1221 0 718 672 567 1388 828 812 590 583 762 764 206 745 403 892 670 788 1385 379 3727 712 653 759 980 918
302 1464 750 407 745 711 809 1072 1329 755 49 586 402 249 908 718 0 759 289 1075 242 193 149 147 177 178 681 622 680 611 547 943 1072 724 3414 589 530 173 361 300
963 2009 1294 1100 288 480 558 1617 1873 1300 724 541 497 635 1453 672 759 0 722 1619 903 887 679 677 838 839 636 509 634 1021 316 700 1616 679 3686 357 417 834 1013 993
459 1621 907 596 594 674 659 1229 1486 912 324 435 251 308 1065 567 289 722 0 1232 399 383 162 154 334 335 530 584 529 768 509 914 1229 574 3571 551 492 330 551 489
808 1492 385 833 1355 1687 1220 83 1357 379 1109 1257 1345 1226 246 1388 1075 1619 1232 0 904 1014 1092 1090 1060 1062 1352 1598 1014 800 1523 1167 82 1135 3442 1565 1506 1057 1182 1121
131 1294 579 440 855 855 775 902 1158 585 277 696 512 393 738 828 242 903 399 904 0 227 259 257 228 229 791 765 570 441 691 773 901 690 3244 732 673 224 395 333
287 1404 689 339 839 839 903 1012 1268 695 228 680 496 377 848 812 193 887 383 1014 227 0 243 241 211 213 775 749 725 551 674 917 1011 818 3353 716 657 208 221 160
319 1482 767 457 618 631 682 1090 1346 772 184 459 275 169 925 590 149 679 162 1092 259 243 0 20 194 195 554 541 553 629 466 938 1089 597 3431 508 449 191 411 350
317 1480 765 455 610 629 674 1088 1344 770 182 451 267 167 923 583 147 677 154 1090 257 241 20 0 192 193 546 539 545 627 464 930 1087 589 3429 506 447 189 409 348
287 1450 735 425 790 790 854 1058 1314 741 212 631 447 328 894 762 177 838 334 1060 228 211 194 192 0 50 726 700 725 597 625 929 1057 769 3400 667 608 45 380 318
289 1451 737 426 791 791 855 1059 1316 742 213 632 448 329 895 764 178 839 335 1062 229 213 195 193 50 0 727 701 726 598 627 930 1059 770 3401 668 609 46 381 319
811 1741 1027 921 432 798 496 1349 1606 1032 716 138 376 689 1185 206 681 636 530 1352 791 775 554 546 726 727 0 708 367 856 634 752 1349 411 3691 675 616 723 943 882
825 1987 1273 963 690 461 837 1595 1852 1278 586 613 359 497 1431 745 622 509 584 1598 765 749 541 539 700 701 708 0 707 1134 297 1092 1595 752 3548 338 111 697 875 856
473 1404 689 583 370 797 235 1012 1268 694 715 272 374 687 847 403 680 634 529 1014 570 725 553 545 725 726 367 707 0 518 632 414 1011 150 3353 674 615 721 893 832
345 1190 475 369 757 1224 724 798 1054 481 646 761 864 762 634 892 611 1021 768 800 441 551 629 627 597 598 856 1134 518 0 1060 490 797 639 3139 1102 1043 594 719 658
750 1913 1198 888 497 182 762 1521 1777 1204 511 539 284 423 1357 670 547 316 509 1523 691 674 466 464 625 627 634 297 632 1060 0 908 1520 677 3473 59 205 622 801 781
676 1556 842 736 436 1072 506 1164 1421 847 978 657 759 1072 1000 788 943 700 914 1167 773 917 938 930 929 930 752 1092 414 490 908 0 1164 535 3506 950 1000 925 1085 1024
805 1490 370 830 1352 1685 1217 80 1354 365 1107 1254 1342 1223 243 1385 1072 1616 1229 82 901 1011 1089 1087 1057 1059 1349 1595 1011 797 1520 1164 0 1132 3439 1562 1503 1054 1179 1118
594 1524 810 704 415 841 279 1132 1389 815 759 316 419 732 968 379 724 679 574 1135 690 818 597 589 769 770 411 752 150 639 677 535 1132 0 3474 719 660 766 986 925
3109 2115 3079 3133 3656 3692 3521 3401 2296 3084 3410 3557 3509 3526 3237 3688 3375 3740 3532 3404 3205 3315 3393 3391 3361 3362 3652 3603 3315 3101 3528 3467 3401 3436 0 3570 3511 3358 3483 3422
792 1954 1240 930 538 140 804 1562 1819 1245 553 580 326 464 1398 712 589 357 551 1565 732 716 508 506 667 668 675 338 674 1102 59 950 1562 719 3515 0 247 664 842 823
733 1895 1181 871 598 369 745 1503 1760 1186 494 522 267 405 1339 653 530 417 492 1506 673 657 449 447 608 609 616 111 615 1043 205 1000 1503 660 3456 247 0 605 784 764
284 1446 732 422 787 786 851 1055 1311 737 208 628 444 324 890 759 173 834 330 1057 224 208 191 189 45 46 723 697 721 594 622 925 1054 766 3396 664 605 0 376 315
455 1572 857 507 1007 965 1071 1180 1436 863 396 848 664 503 1016 980 361 1013 551 1182 395 221 411 409 380 381 943 875 893 719 801 1085 1179 986 3522 842 784 376 0 113
393 1510 796 446 946 945 1010 1118 1375 801 335 787 603 484 954 918 300 993 489 1121 333 160 350 348 318 319 882 856 832 658 781 1024 1118 925 3460 823 764 315 113 0
EOF