NAME : tsp_problem
TYPE : TSP
DIMENSION : 44
EDGE_WEIGHT_TYPE : EXPLICIT
EDGE_WEIGHT_FORMAT : FULL_MATRIX
EDGE_WEIGHT_SECTION
0 137 390 389 249 1111 272 834 594 211 294 1243 622 403 5840 611 271 253 337 1255 209 331 937 956 702 914 215 1581 412 522 1239 693 914 660 1009 207 718 790 544 1091 1407 335 1207 981
137 0 326 325 185 998 159 770 530 147 181 1130 509 340 5727 498 158 289 274 1142 146 268 874 892 638 851 152 1468 348 459 1126 580 801 596 896 144 655 726 431 978 1294 272 1094 868
390 326 0 71 294 1075 236 605 586 256 258 1207 586 174 5804 575 235 542 383 1219 202 377 708 727 473 686 196 1545 333 515 1203 657 878 652 831 219 489 561 541 913 1371 380 1171 945
389 325 71 0 293 1074 235 604 585 255 257 1206 585 173 5803 574 234 541 382 1218 201 376 707 726 472 685 195 1544 332 514 1202 656 877 651 830 218 488 560 540 912 1370 379 1170 944
249 185 294 293 0 1076 237 726 462 79 259 1207 586 308 5721 575 236 401 206 1219 114 200 829 848 594 806 119 1546 281 391 1204 658 878 528 952 111 610 682 542 1034 1372 204 1172 946
1111 998 1075 1074 1076 0 862 987 1421 1038 836 153 517 1089 5540 534 858 1263 1164 198 984 1159 1090 1109 1115 1151 978 1281 1239 1350 149 459 379 1487 905 1001 1132 1203 642 986 1107 1162 117 327
272 159 236 235 237 862 0 680 582 199 45 994 373 250 5591 362 28 425 326 1006 145 320 784 802 548 761 139 1332 400 511 990 444 665 648 760 162 565 636 328 842 1158 323 958 732
834 770 605 604 726 987 680 0 718 675 702 1118 497 574 5715 486 679 986 718 1130 646 581 219 237 318 280 640 1457 465 647 1115 569 789 785 417 663 335 401 657 498 1283 584 1083 857
594 530 586 585 462 1421 582 718 0 411 603 1552 931 556 5760 920 581 746 455 1564 459 317 822 841 586 717 464 1891 273 90 1549 1002 1223 90 945 456 603 662 887 1026 1717 321 1517 1291
211 147 256 255 79 1038 199 675 411 0 221 1169 548 270 5670 537 198 363 155 1181 76 149 778 797 543 755 81 1508 230 340 1166 620 840 477 901 73 559 631 504 983 1334 153 1134 908
294 181 258 257 259 836 45 702 603 221 0 968 347 271 5565 336 41 446 347 980 166 341 805 824 570 782 161 1307 422 532 965 418 639 670 735 183 586 658 302 816 1132 345 932 706
1243 1130 1207 1206 1207 153 994 1118 1552 1169 968 0 648 1220 5671 665 990 1395 1296 87 1115 1290 1222 1241 1247 1283 1110 1413 1370 1481 57 590 407 1618 1036 1132 1263 1334 773 1118 1238 1294 48 458
622 509 586 585 586 517 373 497 931 548 347 648 0 599 5245 67 369 774 675 660 494 669 601 620 626 662 489 987 750 860 645 98 319 997 450 511 642 713 187 531 813 673 613 387
403 340 174 173 308 1089 250 574 556 270 271 1220 599 0 5817 588 249 555 396 1232 215 390 678 697 442 655 210 1559 302 485 1217 670 891 622 801 232 459 530 554 882 1384 394 1184 958
3573 3459 3536 3535 3536 3272 3323 3448 3586 3485 3298 3404 2978 3550 0 2995 3320 3725 3529 3416 3445 3443 3552 3570 3576 3613 3439 2064 3469 3515 3401 2920 3075 3652 3366 3462 3593 3664 3103 3447 2344 3446 3368 3142
611 498 575 574 575 534 362 486 920 537 336 665 67 588 5262 0 358 763 664 677 483 658 590 609 615 651 478 1004 738 849 662 115 336 986 455 500 631 702 204 536 830 662 630 404
271 158 235 234 236 858 28 679 581 198 41 990 369 249 5587 358 0 424 324 1002 144 319 783 801 547 760 138 1328 399 510 986 440 661 647 757 161 564 635 324 838 1154 322 954 728
253 289 542 541 401 1263 425 986 746 363 446 1395 774 555 5992 763 424 0 489 1407 362 484 1089 1108 854 1067 367 1733 564 675 1392 845 1066 812 1162 359 871 942 696 1243 1559 487 1359 1133
337 274 383 382 206 1164 326 718 455 155 347 1296 675 396 5714 664 324 489 0 1308 202 153 822 841 586 799 208 1634 273 384 1292 746 967 521 945 200 603 674 630 1026 1460 161 1260 1034
1255 1142 1219 1218 1219 198 1006 1130 1564 1181 980 87 660 1232 5683 677 1002 1407 1308 0 1127 1302 1234 1252 1258 1295 1122 1425 1382 1493 78 602 400 1630 1048 1144 1275 1346 785 1129 1250 1306 94 503
209 146 202 201 114 984 145 646 459 76 166 1115 494 215 5712 483 144 362 202 1127 0 196 749 768 514 726 50 1454 277 387 1112 565 786 525 872 42 530 602 449 953 1279 200 1079 853
331 268 377 376 200 1159 320 581 317 149 341 1290 669 390 5628 658 319 484 153 1302 196 0 684 703 449 661 202 1629 136 246 1287 740 961 383 807 194 465 537 624 889 1454 59 1254 1028
937 874 708 707 829 1090 784 219 822 778 805 1222 601 678 5819 590 783 1089 822 1234 749 684 0 109 422 252 743 1560 568 751 1218 672 893 888 501 766 438 373 760 558 1386 688 1186 960
956 892 727 726 848 1109 802 237 841 797 824 1241 620 697 5838 609 801 1108 841 1252 768 703 109 0 440 271 762 1579 587 769 1237 691 912 907 520 785 457 392 779 577 1405 706 1205 979
702 638 473 472 594 1115 548 318 586 543 570 1247 626 442 5844 615 547 854 586 1258 514 449 422 440 0 399 508 1585 333 515 1243 697 918 653 545 531 84 274 785 626 1411 452 1211 985
914 851 686 685 806 1151 761 280 717 755 782 1283 662 655 5880 651 760 1067 799 1295 726 661 252 271 399 0 721 1621 545 646 1279 733 954 783 356 743 415 145 821 413 1447 665 1247 1021
215 152 196 195 119 978 139 640 464 81 161 1110 489 210 5707 478 138 367 208 1122 50 202 743 762 508 721 0 1448 283 393 1106 560 781 530 867 47 525 596 444 948 1274 206 1074 848
1581 1468 1545 1544 1546 1281 1332 1457 1891 1508 1307 1413 987 1559 4331 1004 1328 1733 1634 1425 1454 1629 1560 1579 1585 1621 1448 0 1709 1820 1409 929 1084 1957 1375 1471 1602 1673 1112 1456 353 1632 1377 1151
412 348 333 332 281 1239 400 465 273 230 422 1370 750 302 5643 738 399 564 273 1382 277 136 568 587 333 545 283 1709 0 202 1367 821 1041 339 691 274 349 421 705 773 1535 139 1335 1109
522 459 515 514 391 1350 511 647 90 340 532 1481 860 485 5689 849 510 675 384 1493 387 246 751 769 515 646 393 1820 202 0 1478 931 1152 156 874 385 532 591 815 955 1645 250 1445 1219
1239 1126 1203 1202 1204 149 990 1115 1549 1166 965 57 645 1217 5668 662 986 1392 1292 78 1112 1287 1218 1237 1243 1279 1106 1409 1367 1478 0 587 398 1615 1033 1129 1260 1331 770 1114 1235 1290 45 455
693 580 657 656 658 459 444 569 1002 620 418 590 98 670 5187 115 440 845 746 602 565 740 672 691 697 733 560 929 821 931 587 0 261 1069 486 582 713 784 223 568 754 744 554 328
914 801 878 877 878 379 665 789 1223 840 639 407 319 891 5342 336 661 1066 967 400 786 961 893 912 918 954 781 1084 1041 1152 398 261 0 1289 707 803 934 1005 444 788 909 965 420 248
660 596 652 651 528 1487 648 785 90 477 670 1618 997 622 5826 986 647 812 521 1630 525 383 888 907 653 783 530 1957 339 156 1615 1069 1289 0 1011 522 669 728 953 1092 1783 387 1583 1357
1009 896 831 830 952 905 760 417 945 901 735 1036 450 801 5633 455 757 1162 945 1048 872 807 501 520 545 356 867 1375 691 874 1033 486 707 1011 0 889 561 478 575 235 1201 811 1001 774
207 144 219 218 111 1001 162 663 456 73 183 1132 511 232 5715 500 161 359 200 1144 42 194 766 785 531 743 47 1471 274 385 1129 582 803 522 889 0 547 619 466 971 1296 198 1096 870
718 655 489 488 610 1132 565 335 603 559 586 1263 642 459 5860 631 564 871 603 1275 530 465 438 457 84 415 525 1602 349 532 1260 713 934 669 561 547 0 291 802 643 1427 469 1227 1001
790 726 561 560 682 1203 636 401 662 631 658 1334 713 530 5931 702 635 942 674 1346 602 537 373 392 274 145 596 1673 421 591 1331 784 1005 728 478 619 291 0 873 535 1499 540 1299 1073
544 431 541 540 542 642 328 657 887 504 302 773 187 554 5370 204 324 696 630 785 449 624 760 779 785 821 444 1112 705 815 770 223 444 953 575 466 802 873 0 656 938 628 738 512
1091 978 913 912 1034 986 842 498 1026 983 816 1118 531 882 5714 536 838 1243 1026 1129 953 889 558 577 626 413 948 1456 773 955 1114 568 788 1092 235 971 643 535 656 0 1282 892 1082 856
1407 1294 1371 1370 1372 1107 1158 1283 1717 1334 1132 1238 813 1384 4611 830 1154 1559 1460 1250 1279 1454 1386 1405 1411 1447 1274 353 1535 1645 1235 754 909 1783 1201 1296 1427 1499 938 1282 0 1458 1203 977
335 272 380 379 204 1162 323 584 321 153 345 1294 673 394 5631 662 322 487 161 1306 200 59 688 706 452 665 206 1632 139 250 1290 744 965 387 811 198 469 540 628 892 1458 0 1258 1032
1207 1094 1171 1170 1172 117 958 1083 1517 1134 932 48 613 1184 5635 630 954 1359 1260 94 1079 1254 1186 1205 1211 1247 1074 1377 1335 1445 45 554 420 1583 1001 1096 1227 1299 738 1082 1203 1258 0 422
981 868 945 944 946 327 732 857 1291 908 706 458 387 958 5409 404 728 1133 1034 503 853 1028 960 979 985 1021 848 1151 1109 1219 455 328 248 1357 774 870 1001 1073 512 856 977 1032 422 0
EOF