NAME : tsp_problem
TYPE : TSP
DIMENSION : 38
EDGE_WEIGHT_TYPE : EXPLICIT
EDGE_WEIGHT_FORMAT : FULL_MATRIX
EDGE_WEIGHT_SECTION
0 797 888 1306 851 238 737 1202 761 1143 896 340 1040 478 522 1051 710 805 145 790 810 605 428 383 381 885 1046 810 4843 1274 446 516 1145 569 520 3247 992 697
797 0 817 1235 392 837 266 599 334 521 363 875 970 484 529 981 225 202 684 775 160 612 627 650 648 282 975 160 4772 1204 452 339 400 875 538 3176 389 151
888 817 0 477 482 928 768 815 836 756 527 708 211 836 880 222 727 633 775 391 948 963 979 741 739 606 216 948 4228 445 804 873 983 657 1210 2632 605 939
1306 1235 477 0 900 1346 1186 1233 1254 1175 945 1126 487 1254 1298 541 1145 1051 1193 810 1367 1381 1397 1159 1157 1024 492 1367 4647 60 1222 1292 1401 1075 1628 3051 1023 1358
851 392 482 900 0 891 343 434 410 376 102 671 634 682 727 645 301 207 738 440 523 810 825 704 702 189 639 523 4437 868 650 537 558 670 901 2841 225 514
238 837 928 1346 891 0 777 1242 801 1184 937 380 1081 518 562 1092 750 845 185 830 850 645 469 423 422 926 1086 850 4883 1315 486 556 1185 609 560 3287 1032 737
737 266 768 1186 343 777 0 550 153 491 314 815 921 425 469 932 58 153 624 726 398 552 568 590 588 233 926 398 4723 1155 393 279 493 815 723 3127 340 356
1202 599 815 1233 434 1242 550 0 617 211 406 1049 967 889 933 978 508 414 1089 773 730 1017 1032 1055 1053 347 972 730 4770 1201 857 744 550 1038 1108 3174 321 721
761 334 836 1254 410 801 153 617 0 559 382 839 988 448 493 999 125 220 648 794 465 576 591 614 612 301 993 465 4791 1222 416 303 560 839 747 3195 408 380
1143 521 756 1175 376 1184 491 211 559 0 348 991 909 831 875 920 450 356 1031 714 652 959 974 996 995 289 914 652 4712 1143 799 685 360 980 1030 3116 263 643
896 363 527 945 102 937 314 406 382 348 0 716 680 654 698 691 273 179 784 485 494 782 797 749 748 161 685 494 4483 914 622 508 529 716 872 2887 196 485
340 875 708 1126 671 380 815 1049 839 991 716 0 860 556 600 871 788 822 287 490 888 684 492 462 460 804 865 888 4663 1094 524 594 1172 285 583 3067 839 775
1040 970 211 487 634 1081 921 967 988 909 680 860 0 988 1032 354 879 785 928 544 1101 1115 1131 893 892 758 42 1101 4381 456 956 1026 1136 810 1363 2785 757 1092
478 484 836 1254 682 518 425 889 448 831 654 556 988 0 141 999 397 492 365 761 497 158 309 284 329 573 993 497 4791 1222 65 203 832 556 540 3195 680 384
522 529 880 1298 727 562 469 933 493 875 698 600 1032 141 0 1043 441 537 410 805 541 269 353 375 373 617 1038 541 4835 1266 109 248 877 600 585 3239 724 429
1051 981 222 541 645 1092 932 978 999 920 691 871 354 999 1043 0 890 796 939 555 1112 1126 1142 904 903 769 359 1112 4392 509 967 1037 1147 821 1374 2796 768 1103
710 225 727 1145 301 750 58 508 125 450 273 788 879 397 441 890 0 111 597 685 356 525 540 563 561 192 885 356 4682 1113 365 252 452 788 696 3086 299 329
805 202 633 1051 207 845 153 414 220 356 179 822 785 492 537 796 111 0 692 591 333 620 635 658 656 98 791 333 4588 1019 460 347 428 822 711 2992 205 324
145 684 775 1193 738 185 624 1089 648 1031 784 287 928 365 410 939 597 692 0 701 697 493 376 271 269 773 933 697 4730 1162 333 403 1032 496 467 3134 879 584
790 775 391 810 440 830 726 773 794 714 485 490 544 761 805 555 685 591 701 0 906 889 904 667 665 564 549 906 4347 778 729 799 941 402 1034 2751 563 897
810 160 948 1367 523 850 398 730 465 652 494 888 1101 497 541 1112 356 333 697 906 0 625 640 663 661 414 1106 30 4904 1335 465 351 531 888 551 3308 520 164
605 612 963 1381 810 645 552 1017 576 959 782 684 1115 158 269 1126 525 620 493 889 625 0 437 260 388 701 1121 625 4918 1350 193 331 960 683 668 3322 807 512
428 627 979 1397 825 469 568 1032 591 974 797 492 1131 309 353 1142 540 635 376 904 640 437 0 474 472 716 1136 640 4934 1365 277 346 975 699 413 3338 823 527
383 650 741 1159 704 423 590 1055 614 996 749 462 893 284 375 904 563 658 271 667 663 260 474 0 166 738 899 663 4696 1128 299 369 998 461 705 3100 845 550
381 648 739 1157 702 422 588 1053 612 995 748 460 892 329 373 903 561 656 269 665 661 388 472 166 0 737 897 661 4694 1126 297 367 996 460 704 3098 843 548
885 282 606 1024 189 926 233 347 301 289 161 804 758 573 617 769 192 98 773 564 414 701 716 738 737 0 763 414 4561 992 541 427 401 803 792 2965 137 405
1046 975 216 492 639 1086 926 972 993 914 685 865 42 993 1038 359 885 791 933 549 1106 1121 1136 899 897 763 0 1106 4386 461 961 1031 1141 815 1368 2790 763 1097
810 160 948 1367 523 850 398 730 465 652 494 888 1101 497 541 1112 356 333 697 906 30 625 640 663 661 414 1106 0 4904 1335 465 352 531 888 551 3308 520 164
4917 4846 4302 4720 4510 4957 4797 4844 4865 4785 4556 4737 4454 4865 4909 4465 4756 4662 4804 4420 4977 4992 5008 4770 4768 4635 4460 4977 0 4689 4833 4902 5012 4686 5239 3434 4634 4968
1274 1204 445 60 868 1315 1155 1201 1222 1143 914 1094 456 1222 1266 509 1113 1019 1162 778 1335 1350 1365 1128 1126 992 461 1335 4615 0 1190 1260 1370 1044 1597 3019 991 1326
446 452 804 1222 650 486 393 857 416 799 622 524 956 65 109 967 365 460 333 729 465 193 277 299 297 541 961 465 4759 1190 0 171 801 524 509 3163 648 352
516 339 873 1292 537 556 279 744 303 685 508 594 1026 203 248 1037 252 347 403 799 351 331 346 369 367 427 1031 352 4829 1260 171 0 687 594 578 3233 534 239
1145 400 983 1401 558 1185 493 550 560 360 529 1172 1136 832 877 1147 452 428 1032 941 531 960 975 998 996 401 1141 531 4938 1370 801 687 0 1172 909 3342 522 522
569 875 657 1075 670 609 815 1038 839 980 716 285 810 556 600 821 788 822 496 402 888 683 699 461 460 803 815 888 4612 1044 524 594 1172 0 813 3016 828 775
520 538 1210 1628 901 560 723 1108 747 1030 872 583 1363 540 585 1374 696 711 467 1034 551 668 413 705 704 792 1368 551 5165 1597 509 578 909 813 0 3569 898 438
3209 3138 2594 3012 2802 3249 3089 3135 3156 3077 2848 3028 2746 3156 3201 2757 3048 2953 3096 2712 3269 3284 3299 3062 3060 2926 2751 3269 3383 2980 3124 3194 3304 2978 3531 0 2926 3260
992 389 605 1023 225 1032 340 321 408 263 196 839 757 680 724 768 299 205 879 563 520 807 823 845 843 137 763 520 4560 991 648 534 522 828 898 2964 0 511
697 151 939 1358 514 737 356 721 380 643 485 775 1092 384 429 1103 329 324 584 897 164 512 527 550 548 405 1097 164 4895 1326 352 239 522 775 438 3299 511 0
EOF
