NAME : tsp_problem
TYPE : TSP
DIMENSION : 48
EDGE_WEIGHT_TYPE : EXPLICIT
EDGE_WEIGHT_FORMAT : FULL_MATRIX
EDGE_WEIGHT_SECTION
0 861 1119 555 217 694 630 221 285 279 984 223 213 404 815 300 225 624 613 315 967 315 719 333 342 329 972 293 1062 332 153 895 276 1013 284 728 235 548 303 951 1501 834 681 262 1112 98 864 727
861 0 1055 939 954 630 544 957 733 653 920 775 949 667 128 748 865 539 527 824 903 784 373 901 910 867 907 802 997 900 807 545 724 299 732 284 662 483 751 887 1437 769 1065 711 1047 790 800 382
1119 1055 0 1571 1234 487 1270 1237 991 912 150 1136 1229 1379 973 1007 1241 1265 1254 1331 166 1228 1100 1124 1133 1345 188 1310 89 1123 1065 1276 982 1207 990 1010 920 612 1010 950 1500 476 1697 969 92 1040 388 1108
555 939 1571 0 464 1146 586 467 737 731 1436 531 460 299 920 752 376 581 569 334 1419 539 675 818 827 378 1424 312 1514 816 525 852 728 1091 736 684 687 1000 755 1403 1954 1286 430 715 1564 597 1316 684
217 954 1234 464 0 809 600 56 399 394 1099 206 48 313 929 414 134 595 584 224 1082 298 690 480 489 238 1086 202 1176 479 187 866 390 1106 398 699 350 662 417 1066 1616 948 590 377 1226 259 978 698
694 630 487 1146 809 0 846 812 567 487 453 711 804 954 549 582 816 840 829 906 436 803 675 699 708 920 320 885 410 698 640 851 558 782 566 586 495 187 585 525 1075 303 1272 544 494 615 213 683
630 544 1270 586 600 846 0 604 708 703 1135 422 596 314 525 723 512 67 174 470 1119 430 280 789 798 514 1123 449 1213 788 496 456 699 696 707 289 659 699 726 1102 1653 985 712 686 1263 568 1015 288
221 957 1237 467 56 812 604 0 402 397 1102 210 52 317 932 418 137 598 587 227 1085 301 693 483 492 241 1089 206 1180 482 190 869 394 1109 402 702 353 665 421 1069 1619 952 593 380 1229 263 982 701
285 733 991 737 399 567 708 402 0 151 856 302 395 545 687 66 407 703 692 497 839 393 728 335 344 511 844 475 934 334 231 904 42 885 50 638 108 420 69 823 1374 706 863 39 984 214 736 736
279 653 912 731 394 487 703 397 151 0 777 296 389 539 607 167 401 697 686 491 760 388 648 329 338 505 764 470 854 328 225 824 142 806 151 559 80 340 170 744 1294 626 857 129 904 209 656 656
984 920 150 1436 1099 453 1135 1102 856 777 0 1001 1094 1244 838 872 1106 1130 1119 1196 48 1093 965 989 998 1210 259 1175 160 988 930 1141 847 1072 855 875 785 477 875 815 1365 341 1562 834 142 905 460 973
223 775 1136 531 206 711 422 210 302 296 1001 0 202 259 757 317 214 417 406 304 984 107 511 382 391 318 989 282 1079 381 90 688 293 927 301 520 252 565 320 968 1518 851 656 279 1129 162 881 520
213 949 1229 460 48 804 596 52 395 389 1094 202 0 309 924 410 129 591 579 220 1077 293 685 475 484 233 1082 198 1172 474 183 862 386 1101 394 694 345 658 413 1061 1611 944 585 372 1222 255 974 694
404 667 1379 299 313 954 314 317 545 539 1244 259 309 0 649 560 225 309 297 183 1227 267 403 625 634 227 1232 161 1322 624 332 580 536 819 544 412 495 807 563 1211 1761 1094 425 522 1372 405 1124 412
815 128 973 920 929 549 525 932 687 607 838 757 924 649 0 702 847 520 509 805 822 765 354 819 828 849 826 783 916 818 761 531 678 281 686 265 616 402 705 805 1356 688 1046 664 966 735 718 363
300 748 1007 752 414 582 723 418 66 167 872 317 410 560 702 0 422 718 707 512 855 408 743 350 359 526 859 490 949 349 246 919 57 901 65 654 123 435 34 839 1389 721 878 55 999 229 751 751
225 865 1241 376 134 816 512 137 407 401 1106 214 129 225 847 422 0 507 496 136 1089 305 602 487 496 121 1093 114 1184 486 194 778 398 1018 406 611 357 669 425 1073 1623 956 502 384 1234 267 986 610
624 539 1265 581 595 840 67 598 703 697 1130 417 591 309 520 718 507 0 169 465 1113 425 275 783 793 509 1118 443 1208 782 491 451 694 691 702 284 653 694 721 1097 1647 980 706 680 1258 563 1010 283
613 527 1254 569 584 829 174 587 692 686 1119 406 579 297 509 707 496 169 0 454 1102 414 264 772 781 498 1106 432 1196 771 479 440 683 680 691 273 642 682 710 1086 1636 969 695 669 1246 552 999 272
315 824 1331 334 224 906 470 227 497 491 1196 304 220 183 805 512 136 465 454 0 1179 395 560 578 587 80 1184 67 1274 576 285 736 488 976 496 569 447 760 515 1163 1713 1046 460 474 1324 357 1076 568
967 903 166 1419 1082 436 1119 1085 839 760 48 984 1077 1227 822 855 1089 1113 1102 1179 0 1076 948 972 981 1193 276 1158 177 971 913 1124 831 1055 839 858 768 460 858 798 1348 324 1545 817 159 888 476 956
315 784 1228 539 298 803 430 301 393 388 1093 107 293 267 765 408 305 425 414 395 1076 0 520 474 483 409 1080 374 1170 473 181 696 384 936 392 529 344 656 411 1060 1610 942 665 371 1220 254 972 528
719 373 1100 675 690 675 280 693 728 648 965 511 685 403 354 743 602 275 264 560 948 520 0 878 887 604 952 538 1042 877 585 211 719 525 727 118 657 528 746 932 1482 814 801 705 1092 658 844 118
333 901 1124 818 480 699 789 483 335 329 989 382 475 625 819 350 487 783 772 578 972 474 878 0 196 591 976 556 1067 102 312 1054 326 1053 334 816 285 552 353 956 1506 839 943 312 1117 246 869 887
342 910 1133 827 489 708 798 492 344 338 998 391 484 634 828 359 496 793 781 587 981 483 887 196 0 600 985 565 1076 125 321 1063 335 1062 343 825 294 561 362 965 1515 848 952 321 1126 255 878 896
329 867 1345 378 238 920 514 241 511 505 1210 318 233 227 849 526 121 509 498 80 1193 409 604 591 600 0 1198 81 1288 590 298 780 502 1020 510 613 461 774 529 1177 1727 1060 504 488 1338 371 1090 612
972 907 188 1424 1086 320 1123 1089 844 764 259 989 1082 1232 826 859 1093 1118 1106 1184 276 1080 952 976 985 1198 0 1162 111 975 918 1129 835 1059 843 863 773 464 862 802 1352 450 1550 822 195 892 222 961
293 802 1310 312 202 885 449 206 475 470 1175 282 198 161 783 490 114 443 432 67 1158 374 538 556 565 81 1162 0 1252 555 263 714 466 954 474 547 426 738 493 1142 1692 1024 438 453 1302 335 1054 546
1062 997 89 1514 1176 410 1213 1180 934 854 160 1079 1172 1322 916 949 1184 1208 1196 1274 177 1170 1042 1067 1076 1288 111 1252 0 1065 1008 1219 925 1150 933 953 863 554 952 892 1442 486 1640 912 96 982 312 1051
332 900 1123 816 479 698 788 482 334 328 988 381 474 624 818 349 486 782 771 576 971 473 877 102 125 590 975 555 1065 0 310 1053 325 1052 333 815 284 551 352 955 1505 837 942 311 1115 245 868 885
153 807 1065 525 187 640 496 190 231 225 930 90 183 332 761 246 194 491 479 285 913 181 585 312 321 298 918 263 1008 310 0 762 222 959 230 594 181 494 249 897 1447 780 650 209 1058 91 810 594
895 545 1276 852 866 851 456 869 904 824 1141 688 862 580 531 919 778 451 440 736 1124 696 211 1054 1063 780 1129 714 1219 1053 762 0 895 702 903 295 833 704 922 1108 1658 991 977 882 1269 834 1021 294
276 724 982 728 390 558 699 394 42 142 847 293 386 536 678 57 398 694 683 488 831 384 719 326 335 502 835 466 925 325 222 895 0 876 41 629 99 411 60 814 1365 697 854 30 975 205 727 727
1013 299 1207 1091 1106 782 696 1109 885 806 1072 927 1101 819 281 901 1018 691 680 976 1055 936 525 1053 1062 1020 1059 954 1150 1052 959 702 876 0 884 436 814 635 904 1039 1589 922 1217 863 1200 942 952 534
284 732 990 736 398 566 707 402 50 151 855 301 394 544 686 65 406 702 691 496 839 392 727 334 343 510 843 474 933 333 230 903 41 884 0 638 107 419 68 822 1373 705 862 38 983 213 735 735
728 284 1010 684 699 586 289 702 638 559 875 520 694 412 265 654 611 284 273 569 858 529 118 816 825 613 863 547 953 815 594 295 629 436 638 0 567 439 657 842 1393 725 810 616 1003 667 755 127
235 662 920 687 350 495 659 353 108 80 785 252 345 495 616 123 357 653 642 447 768 344 657 285 294 461 773 426 863 284 181 833 99 814 107 567 0 349 126 752 1302 635 813 85 913 165 665 665
548 483 612 1000 662 187 699 665 420 340 477 565 658 807 402 435 669 694 682 760 460 656 528 552 561 774 464 738 554 551 494 704 411 635 419 439 349 0 438 444 994 326 1126 397 604 468 356 536
303 751 1010 755 417 585 726 421 69 170 875 320 413 563 705 34 425 721 710 515 858 411 746 353 362 529 862 493 952 352 249 922 60 904 68 657 126 438 0 842 1392 724 881 58 1002 232 754 754
951 887 950 1403 1066 525 1102 1069 823 744 815 968 1061 1211 805 839 1073 1097 1086 1163 798 1060 932 956 965 1177 802 1142 892 955 897 1108 814 1039 822 842 752 444 842 0 621 664 1529 801 942 872 694 940
1501 1437 1500 1954 1616 1075 1653 1619 1374 1294 1365 1518 1611 1761 1356 1389 1623 1647 1636 1713 1348 1610 1482 1506 1515 1727 1352 1692 1442 1505 1447 1658 1365 1589 1373 1393 1302 994 1392 621 0 1214 2079 1351 1492 1422 1245 1490
834 769 476 1286 948 303 985 952 706 626 341 851 944 1094 688 721 956 980 969 1046 324 942 814 839 848 1060 450 1024 486 837 780 991 697 922 705 725 635 326 724 664 1214 0 1412 684 468 754 343 823
681 1065 1697 430 590 1272 712 593 863 857 1562 656 585 425 1046 878 502 706 695 460 1545 665 801 943 952 504 1550 438 1640 942 650 977 854 1217 862 810 813 1126 881 1529 2079 1412 0 840 1690 723 1442 809
262 711 969 715 377 544 686 380 39 129 834 279 372 522 664 55 384 680 669 474 817 371 705 312 321 488 822 453 912 311 209 882 30 863 38 616 85 397 58 801 1351 684 840 0 962 192 714 714
1112 1047 92 1564 1226 494 1263 1229 984 904 142 1129 1222 1372 966 999 1234 1258 1246 1324 159 1220 1092 1117 1126 1338 195 1302 96 1115 1058 1269 975 1200 983 1003 913 604 1002 942 1492 468 1690 962 0 1032 396 1101
98 790 1040 597 259 615 568 263 214 209 905 162 255 405 735 229 267 563 552 357 888 254 658 246 255 371 892 335 982 245 91 834 205 942 213 667 165 468 232 872 1422 754 723 192 1032 0 784 666
864 800 388 1316 978 213 1015 982 736 656 460 881 974 1124 718 751 986 1010 999 1076 476 972 844 869 878 1090 222 1054 312 868 810 1021 727 952 735 755 665 356 754 694 1245 343 1442 714 396 784 0 853
727 382 1108 684 698 683 288 701 736 656 973 520 694 412 363 751 610 283 272 568 956 528 118 887 896 612 961 546 1051 885 594 294 727 534 735 127 665 536 754 940 1490 823 809 714 1101 666 853 0
EOF