NAME : tsp_problem
TYPE : TSP
DIMENSION : 72
EDGE_WEIGHT_TYPE : EXPLICIT
EDGE_WEIGHT_FORMAT : FULL_MATRIX
EDGE_WEIGHT_SECTION
0 717 171 750 873 334 823 322 417 512 764 215 118 867 841 284 158 341 910 186 810 624 436 951 346 488 576 279 908 868 895 1005 372 764 897 335 3439 384 1016 374 828 1457 154 344 198 802 563 768 298 482 204 202 768 636 937 874 1248 944 727 796 282 268 1009 173 799 5603 178 790 341 246 660 1377
717 0 764 172 725 681 452 914 668 243 392 807 710 719 419 511 708 760 1230 778 437 619 590 452 598 434 570 506 663 495 389 1326 897 392 1218 682 3759 383 1337 694 1148 1777 650 527 790 430 851 396 782 902 531 795 1088 684 1257 302 1568 1265 571 425 509 752 1329 765 426 5923 771 418 592 715 655 1697
171 764 0 797 902 381 870 204 464 558 811 254 157 896 888 331 205 355 904 225 857 671 483 998 393 534 622 326 937 915 934 999 326 810 891 382 3433 431 1010 413 822 1451 144 391 237 849 557 814 312 496 250 242 762 631 931 921 1242 939 766 843 328 282 1003 212 846 5597 218 836 387 260 707 1371
750 172 797 0 758 714 484 947 701 276 425 840 743 752 388 544 741 793 1263 811 405 591 623 420 630 467 603 539 631 463 357 1358 930 425 1250 715 3792 416 1370 727 1181 1810 683 560 823 463 884 403 815 935 564 828 1121 716 1290 271 1601 1298 539 458 542 785 1362 798 395 5956 803 451 625 748 627 1730
873 725 902 758 0 1060 600 1052 1048 622 771 858 793 122 887 890 906 1089 1041 829 557 998 969 660 977 813 950 886 227 616 446 1136 708 511 1028 1062 3570 762 1147 555 959 1587 895 906 841 550 480 515 1046 1231 910 846 899 313 1067 770 1379 1075 297 544 888 1016 1139 817 547 5734 822 623 972 995 1034 1508
334 681 381 714 1060 0 787 531 216 476 728 424 327 1055 640 260 325 235 1119 395 774 423 235 915 145 287 374 256 1095 832 931 1215 582 728 1107 61 3565 361 1226 583 1037 1666 267 320 407 766 772 732 257 377 180 412 977 846 1146 673 1457 1154 915 760 258 227 1218 382 763 5729 388 754 140 190 459 1586
823 452 870 484 600 787 0 1020 774 349 212 873 807 595 732 617 814 867 1106 844 314 725 696 455 704 540 677 612 635 372 471 1201 773 199 1093 789 3635 489 1212 570 1024 1652 756 633 856 306 727 272 888 1008 637 861 964 559 1132 615 1444 1140 455 300 615 858 1204 831 303 5799 837 76 698 821 761 1573
322 914 204 947 1052 531 1020 0 614 709 961 404 308 1047 1038 481 355 467 1054 375 1007 821 633 1149 543 685 773 477 1087 1065 1085 1150 477 961 1042 533 3584 582 1161 564 972 1601 295 541 388 999 708 965 462 465 401 392 913 781 1081 1071 1393 1089 917 994 479 432 1153 363 997 5747 368 987 538 411 857 1521
417 668 464 701 1048 216 774 614 0 463 715 507 410 1042 627 343 408 318 1202 478 761 410 134 903 98 274 362 338 1083 819 918 1298 665 715 1190 217 3553 419 1309 666 1120 1749 350 403 490 753 855 719 340 460 263 495 1060 929 1229 660 1540 1237 902 748 341 310 1301 465 751 5716 470 741 93 273 446 1669
512 243 558 276 622 476 349 709 463 0 290 602 505 617 523 306 503 555 1128 573 336 414 384 477 392 229 365 301 657 394 493 1223 759 290 1115 477 3657 177 1234 592 1046 1674 445 322 585 328 749 294 576 697 326 589 986 581 1154 407 1466 1162 477 322 303 547 1226 560 325 5821 565 316 387 510 450 1595
764 392 811 425 771 728 212 961 715 290 0 854 757 766 673 558 755 808 1277 825 485 666 637 626 645 481 618 553 806 543 642 1372 944 370 1264 730 3806 430 1383 741 1195 1823 697 574 837 477 898 443 829 949 578 842 1135 730 1303 556 1615 1311 626 471 556 799 1375 812 474 5970 818 178 639 762 702 1744
215 807 254 840 858 424 873 404 507 602 854 0 135 853 931 374 248 431 895 65 830 714 526 972 436 578 666 369 893 888 881 991 455 784 883 425 3425 474 1002 359 813 1442 237 434 53 822 549 788 388 572 294 32 753 622 922 964 1234 930 713 817 372 358 994 61 820 5588 58 880 431 336 750 1362
118 710 157 743 793 327 807 308 410 505 757 135 0 787 834 277 151 334 830 106 765 617 429 906 339 481 569 272 828 823 815 925 358 719 817 329 3359 378 936 294 748 1377 140 337 118 757 483 723 291 476 197 122 688 557 857 867 1168 865 647 751 275 261 929 93 754 5523 98 783 334 240 653 1297
867 719 896 752 122 1055 595 1047 1042 617 766 853 787 0 882 885 901 1083 1035 824 552 993 964 655 972 808 944 880 221 610 441 1131 702 506 1023 1056 3565 757 1142 550 953 1582 889 901 836 544 475 510 1040 1225 905 841 893 307 1062 765 1374 1070 291 539 883 1011 1134 811 542 5728 817 618 966 989 1029 1502
841 419 888 388 887 640 732 1038 627 523 673 931 834 882 0 715 832 743 1510 902 512 313 549 527 557 442 384 710 738 570 464 1606 1089 672 1498 642 3767 587 1617 974 1428 2057 774 731 914 635 1029 510 764 885 687 919 1368 861 1537 143 1848 1545 646 630 713 734 1609 890 502 5930 895 698 551 698 349 1977
284 511 331 544 890 260 617 481 343 306 558 374 277 885 715 0 275 328 1069 345 604 498 362 746 272 313 449 26 925 662 761 1165 532 558 1057 262 3599 178 1176 533 987 1616 217 138 357 596 723 562 349 469 98 362 928 796 1096 675 1408 1104 745 591 28 319 1168 333 594 5762 338 584 267 282 534 1536
158 708 205 741 906 325 814 355 408 503 755 248 151 901 832 275 0 332 943 219 801 615 427 943 337 479 567 270 941 859 929 1039 406 755 931 326 3473 375 1050 407 861 1490 150 335 231 793 597 759 289 474 195 236 802 670 970 865 1282 978 761 788 273 259 1042 207 791 5636 212 781 332 237 651 1410
341 760 355 793 1089 235 867 467 318 555 808 431 334 1083 743 328 332 0 1126 402 853 526 338 995 248 389 477 323 1124 911 1010 1221 555 807 1113 237 3655 428 1232 590 1044 1673 226 387 414 845 779 811 180 200 247 418 984 853 1153 776 1464 1161 943 840 325 150 1225 389 843 5819 394 833 242 113 562 1593
910 1230 904 1263 1041 1119 1106 1054 1202 1128 1277 895 830 1035 1510 1069 943 1126 0 866 1063 1409 1221 1205 1131 1273 1361 1065 1076 1121 1113 110 710 1017 224 1121 3412 1170 134 569 498 1429 923 1129 878 1055 696 1021 1083 1268 989 883 384 770 211 1393 1221 49 945 1050 1067 1053 127 854 1053 5575 859 1129 1126 1032 1445 1349
186 778 225 811 829 395 844 375 478 573 825 65 106 824 902 345 219 402 866 0 801 685 497 943 407 549 637 340 864 859 852 962 426 755 854 396 3396 445 973 330 784 1413 208 405 48 793 520 759 359 544 265 53 725 593 893 935 1205 901 684 788 343 329 965 32 791 5559 29 851 402 307 721 1333
810 437 857 405 557 774 314 1007 761 336 485 830 765 552 512 604 801 853 1063 801 0 712 683 207 690 527 663 599 496 104 223 1158 730 225 1050 775 3592 476 1169 527 981 1610 743 620 813 188 684 63 875 995 624 818 921 516 1090 396 1401 1098 405 183 602 845 1162 789 55 5756 794 337 685 808 748 1530
624 619 671 591 998 423 725 821 410 414 666 714 617 993 313 498 615 526 1409 685 712 0 332 731 340 225 167 493 942 770 668 1505 872 666 1397 424 3550 370 1516 873 1327 1956 557 514 697 704 1063 670 547 668 470 702 1268 957 1436 346 1748 1444 850 698 496 517 1508 673 701 5713 678 692 334 480 59 1876
436 590 483 623 969 235 696 633 134 384 637 526 429 964 549 362 427 338 1221 497 683 332 0 824 117 195 283 358 1004 741 840 1317 684 636 1209 236 3525 340 1328 685 1139 1768 369 422 509 675 875 641 359 479 282 514 1079 928 1248 582 1560 1256 823 669 360 329 1320 484 672 5689 490 662 112 292 368 1688
951 452 998 420 660 915 455 1149 903 477 626 972 906 655 527 746 943 995 1205 943 207 731 824 0 832 668 801 741 511 265 237 1300 872 367 1192 917 3734 617 1311 668 1123 1751 884 762 955 330 802 205 1016 1137 765 960 1063 634 1231 410 1543 1239 419 324 743 987 1303 930 196 5897 935 478 827 950 767 1672
346 598 393 630 977 145 704 543 98 392 645 436 339 972 557 272 337 248 1131 407 690 340 117 832 0 203 291 268 1012 748 848 1227 594 644 1119 146 3482 348 1238 595 1049 1678 279 332 419 682 785 648 269 389 192 424 989 858 1158 589 1470 1166 831 677 270 239 1230 394 680 5646 400 670 56 202 376 1598
488 434 534 467 813 287 540 685 274 229 481 578 481 808 442 313 479 389 1273 549 527 225 195 668 203 0 176 308 848 585 684 1368 735 481 1260 288 3477 185 1380 737 1191 1820 421 329 561 519 926 485 411 531 333 566 1131 772 1300 474 1611 1308 668 513 311 381 1372 536 516 5641 541 507 198 344 260 1740
576 570 622 603 950 374 677 773 362 365 618 666 569 944 384 449 567 477 1361 637 663 167 283 801 291 176 0 445 985 721 738 1456 823 617 1348 376 3501 321 1468 825 1279 1908 509 465 649 655 1014 621 499 619 422 654 1219 909 1388 417 1699 1396 804 650 447 469 1460 624 653 5665 629 643 286 432 203 1828
279 506 326 539 886 256 612 477 338 301 553 369 272 880 710 26 270 323 1065 340 599 493 358 741 268 308 445 0 921 657 756 1160 527 553 1052 257 3594 174 1171 528 983 1611 212 133 352 591 718 557 344 465 93 357 923 791 1091 670 1403 1099 740 586 24 314 1163 328 589 5757 333 579 262 278 529 1531
908 663 937 631 227 1095 635 1087 1083 657 806 893 828 221 738 925 941 1124 1076 864 496 942 1004 511 1012 848 985 921 0 554 297 1171 743 546 1063 1097 3605 797 1182 590 994 1622 930 941 876 585 515 494 1081 1266 945 881 934 348 1102 621 1414 1110 294 579 923 1051 1174 852 486 5769 857 658 1007 1030 978 1543
868 495 915 463 616 832 372 1065 819 394 543 888 823 610 570 662 859 911 1121 859 104 770 741 265 748 585 721 657 554 0 281 1216 788 283 1108 833 3650 534 1228 585 1039 1668 801 678 871 246 742 121 933 1053 682 876 979 574 1148 454 1459 1156 463 241 660 903 1220 847 113 5814 852 395 743 866 806 1588
895 389 934 357 446 931 471 1085 918 493 642 881 815 441 464 761 929 1010 1113 852 223 668 840 237 848 684 738 756 297 281 0 1209 780 382 1101 932 3642 633 1220 577 1031 1660 900 777 864 346 588 221 1032 1152 781 868 971 421 1140 348 1452 1148 206 340 759 1002 1212 839 212 5806 844 494 842 965 704 1580
1005 1326 999 1358 1136 1215 1201 1150 1298 1223 1372 991 925 1131 1606 1165 1039 1221 110 962 1158 1505 1317 1300 1227 1368 1456 1160 1171 1216 1209 0 805 1112 179 1216 3507 1265 89 665 453 1525 1018 1225 974 1150 792 1116 1178 1363 1084 979 479 865 166 1489 1316 77 1041 1145 1162 1149 82 949 1148 5671 954 1224 1221 1127 1541 1445
372 897 326 930 708 582 773 477 665 759 944 455 358 702 1089 532 406 555 710 426 730 872 684 872 594 735 823 527 743 788 780 805 0 684 697 583 3239 632 816 236 628 1257 345 592 438 722 363 688 513 697 451 443 568 436 737 1060 1048 744 612 716 529 483 809 413 719 5403 418 796 588 461 908 1177
764 392 810 425 511 728 199 961 715 290 370 784 719 506 672 558 755 807 1017 755 225 666 636 367 644 481 617 553 546 283 382 1112 684 0 1004 729 3546 430 1123 481 935 1564 697 574 767 217 638 183 829 949 578 772 875 470 1044 555 1355 1051 366 212 555 799 1116 742 215 5710 748 222 639 762 702 1484
897 1218 891 1250 1028 1107 1093 1042 1190 1115 1264 883 817 1023 1498 1057 931 1113 224 854 1050 1397 1209 1192 1119 1260 1348 1052 1063 1108 1101 179 697 1004 0 1108 3399 1157 140 557 295 1417 910 1117 866 1042 684 1008 1070 1255 976 871 494 757 65 1381 1208 191 933 1037 1054 1041 132 841 1040 5563 846 1116 1114 1019 1433 1337
335 682 382 715 1062 61 789 533 217 477 730 425 329 1056 642 262 326 237 1121 396 775 424 236 917 146 288 376 257 1097 833 932 1216 583 729 1108 0 3567 362 1227 585 1039 1667 268 322 409 767 774 733 258 379 181 413 979 847 1147 674 1459 1155 916 762 259 229 1219 384 765 5730 389 755 141 192 460 1588
3183 3503 3177 3536 3314 3391 3379 3327 3379 3401 3550 3168 3103 3308 3604 3342 3217 3399 3155 3139 3336 3387 3351 3478 3308 3315 3338 3338 3349 3394 3386 3251 2983 3290 3143 3393 0 3443 3262 2842 3073 2024 3196 3402 3152 3328 2969 3294 3356 3541 3262 3156 3014 3043 3182 3637 2132 3190 3218 3323 3340 3326 3254 3127 3326 4682 3132 3402 3303 3305 3423 1944
384 383 431 416 762 361 489 582 419 177 430 474 378 757 587 178 375 428 1170 445 476 370 340 617 348 185 321 174 797 534 633 1265 632 430 1157 362 3623 0 1276 634 1088 1716 317 194 458 468 823 434 449 570 198 462 1028 721 1196 546 1508 1204 617 462 176 419 1268 433 465 5786 438 455 343 383 406 1637
1016 1337 1010 1370 1147 1226 1212 1161 1309 1234 1383 1002 936 1142 1617 1176 1050 1232 134 973 1169 1516 1328 1311 1238 1380 1468 1171 1182 1228 1220 89 816 1123 140 1227 3518 1276 0 676 414 1536 1030 1236 985 1162 803 1127 1189 1374 1095 990 503 876 127 1500 1327 101 1052 1156 1174 1160 74 960 1159 5682 966 1235 1233 1138 1552 1456
374 694 413 727 555 583 570 564 666 592 741 359 294 550 974 533 407 590 569 330 527 873 685 668 595 737 825 528 590 585 577 665 236 481 557 585 3099 634 676 0 487 1116 396 593 342 519 223 485 547 732 453 347 428 296 596 857 908 604 409 513 531 517 668 318 516 5262 323 593 590 496 909 1036
828 1148 822 1181 959 1037 1024 972 1120 1046 1195 813 748 953 1428 987 861 1044 498 784 981 1327 1139 1123 1049 1191 1279 983 994 1039 1031 453 628 935 295 1039 3330 1088 414 487 0 1347 841 1047 796 973 614 939 1001 1186 907 801 424 688 334 1311 1139 465 863 967 985 971 406 772 970 5493 777 1047 1044 950 1363 1267
1457 1777 1451 1810 1587 1666 1652 1601 1749 1674 1823 1442 1377 1582 2057 1616 1490 1673 1429 1413 1610 1956 1768 1751 1678 1820 1908 1611 1622 1668 1660 1525 1257 1564 1417 1667 2280 1716 1536 1116 1347 0 1470 1676 1425 1602 1243 1568 1630 1814 1536 1430 1287 1316 1456 1940 406 1464 1492 1596 1614 1600 1528 1400 1599 4443 1406 1675 1673 1578 1992 175
154 650 144 683 895 267 756 295 350 445 697 237 140 889 774 217 150 226 923 208 743 557 369 884 279 421 509 212 930 801 900 1018 345 697 910 268 3452 317 1030 396 841 1470 0 277 220 735 576 701 183 368 137 225 781 650 950 807 1261 958 749 729 215 153 1022 195 732 5616 200 723 274 132 593 1390
344 527 391 560 906 320 633 541 403 322 574 434 337 901 731 138 335 387 1129 405 620 514 422 762 332 329 465 133 941 678 777 1225 592 574 1117 322 3658 194 1236 593 1047 1676 277 0 417 612 783 578 409 529 158 422 987 856 1156 691 1468 1164 761 607 136 379 1228 392 609 5822 398 600 327 342 550 1596
198 790 237 823 841 407 856 388 490 585 837 53 118 836 914 357 231 414 878 48 813 697 509 955 419 561 649 352 876 871 864 974 438 767 866 409 3408 458 985 342 796 1425 220 417 0 805 532 771 371 556 277 41 737 605 905 947 1217 913 696 800 355 341 977 44 803 5571 41 863 414 320 733 1345
802 430 849 463 550 766 306 999 753 328 477 822 757 544 635 596 793 845 1055 793 188 704 675 330 682 519 655 591 585 246 346 1150 722 217 1042 767 3584 468 1162 519 973 1602 735 612 805 0 676 146 867 987 616 810 913 508 1082 519 1393 1090 404 104 594 837 1154 781 178 5748 786 329 677 800 740 1522
563 851 557 884 480 772 727 708 855 749 898 549 483 475 1029 723 597 779 696 520 684 1063 875 802 785 926 1014 718 515 742 588 792 363 638 684 774 3225 823 803 223 614 1243 576 783 532 676 0 642 736 921 642 536 554 209 723 912 1034 731 423 670 720 706 795 507 673 5389 512 750 779 685 1099 1163
768 396 814 403 515 732 272 965 719 294 443 788 723 510 510 562 759 811 1021 759 63 670 641 205 648 485 621 557 494 121 221 1116 688 183 1008 733 3550 434 1127 485 939 1568 701 578 771 146 642 0 833 953 582 776 879 474 1048 393 1359 1056 370 141 559 803 1120 747 53 5714 752 295 643 766 706 1488
298 782 312 815 1046 257 888 462 340 576 829 388 291 1040 764 349 289 180 1083 359 875 547 359 1016 269 411 499 344 1081 933 1032 1178 513 829 1070 258 3612 449 1189 547 1001 1630 183 409 371 867 736 833 0 321 268 375 941 810 1110 797 1421 1118 900 861 347 74 1182 346 864 5776 351 854 264 85 583 1550
482 902 496 935 1231 377 1008 465 460 697 949 572 476 1225 885 469 474 200 1268 544 995 668 479 1137 389 531 619 465 1266 1053 1152 1363 697 949 1255 379 3797 570 1374 732 1186 1814 368 529 556 987 921 953 321 0 389 560 1126 994 1294 917 1606 1302 1085 982 467 292 1366 531 985 5961 536 975 384 255 703 1735
204 531 250 564 910 180 637 401 263 326 578 294 197 905 687 98 195 247 989 265 624 470 282 765 192 333 422 93 945 682 781 1084 451 578 976 181 3518 198 1095 453 907 1536 137 158 277 616 642 582 268 389 0 281 847 716 1016 695 1327 1024 765 610 96 239 1088 252 613 5682 257 604 187 202 506 1456
202 795 242 828 846 412 861 392 495 589 842 32 122 841 919 362 236 418 883 53 818 702 514 960 424 566 654 357 881 876 868 979 443 772 871 413 3412 462 990 347 801 1430 225 422 41 810 536 776 375 560 281 0 741 610 910 952 1221 918 701 805 360 346 982 49 808 5576 45 867 419 324 738 1350
768 1088 762 1121 899 977 964 913 1060 986 1135 753 688 893 1368 928 802 984 384 725 921 1268 1079 1063 989 1131 1219 923 934 979 971 479 568 875 494 979 3270 1028 503 428 424 1287 781 987 737 913 554 879 941 1126 847 741 0 628 533 1251 1079 419 804 908 925 911 496 712 911 5433 717 987 984 890 1303 1207
636 684 631 716 313 846 559 781 929 581 730 622 557 307 861 796 670 853 770 593 516 957 928 634 858 772 909 791 348 574 421 865 436 470 757 847 3299 721 876 296 688 1316 650 856 605 508 209 474 810 994 716 610 628 0 796 745 1108 804 255 503 794 780 868 580 506 5462 586 582 853 758 993 1236
937 1257 931 1290 1067 1146 1132 1081 1229 1154 1303 922 857 1062 1537 1096 970 1153 211 893 1090 1436 1248 1231 1158 1300 1388 1091 1102 1148 1140 166 737 1044 65 1147 3438 1196 127 596 334 1456 950 1156 905 1082 723 1048 1110 1294 1016 910 533 796 0 1420 1247 178 972 1076 1094 1080 119 881 1079 5602 886 1155 1153 1058 1472 1376
874 302 921 271 770 673 615 1071 660 407 556 964 867 765 143 675 865 776 1393 935 396 346 582 410 589 474 417 670 621 454 348 1489 1060 555 1381 674 3799 546 1500 857 1311 1940 807 691 947 519 912 393 797 917 695 952 1251 745 1420 0 1732 1428 530 513 672 767 1492 922 385 5963 928 582 584 730 382 1860
1248 1568 1242 1601 1379 1457 1444 1393 1540 1466 1615 1234 1168 1374 1848 1408 1282 1464 1221 1205 1401 1748 1560 1543 1470 1611 1699 1403 1414 1459 1452 1316 1048 1355 1208 1459 2388 1508 1327 908 1139 406 1261 1468 1217 1393 1034 1359 1421 1606 1327 1221 1079 1108 1247 1732 0 1255 1284 1388 1405 1391 1319 1192 1391 4552 1197 1467 1464 1370 1784 326
944 1265 939 1298 1075 1154 1140 1089 1237 1162 1311 930 865 1070 1545 1104 978 1161 49 901 1098 1444 1256 1239 1166 1308 1396 1099 1110 1156 1148 77 744 1051 191 1155 3446 1204 101 604 465 1464 958 1164 913 1090 731 1056 1118 1302 1024 918 419 804 178 1428 1255 0 980 1084 1102 1088 93 888 1087 5610 894 1163 1161 1066 1480 1384
727 571 766 539 297 915 455 917 902 477 626 713 647 291 646 745 761 943 945 684 405 850 823 419 831 668 804 740 294 463 206 1041 612 366 933 916 3475 617 1052 409 863 1492 749 761 696 404 423 370 900 1085 765 701 804 255 972 530 1284 980 0 399 742 870 1044 671 394 5638 676 478 826 849 886 1412
796 425 843 458 544 760 300 994 748 322 471 817 751 539 630 591 788 840 1050 788 183 698 669 324 677 513 650 586 579 241 340 1145 716 212 1037 762 3579 462 1156 513 967 1596 729 607 800 104 670 141 861 982 610 805 908 503 1076 513 1388 1084 399 0 588 832 1148 775 172 5742 780 323 672 795 734 1516
282 509 328 542 888 258 615 479 341 303 556 372 275 883 713 28 273 325 1067 343 602 496 360 743 270 311 447 24 923 660 759 1162 529 555 1054 259 3596 176 1174 531 985 1614 215 136 355 594 720 559 347 467 96 360 925 794 1094 672 1405 1102 742 588 0 317 1166 330 591 5760 335 581 265 280 531 1534
268 752 282 785 1016 227 858 432 310 547 799 358 261 1011 734 319 259 150 1053 329 845 517 329 987 239 381 469 314 1051 903 1002 1149 483 799 1041 229 3582 419 1160 517 971 1600 153 379 341 837 706 803 74 292 239 346 911 780 1080 767 1391 1088 870 832 317 0 1152 316 835 5746 322 825 234 56 553 1520
1009 1329 1003 1362 1139 1218 1204 1153 1301 1226 1375 994 929 1134 1609 1168 1042 1225 127 965 1162 1508 1320 1303 1230 1372 1460 1163 1174 1220 1212 82 809 1116 132 1219 3510 1268 74 668 406 1528 1022 1228 977 1154 795 1120 1182 1366 1088 982 496 868 119 1492 1319 93 1044 1148 1166 1152 0 953 1151 5674 958 1227 1225 1130 1544 1448
173 765 212 798 817 382 831 363 465 560 812 61 93 811 890 333 207 389 854 32 789 673 484 930 394 536 624 328 852 847 839 949 413 742 841 384 3383 433 960 318 772 1400 195 392 44 781 507 747 346 531 252 49 712 580 881 922 1192 888 671 775 330 316 953 0 778 5547 24 838 389 295 708 1321
799 426 846 395 547 763 303 997 751 325 474 820 754 542 502 594 791 843 1053 791 55 701 672 196 680 516 653 589 486 113 212 1148 719 215 1040 765 3582 465 1159 516 970 1599 732 609 803 178 673 53 864 985 613 808 911 506 1079 385 1391 1087 394 172 591 835 1151 778 0 5745 783 326 675 798 737 1519
3335 3656 3330 3689 3466 3544 3531 3480 3532 3553 3702 3321 3256 3461 3756 3495 3369 3552 3308 3292 3489 3539 3504 3630 3461 3467 3491 3490 3501 3547 3539 3403 3136 3443 3296 3546 363 3595 3415 2995 3226 2176 3349 3555 3304 3481 3122 3447 3509 3693 3415 3309 3166 3195 3335 3789 2285 3343 3371 3475 3493 3479 3407 3279 3478 0 3285 3554 3455 3457 3575 2096
178 771 218 803 822 388 837 368 470 565 818 58 98 817 895 338 212 394 859 29 794 678 490 935 400 541 629 333 857 852 844 954 418 748 846 389 3388 438 966 323 777 1406 200 398 41 786 512 752 351 536 257 45 717 586 886 928 1197 894 676 780 335 322 958 24 783 5552 0 843 394 300 714 1326
790 418 836 451 623 754 76 987 741 316 178 880 783 618 698 584 781 833 1129 851 337 692 662 478 670 507 643 579 658 395 494 1224 796 222 1116 755 3658 455 1235 593 1047 1675 723 600 863 329 750 295 854 975 604 867 987 582 1155 582 1467 1163 478 323 581 825 1227 838 326 5822 843 0 665 788 727 1596
341 592 387 625 972 140 698 538 93 387 639 431 334 966 551 267 332 242 1126 402 685 334 112 827 56 198 286 262 1007 743 842 1221 588 639 1114 141 3477 343 1233 590 1044 1673 274 327 414 677 779 643 264 384 187 419 984 853 1153 584 1464 1161 826 672 265 234 1225 389 675 5640 394 665 0 197 370 1593
246 715 260 748 995 190 821 411 273 510 762 336 240 989 698 282 237 113 1032 307 808 480 292 950 202 344 432 278 1030 866 965 1127 461 762 1019 192 3561 383 1138 496 950 1578 132 342 320 800 685 766 85 255 202 324 890 758 1058 730 1370 1066 849 795 280 56 1130 295 798 5725 300 788 197 0 516 1499
660 655 707 627 1034 459 761 857 446 450 702 750 653 1029 349 534 651 562 1445 721 748 59 368 767 376 260 203 529 978 806 704 1541 908 702 1433 460 3585 406 1552 909 1363 1992 593 550 733 740 1099 706 583 703 506 738 1303 993 1472 382 1784 1480 886 734 531 553 1544 708 737 5749 714 727 370 516 0 1912
1377 1697 1371 1730 1508 1586 1573 1521 1669 1595 1744 1362 1297 1502 1977 1536 1410 1593 1349 1333 1530 1876 1688 1672 1598 1740 1828 1531 1543 1588 1580 1445 1177 1484 1337 1588 2200 1637 1456 1036 1267 175 1390 1596 1345 1522 1163 1488 1550 1735 1456 1350 1207 1236 1376 1860 326 1384 1412 1516 1534 1520 1448 1321 1519 4364 1326 1596 1593 1499 1912 0
EOF