NAME : tsp_problem
TYPE : TSP
DIMENSION : 74
EDGE_WEIGHT_TYPE : EXPLICIT
EDGE_WEIGHT_FORMAT : FULL_MATRIX
EDGE_WEIGHT_SECTION
0 1085 374 323 959 362 1031 970 1002 444 967 1316 408 43 791 275 897 2372 558 620 1082 1043 3343 1049 379 423 507 143 1158 1098 436 403 993 1560 290 547 313 1116 469 1151 823 399 358 346 914 447 1061 311 1590 871 1000 602 326 3069 36 683 514 488 513 392 1036 259 434 812 361 558 234 903 673 1827 268 843 492 822
1085 0 893 939 976 978 208 1054 1483 1060 1311 1172 755 1073 1063 1004 753 2997 1174 1244 1166 1060 3968 1065 1028 942 1132 1208 90 1182 955 1020 1152 1416 1181 1164 852 1173 1118 83 1448 1072 974 1155 1258 1063 42 1148 1446 927 1084 1227 975 2925 1101 1308 1130 1104 1138 911 1052 949 1050 1437 977 1174 970 987 450 1683 1191 900 1117 1166
374 893 0 183 732 222 840 761 871 304 827 1124 171 362 651 293 705 2241 418 488 872 815 3212 821 272 80 375 497 967 888 93 263 853 1368 425 407 96 879 362 960 692 316 218 399 774 307 869 392 1398 634 790 471 219 2877 390 552 374 348 382 48 809 239 294 681 221 418 259 693 481 1635 435 606 361 682
323 939 183 0 779 163 886 772 813 246 768 1170 218 311 592 242 751 2183 360 430 884 862 3154 867 214 232 317 446 1013 900 245 205 795 1415 367 349 123 926 304 1006 633 258 160 341 715 249 916 334 1444 680 802 413 160 2924 339 494 316 290 323 201 855 188 236 623 162 360 208 704 527 1681 376 652 303 624
959 976 732 779 0 818 923 426 752 890 658 1207 595 947 434 878 788 2574 670 869 537 221 3545 216 868 782 950 1083 1050 553 795 820 524 1452 1021 702 692 398 958 1043 913 912 814 995 617 894 952 988 1481 299 455 817 815 2960 976 726 828 758 956 751 102 824 881 903 817 743 844 358 564 1718 1030 271 893 538
362 978 222 163 818 0 925 768 809 242 765 1209 256 350 589 281 790 2179 356 426 880 900 3150 906 210 271 313 485 1052 896 284 201 791 1454 363 345 162 933 300 1045 630 254 42 337 712 245 955 330 1483 719 798 409 157 2962 378 490 312 286 320 240 894 227 232 619 159 356 247 701 566 1720 373 691 299 620
1031 208 840 886 923 925 0 1001 1430 1007 1258 1119 702 1020 1010 951 700 2944 1121 1191 1113 1007 3915 1012 975 889 1079 1155 183 1129 902 967 1099 1363 1128 1110 799 1120 1065 180 1395 1019 921 1102 1205 1010 230 1095 1393 874 1031 1174 922 2872 1048 1255 1077 1051 1085 858 999 896 997 1384 924 1121 917 934 397 1630 1138 847 1064 1113
970 1054 761 772 426 768 1001 0 624 660 452 1285 623 958 204 890 867 2344 440 639 307 508 3314 514 760 810 719 981 1128 323 823 589 225 1530 842 472 720 360 843 1121 683 768 765 815 399 663 1031 809 1560 156 157 587 706 3039 987 496 598 528 725 779 502 835 650 672 628 513 855 128 643 1796 851 183 663 308
1002 1483 871 813 752 809 1430 624 0 595 288 1714 906 999 445 930 1295 2155 561 515 530 560 3126 565 710 921 595 880 1557 546 934 660 647 1958 740 592 811 377 742 1549 294 667 805 714 246 600 1459 708 1988 584 654 463 747 3223 986 419 718 648 601 889 813 876 602 284 669 633 896 516 1071 2225 750 612 538 476
444 1060 304 246 890 242 1007 660 595 0 656 1291 339 432 480 363 872 1965 248 213 772 973 2936 979 180 353 100 349 1134 788 366 93 683 1536 210 237 244 824 211 1127 416 136 238 184 603 39 1037 177 1566 620 690 195 180 3033 455 276 204 178 106 322 967 309 41 405 102 248 329 592 648 1802 219 648 85 512
967 1311 827 768 658 765 1258 452 288 656 0 1542 861 955 272 886 1123 2340 436 635 436 466 3311 472 756 876 716 978 1385 452 889 586 475 1786 838 468 766 284 839 1377 557 764 761 812 74 660 1287 805 1816 412 481 583 702 3295 983 492 594 524 722 845 719 831 647 546 625 509 852 384 899 2053 847 440 659 304
1316 1172 1124 1170 1207 1209 1119 1285 1714 1291 1542 0 986 1304 1294 1235 984 2529 1405 1475 1397 1291 3500 1296 1259 1173 1363 1439 1246 1413 1186 1251 1383 423 1412 1395 1083 1404 1349 1238 1679 1303 1205 1386 1489 1294 1148 1379 453 1158 1315 1458 1206 1932 1332 1539 1361 1335 1369 1142 1283 1180 1281 1668 1208 1405 1201 1218 760 689 1422 1131 1348 1397
408 755 171 218 595 256 702 623 906 339 861 986 0 397 631 328 567 2276 453 523 734 678 3247 683 307 221 410 532 829 751 234 298 721 1231 460 442 130 742 397 822 726 351 253 434 809 342 732 427 1261 496 653 506 253 2740 425 587 409 383 416 189 671 273 329 716 255 453 294 555 343 1497 469 468 396 717
43 1073 362 311 947 350 1020 958 999 432 955 1304 397 0 779 264 885 2369 546 616 1070 1032 3340 1037 368 411 504 155 1147 1086 424 392 982 1548 302 536 302 1105 457 1140 820 411 346 358 902 435 1049 323 1578 859 988 599 314 3057 48 680 502 476 510 380 1024 247 422 809 349 546 222 891 661 1815 280 832 489 811
791 1063 651 592 434 589 1010 204 445 480 272 1294 631 779 0 710 875 2164 260 459 315 517 3135 523 580 700 540 802 1137 332 713 410 299 1539 662 292 590 369 663 1130 504 588 585 636 219 484 1039 629 1568 164 234 407 527 3047 807 316 418 348 546 669 511 655 471 493 449 333 676 136 651 1805 671 192 483 128
275 1004 293 242 878 281 951 890 930 363 886 1235 328 264 710 0 816 2301 477 548 1001 963 3271 968 299 342 435 399 1078 1017 355 323 913 1480 451 467 233 1036 388 1071 751 342 277 425 833 366 981 419 1509 790 919 530 245 2988 292 611 433 407 441 311 955 187 353 740 280 477 207 822 592 1746 461 763 420 742
897 753 705 751 788 790 700 867 1295 872 1123 984 567 885 875 816 0 2810 987 1057 978 872 3781 878 841 755 944 1021 827 994 768 832 965 1229 994 976 664 985 930 820 1260 885 786 967 1070 876 730 961 1259 740 896 1039 787 2738 914 1120 943 917 950 723 865 762 863 1249 789 987 782 799 341 1495 1003 712 929 979
2393 3018 2261 2203 2605 2200 2965 2375 2186 1986 2371 2603 2296 2390 2195 2321 2830 0 2073 1956 2486 2688 1123 2693 2101 2311 1985 2271 3092 2502 2324 2051 2398 2394 2131 2104 2201 2538 2132 3084 2006 2057 2196 2105 2318 1991 2994 2098 2424 2335 2404 1904 2137 2353 2376 1931 2162 2135 1992 2280 2682 2266 1993 1996 2059 2145 2287 2307 2606 2977 2140 2363 1929 2227
558 1174 418 360 670 356 1121 440 561 248 436 1405 453 546 260 477 987 2041 0 337 552 753 3012 759 347 467 319 569 1248 568 481 177 463 1650 429 59 358 604 431 1241 381 356 352 403 384 251 1151 396 1680 401 470 285 294 3109 575 194 186 116 325 436 747 423 238 370 216 100 443 372 763 1916 439 428 305 292
620 1244 488 430 869 426 1191 639 515 213 635 1475 523 616 459 548 1057 1936 337 0 750 952 2907 957 328 538 212 497 1318 767 551 278 662 1720 358 368 428 803 359 1311 335 284 423 332 582 218 1221 325 1750 599 669 79 364 3004 603 195 388 362 218 506 946 493 220 324 286 409 514 571 833 1986 367 627 156 491
1082 1166 872 884 537 880 1113 307 530 772 436 1397 734 1070 315 1001 978 2455 552 750 0 449 3426 454 871 922 831 1093 1240 97 935 701 405 1642 953 583 831 266 954 1233 795 879 876 927 394 775 1142 920 1671 267 337 698 818 3150 1098 607 710 639 837 890 614 947 762 784 740 624 967 199 754 1908 963 295 774 419
1043 1060 815 862 221 900 1007 508 560 973 466 1291 678 1032 517 963 872 2657 753 952 449 0 3628 64 951 865 1032 1167 1134 465 878 903 606 1536 1104 785 774 206 1041 1127 829 995 897 1078 425 976 1037 1071 1566 382 538 900 897 3045 1060 809 911 841 1039 833 276 908 963 819 899 826 929 435 648 1802 1113 354 976 621
3364 3989 3232 3174 3576 3170 3935 3346 3157 2957 3342 3574 3267 3361 3166 3292 3801 1123 3043 2927 3457 3659 0 3664 3072 3282 2956 3241 4062 3473 3295 3022 3369 3365 3102 3075 3172 3509 3103 4055 2977 3028 3167 3076 3289 2962 3965 3069 3394 3306 3375 2875 3108 3324 3347 2902 3132 3106 2962 3250 3652 3237 2964 2967 3030 3116 3258 3278 3577 3948 3111 3334 2900 3198
1049 1065 821 867 216 906 1012 514 565 979 472 1296 683 1037 523 968 878 2662 759 957 454 64 3633 0 956 870 1038 1172 1139 470 883 908 612 1541 1109 790 780 212 1046 1132 835 1000 902 1083 430 982 1042 1076 1571 387 544 906 903 3050 1065 814 917 846 1044 839 270 914 969 824 905 831 934 440 654 1807 1119 360 981 626
379 1028 272 214 868 210 975 760 710 180 756 1259 307 368 580 299 841 2081 347 328 871 951 3052 956 0 322 215 320 1102 888 335 193 783 1504 180 337 212 924 117 1095 531 71 206 154 703 185 1005 148 1534 720 789 310 70 3013 396 391 304 277 221 290 945 244 187 520 150 347 265 692 617 1770 190 742 200 612
423 942 80 232 782 271 889 810 921 353 876 1173 221 411 700 342 755 2291 467 538 922 865 3262 870 322 0 425 547 1016 938 45 313 903 1418 474 457 145 929 411 1009 741 365 267 448 823 357 919 442 1448 683 840 520 268 2927 440 601 424 398 431 62 859 288 344 730 270 468 308 742 531 1684 484 656 410 732
507 1132 375 317 950 313 1079 719 595 100 716 1363 410 504 540 435 944 1965 319 212 831 1032 2936 1038 215 425 0 385 1206 847 438 165 742 1607 245 309 315 884 246 1198 415 171 310 219 663 105 1108 212 1637 680 749 195 251 3033 490 276 276 249 32 394 1026 380 107 405 173 319 401 652 720 1874 254 707 85 571
143 1208 497 446 1083 485 1155 981 880 349 978 1439 532 155 802 399 1021 2250 569 497 1093 1167 3221 1172 320 547 385 0 1282 1109 560 414 1004 1684 168 558 437 1146 351 1275 701 276 481 224 925 355 1185 189 1714 942 1011 480 362 3193 127 561 525 499 391 515 1159 382 356 690 423 569 358 914 797 1950 146 967 370 833
1158 90 967 1013 1050 1052 183 1128 1557 1134 1385 1246 829 1147 1137 1078 827 3071 1248 1318 1240 1134 4042 1139 1102 1016 1206 1282 0 1256 1029 1094 1226 1490 1255 1237 926 1247 1192 64 1522 1146 1048 1229 1332 1137 112 1222 1520 1001 1158 1301 1049 2999 1175 1382 1204 1178 1212 985 1126 1023 1124 1511 1051 1248 1044 1061 524 1757 1265 974 1191 1240
1098 1182 888 900 553 896 1129 323 546 788 452 1413 751 1086 332 1017 994 2471 568 767 97 465 3442 470 888 938 847 1109 1256 0 951 717 421 1658 969 599 848 282 971 1249 811 896 892 943 411 791 1159 937 1688 284 353 715 834 3167 1115 623 726 656 853 906 630 963 778 800 756 640 983 215 770 1924 979 311 791 435
436 955 93 245 795 284 902 823 934 366 889 1186 234 424 713 355 768 2304 481 551 935 878 3275 883 335 45 438 560 1029 951 0 326 916 1431 488 470 158 942 424 1022 754 379 280 461 836 370 932 455 1461 696 853 533 281 2940 453 614 437 411 444 75 872 301 357 743 283 481 321 756 544 1697 497 669 423 745
403 1020 263 205 820 201 967 589 660 93 586 1251 298 392 410 323 832 2031 177 278 701 903 3001 908 193 313 165 414 1094 717 326 0 613 1495 275 166 203 754 276 1086 481 201 198 249 533 96 996 242 1525 550 619 260 139 3004 420 341 133 107 171 281 896 268 83 470 61 177 289 522 608 1762 284 577 150 442
993 1152 853 795 524 791 1099 225 647 683 475 1383 721 982 299 913 965 2367 463 662 405 606 3338 612 783 903 742 1004 1226 421 916 613 0 1628 865 495 793 458 866 1219 706 791 788 839 422 686 1129 832 1658 254 124 610 729 3137 1010 519 621 551 749 871 600 858 673 696 651 536 879 226 741 1894 874 281 686 262
1560 1416 1368 1415 1452 1454 1363 1530 1958 1536 1786 423 1231 1548 1539 1480 1229 2320 1650 1720 1642 1536 3291 1541 1504 1418 1607 1684 1490 1658 1431 1495 1628 0 1657 1639 1328 1649 1594 1483 1924 1548 1450 1631 1734 1539 1393 1624 134 1403 1560 1703 1451 1722 1577 1784 1606 1580 1614 1387 1528 1425 1526 1913 1453 1650 1446 1462 1005 797 1666 1376 1593 1642
290 1181 425 367 1021 363 1128 842 740 210 838 1412 460 302 662 451 994 2111 429 358 953 1104 3082 1109 180 474 245 168 1255 969 488 275 865 1657 0 419 365 1006 212 1248 561 137 359 85 785 215 1158 78 1687 802 871 340 222 3166 274 421 386 359 251 443 1097 397 217 550 283 429 417 774 770 1923 39 830 230 694
547 1164 407 349 702 345 1110 472 592 237 468 1395 442 536 292 467 976 2073 59 368 583 785 3044 790 337 457 309 558 1237 599 470 166 495 1639 419 0 347 636 420 1230 413 345 342 393 415 240 1140 386 1669 432 501 316 283 3141 564 225 175 105 315 425 778 412 227 402 205 90 433 404 752 1905 428 460 294 324
313 852 96 123 692 162 799 720 811 244 766 1083 130 302 590 233 664 2181 358 428 831 774 3152 780 212 145 315 437 926 848 158 203 793 1328 365 347 0 838 302 919 631 256 158 339 714 247 829 332 1357 593 749 411 159 2836 330 492 314 288 322 114 768 178 234 621 161 358 199 652 440 1594 374 565 301 622
1116 1173 879 926 398 933 1120 360 377 824 284 1404 742 1105 369 1036 985 2507 604 803 266 206 3478 212 924 929 884 1146 1247 282 942 754 458 1649 1006 636 838 0 1007 1240 646 932 929 980 242 828 1150 973 1679 321 390 751 871 3158 1133 660 762 692 890 897 459 981 815 636 793 677 1002 252 761 1915 1016 348 827 472
469 1118 362 304 958 300 1065 843 742 211 839 1349 397 457 663 388 930 2112 431 359 954 1041 3083 1046 117 411 246 351 1192 971 424 276 866 1594 212 420 302 1007 0 1185 562 103 296 186 786 216 1095 179 1624 803 873 341 159 3103 457 423 387 361 252 380 1034 334 218 552 240 431 354 775 706 1860 221 831 231 695
1151 83 960 1006 1043 1045 180 1121 1549 1127 1377 1238 822 1140 1130 1071 820 3064 1241 1311 1233 1127 4035 1132 1095 1009 1198 1275 64 1249 1022 1086 1219 1483 1248 1230 919 1240 1185 0 1515 1139 1041 1222 1325 1130 105 1215 1513 994 1151 1294 1042 2992 1168 1375 1197 1171 1205 978 1119 1016 1117 1504 1044 1241 1037 1053 516 1749 1257 967 1184 1233
823 1448 692 633 913 630 1395 683 294 416 557 1679 726 820 504 751 1260 1975 381 335 795 829 2946 835 531 741 415 701 1522 811 754 481 706 1924 561 413 631 646 562 1515 0 487 626 535 516 421 1424 528 1953 644 713 283 568 3043 807 240 539 469 422 710 990 696 423 28 490 454 717 616 1036 2190 571 671 359 535
399 1072 316 258 912 254 1019 768 667 136 764 1303 351 411 588 342 885 2037 356 284 879 995 3008 1000 71 365 171 276 1146 896 379 201 791 1548 137 345 256 932 103 1139 487 0 250 111 711 141 1049 104 1578 728 798 267 113 3057 382 348 312 286 177 334 989 288 143 477 194 356 308 700 661 1814 146 756 157 620
358 974 218 160 814 42 921 765 805 238 761 1205 253 346 585 277 786 2176 352 423 876 897 3146 902 206 267 310 481 1048 892 280 198 788 1450 359 342 158 929 296 1041 626 250 0 333 708 241 951 326 1480 715 794 405 153 2959 374 486 309 282 316 236 890 223 228 615 155 352 243 697 562 1716 369 688 295 617
346 1155 399 341 995 337 1102 815 714 184 812 1386 434 358 636 425 967 2085 403 332 927 1078 3055 1083 154 448 219 224 1229 943 461 249 839 1631 85 393 339 980 186 1222 535 111 333 0 759 189 1132 52 1661 776 845 314 196 3140 330 395 359 333 225 417 1071 371 191 524 257 403 391 748 743 1897 94 804 204 668
914 1258 774 715 617 712 1205 399 246 603 74 1489 809 902 219 833 1070 2287 384 582 394 425 3258 430 703 823 663 925 1332 411 836 533 422 1734 785 415 714 242 786 1325 516 711 708 759 0 607 1234 752 1763 359 429 530 650 3242 930 439 541 471 669 792 678 779 594 505 572 456 799 331 846 2000 795 387 606 251
447 1063 307 249 894 245 1010 663 600 39 660 1294 342 435 484 366 876 1971 251 218 775 976 2941 982 185 357 105 355 1137 791 370 96 686 1539 215 240 247 828 216 1130 421 141 241 189 607 0 1040 182 1569 624 693 200 183 3039 460 281 207 181 111 325 970 312 46 410 105 251 332 596 652 1805 224 651 90 515
1061 42 869 916 952 955 230 1031 1459 1037 1287 1148 732 1049 1039 981 730 2974 1151 1221 1142 1037 3945 1042 1005 919 1108 1185 112 1159 932 996 1129 1393 1158 1140 829 1150 1095 105 1424 1049 951 1132 1234 1040 0 1125 1423 904 1061 1204 952 2902 1078 1285 1107 1081 1114 887 1029 926 1027 1414 954 1151 946 963 426 1659 1167 877 1094 1143
311 1148 392 334 988 330 1095 809 708 177 805 1379 427 323 629 419 961 2078 396 325 920 1071 3049 1076 148 442 212 189 1222 937 455 242 832 1624 78 386 332 973 179 1215 528 104 326 52 752 182 1125 0 1654 769 838 307 190 3133 294 388 353 327 218 410 1065 364 184 517 251 397 385 741 737 1890 60 797 197 661
1590 1446 1398 1444 1481 1483 1393 1560 1988 1566 1816 453 1261 1578 1568 1509 1259 2350 1680 1750 1671 1566 3321 1571 1534 1448 1637 1714 1520 1688 1461 1525 1658 134 1687 1669 1357 1679 1624 1513 1953 1578 1480 1661 1763 1569 1423 1654 0 1433 1589 1733 1480 1752 1607 1814 1636 1610 1643 1416 1558 1455 1556 1943 1482 1680 1475 1492 1035 827 1696 1405 1623 1672
871 927 634 680 299 719 874 156 584 620 412 1158 496 859 164 790 740 2304 401 599 267 382 3275 387 720 683 680 942 1001 284 696 550 254 1403 802 432 593 321 803 994 644 728 715 776 359 624 904 769 1433 0 186 547 667 2912 887 456 558 488 686 652 375 736 611 633 589 473 756 88 516 1669 812 88 623 268
1000 1084 790 802 455 798 1031 157 654 690 481 1315 653 988 234 919 896 2373 470 669 337 538 3344 544 789 840 749 1011 1158 353 853 619 124 1560 871 501 749 390 873 1151 713 798 794 845 429 693 1061 838 1589 186 0 617 736 3069 1017 525 628 558 755 808 532 865 680 702 658 542 885 157 672 1826 881 213 692 337
602 1227 471 413 817 409 1174 587 463 195 583 1458 506 599 407 530 1039 1884 285 79 698 900 2855 906 310 520 195 480 1301 715 533 260 610 1703 340 316 411 751 341 1294 283 267 405 314 530 200 1204 307 1733 547 617 0 347 2952 586 143 371 345 201 489 894 476 202 272 269 357 496 519 815 1969 350 575 138 439
326 975 219 160 815 157 922 706 747 180 702 1206 253 314 527 245 787 2117 294 364 818 897 3088 903 70 268 251 362 1049 834 281 139 729 1451 222 283 159 871 159 1042 568 113 153 196 650 183 952 190 1480 667 736 347 0 2959 342 428 250 224 258 237 891 191 170 557 97 294 211 639 563 1717 232 688 237 558
3031 2887 2839 2885 2922 2924 2834 3000 3277 3006 3257 1893 2701 3019 3009 2950 2699 2303 3120 3048 3112 3006 3274 3011 2974 2888 3077 3154 2961 3128 2901 2966 3098 1684 3127 3109 2798 3119 3064 2953 3098 3018 2920 3101 3204 3009 2863 3094 1714 2873 3030 2996 2921 0 3047 3023 3076 3050 3083 2857 2998 2895 2996 3087 2923 3120 2916 2933 2475 2267 3137 2846 3020 3112
36 1101 390 339 976 378 1048 987 986 455 983 1332 425 48 807 292 914 2356 575 603 1098 1060 3327 1065 396 440 490 127 1175 1115 453 420 1010 1577 274 564 330 1133 457 1168 807 382 374 330 930 460 1078 294 1607 887 1017 586 342 3086 0 667 531 505 497 408 1052 275 451 796 377 575 251 919 690 1843 252 860 476 839
683 1308 552 494 726 490 1255 496 419 276 492 1539 587 680 316 611 1120 1900 194 195 607 809 2871 814 391 601 276 561 1382 623 614 341 519 1784 421 225 492 660 423 1375 240 348 486 395 439 281 1285 388 1814 456 525 143 428 2968 667 0 351 281 282 570 802 557 283 229 350 266 577 428 896 2050 431 484 219 348
514 1130 374 316 828 312 1077 598 718 204 594 1361 409 502 418 433 943 2141 186 388 710 911 3112 917 304 424 276 525 1204 726 437 133 621 1606 386 175 314 762 387 1197 539 312 309 359 541 207 1107 353 1636 558 628 371 250 3115 531 351 0 116 282 392 905 379 194 528 172 186 399 530 719 1872 395 586 261 450
488 1104 348 290 758 286 1051 528 648 178 524 1335 383 476 348 407 917 2115 116 362 639 841 3086 846 277 398 249 499 1178 656 411 107 551 1580 359 105 288 692 361 1171 469 286 282 333 471 181 1081 327 1610 488 558 345 224 3089 505 281 116 0 256 366 835 353 168 458 146 116 373 460 693 1846 369 516 235 380
513 1138 382 323 956 320 1085 725 601 106 722 1369 416 510 546 441 950 1971 325 218 837 1039 2942 1044 221 431 32 391 1212 853 444 171 749 1614 251 315 322 890 252 1205 422 177 316 225 669 111 1114 218 1643 686 755 201 258 3039 497 282 282 256 0 400 1032 387 113 411 180 326 407 658 726 1880 261 714 91 578
392 911 48 201 751 240 858 779 889 322 845 1142 189 380 669 311 723 2259 436 506 890 833 3230 839 290 62 394 515 985 906 75 281 871 1387 443 425 114 897 380 978 710 334 236 417 792 325 887 410 1416 652 808 489 237 2895 408 570 392 366 400 0 827 257 312 699 239 436 277 711 499 1653 453 624 379 700
1036 1052 809 855 102 894 999 502 813 967 719 1283 671 1024 511 955 865 2650 747 946 614 276 3621 270 945 859 1026 1159 1126 630 872 896 600 1528 1097 778 768 459 1034 1119 990 989 890 1071 678 970 1029 1065 1558 375 532 894 891 3037 1052 802 905 835 1032 827 0 901 957 979 893 819 921 435 641 1794 1107 348 970 614
259 949 239 188 824 227 896 835 876 309 831 1180 273 247 655 187 762 2246 423 493 947 908 3217 914 244 288 380 382 1023 963 301 268 858 1425 397 412 178 981 334 1016 696 288 223 371 779 312 926 364 1455 736 865 476 191 2934 275 557 379 353 387 257 901 0 299 686 226 423 87 767 538 1691 407 708 366 687
434 1050 294 236 881 232 997 650 602 41 647 1281 329 422 471 353 863 1972 238 220 762 963 2943 969 187 344 107 356 1124 778 357 83 673 1526 217 227 234 815 218 1117 423 143 228 191 594 46 1027 184 1556 611 680 202 170 3035 451 283 194 168 113 312 957 299 0 412 92 238 319 583 639 1792 226 638 92 502
812 1437 681 623 903 619 1384 672 284 405 546 1668 716 809 493 740 1249 1965 370 324 784 819 2936 824 520 730 405 690 1511 800 743 470 696 1913 550 402 621 636 552 1504 28 477 615 524 505 410 1414 517 1943 633 702 272 557 3033 796 229 528 458 411 699 979 686 412 0 479 443 706 605 1025 2179 560 661 348 525
361 977 221 162 817 159 924 628 669 102 625 1208 255 349 449 280 789 2039 216 286 740 899 3010 905 150 270 173 423 1051 756 283 61 651 1453 283 205 161 793 240 1044 490 194 155 257 572 105 954 251 1482 589 658 269 97 2961 377 350 172 146 180 239 893 226 92 479 0 216 246 561 565 1719 293 616 159 480
558 1174 418 360 743 356 1121 513 633 248 509 1405 453 546 333 477 987 2114 100 409 624 826 3085 831 347 468 319 569 1248 640 481 177 536 1650 429 90 358 677 431 1241 454 356 352 403 456 251 1151 397 1680 473 542 357 294 3159 575 266 186 116 326 436 819 423 238 443 216 0 443 445 763 1916 439 501 305 365
234 970 259 208 844 247 917 855 896 329 852 1201 294 222 676 207 782 2266 443 514 967 929 3237 934 265 308 401 358 1044 983 321 289 879 1446 417 433 199 1002 354 1037 717 308 243 391 799 332 946 385 1475 756 885 496 211 2954 251 577 399 373 407 277 921 87 319 706 246 443 0 788 558 1712 427 729 386 708
903 987 693 704 358 701 934 128 516 592 384 1218 555 891 136 822 799 2276 372 571 199 435 3247 440 692 742 652 914 1061 215 756 522 226 1462 774 404 652 252 775 1053 616 700 697 748 331 596 963 741 1492 88 157 519 639 2971 919 428 530 460 658 711 435 767 583 605 561 445 788 0 575 1729 783 116 595 240
673 450 481 527 564 566 397 643 1071 648 899 760 343 661 651 592 341 2586 763 833 754 648 3557 654 617 531 720 797 524 770 544 608 741 1005 770 752 440 761 706 516 1036 661 562 743 846 652 426 737 1035 516 672 815 563 2514 690 896 719 693 726 499 641 538 639 1025 565 763 558 575 0 1271 779 488 705 755
1827 1683 1635 1681 1718 1720 1630 1796 2225 1802 2053 689 1497 1815 1805 1746 1495 2903 1916 1986 1908 1802 3874 1807 1770 1684 1874 1950 1757 1924 1697 1762 1894 797 1923 1905 1594 1915 1860 1749 2190 1814 1716 1897 2000 1805 1659 1890 827 1669 1826 1969 1717 2306 1843 2050 1872 1846 1880 1653 1794 1691 1792 2179 1719 1916 1712 1729 1271 0 1933 1642 1859 1908
268 1191 435 376 1030 373 1138 851 750 219 847 1422 469 280 671 461 1003 2120 439 367 963 1113 3091 1119 190 484 254 146 1265 979 497 284 874 1666 39 428 374 1016 221 1257 571 146 369 94 795 224 1167 60 1696 812 881 350 232 3175 252 431 395 369 261 453 1107 407 226 560 293 439 427 783 779 1933 0 839 240 703
843 900 606 652 271 691 847 183 612 648 440 1131 468 832 192 763 712 2332 428 627 295 354 3302 360 742 656 707 967 974 311 669 577 281 1376 830 460 565 348 831 967 671 756 688 804 387 651 877 797 1405 88 213 575 688 2885 860 484 586 516 714 624 348 708 638 661 616 501 729 116 488 1642 839 0 651 296
492 1117 361 303 893 299 1064 663 538 85 659 1348 396 489 483 420 929 1909 305 156 774 976 2879 981 200 410 85 370 1191 791 423 150 686 1593 230 294 301 827 231 1184 359 157 295 204 606 90 1094 197 1623 623 692 138 237 2977 476 219 261 235 91 379 970 366 92 348 159 305 386 595 705 1859 240 651 0 515
822 1166 682 624 538 620 1113 308 476 512 304 1397 717 811 128 742 979 2196 292 491 419 621 3167 626 612 732 571 833 1240 435 745 442 262 1642 694 324 622 472 695 1233 535 620 617 668 251 515 1143 661 1672 268 337 439 558 3151 839 348 450 380 578 700 614 687 502 525 480 365 708 240 755 1908 703 296 515 0
EOF