NAME : tsp_problem
TYPE : TSP
DIMENSION : 88
EDGE_WEIGHT_TYPE : EXPLICIT
EDGE_WEIGHT_FORMAT : FULL_MATRIX
EDGE_WEIGHT_SECTION
0 122 937 929 836 399 774 1012 398 139 734 695 827 424 961 573 581 677 252 904 731 353 799 866 1089 646 2219 1321 409 287 286 928 439 978 279 813 794 973 442 357 989 821 767 985 789 933 431 862 877 160 356 756 177 730 928 945 1011 277 667 652 3547 430 641 765 898 707 783 803 405 2741 234 696 723 789 640 750 888 800 974 741 975 937 437 888 796 809 795 811
122 0 849 897 782 407 712 923 405 146 827 641 834 517 873 580 588 589 259 815 677 361 770 873 1001 592 2227 1233 502 380 293 840 386 986 286 820 801 885 450 365 996 733 678 992 882 844 342 870 823 72 364 702 184 642 935 857 922 285 674 659 3554 437 553 703 810 653 695 810 412 2748 242 607 816 701 648 758 835 807 982 653 922 905 530 895 803 755 741 819
937 849 0 524 377 974 299 1150 805 961 923 365 650 1003 1100 887 895 815 1075 1042 401 927 398 813 301 390 2056 1460 1017 1120 708 140 551 926 880 528 617 1112 1016 932 937 960 905 933 869 1071 569 810 418 812 636 329 922 869 619 157 1149 879 611 966 3384 1004 780 290 254 377 922 518 979 2578 1057 834 933 216 668 466 429 515 922 880 423 532 1120 835 572 350 368 527
929 897 524 0 213 724 251 1198 555 953 508 368 235 752 1148 637 645 863 1066 1090 404 677 160 398 412 393 1641 1508 767 888 711 515 553 511 679 290 202 1160 766 682 521 1008 953 517 454 1119 582 395 181 859 639 325 903 917 204 500 1197 679 373 716 2968 754 828 270 485 380 970 280 729 2162 1048 882 518 376 315 228 164 277 507 928 230 44 870 420 156 245 321 289
836 782 377 213 0 753 89 1083 584 860 612 253 338 782 1033 666 674 749 973 975 289 706 177 502 336 279 1745 1393 796 917 596 367 439 614 708 307 306 1045 795 711 625 893 838 621 557 1004 467 498 55 745 524 210 810 802 307 384 1082 708 390 745 3072 783 713 107 338 266 855 297 758 2266 955 767 622 229 418 245 67 294 610 813 154 221 899 524 260 46 206 306
399 407 974 724 753 0 700 1115 193 423 716 748 622 406 1065 368 376 781 537 1007 784 80 593 661 1004 699 2014 1425 392 360 339 964 492 773 150 608 589 1077 169 84 784 925 870 780 716 1036 500 657 772 445 409 774 374 834 723 981 1114 150 462 378 3341 225 745 719 935 760 887 597 85 2535 519 799 706 826 435 545 756 594 769 845 821 732 341 683 591 726 770 606
774 712 299 251 89 700 0 1013 532 798 650 192 376 729 962 613 621 678 911 905 228 654 124 540 411 217 1783 1322 744 865 534 290 377 653 656 255 344 974 743 658 663 822 768 659 595 934 406 537 130 674 462 156 748 731 346 306 1012 656 337 693 3110 731 642 30 260 204 784 245 706 2304 894 697 660 151 394 193 141 242 648 742 228 259 847 562 298 62 154 253
1012 923 1150 1198 1083 1115 1013 0 1114 1036 1597 942 1324 1327 132 1289 1297 424 1149 956 978 1069 1071 1487 1302 893 2730 1373 1313 1234 822 1141 686 1600 994 1202 1291 113 1158 1073 1610 430 330 1606 1543 94 643 1484 1124 886 750 1003 1036 426 1293 1158 54 993 1285 1367 4057 1146 397 1003 1111 954 392 1192 1121 3251 1131 392 1607 1002 1342 1140 1136 1189 1596 297 1223 1206 1262 1509 1246 1056 1042 1200
398 405 805 555 584 193 532 1114 0 422 548 649 453 315 1063 199 207 779 535 1006 685 146 425 492 835 674 1846 1423 330 358 337 796 491 605 148 439 420 1075 236 151 615 923 869 611 547 1035 498 489 604 444 408 606 372 832 554 813 1113 148 293 278 3173 223 744 551 766 661 885 429 198 2367 518 798 538 657 267 377 587 426 600 843 653 563 339 514 422 557 602 437
139 146 961 953 860 423 798 1036 422 0 843 719 851 533 985 597 605 701 136 928 755 377 823 890 1114 670 2243 1345 519 397 310 952 463 1002 303 837 818 997 466 381 1013 845 791 1009 898 957 455 886 901 184 380 780 201 754 952 969 1035 301 691 676 3571 454 666 789 922 731 807 827 429 2765 119 720 833 813 664 774 913 824 998 765 1000 961 546 912 820 833 819 835
734 827 923 508 612 716 650 1597 548 843 0 767 406 334 1547 487 638 1263 941 1489 803 670 559 186 811 792 1734 1907 349 470 861 914 953 293 672 637 373 1559 759 674 422 1407 1352 418 161 1518 981 182 580 865 931 724 683 1316 507 900 1596 672 491 709 3062 672 1227 669 884 779 1369 627 722 2255 923 1281 225 775 362 575 563 624 289 1327 629 516 530 202 375 644 720 635
695 641 365 368 253 748 192 942 649 719 767 0 494 847 892 731 739 608 832 834 53 702 242 657 517 137 1900 1252 861 867 455 356 298 770 627 372 461 904 791 706 781 752 697 777 713 863 326 654 295 604 383 173 669 661 463 373 941 626 455 810 3228 778 572 183 326 29 714 362 753 2422 814 626 777 217 512 310 306 359 766 672 393 376 894 679 416 226 212 371
827 834 650 235 338 622 376 1324 453 851 406 494 0 651 1273 535 543 989 964 1216 530 575 286 296 538 519 1590 1633 665 786 766 641 679 409 577 416 61 1285 664 580 419 1133 1079 415 352 1245 708 293 307 872 764 450 801 1042 146 626 1323 577 342 614 2918 652 954 395 611 506 1095 406 627 2112 946 1008 416 502 213 354 290 403 405 1053 356 243 768 318 102 370 447 415
424 517 1003 752 782 406 729 1327 315 533 334 847 651 0 1277 253 405 993 631 1220 883 360 622 494 1033 872 2042 1637 116 160 551 993 704 601 362 637 618 1289 449 364 731 1137 1083 727 389 1248 712 490 801 555 621 803 373 1046 752 1010 1326 362 490 476 3370 362 957 748 964 859 1099 626 412 2564 614 1011 324 855 464 574 785 623 597 1057 850 761 220 511 620 755 799 635
961 873 1100 1148 1033 1065 962 132 1063 985 1547 892 1273 1277 0 1238 1246 325 1098 906 928 1019 1021 1437 1252 843 2680 1323 1262 1184 772 1091 636 1549 944 1152 1241 44 1108 1023 1560 330 230 1556 1492 171 593 1433 1074 836 700 953 986 498 1242 1107 87 943 1234 1317 4007 1095 409 953 1061 904 292 1142 1070 3201 1081 292 1557 952 1291 1089 1086 1139 1545 374 1173 1156 1212 1459 1195 1006 992 1150
573 580 887 637 666 368 613 1289 199 597 487 731 535 253 1238 0 289 954 710 1181 767 321 507 574 917 756 1927 1598 268 389 512 878 666 686 323 521 502 1250 411 326 697 1098 1044 693 542 1210 673 570 686 618 583 687 547 1007 636 894 1287 323 375 360 3255 398 918 632 848 743 1060 511 373 2449 692 973 476 739 349 459 669 508 682 1018 735 645 449 596 504 639 684 519
581 588 895 645 674 376 621 1297 207 605 638 739 543 405 1246 289 0 962 718 1189 775 329 515 582 925 764 1935 1606 419 541 520 886 674 694 331 529 510 1258 371 334 705 1106 1052 701 637 1218 681 578 694 626 591 695 555 1015 644 902 1295 331 383 233 3263 406 926 640 856 751 1068 519 381 2457 700 981 627 747 357 467 677 516 690 1026 743 653 522 604 512 647 692 527
677 589 815 863 749 781 678 424 779 701 1263 608 989 993 325 954 962 0 814 621 644 734 737 1153 968 558 2396 1039 978 900 488 806 352 1265 660 868 956 337 824 739 1276 185 130 1272 1208 415 309 1149 790 551 416 669 702 213 958 823 379 659 950 1033 3723 811 124 669 776 620 147 857 786 2917 797 59 1272 667 1007 805 801 854 1261 224 888 872 927 1175 911 722 707 866
252 259 1075 1066 973 537 911 1149 535 136 941 832 964 631 1098 710 718 814 0 1041 868 490 936 1003 1227 783 2357 1459 616 494 423 1065 576 1115 416 950 931 1111 580 495 1126 959 904 1122 996 1070 568 999 1014 297 493 893 314 868 1065 1082 1148 415 804 789 3684 567 779 902 1036 844 921 940 542 2878 123 833 930 926 778 888 1026 937 1111 879 1113 1074 644 1025 933 946 932 948
904 815 1042 1090 975 1007 905 956 1006 928 1489 834 1216 1220 906 1181 1189 621 1041 0 870 961 964 1379 1194 785 2435 491 1205 1127 714 1033 579 1492 887 1094 1183 918 1050 965 1503 766 711 1499 1435 877 535 1376 1017 778 642 895 928 675 1185 1050 955 885 1177 1259 3701 1038 586 896 1003 846 728 1084 1013 2895 1024 640 1499 894 1234 1032 1028 1081 1488 686 1115 1098 1154 1401 1138 948 934 1093
731 677 401 404 289 784 228 978 685 755 803 53 530 883 928 767 775 644 868 870 0 738 278 693 553 173 1936 1288 897 903 491 392 334 806 663 408 497 940 827 742 817 788 733 813 749 899 362 690 331 640 419 209 705 697 499 409 977 662 491 846 3264 814 608 219 362 54 750 398 790 2458 850 662 813 253 548 346 342 395 802 708 429 412 931 715 452 262 248 407
353 361 927 677 706 80 654 1069 146 377 670 702 575 360 1019 321 329 734 490 961 738 0 547 614 957 652 1968 1379 345 313 293 918 446 727 103 561 542 1031 123 38 737 879 824 733 670 990 453 611 726 399 363 728 327 788 676 935 1068 103 415 332 3295 178 699 673 888 714 841 551 85 2489 473 753 659 779 389 499 709 548 723 799 775 685 295 636 544 679 724 560
799 770 398 160 177 593 124 1071 425 823 559 242 286 622 1021 507 515 737 936 964 278 547 0 449 428 267 1692 1381 637 758 584 388 427 562 549 148 253 1033 636 551 572 881 827 568 505 992 456 446 196 733 512 198 773 790 255 405 1070 549 231 586 3019 624 701 143 359 254 843 138 599 2213 918 756 569 250 288 86 180 135 557 801 245 168 740 471 207 150 194 146
866 873 813 398 502 661 540 1487 492 890 186 657 296 494 1437 574 582 1153 1003 1379 693 614 449 0 702 682 1624 1797 509 630 805 804 843 188 616 527 263 1449 703 619 313 1297 1242 309 131 1408 871 21 470 911 876 614 840 1206 397 790 1486 616 381 653 2952 691 1117 559 774 669 1259 517 666 2146 985 1171 196 665 252 465 454 514 184 1217 519 406 690 98 265 534 610 525
1089 1001 301 412 336 1004 411 1302 835 1114 811 517 538 1033 1252 917 925 968 1227 1194 553 957 428 702 0 543 1945 1612 1048 1169 860 222 703 814 959 559 505 1264 1047 962 825 1112 1057 821 757 1223 721 698 305 964 788 481 1074 1021 507 165 1301 959 641 996 3272 1034 932 430 406 530 1074 548 1009 2466 1209 986 821 368 618 496 288 545 810 1032 198 421 1150 724 460 368 520 557
646 592 390 393 279 699 217 893 674 670 792 137 519 872 843 756 764 558 783 785 173 652 267 682 543 0 1926 1203 887 818 406 381 249 795 578 397 486 855 742 657 806 703 648 802 738 814 277 679 320 555 334 198 620 612 488 398 892 577 480 835 3253 729 523 208 351 150 665 387 704 2447 765 577 802 242 537 335 331 384 791 623 418 401 845 705 441 252 237 396
1775 1782 1601 1186 1289 1570 1327 2275 1401 1799 1290 1445 1135 1598 2224 1483 1491 1940 1912 2167 1481 1523 1237 1180 1489 1470 0 2404 1613 1734 1714 1592 1630 1292 1525 1367 1102 2236 1613 1528 1303 2084 2030 1299 1235 2196 1659 1176 1258 1820 1715 1401 1749 1993 1185 1577 2274 1525 1290 1562 2081 1600 1904 1346 1562 1457 2046 1357 1575 1275 1894 1959 1300 1453 1161 1305 1241 1354 1288 2004 1307 1194 1716 1202 1057 1321 1398 1366
1321 1233 1460 1508 1393 1425 1322 1373 1423 1345 1907 1252 1633 1637 1323 1598 1606 1039 1459 491 1288 1379 1381 1797 1612 1203 2266 0 1622 1544 1132 1451 996 1909 1304 1512 1601 1335 1468 1383 1920 1183 1129 1916 1852 1294 953 1793 1434 1196 1060 1313 1346 1092 1603 1467 1372 1303 1594 1677 3531 1455 1003 1313 1421 1264 1145 1502 1431 2725 1441 1058 1917 1312 1651 1450 1446 1499 1905 1103 1533 1516 1572 1819 1555 1366 1352 1510
409 502 1017 767 796 392 744 1313 330 519 349 861 665 116 1262 268 419 978 616 1205 897 345 637 509 1048 887 2057 1622 0 145 536 1008 690 616 347 651 633 1274 434 350 745 1122 1068 741 404 1233 697 505 816 540 607 818 358 1031 766 1025 1311 347 505 491 3384 347 942 763 978 874 1084 641 397 2578 599 997 338 869 479 589 800 638 612 1042 865 776 205 525 635 769 814 650
287 380 1120 888 917 360 865 1234 358 397 470 867 786 160 1184 389 541 900 494 1127 903 313 758 630 1169 818 2178 1544 145 0 458 1111 612 737 315 773 754 1196 402 318 866 1044 990 862 525 1155 619 626 937 418 529 928 236 953 888 1128 1233 315 626 612 3506 315 864 884 1081 879 1006 762 365 2699 477 919 460 972 600 710 921 759 733 964 986 897 173 646 756 890 935 771
286 293 708 711 596 339 534 822 337 310 861 455 766 551 772 512 520 488 423 714 491 293 584 805 860 406 2159 1132 536 458 0 699 199 918 218 715 733 784 382 297 928 632 577 924 861 743 206 802 637 331 116 516 260 541 805 715 821 217 606 591 3486 369 452 525 669 467 594 705 344 2680 405 506 850 560 580 652 649 702 914 552 736 719 486 827 735 569 555 713
928 840 140 515 367 964 290 1141 796 952 914 356 641 993 1091 878 886 806 1065 1033 392 918 388 804 222 381 2047 1451 1008 1111 699 0 542 917 871 519 608 1103 1007 922 927 951 896 924 860 1062 560 801 409 802 627 320 913 860 610 77 1140 870 602 957 3374 995 771 281 245 368 913 509 970 2568 1048 825 924 207 659 457 420 506 913 871 343 523 1111 826 563 341 359 517
439 386 551 553 439 492 377 686 491 463 953 298 679 704 636 666 674 352 576 579 334 446 427 843 703 249 2086 996 690 612 199 542 0 955 371 558 647 648 535 450 966 496 442 962 898 607 71 839 480 348 127 359 413 405 648 558 685 370 640 744 3413 523 316 368 512 310 458 548 498 2607 559 371 962 403 697 495 492 545 951 416 579 562 639 865 601 412 398 556
978 986 926 511 614 773 653 1600 605 1002 293 770 409 601 1549 686 694 1265 1115 1492 806 727 562 188 814 795 1737 1909 616 737 918 917 955 0 729 640 376 1561 816 731 425 1409 1355 421 239 1521 984 185 583 1024 988 726 950 1318 510 902 1599 729 493 766 3064 803 1230 671 887 782 1371 629 779 2258 1098 1284 303 778 364 577 566 626 26 1329 632 519 797 108 378 646 723 638
279 286 880 679 708 150 656 994 148 303 672 627 577 362 944 323 331 660 416 887 663 103 549 616 959 578 1970 1304 347 315 218 871 371 729 0 563 544 956 193 108 739 804 750 735 672 915 379 613 728 324 289 688 253 713 678 888 993 105 417 402 3297 180 624 675 841 639 766 553 155 2491 398 678 661 732 391 501 711 550 724 724 777 687 296 638 546 681 726 561
813 820 528 290 307 608 255 1202 439 837 637 372 416 637 1152 521 529 868 950 1094 408 561 148 527 559 397 1823 1512 651 773 715 519 558 640 563 0 383 1164 651 566 650 1012 957 646 583 1123 586 524 327 858 643 329 787 921 385 536 1201 563 245 600 3150 638 832 274 489 384 974 63 613 2344 932 886 647 380 302 75 311 96 635 932 376 299 754 549 338 280 325 72
794 801 617 202 306 589 344 1291 420 818 373 461 61 618 1241 502 510 956 931 1183 497 542 253 263 505 486 1558 1601 633 754 733 608 647 376 544 383 0 1253 632 547 387 1101 1046 383 319 1212 675 260 274 840 732 418 768 1010 162 593 1290 544 309 581 2885 619 921 363 578 473 1063 373 594 2079 914 975 383 469 180 321 257 370 372 1021 323 210 735 286 69 338 414 382
973 885 1112 1160 1045 1077 974 113 1075 997 1559 904 1285 1289 44 1250 1258 337 1111 918 940 1031 1033 1449 1264 855 2692 1335 1274 1196 784 1103 648 1561 956 1164 1253 0 1120 1035 1572 342 242 1568 1504 151 605 1445 1086 848 712 965 998 483 1255 1119 67 955 1246 1329 4019 1107 421 965 1073 916 304 1154 1083 3213 1093 304 1569 964 1303 1102 1098 1151 1557 355 1185 1168 1224 1471 1207 1018 1004 1162
442 450 1016 766 795 169 743 1158 236 466 759 791 664 449 1108 411 371 824 580 1050 827 123 636 703 1047 742 2057 1468 434 402 382 1007 535 816 193 651 632 1120 0 127 827 968 913 823 759 1079 542 700 815 488 452 817 416 877 766 1024 1157 193 504 291 3384 268 788 762 978 803 930 640 174 2578 562 842 749 868 478 588 799 637 812 888 864 775 384 726 634 768 813 649
357 365 932 682 711 84 658 1073 151 381 674 706 580 364 1023 326 334 739 495 965 742 38 551 619 962 657 1972 1383 350 318 297 922 450 731 108 566 547 1035 127 0 742 883 828 738 674 994 457 615 730 403 367 732 332 792 681 939 1072 108 419 336 3299 183 703 677 893 718 845 555 90 2493 477 757 664 784 393 503 714 552 727 803 779 690 299 641 549 684 728 564
989 996 937 521 625 784 663 1610 615 1013 422 781 419 731 1560 697 705 1276 1126 1503 817 737 572 313 825 806 1748 1920 745 866 928 927 966 425 739 650 387 1572 827 742 0 1420 1366 53 368 1531 995 309 593 1035 999 737 963 1329 521 913 1609 739 504 776 3075 814 1240 682 898 793 1382 640 789 2269 1109 1295 432 789 375 588 577 637 421 1340 642 530 926 335 389 657 733 649
821 733 960 1008 893 925 822 430 923 845 1407 752 1133 1137 330 1098 1106 185 959 766 788 879 881 1297 1112 703 2540 1183 1122 1044 632 951 496 1409 804 1012 1101 342 968 883 1420 0 136 1416 1352 469 453 1293 934 696 560 813 846 358 1102 967 385 803 1094 1177 3867 955 269 813 921 764 72 1002 931 3061 941 152 1417 812 1151 949 946 999 1405 369 1033 1016 1072 1319 1055 866 852 1010
767 678 905 953 838 870 768 330 869 791 1352 697 1079 1083 230 1044 1052 130 904 711 733 824 827 1242 1057 648 2485 1129 1068 990 577 896 442 1355 750 957 1046 242 913 828 1366 136 0 1362 1298 369 398 1239 880 641 505 758 791 303 1048 913 285 748 1040 1122 3813 901 214 759 866 709 98 947 876 3007 887 98 1362 757 1097 895 891 944 1351 314 978 961 1017 1264 1001 811 797 956
985 992 933 517 621 780 659 1606 611 1009 418 777 415 727 1556 693 701 1272 1122 1499 813 733 568 309 821 802 1744 1916 741 862 924 924 962 421 735 646 383 1568 823 738 53 1416 1362 0 364 1527 991 305 590 1031 995 733 959 1325 517 909 1605 735 500 772 3071 810 1236 678 894 789 1378 636 785 2265 1105 1291 428 785 371 584 573 633 417 1336 638 526 922 331 385 653 729 645
789 882 869 454 557 716 595 1543 547 898 161 713 352 389 1492 542 637 1208 996 1435 749 670 505 131 757 738 1680 1852 404 525 861 860 898 239 672 583 319 1504 759 674 368 1352 1298 364 0 1464 927 128 526 920 931 669 738 1261 453 845 1542 672 436 709 3007 727 1172 614 830 725 1314 572 722 2201 978 1227 171 721 307 520 509 569 234 1272 575 462 585 148 321 589 666 581
933 844 1071 1119 1004 1036 934 94 1035 957 1518 863 1245 1248 171 1210 1218 415 1070 877 899 990 992 1408 1223 814 2651 1294 1233 1155 743 1062 607 1521 915 1123 1212 151 1079 994 1531 469 369 1527 1464 0 564 1405 1045 807 671 924 957 347 1214 1079 93 914 1206 1288 3978 1067 318 924 1032 875 431 1113 1042 3172 1052 431 1528 923 1263 1061 1057 1110 1517 218 1144 1127 1183 1430 1167 977 963 1121
431 342 569 582 467 500 406 643 498 455 981 326 708 712 593 673 681 309 568 535 362 453 456 871 721 277 2114 953 697 619 206 560 71 984 379 586 675 605 542 457 995 453 398 991 927 564 0 868 509 305 134 387 420 362 677 576 642 377 669 752 3442 530 273 397 530 339 415 576 505 2636 550 327 991 421 726 524 520 573 980 373 607 590 646 894 630 441 426 585
862 870 810 395 498 657 537 1484 489 886 182 654 293 490 1433 570 578 1149 999 1376 690 611 446 21 698 679 1621 1793 505 626 802 801 839 185 613 524 260 1445 700 615 309 1293 1239 305 128 1405 868 0 467 908 872 610 836 1202 394 786 1483 613 377 650 2948 687 1114 555 771 666 1255 513 663 2142 982 1168 192 662 248 461 450 510 181 1213 516 403 686 95 262 530 607 522
877 823 418 181 55 772 130 1124 604 901 580 295 307 801 1074 686 694 790 1014 1017 331 726 196 470 305 320 1713 1434 816 937 637 409 480 583 728 327 274 1086 815 730 593 934 880 590 526 1045 509 467 0 786 565 251 851 843 276 393 1123 728 410 765 3040 803 754 149 379 307 896 317 778 2234 997 808 590 270 387 265 50 314 579 854 122 189 919 492 229 87 247 325
160 72 812 859 745 445 674 886 444 184 865 604 872 555 836 618 626 551 297 778 640 399 733 911 964 555 2265 1196 540 418 331 802 348 1024 324 858 840 848 488 403 1035 696 641 1031 920 807 305 908 786 0 402 665 223 605 954 819 885 323 712 697 3592 475 516 665 773 616 658 848 451 2786 280 570 854 664 686 796 798 845 1020 616 885 868 568 933 842 718 704 857
356 364 636 639 524 409 462 750 408 380 931 383 764 621 700 583 591 416 493 642 419 363 512 876 788 334 2171 1060 607 529 116 627 127 988 289 643 732 712 452 367 999 560 505 995 931 671 134 872 565 402 0 444 330 469 734 644 749 287 677 661 3498 440 380 453 597 395 522 633 415 2692 476 434 921 488 650 581 577 630 984 480 664 647 556 898 686 497 483 641
756 702 329 325 210 774 156 1003 606 780 724 173 450 803 953 687 695 669 893 895 209 728 198 614 481 198 1857 1313 818 928 516 320 359 726 688 329 418 965 817 732 737 813 758 733 669 924 387 610 251 665 444 0 730 722 420 337 1002 687 411 767 3184 805 633 147 290 185 775 319 780 2378 875 687 734 181 468 267 263 316 722 733 350 333 921 636 372 183 169 327
177 184 922 903 810 374 748 1036 372 201 683 669 801 373 986 547 555 702 314 928 705 327 773 840 1074 620 2194 1346 358 236 260 913 413 950 253 787 768 998 416 332 963 846 791 959 738 957 420 836 851 223 330 730 0 755 902 930 1035 252 641 626 3521 404 666 739 883 681 808 777 379 2715 297 720 672 774 615 725 863 774 945 766 950 911 386 859 770 783 769 785
730 642 869 917 802 834 731 426 832 754 1316 661 1042 1046 498 1007 1015 213 868 675 697 788 790 1206 1021 612 2449 1092 1031 953 541 860 405 1318 713 921 1010 483 877 792 1329 358 303 1325 1261 347 362 1202 843 605 469 722 755 0 1012 876 425 712 1003 1086 3776 864 115 722 830 673 320 911 840 2970 850 232 1326 721 1060 859 855 908 1314 156 942 925 981 1228 964 775 761 919
928 935 619 204 307 723 346 1293 554 952 507 463 146 752 1242 636 644 958 1065 1185 499 676 255 397 507 488 1641 1603 766 888 805 610 648 510 678 385 162 1255 766 681 521 1102 1048 517 453 1214 677 394 276 954 734 420 902 1012 0 595 1292 678 443 715 2968 753 923 365 580 475 1064 375 728 2162 1048 977 517 471 314 323 259 372 506 1023 325 212 869 419 156 339 416 384
945 857 157 500 384 981 306 1158 813 969 900 373 626 1010 1107 894 902 823 1082 1050 409 935 405 790 165 398 2033 1467 1025 1128 715 77 558 902 888 536 593 1119 1024 939 913 967 913 909 845 1079 576 786 393 819 644 337 930 876 595 0 1157 887 618 974 3360 1012 787 297 262 385 929 526 987 2554 1065 842 909 223 675 474 376 523 898 887 286 509 1128 812 548 357 376 534
1011 922 1149 1197 1082 1114 1012 54 1113 1035 1596 941 1323 1326 87 1287 1295 379 1148 955 977 1068 1070 1486 1301 892 2729 1372 1311 1233 821 1140 685 1599 993 1201 1290 67 1157 1072 1609 385 285 1605 1542 93 642 1483 1123 885 749 1002 1035 425 1292 1157 0 992 1283 1366 4056 1145 396 1002 1110 953 347 1191 1120 3250 1130 347 1606 1001 1341 1139 1135 1188 1594 296 1222 1205 1261 1508 1244 1055 1041 1199
277 285 879 679 708 150 656 993 148 301 672 626 577 362 943 323 331 659 415 885 662 103 549 616 959 577 1970 1303 347 315 217 870 370 729 105 563 544 955 193 108 739 803 748 735 672 914 377 613 728 323 287 687 252 712 678 887 992 0 417 402 3297 180 623 675 840 638 765 553 155 2491 397 677 661 731 391 501 711 550 724 723 777 687 296 638 546 681 726 561
667 674 611 373 390 462 337 1285 293 691 491 455 342 490 1234 375 383 950 804 1177 491 415 231 381 641 480 1735 1594 505 626 606 602 640 493 417 245 309 1246 504 419 504 1094 1040 500 436 1206 669 377 410 712 677 411 641 1003 443 618 1283 417 0 454 3062 492 914 356 572 467 1056 235 467 2256 786 969 501 463 156 182 393 232 489 1014 458 381 608 403 311 363 408 243
652 659 966 716 745 378 693 1367 278 676 709 810 614 476 1317 360 233 1033 789 1259 846 332 586 653 996 835 2007 1677 491 612 591 957 744 766 402 600 581 1329 291 336 776 1177 1122 772 709 1288 752 650 765 697 661 767 626 1086 715 974 1366 402 454 0 3334 477 997 712 927 822 1139 590 384 2528 771 1051 699 818 428 538 748 587 761 1097 814 724 593 675 583 718 763 598
3578 3585 3404 2989 3092 3373 3130 4078 3204 3602 3093 3248 2938 3401 4027 3286 3294 3743 3715 3774 3284 3326 3040 2983 3292 3273 1943 3605 3416 3537 3517 3395 3433 3095 3328 3170 2905 4039 3416 3331 3106 3887 3833 3102 3038 3999 3462 2979 3061 3623 3518 3204 3552 3796 2988 3380 4077 3328 3093 3365 0 3403 3707 3149 3365 3260 3849 3160 3378 984 3697 3762 3103 3256 2964 3108 3044 3157 3091 3807 3110 2997 3519 3005 2860 3124 3201 3169
430 437 1004 754 783 225 731 1146 223 454 672 778 652 362 1095 398 406 811 567 1038 814 178 624 691 1034 729 2045 1455 347 315 369 995 523 803 180 638 619 1107 268 183 814 955 901 810 727 1067 530 687 803 475 440 805 404 864 753 1012 1145 180 492 477 3372 0 775 750 965 790 917 628 230 2566 550 830 661 856 466 576 786 625 799 875 852 762 296 713 621 756 801 636
641 553 780 828 713 745 642 397 744 666 1227 572 954 957 409 918 926 124 779 586 608 699 701 1117 932 523 2360 1003 942 864 452 771 316 1230 624 832 921 421 788 703 1240 269 214 1236 1172 318 273 1114 754 516 380 633 666 115 923 787 396 623 914 997 3687 775 0 633 741 584 231 822 751 2881 761 143 1237 632 971 770 766 819 1225 126 853 836 892 1139 875 686 672 830
765 703 290 270 107 719 30 1003 551 789 669 183 395 748 953 632 640 669 902 896 219 673 143 559 430 208 1802 1313 763 884 525 281 368 671 675 274 363 965 762 677 682 813 759 678 614 924 397 555 149 665 453 147 739 722 365 297 1002 675 356 712 3129 750 633 0 251 195 775 264 725 2323 885 688 679 142 413 212 160 261 667 733 247 278 866 581 317 80 173 272
898 810 254 485 338 935 260 1111 766 922 884 326 611 964 1061 848 856 776 1036 1003 362 888 359 774 406 351 2017 1421 978 1081 669 245 512 887 841 489 578 1073 978 893 898 921 866 894 830 1032 530 771 379 773 597 290 883 830 580 262 1110 840 572 927 3345 965 741 251 0 339 883 479 940 2539 1018 795 894 224 629 427 390 476 883 841 477 493 1081 796 533 311 329 488
707 653 377 380 266 760 204 954 661 731 779 29 506 859 904 743 751 620 844 846 54 714 254 669 530 150 1913 1264 874 879 467 368 310 782 639 384 473 916 803 718 793 764 709 789 725 875 339 666 307 616 395 185 681 673 475 385 953 638 467 822 3240 790 584 195 339 0 726 374 766 2434 827 638 789 229 524 322 318 371 778 684 405 388 907 692 428 239 224 383
783 695 922 970 855 887 784 392 885 807 1369 714 1095 1099 292 1060 1068 147 921 728 750 841 843 1259 1074 665 2502 1145 1084 1006 594 913 458 1371 766 974 1063 304 930 845 1382 72 98 1378 1314 431 415 1255 896 658 522 775 808 320 1064 929 347 765 1056 1139 3829 917 231 775 883 726 0 964 893 3023 903 114 1379 774 1113 911 908 961 1367 331 995 978 1034 1281 1017 828 814 972
803 810 518 280 297 597 245 1192 429 827 627 362 406 626 1142 511 519 857 940 1084 398 551 138 517 548 387 1813 1502 641 762 705 509 548 629 553 63 373 1154 640 555 640 1002 947 636 572 1113 576 513 317 848 633 319 777 911 375 526 1191 553 235 590 3140 628 822 264 479 374 964 0 603 2334 922 876 637 370 292 65 300 85 625 922 366 289 744 539 328 270 315 62
405 412 979 729 758 85 706 1121 198 429 722 753 627 412 1070 373 381 786 542 1013 790 85 599 666 1009 704 2020 1431 397 365 344 970 498 779 155 613 594 1083 174 90 789 931 876 785 722 1042 505 663 778 451 415 780 379 840 728 987 1120 155 467 384 3347 230 751 725 940 766 893 603 0 2541 525 805 711 831 441 551 761 600 775 851 827 737 346 688 596 731 776 612
2772 2779 2598 2183 2286 2567 2324 3272 2398 2796 2287 2442 2132 2595 3221 2480 2488 2937 2909 2968 2478 2520 2233 2177 2486 2467 1137 2799 2610 2731 2711 2589 2627 2289 2522 2364 2099 3233 2610 2525 2300 3081 3027 2296 2232 3193 2656 2173 2255 2817 2712 2398 2746 2990 2182 2574 3271 2522 2287 2559 984 2597 2901 2343 2559 2454 3043 2354 2572 0 2891 2956 2297 2450 2158 2302 2238 2351 2285 3001 2304 2191 2713 2199 2054 2318 2395 2362
234 242 1057 1048 955 519 894 1131 518 119 923 814 946 614 1081 692 700 797 123 1024 850 473 918 985 1209 765 2339 1441 599 477 405 1048 559 1098 398 932 914 1093 562 477 1109 941 887 1105 978 1052 550 982 997 280 476 875 297 850 1048 1065 1130 397 786 771 3666 550 761 885 1018 827 903 922 525 2860 0 815 913 909 760 870 1008 919 1094 861 1095 1057 627 1008 916 929 914 931
696 607 834 882 767 799 697 392 798 720 1281 626 1008 1011 292 973 981 59 833 640 662 753 756 1171 986 577 2414 1058 997 919 506 825 371 1284 678 886 975 304 842 757 1295 152 98 1291 1227 431 327 1168 808 570 434 687 720 232 977 842 347 677 969 1051 3742 830 143 688 795 638 114 876 805 2935 815 0 1291 686 1026 824 820 873 1280 243 907 890 946 1193 930 740 726 885
723 816 933 518 622 706 660 1607 538 833 225 777 416 324 1557 476 627 1272 930 1499 813 659 569 196 821 802 1744 1917 338 460 850 924 962 303 661 647 383 1569 749 664 432 1417 1362 428 171 1528 991 192 590 854 921 734 672 1326 517 909 1606 661 501 699 3071 661 1237 679 894 789 1379 637 711 2265 913 1291 0 785 371 584 573 634 299 1337 639 526 519 212 385 654 730 645
789 701 216 376 229 826 151 1002 657 813 775 217 502 855 952 739 747 667 926 894 253 779 250 665 368 242 1908 1312 869 972 560 207 403 778 732 380 469 964 868 784 789 812 757 785 721 923 421 662 270 664 488 181 774 721 471 223 1001 731 463 818 3236 856 632 142 224 229 774 370 831 2429 909 686 785 0 520 318 281 367 774 732 368 384 972 687 424 202 220 379
640 648 668 315 418 435 394 1342 267 664 362 512 213 464 1291 349 357 1007 778 1234 548 389 288 252 618 537 1605 1651 479 600 580 659 697 364 391 302 180 1303 478 393 375 1151 1097 371 307 1263 726 248 387 686 650 468 615 1060 314 675 1341 391 156 428 2933 466 971 413 629 524 1113 292 441 2127 760 1026 371 520 0 240 370 289 360 1071 436 323 582 274 182 420 465 300
750 758 466 228 245 545 193 1140 377 774 575 310 354 574 1089 459 467 805 888 1032 346 499 86 465 496 335 1760 1450 589 710 652 457 495 577 501 75 321 1102 588 503 588 949 895 584 520 1061 524 461 265 796 581 267 725 859 323 474 1139 501 182 538 3088 576 770 212 427 322 911 65 551 2282 870 824 584 318 240 0 248 62 573 870 314 236 692 487 276 218 263 73
888 835 429 164 67 756 141 1136 587 913 563 306 290 785 1086 669 677 801 1026 1028 342 709 180 454 288 331 1697 1446 800 921 649 420 492 566 711 311 257 1098 799 714 577 946 891 573 509 1057 520 450 50 798 577 263 863 855 259 376 1135 711 393 748 3024 786 766 160 390 318 908 300 761 2218 1008 820 573 281 370 248 0 297 562 866 105 173 902 476 212 99 259 309
800 807 515 277 294 594 242 1189 426 824 624 359 403 623 1139 508 516 854 937 1081 395 548 135 514 545 384 1810 1499 638 759 702 506 545 626 550 96 370 1151 637 552 637 999 944 633 569 1110 573 510 314 845 630 316 774 908 372 523 1188 550 232 587 3137 625 819 261 476 371 961 85 600 2331 919 873 634 367 289 62 297 0 622 919 363 286 741 536 325 267 312 94
974 982 922 507 610 769 648 1596 600 998 289 766 405 597 1545 682 690 1261 1111 1488 802 723 557 184 810 791 1733 1905 612 733 914 913 951 26 724 635 372 1557 812 727 421 1405 1351 417 234 1517 980 181 579 1020 984 722 945 1314 506 898 1594 724 489 761 3060 799 1225 667 883 778 1367 625 775 2254 1094 1280 299 774 360 573 562 622 0 1325 628 515 793 104 374 642 719 634
741 653 880 928 813 845 742 297 843 765 1327 672 1053 1057 374 1018 1026 224 879 686 708 799 801 1217 1032 623 2460 1103 1042 964 552 871 416 1329 724 932 1021 355 888 803 1340 369 314 1336 1272 218 373 1213 854 616 480 733 766 156 1023 887 296 723 1014 1097 3787 875 126 733 841 684 331 922 851 2981 861 243 1337 732 1071 870 866 919 1325 0 953 936 992 1239 975 786 772 930
975 922 423 230 154 821 228 1223 653 1000 629 393 356 850 1173 735 743 888 1113 1115 429 775 245 519 198 418 1762 1533 865 986 736 343 579 632 777 376 323 1185 864 779 642 1033 978 638 575 1144 607 516 122 885 664 350 950 942 325 286 1222 777 458 814 3089 852 853 247 477 405 995 366 827 2283 1095 907 639 368 436 314 105 363 628 953 0 238 968 541 278 186 346 374
937 905 532 44 221 732 259 1206 563 961 516 376 243 761 1156 645 653 872 1074 1098 412 685 168 406 421 401 1649 1516 776 897 719 523 562 519 687 299 210 1168 775 690 530 1016 961 526 462 1127 590 403 189 868 647 333 911 925 212 509 1205 687 381 724 2977 762 836 278 493 388 978 289 737 2171 1057 890 526 384 323 236 173 286 515 936 238 0 878 429 165 253 329 297
437 530 1120 870 899 341 847 1262 339 546 530 894 768 220 1212 449 522 927 644 1154 931 295 740 690 1150 845 2161 1572 205 173 486 1111 639 797 296 754 735 1224 384 299 926 1072 1017 922 585 1183 646 686 919 568 556 921 386 981 869 1128 1261 296 608 593 3488 296 892 866 1081 907 1034 744 346 2682 627 946 519 972 582 692 902 741 793 992 968 878 0 706 737 872 917 753
888 895 835 420 524 683 562 1509 514 912 202 679 318 511 1459 596 604 1175 1025 1401 715 636 471 98 724 705 1647 1819 525 646 827 826 865 108 638 549 286 1471 726 641 335 1319 1264 331 148 1430 894 95 492 933 898 636 859 1228 419 812 1508 638 403 675 2974 713 1139 581 796 692 1281 539 688 2168 1008 1193 212 687 274 487 476 536 104 1239 541 429 706 0 287 556 632 548
796 803 572 156 260 591 298 1246 422 820 375 416 102 620 1195 504 512 911 933 1138 452 544 207 265 460 441 1512 1555 635 756 735 563 601 378 546 338 69 1207 634 549 389 1055 1001 385 321 1167 630 262 229 842 686 372 770 964 156 548 1244 546 311 583 2840 621 875 317 533 428 1017 328 596 2034 916 930 385 424 182 276 212 325 374 975 278 165 737 287 0 292 368 336
809 755 350 245 46 726 62 1056 557 833 644 226 370 755 1006 639 647 722 946 948 262 679 150 534 368 252 1777 1366 769 890 569 341 412 646 681 280 338 1018 768 684 657 866 811 653 589 977 441 530 87 718 497 183 783 775 339 357 1055 681 363 718 3104 756 686 80 311 239 828 270 731 2298 929 740 654 202 420 218 99 267 642 786 186 253 872 556 292 0 179 279
795 741 368 321 206 770 154 1042 602 819 720 212 447 799 992 684 692 707 932 934 248 724 194 610 520 237 1853 1352 814 935 555 359 398 723 726 325 414 1004 813 728 733 852 797 729 666 963 426 607 247 704 483 169 769 761 416 376 1041 726 408 763 3180 801 672 173 329 224 814 315 776 2374 914 726 730 220 465 263 259 312 719 772 346 329 917 632 368 179 0 323
811 819 527 289 306 606 253 1200 437 835 635 371 415 635 1150 519 527 866 948 1093 407 560 146 525 557 396 1821 1510 650 771 713 517 556 638 561 72 382 1162 649 564 649 1010 956 645 581 1121 585 522 325 857 641 327 785 919 384 534 1199 561 243 598 3148 636 830 272 488 383 972 62 612 2342 931 885 645 379 300 73 309 94 634 930 374 297 753 548 336 279 323 0
EOF