NAME : tsp_problem
TYPE : TSP
DIMENSION : 34
EDGE_WEIGHT_TYPE : EXPLICIT
EDGE_WEIGHT_FORMAT : FULL_MATRIX
EDGE_WEIGHT_SECTION
0 719 315 508 860 794 365 768 224 312 768 992 324 799 664 519 552 503 578 1020 609 426 805 397 917 794 744 77 890 734 917 346 927 37
719 0 443 460 1087 830 819 323 714 811 805 428 778 1025 701 1018 503 1002 1077 491 165 377 841 896 903 830 971 682 1389 771 1144 845 964 709
315 443 0 233 775 518 460 492 318 406 493 716 419 714 389 613 277 598 673 745 334 150 530 492 641 518 659 278 985 459 832 441 652 305
508 460 233 0 876 620 484 509 379 483 594 733 443 815 490 723 293 674 782 761 350 167 631 569 692 620 760 472 1094 561 933 517 753 498
860 1087 775 876 0 435 908 1136 710 746 409 1360 867 235 415 582 888 866 487 1388 977 794 446 825 816 367 316 824 829 376 489 759 568 850
794 830 518 620 435 0 912 879 713 749 78 1103 871 374 158 585 631 870 490 1132 721 537 115 828 560 179 319 757 832 79 334 762 154 784
365 819 460 484 908 912 0 868 223 327 886 1092 215 847 810 567 652 410 627 1121 709 526 923 413 1052 912 792 328 939 852 965 362 1045 355
768 323 492 509 1136 879 868 0 763 860 854 500 827 1075 750 1067 552 1051 1126 504 185 426 891 946 952 879 1020 731 1438 820 1193 894 1013 758
224 714 318 379 710 713 223 763 0 114 688 987 182 649 668 369 547 306 428 1015 604 421 725 200 921 714 594 187 740 654 767 149 847 214
312 811 406 483 746 749 327 860 114 0 723 1084 286 684 729 315 644 215 374 1112 701 518 760 110 1009 749 630 275 686 690 803 58 883 302
768 805 493 594 409 78 886 854 688 723 0 1078 845 348 133 559 606 844 464 1106 695 512 89 803 534 153 294 732 806 53 391 736 211 758
992 428 716 733 1360 1103 1092 500 987 1084 1078 0 1051 1298 974 1291 776 1275 1350 92 434 650 1114 1169 1176 1103 1244 955 1662 1044 1417 1118 1237 982
324 778 419 443 867 871 215 827 182 286 845 1051 0 806 769 526 611 477 586 1080 668 485 882 372 1011 871 751 287 898 811 924 321 1004 314
799 1025 714 815 235 374 847 1075 649 684 348 1298 806 0 354 520 827 805 425 1327 916 732 385 764 755 374 254 762 767 314 427 697 507 789
664 701 389 490 415 158 810 750 668 729 133 974 769 354 0 565 502 850 470 1003 591 408 170 808 431 159 299 628 812 99 472 742 292 655
519 1018 613 723 582 585 567 1067 369 315 559 1291 526 520 565 0 851 383 135 1319 908 725 596 342 966 585 465 482 447 526 592 275 718 509
552 503 277 293 888 631 652 552 547 644 606 776 611 827 502 851 0 835 911 805 394 163 643 730 523 631 772 516 1223 572 843 679 765 542
503 1002 598 674 866 870 410 1051 306 215 844 1275 477 805 850 383 835 0 443 1304 892 709 881 242 1200 870 750 466 755 810 900 176 1003 493
578 1077 673 782 487 490 627 1126 428 374 464 1350 586 425 470 135 911 443 0 1379 968 784 501 402 872 490 371 542 382 431 528 335 624 569
1020 491 745 761 1388 1132 1121 504 1015 1112 1106 92 1080 1327 1003 1319 805 1304 1379 0 438 679 1143 1198 1205 1132 1273 984 1691 1073 1445 1147 1265 1011
609 165 334 350 977 721 709 185 604 701 695 434 668 916 591 908 394 892 968 438 0 267 732 787 793 721 861 572 1280 661 1034 736 854 599
426 377 150 167 794 537 526 426 421 518 512 650 485 732 408 725 163 709 784 679 267 0 548 603 563 537 678 389 1096 478 851 552 671 416
805 841 530 631 446 115 923 891 725 760 89 1114 882 385 170 596 643 881 501 1143 732 548 0 840 571 190 330 768 843 90 428 773 248 795
397 896 492 569 825 828 413 946 200 110 803 1169 372 764 808 342 730 242 402 1198 787 603 840 0 1095 829 709 361 713 769 859 85 962 388
917 903 641 692 816 560 1052 952 921 1009 534 1176 1011 755 431 966 523 1200 872 1205 793 563 571 1095 0 560 701 880 1213 501 756 1043 693 907
794 830 518 620 367 179 912 879 714 749 153 1103 871 374 159 585 631 870 490 1132 721 537 190 829 560 0 319 757 832 119 492 762 312 784
744 971 659 760 316 319 792 1020 594 630 294 1244 751 254 299 465 772 750 371 1273 861 678 330 709 701 319 0 707 712 260 230 642 453 734
77 682 278 472 824 757 328 731 187 275 732 955 287 762 628 482 516 466 542 984 572 389 768 361 880 757 707 0 854 698 880 310 891 67
890 1389 985 1094 829 832 939 1438 740 686 806 1662 898 767 812 447 1223 755 382 1691 1280 1096 843 713 1213 832 712 854 0 773 575 647 965 881
734 771 459 561 376 79 852 820 654 690 53 1044 811 314 99 526 572 810 431 1073 661 478 90 769 501 119 260 698 773 0 392 703 212 725
917 1144 832 933 489 334 965 1193 767 803 391 1417 924 427 472 592 843 900 528 1445 1034 851 428 859 756 492 230 880 575 392 0 793 419 907
346 845 441 517 759 762 362 894 149 58 736 1118 321 697 742 275 679 176 335 1147 736 552 773 85 1043 762 642 310 647 703 793 0 895 336
927 964 652 753 568 154 1045 1013 847 883 211 1237 1004 507 292 718 765 1003 624 1265 854 671 248 962 693 312 453 891 965 212 419 895 0 917
37 709 305 498 850 784 355 758 214 302 758 982 314 789 655 509 542 493 569 1011 599 416 795 388 907 784 734 67 881 725 907 336 917 0
EOF