NAME : tsp_problem
TYPE : TSP
DIMENSION : 84
EDGE_WEIGHT_TYPE : EXPLICIT
EDGE_WEIGHT_FORMAT : FULL_MATRIX
EDGE_WEIGHT_SECTION
0 122 732 396 184 173 685 679 991 255 340 3083 572 3096 1449 117 772 590 380 534 471 34 717 3082 242 336 791 790 819 573 688 336 703 542 748 334 317 644 539 302 127 421 112 648 555 242 574 266 720 590 639 692 720 808 408 245 651 728 699 558 311 218 783 2842 554 563 171 218 760 237 362 220 330 192 938 1672 160 109 194 605 747 602 237 256
122 0 632 417 269 278 719 579 1095 215 444 3044 472 3056 1554 221 672 550 401 638 432 126 617 3042 142 441 896 824 923 473 587 440 603 441 852 294 278 679 499 406 232 526 216 548 455 263 679 166 824 551 600 796 620 913 513 145 611 762 599 662 211 118 683 2803 659 524 275 118 660 197 466 120 291 92 1043 1776 216 213 298 505 851 502 137 277
732 632 0 1027 879 888 423 383 1297 666 982 3399 307 3411 1756 831 269 595 1011 705 595 736 145 3398 636 1051 1098 358 1125 412 316 686 200 381 1054 593 648 423 543 1016 842 728 826 229 198 873 881 569 1026 397 763 998 349 1115 799 524 335 412 197 627 521 656 211 3158 726 687 865 612 131 795 873 658 661 630 1244 1978 826 823 908 238 1053 171 631 887
396 417 1027 0 317 509 1021 975 1281 408 590 3237 867 3249 1740 460 1067 743 206 824 624 382 1012 3235 537 133 1082 1115 1109 868 983 672 998 837 1038 487 471 980 692 168 355 712 491 943 850 212 865 561 1010 743 793 982 1016 1099 659 541 804 1053 994 848 607 513 980 2996 844 716 506 513 1056 390 612 515 484 487 1228 1962 264 444 529 900 1037 898 532 156
184 269 879 317 0 339 851 826 1157 260 473 3088 719 3101 1615 283 919 595 301 700 476 170 864 3087 389 429 957 956 985 720 835 502 850 689 914 339 323 810 544 435 261 587 278 795 702 164 740 413 886 595 644 858 867 974 542 392 656 894 846 723 458 365 832 2847 720 568 337 365 907 242 495 367 335 339 1104 1838 81 275 360 752 913 749 384 177
173 278 888 509 339 0 647 766 953 411 399 3239 690 3251 1412 183 858 746 536 496 627 190 873 3238 397 396 753 752 781 729 774 298 789 697 710 490 473 606 694 361 187 384 221 734 711 398 536 422 682 746 795 654 806 770 455 401 807 690 785 520 467 374 939 2998 516 719 133 374 846 393 421 375 486 348 900 1634 315 102 49 761 709 758 393 412
685 719 423 1021 851 647 0 346 980 753 665 3487 271 3500 1439 695 439 883 1047 310 764 702 438 3486 723 907 781 130 809 500 354 391 370 469 738 680 735 84 832 873 698 364 733 315 482 910 564 657 710 796 933 681 387 798 483 612 734 68 366 231 608 743 610 3246 330 856 570 700 406 882 556 745 748 718 928 1662 827 614 667 532 736 529 719 923
679 579 383 975 826 766 346 0 1120 613 805 3347 131 3360 1579 779 299 743 958 631 625 684 398 3346 583 998 921 451 948 360 214 509 230 329 877 540 595 306 692 964 789 551 774 175 342 821 704 517 850 744 793 821 247 938 622 472 694 389 226 552 468 603 570 3106 652 716 689 560 287 742 696 605 608 578 1068 1802 773 732 786 392 876 389 579 834
991 1095 1297 1281 1157 953 980 1120 0 1228 907 4056 1045 4069 1521 1000 1213 1563 1353 765 1444 1007 1311 4055 1215 1168 410 1056 192 1274 1128 696 1144 1242 465 1307 1290 961 1512 1133 959 653 1038 1089 1256 1215 459 1239 437 1563 1612 344 1161 215 724 1218 1608 994 1140 789 1284 1191 1483 3815 786 1536 876 1191 1201 1210 798 1193 1303 1165 78 1743 1133 920 973 1306 280 1303 1210 1229
255 215 666 408 260 411 753 613 1228 0 577 2852 506 2864 1687 354 706 359 392 771 240 259 651 2851 335 519 1029 858 1056 507 621 573 637 475 985 103 86 713 307 539 365 659 349 582 489 255 812 359 957 359 408 929 654 1046 646 332 420 796 633 795 329 311 596 2611 792 332 408 311 694 153 599 313 99 285 1176 1909 207 346 431 539 984 536 331 268
340 444 982 590 473 399 665 805 907 577 0 3406 729 3418 1366 350 897 912 670 450 794 353 996 3404 564 477 708 741 735 896 813 381 828 864 664 656 640 646 861 443 268 338 388 773 877 532 491 588 636 913 962 608 846 725 285 568 974 679 825 474 634 540 1105 3165 471 886 397 541 886 559 238 542 653 515 855 1588 449 335 419 928 663 925 560 546
3104 3064 3430 3257 3109 3259 3519 3379 4077 2872 3426 0 3271 101 3436 3203 3471 3060 3241 3620 2941 3108 3416 87 3184 3368 3877 3623 3905 3272 3387 3422 3402 3241 3834 2921 2906 3478 3008 3388 3213 3507 3198 3347 3254 3103 3660 3142 3806 3060 3109 3778 3419 3894 3494 3097 3121 3561 3398 3644 3094 3160 3297 293 3640 3033 3257 3160 3459 3001 3448 3162 2919 3134 4024 3975 3056 3195 3280 3304 3833 3302 3179 3117
572 472 307 867 719 690 271 131 1045 506 729 3240 0 3252 1503 671 223 636 851 555 517 576 322 3239 476 891 845 375 873 253 139 433 154 221 802 433 488 230 585 857 682 475 667 99 234 714 628 410 774 636 685 746 172 862 547 364 587 313 150 477 361 496 463 2999 576 609 613 452 212 635 620 498 501 470 992 1726 666 657 710 285 801 282 471 727
3116 3076 3442 3269 3121 3272 3531 3391 4089 2885 3438 101 3284 0 3448 3215 3483 3072 3253 3632 2953 3120 3428 99 3196 3380 3890 3635 3917 3284 3399 3434 3414 3253 3846 2933 2918 3490 3021 3400 3226 3520 3210 3359 3266 3115 3673 3155 3818 3072 3121 3790 3432 3907 3507 3109 3133 3574 3410 3656 3106 3172 3309 305 3652 3045 3269 3172 3472 3014 3460 3174 2931 3146 4036 3988 3068 3207 3292 3317 3845 3314 3191 3129
1449 1554 1756 1740 1615 1412 1439 1579 1521 1687 1366 3362 1503 3374 0 1459 1672 2022 1812 1224 1903 1466 1770 3361 1674 1627 1321 1515 1349 1733 1587 1155 1602 1701 1278 1766 1749 1420 1970 1592 1417 1112 1497 1548 1715 1674 1104 1698 1250 2022 2071 1222 1620 1338 1183 1677 2067 1453 1599 1248 1743 1650 1942 3121 1245 1995 1335 1650 1660 1669 1257 1652 1762 1624 1468 840 1592 1378 1432 1765 1277 1762 1669 1688
117 221 831 460 283 183 695 779 1000 354 350 3183 671 3195 1459 0 871 689 479 544 570 133 816 3181 341 346 801 799 829 672 787 346 802 641 758 433 417 654 638 312 137 431 164 747 654 342 584 365 730 689 738 702 819 818 418 345 750 738 798 567 411 317 882 2941 564 662 181 317 859 336 372 319 429 291 948 1682 259 119 203 704 757 701 336 355
772 672 269 1067 919 858 439 299 1213 706 897 3440 223 3452 1672 871 0 836 1051 723 717 776 284 3438 676 1091 1013 479 1041 452 232 601 116 421 970 633 688 398 784 1056 882 643 866 145 434 913 796 609 942 642 885 914 265 1030 715 564 581 481 113 645 561 696 456 3199 744 809 781 652 174 835 789 698 701 670 1160 1894 866 825 878 483 969 416 671 927
590 550 595 743 595 746 883 743 1563 359 912 3028 636 3041 2022 689 836 0 727 1106 224 594 580 3027 573 854 1364 928 1391 637 751 908 767 605 1320 286 341 843 75 874 700 994 684 712 619 589 1147 507 1292 224 392 1264 784 1381 981 462 285 926 763 1089 459 594 461 2787 1126 316 743 550 701 488 934 595 354 568 1510 2244 542 681 766 669 1319 606 569 603
380 401 1011 206 301 536 1047 958 1353 392 670 3220 851 3233 1812 479 1051 727 0 896 608 366 996 3219 521 317 1154 1152 1181 852 966 698 982 820 1110 471 454 1007 676 352 457 784 474 927 834 196 937 545 1082 727 776 1054 999 1171 738 524 788 1090 978 920 590 497 964 2979 917 700 533 497 1039 374 691 499 467 471 1301 2034 248 471 556 884 1109 881 516 140
534 638 705 824 700 496 310 631 765 771 450 3600 555 3612 1224 544 723 1106 896 0 987 550 720 3598 758 711 566 386 594 785 639 239 654 753 523 850 834 368 1055 676 502 149 581 599 766 759 349 782 495 1078 1155 466 672 583 268 762 1017 324 651 119 828 734 892 3358 37 1079 419 734 688 753 341 736 846 708 713 1447 676 463 516 817 521 814 753 772
471 432 595 624 476 627 764 625 1444 240 794 2910 517 2922 1903 570 717 224 608 987 0 475 580 2908 455 736 1245 869 1272 518 633 790 648 487 1201 167 222 724 173 756 581 875 565 593 500 471 1028 388 1173 224 187 1145 665 1262 862 343 285 807 644 970 340 475 461 2668 1008 111 624 431 701 369 815 477 235 449 1392 2126 423 562 647 550 1200 547 450 484
34 126 736 382 170 190 702 684 1007 259 353 3088 576 3100 1466 133 776 594 366 550 475 0 721 3086 246 350 808 806 836 577 692 353 707 546 764 338 322 661 543 315 141 438 129 652 559 229 591 270 737 594 643 708 724 825 422 250 655 744 703 574 316 222 787 2846 571 567 188 222 764 241 375 224 334 196 955 1689 146 125 210 609 763 607 241 242
717 617 145 1012 864 873 438 398 1311 651 996 3384 322 3397 1770 816 284 580 996 720 580 721 0 3383 621 1036 1112 373 1140 398 331 700 215 366 1069 578 633 437 529 1002 827 742 812 243 184 859 895 555 1041 382 748 1013 364 1129 814 509 321 427 211 641 506 641 196 3143 741 672 870 597 146 780 887 643 646 615 1259 1993 811 808 893 223 1068 156 617 872
3102 3063 3429 3256 3107 3258 3517 3377 4075 2871 3425 87 3270 99 3434 3201 3470 3058 3239 3618 2939 3106 3414 0 3182 3367 3876 3622 3903 3271 3385 3421 3401 3239 3832 2920 2904 3476 3007 3387 3212 3506 3197 3346 3252 3102 3659 3141 3804 3058 3107 3776 3418 3893 3493 3096 3119 3560 3397 3642 3092 3159 3295 291 3639 3031 3255 3159 3458 3000 3447 3160 2917 3133 4023 3974 3054 3193 3278 3303 3831 3300 3178 3115
242 142 636 537 389 397 723 583 1215 335 564 3164 476 3176 1674 341 676 573 521 758 455 246 621 3162 0 561 1015 828 1043 477 591 560 607 445 972 371 398 683 522 526 351 645 336 552 459 383 798 170 944 574 623 916 624 1032 632 149 635 766 603 782 215 166 687 2922 778 547 395 122 664 317 586 167 410 140 1162 1896 336 333 418 509 971 506 141 397
336 441 1051 133 429 396 907 998 1168 519 477 3348 891 3360 1627 346 1091 854 317 711 736 350 1036 3346 561 0 968 1001 996 892 1006 558 1022 860 925 598 582 867 803 54 242 598 384 967 874 323 751 585 897 855 904 869 1039 985 545 564 916 940 1018 735 630 537 1091 3107 731 828 393 537 1079 501 499 539 595 511 1115 1849 376 331 416 924 924 921 556 267
791 896 1098 1082 957 753 781 921 410 1029 708 3857 845 3869 1321 801 1013 1364 1154 566 1245 808 1112 3856 1015 968 0 857 456 1075 929 497 944 1043 384 1108 1091 762 1312 934 759 454 839 889 1056 1016 259 1040 356 1364 1413 126 962 208 525 1019 1409 795 941 590 1085 992 1284 3616 587 1337 677 992 1002 1010 599 993 1104 966 465 1544 933 720 774 1107 384 1104 1011 1030
790 824 358 1115 956 752 130 451 1056 858 741 3592 375 3604 1515 799 479 928 1152 386 869 806 373 3591 828 1001 857 0 884 605 459 495 410 573 813 785 840 188 877 967 792 440 837 419 532 1015 640 761 785 731 1037 757 492 874 558 716 669 92 407 307 713 848 545 3351 406 961 675 804 341 987 632 850 853 822 1004 1738 932 719 772 572 812 505 823 1028
819 923 1125 1109 985 781 809 948 192 1056 735 3885 873 3897 1349 829 1041 1391 1181 594 1272 836 1140 3883 1043 996 456 884 0 1102 957 524 972 1071 293 1135 1119 789 1340 962 787 481 867 917 1084 1044 287 1067 265 1391 1440 357 989 384 553 1047 1436 822 968 617 1113 1019 1312 3643 614 1364 704 1019 1029 1038 626 1021 1132 993 140 1571 961 748 801 1134 108 1131 1038 1057
573 473 412 868 720 729 500 360 1274 507 896 3241 253 3253 1733 672 452 637 852 785 518 577 398 3240 477 892 1075 605 1102 0 368 663 383 153 1031 434 489 459 586 858 683 705 667 328 235 715 858 410 1003 637 686 975 401 1092 776 365 588 543 380 706 362 497 464 3000 805 610 726 453 441 636 850 499 502 471 1222 1955 667 664 749 286 1030 283 472 728
688 587 316 983 835 774 354 214 1128 621 813 3356 139 3368 1587 787 232 751 966 639 633 692 331 3354 591 1006 929 459 957 368 0 517 163 337 886 549 604 314 700 972 797 559 782 108 350 829 712 525 858 689 801 830 82 946 631 480 627 397 159 560 477 612 503 3114 660 725 697 568 220 751 704 613 616 586 1076 1810 781 741 794 400 885 397 587 843
336 440 686 672 502 298 391 509 696 573 381 3402 433 3414 1155 346 601 908 698 239 790 353 700 3400 560 558 497 495 524 663 517 0 532 631 453 652 636 350 857 524 349 127 384 477 644 561 280 584 425 909 958 397 550 514 198 564 969 433 529 263 630 536 872 3161 260 881 221 536 590 555 272 538 649 510 644 1378 478 265 318 695 452 692 555 574
703 603 200 998 850 789 370 230 1144 637 828 3371 154 3383 1602 802 116 767 982 654 648 707 215 3369 607 1022 944 410 972 383 163 532 0 352 901 564 619 329 715 987 813 574 797 76 365 844 727 540 873 573 816 845 196 961 646 495 511 412 43 576 492 627 387 3130 675 740 712 583 105 766 719 629 632 601 1091 1825 797 756 809 414 900 347 602 858
542 441 381 837 689 697 469 329 1242 475 864 3210 221 3222 1701 641 421 605 820 753 487 546 366 3208 445 860 1043 573 1071 153 337 631 352 0 1000 403 458 428 554 826 651 673 636 297 204 683 826 379 972 606 655 944 369 1060 745 334 557 511 348 674 331 466 432 2968 774 579 695 422 409 605 818 467 470 440 1190 1924 635 633 718 254 999 251 441 697
748 852 1054 1038 914 710 738 877 465 985 664 3814 802 3826 1278 758 970 1320 1110 523 1201 764 1069 3812 972 925 384 813 293 1031 886 453 901 1000 0 1064 1048 718 1269 890 716 410 796 846 1013 973 215 996 75 1320 1369 285 918 401 482 976 1365 751 897 546 1042 948 1241 3572 543 1293 633 948 958 967 555 950 1061 922 412 1500 890 677 730 1063 221 1060 967 986
334 294 593 487 339 490 680 540 1307 103 656 2890 433 2902 1766 433 633 286 471 850 167 338 578 2889 371 598 1108 785 1135 434 549 652 564 403 1064 0 85 640 235 618 444 738 428 509 416 334 891 304 1036 286 335 1008 581 1125 725 259 347 723 560 874 256 390 523 2649 871 259 487 347 621 232 678 392 98 365 1255 1988 286 425 510 466 1063 463 366 347
317 278 648 471 323 473 735 595 1290 86 640 2886 488 2898 1749 417 688 341 454 834 222 322 633 2884 398 582 1091 840 1119 489 604 636 619 458 1048 85 0 695 289 602 427 721 412 564 471 317 874 359 1020 341 390 992 636 1108 708 314 402 778 615 857 311 374 578 2644 854 314 471 374 676 215 662 376 50 348 1238 1972 269 409 493 521 1047 518 393 331
644 679 423 980 810 606 84 306 961 713 646 3447 230 3459 1420 654 398 843 1007 368 724 661 437 3445 683 867 762 188 789 459 314 350 329 428 718 640 695 0 791 832 658 392 692 274 441 869 545 616 690 795 892 662 346 779 463 571 734 126 325 290 568 703 609 3206 389 816 530 659 386 842 537 705 708 677 909 1643 786 573 627 491 717 489 678 883
539 499 543 692 544 694 832 692 1512 307 861 2977 585 2989 1970 638 784 75 676 1055 173 543 529 2976 522 803 1312 877 1340 586 700 857 715 554 1269 235 289 791 0 823 648 942 633 660 567 538 1095 456 1241 173 341 1213 733 1329 929 411 234 875 712 1038 407 542 410 2736 1075 265 692 498 650 436 883 544 302 516 1459 2193 491 630 715 618 1268 554 518 552
302 406 1016 168 435 361 873 964 1133 539 443 3368 857 3380 1592 312 1056 874 352 676 756 315 1002 3366 526 54 934 967 962 858 972 524 987 826 890 618 602 832 823 0 207 564 350 932 839 358 717 550 863 875 924 834 1005 951 511 530 936 905 984 700 596 502 1067 3127 697 848 359 503 1045 521 465 504 615 477 1081 1815 411 297 381 890 889 887 522 302
127 232 842 355 261 187 698 789 959 365 268 3193 682 3205 1417 137 882 700 457 502 581 141 827 3192 351 242 759 792 787 683 797 349 813 651 716 444 427 658 648 207 0 389 175 758 665 320 542 376 688 700 749 660 830 776 336 355 761 731 809 525 421 328 893 2952 522 673 184 328 870 347 290 329 440 302 906 1640 237 122 207 715 715 712 347 333
421 526 728 712 587 384 364 551 653 659 338 3487 475 3499 1112 431 643 994 784 149 875 438 742 3486 645 598 454 440 481 705 559 127 574 673 410 738 721 392 942 564 389 0 469 519 686 646 237 670 382 994 1043 354 592 471 155 649 1039 378 571 173 715 622 914 3246 169 967 307 622 632 641 229 624 734 596 601 1334 564 350 404 737 409 734 641 660
112 216 826 491 278 221 733 774 1038 349 388 3178 667 3190 1497 164 866 684 474 581 565 129 812 3176 336 384 839 837 867 667 782 384 797 636 796 428 412 692 633 350 175 469 0 742 649 337 622 360 768 685 734 739 815 856 456 340 745 775 793 605 406 312 877 2937 602 657 219 312 855 331 410 314 425 286 986 1720 254 157 241 700 795 697 331 350
648 548 229 943 795 734 315 175 1089 582 773 3316 99 3328 1548 747 145 712 927 599 593 652 243 3314 552 967 889 419 917 328 108 477 76 297 846 509 564 274 660 932 758 519 742 0 310 789 672 485 818 601 761 790 141 906 591 440 540 357 72 521 437 572 415 3075 620 685 657 528 133 711 664 574 577 546 1036 1770 742 701 754 361 845 358 547 803
555 455 198 850 702 711 482 342 1256 489 877 3223 234 3235 1715 654 434 619 834 766 500 559 184 3221 459 874 1056 532 1084 235 350 644 365 204 1013 416 471 441 567 839 665 686 649 310 0 696 839 392 985 435 668 957 383 1073 758 347 374 524 361 688 344 479 250 2982 787 592 708 435 305 618 831 481 484 453 1203 1937 649 646 731 72 1012 69 454 710
242 263 873 212 164 398 910 821 1215 255 532 3083 714 3095 1674 342 913 589 196 759 471 229 859 3082 383 323 1016 1015 1044 715 829 561 844 683 973 334 317 869 538 358 320 646 337 789 696 0 799 407 945 590 639 917 862 1033 600 387 651 953 841 782 453 359 827 2842 779 563 396 360 902 236 554 361 330 334 1163 1897 111 334 418 747 972 744 379 72
574 679 881 865 740 536 564 704 459 812 491 3640 628 3652 1104 584 796 1147 937 349 1028 591 895 3639 798 751 259 640 287 858 712 280 727 826 215 891 874 545 1095 717 542 237 622 672 839 799 0 823 187 1147 1196 159 745 276 308 802 1192 578 724 373 868 775 1067 3399 370 1120 460 775 785 793 382 776 887 749 407 1327 716 503 557 890 215 887 794 813
266 166 569 561 413 422 657 517 1239 359 588 3111 410 3123 1698 365 609 507 545 782 388 270 555 3110 170 585 1040 761 1067 410 525 584 540 379 996 304 359 616 456 550 376 670 360 485 392 407 823 0 968 507 556 940 558 1057 657 83 568 699 536 806 149 190 620 2870 803 480 419 146 598 341 610 192 372 164 1187 1920 360 357 442 443 995 440 165 421
720 824 1026 1010 886 682 710 850 437 957 636 3786 774 3798 1250 730 942 1292 1082 495 1173 737 1041 3784 944 897 356 785 265 1003 858 425 873 972 75 1036 1020 690 1241 863 688 382 768 818 985 945 187 968 0 1292 1341 257 890 373 454 948 1337 723 869 518 1014 920 1213 3545 515 1265 605 920 930 939 527 922 1033 894 384 1472 862 649 702 1035 193 1033 939 958
590 551 397 743 595 746 796 744 1563 359 913 3029 636 3041 2022 689 642 224 727 1078 224 594 382 3027 574 855 1364 731 1391 637 689 909 573 606 1320 286 341 795 173 875 700 994 685 601 435 590 1147 507 1292 0 392 1264 721 1381 981 462 148 785 569 999 459 594 263 2787 1099 316 743 550 503 488 934 596 354 568 1511 2245 542 681 766 475 1319 408 569 603
639 600 763 793 644 795 933 793 1612 408 962 3078 685 3090 2071 738 885 392 776 1155 187 643 748 3076 623 904 1413 1037 1440 686 801 958 816 655 1369 335 390 892 341 924 749 1043 734 761 668 639 1196 556 1341 392 0 1313 833 1430 1030 511 453 975 812 1138 508 643 629 2837 1176 103 792 599 869 537 984 645 403 617 1560 2294 591 730 815 718 1368 715 618 652
692 796 998 982 858 654 681 821 344 929 608 3758 746 3770 1222 702 914 1264 1054 466 1145 708 1013 3756 916 869 126 757 357 975 830 397 845 944 285 1008 992 662 1213 834 660 354 739 790 957 917 159 940 257 1264 1313 0 862 143 426 920 1309 695 841 490 986 892 1185 3516 487 1237 577 892 902 911 499 894 1004 866 399 1444 834 621 674 1007 285 1004 911 930
720 620 349 1016 867 806 387 247 1161 654 846 3388 172 3401 1620 819 265 784 999 672 665 724 364 3387 624 1039 962 492 989 401 82 550 196 369 918 581 636 346 733 1005 830 592 815 141 383 862 745 558 890 721 833 862 0 979 663 513 660 430 192 593 509 644 536 3147 692 757 730 600 253 783 737 646 649 618 1109 1843 814 773 827 433 917 430 620 875
808 913 1115 1099 974 770 798 938 215 1046 725 3874 862 3886 1338 818 1030 1381 1171 583 1262 825 1129 3873 1032 985 208 874 384 1092 946 514 961 1060 401 1125 1108 779 1329 951 776 471 856 906 1073 1033 276 1057 373 1381 1430 143 979 0 542 1036 1426 812 958 607 1102 1009 1301 3633 604 1354 694 1009 1019 1027 616 1010 1121 983 270 1561 950 737 791 1124 401 1121 1028 1047
408 513 799 659 542 455 483 622 724 646 285 3474 547 3486 1183 418 715 981 738 268 862 422 814 3473 632 545 525 558 553 776 631 198 646 745 482 725 708 463 929 511 336 155 456 591 758 600 308 657 454 981 1030 426 663 542 0 636 1042 496 642 291 702 609 986 3233 288 954 378 609 703 627 176 610 721 583 672 1406 518 403 475 808 481 805 628 614
245 145 524 541 392 401 612 472 1218 332 568 3066 364 3078 1677 345 564 462 524 762 343 250 509 3065 149 564 1019 716 1047 365 480 564 495 334 976 259 314 571 411 530 355 649 340 440 347 387 802 83 948 462 511 920 513 1036 636 0 523 654 491 785 104 169 575 2825 782 435 399 126 553 321 590 171 327 144 1166 1900 339 337 421 397 975 395 145 400
651 611 335 804 656 807 734 694 1608 420 974 3090 587 3102 2067 750 581 285 788 1017 285 655 321 3088 635 916 1409 669 1436 588 627 969 511 557 1365 347 402 734 234 936 761 1039 745 540 374 651 1192 568 1337 148 453 1309 660 1426 1042 523 0 723 508 938 520 655 202 2848 1037 377 804 611 442 549 995 657 415 629 1555 2289 603 742 827 414 1364 346 630 664
728 762 412 1053 894 690 68 389 994 796 679 3530 313 3542 1453 738 481 926 1090 324 807 744 427 3529 766 940 795 92 822 543 397 433 412 511 751 723 778 126 875 905 731 378 775 357 524 953 578 699 723 785 975 695 430 812 496 654 723 0 409 245 651 786 599 3289 344 899 613 742 395 925 570 788 791 760 942 1676 870 657 710 575 750 559 761 966
699 599 197 994 846 785 366 226 1140 633 825 3367 150 3379 1599 798 113 763 978 651 644 703 211 3366 603 1018 941 407 968 380 159 529 43 348 897 560 615 325 712 984 809 571 793 72 361 841 724 536 869 569 812 841 192 958 642 491 508 409 0 572 488 623 383 3126 671 736 708 579 101 762 716 625 628 597 1087 1821 793 752 805 410 896 343 598 854
558 662 627 848 723 520 231 552 789 795 474 3623 477 3636 1248 567 645 1089 920 119 970 574 641 3622 782 735 590 307 617 706 560 263 576 674 546 874 857 290 1038 700 525 173 605 521 688 782 373 806 518 999 1138 490 593 607 291 785 938 245 572 0 814 758 813 3382 139 1062 443 758 609 777 365 760 870 732 737 1471 700 486 540 738 545 735 777 796
311 211 521 607 458 467 608 468 1284 329 634 3063 361 3075 1743 411 561 459 590 828 340 316 506 3061 215 630 1085 713 1113 362 477 630 492 331 1042 256 311 568 407 596 421 715 406 437 344 453 868 149 1014 459 508 986 509 1102 702 104 520 651 488 814 0 235 572 2822 848 432 465 192 549 387 656 237 323 210 1232 1966 405 403 487 394 1041 391 211 466
218 118 656 513 365 374 743 603 1191 311 540 3140 496 3152 1650 317 696 594 497 734 475 222 641 3138 166 537 992 848 1019 497 612 536 627 466 948 390 374 703 542 502 328 622 312 572 479 359 775 190 920 594 643 892 644 1009 609 169 655 786 623 758 235 0 707 2899 755 567 371 142 684 293 562 55 387 45 1139 1872 312 309 394 529 947 526 161 373
783 683 211 980 832 939 610 570 1483 596 1105 3265 463 3278 1942 882 456 461 964 892 461 787 196 3264 687 1091 1284 545 1312 464 503 872 387 432 1241 523 578 609 410 1067 893 914 877 415 250 827 1067 620 1213 263 629 1185 536 1301 986 575 202 599 383 813 572 707 0 3024 913 553 936 663 318 725 1059 709 591 681 1431 2165 779 874 959 289 1240 222 682 840
2862 2823 3189 3016 2867 3018 3277 3137 3835 2631 3185 293 3030 305 3195 2962 3230 2818 2999 3379 2700 2867 3174 291 2943 3127 3636 3382 3664 3031 3146 3181 3161 3000 3593 2680 2665 3237 2767 3147 2972 3266 2957 3106 3013 2862 3419 2901 3565 2819 2868 3537 3178 3653 3253 2856 2879 3320 3157 3402 2853 2919 3055 0 3399 2792 3016 2919 3218 2760 3207 2921 2677 2893 3783 3734 2814 2954 3038 3063 3592 3060 2938 2875
554 659 726 844 720 516 330 652 786 792 471 3620 576 3632 1245 564 744 1126 917 37 1008 571 741 3619 778 731 587 406 614 805 660 260 675 774 543 871 854 389 1075 697 522 169 602 620 787 779 370 803 515 1099 1176 487 692 604 288 782 1037 344 671 139 848 755 913 3379 0 1100 440 755 709 773 362 756 867 729 733 1467 696 483 536 837 542 835 774 793
563 524 687 716 568 719 856 716 1536 332 886 3002 609 3014 1995 662 809 316 700 1079 111 567 672 3000 547 828 1337 961 1364 610 725 881 740 579 1293 259 314 816 265 848 673 967 657 685 592 563 1120 480 1265 316 103 1237 757 1354 954 435 377 899 736 1062 432 567 553 2760 1100 0 716 523 793 461 907 569 327 541 1484 2218 515 654 739 642 1292 639 542 576
171 275 865 506 337 133 570 689 876 408 397 3237 613 3249 1335 181 781 743 533 419 624 188 870 3235 395 393 677 675 704 726 697 221 712 695 633 487 471 530 692 359 184 307 219 657 708 396 460 419 605 743 792 577 730 694 378 399 804 613 708 443 465 371 936 2995 440 716 0 371 770 390 419 373 484 345 824 1557 313 100 153 758 632 756 390 409
218 118 612 513 365 374 700 560 1191 311 541 3140 452 3152 1650 317 652 550 497 734 431 222 597 3138 122 537 992 804 1019 453 568 536 583 422 948 347 374 659 498 503 328 622 312 528 435 360 775 146 920 550 599 892 600 1009 609 126 611 742 579 758 192 142 663 2899 755 523 371 0 640 293 562 144 387 116 1139 1872 312 309 394 485 947 483 38 373
760 660 131 1056 907 846 406 287 1201 694 886 3428 212 3441 1660 859 174 701 1039 688 701 764 146 3427 664 1079 1002 341 1029 441 220 590 105 409 958 621 676 386 650 1045 870 632 855 133 305 902 785 598 930 503 869 902 253 1019 703 553 442 395 101 609 549 684 318 3187 709 793 770 640 0 823 777 686 689 658 1149 1883 854 813 867 345 957 277 660 915
237 197 795 390 242 393 882 742 1210 153 559 2981 635 2993 1669 336 835 488 374 753 369 241 780 2980 317 501 1010 987 1038 636 751 555 766 605 967 232 215 842 436 521 347 641 331 711 618 236 793 341 939 488 537 911 783 1027 627 321 549 925 762 777 387 293 725 2740 773 461 390 293 823 0 581 295 228 267 1157 1891 189 328 413 668 966 665 312 250
362 466 873 612 495 421 556 696 798 599 238 3428 620 3440 1257 372 789 934 691 341 815 375 887 3426 586 499 599 632 626 850 704 272 719 818 555 678 662 537 883 465 290 229 410 664 831 554 382 610 527 934 984 499 737 616 176 590 995 570 716 365 656 562 1059 3187 362 907 419 562 777 581 0 564 675 536 746 1480 471 357 441 882 554 879 581 568
220 120 658 515 367 375 745 605 1193 313 542 3142 498 3154 1652 319 698 595 499 736 477 224 643 3140 167 539 993 850 1021 499 613 538 629 467 950 392 376 705 544 504 329 624 314 574 481 361 776 192 922 596 645 894 646 1010 610 171 657 788 625 760 237 55 709 2900 756 569 373 144 686 295 564 0 388 47 1140 1874 314 311 396 531 949 528 163 375
330 291 661 484 335 486 748 608 1303 99 653 2898 501 2911 1762 429 701 354 467 846 235 334 646 2897 410 595 1104 853 1132 502 616 649 632 470 1061 98 50 708 302 615 440 734 425 577 484 330 887 372 1033 354 403 1004 649 1121 721 327 415 791 628 870 323 387 591 2657 867 327 484 387 689 228 675 388 0 361 1251 1985 282 422 506 534 1059 531 406 343
192 92 630 487 339 348 718 578 1165 285 515 3114 470 3126 1624 291 670 568 471 708 449 196 615 3113 140 511 966 822 993 471 586 510 601 440 922 365 348 677 516 477 302 596 286 546 453 334 749 164 894 568 617 866 618 983 583 144 629 760 597 732 210 45 681 2873 729 541 345 116 658 267 536 47 361 0 1113 1847 286 283 368 503 921 501 135 347
938 1043 1244 1228 1104 900 928 1068 78 1176 855 4004 992 4016 1468 948 1160 1510 1301 713 1392 955 1259 4003 1162 1115 465 1004 140 1222 1076 644 1091 1190 412 1255 1238 909 1459 1081 906 601 986 1036 1203 1163 407 1187 384 1511 1560 399 1109 270 672 1166 1555 942 1087 737 1232 1139 1431 3763 733 1484 824 1139 1149 1157 746 1140 1251 1113 0 1691 1080 867 920 1254 227 1251 1158 1177
1672 1776 1978 1962 1838 1634 1662 1802 1743 1909 1588 3902 1726 3914 840 1682 1894 2244 2034 1447 2126 1689 1993 3900 1896 1849 1544 1738 1571 1955 1810 1378 1825 1924 1500 1988 1972 1643 2193 1815 1640 1334 1720 1770 1937 1897 1327 1920 1472 2245 2294 1444 1843 1561 1406 1900 2289 1676 1821 1471 1966 1872 2165 3660 1467 2218 1557 1872 1883 1891 1480 1874 1985 1847 1691 0 1814 1601 1654 1988 1499 1985 1892 1910
160 216 826 264 81 315 827 773 1133 207 449 3035 666 3048 1592 259 866 542 248 676 423 146 811 3034 336 376 933 932 961 667 781 478 797 635 890 286 269 786 491 411 237 564 254 742 649 111 716 360 862 542 591 834 814 950 518 339 603 870 793 700 405 312 779 2794 696 515 313 312 854 189 471 314 282 286 1080 1814 0 251 336 699 889 696 331 124
109 213 823 444 275 102 614 732 920 346 335 3175 657 3187 1378 119 825 681 471 463 562 125 808 3173 333 331 720 719 748 664 741 265 756 633 677 425 409 573 630 297 122 350 157 701 646 334 503 357 649 681 730 621 773 737 403 337 742 657 752 486 403 309 874 2933 483 654 100 309 813 328 357 311 422 283 867 1601 251 0 122 696 676 694 328 347
194 298 908 529 360 49 667 786 973 431 419 3259 710 3272 1432 203 878 766 556 516 647 210 893 3258 418 416 774 772 801 749 794 318 809 718 730 510 493 627 715 381 207 404 241 754 731 418 557 442 702 766 815 674 827 791 475 421 827 710 805 540 487 394 959 3018 536 739 153 394 867 413 441 396 506 368 920 1654 336 122 0 781 729 778 413 432
605 505 238 900 752 761 532 392 1306 539 928 3273 285 3285 1765 704 483 669 884 817 550 609 223 3272 509 924 1107 572 1134 286 400 695 414 254 1063 466 521 491 618 890 715 737 700 361 72 747 890 443 1035 475 718 1007 433 1124 808 397 414 575 410 738 394 529 289 3032 837 642 758 485 345 668 882 531 534 503 1254 1988 699 696 781 0 1062 108 504 760
747 851 1053 1037 913 709 736 876 280 984 663 3813 801 3825 1277 757 969 1319 1109 521 1200 763 1068 3811 971 924 384 812 108 1030 885 452 900 999 221 1063 1047 717 1268 889 715 409 795 845 1012 972 215 995 193 1319 1368 285 917 401 481 975 1364 750 896 545 1041 947 1240 3571 542 1292 632 947 957 966 554 949 1059 921 227 1499 889 676 729 1062 0 1059 966 985
602 502 171 898 749 758 529 389 1303 536 925 3270 282 3283 1762 701 416 606 881 814 547 607 156 3269 506 921 1104 505 1131 283 397 692 347 251 1060 463 518 489 554 887 712 734 697 358 69 744 887 440 1033 408 715 1004 430 1121 805 395 346 559 343 735 391 526 222 3029 835 639 756 483 277 665 879 528 531 501 1251 1985 696 694 778 108 1059 0 502 757
237 137 631 532 384 393 719 579 1210 331 560 3159 471 3171 1669 336 671 569 516 753 450 241 617 3158 141 556 1011 823 1038 472 587 555 602 441 967 366 393 678 518 522 347 641 331 547 454 379 794 165 939 569 618 911 620 1028 628 145 630 761 598 777 211 161 682 2918 774 542 390 38 660 312 581 163 406 135 1158 1892 331 328 413 504 966 502 0 392
256 277 887 156 177 412 923 834 1229 268 546 3096 727 3109 1688 355 927 603 140 772 484 242 872 3095 397 267 1030 1028 1057 728 843 574 858 697 986 347 331 883 552 302 333 660 350 803 710 72 813 421 958 603 652 930 875 1047 614 400 664 966 854 796 466 373 840 2855 793 576 409 373 915 250 568 375 343 347 1177 1910 124 347 432 760 985 757 392 0
EOF