NAME : tsp_problem
TYPE : TSP
DIMENSION : 22
EDGE_WEIGHT_TYPE : EXPLICIT
EDGE_WEIGHT_FORMAT : FULL_MATRIX
EDGE_WEIGHT_SECTION
0 1401 634 627 773 640 1948 3038 688 1110 527 370 636 1361 683 806 424 1596 429 512 378 639
1401 0 1023 906 796 1000 1210 3830 853 333 1013 1104 997 388 962 829 1108 215 1108 998 1091 1048
634 1023 0 812 362 375 1570 3062 1017 732 245 750 371 983 868 395 340 1218 340 230 323 955
627 906 812 0 809 596 1452 3304 431 614 728 374 593 865 156 842 626 1100 630 714 579 243
773 796 362 809 0 372 1342 3202 824 504 384 748 369 755 866 88 480 990 480 370 463 952
640 1000 375 596 372 0 1547 3121 852 709 303 535 78 960 653 405 399 1195 399 289 382 739
1948 1210 1570 1452 1342 1547 0 3223 1400 919 1559 1651 1543 1170 1508 1375 1654 1405 1654 1545 1637 1595
3069 3850 3082 3335 3222 3141 3297 0 3592 3559 2976 3274 3137 3809 3392 3255 2924 4045 2929 2961 2877 3478
688 853 1017 431 824 852 1400 3560 0 562 985 500 849 812 487 857 882 1048 887 970 835 509
1110 333 732 614 504 709 919 3539 562 0 721 813 706 293 671 537 816 528 816 707 800 757
527 1013 245 728 384 303 1559 2955 985 721 0 667 300 972 785 417 233 1207 233 50 216 871
370 1104 750 374 748 535 1651 3243 500 813 667 0 531 1064 430 781 564 1299 569 652 518 451
636 997 371 593 369 78 1543 3117 849 706 300 531 0 956 649 402 395 1192 395 285 378 735
1361 388 983 865 755 960 1170 3789 812 293 972 1064 956 0 921 788 1067 484 1067 957 1050 1008
683 962 868 156 866 653 1508 3360 487 671 785 430 649 921 0 899 682 1157 687 770 635 299
806 829 395 842 88 405 1375 3235 857 537 417 781 402 788 899 0 512 1023 512 403 496 985
424 1108 340 626 480 399 1654 2904 882 816 233 564 395 1067 682 512 0 1302 47 219 73 768
1596 215 1218 1100 990 1195 1405 4025 1048 528 1207 1299 1192 484 1157 1023 1302 0 1302 1193 1286 1243
429 1108 340 630 480 399 1654 2909 887 816 233 569 395 1067 687 512 47 1302 0 219 78 773
512 998 230 714 370 289 1545 2941 970 707 50 652 285 957 770 403 219 1193 219 0 202 857
378 1091 323 579 463 382 1637 2857 835 800 216 518 378 1050 635 496 73 1286 78 202 0 722
639 1048 955 243 952 739 1595 3447 509 757 871 451 735 1008 299 985 768 1243 773 857 722 0
EOF