NAME : tsp_problem
TYPE : TSP
DIMENSION : 88
EDGE_WEIGHT_TYPE : EXPLICIT
EDGE_WEIGHT_FORMAT : FULL_MATRIX
EDGE_WEIGHT_SECTION
0 1373 608 685 420 626 652 405 510 554 1663 905 638 935 877 417 686 368 1132 378 346 1121 696 591 1158 729 543 557 735 661 603 1019 675 879 809 208 564 812 652 598 527 373 640 972 635 766 452 62 556 534 630 395 572 551 863 169 711 780 330 554 672 348 362 669 420 329 579 354 570 744 1116 445 676 774 504 798 668 1234 605 760 504 550 274 553 785 1053 94 581
1373 0 1352 1175 1196 1109 1395 1262 899 1297 1393 635 1381 880 767 1598 912 1116 390 1235 1139 494 1180 1335 269 1219 1287 1414 1225 1145 1346 428 1233 1105 785 1389 1002 635 1135 1341 1307 1107 981 427 1378 1256 1227 1343 1069 1089 778 1576 1315 1041 1347 1246 806 1263 1511 1297 1355 1279 1137 1159 1601 1105 1322 1535 1313 1228 489 1221 1160 1258 1685 773 1411 154 1228 735 1248 1294 1227 1296 1269 379 1308 1324
608 1352 0 936 495 386 213 798 760 115 1642 884 199 695 803 708 937 723 1111 771 739 1100 456 351 1137 980 104 950 986 421 52 998 236 639 627 452 815 790 412 57 919 714 400 951 196 1017 570 578 316 294 781 687 332 802 623 613 894 540 622 314 432 295 502 920 690 532 203 646 330 504 1095 564 436 534 795 862 229 1213 989 661 195 310 690 312 545 1032 543 341
685 1175 936 0 508 954 980 421 357 882 1465 707 966 792 679 910 448 396 934 476 418 923 1024 919 960 95 871 512 101 989 930 821 1003 976 657 701 412 614 980 926 292 387 853 774 963 242 540 655 884 862 478 888 900 241 1191 558 473 1108 824 882 1000 675 450 144 913 417 906 847 898 1072 918 533 1004 1102 997 561 996 1036 213 607 832 878 539 880 1113 856 620 909
420 1196 495 508 0 513 539 370 333 441 1486 728 524 813 700 549 509 295 955 343 311 944 583 478 981 552 430 522 558 548 489 842 562 766 632 292 387 635 539 484 492 286 527 795 522 590 143 391 443 421 453 527 459 374 750 293 534 667 462 441 559 234 75 492 552 104 465 486 457 631 939 136 563 661 636 622 555 1057 561 583 391 437 275 439 672 877 356 468
626 1109 386 954 513 0 429 815 660 331 1399 641 415 452 560 726 758 741 868 788 756 857 139 369 894 997 321 968 1003 179 380 755 267 375 384 469 763 548 169 375 937 731 157 708 412 1035 588 596 103 123 539 704 349 819 258 631 652 175 640 331 266 313 520 938 584 550 356 663 347 139 853 581 119 169 813 619 445 970 1007 418 281 328 708 330 181 790 561 358
652 1395 213 980 539 429 0 841 804 122 1685 927 35 738 846 752 980 767 1154 814 782 1143 499 395 1180 1023 132 994 1030 396 207 1041 191 682 670 496 859 833 386 203 963 757 443 994 44 1061 614 622 359 338 824 730 375 845 666 657 937 583 666 357 476 339 546 964 733 576 247 689 373 547 1138 607 479 577 839 905 47 1256 1033 704 238 354 734 356 589 1075 587 384
405 1262 798 421 370 815 841 0 399 744 1552 794 827 879 766 630 542 174 1021 83 151 1010 886 781 1047 465 733 181 471 851 792 908 865 1018 698 421 453 701 842 787 150 179 830 861 825 432 401 375 746 724 520 608 762 407 1053 278 568 969 543 743 862 537 311 297 633 279 768 567 760 934 1006 395 866 964 717 655 858 1123 229 649 694 740 259 742 975 943 340 771
510 899 760 357 333 660 804 399 0 706 1189 431 790 516 403 734 358 253 659 371 275 647 730 744 684 401 695 551 407 696 755 545 784 655 335 526 139 338 686 750 489 244 532 498 787 438 364 480 620 640 157 713 724 222 897 383 383 814 648 706 824 500 274 341 738 241 731 672 722 778 643 358 710 808 821 409 820 760 410 286 656 703 364 705 820 580 445 733
554 1297 115 882 441 331 122 744 706 0 1588 830 107 641 748 654 883 669 1057 716 685 1045 402 297 1082 926 50 896 932 349 110 943 145 585 573 398 761 736 340 105 865 660 345 897 105 963 516 524 261 240 727 632 277 747 569 559 840 485 568 259 378 241 448 866 635 478 149 591 275 450 1041 509 382 480 741 807 138 1158 935 606 140 256 636 258 491 978 489 286
1663 1393 1642 1465 1486 1399 1685 1552 1189 1588 0 853 1671 1170 1058 1888 1202 1407 1152 1525 1429 1141 1470 1625 1178 1509 1577 1705 1515 1435 1636 1039 1523 1395 1075 1679 1292 925 1426 1631 1598 1397 1271 992 1668 1547 1518 1633 1359 1379 1068 1866 1606 1331 1637 1536 1096 1553 1802 1587 1645 1569 1428 1449 1891 1395 1612 1825 1604 1518 1136 1511 1450 1548 1975 1064 1701 1254 1518 1026 1538 1584 1517 1586 1559 1073 1598 1615
905 635 884 707 728 641 927 794 431 830 853 0 913 412 300 1130 444 649 394 767 671 383 712 867 420 751 819 947 757 677 878 281 766 637 317 921 534 167 668 873 840 639 513 234 910 789 760 875 601 621 311 1108 848 573 879 778 338 795 1044 829 887 811 670 691 1133 637 854 1067 846 760 378 753 692 790 1217 306 943 496 760 268 780 826 759 828 801 316 840 857
638 1381 199 966 524 415 35 827 790 107 1671 913 0 724 831 738 966 752 1140 800 768 1129 485 381 1166 1009 118 980 1015 382 193 1027 177 668 656 481 844 819 372 188 949 743 429 980 30 1047 600 608 345 324 810 716 361 831 652 643 923 568 651 343 462 325 532 950 719 562 232 675 359 533 1124 593 465 563 825 891 51 1241 1018 689 224 340 720 342 574 1061 573 370
935 880 695 792 813 452 738 879 516 641 1170 412 724 0 149 1035 528 733 639 851 755 628 523 678 665 835 630 1031 841 488 689 526 576 304 401 779 619 318 478 684 924 724 324 479 721 873 844 905 412 432 395 1013 659 657 666 862 423 606 949 640 596 622 754 776 914 721 665 973 657 571 623 837 503 601 1122 390 754 741 844 352 591 637 844 639 482 560 870 668
877 767 803 679 700 560 846 766 403 748 1058 300 831 149 0 1102 416 620 527 739 643 515 630 786 552 723 738 918 729 596 797 413 684 412 289 886 506 206 586 792 811 611 432 367 829 761 732 847 520 540 282 1080 766 545 774 750 310 714 1015 748 704 730 641 663 1022 609 773 1039 764 679 511 725 610 709 1189 277 862 628 732 239 698 745 731 747 590 448 812 775
417 1598 708 910 549 726 752 630 734 654 1888 1130 738 1035 1102 0 911 593 1357 603 571 1346 796 691 1383 954 643 782 960 762 703 1244 775 980 967 309 789 1036 752 698 751 598 740 1197 735 991 624 387 656 635 855 350 672 775 959 422 936 880 105 654 690 448 556 894 375 554 679 84 670 845 1341 617 776 874 458 1023 768 1459 830 984 604 651 499 653 803 1278 352 681
686 912 937 448 509 758 980 542 358 883 1202 444 966 528 416 911 0 397 671 515 419 660 828 920 697 492 872 695 498 793 931 558 882 753 433 702 412 350 784 926 580 388 629 511 964 529 540 656 717 737 427 889 901 314 995 559 210 912 824 882 1001 676 450 432 914 418 907 848 899 876 655 534 808 906 998 297 997 773 501 384 833 879 540 881 917 592 621 910
368 1116 723 396 295 741 767 174 253 669 1407 649 752 733 620 593 397 0 876 146 50 864 811 706 901 440 658 326 446 776 717 762 790 872 553 385 308 555 767 712 295 52 749 715 750 477 327 339 671 649 374 571 687 261 978 241 422 894 507 668 787 462 237 380 597 204 693 530 685 859 860 320 791 889 680 509 783 977 374 503 619 665 223 667 900 797 303 696
1132 390 1111 934 955 868 1154 1021 659 1057 1152 394 1140 639 527 1357 671 876 0 994 898 253 939 1094 413 978 1046 1174 984 904 1105 273 993 864 544 1148 761 394 895 1100 1067 867 740 186 1137 1016 987 1103 828 848 538 1335 1075 800 1106 1005 565 1022 1271 1057 1114 1038 897 919 1360 864 1081 1294 1073 987 249 980 919 1017 1444 533 1170 251 987 495 1007 1053 986 1055 1028 308 1067 1084
378 1235 771 476 343 788 814 83 371 716 1525 767 800 851 739 603 515 146 994 0 124 983 859 754 1020 520 706 235 526 824 765 881 837 991 671 394 426 674 814 760 205 151 802 834 797 487 374 348 718 697 492 581 734 380 1026 251 540 942 516 716 835 510 284 352 606 252 741 540 732 907 978 368 838 937 689 628 830 1096 283 622 666 713 232 715 948 915 313 743
346 1139 739 418 311 756 782 151 275 685 1429 671 768 755 643 571 419 50 898 124 0 887 827 722 924 462 674 304 468 792 733 785 806 895 575 362 330 577 783 728 273 55 771 738 766 499 342 316 687 665 396 549 703 284 994 219 444 910 484 684 803 478 252 402 574 220 709 508 700 875 882 336 807 905 658 531 799 999 352 525 635 681 200 683 916 819 281 712
1121 494 1100 923 944 857 1143 1010 647 1045 1141 383 1129 628 515 1346 660 864 253 983 887 0 928 1083 401 967 1035 1162 973 893 1094 261 981 853 533 1137 750 382 883 1089 1055 855 729 175 1126 1004 975 1091 817 837 526 1324 1063 789 1095 994 554 1011 1259 1045 1103 1027 885 907 1349 853 1070 1283 1061 976 52 969 907 1006 1433 521 1159 355 976 483 995 1042 975 1044 1017 297 1056 1072
696 1180 456 1024 583 139 499 886 730 402 1470 712 485 523 630 796 828 811 939 859 827 928 0 439 965 1068 391 1038 1074 249 450 826 338 467 455 540 833 618 240 446 1007 802 228 779 482 1105 658 666 173 193 609 775 420 890 376 701 722 293 710 402 385 383 590 1008 702 620 426 734 418 257 923 652 189 287 883 690 515 1040 1077 488 352 398 778 400 299 860 631 429
591 1335 351 919 478 369 395 781 744 297 1625 867 381 678 786 691 920 706 1094 754 722 1083 439 0 1120 963 286 933 969 404 346 981 418 516 610 435 798 774 395 341 903 697 383 934 378 1000 553 562 299 278 765 670 172 785 478 597 878 521 605 154 209 278 485 903 466 515 322 629 170 486 1078 547 419 516 778 845 411 1196 972 644 247 87 673 75 322 1015 526 177
1158 269 1137 960 981 894 1180 1047 684 1082 1178 420 1166 665 552 1383 697 901 413 1020 924 401 965 1120 0 1004 1072 1199 1010 930 1131 179 1018 890 570 1174 787 420 920 1126 1092 892 766 253 1163 1041 1012 1128 854 874 563 1361 1100 826 1132 1031 591 1048 1296 1082 1140 1064 922 944 1386 890 1107 1320 1098 1013 397 1006 945 1043 1470 558 1196 344 1013 520 1033 1079 1012 1081 1054 131 1093 1109
729 1219 980 95 552 997 1023 465 401 926 1509 751 1009 835 723 954 492 440 978 520 462 967 1068 963 1004 0 915 556 18 1033 974 865 1047 1020 700 745 455 658 1024 969 336 430 897 818 1006 285 583 699 928 906 522 932 943 284 1235 602 517 1151 867 925 1044 719 493 188 957 461 950 891 941 1116 962 577 1048 1146 1041 604 1040 1080 257 651 876 922 583 924 1157 899 664 952
543 1287 104 871 430 321 132 733 695 50 1577 819 118 630 738 643 872 658 1046 706 674 1035 391 286 1072 915 0 885 921 356 99 933 156 574 562 387 750 725 347 94 854 649 335 886 115 952 505 513 251 229 716 622 267 737 558 548 829 475 557 249 367 230 437 855 624 467 138 581 265 439 1030 499 371 469 730 797 149 1148 924 595 130 245 625 247 480 967 478 276
557 1414 950 512 522 968 994 181 551 896 1705 947 980 1031 918 782 695 326 1174 235 304 1162 1038 933 1199 556 885 0 562 1003 944 1060 1017 1170 851 573 606 853 994 940 241 331 982 1013 977 523 554 528 898 876 672 760 914 559 1205 430 720 1122 696 896 1014 689 464 388 785 431 920 719 912 1086 1158 547 1018 1116 869 807 1010 1275 320 801 846 892 412 894 1127 1095 492 923
735 1225 986 101 558 1003 1030 471 407 932 1515 757 1015 841 729 960 498 446 984 526 468 973 1074 969 1010 18 921 562 0 1039 980 871 1053 1026 706 751 461 664 1030 975 342 437 903 824 1013 291 590 705 934 912 528 938 950 290 1241 608 523 1157 873 931 1050 725 499 194 963 467 956 897 948 1122 968 583 1054 1152 1047 610 1046 1086 263 657 882 928 589 930 1163 905 670 959
661 1145 421 989 548 179 396 851 696 349 1435 677 382 488 596 762 793 776 904 824 792 893 249 404 930 1033 356 1003 1039 0 416 791 235 433 420 505 799 584 137 411 973 767 193 744 379 1071 623 632 138 159 575 740 385 855 416 667 688 333 675 367 425 349 556 973 742 585 392 699 383 297 888 617 229 327 849 655 412 1006 1042 454 317 363 743 366 339 825 597 394
603 1346 52 930 489 380 207 792 755 110 1636 878 193 689 797 703 931 717 1105 765 733 1094 450 346 1131 974 99 944 980 416 0 992 231 634 621 446 809 785 406 62 914 708 394 945 191 1012 565 573 310 289 776 681 326 796 618 608 889 534 616 308 427 290 497 915 684 527 197 640 324 499 1089 558 430 529 790 856 224 1207 983 655 189 305 685 307 540 1027 538 335
1019 428 998 821 842 755 1041 908 545 943 1039 281 1027 526 413 1244 558 762 273 881 785 261 826 981 179 865 933 1060 871 791 992 0 879 751 431 1035 648 281 781 987 953 753 627 113 1024 902 873 989 715 735 424 1222 961 687 993 892 452 909 1157 943 1001 925 783 805 1247 751 968 1181 959 874 257 867 806 904 1331 419 1057 374 874 381 894 940 873 942 915 75 954 970
675 1233 236 1003 562 267 191 865 784 145 1523 766 177 576 684 775 882 790 993 837 806 981 338 418 1018 1047 156 1017 1053 235 231 879 0 521 508 519 882 672 225 226 986 781 281 832 174 1084 637 645 227 247 663 753 399 868 505 680 776 421 689 380 499 362 569 987 756 599 270 713 397 386 977 631 318 416 862 743 208 1094 1056 542 262 377 757 379 427 914 610 408
879 1105 639 976 766 375 682 1018 655 585 1395 637 668 304 412 980 753 872 864 991 895 853 467 516 890 1020 574 1170 1026 433 634 751 521 0 380 723 758 543 423 629 1109 863 269 704 666 1058 842 850 357 377 534 857 560 842 402 885 647 446 893 542 332 567 774 961 650 803 610 917 558 410 848 835 447 440 966 615 699 965 1029 413 535 451 961 478 218 785 815 501
809 785 627 657 632 384 670 698 335 573 1075 317 656 401 289 967 433 553 544 671 575 533 455 610 570 700 562 851 706 420 621 431 508 380 0 711 438 223 411 616 789 543 256 384 653 738 664 779 344 364 214 945 591 522 622 682 327 538 881 572 630 554 574 641 948 541 597 905 589 503 528 657 435 533 1054 295 686 646 709 93 523 569 663 571 544 465 744 600
208 1389 452 701 292 469 496 421 526 398 1679 921 481 779 886 309 702 385 1148 394 362 1137 540 435 1174 745 387 573 751 505 446 1035 519 723 711 0 580 828 496 441 543 390 484 988 479 783 367 179 400 378 646 287 416 567 707 214 727 623 222 397 516 191 299 685 312 329 422 246 414 588 1132 361 520 618 395 815 512 1250 621 744 348 394 290 396 629 1070 143 425
564 1002 815 412 387 763 859 453 139 761 1292 534 844 619 506 789 412 308 761 426 330 750 833 798 787 455 750 606 461 799 809 648 882 758 438 580 0 441 789 804 544 298 635 601 842 493 419 534 722 741 260 767 779 277 1000 437 438 917 702 760 879 554 329 396 792 296 785 726 777 881 746 412 813 911 876 512 875 863 464 389 711 757 418 759 923 683 499 788
812 635 790 614 635 548 833 701 338 736 925 167 819 318 206 1036 350 555 394 674 577 382 618 774 420 658 725 853 664 584 785 281 672 543 223 828 441 0 574 780 746 546 420 234 816 695 666 782 507 528 217 1015 754 479 785 685 245 702 950 736 794 718 576 598 1040 544 761 974 752 666 378 660 598 696 1123 212 850 495 667 174 686 733 666 735 708 315 747 763
652 1135 412 980 539 169 386 842 686 340 1426 668 372 478 586 752 784 767 895 814 783 883 240 395 920 1024 347 994 1030 137 406 781 225 423 411 496 789 574 0 401 963 758 183 734 369 1061 614 622 129 149 565 730 375 845 407 657 678 323 666 357 415 339 546 964 733 576 382 689 373 288 879 607 220 318 839 645 403 996 1033 444 308 354 734 356 329 816 587 384
598 1341 57 926 484 375 203 787 750 105 1631 873 188 684 792 698 926 712 1100 760 728 1089 446 341 1126 969 94 940 975 411 62 987 226 629 616 441 804 780 401 0 909 703 389 940 186 1007 560 568 305 284 771 676 321 791 613 603 884 529 611 303 422 285 492 910 679 522 192 635 319 494 1085 553 425 524 785 851 219 1202 978 650 184 300 680 302 535 1022 533 330
527 1307 919 292 492 937 963 150 489 865 1598 840 949 924 811 751 580 295 1067 205 273 1055 1007 903 1092 336 854 241 342 973 914 953 986 1109 789 543 544 746 963 909 0 300 951 906 946 303 523 497 867 846 610 730 883 373 1174 400 606 1091 665 865 983 659 433 168 755 400 890 689 881 1056 1051 517 987 1085 838 693 979 1168 100 739 815 862 381 864 1097 988 462 892
373 1107 714 387 286 731 757 179 244 660 1397 639 743 724 611 598 388 52 867 151 55 855 802 697 892 430 649 331 437 767 708 753 781 863 543 390 298 546 758 703 300 0 740 706 740 468 317 344 662 640 365 576 678 252 969 246 413 885 512 659 778 453 227 371 602 195 684 535 675 850 851 311 782 880 685 500 774 968 379 494 610 656 228 658 891 788 308 687
640 981 400 853 527 157 443 830 532 345 1271 513 429 324 432 740 629 749 740 802 771 729 228 383 766 897 335 982 903 193 394 627 281 269 256 484 635 420 183 389 951 740 0 580 426 934 602 610 117 137 411 718 363 718 395 645 524 311 654 345 403 327 534 837 721 564 370 677 361 276 724 596 208 306 827 491 459 842 906 290 296 342 722 344 317 661 575 372
972 427 951 774 795 708 994 861 498 897 992 234 980 479 367 1197 511 715 186 834 738 175 779 934 253 818 886 1013 824 744 945 113 832 704 384 988 601 234 734 940 906 706 580 0 977 856 827 942 668 688 377 1175 915 640 946 845 405 862 1110 896 954 878 737 758 1200 704 921 1134 912 827 170 820 759 857 1284 372 1010 288 827 334 847 893 826 895 868 148 907 924
635 1378 196 963 522 412 44 825 787 105 1668 910 30 721 829 735 964 750 1137 797 766 1126 482 378 1163 1006 115 977 1013 379 191 1024 174 666 653 479 842 816 369 186 946 740 426 977 0 1044 597 605 342 321 808 713 358 828 649 640 921 566 649 340 459 322 529 947 716 559 230 672 356 530 1121 590 462 560 822 888 60 1239 1016 687 221 337 717 339 572 1058 570 367
766 1256 1017 242 590 1035 1061 432 438 963 1547 789 1047 873 761 991 529 477 1016 487 499 1004 1105 1000 1041 285 952 523 291 1071 1012 902 1084 1058 738 783 493 695 1061 1007 303 468 934 856 1044 0 621 737 965 944 559 969 981 322 1272 640 555 1189 905 963 1081 757 531 155 995 498 988 929 979 1154 1000 615 1085 1183 1078 642 1077 1117 224 688 913 959 621 962 1195 937 702 990
452 1227 570 540 143 588 614 401 364 516 1518 760 600 844 732 624 540 327 987 374 342 975 658 553 1012 583 505 554 590 623 565 873 637 842 664 367 419 666 614 560 523 317 602 827 597 621 0 422 518 497 485 602 534 405 825 325 566 742 537 516 634 310 106 524 627 136 541 561 532 706 971 79 638 736 711 653 630 1088 593 614 466 512 306 515 747 908 387 543
62 1343 578 655 391 596 622 375 480 524 1633 875 608 905 847 387 656 339 1103 348 316 1091 666 562 1128 699 513 528 705 632 573 989 645 850 779 179 534 782 622 568 497 344 610 942 605 737 422 0 526 505 601 365 542 521 833 140 681 750 301 524 642 318 332 640 391 299 549 325 540 715 1087 416 646 744 474 769 638 1204 576 730 474 521 244 523 756 1024 64 551
556 1069 316 884 443 103 359 746 620 261 1359 601 345 412 520 656 717 671 828 718 687 817 173 299 854 928 251 898 934 138 310 715 227 357 344 400 722 507 129 305 867 662 117 668 342 965 518 526 0 82 499 634 279 749 340 561 612 257 570 261 349 243 450 868 637 480 286 593 277 221 812 511 153 251 743 579 376 930 937 378 212 258 638 260 263 749 491 288
534 1089 294 862 421 123 338 724 640 240 1379 621 324 432 540 635 737 649 848 697 665 837 193 278 874 906 229 876 912 159 289 735 247 377 364 378 741 528 149 284 846 640 137 688 321 944 497 505 82 0 519 613 258 728 360 540 632 277 548 240 358 222 429 846 616 458 265 572 256 241 832 490 173 271 722 599 354 950 915 398 190 237 616 239 283 769 470 267
630 778 781 478 453 539 824 520 157 727 1068 311 810 395 282 855 427 374 538 492 396 526 609 765 563 522 716 672 528 575 776 424 663 534 214 646 260 217 565 771 610 365 411 377 808 559 485 601 499 519 0 833 745 343 776 503 321 693 769 727 785 621 395 462 858 362 752 792 743 658 522 478 589 687 942 288 841 639 531 165 677 724 485 726 699 459 565 754
395 1576 687 888 527 704 730 608 713 632 1866 1108 716 1013 1080 350 889 571 1335 581 549 1324 775 670 1361 932 622 760 938 740 681 1222 753 857 945 287 767 1015 730 676 730 576 718 1175 713 969 602 365 634 613 833 0 650 754 819 400 914 858 263 632 550 426 534 872 234 532 657 287 648 823 1319 596 755 853 127 1001 747 1437 808 963 582 608 477 631 663 1256 330 658
572 1315 332 900 459 349 375 762 724 277 1606 848 361 659 766 672 901 687 1075 734 703 1063 420 172 1100 943 267 914 950 385 326 961 399 560 591 416 779 754 375 321 883 678 363 915 358 981 534 542 279 258 745 650 0 765 522 577 858 503 586 54 253 259 466 884 510 496 302 609 70 468 1059 527 400 498 759 825 392 1176 953 624 228 131 654 133 366 996 507 94
551 1041 802 241 374 819 845 407 222 747 1331 573 831 657 545 775 314 261 800 380 284 789 890 785 826 284 737 559 290 855 796 687 868 842 522 567 277 479 845 791 373 252 718 640 828 322 405 521 749 728 343 754 765 0 1057 424 339 973 689 747 866 541 315 225 779 283 772 713 763 938 784 399 869 968 862 426 862 902 293 473 697 744 405 746 979 721 486 774
863 1347 623 1191 750 258 666 1053 897 569 1637 879 652 666 774 959 995 978 1106 1026 994 1095 376 478 1132 1235 558 1205 1241 416 618 993 505 402 622 707 1000 785 407 613 1174 969 395 946 649 1272 825 833 340 360 776 819 522 1057 0 868 889 329 873 504 294 550 757 1175 611 787 594 897 520 293 1090 819 356 323 927 857 683 1208 1244 655 519 412 945 439 208 1027 798 463
169 1246 613 558 293 631 657 278 383 559 1536 778 643 862 750 422 559 241 1005 251 219 994 701 597 1031 602 548 430 608 667 608 892 680 885 682 214 437 685 657 603 400 246 645 845 640 640 325 140 561 540 503 400 577 424 868 0 584 785 336 559 677 353 235 542 426 202 584 359 575 750 989 318 681 779 509 671 673 1107 478 633 509 556 147 558 791 926 133 586
711 806 894 473 534 652 937 568 383 840 1096 338 923 423 310 936 210 422 565 540 444 554 722 878 591 517 829 720 523 688 889 452 776 647 327 727 438 245 678 884 606 413 524 405 921 555 566 681 612 632 321 914 858 339 889 584 0 806 850 840 898 701 476 457 939 443 865 873 856 771 549 559 702 800 1023 192 954 667 526 278 790 837 565 839 812 487 646 867
780 1263 540 1108 667 175 583 969 814 485 1553 795 568 606 714 880 912 894 1022 942 910 1011 293 521 1048 1151 475 1122 1157 333 534 909 421 446 538 623 917 702 323 529 1091 885 311 862 566 1189 742 750 257 277 693 858 503 973 329 785 806 0 793 485 337 467 674 1092 655 704 510 817 501 109 1006 735 273 86 967 773 599 1124 1160 572 435 456 862 483 251 944 715 506
330 1511 622 824 462 640 666 543 648 568 1802 1044 651 949 1015 105 824 507 1271 516 484 1259 710 605 1296 867 557 696 873 675 616 1157 689 893 881 222 702 950 666 611 665 512 654 1110 649 905 537 301 570 548 769 263 586 689 873 336 850 793 0 567 604 361 469 808 288 468 592 43 584 758 1255 531 690 788 372 937 682 1372 744 898 518 564 412 566 717 1192 266 595
554 1297 314 882 441 331 357 743 706 259 1587 829 343 640 748 654 882 668 1057 716 684 1045 402 154 1082 925 249 896 931 367 308 943 380 542 572 397 760 736 357 303 865 659 345 896 340 963 516 524 261 240 727 632 54 747 504 559 840 485 567 0 234 241 448 866 492 478 284 591 51 450 1041 509 381 480 741 807 374 1158 934 606 209 113 636 115 348 978 489 76
672 1355 432 1000 559 266 476 862 824 378 1645 887 462 596 704 690 1001 787 1114 835 803 1103 385 209 1140 1044 367 1014 1050 425 427 1001 499 332 630 516 879 794 415 422 983 778 403 954 459 1081 634 642 349 358 785 550 253 866 294 677 898 337 604 234 0 359 566 984 342 596 403 628 251 302 1098 628 364 332 658 865 492 1216 1053 664 328 143 754 170 138 1036 607 194
348 1279 295 675 234 313 339 537 500 241 1569 811 325 622 730 448 676 462 1038 510 478 1027 383 278 1064 719 230 689 725 349 290 925 362 567 554 191 554 718 339 285 659 453 327 878 322 757 310 318 243 222 621 426 259 541 550 353 701 467 361 241 359 0 242 660 451 272 266 385 257 432 1022 303 363 461 535 789 355 1140 728 588 191 237 430 240 473 959 283 268
362 1137 502 450 75 520 546 311 274 448 1428 670 532 754 641 556 450 237 897 284 252 885 590 485 922 493 437 464 499 556 497 783 569 774 574 299 329 576 546 492 433 227 534 737 529 531 106 332 450 429 395 534 466 315 757 235 476 674 469 448 566 242 0 434 559 46 473 493 464 638 881 99 570 668 643 563 562 998 503 524 398 444 216 447 679 818 297 475
669 1159 920 144 492 938 964 297 341 866 1449 691 950 776 663 894 432 380 919 352 402 907 1008 903 944 188 855 388 194 973 915 805 987 961 641 685 396 598 964 910 168 371 837 758 947 155 524 640 868 846 462 872 884 225 1175 542 457 1092 808 866 984 660 434 0 897 401 891 831 882 1056 903 517 988 1086 981 545 980 1020 89 591 816 862 524 865 1097 840 604 893
420 1601 690 913 552 584 733 633 738 635 1891 1133 719 914 1022 375 914 597 1360 606 574 1349 702 466 1386 957 624 785 963 742 684 1247 756 650 948 312 792 1040 733 679 755 602 721 1200 716 995 627 391 637 616 858 234 510 779 611 426 939 655 288 492 342 451 559 897 0 557 660 312 508 619 1344 621 682 649 343 1027 749 1462 833 982 585 400 502 427 455 1282 355 451
329 1105 532 417 104 550 576 279 241 478 1395 637 562 721 609 554 418 204 864 252 220 853 620 515 890 461 467 431 467 585 527 751 599 803 541 329 296 544 576 522 400 195 564 704 559 498 136 299 480 458 362 532 496 283 787 202 443 704 468 478 596 272 46 401 557 0 502 491 494 668 848 129 600 698 641 530 592 966 470 492 428 474 183 477 709 785 264 505
579 1322 203 906 465 356 247 768 731 149 1612 854 232 665 773 679 907 693 1081 741 709 1070 426 322 1107 950 138 920 956 392 197 968 270 610 597 422 785 761 382 192 890 684 370 921 230 988 541 549 286 265 752 657 302 772 594 584 865 510 592 284 403 266 473 891 660 502 0 616 300 475 1065 534 406 505 766 832 263 1183 959 631 165 281 660 283 516 1003 514 311
354 1535 646 847 486 663 689 567 672 591 1825 1067 675 973 1039 84 848 530 1294 540 508 1283 734 629 1320 891 581 719 897 699 640 1181 713 917 905 246 726 974 689 635 689 535 677 1134 672 929 561 325 593 572 792 287 609 713 897 359 873 817 43 591 628 385 493 831 312 491 616 0 607 782 1278 555 714 812 396 961 706 1396 767 922 542 588 436 590 741 1215 289 618
570 1313 330 898 457 347 373 760 722 275 1604 846 359 657 764 670 899 685 1073 732 700 1061 418 170 1098 941 265 912 948 383 324 959 397 558 589 414 777 752 373 319 881 675 361 912 356 979 532 540 277 256 743 648 70 763 520 575 856 501 584 51 251 257 464 882 508 494 300 607 0 466 1057 525 398 496 757 823 390 1174 951 622 226 129 652 131 364 994 505 92
744 1228 504 1072 631 139 547 934 778 450 1518 760 533 571 679 845 876 859 987 907 875 976 257 486 1013 1116 439 1086 1122 297 499 874 386 410 503 588 881 666 288 494 1056 850 276 827 530 1154 706 715 221 241 658 823 468 938 293 750 771 109 758 450 302 432 638 1056 619 668 475 782 466 0 971 700 237 115 931 738 564 1089 1125 537 400 420 826 447 216 908 679 471
1116 489 1095 918 939 853 1138 1006 643 1041 1136 378 1124 623 511 1341 655 860 249 978 882 52 923 1078 397 962 1030 1158 968 888 1089 257 977 848 528 1132 746 378 879 1085 1051 851 724 170 1121 1000 971 1087 812 832 522 1319 1059 784 1090 989 549 1006 1255 1041 1098 1022 881 903 1344 848 1065 1278 1057 971 0 964 903 1001 1428 517 1154 350 971 479 991 1037 971 1039 1012 292 1051 1068
445 1221 564 533 136 581 607 395 358 509 1511 753 593 837 725 617 534 320 980 368 336 969 652 547 1006 577 499 547 583 617 558 867 631 835 657 361 412 660 607 553 517 311 596 820 590 615 79 416 511 490 478 596 527 399 819 318 559 735 531 509 628 303 99 517 621 129 534 555 525 700 964 0 632 730 704 646 624 1082 586 608 460 506 300 508 741 901 380 536
676 1160 436 1004 563 119 479 866 710 382 1450 692 465 503 610 776 808 791 919 838 807 907 189 419 945 1048 371 1018 1054 229 430 806 318 447 435 520 813 598 220 425 987 782 208 759 462 1085 638 646 153 173 589 755 400 869 356 681 702 273 690 381 364 363 570 988 682 600 406 714 398 237 903 632 0 267 863 669 495 1020 1057 468 332 378 758 380 278 840 611 409
774 1258 534 1102 661 169 577 964 808 480 1548 790 563 601 709 874 906 889 1017 937 905 1006 287 516 1043 1146 469 1116 1152 327 529 904 416 440 533 618 911 696 318 524 1085 880 306 857 560 1183 736 744 251 271 687 853 498 968 323 779 800 86 788 480 332 461 668 1086 649 698 505 812 496 115 1001 730 267 0 961 768 594 1119 1155 567 430 450 856 477 246 938 709 501
504 1685 795 997 636 813 839 717 821 741 1975 1217 825 1122 1189 458 998 680 1444 689 658 1433 883 778 1470 1041 730 869 1047 849 790 1331 862 966 1054 395 876 1123 839 785 838 685 827 1284 822 1078 711 474 743 722 942 127 759 862 927 509 1023 967 372 741 658 535 643 981 343 641 766 396 757 931 1428 704 863 961 0 1110 855 1545 917 1071 691 716 586 740 771 1365 439 767
798 773 862 561 622 619 905 655 409 807 1064 306 891 390 277 1023 297 509 533 628 531 521 690 845 558 604 797 807 610 655 856 419 743 615 295 815 512 212 645 851 693 500 491 372 888 642 653 769 579 599 288 1001 825 426 857 671 192 773 937 807 865 789 563 545 1027 530 832 961 823 738 517 646 669 768 1110 0 921 634 613 245 758 804 653 806 779 454 734 834
668 1411 229 996 555 445 47 858 820 138 1701 943 51 754 862 768 997 783 1170 830 799 1159 515 411 1196 1040 149 1010 1046 412 224 1057 208 699 686 512 875 850 403 219 979 774 459 1010 60 1077 630 638 376 354 841 747 392 862 683 673 954 599 682 374 492 355 562 980 749 592 263 706 390 564 1154 624 495 594 855 921 0 1272 1049 720 255 370 750 372 605 1092 603 401
1234 154 1213 1036 1057 970 1256 1123 760 1158 1254 496 1241 741 628 1459 773 977 251 1096 999 355 1040 1196 344 1080 1148 1275 1086 1006 1207 374 1094 965 646 1250 863 495 996 1202 1168 968 842 288 1239 1117 1088 1204 930 950 639 1437 1176 902 1208 1107 667 1124 1372 1158 1216 1140 998 1020 1462 966 1183 1396 1174 1089 350 1082 1020 1119 1545 634 1272 0 1089 596 1108 1155 1088 1157 1130 410 1169 1185
605 1228 989 213 561 1007 1033 229 410 935 1518 760 1018 844 732 830 501 374 987 283 352 976 1077 972 1013 257 924 320 263 1042 983 874 1056 1029 709 621 464 667 1033 978 100 379 906 827 1016 224 593 576 937 915 531 808 953 293 1244 478 526 1160 744 934 1053 728 503 89 833 470 959 767 951 1125 971 586 1057 1155 917 613 1049 1089 0 660 885 931 460 933 1166 908 540 962
760 735 661 607 583 418 704 649 286 606 1026 268 689 352 239 984 384 503 495 622 525 483 488 644 520 651 595 801 657 454 655 381 542 413 93 744 389 174 444 650 739 494 290 334 687 688 614 730 378 398 165 963 624 473 655 633 278 572 898 606 664 588 524 591 982 492 631 922 622 537 479 608 468 567 1071 245 720 596 660 0 556 603 614 605 578 416 695 633
504 1248 195 832 391 281 238 694 656 140 1538 780 224 591 698 604 833 619 1007 666 635 995 352 247 1033 876 130 846 882 317 189 894 262 535 523 348 711 686 308 184 815 610 296 847 221 913 466 474 212 190 677 582 228 697 519 509 790 435 518 209 328 191 398 816 585 428 165 542 226 400 991 460 332 430 691 758 255 1108 885 556 0 206 586 208 441 928 439 237
550 1294 310 878 437 328 354 740 703 256 1584 826 340 637 745 651 879 665 1053 713 681 1042 398 87 1079 922 245 892 928 363 305 940 377 451 569 394 757 733 354 300 862 656 342 893 337 959 512 521 258 237 724 608 131 744 412 556 837 456 564 113 143 237 444 862 400 474 281 588 129 420 1037 506 378 450 716 804 370 1155 931 603 206 0 632 48 256 974 485 111
274 1227 690 539 275 708 734 259 364 636 1517 759 720 844 731 499 540 223 986 232 200 975 778 673 1012 583 625 412 589 743 685 873 757 961 663 290 418 666 734 680 381 228 722 826 717 621 306 244 638 616 485 477 654 405 945 147 565 862 412 636 754 430 216 524 502 183 660 436 652 826 971 300 758 856 586 653 750 1088 460 614 586 632 0 635 867 908 209 663
553 1296 312 880 439 330 356 742 705 258 1586 828 342 639 747 653 881 667 1055 715 683 1044 400 75 1081 924 247 894 930 366 307 942 379 478 571 396 759 735 356 302 864 658 344 895 339 962 515 523 260 239 726 631 133 746 439 558 839 483 566 115 170 240 447 865 427 477 283 590 131 447 1039 508 380 477 740 806 372 1157 933 605 208 48 635 0 283 977 488 138
785 1269 545 1113 672 181 589 975 820 491 1559 801 574 482 590 803 917 900 1028 948 916 1017 299 322 1054 1157 480 1127 1163 339 540 915 427 218 544 629 923 708 329 535 1097 891 317 868 572 1195 747 756 263 283 699 663 366 979 208 791 812 251 717 348 138 473 679 1097 455 709 516 741 364 216 1012 741 278 246 771 779 605 1130 1166 578 441 256 867 283 0 950 720 307
1053 379 1032 856 877 790 1075 943 580 978 1073 316 1061 560 448 1278 592 797 308 915 819 297 860 1015 131 899 967 1095 905 825 1027 75 914 785 465 1070 683 315 816 1022 988 788 661 148 1058 937 908 1024 749 769 459 1256 996 721 1027 926 487 944 1192 978 1036 959 818 840 1282 785 1003 1215 994 908 292 901 840 938 1365 454 1092 410 908 416 928 974 908 977 950 0 989 1005
94 1308 543 620 356 561 587 340 445 489 1598 840 573 870 812 352 621 303 1067 313 281 1056 631 526 1093 664 478 492 670 597 538 954 610 815 744 143 499 747 587 533 462 308 575 907 570 702 387 64 491 470 565 330 507 486 798 133 646 715 266 489 607 283 297 604 355 264 514 289 505 679 1051 380 611 709 439 734 603 1169 540 695 439 485 209 488 720 989 0 516
581 1324 341 909 468 358 384 771 733 286 1615 857 370 668 775 681 910 696 1084 743 712 1072 429 177 1109 952 276 923 959 394 335 970 408 501 600 425 788 763 384 330 892 687 372 924 367 990 543 551 288 267 754 658 94 774 463 586 867 506 595 76 194 268 475 893 451 505 311 618 92 471 1068 536 409 501 767 834 401 1185 962 633 237 111 663 138 307 1005 516 0
EOF