NAME : tsp_problem
TYPE : TSP
DIMENSION : 62
EDGE_WEIGHT_TYPE : EXPLICIT
EDGE_WEIGHT_FORMAT : FULL_MATRIX
EDGE_WEIGHT_SECTION
0 585 734 151 882 219 294 706 195 82 684 265 163 788 882 739 493 93 714 412 796 749 909 1044 815 798 140 549 744 632 878 941 581 171 122 238 610 578 343 221 609 177 5626 929 549 493 1059 1005 828 115 265 728 828 562 366 585 382 161 747 642 566 601
585 0 730 703 695 771 616 702 747 563 497 399 715 601 1340 552 283 645 709 964 1254 1207 1367 1502 1273 1255 692 339 1202 587 833 896 371 723 674 790 211 367 604 773 672 729 5695 1386 427 478 1517 1463 641 667 398 1186 1286 92 329 744 223 713 560 431 714 1059
734 730 0 823 601 891 805 83 867 753 340 589 835 508 828 459 514 669 41 825 741 695 855 989 760 743 812 535 689 225 418 481 387 843 641 910 831 498 854 893 159 849 5571 874 329 304 1004 951 548 787 588 673 773 706 590 232 578 833 466 434 202 546
151 703 823 0 1000 307 302 795 85 171 802 383 251 906 971 857 611 182 803 500 885 838 998 1133 904 886 160 667 832 751 996 1059 699 61 211 326 728 696 461 310 697 266 5715 1017 667 612 1148 1094 946 135 383 817 917 680 484 673 500 249 865 760 655 690
882 695 601 1000 0 1067 912 573 1043 860 285 695 1011 123 1212 171 479 942 581 1209 1125 1079 1239 1373 1144 1127 988 500 1073 412 490 483 352 1020 971 1086 796 463 961 1070 543 1026 5955 1258 359 411 1388 1335 186 963 695 1057 1157 671 649 616 543 1009 151 399 586 930
219 771 891 307 1067 0 480 863 351 239 870 451 244 974 1039 925 679 250 871 568 952 906 1066 1200 971 954 296 735 900 818 1064 1127 767 328 279 131 590 764 463 147 765 128 5783 1085 735 679 1216 1162 1014 271 451 884 985 747 551 741 568 111 933 827 723 757
294 616 805 302 912 480 0 777 278 273 715 296 424 819 1144 770 524 355 785 673 1057 1011 1171 1305 1076 1059 401 580 1005 663 909 972 612 322 384 499 641 608 374 483 748 439 5888 1190 580 524 1321 1267 859 376 296 989 1090 592 396 820 412 422 777 672 790 862
706 702 83 795 573 863 777 0 839 725 312 561 807 480 800 431 486 641 63 797 713 667 827 961 732 715 784 507 661 197 390 453 359 815 613 882 803 470 826 865 131 821 5543 846 301 276 976 923 520 759 560 645 745 678 562 204 550 805 438 406 174 518
195 747 867 85 1043 351 278 839 0 215 846 427 295 950 1015 901 655 226 847 544 928 882 1042 1176 947 930 204 711 876 794 1040 1103 743 105 255 370 772 740 505 354 741 310 5759 1061 711 655 1192 1138 990 179 427 860 961 724 527 717 544 293 909 803 699 733
82 563 753 171 860 239 273 725 215 0 663 244 183 767 902 718 472 113 733 432 816 770 930 1064 835 818 160 527 764 611 857 920 560 191 143 258 589 556 322 241 629 197 5646 949 527 472 1079 1025 807 135 243 748 848 540 344 605 360 181 725 620 586 621
684 497 340 802 285 870 715 312 846 663 0 498 814 192 950 142 281 745 319 948 864 817 977 1112 883 865 791 302 812 150 410 473 155 823 764 889 598 266 764 873 282 829 5694 996 162 213 1127 1073 232 766 498 796 896 474 452 355 346 812 150 202 325 669
265 399 589 383 695 451 296 561 427 244 498 0 395 602 1115 553 307 325 568 644 1028 982 1142 1276 1047 1030 372 363 976 446 692 755 395 403 355 470 500 392 345 454 531 409 5783 1161 363 307 1291 1237 642 347 83 960 1060 376 180 603 196 393 561 455 573 833
163 715 835 251 1011 244 424 807 295 183 814 395 0 918 983 869 623 194 815 512 896 850 1010 1144 915 898 240 679 844 762 1008 1071 711 272 223 263 665 707 473 247 709 203 5726 1029 679 623 1160 1106 958 215 395 828 928 691 495 685 512 186 877 771 667 701
788 601 508 906 123 974 819 480 950 767 192 602 918 0 1118 77 385 848 488 1116 1032 985 1145 1280 1051 1034 895 406 980 318 397 389 258 926 878 993 702 369 868 977 450 932 5862 1165 265 317 1295 1241 93 870 602 964 1064 578 556 523 449 916 57 306 493 837
882 1340 828 971 1212 1039 1144 800 1015 902 950 1115 983 1118 0 1069 1124 817 807 923 409 363 47 202 428 291 960 1145 357 827 983 1046 997 991 789 1058 1441 1108 1192 1041 702 997 5474 66 939 914 236 143 1158 935 1114 181 441 1317 1200 678 1188 981 1077 1044 660 449
739 552 459 857 171 925 770 431 901 718 142 553 869 77 1069 0 336 799 438 1067 983 936 1096 1231 1002 984 846 357 931 269 422 414 209 877 828 944 653 320 818 927 401 883 5813 1115 216 268 1246 1192 117 821 553 915 1015 529 507 474 400 867 54 256 444 788
493 283 514 611 479 679 524 486 655 472 281 307 623 385 1124 336 0 554 493 872 1038 991 1151 1286 1057 1039 600 84 985 371 617 680 155 632 583 698 384 113 573 682 456 638 5608 1170 211 262 1301 1247 425 575 307 970 1070 260 238 528 131 621 344 215 498 843
93 645 669 182 942 250 355 641 226 113 745 325 194 848 817 799 554 0 649 346 731 684 844 979 750 732 171 609 678 677 870 932 642 202 77 268 670 638 403 252 543 208 5561 863 609 554 994 940 889 146 325 663 763 622 426 519 442 192 807 702 501 536
714 709 41 803 581 871 785 63 847 733 319 568 815 488 807 438 493 649 0 805 721 674 835 969 740 723 792 514 669 205 398 460 367 823 621 889 810 478 834 873 139 829 5551 854 309 284 984 930 528 767 568 653 753 686 570 212 558 813 446 414 182 526
412 964 825 500 1209 568 673 797 544 432 948 644 512 1116 923 1067 872 346 805 0 837 790 950 1085 856 838 489 928 785 834 1016 1079 960 521 318 587 871 956 722 571 700 526 5667 969 928 872 1100 1046 1156 464 644 769 869 940 744 676 761 510 1075 1020 657 642
796 1254 741 885 1125 952 1057 713 928 816 864 1028 896 1032 409 983 1038 731 721 837 0 154 436 449 220 324 874 1059 148 741 897 960 911 905 703 971 1355 1022 1106 955 616 911 5387 456 853 828 464 505 1072 848 1028 255 233 1230 1114 592 1102 894 991 958 573 362
749 1207 695 838 1079 906 1011 667 882 770 817 982 850 985 363 936 991 684 674 790 154 0 390 321 92 277 827 1012 66 694 850 913 864 858 656 925 1308 975 1060 908 569 864 5341 409 807 781 336 377 1025 802 981 208 105 1184 1068 545 1055 848 944 911 527 316
909 1367 855 998 1239 1066 1171 827 1042 930 977 1142 1010 1145 47 1096 1151 844 835 950 436 390 0 229 455 318 987 1172 384 854 1010 1073 1024 1018 816 1085 1468 1135 1220 1068 729 1024 5501 93 967 941 263 170 1186 962 1141 208 468 1344 1228 705 1215 1008 1104 1072 687 476
1044 1502 989 1133 1373 1200 1305 961 1176 1064 1112 1276 1144 1280 202 1231 1286 979 969 1085 449 321 229 0 352 473 1121 1307 326 989 1145 1208 1159 1153 951 1219 1603 1270 1354 1203 864 1159 5635 157 1101 1076 50 72 1320 1096 1276 363 366 1478 1362 839 1350 1142 1238 1206 821 610
815 1273 760 904 1144 971 1076 732 947 835 883 1047 915 1051 428 1002 1057 750 740 856 220 92 455 352 0 343 892 1078 97 760 916 979 930 924 722 990 1374 1041 1125 974 635 930 5406 475 872 847 368 409 1091 867 1047 274 101 1249 1133 611 1121 913 1010 977 592 381
798 1255 743 886 1127 954 1059 715 930 818 865 1030 898 1034 291 984 1039 732 723 838 324 277 318 473 343 0 875 1060 272 742 898 961 913 907 704 973 1357 1024 1108 957 617 913 5389 337 855 830 507 414 1074 850 1030 137 356 1232 1116 593 1104 896 992 960 575 364
140 692 812 160 988 296 401 784 204 160 791 372 240 895 960 846 600 171 792 489 874 827 987 1121 892 875 0 656 821 739 985 1048 688 180 200 315 717 685 450 299 686 255 5704 1006 656 600 1137 1083 935 74 372 805 906 669 473 662 489 238 854 748 644 679
549 339 535 667 500 735 580 507 711 527 302 363 679 406 1145 357 84 609 514 928 1059 1012 1172 1307 1078 1060 656 0 1007 392 638 701 176 687 638 753 440 85 628 737 477 693 5664 1191 232 284 1322 1268 446 631 362 991 1091 315 293 550 187 677 365 236 520 864
744 1202 689 832 1073 900 1005 661 876 764 812 976 844 980 357 931 985 678 669 785 148 66 384 326 97 272 821 1007 0 689 845 907 859 853 651 919 1303 970 1054 903 564 859 5335 403 801 776 342 383 1020 796 976 203 111 1178 1062 539 1050 842 938 906 521 310
632 587 225 751 412 818 663 197 794 611 150 446 762 318 827 269 371 677 205 834 741 694 854 989 760 742 739 392 689 0 280 343 245 771 649 837 688 356 712 821 168 777 5571 873 187 162 1004 950 358 714 446 673 773 564 448 240 436 760 277 292 210 546
878 833 418 996 490 1064 909 390 1040 857 410 692 1008 397 983 422 617 870 398 1016 897 850 1010 1145 916 898 985 638 845 280 0 212 490 1016 842 1083 934 601 958 1067 360 1022 5727 1029 433 407 1160 1106 327 960 692 829 929 810 694 433 681 1006 402 537 403 702
941 896 481 1059 483 1127 972 453 1103 920 473 755 1071 389 1046 414 680 932 460 1079 960 913 1073 1208 979 961 1048 701 907 343 212 0 553 1079 905 1146 997 664 1021 1129 423 1085 5790 1092 495 470 1223 1169 319 1023 755 892 992 873 756 496 744 1069 394 600 466 765
581 371 387 699 352 767 612 359 743 560 155 395 711 258 997 209 155 642 367 960 911 864 1024 1159 930 913 688 176 859 245 490 553 0 720 671 786 472 140 661 770 329 726 5645 1044 84 136 1174 1120 299 663 395 843 943 348 326 402 219 709 217 89 372 716
171 723 843 61 1020 328 322 815 105 191 823 403 272 926 991 877 632 202 823 521 905 858 1018 1153 924 907 180 687 853 771 1016 1079 720 0 231 346 748 716 481 330 718 286 5735 1038 687 632 1168 1114 967 155 403 837 937 700 504 693 520 270 885 780 675 710
122 674 641 211 971 279 384 613 255 143 764 355 223 878 789 828 583 77 621 318 703 656 816 951 722 704 200 638 651 649 842 905 671 231 0 298 699 667 433 281 516 237 5533 835 638 583 966 912 918 175 354 635 735 651 455 491 471 221 836 731 473 508
238 790 910 326 1086 131 499 882 370 258 889 470 263 993 1058 944 698 268 889 587 971 925 1085 1219 990 973 315 753 919 837 1083 1146 786 346 298 0 608 782 482 122 784 146 5801 1104 754 698 1234 1180 1033 290 469 903 1003 766 570 760 586 130 951 846 742 776
610 211 831 728 796 590 641 803 772 589 598 500 665 702 1441 653 384 670 810 871 1355 1308 1468 1603 1374 1357 717 440 1303 688 934 997 472 748 699 608 0 469 419 592 773 548 5796 1487 528 580 1618 1564 742 691 500 1287 1387 193 431 846 324 532 661 532 816 1160
578 367 498 696 463 764 608 470 740 556 266 392 707 369 1108 320 113 638 478 956 1022 975 1135 1270 1041 1024 685 85 970 356 601 664 140 716 667 782 469 0 657 766 440 722 5674 1155 195 247 1285 1231 410 659 391 954 1054 344 322 513 216 706 328 200 483 827
343 604 854 461 961 463 374 826 505 322 764 345 473 868 1192 818 573 403 834 722 1106 1060 1220 1354 1125 1108 450 628 1054 712 958 1021 661 481 433 482 419 657 0 466 796 421 5936 1239 628 573 1369 1315 908 425 344 1038 1138 586 445 869 461 405 826 721 839 911
221 773 893 310 1070 147 483 865 354 241 873 454 247 977 1041 927 682 252 873 571 955 908 1068 1203 974 957 299 737 903 821 1067 1129 770 330 281 122 592 766 466 0 768 130 5785 1088 737 682 1218 1164 1017 274 453 887 987 750 554 744 570 114 935 830 725 760
609 672 159 697 543 765 748 131 741 629 282 531 709 450 702 401 456 543 139 700 616 569 729 864 635 617 686 477 564 168 360 423 329 718 516 784 773 440 796 768 0 724 5446 748 271 246 879 825 490 661 530 548 648 649 532 107 520 707 409 376 77 421
177 729 849 266 1026 128 439 821 310 197 829 409 203 932 997 883 638 208 829 526 911 864 1024 1159 930 913 255 693 859 777 1022 1085 726 286 237 146 548 722 421 130 724 0 5741 1043 693 638 1174 1120 973 229 409 843 943 706 510 699 526 70 891 786 681 716
3224 3386 3169 3313 3553 3380 3485 3141 3356 3244 3292 3456 3324 3460 3071 3411 3288 3159 3149 3265 2985 2939 3099 3233 3004 2987 3301 3344 2933 3169 3325 3388 3325 3333 3131 3399 3487 3354 3534 3383 3044 3339 0 3118 3281 3256 3248 3194 3500 3276 3456 2917 3017 3363 3405 3019 3298 3322 3418 3385 3001 2718
929 1386 874 1017 1258 1085 1190 846 1061 949 996 1161 1029 1165 66 1115 1170 863 854 969 456 409 93 157 475 337 1006 1191 403 873 1029 1092 1044 1038 835 1104 1487 1155 1239 1088 748 1043 5520 0 986 961 191 98 1205 981 1161 227 488 1363 1247 724 1235 1027 1123 1091 706 495
549 427 329 667 359 735 580 301 711 527 162 363 679 265 939 216 211 609 309 928 853 807 967 1101 872 855 656 232 801 187 433 495 84 687 638 754 528 195 628 737 271 693 5683 986 0 78 1116 1062 306 631 362 785 885 403 364 344 275 677 224 131 314 658
493 478 304 612 411 679 524 276 655 472 213 307 623 317 914 268 262 554 284 872 828 781 941 1076 847 830 600 284 776 162 407 470 136 632 583 698 580 247 573 682 246 638 5658 961 78 0 1091 1037 357 575 307 760 860 455 309 319 325 621 276 183 289 633
1059 1517 1004 1148 1388 1216 1321 976 1192 1079 1127 1291 1160 1295 236 1246 1301 994 984 1100 464 336 263 50 368 507 1137 1322 342 1004 1160 1223 1174 1168 966 1234 1618 1285 1369 1218 879 1174 5650 191 1116 1091 0 106 1335 1112 1291 397 381 1494 1377 855 1365 1158 1254 1221 836 625
1005 1463 951 1094 1335 1162 1267 923 1138 1025 1073 1237 1106 1241 143 1192 1247 940 930 1046 505 377 170 72 409 414 1083 1268 383 950 1106 1169 1120 1114 912 1180 1564 1231 1315 1164 825 1120 5597 98 1062 1037 106 0 1281 1058 1237 304 422 1440 1323 801 1311 1104 1200 1167 782 571
828 641 548 946 186 1014 859 520 990 807 232 642 958 93 1158 117 425 889 528 1156 1072 1025 1186 1320 1091 1074 935 446 1020 358 327 319 299 967 918 1033 742 410 908 1017 490 973 5902 1205 306 357 1335 1281 0 910 642 1004 1104 618 596 563 490 956 97 346 533 877
115 667 787 135 963 271 376 759 179 135 766 347 215 870 935 821 575 146 767 464 848 802 962 1096 867 850 74 631 796 714 960 1023 663 155 175 290 691 659 425 274 661 229 5679 981 631 575 1112 1058 910 0 347 780 880 643 447 637 464 213 829 723 619 653
265 398 588 383 695 451 296 560 427 243 498 83 395 602 1114 553 307 325 568 644 1028 981 1141 1276 1047 1030 372 362 976 446 692 755 395 403 354 469 500 391 344 453 530 409 5783 1161 362 307 1291 1237 642 347 0 960 1060 375 179 603 195 393 560 455 573 833
728 1186 673 817 1057 884 989 645 860 748 796 960 828 964 181 915 970 663 653 769 255 208 208 363 274 137 805 991 203 673 829 892 843 837 635 903 1287 954 1038 887 548 843 5319 227 785 760 397 304 1004 780 960 0 287 1162 1046 524 1034 826 923 890 505 294
828 1286 773 917 1157 985 1090 745 961 848 896 1060 928 1064 441 1015 1070 763 753 869 233 105 468 366 101 356 906 1091 111 773 929 992 943 937 735 1003 1387 1054 1138 987 648 943 5419 488 885 860 381 422 1104 880 1060 287 0 1263 1146 624 1134 927 1023 990 605 394
562 92 706 680 671 747 592 678 724 540 474 376 691 578 1317 529 260 622 686 940 1230 1184 1344 1478 1249 1232 669 315 1178 564 810 873 348 700 651 766 193 344 586 750 649 706 5671 1363 403 455 1494 1440 618 643 375 1162 1263 0 306 721 200 689 537 408 691 1035
366 329 590 484 649 551 396 562 527 344 452 180 495 556 1200 507 238 426 570 744 1114 1068 1228 1362 1133 1116 473 293 1062 448 694 756 326 504 455 570 431 322 445 554 532 510 5714 1247 364 309 1377 1323 596 447 179 1046 1146 306 0 605 178 493 515 386 575 919
585 744 232 673 616 741 820 204 717 605 355 603 685 523 678 474 528 519 212 676 592 545 705 839 611 593 662 550 539 240 433 496 402 693 491 760 846 513 869 744 107 699 5422 724 344 319 855 801 563 637 603 524 624 721 605 0 593 683 481 449 64 397
382 223 578 500 543 568 412 550 544 360 346 196 512 449 1188 400 131 442 558 761 1102 1055 1215 1350 1121 1104 489 187 1050 436 681 744 219 520 471 586 324 216 461 570 520 526 5607 1235 275 325 1365 1311 490 464 195 1034 1134 200 178 593 0 510 408 280 563 907
161 713 833 249 1009 111 422 805 293 181 812 393 186 916 981 867 621 192 813 510 894 848 1008 1142 913 896 238 677 842 760 1006 1069 709 270 221 130 532 706 405 114 707 70 5725 1027 677 621 1158 1104 956 213 393 826 927 689 493 683 510 0 875 769 665 699
747 560 466 865 151 933 777 438 909 725 150 561 877 57 1077 54 344 807 446 1075 991 944 1104 1238 1010 992 854 365 938 277 402 394 217 885 836 951 661 328 826 935 409 891 5821 1123 224 276 1254 1200 97 829 560 923 1023 537 515 481 408 875 0 264 451 796
642 431 434 760 399 827 672 406 803 620 202 455 771 306 1044 256 215 702 414 1020 958 911 1072 1206 977 960 748 236 906 292 537 600 89 780 731 846 532 200 721 830 376 786 5705 1091 131 183 1221 1167 346 723 455 890 990 408 386 449 280 769 264 0 419 763
566 714 202 655 586 723 790 174 699 586 325 573 667 493 660 444 498 501 182 657 573 527 687 821 592 575 644 520 521 210 403 466 372 675 473 742 816 483 839 725 77 681 5403 706 314 289 836 782 533 619 573 505 605 691 575 64 563 665 451 419 0 378
601 1059 546 690 930 757 862 518 733 621 669 833 701 837 449 788 843 536 526 642 362 316 476 610 381 364 679 864 310 546 702 765 716 710 508 776 1160 827 911 760 421 716 5120 495 658 633 625 571 877 653 833 294 394 1035 919 397 907 699 796 763 378 0
EOF