NAME : tsp_problem
TYPE : TSP
DIMENSION : 76
EDGE_WEIGHT_TYPE : EXPLICIT
EDGE_WEIGHT_FORMAT : FULL_MATRIX
EDGE_WEIGHT_SECTION
0 195 784 1039 739 264 101 480 597 105 826 693 524 153 1553 466 787 990 1102 1013 235 865 516 290 1047 933 463 684 961 381 425 655 482 1398 1067 554 484 333 522 630 212 271 899 220 545 239 82 391 369 950 575 523 254 1110 512 276 596 829 840 316 613 797 160 518 492 671 459 948 311 427 732 261 1556 733 3067 572
195 0 882 1137 901 220 277 401 517 124 924 856 445 251 1651 629 885 1087 1200 1111 333 1028 614 246 1145 1030 626 847 1059 479 523 753 645 1496 1165 717 647 431 685 793 168 369 997 141 707 160 258 488 532 1047 738 685 351 1208 675 232 759 992 938 273 534 960 258 681 590 834 415 1046 409 590 894 217 1654 831 3082 735
784 882 0 841 390 891 778 892 840 792 628 435 936 708 1355 589 61 791 904 814 689 237 918 917 849 734 357 546 763 782 826 457 605 1200 869 677 607 682 384 493 817 672 700 888 643 823 759 792 492 751 438 385 567 912 635 838 459 201 641 725 823 169 695 608 894 533 982 750 712 550 192 888 1358 535 2869 434
1039 1137 841 0 1161 1146 1121 1422 1539 1047 368 1181 1467 964 1449 1214 844 234 115 211 944 1044 1173 1172 55 271 982 1171 262 1037 1081 552 1230 1295 74 1302 1232 938 1009 1118 1072 928 157 1163 1292 1182 1102 1047 1117 353 1063 1010 822 123 1260 1094 1084 1008 502 1295 1550 976 950 1265 1149 1158 1237 111 968 1175 961 1143 1452 333 2964 1060
739 901 390 1161 0 983 721 752 474 823 948 87 677 871 1674 532 400 1111 1224 1134 924 443 1198 1009 1169 1054 300 283 1083 1062 1106 777 404 1520 1188 348 406 917 327 436 930 952 1020 831 277 765 702 1072 434 1071 381 328 801 1232 371 995 196 219 961 668 457 258 879 241 1174 270 1177 1070 992 349 241 980 1677 855 3189 377
264 220 891 1146 983 0 346 505 622 194 933 937 550 198 1659 711 894 1096 1209 1119 342 1058 453 71 1153 1039 707 928 1068 387 431 762 727 1505 1173 799 729 440 766 875 92 345 1005 245 789 264 327 464 613 1056 820 767 360 1216 756 157 841 1022 946 378 638 990 219 762 428 915 211 1055 385 671 925 42 1662 840 3174 816
101 277 778 1121 721 346 0 465 582 186 908 676 509 234 1634 449 789 1071 1184 1094 317 848 598 372 1128 1014 445 667 1043 462 506 737 465 1480 1148 537 467 415 504 613 293 353 980 302 527 321 65 472 352 1031 558 505 335 1192 495 358 579 811 921 298 598 779 242 500 574 653 540 1030 393 410 714 343 1637 815 3149 555
480 401 892 1422 752 505 465 0 304 410 1209 706 232 536 1936 562 902 1372 1485 1396 618 961 899 531 1430 1315 558 780 1344 764 808 1038 578 1781 1450 650 580 716 618 726 453 654 1282 330 637 264 446 773 465 1333 671 618 637 1493 608 517 692 925 1223 206 321 893 543 601 875 766 700 1331 694 523 827 502 1939 1116 3061 668
597 517 840 1539 474 622 582 304 0 526 1326 429 230 652 2052 614 851 1489 1602 1512 735 894 1016 648 1547 1432 610 625 1461 880 924 1155 486 1898 1566 430 488 833 669 777 569 771 1398 447 359 381 563 890 516 1449 722 669 753 1610 453 634 537 670 1339 323 115 709 660 324 992 612 816 1448 811 432 692 619 2055 1233 3178 719
105 124 792 1047 823 194 186 410 526 0 834 778 454 160 1560 551 795 997 1110 1020 243 950 524 220 1054 940 547 769 968 388 432 663 567 1406 1074 639 569 340 607 715 141 279 906 150 629 169 167 398 454 957 660 607 261 1117 597 206 681 914 847 282 543 882 168 602 500 755 388 956 319 512 816 191 1563 741 3075 657
826 924 628 368 948 933 908 1209 1326 834 0 967 1253 750 1236 1001 631 437 436 461 731 830 960 959 376 261 768 958 409 824 868 338 1017 1081 396 1088 1019 724 796 905 859 714 228 949 1079 968 889 834 903 278 850 797 609 444 1046 880 870 794 288 1082 1337 762 737 1052 936 945 1024 277 754 961 747 930 1239 118 2750 846
693 856 435 1181 87 937 676 706 429 778 967 0 632 826 1694 486 446 1131 1244 1154 908 489 1190 963 1188 1074 254 238 1102 1054 1098 796 359 1539 1208 303 361 937 282 390 885 944 1040 786 232 720 657 1064 389 1091 335 282 821 1251 325 949 150 265 981 622 411 304 834 196 1166 225 1132 1089 984 304 287 935 1697 874 3209 332
524 445 936 1467 677 550 509 232 230 454 1253 632 0 580 1980 607 946 1417 1530 1440 662 1005 944 576 1474 1360 603 824 1388 808 852 1082 622 1825 1494 634 625 760 662 770 497 698 1326 375 562 309 490 818 509 1377 715 663 681 1537 652 562 736 873 1267 251 246 912 588 527 920 811 744 1375 738 567 872 547 1983 1161 3106 712
153 251 708 964 871 198 234 536 652 160 750 826 580 0 1477 599 711 914 1026 937 159 876 408 224 971 857 596 817 885 272 316 579 615 1322 991 687 617 257 655 763 124 163 823 276 678 295 215 282 502 874 708 656 178 1034 645 146 729 840 764 409 669 808 37 651 384 804 392 872 203 560 743 195 1480 657 2992 705
1553 1651 1355 1449 1674 1659 1634 1936 2052 1560 1236 1694 1980 1477 0 1727 1358 1399 1512 1423 1458 1557 1686 1685 1457 1342 1495 1685 1371 1551 1595 993 1743 446 1477 1815 1745 1451 1523 1631 1585 1441 1309 1676 1805 1695 1615 1560 1630 1359 1576 1523 1335 1520 1773 1607 1597 1521 1250 1809 2064 1489 1463 1779 1662 1671 1751 1358 1481 1688 1474 1657 177 1143 1799 1573
466 629 589 1214 532 711 449 562 614 551 1001 486 607 599 1727 0 599 1164 1277 1187 682 658 963 737 1221 1107 256 477 1136 827 871 830 275 1573 1241 347 277 780 297 208 658 718 1073 559 338 493 430 837 119 1124 351 298 700 1284 305 723 389 622 1014 395 596 590 607 311 939 464 905 1123 758 220 525 708 1730 908 3242 348
787 885 61 844 400 894 789 902 851 795 631 446 946 711 1358 599 0 794 907 817 692 248 921 920 852 737 367 557 766 785 829 460 615 1203 872 687 617 685 395 503 820 675 703 899 654 833 770 795 502 754 448 395 570 915 645 841 469 212 644 735 834 180 698 618 897 543 985 753 715 560 203 891 1361 538 2872 445
990 1087 791 234 1111 1096 1071 1372 1489 997 437 1131 1417 914 1399 1164 794 0 128 38 894 994 1123 1122 199 458 932 1121 43 987 1031 502 1180 1245 172 1252 1182 888 959 1068 1022 878 344 1113 1242 1132 1052 997 1067 540 1013 960 772 135 1210 1044 1034 958 330 1245 1500 926 900 1215 1099 1108 1187 298 918 1125 911 1093 1402 344 2914 1010
1102 1200 904 115 1224 1209 1184 1485 1602 1110 436 1244 1530 1026 1512 1277 907 128 0 104 1007 1107 1236 1235 80 339 1045 1234 156 1100 1144 614 1293 1357 54 1365 1295 1001 1072 1181 1135 990 225 1225 1355 1244 1165 1110 1179 421 1126 1073 885 51 1322 1156 1147 1070 442 1358 1613 1038 1013 1328 1212 1221 1300 179 1030 1237 1023 1206 1515 401 3027 1122
1013 1111 814 211 1134 1119 1094 1396 1512 1020 461 1154 1440 937 1423 1187 817 38 104 0 918 1017 1146 1145 176 434 955 1145 66 1011 1054 525 1203 1268 149 1275 1205 911 983 1091 1045 901 321 1136 1265 1155 1075 1020 1090 517 1036 983 795 112 1233 1067 1057 981 353 1268 1524 949 923 1238 1122 1131 1210 275 941 1148 934 1116 1426 368 2937 1033
235 333 689 944 924 342 317 618 735 243 731 908 662 159 1458 682 692 894 1007 918 0 857 421 368 952 837 678 899 866 286 330 560 698 1303 972 770 700 238 737 846 268 176 804 358 760 377 298 295 585 854 791 738 158 1015 727 289 812 821 745 491 751 789 162 733 397 886 485 853 216 643 723 339 1461 638 2972 787
865 1028 237 1044 443 1058 848 961 894 950 830 489 1005 876 1557 658 248 994 1107 1017 857 0 1120 1084 1051 937 426 615 965 985 1028 659 674 1402 1071 746 676 850 453 562 984 875 903 958 697 892 829 994 561 954 507 454 734 1114 704 1006 528 270 844 794 877 238 871 661 1096 602 1184 952 915 619 261 1056 1560 737 3072 504
516 614 918 1173 1198 453 598 899 1016 524 960 1190 944 408 1686 963 921 1123 1236 1146 421 1120 0 438 1180 1066 959 1181 1095 187 231 789 979 1532 1200 1051 981 512 1019 1127 516 292 1032 640 1041 659 579 341 866 1083 1072 1019 432 1244 1009 538 1093 1084 973 772 1033 1052 387 1014 44 1167 317 1082 239 924 997 479 1689 867 3201 1069
290 246 917 1172 1009 71 372 531 648 220 959 963 576 224 1685 737 920 1122 1235 1145 368 1084 438 0 1180 1065 733 954 1094 373 417 788 753 1531 1199 825 755 466 792 901 119 371 1031 271 815 291 353 490 640 1082 846 793 386 1243 783 183 867 1048 972 404 664 1016 245 788 414 941 196 1081 411 698 951 68 1689 866 3200 843
1047 1145 849 55 1169 1153 1128 1430 1547 1054 376 1188 1474 971 1457 1221 852 199 80 176 952 1051 1180 1180 0 278 989 1179 227 1045 1089 559 1237 1302 40 1309 1239 945 1017 1125 1080 935 165 1170 1300 1189 1110 1055 1124 361 1070 1017 830 88 1267 1101 1091 1015 509 1303 1558 983 957 1273 1156 1166 1245 119 975 1182 968 1151 1460 340 2971 1067
933 1030 734 271 1054 1039 1014 1315 1432 940 261 1074 1360 857 1342 1107 737 458 339 434 837 937 1066 1065 278 0 875 1064 486 930 974 445 1123 1188 298 1195 1125 831 902 1011 965 821 130 1056 1185 1075 995 940 1010 246 956 903 715 347 1153 987 977 901 395 1188 1443 869 843 1158 1042 1051 1130 180 861 1068 854 1036 1345 226 2857 953
463 626 357 982 300 707 445 558 610 547 768 254 603 596 1495 256 367 932 1045 955 678 426 959 733 989 875 0 245 903 824 867 597 272 1340 1009 343 274 738 83 191 655 714 841 555 334 490 426 833 158 892 136 83 622 1052 301 719 157 390 782 392 593 358 603 307 935 231 902 890 754 216 292 704 1498 675 3010 133
684 847 546 1171 283 928 667 780 625 769 958 238 824 817 1685 477 557 1121 1234 1145 899 615 1181 954 1179 1064 245 0 1093 1045 1089 787 493 1530 1199 499 495 927 272 381 876 935 1031 777 428 711 648 1055 380 1082 326 273 812 1242 521 940 141 479 972 613 608 518 824 392 1157 104 1123 1080 975 438 482 926 1688 865 3199 323
961 1059 763 262 1083 1068 1043 1344 1461 968 409 1102 1388 885 1371 1136 766 43 156 66 866 965 1095 1094 227 486 903 1093 0 959 1003 473 1151 1216 201 1223 1153 859 931 1039 994 849 372 1084 1214 1103 1024 969 1038 533 984 932 744 164 1181 1015 1005 929 301 1217 1472 897 871 1187 1070 1080 1159 326 889 1096 882 1065 1374 316 2885 981
381 479 782 1037 1062 387 462 764 880 388 824 1054 808 272 1551 827 785 987 1100 1011 286 985 187 373 1045 930 824 1045 959 0 67 653 843 1396 1065 915 845 376 883 991 381 157 897 504 906 523 443 205 730 948 936 884 297 1108 873 402 957 949 838 637 897 917 251 879 163 1032 251 946 103 788 862 413 1554 731 3065 933
425 523 826 1081 1106 431 506 808 924 432 868 1098 852 316 1595 871 829 1031 1144 1054 330 1028 231 417 1089 974 867 1089 1003 67 0 697 887 1440 1109 959 889 420 927 1035 424 201 940 548 949 567 487 249 774 991 980 927 341 1152 917 446 1001 992 881 680 941 960 295 922 207 1075 295 990 147 832 905 457 1598 775 3109 977
655 753 457 552 777 762 737 1038 1155 663 338 796 1082 579 993 830 460 502 614 525 560 659 789 788 559 445 597 787 473 653 697 0 846 838 579 917 848 553 625 733 688 543 411 778 908 797 718 663 732 462 679 626 438 622 875 709 699 623 352 911 1166 591 565 881 765 774 853 460 583 790 576 759 996 245 2507 675
482 645 605 1230 404 727 465 578 486 567 1017 359 622 615 1743 275 615 1180 1293 1203 698 674 979 753 1237 1123 272 493 1151 843 887 846 0 1589 1257 153 70 796 331 439 674 734 1089 575 210 509 446 853 178 1140 384 332 716 1300 178 739 405 600 1030 411 469 606 623 183 955 480 921 1139 774 71 540 724 1746 924 3258 381
1398 1496 1200 1295 1520 1505 1480 1781 1898 1406 1081 1539 1825 1322 446 1573 1203 1245 1357 1268 1303 1402 1532 1531 1302 1188 1340 1530 1216 1396 1440 838 1589 0 1322 1660 1591 1296 1368 1476 1431 1286 1154 1521 1651 1540 1461 1406 1475 1205 1421 1369 1181 1365 1618 1452 1442 1366 1095 1654 1909 1334 1308 1624 1508 1517 1596 1203 1326 1533 1319 1502 449 988 1961 1418
1067 1165 869 74 1188 1173 1148 1450 1566 1074 396 1208 1494 991 1477 1241 872 172 54 149 972 1071 1200 1199 40 298 1009 1199 201 1065 1109 579 1257 1322 0 1329 1259 965 1037 1145 1099 955 185 1190 1319 1209 1129 1074 1144 381 1090 1037 849 61 1287 1121 1111 1035 487 1323 1578 1003 977 1293 1176 1185 1264 138 995 1202 988 1171 1480 360 2991 1087
554 717 677 1302 348 799 537 650 430 639 1088 303 634 687 1815 347 687 1252 1365 1275 770 746 1051 825 1309 1195 343 499 1223 915 959 917 153 1660 1329 0 155 867 403 511 746 806 1161 647 154 581 518 925 250 1212 456 403 788 1372 186 811 411 544 1102 483 413 583 695 128 1027 486 993 1211 845 143 566 796 1818 996 3330 453
484 647 607 1232 406 729 467 580 488 569 1019 361 625 617 1745 277 617 1182 1295 1205 700 676 981 755 1239 1125 274 495 1153 845 889 848 70 1591 1259 155 0 798 333 441 676 736 1091 577 212 511 448 855 180 1142 386 334 718 1302 180 741 407 602 1032 413 471 608 625 185 957 482 923 1141 776 73 543 726 1748 926 3260 383
333 431 682 938 917 440 415 716 833 340 724 937 760 257 1451 780 685 888 1001 911 238 850 512 466 945 831 738 927 859 376 420 553 796 1296 965 867 798 0 765 874 366 266 797 456 858 475 396 386 682 848 819 766 152 1008 825 387 840 814 738 589 849 782 252 831 488 914 576 846 306 740 717 437 1454 631 2966 816
522 685 384 1009 327 766 504 618 669 607 796 282 662 655 1523 297 395 959 1072 983 737 453 1019 792 1017 902 83 272 931 883 927 625 331 1368 1037 403 333 765 0 150 714 773 869 615 393 549 486 893 218 919 95 43 650 1080 361 778 185 417 810 451 651 385 662 366 994 259 961 918 813 276 320 763 1526 703 3037 92
630 793 493 1118 436 875 613 726 777 715 905 390 770 763 1631 208 503 1068 1181 1091 846 562 1127 901 1125 1011 191 381 1039 991 1035 733 439 1476 1145 511 441 874 150 0 822 882 977 723 501 657 594 1001 303 1028 204 151 758 1188 469 887 293 526 918 559 760 494 771 475 1103 367 1069 1027 922 384 428 872 1634 812 3146 201
212 168 817 1072 930 92 293 453 569 141 859 885 497 124 1585 658 820 1022 1135 1045 268 984 516 119 1080 965 655 876 994 381 424 688 674 1431 1099 746 676 366 714 822 0 271 931 193 736 212 274 390 561 982 767 714 286 1143 704 83 788 948 872 326 586 916 145 710 492 862 287 981 311 619 851 90 1588 766 3100 764
271 369 672 928 952 345 353 654 771 279 714 944 698 163 1441 718 675 878 990 901 176 875 292 371 935 821 714 935 849 157 201 543 734 1286 955 806 736 266 773 882 271 0 787 394 796 413 334 213 620 838 827 774 187 998 763 293 848 839 728 527 787 807 141 769 268 922 356 836 87 678 752 342 1444 621 2956 823
899 997 700 157 1020 1005 980 1282 1398 906 228 1040 1326 823 1309 1073 703 344 225 321 804 903 1032 1031 165 130 841 1031 372 897 940 411 1089 1154 185 1161 1091 797 869 977 931 787 0 1022 1151 1041 961 906 976 212 922 869 681 233 1119 953 943 867 361 1155 1410 835 809 1124 1008 1017 1096 66 827 1034 820 1002 1312 192 2823 919
220 141 888 1163 831 245 302 330 447 150 949 786 375 276 1676 559 899 1113 1225 1136 358 958 640 271 1170 1056 555 777 1084 504 548 778 575 1521 1190 647 577 456 615 723 193 394 1022 0 637 90 283 514 462 1073 668 615 377 1233 605 257 689 921 963 203 463 890 283 610 615 763 440 1071 434 520 824 243 1679 856 3012 665
545 707 643 1292 277 789 527 637 359 629 1079 232 562 678 1805 338 654 1242 1355 1265 760 697 1041 815 1300 1185 334 428 1214 906 949 908 210 1651 1319 154 212 858 393 501 736 796 1151 637 0 571 508 915 240 1202 447 394 778 1363 177 801 340 473 1092 474 342 512 685 56 1017 414 983 1201 836 155 495 786 1809 986 3320 443
239 160 823 1182 765 264 321 264 381 169 968 720 309 295 1695 493 833 1132 1244 1155 377 892 659 291 1189 1075 490 711 1103 523 567 797 509 1540 1209 581 511 475 549 657 212 413 1041 90 571 0 302 533 396 1092 602 549 396 1252 539 277 623 856 982 137 398 824 303 545 635 697 459 1090 453 454 758 262 1698 875 2950 599
82 258 759 1102 702 327 65 446 563 167 889 657 490 215 1615 430 770 1052 1165 1075 298 829 579 353 1110 995 426 648 1024 443 487 718 446 1461 1129 518 448 396 486 594 274 334 961 283 508 302 0 453 333 1012 539 486 316 1173 476 339 560 793 902 279 579 761 223 481 555 634 521 1011 374 391 695 324 1618 796 3130 536
391 488 792 1047 1072 464 472 773 890 398 834 1064 818 282 1560 837 795 997 1110 1020 295 994 341 490 1055 940 833 1055 969 205 249 663 853 1406 1074 925 855 386 893 1001 390 213 906 514 915 533 453 0 740 957 946 893 306 1118 883 412 967 958 847 646 907 926 261 888 317 1041 405 956 183 798 871 461 1563 741 3075 943
369 532 492 1117 434 613 352 465 516 454 903 389 509 502 1630 119 502 1067 1179 1090 585 561 866 640 1124 1010 158 380 1038 730 774 732 178 1475 1144 250 180 682 218 303 561 620 976 462 240 396 333 740 0 1027 271 218 603 1187 208 626 292 525 917 298 499 493 510 213 842 366 808 1025 660 123 427 611 1633 810 3145 268
950 1047 751 353 1071 1056 1031 1333 1449 957 278 1091 1377 874 1359 1124 754 540 421 517 854 954 1083 1082 361 246 892 1082 533 948 991 462 1140 1205 381 1212 1142 848 919 1028 982 838 212 1073 1202 1092 1012 957 1027 0 973 920 732 429 1170 1004 994 918 412 1205 1461 886 860 1175 1059 1068 1147 262 878 1085 871 1053 1362 243 2874 970
575 738 438 1063 381 820 558 671 722 660 850 335 715 708 1576 351 448 1013 1126 1036 791 507 1072 846 1070 956 136 326 984 936 980 679 384 1421 1090 456 386 819 95 204 767 827 922 668 447 602 539 946 271 973 0 85 703 1133 414 832 238 471 863 504 705 439 716 420 1048 312 1014 972 867 329 373 817 1579 757 3091 52
523 685 385 1010 328 767 505 618 669 607 797 282 663 656 1523 298 395 960 1073 983 738 454 1019 793 1017 903 83 273 932 884 927 626 332 1369 1037 403 334 766 43 151 714 774 869 615 394 549 486 893 218 920 85 0 650 1081 361 779 185 418 810 452 652 386 663 367 995 260 961 919 814 276 321 764 1526 704 3038 71
254 351 567 822 801 360 335 637 753 261 609 821 681 178 1335 700 570 772 885 795 158 734 432 386 830 715 622 812 744 297 341 438 716 1181 849 788 718 152 650 758 286 187 681 377 778 396 316 306 603 732 703 650 0 893 746 308 724 698 622 509 770 666 173 751 408 798 496 731 227 661 601 357 1338 516 2850 700
1110 1208 912 123 1232 1216 1192 1493 1610 1117 444 1251 1537 1034 1520 1284 915 135 51 112 1015 1114 1244 1243 88 347 1052 1242 164 1108 1152 622 1300 1365 61 1372 1302 1008 1080 1188 1143 998 233 1233 1363 1252 1173 1118 1187 429 1133 1081 893 0 1330 1164 1154 1078 450 1366 1621 1046 1020 1336 1219 1229 1308 187 1038 1245 1031 1214 1523 409 3034 1130
512 675 635 1260 371 756 495 608 453 597 1046 325 652 645 1773 305 645 1210 1322 1233 727 704 1009 783 1267 1153 301 521 1181 873 917 875 178 1618 1287 186 180 825 361 469 704 763 1119 605 177 539 476 883 208 1170 414 361 746 1330 0 769 434 566 1060 441 435 605 653 150 985 508 951 1168 803 123 570 754 1776 953 3288 411
276 232 838 1094 995 157 358 517 634 206 880 949 562 146 1607 723 841 1044 1156 1067 289 1006 538 183 1101 987 719 940 1015 402 446 709 739 1452 1121 811 741 387 778 887 83 293 953 257 801 277 339 412 626 1004 832 779 308 1164 769 0 853 970 894 390 650 938 167 774 514 927 351 1002 333 684 873 154 1610 787 3122 829
596 759 459 1084 196 841 579 692 537 681 870 150 736 729 1597 389 469 1034 1147 1057 812 528 1093 867 1091 977 157 141 1005 957 1001 699 405 1442 1111 411 407 840 185 293 788 848 943 689 340 623 560 967 292 994 238 185 724 1154 434 853 0 391 884 525 520 430 737 304 1069 128 1035 993 888 350 394 838 1600 778 3112 235
829 992 201 1008 219 1022 811 925 670 914 794 265 873 840 1521 622 212 958 1070 981 821 270 1084 1048 1015 901 390 479 929 949 992 623 600 1366 1035 544 602 814 417 526 948 839 867 921 473 856 793 958 525 918 471 418 698 1078 566 970 391 0 808 758 653 70 835 437 1060 466 1148 916 879 545 210 1019 1524 701 3035 467
840 938 641 502 961 946 921 1223 1339 847 288 981 1267 764 1250 1014 644 330 442 353 745 844 973 972 509 395 782 972 301 838 881 352 1030 1095 487 1102 1032 738 810 918 872 728 361 963 1092 982 902 847 917 412 863 810 622 450 1060 894 884 808 0 1095 1351 776 750 1065 949 958 1037 411 768 975 761 943 1253 195 2764 860
316 273 725 1295 668 378 298 206 323 282 1082 622 251 409 1809 395 735 1245 1358 1268 491 794 772 404 1303 1188 392 613 1217 637 680 911 411 1654 1323 483 413 589 451 559 326 527 1155 203 474 137 279 646 298 1205 504 452 509 1366 441 390 525 758 1095 0 339 726 416 447 748 600 573 1204 567 356 661 375 1812 989 2998 501
613 534 823 1550 457 638 598 321 115 543 1337 411 246 669 2064 596 834 1500 1613 1524 751 877 1033 664 1558 1443 593 608 1472 897 941 1166 469 1909 1578 413 471 849 651 760 586 787 1410 463 342 398 579 907 499 1461 705 652 770 1621 435 650 520 653 1351 339 0 691 676 306 1008 594 833 1459 827 414 675 636 2067 1244 3194 702
797 960 169 976 258 990 779 893 709 882 762 304 912 808 1489 590 180 926 1038 949 789 238 1052 1016 983 869 358 518 897 917 960 591 606 1334 1003 583 608 782 385 494 916 807 835 890 512 824 761 926 493 886 439 386 666 1046 605 938 430 70 776 726 691 0 803 476 1028 504 1116 884 847 551 193 988 1492 669 3004 436
160 258 695 950 879 219 242 543 660 168 737 834 588 37 1463 607 698 900 1013 923 162 871 387 245 957 843 603 824 871 251 295 565 623 1308 977 695 625 252 662 771 145 141 809 283 685 303 223 261 510 860 716 663 173 1020 653 167 737 835 750 416 676 803 0 658 363 811 414 859 181 568 738 217 1466 644 2978 713
518 681 608 1265 241 762 500 601 324 602 1052 196 527 651 1779 311 618 1215 1328 1238 733 661 1014 788 1273 1158 307 392 1187 879 922 881 183 1624 1293 128 185 831 366 475 710 769 1124 610 56 545 481 888 213 1175 420 367 751 1336 150 774 304 437 1065 447 306 476 658 0 990 379 957 1174 809 129 459 759 1782 959 3293 416
492 590 894 1149 1174 428 574 875 992 500 936 1166 920 384 1662 939 897 1099 1212 1122 397 1096 44 414 1156 1042 935 1157 1070 163 207 765 955 1508 1176 1027 957 488 994 1103 492 268 1008 615 1017 635 555 317 842 1059 1048 995 408 1219 985 514 1069 1060 949 748 1008 1028 363 990 0 1143 293 1058 215 900 973 455 1665 843 3177 1045
671 834 533 1158 270 915 653 766 612 755 945 225 811 804 1671 464 543 1108 1221 1131 886 602 1167 941 1166 1051 231 104 1080 1032 1075 774 480 1517 1185 486 482 914 259 367 862 922 1017 763 414 697 634 1041 366 1068 312 260 798 1229 508 927 128 466 958 600 594 504 811 379 1143 0 1109 1067 962 424 469 912 1674 852 3186 309
459 415 982 1237 1177 211 540 700 816 388 1024 1132 744 392 1751 905 985 1187 1300 1210 485 1184 317 196 1245 1130 902 1123 1159 251 295 853 921 1596 1264 993 923 576 961 1069 287 356 1096 440 983 459 521 405 808 1147 1014 961 496 1308 951 351 1035 1148 1037 573 833 1116 414 957 293 1109 0 1146 303 866 1061 237 1754 931 3265 1011
948 1046 750 111 1070 1055 1030 1331 1448 956 277 1089 1375 872 1358 1123 753 298 179 275 853 952 1082 1081 119 180 890 1080 326 946 990 460 1139 1203 138 1211 1141 846 918 1027 981 836 66 1071 1201 1090 1011 956 1025 262 972 919 731 187 1168 1002 993 916 411 1204 1459 884 859 1174 1058 1067 1146 0 876 1083 869 1052 1361 241 2873 968
311 409 712 968 992 385 393 694 811 319 754 984 738 203 1481 758 715 918 1030 941 216 915 239 411 975 861 754 975 889 103 147 583 774 1326 995 845 776 306 813 922 311 87 827 434 836 453 374 183 660 878 867 814 227 1038 803 333 888 879 768 567 827 847 181 809 215 962 303 876 0 718 792 382 1484 661 2995 863
427 590 550 1175 349 671 410 523 432 512 961 304 567 560 1688 220 560 1125 1237 1148 643 619 924 698 1182 1068 216 438 1096 788 832 790 71 1533 1202 143 73 740 276 384 619 678 1034 520 155 454 391 798 123 1085 329 276 661 1245 123 684 350 545 975 356 414 551 568 129 900 424 866 1083 718 0 485 669 1691 868 3203 326
732 894 192 961 241 925 714 827 692 816 747 287 872 743 1474 525 203 911 1023 934 723 261 997 951 968 854 292 482 882 862 905 576 540 1319 988 566 543 717 320 428 851 752 820 824 495 758 695 871 427 871 373 321 601 1031 570 873 394 210 761 661 675 193 738 459 973 469 1061 869 792 485 0 922 1477 654 2988 370
261 217 888 1143 980 42 343 502 619 191 930 935 547 195 1657 708 891 1093 1206 1116 339 1056 479 68 1151 1036 704 926 1065 413 457 759 724 1502 1171 796 726 437 763 872 90 342 1002 243 786 262 324 461 611 1053 817 764 357 1214 754 154 838 1019 943 375 636 988 217 759 455 912 237 1052 382 669 922 0 1660 837 3171 814
1556 1654 1358 1452 1677 1662 1637 1939 2055 1563 1239 1697 1983 1480 177 1730 1361 1402 1515 1426 1461 1560 1689 1689 1460 1345 1498 1688 1374 1554 1598 996 1746 449 1480 1818 1748 1454 1526 1634 1588 1444 1312 1679 1809 1698 1618 1563 1633 1362 1579 1526 1338 1523 1776 1610 1600 1524 1253 1812 2067 1492 1466 1782 1665 1674 1754 1361 1484 1691 1477 1660 0 1146 1802 1576
733 831 535 333 855 840 815 1116 1233 741 118 874 1161 657 1143 908 538 344 401 368 638 737 867 866 340 226 675 865 316 731 775 245 924 988 360 996 926 631 703 812 766 621 192 856 986 875 796 741 810 243 757 704 516 409 953 787 778 701 195 989 1244 669 644 959 843 852 931 241 661 868 654 837 1146 0 2658 753
3029 3126 2830 2925 3150 3135 3110 3116 3232 3036 2712 3170 3160 2953 1760 3203 2833 2875 2988 2898 2934 3033 3162 3161 2933 2818 2971 3161 2847 3027 3070 2468 3219 1922 2952 3291 3221 2927 2999 3107 3061 2917 2784 3055 3281 2994 3091 3036 3106 2835 3052 2999 2811 2996 3249 3083 3073 2997 2725 3053 3249 2965 2939 3254 3138 3147 3226 2834 2957 3164 2950 3132 1763 2619 0 3049
572 735 434 1060 377 816 555 668 719 657 846 332 712 705 1573 348 445 1010 1122 1033 787 504 1069 843 1067 953 133 323 981 933 977 675 381 1418 1087 453 383 816 92 201 764 823 919 665 443 599 536 943 268 970 52 71 700 1130 411 829 235 467 860 501 702 436 713 416 1045 309 1011 968 863 326 370 814 1576 753 3087 0
EOF