NAME : tsp_problem
TYPE : TSP
DIMENSION : 15
EDGE_WEIGHT_TYPE : EXPLICIT
EDGE_WEIGHT_FORMAT : FULL_MATRIX
EDGE_WEIGHT_SECTION
0 511 124 822 290 793 3436 1051 377 139 142 291 568 399 605
511 0 543 1000 369 1212 3394 1008 379 514 517 534 988 395 1024
124 543 0 736 323 707 3469 1083 409 172 175 324 482 431 518
822 1000 736 0 899 609 3326 940 705 869 872 1009 484 1078 481
290 369 323 899 0 991 3327 942 268 294 297 243 767 207 803
793 1212 707 609 991 0 3605 1220 934 840 843 980 455 1100 219
3398 3355 3430 3287 3289 3567 0 3135 3095 3401 3404 3421 3342 3468 3379
1051 1008 1083 940 942 1220 3173 0 748 1054 1057 1074 995 1121 1032
377 379 409 705 268 934 3134 748 0 381 383 400 710 448 746
139 514 172 869 294 840 3440 1054 381 0 57 295 616 403 652
142 517 175 872 297 843 3443 1057 383 57 0 298 619 405 655
291 534 324 1009 243 980 3460 1074 400 295 298 0 756 280 792
568 988 482 484 767 455 3381 995 710 616 619 756 0 876 267
399 395 431 1078 207 1100 3507 1121 448 403 405 280 876 0 912
605 1024 518 481 803 219 3417 1032 746 652 655 792 267 912 0
EOF
