NAME : tsp_problem
TYPE : TSP
DIMENSION : 65
EDGE_WEIGHT_TYPE : EXPLICIT
EDGE_WEIGHT_FORMAT : FULL_MATRIX
EDGE_WEIGHT_SECTION
0 600 506 196 585 254 587 572 834 533 815 648 645 2641 2690 358 284 1014 555 616 4282 519 150 934 736 819 680 579 841 432 741 492 322 782 688 4242 430 779 500 785 561 962 498 280 416 628 676 721 591 554 445 995 556 686 672 330 622 2826 613 420 1135 529 402 602 213
600 0 484 745 1044 803 566 1030 1383 1082 1273 492 1103 2854 2902 907 833 1472 533 1165 4494 1068 699 1482 1194 1278 1138 197 1390 890 1200 347 695 1240 409 4455 888 1237 1049 1243 527 1511 354 829 959 472 1225 1180 1095 1012 993 1543 296 1145 1132 328 1171 3038 1072 793 1347 1078 951 1151 434
506 484 0 651 950 709 213 936 1289 988 1179 177 1009 2760 2808 813 739 1378 115 1071 4400 974 605 1388 1100 1183 1044 463 1296 796 1106 376 601 1146 218 4361 794 1143 955 1149 90 1417 382 735 865 157 1131 1086 1001 918 899 1449 440 1051 1038 235 1077 2944 978 699 1253 984 857 1057 340
196 745 651 0 605 92 732 717 672 371 835 793 538 2786 2834 196 122 877 699 454 4426 357 81 771 756 838 825 723 679 577 761 636 424 927 833 4387 574 799 337 804 705 800 643 117 253 773 514 741 429 699 282 832 701 706 510 475 460 2971 633 565 1279 367 240 440 358
585 1044 950 605 0 598 1031 289 476 527 272 1091 102 3085 3133 435 628 471 998 514 4725 513 652 575 193 276 397 1022 483 407 198 935 766 499 1132 4686 405 236 330 242 1004 604 942 624 553 1071 442 178 838 271 576 636 999 143 131 774 520 3270 70 479 1578 403 540 669 657
254 803 709 92 598 0 790 775 666 364 828 851 531 2844 2892 189 63 870 758 447 4485 350 140 765 749 832 883 781 672 635 754 694 418 985 891 4445 632 792 331 798 764 793 701 59 247 831 507 734 422 757 276 826 759 699 503 533 453 3029 626 623 1338 360 233 433 416
587 566 213 732 1031 790 0 1018 1371 1070 1261 355 1091 2841 2890 895 820 1459 262 1152 4482 1055 686 1470 1182 1265 1126 544 1378 878 1187 457 683 1228 395 4442 875 1225 1036 1230 268 1499 464 816 947 335 1212 1167 1082 1000 981 1531 521 1132 1120 317 1158 3026 1059 781 1335 1065 938 1138 422
572 1030 936 717 289 775 1018 0 723 774 518 1078 348 3072 3120 682 805 642 985 761 4712 760 671 822 439 523 309 1009 730 394 445 922 752 411 1118 4672 391 482 576 488 991 851 928 801 800 1058 689 425 1084 257 822 883 986 390 378 760 767 3256 317 465 1565 650 786 915 643
834 1383 1289 672 476 666 1371 723 0 430 706 1431 410 3425 3473 503 695 319 1338 417 5065 416 720 332 627 588 831 1362 31 842 632 1275 901 810 1472 5026 839 670 477 676 1344 152 1282 691 621 1411 345 612 906 705 502 184 1339 577 382 1114 423 3609 504 913 1918 550 537 594 997
533 1082 988 371 527 364 1070 774 430 0 757 1130 461 3123 3172 202 394 635 1037 211 4764 41 419 529 678 761 882 1061 436 892 683 974 600 984 1170 4724 890 721 272 727 1043 558 980 390 320 1110 271 663 604 756 200 590 1038 628 433 812 217 3308 555 902 1617 302 236 293 695
815 1273 1179 835 272 828 1261 518 706 757 0 1321 332 3315 3363 665 858 701 1228 745 4955 743 883 806 111 506 627 1252 713 637 428 1165 995 729 1361 4915 634 60 560 66 1234 834 1171 854 784 1301 673 408 1068 432 806 867 1229 304 361 1003 750 3499 300 708 1808 633 770 899 886
648 492 177 793 1091 851 355 1078 1431 1130 1321 0 1151 2902 2950 955 881 1520 257 1213 4542 1116 746 1530 1242 1325 1186 375 1438 938 1248 518 743 1288 117 4502 936 1285 1096 1291 111 1559 524 876 1007 57 1273 1227 1143 1060 1041 1591 571 1192 1180 377 1218 3086 1119 841 1395 1126 999 1198 482
645 1103 1009 538 102 531 1091 348 410 461 332 1151 0 3145 3193 369 561 530 1058 448 4785 446 586 509 253 336 457 1082 416 467 258 995 767 559 1191 4745 464 296 263 302 1064 537 1001 557 487 1131 376 238 771 330 509 570 1059 203 64 833 453 3329 130 538 1638 336 473 602 716
2603 2815 2721 2748 3046 2806 2803 3033 3386 3085 3276 2863 3106 0 104 2910 2836 3475 2770 3168 3331 3071 2701 3485 3197 3280 3141 2794 3393 2893 3203 2707 2698 3243 2903 3292 2891 3240 3051 3246 2776 3514 2713 2831 2962 2843 3228 3182 3098 3015 2996 3546 2771 3147 3135 2545 3174 240 3074 2796 1672 3081 2954 3153 2437
2651 2863 2769 2796 3095 2854 2851 3081 3434 3133 3324 2911 3154 104 0 2958 2884 3523 2818 3216 3379 3119 2750 3533 3245 3329 3189 2842 3441 2941 3251 2755 2746 3291 2952 3340 2939 3288 3100 3294 2824 3562 2762 2880 3010 2891 3276 3231 3146 3063 3044 3594 2819 3196 3183 2594 3222 193 3123 2844 1720 3129 3002 3202 2485
358 907 813 196 435 189 895 682 503 202 665 955 369 2949 2997 0 219 708 862 285 4589 187 244 602 586 669 790 886 510 739 591 799 425 892 995 4549 737 629 168 635 868 631 805 215 145 935 345 571 429 664 174 663 863 536 341 637 290 3133 463 727 1442 198 131 331 520
284 833 739 122 628 63 820 805 695 394 858 881 561 2874 2922 219 0 900 787 477 4514 380 169 794 779 862 913 811 702 665 784 724 448 1015 921 4475 662 822 361 828 793 823 731 34 277 861 537 764 452 787 306 856 789 729 533 563 483 3059 656 653 1367 390 263 463 446
1014 1472 1378 877 471 870 1459 642 319 635 701 1520 530 3513 3561 708 900 0 1427 622 5154 620 925 537 622 372 619 1451 326 672 420 1363 1106 595 1560 5114 669 665 682 671 1433 447 1370 896 826 1500 550 464 1110 699 707 479 1428 572 560 1202 628 3698 425 805 2007 755 742 799 1085
555 533 115 699 998 758 262 985 1338 1037 1228 257 1058 2809 2857 862 787 1427 0 1120 4449 1023 653 1437 1149 1232 1093 512 1345 845 1154 425 650 1195 297 4409 843 1192 1003 1198 170 1466 431 783 914 237 1180 1134 1049 967 948 1498 489 1099 1087 284 1125 2993 1026 748 1302 1033 906 1105 389
616 1165 1071 454 514 447 1152 761 417 211 745 1213 448 3206 3255 285 477 622 1120 0 4847 197 502 516 665 748 869 1144 424 880 671 1057 683 971 1253 4807 877 708 355 714 1126 545 1063 473 403 1193 171 650 687 743 283 577 1121 615 420 895 32 3391 542 951 1700 385 319 376 778
4355 4568 4474 4500 4799 4558 4555 4785 5139 4837 5029 4616 4858 3382 3430 4663 4588 5227 4523 4920 0 4823 4454 5238 4949 5033 4894 4546 5145 4646 4955 4459 4451 4996 4656 123 4643 4992 4804 4998 4528 5267 4466 4584 4714 4596 4980 4935 4850 4767 4749 5299 4524 4900 4888 4298 4926 3566 4827 4548 3424 4833 4706 4906 4189
519 1068 974 357 513 350 1055 760 416 41 743 1116 446 3109 3157 187 380 620 1023 197 4750 0 405 515 664 747 868 1047 422 878 669 959 586 970 1156 4710 876 707 258 713 1029 543 966 376 306 1096 257 649 590 742 186 576 1024 614 418 798 203 3294 541 888 1603 288 222 279 681
150 699 605 81 652 140 686 671 720 419 883 746 586 2740 2788 244 169 925 653 502 4380 405 0 819 803 886 779 677 727 531 809 590 421 881 787 4341 528 846 385 852 659 848 597 165 301 726 562 788 477 653 330 880 654 754 558 429 507 2925 681 519 1233 415 288 487 312
934 1482 1388 771 575 765 1470 822 332 529 806 1530 509 3524 3572 602 794 537 1437 516 5164 515 819 0 726 806 930 1461 339 941 731 1374 1000 1028 1571 5125 938 769 576 775 1443 460 1381 790 720 1510 444 711 1005 804 601 492 1438 676 481 1213 522 3708 603 1012 2017 649 636 693 1096
736 1194 1100 756 193 749 1182 439 627 678 111 1242 253 3235 3284 586 779 622 1149 665 4876 664 803 726 0 427 547 1173 634 558 349 1086 916 650 1282 4836 555 74 481 80 1155 755 1092 775 704 1222 593 329 989 353 727 787 1150 225 282 924 671 3420 221 629 1729 554 691 820 807
819 1278 1183 838 276 832 1265 523 588 761 506 1325 336 3319 3367 669 862 372 1232 748 4959 747 886 806 427 0 504 1256 595 556 226 1169 1000 479 1366 4920 553 470 564 476 1238 716 1176 858 787 1305 676 269 1072 505 810 748 1233 377 365 1008 754 3504 230 689 1812 637 774 903 891
680 1138 1044 825 397 883 1126 309 831 882 627 1186 457 3180 3228 790 913 619 1093 869 4820 868 779 930 547 504 0 1117 838 502 552 1030 861 388 1227 4781 500 590 685 596 1099 959 1037 909 908 1166 797 533 1193 365 931 991 1094 498 486 869 875 3364 425 573 1673 758 895 1023 752
579 197 463 723 1022 781 544 1009 1362 1061 1252 375 1082 2833 2881 886 811 1451 512 1144 4473 1047 677 1461 1173 1256 1117 0 1369 869 1178 326 674 1219 291 4433 866 1216 1027 1221 409 1490 333 807 938 355 1204 1158 1073 991 972 1522 275 1123 1111 307 1149 3017 1050 772 1326 1057 930 1129 413
841 1390 1296 679 483 672 1378 730 31 436 713 1438 416 3431 3480 510 702 326 1345 424 5072 422 727 339 634 595 838 1369 0 848 639 1282 908 817 1478 5032 846 677 484 683 1351 145 1288 698 628 1418 352 619 912 712 508 178 1346 584 388 1120 429 3616 511 919 1925 557 544 601 1003
432 890 796 577 407 635 878 394 842 892 637 938 467 2932 2980 739 665 672 845 880 4572 878 531 941 558 556 502 869 848 0 564 782 613 519 979 4533 44 601 695 607 851 969 789 661 797 918 808 543 972 376 826 1002 846 508 496 621 885 3116 435 182 1425 768 783 983 504
741 1200 1106 761 198 754 1187 445 632 683 428 1248 258 3241 3289 591 784 420 1154 671 4881 669 809 731 349 226 552 1178 639 564 0 1091 922 527 1288 4842 561 392 486 398 1160 760 1098 780 710 1228 599 192 994 427 732 793 1156 299 287 930 676 3426 153 635 1734 559 696 825 813
492 347 376 636 935 694 457 922 1275 974 1165 518 995 2745 2794 799 724 1363 425 1057 4386 959 590 1374 1086 1169 1030 326 1282 782 1091 0 587 1132 538 4346 779 1129 940 1134 431 1403 60 720 851 498 1117 1071 986 904 885 1435 303 1036 1024 220 1062 2930 963 685 1239 970 843 1042 326
322 695 601 424 766 418 683 752 901 600 995 743 767 2737 2785 425 448 1106 650 683 4377 586 421 1000 916 1000 861 674 908 613 922 587 0 963 784 4338 610 959 566 965 656 1029 593 443 437 723 743 902 573 734 479 1061 651 867 739 425 688 2921 794 515 1230 596 436 636 309
782 1240 1146 927 499 985 1228 411 810 984 729 1288 559 3282 3330 892 1015 595 1195 971 4922 970 881 1028 650 479 388 1219 817 519 527 1132 963 0 1329 4883 516 693 787 698 1201 938 1139 1011 1010 1268 899 570 1295 468 1033 970 1196 600 588 971 977 3466 527 652 1775 860 997 1126 854
688 409 218 833 1132 891 395 1118 1472 1170 1361 117 1191 2942 2990 995 921 1560 297 1253 4582 1156 787 1571 1282 1366 1227 291 1478 979 1288 538 784 1329 0 4543 976 1325 1137 1331 151 1599 545 917 1047 97 1313 1268 1183 1100 1082 1632 487 1233 1221 418 1259 3127 1160 881 1435 1166 1039 1239 522
4316 4528 4434 4461 4760 4519 4516 4746 5099 4798 4989 4576 4819 3342 3390 4623 4549 5188 4483 4881 123 4784 4415 5198 4910 4993 4854 4507 5106 4606 4916 4420 4411 4956 4617 0 4604 4953 4765 4959 4489 5227 4427 4545 4675 4556 4941 4896 4811 4728 4709 5259 4484 4861 4848 4259 4887 3527 4788 4509 3385 4794 4667 4867 4150
430 888 794 574 405 632 875 391 839 890 634 936 464 2929 2977 737 662 669 843 877 4569 876 528 938 555 553 500 866 846 44 561 779 610 516 976 4530 0 598 692 604 848 967 786 658 794 916 805 541 970 373 823 999 844 506 494 618 883 3114 433 179 1423 766 781 980 501
779 1237 1143 799 236 792 1225 482 670 721 60 1285 296 3278 3327 629 822 665 1192 708 4919 707 846 769 74 470 590 1216 677 601 392 1129 959 693 1325 4879 598 0 524 30 1198 798 1135 818 747 1265 636 372 1032 396 770 830 1193 268 325 967 714 3463 264 672 1772 597 734 863 850
500 1049 955 337 330 331 1036 576 477 272 560 1096 263 3090 3138 168 361 682 1003 355 4730 258 385 576 481 564 685 1027 484 695 486 940 566 787 1137 4691 692 524 0 530 1009 605 947 357 286 1076 415 466 571 558 309 637 1004 431 235 779 361 3275 358 766 1583 136 273 402 662
785 1243 1149 804 242 798 1230 488 676 727 66 1291 302 3284 3332 635 828 671 1198 714 4924 713 852 775 80 476 596 1221 683 607 398 1134 965 698 1331 4885 604 30 530 0 1204 804 1141 823 753 1271 642 378 1038 402 776 836 1199 274 331 973 720 3469 270 678 1778 603 740 868 856
561 527 90 705 1004 764 268 991 1344 1043 1234 111 1064 2815 2863 868 793 1433 170 1126 4455 1029 659 1443 1155 1238 1099 409 1351 851 1160 431 656 1201 151 4415 848 1198 1009 1204 0 1472 437 789 920 91 1186 1140 1055 973 954 1504 495 1105 1093 290 1131 2999 1032 754 1308 1039 912 1111 395
962 1511 1417 800 604 793 1499 851 152 558 834 1559 537 3553 3601 631 823 447 1466 545 5193 543 848 460 755 716 959 1490 145 969 760 1403 1029 938 1599 5153 967 798 605 804 1472 0 1409 819 749 1539 473 740 1033 833 629 61 1467 705 509 1241 551 3737 632 1041 2046 678 665 722 1124
498 354 382 643 942 701 464 928 1282 980 1171 524 1001 2752 2800 805 731 1370 431 1063 4392 966 597 1381 1092 1176 1037 333 1288 789 1098 60 593 1139 545 4353 786 1135 947 1141 437 1409 0 727 857 504 1123 1078 993 910 892 1442 310 1043 1031 227 1069 2937 970 691 1245 976 849 1049 332
280 829 735 117 624 59 816 801 691 390 854 876 557 2870 2918 215 34 896 783 473 4510 376 165 790 775 858 909 807 698 661 780 720 443 1011 917 4471 658 818 357 823 789 819 727 0 273 856 533 760 448 783 301 851 784 725 529 559 479 3055 652 649 1363 386 259 459 442
416 959 865 253 553 247 947 800 621 320 784 1007 487 3001 3049 145 277 826 914 403 4641 306 301 720 704 787 908 938 628 797 710 851 437 1010 1047 4601 794 747 286 753 920 749 857 273 0 987 463 689 441 782 184 781 915 654 459 689 408 3185 581 779 1494 316 141 341 572
628 472 157 773 1071 831 335 1058 1411 1110 1301 57 1131 2882 2930 935 861 1500 237 1193 4522 1096 726 1510 1222 1305 1166 355 1418 918 1228 498 723 1268 97 4482 916 1265 1076 1271 91 1539 504 856 987 0 1253 1207 1123 1040 1021 1571 551 1172 1160 357 1199 3066 1099 821 1375 1106 979 1178 462
676 1225 1131 514 442 507 1212 689 345 271 673 1273 376 3266 3315 345 537 550 1180 171 4907 257 562 444 593 676 797 1204 352 808 599 1117 743 899 1313 4867 805 636 415 642 1186 473 1123 533 463 1253 0 578 747 671 343 505 1181 543 348 955 177 3451 470 879 1760 445 379 436 838
721 1180 1086 741 178 734 1167 425 612 663 408 1227 238 3221 3269 571 764 464 1134 650 4861 649 788 711 329 269 533 1158 619 543 192 1071 902 570 1268 4822 541 372 466 378 1140 740 1078 760 689 1207 578 0 974 407 712 772 1135 279 267 910 656 3406 133 615 1714 539 676 805 793
591 1095 1001 429 838 422 1082 1084 906 604 1068 1143 771 3136 3184 429 452 1110 1049 687 4776 590 477 1005 989 1072 1193 1073 912 972 994 986 573 1295 1183 4737 970 1032 571 1038 1055 1033 993 448 441 1123 747 974 0 1066 483 1066 1051 939 743 825 693 3321 866 915 1629 600 440 487 708
554 1012 918 699 271 757 1000 257 705 756 432 1060 330 3054 3102 664 787 699 967 743 4694 742 653 804 353 505 365 991 712 376 427 904 734 468 1100 4654 373 396 558 402 973 833 910 783 782 1040 671 407 1066 0 804 865 968 372 360 742 749 3238 299 447 1547 632 768 897 625
445 993 899 282 576 276 981 822 502 200 806 1041 509 3035 3083 174 306 707 948 283 4675 186 330 601 727 810 931 972 508 826 732 885 479 1033 1082 4636 823 770 309 776 954 629 892 301 184 1021 343 712 483 804 0 662 949 677 481 724 289 3220 604 814 1528 338 64 185 607
995 1543 1449 832 636 826 1531 883 184 590 867 1591 570 3585 3633 663 856 479 1498 577 5225 576 880 492 787 748 991 1522 178 1002 793 1435 1061 970 1632 5186 999 830 637 836 1504 61 1442 851 781 1571 505 772 1066 865 662 0 1499 738 542 1274 583 3770 664 1073 2078 711 697 755 1157
556 296 440 701 999 759 521 986 1339 1038 1229 571 1059 2810 2858 863 789 1428 489 1121 4450 1024 654 1438 1150 1233 1094 275 1346 846 1156 303 651 1196 487 4411 844 1193 1004 1199 495 1467 310 784 915 551 1181 1135 1051 968 949 1499 0 1100 1088 284 1127 2994 1027 749 1303 1034 907 1106 390
686 1145 1051 706 143 699 1132 390 577 628 304 1192 203 3186 3234 536 729 572 1099 615 4826 614 754 676 225 377 498 1123 584 508 299 1036 867 600 1233 4787 506 268 431 274 1105 705 1043 725 654 1172 543 279 939 372 677 738 1100 0 232 875 621 3371 171 580 1679 504 641 770 758
672 1132 1038 510 131 503 1120 378 382 433 361 1180 64 3174 3222 341 533 560 1087 420 4814 418 558 481 282 365 486 1111 388 496 287 1024 739 588 1221 4775 494 325 235 331 1093 509 1031 529 459 1160 348 267 743 360 481 542 1088 232 0 863 425 3358 159 567 1667 308 445 574 746
330 328 235 475 774 533 317 760 1114 812 1003 377 833 2584 2632 637 563 1202 284 895 4224 798 429 1213 924 1008 869 307 1120 621 930 220 425 971 418 4185 618 967 779 973 290 1241 227 559 689 357 955 910 825 742 724 1274 284 875 863 0 901 2769 802 523 1077 808 681 881 164
622 1171 1077 460 520 453 1158 767 423 217 750 1218 453 3212 3260 290 483 628 1125 32 4852 203 507 522 671 754 875 1149 429 885 676 1062 688 977 1259 4813 883 714 361 720 1131 551 1069 479 408 1199 177 656 693 749 289 583 1127 621 425 901 0 3397 548 957 1705 390 325 382 784
2787 3000 2906 2932 3231 2990 2987 3217 3571 3269 3461 3048 3291 240 193 3095 3020 3659 2955 3352 3516 3255 2886 3670 3381 3465 3326 2978 3577 3078 3387 2891 2883 3428 3088 3476 3075 3424 3236 3430 2961 3699 2898 3016 3146 3028 3412 3367 3282 3199 3181 3731 2956 3332 3320 2730 3358 0 3259 2981 1856 3265 3138 3338 2621
613 1072 978 633 70 626 1059 317 504 555 300 1119 130 3113 3161 463 656 425 1026 542 4753 541 681 603 221 230 425 1050 511 435 153 963 794 527 1160 4714 433 264 358 270 1032 632 970 652 581 1099 470 133 866 299 604 664 1027 171 159 802 548 3298 0 507 1606 431 568 697 685
420 793 699 565 479 623 781 465 913 902 708 841 538 2835 2883 727 653 805 748 951 4475 888 519 1012 629 689 573 772 919 182 635 685 515 652 881 4435 179 672 766 678 754 1041 691 649 779 821 879 615 915 447 814 1073 749 580 567 523 957 3019 507 0 1328 839 771 971 406
1135 1347 1253 1279 1578 1338 1335 1565 1918 1617 1808 1395 1638 1710 1758 1442 1367 2007 1302 1700 3350 1603 1233 2017 1729 1812 1673 1326 1925 1425 1734 1239 1230 1775 1435 3311 1423 1772 1583 1778 1308 2046 1245 1363 1494 1375 1760 1714 1629 1547 1528 2078 1303 1679 1667 1077 1705 1895 1606 1328 0 1613 1486 1685 969
529 1078 984 367 403 360 1065 650 550 302 633 1126 336 3119 3168 198 390 755 1033 385 4760 288 415 649 554 637 758 1057 557 768 559 970 596 860 1166 4720 766 597 136 603 1039 678 976 386 316 1106 445 539 600 632 338 711 1034 504 308 808 390 3304 431 839 1613 0 302 431 691
402 951 857 240 540 233 938 786 537 236 770 999 473 2992 3041 131 263 742 906 319 4633 222 288 636 691 774 895 930 544 783 696 843 436 997 1039 4593 781 734 273 740 912 665 849 259 141 979 379 676 440 768 64 697 907 641 445 681 325 3177 568 771 1486 302 0 221 564
602 1151 1057 440 669 433 1138 915 594 293 899 1198 602 3192 3240 331 463 799 1105 376 4832 279 487 693 820 903 1023 1129 601 983 825 1042 636 1126 1239 4793 980 863 402 868 1111 722 1049 459 341 1178 436 805 487 897 185 755 1106 770 574 881 382 3377 697 971 1685 431 221 0 764
213 434 340 358 657 416 422 643 997 695 886 482 716 2475 2524 520 446 1085 389 778 4116 681 312 1096 807 891 752 413 1003 504 813 326 309 854 522 4076 501 850 662 856 395 1124 332 442 572 462 838 793 708 625 607 1157 390 758 746 164 784 2660 685 406 969 691 564 764 0
EOF
