NAME : tsp_problem
TYPE : TSP
DIMENSION : 28
EDGE_WEIGHT_TYPE : EXPLICIT
EDGE_WEIGHT_FORMAT : FULL_MATRIX
EDGE_WEIGHT_SECTION
0 261 2923 440 347 969 1017 642 438 477 378 291 440 653 1095 317 455 206 651 324 535 59 767 753 214 70 386 69
261 0 3058 603 125 810 859 805 279 318 301 344 626 816 936 328 618 130 814 81 722 264 930 594 173 257 572 255
2943 3078 0 3254 3164 3786 3834 3455 3255 3294 3195 3105 3190 3467 3912 3131 3269 3023 3464 3141 3285 2975 3581 3570 3031 2939 3135 2937
440 603 3223 0 688 772 820 351 638 677 445 287 500 237 898 313 152 510 359 599 405 472 351 556 579 436 626 434
347 125 3143 688 0 917 965 891 386 425 386 429 712 901 1043 413 703 215 899 187 807 349 1016 701 258 343 657 340
969 810 3766 772 917 0 225 981 567 628 866 910 1248 849 303 894 765 799 972 757 1152 972 899 289 880 965 1280 963
1017 859 3814 820 965 225 0 1029 616 677 915 958 1296 898 230 942 813 848 1020 805 1201 1020 948 338 929 1013 1328 1011
642 805 3424 351 891 981 1029 0 840 879 647 489 291 446 1107 515 361 712 151 801 196 674 149 765 781 638 627 636
438 279 3235 638 386 567 616 840 0 97 335 379 803 759 693 363 653 268 849 226 894 441 809 352 349 434 749 432
477 318 3274 677 425 628 677 879 97 0 375 418 842 820 754 402 692 307 888 265 933 480 870 412 388 473 788 471
378 301 3174 445 386 866 915 647 335 375 0 186 690 658 992 170 460 208 656 297 701 380 772 651 289 374 636 371
291 344 3074 287 429 910 958 489 379 418 186 0 532 500 1036 54 302 251 498 340 543 323 614 694 332 287 477 285
440 626 3159 500 712 1248 1296 291 803 842 690 532 0 713 1374 558 515 572 300 689 121 472 416 1032 579 436 362 434
653 816 3436 237 901 849 898 446 759 820 658 500 713 0 975 526 230 723 437 812 618 685 429 634 792 649 839 647
1095 936 3892 898 1043 303 230 1107 693 754 992 1036 1374 975 0 1020 891 925 1098 883 1278 1098 1025 415 1006 1091 1406 1089
317 328 3100 313 413 894 942 515 363 402 170 54 558 526 1020 0 328 235 524 324 569 349 640 678 316 313 503 311
455 618 3238 152 703 765 813 361 653 692 460 302 515 230 891 328 0 525 352 614 420 487 344 549 594 451 641 448
206 130 3003 510 215 799 848 712 268 307 208 251 572 723 925 235 525 0 721 192 667 209 837 583 118 202 517 200
651 814 3433 359 899 972 1020 151 849 888 656 498 300 437 1098 524 352 721 0 810 205 683 140 756 790 647 636 645
324 81 3120 599 187 757 805 801 226 265 297 340 689 812 883 324 614 192 810 0 784 326 927 541 235 320 634 317
535 722 3254 405 807 1152 1201 196 894 933 701 543 121 618 1278 569 420 667 205 784 0 567 321 937 674 531 457 529
59 264 2955 472 349 972 1020 674 441 480 380 323 472 685 1098 349 487 209 683 326 567 0 799 756 217 63 418 65
767 930 3549 351 1016 899 948 149 809 870 772 614 416 429 1025 640 344 837 140 927 321 799 0 683 906 763 752 761
753 594 3550 556 701 289 338 765 352 412 651 694 1032 634 415 678 549 583 756 541 937 756 683 0 664 749 1064 747
214 173 3011 579 258 880 929 781 349 388 289 332 579 792 1006 316 594 118 790 235 674 217 906 664 0 210 525 208
70 257 2919 436 343 965 1013 638 434 473 374 287 436 649 1091 313 451 202 647 320 531 63 763 749 210 0 382 65
386 572 3104 626 657 1280 1328 627 749 788 636 477 362 839 1406 503 641 517 636 634 457 418 752 1064 525 382 0 379
69 255 2917 434 340 963 1011 636 432 471 371 285 434 647 1089 311 448 200 645 317 529 65 761 747 208 65 379 0
EOF