NAME : tsp_problem
TYPE : TSP
DIMENSION : 46
EDGE_WEIGHT_TYPE : EXPLICIT
EDGE_WEIGHT_FORMAT : FULL_MATRIX
EDGE_WEIGHT_SECTION
0 472 287 356 2569 485 161 781 497 765 587 611 306 930 723 277 1267 557 726 761 357 3075 291 434 643 431 725 111 573 490 906 470 172 3179 754 463 616 423 755 754 687 368 731 603 128 855
472 0 476 545 2844 205 421 405 815 528 351 300 302 1281 1073 273 1617 907 350 346 219 3351 544 623 994 115 1075 545 158 174 1256 194 432 3053 518 711 201 240 340 339 310 737 1081 367 563 470
287 476 0 91 2818 346 141 823 746 626 449 718 309 1179 972 281 1516 806 768 765 360 3324 133 168 892 410 974 360 577 435 1155 331 129 3040 615 256 620 284 758 757 728 518 980 465 377 716
356 545 91 0 2888 416 211 893 816 696 518 788 379 1249 1041 350 1586 875 838 834 430 3394 202 99 962 479 1044 430 646 505 1225 401 199 3110 685 187 689 354 828 827 798 468 1050 535 447 786
5995 6346 6244 6314 0 6211 6119 6245 5875 6426 6249 6075 6264 6148 5941 6235 4807 5775 6190 6447 6315 3315 6248 6391 5861 6275 5943 6037 6259 6300 6124 6196 6130 6496 6416 6376 6302 6202 6441 6439 6150 6280 5949 6265 5901 6516
485 205 346 416 2692 0 423 552 944 376 198 447 351 1377 1170 322 1714 1004 497 494 267 3198 415 493 1090 160 1172 558 306 185 1353 81 411 2900 365 581 349 87 488 486 457 749 1178 215 575 466
161 421 141 211 2693 423 0 769 620 703 525 664 255 1054 846 226 1391 680 714 710 306 3199 145 288 767 380 849 234 522 439 1030 408 26 3117 692 376 565 361 704 702 674 393 855 541 252 793
781 405 823 893 2819 552 769 0 714 721 699 199 650 1180 972 621 1517 806 181 506 566 3325 891 970 893 463 975 823 318 521 1156 541 779 3401 731 1058 361 587 500 232 210 1084 981 715 687 629
497 815 746 816 2449 944 620 714 0 1029 1046 544 765 810 603 736 1147 436 659 916 816 2955 750 893 523 873 605 538 728 931 786 929 631 3638 1039 877 771 882 910 908 619 782 611 1063 403 937
765 528 626 696 2907 376 703 721 1029 0 214 616 674 1597 1389 645 1934 1223 666 392 590 3413 694 773 1310 439 1392 838 426 465 1573 361 691 3116 188 861 445 367 386 656 552 1029 1398 349 855 117
587 351 449 518 2730 198 525 699 1046 214 0 593 497 1480 1272 468 1817 1106 643 579 413 3236 517 596 1193 262 1275 660 452 287 1456 184 513 2939 203 684 495 189 573 632 604 852 1281 171 678 304
611 300 718 788 2649 447 664 199 544 616 593 0 544 1010 802 516 1347 636 144 401 461 3155 786 865 723 358 804 653 213 416 986 436 674 3295 626 953 256 482 395 393 105 941 810 610 517 524
306 302 309 379 2838 351 255 650 765 674 497 544 0 1199 991 61 1536 825 594 591 187 3344 378 456 912 261 993 379 403 320 1175 339 266 3141 663 544 446 385 585 583 555 571 999 513 396 715
930 1281 1179 1249 2722 1377 1054 1180 810 1597 1480 1010 1199 0 220 1170 1420 440 1125 1382 1250 3229 1183 1326 481 1324 265 972 1194 1383 143 1363 1065 4071 1607 1311 1237 1315 1376 1374 1085 1215 259 1496 836 1505
723 1073 972 1041 2514 1170 846 972 603 1389 1272 802 991 220 0 962 1212 266 917 1174 1042 3021 976 1118 353 1116 420 764 986 1175 298 1155 857 3863 1399 1103 1029 1108 1168 1166 877 1007 414 1288 628 1297
277 273 281 350 2809 322 226 621 736 645 468 516 61 1170 962 0 1507 796 566 562 158 3315 349 427 883 232 965 350 374 291 1146 311 237 3112 634 515 417 356 556 555 526 542 971 484 368 686
1267 1617 1516 1586 1381 1714 1391 1517 1147 1934 1817 1347 1536 1420 1212 1507 0 1046 1462 1719 1587 1887 1520 1663 1133 1661 1215 1309 1531 1719 1396 1699 1402 3255 1944 1648 1574 1652 1712 1710 1422 1552 1221 1833 1173 1842
557 907 806 875 2348 1004 680 806 436 1223 1106 636 825 440 266 796 1046 0 751 1008 876 2855 810 952 113 950 195 598 820 1009 376 989 691 3697 1233 937 863 942 1002 1000 711 841 201 1122 462 1131
726 350 768 838 2764 497 714 181 659 666 643 144 594 1125 917 566 1462 751 0 451 511 3270 836 915 838 408 920 768 263 466 1101 486 724 3345 676 1003 306 532 445 374 155 1029 926 660 632 574
761 346 765 834 3021 494 710 506 916 392 579 401 591 1382 1174 562 1719 1008 451 0 507 3527 833 911 1095 404 1176 834 210 463 1358 483 721 3342 402 999 229 528 45 440 411 1026 1182 656 852 300
357 219 360 430 2889 267 306 566 816 590 413 461 187 1250 1042 158 1587 876 511 507 0 3395 429 507 963 177 1044 430 319 236 1226 256 317 3115 580 595 362 302 501 500 471 622 1050 429 448 631
3037 3387 3286 3356 1663 3252 3160 3287 2917 3468 3291 3116 3305 3190 2982 3276 1848 2816 3232 3488 3356 0 3290 3433 2903 3316 2985 3078 3300 3341 3166 3238 3171 3537 3457 3417 3343 3243 3482 3480 3192 3322 2991 3307 2943 3558
291 544 133 202 2822 415 145 891 750 694 517 786 378 1183 976 349 1520 810 836 833 429 3328 0 280 896 478 978 364 645 503 1159 400 133 3108 684 367 688 353 827 825 797 522 984 533 381 784
434 623 168 99 2965 493 288 970 893 773 596 865 456 1326 1118 427 1663 952 915 911 507 3471 280 0 1039 557 1121 507 724 582 1302 478 276 3187 762 203 766 431 905 904 875 484 1127 612 524 863
643 994 892 962 2435 1090 767 893 523 1310 1193 723 912 481 353 883 1133 113 838 1095 963 2941 896 1039 0 1037 237 685 907 1096 418 1076 778 3784 1320 1024 950 1028 1088 1087 798 928 243 1209 549 1218
431 115 410 479 2755 160 380 463 873 439 262 358 261 1324 1116 232 1661 950 408 404 177 3261 478 557 1037 0 1119 504 216 133 1300 145 391 2964 429 645 259 150 398 397 368 696 1125 278 522 528
725 1075 974 1044 2517 1172 849 975 605 1392 1275 804 993 265 420 965 1215 195 920 1176 1044 3023 978 1121 237 1119 0 767 989 1177 201 1157 860 3866 1402 1106 1031 1110 1170 1168 880 1010 71 1291 631 1300
111 545 360 430 2611 558 234 823 538 838 660 653 379 972 764 350 1309 598 768 834 430 3117 364 507 685 504 767 0 646 563 948 543 245 3252 827 537 689 496 828 827 728 441 773 677 170 928
573 158 577 646 2833 306 522 318 728 426 452 213 403 1194 986 374 1531 820 263 210 319 3339 645 724 907 216 989 646 0 275 1170 295 533 3154 436 811 65 341 204 252 223 838 995 468 664 334
490 174 435 505 2780 185 439 521 931 465 287 416 320 1383 1175 291 1719 1009 466 463 236 3287 503 582 1096 133 1177 563 275 0 1358 170 450 2989 454 670 318 176 457 455 427 754 1183 304 580 555
906 1256 1155 1225 2698 1353 1030 1156 786 1573 1456 986 1175 143 298 1146 1396 376 1101 1358 1226 3204 1159 1302 418 1300 201 948 1170 1358 0 1338 1041 4047 1583 1287 1213 1291 1351 1349 1061 1191 195 1472 812 1481
470 194 331 401 2677 81 408 541 929 361 184 436 339 1363 1155 311 1699 989 486 483 256 3183 400 478 1076 145 1157 543 295 170 1338 0 396 2886 350 566 338 72 476 475 446 734 1163 200 560 451
172 432 129 199 2704 411 26 779 631 691 513 674 266 1065 857 237 1402 691 724 721 317 3210 133 276 778 391 860 245 533 450 1041 396 0 3105 680 364 576 349 715 713 685 404 866 530 263 781
3199 3084 3060 3130 3081 2932 3137 3432 3658 3147 2970 3327 3161 4091 3884 3132 3329 3718 3377 3373 3146 3588 3129 3207 3804 2995 3886 3272 3185 3020 4067 2917 3125 0 3136 3295 3228 2923 3367 3366 3337 3463 3892 2986 3289 3237
754 518 615 685 2896 365 692 731 1039 188 203 626 663 1607 1399 634 1944 1233 676 402 580 3402 684 762 1320 429 1402 827 436 454 1583 350 680 3105 0 850 455 356 396 666 562 1018 1408 338 844 127
463 711 256 187 2950 581 376 1058 877 861 684 953 544 1311 1103 515 1648 937 1003 999 595 3456 367 203 1024 645 1106 537 811 670 1287 566 364 3275 850 0 854 519 993 992 963 356 1112 700 554 951
616 201 620 689 2876 349 565 361 771 445 495 256 446 1237 1029 417 1574 863 306 229 362 3382 688 766 950 259 1031 689 65 318 1213 338 576 3197 455 854 0 384 223 295 266 881 1037 511 707 353
423 240 284 354 2683 87 361 587 882 367 189 482 385 1315 1108 356 1652 942 532 528 302 3189 353 431 1028 150 1110 496 341 176 1291 72 349 2891 356 519 384 0 522 521 492 687 1116 206 513 457
755 340 758 828 3014 488 704 500 910 386 573 395 585 1376 1168 556 1712 1002 445 45 501 3521 827 905 1088 398 1170 828 204 457 1351 476 715 3336 396 993 223 522 0 434 405 1019 1176 650 845 294
754 339 757 827 3012 486 702 232 908 656 632 393 583 1374 1166 555 1710 1000 374 440 500 3519 825 904 1087 397 1168 827 252 455 1349 475 713 3334 666 992 295 521 434 0 403 1018 1174 649 844 564
687 310 728 798 2724 457 674 210 619 552 604 105 555 1085 877 526 1422 711 155 411 471 3230 797 875 798 368 880 728 223 427 1061 446 685 3306 562 963 266 492 405 403 0 989 886 620 592 460
368 737 518 468 2854 749 393 1084 782 1029 852 941 571 1215 1007 542 1552 841 1029 1026 622 3360 522 484 928 696 1010 441 838 754 1191 734 404 3443 1018 356 881 687 1019 1018 989 0 1016 868 458 1119
731 1081 980 1050 2523 1178 855 981 611 1398 1281 810 999 259 414 971 1221 201 926 1182 1050 3029 984 1127 243 1125 71 773 995 1183 195 1163 866 3872 1408 1112 1037 1116 1176 1174 886 1016 0 1297 637 1306
603 367 465 535 2746 215 541 715 1063 349 171 610 513 1496 1288 484 1833 1122 660 656 429 3252 533 612 1209 278 1291 677 468 304 1472 200 530 2955 338 700 511 206 650 649 620 868 1297 0 694 439
128 563 377 447 2475 575 252 687 403 855 678 517 396 836 628 368 1173 462 632 852 448 2981 381 524 549 522 631 170 664 580 812 560 263 3269 844 554 707 513 845 844 592 458 637 694 0 945
855 470 716 786 2997 466 793 629 937 117 304 524 715 1505 1297 686 1842 1131 574 300 631 3503 784 863 1218 528 1300 928 334 555 1481 451 781 3206 127 951 353 457 294 564 460 1119 1306 439 945 0
EOF