NAME : tsp_problem
TYPE : TSP
DIMENSION : 80
EDGE_WEIGHT_TYPE : EXPLICIT
EDGE_WEIGHT_FORMAT : FULL_MATRIX
EDGE_WEIGHT_SECTION
0 343 690 964 1604 884 779 401 469 1841 456 643 317 1178 646 643 167 1022 204 681 613 399 607 777 328 751 431 224 310 820 827 420 386 456 770 931 960 1019 829 659 619 192 371 175 1163 651 602 416 499 689 888 3384 736 424 835 519 651 805 1017 807 860 228 775 471 970 916 783 803 850 401 766 676 379 397 1002 645 262 777 155 1080
343 0 384 1022 1662 579 837 259 527 1899 514 337 115 1235 341 337 431 717 262 375 671 197 302 472 241 446 229 488 314 585 521 218 443 513 465 625 1018 714 523 354 314 455 169 439 1220 346 297 215 503 384 582 3079 758 221 892 523 709 500 712 502 555 286 833 528 1028 974 478 498 907 264 461 371 177 401 697 340 320 472 288 1138
690 384 0 1018 1657 405 833 606 873 1894 685 177 461 1231 300 296 777 402 609 111 756 544 304 133 588 272 576 834 660 411 214 565 790 860 126 452 1014 399 350 312 316 802 516 785 1216 305 215 562 485 210 267 2886 584 568 888 549 718 327 397 420 240 633 828 875 1024 969 304 325 903 611 379 289 523 626 381 298 667 133 634 1134
964 1022 1018 0 1311 819 211 1080 839 1548 584 876 996 412 999 995 1052 1182 883 1111 570 1079 1003 1010 1123 769 1110 1013 1195 773 915 1099 785 738 1003 865 42 1080 763 1011 1016 1076 1050 1060 411 1004 914 1097 1384 828 983 3858 603 1103 306 1404 532 889 1177 1392 1020 908 481 841 205 388 790 833 141 1146 1351 1261 1058 1282 1162 998 941 1009 909 484
1604 1662 1657 1311 0 1458 1126 1719 1479 826 1223 1516 1636 1524 1639 1635 1692 1822 1523 1751 1210 1718 1643 1649 1763 1409 1750 1653 1834 1412 1555 1739 1425 1377 1643 1505 1307 1719 1403 1651 1655 1716 1690 1700 1509 1644 1554 1736 2023 1467 1623 3345 1242 1742 1181 2044 1172 1528 1817 2031 1660 1547 889 1481 1317 1262 1430 1473 1196 1785 1990 1900 1698 1922 1802 1637 1581 1649 1549 1427
884 579 405 819 1458 0 634 800 826 1695 531 264 656 1032 386 383 972 537 803 499 557 738 391 397 783 157 770 960 855 257 270 759 754 725 391 65 815 355 88 399 403 996 710 980 1017 392 302 756 845 215 338 3246 345 762 689 908 519 236 532 779 375 827 629 828 825 770 138 221 704 805 738 648 718 942 517 385 861 397 829 935
779 837 833 211 1126 634 0 895 654 1363 399 691 811 424 814 810 867 997 698 926 385 894 819 825 938 584 926 828 1010 588 731 915 600 553 818 680 207 895 578 827 831 892 865 875 422 819 730 912 1199 643 798 3674 418 918 121 1219 347 704 992 1207 835 723 297 656 217 203 606 648 96 961 1166 1076 873 1097 977 813 757 824 724 368
401 259 606 1080 1719 800 895 0 584 1957 572 559 233 1293 562 559 488 938 251 597 729 180 523 693 360 667 212 546 432 806 743 336 501 571 686 847 1076 935 745 575 535 513 218 496 1278 567 518 333 621 605 804 3300 851 340 950 642 766 721 933 723 776 192 890 586 1086 1031 699 719 965 383 682 592 226 519 918 561 179 693 345 1196
469 527 873 839 1479 826 654 584 0 1716 381 826 501 1053 830 826 557 1155 388 865 307 583 791 961 615 742 615 372 597 746 888 604 108 149 954 873 835 1088 771 843 803 557 555 541 1038 835 786 601 786 801 956 3568 611 607 710 807 345 867 1150 991 993 412 650 47 845 791 772 806 725 650 950 860 563 685 1135 829 446 961 414 955
1841 1899 1894 1548 826 1695 1363 1957 1716 0 1461 1753 1873 1761 1876 1872 1929 2059 1760 1988 1447 1955 1880 1886 2000 1646 1987 1890 2071 1650 1792 1976 1662 1614 1880 1742 1544 1957 1640 1888 1892 1953 1927 1937 1746 1881 1791 1973 2260 1704 1860 3899 1480 1980 1418 2281 1409 1766 2054 2269 1897 1784 1126 1718 1554 1499 1667 1710 1433 2023 2228 2138 1935 2159 2039 1874 1818 1886 1786 1664
456 514 685 584 1223 531 399 572 381 1461 0 543 488 797 666 662 544 849 375 778 322 570 671 677 615 436 602 505 686 440 583 591 298 368 670 577 580 792 476 679 683 568 542 552 782 671 582 588 875 495 650 3526 355 595 454 896 285 561 844 978 687 399 394 383 590 535 467 500 469 638 937 847 550 774 829 665 433 676 401 700
643 337 177 876 1516 264 691 559 826 1753 543 0 414 1089 145 141 730 402 562 271 614 497 150 169 541 130 529 787 613 270 206 518 743 782 162 310 872 399 208 158 162 755 469 738 1074 150 61 515 617 68 267 3018 443 521 746 680 577 185 397 551 240 586 687 828 882 828 163 183 761 564 510 420 476 701 382 144 620 169 587 992
317 115 461 996 1636 656 811 233 501 1873 488 414 0 1209 418 414 405 794 236 452 645 171 378 549 149 523 203 395 221 662 598 126 417 487 542 702 992 791 600 430 391 429 143 413 1194 423 374 123 410 461 659 3156 767 129 866 431 683 577 789 579 632 260 807 502 1002 948 555 575 881 172 538 448 151 309 774 417 294 548 262 1112
1178 1235 1231 412 1524 1032 424 1293 1053 1761 797 1089 1209 0 1212 1208 1265 1395 1097 1325 783 1292 1217 1223 1336 982 1324 1226 1408 986 1129 1313 998 951 1216 1078 409 1293 976 1225 1229 1290 1264 1273 78 1217 1128 1310 1597 1041 1196 4072 816 1316 422 1618 746 1102 1390 1605 1233 1121 695 1054 220 319 1004 1046 354 1359 1564 1474 1271 1495 1375 1211 1155 1223 1122 133
646 341 300 999 1639 386 814 562 830 1876 666 145 418 1212 0 90 734 525 565 393 737 500 153 292 545 253 532 791 617 392 329 521 747 817 285 433 995 522 331 72 165 758 472 742 1197 65 104 518 687 191 390 3141 566 525 869 750 700 308 520 621 363 589 809 832 1005 950 286 306 884 568 580 490 480 704 505 58 623 291 591 1115
643 337 296 995 1635 383 810 559 826 1872 662 141 414 1208 90 0 730 521 562 390 734 497 150 288 541 250 529 787 613 389 325 518 743 813 281 429 991 518 327 103 162 755 469 738 1193 96 101 515 683 188 386 3137 562 521 866 747 696 304 516 618 359 586 806 828 1001 947 282 302 881 564 577 487 476 701 501 89 620 288 587 1111
167 431 777 1052 1692 972 867 488 557 1929 544 730 405 1265 734 730 0 1110 292 768 701 487 695 865 415 839 519 312 397 908 914 508 473 543 858 1018 1048 1107 916 746 707 279 459 263 1250 739 690 504 586 777 975 3472 823 511 922 607 739 893 1105 895 948 316 863 558 1058 1003 871 891 937 488 854 764 467 485 1090 733 350 864 243 1168
1022 717 402 1182 1822 537 997 938 1155 2059 849 402 794 1395 525 521 1110 0 941 495 921 877 529 394 921 437 908 1167 993 576 295 897 1072 1088 387 584 1178 236 482 537 542 1135 848 1118 1380 530 440 895 841 425 348 3243 716 901 1053 905 883 444 90 776 220 966 993 1157 1188 1134 422 489 1068 944 735 645 856 983 75 524 1000 393 967 1298
204 262 609 883 1523 803 698 251 388 1760 375 562 236 1097 565 562 292 941 0 600 532 318 526 696 363 670 350 349 435 739 746 339 305 375 689 850 879 938 748 578 538 316 290 300 1082 570 521 337 624 608 807 3303 655 343 754 644 570 724 936 726 779 79 694 390 889 835 702 723 769 386 685 595 298 522 921 564 113 696 149 999
681 375 111 1111 1751 499 926 597 865 1988 778 271 452 1325 393 390 768 495 600 0 850 535 398 227 579 366 567 825 651 505 308 556 781 851 220 545 1107 492 444 406 410 793 507 776 1310 399 309 553 476 304 361 2929 678 559 982 540 812 420 490 411 333 624 922 866 1117 1063 398 418 997 602 370 280 514 618 475 392 658 227 626 1227
613 671 756 570 1210 557 385 729 307 1447 322 614 645 783 737 734 701 921 532 850 0 728 742 748 759 507 759 516 741 511 654 748 253 205 741 603 566 818 502 750 754 702 699 685 768 742 653 746 930 566 721 3597 341 752 440 951 75 627 915 1130 759 557 380 309 576 521 529 572 455 795 1089 999 707 829 900 736 590 748 558 686
399 197 544 1079 1718 738 894 180 583 1955 570 497 171 1292 500 497 487 877 318 535 728 0 461 631 298 605 82 544 370 744 681 275 500 570 625 785 1075 874 683 513 473 512 156 495 1277 506 456 272 559 543 742 3239 850 278 949 580 765 660 871 661 715 342 889 585 1085 1030 638 658 964 321 620 530 164 458 856 499 329 631 344 1194
607 302 304 1003 1643 391 819 523 791 1880 671 150 378 1217 153 150 695 529 526 398 742 461 0 296 505 258 493 751 577 397 334 482 707 777 290 438 1000 526 336 166 62 719 433 703 1202 158 109 479 647 196 395 3145 570 485 874 711 704 312 524 582 367 550 814 792 1009 955 290 310 889 528 541 451 441 665 509 152 584 296 552 1119
777 472 133 1010 1649 397 825 693 961 1886 677 169 549 1223 292 288 865 394 696 227 748 631 296 0 676 264 663 922 748 403 206 652 878 916 45 444 1006 391 342 304 308 889 603 873 1208 297 207 649 573 202 259 2974 576 655 880 636 711 319 389 507 232 720 820 962 1016 961 297 317 895 698 466 376 611 714 373 290 754 51 722 1126
328 241 588 1123 1763 783 938 360 615 2000 615 541 149 1336 545 541 415 921 363 579 759 298 505 676 0 649 330 267 93 789 725 176 535 602 669 829 1119 918 727 557 518 313 270 296 1321 550 501 109 282 588 786 3283 894 179 993 303 797 704 916 594 759 387 934 617 1129 1074 682 702 1008 94 664 575 278 181 901 543 421 675 389 1239
751 446 272 769 1409 157 584 667 742 1646 436 130 523 982 253 250 839 437 670 366 507 605 258 264 649 0 637 865 721 163 170 626 659 675 257 203 765 418 101 266 270 863 577 847 967 258 169 623 712 82 238 3113 336 629 639 775 470 149 431 646 275 694 580 744 775 721 92 88 654 672 605 515 585 809 416 252 728 264 696 885
431 229 576 1110 1750 770 926 212 615 1987 602 529 203 1324 532 529 519 908 350 567 759 82 493 663 330 637 0 576 402 776 713 306 532 602 656 817 1107 905 715 545 505 544 188 527 1309 537 488 304 591 575 774 3270 882 310 981 612 797 691 903 693 746 374 921 617 1116 1062 669 690 996 353 652 562 196 489 888 531 361 663 376 1226
224 488 834 1013 1653 960 828 546 372 1890 505 787 395 1226 791 787 312 1167 349 825 516 544 751 922 267 865 576 0 249 869 971 422 291 358 915 1007 1009 1164 905 803 764 209 516 193 1211 796 747 356 438 834 1032 3528 784 425 884 459 554 950 1162 750 1005 373 824 373 1019 965 896 930 898 340 828 738 524 337 1147 790 407 921 300 1129
310 314 660 1195 1834 855 1010 432 597 2071 686 613 221 1408 617 613 397 993 435 651 741 370 577 748 93 721 402 249 0 861 797 248 517 584 741 901 1191 990 799 629 590 295 342 278 1393 622 573 182 214 660 858 3304 966 251 1065 235 779 776 988 526 831 459 1005 599 1201 1146 754 774 1080 166 604 514 350 112 973 616 493 747 385 1311
820 585 411 773 1412 257 588 806 746 1650 440 270 662 986 392 389 908 576 739 505 511 744 397 403 789 163 776 869 861 0 309 765 663 679 397 304 769 519 202 405 409 933 716 916 971 398 308 762 851 221 377 3252 437 768 643 914 474 288 571 785 414 764 583 747 779 724 193 227 658 811 744 654 724 948 556 391 798 403 765 889
827 521 214 915 1555 270 731 743 888 1792 583 206 598 1129 329 325 914 295 746 308 654 681 334 206 725 170 713 971 797 309 0 702 805 822 199 317 912 292 215 342 346 939 653 922 1114 334 245 699 654 158 96 3055 449 705 786 717 616 177 290 588 133 770 726 890 921 867 155 222 801 748 547 457 660 795 274 328 804 206 771 1031
420 218 565 1099 1739 759 915 336 604 1976 591 518 126 1313 521 518 508 897 339 556 748 275 482 652 176 626 306 422 248 765 702 0 521 591 645 806 1096 894 704 534 494 468 246 451 1298 526 477 150 437 564 763 3259 871 75 970 457 786 680 892 682 735 364 910 606 1105 1051 658 679 985 131 641 551 254 335 877 520 398 652 365 1215
386 443 790 785 1425 754 600 501 108 1662 298 743 417 998 747 743 473 1072 305 781 253 500 707 878 535 659 532 291 517 663 805 521 0 95 871 800 781 1015 698 759 720 477 472 460 983 752 703 518 706 717 873 3485 556 524 655 726 290 784 1067 907 910 329 596 110 791 736 689 723 670 567 866 777 479 604 1052 745 363 877 330 901
456 513 860 738 1377 725 553 571 149 1614 368 782 487 951 817 813 543 1088 375 851 205 570 777 916 602 675 602 358 584 679 822 591 95 0 909 771 734 986 669 829 790 544 542 528 936 822 773 588 773 734 889 3555 509 594 608 794 243 795 1083 978 926 399 548 151 744 689 697 739 623 637 937 847 550 671 1068 815 433 915 400 854
770 465 126 1003 1643 391 818 686 954 1880 670 162 542 1216 285 281 858 387 689 220 741 625 290 45 669 257 656 915 741 397 199 645 871 909 0 437 999 384 335 298 302 883 596 866 1201 290 201 643 566 195 252 2967 570 649 873 630 704 312 382 501 225 714 814 956 1009 954 290 310 888 692 460 370 604 707 367 284 748 45 715 1119
931 625 452 865 1505 65 680 847 873 1742 577 310 702 1078 433 429 1018 584 850 545 603 785 438 444 829 203 817 1007 901 304 317 806 800 771 437 0 861 401 135 446 450 1043 757 1026 1063 438 349 803 891 262 384 3293 392 809 736 955 566 283 578 826 421 874 676 875 871 817 185 267 751 852 785 695 764 989 563 432 908 443 875 981
960 1018 1014 42 1307 815 207 1076 835 1544 580 872 992 409 995 991 1048 1178 879 1107 566 1075 1000 1006 1119 765 1107 1009 1191 769 912 1096 781 734 999 861 0 1076 759 1008 1012 1073 1047 1056 407 1000 911 1093 1380 824 979 3855 599 1099 302 1401 528 885 1173 1388 1016 904 478 837 201 384 787 829 137 1142 1347 1257 1054 1278 1158 994 938 1005 905 480
1019 714 399 1080 1719 355 895 935 1088 1957 792 399 791 1293 522 518 1107 236 938 492 818 874 526 391 918 418 905 1164 990 519 292 894 1015 986 384 401 1076 0 349 534 538 1132 845 1115 1278 527 437 892 838 421 345 3240 606 898 950 902 781 441 231 773 217 963 890 1089 1086 1031 399 482 965 941 732 642 853 979 216 520 997 390 964 1196
829 523 350 763 1403 88 578 745 771 1640 476 208 600 976 331 327 916 482 748 444 502 683 336 342 727 101 715 905 799 202 215 704 698 669 335 135 759 349 0 344 348 941 655 924 961 336 247 701 789 160 283 3191 290 707 634 853 464 181 476 724 320 772 574 773 769 715 83 165 649 750 683 593 662 887 461 330 806 342 773 879
659 354 312 1011 1651 399 827 575 843 1888 679 158 430 1225 72 103 746 537 578 406 750 513 166 304 557 266 545 803 629 405 342 534 759 829 298 446 1008 534 344 0 178 771 485 754 1210 78 117 531 699 204 403 3153 578 537 882 763 712 320 532 634 375 602 822 844 1018 963 298 318 897 580 593 503 493 717 517 71 636 304 604 1127
619 314 316 1016 1655 403 831 535 803 1892 683 162 391 1229 165 162 707 542 538 410 754 473 62 308 518 270 505 764 590 409 346 494 720 790 302 450 1012 538 348 178 0 731 445 715 1214 170 121 491 659 208 407 3157 582 497 886 723 716 324 536 594 379 562 826 804 1022 967 302 323 901 540 553 463 453 677 521 164 596 308 564 1132
192 455 802 1076 1716 996 892 513 557 1953 568 755 429 1290 758 755 279 1135 316 793 702 512 719 889 313 863 544 209 295 933 939 468 477 544 883 1043 1073 1132 941 771 731 0 484 71 1275 764 714 401 484 801 1000 3497 848 471 947 505 740 918 1129 796 973 341 887 559 1083 1028 896 916 962 386 874 784 491 382 1114 757 375 889 267 1192
371 169 516 1050 1690 710 865 218 555 1927 542 469 143 1264 472 469 459 848 290 507 699 156 433 603 270 577 188 516 342 716 653 246 472 542 596 757 1047 845 655 485 445 484 0 467 1249 477 428 244 531 515 714 3210 822 250 921 552 737 631 843 633 686 315 861 557 1056 1002 609 630 936 293 592 502 64 429 828 471 349 603 316 1166
175 439 785 1060 1700 980 875 496 541 1937 552 738 413 1273 742 738 263 1118 300 776 685 495 703 873 296 847 527 193 278 916 922 451 460 528 866 1026 1056 1115 924 754 715 71 467 0 1258 747 698 385 467 785 983 3480 831 454 930 488 723 901 1113 780 956 324 871 543 1066 1011 879 899 945 370 858 768 475 366 1098 741 358 872 251 1176
1163 1220 1216 411 1509 1017 422 1278 1038 1746 782 1074 1194 78 1197 1193 1250 1380 1082 1310 768 1277 1202 1208 1321 967 1309 1211 1393 971 1114 1298 983 936 1201 1063 407 1278 961 1210 1214 1275 1249 1258 0 1202 1113 1295 1582 1026 1181 4057 801 1301 385 1603 731 1087 1375 1590 1218 1106 680 1039 218 283 989 1031 353 1344 1549 1459 1256 1480 1360 1196 1140 1208 1107 96
651 346 305 1004 1644 392 819 567 835 1881 671 150 423 1217 65 96 739 530 570 399 742 506 158 297 550 258 537 796 622 398 334 526 752 822 290 438 1000 527 336 78 170 764 477 747 1202 0 110 524 692 197 395 3146 571 530 874 755 705 313 525 626 368 595 815 837 1010 956 291 311 889 573 585 495 485 710 510 64 629 297 596 1120
602 297 215 914 1554 302 730 518 786 1791 582 61 374 1128 104 101 690 440 521 309 653 456 109 207 501 169 488 747 573 308 245 477 703 773 201 349 911 437 247 117 121 714 428 698 1113 110 0 474 643 107 306 3056 481 480 785 706 615 223 435 577 278 545 725 787 920 866 201 221 800 523 536 446 436 660 420 103 579 207 547 1030
416 215 562 1097 1736 756 912 333 601 1973 588 515 123 1310 518 515 504 895 337 553 746 272 479 649 109 623 304 356 182 762 699 150 518 588 643 803 1093 892 701 531 491 401 244 385 1295 524 474 0 371 561 760 3257 868 153 967 391 783 678 890 679 733 361 907 603 1103 1048 656 676 982 132 638 548 251 269 874 517 395 649 362 1213
499 503 485 1384 2023 845 1199 621 786 2260 875 617 410 1597 687 683 586 841 624 476 930 559 647 573 282 712 591 438 214 851 654 437 706 773 566 891 1380 838 789 699 659 484 531 467 1582 692 643 371 0 650 707 3116 1024 440 1254 184 968 766 836 338 679 648 1194 788 1390 1335 744 764 1269 355 416 326 539 167 821 685 682 572 574 1500
689 384 210 828 1467 215 643 605 801 1704 495 68 461 1041 191 188 777 425 608 304 566 543 196 202 588 82 575 834 660 221 158 564 717 734 195 262 824 421 160 204 208 801 515 785 1026 197 107 561 650 0 225 3051 394 567 698 713 529 137 419 584 262 632 638 802 834 779 115 135 713 610 543 453 523 747 404 190 666 202 634 944
888 582 267 983 1623 338 798 804 956 1860 650 267 659 1196 390 386 975 348 807 361 721 742 395 259 786 238 774 1032 858 377 96 763 873 889 252 384 979 345 283 403 407 1000 714 983 1181 395 306 760 707 225 0 3108 517 766 854 770 684 244 342 641 186 831 794 958 989 935 222 290 869 809 600 510 721 848 327 389 865 259 832 1099
3416 3110 2907 3879 3419 3266 3694 3332 3599 3973 3546 3038 3187 4092 3161 3157 3503 3263 3335 2949 3617 3270 3165 2994 3314 3133 3302 3559 3335 3272 3075 3291 3516 3586 2988 3313 3875 3260 3211 3173 3178 3528 3242 3511 4077 3166 3076 3288 3147 3071 3128 0 3445 3294 3749 3210 3580 3188 3258 3081 3101 3359 3689 3601 3885 3830 3166 3186 3764 3337 3040 2950 3249 3288 3243 3160 3393 2994 3360 3995
736 758 584 603 1242 345 418 851 611 1480 355 443 767 816 566 562 823 716 655 678 341 850 570 576 894 336 882 784 966 437 449 871 556 509 570 392 599 606 290 578 582 848 822 831 801 571 481 868 1024 394 517 3425 0 874 473 1088 304 415 711 959 554 679 413 612 609 554 317 400 488 917 917 828 829 1053 696 564 713 576 680 719
424 221 568 1103 1742 762 918 340 607 1980 595 521 129 1316 525 521 511 901 343 559 752 278 485 655 179 629 310 425 251 768 705 75 524 594 649 809 1099 898 707 537 497 471 250 454 1301 530 480 153 440 567 766 3263 874 0 973 461 789 684 896 685 739 367 913 609 1109 1054 662 682 988 135 644 554 257 339 881 523 401 655 368 1219
835 892 888 306 1181 689 121 950 710 1418 454 746 866 422 869 866 922 1053 754 982 440 949 874 880 993 639 981 884 1065 643 786 970 655 608 873 736 302 950 634 882 886 947 921 930 385 874 785 967 1254 698 854 3729 473 973 0 1275 403 759 1048 1262 891 778 352 711 312 139 661 704 192 1016 1221 1131 929 1153 1032 868 812 880 779 303
519 523 549 1404 2044 908 1219 642 807 2281 896 680 431 1618 750 747 607 905 644 540 951 580 711 636 303 775 612 459 235 914 717 457 726 794 630 955 1401 902 853 763 723 505 552 488 1603 755 706 391 184 713 770 3179 1088 461 1275 0 989 830 900 402 743 669 1215 808 1410 1356 808 828 1290 376 479 389 559 188 885 749 702 636 595 1520
651 709 718 532 1172 519 347 766 345 1409 285 577 683 746 700 696 739 883 570 812 75 765 704 711 797 470 797 554 779 474 616 786 290 243 704 566 528 781 464 712 716 740 737 723 731 705 615 783 968 529 684 3559 304 789 403 989 0 590 878 1093 721 594 343 346 538 484 491 534 418 832 1052 962 745 867 863 698 628 710 596 648
805 500 327 889 1528 236 704 721 867 1766 561 185 577 1102 308 304 893 444 724 420 627 660 312 319 704 149 691 950 776 288 177 680 784 795 312 283 885 441 181 320 324 918 631 901 1087 313 223 678 766 137 244 3167 415 684 759 830 590 0 438 701 282 749 699 869 895 840 121 201 774 727 660 570 639 864 423 306 783 318 750 1005
1017 712 397 1177 1817 532 992 933 1150 2054 844 397 789 1390 520 516 1105 90 936 490 915 871 524 389 916 431 903 1162 988 571 290 892 1067 1083 382 578 1173 231 476 532 536 1129 843 1113 1375 525 435 890 836 419 342 3237 711 896 1048 900 878 438 0 771 215 961 988 1152 1183 1129 416 484 1063 939 730 640 851 977 70 518 994 388 962 1293
807 502 420 1392 2031 779 1207 723 991 2269 978 551 579 1605 621 618 895 776 726 411 1130 661 582 507 594 646 693 750 526 785 588 682 907 978 501 826 1388 773 724 634 594 796 633 780 1590 626 577 679 338 584 641 3050 959 685 1262 402 1093 701 771 0 614 750 1202 992 1398 1343 679 699 1277 668 350 260 641 479 756 620 784 507 752 1508
860 555 240 1020 1660 375 835 776 993 1897 687 240 632 1233 363 359 948 220 779 333 759 715 367 232 759 275 746 1005 831 414 133 735 910 926 225 421 1016 217 320 375 379 973 686 956 1218 368 278 733 679 262 186 3081 554 739 891 743 721 282 215 614 0 804 831 995 1026 972 260 327 906 782 573 483 694 820 200 361 838 231 805 1136
228 286 633 908 1547 827 723 192 412 1784 399 586 260 1121 589 586 316 966 79 624 557 342 550 720 387 694 374 373 459 764 770 364 329 399 714 874 904 963 772 602 562 341 315 324 1106 595 545 361 648 632 831 3328 679 367 778 669 594 749 961 750 804 0 718 414 914 859 727 747 793 410 709 619 322 546 945 588 54 720 173 1023
775 833 828 481 889 629 297 890 650 1126 394 687 807 695 809 806 863 993 694 922 380 889 814 820 934 580 921 824 1005 583 726 910 596 548 814 676 478 890 574 822 826 887 861 871 680 815 725 907 1194 638 794 3669 413 913 352 1215 343 699 988 1202 831 718 0 652 488 433 601 644 367 956 1161 1071 869 1093 973 808 752 820 720 597
471 528 875 841 1481 828 656 586 47 1718 383 828 502 1054 832 828 558 1157 390 866 309 585 792 962 617 744 617 373 599 747 890 606 110 151 956 875 837 1089 773 844 804 559 557 543 1039 837 787 603 788 802 958 3570 612 609 711 808 346 869 1152 992 995 414 652 0 847 792 774 808 726 652 951 861 564 686 1137 830 448 962 415 957
970 1028 1024 205 1317 825 217 1086 845 1554 590 882 1002 220 1005 1001 1058 1188 889 1117 576 1085 1009 1016 1129 775 1116 1019 1201 779 921 1105 791 744 1009 871 201 1086 769 1018 1022 1083 1056 1066 218 1010 920 1103 1390 834 989 3865 609 1109 312 1410 538 895 1183 1398 1026 914 488 847 0 394 797 839 147 1152 1357 1267 1064 1288 1168 1004 948 1015 915 292
916 974 969 388 1262 770 203 1031 791 1499 535 828 948 319 950 947 1003 1134 835 1063 521 1030 955 961 1074 721 1062 965 1146 724 867 1051 736 689 954 817 384 1031 715 963 967 1028 1002 1011 283 956 866 1048 1335 779 935 3810 554 1054 139 1356 484 840 1129 1343 972 859 433 792 394 0 742 785 274 1097 1302 1212 1010 1234 1113 949 893 961 861 200
783 478 304 790 1430 138 606 699 772 1667 467 163 555 1004 286 282 871 422 702 398 529 638 290 297 682 92 669 896 754 193 155 658 689 697 290 185 787 399 83 298 302 896 609 879 989 291 201 656 744 115 222 3145 317 662 661 808 491 121 416 679 260 727 601 774 797 742 0 156 676 705 638 548 617 841 401 284 761 296 728 906
803 498 325 833 1473 221 648 719 806 1710 500 183 575 1046 306 302 891 489 723 418 572 658 310 317 702 88 690 930 774 227 222 679 723 739 310 267 829 482 165 318 323 916 630 899 1031 311 221 676 764 135 290 3166 400 682 704 828 534 201 484 699 327 747 644 808 839 785 156 0 719 725 658 568 637 862 469 305 781 316 748 949
850 907 903 141 1196 704 96 965 725 1433 469 761 881 354 884 881 937 1068 769 997 455 964 889 895 1008 654 996 898 1080 658 801 985 670 623 888 751 137 965 649 897 901 962 936 945 353 889 800 982 1269 713 869 3744 488 988 192 1290 418 774 1063 1277 906 793 367 726 147 274 676 719 0 1031 1236 1146 944 1168 1047 883 827 895 794 426
401 264 611 1146 1785 805 961 383 650 2023 638 564 172 1359 568 564 488 944 386 602 795 321 528 698 94 672 353 340 166 811 748 131 567 637 692 852 1142 941 750 580 540 386 293 370 1344 573 523 132 355 610 809 3306 917 135 1016 376 832 727 939 668 782 410 956 652 1152 1097 705 725 1031 0 687 597 300 254 924 566 444 698 411 1262
766 461 379 1351 1990 738 1166 682 950 2228 937 510 538 1564 580 577 854 735 685 370 1089 620 541 466 664 605 652 828 604 744 547 641 866 937 460 785 1347 732 683 593 553 874 592 858 1549 585 536 638 416 543 600 3009 917 644 1221 479 1052 660 730 350 573 709 1161 951 1357 1302 638 658 1236 687 0 110 600 557 715 579 743 466 711 1467
676 371 289 1261 1900 648 1076 592 860 2138 847 420 448 1474 490 487 764 645 595 280 999 530 451 376 575 515 562 738 514 654 457 551 777 847 370 695 1257 642 593 503 463 784 502 768 1459 495 446 548 326 453 510 2919 828 554 1131 389 962 570 640 260 483 619 1071 861 1267 1212 548 568 1146 597 110 0 510 467 625 489 653 376 621 1377
379 177 523 1058 1698 718 873 226 563 1935 550 476 151 1271 480 476 467 856 298 514 707 164 441 611 278 585 196 524 350 724 660 254 479 550 604 764 1054 853 662 493 453 491 64 475 1256 485 436 251 539 523 721 3218 829 257 929 559 745 639 851 641 694 322 869 564 1064 1010 617 637 944 300 600 510 0 437 836 479 356 611 324 1174
397 401 626 1282 1922 942 1097 519 685 2159 774 701 309 1495 704 701 485 983 522 618 829 458 665 714 181 809 489 337 112 948 795 335 604 671 707 989 1278 979 887 717 677 382 429 366 1480 710 660 269 167 747 848 3257 1053 339 1153 188 867 864 977 479 820 546 1093 686 1288 1234 841 862 1168 254 557 467 437 0 962 703 580 714 473 1398
1002 697 381 1162 1802 517 977 918 1135 2039 829 382 774 1375 505 501 1090 75 921 475 900 856 509 373 901 416 888 1147 973 556 274 877 1052 1068 367 563 1158 216 461 517 521 1114 828 1098 1360 510 420 874 821 404 327 3222 696 881 1032 885 863 423 70 756 200 945 973 1137 1168 1113 401 469 1047 924 715 625 836 962 0 503 979 373 947 1278
645 340 298 998 1637 385 813 561 829 1874 665 144 417 1211 58 89 733 524 564 392 736 499 152 290 543 252 531 790 616 391 328 520 745 815 284 432 994 520 330 71 164 757 471 741 1196 64 103 517 685 190 389 3139 564 523 868 749 698 306 518 620 361 588 808 830 1004 949 284 305 883 566 579 489 479 703 503 0 622 290 590 1113
262 320 667 941 1581 861 757 179 446 1818 433 620 294 1155 623 620 350 1000 113 658 590 329 584 754 421 728 361 407 493 798 804 398 363 433 748 908 938 997 806 636 596 375 349 358 1140 629 579 395 682 666 865 3362 713 401 812 702 628 783 994 784 838 54 752 448 948 893 761 781 827 444 743 653 356 580 979 622 0 754 207 1057
777 472 133 1009 1649 397 824 693 961 1886 676 169 548 1223 291 288 864 393 696 227 748 631 296 51 675 264 663 921 747 403 206 652 877 915 45 443 1005 390 342 304 308 889 603 872 1208 297 207 649 572 202 259 2974 576 655 880 636 710 318 388 507 231 720 820 962 1015 961 296 316 895 698 466 376 611 714 373 290 754 0 722 1125
155 288 634 909 1549 829 724 345 414 1786 401 587 262 1122 591 587 243 967 149 626 558 344 552 722 389 696 376 300 385 765 771 365 330 400 715 875 905 964 773 604 564 267 316 251 1107 596 547 362 574 634 832 3329 680 368 779 595 596 750 962 752 805 173 720 415 915 861 728 748 794 411 711 621 324 473 947 590 207 722 0 1025
1080 1138 1134 484 1427 935 368 1196 955 1664 700 992 1112 133 1115 1111 1168 1298 999 1227 686 1194 1119 1126 1239 885 1226 1129 1311 889 1031 1215 901 854 1119 981 480 1196 879 1127 1132 1192 1166 1176 96 1120 1030 1213 1500 944 1099 3974 719 1219 303 1520 648 1005 1293 1508 1136 1023 597 957 292 200 906 949 426 1262 1467 1377 1174 1398 1278 1113 1057 1125 1025 0
EOF