NAME : tsp_problem
TYPE : TSP
DIMENSION : 26
EDGE_WEIGHT_TYPE : EXPLICIT
EDGE_WEIGHT_FORMAT : FULL_MATRIX
EDGE_WEIGHT_SECTION
0 1472 1767 2775 1793 1272 1068 1223 1312 1742 1303 815 1070 1371 1723 1606 51 1715 1708 1714 1388 1464 1499 1746 1662 1742
1479 0 1680 1424 476 305 676 858 330 783 335 835 497 403 756 647 1481 398 748 755 421 460 100 395 703 783
1565 1680 0 2982 2001 1424 1369 953 1511 1712 1454 1116 1371 1522 1044 1606 1567 1923 1708 1683 1407 1768 1706 1954 1632 1712
2807 1458 3017 0 1814 1642 2013 2195 1667 2120 1672 2172 1835 1741 2093 1984 2810 1736 2086 2092 1758 1845 1485 1237 2040 2120
1260 1271 1932 2437 0 1360 1156 1316 1386 1835 1391 903 1158 1459 1811 1699 1262 179 1800 1807 1476 1112 1297 1408 1755 1835
1272 305 1424 1607 626 0 467 649 136 574 79 626 288 147 500 438 1274 548 539 546 212 691 331 578 494 574
1068 676 1736 1978 997 467 0 1020 507 945 497 422 264 565 918 809 1070 919 910 917 583 1062 702 950 865 945
1228 858 1261 2160 1179 649 1020 0 689 876 679 779 841 747 1100 740 1230 1101 842 848 541 1244 884 1132 797 876
1312 330 1511 1633 651 136 507 689 0 614 166 666 328 234 587 478 1314 573 579 586 252 716 356 604 534 614
1747 783 1780 2085 1104 574 945 876 614 0 604 1104 766 672 1025 329 1749 1026 431 294 466 1169 809 1057 242 132
1302 335 1454 1638 656 79 497 679 166 604 0 657 319 178 530 468 1304 578 570 576 242 721 362 609 525 604
815 835 1483 2138 1156 626 422 866 666 1104 657 0 424 725 1077 968 817 1078 1070 1076 742 1014 862 1109 1025 1104
1069 497 1663 1800 818 288 264 841 328 766 319 424 0 387 739 631 1072 740 732 738 404 883 524 771 687 766
1370 403 1522 1706 724 147 565 747 234 672 178 725 387 0 598 537 1373 646 638 644 310 790 430 677 593 672
1723 756 1044 2058 1077 500 918 1100 587 1025 530 1077 739 598 0 889 1725 999 990 997 663 1142 782 1030 945 1025
1896 932 1930 2235 1253 723 1095 1026 763 605 754 1254 916 822 1174 0 1899 1176 241 576 615 1319 959 1206 525 605
51 1475 1769 2777 1796 1274 1070 1225 1315 1744 1305 817 1072 1373 1725 1609 0 1718 1710 1716 1391 1466 1501 1748 1665 1744
1182 1193 1854 2359 179 1282 1078 1238 1308 1757 1313 825 1080 1381 1733 1621 1184 0 1723 1729 1398 1034 1219 1331 1677 1757
1793 829 1826 2131 1150 620 991 922 660 501 650 1150 812 718 1071 401 1795 1072 0 473 512 1215 855 1103 421 501
1718 755 1752 2057 1076 546 917 848 586 294 576 1076 738 644 997 301 1721 998 403 0 438 1141 781 1028 214 294
1388 421 1445 1723 742 212 583 541 252 466 242 742 404 310 663 330 1390 664 431 438 0 807 447 695 386 466
1447 460 2066 1810 863 691 1062 1244 716 1169 721 1091 883 790 1142 1033 1449 785 1135 1141 807 0 486 781 1089 1169
1505 100 1706 1450 503 331 702 884 356 809 362 862 524 430 782 673 1508 425 775 781 447 486 0 421 730 809
1744 395 1954 1202 750 578 950 1132 604 1057 609 1109 771 677 1030 921 1746 672 1022 1028 695 781 421 0 977 1057
1667 703 1701 2006 1024 494 865 797 534 242 525 1025 687 593 945 250 1669 946 351 214 386 1089 730 977 0 242
1747 783 1780 2085 1104 574 945 876 614 132 604 1104 766 672 1025 329 1749 1026 431 294 466 1169 809 1057 242 0
EOF
