NAME : tsp_problem
TYPE : TSP
DIMENSION : 39
EDGE_WEIGHT_TYPE : EXPLICIT
EDGE_WEIGHT_FORMAT : FULL_MATRIX
EDGE_WEIGHT_SECTION
0 1144 1121 1339 1152 1480 1812 500 2908 1727 1479 1053 635 1558 2200 1264 2197 1126 1885 1399 1487 4314 1506 1520 1506 936 1031 1300 1555 1398 1466 905 1454 1339 1426 1661 1492 618 1763
1460 0 124 1041 1354 1754 2090 1711 1914 1402 1756 1331 1846 848 1203 1057 1200 1404 2087 1101 890 4515 1780 1798 1780 1274 1309 1003 558 1599 1744 1242 1135 1614 1700 1936 1769 1829 1438
1437 124 0 1018 1331 1731 2067 1688 1891 1379 1733 1308 1823 825 1180 1034 1177 1381 2064 1078 867 4492 1757 1775 1757 1251 1286 980 535 1577 1721 1219 1112 1591 1677 1913 1746 1806 1415
860 882 859 0 890 859 1191 1111 1712 1106 858 447 1246 362 1006 1002 1003 505 1623 90 291 4051 885 900 885 674 410 94 709 1136 845 642 833 718 805 1041 871 1229 1142
732 695 672 890 0 1031 1363 983 2453 1278 1030 604 1118 1109 1742 781 1739 677 906 950 1038 3486 1057 1071 1057 453 582 851 1106 570 1017 421 1005 890 977 1212 1043 1102 1314
1001 1023 1000 859 1031 0 1332 1252 2190 996 999 588 1387 1078 1719 1143 1716 646 1764 919 1007 4192 296 1041 296 815 551 820 1425 1277 986 783 724 608 217 498 1012 1370 1033
1333 1355 1332 1191 1363 1332 0 1584 2761 1579 454 920 1719 1410 2054 1475 2051 932 2096 1251 1339 4525 1358 496 1358 1147 836 1152 1757 1609 441 1115 1307 1192 1278 1514 467 1702 1615
764 727 704 921 735 1063 1395 0 2491 1309 1061 636 1150 1141 1783 847 1780 709 1468 981 1069 3896 1088 1103 1088 519 614 883 1138 981 1049 487 1037 922 1009 1244 1074 1133 1346
2426 2448 2425 1714 2456 2156 2753 2677 0 1453 2420 2019 2812 1522 809 2174 777 2077 3189 1775 1563 5618 2182 2462 2182 2240 1982 1676 1675 2702 2407 2209 1539 1705 2102 2009 2433 2796 1490
1136 1158 1135 994 1166 854 1467 1387 2325 0 1134 723 1522 1213 1854 1278 1851 781 1899 1054 1142 4327 880 1176 880 950 686 955 1560 1412 1121 918 859 403 800 707 1147 1505 188
1000 1022 999 858 1030 999 454 1251 2428 1246 0 587 1386 1077 1721 1142 1718 598 1763 918 1006 4191 1025 162 1025 814 503 819 1424 1276 108 782 974 859 945 1181 133 1369 1282
574 596 573 447 604 588 920 825 2017 835 587 0 960 666 1310 716 1307 234 1337 507 595 3765 614 629 614 388 139 408 1007 850 574 356 563 448 534 770 600 943 871
668 631 608 825 639 966 1299 919 2395 1213 965 539 0 1045 1687 751 1684 613 1372 885 973 3800 992 1007 992 423 518 787 1042 885 953 391 941 826 913 1148 978 105 1250
1079 1101 1078 362 1109 1078 1410 1330 1519 1008 1077 666 1465 0 813 1014 810 725 1842 422 211 4271 1104 1119 1104 893 629 323 516 1355 1064 862 740 938 1025 1260 1090 1448 1044
1714 1736 1713 1006 1744 1714 2055 1965 808 1362 1721 1310 2100 813 0 1462 42 1369 2477 1066 855 4906 1740 1763 1740 1528 1274 968 963 1990 1709 1497 1095 1574 1661 1896 1734 2084 1399
845 808 785 1002 781 1143 1475 1096 2156 1390 1142 716 1231 1091 1445 0 1442 790 1514 1062 1132 3943 1169 1184 1169 517 694 963 936 1027 1129 486 1118 1003 1089 1325 1155 1214 1426
1712 1734 1711 1003 1741 1711 2052 1963 776 1360 1718 1307 2097 810 42 1459 0 1366 2474 1063 852 4903 1737 1760 1737 1525 1271 965 961 1987 1706 1494 1092 1571 1658 1893 1731 2081 1396
647 669 646 505 677 646 932 898 2075 893 598 234 1033 725 1368 790 1366 0 1410 565 653 3839 672 640 672 461 151 467 1072 923 586 430 621 506 593 828 611 1017 930
1465 1428 1405 1623 906 1764 2096 1716 3186 2011 1763 1337 1851 1842 2475 1514 2472 1410 0 1683 1771 3528 1790 1804 1790 1186 1315 1584 1839 700 1750 1154 1738 1623 1710 1945 1776 1835 2047
920 942 919 90 950 919 1251 1171 1772 1166 918 507 1306 422 1066 1062 1063 565 1683 0 351 4111 945 960 945 734 470 154 769 1196 905 702 894 779 865 1101 931 1289 1202
1008 1030 1007 291 1038 1007 1339 1259 1561 1049 1006 595 1394 211 854 1056 851 653 1771 351 0 4199 1033 1048 1033 822 558 252 557 1284 993 790 781 867 953 1189 1019 1377 1085
3894 3857 3834 4051 3486 4192 4525 4145 5615 4439 4191 3765 4280 4271 4904 3943 4901 3839 3528 4111 4199 0 4218 4233 4218 3615 3744 4013 4268 3107 4179 3583 4167 4052 4139 4374 4204 4263 4476
1027 1049 1026 885 1057 296 1358 1278 2216 1022 1025 614 1413 1104 1745 1169 1742 672 1790 945 1033 4218 0 1067 132 841 577 846 1451 1303 1012 809 750 633 242 333 1038 1396 1058
1042 1064 1041 900 1071 1041 496 1293 2469 1288 162 629 1427 1119 1763 1184 1760 640 1804 960 1048 4233 1067 0 1067 856 545 861 1466 1317 150 824 1015 900 987 1222 175 1411 1324
1027 1049 1026 885 1057 296 1358 1278 2216 1022 1025 614 1413 1104 1745 1169 1742 672 1790 945 1033 4218 132 1067 0 841 577 846 1451 1303 1012 809 750 633 242 333 1038 1396 1058
516 479 456 674 453 815 1147 767 2243 1062 814 388 902 893 1535 517 1532 461 1186 734 822 3615 841 856 841 0 366 635 890 699 801 158 789 674 761 996 827 886 1098
552 574 551 410 582 551 836 803 1980 798 503 139 938 629 1273 694 1270 151 1315 470 558 3744 577 545 577 366 0 371 976 828 490 334 526 411 497 733 516 921 834
821 843 820 94 851 820 1152 1072 1674 1067 819 408 1207 323 967 963 964 467 1584 154 252 4013 846 861 846 635 371 0 670 1097 807 604 795 680 767 1002 832 1191 1104
1422 1385 1362 1078 1013 1720 2052 1673 1951 1439 1719 1293 1808 886 1240 716 1237 1367 1746 1139 927 4175 1746 1761 1746 1095 1271 1040 0 1259 1706 1064 1172 1580 1667 1902 1732 1791 1476
978 941 918 1136 570 1277 1609 1229 2699 1524 1276 850 1364 1355 1988 1027 1985 923 700 1196 1284 3107 1303 1317 1303 699 828 1097 1352 0 1263 667 1251 1136 1223 1458 1289 1348 1560
987 1009 986 845 1017 986 441 1238 2415 1233 108 574 1373 1064 1708 1129 1705 586 1750 905 993 4179 1012 150 1012 801 490 807 1411 1263 0 770 961 846 933 1168 121 1356 1269
485 448 425 642 421 783 1115 736 2212 1030 782 356 871 862 1503 486 1501 430 1154 702 790 3583 809 824 809 158 334 604 859 667 770 0 758 643 730 965 795 854 1067
975 998 975 833 1005 724 1307 1227 1570 340 974 563 1361 653 1099 1118 1097 621 1738 894 694 4167 750 1015 750 789 526 795 806 1251 961 758 0 584 670 896 986 1345 377
860 883 860 718 890 608 1192 1112 2049 856 859 448 1246 938 1579 1003 1576 506 1623 779 867 4052 634 900 634 674 411 680 1285 1136 846 643 584 0 554 460 871 1230 892
947 969 946 805 977 217 1278 1198 2136 943 945 534 1333 1025 1665 1089 1662 593 1710 865 953 4139 242 987 242 761 497 767 1371 1223 933 730 670 554 0 444 958 1317 979
1183 1205 1182 1041 1213 498 1514 1434 2371 1178 1181 770 1569 1260 1901 1325 1898 828 1946 1101 1189 4374 333 1223 333 997 733 1002 1607 1459 1168 965 906 460 444 0 1194 1552 1214
1013 1035 1012 871 1043 1012 467 1264 2440 1259 133 600 1399 1090 1734 1155 1731 611 1776 931 1019 4204 1038 175 1038 827 516 832 1437 1289 121 795 986 871 958 1194 0 1382 1295
652 614 591 809 622 950 1282 903 2379 1197 949 523 105 1028 1670 735 1667 596 1355 869 957 3784 976 991 976 406 501 770 1025 868 936 375 925 810 896 1132 962 0 1233
1172 1194 1171 1030 1202 890 1503 1423 2361 188 1170 759 1558 1249 1890 1314 1887 818 1935 1090 1178 4364 916 1212 916 986 722 992 1596 1448 1157 954 895 439 836 743 1183 1541 0
EOF
