NAME : tsp_problem
TYPE : TSP
DIMENSION : 22
EDGE_WEIGHT_TYPE : EXPLICIT
EDGE_WEIGHT_FORMAT : FULL_MATRIX
EDGE_WEIGHT_SECTION
0 411 1271 857 840 764 746 393 713 799 781 920 1337 1018 1211 1015 69 303 784 434 695 1067
602 0 1052 638 622 546 527 114 494 580 562 557 1118 655 992 652 503 663 565 794 333 848
1372 1048 0 993 521 901 882 1030 849 935 917 1556 196 1655 138 1652 1273 1433 920 1564 1332 454
963 638 997 0 567 118 181 620 263 139 105 1147 1064 1245 938 1243 864 1023 237 1154 923 794
946 622 525 567 0 475 456 604 423 509 491 1130 592 1229 466 1226 847 1007 494 1138 906 322
870 546 905 118 475 0 88 528 170 84 50 1054 971 1153 845 1150 771 931 144 1062 830 701
852 527 887 181 456 88 0 509 136 123 105 1036 953 1134 827 1132 753 912 76 1043 812 683
584 114 1034 620 604 528 509 0 476 562 544 586 1100 684 974 682 485 645 547 776 362 830
818 494 853 263 423 170 136 476 0 205 186 1003 920 1101 793 1098 719 879 88 1010 779 650
904 580 939 139 509 84 123 562 205 0 71 1089 1006 1187 880 1184 805 965 179 1096 865 736
886 562 921 105 491 50 105 544 186 71 0 1071 988 1169 862 1166 787 947 161 1078 847 718
1129 574 1578 1165 1148 1072 1054 604 1020 1106 1088 0 1645 505 1519 502 1030 1190 1091 1321 432 1375
1439 1114 196 1060 588 967 949 1096 915 1002 984 1623 0 1721 175 1719 1340 1499 986 1630 1399 520
1226 672 1676 1262 1245 1169 1151 701 1118 1204 1186 517 1742 0 1616 201 1127 1287 1189 1418 530 1472
1312 988 138 934 461 841 823 970 789 875 857 1497 175 1595 0 1592 1213 1373 860 1504 1273 394
1279 724 1728 1314 1298 1222 1204 754 1170 1256 1238 569 1795 86 1668 0 1180 1339 1241 1470 582 1525
266 435 1295 881 865 789 770 417 737 823 805 944 1361 1042 1235 1039 0 327 808 458 720 1091
147 541 1401 987 970 894 876 523 843 929 911 1050 1467 1148 1341 1145 199 0 914 405 826 1197
889 565 924 237 494 144 76 547 88 179 161 1074 991 1172 864 1169 790 950 0 1081 849 720
212 606 1466 1053 1036 960 942 588 908 994 976 1115 1533 1213 1407 1211 264 101 979 0 891 1263
998 443 1447 1033 1017 941 923 473 889 975 957 275 1514 373 1387 371 899 1058 960 1189 0 1244
1169 844 454 790 318 697 679 826 645 732 713 1353 520 1451 394 1449 1070 1229 716 1360 1129 0
EOF