NAME : tsp_problem
TYPE : TSP
DIMENSION : 84
EDGE_WEIGHT_TYPE : EXPLICIT
EDGE_WEIGHT_FORMAT : FULL_MATRIX
EDGE_WEIGHT_SECTION
0 1596 782 1250 610 1133 1192 63 1589 496 399 951 1080 441 1064 1313 890 1411 1429 1124 651 898 1038 503 366 1293 167 718 1099 506 508 647 274 1215 1138 1210 689 845 655 876 1106 1088 1314 214 894 739 414 192 359 1547 1172 964 294 716 1198 268 1485 588 722 977 911 237 1604 1414 637 284 1379 444 731 238 1273 769 566 152 495 476 1063 1154 927 1192 149 943 1107 379
1656 0 1240 615 2035 612 516 1662 499 1252 1735 975 614 1499 921 435 990 321 449 982 1173 920 769 1245 1394 390 1583 1176 957 2038 1250 1185 1807 537 652 688 1106 1090 2187 1058 712 723 545 1747 886 1196 1372 1552 1891 457 659 922 1649 1173 627 1877 395 1119 1038 935 897 1770 175 328 1126 1817 310 1489 1078 1771 469 1226 1205 1684 1315 1270 757 668 951 1050 1681 1400 719 1437
782 1157 0 794 1161 655 936 788 1149 505 861 511 917 625 872 835 547 994 951 933 506 445 584 499 510 878 699 203 908 1164 315 496 933 737 660 753 527 459 1314 468 652 610 964 873 731 68 538 668 1017 1108 694 510 765 89 720 993 1069 426 559 523 458 896 1187 936 380 943 962 554 410 897 795 52 270 811 380 334 643 676 532 1001 807 427 653 563
1250 530 794 0 1651 210 491 1256 522 804 1351 446 589 1114 540 313 461 369 325 601 644 391 240 798 927 433 1116 730 576 1654 804 656 1422 258 167 159 802 560 1803 528 182 214 519 1363 504 750 900 1085 1507 481 130 393 1181 727 106 1409 444 815 734 406 368 1385 563 310 665 1432 359 1043 548 1386 350 780 759 1300 869 824 311 148 422 668 1297 954 190 1052
610 1975 1161 1651 0 1512 1571 616 1967 1019 634 1368 1459 642 1442 1692 1375 1789 1808 1503 1174 1302 1441 1026 889 1672 690 1097 1478 346 886 1169 374 1594 1517 1610 1068 1286 716 1317 1509 1466 1693 425 1273 1117 937 715 356 1926 1551 1367 817 1094 1577 835 1864 967 1101 1380 1315 399 1982 1793 1054 358 1758 862 1172 410 1652 1148 945 486 874 854 1442 1533 1389 1571 489 1321 1510 653
1133 528 655 210 1512 0 308 1139 521 667 1212 532 406 976 401 207 585 366 323 462 606 399 248 661 810 250 999 591 437 1515 666 618 1284 109 67 283 664 559 1664 569 285 139 336 1224 366 611 787 968 1368 479 223 401 1064 588 127 1292 440 676 596 414 376 1247 559 308 542 1294 334 904 511 1248 167 642 620 1161 730 685 172 83 545 530 1158 815 286 914
1192 456 936 491 1571 308 0 1198 449 948 1271 812 150 1034 459 289 865 271 399 520 887 680 528 942 1091 153 1272 872 495 1574 947 899 1342 286 348 563 642 840 1723 850 566 419 187 1282 423 892 1068 1241 1427 407 504 682 1338 869 408 1417 345 655 574 695 657 1305 464 278 822 1352 239 1077 792 1306 164 922 901 1220 1011 966 385 364 826 587 1217 1096 567 972
63 1602 788 1256 616 1139 1198 0 1595 502 405 957 1086 447 1069 1319 895 1416 1435 1130 657 904 1044 508 372 1299 173 724 1105 512 514 653 280 1221 1144 1216 695 851 661 882 1112 1093 1320 220 900 744 420 198 365 1553 1178 970 300 722 1204 258 1491 594 728 983 917 243 1610 1420 643 290 1385 450 737 244 1279 775 572 158 501 482 1069 1160 933 1198 155 949 1113 384
1653 503 1236 612 2031 608 513 1659 0 1248 1731 971 611 1495 918 432 987 317 446 979 1170 917 765 1242 1391 387 1580 1172 954 2035 1247 1181 1803 533 649 685 1103 1086 2184 1054 708 720 541 1743 882 1192 1368 1549 1887 454 656 919 1645 1169 624 1873 392 1116 1035 932 894 1766 172 324 1123 1813 307 1485 1074 1767 465 1223 1202 1681 1311 1266 753 664 948 1046 1678 1396 716 1433
496 1169 505 804 1019 667 948 502 1161 0 757 519 1004 520 884 847 464 1006 964 945 205 453 592 69 173 890 362 441 920 915 333 176 684 749 673 764 709 400 1064 431 661 622 976 624 849 461 146 331 768 1120 706 518 427 438 732 655 1081 608 741 531 466 647 1199 949 171 694 975 310 286 648 807 492 342 561 398 352 655 688 502 1013 558 665 661 458
399 1675 861 1351 634 1212 1271 405 1667 757 0 1068 1159 342 1142 1392 1075 1489 1508 1203 887 1002 1141 763 627 1372 480 797 1178 535 586 870 303 1294 1217 1310 768 986 905 1017 1209 1166 1393 243 973 817 675 505 388 1626 1251 1067 606 794 1277 624 1564 667 801 1080 1015 266 1682 1493 754 313 1458 562 872 267 1352 848 645 276 574 555 1142 1233 1089 1271 279 1021 1210 353
951 890 511 446 1368 532 812 957 882 519 1068 0 868 832 749 673 97 729 685 810 359 172 311 513 628 754 817 447 785 1370 522 370 1139 613 527 405 734 199 1519 165 324 460 841 1079 713 467 600 786 1223 841 376 212 882 444 466 1110 804 633 766 202 185 1102 922 670 379 1149 719 760 263 1103 671 498 477 1016 586 541 520 508 58 877 1013 671 331 770
1080 554 917 589 1459 406 150 1086 547 1004 1159 868 0 922 445 387 921 369 497 506 943 735 584 997 1030 251 1160 853 481 1462 856 954 1230 384 446 619 530 896 1611 906 621 475 272 1170 315 873 1078 1129 1315 505 559 738 1226 850 506 1305 443 543 462 751 712 1193 562 376 878 1240 337 965 847 1194 262 904 811 1108 921 875 370 462 882 573 1105 1077 622 860
441 1439 625 1114 642 976 1034 447 1431 520 342 832 922 0 906 1156 839 1253 1272 967 651 765 905 527 390 1136 521 561 942 647 350 633 416 1057 981 1074 532 750 972 781 973 930 1157 356 737 581 439 490 500 1390 1015 831 587 558 1041 666 1328 431 565 844 778 379 1446 1257 517 426 1221 326 636 380 1116 612 409 388 338 318 905 997 853 1034 391 785 974 117
1064 849 872 540 1442 401 459 1069 842 884 1142 749 445 906 0 528 802 676 644 163 823 616 465 878 1013 558 1144 808 87 1445 840 835 1214 438 407 500 514 777 1595 786 502 356 621 1154 216 828 1004 1113 1298 800 440 618 1210 805 467 1288 750 526 446 631 593 1177 869 629 759 1224 644 949 728 1178 488 859 795 1092 904 859 251 422 763 230 1089 1032 503 844
1313 352 835 313 1692 207 289 1319 345 847 1392 673 387 1156 528 0 688 189 147 589 786 579 428 841 990 191 1179 771 564 1695 846 798 1464 133 248 386 784 740 1844 749 409 319 317 1404 492 791 967 1148 1548 303 357 581 1245 768 259 1472 264 797 717 595 556 1427 383 132 722 1474 158 1085 691 1428 148 822 801 1342 910 865 353 263 649 657 1338 995 417 1094
890 905 547 461 1375 585 865 895 898 464 1075 97 921 839 802 688 0 745 700 863 328 245 385 458 566 807 755 483 838 1308 529 340 1077 634 542 421 769 137 1458 103 339 476 894 1017 766 503 539 724 1161 856 391 228 821 480 481 1048 819 668 802 217 258 1040 938 685 349 1087 734 703 260 1041 724 534 512 955 593 548 573 523 73 930 952 707 347 777
1411 217 994 369 1789 366 271 1416 210 1006 1489 729 369 1253 676 189 745 0 203 737 928 674 523 1000 1149 145 1338 930 712 1792 1005 939 1561 291 406 443 861 844 1942 812 466 478 299 1501 640 950 1126 1306 1645 168 413 677 1403 927 382 1631 106 873 793 690 651 1524 225 82 881 1571 64 1243 832 1525 223 981 959 1439 1069 1024 511 422 705 804 1436 1154 474 1191
1429 231 951 325 1808 323 399 1435 224 964 1508 685 497 1272 644 147 700 203 0 705 883 630 478 957 1106 273 1295 887 680 1811 962 894 1580 247 364 398 901 799 1961 767 421 435 427 1520 608 908 1083 1264 1664 182 369 632 1361 885 337 1588 200 913 833 645 607 1543 378 144 838 1590 193 1201 787 1544 264 938 917 1458 1027 981 469 379 661 773 1455 1112 429 1210
1124 910 933 601 1503 462 520 1130 903 945 1203 810 506 967 163 589 863 737 705 0 884 677 526 939 1074 619 1205 869 199 1506 901 896 1275 499 468 561 575 837 1655 847 563 417 682 1215 277 889 1065 1174 1359 861 501 679 1271 866 528 1349 811 587 507 692 654 1238 930 690 820 1285 705 1010 789 1239 549 920 856 1153 965 920 312 483 823 178 1149 1093 564 905
651 1088 506 644 1174 606 887 657 1081 205 887 359 943 651 823 786 328 928 883 884 0 292 432 199 328 829 517 442 859 1070 341 56 839 688 612 604 717 239 1219 270 500 561 915 779 788 462 300 485 923 1039 574 357 582 439 664 810 1002 616 749 371 305 802 1121 868 161 849 914 464 125 803 746 492 350 716 406 360 594 627 366 952 713 666 501 589
898 835 445 391 1302 399 680 904 827 453 1002 172 735 765 616 579 245 674 630 677 292 0 179 446 575 622 764 381 652 1305 455 304 1073 481 404 350 667 209 1454 218 247 353 708 1013 580 401 548 733 1158 786 321 104 830 378 411 1057 749 566 700 117 79 1036 868 615 313 1083 664 694 197 1037 539 431 410 951 520 475 387 420 193 745 948 605 248 703
1038 684 584 240 1441 248 528 1044 676 592 1141 311 584 905 465 428 385 523 478 526 432 179 0 586 715 471 904 520 501 1444 595 443 1213 329 253 199 727 348 1594 358 96 202 557 1153 429 540 687 873 1297 635 170 181 969 518 259 1197 598 706 659 194 156 1176 716 463 452 1223 513 834 336 1177 388 571 550 1091 660 614 236 269 332 593 1087 745 97 843
503 1162 499 798 1026 661 942 508 1155 69 763 513 997 527 878 841 458 1000 957 939 199 446 586 0 179 884 368 435 914 922 327 170 690 743 666 758 703 393 1071 424 654 615 970 630 842 455 152 337 774 1113 700 512 434 432 726 661 1074 602 735 525 459 653 1193 942 165 700 968 316 279 654 801 486 335 568 391 346 649 682 495 1006 565 659 655 465
366 1311 510 927 889 810 1091 372 1304 173 627 628 1030 390 1013 990 566 1149 1106 1074 328 575 715 179 0 1033 232 446 1049 785 285 324 554 892 815 887 639 522 934 553 783 764 1119 494 844 466 91 200 638 1262 849 640 297 444 875 525 1223 538 672 654 588 517 1342 1091 314 563 1117 179 408 518 950 497 294 431 331 305 798 831 604 1142 428 671 784 328
1293 330 878 433 1672 250 153 1299 323 890 1372 754 251 1136 558 191 807 145 273 619 829 622 471 884 1033 0 1222 814 594 1675 889 841 1444 228 290 505 743 782 1824 792 508 362 182 1384 523 834 1010 1190 1528 281 446 624 1287 811 350 1515 219 756 675 637 599 1407 338 152 765 1454 113 1127 734 1408 106 865 843 1321 953 908 395 306 768 687 1318 1038 509 1074
167 1500 699 1116 690 999 1272 173 1493 362 480 817 1160 521 1144 1179 755 1338 1295 1205 517 764 904 368 232 1222 0 635 1180 586 474 513 355 1081 1004 1076 770 711 736 742 972 953 1308 295 975 655 280 121 439 1451 1038 830 289 633 1064 392 1412 669 803 843 777 318 1531 1280 503 365 1306 310 597 319 1139 686 483 233 462 442 987 1020 793 1272 230 860 973 459
718 1093 203 730 1097 591 872 724 1085 441 797 447 853 561 808 771 483 930 887 869 442 381 520 435 446 814 635 0 844 1100 251 432 869 673 596 689 463 395 1250 404 588 546 900 809 667 159 474 604 953 1044 630 446 701 136 656 929 1005 362 495 459 394 832 1123 872 316 879 898 490 346 833 731 189 206 747 316 270 579 612 468 937 743 269 589 499
1099 885 908 576 1478 437 495 1105 878 920 1178 785 481 942 87 564 838 712 680 199 859 652 501 914 1049 594 1180 844 0 1481 876 871 1250 474 443 536 550 812 1631 822 538 392 657 1190 252 864 1040 1149 1334 836 476 654 1246 841 503 1324 786 562 482 667 629 1213 905 665 795 1260 680 985 764 1214 524 895 831 1128 940 895 287 458 799 266 1124 1068 539 880
506 1978 1164 1654 346 1515 1574 512 1971 915 535 1370 1462 647 1445 1695 1308 1792 1811 1506 1070 1305 1444 922 785 1675 586 1100 1481 0 889 1066 270 1597 1520 1613 1071 1264 535 1295 1512 1470 1696 350 1276 1120 833 611 252 1929 1554 1370 713 1097 1580 731 1867 970 1104 1383 1318 373 1986 1796 1056 420 1761 863 1150 306 1655 1151 948 382 877 858 1445 1536 1346 1574 385 1324 1513 658
508 1167 315 804 886 666 947 514 1160 333 586 522 856 350 840 846 529 1005 962 901 341 455 595 327 285 889 474 251 876 889 0 323 658 747 671 764 466 440 1039 471 663 620 975 598 670 271 313 443 742 1118 705 521 539 248 731 733 1079 365 498 534 468 621 1198 947 207 668 973 279 326 622 806 302 99 536 105 67 654 687 543 968 533 475 664 288
647 1100 496 656 1169 618 899 653 1092 176 870 370 954 633 835 798 340 939 894 896 56 304 443 170 324 841 513 432 871 1066 323 0 834 700 623 615 699 251 1215 282 512 572 927 775 799 452 296 481 919 1050 586 369 578 429 675 806 1014 598 732 382 317 797 1132 879 161 844 925 460 137 798 758 482 332 712 388 342 606 639 377 963 709 656 513 571
274 1747 933 1422 374 1284 1342 280 1739 684 303 1139 1230 416 1214 1464 1077 1561 1580 1275 839 1073 1213 690 554 1444 355 869 1250 270 658 834 0 1365 1289 1382 840 1033 640 1064 1281 1238 1465 119 1045 889 602 380 123 1698 1323 1139 482 866 1349 499 1636 739 873 1152 1086 141 1754 1565 824 188 1530 632 919 75 1424 920 717 151 646 626 1213 1305 1115 1342 154 1093 1282 427
1215 452 737 258 1594 109 286 1221 444 749 1294 613 384 1057 438 133 634 291 247 499 688 481 329 743 892 228 1081 673 474 1597 747 700 1365 0 149 332 694 641 1746 651 355 220 314 1306 402 693 869 1049 1450 403 302 483 1146 670 197 1374 366 707 626 496 458 1328 484 231 623 1375 260 986 593 1329 145 723 702 1243 812 767 254 165 594 566 1240 897 363 995
1138 569 660 167 1517 67 348 1144 562 673 1217 527 446 981 407 248 542 406 364 468 612 404 253 666 815 290 1004 596 443 1520 671 623 1289 149 0 240 669 565 1670 574 263 144 377 1229 371 616 792 973 1373 520 211 406 1070 594 105 1297 481 682 601 420 381 1252 600 349 547 1299 375 910 516 1253 207 647 626 1167 736 690 178 88 503 535 1163 821 271 919
1210 603 753 159 1610 283 563 1216 596 764 1310 405 619 1074 500 386 421 443 398 561 604 350 199 758 887 505 1076 689 536 1613 764 615 1382 332 240 0 762 520 1763 488 142 174 592 1322 464 710 859 1044 1466 554 89 353 1141 687 179 1369 517 775 694 366 327 1345 636 383 624 1392 432 1003 508 1346 422 740 719 1260 829 783 271 221 381 628 1257 914 150 1012
689 1046 527 802 1068 664 642 695 1039 709 768 734 530 532 514 790 769 861 906 575 717 667 727 703 639 743 770 463 550 1071 466 699 840 700 669 762 0 681 1220 691 764 618 765 780 344 483 687 739 924 997 702 732 836 460 729 914 935 152 172 745 680 803 1054 868 583 850 829 575 633 804 750 513 421 718 530 485 513 684 755 642 714 687 765 470
845 1004 459 560 1286 559 840 851 997 400 986 199 896 750 777 740 137 844 799 837 239 209 348 393 522 782 711 395 812 1264 440 251 1033 641 565 520 681 0 1413 59 416 514 869 973 741 415 495 680 1117 955 491 274 777 392 580 1004 918 580 714 287 222 996 1037 784 260 1043 833 659 171 997 699 445 424 911 504 459 548 580 175 905 907 619 417 688
651 2123 1310 1799 689 1661 1719 657 2116 1061 878 1515 1607 968 1591 1841 1454 1938 1957 1652 1215 1450 1590 1067 930 1820 732 1246 1627 509 1035 1211 614 1742 1666 1759 1217 1410 0 1441 1658 1615 1842 694 1421 1266 979 757 596 2074 1699 1515 858 1243 1726 876 2012 1116 1249 1528 1463 717 2131 1942 1201 763 1906 1009 1296 650 1800 1296 1094 679 1023 1003 1590 1681 1492 1719 676 1470 1659 906
876 972 468 528 1317 569 850 882 965 431 1017 165 906 781 786 749 103 812 767 847 270 218 358 424 553 792 742 404 822 1295 471 282 1064 651 574 488 691 59 1445 0 406 524 878 1004 751 425 526 711 1148 923 459 284 808 402 548 1035 886 590 723 284 231 1027 1005 752 291 1074 801 690 181 1028 709 455 434 942 535 490 557 590 141 915 939 629 414 719
1106 626 652 182 1509 285 566 1112 619 661 1209 324 621 973 502 409 339 466 421 563 500 247 96 654 783 508 972 588 538 1512 663 512 1281 355 263 142 764 416 1662 406 0 197 594 1221 466 609 756 941 1365 577 113 249 1038 586 202 1265 541 774 696 262 224 1244 659 406 521 1291 455 902 405 1245 425 639 618 1159 728 682 273 245 300 630 1156 813 68 911
1088 640 610 214 1466 139 419 1093 633 622 1166 460 475 930 356 319 476 478 435 417 561 353 202 615 764 362 953 546 392 1470 620 572 1238 220 144 174 618 514 1619 524 197 0 448 1178 320 566 742 922 1322 591 114 356 1019 543 204 1246 552 631 550 369 330 1201 671 420 496 1248 446 859 465 1202 278 596 575 1116 685 639 127 159 437 484 1113 770 205 868
1596 446 1180 555 1975 552 457 1602 439 1192 1675 915 554 1439 862 375 930 261 389 922 1113 860 709 1186 1335 330 1524 1116 898 1978 1190 1125 1747 477 592 628 1047 1030 2127 998 652 663 0 1687 826 1136 1312 1492 1831 397 599 862 1589 1113 567 1817 335 1059 979 876 837 1710 454 268 1066 1757 250 1429 1018 1711 409 1166 1145 1624 1255 1210 697 608 891 990 1621 1340 659 1377
214 1687 873 1363 425 1224 1282 220 1679 624 243 1079 1170 356 1154 1404 1017 1501 1520 1215 779 1013 1153 630 494 1384 295 809 1190 350 598 775 119 1306 1229 1322 780 973 720 1004 1221 1178 1405 0 985 829 542 320 203 1638 1263 1079 422 806 1289 439 1576 679 813 1092 1026 81 1694 1505 765 93 1470 572 859 83 1364 860 657 91 586 566 1154 1245 1055 1283 94 1033 1222 367
894 814 731 504 1273 366 423 900 806 849 973 713 352 737 216 492 766 640 608 277 788 580 429 842 844 523 975 667 252 1276 670 799 1045 402 371 464 344 741 1425 751 466 320 585 985 0 687 892 943 1129 765 404 583 1040 664 431 1119 714 357 276 596 557 1007 833 593 723 1054 608 779 692 1008 452 718 625 922 735 690 215 386 727 344 919 891 467 674
739 1113 68 750 1117 611 892 744 1105 461 817 467 873 581 828 791 503 950 908 889 462 401 540 455 466 834 655 159 864 1120 271 452 889 693 616 710 483 415 1270 425 609 566 920 829 687 0 494 624 973 1064 650 466 721 45 676 949 1025 382 515 479 414 852 1143 892 336 899 918 510 366 853 751 55 226 767 336 290 599 632 488 957 764 383 609 519
414 1289 538 900 937 787 1068 420 1281 146 675 600 1078 439 1004 967 539 1126 1083 1065 300 548 687 152 91 1010 280 474 1040 833 313 296 602 869 792 859 687 495 982 526 756 742 1096 542 892 494 0 249 686 1240 826 613 346 472 852 573 1201 586 720 626 561 565 1319 1068 291 612 1094 228 381 566 927 525 322 480 378 333 775 808 577 1133 476 699 757 376
192 1469 668 1085 715 968 1241 198 1462 331 505 786 1129 490 1113 1148 724 1306 1264 1174 485 733 873 337 200 1190 121 604 1149 611 443 481 380 1049 973 1044 739 680 761 711 941 922 1277 320 943 624 249 0 464 1420 1006 798 258 601 1033 417 1381 638 771 811 746 343 1500 1249 471 390 1275 279 566 344 1107 655 452 258 430 411 956 988 762 1241 255 828 942 428
359 1831 1017 1507 356 1368 1427 365 1823 768 388 1223 1315 500 1298 1548 1161 1645 1664 1359 923 1158 1297 774 638 1528 439 953 1334 252 742 919 123 1450 1373 1466 924 1117 622 1148 1365 1322 1549 203 1129 973 686 464 0 1782 1407 1223 566 950 1433 583 1720 823 957 1236 1171 226 1838 1649 909 273 1614 716 1003 159 1508 1004 801 235 730 711 1298 1389 1199 1427 238 1177 1366 511
1706 556 1289 665 2084 661 566 1712 549 1301 1785 1025 664 1548 971 485 1040 370 499 1032 1223 970 818 1295 1444 440 1633 1225 1007 2088 1300 1234 1856 587 702 738 1156 1139 2237 1107 761 773 594 1796 935 1245 1421 1602 1941 0 709 972 1699 1222 677 1926 445 1169 1088 985 947 1819 225 377 1176 1866 360 1539 1127 1820 519 1276 1255 1734 1364 1319 807 717 1001 1099 1731 1449 769 1486
1172 574 694 130 1551 223 504 1178 566 706 1251 376 559 1015 440 357 391 413 369 501 574 321 170 700 849 446 1038 630 476 1554 705 586 1323 302 211 89 702 491 1703 459 113 114 532 1263 404 650 826 1006 1407 525 0 323 1103 627 150 1331 488 715 635 337 298 1286 607 354 581 1332 403 943 479 1287 363 681 659 1200 769 724 211 192 352 569 1197 854 120 953
964 837 510 393 1367 401 682 970 830 518 1067 212 738 831 618 581 228 677 632 679 357 104 181 512 640 624 830 446 654 1370 521 369 1139 483 406 353 732 274 1519 284 249 356 710 1079 583 466 613 798 1223 788 323 0 895 443 413 1123 751 631 765 120 81 1102 870 617 378 1148 666 759 262 1103 541 497 475 1016 585 540 389 422 189 747 1013 670 250 769
280 1566 765 1181 803 1064 1338 286 1559 427 593 882 1226 587 1210 1245 821 1403 1361 1271 582 830 969 434 297 1287 289 701 1246 699 539 578 468 1146 1070 1141 836 777 848 808 1038 1019 1374 408 1040 721 346 258 552 1517 1103 895 0 698 1130 253 1478 735 868 908 843 431 1596 1346 568 478 1372 376 663 432 1204 752 549 346 527 508 1053 1085 859 1338 342 925 1039 525
716 1090 89 727 1094 588 869 722 1082 438 794 444 850 558 805 768 480 927 885 866 439 378 518 432 444 811 633 136 841 1097 248 429 866 670 594 687 460 392 1247 402 586 543 897 806 664 45 472 601 950 1041 627 443 698 0 653 926 1002 359 492 456 391 829 1120 870 313 876 896 487 343 830 728 76 203 744 313 267 576 609 465 934 741 360 587 496
1198 542 720 106 1577 127 408 1204 535 732 1277 466 506 1041 467 259 481 382 337 528 664 411 259 726 875 350 1064 656 503 1580 731 675 1349 197 105 179 729 580 1729 548 202 204 437 1289 431 676 852 1033 1433 493 150 413 1130 653 0 1357 456 741 661 426 388 1312 575 322 607 1359 371 970 568 1313 267 707 686 1227 795 750 238 87 442 595 1223 880 210 979
268 1793 993 1409 835 1292 1417 258 1786 655 624 1110 1305 666 1288 1472 1048 1631 1588 1349 810 1057 1197 661 525 1515 392 929 1324 731 733 806 499 1374 1297 1369 914 1004 880 1035 1265 1246 1539 439 1119 949 573 417 583 1744 1331 1123 253 926 1357 0 1705 813 947 1136 1070 462 1824 1573 796 509 1599 603 890 463 1432 979 776 377 720 701 1280 1313 1086 1417 374 1153 1266 603
1485 140 1069 444 1864 440 345 1491 133 1081 1564 804 443 1328 750 264 819 106 200 811 1002 749 598 1074 1223 219 1412 1005 786 1867 1079 1014 1636 366 481 517 935 918 2016 886 541 552 374 1576 714 1025 1201 1381 1720 91 488 751 1478 1002 456 1705 0 948 867 764 726 1599 215 157 955 1645 139 1318 907 1600 298 1055 1034 1513 1144 1098 586 496 780 879 1510 1229 548 1266
588 1059 426 815 967 676 655 594 1052 608 667 633 543 431 526 803 668 873 919 587 616 566 706 602 538 756 669 362 562 970 365 598 739 713 682 775 152 580 1120 590 774 631 777 679 357 382 586 638 823 1010 715 631 735 359 741 813 948 0 185 644 579 702 1067 881 482 749 842 474 532 703 763 412 320 617 429 384 526 697 654 655 613 586 775 369
722 978 559 734 1101 596 574 728 971 741 801 766 462 565 446 722 802 793 839 507 749 700 659 735 672 675 803 495 482 1104 498 732 873 632 601 694 172 714 1253 723 696 550 697 813 276 515 720 771 957 929 635 765 868 492 661 947 867 185 0 778 713 835 986 800 616 882 761 607 665 836 682 546 453 750 563 518 445 617 787 574 747 719 697 502
977 850 523 406 1380 414 695 983 843 531 1080 202 751 844 631 595 217 690 645 692 371 117 194 525 654 637 843 459 667 1383 534 382 1152 496 420 366 745 287 1532 284 262 369 723 1092 596 479 626 811 1236 801 337 120 908 456 426 1136 764 644 778 0 94 1115 883 630 391 1162 679 772 275 1116 554 510 488 1029 598 553 402 435 178 760 1026 683 263 782
911 812 458 368 1315 376 657 917 804 466 1015 185 712 778 593 556 258 651 607 654 305 79 156 459 588 599 777 394 629 1318 468 317 1086 458 381 327 680 222 1467 231 224 330 685 1026 557 414 561 746 1171 763 298 81 843 391 388 1070 726 579 713 94 0 1049 845 592 326 1096 641 707 210 1050 516 444 423 964 533 488 364 397 206 722 961 618 225 716
237 1710 896 1385 399 1247 1305 243 1702 647 266 1102 1193 379 1177 1427 1040 1524 1543 1238 802 1036 1176 653 517 1407 318 832 1213 373 621 797 141 1328 1252 1345 803 996 743 1027 1244 1201 1428 81 1007 852 565 343 226 1660 1286 1102 444 829 1312 462 1599 702 835 1115 1049 0 1717 1528 787 68 1492 595 882 105 1387 883 680 114 609 589 1176 1268 1078 1305 117 1056 1245 390
1506 356 1089 465 1884 461 366 1512 349 1101 1585 825 464 1348 771 285 840 170 299 832 1023 770 618 1095 1244 240 1433 1025 807 1888 1100 1034 1656 387 502 538 956 939 2037 907 561 573 394 1596 735 1045 1221 1402 1741 307 509 772 1499 1022 477 1726 245 969 888 785 747 1619 0 177 976 1666 160 1339 927 1620 319 1076 1055 1534 1164 1119 607 517 801 899 1531 1249 569 1286
1414 268 936 310 1793 308 278 1420 260 949 1493 670 376 1257 629 132 685 82 144 690 868 615 463 942 1091 152 1280 872 665 1796 947 879 1565 231 349 383 868 784 1946 752 406 420 306 1505 593 892 1068 1249 1649 219 354 617 1346 870 322 1573 157 881 800 630 592 1528 275 0 823 1575 72 1186 772 1529 230 923 902 1443 1012 966 454 364 646 758 1440 1097 414 1195
637 1043 380 665 1054 542 822 643 1036 171 754 379 878 517 759 722 349 881 838 820 161 313 452 165 314 765 503 316 795 1056 207 161 824 623 547 624 583 260 1205 291 521 496 851 765 723 336 291 471 909 994 581 378 568 313 607 796 955 482 616 391 326 787 1074 823 0 834 849 446 146 788 682 366 216 702 272 227 530 562 386 887 699 540 522 455
284 1756 943 1432 358 1294 1352 290 1749 694 313 1149 1240 426 1224 1474 1087 1571 1590 1285 849 1083 1223 700 563 1454 365 879 1260 420 668 844 188 1375 1299 1392 850 1043 790 1074 1291 1248 1475 93 1054 899 612 390 273 1707 1332 1148 491 876 1359 509 1645 749 882 1162 1096 68 1764 1575 834 0 1539 642 929 152 1433 929 727 161 656 636 1223 1314 1125 1352 164 1103 1292 437
1379 250 962 359 1758 334 239 1385 243 975 1458 719 337 1221 644 158 734 64 193 705 914 664 513 968 1117 113 1306 898 680 1761 973 925 1530 260 375 432 829 833 1910 801 455 446 268 1470 608 918 1094 1275 1614 201 403 666 1372 896 371 1599 139 842 761 679 641 1492 258 72 849 1539 0 1212 818 1493 192 949 928 1407 1038 992 480 390 695 773 1404 1123 463 1159
444 1406 554 1043 862 904 1077 450 1398 310 562 760 965 326 949 1085 703 1243 1201 1010 464 694 834 316 179 1127 310 490 985 863 279 460 632 986 910 1003 575 659 1013 690 902 859 1200 572 779 510 228 279 716 1357 943 759 376 487 970 603 1318 474 607 772 707 595 1436 1186 446 642 1212 0 545 596 1044 540 337 510 267 247 893 925 741 1077 507 714 903 264
731 992 410 548 1172 511 792 737 985 286 872 263 847 636 728 691 260 832 787 789 125 197 336 279 408 734 597 346 764 1150 326 137 919 593 516 508 633 171 1300 181 405 465 820 859 692 366 381 566 1003 943 479 262 663 343 568 890 907 532 665 275 210 882 1025 772 146 929 818 545 0 883 651 397 335 797 390 345 499 532 284 856 794 570 406 574
238 1711 897 1386 410 1248 1306 244 1703 648 267 1103 1194 380 1178 1428 1041 1525 1544 1239 803 1037 1177 654 518 1408 319 833 1214 306 622 798 75 1329 1253 1346 804 997 676 1028 1245 1202 1429 83 1008 853 566 344 159 1661 1287 1103 445 830 1313 463 1600 703 836 1116 1050 105 1718 1529 788 152 1493 596 883 0 1388 884 681 115 610 590 1177 1269 1079 1306 118 1057 1246 391
1273 409 795 350 1652 167 164 1279 401 807 1352 671 262 1116 488 148 724 223 264 549 746 539 388 801 950 106 1139 731 524 1655 806 758 1424 145 207 422 744 699 1804 709 425 278 192 1364 452 751 927 1107 1508 360 363 541 1204 728 267 1432 298 757 676 554 516 1387 416 230 682 1433 192 1044 651 1388 0 782 760 1301 870 825 312 223 685 616 1298 955 426 1054
769 1143 52 780 1148 642 922 775 1136 492 848 498 904 612 859 822 534 981 938 920 492 431 571 486 497 865 686 189 895 1151 302 482 920 723 647 740 513 445 1300 455 639 596 951 860 718 55 525 655 1004 1094 681 497 752 76 707 979 1055 412 546 510 444 883 1174 923 366 929 949 540 397 884 782 0 256 797 366 321 630 663 519 987 794 413 640 550
566 1122 270 759 945 620 901 572 1115 342 645 477 811 409 795 801 512 959 917 856 350 410 550 335 294 843 483 206 831 948 99 332 717 702 626 719 421 424 1097 434 618 575 930 657 625 226 322 452 801 1073 659 475 549 203 686 776 1034 320 453 488 423 680 1153 902 216 727 928 337 335 681 760 256 0 594 163 118 609 641 498 923 591 430 619 347
152 1624 811 1300 486 1161 1220 158 1617 561 276 1016 1108 388 1092 1342 955 1439 1458 1153 716 951 1091 568 431 1321 233 747 1128 382 536 712 151 1243 1167 1260 718 911 683 942 1159 1116 1343 91 922 767 480 258 235 1575 1200 1016 359 744 1227 377 1513 617 750 1029 964 114 1632 1443 702 161 1407 510 797 115 1301 797 594 0 524 504 1091 1182 992 1220 126 971 1160 399
495 1232 380 869 874 730 1011 501 1224 398 574 586 921 338 904 910 593 1069 1027 965 406 520 660 391 331 953 462 316 940 877 105 388 646 812 736 829 530 504 1027 535 728 685 1039 586 735 336 378 430 730 1183 769 585 527 313 795 720 1144 429 563 598 533 609 1262 1012 272 656 1038 267 390 610 870 366 163 524 0 73 718 751 607 1033 520 540 729 276
476 1186 334 824 854 685 966 482 1179 352 555 541 875 318 859 865 548 1024 981 920 360 475 614 346 305 908 442 270 895 858 67 342 626 767 690 783 485 459 1007 490 682 639 994 566 690 290 333 411 711 1137 724 540 508 267 750 701 1098 384 518 553 488 589 1217 966 227 636 992 247 345 590 825 321 118 504 73 0 673 706 562 988 501 494 683 256
1063 674 643 311 1442 172 385 1069 666 655 1142 520 370 905 251 353 573 511 469 312 594 387 236 649 798 395 987 579 287 1445 654 606 1213 254 178 271 513 548 1594 557 273 127 482 1154 215 599 775 956 1298 625 211 389 1053 576 238 1280 586 526 445 402 364 1176 704 454 530 1223 480 893 499 1177 312 630 609 1091 718 673 0 193 534 379 1088 803 274 843
1154 584 676 148 1533 83 364 1160 577 688 1233 508 462 997 422 263 523 422 379 483 627 420 269 682 831 306 1020 612 458 1536 687 639 1305 165 88 221 684 580 1685 590 245 159 392 1245 386 632 808 988 1389 535 192 422 1085 609 87 1313 496 697 617 435 397 1268 615 364 562 1314 390 925 532 1269 223 663 641 1182 751 706 193 0 484 551 1179 836 252 934
927 866 532 422 1389 545 826 933 858 502 1089 58 882 853 763 649 73 705 661 823 366 193 332 495 604 768 793 468 799 1346 543 377 1115 594 503 381 755 175 1495 141 300 437 855 1055 727 488 577 762 1199 817 352 189 859 465 442 1086 780 654 787 178 206 1078 899 646 386 1125 695 741 284 1079 685 519 498 992 607 562 534 484 0 891 989 692 307 791
1192 978 1001 668 1571 530 587 1198 970 1013 1271 877 573 1034 230 657 930 804 773 178 952 745 593 1006 1142 687 1272 937 266 1574 968 963 1342 566 535 628 642 905 1723 915 630 484 750 1283 344 957 1133 1241 1427 929 569 747 1338 934 595 1417 879 655 574 760 722 1305 997 758 887 1352 773 1077 856 1306 616 987 923 1220 1033 988 379 551 891 0 1217 1161 631 972
149 1621 807 1297 489 1158 1217 155 1614 558 279 1013 1105 391 1089 1338 952 1436 1455 1149 713 948 1087 565 428 1318 230 743 1124 385 533 709 154 1240 1163 1257 714 907 680 939 1156 1113 1339 94 919 764 476 255 238 1572 1197 1013 356 741 1223 374 1510 613 747 1026 961 117 1629 1440 699 164 1404 507 794 118 1298 794 591 126 520 501 1088 1179 989 1217 0 968 1157 402
943 1317 427 954 1321 815 1096 949 1309 665 1021 671 1077 785 1032 995 707 1154 1112 1093 666 605 745 659 671 1038 860 269 1068 1324 475 656 1093 897 821 914 687 619 1474 629 813 770 1124 1033 891 383 699 828 1177 1268 854 670 925 360 880 1153 1229 586 719 683 618 1056 1347 1097 540 1103 1123 714 570 1057 955 413 430 971 540 494 803 836 692 1161 968 0 814 723
1107 634 653 190 1510 286 567 1113 627 661 1210 331 622 974 503 417 347 474 429 564 501 248 97 655 784 509 973 589 539 1513 664 513 1282 363 271 150 765 417 1663 414 68 205 595 1222 467 609 757 942 1366 585 120 250 1039 587 210 1266 548 775 697 263 225 1245 667 414 522 1292 463 903 406 1246 426 640 619 1160 729 683 274 252 307 631 1157 814 0 912
379 1376 563 1052 653 914 972 384 1369 458 353 770 860 117 844 1094 777 1191 1210 905 589 703 843 465 328 1074 459 499 880 658 288 571 427 995 919 1012 470 688 910 719 911 868 1095 367 674 519 376 428 511 1327 953 769 525 496 979 603 1266 369 502 782 716 390 1384 1195 455 437 1159 264 574 391 1054 550 347 399 276 256 843 934 791 972 402 723 912 0
EOF