NAME : tsp_problem
TYPE : TSP
DIMENSION : 21
EDGE_WEIGHT_TYPE : EXPLICIT
EDGE_WEIGHT_FORMAT : FULL_MATRIX
EDGE_WEIGHT_SECTION
0 693 1189 513 530 252 1164 597 987 671 828 990 509 980 953 1036 655 720 1033 465 607
693 0 1720 335 482 796 657 714 877 623 183 345 461 645 445 701 1187 1252 538 417 559
1185 1717 0 1549 1542 1149 2115 1494 1885 1683 1851 2011 1521 1878 1965 1934 781 924 1930 1476 1619
513 335 1553 0 514 616 899 771 1119 655 470 632 493 887 687 943 1019 1084 780 449 591
530 482 1546 514 0 697 941 575 965 410 617 776 87 930 730 986 1012 1077 823 204 346
252 796 1153 616 697 0 1280 813 1204 838 931 1094 676 1197 1069 1253 619 684 1161 632 774
1164 657 2118 899 941 1280 0 670 483 1083 533 357 920 678 266 734 1585 1650 281 876 1018
597 714 1498 771 575 813 670 0 440 716 590 646 554 433 555 489 964 1029 485 509 652
986 836 1888 1078 965 1203 442 439 0 1106 712 690 944 587 487 643 1354 1419 362 899 1041
671 623 1687 655 410 838 1083 716 1107 0 758 918 389 1071 871 1127 1153 1218 964 234 115
828 183 1855 470 617 931 533 590 753 758 0 221 596 521 321 577 1322 1387 414 551 694
990 345 2015 632 776 1094 357 646 731 918 221 0 755 578 257 633 1481 1546 363 711 853
509 461 1524 493 87 676 920 554 944 389 596 755 0 909 709 965 991 1056 802 183 325
980 645 1882 887 930 1197 678 433 624 1071 521 578 909 0 486 81 1348 1413 417 865 1007
953 445 1968 687 730 1069 266 549 528 871 321 257 709 486 0 542 1435 1500 160 665 807
1036 701 1937 943 986 1253 734 489 680 1127 577 633 965 81 542 0 1404 1469 472 920 1063
655 1187 807 1019 1012 619 1585 964 1355 1153 1322 1481 991 1348 1435 1404 0 196 1400 946 1089
720 1252 950 1084 1077 684 1650 1029 1420 1218 1387 1546 1056 1413 1500 1469 196 0 1465 1011 1154
1027 538 1928 780 823 1161 281 479 403 964 414 363 802 417 160 472 1394 1459 0 757 900
465 417 1480 449 204 632 876 509 900 234 551 711 183 865 665 920 946 1011 757 0 170
607 559 1622 591 346 774 1018 652 1042 115 694 853 325 1007 807 1063 1089 1154 900 170 0
EOF
