NAME : tsp_problem
TYPE : TSP
DIMENSION : 46
EDGE_WEIGHT_TYPE : EXPLICIT
EDGE_WEIGHT_FORMAT : FULL_MATRIX
EDGE_WEIGHT_SECTION
0 576 1441 449 1513 510 1086 161 1044 329 104 475 159 1045 380 595 453 253 702 168 343 858 533 1166 247 791 848 1085 532 549 578 460 465 1387 1013 637 1042 1286 749 504 534 285 646 562 1173 917
576 0 935 1006 1006 983 543 718 538 810 627 289 624 540 443 815 387 719 297 665 406 315 488 623 770 247 305 580 336 599 53 679 946 843 508 544 537 743 206 977 583 464 866 517 629 495
1441 935 0 1833 91 1344 565 1584 488 1343 1473 1155 1489 474 1309 1394 1253 1585 1113 1317 1272 714 1296 516 1357 751 666 374 1202 1406 941 1258 1480 460 674 906 453 359 804 1339 1391 1310 1444 1325 347 857
447 1004 1808 0 1880 762 1515 365 1411 581 400 840 402 1412 695 1013 818 457 992 586 723 1287 784 1595 500 1219 1277 1452 898 799 1007 877 718 1754 1442 984 1409 1653 1178 756 784 703 1064 812 1601 1264
1513 1006 91 1904 0 1416 636 1655 560 1415 1544 1226 1561 546 1380 1465 1324 1656 1184 1389 1343 785 1367 587 1428 822 738 446 1273 1478 1012 1329 1551 531 745 977 524 431 875 1410 1462 1382 1516 1396 418 928
396 876 1271 672 1342 0 1130 532 873 183 312 775 536 874 681 614 753 625 1002 261 644 983 834 1210 196 915 972 914 833 850 879 479 319 1216 957 446 871 1115 903 218 834 445 665 863 1103 726
1086 543 565 1516 636 1204 0 1229 451 1203 1137 775 1134 452 929 1253 873 1229 721 1175 907 322 904 253 1217 359 274 492 822 1014 549 1118 1339 473 282 765 449 373 412 1198 999 974 1304 932 259 716
161 718 1584 322 1655 647 1229 0 1186 466 247 552 114 1187 407 738 530 169 704 311 435 1001 495 1309 384 933 991 1227 609 511 721 602 602 1529 1156 780 1184 1428 892 641 495 428 789 524 1315 1060
1044 538 488 1435 560 947 451 1186 0 946 1075 757 1092 94 911 996 855 1187 756 920 874 461 956 531 959 419 414 129 804 1067 544 860 1082 537 277 508 86 436 407 941 1051 913 1047 985 423 459
389 911 1692 656 1763 645 1422 516 1294 0 305 811 529 1295 716 898 788 608 1038 491 679 1194 869 1502 352 1126 1184 1335 868 885 914 763 157 1637 1349 867 1292 1537 1085 640 870 608 949 898 1508 1147
104 627 1473 424 1544 426 1137 247 1075 245 0 526 245 1076 431 647 504 339 753 219 394 910 585 1218 164 842 899 1116 583 601 630 511 382 1418 1064 648 1073 1317 801 420 585 336 697 614 1224 928
475 289 1155 839 1226 890 775 552 757 709 526 0 496 758 193 714 137 529 275 564 170 571 238 856 669 504 561 798 96 349 292 579 845 1076 727 725 755 975 462 884 333 363 765 267 862 676
159 624 1489 401 1561 650 1134 114 1092 469 245 496 0 1093 351 652 474 113 648 308 379 906 439 1214 388 839 896 1133 553 455 627 516 606 1435 1061 694 1090 1334 798 644 440 339 702 468 1221 974
1045 540 474 1436 546 948 452 1187 94 947 1076 758 1093 0 912 997 856 1188 757 921 875 462 957 532 960 420 415 116 805 1068 545 861 1083 538 279 509 73 437 408 942 1052 914 1048 986 425 460
380 443 1309 694 1380 795 929 407 911 614 431 193 351 912 0 619 171 384 411 469 76 725 202 1009 575 657 715 952 250 218 446 484 750 1230 880 667 909 1129 616 789 202 268 670 231 1016 829
595 815 1394 1025 1465 725 1253 738 996 590 647 714 652 997 619 0 692 747 941 445 582 1098 773 1334 564 1030 1087 1037 772 789 818 236 726 1339 1080 569 994 1238 989 719 773 438 73 802 1226 849
453 387 1253 817 1324 867 873 530 855 687 504 137 474 856 171 692 0 507 331 542 148 669 122 953 647 601 659 896 194 233 390 556 823 1174 824 740 853 1073 560 862 217 341 743 151 960 773
253 719 1585 456 1656 739 1229 169 1187 558 339 529 113 1188 384 747 507 0 681 403 412 1002 472 1310 477 934 992 1228 586 488 722 611 694 1530 1157 789 1185 1429 893 733 473 434 798 501 1316 1069
702 297 1113 991 1184 1117 721 704 756 936 753 275 648 757 411 941 331 681 0 791 406 533 254 801 896 465 523 797 254 365 299 806 1072 1021 691 732 754 921 424 1111 349 590 992 283 807 683
168 665 1311 598 1383 375 1171 311 914 194 219 564 308 915 469 445 542 403 791 0 432 947 623 1251 168 880 937 955 621 638 667 309 330 1257 997 487 912 1156 838 369 623 233 495 651 1143 767
343 406 1272 722 1343 758 907 435 874 577 394 170 379 875 76 582 148 412 406 432 0 689 230 987 537 621 678 915 228 246 409 447 713 1207 843 630 872 1107 580 752 230 231 633 259 993 792
858 315 714 1289 785 1057 322 1001 461 1056 910 571 906 462 725 1098 669 1002 533 947 689 0 744 402 1053 131 84 502 618 855 321 962 1192 622 292 618 459 522 184 1051 839 747 1148 773 408 569
533 488 1296 783 1367 948 904 495 956 767 585 238 439 957 202 773 122 472 254 623 230 744 0 984 728 677 734 997 175 156 491 637 904 1204 874 821 955 1104 636 943 141 422 824 75 990 875
1166 623 502 1596 573 1284 253 1309 531 1283 1218 856 1214 532 1009 1334 953 1310 801 1255 987 402 984 0 1297 439 354 572 903 1094 629 1198 1419 410 362 846 529 310 492 1279 1079 1055 1384 1013 297 797
247 770 1357 524 1428 310 1217 384 959 130 164 669 388 960 575 564 647 477 896 168 537 1053 728 1297 0 985 1043 1000 727 744 773 428 266 1302 1043 532 957 1202 944 305 728 352 614 757 1189 812
791 247 751 1221 822 989 359 933 419 988 842 504 839 420 657 1030 601 934 465 880 621 131 677 439 985 0 121 460 551 787 253 894 1124 659 329 550 417 559 116 983 772 679 1081 706 445 501
848 305 666 1278 738 1046 274 991 414 1045 899 561 896 415 715 1087 659 992 523 937 678 84 734 354 1043 121 0 455 608 845 311 952 1182 575 244 608 412 474 174 1041 829 736 1138 763 361 559
1085 580 374 1476 446 988 492 1227 129 987 1116 798 1133 116 952 1037 896 1228 797 961 915 502 997 572 1000 460 455 0 845 1108 585 901 1123 566 319 549 94 466 448 982 1092 954 1088 1026 453 500
532 336 1202 897 1273 947 822 609 804 766 583 96 553 805 250 772 194 586 254 621 228 618 175 903 727 551 608 845 0 286 339 636 902 1123 774 772 802 1022 509 941 270 420 822 204 909 723
549 599 1406 799 1478 964 1014 511 1067 783 601 349 455 1068 218 789 233 488 365 638 246 855 156 1094 744 787 845 1108 286 0 602 653 920 1315 984 837 1065 1214 746 958 37 438 839 185 1101 985
578 53 941 1009 1012 986 549 721 544 812 630 292 627 545 446 818 390 722 299 667 409 321 491 629 773 253 311 585 339 602 0 682 949 849 514 547 542 748 212 980 586 467 869 520 635 498
460 679 1258 890 1329 589 1118 602 860 454 511 579 516 861 484 236 556 611 806 309 447 962 637 1198 428 894 952 901 636 653 682 0 590 1203 944 433 858 1103 853 583 638 302 286 666 1090 713
290 813 1593 557 1665 547 1323 417 1196 366 206 712 430 1197 617 800 690 510 939 393 580 1096 771 1403 254 1028 1085 1237 769 787 816 664 0 1539 1250 768 1194 1438 987 541 771 510 851 799 1410 1049
1387 843 460 1778 531 1290 473 1529 537 1289 1418 1076 1435 538 1230 1339 1174 1530 1021 1263 1207 622 1204 424 1302 659 575 566 1123 1315 849 1203 1425 0 582 851 535 138 712 1284 1299 1256 1390 1233 255 802
1013 508 674 1443 745 1030 282 1156 277 1029 1064 727 1061 279 880 1080 824 1157 691 1003 843 292 874 362 1043 329 244 319 774 984 514 944 1166 582 0 592 276 482 377 1025 969 901 1131 903 369 543
643 544 906 1008 977 520 765 786 508 519 648 725 700 509 667 569 740 795 732 492 630 618 821 846 532 550 608 549 772 837 547 433 655 851 592 0 506 750 539 514 821 485 620 850 738 361
1042 537 453 1433 524 945 449 1184 86 944 1073 755 1090 73 909 994 853 1185 754 918 872 459 955 529 957 417 412 94 802 1065 542 858 1080 535 276 506 0 434 405 939 1049 911 1045 983 422 457
1286 743 359 1678 431 1189 373 1428 436 1188 1317 975 1334 437 1129 1238 1073 1429 921 1162 1107 522 1104 323 1202 559 474 466 1022 1214 748 1103 1324 138 482 750 434 0 611 1183 1198 1155 1289 1132 154 702
749 206 804 1180 875 977 412 892 407 976 801 462 798 408 616 989 560 893 424 838 580 184 636 492 944 116 174 448 509 746 212 853 1113 712 377 539 405 611 0 972 730 638 1039 664 498 490
401 881 1275 677 1347 229 1135 537 878 188 317 780 541 879 686 619 758 630 1007 266 648 988 839 1215 201 920 977 919 838 855 884 484 324 1221 962 451 876 1120 908 0 839 450 670 868 1108 731
534 583 1391 783 1462 949 999 495 1051 768 585 333 440 1052 202 773 217 473 349 623 230 839 141 1079 728 772 829 1092 270 37 586 638 904 1299 969 821 1049 1198 730 943 0 422 824 170 1085 970
285 464 1310 715 1382 559 974 428 913 378 336 363 339 914 268 438 341 434 590 233 231 747 422 1055 352 679 736 954 420 438 467 302 514 1256 901 485 911 1155 638 553 422 0 488 451 1061 766
646 866 1444 1076 1516 776 1304 789 1047 640 697 765 702 1048 670 73 743 798 992 495 633 1148 824 1384 614 1081 1138 1088 822 839 869 286 776 1390 1131 620 1045 1289 1039 770 824 488 0 852 1277 900
562 517 1325 811 1396 977 932 524 985 796 614 267 468 986 231 802 151 501 283 651 259 773 75 1013 757 706 763 1026 204 185 520 666 933 1233 903 850 983 1132 664 971 170 451 852 0 1019 904
1173 629 347 1603 418 1176 259 1315 423 1175 1224 862 1221 425 1016 1226 960 1316 807 1149 993 408 990 311 1189 445 361 453 909 1101 635 1090 1312 255 369 738 422 154 498 1171 1085 1061 1277 1019 0 689
923 495 857 1288 928 800 716 1066 459 799 928 676 980 460 829 849 773 1075 683 773 792 569 875 797 812 501 559 500 723 985 498 713 935 802 543 361 457 702 490 794 970 766 900 904 689 0
EOF