NAME : tsp_problem
TYPE : TSP
DIMENSION : 62
EDGE_WEIGHT_TYPE : EXPLICIT
EDGE_WEIGHT_FORMAT : FULL_MATRIX
EDGE_WEIGHT_SECTION
0 1280 165 137 883 635 1552 972 1691 1236 876 1088 235 1697 370 127 1620 1015 839 1287 719 617 896 656 1605 1038 848 472 1586 1024 1020 1508 1082 623 1211 888 1369 1335 1204 1178 481 305 1082 510 1080 431 1880 337 1566 1015 1095 668 638 1389 830 521 95 1517 634 1579 196 1593
931 0 1075 1047 1050 922 375 498 475 336 948 550 1145 480 927 1037 634 552 922 69 1115 1382 890 813 490 500 931 924 471 525 558 289 571 906 463 961 384 116 456 482 911 1060 569 882 426 937 663 1048 581 552 393 1108 925 403 913 889 1005 298 771 463 1106 376
348 1163 0 464 766 518 1435 855 1575 1119 759 971 118 1580 253 454 1503 898 722 1170 602 501 780 539 1488 921 731 355 1470 907 904 1391 966 506 1094 771 1252 1218 1087 1062 364 188 965 393 964 315 1763 220 1450 898 978 551 521 1272 714 405 422 1400 517 1462 79 1476
370 1185 71 0 789 540 1457 877 1597 1142 781 994 141 1602 275 476 1526 921 745 1192 624 523 802 562 1511 943 754 378 1492 930 926 1413 988 528 1116 794 1275 1241 1109 1084 387 211 988 415 986 337 1786 243 1472 921 1001 573 544 1294 736 427 445 1422 539 1484 101 1499
781 1050 926 897 0 952 1264 939 1404 922 161 773 792 1409 738 888 1210 571 728 1057 371 784 182 493 1281 723 737 630 1262 580 576 1278 638 290 869 173 960 1106 862 689 429 599 638 401 766 681 1593 567 1157 536 781 364 955 979 719 551 856 1287 522 1254 752 1306
186 862 331 302 852 0 1134 554 1274 977 844 900 401 1279 182 292 1332 984 559 869 729 637 865 417 1187 850 568 284 1169 993 989 1090 1051 591 1003 856 1081 917 996 1147 492 315 1050 520 710 193 1462 348 1278 983 678 688 220 1100 550 342 261 1099 395 1161 361 1175
1203 375 1348 1319 1264 1194 0 770 168 608 1162 822 1418 174 1199 1309 493 767 1194 363 1387 1654 1104 1085 288 772 1204 1197 269 796 762 119 698 1179 590 1175 327 275 583 610 1183 1333 696 1154 698 1210 357 1320 440 800 665 1380 1197 392 1186 1161 1278 141 1043 261 1378 70
623 498 768 739 939 614 770 0 910 613 932 536 838 915 619 729 968 703 614 505 887 1074 876 505 823 486 623 617 805 675 708 726 769 679 639 944 717 553 632 815 683 753 769 654 347 630 1098 767 914 702 314 880 617 736 606 581 698 735 463 797 798 811
1343 475 1487 1459 1404 1333 168 910 0 748 1302 962 1557 70 1339 1449 633 907 1334 462 1527 1794 1243 1225 428 912 1343 1336 409 936 902 218 838 1318 730 1314 466 374 723 749 1322 1472 836 1294 837 1349 253 1460 580 939 805 1519 1337 531 1325 1301 1417 240 1183 401 1518 169
1046 336 1191 1162 922 1037 608 613 748 0 819 421 1145 753 1042 1152 692 424 1037 343 986 1315 761 846 662 371 1047 983 643 396 429 564 490 778 360 832 441 392 353 538 782 952 490 753 342 1034 937 920 638 423 357 979 1040 461 1029 904 1121 573 875 635 1105 650
774 948 918 890 161 944 1162 932 1302 819 0 671 784 1307 730 880 1108 469 720 955 364 776 79 486 1178 621 729 622 1160 478 474 1176 536 283 767 71 857 1004 760 587 421 591 536 393 664 673 1490 559 1055 434 679 356 947 877 711 543 848 1185 514 1152 745 1204
970 550 1114 1086 773 960 822 536 962 421 671 0 997 967 943 1076 856 451 932 557 838 1167 613 698 876 185 941 834 857 431 456 778 518 630 447 684 606 606 440 573 634 803 517 605 266 886 1150 771 803 450 281 831 963 625 923 756 1044 787 727 849 957 864
518 1333 662 634 734 688 1605 1025 1745 1266 727 1118 0 1750 454 624 1650 1028 891 1340 569 403 747 707 1659 1068 900 503 1640 1037 1033 1561 1095 601 1240 739 1399 1389 1233 1191 511 336 1094 539 1110 485 1933 368 1596 1027 1125 453 691 1418 882 553 592 1570 685 1632 447 1647
1348 480 1493 1464 1409 1339 174 915 70 753 1307 967 1563 0 1344 1454 638 912 1339 468 1532 1800 1249 1230 433 917 1349 1342 414 941 907 223 843 1324 736 1320 472 379 728 755 1328 1478 841 1299 843 1355 259 1465 585 945 810 1525 1342 537 1331 1306 1423 246 1188 406 1523 175
112 927 257 228 738 282 1199 619 1339 1042 730 943 278 1344 0 218 1397 870 487 934 595 503 751 304 1253 893 496 170 1234 879 875 1155 937 477 1065 743 1147 983 1058 1033 357 181 937 386 776 79 1528 214 1344 870 744 554 286 1166 478 229 187 1164 281 1226 239 1241
396 1211 97 512 815 566 1483 903 1623 1168 807 1019 167 1628 301 0 1551 947 771 1218 650 549 828 587 1537 969 780 403 1518 956 952 1439 1014 554 1142 820 1301 1267 1135 1110 413 237 1013 441 1012 363 1811 269 1498 947 1027 599 570 1320 762 453 470 1448 565 1510 127 1525
1401 634 1545 1517 1210 1392 480 968 620 692 1108 856 1529 625 1397 1507 0 713 1392 642 1349 1699 1050 1230 427 806 1401 1366 477 742 708 570 644 1162 536 1121 318 690 529 556 1166 1335 642 1137 778 1407 808 1303 119 746 792 1341 1395 338 1383 1288 1475 592 1241 470 1489 521
913 552 1058 1030 571 1084 767 703 907 424 469 451 924 912 870 1020 713 0 860 559 665 1077 411 625 784 401 869 762 765 71 67 781 96 557 360 482 463 608 353 192 561 731 96 533 432 813 1096 699 660 62 447 657 1087 482 851 683 988 789 654 757 885 809
530 922 675 646 728 655 1194 614 1334 1037 720 932 745 1339 487 636 1392 860 0 929 676 940 741 293 1248 882 176 405 1229 869 865 1150 927 467 1055 733 1142 978 1048 1023 471 587 926 443 771 430 1523 555 1339 859 739 668 658 1161 158 369 605 1159 251 1221 705 1236
938 69 1083 1054 1057 929 363 505 462 343 955 557 1153 468 934 1044 642 559 929 0 1122 1389 897 820 497 507 939 932 479 532 565 276 578 914 470 968 391 104 463 489 918 1068 576 889 433 945 651 1055 588 559 400 1115 932 410 921 896 1013 285 778 471 1113 364
659 1115 803 775 371 829 1387 887 1527 986 364 838 627 1532 595 765 1349 665 676 1122 0 618 385 441 1419 788 685 478 1400 674 670 1343 732 238 961 376 1098 1171 954 828 264 434 731 269 831 574 1716 402 1295 664 846 198 832 1117 667 438 733 1352 470 1392 588 1429
471 1286 616 587 687 641 1558 978 1698 1219 680 1071 440 1703 407 577 1603 981 844 1293 522 0 701 660 1612 1021 853 456 1593 990 986 1514 1048 554 1194 692 1352 1342 1186 1144 464 289 1047 492 1063 438 1887 322 1549 980 1078 406 645 1372 835 506 546 1523 638 1585 400 1600
795 890 939 911 182 965 1104 876 1243 761 79 613 805 1249 751 901 1050 411 741 897 385 797 0 507 1120 563 750 643 1101 419 416 1118 478 303 709 92 799 945 702 529 442 612 477 414 605 694 1432 580 996 375 620 377 968 818 732 564 869 1127 535 1093 766 1145
347 813 491 463 493 517 1085 505 1225 846 486 698 561 1230 304 453 1230 625 293 820 441 757 507 0 1138 648 302 222 1120 634 631 1041 692 233 821 498 979 869 814 788 237 404 692 208 662 246 1413 372 1177 625 629 434 520 999 284 186 421 1050 88 1112 522 1126
1257 490 1401 1373 1281 1247 288 823 428 662 1178 876 1471 433 1253 1363 427 784 1248 497 1419 1708 1120 1138 0 826 1257 1250 156 812 779 378 715 1232 607 1191 343 534 600 626 1236 1386 713 1208 751 1263 616 1374 374 816 719 1411 1250 408 1239 1215 1331 400 1097 148 1432 329
920 500 1064 1036 723 910 772 486 912 371 621 185 947 917 893 1026 806 401 882 507 788 1117 563 648 826 0 891 784 807 381 406 728 468 580 397 634 556 556 390 523 584 753 467 555 216 835 1100 721 753 400 230 781 913 575 873 706 994 737 677 799 907 814
539 931 684 655 737 664 1204 623 1343 1047 729 941 754 1349 496 646 1401 869 176 939 685 949 750 302 1257 891 0 414 1238 878 874 1160 936 476 1064 742 1151 987 1057 1032 480 596 935 452 780 439 1532 564 1348 869 748 677 668 1170 64 378 614 1168 261 1230 714 1245
214 918 358 330 630 384 1191 611 1330 983 622 834 381 1336 170 320 1366 762 405 926 478 552 643 222 1244 784 414 0 1225 771 767 1147 829 369 957 635 1116 974 950 925 241 200 828 269 767 113 1519 168 1313 762 735 443 387 1135 396 126 288 1156 199 1218 341 1232
1238 471 1382 1354 1262 1228 269 805 409 643 1160 857 1452 414 1234 1344 491 765 1229 479 1400 1689 1101 1120 156 807 1238 1231 0 793 760 359 696 1213 588 1172 324 515 581 607 1217 1367 694 1189 732 1244 597 1355 437 797 700 1393 1232 389 1220 1196 1312 382 1078 129 1413 311
922 525 1067 1038 580 1093 796 675 936 396 478 431 933 941 879 1029 742 71 869 532 674 1086 419 634 812 381 878 771 793 0 76 753 138 566 333 491 491 580 325 234 570 740 137 542 405 822 1124 708 688 71 419 666 1096 511 860 692 997 762 663 786 893 837
919 558 1063 1035 576 1089 762 708 902 429 474 456 929 907 875 1025 708 67 865 565 670 1082 416 631 779 406 874 767 760 76 0 786 91 562 365 487 458 613 358 187 566 736 91 538 437 818 1091 704 655 67 452 662 1092 477 856 688 993 795 659 752 890 804
1159 289 1304 1275 1278 1150 119 726 218 564 1176 778 1374 223 1155 1265 584 781 1150 276 1343 1611 1118 1041 378 728 1160 1153 359 753 786 0 788 1135 681 1189 417 188 674 700 1139 1289 786 1110 654 1166 406 1276 530 780 621 1336 1153 482 1142 1117 1234 70 999 351 1334 120
981 571 1125 1097 638 1151 698 769 838 490 536 518 991 843 937 1087 644 96 927 578 732 1144 478 692 715 468 936 829 696 138 91 788 0 624 394 549 394 626 387 123 628 798 74 600 499 880 1026 766 591 129 514 724 1154 413 918 750 1055 808 721 688 952 740
521 906 665 637 290 691 1179 679 1318 778 283 630 531 1324 477 627 1162 557 467 914 238 650 303 233 1232 580 476 369 1213 566 562 1135 624 0 752 295 911 962 745 720 168 338 624 140 622 420 1507 306 1108 557 637 231 694 930 458 290 595 1144 261 1205 492 1220
1072 463 1216 1188 869 1063 590 639 730 360 767 447 1119 736 1065 1178 536 360 1055 470 961 1290 709 821 607 397 1064 957 588 333 365 681 394 752 0 780 286 519 52 306 756 926 392 728 368 1008 919 894 483 360 383 953 1066 305 1046 878 1146 700 849 580 1080 632
786 961 931 902 173 957 1175 944 1314 832 71 684 797 1320 743 893 1121 482 733 968 376 789 92 498 1191 634 742 635 1172 491 487 1189 549 295 780 0 870 1016 773 600 434 604 548 406 676 686 1503 572 1067 446 691 369 960 889 724 556 861 1198 527 1164 757 1216
1150 384 1295 1266 960 1141 327 717 466 441 857 606 1278 472 1147 1257 318 463 1142 391 1098 1448 799 979 343 556 1151 1116 324 491 458 417 394 911 286 870 0 440 279 305 915 1085 392 887 527 1157 655 1053 265 495 542 1090 1144 87 1133 1037 1225 439 990 316 1238 368
987 116 1131 1103 1106 977 275 553 374 392 1004 606 1201 379 983 1093 690 608 978 104 1171 1438 945 869 534 556 987 980 515 580 613 188 626 962 519 1016 440 0 512 538 966 1116 624 938 481 993 563 1104 637 608 449 1163 981 459 969 945 1061 197 827 508 1162 276
1065 456 1209 1181 862 1055 583 632 723 353 760 440 1112 728 1058 1171 529 353 1048 463 954 1283 702 814 600 390 1057 950 581 325 358 674 387 745 52 773 279 512 0 299 749 919 385 721 361 1001 912 887 476 353 376 946 1059 298 1039 871 1139 693 842 573 1073 625
1077 482 1221 1193 689 1239 610 815 749 538 587 573 1087 755 1033 1183 556 192 1023 489 828 1240 529 788 626 523 1032 925 607 234 187 700 123 720 306 600 305 538 299 0 724 894 121 696 547 976 938 862 502 225 562 820 1242 324 1014 846 1151 719 817 599 1048 651
421 911 566 537 429 592 1183 683 1322 782 421 634 390 1328 357 528 1166 561 471 918 264 560 442 237 1236 584 480 241 1217 570 566 1139 628 168 756 434 915 966 749 724 0 197 628 55 626 337 1511 165 1112 561 641 249 595 934 462 200 496 1148 266 1209 350 1224
245 1060 390 361 599 416 1333 753 1472 952 591 803 214 1478 181 352 1335 731 587 1068 434 386 612 404 1386 753 596 200 1367 740 736 1289 798 338 926 604 1085 1116 919 894 197 0 797 225 796 212 1661 96 1282 731 811 399 419 1104 579 249 320 1298 382 1359 174 1374
980 569 1125 1096 638 1150 696 769 836 490 536 517 991 841 937 1086 642 96 926 576 731 1143 477 692 713 467 935 828 694 137 91 786 74 624 392 548 392 624 385 121 628 797 0 599 499 880 1025 765 589 128 513 724 1154 411 917 750 1054 806 721 686 951 738
450 882 594 566 401 620 1154 654 1294 753 393 605 418 1299 386 556 1137 533 443 889 269 589 414 208 1208 555 452 269 1189 542 538 1110 600 140 728 406 887 938 721 696 55 225 599 0 598 365 1482 193 1084 532 613 254 623 906 434 229 524 1119 237 1181 379 1196
780 426 924 896 766 770 698 347 837 342 664 266 989 843 776 886 778 432 771 433 831 1160 605 662 751 216 780 773 732 405 437 654 499 622 368 676 527 481 361 547 626 796 499 598 0 786 1026 764 724 432 91 823 774 546 762 738 854 663 620 725 950 739
122 937 267 238 681 293 1210 630 1349 1034 673 886 337 1355 79 229 1407 813 430 945 574 534 694 246 1263 835 439 113 1244 822 818 1166 880 420 1008 686 1157 993 1001 976 337 212 880 365 786 0 1538 244 1354 813 754 539 296 1176 421 171 197 1175 224 1236 297 1251
1531 663 1676 1647 1593 1522 357 1098 253 937 1490 1150 1746 259 1528 1638 822 1096 1523 651 1716 1983 1432 1413 616 1100 1532 1525 597 1124 1091 406 1026 1507 919 1503 655 563 912 938 1511 1661 1025 1482 1026 1538 0 1649 768 1128 994 1708 1525 720 1514 1489 1606 429 1372 590 1706 358
278 1048 422 394 567 448 1320 761 1460 920 559 771 246 1465 214 384 1303 699 555 1055 402 418 580 372 1374 721 564 168 1355 708 704 1276 766 306 894 572 1053 1104 887 862 165 96 765 193 764 244 1649 0 1250 699 779 367 451 1072 546 217 352 1285 350 1347 206 1362
1348 581 1492 1464 1157 1338 426 914 566 638 1055 803 1475 571 1344 1454 119 660 1339 588 1295 1646 996 1177 374 753 1348 1313 424 688 655 516 591 1108 483 1067 265 637 476 502 1112 1282 589 1084 724 1354 755 1250 0 692 739 1288 1341 284 1330 1234 1422 539 1188 416 1436 468
913 552 1058 1029 536 1083 800 702 939 423 434 450 924 945 870 1019 746 62 859 559 664 1077 375 625 816 400 869 762 797 71 67 780 129 557 360 446 495 608 353 225 561 731 128 532 432 813 1128 699 692 0 447 657 1087 514 851 683 988 789 654 789 884 841
747 393 892 863 781 738 665 314 805 357 679 281 962 810 744 854 792 447 739 400 846 1174 620 629 719 230 748 741 700 419 452 621 514 637 383 691 542 449 376 562 641 811 513 613 91 754 994 779 739 447 0 838 741 561 730 705 822 630 587 692 922 707
618 1108 762 734 364 788 1380 880 1519 979 356 831 586 1525 554 724 1341 657 668 1115 198 503 377 434 1411 781 677 443 1393 666 662 1336 724 231 953 369 1090 1163 946 820 249 399 724 254 823 539 1708 367 1288 657 838 0 791 1110 659 407 692 1345 463 1385 546 1421
183 859 328 299 848 214 1131 551 1271 974 841 897 398 1276 179 289 1329 981 556 866 726 634 862 414 1184 847 565 281 1166 990 986 1087 1048 588 1000 853 1078 914 993 1144 488 312 1047 517 707 190 1459 345 1275 980 675 685 0 1097 547 339 258 1096 392 1158 358 1172
1170 403 1314 1286 979 1160 392 736 531 461 877 625 1297 537 1166 1276 338 482 1161 410 1117 1468 818 999 408 575 1170 1135 389 511 477 482 413 930 305 889 87 459 298 324 934 1104 411 906 546 1176 720 1072 284 514 561 1110 1164 0 1152 1056 1244 504 1010 382 1258 433
521 913 666 637 719 646 1186 606 1325 1029 711 923 736 1331 478 628 1383 851 158 921 667 931 732 284 1239 873 64 396 1220 860 856 1142 918 458 1046 724 1133 969 1039 1014 462 579 917 434 762 421 1514 546 1330 851 730 659 650 1152 0 361 596 1151 243 1212 696 1227
272 883 416 388 551 442 1155 575 1295 904 543 756 430 1300 229 378 1288 683 369 890 438 602 564 186 1209 706 378 126 1190 692 688 1111 750 290 878 556 1037 939 871 846 200 249 750 229 732 171 1483 217 1234 683 699 407 445 1056 361 0 346 1120 164 1182 391 1197
403 1218 104 519 822 573 1490 910 1630 1175 814 1026 174 1635 308 509 1558 954 778 1225 657 556 835 594 1544 976 787 410 1525 963 959 1446 1021 561 1149 827 1308 1274 1142 1117 420 244 1020 448 1019 370 1818 276 1505 954 1034 606 577 1327 769 460 0 1455 572 1517 134 1532
1168 298 1313 1284 1287 1159 141 735 240 573 1185 787 1383 246 1164 1274 606 789 1159 285 1352 1619 1127 1050 400 737 1168 1162 382 762 795 70 808 1144 700 1198 439 197 693 719 1148 1298 806 1119 663 1175 429 1285 552 789 630 1345 1162 504 1151 1126 1243 0 1008 374 1343 142
325 771 469 441 522 495 1043 463 1183 875 514 727 539 1188 281 431 1241 654 251 778 470 734 535 88 1097 677 261 199 1078 663 659 999 721 261 849 527 990 827 842 817 266 382 721 237 620 224 1372 350 1188 654 587 463 498 1010 243 164 399 1008 0 1070 500 1085
1230 463 1374 1346 1254 1221 261 797 401 635 1152 849 1445 406 1226 1336 483 757 1221 471 1392 1681 1093 1112 148 799 1230 1223 129 786 752 351 688 1205 580 1164 316 508 573 599 1209 1359 686 1181 725 1236 590 1347 430 789 692 1385 1224 382 1212 1188 1304 374 1070 0 1405 303
557 1372 701 673 773 727 1644 1064 1784 1305 766 1157 525 1789 493 663 1689 1066 930 1379 608 442 786 746 1698 1107 939 542 1679 1075 1072 1600 1133 640 1279 778 1438 1428 1272 1230 550 375 1133 578 1149 524 1972 407 1635 1066 1164 492 730 1457 921 592 631 1609 724 1671 0 1686
1245 376 1389 1361 1306 1235 70 811 169 650 1204 864 1459 175 1241 1351 535 809 1236 364 1429 1696 1145 1126 329 814 1245 1238 311 837 804 120 740 1220 632 1216 368 276 625 651 1224 1374 738 1196 739 1251 358 1362 481 841 707 1421 1238 433 1227 1203 1319 142 1085 303 1420 0
EOF