NAME : tsp_problem
TYPE : TSP
DIMENSION : 54
EDGE_WEIGHT_TYPE : EXPLICIT
EDGE_WEIGHT_FORMAT : FULL_MATRIX
EDGE_WEIGHT_SECTION
0 948 515 822 850 957 496 933 474 624 359 849 695 790 499 925 1018 490 355 802 897 777 146 855 341 492 911 841 418 479 833 548 370 782 450 363 445 633 656 443 876 612 789 1030 827 897 661 617 920 449 630 714 1407 675
1010 0 1269 1576 1604 1711 985 1687 1313 1412 1198 332 549 465 1253 188 1772 1329 1232 459 458 439 1023 1610 1129 852 1665 1595 1206 1319 1587 1302 924 687 829 1203 1096 862 696 1282 1664 1400 1544 528 689 597 1415 1405 1674 1288 1418 849 2161 607
515 976 0 504 413 520 840 496 269 469 223 1130 826 921 81 1141 673 285 737 1146 925 946 528 419 449 521 474 522 353 275 514 109 399 1125 793 345 470 976 684 239 667 457 471 1335 1171 926 222 462 483 245 475 1058 1088 787
822 1284 504 0 365 471 1051 447 539 276 530 1437 1133 1228 488 1448 533 548 1045 1453 1233 1254 835 370 592 828 425 189 479 545 80 537 706 1411 1077 653 596 1189 992 535 334 292 267 1643 1457 1233 477 286 435 541 278 1271 921 1094
850 1312 413 365 0 145 1116 121 604 341 558 1465 1161 1256 414 1476 299 612 1072 1481 1261 1282 863 151 657 856 99 383 544 609 375 389 734 1461 1129 680 661 1254 1020 574 528 357 332 1670 1507 1261 258 351 109 580 343 1335 816 1122
957 1418 520 471 145 0 1223 133 711 448 665 1572 1268 1363 521 1583 271 719 1179 1588 1368 1389 970 258 764 963 111 490 651 716 482 496 841 1568 1236 787 768 1360 1127 681 635 464 439 1777 1613 1368 365 458 81 687 449 1442 788 1229
496 939 840 1051 1116 1223 0 1199 746 801 684 762 669 764 824 899 1284 755 718 634 929 751 509 1121 587 817 1177 1069 608 752 1062 873 695 494 202 688 525 207 747 742 1054 790 976 823 540 1068 986 794 1186 748 808 288 1673 650
933 1394 496 447 121 133 1199 0 686 424 641 1548 1244 1339 496 1559 286 695 1155 1564 1343 1365 946 234 740 939 87 466 626 692 458 472 817 1543 1211 763 744 1336 1102 657 611 439 414 1753 1589 1344 341 434 96 663 425 1418 804 1205
474 1050 269 539 604 711 746 686 0 289 182 1152 899 994 253 1214 772 56 696 1105 999 1020 487 609 287 594 665 557 174 46 550 303 472 1084 752 304 291 884 758 86 542 277 464 1333 1130 999 415 282 674 92 296 965 1160 860
624 1249 469 276 341 448 801 424 289 0 381 1250 1097 1192 453 1327 509 298 846 1204 1198 1178 637 346 342 793 402 294 229 295 287 502 671 1162 827 503 346 939 957 285 439 116 243 1431 1207 1198 453 110 411 292 102 1021 898 1059
359 1003 223 530 558 665 684 641 182 381 0 1037 853 948 207 1113 726 198 581 990 952 965 372 563 293 548 619 549 266 187 541 256 426 970 638 189 383 821 711 151 634 369 497 1218 1015 952 369 374 628 157 388 902 1115 814
849 328 1130 1437 1465 1572 762 1548 1152 1250 1037 0 408 304 1114 247 1633 1168 1071 161 319 278 862 1470 968 713 1526 1456 1045 1157 1448 1163 785 463 668 1041 934 639 557 1121 1503 1239 1404 240 401 458 1276 1244 1535 1127 1257 626 2022 466
695 296 826 1133 1161 1268 669 1244 899 1097 853 408 0 122 810 461 1329 915 917 373 286 147 708 1167 814 409 1222 1152 891 905 1144 859 481 484 514 888 780 547 182 868 1297 1085 1101 601 530 425 972 1090 1231 875 1103 534 1718 85
790 224 915 1222 1250 1357 764 1333 988 1187 942 304 122 0 899 380 1418 1004 1012 269 214 75 803 1256 909 498 1311 1241 986 994 1233 948 570 492 609 982 875 641 277 957 1386 1176 1190 497 510 353 1061 1181 1320 964 1194 629 1807 180
499 961 81 488 414 521 824 496 253 453 207 1114 810 905 0 1125 674 269 721 1130 910 931 512 419 434 505 475 506 337 259 499 110 383 1110 778 329 455 961 669 223 651 441 455 1319 1156 910 222 446 484 229 459 1043 1072 771
1086 567 1369 1676 1704 1811 882 1787 1389 1488 1274 273 647 542 1353 0 1872 1405 1309 319 558 517 1100 1709 1206 952 1765 1695 1282 1395 1687 1402 1024 583 842 1279 1172 759 796 1359 1741 1476 1643 360 521 697 1515 1481 1774 1365 1494 747 2261 705
985 1447 666 500 299 271 1251 286 739 476 693 1600 1296 1391 651 1611 0 748 1207 1616 1396 1417 998 411 792 991 264 518 679 745 511 650 869 1596 1264 816 796 1389 1155 709 663 492 467 1806 1642 1396 518 486 234 715 478 1471 555 1257
490 1066 285 548 612 719 755 695 56 298 198 1168 915 1010 269 1230 781 0 712 1121 1015 1036 503 618 296 610 673 566 183 60 558 319 488 1100 768 320 300 892 774 102 551 286 473 1349 1146 1015 431 291 683 108 304 974 1169 876
355 1170 737 1045 1072 1179 718 1155 696 846 581 1071 917 1012 721 1147 1240 712 0 1024 1119 999 247 1078 563 715 1133 1063 640 702 1055 770 593 1004 672 586 667 855 878 665 1099 834 1012 1252 1050 1120 883 839 1142 671 852 937 1629 898
802 455 1146 1453 1481 1588 634 1564 1105 1204 990 161 373 269 1130 374 1649 1121 1024 0 445 243 815 1487 921 750 1542 1472 998 1110 1464 1179 821 336 595 994 887 512 529 1074 1456 1192 1378 260 273 584 1292 1197 1551 1080 1210 499 2038 432
897 165 925 1233 1261 1368 929 1343 999 1198 952 319 286 214 910 330 1429 1015 1119 445 0 240 910 1266 996 509 1322 1252 1073 1004 1244 959 580 673 774 1018 1040 806 353 968 1397 1186 1200 524 685 253 1072 1191 1331 974 1205 793 1818 344
777 249 941 1248 1276 1383 751 1359 1014 1178 965 278 147 75 925 354 1444 1030 999 243 240 0 790 1281 896 524 1337 1267 973 1020 1259 974 595 467 596 969 862 628 303 983 1412 1167 1215 471 485 378 1087 1172 1346 989 1185 616 1833 206
146 961 528 835 863 970 509 946 487 637 372 862 708 803 512 938 1031 503 247 815 910 790 0 869 354 506 924 854 431 492 846 561 384 795 463 376 458 646 669 456 890 625 803 1043 841 910 674 630 933 462 643 728 1420 689
855 1317 419 370 151 258 1121 234 609 346 563 1470 1167 1261 419 1482 411 618 1078 1487 1266 1287 869 0 662 862 212 388 549 615 381 395 739 1466 1134 686 666 1259 1025 579 533 362 337 1676 1512 1266 263 356 221 585 348 1341 929 1128
341 1047 449 592 657 764 587 740 287 342 293 968 814 909 434 1044 825 296 563 921 996 896 354 662 0 591 718 610 137 293 603 483 469 901 568 298 266 725 755 283 595 331 517 1149 947 996 595 335 727 289 349 807 1214 795
492 560 521 828 856 963 817 939 594 793 548 713 409 504 505 724 1024 610 715 756 509 530 506 862 591 0 917 847 668 600 839 554 176 789 771 613 748 851 268 564 992 782 796 918 835 509 667 787 926 570 800 839 1413 370
911 1372 474 425 99 111 1177 87 665 402 619 1526 1222 1317 475 1537 264 673 1133 1542 1322 1343 924 212 718 917 0 444 605 670 436 450 795 1522 1190 741 722 1314 1081 635 589 418 392 1731 1567 1322 319 412 74 641 403 1396 782 1183
841 1302 522 189 383 490 1069 466 557 294 549 1456 1152 1247 506 1467 551 566 1063 1472 1252 1273 854 388 610 847 444 0 497 563 199 556 725 1430 1095 671 615 1207 1011 554 185 310 285 1661 1476 1252 495 305 453 560 296 1289 940 1113
418 1123 353 479 544 651 608 626 174 229 266 1045 891 986 337 1121 712 183 640 998 1073 973 431 549 137 668 605 497 0 179 490 387 546 968 633 375 153 745 832 170 482 218 404 1226 1014 1073 499 222 614 176 236 827 1101 871
479 1055 275 545 609 716 752 692 46 295 187 1157 905 1000 259 1220 777 60 702 1110 1004 1025 492 615 293 600 670 563 179 0 555 308 478 1090 758 310 297 889 763 92 548 283 469 1338 1136 1005 421 288 679 98 301 971 1166 866
833 1295 514 80 375 482 1062 458 550 287 541 1448 1144 1239 499 1459 543 558 1055 1464 1244 1265 846 381 603 839 436 199 490 555 0 548 717 1422 1087 663 607 1199 1003 546 344 303 278 1653 1468 1244 487 297 445 552 289 1281 932 1105
548 1010 109 537 389 496 873 472 303 502 256 1163 859 954 110 1174 650 319 770 1179 959 980 561 395 483 554 450 556 387 308 548 0 432 1159 827 379 504 1010 718 272 701 490 504 1369 1205 959 198 495 459 278 509 1092 1122 820
370 631 399 706 734 841 695 817 472 671 426 785 481 576 383 796 902 488 593 827 580 601 384 739 469 176 795 725 546 478 717 432 0 860 649 491 626 832 339 441 870 660 674 990 906 581 545 665 804 448 678 910 1291 442
782 683 1125 1411 1461 1568 494 1543 1084 1162 970 463 484 492 1110 601 1629 1100 1004 336 673 467 795 1466 901 789 1522 1430 968 1090 1422 1159 860 0 454 974 865 371 562 1054 1414 1150 1336 525 241 812 1271 1155 1531 1060 1168 358 2018 465
450 784 793 1077 1129 1236 202 1211 752 827 638 668 514 609 778 744 1297 768 672 595 774 596 463 1134 568 771 1190 1095 633 758 1087 827 649 454 0 642 531 209 592 722 1080 815 1001 784 500 913 939 820 1199 728 833 291 1685 495
363 1069 345 653 680 787 688 763 304 503 189 1041 888 982 329 1118 848 320 586 994 1018 969 376 686 298 613 741 671 375 310 663 379 491 974 642 0 454 825 777 273 756 492 620 1222 1020 1018 491 496 750 279 510 907 1237 868
445 1050 470 596 661 768 525 744 291 346 383 934 780 875 455 1010 829 300 667 887 1040 862 458 666 266 748 722 615 153 297 607 504 626 865 531 454 0 663 858 287 599 335 521 1115 911 1153 616 340 731 293 353 745 1218 761
633 816 976 1189 1254 1360 207 1336 884 939 821 639 547 641 961 777 1422 892 855 512 806 628 646 1259 725 851 1314 1207 745 889 1199 1010 832 371 209 825 663 0 624 880 1192 927 1114 700 417 945 1122 932 1324 886 945 166 1810 527
656 441 684 992 1020 1127 747 1102 758 957 711 563 182 277 669 605 1188 774 878 529 390 303 669 1025 755 268 1081 1011 832 763 1003 718 339 562 592 777 858 624 0 727 1156 945 959 757 608 390 830 950 1090 733 963 611 1577 143
443 1019 239 535 574 681 742 657 86 285 151 1121 868 963 223 1184 742 102 665 1074 968 989 456 579 283 564 635 554 170 92 546 272 441 1054 722 273 287 880 727 0 538 274 460 1302 1100 968 385 279 644 15 292 962 1131 829
876 1447 667 334 528 635 1054 611 542 439 634 1503 1297 1392 651 1579 696 551 1099 1456 1397 1418 890 533 595 992 589 185 482 548 344 701 870 1414 1080 756 599 1192 1156 538 0 447 430 1684 1460 1397 640 450 598 544 441 1274 1085 1258
612 1237 457 292 357 464 790 439 277 116 369 1239 1085 1180 441 1315 525 286 834 1192 1186 1167 625 362 331 782 418 310 218 283 303 490 660 1150 815 492 335 927 945 274 447 0 259 1420 1196 1187 469 126 427 280 118 1009 914 1048
625 1251 470 339 403 510 803 486 291 207 383 1252 1098 1193 454 1328 572 300 848 1205 1200 1180 638 409 344 795 464 357 231 297 349 504 673 1163 829 505 348 941 959 287 330 196 0 1433 1209 1200 516 201 474 293 214 1023 960 1061
1030 534 1335 1643 1670 1777 823 1753 1333 1431 1218 240 601 497 1319 452 1838 1349 1252 260 524 471 1043 1676 1149 918 1731 1661 1226 1338 1653 1369 990 525 784 1222 1115 700 757 1302 1684 1420 1606 0 462 663 1481 1425 1740 1308 1438 688 2227 659
827 695 1171 1457 1507 1613 540 1589 1130 1207 1015 401 530 510 1156 614 1675 1146 1050 273 685 485 841 1512 947 835 1567 1476 1014 1136 1468 1205 906 241 500 1020 911 417 608 1100 1460 1196 1382 462 0 824 1317 1201 1577 1106 1214 404 2063 510
896 263 925 1232 1260 1367 1027 1343 998 1197 952 416 384 312 909 428 1428 1014 1119 543 212 337 910 1265 995 508 1321 1251 1072 1004 1243 958 580 771 872 1017 1138 904 352 967 1396 1186 1200 622 783 0 1071 1191 1330 974 1204 891 1817 442
661 1122 222 477 258 365 986 341 415 453 369 1276 972 1067 222 1287 518 431 883 1292 1072 1093 674 263 595 667 319 495 499 421 487 198 545 1271 939 491 616 1122 830 385 640 469 444 1481 1317 1072 0 463 328 391 455 1204 1036 933
617 1242 462 286 351 458 794 434 282 110 374 1244 1090 1185 446 1320 519 291 839 1197 1191 1172 630 356 335 787 412 305 222 288 297 495 665 1155 820 496 340 932 950 279 450 126 253 1425 1201 1191 463 0 421 285 112 1014 908 1053
920 1382 483 435 109 81 1186 96 674 411 628 1535 1231 1326 484 1546 234 683 1142 1551 1331 1352 933 221 727 926 74 453 614 679 445 459 804 1531 1199 750 731 1324 1090 644 598 427 402 1740 1577 1331 328 421 0 650 413 1406 751 1192
449 1025 245 541 580 687 748 663 92 292 157 1127 875 969 229 1190 748 108 671 1080 974 995 462 585 289 570 641 560 176 98 552 278 448 1060 728 279 293 886 733 15 544 280 466 1308 1106 974 391 285 650 0 298 968 1137 836
630 1255 475 278 343 449 808 425 296 102 388 1257 1103 1198 459 1333 511 304 852 1210 1205 1185 643 348 349 800 403 296 236 301 289 509 678 1168 833 510 353 945 963 292 441 118 245 1438 1214 1205 455 112 413 298 0 1027 899 1066
714 803 1058 1271 1335 1442 288 1418 965 1021 902 626 534 629 1043 764 1504 974 937 499 793 616 728 1341 807 839 1396 1289 827 971 1281 1092 910 358 291 907 745 166 611 962 1274 1009 1196 688 404 932 1204 1014 1406 968 1027 0 1892 514
1403 1865 1084 918 790 762 1669 777 1157 894 1111 2018 1714 1809 1069 2029 529 1166 1625 2034 1814 1835 1416 903 1210 1409 755 936 1097 1162 928 1118 1287 2014 1682 1233 1214 1807 1573 1127 1081 910 885 2223 2060 1814 1009 904 725 1133 896 1888 0 1675
675 354 787 1094 1122 1229 650 1205 860 1059 814 466 85 180 771 519 1290 876 898 432 344 206 689 1128 795 370 1183 1113 871 866 1105 820 442 465 495 868 761 527 143 829 1258 1048 1062 659 510 483 933 1053 1192 836 1066 514 1679 0
EOF