NAME : tsp_problem
TYPE : TSP
DIMENSION : 88
EDGE_WEIGHT_TYPE : EXPLICIT
EDGE_WEIGHT_FORMAT : FULL_MATRIX
EDGE_WEIGHT_SECTION
0 510 477 914 1163 423 255 623 145 441 1403 232 573 659 1271 911 488 230 757 1458 1011 794 740 1439 816 806 117 848 452 490 749 1037 656 620 1093 955 1080 260 460 1014 856 247 356 631 502 837 1041 1095 958 1055 533 1094 1167 1080 645 414 901 1046 981 627 256 754 1408 465 1212 238 737 800 918 624 545 1126 830 439 23 1599 935 762 943 483 707 898 950 219 743 350 305 568
510 0 457 726 927 443 566 465 407 764 1167 606 538 423 1035 675 811 542 520 1222 822 557 1052 1203 1128 570 541 637 619 216 714 801 968 932 1058 892 843 572 486 778 619 420 730 395 824 1149 805 1406 721 991 498 858 930 844 410 726 838 810 918 353 568 718 1172 470 1524 550 501 1111 729 935 868 889 594 498 492 1563 900 726 908 795 471 661 886 531 507 723 679 331
477 457 0 660 841 101 575 180 416 661 1084 452 711 254 952 609 709 551 351 1136 756 388 1061 1117 1118 401 394 441 188 438 758 634 902 867 1008 826 756 581 54 712 450 340 576 329 722 1083 739 1341 655 926 671 691 864 778 202 735 772 744 852 575 577 746 1086 59 1459 559 331 1046 663 920 765 722 528 66 460 1722 909 746 906 730 301 595 820 540 338 570 525 170
914 726 660 0 555 707 857 667 860 1054 784 1007 434 491 652 206 1102 833 513 850 262 420 1343 831 1418 433 945 609 822 706 212 432 1258 1223 463 280 474 862 689 409 354 822 1131 366 1115 1439 435 1697 352 380 723 489 547 430 533 1016 226 441 306 843 859 200 800 672 1815 841 494 1402 43 1226 1158 520 225 701 897 1177 363 201 360 1086 593 292 275 822 406 1125 1080 534
1163 927 841 555 0 908 1211 812 1061 1408 264 1208 788 627 132 425 1455 1187 649 342 311 556 1696 323 1772 568 1150 629 938 907 602 452 1612 1576 467 670 148 1216 870 178 439 1023 1332 567 1469 1793 151 2051 238 770 1077 287 83 195 669 1370 616 157 696 1044 1212 590 292 854 2168 1194 629 1756 559 1580 1512 319 360 882 1146 1273 368 591 365 1439 702 293 665 1176 542 1326 1281 735
423 443 101 707 908 0 553 255 394 607 1148 397 689 329 1016 656 654 529 426 1203 802 463 1039 1184 1063 476 339 517 206 423 805 709 848 812 1055 873 824 559 84 759 526 318 521 376 667 1029 786 1286 702 972 649 766 911 825 277 712 819 791 898 560 555 792 1153 89 1404 537 407 991 710 866 711 798 575 85 405 1714 955 793 952 675 377 642 867 518 413 515 470 246
255 566 575 857 1211 553 0 680 202 395 1399 400 516 716 1266 949 442 89 813 1477 954 851 571 1457 647 863 286 930 621 547 692 1094 489 453 1035 898 1136 91 604 1071 913 415 524 688 455 670 1098 1037 1014 998 476 1151 1162 1044 702 244 844 1103 924 684 87 696 1426 588 1155 90 794 632 860 454 498 1182 887 607 237 1541 877 704 885 411 764 954 892 162 800 518 473 624
623 465 180 667 812 255 680 0 520 815 1054 606 729 224 922 616 863 656 321 1107 763 358 1165 1088 1241 371 548 305 224 445 765 605 1056 1021 1016 833 727 685 208 720 421 444 730 337 876 1237 729 1495 663 933 690 661 872 786 172 839 779 735 859 582 681 753 1057 192 1613 663 302 1200 671 1049 919 693 535 220 606 1730 916 754 913 884 247 603 828 644 308 724 679 177
145 407 416 860 1061 394 202 520 0 400 1301 291 521 557 1169 809 447 178 654 1356 956 691 688 1337 764 704 177 771 512 388 697 935 604 568 1041 903 977 208 445 912 753 306 415 529 460 785 939 1042 855 1003 481 992 1064 978 542 362 849 944 929 525 204 701 1306 428 1160 186 635 747 863 571 504 1023 728 457 128 1546 883 709 891 431 605 795 897 167 641 409 364 465
441 764 661 1054 1408 607 395 815 400 0 1596 238 713 889 1464 1146 90 370 986 1674 1151 1024 518 1655 537 1036 358 1032 636 744 889 1270 322 286 1233 1095 1334 400 644 1269 1086 431 271 886 103 503 1295 760 1212 1195 673 1327 1359 1241 837 319 1041 1300 1121 881 396 894 1624 649 878 378 967 465 1058 340 146 1358 1084 623 424 1738 1075 902 1083 149 937 1152 1090 285 973 265 171 806
1307 1071 987 688 168 1052 1302 958 1205 1500 0 1352 879 773 224 558 1547 1278 795 434 443 702 1788 415 1864 715 1294 775 1084 1051 735 598 1704 1668 559 803 295 1308 1016 322 585 1167 1476 711 1561 1885 297 2142 384 903 1169 433 175 287 815 1462 749 303 829 1188 1304 723 384 1000 2260 1286 776 1847 692 1671 1604 465 504 1028 1290 1365 459 723 456 1531 848 437 797 1267 688 1470 1425 879
232 606 452 1007 1208 397 400 606 291 238 1448 0 718 680 1316 956 285 376 777 1503 1103 814 675 1484 694 827 148 823 427 586 894 1060 479 443 1238 1101 1124 406 435 1059 876 222 191 676 298 660 1086 917 1002 1201 678 1117 1211 1125 628 476 1047 1091 1127 723 402 899 1453 439 1035 384 758 622 1010 497 342 1149 875 413 214 1744 1080 907 1088 306 728 942 1095 365 764 185 141 596
573 538 711 434 788 689 516 729 521 713 976 718 0 688 843 526 760 492 785 1054 531 740 1001 1034 1077 752 604 902 873 518 268 751 917 881 612 475 748 521 740 683 673 613 842 660 774 1098 710 1356 626 575 382 808 739 621 675 675 421 715 501 655 517 273 1003 723 1473 499 765 1061 437 885 817 840 544 752 556 1118 454 281 462 744 735 611 469 480 726 836 792 596
659 423 254 491 627 329 716 224 557 889 869 680 688 0 737 440 937 692 136 922 587 173 1202 903 1278 186 622 253 416 403 589 419 1118 1082 840 657 541 722 282 544 235 518 804 216 950 1299 544 1556 487 757 648 476 687 609 81 875 603 550 683 541 718 577 872 266 1674 700 117 1261 495 1085 993 508 359 294 642 1553 740 577 737 945 141 427 651 681 123 798 753 175
1271 1035 952 652 132 1016 1266 922 1169 1464 192 1316 843 737 0 522 1511 1242 759 240 408 666 1752 221 1828 679 1258 739 1048 1015 699 562 1668 1632 523 767 259 1272 980 286 549 1131 1440 675 1525 1849 261 2106 348 867 1133 397 139 251 779 1426 713 267 793 1152 1268 687 190 964 2224 1250 740 1811 656 1635 1568 429 468 992 1254 1329 423 687 420 1495 812 401 761 1231 652 1434 1389 843
911 675 609 206 425 656 949 616 809 1146 654 956 526 440 522 0 1194 925 462 720 166 369 1434 701 1510 382 898 558 771 655 304 381 1350 1315 431 372 347 954 638 282 303 771 1080 315 1207 1531 309 1789 225 472 815 438 417 300 482 1108 318 314 398 792 950 292 670 621 1906 932 443 1494 210 1318 1250 469 174 650 894 1237 332 292 329 1177 542 225 367 914 355 1074 1029 483
488 811 709 1102 1455 654 442 863 447 90 1643 285 760 937 1511 1194 0 418 1034 1721 1198 1071 565 1702 585 1084 405 1080 684 792 936 1317 369 333 1280 1143 1381 447 692 1316 1133 478 318 933 59 550 1343 808 1259 1243 720 1374 1407 1289 885 366 1089 1348 1169 929 444 941 1671 696 925 426 1014 513 1105 387 102 1405 1132 670 471 1786 1122 949 1130 196 984 1199 1137 332 1021 312 219 853
230 542 551 833 1187 529 89 656 178 370 1375 376 492 692 1242 925 418 0 789 1453 930 826 567 1433 643 839 262 906 597 523 668 1070 485 450 1011 874 1112 87 580 1047 889 391 500 664 431 666 1074 1013 990 974 452 1127 1138 1020 677 241 820 1079 900 660 83 672 1402 564 1131 72 770 629 836 451 474 1158 863 583 213 1517 853 680 861 402 740 930 868 138 776 494 449 600
757 520 351 513 649 426 813 321 654 986 891 777 785 136 759 462 1034 789 0 944 609 195 1299 925 1375 208 719 142 451 501 611 441 1215 1179 862 679 563 819 379 566 257 615 901 313 1047 1396 566 1653 509 779 745 498 709 631 178 973 625 572 705 638 815 599 894 363 1771 797 139 1358 517 1182 1090 530 381 392 739 1575 762 599 759 1042 215 449 673 778 145 895 850 272
1380 1144 1061 761 241 1125 1376 1031 1278 1573 90 1425 952 846 297 631 1620 1351 868 0 517 775 1861 488 1937 788 1367 848 1157 1124 808 671 1777 1741 632 876 368 1381 1089 395 658 1240 1549 784 1634 1958 370 2215 457 976 1242 506 248 360 888 1535 822 376 902 1261 1377 796 457 1073 2333 1359 849 1920 765 1744 1677 538 577 1101 1363 1438 532 796 529 1604 921 510 870 1340 761 1543 1498 952
1005 822 756 262 311 802 948 763 953 1145 540 1103 525 587 408 166 1192 924 609 606 0 516 1433 586 1509 529 1036 705 918 802 309 527 1349 1313 314 377 318 953 784 217 449 918 1227 462 1206 1530 280 1788 201 477 814 457 303 185 629 1107 323 286 403 939 949 297 556 768 1905 931 590 1493 266 1317 1249 489 268 797 988 1120 215 297 212 1176 689 201 371 913 502 1221 1176 629
794 557 388 420 556 463 851 358 691 1024 798 814 740 173 666 369 1071 826 195 851 516 0 1336 832 1412 115 756 230 539 538 518 348 1252 1216 769 586 470 856 417 472 164 653 938 326 1084 1433 473 1690 416 686 782 405 616 538 215 1010 532 479 612 675 852 506 801 400 1808 834 176 1395 424 1219 1127 437 288 429 776 1482 669 506 666 1079 275 356 580 815 88 932 887 309
740 1052 1061 1343 1696 1039 571 1165 688 518 1884 675 1001 1202 1752 1434 565 567 1299 1962 1439 1336 0 1943 195 1349 771 1416 1074 1033 1177 1580 216 260 1521 1384 1622 558 1082 1557 1398 868 708 1174 579 448 1584 926 1500 1484 961 1637 1647 1530 1187 420 1330 1589 1410 1170 547 1182 1912 1073 1044 563 1280 266 1346 205 622 1668 1373 1060 723 2027 1363 1190 1371 397 1250 1440 1378 648 1286 702 609 1110
1396 1160 1076 777 257 1140 1391 1047 1294 1589 106 1441 968 862 313 647 1636 1367 884 45 532 791 1877 0 1953 803 1383 864 1173 1140 824 687 1793 1757 648 892 383 1397 1105 411 674 1256 1565 800 1649 1974 386 2231 472 992 1257 522 263 376 904 1550 838 392 918 1277 1393 812 473 1088 2349 1375 864 1936 780 1760 1693 554 593 1117 1379 1454 548 812 545 1620 936 525 886 1356 777 1559 1514 967
816 1128 1118 1418 1772 1063 647 1241 764 537 1960 694 1077 1278 1828 1510 585 643 1375 2038 1515 1412 195 2019 0 1425 814 1489 1093 1108 1253 1655 292 335 1597 1459 1698 634 1101 1633 1474 887 728 1250 598 276 1659 755 1576 1559 1037 1712 1723 1605 1263 492 1405 1664 1485 1245 623 1257 1988 1105 873 638 1355 95 1422 281 641 1744 1448 1079 799 1860 1439 1266 1447 417 1325 1516 1454 704 1362 721 628 1186
806 570 401 433 568 476 863 371 704 1036 811 827 752 186 679 382 1084 839 208 864 529 115 1349 844 1425 0 769 224 533 551 531 361 1265 1229 781 599 483 869 429 485 177 665 951 339 1097 1446 485 1703 428 699 795 418 629 551 228 1023 545 492 625 688 865 519 813 413 1821 847 189 1408 436 1232 1140 450 301 441 789 1495 682 519 679 1092 288 368 593 828 101 945 900 322
117 541 394 945 1150 339 286 548 177 358 1390 148 604 622 1258 898 405 262 719 1445 1042 756 771 1426 814 769 0 765 369 521 780 1002 599 563 1124 987 1067 291 377 1001 819 164 272 618 418 780 1028 1037 945 1086 564 1059 1153 1067 570 445 933 1033 1013 658 287 785 1395 382 1155 269 700 742 949 617 462 1091 817 355 100 1630 966 793 974 426 670 885 981 251 706 266 222 539
848 637 441 609 629 517 930 305 771 1032 872 823 902 253 739 558 1080 906 142 924 705 230 1416 905 1489 224 765 0 429 617 707 422 1273 1238 957 775 544 936 470 588 304 706 947 430 1093 1454 546 1712 572 875 862 479 690 727 295 1089 721 553 801 754 932 695 874 454 1830 914 162 1417 612 1291 1136 510 477 482 831 1671 858 695 855 1101 192 545 769 895 262 941 896 389
452 619 188 822 938 206 621 224 512 636 1180 427 873 416 1048 771 684 597 451 1233 918 539 1074 1214 1093 533 369 429 0 600 920 731 877 842 1170 988 853 626 170 874 612 364 551 491 697 1058 855 1316 817 1088 833 788 999 940 363 780 934 861 1014 737 622 908 1183 175 1434 604 471 1021 825 895 740 819 690 149 435 1884 1071 908 1068 705 370 757 982 585 500 545 500 332
490 216 438 706 907 423 547 445 388 744 1147 586 518 403 1015 655 792 523 501 1202 802 538 1033 1183 1108 551 521 617 600 0 694 781 948 913 1038 872 824 552 467 758 600 401 710 376 805 1129 785 1387 702 972 478 838 911 824 391 706 818 790 898 186 549 699 1152 450 1505 531 481 1092 710 916 848 870 574 479 473 1544 880 707 888 776 451 642 866 512 487 704 659 312
749 714 758 212 602 805 692 765 697 889 831 894 268 589 699 304 936 668 611 897 309 518 1177 878 1253 531 780 707 920 694 0 530 1093 1057 506 254 527 697 787 462 452 789 1018 464 950 1274 488 1532 405 353 558 587 595 477 631 851 200 494 279 831 693 127 847 770 1649 675 592 1237 216 1061 993 618 323 799 732 1011 348 135 356 920 691 390 248 656 504 1012 968 632
1037 801 634 432 452 709 1094 605 935 1270 694 1060 751 419 562 381 1317 1070 441 747 527 348 1580 728 1655 361 1002 422 731 781 530 0 1495 1460 780 598 366 1100 663 411 232 897 1184 441 1330 1676 369 1934 394 697 1025 301 512 550 461 1253 544 375 624 918 1096 517 697 646 2052 1078 422 1639 435 1463 1374 333 300 675 1020 1494 680 518 677 1323 494 367 592 1059 334 1178 1133 555
656 968 902 1258 1612 848 489 1056 604 322 1800 479 917 1118 1668 1350 369 485 1215 1878 1355 1252 216 1859 292 1265 599 1273 877 948 1093 1495 0 244 1437 1299 1538 476 885 1473 1314 672 512 1090 382 257 1499 736 1416 1399 877 1552 1563 1445 1078 276 1245 1504 1325 1085 465 1097 1828 890 854 480 1195 220 1262 297 426 1584 1288 864 639 1841 1279 1106 1287 201 1165 1356 1294 489 1202 506 412 1026
620 932 867 1223 1576 812 453 1021 568 286 1764 443 881 1082 1632 1315 333 450 1179 1842 1319 1216 260 1823 335 1229 563 1238 842 913 1057 1460 244 0 1401 1264 1502 441 850 1437 1278 636 476 1054 347 425 1464 903 1380 1364 841 1517 1528 1410 1043 241 1210 1469 1290 1050 430 1062 1792 854 1021 445 1160 387 1226 107 390 1548 1253 828 603 1907 1243 1070 1251 165 1130 1320 1258 453 1166 470 377 990
1274 1038 972 634 380 1019 1246 980 1172 1443 568 1319 823 804 435 524 1491 1222 826 646 409 732 1732 626 1807 745 1261 921 1134 1019 680 744 1647 1612 0 749 506 1252 1001 420 666 1134 1443 678 1504 1828 484 2086 404 849 1112 645 340 253 846 1405 695 489 775 1156 1248 668 595 985 2204 1230 806 1791 637 1615 1547 676 471 1013 1257 1308 403 669 400 1475 905 404 743 1211 719 1437 1392 846
955 892 826 280 670 873 898 833 903 1095 899 1101 475 657 767 372 1143 874 679 965 377 586 1384 946 1459 599 987 775 988 872 254 598 1299 1264 578 0 595 904 855 530 520 988 1225 532 1156 1480 556 1738 473 272 764 655 663 545 699 1057 118 562 198 1009 900 241 915 838 1856 882 660 1443 284 1267 1199 686 391 867 938 1218 478 242 475 1127 759 458 65 863 572 1219 1174 700
1080 843 756 474 148 824 1136 727 977 1334 391 1124 742 541 259 347 1381 1112 563 444 318 470 1622 424 1698 483 1067 544 853 824 527 366 1538 1502 594 595 0 1142 785 127 354 939 1248 484 1394 1719 65 1976 152 695 1032 202 209 321 583 1296 541 72 621 961 1138 515 393 768 2094 1120 544 1681 478 1505 1438 233 277 797 1062 1399 494 515 491 1365 616 209 589 1101 456 1242 1198 651
260 572 581 862 1216 559 91 685 208 400 1404 406 521 722 1272 954 447 87 819 1482 959 856 558 1463 634 869 291 936 626 552 697 1100 476 441 1041 904 1142 0 610 1077 918 421 529 694 461 657 1103 1043 1020 1003 481 1157 1167 1050 707 232 850 1109 930 689 80 702 1432 593 1160 82 800 620 866 442 504 1188 893 613 243 1547 883 710 891 398 770 960 898 168 806 523 479 630
460 486 54 689 870 84 604 208 445 644 1112 435 740 282 980 638 692 580 379 1165 784 417 1082 1146 1101 429 377 470 170 467 787 663 885 850 1037 855 785 610 0 741 479 369 559 358 705 1066 768 1324 684 954 700 720 893 807 230 763 801 773 881 604 606 774 1115 42 1442 588 360 1029 692 903 748 751 557 49 443 1751 937 775 934 713 330 624 849 569 366 553 508 199
1014 778 712 409 178 759 1071 720 912 1269 418 1059 677 544 286 282 1316 1047 566 473 217 472 1557 454 1633 485 1001 588 874 758 462 411 1473 1437 498 530 127 1077 741 0 398 874 1183 418 1329 1654 89 1911 87 630 967 266 181 226 585 1231 476 94 556 896 1073 449 423 725 2029 1055 546 1616 412 1440 1372 298 211 753 997 1304 398 450 395 1300 645 144 524 1036 459 1177 1132 586
856 619 450 354 439 526 913 421 753 1086 681 876 673 235 549 303 1133 889 257 734 449 164 1398 715 1474 177 819 304 612 600 452 232 1314 1278 702 520 354 918 479 398 0 715 1000 260 1146 1495 356 1753 349 619 844 288 500 472 277 1072 466 362 546 737 914 439 684 462 1870 896 238 1458 357 1282 1190 320 222 491 839 1416 602 440 599 1141 337 289 514 877 150 994 949 371
247 420 340 822 1023 318 415 444 306 431 1263 222 613 518 1131 771 478 391 615 1318 918 653 868 1299 887 665 164 706 364 401 789 897 672 636 1133 988 939 421 369 874 715 0 345 491 491 853 901 1110 817 1087 573 954 1026 940 466 574 934 906 1014 538 417 794 1268 352 1228 399 596 815 825 690 535 985 690 350 230 1639 975 802 983 499 566 757 982 380 602 339 295 427
356 730 576 1131 1332 521 524 730 415 257 1572 191 842 804 1440 1080 305 500 901 1627 1227 938 695 1608 714 951 272 947 551 710 1018 1184 498 463 1362 1225 1248 529 559 1183 1000 345 0 800 318 679 1210 937 1126 1325 802 1241 1335 1249 752 496 1171 1215 1251 847 526 1023 1577 563 1055 508 882 642 1134 517 361 1273 999 537 338 1868 1204 1031 1212 326 852 1066 1219 462 888 39 265 720
631 395 329 366 567 376 688 337 529 886 807 676 660 216 675 315 933 664 313 862 462 326 1174 843 1250 339 618 430 491 376 464 441 1090 1054 714 532 484 694 358 418 260 491 800 0 946 1271 445 1528 361 632 620 498 570 484 204 848 478 450 558 513 690 452 812 342 1646 672 294 1233 369 1057 990 530 234 370 614 1428 615 452 612 917 264 301 526 653 300 794 749 203
502 824 722 1115 1469 667 455 876 460 103 1657 298 774 950 1525 1207 59 431 1047 1735 1212 1084 579 1715 598 1097 418 1093 697 805 950 1330 382 347 1293 1156 1394 461 705 1329 1146 491 332 946 0 563 1356 821 1272 1256 734 1387 1420 1302 898 380 1102 1361 1182 942 457 954 1685 709 939 439 1028 526 1118 400 116 1419 1145 683 484 1799 1136 962 1143 210 998 1212 1150 345 1034 325 232 866
837 1149 1083 1439 1793 1029 670 1237 785 503 1981 660 1098 1299 1849 1531 550 666 1396 2059 1536 1433 448 2040 276 1446 780 1454 1058 1129 1274 1676 257 425 1618 1480 1719 657 1066 1654 1495 853 693 1271 563 0 1680 644 1597 1580 1058 1733 1744 1626 1259 457 1426 1685 1506 1266 646 1278 2009 1071 761 661 1376 204 1443 478 607 1765 1469 1045 820 1749 1460 1287 1468 382 1346 1537 1475 670 1383 687 593 1207
1041 805 739 435 151 786 1098 729 939 1295 393 1086 704 544 261 309 1343 1074 566 446 280 473 1584 427 1659 485 1028 546 855 785 488 369 1499 1464 562 556 65 1103 768 89 356 901 1210 445 1356 1680 0 1938 114 656 993 204 211 289 586 1257 502 74 582 922 1100 476 396 751 2056 1082 546 1643 439 1467 1399 236 238 780 1024 1367 462 477 459 1327 618 170 551 1063 459 1204 1159 613
1091 1403 1337 1693 2047 1282 1033 1491 1039 756 2235 914 1352 1552 2103 1785 804 1009 1650 2313 1790 1687 900 2294 728 1700 1034 1708 1312 1383 1528 1930 710 877 1872 1734 1973 1039 1320 1907 1749 1107 947 1524 817 617 1934 0 1851 1834 1312 1987 1998 1880 1513 910 1680 1939 1760 1520 1035 1532 2263 1325 402 1017 1630 657 1697 930 860 2019 1723 1298 1074 2136 1714 1540 1722 788 1600 1791 1729 924 1636 941 847 1461
958 721 655 352 238 702 1014 663 855 1212 480 1002 620 487 348 225 1259 990 509 533 201 416 1500 513 1576 428 945 572 817 702 405 394 1416 1380 482 473 152 1020 684 87 349 817 1126 361 1272 1597 114 1854 0 573 910 291 243 210 529 1174 419 119 499 839 1016 393 483 668 1972 998 489 1559 355 1383 1316 323 155 696 940 1288 382 393 379 1243 589 87 467 979 402 1120 1076 529
1055 991 926 380 770 972 998 933 1003 1195 999 1201 575 757 867 472 1243 974 779 1065 477 686 1484 1046 1559 699 1086 875 1088 972 353 697 1399 1364 678 272 695 1003 954 630 619 1087 1325 632 1256 1580 656 1838 573 0 864 754 762 645 799 1157 173 661 184 1109 1000 341 1015 938 1955 981 760 1543 384 1367 1299 786 490 967 1038 1318 578 342 575 1226 859 558 266 963 672 1319 1274 799
533 498 671 723 1077 649 476 690 481 673 1265 678 382 648 1133 815 720 452 745 1343 820 782 961 1324 1037 795 564 862 833 478 558 1025 877 841 902 764 1038 481 700 972 844 573 802 620 734 1058 999 1316 916 864 0 1082 1028 910 635 635 710 1004 790 615 477 562 1293 683 1433 459 725 1021 726 845 777 1114 818 712 516 1407 744 570 752 704 696 886 758 440 732 796 752 556
1094 858 691 489 287 766 1151 661 992 1327 530 1117 808 476 397 438 1374 1127 498 582 457 405 1637 563 1712 418 1059 479 788 838 587 301 1552 1517 733 655 202 1157 720 266 288 954 1241 498 1387 1733 204 1991 291 754 1082 0 348 460 518 1310 601 211 680 975 1153 574 532 703 2109 1135 479 1696 492 1520 1430 85 292 732 1077 1538 633 575 630 1380 551 303 649 1116 391 1235 1190 612
1167 930 864 547 83 911 1162 872 1064 1359 271 1211 739 687 139 417 1407 1138 709 349 303 616 1647 329 1723 629 1153 690 999 911 595 512 1563 1528 418 663 209 1167 893 181 500 1026 1335 570 1420 1744 211 2002 243 762 1028 348 0 146 729 1321 609 218 688 1048 1163 582 299 877 2119 1145 690 1707 551 1531 1463 379 364 905 1149 1224 319 583 316 1390 762 296 657 1127 602 1329 1284 738
1080 844 778 430 195 825 1044 786 978 1241 383 1125 621 609 251 300 1289 1020 631 461 185 538 1530 442 1605 551 1067 727 940 824 477 550 1445 1410 301 545 321 1050 807 226 472 940 1249 484 1302 1626 289 1884 210 645 910 460 146 0 651 1203 491 295 571 961 1046 464 411 790 2002 1028 612 1589 433 1413 1345 492 277 819 1063 1106 201 465 198 1273 711 210 539 1009 524 1243 1198 652
645 410 202 533 669 277 702 172 542 837 911 628 675 81 779 482 885 677 178 964 629 215 1187 945 1263 228 570 295 363 391 631 461 1078 1043 882 699 583 707 230 585 277 466 752 204 898 1259 586 1517 529 799 635 518 729 651 0 861 645 592 725 528 703 619 914 214 1635 685 159 1222 537 1071 941 550 401 242 627 1595 782 619 779 906 129 469 693 666 165 746 701 123
414 726 735 1016 1370 712 244 839 362 319 1558 476 675 875 1426 1108 366 241 973 1636 1113 1010 420 1617 492 1023 445 1089 780 706 851 1253 276 241 1195 1057 1296 232 763 1231 1072 574 509 848 380 457 1257 936 1174 1157 635 1310 1321 1203 861 0 1003 1262 1083 843 221 855 1586 747 1054 236 953 420 1020 295 423 1342 1046 766 397 1700 1037 864 1045 198 923 1114 1052 321 960 503 410 784
901 838 772 226 616 819 844 779 849 1041 845 1047 421 603 713 318 1089 820 625 911 323 532 1330 892 1405 545 933 721 934 818 200 544 1245 1210 524 118 541 850 801 476 466 934 1171 478 1102 1426 502 1684 419 173 710 601 609 491 645 1003 0 508 100 955 846 187 861 784 1802 828 606 1389 230 1213 1145 632 337 813 884 1164 424 188 421 1073 705 404 112 809 518 1165 1120 646
1046 810 744 441 157 791 1103 735 944 1300 399 1091 709 550 267 314 1348 1079 572 452 286 479 1589 433 1664 492 1033 553 861 790 494 375 1504 1469 567 562 72 1109 773 94 362 906 1215 450 1361 1685 74 1943 119 661 998 211 218 295 592 1262 508 0 587 927 1105 481 402 756 2061 1087 553 1648 444 1472 1404 242 243 785 1029 1373 467 482 464 1332 625 176 556 1068 465 1209 1164 618
981 918 852 306 696 898 924 859 929 1121 925 1127 501 683 793 398 1169 900 705 991 403 612 1410 972 1485 625 1013 801 1014 898 279 624 1325 1290 604 198 621 930 881 556 546 1014 1251 558 1182 1506 582 1764 499 184 790 680 688 571 725 1083 100 587 0 1035 926 267 941 864 1882 908 686 1469 310 1293 1225 712 417 893 964 1244 504 268 501 1153 785 484 192 889 598 1245 1200 726
627 353 575 843 1044 560 684 582 525 881 1284 723 655 541 1152 792 929 660 638 1340 939 675 1170 1320 1245 688 658 754 737 186 831 918 1085 1050 1175 1009 961 689 604 896 737 538 847 513 942 1266 922 1524 839 1109 615 975 1048 961 528 843 955 927 1035 0 686 836 1289 587 1642 668 618 1229 847 1053 985 1007 711 616 610 1681 1017 844 1025 913 588 779 1003 649 625 841 796 449
256 568 577 859 1212 555 87 681 204 396 1400 402 517 718 1268 950 444 83 815 1478 955 852 547 1459 623 865 287 932 622 549 693 1096 465 430 1037 900 1138 80 606 1073 914 417 526 690 457 646 1100 1039 1016 1000 477 1153 1163 1046 703 221 846 1105 926 686 0 698 1428 589 1156 78 796 609 862 431 500 1184 889 609 239 1543 879 706 887 387 766 956 894 164 802 520 475 626
754 718 746 200 590 792 696 753 701 894 819 899 273 577 687 292 941 672 599 885 297 506 1182 866 1257 519 785 695 908 699 127 517 1097 1062 497 241 515 702 774 449 439 794 1023 452 954 1278 476 1536 393 341 562 574 582 464 619 855 187 481 267 836 698 0 835 758 1654 680 579 1241 203 1065 997 606 310 786 736 1016 352 139 360 925 679 378 235 661 492 1017 972 619
1437 1200 1117 818 298 1181 1432 1087 1334 1629 147 1481 1009 902 353 687 1677 1408 924 86 573 831 1918 66 1993 844 1424 905 1214 1181 865 727 1833 1798 689 933 424 1437 1146 452 715 1296 1605 841 1690 2014 426 2272 513 1032 1298 563 304 416 944 1591 879 433 959 1318 1434 852 0 1129 2390 1416 905 1977 821 1801 1733 594 634 1158 1419 1494 589 853 586 1661 977 566 927 1397 817 1599 1555 1008
465 470 59 672 854 89 588 192 428 649 1096 439 723 266 964 621 696 564 363 1149 768 400 1073 1129 1105 413 382 454 175 450 770 646 890 854 1021 838 768 593 42 725 462 352 563 342 709 1071 751 1328 668 938 683 703 877 790 214 747 784 756 864 587 589 758 1099 0 1446 571 344 1033 676 908 753 735 540 54 448 1734 921 758 918 717 314 608 832 553 350 557 513 182
1208 1520 1455 1811 2165 1400 1151 1609 1156 874 2353 1031 1469 1670 2220 1903 922 1127 1767 2431 1908 1804 1018 2411 846 1817 1151 1826 1430 1501 1645 2048 827 994 1989 1852 2090 1157 1438 2025 1867 1224 1065 1642 935 735 2052 402 1968 1952 1430 2105 2116 1998 1631 1027 1798 2057 1878 1638 1153 1650 2380 1442 0 1135 1748 774 1814 1048 978 2136 1841 1416 1191 2254 1831 1658 1839 905 1718 1908 1846 1041 1754 1058 965 1578
238 550 559 841 1194 537 90 663 186 378 1382 384 499 700 1250 932 426 72 797 1460 937 834 563 1441 638 847 269 914 604 531 675 1078 480 445 1019 882 1120 82 588 1055 896 399 508 672 439 661 1082 1021 998 981 459 1135 1145 1028 685 236 828 1087 908 668 78 680 1410 571 1138 0 778 624 844 446 482 1166 871 591 221 1525 861 688 869 402 748 938 876 146 784 501 457 608
737 501 331 494 629 407 794 302 635 967 872 758 765 117 740 443 1014 770 139 925 590 176 1280 905 1355 189 700 162 471 481 592 422 1195 1160 842 660 544 800 360 546 238 596 882 294 1028 1376 546 1634 489 760 725 479 690 612 159 953 606 553 686 618 796 579 874 344 1752 778 0 1339 497 1163 1071 510 362 372 720 1556 742 580 739 1023 219 429 654 759 126 876 831 253
800 1111 1046 1402 1756 991 632 1200 747 465 1944 622 1061 1261 1811 1494 513 629 1358 2022 1499 1395 266 2002 95 1408 742 1417 1021 1092 1237 1639 220 387 1580 1443 1681 620 1029 1616 1458 815 656 1233 526 204 1643 683 1559 1543 1021 1696 1707 1589 1222 420 1389 1648 1469 1229 609 1241 1971 1033 801 624 1339 0 1405 352 569 1727 1432 1007 782 1788 1422 1249 1430 345 1309 1499 1437 632 1345 650 556 1169
918 729 663 43 559 710 860 671 863 1058 788 1010 437 495 656 210 1105 836 517 854 266 424 1346 835 1422 436 949 612 825 710 216 435 1262 1226 466 284 478 866 692 412 357 825 1134 369 1118 1443 439 1700 355 384 726 492 551 433 537 1020 230 444 310 847 862 203 804 676 1818 844 497 1405 0 1229 1162 524 228 704 901 1180 366 204 363 1089 596 295 278 825 410 1128 1083 537
624 935 920 1226 1580 866 454 1049 571 340 1768 497 885 1085 1635 1318 387 451 1182 1846 1323 1219 205 1826 281 1232 617 1291 895 916 1061 1463 297 107 1404 1267 1505 442 903 1440 1282 690 530 1057 400 478 1467 957 1383 1367 845 1520 1531 1413 1071 295 1213 1472 1293 1053 431 1065 1795 908 1075 446 1163 352 1229 0 444 1551 1256 882 606 1910 1246 1073 1254 219 1133 1323 1261 507 1169 524 431 993
545 868 765 1158 1512 711 498 919 504 146 1700 342 817 993 1568 1250 102 474 1090 1778 1255 1127 622 1759 641 1140 462 1136 740 848 993 1374 426 390 1337 1199 1438 504 748 1372 1190 535 375 990 116 607 1399 864 1316 1299 777 1430 1463 1345 941 423 1145 1404 1225 985 500 997 1728 753 982 482 1071 569 1162 444 0 1462 1188 727 528 1842 1179 1006 1187 253 1041 1256 1194 389 1077 369 275 910
1126 889 722 520 319 798 1182 693 1023 1358 561 1149 840 508 429 469 1405 1158 530 614 489 437 1668 595 1744 450 1091 510 819 870 618 333 1584 1548 764 686 233 1188 751 298 320 985 1273 530 1419 1765 236 2022 323 786 1114 85 379 492 550 1342 632 242 712 1007 1184 606 564 735 2140 1166 510 1727 524 1551 1462 0 324 763 1108 1570 664 606 661 1411 583 335 680 1147 423 1267 1222 644
830 594 528 225 360 575 887 535 728 1084 600 875 544 359 468 174 1132 863 381 655 268 288 1373 636 1448 301 817 477 690 574 323 300 1288 1253 550 391 277 893 557 211 222 690 999 234 1145 1469 238 1727 155 490 818 292 364 277 401 1046 337 243 417 711 889 310 605 540 1845 871 362 1432 228 1256 1188 324 0 569 813 1287 450 311 447 1116 461 95 385 852 274 993 948 402
439 498 66 701 882 85 607 220 457 623 1124 413 752 294 992 650 670 583 392 1177 797 429 1060 1158 1079 441 355 482 149 479 799 675 864 828 1049 867 797 613 49 753 491 350 537 370 683 1045 780 1302 696 967 712 732 905 819 242 766 813 785 893 616 609 786 1127 54 1420 591 372 1007 704 882 727 763 569 0 421 1763 949 787 946 691 342 636 861 572 378 531 486 211
23 492 460 897 1146 405 237 606 128 424 1386 214 556 642 1254 894 471 213 739 1441 994 776 723 1422 799 789 100 831 435 473 732 1020 639 603 1076 938 1062 243 443 997 839 230 338 614 484 820 1024 1077 940 1038 516 1077 1149 1063 627 397 884 1029 964 610 239 736 1391 448 1195 221 720 782 901 606 528 1108 813 421 0 1581 918 744 926 466 690 880 933 202 726 332 288 550
1599 1563 1722 1177 1273 1714 1541 1730 1546 1738 1461 1744 1118 1553 1329 1237 1786 1517 1575 1539 1120 1482 2009 1520 1838 1495 1630 1671 1884 1544 1011 1494 1819 1907 1098 1218 1399 1547 1751 1304 1416 1639 1868 1428 1799 1726 1367 2140 1288 1318 1407 1538 1224 1106 1595 1700 1164 1373 1244 1681 1543 1016 1489 1734 2258 1525 1556 1766 1180 1910 1842 1570 1287 1763 1581 0 940 1024 948 1770 1655 1288 1212 1506 1469 1862 1817 1596
935 900 909 363 368 955 877 916 883 1075 556 1080 454 740 423 332 1122 853 762 634 215 669 1363 614 1439 682 966 858 1071 880 311 680 1279 1243 192 478 494 883 937 398 602 975 1204 615 1136 1460 462 1717 382 578 744 633 319 201 782 1037 424 467 504 1017 879 316 583 921 1835 861 742 1422 366 1246 1179 664 450 949 918 940 0 324 49 1106 842 382 472 842 655 1198 1153 782
762 726 746 201 591 793 704 754 709 902 820 907 281 577 687 292 949 680 599 886 297 506 1190 866 1266 519 793 695 908 707 135 518 1106 1070 498 242 515 710 775 450 440 802 1031 452 962 1287 477 1544 393 342 570 575 583 465 619 864 188 482 268 844 706 139 836 758 1662 688 580 1249 204 1073 1006 606 311 787 744 1024 360 0 368 933 679 378 236 669 493 1025 980 620
943 908 906 360 365 952 885 913 891 1083 553 1088 462 737 420 329 1130 861 759 631 212 666 1371 611 1447 679 974 855 1068 888 319 677 1287 1251 189 475 491 891 934 395 599 983 1212 612 1143 1468 459 1725 379 575 752 630 316 198 779 1045 421 464 501 1025 887 324 580 918 1843 869 739 1430 363 1254 1187 661 447 946 926 948 49 332 0 1114 839 379 469 850 652 1206 1161 779
483 795 730 1086 1439 675 411 884 431 149 1627 306 744 945 1495 1177 196 402 1042 1705 1182 1079 397 1686 417 1092 426 1101 705 776 920 1323 201 165 1264 1127 1365 398 713 1300 1141 499 339 917 210 382 1327 791 1243 1226 704 1380 1390 1273 906 198 1073 1332 1153 913 387 925 1655 717 909 402 1023 345 1089 219 253 1411 1116 691 466 1770 1106 933 1114 0 993 1183 1121 316 1029 333 240 853
707 471 301 593 702 377 764 247 605 937 944 728 735 141 812 542 984 740 215 997 689 275 1250 977 1325 288 670 192 370 451 691 494 1165 1130 941 759 616 770 330 645 337 566 852 264 998 1346 618 1604 589 859 696 551 762 711 129 923 705 625 785 588 766 679 946 314 1722 748 219 1309 596 1133 1041 583 461 342 690 1655 842 679 839 993 0 528 753 729 225 846 801 223
898 661 595 292 293 642 954 603 795 1152 533 942 611 427 401 225 1199 930 449 588 201 356 1440 568 1516 368 885 545 757 642 390 367 1356 1320 482 458 209 960 624 144 289 757 1066 301 1212 1537 170 1794 87 558 886 303 296 210 469 1114 404 176 484 779 956 378 538 608 1912 938 429 1499 295 1323 1256 335 95 636 880 1288 382 378 379 1183 528 0 452 919 342 1060 1015 469
950 886 820 275 665 867 892 828 897 1090 894 1095 469 651 761 367 1137 868 673 960 371 580 1378 940 1454 593 981 769 982 866 248 592 1294 1258 572 65 589 898 849 524 514 982 1219 526 1150 1475 551 1732 467 266 758 649 657 539 693 1052 112 556 192 1003 894 235 910 832 1850 876 654 1437 278 1261 1194 680 385 861 933 1212 472 236 469 1121 753 452 0 857 567 1213 1168 694
219 531 540 822 1176 518 162 644 167 285 1363 365 480 681 1231 914 332 138 778 1441 918 815 648 1422 704 828 251 895 585 512 656 1059 489 453 1000 863 1101 168 569 1036 877 380 475 653 345 670 1063 927 979 963 440 1116 1127 1009 666 321 809 1068 889 649 164 661 1391 553 1045 146 759 632 825 507 389 1147 852 572 202 1506 842 669 850 316 729 919 857 0 765 469 376 589
743 507 338 406 542 413 800 308 641 973 784 764 726 123 652 355 1021 776 145 837 502 88 1286 818 1362 101 706 262 500 487 504 334 1202 1166 755 572 456 806 366 459 150 602 888 300 1034 1383 459 1640 402 672 732 391 602 524 165 960 518 465 598 625 802 492 787 350 1758 784 126 1345 410 1169 1077 423 274 378 726 1469 655 493 652 1029 225 342 567 765 0 882 837 259
350 723 570 1125 1326 515 518 724 409 251 1566 185 836 798 1434 1074 299 494 895 1621 1221 932 689 1602 708 945 266 941 545 704 1012 1178 492 457 1356 1219 1242 523 553 1177 994 339 39 794 312 673 1204 931 1120 1319 796 1235 1329 1243 746 490 1165 1209 1245 841 520 1017 1571 557 1049 501 876 636 1128 510 355 1267 993 531 332 1862 1198 1025 1206 320 846 1060 1213 456 882 0 258 714
305 679 525 1080 1281 470 473 679 364 171 1521 141 792 753 1389 1029 219 449 850 1576 1176 887 609 1557 628 900 222 896 500 659 968 1133 412 377 1311 1174 1198 479 508 1132 949 295 265 749 232 593 1159 851 1076 1274 752 1190 1284 1198 701 410 1120 1164 1200 796 475 972 1526 513 969 457 831 556 1083 431 275 1222 948 486 288 1817 1153 980 1161 240 801 1015 1168 376 837 258 0 670
568 331 170 534 735 246 624 177 465 806 975 596 596 175 843 483 853 600 272 1030 629 309 1110 1011 1186 322 539 389 332 312 632 555 1026 990 882 700 651 630 199 586 371 427 720 203 866 1207 613 1464 529 799 556 612 738 652 123 784 646 618 726 449 626 619 980 182 1582 608 253 1169 537 993 910 644 402 211 550 1596 782 620 779 853 223 469 694 589 259 714 670 0
EOF