NAME : tsp_problem
TYPE : TSP
DIMENSION : 20
EDGE_WEIGHT_TYPE : EXPLICIT
EDGE_WEIGHT_FORMAT : FULL_MATRIX
EDGE_WEIGHT_SECTION
0 655 290 1308 924 530 623 488 400 649 798 979 755 1028 857 1134 1322 430 495 405
655 0 553 1769 1551 264 1212 1114 890 75 1412 777 1381 1639 1446 1509 1850 1057 1121 943
160 667 0 1400 1016 543 715 580 492 662 890 991 847 1120 949 1227 1414 522 587 497
1392 1920 1595 0 625 1795 851 1025 1140 1914 813 2244 784 606 592 536 270 1120 1020 1092
924 1551 1147 720 0 1426 369 514 715 1545 219 1875 190 200 269 704 555 526 501 666
530 264 428 1645 1426 0 1088 989 765 258 1287 809 1257 1514 1321 1384 1725 932 996 818
623 1212 846 767 369 1088 0 265 372 1207 225 1536 254 455 316 751 781 433 260 323
488 1114 710 959 514 989 265 0 274 1109 370 1438 372 600 508 944 956 239 66 280
400 890 565 1056 715 765 372 274 0 884 571 1214 600 798 605 912 1071 477 305 102
649 75 548 1764 1545 258 1207 1109 884 0 1406 771 1376 1634 1441 1503 1844 1051 1116 937
798 1412 1021 835 219 1287 225 370 571 1406 0 1736 87 388 384 820 744 422 365 522
975 750 873 2089 1871 782 1533 1434 1210 745 1732 0 1702 1959 1766 1829 2170 1377 1441 1263
755 1381 978 879 190 1257 254 372 600 1376 87 1705 0 359 428 864 714 357 332 551
1028 1639 1251 701 200 1514 455 600 798 1634 388 1963 359 0 249 685 536 694 595 750
857 1446 1079 508 269 1321 316 508 605 1441 384 1770 428 249 0 456 522 675 503 557
1134 1509 1185 386 704 1384 751 944 912 1503 820 1833 864 685 456 0 467 1111 938 863
1322 1850 1526 440 555 1725 781 956 1071 1844 744 2174 714 536 522 467 0 1050 951 1022
430 1057 653 1126 526 932 433 239 477 1051 422 1381 357 694 675 1111 1050 0 200 482
495 1121 717 954 501 996 260 66 305 1116 365 1445 332 595 503 938 951 200 0 310
405 943 619 1008 666 818 323 280 102 937 522 1267 551 750 557 863 1022 482 310 0
EOF