NAME : tsp_problem
TYPE : TSP
DIMENSION : 44
EDGE_WEIGHT_TYPE : EXPLICIT
EDGE_WEIGHT_FORMAT : FULL_MATRIX
EDGE_WEIGHT_SECTION
0 353 998 1220 1361 108 923 1105 882 1118 322 1249 876 614 909 926 989 1169 1293 944 678 493 920 924 680 968 995 878 598 876 1260 447 1342 1118 881 1064 1309 1090 1046 855 909 964 960 1342
448 0 997 1320 1590 337 994 1334 952 1347 352 1478 874 415 751 1125 832 1011 1522 1173 521 395 918 1124 480 1168 1014 1107 690 718 1480 169 1571 1347 724 1293 1538 1319 889 698 928 963 1160 1571
1053 997 0 835 1139 981 458 884 416 897 866 1001 301 823 546 590 485 706 1072 1657 703 681 345 588 1276 632 530 657 1062 700 995 1133 1120 896 377 842 1088 868 603 413 443 59 625 1121
1163 1338 885 0 459 1092 522 475 511 95 1108 280 763 1195 894 403 636 529 361 1768 1052 1054 807 402 1649 418 439 421 1201 977 291 1431 478 186 677 132 377 121 739 785 487 851 411 410
1415 1590 1139 632 0 1344 774 354 762 469 1360 599 1017 1500 1224 719 980 902 116 1949 1381 1359 1061 718 1916 762 812 534 1453 1350 610 1683 86 299 1020 357 210 440 1106 1091 860 1105 754 243
519 575 920 1142 1282 0 845 1027 803 1040 266 1171 797 580 853 847 924 1113 1215 1123 622 437 841 846 887 889 916 800 517 820 1181 708 1263 1039 825 985 1231 1011 990 800 830 886 882 1264
978 994 458 519 774 906 0 518 81 531 862 662 336 819 543 224 298 520 706 1582 700 678 380 223 1273 267 291 291 1016 697 673 1130 755 531 339 477 722 503 425 409 204 424 259 755
1160 1334 884 647 354 1088 518 0 507 484 1105 615 761 1245 969 464 724 761 413 1764 1126 1104 805 463 1660 506 670 278 1198 1122 625 1428 335 314 765 372 428 455 851 835 630 850 499 461
936 952 416 508 762 865 81 507 0 520 821 651 294 778 501 213 257 478 695 1541 658 636 338 212 1231 255 249 280 974 655 661 1088 743 519 297 466 711 491 383 368 163 382 248 744
1248 1293 808 182 616 1176 492 631 481 0 1161 347 686 1118 818 326 560 452 518 1853 975 977 730 325 1572 341 362 505 1286 901 342 1429 635 342 600 289 534 277 662 709 411 774 334 567
417 352 866 1189 1354 305 862 1099 821 1112 0 1242 743 335 620 919 700 880 1287 1142 389 204 787 918 644 961 883 872 381 587 1253 488 1335 1111 593 1057 1303 1083 758 567 796 831 954 1336
1303 1478 1001 350 599 1232 662 615 651 289 1248 0 879 1311 1011 519 752 645 501 1908 1168 1170 923 518 1765 534 555 561 1341 1093 33 1571 618 326 793 272 517 198 855 901 603 967 527 550
930 874 301 713 1017 859 336 761 294 774 743 879 0 700 424 467 362 584 949 1535 581 559 68 466 1154 510 407 534 940 577 873 1011 998 774 255 720 965 746 481 290 321 267 502 998
709 415 823 1145 1500 597 819 1245 778 1216 335 1311 700 0 474 951 627 780 1433 1422 204 221 744 950 557 993 840 1018 602 325 1305 551 1482 1258 550 1204 1449 1229 657 524 753 788 986 1482
1003 751 546 845 1224 892 543 969 501 915 620 1011 424 474 0 675 304 457 1157 1637 308 436 468 673 965 717 562 742 817 178 1005 888 1205 981 273 927 1172 929 334 211 476 512 709 1205
980 1125 590 354 719 909 224 464 213 424 925 519 467 951 675 0 430 355 652 1585 832 810 511 11 1405 101 265 237 1018 803 514 1248 701 477 471 423 668 438 556 541 313 556 93 701
1057 832 485 587 980 972 298 724 257 657 700 752 362 627 304 430 0 272 911 1662 461 516 406 429 1111 473 281 497 897 432 747 968 961 736 139 682 927 671 149 198 195 451 465 960
1263 1011 706 479 902 1152 520 761 478 550 880 645 584 780 457 355 272 0 804 1881 614 696 628 354 1271 369 312 534 1077 540 639 1148 921 628 360 575 820 563 302 351 361 672 363 853
1348 1522 1072 534 116 1276 706 413 695 371 1293 501 949 1433 1157 652 911 804 0 1851 1314 1292 993 651 1848 693 714 469 1386 1252 512 1616 135 201 952 259 112 342 1014 1023 762 1038 686 145
999 1173 1657 1880 1927 927 1582 1764 1541 1778 1142 1908 1535 1422 1637 1585 1662 1881 1829 0 1406 1221 1579 1583 1499 1627 1654 1537 1294 1603 1919 1267 1946 1777 1573 1723 1755 1749 1774 1583 1568 1623 1619 1838
772 521 703 1002 1381 661 700 1126 658 1072 389 1168 581 204 308 832 461 614 1314 1406 0 205 625 830 695 874 720 899 586 237 1162 657 1362 1138 430 1084 1330 1086 491 368 633 669 866 1362
588 395 681 1004 1359 476 678 1104 636 1074 204 1170 559 221 436 810 516 696 1292 1221 205 0 603 808 675 852 698 877 401 403 1164 531 1340 1116 408 1062 1308 1088 573 383 612 647 844 1340
974 918 345 757 1061 903 380 805 338 818 787 923 68 744 468 511 406 628 993 1579 625 603 0 510 1198 554 451 578 984 621 917 1055 1042 818 299 764 1009 790 525 334 365 311 546 1042
979 1124 588 352 718 907 223 463 212 423 924 518 466 950 673 11 429 354 651 1583 830 808 510 0 1403 100 263 236 1017 802 512 1246 699 475 469 421 666 436 555 540 312 554 92 699
750 456 1275 1598 1891 638 1272 1636 1230 1649 632 1764 1153 558 966 1403 1110 1272 1824 1475 696 673 1197 1402 0 1446 1292 1409 990 818 1758 592 1872 1648 1002 1594 1840 1620 1149 976 1206 1241 1438 1873
1022 1168 632 368 762 951 267 506 255 438 967 534 510 993 717 101 473 369 693 1627 874 852 554 100 1447 0 279 279 1060 818 528 1290 743 517 513 463 708 452 579 584 328 598 59 741
1049 1014 530 389 812 978 291 670 249 459 883 555 407 840 562 265 281 312 714 1654 720 698 451 263 1293 279 0 443 1079 690 549 1150 831 538 321 484 729 473 407 430 132 495 273 762
933 1107 657 532 534 861 291 278 280 430 878 561 534 1018 742 237 497 534 469 1537 899 877 578 236 1433 279 443 0 971 895 571 1201 515 371 538 375 484 401 624 608 403 623 272 517
689 690 1062 1313 1453 618 1016 1198 974 1211 381 1341 940 602 817 1018 897 1077 1386 1294 586 401 984 1017 1002 1060 1079 971 0 784 1352 823 1434 1210 789 1156 1402 1182 954 764 993 1028 1053 1434
970 718 700 928 1350 859 697 1122 655 998 587 1093 577 325 178 803 432 540 1252 1603 237 403 621 802 817 818 690 895 784 0 1088 855 1359 1077 427 1023 1268 1012 354 364 604 666 811 1301
1314 1480 995 344 610 1243 673 625 661 300 1259 33 873 1305 1005 514 747 639 512 1919 1162 1164 917 512 1759 528 549 571 1352 1088 0 1582 629 337 787 283 528 209 849 896 598 961 521 561
694 400 1219 1542 1835 582 1215 1580 1174 1593 575 1707 1096 502 910 1347 1053 1216 1768 1419 640 617 1140 1346 448 1389 1236 1353 933 761 1702 0 1816 1592 946 1538 1783 1564 1093 920 1149 1184 1382 1816
1396 1571 1120 651 86 1325 755 335 743 488 1341 618 998 1482 1205 701 961 921 135 1968 1362 1340 1042 699 1897 743 831 515 1434 1359 629 1664 0 318 1001 376 229 459 1087 1072 867 1086 735 262
1172 1347 896 358 299 1101 531 314 519 195 1117 326 774 1258 981 477 736 628 201 1777 1138 1116 818 475 1673 517 538 371 1210 1077 337 1440 318 0 776 97 217 167 838 848 587 862 511 250
969 724 377 627 1020 864 339 765 297 697 593 793 255 550 273 471 139 360 952 1573 430 408 299 469 1004 513 321 538 789 427 787 860 1001 776 0 722 967 711 265 140 235 343 505 1000
1118 1293 842 304 357 1047 477 372 466 141 1063 272 720 1204 927 423 682 575 259 1723 1084 1062 764 421 1619 463 484 375 1156 1023 283 1386 376 97 722 0 275 113 784 794 533 808 457 308
1364 1538 1088 550 210 1292 722 428 711 386 1309 517 965 1449 1172 668 927 820 112 1777 1330 1308 1009 666 1864 708 729 484 1402 1268 528 1631 229 217 967 275 0 358 1030 1039 778 1053 702 121
1144 1319 868 293 440 1073 503 455 491 130 1089 198 746 1229 929 438 671 563 342 1749 1086 1088 790 436 1645 452 473 401 1182 1012 209 1412 459 167 711 113 358 0 773 820 522 834 445 391
1141 889 603 689 1106 1029 425 851 383 760 758 855 481 657 334 556 149 302 1014 1774 491 573 525 555 1148 579 407 624 954 354 849 1025 1087 838 265 784 1030 773 0 228 321 569 573 1063
950 698 413 736 1091 839 409 835 368 806 567 901 290 524 211 541 198 351 1023 1583 368 383 334 540 978 584 430 608 764 364 896 835 1072 848 140 794 1039 820 228 0 344 379 576 1072
963 928 443 438 860 892 204 630 163 508 796 603 321 753 476 313 195 361 762 1568 633 612 365 312 1207 328 132 403 993 604 598 1064 867 587 235 533 778 522 321 344 0 409 321 811
1018 963 59 801 1105 947 424 850 382 863 831 967 267 788 512 556 451 672 1038 1623 669 647 311 554 1242 598 495 623 1028 666 961 1099 1086 862 343 808 1053 834 569 379 409 0 590 1086
1015 1160 625 361 754 943 259 499 248 432 960 527 502 986 709 93 465 363 686 1619 866 844 546 92 1440 59 273 272 1053 811 521 1283 735 511 505 457 702 445 573 576 321 590 0 735
1396 1571 1121 583 243 1325 755 461 744 419 1341 550 998 1482 1205 701 960 853 145 1860 1362 1340 1042 699 1897 741 762 517 1434 1301 561 1664 262 250 1000 308 121 391 1063 1072 811 1086 735 0
EOF