NAME : tsp_problem
TYPE : TSP
DIMENSION : 20
EDGE_WEIGHT_TYPE : EXPLICIT
EDGE_WEIGHT_FORMAT : FULL_MATRIX
EDGE_WEIGHT_SECTION
0 376 1129 1506 1386 1146 1189 687 514 678 429 832 1012 1109 420 1136 576 285 905 860
376 0 1215 1592 1472 1232 1275 678 454 670 515 918 1098 1195 313 1075 662 160 991 946
1129 1215 0 682 417 677 167 684 850 671 795 803 388 516 1311 1805 642 1073 609 563
1506 1592 682 0 414 689 627 1152 1314 1139 1112 737 590 578 1687 2181 1080 1449 1047 1001
1386 1472 417 414 0 572 363 945 1111 931 1052 697 409 410 1567 2062 899 1330 866 820
1146 1232 677 689 572 0 607 1018 1107 1004 752 377 456 215 1327 1821 903 1090 912 867
1189 1275 167 627 363 607 0 745 911 731 855 732 341 445 1370 1864 702 1133 668 623
687 678 684 1152 945 1018 745 0 251 113 352 756 597 856 723 1217 384 630 587 541
514 454 850 1314 1111 1107 911 251 0 243 390 793 759 1018 499 993 423 563 703 657
678 670 671 1139 931 1004 731 113 243 0 344 748 584 843 715 1209 376 622 578 533
429 515 795 1112 1052 752 855 352 390 344 0 438 678 715 610 1104 242 372 571 525
832 918 803 737 697 377 732 756 793 748 438 0 581 340 1013 1508 589 776 627 582
1012 1098 388 590 409 456 341 597 759 584 678 581 0 294 1194 1688 526 956 492 446
1109 1195 516 578 410 215 445 856 1018 843 715 340 294 0 1290 1785 784 1053 751 705
420 313 1311 1687 1567 1327 1370 723 499 715 610 1013 1194 1290 0 917 758 385 1086 1041
1109 1049 1801 2178 2058 1818 1861 1214 989 1206 1101 1504 1684 1781 891 0 1248 1157 1577 1531
576 662 642 1080 899 903 702 384 423 376 242 589 526 784 758 1252 0 520 418 373
285 160 1073 1449 1330 1090 1133 630 563 622 372 776 956 1053 385 1184 520 0 849 803
905 991 609 1047 866 912 668 587 703 578 571 627 492 751 1086 1581 418 849 0 301
860 946 563 1001 820 867 623 541 657 533 525 582 446 705 1041 1535 373 803 301 0
EOF