NAME : tsp_problem
TYPE : TSP
DIMENSION : 24
EDGE_WEIGHT_TYPE : EXPLICIT
EDGE_WEIGHT_FORMAT : FULL_MATRIX
EDGE_WEIGHT_SECTION
0 717 917 881 637 248 488 644 687 992 873 1613 1143 1141 370 417 772 770 1117 1099 905 470 333 981
717 0 1544 1092 753 499 391 862 983 1619 207 2240 1594 1768 492 538 1065 1120 1568 1726 1532 407 960 1431
917 1544 0 829 1238 1140 1300 965 683 267 1699 1111 728 418 1091 1149 768 813 702 376 180 1282 643 516
881 1092 829 0 528 947 728 376 291 904 1247 1380 659 908 1070 1116 199 658 632 866 817 710 792 496
637 753 1238 528 0 704 389 297 594 1312 908 1875 1154 1404 826 873 610 775 1128 1361 1226 371 920 991
248 499 1134 947 704 0 441 711 753 1208 654 1829 1360 1358 192 238 838 890 1334 1315 1122 434 549 1197
488 391 1300 728 389 441 0 497 684 1374 546 1995 1290 1524 582 628 700 837 1263 1481 1288 52 795 1127
644 862 965 376 297 711 497 0 347 1040 1017 1661 952 1189 834 880 363 502 926 1147 953 480 648 790
687 983 683 291 594 753 684 347 0 757 1139 1377 656 906 876 922 130 403 630 863 671 667 529 494
992 1619 267 904 1312 1214 1374 1040 757 0 1774 1081 698 389 1165 1223 842 888 672 346 113 1357 718 486
781 378 1596 1169 830 563 468 938 1058 1670 0 2291 1669 1820 544 590 1142 1194 1642 1777 1584 484 1011 1506
1609 2236 1085 1376 1871 1832 1992 1657 1374 1055 2391 0 1119 698 1783 1841 1353 1505 1092 762 968 1974 1335 906
1143 1594 715 659 1154 1364 1290 952 656 685 1749 1109 0 638 1317 1375 635 876 128 595 598 1272 870 368
1141 1768 418 908 1404 1364 1524 1189 906 389 1923 725 651 0 1315 1373 885 1037 625 96 302 1506 868 439
333 492 1091 1070 826 192 582 834 876 1165 647 1786 1317 1315 0 97 961 943 1291 1272 1079 581 506 1154
391 538 1149 1116 873 238 628 880 922 1223 694 1844 1375 1373 97 0 1007 1001 1349 1331 1137 627 565 1213
772 1065 768 199 610 838 700 363 130 842 1220 1357 635 885 961 1007 0 488 609 843 756 683 615 473
770 1120 813 658 775 890 837 502 403 888 1275 1509 876 1037 943 1001 488 0 850 995 802 819 496 713
1117 1568 688 632 1128 1338 1263 926 630 658 1723 1082 128 611 1291 1349 609 850 0 569 572 1245 843 342
1099 1726 376 866 1361 1321 1481 1147 863 346 1881 789 609 96 1272 1331 843 995 582 0 260 1464 825 396
905 1532 180 817 1226 1128 1288 953 671 113 1688 995 612 302 1079 1137 756 802 585 260 0 1270 632 399
470 407 1282 710 371 434 52 480 667 1357 563 1978 1272 1506 581 627 683 819 1245 1464 1270 0 778 1109
333 960 643 792 920 555 795 648 529 718 1115 1339 870 868 506 565 615 496 843 825 632 778 0 707
981 1431 516 496 991 1202 1127 790 494 486 1587 910 368 439 1154 1213 473 713 342 396 399 1109 707 0
EOF