NAME : tsp_problem
TYPE : TSP
DIMENSION : 30
EDGE_WEIGHT_TYPE : EXPLICIT
EDGE_WEIGHT_FORMAT : FULL_MATRIX
EDGE_WEIGHT_SECTION
0 587 1235 910 802 1494 1658 1267 736 201 1002 1285 1060 1060 536 481 672 675 493 1112 571 1306 842 1208 643 543 458 198 578 355
600 0 1182 1095 1070 1527 1781 1450 682 557 1163 1232 1130 1128 336 652 921 786 692 1295 681 1253 788 1369 843 193 307 734 638 488
1235 1182 0 623 892 381 635 629 553 1102 387 86 1852 331 901 888 951 857 928 578 825 530 566 338 759 1034 1250 1369 1001 1184
910 1095 623 0 327 748 846 395 667 776 256 616 1765 313 814 533 412 455 516 241 494 632 773 462 324 947 1163 1044 670 1073
802 1070 892 327 0 964 999 549 671 669 525 885 1670 582 790 471 185 459 453 394 498 901 777 689 328 922 1069 936 645 966
1453 1553 407 643 797 0 423 416 924 1319 531 373 2223 588 1272 1053 962 974 1035 484 1014 842 937 277 843 1405 1621 1587 1189 1555
1576 1676 530 767 920 147 0 540 1047 1443 654 496 2346 711 1395 1176 1085 1098 1159 607 1137 966 1060 400 966 1528 1744 1710 1313 1678
1267 1450 629 395 549 584 619 0 901 1133 366 595 2119 423 1169 888 714 810 871 235 849 742 914 328 678 1301 1518 1401 1025 1430
736 682 553 667 671 899 1152 901 0 602 555 603 1352 499 402 389 657 358 428 747 325 624 160 767 415 534 750 870 501 685
201 557 1102 776 669 1360 1524 1133 602 0 868 1152 1030 926 402 347 538 542 359 979 437 1173 708 1074 510 513 428 335 444 325
1002 1163 387 256 525 571 735 366 555 868 0 381 1833 78 883 602 584 523 584 211 563 396 568 285 392 1015 1231 1136 738 1165
1285 1232 86 616 885 360 601 595 603 1152 381 0 1902 325 951 938 945 884 945 572 875 523 616 305 753 1084 1300 1419 1051 1234
1069 1103 1848 1761 1667 2193 2447 2116 1348 1026 1829 1898 0 1794 1148 1318 1536 1452 1357 1961 1347 1919 1454 2035 1508 1060 835 1203 1305 957
1060 1128 331 313 582 629 793 423 499 926 78 325 1798 0 847 660 641 581 642 269 620 341 512 343 450 980 1196 1194 796 1130
536 336 901 814 790 1247 1500 1169 402 402 883 951 1152 847 0 372 640 505 411 1014 400 972 508 1089 562 188 406 670 358 485
481 652 888 533 471 1094 1258 888 389 347 602 938 1322 660 372 0 321 248 93 734 143 959 494 808 243 504 720 615 227 644
672 921 951 412 185 1076 1165 714 657 538 584 945 1540 641 640 321 0 456 304 559 412 960 763 790 294 773 938 806 496 835
675 786 857 455 459 1015 1179 810 358 542 523 884 1455 581 505 248 456 0 288 655 185 900 464 729 203 637 854 809 361 788
493 692 928 516 453 1076 1240 871 428 359 584 945 1361 642 411 93 304 288 0 716 183 961 534 790 226 544 759 627 267 656
1112 1295 578 241 394 651 686 235 747 979 211 572 1965 269 1014 734 559 655 716 0 694 588 759 375 524 1147 1363 1246 870 1276
571 681 825 494 498 1055 1219 849 325 437 563 875 1351 620 400 143 412 185 183 694 0 896 431 769 242 533 749 705 256 683
1306 1253 530 632 901 858 1058 742 624 1173 396 523 1923 341 972 959 960 900 961 588 896 0 637 608 769 1105 1321 1440 1072 1255
842 788 566 773 777 911 1165 914 160 708 568 616 1458 512 508 494 763 464 534 759 431 637 0 780 521 640 856 976 607 790
1208 1369 338 462 689 421 481 328 761 1074 285 305 2039 343 1089 808 790 729 790 375 769 608 774 0 598 1221 1437 1342 944 1371
643 843 759 324 328 884 1048 678 415 510 392 753 1511 450 562 243 294 203 226 524 242 769 521 598 0 694 910 777 418 807
556 193 1034 947 922 1379 1632 1301 534 513 1015 1084 1086 980 188 504 773 637 544 1147 533 1105 640 1221 694 0 264 690 490 444
471 307 1250 1163 1069 1595 1849 1518 750 428 1231 1300 861 1196 406 720 938 854 759 1363 749 1321 856 1437 910 264 0 605 707 359
198 721 1369 1044 936 1628 1792 1401 870 335 1136 1419 1194 1194 670 615 806 809 627 1246 705 1440 976 1342 777 677 592 0 712 489
578 638 1001 670 645 1230 1394 1025 501 444 738 1051 1308 796 358 227 496 361 267 870 256 1072 607 944 418 490 707 712 0 641
368 488 1184 1073 966 1529 1783 1430 685 325 1165 1234 961 1130 485 644 835 788 656 1276 683 1255 790 1371 807 444 359 502 641 0
EOF