NAME : tsp_problem
TYPE : TSP
DIMENSION : 14
EDGE_WEIGHT_TYPE : EXPLICIT
EDGE_WEIGHT_FORMAT : FULL_MATRIX
EDGE_WEIGHT_SECTION
0 719 561 406 666 927 388 405 745 916 698 491 364 608
719 0 843 791 879 1111 492 790 452 532 319 306 572 229
561 843 0 216 146 463 702 215 869 884 822 615 336 732
406 791 216 0 333 627 621 60 818 988 770 563 285 680
666 879 146 333 0 501 781 332 948 891 901 694 415 811
927 1111 463 627 501 0 1136 626 1297 1124 1164 1049 771 1074
388 492 702 621 781 1136 0 620 400 609 471 264 431 381
405 790 215 60 332 626 620 0 816 987 769 562 283 679
745 452 869 818 948 1291 400 816 0 404 348 332 599 258
843 397 789 916 796 1029 559 915 425 0 360 430 697 270
698 319 822 770 901 1164 471 769 348 433 0 285 551 125
491 306 615 563 694 1049 264 562 332 503 285 0 345 195
364 572 336 285 415 771 431 283 599 770 551 345 0 462
608 229 732 680 811 1074 381 679 258 343 125 195 462 0
EOF
