NAME : tsp_problem
TYPE : TSP
DIMENSION : 24
EDGE_WEIGHT_TYPE : EXPLICIT
EDGE_WEIGHT_FORMAT : FULL_MATRIX
EDGE_WEIGHT_SECTION
0 54 602 70 400 1446 1279 636 707 993 582 774 377 314 952 1008 1549 317 780 1943 1195 811 525 1053
54 0 578 47 376 1422 1256 612 683 970 559 751 353 291 929 984 1526 294 757 1919 1172 787 502 1030
602 578 0 555 254 1710 1543 996 402 1294 523 980 802 390 1253 682 1813 607 986 2207 1459 1017 841 1259
70 47 555 0 353 1399 1233 589 660 947 536 728 330 268 906 961 1503 271 734 1896 1149 764 479 1007
400 376 254 353 0 1589 1423 794 498 1152 456 859 600 188 1111 777 1693 405 866 2086 1338 896 639 1139
1446 1422 1710 1399 1589 0 271 838 1421 484 1238 1091 1182 1431 521 1423 299 1216 844 913 291 798 1015 532
1279 1256 1543 1233 1423 271 0 671 1254 317 1071 924 1016 1265 354 1257 374 1049 677 989 124 631 848 366
636 612 996 589 794 838 671 0 940 385 815 621 372 709 344 1241 941 418 608 1335 587 474 211 532
707 683 402 660 498 1415 1248 940 0 1214 207 904 907 423 1173 323 1518 596 688 1912 1164 941 784 964
993 970 1294 947 1152 484 317 385 1218 0 1037 727 730 1016 131 1223 587 776 643 980 233 483 563 507
582 559 523 536 456 1238 1071 815 207 1037 0 779 782 298 996 479 1341 472 511 1735 987 789 660 787
774 751 980 728 859 1091 924 621 904 727 779 0 623 702 685 1009 1194 486 367 1588 840 398 469 640
377 353 802 330 600 1182 1016 372 907 730 782 623 0 514 689 1208 1286 358 629 1679 932 559 262 801
314 291 390 268 188 1431 1265 709 423 1016 298 702 514 0 975 724 1535 319 708 1928 1181 738 553 981
952 929 1253 906 1111 521 354 344 1177 131 996 685 689 975 0 1181 625 735 602 1018 270 442 521 466
898 875 573 852 668 1354 1188 1132 213 1154 373 940 1099 615 1112 0 1458 788 628 1851 1103 905 976 904
1549 1526 1813 1503 1693 299 374 941 1524 587 1341 1194 1286 1535 625 1527 0 1319 948 860 394 901 1119 636
317 294 607 271 405 1216 1049 418 596 776 472 486 358 319 735 898 1319 0 492 1713 965 523 263 765
780 757 986 734 866 844 677 608 694 643 511 367 629 708 602 697 948 492 0 1341 593 332 457 393
1939 1916 2203 1893 2082 887 962 1331 1914 977 1731 1584 1675 1925 1014 1916 833 1709 1337 0 926 1291 1508 1201
1195 1172 1459 1149 1338 291 124 587 1170 233 987 840 932 1181 270 1173 394 965 593 930 0 547 764 386
811 787 1017 764 896 798 631 474 941 483 789 398 559 738 442 974 901 523 332 1295 547 0 323 347
525 502 841 479 639 1015 848 211 784 563 660 469 262 553 521 1086 1119 263 457 1512 764 323 0 566
1053 1030 1259 1007 1139 532 366 532 970 507 787 640 801 981 466 973 636 765 393 1205 386 347 566 0
EOF