NAME : tsp_problem
TYPE : TSP
DIMENSION : 32
EDGE_WEIGHT_TYPE : EXPLICIT
EDGE_WEIGHT_FORMAT : FULL_MATRIX
EDGE_WEIGHT_SECTION
0 580 1076 685 396 524 917 624 730 1067 1074 280 706 409 620 1707 527 591 393 902 1406 1444 1219 476 615 1195 974 338 271 763 439 501
580 0 628 1079 228 775 603 111 364 619 627 639 341 906 809 1259 233 984 512 588 958 996 772 933 102 747 660 715 810 377 414 582
1076 628 0 1478 724 1174 225 572 569 132 140 1038 405 1402 1208 772 729 1384 912 373 369 407 182 1420 596 158 315 1114 1306 364 745 907
564 1019 1453 0 835 327 1356 998 1168 1444 1452 602 1145 292 465 2084 966 394 664 1341 1783 1821 1597 110 1021 1572 1413 447 429 1202 931 877
396 228 724 926 0 764 617 272 378 715 723 520 355 722 860 1355 176 832 633 602 1054 1092 868 749 263 843 674 578 626 411 249 398
524 775 1174 363 764 0 1230 719 1072 1165 1173 325 964 476 186 1805 896 269 387 1216 1504 1542 1318 293 742 1293 1288 250 538 923 878 985
917 603 225 1447 617 1230 0 629 511 179 187 1042 347 1243 1265 856 622 1353 968 178 555 594 369 1271 638 344 249 1099 1126 358 549 712
624 111 572 1023 272 719 629 0 408 563 571 583 363 950 753 1203 277 929 457 614 902 941 716 965 78 691 686 659 854 322 458 626
730 364 569 1260 378 1072 511 408 0 560 568 854 200 1055 1106 1200 383 1165 809 496 899 937 713 1083 399 688 568 912 960 256 400 630
1067 619 132 1469 715 1165 179 563 560 0 64 1029 396 1392 1199 763 720 1375 903 327 462 500 275 1411 586 251 269 1105 1275 355 698 861
1074 627 140 1477 723 1173 187 571 568 64 0 1037 404 1400 1207 771 728 1383 910 335 470 508 283 1419 594 259 277 1113 1283 363 706 869
280 639 1038 668 520 325 1042 583 854 1029 1037 0 828 503 399 1669 652 574 172 1027 1368 1406 1182 528 606 1157 1099 186 407 787 634 741
706 341 405 1236 355 964 347 363 200 396 404 828 0 1032 998 1036 360 1142 702 332 735 773 549 1060 375 524 404 888 936 92 376 607
409 906 1402 510 722 476 1243 950 1055 1392 1400 503 1032 0 614 2033 853 543 570 1228 1732 1770 1545 205 941 1521 1300 351 275 1089 777 723
643 1067 1478 315 883 321 1405 1023 1217 1469 1477 629 1194 585 0 2109 1015 221 691 1390 1808 1846 1622 403 1046 1597 1462 495 657 1227 997 1104
1703 1255 768 2105 1351 1801 852 1200 1196 759 767 1665 1032 2029 1835 0 1357 2011 1539 1000 651 689 739 2047 1223 839 942 1742 1933 992 1372 1534
527 233 729 1058 176 896 622 277 383 720 728 652 360 853 975 1360 0 963 679 607 1059 1098 873 881 268 848 679 710 758 416 380 529
656 1111 1546 115 927 419 1449 1091 1261 1536 1544 695 1238 385 557 2177 1059 0 756 1434 1876 1914 1689 202 1114 1664 1506 540 521 1294 1024 969
393 512 912 730 633 387 968 457 809 903 910 172 702 570 461 1543 679 636 0 953 1242 1280 1055 589 480 1031 1025 248 520 661 747 854
902 588 373 1432 602 1216 178 614 496 327 335 1027 332 1228 1250 1004 607 1338 953 0 703 741 517 1256 623 492 235 1085 1111 344 534 697
1406 958 369 1808 1054 1504 555 902 899 462 470 1368 735 1732 1538 677 1059 1714 1242 703 0 61 243 1750 925 343 645 1444 1636 694 1075 1237
1444 996 407 1846 1092 1542 594 941 937 500 508 1406 773 1770 1577 715 1098 1752 1280 741 61 0 281 1788 964 382 684 1483 1674 733 1113 1275
1219 772 182 1621 868 1318 369 716 713 275 283 1182 549 1545 1352 765 873 1527 1055 517 243 281 0 1563 739 157 459 1258 1449 508 888 1051
476 933 1420 328 749 293 1271 965 1083 1411 1419 528 1060 205 431 2051 881 361 589 1256 1750 1788 1563 0 968 1539 1328 373 341 1116 843 789
615 102 596 1046 263 742 638 78 399 586 594 606 375 941 776 1227 268 952 480 623 925 964 739 968 0 714 695 682 845 345 449 617
1195 747 158 1597 843 1293 344 691 688 251 259 1157 524 1521 1327 865 848 1503 1031 492 343 382 157 1539 714 0 434 1233 1425 483 864 1026
1056 662 175 1512 756 1209 222 607 603 129 137 1072 439 1382 1243 806 761 1418 946 317 505 543 319 1410 630 294 0 1149 1265 399 688 851
338 709 1108 537 578 250 1099 653 912 1099 1107 186 888 351 324 1739 710 443 248 1085 1438 1477 1252 373 676 1227 1156 0 403 858 692 799
271 810 1306 647 626 538 1126 854 960 1275 1283 407 936 275 676 1937 758 606 520 1111 1636 1674 1449 341 845 1425 1183 403 0 993 639 585
763 377 364 1227 411 923 358 322 256 355 363 787 92 1089 958 995 416 1133 661 344 694 733 508 1116 345 483 416 864 993 0 433 664
439 414 745 1040 249 878 549 458 400 698 706 634 376 777 974 1376 380 946 747 534 1075 1113 888 843 449 864 606 692 639 433 0 270
501 582 907 1095 398 985 712 626 630 861 869 741 607 723 1081 1538 529 1053 854 697 1237 1275 1051 789 617 1026 769 799 585 664 270 0
EOF