NAME : tsp_problem
TYPE : TSP
DIMENSION : 48
EDGE_WEIGHT_TYPE : EXPLICIT
EDGE_WEIGHT_FORMAT : FULL_MATRIX
EDGE_WEIGHT_SECTION
0 1261 812 1377 1513 1434 594 786 600 1603 1587 820 1889 297 1233 1196 1949 135 938 1259 1198 971 858 1448 547 286 807 1532 974 1155 1387 542 1255 1502 1116 1204 811 898 1582 1126 1369 865 969 725 794 822 1356 1179
1198 0 938 368 433 597 1000 561 783 523 507 945 908 1010 702 99 967 1195 532 339 172 398 442 368 807 1028 933 452 384 625 551 1094 335 422 566 585 613 428 502 469 532 590 399 669 648 948 519 649
749 938 0 743 980 747 305 624 381 1070 912 130 1203 542 800 872 1262 704 776 806 859 630 581 915 437 560 163 998 633 722 701 366 802 969 559 517 547 583 925 622 682 703 628 563 632 134 670 747
1314 368 743 0 292 285 1000 809 881 382 365 732 740 1109 570 347 800 1280 780 276 359 493 644 227 938 1127 858 310 479 493 238 927 272 281 382 273 815 591 361 285 220 837 494 917 896 736 207 517
1450 433 980 292 0 504 1235 874 1017 308 108 968 509 1244 758 412 569 1429 845 341 425 590 756 154 1074 1263 1095 237 577 680 475 1164 337 109 569 509 927 726 103 472 457 903 592 982 962 972 359 704
1371 597 747 285 504 0 1004 952 999 611 430 735 473 1164 688 576 533 1283 923 505 588 611 762 456 1056 1182 862 540 597 611 112 931 501 509 500 277 933 709 442 403 129 980 612 1059 1039 739 211 635
531 1000 305 994 1230 998 0 686 379 1320 1163 312 1453 324 954 935 1513 484 838 981 921 692 643 1165 436 342 300 1249 695 876 951 179 977 1220 809 768 609 645 1176 848 933 766 691 625 694 315 920 901
723 561 624 809 874 952 686 0 387 964 948 631 1349 652 689 495 1409 829 173 689 517 427 229 809 332 641 619 893 430 611 905 780 685 864 572 787 125 268 943 583 887 100 426 129 108 634 874 636
537 783 381 881 1017 999 379 387 0 1107 1091 388 1455 331 737 717 1514 516 539 763 704 475 426 952 78 349 376 1035 478 659 953 457 759 1006 620 834 392 428 1086 630 934 466 473 326 395 391 922 683
1540 523 1070 382 308 611 1324 964 1107 0 312 1058 640 1334 847 502 699 1519 935 431 514 680 845 243 1163 1352 1185 91 667 769 565 1254 427 298 659 599 1017 816 325 562 546 993 682 1072 1051 1062 490 794
1524 507 912 365 108 430 1169 948 1091 326 0 901 435 1318 831 486 494 1449 919 415 498 664 829 227 1147 1336 1027 254 650 753 407 1096 411 113 642 442 1000 800 76 546 389 977 665 1056 1035 905 285 778
756 945 130 732 968 735 312 631 388 1058 901 0 1191 549 788 880 1250 706 783 795 866 637 588 903 445 567 171 987 640 710 689 354 791 957 547 505 554 590 913 610 671 710 635 570 639 122 658 735
1826 908 1203 740 509 473 1459 1349 1455 653 435 1191 0 1619 1144 887 139 1739 1320 816 899 1065 1217 628 1511 1637 1317 582 1051 1066 569 1387 812 514 955 732 1389 1164 448 858 587 1378 1066 1457 1436 1195 575 1091
234 1010 542 1109 1244 1164 324 652 331 1334 1318 549 1619 0 964 945 1679 331 804 991 931 702 653 1179 385 84 537 1263 705 886 1117 272 987 1234 847 933 619 655 1313 858 1099 731 701 591 660 552 1086 911
1170 702 800 570 758 688 954 689 737 847 831 788 1144 964 0 657 1203 1149 661 504 582 353 499 692 793 982 886 776 356 310 642 984 500 747 309 524 671 446 826 320 624 718 351 797 776 792 611 335
1133 99 872 347 412 576 935 495 717 502 486 880 887 945 657 0 946 1130 466 318 106 359 376 347 741 963 867 431 346 579 530 1028 314 402 528 564 548 362 481 431 511 524 361 603 583 882 499 603
1886 967 1262 800 569 533 1519 1409 1514 713 494 1250 139 1679 1203 946 0 1798 1379 876 959 1124 1277 688 1571 1697 1377 641 1111 1125 629 1446 872 574 1015 792 1448 1224 507 918 647 1437 1126 1516 1496 1254 635 1150
287 1181 731 1297 1432 1353 513 705 519 1522 1506 739 1808 216 1152 1115 1868 0 857 1178 1118 890 778 1367 466 205 726 1451 893 1074 1307 461 1175 1422 1035 1123 730 817 1501 1046 1288 785 888 644 713 741 1275 1099
875 532 776 780 845 923 838 173 539 935 919 783 1320 804 661 466 1379 981 0 660 488 399 254 780 484 793 771 864 402 583 877 932 656 834 544 759 277 240 914 554 859 202 397 281 260 786 846 607
1196 339 806 276 341 505 981 689 763 431 415 795 816 991 504 318 876 1175 660 0 330 336 525 276 820 1009 913 360 323 426 459 990 84 331 315 493 697 473 410 218 440 718 338 797 776 798 428 450
1135 172 859 359 425 588 921 517 704 514 498 866 899 931 582 106 959 1116 488 330 0 277 379 360 744 950 854 443 264 504 542 1015 326 414 446 576 550 364 494 349 524 546 279 625 605 869 511 529
908 398 630 493 590 611 692 427 475 680 664 637 1065 702 353 359 1124 887 399 336 277 0 238 525 532 720 625 609 83 275 564 786 333 580 236 451 409 184 659 247 546 456 90 535 515 640 533 300
795 442 581 644 756 762 643 229 426 845 829 588 1217 653 499 376 1277 838 254 525 379 238 0 690 404 671 576 774 241 421 716 737 521 745 382 597 210 79 825 393 697 257 236 336 316 591 684 446
1385 368 915 227 154 456 1169 809 952 243 227 903 628 1179 692 347 688 1364 780 276 360 525 690 0 1009 1197 1030 172 512 614 410 1099 272 143 504 444 862 661 223 407 391 838 527 917 897 907 379 639
484 807 437 938 1074 1056 436 332 78 1163 1147 445 1511 385 793 741 1571 573 484 820 744 532 404 1009 0 374 432 1092 534 715 1009 514 816 1063 676 891 356 443 1143 687 991 411 530 271 340 447 978 740
222 1028 560 1127 1263 1182 342 641 349 1352 1336 567 1637 84 982 963 1697 329 793 1009 950 720 671 1197 374 0 555 1281 723 904 1135 290 1005 1252 865 952 637 673 1332 876 1117 720 719 580 649 570 1104 929
744 933 163 858 1095 862 300 619 376 1185 1027 171 1317 537 886 867 1377 698 771 913 854 625 576 1030 432 555 0 1113 628 808 816 393 909 1084 674 632 542 578 1040 737 797 698 623 558 627 173 784 833
1468 452 998 310 237 540 1253 893 1035 91 241 987 568 1263 776 431 628 1448 864 360 443 609 774 172 1092 1281 1113 0 595 698 493 1182 356 226 587 528 945 745 254 490 475 921 610 1000 980 990 418 723
911 384 633 479 577 597 695 430 478 667 650 640 1051 705 356 346 1111 890 402 323 264 83 241 512 534 723 628 595 0 278 551 789 319 566 239 454 412 187 646 250 532 459 85 538 518 643 520 303
1092 625 722 493 680 611 876 611 659 769 753 710 1066 886 310 579 1125 1071 583 426 504 275 421 614 715 904 808 698 278 0 564 906 422 669 231 446 593 368 749 242 546 640 273 719 698 714 533 96
1324 551 701 238 475 112 957 905 953 565 407 689 569 1117 642 530 629 1237 877 459 542 564 716 410 1009 1135 816 493 551 564 0 885 455 464 453 230 887 662 420 357 83 934 566 1013 993 693 165 589
479 1094 329 927 1164 931 179 780 457 1254 1096 317 1387 272 984 1028 1446 392 932 990 1015 786 737 1099 514 290 393 1182 789 906 885 0 986 1153 743 701 703 739 1109 806 866 859 784 719 788 321 854 931
1192 335 802 272 337 501 977 685 759 427 411 791 812 987 500 314 872 1171 656 84 326 333 521 272 816 1005 909 356 319 422 455 986 0 327 311 489 693 469 406 214 437 714 334 793 772 794 424 446
1439 422 969 281 109 509 1224 864 1006 298 113 957 514 1234 747 402 574 1419 834 331 414 580 745 143 1063 1252 1084 226 566 669 464 1153 327 0 558 498 916 716 109 461 446 892 581 971 951 961 365 694
1053 566 559 382 569 500 815 572 620 659 642 547 955 847 309 528 1015 1032 544 315 446 236 382 504 676 865 674 587 239 231 453 743 311 558 0 282 554 329 638 131 435 601 234 680 659 551 422 256
1141 585 517 273 509 277 774 787 834 599 442 505 732 933 524 564 792 1053 759 493 576 451 597 444 891 952 632 528 454 446 230 701 489 498 282 0 769 544 454 346 212 816 449 895 874 509 199 470
748 613 547 815 927 933 609 125 392 1017 1000 554 1389 619 671 548 1448 804 277 697 550 409 210 862 356 637 542 945 412 593 887 703 693 916 554 769 0 250 996 564 869 204 407 153 133 557 856 617
835 428 583 591 726 709 645 268 428 816 800 590 1164 655 446 362 1224 840 240 473 364 184 79 661 443 673 578 745 187 368 662 739 469 716 329 544 250 0 795 340 644 297 183 376 356 593 631 393
1519 502 925 361 103 442 1182 943 1086 339 76 913 448 1313 826 481 507 1461 914 410 494 659 825 223 1143 1332 1040 267 646 749 420 1109 406 109 638 454 996 795 0 541 402 972 661 1051 1031 917 298 773
1063 469 622 285 472 403 848 583 630 562 546 610 858 858 320 431 918 1043 554 218 349 247 393 407 687 876 737 490 250 242 357 806 214 461 131 346 564 340 541 0 338 611 245 690 670 614 325 266
1306 532 682 220 457 129 939 887 934 546 389 671 587 1099 624 511 647 1219 859 440 524 546 697 391 991 1117 797 475 532 546 83 866 437 446 435 212 869 644 402 338 0 916 547 995 974 675 146 570
802 590 703 837 903 980 766 100 466 993 977 710 1378 731 718 524 1437 908 202 718 546 456 257 838 411 720 698 921 459 640 934 859 714 892 601 816 204 297 972 611 916 0 454 208 177 713 903 664
906 399 628 494 592 612 691 426 473 682 665 635 1066 701 351 361 1126 885 397 338 279 90 236 527 530 719 623 610 85 273 566 784 334 581 234 449 407 183 661 245 547 454 0 533 513 638 534 298
662 669 563 917 982 1059 625 129 326 1072 1056 570 1457 591 797 603 1516 768 281 797 625 535 336 917 271 580 558 1000 538 719 1013 719 793 971 680 895 153 376 1051 690 995 208 533 0 137 573 982 744
731 648 632 896 962 1039 694 108 395 1051 1035 639 1436 660 776 583 1496 837 260 776 605 515 316 897 340 649 627 980 518 698 993 788 772 951 659 874 133 356 1031 670 974 177 513 137 0 642 961 723
759 948 134 736 972 739 315 634 391 1062 905 122 1195 552 792 882 1254 710 786 798 869 640 591 907 447 570 173 990 643 714 693 358 794 961 551 509 557 593 917 614 675 713 638 573 642 0 662 739
1293 519 670 207 359 211 926 874 922 503 285 658 575 1086 611 499 635 1206 846 428 511 533 684 379 978 1104 784 432 520 533 165 854 424 365 422 199 856 631 298 325 146 903 534 982 961 662 0 558
1116 649 747 517 704 635 901 636 683 794 778 735 1091 911 335 603 1150 1096 607 450 529 300 446 639 740 929 833 723 303 96 589 931 446 694 256 470 617 393 773 266 570 664 298 744 723 739 558 0
EOF