NAME : tsp_problem
TYPE : TSP
DIMENSION : 82
EDGE_WEIGHT_TYPE : EXPLICIT
EDGE_WEIGHT_FORMAT : FULL_MATRIX
EDGE_WEIGHT_SECTION
0 896 405 222 1274 858 1378 179 597 1055 474 594 289 347 1446 194 466 533 617 722 463 228 883 839 581 240 178 104 298 706 849 302 1019 1125 451 801 925 456 700 416 603 563 455 1379 397 944 573 1257 849 580 51 282 605 541 803 467 234 622 1368 664 417 418 1105 249 756 1175 1034 607 435 515 1005 328 277 1206 435 565 490 460 599 220 1199 348
896 0 1097 1075 696 297 800 775 584 464 793 1126 837 1199 885 959 999 1066 353 221 486 995 322 248 1350 1020 774 958 1150 1477 288 1154 428 563 582 131 334 587 249 546 590 406 478 818 814 353 560 679 745 1107 906 830 1138 1074 113 491 1001 359 790 1111 1024 1189 544 1101 1527 596 472 333 968 430 414 876 954 628 722 1012 1261 483 586 898 608 955
405 1092 0 373 1356 940 1460 544 812 1161 372 498 652 506 1527 557 370 437 832 936 781 592 965 1078 402 318 542 467 346 540 931 560 1258 1206 769 1040 1164 774 915 734 818 778 773 1461 760 1183 787 1339 747 239 416 645 509 445 1025 785 597 838 1450 323 148 252 1187 408 590 1256 1115 822 339 730 1244 691 640 1288 799 224 324 778 814 584 1409 169
222 1075 373 0 1453 1037 1557 361 776 1237 549 669 354 194 1625 259 541 609 796 900 644 293 1062 1021 420 79 359 169 137 545 1028 262 1201 1303 632 982 1106 620 879 597 782 742 636 1558 462 1125 752 1436 924 577 233 347 681 617 984 648 299 802 1547 661 436 257 1284 96 595 1354 1212 786 510 694 1186 393 342 1385 501 562 328 641 778 286 1381 424
1274 696 1362 1453 0 471 360 1154 962 308 1057 1390 1225 1577 386 1347 1263 1330 741 599 875 1384 464 498 1666 1399 1152 1337 1529 1816 462 1533 418 337 970 598 453 975 627 935 968 784 867 320 1203 472 938 84 1009 1371 1285 1218 1402 1338 600 879 1389 747 350 1375 1288 1567 206 1480 1867 157 317 711 1232 809 403 1264 1343 188 1110 1276 1639 872 965 1286 556 1219
858 297 946 1037 471 0 575 738 547 276 641 974 867 1162 733 989 847 914 383 183 590 1026 170 365 1250 983 736 921 1113 1401 46 1117 386 412 579 248 421 584 211 544 552 368 583 666 846 440 522 454 593 955 869 860 986 922 231 595 1031 388 565 959 872 1151 393 1064 1451 371 321 296 816 393 371 906 985 403 764 860 1223 588 549 929 524 803
1378 800 1466 1557 360 575 0 1258 1067 412 1161 1495 1329 1682 397 1451 1367 1434 846 703 979 1488 568 602 1771 1503 1257 1441 1633 1921 566 1637 522 512 1074 702 558 1080 731 1039 1072 888 971 375 1307 577 1042 343 1113 1475 1389 1322 1506 1442 704 983 1493 851 212 1479 1392 1671 310 1584 1971 261 421 816 1336 913 507 1368 1447 209 1214 1380 1743 976 1069 1391 660 1323
179 775 544 361 1154 738 1258 0 477 935 612 732 189 485 1325 311 604 672 496 601 342 347 763 719 719 379 58 242 437 844 729 441 899 1004 330 681 804 336 580 295 483 443 334 1259 296 823 452 1137 839 718 190 182 744 680 682 347 353 502 1248 803 556 556 985 388 895 1054 913 487 573 395 885 227 306 1086 332 704 628 339 479 250 1079 487
597 584 812 776 962 547 1067 477 0 768 695 1000 606 900 1134 728 873 940 357 410 505 765 572 603 1051 722 475 660 852 1178 538 856 783 813 493 536 689 498 389 458 253 251 497 1068 585 708 55 945 648 987 608 599 1012 948 518 509 770 363 1057 1013 824 890 794 803 1229 863 722 296 842 203 769 645 724 895 532 915 962 502 250 668 963 755
1055 464 1167 1237 308 276 412 935 768 0 862 1196 993 1361 587 1115 1068 1135 510 404 643 1152 392 266 1472 1204 933 1118 1312 1622 267 1316 186 460 738 367 222 744 432 703 774 590 635 525 971 241 744 291 815 1177 1066 986 1208 1143 368 647 1157 515 402 1180 1093 1372 258 1263 1673 209 369 517 1037 614 171 1032 1111 240 878 1082 1444 640 770 1055 295 1024
474 793 378 549 1057 641 1161 612 695 862 0 407 721 674 1229 626 279 346 695 679 850 660 666 861 722 495 611 536 621 872 632 629 972 907 838 744 947 843 707 803 701 590 842 1162 829 966 671 1040 448 427 484 714 418 354 726 854 666 701 1151 431 304 610 888 576 923 958 816 634 248 542 957 760 709 989 867 332 682 847 698 652 1110 235
594 1126 498 669 1390 974 1495 732 1000 1196 407 0 841 794 1562 746 249 316 1021 1012 969 780 1000 1194 880 615 731 655 741 1018 966 749 1305 1241 957 1078 1280 963 1040 922 1006 923 962 1495 949 1299 976 1373 781 587 604 834 94 324 1060 974 785 1026 1484 671 424 730 1222 696 1068 1291 1150 967 218 875 1291 880 828 1322 987 572 802 967 1003 772 1444 355
289 837 652 354 1225 867 1329 189 606 993 721 841 0 479 1455 168 713 780 600 731 446 205 893 777 712 372 187 235 430 837 858 434 958 1134 326 739 863 312 710 399 612 572 438 1388 154 882 582 1208 968 827 299 39 852 788 741 450 210 605 1319 911 664 549 1115 381 888 1126 1043 616 682 524 943 85 164 1157 193 812 621 443 609 108 1138 595
347 1199 506 194 1577 1162 1682 485 900 1361 674 794 479 0 1749 384 666 733 921 1025 769 418 1187 1145 552 211 484 293 269 677 1153 387 1325 1428 757 1107 1231 745 1004 722 906 866 761 1683 587 1250 876 1560 1049 709 357 472 805 741 1109 773 423 926 1671 793 569 389 1409 220 728 1478 1337 911 635 818 1311 517 466 1510 625 695 461 766 903 410 1505 548
1446 885 1533 1625 386 733 397 1325 1134 587 1229 1562 1455 1749 0 1577 1434 1502 970 771 1153 1614 633 776 1838 1571 1324 1508 1700 1988 724 1704 696 424 1166 836 732 1172 799 1131 1140 956 1146 205 1433 751 1110 369 1181 1543 1456 1448 1574 1509 818 1158 1619 975 230 1547 1459 1739 485 1651 2039 436 486 883 1403 981 682 1494 1573 383 1351 1448 1811 1151 1136 1516 835 1390
194 959 557 259 1347 989 1451 311 728 1115 626 746 168 384 1577 0 618 686 722 853 568 110 1015 899 618 277 309 141 335 743 980 339 1080 1256 448 861 985 435 832 521 734 694 560 1510 277 1004 704 1330 1001 732 205 161 758 693 863 572 116 727 1441 816 569 455 1237 286 793 1248 1165 738 587 646 1065 207 156 1279 315 718 527 565 731 100 1260 500
466 999 370 541 1263 847 1367 604 873 1068 279 249 713 666 1434 618 0 103 893 885 842 652 872 1067 752 487 603 528 613 890 838 621 1178 1113 830 950 1152 835 913 795 878 795 834 1368 821 1171 848 1246 654 459 476 706 261 110 932 846 658 898 1357 543 296 602 1094 568 941 1163 1022 840 90 748 1163 752 701 1195 860 444 674 839 875 645 1316 227
533 1066 437 609 1330 914 1434 672 940 1135 346 316 780 733 1502 686 103 0 960 952 909 720 939 1134 819 555 670 595 681 957 905 689 1245 1181 897 1017 1220 903 980 862 946 863 901 1435 889 1239 916 1313 721 526 544 773 328 74 1000 913 725 966 1424 610 363 669 1161 636 1008 1231 1089 907 158 815 1230 819 768 1262 927 512 741 906 942 712 1383 294
617 353 832 796 741 383 846 496 357 510 695 1021 600 921 970 722 893 960 0 246 312 759 408 294 1071 742 495 679 872 1198 374 876 474 649 300 256 379 305 225 265 363 179 304 904 578 398 333 724 648 1007 627 593 1032 968 257 316 764 53 835 1013 844 910 630 823 1249 642 558 132 862 203 460 639 718 674 485 915 982 309 359 661 654 775
722 221 936 900 599 183 703 601 410 404 679 1012 731 1025 771 853 885 952 246 0 454 889 208 289 1175 846 600 784 976 1302 174 980 469 449 442 172 374 447 74 407 416 232 446 704 709 393 386 582 631 993 732 724 1024 960 154 458 895 251 693 997 910 1014 430 927 1353 500 358 159 854 256 455 770 848 531 627 898 1086 451 412 792 649 841
463 486 781 644 875 590 979 342 505 643 850 969 446 769 1153 568 842 909 312 454 0 604 616 427 1002 662 341 525 720 1127 581 724 607 857 146 389 512 151 433 111 511 387 43 1092 423 531 480 857 855 956 473 439 981 917 391 55 610 317 969 1040 793 839 824 671 1178 775 766 339 811 411 593 485 564 807 331 941 911 48 507 507 787 724
228 995 592 293 1384 1026 1488 347 765 1152 660 780 205 418 1614 110 652 720 759 889 604 0 1051 936 652 311 346 175 369 777 1017 373 1116 1292 484 898 1022 471 868 557 771 731 597 1547 313 1041 740 1367 1035 766 239 198 792 727 900 609 25 764 1478 851 604 489 1273 320 827 1284 1201 775 621 683 1102 244 193 1316 351 752 561 602 767 136 1296 535
883 322 971 1062 464 170 568 763 572 392 666 1000 893 1187 633 1015 872 939 408 208 616 1051 0 390 1276 1008 762 946 1138 1426 162 1142 501 312 604 274 476 609 236 569 578 394 608 567 871 495 547 447 619 981 894 886 1012 947 256 620 1057 413 558 984 897 1176 293 1089 1476 364 221 321 841 418 487 931 1010 396 789 885 1248 613 574 954 640 828
839 248 1078 1021 498 365 602 719 603 266 861 1194 777 1145 776 899 1067 1134 294 289 427 936 390 0 1317 988 717 902 1096 1444 356 1100 230 632 522 150 135 528 317 487 609 425 419 715 755 154 579 480 813 1175 849 770 1206 1142 152 431 941 299 592 1179 1090 1156 447 1047 1495 398 540 377 1036 449 216 816 895 430 662 1080 1228 424 605 839 410 1021
581 1350 402 420 1666 1250 1771 719 1051 1472 685 880 712 552 1838 618 752 819 1071 1175 1002 652 1276 1317 0 438 718 527 312 230 1242 621 1497 1517 991 1279 1403 979 1154 956 1057 1017 995 1771 821 1422 1027 1649 1057 440 591 706 891 827 1281 1007 657 1077 1760 524 530 218 1498 454 281 1567 1426 1061 721 969 1483 751 700 1598 859 425 246 1000 1053 644 1677 551
240 1020 318 79 1399 983 1503 379 722 1204 495 615 372 211 1571 277 487 555 742 846 662 311 1008 988 438 0 377 187 155 562 974 280 1168 1249 650 950 1074 638 825 615 728 688 654 1504 480 1093 697 1382 870 521 251 365 627 562 952 666 317 748 1493 606 381 274 1230 114 613 1300 1158 732 456 640 1154 411 360 1331 519 507 346 659 724 304 1348 370
178 774 542 359 1152 736 1257 58 475 933 611 731 187 484 1324 309 603 670 495 600 341 346 762 717 718 377 0 241 435 843 728 439 898 1003 329 679 803 334 579 294 481 441 333 1257 295 822 451 1135 837 717 188 180 742 678 681 345 351 500 1246 801 554 555 984 386 893 1053 912 486 572 393 883 226 305 1084 331 702 627 338 478 249 1078 485
104 958 467 169 1337 921 1441 242 660 1118 536 655 235 293 1508 141 528 595 679 784 525 175 946 902 527 187 241 0 245 652 912 249 1082 1187 513 864 987 502 763 478 666 625 517 1442 344 1006 635 1320 910 642 114 228 667 603 865 530 180 685 1431 726 479 364 1168 196 703 1237 1096 670 497 578 1068 274 223 1269 382 627 436 522 662 167 1262 410
298 1150 346 137 1529 1113 1633 437 852 1312 615 741 430 269 1700 335 613 681 872 976 720 369 1138 1096 312 155 435 245 0 437 1104 338 1277 1379 708 1058 1182 696 955 673 858 817 712 1634 538 1201 827 1512 990 544 309 423 753 688 1060 724 375 877 1623 628 413 149 1360 172 488 1429 1288 862 582 770 1262 469 418 1461 576 529 221 717 854 361 1457 412
736 1505 557 575 1822 1406 1926 875 1206 1627 841 1035 868 707 1993 773 907 975 1227 1331 1158 807 1431 1473 363 593 873 683 468 0 1397 776 1653 1672 1146 1435 1558 1134 1310 1111 1212 1172 1150 1927 976 1577 1182 1805 1213 595 747 861 1047 982 1436 1162 813 1232 1916 679 685 373 1653 610 86 1722 1581 1217 876 1124 1638 907 856 1754 1015 580 445 1155 1209 799 1833 706
849 288 937 1028 462 46 566 729 538 267 632 966 858 1153 724 980 838 905 374 174 581 1017 162 356 1242 974 728 912 1104 1392 0 1108 377 403 570 239 413 575 202 535 544 359 574 657 837 432 513 445 584 947 860 851 977 913 222 586 1023 379 556 950 863 1142 384 1055 1442 363 312 287 807 384 362 897 976 394 755 851 1214 579 540 920 515 794
302 1154 560 262 1533 1117 1637 441 856 1316 629 749 434 387 1704 339 621 689 876 980 724 373 1142 1100 621 280 439 249 338 746 1108 0 1281 1383 712 1062 1186 700 959 677 862 822 716 1638 542 1205 831 1516 1004 735 313 427 761 696 1064 728 379 882 1627 819 572 458 1364 289 796 1434 1292 866 590 774 1266 473 422 1465 581 721 530 721 858 365 1461 503
1019 428 1258 1201 418 386 522 899 783 186 972 1305 958 1325 696 1080 1178 1245 474 469 607 1116 501 230 1497 1168 898 1082 1277 1624 377 1281 0 569 702 331 316 708 497 667 789 605 599 635 935 335 759 400 924 1286 1030 951 1317 1253 333 611 1122 479 512 1290 1203 1336 367 1228 1675 318 478 558 1146 630 79 996 1075 350 843 1191 1408 604 786 1019 434 1134
1125 563 1212 1303 337 412 512 1004 813 460 907 1241 1134 1428 424 1256 1113 1181 649 449 857 1292 312 632 1517 1249 1003 1187 1379 1667 403 1383 569 0 845 515 605 850 477 810 819 635 849 358 1112 624 789 320 860 1222 1135 1127 1253 1188 497 861 1298 654 502 1225 1138 1417 237 1330 1718 309 165 562 1082 659 555 1173 1252 340 1030 1127 1489 854 815 1195 708 1069
451 582 769 632 970 579 1074 330 493 738 838 957 326 757 1166 448 830 897 300 442 146 484 604 522 991 650 329 513 708 1115 570 712 702 845 0 484 608 31 421 99 499 375 138 1100 303 627 468 953 844 944 461 319 969 905 486 150 490 305 1064 1028 781 827 826 659 1166 871 754 328 799 400 688 365 444 902 211 929 899 143 495 387 882 712
801 131 1040 982 598 248 702 681 536 367 744 1078 739 1107 836 861 950 1017 256 172 389 898 274 150 1279 950 679 864 1058 1406 239 1062 331 515 484 0 236 489 200 449 541 357 381 769 717 255 511 581 696 1059 811 732 1089 1025 36 393 903 261 692 1062 975 1118 496 1009 1457 499 424 285 919 382 316 778 857 530 624 963 1190 386 538 801 511 906
1101 510 1267 1283 408 376 512 981 865 176 962 1296 1040 1407 687 1162 1168 1235 556 504 689 1198 492 312 1572 1250 980 1164 1359 1707 367 1363 286 560 785 413 0 790 532 749 871 687 681 625 1017 287 841 391 914 1277 1112 1033 1307 1243 415 694 1204 562 502 1280 1193 1419 358 1310 1757 309 469 617 1137 712 271 1079 1157 340 925 1181 1490 686 868 1101 424 1124
456 587 774 620 975 584 1080 336 498 744 843 963 312 745 1172 435 835 903 305 447 151 471 609 528 979 638 334 502 696 1104 575 700 708 850 31 489 613 0 426 104 504 380 143 1105 290 632 474 958 849 949 467 306 975 910 491 155 477 311 1069 1033 786 816 831 647 1154 876 759 333 804 405 693 351 430 907 197 935 888 148 501 374 888 717
700 249 915 879 627 211 731 580 389 432 707 1040 710 1004 799 832 913 980 225 74 433 868 236 317 1154 825 579 763 955 1281 202 959 497 477 421 200 402 426 0 386 395 211 425 732 688 421 364 610 659 1021 711 703 1052 988 182 437 874 230 721 1025 927 993 458 906 1332 528 386 138 882 235 483 749 827 559 606 926 1065 430 391 771 677 858
416 546 734 597 935 544 1039 295 458 703 803 922 399 722 1131 521 795 862 265 407 111 557 569 487 956 615 294 478 673 1080 535 677 667 810 99 449 573 104 386 0 464 340 103 1065 376 592 433 918 809 909 426 392 934 870 451 115 563 270 1029 993 746 792 791 624 1131 836 719 293 764 365 653 438 517 867 284 894 864 108 460 460 847 677
603 590 818 782 968 552 1072 483 253 774 701 1006 612 906 1140 734 878 946 363 416 511 771 578 609 1057 728 481 666 858 1184 544 862 789 819 499 541 694 504 395 464 0 257 503 1073 591 713 229 951 653 992 613 605 1018 954 524 515 776 368 1062 1019 830 896 800 809 1235 869 728 301 847 209 775 651 730 900 537 920 968 508 48 673 969 761
563 406 778 742 784 368 888 443 251 590 590 923 572 866 956 694 795 863 179 232 387 731 394 425 1017 688 441 625 817 1144 359 822 605 635 375 357 510 380 211 340 257 0 379 889 551 529 227 767 542 904 573 565 935 870 339 391 736 184 878 908 790 856 616 769 1194 685 544 117 764 98 591 611 690 716 497 809 928 384 254 633 785 721
455 478 773 636 867 583 971 334 497 635 842 962 438 761 1146 560 834 901 304 446 43 597 608 419 995 654 333 517 712 1120 574 716 599 849 138 381 505 143 425 103 503 379 0 1084 416 524 473 850 848 948 465 431 973 909 383 47 602 309 961 1032 785 832 817 663 1170 767 758 332 803 404 585 477 556 799 323 933 903 40 499 499 779 716
1379 818 1467 1558 320 666 375 1259 1068 525 1162 1495 1388 1683 205 1510 1368 1435 904 704 1092 1547 567 715 1771 1504 1257 1442 1634 1922 657 1638 635 358 1100 769 670 1105 732 1065 1073 889 1084 0 1367 690 1043 303 1114 1476 1390 1381 1507 1443 752 1096 1552 909 359 1480 1393 1672 423 1585 1972 374 420 817 1337 914 620 1427 1506 321 1285 1381 1744 1089 1070 1450 773 1324
397 814 760 462 1203 846 1307 296 585 971 829 949 154 587 1433 277 821 889 578 709 423 313 871 755 821 480 295 344 538 946 837 542 935 1112 303 717 841 290 688 376 591 551 416 1367 0 860 560 1186 947 935 408 148 961 896 719 428 319 583 1297 1019 772 658 1093 489 996 1103 1021 595 790 503 921 193 272 1135 170 921 730 421 587 216 1115 703
944 353 1183 1125 484 452 588 823 708 252 966 1299 882 1250 762 1004 1171 1239 398 393 531 1041 495 154 1422 1093 822 1006 1201 1549 443 1205 335 635 627 255 110 632 421 592 713 529 524 701 860 0 683 466 918 1280 954 875 1311 1246 257 536 1046 404 578 1284 1195 1261 433 1152 1600 384 544 482 1140 554 320 921 1000 416 767 1185 1333 529 710 943 385 1126
573 560 787 752 938 522 1042 452 55 744 671 976 582 876 1110 704 848 916 333 386 480 740 547 579 1027 697 451 635 827 1154 513 831 759 789 468 511 664 474 364 433 229 227 473 1043 560 683 0 921 623 962 583 575 988 923 493 485 746 338 1032 989 799 866 769 778 1204 839 698 271 817 179 744 621 700 870 507 890 938 477 226 643 939 730
1257 679 1344 1436 84 454 343 1137 945 291 1040 1373 1208 1560 369 1330 1246 1313 724 582 857 1367 447 480 1649 1382 1135 1320 1512 1799 445 1516 400 320 953 581 436 958 610 918 951 767 850 303 1186 455 921 0 992 1354 1267 1201 1385 1321 583 862 1372 730 333 1358 1271 1550 189 1463 1850 140 300 694 1214 792 386 1247 1326 171 1093 1259 1622 855 948 1269 539 1202
849 745 753 924 1009 593 1113 839 648 815 448 781 968 1049 1181 1001 654 721 648 631 855 1035 619 813 1057 870 837 910 996 1207 584 1004 924 860 844 696 899 849 659 809 653 542 848 1114 947 918 623 992 0 762 859 961 793 729 679 860 1041 653 1103 766 679 985 841 951 1258 910 769 586 623 494 910 1007 1084 941 894 667 1057 853 650 1027 1063 610
580 1107 239 577 1371 955 1475 718 987 1177 390 587 827 709 1543 732 459 526 1007 993 956 766 981 1175 440 521 717 642 544 590 947 735 1286 1222 944 1059 1261 949 1021 909 992 904 948 1476 935 1280 962 1354 762 0 590 820 598 534 1041 960 772 1012 1465 229 237 449 1203 612 640 1272 1131 948 428 856 1272 866 815 1303 974 130 521 953 989 759 1425 258
51 906 416 233 1285 869 1389 190 608 1066 484 604 299 357 1456 205 476 544 627 732 473 239 894 849 591 251 188 114 309 716 860 313 1030 1135 461 811 935 467 711 426 613 573 465 1390 408 954 583 1267 859 590 0 292 616 551 813 477 244 633 1379 675 428 428 1116 260 767 1185 1044 618 445 526 1015 338 287 1217 446 576 500 470 610 231 1210 359
282 830 645 347 1218 860 1322 182 599 986 714 834 39 472 1448 161 706 773 593 724 439 198 886 770 706 365 180 228 423 830 851 427 951 1127 319 732 856 306 703 392 605 565 431 1381 148 875 575 1201 961 820 292 0 846 781 734 443 203 598 1312 904 657 542 1108 374 881 1119 1036 609 675 517 936 78 157 1150 186 805 614 436 602 101 1131 588
605 1138 509 681 1402 986 1506 744 1012 1208 418 94 852 805 1574 758 261 328 1032 1024 981 792 1012 1206 891 627 742 667 753 1029 977 761 1317 1253 969 1089 1292 975 1052 934 1018 935 973 1507 961 1311 988 1385 793 598 616 846 0 336 1072 986 797 1038 1496 683 436 742 1234 708 1080 1303 1162 979 230 887 1303 891 840 1334 999 584 813 978 1014 784 1456 367
541 1074 445 617 1338 922 1442 680 948 1143 354 324 788 741 1509 693 110 74 968 960 917 727 947 1142 827 562 678 603 688 965 913 696 1253 1188 905 1025 1227 910 988 870 954 870 909 1443 896 1246 923 1321 729 534 551 781 336 0 1007 921 733 974 1432 618 371 677 1169 643 1016 1239 1097 915 165 823 1238 827 776 1270 935 519 749 914 950 720 1391 302
803 113 1031 984 600 231 704 682 518 368 726 1060 741 1109 818 863 932 1000 257 154 391 900 256 152 1281 952 681 865 1060 1408 222 1064 333 497 486 36 238 491 182 451 524 339 383 752 719 257 493 583 679 1041 813 734 1072 1007 0 395 905 263 694 1044 957 1120 478 1011 1459 501 406 267 901 364 318 780 859 532 626 946 1192 388 520 802 513 888
467 491 785 648 879 595 983 347 509 647 854 974 450 773 1158 572 846 913 316 458 55 609 620 431 1007 666 345 530 724 1132 586 728 611 861 150 393 517 155 437 115 515 391 47 1096 428 536 485 862 860 960 477 443 986 921 395 0 614 321 973 1044 797 844 829 675 1182 780 770 344 815 416 597 489 568 811 335 945 916 52 511 512 791 728
234 1001 597 299 1389 1031 1493 353 770 1157 666 785 210 423 1619 116 658 725 764 895 610 25 1057 941 657 317 351 180 375 782 1023 379 1122 1298 490 903 1027 477 874 563 776 736 602 1552 319 1046 746 1372 1041 772 244 203 797 733 905 614 0 769 1483 856 609 494 1279 326 833 1290 1207 781 627 688 1107 249 198 1321 357 757 566 607 773 142 1302 540
622 359 838 802 747 388 851 502 363 515 701 1026 605 926 975 727 898 966 53 251 317 764 413 299 1077 748 500 685 877 1204 379 882 479 654 305 261 385 311 230 270 368 184 309 909 583 404 338 730 653 1012 633 598 1038 974 263 321 769 0 841 1019 850 916 635 829 1255 648 563 137 867 209 465 644 723 679 490 920 988 314 365 667 659 781
1368 790 1456 1547 350 565 212 1248 1057 402 1151 1484 1319 1671 230 1441 1357 1424 835 693 969 1478 558 592 1760 1493 1246 1431 1623 1910 556 1627 512 502 1064 692 547 1069 721 1029 1062 878 961 359 1297 566 1032 333 1103 1465 1379 1312 1496 1432 694 973 1483 841 0 1469 1382 1661 300 1574 1961 251 411 805 1326 903 497 1358 1437 198 1204 1370 1733 966 1059 1381 650 1313
664 1111 323 661 1375 959 1479 803 1013 1180 394 671 911 793 1547 816 543 610 1013 997 1040 851 984 1179 524 606 801 726 628 674 950 819 1290 1225 1028 1062 1265 1033 1025 993 1019 908 1032 1480 1019 1284 989 1358 766 229 675 904 683 618 1044 1044 856 1019 1469 0 321 534 1206 696 724 1276 1134 952 512 860 1275 950 899 1307 1058 133 605 1037 1016 843 1428 342
417 1018 148 436 1282 866 1386 556 824 1087 298 424 664 569 1453 569 296 363 844 904 793 604 891 1086 530 381 554 479 413 668 857 572 1197 1132 781 969 1171 786 927 746 830 790 785 1387 772 1190 799 1265 673 237 428 657 436 371 951 797 609 850 1376 321 0 380 1113 471 719 1183 1041 834 265 742 1182 703 652 1214 811 222 452 790 826 596 1335 95
418 1189 252 257 1567 1151 1671 556 890 1372 604 730 549 389 1739 455 602 669 910 1014 839 489 1176 1156 218 274 555 364 149 343 1142 458 1336 1417 827 1118 1242 816 993 792 896 856 832 1672 658 1261 866 1550 979 449 428 542 742 677 1120 844 494 916 1661 534 380 0 1398 291 393 1468 1326 900 571 808 1322 588 537 1499 696 435 127 837 892 481 1517 401
1105 544 1193 1284 206 393 310 985 794 258 888 1222 1115 1409 485 1237 1094 1161 630 430 824 1273 293 447 1498 1230 984 1168 1360 1648 384 1364 367 237 826 496 403 831 458 791 800 616 817 423 1093 422 769 189 841 1203 1116 1108 1234 1169 478 829 1279 635 300 1206 1119 1398 0 1311 1699 107 146 543 1063 640 353 1154 1232 138 1011 1107 1470 822 796 1176 506 1050
249 1101 408 96 1480 1064 1584 388 803 1263 576 696 381 220 1651 286 568 636 823 927 671 320 1089 1047 454 114 386 196 172 579 1055 289 1228 1330 659 1009 1133 647 906 624 809 769 663 1585 489 1152 778 1463 951 612 260 374 708 643 1011 675 326 829 1574 696 471 291 1311 0 630 1381 1239 813 537 721 1213 420 369 1412 528 597 363 668 805 312 1408 450
694 1462 514 533 1779 1363 1883 832 1164 1585 798 992 825 665 1951 731 865 932 1184 1288 1115 765 1389 1430 321 551 831 640 425 471 1354 734 1610 1630 1103 1392 1516 1092 1267 1068 1170 1130 1108 1884 934 1535 1139 1762 1170 552 704 818 1004 940 1394 1120 770 1190 1873 637 643 331 1611 567 0 1680 1539 1174 834 1082 1596 864 813 1711 972 538 403 1113 1166 757 1790 664
1175 596 1262 1354 157 371 261 1054 863 209 958 1291 1126 1478 436 1248 1163 1231 642 500 775 1284 364 398 1567 1300 1053 1237 1429 1717 363 1434 318 309 871 499 354 876 528 836 869 685 767 374 1103 373 839 140 910 1272 1185 1119 1303 1239 501 780 1290 648 251 1276 1188 1468 107 1381 1768 0 218 612 1132 710 304 1165 1244 89 1011 1177 1540 772 866 1187 457 1119
1034 472 1121 1212 317 321 421 913 722 369 816 1150 1043 1337 486 1165 1022 1089 558 358 766 1201 221 540 1426 1158 912 1096 1288 1576 312 1292 478 165 754 424 514 759 386 719 728 544 758 420 1021 533 698 300 769 1131 1044 1036 1162 1097 406 770 1207 563 411 1134 1047 1326 146 1239 1627 218 0 471 991 568 464 1082 1160 249 939 1036 1398 763 724 1104 617 978
607 333 822 786 711 296 816 487 296 517 634 967 616 911 883 738 840 907 132 159 339 775 321 377 1061 732 486 670 862 1188 287 866 558 562 328 285 463 333 138 293 301 117 332 817 595 482 271 694 586 948 618 609 979 915 267 344 781 137 805 952 834 900 543 813 1239 612 471 0 809 142 543 655 734 644 513 853 972 337 298 678 738 765
435 968 339 510 1232 816 1336 573 842 1037 248 218 682 635 1403 587 90 158 862 854 811 621 841 1036 721 456 572 497 582 859 807 590 1146 1082 799 919 1121 804 882 764 847 764 803 1337 790 1140 817 1214 623 428 445 675 230 165 901 815 627 867 1326 512 265 571 1063 537 910 1132 991 809 0 716 1132 721 670 1164 829 413 643 808 844 613 1285 196
515 430 730 694 809 393 913 395 203 614 542 875 524 818 981 646 748 815 203 256 411 683 418 449 969 640 393 578 770 1096 384 774 630 659 400 382 535 405 235 365 209 98 404 914 503 554 179 792 494 856 526 517 887 823 364 416 688 209 903 860 742 808 640 721 1147 710 568 142 716 0 615 563 642 741 449 761 880 409 206 586 810 673
1005 414 1244 1186 403 371 507 885 769 171 957 1291 943 1311 682 1065 1163 1230 460 455 593 1102 487 216 1483 1154 883 1068 1262 1610 362 1266 79 555 688 316 301 693 483 653 775 591 585 620 921 320 744 386 910 1272 1015 936 1303 1238 318 597 1107 465 497 1275 1188 1322 353 1213 1661 304 464 543 1132 615 0 982 1061 335 828 1177 1394 590 771 1005 419 1119
328 876 691 393 1264 906 1368 227 645 1032 760 880 85 517 1494 207 752 819 639 770 485 244 931 816 751 411 226 274 469 876 897 473 996 1173 365 778 902 351 749 438 651 611 477 1427 193 921 621 1247 1007 866 338 78 891 827 780 489 249 644 1358 950 703 588 1154 420 927 1165 1082 655 721 563 982 0 190 1196 232 851 660 482 647 147 1177 634
277 954 640 342 1343 985 1447 306 724 1111 709 828 164 466 1573 156 701 768 718 848 564 193 1010 895 700 360 305 223 418 825 976 422 1075 1252 444 857 981 430 827 517 730 690 556 1506 272 1000 700 1326 1084 815 287 157 840 776 859 568 198 723 1437 899 652 537 1232 369 876 1244 1160 734 670 642 1061 190 0 1275 311 800 609 561 726 95 1255 583
1206 628 1294 1385 188 403 209 1086 895 240 989 1322 1157 1510 383 1279 1195 1262 674 531 807 1316 396 430 1598 1331 1084 1269 1461 1748 394 1465 350 340 902 530 385 907 559 867 900 716 799 321 1135 404 870 171 941 1303 1217 1150 1334 1270 532 811 1321 679 198 1307 1220 1499 138 1412 1799 89 249 644 1164 741 335 1196 1275 0 1042 1208 1571 804 897 1219 488 1151
435 722 799 501 1110 764 1214 332 532 878 867 987 193 625 1351 315 860 927 485 627 331 351 789 662 859 519 331 382 576 984 755 581 843 1030 211 624 748 197 606 284 537 497 323 1285 170 767 507 1093 894 974 446 186 999 935 626 335 357 490 1204 1058 811 696 1011 528 1035 1011 939 513 829 449 828 232 311 1042 0 959 768 328 534 254 1023 742
565 1012 224 562 1276 860 1380 704 915 1082 295 572 812 695 1448 718 444 512 915 898 941 752 885 1080 425 507 702 627 529 575 851 721 1191 1127 929 963 1166 935 926 894 920 809 933 1381 921 1185 890 1259 667 130 576 805 584 519 946 945 757 920 1370 133 222 435 1107 597 626 1177 1036 853 413 761 1177 851 800 1208 959 0 507 938 917 744 1329 243
490 1261 324 328 1639 1223 1743 628 962 1444 676 802 621 461 1811 527 674 741 982 1086 911 561 1248 1228 246 346 627 436 221 250 1214 530 1408 1489 899 1190 1314 888 1065 864 968 928 903 1744 730 1333 938 1622 1051 521 500 614 813 749 1192 916 566 988 1733 605 452 127 1470 363 301 1540 1398 972 643 880 1394 660 609 1571 768 507 0 908 964 553 1588 473
460 483 778 641 872 588 976 339 502 640 847 967 443 766 1151 565 839 906 309 451 48 602 613 424 1000 659 338 522 717 1125 579 721 604 854 143 386 510 148 430 108 508 384 40 1089 421 529 477 855 853 953 470 436 978 914 388 52 607 314 966 1037 790 837 822 668 1175 772 763 337 808 409 590 482 561 804 328 938 908 0 504 504 784 721
599 586 814 778 965 549 1069 479 250 770 698 1003 609 903 1136 731 875 942 359 412 507 767 574 605 1053 724 478 662 854 1180 540 858 786 815 495 538 691 501 391 460 48 254 499 1070 587 710 226 948 650 989 610 602 1014 950 520 511 773 365 1059 1016 826 892 796 805 1231 866 724 298 844 206 771 647 726 897 534 917 964 504 0 670 966 757
220 898 584 286 1286 929 1391 250 668 1055 652 772 108 410 1516 100 645 712 661 792 507 136 954 839 644 304 249 167 361 769 920 365 1019 1195 387 801 924 374 771 460 673 633 499 1450 216 943 643 1269 1027 759 231 101 784 720 802 512 142 667 1381 843 596 481 1176 312 820 1187 1104 678 613 586 1005 147 95 1219 254 744 553 504 670 0 1199 527
1199 608 1415 1381 556 524 660 1079 963 295 1110 1444 1138 1505 835 1260 1316 1383 654 649 787 1296 640 410 1677 1348 1078 1262 1457 1805 515 1461 434 708 882 511 341 888 677 847 969 785 779 773 1115 385 939 539 1063 1425 1210 1131 1456 1391 513 791 1302 659 650 1428 1341 1517 506 1408 1855 457 617 738 1285 810 419 1177 1255 488 1023 1329 1588 784 966 1199 0 1272
348 955 169 424 1219 803 1323 487 755 1024 235 355 595 548 1390 500 227 294 775 841 724 535 828 1021 551 370 485 410 412 689 794 503 1134 1069 712 906 1107 717 858 677 761 721 716 1324 703 1126 730 1202 610 258 359 588 367 302 888 728 540 781 1313 342 95 401 1050 450 740 1119 978 765 196 673 1119 634 583 1151 742 243 473 721 757 527 1272 0
EOF
