NAME : tsp_problem
TYPE : TSP
DIMENSION : 65
EDGE_WEIGHT_TYPE : EXPLICIT
EDGE_WEIGHT_FORMAT : FULL_MATRIX
EDGE_WEIGHT_SECTION
0 1251 1337 1093 347 380 822 921 535 1932 1533 721 1381 573 1749 440 1461 602 1166 849 959 1174 1020 362 1239 1097 1496 496 664 1859 1641 1019 1454 1169 1360 1288 462 860 1277 1684 1447 1009 1065 441 1003 1463 718 687 668 1688 391 1560 793 378 1441 1090 1474 1015 557 1387 591 1375 282 1023 1177
1316 0 693 587 1173 951 551 486 1275 932 676 736 375 1023 968 1376 896 861 273 513 379 176 333 1188 40 590 970 884 819 884 735 828 332 276 716 302 1562 507 707 565 921 503 270 1228 496 898 734 677 1205 568 962 441 613 949 871 295 948 374 1141 817 719 537 1382 336 179
1402 693 0 827 1259 1037 791 726 1302 692 255 904 396 1230 564 1403 236 1197 787 753 750 690 703 1274 681 830 310 1153 846 631 414 561 468 790 55 562 1648 918 182 417 261 743 748 1314 736 238 901 936 1232 542 1048 439 880 1035 347 773 288 614 1227 293 1055 206 1468 707 694
1158 587 827 0 1016 793 334 270 1058 1247 810 546 658 954 1154 1159 1030 791 581 297 543 484 497 1031 575 52 1088 815 603 1197 980 611 731 584 850 565 1405 650 841 961 1039 248 542 1070 242 1032 543 578 989 965 804 837 475 791 1005 567 1066 346 983 951 650 671 1225 500 487
273 1173 1259 1016 0 258 744 844 230 1854 1456 643 1304 495 1672 287 1383 525 1088 771 882 1096 943 51 1162 1019 1418 418 463 1781 1564 941 1376 1092 1283 1211 646 783 1199 1607 1369 932 987 130 925 1385 640 609 363 1610 269 1483 715 256 1364 1012 1396 937 246 1310 513 1297 466 946 1100
445 951 1037 793 258 0 521 621 413 1631 1233 420 1081 272 1449 509 1161 302 866 548 659 874 720 273 939 797 1195 195 363 1558 1341 719 1153 869 1060 988 691 560 977 1384 1146 709 765 313 703 1163 418 387 344 1387 47 1260 492 34 1141 790 1173 714 226 1087 290 1074 511 723 877
886 551 791 334 744 521 0 162 786 1211 774 274 622 682 1118 887 945 519 431 89 331 439 285 759 539 337 980 543 331 1161 944 503 694 435 814 529 1133 430 761 925 931 250 330 798 244 947 271 306 717 928 532 801 203 519 926 355 958 256 711 872 378 634 953 289 443
986 486 726 270 844 621 162 0 886 1146 709 373 557 782 1054 987 881 619 480 124 431 383 385 859 474 273 916 643 431 1096 879 439 630 483 749 464 1232 530 697 860 867 185 430 898 179 883 371 406 817 864 632 736 303 619 861 455 894 245 811 807 478 570 1053 388 386
461 1275 1302 1058 230 413 786 886 0 1897 1498 686 1346 649 1714 136 1426 679 1155 813 1036 1164 1010 245 1263 1062 1461 573 504 1824 1606 984 1419 1159 1325 1253 834 937 1242 1649 1412 974 1054 132 968 1428 683 718 168 1653 424 1525 869 411 1406 1079 1438 981 247 1352 667 1339 654 1013 1167
2002 963 710 1276 1860 1637 1239 1175 1902 0 537 1451 782 1808 239 2003 623 1645 1181 1202 1181 1085 1134 1874 951 1279 697 1669 1447 155 344 1161 738 1185 696 947 2248 1354 860 522 648 1191 1179 1914 1185 625 1448 1461 1832 648 1648 628 1329 1635 1024 1204 675 1062 1827 970 1504 754 2068 1138 1088
1598 676 255 810 1456 1233 774 709 1498 509 0 986 380 1342 416 1599 334 1180 770 736 733 673 687 1471 664 813 408 1204 1043 459 242 778 451 774 241 545 1845 901 405 316 359 726 731 1510 720 336 983 996 1429 442 1244 343 864 1231 570 756 386 597 1423 516 1038 289 1665 690 677
786 736 904 546 643 420 274 373 686 1423 986 0 834 519 1316 786 1028 356 643 301 445 651 497 658 725 549 1062 380 230 1372 1155 586 906 646 927 740 1032 346 843 1136 1013 462 542 698 455 1029 12 94 616 1140 431 1013 278 419 1008 567 1040 468 611 954 215 846 852 500 654
1446 375 396 658 1304 1081 622 557 1346 751 380 834 0 1166 724 1447 600 1004 478 585 477 381 431 1319 364 662 674 1027 891 703 549 789 151 481 419 244 1693 650 410 384 625 574 476 1358 568 602 831 820 1277 387 1092 260 711 1079 575 501 652 445 1271 521 862 240 1513 434 385
637 1023 1230 954 495 272 682 782 649 1779 1342 519 1166 0 1642 745 1354 234 938 709 731 946 792 510 1011 957 1388 351 556 1729 1512 912 1239 941 1253 1073 884 632 1170 1472 1339 870 837 549 863 1356 516 459 581 1475 283 1348 565 271 1334 862 1366 787 462 1280 363 1203 704 796 949
1884 845 592 1157 1741 1519 1121 1057 1784 449 419 1333 664 1690 0 1885 505 1527 1063 1084 1063 966 1016 1756 833 1161 579 1551 1328 376 226 1043 620 1067 578 829 2130 1235 741 404 530 1073 1061 1796 1067 507 1330 1343 1714 530 1530 510 1211 1517 906 1086 557 944 1709 852 1386 636 1950 1020 970
367 1376 1403 1159 287 509 887 987 136 1997 1599 786 1447 745 1815 0 1527 775 1256 914 1132 1264 1111 301 1364 1163 1561 669 604 1924 1707 1085 1520 1260 1426 1354 739 1033 1343 1750 1512 1075 1155 233 1069 1529 784 819 269 1753 520 1626 965 507 1507 1180 1539 1081 348 1453 763 1440 559 1114 1268
1526 896 236 1030 1383 1161 945 881 1426 617 334 1028 600 1354 459 1527 0 1322 990 908 953 894 907 1398 884 1034 221 1277 970 544 327 685 671 994 222 765 1772 1121 386 573 172 946 951 1438 940 36 1025 1060 1356 698 1172 605 1084 1159 550 976 199 817 1351 496 1181 409 1592 910 897
654 861 1197 791 511 289 519 619 666 1617 1180 356 1004 234 1524 762 1322 0 775 546 569 784 630 526 849 795 1357 366 525 1567 1350 880 1076 779 1220 910 900 470 1138 1309 1308 707 674 566 701 1324 354 296 597 1313 300 1185 402 287 1303 699 1335 624 479 1249 200 1040 720 633 787
1231 273 787 581 1088 866 431 480 1155 1151 770 643 478 938 1114 1256 990 775 0 458 249 130 203 1103 261 584 1064 799 700 1103 940 821 550 47 810 385 1477 422 801 783 1015 496 140 1143 490 992 640 591 1086 787 877 659 483 864 965 165 1042 346 1056 911 634 631 1297 206 133
913 513 753 297 771 548 89 124 813 1174 736 301 585 709 1081 914 908 546 458 0 358 410 312 786 501 300 943 570 358 1123 906 466 657 462 776 491 1160 457 724 887 894 212 357 825 206 910 298 333 744 891 559 764 230 546 888 382 921 272 738 835 405 597 980 316 414
1024 379 750 543 882 659 331 431 1036 1150 733 445 477 731 1077 1132 953 569 249 358 0 257 103 897 367 547 1027 593 600 1102 903 773 550 253 773 384 1271 215 763 783 978 459 148 936 453 955 442 385 968 786 670 659 383 657 928 173 1005 246 849 874 427 593 1091 107 261
1239 176 690 484 1096 874 439 383 1164 1054 673 651 381 946 1018 1264 894 784 130 410 257 0 211 1111 164 487 968 807 708 1006 843 725 453 134 713 288 1485 430 704 687 919 400 148 1151 393 895 648 600 1094 690 885 563 491 872 868 173 946 271 1064 815 642 534 1305 214 37
1085 333 703 497 943 720 285 385 1010 1104 687 497 431 792 1031 1111 907 630 203 312 103 211 0 958 321 500 981 654 554 1056 856 727 503 206 727 338 1331 276 717 737 932 413 102 997 406 909 494 446 940 740 731 613 337 718 882 127 959 200 910 828 488 547 1152 60 214
288 1188 1274 1031 51 273 759 859 245 1869 1471 658 1319 510 1687 301 1398 540 1103 786 897 1111 958 0 1176 1034 1433 433 478 1796 1579 956 1391 1107 1297 1226 661 798 1214 1622 1384 947 1002 145 940 1400 655 624 378 1625 284 1498 730 271 1379 1027 1411 952 261 1325 528 1312 481 961 1115
1304 40 681 575 1162 939 539 474 1263 920 664 725 364 1011 956 1364 884 849 261 501 367 164 321 1176 0 578 958 873 808 872 723 816 320 264 704 290 1550 495 695 553 909 491 258 1216 484 886 722 665 1193 556 950 429 601 937 859 283 936 362 1129 805 707 525 1370 324 167
1162 590 830 52 1019 797 337 273 1062 1251 813 549 662 957 1158 1163 1034 795 584 300 547 487 500 1034 578 0 1091 819 606 1200 983 615 734 587 853 568 1408 653 844 964 1042 252 545 1074 245 1035 546 581 992 968 808 841 479 795 1008 570 1069 349 987 955 653 674 1228 504 491
1853 1016 563 1150 1711 1488 1114 1050 1753 686 412 1326 720 1681 358 1854 455 1520 1110 1077 1073 1014 1027 1726 1004 1154 0 1544 1298 613 405 1012 791 1114 549 885 2099 1241 713 641 499 1066 1071 1765 1060 457 1323 1336 1684 767 1499 683 1204 1486 877 1096 82 937 1678 823 1378 629 1920 1030 1017
561 884 1153 815 418 195 543 643 573 1641 1204 380 1027 351 1548 669 1277 366 799 570 593 807 654 433 873 819 1311 0 479 1591 1373 835 1100 803 1176 934 807 494 1093 1333 1262 731 698 472 725 1279 377 320 504 1336 206 1209 426 194 1257 723 1289 648 386 1203 224 1064 627 657 811
701 819 846 603 463 363 331 431 504 1441 1043 230 891 556 1259 604 970 525 700 358 600 708 554 478 808 606 1005 479 0 1368 1151 528 963 703 870 798 975 514 786 1194 956 519 599 518 512 972 227 262 434 1197 374 1070 447 362 951 624 983 525 431 897 383 884 795 557 711
1923 884 631 1196 1780 1558 1160 1096 1823 488 458 1372 703 1729 160 1924 544 1566 1102 1123 1102 1005 1055 1795 872 1200 618 1590 1367 0 265 1082 659 1106 617 868 2169 1274 781 443 569 1112 1100 1835 1106 546 1369 1382 1753 569 1569 549 1250 1556 945 1125 596 983 1748 891 1425 675 1989 1059 1009
1706 735 414 980 1564 1341 944 879 1606 339 242 1155 549 1512 350 1707 327 1350 940 906 903 843 856 1579 723 983 401 1373 1151 266 0 865 510 943 400 715 1953 1071 564 294 352 896 901 1618 889 329 1153 1166 1537 420 1352 400 1033 1339 728 926 379 767 1531 675 1208 459 1773 860 847
1084 828 561 611 941 719 503 439 984 1155 784 586 789 912 973 1085 685 880 821 466 773 725 727 956 816 615 719 835 528 1082 865 0 860 825 584 806 1330 870 501 945 670 527 771 996 521 687 583 618 914 992 730 864 645 717 665 797 697 587 909 611 739 598 1150 730 728
1519 332 468 731 1376 1153 694 630 1419 707 451 906 151 1239 743 1520 671 1076 550 657 550 453 503 1391 320 734 745 1100 963 659 510 860 0 554 491 316 1765 722 482 340 696 646 548 1431 640 673 903 892 1349 343 1164 216 783 1152 646 573 723 518 1344 592 935 312 1585 507 457
1234 276 790 584 1092 869 435 483 1159 1154 774 646 481 941 1118 1260 994 779 47 462 253 134 206 1107 264 587 1068 803 703 1106 943 825 554 0 814 388 1481 425 804 787 1019 500 143 1146 493 996 644 595 1089 790 880 663 486 867 969 168 1046 349 1059 915 637 634 1301 210 137
1419 716 55 850 1277 1054 814 749 1319 678 241 921 419 1247 550 1420 222 1216 810 776 773 713 727 1292 704 853 296 1170 864 617 400 578 491 814 0 585 1665 941 205 425 247 766 771 1331 759 223 918 953 1250 550 1065 447 904 1052 370 796 274 637 1244 316 1074 229 1486 730 717
1353 302 562 565 1211 988 529 464 1253 917 545 740 244 1073 889 1354 765 910 385 491 384 288 338 1226 290 568 840 934 798 869 715 806 316 388 585 0 1599 557 576 549 790 481 382 1265 474 767 738 726 1183 553 999 425 618 986 740 408 817 352 1178 686 769 406 1419 341 291
468 1558 1644 1401 619 687 1129 1229 807 2239 1841 1028 1689 880 2057 713 1769 910 1473 1156 1267 1481 1328 634 1547 1404 1803 803 971 2166 1949 1327 1761 1477 1668 1596 0 1168 1584 1992 1754 1317 1372 713 1310 1770 1025 994 940 1995 698 1868 1100 685 1749 1397 1781 1322 829 1695 898 1682 253 1331 1485
925 507 918 650 783 560 430 530 937 1323 901 346 650 632 1245 1033 1121 470 422 457 215 430 276 798 495 653 1195 494 514 1275 1071 870 722 425 941 557 1172 0 931 956 1146 566 321 837 559 1123 343 286 869 959 571 832 313 558 1096 346 1173 345 750 1042 328 761 992 279 433
1342 707 182 841 1199 977 761 697 1242 842 405 843 410 1170 714 1343 386 1138 801 724 763 704 717 1214 695 844 460 1093 786 781 564 501 482 804 205 576 1588 931 0 567 411 756 762 1254 750 387 841 876 1172 613 988 486 894 975 199 787 438 628 1167 145 997 220 1408 720 707
1749 565 417 961 1607 1384 925 860 1649 491 316 1136 384 1472 528 1750 573 1309 783 887 783 687 737 1622 553 964 647 1333 1194 444 294 939 340 787 425 549 1995 956 567 0 598 877 781 1661 871 574 1134 1125 1580 250 1395 230 1015 1382 731 806 625 748 1574 677 1168 440 1816 740 690
1831 994 541 1128 1688 1466 1092 1027 1731 664 390 1303 698 1659 336 1832 433 1498 1088 1054 1051 991 1005 1703 982 1131 82 1522 1275 590 383 990 769 1092 527 863 2077 1219 691 619 0 1044 1049 1743 1038 435 1301 1314 1661 744 1477 660 1182 1464 855 1074 60 915 1656 801 1356 607 1897 1008 995
1074 503 743 248 932 709 250 185 974 1163 726 462 574 870 1070 1075 946 707 496 212 459 400 413 947 491 252 1004 731 519 1113 896 527 646 500 766 481 1321 566 756 877 955 0 457 986 47 948 459 494 905 880 720 753 391 707 921 482 982 262 899 867 566 586 1141 416 403
1130 270 748 542 987 765 330 430 1054 1149 731 542 476 837 1075 1155 951 674 140 357 148 148 102 1002 258 545 1026 698 599 1101 901 771 548 143 771 382 1376 321 762 781 976 457 0 1042 451 953 539 490 985 785 776 657 382 763 926 64 1003 245 955 872 533 592 1196 105 151
367 1228 1314 1070 130 313 798 898 132 1909 1510 698 1358 549 1726 233 1438 579 1143 825 936 1151 997 145 1216 1074 1473 472 518 1835 1618 996 1431 1146 1337 1265 740 837 1254 1661 1423 986 1042 0 980 1440 695 664 265 1665 324 1537 769 311 1418 1067 1450 991 300 1364 567 1351 560 1000 1154
1068 496 736 242 925 703 244 179 968 1157 720 455 568 863 1064 1069 940 701 490 206 453 393 406 940 484 245 997 725 512 1107 889 521 640 493 759 474 1314 559 750 871 948 47 451 980 0 942 453 487 898 874 714 747 385 701 915 476 975 256 893 861 559 580 1134 410 397
1528 898 238 1032 1385 1163 947 883 1428 619 336 1029 602 1356 461 1529 36 1324 992 910 955 895 909 1400 886 1035 223 1279 972 546 329 687 673 996 223 767 1774 1123 387 574 174 948 953 1440 942 0 1027 1062 1358 700 1174 607 1086 1161 552 978 201 819 1353 498 1183 411 1594 912 899
783 734 901 543 640 418 271 371 683 1420 983 12 831 516 1313 784 1025 354 640 298 442 648 494 655 722 546 1059 377 227 1370 1153 583 903 644 924 738 1029 343 841 1134 1010 459 539 695 453 1027 0 91 613 1137 429 1010 275 416 1005 564 1037 465 608 951 212 843 849 498 652
752 677 936 578 609 387 306 406 718 1433 996 94 820 459 1340 819 1060 296 591 333 385 600 446 624 665 581 1094 320 262 1383 1166 618 892 595 959 726 998 286 876 1125 1045 494 490 664 487 1062 91 0 648 1129 398 1001 218 385 1040 515 1072 440 577 986 155 856 818 449 603
594 1205 1232 989 363 344 717 817 168 1827 1429 616 1277 581 1645 269 1356 611 1086 744 968 1094 940 378 1193 992 1391 504 434 1754 1537 914 1349 1089 1255 1183 967 869 1172 1580 1342 905 985 265 898 1358 613 648 0 1583 355 1456 801 343 1337 1010 1369 911 177 1283 599 1270 787 943 1097
1753 568 542 965 1610 1387 928 864 1653 617 442 1140 387 1475 653 1753 698 1313 787 891 786 690 740 1625 556 968 773 1336 1197 569 420 992 343 790 550 553 1999 959 613 250 723 880 785 1665 874 700 1137 1129 1583 0 1398 234 1018 1386 778 810 750 751 1578 724 1171 443 1819 743 694
456 962 1048 804 269 47 532 632 424 1642 1244 431 1092 283 1460 520 1172 313 877 559 670 885 731 284 950 808 1206 206 374 1569 1352 730 1164 880 1071 999 702 571 988 1395 1157 720 776 324 714 1174 429 398 355 1398 0 1271 503 45 1152 801 1184 725 237 1098 301 1085 522 734 888
1625 441 439 837 1483 1260 801 736 1525 598 343 1013 260 1348 634 1626 605 1185 659 764 659 563 613 1498 429 841 679 1209 1070 550 400 864 216 663 447 425 1872 832 486 230 630 753 657 1537 747 607 1010 1001 1456 234 1271 0 891 1258 650 682 657 624 1450 596 1044 316 1692 616 566
857 613 880 475 715 492 203 303 869 1301 864 278 711 565 1208 965 1084 402 483 230 383 491 337 730 601 479 1121 426 447 1251 1033 645 783 486 904 618 1104 313 894 1015 1072 391 382 769 385 1086 275 218 801 1018 503 891 0 490 1059 407 1099 308 682 1005 261 724 924 340 494
443 949 1035 791 256 34 519 619 411 1630 1231 419 1079 271 1447 507 1159 300 864 546 657 872 718 271 937 795 1194 194 362 1557 1339 717 1152 867 1058 986 689 558 975 1382 1145 707 763 311 701 1161 416 385 343 1386 45 1258 490 0 1139 788 1172 713 224 1085 289 1072 509 721 875
1506 871 347 1005 1364 1141 926 861 1406 1007 570 1008 575 1334 878 1507 550 1303 965 888 928 868 882 1379 859 1008 624 1257 951 946 728 665 646 969 370 740 1753 1096 199 731 575 921 926 1418 915 552 1005 1040 1337 778 1152 650 1059 1139 0 951 602 792 1331 248 1161 384 1573 885 872
1155 295 773 567 1012 790 355 455 1079 1174 756 567 501 862 1101 1180 976 699 165 382 173 173 127 1027 283 570 1051 723 624 1126 926 797 573 168 796 408 1401 346 787 806 1002 482 64 1067 476 978 564 515 1010 810 801 682 407 788 951 0 1029 270 980 897 558 617 1221 130 176
1831 994 541 1128 1689 1466 1092 1027 1731 664 390 1304 698 1659 336 1832 433 1498 1088 1055 1051 992 1005 1703 982 1132 82 1522 1276 591 383 990 769 1092 527 863 2077 1219 691 619 477 1044 1049 1743 1038 435 1301 1314 1661 745 1477 661 1182 1464 855 1074 0 915 1656 801 1356 607 1897 1008 995
1080 374 614 346 937 714 256 245 981 1034 597 468 445 787 941 1081 817 624 346 272 246 271 200 952 362 349 891 648 525 984 767 587 518 349 637 352 1326 345 628 748 842 262 245 991 256 819 465 440 911 751 725 624 308 713 792 270 869 0 905 738 483 458 1146 203 274
483 1141 1227 983 246 226 711 811 247 1822 1423 611 1271 462 1639 348 1351 492 1056 738 849 1064 910 261 1129 987 1386 386 431 1749 1531 909 1344 1059 1250 1178 856 750 1167 1574 1336 899 955 300 893 1353 608 577 177 1578 237 1450 682 224 1331 980 1363 905 0 1277 480 1264 676 913 1067
1452 817 293 951 1310 1087 872 807 1352 953 516 954 521 1280 824 1453 496 1249 911 835 874 815 828 1325 805 955 570 1203 897 892 675 611 592 915 316 686 1699 1042 145 677 521 867 872 1364 861 498 951 986 1283 724 1098 596 1005 1085 248 897 548 738 1277 0 1107 330 1519 831 818
655 719 1055 650 513 290 378 478 667 1475 1038 215 862 363 1383 763 1181 200 634 405 427 642 488 528 707 653 1216 224 383 1425 1208 739 935 637 1078 769 902 328 997 1168 1167 566 533 567 559 1183 212 155 599 1171 301 1044 261 289 1161 558 1193 483 480 1107 0 899 722 492 645
1439 537 206 671 1297 1074 634 570 1339 726 289 846 240 1203 633 1440 409 1040 631 597 593 534 547 1312 525 674 484 1064 884 676 459 598 312 634 229 406 1686 761 220 440 435 586 592 1351 580 411 843 856 1270 443 1085 316 724 1072 384 617 462 458 1264 330 899 0 1506 550 537
288 1379 1465 1221 440 507 949 1049 627 2059 1661 848 1509 700 1877 533 1589 730 1293 976 1087 1302 1148 454 1367 1224 1623 623 791 1986 1769 1147 1581 1297 1488 1416 253 988 1404 1812 1574 1137 1192 534 1131 1590 846 814 760 1815 518 1688 920 505 1569 1218 1601 1142 649 1515 718 1502 0 1151 1305
1088 336 707 500 946 723 289 388 1013 1107 690 500 434 796 1034 1114 910 633 206 316 107 214 60 961 324 504 984 657 557 1059 860 730 507 210 730 341 1335 279 720 740 935 416 105 1000 410 912 498 449 943 743 734 616 340 721 885 130 962 203 913 831 492 550 1155 0 218
1242 179 694 487 1100 877 443 386 1167 1057 677 654 385 949 1021 1268 897 787 133 414 261 37 214 1115 167 491 971 811 711 1010 847 728 457 137 717 291 1489 433 707 690 922 403 151 1154 397 899 652 603 1097 694 888 566 494 875 872 176 949 274 1067 818 645 537 1309 218 0
EOF
